證券代號,證券名稱,外陸資買進股數(不含外資自營商),外陸資賣出股數(不含外資自營商),外陸資買賣超股數(不含外資自營商),外資自營商買進股數,外資自營商賣出股數,外資自營商買賣超股數,投信買進股數,投信賣出股數,投信買賣超股數,自營商買賣超股數,自營商買進股數(自行買賣),自營商賣出股數(自行買賣),自營商買賣超股數(自行買賣),自營商買進股數(避險),自營商賣出股數(避險),自營商買賣超股數(避險),三大法人買賣超股數
00677U,富邦VIX         ,79012000,9655000,69357000,0,0,0,0,0,0,34916000,0,3510000,-3510000,38814000,388000,38426000,104273000
00637L,元大滬深300正2  ,15717000,4042000,11675000,0,0,0,0,0,0,18451000,0,0,0,41839000,23388000,18451000,30126000
00633L,富邦上証正2     ,9221000,1142000,8079000,0,0,0,0,0,0,4101000,0,0,0,7824000,3723000,4101000,12180000
8046,南電            ,5167000,2419000,2748000,0,0,0,5390000,0,5390000,685000,116000,404000,-288000,1859000,886000,973000,8823000
006205,富邦上証        ,5513000,20000,5493000,0,0,0,0,0,0,794000,0,0,0,2945000,2151000,794000,6287000
2474,可成            ,6584825,3034000,3550825,0,0,0,1423000,0,1423000,-81000,139000,122000,17000,186000,284000,-98000,4892825
00639,富邦深100       ,3542000,0,3542000,0,0,0,0,0,0,1282000,0,0,0,2072000,790000,1282000,4824000
00643,群益深証中小    ,5450000,0,5450000,0,0,0,0,0,0,-650000,0,0,0,789000,1439000,-650000,4800000
1909,榮成            ,5107000,950000,4157000,0,0,0,0,0,0,550000,553000,3000,550000,0,0,0,4707000
3189,景碩            ,3141000,599000,2542000,0,0,0,1138000,0,1138000,308000,40000,36000,4000,357000,53000,304000,3988000
3706,神達            ,4724000,1482000,3242000,0,0,0,70000,0,70000,0,509000,310000,199000,450000,649000,-199000,3312000
2327,國巨            ,4522000,1381511,3140489,0,0,0,289000,0,289000,-121000,156000,232000,-76000,170000,215000,-45000,3308489
00739,元大MSCI A股    ,1942000,0,1942000,0,0,0,0,0,0,629000,0,0,0,1304000,675000,629000,2571000
06181P,國巨中信97售02  ,0,0,0,0,0,0,0,0,0,2497000,0,0,0,2668000,171000,2497000,2497000
03657C,T50反1元大99牛01,0,0,0,0,0,0,0,0,0,2425000,0,0,0,2790000,365000,2425000,2425000
2324,仁寶            ,5528000,3119000,2409000,0,0,0,41000,1000,40000,-55000,2000,6000,-4000,2000,53000,-51000,2394000
03650C,T50反1元大98牛05,0,0,0,0,0,0,0,0,0,2310000,0,0,0,2310000,0,2310000,2310000
00636,國泰中國A50     ,808000,0,808000,0,0,0,0,0,0,1390061,0,940000,-940000,3008000,677939,2330061,2198061
00655L,國泰中國A50正2  ,401000,0,401000,0,0,0,0,0,0,1755000,0,0,0,4200000,2445000,1755000,2156000
3450,聯鈞            ,1268000,733000,535000,0,0,0,1639000,310000,1329000,144000,50000,50000,0,316000,172000,144000,2008000
055144,T50反1元大97購03,0,0,0,0,0,0,0,0,0,1784000,0,0,0,2083000,299000,1784000,1784000
00783,富邦中証500     ,802000,0,802000,0,0,0,0,0,0,975000,0,0,0,2236000,1261000,975000,1777000
1904,正隆            ,2183000,444000,1739000,0,0,0,0,0,0,6000,60000,54000,6000,0,0,0,1745000
2353,宏碁            ,3379000,1560000,1819000,0,0,0,6000,0,6000,-81000,13000,6000,7000,50000,138000,-88000,1744000
2890,永豐金          ,7282000,5654504,1627496,0,0,0,106000,0,106000,0,0,0,0,0,0,0,1733496
048045,上銀永豐93購02  ,0,0,0,0,0,0,0,0,0,1691000,0,0,0,1691000,0,1691000,1691000
6153,嘉聯益          ,2024110,655000,1369110,0,0,0,0,0,0,285000,238000,37000,201000,101000,17000,84000,1654110
2408,南亞科          ,3095000,1376000,1719000,0,0,0,4000,0,4000,-101000,84000,113000,-29000,73000,145000,-72000,1622000
054983,國巨元富97購04  ,20000,0,20000,0,0,0,0,0,0,1597000,0,0,0,2479000,882000,1597000,1617000
2371,大同            ,3464000,1992000,1472000,0,0,0,0,0,0,145000,146000,1000,145000,0,0,0,1617000
044614,聯茂兆豐92購02  ,0,0,0,0,0,0,0,0,0,1594000,0,0,0,1594000,0,1594000,1594000
2368,金像電          ,2774000,2394000,380000,0,0,0,1094000,0,1094000,76000,260000,184000,76000,0,0,0,1550000
1314,中石化          ,2307000,745000,1562000,0,0,0,2000,0,2000,-29000,8000,15000,-7000,0,22000,-22000,1535000
2610,華航            ,4699000,3073000,1626000,0,0,0,9000,0,9000,-106000,0,15000,-15000,0,91000,-91000,1529000
2492,華新科          ,3284400,1386000,1898400,0,0,0,198000,912000,-714000,220000,152000,66000,86000,215000,81000,134000,1404400
2027,大成鋼          ,1954000,627000,1327000,0,0,0,0,0,0,37000,16000,0,16000,46000,25000,21000,1364000
06118P,上証2X凱基98售03,0,0,0,0,0,0,0,0,0,1307000,0,0,0,1619000,312000,1307000,1307000
055029,帆宣國泰99購01  ,0,0,0,0,0,0,0,0,0,1261000,0,0,0,1594000,333000,1261000,1261000
044439,南電元大93購01  ,0,0,0,0,0,0,0,0,0,1245000,0,0,0,1292000,47000,1245000,1245000
2809,京城銀          ,1009000,401000,608000,0,0,0,233000,0,233000,401000,431000,30000,401000,0,0,0,1242000
03033P,微星國票03售01  ,0,0,0,0,0,0,0,0,0,1240000,0,0,0,2289000,1049000,1240000,1240000
054998,玉晶光元富97購02,0,0,0,0,0,0,0,0,0,1237000,0,0,0,1784000,547000,1237000,1237000
044269,群創中信95購01  ,0,0,0,0,0,0,0,0,0,1225000,0,0,0,1700000,475000,1225000,1225000
3090,日電貿          ,1401000,136000,1265000,0,0,0,0,0,0,-58000,0,0,0,29000,87000,-58000,1207000
05906P,國巨元富96售05  ,0,0,0,0,0,0,0,0,0,1198000,0,0,0,1198000,0,1198000,1198000
055069,帆宣永豐97購01  ,0,0,0,0,0,0,0,0,0,1182000,0,0,0,1250000,68000,1182000,1182000
006207,FH滬深          ,2174000,0,2174000,0,0,0,0,0,0,-1017000,0,0,0,943000,1960000,-1017000,1157000
044429,元金2X元大94購04,0,0,0,0,0,0,0,0,0,1130000,0,0,0,1152000,22000,1130000,1130000
6251,定穎            ,1762000,603000,1159000,0,0,0,0,0,0,-31000,151000,182000,-31000,0,0,0,1128000
053945,國巨富邦98購02  ,0,0,0,0,0,0,0,0,0,1103000,0,0,0,1459000,356000,1103000,1103000
05347P,滬深2X元富9B售02,0,0,0,0,0,0,0,0,0,1093000,0,0,0,1398000,305000,1093000,1093000
05029P,鴻海元富95售04  ,0,0,0,0,0,0,0,0,0,1078000,0,0,0,1080000,2000,1078000,1078000
5876,上海商銀        ,2607000,1509000,1098000,0,0,0,0,0,0,-45000,0,69000,-69000,44000,20000,24000,1053000
052124,京鼎國票95購01  ,0,0,0,0,0,0,0,0,0,1051000,0,0,0,1061000,10000,1051000,1051000
048483,可成國泰95購01  ,0,0,0,0,0,0,0,0,0,1045000,0,0,0,1291000,246000,1045000,1045000
06459P,亞德客元富98售01,0,0,0,0,0,0,0,0,0,1029000,0,0,0,1040000,11000,1029000,1029000
2456,奇力新          ,2235000,1065000,1170000,0,0,0,74000,300000,-226000,70000,28000,34000,-6000,103000,27000,76000,1014000
045872,元油2X元富98購03,0,0,0,0,0,0,0,0,0,1012000,0,0,0,1707000,695000,1012000,1012000
06644P,亞德客元大98售03,0,0,0,0,0,0,0,0,0,1006000,0,0,0,1119000,113000,1006000,1006000
05400P,台積電永豐95售05,0,0,0,0,0,0,0,0,0,990000,0,0,0,1901000,911000,990000,990000
2104,國際中橡        ,1476000,515000,961000,0,0,0,0,0,0,0,0,16000,-16000,16000,0,16000,961000
053001,力山永豐96購01  ,0,0,0,0,0,0,0,0,0,959000,0,0,0,959000,0,959000,959000
054971,帆宣元大97購02  ,0,0,0,0,0,0,0,0,0,959000,0,0,0,1059000,100000,959000,959000
06460P,亞德客元富98售02,0,0,0,0,0,0,0,0,0,958000,0,0,0,968000,10000,958000,958000
051288,可成統一95購03  ,0,0,0,0,0,0,0,0,0,942000,0,0,0,1044000,102000,942000,942000
051170,南電元大95購03  ,0,0,0,0,0,0,0,0,0,942000,0,0,0,1204000,262000,942000,942000
2308,台達電          ,3198850,2241845,957005,0,0,0,6000,0,6000,-35000,7000,6000,1000,2000,38000,-36000,928005
051133,台積電永豐95購02,0,0,0,0,0,0,0,0,0,927000,0,0,0,5401000,4474000,927000,927000
2014,中鴻            ,1106000,183000,923000,0,0,0,0,0,0,-1000,0,1000,-1000,0,0,0,922000
054965,健策元大98購04  ,0,0,0,0,0,0,0,0,0,905000,0,0,0,935000,30000,905000,905000
6282,康舒            ,1301000,227000,1074000,0,0,0,0,0,0,-173000,0,18000,-18000,0,155000,-155000,901000
06517P,國巨凱基98售09  ,0,0,0,0,0,0,0,0,0,900000,0,0,0,900000,0,900000,900000
052138,易華電凱基97購01,0,0,0,0,0,0,0,0,0,897000,0,0,0,897000,0,897000,897000
052880,台積電凱基96購06,0,0,0,0,0,0,0,0,0,841000,0,0,0,1146000,305000,841000,841000
049817,南電元大94購07  ,0,0,0,0,0,0,0,0,0,838000,0,0,0,1005000,167000,838000,838000
051841,南茂國泰96購01  ,0,0,0,0,0,0,0,0,0,830000,0,0,0,860000,30000,830000,830000
05000P,臺股指永豐95售01,0,0,0,0,0,0,0,0,0,825000,0,0,0,966000,141000,825000,825000
048493,微星元大93購04  ,0,0,0,0,0,0,0,0,0,823000,0,0,0,823000,0,823000,823000
054011,旺宏永豐96購05  ,0,0,0,0,0,0,0,0,0,821000,0,0,0,976000,155000,821000,821000
054865,可成群益97購01  ,0,0,0,0,0,0,0,0,0,821000,0,0,0,927000,106000,821000,821000
052066,華邦電兆豐96購01,0,0,0,0,0,0,0,0,0,812000,0,0,0,908000,96000,812000,812000
04863P,技嘉元大94售02  ,0,0,0,0,0,0,0,0,0,794000,0,0,0,801000,7000,794000,794000
056362,聯發科元大99購01,0,0,0,0,0,0,0,0,0,759000,0,0,0,1537000,778000,759000,759000
04337P,台積電元大93售25,0,0,0,0,0,0,0,0,0,757000,0,0,0,757000,0,757000,757000
056015,華通群益99購01  ,0,0,0,0,0,0,0,0,0,744000,0,0,0,843000,99000,744000,744000
054684,裕隆永豐97購01  ,0,0,0,0,0,0,0,0,0,744000,0,0,0,880000,136000,744000,744000
06245P,健策元富97售03  ,0,0,0,0,0,0,0,0,0,744000,0,0,0,796000,52000,744000,744000
056166,微星台新97購01  ,0,0,0,0,0,0,0,0,0,741000,0,0,0,745000,4000,741000,741000
053169,貿聯群益97購01  ,0,0,0,0,0,0,0,0,0,731000,0,0,0,751000,20000,731000,731000
03689P,TPK元富93售01   ,0,0,0,0,0,0,0,0,0,724000,0,0,0,724000,0,724000,724000
2481,強茂            ,885000,145000,740000,0,0,0,0,0,0,-17000,0,0,0,12000,29000,-17000,723000
4927,泰鼎-KY         ,1534000,578000,956000,0,0,0,0,60000,-60000,-180000,58000,27000,31000,107000,318000,-211000,716000
057643,聯發科元大99購03,0,0,0,0,0,0,0,0,0,714000,0,0,0,933000,219000,714000,714000
050901,樺漢元大95購02  ,0,0,0,0,0,0,0,0,0,713000,0,0,0,810000,97000,713000,713000
051136,可成永豐95購02  ,0,0,0,0,0,0,0,0,0,708000,0,0,0,721000,13000,708000,708000
2316,楠梓電          ,1130000,822000,308000,0,0,0,0,0,0,399000,0,1000,-1000,421000,21000,400000,707000
2375,凱美            ,822000,383000,439000,0,0,0,0,0,0,267000,0,0,0,288000,21000,267000,706000
055844,大毅元大98購01  ,0,0,0,0,0,0,0,0,0,705000,0,0,0,1171000,466000,705000,705000
2535,達欣工          ,957000,170000,787000,0,0,0,0,0,0,-85000,0,85000,-85000,0,0,0,702000
051018,可成凱基95購03  ,0,0,0,0,0,0,0,0,0,699000,0,0,0,699000,0,699000,699000
05515P,台積電群益96售03,0,0,0,0,0,0,0,0,0,697000,0,0,0,1380000,683000,697000,697000
050725,光磊國票96購01  ,0,0,0,0,0,0,0,0,0,696000,0,0,0,696000,0,696000,696000
054838,京鼎第一97購01  ,0,0,0,0,0,0,0,0,0,689000,0,0,0,689000,0,689000,689000
2201,裕隆            ,1584000,929000,655000,0,0,0,300000,0,300000,-272000,0,1000,-1000,19000,290000,-271000,683000
055001,京鼎元富97購01  ,0,0,0,0,0,0,0,0,0,679000,0,0,0,765000,86000,679000,679000
054576,健策元大98購03  ,0,0,0,0,0,0,0,0,0,671000,0,0,0,685000,14000,671000,671000
006206,元大上證50      ,82000,0,82000,0,0,0,0,0,0,584000,0,20000,-20000,921000,317000,604000,666000
051201,台積電麥證95購02,0,0,0,710000,45000,665000,0,0,0,665000,0,0,0,710000,45000,665000,665000
06440P,台積電凱基98售07,0,0,0,0,0,0,0,0,0,665000,0,0,0,925000,260000,665000,665000
049539,元油2X群益9A購01,0,0,0,0,0,0,0,0,0,658000,0,0,0,859000,201000,658000,658000
051858,上銀凱基95購01  ,5000,0,5000,0,0,0,0,0,0,642000,0,0,0,1229000,587000,642000,647000
054564,玉晶光群益99購01,0,0,0,0,0,0,0,0,0,646000,0,0,0,875000,229000,646000,646000
053244,光磊國票97購01  ,0,0,0,0,0,0,0,0,0,646000,0,0,0,646000,0,646000,646000
055202,神達群益97購01  ,0,5000,-5000,0,0,0,0,0,0,650000,0,0,0,781000,131000,650000,645000
05638P,國巨統一96售04  ,0,0,0,0,0,0,0,0,0,644000,0,0,0,1560000,916000,644000,644000
049271,百和元大94購01  ,0,0,0,0,0,0,0,0,0,644000,0,0,0,649000,5000,644000,644000
055754,和大兆豐97購01  ,0,0,0,0,0,0,0,0,0,641000,0,0,0,750000,109000,641000,641000
049728,正崴中信94購01  ,0,0,0,0,0,0,0,0,0,640000,0,0,0,659000,19000,640000,640000
054927,帆宣凱基97購01  ,0,0,0,0,0,0,0,0,0,639000,0,0,0,779000,140000,639000,639000
056439,華邦電凱基98購02,0,0,0,0,0,0,0,0,0,638000,0,0,0,697000,59000,638000,638000
00669R,國泰美國道瓊反1 ,0,0,0,0,0,0,0,0,0,628000,0,0,0,1653000,1025000,628000,628000
048991,昇陽半元大94購01,0,0,0,0,0,0,0,0,0,627000,0,0,0,717000,90000,627000,627000
050726,可成國票96購01  ,0,0,0,0,0,0,0,0,0,626000,0,0,0,737000,111000,626000,626000
05542P,滬深2X元富96售01,0,0,0,0,0,0,0,0,0,622000,0,0,0,804000,182000,622000,622000
054970,帆宣元大97購01  ,0,0,0,0,0,0,0,0,0,621000,0,0,0,674000,53000,621000,621000
054928,帆宣凱基98購01  ,0,0,0,0,0,0,0,0,0,619000,0,0,0,643000,24000,619000,619000
046486,樺漢國泰94購01  ,0,0,0,0,0,0,0,0,0,614000,0,0,0,685000,71000,614000,614000
04787P,台積電永昌96售04,0,0,0,0,0,0,0,0,0,614000,0,0,0,818000,204000,614000,614000
6271,同欣電          ,108300,155000,-46700,0,0,0,586000,80000,506000,150000,399000,157000,242000,2000,94000,-92000,609300
057249,華邦電統一9A購01,0,0,0,0,0,0,0,0,0,607000,0,0,0,682000,75000,607000,607000
056516,晶豪科兆豐98購01,0,0,0,0,0,0,0,0,0,601000,0,0,0,614000,13000,601000,601000
051559,宏達電國泰96購01,15000,0,15000,0,0,0,0,0,0,585000,0,0,0,645000,60000,585000,600000
054726,台積電日盛97購01,0,0,0,0,0,0,0,0,0,596000,0,0,0,1750000,1154000,596000,596000
05115P,T50反1群益95售02,0,0,0,0,0,0,0,0,0,589000,0,0,0,589000,0,589000,589000
054873,帆宣群益99購01  ,0,0,0,0,0,0,0,0,0,587000,0,0,0,709000,122000,587000,587000
1707,葡萄王          ,420400,134000,286400,0,0,0,283000,0,283000,15000,19000,4000,15000,0,0,0,584400
052852,國巨元富96購02  ,65000,0,65000,0,0,0,0,0,0,514000,0,0,0,2220000,1706000,514000,579000
050363,臺指反元大98購04,0,0,0,0,0,0,0,0,0,573000,0,0,0,633000,60000,573000,573000
055030,帆宣國泰99購02  ,0,0,0,0,0,0,0,0,0,573000,0,0,0,923000,350000,573000,573000
045618,元油2X永豐98購01,0,0,0,0,0,0,0,0,0,567000,0,0,0,617000,50000,567000,567000
052476,台光電群益98購01,0,0,0,0,0,0,0,0,0,566000,0,0,0,635000,69000,566000,566000
056498,A50正2富邦9B購01,0,0,0,0,0,0,0,0,0,565000,0,0,0,1042000,477000,565000,565000
056710,漢唐永豐98購01  ,0,0,0,0,0,0,0,0,0,565000,0,0,0,630000,65000,565000,565000
050685,緯穎元富94購02  ,0,0,0,0,0,0,0,0,0,564000,0,0,0,611000,47000,564000,564000
045824,嘉聯益凱基93購02,0,0,0,0,0,0,0,0,0,560000,0,0,0,560000,0,560000,560000
04831P,聯詠富邦96售01  ,0,0,0,0,0,0,0,0,0,560000,0,0,0,613000,53000,560000,560000
053884,緯穎第一96購01  ,0,0,0,0,0,0,0,0,0,560000,0,0,0,571000,11000,560000,560000
047421,聯茂富邦97購01  ,0,0,0,0,0,0,0,0,0,556000,0,0,0,563000,7000,556000,556000
055411,國巨富邦9A購02  ,0,0,0,0,0,0,0,0,0,556000,0,0,0,1236000,680000,556000,556000
055875,光罩元富97購02  ,0,0,0,0,0,0,0,0,0,554000,0,0,0,574000,20000,554000,554000
0061,元大寶滬深      ,530000,0,530000,0,0,0,0,0,0,23000,90000,0,90000,124000,191000,-67000,553000
05340P,臺股指國票95售08,0,0,0,0,0,0,0,0,0,552000,0,0,0,584000,32000,552000,552000
04749P,臺股指元大94售25,0,0,0,0,0,0,0,0,0,547000,0,0,0,1006000,459000,547000,547000
05499P,聯詠元富95售02  ,0,0,0,0,0,0,0,0,0,547000,0,0,0,563000,16000,547000,547000
05089P,亞德客元大95售01,0,0,0,0,0,0,0,0,0,546000,0,0,0,566000,20000,546000,546000
053620,臺股指群益96購06,0,0,0,0,0,0,0,0,0,546000,0,0,0,645000,99000,546000,546000
055503,健策元大98購05  ,0,0,0,0,0,0,0,0,0,543000,0,0,0,818000,275000,543000,543000
049020,可成群益94購02  ,0,0,0,0,0,0,0,0,0,539000,0,0,0,611000,72000,539000,539000
052900,大成鋼國票97購01,0,0,0,0,0,0,0,0,0,539000,0,0,0,539000,0,539000,539000
054380,世芯群益97購02  ,0,0,0,0,0,0,0,0,0,537000,0,0,0,632000,95000,537000,537000
051700,深中小群益99購04,0,0,0,0,0,0,0,0,0,536000,0,0,0,598000,62000,536000,536000
04935P,鴻海中信96售01  ,0,0,0,0,0,0,0,0,0,536000,0,0,0,549000,13000,536000,536000
06235P,國巨元大97售12  ,0,0,0,0,0,0,0,0,0,532000,0,0,0,673000,141000,532000,532000
049888,智邦國泰96購01  ,0,0,0,0,0,0,0,0,0,531000,0,0,0,590000,59000,531000,531000
06046P,健策統一96售03  ,0,0,0,0,0,0,0,0,0,531000,0,0,0,573000,42000,531000,531000
9958,世紀鋼          ,693000,171000,522000,0,0,0,0,0,0,9000,4000,1000,3000,51000,45000,6000,531000
049922,禾伸堂元大95購01,0,0,0,0,0,0,0,0,0,529000,0,0,0,670000,141000,529000,529000
054152,漢唐國泰98購02  ,0,0,0,0,0,0,0,0,0,528000,0,0,0,852000,324000,528000,528000
05807P,泰鼎永豐96售03  ,0,0,0,0,0,0,0,0,0,525000,0,0,0,558000,33000,525000,525000
057726,華通國泰9A購01  ,0,0,0,0,0,0,0,0,0,520000,0,0,0,571000,51000,520000,520000
041991,元油2X國票98購01,0,0,0,0,0,0,0,0,0,520000,0,0,0,620000,100000,520000,520000
046675,GIS元大93購06   ,0,0,0,0,0,0,0,0,0,520000,0,0,0,520000,0,520000,520000
049766,滬深2X元富94購02,0,0,0,0,0,0,0,0,0,520000,0,0,0,656000,136000,520000,520000
049005,可成中信95購01  ,0,0,0,0,0,0,0,0,0,519000,0,0,0,649000,130000,519000,519000
056505,聯發科永豐98購01,0,0,0,0,0,0,0,0,0,518000,0,0,0,1098000,580000,518000,518000
049112,可成統一94購01  ,0,0,0,0,0,0,0,0,0,515000,0,0,0,539000,24000,515000,515000
052914,奇力新元富96購01,0,0,0,0,0,0,0,0,0,515000,0,0,0,717000,202000,515000,515000
056700,華新科國泰99購03,0,0,0,0,0,0,0,0,0,512000,0,0,0,613000,101000,512000,512000
04742P,瑞昱統一94售01  ,0,0,0,0,0,0,0,0,0,510000,0,0,0,510000,0,510000,510000
05270P,台表科元大95售05,0,0,0,0,0,0,0,0,0,509000,0,0,0,509000,0,509000,509000
0056,元大高股息      ,3000,5000,-2000,0,0,0,0,0,0,509000,300000,0,300000,669000,460000,209000,507000
053561,玉晶光國泰98購01,0,0,0,0,0,0,0,0,0,507000,0,0,0,954000,447000,507000,507000
051584,可成元大95購08  ,0,0,0,0,0,0,0,0,0,506000,0,0,0,630000,124000,506000,506000
06382P,大毅元富97售02  ,0,0,0,0,0,0,0,0,0,505000,0,0,0,536000,31000,505000,505000
051609,貿聯群益95購03  ,0,0,0,0,0,0,0,0,0,503000,0,0,0,503000,0,503000,503000
052020,聯茂永豐95購02  ,0,0,0,0,0,0,0,0,0,500000,0,0,0,601000,101000,500000,500000
055224,鴻海國票99購02  ,0,0,0,0,0,0,0,0,0,500000,0,0,0,500000,0,500000,500000
046431,中環第一92購01  ,0,0,0,0,0,0,0,0,0,499000,0,0,0,499000,0,499000,499000
052304,可成永豐95購03  ,0,0,0,0,0,0,0,0,0,499000,0,0,0,499000,0,499000,499000
052726,鴻海元富96購03  ,0,0,0,0,0,0,0,0,0,499000,0,0,0,499000,0,499000,499000
055140,晶相光永豐97購01,0,0,0,0,0,0,0,0,0,499000,0,0,0,538000,39000,499000,499000
05867P,友達兆豐97售02  ,0,0,0,0,0,0,0,0,0,497000,0,0,0,558000,61000,497000,497000
049472,楠梓電永豐95購01,0,0,0,0,0,0,0,0,0,496000,0,0,0,500000,4000,496000,496000
056165,矽力凱基98購02  ,0,0,0,0,0,0,0,0,0,494000,0,0,0,707000,213000,494000,494000
055018,緯穎元富97購02  ,0,0,0,0,0,0,0,0,0,493000,0,0,0,554000,61000,493000,493000
056175,可成元富97購03  ,0,0,0,0,0,0,0,0,0,491000,0,0,0,606000,115000,491000,491000
051618,智邦凱基95購06  ,0,0,0,0,0,0,0,0,0,491000,0,0,0,724000,233000,491000,491000
053577,上証2X元大96購02,0,0,0,0,0,0,0,0,0,490000,0,0,0,495000,5000,490000,490000
054411,光磊元大97購02  ,0,0,0,0,0,0,0,0,0,489000,0,0,0,507000,18000,489000,489000
053602,台虹元大96購01  ,0,0,0,0,0,0,0,0,0,487000,0,0,0,699000,212000,487000,487000
056782,鴻海群益98購04  ,0,0,0,0,0,0,0,0,0,486000,0,0,0,614000,128000,486000,486000
052314,鴻海元大96購11  ,0,0,0,0,0,0,0,0,0,486000,0,0,0,823000,337000,486000,486000
1907,永豐餘          ,744000,257000,487000,0,0,0,0,0,0,-1000,0,1000,-1000,0,0,0,486000
053308,智易凱基96購02  ,0,0,0,0,0,0,0,0,0,484000,0,0,0,484000,0,484000,484000
054036,T50反1元大96購08,0,0,0,0,0,0,0,0,0,484000,0,0,0,945000,461000,484000,484000
052297,旭富國票96購01  ,0,0,0,0,0,0,0,0,0,483000,0,0,0,536000,53000,483000,483000
057213,華邦電群益98購01,0,0,0,0,0,0,0,0,0,480000,0,0,0,648000,168000,480000,480000
04358P,TPK永豐94售01   ,0,0,0,0,0,0,0,0,0,480000,0,0,0,480000,0,480000,480000
00635U,元大S&P黃金     ,43000,0,43000,0,0,0,0,0,0,437000,607000,0,607000,470000,640000,-170000,480000
044353,宏達電元大93購04,0,0,0,0,0,0,0,0,0,479000,0,0,0,499000,20000,479000,479000
05237P,為升永豐95售01  ,0,0,0,0,0,0,0,0,0,477000,0,0,0,490000,13000,477000,477000
051620,可成凱基95購10  ,0,0,0,0,0,0,0,0,0,477000,0,0,0,499000,22000,477000,477000
056089,同欣電統一98購01,0,0,0,0,0,0,0,0,0,476000,0,0,0,476000,0,476000,476000
054708,華通統一97購02  ,0,0,0,0,0,0,0,0,0,473000,0,0,0,533000,60000,473000,473000
055301,台虹元大97購01  ,0,0,0,0,0,0,0,0,0,469000,0,0,0,664000,195000,469000,469000
051706,國泰金群益95購01,0,0,0,0,0,0,0,0,0,467000,0,0,0,478000,11000,467000,467000
03840P,台積電統一99售02,0,0,0,0,0,0,0,0,0,464000,0,0,0,609000,145000,464000,464000
05684P,臺股指元大96售09,0,0,0,0,0,0,0,0,0,461000,0,0,0,533000,72000,461000,461000
1722,台肥            ,528000,96000,432000,0,0,0,1000,0,1000,22000,0,0,0,22000,0,22000,455000
052747,京鼎元大97購01  ,0,0,0,0,0,0,0,0,0,454000,0,0,0,679000,225000,454000,454000
055039,神達富邦99購01  ,0,0,0,0,0,0,0,0,0,451000,0,0,0,998000,547000,451000,451000
054318,台虹凱基98購01  ,0,0,0,0,0,0,0,0,0,451000,0,0,0,491000,40000,451000,451000
057563,旭富國泰9A購01  ,0,0,0,0,0,0,0,0,0,450000,0,0,0,727000,277000,450000,450000
052177,京鼎元大95購02  ,0,0,0,0,0,0,0,0,0,449000,0,0,0,666000,217000,449000,449000
049042,玉晶光兆豐95購01,0,0,0,0,0,0,0,0,0,449000,0,0,0,490000,41000,449000,449000
051667,光磊元大96購02  ,0,0,0,0,0,0,0,0,0,448000,0,0,0,509000,61000,448000,448000
051591,玉晶光元大97購01,0,0,0,0,0,0,0,0,0,448000,0,0,0,714000,266000,448000,448000
055261,帆宣統一98購01  ,0,0,0,0,0,0,0,0,0,446000,0,0,0,500000,54000,446000,446000
045572,元油2X元大98購01,0,0,0,0,0,0,0,0,0,445000,0,0,0,455000,10000,445000,445000
052053,泰鼎凱基96購01  ,0,0,0,0,0,0,0,0,0,443000,0,0,0,490000,47000,443000,443000
056146,台虹元大98購01  ,0,0,0,0,0,0,0,0,0,438000,0,0,0,538000,100000,438000,438000
051040,漢唐永豐95購01  ,0,0,0,0,0,0,0,0,0,438000,0,0,0,438000,0,438000,438000
052861,台光電凱基96購03,0,0,0,0,0,0,0,0,0,438000,0,0,0,562000,124000,438000,438000
049437,可成國泰96購01  ,0,0,0,0,0,0,0,0,0,434000,0,0,0,592000,158000,434000,434000
05440P,緯穎國票96售02  ,0,0,0,0,0,0,0,0,0,434000,0,0,0,504000,70000,434000,434000
054891,聯鈞統一99購02  ,0,0,0,0,0,0,0,0,0,432000,0,0,0,440000,8000,432000,432000
055127,台虹兆豐97購01  ,0,0,0,0,0,0,0,0,0,430000,0,0,0,494000,64000,430000,430000
05759P,智邦永豐96售02  ,0,0,0,0,0,0,0,0,0,429000,0,0,0,759000,330000,429000,429000
050456,聯茂元大94購09  ,0,0,0,0,0,0,0,0,0,429000,0,0,0,439000,10000,429000,429000
6239,力成            ,1827000,1377000,450000,0,0,0,0,0,0,-21000,1000,36000,-35000,29000,15000,14000,429000
055747,康舒元富97購01  ,0,0,0,0,0,0,0,0,0,427000,0,0,0,427000,0,427000,427000
3515,華擎            ,956000,394000,562000,0,0,0,0,100000,-100000,-35000,4000,1000,3000,18000,56000,-38000,427000
053791,同欣電元大96購05,0,0,0,0,0,0,0,0,0,425000,0,0,0,575000,150000,425000,425000
045255,華邦電凱基93購03,0,0,0,0,0,0,0,0,0,424000,0,0,0,424000,0,424000,424000
055421,玉晶光永豐98購04,0,0,0,0,0,0,0,0,0,424000,0,0,0,578000,154000,424000,424000
048895,光罩國泰95購01  ,0,0,0,0,0,0,0,0,0,421000,0,0,0,517000,96000,421000,421000
1718,中纖            ,566000,145000,421000,0,0,0,0,0,0,0,0,0,0,0,0,0,421000
056381,台虹元富98購01  ,0,0,0,0,0,0,0,0,0,420000,0,0,0,490000,70000,420000,420000
055312,台虹群益99購01  ,0,0,0,0,0,0,0,0,0,420000,0,0,0,470000,50000,420000,420000
052319,可成元大95購12  ,0,0,0,0,0,0,0,0,0,417000,0,0,0,839000,422000,417000,417000
08613P,同欣電凱基9C售04,0,0,0,0,0,0,0,0,0,415000,0,0,0,415000,0,415000,415000
050714,深中小群益98購01,0,0,0,0,0,0,0,0,0,414000,0,0,0,1222000,808000,414000,414000
054032,上銀中信96購01  ,0,0,0,0,0,0,0,0,0,413000,0,0,0,424000,11000,413000,413000
049073,光罩凱基94購01  ,0,0,0,0,0,0,0,0,0,412000,0,0,0,412000,0,412000,412000
047624,台達電國票93購01,0,0,0,0,0,0,0,0,0,412000,0,0,0,412000,0,412000,412000
049203,智邦群益94購01  ,0,0,0,0,0,0,0,0,0,412000,0,0,0,412000,0,412000,412000
4934,太極            ,655000,243000,412000,0,0,0,0,0,0,0,0,0,0,0,0,0,412000
055289,泰碩元大98購01  ,0,0,0,0,0,0,0,0,0,410000,0,0,0,410000,0,410000,410000
055303,鈺齊元大97購01  ,0,0,0,0,0,0,0,0,0,409000,0,0,0,419000,10000,409000,409000
054293,健策元大98購02  ,0,0,0,0,0,0,0,0,0,409000,0,0,0,553000,144000,409000,409000
053562,玉晶光國泰98購02,0,0,0,0,0,0,0,0,0,408000,0,0,0,878000,470000,408000,408000
048810,玉晶光第一94購01,0,0,0,0,0,0,0,0,0,407000,0,0,0,673000,266000,407000,407000
054833,京鼎中信97購01  ,0,0,0,0,0,0,0,0,0,407000,0,0,0,482000,75000,407000,407000
04035P,全新群益93售03  ,0,0,0,0,0,0,0,0,0,406000,0,0,0,406000,0,406000,406000
051834,南電元大96購02  ,0,0,0,0,0,0,0,0,0,402000,0,0,0,686000,284000,402000,402000
056187,京鼎統一97購01  ,0,0,0,0,0,0,0,0,0,401000,0,0,0,509000,108000,401000,401000
048234,美利達凱基93購03,0,0,0,0,0,0,0,0,0,400000,0,0,0,400000,0,400000,400000
047165,東陽康和93購01  ,0,0,0,0,0,0,0,0,0,400000,0,0,0,400000,0,400000,400000
048941,牧德永豐94購02  ,0,0,0,0,0,0,0,0,0,400000,0,0,0,400000,0,400000,400000
050902,南電元大96購01  ,0,0,0,0,0,0,0,0,0,400000,0,0,0,711000,311000,400000,400000
054811,裕隆元大9A購01  ,0,0,0,0,0,0,0,0,0,400000,0,0,0,519000,119000,400000,400000
054874,帆宣群益99購02  ,0,0,0,0,0,0,0,0,0,400000,0,0,0,466000,66000,400000,400000
06529P,貿聯富邦99售03  ,0,0,0,0,0,0,0,0,0,400000,0,0,0,400000,0,400000,400000
047824,臺股指凱基93購18,0,0,0,0,0,0,0,0,0,398000,0,0,0,409000,11000,398000,398000
05885P,牧德統一96售01  ,0,0,0,0,0,0,0,0,0,395000,0,0,0,445000,50000,395000,395000
050993,聯發科元大95購05,0,0,0,0,0,0,0,0,0,395000,0,0,0,400000,5000,395000,395000
06163P,聯詠群益97售01  ,0,0,0,0,0,0,0,0,0,394000,0,0,0,514000,120000,394000,394000
056051,T50反1元大97購05,0,0,0,0,0,0,0,0,0,391000,0,0,0,2057000,1666000,391000,391000
052110,可成元富95購02  ,0,0,0,0,0,0,0,0,0,390000,0,0,0,410000,20000,390000,390000
05901P,臺股指凱基9C售01,0,0,0,0,0,0,0,0,0,388000,0,0,0,657000,269000,388000,388000
047882,超眾國泰94購01  ,0,0,0,0,0,0,0,0,0,388000,0,0,0,440000,52000,388000,388000
049191,元油2X永豐95購01,0,0,0,0,0,0,0,0,0,387000,0,0,0,405000,18000,387000,387000
053483,嘉澤第一96購01  ,0,0,0,0,0,0,0,0,0,386000,0,0,0,391000,5000,386000,386000
056656,華邦電元大98購02,0,0,0,0,0,0,0,0,0,383000,0,0,0,460000,77000,383000,383000
1802,台玻            ,528000,145000,383000,0,0,0,0,0,0,-1000,0,1000,-1000,0,0,0,382000
053767,臻鼎富邦97購02  ,0,0,0,0,0,0,0,0,0,381000,0,0,0,381000,0,381000,381000
055093,京鼎群益98購01  ,0,0,0,0,0,0,0,0,0,381000,0,0,0,439000,58000,381000,381000
050743,京鼎永豐94購02  ,0,0,0,0,0,0,0,0,0,380000,0,0,0,382000,2000,380000,380000
04750P,臺股指元大94售26,0,0,0,0,0,0,0,0,0,379000,0,0,0,381000,2000,379000,379000
050899,旭富元大95購01  ,0,0,0,0,0,0,0,0,0,379000,0,0,0,613000,234000,379000,379000
056463,台虹凱基98購02  ,0,0,0,0,0,0,0,0,0,378000,0,0,0,433000,55000,378000,378000
056371,樺漢元大98購03  ,0,0,0,0,0,0,0,0,0,376000,0,0,0,480000,104000,376000,376000
055590,聯發科元大98購02,0,0,0,0,0,0,0,0,0,376000,0,0,0,763000,387000,376000,376000
056047,台積電兆豐97購02,0,0,0,0,0,0,0,0,0,375000,0,0,0,495000,120000,375000,375000
057119,微星康和98購01  ,0,0,0,0,0,0,0,0,0,375000,0,0,0,375000,0,375000,375000
055570,華通統一98購03  ,0,0,0,0,0,0,0,0,0,374000,0,0,0,397000,23000,374000,374000
052634,華邦電凱基96購01,0,0,0,0,0,0,0,0,0,372000,0,0,0,372000,0,372000,372000
054443,樺漢台新96購02  ,0,0,0,0,0,0,0,0,0,372000,0,0,0,372000,0,372000,372000
049602,南電元大95購01  ,0,0,0,0,0,0,0,0,0,371000,0,0,0,994000,623000,371000,371000
054497,國巨永豐96購05  ,0,0,0,0,0,0,0,0,0,371000,0,0,0,554000,183000,371000,371000
04607P,A50中信94售01   ,0,0,0,0,0,0,0,0,0,370000,0,0,0,430000,60000,370000,370000
00673R,元大S&P原油反1  ,1000,377000,-376000,0,0,0,0,0,0,746000,0,0,0,1155000,409000,746000,370000
056057,華邦電元大97購05,0,0,0,0,0,0,0,0,0,369000,0,0,0,489000,120000,369000,369000
055488,華邦電元大98購01,0,0,0,0,0,0,0,0,0,368000,0,0,0,484000,116000,368000,368000
054080,微星中信98購01  ,0,0,0,0,0,0,0,0,0,368000,0,0,0,368000,0,368000,368000
06229P,欣興凱基97售07  ,0,0,0,0,0,0,0,0,0,368000,0,0,0,424000,56000,368000,368000
054038,T50反1元大98購04,0,0,0,0,0,0,0,0,0,367000,0,0,0,857000,490000,367000,367000
045235,致茂中信93購01  ,0,0,0,0,0,0,0,0,0,366000,0,0,0,366000,0,366000,366000
047571,滬深2X群益99購01,0,0,0,0,0,0,0,0,0,365000,0,0,0,445000,80000,365000,365000
049049,玉晶光康和94購02,0,0,0,0,0,0,0,0,0,365000,0,0,0,419000,54000,365000,365000
053615,光罩群益96購01  ,0,0,0,0,0,0,0,0,0,365000,0,0,0,375000,10000,365000,365000
051166,可成元大95購02  ,0,0,0,0,0,0,0,0,0,363000,0,0,0,713000,350000,363000,363000
054622,漢唐第一97購01  ,0,0,0,0,0,0,0,0,0,363000,0,0,0,413000,50000,363000,363000
044457,滬深2X國票97購01,0,0,0,0,0,0,0,0,0,362000,0,0,0,440000,78000,362000,362000
052838,新唐國泰98購01  ,0,0,0,0,0,0,0,0,0,362000,0,0,0,489000,127000,362000,362000
3035,智原            ,956200,569000,387200,0,0,0,0,0,0,-26000,2000,2000,0,0,26000,-26000,361200
057326,景碩群益99購02  ,0,0,0,0,0,0,0,0,0,360000,0,0,0,592000,232000,360000,360000
049287,可成兆豐95購01  ,0,0,0,0,0,0,0,0,0,360000,0,0,0,392000,32000,360000,360000
055266,京鼎永豐97購01  ,0,0,0,0,0,0,0,0,0,359000,0,0,0,359000,0,359000,359000
055282,聯發科元大97購15,0,0,0,0,0,0,0,0,0,356000,0,0,0,488000,132000,356000,356000
054330,世芯永豐96購02  ,0,0,0,0,0,0,0,0,0,355000,0,0,0,355000,0,355000,355000
049240,華通元富94購01  ,0,0,0,0,0,0,0,0,0,354000,0,0,0,408000,54000,354000,354000
057543,華通凱基99購02  ,0,0,0,0,0,0,0,0,0,353000,0,0,0,385000,32000,353000,353000
055799,致茂永豐97購02  ,0,0,0,0,0,0,0,0,0,353000,0,0,0,451000,98000,353000,353000
04913P,聯詠元富94售02  ,0,0,0,0,0,0,0,0,0,353000,0,0,0,364000,11000,353000,353000
054483,聯電台新96購01  ,0,0,0,0,0,0,0,0,0,353000,0,0,0,401000,48000,353000,353000
044602,大立光國泰93購01,0,0,0,0,0,0,0,0,0,352000,0,0,0,502000,150000,352000,352000
044964,旺宏中信94購01  ,0,0,0,0,0,0,0,0,0,351000,0,0,0,462000,111000,351000,351000
054583,玉晶光統一97購02,0,0,0,0,0,0,0,0,0,351000,0,0,0,353000,2000,351000,351000
05831P,臺股指元富96售03,0,0,0,0,0,0,0,0,0,349000,0,0,0,349000,0,349000,349000
050172,臺指反元大98購02,0,0,0,0,0,0,0,0,0,349000,0,0,0,475000,126000,349000,349000
053041,可成凱基96購02  ,0,0,0,0,0,0,0,0,0,349000,0,0,0,476000,127000,349000,349000
053135,信邦國票96購01  ,0,0,0,0,0,0,0,0,0,348000,0,0,0,387000,39000,348000,348000
052655,群創統一97購01  ,0,0,0,0,0,0,0,0,0,348000,0,0,0,368000,20000,348000,348000
055017,緯穎元富97購01  ,0,0,0,0,0,0,0,0,0,348000,0,0,0,421000,73000,348000,348000
05832P,臺股指元富96售04,0,0,0,0,0,0,0,0,0,347000,0,0,0,347000,0,347000,347000
052121,全新國票96購03  ,0,0,0,0,0,0,0,0,0,346000,0,0,0,356000,10000,346000,346000
049325,智邦元富94購02  ,0,0,0,0,0,0,0,0,0,346000,0,0,0,575000,229000,346000,346000
051173,元油2X凱基98購01,0,0,0,0,0,0,0,0,0,346000,0,0,0,346000,0,346000,346000
055153,台光電元大98購02,0,0,0,0,0,0,0,0,0,345000,0,0,0,358000,13000,345000,345000
053601,台表科元大98購01,0,0,0,0,0,0,0,0,0,345000,0,0,0,412000,67000,345000,345000
051451,世芯元大95購03  ,0,0,0,0,0,0,0,0,0,344000,0,0,0,365000,21000,344000,344000
06234P,亞德客元大97售02,0,0,0,0,0,0,0,0,0,344000,0,0,0,564000,220000,344000,344000
055168,光罩統一98購01  ,0,0,0,0,0,0,0,0,0,343000,0,0,0,343000,0,343000,343000
057459,臺股指富邦99購03,0,0,0,0,0,0,0,0,0,341000,0,0,0,341000,0,341000,341000
057409,台虹群益98購02  ,0,0,0,0,0,0,0,0,0,340000,0,0,0,390000,50000,340000,340000
053436,聯茂日盛96購01  ,0,0,0,0,0,0,0,0,0,340000,0,0,0,370000,30000,340000,340000
2885,元大金          ,8681000,8365000,316000,0,0,0,110000,6000,104000,-80000,100000,101000,-1000,11000,90000,-79000,340000
1789,神隆            ,702000,362000,340000,0,0,0,0,0,0,0,0,0,0,0,0,0,340000
057540,緯穎日盛99購01  ,0,0,0,0,0,0,0,0,0,339000,0,0,0,419000,80000,339000,339000
051633,可成國票96購03  ,0,0,0,0,0,0,0,0,0,339000,0,0,0,450000,111000,339000,339000
06357P,臺股指永豐97售03,0,0,0,0,0,0,0,0,0,339000,0,0,0,339000,0,339000,339000
6269,台郡            ,760000,752000,8000,0,0,0,287000,0,287000,44000,100000,52000,48000,13000,17000,-4000,339000
05834P,臺股指元富96售06,0,0,0,0,0,0,0,0,0,336000,0,0,0,336000,0,336000,336000
050890,南電富邦99購01  ,0,0,0,0,0,0,0,0,0,336000,0,0,0,345000,9000,336000,336000
057534,旭富元大98購01  ,0,0,0,0,0,0,0,0,0,335000,0,0,0,335000,0,335000,335000
054557,臻鼎凱基98購01  ,0,0,0,0,0,0,0,0,0,335000,0,0,0,342000,7000,335000,335000
052828,滬深2X群益9A購02,0,0,0,0,0,0,0,0,0,333000,0,0,0,384000,51000,333000,333000
053525,台積電中信96購04,0,0,0,0,0,0,0,0,0,333000,0,0,0,337000,4000,333000,333000
3532,台勝科          ,710000,384000,326000,0,0,0,11000,0,11000,-5000,11000,10000,1000,0,6000,-6000,332000
9933,中鼎            ,456000,125000,331000,0,0,0,0,0,0,0,0,0,0,0,0,0,331000
050390,聯發科統一94購09,0,0,0,0,0,0,0,0,0,330000,0,0,0,330000,0,330000,330000
052958,T50反1凱基99購02,0,0,0,0,0,0,0,0,0,330000,0,0,0,330000,0,330000,330000
054701,宏全永豐97購01  ,0,0,0,0,0,0,0,0,0,330000,0,0,0,340000,10000,330000,330000
044588,元金2X統一93購01,0,0,0,0,0,0,0,0,0,329000,0,0,0,329000,0,329000,329000
056189,樺漢統一97購02  ,0,0,0,0,0,0,0,0,0,328000,0,0,0,328000,0,328000,328000
1434,福懋            ,889000,564000,325000,0,0,0,3000,0,3000,0,1000,1000,0,0,0,0,328000
056009,奇力新中信98購03,0,0,0,0,0,0,0,0,0,327000,0,0,0,378000,51000,327000,327000
055038,華航富邦99購01  ,0,0,0,0,0,0,0,0,0,327000,0,0,0,327000,0,327000,327000
054606,台積電永豐97購02,0,0,0,0,0,0,0,0,0,326000,0,0,0,1893000,1567000,326000,326000
06315P,臺股指元富97售02,0,0,0,0,0,0,0,0,0,326000,0,0,0,327000,1000,326000,326000
053029,國巨第一96購01  ,0,0,0,0,0,0,0,0,0,325000,0,0,0,853000,528000,325000,325000
05419P,矽力永豐95售02  ,0,0,0,0,0,0,0,0,0,324000,0,0,0,432000,108000,324000,324000
055453,華邦電元富97購01,0,0,0,0,0,0,0,0,0,323000,0,0,0,348000,25000,323000,323000
048894,光罩國泰94購01  ,0,0,0,0,0,0,0,0,0,322000,0,0,0,495000,173000,322000,322000
047207,晶技國泰94購01  ,0,0,0,0,0,0,0,0,0,322000,0,0,0,381000,59000,322000,322000
051679,百和元大95購02  ,0,0,0,0,0,0,0,0,0,322000,0,0,0,342000,20000,322000,322000
051962,晶相光永豐95購02,0,0,0,0,0,0,0,0,0,322000,0,0,0,356000,34000,322000,322000
05033P,T50反1元大98售01,0,0,0,0,0,0,0,0,0,322000,0,0,0,1480000,1158000,322000,322000
048607,上銀凱基93購11  ,0,0,0,0,0,0,0,0,0,321000,0,0,0,420000,99000,321000,321000
050283,T50反1凱基9A購01,0,0,0,0,0,0,0,0,0,320000,0,0,0,345000,25000,320000,320000
054118,國巨永豐96購04  ,0,0,0,0,0,0,0,0,0,320000,0,0,0,371000,51000,320000,320000
06371P,茂林國票98售04  ,0,0,0,0,0,0,0,0,0,320000,0,0,0,327000,7000,320000,320000
06174P,國巨元大97售07  ,0,0,0,0,0,0,0,0,0,320000,0,0,0,624000,304000,320000,320000
05833P,臺股指元富96售05,0,0,0,0,0,0,0,0,0,319000,0,0,0,344000,25000,319000,319000
049018,光罩群益94購01  ,0,0,0,0,0,0,0,0,0,319000,0,0,0,319000,0,319000,319000
053625,國巨兆豐96購03  ,0,0,0,0,0,0,0,0,0,319000,0,0,0,339000,20000,319000,319000
050783,旺宏國泰96購02  ,0,0,0,0,0,0,0,0,0,318000,0,0,0,338000,20000,318000,318000
057114,台虹群益98購01  ,0,0,0,0,0,0,0,0,0,315000,0,0,0,325000,10000,315000,315000
048258,國泰金統一93購01,0,0,0,0,0,0,0,0,0,313000,0,0,0,330000,17000,313000,313000
052830,台光電群益96購01,0,0,0,0,0,0,0,0,0,313000,0,0,0,427000,114000,313000,313000
053005,微星永豐96購01  ,0,0,0,0,0,0,0,0,0,313000,0,0,0,381000,68000,313000,313000
05224P,華通統一95售03  ,0,0,0,0,0,0,0,0,0,312000,0,0,0,348000,36000,312000,312000
053893,京鼎群益97購02  ,0,0,0,0,0,0,0,0,0,312000,0,0,0,345000,33000,312000,312000
047972,康控富邦95購01  ,0,0,0,0,0,0,0,0,0,311000,0,0,0,366000,55000,311000,311000
046735,聯發科國票93購01,0,0,0,0,0,0,0,0,0,311000,0,0,0,311000,0,311000,311000
049126,玉晶光元富94購02,0,0,0,0,0,0,0,0,0,311000,0,0,0,331000,20000,311000,311000
055851,智原元大98購01  ,0,0,0,0,0,0,0,0,0,310000,0,0,0,450000,140000,310000,310000
053827,漢唐麥證9A購01  ,0,0,0,309000,0,309000,0,0,0,309000,0,0,0,309000,0,309000,309000
054510,S&P反1元大98購01,0,0,0,0,0,0,0,0,0,309000,0,0,0,330000,21000,309000,309000
055759,技嘉群益98購02  ,0,0,0,0,0,0,0,0,0,308000,0,0,0,484000,176000,308000,308000
049557,南電元富94購02  ,0,0,0,0,0,0,0,0,0,308000,0,0,0,650000,342000,308000,308000
046557,亞泥凱基93購02  ,0,0,0,0,0,0,0,0,0,307000,0,0,0,508000,201000,307000,307000
055375,京鼎元大97購03  ,0,0,0,0,0,0,0,0,0,307000,0,0,0,737000,430000,307000,307000
054663,同欣電元大97購03,0,0,0,0,0,0,0,0,0,306000,0,0,0,316000,10000,306000,306000
053442,光罩凱基96購01  ,0,0,0,0,0,0,0,0,0,304000,0,0,0,416000,112000,304000,304000
050755,和大元富94購01  ,0,0,0,0,0,0,0,0,0,303000,0,0,0,304000,1000,303000,303000
04551P,台表科元大94售02,0,0,0,0,0,0,0,0,0,302000,0,0,0,302000,0,302000,302000
04702P,臺股指元富94售08,0,0,0,0,0,0,0,0,0,301000,0,0,0,301000,0,301000,301000
051888,國巨元富95購05  ,0,0,0,0,0,0,0,0,0,301000,0,0,0,304000,3000,301000,301000
054893,帆宣統一99購01  ,0,0,0,0,0,0,0,0,0,301000,0,0,0,439000,138000,301000,301000
052220,T50反1凱基98購01,10000,0,10000,0,0,0,0,0,0,290000,0,0,0,300000,10000,290000,300000
052277,台達電凱基97購01,0,0,0,0,0,0,0,0,0,300000,0,0,0,300000,0,300000,300000
045031,上銀群益93購02  ,0,0,0,0,0,0,0,0,0,300000,0,0,0,300000,0,300000,300000
046205,明基材凱基93購01,0,0,0,0,0,0,0,0,0,300000,0,0,0,500000,200000,300000,300000
03938P,聯鈞元大93售01  ,0,0,0,0,0,0,0,0,0,300000,0,0,0,300000,0,300000,300000
050941,T50反1群益95購01,0,0,0,0,0,0,0,0,0,300000,0,0,0,300000,0,300000,300000
056215,華新科國票97購03,0,0,0,0,0,0,0,0,0,299000,0,0,0,299000,0,299000,299000
04704P,臺股指統一95售01,0,0,0,0,0,0,0,0,0,299000,0,0,0,299000,0,299000,299000
051123,和鑫群益95購01  ,0,0,0,0,0,0,0,0,0,299000,0,0,0,299000,0,299000,299000
054918,華新科凱基98購02,0,0,0,0,0,0,0,0,0,299000,0,0,0,309000,10000,299000,299000
051564,和碩國泰96購01  ,0,0,0,0,0,0,0,0,0,298000,0,0,0,298000,0,298000,298000
055178,晶豪科統一97購01,0,0,0,0,0,0,0,0,0,297000,0,0,0,297000,0,297000,297000
055313,南電群益97購01  ,0,0,0,0,0,0,0,0,0,297000,0,0,0,820000,523000,297000,297000
06626P,大立光統一9A售01,0,0,0,0,0,0,0,0,0,296000,0,0,0,299000,3000,296000,296000
056084,漢唐統一97購03  ,0,0,0,0,0,0,0,0,0,295000,0,0,0,295000,0,295000,295000
054923,晶技凱基98購01  ,0,0,0,0,0,0,0,0,0,295000,0,0,0,301000,6000,295000,295000
06481P,台積電凱基98售12,0,0,0,0,0,0,0,0,0,295000,0,0,0,300000,5000,295000,295000
1710,東聯            ,446000,152000,294000,0,0,0,2000,0,2000,-1000,0,1000,-1000,0,0,0,295000
05745P,富邦金兆豐96售02,0,0,0,0,0,0,0,0,0,294000,0,0,0,294000,0,294000,294000
054403,同欣電永豐96購02,0,0,0,0,0,0,0,0,0,294000,0,0,0,304000,10000,294000,294000
057512,華邦電台新98購01,0,0,0,0,0,0,0,0,0,293000,0,0,0,293000,0,293000,293000
055695,大毅國票98購03  ,0,0,0,0,0,0,0,0,0,292000,0,0,0,302000,10000,292000,292000
056144,GIS元大98購01   ,0,0,0,0,0,0,0,0,0,292000,0,0,0,308000,16000,292000,292000
056580,泰鼎元大9A購01  ,0,0,0,0,0,0,0,0,0,292000,0,0,0,718000,426000,292000,292000
053990,晶技兆豐96購01  ,0,0,0,0,0,0,0,0,0,292000,0,0,0,297000,5000,292000,292000
052267,可成亞東95購02  ,0,0,0,0,0,0,0,0,0,291000,0,0,0,301000,10000,291000,291000
044717,旺宏統一94購01  ,0,0,0,0,0,0,0,0,0,291000,0,0,0,464000,173000,291000,291000
051493,台郡凱基95購02  ,0,0,0,0,0,0,0,0,0,291000,0,0,0,338000,47000,291000,291000
055391,光罩統一97購02  ,0,0,0,0,0,0,0,0,0,291000,0,0,0,530000,239000,291000,291000
056005,臺股指永豐97購04,0,0,0,0,0,0,0,0,0,290000,0,0,0,711000,421000,290000,290000
048977,晶相光元大94購01,0,0,0,0,0,0,0,0,0,290000,0,0,0,290000,0,290000,290000
048270,T50反1富邦99購01,0,0,0,0,0,0,0,0,0,290000,0,0,0,300000,10000,290000,290000
050078,臺指反統一97購01,0,0,0,0,0,0,0,0,0,290000,0,0,0,290000,0,290000,290000
050350,全新群益94購04  ,0,0,0,0,0,0,0,0,0,288000,0,0,0,288000,0,288000,288000
05818P,大立光凱基96售14,0,0,0,0,0,0,0,0,0,287000,0,0,0,299000,12000,287000,287000
056685,光罩統一98購03  ,0,0,0,0,0,0,0,0,0,286000,0,0,0,381000,95000,286000,286000
047973,華通兆豐94購01  ,0,0,0,0,0,0,0,0,0,286000,0,0,0,299000,13000,286000,286000
047206,元金2X國泰94購01,0,0,0,0,0,0,0,0,0,286000,0,0,0,286000,0,286000,286000
053713,漢唐凱基96購04  ,0,0,0,0,0,0,0,0,0,285000,0,0,0,374000,89000,285000,285000
9946,三發地產        ,422000,131000,291000,0,0,0,0,0,0,-6000,0,6000,-6000,0,0,0,285000
06078P,臺股指凱基9A售01,0,0,0,0,0,0,0,0,0,284000,0,0,0,335000,51000,284000,284000
04422P,玉晶光永豐94售03,0,0,0,0,0,0,0,0,0,283000,0,0,0,283000,0,283000,283000
055286,晶技元大98購03  ,0,0,0,0,0,0,0,0,0,283000,0,0,0,584000,301000,283000,283000
05655P,南亞科統一96售01,0,0,0,0,0,0,0,0,0,282000,0,0,0,282000,0,282000,282000
05199P,訊芯永豐95售02  ,0,0,0,0,0,0,0,0,0,282000,0,0,0,282000,0,282000,282000
055563,智易凱基97購02  ,0,200000,-200000,0,0,0,0,0,0,481000,0,0,0,540000,59000,481000,281000
052101,滬深2X兆豐96購01,0,0,0,0,0,0,0,0,0,280000,0,0,0,300000,20000,280000,280000
3041,揚智            ,571000,291000,280000,0,0,0,0,0,0,0,0,0,0,0,0,0,280000
056082,旺宏統一99購02  ,0,0,0,0,0,0,0,0,0,279000,0,0,0,309000,30000,279000,279000
055403,泰鼎元富97購01  ,0,0,0,0,0,0,0,0,0,279000,0,0,0,359000,80000,279000,279000
055091,微星群益97購01  ,0,0,0,0,0,0,0,0,0,279000,0,0,0,290000,11000,279000,279000
047735,華邦電台新94購01,0,0,0,0,0,0,0,0,0,278000,0,0,0,278000,0,278000,278000
05496P,聯詠統一95售04  ,0,0,0,0,0,0,0,0,0,278000,0,0,0,348000,70000,278000,278000
04172P,大立光凱基93售34,0,0,0,0,0,0,0,0,0,276000,0,0,0,346000,70000,276000,276000
054057,晶豪科國票97購01,0,0,0,0,0,0,0,0,0,276000,0,0,0,276000,0,276000,276000
1103,嘉泥            ,705000,409000,296000,0,0,0,0,0,0,-20000,0,20000,-20000,0,0,0,276000
057431,京鼎兆豐98購02  ,0,0,0,0,0,0,0,0,0,274000,0,0,0,274000,0,274000,274000
045231,南電元大94購01  ,0,0,0,0,0,0,0,0,0,274000,0,0,0,306000,32000,274000,274000
055193,世芯元富97購02  ,0,0,0,0,0,0,0,0,0,274000,0,0,0,285000,11000,274000,274000
057401,晶豪科群益99購01,0,0,0,0,0,0,0,0,0,273000,0,0,0,283000,10000,273000,273000
047399,華通康和93購01  ,0,0,0,0,0,0,0,0,0,273000,0,0,0,273000,0,273000,273000
05431P,台光電統一97售01,0,0,0,0,0,0,0,0,0,273000,0,0,0,331000,58000,273000,273000
044187,泰鼎國泰93購01  ,0,0,0,0,0,0,0,0,0,272000,0,0,0,275000,3000,272000,272000
053334,訊芯永豐96購01  ,0,0,0,0,0,0,0,0,0,271000,0,0,0,328000,57000,271000,271000
047802,滬深2X凱基95購03,0,0,0,0,0,0,0,0,0,270000,0,0,0,270000,0,270000,270000
04177P,富邦金元大94售01,0,0,0,0,0,0,0,0,0,270000,0,0,0,270000,0,270000,270000
053306,晶技凱基97購01  ,0,0,0,0,0,0,0,0,0,270000,0,0,0,350000,80000,270000,270000
050690,台達電凱基96購01,0,0,0,0,0,0,0,0,0,270000,0,0,0,270000,0,270000,270000
05989P,健策元富96售01  ,0,0,0,0,0,0,0,0,0,269000,0,0,0,367000,98000,269000,269000
04463P,可成元富94售03  ,0,0,0,0,0,0,0,0,0,269000,0,0,0,279000,10000,269000,269000
051545,裕隆康和95購01  ,0,0,0,0,0,0,0,0,0,269000,0,0,0,366000,97000,269000,269000
057096,緯穎元富98購01  ,0,0,0,0,0,0,0,0,0,268000,0,0,0,341000,73000,268000,268000
056394,晶豪科永豐98購01,0,0,0,0,0,0,0,0,0,268000,0,0,0,278000,10000,268000,268000
8028,昇陽半導體      ,464000,258000,206000,0,0,0,0,0,0,62000,0,3000,-3000,94000,29000,65000,268000
056130,新日興麥證97購01,0,0,0,367000,100000,267000,0,0,0,267000,0,0,0,367000,100000,267000,267000
055836,華邦電元大97購04,0,0,0,0,0,0,0,0,0,266000,0,0,0,340000,74000,266000,266000
049056,玉晶光永豐95購03,0,0,0,0,0,0,0,0,0,266000,0,0,0,317000,51000,266000,266000
2845,遠東銀          ,398000,139406,258594,0,0,0,7000,0,7000,0,0,0,0,0,0,0,265594
057744,健策永豐98購02  ,0,0,0,0,0,0,0,0,0,265000,0,0,0,270000,5000,265000,265000
049889,欣興國泰96購01  ,0,0,0,0,0,0,0,0,0,264000,0,0,0,295000,31000,264000,264000
054665,華通元富97購02  ,0,0,0,0,0,0,0,0,0,264000,0,0,0,276000,12000,264000,264000
055033,漢唐富邦98購01  ,0,0,0,0,0,0,0,0,0,264000,0,0,0,264000,0,264000,264000
053935,華通元富96購02  ,0,0,0,0,0,0,0,0,0,264000,0,0,0,264000,0,264000,264000
049187,義隆台新94購01  ,0,0,0,0,0,0,0,0,0,263000,0,0,0,268000,5000,263000,263000
050342,華通元富94購02  ,0,0,0,0,0,0,0,0,0,262000,0,0,0,394000,132000,262000,262000
052647,晶技永豐97購01  ,0,0,0,0,0,0,0,0,0,262000,0,0,0,262000,0,262000,262000
053262,華邦電群益96購02,0,0,0,0,0,0,0,0,0,262000,0,0,0,405000,143000,262000,262000
050950,健鼎群益96購01  ,0,0,0,0,0,0,0,0,0,261000,0,0,0,261000,0,261000,261000
055056,億光永豐97購01  ,0,0,0,0,0,0,0,0,0,261000,0,0,0,300000,39000,261000,261000
04993P,上銀兆豐96售01  ,0,0,0,0,0,0,0,0,0,260000,0,0,0,260000,0,260000,260000
05055P,台表科群益95售01,0,0,0,0,0,0,0,0,0,260000,0,0,0,260000,0,260000,260000
054947,興勤元大97購01  ,0,0,0,0,0,0,0,0,0,260000,0,0,0,260000,0,260000,260000
054695,世芯永豐98購01  ,0,0,0,0,0,0,0,0,0,260000,0,0,0,405000,145000,260000,260000
056646,奇鋐凱基99購02  ,0,0,0,0,0,0,0,0,0,259000,0,0,0,352000,93000,259000,259000
052746,泰碩元大97購01  ,0,0,0,0,0,0,0,0,0,259000,0,0,0,259000,0,259000,259000
051149,可成凱基95購04  ,0,0,0,0,0,0,0,0,0,258000,0,0,0,472000,214000,258000,258000
052014,光罩永豐95購01  ,0,0,0,0,0,0,0,0,0,257000,0,0,0,335000,78000,257000,257000
054660,禾伸堂元大97購03,0,0,0,0,0,0,0,0,0,257000,0,0,0,370000,113000,257000,257000
054851,樺漢兆豐97購01  ,0,0,0,0,0,0,0,0,0,257000,0,0,0,257000,0,257000,257000
055287,日電貿元大97購01,0,0,0,0,0,0,0,0,0,256000,0,0,0,514000,258000,256000,256000
052929,可成元大96購02  ,0,0,0,0,0,0,0,0,0,256000,0,0,0,602000,346000,256000,256000
055871,群創台新97購02  ,0,0,0,0,0,0,0,0,0,255000,0,0,0,260000,5000,255000,255000
049071,台達電凱基94購02,0,0,0,0,0,0,0,0,0,255000,0,0,0,255000,0,255000,255000
05132P,鴻海元富95售07  ,0,0,0,0,0,0,0,0,0,255000,0,0,0,343000,88000,255000,255000
054043,漢唐元大97購01  ,0,0,0,0,0,0,0,0,0,255000,0,0,0,281000,26000,255000,255000
056300,聯發科元大97購23,0,0,0,0,0,0,0,0,0,252000,0,0,0,283000,31000,252000,252000
057468,台郡永豐98購01  ,0,0,0,0,0,0,0,0,0,252000,0,0,0,307000,55000,252000,252000
056811,健策統一9B購01  ,0,0,0,0,0,0,0,0,0,252000,0,0,0,347000,95000,252000,252000
04289P,臺股指中信95售07,0,0,0,0,0,0,0,0,0,252000,0,0,0,564000,312000,252000,252000
051157,華新科富邦98購01,0,0,0,0,0,0,0,0,0,252000,0,0,0,352000,100000,252000,252000
055669,緯穎群益97購02  ,0,0,0,0,0,0,0,0,0,251000,0,0,0,340000,89000,251000,251000
00671R,富邦NASDAQ反1   ,0,0,0,0,0,0,0,0,0,251000,0,0,0,583000,332000,251000,251000
053594,京鼎元大96購02  ,0,0,0,0,0,0,0,0,0,251000,0,0,0,324000,73000,251000,251000
055296,康舒元大97購02  ,0,0,0,0,0,0,0,0,0,251000,0,0,0,271000,20000,251000,251000
2109,華豐            ,257000,6000,251000,0,0,0,0,0,0,0,0,0,0,0,0,0,251000
03267P,台灣50元大02售06,0,0,0,0,0,0,0,0,0,250000,0,0,0,300000,50000,250000,250000
049371,可成元大94購04  ,0,0,0,0,0,0,0,0,0,250000,0,0,0,360000,110000,250000,250000
052687,國泰金元大96購03,0,0,0,0,0,0,0,0,0,250000,0,0,0,250000,0,250000,250000
05456P,鴻海凱基95售19  ,0,0,0,0,0,0,0,0,0,250000,0,0,0,326000,76000,250000,250000
052527,泰鼎元大96購02  ,0,0,0,0,0,0,0,0,0,249000,0,0,0,319000,70000,249000,249000
053148,華邦電元大96購01,0,0,0,0,0,0,0,0,0,249000,0,0,0,554000,305000,249000,249000
045161,玉晶光國泰94購03,0,0,0,0,0,0,0,0,0,248000,0,0,0,263000,15000,248000,248000
046948,聯詠元大93購03  ,0,0,0,0,0,0,0,0,0,248000,0,0,0,248000,0,248000,248000
052867,晶技凱基96購01  ,0,0,0,0,0,0,0,0,0,248000,0,0,0,302000,54000,248000,248000
06157P,聯鈞統一97售02  ,0,0,0,0,0,0,0,0,0,248000,0,0,0,252000,4000,248000,248000
050623,致新元大94購05  ,0,0,0,0,0,0,0,0,0,246000,0,0,0,246000,0,246000,246000
053635,技嘉永豐96購01  ,0,0,0,0,0,0,0,0,0,244000,0,0,0,349000,105000,244000,244000
054074,健策富邦98購01  ,0,0,0,0,0,0,0,0,0,244000,0,0,0,433000,189000,244000,244000
057311,玉晶光日盛9A購01,0,0,0,0,0,0,0,0,0,243000,0,0,0,269000,26000,243000,243000
052888,台表科中信9A購01,0,0,0,0,0,0,0,0,0,242000,0,0,0,311000,69000,242000,242000
054281,世芯群益97購01  ,0,0,0,0,0,0,0,0,0,242000,0,0,0,263000,21000,242000,242000
055205,京鼎中信99購01  ,0,0,0,0,0,0,0,0,0,242000,0,0,0,243000,1000,242000,242000
04854P,鴻海國泰96售04  ,0,0,0,0,0,0,0,0,0,241000,0,0,0,480000,239000,241000,241000
053177,華邦電統一96購01,0,0,0,0,0,0,0,0,0,241000,0,0,0,289000,48000,241000,241000
2363,矽統            ,358000,118000,240000,0,0,0,0,0,0,1000,2000,1000,1000,0,0,0,241000
06006P,欣興永豐96售04  ,0,0,0,0,0,0,0,0,0,240000,0,0,0,270000,30000,240000,240000
048346,智易元大95購01  ,0,350000,-350000,0,0,0,0,0,0,590000,0,0,0,590000,0,590000,240000
049523,微星兆豐94購02  ,0,0,0,0,0,0,0,0,0,240000,0,0,0,255000,15000,240000,240000
04971P,矽力元富94售02  ,0,0,0,0,0,0,0,0,0,240000,0,0,0,268000,28000,240000,240000
053291,旺宏中信9A購01  ,0,0,0,0,0,0,0,0,0,240000,0,0,0,509000,269000,240000,240000
4967,十銓            ,577000,315000,262000,0,0,0,0,0,0,-22000,4000,26000,-22000,0,0,0,240000
044201,群創國票95購01  ,0,0,0,0,0,0,0,0,0,239000,0,0,0,880000,641000,239000,239000
04547P,高鐵元大94售01  ,0,0,0,0,0,0,0,0,0,239000,0,0,0,341000,102000,239000,239000
049318,樺漢凱基94購01  ,0,0,0,0,0,0,0,0,0,239000,0,0,0,261000,22000,239000,239000
056689,玉晶光統一9A購03,0,0,0,0,0,0,0,0,0,238000,0,0,0,238000,0,238000,238000
047483,新光金凱基99購04,0,0,0,0,0,0,0,0,0,237000,0,0,0,637000,400000,237000,237000
049696,欣興元大95購02  ,0,0,0,0,0,0,0,0,0,237000,0,0,0,242000,5000,237000,237000
05742P,可成元大96售04  ,0,0,0,0,0,0,0,0,0,236000,0,0,0,646000,410000,236000,236000
057260,微星兆豐98購01  ,0,0,0,0,0,0,0,0,0,236000,0,0,0,277000,41000,236000,236000
054985,光罩元富97購01  ,0,0,0,0,0,0,0,0,0,236000,0,0,0,427000,191000,236000,236000
054713,國巨中信9B購01  ,0,0,0,0,0,0,0,0,0,236000,0,0,0,1549000,1313000,236000,236000
056586,光罩統一98購02  ,0,0,0,0,0,0,0,0,0,235000,0,0,0,273000,38000,235000,235000
049845,台積電麥證94購01,0,0,0,265000,30000,235000,0,0,0,235000,0,0,0,265000,30000,235000,235000
050751,聯電統一94購05  ,0,0,0,0,0,0,0,0,0,235000,0,0,0,245000,10000,235000,235000
051327,元油2X永豐95購02,0,0,0,0,0,0,0,0,0,235000,0,0,0,250000,15000,235000,235000
3016,嘉晶            ,797000,572000,225000,0,0,0,0,0,0,10000,0,0,0,207000,197000,10000,235000
057130,全新凱基98購03  ,0,0,0,0,0,0,0,0,0,234000,0,0,0,254000,20000,234000,234000
045516,聯茂統一94購01  ,0,0,0,0,0,0,0,0,0,234000,0,0,0,234000,0,234000,234000
051445,可成元大95購06  ,0,0,0,0,0,0,0,0,0,234000,0,0,0,566000,332000,234000,234000
054071,泰鼎國泰97購02  ,0,0,0,0,0,0,0,0,0,234000,0,0,0,239000,5000,234000,234000
057720,日電貿元富98購01,0,0,0,0,0,0,0,0,0,233000,0,0,0,533000,300000,233000,233000
05980P,台積電永昌96售09,0,0,0,0,0,0,0,0,0,232000,0,0,0,3271000,3039000,232000,232000
048726,儒鴻麥證95購01  ,0,0,0,232000,0,232000,0,0,0,232000,0,0,0,232000,0,232000,232000
051873,緯穎凱基95購02  ,0,0,0,0,0,0,0,0,0,232000,0,0,0,318000,86000,232000,232000
054587,玉晶光國泰99購01,0,0,0,0,0,0,0,0,0,232000,0,0,0,383000,151000,232000,232000
051362,台郡元大95購04  ,0,0,0,0,0,0,0,0,0,231000,0,0,0,231000,0,231000,231000
056315,同欣電元大97購05,0,0,0,0,0,0,0,0,0,230000,0,0,0,770000,540000,230000,230000
056327,樺漢兆豐98購01  ,0,0,0,0,0,0,0,0,0,230000,0,0,0,230000,0,230000,230000
055534,晶技群益97購03  ,0,0,0,0,0,0,0,0,0,230000,0,0,0,352000,122000,230000,230000
047651,復盛元大93購01  ,0,0,0,0,0,0,0,0,0,230000,0,0,0,230000,0,230000,230000
054743,聯鈞凱基99購01  ,0,0,0,0,0,0,0,0,0,230000,0,0,0,399000,169000,230000,230000
055255,欣興統一97購02  ,0,0,0,0,0,0,0,0,0,230000,0,0,0,235000,5000,230000,230000
053455,台光電元富96購02,0,0,0,0,0,0,0,0,0,230000,0,0,0,530000,300000,230000,230000
06500P,臺股指元大9A售05,0,0,0,0,0,0,0,0,0,230000,0,0,0,239000,9000,230000,230000
056922,全新兆豐99購01  ,0,0,0,0,0,0,0,0,0,229000,0,0,0,240000,11000,229000,229000
057171,台光電元大9B購01,0,0,0,0,0,0,0,0,0,228000,0,0,0,398000,170000,228000,228000
047750,開發金元富93購01,0,0,0,0,0,0,0,0,0,228000,0,0,0,228000,0,228000,228000
055384,緯穎元大98購02  ,0,0,0,0,0,0,0,0,0,228000,0,0,0,314000,86000,228000,228000
055493,華新科元大97購09,0,0,0,0,0,0,0,0,0,228000,0,0,0,330000,102000,228000,228000
055540,京鼎台新97購01  ,0,0,0,0,0,0,0,0,0,226000,0,0,0,276000,50000,226000,226000
04792P,智邦元大94售06  ,0,0,0,0,0,0,0,0,0,226000,0,0,0,336000,110000,226000,226000
046864,和大統一97購01  ,0,0,0,0,0,0,0,0,0,226000,0,0,0,428000,202000,226000,226000
054331,世芯永豐96購03  ,0,0,0,0,0,0,0,0,0,226000,0,0,0,639000,413000,226000,226000
053114,聯茂兆豐97購01  ,0,0,0,0,0,0,0,0,0,226000,0,0,0,266000,40000,226000,226000
056562,奇力新群益98購01,0,0,0,0,0,0,0,0,0,225000,0,0,0,341000,116000,225000,225000
048848,滬深2X群益98購02,0,0,0,0,0,0,0,0,0,225000,0,0,0,438000,213000,225000,225000
046476,鴻海統一96購01  ,0,0,0,0,0,0,0,0,0,225000,0,0,0,320000,95000,225000,225000
051889,智邦元富95購02  ,0,0,0,0,0,0,0,0,0,225000,0,0,0,476000,251000,225000,225000
052668,聯發科群益97購01,0,0,0,0,0,0,0,0,0,225000,0,0,0,247000,22000,225000,225000
053983,樺漢元大97購02  ,0,0,0,0,0,0,0,0,0,225000,0,0,0,384000,159000,225000,225000
053632,新唐兆豐96購01  ,0,0,0,0,0,0,0,0,0,225000,0,0,0,283000,58000,225000,225000
06375P,矽力元大97售06  ,0,0,0,0,0,0,0,0,0,225000,0,0,0,402000,177000,225000,225000
056637,台光電日盛9A購01,0,0,0,0,0,0,0,0,0,224000,0,0,0,505000,281000,224000,224000
054153,宏達電國泰97購01,0,0,0,0,0,0,0,0,0,224000,0,0,0,354000,130000,224000,224000
06338P,亞德客統一97售02,0,0,0,0,0,0,0,0,0,224000,0,0,0,250000,26000,224000,224000
4906,正文            ,312000,72000,240000,0,0,0,0,0,0,-16000,0,1000,-1000,10000,25000,-15000,224000
6456,GIS-KY          ,310000,86000,224000,0,0,0,0,0,0,0,0,0,0,24000,24000,0,224000
04558P,瑞昱日盛94售01  ,0,0,0,0,0,0,0,0,0,223000,0,0,0,253000,30000,223000,223000
048935,玉晶光永豐94購04,0,0,0,0,0,0,0,0,0,223000,0,0,0,293000,70000,223000,223000
8105,凌巨            ,335000,113000,222000,0,0,0,0,0,0,1000,3000,2000,1000,0,0,0,223000
050687,上銀日盛94購01  ,0,0,0,0,0,0,0,0,0,222000,0,0,0,262000,40000,222000,222000
05545P,台表科國泰98售01,0,0,0,0,0,0,0,0,0,222000,0,0,0,222000,0,222000,222000
055358,臻鼎凱基97購01  ,0,0,0,0,0,0,0,0,0,222000,0,0,0,222000,0,222000,222000
056311,泰鼎元大98購01  ,0,0,0,0,0,0,0,0,0,221000,0,0,0,291000,70000,221000,221000
057402,嘉晶群益98購02  ,0,0,0,0,0,0,0,0,0,221000,0,0,0,295000,74000,221000,221000
8926,台汽電          ,216000,113000,103000,0,0,0,0,0,0,118000,118000,0,118000,0,0,0,221000
047441,聯發科元大93購15,0,0,0,0,0,0,0,0,0,220000,0,0,0,220000,0,220000,220000
049962,台光電元富94購01,0,0,0,0,0,0,0,0,0,220000,0,0,0,221000,1000,220000,220000
053164,台光電群益96購02,0,0,0,0,0,0,0,0,0,220000,0,0,0,251000,31000,220000,220000
057257,台泥兆豐99購01  ,0,0,0,0,0,0,0,0,0,219000,0,0,0,220000,1000,219000,219000
055907,台虹兆豐98購01  ,0,0,0,0,0,0,0,0,0,219000,0,0,0,488000,269000,219000,219000
049692,可成元大94購07  ,0,0,0,0,0,0,0,0,0,219000,0,0,0,400000,181000,219000,219000
054053,聯茂元大96購01  ,0,0,0,0,0,0,0,0,0,219000,0,0,0,230000,11000,219000,219000
055148,鴻海元大98購02  ,0,0,0,0,0,0,0,0,0,219000,0,0,0,229000,10000,219000,219000
052032,臺股指群益95購05,0,0,0,0,0,0,0,0,0,218000,0,0,0,262000,44000,218000,218000
050716,可成群益96購01  ,0,0,0,0,0,0,0,0,0,218000,0,0,0,251000,33000,218000,218000
055015,帆宣元富97購01  ,0,0,0,0,0,0,0,0,0,217000,0,0,0,240000,23000,217000,217000
054906,神達康和97購01  ,0,0,0,0,0,0,0,0,0,216000,0,0,0,588000,372000,216000,216000
057138,亞德客兆豐98購01,0,0,0,0,0,0,0,0,0,215000,0,0,0,218000,3000,215000,215000
056848,泰鼎元富98購01  ,0,0,0,0,0,0,0,0,0,215000,0,0,0,563000,348000,215000,215000
045308,泰鼎元大93購02  ,0,0,0,0,0,0,0,0,0,215000,0,0,0,250000,35000,215000,215000
045858,元油2X統一94購02,0,0,0,0,0,0,0,0,0,215000,0,0,0,250000,35000,215000,215000
054162,光罩凱基98購01  ,0,0,0,0,0,0,0,0,0,215000,0,0,0,368000,153000,215000,215000
05363P,臺股指富邦95售03,0,0,0,0,0,0,0,0,0,215000,0,0,0,255000,40000,215000,215000
05763P,致新永豐96售01  ,0,0,0,0,0,0,0,0,0,214000,0,0,0,611000,397000,214000,214000
050603,致新國泰96購01  ,0,0,0,0,0,0,0,0,0,214000,0,0,0,224000,10000,214000,214000
055577,晶技統一97購02  ,0,0,0,0,0,0,0,0,0,213000,0,0,0,213000,0,213000,213000
056493,晶技國泰99購01  ,0,0,0,0,0,0,0,0,0,213000,0,0,0,233000,20000,213000,213000
04705P,臺股指統一95售02,0,0,0,0,0,0,0,0,0,212000,0,0,0,232000,20000,212000,212000
050964,晶技永豐95購02  ,0,0,0,0,0,0,0,0,0,212000,0,0,0,232000,20000,212000,212000
053824,樺漢群益96購02  ,0,0,0,0,0,0,0,0,0,212000,0,0,0,214000,2000,212000,212000
1217,愛之味          ,225000,13000,212000,0,0,0,0,0,0,0,0,0,0,0,0,0,212000
056206,泰鼎永豐97購01  ,0,0,0,0,0,0,0,0,0,211000,0,0,0,373000,162000,211000,211000
05315P,鴻海永昌96售08  ,0,0,0,0,0,0,0,0,0,211000,0,0,0,220000,9000,211000,211000
05973P,聯詠元大96售06  ,0,0,0,0,0,0,0,0,0,210000,0,0,0,220000,10000,210000,210000
048436,聯茂日盛93購01  ,0,0,0,0,0,0,0,0,0,210000,0,0,0,210000,0,210000,210000
052317,台積電元大96購11,0,0,0,0,0,0,0,0,0,210000,0,0,0,365000,155000,210000,210000
044784,華邦電中信96購01,0,0,0,0,0,0,0,0,0,210000,0,0,0,210000,0,210000,210000
047867,旺宏永豐93購02  ,0,0,0,0,0,0,0,0,0,210000,0,0,0,210000,0,210000,210000
053045,國巨中信97購01  ,0,0,0,0,0,0,0,0,0,210000,0,0,0,303000,93000,210000,210000
053396,漢唐中信9A購01  ,0,0,0,0,0,0,0,0,0,210000,0,0,0,210000,0,210000,210000
052757,華邦電群益96購01,0,0,0,0,0,0,0,0,0,210000,0,0,0,310000,100000,210000,210000
053832,聯發科台新96購01,0,0,0,0,0,0,0,0,0,210000,0,0,0,210000,0,210000,210000
055716,致茂元大97購01  ,0,0,0,0,0,0,0,0,0,209000,0,0,0,238000,29000,209000,209000
055728,緯穎元大97購03  ,0,0,0,0,0,0,0,0,0,209000,0,0,0,283000,74000,209000,209000
051124,創意群益95購01  ,0,0,0,0,0,0,0,0,0,209000,0,0,0,220000,11000,209000,209000
05418P,瑞昱永豐95售02  ,0,0,0,0,0,0,0,0,0,209000,0,0,0,209000,0,209000,209000
06028P,智邦台新97售01  ,0,0,0,0,0,0,0,0,0,208000,0,0,0,213000,5000,208000,208000
052067,中磊兆豐96購01  ,0,0,0,0,0,0,0,0,0,208000,0,0,0,254000,46000,208000,208000
049636,上証反凱基9A購01,0,0,0,0,0,0,0,0,0,208000,0,0,0,270000,62000,208000,208000
053845,和大元富96購01  ,0,0,0,0,0,0,0,0,0,208000,0,0,0,258000,50000,208000,208000
052772,台虹群益96購01  ,0,0,0,0,0,0,0,0,0,208000,0,0,0,312000,104000,208000,208000
055457,聚陽永豐97購01  ,0,0,0,0,0,0,0,0,0,208000,0,0,0,218000,10000,208000,208000
057483,微星元大98購04  ,0,0,0,0,0,0,0,0,0,207000,0,0,0,268000,61000,207000,207000
050340,鴻海統一94購07  ,0,0,0,0,0,0,0,0,0,207000,0,0,0,238000,31000,207000,207000
8163,達方            ,269000,89000,180000,0,0,0,0,0,0,27000,38000,11000,27000,0,0,0,207000
056895,技嘉元大98購01  ,0,0,0,0,0,0,0,0,0,206000,0,0,0,252000,46000,206000,206000
044852,華邦電國泰93購02,0,0,0,0,0,0,0,0,0,206000,0,0,0,206000,0,206000,206000
04843P,致新元大94售02  ,0,0,0,0,0,0,0,0,0,206000,0,0,0,210000,4000,206000,206000
050093,國巨永豐94購05  ,0,0,0,0,0,0,0,0,0,206000,0,0,0,245000,39000,206000,206000
055130,京鼎康和97購01  ,0,0,0,0,0,0,0,0,0,206000,0,0,0,206000,0,206000,206000
057510,泰碩統一98購02  ,0,0,0,0,0,0,0,0,0,205000,0,0,0,205000,0,205000,205000
048850,聯電群益96購01  ,0,0,0,0,0,0,0,0,0,205000,0,0,0,223000,18000,205000,205000
2367,燿華            ,875000,586000,289000,0,0,0,0,0,0,-84000,0,0,0,6000,90000,-84000,205000
053070,訊芯群益96購01  ,0,0,0,0,0,0,0,0,0,204000,0,0,0,204000,0,204000,204000
056813,聯茂統一99購01  ,0,0,0,0,0,0,0,0,0,203000,0,0,0,258000,55000,203000,203000
050005,京鼎永豐94購01  ,0,0,0,0,0,0,0,0,0,203000,0,0,0,224000,21000,203000,203000
051406,泰鼎永豐96購01  ,0,0,0,0,0,0,0,0,0,203000,0,0,0,203000,0,203000,203000
053960,晶技永豐96購02  ,0,0,0,0,0,0,0,0,0,203000,0,0,0,203000,0,203000,203000
054698,同欣電永豐97購01,0,0,0,0,0,0,0,0,0,203000,0,0,0,233000,30000,203000,203000
054693,神基永豐97購01  ,0,0,0,0,0,0,0,0,0,203000,0,0,0,203000,0,203000,203000
048201,智易元大93購06  ,0,0,0,0,0,0,0,0,0,202000,0,0,0,202000,0,202000,202000
050393,樺漢統一94購01  ,0,0,0,0,0,0,0,0,0,201000,0,0,0,287000,86000,201000,201000
049608,旺宏兆豐94購02  ,0,0,0,0,0,0,0,0,0,201000,0,0,0,201000,0,201000,201000
055192,世芯元富97購01  ,0,0,0,0,0,0,0,0,0,201000,0,0,0,278000,77000,201000,201000
053987,宏碁亞東96購01  ,0,0,0,0,0,0,0,0,0,201000,0,0,0,201000,0,201000,201000
05716P,T50反1元大98售03,0,0,0,0,0,0,0,0,0,200000,0,0,0,200000,0,200000,200000
055837,致茂元大97購02  ,0,0,0,0,0,0,0,0,0,200000,0,0,0,200000,0,200000,200000
056348,S&P反1元大9A購01,0,0,0,0,0,0,0,0,0,200000,0,0,0,200000,0,200000,200000
047983,宏達電群益93購04,0,0,0,0,0,0,0,0,0,200000,0,0,0,200000,0,200000,200000
046970,聯詠群益93購01  ,0,0,0,0,0,0,0,0,0,200000,0,0,0,200000,0,200000,200000
047450,南茂元大93購05  ,0,0,0,0,0,0,0,0,0,200000,0,0,0,200000,0,200000,200000
047395,聯茂元大94購01  ,0,0,0,0,0,0,0,0,0,200000,0,0,0,200000,0,200000,200000
052169,鴻海元大97購02  ,0,0,0,0,0,0,0,0,0,200000,0,0,0,200000,0,200000,200000
045168,欣興中信93購02  ,0,0,0,0,0,0,0,0,0,200000,0,0,0,200000,0,200000,200000
04511P,臺股指元大94售06,0,0,0,0,0,0,0,0,0,200000,0,0,0,500000,300000,200000,200000
03874P,臺股指群益95售01,0,0,0,0,0,0,0,0,0,200000,0,0,0,200000,0,200000,200000
03813P,可成麥證93售02  ,0,0,0,200000,0,200000,0,0,0,200000,0,0,0,200000,0,200000,200000
043236,台灣50兆豐93購02,0,0,0,0,0,0,0,0,0,200000,0,0,0,200000,0,200000,200000
050486,可成元富94購05  ,0,0,0,0,0,0,0,0,0,200000,0,0,0,338000,138000,200000,200000
052723,新唐統一97購01  ,0,0,0,0,0,0,0,0,0,200000,0,0,0,258000,58000,200000,200000
050994,欣興元大96購03  ,0,0,0,0,0,0,0,0,0,200000,0,0,0,207000,7000,200000,200000
051159,力山元大96購01  ,0,0,0,0,0,0,0,0,0,200000,0,0,0,200000,0,200000,200000
051574,鴻海元大96購06  ,0,0,0,0,0,0,0,0,0,200000,0,0,0,200000,0,200000,200000
053080,力山元大96購02  ,0,350000,-350000,0,0,0,0,0,0,550000,0,0,0,716000,166000,550000,200000
06538P,國巨凱基98售11  ,0,0,0,0,0,0,0,0,0,200000,0,0,0,300000,100000,200000,200000
056254,為升元富97購01  ,0,0,0,0,0,0,0,0,0,199000,0,0,0,199000,0,199000,199000
05582P,群創凱基98售06  ,0,0,0,0,0,0,0,0,0,199000,0,0,0,199000,0,199000,199000
047318,聯詠元大93購07  ,0,0,0,0,0,0,0,0,0,199000,0,0,0,200000,1000,199000,199000
048316,可成凱基93購15  ,0,0,0,0,0,0,0,0,0,199000,0,0,0,209000,10000,199000,199000
052118,鴻海國票96購04  ,0,0,0,0,0,0,0,0,0,199000,0,0,0,199000,0,199000,199000
054578,世芯元大99購01  ,0,0,0,0,0,0,0,0,0,199000,0,0,0,237000,38000,199000,199000
054559,台光電群益99購01,0,0,0,0,0,0,0,0,0,199000,0,0,0,260000,61000,199000,199000
06599P,宏達電永豐98售02,0,0,0,0,0,0,0,0,0,199000,0,0,0,200000,1000,199000,199000
06210P,元油反元大97售01,0,0,0,0,0,0,0,0,0,199000,0,0,0,200000,1000,199000,199000
047577,宏達電群益93購03,0,0,0,0,0,0,0,0,0,198000,0,0,0,198000,0,198000,198000
051924,聯茂日盛95購01  ,0,0,0,0,0,0,0,0,0,198000,0,0,0,213000,15000,198000,198000
052848,聯發科統一96購03,0,0,0,0,0,0,0,0,0,197000,0,0,0,247000,50000,197000,197000
055262,台虹國泰98購01  ,0,0,0,0,0,0,0,0,0,197000,0,0,0,197000,0,197000,197000
053052,旺宏國票97購02  ,0,0,0,0,0,0,0,0,0,197000,0,0,0,246000,49000,197000,197000
056139,貿聯元大97購04  ,0,0,0,0,0,0,0,0,0,196000,0,0,0,196000,0,196000,196000
05398P,康控國票96售03  ,0,0,0,0,0,0,0,0,0,196000,0,0,0,199000,3000,196000,196000
053589,宏達電元大97購02,0,0,0,0,0,0,0,0,0,196000,0,0,0,210000,14000,196000,196000
054895,南電統一97購01  ,0,0,0,0,0,0,0,0,0,196000,0,0,0,196000,0,196000,196000
4943,康控-KY         ,264000,65000,199000,0,0,0,0,0,0,-3000,0,0,0,20000,23000,-3000,196000
056275,國巨國泰98購04  ,0,0,0,0,0,0,0,0,0,195000,0,0,0,466000,271000,195000,195000
048569,台虹元大93購03  ,0,0,0,0,0,0,0,0,0,195000,0,0,0,256000,61000,195000,195000
051946,健策統一98購01  ,0,0,0,0,0,0,0,0,0,195000,0,0,0,246000,51000,195000,195000
050516,華通元大95購05  ,0,0,0,0,0,0,0,0,0,195000,0,0,0,262000,67000,195000,195000
054422,T50反1富邦9A購01,0,0,0,0,0,0,0,0,0,195000,0,0,0,195000,0,195000,195000
05450P,臺股指元大95售27,0,0,0,0,0,0,0,0,0,195000,0,0,0,770000,575000,195000,195000
06344P,臺股指統一99售03,0,0,0,0,0,0,0,0,0,195000,0,0,0,195000,0,195000,195000
06421P,嘉澤統一97售02  ,0,0,0,0,0,0,0,0,0,195000,0,0,0,228000,33000,195000,195000
056882,華邦電康和98購01,0,0,0,0,0,0,0,0,0,194000,0,0,0,254000,60000,194000,194000
047454,滬深2X群益96購03,0,0,0,0,0,0,0,0,0,194000,0,0,0,199000,5000,194000,194000
050543,聯發科凱基95購01,0,0,0,0,0,0,0,0,0,194000,0,0,0,259000,65000,194000,194000
050813,旺宏凱基96購01  ,0,0,0,0,0,0,0,0,0,194000,0,0,0,217000,23000,194000,194000
054652,裕隆麥證97購01  ,0,0,0,237000,43000,194000,0,0,0,194000,0,0,0,237000,43000,194000,194000
053138,華邦電富邦96購01,0,0,0,0,0,0,0,0,0,194000,0,0,0,297000,103000,194000,194000
051470,玉晶光日盛95購01,0,0,0,0,0,0,0,0,0,193000,0,0,0,547000,354000,193000,193000
051359,中信金元大95購01,0,0,0,0,0,0,0,0,0,193000,0,0,0,378000,185000,193000,193000
054637,智邦中信98購01  ,0,0,0,0,0,0,0,0,0,193000,0,0,0,212000,19000,193000,193000
056320,京鼎群益99購01  ,0,0,0,0,0,0,0,0,0,192000,0,0,0,398000,206000,192000,192000
04826P,華新科麥證95售01,0,0,0,192000,0,192000,0,0,0,192000,0,0,0,192000,0,192000,192000
052181,南茂元大95購05  ,0,0,0,0,0,0,0,0,0,192000,0,0,0,192000,0,192000,192000
052045,瑞昱凱基96購01  ,0,0,0,0,0,0,0,0,0,192000,0,0,0,192000,0,192000,192000
047967,南亞科國泰95購01,0,0,0,0,0,0,0,0,0,191000,0,0,0,226000,35000,191000,191000
047469,華通中信93購01  ,0,0,0,0,0,0,0,0,0,191000,0,0,0,231000,40000,191000,191000
057404,貿聯群益99購01  ,0,0,0,0,0,0,0,0,0,190000,0,0,0,200000,10000,190000,190000
05912P,和大元大96售01  ,0,0,0,0,0,0,0,0,0,190000,0,0,0,430000,240000,190000,190000
048373,A50正2元富95購01,0,0,0,0,0,0,0,0,0,190000,0,0,0,190000,0,190000,190000
04022P,群創元富96售04  ,0,0,0,0,0,0,0,0,0,190000,0,0,0,190000,0,190000,190000
045662,華邦電統一94購02,0,0,0,0,0,0,0,0,0,190000,0,0,0,214000,24000,190000,190000
052600,力山元大97購01  ,0,0,0,0,0,0,0,0,0,190000,0,0,0,200000,10000,190000,190000
050420,鴻海凱基95購03  ,0,0,0,0,0,0,0,0,0,190000,0,0,0,192000,2000,190000,190000
055436,晶豪科中信99購01,0,0,0,0,0,0,0,0,0,190000,0,0,0,190000,0,190000,190000
05732P,臺股指統一96售02,0,0,0,0,0,0,0,0,0,189000,0,0,0,298000,109000,189000,189000
055858,聯茂元大97購03  ,0,0,0,0,0,0,0,0,0,189000,0,0,0,270000,81000,189000,189000
051495,玉晶光第一95購02,0,0,0,0,0,0,0,0,0,189000,0,0,0,328000,139000,189000,189000
055434,樺漢群益97購01  ,0,0,0,0,0,0,0,0,0,188000,0,0,0,190000,2000,188000,188000
053650,華邦電凱基98購01,0,0,0,0,0,0,0,0,0,188000,0,0,0,188000,0,188000,188000
05375P,健策國票96售02  ,0,0,0,0,0,0,0,0,0,188000,0,0,0,188000,0,188000,188000
051890,智邦元富95購03  ,0,0,0,0,0,0,0,0,0,187000,0,0,0,267000,80000,187000,187000
054073,群創富邦96購03  ,0,0,0,0,0,0,0,0,0,187000,0,0,0,505000,318000,187000,187000
055462,華邦電日盛97購01,0,0,0,0,0,0,0,0,0,187000,0,0,0,375000,188000,187000,187000
055464,聚陽凱基97購01  ,0,0,0,0,0,0,0,0,0,187000,0,0,0,265000,78000,187000,187000
057251,泰鼎統一98購02  ,0,0,0,0,0,0,0,0,0,186000,0,0,0,186000,0,186000,186000
057573,京鼎永豐98購02  ,0,0,0,0,0,0,0,0,0,186000,0,0,0,186000,0,186000,186000
050252,聯發科國泰95購01,0,0,0,0,0,0,0,0,0,186000,0,0,0,302000,116000,186000,186000
050124,元金2X凱基95購01,0,0,0,0,0,0,0,0,0,186000,0,0,0,230000,44000,186000,186000
053484,國巨國票97購03  ,0,0,0,0,0,0,0,0,0,186000,0,0,0,186000,0,186000,186000
050314,晶技兆豐94購01  ,0,0,0,0,0,0,0,0,0,185000,0,0,0,185000,0,185000,185000
051202,智邦麥證95購01  ,0,0,0,195000,10000,185000,0,0,0,185000,0,0,0,195000,10000,185000,185000
055214,聯電凱基97購02  ,0,0,0,0,0,0,0,0,0,185000,0,0,0,355000,170000,185000,185000
03498P,矽創凱基02售02  ,0,0,0,0,0,0,0,0,0,184000,0,0,0,184000,0,184000,184000
050853,南電國票96購01  ,0,0,0,0,0,0,0,0,0,184000,0,0,0,406000,222000,184000,184000
052606,聯發科元大97購04,0,0,0,0,0,0,0,0,0,184000,0,0,0,411000,227000,184000,184000
055378,晶相光元大97購02,0,0,0,0,0,0,0,0,0,184000,0,0,0,438000,254000,184000,184000
06282P,聯鈞永豐97售02  ,0,0,0,0,0,0,0,0,0,184000,0,0,0,234000,50000,184000,184000
055515,聚陽中信9A購01  ,0,0,0,0,0,0,0,0,0,183000,0,0,0,223000,40000,183000,183000
055529,華邦電群益97購02,0,0,0,0,0,0,0,0,0,183000,0,0,0,183000,0,183000,183000
044362,元油2X中信94購01,0,0,0,0,0,0,0,0,0,183000,0,0,0,183000,0,183000,183000
051344,鴻海元大95購08  ,0,0,0,0,0,0,0,0,0,183000,0,0,0,233000,50000,183000,183000
049357,微星富邦94購01  ,0,0,0,0,0,0,0,0,0,183000,0,0,0,227000,44000,183000,183000
051278,臻鼎中信97購02  ,0,0,0,0,0,0,0,0,0,183000,0,0,0,183000,0,183000,183000
056099,上銀永豐97購02  ,0,0,0,0,0,0,0,0,0,182000,0,0,0,488000,306000,182000,182000
048432,全新國票95購01  ,0,0,0,0,0,0,0,0,0,182000,0,0,0,212000,30000,182000,182000
048857,晶豪科群益94購01,0,0,0,0,0,0,0,0,0,182000,0,0,0,184000,2000,182000,182000
04919P,聯詠凱基94售05  ,0,0,0,0,0,0,0,0,0,182000,0,0,0,200000,18000,182000,182000
049241,智邦元富94購01  ,0,0,0,0,0,0,0,0,0,182000,0,0,0,183000,1000,182000,182000
2031,新光鋼          ,246000,65000,181000,0,0,0,0,0,0,0,0,0,0,0,0,0,181000
057293,力成國泰99購01  ,0,0,0,0,0,0,0,0,0,180000,0,0,0,190000,10000,180000,180000
049933,GIS元大95購01   ,0,0,0,0,0,0,0,0,0,180000,0,0,0,201000,21000,180000,180000
054299,南電元大96購03  ,0,0,0,0,0,0,0,0,0,180000,0,0,0,645000,465000,180000,180000
050377,華通第一94購01  ,0,0,0,0,0,0,0,0,0,179000,0,0,0,294000,115000,179000,179000
054229,超眾元富96購05  ,0,0,0,0,0,0,0,0,0,179000,0,0,0,179000,0,179000,179000
055253,大立光統一97購06,0,0,0,0,0,0,0,0,0,179000,0,0,0,218000,39000,179000,179000
06345P,臺股指統一9A售01,0,0,0,0,0,0,0,0,0,179000,0,0,0,194000,15000,179000,179000
00743,國泰中國A150    ,244000,0,244000,0,0,0,0,0,0,-65554,0,0,0,134000,199554,-65554,178446
057291,國巨國泰9A購01  ,0,0,0,0,0,0,0,0,0,178000,0,0,0,622000,444000,178000,178000
04639P,臺股指群益94售14,0,0,0,0,0,0,0,0,0,178000,0,0,0,190000,12000,178000,178000
056743,貿聯凱基98購04  ,0,0,0,0,0,0,0,0,0,177000,0,0,0,177000,0,177000,177000
00642U,元大S&P石油     ,718000,97000,621000,0,0,0,0,0,0,-444000,0,165000,-165000,1351000,1630000,-279000,177000
047861,臺股指國票93購16,0,0,0,0,0,0,0,0,0,177000,0,0,0,493000,316000,177000,177000
052113,漢唐中信98購01  ,0,0,0,0,0,0,0,0,0,177000,0,0,0,177000,0,177000,177000
053733,華邦電中信98購01,0,0,0,0,0,0,0,0,0,177000,0,0,0,187000,10000,177000,177000
051367,可成富邦97購01  ,0,0,0,0,0,0,0,0,0,176000,0,0,0,501000,325000,176000,176000
04915P,鴻海永昌96售02  ,0,0,0,0,0,0,0,0,0,176000,0,0,0,247000,71000,176000,176000
054980,國巨元富97購01  ,0,0,0,0,0,0,0,0,0,176000,0,0,0,893000,717000,176000,176000
6451,訊芯-KY         ,285000,111000,174000,0,0,0,0,0,0,2000,8000,1000,7000,18000,23000,-5000,176000
048874,玉晶光國票96購01,0,0,0,0,0,0,0,0,0,175000,0,0,0,210000,35000,175000,175000
055187,彩晶統一98購01  ,0,0,0,0,0,0,0,0,0,175000,0,0,0,175000,0,175000,175000
055333,晶豪科兆豐97購01,0,0,0,0,0,0,0,0,0,175000,0,0,0,284000,109000,175000,175000
055404,超眾元富97購01  ,0,0,0,0,0,0,0,0,0,175000,0,0,0,175000,0,175000,175000
057092,健策元富98購01  ,0,0,0,0,0,0,0,0,0,174000,0,0,0,343000,169000,174000,174000
057569,光磊永豐98購03  ,0,0,0,0,0,0,0,0,0,174000,0,0,0,355000,181000,174000,174000
052243,致茂康和95購01  ,0,0,0,0,0,0,0,0,0,174000,0,0,0,174000,0,174000,174000
050748,道瓊銀統一94購04,0,0,0,0,0,0,0,0,0,174000,0,0,0,200000,26000,174000,174000
056865,樺漢群益98購01  ,0,0,0,0,0,0,0,0,0,173000,0,0,0,176000,3000,173000,173000
048156,正崴兆豐93購01  ,0,0,0,0,0,0,0,0,0,173000,0,0,0,173000,0,173000,173000
051734,台積電國票95購04,0,0,0,0,0,0,0,0,0,173000,0,0,0,231000,58000,173000,173000
04672P,台積電統一94售09,0,0,0,0,0,0,0,0,0,172000,0,0,0,232000,60000,172000,172000
050199,南電元大94購09  ,0,0,0,0,0,0,0,0,0,172000,0,0,0,631000,459000,172000,172000
052586,晶豪科永豐96購01,0,0,0,0,0,0,0,0,0,172000,0,0,0,172000,0,172000,172000
054889,京鼎統一99購01  ,0,0,0,0,0,0,0,0,0,172000,0,0,0,418000,246000,172000,172000
054192,國巨中信98購01  ,0,0,0,0,0,0,0,0,0,172000,0,0,0,301000,129000,172000,172000
056797,台積電麥證98購01,0,0,0,170000,0,170000,0,0,0,170000,0,0,0,170000,0,170000,170000
057605,旺宏統一99購03  ,0,0,0,0,0,0,0,0,0,170000,0,0,0,230000,60000,170000,170000
048480,FB上証中信94購01,0,0,0,0,0,0,0,0,0,170000,0,0,0,310000,140000,170000,170000
03638C,T50反1元大94牛03,0,0,0,0,0,0,0,0,0,170000,0,0,0,304000,134000,170000,170000
052463,聯電統一96購01  ,0,0,0,0,0,0,0,0,0,170000,0,0,0,170000,0,170000,170000
054699,復盛永豐97購01  ,0,0,0,0,0,0,0,0,0,170000,0,0,0,276000,106000,170000,170000
05679P,台表科群益96售05,0,0,0,0,0,0,0,0,0,169000,0,0,0,205000,36000,169000,169000
05713P,大立光統一96售05,0,0,0,0,0,0,0,0,0,169000,0,0,0,170000,1000,169000,169000
048732,台勝科麥證95購01,0,0,0,171000,2000,169000,0,0,0,169000,0,0,0,171000,2000,169000,169000
055142,健策永豐98購01  ,0,0,0,0,0,0,0,0,0,169000,0,0,0,175000,6000,169000,169000
057641,旺宏元大98購10  ,0,0,0,0,0,0,0,0,0,168000,0,0,0,174000,6000,168000,168000
057729,華新科國泰99購04,0,0,0,0,0,0,0,0,0,168000,0,0,0,699000,531000,168000,168000
05823P,臺股指凱基96售20,0,0,0,0,0,0,0,0,0,168000,0,0,0,168000,0,168000,168000
04820P,聯茂永豐94售02  ,0,0,0,0,0,0,0,0,0,168000,0,0,0,168000,0,168000,168000
055063,玉晶光永豐99購01,0,0,0,0,0,0,0,0,0,168000,0,0,0,178000,10000,168000,168000
053481,同欣電元大97購01,0,0,0,0,0,0,0,0,0,168000,0,0,0,200000,32000,168000,168000
052893,聯電群益98購01  ,0,0,0,0,0,0,0,0,0,168000,0,0,0,289000,121000,168000,168000
6155,鈞寶            ,239000,72000,167000,0,0,0,0,0,0,1000,3000,2000,1000,0,0,0,168000
050439,新日興凱基94購01,0,0,0,0,0,0,0,0,0,167000,0,0,0,213000,46000,167000,167000
05005P,台表科統一95售01,0,0,0,0,0,0,0,0,0,167000,0,0,0,311000,144000,167000,167000
053180,同欣電統一96購01,0,0,0,0,0,0,0,0,0,167000,0,0,0,167000,0,167000,167000
054843,中環兆豐97購01  ,0,0,0,0,0,0,0,0,0,167000,0,0,0,227000,60000,167000,167000
054486,漢唐台新96購01  ,0,0,0,0,0,0,0,0,0,167000,0,0,0,167000,0,167000,167000
06493P,聯發科永豐98售02,0,0,0,0,0,0,0,0,0,167000,0,0,0,167000,0,167000,167000
06600P,貿聯永豐98售01  ,0,0,0,0,0,0,0,0,0,167000,0,0,0,250000,83000,167000,167000
2023,燁輝            ,474320,308000,166320,0,0,0,0,0,0,0,0,0,0,0,0,0,166320
046737,鴻海群益93購04  ,0,0,0,0,0,0,0,0,0,166000,0,0,0,166000,0,166000,166000
044693,滬深2X元大94購01,0,0,0,0,0,0,0,0,0,166000,0,0,0,231000,65000,166000,166000
049740,禾伸堂群益94購01,0,0,0,0,0,0,0,0,0,166000,0,0,0,200000,34000,166000,166000
053356,聯發科統一96購07,0,0,0,0,0,0,0,0,0,166000,0,0,0,214000,48000,166000,166000
046248,技嘉群益93購02  ,0,0,0,0,0,0,0,0,0,165000,0,0,0,265000,100000,165000,165000
050009,昇陽半永豐94購02,0,0,0,0,0,0,0,0,0,165000,0,0,0,215000,50000,165000,165000
051810,欣興凱基95購03  ,0,0,0,0,0,0,0,0,0,165000,0,0,0,1258000,1093000,165000,165000
053449,超眾凱基98購01  ,0,0,0,0,0,0,0,0,0,165000,0,0,0,250000,85000,165000,165000
053366,樺漢國泰98購01  ,0,0,0,0,0,0,0,0,0,165000,0,0,0,448000,283000,165000,165000
2340,光磊            ,528000,405000,123000,0,0,0,0,0,0,41000,11000,4000,7000,171000,137000,34000,164000
053322,京鼎群益97購01  ,0,0,0,0,0,0,0,0,0,163000,0,0,0,262000,99000,163000,163000
053560,漢唐國泰98購01  ,0,0,0,0,0,0,0,0,0,163000,0,0,0,163000,0,163000,163000
055291,京鼎元大97購02  ,0,0,0,0,0,0,0,0,0,163000,0,0,0,216000,53000,163000,163000
057302,福懋科中信98購01,0,0,0,0,0,0,0,0,0,162000,0,0,0,216000,54000,162000,162000
047542,華通凱基94購02  ,0,0,0,0,0,0,0,0,0,162000,0,0,0,168000,6000,162000,162000
049617,光罩群益94購03  ,0,0,0,0,0,0,0,0,0,162000,0,0,0,208000,46000,162000,162000
049717,微星凱基94購01  ,0,0,0,0,0,0,0,0,0,162000,0,0,0,180000,18000,162000,162000
2312,金寶            ,1267000,1093000,174000,0,0,0,0,0,0,-12000,2000,1000,1000,26000,39000,-13000,162000
06686P,麗豐永豐98售02  ,0,0,0,0,0,0,0,0,0,162000,0,0,0,163000,1000,162000,162000
3533,嘉澤            ,408000,237000,171000,0,0,0,95000,122125,-27125,18000,56000,45000,11000,9000,2000,7000,161875
057307,瀚宇博兆豐99購01,0,0,0,0,0,0,0,0,0,161000,0,0,0,171000,10000,161000,161000
04782P,智伸科統一96售01,0,0,0,0,0,0,0,0,0,161000,0,0,0,171000,10000,161000,161000
049159,同欣電中信96購01,0,0,0,0,0,0,0,0,0,161000,0,0,0,287000,126000,161000,161000
054972,聯茂元大97購02  ,0,0,0,0,0,0,0,0,0,161000,0,0,0,368000,207000,161000,161000
057385,光罩永豐99購01  ,0,0,0,0,0,0,0,0,0,160000,0,0,0,362000,202000,160000,160000
05810P,臺股指國票96售03,0,0,0,0,0,0,0,0,0,160000,0,0,0,175000,15000,160000,160000
056113,新日興兆豐98購01,0,0,0,0,0,0,0,0,0,160000,0,0,0,181000,21000,160000,160000
055528,華邦電群益97購01,0,0,0,0,0,0,0,0,0,160000,0,0,0,211000,51000,160000,160000
044464,滬深2X群益95購01,0,0,0,0,0,0,0,0,0,160000,0,0,0,275000,115000,160000,160000
053319,可成群益96購04  ,0,0,0,0,0,0,0,0,0,160000,0,0,0,317000,157000,160000,160000
052068,瑞儀兆豐96購01  ,0,0,0,0,0,0,0,0,0,160000,0,0,0,160000,0,160000,160000
05157P,全新台新96售01  ,0,0,0,0,0,0,0,0,0,160000,0,0,0,160000,0,160000,160000
050735,亞光台新94購01  ,0,0,0,0,0,0,0,0,0,160000,0,0,0,160000,0,160000,160000
053882,聯發科中信98購02,0,0,0,0,0,0,0,0,0,160000,0,0,0,215000,55000,160000,160000
055883,樺漢元富97購01  ,0,0,0,0,0,0,0,0,0,159000,0,0,0,166000,7000,159000,159000
050075,南電凱基94購04  ,0,0,0,0,0,0,0,0,0,159000,0,0,0,407000,248000,159000,159000
052824,揚明光永豐96購02,0,0,0,0,0,0,0,0,0,159000,0,0,0,223000,64000,159000,159000
050558,台積電統一94購14,0,0,0,0,0,0,0,0,0,159000,0,0,0,170000,11000,159000,159000
054247,華邦電元大96購04,0,0,0,0,0,0,0,0,0,158000,0,0,0,160000,2000,158000,158000
056675,聯發科元富02購01,0,0,0,0,0,0,0,0,0,157000,0,0,0,167000,10000,157000,157000
056480,京鼎元大98購02  ,0,0,0,0,0,0,0,0,0,157000,0,0,0,192000,35000,157000,157000
052538,和大統一95購02  ,0,0,0,0,0,0,0,0,0,157000,0,0,0,157000,0,157000,157000
055152,旺宏元大98購04  ,0,0,0,0,0,0,0,0,0,157000,0,0,0,175000,18000,157000,157000
053155,晶技元大97購02  ,0,0,0,0,0,0,0,0,0,157000,0,0,0,316000,159000,157000,157000
056547,臻鼎凱基99購01  ,0,0,0,0,0,0,0,0,0,156000,0,0,0,186000,30000,156000,156000
056407,嘉晶國票99購01  ,0,0,0,0,0,0,0,0,0,156000,0,0,0,315000,159000,156000,156000
056836,國巨元富98購01  ,0,0,0,0,0,0,0,0,0,156000,0,0,0,230000,74000,156000,156000
045683,泰鼎元大93購03  ,0,0,0,0,0,0,0,0,0,156000,0,0,0,232000,76000,156000,156000
052163,康舒永豐95購02  ,0,0,0,0,0,0,0,0,0,156000,0,0,0,176000,20000,156000,156000
05279P,上銀元大95售02  ,0,0,0,0,0,0,0,0,0,156000,0,0,0,156000,0,156000,156000
049136,華通元大95購01  ,0,0,0,0,0,0,0,0,0,156000,0,0,0,225000,69000,156000,156000
054111,緯穎凱基97購01  ,0,0,0,0,0,0,0,0,0,156000,0,0,0,157000,1000,156000,156000
054405,樺漢康和96購01  ,0,0,0,0,0,0,0,0,0,156000,0,0,0,156000,0,156000,156000
051366,康友國泰97購01  ,0,0,0,0,0,0,0,0,0,155000,0,0,0,537000,382000,155000,155000
057001,華邦電國票99購02,0,0,0,0,0,0,0,0,0,154000,0,0,0,154000,0,154000,154000
056282,S&P反1永豐97購01,0,0,0,0,0,0,0,0,0,154000,0,0,0,154000,0,154000,154000
050304,台光電中信94購01,0,0,0,0,0,0,0,0,0,154000,0,0,0,154000,0,154000,154000
051479,兆豐金凱基95購01,0,0,0,0,0,0,0,0,0,154000,0,0,0,204000,50000,154000,154000
055300,緯穎元大98購01  ,0,0,0,0,0,0,0,0,0,154000,0,0,0,263000,109000,154000,154000
048936,玉晶光永豐94購05,0,0,0,0,0,0,0,0,0,153000,0,0,0,469000,316000,153000,153000
048898,晶相光國泰96購01,0,0,0,0,0,0,0,0,0,153000,0,0,0,187000,34000,153000,153000
05540P,亞德客凱基96售01,0,0,0,0,0,0,0,0,0,153000,0,0,0,183000,30000,153000,153000
06361P,聯發科群益97售06,0,0,0,0,0,0,0,0,0,153000,0,0,0,220000,67000,153000,153000
056325,群創兆豐9A購01  ,0,0,0,0,0,0,0,0,0,152000,0,0,0,155000,3000,152000,152000
052558,新唐國票97購01  ,0,0,0,0,0,0,0,0,0,152000,0,0,0,152000,0,152000,152000
054524,華通元富96購03  ,0,0,0,0,0,0,0,0,0,152000,0,0,0,154000,2000,152000,152000
053492,華邦電兆豐97購01,0,0,0,0,0,0,0,0,0,152000,0,0,0,152000,0,152000,152000
2377,微星            ,1449000,971000,478000,0,0,0,0,0,0,-326000,5000,186000,-181000,7000,152000,-145000,152000
056030,華通日盛97購01  ,0,0,0,0,0,0,0,0,0,151000,0,0,0,151000,0,151000,151000
046921,日電貿永豐93購01,0,0,0,0,0,0,0,0,0,151000,0,0,0,161000,10000,151000,151000
047604,智原國泰95購01  ,0,0,0,0,0,0,0,0,0,151000,0,0,0,151000,0,151000,151000
06323P,台郡統一97售01  ,0,0,0,0,0,0,0,0,0,151000,0,0,0,161000,10000,151000,151000
05579P,友達凱基98售03  ,0,0,0,0,0,0,0,0,0,150000,0,0,0,150000,0,150000,150000
056197,友訊永豐97購01  ,0,0,0,0,0,0,0,0,0,150000,0,0,0,218000,68000,150000,150000
056578,智易元大99購02  ,0,0,0,0,0,0,0,0,0,150000,0,0,0,154000,4000,150000,150000
057060,緯穎元大98購05  ,0,0,0,0,0,0,0,0,0,150000,0,0,0,192000,42000,150000,150000
05714P,群創統一97售03  ,0,0,0,0,0,0,0,0,0,150000,0,0,0,150000,0,150000,150000
05760P,京鼎永豐96售02  ,0,0,0,0,0,0,0,0,0,150000,0,0,0,150000,0,150000,150000
057475,聯電元大9A購01  ,0,0,0,0,0,0,0,0,0,150000,0,0,0,150000,0,150000,150000
045206,創意國泰93購02  ,0,0,0,0,0,0,0,0,0,150000,0,0,0,150000,0,150000,150000
04611P,元油2X群益98售02,0,0,0,0,0,0,0,0,0,150000,0,0,0,150000,0,150000,150000
03557P,欣興元大02售17  ,0,0,0,0,0,0,0,0,0,150000,0,0,0,150000,0,150000,150000
04735P,聯茂兆豐94售01  ,0,0,0,0,0,0,0,0,0,150000,0,0,0,150000,0,150000,150000
052451,旭富元大95購02  ,0,0,0,0,0,0,0,0,0,150000,0,0,0,530000,380000,150000,150000
051383,京鼎群益96購02  ,0,0,0,0,0,0,0,0,0,150000,0,0,0,208000,58000,150000,150000
049637,元石油凱基94購01,0,0,0,0,0,0,0,0,0,150000,0,0,0,150000,0,150000,150000
05070P,鴻海統一96售04  ,0,0,0,0,0,0,0,0,0,150000,0,0,0,152000,2000,150000,150000
050360,T50反1元大94購06,0,0,0,0,0,0,0,0,0,150000,0,0,0,154000,4000,150000,150000
053478,京鼎元大96購01  ,0,0,0,0,0,0,0,0,0,150000,0,0,0,402000,252000,150000,150000
055040,台虹富邦99購01  ,0,0,0,0,0,0,0,0,0,150000,0,0,0,150000,0,150000,150000
06107P,美律群益98售02  ,0,0,0,0,0,0,0,0,0,150000,0,0,0,160000,10000,150000,150000
051013,旺宏凱基95購03  ,0,0,0,0,0,0,0,0,0,149000,0,0,0,155000,6000,149000,149000
051429,智邦元富95購01  ,0,0,0,0,0,0,0,0,0,149000,0,0,0,507000,358000,149000,149000
051235,鴻海元大95購06  ,0,0,0,0,0,0,0,0,0,149000,0,0,0,174000,25000,149000,149000
055281,台光電元大98購03,0,0,0,0,0,0,0,0,0,149000,0,0,0,152000,3000,149000,149000
053198,亞德客日盛96購01,0,0,0,0,0,0,0,0,0,149000,0,0,0,151000,2000,149000,149000
05299P,旺宏元大95售04  ,0,0,0,0,0,0,0,0,0,149000,0,0,0,149000,0,149000,149000
055614,華新科國票97購02,0,0,0,0,0,0,0,0,0,148000,0,0,0,277000,129000,148000,148000
052738,聯電元大98購02  ,0,0,0,0,0,0,0,0,0,148000,0,0,0,172000,24000,148000,148000
053996,晶相光群益97購01,0,0,0,0,0,0,0,0,0,148000,0,0,0,186000,38000,148000,148000
054673,京鼎國泰98購01  ,0,0,0,0,0,0,0,0,0,148000,0,0,0,148000,0,148000,148000
056223,華邦電凱基97購04,0,0,0,0,0,0,0,0,0,147000,0,0,0,179000,32000,147000,147000
06029P,聯發科台新96售02,0,0,0,0,0,0,0,0,0,147000,0,0,0,150000,3000,147000,147000
049410,統一凱基94購02  ,0,0,0,0,0,0,0,0,0,147000,0,0,0,149000,2000,147000,147000
051911,大立光元大98購02,0,0,0,0,0,0,0,0,0,147000,0,0,0,360000,213000,147000,147000
050357,南電群益94購02  ,0,0,0,0,0,0,0,0,0,147000,0,0,0,201000,54000,147000,147000
053216,京鼎凱基96購02  ,0,0,0,0,0,0,0,0,0,147000,0,0,0,156000,9000,147000,147000
06656P,GIS元大98售02   ,0,0,0,0,0,0,0,0,0,147000,0,0,0,147000,0,147000,147000
05844P,旺宏元大96售07  ,0,0,0,0,0,0,0,0,0,146000,0,0,0,331000,185000,146000,146000
00865B,國泰US短期公債  ,0,0,0,0,0,0,0,0,0,146000,15000,0,15000,131000,0,131000,146000
049783,元油2X兆豐95購01,0,0,0,0,0,0,0,0,0,146000,0,0,0,176000,30000,146000,146000
054608,致茂永豐97購01  ,0,0,0,0,0,0,0,0,0,146000,0,0,0,186000,40000,146000,146000
2515,中工            ,717000,614000,103000,0,0,0,0,0,0,43000,28000,4000,24000,39000,20000,19000,146000
2406,國碩            ,520000,374368,145632,0,0,0,0,0,0,0,0,0,0,0,0,0,145632
056680,華通統一98購04  ,0,0,0,0,0,0,0,0,0,145000,0,0,0,151000,6000,145000,145000
056716,康舒永豐98購01  ,0,0,0,0,0,0,0,0,0,145000,0,0,0,145000,0,145000,145000
047266,嘉聯益國票94購02,0,0,0,0,0,0,0,0,0,145000,0,0,0,150000,5000,145000,145000
047576,技嘉群益94購01  ,0,0,0,0,0,0,0,0,0,145000,0,0,0,235000,90000,145000,145000
047418,智邦富邦97購01  ,0,0,0,0,0,0,0,0,0,145000,0,0,0,449000,304000,145000,145000
048143,聯發科統一94購03,0,0,0,0,0,0,0,0,0,145000,0,0,0,150000,5000,145000,145000
050761,華通元大94購05  ,0,0,0,0,0,0,0,0,0,145000,0,0,0,211000,66000,145000,145000
054580,樺漢元大98購01  ,0,0,0,0,0,0,0,0,0,145000,0,0,0,221000,76000,145000,145000
057428,正崴兆豐98購01  ,0,0,0,0,0,0,0,0,0,144000,0,0,0,144000,0,144000,144000
057603,樺漢群益98購02  ,0,0,0,0,0,0,0,0,0,144000,0,0,0,172000,28000,144000,144000
057020,台積電凱基99購02,0,0,0,0,0,0,0,0,0,144000,0,0,0,150000,6000,144000,144000
054881,光罩統一97購01  ,0,25000,-25000,0,0,0,0,0,0,169000,0,0,0,169000,0,169000,144000
057278,可成元大98購06  ,0,0,0,0,0,0,0,0,0,143000,0,0,0,208000,65000,143000,143000
04721P,正崴凱基94售02  ,0,0,0,0,0,0,0,0,0,143000,0,0,0,143000,0,143000,143000
047035,華邦電群益94購02,0,0,0,0,0,0,0,0,0,143000,0,0,0,143000,0,143000,143000
054254,晶豪科元大96購02,0,0,0,0,0,0,0,0,0,143000,0,0,0,326000,183000,143000,143000
055478,訊芯凱基97購01  ,0,0,0,0,0,0,0,0,0,143000,0,0,0,143000,0,143000,143000
053947,義隆富邦97購01  ,0,0,0,0,0,0,0,0,0,143000,0,0,0,193000,50000,143000,143000
04695P,正崴康和94售01  ,0,0,0,0,0,0,0,0,0,142000,0,0,0,142000,0,142000,142000
051109,美律統一95購02  ,0,0,0,0,0,0,0,0,0,142000,0,0,0,202000,60000,142000,142000
054975,福懋科元大97購01,0,0,0,0,0,0,0,0,0,142000,0,0,0,201000,59000,142000,142000
054274,智易中信96購02  ,0,0,0,0,0,0,0,0,0,142000,0,0,0,172000,30000,142000,142000
054393,漢唐永豐96購01  ,0,0,0,0,0,0,0,0,0,142000,0,0,0,142000,0,142000,142000
057330,台積電國票99購03,0,0,0,0,0,0,0,0,0,141000,0,0,0,210000,69000,141000,141000
057408,台郡群益98購01  ,0,0,0,0,0,0,0,0,0,141000,0,0,0,201000,60000,141000,141000
055684,京鼎凱基97購01  ,0,0,0,0,0,0,0,0,0,141000,0,0,0,270000,129000,141000,141000
04161P,全新國泰94售01  ,0,0,0,0,0,0,0,0,0,141000,0,0,0,141000,0,141000,141000
045517,元油2X元富98購01,0,0,0,0,0,0,0,0,0,141000,0,0,0,193000,52000,141000,141000
050049,華通群益96購01  ,0,0,0,0,0,0,0,0,0,141000,0,0,0,208000,67000,141000,141000
054629,華新科凱基98購01,0,0,0,0,0,0,0,0,0,141000,0,0,0,344000,203000,141000,141000
053655,全新凱基98購02  ,0,0,0,0,0,0,0,0,0,141000,0,0,0,166000,25000,141000,141000
053373,台泥元大96購01  ,0,0,0,0,0,0,0,0,0,141000,0,0,0,167000,26000,141000,141000
3698,隆達            ,241000,98000,143000,0,0,0,0,0,0,-2000,0,0,0,0,2000,-2000,141000
06697P,台積電國票99售05,0,0,0,0,0,0,0,0,0,141000,0,0,0,164000,23000,141000,141000
5471,松翰            ,329000,183000,146000,0,0,0,0,0,0,-5000,0,5000,-5000,0,0,0,141000
056585,台積電統一9A購01,0,0,0,0,0,0,0,0,0,140000,0,0,0,362000,222000,140000,140000
045414,康控群益94購02  ,0,0,0,0,0,0,0,0,0,140000,0,0,0,140000,0,140000,140000
046649,致伸國泰94購01  ,0,0,0,0,0,0,0,0,0,140000,0,0,0,140000,0,140000,140000
047926,可成凱基94購02  ,0,0,0,0,0,0,0,0,0,140000,0,0,0,279000,139000,140000,140000
048821,光磊凱基95購01  ,0,0,0,0,0,0,0,0,0,140000,0,0,0,250000,110000,140000,140000
051779,大立光群益95購02,0,0,0,0,0,0,0,0,0,140000,0,0,0,140000,0,140000,140000
051892,台光電元富95購03,0,0,0,0,0,0,0,0,0,140000,0,0,0,140000,0,140000,140000
05039P,鴻海凱基95售10  ,0,0,0,0,0,0,0,0,0,140000,0,0,0,142000,2000,140000,140000
049599,樺漢元大95購01  ,0,0,0,0,0,0,0,0,0,140000,0,0,0,140000,0,140000,140000
053839,華通統一96購01  ,0,0,0,0,0,0,0,0,0,140000,0,0,0,140000,0,140000,140000
054315,訊芯凱基98購01  ,0,0,0,0,0,0,0,0,0,140000,0,0,0,150000,10000,140000,140000
05495P,大立光統一95售07,0,0,0,0,0,0,0,0,0,140000,0,0,0,275000,135000,140000,140000
055008,隆達元富97購01  ,0,0,0,0,0,0,0,0,0,140000,0,0,0,340000,200000,140000,140000
055388,華通統一97購03  ,0,0,0,0,0,0,0,0,0,140000,0,0,0,140000,0,140000,140000
04773P,金融類元大94售01,0,0,0,0,0,0,0,0,0,139000,0,0,0,139000,0,139000,139000
051944,智邦統一95購02  ,0,0,0,0,0,0,0,0,0,139000,0,0,0,141000,2000,139000,139000
052018,京鼎永豐95購02  ,0,0,0,0,0,0,0,0,0,139000,0,0,0,196000,57000,139000,139000
054279,揚明光群益98購01,0,0,0,0,0,0,0,0,0,139000,0,0,0,150000,11000,139000,139000
054068,華通國泰96購02  ,0,0,0,0,0,0,0,0,0,139000,0,0,0,216000,77000,139000,139000
1611,中電            ,282000,143000,139000,0,0,0,0,0,0,0,0,0,0,0,0,0,139000
055551,致茂凱基98購01  ,0,0,0,0,0,0,0,0,0,138000,0,0,0,164000,26000,138000,138000
05957P,友達國票97售04  ,0,0,0,0,0,0,0,0,0,138000,0,0,0,190000,52000,138000,138000
052288,敦南統一95購01  ,0,0,0,0,0,0,0,0,0,138000,0,0,0,138000,0,138000,138000
048370,可成統一93購04  ,0,0,0,0,0,0,0,0,0,138000,0,0,0,212000,74000,138000,138000
049313,晶技凱基94購01  ,0,0,0,0,0,0,0,0,0,138000,0,0,0,148000,10000,138000,138000
053760,牧德國泰98購01  ,0,0,0,0,0,0,0,0,0,138000,0,0,0,201000,63000,138000,138000
054834,帆宣中信97購01  ,0,0,0,0,0,0,0,0,0,138000,0,0,0,182000,44000,138000,138000
055454,華邦電元富97購02,0,0,0,0,0,0,0,0,0,138000,0,0,0,468000,330000,138000,138000
055028,佐登國泰98購01  ,0,0,0,0,0,0,0,0,0,138000,0,0,0,150000,12000,138000,138000
057417,國巨凱基9A購03  ,0,0,0,0,0,0,0,0,0,137000,0,0,0,175000,38000,137000,137000
055700,緯穎國泰98購02  ,0,0,0,0,0,0,0,0,0,137000,0,0,0,171000,34000,137000,137000
056141,聯茂元大97購05  ,0,0,0,0,0,0,0,0,0,137000,0,0,0,147000,10000,137000,137000
04243P,大立光永昌93售08,0,0,0,0,0,0,0,0,0,137000,0,0,0,184000,47000,137000,137000
051402,玉晶光永豐95購04,0,0,0,0,0,0,0,0,0,137000,0,0,0,273000,136000,137000,137000
049825,台積電凱基94購26,0,0,0,0,0,0,0,0,0,137000,0,0,0,207000,70000,137000,137000
050717,京鼎群益96購01  ,0,0,0,0,0,0,0,0,0,137000,0,0,0,151000,14000,137000,137000
053245,全新國票97購01  ,0,0,0,0,0,0,0,0,0,137000,0,0,0,167000,30000,137000,137000
053265,南亞科群益96購02,0,0,0,0,0,0,0,0,0,137000,0,0,0,137000,0,137000,137000
044988,玉晶光統一95購01,0,0,0,0,0,0,0,0,0,136000,0,0,0,179000,43000,136000,136000
047529,嘉晶元大94購02  ,0,0,0,0,0,0,0,0,0,136000,0,0,0,526000,390000,136000,136000
051846,S&P反1中信96購02,0,0,0,0,0,0,0,0,0,136000,0,0,0,166000,30000,136000,136000
052984,漢唐元大96購01  ,0,0,0,0,0,0,0,0,0,136000,0,0,0,138000,2000,136000,136000
054662,同欣電元大97購02,0,0,0,0,0,0,0,0,0,136000,0,0,0,146000,10000,136000,136000
055723,康控元大97購04  ,0,0,0,0,0,0,0,0,0,135000,0,0,0,150000,15000,135000,135000
051197,光寶科麥證95購01,0,0,0,135000,0,135000,0,0,0,135000,0,0,0,135000,0,135000,135000
051372,樺漢富邦96購01  ,0,0,0,0,0,0,0,0,0,135000,0,0,0,165000,30000,135000,135000
050376,百和元大95購01  ,0,0,0,0,0,0,0,0,0,135000,0,0,0,155000,20000,135000,135000
055447,華新科統一97購04,0,0,0,0,0,0,0,0,0,135000,0,0,0,135000,0,135000,135000
052939,富邦金兆豐96購01,0,0,0,0,0,0,0,0,0,135000,0,0,0,145000,10000,135000,135000
057391,樺漢永豐98購01  ,0,0,0,0,0,0,0,0,0,134000,0,0,0,134000,0,134000,134000
049408,旺宏日盛94購01  ,0,0,0,0,0,0,0,0,0,134000,0,0,0,248000,114000,134000,134000
047848,可成統一93購01  ,0,0,0,0,0,0,0,0,0,134000,0,0,0,172000,38000,134000,134000
045897,泰鼎元大93購04  ,0,0,0,0,0,0,0,0,0,134000,0,0,0,150000,16000,134000,134000
053583,漢唐元大96購03  ,0,0,0,0,0,0,0,0,0,134000,0,0,0,134000,0,134000,134000
054224,亞光統一98購01  ,0,0,0,0,0,0,0,0,0,134000,0,0,0,156000,22000,134000,134000
055741,健策元富97購01  ,0,0,0,0,0,0,0,0,0,133000,0,0,0,312000,179000,133000,133000
056313,聯茂元大98購01  ,0,0,0,0,0,0,0,0,0,133000,0,0,0,225000,92000,133000,133000
053318,全新群益99購01  ,0,0,0,0,0,0,0,0,0,133000,0,0,0,168000,35000,133000,133000
055449,超眾統一9A購01  ,0,0,0,0,0,0,0,0,0,133000,0,0,0,203000,70000,133000,133000
055177,宏達電統一99購01,0,0,0,0,0,0,0,0,0,133000,0,0,0,196000,63000,133000,133000
053395,致茂中信96購01  ,0,0,0,0,0,0,0,0,0,133000,0,0,0,133000,0,133000,133000
056561,台光電群益98購02,0,0,0,0,0,0,0,0,0,132000,0,0,0,187000,55000,132000,132000
056712,京鼎永豐98購01  ,0,0,0,0,0,0,0,0,0,132000,0,0,0,188000,56000,132000,132000
05573P,仁寶元富96售02  ,0,0,0,0,0,0,0,0,0,132000,0,0,0,138000,6000,132000,132000
052608,欣興元大97購01  ,0,0,0,0,0,0,0,0,0,132000,0,0,0,463000,331000,132000,132000
055500,京鼎元大97購04  ,0,0,0,0,0,0,0,0,0,132000,0,0,0,151000,19000,132000,132000
055996,矽力國泰99購01  ,0,0,0,0,0,0,0,0,0,131000,0,0,0,318000,187000,131000,131000
057240,茂林凱基9A購01  ,0,0,0,0,0,0,0,0,0,131000,0,0,0,151000,20000,131000,131000
052006,康友富邦98購01  ,0,0,0,0,0,0,0,0,0,131000,0,0,0,240000,109000,131000,131000
049638,A50反1凱基94購01,0,0,0,0,0,0,0,0,0,131000,0,0,0,131000,0,131000,131000
051891,智邦元富95購04  ,0,0,0,0,0,0,0,0,0,131000,0,0,0,347000,216000,131000,131000
054931,緯穎凱基98購01  ,0,0,0,0,0,0,0,0,0,131000,0,0,0,286000,155000,131000,131000
053420,華邦電永豐96購01,0,0,0,0,0,0,0,0,0,131000,0,0,0,131000,0,131000,131000
053518,聯茂群益96購03  ,0,0,0,0,0,0,0,0,0,131000,0,0,0,141000,10000,131000,131000
053263,華邦電群益96購03,0,0,0,0,0,0,0,0,0,131000,0,0,0,146000,15000,131000,131000
053284,樺漢元大97購01  ,0,0,0,0,0,0,0,0,0,131000,0,0,0,139000,8000,131000,131000
052875,樺漢凱基96購02  ,0,0,0,0,0,0,0,0,0,131000,0,0,0,181000,50000,131000,131000
048651,美利達元大96購05,0,0,0,0,0,0,0,0,0,130000,0,0,0,130000,0,130000,130000
047494,華邦電元富96購01,0,0,0,0,0,0,0,0,0,130000,0,0,0,190000,60000,130000,130000
050900,台郡元大95購02  ,0,0,0,0,0,0,0,0,0,130000,0,0,0,150000,20000,130000,130000
052048,景碩凱基95購01  ,0,0,0,0,0,0,0,0,0,130000,0,0,0,337000,207000,130000,130000
053614,台積電群益96購08,0,0,0,0,0,0,0,0,0,130000,0,0,0,210000,80000,130000,130000
053998,泰鼎群益98購01  ,0,0,0,0,0,0,0,0,0,130000,0,0,0,285000,155000,130000,130000
054359,南亞科日盛96購02,0,0,0,0,0,0,0,0,0,130000,0,0,0,150000,20000,130000,130000
057133,京鼎凱基98購02  ,0,0,0,0,0,0,0,0,0,129000,0,0,0,179000,50000,129000,129000
056977,國巨群益9A購01  ,0,0,0,0,0,0,0,0,0,129000,0,0,0,221000,92000,129000,129000
055740,智易元富97購01  ,0,0,0,0,0,0,0,0,0,129000,0,0,0,139000,10000,129000,129000
056502,A50正2永豐98購01,0,0,0,0,0,0,0,0,0,129000,0,0,0,189000,60000,129000,129000
051560,玉晶光國泰97購03,0,0,0,0,0,0,0,0,0,129000,0,0,0,290000,161000,129000,129000
054288,華邦電元大96購05,0,0,0,0,0,0,0,0,0,129000,0,0,0,254000,125000,129000,129000
3018,同開            ,321000,192000,129000,0,0,0,0,0,0,0,0,0,0,0,0,0,129000
056651,聯茂凱基98購04  ,0,0,0,0,0,0,0,0,0,128000,0,0,0,334000,206000,128000,128000
049074,光罩凱基94購02  ,0,0,0,0,0,0,0,0,0,128000,0,0,0,187000,59000,128000,128000
054253,宏達電元大97購03,0,0,0,0,0,0,0,0,0,128000,0,0,0,220000,92000,128000,128000
054535,旺宏富邦97購02  ,0,0,0,0,0,0,0,0,0,128000,0,0,0,213000,85000,128000,128000
1102,亞泥            ,5455000,5323000,132000,0,0,0,7000,0,7000,-11000,12000,13000,-1000,21000,31000,-10000,128000
06052P,台郡國票97售06  ,0,0,0,0,0,0,0,0,0,128000,0,0,0,128000,0,128000,128000
056495,泰鼎國泰99購01  ,0,0,0,0,0,0,0,0,0,127000,0,0,0,133000,6000,127000,127000
049048,玉晶光台新94購01,0,0,0,0,0,0,0,0,0,127000,0,0,0,157000,30000,127000,127000
054907,帆宣康和97購01  ,0,0,0,0,0,0,0,0,0,127000,0,0,0,444000,317000,127000,127000
054056,華新科國票96購02,0,0,0,0,0,0,0,0,0,127000,0,0,0,128000,1000,127000,127000
1315,達新            ,288000,161000,127000,0,0,0,0,0,0,0,0,0,0,0,0,0,127000
2355,敬鵬            ,204000,76000,128000,0,0,0,0,0,0,-1000,0,1000,-1000,0,0,0,127000
05930P,景碩康和96售01  ,0,0,0,0,0,0,0,0,0,126000,0,0,0,126000,0,126000,126000
052215,樺漢元大96購02  ,0,0,0,0,0,0,0,0,0,126000,0,0,0,135000,9000,126000,126000
044645,元金2X群益93購01,0,0,0,0,0,0,0,0,0,126000,0,0,0,130000,4000,126000,126000
036804,國巨元富93購01  ,0,0,0,0,0,0,0,0,0,126000,0,0,0,126000,0,126000,126000
051187,晶相光永豐95購01,0,0,0,0,0,0,0,0,0,126000,0,0,0,131000,5000,126000,126000
049985,華擎凱基94購01  ,0,0,0,0,0,0,0,0,0,126000,0,0,0,148000,22000,126000,126000
054091,晶豪科群益96購01,0,0,0,0,0,0,0,0,0,126000,0,0,0,166000,40000,126000,126000
055154,聯發科元大98購01,0,0,0,0,0,0,0,0,0,126000,0,0,0,306000,180000,126000,126000
06800P,台灣50群益9A售02,0,0,0,0,0,0,0,0,0,126000,0,0,0,126000,0,126000,126000
05884P,旺宏統一96售01  ,0,0,0,0,0,0,0,0,0,125000,0,0,0,180000,55000,125000,125000
057334,技嘉國票98購02  ,0,0,0,0,0,0,0,0,0,125000,0,0,0,179000,54000,125000,125000
056209,超眾永豐97購02  ,0,0,0,0,0,0,0,0,0,125000,0,0,0,148000,23000,125000,125000
055638,上銀元富97購01  ,0,0,0,0,0,0,0,0,0,125000,0,0,0,275000,150000,125000,125000
05028P,康控永豐95售02  ,0,0,0,0,0,0,0,0,0,125000,0,0,0,125000,0,125000,125000
051741,可成國票97購01  ,0,0,0,0,0,0,0,0,0,125000,0,0,0,517000,392000,125000,125000
050699,京鼎凱基96購01  ,0,0,0,0,0,0,0,0,0,125000,0,0,0,180000,55000,125000,125000
051642,鈺齊台新95購01  ,0,0,0,0,0,0,0,0,0,125000,0,0,0,125000,0,125000,125000
052142,滬深2X群益99購04,0,0,0,0,0,0,0,0,0,125000,0,0,0,665000,540000,125000,125000
049176,漢唐凱基94購02  ,0,0,0,0,0,0,0,0,0,125000,0,0,0,125000,0,125000,125000
05438P,康控永豐95售05  ,0,0,0,0,0,0,0,0,0,125000,0,0,0,125000,0,125000,125000
053611,聯茂麥證96購01  ,0,0,0,135000,10000,125000,0,0,0,125000,0,0,0,135000,10000,125000,125000
06206P,台積電凱基97售11,0,0,0,0,0,0,0,0,0,125000,0,0,0,203000,78000,125000,125000
057306,玉晶光兆豐99購01,0,0,0,0,0,0,0,0,0,124000,0,0,0,133000,9000,124000,124000
04322P,可成元大94售01  ,0,0,0,0,0,0,0,0,0,124000,0,0,0,127000,3000,124000,124000
053912,T50反1國票97購02,0,0,0,0,0,0,0,0,0,124000,0,0,0,139000,15000,124000,124000
056635,亞德客日盛99購01,0,0,0,0,0,0,0,0,0,123000,0,0,0,136000,13000,123000,123000
04747P,臺股指元大94售22,0,0,0,0,0,0,0,0,0,123000,0,0,0,973000,850000,123000,123000
050442,復盛凱基94購01  ,0,0,0,0,0,0,0,0,0,123000,0,0,0,310000,187000,123000,123000
051514,智邦凱基95購05  ,0,0,0,0,0,0,0,0,0,123000,0,0,0,227000,104000,123000,123000
053511,鴻海群益96購04  ,0,0,0,0,0,0,0,0,0,123000,0,0,0,130000,7000,123000,123000
053446,欣興凱基96購02  ,0,0,0,0,0,0,0,0,0,123000,0,0,0,123000,0,123000,123000
055283,聯發科元大97購16,0,0,0,0,0,0,0,0,0,123000,0,0,0,352000,229000,123000,123000
06657P,寶成元大98售01  ,0,0,0,0,0,0,0,0,0,123000,0,0,0,123000,0,123000,123000
055550,華邦電凱基97購03,0,0,0,0,0,0,0,0,0,122000,0,0,0,136000,14000,122000,122000
05580P,美律凱基96售03  ,0,0,0,0,0,0,0,0,0,122000,0,0,0,146000,24000,122000,122000
056121,勤誠群益97購01  ,0,0,0,0,0,0,0,0,0,122000,0,0,0,125000,3000,122000,122000
04949P,致新元大94售04  ,0,0,0,0,0,0,0,0,0,122000,0,0,0,215000,93000,122000,122000
049026,晶相光群益94購01,0,0,0,0,0,0,0,0,0,122000,0,0,0,147000,25000,122000,122000
052847,漢唐統一99購01  ,0,0,0,0,0,0,0,0,0,122000,0,0,0,122000,0,122000,122000
055430,宏達電群益97購01,0,0,0,0,0,0,0,0,0,122000,0,0,0,182000,60000,122000,122000
055424,聚陽群益98購01  ,0,0,0,0,0,0,0,0,0,122000,0,0,0,200000,78000,122000,122000
05487P,台表科凱基95售02,0,0,0,0,0,0,0,0,0,122000,0,0,0,122000,0,122000,122000
06330P,南亞科群益97售03,0,0,0,0,0,0,0,0,0,122000,0,0,0,133000,11000,122000,122000
056709,華通永豐98購01  ,0,0,0,0,0,0,0,0,0,121000,0,0,0,159000,38000,121000,121000
04412P,欣興元富94售01  ,0,0,0,0,0,0,0,0,0,121000,0,0,0,145000,24000,121000,121000
047783,聯茂國泰94購02  ,0,0,0,0,0,0,0,0,0,121000,0,0,0,167000,46000,121000,121000
052483,超眾群益95購03  ,0,0,0,0,0,0,0,0,0,121000,0,0,0,141000,20000,121000,121000
054716,緯穎康和97購01  ,0,0,0,0,0,0,0,0,0,121000,0,0,0,121000,0,121000,121000
054577,世芯元大98購01  ,0,0,0,0,0,0,0,0,0,121000,0,0,0,206000,85000,121000,121000
055109,正崴凱基98購01  ,0,0,0,0,0,0,0,0,0,121000,0,0,0,121000,0,121000,121000
053444,奇力新凱基96購03,0,0,0,0,0,0,0,0,0,121000,0,0,0,177000,56000,121000,121000
056657,華邦電元大99購01,0,0,0,0,0,0,0,0,0,120000,0,0,0,160000,40000,120000,120000
05619P,創意元富96售02  ,0,0,0,0,0,0,0,0,0,120000,0,0,0,233000,113000,120000,120000
04728P,美律亞東94售02  ,0,0,0,0,0,0,0,0,0,120000,0,0,0,120000,0,120000,120000
049152,大立光元大95購06,0,0,0,0,0,0,0,0,0,120000,0,0,0,135000,15000,120000,120000
051021,啟碁凱基95購02  ,0,0,0,0,0,0,0,0,0,120000,0,0,0,120000,0,120000,120000
050083,旺宏元富94購01  ,0,0,0,0,0,0,0,0,0,120000,0,0,0,130000,10000,120000,120000
053816,聯發科群益96購02,0,0,0,0,0,0,0,0,0,120000,0,0,0,120000,0,120000,120000
053887,聯茂兆豐97購02  ,0,0,0,0,0,0,0,0,0,120000,0,0,0,155000,35000,120000,120000
05490P,鴻海元大95售23  ,0,0,0,0,0,0,0,0,0,120000,0,0,0,170000,50000,120000,120000
06419P,國巨統一97售09  ,0,0,0,0,0,0,0,0,0,120000,0,0,0,120000,0,120000,120000
06652P,長榮航元大98售01,0,0,0,0,0,0,0,0,0,120000,0,0,0,130000,10000,120000,120000
056263,友訊統一99購01  ,0,0,0,0,0,0,0,0,0,119000,0,0,0,119000,0,119000,119000
056293,上銀元大97購10  ,0,0,0,0,0,0,0,0,0,119000,0,0,0,157000,38000,119000,119000
057201,華擎元富98購01  ,0,0,0,0,0,0,0,0,0,119000,0,0,0,314000,195000,119000,119000
044299,南電凱基93購02  ,0,0,0,0,0,0,0,0,0,119000,0,0,0,363000,244000,119000,119000
051480,大立光凱基97購01,0,0,0,0,0,0,0,0,0,119000,0,0,0,119000,0,119000,119000
054957,興富發元大97購01,0,0,0,0,0,0,0,0,0,119000,0,0,0,119000,0,119000,119000
055007,晶相光元富9A購02,0,0,0,0,0,0,0,0,0,119000,0,0,0,196000,77000,119000,119000
055181,日電貿統一97購01,0,0,0,0,0,0,0,0,0,119000,0,0,0,119000,0,119000,119000
055182,京鼎統一98購01  ,0,0,0,0,0,0,0,0,0,119000,0,0,0,167000,48000,119000,119000
06428P,國巨元大97售17  ,0,0,0,0,0,0,0,0,0,119000,0,0,0,153000,34000,119000,119000
057188,佐登元大98購01  ,0,0,0,0,0,0,0,0,0,118000,0,0,0,118000,0,118000,118000
057727,華邦電國泰9A購01,0,0,0,0,0,0,0,0,0,118000,0,0,0,187000,69000,118000,118000
056610,鴻海永豐98購01  ,0,0,0,0,0,0,0,0,0,118000,0,0,0,387000,269000,118000,118000
056742,玉晶光凱基9A購01,0,0,0,0,0,0,0,0,0,118000,0,0,0,170000,52000,118000,118000
048634,華通元大94購01  ,0,0,0,0,0,0,0,0,0,118000,0,0,0,192000,74000,118000,118000
048117,南電群益93購02  ,0,0,0,0,0,0,0,0,0,118000,0,0,0,246000,128000,118000,118000
051167,京鼎元大95購01  ,0,0,0,0,0,0,0,0,0,118000,0,0,0,143000,25000,118000,118000
051099,台郡元大95購03  ,0,0,0,0,0,0,0,0,0,118000,0,0,0,120000,2000,118000,118000
055507,樺漢元大98購02  ,0,0,0,0,0,0,0,0,0,118000,0,0,0,476000,358000,118000,118000
053980,泰鼎元大97購02  ,0,0,0,0,0,0,0,0,0,118000,0,0,0,221000,103000,118000,118000
06366P,鴻海凱基97售10  ,0,0,0,0,0,0,0,0,0,118000,0,0,0,118000,0,118000,118000
2426,鼎元            ,163000,45000,118000,0,0,0,0,0,0,0,1000,1000,0,0,0,0,118000
2499,東貝            ,242000,124000,118000,0,0,0,0,0,0,0,0,0,0,0,0,0,118000
05651P,大立光元大97售02,0,0,0,0,0,0,0,0,0,117000,0,0,0,117000,0,117000,117000
055663,崇越中信97購01  ,0,0,0,0,0,0,0,0,0,117000,0,0,0,120000,3000,117000,117000
052088,漢唐元大95購02  ,0,0,0,0,0,0,0,0,0,117000,0,0,0,117000,0,117000,117000
053618,新唐群益96購01  ,0,0,0,0,0,0,0,0,0,117000,0,0,0,133000,16000,117000,117000
052776,力山國票97購01  ,0,0,0,0,0,0,0,0,0,117000,0,0,0,169000,52000,117000,117000
055290,玉晶光元大98購08,0,0,0,0,0,0,0,0,0,117000,0,0,0,260000,143000,117000,117000
054824,同欣電元大97購04,0,0,0,0,0,0,0,0,0,117000,0,0,0,130000,13000,117000,117000
056203,興富發永豐97購01,0,0,0,0,0,0,0,0,0,116000,0,0,0,116000,0,116000,116000
056402,智易群益98購02  ,0,0,0,0,0,0,0,0,0,116000,0,0,0,187000,71000,116000,116000
057462,光磊永豐98購02  ,0,0,0,0,0,0,0,0,0,116000,0,0,0,348000,232000,116000,116000
057298,旭富永豐98購01  ,0,0,0,0,0,0,0,0,0,116000,0,0,0,750000,634000,116000,116000
049451,富邦金統一94購03,0,0,0,0,0,0,0,0,0,116000,0,0,0,116000,0,116000,116000
052119,漢唐國票96購01  ,0,15000,-15000,0,0,0,0,0,0,131000,0,0,0,161000,30000,131000,116000
051462,世芯國泰97購01  ,0,0,0,0,0,0,0,0,0,116000,0,0,0,610000,494000,116000,116000
050072,京鼎凱基94購02  ,0,0,0,0,0,0,0,0,0,116000,0,0,0,136000,20000,116000,116000
055379,牧德元大97購03  ,0,0,0,0,0,0,0,0,0,116000,0,0,0,123000,7000,116000,116000
054991,南亞科元富97購01,0,0,0,0,0,0,0,0,0,116000,0,0,0,121000,5000,116000,116000
053569,漢唐統一98購01  ,0,0,0,0,0,0,0,0,0,116000,0,0,0,116000,0,116000,116000
06297P,美律元大97售01  ,0,0,0,0,0,0,0,0,0,116000,0,0,0,116000,0,116000,116000
057294,台灣50永豐99購01,0,0,0,0,0,0,0,0,0,115000,0,0,0,566000,451000,115000,115000
057463,華邦電永豐98購01,0,0,0,0,0,0,0,0,0,115000,0,0,0,200000,85000,115000,115000
056647,晶技凱基98購02  ,0,0,0,0,0,0,0,0,0,115000,0,0,0,231000,116000,115000,115000
05568P,台積電統一96售03,0,0,0,0,0,0,0,0,0,115000,0,0,0,115000,0,115000,115000
055879,神達元富97購01  ,0,0,0,0,0,0,0,0,0,115000,0,0,0,666000,551000,115000,115000
049859,味全兆豐95購01  ,0,0,0,0,0,0,0,0,0,115000,0,0,0,185000,70000,115000,115000
051525,日月光凱基95購02,0,0,0,0,0,0,0,0,0,115000,0,0,0,115000,0,115000,115000
051195,台郡中信95購01  ,0,0,0,0,0,0,0,0,0,115000,0,0,0,356000,241000,115000,115000
051241,台積電元大95購13,0,0,0,0,0,0,0,0,0,115000,0,0,0,225000,110000,115000,115000
053914,國巨國票96購08  ,0,0,0,0,0,0,0,0,0,115000,0,0,0,149000,34000,115000,115000
06331P,南亞科群益97售04,0,0,0,0,0,0,0,0,0,115000,0,0,0,123000,8000,115000,115000
06190P,玉晶光永豐97售05,0,0,0,0,0,0,0,0,0,115000,0,0,0,171000,56000,115000,115000
056984,嘉晶群益98購01  ,0,0,0,0,0,0,0,0,0,114000,0,0,0,131000,17000,114000,114000
04737P,正崴永豐94售02  ,0,0,0,0,0,0,0,0,0,114000,0,0,0,114000,0,114000,114000
052677,景碩富邦97購01  ,100000,100000,0,0,0,0,0,0,0,114000,0,0,0,281000,167000,114000,114000
049518,宏達電國票95購02,0,0,0,0,0,0,0,0,0,114000,0,0,0,130000,16000,114000,114000
054742,京鼎凱基99購01  ,0,0,0,0,0,0,0,0,0,114000,0,0,0,130000,16000,114000,114000
06286P,世芯國票97售02  ,0,0,0,0,0,0,0,0,0,114000,0,0,0,128000,14000,114000,114000
2405,浩鑫            ,194000,80000,114000,0,0,0,0,0,0,0,0,0,0,0,0,0,114000
057501,超眾群益98購04  ,0,0,0,0,0,0,0,0,0,113000,0,0,0,117000,4000,113000,113000
056587,聯發科統一9A購01,0,0,0,0,0,0,0,0,0,113000,0,0,0,159000,46000,113000,113000
048130,美利達元大96購01,0,0,0,0,0,0,0,0,0,113000,0,0,0,123000,10000,113000,113000
050804,和大日盛95購01  ,0,0,0,0,0,0,0,0,0,113000,0,0,0,113000,0,113000,113000
052602,聯電元大97購01  ,0,0,0,0,0,0,0,0,0,113000,0,0,0,113000,0,113000,113000
048575,旺宏國泰94購04  ,0,0,0,0,0,0,0,0,0,112000,0,0,0,118000,6000,112000,112000
043748,漢唐元大93購01  ,0,0,0,0,0,0,0,0,0,112000,0,0,0,112000,0,112000,112000
051045,南茂永豐95購01  ,0,0,0,0,0,0,0,0,0,112000,0,0,0,112000,0,112000,112000
054620,南茂永豐97購01  ,0,0,0,0,0,0,0,0,0,112000,0,0,0,112000,0,112000,112000
055006,晶相光元富9A購01,0,0,0,0,0,0,0,0,0,112000,0,0,0,142000,30000,112000,112000
055328,鈺齊國票98購01  ,0,0,0,0,0,0,0,0,0,112000,0,0,0,122000,10000,112000,112000
053456,大立光元富96購04,0,0,0,0,0,0,0,0,0,112000,0,0,0,126000,14000,112000,112000
056531,佳世達凱基98購01,0,0,0,0,0,0,0,0,0,111000,0,0,0,150000,39000,111000,111000
05727P,新光金日盛96售02,0,0,0,0,0,0,0,0,0,111000,0,0,0,168000,57000,111000,111000
057381,微星國泰9A購01  ,0,0,0,0,0,0,0,0,0,111000,0,0,0,163000,52000,111000,111000
050773,京鼎元大94購02  ,0,0,0,0,0,0,0,0,0,111000,0,0,0,155000,44000,111000,111000
053950,緯穎富邦97購02  ,0,0,0,0,0,0,0,0,0,111000,0,0,0,146000,35000,111000,111000
04383P,泰鼎國泰95售01  ,0,0,0,0,0,0,0,0,0,110000,0,0,0,200000,90000,110000,110000
04602P,聯詠凱基94售02  ,0,0,0,0,0,0,0,0,0,110000,0,0,0,110000,0,110000,110000
045258,漢唐凱基93購01  ,0,0,0,0,0,0,0,0,0,110000,0,0,0,110000,0,110000,110000
04578P,微星富邦96售01  ,0,0,0,0,0,0,0,0,0,110000,0,0,0,110000,0,110000,110000
04451P,可成凱基94售04  ,0,0,0,0,0,0,0,0,0,110000,0,0,0,141000,31000,110000,110000
048965,佳世達元大94購01,0,0,0,0,0,0,0,0,0,110000,0,0,0,168000,58000,110000,110000
047007,大立光統一93購05,0,0,0,0,0,0,0,0,0,110000,0,0,0,110000,0,110000,110000
051083,A50正2元大98購01,0,0,0,0,0,0,0,0,0,110000,0,0,0,120000,10000,110000,110000
051002,華邦電亞東96購01,0,0,0,0,0,0,0,0,0,110000,0,0,0,110000,0,110000,110000
050035,聯茂元大94購07  ,0,0,0,0,0,0,0,0,0,110000,0,0,0,220000,110000,110000,110000
050117,麗豐元大96購02  ,0,0,0,0,0,0,0,0,0,110000,0,0,0,110000,0,110000,110000
049346,新光金統一95購01,0,0,0,0,0,0,0,0,0,110000,0,0,0,110000,0,110000,110000
053994,微星群益96購01  ,0,0,0,0,0,0,0,0,0,110000,0,0,0,168000,58000,110000,110000
053524,聯電中信97購02  ,0,0,0,0,0,0,0,0,0,110000,0,0,0,110000,0,110000,110000
054770,健策國票98購01  ,0,0,0,0,0,0,0,0,0,110000,0,0,0,290000,180000,110000,110000
054412,智邦元大96購03  ,0,0,0,0,0,0,0,0,0,110000,0,0,0,114000,4000,110000,110000
056370,台郡元大98購03  ,0,0,0,0,0,0,0,0,0,109000,0,0,0,142000,33000,109000,109000
055895,群創統一97購04  ,0,0,0,0,0,0,0,0,0,109000,0,0,0,109000,0,109000,109000
051299,致茂凱基95購01  ,0,0,0,0,0,0,0,0,0,109000,0,0,0,109000,0,109000,109000
051261,鴻海永昌96購05  ,0,0,0,0,0,0,0,0,0,109000,0,0,0,110000,1000,109000,109000
051500,聯茂群益95購01  ,0,0,0,0,0,0,0,0,0,109000,0,0,0,130000,21000,109000,109000
06313P,訊芯元富97售01  ,0,0,0,0,0,0,0,0,0,109000,0,0,0,166000,57000,109000,109000
06496P,台灣50日盛98售01,0,0,0,0,0,0,0,0,0,109000,0,0,0,1056000,947000,109000,109000
056092,亞德客元富97購02,0,0,0,0,0,0,0,0,0,108000,0,0,0,121000,13000,108000,108000
055603,超眾元大97購04  ,0,0,0,0,0,0,0,0,0,108000,0,0,0,108000,0,108000,108000
055568,緯穎凱基97購02  ,0,0,0,0,0,0,0,0,0,108000,0,0,0,168000,60000,108000,108000
056365,欣興元大98購01  ,0,0,0,0,0,0,0,0,0,108000,0,0,0,197000,89000,108000,108000
057327,玉晶光群益9A購04,0,0,0,0,0,0,0,0,0,108000,0,0,0,254000,146000,108000,108000
057103,禾伸堂中信9A購01,0,0,0,0,0,0,0,0,0,108000,0,0,0,171000,63000,108000,108000
048237,致茂國票94購01  ,0,0,0,0,0,0,0,0,0,108000,0,0,0,118000,10000,108000,108000
047080,仁寶康和93購01  ,0,0,0,0,0,0,0,0,0,108000,0,0,0,108000,0,108000,108000
05140P,台表科國票96售01,0,0,0,0,0,0,0,0,0,108000,0,0,0,158000,50000,108000,108000
053162,緯穎元大97購01  ,0,0,0,0,0,0,0,0,0,108000,0,0,0,234000,126000,108000,108000
06622P,牧德元大98售01  ,0,0,0,0,0,0,0,0,0,108000,0,0,0,123000,15000,108000,108000
08388P,台灣50中信03售09,0,0,0,0,0,0,0,0,0,108000,0,0,0,108000,0,108000,108000
1905,華紙            ,255000,148000,107000,0,0,0,0,0,0,1000,1000,0,1000,0,0,0,108000
056312,茂林元大98購01  ,0,0,0,0,0,0,0,0,0,107000,0,0,0,107000,0,107000,107000
055555,全新凱基9A購01  ,0,0,0,0,0,0,0,0,0,107000,0,0,0,227000,120000,107000,107000
055781,聯詠凱基98購01  ,0,0,0,0,0,0,0,0,0,107000,0,0,0,136000,29000,107000,107000
05261P,鴻海元大95售20  ,0,0,0,0,0,0,0,0,0,107000,0,0,0,407000,300000,107000,107000
050671,超眾永豐94購04  ,0,0,0,0,0,0,0,0,0,107000,0,0,0,112000,5000,107000,107000
055133,致新康和97購01  ,0,0,0,0,0,0,0,0,0,107000,0,0,0,107000,0,107000,107000
06692P,瑞昱凱基98售03  ,0,0,0,0,0,0,0,0,0,107000,0,0,0,196000,89000,107000,107000
05120P,聯發科國泰97售01,0,0,0,0,0,0,0,0,0,106000,0,0,0,150000,44000,106000,106000
049302,聯茂日盛94購01  ,0,0,0,0,0,0,0,0,0,106000,0,0,0,106000,0,106000,106000
055396,瑞儀統一97購01  ,0,0,0,0,0,0,0,0,0,106000,0,0,0,254000,148000,106000,106000
052898,樺漢群益96購01  ,0,0,0,0,0,0,0,0,0,106000,0,0,0,117000,11000,106000,106000
053210,華邦電凱基97購02,0,0,0,0,0,0,0,0,0,106000,0,0,0,106000,0,106000,106000
053710,華通凱基96購05  ,0,0,0,0,0,0,0,0,0,106000,0,0,0,107000,1000,106000,106000
2461,光群雷          ,158000,52000,106000,0,0,0,0,0,0,0,0,0,0,0,0,0,106000
056069,新日興元大97購03,0,0,0,0,0,0,0,0,0,105000,0,0,0,176000,71000,105000,105000
05592P,可成群益96售03  ,0,0,0,0,0,0,0,0,0,105000,0,0,0,137000,32000,105000,105000
06038P,國泰金台新96售01,0,0,0,0,0,0,0,0,0,105000,0,0,0,105000,0,105000,105000
048056,全新國泰94購02  ,0,0,0,0,0,0,0,0,0,105000,0,0,0,105000,0,105000,105000
049419,欣興凱基94購04  ,0,0,0,0,0,0,0,0,0,105000,0,0,0,105000,0,105000,105000
050164,揚明光國泰95購01,0,0,0,0,0,0,0,0,0,105000,0,0,0,115000,10000,105000,105000
04565P,聯詠凱基94售01  ,0,0,0,0,0,0,0,0,0,105000,0,0,0,112000,7000,105000,105000
045984,亞光麥證93購02  ,0,0,0,105000,0,105000,0,0,0,105000,0,0,0,105000,0,105000,105000
053301,華通凱基96購04  ,0,0,0,0,0,0,0,0,0,105000,0,0,0,105000,0,105000,105000
052612,康舒元大97購01  ,0,0,0,0,0,0,0,0,0,105000,0,0,0,130000,25000,105000,105000
050664,全新台新94購02  ,0,0,0,0,0,0,0,0,0,105000,0,0,0,105000,0,105000,105000
049743,全新台新94購01  ,0,0,0,0,0,0,0,0,0,105000,0,0,0,105000,0,105000,105000
052061,樺漢國票96購01  ,0,0,0,0,0,0,0,0,0,105000,0,0,0,143000,38000,105000,105000
053926,晶相光國票97購01,0,0,0,0,0,0,0,0,0,105000,0,0,0,167000,62000,105000,105000
054069,亞光國泰98購01  ,0,0,0,0,0,0,0,0,0,105000,0,0,0,177000,72000,105000,105000
053044,南茂凱基96購02  ,0,0,0,0,0,0,0,0,0,105000,0,0,0,120000,15000,105000,105000
055455,健策國泰98購02  ,0,0,0,0,0,0,0,0,0,105000,0,0,0,510000,405000,105000,105000
055252,新光金統一98購02,0,0,0,0,0,0,0,0,0,105000,0,0,0,105000,0,105000,105000
055179,大立光統一97購04,0,0,0,0,0,0,0,0,0,105000,0,0,0,321000,216000,105000,105000
05449P,臺股指元大95售26,0,0,0,0,0,0,0,0,0,105000,0,0,0,1468000,1363000,105000,105000
06316P,臺股指元富97售03,0,0,0,0,0,0,0,0,0,105000,0,0,0,348000,243000,105000,105000
05682P,大立光元大98售03,0,0,0,0,0,0,0,0,0,104000,0,0,0,122000,18000,104000,104000
03560P,台積電兆豐03售10,0,0,0,0,0,0,0,0,0,104000,0,0,0,164000,60000,104000,104000
03639C,元油2X元大9B牛01,0,0,0,0,0,0,0,0,0,104000,0,0,0,105000,1000,104000,104000
048337,致茂元大93購04  ,0,0,0,0,0,0,0,0,0,104000,0,0,0,104000,0,104000,104000
048178,上銀富邦95購02  ,0,0,0,0,0,0,0,0,0,104000,0,0,0,189000,85000,104000,104000
048780,臺股指凱基94購03,0,0,0,0,0,0,0,0,0,104000,0,0,0,116000,12000,104000,104000
051704,智邦群益95購02  ,0,0,0,0,0,0,0,0,0,104000,0,0,0,164000,60000,104000,104000
050876,復盛永豐95購01  ,0,0,0,0,0,0,0,0,0,104000,0,0,0,176000,72000,104000,104000
052855,群創日盛99購01  ,0,0,0,0,0,0,0,0,0,104000,0,0,0,106000,2000,104000,104000
056614,智邦永豐98購01  ,0,0,0,0,0,0,0,0,0,103000,0,0,0,198000,95000,103000,103000
048733,台勝科麥證95購02,0,0,0,140000,37000,103000,0,0,0,103000,0,0,0,140000,37000,103000,103000
04751P,智邦兆豐95售02  ,0,0,0,0,0,0,0,0,0,103000,0,0,0,146000,43000,103000,103000
05227P,大立光統一95售04,0,0,0,0,0,0,0,0,0,103000,0,0,0,103000,0,103000,103000
053358,晶技統一98購01  ,0,0,0,0,0,0,0,0,0,103000,0,0,0,108000,5000,103000,103000
050945,致茂群益95購01  ,0,0,0,0,0,0,0,0,0,103000,0,0,0,129000,26000,103000,103000
052051,京鼎凱基95購01  ,0,0,0,0,0,0,0,0,0,103000,0,0,0,171000,68000,103000,103000
054348,康控國票97購03  ,0,0,0,0,0,0,0,0,0,103000,0,0,0,123000,20000,103000,103000
053828,貿聯麥證96購01  ,0,0,0,113000,10000,103000,0,0,0,103000,0,0,0,113000,10000,103000,103000
06486P,麗豐元大98售02  ,0,0,0,0,0,0,0,0,0,103000,0,0,0,104000,1000,103000,103000
2606,裕民            ,244000,138000,106000,0,0,0,1000,0,1000,-4000,0,4000,-4000,0,0,0,103000
6139,亞翔            ,197000,88000,109000,0,0,0,0,0,0,-6000,0,0,0,0,6000,-6000,103000
05611P,康控群益96售02  ,0,0,0,0,0,0,0,0,0,102000,0,0,0,122000,20000,102000,102000
056816,華通永豐98購02  ,0,0,0,0,0,0,0,0,0,102000,0,0,0,114000,12000,102000,102000
056779,元油2X群益9A購02,0,0,0,0,0,0,0,0,0,102000,0,0,0,110000,8000,102000,102000
057052,華擎元大98購01  ,0,0,0,0,0,0,0,0,0,102000,0,0,0,260000,158000,102000,102000
00675L,富邦臺灣加權正2 ,0,0,0,0,0,0,0,0,0,102000,0,0,0,173000,71000,102000,102000
052619,茂林國泰99購01  ,0,0,0,0,0,0,0,0,0,102000,0,0,0,112000,10000,102000,102000
050443,復盛凱基94購02  ,0,0,0,0,0,0,0,0,0,102000,0,0,0,113000,11000,102000,102000
052768,泰鼎群益96購01  ,0,0,0,0,0,0,0,0,0,102000,0,0,0,172000,70000,102000,102000
054458,復盛群益96購01  ,0,0,0,0,0,0,0,0,0,102000,0,0,0,304000,202000,102000,102000
06504P,麗豐國票99售02  ,0,0,0,0,0,0,0,0,0,102000,0,0,0,102000,0,102000,102000
057461,國巨永豐98購07  ,0,0,0,0,0,0,0,0,0,101000,0,0,0,118000,17000,101000,101000
055840,南亞科元大97購03,0,0,0,0,0,0,0,0,0,101000,0,0,0,179000,78000,101000,101000
04185P,欣興統一93售05  ,0,0,0,0,0,0,0,0,0,101000,0,0,0,101000,0,101000,101000
047808,智邦凱基93購07  ,0,0,0,0,0,0,0,0,0,101000,0,0,0,111000,10000,101000,101000
04874P,高股息中信97售01,0,0,0,0,0,0,0,0,0,101000,0,0,0,101000,0,101000,101000
051428,玉晶光統一96購01,0,0,0,0,0,0,0,0,0,101000,0,0,0,116000,15000,101000,101000
052455,樺漢元大96購03  ,0,0,0,0,0,0,0,0,0,101000,0,0,0,200000,99000,101000,101000
052386,鴻海群益96購02  ,0,0,0,0,0,0,0,0,0,101000,0,0,0,151000,50000,101000,101000
051075,智邦國泰97購01  ,0,0,0,0,0,0,0,0,0,101000,0,0,0,469000,368000,101000,101000
05083P,麗豐永豐95售02  ,0,0,0,0,0,0,0,0,0,101000,0,0,0,102000,1000,101000,101000
051786,A50正2國票95購02,0,0,0,0,0,0,0,0,0,101000,0,0,0,101000,0,101000,101000
053778,旺宏元大97購03  ,0,0,0,0,0,0,0,0,0,101000,0,0,0,438000,337000,101000,101000
053955,華通永豐96購04  ,0,0,0,0,0,0,0,0,0,101000,0,0,0,101000,0,101000,101000
06452P,大立光元大98售08,0,0,0,0,0,0,0,0,0,101000,0,0,0,102000,1000,101000,101000
5522,遠雄            ,262000,186156,75844,0,0,0,0,0,0,25000,75000,50000,25000,0,0,0,100844
055937,康舒群益97購01  ,0,0,0,0,0,0,0,0,0,100000,0,0,0,194000,94000,100000,100000
05609P,國泰金凱基96售01,0,0,0,0,0,0,0,0,0,100000,0,0,0,100000,0,100000,100000
05557P,S&P500中信96售02,0,0,0,0,0,0,0,0,0,100000,0,0,0,100000,0,100000,100000
056699,光罩國泰99購01  ,0,0,0,0,0,0,0,0,0,100000,0,0,0,300000,200000,100000,100000
056349,道瓊銀元大9B購01,0,0,0,0,0,0,0,0,0,100000,0,0,0,100000,0,100000,100000
056145,緯穎元大98購03  ,0,0,0,0,0,0,0,0,0,100000,0,0,0,216000,116000,100000,100000
057606,健策統一98購03  ,0,0,0,0,0,0,0,0,0,100000,0,0,0,100000,0,100000,100000
057587,微星國票99購01  ,0,0,0,0,0,0,0,0,0,100000,0,0,0,100000,0,100000,100000
05879P,台積電台新96售03,0,0,0,0,0,0,0,0,0,100000,0,0,0,100000,0,100000,100000
05685P,臺股指元大96售10,0,0,0,0,0,0,0,0,0,100000,0,0,0,280000,180000,100000,100000
057329,緯穎群益98購02  ,0,0,0,0,0,0,0,0,0,100000,0,0,0,113000,13000,100000,100000
047909,超眾元大93購03  ,0,0,0,0,0,0,0,0,0,100000,0,0,0,100000,0,100000,100000
047032,台虹元大93購01  ,0,0,0,0,0,0,0,0,0,100000,0,0,0,107000,7000,100000,100000
047330,康舒元大93購01  ,0,0,0,0,0,0,0,0,0,100000,0,0,0,100000,0,100000,100000
047113,聯發科元大93購12,0,0,0,0,0,0,0,0,0,100000,0,0,0,100000,0,100000,100000
046843,上銀永豐93購01  ,0,0,0,0,0,0,0,0,0,100000,0,0,0,100000,0,100000,100000
047210,漢唐富邦95購01  ,0,0,0,0,0,0,0,0,0,100000,0,0,0,100000,0,100000,100000
048402,聯茂兆豐95購01  ,0,0,0,0,0,0,0,0,0,100000,0,0,0,100000,0,100000,100000
048571,美利達元大96購03,0,0,0,0,0,0,0,0,0,100000,0,0,0,100000,0,100000,100000
048572,美利達元大96購04,0,0,0,0,0,0,0,0,0,100000,0,0,0,100000,0,100000,100000
048969,兆赫元大94購01  ,0,0,0,0,0,0,0,0,0,100000,0,0,0,100000,0,100000,100000
048100,貿聯凱基93購02  ,0,0,0,0,0,0,0,0,0,100000,0,0,0,100000,0,100000,100000
048105,滬深2X群益99購02,0,0,0,0,0,0,0,0,0,100000,0,0,0,101000,1000,100000,100000
047778,美利達元大93購01,0,0,0,0,0,0,0,0,0,100000,0,0,0,100000,0,100000,100000
04867P,美律統一94售03  ,0,0,0,0,0,0,0,0,0,100000,0,0,0,100000,0,100000,100000
044411,A50正2統一93購01,0,0,0,0,0,0,0,0,0,100000,0,0,0,110000,10000,100000,100000
042194,揚明光富邦93購01,0,0,0,0,0,0,0,0,0,100000,0,0,0,100000,0,100000,100000
042857,臺指反國票93購01,0,0,0,0,0,0,0,0,0,100000,0,0,0,100000,0,100000,100000
03109P,台積電元大01售41,0,0,0,0,0,0,0,0,0,100000,0,0,0,100000,0,100000,100000
03428P,台積電元大02售28,0,0,0,0,0,0,0,0,0,100000,0,0,0,100000,0,100000,100000
03969P,華新科國票94售01,0,0,0,0,0,0,0,0,0,100000,0,0,0,100000,0,100000,100000
046054,冠德群益93購01  ,0,0,0,0,0,0,0,0,0,100000,0,0,0,100000,0,100000,100000
04379P,大立光元大94售06,0,0,0,0,0,0,0,0,0,100000,0,0,0,100000,0,100000,100000
04392P,牧德凱基94售05  ,0,0,0,0,0,0,0,0,0,100000,0,0,0,100000,0,100000,100000
04377P,大立光元大94售04,0,0,0,0,0,0,0,0,0,100000,0,0,0,100000,0,100000,100000
04372P,臺股指凱基94售02,0,0,0,0,0,0,0,0,0,100000,0,0,0,100000,0,100000,100000
051447,新光金元大97購01,0,0,0,0,0,0,0,0,0,100000,0,0,0,100000,0,100000,100000
051630,力山國票96購01  ,0,0,0,0,0,0,0,0,0,100000,0,0,0,100000,0,100000,100000
050747,道瓊銀統一94購03,0,0,0,0,0,0,0,0,0,100000,0,0,0,100000,0,100000,100000
052015,漢唐永豐95購02  ,0,0,0,0,0,0,0,0,0,100000,0,0,0,100000,0,100000,100000
051023,S&P反1統一95購02,0,0,0,0,0,0,0,0,0,100000,0,0,0,100000,0,100000,100000
049579,鴻海元大94購06  ,0,0,0,0,0,0,0,0,0,100000,0,0,0,279000,179000,100000,100000
052448,新光金元大96購03,0,0,0,0,0,0,0,0,0,100000,0,0,0,100000,0,100000,100000
050612,台積電元大95購06,0,0,0,0,0,0,0,0,0,100000,0,0,0,100000,0,100000,100000
053351,A50正2兆豐97購01,0,0,0,0,0,0,0,0,0,100000,0,0,0,100000,0,100000,100000
052840,友達富邦96購01  ,0,0,0,0,0,0,0,0,0,100000,0,0,0,100000,0,100000,100000
051427,聯發科統一95購04,0,0,0,0,0,0,0,0,0,100000,0,0,0,100000,0,100000,100000
051659,力山國泰97購01  ,0,0,0,0,0,0,0,0,0,100000,0,0,0,100000,0,100000,100000
052102,台泥兆豐96購01  ,0,0,0,0,0,0,0,0,0,100000,0,0,0,100000,0,100000,100000
050388,鴻海統一94購09  ,0,0,0,0,0,0,0,0,0,100000,0,0,0,100000,0,100000,100000
049209,GIS群益94購03   ,0,0,0,0,0,0,0,0,0,100000,0,0,0,100000,0,100000,100000
053918,美律國票97購01  ,0,0,0,0,0,0,0,0,0,100000,0,0,0,100000,0,100000,100000
054013,聯發科永豐96購02,0,0,0,0,0,0,0,0,0,100000,0,0,0,100000,0,100000,100000
05404P,台積電群益95售06,0,0,0,0,0,0,0,0,0,100000,0,0,0,100000,0,100000,100000
054142,致伸元大97購01  ,0,0,0,0,0,0,0,0,0,100000,0,0,0,106000,6000,100000,100000
054267,上銀第一96購01  ,0,0,0,0,0,0,0,0,0,100000,0,0,0,197000,97000,100000,100000
054805,台苯元大9A購01  ,0,0,0,0,0,0,0,0,0,100000,0,0,0,100000,0,100000,100000
054871,明泰群益98購01  ,0,0,0,0,0,0,0,0,0,100000,0,0,0,100000,0,100000,100000
055124,建準兆豐97購01  ,0,0,0,0,0,0,0,0,0,100000,0,0,0,100000,0,100000,100000
055513,旺宏亞東98購01  ,0,0,0,0,0,0,0,0,0,100000,0,0,0,100000,0,100000,100000
06613P,華新科富邦9A售03,0,0,0,0,0,0,0,0,0,100000,0,0,0,200000,100000,100000,100000
06265P,美律凱基97售01  ,0,0,0,0,0,0,0,0,0,100000,0,0,0,121000,21000,100000,100000
06215P,康控永豐97售02  ,0,0,0,0,0,0,0,0,0,100000,0,0,0,100000,0,100000,100000
06091P,華新科統一97售01,0,0,0,0,0,0,0,0,0,100000,0,0,0,100000,0,100000,100000
04378P,大立光元大94售05,0,0,0,0,0,0,0,0,0,99000,0,0,0,99000,0,99000,99000
044396,燿華凱基93購02  ,0,0,0,0,0,0,0,0,0,99000,0,0,0,99000,0,99000,99000
046499,技嘉元大92購02  ,0,0,0,0,0,0,0,0,0,99000,0,0,0,99000,0,99000,99000
052291,鴻海元富97購02  ,0,0,0,0,0,0,0,0,0,99000,0,0,0,100000,1000,99000,99000
050170,臺指反元大97購02,0,0,0,0,0,0,0,0,0,99000,0,0,0,99000,0,99000,99000
047950,滬深2X永豐94購02,0,0,0,0,0,0,0,0,0,99000,0,0,0,100000,1000,99000,99000
048049,滬深反中信96購01,0,0,0,0,0,0,0,0,0,99000,0,0,0,120000,21000,99000,99000
048871,晶豪科國票94購01,0,0,0,0,0,0,0,0,0,99000,0,0,0,100000,1000,99000,99000
047522,微星元大93購02  ,0,0,0,0,0,0,0,0,0,99000,0,0,0,167000,68000,99000,99000
05139P,臺股指凱基95售06,0,0,0,0,0,0,0,0,0,99000,0,0,0,107000,8000,99000,99000
052392,台表科群益96購02,0,0,0,0,0,0,0,0,0,99000,0,0,0,249000,150000,99000,99000
053572,彩晶統一96購01  ,0,0,0,0,0,0,0,0,0,99000,0,0,0,100000,1000,99000,99000
4968,立積            ,435000,400000,35000,0,0,0,0,0,0,64000,20000,15000,5000,61000,2000,59000,99000
047380,統一元大93購01  ,0,0,0,0,0,0,0,0,0,98000,0,0,0,98000,0,98000,98000
052363,廣達國票96購01  ,0,0,0,0,0,0,0,0,0,98000,0,0,0,310000,212000,98000,98000
048908,慧洋富邦95購01  ,0,0,0,0,0,0,0,0,0,98000,0,0,0,98000,0,98000,98000
049021,慧洋群益94購01  ,0,0,0,0,0,0,0,0,0,98000,0,0,0,98000,0,98000,98000
048994,南電元大94購03  ,0,0,0,0,0,0,0,0,0,98000,0,0,0,292000,194000,98000,98000
045216,鴻海元大93購02  ,0,0,0,0,0,0,0,0,0,98000,0,0,0,100000,2000,98000,98000
049247,光寶科元大94購02,0,0,0,0,0,0,0,0,0,98000,0,0,0,98000,0,98000,98000
050474,鴻海永豐94購05  ,0,0,0,0,0,0,0,0,0,98000,0,0,0,98000,0,98000,98000
049762,華邦電國泰95購01,0,0,0,0,0,0,0,0,0,98000,0,0,0,247000,149000,98000,98000
050251,樺漢凱基94購02  ,0,0,0,0,0,0,0,0,0,98000,0,0,0,98000,0,98000,98000
050884,聯茂國泰96購01  ,0,0,0,0,0,0,0,0,0,98000,0,0,0,98000,0,98000,98000
051494,中環兆豐95購01  ,0,0,0,0,0,0,0,0,0,98000,0,0,0,98000,0,98000,98000
054005,旺宏統一97購04  ,0,0,0,0,0,0,0,0,0,98000,0,0,0,98000,0,98000,98000
055413,全新富邦98購01  ,0,0,0,0,0,0,0,0,0,98000,0,0,0,98000,0,98000,98000
055002,群創元富99購04  ,0,0,0,0,0,0,0,0,0,98000,0,0,0,200000,102000,98000,98000
054831,緯穎國泰98購01  ,0,0,0,0,0,0,0,0,0,98000,0,0,0,104000,6000,98000,98000
06225P,華新科元富97售04,0,0,0,0,0,0,0,0,0,98000,0,0,0,103000,5000,98000,98000
06513P,鴻海凱基98售10  ,0,0,0,0,0,0,0,0,0,98000,0,0,0,152000,54000,98000,98000
056978,技嘉群益99購01  ,0,0,0,0,0,0,0,0,0,97000,0,0,0,149000,52000,97000,97000
056506,晶豪科永豐98購02,0,0,0,0,0,0,0,0,0,97000,0,0,0,111000,14000,97000,97000
055991,鈺齊元富97購01  ,0,0,0,0,0,0,0,0,0,97000,0,0,0,100000,3000,97000,97000
052321,華擎元大95購01  ,0,0,0,0,0,0,0,0,0,97000,0,0,0,147000,50000,97000,97000
054573,漢唐元大98購01  ,0,0,0,0,0,0,0,0,0,97000,0,0,0,189000,92000,97000,97000
053207,SP黃豆凱基96購01,0,0,0,0,0,0,0,0,0,97000,0,0,0,100000,3000,97000,97000
06436P,台光電國票98售04,0,0,0,0,0,0,0,0,0,97000,0,0,0,116000,19000,97000,97000
1712,興農            ,197000,85000,112000,0,0,0,0,0,0,-15000,0,15000,-15000,0,0,0,97000
056074,茂林元大97購04  ,0,0,0,0,0,0,0,0,0,96000,0,0,0,134000,38000,96000,96000
056543,京鼎凱基98購01  ,0,0,0,0,0,0,0,0,0,96000,0,0,0,184000,88000,96000,96000
057211,鴻海群益98購05  ,0,0,0,0,0,0,0,0,0,96000,0,0,0,158000,62000,96000,96000
046877,燿華國泰94購01  ,0,0,0,0,0,0,0,0,0,96000,0,0,0,96000,0,96000,96000
03651C,臺股指凱基97牛17,0,0,0,0,0,0,0,0,0,96000,0,0,0,193000,97000,96000,96000
049720,欣興凱基94購05  ,0,0,0,0,0,0,0,0,0,96000,0,0,0,146000,50000,96000,96000
051985,智邦元大95購05  ,0,0,0,0,0,0,0,0,0,96000,0,0,0,145000,49000,96000,96000
052629,訊芯中信99購01  ,0,0,0,0,0,0,0,0,0,96000,0,0,0,178000,82000,96000,96000
052610,貿聯元大97購01  ,0,0,0,0,0,0,0,0,0,96000,0,0,0,96000,0,96000,96000
053283,同欣電元大96購03,0,0,0,0,0,0,0,0,0,96000,0,0,0,123000,27000,96000,96000
055138,大毅永豐97購02  ,0,0,0,0,0,0,0,0,0,96000,0,0,0,143000,47000,96000,96000
055343,國巨凱基97購03  ,0,0,0,0,0,0,0,0,0,96000,0,0,0,180000,84000,96000,96000
056484,聯茂元大98購02  ,0,0,0,0,0,0,0,0,0,95000,0,0,0,95000,0,95000,95000
055880,神達元富97購02  ,0,0,0,0,0,0,0,0,0,95000,0,0,0,467000,372000,95000,95000
055692,緯穎凱基97購03  ,0,0,0,0,0,0,0,0,0,95000,0,0,0,143000,48000,95000,95000
046298,聯發科富邦94購01,0,0,0,0,0,0,0,0,0,95000,0,0,0,121000,26000,95000,95000
04320P,亞德客元大93售07,0,0,0,0,0,0,0,0,0,95000,0,0,0,95000,0,95000,95000
048562,宏達電元大95購01,0,0,0,0,0,0,0,0,0,95000,0,0,0,152000,57000,95000,95000
048379,台郡元富96購01  ,0,0,0,0,0,0,0,0,0,95000,0,0,0,115000,20000,95000,95000
049148,全新元大95購01  ,0,0,0,0,0,0,0,0,0,95000,0,0,0,100000,5000,95000,95000
051231,健策群益97購01  ,0,0,0,0,0,0,0,0,0,95000,0,0,0,105000,10000,95000,95000
05181P,健策凱基95售01  ,0,0,0,0,0,0,0,0,0,95000,0,0,0,95000,0,95000,95000
050768,聯發科元大94購16,0,0,0,0,0,0,0,0,0,95000,0,0,0,100000,5000,95000,95000
055220,緯穎凱基98購02  ,0,0,0,0,0,0,0,0,0,95000,0,0,0,185000,90000,95000,95000
05466P,旺宏富邦97售01  ,0,0,0,0,0,0,0,0,0,95000,0,0,0,295000,200000,95000,95000
5469,瀚宇博          ,820000,781097,38903,0,0,0,0,0,0,56000,0,1000,-1000,91000,34000,57000,94903
04723P,美律凱基94售06  ,0,0,0,0,0,0,0,0,0,94000,0,0,0,94000,0,94000,94000
050836,緯穎凱基95購01  ,0,0,0,0,0,0,0,0,0,94000,0,0,0,117000,23000,94000,94000
049603,富邦金亞東94購01,0,0,0,0,0,0,0,0,0,94000,0,0,0,94000,0,94000,94000
052722,群創統一97購02  ,0,0,0,0,0,0,0,0,0,94000,0,0,0,94000,0,94000,94000
054377,臺股指中信99購09,0,0,0,0,0,0,0,0,0,94000,0,0,0,148000,54000,94000,94000
054472,道瓊反中信9A購01,0,0,0,0,0,0,0,0,0,94000,0,0,0,109000,15000,94000,94000
05288P,寶成元富95售02  ,0,0,0,0,0,0,0,0,0,94000,0,0,0,116000,22000,94000,94000
053916,漢唐國票97購04  ,0,0,0,0,0,0,0,0,0,94000,0,0,0,102000,8000,94000,94000
3050,鈺德            ,108000,14000,94000,0,0,0,0,0,0,0,0,0,0,0,0,0,94000
06243P,亞光元富97售01  ,0,0,0,0,0,0,0,0,0,94000,0,0,0,137000,43000,94000,94000
055921,新唐凱基98購01  ,0,0,0,0,0,0,0,0,0,93000,0,0,0,93000,0,93000,93000
057508,康控國票99購03  ,0,0,0,0,0,0,0,0,0,93000,0,0,0,111000,18000,93000,93000
048460,盛群凱基94購01  ,0,0,0,0,0,0,0,0,0,93000,0,0,0,93000,0,93000,93000
051370,聯詠富邦97購01  ,0,0,0,0,0,0,0,0,0,93000,0,0,0,210000,117000,93000,93000
054055,全新國票99購02  ,0,0,0,0,0,0,0,0,0,93000,0,0,0,139000,46000,93000,93000
053281,茂林元大96購02  ,0,0,0,0,0,0,0,0,0,93000,0,0,0,106000,13000,93000,93000
053197,超眾元富96購02  ,0,0,0,0,0,0,0,0,0,93000,0,0,0,233000,140000,93000,93000
054800,訊芯群益99購01  ,0,0,0,0,0,0,0,0,0,93000,0,0,0,93000,0,93000,93000
06346P,聯鈞元富97售02  ,0,0,0,0,0,0,0,0,0,93000,0,0,0,103000,10000,93000,93000
05567P,致伸群益96售01  ,0,0,0,0,0,0,0,0,0,92000,0,0,0,92000,0,92000,92000
05643P,大立光中信98售01,0,0,0,0,0,0,0,0,0,92000,0,0,0,100000,8000,92000,92000
052734,台表科國泰98購02,0,0,0,0,0,0,0,0,0,92000,0,0,0,92000,0,92000,92000
050033,日月光元大94購01,0,0,0,0,0,0,0,0,0,92000,0,0,0,92000,0,92000,92000
05008P,大立光元富95售05,0,0,0,0,0,0,0,0,0,92000,0,0,0,92000,0,92000,92000
054214,京鼎國票97購02  ,0,0,0,0,0,0,0,0,0,92000,0,0,0,92000,0,92000,92000
054015,晶豪科永豐96購03,0,0,0,0,0,0,0,0,0,92000,0,0,0,107000,15000,92000,92000
053756,亞光元富96購02  ,0,0,0,0,0,0,0,0,0,92000,0,0,0,92000,0,92000,92000
3607,谷崧            ,93000,1000,92000,0,0,0,0,0,0,0,0,0,0,0,0,0,92000
055662,上銀中信99購01  ,0,0,0,0,0,0,0,0,0,91000,0,0,0,242000,151000,91000,91000
048064,可成統一93購02  ,0,0,0,0,0,0,0,0,0,91000,0,0,0,91000,0,91000,91000
049108,玉晶光富邦96購02,0,0,0,0,0,0,0,0,0,91000,0,0,0,246000,155000,91000,91000
04877P,聯發科麥證94售04,0,0,0,91000,0,91000,0,0,0,91000,0,0,0,91000,0,91000,91000
044013,友達凱基93購01  ,0,0,0,0,0,0,0,0,0,91000,0,0,0,102000,11000,91000,91000
052731,宏達電國泰98購01,0,0,0,0,0,0,0,0,0,91000,0,0,0,287000,196000,91000,91000
051243,微星元大95購01  ,0,0,0,0,0,0,0,0,0,91000,0,0,0,126000,35000,91000,91000
053866,景碩元大97購02  ,0,0,0,0,0,0,0,0,0,91000,0,0,0,212000,121000,91000,91000
052422,聯電國票96購03  ,0,0,0,0,0,0,0,0,0,91000,0,0,0,101000,10000,91000,91000
053496,義隆兆豐96購02  ,0,0,0,0,0,0,0,0,0,91000,0,0,0,91000,0,91000,91000
052882,南電凱基96購02  ,0,0,0,0,0,0,0,0,0,91000,0,0,0,514000,423000,91000,91000
052941,康控兆豐97購01  ,0,0,0,0,0,0,0,0,0,91000,0,0,0,107000,16000,91000,91000
054362,亞光凱基96購03  ,0,0,0,0,0,0,0,0,0,91000,0,0,0,176000,85000,91000,91000
054961,玉晶光元大99購01,0,0,0,0,0,0,0,0,0,91000,0,0,0,313000,222000,91000,91000
1808,潤隆            ,184000,92000,92000,0,0,0,0,0,0,-1000,0,1000,-1000,0,0,0,91000
06268P,聯詠凱基97售02  ,0,0,0,0,0,0,0,0,0,91000,0,0,0,110000,19000,91000,91000
06521P,矽力元大98售01  ,0,0,0,0,0,0,0,0,0,91000,0,0,0,95000,4000,91000,91000
055656,新唐元富97購01  ,0,0,0,0,0,0,0,0,0,90000,0,0,0,140000,50000,90000,90000
055605,緯穎元大97購02  ,0,0,0,0,0,0,0,0,0,90000,0,0,0,249000,159000,90000,90000
055524,鴻海群益98購01  ,0,0,0,0,0,0,0,0,0,90000,0,0,0,417000,327000,90000,90000
05587P,鴻海凱基96售12  ,0,0,0,0,0,0,0,0,0,90000,0,0,0,103000,13000,90000,90000
056194,聯發科富邦9B購01,0,0,0,0,0,0,0,0,0,90000,0,0,0,182000,92000,90000,90000
056256,聯茂元富97購03  ,0,0,0,0,0,0,0,0,0,90000,0,0,0,100000,10000,90000,90000
047797,臺股指群益93購08,0,0,0,0,0,0,0,0,0,90000,0,0,0,90000,0,90000,90000
046142,康舒統一93購01  ,0,0,0,0,0,0,0,0,0,90000,0,0,0,90000,0,90000,90000
048782,亞泥元大94購01  ,0,0,0,0,0,0,0,0,0,90000,0,0,0,102000,12000,90000,90000
048707,南電國票95購01  ,0,0,0,0,0,0,0,0,0,90000,0,0,0,119000,29000,90000,90000
049009,南亞科麥證94購01,0,0,0,90000,0,90000,0,0,0,90000,0,0,0,90000,0,90000,90000
049455,上海銀統一94購02,0,0,0,0,0,0,0,0,0,90000,0,0,0,100000,10000,90000,90000
05037P,華新科元大95售09,0,0,0,0,0,0,0,0,0,90000,0,0,0,120000,30000,90000,90000
052856,滬深2X凱基98購01,0,0,0,0,0,0,0,0,0,90000,0,0,0,90000,0,90000,90000
050326,正崴永豐94購03  ,0,0,0,0,0,0,0,0,0,90000,0,0,0,90000,0,90000,90000
050191,和碩元大94購02  ,0,0,0,0,0,0,0,0,0,90000,0,0,0,90000,0,90000,90000
051028,台光電元富95購02,0,0,0,0,0,0,0,0,0,90000,0,0,0,90000,0,90000,90000
051029,緯創元富95購01  ,0,0,0,0,0,0,0,0,0,90000,0,0,0,100000,10000,90000,90000
050628,美律中信94購02  ,0,0,0,0,0,0,0,0,0,90000,0,0,0,100000,10000,90000,90000
051450,世芯元大95購02  ,0,0,0,0,0,0,0,0,0,90000,0,0,0,113000,23000,90000,90000
051507,彩晶元富95購01  ,0,0,0,0,0,0,0,0,0,90000,0,0,0,160000,70000,90000,90000
054532,強茂國泰98購01  ,0,0,0,0,0,0,0,0,0,90000,0,0,0,180000,90000,90000,90000
054514,道瓊銀元大98購01,0,0,0,0,0,0,0,0,0,90000,0,0,0,120000,30000,90000,90000
05301P,矽力元大95售02  ,0,0,0,0,0,0,0,0,0,90000,0,0,0,240000,150000,90000,90000
053697,臻鼎元大96購02  ,0,0,0,0,0,0,0,0,0,90000,0,0,0,100000,10000,90000,90000
06625P,華新科統一98售03,0,0,0,0,0,0,0,0,0,90000,0,0,0,90000,0,90000,90000
055927,南亞科群益97購01,0,0,0,0,0,0,0,0,0,89000,0,0,0,100000,11000,89000,89000
055965,泰鼎元大97購03  ,0,0,0,0,0,0,0,0,0,89000,0,0,0,212000,123000,89000,89000
055609,旺宏國票99購01  ,0,0,0,0,0,0,0,0,0,89000,0,0,0,196000,107000,89000,89000
057504,技嘉麥證98購01  ,0,0,0,214000,125000,89000,0,0,0,89000,0,0,0,214000,125000,89000,89000
056792,訊芯群益98購01  ,0,0,0,0,0,0,0,0,0,89000,0,0,0,110000,21000,89000,89000
052182,鴻海群益96購01  ,0,0,0,0,0,0,0,0,0,89000,0,0,0,89000,0,89000,89000
04857P,美律元富94售01  ,0,0,0,0,0,0,0,0,0,89000,0,0,0,164000,75000,89000,89000
048883,玉晶光統一94購01,0,0,0,0,0,0,0,0,0,89000,0,0,0,89000,0,89000,89000
047772,泰鼎元大93購05  ,0,0,0,0,0,0,0,0,0,89000,0,0,0,100000,11000,89000,89000
051032,南電元富95購01  ,0,0,0,0,0,0,0,0,0,89000,0,0,0,366000,277000,89000,89000
053806,鎧勝凱基96購02  ,0,0,0,0,0,0,0,0,0,89000,0,0,0,123000,34000,89000,89000
053018,旺宏元富96購02  ,0,0,0,0,0,0,0,0,0,89000,0,0,0,172000,83000,89000,89000
054720,禾伸堂永豐97購01,0,0,0,0,0,0,0,0,0,89000,0,0,0,189000,100000,89000,89000
054588,玉晶光國泰99購02,0,0,0,0,0,0,0,0,0,89000,0,0,0,161000,72000,89000,89000
055184,群創統一98購02  ,0,0,0,0,0,0,0,0,0,89000,0,0,0,137000,48000,89000,89000
055294,智易元大98購01  ,0,0,0,0,0,0,0,0,0,89000,0,0,0,120000,31000,89000,89000
057529,嘉晶元大99購02  ,0,0,0,0,0,0,0,0,0,88000,0,0,0,194000,106000,88000,88000
06004P,奇力新永豐96售02,0,0,0,0,0,0,0,0,0,88000,0,0,0,98000,10000,88000,88000
00688L,國泰20年美債正2 ,0,0,0,0,0,0,0,0,0,88000,0,0,0,191000,103000,88000,88000
048349,美利達元大96購02,0,0,0,0,0,0,0,0,0,88000,0,0,0,100000,12000,88000,88000
049843,康友中信95購01  ,0,0,0,0,0,0,0,0,0,88000,0,0,0,127000,39000,88000,88000
052391,瑞儀群益95購01  ,0,0,0,0,0,0,0,0,0,88000,0,0,0,98000,10000,88000,88000
052450,嘉澤元大95購03  ,0,0,0,0,0,0,0,0,0,88000,0,0,0,125000,37000,88000,88000
051685,台光電凱基95購01,0,0,0,0,0,0,0,0,0,88000,0,0,0,88000,0,88000,88000
05489P,臺股指凱基95售22,0,0,0,0,0,0,0,0,0,88000,0,0,0,328000,240000,88000,88000
054170,泰鼎凱基98購01  ,0,0,0,0,0,0,0,0,0,88000,0,0,0,124000,36000,88000,88000
06558P,旺宏元富98售02  ,0,0,0,0,0,0,0,0,0,88000,0,0,0,90000,2000,88000,88000
057564,台積電富邦9B購03,0,0,0,0,0,0,0,0,0,87000,0,0,0,92000,5000,87000,87000
056947,國巨統一9A購01  ,0,0,0,0,0,0,0,0,0,87000,0,0,0,95000,8000,87000,87000
057038,元油2X元大9B購06,0,0,0,0,0,0,0,0,0,87000,0,0,0,100000,13000,87000,87000
055676,亞德客凱基97購03,0,0,0,0,0,0,0,0,0,87000,0,0,0,178000,91000,87000,87000
055717,聯發科元大97購19,0,0,0,0,0,0,0,0,0,87000,0,0,0,416000,329000,87000,87000
056290,正文永豐98購01  ,0,0,0,0,0,0,0,0,0,87000,0,0,0,155000,68000,87000,87000
048268,長榮航中信95購01,0,0,0,0,0,0,0,0,0,87000,0,0,0,87000,0,87000,87000
041452,滬深2X元富93購01,0,0,0,0,0,0,0,0,0,87000,0,0,0,129000,42000,87000,87000
051902,T50反1元大97購01,0,0,0,0,0,0,0,0,0,87000,0,0,0,92000,5000,87000,87000
049307,上銀凱基94購03  ,0,0,0,0,0,0,0,0,0,87000,0,0,0,97000,10000,87000,87000
052625,南電亞東97購01  ,0,0,0,0,0,0,0,0,0,87000,0,0,0,161000,74000,87000,87000
051772,玉山金中信95購01,0,0,0,0,0,0,0,0,0,87000,0,0,0,97000,10000,87000,87000
054028,臻鼎凱基96購03  ,0,0,0,0,0,0,0,0,0,87000,0,0,0,188000,101000,87000,87000
052936,華通兆豐98購01  ,0,0,0,0,0,0,0,0,0,87000,0,0,0,150000,63000,87000,87000
053178,南亞科統一98購01,0,0,0,0,0,0,0,0,0,87000,0,0,0,108000,21000,87000,87000
3557,嘉威            ,107000,20000,87000,0,0,0,0,0,0,0,0,0,0,0,0,0,87000
056863,義隆群益98購01  ,0,0,0,0,0,0,0,0,0,86000,0,0,0,89000,3000,86000,86000
057267,康控兆豐99購01  ,0,0,0,0,0,0,0,0,0,86000,0,0,0,100000,14000,86000,86000
053741,漢唐國票97購03  ,0,0,0,0,0,0,0,0,0,86000,0,0,0,96000,10000,86000,86000
055360,台表科凱基97購02,0,0,0,0,0,0,0,0,0,86000,0,0,0,152000,66000,86000,86000
057537,聯茂元大98購04  ,0,0,0,0,0,0,0,0,0,85000,0,0,0,85000,0,85000,85000
05911P,南亞科永豐96售03,0,0,0,0,0,0,0,0,0,85000,0,0,0,135000,50000,85000,85000
05891P,聯發科中信98售03,0,0,0,0,0,0,0,0,0,85000,0,0,0,92000,7000,85000,85000
048592,漢唐群益93購04  ,0,0,0,0,0,0,0,0,0,85000,0,0,0,86000,1000,85000,85000
047369,漢唐國票94購01  ,0,0,0,0,0,0,0,0,0,85000,0,0,0,85000,0,85000,85000
049431,光罩國票96購01  ,0,0,0,0,0,0,0,0,0,85000,0,0,0,90000,5000,85000,85000
050874,康控永豐95購01  ,0,0,0,0,0,0,0,0,0,85000,0,0,0,100000,15000,85000,85000
050867,聯鈞永豐95購01  ,0,0,0,0,0,0,0,0,0,85000,0,0,0,208000,123000,85000,85000
051042,中磊永豐95購01  ,0,0,0,0,0,0,0,0,0,85000,0,0,0,85000,0,85000,85000
050207,百和群益95購01  ,0,0,0,0,0,0,0,0,0,85000,0,0,0,85000,0,85000,85000
050417,喬山凱基94購01  ,0,0,0,0,0,0,0,0,0,85000,0,0,0,85000,0,85000,85000
052133,華邦電凱基9B購01,0,0,0,0,0,0,0,0,0,85000,0,0,0,166000,81000,85000,85000
053924,京鼎國票97購01  ,0,0,0,0,0,0,0,0,0,85000,0,0,0,95000,10000,85000,85000
052424,泰碩國票97購01  ,0,0,0,0,0,0,0,0,0,85000,0,0,0,85000,0,85000,85000
049438,嘉晶國泰96購01  ,0,0,0,0,0,0,0,0,0,84000,0,0,0,296000,212000,84000,84000
050175,台光電元大94購08,0,0,0,0,0,0,0,0,0,84000,0,0,0,163000,79000,84000,84000
048084,華通凱基93購05  ,0,0,0,0,0,0,0,0,0,84000,0,0,0,96000,12000,84000,84000
047536,正崴日盛93購01  ,0,0,0,0,0,0,0,0,0,84000,0,0,0,178000,94000,84000,84000
04912P,可成元富94售06  ,0,0,0,0,0,0,0,0,0,84000,0,0,0,104000,20000,84000,84000
049311,漢唐凱基94購03  ,0,0,0,0,0,0,0,0,0,84000,0,0,0,84000,0,84000,84000
051830,健策元大97購01  ,0,0,0,0,0,0,0,0,0,84000,0,0,0,103000,19000,84000,84000
051833,昇陽半元大96購01,0,0,0,0,0,0,0,0,0,84000,0,0,0,250000,166000,84000,84000
053211,漢唐凱基96購03  ,0,0,0,0,0,0,0,0,0,84000,0,0,0,161000,77000,84000,84000
053153,大立光元大99購02,0,0,0,0,0,0,0,0,0,84000,0,0,0,290000,206000,84000,84000
053759,晶相光國泰98購01,0,0,0,0,0,0,0,0,0,84000,0,0,0,168000,84000,84000,84000
053708,道瓊反凱基98購01,0,0,0,0,0,0,0,0,0,84000,0,0,0,84000,0,84000,84000
054346,世芯國票97購01  ,0,0,0,0,0,0,0,0,0,84000,0,0,0,94000,10000,84000,84000
057466,泰鼎永豐98購01  ,0,0,0,0,0,0,0,0,0,83000,0,0,0,230000,147000,83000,83000
057349,聯發科統一98購04,0,0,0,0,0,0,0,0,0,83000,0,0,0,90000,7000,83000,83000
056374,聯發科統一9B購01,0,0,0,0,0,0,0,0,0,83000,0,0,0,128000,45000,83000,83000
056569,T50正2元大9B購02,0,0,0,0,0,0,0,0,0,83000,0,0,0,120000,37000,83000,83000
055995,華擎國泰99購01  ,0,0,0,0,0,0,0,0,0,83000,0,0,0,83000,0,83000,83000
03635C,滬深2X元富99牛01,0,0,0,0,0,0,0,0,0,83000,0,0,0,100000,17000,83000,83000
05116P,台積電群益95售03,0,0,0,0,0,0,0,0,0,83000,0,0,0,83000,0,83000,83000
051536,玉晶光國票97購01,0,0,0,0,0,0,0,0,0,83000,0,0,0,91000,8000,83000,83000
049906,光寶科元大94購03,0,0,0,0,0,0,0,0,0,83000,0,0,0,150000,67000,83000,83000
053324,康舒群益96購01  ,0,0,0,0,0,0,0,0,0,83000,0,0,0,161000,78000,83000,83000
055319,國巨國票98購03  ,0,0,0,0,0,0,0,0,0,83000,0,0,0,101000,18000,83000,83000
055443,台虹國票98購01  ,0,0,0,0,0,0,0,0,0,83000,0,0,0,125000,42000,83000,83000
053497,新光金兆豐97購01,0,0,0,0,0,0,0,0,0,83000,0,0,0,83000,0,83000,83000
2332,友訊            ,280000,246000,34000,0,0,0,0,0,0,49000,66000,0,66000,26000,43000,-17000,83000
055817,京鼎國票99購01  ,0,0,0,0,0,0,0,0,0,82000,0,0,0,194000,112000,82000,82000
055824,臺股指國票97購11,0,0,0,0,0,0,0,0,0,82000,0,0,0,82000,0,82000,82000
056994,緯穎兆豐98購02  ,0,0,0,0,0,0,0,0,0,82000,0,0,0,133000,51000,82000,82000
057496,佐登元大98購02  ,0,0,0,0,0,0,0,0,0,82000,0,0,0,84000,2000,82000,82000
05904P,大立光統一96售07,0,0,0,0,0,0,0,0,0,82000,0,0,0,83000,1000,82000,82000
05966P,矽力凱基96售03  ,0,0,0,0,0,0,0,0,0,82000,0,0,0,198000,116000,82000,82000
049046,同欣電兆豐94購01,0,0,0,0,0,0,0,0,0,82000,0,0,0,92000,10000,82000,82000
052212,可成元大95購11  ,0,0,0,0,0,0,0,0,0,82000,0,0,0,368000,286000,82000,82000
052710,玉晶光日盛96購01,0,0,0,0,0,0,0,0,0,82000,0,0,0,82000,0,82000,82000
049178,宏達電凱基94購02,0,0,0,0,0,0,0,0,0,82000,0,0,0,451000,369000,82000,82000
050833,台郡凱基95購01  ,0,0,0,0,0,0,0,0,0,82000,0,0,0,165000,83000,82000,82000
053872,臻鼎元大96購04  ,0,0,0,0,0,0,0,0,0,82000,0,0,0,110000,28000,82000,82000
053928,智易國票97購03  ,0,350000,-350000,0,0,0,0,0,0,432000,0,0,0,480000,48000,432000,82000
05420P,大立光國泰97售03,0,0,0,0,0,0,0,0,0,82000,0,0,0,92000,10000,82000,82000
4142,國光生          ,1099000,1015000,84000,0,0,0,0,0,0,-2000,0,2000,-2000,0,0,0,82000
043730,旭富國泰93購01  ,0,0,0,0,0,0,0,0,0,81000,0,0,0,81000,0,81000,81000
050253,百和國泰96購01  ,0,0,0,0,0,0,0,0,0,81000,0,0,0,97000,16000,81000,81000
055397,超眾統一97購02  ,0,0,0,0,0,0,0,0,0,81000,0,0,0,81000,0,81000,81000
055293,晶相光元大97購01,0,0,0,0,0,0,0,0,0,81000,0,0,0,193000,112000,81000,81000
054744,晶相光凱基99購01,0,0,0,0,0,0,0,0,0,81000,0,0,0,178000,97000,81000,81000
057538,緯穎元大98購07  ,0,0,0,0,0,0,0,0,0,80000,0,0,0,131000,51000,80000,80000
056076,超眾元大97購05  ,0,0,0,0,0,0,0,0,0,80000,0,0,0,98000,18000,80000,80000
055546,台積電凱基97購12,0,0,0,0,0,0,0,0,0,80000,0,0,0,100000,20000,80000,80000
056261,台積電統一97購07,0,0,0,0,0,0,0,0,0,80000,0,0,0,80000,0,80000,80000
04599P,南亞科凱基94售03,0,0,0,0,0,0,0,0,0,80000,0,0,0,110000,30000,80000,80000
047578,新光金群益93購01,0,0,0,0,0,0,0,0,0,80000,0,0,0,80000,0,80000,80000
044928,玉晶光國泰93購01,0,0,0,0,0,0,0,0,0,80000,0,0,0,80000,0,80000,80000
052196,TPK元富95購01   ,0,0,0,0,0,0,0,0,0,80000,0,0,0,130000,50000,80000,80000
052167,亞泥元大96購01  ,0,0,0,0,0,0,0,0,0,80000,0,0,0,130000,50000,80000,80000
04832P,為升元大94售09  ,0,0,0,0,0,0,0,0,0,80000,0,0,0,122000,42000,80000,80000
046988,南亞科凱基93購02,0,0,0,0,0,0,0,0,0,80000,0,0,0,80000,0,80000,80000
048824,聯發科凱基94購03,0,0,0,0,0,0,0,0,0,80000,0,0,0,90000,10000,80000,80000
049824,鴻海凱基94購18  ,0,0,0,0,0,0,0,0,0,80000,0,0,0,80000,0,80000,80000
051844,宏達電富邦96購01,0,0,0,0,0,0,0,0,0,80000,0,0,0,260000,180000,80000,80000
051446,中壽元大96購01  ,0,0,0,0,0,0,0,0,0,80000,0,0,0,80000,0,80000,80000
051361,泰鼎元大95購01  ,0,0,0,0,0,0,0,0,0,80000,0,0,0,90000,10000,80000,80000
052822,泰碩永豐97購01  ,0,0,0,0,0,0,0,0,0,80000,0,0,0,80000,0,80000,80000
04932P,香港2X中信96售01,0,0,0,0,0,0,0,0,0,80000,0,0,0,90000,10000,80000,80000
051355,聯發科元大96購01,0,0,0,0,0,0,0,0,0,80000,0,0,0,100000,20000,80000,80000
05465P,台表科永豐95售03,0,0,0,0,0,0,0,0,0,80000,0,0,0,95000,15000,80000,80000
055418,華通永豐97購01  ,0,0,0,0,0,0,0,0,0,80000,0,0,0,185000,105000,80000,80000
054112,台積電麥證96購02,0,0,0,100000,20000,80000,0,0,0,80000,0,0,0,100000,20000,80000,80000
053590,新光金元大9A購02,0,0,0,0,0,0,0,0,0,80000,0,0,0,80000,0,80000,80000
053593,晶技元大98購01  ,0,0,0,0,0,0,0,0,0,80000,0,0,0,80000,0,80000,80000
05316P,台積電永昌96售06,0,0,0,0,0,0,0,0,0,80000,0,0,0,80000,0,80000,80000
3535,晶彩科          ,113000,33000,80000,0,0,0,0,0,0,0,0,0,0,0,0,0,80000
056473,奇力新元大99購02,0,0,0,0,0,0,0,0,0,79000,0,0,0,126000,47000,79000,79000
055929,聯發科群益97購05,0,0,0,0,0,0,0,0,0,79000,0,0,0,80000,1000,79000,79000
056883,美食康和98購01  ,0,0,0,0,0,0,0,0,0,79000,0,0,0,121000,42000,79000,79000
047482,新光金凱基99購03,0,0,0,0,0,0,0,0,0,79000,0,0,0,79000,0,79000,79000
04848P,康控凱基94售02  ,0,0,0,0,0,0,0,0,0,79000,0,0,0,79000,0,79000,79000
052180,緯穎元大96購05  ,0,0,0,0,0,0,0,0,0,79000,0,0,0,86000,7000,79000,79000
04597P,為升凱基94售02  ,0,0,0,0,0,0,0,0,0,79000,0,0,0,81000,2000,79000,79000
050590,晶技永豐95購01  ,0,0,0,0,0,0,0,0,0,79000,0,0,0,85000,6000,79000,79000
049605,旺宏第一94購01  ,0,0,0,0,0,0,0,0,0,79000,0,0,0,186000,107000,79000,79000
051761,富邦金元大96購01,0,0,0,0,0,0,0,0,0,79000,0,0,0,100000,21000,79000,79000
050092,鴻海永豐94購04  ,0,0,0,0,0,0,0,0,0,79000,0,0,0,124000,45000,79000,79000
053908,貿聯凱基98購01  ,0,0,0,0,0,0,0,0,0,79000,0,0,0,80000,1000,79000,79000
055425,聚陽群益99購01  ,0,0,0,0,0,0,0,0,0,79000,0,0,0,130000,51000,79000,79000
055259,玉晶光統一9A購01,0,0,0,0,0,0,0,0,0,79000,0,0,0,236000,157000,79000,79000
054926,神達凱基98購01  ,0,0,0,0,0,0,0,0,0,79000,0,0,0,307000,228000,79000,79000
055161,貿聯元大98購03  ,0,0,0,0,0,0,0,0,0,79000,0,0,0,162000,83000,79000,79000
055102,上銀凱基98購01  ,0,0,0,0,0,0,0,0,0,79000,0,0,0,122000,43000,79000,79000
2431,聯昌            ,97000,18000,79000,0,0,0,0,0,0,0,0,0,0,0,0,0,79000
06182P,群創兆豐97售03  ,0,0,0,0,0,0,0,0,0,79000,0,0,0,79000,0,79000,79000
1809,中釉            ,131000,52840,78160,0,0,0,0,0,0,0,0,0,0,0,0,0,78160
056812,泰鼎統一98購01  ,0,0,0,0,0,0,0,0,0,78000,0,0,0,279000,201000,78000,78000
056965,全新永豐98購01  ,0,0,0,0,0,0,0,0,0,78000,0,0,0,111000,33000,78000,78000
05866P,致伸元大96售01  ,0,0,0,0,0,0,0,0,0,78000,0,0,0,140000,62000,78000,78000
056023,晶豪科群益97購01,0,0,0,0,0,0,0,0,0,78000,0,0,0,188000,110000,78000,78000
055628,旺宏永豐97購01  ,0,0,0,0,0,0,0,0,0,78000,0,0,0,88000,10000,78000,78000
055650,華新科元富98購01,0,0,0,0,0,0,0,0,0,78000,0,0,0,178000,100000,78000,78000
055639,上銀元富97購02  ,0,0,0,0,0,0,0,0,0,78000,0,0,0,158000,80000,78000,78000
055704,亞德客永豐97購04,0,0,0,0,0,0,0,0,0,78000,0,0,0,78000,0,78000,78000
045803,旺宏國票93購01  ,0,0,0,0,0,0,0,0,0,78000,0,0,0,148000,70000,78000,78000
049496,和鑫元大95購01  ,0,0,0,0,0,0,0,0,0,78000,0,0,0,78000,0,78000,78000
048869,光罩國票94購01  ,0,0,0,0,0,0,0,0,0,78000,0,0,0,88000,10000,78000,78000
050219,台積電元富95購03,0,0,0,0,0,0,0,0,0,78000,0,0,0,94000,16000,78000,78000
052749,日月光元大96購02,0,0,0,0,0,0,0,0,0,78000,0,0,0,78000,0,78000,78000
055019,福懋科元富97購01,0,0,0,0,0,0,0,0,0,78000,0,0,0,78000,0,78000,78000
054763,宏達電國票99購01,0,0,0,0,0,0,0,0,0,78000,0,0,0,88000,10000,78000,78000
054334,超眾永豐96購04  ,0,0,0,0,0,0,0,0,0,78000,0,0,0,78000,0,78000,78000
053897,台郡群益96購01  ,0,0,0,0,0,0,0,0,0,78000,0,0,0,170000,92000,78000,78000
053973,晶豪科元大96購01,0,0,0,0,0,0,0,0,0,78000,0,0,0,78000,0,78000,78000
052947,晶技國票97購01  ,0,0,0,0,0,0,0,0,0,78000,0,0,0,138000,60000,78000,78000
053467,鴻海元大96購20  ,0,0,0,0,0,0,0,0,0,78000,0,0,0,182000,104000,78000,78000
06566P,華通永豐98售03  ,0,0,0,0,0,0,0,0,0,78000,0,0,0,115000,37000,78000,78000
8271,宇瞻            ,220000,142000,78000,0,0,0,0,0,0,0,0,0,0,0,0,0,78000
055642,廣宇元富97購01  ,0,0,0,0,0,0,0,0,0,77000,0,0,0,84000,7000,77000,77000
056114,台達電群益97購02,0,0,0,0,0,0,0,0,0,77000,0,0,0,77000,0,77000,77000
056467,上証2X元大98購02,0,0,0,0,0,0,0,0,0,77000,0,0,0,77000,0,77000,77000
056200,大毅永豐98購01  ,0,0,0,0,0,0,0,0,0,77000,0,0,0,188000,111000,77000,77000
057524,旺宏元大99購04  ,0,0,0,0,0,0,0,0,0,77000,0,0,0,79000,2000,77000,77000
048843,台郡凱基94購01  ,0,0,0,0,0,0,0,0,0,77000,0,0,0,80000,3000,77000,77000
048471,旭富永豐93購01  ,0,0,0,0,0,0,0,0,0,77000,0,0,0,105000,28000,77000,77000
048521,華通統一93購05  ,0,0,0,0,0,0,0,0,0,77000,0,0,0,77000,0,77000,77000
052568,漢唐凱基96購02  ,0,0,0,0,0,0,0,0,0,77000,0,0,0,133000,56000,77000,77000
050397,力成元富94購01  ,0,0,0,0,0,0,0,0,0,77000,0,0,0,160000,83000,77000,77000
051592,健策元大96購05  ,0,0,0,0,0,0,0,0,0,77000,0,0,0,118000,41000,77000,77000
052959,聯電凱基97購01  ,0,0,0,0,0,0,0,0,0,77000,0,0,0,277000,200000,77000,77000
054065,樺漢國票97購01  ,0,0,0,0,0,0,0,0,0,77000,0,0,0,87000,10000,77000,77000
054138,晶技元大98購02  ,0,0,0,0,0,0,0,0,0,77000,0,0,0,179000,102000,77000,77000
053707,A50正2凱基99購02,0,0,0,0,0,0,0,0,0,77000,0,0,0,77000,0,77000,77000
054826,復盛元大9A購01  ,0,0,0,0,0,0,0,0,0,77000,0,0,0,77000,0,77000,77000
06385P,聯發科永豐97售02,0,0,0,0,0,0,0,0,0,77000,0,0,0,77000,0,77000,77000
056418,台光電元富98購01,0,0,0,0,0,0,0,0,0,76000,0,0,0,132000,56000,76000,76000
056008,全新中信9B購01  ,0,0,0,0,0,0,0,0,0,76000,0,0,0,271000,195000,76000,76000
055917,禾伸堂凱基98購02,0,0,0,0,0,0,0,0,0,76000,0,0,0,100000,24000,76000,76000
055667,致茂群益98購01  ,0,0,0,0,0,0,0,0,0,76000,0,0,0,96000,20000,76000,76000
048127,麗豐元大94購01  ,0,0,0,0,0,0,0,0,0,76000,0,0,0,81000,5000,76000,76000
052324,康友元大96購02  ,0,0,0,0,0,0,0,0,0,76000,0,0,0,452000,376000,76000,76000
048154,旺宏兆豐94購01  ,0,0,0,0,0,0,0,0,0,76000,0,0,0,96000,20000,76000,76000
051224,華通群益96購03  ,0,0,0,0,0,0,0,0,0,76000,0,0,0,89000,13000,76000,76000
050272,訊芯元大94購03  ,0,0,0,0,0,0,0,0,0,76000,0,0,0,76000,0,76000,76000
050353,華擎群益95購01  ,0,0,0,0,0,0,0,0,0,76000,0,0,0,76000,0,76000,76000
051938,旭富群益95購01  ,0,0,0,0,0,0,0,0,0,76000,0,0,0,76000,0,76000,76000
053338,台光電國票97購01,0,0,0,0,0,0,0,0,0,76000,0,0,0,76000,0,76000,76000
052917,大立光富邦99購02,0,0,0,0,0,0,0,0,0,76000,0,0,0,272000,196000,76000,76000
053069,同欣電群益98購01,0,0,0,0,0,0,0,0,0,76000,0,0,0,183000,107000,76000,76000
053255,貿聯國泰97購01  ,0,0,0,0,0,0,0,0,0,76000,0,0,0,152000,76000,76000,76000
05886P,華通元富96售01  ,0,0,0,0,0,0,0,0,0,75000,0,0,0,82000,7000,75000,75000
05927P,正文永豐96售03  ,0,0,0,0,0,0,0,0,0,75000,0,0,0,75000,0,75000,75000
056771,嘉晶元大99購01  ,0,0,0,0,0,0,0,0,0,75000,0,0,0,175000,100000,75000,75000
04793P,台光電元大94售07,0,0,0,0,0,0,0,0,0,75000,0,0,0,75000,0,75000,75000
048978,晶相光元大94購02,0,0,0,0,0,0,0,0,0,75000,0,0,0,75000,0,75000,75000
04032P,聯茂凱基94售02  ,0,0,0,0,0,0,0,0,0,75000,0,0,0,75000,0,75000,75000
039550,滬深反凱基94購01,0,0,0,0,0,0,0,0,0,75000,0,0,0,75000,0,75000,75000
052607,大立光元大96購03,0,0,0,0,0,0,0,0,0,75000,0,0,0,105000,30000,75000,75000
052491,泰碩國票99購01  ,0,0,0,0,0,0,0,0,0,75000,0,0,0,101000,26000,75000,75000
051751,聯茂富邦95購01  ,0,0,0,0,0,0,0,0,0,75000,0,0,0,105000,30000,75000,75000
049809,聯詠元大94購04  ,0,0,0,0,0,0,0,0,0,75000,0,0,0,129000,54000,75000,75000
05096P,台積電日盛95售01,0,0,0,0,0,0,0,0,0,75000,0,0,0,75000,0,75000,75000
05377P,鴻海凱基95售18  ,0,0,0,0,0,0,0,0,0,75000,0,0,0,135000,60000,75000,75000
055012,茂林元富97購01  ,0,0,0,0,0,0,0,0,0,75000,0,0,0,239000,164000,75000,75000
054966,貿聯元大98購02  ,0,0,0,0,0,0,0,0,0,75000,0,0,0,75000,0,75000,75000
05915P,聯發科元大96售19,0,0,0,0,0,0,0,0,0,74000,0,0,0,185000,111000,74000,74000
055821,勤誠國票98購01  ,0,0,0,0,0,0,0,0,0,74000,0,0,0,179000,105000,74000,74000
043344,可成富邦93購01  ,0,0,0,0,0,0,0,0,0,74000,0,0,0,74000,0,74000,74000
044567,華通凱基93購03  ,0,0,0,0,0,0,0,0,0,74000,0,0,0,74000,0,74000,74000
044909,玉晶光凱基93購02,0,0,0,0,0,0,0,0,0,74000,0,0,0,155000,81000,74000,74000
050879,樺漢統一95購02  ,0,0,0,0,0,0,0,0,0,74000,0,0,0,109000,35000,74000,74000
049994,聯茂台新94購02  ,0,0,0,0,0,0,0,0,0,74000,0,0,0,94000,20000,74000,74000
051340,健策永豐95購03  ,0,0,0,0,0,0,0,0,0,74000,0,0,0,74000,0,74000,74000
055340,華新科日盛97購01,0,0,0,0,0,0,0,0,0,74000,0,0,0,374000,300000,74000,74000
055342,鴻海凱基97購04  ,0,0,0,0,0,0,0,0,0,74000,0,0,0,125000,51000,74000,74000
053126,健策凱基97購02  ,0,0,0,0,0,0,0,0,0,74000,0,0,0,166000,92000,74000,74000
06432P,上銀群益98售01  ,0,0,0,0,0,0,0,0,0,74000,0,0,0,132000,58000,74000,74000
2103,台橡            ,162000,88000,74000,0,0,0,0,0,0,0,0,0,0,0,0,0,74000
047716,晶技凱基93購03  ,0,0,0,0,0,0,0,0,0,73000,0,0,0,179000,106000,73000,73000
045871,元油2X元富96購03,0,0,0,0,0,0,0,0,0,73000,0,0,0,83000,10000,73000,73000
051346,仁寶元大95購01  ,0,0,0,0,0,0,0,0,0,73000,0,0,0,73000,0,73000,73000
051871,同欣電凱基95購02,0,0,0,0,0,0,0,0,0,73000,0,0,0,85000,12000,73000,73000
049903,大立光元富94購06,0,0,0,0,0,0,0,0,0,73000,0,0,0,180000,107000,73000,73000
051227,技嘉群益97購01  ,0,0,0,0,0,0,0,0,0,73000,0,0,0,515000,442000,73000,73000
051593,和碩元大95購01  ,0,0,0,0,0,0,0,0,0,73000,0,0,0,73000,0,73000,73000
053168,晶技群益98購01  ,0,0,0,0,0,0,0,0,0,73000,0,0,0,345000,272000,73000,73000
053038,華邦電凱基97購01,0,0,0,0,0,0,0,0,0,73000,0,0,0,73000,0,73000,73000
055402,正文元富97購02  ,0,0,0,0,0,0,0,0,0,73000,0,0,0,118000,45000,73000,73000
054999,玉晶光元富97購03,0,0,0,0,0,0,0,0,0,73000,0,0,0,293000,220000,73000,73000
054896,聯茂日盛97購01  ,0,0,0,0,0,0,0,0,0,73000,0,0,0,214000,141000,73000,73000
054717,亞德客永豐97購01,0,0,0,0,0,0,0,0,0,73000,0,0,0,75000,2000,73000,73000
06503P,臺股指中信9A售02,0,0,0,0,0,0,0,0,0,73000,0,0,0,100000,27000,73000,73000
06508P,台灣50統一98售01,0,0,0,0,0,0,0,0,0,73000,0,0,0,314000,241000,73000,73000
06060P,玉晶光元大97售03,0,0,0,0,0,0,0,0,0,73000,0,0,0,190000,117000,73000,73000
4739,康普            ,88000,15000,73000,0,0,0,0,0,0,0,0,0,0,0,0,0,73000
055850,聯詠元大97購06  ,0,0,0,0,0,0,0,0,0,72000,0,0,0,93000,21000,72000,72000
056040,亞光凱基98購01  ,0,0,0,0,0,0,0,0,0,72000,0,0,0,92000,20000,72000,72000
056678,力成元富98購01  ,0,0,0,0,0,0,0,0,0,72000,0,0,0,94000,22000,72000,72000
05782P,聯詠元富96售02  ,0,0,0,0,0,0,0,0,0,72000,0,0,0,82000,10000,72000,72000
057342,玉晶光台新98購01,0,0,0,0,0,0,0,0,0,72000,0,0,0,82000,10000,72000,72000
048320,聯詠凱基93購08  ,0,0,0,0,0,0,0,0,0,72000,0,0,0,102000,30000,72000,72000
049082,晶豪科凱基94購01,0,0,0,0,0,0,0,0,0,72000,0,0,0,72000,0,72000,72000
052341,泰鼎凱基96購02  ,0,0,0,0,0,0,0,0,0,72000,0,0,0,92000,20000,72000,72000
051582,聯發科元大97購02,0,0,0,0,0,0,0,0,0,72000,0,0,0,423000,351000,72000,72000
050675,奇鋐富邦96購01  ,0,0,0,0,0,0,0,0,0,72000,0,0,0,72000,0,72000,72000
050954,樺漢群益95購01  ,0,0,0,0,0,0,0,0,0,72000,0,0,0,72000,0,72000,72000
051940,康舒群益95購01  ,0,0,0,0,0,0,0,0,0,72000,0,0,0,82000,10000,72000,72000
054950,奇力新元大98購02,0,0,0,0,0,0,0,0,0,72000,0,0,0,74000,2000,72000,72000
055132,台虹康和97購01  ,0,0,0,0,0,0,0,0,0,72000,0,0,0,72000,0,72000,72000
056835,聯電元富99購01  ,0,0,0,0,0,0,0,0,0,71000,0,0,0,83000,12000,71000,71000
057087,台郡統一99購01  ,0,0,0,0,0,0,0,0,0,71000,0,0,0,141000,70000,71000,71000
056719,台虹永豐98購01  ,0,0,0,0,0,0,0,0,0,71000,0,0,0,165000,94000,71000,71000
05225P,鴻海統一95售09  ,0,0,0,0,0,0,0,0,0,71000,0,0,0,83000,12000,71000,71000
049023,玉晶光群益96購04,0,0,0,0,0,0,0,0,0,71000,0,0,0,403000,332000,71000,71000
047068,南電凱基93購04  ,0,0,0,0,0,0,0,0,0,71000,0,0,0,113000,42000,71000,71000
046672,聯茂元大93購01  ,0,0,0,0,0,0,0,0,0,71000,0,0,0,71000,0,71000,71000
049268,聯茂元大94購03  ,0,0,0,0,0,0,0,0,0,71000,0,0,0,86000,15000,71000,71000
049167,元油2X凱基97購03,0,0,0,0,0,0,0,0,0,71000,0,0,0,71000,0,71000,71000
05165P,欣興元富95售03  ,0,0,0,0,0,0,0,0,0,71000,0,0,0,83000,12000,71000,71000
049695,新光金元大9A購01,0,0,0,0,0,0,0,0,0,71000,0,0,0,71000,0,71000,71000
05006P,華通元富95售01  ,0,0,0,0,0,0,0,0,0,71000,0,0,0,81000,10000,71000,71000
050306,聯發科中信97購01,0,0,0,0,0,0,0,0,0,71000,0,0,0,101000,30000,71000,71000
050188,貿聯元大96購01  ,0,0,0,0,0,0,0,0,0,71000,0,0,0,144000,73000,71000,71000
054550,旺宏凱基98購02  ,0,0,0,0,0,0,0,0,0,71000,0,0,0,121000,50000,71000,71000
053227,晶技台新96購01  ,0,0,0,0,0,0,0,0,0,71000,0,0,0,261000,190000,71000,71000
052797,樺漢兆豐96購01  ,0,0,0,0,0,0,0,0,0,71000,0,0,0,71000,0,71000,71000
1721,三晃            ,73000,2000,71000,0,0,0,0,0,0,0,0,0,0,0,0,0,71000
056622,高鐵永豐98購01  ,0,0,0,0,0,0,0,0,0,70000,0,0,0,70000,0,70000,70000
056639,國產康和98購01  ,0,0,0,0,0,0,0,0,0,70000,0,0,0,70000,0,70000,70000
056036,鴻海凱基97購07  ,0,0,0,0,0,0,0,0,0,70000,0,0,0,70000,0,70000,70000
055746,同欣電元富97購01,0,0,0,0,0,0,0,0,0,70000,0,0,0,126000,56000,70000,70000
056805,元石油統一9B購01,0,0,0,0,0,0,0,0,0,70000,0,0,0,70000,0,70000,70000
056870,全新日盛9A購01  ,0,0,0,0,0,0,0,0,0,70000,0,0,0,70000,0,70000,70000
057352,大立光統一9A購02,0,0,0,0,0,0,0,0,0,70000,0,0,0,70000,0,70000,70000
057255,聯發科麥證98購02,0,0,0,70000,0,70000,0,0,0,70000,0,0,0,70000,0,70000,70000
057704,台虹群益98購03  ,0,0,0,0,0,0,0,0,0,70000,0,0,0,110000,40000,70000,70000
048628,T50反1元大96購03,0,0,0,0,0,0,0,0,0,70000,0,0,0,70000,0,70000,70000
043601,亞光元大93購01  ,0,0,0,0,0,0,0,0,0,70000,0,0,0,70000,0,70000,70000
047545,智邦凱基93購05  ,0,0,0,0,0,0,0,0,0,70000,0,0,0,90000,20000,70000,70000
047985,欣興群益93購07  ,0,0,0,0,0,0,0,0,0,70000,0,0,0,70000,0,70000,70000
048975,玉晶光元大94購03,0,0,0,0,0,0,0,0,0,70000,0,0,0,70000,0,70000,70000
052200,台光電統一95購02,0,0,0,0,0,0,0,0,0,70000,0,0,0,70000,0,70000,70000
051150,宏達電凱基95購02,0,0,0,0,0,0,0,0,0,70000,0,0,0,128000,58000,70000,70000
051127,同欣電群益95購01,0,0,0,0,0,0,0,0,0,70000,0,0,0,153000,83000,70000,70000
050431,聯發科凱基94購18,0,0,0,0,0,0,0,0,0,70000,0,0,0,179000,109000,70000,70000
052754,上証2X群益9A購01,0,0,0,0,0,0,0,0,0,70000,0,0,0,70000,0,70000,70000
053149,京元電元大96購02,0,0,0,0,0,0,0,0,0,70000,0,0,0,92000,22000,70000,70000
052996,聯電康和96購01  ,0,0,0,0,0,0,0,0,0,70000,0,0,0,70000,0,70000,70000
053764,A50正2富邦99購01,0,0,0,0,0,0,0,0,0,70000,0,0,0,70000,0,70000,70000
053738,群創麥證96購01  ,0,0,0,70000,0,70000,0,0,0,70000,0,0,0,70000,0,70000,70000
054184,A50正2永豐96購01,0,0,0,0,0,0,0,0,0,70000,0,0,0,70000,0,70000,70000
053937,光磊元富96購01  ,0,0,0,0,0,0,0,0,0,70000,0,0,0,120000,50000,70000,70000
053930,S&P反1統一98購01,0,0,0,0,0,0,0,0,0,70000,0,0,0,70000,0,70000,70000
054538,台光電國票98購01,0,0,0,0,0,0,0,0,0,70000,0,0,0,70000,0,70000,70000
054372,南亞科中信96購01,0,0,0,0,0,0,0,0,0,70000,0,0,0,70000,0,70000,70000
055484,華通元大97購04  ,0,0,0,0,0,0,0,0,0,70000,0,0,0,111000,41000,70000,70000
06063P,玉晶光元富97售01,0,0,0,0,0,0,0,0,0,70000,0,0,0,160000,90000,70000,70000
06088P,建準永豐97售01  ,0,0,0,0,0,0,0,0,0,70000,0,0,0,70000,0,70000,70000
06476P,臺股指永豐98售01,0,0,0,0,0,0,0,0,0,70000,0,0,0,285000,215000,70000,70000
06615P,鴻海元大9C售02  ,0,0,0,0,0,0,0,0,0,70000,0,0,0,70000,0,70000,70000
057662,上銀元大9A購01  ,0,0,0,0,0,0,0,0,0,69000,0,0,0,70000,1000,69000,69000
057448,致茂元富98購01  ,0,0,0,0,0,0,0,0,0,69000,0,0,0,89000,20000,69000,69000
057076,緯穎永豐98購01  ,0,0,0,0,0,0,0,0,0,69000,0,0,0,69000,0,69000,69000
056674,華邦電元富98購01,0,0,0,0,0,0,0,0,0,69000,0,0,0,229000,160000,69000,69000
05675P,美律群益97售01  ,0,0,0,0,0,0,0,0,0,69000,0,0,0,129000,60000,69000,69000
056485,同欣電元大98購01,0,0,0,0,0,0,0,0,0,69000,0,0,0,141000,72000,69000,69000
047239,瀚宇博凱基94購01,0,0,0,0,0,0,0,0,0,69000,0,0,0,69000,0,69000,69000
044601,旺宏國泰93購03  ,0,0,0,0,0,0,0,0,0,69000,0,0,0,84000,15000,69000,69000
049179,高鐵凱基94購01  ,0,0,0,0,0,0,0,0,0,69000,0,0,0,69000,0,69000,69000
050230,聯發科麥證94購02,0,0,0,80000,18000,62000,0,0,0,69000,0,0,0,88000,19000,69000,69000
054338,全新統一96購01  ,0,0,0,0,0,0,0,0,0,69000,0,0,0,69000,0,69000,69000
054216,聯茂國票97購03  ,0,0,0,0,0,0,0,0,0,69000,0,0,0,69000,0,69000,69000
06132P,正文元富97售01  ,0,0,0,0,0,0,0,0,0,69000,0,0,0,69000,0,69000,69000
06085P,義隆台新97售01  ,0,0,0,0,0,0,0,0,0,69000,0,0,0,129000,60000,69000,69000
4725,信昌化          ,137000,68000,69000,0,0,0,0,0,0,0,0,0,0,0,0,0,69000
056351,鴻海元大98購06  ,0,0,0,0,0,0,0,0,0,68000,0,0,0,82000,14000,68000,68000
056192,智邦富邦98購01  ,0,0,0,0,0,0,0,0,0,68000,0,0,0,172000,104000,68000,68000
056292,統一元大97購01  ,0,0,0,0,0,0,0,0,0,68000,0,0,0,80000,12000,68000,68000
056287,亞光永豐97購02  ,0,0,0,0,0,0,0,0,0,68000,0,0,0,88000,20000,68000,68000
055782,新日興凱基99購01,0,0,0,0,0,0,0,0,0,68000,0,0,0,83000,15000,68000,68000
055788,緯穎凱基97購04  ,0,0,0,0,0,0,0,0,0,68000,0,0,0,70000,2000,68000,68000
055541,聚陽凱基98購01  ,0,0,0,0,0,0,0,0,0,68000,0,0,0,68000,0,68000,68000
055576,嘉晶統一98購01  ,0,0,0,0,0,0,0,0,0,68000,0,0,0,68000,0,68000,68000
056058,建準元大97購02  ,0,0,0,0,0,0,0,0,0,68000,0,0,0,68000,0,68000,68000
056000,佳世達永豐97購01,0,0,0,0,0,0,0,0,0,68000,0,0,0,68000,0,68000,68000
055859,啟碁元大97購03  ,0,0,0,0,0,0,0,0,0,68000,0,0,0,68000,0,68000,68000
055918,和鑫凱基97購01  ,0,0,0,0,0,0,0,0,0,68000,0,0,0,68000,0,68000,68000
047880,聯發科國泰94購03,0,0,0,0,0,0,0,0,0,68000,0,0,0,201000,133000,68000,68000
042754,元黃金元大93購01,0,0,0,0,0,0,0,0,0,68000,0,0,0,68000,0,68000,68000
048764,台光電凱基94購03,0,0,0,0,0,0,0,0,0,68000,0,0,0,68000,0,68000,68000
047997,南亞科元大93購03,0,0,0,0,0,0,0,0,0,68000,0,0,0,68000,0,68000,68000
052251,台光電永豐95購03,0,0,0,0,0,0,0,0,0,68000,0,0,0,68000,0,68000,68000
052253,康控永豐95購04  ,0,0,0,0,0,0,0,0,0,68000,0,0,0,68000,0,68000,68000
050185,和鑫元大95購02  ,0,0,0,0,0,0,0,0,0,68000,0,0,0,68000,0,68000,68000
048066,樺漢統一93購01  ,0,0,0,0,0,0,0,0,0,68000,0,0,0,74000,6000,68000,68000
051031,康友元富95購02  ,0,0,0,0,0,0,0,0,0,68000,0,0,0,178000,110000,68000,68000
049836,矽創凱基94購02  ,0,0,0,0,0,0,0,0,0,68000,0,0,0,68000,0,68000,68000
049524,可成兆豐95購02  ,0,0,0,0,0,0,0,0,0,68000,0,0,0,120000,52000,68000,68000
050063,聯發科凱基94購09,0,0,0,0,0,0,0,0,0,68000,0,0,0,68000,0,68000,68000
050662,智易元大96購01  ,0,100000,-100000,0,0,0,0,0,0,168000,0,0,0,168000,0,168000,68000
050970,康舒永豐95購01  ,0,0,0,0,0,0,0,0,0,68000,0,0,0,68000,0,68000,68000
050925,可成凱基95購02  ,0,0,0,0,0,0,0,0,0,68000,0,0,0,228000,160000,68000,68000
051555,聯茂永豐95購01  ,0,0,0,0,0,0,0,0,0,68000,0,0,0,68000,0,68000,68000
051526,超眾凱基95購02  ,0,0,0,0,0,0,0,0,0,68000,0,0,0,207000,139000,68000,68000
050503,聯發科凱基94購22,0,0,0,0,0,0,0,0,0,68000,0,0,0,68000,0,68000,68000
051664,鴻海元大96購07  ,0,0,0,0,0,0,0,0,0,68000,0,0,0,68000,0,68000,68000
05163P,聯發科統一96售02,0,0,0,0,0,0,0,0,0,68000,0,0,0,97000,29000,68000,68000
051353,聯發科元大95購08,0,0,0,0,0,0,0,0,0,68000,0,0,0,68000,0,68000,68000
051345,鴻海元大95購09  ,0,0,0,0,0,0,0,0,0,68000,0,0,0,68000,0,68000,68000
052511,聯發科凱基95購14,0,0,0,0,0,0,0,0,0,68000,0,0,0,68000,0,68000,68000
053330,燿華永豐96購03  ,0,0,0,0,0,0,0,0,0,68000,0,0,0,68000,0,68000,68000
054180,亞泥康和96購01  ,0,0,0,0,0,0,0,0,0,68000,0,0,0,68000,0,68000,68000
053956,旺宏永豐96購04  ,0,0,0,0,0,0,0,0,0,68000,0,0,0,68000,0,68000,68000
053844,GIS統一96購01   ,0,0,0,0,0,0,0,0,0,68000,0,0,0,116000,48000,68000,68000
053540,健策永豐96購01  ,0,0,0,0,0,0,0,0,0,68000,0,0,0,68000,0,68000,68000
05289P,鴻海永豐95售05  ,0,0,0,0,0,0,0,0,0,68000,0,0,0,148000,80000,68000,68000
053094,聯電統一97購02  ,0,0,0,0,0,0,0,0,0,68000,0,0,0,168000,100000,68000,68000
053269,同欣電群益96購01,0,0,0,0,0,0,0,0,0,68000,0,0,0,244000,176000,68000,68000
053431,志超永豐96購01  ,0,0,0,0,0,0,0,0,0,68000,0,0,0,68000,0,68000,68000
053375,鴻海元大96購18  ,0,0,0,0,0,0,0,0,0,68000,0,0,0,68000,0,68000,68000
054306,聯發科凱基96購23,0,0,0,0,0,0,0,0,0,68000,0,0,0,68000,0,68000,68000
054547,鴻海凱基98購02  ,0,0,0,0,0,0,0,0,0,68000,0,0,0,68000,0,68000,68000
054594,國巨麥證97購01  ,0,0,0,118000,50000,68000,0,0,0,68000,0,0,0,118000,50000,68000,68000
054878,和大統一97購02  ,0,0,0,0,0,0,0,0,0,68000,0,0,0,68000,0,68000,68000
055380,智易元大98購02  ,0,100000,-100000,0,0,0,0,0,0,168000,0,0,0,168000,0,168000,68000
055221,矽創凱基97購02  ,0,0,0,0,0,0,0,0,0,68000,0,0,0,68000,0,68000,68000
055061,聯詠永豐97購01  ,0,0,0,0,0,0,0,0,0,68000,0,0,0,68000,0,68000,68000
6452,康友-KY         ,139000,89000,50000,0,0,0,0,0,0,18000,0,0,0,30000,12000,18000,68000
057111,立積群益98購02  ,0,0,0,0,0,0,0,0,0,67000,0,0,0,67000,0,67000,67000
048939,華擎永豐94購01  ,0,0,0,0,0,0,0,0,0,67000,0,0,0,71000,4000,67000,67000
047287,貿聯統一95購01  ,0,0,0,0,0,0,0,0,0,67000,0,0,0,67000,0,67000,67000
047485,景碩凱基94購01  ,0,0,0,0,0,0,0,0,0,67000,0,0,0,80000,13000,67000,67000
048689,台光電群益94購01,0,0,0,0,0,0,0,0,0,67000,0,0,0,67000,0,67000,67000
050742,新日興永豐94購01,0,0,0,0,0,0,0,0,0,67000,0,0,0,156000,89000,67000,67000
055070,聯茂永豐97購01  ,0,0,0,0,0,0,0,0,0,67000,0,0,0,67000,0,67000,67000
055076,福懋科永豐97購01,0,0,0,0,0,0,0,0,0,67000,0,0,0,137000,70000,67000,67000
05429P,鴻海統一95售16  ,0,0,0,0,0,0,0,0,0,67000,0,0,0,67000,0,67000,67000
053159,同欣電元大96購02,0,0,0,0,0,0,0,0,0,67000,0,0,0,76000,9000,67000,67000
053966,旺宏元大96購08  ,0,0,0,0,0,0,0,0,0,67000,0,0,0,255000,188000,67000,67000
054158,國巨日盛99購01  ,0,0,0,0,0,0,0,0,0,67000,0,0,0,490000,423000,67000,67000
056847,佐登元富98購01  ,0,0,0,0,0,0,0,0,0,66000,0,0,0,70000,4000,66000,66000
057533,晶相光元大98購02,0,0,0,0,0,0,0,0,0,66000,0,0,0,81000,15000,66000,66000
04402P,TPK兆豐95售01   ,0,0,0,0,0,0,0,0,0,66000,0,0,0,68000,2000,66000,66000
046980,智邦兆豐94購01  ,0,0,0,0,0,0,0,0,0,66000,0,0,0,66000,0,66000,66000
051090,光磊元大96購01  ,0,0,0,0,0,0,0,0,0,66000,0,0,0,68000,2000,66000,66000
053643,漢唐國票97購02  ,0,0,0,0,0,0,0,0,0,66000,0,0,0,66000,0,66000,66000
053880,智邦中信96購01  ,0,0,0,0,0,0,0,0,0,66000,0,0,0,79000,13000,66000,66000
054376,聯茂中信97購01  ,0,0,0,0,0,0,0,0,0,66000,0,0,0,76000,10000,66000,66000
055373,聯詠元大97購03  ,0,0,0,0,0,0,0,0,0,66000,0,0,0,177000,111000,66000,66000
055361,樺漢凱基97購01  ,0,0,0,0,0,0,0,0,0,66000,0,0,0,96000,30000,66000,66000
6288,聯嘉            ,122000,63000,59000,0,0,0,0,0,0,7000,7000,0,7000,0,0,0,66000
05792P,臺股指中信99售07,0,0,0,0,0,0,0,0,0,65000,0,0,0,65000,0,65000,65000
056817,國巨永豐98購04  ,0,0,0,0,0,0,0,0,0,65000,0,0,0,134000,69000,65000,65000
057061,華擎國泰9A購01  ,0,0,0,0,0,0,0,0,0,65000,0,0,0,118000,53000,65000,65000
055733,奇力新元富97購01,0,0,0,0,0,0,0,0,0,65000,0,0,0,130000,65000,65000,65000
056469,國巨元大99購01  ,0,0,0,0,0,0,0,0,0,65000,0,0,0,71000,6000,65000,65000
047013,超眾元富96購01  ,0,0,0,0,0,0,0,0,0,65000,0,0,0,65000,0,65000,65000
04748P,臺股指元大94售23,0,0,0,0,0,0,0,0,0,65000,0,0,0,65000,0,65000,65000
048149,泰鼎元富95購01  ,0,0,0,0,0,0,0,0,0,65000,0,0,0,175000,110000,65000,65000
048905,旺宏富邦96購01  ,0,0,0,0,0,0,0,0,0,65000,0,0,0,163000,98000,65000,65000
049086,晶相光凱基94購01,0,0,0,0,0,0,0,0,0,65000,0,0,0,85000,20000,65000,65000
04414P,牧德元富94售04  ,0,0,0,0,0,0,0,0,0,65000,0,0,0,66000,1000,65000,65000
04453P,聯發科富邦94售04,0,0,0,0,0,0,0,0,0,65000,0,0,0,368000,303000,65000,65000
046061,中石化凱基98購01,0,0,0,0,0,0,0,0,0,65000,0,0,0,77000,12000,65000,65000
03636C,元油2X元富04牛01,0,0,0,0,0,0,0,0,0,65000,0,0,0,77000,12000,65000,65000
050732,台虹國票94購01  ,0,0,0,0,0,0,0,0,0,65000,0,0,0,85000,20000,65000,65000
050894,旺宏元大96購03  ,0,0,0,0,0,0,0,0,0,65000,0,0,0,70000,5000,65000,65000
049363,旺宏元大94購07  ,0,0,0,0,0,0,0,0,0,65000,0,0,0,105000,40000,65000,65000
050491,旺宏國泰96購01  ,0,0,0,0,0,0,0,0,0,65000,0,0,0,115000,50000,65000,65000
051259,鴻海永昌96購03  ,0,0,0,0,0,0,0,0,0,65000,0,0,0,872000,807000,65000,65000
053725,晶相光凱基96購01,0,0,0,0,0,0,0,0,0,65000,0,0,0,181000,116000,65000,65000
054007,貿聯統一96購01  ,0,0,0,0,0,0,0,0,0,65000,0,0,0,82000,17000,65000,65000
053137,旺宏富邦98購01  ,0,0,0,0,0,0,0,0,0,65000,0,0,0,110000,45000,65000,65000
052950,超眾國票98購01  ,0,0,0,0,0,0,0,0,0,65000,0,0,0,276000,211000,65000,65000
053428,中磊永豐96購02  ,0,0,0,0,0,0,0,0,0,65000,0,0,0,94000,29000,65000,65000
06073P,健策永豐97售01  ,0,0,0,0,0,0,0,0,0,65000,0,0,0,123000,58000,65000,65000
056359,旺宏元大9A購01  ,0,0,0,0,0,0,0,0,0,64000,0,0,0,181000,117000,64000,64000
055612,台光電國票97購04,0,0,0,0,0,0,0,0,0,64000,0,0,0,64000,0,64000,64000
056933,國巨元富98購03  ,0,0,0,0,0,0,0,0,0,64000,0,0,0,325000,261000,64000,64000
056910,超眾元大99購02  ,0,0,0,0,0,0,0,0,0,64000,0,0,0,79000,15000,64000,64000
06031P,新光金兆豐96售02,0,0,0,0,0,0,0,0,0,64000,0,0,0,77000,13000,64000,64000
03896P,長榮航凱基95售01,0,0,0,0,0,0,0,0,0,64000,0,0,0,99000,35000,64000,64000
052206,燿華中信95購02  ,0,0,0,0,0,0,0,0,0,64000,0,0,0,64000,0,64000,64000
052519,旺宏元大95購05  ,0,0,0,0,0,0,0,0,0,64000,0,0,0,190000,126000,64000,64000
05267P,欣興元大95售08  ,0,0,0,0,0,0,0,0,0,64000,0,0,0,66000,2000,64000,64000
050291,聯發科凱基94購16,0,0,0,0,0,0,0,0,0,64000,0,0,0,64000,0,64000,64000
053194,緯穎統一99購01  ,0,0,0,0,0,0,0,0,0,64000,0,0,0,73000,9000,64000,64000
053628,微星兆豐96購01  ,0,0,0,0,0,0,0,0,0,64000,0,0,0,64000,0,64000,64000
054544,統一中信97購01  ,0,0,0,0,0,0,0,0,0,64000,0,0,0,76000,12000,64000,64000
054406,旺宏國票98購01  ,0,0,0,0,0,0,0,0,0,64000,0,0,0,94000,30000,64000,64000
06272P,台郡凱基97售04  ,0,0,0,0,0,0,0,0,0,64000,0,0,0,90000,26000,64000,64000
06509P,鴻海群益98售03  ,0,0,0,0,0,0,0,0,0,64000,0,0,0,64000,0,64000,64000
2345,智邦            ,1421000,1009000,412000,0,0,0,0,191000,-191000,-157000,157000,284000,-127000,39000,69000,-30000,64000
2425,承啟            ,157000,107000,50000,0,0,0,0,0,0,14000,14000,0,14000,0,0,0,64000
05972P,瑞昱元大96售01  ,0,0,0,0,0,0,0,0,0,63000,0,0,0,163000,100000,63000,63000
056819,奇力新永豐98購01,0,0,0,0,0,0,0,0,0,63000,0,0,0,95000,32000,63000,63000
057022,智邦凱基98購04  ,0,0,0,0,0,0,0,0,0,63000,0,0,0,370000,307000,63000,63000
055661,亞德客中信98購01,0,0,0,0,0,0,0,0,0,63000,0,0,0,65000,2000,63000,63000
055881,康控元富97購01  ,0,0,0,0,0,0,0,0,0,63000,0,0,0,198000,135000,63000,63000
056462,訊芯凱基98購03  ,0,0,0,0,0,0,0,0,0,63000,0,0,0,73000,10000,63000,63000
052228,聯發科凱基96購06,0,0,0,0,0,0,0,0,0,63000,0,0,0,73000,10000,63000,63000
050744,健策永豐94購04  ,0,0,0,0,0,0,0,0,0,63000,0,0,0,83000,20000,63000,63000
052976,台表科群益96購03,0,0,0,0,0,0,0,0,0,63000,0,0,0,94000,31000,63000,63000
053472,漢唐元大96購02  ,0,0,0,0,0,0,0,0,0,63000,0,0,0,112000,49000,63000,63000
053252,華邦電國泰98購01,0,0,0,0,0,0,0,0,0,63000,0,0,0,156000,93000,63000,63000
05265P,正崴元大95售03  ,0,0,0,0,0,0,0,0,0,63000,0,0,0,63000,0,63000,63000
06405P,億光元富97售02  ,0,0,0,0,0,0,0,0,0,63000,0,0,0,63000,0,63000,63000
4414,如興            ,133000,70000,63000,0,0,0,0,0,0,0,1000,1000,0,0,0,0,63000
05674P,瑞昱群益96售02  ,0,0,0,0,0,0,0,0,0,62000,0,0,0,66000,4000,62000,62000
056042,京鼎凱基97購02  ,0,0,0,0,0,0,0,0,0,62000,0,0,0,130000,68000,62000,62000
057261,瑞昱兆豐98購01  ,0,0,0,0,0,0,0,0,0,62000,0,0,0,105000,43000,62000,62000
057340,玉晶光元富98購04,0,0,0,0,0,0,0,0,0,62000,0,0,0,76000,14000,62000,62000
05954P,旺宏國票97售03  ,0,0,0,0,0,0,0,0,0,62000,0,0,0,112000,50000,62000,62000
05893P,國巨兆豐96售04  ,0,0,0,0,0,0,0,0,0,62000,0,0,0,182000,120000,62000,62000
04807P,聯茂元富94售01  ,0,0,0,0,0,0,0,0,0,62000,0,0,0,68000,6000,62000,62000
049300,南電群益94購01  ,0,0,0,0,0,0,0,0,0,62000,0,0,0,241000,179000,62000,62000
051289,大立光統一96購01,0,0,0,0,0,0,0,0,0,62000,0,0,0,62000,0,62000,62000
049124,可成元富94購02  ,0,0,0,0,0,0,0,0,0,62000,0,0,0,142000,80000,62000,62000
054130,漢唐元大97購02  ,0,0,0,0,0,0,0,0,0,62000,0,0,0,205000,143000,62000,62000
054428,禾伸堂富邦98購01,0,0,0,0,0,0,0,0,0,62000,0,0,0,73000,11000,62000,62000
054282,泰鼎群益98購02  ,0,0,0,0,0,0,0,0,0,62000,0,0,0,188000,126000,62000,62000
055276,台積電元大97購20,0,0,0,0,0,0,0,0,0,62000,0,0,0,774000,712000,62000,62000
055314,華邦電中信99購01,0,0,0,0,0,0,0,0,0,62000,0,0,0,245000,183000,62000,62000
6213,聯茂            ,524000,595000,-71000,0,0,0,243000,0,243000,-110000,11000,66000,-55000,31000,86000,-55000,62000
9917,中保科          ,126000,63000,63000,0,0,0,0,0,0,-1000,0,1000,-1000,0,0,0,62000
3094,聯傑            ,65000,3000,62000,0,0,0,0,0,0,0,0,0,0,0,0,0,62000
1337,再生-KY         ,77000,15000,62000,0,0,0,0,0,0,0,0,0,0,0,0,0,62000
00737,國泰AI+Robo     ,428000,0,428000,0,0,0,0,0,0,-366914,0,0,0,256000,622914,-366914,61086
057148,玉晶光國票99購04,0,0,0,0,0,0,0,0,0,61000,0,0,0,81000,20000,61000,61000
05594P,旺宏國票96售04  ,0,0,0,0,0,0,0,0,0,61000,0,0,0,71000,10000,61000,61000
055644,致茂元富97購01  ,0,0,0,0,0,0,0,0,0,61000,0,0,0,89000,28000,61000,61000
043696,瑞儀兆豐93購01  ,0,0,0,0,0,0,0,0,0,61000,0,0,0,61000,0,61000,61000
044930,元黃金富邦93購01,0,0,0,0,0,0,0,0,0,61000,0,0,0,61000,0,61000,61000
047724,智邦群益93購03  ,0,0,0,0,0,0,0,0,0,61000,0,0,0,80000,19000,61000,61000
04520P,欣興群益94售02  ,0,0,0,0,0,0,0,0,0,61000,0,0,0,61000,0,61000,61000
051860,為升凱基95購01  ,0,0,0,0,0,0,0,0,0,61000,0,0,0,61000,0,61000,61000
050893,鴻海元大96購03  ,0,0,0,0,0,0,0,0,0,61000,0,0,0,330000,269000,61000,61000
052044,華通凱基97購01  ,0,0,0,0,0,0,0,0,0,61000,0,0,0,63000,2000,61000,61000
051062,超眾群益95購02  ,0,0,0,0,0,0,0,0,0,61000,0,0,0,92000,31000,61000,61000
05402P,台郡永豐95售02  ,0,0,0,0,0,0,0,0,0,61000,0,0,0,61000,0,61000,61000
052925,日電貿永豐96購01,0,0,0,0,0,0,0,0,0,61000,0,0,0,76000,15000,61000,61000
053103,瀚宇博元富96購01,0,0,0,0,0,0,0,0,0,61000,0,0,0,61000,0,61000,61000
3023,信邦            ,342000,393000,-51000,0,0,0,20000,0,20000,92000,87000,22000,65000,29000,2000,27000,61000
2444,兆勁            ,68000,7000,61000,0,0,0,0,0,0,0,0,0,0,0,0,0,61000
055586,旺宏元大98購06  ,0,0,0,0,0,0,0,0,0,60000,0,0,0,75000,15000,60000,60000
055706,大立光永豐97購03,0,0,0,0,0,0,0,0,0,60000,0,0,0,60000,0,60000,60000
056136,京鼎元大98購01  ,0,0,0,0,0,0,0,0,0,60000,0,0,0,165000,105000,60000,60000
056294,上銀元大97購11  ,0,0,0,0,0,0,0,0,0,60000,0,0,0,202000,142000,60000,60000
057392,福懋科永豐98購01,0,0,0,0,0,0,0,0,0,60000,0,0,0,97000,37000,60000,60000
056775,康控元大99購01  ,0,0,0,0,0,0,0,0,0,60000,0,0,0,76000,16000,60000,60000
06025P,臺股指元大99售02,0,0,0,0,0,0,0,0,0,60000,0,0,0,60000,0,60000,60000
057550,聯發科凱基02購01,0,0,0,0,0,0,0,0,0,60000,0,0,0,80000,20000,60000,60000
057525,光磊元大99購01  ,0,0,0,0,0,0,0,0,0,60000,0,0,0,110000,50000,60000,60000
044801,微星凱基93購01  ,0,0,0,0,0,0,0,0,0,60000,0,0,0,71000,11000,60000,60000
045522,滬深2X永豐94購01,0,0,0,0,0,0,0,0,0,60000,0,0,0,70000,10000,60000,60000
048667,旺宏永豐94購02  ,0,0,0,0,0,0,0,0,0,60000,0,0,0,128000,68000,60000,60000
047885,元金2X富邦99購01,0,0,0,0,0,0,0,0,0,60000,0,0,0,90000,30000,60000,60000
046592,南電元大92購03  ,0,0,0,0,0,0,0,0,0,60000,0,0,0,60000,0,60000,60000
00703,台新MSCI中國    ,0,0,0,0,0,0,0,0,0,60000,0,0,0,61000,1000,60000,60000
048128,超眾元大95購01  ,0,0,0,0,0,0,0,0,0,60000,0,0,0,105000,45000,60000,60000
048901,矽格國泰95購01  ,0,0,0,0,0,0,0,0,0,60000,0,0,0,60000,0,60000,60000
04909P,鴻海統一94售10  ,0,0,0,0,0,0,0,0,0,60000,0,0,0,60000,0,60000,60000
049036,燿華兆豐95購01  ,0,0,0,0,0,0,0,0,0,60000,0,0,0,60000,0,60000,60000
048401,南電國票93購03  ,0,0,0,0,0,0,0,0,0,60000,0,0,0,198000,138000,60000,60000
052247,深中小永豐95購01,0,0,0,0,0,0,0,0,0,60000,0,0,0,60000,0,60000,60000
052313,聯電元大98購01  ,0,0,0,0,0,0,0,0,0,60000,0,0,0,60000,0,60000,60000
052194,旺宏元富95購04  ,0,0,0,0,0,0,0,0,0,60000,0,0,0,148000,88000,60000,60000
048254,深中小統一93購01,0,0,0,0,0,0,0,0,0,60000,0,0,0,60000,0,60000,60000
046841,智伸科台新93購01,0,0,0,0,0,0,0,0,0,60000,0,0,0,60000,0,60000,60000
04739P,泰鼎永豐94售02  ,0,0,0,0,0,0,0,0,0,60000,0,0,0,60000,0,60000,60000
051759,全新元大95購04  ,0,0,0,0,0,0,0,0,0,60000,0,0,0,60000,0,60000,60000
04978P,台表科凱基94售02,0,0,0,0,0,0,0,0,0,60000,0,0,0,60000,0,60000,60000
05031P,台光電元富95售01,0,0,0,0,0,0,0,0,0,60000,0,0,0,60000,0,60000,60000
05063P,聯電元大96售03  ,0,0,0,0,0,0,0,0,0,60000,0,0,0,60000,0,60000,60000
051585,美食元大95購01  ,0,0,0,0,0,0,0,0,0,60000,0,0,0,60000,0,60000,60000
051632,全新國票96購01  ,0,0,0,0,0,0,0,0,0,60000,0,0,0,60000,0,60000,60000
049646,旺宏凱基94購01  ,0,0,0,0,0,0,0,0,0,60000,0,0,0,60000,0,60000,60000
052116,T50反1國票97購01,0,0,0,0,0,0,0,0,0,60000,0,0,0,460000,400000,60000,60000
050521,聯發科元大94購15,0,0,0,0,0,0,0,0,0,60000,0,0,0,210000,150000,60000,60000
053357,可成統一96購02  ,0,0,0,0,0,0,0,0,0,60000,0,0,0,670000,610000,60000,60000
052858,華通凱基97購02  ,0,0,0,0,0,0,0,0,0,60000,0,0,0,60000,0,60000,60000
052581,訊芯元富98購01  ,0,0,0,0,0,0,0,0,0,60000,0,0,0,60000,0,60000,60000
052555,漢唐國票97購01  ,0,0,0,0,0,0,0,0,0,60000,0,0,0,60000,0,60000,60000
053050,華通國票97購02  ,0,0,0,0,0,0,0,0,0,60000,0,0,0,60000,0,60000,60000
052972,義隆群益96購04  ,0,0,0,0,0,0,0,0,0,60000,0,0,0,60000,0,60000,60000
053025,燿華富邦98購02  ,0,0,0,0,0,0,0,0,0,60000,0,0,0,78000,18000,60000,60000
052645,美食永豐96購01  ,0,0,0,0,0,0,0,0,0,60000,0,0,0,60000,0,60000,60000
052646,淘帝永豐96購01  ,0,0,0,0,0,0,0,0,0,60000,0,0,0,60000,0,60000,60000
053290,元油反中信97購01,0,0,0,0,0,0,0,0,0,60000,0,0,0,60000,0,60000,60000
053251,世紀鋼國票97購02,0,0,0,0,0,0,0,0,0,60000,0,0,0,95000,35000,60000,60000
053507,百和兆豐96購01  ,0,0,0,0,0,0,0,0,0,60000,0,0,0,108000,48000,60000,60000
053447,京鼎凱基96購03  ,0,0,0,0,0,0,0,0,0,60000,0,0,0,128000,68000,60000,60000
05403P,台積電富邦95售08,0,0,0,0,0,0,0,0,0,60000,0,0,0,60000,0,60000,60000
053889,致茂群益97購01  ,0,0,0,0,0,0,0,0,0,60000,0,0,0,74000,14000,60000,60000
053902,S&P反1凱基97購01,0,0,0,0,0,0,0,0,0,60000,0,0,0,330000,270000,60000,60000
053754,英業達元富96購02,0,0,0,0,0,0,0,0,0,60000,0,0,0,213000,153000,60000,60000
053840,燿華統一96購02  ,0,0,0,0,0,0,0,0,0,60000,0,0,0,60000,0,60000,60000
055394,健策統一97購01  ,0,0,0,0,0,0,0,0,0,60000,0,0,0,60000,0,60000,60000
055086,華邦電亞東98購01,0,0,0,0,0,0,0,0,0,60000,0,0,0,60000,0,60000,60000
055208,京鼎康和97購02  ,0,0,0,0,0,0,0,0,0,60000,0,0,0,128000,68000,60000,60000
06403P,鴻海元富97售15  ,0,0,0,0,0,0,0,0,0,60000,0,0,0,60000,0,60000,60000
06390P,美律國票97售03  ,0,0,0,0,0,0,0,0,0,60000,0,0,0,60000,0,60000,60000
06168P,台表科國票97售06,0,0,0,0,0,0,0,0,0,60000,0,0,0,60000,0,60000,60000
06507P,台表科國票99售01,0,0,0,0,0,0,0,0,0,60000,0,0,0,60000,0,60000,60000
06457P,玉晶光統一98售02,0,0,0,0,0,0,0,0,0,60000,0,0,0,60000,0,60000,60000
057132,華新科凱基98購05,0,0,0,0,0,0,0,0,0,59000,0,0,0,64000,5000,59000,59000
057179,可成元大98購04  ,0,0,0,0,0,0,0,0,0,59000,0,0,0,218000,159000,59000,59000
056486,樺漢元大98購04  ,0,0,0,0,0,0,0,0,0,59000,0,0,0,84000,25000,59000,59000
056027,樺漢群益97購02  ,0,0,0,0,0,0,0,0,0,59000,0,0,0,60000,1000,59000,59000
055983,全新元富9A購02  ,0,0,0,0,0,0,0,0,0,59000,0,0,0,69000,10000,59000,59000
048992,昇陽半元大94購02,0,0,0,0,0,0,0,0,0,59000,0,0,0,180000,121000,59000,59000
051624,智邦麥證95購02  ,0,0,0,122000,4000,118000,0,0,0,59000,0,0,0,122000,63000,59000,59000
050348,鴻海群益94購06  ,0,0,0,0,0,0,0,0,0,59000,0,0,0,97000,38000,59000,59000
055139,欣興永豐97購01  ,0,0,0,0,0,0,0,0,0,59000,0,0,0,71000,12000,59000,59000
055005,晶相光元富97購01,5000,34000,-29000,0,0,0,0,0,0,88000,0,0,0,132000,44000,88000,59000
055511,大立光兆豐97購02,0,0,0,0,0,0,0,0,0,59000,0,0,0,79000,20000,59000,59000
054316,矽創凱基97購01  ,0,0,0,0,0,0,0,0,0,59000,0,0,0,99000,40000,59000,59000
054632,緯穎凱基9A購01  ,0,0,0,0,0,0,0,0,0,59000,0,0,0,125000,66000,59000,59000
054572,國巨元大98購03  ,0,0,0,0,0,0,0,0,0,59000,0,0,0,275000,216000,59000,59000
05381P,聯詠群益95售02  ,0,0,0,0,0,0,0,0,0,59000,0,0,0,60000,1000,59000,59000
053468,鴻海元大98購01  ,0,0,0,0,0,0,0,0,0,59000,0,0,0,100000,41000,59000,59000
052903,致茂國票97購01  ,0,0,0,0,0,0,0,0,0,59000,0,0,0,62000,3000,59000,59000
053056,同欣電國票97購01,0,0,0,0,0,0,0,0,0,59000,0,0,0,74000,15000,59000,59000
1229,聯華            ,284000,255000,29000,0,0,0,0,0,0,30000,30000,0,30000,0,0,0,59000
06156P,大立光統一97售05,0,0,0,0,0,0,0,0,0,59000,0,0,0,69000,10000,59000,59000
05595P,友達統一96售02  ,0,0,0,0,0,0,0,0,0,58000,0,0,0,58000,0,58000,58000
056346,聯茂凱基99購02  ,0,0,0,0,0,0,0,0,0,58000,0,0,0,150000,92000,58000,58000
057161,亞德客元大98購02,0,0,0,0,0,0,0,0,0,58000,0,0,0,58000,0,58000,58000
057627,和大永豐98購01  ,0,0,0,0,0,0,0,0,0,58000,0,0,0,74000,16000,58000,58000
046870,大立光統一95購01,0,0,0,0,0,0,0,0,0,58000,0,0,0,86000,28000,58000,58000
048823,漢唐凱基94購01  ,0,0,0,0,0,0,0,0,0,58000,0,0,0,61000,3000,58000,58000
00717,富邦美國特別股  ,41000,0,41000,0,0,0,0,0,0,17000,105000,0,105000,587000,675000,-88000,58000
04470P,為升元大94售01  ,0,0,0,0,0,0,0,0,0,58000,0,0,0,373000,315000,58000,58000
049801,可成元大94購09  ,0,0,0,0,0,0,0,0,0,58000,0,0,0,440000,382000,58000,58000
052075,旺宏元富95購03  ,0,0,0,0,0,0,0,0,0,58000,0,0,0,98000,40000,58000,58000
050205,牧德群益94購02  ,0,0,0,0,0,0,0,0,0,58000,0,0,0,78000,20000,58000,58000
051112,台郡統一95購01  ,0,0,0,0,0,0,0,0,0,58000,0,0,0,106000,48000,58000,58000
051425,昇陽半國票97購01,0,0,0,0,0,0,0,0,0,58000,0,0,0,94000,36000,58000,58000
053192,創意統一96購01  ,0,0,0,0,0,0,0,0,0,58000,0,0,0,58000,0,58000,58000
05394P,聯詠中信95售02  ,0,0,0,0,0,0,0,0,0,58000,0,0,0,78000,20000,58000,58000
054146,康友元大96購06  ,0,0,0,0,0,0,0,0,0,58000,0,0,0,114000,56000,58000,58000
054565,玉晶光群益99購02,0,0,0,0,0,0,0,0,0,58000,0,0,0,234000,176000,58000,58000
055420,欣興永豐98購01  ,0,0,0,0,0,0,0,0,0,58000,0,0,0,107000,49000,58000,58000
2399,映泰            ,92000,33000,59000,0,0,0,0,0,0,-1000,0,1000,-1000,0,0,0,58000
2388,威盛            ,150000,93000,57000,0,0,0,0,0,0,1000,1000,0,1000,0,0,0,58000
4540,全球傳動        ,154000,96000,58000,0,0,0,0,0,0,0,0,0,0,0,0,0,58000
057457,華邦電富邦98購01,0,0,0,0,0,0,0,0,0,57000,0,0,0,114000,57000,57000,57000
055865,臺股指元大97購02,0,0,0,0,0,0,0,0,0,57000,0,0,0,60000,3000,57000,57000
055732,全新元富9A購01  ,0,0,0,0,0,0,0,0,0,57000,0,0,0,70000,13000,57000,57000
047822,臺股指凱基93購16,0,0,0,0,0,0,0,0,0,57000,0,0,0,57000,0,57000,57000
04600P,可成凱基94售07  ,0,0,0,0,0,0,0,0,0,57000,0,0,0,57000,0,57000,57000
03890P,聯詠國泰94售02  ,0,0,0,0,0,0,0,0,0,57000,0,0,0,57000,0,57000,57000
046734,華通國票93購02  ,0,0,0,0,0,0,0,0,0,57000,0,0,0,57000,0,57000,57000
049681,旺宏統一94購04  ,0,0,0,0,0,0,0,0,0,57000,0,0,0,200000,143000,57000,57000
050481,泰鼎國票96購01  ,0,0,0,0,0,0,0,0,0,57000,0,0,0,67000,10000,57000,57000
049289,樺漢兆豐94購01  ,0,0,0,0,0,0,0,0,0,57000,0,0,0,57000,0,57000,57000
052713,智邦凱基96購01  ,0,0,0,0,0,0,0,0,0,57000,0,0,0,208000,151000,57000,57000
051307,康舒凱基95購01  ,0,0,0,0,0,0,0,0,0,57000,0,0,0,189000,132000,57000,57000
050620,和碩元大94購04  ,0,0,0,0,0,0,0,0,0,57000,0,0,0,57000,0,57000,57000
051829,玉晶光元大98購02,0,0,0,0,0,0,0,0,0,57000,0,0,0,97000,40000,57000,57000
049542,鴻海群益94購05  ,0,0,0,0,0,0,0,0,0,57000,0,0,0,57000,0,57000,57000
055269,和大元大97購02  ,0,0,0,0,0,0,0,0,0,57000,0,0,0,60000,3000,57000,57000
055049,智邦永豐97購01  ,0,0,0,0,0,0,0,0,0,57000,0,0,0,76000,19000,57000,57000
054844,華邦電兆豐98購01,0,0,0,0,0,0,0,0,0,57000,0,0,0,144000,87000,57000,57000
05437P,聯詠永豐95售02  ,0,0,0,0,0,0,0,0,0,57000,0,0,0,58000,1000,57000,57000
053542,超眾永豐96購01  ,0,0,0,0,0,0,0,0,0,57000,0,0,0,72000,15000,57000,57000
053186,健策中信9C購01  ,0,0,0,0,0,0,0,0,0,57000,0,0,0,88000,31000,57000,57000
053097,超眾統一96購03  ,0,0,0,0,0,0,0,0,0,57000,0,0,0,57000,0,57000,57000
053450,同欣電凱基96購02,0,0,0,0,0,0,0,0,0,57000,0,0,0,57000,0,57000,57000
053382,友達元大9C購02  ,0,0,0,0,0,0,0,0,0,57000,0,0,0,57000,0,57000,57000
3033,威健            ,68000,11000,57000,0,0,0,0,0,0,0,0,0,0,0,0,0,57000
06093P,華通元富97售03  ,0,0,0,0,0,0,0,0,0,57000,0,0,0,67000,10000,57000,57000
3008,大立光          ,218065,133000,85065,0,0,0,0,16900,-16900,-12000,0,9000,-9000,3000,6000,-3000,56165
056350,上銀元大98購02  ,0,0,0,0,0,0,0,0,0,56000,0,0,0,127000,71000,56000,56000
05658P,日月光元富96售02,0,0,0,0,0,0,0,0,0,56000,0,0,0,63000,7000,56000,56000
047354,訊芯凱基94購01  ,0,0,0,0,0,0,0,0,0,56000,0,0,0,59000,3000,56000,56000
03418B,臺股指元大95熊20,0,0,0,0,0,0,0,0,0,56000,0,0,0,234000,178000,56000,56000
048600,嘉澤國票94購01  ,0,0,0,0,0,0,0,0,0,56000,0,0,0,56000,0,56000,56000
045749,智邦富邦93購01  ,0,0,0,0,0,0,0,0,0,56000,0,0,0,56000,0,56000,56000
05257P,欣興凱基95售04  ,0,0,0,0,0,0,0,0,0,56000,0,0,0,64000,8000,56000,56000
053353,玉晶光兆豐97購03,0,0,0,0,0,0,0,0,0,56000,0,0,0,59000,3000,56000,56000
052614,聯電國泰97購01  ,0,0,0,0,0,0,0,0,0,56000,0,0,0,56000,0,56000,56000
05123P,鴻海永昌96售07  ,0,0,0,0,0,0,0,0,0,56000,0,0,0,263000,207000,56000,56000
053545,上銀凱基96購03  ,0,0,0,0,0,0,0,0,0,56000,0,0,0,61000,5000,56000,56000
054563,泰碩群益99購01  ,0,0,0,0,0,0,0,0,0,56000,0,0,0,56000,0,56000,56000
055398,超眾統一97購03  ,0,0,0,0,0,0,0,0,0,56000,0,0,0,97000,41000,56000,56000
2453,凌群            ,79000,23000,56000,0,0,0,0,0,0,0,0,0,0,0,0,0,56000
08897P,國巨群益01售10  ,0,0,0,0,0,0,0,0,0,56000,0,0,0,56000,0,56000,56000
056987,南茂群益98購01  ,0,0,0,0,0,0,0,0,0,55000,0,0,0,91000,36000,55000,55000
04003P,麗豐凱基94售03  ,0,0,0,0,0,0,0,0,0,55000,0,0,0,61000,6000,55000,55000
047292,台光電元富96購01,0,0,0,0,0,0,0,0,0,55000,0,0,0,60000,5000,55000,55000
048334,A50正2元大96購01,0,0,0,0,0,0,0,0,0,55000,0,0,0,65000,10000,55000,55000
051987,廣達元大95購01  ,0,0,0,0,0,0,0,0,0,55000,0,0,0,70000,15000,55000,55000
049609,全新兆豐95購01  ,0,0,0,0,0,0,0,0,0,55000,0,0,0,55000,0,55000,55000
05332P,臺股指國票95售01,0,0,0,0,0,0,0,0,0,55000,0,0,0,75000,20000,55000,55000
053311,同欣電凱基96購01,0,0,0,0,0,0,0,0,0,55000,0,0,0,57000,2000,55000,55000
049854,超眾群益94購02  ,0,0,0,0,0,0,0,0,0,55000,0,0,0,55000,0,55000,55000
05118P,超眾元大96售04  ,0,0,0,0,0,0,0,0,0,55000,0,0,0,60000,5000,55000,55000
051213,華新科統一95購01,0,0,0,0,0,0,0,0,0,55000,0,0,0,55000,0,55000,55000
051463,世芯國泰97購02  ,0,0,0,0,0,0,0,0,0,55000,0,0,0,390000,335000,55000,55000
055481,聚陽元大97購01  ,0,0,0,0,0,0,0,0,0,55000,0,0,0,60000,5000,55000,55000
055390,國巨統一98購03  ,0,0,0,0,0,0,0,0,0,55000,0,0,0,60000,5000,55000,55000
054945,正崴元大97購01  ,0,0,0,0,0,0,0,0,0,55000,0,0,0,55000,0,55000,55000
054266,緯穎元大96購07  ,0,0,0,0,0,0,0,0,0,55000,0,0,0,135000,80000,55000,55000
054249,技嘉元大96購03  ,0,0,0,0,0,0,0,0,0,55000,0,0,0,117000,62000,55000,55000
054250,漢唐元大96購04  ,0,0,0,0,0,0,0,0,0,55000,0,0,0,59000,4000,55000,55000
053962,聯茂永豐96購01  ,0,0,0,0,0,0,0,0,0,55000,0,0,0,123000,68000,55000,55000
053392,致新元大96購01  ,0,0,0,0,0,0,0,0,0,55000,0,0,0,208000,153000,55000,55000
052912,日月光統一96購01,0,0,0,0,0,0,0,0,0,55000,0,0,0,156000,101000,55000,55000
057347,國巨統一9A購03  ,0,0,0,0,0,0,0,0,0,54000,0,0,0,64000,10000,54000,54000
056460,同欣電凱基99購01,0,0,0,0,0,0,0,0,0,54000,0,0,0,66000,12000,54000,54000
056443,南亞科凱基98購03,0,0,0,0,0,0,0,0,0,54000,0,0,0,64000,10000,54000,54000
055729,金寶元富99購01  ,0,0,0,0,0,0,0,0,0,54000,0,0,0,139000,85000,54000,54000
03026X,元展23          ,0,0,0,0,0,0,0,0,0,54000,0,0,0,54000,0,54000,54000
049398,微星群益94購02  ,0,0,0,0,0,0,0,0,0,54000,0,0,0,54000,0,54000,54000
051315,同欣電麥證95購01,0,0,0,106000,52000,54000,0,0,0,54000,0,0,0,106000,52000,54000,54000
053424,欣興永豐96購02  ,0,0,0,0,0,0,0,0,0,54000,0,0,0,76000,22000,54000,54000
053517,崇越群益97購01  ,0,0,0,0,0,0,0,0,0,54000,0,0,0,54000,0,54000,54000
054259,健策元大97購03  ,0,0,0,0,0,0,0,0,0,54000,0,0,0,147000,93000,54000,54000
055042,得力永豐97購01  ,0,0,0,0,0,0,0,0,0,54000,0,0,0,54000,0,54000,54000
055365,華通元大97購03  ,0,0,0,0,0,0,0,0,0,54000,0,0,0,132000,78000,54000,54000
4746,台耀            ,129000,69000,60000,0,0,0,0,0,0,-6000,2000,8000,-6000,0,0,0,54000
055694,光罩國票98購01  ,0,115000,-115000,0,0,0,0,0,0,168000,0,0,0,339000,171000,168000,53000
056546,致伸凱基98購01  ,0,0,0,0,0,0,0,0,0,53000,0,0,0,94000,41000,53000,53000
056671,台灣50元富9A購01,0,0,0,0,0,0,0,0,0,53000,0,0,0,336000,283000,53000,53000
048998,玉晶光國票95購03,0,0,0,0,0,0,0,0,0,53000,0,0,0,145000,92000,53000,53000
048012,嘉晶國票94購01  ,0,0,0,0,0,0,0,0,0,53000,0,0,0,132000,79000,53000,53000
05134P,鴻海凱基96售06  ,0,0,0,0,0,0,0,0,0,53000,0,0,0,53000,0,53000,53000
05333P,臺股指國票95售02,0,0,0,0,0,0,0,0,0,53000,0,0,0,53000,0,53000,53000
053071,南電群益96購01  ,0,0,0,0,0,0,0,0,0,53000,0,0,0,199000,146000,53000,53000
049250,華通元大95購04  ,0,0,0,0,0,0,0,0,0,53000,0,0,0,120000,67000,53000,53000
050455,貿聯元大94購02  ,0,0,0,0,0,0,0,0,0,53000,0,0,0,75000,22000,53000,53000
049522,華通兆豐94購02  ,0,0,0,0,0,0,0,0,0,53000,0,0,0,232000,179000,53000,53000
054820,新日興元大97購01,0,0,0,0,0,0,0,0,0,53000,0,0,0,220000,167000,53000,53000
054808,東元元大9A購01  ,0,0,0,0,0,0,0,0,0,53000,0,0,0,53000,0,53000,53000
053534,微星永豐96購02  ,0,0,0,0,0,0,0,0,0,53000,0,0,0,69000,16000,53000,53000
4766,南寶            ,70000,17000,53000,0,0,0,0,0,0,0,0,0,0,0,0,0,53000
06670P,鴻海群益98售06  ,0,0,0,0,0,0,0,0,0,53000,0,0,0,58000,5000,53000,53000
06213P,大立光元大98售07,0,0,0,0,0,0,0,0,0,53000,0,0,0,330000,277000,53000,53000
2448,晶電            ,4018000,1342000,2676000,0,0,0,0,2617000,-2617000,-6000,249000,255000,-6000,0,0,0,53000
2903,遠百            ,632000,579000,53000,0,0,0,0,0,0,0,0,0,0,0,0,0,53000
1701,中化            ,197000,142000,55000,0,0,0,0,0,0,-2000,0,2000,-2000,0,0,0,53000
056608,力山永豐98購01  ,0,350000,-350000,0,0,0,0,0,0,402000,0,0,0,402000,0,402000,52000
056600,聯茂元富98購01  ,0,0,0,0,0,0,0,0,0,52000,0,0,0,83000,31000,52000,52000
056470,旺宏元大99購01  ,0,0,0,0,0,0,0,0,0,52000,0,0,0,80000,28000,52000,52000
055802,新日興永豐97購01,0,0,0,0,0,0,0,0,0,52000,0,0,0,107000,55000,52000,52000
05703P,矽力群益96售03  ,0,0,0,0,0,0,0,0,0,52000,0,0,0,143000,91000,52000,52000
05859P,台表科國票97售04,0,0,0,0,0,0,0,0,0,52000,0,0,0,70000,18000,52000,52000
047767,聯發科元大93購20,0,0,0,0,0,0,0,0,0,52000,0,0,0,53000,1000,52000,52000
04786P,鴻海永昌96售01  ,0,0,0,0,0,0,0,0,0,52000,0,0,0,52000,0,52000,52000
047663,亞德客永豐93購03,0,0,0,0,0,0,0,0,0,52000,0,0,0,56000,4000,52000,52000
049972,南電國票95購02  ,0,0,0,0,0,0,0,0,0,52000,0,0,0,178000,126000,52000,52000
051452,貿聯元大95購04  ,0,0,0,0,0,0,0,0,0,52000,0,0,0,55000,3000,52000,52000
051000,台郡元大96購01  ,0,0,0,0,0,0,0,0,0,52000,0,0,0,83000,31000,52000,52000
050472,和大永豐94購01  ,0,0,0,0,0,0,0,0,0,52000,0,0,0,58000,6000,52000,52000
051364,鴻海國泰97購03  ,0,0,0,0,0,0,0,0,0,52000,0,0,0,70000,18000,52000,52000
05330P,臺股指凱基95售14,0,0,0,0,0,0,0,0,0,52000,0,0,0,53000,1000,52000,52000
050600,瑞儀國泰95購01  ,0,0,0,0,0,0,0,0,0,52000,0,0,0,62000,10000,52000,52000
053112,中磊兆豐97購01  ,0,0,0,0,0,0,0,0,0,52000,0,0,0,62000,10000,52000,52000
05384P,大立光永豐95售02,0,0,0,0,0,0,0,0,0,52000,0,0,0,55000,3000,52000,52000
054278,晶技群益97購02  ,0,0,0,0,0,0,0,0,0,52000,0,0,0,149000,97000,52000,52000
055160,玉晶光元大99購03,0,0,0,0,0,0,0,0,0,52000,0,0,0,314000,262000,52000,52000
06139P,台積電中信99售02,0,0,0,0,0,0,0,0,0,52000,0,0,0,113000,61000,52000,52000
06354P,大立光永豐97售04,0,0,0,0,0,0,0,0,0,52000,0,0,0,59000,7000,52000,52000
057479,致茂元大98購03  ,0,0,0,0,0,0,0,0,0,51000,0,0,0,51000,0,51000,51000
056686,可成統一98購01  ,0,0,0,0,0,0,0,0,0,51000,0,0,0,93000,42000,51000,51000
056155,嘉晶凱基97購01  ,0,0,0,0,0,0,0,0,0,51000,0,0,0,86000,35000,51000,51000
045088,康控元大94購02  ,0,0,0,0,0,0,0,0,0,51000,0,0,0,151000,100000,51000,51000
044643,滬深2X群益96購01,0,0,0,0,0,0,0,0,0,51000,0,0,0,51000,0,51000,51000
050173,旺宏元大96購02  ,0,0,0,0,0,0,0,0,0,51000,0,0,0,133000,82000,51000,51000
052444,友訊元大95購01  ,0,0,0,0,0,0,0,0,0,51000,0,0,0,51000,0,51000,51000
053337,聯電國票97購01  ,0,0,0,0,0,0,0,0,0,51000,0,0,0,119000,68000,51000,51000
04963P,鴻海元大94售25  ,0,0,0,0,0,0,0,0,0,51000,0,0,0,225000,174000,51000,51000
051928,大立光中信96購03,0,0,0,0,0,0,0,0,0,51000,0,0,0,53000,2000,51000,51000
051069,智邦國票96購01  ,0,0,0,0,0,0,0,0,0,51000,0,0,0,60000,9000,51000,51000
054396,日電貿永豐96購02,0,0,0,0,0,0,0,0,0,51000,0,0,0,103000,52000,51000,51000
054714,和鑫台新98購01  ,0,0,0,0,0,0,0,0,0,51000,0,0,0,100000,49000,51000,51000
053772,大成鋼元大96購02,0,0,0,0,0,0,0,0,0,51000,0,0,0,71000,20000,51000,51000
053189,聯發科統一96購05,0,0,0,0,0,0,0,0,0,51000,0,0,0,51000,0,51000,51000
052951,GIS國票97購02   ,0,0,0,0,0,0,0,0,0,51000,0,0,0,61000,10000,51000,51000
3005,神基            ,128000,118000,10000,0,0,0,0,0,0,41000,45000,1000,44000,10000,13000,-3000,51000
056446,聯發科凱基98購08,0,0,0,0,0,0,0,0,0,50000,0,0,0,66000,16000,50000,50000
056482,貿聯元大99購01  ,0,0,0,0,0,0,0,0,0,50000,0,0,0,60000,10000,50000,50000
056497,GIS國泰99購01   ,0,0,0,0,0,0,0,0,0,50000,0,0,0,50000,0,50000,50000
05577P,上銀凱基96售02  ,0,0,0,0,0,0,0,0,0,50000,0,0,0,50000,0,50000,50000
055745,臻鼎元富97購01  ,0,0,0,0,0,0,0,0,0,50000,0,0,0,80000,30000,50000,50000
055710,亞德客元大97購03,0,0,0,0,0,0,0,0,0,50000,0,0,0,56000,6000,50000,50000
05581P,華新科凱基96售07,0,0,0,0,0,0,0,0,0,50000,0,0,0,50000,0,50000,50000
056056,旺宏元大97購06  ,0,0,0,0,0,0,0,0,0,50000,0,0,0,55000,5000,50000,50000
056062,大立光元大97購12,0,0,0,0,0,0,0,0,0,50000,0,0,0,60000,10000,50000,50000
056054,亞德客元大97購05,0,0,0,0,0,0,0,0,0,50000,0,0,0,50000,0,50000,50000
056064,大立光元大97購14,0,0,0,0,0,0,0,0,0,50000,0,0,0,60000,10000,50000,50000
057509,聯發科統一9A購03,0,0,0,0,0,0,0,0,0,50000,0,0,0,50000,0,50000,50000
057571,泰碩永豐98購01  ,0,0,0,0,0,0,0,0,0,50000,0,0,0,50000,0,50000,50000
05943P,欣興凱基96售03  ,0,0,0,0,0,0,0,0,0,50000,0,0,0,57000,7000,50000,50000
05697P,友達凱基96售01  ,0,0,0,0,0,0,0,0,0,50000,0,0,0,50000,0,50000,50000
056838,旺宏元富98購01  ,0,0,0,0,0,0,0,0,0,50000,0,0,0,98000,48000,50000,50000
05016P,臺股指元大95售07,0,0,0,0,0,0,0,0,0,50000,0,0,0,50000,0,50000,50000
050186,京鼎元大94購01  ,0,0,0,0,0,0,0,0,0,50000,0,0,0,60000,10000,50000,50000
052295,揚明光國票96購03,0,0,0,0,0,0,0,0,0,50000,0,0,0,50000,0,50000,50000
052239,泰鼎國票97購01  ,0,0,0,0,0,0,0,0,0,50000,0,0,0,90000,40000,50000,50000
048389,國巨國票94購01  ,0,0,0,0,0,0,0,0,0,50000,0,0,0,50000,0,50000,50000
048433,聯詠國票94購01  ,0,0,0,0,0,0,0,0,0,50000,0,0,0,50000,0,50000,50000
048060,台達電統一93購01,0,0,0,0,0,0,0,0,0,50000,0,0,0,50000,0,50000,50000
048891,傳奇元富97購02  ,0,0,0,0,0,0,0,0,0,50000,0,0,0,50000,0,50000,50000
048545,嘉澤永豐93購03  ,0,0,0,0,0,0,0,0,0,50000,0,0,0,50000,0,50000,50000
048826,宏達電凱基94購01,0,0,0,0,0,0,0,0,0,50000,0,0,0,50000,0,50000,50000
048315,聯發科凱基93購32,0,0,0,0,0,0,0,0,0,50000,0,0,0,50000,0,50000,50000
046862,台郡元大94購01  ,0,0,0,0,0,0,0,0,0,50000,0,0,0,50000,0,50000,50000
046863,康友元大93購01  ,0,0,0,0,0,0,0,0,0,50000,0,0,0,50000,0,50000,50000
046926,易華電國泰94購02,0,0,0,0,0,0,0,0,0,50000,0,0,0,50000,0,50000,50000
047955,南亞科永豐93購01,0,0,0,0,0,0,0,0,0,50000,0,0,0,50000,0,50000,50000
047443,智原元大94購01  ,0,0,0,0,0,0,0,0,0,50000,0,0,0,50000,0,50000,50000
047524,瑞昱元大93購10  ,0,0,0,0,0,0,0,0,0,50000,0,0,0,50000,0,50000,50000
046983,南茂兆豐94購01  ,0,0,0,0,0,0,0,0,0,50000,0,0,0,50000,0,50000,50000
047923,聯發科凱基94購02,0,0,0,0,0,0,0,0,0,50000,0,0,0,80000,30000,50000,50000
04424P,台郡永豐94售01  ,0,0,0,0,0,0,0,0,0,50000,0,0,0,50000,0,50000,50000
043972,大立光富邦93購02,0,0,0,0,0,0,0,0,0,50000,0,0,0,50000,0,50000,50000
046673,樺漢元大93購01  ,0,0,0,0,0,0,0,0,0,50000,0,0,0,50000,0,50000,50000
044935,玉晶光元大93購03,0,0,0,0,0,0,0,0,0,50000,0,0,0,50000,0,50000,50000
045669,華通元大93購02  ,0,0,0,0,0,0,0,0,0,50000,0,0,0,61000,11000,50000,50000
044487,元油2X元大94購01,0,0,0,0,0,0,0,0,0,50000,0,0,0,50000,0,50000,50000
046591,康舒元大92購01  ,0,0,0,0,0,0,0,0,0,50000,0,0,0,60000,10000,50000,50000
046618,南亞科凱基93購01,0,0,0,0,0,0,0,0,0,50000,0,0,0,60000,10000,50000,50000
045568,上証2X元大95購01,0,0,0,0,0,0,0,0,0,50000,0,0,0,50000,0,50000,50000
047640,聯發科元大93購17,0,0,0,0,0,0,0,0,0,50000,0,0,0,50000,0,50000,50000
04471P,華通元大95售03  ,0,0,0,0,0,0,0,0,0,50000,0,0,0,150000,100000,50000,50000
044872,旺宏統一93購02  ,0,0,0,0,0,0,0,0,0,50000,0,0,0,50000,0,50000,50000
045287,元油2X元大95購01,0,0,0,0,0,0,0,0,0,50000,0,0,0,50000,0,50000,50000
04785P,鴻海永豐94售03  ,0,0,0,0,0,0,0,0,0,50000,0,0,0,90000,40000,50000,50000
048616,智伸科凱基93購07,0,0,0,0,0,0,0,0,0,50000,0,0,0,50000,0,50000,50000
048619,台表科凱基93購07,0,0,0,0,0,0,0,0,0,50000,0,0,0,60000,10000,50000,50000
03425B,臺股指元大9A熊01,0,0,0,0,0,0,0,0,0,50000,0,0,0,60000,10000,50000,50000
042912,凌陽元大94購01  ,0,0,0,0,0,0,0,0,0,50000,0,0,0,50000,0,50000,50000
042997,新光鋼元大94購01,0,0,0,0,0,0,0,0,0,50000,0,0,0,50000,0,50000,50000
04083P,欣興統一94售01  ,0,0,0,0,0,0,0,0,0,50000,0,0,0,50000,0,50000,50000
046257,A50正2國票94購01,0,0,0,0,0,0,0,0,0,50000,0,0,0,50000,0,50000,50000
043655,微星富邦93購01  ,0,0,0,0,0,0,0,0,0,50000,0,0,0,50000,0,50000,50000
05018P,臺股指元大95售09,0,0,0,0,0,0,0,0,0,50000,0,0,0,50000,0,50000,50000
050209,華通國票95購01  ,0,0,0,0,0,0,0,0,0,50000,0,0,0,60000,10000,50000,50000
049869,訊芯兆豐94購01  ,0,0,0,0,0,0,0,0,0,50000,0,0,0,50000,0,50000,50000
052085,聯電元大95購01  ,0,0,0,0,0,0,0,0,0,50000,0,0,0,50000,0,50000,50000
052054,台表科凱基96購01,0,0,0,0,0,0,0,0,0,50000,0,0,0,50000,0,50000,50000
049983,智原凱基94購02  ,0,0,0,0,0,0,0,0,0,50000,0,0,0,50000,0,50000,50000
049909,國巨元大95購01  ,0,0,0,0,0,0,0,0,0,50000,0,0,0,70000,20000,50000,50000
049588,聯發科元大94購06,0,0,0,0,0,0,0,0,0,50000,0,0,0,70000,20000,50000,50000
049776,全新統一95購02  ,0,0,0,0,0,0,0,0,0,50000,0,0,0,50000,0,50000,50000
050915,健策中信98購01  ,0,0,0,0,0,0,0,0,0,50000,0,0,0,60000,10000,50000,50000
050892,聯電元大96購02  ,0,0,0,0,0,0,0,0,0,50000,0,0,0,50000,0,50000,50000
051842,大成鋼富邦97購01,0,0,0,0,0,0,0,0,0,50000,0,0,0,350000,300000,50000,50000
051290,大立光統一96購02,0,0,0,0,0,0,0,0,0,50000,0,0,0,70000,20000,50000,50000
050515,聯電元大96購01  ,0,0,0,0,0,0,0,0,0,50000,0,0,0,50000,0,50000,50000
049244,亞光元富94購01  ,0,0,0,0,0,0,0,0,0,50000,0,0,0,130000,80000,50000,50000
049211,昇陽半群益94購03,0,0,0,0,0,0,0,0,0,50000,0,0,0,50000,0,50000,50000
052149,電子類群益95購01,0,0,0,0,0,0,0,0,0,50000,0,0,0,50000,0,50000,50000
052130,國巨凱基9B購01  ,0,0,0,0,0,0,0,0,0,50000,0,0,0,271000,221000,50000,50000
051672,玉晶光元大96購03,0,0,0,0,0,0,0,0,0,50000,0,0,0,50000,0,50000,50000
051856,亞德客凱基95購01,0,0,0,0,0,0,0,0,0,50000,0,0,0,60000,10000,50000,50000
053297,鎧勝中信98購01  ,0,0,0,0,0,0,0,0,0,50000,0,0,0,50000,0,50000,50000
052728,上証2X國泰97購01,0,0,0,0,0,0,0,0,0,50000,0,0,0,50000,0,50000,50000
052447,聯發科元大96購04,0,0,0,0,0,0,0,0,0,50000,0,0,0,100000,50000,50000,50000
049369,義隆元大95購01  ,0,0,0,0,0,0,0,0,0,50000,0,0,0,50000,0,50000,50000
053011,鴻海統一98購01  ,0,0,0,0,0,0,0,0,0,50000,0,0,0,50000,0,50000,50000
052990,超眾元大97購01  ,0,0,0,0,0,0,0,0,0,50000,0,0,0,53000,3000,50000,50000
053083,中環元大99購01  ,0,0,0,0,0,0,0,0,0,50000,0,0,0,50000,0,50000,50000
053425,京鼎永豐96購01  ,0,0,0,0,0,0,0,0,0,50000,0,0,0,50000,0,50000,50000
053783,聯發科元大96購17,0,0,0,0,0,0,0,0,0,50000,0,0,0,100000,50000,50000,50000
053730,樺漢凱基98購01  ,0,0,0,0,0,0,0,0,0,50000,0,0,0,150000,100000,50000,50000
053826,光磊麥證97購01  ,0,0,0,50000,0,50000,0,0,0,50000,0,0,0,50000,0,50000,50000
053915,光罩國票96購02  ,0,0,0,0,0,0,0,0,0,50000,0,0,0,60000,10000,50000,50000
054044,京元電元大96購03,0,0,0,0,0,0,0,0,0,50000,0,0,0,50000,0,50000,50000
054127,台積電元大96購21,0,0,0,0,0,0,0,0,0,50000,0,0,0,322000,272000,50000,50000
054655,貿聯麥證98購01  ,0,0,0,50000,0,50000,0,0,0,50000,0,0,0,50000,0,50000,50000
054807,台化元大9A購02  ,0,0,0,0,0,0,0,0,0,50000,0,0,0,50000,0,50000,50000
054740,強茂凱基99購01  ,0,0,0,0,0,0,0,0,0,50000,0,0,0,50000,0,50000,50000
054875,群電群益97購01  ,0,0,0,0,0,0,0,0,0,50000,0,0,0,50000,0,50000,50000
05445P,聯詠元大95售05  ,0,0,0,0,0,0,0,0,0,50000,0,0,0,62000,12000,50000,50000
054366,和大中信98購01  ,0,0,0,0,0,0,0,0,0,50000,0,0,0,90000,40000,50000,50000
055120,南港兆豐97購01  ,0,0,0,0,0,0,0,0,0,50000,0,0,0,60000,10000,50000,50000
055000,玉晶光元富97購04,0,0,0,0,0,0,0,0,0,50000,0,0,0,76000,26000,50000,50000
054911,敬鵬凱基97購01  ,0,0,0,0,0,0,0,0,0,50000,0,0,0,60000,10000,50000,50000
055471,聯發科凱基97購04,0,0,0,0,0,0,0,0,0,50000,0,0,0,81000,31000,50000,50000
1702,南僑            ,67000,16000,51000,0,0,0,0,0,0,-1000,0,1000,-1000,0,0,0,50000
06383P,聯茂元富97售01  ,0,0,0,0,0,0,0,0,0,50000,0,0,0,50000,0,50000,50000
06291P,臺股指國票97售05,0,0,0,0,0,0,0,0,0,50000,0,0,0,50000,0,50000,50000
06455P,上銀統一99售03  ,0,0,0,0,0,0,0,0,0,50000,0,0,0,100000,50000,50000,50000
06535P,可成群益99售02  ,0,0,0,0,0,0,0,0,0,50000,0,0,0,112000,62000,50000,50000
8481,政伸            ,51000,1000,50000,0,0,0,0,0,0,0,0,0,0,0,0,0,50000
056788,日月光群益98購01,0,0,0,0,0,0,0,0,0,49000,0,0,0,49000,0,49000,49000
056911,緯穎元大99購01  ,0,0,0,0,0,0,0,0,0,49000,0,0,0,128000,79000,49000,49000
056979,微星群益98購01  ,0,0,0,0,0,0,0,0,0,49000,0,0,0,82000,33000,49000,49000
046344,超眾國票94購01  ,0,0,0,0,0,0,0,0,0,49000,0,0,0,69000,20000,49000,49000
04256P,美律國票93售03  ,0,0,0,0,0,0,0,0,0,49000,0,0,0,49000,0,49000,49000
04263P,南電群益93售03  ,0,0,0,0,0,0,0,0,0,49000,0,0,0,145000,96000,49000,49000
047447,台郡元大94購02  ,0,0,0,0,0,0,0,0,0,49000,0,0,0,50000,1000,49000,49000
050613,台光電元大94購09,0,0,0,0,0,0,0,0,0,49000,0,0,0,85000,36000,49000,49000
049291,華通群益94購04  ,0,0,0,0,0,0,0,0,0,49000,0,0,0,59000,10000,49000,49000
05144P,美律永豐95售02  ,0,0,0,0,0,0,0,0,0,49000,0,0,0,49000,0,49000,49000
05095P,景碩元大95售01  ,0,0,0,0,0,0,0,0,0,49000,0,0,0,150000,101000,49000,49000
050121,南電元大95購02  ,0,0,0,0,0,0,0,0,0,49000,0,0,0,781000,732000,49000,49000
055364,矽創凱基97購03  ,0,0,0,0,0,0,0,0,0,49000,0,0,0,49000,0,49000,49000
054768,泰碩國票99購02  ,0,0,0,0,0,0,0,0,0,49000,0,0,0,49000,0,49000,49000
053752,超眾永豐96購02  ,0,0,0,0,0,0,0,0,0,49000,0,0,0,77000,28000,49000,49000
6224,聚鼎            ,115000,66000,49000,0,0,0,0,0,0,0,0,0,0,0,0,0,49000
06598P,奇力新永豐98售02,0,0,0,0,0,0,0,0,0,49000,0,0,0,49000,0,49000,49000
06224P,可成元富97售02  ,0,0,0,0,0,0,0,0,0,49000,0,0,0,49000,0,49000,49000
2059,川湖            ,159000,110000,49000,0,0,0,0,0,0,0,0,0,0,0,0,0,49000
05908P,大立光元富96售05,0,0,0,0,0,0,0,0,0,48000,0,0,0,48000,0,48000,48000
05963P,貿聯國票97售02  ,0,0,0,0,0,0,0,0,0,48000,0,0,0,78000,30000,48000,48000
05640P,旺宏元富96售03  ,0,0,0,0,0,0,0,0,0,48000,0,0,0,49000,1000,48000,48000
047271,華通永豐93購01  ,0,0,0,0,0,0,0,0,0,48000,0,0,0,48000,0,48000,48000
047385,華邦電元大94購02,0,0,0,0,0,0,0,0,0,48000,0,0,0,50000,2000,48000,48000
047966,華通國泰94購01  ,0,0,0,0,0,0,0,0,0,48000,0,0,0,48000,0,48000,48000
048979,晶相光元大94購03,0,0,0,0,0,0,0,0,0,48000,0,0,0,68000,20000,48000,48000
052330,燿華亞東95購01  ,0,0,0,0,0,0,0,0,0,48000,0,0,0,48000,0,48000,48000
04203P,超眾元大93售04  ,0,0,0,0,0,0,0,0,0,48000,0,0,0,48000,0,48000,48000
048663,聯發科統一96購01,0,0,0,0,0,0,0,0,0,48000,0,0,0,48000,0,48000,48000
045797,健策中信93購01  ,0,0,0,0,0,0,0,0,0,48000,0,0,0,50000,2000,48000,48000
049957,智邦統一94購01  ,0,0,0,0,0,0,0,0,0,48000,0,0,0,48000,0,48000,48000
049744,亞德客永豐94購01,0,0,0,0,0,0,0,0,0,48000,0,0,0,48000,0,48000,48000
051073,同欣電國票96購01,0,0,0,0,0,0,0,0,0,48000,0,0,0,48000,0,48000,48000
05201P,玉晶光國泰97售02,0,0,0,0,0,0,0,0,0,48000,0,0,0,80000,32000,48000,48000
050869,健策永豐95購01  ,0,0,0,0,0,0,0,0,0,48000,0,0,0,60000,12000,48000,48000
051105,台光電國票96購01,0,0,0,0,0,0,0,0,0,48000,0,0,0,48000,0,48000,48000
051163,鴻海元大95購04  ,0,0,0,0,0,0,0,0,0,48000,0,0,0,374000,326000,48000,48000
051926,聯電中信97購01  ,0,0,0,0,0,0,0,0,0,48000,0,0,0,68000,20000,48000,48000
051918,聯茂元大95購01  ,0,0,0,0,0,0,0,0,0,48000,0,0,0,106000,58000,48000,48000
050400,臻鼎中信97購01  ,0,0,0,0,0,0,0,0,0,48000,0,0,0,499000,451000,48000,48000
050574,微星國票94購01  ,0,0,0,0,0,0,0,0,0,48000,0,0,0,48000,0,48000,48000
052466,聯詠統一95購03  ,0,0,0,0,0,0,0,0,0,48000,0,0,0,48000,0,48000,48000
053835,南亞科永豐96購02,0,0,0,0,0,0,0,0,0,48000,0,0,0,69000,21000,48000,48000
054172,易華電凱基98購01,0,0,0,0,0,0,0,0,0,48000,0,0,0,68000,20000,48000,48000
053469,光磊元大97購01  ,0,0,0,0,0,0,0,0,0,48000,0,0,0,50000,2000,48000,48000
054484,仁寶台新96購01  ,0,0,0,0,0,0,0,0,0,48000,0,0,0,58000,10000,48000,48000
055171,凱美統一97購01  ,0,0,0,0,0,0,0,0,0,48000,0,0,0,48000,0,48000,48000
06364P,鴻海凱基97售08  ,0,0,0,0,0,0,0,0,0,48000,0,0,0,76000,28000,48000,48000
06204P,鴻海群益97售04  ,0,0,0,0,0,0,0,0,0,48000,0,0,0,68000,20000,48000,48000
06640P,國巨兆豐99售02  ,0,0,0,0,0,0,0,0,0,48000,0,0,0,96000,48000,48000,48000
06551P,貿聯元大98售05  ,0,0,0,0,0,0,0,0,0,48000,0,0,0,60000,12000,48000,48000
3708,上緯投控        ,121000,85000,36000,0,0,0,0,0,0,12000,0,0,0,16000,4000,12000,48000
4994,傳奇            ,74600,33000,41600,0,0,0,0,0,0,6000,0,0,0,6000,0,6000,47600
056338,聯發科凱基99購01,0,0,0,0,0,0,0,0,0,47000,0,0,0,69000,22000,47000,47000
056224,聯發科凱基97購08,0,0,0,0,0,0,0,0,0,47000,0,0,0,50000,3000,47000,47000
055578,群創統一98購03  ,0,0,0,0,0,0,0,0,0,47000,0,0,0,47000,0,47000,47000
05849P,臺股指元大96售25,0,0,0,0,0,0,0,0,0,47000,0,0,0,57000,10000,47000,47000
057555,玉晶光凱基9A購02,0,0,0,0,0,0,0,0,0,47000,0,0,0,71000,24000,47000,47000
046590,同欣電元大92購02,0,0,0,0,0,0,0,0,0,47000,0,0,0,50000,3000,47000,47000
047748,漢唐元富93購02  ,0,0,0,0,0,0,0,0,0,47000,0,0,0,47000,0,47000,47000
04526P,美律凱基94售03  ,0,0,0,0,0,0,0,0,0,47000,0,0,0,47000,0,47000,47000
052390,聯詠群益95購03  ,0,0,0,0,0,0,0,0,0,47000,0,0,0,58000,11000,47000,47000
052820,宏達電永豐96購01,0,0,0,0,0,0,0,0,0,47000,0,0,0,100000,53000,47000,47000
050372,全新元大96購03  ,0,0,0,0,0,0,0,0,0,47000,0,0,0,62000,15000,47000,47000
051941,樺漢群益95購02  ,0,0,0,0,0,0,0,0,0,47000,0,0,0,49000,2000,47000,47000
05121P,創意國泰96售01  ,0,0,0,0,0,0,0,0,0,47000,0,0,0,98000,51000,47000,47000
05151P,台光電群益95售02,0,0,0,0,0,0,0,0,0,47000,0,0,0,222000,175000,47000,47000
050851,羅麗芬國票96購01,0,0,0,0,0,0,0,0,0,47000,0,0,0,47000,0,47000,47000
055096,緯穎群益97購01  ,0,0,0,0,0,0,0,0,0,47000,0,0,0,136000,89000,47000,47000
054806,台化元大9A購01  ,0,0,0,0,0,0,0,0,0,47000,0,0,0,50000,3000,47000,47000
05479P,華新科台新96售01,0,0,0,0,0,0,0,0,0,47000,0,0,0,50000,3000,47000,47000
052937,國巨兆豐97購01  ,0,0,0,0,0,0,0,0,0,47000,0,0,0,571000,524000,47000,47000
054131,南亞科元大96購04,0,0,0,0,0,0,0,0,0,47000,0,0,0,60000,13000,47000,47000
053948,大立光富邦99購04,0,0,0,0,0,0,0,0,0,47000,0,0,0,57000,10000,47000,47000
053558,訊芯凱基96購02  ,0,0,0,0,0,0,0,0,0,47000,0,0,0,47000,0,47000,47000
053698,中磊元大96購02  ,0,0,0,0,0,0,0,0,0,47000,0,0,0,115000,68000,47000,47000
6715,嘉基            ,65000,18000,47000,0,0,0,0,0,0,0,0,0,0,0,0,0,47000
06739P,聯詠兆豐98售02  ,0,0,0,0,0,0,0,0,0,47000,0,0,0,70000,23000,47000,47000
06151P,華新科元大97售07,0,0,0,0,0,0,0,0,0,47000,0,0,0,62000,15000,47000,47000
6415,矽力-KY         ,262153,248000,14153,0,0,0,14000,0,14000,18000,0,1000,-1000,22000,3000,19000,46153
05946P,和碩中信96售01  ,0,0,0,0,0,0,0,0,0,46000,0,0,0,120000,74000,46000,46000
056833,和大元富9B購01  ,0,0,0,0,0,0,0,0,0,46000,0,0,0,96000,50000,46000,46000
057376,新日興元大98購04,0,0,0,0,0,0,0,0,0,46000,0,0,0,57000,11000,46000,46000
057313,聯發科麥證99購01,0,0,0,56000,10000,46000,0,0,0,46000,0,0,0,56000,10000,46000,46000
055629,華新科永豐97購04,0,0,0,0,0,0,0,0,0,46000,0,0,0,132000,86000,46000,46000
056014,上銀群益97購02  ,0,0,0,0,0,0,0,0,0,46000,0,0,0,63000,17000,46000,46000
044049,元金2X元大94購03,0,0,0,0,0,0,0,0,0,46000,0,0,0,46000,0,46000,46000
04102P,臺股指國票93售09,0,0,0,0,0,0,0,0,0,46000,0,0,0,147000,101000,46000,46000
03828P,致茂中信95售01  ,0,0,0,0,0,0,0,0,0,46000,0,0,0,46000,0,46000,46000
05217P,鴻海統一95售08  ,0,0,0,0,0,0,0,0,0,46000,0,0,0,46000,0,46000,46000
04806P,臻鼎元富94售06  ,0,0,0,0,0,0,0,0,0,46000,0,0,0,52000,6000,46000,46000
049516,光罩國票94購02  ,0,0,0,0,0,0,0,0,0,46000,0,0,0,46000,0,46000,46000
049150,新光金元大96購01,0,0,0,0,0,0,0,0,0,46000,0,0,0,46000,0,46000,46000
049613,華通中信94購01  ,0,0,0,0,0,0,0,0,0,46000,0,0,0,46000,0,46000,46000
052635,奇力新凱基98購01,0,0,0,0,0,0,0,0,0,46000,0,0,0,76000,30000,46000,46000
052402,健策凱基97購01  ,0,0,0,0,0,0,0,0,0,46000,0,0,0,307000,261000,46000,46000
049341,旺宏統一95購01  ,0,0,0,0,0,0,0,0,0,46000,0,0,0,168000,122000,46000,46000
053677,同欣電國泰97購01,0,0,0,0,0,0,0,0,0,46000,0,0,0,56000,10000,46000,46000
054568,訊芯群益97購01  ,0,0,0,0,0,0,0,0,0,46000,0,0,0,46000,0,46000,46000
054352,世芯國泰98購01  ,0,0,0,0,0,0,0,0,0,46000,0,0,0,72000,26000,46000,46000
055097,福懋科群益97購01,0,0,0,0,0,0,0,0,0,46000,0,0,0,84000,38000,46000,46000
055021,亞德客國泰98購01,0,0,0,0,0,0,0,0,0,46000,0,0,0,97000,51000,46000,46000
06396P,新日興康和97售01,0,0,0,0,0,0,0,0,0,46000,0,0,0,46000,0,46000,46000
06408P,聯茂元富97售02  ,0,0,0,0,0,0,0,0,0,46000,0,0,0,49000,3000,46000,46000
2534,宏盛            ,141000,94760,46240,0,0,0,0,0,0,-1000,0,1000,-1000,0,0,0,45240
055567,訊芯凱基98購02  ,0,0,0,0,0,0,0,0,0,45000,0,0,0,45000,0,45000,45000
05574P,英業達元富96售01,0,0,0,0,0,0,0,0,0,45000,0,0,0,64000,19000,45000,45000
056291,聯茂永豐97購03  ,0,0,0,0,0,0,0,0,0,45000,0,0,0,114000,69000,45000,45000
056278,全新富邦98購02  ,0,0,0,0,0,0,0,0,0,45000,0,0,0,45000,0,45000,45000
056211,南港國票98購01  ,0,0,0,0,0,0,0,0,0,45000,0,0,0,55000,10000,45000,45000
056445,聯發科凱基98購07,0,0,0,0,0,0,0,0,0,45000,0,0,0,78000,33000,45000,45000
057272,台積電元大98購14,0,0,0,0,0,0,0,0,0,45000,0,0,0,102000,57000,45000,45000
056776,聯茂元大99購01  ,0,0,0,0,0,0,0,0,0,45000,0,0,0,45000,0,45000,45000
05981P,可成永昌98售02  ,0,0,0,0,0,0,0,0,0,45000,0,0,0,164000,119000,45000,45000
049087,晶相光凱基94購02,0,0,0,0,0,0,0,0,0,45000,0,0,0,46000,1000,45000,45000
048218,上銀凱基93購07  ,0,0,0,0,0,0,0,0,0,45000,0,0,0,45000,0,45000,45000
048795,復盛元大94購01  ,0,0,0,0,0,0,0,0,0,45000,0,0,0,45000,0,45000,45000
042953,鴻海台新01購01  ,0,0,0,0,0,0,0,0,0,45000,0,0,0,90000,45000,45000,45000
047653,上銀兆豐94購01  ,0,0,0,0,0,0,0,0,0,45000,0,0,0,46000,1000,45000,45000
04542P,致伸永豐94售01  ,0,0,0,0,0,0,0,0,0,45000,0,0,0,45000,0,45000,45000
047591,訊芯永豐93購02  ,0,0,0,0,0,0,0,0,0,45000,0,0,0,45000,0,45000,45000
051352,南亞科元大95購02,0,0,0,0,0,0,0,0,0,45000,0,0,0,57000,12000,45000,45000
049837,臺股指凱基96購02,0,0,0,0,0,0,0,0,0,45000,0,0,0,110000,65000,45000,45000
050814,微星凱基95購01  ,0,0,0,0,0,0,0,0,0,45000,0,0,0,58000,13000,45000,45000
055011,元翎元富97購01  ,0,0,0,0,0,0,0,0,0,45000,0,0,0,137000,92000,45000,45000
055126,嘉澤兆豐97購01  ,0,0,0,0,0,0,0,0,0,45000,0,0,0,80000,35000,45000,45000
054450,聯茂第一96購01  ,0,0,0,0,0,0,0,0,0,45000,0,0,0,55000,10000,45000,45000
054395,華新科永豐96購03,0,0,0,0,0,0,0,0,0,45000,0,0,0,904000,859000,45000,45000
054579,聯茂元大97購01  ,0,0,0,0,0,0,0,0,0,45000,0,0,0,53000,8000,45000,45000
053434,國泰金日盛96購01,0,0,0,0,0,0,0,0,0,45000,0,0,0,45000,0,45000,45000
1762,中化生          ,102000,57000,45000,0,0,0,0,0,0,0,0,0,0,0,0,0,45000
08795P,聯發科凱基01售11,0,0,0,0,0,0,0,0,0,45000,0,0,0,245000,200000,45000,45000
06427P,鴻海元大97售13  ,0,0,0,0,0,0,0,0,0,45000,0,0,0,91000,46000,45000,45000
5215,科嘉-KY         ,61000,16000,45000,0,0,0,0,0,0,0,0,0,0,0,0,0,45000
05944P,富邦金中信96售01,0,0,0,0,0,0,0,0,0,44000,0,0,0,44000,0,44000,44000
06018P,康控凱基96售03  ,0,0,0,0,0,0,0,0,0,44000,0,0,0,153000,109000,44000,44000
057149,京鼎國票99購02  ,0,0,0,0,0,0,0,0,0,44000,0,0,0,44000,0,44000,44000
047202,欣興元富96購01  ,0,0,0,0,0,0,0,0,0,44000,0,0,0,44000,0,44000,44000
047227,華新科凱基94購01,0,0,0,0,0,0,0,0,0,44000,0,0,0,45000,1000,44000,44000
049595,麗豐元大95購01  ,0,0,0,0,0,0,0,0,0,44000,0,0,0,49000,5000,44000,44000
051468,智邦日盛95購01  ,0,0,0,0,0,0,0,0,0,44000,0,0,0,144000,100000,44000,44000
051732,華通國票97購01  ,0,0,0,0,0,0,0,0,0,44000,0,0,0,115000,71000,44000,44000
050238,瑞昱凱基94購05  ,0,0,0,0,0,0,0,0,0,44000,0,0,0,47000,3000,44000,44000
051382,玉晶光群益98購02,0,0,0,0,0,0,0,0,0,44000,0,0,0,120000,76000,44000,44000
050505,可成凱基94購12  ,0,0,0,0,0,0,0,0,0,44000,0,0,0,68000,24000,44000,44000
053062,緯穎富邦97購01  ,0,0,0,0,0,0,0,0,0,44000,0,0,0,68000,24000,44000,44000
053120,復盛中信9A購01  ,0,0,0,0,0,0,0,0,0,44000,0,0,0,159000,115000,44000,44000
054861,智邦群益97購01  ,0,0,0,0,0,0,0,0,0,44000,0,0,0,147000,103000,44000,44000
054445,技嘉兆豐96購01  ,0,0,0,0,0,0,0,0,0,44000,0,0,0,44000,0,44000,44000
05427P,聯發科凱基96售07,0,0,0,0,0,0,0,0,0,44000,0,0,0,226000,182000,44000,44000
055157,晶豪科元大97購01,0,0,0,0,0,0,0,0,0,44000,0,0,0,59000,15000,44000,44000
9802,鈺齊-KY         ,713000,861009,-148009,0,0,0,186000,0,186000,6000,0,5000,-5000,14000,3000,11000,43991
057268,臻鼎兆豐99購01  ,0,0,0,0,0,0,0,0,0,43000,0,0,0,58000,15000,43000,43000
056856,華通群益9A購01  ,0,0,0,0,0,0,0,0,0,43000,0,0,0,84000,41000,43000,43000
056960,光罩永豐98購01  ,0,0,0,0,0,0,0,0,0,43000,0,0,0,130000,87000,43000,43000
056511,超眾永豐98購01  ,0,0,0,0,0,0,0,0,0,43000,0,0,0,46000,3000,43000,43000
056672,元油2X元富98購10,0,0,0,0,0,0,0,0,0,43000,0,0,0,55000,12000,43000,43000
055738,玉山金元富97購01,0,0,0,0,0,0,0,0,0,43000,0,0,0,93000,50000,43000,43000
055818,晶相光國票97購02,0,0,0,0,0,0,0,0,0,43000,0,0,0,1797000,1754000,43000,43000
052704,TPK國票97購01   ,0,0,0,0,0,0,0,0,0,43000,0,0,0,43000,0,43000,43000
049765,上証2X元富94購01,0,0,0,0,0,0,0,0,0,43000,0,0,0,43000,0,43000,43000
049902,大立光元富94購05,0,0,0,0,0,0,0,0,0,43000,0,0,0,43000,0,43000,43000
050921,旺宏凱基95購02  ,0,0,0,0,0,0,0,0,0,43000,0,0,0,73000,30000,43000,43000
055274,華泰元大97購02  ,0,0,0,0,0,0,0,0,0,43000,0,0,0,70000,27000,43000,43000
055448,健策統一97購02  ,0,0,0,0,0,0,0,0,0,43000,0,0,0,48000,5000,43000,43000
054329,華新科永豐96購02,0,0,0,0,0,0,0,0,0,43000,0,0,0,122000,79000,43000,43000
054533,泰碩國泰98購01  ,0,0,0,0,0,0,0,0,0,43000,0,0,0,43000,0,43000,43000
06202P,大立光元大98售06,0,0,0,0,0,0,0,0,0,43000,0,0,0,50000,7000,43000,43000
3052,夆典            ,120000,75000,45000,0,0,0,0,0,0,-2000,0,2000,-2000,0,0,0,43000
056050,晶技國票98購01  ,0,0,0,0,0,0,0,0,0,42000,0,0,0,42000,0,42000,42000
056649,智易凱基98購01  ,0,0,0,0,0,0,0,0,0,42000,0,0,0,128000,86000,42000,42000
056474,華新科元大99購05,0,0,0,0,0,0,0,0,0,42000,0,0,0,70000,28000,42000,42000
056262,台積電統一98購04,0,0,0,0,0,0,0,0,0,42000,0,0,0,190000,148000,42000,42000
057013,聯發科麥證98購01,0,0,0,60000,18000,42000,0,0,0,42000,0,0,0,60000,18000,42000,42000
057487,聯發科元大98購10,0,0,0,0,0,0,0,0,0,42000,0,0,0,180000,138000,42000,42000
048388,華通國票94購01  ,0,0,0,0,0,0,0,0,0,42000,0,0,0,42000,0,42000,42000
051103,緯穎元大96購03  ,0,0,0,0,0,0,0,0,0,42000,0,0,0,42000,0,42000,42000
050006,華擎永豐94購03  ,0,0,0,0,0,0,0,0,0,42000,0,0,0,56000,14000,42000,42000
052556,聯發科國票97購01,0,0,0,0,0,0,0,0,0,42000,0,0,0,42000,0,42000,42000
04965P,日月光元大94售02,0,0,0,0,0,0,0,0,0,42000,0,0,0,58000,16000,42000,42000
054342,亞光元富99購01  ,0,0,0,0,0,0,0,0,0,42000,0,0,0,42000,0,42000,42000
054774,同欣電國票98購01,0,0,0,0,0,0,0,0,0,42000,0,0,0,186000,144000,42000,42000
055422,康控永豐97購01  ,0,0,0,0,0,0,0,0,0,42000,0,0,0,48000,6000,42000,42000
05549P,臺股指元大96售03,0,0,0,0,0,0,0,0,0,42000,0,0,0,237000,195000,42000,42000
053107,旺宏兆豐97購01  ,0,0,0,0,0,0,0,0,0,42000,0,0,0,56000,14000,42000,42000
054095,同欣電群益98購03,0,0,0,0,0,0,0,0,0,42000,0,0,0,108000,66000,42000,42000
1514,亞力            ,172000,130000,42000,0,0,0,0,0,0,0,0,0,0,0,0,0,42000
1305,華夏            ,185000,143000,42000,0,0,0,0,0,0,0,0,0,0,0,0,0,42000
06145P,華新科永豐97售02,0,0,0,0,0,0,0,0,0,42000,0,0,0,42000,0,42000,42000
06114P,台積電統一97售03,0,0,0,0,0,0,0,0,0,42000,0,0,0,42000,0,42000,42000
06314P,GIS元富97售02   ,0,0,0,0,0,0,0,0,0,42000,0,0,0,49000,7000,42000,42000
6591,動力-KY         ,82000,40000,42000,0,0,0,0,0,0,0,0,0,0,0,0,0,42000
057465,智易永豐98購02  ,0,0,0,0,0,0,0,0,0,41000,0,0,0,50000,9000,41000,41000
056391,大立光富邦9C購01,0,0,0,0,0,0,0,0,0,41000,0,0,0,72000,31000,41000,41000
055919,景碩凱基98購02  ,0,0,0,0,0,0,0,0,0,41000,0,0,0,66000,25000,41000,41000
048443,旺宏凱基93購08  ,0,0,0,0,0,0,0,0,0,41000,0,0,0,76000,35000,41000,41000
047763,旺宏元大94購04  ,0,0,0,0,0,0,0,0,0,41000,0,0,0,41000,0,41000,41000
046290,儒鴻統一93購01  ,0,0,0,0,0,0,0,0,0,41000,0,0,0,41000,0,41000,41000
050522,聯發科元大95購03,0,0,0,0,0,0,0,0,0,41000,0,0,0,208000,167000,41000,41000
050602,訊芯國泰96購01  ,0,0,0,0,0,0,0,0,0,41000,0,0,0,42000,1000,41000,41000
050296,亞光凱基94購03  ,0,0,0,0,0,0,0,0,0,41000,0,0,0,68000,27000,41000,41000
052026,漢唐群益95購01  ,0,0,0,0,0,0,0,0,0,41000,0,0,0,66000,25000,41000,41000
051690,超眾凱基95購03  ,0,0,0,0,0,0,0,0,0,41000,0,0,0,41000,0,41000,41000
051084,華通元大95購06  ,0,0,0,0,0,0,0,0,0,41000,0,0,0,51000,10000,41000,41000
050740,旺宏永豐94購03  ,0,0,0,0,0,0,0,0,0,41000,0,0,0,109000,68000,41000,41000
051583,可成元大95購07  ,0,0,0,0,0,0,0,0,0,41000,0,0,0,88000,47000,41000,41000
053701,台積電兆豐96購05,0,0,0,0,0,0,0,0,0,41000,0,0,0,137000,96000,41000,41000
053493,智邦兆豐97購02  ,0,0,0,0,0,0,0,0,0,41000,0,0,0,48000,7000,41000,41000
055265,玉晶光永豐98購03,0,0,0,0,0,0,0,0,0,41000,0,0,0,119000,78000,41000,41000
054222,大立光統一98購03,0,0,0,0,0,0,0,0,0,41000,0,0,0,41000,0,41000,41000
9927,泰銘            ,53000,12000,41000,0,0,0,0,0,0,0,0,0,0,0,0,0,41000
06129P,玉晶光元富97售06,0,0,0,0,0,0,0,0,0,41000,0,0,0,52000,11000,41000,41000
06802P,緯穎群益98售03  ,0,0,0,0,0,0,0,0,0,41000,0,0,0,43000,2000,41000,41000
1423,利華            ,42000,1000,41000,0,0,0,0,0,0,0,0,0,0,0,0,0,41000
1902,台紙            ,156000,114000,42000,0,0,0,0,0,0,-1000,0,1000,-1000,0,0,0,41000
055970,聯茂元大97購04  ,0,0,0,0,0,0,0,0,0,40000,0,0,0,50000,10000,40000,40000
05610P,國巨群益98售01  ,0,0,0,0,0,0,0,0,0,40000,0,0,0,40000,0,40000,40000
055666,鴻海群益97購05  ,0,0,0,0,0,0,0,0,0,40000,0,0,0,50000,10000,40000,40000
055552,瑞昱凱基97購02  ,0,0,0,0,0,0,0,0,0,40000,0,0,0,78000,38000,40000,40000
05642P,玉晶光兆豐97售02,0,0,0,0,0,0,0,0,0,40000,0,0,0,70000,30000,40000,40000
056257,聯茂元富97購04  ,0,0,0,0,0,0,0,0,0,40000,0,0,0,50000,10000,40000,40000
056479,玉晶光元大99購05,0,0,0,0,0,0,0,0,0,40000,0,0,0,170000,130000,40000,40000
056572,義隆元大99購01  ,0,0,0,0,0,0,0,0,0,40000,0,0,0,40000,0,40000,40000
057452,新日興元富98購01,0,0,0,0,0,0,0,0,0,40000,0,0,0,40000,0,40000,40000
05753P,臺股指中信99售02,0,0,0,0,0,0,0,0,0,40000,0,0,0,40000,0,40000,40000
05847P,大立光元大96售08,0,0,0,0,0,0,0,0,0,40000,0,0,0,50000,10000,40000,40000
057152,緯穎國票99購03  ,0,0,0,0,0,0,0,0,0,40000,0,0,0,60000,20000,40000,40000
03671P,大立光凱基95售02,0,0,0,0,0,0,0,0,0,40000,0,0,0,40000,0,40000,40000
03956P,欣興統一93售02  ,0,0,0,0,0,0,0,0,0,40000,0,0,0,133000,93000,40000,40000
03417B,臺股指凱基95熊19,0,0,0,0,0,0,0,0,0,40000,0,0,0,40000,0,40000,40000
045379,智邦元大93購01  ,0,0,0,0,0,0,0,0,0,40000,0,0,0,40000,0,40000,40000
044966,台表科中信94購01,0,0,0,0,0,0,0,0,0,40000,0,0,0,70000,30000,40000,40000
046667,晶技元大93購01  ,0,0,0,0,0,0,0,0,0,40000,0,0,0,70000,30000,40000,40000
046660,宏達電元大93購07,0,0,0,0,0,0,0,0,0,40000,0,0,0,40000,0,40000,40000
04653P,臺股指凱基94售12,0,0,0,0,0,0,0,0,0,40000,0,0,0,40000,0,40000,40000
046658,微星元大93購01  ,0,0,0,0,0,0,0,0,0,40000,0,0,0,40000,0,40000,40000
044347,上証2X元大94購01,0,0,0,0,0,0,0,0,0,40000,0,0,0,40000,0,40000,40000
048450,聯詠凱基93購09  ,0,0,0,0,0,0,0,0,0,40000,0,0,0,40000,0,40000,40000
04842P,群創元大96售02  ,0,0,0,0,0,0,0,0,0,40000,0,0,0,60000,20000,40000,40000
048525,華通國票94購02  ,0,0,0,0,0,0,0,0,0,40000,0,0,0,50000,10000,40000,40000
052191,超眾群益96購01  ,0,0,0,0,0,0,0,0,0,40000,0,0,0,54000,14000,40000,40000
049411,大成鋼凱基94購01,0,0,0,0,0,0,0,0,0,40000,0,0,0,40000,0,40000,40000
047261,聯詠國票93購02  ,0,0,0,0,0,0,0,0,0,40000,0,0,0,40000,0,40000,40000
047296,日月光元富96購01,0,0,0,0,0,0,0,0,0,40000,0,0,0,40000,0,40000,40000
047302,為升富邦97購01  ,0,0,0,0,0,0,0,0,0,40000,0,0,0,40000,0,40000,40000
04731P,臺股指中信96售03,0,0,0,0,0,0,0,0,0,40000,0,0,0,70000,30000,40000,40000
046975,元金2X永豐93購01,0,0,0,0,0,0,0,0,0,40000,0,0,0,40000,0,40000,40000
046999,康控富邦99購01  ,0,0,0,0,0,0,0,0,0,40000,0,0,0,110000,70000,40000,40000
048847,A50群益98購01   ,0,0,0,0,0,0,0,0,0,40000,0,0,0,200000,160000,40000,40000
048186,元黃金元大96購01,0,0,0,0,0,0,0,0,0,40000,0,0,0,40000,0,40000,40000
051549,健鼎永豐95購01  ,0,0,0,0,0,0,0,0,0,40000,0,0,0,40000,0,40000,40000
050719,世紀鋼群益96購01,0,0,0,0,0,0,0,0,0,40000,0,0,0,100000,60000,40000,40000
050898,智原元大96購01  ,0,0,0,0,0,0,0,0,0,40000,0,0,0,40000,0,40000,40000
050842,旺宏國票97購01  ,0,0,0,0,0,0,0,0,0,40000,0,0,0,40000,0,40000,40000
050255,GIS富邦95購01   ,0,0,0,0,0,0,0,0,0,40000,0,0,0,40000,0,40000,40000
051059,康普群益95購01  ,0,0,0,0,0,0,0,0,0,40000,0,0,0,40000,0,40000,40000
04991P,台表科元大94售05,0,0,0,0,0,0,0,0,0,40000,0,0,0,40000,0,40000,40000
050553,緯穎凱基94購06  ,0,0,0,0,0,0,0,0,0,40000,0,0,0,41000,1000,40000,40000
049322,志超凱基94購02  ,0,0,0,0,0,0,0,0,0,40000,0,0,0,50000,10000,40000,40000
052589,群創永豐97購01  ,0,0,0,0,0,0,0,0,0,40000,0,0,0,40000,0,40000,40000
051848,元金2X中信98購02,0,0,0,0,0,0,0,0,0,40000,0,0,0,40000,0,40000,40000
051392,玉山金兆豐95購01,0,0,0,0,0,0,0,0,0,40000,0,0,0,60000,20000,40000,40000
051870,台郡凱基95購04  ,0,0,0,0,0,0,0,0,0,40000,0,0,0,40000,0,40000,40000
054360,智邦凱基96購03  ,0,0,0,0,0,0,0,0,0,40000,0,0,0,92000,52000,40000,40000
054773,台郡國票98購01  ,0,0,0,0,0,0,0,0,0,40000,0,0,0,40000,0,40000,40000
054725,國巨日盛97購01  ,0,0,0,0,0,0,0,0,0,40000,0,0,0,50000,10000,40000,40000
054827,宏全元大9A購01  ,0,0,0,0,0,0,0,0,0,40000,0,0,0,120000,80000,40000,40000
055275,台積電元大97購19,0,0,0,0,0,0,0,0,0,40000,0,0,0,445000,405000,40000,40000
055254,聯詠統一97購03  ,0,0,0,0,0,0,0,0,0,40000,0,0,0,40000,0,40000,40000
055371,正崴元大97購02  ,0,0,0,0,0,0,0,0,0,40000,0,0,0,225000,185000,40000,40000
055022,精元國泰99購01  ,0,0,0,0,0,0,0,0,0,40000,0,0,0,110000,70000,40000,40000
053408,友達兆豐98購01  ,0,0,0,0,0,0,0,0,0,40000,0,0,0,129000,89000,40000,40000
053225,昇陽半凱基96購01,0,0,0,0,0,0,0,0,0,40000,0,0,0,40000,0,40000,40000
052650,台郡永豐96購01  ,0,0,0,0,0,0,0,0,0,40000,0,0,0,40000,0,40000,40000
05364P,臺股指富邦95售04,0,0,0,0,0,0,0,0,0,40000,0,0,0,40000,0,40000,40000
053874,台表科元大96購05,0,0,0,0,0,0,0,0,0,40000,0,0,0,40000,0,40000,40000
054136,亞光元大96購04  ,0,0,0,0,0,0,0,0,0,40000,0,0,0,98000,58000,40000,40000
1720,生達            ,79000,39000,40000,0,0,0,0,0,0,0,0,0,0,0,0,0,40000
06096P,全新永豐97售02  ,0,0,0,0,0,0,0,0,0,40000,0,0,0,80000,40000,40000,40000
06249P,億光統一97售02  ,0,0,0,0,0,0,0,0,0,40000,0,0,0,40000,0,40000,40000
05710P,禾伸堂國票97售02,0,0,0,0,0,0,0,0,0,39000,0,0,0,39000,0,39000,39000
056880,緯穎國票98購02  ,0,0,0,0,0,0,0,0,0,39000,0,0,0,49000,10000,39000,39000
057562,奇鋐兆豐98購01  ,0,0,0,0,0,0,0,0,0,39000,0,0,0,42000,3000,39000,39000
055635,緯穎永豐97購01  ,0,0,0,0,0,0,0,0,0,39000,0,0,0,39000,0,39000,39000
048273,南電富邦97購01  ,0,0,0,0,0,0,0,0,0,39000,0,0,0,141000,102000,39000,39000
04692P,大立光群益94售06,0,0,0,0,0,0,0,0,0,39000,0,0,0,49000,10000,39000,39000
047376,南電國票94購01  ,0,0,0,0,0,0,0,0,0,39000,0,0,0,143000,104000,39000,39000
04947P,聯詠元大94售05  ,0,0,0,0,0,0,0,0,0,39000,0,0,0,50000,11000,39000,39000
048968,可成元大94購02  ,0,0,0,0,0,0,0,0,0,39000,0,0,0,390000,351000,39000,39000
052089,聯發科元大96購02,0,0,0,0,0,0,0,0,0,39000,0,0,0,160000,121000,39000,39000
051244,正崴元大95購01  ,0,0,0,0,0,0,0,0,0,39000,0,0,0,39000,0,39000,39000
052536,聯茂國泰97購01  ,0,0,0,0,0,0,0,0,0,39000,0,0,0,69000,30000,39000,39000
053335,易華電永豐96購01,0,0,0,0,0,0,0,0,0,39000,0,0,0,65000,26000,39000,39000
052453,崇越元大95購01  ,0,0,0,0,0,0,0,0,0,39000,0,0,0,39000,0,39000,39000
049950,南亞科群益94購02,0,0,0,0,0,0,0,0,0,39000,0,0,0,50000,11000,39000,39000
049532,同欣電台新94購01,0,0,0,0,0,0,0,0,0,39000,0,0,0,49000,10000,39000,39000
051203,微星麥證95購01  ,0,0,0,50000,11000,39000,0,0,0,39000,0,0,0,50000,11000,39000,39000
054126,和大元大96購02  ,0,0,0,0,0,0,0,0,0,39000,0,0,0,39000,0,39000,39000
053749,揚明光永豐97購01,0,0,0,0,0,0,0,0,0,39000,0,0,0,61000,22000,39000,39000
05321P,鴻海凱基95售17  ,0,0,0,0,0,0,0,0,0,39000,0,0,0,65000,26000,39000,39000
054929,群電凱基97購01  ,0,0,0,0,0,0,0,0,0,39000,0,0,0,40000,1000,39000,39000
06247P,同欣電元富97售02,0,0,0,0,0,0,0,0,0,39000,0,0,0,40000,1000,39000,39000
1440,南紡            ,243000,203000,40000,0,0,0,0,0,0,-1000,0,1000,-1000,0,0,0,39000
2009,第一銅          ,43000,5000,38000,0,0,0,0,0,0,1000,1000,0,1000,0,0,0,39000
3380,明泰            ,221000,189000,32000,0,0,0,0,0,0,7000,66000,47000,19000,18000,30000,-12000,39000
2501,國建            ,158000,119000,39000,0,0,0,0,0,0,0,0,0,0,0,0,0,39000
3705,永信            ,56000,16000,40000,0,0,0,0,0,0,-1000,0,1000,-1000,0,0,0,39000
055580,南茂統一97購01  ,0,0,0,0,0,0,0,0,0,38000,0,0,0,108000,70000,38000,38000
056087,世芯統一97購01  ,0,0,0,0,0,0,0,0,0,38000,0,0,0,44000,6000,38000,38000
055838,致茂元大97購03  ,0,0,0,0,0,0,0,0,0,38000,0,0,0,200000,162000,38000,38000
056620,華新科永豐98購02,0,0,0,0,0,0,0,0,0,38000,0,0,0,48000,10000,38000,38000
056268,新日興統一97購01,0,0,0,0,0,0,0,0,0,38000,0,0,0,50000,12000,38000,38000
056167,力成台新97購01  ,0,0,0,0,0,0,0,0,0,38000,0,0,0,38000,0,38000,38000
05630P,大立光永昌96售06,0,0,0,0,0,0,0,0,0,38000,0,0,0,193000,155000,38000,38000
048910,和鑫富邦98購01  ,0,0,0,0,0,0,0,0,0,38000,0,0,0,48000,10000,38000,38000
048333,大立光富邦95購01,0,0,0,0,0,0,0,0,0,38000,0,0,0,53000,15000,38000,38000
052195,健策元富95購01  ,0,0,0,0,0,0,0,0,0,38000,0,0,0,44000,6000,38000,38000
047596,元油反元富97購01,0,0,0,0,0,0,0,0,0,38000,0,0,0,38000,0,38000,38000
046108,A50正2元大95購02,0,0,0,0,0,0,0,0,0,38000,0,0,0,40000,2000,38000,38000
051189,鴻海兆豐96購01  ,0,0,0,0,0,0,0,0,0,38000,0,0,0,38000,0,38000,38000
049569,光磊統一94購02  ,0,0,0,0,0,0,0,0,0,38000,0,0,0,56000,18000,38000,38000
049727,台積電中信94購02,0,0,0,0,0,0,0,0,0,38000,0,0,0,58000,20000,38000,38000
051715,和碩台新95購01  ,0,0,0,0,0,0,0,0,0,38000,0,0,0,38000,0,38000,38000
049217,智邦國票95購01  ,0,0,0,0,0,0,0,0,0,38000,0,0,0,38000,0,38000,38000
054964,智易元大99購01  ,0,100000,-100000,0,0,0,0,0,0,138000,0,0,0,160000,22000,138000,38000
055121,鴻海兆豐97購03  ,0,0,0,0,0,0,0,0,0,38000,0,0,0,38000,0,38000,38000
055345,國巨凱基98購01  ,0,0,0,0,0,0,0,0,0,38000,0,0,0,93000,55000,38000,38000
055311,健策群益98購02  ,0,0,0,0,0,0,0,0,0,38000,0,0,0,52000,14000,38000,38000
052648,茂林永豐96購01  ,0,0,0,0,0,0,0,0,0,38000,0,0,0,50000,12000,38000,38000
05263P,台積電元大96售09,0,0,0,0,0,0,0,0,0,38000,0,0,0,40000,2000,38000,38000
053118,大立光中信9C購01,0,0,0,0,0,0,0,0,0,38000,0,0,0,38000,0,38000,38000
06570P,大立光永豐98售01,0,0,0,0,0,0,0,0,0,38000,0,0,0,38000,0,38000,38000
06586P,鴻海元大9C售01  ,0,0,0,0,0,0,0,0,0,38000,0,0,0,38000,0,38000,38000
056198,台光電永豐97購02,0,0,0,0,0,0,0,0,0,37000,0,0,0,75000,38000,37000,37000
055949,亞德客元大97購04,0,0,0,0,0,0,0,0,0,37000,0,0,0,56000,19000,37000,37000
055690,矽力凱基97購02  ,0,0,0,0,0,0,0,0,0,37000,0,0,0,70000,33000,37000,37000
057446,旺宏元富02購01  ,0,0,0,0,0,0,0,0,0,37000,0,0,0,37000,0,37000,37000
057243,樺漢凱基99購01  ,0,0,0,0,0,0,0,0,0,37000,0,0,0,37000,0,37000,37000
057308,同欣電兆豐99購01,0,0,0,0,0,0,0,0,0,37000,0,0,0,81000,44000,37000,37000
036805,國巨元富93購02  ,0,0,0,0,0,0,0,0,0,37000,0,0,0,37000,0,37000,37000
04276P,聯發科凱基93售33,0,0,0,0,0,0,0,0,0,37000,0,0,0,47000,10000,37000,37000
047722,南電凱基94購02  ,0,0,0,0,0,0,0,0,0,37000,0,0,0,389000,352000,37000,37000
052343,同欣電凱基95購03,0,0,0,0,0,0,0,0,0,37000,0,0,0,59000,22000,37000,37000
048972,晶豪科元大94購01,0,0,0,0,0,0,0,0,0,37000,0,0,0,112000,75000,37000,37000
048987,崇越元大94購01  ,0,0,0,0,0,0,0,0,0,37000,0,0,0,37000,0,37000,37000
048767,欣興凱基94購01  ,0,0,0,0,0,0,0,0,0,37000,0,0,0,37000,0,37000,37000
050429,漢唐凱基94購04  ,0,0,0,0,0,0,0,0,0,37000,0,0,0,117000,80000,37000,37000
052482,茂林群益95購01  ,0,0,0,0,0,0,0,0,0,37000,0,0,0,58000,21000,37000,37000
052674,智邦國泰98購01  ,0,0,0,0,0,0,0,0,0,37000,0,0,0,59000,22000,37000,37000
051785,臻鼎兆豐96購01  ,0,0,0,0,0,0,0,0,0,37000,0,0,0,38000,1000,37000,37000
053630,奇鋐兆豐97購01  ,0,0,0,0,0,0,0,0,0,37000,0,0,0,41000,4000,37000,37000
054161,友訊凱基98購01  ,0,0,0,0,0,0,0,0,0,37000,0,0,0,57000,20000,37000,37000
053904,漢唐凱基97購01  ,0,0,0,0,0,0,0,0,0,37000,0,0,0,134000,97000,37000,37000
054014,宏達電永豐96購04,0,0,0,0,0,0,0,0,0,37000,0,0,0,37000,0,37000,37000
055196,致新元富97購01  ,0,0,0,0,0,0,0,0,0,37000,0,0,0,44000,7000,37000,37000
055060,聯陽永豐97購01  ,0,0,0,0,0,0,0,0,0,37000,0,0,0,42000,5000,37000,37000
054441,力成台新96購01  ,0,0,0,0,0,0,0,0,0,37000,0,0,0,38000,1000,37000,37000
06423P,亞光台新97售01  ,0,0,0,0,0,0,0,0,0,37000,0,0,0,69000,32000,37000,37000
06355P,聯茂永豐97售02  ,0,0,0,0,0,0,0,0,0,37000,0,0,0,47000,10000,37000,37000
06154P,超眾元大98售01  ,0,0,0,0,0,0,0,0,0,37000,0,0,0,96000,59000,37000,37000
06217P,鴻海元富97售05  ,0,0,0,0,0,0,0,0,0,37000,0,0,0,37000,0,37000,37000
2419,仲琦            ,141000,104000,37000,0,0,0,0,0,0,0,0,0,0,0,0,0,37000
9907,統一實          ,132000,94000,38000,0,0,0,0,0,0,-1000,0,1000,-1000,0,0,0,37000
057112,立積群益99購01  ,0,0,0,0,0,0,0,0,0,36000,0,0,0,36000,0,36000,36000
05681P,大立光元大96售05,0,0,0,0,0,0,0,0,0,36000,0,0,0,66000,30000,36000,36000
06007P,世芯永豐96售01  ,0,0,0,0,0,0,0,0,0,36000,0,0,0,51000,15000,36000,36000
055675,亞德客凱基97購02,0,0,0,0,0,0,0,0,0,36000,0,0,0,41000,5000,36000,36000
055582,亞德客元大97購01,0,0,0,0,0,0,0,0,0,36000,0,0,0,64000,28000,36000,36000
055835,華邦電元大97購03,0,0,0,0,0,0,0,0,0,36000,0,0,0,105000,69000,36000,36000
056655,旺宏元大99購02  ,0,0,0,0,0,0,0,0,0,36000,0,0,0,40000,4000,36000,36000
056732,國巨凱基98購07  ,0,0,0,0,0,0,0,0,0,36000,0,0,0,88000,52000,36000,36000
05220P,台積電元大95售16,0,0,0,0,0,0,0,0,0,36000,0,0,0,37000,1000,36000,36000
03765P,大立光元富96售01,0,0,0,0,0,0,0,0,0,36000,0,0,0,41000,5000,36000,36000
051160,亞德客元大95購02,0,0,0,0,0,0,0,0,0,36000,0,0,0,43000,7000,36000,36000
051615,華通凱基96購01  ,0,0,0,0,0,0,0,0,0,36000,0,0,0,36000,0,36000,36000
050782,台積電國泰96購03,0,0,0,0,0,0,0,0,0,36000,0,0,0,40000,4000,36000,36000
051696,新日興中信96購01,0,0,0,0,0,0,0,0,0,36000,0,0,0,135000,99000,36000,36000
050231,聯發科麥證94購03,0,0,0,91000,54000,37000,0,0,0,36000,0,0,0,91000,55000,36000,36000
050411,聯發科永豐94購05,0,0,0,0,0,0,0,0,0,36000,0,0,0,174000,138000,36000,36000
049213,滬深2X國票94購02,0,0,0,0,0,0,0,0,0,36000,0,0,0,56000,20000,36000,36000
051284,上銀統一95購02  ,0,1000,-1000,0,0,0,0,0,0,37000,0,0,0,37000,0,37000,36000
054480,和碩中信98購01  ,0,0,0,0,0,0,0,0,0,36000,0,0,0,66000,30000,36000,36000
055326,緯穎國票97購06  ,0,0,0,0,0,0,0,0,0,36000,0,0,0,36000,0,36000,36000
053043,嘉晶凱基96購01  ,0,0,0,0,0,0,0,0,0,36000,0,0,0,204000,168000,36000,36000
3021,鴻名            ,38000,2000,36000,0,0,0,0,0,0,0,0,0,0,0,0,0,36000
056161,康控凱基98購02  ,0,0,0,0,0,0,0,0,0,35000,0,0,0,47000,12000,35000,35000
055955,微星元大97購01  ,0,0,0,0,0,0,0,0,0,35000,0,0,0,177000,142000,35000,35000
056969,智易永豐98購01  ,0,0,0,0,0,0,0,0,0,35000,0,0,0,103000,68000,35000,35000
057155,元油2X富邦9B購02,0,0,0,0,0,0,0,0,0,35000,0,0,0,45000,10000,35000,35000
057375,欣興元大98購09  ,0,0,0,0,0,0,0,0,0,35000,0,0,0,79000,44000,35000,35000
042909,順德元大94購01  ,0,0,0,0,0,0,0,0,0,35000,0,0,0,35000,0,35000,35000
046604,康控群益93購02  ,0,0,0,0,0,0,0,0,0,35000,0,0,0,35000,0,35000,35000
044255,群創元大93購01  ,0,0,0,0,0,0,0,0,0,35000,0,0,0,35000,0,35000,35000
048959,凌華康和94購01  ,0,0,0,0,0,0,0,0,0,35000,0,0,0,35000,0,35000,35000
048475,台郡永豐93購02  ,0,0,0,0,0,0,0,0,0,35000,0,0,0,45000,10000,35000,35000
052132,旺宏凱基9B購01  ,0,0,0,0,0,0,0,0,0,35000,0,0,0,72000,37000,35000,35000
051311,瑞昱麥證95購01  ,0,0,0,200000,175000,25000,0,0,0,35000,0,0,0,210000,175000,35000,35000
049877,南亞科永豐94購01,0,0,0,0,0,0,0,0,0,35000,0,0,0,68000,33000,35000,35000
050700,健策凱基96購01  ,0,0,0,0,0,0,0,0,0,35000,0,0,0,40000,5000,35000,35000
052998,拓凱康和96購01  ,0,0,0,0,0,0,0,0,0,35000,0,0,0,35000,0,35000,35000
053370,上証2X元大97購03,0,0,0,0,0,0,0,0,0,35000,0,0,0,45000,10000,35000,35000
052771,GIS群益96購01   ,0,0,0,0,0,0,0,0,0,35000,0,0,0,35000,0,35000,35000
054165,亞光凱基96購02  ,0,0,0,0,0,0,0,0,0,35000,0,0,0,201000,166000,35000,35000
053779,台光電元大96購02,0,0,0,0,0,0,0,0,0,35000,0,0,0,86000,51000,35000,35000
055341,台達電凱基97購02,0,0,0,0,0,0,0,0,0,35000,0,0,0,55000,20000,35000,35000
054392,華通永豐96購05  ,0,0,0,0,0,0,0,0,0,35000,0,0,0,35000,0,35000,35000
2913,農林            ,172000,137000,35000,0,0,0,0,0,0,0,0,0,0,0,0,0,35000
06267P,大立光凱基97售12,0,0,0,0,0,0,0,0,0,35000,0,0,0,35000,0,35000,35000
06466P,台積電統一9B售01,0,0,0,0,0,0,0,0,0,35000,0,0,0,35000,0,35000,35000
057297,新日興永豐98購01,0,0,0,0,0,0,0,0,0,34000,0,0,0,39000,5000,34000,34000
057245,福懋科台新98購01,0,0,0,0,0,0,0,0,0,34000,0,0,0,42000,8000,34000,34000
057516,和鑫元富98購01  ,0,0,0,0,0,0,0,0,0,34000,0,0,0,67000,33000,34000,34000
056124,華通國票98購02  ,0,0,0,0,0,0,0,0,0,34000,0,0,0,50000,16000,34000,34000
056025,嘉晶群益97購01  ,0,0,0,0,0,0,0,0,0,34000,0,0,0,133000,99000,34000,34000
056366,玉晶光元大99購04,0,0,0,0,0,0,0,0,0,34000,0,0,0,177000,143000,34000,34000
056364,亞光元大99購02  ,0,0,0,0,0,0,0,0,0,34000,0,0,0,82000,48000,34000,34000
056697,緯穎群益98購01  ,0,0,0,0,0,0,0,0,0,34000,0,0,0,59000,25000,34000,34000
046757,漢唐凱基93購02  ,0,0,0,0,0,0,0,0,0,34000,0,0,0,34000,0,34000,34000
04194P,欣興永豐93售05  ,0,0,0,0,0,0,0,0,0,34000,0,0,0,94000,60000,34000,34000
04329P,TPK群益93售04   ,0,0,0,0,0,0,0,0,0,34000,0,0,0,40000,6000,34000,34000
051519,國泰金凱基95購02,5000,0,5000,0,0,0,0,0,0,29000,0,0,0,34000,5000,29000,34000
051065,台積電國票96購01,0,0,0,0,0,0,0,0,0,34000,0,0,0,62000,28000,34000,34000
049366,聯發科元大94購05,0,0,0,0,0,0,0,0,0,34000,0,0,0,304000,270000,34000,34000
050485,國巨統一96購01  ,0,0,0,0,0,0,0,0,0,34000,0,0,0,62000,28000,34000,34000
054349,同欣電國票97購02,0,0,0,0,0,0,0,0,0,34000,0,0,0,144000,110000,34000,34000
054294,世芯元大96購02  ,0,0,0,0,0,0,0,0,0,34000,0,0,0,72000,38000,34000,34000
054825,康友元大97購01  ,0,0,0,0,0,0,0,0,0,34000,0,0,0,68000,34000,34000,34000
054990,凌陽元富97購01  ,0,0,0,0,0,0,0,0,0,34000,0,0,0,34000,0,34000,34000
053939,台表科元富96購03,0,0,0,0,0,0,0,0,0,34000,0,0,0,34000,0,34000,34000
053133,華邦電國票97購01,0,0,0,0,0,0,0,0,0,34000,0,0,0,44000,10000,34000,34000
056746,超眾凱基99購01  ,0,0,0,0,0,0,0,0,0,33000,0,0,0,40000,7000,33000,33000
056581,超眾元大99購01  ,0,0,0,0,0,0,0,0,0,33000,0,0,0,43000,10000,33000,33000
056461,樺漢凱基98購02  ,0,0,0,0,0,0,0,0,0,33000,0,0,0,89000,56000,33000,33000
056459,茂林凱基99購01  ,0,0,0,0,0,0,0,0,0,33000,0,0,0,63000,30000,33000,33000
056392,玉晶光富邦9C購01,0,0,0,0,0,0,0,0,0,33000,0,0,0,78000,45000,33000,33000
056201,華新科永豐98購01,0,0,0,0,0,0,0,0,0,33000,0,0,0,205000,172000,33000,33000
055620,樺漢國票98購01  ,0,0,0,0,0,0,0,0,0,33000,0,0,0,33000,0,33000,33000
055707,聯鈞永豐98購01  ,0,0,0,0,0,0,0,0,0,33000,0,0,0,195000,162000,33000,33000
057610,致茂元富98購02  ,0,0,0,0,0,0,0,0,0,33000,0,0,0,53000,20000,33000,33000
05715P,創意元富96售05  ,0,0,0,0,0,0,0,0,0,33000,0,0,0,143000,110000,33000,33000
057143,台郡兆豐98購01  ,0,0,0,0,0,0,0,0,0,33000,0,0,0,54000,21000,33000,33000
05704P,矽力群益96售04  ,0,0,0,0,0,0,0,0,0,33000,0,0,0,44000,11000,33000,33000
040381,元金2X元富95購01,0,0,0,0,0,0,0,0,0,33000,0,0,0,33000,0,33000,33000
04795P,聯發科元大94售09,0,0,0,0,0,0,0,0,0,33000,0,0,0,331000,298000,33000,33000
049266,和碩元大94購01  ,0,0,0,0,0,0,0,0,0,33000,0,0,0,33000,0,33000,33000
049342,聯發科統一94購05,0,0,0,0,0,0,0,0,0,33000,0,0,0,33000,0,33000,33000
051056,華新科群益95購03,0,0,0,0,0,0,0,0,0,33000,0,0,0,33000,0,33000,33000
049891,T50反1富邦94購02,0,0,0,0,0,0,0,0,0,33000,0,0,0,33000,0,33000,33000
051528,亞泥國票96購01  ,0,0,0,0,0,0,0,0,0,33000,0,0,0,55000,22000,33000,33000
051619,智邦凱基95購07  ,0,0,0,0,0,0,0,0,0,33000,0,0,0,56000,23000,33000,33000
051115,華通麥證96購01  ,0,0,0,48000,15000,33000,0,0,0,33000,0,0,0,48000,15000,33000,33000
053093,緯穎元大96購06  ,0,0,0,0,0,0,0,0,0,33000,0,0,0,67000,34000,33000,33000
053715,美律凱基96購04  ,0,0,0,0,0,0,0,0,0,33000,0,0,0,63000,30000,33000,33000
053823,茂林群益96購06  ,0,0,0,0,0,0,0,0,0,33000,0,0,0,69000,36000,33000,33000
053599,崇越元大96購01  ,0,0,0,0,0,0,0,0,0,33000,0,0,0,33000,0,33000,33000
055475,臻鼎凱基97購02  ,0,0,0,0,0,0,0,0,0,33000,0,0,0,37000,4000,33000,33000
055414,奇力新富邦9B購01,0,0,0,0,0,0,0,0,0,33000,0,0,0,33000,0,33000,33000
054786,全新群益99購02  ,0,0,0,0,0,0,0,0,0,33000,0,0,0,48000,15000,33000,33000
054470,緯穎國票97購04  ,0,0,0,0,0,0,0,0,0,33000,0,0,0,40000,7000,33000,33000
06492P,上銀永豐98售01  ,0,0,0,0,0,0,0,0,0,33000,0,0,0,198000,165000,33000,33000
06765P,欣興元大98售11  ,0,0,0,0,0,0,0,0,0,33000,0,0,0,38000,5000,33000,33000
06212P,華新科元大97售11,0,0,0,0,0,0,0,0,0,33000,0,0,0,41000,8000,33000,33000
1473,台南            ,84000,51000,33000,0,0,0,0,0,0,0,0,0,0,0,0,0,33000
8033,雷虎            ,33000,0,33000,0,0,0,0,0,0,0,0,0,0,0,0,0,33000
056986,超眾群益98購03  ,0,0,0,0,0,0,0,0,0,32000,0,0,0,43000,11000,32000,32000
057105,致茂群益9A購01  ,0,0,0,0,0,0,0,0,0,32000,0,0,0,43000,11000,32000,32000
057489,奇力新元大99購06,0,0,0,0,0,0,0,0,0,32000,0,0,0,111000,79000,32000,32000
055744,茂林元富97購02  ,0,0,0,0,0,0,0,0,0,32000,0,0,0,339000,307000,32000,32000
056281,深中小永豐97購01,0,0,0,0,0,0,0,0,0,32000,0,0,0,114000,82000,32000,32000
048176,美利達國泰94購01,0,0,0,0,0,0,0,0,0,32000,0,0,0,40000,8000,32000,32000
048500,樺漢元大93購03  ,0,0,0,0,0,0,0,0,0,32000,0,0,0,92000,60000,32000,32000
048091,漢唐凱基93購03  ,0,0,0,0,0,0,0,0,0,32000,0,0,0,32000,0,32000,32000
052270,力成日盛95購01  ,0,0,0,0,0,0,0,0,0,32000,0,0,0,80000,48000,32000,32000
04165P,南亞科元富95售03,0,0,0,0,0,0,0,0,0,32000,0,0,0,32000,0,32000,32000
04230P,臺股指中信95售06,0,0,0,0,0,0,0,0,0,32000,0,0,0,69000,37000,32000,32000
04464P,可成元富94售04  ,0,0,0,0,0,0,0,0,0,32000,0,0,0,32000,0,32000,32000
051100,同欣電元大95購01,0,0,0,0,0,0,0,0,0,32000,0,0,0,32000,0,32000,32000
051541,GIS國票96購02   ,0,0,0,0,0,0,0,0,0,32000,0,0,0,32000,0,32000,32000
053309,泰鼎凱基96購03  ,0,0,0,0,0,0,0,0,0,32000,0,0,0,42000,10000,32000,32000
054493,同欣電台新96購01,0,0,0,0,0,0,0,0,0,32000,0,0,0,32000,0,32000,32000
05497P,聯詠統一96售01  ,0,0,0,0,0,0,0,0,0,32000,0,0,0,54000,22000,32000,32000
054938,國巨元大97購04  ,0,0,0,0,0,0,0,0,0,32000,0,0,0,229000,197000,32000,32000
055112,晶豪科凱基98購01,0,0,0,0,0,0,0,0,0,32000,0,0,0,42000,10000,32000,32000
053857,宏達電富邦97購02,0,0,0,0,0,0,0,0,0,32000,0,0,0,52000,20000,32000,32000
054008,大立光元富96購06,0,0,0,0,0,0,0,0,0,32000,0,0,0,52000,20000,32000,32000
2441,超豐            ,126000,95000,31000,0,0,0,1000,0,1000,0,0,0,0,0,0,0,32000
056276,同欣電國泰98購01,0,0,0,0,0,0,0,0,0,31000,0,0,0,52000,21000,31000,31000
055790,南電凱基97購01  ,0,0,0,0,0,0,0,0,0,31000,0,0,0,571000,540000,31000,31000
055615,宏達電國票99購02,0,0,0,0,0,0,0,0,0,31000,0,0,0,83000,52000,31000,31000
055664,和大群益98購02  ,0,0,0,0,0,0,0,0,0,31000,0,0,0,31000,0,31000,31000
05552P,聯詠群益96售01  ,0,0,0,0,0,0,0,0,0,31000,0,0,0,42000,11000,31000,31000
057629,泰碩永豐98購02  ,0,0,0,0,0,0,0,0,0,31000,0,0,0,31000,0,31000,31000
05783P,嘉澤元富96售01  ,0,0,0,0,0,0,0,0,0,31000,0,0,0,226000,195000,31000,31000
05729P,臺股指凱基97售02,0,0,0,0,0,0,0,0,0,31000,0,0,0,55000,24000,31000,31000
047616,鴻海凱基94購10  ,0,0,0,0,0,0,0,0,0,31000,0,0,0,51000,20000,31000,31000
03026P,國巨元大01售13  ,0,0,0,0,0,0,0,0,0,31000,0,0,0,31000,0,31000,31000
00640L,富邦日本正2     ,0,0,0,0,0,0,0,0,0,31000,0,0,0,381000,350000,31000,31000
048974,日電貿元大94購01,0,0,0,0,0,0,0,0,0,31000,0,0,0,39000,8000,31000,31000
048394,正崴國票94購01  ,0,0,0,0,0,0,0,0,0,31000,0,0,0,31000,0,31000,31000
047319,晶技元大93購02  ,0,0,0,0,0,0,0,0,0,31000,0,0,0,126000,95000,31000,31000
053331,玉晶光永豐97購02,0,0,0,0,0,0,0,0,0,31000,0,0,0,108000,77000,31000,31000
05249P,臻鼎國票95售01  ,0,0,0,0,0,0,0,0,0,31000,0,0,0,31000,0,31000,31000
051939,同欣電群益97購01,0,0,0,0,0,0,0,0,0,31000,0,0,0,75000,44000,31000,31000
054176,亞光台新96購01  ,0,0,0,0,0,0,0,0,0,31000,0,0,0,31000,0,31000,31000
053557,聯茂凱基96購04  ,0,0,0,0,0,0,0,0,0,31000,0,0,0,45000,14000,31000,31000
053673,超眾元富96購03  ,0,0,0,0,0,0,0,0,0,31000,0,0,0,91000,60000,31000,31000
053475,華新科元大96購05,0,0,0,0,0,0,0,0,0,31000,0,0,0,31000,0,31000,31000
055188,亞翔統一97購01  ,0,0,0,0,0,0,0,0,0,31000,0,0,0,36000,5000,31000,31000
054992,南亞科元富97購02,0,0,0,0,0,0,0,0,0,31000,0,0,0,36000,5000,31000,31000
055444,致新台新97購01  ,0,0,0,0,0,0,0,0,0,31000,0,0,0,111000,80000,31000,31000
055272,國巨元大98購04  ,0,0,0,0,0,0,0,0,0,31000,0,0,0,209000,178000,31000,31000
3060,銘異            ,109000,78000,31000,0,0,0,0,0,0,0,0,0,0,0,0,0,31000
2107,厚生            ,63000,32000,31000,0,0,0,0,0,0,0,0,0,0,0,0,0,31000
06406P,可成元富97售04  ,0,0,0,0,0,0,0,0,0,31000,0,0,0,161000,130000,31000,31000
06216P,上銀元富97售03  ,0,0,0,0,0,0,0,0,0,31000,0,0,0,67000,36000,31000,31000
057279,國揚元大98購01  ,0,0,0,0,0,0,0,0,0,30000,0,0,0,30000,0,30000,30000
057350,全新統一98購03  ,0,0,0,0,0,0,0,0,0,30000,0,0,0,100000,70000,30000,30000
057019,台積電凱基98購14,0,0,0,0,0,0,0,0,0,30000,0,0,0,90000,60000,30000,30000
055557,華新科凱基97購01,0,0,0,0,0,0,0,0,0,30000,0,0,0,40000,10000,30000,30000
055610,光磊國票98購01  ,0,0,0,0,0,0,0,0,0,30000,0,0,0,30000,0,30000,30000
056301,開發金元大9A購01,0,0,0,0,0,0,0,0,0,30000,0,0,0,30000,0,30000,30000
056243,創意群益97購03  ,0,0,0,0,0,0,0,0,0,30000,0,0,0,30000,0,30000,30000
056172,鴻海元富97購11  ,0,0,0,0,0,0,0,0,0,30000,0,0,0,40000,10000,30000,30000
056321,創意群益98購02  ,0,0,0,0,0,0,0,0,0,30000,0,0,0,30000,0,30000,30000
056541,智原凱基98購03  ,0,0,0,0,0,0,0,0,0,30000,0,0,0,130000,100000,30000,30000
056705,超眾國泰99購01  ,0,0,0,0,0,0,0,0,0,30000,0,0,0,34000,4000,30000,30000
056669,貿聯國票99購01  ,0,0,0,0,0,0,0,0,0,30000,0,0,0,50000,20000,30000,30000
047298,聯茂元富96購01  ,0,0,0,0,0,0,0,0,0,30000,0,0,0,50000,20000,30000,30000
047554,聯詠凱基93購04  ,0,0,0,0,0,0,0,0,0,30000,0,0,0,30000,0,30000,30000
046770,聯發科國泰94購01,0,0,0,0,0,0,0,0,0,30000,0,0,0,79000,49000,30000,30000
048695,滬深2X國票95購03,0,0,0,0,0,0,0,0,0,30000,0,0,0,30000,0,30000,30000
047089,聯詠元富93購03  ,0,0,0,0,0,0,0,0,0,30000,0,0,0,30000,0,30000,30000
04693P,超眾群益95售01  ,0,0,0,0,0,0,0,0,0,30000,0,0,0,30000,0,30000,30000
048964,劍麟元大94購01  ,0,0,0,0,0,0,0,0,0,30000,0,0,0,30000,0,30000,30000
048121,亞德客元大93購05,0,0,0,0,0,0,0,0,0,30000,0,0,0,31000,1000,30000,30000
048897,日電貿國泰95購01,0,0,0,0,0,0,0,0,0,30000,0,0,0,30000,0,30000,30000
041978,貿聯中信93購01  ,0,0,0,0,0,0,0,0,0,30000,0,0,0,30000,0,30000,30000
04244P,可成元大93售12  ,0,0,0,0,0,0,0,0,0,30000,0,0,0,50000,20000,30000,30000
04100P,臺股指國票93售07,0,0,0,0,0,0,0,0,0,30000,0,0,0,30000,0,30000,30000
045866,南茂統一94購01  ,0,0,0,0,0,0,0,0,0,30000,0,0,0,30000,0,30000,30000
046240,中鋼中信94購01  ,0,0,0,0,0,0,0,0,0,30000,0,0,0,76000,46000,30000,30000
047585,微星永豐93購01  ,0,0,0,0,0,0,0,0,0,30000,0,0,0,30000,0,30000,30000
044898,旺宏凱基93購01  ,0,0,0,0,0,0,0,0,0,30000,0,0,0,60000,30000,30000,30000
044290,群創凱基93購05  ,0,0,0,0,0,0,0,0,0,30000,0,0,0,40000,10000,30000,30000
045162,玉晶光國泰94購04,0,0,0,0,0,0,0,0,0,30000,0,0,0,40000,10000,30000,30000
045016,創意元大94購01  ,0,0,0,0,0,0,0,0,0,30000,0,0,0,30000,0,30000,30000
046564,聯詠凱基92購09  ,0,0,0,0,0,0,0,0,0,30000,0,0,0,30000,0,30000,30000
046656,華邦電元大93購02,0,0,0,0,0,0,0,0,0,30000,0,0,0,30000,0,30000,30000
050449,宏達電元大95購03,0,0,0,0,0,0,0,0,0,30000,0,0,0,30000,0,30000,30000
049261,大立光元大94購08,0,0,0,0,0,0,0,0,0,30000,0,0,0,40000,10000,30000,30000
049294,南亞科群益94購01,0,0,0,0,0,0,0,0,0,30000,0,0,0,40000,10000,30000,30000
049142,智邦元大94購01  ,0,0,0,0,0,0,0,0,0,30000,0,0,0,40000,10000,30000,30000
051998,昇陽半元大96購02,0,0,0,0,0,0,0,0,0,30000,0,0,0,162000,132000,30000,30000
049600,緯穎元大95購02  ,0,0,0,0,0,0,0,0,0,30000,0,0,0,35000,5000,30000,30000
05187P,力山凱基95售01  ,0,0,0,0,0,0,0,0,0,30000,0,0,0,45000,15000,30000,30000
051385,矽創群益95購01  ,0,0,0,0,0,0,0,0,0,30000,0,0,0,31000,1000,30000,30000
051653,南電永豐95購02  ,0,0,0,0,0,0,0,0,0,30000,0,0,0,325000,295000,30000,30000
052541,大立光統一95購06,0,0,0,0,0,0,0,0,0,30000,0,0,0,30000,0,30000,30000
052457,日月光元富95購01,0,0,0,0,0,0,0,0,0,30000,0,0,0,40000,10000,30000,30000
051322,國泰金國票96購01,0,0,0,0,0,0,0,0,0,30000,0,0,0,100000,70000,30000,30000
052403,麗豐凱基96購01  ,0,0,0,0,0,0,0,0,0,30000,0,0,0,30000,0,30000,30000
050577,美律國票94購03  ,0,0,0,0,0,0,0,0,0,30000,0,0,0,30000,0,30000,30000
053295,奇力新中信96購01,0,0,0,0,0,0,0,0,0,30000,0,0,0,53000,23000,30000,30000
052620,上証2X富邦97購02,0,0,0,0,0,0,0,0,0,30000,0,0,0,30000,0,30000,30000
052621,台郡富邦97購01  ,0,0,0,0,0,0,0,0,0,30000,0,0,0,40000,10000,30000,30000
05259P,臺股指凱基96售12,0,0,0,0,0,0,0,0,0,30000,0,0,0,30000,0,30000,30000
052578,大立光統一97購01,0,0,0,0,0,0,0,0,0,30000,0,0,0,57000,27000,30000,30000
052694,開發金中信98購01,0,0,0,0,0,0,0,0,0,30000,0,0,0,30000,0,30000,30000
052696,玉晶光麥證97購01,0,0,0,40000,12000,28000,0,0,0,30000,0,0,0,42000,12000,30000,30000
05147P,鴻海元大95售11  ,0,0,0,0,0,0,0,0,0,30000,0,0,0,94000,64000,30000,30000
051205,華新科麥證95購02,0,0,0,30000,0,30000,0,0,0,30000,0,0,0,30000,0,30000,30000
051449,玉晶光元大96購01,0,0,0,0,0,0,0,0,0,30000,0,0,0,30000,0,30000,30000
051831,緯穎元大96購04  ,0,0,0,0,0,0,0,0,0,30000,0,0,0,60000,30000,30000,30000
050917,瀚宇博兆豐96購01,0,0,0,0,0,0,0,0,0,30000,0,0,0,30000,0,30000,30000
050980,欣興元富95購02  ,0,0,0,0,0,0,0,0,0,30000,0,0,0,30000,0,30000,30000
050659,宏達電元大96購01,0,0,0,0,0,0,0,0,0,30000,0,0,0,30000,0,30000,30000
049718,南亞科凱基94購04,0,0,0,0,0,0,0,0,0,30000,0,0,0,30000,0,30000,30000
04954P,健策國票96售01  ,0,0,0,0,0,0,0,0,0,30000,0,0,0,30000,0,30000,30000
049519,新光金國票95購03,0,0,0,0,0,0,0,0,0,30000,0,0,0,30000,0,30000,30000
055348,旺宏凱基97購01  ,0,0,0,0,0,0,0,0,0,30000,0,0,0,60000,30000,30000,30000
055363,緯穎凱基98購03  ,0,0,0,0,0,0,0,0,0,30000,0,0,0,30000,0,30000,30000
055477,同欣電凱基98購01,0,0,0,0,0,0,0,0,0,30000,0,0,0,38000,8000,30000,30000
054905,國揚康和97購01  ,0,0,0,0,0,0,0,0,0,30000,0,0,0,30000,0,30000,30000
055159,玉晶光元大98購05,0,0,0,0,0,0,0,0,0,30000,0,0,0,30000,0,30000,30000
053453,新光金統一98購01,0,0,0,0,0,0,0,0,0,30000,0,0,0,30000,0,30000,30000
053535,宏達電永豐96購02,0,0,0,0,0,0,0,0,0,30000,0,0,0,50000,20000,30000,30000
052795,健策兆豐97購01  ,0,0,0,0,0,0,0,0,0,30000,0,0,0,30000,0,30000,30000
053204,旺宏麥證96購01  ,0,0,0,35000,5000,30000,0,0,0,30000,0,0,0,35000,5000,30000,30000
05318P,臺股指永昌95售03,0,0,0,0,0,0,0,0,0,30000,10000,0,10000,40000,20000,20000,30000
053200,華邦電日盛96購01,0,0,0,0,0,0,0,0,0,30000,0,0,0,423000,393000,30000,30000
053022,欣興國泰98購01  ,0,0,0,0,0,0,0,0,0,30000,0,0,0,86000,56000,30000,30000
052923,台積電永豐96購02,0,0,0,0,0,0,0,0,0,30000,0,0,0,170000,140000,30000,30000
05366P,鴻海元富95售12  ,0,0,0,0,0,0,0,0,0,30000,0,0,0,325000,295000,30000,30000
05368P,可成元富95售03  ,0,0,0,0,0,0,0,0,0,30000,0,0,0,40000,10000,30000,30000
053661,嘉澤凱基97購01  ,0,0,0,0,0,0,0,0,0,30000,0,0,0,30000,0,30000,30000
053548,旺宏凱基96購04  ,0,0,0,0,0,0,0,0,0,30000,0,0,0,65000,35000,30000,30000
053862,南亞科元大97購02,0,0,0,0,0,0,0,0,0,30000,0,0,0,30000,0,30000,30000
053829,力成麥證96購01  ,0,0,0,30000,0,30000,0,0,0,30000,0,0,0,30000,0,30000,30000
05413P,台郡國票96售02  ,0,0,0,0,0,0,0,0,0,30000,0,0,0,30000,0,30000,30000
053997,健策群益97購02  ,0,0,0,0,0,0,0,0,0,30000,0,0,0,245000,215000,30000,30000
053975,大立光元大98購04,0,0,0,0,0,0,0,0,0,30000,0,0,0,129000,99000,30000,30000
06162P,大立光群益97售02,0,0,0,0,0,0,0,0,0,30000,0,0,0,30000,0,30000,30000
06065P,大立光台新97售01,0,0,0,0,0,0,0,0,0,30000,0,0,0,30000,0,30000,30000
06711P,臺股指台新99售08,0,0,0,0,0,0,0,0,0,30000,0,0,0,30000,0,30000,30000
06430P,大立光元大97售16,0,0,0,0,0,0,0,0,0,30000,0,0,0,30000,0,30000,30000
1817,凱撒衛          ,30000,0,30000,0,0,0,0,0,0,0,0,0,0,0,0,0,30000
1708,東鹼            ,47000,16000,31000,0,0,0,0,0,0,-1000,0,1000,-1000,0,0,0,30000
1537,廣隆            ,21000,16000,5000,0,0,0,25000,0,25000,0,0,0,0,0,0,0,30000
2882B,國泰金乙特      ,0,0,0,0,0,0,0,0,0,30000,30000,0,30000,0,0,0,30000
2423,固緯            ,35000,5000,30000,0,0,0,0,0,0,0,0,0,0,0,0,0,30000
4106,雃博            ,37000,6000,31000,0,0,0,0,0,0,-1000,0,1000,-1000,0,0,0,30000
056226,聯發科凱基97購10,0,0,0,0,0,0,0,0,0,29000,0,0,0,100000,71000,29000,29000
056048,同欣電兆豐97購01,0,0,0,0,0,0,0,0,0,29000,0,0,0,30000,1000,29000,29000
05683P,矽創元大96售01  ,0,0,0,0,0,0,0,0,0,29000,0,0,0,315000,286000,29000,29000
057221,華通國票98購03  ,0,0,0,0,0,0,0,0,0,29000,0,0,0,30000,1000,29000,29000
047704,智邦凱基93購06  ,0,0,0,0,0,0,0,0,0,29000,0,0,0,55000,26000,29000,29000
047741,鴻海統一93購06  ,0,0,0,0,0,0,0,0,0,29000,0,0,0,49000,20000,29000,29000
046053,滬深2X群益94購01,0,0,0,0,0,0,0,0,0,29000,0,0,0,29000,0,29000,29000
043190,宏達電元大93購01,0,0,0,0,0,0,0,0,0,29000,0,0,0,29000,0,29000,29000
048476,同欣電永豐93購01,0,0,0,0,0,0,0,0,0,29000,0,0,0,94000,65000,29000,29000
052207,台郡中信95購02  ,0,0,0,0,0,0,0,0,0,29000,0,0,0,253000,224000,29000,29000
050850,訊連國票96購01  ,0,0,0,0,0,0,0,0,0,29000,0,0,0,42000,13000,29000,29000
051343,鴻海元大95購07  ,0,0,0,0,0,0,0,0,0,29000,0,0,0,29000,0,29000,29000
049188,可成台新94購01  ,0,0,0,0,0,0,0,0,0,29000,0,0,0,29000,0,29000,29000
053582,英業達元大97購01,0,0,0,0,0,0,0,0,0,29000,0,0,0,304000,275000,29000,29000
055431,和鑫群益98購01  ,0,0,0,0,0,0,0,0,0,29000,0,0,0,29000,0,29000,29000
05459P,聯詠凱基95售03  ,0,0,0,0,0,0,0,0,0,29000,0,0,0,30000,1000,29000,29000
6672,騰輝電子-KY     ,59000,30000,29000,0,0,0,0,0,0,0,0,0,0,0,0,0,29000
8367,建新國際        ,26000,0,26000,0,0,0,0,0,0,3000,3000,0,3000,0,0,0,29000
1526,日馳            ,45000,16000,29000,0,0,0,0,0,0,0,0,0,0,0,0,0,29000
06581P,南亞科凱基98售04,0,0,0,0,0,0,0,0,0,29000,0,0,0,29000,0,29000,29000
06719P,台灣50群益9A售01,0,0,0,0,0,0,0,0,0,29000,0,0,0,150000,121000,29000,29000
06142P,台虹康和97售02  ,0,0,0,0,0,0,0,0,0,29000,0,0,0,29000,0,29000,29000
057205,元翎元富98購01  ,0,0,0,0,0,0,0,0,0,28000,0,0,0,130000,102000,28000,28000
057194,南電元大98購01  ,0,0,0,0,0,0,0,0,0,28000,0,0,0,372000,344000,28000,28000
05824P,臺股指凱基96售21,0,0,0,0,0,0,0,0,0,28000,0,0,0,224000,196000,28000,28000
05917P,宏達電元大96售02,0,0,0,0,0,0,0,0,0,28000,0,0,0,51000,23000,28000,28000
056405,聯茂群益98購01  ,0,0,0,0,0,0,0,0,0,28000,0,0,0,38000,10000,28000,28000
052371,元金2X元大95購01,0,0,0,0,0,0,0,0,0,28000,0,0,0,28000,0,28000,28000
048062,南亞科統一93購05,0,0,0,0,0,0,0,0,0,28000,0,0,0,56000,28000,28000,28000
047063,漢唐凱基95購01  ,0,0,0,0,0,0,0,0,0,28000,0,0,0,38000,10000,28000,28000
047480,全新凱基93購01  ,0,0,0,0,0,0,0,0,0,28000,0,0,0,28000,0,28000,28000
044805,旭富凱基93購01  ,0,0,0,0,0,0,0,0,0,28000,0,0,0,28000,0,28000,28000
046528,聯詠中信94購01  ,0,0,0,0,0,0,0,0,0,28000,0,0,0,38000,10000,28000,28000
049667,大立光國泰96購01,0,0,0,0,0,0,0,0,0,28000,0,0,0,141000,113000,28000,28000
052693,微星中信96購01  ,0,0,0,0,0,0,0,0,0,28000,0,0,0,30000,2000,28000,28000
052560,康舒國票97購01  ,0,0,0,0,0,0,0,0,0,28000,0,0,0,66000,38000,28000,28000
050704,復盛凱基94購03  ,0,0,0,0,0,0,0,0,0,28000,0,0,0,62000,34000,28000,28000
051638,聯茂國票96購01  ,0,0,0,0,0,0,0,0,0,28000,0,0,0,180000,152000,28000,28000
049966,旺宏國票95購02  ,0,0,0,0,0,0,0,0,0,28000,0,0,0,28000,0,28000,28000
051033,台積電兆豐95購03,0,0,0,0,0,0,0,0,0,28000,0,0,0,38000,10000,28000,28000
051049,亞德客群益95購01,0,0,0,0,0,0,0,0,0,28000,0,0,0,54000,26000,28000,28000
054581,訊芯元大97購02  ,0,0,0,0,0,0,0,0,0,28000,0,0,0,42000,14000,28000,28000
054649,聯茂群益97購01  ,0,0,0,0,0,0,0,0,0,28000,0,0,0,48000,20000,28000,28000
054681,味全永豐97購01  ,0,0,0,0,0,0,0,0,0,28000,0,0,0,96000,68000,28000,28000
054841,亞德客兆豐97購01,0,0,0,0,0,0,0,0,0,28000,0,0,0,28000,0,28000,28000
054883,億光統一97購01  ,0,0,0,0,0,0,0,0,0,28000,0,0,0,48000,20000,28000,28000
053976,亞光元大96購02  ,0,0,0,0,0,0,0,0,0,28000,0,0,0,100000,72000,28000,28000
053292,美律中信98購01  ,0,0,0,0,0,0,0,0,0,28000,0,0,0,38000,10000,28000,28000
06185P,台表科元大97售05,0,0,0,0,0,0,0,0,0,28000,0,0,0,50000,22000,28000,28000
06597P,國巨富邦9A售05  ,0,0,0,0,0,0,0,0,0,28000,0,0,0,68000,40000,28000,28000
2841,台開            ,214000,186000,28000,0,0,0,0,0,0,0,0,0,0,0,0,0,28000
4961,天鈺            ,64000,35000,29000,0,0,0,0,0,0,-1000,0,0,0,0,1000,-1000,28000
056379,玉晶光元富98購01,0,0,0,0,0,0,0,0,0,27000,0,0,0,76000,49000,27000,27000
056745,聯茂凱基99購03  ,0,0,0,0,0,0,0,0,0,27000,0,0,0,137000,110000,27000,27000
056565,欣興群益98購03  ,0,0,0,0,0,0,0,0,0,27000,0,0,0,59000,32000,27000,27000
056499,鴻海富邦98購02  ,0,0,0,0,0,0,0,0,0,27000,0,0,0,98000,71000,27000,27000
05650P,台積電富邦96售01,0,0,0,0,0,0,0,0,0,27000,0,0,0,27000,0,27000,27000
055607,華通康和97購01  ,0,0,0,0,0,0,0,0,0,27000,0,0,0,27000,0,27000,27000
05555P,健策群益98售01  ,0,0,0,0,0,0,0,0,0,27000,0,0,0,27000,0,27000,27000
057632,傳奇永豐98購01  ,0,0,0,0,0,0,0,0,0,27000,0,0,0,27000,0,27000,27000
056858,國巨群益99購03  ,0,0,0,0,0,0,0,0,0,27000,0,0,0,129000,102000,27000,27000
043973,元金2X元大94購02,0,0,0,0,0,0,0,0,0,27000,0,0,0,27000,0,27000,27000
044861,玉晶光兆豐93購01,0,0,0,0,0,0,0,0,0,27000,0,0,0,35000,8000,27000,27000
03438P,群創群益98售03  ,0,0,0,0,0,0,0,0,0,27000,0,0,0,27000,0,27000,27000
047191,同欣電元大93購02,0,0,0,0,0,0,0,0,0,27000,0,0,0,40000,13000,27000,27000
048512,全新凱基93購04  ,0,0,0,0,0,0,0,0,0,27000,0,0,0,107000,80000,27000,27000
048900,精成科國泰95購01,0,0,0,0,0,0,0,0,0,27000,0,0,0,34000,7000,27000,27000
052183,華邦電群益95購01,0,0,0,0,0,0,0,0,0,27000,0,0,0,67000,40000,27000,27000
052184,台光電群益95購03,0,0,0,0,0,0,0,0,0,27000,0,0,0,94000,67000,27000,27000
050228,中磊中信96購01  ,0,0,0,0,0,0,0,0,0,27000,0,0,0,27000,0,27000,27000
049986,嘉澤凱基94購02  ,0,0,0,0,0,0,0,0,0,27000,0,0,0,40000,13000,27000,27000
051806,華通凱基96購02  ,0,0,0,0,0,0,0,0,0,27000,0,0,0,27000,0,27000,27000
050452,智原元大95購04  ,0,0,0,0,0,0,0,0,0,27000,0,0,0,27000,0,27000,27000
053034,上海銀兆豐96購01,0,0,0,0,0,0,0,0,0,27000,0,0,0,30000,3000,27000,27000
05486P,大立光凱基95售14,0,0,0,0,0,0,0,0,0,27000,0,0,0,27000,0,27000,27000
054268,健策第一96購01  ,0,0,0,0,0,0,0,0,0,27000,0,0,0,27000,0,27000,27000
055239,帆宣台新97購01  ,0,0,0,0,0,0,0,0,0,27000,0,0,0,120000,93000,27000,27000
05516P,台積電元大96售12,0,0,0,0,0,0,0,0,0,27000,0,0,0,110000,83000,27000,27000
1524,耿鼎            ,31000,4000,27000,0,0,0,0,0,0,0,0,0,0,0,0,0,27000
2365,昆盈            ,31000,4000,27000,0,0,0,0,0,0,0,0,0,0,0,0,0,27000
06090P,旺宏統一97售06  ,0,0,0,0,0,0,0,0,0,27000,0,0,0,27000,0,27000,27000
06320P,上銀統一97售04  ,0,0,0,0,0,0,0,0,0,27000,0,0,0,27000,0,27000,27000
06285P,台積電國票98售04,0,0,0,0,0,0,0,0,0,27000,0,0,0,58000,31000,27000,27000
057400,全新群益9A購01  ,0,0,0,0,0,0,0,0,0,26000,0,0,0,32000,6000,26000,26000
057503,世紀鋼群益98購02,0,0,0,0,0,0,0,0,0,26000,0,0,0,40000,14000,26000,26000
06032P,健策群益97售03  ,0,0,0,0,0,0,0,0,0,26000,0,0,0,36000,10000,26000,26000
056550,瑞儀凱基99購01  ,0,0,0,0,0,0,0,0,0,26000,0,0,0,36000,10000,26000,26000
056726,友達日盛9A購01  ,0,0,0,0,0,0,0,0,0,26000,0,0,0,106000,80000,26000,26000
056452,亞光凱基98購02  ,0,0,0,0,0,0,0,0,0,26000,0,0,0,30000,4000,26000,26000
056438,旺宏凱基98購05  ,0,0,0,0,0,0,0,0,0,26000,0,0,0,26000,0,26000,26000
056163,嘉聯益凱基98購03,0,0,0,0,0,0,0,0,0,26000,0,0,0,184000,158000,26000,26000
050135,禾伸堂兆豐95購01,0,0,0,0,0,0,0,0,0,26000,0,0,0,26000,0,26000,26000
049436,義隆國泰96購02  ,0,0,0,0,0,0,0,0,0,26000,0,0,0,28000,2000,26000,26000
048962,宏全康和94購01  ,0,0,0,0,0,0,0,0,0,26000,0,0,0,291000,265000,26000,26000
046790,康友永豐93購01  ,0,0,0,0,0,0,0,0,0,26000,0,0,0,70000,44000,26000,26000
046791,台郡統一96購01  ,0,0,0,0,0,0,0,0,0,26000,0,0,0,26000,0,26000,26000
00766L,台新MSCI中國正2 ,0,0,0,0,0,0,0,0,0,26000,0,0,0,183000,157000,26000,26000
04781P,欣興凱基94售06  ,0,0,0,0,0,0,0,0,0,26000,0,0,0,26000,0,26000,26000
044010,華通凱基93購01  ,0,0,0,0,0,0,0,0,0,26000,0,0,0,26000,0,26000,26000
049141,旺宏元大95購01  ,0,0,0,0,0,0,0,0,0,26000,0,0,0,48000,22000,26000,26000
050396,欣興元富94購02  ,0,0,0,0,0,0,0,0,0,26000,0,0,0,230000,204000,26000,26000
053349,台郡國票97購02  ,0,0,0,0,0,0,0,0,0,26000,0,0,0,83000,57000,26000,26000
050595,緯穎永豐94購03  ,0,0,0,0,0,0,0,0,0,26000,0,0,0,26000,0,26000,26000
051503,玉晶光統一97購01,0,0,0,0,0,0,0,0,0,26000,0,0,0,26000,0,26000,26000
050236,旺宏凱基94購06  ,0,0,0,0,0,0,0,0,0,26000,0,0,0,26000,0,26000,26000
055079,台光電中信97購01,0,0,0,0,0,0,0,0,0,26000,0,0,0,159000,133000,26000,26000
055460,華擎永豐97購01  ,0,0,0,0,0,0,0,0,0,26000,0,0,0,26000,0,26000,26000
053506,南茂兆豐97購01  ,0,0,0,0,0,0,0,0,0,26000,0,0,0,56000,30000,26000,26000
06665P,欣興兆豐99售01  ,0,0,0,0,0,0,0,0,0,26000,0,0,0,26000,0,26000,26000
1231,聯華食          ,35000,9000,26000,0,0,0,0,0,0,0,0,0,0,0,0,0,26000
1437,勤益控          ,33000,7000,26000,0,0,0,0,0,0,0,0,0,0,0,0,0,26000
2429,銘旺科          ,50000,24000,26000,0,0,0,0,0,0,0,0,0,0,0,0,0,26000
5288,豐祥-KY         ,28000,11000,17000,0,0,0,9000,0,9000,0,0,0,0,0,0,0,26000
6214,精誠            ,153000,127000,26000,0,0,0,0,0,0,0,0,0,0,0,0,0,26000
056448,全新凱基99購01  ,0,0,0,0,0,0,0,0,0,25000,0,0,0,25000,0,25000,25000
056329,上銀國票98購02  ,0,0,0,0,0,0,0,0,0,25000,0,0,0,28000,3000,25000,25000
056747,致新凱基99購01  ,0,0,0,0,0,0,0,0,0,25000,0,0,0,25000,0,25000,25000
056704,健策國泰99購01  ,0,0,0,0,0,0,0,0,0,25000,0,0,0,256000,231000,25000,25000
055641,鴻海元富97購04  ,0,0,0,0,0,0,0,0,0,25000,0,0,0,25000,0,25000,25000
056133,可成元大97購05  ,0,0,0,0,0,0,0,0,0,25000,0,0,0,87000,62000,25000,25000
055841,南亞科元大97購04,0,0,0,0,0,0,0,0,0,25000,0,0,0,26000,1000,25000,25000
06040P,亞光康和96售03  ,0,0,0,0,0,0,0,0,0,25000,0,0,0,25000,0,25000,25000
05817P,可成凱基96售07  ,0,0,0,0,0,0,0,0,0,25000,0,0,0,88000,63000,25000,25000
057336,聯發科國票99購01,0,0,0,0,0,0,0,0,0,25000,0,0,0,30000,5000,25000,25000
057288,聯茂元大98購03  ,0,0,0,0,0,0,0,0,0,25000,0,0,0,40000,15000,25000,25000
044611,正崴兆豐92購01  ,0,0,0,0,0,0,0,0,0,25000,0,0,0,25000,0,25000,25000
045054,聯發科元富98購02,0,0,0,0,0,0,0,0,0,25000,0,0,0,234000,209000,25000,25000
044507,燿華凱基93購03  ,0,0,0,0,0,0,0,0,0,25000,0,0,0,50000,25000,25000,25000
047819,南茂凱基93購04  ,0,0,0,0,0,0,0,0,0,25000,0,0,0,25000,0,25000,25000
041421,滬深2X凱基93購01,0,0,0,0,0,0,0,0,0,25000,0,0,0,25000,0,25000,25000
03629C,元油2X元富98牛06,0,0,0,0,0,0,0,0,0,25000,0,0,0,37000,12000,25000,25000
046727,新光金元大93購03,0,0,0,0,0,0,0,0,0,25000,0,0,0,35000,10000,25000,25000
04875P,台積電中信94售04,0,0,0,0,0,0,0,0,0,25000,0,0,0,55000,30000,25000,25000
048787,義隆元大94購02  ,0,0,0,0,0,0,0,0,0,25000,0,0,0,25000,0,25000,25000
047567,欣興國票93購05  ,0,0,0,0,0,0,0,0,0,25000,0,0,0,25000,0,25000,25000
048215,A50正2凱基95購01,0,0,0,0,0,0,0,0,0,25000,0,0,0,25000,0,25000,25000
049052,台積電永豐94購02,0,0,0,0,0,0,0,0,0,25000,0,0,0,27000,2000,25000,25000
04835P,鴻海元大94售18  ,0,0,0,0,0,0,0,0,0,25000,0,0,0,30000,5000,25000,25000
049872,聯發科台新94購03,0,0,0,0,0,0,0,0,0,25000,0,0,0,26000,1000,25000,25000
049716,台積電凱基94購24,0,0,0,0,0,0,0,0,0,25000,0,0,0,25000,0,25000,25000
051600,新日興兆豐96購02,0,0,0,0,0,0,0,0,0,25000,0,0,0,46000,21000,25000,25000
051185,強茂永豐95購03  ,0,0,0,0,0,0,0,0,0,25000,0,0,0,25000,0,25000,25000
050934,喬山國票96購01  ,0,0,0,0,0,0,0,0,0,25000,0,0,0,25000,0,25000,25000
050370,台積電元大94購24,0,0,0,0,0,0,0,0,0,25000,0,0,0,223000,198000,25000,25000
051980,樺漢凱基96購01  ,0,0,0,0,0,0,0,0,0,25000,0,0,0,145000,120000,25000,25000
049272,世紀鋼元大96購02,0,0,0,0,0,0,0,0,0,25000,0,0,0,100000,75000,25000,25000
051279,喬山兆豐96購01  ,0,0,0,0,0,0,0,0,0,25000,0,0,0,25000,0,25000,25000
053098,國巨元富96購04  ,0,0,0,0,0,0,0,0,0,25000,0,0,0,46000,21000,25000,25000
05287P,鴻海元富95售09  ,0,0,0,0,0,0,0,0,0,25000,0,0,0,25000,0,25000,25000
055280,智邦元大97購01  ,0,0,0,0,0,0,0,0,0,25000,0,0,0,107000,82000,25000,25000
05512P,華新科台新97售01,0,0,0,0,0,0,0,0,0,25000,0,0,0,25000,0,25000,25000
05513P,玉山金台新96售01,0,0,0,0,0,0,0,0,0,25000,0,0,0,25000,0,25000,25000
054264,超眾元大97購02  ,0,0,0,0,0,0,0,0,0,25000,0,0,0,100000,75000,25000,25000
054391,宏達電元富96購04,0,0,0,0,0,0,0,0,0,25000,0,0,0,45000,20000,25000,25000
054676,牧德台新98購01  ,0,0,0,0,0,0,0,0,0,25000,0,0,0,25000,0,25000,25000
054601,奇鋐台新98購01  ,0,0,0,0,0,0,0,0,0,25000,0,0,0,25000,0,25000,25000
4108,懷特            ,30000,6000,24000,0,0,0,0,0,0,1000,1000,0,1000,0,0,0,25000
2468,華經            ,31000,6000,25000,0,0,0,0,0,0,0,0,0,0,0,0,0,25000
2302,麗正            ,30000,5000,25000,0,0,0,0,0,0,0,0,0,0,0,0,0,25000
06422P,勤誠統一98售01  ,0,0,0,0,0,0,0,0,0,25000,0,0,0,25000,0,25000,25000
06443P,台積電凱基99售01,0,0,0,0,0,0,0,0,0,25000,0,0,0,25000,0,25000,25000
06161P,聯發科群益97售03,0,0,0,0,0,0,0,0,0,25000,0,0,0,35000,10000,25000,25000
057314,全新麥證98購01  ,0,0,0,54000,30000,24000,0,0,0,24000,0,0,0,54000,30000,24000,24000
056901,華新科元大98購03,0,0,0,0,0,0,0,0,0,24000,0,0,0,54000,30000,24000,24000
056964,聯發科永豐98購03,0,0,0,0,0,0,0,0,0,24000,0,0,0,93000,69000,24000,24000
05775P,台積電國泰98售02,0,0,0,0,0,0,0,0,0,24000,0,0,0,42000,18000,24000,24000
06010P,國泰金元富96售01,0,0,0,0,0,0,0,0,0,24000,0,0,0,30000,6000,24000,24000
052354,健策群益96購02  ,0,0,0,0,0,0,0,0,0,24000,0,0,0,49000,25000,24000,24000
047160,台郡國票94購01  ,0,0,0,0,0,0,0,0,0,24000,0,0,0,24000,0,24000,24000
048762,寶齡凱基94購01  ,0,0,0,0,0,0,0,0,0,24000,0,0,0,24000,0,24000,24000
048719,亞光永豐94購01  ,0,0,0,0,0,0,0,0,0,24000,0,0,0,53000,29000,24000,24000
04034P,技嘉群益93售03  ,0,0,0,0,0,0,0,0,0,24000,0,0,0,24000,0,24000,24000
043156,大立光統一94購01,0,0,0,0,0,0,0,0,0,24000,0,0,0,106000,82000,24000,24000
049120,元油2X元富94購05,0,0,0,0,0,0,0,0,0,24000,0,0,0,26000,2000,24000,24000
049389,元石油中信97購02,0,0,0,0,0,0,0,0,0,24000,0,0,0,54000,30000,24000,24000
051131,玉山金台新95購01,0,0,0,0,0,0,0,0,0,24000,0,0,0,24000,0,24000,24000
049907,鴻海元大94購07  ,0,0,0,0,0,0,0,0,0,24000,0,0,0,57000,33000,24000,24000
054753,復盛凱基98購01  ,0,0,0,0,0,0,0,0,0,24000,0,0,0,138000,114000,24000,24000
054420,緯穎元大96購08  ,0,0,0,0,0,0,0,0,0,24000,0,0,0,85000,61000,24000,24000
055318,華通國票98購01  ,0,0,0,0,0,0,0,0,0,24000,0,0,0,34000,10000,24000,24000
055429,華新科群益99購01,0,0,0,0,0,0,0,0,0,24000,0,0,0,84000,60000,24000,24000
053081,上銀元大97購02  ,1000,0,1000,0,0,0,0,0,0,23000,0,0,0,100000,77000,23000,24000
05313P,臺股指群益95售12,0,0,0,0,0,0,0,0,0,24000,0,0,0,24000,0,24000,24000
05346P,臺股指統一95售06,0,0,0,0,0,0,0,0,0,24000,0,0,0,48000,24000,24000,24000
053404,致新群益96購01  ,0,0,0,0,0,0,0,0,0,24000,0,0,0,87000,63000,24000,24000
053286,臺股指元大96購14,0,0,0,0,0,0,0,0,0,24000,0,0,0,30000,6000,24000,24000
053616,奇力新群益97購01,0,0,0,0,0,0,0,0,0,24000,0,0,0,128000,104000,24000,24000
053800,華通凱基97購03  ,0,0,0,0,0,0,0,0,0,24000,0,0,0,34000,10000,24000,24000
06552P,茂林元大99售02  ,0,0,0,0,0,0,0,0,0,24000,0,0,0,45000,21000,24000,24000
06542P,台光電國票98售05,0,0,0,0,0,0,0,0,0,24000,0,0,0,65000,41000,24000,24000
07480P,FBVIX凱基94售01 ,0,0,0,0,0,0,0,0,0,24000,0,0,0,24000,0,24000,24000
2359,所羅門          ,49000,24000,25000,0,0,0,0,0,0,-1000,0,1000,-1000,0,0,0,24000
1760,寶齡富錦        ,38000,14000,24000,0,0,0,0,0,0,0,0,0,0,0,0,0,24000
1436,華友聯          ,30000,6000,24000,0,0,0,0,0,0,0,0,0,0,0,0,0,24000
1733,五鼎            ,36000,12000,24000,0,0,0,0,0,0,0,0,0,0,0,0,0,24000
2538,基泰            ,50000,26000,24000,0,0,0,0,0,0,0,0,0,0,0,0,0,24000
3002,歐格            ,28000,4000,24000,0,0,0,0,0,0,0,0,0,0,0,0,0,24000
3518,柏騰            ,131000,107000,24000,0,0,0,0,0,0,0,0,0,0,0,0,0,24000
05895P,奇力新群益96售03,0,0,0,0,0,0,0,0,0,23000,0,0,0,38000,15000,23000,23000
057535,泰鼎元大99購01  ,0,0,0,0,0,0,0,0,0,23000,0,0,0,69000,46000,23000,23000
057447,智邦元富02購01  ,0,0,0,0,0,0,0,0,0,23000,0,0,0,191000,168000,23000,23000
057144,南電兆豐98購01  ,0,0,0,0,0,0,0,0,0,23000,0,0,0,195000,172000,23000,23000
055942,臺股指群益9C購01,0,0,0,0,0,0,0,0,0,23000,0,0,0,108000,85000,23000,23000
055672,國巨日盛97購02  ,0,0,0,0,0,0,0,0,0,23000,0,0,0,24000,1000,23000,23000
056528,為升凱基98購01  ,0,0,0,0,0,0,0,0,0,23000,0,0,0,23000,0,23000,23000
05648P,康控國票97售01  ,0,0,0,0,0,0,0,0,0,23000,0,0,0,40000,17000,23000,23000
056455,群創凱基9A購01  ,0,0,0,0,0,0,0,0,0,23000,0,0,0,23000,0,23000,23000
00652,富邦印度        ,0,0,0,0,0,0,0,0,0,23000,0,0,0,32000,9000,23000,23000
045882,滬深2X元大95購01,0,0,0,0,0,0,0,0,0,23000,0,0,0,23000,0,23000,23000
047807,華邦電凱基93購06,0,0,0,0,0,0,0,0,0,23000,0,0,0,23000,0,23000,23000
048705,GIS國票95購01   ,0,0,0,0,0,0,0,0,0,23000,0,0,0,23000,0,23000,23000
048405,嘉晶群益93購03  ,0,0,0,0,0,0,0,0,0,23000,0,0,0,23000,0,23000,23000
048059,欣興國泰95購01  ,0,0,0,0,0,0,0,0,0,23000,0,0,0,319000,296000,23000,23000
050024,旺宏元大94購09  ,0,0,0,0,0,0,0,0,0,23000,0,0,0,130000,107000,23000,23000
050079,元油2X統一94購06,0,0,0,0,0,0,0,0,0,23000,0,0,0,38000,15000,23000,23000
049515,同欣電凱基94購01,0,0,0,0,0,0,0,0,0,23000,0,0,0,38000,15000,23000,23000
052046,漢唐凱基96購01  ,0,0,0,0,0,0,0,0,0,23000,0,0,0,24000,1000,23000,23000
051006,中磊中信95購01  ,0,0,0,0,0,0,0,0,0,23000,0,0,0,23000,0,23000,23000
050653,聯鈞凱基96購01  ,0,0,0,0,0,0,0,0,0,23000,0,0,0,110000,87000,23000,23000
051207,聯茂麥證95購01  ,0,0,0,63000,40000,23000,0,0,0,23000,0,0,0,63000,40000,23000,23000
051802,同欣電永豐95購02,0,0,0,0,0,0,0,0,0,23000,0,0,0,93000,70000,23000,23000
051471,國巨凱基97購01  ,0,0,0,0,0,0,0,0,0,23000,0,0,0,23000,0,23000,23000
051422,超眾國票96購01  ,0,0,0,0,0,0,0,0,0,23000,0,0,0,83000,60000,23000,23000
054194,國巨麥證96購02  ,0,0,0,41000,14000,27000,0,0,0,23000,0,0,0,42000,19000,23000,23000
054059,欣興國票97購03  ,0,0,0,0,0,0,0,0,0,23000,0,0,0,48000,25000,23000,23000
053090,新唐元大96購01  ,0,28000,-28000,0,0,0,0,0,0,51000,0,0,0,103000,52000,51000,23000
055023,億光國泰98購01  ,0,0,0,0,0,0,0,0,0,23000,0,0,0,41000,18000,23000,23000
054384,瀚宇博群益96購02,0,0,0,0,0,0,0,0,0,23000,0,0,0,23000,0,23000,23000
054674,台光電台新97購01,0,0,0,0,0,0,0,0,0,23000,0,0,0,61000,38000,23000,23000
1414,東和            ,28000,5000,23000,0,0,0,0,0,0,0,0,0,0,0,0,0,23000
06561P,台灣50國泰9A售01,0,0,0,0,0,0,0,0,0,23000,0,0,0,214000,191000,23000,23000
06388P,鴻海兆豐97售04  ,0,0,0,0,0,0,0,0,0,23000,0,0,0,30000,7000,23000,23000
5525,順天            ,53000,29000,24000,0,0,0,0,0,0,-1000,0,1000,-1000,0,0,0,23000
056384,玉晶光國泰9A購02,0,0,0,0,0,0,0,0,0,22000,0,0,0,408000,386000,22000,22000
056563,華新科群益98購04,0,0,0,0,0,0,0,0,0,22000,0,0,0,27000,5000,22000,22000
056606,華新科富邦9A購02,0,0,0,0,0,0,0,0,0,22000,0,0,0,25000,3000,22000,22000
055542,亞德客凱基97購01,0,0,0,0,0,0,0,0,0,22000,0,0,0,27000,5000,22000,22000
056088,台郡統一97購02  ,0,0,0,0,0,0,0,0,0,22000,0,0,0,22000,0,22000,22000
056034,華通凱基98購01  ,0,0,0,0,0,0,0,0,0,22000,0,0,0,34000,12000,22000,22000
056884,元油2X元大99購02,0,0,0,0,0,0,0,0,0,22000,0,0,0,42000,20000,22000,22000
05676P,欣興群益96售04  ,0,0,0,0,0,0,0,0,0,22000,0,0,0,28000,6000,22000,22000
057639,國巨元大99購07  ,0,0,0,0,0,0,0,0,0,22000,0,0,0,114000,92000,22000,22000
05780P,台積電統一96售07,0,0,0,0,0,0,0,0,0,22000,0,0,0,201000,179000,22000,22000
048412,台勝科亞東93購01,0,0,0,0,0,0,0,0,0,22000,0,0,0,27000,5000,22000,22000
04833P,鴻海元大94售16  ,0,0,0,0,0,0,0,0,0,22000,0,0,0,92000,70000,22000,22000
048995,宏全元大94購01  ,0,0,0,0,0,0,0,0,0,22000,0,0,0,22000,0,22000,22000
049066,元石油凱基97購01,0,0,0,0,0,0,0,0,0,22000,0,0,0,22000,0,22000,22000
04876P,台光電中信94售02,0,0,0,0,0,0,0,0,0,22000,0,0,0,22000,0,22000,22000
046896,臻鼎群益94購01  ,0,0,0,0,0,0,0,0,0,22000,0,0,0,93000,71000,22000,22000
048139,南電國票94購02  ,0,0,0,0,0,0,0,0,0,22000,0,0,0,22000,0,22000,22000
044934,玉晶光元大93購01,0,0,0,0,0,0,0,0,0,22000,0,0,0,32000,10000,22000,22000
03415B,臺股指元大93熊49,0,0,0,0,0,0,0,0,0,22000,0,0,0,32000,10000,22000,22000
050405,新光金麥證94購01,0,0,0,22000,0,22000,0,0,0,22000,0,0,0,22000,0,22000,22000
049655,臺股指凱基94購16,0,0,0,0,0,0,0,0,0,22000,0,0,0,23000,1000,22000,22000
052456,滬深2X元富9B購03,0,0,0,0,0,0,0,0,0,22000,0,0,0,576000,554000,22000,22000
052478,大立光群益95購05,0,0,0,0,0,0,0,0,0,22000,0,0,0,47000,25000,22000,22000
052539,華邦電統一95購01,0,0,0,0,0,0,0,0,0,22000,0,0,0,42000,20000,22000,22000
050965,揚明光永豐96購01,0,0,0,0,0,0,0,0,0,22000,0,0,0,35000,13000,22000,22000
050214,嘉晶台新94購01  ,0,0,0,0,0,0,0,0,0,22000,0,0,0,129000,107000,22000,22000
050014,國巨富邦98購01  ,0,0,0,0,0,0,0,0,0,22000,0,0,0,22000,0,22000,22000
054783,國巨群益98購04  ,0,0,0,0,0,0,0,0,0,22000,0,0,0,194000,172000,22000,22000
054791,泰碩群益99購02  ,0,0,0,0,0,0,0,0,0,22000,0,0,0,62000,40000,22000,22000
055399,超眾統一99購01  ,0,0,0,0,0,0,0,0,0,22000,0,0,0,160000,138000,22000,22000
05278P,台郡元富95售02  ,0,0,0,0,0,0,0,0,0,22000,0,0,0,28000,6000,22000,22000
054061,晶技國票97購03  ,0,0,0,0,0,0,0,0,0,22000,0,0,0,82000,60000,22000,22000
053785,聯詠元大96購05  ,0,0,0,0,0,0,0,0,0,22000,0,0,0,72000,50000,22000,22000
06186P,鴻海統一97售02  ,0,0,0,0,0,0,0,0,0,22000,0,0,0,22000,0,22000,22000
06603P,立積統一99售01  ,0,0,0,0,0,0,0,0,0,22000,0,0,0,22000,0,22000,22000
06461P,玉晶光國泰9A售01,0,0,0,0,0,0,0,0,0,22000,0,0,0,22000,0,22000,22000
4763,材料-KY         ,40000,18000,22000,0,0,0,0,0,0,-100,3000,3100,-100,0,0,0,21900
057420,美食凱基98購01  ,0,0,0,0,0,0,0,0,0,21000,0,0,0,21000,0,21000,21000
055912,宏達電凱基98購03,0,0,0,0,0,0,0,0,0,21000,0,0,0,125000,104000,21000,21000
055753,貿聯第一98購01  ,0,0,0,0,0,0,0,0,0,21000,0,0,0,21000,0,21000,21000
056208,崇越永豐97購01  ,0,0,0,0,0,0,0,0,0,21000,0,0,0,21000,0,21000,21000
043023,康普元大94購01  ,0,0,0,0,0,0,0,0,0,21000,0,0,0,21000,0,21000,21000
044531,欣興富邦93購01  ,0,0,0,0,0,0,0,0,0,21000,0,0,0,25000,4000,21000,21000
047049,聯發科國票94購01,0,0,0,0,0,0,0,0,0,21000,0,0,0,30000,9000,21000,21000
051687,大立光凱基95購12,0,0,0,0,0,0,0,0,0,21000,0,0,0,111000,90000,21000,21000
052353,高鐵群益97購01  ,0,0,0,0,0,0,0,0,0,21000,0,0,0,31000,10000,21000,21000
048109,旺宏群益94購02  ,0,0,0,0,0,0,0,0,0,21000,0,0,0,48000,27000,21000,21000
049799,旺宏元大96購01  ,0,0,0,0,0,0,0,0,0,21000,0,0,0,54000,33000,21000,21000
052626,上証2X中信9A購01,0,0,0,0,0,0,0,0,0,21000,0,0,0,21000,0,21000,21000
052667,漢唐群益96購01  ,0,0,0,0,0,0,0,0,0,21000,0,0,0,88000,67000,21000,21000
049233,聯發科統一94購04,0,0,0,0,0,0,0,0,0,21000,0,0,0,65000,44000,21000,21000
050530,台表科元大95購04,0,0,0,0,0,0,0,0,0,21000,0,0,0,33000,12000,21000,21000
053688,燿華元大96購05  ,0,0,0,0,0,0,0,0,0,21000,0,0,0,37000,16000,21000,21000
054140,智易元大97購03  ,0,100000,-100000,0,0,0,0,0,0,121000,0,0,0,121000,0,121000,21000
05392P,鴻海統一95售13  ,0,0,0,0,0,0,0,0,0,21000,0,0,0,34000,13000,21000,21000
053417,上銀永豐96購02  ,0,0,0,0,0,0,0,0,0,21000,0,0,0,31000,10000,21000,21000
053109,聯發科兆豐96購01,0,0,0,0,0,0,0,0,0,21000,0,0,0,24000,3000,21000,21000
053142,緯穎永豐96購01  ,0,0,0,0,0,0,0,0,0,21000,0,0,0,52000,31000,21000,21000
055393,華新科統一97購03,0,0,0,0,0,0,0,0,0,21000,0,0,0,21000,0,21000,21000
055416,欣興富邦98購01  ,0,0,0,0,0,0,0,0,0,21000,0,0,0,146000,125000,21000,21000
3694,海華            ,47000,26000,21000,0,0,0,0,0,0,0,1000,1000,0,0,0,0,21000
06477P,緯穎國票99售02  ,0,0,0,0,0,0,0,0,0,21000,0,0,0,21000,0,21000,21000
1516,川飛            ,38000,17000,21000,0,0,0,0,0,0,0,0,0,0,0,0,0,21000
3419,譁裕            ,32000,11000,21000,0,0,0,0,0,0,0,0,0,0,0,0,0,21000
3550,聯穎            ,23000,1000,22000,0,0,0,0,0,0,-1000,0,1000,-1000,0,0,0,21000
3321,同泰            ,24000,3000,21000,0,0,0,0,0,0,0,0,0,0,0,0,0,21000
2488,漢平            ,28000,7000,21000,0,0,0,0,0,0,0,0,0,0,0,0,0,21000
2459,敦吉            ,40000,19000,21000,0,0,0,0,0,0,0,0,0,0,0,0,0,21000
056168,鴻海元富97購07  ,0,0,0,0,0,0,0,0,0,20000,0,0,0,20000,0,20000,20000
05627P,致伸國票97售01  ,0,0,0,0,0,0,0,0,0,20000,0,0,0,20000,0,20000,20000
056440,智邦凱基98購03  ,0,0,0,0,0,0,0,0,0,20000,0,0,0,51000,31000,20000,20000
056692,燿華群益98購03  ,0,0,0,0,0,0,0,0,0,20000,0,0,0,30000,10000,20000,20000
056765,友達元大9B購05  ,0,0,0,0,0,0,0,0,0,20000,0,0,0,80000,60000,20000,20000
056560,旺宏群益98購03  ,0,0,0,0,0,0,0,0,0,20000,0,0,0,79000,59000,20000,20000
056549,嘉聯益凱基98購04,0,0,0,0,0,0,0,0,0,20000,0,0,0,85000,65000,20000,20000
056483,TPK元大98購01   ,0,0,0,0,0,0,0,0,0,20000,0,0,0,65000,45000,20000,20000
056510,正文永豐98購02  ,0,0,0,0,0,0,0,0,0,20000,0,0,0,20000,0,20000,20000
055809,T50反1國票98購02,0,0,0,0,0,0,0,0,0,20000,0,0,0,20000,0,20000,20000
055564,茂林凱基98購01  ,0,0,0,0,0,0,0,0,0,20000,0,0,0,50000,30000,20000,20000
055585,國巨元大98購08  ,0,0,0,0,0,0,0,0,0,20000,0,0,0,73000,53000,20000,20000
055613,全新國票98購01  ,0,0,0,0,0,0,0,0,0,20000,0,0,0,20000,0,20000,20000
055589,台光電元大98購04,0,0,0,0,0,0,0,0,0,20000,0,0,0,20000,0,20000,20000
055922,台郡凱基98購03  ,0,0,0,0,0,0,0,0,0,20000,0,0,0,24000,4000,20000,20000
055962,晶豪科元大97購02,0,0,0,0,0,0,0,0,0,20000,0,0,0,30000,10000,20000,20000
055868,臺股指元大97購07,0,0,0,0,0,0,0,0,0,20000,0,0,0,40000,20000,20000,20000
056038,可成凱基97購01  ,0,0,0,0,0,0,0,0,0,20000,0,0,0,92000,72000,20000,20000
056066,奇鋐元大98購02  ,0,0,0,0,0,0,0,0,0,20000,0,0,0,20000,0,20000,20000
056132,台光電元大97購03,0,0,0,0,0,0,0,0,0,20000,0,0,0,34000,14000,20000,20000
057407,超眾群益99購01  ,0,0,0,0,0,0,0,0,0,20000,0,0,0,20000,0,20000,20000
057416,T50反1凱基9C購01,0,0,0,0,0,0,0,0,0,20000,0,0,0,20000,0,20000,20000
057470,易華電永豐98購02,0,0,0,0,0,0,0,0,0,20000,0,0,0,20000,0,20000,20000
057539,南茂元大98購02  ,0,0,0,0,0,0,0,0,0,20000,0,0,0,35000,15000,20000,20000
05801P,正崴兆豐96售01  ,0,0,0,0,0,0,0,0,0,20000,0,0,0,20000,0,20000,20000
05883P,致伸永豐96售03  ,0,0,0,0,0,0,0,0,0,20000,0,0,0,20000,0,20000,20000
05820P,臺股指凱基96售17,0,0,0,0,0,0,0,0,0,20000,0,0,0,20000,0,20000,20000
05921P,同欣電元大96售06,0,0,0,0,0,0,0,0,0,20000,0,0,0,20000,0,20000,20000
05931P,鴻海凱基96售15  ,0,0,0,0,0,0,0,0,0,20000,0,0,0,20000,0,20000,20000
056807,元油2X統一9B購01,0,0,0,0,0,0,0,0,0,20000,0,0,0,20000,0,20000,20000
056794,上銀麥證98購01  ,0,0,0,20000,0,20000,0,0,0,20000,0,0,0,20000,0,20000,20000
056842,全新元富98購01  ,0,0,0,0,0,0,0,0,0,20000,0,0,0,30000,10000,20000,20000
056843,冠德元富98購01  ,0,0,0,0,0,0,0,0,0,20000,0,0,0,30000,10000,20000,20000
056867,華通麥證98購01  ,0,0,0,33000,10000,23000,0,0,0,20000,0,0,0,33000,13000,20000,20000
057147,新日興國票99購01,0,0,0,0,0,0,0,0,0,20000,0,0,0,20000,0,20000,20000
057169,微星元大98購01  ,0,0,0,0,0,0,0,0,0,20000,0,0,0,68000,48000,20000,20000
057226,上銀凱基98購06  ,0,0,0,0,0,0,0,0,0,20000,0,0,0,39000,19000,20000,20000
057284,新日興元大98購03,0,0,0,0,0,0,0,0,0,20000,0,0,0,88000,68000,20000,20000
048099,健策凱基93購06  ,0,0,0,0,0,0,0,0,0,20000,0,0,0,20000,0,20000,20000
048069,南亞科元富95購02,0,0,0,0,0,0,0,0,0,20000,0,0,0,20000,0,20000,20000
048961,矽創康和94購01  ,0,0,0,0,0,0,0,0,0,20000,0,0,0,20000,0,20000,20000
04892P,聯發科元大94售14,0,0,0,0,0,0,0,0,0,20000,0,0,0,20000,0,20000,20000
049053,可成永豐94購01  ,0,0,0,0,0,0,0,0,0,20000,0,0,0,20000,0,20000,20000
04911P,美律元富94售02  ,0,0,0,0,0,0,0,0,0,20000,0,0,0,20000,0,20000,20000
048418,瑞昱統一93購04  ,0,0,0,0,0,0,0,0,0,20000,0,0,0,20000,0,20000,20000
048410,和碩群益93購01  ,0,0,0,0,0,0,0,0,0,20000,0,0,0,20000,0,20000,20000
048567,台郡元大93購03  ,0,0,0,0,0,0,0,0,0,20000,0,0,0,20000,0,20000,20000
04852P,臻鼎永豐94售02  ,0,0,0,0,0,0,0,0,0,20000,0,0,0,85000,65000,20000,20000
052351,中環元富95購01  ,0,0,0,0,0,0,0,0,0,20000,0,0,0,20000,0,20000,20000
04946P,華通元大94售04  ,0,0,0,0,0,0,0,0,0,20000,0,0,0,20000,0,20000,20000
049488,智邦元大95購01  ,0,0,0,0,0,0,0,0,0,20000,0,0,0,30000,10000,20000,20000
050171,臺指反元大97購03,0,0,0,0,0,0,0,0,0,20000,0,0,0,20000,0,20000,20000
049078,瑞昱凱基94購02  ,0,0,0,0,0,0,0,0,0,20000,0,0,0,43000,23000,20000,20000
052281,全新凱基97購01  ,0,0,0,0,0,0,0,0,0,20000,0,0,0,30000,10000,20000,20000
046738,台積電群益93購05,0,0,0,0,0,0,0,0,0,20000,0,0,0,20000,0,20000,20000
048766,禾伸堂凱基94購01,0,0,0,0,0,0,0,0,0,20000,0,0,0,20000,0,20000,20000
048757,美利達元富96購01,0,0,0,0,0,0,0,0,0,20000,0,0,0,30000,10000,20000,20000
048758,美利達元富96購02,0,0,0,0,0,0,0,0,0,20000,0,0,0,20000,0,20000,20000
04871P,力成元富94售02  ,0,0,0,0,0,0,0,0,0,20000,0,0,0,20000,0,20000,20000
047897,可成群益94購01  ,0,0,0,0,0,0,0,0,0,20000,0,0,0,20000,0,20000,20000
047898,嘉澤群益93購02  ,0,0,0,0,0,0,0,0,0,20000,0,0,0,45000,25000,20000,20000
04746P,臺股指元大94售17,0,0,0,0,0,0,0,0,0,20000,0,0,0,20000,0,20000,20000
047424,南亞科亞東93購01,0,0,0,0,0,0,0,0,0,20000,0,0,0,20000,0,20000,20000
046802,聯電元大93購01  ,0,0,0,0,0,0,0,0,0,20000,0,0,0,20000,0,20000,20000
04724P,可成凱基94售08  ,0,0,0,0,0,0,0,0,0,20000,0,0,0,20000,0,20000,20000
047345,鴻海凱基94購06  ,0,0,0,0,0,0,0,0,0,20000,0,0,0,20000,0,20000,20000
048837,牧德凱基94購04  ,0,0,0,0,0,0,0,0,0,20000,0,0,0,43000,23000,20000,20000
048223,微星凱基93購02  ,0,0,0,0,0,0,0,0,0,20000,0,0,0,20000,0,20000,20000
048159,聯詠兆豐93購03  ,0,0,0,0,0,0,0,0,0,20000,0,0,0,25000,5000,20000,20000
048256,鴻海統一93購08  ,0,0,0,0,0,0,0,0,0,20000,0,0,0,50000,30000,20000,20000
04823P,台積電元富94售09,0,0,0,0,0,0,0,0,0,20000,0,0,0,30000,10000,20000,20000
046813,聯電凱基96購01  ,0,0,0,0,0,0,0,0,0,20000,0,0,0,25000,5000,20000,20000
047110,智邦元大93購05  ,0,0,0,0,0,0,0,0,0,20000,0,0,0,30000,10000,20000,20000
047123,中石化中信95購01,0,0,0,0,0,0,0,0,0,20000,0,0,0,20000,0,20000,20000
047196,上銀統一97購01  ,0,0,0,0,0,0,0,0,0,20000,0,0,0,40000,20000,20000,20000
047182,智邦元大93購07  ,0,0,0,0,0,0,0,0,0,20000,0,0,0,20000,0,20000,20000
047940,台光電國票93購01,0,0,0,0,0,0,0,0,0,20000,0,0,0,20000,0,20000,20000
047989,深中小元大96購02,0,0,0,0,0,0,0,0,0,20000,0,0,0,20000,0,20000,20000
047999,聯發科元大93購22,0,0,0,0,0,0,0,0,0,20000,0,0,0,20000,0,20000,20000
044462,漢唐兆豐93購01  ,0,0,0,0,0,0,0,0,0,20000,0,0,0,20000,0,20000,20000
045694,智邦兆豐93購05  ,0,0,0,0,0,0,0,0,0,20000,0,0,0,25000,5000,20000,20000
046537,聯發科群益93購02,0,0,0,0,0,0,0,0,0,20000,0,0,0,25000,5000,20000,20000
044998,玉晶光國泰94購01,0,0,0,0,0,0,0,0,0,20000,0,0,0,20000,0,20000,20000
045163,瀚宇博國泰93購01,0,0,0,0,0,0,0,0,0,20000,0,0,0,20000,0,20000,20000
046694,智邦凱基93購01  ,0,0,0,0,0,0,0,0,0,20000,0,0,0,40000,20000,20000,20000
044697,美律元大93購02  ,0,0,0,0,0,0,0,0,0,20000,0,0,0,20000,0,20000,20000
047785,嘉聯益第一93購01,0,0,0,0,0,0,0,0,0,20000,0,0,0,20000,0,20000,20000
048593,華新科群益93購04,0,0,0,0,0,0,0,0,0,20000,0,0,0,30000,10000,20000,20000
047725,廣達群益93購01  ,0,0,0,0,0,0,0,0,0,20000,0,0,0,30000,10000,20000,20000
047688,亞德客富邦95購01,0,0,0,0,0,0,0,0,0,20000,0,0,0,20000,0,20000,20000
047699,亞德客凱基93購04,0,0,0,0,0,0,0,0,0,20000,0,0,0,20000,0,20000,20000
047701,鴻海凱基94購12  ,0,0,0,0,0,0,0,0,0,20000,0,0,0,39000,19000,20000,20000
048638,台光電元大94購01,0,0,0,0,0,0,0,0,0,20000,0,0,0,20000,0,20000,20000
047838,亞光元大93購03  ,0,0,0,0,0,0,0,0,0,20000,0,0,0,78000,58000,20000,20000
047844,台虹元大93購02  ,0,0,0,0,0,0,0,0,0,20000,0,0,0,20000,0,20000,20000
044908,玉晶光凱基93購01,0,0,0,0,0,0,0,0,0,20000,0,0,0,54000,34000,20000,20000
045331,旺宏群益94購01  ,0,0,0,0,0,0,0,0,0,20000,0,0,0,20000,0,20000,20000
045213,A50正2元大95購01,0,0,0,0,0,0,0,0,0,20000,0,0,0,20000,0,20000,20000
045435,鴻海統一94購01  ,0,0,0,0,0,0,0,0,0,20000,0,0,0,30000,10000,20000,20000
047654,鴻海兆豐93購01  ,0,0,0,0,0,0,0,0,0,20000,0,0,0,20000,0,20000,20000
047687,元金2X富邦96購01,0,0,0,0,0,0,0,0,0,20000,0,0,0,20000,0,20000,20000
03085P,台積電元大01售34,0,0,0,0,0,0,0,0,0,20000,0,0,0,20000,0,20000,20000
0051,元大中型100     ,1000,1000,0,0,0,0,0,0,0,20000,0,0,0,21000,1000,20000,20000
045870,元油2X元富96購02,0,0,0,0,0,0,0,0,0,20000,0,0,0,20000,0,20000,20000
045856,南亞科國泰94購01,0,0,0,0,0,0,0,0,0,20000,0,0,0,20000,0,20000,20000
041528,國泰金中信93購01,0,0,0,0,0,0,0,0,0,20000,0,0,0,20000,0,20000,20000
04162P,南亞科統一94售02,0,0,0,0,0,0,0,0,0,20000,0,0,0,20000,0,20000,20000
04121P,宏碁凱基93售02  ,0,0,0,0,0,0,0,0,0,20000,0,0,0,20000,0,20000,20000
04126P,滬深2X國票95售02,0,0,0,0,0,0,0,0,0,20000,0,0,0,20000,0,20000,20000
03859P,聯詠元富93售04  ,0,0,0,0,0,0,0,0,0,20000,0,0,0,20000,0,20000,20000
03945P,欣興群益94售01  ,0,0,0,0,0,0,0,0,0,20000,0,0,0,40000,20000,20000,20000
03949P,旺宏中信93售01  ,0,0,0,0,0,0,0,0,0,20000,0,0,0,20000,0,20000,20000
046286,高鐵兆豐93購01  ,0,0,0,0,0,0,0,0,0,20000,0,0,0,20000,0,20000,20000
04382P,美律國泰95售01  ,0,0,0,0,0,0,0,0,0,20000,0,0,0,20000,0,20000,20000
050483,樺漢國票94購01  ,0,0,0,0,0,0,0,0,0,20000,0,0,0,20000,0,20000,20000
051947,矽力統一95購01  ,0,0,0,0,0,0,0,0,0,20000,0,0,0,20000,0,20000,20000
051237,鴻海元大97購01  ,0,0,0,0,0,0,0,0,0,20000,0,0,0,149000,129000,20000,20000
051252,健鼎元大95購01  ,0,0,0,0,0,0,0,0,0,20000,0,0,0,20000,0,20000,20000
049237,元油2X元富96購07,0,0,0,0,0,0,0,0,0,20000,0,0,0,40000,20000,20000,20000
049197,信邦永豐94購01  ,0,0,0,0,0,0,0,0,0,20000,0,0,0,20000,0,20000,20000
049688,台光電元大94購04,0,0,0,0,0,0,0,0,0,20000,0,0,0,20000,0,20000,20000
050379,易華電群益96購01,0,0,0,0,0,0,0,0,0,20000,0,0,0,20000,0,20000,20000
049619,宏達電群益95購02,0,0,0,0,0,0,0,0,0,20000,0,0,0,52000,32000,20000,20000
051418,智易國票97購01  ,0,350000,-350000,0,0,0,0,0,0,370000,0,0,0,380000,10000,370000,20000
051895,聯茂元富95購02  ,0,0,0,0,0,0,0,0,0,20000,0,0,0,20000,0,20000,20000
052580,高鐵元富96購01  ,0,0,0,0,0,0,0,0,0,20000,0,0,0,20000,0,20000,20000
05258P,臺股指凱基96售11,0,0,0,0,0,0,0,0,0,20000,0,0,0,20000,0,20000,20000
052604,建準元大97購01  ,0,0,0,0,0,0,0,0,0,20000,0,0,0,20000,0,20000,20000
05253P,智邦凱基95售08  ,0,0,0,0,0,0,0,0,0,20000,0,0,0,120000,100000,20000,20000
05250P,臻鼎國票96售01  ,0,0,0,0,0,0,0,0,0,20000,0,0,0,29000,9000,20000,20000
052535,日月光國泰96購01,0,0,0,0,0,0,0,0,0,20000,0,0,0,20000,0,20000,20000
052500,元翎永豐95購01  ,0,0,0,0,0,0,0,0,0,20000,0,0,0,20000,0,20000,20000
052494,百和中信95購02  ,0,0,0,0,0,0,0,0,0,20000,0,0,0,20000,0,20000,20000
050551,大立光凱基95購05,0,0,0,0,0,0,0,0,0,20000,0,0,0,20000,0,20000,20000
050538,鴻海凱基95購06  ,0,0,0,0,0,0,0,0,0,20000,0,0,0,20000,0,20000,20000
049806,臺企銀元大94購01,0,0,0,0,0,0,0,0,0,20000,0,0,0,20000,0,20000,20000
049885,緯穎永豐94購01  ,0,0,0,0,0,0,0,0,0,20000,0,0,0,20000,0,20000,20000
052049,緯創凱基97購01  ,0,0,0,0,0,0,0,0,0,20000,0,0,0,20000,0,20000,20000
050223,聯茂元富94購02  ,0,0,0,0,0,0,0,0,0,20000,0,0,0,20000,0,20000,20000
050271,上緯控元大96購01,0,0,0,0,0,0,0,0,0,20000,0,0,0,20000,0,20000,20000
050274,GIS元大94購05   ,0,0,0,0,0,0,0,0,0,20000,0,0,0,20000,0,20000,20000
050268,智原元大95購03  ,0,0,0,0,0,0,0,0,0,20000,0,0,0,20000,0,20000,20000
050202,建準群益95購01  ,0,0,0,0,0,0,0,0,0,20000,0,0,0,20000,0,20000,20000
051053,台光電群益95購01,0,0,0,0,0,0,0,0,0,20000,0,0,0,76000,56000,20000,20000
049946,智邦兆豐95購01  ,0,0,0,0,0,0,0,0,0,20000,0,0,0,100000,80000,20000,20000
051077,台郡國泰96購02  ,0,0,0,0,0,0,0,0,0,20000,0,0,0,81000,61000,20000,20000
049544,台積電群益94購08,0,0,0,0,0,0,0,0,0,20000,0,0,0,37000,17000,20000,20000
049565,楠梓電統一94購01,0,0,0,0,0,0,0,0,0,20000,0,0,0,40000,20000,20000,20000
04977P,力成凱基96售01  ,0,0,0,0,0,0,0,0,0,20000,0,0,0,20000,0,20000,20000
050959,元金2X永豐95購02,0,0,0,0,0,0,0,0,0,20000,0,0,0,177000,157000,20000,20000
05090P,國巨元大95售05  ,0,0,0,0,0,0,0,0,0,20000,0,0,0,250000,230000,20000,20000
050793,大立光富邦96購03,0,0,0,0,0,0,0,0,0,20000,0,0,0,20000,0,20000,20000
051511,鈺齊中信97購01  ,0,0,0,0,0,0,0,0,0,20000,0,0,0,40000,20000,20000,20000
050682,南亞科元富94購02,0,0,0,0,0,0,0,0,0,20000,0,0,0,65000,45000,20000,20000
055467,國巨凱基97購05  ,0,0,0,0,0,0,0,0,0,20000,0,0,0,118000,98000,20000,20000
055468,智邦凱基97購04  ,0,0,0,0,0,0,0,0,0,20000,0,0,0,46000,26000,20000,20000
055490,台光電元大97購01,0,0,0,0,0,0,0,0,0,20000,0,0,0,30000,10000,20000,20000
055505,新唐元大97購02  ,0,0,0,0,0,0,0,0,0,20000,0,0,0,20000,0,20000,20000
055331,國巨兆豐99購01  ,0,0,0,0,0,0,0,0,0,20000,0,0,0,20000,0,20000,20000
055357,欣興凱基97購04  ,0,0,0,0,0,0,0,0,0,20000,0,0,0,20000,0,20000,20000
055046,上銀永豐97購01  ,0,0,0,0,0,0,0,0,0,20000,0,0,0,20000,0,20000,20000
054900,金寶康和97購01  ,0,0,0,0,0,0,0,0,0,20000,0,0,0,185000,165000,20000,20000
054933,南港元大97購01  ,0,0,0,0,0,0,0,0,0,20000,0,0,0,20000,0,20000,20000
054958,亞光元大97購03  ,0,0,0,0,0,0,0,0,0,20000,0,0,0,20000,0,20000,20000
055123,億光兆豐97購01  ,0,0,0,0,0,0,0,0,0,20000,0,0,0,20000,0,20000,20000
055082,台郡中信97購01  ,0,0,0,0,0,0,0,0,0,20000,0,0,0,20000,0,20000,20000
055197,致新元富97購02  ,0,0,0,0,0,0,0,0,0,20000,0,0,0,30000,10000,20000,20000
055199,國喬群益97購01  ,0,0,0,0,0,0,0,0,0,20000,0,0,0,20000,0,20000,20000
055204,宏達電中信99購01,0,0,0,0,0,0,0,0,0,20000,0,0,0,32000,12000,20000,20000
055216,友達凱基98購05  ,0,0,0,0,0,0,0,0,0,20000,0,0,0,20000,0,20000,20000
054778,世紀鋼國票99購01,0,0,0,0,0,0,0,0,0,20000,0,0,0,34000,14000,20000,20000
054882,台光電統一97購02,0,0,0,0,0,0,0,0,0,20000,0,0,0,20000,0,20000,20000
054654,全新麥證99購01  ,0,0,0,30000,10000,20000,0,0,0,20000,0,0,0,30000,10000,20000,20000
054722,傳奇永豐97購01  ,0,0,0,0,0,0,0,0,0,20000,0,0,0,20000,0,20000,20000
054625,旺宏凱基98購03  ,0,0,0,0,0,0,0,0,0,20000,0,0,0,20000,0,20000,20000
054413,台光電元大96購03,0,0,0,0,0,0,0,0,0,20000,0,0,0,30000,10000,20000,20000
054452,華通亞東96購01  ,0,0,0,0,0,0,0,0,0,20000,0,0,0,20000,0,20000,20000
054500,美律永豐96購02  ,0,0,0,0,0,0,0,0,0,20000,0,0,0,20000,0,20000,20000
054289,聯發科元大97購11,0,0,0,0,0,0,0,0,0,20000,0,0,0,20000,0,20000,20000
053190,聯發科統一99購01,0,0,0,0,0,0,0,0,0,20000,0,0,0,20000,0,20000,20000
053057,聯電國泰97購02  ,0,0,0,0,0,0,0,0,0,20000,0,0,0,30000,10000,20000,20000
05293P,廣達凱基95售01  ,0,0,0,0,0,0,0,0,0,20000,0,0,0,20000,0,20000,20000
052968,燿華群益98購01  ,0,0,0,0,0,0,0,0,0,20000,0,0,0,20000,0,20000,20000
052787,國巨中信96購02  ,0,0,0,0,0,0,0,0,0,20000,0,0,0,50000,30000,20000,20000
052766,玉晶光群益9A購01,0,0,0,0,0,0,0,0,0,20000,0,0,0,275000,255000,20000,20000
052751,臺股指元大96購05,0,0,0,0,0,0,0,0,0,20000,0,0,0,20000,0,20000,20000
053273,國巨元大96購08  ,0,0,0,0,0,0,0,0,0,20000,0,0,0,35000,15000,20000,20000
053206,聯發科麥證96購02,0,0,0,20000,0,20000,0,0,0,20000,0,0,0,20000,0,20000,20000
053944,亞泥富邦97購01  ,0,0,0,0,0,0,0,0,0,20000,0,0,0,40000,20000,20000,20000
054210,台光電國票97購03,0,0,0,0,0,0,0,0,0,20000,0,0,0,20000,0,20000,20000
053689,台光電元大96購01,0,0,0,0,0,0,0,0,0,20000,0,0,0,47000,27000,20000,20000
053703,緯穎兆豐96購01  ,0,0,0,0,0,0,0,0,0,20000,0,0,0,20000,0,20000,20000
053567,群創富邦97購01  ,0,0,0,0,0,0,0,0,0,20000,0,0,0,20000,0,20000,20000
053744,台郡國票97購03  ,0,0,0,0,0,0,0,0,0,20000,0,0,0,20000,0,20000,20000
053842,聯發科統一96購08,0,0,0,0,0,0,0,0,0,20000,0,0,0,20000,0,20000,20000
053854,聯茂國泰97購02  ,0,0,0,0,0,0,0,0,0,20000,0,0,0,20000,0,20000,20000
2524,京城            ,78000,50000,28000,0,0,0,0,0,0,-8000,1000,9000,-8000,0,0,0,20000
06610P,台積電凱基9A售03,0,0,0,0,0,0,0,0,0,20000,0,0,0,20000,0,20000,20000
06192P,高股息中信98售01,0,0,0,0,0,0,0,0,0,20000,0,0,0,20000,0,20000,20000
06218P,鴻海元富97售06  ,0,0,0,0,0,0,0,0,0,20000,0,0,0,20000,0,20000,20000
06131P,京鼎元富97售02  ,0,0,0,0,0,0,0,0,0,20000,0,0,0,20000,0,20000,20000
06044P,同欣電永豐96售03,0,0,0,0,0,0,0,0,0,20000,0,0,0,20000,0,20000,20000
06327P,台積電中信01售01,0,0,0,0,0,0,0,0,0,20000,0,0,0,20000,0,20000,20000
06362P,臺股指麥證97售01,0,0,0,20000,0,20000,0,0,0,20000,0,0,0,20000,0,20000,20000
4545,銘鈺            ,46000,26000,20000,0,0,0,0,0,0,0,0,0,0,0,0,0,20000
6670,復盛應用        ,363000,325000,38000,0,0,0,0,0,0,-18000,0,10000,-10000,0,8000,-8000,20000
057165,國巨元大99購05  ,0,0,0,0,0,0,0,0,0,19000,0,0,0,19000,0,19000,19000
05983P,聯詠國票96售02  ,0,0,0,0,0,0,0,0,0,19000,0,0,0,24000,5000,19000,19000
055856,新唐元大97購03  ,0,0,0,0,0,0,0,0,0,19000,0,0,0,19000,0,19000,19000
055973,亞德客統一97購01,0,0,0,0,0,0,0,0,0,19000,0,0,0,21000,2000,19000,19000
05656P,台表科統一96售01,0,0,0,0,0,0,0,0,0,19000,0,0,0,19000,0,19000,19000
056545,TPK凱基98購02   ,0,0,0,0,0,0,0,0,0,19000,0,0,0,27000,8000,19000,19000
056718,GIS永豐98購01   ,0,0,0,0,0,0,0,0,0,19000,0,0,0,132000,113000,19000,19000
056308,TPK元大97購02   ,0,0,0,0,0,0,0,0,0,19000,0,0,0,20000,1000,19000,19000
05625P,國巨國票97售01  ,0,0,0,0,0,0,0,0,0,19000,0,0,0,20000,1000,19000,19000
056140,康控元大98購01  ,0,0,0,0,0,0,0,0,0,19000,0,0,0,137000,118000,19000,19000
056212,台光電國票98購03,0,0,0,0,0,0,0,0,0,19000,0,0,0,27000,8000,19000,19000
04023P,臺股指元富99售02,0,0,0,0,0,0,0,0,0,19000,0,0,0,89000,70000,19000,19000
047655,聯發科兆豐93購02,0,0,0,0,0,0,0,0,0,19000,0,0,0,20000,1000,19000,19000
046700,台郡凱基93購02  ,0,0,0,0,0,0,0,0,0,19000,0,0,0,23000,4000,19000,19000
046561,可成凱基92購11  ,0,0,0,0,0,0,0,0,0,19000,0,0,0,30000,11000,19000,19000
048286,滬深2X兆豐94購04,0,0,0,0,0,0,0,0,0,19000,0,0,0,24000,5000,19000,19000
048217,亞德客凱基93購06,0,0,0,0,0,0,0,0,0,19000,0,0,0,20000,1000,19000,19000
048793,超眾元大95購02  ,0,0,0,0,0,0,0,0,0,19000,0,0,0,20000,1000,19000,19000
047491,旺宏統一94購03  ,0,0,0,0,0,0,0,0,0,19000,0,0,0,49000,30000,19000,19000
04808P,訊芯永豐94售02  ,0,0,0,0,0,0,0,0,0,19000,0,0,0,199000,180000,19000,19000
051196,喬山麥證95購01  ,0,0,0,20000,1000,19000,0,0,0,19000,0,0,0,20000,1000,19000,19000
050258,為升元大94購08  ,0,0,0,0,0,0,0,0,0,19000,0,0,0,46000,27000,19000,19000
050587,緯穎國票94購02  ,0,0,0,0,0,0,0,0,0,19000,0,0,0,36000,17000,19000,19000
049312,亞光凱基94購02  ,0,0,0,0,0,0,0,0,0,19000,0,0,0,64000,45000,19000,19000
052843,鴻海統一96購09  ,0,0,0,0,0,0,0,0,0,19000,0,0,0,49000,30000,19000,19000
049297,日電貿群益95購01,0,0,0,0,0,0,0,0,0,19000,0,0,0,122000,103000,19000,19000
051988,台光電元大95購01,0,0,0,0,0,0,0,0,0,19000,0,0,0,40000,21000,19000,19000
053091,同欣電元大96購01,0,0,0,0,0,0,0,0,0,19000,0,0,0,19000,0,19000,19000
054275,華通群益97購03  ,0,0,0,0,0,0,0,0,0,19000,0,0,0,35000,16000,19000,19000
054284,和大元大96購03  ,0,0,0,0,0,0,0,0,0,19000,0,0,0,20000,1000,19000,19000
054528,台光電統一96購02,0,0,0,0,0,0,0,0,0,19000,0,0,0,66000,47000,19000,19000
054448,矽力兆豐96購01  ,0,0,0,0,0,0,0,0,0,19000,0,0,0,19000,0,19000,19000
054615,牧德永豐98購01  ,0,0,0,0,0,0,0,0,0,19000,0,0,0,24000,5000,19000,19000
054946,億光元大97購01  ,0,0,0,0,0,0,0,0,0,19000,0,0,0,37000,18000,19000,19000
06575P,大立光永昌99售02,0,0,0,0,0,0,0,0,0,19000,0,0,0,36000,17000,19000,19000
3530,晶相光          ,226000,136000,90000,0,0,0,0,0,0,-71000,0,0,0,63000,134000,-71000,19000
1618,合機            ,19000,0,19000,0,0,0,0,0,0,0,0,0,0,0,0,0,19000
1455,集盛            ,45000,26000,19000,0,0,0,0,0,0,0,0,0,0,0,0,0,19000
056260,鴻海統一98購07  ,0,0,0,0,0,0,0,0,0,18000,0,0,0,48000,30000,18000,18000
057423,台郡凱基98購06  ,0,0,0,0,0,0,0,0,0,18000,0,0,0,18000,0,18000,18000
057273,智邦元大98購05  ,0,0,0,0,0,0,0,0,0,18000,0,0,0,108000,90000,18000,18000
048892,台郡元富97購01  ,0,0,0,0,0,0,0,0,0,18000,0,0,0,20000,2000,18000,18000
052289,為升元富95購02  ,0,0,0,0,0,0,0,0,0,18000,0,0,0,174000,156000,18000,18000
047058,聯茂國票94購01  ,0,0,0,0,0,0,0,0,0,18000,0,0,0,18000,0,18000,18000
048832,玉晶光凱基95購02,0,0,0,0,0,0,0,0,0,18000,0,0,0,73000,55000,18000,18000
046937,聯電元大99購01  ,0,0,0,0,0,0,0,0,0,18000,0,0,0,19000,1000,18000,18000
045768,大立光元富95購02,0,0,0,0,0,0,0,0,0,18000,0,0,0,25000,7000,18000,18000
044879,上証2X群益93購01,0,0,0,0,0,0,0,0,0,18000,0,0,0,22000,4000,18000,18000
047766,聯發科元大93購19,0,0,0,0,0,0,0,0,0,18000,0,0,0,18000,0,18000,18000
049675,台光電國票95購01,0,0,0,0,0,0,0,0,0,18000,0,0,0,18000,0,18000,18000
052676,聯發科永昌98購01,0,0,0,0,0,0,0,0,0,18000,0,0,0,491000,473000,18000,18000
05068P,鴻海統一95售06  ,0,0,0,0,0,0,0,0,0,18000,0,0,0,28000,10000,18000,18000
051840,康友國泰97購02  ,0,0,0,0,0,0,0,0,0,18000,0,0,0,20000,2000,18000,18000
051448,聯詠元大95購02  ,0,0,0,0,0,0,0,0,0,18000,0,0,0,68000,50000,18000,18000
051086,鴻海元大96購04  ,0,0,0,0,0,0,0,0,0,18000,0,0,0,68000,50000,18000,18000
054735,漢唐凱基98購01  ,0,0,0,0,0,0,0,0,0,18000,0,0,0,36000,18000,18000,18000
054263,聯茂元大96購02  ,0,0,0,0,0,0,0,0,0,18000,0,0,0,18000,0,18000,18000
054355,上海銀富邦98購01,0,0,0,0,0,0,0,0,0,18000,0,0,0,20000,2000,18000,18000
053437,啟碁日盛96購01  ,0,0,0,0,0,0,0,0,0,18000,0,0,0,18000,0,18000,18000
053731,矽創凱基96購03  ,0,0,0,0,0,0,0,0,0,18000,0,0,0,18000,0,18000,18000
054203,滬深2X國票96購03,0,0,0,0,0,0,0,0,0,18000,0,0,0,18000,0,18000,18000
05388P,南亞科元大95售04,0,0,0,0,0,0,0,0,0,18000,0,0,0,18000,0,18000,18000
2015,豐興            ,122000,154000,-32000,0,0,0,50000,0,50000,0,0,0,0,0,0,0,18000
2427,三商電          ,18000,0,18000,0,0,0,0,0,0,0,0,0,0,0,0,0,18000
057163,上銀元大98購04  ,0,0,0,0,0,0,0,0,0,17000,0,0,0,32000,15000,17000,17000
056892,旺宏元大9A購02  ,0,0,0,0,0,0,0,0,0,17000,0,0,0,22000,5000,17000,17000
056893,智邦元大98購02  ,0,0,0,0,0,0,0,0,0,17000,0,0,0,178000,161000,17000,17000
056917,國巨兆豐98購03  ,0,0,0,0,0,0,0,0,0,17000,0,0,0,26000,9000,17000,17000
056846,晶相光元富98購01,0,0,0,0,0,0,0,0,0,17000,0,0,0,27000,10000,17000,17000
056789,和碩群益98購01  ,0,0,0,0,0,0,0,0,0,17000,0,0,0,57000,40000,17000,17000
056253,京鼎兆豐98購01  ,0,0,0,0,0,0,0,0,0,17000,0,0,0,37000,20000,17000,17000
056296,旺宏元大97購07  ,0,0,0,0,0,0,0,0,0,17000,0,0,0,17000,0,17000,17000
055889,鴻海統一97購05  ,0,0,0,0,0,0,0,0,0,17000,0,0,0,48000,31000,17000,17000
056053,和大元大97購05  ,0,2000,-2000,0,0,0,0,0,0,19000,0,0,0,19000,0,19000,17000
055731,美律元富97購01  ,0,0,0,0,0,0,0,0,0,17000,0,0,0,27000,10000,17000,17000
045280,儒鴻富邦94購01  ,0,0,0,0,0,0,0,0,0,17000,0,0,0,17000,0,17000,17000
044426,欣興國泰93購02  ,0,0,0,0,0,0,0,0,0,17000,0,0,0,28000,11000,17000,17000
00686R,群益臺灣加權反1 ,0,0,0,0,0,0,0,0,0,17000,0,0,0,20000,3000,17000,17000
042927,道瓊反中信94購01,0,0,0,0,0,0,0,0,0,17000,0,0,0,17000,0,17000,17000
047094,聯發科麥證93購02,0,0,0,17000,0,17000,0,0,0,17000,0,0,0,17000,0,17000,17000
052282,宏達電凱基95購05,0,0,0,0,0,0,0,0,0,17000,0,0,0,305000,288000,17000,17000
05017P,臺股指元大95售08,0,0,0,0,0,0,0,0,0,17000,0,0,0,17000,0,17000,17000
048076,亞光第一94購01  ,0,0,0,0,0,0,0,0,0,17000,0,0,0,22000,5000,17000,17000
049538,元油2X群益98購01,0,0,0,0,0,0,0,0,0,17000,0,0,0,45000,28000,17000,17000
052842,滬深2X統一96購01,0,0,0,0,0,0,0,0,0,17000,0,0,0,17000,0,17000,17000
04931P,臻鼎元富94售09  ,0,0,0,0,0,0,0,0,0,17000,0,0,0,30000,13000,17000,17000
049331,元石油統一94購01,0,0,0,0,0,0,0,0,0,17000,0,0,0,30000,13000,17000,17000
054178,中磊台新97購01  ,0,0,0,0,0,0,0,0,0,17000,0,0,0,17000,0,17000,17000
053861,台光電元大98購01,0,0,0,0,0,0,0,0,0,17000,0,0,0,47000,30000,17000,17000
053415,聯茂國票97購01  ,0,0,0,0,0,0,0,0,0,17000,0,0,0,267000,250000,17000,17000
053494,南亞科兆豐96購02,0,0,0,0,0,0,0,0,0,17000,0,0,0,20000,3000,17000,17000
05352P,臺股指元富95售06,0,0,0,0,0,0,0,0,0,17000,0,0,0,17000,0,17000,17000
054273,宏達電中信98購01,0,0,0,0,0,0,0,0,0,17000,0,0,0,17000,0,17000,17000
054447,國泰金兆豐96購01,0,0,0,0,0,0,0,0,0,17000,0,0,0,17000,0,17000,17000
055189,台虹統一97購01  ,0,0,0,0,0,0,0,0,0,17000,0,0,0,17000,0,17000,17000
2506,太設            ,29000,12000,17000,0,0,0,0,0,0,0,0,0,0,0,0,0,17000
2482,連宇            ,1000,0,1000,0,0,0,0,0,0,16000,16000,0,16000,0,0,0,17000
3416,融程電          ,21000,4000,17000,0,0,0,0,0,0,0,0,0,0,0,0,0,17000
06447P,上銀元大98售01  ,0,0,0,0,0,0,0,0,0,17000,0,0,0,17000,0,17000,17000
9941,裕融            ,40000,23000,17000,0,0,0,0,0,0,0,0,0,0,0,0,0,17000
055711,上銀元大97購04  ,0,0,0,0,0,0,0,0,0,16000,0,0,0,32000,16000,16000,16000
055691,訊芯凱基97購02  ,0,0,0,0,0,0,0,0,0,16000,0,0,0,16000,0,16000,16000
055595,宏達電元大98購02,0,0,0,0,0,0,0,0,0,16000,0,0,0,152000,136000,16000,16000
055815,亞光國票99購01  ,0,0,0,0,0,0,0,0,0,16000,0,0,0,16000,0,16000,16000
056193,聯發科富邦99購08,0,0,0,0,0,0,0,0,0,16000,0,0,0,200000,184000,16000,16000
056450,可成凱基98購05  ,0,0,0,0,0,0,0,0,0,16000,0,0,0,76000,60000,16000,16000
056451,可成凱基99購01  ,0,0,0,0,0,0,0,0,0,16000,0,0,0,107000,91000,16000,16000
056596,光磊元富98購01  ,0,0,0,0,0,0,0,0,0,16000,0,0,0,90000,74000,16000,16000
057049,新日興元大98購02,0,0,0,0,0,0,0,0,0,16000,0,0,0,111000,95000,16000,16000
057575,世紀鋼永豐98購02,0,0,0,0,0,0,0,0,0,16000,0,0,0,42000,26000,16000,16000
05923P,旺宏元富96售05  ,0,0,0,0,0,0,0,0,0,16000,0,0,0,116000,100000,16000,16000
048559,京元電元大93購03,0,0,0,0,0,0,0,0,0,16000,0,0,0,16000,0,16000,16000
052227,瑞昱凱基95購05  ,0,0,0,0,0,0,0,0,0,16000,0,0,0,89000,73000,16000,16000
048227,亞光凱基93購05  ,0,0,0,0,0,0,0,0,0,16000,0,0,0,16000,0,16000,16000
03033X,元展30          ,0,0,0,0,0,0,0,0,0,16000,0,0,0,21000,5000,16000,16000
046602,新日興群益94購01,0,0,0,0,0,0,0,0,0,16000,0,0,0,82000,66000,16000,16000
045189,大立光元富98購01,0,0,0,0,0,0,0,0,0,16000,0,0,0,117000,101000,16000,16000
051300,台光電凱基96購02,0,0,0,0,0,0,0,0,0,16000,0,0,0,16000,0,16000,16000
052862,正崴凱基96購01  ,0,0,0,0,0,0,0,0,0,16000,0,0,0,16000,0,16000,16000
052569,聯發科凱基96購08,0,0,0,0,0,0,0,0,0,16000,0,0,0,91000,75000,16000,16000
051551,新日興永豐95購01,0,0,0,0,0,0,0,0,0,16000,0,0,0,40000,24000,16000,16000
055336,茂林兆豐98購01  ,0,0,0,0,0,0,0,0,0,16000,0,0,0,34000,18000,16000,16000
05428P,滬深2X統一95售01,0,0,0,0,0,0,0,0,0,16000,0,0,0,26000,10000,16000,16000
05349P,可成元富98售03  ,0,0,0,0,0,0,0,0,0,16000,0,0,0,66000,50000,16000,16000
052980,上銀元大96購03  ,0,0,0,0,0,0,0,0,0,16000,0,0,0,76000,60000,16000,16000
053729,聯茂凱基96購05  ,0,0,0,0,0,0,0,0,0,16000,0,0,0,16000,0,16000,16000
054066,緯穎國票97購03  ,0,0,0,0,0,0,0,0,0,16000,0,0,0,18000,2000,16000,16000
053886,亞光兆豐96購01  ,0,0,0,0,0,0,0,0,0,16000,0,0,0,16000,0,16000,16000
9944,新麗            ,179000,166000,13000,0,0,0,0,0,0,3000,3000,0,3000,0,0,0,16000
9902,台火            ,29000,13000,16000,0,0,0,0,0,0,0,0,0,0,0,0,0,16000
6168,宏齊            ,45000,29000,16000,0,0,0,0,0,0,0,0,0,0,0,0,0,16000
06180P,禾伸堂群益97售01,0,0,0,0,0,0,0,0,0,16000,0,0,0,40000,24000,16000,16000
1592,英瑞-KY         ,16000,0,16000,0,0,0,0,0,0,0,0,0,0,0,0,0,16000
056941,台郡元富9B購01  ,0,0,0,0,0,0,0,0,0,15000,0,0,0,46000,31000,15000,15000
056615,燿華永豐98購02  ,0,0,0,0,0,0,0,0,0,15000,0,0,0,15000,0,15000,15000
056444,南亞科凱基99購01,0,0,0,0,0,0,0,0,0,15000,0,0,0,15000,0,15000,15000
056414,國巨中信98購02  ,0,0,0,0,0,0,0,0,0,15000,0,0,0,39000,24000,15000,15000
056417,欣興中信98購01  ,0,0,0,0,0,0,0,0,0,15000,0,0,0,15000,0,15000,15000
056169,鴻海元富97購08  ,0,0,0,0,0,0,0,0,0,15000,0,0,0,27000,12000,15000,15000
055854,群創元大98購04  ,0,0,0,0,0,0,0,0,0,15000,0,0,0,15000,0,15000,15000
055933,欣興群益98購02  ,0,0,0,0,0,0,0,0,0,15000,0,0,0,66000,51000,15000,15000
056073,智伸科元大97購01,0,0,0,0,0,0,0,0,0,15000,0,0,0,25000,10000,15000,15000
055743,TPK元富98購01   ,0,0,0,0,0,0,0,0,0,15000,0,0,0,15000,0,15000,15000
046706,智邦台新93購01  ,0,0,0,0,0,0,0,0,0,15000,0,0,0,15000,0,15000,15000
04466P,大立光元富94售04,0,0,0,0,0,0,0,0,0,15000,0,0,0,15000,0,15000,15000
046716,欣興國泰93購03  ,0,0,0,0,0,0,0,0,0,15000,0,0,0,33000,18000,15000,15000
044407,聯茂凱基93購01  ,0,0,0,0,0,0,0,0,0,15000,0,0,0,40000,25000,15000,15000
045751,智邦國泰93購01  ,0,0,0,0,0,0,0,0,0,15000,0,0,0,15000,0,15000,15000
045752,全新國泰93購01  ,0,0,0,0,0,0,0,0,0,15000,0,0,0,15000,0,15000,15000
04067P,聯發科凱基93售24,0,0,0,0,0,0,0,0,0,15000,0,0,0,15000,0,15000,15000
041427,滬深2X國票93購01,0,0,0,0,0,0,0,0,0,15000,0,0,0,15000,0,15000,15000
046356,智伸科群益93購01,0,0,0,0,0,0,0,0,0,15000,0,0,0,20000,5000,15000,15000
046370,全新麥證93購01  ,0,0,0,20000,5000,15000,0,0,0,15000,0,0,0,20000,5000,15000,15000
046886,喬山群益93購01  ,0,0,0,0,0,0,0,0,0,15000,0,0,0,15000,0,15000,15000
047055,旭富國票93購01  ,0,0,0,0,0,0,0,0,0,15000,0,0,0,31000,16000,15000,15000
052309,健策國泰97購01  ,0,0,0,0,0,0,0,0,0,15000,0,0,0,15000,0,15000,15000
049498,茂林元大95購01  ,0,0,0,0,0,0,0,0,0,15000,0,0,0,56000,41000,15000,15000
048063,聯發科統一93購03,0,0,0,0,0,0,0,0,0,15000,0,0,0,15000,0,15000,15000
049038,高鐵兆豐94購01  ,0,0,0,0,0,0,0,0,0,15000,0,0,0,20000,5000,15000,15000
051466,玉晶光富邦97購01,0,0,0,0,0,0,0,0,0,15000,0,0,0,30000,15000,15000,15000
051458,臺股指元大95購18,0,0,0,0,0,0,0,0,0,15000,0,0,0,30000,15000,15000,15000
050779,超眾元大96購03  ,0,0,0,0,0,0,0,0,0,15000,0,0,0,31000,16000,15000,15000
050883,嘉聯益國泰96購01,0,0,0,0,0,0,0,0,0,15000,0,0,0,115000,100000,15000,15000
050120,GIS元大95購02   ,0,0,0,0,0,0,0,0,0,15000,0,0,0,15000,0,15000,15000
049916,台光電元大94購06,0,0,0,0,0,0,0,0,0,15000,0,0,0,20000,5000,15000,15000
049893,日月光富邦98購01,0,0,0,0,0,0,0,0,0,15000,0,0,0,15000,0,15000,15000
051748,超眾國泰96購01  ,0,0,0,0,0,0,0,0,0,15000,0,0,0,20000,5000,15000,15000
052844,台積電統一96購02,0,0,0,0,0,0,0,0,0,15000,0,0,0,25000,10000,15000,15000
049612,香港反中信96購01,0,0,0,0,0,0,0,0,0,15000,0,0,0,15000,0,15000,15000
051409,美律國票96購01  ,0,0,0,0,0,0,0,0,0,15000,0,0,0,15000,0,15000,15000
049155,同欣電元大94購01,0,0,0,0,0,0,0,0,0,15000,0,0,0,25000,10000,15000,15000
049198,聯鈞永豐94購01  ,0,0,0,0,0,0,0,0,0,15000,0,0,0,15000,0,15000,15000
049214,台達電國票95購01,0,0,0,0,0,0,0,0,0,15000,0,0,0,55000,40000,15000,15000
051245,南亞科元大95購01,0,0,0,0,0,0,0,0,0,15000,0,0,0,15000,0,15000,15000
05393P,鴻海統一95售14  ,0,0,0,0,0,0,0,0,0,15000,0,0,0,75000,60000,15000,15000
054218,S&P反1統一98購02,0,0,0,0,0,0,0,0,0,15000,0,0,0,18000,3000,15000,15000
053885,全新兆豐96購01  ,0,0,0,0,0,0,0,0,0,15000,0,0,0,55000,40000,15000,15000
05361P,聯發科富邦97售01,0,0,0,0,0,0,0,0,0,15000,0,0,0,15000,0,15000,15000
053624,A50正2兆豐97購02,0,0,0,0,0,0,0,0,0,15000,0,0,0,15000,0,15000,15000
053145,元黃金元大96購02,0,0,0,0,0,0,0,0,0,15000,0,0,0,15000,0,15000,15000
054237,茂林群益97購01  ,0,0,0,0,0,0,0,0,0,15000,0,0,0,75000,60000,15000,15000
054381,世芯群益98購01  ,0,0,0,0,0,0,0,0,0,15000,0,0,0,55000,40000,15000,15000
05458P,台積電凱基97售02,0,0,0,0,0,0,0,0,0,15000,0,0,0,20000,5000,15000,15000
055466,台達電凱基97購03,0,0,0,0,0,0,0,0,0,15000,0,0,0,15000,0,15000,15000
055167,友訊統一97購01  ,0,0,0,0,0,0,0,0,0,15000,0,0,0,20000,5000,15000,15000
055158,亞光元大99購01  ,0,0,0,0,0,0,0,0,0,15000,0,0,0,25000,10000,15000,15000
055235,金寶台新98購01  ,0,0,0,0,0,0,0,0,0,15000,0,0,0,15000,0,15000,15000
055128,致新兆豐97購01  ,0,0,0,0,0,0,0,0,0,15000,0,0,0,105000,90000,15000,15000
06438P,玉晶光國票99售02,0,0,0,0,0,0,0,0,0,15000,0,0,0,45000,30000,15000,15000
06633P,國巨國票99售01  ,0,0,0,0,0,0,0,0,0,15000,0,0,0,35000,20000,15000,15000
4571,鈞興-KY         ,0,4000,-4000,0,0,0,0,0,0,19000,20000,1000,19000,0,0,0,15000
2207,和泰車          ,229000,216257,12743,0,0,0,1000,0,1000,1000,3000,2000,1000,0,0,0,14743
055779,國泰金凱基97購02,0,0,0,0,0,0,0,0,0,14000,0,0,0,14000,0,14000,14000
056061,國泰金元大97購02,0,0,0,0,0,0,0,0,0,14000,0,0,0,14000,0,14000,14000
056018,旺宏群益97購02  ,0,0,0,0,0,0,0,0,0,14000,0,0,0,25000,11000,14000,14000
056408,奇鋐國票99購01  ,0,0,0,0,0,0,0,0,0,14000,0,0,0,14000,0,14000,14000
05660P,玉晶光第一96售01,0,0,0,0,0,0,0,0,0,14000,0,0,0,34000,20000,14000,14000
056733,國巨凱基98購10  ,0,0,0,0,0,0,0,0,0,14000,0,0,0,14000,0,14000,14000
057124,為升凱基98購02  ,0,0,0,0,0,0,0,0,0,14000,0,0,0,36000,22000,14000,14000
057574,中磊永豐98購01  ,0,0,0,0,0,0,0,0,0,14000,0,0,0,14000,0,14000,14000
048057,宏達電國泰94購02,0,0,0,0,0,0,0,0,0,14000,0,0,0,105000,91000,14000,14000
048426,超眾元富93購01  ,0,0,0,0,0,0,0,0,0,14000,0,0,0,40000,26000,14000,14000
05231P,GIS群益95售03   ,0,0,0,0,0,0,0,0,0,14000,0,0,0,20000,6000,14000,14000
047386,南亞科元大93購01,0,0,0,0,0,0,0,0,0,14000,0,0,0,14000,0,14000,14000
046939,燿華元大96購01  ,0,0,0,0,0,0,0,0,0,14000,0,0,0,14000,0,14000,14000
046931,聯詠統一93購01  ,0,0,0,0,0,0,0,0,0,14000,0,0,0,114000,100000,14000,14000
047187,亞光元大94購01  ,0,0,0,0,0,0,0,0,0,14000,0,0,0,51000,37000,14000,14000
048192,華通元大96購01  ,0,0,0,0,0,0,0,0,0,14000,0,0,0,225000,211000,14000,14000
04384P,上証2X中信96售01,0,0,0,0,0,0,0,0,0,14000,0,0,0,50000,36000,14000,14000
043381,大立光元大93購02,0,0,0,0,0,0,0,0,0,14000,0,0,0,14000,0,14000,14000
04232P,可成亞東93售02  ,0,0,0,0,0,0,0,0,0,14000,0,0,0,14000,0,14000,14000
044514,亞光凱基93購02  ,0,0,0,0,0,0,0,0,0,14000,0,0,0,15000,1000,14000,14000
047626,全新國票94購01  ,0,0,0,0,0,0,0,0,0,14000,0,0,0,32000,18000,14000,14000
047769,大立光元大96購01,0,0,0,0,0,0,0,0,0,14000,0,0,0,14000,0,14000,14000
048639,漢唐元大93購07  ,0,0,0,0,0,0,0,0,0,14000,0,0,0,14000,0,14000,14000
049554,禾伸堂富邦96購01,0,0,0,0,0,0,0,0,0,14000,0,0,0,16000,2000,14000,14000
05107P,鴻海兆豐96售02  ,0,0,0,0,0,0,0,0,0,14000,0,0,0,14000,0,14000,14000
055198,奇力新第一97購01,0,0,0,0,0,0,0,0,0,14000,0,0,0,149000,135000,14000,14000
055278,旺宏元大98購05  ,0,0,0,0,0,0,0,0,0,14000,0,0,0,111000,97000,14000,14000
054761,台光電國票98購02,0,0,0,0,0,0,0,0,0,14000,0,0,0,14000,0,14000,14000
054886,大毅統一97購01  ,0,0,0,0,0,0,0,0,0,14000,0,0,0,14000,0,14000,14000
053361,友達元富99購01  ,0,0,0,0,0,0,0,0,0,14000,0,0,0,37000,23000,14000,14000
1529,樂士            ,4000,0,4000,0,0,0,0,0,0,10000,10000,0,10000,0,0,0,14000
1612,宏泰            ,18000,4000,14000,0,0,0,0,0,0,0,0,0,0,0,0,0,14000
06632P,創意群益98售03  ,0,0,0,0,0,0,0,0,0,14000,0,0,0,24000,10000,14000,14000
06731P,聯茂元大98售05  ,0,0,0,0,0,0,0,0,0,14000,0,0,0,38000,24000,14000,14000
4976,佳凌            ,31000,17000,14000,0,0,0,0,0,0,0,0,0,0,0,0,0,14000
8473,山林水          ,20000,6000,14000,0,0,0,0,0,0,0,0,0,0,0,0,0,14000
6209,今國光          ,37000,23000,14000,0,0,0,0,0,0,0,0,0,0,0,0,0,14000
6409,旭隼            ,44200,30817,13383,0,0,0,0,0,0,0,0,0,0,0,0,0,13383
057633,緯穎永豐98購02  ,0,0,0,0,0,0,0,0,0,13000,0,0,0,13000,0,13000,13000
05995P,T50正2中信9C售01,0,0,0,0,0,0,0,0,0,13000,0,0,0,54000,41000,13000,13000
057320,玉晶光凱基98購01,0,0,0,0,0,0,0,0,0,13000,0,0,0,57000,44000,13000,13000
057000,亞德客國票99購01,0,0,0,0,0,0,0,0,0,13000,0,0,0,13000,0,13000,13000
056851,瑞儀元富98購01  ,0,0,0,0,0,0,0,0,0,13000,0,0,0,23000,10000,13000,13000
056599,臻鼎元富98購01  ,0,0,0,0,0,0,0,0,0,13000,0,0,0,73000,60000,13000,13000
056471,台光電元大99購01,0,0,0,0,0,0,0,0,0,13000,0,0,0,41000,28000,13000,13000
056033,T50正2凱基99購02,0,0,0,0,0,0,0,0,0,13000,0,0,0,35000,22000,13000,13000
055915,大立光凱基98購07,0,0,0,0,0,0,0,0,0,13000,0,0,0,35000,22000,13000,13000
055830,上銀元大97購07  ,0,0,0,0,0,0,0,0,0,13000,0,0,0,41000,28000,13000,13000
055826,中石化元大97購01,0,0,0,0,0,0,0,0,0,13000,0,0,0,13000,0,13000,13000
055705,微星永豐97購01  ,0,0,0,0,0,0,0,0,0,13000,0,0,0,13000,0,13000,13000
05562P,鴻海元大96售16  ,0,0,0,0,0,0,0,0,0,13000,0,0,0,38000,25000,13000,13000
055581,和大元大97購04  ,0,0,0,0,0,0,0,0,0,13000,0,0,0,13000,0,13000,13000
045627,聯電凱基93購03  ,0,0,0,0,0,0,0,0,0,13000,0,0,0,14000,1000,13000,13000
00666R,富邦恒生國企反1 ,0,0,0,0,0,0,0,0,0,13000,0,0,0,93000,80000,13000,13000
048305,深100凱基96購01 ,0,0,0,0,0,0,0,0,0,13000,0,0,0,75000,62000,13000,13000
047495,新日興元富96購01,0,0,0,0,0,0,0,0,0,13000,0,0,0,13000,0,13000,13000
051501,康友群益95購02  ,0,0,0,0,0,0,0,0,0,13000,0,0,0,92000,79000,13000,13000
050084,宏達電元富94購03,0,0,0,0,0,0,0,0,0,13000,0,0,0,35000,22000,13000,13000
050402,緯穎中信96購01  ,0,0,0,0,0,0,0,0,0,13000,0,0,0,25000,12000,13000,13000
050604,上証2X永昌94購01,0,0,0,0,0,0,0,0,0,13000,0,0,0,20000,7000,13000,13000
05246P,南電元大95售04  ,0,0,0,0,0,0,0,0,0,13000,0,0,0,114000,101000,13000,13000
052415,台表科麥證95購02,0,0,0,23000,10000,13000,0,0,0,13000,0,0,0,23000,10000,13000,13000
053621,臺股指群益96購07,0,0,0,0,0,0,0,0,0,13000,0,0,0,13000,0,13000,13000
054890,聯鈞統一99購01  ,0,0,0,0,0,0,0,0,0,13000,0,0,0,59000,46000,13000,13000
055297,啟碁元大97購01  ,0,0,0,0,0,0,0,0,0,13000,0,0,0,13000,0,13000,13000
055322,欣興國票97購06  ,0,0,0,0,0,0,0,0,0,13000,0,0,0,13000,0,13000,13000
05505P,聯發科凱基96售09,0,0,0,0,0,0,0,0,0,13000,0,0,0,14000,1000,13000,13000
8497,格威傳媒        ,16000,3000,13000,0,0,0,0,0,0,0,0,0,0,0,0,0,13000
4144,康聯-KY         ,14000,1000,13000,0,0,0,0,0,0,0,0,0,0,0,0,0,13000
06735P,奇力新凱基98售07,0,0,0,0,0,0,0,0,0,13000,0,0,0,19000,6000,13000,13000
06100P,台積電日盛97售03,0,0,0,0,0,0,0,0,0,13000,0,0,0,1973000,1960000,13000,13000
06353P,電子類富邦99售02,0,0,0,0,0,0,0,0,0,13000,0,0,0,13000,0,13000,13000
06240P,奇力新元富97售03,0,0,0,0,0,0,0,0,0,13000,0,0,0,35000,22000,13000,13000
06264P,友達凱基98售06  ,0,0,0,0,0,0,0,0,0,13000,0,0,0,14000,1000,13000,13000
1522,堤維西          ,49000,36000,13000,0,0,0,0,0,0,0,0,0,0,0,0,0,13000
1598,岱宇            ,34000,21000,13000,0,0,0,0,0,0,0,0,0,0,0,0,0,13000
2348,海悅            ,7000,29000,-22000,0,0,0,0,0,0,35000,35000,0,35000,0,0,0,13000
3149,正達            ,23000,10000,13000,0,0,0,0,0,0,0,0,0,0,0,0,0,13000
2608,嘉里大榮        ,74000,61000,13000,0,0,0,0,0,0,0,0,0,0,0,0,0,13000
2609,陽明            ,247000,234000,13000,0,0,0,0,0,0,0,0,0,0,0,0,0,13000
2838,聯邦銀          ,366000,354000,12000,0,0,0,0,0,0,1000,1000,0,1000,0,0,0,13000
055627,亞德客永豐97購02,0,0,0,0,0,0,0,0,0,12000,0,0,0,12000,0,12000,12000
055893,大立光統一97購07,0,0,0,0,0,0,0,0,0,12000,0,0,0,85000,73000,12000,12000
056126,台郡國票98購02  ,0,0,0,0,0,0,0,0,0,12000,0,0,0,22000,10000,12000,12000
056120,聯茂群益97購02  ,0,0,0,0,0,0,0,0,0,12000,0,0,0,41000,29000,12000,12000
056527,大成鋼凱基98購03,0,0,0,0,0,0,0,0,0,12000,0,0,0,24000,12000,12000,12000
05632P,大立光群益96售02,0,0,0,0,0,0,0,0,0,12000,0,0,0,42000,30000,12000,12000
056297,台光電元大97購04,0,0,0,0,0,0,0,0,0,12000,0,0,0,48000,36000,12000,12000
056822,佐登永豐98購01  ,0,0,0,0,0,0,0,0,0,12000,0,0,0,17000,5000,12000,12000
056823,智伸科永豐98購01,0,0,0,0,0,0,0,0,0,12000,0,0,0,16000,4000,12000,12000
057282,大立光元大99購06,0,0,0,0,0,0,0,0,0,12000,0,0,0,12000,0,12000,12000
05784P,臺股指元大96售18,0,0,0,0,0,0,0,0,0,12000,0,0,0,12000,0,12000,12000
047250,日月光群益94購01,0,0,0,0,0,0,0,0,0,12000,0,0,0,22000,10000,12000,12000
048003,旭富元大93購01  ,0,0,0,0,0,0,0,0,0,12000,0,0,0,25000,13000,12000,12000
047993,鑽全元大96購01  ,0,0,0,0,0,0,0,0,0,12000,0,0,0,89000,77000,12000,12000
052159,瑞昱永豐95購01  ,0,0,0,0,0,0,0,0,0,12000,0,0,0,61000,49000,12000,12000
048068,南亞科元富95購01,0,0,0,0,0,0,0,0,0,12000,0,0,0,32000,20000,12000,12000
048506,華通群益94購03  ,0,0,0,0,0,0,0,0,0,12000,0,0,0,101000,89000,12000,12000
048107,華通群益93購02  ,0,0,0,0,0,0,0,0,0,12000,0,0,0,24000,12000,12000,12000
04314P,聯茂元富93售01  ,0,0,0,0,0,0,0,0,0,12000,0,0,0,18000,6000,12000,12000
03421B,臺股指元大99熊01,0,0,0,0,0,0,0,0,0,12000,0,0,0,12000,0,12000,12000
04347P,全新群益94售01  ,0,0,0,0,0,0,0,0,0,12000,0,0,0,12000,0,12000,12000
045861,智邦統一93購02  ,0,0,0,0,0,0,0,0,0,12000,0,0,0,40000,28000,12000,12000
045106,玉晶光群益95購01,0,0,0,0,0,0,0,0,0,12000,0,0,0,71000,59000,12000,12000
047627,華新科國票94購03,0,0,0,0,0,0,0,0,0,12000,0,0,0,12000,0,12000,12000
050423,鴻海凱基96購02  ,0,0,0,0,0,0,0,0,0,12000,0,0,0,80000,68000,12000,12000
051247,可成元大95購04  ,0,0,0,0,0,0,0,0,0,12000,0,0,0,90000,78000,12000,12000
051935,味全群益95購01  ,0,0,0,0,0,0,0,0,0,12000,0,0,0,12000,0,12000,12000
050023,國巨元大94購12  ,0,0,0,0,0,0,0,0,0,12000,0,0,0,17000,5000,12000,12000
049951,全新群益94購03  ,0,0,0,0,0,0,0,0,0,12000,0,0,0,12000,0,12000,12000
049956,國巨統一94購05  ,0,0,0,0,0,0,0,0,0,12000,0,0,0,13000,1000,12000,12000
049855,台表科群益94購01,0,0,0,0,0,0,0,0,0,12000,0,0,0,12000,0,12000,12000
051467,GIS富邦96購01   ,0,0,0,0,0,0,0,0,0,12000,0,0,0,52000,40000,12000,12000
049593,群創元大9A購01  ,0,0,0,0,0,0,0,0,0,12000,0,0,0,111000,99000,12000,12000
051096,日月光元大95購01,0,0,0,0,0,0,0,0,0,12000,0,0,0,12000,0,12000,12000
054995,宏盛元富97購01  ,0,0,0,0,0,0,0,0,0,12000,0,0,0,23000,11000,12000,12000
054973,台郡元大98購02  ,0,0,0,0,0,0,0,0,0,12000,0,0,0,12000,0,12000,12000
055482,聚陽元大97購02  ,0,0,0,0,0,0,0,0,0,12000,0,0,0,73000,61000,12000,12000
055504,貿聯元大98購04  ,0,0,0,0,0,0,0,0,0,12000,0,0,0,68000,56000,12000,12000
055415,禾伸堂富邦9B購01,0,0,0,0,0,0,0,0,0,12000,0,0,0,149000,137000,12000,12000
054872,瀚宇博群益98購01,0,0,0,0,0,0,0,0,0,12000,0,0,0,12000,0,12000,12000
054788,華新科群益98購02,0,0,0,0,0,0,0,0,0,12000,0,0,0,79000,67000,12000,12000
054220,國巨統一97購02  ,0,0,0,0,0,0,0,0,0,12000,0,0,0,37000,25000,12000,12000
053837,貿聯永豐96購02  ,0,0,0,0,0,0,0,0,0,12000,0,0,0,31000,19000,12000,12000
053748,燿華永豐96購04  ,0,0,0,0,0,0,0,0,0,12000,0,0,0,12000,0,12000,12000
054058,晶豪科國票98購01,0,0,0,0,0,0,0,0,0,12000,0,0,0,12000,0,12000,12000
054048,國泰金元大96購04,0,0,0,0,0,0,0,0,0,12000,0,0,0,12000,0,12000,12000
052987,華新科元大99購01,0,0,0,0,0,0,0,0,0,12000,0,0,0,13000,1000,12000,12000
2613,中櫃            ,13000,2000,11000,0,0,0,0,0,0,1000,1000,0,1000,0,0,0,12000
1783,和康生          ,16000,4000,12000,0,0,0,0,0,0,0,0,0,0,0,0,0,12000
1533,車王電          ,18000,6000,12000,0,0,0,0,0,0,0,0,0,0,0,0,0,12000
06646P,國巨元大98售16  ,0,0,0,0,0,0,0,0,0,12000,0,0,0,55000,43000,12000,12000
4956,光鋐            ,13000,1000,12000,0,0,0,0,0,0,0,0,0,0,0,0,0,12000
05991P,聯茂群益96售05  ,0,0,0,0,0,0,0,0,0,11000,0,0,0,11000,0,11000,11000
057276,全新元大99購03  ,0,0,0,0,0,0,0,0,0,11000,0,0,0,27000,16000,11000,11000
057295,可成永豐98購02  ,0,0,0,0,0,0,0,0,0,11000,0,0,0,66000,55000,11000,11000
05678P,群創群益97售01  ,0,0,0,0,0,0,0,0,0,11000,0,0,0,11000,0,11000,11000
056869,國巨日盛99購03  ,0,0,0,0,0,0,0,0,0,11000,0,0,0,20000,9000,11000,11000
056875,亞光凱基98購03  ,0,0,0,0,0,0,0,0,0,11000,0,0,0,26000,15000,11000,11000
056258,訊芯元富97購04  ,0,0,0,0,0,0,0,0,0,11000,0,0,0,11000,0,11000,11000
05613P,臻鼎台新96售01  ,0,0,0,0,0,0,0,0,0,11000,0,0,0,55000,44000,11000,11000
056067,智原元大97購01  ,0,0,0,0,0,0,0,0,0,11000,0,0,0,17000,6000,11000,11000
05604P,聯發科元大96售10,0,0,0,0,0,0,0,0,0,11000,0,0,0,284000,273000,11000,11000
055932,玉山金群益99購01,0,0,0,0,0,0,0,0,0,11000,0,0,0,55000,44000,11000,11000
055887,上銀統一97購03  ,0,0,0,0,0,0,0,0,0,11000,0,0,0,31000,20000,11000,11000
055689,台郡凱基99購01  ,0,0,0,0,0,0,0,0,0,11000,0,0,0,11000,0,11000,11000
04519P,國泰金群益94售01,0,0,0,0,0,0,0,0,0,11000,0,0,0,11000,0,11000,11000
044818,可成兆豐93購02  ,0,0,0,0,0,0,0,0,0,11000,0,0,0,11000,0,11000,11000
048691,智伸科群益94購01,0,0,0,0,0,0,0,0,0,11000,0,0,0,17000,6000,11000,11000
048687,旺宏群益96購01  ,0,0,0,0,0,0,0,0,0,11000,0,0,0,11000,0,11000,11000
04398P,致伸群益94售02  ,0,0,0,0,0,0,0,0,0,11000,0,0,0,11000,0,11000,11000
04556P,大成鋼群益94售02,0,0,0,0,0,0,0,0,0,11000,0,0,0,11000,0,11000,11000
04430P,晶相光元大94售04,0,0,0,0,0,0,0,0,0,11000,0,0,0,11000,0,11000,11000
04585P,楠梓電永豐94售02,0,0,0,0,0,0,0,0,0,11000,0,0,0,11000,0,11000,11000
00691R,兆豐藍籌30反1   ,0,0,0,0,0,0,0,0,0,11000,0,0,0,12000,1000,11000,11000
048945,訊連永豐94購01  ,0,0,0,0,0,0,0,0,0,11000,0,0,0,41000,30000,11000,11000
050157,臻鼎群益94購02  ,0,0,0,0,0,0,0,0,0,11000,0,0,0,11000,0,11000,11000
051119,光寶科群益95購01,0,0,0,0,0,0,0,0,0,11000,0,0,0,11000,0,11000,11000
050822,亞光凱基95購01  ,0,0,0,0,0,0,0,0,0,11000,0,0,0,54000,43000,11000,11000
050627,華通中信94購02  ,0,0,0,0,0,0,0,0,0,11000,0,0,0,16000,5000,11000,11000
050686,欣興兆豐96購01  ,0,0,0,0,0,0,0,0,0,11000,0,0,0,41000,30000,11000,11000
051191,可成兆豐96購01  ,0,0,0,0,0,0,0,0,0,11000,0,0,0,11000,0,11000,11000
049835,緯穎凱基94購05  ,0,0,0,0,0,0,0,0,0,11000,0,0,0,11000,0,11000,11000
049878,宏達電永豐94購01,0,0,0,0,0,0,0,0,0,11000,0,0,0,11000,0,11000,11000
051701,華通群益97購01  ,0,0,0,0,0,0,0,0,0,11000,0,0,0,58000,47000,11000,11000
051710,和碩群益95購01  ,0,0,0,0,0,0,0,0,0,11000,0,0,0,11000,0,11000,11000
051711,臻鼎群益95購03  ,0,0,0,0,0,0,0,0,0,11000,0,0,0,11000,0,11000,11000
051070,正崴國票96購01  ,0,0,0,0,0,0,0,0,0,11000,0,0,0,11000,0,11000,11000
049735,台光電群益94購03,0,0,0,0,0,0,0,0,0,11000,0,0,0,42000,31000,11000,11000
049200,元黃金群益98購01,0,0,0,0,0,0,0,0,0,11000,0,0,0,11000,0,11000,11000
049246,大成鋼元大94購02,0,0,0,0,0,0,0,0,0,11000,0,0,0,21000,10000,11000,11000
049128,滬深2X元大97購03,0,0,0,0,0,0,0,0,0,11000,0,0,0,11000,0,11000,11000
051961,泰碩永豐95購01  ,0,0,0,0,0,0,0,0,0,11000,0,0,0,11000,0,11000,11000
052146,泰碩群益95購01  ,0,0,0,0,0,0,0,0,0,11000,0,0,0,11000,0,11000,11000
051862,旺宏凱基95購05  ,0,0,0,0,0,0,0,0,0,11000,0,0,0,16000,5000,11000,11000
052406,力成凱基95購03  ,0,0,0,0,0,0,0,0,0,11000,0,0,0,11000,0,11000,11000
05054P,臻鼎群益95售02  ,0,0,0,0,0,0,0,0,0,11000,0,0,0,21000,10000,11000,11000
049285,宏碁兆豐94購01  ,0,0,0,0,0,0,0,0,0,11000,0,0,0,11000,0,11000,11000
052829,上銀群益96購01  ,0,0,0,0,0,0,0,0,0,11000,0,0,0,11000,0,11000,11000
052981,鴻海元大97購05  ,0,0,0,0,0,0,0,0,0,11000,0,0,0,237000,226000,11000,11000
053012,國巨統一96購03  ,0,0,0,0,0,0,0,0,0,11000,0,0,0,131000,120000,11000,11000
053410,啟碁兆豐96購01  ,0,0,0,0,0,0,0,0,0,11000,0,0,0,11000,0,11000,11000
053784,奇力新元大97購02,0,0,0,0,0,0,0,0,0,11000,0,0,0,50000,39000,11000,11000
053581,台積電元大96購14,0,0,0,0,0,0,0,0,0,11000,0,0,0,196000,185000,11000,11000
054285,國巨元大98購02  ,0,0,0,0,0,0,0,0,0,11000,0,0,0,158000,147000,11000,11000
054378,楠梓電群益98購01,0,0,0,0,0,0,0,0,0,11000,0,0,0,11000,0,11000,11000
054322,國巨台新96購02  ,0,0,0,0,0,0,0,0,0,11000,0,0,0,14000,3000,11000,11000
05453P,智邦群益95售03  ,0,0,0,0,0,0,0,0,0,11000,0,0,0,11000,0,11000,11000
054511,香港反元大98購01,0,0,0,0,0,0,0,0,0,11000,0,0,0,11000,0,11000,11000
054863,億光群益97購01  ,0,0,0,0,0,0,0,0,0,11000,0,0,0,11000,0,11000,11000
055438,鴻海國票98購01  ,0,0,0,0,0,0,0,0,0,11000,0,0,0,11000,0,11000,11000
05527P,聯茂群益96售01  ,0,0,0,0,0,0,0,0,0,11000,0,0,0,11000,0,11000,11000
055264,國巨永豐98購01  ,0,0,0,0,0,0,0,0,0,11000,0,0,0,103000,92000,11000,11000
6166,凌華            ,94000,79000,15000,0,0,0,0,0,0,-4000,0,0,0,0,4000,-4000,11000
06608P,立積群益99售02  ,0,0,0,0,0,0,0,0,0,11000,0,0,0,11000,0,11000,11000
06307P,聚陽元富97售02  ,0,0,0,0,0,0,0,0,0,11000,0,0,0,11000,0,11000,11000
06089P,矽創永豐97售01  ,0,0,0,0,0,0,0,0,0,11000,0,0,0,27000,16000,11000,11000
1435,中福            ,11000,0,11000,0,0,0,0,0,0,0,0,0,0,0,0,0,11000
055686,致伸凱基97購02  ,0,0,0,0,0,0,0,0,0,10000,0,0,0,10000,0,10000,10000
055814,晶豪科國票97購02,0,0,0,0,0,0,0,0,0,10000,0,0,0,30000,20000,10000,10000
055742,健策元富97購02  ,0,0,0,0,0,0,0,0,0,10000,0,0,0,51000,41000,10000,10000
055748,GIS元富97購01   ,0,0,0,0,0,0,0,0,0,10000,0,0,0,31000,21000,10000,10000
055599,TPK元大97購01   ,0,0,0,0,0,0,0,0,0,10000,0,0,0,242000,232000,10000,10000
055591,全新元大98購01  ,0,0,0,0,0,0,0,0,0,10000,0,0,0,17000,7000,10000,10000
055878,泰碩元富97購02  ,0,0,0,0,0,0,0,0,0,10000,0,0,0,10000,0,10000,10000
055874,中環元富9A購01  ,0,0,0,0,0,0,0,0,0,10000,0,0,0,10000,0,10000,10000
055950,華新元大97購02  ,0,0,0,0,0,0,0,0,0,10000,0,0,0,10000,0,10000,10000
056032,勤誠康和97購03  ,0,0,0,0,0,0,0,0,0,10000,0,0,0,30000,20000,10000,10000
056029,國巨麥證98購01  ,0,0,0,30000,20000,10000,0,0,0,10000,0,0,0,30000,20000,10000,10000
056021,興富發群益97購01,0,0,0,0,0,0,0,0,0,10000,0,0,0,10000,0,10000,10000
056097,訊芯元富97購02  ,0,0,0,0,0,0,0,0,0,10000,0,0,0,10000,0,10000,10000
056227,奇力新凱基98購04,0,0,0,0,0,0,0,0,0,10000,0,0,0,12000,2000,10000,10000
056233,超眾凱基97購02  ,0,0,0,0,0,0,0,0,0,10000,0,0,0,10000,0,10000,10000
056170,鴻海元富97購09  ,0,0,0,0,0,0,0,0,0,10000,0,0,0,20000,10000,10000,10000
056174,億光元富97購01  ,0,0,0,0,0,0,0,0,0,10000,0,0,0,20000,10000,10000,10000
056336,南亞科凱基98購02,0,0,0,0,0,0,0,0,0,10000,0,0,0,22000,12000,10000,10000
056343,高鐵凱基98購02  ,0,0,0,0,0,0,0,0,0,10000,0,0,0,10000,0,10000,10000
056387,智伸科國泰99購01,0,0,0,0,0,0,0,0,0,10000,0,0,0,10000,0,10000,10000
056406,建準國票99購01  ,0,0,0,0,0,0,0,0,0,10000,0,0,0,10000,0,10000,10000
056393,精元永豐98購01  ,0,0,0,0,0,0,0,0,0,10000,0,0,0,10000,0,10000,10000
05639P,欣興統一97售01  ,0,0,0,0,0,0,0,0,0,10000,0,0,0,15000,5000,10000,10000
056454,欣興凱基98購02  ,0,0,0,0,0,0,0,0,0,10000,0,0,0,10000,0,10000,10000
056496,康控國泰99購01  ,0,0,0,0,0,0,0,0,0,10000,0,0,0,27000,17000,10000,10000
056734,國巨凱基99購01  ,0,0,0,0,0,0,0,0,0,10000,0,0,0,10000,0,10000,10000
05672P,鴻海群益96售03  ,0,0,0,0,0,0,0,0,0,10000,0,0,0,20000,10000,10000,10000
056749,滬深2X兆豐99購01,0,0,0,0,0,0,0,0,0,10000,0,0,0,10000,0,10000,10000
056627,訊芯永豐98購01  ,0,0,0,0,0,0,0,0,0,10000,0,0,0,10000,0,10000,10000
056654,元油2X元大98購02,0,0,0,0,0,0,0,0,0,10000,0,0,0,30000,20000,10000,10000
056801,國巨台新98購01  ,0,0,0,0,0,0,0,0,0,10000,0,0,0,10000,0,10000,10000
05699P,茂林凱基96售05  ,0,0,0,0,0,0,0,0,0,10000,0,0,0,10000,0,10000,10000
05706P,TPK永豐96售02   ,0,0,0,0,0,0,0,0,0,10000,0,0,0,10000,0,10000,10000
056943,華通統一99購01  ,0,0,0,0,0,0,0,0,0,10000,0,0,0,10000,0,10000,10000
056938,泰碩元富98購01  ,0,0,0,0,0,0,0,0,0,10000,0,0,0,10000,0,10000,10000
056983,大立光群益99購02,0,0,0,0,0,0,0,0,0,10000,0,0,0,10000,0,10000,10000
057337,聯發科國票99購02,0,0,0,0,0,0,0,0,0,10000,0,0,0,10000,0,10000,10000
057332,旺宏國票99購03  ,0,0,0,0,0,0,0,0,0,10000,0,0,0,10000,0,10000,10000
057366,智邦元大98購08  ,0,0,0,0,0,0,0,0,0,10000,0,0,0,57000,47000,10000,10000
057117,開發金日盛9B購01,0,0,0,0,0,0,0,0,0,10000,0,0,0,10000,0,10000,10000
057150,貿聯國票99購02  ,0,0,0,0,0,0,0,0,0,10000,0,0,0,40000,30000,10000,10000
057203,麗豐元富98購02  ,0,0,0,0,0,0,0,0,0,10000,0,0,0,10000,0,10000,10000
05909P,康友元富96售02  ,0,0,0,0,0,0,0,0,0,10000,0,0,0,10000,0,10000,10000
06037P,超眾國票98售02  ,0,0,0,0,0,0,0,0,0,10000,0,0,0,10000,0,10000,10000
06021P,世紀鋼元富96售03,0,0,0,0,0,0,0,0,0,10000,0,0,0,10000,0,10000,10000
05797P,臺股指群益96售11,0,0,0,0,0,0,0,0,0,10000,0,0,0,30000,20000,10000,10000
05837P,臺股指富邦96售04,0,0,0,0,0,0,0,0,0,10000,0,0,0,30000,20000,10000,10000
05853P,欣興群益96售05  ,0,0,0,0,0,0,0,0,0,10000,0,0,0,10000,0,10000,10000
05869P,旺宏凱基96售05  ,0,0,0,0,0,0,0,0,0,10000,0,0,0,58000,48000,10000,10000
05770P,聯發科凱基96售16,0,0,0,0,0,0,0,0,0,10000,0,0,0,10000,0,10000,10000
05773P,臺股指凱基99售03,0,0,0,0,0,0,0,0,0,10000,0,0,0,10000,0,10000,10000
057424,訊芯凱基98購04  ,0,0,0,0,0,0,0,0,0,10000,0,0,0,10000,0,10000,10000
057419,奇力新凱基98購06,0,0,0,0,0,0,0,0,0,10000,0,0,0,10000,0,10000,10000
057406,茂林群益98購03  ,0,0,0,0,0,0,0,0,0,10000,0,0,0,93000,83000,10000,10000
057520,元油2X元大98購15,0,0,0,0,0,0,0,0,0,10000,0,0,0,10000,0,10000,10000
057488,聯發科元大99購02,0,0,0,0,0,0,0,0,0,10000,0,0,0,148000,138000,10000,10000
05750P,臺股指群益99售04,0,0,0,0,0,0,0,0,0,10000,0,0,0,10000,0,10000,10000
050143,臻鼎元富94購05  ,0,0,0,0,0,0,0,0,0,10000,0,0,0,10000,0,10000,10000
049487,智邦元大94購03  ,0,0,0,0,0,0,0,0,0,10000,0,0,0,10000,0,10000,10000
049480,同欣電永豐94購01,0,0,0,0,0,0,0,0,0,10000,0,0,0,10000,0,10000,10000
052208,力成麥證95購01  ,0,0,0,20000,10000,10000,0,0,0,10000,0,0,0,20000,10000,10000,10000
052252,大立光永豐95購03,0,0,0,0,0,0,0,0,0,10000,0,0,0,10000,0,10000,10000
052238,智易國票96購01  ,0,350000,-350000,0,0,0,0,0,0,360000,0,0,0,370000,10000,360000,10000
048907,高鐵富邦94購01  ,0,0,0,0,0,0,0,0,0,10000,0,0,0,10000,0,10000,10000
048086,鴻海凱基93購33  ,0,0,0,0,0,0,0,0,0,10000,0,0,0,10000,0,10000,10000
048075,美利達元富93購02,0,0,0,0,0,0,0,0,0,10000,0,0,0,20000,10000,10000,10000
048092,聯發科凱基93購29,0,0,0,0,0,0,0,0,0,10000,0,0,0,10000,0,10000,10000
048576,義隆國泰95購01  ,0,0,0,0,0,0,0,0,0,10000,0,0,0,10000,0,10000,10000
048558,漢唐元大93購06  ,0,0,0,0,0,0,0,0,0,10000,0,0,0,10000,0,10000,10000
048404,大立光群益93購11,0,0,0,0,0,0,0,0,0,10000,0,0,0,10000,0,10000,10000
047994,亞德客元大93購03,0,0,0,0,0,0,0,0,0,10000,0,0,0,11000,1000,10000,10000
047991,元油反元大96購05,0,0,0,0,0,0,0,0,0,10000,0,0,0,10000,0,10000,10000
047219,美律麥證94購01  ,0,0,0,30000,20000,10000,0,0,0,10000,0,0,0,30000,20000,10000,10000
047138,智伸科凱基93購04,0,0,0,0,0,0,0,0,0,10000,0,0,0,10000,0,10000,10000
046942,友達元大99購01  ,0,0,0,0,0,0,0,0,0,10000,0,0,0,10000,0,10000,10000
046906,新光金凱基99購02,0,0,0,0,0,0,0,0,0,10000,0,0,0,10000,0,10000,10000
046872,全新元富93購02  ,0,0,0,0,0,0,0,0,0,10000,0,0,0,10000,0,10000,10000
046865,鴻海統一95購01  ,0,0,0,0,0,0,0,0,0,10000,0,0,0,10000,0,10000,10000
048295,泰鼎群益93購01  ,0,0,0,0,0,0,0,0,0,10000,0,0,0,43000,33000,10000,10000
048283,亞德客中信94購01,0,0,0,0,0,0,0,0,0,10000,0,0,0,20000,10000,10000,10000
048185,台郡群益93購04  ,0,0,0,0,0,0,0,0,0,10000,0,0,0,10000,0,10000,10000
048842,矽格凱基94購01  ,0,0,0,0,0,0,0,0,0,10000,0,0,0,10000,0,10000,10000
048831,玉晶光凱基95購01,0,0,0,0,0,0,0,0,0,10000,0,0,0,38000,28000,10000,10000
048018,南亞科麥證93購01,0,0,0,10000,0,10000,0,0,0,10000,0,0,0,10000,0,10000,10000
047234,晶技凱基93購01  ,0,0,0,0,0,0,0,0,0,10000,0,0,0,20000,10000,10000,10000
047235,嘉澤凱基93購01  ,0,0,0,0,0,0,0,0,0,10000,0,0,0,10000,0,10000,10000
047236,智伸科凱基93購05,0,0,0,0,0,0,0,0,0,10000,0,0,0,10000,0,10000,10000
047295,欣興元富96購02  ,0,0,0,0,0,0,0,0,0,10000,0,0,0,10000,0,10000,10000
047310,鴻海元大93購14  ,0,0,0,0,0,0,0,0,0,10000,0,0,0,10000,0,10000,10000
047316,大立光元大94購01,0,0,0,0,0,0,0,0,0,10000,0,0,0,20000,10000,10000,10000
047322,日月光元大93購04,0,0,0,0,0,0,0,0,0,10000,0,0,0,10000,0,10000,10000
047564,滬深2X國票99購01,0,0,0,0,0,0,0,0,0,10000,0,0,0,10000,0,10000,10000
047559,彩晶凱基94購03  ,0,0,0,0,0,0,0,0,0,10000,0,0,0,10000,0,10000,10000
047543,鴻海凱基94購09  ,0,0,0,0,0,0,0,0,0,10000,0,0,0,10000,0,10000,10000
047509,技嘉國票93購01  ,0,0,0,0,0,0,0,0,0,10000,0,0,0,10000,0,10000,10000
046750,鴻海凱基93購17  ,0,0,0,0,0,0,0,0,0,10000,0,0,0,20000,10000,10000,10000
047040,台勝科群益93購01,0,0,0,0,0,0,0,0,0,10000,0,0,0,10000,0,10000,10000
047020,智邦元大93購04  ,0,0,0,0,0,0,0,0,0,10000,0,0,0,10000,0,10000,10000
047000,和大統一93購01  ,0,0,0,0,0,0,0,0,0,10000,0,0,0,10000,0,10000,10000
046956,矽力國票93購01  ,0,0,0,0,0,0,0,0,0,10000,0,0,0,10000,0,10000,10000
046978,復盛永豐93購01  ,0,0,0,0,0,0,0,0,0,10000,0,0,0,10000,0,10000,10000
04697P,臺股指元富94售03,0,0,0,0,0,0,0,0,0,10000,0,0,0,10000,0,10000,10000
046965,復盛中信93購01  ,0,0,0,0,0,0,0,0,0,10000,0,0,0,30000,20000,10000,10000
04783P,貿聯元富94售01  ,0,0,0,0,0,0,0,0,0,10000,0,0,0,10000,0,10000,10000
048728,台達電麥證94購01,0,0,0,10000,0,10000,0,0,0,10000,0,0,0,10000,0,10000,10000
048735,美利達麥證95購01,0,0,0,10000,0,10000,0,0,0,10000,0,0,0,10000,0,10000,10000
048778,聯茂凱基94購04  ,0,0,0,0,0,0,0,0,0,10000,0,0,0,10000,0,10000,10000
03243P,台積電統一02售08,0,0,0,0,0,0,0,0,0,10000,0,0,0,10000,0,10000,10000
042037,台灣50群益93購03,0,0,0,0,0,0,0,0,0,10000,0,0,0,10000,0,10000,10000
045854,貿聯富邦93購01  ,0,0,0,0,0,0,0,0,0,10000,0,0,0,10000,0,10000,10000
045906,鴻海中信94購01  ,0,0,0,0,0,0,0,0,0,10000,0,0,0,30000,20000,10000,10000
03953P,易華電凱基94售01,0,0,0,0,0,0,0,0,0,10000,0,0,0,10000,0,10000,10000
03893P,為升凱基93售03  ,0,0,0,0,0,0,0,0,0,10000,0,0,0,10000,0,10000,10000
03659C,元油2X元大98牛13,0,0,0,0,0,0,0,0,0,10000,0,0,0,10000,0,10000,10000
046458,大立光凱基92購11,0,0,0,0,0,0,0,0,0,10000,0,0,0,10000,0,10000,10000
046482,超眾元富92購03  ,0,0,0,0,0,0,0,0,0,10000,0,0,0,10000,0,10000,10000
046339,訊芯中信92購01  ,0,0,0,0,0,0,0,0,0,10000,0,0,0,10000,0,10000,10000
045995,台表科富邦93購01,0,0,0,0,0,0,0,0,0,10000,0,0,0,10000,0,10000,10000
044377,南茂兆豐93購01  ,0,0,0,0,0,0,0,0,0,10000,0,0,0,10000,0,10000,10000
044463,全新兆豐93購01  ,0,0,0,0,0,0,0,0,0,10000,0,0,0,10000,0,10000,10000
046650,台表科國泰94購01,0,0,0,0,0,0,0,0,0,10000,0,0,0,20000,10000,10000,10000
046651,TPK富邦94購02   ,0,0,0,0,0,0,0,0,0,10000,0,0,0,10000,0,10000,10000
046620,智伸科凱基93購01,0,0,0,0,0,0,0,0,0,10000,0,0,0,10000,0,10000,10000
046578,聯電元大92購01  ,0,0,0,0,0,0,0,0,0,10000,0,0,0,10000,0,10000,10000
046522,樺漢元大92購03  ,0,0,0,0,0,0,0,0,0,10000,0,0,0,10000,0,10000,10000
04654P,臺股指凱基94售13,0,0,0,0,0,0,0,0,0,10000,0,0,0,10000,0,10000,10000
046492,旺宏富邦94購02  ,0,0,0,0,0,0,0,0,0,10000,0,0,0,30000,20000,10000,10000
044025,台表科凱基93購02,0,0,0,0,0,0,0,0,0,10000,0,0,0,10000,0,10000,10000
046695,瑞昱凱基93購03  ,0,0,0,0,0,0,0,0,0,10000,0,0,0,10000,0,10000,10000
044997,信邦國泰93購01  ,0,0,0,0,0,0,0,0,0,10000,0,0,0,10000,0,10000,10000
045073,可成元大93購01  ,0,0,0,0,0,0,0,0,0,10000,0,0,0,60000,50000,10000,10000
044941,鴻海群益93購01  ,0,0,0,0,0,0,0,0,0,10000,0,0,0,10000,0,10000,10000
048678,統一富邦93購01  ,0,0,0,0,0,0,0,0,0,10000,0,0,0,20000,10000,10000,10000
047818,台郡凱基93購04  ,0,0,0,0,0,0,0,0,0,10000,0,0,0,10000,0,10000,10000
048658,鴻海統一93購09  ,0,0,0,0,0,0,0,0,0,10000,0,0,0,10000,0,10000,10000
047871,健策永豐93購02  ,0,0,0,0,0,0,0,0,0,10000,0,0,0,10000,0,10000,10000
047872,貿聯永豐93購02  ,0,0,0,0,0,0,0,0,0,10000,0,0,0,10000,0,10000,10000
047788,欣興群益93購05  ,0,0,0,0,0,0,0,0,0,10000,0,0,0,25000,15000,10000,10000
047799,技嘉兆豐93購01  ,0,0,0,0,0,0,0,0,0,10000,0,0,0,20000,10000,10000,10000
047759,復盛元富93購01  ,0,0,0,0,0,0,0,0,0,10000,0,0,0,10000,0,10000,10000
047761,亞德客元大93購02,0,0,0,0,0,0,0,0,0,10000,0,0,0,10000,0,10000,10000
047710,聯發科凱基93購21,0,0,0,0,0,0,0,0,0,10000,0,0,0,10000,0,10000,10000
047718,達興凱基94購01  ,0,0,0,0,0,0,0,0,0,10000,0,0,0,10000,0,10000,10000
044900,建準凱基93購01  ,0,0,0,0,0,0,0,0,0,10000,0,0,0,10000,0,10000,10000
04474P,聯發科元大94售03,0,0,0,0,0,0,0,0,0,10000,0,0,0,100000,90000,10000,10000
04529P,正文凱基94售04  ,0,0,0,0,0,0,0,0,0,10000,0,0,0,10000,0,10000,10000
045386,新光金元大93購02,0,0,0,0,0,0,0,0,0,10000,0,0,0,10000,0,10000,10000
04532P,臺股指凱基94售04,0,0,0,0,0,0,0,0,0,10000,0,0,0,10000,0,10000,10000
047634,亞德客元大93購01,0,0,0,0,0,0,0,0,0,10000,0,0,0,10000,0,10000,10000
047635,華新元大93購01  ,0,0,0,0,0,0,0,0,0,10000,0,0,0,10000,0,10000,10000
047644,揚明光元大94購02,0,0,0,0,0,0,0,0,0,10000,0,0,0,10000,0,10000,10000
047649,啟碁元大93購07  ,0,0,0,0,0,0,0,0,0,10000,0,0,0,10000,0,10000,10000
047661,滬深2X永豐96購01,0,0,0,0,0,0,0,0,0,10000,0,0,0,10000,0,10000,10000
045470,康控元大94購03  ,0,0,0,0,0,0,0,0,0,10000,0,0,0,10000,0,10000,10000
047595,元石油元富97購01,0,0,0,0,0,0,0,0,0,10000,0,0,0,10000,0,10000,10000
052846,智邦統一97購01  ,0,0,0,0,0,0,0,0,0,10000,0,0,0,10000,0,10000,10000
052688,新日興元大96購01,0,0,0,0,0,0,0,0,0,10000,0,0,0,22000,12000,10000,10000
052727,仁寶元富96購01  ,0,0,0,0,0,0,0,0,0,10000,0,0,0,20000,10000,10000,10000
05271P,國巨富邦97售01  ,0,0,0,0,0,0,0,0,0,10000,0,0,0,31000,21000,10000,10000
052570,華新科凱基96購06,0,0,0,0,0,0,0,0,0,10000,0,0,0,10000,0,10000,10000
053325,GIS群益96購02   ,0,0,0,0,0,0,0,0,0,10000,0,0,0,10000,0,10000,10000
053312,緯穎凱基96購02  ,0,0,0,0,0,0,0,0,0,10000,0,0,0,10000,0,10000,10000
049337,台達電統一94購03,0,0,0,0,0,0,0,0,0,10000,0,0,0,10000,0,10000,10000
049399,台光電群益94購02,0,0,0,0,0,0,0,0,0,10000,0,0,0,10000,0,10000,10000
051999,勤誠元大95購01  ,0,0,0,0,0,0,0,0,0,10000,0,0,0,10000,0,10000,10000
050549,慧洋凱基95購01  ,0,0,0,0,0,0,0,0,0,10000,0,0,0,10000,0,10000,10000
050596,昇陽半永豐94購03,0,0,0,0,0,0,0,0,0,10000,0,0,0,10000,0,10000,10000
051310,台達電麥證95購01,0,0,0,20000,10000,10000,0,0,0,10000,0,0,0,20000,10000,10000,10000
051348,國巨元大95購07  ,0,0,0,0,0,0,0,0,0,10000,0,0,0,10000,0,10000,10000
051356,全新元大96購04  ,0,0,0,0,0,0,0,0,0,10000,0,0,0,10000,0,10000,10000
051357,可成元大95購05  ,0,0,0,0,0,0,0,0,0,10000,0,0,0,265000,255000,10000,10000
051317,亞德客國票96購01,0,0,0,0,0,0,0,0,0,10000,0,0,0,31000,21000,10000,10000
051424,緯穎國票97購01  ,0,0,0,0,0,0,0,0,0,10000,0,0,0,13000,3000,10000,10000
051887,上証2X元富98購01,0,0,0,0,0,0,0,0,0,10000,0,0,0,10000,0,10000,10000
051910,大立光元大97購01,0,0,0,0,0,0,0,0,0,10000,0,0,0,10000,0,10000,10000
051666,旺宏元大96購05  ,0,0,0,0,0,0,0,0,0,10000,0,0,0,10000,0,10000,10000
051389,台達電兆豐95購01,0,0,0,0,0,0,0,0,0,10000,0,0,0,10000,0,10000,10000
049614,聯茂中信94購01  ,0,0,0,0,0,0,0,0,0,10000,0,0,0,10000,0,10000,10000
04964P,鴻海元大94售26  ,0,0,0,0,0,0,0,0,0,10000,0,0,0,12000,2000,10000,10000
051994,瀚宇博元大96購01,0,0,0,0,0,0,0,0,0,10000,0,0,0,10000,0,10000,10000
04924P,元油2X元大94售12,0,0,0,0,0,0,0,0,0,10000,0,0,0,10000,0,10000,10000
049262,大立光元大94購09,0,0,0,0,0,0,0,0,0,10000,0,0,0,10000,0,10000,10000
049270,台表科元大95購02,0,0,0,0,0,0,0,0,0,10000,0,0,0,10000,0,10000,10000
04923P,GIS凱基94售06   ,0,0,0,0,0,0,0,0,0,10000,0,0,0,10000,0,10000,10000
051931,美律國票96購02  ,0,0,0,0,0,0,0,0,0,10000,0,0,0,20000,10000,10000,10000
051283,亞德客統一95購01,0,0,0,0,0,0,0,0,0,10000,0,0,0,10000,0,10000,10000
051256,中磊元大95購01  ,0,0,0,0,0,0,0,0,0,10000,0,0,0,10000,0,10000,10000
050514,聯電元大94購01  ,0,0,0,0,0,0,0,0,0,10000,0,0,0,10000,0,10000,10000
050436,大立光凱基94購18,0,0,0,0,0,0,0,0,0,10000,0,0,0,10000,0,10000,10000
050458,台郡元大94購03  ,0,0,0,0,0,0,0,0,0,10000,0,0,0,10000,0,10000,10000
049759,元黃金富邦9A購01,0,0,0,0,0,0,0,0,0,10000,0,0,0,10000,0,10000,10000
049713,鴻海凱基94購17  ,0,0,0,0,0,0,0,0,0,10000,0,0,0,27000,17000,10000,10000
050312,大立光兆豐94購04,0,0,0,0,0,0,0,0,0,10000,0,0,0,10000,0,10000,10000
049507,和大凱基94購01  ,0,0,0,0,0,0,0,0,0,10000,0,0,0,10000,0,10000,10000
050356,緯穎群益94購05  ,0,0,0,0,0,0,0,0,0,10000,0,0,0,22000,12000,10000,10000
049935,南電元大94購08  ,0,0,0,0,0,0,0,0,0,10000,0,0,0,446000,436000,10000,10000
049913,微星元大94購01  ,0,0,0,0,0,0,0,0,0,10000,0,0,0,16000,6000,10000,10000
050044,聯詠兆豐94購02  ,0,0,0,0,0,0,0,0,0,10000,0,0,0,20000,10000,10000,10000
050039,鴻海中信94購03  ,0,0,0,0,0,0,0,0,0,10000,0,0,0,30000,20000,10000,10000
051071,聯發科國票96購01,0,0,0,0,0,0,0,0,0,10000,0,0,0,10000,0,10000,10000
050211,貿聯國票95購01  ,0,0,0,0,0,0,0,0,0,10000,0,0,0,20000,10000,10000,10000
050235,國巨凱基94購11  ,0,0,0,0,0,0,0,0,0,10000,0,0,0,10000,0,10000,10000
051702,鴻海群益95購08  ,0,0,0,0,0,0,0,0,0,10000,0,0,0,10000,0,10000,10000
051733,中環國票96購02  ,0,0,0,0,0,0,0,0,0,10000,0,0,0,10000,0,10000,10000
051725,緯穎永豐95購02  ,0,0,0,0,0,0,0,0,0,10000,0,0,0,10000,0,10000,10000
052037,全新國泰96購02  ,0,0,0,0,0,0,0,0,0,10000,0,0,0,13000,3000,10000,10000
049874,全新康和94購01  ,0,0,0,0,0,0,0,0,0,10000,0,0,0,10000,0,10000,10000
049868,傳奇兆豐94購01  ,0,0,0,0,0,0,0,0,0,10000,0,0,0,10000,0,10000,10000
049860,亞德客兆豐94購01,0,0,0,0,0,0,0,0,0,10000,0,0,0,10000,0,10000,10000
04984P,臺股指康和94售04,0,0,0,0,0,0,0,0,0,10000,0,0,0,10000,0,10000,10000
05175P,TPK富邦99售01   ,0,0,0,0,0,0,0,0,0,10000,0,0,0,20000,10000,10000,10000
051209,百和麥證95購01  ,0,0,0,10000,0,10000,0,0,0,10000,0,0,0,10000,0,10000,10000
051436,訊芯元富95購01  ,0,0,0,0,0,0,0,0,0,10000,0,0,0,10000,0,10000,10000
051766,泰鼎元大95購02  ,0,0,0,0,0,0,0,0,0,10000,0,0,0,10000,0,10000,10000
051529,東元國票96購01  ,0,0,0,0,0,0,0,0,0,10000,0,0,0,10000,0,10000,10000
050656,瑞儀凱基96購01  ,0,0,0,0,0,0,0,0,0,10000,0,0,0,10000,0,10000,10000
050969,台郡永豐95購01  ,0,0,0,0,0,0,0,0,0,10000,0,0,0,10000,0,10000,10000
050979,鴻海元富96購02  ,0,0,0,0,0,0,0,0,0,10000,0,0,0,20000,10000,10000,10000
05087P,GIS國泰96售01   ,0,0,0,0,0,0,0,0,0,10000,0,0,0,10000,0,10000,10000
050913,全新中信97購01  ,0,0,0,0,0,0,0,0,0,10000,0,0,0,10000,0,10000,10000
050929,中磊凱基95購01  ,0,0,0,0,0,0,0,0,0,10000,0,0,0,10000,0,10000,10000
050920,旺宏凱基95購01  ,0,0,0,0,0,0,0,0,0,10000,0,0,0,35000,25000,10000,10000
050815,南亞科凱基95購01,0,0,0,0,0,0,0,0,0,10000,0,0,0,14000,4000,10000,10000
050785,全新國泰96購01  ,0,0,0,0,0,0,0,0,0,10000,0,0,0,13000,3000,10000,10000
050786,健策國泰96購01  ,0,0,0,0,0,0,0,0,0,10000,0,0,0,10000,0,10000,10000
051146,旺宏凱基95購04  ,0,0,0,0,0,0,0,0,0,10000,0,0,0,10000,0,10000,10000
050722,聯電國票96購01  ,0,0,0,0,0,0,0,0,0,10000,0,0,0,20000,10000,10000,10000
050712,和碩中信94購01  ,0,0,0,0,0,0,0,0,0,10000,0,0,0,10000,0,10000,10000
05526P,茂林群益96售03  ,0,0,0,0,0,0,0,0,0,10000,0,0,0,10000,0,10000,10000
055284,全新元大99購01  ,0,0,0,0,0,0,0,0,0,10000,0,0,0,10000,0,10000,10000
05544P,台表科元富96售01,0,0,0,0,0,0,0,0,0,10000,0,0,0,10000,0,10000,10000
055400,緯穎統一97購01  ,0,0,0,0,0,0,0,0,0,10000,0,0,0,10000,0,10000,10000
055514,亞光麥證97購01  ,0,0,0,10000,0,10000,0,0,0,10000,0,0,0,10000,0,10000,10000
054939,台積電元大97購15,0,0,0,0,0,0,0,0,0,10000,0,0,0,282000,272000,10000,10000
054903,億光康和97購02  ,0,0,0,0,0,0,0,0,0,10000,0,0,0,10000,0,10000,10000
054925,神達凱基97購01  ,0,0,0,0,0,0,0,0,0,10000,0,0,0,542000,532000,10000,10000
05502P,台表科國票97售01,0,0,0,0,0,0,0,0,0,10000,0,0,0,72000,62000,10000,10000
055037,宏盛富邦99購01  ,0,0,0,0,0,0,0,0,0,10000,0,0,0,10000,0,10000,10000
05520P,聯詠凱基96售01  ,0,0,0,0,0,0,0,0,0,10000,0,0,0,20000,10000,10000,10000
055223,和大國票98購01  ,0,0,0,0,0,0,0,0,0,10000,0,0,0,11000,1000,10000,10000
055162,新唐元大97購01  ,0,0,0,0,0,0,0,0,0,10000,0,0,0,10000,0,10000,10000
055113,大立光凱基98購06,0,0,0,0,0,0,0,0,0,10000,0,0,0,120000,110000,10000,10000
055146,華通元大98購04  ,0,0,0,0,0,0,0,0,0,10000,0,0,0,53000,43000,10000,10000
054793,牧德群益9A購01  ,0,0,0,0,0,0,0,0,0,10000,0,0,0,68000,58000,10000,10000
054802,高股息元大97購01,0,0,0,0,0,0,0,0,0,10000,0,0,0,10000,0,10000,10000
054766,智原國票98購01  ,0,0,0,0,0,0,0,0,0,10000,0,0,0,10000,0,10000,10000
054730,上証2X凱基98購02,0,0,0,0,0,0,0,0,0,10000,0,0,0,10000,0,10000,10000
054586,健鼎國泰99購01  ,0,0,0,0,0,0,0,0,0,10000,0,0,0,10000,0,10000,10000
054566,貿聯群益97購02  ,0,0,0,0,0,0,0,0,0,10000,0,0,0,10000,0,10000,10000
054707,聯茂亞東97購01  ,0,0,0,0,0,0,0,0,0,10000,0,0,0,10000,0,10000,10000
054488,禾伸堂台新96購01,0,0,0,0,0,0,0,0,0,10000,0,0,0,185000,175000,10000,10000
054539,欣興國票98購01  ,0,0,0,0,0,0,0,0,0,10000,0,0,0,10000,0,10000,10000
054435,華新科台新97購02,0,0,0,0,0,0,0,0,0,10000,0,0,0,10000,0,10000,10000
054327,亞光台新96購02  ,0,0,0,0,0,0,0,0,0,10000,0,0,0,10000,0,10000,10000
054300,華通凱基96購07  ,0,0,0,0,0,0,0,0,0,10000,0,0,0,21000,11000,10000,10000
054298,台表科元大97購03,0,0,0,0,0,0,0,0,0,10000,0,0,0,10000,0,10000,10000
054255,亞光元大96購05  ,0,0,0,0,0,0,0,0,0,10000,0,0,0,49000,39000,10000,10000
053612,T50反1群益96購01,0,0,0,0,0,0,0,0,0,10000,0,0,0,80000,70000,10000,10000
053652,友達凱基98購04  ,0,0,0,0,0,0,0,0,0,10000,0,0,0,10000,0,10000,10000
05367P,鴻海元富95售13  ,0,0,0,0,0,0,0,0,0,10000,0,0,0,10000,0,10000,10000
053788,泰鼎元大97購01  ,0,0,0,0,0,0,0,0,0,10000,0,0,0,24000,14000,10000,10000
05383P,鴻海富邦95售06  ,0,0,0,0,0,0,0,0,0,10000,0,0,0,10000,0,10000,10000
05382P,電子類群益95售02,0,0,0,0,0,0,0,0,0,10000,0,0,0,15000,5000,10000,10000
05380P,鴻海群益95售11  ,0,0,0,0,0,0,0,0,0,10000,0,0,0,10000,0,10000,10000
053858,台達電元大96購05,0,0,0,0,0,0,0,0,0,10000,0,0,0,10000,0,10000,10000
054054,光磊國票97購02  ,0,0,0,0,0,0,0,0,0,10000,0,0,0,10000,0,10000,10000
054010,致伸元富96購01  ,0,0,0,0,0,0,0,0,0,10000,0,0,0,20000,10000,10000,10000
053910,嘉聯益凱基98購01,0,0,0,0,0,0,0,0,0,10000,0,0,0,10000,0,10000,10000
054110,群創凱基98購09  ,0,0,0,0,0,0,0,0,0,10000,0,0,0,10000,0,10000,10000
054215,創意國票97購02  ,0,0,0,0,0,0,0,0,0,10000,0,0,0,10000,0,10000,10000
054163,燿華凱基97購02  ,0,0,0,0,0,0,0,0,0,10000,0,0,0,10000,0,10000,10000
054141,TPK元大96購02   ,0,0,0,0,0,0,0,0,0,10000,0,0,0,10000,0,10000,10000
053427,鎧勝永豐96購02  ,0,0,0,0,0,0,0,0,0,10000,0,0,0,25000,15000,10000,10000
053503,臻鼎兆豐97購01  ,0,0,0,0,0,0,0,0,0,10000,0,0,0,10000,0,10000,10000
053538,京鼎永豐96購03  ,0,0,0,0,0,0,0,0,0,10000,0,0,0,10000,0,10000,10000
053488,中石化兆豐97購01,0,0,0,0,0,0,0,0,0,10000,0,0,0,10000,0,10000,10000
053473,聯發科元大96購15,0,0,0,0,0,0,0,0,0,10000,0,0,0,10000,0,10000,10000
052788,開發金中信98購02,0,0,0,0,0,0,0,0,0,10000,0,0,0,10000,0,10000,10000
053205,台光電麥證96購01,0,0,0,56000,44000,12000,0,0,0,10000,0,0,0,60000,50000,10000,10000
052753,電子類元大96購02,0,0,0,0,0,0,0,0,0,10000,0,0,0,10000,0,10000,10000
053268,日月光群益96購01,0,0,0,0,0,0,0,0,0,10000,0,0,0,52000,42000,10000,10000
053002,鴻海永豐96購01  ,0,0,0,0,0,0,0,0,0,10000,0,0,0,15000,5000,10000,10000
052988,智易元大96購02  ,0,100000,-100000,0,0,0,0,0,0,110000,0,0,0,110000,0,110000,10000
05296P,牧德凱基96售01  ,0,0,0,0,0,0,0,0,0,10000,0,0,0,10000,0,10000,10000
052954,大成鋼日盛96購01,0,0,0,0,0,0,0,0,0,10000,0,0,0,10000,0,10000,10000
052909,上銀統一96購01  ,0,0,0,0,0,0,0,0,0,10000,0,0,0,10000,0,10000,10000
052899,和大國票97購01  ,0,0,0,0,0,0,0,0,0,10000,0,0,0,10000,0,10000,10000
053129,緯穎凱基96購01  ,0,0,0,0,0,0,0,0,0,10000,0,0,0,18000,8000,10000,10000
053165,大立光群益96購03,0,0,0,0,0,0,0,0,0,10000,0,0,0,60000,50000,10000,10000
053170,茂林群益96購04  ,0,0,0,0,0,0,0,0,0,10000,0,0,0,52000,42000,10000,10000
2108,南帝            ,181000,171000,10000,0,0,0,0,0,0,0,0,0,0,0,0,0,10000
3048,益登            ,56000,46000,10000,0,0,0,0,0,0,0,0,0,0,0,0,0,10000
3617,碩天            ,23000,13000,10000,0,0,0,0,0,0,0,0,0,0,0,0,0,10000
06108P,奇力新群益97售05,0,0,0,0,0,0,0,0,0,10000,0,0,0,50000,40000,10000,10000
06068P,玉晶光康和97售01,0,0,0,0,0,0,0,0,0,10000,0,0,0,20000,10000,10000,10000
06083P,華通統一98售02  ,0,0,0,0,0,0,0,0,0,10000,0,0,0,10000,0,10000,10000
06295P,國巨元大97售14  ,0,0,0,0,0,0,0,0,0,10000,0,0,0,10000,0,10000,10000
06409P,康友元富97售03  ,0,0,0,0,0,0,0,0,0,10000,0,0,0,10000,0,10000,10000
06605P,玉晶光元富98售03,0,0,0,0,0,0,0,0,0,10000,0,0,0,10000,0,10000,10000
06448P,華通元大99售01  ,0,0,0,0,0,0,0,0,0,10000,0,0,0,35000,25000,10000,10000
06532P,友達元富98售04  ,0,0,0,0,0,0,0,0,0,10000,0,0,0,60000,50000,10000,10000
06675P,國巨國票99售02  ,0,0,0,0,0,0,0,0,0,10000,0,0,0,92000,82000,10000,10000
06830P,臺股指國票98售06,0,0,0,0,0,0,0,0,0,10000,0,0,0,10000,0,10000,10000
06778P,台積電元大99售06,0,0,0,0,0,0,0,0,0,10000,0,0,0,232000,222000,10000,10000
08749P,鴻海台新01售02  ,0,0,0,0,0,0,0,0,0,10000,0,0,0,10000,0,10000,10000
3702A,大聯大甲特      ,0,0,0,0,0,0,0,0,0,10000,10000,0,10000,0,0,0,10000
4438,廣越            ,19000,6000,13000,0,0,0,0,3000,-3000,0,0,0,0,0,0,0,10000
8374,羅昇            ,12000,2000,10000,0,0,0,0,0,0,0,0,0,0,0,0,0,10000
057498,台郡元大98購04  ,0,0,0,0,0,0,0,0,0,9000,0,0,0,57000,48000,9000,9000
057435,旺宏國票99購04  ,0,0,0,0,0,0,0,0,0,9000,0,0,0,9000,0,9000,9000
057646,玉山金元大98購01,0,0,0,0,0,0,0,0,0,9000,0,0,0,9000,0,9000,9000
057195,南茂元大98購01  ,0,0,0,0,0,0,0,0,0,9000,0,0,0,29000,20000,9000,9000
057137,鈺齊凱基98購01  ,0,0,0,0,0,0,0,0,0,9000,0,0,0,9000,0,9000,9000
057367,技嘉元大98購02  ,0,0,0,0,0,0,0,0,0,9000,0,0,0,30000,21000,9000,9000
056970,TPK永豐98購01   ,0,0,0,0,0,0,0,0,0,9000,0,0,0,43000,34000,9000,9000
056670,樺漢國票99購01  ,0,0,0,0,0,0,0,0,0,9000,0,0,0,16000,7000,9000,9000
056762,亞德客元大98購01,0,0,0,0,0,0,0,0,0,9000,0,0,0,58000,49000,9000,9000
056535,全新凱基99購02  ,0,0,0,0,0,0,0,0,0,9000,0,0,0,10000,1000,9000,9000
056533,友達凱基9A購02  ,0,0,0,0,0,0,0,0,0,9000,0,0,0,9000,0,9000,9000
056579,麗豐元大99購01  ,0,0,0,0,0,0,0,0,0,9000,0,0,0,9000,0,9000,9000
05626P,景碩國票97售03  ,0,0,0,0,0,0,0,0,0,9000,0,0,0,34000,25000,9000,9000
056083,億光統一97購03  ,0,0,0,0,0,0,0,0,0,9000,0,0,0,57000,48000,9000,9000
055940,致新群益98購01  ,0,0,0,0,0,0,0,0,0,9000,0,0,0,12000,3000,9000,9000
055958,台光電元大97購02,0,0,0,0,0,0,0,0,0,9000,0,0,0,26000,17000,9000,9000
047643,新光金元大95購02,0,0,0,0,0,0,0,0,0,9000,0,0,0,9000,0,9000,9000
04864P,欣興元大94售10  ,0,0,0,0,0,0,0,0,0,9000,0,0,0,9000,0,9000,9000
03437P,道瓊銀凱基05售03,0,0,0,0,0,0,0,0,0,9000,0,0,0,9000,0,9000,9000
0053,元大電子        ,0,0,0,0,0,0,0,0,0,9000,0,0,0,10000,1000,9000,9000
048698,宏達電國票95購01,0,0,0,0,0,0,0,0,0,9000,0,0,0,45000,36000,9000,9000
047457,旺宏群益95購01  ,0,0,0,0,0,0,0,0,0,9000,0,0,0,120000,111000,9000,9000
046944,奇力新元大96購01,0,0,0,0,0,0,0,0,0,9000,0,0,0,25000,16000,9000,9000
047144,華通群益94購01  ,0,0,0,0,0,0,0,0,0,9000,0,0,0,35000,26000,9000,9000
047984,禾伸堂群益93購01,0,0,0,0,0,0,0,0,0,9000,0,0,0,9000,0,9000,9000
048430,瑞昱國票93購02  ,0,0,0,0,0,0,0,0,0,9000,0,0,0,9000,0,9000,9000
048985,茂林元大94購01  ,0,0,0,0,0,0,0,0,0,9000,0,0,0,10000,1000,9000,9000
052226,旺宏凱基95購06  ,0,0,0,0,0,0,0,0,0,9000,0,0,0,19000,10000,9000,9000
050911,光磊中信98購01  ,0,0,0,0,0,0,0,0,0,9000,0,0,0,9000,0,9000,9000
050702,崇越凱基94購01  ,0,0,0,0,0,0,0,0,0,9000,0,0,0,31000,22000,9000,9000
050703,矽格凱基94購02  ,0,0,0,0,0,0,0,0,0,9000,0,0,0,9000,0,9000,9000
052065,臺股指國票95購12,0,0,0,0,0,0,0,0,0,9000,0,0,0,9000,0,9000,9000
051705,富邦金群益97購01,0,0,0,0,0,0,0,0,0,9000,0,0,0,39000,30000,9000,9000
050239,廣達凱基94購01  ,0,0,0,0,0,0,0,0,0,9000,0,0,0,9000,0,9000,9000
051415,晶技國票96購01  ,0,0,0,0,0,0,0,0,0,9000,0,0,0,56000,47000,9000,9000
052572,群創凱基99購01  ,0,0,0,0,0,0,0,0,0,9000,0,0,0,9000,0,9000,9000
053174,同欣電群益98購02,0,0,0,0,0,0,0,0,0,9000,0,0,0,11000,2000,9000,9000
053121,上証2X凱基9C購01,0,0,0,0,0,0,0,0,0,9000,0,0,0,13000,4000,9000,9000
053134,南亞科國票97購01,0,0,0,0,0,0,0,0,0,9000,0,0,0,20000,11000,9000,9000
053152,大立光元大99購01,0,0,0,0,0,0,0,0,0,9000,0,0,0,50000,41000,9000,9000
053282,彩晶元大9C購01  ,0,0,0,0,0,0,0,0,0,9000,0,0,0,9000,0,9000,9000
052435,滬深2X富邦96購05,0,0,0,0,0,0,0,0,0,9000,0,0,0,29000,20000,9000,9000
05351P,臺股指元富95售05,0,0,0,0,0,0,0,0,0,9000,0,0,0,24000,15000,9000,9000
053919,可成國票97購02  ,0,0,0,0,0,0,0,0,0,9000,0,0,0,9000,0,9000,9000
053629,玉山金兆豐96購01,0,0,0,0,0,0,0,0,0,9000,0,0,0,9000,0,9000,9000
053644,台表科國票97購03,0,0,0,0,0,0,0,0,0,9000,0,0,0,31000,22000,9000,9000
054460,和大凱基97購01  ,0,0,0,0,0,0,0,0,0,9000,0,0,0,96000,87000,9000,9000
054522,康友元大96購07  ,0,0,0,0,0,0,0,0,0,9000,0,0,0,57000,48000,9000,9000
054829,亞光國泰99購01  ,0,0,0,0,0,0,0,0,0,9000,0,0,0,173000,164000,9000,9000
055230,大毅國票98購01  ,0,0,0,0,0,0,0,0,0,9000,0,0,0,20000,11000,9000,9000
055041,致新富邦97購01  ,0,0,0,0,0,0,0,0,0,9000,0,0,0,9000,0,9000,9000
054909,福懋科康和97購01,0,0,0,0,0,0,0,0,0,9000,0,0,0,9000,0,9000,9000
055486,國巨元大98購06  ,0,0,0,0,0,0,0,0,0,9000,0,0,0,256000,247000,9000,9000
6477,安集            ,25000,16000,9000,0,0,0,0,0,0,0,0,0,0,0,0,0,9000
6128,上福            ,13000,4000,9000,0,0,0,0,0,0,0,0,0,0,0,0,0,9000
5234,達興材料        ,58000,49000,9000,0,0,0,0,0,0,0,0,0,0,0,0,0,9000
06751P,旺宏凱基98售10  ,0,0,0,0,0,0,0,0,0,9000,0,0,0,64000,55000,9000,9000
06494P,鴻海永昌98售03  ,0,0,0,0,0,0,0,0,0,9000,0,0,0,9000,0,9000,9000
06278P,臺股指凱基97售10,0,0,0,0,0,0,0,0,0,9000,0,0,0,194000,185000,9000,9000
06115P,台積電統一97售04,0,0,0,0,0,0,0,0,0,9000,0,0,0,41000,32000,9000,9000
06141P,大立光日盛97售01,0,0,0,0,0,0,0,0,0,9000,0,0,0,10000,1000,9000,9000
3164,景岳            ,12000,3000,9000,0,0,0,0,0,0,0,0,0,0,0,0,0,9000
2882A,國泰特          ,0,2000,-2000,0,0,0,0,0,0,11000,11000,0,11000,0,0,0,9000
056375,玉晶光統一01購01,0,0,0,0,0,0,0,0,0,8000,0,0,0,8000,0,8000,8000
056571,燿華元大98購02  ,0,0,0,0,0,0,0,0,0,8000,0,0,0,23000,15000,8000,8000
056694,欣興群益98購04  ,0,0,0,0,0,0,0,0,0,8000,0,0,0,39000,31000,8000,8000
056673,中石化元富9B購01,0,0,0,0,0,0,0,0,0,8000,0,0,0,8000,0,8000,8000
056772,欣興元大99購01  ,0,0,0,0,0,0,0,0,0,8000,0,0,0,102000,94000,8000,8000
056758,元石油元大98購02,0,0,0,0,0,0,0,0,0,8000,0,0,0,16000,8000,8000,8000
057597,華通群益9A購02  ,0,0,0,0,0,0,0,0,0,8000,0,0,0,20000,12000,8000,8000
052278,國巨凱基95購06  ,0,0,0,0,0,0,0,0,0,8000,0,0,0,48000,40000,8000,8000
052166,元油反元大95購01,0,0,0,0,0,0,0,0,0,8000,0,0,0,10000,2000,8000,8000
052362,瑞昱國票96購02  ,0,0,0,0,0,0,0,0,0,8000,0,0,0,8000,0,8000,8000
052342,茂林凱基96購01  ,0,0,0,0,0,0,0,0,0,8000,0,0,0,10000,2000,8000,8000
047098,大毅國泰94購01  ,0,0,0,0,0,0,0,0,0,8000,0,0,0,8000,0,8000,8000
048790,大立光元大95購05,0,0,0,0,0,0,0,0,0,8000,0,0,0,8000,0,8000,8000
048825,華新科凱基94購05,0,0,0,0,0,0,0,0,0,8000,0,0,0,20000,12000,8000,8000
046788,貿聯永豐93購01  ,0,0,0,0,0,0,0,0,0,8000,0,0,0,8000,0,8000,8000
00663L,國泰臺灣加權正2 ,0,0,0,0,0,0,0,0,0,8000,0,0,0,11000,3000,8000,8000
00700,富邦恒生國企    ,0,0,0,0,0,0,0,0,0,8000,0,0,0,108000,100000,8000,8000
047711,華新科凱基94購03,0,0,0,0,0,0,0,0,0,8000,0,0,0,38000,30000,8000,8000
045500,聯發科凱基93購04,0,0,0,0,0,0,0,0,0,8000,0,0,0,21000,13000,8000,8000
045337,滬深2X凱基95購01,0,0,0,0,0,0,0,0,0,8000,0,0,0,8000,0,8000,8000
046692,鴻海凱基93購15  ,0,0,0,0,0,0,0,0,0,8000,0,0,0,13000,5000,8000,8000
052585,友達永豐97購01  ,0,0,0,0,0,0,0,0,0,8000,0,0,0,8000,0,8000,8000
052381,臺股指元大95購22,0,0,0,0,0,0,0,0,0,8000,0,0,0,8000,0,8000,8000
052528,茂林元大95購05  ,0,0,0,0,0,0,0,0,0,8000,0,0,0,26000,18000,8000,8000
050030,嘉晶元大94購03  ,0,0,0,0,0,0,0,0,0,8000,0,0,0,185000,177000,8000,8000
049923,智原元大95購02  ,0,0,0,0,0,0,0,0,0,8000,0,0,0,8000,0,8000,8000
049955,崇越群益95購01  ,0,0,0,0,0,0,0,0,0,8000,0,0,0,8000,0,8000,8000
051162,楠梓電元大95購01,0,0,0,0,0,0,0,0,0,8000,0,0,0,10000,2000,8000,8000
051204,正崴麥證95購01  ,0,0,0,8000,0,8000,0,0,0,8000,0,0,0,8000,0,8000,8000
051132,喬山永豐95購02  ,0,0,0,0,0,0,0,0,0,8000,0,0,0,8000,0,8000,8000
055409,元黃金富邦01購01,0,0,0,0,0,0,0,0,0,8000,0,0,0,8000,0,8000,8000
055163,訊芯元大98購01  ,0,0,0,0,0,0,0,0,0,8000,0,0,0,117000,109000,8000,8000
055186,正文統一97購01  ,0,0,0,0,0,0,0,0,0,8000,0,0,0,58000,50000,8000,8000
055191,牧德元富97購01  ,0,0,0,0,0,0,0,0,0,8000,0,0,0,8000,0,8000,8000
055117,臻鼎凱基98購02  ,0,0,0,0,0,0,0,0,0,8000,0,0,0,69000,61000,8000,8000
055095,啟碁群益98購01  ,0,0,0,0,0,0,0,0,0,8000,0,0,0,11000,3000,8000,8000
053631,欣興兆豐97購01  ,0,0,0,0,0,0,0,0,0,8000,0,0,0,33000,25000,8000,8000
054109,南亞科凱基96購05,0,0,0,0,0,0,0,0,0,8000,0,0,0,10000,2000,8000,8000
3013,晟銘電          ,22000,13000,9000,0,0,0,0,0,0,-1000,0,1000,-1000,0,0,0,8000
3588,通嘉            ,26000,18000,8000,0,0,0,0,0,0,0,0,0,0,0,0,0,8000
2528,皇普            ,27000,19000,8000,0,0,0,0,0,0,0,1000,1000,0,0,0,0,8000
2239,英利-KY         ,10000,2000,8000,0,0,0,0,0,0,0,0,0,0,0,0,0,8000
1316,上曜            ,19000,11000,8000,0,0,0,0,0,0,0,0,0,0,0,0,0,8000
1474,弘裕            ,8000,0,8000,0,0,0,0,0,0,0,0,0,0,0,0,0,8000
06207P,聯發科凱基97售07,0,0,0,0,0,0,0,0,0,8000,0,0,0,8000,0,8000,8000
06211P,鴻海元大98售04  ,0,0,0,0,0,0,0,0,0,8000,0,0,0,43000,35000,8000,8000
06258P,臺股指群益97售11,0,0,0,0,0,0,0,0,0,8000,0,0,0,28000,20000,8000,8000
06312P,樺漢元富97售02  ,0,0,0,0,0,0,0,0,0,8000,0,0,0,28000,20000,8000,8000
06433P,大立光群益99售01,0,0,0,0,0,0,0,0,0,8000,0,0,0,10000,2000,8000,8000
06685P,鴻海國泰9A售01  ,0,0,0,0,0,0,0,0,0,8000,0,0,0,20000,12000,8000,8000
06696P,台灣50國票99售01,0,0,0,0,0,0,0,0,0,8000,0,0,0,45000,37000,8000,8000
9955,佳龍            ,98000,90000,8000,0,0,0,0,0,0,0,0,0,0,0,0,0,8000
057586,台積電國票99購06,0,0,0,0,0,0,0,0,0,7000,0,0,0,7000,0,7000,7000
057665,技嘉元大99購01  ,0,0,0,0,0,0,0,0,0,7000,0,0,0,26000,19000,7000,7000
05795P,華邦電群益96售05,0,0,0,0,0,0,0,0,0,7000,0,0,0,17000,10000,7000,7000
057368,微星元大98購02  ,0,0,0,0,0,0,0,0,0,7000,0,0,0,67000,60000,7000,7000
057389,玉晶光永豐98購06,0,0,0,0,0,0,0,0,0,7000,0,0,0,137000,130000,7000,7000
057285,群創元大98購07  ,0,0,0,0,0,0,0,0,0,7000,0,0,0,7000,0,7000,7000
057136,立積凱基98購02  ,0,0,0,0,0,0,0,0,0,7000,0,0,0,56000,49000,7000,7000
057159,晶技永豐98購01  ,0,0,0,0,0,0,0,0,0,7000,0,0,0,32000,25000,7000,7000
057134,茂林凱基98購02  ,0,0,0,0,0,0,0,0,0,7000,0,0,0,7000,0,7000,7000
056518,美律國票99購01  ,0,0,0,0,0,0,0,0,0,7000,0,0,0,7000,0,7000,7000
056491,南亞科國泰99購01,0,0,0,0,0,0,0,0,0,7000,0,0,0,10000,3000,7000,7000
056395,玉晶光永豐9B購01,0,0,0,0,0,0,0,0,0,7000,0,0,0,80000,73000,7000,7000
056068,欣興元大97購05  ,0,0,0,0,0,0,0,0,0,7000,0,0,0,44000,37000,7000,7000
056072,群創元大97購01  ,0,0,0,0,0,0,0,0,0,7000,0,0,0,7000,0,7000,7000
056093,大毅元富97購01  ,0,0,0,0,0,0,0,0,0,7000,0,0,0,33000,26000,7000,7000
045630,技嘉凱基93購02  ,0,0,0,0,0,0,0,0,0,7000,0,0,0,82000,75000,7000,7000
047839,景碩元大93購03  ,0,0,0,0,0,0,0,0,0,7000,0,0,0,10000,3000,7000,7000
00645,富邦日本        ,0,0,0,0,0,0,0,0,0,7000,0,0,0,69000,62000,7000,7000
03180P,台灣50元大01售39,0,0,0,0,0,0,0,0,0,7000,0,0,0,25000,18000,7000,7000
04309P,滬深2X統一93售05,0,0,0,0,0,0,0,0,0,7000,0,0,0,7000,0,7000,7000
046134,致新國泰93購02  ,0,0,0,0,0,0,0,0,0,7000,0,0,0,7000,0,7000,7000
047478,旺宏凱基93購04  ,0,0,0,0,0,0,0,0,0,7000,0,0,0,17000,10000,7000,7000
049493,可成元大94購05  ,0,0,0,0,0,0,0,0,0,7000,0,0,0,230000,223000,7000,7000
049459,全新元富95購02  ,0,0,0,0,0,0,0,0,0,7000,0,0,0,42000,35000,7000,7000
049062,華新科日盛94購01,0,0,0,0,0,0,0,0,0,7000,0,0,0,45000,38000,7000,7000
051512,超眾麥證95購01  ,0,0,0,20000,13000,7000,0,0,0,7000,0,0,0,20000,13000,7000,7000
049970,康控國票95購03  ,0,0,0,0,0,0,0,0,0,7000,0,0,0,7000,0,7000,7000
049520,TPK國票95購01   ,0,0,0,0,0,0,0,0,0,7000,0,0,0,117000,110000,7000,7000
050250,台郡凱基94購03  ,0,0,0,0,0,0,0,0,0,7000,0,0,0,7000,0,7000,7000
050234,國巨凱基94購10  ,0,0,0,0,0,0,0,0,0,7000,0,0,0,54000,47000,7000,7000
052440,上証2X元大95購02,0,0,0,0,0,0,0,0,0,7000,0,0,0,7000,0,7000,7000
051403,玉晶光永豐95購05,0,0,0,0,0,0,0,0,0,7000,0,0,0,7000,0,7000,7000
051640,GIS國票96購03   ,0,0,0,0,0,0,0,0,0,7000,0,0,0,27000,20000,7000,7000
050524,宏達電元大95購04,0,0,0,0,0,0,0,0,0,7000,0,0,0,11000,4000,7000,7000
049257,南亞科元大94購03,0,0,0,0,0,0,0,0,0,7000,0,0,0,14000,7000,7000,7000
051982,深中小元大95購01,0,0,0,0,0,0,0,0,0,7000,0,0,0,7000,0,7000,7000
051956,滬深2X台新96購01,0,0,0,0,0,0,0,0,0,7000,0,0,0,7000,0,7000,7000
053923,亞光國票97購01  ,0,0,0,0,0,0,0,0,0,7000,0,0,0,28000,21000,7000,7000
053985,矽創元大96購02  ,0,0,0,0,0,0,0,0,0,7000,0,0,0,75000,68000,7000,7000
053539,智易永豐96購01  ,0,27000,-27000,0,0,0,0,0,0,34000,0,0,0,61000,27000,34000,7000
053422,可成永豐96購01  ,0,0,0,0,0,0,0,0,0,7000,0,0,0,78000,71000,7000,7000
055215,智邦凱基98購02  ,0,0,0,0,0,0,0,0,0,7000,0,0,0,110000,103000,7000,7000
054801,康友群益97購02  ,0,0,0,0,0,0,0,0,0,7000,0,0,0,78000,71000,7000,7000
05471P,聯電統一95售01  ,0,0,0,0,0,0,0,0,0,7000,0,0,0,115000,108000,7000,7000
054635,台達電中信98購01,0,0,0,0,0,0,0,0,0,7000,0,0,0,77000,70000,7000,7000
05430P,台積電統一95售07,0,0,0,0,0,0,0,0,0,7000,0,0,0,95000,88000,7000,7000
054363,世芯凱基97購01  ,0,0,0,0,0,0,0,0,0,7000,0,0,0,9000,2000,7000,7000
6024,群益期          ,27000,20000,7000,0,0,0,0,0,0,0,0,0,0,0,0,0,7000
4755,三福化          ,9000,2000,7000,0,0,0,0,0,0,0,0,0,0,0,0,0,7000
06779P,智邦元大98售12  ,0,0,0,0,0,0,0,0,0,7000,0,0,0,11000,4000,7000,7000
06584P,欣興凱基98售03  ,0,0,0,0,0,0,0,0,0,7000,0,0,0,10000,3000,7000,7000
06543P,鴻海元大98售08  ,0,0,0,0,0,0,0,0,0,7000,0,0,0,7000,0,7000,7000
06340P,鴻海統一98售06  ,0,0,0,0,0,0,0,0,0,7000,0,0,0,7000,0,7000,7000
1323,永裕            ,9000,2000,7000,0,0,0,0,0,0,0,0,0,0,0,0,0,7000
1525,江申            ,7000,0,7000,0,0,0,0,0,0,0,0,0,0,0,0,0,7000
2462,良得電          ,9000,2000,7000,0,0,0,0,0,0,0,0,0,0,0,0,0,7000
3591,艾笛森          ,18000,11000,7000,0,0,0,0,0,0,0,0,0,0,0,0,0,7000
2905,三商            ,165000,158000,7000,0,0,0,0,0,0,0,0,0,0,0,0,0,7000
055951,大成鋼元大97購02,0,0,0,0,0,0,0,0,0,6000,0,0,0,26000,20000,6000,6000
055916,奇鋐凱基99購01  ,0,0,0,0,0,0,0,0,0,6000,0,0,0,6000,0,6000,6000
056264,聯發科統一98購02,0,0,0,0,0,0,0,0,0,6000,0,0,0,6000,0,6000,6000
056575,禾伸堂元大99購01,0,0,0,0,0,0,0,0,0,6000,0,0,0,15000,9000,6000,6000
056737,國巨凱基9A購01  ,0,0,0,0,0,0,0,0,0,6000,0,0,0,6000,0,6000,6000
057310,聯發科日盛99購01,0,0,0,0,0,0,0,0,0,6000,0,0,0,6000,0,6000,6000
057382,聯發科國泰9A購01,0,0,0,0,0,0,0,0,0,6000,0,0,0,97000,91000,6000,6000
056806,元油2X統一98購02,0,0,0,0,0,0,0,0,0,6000,0,0,0,42000,36000,6000,6000
05808P,臺股指國票96售01,0,0,0,0,0,0,0,0,0,6000,0,0,0,8000,2000,6000,6000
052364,全新國票95購02  ,0,0,0,0,0,0,0,0,0,6000,0,0,0,46000,40000,6000,6000
052322,力成元大96購01  ,0,0,0,0,0,0,0,0,0,6000,0,0,0,8000,2000,6000,6000
052230,大立光凱基96購09,0,0,0,0,0,0,0,0,0,6000,0,0,0,9000,3000,6000,6000
048966,佳世達元大95購01,0,0,0,0,0,0,0,0,0,6000,0,0,0,53000,47000,6000,6000
047419,聯發科富邦95購01,0,0,0,0,0,0,0,0,0,6000,0,0,0,6000,0,6000,6000
04756P,大立光元富94售08,0,0,0,0,0,0,0,0,0,6000,0,0,0,98000,92000,6000,6000
047389,義隆元大94購01  ,0,0,0,0,0,0,0,0,0,6000,0,0,0,6000,0,6000,6000
047927,宏達電凱基93購03,0,0,0,0,0,0,0,0,0,6000,0,0,0,6000,0,6000,6000
048206,臺股指元大93購40,0,0,0,0,0,0,0,0,0,6000,0,0,0,6000,0,6000,6000
047078,上海銀兆豐93購01,0,0,0,0,0,0,0,0,0,6000,0,0,0,10000,4000,6000,6000
046020,滬深2X元大95購02,0,0,0,0,0,0,0,0,0,6000,0,0,0,6000,0,6000,6000
043938,華邦電兆豐93購01,0,0,0,0,0,0,0,0,0,6000,0,0,0,6000,0,6000,6000
03647P,京元電元富95售02,0,0,0,0,0,0,0,0,0,6000,0,0,0,6000,0,6000,6000
045907,鴻海中信94購02  ,0,0,0,0,0,0,0,0,0,6000,0,0,0,10000,4000,6000,6000
04188P,康控元富93售03  ,0,0,0,0,0,0,0,0,0,6000,0,0,0,12000,6000,6000,6000
04267P,康控元富93售04  ,0,0,0,0,0,0,0,0,0,6000,0,0,0,6000,0,6000,6000
00682U,元大美元指數    ,0,0,0,0,0,0,0,0,0,6000,0,0,0,46000,40000,6000,6000
044510,台光電凱基93購04,0,0,0,0,0,0,0,0,0,6000,0,0,0,6000,0,6000,6000
045734,全新國票93購01  ,0,0,0,0,0,0,0,0,0,6000,0,0,0,6000,0,6000,6000
04461P,燿華元富94售01  ,0,0,0,0,0,0,0,0,0,6000,0,0,0,6000,0,6000,6000
050375,矽創元大94購02  ,0,0,0,0,0,0,0,0,0,6000,0,0,0,6000,0,6000,6000
050409,華通永豐94購01  ,0,0,0,0,0,0,0,0,0,6000,0,0,0,6000,0,6000,6000
052445,南亞科元大95購05,0,0,0,0,0,0,0,0,0,6000,0,0,0,11000,5000,6000,6000
053315,漢唐群益96購02  ,0,0,0,0,0,0,0,0,0,6000,0,0,0,6000,0,6000,6000
052712,旺宏凱基96購02  ,0,0,0,0,0,0,0,0,0,6000,0,0,0,226000,220000,6000,6000
052690,台表科元大97購01,0,0,0,0,0,0,0,0,0,6000,0,0,0,15000,9000,6000,6000
051074,矽力國票96購01  ,0,0,0,0,0,0,0,0,0,6000,0,0,0,16000,10000,6000,6000
051738,全新國票96購02  ,0,0,0,0,0,0,0,0,0,6000,0,0,0,6000,0,6000,6000
049517,台光電國票94購02,0,0,0,0,0,0,0,0,0,6000,0,0,0,6000,0,6000,6000
049926,智易元大95購02  ,0,0,0,0,0,0,0,0,0,6000,0,0,0,6000,0,6000,6000
049892,國巨富邦96購01  ,0,0,0,0,0,0,0,0,0,6000,0,0,0,14000,8000,6000,6000
050056,國巨凱基94購04  ,0,0,0,0,0,0,0,0,0,6000,0,0,0,6000,0,6000,6000
050133,鈺齊凱基94購01  ,0,0,0,0,0,0,0,0,0,6000,0,0,0,74000,68000,6000,6000
051774,聯茂中信96購01  ,0,0,0,0,0,0,0,0,0,6000,0,0,0,72000,66000,6000,6000
050730,復盛國票94購01  ,0,0,0,0,0,0,0,0,0,6000,0,0,0,30000,24000,6000,6000
054277,亞光群益97購01  ,0,0,0,0,0,0,0,0,0,6000,0,0,0,49000,43000,6000,6000
054481,鎧勝中信96購01  ,0,0,0,0,0,0,0,0,0,6000,0,0,0,254000,248000,6000,6000
053379,南亞科元大96購01,0,0,0,0,0,0,0,0,0,6000,0,0,0,6000,0,6000,6000
052421,元油反國票9B購01,0,0,0,0,0,0,0,0,0,6000,0,0,0,11000,5000,6000,6000
054108,台積電凱基96購22,0,0,0,0,0,0,0,0,0,6000,0,0,0,18000,12000,6000,6000
05414P,台表科國票96售02,0,0,0,0,0,0,0,0,0,6000,0,0,0,6000,0,6000,6000
054167,揚明光凱基98購01,0,0,0,0,0,0,0,0,0,6000,0,0,0,9000,3000,6000,6000
053736,友達麥證96購01  ,0,0,0,161000,155000,6000,0,0,0,6000,0,0,0,161000,155000,6000,6000
1521,大億            ,7000,1000,6000,0,0,0,0,0,0,0,0,0,0,0,0,0,6000
1615,大山            ,15000,9000,6000,0,0,0,0,0,0,0,0,0,0,0,0,0,6000
1340,勝悅-KY         ,10000,4000,6000,0,0,0,0,0,0,0,0,0,0,0,0,0,6000
1441,大東            ,7000,1000,6000,0,0,0,0,0,0,0,0,0,0,0,0,0,6000
06305P,臺股指元大97售11,0,0,0,0,0,0,0,0,0,6000,0,0,0,30000,24000,6000,6000
06143P,鴻海永豐97售02  ,0,0,0,0,0,0,0,0,0,6000,0,0,0,68000,62000,6000,6000
1101B,台泥乙特        ,0,0,0,0,0,0,0,0,0,6000,6000,0,6000,0,0,0,6000
1109,信大            ,118000,112000,6000,0,0,0,0,0,0,0,0,0,0,0,0,0,6000
06729P,聯詠元大98售03  ,0,0,0,0,0,0,0,0,0,6000,0,0,0,6000,0,6000,6000
4560,強信-KY         ,61000,55000,6000,0,0,0,0,0,0,0,0,0,0,0,0,0,6000
8261,富鼎            ,36000,30000,6000,0,0,0,0,0,0,0,0,0,0,0,0,0,6000
8411,福貞-KY         ,9000,3000,6000,0,0,0,0,0,0,0,0,0,0,0,0,0,6000
008201,BP上證50        ,0,0,0,0,0,0,0,0,0,5400,0,0,0,5400,0,5400,5400
05839P,臺股指富邦96售06,0,0,0,0,0,0,0,0,0,5000,0,0,0,87000,82000,5000,5000
05842P,台積電元大96售15,0,0,0,0,0,0,0,0,0,5000,0,0,0,305000,300000,5000,5000
06003P,亞光康和96售02  ,0,0,0,0,0,0,0,0,0,5000,0,0,0,5000,0,5000,5000
05987P,健策統一96售02  ,0,0,0,0,0,0,0,0,0,5000,0,0,0,5000,0,5000,5000
05765P,臺股指永豐96售01,0,0,0,0,0,0,0,0,0,5000,0,0,0,50000,45000,5000,5000
05756P,臺股指中信99售05,0,0,0,0,0,0,0,0,0,5000,0,0,0,5000,0,5000,5000
057500,神達群益98購01  ,0,0,0,0,0,0,0,0,0,5000,0,0,0,19000,14000,5000,5000
05755P,臺股指中信99售04,0,0,0,0,0,0,0,0,0,5000,0,0,0,5000,0,5000,5000
056802,友達台新98購01  ,0,0,0,0,0,0,0,0,0,5000,0,0,0,5000,0,5000,5000
056786,亞光群益98購03  ,0,0,0,0,0,0,0,0,0,5000,0,0,0,54000,49000,5000,5000
05692P,聯發科中信9A售02,0,0,0,0,0,0,0,0,0,5000,0,0,0,5000,0,5000,5000
05694P,台積電凱基96售09,0,0,0,0,0,0,0,0,0,5000,0,0,0,99000,94000,5000,5000
056953,智邦富邦98購02  ,0,0,0,0,0,0,0,0,0,5000,0,0,0,10000,5000,5000,5000
057015,元油2X凱基9B購04,0,0,0,0,0,0,0,0,0,5000,0,0,0,5000,0,5000,5000
057274,友達元大98購03  ,0,0,0,0,0,0,0,0,0,5000,0,0,0,5000,0,5000,5000
05726P,易華電永豐96售02,0,0,0,0,0,0,0,0,0,5000,0,0,0,16000,11000,5000,5000
057266,TPK兆豐98購02   ,0,0,0,0,0,0,0,0,0,5000,0,0,0,5000,0,5000,5000
057258,中環兆豐98購01  ,0,0,0,0,0,0,0,0,0,5000,0,0,0,5000,0,5000,5000
057151,易華電國票99購01,0,0,0,0,0,0,0,0,0,5000,0,0,0,65000,60000,5000,5000
057145,上銀國票98購03  ,0,0,0,0,0,0,0,0,0,5000,0,0,0,5000,0,5000,5000
057236,聯詠凱基98購03  ,0,0,0,0,0,0,0,0,0,5000,0,0,0,10000,5000,5000,5000
056750,元油2X兆豐9A購01,0,0,0,0,0,0,0,0,0,5000,0,0,0,5000,0,5000,5000
056662,臺股指元大9A購09,0,0,0,0,0,0,0,0,0,5000,0,0,0,5000,0,5000,5000
056526,力山凱基98購01  ,0,230000,-230000,0,0,0,0,0,0,235000,0,0,0,250000,15000,235000,5000
055960,義隆元大97購01  ,0,0,0,0,0,0,0,0,0,5000,0,0,0,5000,0,5000,5000
05606P,TPK國票97售02   ,0,0,0,0,0,0,0,0,0,5000,0,0,0,5000,0,5000,5000
056024,大立光群益97購05,0,0,0,0,0,0,0,0,0,5000,0,0,0,20000,15000,5000,5000
05559P,臺股指麥證96售01,0,0,0,20000,15000,5000,0,0,0,5000,0,0,0,20000,15000,5000,5000
055621,國巨國泰98購03  ,0,0,0,0,0,0,0,0,0,5000,0,0,0,101000,96000,5000,5000
05578P,鴻海凱基96售11  ,0,0,0,0,0,0,0,0,0,5000,0,0,0,7000,2000,5000,5000
055786,彩晶凱基99購02  ,0,0,0,0,0,0,0,0,0,5000,0,0,0,5000,0,5000,5000
01004T,土銀富邦R2      ,0,0,0,0,0,0,0,0,0,5000,5000,0,5000,0,0,0,5000
042787,新日興兆豐93購01,0,0,0,0,0,0,0,0,0,5000,0,0,0,5000,0,5000,5000
04288P,台積電中信95售06,0,0,0,0,0,0,0,0,0,5000,0,0,0,5000,0,5000,5000
041824,元油2X國票96購01,0,0,0,0,0,0,0,0,0,5000,0,0,0,20000,15000,5000,5000
04224P,群創統一93售05  ,0,0,0,0,0,0,0,0,0,5000,0,0,0,5000,0,5000,5000
03275P,台積電台新02售02,0,0,0,0,0,0,0,0,0,5000,0,0,0,5000,0,5000,5000
03721P,卜蜂元大93售01  ,0,0,0,0,0,0,0,0,0,5000,0,0,0,5000,0,5000,5000
03950P,聯發科中信93售03,0,0,0,0,0,0,0,0,0,5000,0,0,0,5000,0,5000,5000
046479,群創元富94購01  ,0,0,0,0,0,0,0,0,0,5000,0,0,0,5000,0,5000,5000
043442,大立光台新01購01,0,0,0,0,0,0,0,0,0,5000,0,0,0,5000,0,5000,5000
045947,欣興兆豐93購04  ,0,0,0,0,0,0,0,0,0,5000,0,0,0,5000,0,5000,5000
044264,大立光富邦93購03,0,0,0,0,0,0,0,0,0,5000,0,0,0,5000,0,5000,5000
044190,聯詠富邦93購01  ,0,0,0,0,0,0,0,0,0,5000,0,0,0,5000,0,5000,5000
045598,上証2X中信94購02,0,0,0,0,0,0,0,0,0,5000,0,0,0,5000,0,5000,5000
046509,中壽元大92購01  ,0,0,0,0,0,0,0,0,0,5000,0,0,0,5000,0,5000,5000
046601,奇力新群益93購01,0,0,0,0,0,0,0,0,0,5000,0,0,0,5000,0,5000,5000
047703,台積電凱基93購19,0,0,0,0,0,0,0,0,0,5000,0,0,0,6000,1000,5000,5000
048603,中磊國票94購02  ,0,0,0,0,0,0,0,0,0,5000,0,0,0,56000,51000,5000,5000
045385,華新科元大93購04,0,0,0,0,0,0,0,0,0,5000,0,0,0,5000,0,5000,5000
04488P,聯發科凱基94售05,0,0,0,0,0,0,0,0,0,5000,0,0,0,5000,0,5000,5000
047659,大立光麥證93購01,0,0,0,5000,0,5000,0,0,0,5000,0,0,0,5000,0,5000,5000
047652,滬深2X兆豐94購03,0,0,0,0,0,0,0,0,0,5000,0,0,0,5000,0,5000,5000
04685P,訊芯元大94售02  ,0,0,0,0,0,0,0,0,0,5000,0,0,0,20000,15000,5000,5000
048813,元黃金凱基94購01,0,0,0,0,0,0,0,0,0,5000,0,0,0,20000,15000,5000,5000
047365,隆達群益93購01  ,0,0,0,0,0,0,0,0,0,5000,0,0,0,5000,0,5000,5000
047410,上銀元富96購01  ,0,0,0,0,0,0,0,0,0,5000,0,0,0,8000,3000,5000,5000
048947,凌華永豐94購01  ,0,0,0,0,0,0,0,0,0,5000,0,0,0,5000,0,5000,5000
048328,滬深2X永昌94購01,0,0,0,0,0,0,0,0,0,5000,0,0,0,5000,0,5000,5000
052193,國巨元富95購06  ,0,0,0,0,0,0,0,0,0,5000,0,0,0,5000,0,5000,5000
050809,鴻海凱基95購08  ,0,0,0,0,0,0,0,0,0,5000,0,0,0,11000,6000,5000,5000
050907,臺股指元大95購14,0,0,0,0,0,0,0,0,0,5000,0,0,0,45000,40000,5000,5000
050926,禾伸堂凱基95購01,0,0,0,0,0,0,0,0,0,5000,0,0,0,46000,41000,5000,5000
050864,亞光永豐95購01  ,0,0,0,0,0,0,0,0,0,5000,0,0,0,6000,1000,5000,5000
050835,GIS凱基96購01   ,0,0,0,0,0,0,0,0,0,5000,0,0,0,5000,0,5000,5000
050949,亞光群益96購01  ,0,0,0,0,0,0,0,0,0,5000,0,0,0,54000,49000,5000,5000
050626,A50正2中信96購02,0,0,0,0,0,0,0,0,0,5000,0,0,0,5000,0,5000,5000
051476,聯發科凱基95購09,0,0,0,0,0,0,0,0,0,5000,0,0,0,40000,35000,5000,5000
050098,嘉聯益國泰95購02,0,0,0,0,0,0,0,0,0,5000,0,0,0,125000,120000,5000,5000
050071,明泰凱基94購01  ,0,0,0,0,0,0,0,0,0,5000,0,0,0,5000,0,5000,5000
050062,聯發科凱基94購08,0,0,0,0,0,0,0,0,0,5000,0,0,0,71000,66000,5000,5000
049527,國巨中信95購01  ,0,0,0,0,0,0,0,0,0,5000,0,0,0,5000,0,5000,5000
049760,滬深2X國泰95購02,0,0,0,0,0,0,0,0,0,5000,0,0,0,5000,0,5000,5000
052078,大立光元富95購10,0,0,0,0,0,0,0,0,0,5000,0,0,0,5000,0,5000,5000
049849,欣興群益94購04  ,0,0,0,0,0,0,0,0,0,5000,0,0,0,43000,38000,5000,5000
049880,健策永豐94購02  ,0,0,0,0,0,0,0,0,0,5000,0,0,0,5000,0,5000,5000
051061,中磊群益95購01  ,0,0,0,0,0,0,0,0,0,5000,0,0,0,5000,0,5000,5000
051003,中環中信97購01  ,0,0,0,0,0,0,0,0,0,5000,0,0,0,80000,75000,5000,5000
05260P,和碩元富95售02  ,0,0,0,0,0,0,0,0,0,5000,0,0,0,32000,27000,5000,5000
050534,臻鼎兆豐94購01  ,0,0,0,0,0,0,0,0,0,5000,0,0,0,5000,0,5000,5000
049304,元油2X凱基95購05,0,0,0,0,0,0,0,0,0,5000,0,0,0,5000,0,5000,5000
050378,上証2X群益98購02,0,0,0,0,0,0,0,0,0,5000,0,0,0,15000,10000,5000,5000
051232,貿聯群益95購02  ,0,0,0,0,0,0,0,0,0,5000,0,0,0,20000,15000,5000,5000
051943,台積電麥證95購03,0,0,0,15000,10000,5000,0,0,0,5000,0,0,0,15000,10000,5000,5000
053739,A50正2國票9A購01,0,0,0,0,0,0,0,0,0,5000,0,0,0,5000,0,5000,5000
053834,卜蜂永豐96購01  ,0,0,0,0,0,0,0,0,0,5000,0,0,0,5000,0,5000,5000
053603,臺股指元大96購20,0,0,0,0,0,0,0,0,0,5000,0,0,0,15000,10000,5000,5000
054155,美律第一96購01  ,0,0,0,0,0,0,0,0,0,5000,0,0,0,55000,50000,5000,5000
054193,鴻海麥證96購02  ,0,0,0,5000,0,5000,0,0,0,5000,0,0,0,5000,0,5000,5000
053901,T50反1凱基99購03,3000,0,3000,0,0,0,0,0,0,2000,0,0,0,84000,82000,2000,5000
052782,超眾國票96購02  ,0,0,0,0,0,0,0,0,0,5000,0,0,0,12000,7000,5000,5000
052750,臺股指元大96購04,0,0,0,0,0,0,0,0,0,5000,0,0,0,88000,83000,5000,5000
053264,南亞科群益96購01,0,0,0,0,0,0,0,0,0,5000,0,0,0,18000,13000,5000,5000
053073,技嘉康和96購01  ,0,0,0,0,0,0,0,0,0,5000,0,0,0,82000,77000,5000,5000
05304P,國巨國泰97售02  ,0,0,0,0,0,0,0,0,0,5000,0,0,0,15000,10000,5000,5000
05452P,亞德客群益95售02,0,0,0,0,0,0,0,0,0,5000,0,0,0,499000,494000,5000,5000
054451,上銀亞東98購01  ,0,0,0,0,0,0,0,0,0,5000,0,0,0,5000,0,5000,5000
054418,茂林元大97購01  ,0,0,0,0,0,0,0,0,0,5000,0,0,0,48000,43000,5000,5000
054276,國巨群益96購07  ,0,0,0,0,0,0,0,0,0,5000,0,0,0,11000,6000,5000,5000
054260,貿聯元大96購03  ,0,0,0,0,0,0,0,0,0,5000,0,0,0,16000,11000,5000,5000
05421P,鴻海元大96售12  ,0,0,0,0,0,0,0,0,0,5000,0,0,0,310000,305000,5000,5000
054230,上銀群益96購03  ,0,0,0,0,0,0,0,0,0,5000,0,0,0,75000,70000,5000,5000
054634,FB上証中信99購01,0,0,0,0,0,0,0,0,0,5000,0,0,0,10000,5000,5000,5000
054616,智伸科永豐97購01,0,0,0,0,0,0,0,0,0,5000,0,0,0,5000,0,5000,5000
054644,A50正2群益9B購01,0,0,0,0,0,0,0,0,0,5000,0,0,0,10000,5000,5000,5000
054680,華新科康和97購02,0,0,0,0,0,0,0,0,0,5000,0,0,0,69000,64000,5000,5000
054781,台化群益99購01  ,0,0,0,0,0,0,0,0,0,5000,0,0,0,5000,0,5000,5000
054853,TPK國票98購02   ,0,0,0,0,0,0,0,0,0,5000,0,0,0,60000,55000,5000,5000
055067,禾聯碩永豐97購01,0,0,0,0,0,0,0,0,0,5000,0,0,0,5000,0,5000,5000
055472,大立光凱基97購07,0,0,0,0,0,0,0,0,0,5000,0,0,0,5000,0,5000,5000
9912,偉聯            ,1000,0,1000,0,0,0,0,0,0,4000,4000,0,4000,0,0,0,5000
06734P,智邦凱基98售05  ,0,0,0,0,0,0,0,0,0,5000,0,0,0,15000,10000,5000,5000
06437P,玉晶光國票99售01,0,0,0,0,0,0,0,0,0,5000,0,0,0,5000,0,5000,5000
06474P,鴻海富邦98售03  ,0,0,0,0,0,0,0,0,0,5000,0,0,0,5000,0,5000,5000
06505P,康控國票99售02  ,0,0,0,0,0,0,0,0,0,5000,0,0,0,47000,42000,5000,5000
06149P,台積電元大97售18,0,0,0,0,0,0,0,0,0,5000,0,0,0,245000,240000,5000,5000
06150P,奇力新元大97售06,0,0,0,0,0,0,0,0,0,5000,0,0,0,38000,33000,5000,5000
06301P,臺股指元大97售04,0,0,0,0,0,0,0,0,0,5000,0,0,0,30000,25000,5000,5000
06279P,臺股指凱基97售11,0,0,0,0,0,0,0,0,0,5000,0,0,0,193000,188000,5000,5000
06239P,奇力新元大97售08,0,0,0,0,0,0,0,0,0,5000,0,0,0,5000,0,5000,5000
06241P,大立光元富9A售01,0,0,0,0,0,0,0,0,0,5000,0,0,0,5000,0,5000,5000
1906,寶隆            ,12000,7000,5000,0,0,0,0,0,0,0,0,0,0,0,0,0,5000
3015,全漢            ,17000,12000,5000,0,0,0,0,0,0,0,0,0,0,0,0,0,5000
2497,怡利電          ,11000,6000,5000,0,0,0,0,0,0,0,0,0,0,0,0,0,5000
055703,緯穎富邦98購01  ,0,0,0,0,0,0,0,0,0,4000,0,0,0,328000,324000,4000,4000
056134,可成元大97購06  ,0,0,0,0,0,0,0,0,0,4000,0,0,0,190000,186000,4000,4000
055953,上銀元大97購09  ,0,0,0,0,0,0,0,0,0,4000,0,0,0,31000,27000,4000,4000
056508,揚明光永豐98購01,0,0,0,0,0,0,0,0,0,4000,0,0,0,60000,56000,4000,4000
056551,台郡凱基98購04  ,0,0,0,0,0,0,0,0,0,4000,0,0,0,4000,0,4000,4000
056557,世紀鋼凱基98購02,0,0,0,0,0,0,0,0,0,4000,0,0,0,10000,6000,4000,4000
056621,宏達電永豐98購01,0,0,0,0,0,0,0,0,0,4000,0,0,0,32000,28000,4000,4000
057181,亞光元大98購02  ,0,0,0,0,0,0,0,0,0,4000,0,0,0,39000,35000,4000,4000
057102,亞光中信9A購01  ,0,0,0,0,0,0,0,0,0,4000,0,0,0,6000,2000,4000,4000
056926,日月光兆豐98購01,0,0,0,0,0,0,0,0,0,4000,0,0,0,48000,44000,4000,4000
057582,亞光中信9A購02  ,0,0,0,0,0,0,0,0,0,4000,0,0,0,9000,5000,4000,4000
05961P,鴻海群益97售01  ,0,0,0,0,0,0,0,0,0,4000,0,0,0,10000,6000,4000,4000
049469,元金2X永豐94購01,0,0,0,0,0,0,0,0,0,4000,0,0,0,4000,0,4000,4000
049477,泰鼎永豐94購01  ,0,0,0,0,0,0,0,0,0,4000,0,0,0,100000,96000,4000,4000
049442,滬深2X統一99購01,0,0,0,0,0,0,0,0,0,4000,0,0,0,4000,0,4000,4000
048435,致新國票93購01  ,0,0,0,0,0,0,0,0,0,4000,0,0,0,4000,0,4000,4000
048524,GIS元富94購01   ,0,0,0,0,0,0,0,0,0,4000,0,0,0,14000,10000,4000,4000
048098,嘉澤凱基93購04  ,0,0,0,0,0,0,0,0,0,4000,0,0,0,4000,0,4000,4000
049117,矽格統一96購01  ,0,0,0,0,0,0,0,0,0,4000,0,0,0,4000,0,4000,4000
048839,牧德凱基95購01  ,0,0,0,0,0,0,0,0,0,4000,0,0,0,25000,21000,4000,4000
048193,旺宏元大94購05  ,0,0,0,0,0,0,0,0,0,4000,0,0,0,6000,2000,4000,4000
047167,農林康和93購01  ,0,0,0,0,0,0,0,0,0,4000,0,0,0,10000,6000,4000,4000
047213,新日興富邦97購01,0,0,0,0,0,0,0,0,0,4000,0,0,0,70000,66000,4000,4000
04439P,聯發科群益94售04,0,0,0,0,0,0,0,0,0,4000,0,0,0,4000,0,4000,4000
042993,葡萄王元大94購01,0,0,0,0,0,0,0,0,0,4000,0,0,0,718000,714000,4000,4000
04241P,欣興國泰95售02  ,0,0,0,0,0,0,0,0,0,4000,0,0,0,42000,38000,4000,4000
00866,新光Shiller CAPE,0,0,0,0,0,0,0,0,0,4000,0,0,0,30000,26000,4000,4000
00733,富邦臺灣中小    ,0,0,0,0,0,0,0,0,0,4000,0,0,0,205000,201000,4000,4000
051249,潤泰全元大95購01,0,0,0,0,0,0,0,0,0,4000,0,0,0,245000,241000,4000,4000
04922P,日月光凱基94售02,0,0,0,0,0,0,0,0,0,4000,0,0,0,4000,0,4000,4000
050391,大立光統一94購07,0,0,0,0,0,0,0,0,0,4000,0,0,0,24000,20000,4000,4000
049644,台積電凱基94購21,0,0,0,0,0,0,0,0,0,4000,0,0,0,40000,36000,4000,4000
052152,創意富邦98購01  ,0,0,0,0,0,0,0,0,0,4000,0,0,0,194000,190000,4000,4000
052442,中環元大95購02  ,0,0,0,0,0,0,0,0,0,4000,0,0,0,4000,0,4000,4000
052405,聯茂凱基95購01  ,0,0,0,0,0,0,0,0,0,4000,0,0,0,6000,2000,4000,4000
051318,上銀國票96購01  ,0,0,0,0,0,0,0,0,0,4000,0,0,0,4000,0,4000,4000
052740,聯發科元大96購07,0,0,0,0,0,0,0,0,0,4000,0,0,0,196000,192000,4000,4000
052811,玉晶光台新96購03,0,0,0,0,0,0,0,0,0,4000,0,0,0,4000,0,4000,4000
05202P,鴻海元大95售16  ,0,0,0,0,0,0,0,0,0,4000,0,0,0,4000,0,4000,4000
052060,旺宏國票96購02  ,0,0,0,0,0,0,0,0,0,4000,0,0,0,36000,32000,4000,4000
049747,嘉晶永豐94購02  ,0,0,0,0,0,0,0,0,0,4000,0,0,0,4000,0,4000,4000
049723,緯穎凱基94購04  ,0,0,0,0,0,0,0,0,0,4000,0,0,0,4000,0,4000,4000
049971,台郡國票95購01  ,0,0,0,0,0,0,0,0,0,4000,0,0,0,4000,0,4000,4000
051776,上証2X群益99購01,0,0,0,0,0,0,0,0,0,4000,0,0,0,4000,0,4000,4000
051180,喬山永豐95購03  ,0,0,0,0,0,0,0,0,0,4000,0,0,0,4000,0,4000,4000
05072P,聯電元富95售02  ,0,0,0,0,0,0,0,0,0,4000,0,0,0,4000,0,4000,4000
055332,奇力新兆豐98購01,0,0,0,0,0,0,0,0,0,4000,0,0,0,74000,70000,4000,4000
054984,華泰元富97購01  ,0,0,0,0,0,0,0,0,0,4000,0,0,0,34000,30000,4000,4000
055026,健和興國泰98購01,0,0,0,0,0,0,0,0,0,4000,0,0,0,4000,0,4000,4000
05475P,聯茂亞東95售01  ,0,0,0,0,0,0,0,0,0,4000,0,0,0,4000,0,4000,4000
054752,易華電凱基97購02,0,0,0,0,0,0,0,0,0,4000,0,0,0,110000,106000,4000,4000
054668,傳奇元富97購03  ,0,0,0,0,0,0,0,0,0,4000,0,0,0,32000,28000,4000,4000
054664,台表科元大97購04,0,0,0,0,0,0,0,0,0,4000,0,0,0,4000,0,4000,4000
054297,台郡元大98購01  ,0,0,0,0,0,0,0,0,0,4000,0,0,0,15000,11000,4000,4000
054368,鴻海中信9A購02  ,0,0,0,0,0,0,0,0,0,4000,0,0,0,4000,0,4000,4000
054437,欣興台新97購02  ,0,0,0,0,0,0,0,0,0,4000,0,0,0,30000,26000,4000,4000
053063,力山群益98購01  ,0,350000,-350000,0,0,0,0,0,0,354000,0,0,0,476000,122000,354000,4000
052949,智易國票97購02  ,0,350000,-350000,0,0,0,0,0,0,354000,0,0,0,364000,10000,354000,4000
053451,致新凱基96購02  ,0,0,0,0,0,0,0,0,0,4000,0,0,0,4000,0,4000,4000
053705,滬深2X凱基99購01,0,0,0,0,0,0,0,0,0,4000,0,0,0,10000,6000,4000,4000
053781,友達元大9B購03  ,0,0,0,0,0,0,0,0,0,4000,0,0,0,63000,59000,4000,4000
2527,宏璟            ,13000,9000,4000,0,0,0,0,0,0,0,0,0,0,0,0,0,4000
2704,國賓            ,26000,22000,4000,0,0,0,0,0,0,0,0,0,0,0,0,0,4000
3011,今皓            ,4000,0,4000,0,0,0,0,0,0,0,0,0,0,0,0,0,4000
3047,訊舟            ,14000,9000,5000,0,0,0,0,0,0,-1000,0,1000,-1000,0,0,0,4000
1773,勝一            ,19000,15000,4000,0,0,0,0,0,0,0,0,0,0,0,0,0,4000
2106,建大            ,66000,63000,3000,0,0,0,0,0,0,1000,2000,1000,1000,0,0,0,4000
2115,六暉-KY         ,5000,1000,4000,0,0,0,0,0,0,0,0,0,0,0,0,0,4000
2402,毅嘉            ,83000,79000,4000,0,0,0,0,0,0,0,0,0,0,0,0,0,4000
06470P,臺股指凱基99售10,0,0,0,0,0,0,0,0,0,4000,0,0,0,176000,172000,4000,4000
06445P,大立光凱基98售09,0,0,0,0,0,0,0,0,0,4000,0,0,0,75000,71000,4000,4000
06606P,訊芯元富98售02  ,0,0,0,0,0,0,0,0,0,4000,0,0,0,26000,22000,4000,4000
9926,新海            ,5000,1000,4000,0,0,0,0,0,0,0,0,0,0,0,0,0,4000
4576,大銀微系統      ,7000,3000,4000,0,0,0,0,0,0,0,0,0,0,0,0,0,4000
4720,德淵            ,5000,4000,1000,0,0,0,0,0,0,3000,20000,17000,3000,0,0,0,4000
01002T,土銀國泰R1      ,3922,0,3922,0,0,0,0,0,0,0,0,0,0,0,0,0,3922
00714,群益道瓊美國地產,0,0,0,0,0,0,0,0,0,3500,0,0,0,104000,100500,3500,3500
2929,淘帝-KY         ,90400,88000,2400,0,0,0,0,0,0,1000,0,0,0,1000,0,1000,3400
057544,鴻海凱基02購01  ,0,0,0,0,0,0,0,0,0,3000,0,0,0,16000,13000,3000,3000
05744P,台表科元大96售04,0,0,0,0,0,0,0,0,0,3000,0,0,0,3000,0,3000,3000
056826,A50正2富邦9B購02,0,0,0,0,0,0,0,0,0,3000,0,0,0,4000,1000,3000,3000
057028,台郡凱基99購02  ,0,0,0,0,0,0,0,0,0,3000,0,0,0,3000,0,3000,3000
057162,上銀元大98購03  ,0,0,0,0,0,0,0,0,0,3000,0,0,0,174000,171000,3000,3000
057177,奇力新元大99購04,0,0,0,0,0,0,0,0,0,3000,0,0,0,30000,27000,3000,3000
057323,智邦群益98購01  ,0,0,0,0,0,0,0,0,0,3000,0,0,0,87000,84000,3000,3000
056604,鴻海富邦9A購01  ,0,0,0,0,0,0,0,0,0,3000,0,0,0,8000,5000,3000,3000
056229,可成凱基97購04  ,0,0,0,0,0,0,0,0,0,3000,0,0,0,25000,22000,3000,3000
056390,台積電富邦9B購01,0,0,0,0,0,0,0,0,0,3000,0,0,0,30000,27000,3000,3000
056420,台表科元富98購01,0,0,0,0,0,0,0,0,0,3000,0,0,0,20000,17000,3000,3000
056422,全新統一98購02  ,0,0,0,0,0,0,0,0,0,3000,0,0,0,73000,70000,3000,3000
056456,群創凱基9B購01  ,0,0,0,0,0,0,0,0,0,3000,0,0,0,3000,0,3000,3000
056360,智邦元大98購01  ,0,0,0,0,0,0,0,0,0,3000,0,0,0,73000,70000,3000,3000
055890,鴻海統一99購01  ,0,0,0,0,0,0,0,0,0,3000,0,0,0,51000,48000,3000,3000
055829,上銀元大97購06  ,0,0,0,0,0,0,0,0,0,3000,0,0,0,74000,71000,3000,3000
056071,創意元大97購02  ,0,0,0,0,0,0,0,0,0,3000,0,0,0,3000,0,3000,3000
055789,台虹凱基97購01  ,0,0,0,0,0,0,0,0,0,3000,0,0,0,180000,177000,3000,3000
055811,國巨國票98購05  ,0,0,0,0,0,0,0,0,0,3000,0,0,0,38000,35000,3000,3000
055584,國巨元大97購11  ,0,0,0,0,0,0,0,0,0,3000,0,0,0,28000,25000,3000,3000
042501,台灣50凱基96購06,0,0,0,0,0,0,0,0,0,3000,0,0,0,3000,0,3000,3000
042237,鴻海永昌93購01  ,0,0,0,0,0,0,0,0,0,3000,0,0,0,6000,3000,3000,3000
046291,友達統一94購01  ,0,0,0,0,0,0,0,0,0,3000,0,0,0,3000,0,3000,3000
046652,上銀元大93購02  ,0,0,0,0,0,0,0,0,0,3000,0,0,0,3000,0,3000,3000
044673,上銀凱基93購04  ,0,0,0,0,0,0,0,0,0,3000,0,0,0,3000,0,3000,3000
046662,大立光元大93購14,0,0,0,0,0,0,0,0,0,3000,0,0,0,3000,0,3000,3000
047675,群創元富96購03  ,0,0,0,0,0,0,0,0,0,3000,0,0,0,3000,0,3000,3000
044859,南電亞東93購01  ,0,0,0,0,0,0,0,0,0,3000,0,0,0,63000,60000,3000,3000
044768,深中小元大94購02,0,0,0,0,0,0,0,0,0,3000,0,0,0,3000,0,3000,3000
048856,高鐵群益94購01  ,0,0,0,0,0,0,0,0,0,3000,0,0,0,100000,97000,3000,3000
048739,華新科統一94購02,0,0,0,0,0,0,0,0,0,3000,0,0,0,3000,0,3000,3000
049494,華新科元大95購05,0,0,0,0,0,0,0,0,0,3000,0,0,0,3000,0,3000,3000
052346,訊芯凱基95購01  ,0,0,0,0,0,0,0,0,0,3000,0,0,0,3000,0,3000,3000
050154,可成群益94購05  ,0,0,0,0,0,0,0,0,0,3000,0,0,0,3000,0,3000,3000
050058,國巨凱基94購06  ,0,0,0,0,0,0,0,0,0,3000,0,0,0,5000,2000,3000,3000
050059,旺宏凱基94購03  ,0,0,0,0,0,0,0,0,0,3000,0,0,0,5000,2000,3000,3000
050189,旭富元大94購01  ,0,0,0,0,0,0,0,0,0,3000,0,0,0,29000,26000,3000,3000
052689,玉晶光元大98購03,0,0,0,0,0,0,0,0,0,3000,0,0,0,3000,0,3000,3000
052695,台表科中信98購01,0,0,0,0,0,0,0,0,0,3000,0,0,0,20000,17000,3000,3000
05056P,訊芯群益95售01  ,0,0,0,0,0,0,0,0,0,3000,0,0,0,21000,18000,3000,3000
049172,鴻海凱基94購14  ,0,0,0,0,0,0,0,0,0,3000,0,0,0,31000,28000,3000,3000
049260,華新科元大96購01,0,0,0,0,0,0,0,0,0,3000,0,0,0,25000,22000,3000,3000
051286,國巨統一97購01  ,0,0,0,0,0,0,0,0,0,3000,0,0,0,3000,0,3000,3000
053719,可成凱基96購08  ,0,0,0,0,0,0,0,0,0,3000,0,0,0,20000,17000,3000,3000
05371P,臺股指中信95售10,0,0,0,0,0,0,0,0,0,3000,0,0,0,33000,30000,3000,3000
053891,欣興群益98購01  ,0,0,0,0,0,0,0,0,0,3000,0,0,0,17000,14000,3000,3000
053963,百和永豐96購01  ,0,0,0,0,0,0,0,0,0,3000,0,0,0,3000,0,3000,3000
054207,國巨國票98購01  ,0,0,0,0,0,0,0,0,0,3000,0,0,0,3000,0,3000,3000
053384,聯發科元大96購13,0,0,0,0,0,0,0,0,0,3000,0,0,0,687000,684000,3000,3000
053489,上銀兆豐97購01  ,0,0,0,0,0,0,0,0,0,3000,0,0,0,3000,0,3000,3000
053226,國巨台新97購02  ,0,0,0,0,0,0,0,0,0,3000,0,0,0,5000,2000,3000,3000
053031,華新科第一96購01,0,0,0,0,0,0,0,0,0,3000,0,0,0,3000,0,3000,3000
053108,南亞科兆豐96購01,0,0,0,0,0,0,0,0,0,3000,0,0,0,41000,38000,3000,3000
053183,大立光元富96購03,0,0,0,0,0,0,0,0,0,3000,0,0,0,5000,2000,3000,3000
054389,為升元富96購02  ,0,0,0,0,0,0,0,0,0,3000,0,0,0,3000,0,3000,3000
054358,矽創兆豐96購01  ,0,0,0,0,0,0,0,0,0,3000,0,0,0,3000,0,3000,3000
054371,台積電中信9C購01,0,0,0,0,0,0,0,0,0,3000,0,0,0,56000,53000,3000,3000
054700,致新永豐97購01  ,0,0,0,0,0,0,0,0,0,3000,0,0,0,3000,0,3000,3000
054570,易華電群益98購01,0,0,0,0,0,0,0,0,0,3000,0,0,0,3000,0,3000,3000
054894,GIS統一97購01   ,0,0,0,0,0,0,0,0,0,3000,0,0,0,3000,0,3000,3000
055309,冠德群益97購01  ,0,0,0,0,0,0,0,0,0,3000,0,0,0,3000,0,3000,3000
3209,全科            ,23000,19000,4000,0,0,0,0,0,0,-1000,1000,2000,-1000,0,0,0,3000
3266,昇陽            ,12000,9000,3000,0,0,0,0,0,0,0,0,0,0,0,0,0,3000
3296,勝德            ,1000,0,1000,0,0,0,0,0,0,2000,2000,0,2000,0,0,0,3000
3305,昇貿            ,15000,12000,3000,0,0,0,0,0,0,0,0,0,0,0,0,0,3000
2433,互盛電          ,16000,13000,3000,0,0,0,0,0,0,0,0,0,0,0,0,0,3000
2243,宏旭-KY         ,0,0,0,0,0,0,0,0,0,3000,3000,0,3000,0,0,0,3000
1737,臺鹽            ,32000,29000,3000,0,0,0,0,0,0,0,0,0,0,0,0,0,3000
1419,新紡            ,5000,2000,3000,0,0,0,0,0,0,0,0,0,0,0,0,0,3000
1540,喬福            ,13000,10000,3000,0,0,0,0,0,0,0,0,0,0,0,0,0,3000
06680P,智邦元大98售06  ,0,0,0,0,0,0,0,0,0,3000,0,0,0,80000,77000,3000,3000
06398P,禾伸堂凱基97售02,0,0,0,0,0,0,0,0,0,3000,0,0,0,13000,10000,3000,3000
06160P,台達電群益97售01,0,0,0,0,0,0,0,0,0,3000,0,0,0,39000,36000,3000,3000
06165P,臺股指凱基9A售03,0,0,0,0,0,0,0,0,0,3000,0,0,0,3000,0,3000,3000
06071P,大立光永豐97售01,0,0,0,0,0,0,0,0,0,3000,0,0,0,19000,16000,3000,3000
06058P,玉晶光凱基97售04,0,0,0,0,0,0,0,0,0,3000,0,0,0,4000,1000,3000,3000
4557,永新-KY         ,3000,0,3000,0,0,0,0,0,0,0,0,0,0,0,0,0,3000
4999,鑫禾            ,4000,1000,3000,0,0,0,0,0,0,0,0,0,0,0,0,0,3000
910322,康師傅-DR       ,3000,0,3000,0,0,0,0,0,0,0,0,0,0,0,0,0,3000
9911,櫻花            ,238000,235000,3000,0,0,0,0,0,0,0,0,0,0,0,0,0,3000
8404,百和興業-KY     ,60160,58000,2160,0,0,0,0,0,0,0,0,0,0,0,0,0,2160
055553,聯發科凱基97購05,0,0,0,0,0,0,0,0,0,2000,0,0,0,53000,51000,2000,2000
056237,智邦群益97購02  ,0,0,0,0,0,0,0,0,0,2000,0,0,0,137000,135000,2000,2000
056156,禾伸堂凱基98購04,0,0,0,0,0,0,0,0,0,2000,0,0,0,6000,4000,2000,2000
056632,鴻海永昌98購01  ,0,0,0,0,0,0,0,0,0,2000,0,0,0,83000,81000,2000,2000
056616,台光電永豐98購01,0,0,0,0,0,0,0,0,0,2000,0,0,0,64000,62000,2000,2000
057275,友達元大9A購04  ,0,0,0,0,0,0,0,0,0,2000,0,0,0,2000,0,2000,2000
05733P,臺股指統一96售03,0,0,0,0,0,0,0,0,0,2000,0,0,0,12000,10000,2000,2000
057346,鴻海統一98購13  ,0,0,0,0,0,0,0,0,0,2000,0,0,0,50000,48000,2000,2000
057093,臻鼎元富98購02  ,0,0,0,0,0,0,0,0,0,2000,0,0,0,50000,48000,2000,2000
057016,中石化凱基9B購01,0,0,0,0,0,0,0,0,0,2000,0,0,0,30000,28000,2000,2000
056904,大立光元大99購05,0,0,0,0,0,0,0,0,0,2000,0,0,0,3000,1000,2000,2000
057480,技嘉元大98購03  ,0,0,0,0,0,0,0,0,0,2000,0,0,0,19000,17000,2000,2000
05754P,臺股指中信99售03,0,0,0,0,0,0,0,0,0,2000,0,0,0,2000,0,2000,2000
057637,上銀元大98購07  ,0,0,0,0,0,0,0,0,0,2000,0,0,0,2000,0,2000,2000
057664,台積電元大9A購03,0,0,0,0,0,0,0,0,0,2000,0,0,0,520000,518000,2000,2000
05971P,世紀鋼永豐96售04,0,0,0,0,0,0,0,0,0,2000,0,0,0,12000,10000,2000,2000
05977P,旺宏永豐96售06  ,0,0,0,0,0,0,0,0,0,2000,0,0,0,2000,0,2000,2000
05840P,臺股指富邦96售07,0,0,0,0,0,0,0,0,0,2000,0,0,0,10000,8000,2000,2000
05848P,臺股指元大96售24,0,0,0,0,0,0,0,0,0,2000,0,0,0,2000,0,2000,2000
050155,華新科群益95購01,0,0,0,0,0,0,0,0,0,2000,0,0,0,30000,28000,2000,2000
050177,聯發科元大94購11,0,0,0,0,0,0,0,0,0,2000,0,0,0,106000,104000,2000,2000
052328,台表科中信99購01,0,0,0,0,0,0,0,0,0,2000,0,0,0,92000,90000,2000,2000
052214,智伸科元大96購01,0,0,0,0,0,0,0,0,0,2000,0,0,0,10000,8000,2000,2000
052300,力成台新95購01  ,0,0,0,0,0,0,0,0,0,2000,0,0,0,2000,0,2000,2000
049003,智邦中信95購01  ,0,0,0,0,0,0,0,0,0,2000,0,0,0,104000,102000,2000,2000
048783,國巨元大94購01  ,0,0,0,0,0,0,0,0,0,2000,0,0,0,2000,0,2000,2000
046961,大立光中信95購02,0,0,0,0,0,0,0,0,0,2000,0,0,0,3000,1000,2000,2000
046740,大立光群益95購01,0,0,0,0,0,0,0,0,0,2000,0,0,0,15000,13000,2000,2000
048031,全新凱基93購02  ,0,0,0,0,0,0,0,0,0,2000,0,0,0,6000,4000,2000,2000
048260,鴻海元富93購06  ,0,0,0,0,0,0,0,0,0,2000,0,0,0,12000,10000,2000,2000
047145,鴻海群益95購01  ,0,0,0,0,0,0,0,0,0,2000,0,0,0,64000,62000,2000,2000
047088,可成元富93購03  ,0,0,0,0,0,0,0,0,0,2000,0,0,0,2000,0,2000,2000
047109,華邦電元大94購01,0,0,0,0,0,0,0,0,0,2000,0,0,0,60000,58000,2000,2000
048681,漢唐富邦96購01  ,0,0,0,0,0,0,0,0,0,2000,0,0,0,2000,0,2000,2000
048635,鴻海元大94購04  ,0,0,0,0,0,0,0,0,0,2000,0,0,0,38000,36000,2000,2000
048636,鴻海元大94購05  ,0,0,0,0,0,0,0,0,0,2000,0,0,0,37000,35000,2000,2000
045074,華新科元大93購03,0,0,0,0,0,0,0,0,0,2000,0,0,0,2000,0,2000,2000
045079,大立光元大93購05,0,0,0,0,0,0,0,0,0,2000,0,0,0,2000,0,2000,2000
04662P,臺股指國票94售01,0,0,0,0,0,0,0,0,0,2000,0,0,0,2000,0,2000,2000
04555P,元油2X群益95售01,0,0,0,0,0,0,0,0,0,2000,0,0,0,2000,0,2000,2000
044382,嘉聯益群益94購01,0,0,0,0,0,0,0,0,0,2000,0,0,0,2000,0,2000,2000
044405,材料凱基93購01  ,0,0,0,0,0,0,0,0,0,2000,0,0,0,2000,0,2000,2000
04646P,TPK凱基94售03   ,0,0,0,0,0,0,0,0,0,2000,0,0,0,62000,60000,2000,2000
046409,富邦金元大92購02,0,0,0,0,0,0,0,0,0,2000,0,0,0,2000,0,2000,2000
043854,華新科富邦93購01,0,0,0,0,0,0,0,0,0,2000,0,0,0,4000,2000,2000,2000
043656,上証反元大94購01,0,0,0,0,0,0,0,0,0,2000,0,0,0,2000,0,2000,2000
04583P,滬深2X永豐94售06,0,0,0,0,0,0,0,0,0,2000,0,0,0,2000,0,2000,2000
04223P,友達統一93售05  ,0,0,0,0,0,0,0,0,0,2000,0,0,0,2000,0,2000,2000
04219P,鴻海兆豐93售02  ,0,0,0,0,0,0,0,0,0,2000,0,0,0,2000,0,2000,2000
041990,A50正2國票97購01,0,0,0,0,0,0,0,0,0,2000,0,0,0,2000,0,2000,2000
042801,達邁元大93購01  ,0,0,0,0,0,0,0,0,0,2000,0,0,0,2000,0,2000,2000
04283P,麗豐永豐93售03  ,0,0,0,0,0,0,0,0,0,2000,0,0,0,2000,0,2000,2000
04291P,鴻海富邦93售04  ,0,0,0,0,0,0,0,0,0,2000,0,0,0,2000,0,2000,2000
03414B,臺股指凱基99熊01,0,0,0,0,0,0,0,0,0,2000,0,0,0,209000,207000,2000,2000
049252,國巨元大96購01  ,0,0,0,0,0,0,0,0,0,2000,0,0,0,2000,0,2000,2000
049156,緯穎元大96購01  ,0,0,0,0,0,0,0,0,0,2000,0,0,0,5000,3000,2000,2000
049625,智易群益95購01  ,0,199000,-199000,0,0,0,0,0,0,201000,0,0,0,201000,0,201000,2000
051684,瑞昱凱基95購02  ,0,0,0,0,0,0,0,0,0,2000,0,0,0,85000,83000,2000,2000
052533,聯發科國泰96購03,0,0,0,0,0,0,0,0,0,2000,0,0,0,35000,33000,2000,2000
052719,致新凱基96購01  ,0,0,0,0,0,0,0,0,0,2000,0,0,0,2000,0,2000,2000
052567,台積電凱基96購05,0,0,0,0,0,0,0,0,0,2000,0,0,0,5000,3000,2000,2000
052565,上銀凱基96購01  ,0,0,0,0,0,0,0,0,0,2000,0,0,0,12000,10000,2000,2000
053300,大成鋼凱基96購02,0,0,0,0,0,0,0,0,0,2000,0,0,0,2000,0,2000,2000
050280,國巨日盛94購01  ,0,0,0,0,0,0,0,0,0,2000,0,0,0,4000,2000,2000,2000
050210,華新科國票94購08,0,0,0,0,0,0,0,0,0,2000,0,0,0,2000,0,2000,2000
050254,大立光富邦96購02,0,0,0,0,0,0,0,0,0,2000,0,0,0,2000,0,2000,2000
05206P,南茂元大95售01  ,0,0,0,0,0,0,0,0,0,2000,0,0,0,30000,28000,2000,2000
050016,緯穎富邦95購01  ,0,0,0,0,0,0,0,0,0,2000,0,0,0,2000,0,2000,2000
049940,臺股指元大94購21,0,0,0,0,0,0,0,0,0,2000,0,0,0,2000,0,2000,2000
049790,滬深2X元大97購04,0,0,0,0,0,0,0,0,0,2000,0,0,0,2000,0,2000,2000
050358,致新群益94購01  ,0,0,0,0,0,0,0,0,0,2000,0,0,0,2000,0,2000,2000
050780,台表科元大96購01,0,0,0,0,0,0,0,0,0,2000,0,0,0,10000,8000,2000,2000
050649,華新科凱基96購01,0,0,0,0,0,0,0,0,0,2000,0,0,0,12000,10000,2000,2000
051838,國巨國泰97購01  ,0,0,0,0,0,0,0,0,0,2000,0,0,0,2000,0,2000,2000
051839,和鑫國泰96購01  ,0,0,0,0,0,0,0,0,0,2000,0,0,0,2000,0,2000,2000
051532,潤泰全國票96購01,0,0,0,0,0,0,0,0,0,2000,0,0,0,2000,0,2000,2000
05535P,台積電元大97售06,0,0,0,0,0,0,0,0,0,2000,0,0,0,878000,876000,2000,2000
055385,昇陽半元大98購01,0,0,0,0,0,0,0,0,0,2000,0,0,0,376000,374000,2000,2000
055480,元上證元大97購02,0,0,0,0,0,0,0,0,0,2000,0,0,0,2000,0,2000,2000
055051,藍天永豐97購01  ,0,0,0,0,0,0,0,0,0,2000,0,0,0,2000,0,2000,2000
055166,台積電統一97購05,0,0,0,0,0,0,0,0,0,2000,0,0,0,632000,630000,2000,2000
054651,台化麥證97購01  ,0,0,0,24000,22000,2000,0,0,0,2000,0,0,0,24000,22000,2000,2000
054328,台化康和96購01  ,0,0,0,0,0,0,0,0,0,2000,0,0,0,2000,0,2000,2000
053163,上証2X群益9A購02,0,0,0,0,0,0,0,0,0,2000,0,0,0,2000,0,2000,2000
053030,南亞科第一96購01,0,0,0,0,0,0,0,0,0,2000,0,0,0,2000,0,2000,2000
053233,大立光永豐96購01,0,0,0,0,0,0,0,0,0,2000,0,0,0,12000,10000,2000,2000
052658,友達元富9C購01  ,0,0,0,0,0,0,0,0,0,2000,0,0,0,62000,60000,2000,2000
053890,華新科群益98購01,0,0,0,0,0,0,0,0,0,2000,0,0,0,2000,0,2000,2000
053789,彩晶元大9C購02  ,0,0,0,0,0,0,0,0,0,2000,0,0,0,2000,0,2000,2000
053773,上銀元大96購04  ,0,0,0,0,0,0,0,0,0,2000,0,0,0,56000,54000,2000,2000
053555,日月光凱基97購01,0,0,0,0,0,0,0,0,0,2000,0,0,0,2000,0,2000,2000
8222,寶一            ,2000,0,2000,0,0,0,0,0,0,0,0,0,0,0,0,0,2000
6405,悅城            ,3000,1000,2000,0,0,0,0,0,0,0,0,0,0,0,0,0,2000
6641,基士德-KY       ,4000,2000,2000,0,0,0,0,0,0,0,0,0,0,0,0,0,2000
5906,台南-KY         ,6000,4000,2000,0,0,0,0,0,0,0,0,0,0,0,0,0,2000
6152,百一            ,3000,1000,2000,0,0,0,0,0,0,0,0,0,0,0,0,0,2000
06117P,臺股指日盛97售02,0,0,0,0,0,0,0,0,0,2000,0,0,0,4000,2000,2000,2000
06158P,玉晶光元富97售08,0,0,0,0,0,0,0,0,0,2000,0,0,0,18000,16000,2000,2000
06673P,大立光群益98售01,0,0,0,0,0,0,0,0,0,2000,0,0,0,34000,32000,2000,2000
06660P,大立光富邦9B售03,0,0,0,0,0,0,0,0,0,2000,0,0,0,2000,0,2000,2000
06738P,瑞昱兆豐98售02  ,0,0,0,0,0,0,0,0,0,2000,0,0,0,143000,141000,2000,2000
1220,台榮            ,2000,0,2000,0,0,0,0,0,0,0,0,0,0,0,0,0,2000
06462P,鴻海富邦98售01  ,0,0,0,0,0,0,0,0,0,2000,0,0,0,2000,0,2000,2000
1568,倉佑            ,3000,1000,2000,0,0,0,0,0,0,0,0,0,0,0,0,0,2000
1456,怡華            ,2000,0,2000,0,0,0,0,0,0,0,0,0,0,0,0,0,2000
1308,亞聚            ,80000,78000,2000,0,0,0,0,0,0,0,0,0,0,0,0,0,2000
2038,海光            ,3000,1000,2000,0,0,0,0,0,0,0,0,0,0,0,0,0,2000
2707,晶華            ,10000,11000,-1000,0,0,0,0,0,0,3000,0,0,0,3000,0,3000,2000
3406,玉晶光          ,504000,735000,-231000,0,0,0,163000,6000,157000,76000,227000,135000,92000,51000,67000,-16000,2000
00736,國泰新興市場    ,0,0,0,0,0,0,0,0,0,1950,0,0,0,137000,135050,1950,1950
05781P,臺股指統一99售02,0,0,0,0,0,0,0,0,0,1000,0,0,0,1000,0,1000,1000
05962P,大立光群益96售07,0,0,0,0,0,0,0,0,0,1000,0,0,0,3000,2000,1000,1000
06039P,亞光台新96售03  ,0,0,0,0,0,0,0,0,0,1000,0,0,0,25000,24000,1000,1000
05769P,台積電凱基96售16,0,0,0,0,0,0,0,0,0,1000,0,0,0,1000,0,1000,1000
057648,和碩元大98購01  ,0,0,0,0,0,0,0,0,0,1000,0,0,0,1000,0,1000,1000
057636,上銀元大98購06  ,0,0,0,0,0,0,0,0,0,1000,0,0,0,1000,0,1000,1000
056946,國巨統一98購05  ,0,0,0,0,0,0,0,0,0,1000,0,0,0,28000,27000,1000,1000
057040,國巨元大98購12  ,0,0,0,0,0,0,0,0,0,1000,0,0,0,101000,100000,1000,1000
057373,大立光元大98購17,0,0,0,0,0,0,0,0,0,1000,0,0,0,1000,0,1000,1000
057316,國巨凱基99購04  ,0,0,0,0,0,0,0,0,0,1000,0,0,0,10000,9000,1000,1000
057214,瑞昱群益98購01  ,0,0,0,0,0,0,0,0,0,1000,0,0,0,53000,52000,1000,1000
057116,鴻海日盛9A購01  ,0,0,0,0,0,0,0,0,0,1000,0,0,0,2000,1000,1000,1000
056665,上証2X國票99購02,0,0,0,0,0,0,0,0,0,1000,0,0,0,2000,1000,1000,1000
056754,智易兆豐99購01  ,0,0,0,0,0,0,0,0,0,1000,0,0,0,26000,25000,1000,1000
056730,元油2X凱基9A購04,0,0,0,0,0,0,0,0,0,1000,0,0,0,1000,0,1000,1000
05670P,台積電國票98售01,0,0,0,0,0,0,0,0,0,1000,0,0,0,2000,1000,1000,1000
056295,國巨元大97購16  ,0,0,0,0,0,0,0,0,0,1000,0,0,0,1000,0,1000,1000
056383,上銀國泰99購01  ,0,0,0,0,0,0,0,0,0,1000,0,0,0,1000,0,1000,1000
056437,台積電凱基98購11,0,0,0,0,0,0,0,0,0,1000,0,0,0,2000,1000,1000,1000
055633,牧德永豐97購02  ,0,0,0,0,0,0,0,0,0,1000,0,0,0,75000,74000,1000,1000
055806,致新永豐97購02  ,0,0,0,0,0,0,0,0,0,1000,0,0,0,1000,0,1000,1000
055762,智伸科群益97購01,0,0,0,0,0,0,0,0,0,1000,0,0,0,6000,5000,1000,1000
055687,瀚宇博凱基97購01,0,0,0,0,0,0,0,0,0,1000,0,0,0,8000,7000,1000,1000
055928,南亞科群益97購02,0,0,0,0,0,0,0,0,0,1000,0,0,0,1000,0,1000,1000
03007X,元展07          ,0,0,0,0,0,0,0,0,0,1000,0,0,0,1000,0,1000,1000
04179P,滬深2X國票93售03,0,0,0,0,0,0,0,0,0,1000,0,0,0,1000,0,1000,1000
00702,國泰標普低波高息,0,0,0,0,0,0,0,0,0,1000,0,0,0,2000,1000,1000,1000
00654R,富邦印度反1     ,0,0,0,0,0,0,0,0,0,1000,0,0,0,1000,0,1000,1000
03432B,臺股指凱基98熊13,0,0,0,0,0,0,0,0,0,1000,0,0,0,1000,0,1000,1000
03039P,玉晶光國票02售04,0,0,0,0,0,0,0,0,0,1000,0,0,0,1000,0,1000,1000
04584P,楠梓電永豐94售01,0,0,0,0,0,0,0,0,0,1000,0,0,0,1000,0,1000,1000
04592P,台積電元大94售10,0,0,0,0,0,0,0,0,0,1000,0,0,0,1000,0,1000,1000
04079P,燿華元大93售04  ,0,0,0,0,0,0,0,0,0,1000,0,0,0,1000,0,1000,1000
04106P,滬深2X永豐93售02,0,0,0,0,0,0,0,0,0,1000,0,0,0,1000,0,1000,1000
038489,T50反1台新9A購01,6000,0,6000,0,0,0,0,0,0,-5000,0,0,0,0,5000,-5000,1000
03612C,臺股指元大95牛01,0,0,0,0,0,0,0,0,0,1000,0,0,0,21000,20000,1000,1000
04363P,儒鴻元富94售01  ,0,0,0,0,0,0,0,0,0,1000,0,0,0,1000,0,1000,1000
043735,元金2X元大94購01,0,0,0,0,0,0,0,0,0,1000,0,0,0,1000,0,1000,1000
046353,聯發科群益92購04,0,0,0,0,0,0,0,0,0,1000,0,0,0,1000,0,1000,1000
047768,大立光元大95購01,0,0,0,0,0,0,0,0,0,1000,0,0,0,1000,0,1000,1000
044875,玉晶光統一93購01,0,0,0,0,0,0,0,0,0,1000,0,0,0,17000,16000,1000,1000
045361,鈺齊凱基93購01  ,0,0,0,0,0,0,0,0,0,1000,0,0,0,1000,0,1000,1000
048580,台達電富邦93購01,0,0,0,0,0,0,0,0,0,1000,0,0,0,1000,0,1000,1000
047107,上銀元大93購04  ,0,0,0,0,0,0,0,0,0,1000,0,0,0,1000,0,1000,1000
046891,南亞科群益93購01,0,0,0,0,0,0,0,0,0,1000,0,0,0,1000,0,1000,1000
048221,鴻海凱基95購01  ,0,0,0,0,0,0,0,0,0,1000,0,0,0,29000,28000,1000,1000
048844,訊芯凱基94購02  ,0,0,0,0,0,0,0,0,0,1000,0,0,0,1000,0,1000,1000
047015,上銀元大93購03  ,0,0,0,0,0,0,0,0,0,1000,0,0,0,1000,0,1000,1000
047908,南亞科元大93購02,0,0,0,0,0,0,0,0,0,1000,0,0,0,1000,0,1000,1000
049039,富邦金兆豐94購01,0,0,0,0,0,0,0,0,0,1000,0,0,0,1000,0,1000,1000
048570,鈺齊元大93購01  ,0,0,0,0,0,0,0,0,0,1000,0,0,0,1000,0,1000,1000
049483,台積電元大94購12,0,0,0,0,0,0,0,0,0,1000,0,0,0,1000,0,1000,1000
050153,義隆群益94購01  ,0,0,0,0,0,0,0,0,0,1000,0,0,0,1000,0,1000,1000
051604,喬山群益95購01  ,0,0,0,0,0,0,0,0,0,1000,0,0,0,83000,82000,1000,1000
051819,燿華統一96購01  ,0,0,0,0,0,0,0,0,0,1000,0,0,0,1000,0,1000,1000
050696,台光電凱基96購01,0,0,0,0,0,0,0,0,0,1000,0,0,0,1000,0,1000,1000
05111P,台積電統一95售04,0,0,0,0,0,0,0,0,0,1000,0,0,0,20000,19000,1000,1000
050996,隆達元大95購01  ,0,0,0,0,0,0,0,0,0,1000,0,0,0,1000,0,1000,1000
050923,南亞科凱基95購03,0,0,0,0,0,0,0,0,0,1000,0,0,0,1000,0,1000,1000
050366,鴻海元大94購19  ,0,0,0,0,0,0,0,0,0,1000,0,0,0,19000,18000,1000,1000
049582,台積電元大95購03,0,0,0,0,0,0,0,0,0,1000,0,0,0,178000,177000,1000,1000
050286,為升凱基94購05  ,0,0,0,0,0,0,0,0,0,1000,0,0,0,1000,0,1000,1000
049714,國巨凱基94購02  ,0,0,0,0,0,0,0,0,0,1000,0,0,0,1000,0,1000,1000
049905,為升元大94購05  ,0,0,0,0,0,0,0,0,0,1000,0,0,0,1000,0,1000,1000
050020,為升元大94購06  ,0,0,0,0,0,0,0,0,0,1000,0,0,0,1000,0,1000,1000
05169P,玉晶光元大95售03,0,0,0,0,0,0,0,0,0,1000,0,0,0,1000,0,1000,1000
051695,元金2X中信98購01,0,0,0,0,0,0,0,0,0,1000,0,0,0,1000,0,1000,1000
049793,為升元大94購04  ,0,0,0,0,0,0,0,0,0,1000,0,0,0,1000,0,1000,1000
049796,國巨元大94購10  ,0,0,0,0,0,0,0,0,0,1000,0,0,0,1000,0,1000,1000
051752,緯穎富邦96購01  ,0,0,0,0,0,0,0,0,0,1000,0,0,0,15000,14000,1000,1000
050257,為升元大94購07  ,0,0,0,0,0,0,0,0,0,1000,0,0,0,1000,0,1000,1000
052011,欣興中信96購01  ,0,0,0,0,0,0,0,0,0,1000,0,0,0,6000,5000,1000,1000
050262,台積電元大94購21,0,0,0,0,0,0,0,0,0,1000,0,0,0,1000,0,1000,1000
052627,中壽中信98購01  ,0,0,0,0,0,0,0,0,0,1000,0,0,0,1000,0,1000,1000
052573,智伸科凱基97購01,0,0,0,0,0,0,0,0,0,1000,0,0,0,1000,0,1000,1000
05269P,臻鼎元大95售05  ,0,0,0,0,0,0,0,0,0,1000,0,0,0,1000,0,1000,1000
052682,上銀元大97購01  ,0,0,0,0,0,0,0,0,0,1000,0,0,0,1000,0,1000,1000
052540,華新科統一95購03,0,0,0,0,0,0,0,0,0,1000,0,0,0,1000,0,1000,1000
05251P,喬山台新95售02  ,0,0,0,0,0,0,0,0,0,1000,0,0,0,40000,39000,1000,1000
050586,康友國票94購01  ,0,0,0,0,0,0,0,0,0,1000,0,0,0,1000,0,1000,1000
051661,華新科永昌96購01,0,0,0,0,0,0,0,0,0,1000,0,0,0,1000,0,1000,1000
049632,臺股指群益94購05,0,0,0,0,0,0,0,0,0,1000,0,0,0,21000,20000,1000,1000
05213P,台積電國票96售05,0,0,0,0,0,0,0,0,0,1000,0,0,0,2000,1000,1000,1000
05209P,鴻海凱基96售09  ,0,0,0,0,0,0,0,0,0,1000,0,0,0,1000,0,1000,1000
049134,為升元大95購01  ,0,0,0,0,0,0,0,0,0,1000,0,0,0,1000,0,1000,1000
049274,臺股指元大94購09,0,0,0,0,0,0,0,0,0,1000,0,0,0,3000,2000,1000,1000
05122P,鴻海永昌96售06  ,0,0,0,0,0,0,0,0,0,1000,0,0,0,177000,176000,1000,1000
050425,國巨凱基94購12  ,0,0,0,0,0,0,0,0,0,1000,0,0,0,1000,0,1000,1000
053830,台積電台新96購02,0,0,0,0,0,0,0,0,0,1000,0,0,0,200000,199000,1000,1000
053922,亞光國票96購01  ,0,0,0,0,0,0,0,0,0,1000,0,0,0,1000,0,1000,1000
054157,國巨亞東96購01  ,0,0,0,0,0,0,0,0,0,1000,0,0,0,11000,10000,1000,1000
053423,亞光永豐96購01  ,0,0,0,0,0,0,0,0,0,1000,0,0,0,24000,23000,1000,1000
053008,達方永豐96購01  ,0,0,0,0,0,0,0,0,0,1000,0,0,0,1000,0,1000,1000
052894,國巨群益96購03  ,0,0,0,0,0,0,0,0,0,1000,0,0,0,22000,21000,1000,1000
053037,國巨凱基96購08  ,0,0,0,0,0,0,0,0,0,1000,0,0,0,111000,110000,1000,1000
053049,T50反1國票98購01,0,0,0,0,0,0,0,0,0,1000,0,0,0,1000,0,1000,1000
054410,國巨元大96購14  ,0,0,0,0,0,0,0,0,0,1000,0,0,0,330000,329000,1000,1000
054536,宏達電富邦97購03,0,0,0,0,0,0,0,0,0,1000,0,0,0,1000,0,1000,1000
054469,同欣電凱基97購01,0,0,0,0,0,0,0,0,0,1000,0,0,0,32000,31000,1000,1000
05446P,緯穎元大95售04  ,0,0,0,0,0,0,0,0,0,1000,0,0,0,1000,0,1000,1000
054944,精元元大97購01  ,0,0,0,0,0,0,0,0,0,1000,0,0,0,1000,0,1000,1000
05550P,臺股指元大96售07,0,0,0,0,0,0,0,0,0,1000,0,0,0,1000,0,1000,1000
055395,泰鼎統一97購01  ,0,0,0,0,0,0,0,0,0,1000,0,0,0,1000,0,1000,1000
055369,友訊元大97購01  ,0,2000,-2000,0,0,0,0,0,0,3000,0,0,0,3000,0,3000,1000
055323,貿聯國票98購01  ,0,0,0,0,0,0,0,0,0,1000,0,0,0,1000,0,1000,1000
055352,奇力新凱基97購01,0,0,0,0,0,0,0,0,0,1000,0,0,0,1000,0,1000,1000
2881B,富邦金乙特      ,0,0,0,0,0,0,0,0,0,1000,1000,0,1000,0,0,0,1000
2465,麗臺            ,1000,0,1000,0,0,0,0,0,0,0,0,0,0,0,0,0,1000
1776,展宇            ,1000,0,1000,0,0,0,0,0,0,0,0,0,0,0,0,0,1000
2002A,中鋼特          ,0,0,0,0,0,0,0,0,0,1000,1000,0,1000,0,0,0,1000
2305,全友            ,3000,2000,1000,0,0,0,0,0,0,0,0,0,0,0,0,0,1000
1410,南染            ,1000,0,1000,0,0,0,0,0,0,0,0,0,0,0,0,0,1000
1608,華榮            ,24000,23000,1000,0,0,0,0,0,0,0,0,0,0,0,0,0,1000
06456P,聯發科統一98售03,0,0,0,0,0,0,0,0,0,1000,0,0,0,1000,0,1000,1000
06465P,國巨統一98售04  ,0,0,0,0,0,0,0,0,0,1000,0,0,0,12000,11000,1000,1000
06796P,臺股指凱基98售06,0,0,0,0,0,0,0,0,0,1000,0,0,0,2000,1000,1000,1000
06087P,國巨永豐97售01  ,0,0,0,0,0,0,0,0,0,1000,0,0,0,1000,0,1000,1000
06334P,臺股指群益9C售03,0,0,0,0,0,0,0,0,0,1000,0,0,0,1000,0,1000,1000
06339P,上銀統一97售06  ,0,0,0,0,0,0,0,0,0,1000,0,0,0,141000,140000,1000,1000
6142,友勁            ,0,12000,-12000,0,0,0,0,0,0,13000,13000,0,13000,0,0,0,1000
4555,氣立            ,1000,0,1000,0,0,0,0,0,0,0,0,0,0,0,0,0,1000
4439,冠星-KY         ,0,0,0,0,0,0,0,0,0,1000,1000,0,1000,0,0,0,1000
8442,威宏-KY         ,11000,2000,9000,0,0,0,0,0,0,-8000,0,8000,-8000,0,0,0,1000
911616,杜康-DR         ,2000,1000,1000,0,0,0,0,0,0,0,0,0,0,0,0,0,1000
9914,美利達          ,134000,99000,35000,0,0,0,0,0,0,-34000,7000,28000,-21000,2000,15000,-13000,1000
9941A,裕融甲特        ,0,0,0,0,0,0,0,0,0,1000,1000,0,1000,0,0,0,1000
2414,精技            ,30000,29493,507,0,0,0,0,0,0,0,0,0,0,0,0,0,507
055925,上銀群益97購01  ,0,0,0,0,0,0,0,0,0,0,0,0,0,65000,65000,0,0
055977,南亞科統一97購01,0,0,0,0,0,0,0,0,0,0,0,0,0,48000,48000,0,0
05589P,大立光中信9A售01,0,0,0,0,0,0,0,0,0,0,0,0,0,20000,20000,0,0
056095,臻鼎元富9A購01  ,0,0,0,0,0,0,0,0,0,0,0,0,0,130000,130000,0,0
056119,欣興群益97購02  ,0,0,0,0,0,0,0,0,0,0,0,0,0,13000,13000,0,0
05601P,鴻海元大97售04  ,0,0,0,0,0,0,0,0,0,0,0,0,0,80000,80000,0,0
056035,鴻海凱基97購06  ,0,0,0,0,0,0,0,0,0,0,0,0,0,77000,77000,0,0
05563P,台積電元大97售07,0,0,0,0,0,0,0,0,0,0,0,0,0,100000,100000,0,0
055619,同欣電國票98購02,0,0,0,0,0,0,0,0,0,0,0,0,0,45000,45000,0,0
055602,康控元大97購03  ,0,0,0,0,0,0,0,0,0,0,0,0,0,15000,15000,0,0
055554,聯發科凱基97購06,0,0,0,0,0,0,0,0,0,0,0,0,0,17000,17000,0,0
055535,緯創群益98購01  ,0,0,0,0,0,0,0,0,0,0,0,0,0,10000,10000,0,0
055536,嘉聯益群益99購02,0,0,0,0,0,0,0,0,0,0,0,0,0,1000,1000,0,0
055575,華新科統一98購01,0,0,0,0,0,0,0,0,0,0,0,0,0,254000,254000,0,0
055548,旺宏凱基97購02  ,0,0,0,0,0,0,0,0,0,0,0,0,0,20000,20000,0,0
055549,旺宏凱基97購03  ,0,0,0,0,0,0,0,0,0,0,0,0,0,20000,20000,0,0
056433,鴻海凱基98購09  ,0,0,0,0,0,0,0,0,0,0,0,0,0,24000,24000,0,0
056431,鴻海凱基98購07  ,0,0,0,0,0,0,0,0,0,0,0,0,0,8000,8000,0,0
056442,瑞昱凱基98購02  ,0,0,0,0,0,0,0,0,0,0,0,0,0,83000,83000,0,0
056429,華通凱基98購02  ,0,0,0,0,0,0,0,0,0,0,0,0,0,18000,18000,0,0
056404,嘉聯益群益9A購01,0,0,0,0,0,0,0,0,0,0,0,0,0,45000,45000,0,0
056361,美律元大99購02  ,0,0,0,0,0,0,0,0,0,0,0,0,0,107000,107000,0,0
056342,中工凱基98購01  ,0,0,0,0,0,0,0,0,0,0,0,0,0,40000,40000,0,0
056332,台郡國票99購01  ,0,0,0,0,0,0,0,0,0,0,0,0,0,10000,10000,0,0
056317,華通群益99購02  ,0,0,0,0,0,0,0,0,0,0,0,0,0,5000,5000,0,0
056271,嘉澤統一97購01  ,0,0,0,0,0,0,0,0,0,0,0,0,0,48000,48000,0,0
056711,亞光永豐98購01  ,0,0,0,0,0,0,0,0,0,0,0,0,0,42000,42000,0,0
056681,鴻海統一98購09  ,0,0,0,0,0,0,0,0,0,0,0,0,0,48000,48000,0,0
056684,旺宏統一98購02  ,0,0,0,0,0,0,0,0,0,0,0,0,0,48000,48000,0,0
056702,欣興國泰9A購01  ,0,0,0,0,0,0,0,0,0,0,0,0,0,66000,66000,0,0
05673P,台積電群益96售05,0,0,0,0,0,0,0,0,0,0,0,0,0,155000,155000,0,0
05666P,聯發科凱基96售14,0,0,0,0,0,0,0,0,0,0,0,0,0,18000,18000,0,0
056636,台積電日盛9A購01,0,0,0,0,0,0,0,0,0,0,0,0,0,1000,1000,0,0
056641,華通凱基98購03  ,0,0,0,0,0,0,0,0,0,0,0,0,0,18000,18000,0,0
056554,GIS凱基99購01   ,0,0,0,0,0,0,0,0,0,0,0,0,0,42000,42000,0,0
056559,華通群益98購02  ,0,0,0,0,0,0,0,0,0,0,0,0,0,8000,8000,0,0
056520,鴻海日盛99購01  ,0,0,0,0,0,0,0,0,0,0,0,0,0,6000,6000,0,0
056536,義隆凱基98購04  ,0,0,0,0,0,0,0,0,0,0,0,0,0,23000,23000,0,0
05652P,臻鼎群益96售01  ,0,0,0,0,0,0,0,0,0,0,0,0,0,20000,20000,0,0
056530,旺宏凱基98購06  ,0,0,0,0,0,0,0,0,0,0,0,0,0,20000,20000,0,0
056466,臺股指凱基99購08,0,0,0,0,0,0,0,0,0,0,0,0,0,20000,20000,0,0
05709P,大立光國票97售01,0,0,0,0,0,0,0,0,0,0,0,0,0,28000,28000,0,0
057129,聯發科凱基99購03,0,0,0,0,0,0,0,0,0,0,0,0,0,19000,19000,0,0
057127,旺宏凱基98購09  ,0,0,0,0,0,0,0,0,0,0,0,0,0,10000,10000,0,0
057121,立積康和98購01  ,0,0,0,0,0,0,0,0,0,0,0,0,0,10000,10000,0,0
057222,鴻海國票99購04  ,0,0,0,0,0,0,0,0,0,0,0,0,0,1000,1000,0,0
057219,群創群益98購10  ,0,0,0,0,0,0,0,0,0,0,0,0,0,42000,42000,0,0
057233,聯發科凱基98購14,0,0,0,0,0,0,0,0,0,0,0,0,0,210000,210000,0,0
057172,南亞科元大98購03,0,0,0,0,0,0,0,0,0,0,0,0,0,2000,2000,0,0
057173,南亞科元大98購04,0,0,0,0,0,0,0,0,0,0,0,0,0,6000,6000,0,0
057174,南亞科元大98購05,0,0,0,0,0,0,0,0,0,0,0,0,0,10000,10000,0,0
057328,京鼎群益99購02  ,0,0,0,0,0,0,0,0,0,0,0,0,0,77000,77000,0,0
057250,大立光統一98購08,0,0,0,0,0,0,0,0,0,0,0,0,0,70000,70000,0,0
057252,牧德元富98購01  ,0,0,0,0,0,0,0,0,0,0,0,0,0,160000,160000,0,0
057377,康控元大99購02  ,0,0,0,0,0,0,0,0,0,0,0,0,0,65000,65000,0,0
057378,康友元大98購02  ,0,0,0,0,0,0,0,0,0,0,0,0,0,32000,32000,0,0
057369,奇力新元大99購05,0,0,0,0,0,0,0,0,0,0,0,0,0,81000,81000,0,0
057365,智邦元大98購07  ,0,0,0,0,0,0,0,0,0,0,0,0,0,43000,43000,0,0
057363,華通元大99購02  ,0,0,0,0,0,0,0,0,0,0,0,0,0,9000,9000,0,0
057042,台積電元大98購10,0,0,0,0,0,0,0,0,0,0,0,0,0,246000,246000,0,0
057051,群創元大9B購03  ,0,0,0,0,0,0,0,0,0,0,0,0,0,44000,44000,0,0
05701P,彩晶凱基96售01  ,0,0,0,0,0,0,0,0,0,0,0,0,0,100000,100000,0,0
057090,奇力新元富98購02,0,0,0,0,0,0,0,0,0,0,0,0,0,69000,69000,0,0
057081,大立光統一98購07,0,0,0,0,0,0,0,0,0,0,0,0,0,70000,70000,0,0
056944,鴻海統一98購11  ,0,0,0,0,0,0,0,0,0,0,0,0,0,48000,48000,0,0
056958,喬山永豐98購01  ,0,0,0,0,0,0,0,0,0,0,0,0,0,68000,68000,0,0
056989,鴻海兆豐98購02  ,0,0,0,0,0,0,0,0,0,0,0,0,0,9000,9000,0,0
056905,欣興元大98購03  ,0,0,0,0,0,0,0,0,0,0,0,0,0,59000,59000,0,0
056896,南亞科元大98購01,0,0,0,0,0,0,0,0,0,0,0,0,0,5000,5000,0,0
056897,南亞科元大98購02,0,0,0,0,0,0,0,0,0,0,0,0,0,5000,5000,0,0
056898,全新元大98購02  ,0,0,0,0,0,0,0,0,0,0,0,0,0,3000,3000,0,0
056859,台積電群益98購02,0,0,0,0,0,0,0,0,0,0,0,0,0,246000,246000,0,0
056820,欣興永豐98購02  ,0,0,0,0,0,0,0,0,0,0,0,0,0,19000,19000,0,0
056809,旺宏統一98購03  ,0,0,0,0,0,0,0,0,0,0,0,0,0,48000,48000,0,0
05680P,聯發科元大96售12,0,0,0,0,0,0,0,0,0,0,0,0,0,74000,74000,0,0
056840,友達元富98購02  ,0,0,0,0,0,0,0,0,0,0,0,0,0,30000,30000,0,0
056793,臺股指群益98購03,0,0,0,0,0,0,0,0,0,0,0,0,0,73000,73000,0,0
056778,元石油群益9B購01,0,0,0,0,0,0,0,0,0,0,0,0,0,60000,60000,0,0
056790,彩晶群益98購03  ,0,0,0,0,0,0,0,0,0,0,0,0,0,21000,21000,0,0
057631,康控永豐98購02  ,0,0,0,0,0,0,0,0,0,0,0,0,0,14000,14000,0,0
057623,友訊國泰99購01  ,0,0,0,0,0,0,0,0,0,0,0,0,0,12000,12000,0,0
057609,友訊元富98購01  ,0,0,0,0,0,0,0,0,0,0,0,0,0,2000,2000,0,0
057619,玉晶光凱基98購02,0,0,0,0,0,0,0,0,0,0,0,0,0,3000,3000,0,0
057647,欣興元大98購10  ,0,0,0,0,0,0,0,0,0,0,0,0,0,26000,26000,0,0
05764P,世紀鋼永豐96售03,0,0,0,0,0,0,0,0,0,0,0,0,0,10000,10000,0,0
057652,欣興永昌9C購01  ,0,0,0,0,0,0,0,0,0,0,0,0,0,12000,12000,0,0
057600,大立光群益99購03,0,0,0,0,0,0,0,0,0,0,0,0,0,10000,10000,0,0
057598,鴻海群益98購07  ,0,0,0,0,0,0,0,0,0,0,0,0,0,8000,8000,0,0
05768P,台積電凱基96售15,0,0,0,0,0,0,0,0,0,0,0,0,0,128000,128000,0,0
057671,群創元大9B購06  ,0,0,0,0,0,0,0,0,0,0,0,0,0,114000,114000,0,0
057724,亞德客國泰99購01,0,0,0,0,0,0,0,0,0,0,0,0,0,19000,19000,0,0
057731,華擎國泰9A購02  ,0,0,0,0,0,0,0,0,0,0,0,0,0,57000,57000,0,0
05771P,大立光凱基96售13,0,0,0,0,0,0,0,0,0,0,0,0,0,27000,27000,0,0
057702,同欣電群益99購01,0,0,0,0,0,0,0,0,0,0,0,0,0,7000,7000,0,0
057554,新日興凱基99購02,0,0,0,0,0,0,0,0,0,0,0,0,0,20000,20000,0,0
057528,南亞科元大99購01,0,0,0,0,0,0,0,0,0,0,0,0,0,12000,12000,0,0
057536,康控元大99購03  ,0,0,0,0,0,0,0,0,0,0,0,0,0,16000,16000,0,0
057530,奇鋐元大99購01  ,0,0,0,0,0,0,0,0,0,0,0,0,0,3000,3000,0,0
057499,奇鋐群益98購01  ,0,0,0,0,0,0,0,0,0,0,0,0,0,11000,11000,0,0
057486,美律元大98購04  ,0,0,0,0,0,0,0,0,0,0,0,0,0,10000,10000,0,0
057495,牧德元大99購04  ,0,0,0,0,0,0,0,0,0,0,0,0,0,19000,19000,0,0
057513,智邦台新98購01  ,0,0,0,0,0,0,0,0,0,0,0,0,0,25000,25000,0,0
057477,智邦元大98購09  ,0,0,0,0,0,0,0,0,0,0,0,0,0,60000,60000,0,0
057454,上銀國泰99購02  ,0,0,0,0,0,0,0,0,0,0,0,0,0,32000,32000,0,0
05741P,聯發科元大96售14,0,0,0,0,0,0,0,0,0,0,0,0,0,234000,234000,0,0
05997P,嘉聯益群益96售02,0,0,0,0,0,0,0,0,0,0,0,0,0,60000,60000,0,0
05919P,京鼎元大96售03  ,0,0,0,0,0,0,0,0,0,0,0,0,0,89000,89000,0,0
05939P,聯發科凱基96售20,0,0,0,0,0,0,0,0,0,0,0,0,0,8000,8000,0,0
057822,牧德元大9A購01  ,0,0,0,0,0,0,0,0,0,0,0,0,0,17000,17000,0,0
057804,為升元大98購01  ,0,0,0,0,0,0,0,0,0,0,0,0,0,22000,22000,0,0
057805,華通元大98購06  ,0,0,0,0,0,0,0,0,0,0,0,0,0,13000,13000,0,0
057763,康控凱基99購02  ,0,0,0,0,0,0,0,0,0,0,0,0,0,8000,8000,0,0
057757,鴻海凱基98購13  ,0,0,0,0,0,0,0,0,0,0,0,0,0,1000,1000,0,0
057771,鴻海群益99購01  ,0,0,0,0,0,0,0,0,0,0,0,0,0,30000,30000,0,0
057772,台積電群益99購01,0,0,0,0,0,0,0,0,0,0,0,0,0,219000,219000,0,0
057773,技嘉群益9A購02  ,0,0,0,0,0,0,0,0,0,0,0,0,0,19000,19000,0,0
057774,台光電群益99購02,0,0,0,0,0,0,0,0,0,0,0,0,0,17000,17000,0,0
057837,康控國泰99購02  ,0,0,0,0,0,0,0,0,0,0,0,0,0,8000,8000,0,0
057838,台郡國泰99購01  ,0,0,0,0,0,0,0,0,0,0,0,0,0,15000,15000,0,0
05841P,華通元大96售04  ,0,0,0,0,0,0,0,0,0,0,0,0,0,30000,30000,0,0
05846P,大立光元大96售07,0,0,0,0,0,0,0,0,0,0,0,0,0,230000,230000,0,0
05872P,大立光凱基96售15,0,0,0,0,0,0,0,0,0,0,0,0,0,9000,9000,0,0
05852P,嘉晶群益96售01  ,0,0,0,0,0,0,0,0,0,0,0,0,0,10000,10000,0,0
05892P,大立光中信98售03,0,0,0,0,0,0,0,0,0,0,0,0,0,9000,9000,0,0
05902P,華通國票96售02  ,0,0,0,0,0,0,0,0,0,0,0,0,0,10000,10000,0,0
05899P,臺股指凱基96售30,0,0,0,0,0,0,0,0,0,0,0,0,0,3000,3000,0,0
050187,群創元大94購03  ,0,0,0,0,0,0,0,0,0,0,0,0,0,22000,22000,0,0
049486,旺宏元大94購08  ,0,0,0,0,0,0,0,0,0,0,0,0,0,22000,22000,0,0
049490,京元電元大95購02,0,0,0,0,0,0,0,0,0,0,0,0,0,12000,12000,0,0
052349,鴻海統一95購15  ,0,0,0,0,0,0,0,0,0,0,0,0,0,48000,48000,0,0
049430,國巨國票95購02  ,0,0,0,0,0,0,0,0,0,0,0,0,0,30000,30000,0,0
052229,奇力新凱基96購01,0,0,0,0,0,0,0,0,0,0,0,0,0,8000,8000,0,0
052188,欣興群益95購03  ,0,0,0,0,0,0,0,0,0,0,0,0,0,11000,11000,0,0
048054,鴻海國泰95購01  ,0,0,0,0,0,0,0,0,0,0,0,0,0,9000,9000,0,0
048503,百和元大93購02  ,0,0,0,0,0,0,0,0,0,0,0,0,0,4000,4000,0,0
048544,欣興永豐94購01  ,0,0,0,0,0,0,0,0,0,0,0,0,0,15000,15000,0,0
048406,欣興群益93購09  ,0,0,0,0,0,0,0,0,0,0,0,0,0,12000,12000,0,0
048441,台積電凱基93購29,0,0,0,0,0,0,0,0,0,0,0,0,0,10000,10000,0,0
048336,光磊元大93購02  ,0,0,0,0,0,0,0,0,0,0,0,0,0,68000,68000,0,0
048367,華邦電統一93購01,0,0,0,0,0,0,0,0,0,0,0,0,0,10000,10000,0,0
048376,台達電元富93購01,0,0,0,0,0,0,0,0,0,0,0,0,0,10000,10000,0,0
048384,遠東新國票94購01,0,0,0,0,0,0,0,0,0,0,0,0,0,20000,20000,0,0
048938,玉晶光永豐95購02,0,0,0,0,0,0,0,0,0,0,0,0,0,56000,56000,0,0
048981,牧德元大94購01  ,0,0,0,0,0,0,0,0,0,0,0,0,0,20000,20000,0,0
048983,牧德元大95購01  ,0,0,0,0,0,0,0,0,0,0,0,0,0,17000,17000,0,0
048094,大立光凱基93購31,0,0,0,0,0,0,0,0,0,0,0,0,0,350000,350000,0,0
048113,欣興群益93購08  ,0,0,0,0,0,0,0,0,0,0,0,0,0,13000,13000,0,0
047911,晶技麥證94購01  ,0,0,0,6000,0,6000,0,0,0,0,0,0,0,6000,6000,0,0
048711,台郡台新94購01  ,0,0,0,0,0,0,0,0,0,0,0,0,0,10000,10000,0,0
046949,群創元大99購01  ,0,0,0,0,0,0,0,0,0,0,0,0,0,89000,89000,0,0
048784,台積電元大94購04,0,0,0,0,0,0,0,0,0,0,0,0,0,6000,6000,0,0
048752,廣越元富95購01  ,0,0,0,0,0,0,0,0,0,0,0,0,0,10000,10000,0,0
046986,台積電凱基93購09,0,0,0,0,0,0,0,0,0,0,0,0,0,10000,10000,0,0
046771,聯發科國泰94購02,0,0,0,0,0,0,0,0,0,0,0,0,0,150000,150000,0,0
047476,鴻海凱基94購08  ,0,0,0,0,0,0,0,0,0,0,0,0,0,22000,22000,0,0
047558,臻鼎凱基93購06  ,0,0,0,0,0,0,0,0,0,0,0,0,0,20000,20000,0,0
047546,瑞昱凱基93購06  ,0,0,0,0,0,0,0,0,0,0,0,0,0,10000,10000,0,0
047353,台郡凱基93購03  ,0,0,0,0,0,0,0,0,0,0,0,0,0,10000,10000,0,0
04726P,TPK凱基94售04   ,0,0,0,0,0,0,0,0,0,0,0,0,0,60000,60000,0,0
047288,台郡統一93購01  ,0,0,0,0,0,0,0,0,0,0,0,0,0,10000,10000,0,0
047222,鴻海凱基94購04  ,0,0,0,0,0,0,0,0,0,0,0,0,0,10000,10000,0,0
048834,牧德凱基94購01  ,0,0,0,0,0,0,0,0,0,0,0,0,0,15000,15000,0,0
048019,GIS麥證94購01   ,0,0,0,20000,20000,0,0,0,0,0,0,0,0,20000,20000,0,0
048026,瑞昱凱基94購01  ,0,0,0,0,0,0,0,0,0,0,0,0,0,1000,1000,0,0
048811,鴻海日盛94購01  ,0,0,0,0,0,0,0,0,0,0,0,0,0,3000,3000,0,0
048220,鴻海凱基93購35  ,0,0,0,0,0,0,0,0,0,0,0,0,0,1000,1000,0,0
048200,欣興元大93購07  ,0,0,0,0,0,0,0,0,0,0,0,0,0,11000,11000,0,0
048263,台積電元富95購01,0,0,0,0,0,0,0,0,0,0,0,0,0,20000,20000,0,0
048298,華通麥證94購01  ,0,0,0,2000,0,2000,0,0,0,0,0,0,0,2000,2000,0,0
048293,聯詠群益93購04  ,0,0,0,0,0,0,0,0,0,0,0,0,0,6000,6000,0,0
046814,鴻海凱基93購20  ,0,0,0,0,0,0,0,0,0,0,0,0,0,10000,10000,0,0
046806,瀚宇博元大93購03,0,0,0,0,0,0,0,0,0,0,0,0,0,100000,100000,0,0
046844,旺宏永豐93購01  ,0,0,0,0,0,0,0,0,0,0,0,0,0,100000,100000,0,0
046929,大立光統一93購03,0,0,0,0,0,0,0,0,0,0,0,0,0,10000,10000,0,0
04711P,台光電元大94售05,0,0,0,0,0,0,0,0,0,0,0,0,0,25000,25000,0,0
048001,中工元大96購01  ,0,0,0,0,0,0,0,0,0,0,0,0,0,73000,73000,0,0
047671,T50反1統一93購04,0,0,0,0,0,0,0,0,0,0,0,0,0,1000,1000,0,0
047647,麗豐元大93購03  ,0,0,0,0,0,0,0,0,0,0,0,0,0,34000,34000,0,0
045503,群創凱基93購09  ,0,0,0,0,0,0,0,0,0,0,0,0,0,10000,10000,0,0
045504,群創凱基94購01  ,0,0,0,0,0,0,0,0,0,0,0,0,0,10000,10000,0,0
047617,瑞昱凱基93購07  ,0,0,0,0,0,0,0,0,0,0,0,0,0,10000,10000,0,0
045377,華邦電元大93購01,0,0,0,0,0,0,0,0,0,0,0,0,0,270000,270000,0,0
044850,南亞科統一94購01,0,0,0,0,0,0,0,0,0,0,0,0,0,48000,48000,0,0
044763,瀚宇博凱基93購01,0,0,0,0,0,0,0,0,0,0,0,0,0,80000,80000,0,0
047806,旺宏凱基93購05  ,0,0,0,0,0,0,0,0,0,0,0,0,0,10000,10000,0,0
047780,友達中信96購01  ,0,0,0,0,0,0,0,0,0,0,0,0,0,20000,20000,0,0
048642,聯發科元大94購02,0,0,0,0,0,0,0,0,0,0,0,0,0,61000,61000,0,0
048688,瑞昱群益94購01  ,0,0,0,0,0,0,0,0,0,0,0,0,0,200000,200000,0,0
047855,美律國票94購01  ,0,0,0,0,0,0,0,0,0,0,0,0,0,10000,10000,0,0
047826,台泥元大93購01  ,0,0,0,0,0,0,0,0,0,0,0,0,0,94000,94000,0,0
047830,智邦元大93購08  ,0,0,0,0,0,0,0,0,0,0,0,0,0,10000,10000,0,0
045782,欣興元大93購04  ,0,0,0,0,0,0,0,0,0,0,0,0,0,12000,12000,0,0
045700,道瓊指中信94購01,0,0,0,0,0,0,0,0,0,0,0,0,0,1000,1000,0,0
045679,欣興元大94購01  ,0,0,0,0,0,0,0,0,0,0,0,0,0,5000,5000,0,0
04456P,日月光統一94售01,0,0,0,0,0,0,0,0,0,0,0,0,0,6000,6000,0,0
044604,嘉聯益國泰93購01,0,0,0,0,0,0,0,0,0,0,0,0,0,2000,2000,0,0
045660,欣興富邦93購03  ,0,0,0,0,0,0,0,0,0,0,0,0,0,7000,7000,0,0
045663,元油2X元富94購01,0,0,0,0,0,0,0,0,0,0,0,0,0,10000,10000,0,0
046521,台郡元大92購06  ,0,0,0,0,0,0,0,0,0,0,0,0,0,10000,10000,0,0
045001,旺宏富邦94購01  ,0,0,0,0,0,0,0,0,0,0,0,0,0,40000,40000,0,0
045015,玉晶光元大94購01,0,0,0,0,0,0,0,0,0,0,0,0,0,3000,3000,0,0
044563,亞德客凱基92購01,0,0,0,0,0,0,0,0,0,0,0,0,0,1000,1000,0,0
044972,元金2X國票96購01,0,0,0,0,0,0,0,0,0,0,0,0,0,10000,10000,0,0
045115,玉晶光永豐94購01,0,0,0,0,0,0,0,0,0,0,0,0,0,41000,41000,0,0
046699,臻鼎凱基93購03  ,0,0,0,0,0,0,0,0,0,0,0,0,0,20000,20000,0,0
044282,上銀凱基93購03  ,0,0,0,0,0,0,0,0,0,0,0,0,0,21000,21000,0,0
044285,鴻海凱基93購06  ,0,0,0,0,0,0,0,0,0,0,0,0,0,30000,30000,0,0
044011,鴻海凱基93購03  ,0,0,0,0,0,0,0,0,0,0,0,0,0,21000,21000,0,0
046384,群創凱基98購02  ,0,0,0,0,0,0,0,0,0,0,0,0,0,58000,58000,0,0
046385,群創凱基98購03  ,0,0,0,0,0,0,0,0,0,0,0,0,0,8000,8000,0,0
046220,滬深2X元大95購03,0,0,0,0,0,0,0,0,0,0,0,0,0,10000,10000,0,0
046064,中工凱基94購01  ,0,0,0,0,0,0,0,0,0,0,0,0,0,40000,40000,0,0
04612P,上銀群益94售01  ,0,0,0,0,0,0,0,0,0,0,0,0,0,20000,20000,0,0
043757,欣興元大93購01  ,0,0,0,0,0,0,0,0,0,0,0,0,0,8000,8000,0,0
046491,滬深2X富邦95購02,0,0,0,0,0,0,0,0,0,0,0,0,0,20000,20000,0,0
04344P,台達電國泰94售01,0,0,0,0,0,0,0,0,0,0,0,0,0,31000,31000,0,0
04345P,景碩國泰94售02  ,0,0,0,0,0,0,0,0,0,0,0,0,0,12000,12000,0,0
04335P,大成鋼元大93售01,0,0,0,0,0,0,0,0,0,0,0,0,0,4000,4000,0,0
04341P,美律永豐93售03  ,0,0,0,0,0,0,0,0,0,0,0,0,0,120000,120000,0,0
03656C,臺股指凱基99牛12,0,0,0,0,0,0,0,0,0,0,0,0,0,4000,4000,0,0
03926P,麗豐元大93售02  ,0,0,0,0,0,0,0,0,0,0,0,0,0,98000,98000,0,0
042916,佐登元大94購01  ,0,0,0,0,0,0,0,0,0,0,0,0,0,1000,1000,0,0
04253P,聯發科元富93售01,0,0,0,0,0,0,0,0,0,0,0,0,0,20000,20000,0,0
00657,國泰日經225     ,0,0,0,0,0,0,0,0,0,0,0,0,0,130000,130000,0,0
00657K,國泰日經225+U   ,0,0,0,0,0,0,0,0,0,0,0,0,0,100,100,0,0
00668K,國泰美國道瓊+U  ,0,0,0,0,0,0,0,0,0,0,0,0,0,200,200,0,0
00636K,國泰中國A50+U   ,0,0,0,0,0,0,0,0,0,0,0,0,0,100,100,0,0
0057,富邦摩台        ,0,0,0,0,0,0,0,0,0,0,0,0,0,23000,23000,0,0
00625K,富邦上証+R      ,0,0,0,0,0,0,0,0,0,0,0,0,0,50000,50000,0,0
00732,國泰RMB短期報酬 ,0,0,0,0,0,0,0,0,0,0,0,0,0,100000,100000,0,0
00742,新光內需收益    ,0,0,0,0,0,0,0,0,0,0,0,0,0,1000,1000,0,0
00776,新光ICE美國權值 ,0,0,0,0,0,0,0,0,0,0,0,0,0,1000,1000,0,0
00774B,新光中國政金綠債,0,0,0,0,0,0,0,0,0,0,0,0,0,2000,2000,0,0
00767,FH美國金融股    ,0,0,0,0,0,0,0,0,0,0,0,0,0,1000,1000,0,0
050437,聯詠凱基94購04  ,0,0,0,0,0,0,0,0,0,0,0,0,0,120000,120000,0,0
050441,和碩凱基94購01  ,0,0,0,0,0,0,0,0,0,0,0,0,0,24000,24000,0,0
050446,鴻海元大94購22  ,0,0,0,0,0,0,0,0,0,0,0,0,0,69000,69000,0,0
050470,智邦台新94購01  ,0,0,0,0,0,0,0,0,0,0,0,0,0,100000,100000,0,0
050517,台積電元大94購27,0,0,0,0,0,0,0,0,0,0,0,0,0,274000,274000,0,0
050512,台泥元大94購01  ,0,0,0,0,0,0,0,0,0,0,0,0,0,26000,26000,0,0
050513,亞泥元大94購02  ,0,0,0,0,0,0,0,0,0,0,0,0,0,38000,38000,0,0
051934,緯穎國票96購01  ,0,0,0,0,0,0,0,0,0,0,0,0,0,1000,1000,0,0
051251,信邦元大95購01  ,0,0,0,0,0,0,0,0,0,0,0,0,0,15000,15000,0,0
051254,健策元大96購04  ,0,0,0,0,0,0,0,0,0,0,0,0,0,2000,2000,0,0
051236,鴻海元大96購05  ,0,0,0,0,0,0,0,0,0,0,0,0,0,68000,68000,0,0
051239,國巨元大96購02  ,0,0,0,0,0,0,0,0,0,0,0,0,0,3000,3000,0,0
049283,滬深2X中信95購10,0,0,0,0,0,0,0,0,0,0,0,0,0,100000,100000,0,0
049229,台化富邦94購01  ,0,0,0,0,0,0,0,0,0,0,0,0,0,10000,10000,0,0
049139,台積電元大94購06,0,0,0,0,0,0,0,0,0,0,0,0,0,222000,222000,0,0
049145,南亞科元大94購01,0,0,0,0,0,0,0,0,0,0,0,0,0,4000,4000,0,0
052090,聯發科元大97購03,0,0,0,0,0,0,0,0,0,0,0,0,0,49000,49000,0,0
052148,康友群益95購03  ,0,0,0,0,0,0,0,0,0,0,0,0,0,14000,14000,0,0
049597,泰鼎元大96購01  ,0,0,0,0,0,0,0,0,0,0,0,0,0,45000,45000,0,0
049641,台達電凱基94購08,0,0,0,0,0,0,0,0,0,0,0,0,0,25000,25000,0,0
049656,臺股指凱基94購17,0,0,0,0,0,0,0,0,0,0,0,0,0,3000,3000,0,0
050371,台積電元大94購25,0,0,0,0,0,0,0,0,0,0,0,0,0,63000,63000,0,0
051670,欣興元大95購06  ,0,0,0,0,0,0,0,0,0,0,0,0,0,13000,13000,0,0
051404,牧德永豐96購01  ,0,0,0,0,0,0,0,0,0,0,0,0,0,18000,18000,0,0
05138P,嘉聯益凱基96售02,0,0,0,0,0,0,0,0,0,0,0,0,0,60000,60000,0,0
051416,創意國票96購02  ,0,0,0,0,0,0,0,0,0,0,0,0,0,10000,10000,0,0
051905,道瓊銀元大95購01,0,0,0,0,0,0,0,0,0,0,0,0,0,20000,20000,0,0
051899,欣興國泰97購01  ,0,0,0,0,0,0,0,0,0,0,0,0,0,19000,19000,0,0
050609,鴻海元大94購23  ,0,0,0,0,0,0,0,0,0,0,0,0,0,5000,5000,0,0
051309,卜蜂麥證95購01  ,0,0,0,10000,10000,0,0,0,0,0,0,0,0,10000,10000,0,0
050615,奇力新元大95購03,0,0,0,0,0,0,0,0,0,0,0,0,0,32000,32000,0,0
050561,上証2X元富97購01,0,0,0,0,0,0,0,0,0,0,0,0,0,100000,100000,0,0
050537,鴻海凱基95購05  ,0,0,0,0,0,0,0,0,0,0,0,0,0,3000,3000,0,0
049309,台達電凱基94購05,0,0,0,0,0,0,0,0,0,0,0,0,0,40000,40000,0,0
049301,致新群益95購01  ,0,0,0,0,0,0,0,0,0,0,0,0,0,20000,20000,0,0
049338,台達電統一94購04,0,0,0,0,0,0,0,0,0,0,0,0,0,30000,30000,0,0
049310,台積電凱基94購15,0,0,0,0,0,0,0,0,0,0,0,0,0,1000,1000,0,0
049356,台積電富邦94購05,0,0,0,0,0,0,0,0,0,0,0,0,0,1000,1000,0,0
049403,欣興群益94購03  ,0,0,0,0,0,0,0,0,0,0,0,0,0,14000,14000,0,0
049380,欣興元大94購04  ,0,0,0,0,0,0,0,0,0,0,0,0,0,16000,16000,0,0
049381,欣興元大94購05  ,0,0,0,0,0,0,0,0,0,0,0,0,0,11000,11000,0,0
049386,嘉聯益元大95購01,0,0,0,0,0,0,0,0,0,0,0,0,0,20000,20000,0,0
049387,緯穎元大94購03  ,0,0,0,0,0,0,0,0,0,0,0,0,0,4000,4000,0,0
052521,友達元大9B購01  ,0,0,0,0,0,0,0,0,0,0,0,0,0,232000,232000,0,0
052525,聯詠元大95購06  ,0,0,0,0,0,0,0,0,0,0,0,0,0,68000,68000,0,0
052526,智伸科元大96購02,0,0,0,0,0,0,0,0,0,0,0,0,0,100000,100000,0,0
05252P,華通凱基95售01  ,0,0,0,0,0,0,0,0,0,0,0,0,0,10000,10000,0,0
05243P,鴻海元大95售19  ,0,0,0,0,0,0,0,0,0,0,0,0,0,49000,49000,0,0
051324,康友國票96購01  ,0,0,0,0,0,0,0,0,0,0,0,0,0,10000,10000,0,0
051329,智邦永豐95購01  ,0,0,0,0,0,0,0,0,0,0,0,0,0,68000,68000,0,0
051337,欣興永豐95購02  ,0,0,0,0,0,0,0,0,0,0,0,0,0,15000,15000,0,0
051350,台積電元大95購14,0,0,0,0,0,0,0,0,0,0,0,0,0,120000,120000,0,0
052400,聯詠凱基97購01  ,0,0,0,0,0,0,0,0,0,0,0,0,0,130000,130000,0,0
052383,臺股指元大95購29,0,0,0,0,0,0,0,0,0,0,0,0,0,5000,5000,0,0
052377,景碩元大96購02  ,0,0,0,0,0,0,0,0,0,0,0,0,0,1000,1000,0,0
05135P,鴻海凱基96售07  ,0,0,0,0,0,0,0,0,0,0,0,0,0,2000,2000,0,0
052679,致伸富邦98購01  ,0,0,0,0,0,0,0,0,0,0,0,0,0,200000,200000,0,0
052666,瑞昱群益96購01  ,0,0,0,0,0,0,0,0,0,0,0,0,0,12000,12000,0,0
052662,華新科國票97購01,0,0,0,0,0,0,0,0,0,0,0,0,0,6000,6000,0,0
052807,貿聯元大98購01  ,0,0,0,0,0,0,0,0,0,0,0,0,0,22000,22000,0,0
052816,上銀永豐96購01  ,0,0,0,0,0,0,0,0,0,0,0,0,0,2000,2000,0,0
05280P,華通元大95售08  ,0,0,0,0,0,0,0,0,0,0,0,0,0,10000,10000,0,0
052831,華固群益96購01  ,150000,0,150000,0,0,0,0,0,0,-150000,0,0,0,0,150000,-150000,0
052833,康控群益96購01  ,0,0,0,0,0,0,0,0,0,0,0,0,0,6000,6000,0,0
052836,旺宏國泰98購01  ,0,0,0,0,0,0,0,0,0,0,0,0,0,30000,30000,0,0
05285P,同欣電群益95售02,0,0,0,0,0,0,0,0,0,0,0,0,0,30000,30000,0,0
052566,國巨凱基96購04  ,0,0,0,0,0,0,0,0,0,0,0,0,0,2000,2000,0,0
052551,台積電國票97購03,0,0,0,0,0,0,0,0,0,0,0,0,0,94000,94000,0,0
052546,友達中信98購01  ,0,0,0,0,0,0,0,0,0,0,0,0,0,20000,20000,0,0
052603,鴻海元大96購15  ,0,0,0,0,0,0,0,0,0,0,0,0,0,68000,68000,0,0
053323,群創群益98購07  ,0,0,0,0,0,0,0,0,0,0,0,0,0,35000,35000,0,0
050259,鴻海元大94購14  ,0,0,0,0,0,0,0,0,0,0,0,0,0,22000,22000,0,0
050269,欣興元大94購09  ,0,0,0,0,0,0,0,0,0,0,0,0,0,23000,23000,0,0
05026P,貿聯群益95售01  ,0,0,0,0,0,0,0,0,0,0,0,0,0,71000,71000,0,0
052028,健策群益95購02  ,0,0,0,0,0,0,0,0,0,0,0,0,0,17000,17000,0,0
051756,台積電元大97購04,0,0,0,0,0,0,0,0,0,0,0,0,0,137000,137000,0,0
051747,貿聯國泰96購01  ,0,0,0,0,0,0,0,0,0,0,0,0,0,22000,22000,0,0
049797,台積電元大94購17,0,0,0,0,0,0,0,0,0,0,0,0,0,146000,146000,0,0
049810,欣興元大95購03  ,0,0,0,0,0,0,0,0,0,0,0,0,0,16000,16000,0,0
051707,欣興群益95購02  ,0,0,0,0,0,0,0,0,0,0,0,0,0,13000,13000,0,0
051721,玉晶光永豐96購02,0,0,0,0,0,0,0,0,0,0,0,0,0,1000,1000,0,0
051722,玉晶光永豐97購01,0,0,0,0,0,0,0,0,0,0,0,0,0,9000,9000,0,0
050021,鴻海元大94購10  ,0,0,0,0,0,0,0,0,0,0,0,0,0,21000,21000,0,0
049973,T50反1日盛9A購01,0,0,0,0,0,0,0,0,0,0,0,0,0,60000,60000,0,0
049977,瑞昱凱基94購03  ,0,0,0,0,0,0,0,0,0,0,0,0,0,3000,3000,0,0
049980,奇力新凱基94購04,0,0,0,0,0,0,0,0,0,0,0,0,0,10000,10000,0,0
049908,鴻海元大94購08  ,0,0,0,0,0,0,0,0,0,0,0,0,0,47000,47000,0,0
049924,欣興元大95購04  ,0,0,0,0,0,0,0,0,0,0,0,0,0,15000,15000,0,0
049937,臺股指元大94購18,0,0,0,0,0,0,0,0,0,0,0,0,0,2000,2000,0,0
050028,華新科元大94購03,0,0,0,0,0,0,0,0,0,0,0,0,0,1000,1000,0,0
050040,鴻海中信94購04  ,0,0,0,0,0,0,0,0,0,0,0,0,0,68000,68000,0,0
050091,喬山永豐94購02  ,0,0,0,0,0,0,0,0,0,0,0,0,0,33000,33000,0,0
050099,台積電永昌96購01,0,0,0,0,0,0,0,0,0,0,0,0,0,156000,156000,0,0
05009P,大立光元富95售06,0,0,0,0,0,0,0,0,0,0,0,0,0,18000,18000,0,0
050108,鴻海元大94購13  ,0,0,0,0,0,0,0,0,0,0,0,0,0,10000,10000,0,0
050113,欣興元大95購05  ,0,0,0,0,0,0,0,0,0,0,0,0,0,7000,7000,0,0
051764,欣興元大95購07  ,0,0,0,0,0,0,0,0,0,0,0,0,0,6000,6000,0,0
050129,聯發科凱基94購11,0,0,0,0,0,0,0,0,0,0,0,0,0,3000,3000,0,0
049705,緯穎元大94購05  ,0,0,0,0,0,0,0,0,0,0,0,0,0,14000,14000,0,0
049780,智易統一94購02  ,0,50000,-50000,0,0,0,0,0,0,50000,0,0,0,50000,0,50000,0
050294,宏達電凱基94購04,0,0,0,0,0,0,0,0,0,0,0,0,0,5000,5000,0,0
049568,台積電統一94購08,0,0,0,0,0,0,0,0,0,0,0,0,0,26000,26000,0,0
04956P,臺股指日盛94售02,0,0,0,0,0,0,0,0,0,0,0,0,0,208000,208000,0,0
049537,元石油群益97購01,0,0,0,0,0,0,0,0,0,0,0,0,0,5000,5000,0,0
050367,鴻海元大94購20  ,0,0,0,0,0,0,0,0,0,0,0,0,0,131000,131000,0,0
050352,欣興群益95購01  ,0,0,0,0,0,0,0,0,0,0,0,0,0,15000,15000,0,0
050332,鴻海國泰96購05  ,0,0,0,0,0,0,0,0,0,0,0,0,0,4000,4000,0,0
050334,鴻海國泰96購07  ,0,0,0,0,0,0,0,0,0,0,0,0,0,1000,1000,0,0
050856,智邦台新95購01  ,0,0,0,0,0,0,0,0,0,0,0,0,0,38000,38000,0,0
050865,欣興永豐95購01  ,0,0,0,0,0,0,0,0,0,0,0,0,0,16000,16000,0,0
050995,貿聯元大95購02  ,0,0,0,0,0,0,0,0,0,0,0,0,0,10000,10000,0,0
05113P,臺股指元富95售01,0,0,0,0,0,0,0,0,0,0,0,0,0,10000,10000,0,0
051106,華通統一95購02  ,0,0,0,0,0,0,0,0,0,0,0,0,0,100000,100000,0,0
051094,健策元大96購03  ,0,0,0,0,0,0,0,0,0,0,0,0,0,31000,31000,0,0
049592,欣興元大96購01  ,0,0,0,0,0,0,0,0,0,0,0,0,0,16000,16000,0,0
049596,智伸科元大95購01,0,0,0,0,0,0,0,0,0,0,0,0,0,50000,50000,0,0
050810,鴻海凱基95購09  ,0,0,0,0,0,0,0,0,0,0,0,0,0,3000,3000,0,0
050692,鴻海凱基96購04  ,0,0,0,0,0,0,0,0,0,0,0,0,0,1000,1000,0,0
050670,牧德永豐94購03  ,0,0,0,0,0,0,0,0,0,0,0,0,0,18000,18000,0,0
050674,瑞昱富邦94購02  ,0,0,0,0,0,0,0,0,0,0,0,0,0,3000,3000,0,0
050680,上銀元富94購01  ,0,0,0,0,0,0,0,0,0,0,0,0,0,300000,300000,0,0
051835,百和元大95購03  ,0,0,0,0,0,0,0,0,0,0,0,0,0,7000,7000,0,0
051433,中磊元富95購01  ,0,0,0,0,0,0,0,0,0,0,0,0,0,11000,11000,0,0
051771,上銀中信95購01  ,0,0,0,0,0,0,0,0,0,0,0,0,0,33000,33000,0,0
051801,牧德永豐95購04  ,0,0,0,0,0,0,0,0,0,0,0,0,0,20000,20000,0,0
051791,智伸科國票96購01,0,0,0,0,0,0,0,0,0,0,0,0,0,18000,18000,0,0
051608,新日興群益96購01,0,0,0,0,0,0,0,0,0,0,0,0,0,10000,10000,0,0
051595,康控元大95購04  ,0,0,0,0,0,0,0,0,0,0,0,0,0,30000,30000,0,0
051637,嘉聯益國票96購01,0,0,0,0,0,0,0,0,0,0,0,0,0,60000,60000,0,0
051553,牧德永豐96購02  ,0,0,0,0,0,0,0,0,0,0,0,0,0,32000,32000,0,0
051588,聯詠元大95購03  ,0,0,0,0,0,0,0,0,0,0,0,0,0,68000,68000,0,0
051492,臻鼎凱基95購01  ,0,0,0,0,0,0,0,0,0,0,0,0,0,100000,100000,0,0
051474,智邦凱基95購04  ,0,0,0,0,0,0,0,0,0,0,0,0,0,20000,20000,0,0
051490,世芯凱基96購01  ,0,0,0,0,0,0,0,0,0,0,0,0,0,50000,50000,0,0
055339,緯穎兆豐98購01  ,0,0,0,0,0,0,0,0,0,0,0,0,0,1000,1000,0,0
055351,聯發科凱基97購03,0,0,0,0,0,0,0,0,0,0,0,0,0,17000,17000,0,0
055250,華新科統一97購02,0,0,0,0,0,0,0,0,0,0,0,0,0,48000,48000,0,0
055251,華新科統一99購01,0,0,0,0,0,0,0,0,0,0,0,0,0,108000,108000,0,0
055412,旺宏富邦99購01  ,0,0,0,0,0,0,0,0,0,0,0,0,0,6000,6000,0,0
055441,緯穎國票98購01  ,0,0,0,0,0,0,0,0,0,0,0,0,0,1000,1000,0,0
055485,國巨元大97購09  ,0,0,0,0,0,0,0,0,0,0,0,0,0,10000,10000,0,0
054935,華通元大98購03  ,0,0,0,0,0,0,0,0,0,0,0,0,0,111000,111000,0,0
054936,鴻海元大97購10  ,0,0,0,0,0,0,0,0,0,0,0,0,0,347000,347000,0,0
054940,台積電元大97購16,0,0,0,0,0,0,0,0,0,0,0,0,0,350000,350000,0,0
05492P,聯茂元大95售02  ,0,0,0,0,0,0,0,0,0,0,0,0,0,56000,56000,0,0
055035,興勤富邦98購01  ,0,0,0,0,0,0,0,0,0,0,0,0,0,10000,10000,0,0
054993,南亞科元富97購03,0,0,0,0,0,0,0,0,0,0,0,0,0,10000,10000,0,0
054989,精元元富97購01  ,0,0,0,0,0,0,0,0,0,0,0,0,0,10000,10000,0,0
055064,碩天永豐97購01  ,0,10000,-10000,0,0,0,0,0,0,10000,0,0,0,10000,0,10000,0
055094,智易群益98購01  ,0,199000,-199000,0,0,0,0,0,0,199000,0,0,0,199000,0,199000,0
055147,鴻海元大97購11  ,0,0,0,0,0,0,0,0,0,0,0,0,0,73000,73000,0,0
054463,瑞昱凱基97購01  ,0,0,0,0,0,0,0,0,0,0,0,0,0,58000,58000,0,0
054397,創意永豐96購05  ,0,0,0,0,0,0,0,0,0,0,0,0,0,20000,20000,0,0
05442P,鴻海元大96售13  ,0,0,0,0,0,0,0,0,0,0,0,0,0,143000,143000,0,0
05441P,華通元大95售09  ,0,0,0,0,0,0,0,0,0,0,0,0,0,10000,10000,0,0
054424,大成鋼富邦97購02,0,0,0,0,0,0,0,0,0,0,0,0,0,10000,10000,0,0
054314,嘉聯益凱基97購01,0,0,0,0,0,0,0,0,0,0,0,0,0,10000,10000,0,0
054326,宏達電台新97購02,0,0,0,0,0,0,0,0,0,0,0,0,0,10000,10000,0,0
054310,牧德凱基98購01  ,0,0,0,0,0,0,0,0,0,0,0,0,0,24000,24000,0,0
054382,康控群益96購03  ,0,0,0,0,0,0,0,0,0,0,0,0,0,10000,10000,0,0
054383,傳奇群益97購01  ,0,0,0,0,0,0,0,0,0,0,0,0,0,10000,10000,0,0
054292,欣興元大96購06  ,0,0,0,0,0,0,0,0,0,0,0,0,0,13000,13000,0,0
054280,牧德群益98購01  ,0,0,0,0,0,0,0,0,0,0,0,0,0,32000,32000,0,0
054272,華通中信98購01  ,0,0,0,0,0,0,0,0,0,0,0,0,0,9000,9000,0,0
05426P,聯發科凱基95售12,0,0,0,0,0,0,0,0,0,0,0,0,0,4000,4000,0,0
054213,欣興國票97購04  ,0,0,0,0,0,0,0,0,0,0,0,0,0,10000,10000,0,0
054261,智伸科元大96購03,0,0,0,0,0,0,0,0,0,0,0,0,0,44000,44000,0,0
054265,GIS元大96購03   ,0,0,0,0,0,0,0,0,0,0,0,0,0,6000,6000,0,0
054258,牧德元大97購01  ,0,0,0,0,0,0,0,0,0,0,0,0,0,27000,27000,0,0
054235,欣興群益96購06  ,0,0,0,0,0,0,0,0,0,0,0,0,0,94000,94000,0,0
05468P,鴻海元大96售14  ,0,0,0,0,0,0,0,0,0,0,0,0,0,191000,191000,0,0
054859,鴻海群益97購02  ,0,0,0,0,0,0,0,0,0,0,0,0,0,98000,98000,0,0
054813,鴻海元大97購09  ,0,0,0,0,0,0,0,0,0,0,0,0,0,400000,400000,0,0
054814,台積電元大97購13,0,0,0,0,0,0,0,0,0,0,0,0,0,250000,250000,0,0
054739,義隆凱基98購02  ,0,0,0,0,0,0,0,0,0,0,0,0,0,40000,40000,0,0
05303P,華通國泰97售01  ,0,0,0,0,0,0,0,0,0,0,0,0,0,10000,10000,0,0
053067,牧德群益96購01  ,0,0,0,0,0,0,0,0,0,0,0,0,0,76000,76000,0,0
053053,京元電國票97購02,0,0,0,0,0,0,0,0,0,0,0,0,0,20000,20000,0,0
053059,聯發科永昌99購01,0,0,0,0,0,0,0,0,0,0,0,0,0,110000,110000,0,0
053099,正崴元富96購01  ,0,0,0,0,0,0,0,0,0,0,0,0,0,12000,12000,0,0
053161,康友元大96購04  ,0,0,0,0,0,0,0,0,0,0,0,0,0,6000,6000,0,0
053151,華新科元大96購04,0,0,0,0,0,0,0,0,0,0,0,0,0,10000,10000,0,0
053123,京元電凱基96購01,0,0,0,0,0,0,0,0,0,0,0,0,0,2000,2000,0,0
05317P,臺股指永昌95售02,0,0,0,0,0,0,0,0,0,0,50000,0,50000,30000,80000,-50000,0
053185,友達中信99購01  ,0,0,0,0,0,0,0,0,0,0,0,0,0,20000,20000,0,0
052874,超眾凱基96購01  ,0,0,0,0,0,0,0,0,0,0,0,0,0,11000,11000,0,0
052910,鴻海統一96購10  ,0,0,0,0,0,0,0,0,0,0,0,0,0,48000,48000,0,0
052948,景碩國票97購02  ,0,0,0,0,0,0,0,0,0,0,0,0,0,133000,133000,0,0
053445,可成凱基96購04  ,0,0,0,0,0,0,0,0,0,0,0,0,0,89000,89000,0,0
053383,京元電元大97購01,0,0,0,0,0,0,0,0,0,0,0,0,0,13000,13000,0,0
053381,友達元大9A購02  ,0,0,0,0,0,0,0,0,0,0,0,0,0,19000,19000,0,0
053376,鴻海元大96購19  ,0,0,0,0,0,0,0,0,0,0,0,0,0,81000,81000,0,0
053391,嘉聯益元大99購01,0,0,0,0,0,0,0,0,0,0,0,0,0,10000,10000,0,0
053523,T50反1中信9A購01,0,0,0,0,0,0,0,0,0,0,0,0,0,40000,40000,0,0
053516,茂林群益96購05  ,0,0,0,0,0,0,0,0,0,0,0,0,0,51000,51000,0,0
052636,大立光凱基96購10,0,0,0,0,0,0,0,0,0,0,0,0,0,80000,80000,0,0
052784,緯穎國票97購02  ,0,0,0,0,0,0,0,0,0,0,0,0,0,3000,3000,0,0
052785,滬深2X中信99購03,0,0,0,0,0,0,0,0,0,0,0,0,0,70000,70000,0,0
053258,上証2X群益9A購03,0,0,0,0,0,0,0,0,0,0,0,0,0,54000,54000,0,0
053280,群創元大9C購01  ,0,0,0,0,0,0,0,0,0,0,0,0,0,87000,87000,0,0
054154,智易國泰97購01  ,0,350000,-350000,0,0,0,0,0,0,350000,0,0,0,350000,0,350000,0
054115,台塑康和96購01  ,0,200000,-200000,0,0,0,0,0,0,200000,0,0,0,200000,0,200000,0
054106,元油反凱基9C購01,0,0,0,0,0,0,0,0,0,0,0,0,0,5000,5000,0,0
054134,強茂元大96購01  ,0,0,0,0,0,0,0,0,0,0,0,0,0,243000,243000,0,0
054096,佳世達國票97購01,0,0,0,0,0,0,0,0,0,0,0,0,0,20000,20000,0,0
053894,創意群益96購01  ,0,0,0,0,0,0,0,0,0,0,0,0,0,10000,10000,0,0
053895,智易群益96購02  ,0,100000,-100000,0,0,0,0,0,0,100000,0,0,0,100000,0,100000,0
053965,聯電元大98購04  ,0,0,0,0,0,0,0,0,0,0,0,0,0,200000,200000,0,0
053981,康控元大96購05  ,0,0,0,0,0,0,0,0,0,0,0,0,0,15000,15000,0,0
054025,鴻海凱基96購17  ,0,0,0,0,0,0,0,0,0,0,0,0,0,1000,1000,0,0
053836,亞光永豐96購02  ,0,0,0,0,0,0,0,0,0,0,0,0,0,23000,23000,0,0
053810,台達電群益96購01,0,0,0,0,0,0,0,0,0,0,0,0,0,40000,40000,0,0
053820,大立光群益96購05,0,0,0,0,0,0,0,0,0,0,0,0,0,90000,90000,0,0
053822,正文群益97購01  ,0,0,0,0,0,0,0,0,0,0,0,0,0,10000,10000,0,0
053859,台積電元大97購09,0,0,0,0,0,0,0,0,0,0,0,0,0,301000,301000,0,0
053853,康控國泰97購02  ,0,0,0,0,0,0,0,0,0,0,0,0,0,6000,6000,0,0
053867,創意元大96購04  ,0,0,0,0,0,0,0,0,0,0,0,0,0,56000,56000,0,0
053780,南亞科元大96購03,0,0,0,0,0,0,0,0,0,0,0,0,0,8000,8000,0,0
053724,聯詠凱基96購04  ,0,0,0,0,0,0,0,0,0,0,0,0,0,10000,10000,0,0
053546,台積電凱基96購13,0,0,0,0,0,0,0,0,0,0,0,0,0,20000,20000,0,0
053596,嘉澤元大96購01  ,0,0,0,0,0,0,0,0,0,0,0,0,0,20000,20000,0,0
05358P,大立光元大95售09,0,0,0,0,0,0,0,0,0,0,0,0,0,16000,16000,0,0
053690,南亞科元大96購02,0,0,0,0,0,0,0,0,0,0,0,0,0,2000,2000,0,0
053672,嘉澤元富96購02  ,0,0,0,0,0,0,0,0,0,0,0,0,0,25000,25000,0,0
053693,欣興元大96購05  ,0,0,0,0,0,0,0,0,0,0,0,0,0,13000,13000,0,0
053695,智易元大97購02  ,0,350000,-350000,0,0,0,0,0,0,350000,0,0,0,350000,0,350000,0
053686,台積電元大97購08,0,0,0,0,0,0,0,0,0,0,0,0,0,122000,122000,0,0
053684,台積電元大96購17,0,0,0,0,0,0,0,0,0,0,0,0,0,377000,377000,0,0
053653,京元電凱基96購02,0,0,0,0,0,0,0,0,0,0,0,0,0,4000,4000,0,0
2901,欣欣            ,1000,1000,0,0,0,0,0,0,0,0,0,0,0,0,0,0,0
3027,盛達            ,1000,1000,0,0,0,0,0,0,0,0,0,0,0,0,0,0,0
3257,虹冠電          ,3000,3000,0,0,0,0,0,0,0,0,0,0,0,0,0,0,0
3679,新至陞          ,5000,5000,0,0,0,0,0,0,0,0,0,0,0,0,0,0,0
1587,吉茂            ,1000,1000,0,0,0,0,0,0,0,0,0,0,0,0,0,0,0
1539,巨庭            ,1000,1000,0,0,0,0,0,0,0,0,0,0,0,0,0,0,0
1528,恩德            ,2000,2000,0,0,0,0,0,0,0,0,0,0,0,0,0,0,0
1445,大宇            ,2000,2000,0,0,0,0,0,0,0,0,0,0,0,0,0,0,0
1452,宏益            ,22000,22000,0,0,0,0,0,0,0,0,0,0,0,0,0,0,0
1466,聚隆            ,1000,1000,0,0,0,0,0,0,0,0,0,0,0,0,0,0,0
2358,廷鑫            ,2000,2000,0,0,0,0,0,0,0,0,0,0,0,0,0,0,0
2032,新鋼            ,2000,2000,0,0,0,0,0,0,0,0,0,0,0,0,0,0,0
06367P,台積電凱基97售14,0,0,0,0,0,0,0,0,0,0,0,0,0,742000,742000,0,0
06415P,台積電群益97售07,0,0,0,0,0,0,0,0,0,0,0,0,0,10000,10000,0,0
06230P,亞德客永豐97售03,0,0,0,0,0,0,0,0,0,0,0,0,0,174000,174000,0,0
06246P,茂林元富97售03  ,0,0,0,0,0,0,0,0,0,0,0,0,0,10000,10000,0,0
06294P,臺股指國票97售08,0,0,0,0,0,0,0,0,0,0,0,0,0,9000,9000,0,0
06309P,光罩元富97售03  ,0,0,0,0,0,0,0,0,0,0,0,0,0,12000,12000,0,0
06112P,台積電兆豐97售01,0,0,0,0,0,0,0,0,0,0,0,0,0,30000,30000,0,0
06135P,志超元富97售01  ,0,0,0,0,0,0,0,0,0,0,0,0,0,10000,10000,0,0
06173P,華通元大97售02  ,0,0,0,0,0,0,0,0,0,0,0,0,0,10000,10000,0,0
06184P,大立光元大97售06,0,0,0,0,0,0,0,0,0,0,0,0,0,150000,150000,0,0
06188P,大立光元富97售01,0,0,0,0,0,0,0,0,0,0,0,0,0,23000,23000,0,0
06196P,元上證元大97售01,0,0,0,0,0,0,0,0,0,0,0,0,0,60000,60000,0,0
06783P,亞光元大98售03  ,0,0,0,0,0,0,0,0,0,0,0,0,0,24000,24000,0,0
06777P,鴻海元大99售06  ,0,0,0,0,0,0,0,0,0,0,0,0,0,54000,54000,0,0
06771P,台灣50中信02售01,0,0,0,0,0,0,0,0,0,0,0,0,0,30000,30000,0,0
06824P,台灣50國票99售02,0,0,0,0,0,0,0,0,0,0,0,0,0,37000,37000,0,0
06747P,大立光群益99售04,0,0,0,0,0,0,0,0,0,0,0,0,0,9000,9000,0,0
06759P,台積電元大98售17,0,0,0,0,0,0,0,0,0,0,0,0,0,100000,100000,0,0
06760P,台積電元大98售18,0,0,0,0,0,0,0,0,0,0,0,0,0,299000,299000,0,0
06733P,鴻海凱基99售02  ,0,0,0,0,0,0,0,0,0,0,0,0,0,20000,20000,0,0
06718P,聯詠元大98售01  ,0,0,0,0,0,0,0,0,0,0,0,0,0,6000,6000,0,0
06651P,華新科元大99售09,0,0,0,0,0,0,0,0,0,0,0,0,0,12000,12000,0,0
06677P,牧德國票98售02  ,0,0,0,0,0,0,0,0,0,0,0,0,0,10000,10000,0,0
06715P,台積電元大99售04,0,0,0,0,0,0,0,0,0,0,0,0,0,347000,347000,0,0
06705P,臻鼎元富98售03  ,0,0,0,0,0,0,0,0,0,0,0,0,0,2000,2000,0,0
06425P,TPK永豐97售02   ,0,0,0,0,0,0,0,0,0,0,0,0,0,10000,10000,0,0
06593P,欣興元大98售05  ,0,0,0,0,0,0,0,0,0,0,0,0,0,7000,7000,0,0
06594P,立積元大98售01  ,0,0,0,0,0,0,0,0,0,0,0,0,0,42000,42000,0,0
06647P,台積電元大98售13,0,0,0,0,0,0,0,0,0,0,0,0,0,60000,60000,0,0
06631P,玉晶光群益9A售03,0,0,0,0,0,0,0,0,0,0,0,0,0,40000,40000,0,0
06623P,立積元大98售04  ,0,0,0,0,0,0,0,0,0,0,0,0,0,24000,24000,0,0
06573P,台積電永昌99售02,0,0,0,0,0,0,0,0,0,0,0,0,0,499000,499000,0,0
9943,好樂迪          ,11000,11000,0,0,0,0,0,0,0,0,0,0,0,0,0,0,0
8478,東哥遊艇        ,1000,1000,0,0,0,0,0,0,0,0,0,0,0,0,0,0,0
8480,泰昇-KY         ,1000,1000,0,0,0,0,0,0,0,0,0,0,0,0,0,0,0
8210,勤誠            ,96000,95000,1000,0,0,0,0,0,0,-1000,0,0,0,3000,4000,-1000,0
8103,瀚荃            ,2000,2000,0,0,0,0,0,0,0,0,0,0,0,0,0,0,0
4552,力達-KY         ,14000,14000,0,0,0,0,0,0,0,0,0,0,0,0,0,0,0
4148,全宇生技-KY     ,3000,3000,0,0,0,0,0,0,0,0,0,0,0,0,0,0,0
4930,燦星網          ,1000,1000,0,0,0,0,0,0,0,0,0,0,0,0,0,0,0
6215,和椿            ,1000,1000,0,0,0,0,0,0,0,0,0,0,0,0,0,0,0
5538,東明-KY         ,3000,1000,2000,0,0,0,0,2000,-2000,0,0,0,0,0,0,0,0
05887P,友達元富99售03  ,0,0,0,0,0,0,0,0,0,-1000,0,0,0,23000,24000,-1000,-1000
05791P,臺股指中信99售06,0,0,0,0,0,0,0,0,0,-1000,0,0,0,0,1000,-1000,-1000
057786,聯發科國票98購05,0,0,0,0,0,0,0,0,0,-1000,0,0,0,0,1000,-1000,-1000
05926P,智易永豐96售02  ,0,0,0,0,0,0,0,0,0,-1000,0,0,0,0,1000,-1000,-1000
057484,南亞科元大98購06,0,0,0,0,0,0,0,0,0,-1000,0,0,0,0,1000,-1000,-1000
057507,貿聯國票98購02  ,0,0,0,0,0,0,0,0,0,-1000,0,0,0,25000,26000,-1000,-1000
057739,新日興富邦9B購01,0,0,0,0,0,0,0,0,0,-1000,0,0,0,0,1000,-1000,-1000
057673,臻鼎元大98購01  ,0,0,0,0,0,0,0,0,0,-1000,0,0,0,10000,11000,-1000,-1000
057601,中磊群益98購01  ,0,0,0,0,0,0,0,0,0,-1000,0,0,0,16000,17000,-1000,-1000
057638,上銀元大99購01  ,0,0,0,0,0,0,0,0,0,-1000,0,0,0,5000,6000,-1000,-1000
056815,元油2X永豐98購05,0,0,0,0,0,0,0,0,0,-1000,0,0,0,0,1000,-1000,-1000
056939,康控元富98購01  ,0,0,0,0,0,0,0,0,0,-1000,0,0,0,27000,28000,-1000,-1000
057089,奇力新元富98購01,0,0,0,0,0,0,0,0,0,-1000,0,0,0,49000,50000,-1000,-1000
057044,旺宏元大98購08  ,0,0,0,0,0,0,0,0,0,-1000,0,0,0,20000,21000,-1000,-1000
057357,超眾統一98購01  ,0,0,0,0,0,0,0,0,0,-1000,0,0,0,0,1000,-1000,-1000
05740P,宏達電元富96售01,0,0,0,0,0,0,0,0,0,-1000,0,0,0,0,1000,-1000,-1000
057289,力成元大98購03  ,0,0,0,0,0,0,0,0,0,-1000,0,0,0,0,1000,-1000,-1000
057115,元油2X日盛9A購01,0,0,0,0,0,0,0,0,0,-1000,0,0,0,0,1000,-1000,-1000
05649P,矽創國票97售03  ,0,0,0,0,0,0,0,0,0,-1000,0,0,0,35000,36000,-1000,-1000
056540,聯詠凱基98購02  ,0,0,0,0,0,0,0,0,0,-1000,0,0,0,16000,17000,-1000,-1000
056601,鈺齊元富98購01  ,0,0,0,0,0,0,0,0,0,-1000,0,0,0,40000,41000,-1000,-1000
056574,亞光元大99購03  ,0,0,0,0,0,0,0,0,0,-1000,0,0,0,42000,43000,-1000,-1000
056633,鴻海永昌98購02  ,0,0,0,0,0,0,0,0,0,-1000,0,0,0,60000,61000,-1000,-1000
056667,上銀國票99購01  ,0,0,0,0,0,0,0,0,0,-1000,0,0,0,4000,5000,-1000,-1000
056766,義隆元大98購01  ,0,0,0,0,0,0,0,0,0,-1000,0,0,0,6000,7000,-1000,-1000
056691,元油2X群益9B購01,0,0,0,0,0,0,0,0,0,-1000,0,0,0,1000,2000,-1000,-1000
056225,聯發科凱基97購09,0,0,0,0,0,0,0,0,0,-1000,0,0,0,18000,19000,-1000,-1000
056339,聯發科凱基99購02,0,0,0,0,0,0,0,0,0,-1000,0,0,0,3000,4000,-1000,-1000
056353,鴻海元大99購02  ,0,0,0,0,0,0,0,0,0,-1000,0,0,0,86000,87000,-1000,-1000
056447,聯發科凱基98購09,0,0,0,0,0,0,0,0,0,-1000,0,0,0,5000,6000,-1000,-1000
055659,百和元富97購01  ,0,0,0,0,0,0,0,0,0,-1000,0,0,0,0,1000,-1000,-1000
055757,大成鋼群益99購01,0,0,0,0,0,0,0,0,0,-1000,0,0,0,10000,11000,-1000,-1000
056001,美食永豐97購01  ,0,0,0,0,0,0,0,0,0,-1000,0,0,0,44000,45000,-1000,-1000
056116,義隆群益97購02  ,0,0,0,0,0,0,0,0,0,-1000,0,0,0,10000,11000,-1000,-1000
05612P,台積電元大96售13,0,0,0,0,0,0,0,0,0,-1000,0,0,0,2000,3000,-1000,-1000
056078,勤誠元大97購01  ,0,0,0,0,0,0,0,0,0,-1000,0,0,0,0,1000,-1000,-1000
055963,欣興元大97購04  ,0,0,0,0,0,0,0,0,0,-1000,0,0,0,45000,46000,-1000,-1000
00775B,新光投等債15+   ,0,0,0,0,0,0,0,0,0,-1000,0,0,0,2000,3000,-1000,-1000
006203,元大MSCI台灣    ,2000,2000,0,0,0,0,0,0,0,-1000,0,0,0,0,1000,-1000,-1000
00684R,元大美元指數反1 ,0,0,0,0,0,0,0,0,0,-1000,0,0,0,40000,41000,-1000,-1000
042692,台灣50凱基96購09,0,0,0,0,0,0,0,0,0,-1000,0,0,0,0,1000,-1000,-1000
04201P,智原群益93售01  ,0,0,0,0,0,0,0,0,0,-1000,0,0,0,0,1000,-1000,-1000
04294P,台積電元大95售01,0,0,0,0,0,0,0,0,0,-1000,0,0,0,0,1000,-1000,-1000
03422B,臺股指凱基96熊28,0,0,0,0,0,0,0,0,0,-1000,0,0,0,0,1000,-1000,-1000
036628,統一台新99購01  ,0,0,0,0,0,0,0,0,0,-1000,0,0,0,0,1000,-1000,-1000
046275,台表科凱基94購01,0,0,0,0,0,0,0,0,0,-1000,0,0,0,0,1000,-1000,-1000
04395P,台積電群益94售06,0,0,0,0,0,0,0,0,0,-1000,0,0,0,0,1000,-1000,-1000
044291,群創凱基93購06  ,0,0,0,0,0,0,0,0,0,-1000,0,0,0,0,1000,-1000,-1000
044221,群創凱基93購03  ,0,0,0,0,0,0,0,0,0,-1000,0,0,0,0,1000,-1000,-1000
045122,臺股指元大93購08,0,0,0,0,0,0,0,0,0,-1000,0,0,0,0,1000,-1000,-1000
046600,鴻海群益94購01  ,0,0,0,0,0,0,0,0,0,-1000,0,0,0,20000,21000,-1000,-1000
044530,台積電富邦94購01,0,0,0,0,0,0,0,0,0,-1000,0,0,0,0,1000,-1000,-1000
048582,國泰金富邦93購01,0,0,0,0,0,0,0,0,0,-1000,0,0,0,7000,8000,-1000,-1000
047690,美律富邦97購01  ,0,0,0,0,0,0,0,0,0,-1000,0,0,0,10000,11000,-1000,-1000
044853,亞光國泰93購01  ,0,0,0,0,0,0,0,0,0,-1000,0,0,0,0,1000,-1000,-1000
04541P,智易永豐94售03  ,0,0,0,0,0,0,0,0,0,-1000,0,0,0,0,1000,-1000,-1000
047960,鈺齊永豐93購01  ,0,0,0,0,0,0,0,0,0,-1000,0,0,0,0,1000,-1000,-1000
047135,可成凱基93購05  ,0,0,0,0,0,0,0,0,0,-1000,0,0,0,10000,11000,-1000,-1000
046919,大毅永豐93購01  ,0,0,0,0,0,0,0,0,0,-1000,0,0,0,0,1000,-1000,-1000
046808,臺股指元大93購28,0,0,0,0,0,0,0,0,0,-1000,0,0,0,0,1000,-1000,-1000
04680P,臺股指統一94售05,0,0,0,0,0,0,0,0,0,-1000,0,0,0,298000,299000,-1000,-1000
048158,大立光兆豐95購01,0,0,0,0,0,0,0,0,0,-1000,0,0,0,0,1000,-1000,-1000
048805,瀚宇博富邦95購01,0,0,0,0,0,0,0,0,0,-1000,0,0,0,0,1000,-1000,-1000
047433,鴻海元大93購16  ,0,0,0,0,0,0,0,0,0,-1000,0,0,0,92000,93000,-1000,-1000
047919,技嘉凱基93購06  ,0,0,0,0,0,0,0,0,0,-1000,0,0,0,19000,20000,-1000,-1000
049091,訊連凱基94購01  ,0,0,0,0,0,0,0,0,0,-1000,0,0,0,13000,14000,-1000,-1000
048331,臺指反富邦97購01,0,0,0,0,0,0,0,0,0,-1000,0,0,0,0,1000,-1000,-1000
052369,矽力國票96購02  ,0,0,0,0,0,0,0,0,0,-1000,0,0,0,27000,28000,-1000,-1000
052260,為升富邦97購02  ,0,0,0,0,0,0,0,0,0,-1000,0,0,0,110000,111000,-1000,-1000
052306,鴻海國泰97購05  ,0,0,0,0,0,0,0,0,0,-1000,0,0,0,0,1000,-1000,-1000
049491,聯發科元大95購01,0,0,0,0,0,0,0,0,0,-1000,0,0,0,272000,273000,-1000,-1000
051487,健策凱基96購03  ,0,0,0,0,0,0,0,0,0,-1000,0,0,0,142000,143000,-1000,-1000
051568,智邦富邦95購01  ,0,0,0,0,0,0,0,0,0,-1000,0,0,0,54000,55000,-1000,-1000
05143P,臻鼎台新95售01  ,0,0,0,0,0,0,0,0,0,-1000,0,0,0,0,1000,-1000,-1000
05182P,嘉晶統一95售03  ,0,0,0,0,0,0,0,0,0,-1000,0,0,0,0,1000,-1000,-1000
050728,新日興國票94購01,0,0,0,0,0,0,0,0,0,-1000,0,0,0,0,1000,-1000,-1000
05109P,臺股指麥證95售01,0,0,0,0,1000,-1000,0,0,0,-1000,0,0,0,0,1000,-1000,-1000
049700,瀚宇博元大97購01,0,0,0,0,0,0,0,0,0,-1000,0,0,0,26000,27000,-1000,-1000
049742,日月光群益94購02,0,0,0,0,0,0,0,0,0,-1000,0,0,0,0,1000,-1000,-1000
050107,鴻海元大94購12  ,0,0,0,0,0,0,0,0,0,-1000,0,0,0,4000,5000,-1000,-1000
050097,可成國泰96購02  ,0,0,0,0,0,0,0,0,0,-1000,0,0,0,52000,53000,-1000,-1000
051723,嘉澤永豐95購01  ,0,0,0,0,0,0,0,0,0,-1000,0,0,0,0,1000,-1000,-1000
052034,臺股指群益95購07,0,0,0,0,0,0,0,0,0,-1000,0,0,0,0,1000,-1000,-1000
051749,矽力國泰97購01  ,0,0,0,0,0,0,0,0,0,-1000,0,0,0,112000,113000,-1000,-1000
049894,嘉聯益富邦98購01,0,0,0,0,0,0,0,0,0,-1000,0,0,0,0,1000,-1000,-1000
050264,聯發科元大94購13,0,0,0,0,0,0,0,0,0,-1000,0,0,0,164000,165000,-1000,-1000
050278,上証2X第一94購01,0,0,0,0,0,0,0,0,0,-1000,0,0,0,0,1000,-1000,-1000
049506,可成日盛94購02  ,0,0,0,0,0,0,0,0,0,-1000,0,0,0,0,1000,-1000,-1000
052623,台郡兆豐96購01  ,0,0,0,0,0,0,0,0,0,-1000,0,0,0,0,1000,-1000,-1000
052616,鴻海國泰98購02  ,0,0,0,0,0,0,0,0,0,-1000,0,0,0,0,1000,-1000,-1000
05284P,鴻海兆豐95售04  ,0,0,0,0,0,0,0,0,0,-1000,0,0,0,0,1000,-1000,-1000
05272P,臻鼎中信97售03  ,0,0,0,0,0,0,0,0,0,-1000,0,0,0,0,1000,-1000,-1000
052799,上銀元大96購01  ,0,0,0,0,0,0,0,0,0,-1000,0,0,0,65000,66000,-1000,-1000
051342,光寶科元大95購01,0,0,0,0,0,0,0,0,0,-1000,0,0,0,7000,8000,-1000,-1000
05133P,臺股指日盛95售01,0,0,0,0,0,0,0,0,0,-1000,0,0,0,2000,3000,-1000,-1000
051857,喬山凱基95購01  ,0,0,0,0,0,0,0,0,0,-1000,0,0,0,0,1000,-1000,-1000
052093,麗豐元大96購04  ,0,0,0,0,0,0,0,0,0,-1000,0,0,0,0,1000,-1000,-1000
049158,元油2X中信94購03,0,0,0,0,0,0,0,0,0,-1000,0,0,0,5000,6000,-1000,-1000
05195P,南茂康和95售01  ,0,0,0,0,0,0,0,0,0,-1000,0,0,0,0,1000,-1000,-1000
051966,台表科永豐95購01,0,0,0,0,0,0,0,0,0,-1000,0,0,0,0,1000,-1000,-1000
051979,群創凱基97購01  ,0,0,0,0,0,0,0,0,0,-1000,0,0,0,80000,81000,-1000,-1000
051260,鴻海永昌96購04  ,0,0,0,0,0,0,0,0,0,-1000,0,0,0,0,1000,-1000,-1000
050526,貿聯元大95購01  ,0,0,0,0,0,0,0,0,0,-1000,0,0,0,9000,10000,-1000,-1000
053727,麗豐凱基97購01  ,0,0,0,0,0,0,0,0,0,-1000,0,0,0,0,1000,-1000,-1000
053995,奇力新群益97購02,0,0,0,0,0,0,0,0,0,-1000,0,0,0,31000,32000,-1000,-1000
053999,台表科群益96購06,0,0,0,0,0,0,0,0,0,-1000,0,0,0,10000,11000,-1000,-1000
053260,喬山群益96購01  ,0,0,0,0,0,0,0,0,0,-1000,0,0,0,0,1000,-1000,-1000
053532,台積電永豐96購03,0,0,0,0,0,0,0,0,0,-1000,0,0,0,0,1000,-1000,-1000
053411,深中小國票9B購01,0,0,0,0,0,0,0,0,0,-1000,0,0,0,9000,10000,-1000,-1000
053020,貿聯元富96購01  ,0,0,0,0,0,0,0,0,0,-1000,0,0,0,0,1000,-1000,-1000
053195,玉晶光元富96購02,0,0,0,0,0,0,0,0,0,-1000,0,0,0,31000,32000,-1000,-1000
054812,鴻海元大97購08  ,0,0,0,0,0,0,0,0,0,-1000,0,0,0,432000,433000,-1000,-1000
05455P,聯詠日盛95售01  ,0,0,0,0,0,0,0,0,0,-1000,0,0,0,10000,11000,-1000,-1000
054311,世芯凱基96購02  ,0,0,0,0,0,0,0,0,0,-1000,0,0,0,36000,37000,-1000,-1000
054456,華泰群益99購01  ,0,0,0,0,0,0,0,0,0,-1000,0,0,0,10000,11000,-1000,-1000
054471,T50反1中信9C購01,0,0,0,0,0,0,0,0,0,-1000,0,0,0,0,1000,-1000,-1000
055176,大毅統一98購02  ,0,0,0,0,0,0,0,0,0,-1000,0,0,0,14000,15000,-1000,-1000
055233,康友國票98購01  ,0,0,0,0,0,0,0,0,0,-1000,0,0,0,21000,22000,-1000,-1000
055053,瑞昱永豐97購01  ,0,0,0,0,0,0,0,0,0,-1000,0,0,0,0,1000,-1000,-1000
055071,群電永豐97購01  ,0,0,0,0,0,0,0,0,0,-1000,0,0,0,0,1000,-1000,-1000
055461,TPK永豐97購01   ,0,0,0,0,0,0,0,0,0,-1000,0,0,0,0,1000,-1000,-1000
055432,臻鼎群益97購02  ,0,0,0,0,0,0,0,0,0,-1000,0,0,0,41000,42000,-1000,-1000
5284,jpp-KY          ,1000,2000,-1000,0,0,0,0,0,0,0,0,0,0,0,0,0,-1000
6205,詮欣            ,0,1000,-1000,0,0,0,0,0,0,0,0,0,0,0,0,0,-1000
8201,無敵            ,0,1000,-1000,0,0,0,0,0,0,0,0,0,0,0,0,0,-1000
8467,波力-KY         ,1000,1000,0,0,0,0,0,0,0,-1000,0,1000,-1000,0,0,0,-1000
9931,欣高            ,0,1000,-1000,0,0,0,0,0,0,0,0,0,0,0,0,0,-1000
6671,三能-KY         ,1000,2000,-1000,0,0,0,0,0,0,0,0,0,0,0,0,0,-1000
6573,虹揚-KY         ,0,1000,-1000,0,0,0,0,0,0,0,0,0,0,0,0,0,-1000
6581,鋼聯            ,0,1000,-1000,0,0,0,0,0,0,0,0,0,0,0,0,0,-1000
6442,光聖            ,0,1000,-1000,0,0,0,0,0,0,0,0,0,0,0,0,0,-1000
06533P,上証2X中信9B售01,0,0,0,0,0,0,0,0,0,-1000,0,0,0,0,1000,-1000,-1000
06727P,台光電元大98售05,0,0,0,0,0,0,0,0,0,-1000,0,0,0,173000,174000,-1000,-1000
06140P,華新科群益97售06,0,0,0,0,0,0,0,0,0,-1000,0,0,0,10000,11000,-1000,-1000
06045P,臺股指永豐96售03,0,0,0,0,0,0,0,0,0,-1000,0,0,0,2000,3000,-1000,-1000
06377P,華通統一97售04  ,0,0,0,0,0,0,0,0,0,-1000,0,0,0,0,1000,-1000,-1000
2069,運錩            ,0,1000,-1000,0,0,0,0,0,0,0,0,0,0,0,0,0,-1000
2008,高興昌          ,0,1000,-1000,0,0,0,0,0,0,0,0,0,0,0,0,0,-1000
1786,科妍            ,5000,6000,-1000,0,0,0,0,0,0,0,0,0,0,0,0,0,-1000
1467,南緯            ,0,1000,-1000,0,0,0,0,0,0,0,0,0,0,0,0,0,-1000
1443,立益            ,0,1000,-1000,0,0,0,0,0,0,0,0,0,0,0,0,0,-1000
1713,國化            ,1000,2000,-1000,0,0,0,0,0,0,0,0,0,0,0,0,0,-1000
3528,安馳            ,0,1000,-1000,0,0,0,0,0,0,0,0,0,0,0,0,0,-1000
3167,大量            ,6000,7000,-1000,0,0,0,0,0,0,0,0,0,0,0,0,0,-1000
3046,建碁            ,0,1000,-1000,0,0,0,0,0,0,0,0,0,0,0,0,0,-1000
2910,統領            ,0,1000,-1000,0,0,0,0,0,0,0,0,0,0,0,0,0,-1000
2936,客思達-KY       ,1000,2000,-1000,0,0,0,0,0,0,0,0,0,0,0,0,0,-1000
2443,億麗            ,0,1000,-1000,0,0,0,0,0,0,0,0,0,0,0,0,0,-1000
2727,王品            ,24000,25000,-1000,0,0,0,0,0,0,0,0,0,0,0,0,0,-1000
2546,根基            ,1000,2000,-1000,0,0,0,0,0,0,0,0,0,0,0,0,0,-1000
056129,義隆麥證97購01  ,0,0,0,0,2000,-2000,0,0,0,-2000,0,0,0,0,2000,-2000,-2000
05603P,聯發科元大96售09,0,0,0,0,0,0,0,0,0,-2000,0,0,0,4000,6000,-2000,-2000
055775,友達凱基9A購01  ,0,0,0,0,0,0,0,0,0,-2000,0,0,0,0,2000,-2000,-2000
055668,欣興群益97購01  ,0,0,0,0,0,0,0,0,0,-2000,0,0,0,252000,254000,-2000,-2000
056326,TPK兆豐98購01   ,0,0,0,0,0,0,0,0,0,-2000,0,0,0,0,2000,-2000,-2000
056152,可成凱基97購02  ,0,0,0,0,0,0,0,0,0,-2000,0,0,0,10000,12000,-2000,-2000
056764,友達元大9A購03  ,0,0,0,0,0,0,0,0,0,-2000,0,0,0,85000,87000,-2000,-2000
056659,泰碩元大99購01  ,0,0,0,0,0,0,0,0,0,-2000,0,0,0,0,2000,-2000,-2000
05659P,A50正2中信97售01,0,0,0,0,0,0,0,0,0,-2000,0,0,0,0,2000,-2000,-2000
056558,台達電群益98購01,0,0,0,0,0,0,0,0,0,-2000,0,0,0,10000,12000,-2000,-2000
056512,易華電永豐98購01,0,0,0,0,0,0,0,0,0,-2000,0,0,0,2000,4000,-2000,-2000
057199,台達電元富02購01,0,0,0,0,0,0,0,0,0,-2000,0,0,0,30000,32000,-2000,-2000
057018,亞德客凱基98購01,0,0,0,0,0,0,0,0,0,-2000,0,0,0,12000,14000,-2000,-2000
056824,元石油富邦9B購01,0,0,0,0,0,0,0,0,0,-2000,0,0,0,0,2000,-2000,-2000
057686,中50凱基99購01  ,0,0,0,0,0,0,0,0,0,-2000,0,0,0,0,2000,-2000,-2000
057736,鴻海富邦99購04  ,0,0,0,0,0,0,0,0,0,-2000,0,0,0,0,2000,-2000,-2000
057440,台積電統一98購10,0,0,0,0,0,0,0,0,0,-2000,0,0,0,0,2000,-2000,-2000
05933P,鴻海凱基97售03  ,0,0,0,0,0,0,0,0,0,-2000,0,0,0,0,2000,-2000,-2000
057746,同欣電永豐98購02,0,0,0,0,0,0,0,0,0,-2000,0,0,0,0,2000,-2000,-2000
05836P,臺股指元富96售08,0,0,0,0,0,0,0,0,0,-2000,0,0,0,3000,5000,-2000,-2000
049492,聯發科元大95購02,0,0,0,0,0,0,0,0,0,-2000,0,0,0,167000,169000,-2000,-2000
04839P,大立光元大94售17,0,0,0,0,0,0,0,0,0,-2000,0,0,0,100000,102000,-2000,-2000
048536,南電國票93購04  ,0,0,0,0,0,0,0,0,0,-2000,0,0,0,142000,144000,-2000,-2000
048550,中鴻元大96購01  ,0,0,0,0,0,0,0,0,0,-2000,0,0,0,0,2000,-2000,-2000
047917,台積電凱基94購01,0,0,0,0,0,0,0,0,0,-2000,0,0,0,0,2000,-2000,-2000
048729,鴻海麥證94購01  ,0,0,0,0,2000,-2000,0,0,0,-2000,0,0,0,0,2000,-2000,-2000
048788,華新科元大95購02,0,0,0,0,0,0,0,0,0,-2000,0,0,0,50000,52000,-2000,-2000
046972,同欣電群益93購01,0,0,0,0,0,0,0,0,0,-2000,0,0,0,0,2000,-2000,-2000
047002,鴻海統一93購04  ,0,0,0,0,0,0,0,0,0,-2000,0,0,0,0,2000,-2000,-2000
047436,台積電元大94購02,0,0,0,0,0,0,0,0,0,-2000,0,0,0,0,2000,-2000,-2000
047550,聯發科凱基93購13,0,0,0,0,0,0,0,0,0,-2000,0,0,0,0,2000,-2000,-2000
047544,台積電凱基93購17,0,0,0,0,0,0,0,0,0,-2000,0,0,0,0,2000,-2000,-2000
047339,臺股指元大93購34,0,0,0,0,0,0,0,0,0,-2000,0,0,0,2000,4000,-2000,-2000
046878,康友國泰94購01  ,0,0,0,0,0,0,0,0,0,-2000,0,0,0,0,2000,-2000,-2000
047930,嘉澤凱基93購03  ,0,0,0,0,0,0,0,0,0,-2000,0,0,0,0,2000,-2000,-2000
047628,新光金國票95購02,0,0,0,0,0,0,0,0,0,-2000,0,0,0,0,2000,-2000,-2000
048586,美利達富邦93購01,0,0,0,0,0,0,0,0,0,-2000,0,0,0,10000,12000,-2000,-2000
04496P,國巨國泰96售02  ,0,0,0,0,0,0,0,0,0,-2000,0,0,0,0,2000,-2000,-2000
044639,京元電元富94購01,0,0,0,0,0,0,0,0,0,-2000,0,0,0,32000,34000,-2000,-2000
044698,奇力新元大93購01,0,0,0,0,0,0,0,0,0,-2000,0,0,0,0,2000,-2000,-2000
045955,宏碁凱基93購01  ,0,0,0,0,0,0,0,0,0,-2000,0,0,0,0,2000,-2000,-2000
03052X,元展49          ,0,0,0,0,0,0,0,0,0,-2000,0,0,0,0,2000,-2000,-2000
042556,台灣50中信96購04,0,0,0,0,0,0,0,0,0,-2000,0,0,0,1000,3000,-2000,-2000
04247P,宏達電永豐93售02,0,0,0,0,0,0,0,0,0,-2000,0,0,0,0,2000,-2000,-2000
042387,台積電永昌93購02,0,0,0,0,0,0,0,0,0,-2000,0,0,0,4000,6000,-2000,-2000
03010X,元展10          ,0,0,0,0,0,0,0,0,0,-2000,0,0,0,0,2000,-2000,-2000
03022X,富展01          ,0,0,0,0,0,0,0,0,0,-2000,0,0,0,0,2000,-2000,-2000
049153,大立光元大96購02,0,0,0,0,0,0,0,0,0,-2000,0,0,0,28000,30000,-2000,-2000
049154,玉晶光元大95購02,0,0,0,0,0,0,0,0,0,-2000,0,0,0,182000,184000,-2000,-2000
049265,揚明光元大94購03,0,0,0,0,0,0,0,0,0,-2000,0,0,0,0,2000,-2000,-2000
052106,明泰兆豐95購01  ,0,0,0,0,0,0,0,0,0,-2000,0,0,0,0,2000,-2000,-2000
049679,臺股指國票94購12,0,0,0,0,0,0,0,0,0,-2000,0,0,0,0,2000,-2000,-2000
049669,訊芯國泰95購01  ,0,0,0,0,0,0,0,0,0,-2000,0,0,0,0,2000,-2000,-2000
051388,大立光麥證95購03,0,0,0,0,2000,-2000,0,0,0,-2000,0,0,0,0,2000,-2000,-2000
052387,台積電群益95購08,0,0,0,0,0,0,0,0,0,-2000,0,0,0,375000,377000,-2000,-2000
052439,寶成富邦97購01  ,0,0,0,0,0,0,0,0,0,-2000,0,0,0,0,2000,-2000,-2000
052489,義隆國票96購02  ,0,0,0,0,0,0,0,0,0,-2000,0,0,0,40000,42000,-2000,-2000
049316,茂林凱基94購02  ,0,0,0,0,0,0,0,0,0,-2000,0,0,0,0,2000,-2000,-2000
052681,T50反1元大98購02,0,0,0,0,0,0,0,0,0,-2000,0,0,0,2000,4000,-2000,-2000
052853,友達日盛99購01  ,0,0,0,0,0,0,0,0,0,-2000,0,0,0,0,2000,-2000,-2000
052561,矽創國票97購01  ,0,0,0,0,0,0,0,0,0,-2000,0,0,0,20000,22000,-2000,-2000
050233,香港2X凱基96購01,0,0,0,0,0,0,0,0,0,-2000,0,0,0,0,2000,-2000,-2000
049840,亞光亞東94購01  ,0,0,0,0,0,0,0,0,0,-2000,0,0,0,0,2000,-2000,-2000
051760,奇力新元大95購04,0,0,0,0,0,0,0,0,0,-2000,0,0,0,0,2000,-2000,-2000
050307,欣興中信95購01  ,0,0,0,0,0,0,0,0,0,-2000,0,0,0,0,2000,-2000,-2000
050309,亞泥兆豐94購01  ,0,0,0,0,0,0,0,0,0,-2000,0,0,0,59000,61000,-2000,-2000
049583,台積電元大95購04,0,0,0,0,0,0,0,0,0,-2000,0,0,0,429000,431000,-2000,-2000
050801,元金2X群益98購01,0,0,0,0,0,0,0,0,0,-2000,0,0,0,0,2000,-2000,-2000
050697,冠德凱基96購01  ,0,0,0,0,0,0,0,0,0,-2000,0,0,0,0,2000,-2000,-2000
051563,泰鼎國泰96購01  ,0,0,0,0,0,0,0,0,0,-2000,0,0,0,0,2000,-2000,-2000
055344,國巨凱基97購04  ,0,0,0,0,0,0,0,0,0,-2000,0,0,0,11000,13000,-2000,-2000
054912,群光凱基97購01  ,0,0,0,0,0,0,0,0,0,-2000,0,0,0,0,2000,-2000,-2000
054252,奇力新元大96購04,0,0,0,0,0,0,0,0,0,-2000,0,0,0,89000,91000,-2000,-2000
054815,台積電元大97購14,0,0,0,0,0,0,0,0,0,-2000,0,0,0,20000,22000,-2000,-2000
054809,大成鋼元大97購01,0,0,0,0,0,0,0,0,0,-2000,0,0,0,0,2000,-2000,-2000
053171,中磊群益96購01  ,0,0,0,0,0,0,0,0,0,-2000,0,0,0,67000,69000,-2000,-2000
053412,台達電國票97購02,0,0,0,0,0,0,0,0,0,-2000,0,0,0,16000,18000,-2000,-2000
053438,玉晶光麥證97購02,0,0,0,11000,15000,-4000,0,0,0,-2000,0,0,0,13000,15000,-2000,-2000
053421,南亞科永豐96購01,0,0,0,0,0,0,0,0,0,-2000,0,0,0,43000,45000,-2000,-2000
053500,新日興兆豐97購01,0,0,0,0,0,0,0,0,0,-2000,0,0,0,0,2000,-2000,-2000
053454,創意統一96購02  ,0,0,0,0,0,0,0,0,0,-2000,0,0,0,0,2000,-2000,-2000
05326P,臺股指凱基95售10,0,0,0,0,0,0,0,0,0,-2000,0,0,0,0,2000,-2000,-2000
05275P,國巨凱基95售05  ,0,0,0,0,0,0,0,0,0,-2000,0,0,0,0,2000,-2000,-2000
054159,T50正2凱基99購01,0,0,0,0,0,0,0,0,0,-2000,0,0,0,160000,162000,-2000,-2000
053787,健策元大97購02  ,0,0,0,0,0,0,0,0,0,-2000,0,0,0,145000,147000,-2000,-2000
053568,智伸科富邦98購01,0,0,0,0,0,0,0,0,0,-2000,0,0,0,98000,100000,-2000,-2000
2611,志信            ,3000,5000,-2000,0,0,0,0,0,0,0,0,0,0,0,0,0,-2000
2739,寒舍            ,0,2000,-2000,0,0,0,0,0,0,0,0,0,0,0,0,0,-2000
2483,百容            ,0,2000,-2000,0,0,0,0,0,0,0,0,0,0,0,0,0,-2000
2480,敦陽科          ,8000,10000,-2000,0,0,0,0,0,0,0,0,0,0,0,0,0,-2000
2911,麗嬰房          ,1000,3000,-2000,0,0,0,0,0,0,0,0,0,0,0,0,0,-2000
3346,麗清            ,18000,20000,-2000,0,0,0,0,0,0,0,0,0,0,0,0,0,-2000
1541,錩泰            ,1000,3000,-2000,0,0,0,0,0,0,0,0,0,0,0,0,0,-2000
1432,大魯閣          ,0,2000,-2000,0,0,0,0,0,0,0,0,0,0,0,0,0,-2000
1805,寶徠            ,0,2000,-2000,0,0,0,0,0,0,0,0,0,0,0,0,0,-2000
2033,佳大            ,0,1000,-1000,0,0,0,0,0,0,-1000,0,1000,-1000,0,0,0,-2000
2236,百達-KY         ,0,2000,-2000,0,0,0,0,0,0,0,0,0,0,0,0,0,-2000
06393P,台積電元大97售27,0,0,0,0,0,0,0,0,0,-2000,0,0,0,0,2000,-2000,-2000
06318P,臺股指元富97售05,0,0,0,0,0,0,0,0,0,-2000,0,0,0,0,2000,-2000,-2000
06223P,漢唐元富97售02  ,0,0,0,0,0,0,0,0,0,-2000,0,0,0,18000,20000,-2000,-2000
06067P,華新科康和97售01,0,0,0,0,0,0,0,0,0,-2000,0,0,0,0,2000,-2000,-2000
06111P,上銀兆豐98售01  ,0,0,0,0,0,0,0,0,0,-2000,0,0,0,104000,106000,-2000,-2000
06172P,台虹永豐97售02  ,0,0,0,0,0,0,0,0,0,-2000,0,0,0,0,2000,-2000,-2000
06732P,台灣50日盛9A售01,0,0,0,0,0,0,0,0,0,-2000,0,0,0,0,2000,-2000,-2000
06708P,臺股指台新99售05,0,0,0,0,0,0,0,0,0,-2000,0,0,0,3000,5000,-2000,-2000
06838P,台積電統一99售05,0,0,0,0,0,0,0,0,0,-2000,0,0,0,0,2000,-2000,-2000
06801P,技嘉群益99售02  ,0,0,0,0,0,0,0,0,0,-2000,0,0,0,30000,32000,-2000,-2000
1108,幸福            ,1000,5000,-4000,0,0,0,0,0,0,2000,2000,0,2000,0,0,0,-2000
06450P,聯發科元大98售03,0,0,0,0,0,0,0,0,0,-2000,0,0,0,34000,36000,-2000,-2000
6674,鋐寶科技        ,1000,3000,-2000,0,0,0,0,0,0,0,0,0,0,0,0,0,-2000
8072,陞泰            ,0,2000,-2000,0,0,0,0,0,0,0,0,0,0,0,0,0,-2000
6136,富爾特          ,0,2000,-2000,0,0,0,0,0,0,0,0,0,0,0,0,0,-2000
6112,聚碩            ,12000,14000,-2000,0,0,0,0,0,0,0,0,0,0,0,0,0,-2000
01003T,兆豐新光R1      ,2708,5000,-2292,0,0,0,0,0,0,0,0,0,0,0,0,0,-2292
057797,大立光兆豐99購01,0,0,0,0,0,0,0,0,0,-3000,0,0,0,0,3000,-3000,-3000
057827,康友元大98購03  ,0,0,0,0,0,0,0,0,0,-3000,0,0,0,18000,21000,-3000,-3000
06013P,世芯國泰97售03  ,0,0,0,0,0,0,0,0,0,-3000,0,0,0,3000,6000,-3000,-3000
057657,國巨兆豐98購04  ,0,0,0,0,0,0,0,0,0,-3000,0,0,0,1000,4000,-3000,-3000
056839,台光電元富98購02,0,0,0,0,0,0,0,0,0,-3000,0,0,0,39000,42000,-3000,-3000
056795,鴻海麥證98購01  ,0,0,0,20000,23000,-3000,0,0,0,-3000,0,0,0,20000,23000,-3000,-3000
056949,義隆統一98購01  ,0,0,0,0,0,0,0,0,0,-3000,0,0,0,32000,35000,-3000,-3000
057283,欣興元大98購07  ,0,0,0,0,0,0,0,0,0,-3000,0,0,0,45000,48000,-3000,-3000
057331,台積電國票99購04,0,0,0,0,0,0,0,0,0,-3000,0,0,0,5000,8000,-3000,-3000
056570,旺宏元大98購07  ,0,0,0,0,0,0,0,0,0,-3000,0,0,0,21000,24000,-3000,-3000
056693,國產群益98購01  ,0,0,0,0,0,0,0,0,0,-3000,0,0,0,0,3000,-3000,-3000
056181,百和元富97購02  ,0,0,0,0,0,0,0,0,0,-3000,0,0,0,0,3000,-3000,-3000
05621P,聯電中信96售01  ,0,0,0,0,0,0,0,0,0,-3000,0,0,0,224000,227000,-3000,-3000
056403,茂林群益98購01  ,0,0,0,0,0,0,0,0,0,-3000,0,0,0,146000,149000,-3000,-3000
055952,上銀元大97購08  ,0,0,0,0,0,0,0,0,0,-3000,0,0,0,11000,14000,-3000,-3000
00709,富邦歐洲        ,0,0,0,0,0,0,0,0,0,-3000,0,0,0,100000,103000,-3000,-3000
03252P,台積電台新02售01,0,0,0,0,0,0,0,0,0,-3000,0,0,0,0,3000,-3000,-3000
04336P,台達電元大93售04,0,0,0,0,0,0,0,0,0,-3000,0,0,0,0,3000,-3000,-3000
048630,南亞元大93購01  ,0,0,0,0,0,0,0,0,0,-3000,0,0,0,74000,77000,-3000,-3000
046947,禾伸堂元大93購01,0,0,0,0,0,0,0,0,0,-3000,0,0,0,18000,21000,-3000,-3000
04885P,大立光凱基94售19,0,0,0,0,0,0,0,0,0,-3000,0,0,0,0,3000,-3000,-3000
047027,新光金元大95購01,0,0,0,0,0,0,0,0,0,-3000,0,0,0,0,3000,-3000,-3000
048722,台表科永豐94購01,0,0,0,0,0,0,0,0,0,-3000,0,0,0,0,3000,-3000,-3000
048770,揚明光凱基94購01,0,0,0,0,0,0,0,0,0,-3000,0,0,0,0,3000,-3000,-3000
048514,嘉澤凱基93購06  ,0,0,0,0,0,0,0,0,0,-3000,0,0,0,0,3000,-3000,-3000
051484,玉晶光凱基97購01,0,0,0,0,0,0,0,0,0,-3000,0,0,0,169000,172000,-3000,-3000
051171,T50反1第一95購01,0,0,0,0,0,0,0,0,0,-3000,0,0,0,0,3000,-3000,-3000
051225,台積電群益95購02,0,0,0,0,0,0,0,0,0,-3000,0,0,0,441000,444000,-3000,-3000
051138,訊連永豐95購01  ,0,0,0,0,0,0,0,0,0,-3000,0,0,0,0,3000,-3000,-3000
049706,世紀鋼元大95購02,0,0,0,0,0,0,0,0,0,-3000,0,0,0,25000,28000,-3000,-3000
049965,矽創元富94購01  ,0,0,0,0,0,0,0,0,0,-3000,0,0,0,0,3000,-3000,-3000
051737,瑞昱國票96購01  ,0,0,0,0,0,0,0,0,0,-3000,0,0,0,17000,20000,-3000,-3000
05021P,瑞昱凱基95售01  ,0,0,0,0,0,0,0,0,0,-3000,0,0,0,0,3000,-3000,-3000
051030,康友元富95購01  ,0,0,0,0,0,0,0,0,0,-3000,0,0,0,11000,14000,-3000,-3000
052611,力成元大96購02  ,0,0,0,0,0,0,0,0,0,-3000,0,0,0,0,3000,-3000,-3000
052615,鴻海國泰98購01  ,0,0,0,0,0,0,0,0,0,-3000,0,0,0,47000,50000,-3000,-3000
053350,台表科國票97購02,0,0,0,0,0,0,0,0,0,-3000,0,0,0,12000,15000,-3000,-3000
052374,瑞昱元大95購02  ,0,0,0,0,0,0,0,0,0,-3000,0,0,0,0,3000,-3000,-3000
051671,和鑫元大96購02  ,0,0,0,0,0,0,0,0,0,-3000,0,0,0,0,3000,-3000,-3000
051678,鈺齊元大95購02  ,0,0,0,0,0,0,0,0,0,-3000,0,0,0,0,3000,-3000,-3000
04961P,貿聯凱基94售03  ,0,0,0,0,0,0,0,0,0,-3000,0,0,0,33000,36000,-3000,-3000
050518,台積電元大94購28,0,0,0,0,0,0,0,0,0,-3000,0,0,0,455000,458000,-3000,-3000
054139,揚明光元大96購01,0,0,0,0,0,0,0,0,0,-3000,0,0,0,0,3000,-3000,-3000
053906,宏達電凱基96購02,0,0,0,0,0,0,0,0,0,-3000,0,0,0,0,3000,-3000,-3000
053209,台積電凱基96購07,0,0,0,0,0,0,0,0,0,-3000,0,0,0,0,3000,-3000,-3000
053085,華新科元大97購04,0,0,0,0,0,0,0,0,0,-3000,0,0,0,0,3000,-3000,-3000
052869,新日興凱基96購01,0,0,0,0,0,0,0,0,0,-3000,0,0,0,10000,13000,-3000,-3000
054503,京鼎永豐96購04  ,0,0,0,0,0,0,0,0,0,-3000,0,0,0,19000,22000,-3000,-3000
05519P,上証2X凱基98售01,0,0,0,0,0,0,0,0,0,-3000,0,0,0,0,3000,-3000,-3000
055122,國巨兆豐98購01  ,0,0,0,0,0,0,0,0,0,-3000,0,0,0,398000,401000,-3000,-3000
055100,得力凱基97購01  ,0,0,0,0,0,0,0,0,0,-3000,0,0,0,0,3000,-3000,-3000
055083,康友中信97購01  ,0,0,0,0,0,0,0,0,0,-3000,0,0,0,0,3000,-3000,-3000
5907,大洋-KY         ,39000,42000,-3000,0,0,0,0,0,0,0,0,0,0,0,0,0,-3000
5203,訊連            ,197000,231000,-34000,0,0,0,0,0,0,31000,32000,0,32000,0,1000,-1000,-3000
4566,時碩工業        ,17000,20000,-3000,0,0,0,0,0,0,0,1000,1000,0,0,0,0,-3000
4562,穎漢            ,0,3000,-3000,0,0,0,0,0,0,0,0,0,0,0,0,0,-3000
6666,羅麗芬-KY       ,2000,5000,-3000,0,0,0,0,0,0,0,0,0,0,0,0,0,-3000
9942,茂順            ,10000,13000,-3000,0,0,0,0,0,0,0,0,0,0,0,0,0,-3000
06607P,友達台新98售02  ,0,0,0,0,0,0,0,0,0,-3000,0,0,0,90000,93000,-3000,-3000
06164P,臺股指凱基97售04,0,0,0,0,0,0,0,0,0,-3000,0,0,0,193000,196000,-3000,-3000
06231P,台積電永豐97售05,0,0,0,0,0,0,0,0,0,-3000,0,0,0,66000,69000,-3000,-3000
06227P,大立光群益97售04,0,0,0,0,0,0,0,0,0,-3000,0,0,0,48000,51000,-3000,-3000
06275P,臺股指凱基97售07,0,0,0,0,0,0,0,0,0,-3000,0,0,0,188000,191000,-3000,-3000
1457,宜進            ,35000,38000,-3000,0,0,0,0,0,0,0,0,0,0,0,0,0,-3000
1472,三洋紡          ,0,3000,-3000,0,0,0,0,0,0,0,0,0,0,0,0,0,-3000
3311,閎暉            ,1000,4000,-3000,0,0,0,0,0,0,0,0,0,0,0,0,0,-3000
3040,遠見            ,0,3000,-3000,0,0,0,0,0,0,0,0,0,0,0,0,0,-3000
3054,立萬利          ,0,3000,-3000,0,0,0,0,0,0,0,0,0,0,0,0,0,-3000
2471,資通            ,4000,6000,-2000,0,0,0,0,0,0,-1000,0,1000,-1000,0,0,0,-3000
2731,雄獅            ,6000,9000,-3000,0,0,0,0,0,0,0,0,0,0,0,0,0,-3000
056060,宏達電元大99購01,0,0,0,0,0,0,0,0,0,-4000,0,0,0,10000,14000,-4000,-4000
055994,聯發科國泰99購02,0,0,0,0,0,0,0,0,0,-4000,0,0,0,184000,188000,-4000,-4000
056125,旺宏國票98購02  ,0,0,0,0,0,0,0,0,0,-4000,0,0,0,6000,10000,-4000,-4000
056103,聯發科永豐97購03,0,0,0,0,0,0,0,0,0,-4000,0,0,0,7000,11000,-4000,-4000
055592,奇力新元大97購07,0,0,0,0,0,0,0,0,0,-4000,0,0,0,39000,43000,-4000,-4000
056410,康控國票99購01  ,0,0,0,0,0,0,0,0,0,-4000,0,0,0,1000,5000,-4000,-4000
056330,玉晶光國票99購03,0,0,0,0,0,0,0,0,0,-4000,0,0,0,46000,50000,-4000,-4000
05634P,玉晶光台新97售01,0,0,0,0,0,0,0,0,0,-4000,0,0,0,0,4000,-4000,-4000
05637P,聯電元大96售04  ,0,0,0,0,0,0,0,0,0,-4000,0,0,0,34000,38000,-4000,-4000
056230,可成凱基98購03  ,0,0,0,0,0,0,0,0,0,-4000,0,0,0,53000,57000,-4000,-4000
056761,元油2X元大98購07,0,0,0,0,0,0,0,0,0,-4000,0,0,0,2000,6000,-4000,-4000
056744,麗豐凱基9A購01  ,0,0,0,0,0,0,0,0,0,-4000,0,0,0,0,4000,-4000,-4000
056584,鴻海統一9B購01  ,0,0,0,0,0,0,0,0,0,-4000,0,0,0,29000,33000,-4000,-4000
057741,超眾富邦98購01  ,0,0,0,0,0,0,0,0,0,-4000,0,0,0,0,4000,-4000,-4000
05934P,國巨凱基96售13  ,0,0,0,0,0,0,0,0,0,-4000,0,0,0,75000,79000,-4000,-4000
057778,大立光群益98購02,0,0,0,0,0,0,0,0,0,-4000,0,0,0,0,4000,-4000,-4000
049084,欣興凱基94購03  ,0,0,0,0,0,0,0,0,0,-4000,0,0,0,6000,10000,-4000,-4000
049010,台表科麥證95購01,0,0,0,0,4000,-4000,0,0,0,-4000,0,0,0,0,4000,-4000,-4000
048080,元石油凱基96購01,0,0,0,0,0,0,0,0,0,-4000,0,0,0,0,4000,-4000,-4000
052271,力成日盛95購02  ,0,0,0,0,0,0,0,0,0,-4000,0,0,0,62000,66000,-4000,-4000
052197,台郡元富95購03  ,0,0,0,0,0,0,0,0,0,-4000,0,0,0,2000,6000,-4000,-4000
05219P,鴻海元大95售17  ,0,0,0,0,0,0,0,0,0,-4000,0,0,0,322000,326000,-4000,-4000
048697,華新科國票94購06,0,0,0,0,0,0,0,0,0,-4000,0,0,0,48000,52000,-4000,-4000
048177,臺指反富邦99購01,0,0,0,0,0,0,0,0,0,-4000,0,0,0,7000,11000,-4000,-4000
048653,巨大元大96購02  ,0,0,0,0,0,0,0,0,0,-4000,0,0,0,9000,13000,-4000,-4000
047895,台積電群益94購04,0,0,0,0,0,0,0,0,0,-4000,0,0,0,158000,162000,-4000,-4000
04548P,大立光元大94售14,0,0,0,0,0,0,0,0,0,-4000,0,0,0,0,4000,-4000,-4000
04477P,南電元大94售04  ,0,0,0,0,0,0,0,0,0,-4000,0,0,0,60000,64000,-4000,-4000
045329,富邦金亞東93購01,0,0,0,0,0,0,0,0,0,-4000,0,0,0,0,4000,-4000,-4000
043851,國泰金永昌93購01,0,0,0,0,0,0,0,0,0,-4000,0,0,0,0,4000,-4000,-4000
03652C,臺股指元大03牛01,0,0,0,0,0,0,0,0,0,-4000,0,0,0,0,4000,-4000,-4000
042792,T50反1台新9C購01,0,0,0,0,0,0,0,0,0,-4000,0,0,0,0,4000,-4000,-4000
049298,矽格群益95購01  ,0,0,0,0,0,0,0,0,0,-4000,0,0,0,6000,10000,-4000,-4000
049138,台積電元大94購05,0,0,0,0,0,0,0,0,0,-4000,0,0,0,248000,252000,-4000,-4000
049127,上海銀元富94購01,0,0,0,0,0,0,0,0,0,-4000,0,0,0,0,4000,-4000,-4000
049622,聯詠群益94購02  ,0,0,0,0,0,0,0,0,0,-4000,0,0,0,32000,36000,-4000,-4000
049615,香港2X群益98購01,0,0,0,0,0,0,0,0,0,-4000,0,0,0,0,4000,-4000,-4000
051351,台積電元大95購15,0,0,0,0,0,0,0,0,0,-4000,0,0,0,130000,134000,-4000,-4000
049306,元油2X凱基96購01,0,0,0,0,0,0,0,0,0,-4000,0,0,0,16000,20000,-4000,-4000
053345,欣興國票97購02  ,0,0,0,0,0,0,0,0,0,-4000,0,0,0,22000,26000,-4000,-4000
049967,華新科國票94購07,0,0,0,0,0,0,0,0,0,-4000,0,0,0,103000,107000,-4000,-4000
050812,台積電凱基95購01,0,0,0,0,0,0,0,0,0,-4000,0,0,0,6000,10000,-4000,-4000
05491P,茂林元大95售04  ,0,0,0,0,0,0,0,0,0,-4000,0,0,0,85000,89000,-4000,-4000
055355,大立光凱基97購05,0,0,0,0,0,0,0,0,0,-4000,0,0,0,54000,58000,-4000,-4000
055247,聯發科統一98購01,0,0,0,0,0,0,0,0,0,-4000,0,0,0,6000,10000,-4000,-4000
055270,上銀元大97購03  ,0,0,0,0,0,0,0,0,0,-4000,0,0,0,1000,5000,-4000,-4000
055406,大毅國泰99購01  ,0,0,0,0,0,0,0,0,0,-4000,0,0,0,6000,10000,-4000,-4000
054415,奇力新元大96購06,0,0,0,0,0,0,0,0,0,-4000,0,0,0,10000,14000,-4000,-4000
054335,緯穎永豐96購02  ,0,0,0,0,0,0,0,0,0,-4000,0,0,0,16000,20000,-4000,-4000
052963,智邦凱基96購02  ,0,0,0,0,0,0,0,0,0,-4000,0,0,0,130000,134000,-4000,-4000
053274,旺宏元大98購03  ,0,0,0,0,0,0,0,0,0,-4000,0,0,0,26000,30000,-4000,-4000
052790,智邦兆豐97購01  ,0,0,0,0,0,0,0,0,0,-4000,0,0,0,0,4000,-4000,-4000
053360,上証2X元富96購01,0,0,0,0,0,0,0,0,0,-4000,0,0,0,0,4000,-4000,-4000
053512,台積電群益96購06,0,0,0,0,0,0,0,0,0,-4000,0,0,0,581000,585000,-4000,-4000
053674,臺股指元富96購01,0,0,0,0,0,0,0,0,0,-4000,0,0,0,1000,5000,-4000,-4000
053757,聯發科國泰96購04,0,0,0,0,0,0,0,0,0,-4000,0,0,0,94000,98000,-4000,-4000
3622,洋華            ,13000,17000,-4000,0,0,0,0,0,0,0,0,0,0,0,0,0,-4000
2906,高林            ,0,4000,-4000,0,0,0,0,0,0,0,0,0,0,0,0,0,-4000
1470,大統新創        ,0,4000,-4000,0,0,0,0,0,0,0,0,0,0,0,0,0,-4000
1465,偉全            ,0,4000,-4000,0,0,0,0,0,0,0,0,0,0,0,0,0,-4000
1463,強盛            ,0,4000,-4000,0,0,0,0,0,0,0,0,0,0,0,0,0,-4000
1309,台達化          ,167000,171000,-4000,0,0,0,0,0,0,0,0,0,0,0,0,0,-4000
1726,永記            ,2000,5000,-3000,0,0,0,0,0,0,-1000,0,1000,-1000,0,0,0,-4000
2373,震旦行          ,12000,16000,-4000,0,0,0,0,0,0,0,0,0,0,0,0,0,-4000
06311P,嘉聯益元富97售02,0,0,0,0,0,0,0,0,0,-4000,0,0,0,36000,40000,-4000,-4000
06540P,聯發科凱基98售13,0,0,0,0,0,0,0,0,0,-4000,0,0,0,0,4000,-4000,-4000
9940,信義            ,27000,31000,-4000,0,0,0,0,0,0,0,0,0,0,0,0,0,-4000
8466,美吉吉-KY       ,0,4000,-4000,0,0,0,0,0,0,0,0,0,0,0,0,0,-4000
8427,基勝-KY         ,0,4000,-4000,0,0,0,0,0,0,0,0,0,0,0,0,0,-4000
4572,駐龍            ,1000,5000,-4000,0,0,0,0,0,0,0,0,0,0,0,0,0,-4000
057766,矽力凱基98購03  ,0,0,0,0,0,0,0,0,0,-5000,0,0,0,0,5000,-5000,-5000
05793P,臺股指中信99售08,0,0,0,0,0,0,0,0,0,-5000,0,0,0,10000,15000,-5000,-5000
05811P,臺股指國票96售04,0,0,0,0,0,0,0,0,0,-5000,0,0,0,10000,15000,-5000,-5000
05975P,國巨日盛99售02  ,0,0,0,0,0,0,0,0,0,-5000,0,0,0,40000,45000,-5000,-5000
057577,廣宇中信9A購01  ,0,0,0,0,0,0,0,0,0,-5000,0,0,0,0,5000,-5000,-5000
05717P,鴻海元大97售07  ,0,0,0,0,0,0,0,0,0,-5000,0,0,0,49000,54000,-5000,-5000
057228,友達凱基9B購01  ,0,0,0,0,0,0,0,0,0,-5000,0,0,0,0,5000,-5000,-5000
057229,友達凱基9B購02  ,0,0,0,0,0,0,0,0,0,-5000,0,0,0,0,5000,-5000,-5000
057158,義隆永豐99購01  ,0,0,0,0,0,0,0,0,0,-5000,0,0,0,0,5000,-5000,-5000
057032,A50反1元大9B購01,0,0,0,0,0,0,0,0,0,-5000,0,0,0,0,5000,-5000,-5000
056804,T50反1統一9A購03,0,0,0,0,0,0,0,0,0,-5000,0,0,0,0,5000,-5000,-5000
056481,創意元大98購01  ,0,0,0,0,0,0,0,0,0,-5000,0,0,0,0,5000,-5000,-5000
056728,元油2X凱基9A購02,0,0,0,0,0,0,0,0,0,-5000,0,0,0,0,5000,-5000,-5000
056235,鴻海群益97購07  ,0,0,0,0,0,0,0,0,0,-5000,0,0,0,5000,10000,-5000,-5000
056307,貿聯元大97購05  ,0,0,0,0,0,0,0,0,0,-5000,0,0,0,0,5000,-5000,-5000
056220,上証2X凱基99購01,0,0,0,0,0,0,0,0,0,-5000,0,0,0,20000,25000,-5000,-5000
05617P,大立光統一97售02,0,0,0,0,0,0,0,0,0,-5000,0,0,0,0,5000,-5000,-5000
056322,臺股指群益98購01,0,0,0,0,0,0,0,0,0,-5000,0,0,0,0,5000,-5000,-5000
055665,亞德客群益97購01,0,0,0,0,0,0,0,0,0,-5000,0,0,0,70000,75000,-5000,-5000
055598,欣興元大97購03  ,0,0,0,0,0,0,0,0,0,-5000,0,0,0,13000,18000,-5000,-5000
055594,華新科元大98購02,0,0,0,0,0,0,0,0,0,-5000,0,0,0,15000,20000,-5000,-5000
055673,旺宏日盛97購01  ,0,0,0,0,0,0,0,0,0,-5000,0,0,0,82000,87000,-5000,-5000
055726,台表科元大98購03,0,0,0,0,0,0,0,0,0,-5000,0,0,0,10000,15000,-5000,-5000
055761,創意群益97購01  ,0,0,0,0,0,0,0,0,0,-5000,0,0,0,0,5000,-5000,-5000
055787,聯茂凱基99購01  ,0,0,0,0,0,0,0,0,0,-5000,0,0,0,110000,115000,-5000,-5000
05590P,臺股指中信96售05,0,0,0,0,0,0,0,0,0,-5000,0,0,0,0,5000,-5000,-5000
055823,臺股指國票97購10,0,0,0,0,0,0,0,0,0,-5000,0,0,0,0,5000,-5000,-5000
03111P,元油2X富邦97售01,0,0,0,0,0,0,0,0,0,-5000,0,0,0,0,5000,-5000,-5000
04305P,A50反1凱基93售02,0,0,0,0,0,0,0,0,0,-5000,0,0,0,2000,7000,-5000,-5000
00660,元大歐洲50      ,0,0,0,0,0,0,0,0,0,-5000,0,0,0,0,5000,-5000,-5000
040160,SP黃豆元富95購01,0,0,0,0,0,0,0,0,0,-5000,0,0,0,0,5000,-5000,-5000
046428,矽力元大92購02  ,0,0,0,0,0,0,0,0,0,-5000,0,0,0,5000,10000,-5000,-5000
04552P,南電元大94售06  ,0,0,0,0,0,0,0,0,0,-5000,0,0,0,0,5000,-5000,-5000
048584,欣興富邦95購01  ,0,0,0,0,0,0,0,0,0,-5000,0,0,0,11000,16000,-5000,-5000
044296,嘉聯益凱基93購01,0,0,0,0,0,0,0,0,0,-5000,0,0,0,0,5000,-5000,-5000
046721,中鋼元大93購01  ,0,0,0,0,0,0,0,0,0,-5000,0,0,0,0,5000,-5000,-5000
044512,奇力新凱基93購02,0,0,0,0,0,0,0,0,0,-5000,0,0,0,0,5000,-5000,-5000
04828P,聯發科凱基94售15,0,0,0,0,0,0,0,0,0,-5000,0,0,0,0,5000,-5000,-5000
048291,台積電群益93購09,0,0,0,0,0,0,0,0,0,-5000,0,0,0,0,5000,-5000,-5000
048852,旺宏群益96購02  ,0,0,0,0,0,0,0,0,0,-5000,0,0,0,37000,42000,-5000,-5000
048877,茂林國票94購01  ,0,0,0,0,0,0,0,0,0,-5000,0,0,0,0,5000,-5000,-5000
046866,台積電統一94購03,0,0,0,0,0,0,0,0,0,-5000,0,0,0,0,5000,-5000,-5000
046881,智原富邦99購01  ,0,0,0,0,0,0,0,0,0,-5000,0,0,0,10000,15000,-5000,-5000
047151,台積電國票94購02,0,0,0,0,0,0,0,0,0,-5000,0,0,0,0,5000,-5000,-5000
052373,鴻海元大95購22  ,0,0,0,0,0,0,0,0,0,-5000,0,0,0,0,5000,-5000,-5000
052216,康友元大96購01  ,0,0,0,0,0,0,0,0,0,-5000,0,0,0,0,5000,-5000,-5000
052232,貿聯凱基96購02  ,0,0,0,0,0,0,0,0,0,-5000,0,0,0,7000,12000,-5000,-5000
049444,元石油統一94購03,0,0,0,0,0,0,0,0,0,-5000,0,0,0,0,5000,-5000,-5000
052355,為升永豐95購02  ,0,0,0,0,0,0,0,0,0,-5000,0,0,0,71000,76000,-5000,-5000
048125,和鑫元大96購01  ,0,0,0,0,0,0,0,0,0,-5000,0,0,0,0,5000,-5000,-5000
048132,冠德國票94購01  ,0,0,0,0,0,0,0,0,0,-5000,0,0,0,0,5000,-5000,-5000
050711,TPK中信94購01   ,0,0,0,0,0,0,0,0,0,-5000,0,0,0,0,5000,-5000,-5000
051145,台積電凱基95購05,0,0,0,0,0,0,0,0,0,-5000,0,0,0,0,5000,-5000,-5000
050647,聯發科凱基96購01,0,0,0,0,0,0,0,0,0,-5000,0,0,0,52000,57000,-5000,-5000
050978,鴻海元富95購03  ,0,0,0,0,0,0,0,0,0,-5000,0,0,0,55000,60000,-5000,-5000
05180P,玉晶光凱基95售04,0,0,0,0,0,0,0,0,0,-5000,0,0,0,15000,20000,-5000,-5000
051222,世紀鋼元富95購01,0,0,0,0,0,0,0,0,0,-5000,0,0,0,5000,10000,-5000,-5000
051518,富邦金凱基95購01,0,0,0,0,0,0,0,0,0,-5000,0,0,0,0,5000,-5000,-5000
051625,聯發科麥證95購01,0,0,0,5000,10000,-5000,0,0,0,-5000,0,0,0,5000,10000,-5000,-5000
050013,淘帝國泰95購01  ,0,0,0,0,0,0,0,0,0,-5000,0,0,0,2000,7000,-5000,-5000
050064,華新科凱基94購08,0,0,0,0,0,0,0,0,0,-5000,0,0,0,1000,6000,-5000,-5000
049528,台積電中信94購01,0,0,0,0,0,0,0,0,0,-5000,0,0,0,5000,10000,-5000,-5000
051011,國巨凱基95購03  ,0,0,0,0,0,0,0,0,0,-5000,0,0,0,0,5000,-5000,-5000
050263,旺宏元大94購10  ,0,0,0,0,0,0,0,0,0,-5000,0,0,0,39000,44000,-5000,-5000
051755,台積電元大96購08,0,0,0,0,0,0,0,0,0,-5000,0,0,0,260000,265000,-5000,-5000
052821,晶技永豐96購01  ,0,0,0,0,0,0,0,0,0,-5000,0,0,0,0,5000,-5000,-5000
050548,華固凱基95購01  ,350000,0,350000,0,0,0,0,0,0,-355000,0,0,0,0,355000,-355000,-5000
050566,高股息中信97購02,0,0,0,0,0,0,0,0,0,-5000,0,0,0,0,5000,-5000,-5000
052414,聯電麥證95購01  ,0,0,0,30000,35000,-5000,0,0,0,-5000,0,0,0,30000,35000,-5000,-5000
052449,創意元大95購04  ,0,0,0,0,0,0,0,0,0,-5000,0,0,0,0,5000,-5000,-5000
052452,茂林元大95購03  ,0,0,0,0,0,0,0,0,0,-5000,0,0,0,13000,18000,-5000,-5000
052096,力成元大95購01  ,0,0,0,0,0,0,0,0,0,-5000,0,0,0,0,5000,-5000,-5000
050385,貿聯國票95購02  ,0,0,0,0,0,0,0,0,0,-5000,0,0,0,5000,10000,-5000,-5000
051906,國巨元大95購09  ,0,0,0,0,0,0,0,0,0,-5000,0,0,0,5000,10000,-5000,-5000
051879,健策台新96購01  ,0,0,0,0,0,0,0,0,0,-5000,0,0,0,0,5000,-5000,-5000
051970,元黃金凱基98購01,0,0,0,0,0,0,0,0,0,-5000,0,0,0,0,5000,-5000,-5000
049189,訊芯康和94購01  ,0,0,0,0,0,0,0,0,0,-5000,0,0,0,0,5000,-5000,-5000
053790,嘉聯益元大99購02,0,0,0,0,0,0,0,0,0,-5000,0,0,0,2000,7000,-5000,-5000
05387P,鴻海元大95售21  ,0,0,0,0,0,0,0,0,0,-5000,0,0,0,0,5000,-5000,-5000
05369P,可成元富95售04  ,0,0,0,0,0,0,0,0,0,-5000,0,0,0,40000,45000,-5000,-5000
053588,聯發科元大97購07,0,0,0,0,0,0,0,0,0,-5000,0,0,0,50000,55000,-5000,-5000
054060,晶技國票97購02  ,0,0,0,0,0,0,0,0,0,-5000,0,0,0,147000,152000,-5000,-5000
054078,鴻海中信98購01  ,0,0,0,0,0,0,0,0,0,-5000,0,0,0,0,5000,-5000,-5000
054063,聯茂國票97購02  ,0,0,0,0,0,0,0,0,0,-5000,0,0,0,0,5000,-5000,-5000
054135,大立光元大97購04,0,0,0,0,0,0,0,0,0,-5000,0,0,0,99000,104000,-5000,-5000
054129,技嘉元大96購02  ,0,0,0,0,0,0,0,0,0,-5000,0,0,0,274000,279000,-5000,-5000
054107,上銀凱基97購01  ,0,0,0,0,0,0,0,0,0,-5000,0,0,0,62000,67000,-5000,-5000
054105,元油反凱基9A購01,0,0,0,0,0,0,0,0,0,-5000,0,0,0,0,5000,-5000,-5000
053476,冠德元大96購03  ,0,0,0,0,0,0,0,0,0,-5000,0,0,0,0,5000,-5000,-5000
053440,台積電凱基96購12,0,0,0,0,0,0,0,0,0,-5000,0,0,0,5000,10000,-5000,-5000
052786,S&P500中信96購01,0,0,0,0,0,0,0,0,0,-5000,0,0,0,0,5000,-5000,-5000
052762,欣興群益96購01  ,0,0,0,0,0,0,0,0,0,-5000,0,0,0,21000,26000,-5000,-5000
052905,潤泰全國票97購01,0,0,0,0,0,0,0,0,0,-5000,0,0,0,0,5000,-5000,-5000
052934,中磊元大96購01  ,0,0,0,0,0,0,0,0,0,-5000,0,0,0,19000,24000,-5000,-5000
053158,茂林元大96購01  ,0,0,0,0,0,0,0,0,0,-5000,0,0,0,5000,10000,-5000,-5000
054373,富邦金中信97購01,0,0,0,0,0,0,0,0,0,-5000,0,0,0,0,5000,-5000,-5000
054434,友達台新96購03  ,0,0,0,0,0,0,0,0,0,-5000,0,0,0,0,5000,-5000,-5000
054439,健策台新96購03  ,0,0,0,0,0,0,0,0,0,-5000,0,0,0,0,5000,-5000,-5000
054515,華通元大98購02  ,0,0,0,0,0,0,0,0,0,-5000,0,0,0,37000,42000,-5000,-5000
054548,鴻海凱基98購03  ,0,0,0,0,0,0,0,0,0,-5000,0,0,0,75000,80000,-5000,-5000
054772,康控國票98購02  ,0,0,0,0,0,0,0,0,0,-5000,0,0,0,0,5000,-5000,-5000
054847,創意兆豐97購01  ,0,0,0,0,0,0,0,0,0,-5000,0,0,0,5000,10000,-5000,-5000
054860,台積電群益98購01,0,0,0,0,0,0,0,0,0,-5000,0,0,0,449000,454000,-5000,-5000
054631,台郡凱基98購02  ,0,0,0,0,0,0,0,0,0,-5000,0,0,0,0,5000,-5000,-5000
054691,裕民永豐97購01  ,0,0,0,0,0,0,0,0,0,-5000,0,0,0,0,5000,-5000,-5000
054724,鴻海日盛97購02  ,0,0,0,0,0,0,0,0,0,-5000,0,0,0,0,5000,-5000,-5000
055483,和大元大97購03  ,0,0,0,0,0,0,0,0,0,-5000,0,0,0,15000,20000,-5000,-5000
055277,旺宏元大97購04  ,0,0,0,0,0,0,0,0,0,-5000,0,0,0,0,5000,-5000,-5000
054951,大毅元大97購01  ,0,0,0,0,0,0,0,0,0,-5000,0,0,0,26000,31000,-5000,-5000
054959,禾伸堂元大98購01,0,0,0,0,0,0,0,0,0,-5000,0,0,0,227000,232000,-5000,-5000
055072,康友永豐97購02  ,0,0,0,0,0,0,0,0,0,-5000,0,0,0,9000,14000,-5000,-5000
055156,華新科元大99購02,0,0,0,0,0,0,0,0,0,-5000,0,0,0,80000,85000,-5000,-5000
6172,互億            ,4000,10000,-6000,0,0,0,0,0,0,1000,1000,0,1000,0,0,0,-5000
6184,大豐電          ,6000,11000,-5000,0,0,0,0,0,0,0,0,0,0,0,0,0,-5000
8454,富邦媒          ,56000,61000,-5000,0,0,0,0,0,0,0,0,0,0,0,0,0,-5000
6655,科定            ,0,5000,-5000,0,0,0,0,0,0,0,0,0,0,0,0,0,-5000
06578P,華新科國票98售02,0,0,0,0,0,0,0,0,0,-5000,0,0,0,0,5000,-5000,-5000
06617P,智邦元大98售03  ,0,0,0,0,0,0,0,0,0,-5000,0,0,0,0,5000,-5000,-5000
06649P,聯發科元大98售08,0,0,0,0,0,0,0,0,0,-5000,0,0,0,5000,10000,-5000,-5000
06469P,臺股指凱基99售09,0,0,0,0,0,0,0,0,0,-5000,0,0,0,0,5000,-5000,-5000
06491P,台積電富邦99售02,0,0,0,0,0,0,0,0,0,-5000,0,0,0,0,5000,-5000,-5000
06497P,大立光凱基98售11,0,0,0,0,0,0,0,0,0,-5000,0,0,0,90000,95000,-5000,-5000
06854P,鴻海富邦99售05  ,0,0,0,0,0,0,0,0,0,-5000,0,0,0,0,5000,-5000,-5000
06704P,玉晶光元富98售05,0,0,0,0,0,0,0,0,0,-5000,0,0,0,0,5000,-5000,-5000
06333P,臺股指群益9C售02,0,0,0,0,0,0,0,0,0,-5000,0,0,0,5000,10000,-5000,-5000
2012,春雨            ,0,5000,-5000,0,0,0,0,0,0,0,0,0,0,0,0,0,-5000
1558,伸興            ,12000,17000,-5000,0,0,0,0,0,0,0,0,0,0,0,0,0,-5000
1413,宏洲            ,0,5000,-5000,0,0,0,0,0,0,0,0,0,0,0,0,0,-5000
1324,地球            ,0,5000,-5000,0,0,0,0,0,0,0,0,0,0,0,0,0,-5000
1338,廣華-KY         ,3000,8000,-5000,0,0,0,0,0,0,0,0,0,0,0,0,0,-5000
3030,德律            ,105000,109000,-4000,0,0,0,0,0,0,-1000,0,1000,-1000,0,0,0,-5000
3022,威強電          ,10000,15000,-5000,0,0,0,0,0,0,0,0,0,0,0,0,0,-5000
2642,宅配通          ,33000,38000,-5000,0,0,0,0,0,0,0,0,0,0,0,0,0,-5000
2543,皇昌            ,0,5000,-5000,0,0,0,0,0,0,0,0,0,0,0,0,0,-5000
2466,冠西電          ,3000,8000,-5000,0,0,0,0,0,0,0,0,0,0,0,0,0,-5000
056135,緯創元大98購01  ,0,0,0,0,0,0,0,0,0,-6000,0,0,0,20000,26000,-6000,-6000
056504,國巨永豐98購02  ,0,0,0,0,0,0,0,0,0,-6000,0,0,0,37000,43000,-6000,-6000
057070,美律永豐98購02  ,0,0,0,0,0,0,0,0,0,-6000,0,0,0,0,6000,-6000,-6000
057006,國巨中信98購03  ,0,0,0,0,0,0,0,0,0,-6000,0,0,0,54000,60000,-6000,-6000
057135,立積凱基98購01  ,0,0,0,0,0,0,0,0,0,-6000,0,0,0,82000,88000,-6000,-6000
057364,國巨元大98購18  ,0,0,0,0,0,0,0,0,0,-6000,0,0,0,94000,100000,-6000,-6000
057280,大立光元大98購15,0,0,0,0,0,0,0,0,0,-6000,0,0,0,4000,10000,-6000,-6000
057514,華新科元富99購03,0,0,0,0,0,0,0,0,0,-6000,0,0,0,25000,31000,-6000,-6000
05952P,台積電國票97售06,0,0,0,0,0,0,0,0,0,-6000,0,0,0,140000,146000,-6000,-6000
057811,南亞科元大98購08,0,0,0,0,0,0,0,0,0,-6000,0,0,0,4000,10000,-6000,-6000
05900P,臺股指凱基99售05,0,0,0,0,0,0,0,0,0,-6000,0,0,0,5000,11000,-6000,-6000
052276,力成群益96購01  ,0,0,0,0,0,0,0,0,0,-6000,0,0,0,24000,30000,-6000,-6000
048740,富邦金統一94購01,0,0,0,0,0,0,0,0,0,-6000,0,0,0,0,6000,-6000,-6000
047368,南電群益93購01  ,0,0,0,0,0,0,0,0,0,-6000,0,0,0,0,6000,-6000,-6000
047383,鴻海元大95購01  ,0,0,0,0,0,0,0,0,0,-6000,0,0,0,30000,36000,-6000,-6000
047481,可成凱基93購08  ,0,0,0,0,0,0,0,0,0,-6000,0,0,0,1000,7000,-6000,-6000
045750,鈺齊富邦94購01  ,0,0,0,0,0,0,0,0,0,-6000,0,0,0,0,6000,-6000,-6000
04576P,上海銀統一94售04,0,0,0,0,0,0,0,0,0,-6000,0,0,0,0,6000,-6000,-6000
044217,華新科凱基93購03,0,0,0,0,0,0,0,0,0,-6000,0,0,0,4000,10000,-6000,-6000
048684,上海銀富邦93購02,0,0,0,0,0,0,0,0,0,-6000,0,0,0,0,6000,-6000,-6000
04647P,上海銀凱基94售04,0,0,0,0,0,0,0,0,0,-6000,0,0,0,0,6000,-6000,-6000
035275,台積電台新97購01,0,0,0,0,0,0,0,0,0,-6000,0,0,0,1000,7000,-6000,-6000
00683L,元大美元指數正2 ,0,0,0,0,0,0,0,0,0,-6000,0,0,0,40000,46000,-6000,-6000
03006X,元展06          ,0,0,0,0,0,0,0,0,0,-6000,0,0,0,0,6000,-6000,-6000
03351P,台積電麥證02售07,0,0,0,0,0,0,0,0,0,-6000,0,0,0,0,6000,-6000,-6000
049140,台積電元大94購07,0,0,0,0,0,0,0,0,0,-6000,0,0,0,94000,100000,-6000,-6000
051927,國巨中信96購01  ,0,0,0,0,0,0,0,0,0,-6000,0,0,0,20000,26000,-6000,-6000
051869,康控凱基96購01  ,0,0,0,0,0,0,0,0,0,-6000,0,0,0,0,6000,-6000,-6000
051380,禾伸堂群益95購01,0,0,0,0,0,0,0,0,0,-6000,0,0,0,5000,11000,-6000,-6000
050594,康友永豐94購01  ,0,0,0,0,0,0,0,0,0,-6000,0,0,0,0,6000,-6000,-6000
052587,景碩永豐97購01  ,0,0,0,0,0,0,0,0,0,-6000,0,0,0,0,6000,-6000,-6000
049897,華新科統一94購07,0,0,0,0,0,0,0,0,0,-6000,0,0,0,70000,76000,-6000,-6000
052047,建準凱基96購01  ,0,0,0,0,0,0,0,0,0,-6000,0,0,0,0,6000,-6000,-6000
049767,奇力新元富94購01,0,0,0,0,0,0,0,0,0,-6000,0,0,0,10000,16000,-6000,-6000
051611,鈺齊群益95購02  ,0,0,0,0,0,0,0,0,0,-6000,0,0,0,5000,11000,-6000,-6000
051572,上銀元大95購01  ,0,0,0,0,0,0,0,0,0,-6000,0,0,0,13000,19000,-6000,-6000
050832,力成凱基95購01  ,0,0,0,0,0,0,0,0,0,-6000,0,0,0,0,6000,-6000,-6000
051126,訊連群益95購01  ,0,0,0,0,0,0,0,0,0,-6000,0,0,0,50000,56000,-6000,-6000
051104,鈺齊元大96購01  ,0,0,0,0,0,0,0,0,0,-6000,0,0,0,0,6000,-6000,-6000
054910,信錦凱基97購01  ,0,0,0,0,0,0,0,0,0,-6000,0,0,0,7000,13000,-6000,-6000
054370,台積電中信9A購01,0,0,0,0,0,0,0,0,0,-6000,0,0,0,185000,191000,-6000,-6000
053089,貿聯元大97購02  ,0,0,0,0,0,0,0,0,0,-6000,0,0,0,0,6000,-6000,-6000
053026,奇力新富邦98購01,0,0,0,0,0,0,0,0,0,-6000,0,0,0,0,6000,-6000,-6000
053006,玉晶光永豐96購03,0,0,0,0,0,0,0,0,0,-6000,0,0,0,95000,101000,-6000,-6000
053477,大立光元大97購03,0,0,0,0,0,0,0,0,0,-6000,0,0,0,153000,159000,-6000,-6000
053974,大立光元大96購10,0,0,0,0,0,0,0,0,0,-6000,0,0,0,0,6000,-6000,-6000
2493,揚博            ,21000,27000,-6000,0,0,0,0,0,0,0,0,0,0,0,0,0,-6000
2597,潤弘            ,1000,7000,-6000,0,0,0,0,0,0,0,0,0,0,0,0,0,-6000
2748,雲品            ,2000,8000,-6000,0,0,0,0,0,0,0,0,0,0,0,0,0,-6000
2939,凱羿-KY         ,1000,7000,-6000,0,0,0,0,0,0,0,0,0,0,0,0,0,-6000
3701,大眾控          ,0,6000,-6000,0,0,0,0,0,0,0,0,0,0,0,0,0,-6000
3501,維熹            ,4000,10000,-6000,0,0,0,0,0,0,0,0,0,0,0,0,0,-6000
1438,裕豐            ,0,6000,-6000,0,0,0,0,0,0,0,0,0,0,0,0,0,-6000
2231,為升            ,46000,53000,-7000,0,0,0,0,0,0,1000,5000,2000,3000,5000,7000,-2000,-6000
2397,友通            ,1000,7000,-6000,0,0,0,0,0,0,0,0,0,0,0,0,0,-6000
06399P,台表科凱基97售05,0,0,0,0,0,0,0,0,0,-6000,0,0,0,105000,111000,-6000,-6000
06054P,臺股指中信9A售01,0,0,0,0,0,0,0,0,0,-6000,0,0,0,0,6000,-6000,-6000
06709P,臺股指台新99售06,0,0,0,0,0,0,0,0,0,-6000,0,0,0,0,6000,-6000,-6000
06772P,國巨中信99售01  ,0,0,0,0,0,0,0,0,0,-6000,0,0,0,0,6000,-6000,-6000
6605,帝寶            ,9000,15000,-6000,0,0,0,0,0,0,0,0,0,0,0,0,0,-6000
6464,台數科          ,1000,7000,-6000,0,0,0,0,0,0,0,0,0,0,0,0,0,-6000
9918,欣天然          ,0,11000,-11000,0,0,0,0,0,0,5000,5000,0,5000,0,0,0,-6000
5225,東科-KY         ,11000,17000,-6000,0,0,0,0,0,0,0,0,0,0,0,0,0,-6000
4807,日成-KY         ,1000,7000,-6000,0,0,0,0,0,0,0,0,0,0,0,0,0,-6000
4912,聯德控股-KY     ,7000,13000,-6000,0,0,0,0,0,0,0,0,0,0,0,0,0,-6000
05838P,臺股指富邦96售05,0,0,0,0,0,0,0,0,0,-7000,0,0,0,0,7000,-7000,-7000
057176,全新元大99購02  ,0,0,0,0,0,0,0,0,0,-7000,0,0,0,35000,42000,-7000,-7000
057204,利勤元富98購01  ,0,0,0,0,0,0,0,0,0,-7000,0,0,0,10000,17000,-7000,-7000
057057,立積元大9A購01  ,0,0,0,0,0,0,0,0,0,-7000,0,0,0,18000,25000,-7000,-7000
056525,T50反1凱基99購06,0,0,0,0,0,0,0,0,0,-7000,0,0,0,0,7000,-7000,-7000
056717,康友永豐98購01  ,0,0,0,0,0,0,0,0,0,-7000,0,0,0,26000,33000,-7000,-7000
056660,臺股指元大9A購07,0,0,0,0,0,0,0,0,0,-7000,0,0,0,0,7000,-7000,-7000
05664P,國巨凱基96售09  ,0,0,0,0,0,0,0,0,0,-7000,0,0,0,0,7000,-7000,-7000
056157,聯詠凱基97購03  ,0,0,0,0,0,0,0,0,0,-7000,0,0,0,3000,10000,-7000,-7000
056284,台積電永豐97購06,0,0,0,0,0,0,0,0,0,-7000,0,0,0,14000,21000,-7000,-7000
055828,上銀元大97購05  ,0,0,0,0,0,0,0,0,0,-7000,0,0,0,61000,68000,-7000,-7000
05584P,臺股指凱基96售13,0,0,0,0,0,0,0,0,0,-7000,0,0,0,162000,169000,-7000,-7000
055866,臺股指元大97購03,0,0,0,0,0,0,0,0,0,-7000,0,0,0,0,7000,-7000,-7000
05558P,鴻海麥證96售01  ,0,0,0,10000,19000,-9000,0,0,0,-7000,0,0,0,12000,19000,-7000,-7000
055572,鴻海統一98購04  ,0,0,0,0,0,0,0,0,0,-7000,0,0,0,0,7000,-7000,-7000
00685L,群益臺灣加權正2 ,0,0,0,0,0,0,0,0,0,-7000,0,0,0,9000,16000,-7000,-7000
047860,臺股指國票93購15,0,0,0,0,0,0,0,0,0,-7000,0,0,0,33000,40000,-7000,-7000
047730,矽力群益93購02  ,0,0,0,0,0,0,0,0,0,-7000,0,0,0,0,7000,-7000,-7000
04475P,欣興元大94售03  ,0,0,0,0,0,0,0,0,0,-7000,0,0,0,1000,8000,-7000,-7000
047046,台積電國票94購01,0,0,0,0,0,0,0,0,0,-7000,0,0,0,64000,71000,-7000,-7000
050880,大立光元富95購03,0,0,0,0,0,0,0,0,0,-7000,0,0,0,128000,135000,-7000,-7000
050887,台積電富邦95購05,0,0,0,0,0,0,0,0,0,-7000,0,0,0,389000,396000,-7000,-7000
050919,台積電凱基95購03,0,0,0,0,0,0,0,0,0,-7000,0,0,0,213000,220000,-7000,-7000
04974P,聯發科凱基96售02,0,0,0,0,0,0,0,0,0,-7000,0,0,0,0,7000,-7000,-7000
051650,矽力永豐95購01  ,0,0,0,0,0,0,0,0,0,-7000,0,0,0,93000,100000,-7000,-7000
050459,台表科元大94購03,0,0,0,0,0,0,0,0,0,-7000,0,0,0,2000,9000,-7000,-7000
049166,元油2X凱基97購02,0,0,0,0,0,0,0,0,0,-7000,0,0,0,0,7000,-7000,-7000
049273,臺股指元大94購08,0,0,0,0,0,0,0,0,0,-7000,0,0,0,2000,9000,-7000,-7000
05374P,台積電國票96售07,0,0,0,0,0,0,0,0,0,-7000,0,0,0,193000,200000,-7000,-7000
053755,亞光元富96購01  ,0,0,0,0,0,0,0,0,0,-7000,0,0,0,60000,67000,-7000,-7000
053277,大立光元大96購04,0,0,0,0,0,0,0,0,0,-7000,0,0,0,13000,20000,-7000,-7000
052992,冠德台新96購01  ,0,0,0,0,0,0,0,0,0,-7000,0,0,0,0,7000,-7000,-7000
052979,上銀元大96購02  ,0,0,0,0,0,0,0,0,0,-7000,0,0,0,56000,63000,-7000,-7000
052870,玉晶光凱基96購03,0,0,0,0,0,0,0,0,0,-7000,0,0,0,126000,133000,-7000,-7000
054754,昇陽半凱基98購02,0,0,0,0,0,0,0,0,0,-7000,0,0,0,57000,64000,-7000,-7000
055362,GIS凱基97購03   ,0,0,0,0,0,0,0,0,0,-7000,0,0,0,111000,118000,-7000,-7000
055473,禾伸堂凱基97購01,0,0,0,0,0,0,0,0,0,-7000,0,0,0,8000,15000,-7000,-7000
055489,瑞昱元大97購02  ,0,0,0,0,0,0,0,0,0,-7000,0,0,0,3000,10000,-7000,-7000
911868,同方友友-DR     ,0,7000,-7000,0,0,0,0,0,0,0,0,0,0,0,0,0,-7000
9136,巨騰-DR         ,1000,8000,-7000,0,0,0,0,0,0,0,0,0,0,0,0,0,-7000
8104,錸寶            ,9000,16000,-7000,0,0,0,0,0,0,0,0,0,0,0,0,0,-7000
6491,晶碩            ,4000,11000,-7000,0,0,0,0,0,0,0,0,0,0,0,0,0,-7000
06758P,鴻海元大98售10  ,0,0,0,0,0,0,0,0,0,-7000,0,0,0,67000,74000,-7000,-7000
1225,福懋油          ,1000,8000,-7000,0,0,0,0,0,0,0,0,0,0,0,0,0,-7000
1232,大統益          ,2000,9000,-7000,0,0,0,0,0,0,0,0,0,0,0,0,0,-7000
06379P,群創統一97售05  ,0,0,0,0,0,0,0,0,0,-7000,0,0,0,5000,12000,-7000,-7000
06381P,臺股指統一98售03,0,0,0,0,0,0,0,0,0,-7000,0,0,0,0,7000,-7000,-7000
1460,宏遠            ,24000,31000,-7000,0,0,0,0,0,0,0,0,0,0,0,0,0,-7000
1725,元禎            ,1000,8000,-7000,0,0,0,0,0,0,0,0,0,0,0,0,0,-7000
3661,世芯-KY         ,528000,710000,-182000,0,0,0,209000,0,209000,-34000,29000,25000,4000,25000,63000,-38000,-7000
3058,立德            ,1000,8000,-7000,0,0,0,0,0,0,0,0,0,0,0,0,0,-7000
2485,兆赫            ,95000,102000,-7000,0,0,0,0,0,0,0,0,0,0,0,0,0,-7000
2530,華建            ,33000,40238,-7238,0,0,0,0,0,0,0,0,0,0,0,0,0,-7238
056079,世紀鋼元大97購02,0,0,0,0,0,0,0,0,0,-8000,0,0,0,99000,107000,-8000,-8000
056055,國巨元大97購15  ,0,0,0,0,0,0,0,0,0,-8000,0,0,0,60000,68000,-8000,-8000
057217,奇力新群益99購01,0,0,0,0,0,0,0,0,0,-8000,0,0,0,44000,52000,-8000,-8000
057146,技嘉國票98購01  ,0,0,0,0,0,0,0,0,0,-8000,0,0,0,51000,59000,-8000,-8000
057321,台泥群益98購01  ,0,0,0,0,0,0,0,0,0,-8000,0,0,0,10000,18000,-8000,-8000
05778P,台積電統一96售05,0,0,0,0,0,0,0,0,0,-8000,0,0,0,80000,88000,-8000,-8000
05999P,世芯元大96售01  ,0,0,0,0,0,0,0,0,0,-8000,0,0,0,155000,163000,-8000,-8000
057502,訊芯群益98購02  ,0,0,0,0,0,0,0,0,0,-8000,0,0,0,75000,83000,-8000,-8000
049448,光磊統一94購01  ,0,0,0,0,0,0,0,0,0,-8000,0,0,0,142000,150000,-8000,-8000
048557,瑞昱元大94購01  ,0,0,0,0,0,0,0,0,0,-8000,0,0,0,0,8000,-8000,-8000
048560,聯發科元大94購01,0,0,0,0,0,0,0,0,0,-8000,0,0,0,0,8000,-8000,-8000
04290P,滬深2X富邦96售03,0,0,0,0,0,0,0,0,0,-8000,0,0,0,0,8000,-8000,-8000
046362,華通永豐92購02  ,0,0,0,0,0,0,0,0,0,-8000,0,0,0,8000,16000,-8000,-8000
049173,鴻海凱基94購15  ,0,0,0,0,0,0,0,0,0,-8000,0,0,0,0,8000,-8000,-8000
051368,國泰金富邦97購01,0,0,0,0,0,0,0,0,0,-8000,0,0,0,4000,12000,-8000,-8000
051430,瑞昱元富95購02  ,0,0,0,0,0,0,0,0,0,-8000,0,0,0,3000,11000,-8000,-8000
051886,道瓊反統一95購03,0,0,0,0,0,0,0,0,0,-8000,0,0,0,0,8000,-8000,-8000
050368,國巨元大94購14  ,0,0,0,0,0,0,0,0,0,-8000,0,0,0,2000,10000,-8000,-8000
049847,旺宏群益94購04  ,0,0,0,0,0,0,0,0,0,-8000,0,0,0,29000,37000,-8000,-8000
050237,智邦凱基94購03  ,0,0,0,0,0,0,0,0,0,-8000,0,0,0,12000,20000,-8000,-8000
050660,欣興元大96購02  ,0,0,0,0,0,0,0,0,0,-8000,0,0,0,15000,23000,-8000,-8000
051092,禾伸堂元大95購02,0,0,0,0,0,0,0,0,0,-8000,0,0,0,0,8000,-8000,-8000
051137,聯詠永豐95購01  ,0,0,0,0,0,0,0,0,0,-8000,0,0,0,27000,35000,-8000,-8000
051576,台積電元大97購02,0,0,0,0,0,0,0,0,0,-8000,0,0,0,122000,130000,-8000,-8000
051523,牧德凱基95購02  ,0,0,0,0,0,0,0,0,0,-8000,0,0,0,13000,21000,-8000,-8000
051214,大立光統一95購02,0,0,0,0,0,0,0,0,0,-8000,0,0,0,123000,131000,-8000,-8000
051434,中磊元富95購02  ,0,0,0,0,0,0,0,0,0,-8000,0,0,0,10000,18000,-8000,-8000
055228,聯發科國票98購03,0,0,0,0,0,0,0,0,0,-8000,0,0,0,0,8000,-8000,-8000
055084,國巨第一97購01  ,0,0,0,0,0,0,0,0,0,-8000,0,0,0,18000,26000,-8000,-8000
054737,京元電凱基99購01,0,0,0,0,0,0,0,0,0,-8000,0,0,0,11000,19000,-8000,-8000
05485P,旺宏凱基95售08  ,0,0,0,0,0,0,0,0,0,-8000,0,0,0,10000,18000,-8000,-8000
054400,健策永豐96購02  ,0,0,0,0,0,0,0,0,0,-8000,0,0,0,514000,522000,-8000,-8000
052967,智邦群益96購01  ,0,0,0,0,0,0,0,0,0,-8000,0,0,0,92000,100000,-8000,-8000
053287,臺股指元大96購15,0,0,0,0,0,0,0,0,0,-8000,0,0,0,0,8000,-8000,-8000
053804,富邦金凱基96購01,0,0,0,0,0,0,0,0,0,-8000,0,0,0,0,8000,-8000,-8000
2888A,新光金甲特      ,0,8000,-8000,0,0,0,0,0,0,0,0,0,0,0,0,0,-8000
3025,星通            ,0,8000,-8000,0,0,0,0,0,0,0,0,0,0,0,0,0,-8000
3032,偉訓            ,2000,10000,-8000,0,0,0,0,0,0,0,0,0,0,0,0,0,-8000
1731,美吾華          ,129000,135000,-6000,0,0,0,0,0,0,-2000,0,2000,-2000,0,0,0,-8000
1735,日勝化          ,1000,9000,-8000,0,0,0,0,0,0,0,0,0,0,0,0,0,-8000
1583,程泰            ,0,8000,-8000,0,0,0,0,0,0,0,0,0,0,0,0,0,-8000
1468,昶和            ,0,8000,-8000,0,0,0,0,0,0,0,0,0,0,0,0,0,-8000
2390,云辰            ,41000,47000,-6000,0,0,0,0,0,0,-2000,0,2000,-2000,0,0,0,-8000
06761P,台積電元大99售05,0,0,0,0,0,0,0,0,0,-8000,0,0,0,350000,358000,-8000,-8000
06516P,國巨凱基98售08  ,0,0,0,0,0,0,0,0,0,-8000,0,0,0,72000,80000,-8000,-8000
06582P,可成凱基98售06  ,0,0,0,0,0,0,0,0,0,-8000,0,0,0,0,8000,-8000,-8000
06550P,健策元大99售01  ,0,0,0,0,0,0,0,0,0,-8000,0,0,0,10000,18000,-8000,-8000
4164,承業醫          ,11000,19000,-8000,0,0,0,0,0,0,0,1000,1000,0,0,0,0,-8000
057523,大成鋼元大99購01,0,0,0,0,0,0,0,0,0,-9000,0,0,0,41000,50000,-9000,-9000
057612,瑞昱元富02購01  ,0,0,0,0,0,0,0,0,0,-9000,0,0,0,2000,11000,-9000,-9000
057742,喬山永豐98購02  ,0,0,0,0,0,0,0,0,0,-9000,0,0,0,0,9000,-9000,-9000
057748,華通國票98購04  ,0,0,0,0,0,0,0,0,0,-9000,0,0,0,0,9000,-9000,-9000
05786P,臺股指永昌96售03,0,0,0,0,0,0,0,0,0,-9000,270000,52000,218000,303000,530000,-227000,-9000
057170,瑞昱元大98購01  ,0,0,0,0,0,0,0,0,0,-9000,0,0,0,12000,21000,-9000,-9000
056131,鴻海元大97購12  ,0,0,0,0,0,0,0,0,0,-9000,0,0,0,82000,91000,-9000,-9000
055913,中信金凱基97購01,0,0,0,0,0,0,0,0,0,-9000,0,0,0,1000,10000,-9000,-9000
055765,臺股指群益97購03,0,0,0,0,0,0,0,0,0,-9000,0,0,0,10000,19000,-9000,-9000
05571P,大立光統一96售03,0,0,0,0,0,0,0,0,0,-9000,0,0,0,0,9000,-9000,-9000
00661,元大日經225     ,0,0,0,0,0,0,0,0,0,-9000,0,0,0,1000,10000,-9000,-9000
00770,國泰北美科技    ,0,1000,-1000,0,0,0,0,0,0,-8000,0,0,0,17000,25000,-8000,-9000
046629,群創統一98購01  ,0,0,0,0,0,0,0,0,0,-9000,0,0,0,0,9000,-9000,-9000
049463,華新科富邦97購01,0,0,0,0,0,0,0,0,0,-9000,0,0,0,26000,35000,-9000,-9000
04802P,國巨凱基94售07  ,0,0,0,0,0,0,0,0,0,-9000,0,0,0,2000,11000,-9000,-9000
048267,元金反中信93購01,0,0,0,0,0,0,0,0,0,-9000,0,0,0,0,9000,-9000,-9000
051575,國巨元大96購03  ,0,0,0,0,0,0,0,0,0,-9000,0,0,0,83000,92000,-9000,-9000
051052,台積電群益95購01,0,0,0,0,0,0,0,0,0,-9000,0,0,0,6000,15000,-9000,-9000
051921,南茂元大95購04  ,0,0,0,0,0,0,0,0,0,-9000,0,0,0,0,9000,-9000,-9000
049255,旺宏元大97購02  ,0,0,0,0,0,0,0,0,0,-9000,0,0,0,53000,62000,-9000,-9000
052706,台虹國票97購01  ,0,0,0,0,0,0,0,0,0,-9000,0,0,0,61000,70000,-9000,-9000
050547,華新科凱基95購01,0,0,0,0,0,0,0,0,0,-9000,0,0,0,60000,69000,-9000,-9000
053580,國巨元大96購10  ,0,0,0,0,0,0,0,0,0,-9000,0,0,0,187000,196000,-9000,-9000
053359,矽力統一96購02  ,0,0,0,0,0,0,0,0,0,-9000,0,0,0,0,9000,-9000,-9000
052426,國巨台新96購01  ,0,0,0,0,0,0,0,0,0,-9000,0,0,0,1000,10000,-9000,-9000
05350P,可成元富98售04  ,0,0,0,0,0,0,0,0,0,-9000,0,0,0,6000,15000,-9000,-9000
053380,南亞科元大97購01,0,0,0,0,0,0,0,0,0,-9000,0,0,0,15000,24000,-9000,-9000
05286P,矽力統一95售02  ,0,0,0,0,0,0,0,0,0,-9000,0,0,0,1000,10000,-9000,-9000
054343,世紀鋼元富96購02,0,0,0,0,0,0,0,0,0,-9000,0,0,0,0,9000,-9000,-9000
054240,訊芯群益96購03  ,0,0,0,0,0,0,0,0,0,-9000,0,0,0,11000,20000,-9000,-9000
054702,智邦第一97購01  ,0,0,0,0,0,0,0,0,0,-9000,0,0,0,323000,332000,-9000,-9000
054582,致新元大97購01  ,0,0,0,0,0,0,0,0,0,-9000,0,0,0,0,9000,-9000,-9000
055408,力成國泰98購01  ,0,0,0,0,0,0,0,0,0,-9000,0,0,0,1000,10000,-9000,-9000
055288,日電貿元大97購02,0,0,0,0,0,0,0,0,0,-9000,0,0,0,315000,324000,-9000,-9000
4426,利勤            ,38000,46000,-8000,0,0,0,0,0,0,-1000,0,0,0,0,1000,-1000,-9000
6443,元晶            ,58000,67000,-9000,0,0,0,0,0,0,0,0,0,0,0,0,0,-9000
8488,吉源-KY         ,0,9000,-9000,0,0,0,0,0,0,0,0,0,0,0,0,0,-9000
06577P,聯發科日盛9A售02,0,0,0,0,0,0,0,0,0,-9000,0,0,0,0,9000,-9000,-9000
06591P,大立光元大98售14,0,0,0,0,0,0,0,0,0,-9000,0,0,0,5000,14000,-9000,-9000
06725P,聯電元富98售01  ,0,0,0,0,0,0,0,0,0,-9000,0,0,0,28000,37000,-9000,-9000
06726P,欣興元富98售04  ,0,0,0,0,0,0,0,0,0,-9000,0,0,0,0,9000,-9000,-9000
06666P,台積電日盛9A售02,0,0,0,0,0,0,0,0,0,-9000,0,0,0,143000,152000,-9000,-9000
06358P,力成中信97售02  ,0,0,0,0,0,0,0,0,0,-9000,0,0,0,10000,19000,-9000,-9000
2020,美亞            ,32000,41000,-9000,0,0,0,0,0,0,0,0,0,0,0,0,0,-9000
1416,廣豐            ,0,9000,-9000,0,0,0,0,0,0,0,0,0,0,0,0,0,-9000
1582,信錦            ,202000,210000,-8000,0,0,0,0,0,0,-1000,0,1000,-1000,0,0,0,-9000
1530,亞崴            ,0,9000,-9000,0,0,0,0,0,0,0,0,0,0,0,0,0,-9000
4764,雙鍵            ,4000,13000,-9000,0,0,0,0,0,0,-500,0,500,-500,0,0,0,-9500
055730,建準元富97購02  ,0,0,0,0,0,0,0,0,0,-10000,0,0,0,0,10000,-10000,-10000
055713,國巨元大98購09  ,0,0,0,0,0,0,0,0,0,-10000,0,0,0,0,10000,-10000,-10000
055780,禾伸堂凱基99購01,0,0,0,0,0,0,0,0,0,-10000,0,0,0,6000,16000,-10000,-10000
055795,茂林國泰98購01  ,0,0,0,0,0,0,0,0,0,-10000,0,0,0,0,10000,-10000,-10000
055803,鎧勝永豐97購01  ,0,0,0,0,0,0,0,0,0,-10000,0,0,0,0,10000,-10000,-10000
055547,台積電凱基97購13,0,0,0,0,0,0,0,0,0,-10000,0,0,0,100000,110000,-10000,-10000
055623,貿聯國泰99購01  ,0,0,0,0,0,0,0,0,0,-10000,0,0,0,0,10000,-10000,-10000
055631,創意永豐98購01  ,0,0,0,0,0,0,0,0,0,-10000,0,0,0,0,10000,-10000,-10000
055652,聯詠元富01購01  ,0,0,0,0,0,0,0,0,0,-10000,0,0,0,30000,40000,-10000,-10000
055647,義隆元富97購01  ,0,0,0,0,0,0,0,0,0,-10000,0,0,0,0,10000,-10000,-10000
055911,可成凱基98購02  ,0,0,0,0,0,0,0,0,0,-10000,0,0,0,3000,13000,-10000,-10000
05597P,鴻海元富96售06  ,0,0,0,0,0,0,0,0,0,-10000,0,0,0,12000,22000,-10000,-10000
055869,臺股指元大97購08,0,0,0,0,0,0,0,0,0,-10000,0,0,0,0,10000,-10000,-10000
056063,大立光元大97購13,0,0,0,0,0,0,0,0,0,-10000,0,0,0,0,10000,-10000,-10000
056041,禾伸堂凱基98購03,0,0,0,0,0,0,0,0,0,-10000,0,0,0,0,10000,-10000,-10000
055985,聯鈞元富97購01  ,0,0,0,0,0,0,0,0,0,-10000,0,0,0,24000,34000,-10000,-10000
056028,GIS群益97購02   ,0,0,0,0,0,0,0,0,0,-10000,0,0,0,0,10000,-10000,-10000
056149,亞光康和97購01  ,0,0,0,0,0,0,0,0,0,-10000,0,0,0,0,10000,-10000,-10000
056147,鴻海日盛97購05  ,0,0,0,0,0,0,0,0,0,-10000,0,0,0,0,10000,-10000,-10000
056177,嘉澤元富97購01  ,0,0,0,0,0,0,0,0,0,-10000,0,0,0,0,10000,-10000,-10000
056154,宏達電凱基97購03,0,0,0,0,0,0,0,0,0,-10000,0,0,0,21000,31000,-10000,-10000
056196,聯茂富邦98購02  ,0,0,0,0,0,0,0,0,0,-10000,0,0,0,0,10000,-10000,-10000
056341,宏達電凱基9A購01,0,0,0,0,0,0,0,0,0,-10000,0,0,0,25000,35000,-10000,-10000
056434,國巨凱基98購03  ,0,0,0,0,0,0,0,0,0,-10000,0,0,0,0,10000,-10000,-10000
056640,元油2X凱基9A購01,0,0,0,0,0,0,0,0,0,-10000,0,0,0,0,10000,-10000,-10000
056607,貿聯富邦99購02  ,0,0,0,0,0,0,0,0,0,-10000,0,0,0,0,10000,-10000,-10000
056707,鴻海富邦99購03  ,0,0,0,0,0,0,0,0,0,-10000,0,0,0,0,10000,-10000,-10000
056735,國巨凱基99購02  ,0,0,0,0,0,0,0,0,0,-10000,0,0,0,0,10000,-10000,-10000
056741,大立光凱基98購14,0,0,0,0,0,0,0,0,0,-10000,0,0,0,0,10000,-10000,-10000
056509,晶相光永豐98購01,0,0,0,0,0,0,0,0,0,-10000,0,0,0,50000,60000,-10000,-10000
056477,欣興元大98購02  ,0,0,0,0,0,0,0,0,0,-10000,0,0,0,29000,39000,-10000,-10000
056492,全新國泰9A購01  ,0,0,0,0,0,0,0,0,0,-10000,0,0,0,0,10000,-10000,-10000
057126,台積電凱基99購03,0,0,0,0,0,0,0,0,0,-10000,0,0,0,0,10000,-10000,-10000
057131,奇力新凱基98購05,0,0,0,0,0,0,0,0,0,-10000,0,0,0,0,10000,-10000,-10000
057286,群創元大9B購05  ,0,0,0,0,0,0,0,0,0,-10000,0,0,0,0,10000,-10000,-10000
057077,國巨統一98購06  ,0,0,0,0,0,0,0,0,0,-10000,0,0,0,0,10000,-10000,-10000
057030,滬深反元大9B購01,0,0,0,0,0,0,0,0,0,-10000,0,0,0,0,10000,-10000,-10000
056937,智原元富98購01  ,0,0,0,0,0,0,0,0,0,-10000,0,0,0,0,10000,-10000,-10000
056852,矽格元富98購01  ,0,0,0,0,0,0,0,0,0,-10000,0,0,0,10000,20000,-10000,-10000
05687P,臺股指元大96售12,0,0,0,0,0,0,0,0,0,-10000,0,0,0,0,10000,-10000,-10000
056873,友達凱基98購07  ,0,0,0,0,0,0,0,0,0,-10000,0,0,0,0,10000,-10000,-10000
056903,大立光元大99購04,0,0,0,0,0,0,0,0,0,-10000,0,0,0,0,10000,-10000,-10000
05787P,臺股指永昌96售04,0,0,0,0,0,0,0,0,0,-10000,290000,40000,250000,270000,530000,-260000,-10000
05788P,臺股指永昌96售05,0,0,0,0,0,0,0,0,0,-10000,390000,10000,380000,150000,540000,-390000,-10000
05789P,臺股指永昌96售06,0,0,0,0,0,0,0,0,0,-10000,330000,0,330000,200000,540000,-340000,-10000
057839,台積電富邦9A購02,0,0,0,0,0,0,0,0,0,-10000,0,0,0,0,10000,-10000,-10000
05814P,臺股指國票96售07,0,0,0,0,0,0,0,0,0,-10000,0,0,0,1000,11000,-10000,-10000
05806P,宏達電永豐96售03,0,0,0,0,0,0,0,0,0,-10000,0,0,0,0,10000,-10000,-10000
057821,晶相光元大98購03,0,0,0,0,0,0,0,0,0,-10000,0,0,0,0,10000,-10000,-10000
05777P,台積電統一96售04,0,0,0,0,0,0,0,0,0,-10000,0,0,0,10000,20000,-10000,-10000
05822P,臺股指凱基96售19,0,0,0,0,0,0,0,0,0,-10000,0,0,0,194000,204000,-10000,-10000
05850P,台積電兆豐96售06,0,0,0,0,0,0,0,0,0,-10000,0,0,0,70000,80000,-10000,-10000
05855P,滬深2X中信9C售01,0,0,0,0,0,0,0,0,0,-10000,0,0,0,0,10000,-10000,-10000
05898P,旺宏凱基96售06  ,0,0,0,0,0,0,0,0,0,-10000,0,0,0,0,10000,-10000,-10000
05865P,大立光元大96售09,0,0,0,0,0,0,0,0,0,-10000,0,0,0,200000,210000,-10000,-10000
05998P,台積電元大97售12,0,0,0,0,0,0,0,0,0,-10000,0,0,0,150000,160000,-10000,-10000
05949P,台積電國票96售09,0,0,0,0,0,0,0,0,0,-10000,0,0,0,86000,96000,-10000,-10000
057749,華新科國票99購01,0,0,0,0,0,0,0,0,0,-10000,0,0,0,10000,20000,-10000,-10000
057737,國巨富邦99購02  ,0,0,0,0,0,0,0,0,0,-10000,0,0,0,51000,61000,-10000,-10000
057719,欣興元富02購01  ,0,0,0,0,0,0,0,0,0,-10000,0,0,0,0,10000,-10000,-10000
057732,牧德國泰9A購01  ,0,0,0,0,0,0,0,0,0,-10000,0,0,0,94000,104000,-10000,-10000
057733,嘉聯益國泰99購01,0,0,0,0,0,0,0,0,0,-10000,0,0,0,34000,44000,-10000,-10000
057695,S&P反1群益9B購01,0,0,0,0,0,0,0,0,0,-10000,0,0,0,0,10000,-10000,-10000
057696,聯電群益9A購01  ,0,0,0,0,0,0,0,0,0,-10000,0,0,0,5000,15000,-10000,-10000
057674,台郡元大99購03  ,0,0,0,0,0,0,0,0,0,-10000,0,0,0,20000,30000,-10000,-10000
057675,同欣電元大98購02,0,0,0,0,0,0,0,0,0,-10000,0,0,0,9000,19000,-10000,-10000
057613,瑞昱元富02購02  ,0,0,0,0,0,0,0,0,0,-10000,0,0,0,0,10000,-10000,-10000
057579,長榮航中信9A購01,0,0,0,0,0,0,0,0,0,-10000,0,0,0,95000,105000,-10000,-10000
057589,超眾國票9A購01  ,0,0,0,0,0,0,0,0,0,-10000,0,0,0,0,10000,-10000,-10000
057547,技嘉凱基99購01  ,0,0,0,0,0,0,0,0,0,-10000,0,0,0,150000,160000,-10000,-10000
057515,智原元富98購02  ,0,0,0,0,0,0,0,0,0,-10000,0,0,0,0,10000,-10000,-10000
048144,華固統一93購01  ,0,0,0,0,0,0,0,0,0,-10000,0,0,0,0,10000,-10000,-10000
048239,嘉澤國票93購01  ,0,0,0,0,0,0,0,0,0,-10000,0,0,0,0,10000,-10000,-10000
048023,鴻海凱基93購28  ,0,0,0,0,0,0,0,0,0,-10000,0,0,0,0,10000,-10000,-10000
048870,義隆國票96購01  ,0,0,0,0,0,0,0,0,0,-10000,0,0,0,0,10000,-10000,-10000
04888P,臺股指凱基95售03,0,0,0,0,0,0,0,0,0,-10000,0,0,0,50000,60000,-10000,-10000
047166,台達電康和93購01,0,0,0,0,0,0,0,0,0,-10000,0,0,0,0,10000,-10000,-10000
046882,智易富邦97購01  ,0,0,0,0,0,0,0,0,0,-10000,0,0,0,0,10000,-10000,-10000
046909,聯茂凱基93購06  ,0,0,0,0,0,0,0,0,0,-10000,0,0,0,0,10000,-10000,-10000
046938,致茂元大93購02  ,0,0,0,0,0,0,0,0,0,-10000,0,0,0,0,10000,-10000,-10000
046915,禾伸堂台新93購01,0,0,0,0,0,0,0,0,0,-10000,0,0,0,0,10000,-10000,-10000
047119,臻鼎元大93購01  ,0,0,0,0,0,0,0,0,0,-10000,0,0,0,0,10000,-10000,-10000
047090,緯創元富93購01  ,0,0,0,0,0,0,0,0,0,-10000,0,0,0,0,10000,-10000,-10000
047051,可成國票94購01  ,0,0,0,0,0,0,0,0,0,-10000,0,0,0,0,10000,-10000,-10000
047009,大立光統一93購07,0,0,0,0,0,0,0,0,0,-10000,0,0,0,0,10000,-10000,-10000
046973,矽力群益93購01  ,0,0,0,0,0,0,0,0,0,-10000,0,0,0,0,10000,-10000,-10000
047066,力成凱基93購04  ,0,0,0,0,0,0,0,0,0,-10000,0,0,0,10000,20000,-10000,-10000
04673P,友達統一94售04  ,0,0,0,0,0,0,0,0,0,-10000,0,0,0,0,10000,-10000,-10000
046792,京元電元富96購01,0,0,0,0,0,0,0,0,0,-10000,0,0,0,0,10000,-10000,-10000
046753,台積電凱基93購04,0,0,0,0,0,0,0,0,0,-10000,0,0,0,0,10000,-10000,-10000
046755,瑞昱凱基93購05  ,0,0,0,0,0,0,0,0,0,-10000,0,0,0,0,10000,-10000,-10000
048700,和鑫國票95購01  ,0,0,0,0,0,0,0,0,0,-10000,0,0,0,30000,40000,-10000,-10000
048704,台表科國票95購01,0,0,0,0,0,0,0,0,0,-10000,0,0,0,0,10000,-10000,-10000
047916,台積電凱基93購22,0,0,0,0,0,0,0,0,0,-10000,0,0,0,0,10000,-10000,-10000
04790P,台積電元大94售19,0,0,0,0,0,0,0,0,0,-10000,0,0,0,0,10000,-10000,-10000
047910,全新麥證94購01  ,0,0,0,0,10000,-10000,0,0,0,-10000,0,0,0,0,10000,-10000,-10000
048746,台達電元富94購01,0,0,0,0,0,0,0,0,0,-10000,0,0,0,0,10000,-10000,-10000
046962,群創中信95購03  ,0,0,0,0,0,0,0,0,0,-10000,0,0,0,0,10000,-10000,-10000
047477,台積電凱基93購15,0,0,0,0,0,0,0,0,0,-10000,0,0,0,0,10000,-10000,-10000
047565,美律國票93購02  ,0,0,0,0,0,0,0,0,0,-10000,0,0,0,0,10000,-10000,-10000
047547,友達凱基99購02  ,0,0,0,0,0,0,0,0,0,-10000,0,0,0,0,10000,-10000,-10000
046804,群創元大94購01  ,0,0,0,0,0,0,0,0,0,-10000,0,0,0,101000,111000,-10000,-10000
049449,宏碁統一94購01  ,0,0,0,0,0,0,0,0,0,-10000,0,0,0,0,10000,-10000,-10000
04944P,元油2X永豐94售06,0,0,0,0,0,0,0,0,0,-10000,0,0,0,5000,15000,-10000,-10000
050183,奇鋐元大96購01  ,0,0,0,0,0,0,0,0,0,-10000,0,0,0,0,10000,-10000,-10000
050166,彩晶國泰95購01  ,0,0,0,0,0,0,0,0,0,-10000,0,0,0,0,10000,-10000,-10000
05014P,臺股指元大95售05,0,0,0,0,0,0,0,0,0,-10000,0,0,0,15000,25000,-10000,-10000
052290,鴻海元富97購01  ,0,0,0,0,0,0,0,0,0,-10000,0,0,0,0,10000,-10000,-10000
052280,聯發科凱基95購11,0,0,0,0,0,0,0,0,0,-10000,0,0,0,0,10000,-10000,-10000
052256,台泥國泰96購01  ,0,0,0,0,0,0,0,0,0,-10000,0,0,0,0,10000,-10000,-10000
052165,訊芯永豐95購03  ,0,0,0,0,0,0,0,0,0,-10000,0,0,0,68000,78000,-10000,-10000
052372,台泥元大95購02  ,0,0,0,0,0,0,0,0,0,-10000,0,0,0,0,10000,-10000,-10000
052367,聯茂國票96購02  ,0,0,0,0,0,0,0,0,0,-10000,0,0,0,0,10000,-10000,-10000
049067,元油2X凱基94購02,0,0,0,0,0,0,0,0,0,-10000,0,0,0,0,10000,-10000,-10000
052209,深中小元大95購02,0,0,0,0,0,0,0,0,0,-10000,0,0,0,0,10000,-10000,-10000
052185,奇力新群益95購03,0,0,0,0,0,0,0,0,0,-10000,0,0,0,0,10000,-10000,-10000
052176,景碩元大96購01  ,0,100000,-100000,0,0,0,0,0,0,90000,0,0,0,110000,20000,90000,-10000
052171,台積電元大95購21,0,0,0,0,0,0,0,0,0,-10000,0,0,0,289000,299000,-10000,-10000
048535,超眾國票94購02  ,0,0,0,0,0,0,0,0,0,-10000,0,0,0,0,10000,-10000,-10000
048511,美律凱基93購07  ,0,0,0,0,0,0,0,0,0,-10000,0,0,0,0,10000,-10000,-10000
048501,GIS元大94購02   ,0,0,0,0,0,0,0,0,0,-10000,0,0,0,0,10000,-10000,-10000
048499,達運元大96購01  ,0,0,0,0,0,0,0,0,0,-10000,0,0,0,0,10000,-10000,-10000
048352,嘉澤台新93購01  ,0,0,0,0,0,0,0,0,0,-10000,0,0,0,0,10000,-10000,-10000
048348,矽力元大93購03  ,0,0,0,0,0,0,0,0,0,-10000,0,0,0,1000,11000,-10000,-10000
048344,大立光元大93購30,0,0,0,0,0,0,0,0,0,-10000,0,0,0,0,10000,-10000,-10000
048416,台達電統一93購02,0,0,0,0,0,0,0,0,0,-10000,0,0,0,0,10000,-10000,-10000
049093,昇陽半凱基94購01,0,0,0,0,0,0,0,0,0,-10000,0,0,0,42000,52000,-10000,-10000
049102,智伸科國泰96購01,0,0,0,0,0,0,0,0,0,-10000,0,0,0,0,10000,-10000,-10000
046630,京元電元富95購03,0,0,0,0,0,0,0,0,0,-10000,0,0,0,0,10000,-10000,-10000
04559P,華通凱基94售03  ,0,0,0,0,0,0,0,0,0,-10000,0,0,0,50000,60000,-10000,-10000
045643,臻鼎凱基93購01  ,0,0,0,0,0,0,0,0,0,-10000,0,0,0,0,10000,-10000,-10000
045634,友達凱基93購02  ,0,0,0,0,0,0,0,0,0,-10000,0,0,0,0,10000,-10000,-10000
046623,臻鼎凱基93購02  ,0,0,0,0,0,0,0,0,0,-10000,0,0,0,0,10000,-10000,-10000
046493,緯創富邦93購01  ,0,0,0,0,0,0,0,0,0,-10000,0,0,0,0,10000,-10000,-10000
044304,臻鼎兆豐93購01  ,0,0,0,0,0,0,0,0,0,-10000,0,0,0,0,10000,-10000,-10000
04435P,台積電中信95售07,0,0,0,0,0,0,0,0,0,-10000,0,0,0,0,10000,-10000,-10000
046717,世紀鋼國泰94購01,0,0,0,0,0,0,0,0,0,-10000,0,0,0,0,10000,-10000,-10000
04401P,玉晶光兆豐94售01,0,0,0,0,0,0,0,0,0,-10000,0,0,0,0,10000,-10000,-10000
044129,群創凱基93購02  ,0,0,0,0,0,0,0,0,0,-10000,0,0,0,0,10000,-10000,-10000
044124,燿華凱基93購01  ,0,0,0,0,0,0,0,0,0,-10000,0,0,0,0,10000,-10000,-10000
045150,聯發科凱基93購03,0,0,0,0,0,0,0,0,0,-10000,0,0,0,0,10000,-10000,-10000
045173,A50正2國票95購01,0,0,0,0,0,0,0,0,0,-10000,0,0,0,0,10000,-10000,-10000
044758,玉山金凱基93購01,0,0,0,0,0,0,0,0,0,-10000,0,0,0,10000,20000,-10000,-10000
045349,大立光凱基93購07,0,0,0,0,0,0,0,0,0,-10000,0,0,0,0,10000,-10000,-10000
045401,大立光兆豐93購01,0,0,0,0,0,0,0,0,0,-10000,0,0,0,0,10000,-10000,-10000
047598,深中小統一94購01,0,0,0,0,0,0,0,0,0,-10000,0,0,0,50000,60000,-10000,-10000
047601,上海銀中信93購01,0,0,0,0,0,0,0,0,0,-10000,0,0,0,0,10000,-10000,-10000
047674,群創元富96購02  ,0,0,0,0,0,0,0,0,0,-10000,0,0,0,0,10000,-10000,-10000
047685,嘉聯益國泰95購01,0,0,0,0,0,0,0,0,0,-10000,0,0,0,40000,50000,-10000,-10000
047755,麗豐元富93購01  ,0,0,0,0,0,0,0,0,0,-10000,0,0,0,0,10000,-10000,-10000
047708,聯發科凱基93購17,0,0,0,0,0,0,0,0,0,-10000,0,0,0,0,10000,-10000,-10000
047721,GIS凱基93購04   ,0,0,0,0,0,0,0,0,0,-10000,0,0,0,0,10000,-10000,-10000
047804,鴻海凱基93購26  ,0,0,0,0,0,0,0,0,0,-10000,0,0,0,0,10000,-10000,-10000
047877,滬深2X中信95購07,0,0,0,0,0,0,0,0,0,-10000,0,0,0,0,10000,-10000,-10000
047809,瑞昱凱基93購08  ,0,0,0,0,0,0,0,0,0,-10000,0,0,0,0,10000,-10000,-10000
048683,日月光富邦93購01,0,0,0,0,0,0,0,0,0,-10000,0,0,0,0,10000,-10000,-10000
048654,滬深2X元富93購05,0,0,0,0,0,0,0,0,0,-10000,0,0,0,0,10000,-10000,-10000
03012X,元展12          ,0,0,0,0,0,0,0,0,0,-10000,0,0,0,0,10000,-10000,-10000
00711B,FH彭博新興債    ,18000,0,18000,0,0,0,0,0,0,-28000,0,0,0,87000,115000,-28000,-10000
00712,FH富時不動產    ,0,33000,-33000,0,0,0,0,0,0,23000,0,0,0,106000,83000,23000,-10000
042897,大立光永昌93購04,0,0,0,0,0,0,0,0,0,-10000,0,0,0,0,10000,-10000,-10000
042679,群創元大92購02  ,0,0,0,0,0,0,0,0,0,-10000,0,0,0,0,10000,-10000,-10000
042089,台灣50中信94購03,0,0,0,0,0,0,0,0,0,-10000,0,0,0,38000,48000,-10000,-10000
03492P,創意元大02售03  ,0,0,0,0,0,0,0,0,0,-10000,0,0,0,0,10000,-10000,-10000
046348,嘉澤兆豐93購01  ,0,0,0,0,0,0,0,0,0,-10000,0,0,0,0,10000,-10000,-10000
04610P,世紀鋼永豐94售03,0,0,0,0,0,0,0,0,0,-10000,0,0,0,0,10000,-10000,-10000
043912,華新科凱基93購01,0,0,0,0,0,0,0,0,0,-10000,0,0,0,0,10000,-10000,-10000
043396,世紀鋼元大93購01,0,0,0,0,0,0,0,0,0,-10000,0,0,0,0,10000,-10000,-10000
03860P,群創元富97售01  ,0,0,0,0,0,0,0,0,0,-10000,0,0,0,0,10000,-10000,-10000
03832P,臺股指中信95售03,0,0,0,0,0,0,0,0,0,-10000,0,0,0,0,10000,-10000,-10000
04014P,聯發科元大93售18,0,0,0,0,0,0,0,0,0,-10000,0,0,0,10000,20000,-10000,-10000
03990P,嘉澤永豐93售01  ,0,0,0,0,0,0,0,0,0,-10000,0,0,0,0,10000,-10000,-10000
04141P,啟碁國票93售01  ,0,0,0,0,0,0,0,0,0,-10000,0,0,0,0,10000,-10000,-10000
040760,T50反1凱基95購01,0,0,0,0,0,0,0,0,0,-10000,0,0,0,0,10000,-10000,-10000
045818,鴻海凱基93購10  ,0,0,0,0,0,0,0,0,0,-10000,0,0,0,0,10000,-10000,-10000
04148P,GIS凱基93售05   ,0,0,0,0,0,0,0,0,0,-10000,0,0,0,144000,154000,-10000,-10000
052010,兆豐金中信95購01,0,0,0,0,0,0,0,0,0,-10000,0,0,0,30000,40000,-10000,-10000
05057P,鴻海國票96售01  ,0,0,0,0,0,0,0,0,0,-10000,0,0,0,8000,18000,-10000,-10000
049344,華固統一94購01  ,0,0,0,0,0,0,0,0,0,-10000,0,0,0,0,10000,-10000,-10000
049345,富邦金統一94購02,0,0,0,0,0,0,0,0,0,-10000,0,0,0,0,10000,-10000,-10000
049367,全新元大96購01  ,0,0,0,0,0,0,0,0,0,-10000,0,0,0,0,10000,-10000,-10000
049404,訊芯群益94購02  ,0,0,0,0,0,0,0,0,0,-10000,0,0,0,5000,15000,-10000,-10000
049397,台達電群益94購03,0,0,0,0,0,0,0,0,0,-10000,0,0,0,0,10000,-10000,-10000
052543,聯詠元富95購01  ,0,0,0,0,0,0,0,0,0,-10000,0,0,0,12000,22000,-10000,-10000
051339,智易永豐95購02  ,0,27000,-27000,0,0,0,0,0,0,17000,0,0,0,54000,37000,17000,-10000
051326,聯發科台新95購01,0,0,0,0,0,0,0,0,0,-10000,0,0,0,0,10000,-10000,-10000
051312,國泰金麥證95購01,0,0,0,0,10000,-10000,0,0,0,-10000,0,0,0,0,10000,-10000,-10000
051313,緯創麥證95購02  ,0,0,0,0,10000,-10000,0,0,0,-10000,0,0,0,0,10000,-10000,-10000
052701,群創國票96購01  ,0,0,0,0,0,0,0,0,0,-10000,0,0,0,3000,13000,-10000,-10000
052702,群創國票97購03  ,0,0,0,0,0,0,0,0,0,-10000,0,0,0,0,10000,-10000,-10000
052705,超眾國票97購01  ,0,0,0,0,0,0,0,0,0,-10000,0,0,0,0,10000,-10000,-10000
052724,力成統一97購01  ,0,0,0,0,0,0,0,0,0,-10000,0,0,0,0,10000,-10000,-10000
052675,新光金國泰98購01,0,0,0,0,0,0,0,0,0,-10000,0,0,0,0,10000,-10000,-10000
052678,群創富邦96購01  ,0,0,0,0,0,0,0,0,0,-10000,0,0,0,0,10000,-10000,-10000
052857,大成鋼凱基96購01,0,0,0,0,0,0,0,0,0,-10000,0,0,0,0,10000,-10000,-10000
052597,茂林群益96購01  ,0,0,0,0,0,0,0,0,0,-10000,0,0,0,154000,164000,-10000,-10000
052994,群創台新99購01  ,0,0,0,0,0,0,0,0,0,-10000,0,0,0,0,10000,-10000,-10000
053298,SP黃豆凱基99購01,0,0,0,0,0,0,0,0,0,-10000,0,0,0,45000,55000,-10000,-10000
049204,京元電群益94購02,0,0,0,0,0,0,0,0,0,-10000,0,0,0,0,10000,-10000,-10000
049137,華通元大95購02  ,0,0,0,0,0,0,0,0,0,-10000,0,0,0,0,10000,-10000,-10000
049132,大成鋼元大94購01,0,0,0,0,0,0,0,0,0,-10000,0,0,0,68000,78000,-10000,-10000
051975,美食凱基95購02  ,0,0,0,0,0,0,0,0,0,-10000,0,0,0,0,10000,-10000,-10000
051967,康友永豐95購02  ,0,0,0,0,0,0,0,0,0,-10000,0,0,0,0,10000,-10000,-10000
051959,台郡台新95購03  ,0,0,0,0,0,0,0,0,0,-10000,0,0,0,44000,54000,-10000,-10000
051230,聯詠群益95購01  ,0,0,0,0,0,0,0,0,0,-10000,0,0,0,10000,20000,-10000,-10000
050500,台積電凱基94購36,0,0,0,0,0,0,0,0,0,-10000,0,0,0,0,10000,-10000,-10000
051294,鴻海元富95購06  ,0,0,0,0,0,0,0,0,0,-10000,0,0,0,0,10000,-10000,-10000
051287,台積電統一95購05,0,0,0,0,0,0,0,0,0,-10000,0,0,0,300000,310000,-10000,-10000
051250,大立光元大98購01,0,0,0,0,0,0,0,0,0,-10000,0,0,0,0,10000,-10000,-10000
05125P,鴻海群益95售06  ,0,0,0,0,0,0,0,0,0,-10000,0,0,0,10000,20000,-10000,-10000
052153,GIS富邦96購02   ,0,0,0,0,0,0,0,0,0,-10000,0,0,0,50000,60000,-10000,-10000
049618,美律群益94購03  ,0,0,0,0,0,0,0,0,0,-10000,0,0,0,8000,18000,-10000,-10000
052128,聯發科日盛95購03,0,0,0,0,0,0,0,0,0,-10000,0,0,0,0,10000,-10000,-10000
052129,鴻海凱基97購02  ,0,0,0,0,0,0,0,0,0,-10000,0,0,0,0,10000,-10000,-10000
050404,元大金麥證94購01,0,0,0,10000,20000,-10000,0,0,0,-10000,0,0,0,10000,20000,-10000,-10000
049670,鈺齊國泰96購01  ,0,0,0,0,0,0,0,0,0,-10000,0,0,0,0,10000,-10000,-10000
051896,柏文元富95購01  ,0,0,0,0,0,0,0,0,0,-10000,0,0,0,0,10000,-10000,-10000
05141P,華通台新96售01  ,0,0,0,0,0,0,0,0,0,-10000,0,0,0,0,10000,-10000,-10000
05186P,鈺齊中信95售02  ,0,0,0,0,0,0,0,0,0,-10000,0,0,0,50000,60000,-10000,-10000
051378,奇力新群益95購01,0,0,0,0,0,0,0,0,0,-10000,0,0,0,17000,27000,-10000,-10000
051386,富邦金麥證96購01,0,0,0,0,10000,-10000,0,0,0,-10000,0,0,0,0,10000,-10000,-10000
051387,新光金麥證96購01,0,0,0,0,10000,-10000,0,0,0,-10000,0,0,0,0,10000,-10000,-10000
05164P,南亞科元富95售04,0,0,0,0,0,0,0,0,0,-10000,0,0,0,0,10000,-10000,-10000
051669,建準元大95購01  ,0,0,0,0,0,0,0,0,0,-10000,0,0,0,0,10000,-10000,-10000
05106P,鴻海永豐95售02  ,0,0,0,0,0,0,0,0,0,-10000,0,0,0,2000,12000,-10000,-10000
050194,臻鼎元大94購03  ,0,0,0,0,0,0,0,0,0,-10000,0,0,0,0,10000,-10000,-10000
050204,華新科群益94購05,0,0,0,0,0,0,0,0,0,-10000,0,0,0,30000,40000,-10000,-10000
051076,緯創國泰96購01  ,0,0,0,0,0,0,0,0,0,-10000,0,0,0,0,10000,-10000,-10000
052086,鴻海元大96購08  ,0,0,0,0,0,0,0,0,0,-10000,0,0,0,0,10000,-10000,-10000
052080,康友元富98購02  ,0,0,0,0,0,0,0,0,0,-10000,0,0,0,38000,48000,-10000,-10000
051714,健鼎台新95購01  ,0,0,0,0,0,0,0,0,0,-10000,0,0,0,0,10000,-10000,-10000
050327,泰鼎永豐94購03  ,0,0,0,0,0,0,0,0,0,-10000,0,0,0,90000,100000,-10000,-10000
050343,鴻海元富94購01  ,0,0,0,0,0,0,0,0,0,-10000,0,0,0,13000,23000,-10000,-10000
050351,華新科群益95購02,0,0,0,0,0,0,0,0,0,-10000,0,0,0,5000,15000,-10000,-10000
050339,鴻海統一94購06  ,0,0,0,0,0,0,0,0,0,-10000,0,0,0,48000,58000,-10000,-10000
049571,華固統一94購02  ,0,0,0,0,0,0,0,0,0,-10000,0,0,0,10000,20000,-10000,-10000
049787,麗豐兆豐94購01  ,0,0,0,0,0,0,0,0,0,-10000,0,0,0,0,10000,-10000,-10000
050085,國泰金元富94購01,0,0,0,0,0,0,0,0,0,-10000,0,0,0,0,10000,-10000,-10000
050057,國巨凱基94購05  ,0,0,0,0,0,0,0,0,0,-10000,0,0,0,0,10000,-10000,-10000
050114,群創元大95購01  ,0,0,0,0,0,0,0,0,0,-10000,0,0,0,5000,15000,-10000,-10000
049988,貿聯凱基94購02  ,0,0,0,0,0,0,0,0,0,-10000,0,0,0,0,10000,-10000,-10000
049948,聯發科麥證94購01,0,0,0,0,10000,-10000,0,0,0,-10000,0,0,0,0,10000,-10000,-10000
049949,燿華群益96購01  ,0,0,0,0,0,0,0,0,0,-10000,0,0,0,0,10000,-10000,-10000
051602,南茂兆豐96購01  ,0,0,0,0,0,0,0,0,0,-10000,0,0,0,60000,70000,-10000,-10000
051622,和碩凱基96購01  ,0,0,0,0,0,0,0,0,0,-10000,0,0,0,0,10000,-10000,-10000
051623,和碩凱基96購02  ,0,0,0,0,0,0,0,0,0,-10000,0,0,0,80000,90000,-10000,-10000
051636,嘉晶國票95購02  ,0,0,0,0,0,0,0,0,0,-10000,0,0,0,0,10000,-10000,-10000
05152P,玉晶光群益96售05,0,0,0,0,0,0,0,0,0,-10000,0,0,0,20000,30000,-10000,-10000
051542,南茂國票96購01  ,0,0,0,0,0,0,0,0,0,-10000,0,0,0,0,10000,-10000,-10000
051477,可成凱基95購07  ,0,0,0,0,0,0,0,0,0,-10000,0,0,0,0,10000,-10000,-10000
051464,彩晶國泰96購01  ,0,0,0,0,0,0,0,0,0,-10000,0,0,0,0,10000,-10000,-10000
051177,可成凱基95購05  ,0,0,0,0,0,0,0,0,0,-10000,0,0,0,0,10000,-10000,-10000
051179,臺股指凱基95購04,0,0,0,0,0,0,0,0,0,-10000,0,0,0,0,10000,-10000,-10000
050769,聯發科元大94購17,0,0,0,0,0,0,0,0,0,-10000,0,0,0,50000,60000,-10000,-10000
050756,京元電元富94購03,0,0,0,0,0,0,0,0,0,-10000,0,0,0,0,10000,-10000,-10000
050818,華新科凱基95購02,0,0,0,0,0,0,0,0,0,-10000,0,0,0,10000,20000,-10000,-10000
050781,昇陽半元大94購06,0,0,0,0,0,0,0,0,0,-10000,0,0,0,0,10000,-10000,-10000
050663,麗豐元大96購03  ,0,0,0,0,0,0,0,0,0,-10000,0,0,0,0,10000,-10000,-10000
050631,矽創亞東94購01  ,0,0,0,0,0,0,0,0,0,-10000,0,0,0,0,10000,-10000,-10000
050977,聯發科統一95購02,0,0,0,0,0,0,0,0,0,-10000,0,0,0,0,10000,-10000,-10000
050948,華固群益95購01  ,120000,0,120000,0,0,0,0,0,0,-130000,0,0,0,10000,140000,-130000,-10000
050918,南亞科日盛95購01,0,0,0,0,0,0,0,0,0,-10000,0,0,0,0,10000,-10000,-10000
050831,超眾凱基95購01  ,0,0,0,0,0,0,0,0,0,-10000,0,0,0,31000,41000,-10000,-10000
050844,大立光國票96購01,0,0,0,0,0,0,0,0,0,-10000,0,0,0,0,10000,-10000,-10000
050846,緯創國票96購01  ,0,0,0,0,0,0,0,0,0,-10000,0,0,0,0,10000,-10000,-10000
05084P,嘉聯益永豐95售02,0,0,0,0,0,0,0,0,0,-10000,0,0,0,0,10000,-10000,-10000
055302,達方元大97購01  ,0,0,0,0,0,0,0,0,0,-10000,0,0,0,0,10000,-10000,-10000
055273,華泰元大97購01  ,0,0,0,0,0,0,0,0,0,-10000,0,0,0,0,10000,-10000,-10000
05525P,奇力新群益96售02,0,0,0,0,0,0,0,0,0,-10000,0,0,0,0,10000,-10000,-10000
05536P,奇力新元大96售03,0,0,0,0,0,0,0,0,0,-10000,0,0,0,0,10000,-10000,-10000
055353,華新科凱基98購03,0,0,0,0,0,0,0,0,0,-10000,0,0,0,10000,20000,-10000,-10000
055347,台積電凱基97購10,0,0,0,0,0,0,0,0,0,-10000,0,0,0,0,10000,-10000,-10000
055135,聯發科富邦99購05,0,0,0,0,0,0,0,0,0,-10000,0,0,0,5000,15000,-10000,-10000
055231,大毅國票98購02  ,0,0,0,0,0,0,0,0,0,-10000,0,0,0,0,10000,-10000,-10000
055170,光磊統一97購01  ,0,0,0,0,0,0,0,0,0,-10000,0,0,0,48000,58000,-10000,-10000
054977,SP黃豆元富9B購01,0,0,0,0,0,0,0,0,0,-10000,0,0,0,5000,15000,-10000,-10000
055043,中砂永豐97購01  ,0,0,0,0,0,0,0,0,0,-10000,0,0,0,0,10000,-10000,-10000
055032,億光富邦99購01  ,0,0,0,0,0,0,0,0,0,-10000,0,0,0,10000,20000,-10000,-10000
055024,興勤國泰98購01  ,0,0,0,0,0,0,0,0,0,-10000,0,0,0,0,10000,-10000,-10000
054562,亞光群益98購01  ,0,0,0,0,0,0,0,0,0,-10000,0,0,0,0,10000,-10000,-10000
054558,劍麟群益99購01  ,0,0,0,0,0,0,0,0,0,-10000,0,0,0,0,10000,-10000,-10000
054856,得力群益99購01  ,0,0,0,0,0,0,0,0,0,-10000,0,0,0,10000,20000,-10000,-10000
054765,亞光國票98購02  ,0,0,0,0,0,0,0,0,0,-10000,0,0,0,60000,70000,-10000,-10000
054767,日電貿國票98購01,0,0,0,0,0,0,0,0,0,-10000,0,0,0,0,10000,-10000,-10000
054750,聯茂凱基98購02  ,0,0,0,0,0,0,0,0,0,-10000,0,0,0,0,10000,-10000,-10000
054226,燿華元富96購02  ,0,0,0,0,0,0,0,0,0,-10000,0,0,0,0,10000,-10000,-10000
054286,台積電元大96購22,0,0,0,0,0,0,0,0,0,-10000,0,0,0,136000,146000,-10000,-10000
054339,聯詠統一96購02  ,0,0,0,0,0,0,0,0,0,-10000,0,0,0,51000,61000,-10000,-10000
054304,台積電凱基96購23,0,0,0,0,0,0,0,0,0,-10000,0,0,0,0,10000,-10000,-10000
054305,光磊凱基98購01  ,0,0,0,0,0,0,0,0,0,-10000,0,0,0,0,10000,-10000,-10000
054409,亞光國票97購02  ,0,0,0,0,0,0,0,0,0,-10000,0,0,0,0,10000,-10000,-10000
054436,高鐵台新97購02  ,0,0,0,0,0,0,0,0,0,-10000,0,0,0,0,10000,-10000,-10000
054549,台積電凱基98購01,0,0,0,0,0,0,0,0,0,-10000,0,0,0,0,10000,-10000,-10000
054541,康控國票98購01  ,0,0,0,0,0,0,0,0,0,-10000,0,0,0,0,10000,-10000,-10000
054489,牧德台新97購02  ,0,0,0,0,0,0,0,0,0,-10000,0,0,0,0,10000,-10000,-10000
052926,旺宏元大98購02  ,0,0,0,0,0,0,0,0,0,-10000,0,0,0,142000,152000,-10000,-10000
052908,大成鋼統一96購01,0,0,0,0,0,0,0,0,0,-10000,0,0,0,10000,20000,-10000,-10000
052978,貿聯麥證97購01  ,0,0,0,0,10000,-10000,0,0,0,-10000,0,0,0,0,10000,-10000,-10000
05295P,緯創凱基95售01  ,0,0,0,0,0,0,0,0,0,-10000,0,0,0,50000,60000,-10000,-10000
053004,燿華永豐96購01  ,0,0,0,0,0,0,0,0,0,-10000,0,0,0,0,10000,-10000,-10000
053101,創意元富96購03  ,0,0,0,0,0,0,0,0,0,-10000,0,0,0,0,10000,-10000,-10000
053047,寶成中信97購01  ,0,0,0,0,0,0,0,0,0,-10000,0,0,0,0,10000,-10000,-10000
053124,聯發科凱基96購12,0,0,0,0,0,0,0,0,0,-10000,0,0,0,110000,120000,-10000,-10000
053173,矽格群益97購01  ,0,0,0,0,0,0,0,0,0,-10000,0,0,0,0,10000,-10000,-10000
053199,旺宏日盛96購01  ,0,0,0,0,0,0,0,0,0,-10000,0,0,0,19000,29000,-10000,-10000
053433,友達日盛99購06  ,0,0,0,0,0,0,0,0,0,-10000,0,0,0,0,10000,-10000,-10000
053505,瑞儀兆豐97購01  ,0,0,0,0,0,0,0,0,0,-10000,0,0,0,0,10000,-10000,-10000
053521,緯穎群益96購02  ,0,0,0,0,0,0,0,0,0,-10000,0,0,0,22000,32000,-10000,-10000
053466,華通元大98購01  ,0,0,0,0,0,0,0,0,0,-10000,0,0,0,20000,30000,-10000,-10000
053365,彩晶國泰98購01  ,0,0,0,0,0,0,0,0,0,-10000,0,0,0,0,10000,-10000,-10000
052639,康控凱基96購02  ,0,0,0,0,0,0,0,0,0,-10000,0,0,0,0,10000,-10000,-10000
052794,群創兆豐97購01  ,0,0,0,0,0,0,0,0,0,-10000,0,0,0,0,10000,-10000,-10000
052416,滬深2X兆豐96購02,0,0,0,0,0,0,0,0,0,-10000,0,0,0,0,10000,-10000,-10000
053597,牧德元大99購01  ,0,0,0,0,0,0,0,0,0,-10000,0,0,0,4000,14000,-10000,-10000
053685,台積電元大96購18,0,0,0,0,0,0,0,0,0,-10000,0,0,0,90000,100000,-10000,-10000
053687,智邦元大96購02  ,0,0,0,0,0,0,0,0,0,-10000,0,0,0,25000,35000,-10000,-10000
05379P,可成凱基95售11  ,0,0,0,0,0,0,0,0,0,-10000,0,0,0,20000,30000,-10000,-10000
053771,華新元大97購01  ,0,0,0,0,0,0,0,0,0,-10000,0,0,0,0,10000,-10000,-10000
053898,康友群益97購01  ,0,0,0,0,0,0,0,0,0,-10000,0,0,0,29000,39000,-10000,-10000
053913,華新國票97購01  ,0,0,0,0,0,0,0,0,0,-10000,0,0,0,0,10000,-10000,-10000
05399P,GIS國票95售03   ,0,0,0,0,0,0,0,0,0,-10000,0,0,0,10000,20000,-10000,-10000
054001,康友群益96購02  ,0,0,0,0,0,0,0,0,0,-10000,0,0,0,30000,40000,-10000,-10000
054042,華泰元大96購01  ,0,0,0,0,0,0,0,0,0,-10000,0,0,0,0,10000,-10000,-10000
054100,致伸國票97購03  ,0,0,0,0,0,0,0,0,0,-10000,0,0,0,0,10000,-10000,-10000
05406P,台光電凱基95售02,0,0,0,0,0,0,0,0,0,-10000,0,0,0,0,10000,-10000,-10000
054089,台積電群益96購11,0,0,0,0,0,0,0,0,0,-10000,0,0,0,10000,20000,-10000,-10000
054169,上緯控凱基98購01,0,0,0,0,0,0,0,0,0,-10000,0,0,0,0,10000,-10000,-10000
054179,上海銀台新97購01,0,0,0,0,0,0,0,0,0,-10000,0,0,0,0,10000,-10000,-10000
054175,高鐵台新97購01  ,0,0,0,0,0,0,0,0,0,-10000,0,0,0,0,10000,-10000,-10000
054205,華新國票97購02  ,0,0,0,0,0,0,0,0,0,-10000,0,0,0,0,10000,-10000,-10000
054185,喬山永豐96購02  ,0,0,0,0,0,0,0,0,0,-10000,0,0,0,45000,55000,-10000,-10000
5706,鳳凰            ,7000,17000,-10000,0,0,0,0,0,0,0,0,0,0,0,0,0,-10000
6449,鈺邦            ,12000,25000,-13000,0,0,0,0,0,0,3000,3000,0,3000,0,0,0,-10000
6277,宏正            ,15000,25000,-10000,0,0,0,0,0,0,0,0,0,0,0,0,0,-10000
6698,旭暉應材        ,4000,4000,0,0,0,0,0,0,0,-10000,0,10000,-10000,0,0,0,-10000
1446,宏和            ,0,10000,-10000,0,0,0,0,0,0,0,0,0,0,0,0,0,-10000
3028,增你強          ,17000,27000,-10000,0,0,0,0,0,0,0,0,0,0,0,0,0,-10000
2702,華園            ,5000,15000,-10000,0,0,0,0,0,0,0,0,0,0,0,0,0,-10000
06359P,上銀群益97售03  ,0,0,0,0,0,0,0,0,0,-10000,0,0,0,16000,26000,-10000,-10000
06384P,訊芯元富97售03  ,0,0,0,0,0,0,0,0,0,-10000,0,0,0,0,10000,-10000,-10000
06407P,創意元富97售02  ,0,0,0,0,0,0,0,0,0,-10000,0,0,0,100000,110000,-10000,-10000
06416P,大立光群益97售06,0,0,0,0,0,0,0,0,0,-10000,0,0,0,0,10000,-10000,-10000
06420P,大立光統一98售06,0,0,0,0,0,0,0,0,0,-10000,0,0,0,0,10000,-10000,-10000
06298P,聯發科元大97售20,0,0,0,0,0,0,0,0,0,-10000,0,0,0,0,10000,-10000,-10000
06226P,聯發科麥證97售03,0,0,0,0,10000,-10000,0,0,0,-10000,0,0,0,0,10000,-10000,-10000
06050P,玉晶光國票98售01,0,0,0,0,0,0,0,0,0,-10000,0,0,0,10000,20000,-10000,-10000
06051P,嘉聯益國票97售04,0,0,0,0,0,0,0,0,0,-10000,0,0,0,0,10000,-10000,-10000
06092P,嘉聯益統一97售01,0,0,0,0,0,0,0,0,0,-10000,0,0,0,0,10000,-10000,-10000
06707P,臺股指台新99售04,0,0,0,0,0,0,0,0,0,-10000,0,0,0,0,10000,-10000,-10000
1233,天仁            ,1000,11000,-10000,0,0,0,0,0,0,0,0,0,0,0,0,0,-10000
06627P,華新科元富99售01,0,0,0,0,0,0,0,0,0,-10000,0,0,0,0,10000,-10000,-10000
06630P,國巨群益98售08  ,0,0,0,0,0,0,0,0,0,-10000,0,0,0,0,10000,-10000,-10000
057490,可成元大98購10  ,0,0,0,0,0,0,0,0,0,-11000,0,0,0,6000,17000,-11000,-11000
057553,景碩凱基98購03  ,0,0,0,0,0,0,0,0,0,-11000,0,0,0,0,11000,-11000,-11000
05992P,華通元大96售05  ,0,0,0,0,0,0,0,0,0,-11000,0,0,0,0,11000,-11000,-11000
057029,緯穎凱基98購04  ,0,0,0,0,0,0,0,0,0,-11000,0,0,0,9000,20000,-11000,-11000
057305,南亞科兆豐98購02,0,0,0,0,0,0,0,0,0,-11000,0,0,0,2000,13000,-11000,-11000
056026,智易群益97購01  ,0,100000,-100000,0,0,0,0,0,0,89000,0,0,0,100000,11000,89000,-11000
05591P,義隆群益96售03  ,0,0,0,0,0,0,0,0,0,-11000,0,0,0,0,11000,-11000,-11000
055526,台積電群益97購02,0,0,0,0,0,0,0,0,0,-11000,0,0,0,5000,16000,-11000,-11000
035277,景碩台新97購01  ,0,0,0,0,0,0,0,0,0,-11000,0,0,0,6000,17000,-11000,-11000
03640P,百和凱基93售05  ,0,0,0,0,0,0,0,0,0,-11000,0,0,0,0,11000,-11000,-11000
03740P,奇鋐群益94售01  ,0,0,0,0,0,0,0,0,0,-11000,0,0,0,0,11000,-11000,-11000
046200,上海銀凱基93購01,0,0,0,0,0,0,0,0,0,-11000,0,0,0,0,11000,-11000,-11000
03431B,元油2X凱基9B熊03,0,0,0,0,0,0,0,0,0,-11000,0,0,0,0,11000,-11000,-11000
03366P,TPK元大02售03   ,0,0,0,0,0,0,0,0,0,-11000,0,0,0,0,11000,-11000,-11000
00690,兆豐藍籌30      ,0,0,0,0,0,0,0,0,0,-11000,0,0,0,153000,164000,-11000,-11000
048652,巨大元大96購01  ,0,0,0,0,0,0,0,0,0,-11000,0,0,0,0,11000,-11000,-11000
048631,遠東新元大93購01,0,0,0,0,0,0,0,0,0,-11000,0,0,0,68000,79000,-11000,-11000
04768P,大立光國泰96售03,0,0,0,0,0,0,0,0,0,-11000,0,0,0,107000,118000,-11000,-11000
048118,百和群益94購03  ,0,0,0,0,0,0,0,0,0,-11000,0,0,0,0,11000,-11000,-11000
048552,鴻海元大94購03  ,0,0,0,0,0,0,0,0,0,-11000,0,0,0,17000,28000,-11000,-11000
048566,上海銀元大93購04,0,0,0,0,0,0,0,0,0,-11000,0,0,0,0,11000,-11000,-11000
048245,台積電兆豐93購07,0,0,0,0,0,0,0,0,0,-11000,0,0,0,6000,17000,-11000,-11000
050896,華新科元大96購02,0,0,0,0,0,0,0,0,0,-11000,0,0,0,0,11000,-11000,-11000
050943,楠梓電群益96購01,0,0,0,0,0,0,0,0,0,-11000,0,0,0,0,11000,-11000,-11000
051130,百和群益96購01  ,0,0,0,0,0,0,0,0,0,-11000,0,0,0,0,11000,-11000,-11000
051211,道瓊反統一95購01,0,0,0,0,0,0,0,0,0,-11000,0,0,0,29000,40000,-11000,-11000
049930,上海銀元大94購02,0,0,0,0,0,0,0,0,0,-11000,0,0,0,0,11000,-11000,-11000
050022,鴻海元大94購11  ,0,0,0,0,0,0,0,0,0,-11000,0,0,0,55000,66000,-11000,-11000
049549,瀚宇博群益94購01,0,0,0,0,0,0,0,0,0,-11000,0,0,0,0,11000,-11000,-11000
05034P,台積電元大95售08,0,0,0,0,0,0,0,0,0,-11000,0,0,0,10000,21000,-11000,-11000
050203,美律群益94購04  ,0,0,0,0,0,0,0,0,0,-11000,0,0,0,0,11000,-11000,-11000
051644,聯茂康和95購01  ,0,0,0,0,0,0,0,0,0,-11000,0,0,0,9000,20000,-11000,-11000
05208P,TPK中信95售01   ,0,0,0,0,0,0,0,0,0,-11000,0,0,0,0,11000,-11000,-11000
051990,泰碩元大95購01  ,0,0,0,0,0,0,0,0,0,-11000,0,0,0,4000,15000,-11000,-11000
052737,滬深2X元大96購06,0,0,0,0,0,0,0,0,0,-11000,0,0,0,20000,31000,-11000,-11000
05239P,欣興永豐95售03  ,0,0,0,0,0,0,0,0,0,-11000,0,0,0,0,11000,-11000,-11000
050610,鴻海元大94購24  ,0,0,0,0,0,0,0,0,0,-11000,0,0,0,207000,218000,-11000,-11000
054133,奇力新元大97購04,0,0,0,0,0,0,0,0,0,-11000,0,0,0,10000,21000,-11000,-11000
054088,華新群益98購02  ,0,0,0,0,0,0,0,0,0,-11000,0,0,0,0,11000,-11000,-11000
054051,貿聯元大97購03  ,0,0,0,0,0,0,0,0,0,-11000,0,0,0,23000,34000,-11000,-11000
054026,台積電凱基97購08,0,0,0,0,0,0,0,0,0,-11000,0,0,0,0,11000,-11000,-11000
053814,美律群益97購02  ,0,0,0,0,0,0,0,0,0,-11000,0,0,0,0,11000,-11000,-11000
053592,亞光元大96購01  ,0,0,0,0,0,0,0,0,0,-11000,0,0,0,33000,44000,-11000,-11000
053285,臺股指元大96購08,0,0,0,0,0,0,0,0,0,-11000,0,0,0,234000,245000,-11000,-11000
053509,華新群益98購01  ,0,0,0,0,0,0,0,0,0,-11000,0,0,0,0,11000,-11000,-11000
053515,致伸群益96購02  ,0,0,0,0,0,0,0,0,0,-11000,0,0,0,0,11000,-11000,-11000
053407,台積電兆豐96購02,0,0,0,0,0,0,0,0,0,-11000,0,0,0,80000,91000,-11000,-11000
053066,欣興群益96購02  ,0,0,0,0,0,0,0,0,0,-11000,0,0,0,35000,46000,-11000,-11000
052975,嘉聯益群益96購01,0,0,0,0,0,0,0,0,0,-11000,0,0,0,2000,13000,-11000,-11000
052945,嘉晶國票97購01  ,0,0,0,0,0,0,0,0,0,-11000,0,0,0,0,11000,-11000,-11000
054542,台表科國票98購01,0,0,0,0,0,0,0,0,0,-11000,0,0,0,0,11000,-11000,-11000
054771,茂林國票98購02  ,0,0,0,0,0,0,0,0,0,-11000,0,0,0,12000,23000,-11000,-11000
054789,高鐵群益98購01  ,0,0,0,0,0,0,0,0,0,-11000,0,0,0,0,11000,-11000,-11000
054569,GIS群益98購01   ,0,0,0,0,0,0,0,0,0,-11000,0,0,0,0,11000,-11000,-11000
055433,嘉聯益群益99購01,0,0,0,0,0,0,0,0,0,-11000,0,0,0,45000,56000,-11000,-11000
06079P,燿華群益98售02  ,0,0,0,0,0,0,0,0,0,-11000,0,0,0,33000,44000,-11000,-11000
06177P,玉晶光元大98售07,0,0,0,0,0,0,0,0,0,-11000,0,0,0,0,11000,-11000,-11000
06389P,聯發科兆豐97售01,0,0,0,0,0,0,0,0,0,-11000,0,0,0,0,11000,-11000,-11000
2413,環科            ,0,11000,-11000,0,0,0,0,0,0,0,0,0,0,0,0,0,-11000
3130,一零四          ,0,11000,-11000,0,0,0,0,0,0,0,0,0,0,0,0,0,-11000
3669,圓展            ,5000,41000,-36000,0,0,0,25000,0,25000,0,0,0,0,0,0,0,-11000
1453,大將            ,0,11000,-11000,0,0,0,0,0,0,0,0,0,0,0,0,0,-11000
1339,昭輝            ,12000,23000,-11000,0,0,0,0,0,0,0,0,0,0,0,0,0,-11000
1614,三洋電          ,1000,12000,-11000,0,0,0,0,0,0,0,0,0,0,0,0,0,-11000
6582,申豐            ,26000,48000,-22000,0,0,0,0,0,0,11000,12000,1000,11000,0,0,0,-11000
9924,福興            ,15000,25000,-10000,0,0,0,0,0,0,-1000,0,1000,-1000,0,0,0,-11000
5258,虹堡            ,23000,34000,-11000,0,0,0,0,0,0,0,0,0,0,0,0,0,-11000
055678,上銀凱基97購02  ,0,0,0,0,0,0,0,0,0,-12000,0,0,0,0,12000,-12000,-12000
055984,大立光元富97購02,0,0,0,0,0,0,0,0,0,-12000,0,0,0,0,12000,-12000,-12000
056016,鴻海群益97購06  ,0,0,0,0,0,0,0,0,0,-12000,0,0,0,178000,190000,-12000,-12000
055987,台表科元富97購01,0,0,0,0,0,0,0,0,0,-12000,0,0,0,38000,50000,-12000,-12000
056590,樺漢統一9A購01  ,0,0,0,0,0,0,0,0,0,-12000,0,0,0,36000,48000,-12000,-12000
056679,元油2X統一98購01,0,0,0,0,0,0,0,0,0,-12000,0,0,0,10000,22000,-12000,-12000
056401,國巨群益98購07  ,0,0,0,0,0,0,0,0,0,-12000,0,0,0,98000,110000,-12000,-12000
056324,南亞科兆豐98購01,0,0,0,0,0,0,0,0,0,-12000,0,0,0,10000,22000,-12000,-12000
057166,國巨元大99購06  ,0,0,0,0,0,0,0,0,0,-12000,0,0,0,23000,35000,-12000,-12000
05723P,華通永豐96售03  ,0,0,0,0,0,0,0,0,0,-12000,0,0,0,0,12000,-12000,-12000
057056,立積元大99購02  ,0,0,0,0,0,0,0,0,0,-12000,0,0,0,20000,32000,-12000,-12000
056950,亞光統一99購01  ,0,0,0,0,0,0,0,0,0,-12000,0,0,0,1000,13000,-12000,-12000
056864,新日興群益99購01,0,0,0,0,0,0,0,0,0,-12000,0,0,0,77000,89000,-12000,-12000
05982P,漢唐國票96售03  ,0,0,0,0,0,0,0,0,0,-12000,0,0,0,0,12000,-12000,-12000
05938P,旺宏凱基96售07  ,0,0,0,0,0,0,0,0,0,-12000,0,0,0,0,12000,-12000,-12000
05800P,台積電兆豐96售04,0,0,0,0,0,0,0,0,0,-12000,0,0,0,39000,51000,-12000,-12000
057493,聯詠元大98購02  ,0,0,0,0,0,0,0,0,0,-12000,0,0,0,77000,89000,-12000,-12000
057444,台泥元富98購01  ,0,0,0,0,0,0,0,0,0,-12000,0,0,0,0,12000,-12000,-12000
04856P,光磊元富94售01  ,0,0,0,0,0,0,0,0,0,-12000,0,0,0,10000,22000,-12000,-12000
049019,美律群益94購02  ,0,0,0,0,0,0,0,0,0,-12000,0,0,0,0,12000,-12000,-12000
052299,T50反1台新05購03,0,0,0,0,0,0,0,0,0,-12000,0,0,0,0,12000,-12000,-12000
049420,日電貿凱基94購01,0,0,0,0,0,0,0,0,0,-12000,0,0,0,10000,22000,-12000,-12000
04506P,旺宏元大94售06  ,0,0,0,0,0,0,0,0,0,-12000,0,0,0,0,12000,-12000,-12000
046619,可成凱基93購01  ,0,0,0,0,0,0,0,0,0,-12000,0,0,0,60000,72000,-12000,-12000
045567,滬深2X富邦93購01,0,0,0,0,0,0,0,0,0,-12000,0,0,0,0,12000,-12000,-12000
00689R,國泰20年美債反1 ,0,0,0,0,0,0,0,0,0,-12000,0,0,0,101000,113000,-12000,-12000
0054,元大台商50      ,0,0,0,0,0,0,0,0,0,-12000,0,0,0,3000,15000,-12000,-12000
043460,台積電元大93購01,0,0,0,0,0,0,0,0,0,-12000,0,0,0,0,12000,-12000,-12000
046433,康友中信92購01  ,0,0,0,0,0,0,0,0,0,-12000,0,0,0,8000,20000,-12000,-12000
043641,深中小國票94購01,0,0,0,0,0,0,0,0,0,-12000,0,0,0,0,12000,-12000,-12000
049343,華新科統一94購03,0,0,0,0,0,0,0,0,0,-12000,0,0,0,44000,56000,-12000,-12000
052601,大成鋼元大96購01,0,0,0,0,0,0,0,0,0,-12000,0,0,0,120000,132000,-12000,-12000
052742,可成元大96購01  ,0,0,0,0,0,0,0,0,0,-12000,0,0,0,157000,169000,-12000,-12000
052624,微星亞東97購01  ,0,0,0,0,0,0,0,0,0,-12000,0,0,0,0,12000,-12000,-12000
052661,奇力新國票97購03,0,0,0,0,0,0,0,0,0,-12000,0,0,0,4000,16000,-12000,-12000
05051P,鴻海群益95售05  ,0,0,0,0,0,0,0,0,0,-12000,0,0,0,13000,25000,-12000,-12000
050433,華新科凱基94購11,0,0,0,0,0,0,0,0,0,-12000,0,0,0,0,12000,-12000,-12000
051849,旺宏中信98購01  ,0,0,0,0,0,0,0,0,0,-12000,0,0,0,13000,25000,-12000,-12000
050201,光磊群益94購01  ,0,0,0,0,0,0,0,0,0,-12000,0,0,0,70000,82000,-12000,-12000
050195,上海銀元大94購03,0,0,0,0,0,0,0,0,0,-12000,0,0,0,0,12000,-12000,-12000
052016,神基永豐95購01  ,0,0,0,0,0,0,0,0,0,-12000,0,0,0,0,12000,-12000,-12000
04950P,上証2X中信96售02,0,0,0,0,0,0,0,0,0,-12000,0,0,0,240000,252000,-12000,-12000
049733,旺宏群益94購03  ,0,0,0,0,0,0,0,0,0,-12000,0,0,0,10000,22000,-12000,-12000
051579,宏碁元大95購01  ,0,0,0,0,0,0,0,0,0,-12000,0,0,0,30000,42000,-12000,-12000
050998,訊連元大95購01  ,0,0,0,0,0,0,0,0,0,-12000,0,0,0,1000,13000,-12000,-12000
050666,道瓊銀永豐94購01,0,0,0,0,0,0,0,0,0,-12000,0,0,0,0,12000,-12000,-12000
050841,國巨國票96購02  ,0,0,0,0,0,0,0,0,0,-12000,0,0,0,10000,22000,-12000,-12000
055442,矽創國票98購02  ,0,0,0,0,0,0,0,0,0,-12000,0,0,0,10000,22000,-12000,-12000
055487,國巨元大98購07  ,0,0,0,0,0,0,0,0,0,-12000,0,0,0,162000,174000,-12000,-12000
055244,國巨統一98購01  ,0,0,0,0,0,0,0,0,0,-12000,0,0,0,181000,193000,-12000,-12000
05530P,臺股指群益96售03,0,0,0,0,0,0,0,0,0,-12000,0,0,0,13000,25000,-12000,-12000
054517,高鐵元大96購01  ,0,0,0,0,0,0,0,0,0,-12000,0,0,0,8000,20000,-12000,-12000
054457,強茂群益96購01  ,0,0,0,0,0,0,0,0,0,-12000,0,0,0,11000,23000,-12000,-12000
053551,可成凱基96購05  ,0,0,0,0,0,0,0,0,0,-12000,0,0,0,23000,35000,-12000,-12000
053818,富邦金群益98購01,0,0,0,0,0,0,0,0,0,-12000,0,0,0,97000,109000,-12000,-12000
053982,臻鼎元大96購05  ,0,0,0,0,0,0,0,0,0,-12000,0,0,0,42000,54000,-12000,-12000
6201,亞弘電          ,0,12000,-12000,0,0,0,0,0,0,0,0,0,0,0,0,0,-12000
6579,研揚            ,0,12000,-12000,0,0,0,0,0,0,0,0,0,0,0,0,0,-12000
8101,華冠            ,6000,18000,-12000,0,0,0,0,0,0,0,0,0,0,0,0,0,-12000
3057,喬鼎            ,0,12000,-12000,0,0,0,0,0,0,0,0,0,0,0,0,0,-12000
2904,匯僑            ,0,12000,-12000,0,0,0,0,0,0,0,0,0,0,0,0,0,-12000
2495,普安            ,0,12000,-12000,0,0,0,0,0,0,0,0,0,0,0,0,0,-12000
06242P,大立光元富9A售02,0,0,0,0,0,0,0,0,0,-12000,0,0,0,23000,35000,-12000,-12000
1235,興泰            ,0,12000,-12000,0,0,0,0,0,0,0,0,0,0,0,0,0,-12000
06791P,聯發科凱基98售16,0,0,0,0,0,0,0,0,0,-12000,0,0,0,0,12000,-12000,-12000
06753P,智邦富邦98售03  ,0,0,0,0,0,0,0,0,0,-12000,0,0,0,0,12000,-12000,-12000
1730,花仙子          ,115000,195800,-80800,0,0,0,0,0,0,68000,68000,0,68000,0,0,0,-12800
057425,臺股指凱基9C購02,0,0,0,0,0,0,0,0,0,-13000,0,0,0,10000,23000,-13000,-13000
057777,可成群益9A購03  ,0,0,0,0,0,0,0,0,0,-13000,0,0,0,18000,31000,-13000,-13000
056335,微星凱基98購01  ,0,0,0,0,0,0,0,0,0,-13000,0,0,0,64000,77000,-13000,-13000
056409,麗豐國票99購01  ,0,0,0,0,0,0,0,0,0,-13000,0,0,0,0,13000,-13000,-13000
056457,嘉澤凱基98購01  ,0,0,0,0,0,0,0,0,0,-13000,0,0,0,15000,28000,-13000,-13000
05620P,大立光富邦9B售01,0,0,0,0,0,0,0,0,0,-13000,0,0,0,46000,59000,-13000,-13000
056468,鴻海元大98購07  ,0,0,0,0,0,0,0,0,0,-13000,0,0,0,82000,95000,-13000,-13000
05602P,國巨元大96售06  ,0,0,0,0,0,0,0,0,0,-13000,0,0,0,0,13000,-13000,-13000
055543,為升凱基97購01  ,0,0,0,0,0,0,0,0,0,-13000,0,0,0,11000,24000,-13000,-13000
04630P,嘉聯益元大95售02,0,0,0,0,0,0,0,0,0,-13000,0,0,0,0,13000,-13000,-13000
03641C,臺股指凱基95牛18,0,0,0,0,0,0,0,0,0,-13000,0,0,0,5000,18000,-13000,-13000
03619C,臺股指元大95牛02,0,0,0,0,0,0,0,0,0,-13000,0,0,0,0,13000,-13000,-13000
03904P,啟碁統一93售01  ,0,0,0,0,0,0,0,0,0,-13000,0,0,0,0,13000,-13000,-13000
045695,英業達兆豐93購01,0,0,0,0,0,0,0,0,0,-13000,0,0,0,0,13000,-13000,-13000
04462P,全新元富96售01  ,0,0,0,0,0,0,0,0,0,-13000,0,0,0,37000,50000,-13000,-13000
047696,聯發科國票94購02,0,0,0,0,0,0,0,0,0,-13000,0,0,0,105000,118000,-13000,-13000
048909,聯詠富邦94購01  ,0,0,0,0,0,0,0,0,0,-13000,0,0,0,0,13000,-13000,-13000
048911,玉晶光富邦96購01,0,0,0,0,0,0,0,0,0,-13000,0,0,0,2000,15000,-13000,-13000
047393,景碩元大93購02  ,0,0,0,0,0,0,0,0,0,-13000,0,0,0,10000,23000,-13000,-13000
05153P,台表科群益96售01,0,0,0,0,0,0,0,0,0,-13000,0,0,0,32000,45000,-13000,-13000
049931,矽力元大94購01  ,0,0,0,0,0,0,0,0,0,-13000,0,0,0,0,13000,-13000,-13000
050069,禾伸堂凱基94購04,0,0,0,0,0,0,0,0,0,-13000,0,0,0,8000,21000,-13000,-13000
051665,台積電元大96購07,0,0,0,0,0,0,0,0,0,-13000,0,0,0,100000,113000,-13000,-13000
05043P,佳世達元富95售01,0,0,0,0,0,0,0,0,0,-13000,0,0,0,0,13000,-13000,-13000
054067,百和國票97購03  ,0,0,0,0,0,0,0,0,0,-13000,0,0,0,18000,31000,-13000,-13000
053846,友達元富99購02  ,0,0,0,0,0,0,0,0,0,-13000,0,0,0,27000,40000,-13000,-13000
05359P,嘉澤元大95售02  ,0,0,0,0,0,0,0,0,0,-13000,0,0,0,87000,100000,-13000,-13000
052932,正文元大97購01  ,0,0,0,0,0,0,0,0,0,-13000,0,0,0,0,13000,-13000,-13000
053027,玉晶光富邦98購01,0,0,0,0,0,0,0,0,0,-13000,0,0,0,0,13000,-13000,-13000
052423,宏達電國票96購02,0,0,0,0,0,0,0,0,0,-13000,0,0,0,0,13000,-13000,-13000
054792,揚明光群益97購01,0,0,0,0,0,0,0,0,0,-13000,0,0,0,62000,75000,-13000,-13000
055327,致新國票98購01  ,0,0,0,0,0,0,0,0,0,-13000,0,0,0,0,13000,-13000,-13000
055058,大毅永豐97購01  ,0,0,0,0,0,0,0,0,0,-13000,0,0,0,61000,74000,-13000,-13000
06203P,奇力新中信98售02,0,0,0,0,0,0,0,0,0,-13000,0,0,0,0,13000,-13000,-13000
8011,台通            ,9000,21000,-12000,0,0,0,0,0,0,-1000,0,1000,-1000,0,0,0,-13000
6235,華孚            ,1000,15000,-14000,0,0,0,0,0,0,1000,1000,0,1000,0,0,0,-13000
9929,秋雨            ,0,13000,-13000,0,0,0,0,0,0,0,0,0,0,0,0,0,-13000
9908,大台北          ,0,13000,-13000,0,0,0,0,0,0,0,0,0,0,0,0,0,-13000
06020P,燿華元富96售04  ,0,0,0,0,0,0,0,0,0,-14000,0,0,0,16000,30000,-14000,-14000
057449,華新科元富99購02,0,0,0,0,0,0,0,0,0,-14000,0,0,0,5000,19000,-14000,-14000
05748P,臺股指群益99售02,0,0,0,0,0,0,0,0,0,-14000,0,0,0,23000,37000,-14000,-14000
056900,可成元大98購02  ,0,0,0,0,0,0,0,0,0,-14000,0,0,0,21000,35000,-14000,-14000
056894,佳世達元大99購01,0,0,0,0,0,0,0,0,0,-14000,0,0,0,13000,27000,-14000,-14000
047177,上銀元大93購05  ,0,0,0,0,0,0,0,0,0,-14000,0,0,0,0,14000,-14000,-14000
047879,台積電中信93購04,0,0,0,0,0,0,0,0,0,-14000,0,0,0,10000,24000,-14000,-14000
045055,聯發科元富98購03,0,0,0,0,0,0,0,0,0,-14000,0,0,0,80000,94000,-14000,-14000
04058P,臺股指群益93售12,0,0,0,0,0,0,0,0,0,-14000,0,0,0,0,14000,-14000,-14000
04059P,臺股指群益93售13,0,0,0,0,0,0,0,0,0,-14000,0,0,0,0,14000,-14000,-14000
043513,台灣50元大96購05,0,0,0,0,0,0,0,0,0,-14000,0,0,0,6000,20000,-14000,-14000
00647L,元大S&P500正2   ,0,107000,-107000,0,0,0,0,0,0,93000,0,0,0,99000,6000,93000,-14000
049299,矽創群益94購01  ,0,0,0,0,0,0,0,0,0,-14000,0,0,0,0,14000,-14000,-14000
051668,智邦元大95購02  ,0,0,0,0,0,0,0,0,0,-14000,0,0,0,112000,126000,-14000,-14000
051408,台積電國票95購03,0,0,0,0,0,0,0,0,0,-14000,0,0,0,96000,110000,-14000,-14000
052808,矽力元大96購02  ,0,0,0,0,0,0,0,0,0,-14000,0,0,0,0,14000,-14000,-14000
04970P,中環元富94售02  ,0,0,0,0,0,0,0,0,0,-14000,0,0,0,0,14000,-14000,-14000
051486,玉晶光凱基97購03,0,0,0,0,0,0,0,0,0,-14000,0,0,0,98000,112000,-14000,-14000
050669,嘉晶永豐96購01  ,0,0,0,0,0,0,0,0,0,-14000,0,0,0,0,14000,-14000,-14000
054952,大毅元大97購02  ,0,0,0,0,0,0,0,0,0,-14000,0,0,0,18000,32000,-14000,-14000
055099,可成日盛97購01  ,0,0,0,0,0,0,0,0,0,-14000,0,0,0,0,14000,-14000,-14000
054520,健鼎元大96購02  ,0,0,0,0,0,0,0,0,0,-14000,0,0,0,16000,30000,-14000,-14000
05435P,鴻海群益95售12  ,0,0,0,0,0,0,0,0,0,-14000,0,0,0,1000,15000,-14000,-14000
053116,華新科中信96購01,0,0,0,0,0,0,0,0,0,-14000,0,0,0,20000,34000,-14000,-14000
053552,華新科凱基96購08,0,0,0,0,0,0,0,0,0,-14000,0,0,0,68000,82000,-14000,-14000
053680,臺股指富邦96購01,0,0,0,0,0,0,0,0,0,-14000,0,0,0,1000,15000,-14000,-14000
8463,潤泰材          ,26000,40000,-14000,0,0,0,0,0,0,0,0,0,0,0,0,0,-14000
8429,金麗-KY         ,7000,21000,-14000,0,0,0,0,0,0,0,0,0,0,0,0,0,-14000
6216,居易            ,0,14000,-14000,0,0,0,0,0,0,0,0,0,0,0,0,0,-14000
5007,三星            ,1000,15000,-14000,0,0,0,0,0,0,0,0,0,0,0,0,0,-14000
4551,智伸科          ,12000,31000,-19000,0,0,0,0,0,0,5000,0,0,0,6000,1000,5000,-14000
06271P,彩晶凱基97售01  ,0,0,0,0,0,0,0,0,0,-14000,0,0,0,0,14000,-14000,-14000
06839P,玉晶光統一9A售05,0,0,0,0,0,0,0,0,0,-14000,0,0,0,0,14000,-14000,-14000
1256,鮮活果汁-KY     ,2000,16000,-14000,0,0,0,0,0,0,0,0,0,0,0,0,0,-14000
2114,鑫永銓          ,0,14000,-14000,0,0,0,0,0,0,0,0,0,0,0,0,0,-14000
057189,康控元大98購02  ,0,0,0,0,0,0,0,0,0,-15000,0,0,0,16000,31000,-15000,-15000
057481,技嘉元大98購04  ,0,0,0,0,0,0,0,0,0,-15000,0,0,0,94000,109000,-15000,-15000
057599,技嘉群益9A購01  ,0,0,0,0,0,0,0,0,0,-15000,0,0,0,25000,40000,-15000,-15000
05761P,嘉澤永豐96售01  ,0,0,0,0,0,0,0,0,0,-15000,0,0,0,0,15000,-15000,-15000
05978P,麗豐永豐96售02  ,0,0,0,0,0,0,0,0,0,-15000,0,0,0,10000,25000,-15000,-15000
057842,緯穎富邦99購02  ,0,0,0,0,0,0,0,0,0,-15000,0,0,0,7000,22000,-15000,-15000
05843P,台積電元大96售16,0,0,0,0,0,0,0,0,0,-15000,0,0,0,185000,200000,-15000,-15000
055519,茂林中信99購01  ,0,0,0,0,0,0,0,0,0,-15000,0,0,0,30000,45000,-15000,-15000
055657,超眾元富97購02  ,0,0,0,0,0,0,0,0,0,-15000,0,0,0,30000,45000,-15000,-15000
055766,臺股指群益97購04,0,0,0,0,0,0,0,0,0,-15000,0,0,0,0,15000,-15000,-15000
055774,台光電凱基97購02,0,0,0,0,0,0,0,0,0,-15000,0,0,0,139000,154000,-15000,-15000
056107,智易永豐97購02  ,0,27000,-27000,0,0,0,0,0,0,12000,0,0,0,74000,62000,12000,-15000
05596P,可成統一96售01  ,0,0,0,0,0,0,0,0,0,-15000,0,0,0,0,15000,-15000,-15000
055864,臺股指元大97購01,0,0,0,0,0,0,0,0,0,-15000,0,0,0,7000,22000,-15000,-15000
056597,宏碁元富98購01  ,0,0,0,0,0,0,0,0,0,-15000,0,0,0,40000,55000,-15000,-15000
056555,矽創凱基98購01  ,0,0,0,0,0,0,0,0,0,-15000,0,0,0,0,15000,-15000,-15000
056740,大立光凱基98購13,0,0,0,0,0,0,0,0,0,-15000,0,0,0,4000,19000,-15000,-15000
056158,新日興凱基98購02,0,0,0,0,0,0,0,0,0,-15000,0,0,0,10000,25000,-15000,-15000
05629P,聯發科永昌99售02,0,0,0,0,0,0,0,0,0,-15000,0,0,0,62000,77000,-15000,-15000
056354,國巨元大98購10  ,0,0,0,0,0,0,0,0,0,-15000,0,0,0,0,15000,-15000,-15000
04645P,禾伸堂凱基94售03,0,0,0,0,0,0,0,0,0,-15000,0,0,0,20000,35000,-15000,-15000
04047P,華邦電元大94售03,0,0,0,0,0,0,0,0,0,-15000,0,0,0,10000,25000,-15000,-15000
03799P,京元電元大94售01,0,0,0,0,0,0,0,0,0,-15000,0,0,0,0,15000,-15000,-15000
04667P,臺股指國票94售06,0,0,0,0,0,0,0,0,0,-15000,0,0,0,45000,60000,-15000,-15000
04454P,大立光富邦98售02,0,0,0,0,0,0,0,0,0,-15000,0,0,0,0,15000,-15000,-15000
047676,臺股指元富99購01,0,0,0,0,0,0,0,0,0,-15000,0,0,0,5000,20000,-15000,-15000
044926,聯詠國泰93購01  ,0,0,0,0,0,0,0,0,0,-15000,0,0,0,0,15000,-15000,-15000
047406,香港反統一94購01,0,0,0,0,0,0,0,0,0,-15000,0,0,0,0,15000,-15000,-15000
047349,可成凱基93購06  ,0,0,0,0,0,0,0,0,0,-15000,0,0,0,35000,50000,-15000,-15000
047548,友達凱基99購03  ,0,0,0,0,0,0,0,0,0,-15000,0,0,0,45000,60000,-15000,-15000
048438,台表科麥證94購01,0,0,0,0,15000,-15000,0,0,0,-15000,0,0,0,0,15000,-15000,-15000
049427,瑞昱兆豐94購01  ,0,0,0,0,0,0,0,0,0,-15000,0,0,0,0,15000,-15000,-15000
050149,東元群益94購01  ,0,0,0,0,0,0,0,0,0,-15000,0,0,0,5000,20000,-15000,-15000
049079,聯發科凱基94購04,0,0,0,0,0,0,0,0,0,-15000,0,0,0,20000,35000,-15000,-15000
05110P,上銀統一95售01  ,0,0,0,0,0,0,0,0,0,-15000,0,0,0,5000,20000,-15000,-15000
050753,百和統一94購01  ,0,0,0,0,0,0,0,0,0,-15000,0,0,0,16000,31000,-15000,-15000
050759,貿聯元富94購02  ,0,0,0,0,0,0,0,0,0,-15000,0,0,0,12000,27000,-15000,-15000
051483,玉晶光凱基96購02,0,0,0,0,0,0,0,0,0,-15000,0,0,0,168000,183000,-15000,-15000
051580,宏碁元大95購02  ,0,0,0,0,0,0,0,0,0,-15000,0,0,0,17000,32000,-15000,-15000
051639,康友國票96購02  ,0,0,0,0,0,0,0,0,0,-15000,0,0,0,0,15000,-15000,-15000
051787,燿華國票96購02  ,0,0,0,0,0,0,0,0,0,-15000,0,0,0,0,15000,-15000,-15000
051007,台光電麥證95購01,0,0,0,1000,16000,-15000,0,0,0,-15000,0,0,0,2000,17000,-15000,-15000
05173P,臺股指元大95售17,0,0,0,0,0,0,0,0,0,-15000,0,0,0,0,15000,-15000,-15000
04979P,臺股指凱基96售07,0,0,0,0,0,0,0,0,0,-15000,0,0,0,0,15000,-15000,-15000
052813,T50正2永豐96購01,0,0,0,0,0,0,0,0,0,-15000,0,0,0,0,15000,-15000,-15000
050579,聯發科國票95購04,0,0,0,0,0,0,0,0,0,-15000,0,0,0,55000,70000,-15000,-15000
052005,矽力國泰97購02  ,0,0,0,0,0,0,0,0,0,-15000,0,0,0,126000,141000,-15000,-15000
052396,台積電凱基97購01,0,0,0,0,0,0,0,0,0,-15000,0,0,0,0,15000,-15000,-15000
052471,華固亞東95購01  ,350000,0,350000,0,0,0,0,0,0,-365000,0,0,0,0,365000,-365000,-15000
051431,群創元富99購02  ,0,0,0,0,0,0,0,0,0,-15000,0,0,0,0,15000,-15000,-15000
049690,義隆元大95購02  ,0,0,0,0,0,0,0,0,0,-15000,0,0,0,0,15000,-15000,-15000
051229,亞光群益95購01  ,0,0,0,0,0,0,0,0,0,-15000,0,0,0,50000,65000,-15000,-15000
051973,華新科凱基96購04,0,0,0,0,0,0,0,0,0,-15000,0,0,0,12000,27000,-15000,-15000
049146,南亞科元大94購02,0,0,0,0,0,0,0,0,0,-15000,0,0,0,0,15000,-15000,-15000
053647,臺股指國票96購10,0,0,0,0,0,0,0,0,0,-15000,0,0,0,55000,70000,-15000,-15000
053595,創意元大96購02  ,0,0,0,0,0,0,0,0,0,-15000,0,0,0,0,15000,-15000,-15000
053584,友達元大9B購02  ,0,0,0,0,0,0,0,0,0,-15000,0,0,0,62000,77000,-15000,-15000
053855,康友國泰98購01  ,0,0,0,0,0,0,0,0,0,-15000,0,0,0,30000,45000,-15000,-15000
053809,上銀群益96購02  ,0,0,0,0,0,0,0,0,0,-15000,0,0,0,91000,106000,-15000,-15000
054122,康友永豐96購01  ,0,0,0,0,0,0,0,0,0,-15000,0,0,0,0,15000,-15000,-15000
054209,台積電國票97購08,0,0,0,0,0,0,0,0,0,-15000,0,0,0,98000,113000,-15000,-15000
053967,華邦電元大96購03,0,0,0,0,0,0,0,0,0,-15000,0,0,0,294000,309000,-15000,-15000
05302P,華通國泰96售01  ,0,0,0,0,0,0,0,0,0,-15000,0,0,0,10000,25000,-15000,-15000
053266,全新群益98購01  ,0,0,0,0,0,0,0,0,0,-15000,0,0,0,12000,27000,-15000,-15000
053394,鴻海中信9A購01  ,0,0,0,0,0,0,0,0,0,-15000,0,0,0,0,15000,-15000,-15000
053485,矽創國票97購04  ,0,0,0,0,0,0,0,0,0,-15000,0,0,0,10000,25000,-15000,-15000
054537,南亞科亞東97購01,0,0,0,0,0,0,0,0,0,-15000,0,0,0,0,15000,-15000,-15000
054433,南亞科台新96購02,0,0,0,0,0,0,0,0,0,-15000,0,0,0,0,15000,-15000,-15000
054819,裕民元大9A購01  ,0,0,0,0,0,0,0,0,0,-15000,0,0,0,10000,25000,-15000,-15000
054897,信錦康和97購01  ,0,0,0,0,0,0,0,0,0,-15000,0,0,0,0,15000,-15000,-15000
054567,拓凱群益98購01  ,0,0,0,0,0,0,0,0,0,-15000,0,0,0,10000,25000,-15000,-15000
2467,志聖            ,9000,24000,-15000,0,0,0,0,0,0,0,0,0,0,0,0,0,-15000
2539,櫻花建          ,0,15000,-15000,0,0,0,0,0,0,0,0,0,0,0,0,0,-15000
3059,華晶科          ,20000,35000,-15000,0,0,0,0,0,0,0,0,0,0,0,0,0,-15000
06637P,大立光凱基98售15,0,0,0,0,0,0,0,0,0,-15000,0,0,0,5000,20000,-15000,-15000
06564P,國巨富邦9A售04  ,0,0,0,0,0,0,0,0,0,-15000,0,0,0,9000,24000,-15000,-15000
06520P,元油2X元大98售04,0,0,0,0,0,0,0,0,0,-15000,0,0,0,36000,51000,-15000,-15000
06502P,A50中信98售01   ,0,0,0,0,0,0,0,0,0,-15000,0,0,0,0,15000,-15000,-15000
5283,禾聯碩          ,0,15000,-15000,0,0,0,0,0,0,0,0,0,0,0,0,0,-15000
8249,菱光            ,26000,41000,-15000,0,0,0,0,0,0,0,0,0,0,0,0,0,-15000
056204,嘉澤永豐97購01  ,0,0,0,0,0,0,0,0,0,-16000,0,0,0,14000,30000,-16000,-16000
056534,京元電凱基98購01,0,0,0,0,0,0,0,0,0,-16000,0,0,0,12000,28000,-16000,-16000
057670,欣興元大99購02  ,0,0,0,0,0,0,0,0,0,-16000,0,0,0,47000,63000,-16000,-16000
057458,TPK富邦9A購01   ,0,0,0,0,0,0,0,0,0,-16000,0,0,0,0,16000,-16000,-16000
057556,智易凱基99購01  ,0,60000,-60000,0,0,0,0,0,0,44000,0,0,0,140000,96000,44000,-16000
057101,新光金中信9A購01,0,0,0,0,0,0,0,0,0,-16000,0,0,0,0,16000,-16000,-16000
052259,深100富邦95購01 ,0,0,0,0,0,0,0,0,0,-16000,0,0,0,9000,25000,-16000,-16000
048498,嘉澤元大94購01  ,0,0,0,0,0,0,0,0,0,-16000,0,0,0,9000,25000,-16000,-16000
048867,台積電兆豐95購01,0,0,0,0,0,0,0,0,0,-16000,0,0,0,50000,66000,-16000,-16000
047678,景碩台新93購01  ,0,0,0,0,0,0,0,0,0,-16000,0,0,0,0,16000,-16000,-16000
046693,台積電凱基93購03,0,0,0,0,0,0,0,0,0,-16000,0,0,0,65000,81000,-16000,-16000
04499P,滬深2X統一94售03,0,0,0,0,0,0,0,0,0,-16000,0,0,0,8000,24000,-16000,-16000
050395,大立光元富94購10,0,0,0,0,0,0,0,0,0,-16000,0,0,0,26000,42000,-16000,-16000
051894,嘉聯益元富95購03,0,0,0,0,0,0,0,0,0,-16000,0,0,0,0,16000,-16000,-16000
051742,欣興國票96購01  ,0,0,0,0,0,0,0,0,0,-16000,0,0,0,0,16000,-16000,-16000
052055,緯穎凱基95購03  ,0,0,0,0,0,0,0,0,0,-16000,0,0,0,78000,94000,-16000,-16000
049998,奇力新永豐94購03,0,0,0,0,0,0,0,0,0,-16000,0,0,0,10000,26000,-16000,-16000
050693,鴻海凱基96購05  ,0,0,0,0,0,0,0,0,0,-16000,0,0,0,0,16000,-16000,-16000
051155,聯發科國泰96購01,0,0,0,0,0,0,0,0,0,-16000,0,0,0,60000,76000,-16000,-16000
051505,台積電元富95購05,0,0,0,0,0,0,0,0,0,-16000,0,0,0,0,16000,-16000,-16000
050705,南電凱基96購01  ,0,0,0,0,0,0,0,0,0,-16000,0,0,0,243000,259000,-16000,-16000
054868,國泰金群益9A購01,0,0,0,0,0,0,0,0,0,-16000,0,0,0,0,16000,-16000,-16000
054386,鴻海統一98購03  ,0,0,0,0,0,0,0,0,0,-16000,0,0,0,108000,124000,-16000,-16000
054509,上証反元大99購01,0,0,0,0,0,0,0,0,0,-16000,0,0,0,0,16000,-16000,-16000
054353,世紀鋼國泰98購01,0,0,0,0,0,0,0,0,0,-16000,0,0,0,0,16000,-16000,-16000
055150,台積電元大98購04,0,0,0,0,0,0,0,0,0,-16000,0,0,0,441000,457000,-16000,-16000
054978,堤維西元富97購01,0,0,0,0,0,0,0,0,0,-16000,0,0,0,0,16000,-16000,-16000
055501,創意元大97購01  ,0,0,0,0,0,0,0,0,0,-16000,0,0,0,5000,21000,-16000,-16000
052889,致伸麥證97購01  ,0,0,0,0,16000,-16000,0,0,0,-16000,0,0,0,0,16000,-16000,-16000
053084,國巨元大98購01  ,0,0,0,0,0,0,0,0,0,-16000,0,0,0,1000,17000,-16000,-16000
053188,旺宏統一97購03  ,0,0,0,0,0,0,0,0,0,-16000,0,0,0,69000,85000,-16000,-16000
053964,上銀元大96購05  ,0,0,0,0,0,0,0,0,0,-16000,0,0,0,66000,82000,-16000,-16000
053850,嘉澤元富96購03  ,0,0,0,0,0,0,0,0,0,-16000,0,0,0,23000,39000,-16000,-16000
053639,禾伸堂永豐96購01,0,0,0,0,0,0,0,0,0,-16000,0,0,0,10000,26000,-16000,-16000
053658,亞光凱基96購01  ,0,0,0,0,0,0,0,0,0,-16000,0,0,0,28000,44000,-16000,-16000
9930,中聯資源        ,4000,19000,-15000,0,0,0,0,0,0,-1000,0,1000,-1000,0,0,0,-16000
6283,淳安            ,36000,52000,-16000,0,0,0,0,0,0,0,0,0,0,0,0,0,-16000
4306,炎洲            ,34000,50000,-16000,0,0,0,0,0,0,0,0,0,0,0,0,0,-16000
2923,鼎固-KY         ,1000,22000,-21000,0,0,0,0,0,0,5000,5000,0,5000,0,0,0,-16000
2850,新產            ,34000,50000,-16000,0,0,0,0,0,0,0,0,0,0,0,0,0,-16000
2428,興勤            ,92000,104000,-12000,0,0,0,0,0,0,-4000,0,0,0,1000,5000,-4000,-16000
2013,中鋼構          ,15000,31000,-16000,0,0,0,0,0,0,0,0,0,0,0,0,0,-16000
1903,士紙            ,0,16000,-16000,0,0,0,0,0,0,0,1000,1000,0,0,0,0,-16000
1795,美時            ,273000,289000,-16000,0,0,0,0,0,0,0,0,0,0,0,0,0,-16000
2395,研華            ,217000,237000,-20000,0,0,0,1000,0,1000,3000,5000,2000,3000,0,0,0,-16000
057125,國巨凱基98購12  ,0,0,0,0,0,0,0,0,0,-17000,0,0,0,28000,45000,-17000,-17000
057224,和碩日盛9A購01  ,0,0,0,0,0,0,0,0,0,-17000,0,0,0,0,17000,-17000,-17000
057560,華新科兆豐99購01,0,0,0,0,0,0,0,0,0,-17000,0,0,0,0,17000,-17000,-17000
056588,聯發科統一9A購02,0,0,0,0,0,0,0,0,0,-17000,0,0,0,282000,299000,-17000,-17000
056752,國巨兆豐98購02  ,0,0,0,0,0,0,0,0,0,-17000,0,0,0,50000,67000,-17000,-17000
056661,臺股指元大9A購08,0,0,0,0,0,0,0,0,0,-17000,0,0,0,63000,80000,-17000,-17000
056425,聯發科日盛9A購01,0,0,0,0,0,0,0,0,0,-17000,0,0,0,8000,25000,-17000,-17000
056128,和大中信99購01  ,0,0,0,0,0,0,0,0,0,-17000,0,0,0,58000,75000,-17000,-17000
055698,茂林國票98購03  ,0,0,0,0,0,0,0,0,0,-17000,0,0,0,0,17000,-17000,-17000
055649,華新科元富97購03,0,0,0,0,0,0,0,0,0,-17000,0,0,0,67000,84000,-17000,-17000
046396,矽創國泰93購01  ,0,0,0,0,0,0,0,0,0,-17000,0,0,0,18000,35000,-17000,-17000
00651R,FH香港反1       ,0,0,0,0,0,0,0,0,0,-17000,0,0,0,171000,188000,-17000,-17000
03094X,大立光元大68展08,0,0,0,0,0,0,0,0,0,-17000,0,0,0,0,17000,-17000,-17000
048203,矽力元大93購02  ,0,0,0,0,0,0,0,0,0,-17000,0,0,0,0,17000,-17000,-17000
047461,大立光群益93購09,0,0,0,0,0,0,0,0,0,-17000,0,0,0,0,17000,-17000,-17000
046803,可成元大93購03  ,0,0,0,0,0,0,0,0,0,-17000,0,0,0,0,17000,-17000,-17000
049113,大立光統一94購06,0,0,0,0,0,0,0,0,0,-17000,0,0,0,44000,61000,-17000,-17000
048986,訊連元大94購01  ,0,0,0,0,0,0,0,0,0,-17000,0,0,0,0,17000,-17000,-17000
05223P,臻鼎凱基95售02  ,0,0,0,0,0,0,0,0,0,-17000,0,0,0,34000,51000,-17000,-17000
050176,正崴元大94購03  ,0,0,0,0,0,0,0,0,0,-17000,0,0,0,79000,96000,-17000,-17000
049590,華新科元大94購01,0,0,0,0,0,0,0,0,0,-17000,0,0,0,29000,46000,-17000,-17000
049584,台積電元大96購04,0,0,0,0,0,0,0,0,0,-17000,0,0,0,205000,222000,-17000,-17000
049875,台積電永豐94購04,0,0,0,0,0,0,0,0,0,-17000,0,0,0,50000,67000,-17000,-17000
051647,華新科永豐95購02,0,0,0,0,0,0,0,0,0,-17000,0,0,0,13000,30000,-17000,-17000
050493,聯發科永昌96購01,0,0,0,0,0,0,0,0,0,-17000,0,0,0,218000,235000,-17000,-17000
051269,康友富邦97購01  ,0,0,0,0,0,0,0,0,0,-17000,0,0,0,0,17000,-17000,-17000
052413,上証反中信97購01,0,0,0,0,0,0,0,0,0,-17000,0,0,0,0,17000,-17000,-17000
052378,矽力元大96購01  ,0,0,0,0,0,0,0,0,0,-17000,0,0,0,48000,65000,-17000,-17000
052380,臺股指元大95購21,0,0,0,0,0,0,0,0,0,-17000,0,0,0,11000,28000,-17000,-17000
053704,國巨群益96購06  ,0,0,0,0,0,0,0,0,0,-17000,0,0,0,0,17000,-17000,-17000
053984,康友元大96購05  ,0,0,0,0,0,0,0,0,0,-17000,0,0,0,51000,68000,-17000,-17000
052991,台積電台新96購01,0,0,0,0,0,0,0,0,0,-17000,0,0,0,14000,31000,-17000,-17000
052659,上証2X國票99購01,0,0,0,0,0,0,0,0,0,-17000,0,0,0,0,17000,-17000,-17000
052433,滬深2X國泰96購02,0,0,0,0,0,0,0,0,0,-17000,0,0,0,0,17000,-17000,-17000
054967,神達元大97購01  ,0,0,0,0,0,0,0,0,0,-17000,0,0,0,251000,268000,-17000,-17000
054797,臻鼎群益97購01  ,0,0,0,0,0,0,0,0,0,-17000,0,0,0,5000,22000,-17000,-17000
05457P,鴻海凱基95售20  ,0,0,0,0,0,0,0,0,0,-17000,0,0,0,0,17000,-17000,-17000
1535,中宇            ,0,17000,-17000,0,0,0,0,0,0,0,0,0,0,0,0,0,-17000
2516,新建            ,0,17000,-17000,0,0,0,0,0,0,0,0,0,0,0,0,0,-17000
3004,豐達科          ,10000,27000,-17000,0,0,0,0,0,0,0,0,0,0,0,0,0,-17000
3010,華立            ,24000,41000,-17000,0,0,0,0,0,0,0,0,0,0,0,0,0,-17000
06746P,聯發科群益99售02,0,0,0,0,0,0,0,0,0,-17000,0,0,0,2000,19000,-17000,-17000
06740P,台灣50國泰9A售02,0,0,0,0,0,0,0,0,0,-17000,0,0,0,103000,120000,-17000,-17000
06284P,台積電國票98售03,0,0,0,0,0,0,0,0,0,-17000,0,0,0,7000,24000,-17000,-17000
06412P,南亞科日盛97售01,0,0,0,0,0,0,0,0,0,-17000,0,0,0,0,17000,-17000,-17000
06137P,玉晶光永豐97售04,0,0,0,0,0,0,0,0,0,-17000,0,0,0,0,17000,-17000,-17000
9937,全國            ,0,15000,-15000,0,0,0,0,0,0,-2000,0,2000,-2000,0,0,0,-17000
8462,柏文            ,39000,51000,-12000,0,0,0,0,5000,-5000,0,0,0,0,0,0,0,-17000
056102,億光永豐97購02  ,0,0,0,0,0,0,0,0,0,-18000,0,0,0,2000,20000,-18000,-18000
055934,景碩群益98購03  ,0,0,0,0,0,0,0,0,0,-18000,0,0,0,35000,53000,-18000,-18000
056399,上証2X群益9C購01,0,0,0,0,0,0,0,0,0,-18000,0,0,0,262000,280000,-18000,-18000
056357,台積電元大9A購01,0,0,0,0,0,0,0,0,0,-18000,0,0,0,459000,477000,-18000,-18000
056713,華擎永豐98購01  ,0,0,0,0,0,0,0,0,0,-18000,0,0,0,101000,119000,-18000,-18000
056552,台表科凱基99購01,0,0,0,0,0,0,0,0,0,-18000,0,0,0,90000,108000,-18000,-18000
056519,創意國票99購01  ,0,0,0,0,0,0,0,0,0,-18000,0,0,0,17000,35000,-18000,-18000
05940P,聯發科凱基96售21,0,0,0,0,0,0,0,0,0,-18000,0,0,0,4000,22000,-18000,-18000
057178,可成元大98購03  ,0,0,0,0,0,0,0,0,0,-18000,0,0,0,33000,51000,-18000,-18000
057118,欣興日盛9A購01  ,0,0,0,0,0,0,0,0,0,-18000,0,0,0,36000,54000,-18000,-18000
057053,立積元大98購02  ,0,0,0,0,0,0,0,0,0,-18000,0,0,0,24000,42000,-18000,-18000
050184,信邦元大94購01  ,0,0,0,0,0,0,0,0,0,-18000,0,0,0,101000,119000,-18000,-18000
049425,喬山兆豐95購01  ,0,0,0,0,0,0,0,0,0,-18000,0,0,0,22000,40000,-18000,-18000
05230P,京元電群益95售01,0,0,0,0,0,0,0,0,0,-18000,0,0,0,20000,38000,-18000,-18000
048786,瑞昱元大94購02  ,0,0,0,0,0,0,0,0,0,-18000,0,0,0,2000,20000,-18000,-18000
047901,復盛群益93購01  ,0,0,0,0,0,0,0,0,0,-18000,0,0,0,32000,50000,-18000,-18000
04706P,力山元大95售01  ,0,0,0,0,0,0,0,0,0,-18000,0,0,0,2000,20000,-18000,-18000
03420B,臺股指元大95熊31,0,0,0,0,0,0,0,0,0,-18000,0,0,0,31000,49000,-18000,-18000
044126,奇力新凱基93購01,0,0,0,0,0,0,0,0,0,-18000,0,0,0,6000,24000,-18000,-18000
045685,康控元大95購01  ,0,0,0,0,0,0,0,0,0,-18000,0,0,0,56000,74000,-18000,-18000
052503,大成鋼日盛95購02,0,0,0,0,0,0,0,0,0,-18000,0,0,0,0,18000,-18000,-18000
049407,台積電日盛94購02,0,0,0,0,0,0,0,0,0,-18000,0,0,0,92000,110000,-18000,-18000
053339,友達國票97購02  ,0,0,0,0,0,0,0,0,0,-18000,0,0,0,0,18000,-18000,-18000
052591,康友永豐97購01  ,0,0,0,0,0,0,0,0,0,-18000,0,0,0,0,18000,-18000,-18000
052549,喬山國票97購01  ,0,0,0,0,0,0,0,0,0,-18000,0,0,0,3000,21000,-18000,-18000
051401,華新科永豐95購01,0,0,0,0,0,0,0,0,0,-18000,0,0,0,56000,74000,-18000,-18000
05040P,聯發科凱基95售05,0,0,0,0,0,0,0,0,0,-18000,0,0,0,32000,50000,-18000,-18000
049811,聯鈞元大94購01  ,0,0,0,0,0,0,0,0,0,-18000,0,0,0,6000,24000,-18000,-18000
050270,景碩元大94購01  ,0,0,0,0,0,0,0,0,0,-18000,0,0,0,143000,161000,-18000,-18000
051459,臺股指元大95購19,0,0,0,0,0,0,0,0,0,-18000,0,0,0,15000,33000,-18000,-18000
055222,臺股指凱基97購05,0,0,0,0,0,0,0,0,0,-18000,0,0,0,10000,28000,-18000,-18000
053256,上銀富邦98購01  ,0,0,0,0,0,0,0,0,0,-18000,0,0,0,0,18000,-18000,-18000
053414,臻鼎國票97購01  ,0,0,0,0,0,0,0,0,0,-18000,0,0,0,12000,30000,-18000,-18000
053941,國巨國泰96購05  ,0,0,0,0,0,0,0,0,0,-18000,0,0,0,30000,48000,-18000,-18000
054217,台表科國票97購05,0,0,0,0,0,0,0,0,0,-18000,0,0,0,0,18000,-18000,-18000
053671,可成統一96購03  ,0,0,0,0,0,0,0,0,0,-18000,0,0,0,42000,60000,-18000,-18000
053797,台積電中信98購01,0,0,0,0,0,0,0,0,0,-18000,0,0,0,3000,21000,-18000,-18000
6281,全國電          ,0,18000,-18000,0,0,0,0,0,0,0,0,0,0,0,0,0,-18000
6177,達麗            ,25000,42000,-17000,0,0,0,0,0,0,-1000,0,1000,-1000,0,0,0,-18000
06214P,國巨國票98售04  ,0,0,0,0,0,0,0,0,0,-18000,0,0,0,428000,446000,-18000,-18000
06661P,玉晶光永豐98售05,0,0,0,0,0,0,0,0,0,-18000,0,0,0,0,18000,-18000,-18000
06780P,義隆元大98售02  ,0,0,0,0,0,0,0,0,0,-18000,0,0,0,0,18000,-18000,-18000
1236,宏亞            ,1000,19000,-18000,0,0,0,0,0,0,0,0,0,0,0,0,0,-18000
08703P,華碩凱基01售02  ,0,0,0,0,0,0,0,0,0,-18000,0,0,0,240000,258000,-18000,-18000
2476,鉅祥            ,0,18000,-18000,0,0,0,0,0,0,0,0,0,0,0,0,0,-18000
2430,燦坤            ,0,18000,-18000,0,0,0,0,0,0,0,0,0,0,0,0,0,-18000
057768,華新科中信9A購01,0,0,0,0,0,0,0,0,0,-19000,0,0,0,0,19000,-19000,-19000
057584,國巨亞東99購01  ,0,0,0,0,0,0,0,0,0,-19000,0,0,0,35000,54000,-19000,-19000
056178,嘉澤元富97購02  ,0,0,0,0,0,0,0,0,0,-19000,0,0,0,10000,29000,-19000,-19000
055886,上銀統一97購02  ,0,0,0,0,0,0,0,0,0,-19000,0,0,0,48000,67000,-19000,-19000
055643,宏碁元富97購01  ,0,0,0,0,0,0,0,0,0,-19000,0,0,0,3000,22000,-19000,-19000
044016,義隆凱基93購01  ,0,0,0,0,0,0,0,0,0,-19000,0,0,0,2000,21000,-19000,-19000
03102P,臺股指凱基03售08,0,0,0,0,0,0,0,0,0,-19000,0,0,0,1000,20000,-19000,-19000
04296P,技嘉元大93售01  ,0,0,0,0,0,0,0,0,0,-19000,0,0,0,81000,100000,-19000,-19000
03932P,欣興統一93售01  ,0,0,0,0,0,0,0,0,0,-19000,0,0,0,0,19000,-19000,-19000
05222P,致伸凱基95售02  ,0,0,0,0,0,0,0,0,0,-19000,0,0,0,0,19000,-19000,-19000
051590,玉晶光元大96購02,0,0,0,0,0,0,0,0,0,-19000,0,0,0,279000,298000,-19000,-19000
051577,台積電元大97購03,0,0,0,0,0,0,0,0,0,-19000,0,0,0,138000,157000,-19000,-19000
050870,旭富永豐95購01  ,0,0,0,0,0,0,0,0,0,-19000,0,0,0,133000,152000,-19000,-19000
05025P,聯發科群益95售02,0,0,0,0,0,0,0,0,0,-19000,0,0,0,11000,30000,-19000,-19000
050313,大立光兆豐94購05,0,0,0,0,0,0,0,0,0,-19000,0,0,0,1000,20000,-19000,-19000
052446,聯發科元大96購03,0,0,0,0,0,0,0,0,0,-19000,0,0,0,55000,74000,-19000,-19000
051332,奇力新永豐95購01,0,0,0,0,0,0,0,0,0,-19000,0,0,0,17000,36000,-19000,-19000
054027,欣興凱基96購04  ,0,0,0,0,0,0,0,0,0,-19000,0,0,0,66000,85000,-19000,-19000
053385,聯詠元大96購02  ,0,0,0,0,0,0,0,0,0,-19000,0,0,0,168000,187000,-19000,-19000
052962,台積電凱基97購03,0,0,0,0,0,0,0,0,0,-19000,0,0,0,17000,36000,-19000,-19000
053013,台積電統一97購01,0,0,0,0,0,0,0,0,0,-19000,0,0,0,0,19000,-19000,-19000
053130,聯發科麥證96購01,0,0,0,0,19000,-19000,0,0,0,-19000,0,0,0,0,19000,-19000,-19000
054667,神基元富97購01  ,0,0,0,0,0,0,0,0,0,-19000,0,0,0,4000,23000,-19000,-19000
054553,宏達電凱基99購01,0,0,0,0,0,0,0,0,0,-19000,0,0,0,46000,65000,-19000,-19000
2838A,聯邦銀甲特      ,0,0,0,0,0,0,0,0,0,-19000,1000,20000,-19000,0,0,0,-19000
2701,萬企            ,0,18000,-18000,0,0,0,0,0,0,-1000,0,1000,-1000,0,0,0,-19000
2712,遠雄來          ,1000,16000,-15000,0,0,0,0,0,0,-4000,0,4000,-4000,0,0,0,-19000
2540,愛山林          ,1000,20000,-19000,0,0,0,0,0,0,0,0,0,0,0,0,0,-19000
1732,毛寶            ,37000,56000,-19000,0,0,0,0,0,0,0,0,0,0,0,0,0,-19000
1503,士電            ,2000,21000,-19000,0,0,0,0,0,0,0,0,0,0,0,0,0,-19000
2062,橋椿            ,6000,25000,-19000,0,0,0,0,0,0,0,0,0,0,0,0,0,-19000
06683P,訊芯元大98售07  ,0,0,0,0,0,0,0,0,0,-19000,0,0,0,324000,343000,-19000,-19000
06391P,上銀中信97售03  ,0,0,0,0,0,0,0,0,0,-19000,0,0,0,0,19000,-19000,-19000
5285,界霖            ,5000,27000,-22000,0,0,0,0,0,0,3000,3000,0,3000,0,0,0,-19000
5243,乙盛-KY         ,65000,83000,-18000,0,0,0,0,0,0,-1000,0,1000,-1000,0,0,0,-19000
4104,佳醫            ,13000,31000,-18000,0,0,0,0,0,0,-1000,0,1000,-1000,0,0,0,-19000
4737,華廣            ,3000,22000,-19000,0,0,0,0,0,0,0,0,0,0,0,0,0,-19000
055616,智原國票97購03  ,0,0,0,0,0,0,0,0,0,-20000,0,0,0,0,20000,-20000,-20000
055671,世紀鋼群益97購01,0,0,0,0,0,0,0,0,0,-20000,0,0,0,10000,30000,-20000,-20000
05566P,景碩永豐96售01  ,0,0,0,0,0,0,0,0,0,-20000,0,0,0,0,20000,-20000,-20000
055794,聯發科國泰99購01,0,0,0,0,0,0,0,0,0,-20000,0,0,0,0,20000,-20000,-20000
055877,奇鋐元富97購01  ,0,0,0,0,0,0,0,0,0,-20000,0,0,0,0,20000,-20000,-20000
056109,彩晶永豐98購01  ,0,0,0,0,0,0,0,0,0,-20000,0,0,0,0,20000,-20000,-20000
05615P,臺股指康和96售04,0,0,0,0,0,0,0,0,0,-20000,0,0,0,0,20000,-20000,-20000
056380,麗豐元富98購01  ,0,0,0,0,0,0,0,0,0,-20000,0,0,0,0,20000,-20000,-20000
05668P,滬深2X永豐96售04,0,0,0,0,0,0,0,0,0,-20000,0,0,0,30000,50000,-20000,-20000
057715,聯發科統一99購03,0,0,0,0,0,0,0,0,0,-20000,0,0,0,50000,70000,-20000,-20000
057728,瑞昱國泰99購01  ,0,0,0,0,0,0,0,0,0,-20000,0,0,0,21000,41000,-20000,-20000
057738,旺宏富邦9A購01  ,0,0,0,0,0,0,0,0,0,-20000,0,0,0,0,20000,-20000,-20000
05805P,義隆永豐96售02  ,0,0,0,0,0,0,0,0,0,-20000,0,0,0,20000,40000,-20000,-20000
05819P,臺股指凱基96售16,0,0,0,0,0,0,0,0,0,-20000,0,0,0,0,20000,-20000,-20000
05845P,大立光元大96售06,0,0,0,0,0,0,0,0,0,-20000,0,0,0,100000,120000,-20000,-20000
05960P,欣興統一96售01  ,0,0,0,0,0,0,0,0,0,-20000,0,0,0,0,20000,-20000,-20000
057047,華新科元大99購07,0,0,0,0,0,0,0,0,0,-20000,0,0,0,10000,30000,-20000,-20000
056948,旺宏統一9A購01  ,0,0,0,0,0,0,0,0,0,-20000,0,0,0,0,20000,-20000,-20000
056871,新日興日盛99購01,0,0,0,0,0,0,0,0,0,-20000,0,0,0,0,20000,-20000,-20000
057185,群創元大98購06  ,0,0,0,0,0,0,0,0,0,-20000,0,0,0,0,20000,-20000,-20000
057231,美律凱基98購05  ,0,0,0,0,0,0,0,0,0,-20000,0,0,0,0,20000,-20000,-20000
057241,超眾凱基99購02  ,0,0,0,0,0,0,0,0,0,-20000,0,0,0,0,20000,-20000,-20000
057362,元油2X元大98購12,0,0,0,0,0,0,0,0,0,-20000,0,0,0,0,20000,-20000,-20000
057380,技嘉國泰9A購01  ,0,0,0,0,0,0,0,0,0,-20000,0,0,0,120000,140000,-20000,-20000
052240,臻鼎國票96購03  ,0,0,0,0,0,0,0,0,0,-20000,0,0,0,0,20000,-20000,-20000
052210,華夏元大95購01  ,0,0,0,0,0,0,0,0,0,-20000,0,0,0,0,20000,-20000,-20000
049417,奇力新凱基94購02,0,0,0,0,0,0,0,0,0,-20000,0,0,0,15000,35000,-20000,-20000
052352,力成元富95購01  ,0,0,0,0,0,0,0,0,0,-20000,0,0,0,10000,30000,-20000,-20000
052331,漢唐亞東97購01  ,0,0,0,0,0,0,0,0,0,-20000,0,0,0,0,20000,-20000,-20000
049479,矽格永豐94購01  ,0,0,0,0,0,0,0,0,0,-20000,0,0,0,0,20000,-20000,-20000
050182,淘帝元大94購01  ,0,0,0,0,0,0,0,0,0,-20000,0,0,0,0,20000,-20000,-20000
049013,川湖群益94購01  ,0,0,0,0,0,0,0,0,0,-20000,0,0,0,0,20000,-20000,-20000
048918,上証2X永豐94購01,0,0,0,0,0,0,0,0,0,-20000,0,0,0,0,20000,-20000,-20000
048923,國巨永豐94購02  ,0,0,0,0,0,0,0,0,0,-20000,0,0,0,55000,75000,-20000,-20000
048924,光罩永豐94購01  ,0,0,0,0,0,0,0,0,0,-20000,0,0,0,50000,70000,-20000,-20000
048949,昇陽半永豐94購01,0,0,0,0,0,0,0,0,0,-20000,0,0,0,0,20000,-20000,-20000
048946,崇越永豐94購01  ,0,0,0,0,0,0,0,0,0,-20000,0,0,0,0,20000,-20000,-20000
048378,貿聯元富93購01  ,0,0,0,0,0,0,0,0,0,-20000,0,0,0,0,20000,-20000,-20000
046934,智邦元富96購01  ,0,0,0,0,0,0,0,0,0,-20000,0,0,0,209000,229000,-20000,-20000
046903,友達凱基99購01  ,0,0,0,0,0,0,0,0,0,-20000,0,0,0,0,20000,-20000,-20000
047193,南電元大94購02  ,0,0,0,0,0,0,0,0,0,-20000,0,0,0,20000,40000,-20000,-20000
047134,聯發科凱基93購10,0,0,0,0,0,0,0,0,0,-20000,0,0,0,0,20000,-20000,-20000
048163,南亞科台新93購01,0,0,0,0,0,0,0,0,0,-20000,0,0,0,0,20000,-20000,-20000
048137,力成國票93購01  ,0,0,0,0,0,0,0,0,0,-20000,0,0,0,10000,30000,-20000,-20000
048797,美律國泰95購02  ,0,0,0,0,0,0,0,0,0,-20000,0,0,0,26000,46000,-20000,-20000
046950,隆達元大93購01  ,0,0,0,0,0,0,0,0,0,-20000,0,0,0,0,20000,-20000,-20000
048755,志超元富96購01  ,0,0,0,0,0,0,0,0,0,-20000,0,0,0,20000,40000,-20000,-20000
047033,日月光中信95購01,0,0,0,0,0,0,0,0,0,-20000,0,0,0,0,20000,-20000,-20000
047294,大立光元富93購04,0,0,0,0,0,0,0,0,0,-20000,0,0,0,0,20000,-20000,-20000
04729P,臺股指中信96售01,0,0,0,0,0,0,0,0,0,-20000,0,0,0,0,20000,-20000,-20000
047309,鴻海元大93購13  ,0,0,0,0,0,0,0,0,0,-20000,0,0,0,0,20000,-20000,-20000
03824P,燿華元大94售01  ,0,0,0,0,0,0,0,0,0,-20000,0,0,0,0,20000,-20000,-20000
046375,友達凱基98購01  ,0,0,0,0,0,0,0,0,0,-20000,0,0,0,0,20000,-20000,-20000
046299,大立光富邦93購04,0,0,0,0,0,0,0,0,0,-20000,0,0,0,0,20000,-20000,-20000
046159,群創群益98購04  ,0,0,0,0,0,0,0,0,0,-20000,0,0,0,0,20000,-20000,-20000
03444P,道瓊銀群益02售04,0,0,0,0,0,0,0,0,0,-20000,0,0,0,10000,30000,-20000,-20000
042901,中纖元大94購01  ,0,0,0,0,0,0,0,0,0,-20000,0,0,0,0,20000,-20000,-20000
0052,富邦科技        ,0,1000,-1000,0,0,0,0,0,0,-19000,0,0,0,100000,119000,-19000,-20000
00713,元大台灣高息低波,0,0,0,0,0,0,0,0,0,-20000,0,0,0,11000,31000,-20000,-20000
044216,華新科凱基93購02,0,0,0,0,0,0,0,0,0,-20000,0,0,0,0,20000,-20000,-20000
044950,玉晶光群益94購01,0,0,0,0,0,0,0,0,0,-20000,0,0,0,60000,80000,-20000,-20000
044961,聯電中信94購01  ,0,0,0,0,0,0,0,0,0,-20000,0,0,0,20000,40000,-20000,-20000
046538,大立光群益93購06,0,0,0,0,0,0,0,0,0,-20000,0,0,0,0,20000,-20000,-20000
045479,T50反1中信95購01,0,0,0,0,0,0,0,0,0,-20000,0,0,0,0,20000,-20000,-20000
045449,嘉聯益國泰94購01,0,0,0,0,0,0,0,0,0,-20000,0,0,0,0,20000,-20000,-20000
04528P,智原凱基94售01  ,0,0,0,0,0,0,0,0,0,-20000,0,0,0,0,20000,-20000,-20000
044750,鴻海凱基93購07  ,0,0,0,0,0,0,0,0,0,-20000,0,0,0,0,20000,-20000,-20000
047833,全新元大94購02  ,0,0,0,0,0,0,0,0,0,-20000,0,0,0,13000,33000,-20000,-20000
047856,GIS國票94購01   ,0,0,0,0,0,0,0,0,0,-20000,0,0,0,0,20000,-20000,-20000
048668,奇力新永豐93購04,0,0,0,0,0,0,0,0,0,-20000,0,0,0,0,20000,-20000,-20000
04769P,高股息元大94售01,0,0,0,0,0,0,0,0,0,-20000,0,0,0,0,20000,-20000,-20000
047754,嘉澤元富93購02  ,0,0,0,0,0,0,0,0,0,-20000,0,0,0,10000,30000,-20000,-20000
048610,華新科凱基94購04,0,0,0,0,0,0,0,0,0,-20000,0,0,0,10000,30000,-20000,-20000
052398,瑞昱凱基95購06  ,0,0,0,0,0,0,0,0,0,-20000,0,0,0,0,20000,-20000,-20000
052393,康友群益95購05  ,0,0,0,0,0,0,0,0,0,-20000,0,0,0,44000,64000,-20000,-20000
05244P,台積電元大95售17,0,0,0,0,0,0,0,0,0,-20000,0,0,0,1340000,1360000,-20000,-20000
052523,奇力新元大97購01,0,0,0,0,0,0,0,0,0,-20000,0,0,0,61000,81000,-20000,-20000
052545,康控元富95購02  ,0,0,0,0,0,0,0,0,0,-20000,0,0,0,0,20000,-20000,-20000
052534,貿聯國泰96購02  ,0,0,0,0,0,0,0,0,0,-20000,0,0,0,40000,60000,-20000,-20000
04939P,國巨國票95售03  ,0,0,0,0,0,0,0,0,0,-20000,0,0,0,355000,375000,-20000,-20000
050535,台表科群益94購02,0,0,0,0,0,0,0,0,0,-20000,0,0,0,15000,35000,-20000,-20000
052595,奇力新群益96購01,0,0,0,0,0,0,0,0,0,-20000,0,0,0,53000,73000,-20000,-20000
052613,易華電元大96購01,0,0,0,0,0,0,0,0,0,-20000,0,0,0,0,20000,-20000,-20000
052896,宏達電群益96購01,0,0,0,0,0,0,0,0,0,-20000,0,0,0,113000,133000,-20000,-20000
052845,旺宏統一97購01  ,0,0,0,0,0,0,0,0,0,-20000,0,0,0,0,20000,-20000,-20000
049598,超眾元大95購03  ,0,0,0,0,0,0,0,0,0,-20000,0,0,0,0,20000,-20000,-20000
051384,康友群益95購01  ,0,0,0,0,0,0,0,0,0,-20000,0,0,0,45000,65000,-20000,-20000
051898,富邦金國泰97購01,0,0,0,0,0,0,0,0,0,-20000,0,0,0,0,20000,-20000,-20000
051421,彩晶國票95購01  ,0,0,0,0,0,0,0,0,0,-20000,0,0,0,0,20000,-20000,-20000
051419,麗豐國票96購01  ,0,0,0,0,0,0,0,0,0,-20000,0,0,0,0,20000,-20000,-20000
051850,臻鼎中信96購01  ,0,0,0,0,0,0,0,0,0,-20000,0,0,0,0,20000,-20000,-20000
051854,鴻海麥證95購04  ,0,0,0,0,20000,-20000,0,0,0,-20000,0,0,0,0,20000,-20000,-20000
051258,鈺齊國泰97購01  ,0,0,0,0,0,0,0,0,0,-20000,0,0,0,30000,50000,-20000,-20000
050489,聯詠元富94購01  ,0,0,0,0,0,0,0,0,0,-20000,0,0,0,40000,60000,-20000,-20000
050453,創意元大95購03  ,0,0,0,0,0,0,0,0,0,-20000,0,0,0,0,20000,-20000,-20000
050457,力成元大94購01  ,0,0,0,0,0,0,0,0,0,-20000,0,0,0,2000,22000,-20000,-20000
049228,台塑富邦94購01  ,0,0,0,0,0,0,0,0,0,-20000,0,0,0,0,20000,-20000,-20000
049771,GIS元富94購02   ,0,0,0,0,0,0,0,0,0,-20000,0,0,0,0,20000,-20000,-20000
04953P,台積電群益94售13,0,0,0,0,0,0,0,0,0,-20000,0,0,0,149000,169000,-20000,-20000
050341,光寶科元富94購01,0,0,0,0,0,0,0,0,0,-20000,0,0,0,10000,30000,-20000,-20000
050115,群創元大96購01  ,0,0,0,0,0,0,0,0,0,-20000,0,0,0,98000,118000,-20000,-20000
050104,元石油元大97購02,0,0,0,0,0,0,0,0,0,-20000,0,0,0,15000,35000,-20000,-20000
050130,華新科凱基94購09,0,0,0,0,0,0,0,0,0,-20000,0,0,0,12000,32000,-20000,-20000
049833,正文凱基94購05  ,0,0,0,0,0,0,0,0,0,-20000,0,0,0,35000,55000,-20000,-20000
049846,台泥群益94購01  ,0,0,0,0,0,0,0,0,0,-20000,0,0,0,0,20000,-20000,-20000
052024,臺股指永豐95購04,0,0,0,0,0,0,0,0,0,-20000,0,0,0,0,20000,-20000,-20000
050932,台塑國票96購01  ,0,0,0,0,0,0,0,0,0,-20000,0,0,0,38000,58000,-20000,-20000
051082,上証2X元大98購01,0,0,0,0,0,0,0,0,0,-20000,0,0,0,0,20000,-20000,-20000
051118,台塑群益95購01  ,0,0,0,0,0,0,0,0,0,-20000,0,0,0,0,20000,-20000,-20000
051120,南亞科群益95購01,0,0,0,0,0,0,0,0,0,-20000,0,0,0,12000,32000,-20000,-20000
050766,燿華元大96購02  ,0,0,0,0,0,0,0,0,0,-20000,0,0,0,0,20000,-20000,-20000
050673,旺宏富邦96購02  ,0,0,0,0,0,0,0,0,0,-20000,0,0,0,23000,43000,-20000,-20000
051228,聯發科群益95購03,0,0,0,0,0,0,0,0,0,-20000,0,0,0,0,20000,-20000,-20000
051773,元大金中信95購02,0,0,0,0,0,0,0,0,0,-20000,0,0,0,0,20000,-20000,-20000
054476,聯發科中信96購03,0,0,0,0,0,0,0,0,0,-20000,0,0,0,0,20000,-20000,-20000
054398,牧德永豐96購03  ,0,0,0,0,0,0,0,0,0,-20000,0,0,0,14000,34000,-20000,-20000
054407,美律國票97購02  ,0,0,0,0,0,0,0,0,0,-20000,0,0,0,0,20000,-20000,-20000
054449,中環第一96購01  ,0,0,0,0,0,0,0,0,0,-20000,0,0,0,0,20000,-20000,-20000
054319,世紀鋼凱基96購02,0,0,0,0,0,0,0,0,0,-20000,0,0,0,40000,60000,-20000,-20000
054270,寶滬深中信98購01,0,0,0,0,0,0,0,0,0,-20000,0,0,0,0,20000,-20000,-20000
054245,鴻海元大96購23  ,0,0,0,0,0,0,0,0,0,-20000,0,0,0,0,20000,-20000,-20000
054669,凌華元富97購01  ,0,0,0,0,0,0,0,0,0,-20000,0,0,0,0,20000,-20000,-20000
05463P,創意國票96售04  ,0,0,0,0,0,0,0,0,0,-20000,0,0,0,0,20000,-20000,-20000
054600,中壽台新97購01  ,0,0,0,0,0,0,0,0,0,-20000,0,0,0,0,20000,-20000,-20000
054794,貿聯群益98購01  ,0,0,0,0,0,0,0,0,0,-20000,0,0,0,0,20000,-20000,-20000
054855,得力群益98購01  ,0,0,0,0,0,0,0,0,0,-20000,0,0,0,0,20000,-20000,-20000
055201,興勤群益98購01  ,0,0,0,0,0,0,0,0,0,-20000,0,0,0,30000,50000,-20000,-20000
055065,神達永豐97購01  ,0,0,0,0,0,0,0,0,0,-20000,0,0,0,305000,325000,-20000,-20000
054969,亞翔元大97購01  ,0,0,0,0,0,0,0,0,0,-20000,0,0,0,0,20000,-20000,-20000
054979,南港元富97購01  ,0,0,0,0,0,0,0,0,0,-20000,0,0,0,0,20000,-20000,-20000
055031,南港富邦99購01  ,0,0,0,0,0,0,0,0,0,-20000,0,0,0,0,20000,-20000,-20000
055419,國巨永豐97購03  ,0,0,0,0,0,0,0,0,0,-20000,0,0,0,0,20000,-20000,-20000
055376,群創元大01購01  ,0,0,0,0,0,0,0,0,0,-20000,0,0,0,208000,228000,-20000,-20000
055304,瑞昱第一98購01  ,0,0,0,0,0,0,0,0,0,-20000,0,0,0,5000,25000,-20000,-20000
053203,智易日盛96購01  ,0,23000,-23000,0,0,0,0,0,0,3000,0,0,0,23000,20000,3000,-20000
053075,欣興永豐96購01  ,0,0,0,0,0,0,0,0,0,-20000,0,0,0,11000,31000,-20000,-20000
053010,鴻海統一96購11  ,0,0,0,0,0,0,0,0,0,-20000,0,0,0,50000,70000,-20000,-20000
052907,嘉澤國票97購01  ,0,0,0,0,0,0,0,0,0,-20000,0,0,0,15000,35000,-20000,-20000
05348P,美律元富98售01  ,0,0,0,0,0,0,0,0,0,-20000,0,0,0,30000,50000,-20000,-20000
053970,聯發科元大97購08,0,0,0,0,0,0,0,0,0,-20000,0,0,0,0,20000,-20000,-20000
053900,T50反1日盛99購01,0,0,0,0,0,0,0,0,0,-20000,0,0,0,0,20000,-20000,-20000
054143,茂林元大96購04  ,0,0,0,0,0,0,0,0,0,-20000,0,0,0,25000,45000,-20000,-20000
05409P,京元電元富95售05,0,0,0,0,0,0,0,0,0,-20000,0,0,0,0,20000,-20000,-20000
054070,創意國泰96購02  ,0,0,0,0,0,0,0,0,0,-20000,0,0,0,0,20000,-20000,-20000
054097,淘帝國票97購01  ,0,0,0,0,0,0,0,0,0,-20000,0,0,0,50000,70000,-20000,-20000
053776,台積電元大96購19,0,0,0,0,0,0,0,0,0,-20000,0,0,0,10000,30000,-20000,-20000
053765,智邦富邦96購01  ,0,0,0,0,0,0,0,0,0,-20000,0,0,0,0,20000,-20000,-20000
053735,矽力中信97購01  ,0,0,0,0,0,0,0,0,0,-20000,0,0,0,20000,40000,-20000,-20000
053808,大成鋼群益97購01,0,0,0,0,0,0,0,0,0,-20000,0,0,0,0,20000,-20000,-20000
06365P,鴻海凱基97售09  ,0,0,0,0,0,0,0,0,0,-20000,0,0,0,0,20000,-20000,-20000
06260P,臺股指群益97售13,0,0,0,0,0,0,0,0,0,-20000,0,0,0,5000,25000,-20000,-20000
06198P,台積電元大98售06,0,0,0,0,0,0,0,0,0,-20000,0,0,0,655000,675000,-20000,-20000
06109P,華新科群益97售05,0,0,0,0,0,0,0,0,0,-20000,0,0,0,0,20000,-20000,-20000
06126P,凌陽元富97售02  ,0,0,0,0,0,0,0,0,0,-20000,0,0,0,0,20000,-20000,-20000
08671P,友訊國票01售01  ,0,0,0,0,0,0,0,0,0,-20000,0,0,0,0,20000,-20000,-20000
08679P,台灣50元大01售15,0,0,0,0,0,0,0,0,0,-20000,0,0,0,0,20000,-20000,-20000
08484P,台灣50中信96售01,0,0,0,0,0,0,0,0,0,-20000,0,0,0,0,20000,-20000,-20000
06773P,台灣50兆豐9A售01,0,0,0,0,0,0,0,0,0,-20000,0,0,0,0,20000,-20000,-20000
06776P,鴻海元大99售05  ,0,0,0,0,0,0,0,0,0,-20000,0,0,0,0,20000,-20000,-20000
06837P,上銀統一9A售02  ,0,0,0,0,0,0,0,0,0,-20000,0,0,0,0,20000,-20000,-20000
06814P,臺股指元富98售03,0,0,0,0,0,0,0,0,0,-20000,0,0,0,0,20000,-20000,-20000
06485P,玉晶光群益9A售02,0,0,0,0,0,0,0,0,0,-20000,0,0,0,0,20000,-20000,-20000
1459,聯發            ,1000,21000,-20000,0,0,0,0,0,0,0,0,0,0,0,0,0,-20000
057405,麗豐群益98購01  ,0,0,0,0,0,0,0,0,0,-21000,0,0,0,0,21000,-21000,-21000
057403,亞光群益98購04  ,0,0,0,0,0,0,0,0,0,-21000,0,0,0,11000,32000,-21000,-21000
057164,國巨元大98購14  ,0,0,0,0,0,0,0,0,0,-21000,0,0,0,224000,245000,-21000,-21000
057700,新日興群益9A購01,0,0,0,0,0,0,0,0,0,-21000,0,0,0,0,21000,-21000,-21000
057651,矽力元大98購03  ,0,0,0,0,0,0,0,0,0,-21000,0,0,0,0,21000,-21000,-21000
056582,易華電元大98購01,0,0,0,0,0,0,0,0,0,-21000,0,0,0,10000,31000,-21000,-21000
056603,嘉聯益國泰9A購01,0,0,0,0,0,0,0,0,0,-21000,0,0,0,44000,65000,-21000,-21000
056117,宏達電群益97購02,0,0,0,0,0,0,0,0,0,-21000,0,0,0,9000,30000,-21000,-21000
055696,華新科國票98購01,0,0,0,0,0,0,0,0,0,-21000,0,0,0,10000,31000,-21000,-21000
055712,金寶元大97購02  ,0,0,0,0,0,0,0,0,0,-21000,0,0,0,201000,222000,-21000,-21000
055527,旺宏群益99購03  ,0,0,0,0,0,0,0,0,0,-21000,0,0,0,0,21000,-21000,-21000
042388,大立光永昌93購02,0,0,0,0,0,0,0,0,0,-21000,0,0,0,0,21000,-21000,-21000
046149,宏達電國票93購01,0,0,0,0,0,0,0,0,0,-21000,0,0,0,21000,42000,-21000,-21000
046293,聯發科統一94購01,0,0,0,0,0,0,0,0,0,-21000,0,0,0,20000,41000,-21000,-21000
03899P,滬深2X群益95售03,0,0,0,0,0,0,0,0,0,-21000,0,0,0,10000,31000,-21000,-21000
04033P,啟碁凱基93售04  ,0,0,0,0,0,0,0,0,0,-21000,0,0,0,10000,31000,-21000,-21000
047526,可成元大93購08  ,0,0,0,0,0,0,0,0,0,-21000,0,0,0,0,21000,-21000,-21000
046928,奇鋐富邦97購01  ,0,0,0,0,0,0,0,0,0,-21000,0,0,0,0,21000,-21000,-21000
048509,上証反凱基99購02,0,0,0,0,0,0,0,0,0,-21000,0,0,0,0,21000,-21000,-21000
051614,元金2X凱基97購01,0,0,0,0,0,0,0,0,0,-21000,0,0,0,27000,48000,-21000,-21000
050757,聯發科元富94購03,0,0,0,0,0,0,0,0,0,-21000,0,0,0,11000,32000,-21000,-21000
050881,大立光元富95購04,0,0,0,0,0,0,0,0,0,-21000,0,0,0,0,21000,-21000,-21000
052084,台泥元大95購01  ,0,0,0,0,0,0,0,0,0,-21000,0,0,0,13000,34000,-21000,-21000
049858,百和群益94購05  ,0,0,0,0,0,0,0,0,0,-21000,0,0,0,11000,32000,-21000,-21000
049804,華固元大94購01  ,190000,0,190000,0,0,0,0,0,0,-211000,0,0,0,21000,232000,-211000,-21000
051020,健策凱基96購02  ,0,0,0,0,0,0,0,0,0,-21000,0,0,0,65000,86000,-21000,-21000
049185,南電凱基94購03  ,0,0,0,0,0,0,0,0,0,-21000,0,0,0,344000,365000,-21000,-21000
051989,華固元大95購02  ,190000,0,190000,0,0,0,0,0,0,-211000,0,0,0,19000,230000,-211000,-21000
051655,欣興元富95購04  ,0,0,0,0,0,0,0,0,0,-21000,0,0,0,30000,51000,-21000,-21000
049388,南電元大94購05  ,0,0,0,0,0,0,0,0,0,-21000,0,0,0,91000,112000,-21000,-21000
052477,美律群益98購01  ,0,0,0,0,0,0,0,0,0,-21000,0,0,0,0,21000,-21000,-21000
052388,旺宏群益96購05  ,0,0,0,0,0,0,0,0,0,-21000,0,0,0,44000,65000,-21000,-21000
054085,華新科統一96購04,0,0,0,0,0,0,0,0,0,-21000,0,0,0,0,21000,-21000,-21000
053248,智伸科國票97購01,0,0,0,0,0,0,0,0,0,-21000,0,0,0,0,21000,-21000,-21000
052924,旺宏永豐96購01  ,0,0,0,0,0,0,0,0,0,-21000,0,0,0,19000,40000,-21000,-21000
052977,奇力新麥證97購01,0,0,0,30000,51000,-21000,0,0,0,-21000,0,0,0,30000,51000,-21000,-21000
055381,茂林元大97購02  ,0,0,0,0,0,0,0,0,0,-21000,0,0,0,106000,127000,-21000,-21000
055004,群創元富99購06  ,0,0,0,0,0,0,0,0,0,-21000,0,0,0,0,21000,-21000,-21000
054930,群電凱基98購01  ,0,0,0,0,0,0,0,0,0,-21000,0,0,0,33000,54000,-21000,-21000
055206,台虹中信97購01  ,0,0,0,0,0,0,0,0,0,-21000,0,0,0,40000,61000,-21000,-21000
054551,聯發科凱基98購02,0,0,0,0,0,0,0,0,0,-21000,0,0,0,0,21000,-21000,-21000
1717,長興            ,172000,246000,-74000,0,0,0,54000,0,54000,-1000,0,1000,-1000,0,0,0,-21000
1512,瑞利            ,0,21000,-21000,0,0,0,0,0,0,0,0,0,0,0,0,0,-21000
06463P,大立光富邦9A售01,0,0,0,0,0,0,0,0,0,-21000,0,0,0,32000,53000,-21000,-21000
06748P,智邦台新98售02  ,0,0,0,0,0,0,0,0,0,-21000,0,0,0,0,21000,-21000,-21000
06232P,智易永豐97售01  ,0,0,0,0,0,0,0,0,0,-21000,0,0,0,0,21000,-21000,-21000
8070,長華*           ,4000,29000,-25000,0,0,0,0,0,0,4000,4000,0,4000,0,0,0,-21000
055670,矽創群益98購02  ,0,0,0,0,0,0,0,0,0,-22000,0,0,0,40000,62000,-22000,-22000
055820,矽力國票98購02  ,0,0,0,0,0,0,0,0,0,-22000,0,0,0,18000,40000,-22000,-22000
055971,矽力元大97購05  ,0,0,0,0,0,0,0,0,0,-22000,0,0,0,90000,112000,-22000,-22000
056507,創意永豐98購02  ,0,0,0,0,0,0,0,0,0,-22000,0,0,0,5000,27000,-22000,-22000
056340,可成凱基98購04  ,0,0,0,0,0,0,0,0,0,-22000,0,0,0,131000,153000,-22000,-22000
057683,技嘉日盛98購01  ,0,0,0,0,0,0,0,0,0,-22000,0,0,0,13000,35000,-22000,-22000
057667,可成元大99購01  ,0,0,0,0,0,0,0,0,0,-22000,0,0,0,56000,78000,-22000,-22000
05988P,光磊元富96售02  ,0,0,0,0,0,0,0,0,0,-22000,0,0,0,10000,32000,-22000,-22000
06005P,晶豪科永豐96售04,0,0,0,0,0,0,0,0,0,-22000,0,0,0,2000,24000,-22000,-22000
056800,臺股指麥證98購01,0,0,0,4000,26000,-22000,0,0,0,-22000,0,0,0,4000,26000,-22000,-22000
05693P,滬深2X凱基98售02,0,0,0,0,0,0,0,0,0,-22000,0,0,0,0,22000,-22000,-22000
05228P,大立光元富95售09,0,0,0,0,0,0,0,0,0,-22000,0,0,0,0,22000,-22000,-22000
047514,亞光國票94購01  ,0,0,0,0,0,0,0,0,0,-22000,0,0,0,180000,202000,-22000,-22000
048745,儒鴻元富97購02  ,0,0,0,0,0,0,0,0,0,-22000,0,0,0,62000,84000,-22000,-22000
04017P,臺股指麥證93售02,0,0,0,0,22000,-22000,0,0,0,-22000,0,0,0,0,22000,-22000,-22000
046390,旺宏統一94購02  ,0,0,0,0,0,0,0,0,0,-22000,0,0,0,0,22000,-22000,-22000
043958,臻鼎元富94購01  ,0,0,0,0,0,0,0,0,0,-22000,0,0,0,260000,282000,-22000,-22000
052515,矽力凱基95購02  ,0,0,0,0,0,0,0,0,0,-22000,0,0,0,0,22000,-22000,-22000
050245,大立光凱基94購12,0,0,0,0,0,0,0,0,0,-22000,0,0,0,0,22000,-22000,-22000
051085,鴻海元大95購03  ,0,0,0,0,0,0,0,0,0,-22000,0,0,0,362000,384000,-22000,-22000
051088,台積電元大95購09,0,0,0,0,0,0,0,0,0,-22000,0,0,0,159000,181000,-22000,-22000
051570,和碩富邦97購01  ,0,0,0,0,0,0,0,0,0,-22000,0,0,0,215000,237000,-22000,-22000
05448P,臺股指元大95售25,0,0,0,0,0,0,0,0,0,-22000,0,0,0,20000,42000,-22000,-22000
054845,智邦兆豐98購01  ,0,0,0,0,0,0,0,0,0,-22000,0,0,0,338000,360000,-22000,-22000
054784,順德群益9A購01  ,0,0,0,0,0,0,0,0,0,-22000,0,0,0,73000,95000,-22000,-22000
054650,南亞麥證97購01  ,0,0,0,10000,32000,-22000,0,0,0,-22000,0,0,0,10000,32000,-22000,-22000
053065,大立光群益96購01,0,0,0,0,0,0,0,0,0,-22000,0,0,0,6000,28000,-22000,-22000
053989,奇力新兆豐97購01,0,0,0,0,0,0,0,0,0,-22000,0,0,0,0,22000,-22000,-22000
6668,中揚光          ,58000,80000,-22000,0,0,0,0,0,0,0,0,0,0,0,0,0,-22000
8422,可寧衛          ,35000,55000,-20000,0,0,0,0,0,0,-2000,0,2000,-2000,0,0,0,-22000
8499,鼎炫-KY         ,9000,31000,-22000,0,0,0,0,0,0,0,0,0,0,0,0,0,-22000
4564,元翎            ,93000,115000,-22000,0,0,0,0,0,0,0,0,0,0,0,0,0,-22000
056834,華新元富99購01  ,0,0,0,0,0,0,0,0,0,-23000,0,0,0,0,23000,-23000,-23000
056907,群創元大9C購04  ,0,0,0,0,0,0,0,0,0,-23000,0,0,0,108000,131000,-23000,-23000
057104,康友中信99購01  ,0,0,0,0,0,0,0,0,0,-23000,0,0,0,0,23000,-23000,-23000
057441,奇力新統一98購03,0,0,0,0,0,0,0,0,0,-23000,0,0,0,205000,228000,-23000,-23000
056142,超眾元大97購06  ,0,0,0,0,0,0,0,0,0,-23000,0,0,0,100000,123000,-23000,-23000
056228,可成凱基97購03  ,0,0,0,0,0,0,0,0,0,-23000,0,0,0,114000,137000,-23000,-23000
056676,國產元富98購01  ,0,0,0,0,0,0,0,0,0,-23000,0,0,0,30000,53000,-23000,-23000
055683,晶技凱基99購01  ,0,0,0,0,0,0,0,0,0,-23000,0,0,0,125000,148000,-23000,-23000
044224,超眾凱基93購01  ,0,0,0,0,0,0,0,0,0,-23000,0,0,0,0,23000,-23000,-23000
044963,台積電中信96購01,0,0,0,0,0,0,0,0,0,-23000,0,0,0,5000,28000,-23000,-23000
03993P,滬深2X中信94售03,0,0,0,0,0,0,0,0,0,-23000,0,0,0,0,23000,-23000,-23000
03957P,創意統一94售02  ,0,0,0,0,0,0,0,0,0,-23000,0,0,0,0,23000,-23000,-23000
047025,可成元大93購05  ,0,0,0,0,0,0,0,0,0,-23000,0,0,0,38000,61000,-23000,-23000
047004,台積電統一99購01,0,0,0,0,0,0,0,0,0,-23000,0,0,0,39000,62000,-23000,-23000
048033,大立光凱基93購28,0,0,0,0,0,0,0,0,0,-23000,0,0,0,100000,123000,-23000,-23000
051522,玉晶光凱基95購05,0,0,0,0,0,0,0,0,0,-23000,0,0,0,143000,166000,-23000,-23000
05036P,義隆元大95售03  ,0,0,0,0,0,0,0,0,0,-23000,0,0,0,74000,97000,-23000,-23000
052376,聯詠元大95購04  ,0,0,0,0,0,0,0,0,0,-23000,0,0,0,0,23000,-23000,-23000
050576,南亞科國票95購01,0,0,0,0,0,0,0,0,0,-23000,0,0,0,2000,25000,-23000,-23000
051953,矽力元富95購03  ,0,0,0,0,0,0,0,0,0,-23000,0,0,0,195000,218000,-23000,-23000
053949,康控富邦9A購01  ,0,0,0,0,0,0,0,0,0,-23000,0,0,0,130000,153000,-23000,-23000
053261,國巨群益96購05  ,0,0,0,0,0,0,0,0,0,-23000,0,0,0,16000,39000,-23000,-23000
054656,深中小元大97購01,0,0,0,0,0,0,0,0,0,-23000,0,0,0,7000,30000,-23000,-23000
055085,大毅國票97購01  ,0,0,0,0,0,0,0,0,0,-23000,0,0,0,5000,28000,-23000,-23000
055463,國喬凱基97購01  ,0,0,0,0,0,0,0,0,0,-23000,0,0,0,77000,100000,-23000,-23000
6141,柏承            ,52000,75000,-23000,0,0,0,0,0,0,0,0,0,0,0,0,0,-23000
06302P,臺股指元大97售06,0,0,0,0,0,0,0,0,0,-23000,0,0,0,0,23000,-23000,-23000
1724,台硝            ,0,23000,-23000,0,0,0,0,0,0,0,0,0,0,0,0,0,-23000
1219,福壽            ,0,23000,-23000,0,0,0,0,0,0,0,0,0,0,0,0,0,-23000
055538,鴻海日盛97購04  ,0,0,0,0,0,0,0,0,0,-24000,0,0,0,20000,44000,-24000,-24000
055640,鴻海元富97購03  ,0,0,0,0,0,0,0,0,0,-24000,0,0,0,0,24000,-24000,-24000
055978,大立光統一98購05,0,0,0,0,0,0,0,0,0,-24000,0,0,0,49000,73000,-24000,-24000
056490,台積電國泰99購01,0,0,0,0,0,0,0,0,0,-24000,0,0,0,0,24000,-24000,-24000
056245,嘉澤群益97購01  ,0,0,0,0,0,0,0,0,0,-24000,0,0,0,0,24000,-24000,-24000
056363,華新科元大99購04,0,0,0,0,0,0,0,0,0,-24000,0,0,0,10000,34000,-24000,-24000
057445,華通元富02購01  ,0,0,0,0,0,0,0,0,0,-24000,0,0,0,7000,31000,-24000,-24000
056827,元油2X富邦02購01,0,0,0,0,0,0,0,0,0,-24000,0,0,0,0,24000,-24000,-24000
048880,昇陽半國票94購01,0,0,0,0,0,0,0,0,0,-24000,0,0,0,12000,36000,-24000,-24000
046391,上海銀統一94購01,0,0,0,0,0,0,0,0,0,-24000,0,0,0,10000,34000,-24000,-24000
04310P,京元電統一93售03,0,0,0,0,0,0,0,0,0,-24000,0,0,0,0,24000,-24000,-24000
051904,深100元大95購01 ,0,0,0,0,0,0,0,0,0,-24000,0,0,0,7000,31000,-24000,-24000
052801,友達元大9A購01  ,0,0,0,0,0,0,0,0,0,-24000,0,0,0,54000,78000,-24000,-24000
053304,可成凱基96購03  ,0,0,0,0,0,0,0,0,0,-24000,0,0,0,72000,96000,-24000,-24000
050261,國巨元大95購04  ,0,0,0,0,0,0,0,0,0,-24000,0,0,0,16000,40000,-24000,-24000
051788,奇力新國票97購02,0,0,0,0,0,0,0,0,0,-24000,0,0,0,0,24000,-24000,-24000
05062P,大立光富邦98售03,0,0,0,0,0,0,0,0,0,-24000,0,0,0,8000,32000,-24000,-24000
054309,禾伸堂凱基98購01,0,0,0,0,0,0,0,0,0,-24000,0,0,0,17000,41000,-24000,-24000
053458,聯詠國泰97購01  ,0,0,0,0,0,0,0,0,0,-24000,0,0,0,89000,113000,-24000,-24000
05370P,矽創元富95售01  ,0,0,0,0,0,0,0,0,0,-24000,0,0,0,110000,134000,-24000,-24000
06259P,臺股指群益97售12,0,0,0,0,0,0,0,0,0,-24000,0,0,0,7000,31000,-24000,-24000
06348P,鈺齊元富97售02  ,0,0,0,0,0,0,0,0,0,-24000,0,0,0,82000,106000,-24000,-24000
06170P,禾伸堂元富97售02,0,0,0,0,0,0,0,0,0,-24000,0,0,0,66000,90000,-24000,-24000
06703P,新日興元富98售02,0,0,0,0,0,0,0,0,0,-24000,0,0,0,33000,57000,-24000,-24000
06499P,臺股指元大9A售04,0,0,0,0,0,0,0,0,0,-24000,0,0,0,46000,70000,-24000,-24000
6165,捷泰            ,46000,70000,-24000,0,0,0,0,0,0,0,0,0,0,0,0,0,-24000
056791,嘉聯益群益98購01,0,0,0,0,0,0,0,0,0,-25000,0,0,0,16000,41000,-25000,-25000
056899,可成元大98購01  ,0,0,0,0,0,0,0,0,0,-25000,0,0,0,0,25000,-25000,-25000
057395,旺宏中信98購03  ,0,0,0,0,0,0,0,0,0,-25000,0,0,0,0,25000,-25000,-25000
057371,可成元大98購08  ,0,0,0,0,0,0,0,0,0,-25000,0,0,0,78000,103000,-25000,-25000
05955P,台光電國票97售02,0,0,0,0,0,0,0,0,0,-25000,0,0,0,0,25000,-25000,-25000
056318,鴻海群益98購02  ,0,0,0,0,0,0,0,0,0,-25000,0,0,0,0,25000,-25000,-25000
056458,日月光凱基98購02,0,0,0,0,0,0,0,0,0,-25000,0,0,0,0,25000,-25000,-25000
056207,茂林永豐97購03  ,0,0,0,0,0,0,0,0,0,-25000,0,0,0,5000,30000,-25000,-25000
056222,台積電凱基9A購01,0,0,0,0,0,0,0,0,0,-25000,0,0,0,280000,305000,-25000,-25000
056583,昇陽半元大98購02,0,0,0,0,0,0,0,0,0,-25000,0,0,0,305000,330000,-25000,-25000
055943,瑞昱麥證97購01  ,0,0,0,13000,35000,-22000,0,0,0,-25000,0,0,0,13000,38000,-25000,-25000
055931,冠德群益97購02  ,0,0,0,0,0,0,0,0,0,-25000,0,0,0,10000,35000,-25000,-25000
055861,矽力元大97購03  ,0,0,0,0,0,0,0,0,0,-25000,0,0,0,18000,43000,-25000,-25000
055618,麗豐國票98購01  ,0,0,0,0,0,0,0,0,0,-25000,0,0,0,31000,56000,-25000,-25000
055531,華新科群益98購03,0,0,0,0,0,0,0,0,0,-25000,0,0,0,121000,146000,-25000,-25000
055699,康控國票97購04  ,0,0,0,0,0,0,0,0,0,-25000,0,0,0,0,25000,-25000,-25000
055715,智邦元大97購04  ,0,0,0,0,0,0,0,0,0,-25000,0,0,0,72000,97000,-25000,-25000
00707R,元大S&P日圓反1  ,0,0,0,0,0,0,0,0,0,-25000,0,0,0,4000,29000,-25000,-25000
043391,康控元大94購01  ,0,0,0,0,0,0,0,0,0,-25000,0,0,0,0,25000,-25000,-25000
04391P,玉晶光凱基95售03,0,0,0,0,0,0,0,0,0,-25000,0,0,0,0,25000,-25000,-25000
044759,新日興凱基93購01,0,0,0,0,0,0,0,0,0,-25000,0,0,0,50000,75000,-25000,-25000
045428,彩晶凱基94購01  ,0,0,0,0,0,0,0,0,0,-25000,0,0,0,0,25000,-25000,-25000
047929,景碩凱基93購03  ,0,0,0,0,0,0,0,0,0,-25000,0,0,0,0,25000,-25000,-25000
048769,聯鈞凱基94購01  ,0,0,0,0,0,0,0,0,0,-25000,0,0,0,172000,197000,-25000,-25000
052237,嘉澤國票96購02  ,0,0,0,0,0,0,0,0,0,-25000,0,0,0,0,25000,-25000,-25000
05013P,台積電元大96售05,0,0,0,0,0,0,0,0,0,-25000,0,0,0,0,25000,-25000,-25000
050927,聯詠凱基95購01  ,0,0,0,0,0,0,0,0,0,-25000,0,0,0,10000,35000,-25000,-25000
051089,旺宏元大96購04  ,0,0,0,0,0,0,0,0,0,-25000,0,0,0,163000,188000,-25000,-25000
050771,華新科元大94購06,0,0,0,0,0,0,0,0,0,-25000,0,0,0,27000,52000,-25000,-25000
050196,嘉聯益元大97購01,0,0,0,0,0,0,0,0,0,-25000,0,0,0,67000,92000,-25000,-25000
049795,華通元大96購02  ,0,0,0,0,0,0,0,0,0,-25000,0,0,0,51000,76000,-25000,-25000
049547,新光金群益94購01,0,0,0,0,0,0,0,0,0,-25000,0,0,0,10000,35000,-25000,-25000
049738,神基群益94購01  ,0,0,0,0,0,0,0,0,0,-25000,0,0,0,40000,65000,-25000,-25000
050088,禾伸堂台新94購01,0,0,0,0,0,0,0,0,0,-25000,0,0,0,0,25000,-25000,-25000
050050,國泰金群益94購02,0,0,0,0,0,0,0,0,0,-25000,0,0,0,25000,50000,-25000,-25000
050061,聯發科凱基94購07,0,0,0,0,0,0,0,0,0,-25000,0,0,0,42000,67000,-25000,-25000
052000,鈺齊元大95購03  ,0,0,0,0,0,0,0,0,0,-25000,0,0,0,0,25000,-25000,-25000
052437,聯發科富邦99購02,0,0,0,0,0,0,0,0,0,-25000,0,0,0,10000,35000,-25000,-25000
051876,宏達電國票96購01,0,0,0,0,0,0,0,0,0,-25000,0,0,0,5000,30000,-25000,-25000
051868,貿聯凱基96購01  ,0,0,0,0,0,0,0,0,0,-25000,0,0,0,0,25000,-25000,-25000
051974,華新科凱基96購05,0,0,0,0,0,0,0,0,0,-25000,0,0,0,54000,79000,-25000,-25000
053482,矽力元大96購03  ,0,0,0,0,0,0,0,0,0,-25000,0,0,0,0,25000,-25000,-25000
053533,光罩永豐96購03  ,0,0,0,0,0,0,0,0,0,-25000,0,0,0,10000,35000,-25000,-25000
053386,聯詠元大96購03  ,0,0,0,0,0,0,0,0,0,-25000,0,0,0,95000,120000,-25000,-25000
05338P,臺股指國票95售07,0,0,0,0,0,0,0,0,0,-25000,0,0,0,0,25000,-25000,-25000
053175,矽力群益96購01  ,0,0,0,0,0,0,0,0,0,-25000,0,0,0,15000,40000,-25000,-25000
054387,台積電統一98購02,0,0,0,0,0,0,0,0,0,-25000,0,0,0,10000,35000,-25000,-25000
054628,可成凱基98購01  ,0,0,0,0,0,0,0,0,0,-25000,0,0,0,33000,58000,-25000,-25000
054821,貿聯元大9A購01  ,0,0,0,0,0,0,0,0,0,-25000,0,0,0,100000,125000,-25000,-25000
6115,鎰勝            ,1000,26000,-25000,0,0,0,0,0,0,0,0,0,0,0,0,0,-25000
4532,瑞智            ,28000,53000,-25000,0,0,0,0,0,0,0,0,0,0,0,0,0,-25000
06669P,緯穎凱基98售05  ,0,0,0,0,0,0,0,0,0,-25000,0,0,0,40000,65000,-25000,-25000
1451,年興            ,13000,38000,-25000,0,0,0,0,0,0,0,0,0,0,0,0,0,-25000
2509,全坤建          ,0,25000,-25000,0,0,0,0,0,0,0,1000,1000,0,0,0,0,-25000
055604,訊芯元大98購02  ,0,0,0,0,0,0,0,0,0,-26000,0,0,0,42000,68000,-26000,-26000
056010,力成中信97購01  ,0,0,0,0,0,0,0,0,0,-26000,0,0,0,188000,214000,-26000,-26000
056248,康友群益97購04  ,0,0,0,0,0,0,0,0,0,-26000,0,0,0,39000,65000,-26000,-26000
057450,國泰金元富98購01,0,0,0,0,0,0,0,0,0,-26000,0,0,0,50000,76000,-26000,-26000
057699,可成群益9A購02  ,0,0,0,0,0,0,0,0,0,-26000,0,0,0,91000,117000,-26000,-26000
057348,台積電統一98購09,0,0,0,0,0,0,0,0,0,-26000,0,0,0,70000,96000,-26000,-26000
056952,元油2X國泰99購01,0,0,0,0,0,0,0,0,0,-26000,0,0,0,10000,36000,-26000,-26000
056968,揚明光永豐98購02,0,0,0,0,0,0,0,0,0,-26000,0,0,0,0,26000,-26000,-26000
048533,景碩國票94購01  ,0,0,0,0,0,0,0,0,0,-26000,0,0,0,5000,31000,-26000,-26000
047417,台塑富邦97購01  ,0,0,0,0,0,0,0,0,0,-26000,0,0,0,10000,36000,-26000,-26000
052087,鴻海元大96購09  ,0,0,0,0,0,0,0,0,0,-26000,0,0,0,50000,76000,-26000,-26000
050410,燿華永豐95購03  ,0,0,0,0,0,0,0,0,0,-26000,0,0,0,0,26000,-26000,-26000
050415,力成永豐94購01  ,0,0,0,0,0,0,0,0,0,-26000,0,0,0,0,26000,-26000,-26000
050749,道瓊銀統一96購03,0,0,0,0,0,0,0,0,0,-26000,0,0,0,15000,41000,-26000,-26000
05093P,可成元大95售03  ,0,0,0,0,0,0,0,0,0,-26000,0,0,0,48000,74000,-26000,-26000
051156,鴻海富邦97購01  ,0,0,0,0,0,0,0,0,0,-26000,0,0,0,0,26000,-26000,-26000
054478,可成中信97購01  ,0,0,0,0,0,0,0,0,0,-26000,0,0,0,0,26000,-26000,-26000
05433P,智原元富95售02  ,0,0,0,0,0,0,0,0,0,-26000,0,0,0,0,26000,-26000,-26000
054356,可成兆豐97購01  ,0,0,0,0,0,0,0,0,0,-26000,0,0,0,5000,31000,-26000,-26000
054287,台積電元大97購11,0,0,0,0,0,0,0,0,0,-26000,0,0,0,220000,246000,-26000,-26000
055200,和大群益98購01  ,0,0,0,0,0,0,0,0,0,-26000,0,0,0,26000,52000,-26000,-26000
052901,台達電國票97購01,0,0,0,0,0,0,0,0,0,-26000,0,0,0,0,26000,-26000,-26000
053401,臺股指中信99購01,0,0,0,0,0,0,0,0,0,-26000,0,0,0,200000,226000,-26000,-26000
053519,力成群益96購02  ,0,0,0,0,0,0,0,0,0,-26000,0,0,0,0,26000,-26000,-26000
1321,大洋            ,17000,42000,-25000,0,0,0,0,0,0,-1000,0,1000,-1000,0,0,0,-26000
06702P,智邦元富98售01  ,0,0,0,0,0,0,0,0,0,-26000,0,0,0,0,26000,-26000,-26000
1234,黑松            ,5000,31000,-26000,0,0,0,0,0,0,0,0,0,0,0,0,0,-26000
06475P,牧德永豐98售03  ,0,0,0,0,0,0,0,0,0,-26000,0,0,0,30000,56000,-26000,-26000
06171P,台積電統一97售06,0,0,0,0,0,0,0,0,0,-26000,0,0,0,0,26000,-26000,-26000
06209P,旺宏統一97售07  ,0,1000,-1000,0,0,0,0,0,0,-25000,0,0,0,0,25000,-25000,-26000
06059P,泰碩元大97售02  ,0,0,0,0,0,0,0,0,0,-26000,0,0,0,0,26000,-26000,-26000
6533,晶心科          ,19000,45000,-26000,0,0,0,0,0,0,0,0,0,0,0,0,0,-26000
057007,奇力新中信98購04,0,0,0,0,0,0,0,0,0,-27000,0,0,0,53000,80000,-27000,-27000
057747,致新永豐98購01  ,0,0,0,0,0,0,0,0,0,-27000,0,0,0,0,27000,-27000,-27000
056277,上銀富邦99購02  ,0,0,0,0,0,0,0,0,0,-27000,0,0,0,2000,29000,-27000,-27000
056153,華新科凱基97購02,0,0,0,0,0,0,0,0,0,-27000,0,0,0,10000,37000,-27000,-27000
056171,鴻海元富97購10  ,0,0,0,0,0,0,0,0,0,-27000,0,0,0,7000,34000,-27000,-27000
04817P,創意國票95售02  ,0,0,0,0,0,0,0,0,0,-27000,0,0,0,0,27000,-27000,-27000
04853P,易華電永豐94售03,0,0,0,0,0,0,0,0,0,-27000,0,0,0,0,27000,-27000,-27000
04450P,京元電凱基94售01,0,0,0,0,0,0,0,0,0,-27000,0,0,0,1000,28000,-27000,-27000
051789,嘉澤國票96購01  ,0,0,0,0,0,0,0,0,0,-27000,0,0,0,0,27000,-27000,-27000
049904,矽力元富94購01  ,0,0,0,0,0,0,0,0,0,-27000,0,0,0,100000,127000,-27000,-27000
051319,光磊國票96購02  ,0,0,0,0,0,0,0,0,0,-27000,0,0,0,0,27000,-27000,-27000
053585,友達元大9C購03  ,0,0,0,0,0,0,0,0,0,-27000,0,0,0,53000,80000,-27000,-27000
054877,百和群益98購01  ,0,0,0,0,0,0,0,0,0,-27000,0,0,0,7000,34000,-27000,-27000
054704,玉晶光第一97購01,0,0,0,0,0,0,0,0,0,-27000,0,0,0,94000,121000,-27000,-27000
4526,東台            ,2000,29000,-27000,0,0,0,0,0,0,0,0,0,0,0,0,0,-27000
06296P,燿華元大98售01  ,0,0,0,0,0,0,0,0,0,-27000,0,0,0,33000,60000,-27000,-27000
3454,晶睿            ,17000,44000,-27000,0,0,0,0,0,0,0,0,0,0,0,0,0,-27000
056160,智易凱基97購03  ,0,200000,-200000,0,0,0,0,0,0,172000,0,0,0,311000,139000,172000,-28000
056695,景碩群益99購01  ,0,0,0,0,0,0,0,0,0,-28000,0,0,0,24000,52000,-28000,-28000
05799P,臺股指群益96售13,0,0,0,0,0,0,0,0,0,-28000,0,0,0,27000,55000,-28000,-28000
057668,華新科元大9A購01,0,0,0,0,0,0,0,0,0,-28000,0,0,0,43000,71000,-28000,-28000
057046,奇力新元大99購03,0,0,0,0,0,0,0,0,0,-28000,0,0,0,118000,146000,-28000,-28000
057235,亞光凱基98購04  ,0,0,0,0,0,0,0,0,0,-28000,0,0,0,9000,37000,-28000,-28000
04505P,佳世達元富96售03,0,0,0,0,0,0,0,0,0,-28000,0,0,0,0,28000,-28000,-28000
050168,緯創富邦95購01  ,0,0,0,0,0,0,0,0,0,-28000,0,0,0,2000,30000,-28000,-28000
047928,禾伸堂凱基93購04,0,0,0,0,0,0,0,0,0,-28000,0,0,0,10000,38000,-28000,-28000
047437,旺宏元大94購02  ,0,0,0,0,0,0,0,0,0,-28000,0,0,0,27000,55000,-28000,-28000
048699,嘉晶國票95購01  ,0,0,0,0,0,0,0,0,0,-28000,0,0,0,0,28000,-28000,-28000
04869P,鴻海元富95售02  ,0,0,0,0,0,0,0,0,0,-28000,0,0,0,20000,48000,-28000,-28000
046758,聯發科凱基93購05,0,0,0,0,0,0,0,0,0,-28000,0,0,0,0,28000,-28000,-28000
049293,友訊群益95購01  ,0,0,0,0,0,0,0,0,0,-28000,0,0,0,20000,48000,-28000,-28000
053333,新唐永豐96購01  ,0,0,0,0,0,0,0,0,0,-28000,0,0,0,20000,48000,-28000,-28000
049689,正崴元大94購02  ,0,0,0,0,0,0,0,0,0,-28000,0,0,0,40000,68000,-28000,-28000
052099,臺股指富邦95購02,0,0,0,0,0,0,0,0,0,-28000,0,0,0,0,28000,-28000,-28000
05189P,新光金凱基97售02,0,0,0,0,0,0,0,0,0,-28000,0,0,0,0,28000,-28000,-28000
049277,臺股指元大94購12,0,0,0,0,0,0,0,0,0,-28000,0,0,0,2000,30000,-28000,-28000
052029,矽力群益95購02  ,0,0,0,0,0,0,0,0,0,-28000,0,0,0,0,28000,-28000,-28000
050843,富邦金國票96購01,0,0,0,0,0,0,0,0,0,-28000,0,0,0,30000,58000,-28000,-28000
054401,康普永豐96購01  ,0,0,0,0,0,0,0,0,0,-28000,0,0,0,5000,33000,-28000,-28000
055445,旺宏統一99購01  ,0,0,0,0,0,0,0,0,0,-28000,0,0,0,154000,182000,-28000,-28000
055299,康友元大97購02  ,0,0,0,0,0,0,0,0,0,-28000,0,0,0,66000,94000,-28000,-28000
055315,晶技麥證97購01  ,0,0,0,2000,30000,-28000,0,0,0,-28000,0,0,0,2000,30000,-28000,-28000
053737,華新科麥證96購01,0,0,0,32000,60000,-28000,0,0,0,-28000,0,0,0,32000,60000,-28000,-28000
053942,超眾國泰96購02  ,0,0,0,0,0,0,0,0,0,-28000,0,0,0,82000,110000,-28000,-28000
053249,致伸國票97購02  ,0,0,0,0,0,0,0,0,0,-28000,0,0,0,10000,38000,-28000,-28000
052952,矽創國票97購02  ,0,0,0,0,0,0,0,0,0,-28000,0,0,0,14000,42000,-28000,-28000
1532,勤美            ,28000,55000,-27000,0,0,0,0,0,0,-1000,0,1000,-1000,0,0,0,-28000
1603,華電            ,4000,31000,-27000,0,0,0,0,0,0,-1000,0,1000,-1000,0,0,0,-28000
06169P,華新科元富97售02,0,0,0,0,0,0,0,0,0,-28000,0,0,0,6000,34000,-28000,-28000
8114,振樺電          ,5000,33000,-28000,0,0,0,0,0,0,0,0,0,0,0,0,0,-28000
057270,遠東新元大98購01,0,0,0,0,0,0,0,0,0,-29000,0,0,0,0,29000,-29000,-29000
056924,亞光兆豐98購01  ,0,0,0,0,0,0,0,0,0,-29000,0,0,0,44000,73000,-29000,-29000
057469,康友永豐98購02  ,0,0,0,0,0,0,0,0,0,-29000,0,0,0,20000,49000,-29000,-29000
056566,臻鼎群益98購01  ,0,0,0,0,0,0,0,0,0,-29000,0,0,0,63000,92000,-29000,-29000
055863,緯穎元大97購05  ,0,0,0,0,0,0,0,0,0,-29000,0,0,0,414000,443000,-29000,-29000
047115,可成元大93購06  ,0,0,0,0,0,0,0,0,0,-29000,0,0,0,0,29000,-29000,-29000
048145,大立光統一93購10,0,0,0,0,0,0,0,0,0,-29000,0,0,0,0,29000,-29000,-29000
04893P,創意元大94售03  ,0,0,0,0,0,0,0,0,0,-29000,0,0,0,0,29000,-29000,-29000
044996,嘉晶國泰95購01  ,0,0,0,0,0,0,0,0,0,-29000,0,0,0,36000,65000,-29000,-29000
043784,鴻海凱基94購01  ,0,0,0,0,0,0,0,0,0,-29000,0,0,0,11000,40000,-29000,-29000
00731,FH富時高息低波  ,0,0,0,0,0,0,0,0,0,-29000,0,0,0,78000,107000,-29000,-29000
00771,元大US高息特別股,0,0,0,0,0,0,0,0,0,-29000,0,0,0,2000,31000,-29000,-29000
03162P,泰碩元大01售02  ,0,0,0,0,0,0,0,0,0,-29000,0,0,0,1000,30000,-29000,-29000
050220,台積電元富96購01,0,0,0,0,0,0,0,0,0,-29000,0,0,0,5000,34000,-29000,-29000
04916P,大立光永昌96售02,0,0,0,0,0,0,0,0,0,-29000,0,0,0,0,29000,-29000,-29000
05058P,燿華國票97售01  ,0,0,0,0,0,0,0,0,0,-29000,0,0,0,0,29000,-29000,-29000
052864,奇力新凱基96購02,0,0,0,0,0,0,0,0,0,-29000,0,0,0,8000,37000,-29000,-29000
4190,佐登-KY         ,34000,46000,-12000,0,0,0,0,0,0,-17000,1000,1000,0,0,17000,-17000,-29000
06360P,台積電群益97售05,0,0,0,0,0,0,0,0,0,-29000,0,0,0,0,29000,-29000,-29000
06386P,欣興永豐97售03  ,0,0,0,0,0,0,0,0,0,-29000,0,0,0,10000,39000,-29000,-29000
055867,臺股指元大97購05,0,0,0,0,0,0,0,0,0,-30000,0,0,0,0,30000,-30000,-30000
055872,亞泥元富97購01  ,0,0,0,0,0,0,0,0,0,-30000,0,0,0,20000,50000,-30000,-30000
055956,瑞昱元大97購05  ,0,0,0,0,0,0,0,0,0,-30000,0,0,0,0,30000,-30000,-30000
056123,鈺齊群益97購01  ,0,0,0,0,0,0,0,0,0,-30000,0,0,0,0,30000,-30000,-30000
056127,致新國票98購02  ,0,0,0,0,0,0,0,0,0,-30000,0,0,0,0,30000,-30000,-30000
055651,富邦金元富97購01,0,0,0,0,0,0,0,0,0,-30000,0,0,0,20000,50000,-30000,-30000
05570P,聯發科統一96售04,0,0,0,0,0,0,0,0,0,-30000,0,0,0,45000,75000,-30000,-30000
055681,奇鋐凱基98購03  ,0,0,0,0,0,0,0,0,0,-30000,0,0,0,10000,40000,-30000,-30000
055798,聯茂富邦98購01  ,0,0,0,0,0,0,0,0,0,-30000,0,0,0,0,30000,-30000,-30000
055793,臺股指凱基97購16,0,0,0,0,0,0,0,0,0,-30000,0,0,0,0,30000,-30000,-30000
055777,冠德凱基97購01  ,0,0,0,0,0,0,0,0,0,-30000,0,0,0,0,30000,-30000,-30000
056548,瀚宇博凱基98購02,0,0,0,0,0,0,0,0,0,-30000,0,0,0,0,30000,-30000,-30000
056591,S&P正2元富9A購01,0,0,0,0,0,0,0,0,0,-30000,0,0,0,0,30000,-30000,-30000
056687,元大金統一98購01,0,0,0,0,0,0,0,0,0,-30000,0,0,0,0,30000,-30000,-30000
05663P,創意元富96售04  ,0,0,0,0,0,0,0,0,0,-30000,0,0,0,92000,122000,-30000,-30000
056199,美律永豐97購01  ,0,0,0,0,0,0,0,0,0,-30000,0,0,0,7000,37000,-30000,-30000
056283,鴻海永豐97購03  ,0,0,0,0,0,0,0,0,0,-30000,0,0,0,0,30000,-30000,-30000
056400,道瓊反群益9C購01,0,0,0,0,0,0,0,0,0,-30000,0,0,0,15000,45000,-30000,-30000
057476,國巨元大98購19  ,0,0,0,0,0,0,0,0,0,-30000,0,0,0,4000,34000,-30000,-30000
057541,台灣50康和9A購04,0,0,0,0,0,0,0,0,0,-30000,0,0,0,0,30000,-30000,-30000
057669,嘉晶元大99購03  ,0,0,0,0,0,0,0,0,0,-30000,0,0,0,190000,220000,-30000,-30000
05790P,臺股指永昌96售07,0,0,0,0,0,0,0,0,0,-30000,130000,0,130000,190000,350000,-160000,-30000
06014P,聯發科富邦97售02,0,0,0,0,0,0,0,0,0,-30000,0,0,0,936000,966000,-30000,-30000
06001P,樺漢台新96售01  ,0,0,0,0,0,0,0,0,0,-30000,0,0,0,0,30000,-30000,-30000
056925,群創兆豐98購03  ,0,0,0,0,0,0,0,0,0,-30000,0,0,0,0,30000,-30000,-30000
05689P,滬深2X中信97售02,0,0,0,0,0,0,0,0,0,-30000,0,0,0,0,30000,-30000,-30000
056866,矽創群益98購03  ,0,0,0,0,0,0,0,0,0,-30000,0,0,0,0,30000,-30000,-30000
057033,A50反1元大9B購02,0,0,0,0,0,0,0,0,0,-30000,0,0,0,0,30000,-30000,-30000
057312,美律麥證98購01  ,0,0,0,0,30000,-30000,0,0,0,-30000,0,0,0,0,30000,-30000,-30000
057234,宏達電凱基98購05,0,0,0,0,0,0,0,0,0,-30000,0,0,0,31000,61000,-30000,-30000
057202,TPK元富98購02   ,0,0,0,0,0,0,0,0,0,-30000,0,0,0,10000,40000,-30000,-30000
043916,群創凱基93購01  ,0,0,0,0,0,0,0,0,0,-30000,0,0,0,0,30000,-30000,-30000
046242,大立光中信93購02,0,0,0,0,0,0,0,0,0,-30000,0,0,0,0,30000,-30000,-30000
04617P,臺股指群益95售03,0,0,0,0,0,0,0,0,0,-30000,0,0,0,20000,50000,-30000,-30000
04421P,玉晶光永豐94售02,0,0,0,0,0,0,0,0,0,-30000,0,0,0,20000,50000,-30000,-30000
043970,為升富邦94購01  ,0,0,0,0,0,0,0,0,0,-30000,0,0,0,0,30000,-30000,-30000
04404P,玉晶光國票94售01,0,0,0,0,0,0,0,0,0,-30000,0,0,0,0,30000,-30000,-30000
044466,和大群益93購01  ,0,0,0,0,0,0,0,0,0,-30000,0,0,0,10000,40000,-30000,-30000
04452P,超眾國泰95售01  ,0,0,0,0,0,0,0,0,0,-30000,0,0,0,0,30000,-30000,-30000
046571,瑞昱國泰93購01  ,0,0,0,0,0,0,0,0,0,-30000,0,0,0,0,30000,-30000,-30000
046597,可成亞東93購01  ,0,0,0,0,0,0,0,0,0,-30000,0,0,0,0,30000,-30000,-30000
045454,上銀元大93購01  ,0,0,0,0,0,0,0,0,0,-30000,0,0,0,0,30000,-30000,-30000
047789,景碩群益93購01  ,0,0,0,0,0,0,0,0,0,-30000,0,0,0,20000,50000,-30000,-30000
048644,華固元大93購01  ,0,0,0,0,0,0,0,0,0,-30000,0,0,0,0,30000,-30000,-30000
049014,台達電群益94購02,0,0,0,0,0,0,0,0,0,-30000,0,0,0,0,30000,-30000,-30000
048999,康普國票95購01  ,0,0,0,0,0,0,0,0,0,-30000,0,0,0,0,30000,-30000,-30000
048051,大立光中信94購03,0,0,0,0,0,0,0,0,0,-30000,0,0,0,0,30000,-30000,-30000
048052,力成中信93購01  ,0,0,0,0,0,0,0,0,0,-30000,0,0,0,0,30000,-30000,-30000
048058,大立光國泰95購01,0,0,0,0,0,0,0,0,0,-30000,0,0,0,0,30000,-30000,-30000
049413,台達電凱基94購06,0,0,0,0,0,0,0,0,0,-30000,0,0,0,0,30000,-30000,-30000
049434,茂林國票95購01  ,0,0,0,0,0,0,0,0,0,-30000,0,0,0,0,30000,-30000,-30000
05221P,玉晶光元大95售04,0,0,0,0,0,0,0,0,0,-30000,0,0,0,0,30000,-30000,-30000
052305,GIS永豐95購03   ,0,0,0,0,0,0,0,0,0,-30000,0,0,0,65000,95000,-30000,-30000
048162,矽力麥證93購01  ,0,0,0,0,40000,-40000,0,0,0,-30000,0,0,0,10000,40000,-30000,-30000
048822,燿華凱基94購03  ,0,0,0,0,0,0,0,0,0,-30000,0,0,0,0,30000,-30000,-30000
047140,滬深2X兆豐94購01,0,0,0,0,0,0,0,0,0,-30000,0,0,0,0,30000,-30000,-30000
047289,啟碁統一97購01  ,0,0,0,0,0,0,0,0,0,-30000,0,0,0,0,30000,-30000,-30000
050564,臻鼎元富94購08  ,0,0,0,0,0,0,0,0,0,-30000,0,0,0,0,30000,-30000,-30000
050550,大立光凱基95購04,0,0,0,0,0,0,0,0,0,-30000,0,0,0,0,30000,-30000,-30000
052399,台光電凱基95購03,0,0,0,0,0,0,0,0,0,-30000,0,0,0,25000,55000,-30000,-30000
052497,楠梓電永豐96購01,0,0,0,0,0,0,0,0,0,-30000,0,0,0,0,30000,-30000,-30000
053342,全新國票99購01  ,0,0,0,0,0,0,0,0,0,-30000,0,0,0,85000,115000,-30000,-30000
052669,群創群益98購06  ,0,0,0,0,0,0,0,0,0,-30000,0,0,0,90000,120000,-30000,-30000
049192,元油2X永豐96購02,0,0,0,0,0,0,0,0,0,-30000,0,0,0,0,30000,-30000,-30000
050519,旺宏元大95購03  ,0,0,0,0,0,0,0,0,0,-30000,0,0,0,51000,81000,-30000,-30000
051914,健策元大96購06  ,0,0,0,0,0,0,0,0,0,-30000,0,0,0,20000,50000,-30000,-30000
051853,京元電亞東95購01,0,0,0,0,0,0,0,0,0,-30000,0,0,0,0,30000,-30000,-30000
051649,中磊永豐95購02  ,0,0,0,0,0,0,0,0,0,-30000,0,0,0,0,30000,-30000,-30000
051396,健鼎兆豐95購01  ,0,0,0,0,0,0,0,0,0,-30000,0,0,0,0,30000,-30000,-30000
052145,京元電群益95購02,0,0,0,0,0,0,0,0,0,-30000,0,0,0,0,30000,-30000,-30000
049672,臺股指富邦94購01,0,0,0,0,0,0,0,0,0,-30000,0,0,0,0,30000,-30000,-30000
050384,嘉澤國票94購02  ,0,0,0,0,0,0,0,0,0,-30000,0,0,0,0,30000,-30000,-30000
050246,大立光凱基94購13,0,0,0,0,0,0,0,0,0,-30000,0,0,0,0,30000,-30000,-30000
050200,致新元大94購01  ,0,0,0,0,0,0,0,0,0,-30000,0,0,0,0,30000,-30000,-30000
051017,聯發科凱基95購04,0,0,0,0,0,0,0,0,0,-30000,0,0,0,0,30000,-30000,-30000
049808,聯詠元大94購03  ,0,0,0,0,0,0,0,0,0,-30000,0,0,0,0,30000,-30000,-30000
049770,康控元富95購01  ,0,0,0,0,0,0,0,0,0,-30000,0,0,0,40000,70000,-30000,-30000
050319,康控國票95購04  ,0,0,0,0,0,0,0,0,0,-30000,0,0,0,0,30000,-30000,-30000
050928,日月光凱基95購01,0,0,0,0,0,0,0,0,0,-30000,0,0,0,0,30000,-30000,-30000
051796,和碩康和95購01  ,0,0,0,0,0,0,0,0,0,-30000,0,0,0,0,30000,-30000,-30000
051438,喬山元大95購03  ,0,0,0,0,0,0,0,0,0,-30000,0,0,0,10000,40000,-30000,-30000
050676,道瓊銀統一96購02,0,0,0,0,0,0,0,0,0,-30000,0,0,0,0,30000,-30000,-30000
051491,貿聯凱基95購01  ,0,0,0,0,0,0,0,0,0,-30000,0,0,0,40000,70000,-30000,-30000
051603,深中小群益99購03,0,0,0,0,0,0,0,0,0,-30000,0,0,0,0,30000,-30000,-30000
052884,台積電兆豐96購01,0,0,0,0,0,0,0,0,0,-30000,0,0,0,250000,280000,-30000,-30000
052919,鈺齊富邦98購01  ,0,0,0,0,0,0,0,0,0,-30000,0,0,0,0,30000,-30000,-30000
053017,世紀鋼統一96購02,0,0,0,0,0,0,0,0,0,-30000,0,0,0,30000,60000,-30000,-30000
053150,聯發科元大96購11,0,0,0,0,0,0,0,0,0,-30000,0,0,0,10000,40000,-30000,-30000
053046,智易中信96購01  ,0,10000,-10000,0,0,0,0,0,0,-20000,0,0,0,10000,30000,-20000,-30000
05307P,光寶科中信95售01,0,0,0,0,0,0,0,0,0,-30000,0,0,0,195000,225000,-30000,-30000
053495,聯發科兆豐96購02,0,0,0,0,0,0,0,0,0,-30000,0,0,0,0,30000,-30000,-30000
053487,台泥兆豐97購01  ,0,0,0,0,0,0,0,0,0,-30000,0,0,0,5000,35000,-30000,-30000
053389,彩晶元大98購01  ,0,0,0,0,0,0,0,0,0,-30000,0,0,0,30000,60000,-30000,-30000
054191,香港2X中信98購01,0,0,0,0,0,0,0,0,0,-30000,0,0,0,0,30000,-30000,-30000
053873,力成元大96購03  ,0,0,0,0,0,0,0,0,0,-30000,0,0,0,20000,50000,-30000,-30000
053575,聯詠元富96購01  ,0,0,0,0,0,0,0,0,0,-30000,0,0,0,90000,120000,-30000,-30000
055506,台郡元大99購02  ,0,0,0,0,0,0,0,0,0,-30000,0,0,0,0,30000,-30000,-30000
055209,勤誠康和97購01  ,0,0,0,0,0,0,0,0,0,-30000,0,0,0,0,30000,-30000,-30000
05514P,康舒永豐96售01  ,0,0,0,0,0,0,0,0,0,-30000,0,0,0,0,30000,-30000,-30000
054417,牧德元大96購01  ,0,0,0,0,0,0,0,0,0,-30000,0,0,0,0,30000,-30000,-30000
054246,國巨元大96購12  ,0,0,0,0,0,0,0,0,0,-30000,0,0,0,53000,83000,-30000,-30000
05469P,台積電元大95售24,0,0,0,0,0,0,0,0,0,-30000,0,0,0,901000,931000,-30000,-30000
054666,強茂元富97購01  ,0,0,0,0,0,0,0,0,0,-30000,0,0,0,0,30000,-30000,-30000
054605,鴻海永豐97購01  ,0,0,0,0,0,0,0,0,0,-30000,0,0,0,0,30000,-30000,-30000
054642,訊芯中信9A購01  ,0,0,0,0,0,0,0,0,0,-30000,0,0,0,0,30000,-30000,-30000
054879,大成鋼統一97購01,0,0,0,0,0,0,0,0,0,-30000,0,0,0,10000,40000,-30000,-30000
054854,台積電麥證97購01,0,0,0,0,30000,-30000,0,0,0,-30000,0,0,0,0,30000,-30000,-30000
054764,亞光國票98購01  ,0,0,0,0,0,0,0,0,0,-30000,0,0,0,0,30000,-30000,-30000
06374P,台表科元大97售06,0,0,0,0,0,0,0,0,0,-30000,0,0,0,0,30000,-30000,-30000
06200P,聯發科元大97售18,0,0,0,0,0,0,0,0,0,-30000,0,0,0,0,30000,-30000,-30000
06544P,鴻海元大98售09  ,0,0,0,0,0,0,0,0,0,-30000,0,0,0,98000,128000,-30000,-30000
06724P,台灣50國票98售01,0,0,0,0,0,0,0,0,0,-30000,0,0,0,37000,67000,-30000,-30000
2028,威致            ,0,30000,-30000,0,0,0,0,0,0,0,0,0,0,0,0,0,-30000
2514,龍邦            ,2000,34000,-32000,0,0,0,0,0,0,2000,2000,0,2000,0,0,0,-30000
2705,六福            ,0,30000,-30000,0,0,0,0,0,0,0,0,0,0,0,0,0,-30000
057269,鈺齊兆豐98購01  ,0,0,0,0,0,0,0,0,0,-31000,0,0,0,89000,120000,-31000,-31000
057390,台表科永豐98購01,0,0,0,0,0,0,0,0,0,-31000,0,0,0,0,31000,-31000,-31000
057059,易華電元大99購01,0,0,0,0,0,0,0,0,0,-31000,0,0,0,0,31000,-31000,-31000
056916,台達電兆豐98購02,0,0,0,0,0,0,0,0,0,-31000,0,0,0,73000,104000,-31000,-31000
057831,聯發科元富02購04,0,0,0,0,0,0,0,0,0,-31000,0,0,0,0,31000,-31000,-31000
05856P,A50正2中信99售01,0,0,0,0,0,0,0,0,0,-31000,0,0,0,5000,36000,-31000,-31000
056602,嘉澤國泰99購01  ,0,0,0,0,0,0,0,0,0,-31000,0,0,0,20000,51000,-31000,-31000
056532,技嘉凱基98購01  ,0,0,0,0,0,0,0,0,0,-31000,0,0,0,200000,231000,-31000,-31000
056538,國泰金凱基98購01,0,0,0,0,0,0,0,0,0,-31000,0,0,0,19000,50000,-31000,-31000
05575P,玉晶光元富96售01,0,0,0,0,0,0,0,0,0,-31000,0,0,0,0,31000,-31000,-31000
048864,昇陽半群益94購01,0,0,0,0,0,0,0,0,0,-31000,0,0,0,60000,91000,-31000,-31000
04838P,宏達電元大95售02,0,0,0,0,0,0,0,0,0,-31000,0,0,0,0,31000,-31000,-31000
04903P,全新永豐94售05  ,0,0,0,0,0,0,0,0,0,-31000,0,0,0,43000,74000,-31000,-31000
04772P,欣興元大94售08  ,0,0,0,0,0,0,0,0,0,-31000,0,0,0,9000,40000,-31000,-31000
051175,國巨凱基95購04  ,0,0,0,0,0,0,0,0,0,-31000,0,0,0,72000,103000,-31000,-31000
050346,康友元富94購03  ,0,0,0,0,0,0,0,0,0,-31000,0,0,0,0,31000,-31000,-31000
049828,華新科凱基94購06,0,0,0,0,0,0,0,0,0,-31000,0,0,0,10000,41000,-31000,-31000
052109,可成元富95購01  ,0,0,0,0,0,0,0,0,0,-31000,0,0,0,10000,41000,-31000,-31000
05047P,強茂永豐95售02  ,0,0,0,0,0,0,0,0,0,-31000,0,0,0,19000,50000,-31000,-31000
052375,奇力新元大96購02,0,0,0,0,0,0,0,0,0,-31000,0,0,0,15000,46000,-31000,-31000
054638,國泰金中信99購01,0,0,0,0,0,0,0,0,0,-31000,0,0,0,17000,48000,-31000,-31000
054687,建準永豐97購02  ,0,0,0,0,0,0,0,0,0,-31000,0,0,0,20000,51000,-31000,-31000
054477,聯發科中信9C購02,0,0,0,0,0,0,0,0,0,-31000,0,0,0,0,31000,-31000,-31000
055440,矽力國票98購01  ,0,0,0,0,0,0,0,0,0,-31000,0,0,0,2000,33000,-31000,-31000
055307,瑞昱群益97購02  ,0,0,0,0,0,0,0,0,0,-31000,0,0,0,64000,95000,-31000,-31000
053579,華通元大97購01  ,0,0,0,0,0,0,0,0,0,-31000,0,0,0,0,31000,-31000,-31000
054212,聯詠國票97購03  ,0,0,0,0,0,0,0,0,0,-31000,0,0,0,45000,76000,-31000,-31000
054094,創意群益96購02  ,0,0,0,0,0,0,0,0,0,-31000,0,0,0,0,31000,-31000,-31000
053968,華邦電元大97購01,0,0,0,0,0,0,0,0,0,-31000,0,0,0,31000,62000,-31000,-31000
053378,台積電元大98購02,0,0,0,0,0,0,0,0,0,-31000,0,0,0,102000,133000,-31000,-31000
2816,旺旺保          ,7000,38000,-31000,0,0,0,0,0,0,0,0,0,0,0,0,0,-31000
6226,光鼎            ,15000,46000,-31000,0,0,0,0,0,0,0,0,0,0,0,0,0,-31000
055537,康友群益97購03  ,0,0,0,0,0,0,0,0,0,-32000,0,0,0,34000,66000,-32000,-32000
056017,台積電群益97購04,0,0,0,0,0,0,0,0,0,-32000,0,0,0,612000,644000,-32000,-32000
05628P,茂林國票97售02  ,0,0,0,0,0,0,0,0,0,-32000,0,0,0,10000,42000,-32000,-32000
057751,神達國票99購02  ,0,0,0,0,0,0,0,0,0,-32000,0,0,0,1000,33000,-32000,-32000
057594,宏達電兆豐99購01,0,0,0,0,0,0,0,0,0,-32000,0,0,0,84000,116000,-32000,-32000
057557,聯茂凱基99購04  ,0,0,0,0,0,0,0,0,0,-32000,0,0,0,66000,98000,-32000,-32000
057002,友達國票98購01  ,0,0,0,0,0,0,0,0,0,-32000,0,0,0,39000,71000,-32000,-32000
057386,聯發科永豐98購04,0,0,0,0,0,0,0,0,0,-32000,0,0,0,257000,289000,-32000,-32000
04784P,超眾元富94售01  ,0,0,0,0,0,0,0,0,0,-32000,0,0,0,0,32000,-32000,-32000
04213P,台光電凱基93售11,0,0,0,0,0,0,0,0,0,-32000,0,0,0,6000,38000,-32000,-32000
052211,台積電元大95購22,0,0,0,0,0,0,0,0,0,-32000,0,0,0,169000,201000,-32000,-32000
050460,GIS元大95購03   ,0,0,0,0,0,0,0,0,0,-32000,0,0,0,12000,44000,-32000,-32000
051234,南電群益95購02  ,0,0,0,0,0,0,0,0,0,-32000,0,0,0,122000,154000,-32000,-32000
051594,和碩元大96購01  ,0,0,0,0,0,0,0,0,0,-32000,0,0,0,68000,100000,-32000,-32000
050791,聯發科富邦96購01,0,0,0,0,0,0,0,0,0,-32000,0,0,0,0,32000,-32000,-32000
053293,聯發科中信9B購01,0,0,0,0,0,0,0,0,0,-32000,0,0,0,0,32000,-32000,-32000
055098,臺股指群益97購01,0,0,0,0,0,0,0,0,0,-32000,0,0,0,0,32000,-32000,-32000
055185,晶相光統一97購01,0,0,0,0,0,0,0,0,0,-32000,0,0,0,28000,60000,-32000,-32000
4916,事欣科          ,2000,34000,-32000,0,0,0,0,0,0,0,1000,1000,0,0,0,0,-32000
4952,凌通            ,13000,45000,-32000,0,0,0,0,0,0,0,0,0,0,0,0,0,-32000
1711,永光            ,58000,90000,-32000,0,0,0,0,0,0,0,0,0,0,0,0,0,-32000
06757P,台灣50元大9B售01,0,0,0,0,0,0,0,0,0,-32000,0,0,0,30000,62000,-32000,-32000
057277,可成元大98購05  ,0,0,0,0,0,0,0,0,0,-33000,0,0,0,5000,38000,-33000,-33000
057318,台光電凱基9A購01,0,0,0,0,0,0,0,0,0,-33000,0,0,0,22000,55000,-33000,-33000
057106,美律群益98購03  ,0,0,0,0,0,0,0,0,0,-33000,0,0,0,8000,41000,-33000,-33000
057621,崇越凱基98購01  ,0,0,0,0,0,0,0,0,0,-33000,0,0,0,0,33000,-33000,-33000
05857P,旺宏中信98售02  ,0,0,0,0,0,0,0,0,0,-33000,0,0,0,8000,41000,-33000,-33000
056623,禾伸堂永豐98購01,0,0,0,0,0,0,0,0,0,-33000,0,0,0,29000,62000,-33000,-33000
056696,茂林群益98購02  ,0,0,0,0,0,0,0,0,0,-33000,0,0,0,92000,125000,-33000,-33000
05586P,臺股指凱基96售15,0,0,0,0,0,0,0,0,0,-33000,0,0,0,187000,220000,-33000,-33000
05553P,智原群益96售01  ,0,0,0,0,0,0,0,0,0,-33000,0,0,0,0,33000,-33000,-33000
055522,道瓊反群益01購01,0,0,0,0,0,0,0,0,0,-33000,0,0,0,5000,38000,-33000,-33000
055562,欣興凱基97購06  ,0,0,0,0,0,0,0,0,0,-33000,0,0,0,0,33000,-33000,-33000
052361,大成鋼國票96購01,0,0,0,0,0,0,0,0,0,-33000,0,0,0,0,33000,-33000,-33000
048937,玉晶光永豐95購01,0,0,0,0,0,0,0,0,0,-33000,0,0,0,550000,583000,-33000,-33000
047117,禾伸堂元大93購02,0,0,0,0,0,0,0,0,0,-33000,0,0,0,0,33000,-33000,-33000
00665L,富邦恒生國企正2 ,0,31000,-31000,0,0,0,0,0,0,-2000,0,0,0,39000,41000,-2000,-33000
047588,大立光永豐94購01,0,0,0,0,0,0,0,0,0,-33000,0,0,0,0,33000,-33000,-33000
046639,嘉晶永豐93購01  ,0,0,0,0,0,0,0,0,0,-33000,0,0,0,5000,38000,-33000,-33000
050825,嘉澤凱基95購01  ,0,0,0,0,0,0,0,0,0,-33000,0,0,0,0,33000,-33000,-33000
050955,達方群益97購01  ,0,0,0,0,0,0,0,0,0,-33000,0,0,0,0,33000,-33000,-33000
051063,台郡群益95購01  ,0,0,0,0,0,0,0,0,0,-33000,0,0,0,70000,103000,-33000,-33000
049917,華新科元大94購02,0,0,0,0,0,0,0,0,0,-33000,0,0,0,19000,52000,-33000,-33000
049911,智邦元大94購05  ,0,0,0,0,0,0,0,0,0,-33000,0,0,0,56000,89000,-33000,-33000
052660,京元電國票97購01,0,0,0,0,0,0,0,0,0,-33000,0,0,0,0,33000,-33000,-33000
054785,建準群益98購01  ,0,0,0,0,0,0,0,0,0,-33000,0,0,0,0,33000,-33000,-33000
052876,GIS凱基96購03   ,0,0,0,0,0,0,0,0,0,-33000,0,0,0,28000,61000,-33000,-33000
053993,旺宏群益98購02  ,0,0,0,0,0,0,0,0,0,-33000,0,0,0,60000,93000,-33000,-33000
053979,健策元大98購01  ,0,0,0,0,0,0,0,0,0,-33000,0,0,0,36000,69000,-33000,-33000
054166,日電貿凱基98購01,0,0,0,0,0,0,0,0,0,-33000,0,0,0,5000,38000,-33000,-33000
9905,大華            ,4000,37000,-33000,0,0,0,0,0,0,0,0,0,0,0,0,0,-33000
05881P,彩晶康和96售01  ,0,0,0,0,0,0,0,0,0,-34000,0,0,0,0,34000,-34000,-34000
057611,技嘉元富98購02  ,0,0,0,0,0,0,0,0,0,-34000,0,0,0,18000,52000,-34000,-34000
057200,技嘉元富98購01  ,0,0,0,0,0,0,0,0,0,-34000,0,0,0,73000,107000,-34000,-34000
057370,可成元大98購07  ,0,0,0,0,0,0,0,0,0,-34000,0,0,0,35000,69000,-34000,-34000
056995,華新科日盛99購01,0,0,0,0,0,0,0,0,0,-34000,0,0,0,50000,84000,-34000,-34000
057008,華新科中信99購02,0,0,0,0,0,0,0,0,0,-34000,0,0,0,30000,64000,-34000,-34000
00763U,街口道瓊銅      ,0,0,0,0,0,0,0,0,0,-34000,0,0,0,0,34000,-34000,-34000
04164P,滬深2X元富93售03,0,0,0,0,0,0,0,0,0,-34000,0,0,0,5000,39000,-34000,-34000
03644C,臺股指元大94牛28,0,0,0,0,0,0,0,0,0,-34000,0,0,0,5000,39000,-34000,-34000
048345,緯創元大94購01  ,0,0,0,0,0,0,0,0,0,-34000,0,0,0,0,34000,-34000,-34000
05012P,台積電元大95售07,0,0,0,0,0,0,0,0,0,-34000,0,0,0,0,34000,-34000,-34000
051004,台新金中信95購02,0,0,0,0,0,0,0,0,0,-34000,0,0,0,130000,164000,-34000,-34000
053656,可成凱基96購06  ,0,0,0,0,0,0,0,0,0,-34000,0,0,0,92000,126000,-34000,-34000
054556,世芯凱基99購01  ,0,0,0,0,0,0,0,0,0,-34000,0,0,0,23000,57000,-34000,-34000
054313,麗豐凱基96購02  ,0,0,0,0,0,0,0,0,0,-34000,0,0,0,0,34000,-34000,-34000
055446,奇力新統一9A購01,0,0,0,0,0,0,0,0,0,-34000,0,0,0,216000,250000,-34000,-34000
4989,榮科            ,3000,37000,-34000,0,0,0,0,0,0,0,0,0,0,0,0,0,-34000
1307,三芳            ,2000,36000,-34000,0,0,0,0,0,0,0,0,0,0,0,0,0,-34000
2472,立隆電          ,10000,45000,-35000,0,0,0,0,0,0,1000,1000,0,1000,0,0,0,-34000
057433,上銀國票98購04  ,0,0,0,0,0,0,0,0,0,-35000,0,0,0,55000,90000,-35000,-35000
055810,T50反1國票99購01,0,0,0,0,0,0,0,0,0,-35000,0,0,0,0,35000,-35000,-35000
048108,鴻海群益93購07  ,0,0,0,0,0,0,0,0,0,-35000,0,0,0,36000,71000,-35000,-35000
049423,臺股指凱基95購02,0,0,0,0,0,0,0,0,0,-35000,0,0,0,42000,77000,-35000,-35000
047232,禾伸堂凱基93購02,0,0,0,0,0,0,0,0,0,-35000,0,0,0,0,35000,-35000,-35000
03253P,台灣50國泰03售02,0,0,0,0,0,0,0,0,0,-35000,0,0,0,45000,80000,-35000,-35000
044995,大立光國泰94購01,0,0,0,0,0,0,0,0,0,-35000,0,0,0,65000,100000,-35000,-35000
050939,健鼎國票96購01  ,0,0,0,0,0,0,0,0,0,-35000,0,0,0,0,35000,-35000,-35000
050895,聯發科元大97購01,0,0,0,0,0,0,0,0,0,-35000,0,0,0,50000,85000,-35000,-35000
051489,世芯凱基95購01  ,0,0,0,0,0,0,0,0,0,-35000,0,0,0,97000,132000,-35000,-35000
051182,旺宏永豐95購01  ,0,0,0,0,0,0,0,0,0,-35000,0,0,0,73000,108000,-35000,-35000
052854,聯詠日盛96購01  ,0,0,0,0,0,0,0,0,0,-35000,0,0,0,0,35000,-35000,-35000
05200P,臺股指永豐95售03,0,0,0,0,0,0,0,0,0,-35000,0,0,0,0,35000,-35000,-35000
051233,力成群益97購01  ,0,0,0,0,0,0,0,0,0,-35000,0,0,0,15000,50000,-35000,-35000
049226,元石油富邦95購01,0,0,0,0,0,0,0,0,0,-35000,0,0,0,0,35000,-35000,-35000
049607,台積電兆豐94購04,0,0,0,0,0,0,0,0,0,-35000,0,0,0,35000,70000,-35000,-35000
051866,聯發科凱基96購05,0,0,0,0,0,0,0,0,0,-35000,0,0,0,130000,165000,-35000,-35000
055474,欣興凱基97購05  ,0,0,0,0,0,0,0,0,0,-35000,0,0,0,11000,46000,-35000,-35000
055151,台積電元大98購05,0,0,0,0,0,0,0,0,0,-35000,0,0,0,557000,592000,-35000,-35000
054949,奇力新元大98購01,0,0,0,0,0,0,0,0,0,-35000,0,0,0,32000,67000,-35000,-35000
054323,旺宏台新96購02  ,0,0,0,0,0,0,0,0,0,-35000,0,0,0,0,35000,-35000,-35000
054723,鴻海日盛97購01  ,0,0,0,0,0,0,0,0,0,-35000,0,0,0,10000,45000,-35000,-35000
05412P,泰碩國票95售02  ,0,0,0,0,0,0,0,0,0,-35000,0,0,0,0,35000,-35000,-35000
053035,台表科兆豐97購01,0,0,0,0,0,0,0,0,0,-35000,0,0,0,100000,135000,-35000,-35000
053179,大立光統一96購04,0,0,0,0,0,0,0,0,0,-35000,0,0,0,85000,120000,-35000,-35000
05264P,微星元大95售02  ,0,0,0,0,0,0,0,0,0,-35000,0,0,0,0,35000,-35000,-35000
053430,樺漢永豐96購01  ,0,0,0,0,0,0,0,0,0,-35000,0,0,0,0,35000,-35000,-35000
053459,康控國泰97購01  ,0,0,0,0,0,0,0,0,0,-35000,0,0,0,0,35000,-35000,-35000
2227,裕日車          ,7000,42000,-35000,0,0,0,0,0,0,0,0,0,0,0,0,0,-35000
06539P,聯發科凱基98售12,0,0,0,0,0,0,0,0,0,-35000,0,0,0,0,35000,-35000,-35000
06501P,臺股指元大9A售06,0,0,0,0,0,0,0,0,0,-35000,0,0,0,40000,75000,-35000,-35000
055588,瑞昱元大97購03  ,0,0,0,0,0,0,0,0,0,-36000,0,0,0,72000,108000,-36000,-36000
056182,台光電統一97購03,0,0,0,0,0,0,0,0,0,-36000,0,0,0,70000,106000,-36000,-36000
056385,創意國泰99購01  ,0,0,0,0,0,0,0,0,0,-36000,0,0,0,0,36000,-36000,-36000
057422,欣興凱基98購04  ,0,0,0,0,0,0,0,0,0,-36000,0,0,0,0,36000,-36000,-36000
06011P,貿聯元富96售04  ,0,0,0,0,0,0,0,0,0,-36000,0,0,0,40000,76000,-36000,-36000
057393,台積電中信02購01,0,0,0,0,0,0,0,0,0,-36000,0,0,0,0,36000,-36000,-36000
044465,元油2X群益97購01,0,0,0,0,0,0,0,0,0,-36000,0,0,0,29000,65000,-36000,-36000
042326,元油2X國票94購01,0,0,0,0,0,0,0,0,0,-36000,0,0,0,0,36000,-36000,-36000
046268,嘉晶凱基93購02  ,0,0,0,0,0,0,0,0,0,-36000,0,0,0,128000,164000,-36000,-36000
052250,光磊永豐95購01  ,0,0,0,0,0,0,0,0,0,-36000,0,0,0,0,36000,-36000,-36000
050243,華新科凱基94購10,0,0,0,0,0,0,0,0,0,-36000,0,0,0,55000,91000,-36000,-36000
053247,麗豐國票97購01  ,0,0,0,0,0,0,0,0,0,-36000,0,0,0,0,36000,-36000,-36000
054035,聯詠麥證96購01  ,0,0,0,4000,40000,-36000,0,0,0,-36000,0,0,0,4000,40000,-36000,-36000
054733,鴻海凱基98購04  ,0,0,0,0,0,0,0,0,0,-36000,0,0,0,12000,48000,-36000,-36000
054555,欣興凱基98購01  ,0,0,0,0,0,0,0,0,0,-36000,0,0,0,11000,47000,-36000,-36000
054934,金寶元大97購01  ,0,0,0,0,0,0,0,0,0,-36000,0,0,0,34000,70000,-36000,-36000
1201,味全            ,335000,372000,-37000,0,0,0,0,0,0,1000,0,5000,-5000,15000,9000,6000,-36000
06414P,矽力凱基97售03  ,0,0,0,0,0,0,0,0,0,-36000,0,0,0,102000,138000,-36000,-36000
2233,宇隆            ,17000,53000,-36000,0,0,0,0,0,0,0,0,0,0,0,0,0,-36000
2351,順德            ,45000,76000,-31000,0,0,0,0,5000,-5000,0,0,0,0,0,0,0,-36000
2545,皇翔            ,17000,53000,-36000,0,0,0,0,0,0,0,0,0,0,0,0,0,-36000
06034P,世芯凱基96售03  ,0,0,0,0,0,0,0,0,0,-37000,0,0,0,77000,114000,-37000,-37000
056724,臻鼎中信9A購01  ,0,0,0,0,0,0,0,0,0,-37000,0,0,0,81000,118000,-37000,-37000
056043,力成凱基97購01  ,0,0,0,0,0,0,0,0,0,-37000,0,0,0,0,37000,-37000,-37000
049004,聯發科中信96購01,0,0,0,0,0,0,0,0,0,-37000,0,0,0,1000,38000,-37000,-37000
046854,可成元大93購04  ,0,0,0,0,0,0,0,0,0,-37000,0,0,0,0,37000,-37000,-37000
04187P,麗豐元富93售02  ,0,0,0,0,0,0,0,0,0,-37000,0,0,0,0,37000,-37000,-37000
051482,玉晶光凱基96購01,0,0,0,0,0,0,0,0,0,-37000,0,0,0,161000,198000,-37000,-37000
049324,臺股指凱基94購06,0,0,0,0,0,0,0,0,0,-37000,0,0,0,0,37000,-37000,-37000
052574,茂林凱基96購02  ,0,0,0,0,0,0,0,0,0,-37000,0,0,0,19000,56000,-37000,-37000
055248,可成統一97購02  ,0,0,0,0,0,0,0,0,0,-37000,0,0,0,20000,57000,-37000,-37000
054817,聯發科元大97購13,0,0,0,0,0,0,0,0,0,-37000,0,0,0,0,37000,-37000,-37000
05417P,燿華永豐95售07  ,0,0,0,0,0,0,0,0,0,-37000,0,0,0,0,37000,-37000,-37000
2442,新美齊          ,59000,96000,-37000,0,0,0,0,0,0,0,0,0,0,0,0,0,-37000
06095P,燿華永豐97售01  ,0,0,0,0,0,0,0,0,0,-37000,0,0,0,0,37000,-37000,-37000
06619P,聯發科元大98售06,0,0,0,0,0,0,0,0,0,-37000,0,0,0,3000,40000,-37000,-37000
056738,國巨凱基9A購02  ,0,0,0,0,0,0,0,0,0,-38000,0,0,0,6000,44000,-38000,-38000
056753,群創兆豐98購02  ,0,0,0,0,0,0,0,0,0,-38000,0,0,0,22000,60000,-38000,-38000
056644,宏達電凱基98購04,0,0,0,0,0,0,0,0,0,-38000,0,0,0,79000,117000,-38000,-38000
05654P,台光電統一96售01,0,0,0,0,0,0,0,0,0,-38000,0,0,0,0,38000,-38000,-38000
057198,智伸科統一9B購01,0,0,0,0,0,0,0,0,0,-38000,0,0,0,38000,76000,-38000,-38000
00728,第一金工業30    ,0,0,0,0,0,0,0,0,0,-38000,0,0,0,659000,697000,-38000,-38000
04394P,臻鼎凱基94售01  ,0,0,0,0,0,0,0,0,0,-38000,0,0,0,10000,48000,-38000,-38000
046645,技嘉國泰94購01  ,0,0,0,0,0,0,0,0,0,-38000,0,0,0,414000,452000,-38000,-38000
048828,禾伸堂凱基94購02,0,0,0,0,0,0,0,0,0,-38000,0,0,0,40000,78000,-38000,-38000
046725,可成元大93購02  ,0,0,0,0,0,0,0,0,0,-38000,0,0,0,0,38000,-38000,-38000
052368,力成國票96購01  ,0,0,0,0,0,0,0,0,0,-38000,0,0,0,0,38000,-38000,-38000
052530,台郡元大96購04  ,0,0,0,0,0,0,0,0,0,-38000,0,0,0,100000,138000,-38000,-38000
050407,聯詠台新94購02  ,0,0,0,0,0,0,0,0,0,-38000,0,0,0,0,38000,-38000,-38000
051266,國巨富邦99購01  ,0,0,0,0,0,0,0,0,0,-38000,0,0,0,130000,168000,-38000,-38000
050639,GIS國票96購01   ,0,0,0,0,0,0,0,0,0,-38000,0,0,0,0,38000,-38000,-38000
051114,鈺齊中信95購01  ,0,0,0,0,0,0,0,0,0,-38000,0,0,0,134000,172000,-38000,-38000
049997,聯發科永豐94購04,0,0,0,0,0,0,0,0,0,-38000,0,0,0,233000,271000,-38000,-38000
054098,嘉晶國票97購04  ,0,0,0,0,0,0,0,0,0,-38000,0,0,0,0,38000,-38000,-38000
053746,彰銀康和96購01  ,0,0,0,0,0,0,0,0,0,-38000,0,0,0,0,38000,-38000,-38000
053250,百和國票97購02  ,0,0,0,0,0,0,0,0,0,-38000,0,0,0,20000,58000,-38000,-38000
054589,聯鈞國泰99購01  ,0,0,0,0,0,0,0,0,0,-38000,0,0,0,146000,184000,-38000,-38000
054560,全新群益98購03  ,0,0,0,0,0,0,0,0,0,-38000,0,0,0,37000,75000,-38000,-38000
054479,緯創中信98購01  ,0,0,0,0,0,0,0,0,0,-38000,0,0,0,0,38000,-38000,-38000
055271,鴻海元大98購03  ,0,0,0,0,0,0,0,0,0,-38000,0,0,0,144000,182000,-38000,-38000
055367,台積電元大97購23,0,0,0,0,0,0,0,0,0,-38000,0,0,0,520000,558000,-38000,-38000
055512,聯詠兆豐97購01  ,0,0,0,0,0,0,0,0,0,-38000,0,0,0,0,38000,-38000,-38000
055155,奇力新元大99購01,0,0,0,0,0,0,0,0,0,-38000,0,0,0,50000,88000,-38000,-38000
06763P,技嘉元大98售05  ,0,0,0,0,0,0,0,0,0,-38000,0,0,0,0,38000,-38000,-38000
06136P,華新科國泰99售02,0,0,0,0,0,0,0,0,0,-38000,0,0,0,460000,498000,-38000,-38000
06326P,鴻海中信01售01  ,0,0,0,0,0,0,0,0,0,-38000,0,0,0,7000,45000,-38000,-38000
06310P,精元元富97售02  ,0,0,0,0,0,0,0,0,0,-38000,0,0,0,0,38000,-38000,-38000
2477,美隆電          ,7000,45000,-38000,0,0,0,0,0,0,0,0,0,0,0,0,0,-38000
3038,全台            ,3000,53000,-50000,0,0,0,0,0,0,12000,12000,0,12000,0,0,0,-38000
057781,國巨國票99購04  ,20000,0,20000,0,0,0,0,0,0,-59000,0,0,0,0,59000,-59000,-39000
057415,和碩日盛98購01  ,0,0,0,0,0,0,0,0,0,-39000,0,0,0,0,39000,-39000,-39000
055800,欣興永豐97購02  ,0,0,0,0,0,0,0,0,0,-39000,0,0,0,16000,55000,-39000,-39000
055760,新日興群益98購02,0,0,0,0,0,0,0,0,0,-39000,0,0,0,95000,134000,-39000,-39000
055679,華通凱基99購01  ,30000,0,30000,0,0,0,0,0,0,-69000,0,0,0,263000,332000,-69000,-39000
052344,台表科凱基98購01,0,0,0,0,0,0,0,0,0,-39000,0,0,0,50000,89000,-39000,-39000
046432,宏達電中信94購01,0,0,0,0,0,0,0,0,0,-39000,0,0,0,30000,69000,-39000,-39000
045957,技嘉凱基93購03  ,0,0,0,0,0,0,0,0,0,-39000,0,0,0,79000,118000,-39000,-39000
051558,元金2X國泰97購01,0,0,0,0,0,0,0,0,0,-39000,0,0,0,0,39000,-39000,-39000
052092,貿聯元大96購02  ,0,0,0,0,0,0,0,0,0,-39000,0,0,0,63000,102000,-39000,-39000
04934P,鴻海中信94售05  ,0,0,0,0,0,0,0,0,0,-39000,0,0,0,0,39000,-39000,-39000
053341,聯發科國票97購03,0,0,0,0,0,0,0,0,0,-39000,0,0,0,11000,50000,-39000,-39000
054303,國巨凱基96購15  ,0,0,0,0,0,0,0,0,0,-39000,0,0,0,6000,45000,-39000,-39000
054602,聯詠台新97購01  ,0,0,0,0,0,0,0,0,0,-39000,0,0,0,0,39000,-39000,-39000
054850,上海銀兆豐97購01,0,0,0,0,0,0,0,0,0,-39000,0,0,0,25000,64000,-39000,-39000
053452,臺股指凱基97購01,0,0,0,0,0,0,0,0,0,-39000,0,0,0,236000,275000,-39000,-39000
053921,嘉晶國票97購03  ,0,0,0,0,0,0,0,0,0,-39000,0,0,0,0,39000,-39000,-39000
2616,山隆            ,18000,57000,-39000,0,0,0,0,0,0,0,0,0,0,0,0,0,-39000
1215,卜蜂            ,28000,64000,-36000,0,0,0,0,0,0,-3000,0,0,0,0,3000,-3000,-39000
06641P,智邦兆豐99售01  ,0,0,0,0,0,0,0,0,0,-39000,0,0,0,37000,76000,-39000,-39000
06645P,上銀元大98售05  ,0,0,0,0,0,0,0,0,0,-39000,0,0,0,15000,54000,-39000,-39000
6192,巨路            ,2000,41000,-39000,0,0,0,0,0,0,0,0,0,0,0,0,0,-39000
8341,日友            ,217000,267000,-50000,0,0,0,18000,0,18000,-7000,0,7000,-7000,0,0,0,-39000
055758,旺宏群益97購01  ,0,0,0,0,0,0,0,0,0,-40000,0,0,0,32000,72000,-40000,-40000
055571,鴻海統一97購03  ,0,0,0,0,0,0,0,0,0,-40000,0,0,0,48000,88000,-40000,-40000
055885,大成鋼統一97購02,0,0,0,0,0,0,0,0,0,-40000,0,0,0,10000,50000,-40000,-40000
055833,華通元大98購05  ,0,0,0,0,0,0,0,0,0,-40000,0,0,0,11000,51000,-40000,-40000
056488,致新元大99購01  ,0,0,0,0,0,0,0,0,0,-40000,0,0,0,10000,50000,-40000,-40000
056618,京元電永豐98購01,0,0,0,0,0,0,0,0,0,-40000,0,0,0,15000,55000,-40000,-40000
056751,和大兆豐98購01  ,0,0,0,0,0,0,0,0,0,-40000,0,0,0,40000,80000,-40000,-40000
056299,友達元大9B購04  ,0,0,0,0,0,0,0,0,0,-40000,0,0,0,184000,224000,-40000,-40000
057413,臺股指群益9C購04,0,0,0,0,0,0,0,0,0,-40000,0,0,0,0,40000,-40000,-40000
05747P,漢唐群益96售03  ,0,0,0,0,0,0,0,0,0,-40000,0,0,0,22000,62000,-40000,-40000
057607,旺宏台新98購02  ,0,0,0,0,0,0,0,0,0,-40000,0,0,0,0,40000,-40000,-40000
05798P,臺股指群益96售12,0,0,0,0,0,0,0,0,0,-40000,0,0,0,75000,115000,-40000,-40000
045994,康控富邦94購01  ,0,0,0,0,0,0,0,0,0,-40000,0,0,0,0,40000,-40000,-40000
046148,友達中信94購01  ,0,0,0,0,0,0,0,0,0,-40000,0,0,0,0,40000,-40000,-40000
04637P,臺股指群益94售12,0,0,0,0,0,0,0,0,0,-40000,0,0,0,0,40000,-40000,-40000
00753L,中信中國50正2   ,0,0,0,0,0,0,0,0,0,-40000,0,0,0,258000,298000,-40000,-40000
04293P,滬深2X元大96售02,0,0,0,0,0,0,0,0,0,-40000,0,0,0,0,40000,-40000,-40000
042929,台積電中信95購02,0,0,0,0,0,0,0,0,0,-40000,0,0,0,17000,57000,-40000,-40000
045535,A50正2群益94購01,0,0,0,0,0,0,0,0,0,-40000,0,0,0,0,40000,-40000,-40000
047586,聯發科永豐94購01,0,0,0,0,0,0,0,0,0,-40000,0,0,0,0,40000,-40000,-40000
049445,遠東新統一94購01,0,0,0,0,0,0,0,0,0,-40000,0,0,0,60000,100000,-40000,-40000
050162,中環國泰95購01  ,0,0,0,0,0,0,0,0,0,-40000,0,0,0,0,40000,-40000,-40000
052187,奇鋐群益95購03  ,0,0,0,0,0,0,0,0,0,-40000,0,0,0,0,40000,-40000,-40000
048133,臻鼎國票94購01  ,0,0,0,0,0,0,0,0,0,-40000,0,0,0,0,40000,-40000,-40000
048070,聯發科元富99購03,0,0,0,0,0,0,0,0,0,-40000,0,0,0,0,40000,-40000,-40000
04849P,GIS中信94售01   ,0,0,0,0,0,0,0,0,0,-40000,0,0,0,30000,70000,-40000,-40000
04730P,臺股指中信96售02,0,0,0,0,0,0,0,0,0,-40000,0,0,0,0,40000,-40000,-40000
048035,聯詠凱基93購06  ,0,0,0,0,0,0,0,0,0,-40000,0,0,0,0,40000,-40000,-40000
048040,百和凱基93購07  ,0,0,0,0,0,0,0,0,0,-40000,0,0,0,0,40000,-40000,-40000
052633,國巨凱基96購05  ,0,0,0,0,0,0,0,0,0,-40000,0,0,0,21000,61000,-40000,-40000
052579,亞泥元富96購01  ,0,0,0,0,0,0,0,0,0,-40000,0,0,0,50000,90000,-40000,-40000
052577,台積電統一96購01,0,0,0,0,0,0,0,0,0,-40000,0,0,0,0,40000,-40000,-40000
05266P,華新科元大95售11,0,0,0,0,0,0,0,0,0,-40000,0,0,0,50000,90000,-40000,-40000
049353,茂林永豐94購03  ,0,0,0,0,0,0,0,0,0,-40000,0,0,0,0,40000,-40000,-40000
050601,台表科國泰96購01,0,0,0,0,0,0,0,0,0,-40000,0,0,0,2000,42000,-40000,-40000
052098,臺股指富邦95購01,0,0,0,0,0,0,0,0,0,-40000,0,0,0,0,40000,-40000,-40000
050496,鴻海富邦96購01  ,0,0,0,0,0,0,0,0,0,-40000,0,0,0,10000,50000,-40000,-40000
04927P,大立光凱基95售06,0,0,0,0,0,0,0,0,0,-40000,0,0,0,30000,70000,-40000,-40000
049267,瀚宇博元大95購02,0,0,0,0,0,0,0,0,0,-40000,0,0,0,26000,66000,-40000,-40000
051453,智伸科元大95購02,0,0,0,0,0,0,0,0,0,-40000,0,0,0,0,40000,-40000,-40000
051543,鈺齊國票96購01  ,0,0,0,0,0,0,0,0,0,-40000,0,0,0,10000,50000,-40000,-40000
051178,大立光凱基95購10,0,0,0,0,0,0,0,0,0,-40000,0,0,0,42000,82000,-40000,-40000
051825,中環元大95購01  ,0,0,0,0,0,0,0,0,0,-40000,0,0,0,0,40000,-40000,-40000
051110,可成統一95購01  ,0,0,0,0,0,0,0,0,0,-40000,0,0,0,0,40000,-40000,-40000
049693,可成元大94購08  ,0,0,0,0,0,0,0,0,0,-40000,0,0,0,77000,117000,-40000,-40000
050315,和碩兆豐95購01  ,0,0,0,0,0,0,0,0,0,-40000,0,0,0,30000,70000,-40000,-40000
049814,超眾元大95購04  ,0,0,0,0,0,0,0,0,0,-40000,0,0,0,0,40000,-40000,-40000
051740,可成國票96購04  ,0,0,0,0,0,0,0,0,0,-40000,0,0,0,19000,59000,-40000,-40000
051727,S&P反1國票97購01,0,0,0,0,0,0,0,0,0,-40000,0,0,0,0,40000,-40000,-40000
053933,大立光統一96購06,0,0,0,0,0,0,0,0,0,-40000,0,0,0,60000,100000,-40000,-40000
054040,中石化元大9C購01,0,0,0,0,0,0,0,0,0,-40000,0,0,0,0,40000,-40000,-40000
05405P,大立光群益95售04,0,0,0,0,0,0,0,0,0,-40000,0,0,0,0,40000,-40000,-40000
054101,茂林國票97購04  ,0,0,0,0,0,0,0,0,0,-40000,0,0,0,10000,50000,-40000,-40000
053766,友達富邦97購01  ,0,0,0,0,0,0,0,0,0,-40000,0,0,0,0,40000,-40000,-40000
053662,矽力凱基97購01  ,0,0,0,0,0,0,0,0,0,-40000,0,0,0,10000,50000,-40000,-40000
053576,智原元富96購01  ,0,0,0,0,0,0,0,0,0,-40000,0,0,0,60000,100000,-40000,-40000
053068,智伸科群益96購01,0,0,0,0,0,0,0,0,0,-40000,0,0,0,15000,55000,-40000,-40000
052883,百和亞東97購01  ,0,0,0,0,0,0,0,0,0,-40000,0,0,0,0,40000,-40000,-40000
05291P,鴻海凱基95售16  ,0,0,0,0,0,0,0,0,0,-40000,0,0,0,0,40000,-40000,-40000
053003,國巨永豐96購02  ,0,0,0,0,0,0,0,0,0,-40000,0,0,0,60000,100000,-40000,-40000
054661,嘉聯益元大97購03,0,0,0,0,0,0,0,0,0,-40000,0,0,0,1000,41000,-40000,-40000
054461,台積電凱基97購09,0,0,0,0,0,0,0,0,0,-40000,0,0,0,0,40000,-40000,-40000
055115,日月光凱基98購01,0,0,0,0,0,0,0,0,0,-40000,0,0,0,10000,50000,-40000,-40000
4536,拓凱            ,30000,71000,-41000,0,0,0,0,0,0,1000,1000,0,1000,0,0,0,-40000
06518P,奇力新兆豐99售01,0,0,0,0,0,0,0,0,0,-40000,0,0,0,0,40000,-40000,-40000
06042P,華新科永豐96售04,0,0,0,0,0,0,0,0,0,-40000,0,0,0,0,40000,-40000,-40000
3003,健和興          ,40000,80000,-40000,0,0,0,0,0,0,0,0,0,0,0,0,0,-40000
3605,宏致            ,70000,109000,-39000,0,0,0,0,0,0,-1000,0,1000,-1000,0,0,0,-40000
057780,台郡群益98購02  ,0,0,0,0,0,0,0,0,0,-41000,0,0,0,40000,81000,-41000,-41000
05996P,華新科群益96售03,0,0,0,0,0,0,0,0,0,-41000,0,0,0,22000,63000,-41000,-41000
057626,技嘉富邦9A購01  ,0,0,0,0,0,0,0,0,0,-41000,0,0,0,31000,72000,-41000,-41000
057335,技嘉國票99購01  ,0,0,0,0,0,0,0,0,0,-41000,0,0,0,29000,70000,-41000,-41000
056868,奇力新麥證98購01,0,0,0,30000,71000,-41000,0,0,0,-41000,0,0,0,30000,71000,-41000,-41000
056239,宏達電群益98購01,0,0,0,0,0,0,0,0,0,-41000,0,0,0,24000,65000,-41000,-41000
056413,上証反中信9A購01,0,0,0,0,0,0,0,0,0,-41000,0,0,0,495000,536000,-41000,-41000
055566,台表科凱基97購03,0,0,0,0,0,0,0,0,0,-41000,0,0,0,0,41000,-41000,-41000
048768,景碩凱基94購02  ,0,0,0,0,0,0,0,0,0,-41000,0,0,0,7000,48000,-41000,-41000
048462,南電凱基93購06  ,0,0,0,0,0,0,0,0,0,-41000,0,0,0,252000,293000,-41000,-41000
04778P,可成凱基94售10  ,0,0,0,0,0,0,0,0,0,-41000,0,0,0,0,41000,-41000,-41000
04235P,鴻海群益93售08  ,0,0,0,0,0,0,0,0,0,-41000,0,0,0,45000,86000,-41000,-41000
046460,聯鈞凱基93購02  ,0,0,0,0,0,0,0,0,0,-41000,0,0,0,46000,87000,-41000,-41000
051703,台積電群益95購04,0,0,0,0,0,0,0,0,0,-41000,0,0,0,0,41000,-41000,-41000
050123,群臺反凱基96購01,0,0,0,0,0,0,0,0,0,-41000,0,0,0,0,41000,-41000,-41000
051798,國巨永豐95購03  ,0,0,0,0,0,0,0,0,0,-41000,0,0,0,10000,51000,-41000,-41000
051550,日電貿永豐95購01,0,0,0,0,0,0,0,0,0,-41000,0,0,0,129000,170000,-41000,-41000
052131,台積電凱基96購01,0,0,0,0,0,0,0,0,0,-41000,0,0,0,40000,81000,-41000,-41000
051919,台郡元大96購02  ,0,0,0,0,0,0,0,0,0,-41000,0,0,0,0,41000,-41000,-41000
052839,上海銀國泰97購01,0,0,0,0,0,0,0,0,0,-41000,0,0,0,0,41000,-41000,-41000
055211,A50反1凱基9A購01,0,0,0,0,0,0,0,0,0,-41000,0,0,0,7000,48000,-41000,-41000
055229,大毅國票97購02  ,0,0,0,0,0,0,0,0,0,-41000,0,0,0,32000,73000,-41000,-41000
054645,奇力新群益97購04,0,0,0,0,0,0,0,0,0,-41000,0,0,0,0,41000,-41000,-41000
3645,達邁            ,78000,61000,17000,0,0,0,0,0,0,-58000,0,58000,-58000,0,0,0,-41000
2607,榮運            ,145000,185000,-40000,0,0,0,0,0,0,-1000,0,1000,-1000,0,0,0,-41000
2029,盛餘            ,3000,44000,-41000,0,0,0,0,0,0,0,0,0,0,0,0,0,-41000
1454,台富            ,4000,45000,-41000,0,0,0,0,0,0,0,0,0,0,0,0,0,-41000
06387P,緯穎永豐97售02  ,0,0,0,0,0,0,0,0,0,-41000,0,0,0,30000,71000,-41000,-41000
06498P,臺股指元大9A售03,0,0,0,0,0,0,0,0,0,-41000,0,0,0,224000,265000,-41000,-41000
3712,永崴投控        ,5000,46000,-41000,0,0,0,0,0,0,0,0,0,0,0,0,0,-41000
5534,長虹            ,51542,133115,-81573,0,0,0,35000,0,35000,5000,5000,0,5000,0,0,0,-41573
056542,緯創凱基98購01  ,0,0,0,0,0,0,0,0,0,-42000,0,0,0,14000,56000,-42000,-42000
05705P,上証2X永豐96售03,0,0,0,0,0,0,0,0,0,-42000,0,0,0,5000,47000,-42000,-42000
045447,鴻海國泰94購02  ,0,0,0,0,0,0,0,0,0,-42000,0,0,0,20000,62000,-42000,-42000
047504,滬深2X國票9A購01,0,0,0,0,0,0,0,0,0,-42000,0,0,0,268000,310000,-42000,-42000
04682P,臺股指統一96售01,0,0,0,0,0,0,0,0,0,-42000,0,0,0,125000,167000,-42000,-42000
051641,矽創國票96購01  ,0,0,0,0,0,0,0,0,0,-42000,0,0,0,0,42000,-42000,-42000
052154,緯創台新95購01  ,0,0,0,0,0,0,0,0,0,-42000,0,0,0,0,42000,-42000,-42000
050132,日電貿凱基94購02,0,0,0,0,0,0,0,0,0,-42000,0,0,0,80000,122000,-42000,-42000
050295,大立光凱基94購16,0,0,0,0,0,0,0,0,0,-42000,0,0,0,0,42000,-42000,-42000
054671,國巨國泰98購01  ,0,0,0,0,0,0,0,0,0,-42000,0,0,0,60000,102000,-42000,-42000
054759,台化國票98購01  ,0,0,0,0,0,0,0,0,0,-42000,0,0,0,0,42000,-42000,-42000
055217,緯創凱基97購02  ,0,0,0,0,0,0,0,0,0,-42000,0,0,0,0,42000,-42000,-42000
055212,和大凱基97購02  ,0,0,0,0,0,0,0,0,0,-42000,0,0,0,0,42000,-42000,-42000
055346,國巨凱基98購02  ,0,0,0,0,0,0,0,0,0,-42000,0,0,0,195000,237000,-42000,-42000
052778,智原國票97購01  ,0,0,0,0,0,0,0,0,0,-42000,0,0,0,0,42000,-42000,-42000
053825,南電群益96購02  ,0,0,0,0,0,0,0,0,0,-42000,0,0,0,622000,664000,-42000,-42000
06363P,臺股指麥證97售02,0,0,0,0,42000,-42000,0,0,0,-42000,0,0,0,0,42000,-42000,-42000
06303P,臺股指元大97售09,0,0,0,0,0,0,0,0,0,-42000,0,0,0,0,42000,-42000,-42000
06191P,鴻海群益97售03  ,0,0,0,0,0,0,0,0,0,-42000,0,0,0,0,42000,-42000,-42000
1560,中砂            ,22000,63000,-41000,0,0,0,0,0,0,-1000,0,1000,-1000,0,0,0,-42000
057055,立積元大99購01  ,0,0,0,0,0,0,0,0,0,-43000,0,0,0,46000,89000,-43000,-43000
056857,國巨群益99購02  ,0,0,0,0,0,0,0,0,0,-43000,0,0,0,1000,44000,-43000,-43000
057397,茂林中信9A購01  ,0,0,0,0,0,0,0,0,0,-43000,0,0,0,20000,63000,-43000,-43000
057642,南亞科元大98購07,0,0,0,0,0,0,0,0,0,-43000,0,0,0,12000,55000,-43000,-43000
056191,世紀鋼統一97購01,0,0,0,0,0,0,0,0,0,-43000,0,0,0,0,43000,-43000,-43000
055734,奇力新元富97購02,0,0,0,0,0,0,0,0,0,-43000,0,0,0,9000,52000,-43000,-43000
046628,大立光統一98購01,0,0,0,0,0,0,0,0,0,-43000,0,0,0,31000,74000,-43000,-43000
051058,景碩群益96購01  ,0,0,0,0,0,0,0,0,0,-43000,0,0,0,74000,117000,-43000,-43000
051168,訊連元大95購02  ,0,0,0,0,0,0,0,0,0,-43000,0,0,0,233000,276000,-43000,-43000
051654,致新永豐95購01  ,0,0,0,0,0,0,0,0,0,-43000,0,0,0,7000,50000,-43000,-43000
053813,友達群益9A購03  ,0,0,0,0,0,0,0,0,0,-43000,0,0,0,71000,114000,-43000,-43000
05314P,臺股指群益95售13,0,0,0,0,0,0,0,0,0,-43000,0,0,0,0,43000,-43000,-43000
054357,可成兆豐97購02  ,0,0,0,0,0,0,0,0,0,-43000,0,0,0,18000,61000,-43000,-43000
2208,台船            ,198000,240000,-42000,0,0,0,0,0,0,-1000,0,1000,-1000,0,0,0,-43000
06269P,群創凱基98售10  ,0,0,0,0,0,0,0,0,0,-43000,0,0,0,2000,45000,-43000,-43000
06742P,可成富邦99售02  ,0,0,0,0,0,0,0,0,0,-43000,0,0,0,0,43000,-43000,-43000
06681P,致茂元大98售02  ,0,0,0,0,0,0,0,0,0,-43000,0,0,0,0,43000,-43000,-43000
056423,奇鋐統一98購01  ,0,0,0,0,0,0,0,0,0,-44000,0,0,0,104000,148000,-44000,-44000
056513,臻鼎亞東99購01  ,0,0,0,0,0,0,0,0,0,-44000,0,0,0,48000,92000,-44000,-44000
056515,燿華兆豐99購01  ,0,0,0,0,0,0,0,0,0,-44000,0,0,0,30000,74000,-44000,-44000
056720,世紀鋼永豐98購01,0,0,0,0,0,0,0,0,0,-44000,0,0,0,21000,65000,-44000,-44000
05918P,大立光元大96售11,0,0,0,0,0,0,0,0,0,-44000,0,0,0,20000,64000,-44000,-44000
057410,南電群益98購01  ,0,0,0,0,0,0,0,0,0,-44000,0,0,0,301000,345000,-44000,-44000
057322,旺宏群益98購04  ,0,0,0,0,0,0,0,0,0,-44000,0,0,0,0,44000,-44000,-44000
056908,牧德元大99購03  ,0,0,0,0,0,0,0,0,0,-44000,0,0,0,14000,58000,-44000,-44000
047470,聯發科中信94購03,0,0,0,0,0,0,0,0,0,-44000,0,0,0,13000,57000,-44000,-44000
048061,鴻海統一95購03  ,0,0,0,0,0,0,0,0,0,-44000,0,0,0,30000,74000,-44000,-44000
052345,矽力凱基95購01  ,0,0,0,0,0,0,0,0,0,-44000,0,0,0,6000,50000,-44000,-44000
052461,和大統一95購01  ,0,0,0,0,0,0,0,0,0,-44000,0,0,0,0,44000,-44000,-44000
051455,樺漢元大96購01  ,0,0,0,0,0,0,0,0,0,-44000,0,0,0,86000,130000,-44000,-44000
054639,台新金中信99購01,0,0,0,0,0,0,0,0,0,-44000,0,0,0,100000,144000,-44000,-44000
055260,晶相光統一98購01,0,0,0,0,0,0,0,0,0,-44000,0,0,0,114000,158000,-44000,-44000
057237,群創凱基9B購02  ,0,0,0,0,0,0,0,0,0,-45000,0,0,0,15000,60000,-45000,-45000
05916P,聯發科元大96售20,0,0,0,0,0,0,0,0,0,-45000,0,0,0,4000,49000,-45000,-45000
05862P,大立光國泰98售01,0,0,0,0,0,0,0,0,0,-45000,0,0,0,225000,270000,-45000,-45000
056652,上証反元大9B購01,0,0,0,0,0,0,0,0,0,-45000,0,0,0,0,45000,-45000,-45000
055721,聯詠元大97購04  ,0,0,0,0,0,0,0,0,0,-45000,0,0,0,78000,123000,-45000,-45000
055808,世紀鋼永豐97購01,0,0,0,0,0,0,0,0,0,-45000,0,0,0,89000,134000,-45000,-45000
055653,聯詠元富01購02  ,0,0,0,0,0,0,0,0,0,-45000,0,0,0,40000,85000,-45000,-45000
05608P,聯發科凱基96售10,15000,0,15000,0,0,0,0,0,0,-60000,0,0,0,0,60000,-60000,-45000
052323,矽力元大95購04  ,0,0,0,0,0,0,0,0,0,-45000,0,0,0,0,45000,-45000,-45000
05218P,大立光永昌96售04,0,0,0,0,0,0,0,0,0,-45000,0,0,0,218000,263000,-45000,-45000
04265P,滬深2X元富93售04,0,0,0,0,0,0,0,0,0,-45000,0,0,0,0,45000,-45000,-45000
01010T,京城樂富R1      ,0,0,0,0,0,0,0,0,0,-45000,0,45000,-45000,0,0,0,-45000
051242,台積電元大96購06,0,0,0,0,0,0,0,0,0,-45000,0,0,0,290000,335000,-45000,-45000
055439,台表科國票98購02,0,0,0,0,0,0,0,0,0,-45000,0,0,0,1000,46000,-45000,-45000
054932,台肥元大97購01  ,0,0,0,0,0,0,0,0,0,-45000,0,0,0,15000,60000,-45000,-45000
054782,國巨群益97購01  ,0,0,0,0,0,0,0,0,0,-45000,0,0,0,82000,127000,-45000,-45000
054233,聯發科群益96購04,0,0,0,0,0,0,0,0,0,-45000,0,0,0,0,45000,-45000,-45000
05447P,臺股指元大95售24,0,0,0,0,0,0,0,0,0,-45000,0,0,0,47000,92000,-45000,-45000
054508,臺股指永豐96購04,0,0,0,0,0,0,0,0,0,-45000,0,0,0,0,45000,-45000,-45000
05454P,奇鋐群益95售04  ,1000,0,1000,0,0,0,0,0,0,-46000,0,0,0,0,46000,-46000,-45000
052866,大立光凱基96購12,0,0,0,0,0,0,0,0,0,-45000,0,0,0,20000,65000,-45000,-45000
052902,鴻海國票97購04  ,0,0,0,0,0,0,0,0,0,-45000,0,0,0,45000,90000,-45000,-45000
05325P,臺股指凱基95售09,0,0,0,0,0,0,0,0,0,-45000,0,0,0,20000,65000,-45000,-45000
054151,瑞昱國泰97購01  ,0,0,0,0,0,0,0,0,0,-45000,0,0,0,19000,64000,-45000,-45000
054009,欣興元富96購03  ,0,0,0,0,0,0,0,0,0,-45000,0,0,0,0,45000,-45000,-45000
053911,臺股指凱基96購31,0,0,0,0,0,0,0,0,0,-45000,0,0,0,173000,218000,-45000,-45000
053899,矽創群益96購02  ,0,0,0,0,0,0,0,0,0,-45000,0,0,0,0,45000,-45000,-45000
06490P,鴻海富邦99售02  ,0,0,0,0,0,0,0,0,0,-45000,0,0,0,80000,125000,-45000,-45000
06616P,國巨元大98售15  ,0,0,0,0,0,0,0,0,0,-45000,0,0,0,0,45000,-45000,-45000
06069P,台積電永豐97售01,0,0,0,0,0,0,0,0,0,-45000,0,0,0,10000,55000,-45000,-45000
1531,高林股          ,0,45000,-45000,0,0,0,0,0,0,0,0,0,0,0,0,0,-45000
046568,臻鼎元富95購01  ,0,0,0,0,0,0,0,0,0,-46000,0,0,0,70000,116000,-46000,-46000
048564,智易元大94購01  ,0,350000,-350000,0,0,0,0,0,0,304000,0,0,0,354000,50000,304000,-46000
050936,國巨國票95購04  ,0,0,0,0,0,0,0,0,0,-46000,0,0,0,47000,93000,-46000,-46000
050292,可成凱基94購11  ,0,0,0,0,0,0,0,0,0,-46000,0,0,0,33000,79000,-46000,-46000
053742,創意國票97購01  ,0,0,0,0,0,0,0,0,0,-46000,0,0,0,14000,60000,-46000,-46000
053077,同欣電永豐96購01,0,0,0,0,0,0,0,0,0,-46000,0,0,0,0,46000,-46000,-46000
055401,亞光元富9A購01  ,0,0,0,0,0,0,0,0,0,-46000,0,0,0,28000,74000,-46000,-46000
055465,和大凱基97購03  ,0,0,0,0,0,0,0,0,0,-46000,0,0,0,96000,142000,-46000,-46000
056568,台表科群益98購01,0,0,0,0,0,0,0,0,0,-47000,0,0,0,14000,61000,-47000,-47000
05948P,茂林元大96售03  ,0,0,0,0,0,0,0,0,0,-47000,0,0,0,330000,377000,-47000,-47000
05746P,台積電群益96售07,0,0,0,0,0,0,0,0,0,-47000,0,0,0,27000,74000,-47000,-47000
056860,正崴群益98購01  ,0,0,0,0,0,0,0,0,0,-47000,0,0,0,68000,115000,-47000,-47000
052249,大成鋼永豐95購01,0,0,0,0,0,0,0,0,0,-47000,0,0,0,0,47000,-47000,-47000
047572,深中小群益95購01,0,0,0,0,0,0,0,0,0,-47000,0,0,0,6000,53000,-47000,-47000
047246,華新科群益93購01,0,0,0,0,0,0,0,0,0,-47000,0,0,0,0,47000,-47000,-47000
048034,大立光凱基93購29,0,0,0,0,0,0,0,0,0,-47000,0,0,0,0,47000,-47000,-47000
048670,華新科永豐93購03,0,0,0,0,0,0,0,0,0,-47000,0,0,0,132000,179000,-47000,-47000
04327P,台積電國泰95售01,0,0,0,0,0,0,0,0,0,-47000,0,0,0,250000,297000,-47000,-47000
03960P,新日興元富96售02,0,0,0,0,0,0,0,0,0,-47000,0,0,0,18000,65000,-47000,-47000
051277,聯發科中信9A購01,0,0,0,0,0,0,0,0,0,-47000,0,0,0,41000,88000,-47000,-47000
053344,嘉晶國票97購02  ,0,0,0,0,0,0,0,0,0,-47000,0,0,0,15000,62000,-47000,-47000
055494,華新科元大98購01,0,0,0,0,0,0,0,0,0,-47000,0,0,0,83000,130000,-47000,-47000
055366,國巨元大98購05  ,0,0,0,0,0,0,0,0,0,-47000,0,0,0,4000,51000,-47000,-47000
054956,宏盛元大97購01  ,0,0,0,0,0,0,0,0,0,-47000,0,0,0,68000,115000,-47000,-47000
05467P,聯電元大95售02  ,0,0,0,0,0,0,0,0,0,-47000,0,0,0,3000,50000,-47000,-47000
053055,聯詠國票97購01  ,0,0,0,0,0,0,0,0,0,-47000,0,0,0,24000,71000,-47000,-47000
052863,友達凱基98購02  ,0,0,0,0,0,0,0,0,0,-47000,0,0,0,0,47000,-47000,-47000
053400,緯穎中信9A購01  ,0,0,0,0,0,0,0,0,0,-47000,0,0,0,23000,70000,-47000,-47000
053623,臺股指群益96購09,0,0,0,0,0,0,0,0,0,-47000,0,0,0,63000,110000,-47000,-47000
2007,燁興            ,0,46000,-46000,0,0,0,0,0,0,-1000,0,1000,-1000,0,0,0,-47000
06510P,燿華永豐98售03  ,0,0,0,0,0,0,0,0,0,-47000,0,0,0,0,47000,-47000,-47000
6189,豐藝            ,14000,61000,-47000,0,0,0,0,0,0,0,0,0,0,0,0,0,-47000
6183,關貿            ,8000,28000,-20000,0,0,0,0,0,0,-27000,0,27000,-27000,0,0,0,-47000
6206,飛捷            ,39000,86000,-47000,0,0,0,0,0,0,0,0,0,0,0,0,0,-47000
057079,台積電統一9A購02,0,0,0,0,0,0,0,0,0,-48000,0,0,0,0,48000,-48000,-48000
056966,嘉晶永豐98購01  ,0,0,0,0,0,0,0,0,0,-48000,0,0,0,56000,104000,-48000,-48000
057412,臺股指群益99購06,0,0,0,0,0,0,0,0,0,-48000,0,0,0,2000,50000,-48000,-48000
057387,奇力新永豐98購03,0,0,0,0,0,0,0,0,0,-48000,0,0,0,33000,81000,-48000,-48000
057351,奇力新統一98購02,0,0,0,0,0,0,0,0,0,-48000,0,0,0,0,48000,-48000,-48000
05920P,力成元大96售04  ,0,0,0,0,0,0,0,0,0,-48000,0,0,0,28000,76000,-48000,-48000
05907P,聯發科元富96售05,0,0,0,0,0,0,0,0,0,-48000,0,0,0,0,48000,-48000,-48000
05662P,景碩元富96售01  ,0,0,0,0,0,0,0,0,0,-48000,0,0,0,0,48000,-48000,-48000
056091,百和統一97購01  ,0,0,0,0,0,0,0,0,0,-48000,0,0,0,28000,76000,-48000,-48000
055908,GIS日盛97購01   ,0,0,0,0,0,0,0,0,0,-48000,0,0,0,0,48000,-48000,-48000
055569,聚陽統一98購01  ,0,0,0,0,0,0,0,0,0,-48000,0,0,0,83000,131000,-48000,-48000
055719,可成元大97購03  ,0,0,0,0,0,0,0,0,0,-48000,0,0,0,104000,152000,-48000,-48000
03643C,臺股指元富99牛04,0,0,0,0,0,0,0,0,0,-48000,0,0,0,163000,211000,-48000,-48000
03177P,國巨群益01售12  ,0,0,0,0,0,0,0,0,0,-48000,0,0,0,0,48000,-48000,-48000
046627,高鐵統一95購01  ,0,0,0,0,0,0,0,0,0,-48000,0,0,0,0,48000,-48000,-48000
045087,玉晶光元大95購01,0,0,0,0,0,0,0,0,0,-48000,0,0,0,2000,50000,-48000,-48000
048114,景碩群益93購02  ,0,0,0,0,0,0,0,0,0,-48000,0,0,0,0,48000,-48000,-48000
052469,宏碁亞東95購01  ,0,0,0,0,0,0,0,0,0,-48000,0,0,0,0,48000,-48000,-48000
05248P,矽創群益96售01  ,0,0,0,0,0,0,0,0,0,-48000,0,0,0,34000,82000,-48000,-48000
051302,可成凱基95購06  ,0,0,0,0,0,0,0,0,0,-48000,0,0,0,3000,51000,-48000,-48000
051273,可成亞東95購01  ,0,0,0,0,0,0,0,0,0,-48000,0,0,0,0,48000,-48000,-48000
05094P,大立光元大95售07,0,0,0,0,0,0,0,0,0,-48000,0,0,0,0,48000,-48000,-48000
05077P,智易群益95售02  ,0,0,0,0,0,0,0,0,0,-48000,0,0,0,0,48000,-48000,-48000
051826,智邦元大95購03  ,0,0,0,0,0,0,0,0,0,-48000,0,0,0,95000,143000,-48000,-48000
053668,鴻海統一97購01  ,0,0,0,0,0,0,0,0,0,-48000,0,0,0,0,48000,-48000,-48000
053015,緯創統一96購01  ,0,0,0,0,0,0,0,0,0,-48000,0,0,0,0,48000,-48000,-48000
054880,華泰統一97購01  ,0,0,0,0,0,0,0,0,0,-48000,0,0,0,0,48000,-48000,-48000
055088,聯詠亞東97購01  ,0,0,0,0,0,0,0,0,0,-48000,0,0,0,0,48000,-48000,-48000
2017,官田鋼          ,0,48000,-48000,0,0,0,0,0,0,0,0,0,0,0,0,0,-48000
2034,允強            ,25000,73000,-48000,0,0,0,0,0,0,0,0,0,0,0,0,0,-48000
2101,南港            ,364000,383000,-19000,0,0,0,0,0,0,-29000,0,1000,-1000,1000,29000,-28000,-48000
2331,精英            ,31000,79000,-48000,0,0,0,0,0,0,0,1000,1000,0,0,0,0,-48000
2486,一詮            ,22000,70000,-48000,0,0,0,0,0,0,0,0,0,0,0,0,0,-48000
2496,卓越            ,1000,49000,-48000,0,0,0,0,0,0,0,0,0,0,0,0,0,-48000
055998,臺股指富邦99購01,0,0,0,0,0,0,0,0,0,-49000,0,0,0,472000,521000,-49000,-49000
056523,光寶科中信98購01,0,0,0,0,0,0,0,0,0,-49000,0,0,0,0,49000,-49000,-49000
05641P,貿聯元富96售02  ,0,0,0,0,0,0,0,0,0,-49000,0,0,0,10000,59000,-49000,-49000
057063,立積國泰9A購01  ,0,0,0,0,0,0,0,0,0,-49000,0,0,0,35000,84000,-49000,-49000
056818,正崴永豐98購01  ,0,0,0,0,0,0,0,0,0,-49000,0,0,0,111000,160000,-49000,-49000
04889P,華通元大94售03  ,0,0,0,0,0,0,0,0,0,-49000,0,0,0,7000,56000,-49000,-49000
047925,可成凱基94購01  ,0,0,0,0,0,0,0,0,0,-49000,0,0,0,9000,58000,-49000,-49000
051535,新日興國票96購01,0,0,0,0,0,0,0,0,0,-49000,0,0,0,2000,51000,-49000,-49000
05065P,燿華元大96售03  ,0,0,0,0,0,0,0,0,0,-49000,0,0,0,0,49000,-49000,-49000
049680,臺股指國票94購13,0,0,0,0,0,0,0,0,0,-49000,0,0,0,16000,65000,-49000,-49000
053343,宏達電國票97購02,0,0,0,0,0,0,0,0,0,-49000,0,0,0,10000,59000,-49000,-49000
055003,群創元富99購05  ,0,0,0,0,0,0,0,0,0,-49000,0,0,0,1000,50000,-49000,-49000
055285,華新科元大99購03,0,0,0,0,0,0,0,0,0,-49000,0,0,0,55000,104000,-49000,-49000
05297P,臻鼎凱基95售04  ,0,0,0,0,0,0,0,0,0,-49000,0,0,0,20000,69000,-49000,-49000
052944,宏達電國票97購01,0,0,0,0,0,0,0,0,0,-49000,0,0,0,111000,160000,-49000,-49000
053079,世紀鋼永豐96購01,0,0,0,0,0,0,0,0,0,-49000,0,0,0,60000,109000,-49000,-49000
1439,中和            ,8000,57000,-49000,0,0,0,0,0,0,0,0,0,0,0,0,0,-49000
06736P,新日興凱基98售03,0,0,0,0,0,0,0,0,0,-49000,0,0,0,0,49000,-49000,-49000
6120,達運            ,220000,265000,-45000,0,0,0,0,0,0,-4000,1000,0,1000,0,5000,-5000,-49000
056841,友達元富98購03  ,0,0,0,0,0,0,0,0,0,-50000,0,0,0,30000,80000,-50000,-50000
057319,奇力新凱基99購02,0,0,0,0,0,0,0,0,0,-50000,0,0,0,0,50000,-50000,-50000
057254,友達麥證98購01  ,0,0,0,0,50000,-50000,0,0,0,-50000,0,0,0,0,50000,-50000,-50000
057248,台積電統一98購08,0,0,0,0,0,0,0,0,0,-50000,0,0,0,189000,239000,-50000,-50000
05835P,臺股指元富96售07,0,0,0,0,0,0,0,0,0,-50000,0,0,0,5000,55000,-50000,-50000
057814,聯發科元大98購12,0,0,0,0,0,0,0,0,0,-50000,0,0,0,12000,62000,-50000,-50000
05913P,國巨元大96售11  ,0,0,0,0,0,0,0,0,0,-50000,0,0,0,0,50000,-50000,-50000
05951P,台積電國票97售05,0,0,0,0,0,0,0,0,0,-50000,0,0,0,10000,60000,-50000,-50000
06016P,京元電凱基96售03,0,0,0,0,0,0,0,0,0,-50000,0,0,0,0,50000,-50000,-50000
057620,康控凱基99購01  ,0,0,0,0,0,0,0,0,0,-50000,0,0,0,15000,65000,-50000,-50000
057723,臺股指元富98購02,0,0,0,0,0,0,0,0,0,-50000,0,0,0,0,50000,-50000,-50000
057734,訊芯國泰9A購01  ,0,0,0,0,0,0,0,0,0,-50000,0,0,0,0,50000,-50000,-50000
056173,廣達元富97購01  ,0,0,0,0,0,0,0,0,0,-50000,0,0,0,30000,80000,-50000,-50000
056265,國泰金統一97購01,0,0,0,0,0,0,0,0,0,-50000,0,0,0,22000,72000,-50000,-50000
056553,啟碁凱基98購02  ,0,0,0,0,0,0,0,0,0,-50000,0,0,0,0,50000,-50000,-50000
056706,元油2X富邦9B購01,0,0,0,0,0,0,0,0,0,-50000,0,0,0,0,50000,-50000,-50000
055682,智原凱基98購02  ,0,0,0,0,0,0,0,0,0,-50000,0,0,0,0,50000,-50000,-50000
055632,群創永豐98購01  ,0,0,0,0,0,0,0,0,0,-50000,0,0,0,0,50000,-50000,-50000
047924,可成凱基93購10  ,0,0,0,0,0,0,0,0,0,-50000,0,0,0,140000,190000,-50000,-50000
046756,廣達凱基93購01  ,0,0,0,0,0,0,0,0,0,-50000,0,0,0,30000,80000,-50000,-50000
046785,禾伸堂永豐93購01,0,0,0,0,0,0,0,0,0,-50000,0,0,0,0,50000,-50000,-50000
047014,元油反元大99購01,0,0,0,0,0,0,0,0,0,-50000,0,0,0,0,50000,-50000,-50000
047356,貿聯兆豐94購01  ,0,0,0,0,0,0,0,0,0,-50000,0,0,0,0,50000,-50000,-50000
047517,元油反元大96購01,0,0,0,0,0,0,0,0,0,-50000,0,0,0,0,50000,-50000,-50000
047442,聯詠元大93購09  ,0,0,0,0,0,0,0,0,0,-50000,0,0,0,50000,100000,-50000,-50000
048836,牧德凱基94購03  ,0,0,0,0,0,0,0,0,0,-50000,0,0,0,2000,52000,-50000,-50000
048884,川湖元富94購01  ,0,0,0,0,0,0,0,0,0,-50000,0,0,0,0,50000,-50000,-50000
048219,為升凱基93購06  ,0,0,0,0,0,0,0,0,0,-50000,0,0,0,0,50000,-50000,-50000
046858,群創元大94購02  ,0,0,0,0,0,0,0,0,0,-50000,0,0,0,51000,101000,-50000,-50000
046905,新光金凱基99購01,0,0,0,0,0,0,0,0,0,-50000,0,0,0,10000,60000,-50000,-50000
047112,聯發科元大93購11,0,0,0,0,0,0,0,0,0,-50000,0,0,0,0,50000,-50000,-50000
04707P,喬山元大94售01  ,0,0,0,0,0,0,0,0,0,-50000,0,0,0,0,50000,-50000,-50000
047169,滬深2X永豐95購01,0,0,0,0,0,0,0,0,0,-50000,0,0,0,0,50000,-50000,-50000
048131,全新國票94購02  ,0,0,0,0,0,0,0,0,0,-50000,0,0,0,0,50000,-50000,-50000
048085,鴻海凱基93購32  ,0,0,0,0,0,0,0,0,0,-50000,0,0,0,500000,550000,-50000,-50000
048097,聯詠凱基93購07  ,0,0,0,0,0,0,0,0,0,-50000,0,0,0,10000,60000,-50000,-50000
048387,台達電國票94購01,0,0,0,0,0,0,0,0,0,-50000,0,0,0,10000,60000,-50000,-50000
052320,緯創元大95購05  ,0,0,0,0,0,0,0,0,0,-50000,0,0,0,4000,54000,-50000,-50000
052175,可成元大95購10  ,0,0,0,0,0,0,0,0,0,-50000,0,0,0,20000,70000,-50000,-50000
04512P,臺股指元大94售07,0,0,0,0,0,0,0,0,0,-50000,0,0,0,0,50000,-50000,-50000
046584,可成元大92購11  ,0,0,0,0,0,0,0,0,0,-50000,0,0,0,0,50000,-50000,-50000
04655P,臺股指凱基94售14,0,0,0,0,0,0,0,0,0,-50000,0,0,0,0,50000,-50000,-50000
044461,滬深2X兆豐93購01,0,0,0,0,0,0,0,0,0,-50000,0,0,0,0,50000,-50000,-50000
048662,京元電統一93購04,0,0,0,0,0,0,0,0,0,-50000,0,0,0,0,50000,-50000,-50000
047638,瑞昱元大93購11  ,0,0,0,0,0,0,0,0,0,-50000,0,0,0,0,50000,-50000,-50000
04476P,玉晶光元大94售05,0,0,0,0,0,0,0,0,0,-50000,0,0,0,0,50000,-50000,-50000
04226P,宏達電元富93售01,0,0,0,0,0,0,0,0,0,-50000,0,0,0,100000,150000,-50000,-50000
00735,國泰臺韓科技    ,0,0,0,0,0,0,0,0,0,-50000,0,0,0,207000,257000,-50000,-50000
03917P,鴻海凱基94售07  ,0,0,0,0,0,0,0,0,0,-50000,0,0,0,0,50000,-50000,-50000
043605,創意元大93購01  ,0,0,0,0,0,0,0,0,0,-50000,0,0,0,0,50000,-50000,-50000
05334P,臺股指國票95售03,0,0,0,0,0,0,0,0,0,-50000,0,0,0,0,50000,-50000,-50000
053328,滬深2X永豐99購01,0,0,0,0,0,0,0,0,0,-50000,0,0,0,0,50000,-50000,-50000
052841,群創富邦96購02  ,0,0,0,0,0,0,0,0,0,-50000,0,0,0,0,50000,-50000,-50000
052699,友達國票97購01  ,0,0,0,0,0,0,0,0,0,-50000,0,0,0,0,50000,-50000,-50000
050578,聯發科國票95購03,0,0,0,0,0,0,0,0,0,-50000,0,0,0,0,50000,-50000,-50000
050544,聯發科凱基95購02,0,0,0,0,0,0,0,0,0,-50000,0,0,0,0,50000,-50000,-50000
050557,台積電統一94購13,0,0,0,0,0,0,0,0,0,-50000,0,0,0,0,50000,-50000,-50000
049393,世紀鋼第一94購01,0,0,0,0,0,0,0,0,0,-50000,0,0,0,0,50000,-50000,-50000
049377,聯詠元大94購01  ,0,0,0,0,0,0,0,0,0,-50000,0,0,0,0,50000,-50000,-50000
052443,台積電元大95購23,0,0,0,0,0,0,0,0,0,-50000,0,0,0,370000,420000,-50000,-50000
051381,玉晶光群益98購01,0,0,0,0,0,0,0,0,0,-50000,0,0,0,51000,101000,-50000,-50000
051852,啟碁群益95購01  ,0,0,0,0,0,0,0,0,0,-50000,0,0,0,0,50000,-50000,-50000
05124P,華新科富邦97售02,0,0,0,0,0,0,0,0,0,-50000,0,0,0,10000,60000,-50000,-50000
050511,元油2X元大94購11,0,0,0,0,0,0,0,0,0,-50000,0,0,0,0,50000,-50000,-50000
050479,上証2X國票95購02,0,0,0,0,0,0,0,0,0,-50000,0,0,0,0,50000,-50000,-50000
050432,聯發科凱基94購19,0,0,0,0,0,0,0,0,0,-50000,0,0,0,10000,60000,-50000,-50000
049292,鴻海群益94購04  ,0,0,0,0,0,0,0,0,0,-50000,0,0,0,50000,100000,-50000,-50000
049206,大立光群益94購04,0,0,0,0,0,0,0,0,0,-50000,0,0,0,0,50000,-50000,-50000
050657,宏達電麥證94購01,0,0,0,20000,70000,-50000,0,0,0,-50000,0,0,0,20000,70000,-50000,-50000
050636,上証2X國票94購01,0,0,0,0,0,0,0,0,0,-50000,0,0,0,0,50000,-50000,-50000
050957,T50反1台新05購01,0,0,0,0,0,0,0,0,0,-50000,0,0,0,0,50000,-50000,-50000
050758,聯發科元富9B購01,0,0,0,0,0,0,0,0,0,-50000,0,0,0,0,50000,-50000,-50000
050752,美律統一94購05  ,0,0,0,0,0,0,0,0,0,-50000,0,0,0,30000,80000,-50000,-50000
051616,鴻海凱基96購08  ,0,0,0,0,0,0,0,0,0,-50000,0,0,0,0,50000,-50000,-50000
051617,台積電凱基95購14,0,0,0,0,0,0,0,0,0,-50000,0,0,0,0,50000,-50000,-50000
051822,和碩元富95購01  ,0,0,0,0,0,0,0,0,0,-50000,0,0,0,75000,125000,-50000,-50000
050325,台積電永豐94購05,0,0,0,0,0,0,0,0,0,-50000,0,0,0,110000,160000,-50000,-50000
049697,群創元大98購01  ,0,0,0,0,0,0,0,0,0,-50000,0,0,0,53000,103000,-50000,-50000
050330,南電永豐94購01  ,0,0,0,0,0,0,0,0,0,-50000,0,0,0,31000,81000,-50000,-50000
049576,元油2X元大94購06,0,0,0,0,0,0,0,0,0,-50000,0,0,0,30000,80000,-50000,-50000
049979,美律凱基94購07  ,0,0,0,0,0,0,0,0,0,-50000,0,0,0,0,50000,-50000,-50000
051015,南亞科凱基95購04,0,0,0,0,0,0,0,0,0,-50000,0,0,0,10000,60000,-50000,-50000
050241,聯發科凱基94購14,0,0,0,0,0,0,0,0,0,-50000,0,0,0,0,50000,-50000,-50000
051729,華新國票96購01  ,0,0,0,0,0,0,0,0,0,-50000,0,0,0,0,50000,-50000,-50000
049800,瑞昱元大94購05  ,0,0,0,0,0,0,0,0,0,-50000,0,0,0,0,50000,-50000,-50000
049884,訊芯永豐94購01  ,0,0,0,0,0,0,0,0,0,-50000,0,0,0,0,50000,-50000,-50000
052935,康友元大96購03  ,0,0,0,0,0,0,0,0,0,-50000,0,0,0,121000,171000,-50000,-50000
052427,上証2X永豐96購01,0,0,0,0,0,0,0,0,0,-50000,0,0,0,0,50000,-50000,-50000
053745,康友國票97購01  ,0,0,0,0,0,0,0,0,0,-50000,0,0,0,0,50000,-50000,-50000
053798,台積電中信98購02,0,0,0,0,0,0,0,0,0,-50000,0,0,0,0,50000,-50000,-50000
053871,臻鼎元大96購03  ,0,0,0,0,0,0,0,0,0,-50000,0,0,0,50000,100000,-50000,-50000
05396P,台郡元大95售05  ,0,0,0,0,0,0,0,0,0,-50000,0,0,0,0,50000,-50000,-50000
054156,聯電亞東98購01  ,0,0,0,0,0,0,0,0,0,-50000,0,0,0,0,50000,-50000,-50000
054148,矽創元大96購03  ,0,0,0,0,0,0,0,0,0,-50000,0,0,0,30000,80000,-50000,-50000
054195,亞泥國泰98購01  ,0,0,0,0,0,0,0,0,0,-50000,0,0,0,80000,130000,-50000,-50000
055428,友達群益9C購01  ,0,0,0,0,0,0,0,0,0,-50000,0,0,0,10000,60000,-50000,-50000
055459,建準永豐97購03  ,0,0,0,0,0,0,0,0,0,-50000,0,0,0,0,50000,-50000,-50000
055036,中工富邦9B購01  ,0,0,0,0,0,0,0,0,0,-50000,0,0,0,0,50000,-50000,-50000
054657,道瓊銀元大97購01,0,0,0,0,0,0,0,0,0,-50000,0,0,0,0,50000,-50000,-50000
054703,聯發科第一97購01,0,0,0,0,0,0,0,0,0,-50000,0,0,0,0,50000,-50000,-50000
054526,道瓊反統一98購01,0,0,0,0,0,0,0,0,0,-50000,0,0,0,0,50000,-50000,-50000
05443P,宏達電元大95售05,0,0,0,0,0,0,0,0,0,-50000,0,0,0,0,50000,-50000,-50000
06545P,致茂元大98售01  ,0,0,0,0,0,0,0,0,0,-50000,0,0,0,11000,61000,-50000,-50000
06590P,大立光元大98售13,0,0,0,0,0,0,0,0,0,-50000,0,0,0,50000,100000,-50000,-50000
06569P,可成永豐98售01  ,0,0,0,0,0,0,0,0,0,-50000,0,0,0,0,50000,-50000,-50000
06077P,GIS凱基97售02   ,0,0,0,0,0,0,0,0,0,-50000,0,0,0,0,50000,-50000,-50000
06127P,泰碩元富97售01  ,0,0,0,0,0,0,0,0,0,-50000,0,0,0,0,50000,-50000,-50000
06262P,國巨凱基97售07  ,0,0,0,0,0,0,0,0,0,-50000,0,0,0,0,50000,-50000,-50000
06370P,貿聯凱基97售03  ,0,0,0,0,0,0,0,0,0,-50000,0,0,0,10000,60000,-50000,-50000
055587,智邦元大97購02  ,0,0,0,0,0,0,0,0,0,-51000,0,0,0,79000,130000,-51000,-51000
056487,康友元大98購01  ,0,0,0,0,0,0,0,0,0,-51000,0,0,0,109000,160000,-51000,-51000
056419,欣興元富98購02  ,0,0,0,0,0,0,0,0,0,-51000,0,0,0,50000,101000,-51000,-51000
057154,易華電國泰99購01,0,0,0,0,0,0,0,0,0,-51000,0,0,0,19000,70000,-51000,-51000
047670,矽力永豐93購01  ,0,0,0,0,0,0,0,0,0,-51000,0,0,0,0,51000,-51000,-51000
04517P,宏達電群益95售01,0,0,0,0,0,0,0,0,0,-51000,0,0,0,11000,62000,-51000,-51000
052274,大立光群益95購03,0,0,0,0,0,0,0,0,0,-51000,0,0,0,0,51000,-51000,-51000
050144,宏達電台新95購01,0,0,0,0,0,0,0,0,0,-51000,0,0,0,7000,58000,-51000,-51000
04948P,瑞儀元大94售03  ,0,0,0,0,0,0,0,0,0,-51000,0,0,0,1000,52000,-51000,-51000
048383,元金2X國票99購01,0,0,0,0,0,0,0,0,0,-51000,0,0,0,0,51000,-51000,-51000
049040,亞光兆豐95購01  ,0,0,0,0,0,0,0,0,0,-51000,0,0,0,14000,65000,-51000,-51000
05155P,聯發科兆豐95售03,0,0,0,0,0,0,0,0,0,-51000,0,0,0,0,51000,-51000,-51000
050632,國巨群益94購07  ,0,0,0,0,0,0,0,0,0,-51000,0,0,0,0,51000,-51000,-51000
05086P,鴻海凱基95售13  ,0,0,0,0,0,0,0,0,0,-51000,0,0,0,156000,207000,-51000,-51000
054345,世芯國票96購02  ,0,0,0,0,0,0,0,0,0,-51000,0,0,0,10000,61000,-51000,-51000
054658,道瓊銀元大9A購01,0,0,0,0,0,0,0,0,0,-51000,0,0,0,0,51000,-51000,-51000
05481P,鴻海凱基95售21  ,0,0,0,0,0,0,0,0,0,-51000,0,0,0,3000,54000,-51000,-51000
055279,華邦電元大97購02,0,0,0,0,0,0,0,0,0,-51000,0,0,0,20000,71000,-51000,-51000
053969,瑞昱元大97購01  ,0,0,0,0,0,0,0,0,0,-51000,0,0,0,44000,95000,-51000,-51000
054031,中鋼中信98購01  ,0,0,0,0,0,0,0,0,0,-51000,0,0,0,0,51000,-51000,-51000
06754P,台積電永豐98售03,0,0,0,0,0,0,0,0,0,-51000,0,0,0,0,51000,-51000,-51000
1444,力麗            ,256000,307000,-51000,0,0,0,0,0,0,0,0,0,0,0,0,0,-51000
1806,冠軍            ,2000,52000,-50000,0,0,0,0,0,0,-1000,0,1000,-1000,0,0,0,-51000
3055,蔚華科          ,0,56000,-56000,0,0,0,0,0,0,5000,5000,0,5000,0,0,0,-51000
057208,上海銀元富98購01,0,0,0,0,0,0,0,0,0,-52000,0,0,0,0,52000,-52000,-52000
056768,宏達電元大99購03,0,0,0,0,0,0,0,0,0,-52000,0,0,0,2000,54000,-52000,-52000
057045,美律元大99購04  ,0,0,0,0,0,0,0,0,0,-52000,0,0,0,8000,60000,-52000,-52000
057640,台積電元大98購16,0,0,0,0,0,0,0,0,0,-52000,0,0,0,103000,155000,-52000,-52000
057572,明泰永豐98購01  ,0,0,0,0,0,0,0,0,0,-52000,0,0,0,0,52000,-52000,-52000
057456,道瓊銀富邦9C購01,0,0,0,0,0,0,0,0,0,-52000,0,0,0,0,52000,-52000,-52000
057427,華通兆豐99購01  ,0,0,0,0,0,0,0,0,0,-52000,0,0,0,21000,73000,-52000,-52000
056731,國巨凱基98購04  ,0,0,0,0,0,0,0,0,0,-52000,0,0,0,20000,72000,-52000,-52000
056617,美律永豐98購01  ,0,0,0,0,0,0,0,0,0,-52000,0,0,0,25000,77000,-52000,-52000
047986,明泰群益93購01  ,0,0,0,0,0,0,0,0,0,-52000,0,0,0,10000,62000,-52000,-52000
020008,元大特股高息N   ,0,0,0,0,0,0,0,0,0,-52000,0,0,0,42000,94000,-52000,-52000
03454P,台積電凱基03售14,0,0,0,0,0,0,0,0,0,-52000,0,0,0,50000,102000,-52000,-52000
050992,台積電元大97購01,0,0,0,0,0,0,0,0,0,-52000,0,0,0,65000,117000,-52000,-52000
050192,康控元大97購01  ,0,0,0,0,0,0,0,0,0,-52000,0,0,0,48000,100000,-52000,-52000
051996,康友元大95購01  ,0,0,0,0,0,0,0,0,0,-52000,0,0,0,54000,106000,-52000,-52000
051272,嘉晶群益95購01  ,0,0,0,0,0,0,0,0,0,-52000,0,0,0,54000,106000,-52000,-52000
053665,臺股指凱基96購26,0,0,0,0,0,0,0,0,0,-52000,0,0,0,5000,57000,-52000,-52000
053176,矽力群益96購02  ,0,0,0,0,0,0,0,0,0,-52000,0,0,0,8000,60000,-52000,-52000
055426,旺宏群益99購02  ,0,0,0,0,0,0,0,0,0,-52000,0,0,0,0,52000,-52000,-52000
054709,宏達電統一97購01,0,0,0,0,0,0,0,0,0,-52000,0,0,0,108000,160000,-52000,-52000
054561,奇力新群益97購03,0,0,0,0,0,0,0,0,0,-52000,0,0,0,11000,63000,-52000,-52000
054585,禾伸堂國泰99購01,0,0,0,0,0,0,0,0,0,-52000,0,0,0,0,52000,-52000,-52000
1734,杏輝            ,26000,71000,-45000,0,0,0,0,0,0,-7000,0,7000,-7000,0,0,0,-52000
06810P,國巨統一99售03  ,0,0,0,0,0,0,0,0,0,-52000,0,0,0,0,52000,-52000,-52000
06411P,晶相光永豐97售03,0,0,0,0,0,0,0,0,0,-52000,0,0,0,102000,154000,-52000,-52000
5533,皇鼎            ,2000,54000,-52000,0,0,0,0,0,0,0,0,0,0,0,0,0,-52000
056247,台郡群益97購01  ,0,0,0,0,0,0,0,0,0,-53000,0,0,0,213000,266000,-53000,-53000
057518,世紀鋼元富98購01,0,0,0,0,0,0,0,0,0,-53000,0,0,0,30000,83000,-53000,-53000
05950P,台積電國票97售04,0,0,0,0,0,0,0,0,0,-53000,0,0,0,20000,73000,-53000,-53000
057023,美律凱基99購02  ,0,0,0,0,0,0,0,0,0,-53000,0,0,0,0,53000,-53000,-53000
056981,全新群益99購03  ,0,0,0,0,0,0,0,0,0,-53000,0,0,0,158000,211000,-53000,-53000
04801P,矽力元大94售02  ,0,0,0,0,0,0,0,0,0,-53000,0,0,0,0,53000,-53000,-53000
04805P,創意元富94售01  ,0,0,0,0,0,0,0,0,0,-53000,0,0,0,111000,164000,-53000,-53000
052231,景碩凱基96購01  ,0,0,0,0,0,0,0,0,0,-53000,0,0,0,0,53000,-53000,-53000
051412,奇力新國票96購01,0,0,0,0,0,0,0,0,0,-53000,0,0,0,21000,74000,-53000,-53000
051688,大立光凱基97購02,0,0,0,0,0,0,0,0,0,-53000,0,0,0,153000,206000,-53000,-53000
049586,正崴元大94購01  ,0,0,0,0,0,0,0,0,0,-53000,0,0,0,89000,142000,-53000,-53000
050946,瑞昱群益95購01  ,0,0,0,0,0,0,0,0,0,-53000,0,0,0,33000,86000,-53000,-53000
052432,康友永豐95購04  ,0,0,0,0,0,0,0,0,0,-53000,0,0,0,17000,70000,-53000,-53000
05416P,喬山永豐95售04  ,0,0,0,0,0,0,0,0,0,-53000,0,0,0,1000,54000,-53000,-53000
06120P,大立光凱基98售05,0,0,0,0,0,0,0,0,0,-53000,0,0,0,0,53000,-53000,-53000
06821P,臺股指元富98售10,0,0,0,0,0,0,0,0,0,-53000,0,0,0,47000,100000,-53000,-53000
00668,國泰美國道瓊    ,0,5000,-5000,0,0,0,0,0,0,-48100,0,0,0,1000,49100,-48100,-53100
2832,台產            ,35000,88987,-53987,0,0,0,0,0,0,0,0,0,0,0,0,0,-53987
056955,台灣50永豐98購01,0,0,0,0,0,0,0,0,0,-54000,0,0,0,346000,400000,-54000,-54000
057041,國巨元大99購04  ,0,0,0,0,0,0,0,0,0,-54000,0,0,0,4000,58000,-54000,-54000
05897P,國巨凱基96售12  ,0,0,0,0,0,0,0,0,0,-54000,0,0,0,0,54000,-54000,-54000
056475,宏達電元大99購02,0,0,0,0,0,0,0,0,0,-54000,0,0,0,30000,84000,-54000,-54000
049118,元油2X元富94購03,0,0,0,0,0,0,0,0,0,-54000,0,0,0,189000,243000,-54000,-54000
046831,大立光群益94購01,0,0,0,0,0,0,0,0,0,-54000,0,0,0,0,54000,-54000,-54000
054120,奇力新永豐96購01,0,0,0,0,0,0,0,0,0,-54000,0,0,0,24000,78000,-54000,-54000
054049,亞光元大96購03  ,0,0,0,0,0,0,0,0,0,-54000,0,0,0,76000,130000,-54000,-54000
053278,禾伸堂元大96購01,0,0,0,0,0,0,0,0,0,-54000,0,0,0,18000,72000,-54000,-54000
054694,聯鈞永豐97購01  ,0,0,0,0,0,0,0,0,0,-54000,0,0,0,133000,187000,-54000,-54000
054830,世芯國泰99購01  ,0,0,0,0,0,0,0,0,0,-54000,0,0,0,100000,154000,-54000,-54000
054394,奇力新永豐96購03,0,0,0,0,0,0,0,0,0,-54000,0,0,0,14000,68000,-54000,-54000
2102,泰豐            ,45000,99000,-54000,0,0,0,0,0,0,0,0,0,0,0,0,0,-54000
2404,漢唐            ,322000,260000,62000,0,0,0,0,0,0,-116000,1000,41000,-40000,25000,101000,-76000,-54000
4960,誠美材          ,0,54000,-54000,0,0,0,0,0,0,0,0,0,0,0,0,0,-54000
056453,禾伸堂凱基99購02,0,0,0,0,0,0,0,0,0,-55000,0,0,0,52000,107000,-55000,-55000
056355,台積電元大98購08,0,0,0,0,0,0,0,0,0,-55000,0,0,0,350000,405000,-55000,-55000
057546,台積電凱基02購01,0,0,0,0,0,0,0,0,0,-55000,0,0,0,10000,65000,-55000,-55000
056798,華新科麥證98購01,0,0,0,20000,75000,-55000,0,0,0,-55000,0,0,0,20000,75000,-55000,-55000
047505,元金2X國票9B購01,0,0,0,0,0,0,0,0,0,-55000,0,0,0,66000,121000,-55000,-55000
048484,大立光國泰95購02,0,0,0,0,0,0,0,0,0,-55000,0,0,0,10000,65000,-55000,-55000
052308,大立光國泰97購02,0,0,0,0,0,0,0,0,0,-55000,0,0,0,10000,65000,-55000,-55000
050891,喬山元大95購01  ,0,0,0,0,0,0,0,0,0,-55000,0,0,0,25000,80000,-55000,-55000
049773,臺股指元富94購02,0,0,0,0,0,0,0,0,0,-55000,0,0,0,5000,60000,-55000,-55000
051019,大立光凱基95購08,0,0,0,0,0,0,0,0,0,-55000,0,0,0,0,55000,-55000,-55000
05103P,臺股指凱基96售10,0,0,0,0,0,0,0,0,0,-55000,0,0,0,257000,312000,-55000,-55000
049400,可成群益94購03  ,0,0,0,0,0,0,0,0,0,-55000,0,0,0,0,55000,-55000,-55000
052859,國巨凱基96購07  ,0,0,0,0,0,0,0,0,0,-55000,0,0,0,117000,172000,-55000,-55000
055435,佳世達中信99購01,0,0,0,0,0,0,0,0,0,-55000,0,0,0,70000,125000,-55000,-55000
055470,南亞科凱基97購01,0,0,0,0,0,0,0,0,0,-55000,0,0,0,13000,68000,-55000,-55000
055334,禾伸堂兆豐97購01,0,0,0,0,0,0,0,0,0,-55000,0,0,0,0,55000,-55000,-55000
055105,鴻海凱基98購05  ,0,0,0,0,0,0,0,0,0,-55000,0,0,0,1000,56000,-55000,-55000
053520,康友群益96購01  ,0,0,0,0,0,0,0,0,0,-55000,0,0,0,5000,60000,-55000,-55000
054045,奇力新元大97購03,0,0,0,0,0,0,0,0,0,-55000,0,0,0,7000,62000,-55000,-55000
054128,台積電元大97購10,0,0,0,0,0,0,0,0,0,-55000,0,0,0,219000,274000,-55000,-55000
054081,聯電元富96購01  ,0,0,0,0,0,0,0,0,0,-55000,0,0,0,50000,105000,-55000,-55000
053718,全新凱基97購02  ,0,0,0,0,0,0,0,0,0,-55000,0,0,0,10000,65000,-55000,-55000
6197,佳必琪          ,4000,60000,-56000,0,0,0,0,0,0,1000,1000,0,1000,0,0,0,-55000
2342,茂矽            ,635000,690000,-55000,0,0,0,0,0,0,0,0,0,0,0,0,0,-55000
3504,揚明光          ,173000,214000,-41000,0,0,0,0,0,0,-14000,0,0,0,12000,26000,-14000,-55000
06128P,玉晶光元富97售05,0,0,0,0,0,0,0,0,0,-55000,0,0,0,10000,65000,-55000,-55000
056993,GIS兆豐99購01   ,0,0,0,0,0,0,0,0,0,-56000,0,0,0,102000,158000,-56000,-56000
055892,國巨統一99購01  ,0,0,0,0,0,0,0,0,0,-56000,0,0,0,208000,264000,-56000,-56000
052315,廣宇元大95購02  ,0,0,0,0,0,0,0,0,0,-56000,0,0,0,0,56000,-56000,-56000
048422,瑞昱元富96購02  ,0,0,0,0,0,0,0,0,0,-56000,0,0,0,0,56000,-56000,-56000
044927,聯詠國泰94購01  ,0,0,0,0,0,0,0,0,0,-56000,0,0,0,59000,115000,-56000,-56000
05130P,聯發科統一95售03,0,0,0,0,0,0,0,0,0,-56000,0,0,0,43000,99000,-56000,-56000
049820,世紀鋼元大96購03,0,0,0,0,0,0,0,0,0,-56000,0,0,0,0,56000,-56000,-56000
050101,台積電永昌96購03,0,0,0,0,0,0,0,0,0,-56000,0,0,0,160000,216000,-56000,-56000
049563,華新統一95購01  ,0,0,0,0,0,0,0,0,0,-56000,0,0,0,0,56000,-56000,-56000
053600,同欣電元大96購04,0,0,0,0,0,0,0,0,0,-56000,0,0,0,214000,270000,-56000,-56000
055437,禾伸堂中信99購01,0,0,0,0,0,0,0,0,0,-56000,0,0,0,68000,124000,-56000,-56000
054425,聯發科富邦99購03,0,0,0,0,0,0,0,0,0,-56000,0,0,0,10000,66000,-56000,-56000
06682P,玉晶光元大99售08,0,0,0,0,0,0,0,0,0,-56000,0,0,0,0,56000,-56000,-56000
1709,和益            ,55000,111000,-56000,0,0,0,0,0,0,0,0,0,0,0,0,0,-56000
8464,億豐            ,53500,122000,-68500,0,0,0,0,15000,-15000,27000,32000,5000,27000,0,0,0,-56500
055516,上銀中信97購01  ,0,0,0,0,0,0,0,0,0,-57000,0,0,0,33000,90000,-57000,-57000
056624,景碩永豐98購01  ,0,0,0,0,0,0,0,0,0,-57000,0,0,0,6000,63000,-57000,-57000
056714,晶相光永豐98購02,0,0,0,0,0,0,0,0,0,-57000,0,0,0,8000,65000,-57000,-57000
057223,富邦金日盛99購01,0,0,0,0,0,0,0,0,0,-57000,0,0,0,0,57000,-57000,-57000
057434,國巨國票99購03  ,0,0,0,0,0,0,0,0,0,-57000,0,0,0,9000,66000,-57000,-57000
057645,華新科元大99購11,0,0,0,0,0,0,0,0,0,-57000,0,0,0,29000,86000,-57000,-57000
05804P,美律永豐96售01  ,0,0,0,0,0,0,0,0,0,-57000,0,0,0,85000,142000,-57000,-57000
00681R,元大美債20反1   ,0,0,0,0,0,0,0,0,0,-57000,0,0,0,4000,61000,-57000,-57000
047003,鴻海統一93購05  ,0,0,0,0,0,0,0,0,0,-57000,0,0,0,0,57000,-57000,-57000
051780,矽力群益95購01  ,0,0,0,0,0,0,0,0,0,-57000,0,0,0,40000,97000,-57000,-57000
049982,嘉晶凱基94購01  ,0,0,0,0,0,0,0,0,0,-57000,0,0,0,214000,271000,-57000,-57000
055305,旺宏群益99購01  ,0,0,0,0,0,0,0,0,0,-57000,0,0,0,0,57000,-57000,-57000
2908,特力            ,6000,63000,-57000,0,0,0,0,0,0,0,0,0,0,0,0,0,-57000
2603,長榮            ,1744000,2259000,-515000,0,0,0,459000,0,459000,-1000,3000,4000,-1000,0,0,0,-57000
06853P,華擎元富98售03  ,0,0,0,0,0,0,0,0,0,-57000,0,0,0,0,57000,-57000,-57000
056421,鴻海統一98購08  ,0,0,0,0,0,0,0,0,0,-58000,0,0,0,0,58000,-58000,-58000
047360,鴻海群益95購02  ,0,0,0,0,0,0,0,0,0,-58000,0,0,0,102000,160000,-58000,-58000
00851,台新全球AI      ,0,0,0,0,0,0,0,0,0,-58000,0,0,0,47000,105000,-58000,-58000
042752,台灣50元大96購03,0,0,0,0,0,0,0,0,0,-58000,0,0,0,4000,62000,-58000,-58000
044003,聯發科兆豐93購01,0,0,0,0,0,0,0,0,0,-58000,0,0,0,15000,73000,-58000,-58000
04765P,宏達電永豐94售02,0,0,0,0,0,0,0,0,0,-58000,0,0,0,0,58000,-58000,-58000
051843,聯發科富邦99購01,0,0,0,0,0,0,0,0,0,-58000,0,0,0,612000,670000,-58000,-58000
050677,光寶科統一94購01,0,0,0,0,0,0,0,0,0,-58000,0,0,0,0,58000,-58000,-58000
051621,欣興凱基95購02  ,0,0,0,0,0,0,0,0,0,-58000,0,0,0,10000,68000,-58000,-58000
051472,台積電凱基95購09,0,0,0,0,0,0,0,0,0,-58000,0,0,0,30000,88000,-58000,-58000
050790,昇陽半國泰96購02,0,0,0,0,0,0,0,0,0,-58000,0,0,0,79000,137000,-58000,-58000
053305,聯詠凱基96購02  ,0,0,0,0,0,0,0,0,0,-58000,0,0,0,10000,68000,-58000,-58000
055372,宏達電元大97購04,0,0,0,0,0,0,0,0,0,-58000,0,0,0,51000,109000,-58000,-58000
055374,明泰元大97購01  ,0,0,0,0,0,0,0,0,0,-58000,0,0,0,2000,60000,-58000,-58000
055025,華新科國泰98購02,0,0,0,0,0,0,0,0,0,-58000,0,0,0,26000,84000,-58000,-58000
054262,瀚宇博元大96購03,0,0,0,0,0,0,0,0,0,-58000,0,0,0,56000,114000,-58000,-58000
053709,台達電凱基96購04,0,0,0,0,0,0,0,0,0,-58000,0,0,0,0,58000,-58000,-58000
053883,大立光中信98購02,0,0,0,0,0,0,0,0,0,-58000,0,0,0,0,58000,-58000,-58000
054002,GIS群益96購03   ,0,0,0,0,0,0,0,0,0,-58000,0,0,0,0,58000,-58000,-58000
052920,景碩台新96購02  ,0,0,0,0,0,0,0,0,0,-58000,0,0,0,261000,319000,-58000,-58000
2436,偉詮電          ,29000,87000,-58000,0,0,0,0,0,0,0,0,0,0,0,0,0,-58000
3356,奇偶            ,20000,78000,-58000,0,0,0,0,0,0,0,0,0,0,0,0,0,-58000
6525,捷敏-KY         ,20000,78900,-58900,0,0,0,0,0,0,0,0,0,0,0,0,0,-58900
05556P,全新國票96售04  ,0,0,0,0,0,0,0,0,0,-59000,0,0,0,113000,172000,-59000,-59000
055819,晶相光國票98購01,0,0,0,0,0,0,0,0,0,-59000,0,0,0,60000,119000,-59000,-59000
057333,智邦國票99購01  ,0,0,0,0,0,0,0,0,0,-59000,0,0,0,68000,127000,-59000,-59000
056923,奇力新兆豐99購02,0,0,0,0,0,0,0,0,0,-59000,0,0,0,150000,209000,-59000,-59000
056920,友達兆豐98購02  ,0,0,0,0,0,0,0,0,0,-59000,0,0,0,11000,70000,-59000,-59000
048612,嘉晶凱基93購05  ,0,0,0,0,0,0,0,0,0,-59000,0,0,0,35000,94000,-59000,-59000
044516,景碩凱基93購02  ,0,0,0,0,0,0,0,0,0,-59000,0,0,0,14000,73000,-59000,-59000
043642,元金2X國票97購01,0,0,0,0,0,0,0,0,0,-59000,0,0,0,37000,96000,-59000,-59000
050569,英業達中信94購01,0,0,0,0,0,0,0,0,0,-59000,0,0,0,0,59000,-59000,-59000
049219,聯發科國票95購01,0,0,0,0,0,0,0,0,0,-59000,0,0,0,58000,117000,-59000,-59000
050823,信邦凱基95購01  ,0,0,0,0,0,0,0,0,0,-59000,0,0,0,232000,291000,-59000,-59000
051461,聯詠國泰96購01  ,0,0,0,0,0,0,0,0,0,-59000,0,0,0,90000,149000,-59000,-59000
051634,大立光國票96購03,0,0,0,0,0,0,0,0,0,-59000,0,0,0,77000,136000,-59000,-59000
05119P,聯發科國泰96售02,0,0,0,0,0,0,0,0,0,-59000,0,0,0,100000,159000,-59000,-59000
049848,聯發科群益94購06,0,0,0,0,0,0,0,0,0,-59000,0,0,0,141000,200000,-59000,-59000
052079,康友元富98購01  ,0,0,0,0,0,0,0,0,0,-59000,0,0,0,95000,154000,-59000,-59000
9925,新保            ,12000,71000,-59000,0,0,0,0,0,0,0,0,0,0,0,0,0,-59000
056799,群創麥證98購01  ,0,0,0,0,60000,-60000,0,0,0,-60000,0,0,0,0,60000,-60000,-60000
056935,華新科元富98購02,0,0,0,0,0,0,0,0,0,-60000,0,0,0,20000,80000,-60000,-60000
057396,健鼎中信99購01  ,0,0,0,0,0,0,0,0,0,-60000,0,0,0,0,60000,-60000,-60000
05796P,臺股指群益96售10,0,0,0,0,0,0,0,0,0,-60000,0,0,0,145000,205000,-60000,-60000
05827P,台積電統一96售10,0,0,0,0,0,0,0,0,0,-60000,0,0,0,0,60000,-60000,-60000
06024P,台郡國票97售05  ,0,0,0,0,0,0,0,0,0,-60000,0,0,0,60000,120000,-60000,-60000
057595,健鼎兆豐98購01  ,0,0,0,0,0,0,0,0,0,-60000,0,0,0,0,60000,-60000,-60000
057717,友訊元富98購02  ,0,0,0,0,0,0,0,0,0,-60000,0,0,0,0,60000,-60000,-60000
057549,台光電凱基98購05,0,0,0,0,0,0,0,0,0,-60000,0,0,0,9000,69000,-60000,-60000
057494,玉晶光元大99購09,0,0,0,0,0,0,0,0,0,-60000,0,0,0,143000,203000,-60000,-60000
055990,矽創元富97購01  ,0,0,0,0,0,0,0,0,0,-60000,0,0,0,10000,70000,-60000,-60000
056037,美律凱基98購03  ,0,0,0,0,0,0,0,0,0,-60000,0,0,0,0,60000,-60000,-60000
056234,GIS麥證97購01   ,0,0,0,0,60000,-60000,0,0,0,-60000,0,0,0,0,60000,-60000,-60000
056305,群創元大9A購03  ,0,0,0,0,0,0,0,0,0,-60000,0,0,0,97000,157000,-60000,-60000
05653P,華邦電統一96售02,0,0,0,0,0,0,0,0,0,-60000,0,0,0,20000,80000,-60000,-60000
056598,京元電元富98購01,0,0,0,0,0,0,0,0,0,-60000,0,0,0,0,60000,-60000,-60000
046480,群創元富96購01  ,0,0,0,0,0,0,0,0,0,-60000,0,0,0,10000,70000,-60000,-60000
03830P,緯創中信95售01  ,0,0,0,0,0,0,0,0,0,-60000,0,0,0,0,60000,-60000,-60000
04669P,臺股指國票94售08,0,0,0,0,0,0,0,0,0,-60000,0,0,0,25000,85000,-60000,-60000
048629,滬深2X元大96購04,0,0,0,0,0,0,0,0,0,-60000,0,0,0,45000,105000,-60000,-60000
047846,滬深2X統一93購04,0,0,0,0,0,0,0,0,0,-60000,0,0,0,0,60000,-60000,-60000
047583,深中小永豐94購01,0,0,0,0,0,0,0,0,0,-60000,0,0,0,0,60000,-60000,-60000
044834,旺宏元大93購02  ,0,0,0,0,0,0,0,0,0,-60000,0,0,0,0,60000,-60000,-60000
047379,元油2X元大96購03,0,0,0,0,0,0,0,0,0,-60000,0,0,0,0,60000,-60000,-60000
048781,臺股指凱基96購01,0,0,0,0,0,0,0,0,0,-60000,0,0,0,30000,90000,-60000,-60000
047974,新光金兆豐93購01,0,0,0,0,0,0,0,0,0,-60000,0,0,0,0,60000,-60000,-60000
047975,緯創兆豐93購01  ,0,0,0,0,0,0,0,0,0,-60000,0,0,0,10000,70000,-60000,-60000
048240,嘉聯益國票94購03,0,0,0,0,0,0,0,0,0,-60000,0,0,0,0,60000,-60000,-60000
048284,臺股指中信95購04,0,0,0,0,0,0,0,0,0,-60000,0,0,0,0,60000,-60000,-60000
048102,矽力凱基94購01  ,0,0,0,0,0,0,0,0,0,-60000,0,0,0,8000,68000,-60000,-60000
049432,聯詠國票95購01  ,0,0,0,0,0,0,0,0,0,-60000,0,0,0,81000,141000,-60000,-60000
04940P,台積電國票95售02,0,0,0,0,0,0,0,0,0,-60000,0,0,0,0,60000,-60000,-60000
049968,麗豐國票95購01  ,0,0,0,0,0,0,0,0,0,-60000,0,0,0,0,60000,-60000,-60000
04958P,和大凱基94售04  ,0,0,0,0,0,0,0,0,0,-60000,0,0,0,70000,130000,-60000,-60000
050723,楠梓電國票94購01,0,0,0,0,0,0,0,0,0,-60000,0,0,0,0,60000,-60000,-60000
050839,楠梓電國票96購01,0,0,0,0,0,0,0,0,0,-60000,0,0,0,0,60000,-60000,-60000
050982,台積電國泰96購04,0,0,0,0,0,0,0,0,0,-60000,0,0,0,0,60000,-60000,-60000
049242,佳世達元富96購01,0,0,0,0,0,0,0,0,0,-60000,0,0,0,30000,90000,-60000,-60000
050495,大立光永昌96購01,0,0,0,0,0,0,0,0,0,-60000,0,0,0,5000,65000,-60000,-60000
051304,緯創凱基96購01  ,0,0,0,0,0,0,0,0,0,-60000,0,0,0,0,60000,-60000,-60000
049355,元油2X富邦96購04,0,0,0,0,0,0,0,0,0,-60000,0,0,0,40000,100000,-60000,-60000
053302,國巨凱基96購10  ,0,0,0,0,0,0,0,0,0,-60000,0,0,0,149000,209000,-60000,-60000
052617,景碩國泰98購01  ,0,0,0,0,0,0,0,0,0,-60000,0,0,0,10000,70000,-60000,-60000
053313,世紀鋼凱基96購01,0,0,0,0,0,0,0,0,0,-60000,0,0,0,0,60000,-60000,-60000
052860,旺宏凱基96購03  ,0,0,0,0,0,0,0,0,0,-60000,0,0,0,10000,70000,-60000,-60000
052983,國巨元大96購07  ,0,0,0,0,0,0,0,0,0,-60000,0,0,0,200000,260000,-60000,-60000
053048,同欣電麥證96購01,0,0,0,10000,70000,-60000,0,0,0,-60000,0,0,0,10000,70000,-60000,-60000
053236,群創永豐97購02  ,0,0,0,0,0,0,0,0,0,-60000,0,0,0,57000,117000,-60000,-60000
053223,台郡凱基96購02  ,0,0,0,0,0,0,0,0,0,-60000,0,0,0,0,60000,-60000,-60000
055377,揚明光元大98購01,0,0,0,0,0,0,0,0,0,-60000,0,0,0,68000,128000,-60000,-60000
2420,新巨            ,18000,78000,-60000,0,0,0,0,0,0,0,0,0,0,0,0,0,-60000
1203,味王            ,1000,61000,-60000,0,0,0,0,0,0,0,0,0,0,0,0,0,-60000
06321P,台積電統一98售03,0,0,0,0,0,0,0,0,0,-60000,0,0,0,0,60000,-60000,-60000
056306,晶相光元大98購01,0,0,0,0,0,0,0,0,0,-61000,0,0,0,284000,345000,-61000,-61000
055993,致茂國泰99購01  ,0,0,0,0,0,0,0,0,0,-61000,0,0,0,61000,122000,-61000,-61000
055624,聯發科富邦99購07,0,0,0,0,0,0,0,0,0,-61000,0,0,0,9000,70000,-61000,-61000
055597,禾伸堂元大98購02,0,0,0,0,0,0,0,0,0,-61000,0,0,0,0,61000,-61000,-61000
06023P,超眾國票96售03  ,0,0,0,0,0,0,0,0,0,-61000,0,0,0,9000,70000,-61000,-61000
06017P,亞光凱基96售04  ,0,0,0,0,0,0,0,0,0,-61000,0,0,0,23000,84000,-61000,-61000
05794P,華邦電群益96售04,0,0,0,0,0,0,0,0,0,-61000,0,0,0,0,61000,-61000,-61000
057225,華新凱基98購01  ,0,0,0,0,0,0,0,0,0,-61000,0,0,0,0,61000,-61000,-61000
04908P,南電國票95售03  ,0,0,0,0,0,0,0,0,0,-61000,0,0,0,0,61000,-61000,-61000
048777,瀚宇博凱基94購02,0,0,0,0,0,0,0,0,0,-61000,0,0,0,68000,129000,-61000,-61000
04420P,奇鋐永豐94售01  ,0,0,0,0,0,0,0,0,0,-61000,0,0,0,0,61000,-61000,-61000
04308P,京元電凱基93售06,0,0,0,0,0,0,0,0,0,-61000,0,0,0,0,61000,-61000,-61000
051912,健鼎元大96購01  ,0,0,0,0,0,0,0,0,0,-61000,0,0,0,10000,71000,-61000,-61000
049734,瑞昱群益94購02  ,0,0,0,0,0,0,0,0,0,-61000,0,0,0,40000,101000,-61000,-61000
049798,台積電元大94購18,0,0,0,0,0,0,0,0,0,-61000,0,0,0,153000,214000,-61000,-61000
05531P,臺股指群益96售04,0,0,0,0,0,0,0,0,0,-61000,0,0,0,10000,71000,-61000,-61000
054858,台肥群益97購01  ,0,0,0,0,0,0,0,0,0,-61000,0,0,0,0,61000,-61000,-61000
053936,旺宏元富96購04  ,0,0,0,0,0,0,0,0,0,-61000,0,0,0,30000,91000,-61000,-61000
053627,宏碁兆豐97購01  ,0,0,0,0,0,0,0,0,0,-61000,0,0,0,194000,255000,-61000,-61000
3024,憶聲            ,0,61000,-61000,0,0,0,0,0,0,0,0,0,0,0,0,0,-61000
5434,崇越            ,122000,236000,-114000,0,0,0,2000,0,2000,51000,51000,0,51000,0,0,0,-61000
057271,國巨元大98購17  ,0,0,0,0,0,0,0,0,0,-62000,0,0,0,61000,123000,-62000,-62000
056909,嘉聯益元大99購03,0,0,0,0,0,0,0,0,0,-62000,0,0,0,29000,91000,-62000,-62000
057649,嘉聯益元大99購04,0,0,0,0,0,0,0,0,0,-62000,0,0,0,3000,65000,-62000,-62000
056118,聯詠群益97購03  ,0,0,0,0,0,0,0,0,0,-62000,0,0,0,13000,75000,-62000,-62000
055860,啟碁元大97購04  ,0,0,0,0,0,0,0,0,0,-62000,0,0,0,6000,68000,-62000,-62000
056240,嘉晶群益97購02  ,0,0,0,0,0,0,0,0,0,-62000,0,0,0,4000,66000,-62000,-62000
04103P,臺股指國票93售10,0,0,0,0,0,0,0,0,0,-62000,0,0,0,45000,107000,-62000,-62000
048611,宏達電凱基93購04,0,0,0,0,0,0,0,0,0,-62000,0,0,0,24000,86000,-62000,-62000
048841,聯茂凱基94購06  ,0,0,0,0,0,0,0,0,0,-62000,0,0,0,6000,68000,-62000,-62000
052077,可成元富98購02  ,0,0,0,0,0,0,0,0,0,-62000,0,0,0,20000,82000,-62000,-62000
051057,信邦群益95購01  ,0,0,0,0,0,0,0,0,0,-62000,0,0,0,38000,100000,-62000,-62000
049585,旺宏元大95購02  ,0,0,0,0,0,0,0,0,0,-62000,0,0,0,40000,102000,-62000,-62000
051405,世芯永豐95購01  ,0,0,0,0,0,0,0,0,0,-62000,0,0,0,763000,825000,-62000,-62000
052135,聯發科凱基9B購01,0,0,0,0,0,0,0,0,0,-62000,0,0,0,346000,408000,-62000,-62000
050533,致新元大94購03  ,0,0,0,0,0,0,0,0,0,-62000,0,0,0,9000,71000,-62000,-62000
052961,國巨凱基97購02  ,0,0,0,0,0,0,0,0,0,-62000,0,0,0,126000,188000,-62000,-62000
4133,亞諾法          ,23000,71000,-48000,0,0,0,0,0,0,-14000,0,14000,-14000,0,0,0,-62000
1626,艾美特-KY       ,54000,116000,-62000,0,0,0,0,0,0,0,0,0,0,0,0,0,-62000
06261P,上銀凱基97售03  ,0,0,0,0,0,0,0,0,0,-62000,0,0,0,0,62000,-62000,-62000
1218,泰山            ,145000,203000,-58000,0,0,0,0,0,0,-4000,0,4000,-4000,0,0,0,-62000
055714,智邦元大97購03  ,0,0,0,0,0,0,0,0,0,-63000,0,0,0,67000,130000,-63000,-63000
056962,技嘉永豐98購01  ,0,0,0,0,0,0,0,0,0,-63000,0,0,0,189000,252000,-63000,-63000
057264,新光金兆豐98購01,0,0,0,0,0,0,0,0,0,-63000,0,0,0,45000,108000,-63000,-63000
052137,台表科凱基96購02,0,0,0,0,0,0,0,0,0,-63000,0,0,0,0,63000,-63000,-63000
049812,致伸元大94購03  ,0,0,0,0,0,0,0,0,0,-63000,0,0,0,0,63000,-63000,-63000
05085P,鴻海日盛95售01  ,0,0,0,0,0,0,0,0,0,-63000,0,0,0,0,63000,-63000,-63000
051488,健策凱基96購04  ,0,0,0,0,0,0,0,0,0,-63000,0,0,0,358000,421000,-63000,-63000
052770,聯茂群益96購02  ,0,0,0,0,0,0,0,0,0,-63000,0,0,0,57000,120000,-63000,-63000
054251,聯發科元大96購21,0,0,0,0,0,0,0,0,0,-63000,0,0,0,55000,118000,-63000,-63000
054427,潤泰全富邦97購01,0,0,0,0,0,0,0,0,0,-63000,0,0,0,150000,213000,-63000,-63000
2030,彰源            ,32000,95000,-63000,0,0,0,0,0,0,0,0,0,0,0,0,0,-63000
055896,南電統一97購02  ,0,0,0,0,0,0,0,0,0,-64000,0,0,0,755000,819000,-64000,-64000
055839,瑞昱元大97購04  ,0,0,0,0,0,0,0,0,0,-64000,0,0,0,35000,99000,-64000,-64000
055923,矽力凱基98購01  ,0,0,0,0,0,0,0,0,0,-64000,0,0,0,10000,74000,-64000,-64000
056386,TPK國泰99購01   ,0,0,0,0,0,0,0,0,0,-64000,0,0,0,0,64000,-64000,-64000
05665P,台積電凱基96售08,0,0,0,0,0,0,0,0,0,-64000,0,0,0,6000,70000,-64000,-64000
04428P,台光電元大94售02,0,0,0,0,0,0,0,0,0,-64000,0,0,0,0,64000,-64000,-64000
050642,和大凱基94購03  ,0,0,0,0,0,0,0,0,0,-64000,0,0,0,13000,77000,-64000,-64000
054870,新日興群益98購01,0,0,0,0,0,0,0,0,0,-64000,0,0,0,0,64000,-64000,-64000
055317,金寶國票98購01  ,0,0,0,0,0,0,0,0,0,-64000,0,0,0,26000,90000,-64000,-64000
053243,楠梓電國票97購02,0,0,0,0,0,0,0,0,0,-64000,0,0,0,0,64000,-64000,-64000
052878,台虹凱基96購01  ,0,0,0,0,0,0,0,0,0,-64000,0,0,0,246000,310000,-64000,-64000
056288,健鼎永豐97購01  ,0,0,0,0,0,0,0,0,0,-65000,0,0,0,3000,68000,-65000,-65000
055601,茂林元大97購03  ,0,0,0,0,0,0,0,0,0,-65000,0,0,0,8000,73000,-65000,-65000
056990,聯發科兆豐98購01,0,0,0,0,0,0,0,0,0,-65000,0,0,0,21000,86000,-65000,-65000
056862,聯發科群益98購03,0,0,0,0,0,0,0,0,0,-65000,0,0,0,68000,133000,-65000,-65000
056821,日電貿永豐98購01,0,0,0,0,0,0,0,0,0,-65000,0,0,0,104000,169000,-65000,-65000
057506,聯鈞國票99購02  ,0,0,0,0,0,0,0,0,0,-65000,0,0,0,92000,157000,-65000,-65000
05830P,滬深2X元富99售03,0,0,0,0,0,0,0,0,0,-65000,0,0,0,0,65000,-65000,-65000
03430B,臺股指元大9B熊01,0,0,0,0,0,0,0,0,0,-65000,0,0,0,0,65000,-65000,-65000
046798,元油2X元大96購01,0,0,0,0,0,0,0,0,0,-65000,0,0,0,0,65000,-65000,-65000
050990,T50反1元大95購01,0,0,0,0,0,0,0,0,0,-65000,0,0,0,30000,95000,-65000,-65000
052076,可成元富98購01  ,0,0,0,0,0,0,0,0,0,-65000,0,0,0,50000,115000,-65000,-65000
049996,元油2X永豐94購05,0,0,0,0,0,0,0,0,0,-65000,0,0,0,10000,75000,-65000,-65000
052097,GIS元大95購05   ,0,0,0,0,0,0,0,0,0,-65000,0,0,0,0,65000,-65000,-65000
051676,康舒元大95購01  ,0,0,0,0,0,0,0,0,0,-65000,0,0,0,35000,100000,-65000,-65000
051997,康友元大95購02  ,0,0,0,0,0,0,0,0,0,-65000,0,0,0,27000,92000,-65000,-65000
053294,聯發科中信9C購01,0,0,0,0,0,0,0,0,0,-65000,0,0,0,0,65000,-65000,-65000
053111,緯創兆豐97購01  ,0,0,0,0,0,0,0,0,0,-65000,0,0,0,5000,70000,-65000,-65000
053642,瀚宇博永豐96購01,0,0,0,0,0,0,0,0,0,-65000,0,0,0,11000,76000,-65000,-65000
054041,鴻海元大96購22  ,0,0,0,0,0,0,0,0,0,-65000,0,0,0,134000,199000,-65000,-65000
054464,奇力新凱基98購02,0,0,0,0,0,0,0,0,0,-65000,0,0,0,57000,122000,-65000,-65000
06752P,訊芯凱基98售05  ,0,0,0,0,0,0,0,0,0,-65000,0,0,0,80000,145000,-65000,-65000
056476,智原元大98購02  ,30000,0,30000,0,0,0,0,0,0,-96000,0,0,0,15000,111000,-96000,-66000
052170,台積電元大95購20,0,0,0,0,0,0,0,0,0,-66000,0,0,0,113000,179000,-66000,-66000
04616P,臺股指群益95售02,0,0,0,0,0,0,0,0,0,-66000,0,0,0,0,66000,-66000,-66000
046642,南電永豐93購01  ,0,0,0,0,0,0,0,0,0,-66000,0,0,0,5000,71000,-66000,-66000
044722,滬深2X永豐93購01,0,0,0,0,0,0,0,0,0,-66000,0,0,0,0,66000,-66000,-66000
051969,世紀鋼永豐95購01,0,0,0,0,0,0,0,0,0,-66000,0,0,0,10000,76000,-66000,-66000
054337,智邦統一96購01  ,0,0,0,0,0,0,0,0,0,-66000,0,0,0,0,66000,-66000,-66000
055077,臺股指永豐97購02,0,0,0,0,0,0,0,0,0,-66000,0,0,0,10000,76000,-66000,-66000
06244P,智易元富97售02  ,0,0,0,0,0,0,0,0,0,-66000,0,0,0,0,66000,-66000,-66000
05888P,友達元大97售01  ,0,0,0,0,0,0,0,0,0,-67000,0,0,0,85000,152000,-67000,-67000
05914P,友達元大96售04  ,0,0,0,0,0,0,0,0,0,-67000,0,0,0,77000,144000,-67000,-67000
057551,華新科凱基98購06,0,0,0,0,0,0,0,0,0,-67000,0,0,0,0,67000,-67000,-67000
044270,群創中信95購02  ,0,0,0,0,0,0,0,0,0,-67000,0,0,0,0,67000,-67000,-67000
052103,台積電兆豐95購06,0,0,0,0,0,0,0,0,0,-67000,0,0,0,10000,77000,-67000,-67000
051025,晶華統一95購01  ,0,0,0,0,0,0,0,0,0,-67000,0,0,0,23000,90000,-67000,-67000
050713,矽格麥證94購01  ,0,0,0,3000,70000,-67000,0,0,0,-67000,0,0,0,3000,70000,-67000,-67000
051823,矽力元富95購02  ,0,0,0,0,0,0,0,0,0,-67000,0,0,0,35000,102000,-67000,-67000
054943,群光元大97購01  ,0,0,0,0,0,0,0,0,0,-67000,0,0,0,0,67000,-67000,-67000
055386,致新元大97購02  ,0,0,0,0,0,0,0,0,0,-67000,0,0,0,6000,73000,-67000,-67000
055498,大立光元大97購07,0,0,0,0,0,0,0,0,0,-67000,0,0,0,255000,322000,-67000,-67000
054202,樺漢富邦97購01  ,0,0,0,0,0,0,0,0,0,-67000,0,0,0,72000,139000,-67000,-67000
053669,台積電統一96購08,0,0,0,0,0,0,0,0,0,-67000,0,0,0,0,67000,-67000,-67000
053750,致伸永豐96購02  ,0,0,0,0,0,0,0,0,0,-67000,0,0,0,1000,68000,-67000,-67000
053132,國巨國票97購02  ,0,0,0,0,0,0,0,0,0,-67000,0,0,0,280000,347000,-67000,-67000
052877,矽創凱基96購01  ,0,0,0,0,0,0,0,0,0,-67000,0,0,0,1000,68000,-67000,-67000
052969,建準群益97購01  ,0,0,0,0,0,0,0,0,0,-67000,0,0,0,0,67000,-67000,-67000
057482,微星元大98購03  ,0,0,0,0,0,0,0,0,0,-68000,0,0,0,90000,158000,-68000,-68000
06008P,燿華統一96售04  ,0,0,0,0,0,0,0,0,0,-68000,0,0,0,0,68000,-68000,-68000
056959,鴻海永豐98購03  ,0,0,0,0,0,0,0,0,0,-68000,0,0,0,0,68000,-68000,-68000
057388,奇鋐永豐98購02  ,0,0,0,0,0,0,0,0,0,-68000,0,0,0,0,68000,-68000,-68000
056304,創意元大97購03  ,0,0,0,0,0,0,0,0,0,-68000,0,0,0,0,68000,-68000,-68000
056298,億光元大97購02  ,0,0,0,0,0,0,0,0,0,-68000,0,0,0,0,68000,-68000,-68000
056210,矽創永豐97購02  ,0,0,0,0,0,0,0,0,0,-68000,0,0,0,0,68000,-68000,-68000
055654,景碩元富97購01  ,0,0,0,0,0,0,0,0,0,-68000,0,0,0,190000,258000,-68000,-68000
05593P,鴻海國票97售03  ,0,0,0,0,0,0,0,0,0,-68000,0,0,0,2000,70000,-68000,-68000
056039,宏達電凱基97購02,0,0,0,0,0,0,0,0,0,-68000,0,0,0,4000,72000,-68000,-68000
048645,創意元大94購02  ,0,0,0,0,0,0,0,0,0,-68000,0,0,0,0,68000,-68000,-68000
052173,廣達元大95購02  ,0,0,0,0,0,0,0,0,0,-68000,0,0,0,0,68000,-68000,-68000
052160,美律永豐95購03  ,0,0,0,0,0,0,0,0,0,-68000,0,0,0,0,68000,-68000,-68000
049080,可成凱基94購03  ,0,0,0,0,0,0,0,0,0,-68000,0,0,0,0,68000,-68000,-68000
052359,百和永豐95購01  ,0,0,0,0,0,0,0,0,0,-68000,0,0,0,0,68000,-68000,-68000
048984,上緯控元大94購01,0,0,0,0,0,0,0,0,0,-68000,0,0,0,0,68000,-68000,-68000
048988,聯茂元大94購02  ,0,0,0,0,0,0,0,0,0,-68000,0,0,0,0,68000,-68000,-68000
049106,大立光富邦94購01,0,0,0,0,0,0,0,0,0,-68000,0,0,0,0,68000,-68000,-68000
048563,明泰元大94購01  ,0,0,0,0,0,0,0,0,0,-68000,0,0,0,0,68000,-68000,-68000
048527,鴻海國票94購02  ,0,0,0,0,0,0,0,0,0,-68000,0,0,0,100000,168000,-68000,-68000
050688,大立光日盛94購03,0,0,0,0,0,0,0,0,0,-68000,0,0,0,0,68000,-68000,-68000
051581,聯發科元大95購12,0,0,0,0,0,0,0,0,0,-68000,0,0,0,0,68000,-68000,-68000
052052,嘉澤凱基95購02  ,0,0,0,0,0,0,0,0,0,-68000,0,0,0,0,68000,-68000,-68000
049645,台積電凱基94購22,0,0,0,0,0,0,0,0,0,-68000,0,0,0,0,68000,-68000,-68000
051363,矽創元大95購03  ,0,0,0,0,0,0,0,0,0,-68000,0,0,0,0,68000,-68000,-68000
051984,台塑元大95購01  ,0,0,0,0,0,0,0,0,0,-68000,0,0,0,0,68000,-68000,-68000
050462,寶成元大94購01  ,0,0,0,0,0,0,0,0,0,-68000,0,0,0,0,68000,-68000,-68000
052741,聯發科元大96購08,0,0,0,0,0,0,0,0,0,-68000,0,0,0,92000,160000,-68000,-68000
052001,寶成元大95購02  ,0,0,0,0,0,0,0,0,0,-68000,0,0,0,0,68000,-68000,-68000
052872,智易凱基96購01  ,0,300000,-300000,0,0,0,0,0,0,232000,0,0,0,300000,68000,232000,-68000
052921,大成鋼永豐96購01,0,0,0,0,0,0,0,0,0,-68000,0,0,0,0,68000,-68000,-68000
05327P,臺股指凱基95售11,0,0,0,0,0,0,0,0,0,-68000,0,0,0,20000,88000,-68000,-68000
052638,緯創凱基96購02  ,0,0,0,0,0,0,0,0,0,-68000,0,0,0,0,68000,-68000,-68000
053471,正崴元大96購01  ,0,0,0,0,0,0,0,0,0,-68000,0,0,0,32000,100000,-68000,-68000
053574,奇力新元富99購01,0,0,0,0,0,0,0,0,0,-68000,0,0,0,35000,103000,-68000,-68000
054182,台積電康和96購01,0,0,0,0,0,0,0,0,0,-68000,0,0,0,0,68000,-68000,-68000
054113,奇力新台新97購01,0,0,0,0,0,0,0,0,0,-68000,0,0,0,0,68000,-68000,-68000
055350,聯發科凱基97購02,0,0,0,0,0,0,0,0,0,-68000,0,0,0,0,68000,-68000,-68000
054507,鈺齊永豐96購01  ,0,0,0,0,0,0,0,0,0,-68000,0,0,0,0,68000,-68000,-68000
054416,禾伸堂元大97購01,0,0,0,0,0,0,0,0,0,-68000,0,0,0,20000,88000,-68000,-68000
054679,台積電康和99購01,0,0,0,0,0,0,0,0,0,-68000,0,0,0,0,68000,-68000,-68000
054630,聯鈞凱基98購01  ,0,0,0,0,0,0,0,0,0,-68000,0,0,0,11000,79000,-68000,-68000
3583,辛耘            ,21000,89000,-68000,0,0,0,0,0,0,0,0,0,0,0,0,0,-68000
056232,瑞儀凱基98購01  ,0,0,0,0,0,0,0,0,0,-69000,0,0,0,0,69000,-69000,-69000
056642,旺宏凱基98購07  ,0,0,0,0,0,0,0,0,0,-69000,0,0,0,31000,100000,-69000,-69000
056988,聚陽兆豐98購01  ,0,0,0,0,0,0,0,0,0,-69000,0,0,0,16000,85000,-69000,-69000
057003,立積國票98購01  ,0,0,0,0,0,0,0,0,0,-69000,0,0,0,14000,83000,-69000,-69000
057478,智邦元大99購01  ,0,0,0,0,0,0,0,0,0,-69000,0,0,0,269000,338000,-69000,-69000
057414,華新科日盛9A購01,0,0,0,0,0,0,0,0,0,-69000,0,0,0,0,69000,-69000,-69000
057570,技嘉永豐98購02  ,0,0,0,0,0,0,0,0,0,-69000,0,0,0,72000,141000,-69000,-69000
048933,晶豪科永豐94購01,0,0,0,0,0,0,0,0,0,-69000,0,0,0,12000,81000,-69000,-69000
048855,華新科群益94購02,0,0,0,0,0,0,0,0,0,-69000,0,0,0,55000,124000,-69000,-69000
052680,T50反1元大96購04,0,0,0,0,0,0,0,0,0,-69000,0,0,0,25000,94000,-69000,-69000
050477,矽力永豐94購01  ,0,0,0,0,0,0,0,0,0,-69000,0,0,0,10000,79000,-69000,-69000
054504,聯鈞永豐96購01  ,0,0,0,0,0,0,0,0,0,-69000,0,0,0,89000,158000,-69000,-69000
052640,台表科凱基97購01,0,0,0,0,0,0,0,0,0,-69000,0,0,0,12000,81000,-69000,-69000
057561,大立光兆豐98購02,0,0,0,0,0,0,0,0,0,-70000,0,0,0,0,70000,-70000,-70000
06009P,宏達電元富96售03,0,0,0,0,0,0,0,0,0,-70000,0,0,0,0,70000,-70000,-70000
05945P,聯詠中信96售01  ,0,0,0,0,0,0,0,0,0,-70000,0,0,0,0,70000,-70000,-70000
057073,康控永豐98購01  ,0,0,0,0,0,0,0,0,0,-70000,0,0,0,105000,175000,-70000,-70000
057356,彩晶統一98購04  ,0,0,0,0,0,0,0,0,0,-70000,0,0,0,0,70000,-70000,-70000
056316,訊芯元大98購03  ,0,0,0,0,0,0,0,0,0,-70000,0,0,0,0,70000,-70000,-70000
048032,可成凱基93購13  ,0,0,0,0,0,0,0,0,0,-70000,0,0,0,0,70000,-70000,-70000
048288,T50反1群益93購05,0,0,0,0,0,0,0,0,0,-70000,0,0,0,0,70000,-70000,-70000
047127,臻鼎中信95購01  ,0,0,0,0,0,0,0,0,0,-70000,0,0,0,30000,100000,-70000,-70000
046933,台泥元富93購01  ,0,0,0,0,0,0,0,0,0,-70000,0,0,0,0,70000,-70000,-70000
047343,台達電中信95購01,0,0,0,0,0,0,0,0,0,-70000,0,0,0,0,70000,-70000,-70000
047714,禾伸堂凱基93購03,0,0,0,0,0,0,0,0,0,-70000,0,0,0,0,70000,-70000,-70000
047582,滬深2X永豐95購02,0,0,0,0,0,0,0,0,0,-70000,0,0,0,0,70000,-70000,-70000
051930,國泰金兆豐97購01,0,0,0,0,0,0,0,0,0,-70000,0,0,0,0,70000,-70000,-70000
051677,達方元大95購01  ,0,0,0,0,0,0,0,0,0,-70000,0,0,0,0,70000,-70000,-70000
051875,聯發科兆豐95購04,0,0,0,0,0,0,0,0,0,-70000,0,0,0,0,70000,-70000,-70000
052708,楠梓電永豐97購01,0,0,0,0,0,0,0,0,0,-70000,0,0,0,0,70000,-70000,-70000
051762,國泰金元大95購01,0,0,0,0,0,0,0,0,0,-70000,0,0,0,0,70000,-70000,-70000
051457,寶成元大95購01  ,0,0,0,0,0,0,0,0,0,-70000,0,0,0,0,70000,-70000,-70000
052956,聯發科日盛96購01,0,0,0,0,0,0,0,0,0,-70000,0,0,0,5000,75000,-70000,-70000
052982,鴻海元大97購06  ,0,0,0,0,0,0,0,0,0,-70000,0,0,0,0,70000,-70000,-70000
053113,瀚宇博兆豐97購01,0,0,0,0,0,0,0,0,0,-70000,0,0,0,0,70000,-70000,-70000
054034,景碩中信96購01  ,0,0,0,0,0,0,0,0,0,-70000,0,0,0,10000,80000,-70000,-70000
054006,智易統一97購01  ,0,30000,-30000,0,0,0,0,0,0,-40000,0,0,0,30000,70000,-40000,-70000
055405,華泰國泰98購01  ,0,0,0,0,0,0,0,0,0,-70000,0,0,0,0,70000,-70000,-70000
2314,台揚            ,26000,94000,-68000,0,0,0,0,0,0,-2000,0,2000,-2000,0,0,0,-70000
06124P,超眾元大97售03  ,0,0,0,0,0,0,0,0,0,-70000,0,0,0,35000,105000,-70000,-70000
06159P,牧德元富97售02  ,0,0,0,0,0,0,0,0,0,-70000,0,0,0,2000,72000,-70000,-70000
06797P,臺股指凱基98售07,0,0,0,0,0,0,0,0,0,-70000,0,0,0,0,70000,-70000,-70000
05722P,玉晶光國票97售03,0,0,0,0,0,0,0,0,0,-71000,0,0,0,83000,154000,-71000,-71000
057183,玉晶光元大99購07,0,0,0,0,0,0,0,0,0,-71000,0,0,0,296000,367000,-71000,-71000
056849,瀚宇博元富98購01,0,0,0,0,0,0,0,0,0,-71000,0,0,0,7000,78000,-71000,-71000
047641,可成元大93購09  ,0,0,0,0,0,0,0,0,0,-71000,0,0,0,0,71000,-71000,-71000
048561,可成元大93購13  ,0,0,0,0,0,0,0,0,0,-71000,0,0,0,41000,112000,-71000,-71000
049724,南電第一94購01  ,0,0,0,0,0,0,0,0,0,-71000,0,0,0,451000,522000,-71000,-71000
050546,可成凱基94購13  ,0,0,0,0,0,0,0,0,0,-71000,0,0,0,20000,91000,-71000,-71000
054364,智伸科凱基96購01,0,0,0,0,0,0,0,0,0,-71000,0,0,0,9000,80000,-71000,-71000
054296,世芯元大97購01  ,0,0,0,0,0,0,0,0,0,-71000,0,0,0,41000,112000,-71000,-71000
053925,群創國票98購01  ,0,0,0,0,0,0,0,0,0,-71000,0,0,0,500000,571000,-71000,-71000
054174,宏達電台新97購01,0,0,0,0,0,0,0,0,0,-71000,0,0,0,0,71000,-71000,-71000
053641,正文永豐96購01  ,0,0,0,0,0,0,0,0,0,-71000,0,0,0,126000,197000,-71000,-71000
2439,美律            ,310000,438000,-128000,0,0,0,0,18000,-18000,75000,73000,16000,57000,26000,8000,18000,-71000
6412,群電            ,273000,344000,-71000,0,0,0,0,0,0,0,0,0,0,0,0,0,-71000
6541,泰福-KY         ,65000,135000,-70000,0,0,0,0,0,0,-1000,0,1000,-1000,0,0,0,-71000
057071,華擎永豐98購02  ,0,0,0,0,0,0,0,0,0,-72000,0,0,0,357000,429000,-72000,-72000
057451,大立光元富9B購01,0,0,0,0,0,0,0,0,0,-72000,0,0,0,5000,77000,-72000,-72000
055967,臻鼎元大97購01  ,0,0,0,0,0,0,0,0,0,-72000,0,0,0,84000,156000,-72000,-72000
042433,元油2X永豐96購01,0,0,0,0,0,0,0,0,0,-72000,0,0,0,0,72000,-72000,-72000
052004,泰碩國泰97購03  ,0,0,0,0,0,0,0,0,0,-72000,0,0,0,28000,100000,-72000,-72000
051442,正崴元大95購02  ,0,0,0,0,0,0,0,0,0,-72000,0,0,0,28000,100000,-72000,-72000
050762,楠梓電元大94購02,0,0,0,0,0,0,0,0,0,-72000,0,0,0,0,72000,-72000,-72000
052966,光磊群益96購01  ,0,0,0,0,0,0,0,0,0,-72000,0,0,0,0,72000,-72000,-72000
053024,國巨富邦97購02  ,0,0,0,0,0,0,0,0,0,-72000,0,0,0,258000,330000,-72000,-72000
1517,利奇            ,0,71000,-71000,0,0,0,0,0,0,-1000,0,1000,-1000,0,0,0,-72000
06133P,帆宣元富97售02  ,0,0,0,0,0,0,0,0,0,-72000,0,0,0,5000,77000,-72000,-72000
06080P,景碩群益98售02  ,0,0,0,0,0,0,0,0,0,-72000,0,0,0,28000,100000,-72000,-72000
055857,嘉聯益元大97購04,0,0,0,0,0,0,0,0,0,-73000,0,0,0,8000,81000,-73000,-73000
055518,華新科中信99購01,0,0,0,0,0,0,0,0,0,-73000,0,0,0,613000,686000,-73000,-73000
05993P,國巨元大96售13  ,0,0,0,0,0,0,0,0,0,-73000,0,0,0,0,73000,-73000,-73000
05878P,創意群益98售01  ,0,0,0,0,0,0,0,0,0,-73000,0,0,0,0,73000,-73000,-73000
048902,昇陽半國泰96購01,0,0,0,0,0,0,0,0,0,-73000,0,0,0,85000,158000,-73000,-73000
052575,茂林凱基96購04  ,0,0,0,0,0,0,0,0,0,-73000,0,0,0,0,73000,-73000,-73000
052871,群創凱基98購07  ,0,0,0,0,0,0,0,0,0,-73000,0,0,0,10000,83000,-73000,-73000
054755,世紀鋼凱基98購01,0,0,0,0,0,0,0,0,0,-73000,0,0,0,178000,251000,-73000,-73000
055337,超眾兆豐98購01  ,0,0,0,0,0,0,0,0,0,-73000,0,0,0,332000,405000,-73000,-73000
1449,佳和            ,23000,96000,-73000,0,0,0,0,0,0,0,0,0,0,0,0,0,-73000
2206,三陽工業        ,106000,179000,-73000,0,0,0,0,0,0,0,0,0,0,0,0,0,-73000
05924P,超眾元富96售04  ,0,0,0,0,0,0,0,0,0,-74000,0,0,0,0,74000,-74000,-74000
05758P,光罩永豐96售02  ,0,0,0,0,0,0,0,0,0,-74000,0,0,0,14000,88000,-74000,-74000
057666,奇力新元大9A購01,0,0,0,0,0,0,0,0,0,-74000,0,0,0,52000,126000,-74000,-74000
056891,國巨元大99購03  ,0,0,0,0,0,0,0,0,0,-74000,0,0,0,223000,297000,-74000,-74000
05583P,訊芯凱基96售01  ,0,0,0,0,0,0,0,0,0,-74000,0,0,0,1000,75000,-74000,-74000
055905,可成兆豐97購03  ,0,0,0,0,0,0,0,0,0,-74000,0,0,0,75000,149000,-74000,-74000
052186,宏達電群益95購04,0,0,0,0,0,0,0,0,0,-74000,0,0,0,17000,91000,-74000,-74000
051527,台郡凱基95購03  ,0,0,0,0,0,0,0,0,0,-74000,0,0,0,6000,80000,-74000,-74000
05532P,臺股指群益96售05,0,0,0,0,0,0,0,0,0,-74000,0,0,0,5000,79000,-74000,-74000
054613,大立光永豐97購02,0,0,0,0,0,0,0,0,0,-74000,0,0,0,0,74000,-74000,-74000
054718,可成永豐97購01  ,0,0,0,0,0,0,0,0,0,-74000,0,0,0,60000,134000,-74000,-74000
054367,鴻海中信98購03  ,0,0,0,0,0,0,0,0,0,-74000,0,0,0,0,74000,-74000,-74000
1447,力鵬            ,26000,100000,-74000,0,0,0,0,0,0,0,0,0,0,0,0,0,-74000
06144P,台光電永豐97售01,0,0,0,0,0,0,0,0,0,-74000,0,0,0,0,74000,-74000,-74000
06467P,旺宏統一98售01  ,0,0,0,0,0,0,0,0,0,-74000,0,0,0,0,74000,-74000,-74000
056658,美食元大98購01  ,0,0,0,0,0,0,0,0,0,-75000,0,0,0,55000,130000,-75000,-75000
057663,國巨元大99購08  ,0,0,0,0,0,0,0,0,0,-75000,0,0,0,115000,190000,-75000,-75000
057721,華擎元富98購02  ,0,0,0,0,0,0,0,0,0,-75000,0,0,0,5000,80000,-75000,-75000
048429,旺宏國票94購02  ,0,0,0,0,0,0,0,0,0,-75000,0,0,0,35000,110000,-75000,-75000
048391,友訊國票94購01  ,0,0,0,0,0,0,0,0,0,-75000,0,0,0,20000,95000,-75000,-75000
047047,旺宏國票95購01  ,0,0,0,0,0,0,0,0,0,-75000,0,0,0,194000,269000,-75000,-75000
048724,台達電日盛94購01,0,0,0,0,0,0,0,0,0,-75000,0,0,0,0,75000,-75000,-75000
04228P,貿聯永豐93售03  ,0,0,0,0,0,0,0,0,0,-75000,0,0,0,155000,230000,-75000,-75000
04343P,啟碁永豐93售02  ,0,0,0,0,0,0,0,0,0,-75000,0,0,0,0,75000,-75000,-75000
041210,群創元富93購01  ,0,0,0,0,0,0,0,0,0,-75000,0,0,0,5000,80000,-75000,-75000
050260,鴻海元大94購15  ,0,0,0,0,0,0,0,0,0,-75000,0,0,0,243000,318000,-75000,-75000
052576,聯茂凱基96購01  ,0,0,0,0,0,0,0,0,0,-75000,0,0,0,68000,143000,-75000,-75000
052818,智邦永豐96購01  ,0,0,0,0,0,0,0,0,0,-75000,0,0,0,142000,217000,-75000,-75000
054584,貿聯元富97購01  ,0,0,0,0,0,0,0,0,0,-75000,0,0,0,0,75000,-75000,-75000
054816,聯發科元大97購12,0,0,0,0,0,0,0,0,0,-75000,0,0,0,0,75000,-75000,-75000
054962,玉晶光元大99購02,0,0,0,0,0,0,0,0,0,-75000,0,0,0,208000,283000,-75000,-75000
052868,緯創凱基96購03  ,0,0,0,0,0,0,0,0,0,-75000,0,0,0,0,75000,-75000,-75000
052892,大成鋼群益96購01,0,0,0,0,0,0,0,0,0,-75000,0,0,0,23000,98000,-75000,-75000
052644,聯發科永豐96購01,0,0,0,0,0,0,0,0,0,-75000,0,0,0,415000,490000,-75000,-75000
05356P,臺股指元富95售10,0,0,0,0,0,0,0,0,0,-75000,0,0,0,10000,85000,-75000,-75000
06195P,台積電元富97售06,0,0,0,0,0,0,0,0,0,-75000,0,0,0,1362000,1437000,-75000,-75000
057810,技嘉元大98購06  ,0,0,0,0,0,0,0,0,0,-76000,0,0,0,9000,85000,-76000,-76000
056940,嘉聯益元富98購01,0,0,0,0,0,0,0,0,0,-76000,0,0,0,0,76000,-76000,-76000
057220,鈺齊群益98購01  ,0,0,0,0,0,0,0,0,0,-76000,0,0,0,44000,120000,-76000,-76000
056432,鴻海凱基98購08  ,0,0,0,0,0,0,0,0,0,-76000,0,0,0,27000,103000,-76000,-76000
055556,奇力新凱基98購03,0,0,0,0,0,0,0,0,0,-76000,0,0,0,0,76000,-76000,-76000
04360P,易華電永豐94售01,0,0,0,0,0,0,0,0,0,-76000,0,0,0,0,76000,-76000,-76000
044817,可成兆豐93購01  ,0,0,0,0,0,0,0,0,0,-76000,0,0,0,30000,106000,-76000,-76000
044578,緯創凱基93購02  ,0,0,0,0,0,0,0,0,0,-76000,0,0,0,0,76000,-76000,-76000
048261,鴻海元富95購01  ,0,0,0,0,0,0,0,0,0,-76000,0,0,0,12000,88000,-76000,-76000
052296,TPK國票96購01   ,0,0,0,0,0,0,0,0,0,-76000,0,0,0,524000,600000,-76000,-76000
049606,可成第一94購01  ,0,0,0,0,0,0,0,0,0,-76000,0,0,0,20000,96000,-76000,-76000
053699,臺股指元大96購22,0,0,0,0,0,0,0,0,0,-76000,0,0,0,438000,514000,-76000,-76000
053888,和大群益97購01  ,0,0,0,0,0,0,0,0,0,-76000,0,0,0,236000,312000,-76000,-76000
054188,欣興永豐96購03  ,0,0,0,0,0,0,0,0,0,-76000,0,0,0,137000,213000,-76000,-76000
055009,合勤控元富97購01,0,0,0,0,0,0,0,0,0,-76000,0,0,0,0,76000,-76000,-76000
06106P,國巨群益97售02  ,0,0,0,0,0,0,0,0,0,-76000,0,0,0,90000,166000,-76000,-76000
06434P,超眾群益98售02  ,0,0,0,0,0,0,0,0,0,-76000,0,0,0,0,76000,-76000,-76000
1110,東泥            ,1000,77000,-76000,0,0,0,0,0,0,0,0,0,0,0,0,0,-76000
2852,第一保          ,0,76000,-76000,0,0,0,0,0,0,0,0,0,0,0,0,0,-76000
055735,宏達電元富98購01,0,0,0,0,0,0,0,0,0,-77000,0,0,0,43000,120000,-77000,-77000
056890,國巨元大98購11  ,0,0,0,0,0,0,0,0,0,-77000,0,0,0,180000,257000,-77000,-77000
050142,聯發科元富9A購01,0,0,0,0,0,0,0,0,0,-77000,0,0,0,397000,474000,-77000,-77000
047179,台積電元大93購17,0,0,0,0,0,0,0,0,0,-77000,0,0,0,0,77000,-77000,-77000
045585,欣興元大93購03  ,0,0,0,0,0,0,0,0,0,-77000,0,0,0,8000,85000,-77000,-77000
04427P,滬深2X元大97售02,0,0,0,0,0,0,0,0,0,-77000,0,0,0,10000,87000,-77000,-77000
052806,玉晶光元大98購04,0,0,0,0,0,0,0,0,0,-77000,0,0,0,178000,255000,-77000,-77000
053327,彩晶台新97購01  ,0,0,0,0,0,0,0,0,0,-77000,0,0,0,0,77000,-77000,-77000
050116,嘉澤元大94購03  ,0,0,0,0,0,0,0,0,0,-77000,0,0,0,21000,98000,-77000,-77000
05498P,友達元富95售02  ,0,0,0,0,0,0,0,0,0,-77000,0,0,0,100000,177000,-77000,-77000
054092,大立光群益97購01,0,0,0,0,0,0,0,0,0,-77000,0,0,0,26000,103000,-77000,-77000
053232,友達永豐97購02  ,0,0,0,0,0,0,0,0,0,-77000,0,0,0,3000,80000,-77000,-77000
3563,牧德            ,23000,90000,-67000,0,0,0,0,0,0,-10000,3000,7000,-4000,10000,16000,-6000,-77000
056998,麗豐康和98購01  ,0,0,0,0,0,0,0,0,0,-78000,0,0,0,3000,81000,-78000,-78000
057618,台光電凱基99購01,0,0,0,0,0,0,0,0,0,-78000,0,0,0,0,78000,-78000,-78000
055776,宏達電凱基98購02,0,0,0,0,0,0,0,0,0,-78000,0,0,0,29000,107000,-78000,-78000
056625,致伸永豐98購01  ,0,0,0,0,0,0,0,0,0,-78000,0,0,0,0,78000,-78000,-78000
056605,台積電富邦9B購02,0,0,0,0,0,0,0,0,0,-78000,0,0,0,39000,117000,-78000,-78000
044408,聯茂凱基93購02  ,0,0,0,0,0,0,0,0,0,-78000,0,0,0,82000,160000,-78000,-78000
04340P,易華電元大94售02,0,0,0,0,0,0,0,0,0,-78000,0,0,0,11000,89000,-78000,-78000
00730,富邦臺灣優質高息,0,0,0,0,0,0,0,0,0,-78000,0,0,0,266000,344000,-78000,-78000
049452,新光金統一94購02,0,0,0,0,0,0,0,0,0,-78000,0,0,0,30000,108000,-78000,-78000
049499,康控元大96購01  ,0,0,0,0,0,0,0,0,0,-78000,0,0,0,0,78000,-78000,-78000
051441,鴻海元大95購13  ,0,0,0,0,0,0,0,0,0,-78000,0,0,0,0,78000,-78000,-78000
051777,聯發科群益95購04,0,0,0,0,0,0,0,0,0,-78000,0,0,0,26000,104000,-78000,-78000
050611,鴻海元大95購02  ,0,0,0,0,0,0,0,0,0,-78000,0,0,0,500000,578000,-78000,-78000
049691,可成元大94購06  ,0,0,0,0,0,0,0,0,0,-78000,0,0,0,84000,162000,-78000,-78000
052886,世紀鋼兆豐96購01,0,0,0,0,0,0,0,0,0,-78000,0,0,0,0,78000,-78000,-78000
054090,瑞昱群益97購01  ,0,0,0,0,0,0,0,0,0,-78000,0,0,0,65000,143000,-78000,-78000
055354,宏達電凱基98購01,0,0,0,0,0,0,0,0,0,-78000,0,0,0,4000,82000,-78000,-78000
055295,瀚宇博元大97購02,0,0,0,0,0,0,0,0,0,-78000,0,0,0,19000,97000,-78000,-78000
054777,昇陽半國票98購01,0,0,0,0,0,0,0,0,0,-78000,0,0,0,60000,138000,-78000,-78000
054672,華新科國泰99購01,0,0,0,0,0,0,0,0,0,-78000,0,0,0,35000,113000,-78000,-78000
054647,禾伸堂群益99購01,0,0,0,0,0,0,0,0,0,-78000,0,0,0,370000,448000,-78000,-78000
054232,台積電群益96購12,0,0,0,0,0,0,0,0,0,-78000,0,0,0,28000,106000,-78000,-78000
2706,第一店          ,0,78000,-78000,0,0,0,0,0,0,0,0,0,0,0,0,0,-78000
04625P,燿華元大94售03  ,0,0,0,0,0,0,0,0,0,-79000,0,0,0,0,79000,-79000,-79000
050817,可成凱基95購01  ,0,0,0,0,0,0,0,0,0,-79000,0,0,0,16000,95000,-79000,-79000
054432,台積電台新96購05,0,0,0,0,0,0,0,0,0,-79000,0,0,0,166000,245000,-79000,-79000
052429,禾伸堂永豐95購02,0,0,0,0,0,0,0,0,0,-79000,0,0,0,10000,89000,-79000,-79000
3062,建漢            ,178000,257000,-79000,0,0,0,0,0,0,0,0,0,0,0,0,0,-79000
056231,嘉聯益凱基97購02,0,0,0,0,0,0,0,0,0,-80000,0,0,0,15000,95000,-80000,-80000
055727,矽力元大97購02  ,0,0,0,0,0,0,0,0,0,-80000,0,0,0,2000,82000,-80000,-80000
05974P,國巨富邦97售03  ,0,0,0,0,0,0,0,0,0,-80000,0,0,0,0,80000,-80000,-80000
056845,揚明光元富98購01,0,0,0,0,0,0,0,0,0,-80000,0,0,0,0,80000,-80000,-80000
045018,矽創元大93購01  ,0,0,0,0,0,0,0,0,0,-80000,0,0,0,0,80000,-80000,-80000
044809,道瓊反國票93購01,0,0,0,0,0,0,0,0,0,-80000,0,0,0,0,80000,-80000,-80000
04518P,高鐵群益95售01  ,0,0,0,0,0,0,0,0,0,-80000,0,0,0,34000,114000,-80000,-80000
049495,欣興元大94購06  ,0,0,0,0,0,0,0,0,0,-80000,0,0,0,7000,87000,-80000,-80000
047074,大立光兆豐94購02,0,0,0,0,0,0,0,0,0,-80000,0,0,0,0,80000,-80000,-80000
046940,瑞昱元大93購07  ,0,0,0,0,0,0,0,0,0,-80000,0,0,0,5000,85000,-80000,-80000
051765,健鼎元大95購03  ,0,0,0,0,0,0,0,0,0,-80000,0,0,0,0,80000,-80000,-80000
051626,可成麥證95購02  ,0,0,0,10000,90000,-80000,0,0,0,-80000,0,0,0,10000,90000,-80000,-80000
050226,華新科中信94購01,0,0,0,0,0,0,0,0,0,-80000,0,0,0,250000,330000,-80000,-80000
049269,超眾元大96購02  ,0,0,0,0,0,0,0,0,0,-80000,0,0,0,0,80000,-80000,-80000
05129P,鴻海兆豐95售02  ,0,0,0,0,0,0,0,0,0,-80000,0,0,0,0,80000,-80000,-80000
052809,訊芯元大97購01  ,0,0,0,0,0,0,0,0,0,-80000,0,0,0,20000,100000,-80000,-80000
052964,台表科凱基96購03,0,0,0,0,0,0,0,0,0,-80000,0,0,0,30000,110000,-80000,-80000
054419,嘉聯益元大98購02,0,0,0,0,0,0,0,0,0,-80000,0,0,0,20000,100000,-80000,-80000
054473,鴻海中信96購02  ,0,0,0,0,0,0,0,0,0,-80000,0,0,0,48000,128000,-80000,-80000
055131,茂林康和97購01  ,0,0,0,0,0,0,0,0,0,-80000,0,0,0,20000,100000,-80000,-80000
1409,新纖            ,392000,469000,-77000,0,0,0,0,0,0,-3000,0,3000,-3000,0,0,0,-80000
06328P,台積電中信01售02,0,0,0,0,0,0,0,0,0,-80000,0,0,0,23000,103000,-80000,-80000
4155,訊映            ,25000,105000,-80000,0,0,0,0,0,0,0,0,0,0,0,0,0,-80000
049721,晶技凱基94購02  ,0,0,0,0,0,0,0,0,0,-81000,0,0,0,152000,233000,-81000,-81000
050624,鈺齊元大94購01  ,0,0,0,0,0,0,0,0,0,-81000,0,0,0,14000,95000,-81000,-81000
054103,T50反1凱基99購04,0,0,0,0,0,0,0,0,0,-81000,0,0,0,78000,159000,-81000,-81000
053734,友達中信98購02  ,0,0,0,0,0,0,0,0,0,-81000,0,0,0,275000,356000,-81000,-81000
056967,奇鋐永豐98購01  ,0,0,0,0,0,0,0,0,0,-82000,0,0,0,10000,92000,-82000,-82000
057806,國巨元大98購20  ,0,0,0,0,0,0,0,0,0,-82000,0,0,0,0,82000,-82000,-82000
050661,景碩元大94購02  ,0,0,0,0,0,0,0,0,0,-82000,0,0,0,172000,254000,-82000,-82000
051226,英業達群益95購01,0,0,0,0,0,0,0,0,0,-82000,0,0,0,37000,119000,-82000,-82000
051298,智邦凱基95購03  ,0,0,0,0,0,0,0,0,0,-82000,0,0,0,6000,88000,-82000,-82000
053143,昇陽半永豐96購03,0,0,0,0,0,0,0,0,0,-82000,0,0,0,44000,126000,-82000,-82000
053181,滬深2X元富99購02,0,0,0,0,0,0,0,0,0,-82000,0,0,0,180000,262000,-82000,-82000
05509P,智邦元富96售02  ,0,0,0,0,0,0,0,0,0,-82000,0,0,0,14000,96000,-82000,-82000
054426,國泰金富邦97購02,0,0,0,0,0,0,0,0,0,-82000,0,0,0,16000,98000,-82000,-82000
06062P,宏達電元富97售01,0,0,0,0,0,0,0,0,0,-82000,0,0,0,0,82000,-82000,-82000
06743P,創意永豐98售03  ,0,0,0,0,0,0,0,0,0,-82000,0,0,0,120000,202000,-82000,-82000
057078,國巨統一9A購02  ,0,0,0,0,0,0,0,0,0,-83000,0,0,0,107000,190000,-83000,-83000
056416,華新科中信98購01,0,0,0,0,0,0,0,0,0,-83000,0,0,0,20000,103000,-83000,-83000
050151,台積電群益94購12,0,0,0,0,0,0,0,0,0,-83000,0,0,0,5000,88000,-83000,-83000
048453,嘉澤凱基93購05  ,0,0,0,0,0,0,0,0,0,-83000,0,0,0,0,83000,-83000,-83000
050554,百和凱基95購01  ,0,0,0,0,0,0,0,0,0,-83000,0,0,0,22000,105000,-83000,-83000
054234,可成群益96購05  ,0,0,0,0,0,0,0,0,0,-83000,0,0,0,0,83000,-83000,-83000
054344,景碩國票97購04  ,0,0,0,0,0,0,0,0,0,-83000,0,0,0,0,83000,-83000,-83000
055111,宏盛凱基97購01  ,0,0,0,0,0,0,0,0,0,-83000,0,0,0,0,83000,-83000,-83000
054117,宏全康和96購01  ,0,0,0,0,0,0,0,0,0,-83000,0,0,0,163000,246000,-83000,-83000
06205P,台積電群益97售03,0,0,0,0,0,0,0,0,0,-83000,0,0,0,109000,192000,-83000,-83000
056272,嘉澤統一99購01  ,0,0,0,0,0,0,0,0,0,-84000,0,0,0,48000,132000,-84000,-84000
048000,義隆元大93購03  ,0,0,0,0,0,0,0,0,0,-84000,0,0,0,0,84000,-84000,-84000
046685,世紀鋼群益93購02,0,0,0,0,0,0,0,0,0,-84000,0,0,0,0,84000,-84000,-84000
046574,泰鼎國泰94購01  ,0,0,0,0,0,0,0,0,0,-84000,0,0,0,51000,135000,-84000,-84000
052003,泰碩國泰97購02  ,0,0,0,0,0,0,0,0,0,-84000,0,0,0,20000,104000,-84000,-84000
051923,聯發科日盛95購02,0,0,0,0,0,0,0,0,0,-84000,0,0,0,426000,510000,-84000,-84000
051769,矽力元大95購01  ,0,0,0,0,0,0,0,0,0,-84000,0,0,0,3000,87000,-84000,-84000
053651,台光電凱基98購01,0,0,0,0,0,0,0,0,0,-84000,0,0,0,79000,163000,-84000,-84000
053604,臺股指元大96購21,0,0,0,0,0,0,0,0,0,-84000,0,0,0,30000,114000,-84000,-84000
053270,台塑元大96購01  ,0,0,0,0,0,0,0,0,0,-84000,0,0,0,0,84000,-84000,-84000
055508,矽力元大97購01  ,0,0,0,0,0,0,0,0,0,-84000,0,0,0,25000,109000,-84000,-84000
056430,鴻海凱基98購06  ,0,0,0,0,0,0,0,0,0,-85000,0,0,0,28000,113000,-85000,-85000
057630,茂林永豐98購01  ,0,0,0,0,0,0,0,0,0,-85000,0,0,0,0,85000,-85000,-85000
057716,神達統一98購01  ,0,0,0,0,0,0,0,0,0,-85000,0,0,0,0,85000,-85000,-85000
04227P,滬深2X永豐94售04,0,0,0,0,0,0,0,0,0,-85000,0,0,0,0,85000,-85000,-85000
04898P,瑞儀中信95售01  ,0,0,0,0,0,0,0,0,0,-85000,0,0,0,1000,86000,-85000,-85000
05092P,全新元大95售03  ,0,0,0,0,0,0,0,0,0,-85000,0,0,0,8000,93000,-85000,-85000
052715,可成凱基96購01  ,0,0,0,0,0,0,0,0,0,-85000,0,0,0,4000,89000,-85000,-85000
052664,麗豐國票96購02  ,0,0,0,0,0,0,0,0,0,-85000,0,0,0,0,85000,-85000,-85000
054351,華新科國泰97購03,0,0,0,0,0,0,0,0,0,-85000,0,0,0,35000,120000,-85000,-85000
054575,聯鈞元大97購01  ,0,0,0,0,0,0,0,0,0,-85000,0,0,0,40000,125000,-85000,-85000
053951,T50反1台新06購02,0,0,0,0,0,0,0,0,0,-85000,0,0,0,25000,110000,-85000,-85000
2484,希華            ,36000,123000,-87000,0,0,0,0,0,0,2000,2000,0,2000,0,0,0,-85000
056285,可成永豐97購02  ,0,0,0,0,0,0,0,0,0,-86000,0,0,0,20000,106000,-86000,-86000
056478,晶技元大99購01  ,0,0,0,0,0,0,0,0,0,-86000,0,0,0,181000,267000,-86000,-86000
055517,國巨中信97購03  ,0,0,0,0,0,0,0,0,0,-86000,0,0,0,0,86000,-86000,-86000
04754P,宏達電元富94售02,0,0,0,0,0,0,0,0,0,-86000,0,0,0,0,86000,-86000,-86000
03831P,臺股指中信95售02,0,0,0,0,0,0,0,0,0,-86000,0,0,0,0,86000,-86000,-86000
04429P,和鑫元大94售01  ,0,0,0,0,0,0,0,0,0,-86000,0,0,0,100000,186000,-86000,-86000
052672,世紀鋼群益96購02,0,0,0,0,0,0,0,0,0,-86000,0,0,0,93000,179000,-86000,-86000
051097,嘉聯益元大96購02,0,0,0,0,0,0,0,0,0,-86000,0,0,0,20000,106000,-86000,-86000
051534,景碩國票97購01  ,0,0,0,0,0,0,0,0,0,-86000,0,0,0,0,86000,-86000,-86000
054623,華新科第一97購01,0,0,0,0,0,0,0,0,0,-86000,0,0,0,30000,116000,-86000,-86000
054545,奇力新中信98購01,0,0,0,0,0,0,0,0,0,-86000,0,0,0,41000,127000,-86000,-86000
055660,台光電兆豐97購01,0,0,0,0,0,0,0,0,0,-87000,0,0,0,10000,97000,-87000,-87000
055688,力成凱基98購02  ,0,0,0,0,0,0,0,0,0,-87000,0,0,0,21000,108000,-87000,-87000
056567,瀚宇博群益98購02,0,0,0,0,0,0,0,0,0,-87000,0,0,0,39000,126000,-87000,-87000
04581P,楠梓電康和94售03,0,0,0,0,0,0,0,0,0,-87000,0,0,0,0,87000,-87000,-87000
048505,滬深2X群益99購03,0,0,0,0,0,0,0,0,0,-87000,0,0,0,0,87000,-87000,-87000
050983,新光金國泰97購01,0,0,0,0,0,0,0,0,0,-87000,0,0,0,1000,88000,-87000,-87000
05035P,聯發科元大95售06,0,0,0,0,0,0,0,0,0,-87000,0,0,0,305000,392000,-87000,-87000
053184,世紀鋼元富96購01,0,0,0,0,0,0,0,0,0,-87000,0,0,0,623000,710000,-87000,-87000
1527,鑽全            ,63000,150000,-87000,0,0,0,0,0,0,0,0,0,0,0,0,0,-87000
2010,春源            ,0,87000,-87000,0,0,0,0,0,0,0,0,0,0,0,0,0,-87000
06273P,台表科凱基97售04,0,0,0,0,0,0,0,0,0,-87000,0,0,0,0,87000,-87000,-87000
056075,瀚宇博元大97購03,0,0,0,0,0,0,0,0,0,-88000,0,0,0,105000,193000,-88000,-88000
056808,台積電統一98購06,0,0,0,0,0,0,0,0,0,-88000,0,0,0,200000,288000,-88000,-88000
051014,智邦凱基95購01  ,0,0,0,0,0,0,0,0,0,-88000,0,0,0,10000,98000,-88000,-88000
051513,台積電凱基95購13,0,0,0,0,0,0,0,0,0,-88000,0,0,0,0,88000,-88000,-88000
051253,緯創元大95購02  ,0,0,0,0,0,0,0,0,0,-88000,0,0,0,0,88000,-88000,-88000
053156,緯創元大96購02  ,0,0,0,0,0,0,0,0,0,-88000,0,0,0,0,88000,-88000,-88000
053009,大成鋼統一96購02,0,0,0,0,0,0,0,0,0,-88000,0,0,0,80000,168000,-88000,-88000
053014,旺宏統一97購02  ,0,0,0,0,0,0,0,0,0,-88000,0,0,0,0,88000,-88000,-88000
053870,正文元大96購01  ,0,0,0,0,0,0,0,0,0,-88000,0,0,0,29000,117000,-88000,-88000
055243,國巨統一97購04  ,0,0,0,0,0,0,0,0,0,-88000,0,0,0,84000,172000,-88000,-88000
06723P,台灣50麥證99售01,0,0,0,0,88000,-88000,0,0,0,-88000,0,0,0,0,88000,-88000,-88000
3682,亞太電          ,133000,221000,-88000,0,0,0,0,0,0,0,0,0,0,0,0,0,-88000
056945,鴻海統一98購12  ,0,0,0,0,0,0,0,0,0,-89000,0,0,0,300000,389000,-89000,-89000
057207,立積元富98購02  ,0,0,0,0,0,0,0,0,0,-89000,0,0,0,34000,123000,-89000,-89000
056352,鴻海元大99購01  ,0,0,0,0,0,0,0,0,0,-89000,0,0,0,14000,103000,-89000,-89000
047487,南電凱基94購01  ,0,0,0,0,0,0,0,0,0,-89000,0,0,0,549000,638000,-89000,-89000
048010,嘉聯益富邦97購01,0,0,0,0,0,0,0,0,0,-89000,0,0,0,31000,120000,-89000,-89000
046191,新光金凱基98購01,0,0,0,0,0,0,0,0,0,-89000,0,0,0,0,89000,-89000,-89000
051456,鈺齊元大95購01  ,0,0,0,0,0,0,0,0,0,-89000,0,0,0,0,89000,-89000,-89000
055129,鈺齊兆豐97購01  ,0,0,0,0,0,0,0,0,0,-89000,0,0,0,6000,95000,-89000,-89000
054291,高鐵元大97購01  ,0,0,0,0,0,0,0,0,0,-89000,0,0,0,0,89000,-89000,-89000
05488P,臺股指凱基95售21,0,0,0,0,0,0,0,0,0,-89000,0,0,0,0,89000,-89000,-89000
053761,健策國泰98購01  ,0,0,0,0,0,0,0,0,0,-89000,0,0,0,422000,511000,-89000,-89000
05323P,瑞昱凱基96售02  ,0,0,0,0,0,0,0,0,0,-89000,0,0,0,1000,90000,-89000,-89000
056250,瑞昱兆豐97購02  ,0,0,0,0,0,0,0,0,0,-90000,0,0,0,60000,150000,-90000,-90000
055655,群創元富99購07  ,0,0,0,0,0,0,0,0,0,-90000,0,0,0,479000,569000,-90000,-90000
057017,和大凱基98購01  ,0,0,0,0,0,0,0,0,0,-90000,0,0,0,7000,97000,-90000,-90000
047847,鴻海統一93購07  ,0,0,0,0,0,0,0,0,0,-90000,0,0,0,108000,198000,-90000,-90000
047194,世紀鋼元大96購01,0,0,0,0,0,0,0,0,0,-90000,0,0,0,0,90000,-90000,-90000
04738P,揚明光永豐94售03,0,0,0,0,0,0,0,0,0,-90000,0,0,0,0,90000,-90000,-90000
051001,緯穎元大96購02  ,0,0,0,0,0,0,0,0,0,-90000,0,0,0,26000,116000,-90000,-90000
05160P,國巨國票96售03  ,0,0,0,0,0,0,0,0,0,-90000,0,0,0,0,90000,-90000,-90000
049234,可成統一94購02  ,0,0,0,0,0,0,0,0,0,-90000,0,0,0,53000,143000,-90000,-90000
051673,玉晶光元大96購04,0,0,0,0,0,0,0,0,0,-90000,0,0,0,305000,395000,-90000,-90000
050571,美食中信95購01  ,0,0,0,0,0,0,0,0,0,-90000,0,0,0,0,90000,-90000,-90000
052428,嘉晶永豐95購01  ,0,0,0,0,0,0,0,0,0,-90000,0,0,0,105000,195000,-90000,-90000
053441,旺宏凱基98購01  ,0,0,0,0,0,0,0,0,0,-90000,0,0,0,0,90000,-90000,-90000
053977,新日興元大96購03,0,0,0,0,0,0,0,0,0,-90000,0,0,0,2000,92000,-90000,-90000
054046,義隆元大96購02  ,0,0,0,0,0,0,0,0,0,-90000,0,0,0,433000,523000,-90000,-90000
055370,旺宏元大97購05  ,0,0,0,0,0,0,0,0,0,-90000,0,0,0,10000,100000,-90000,-90000
2836,高雄銀          ,55000,145000,-90000,0,0,0,0,0,0,0,0,0,0,0,0,0,-90000
2006,東和鋼鐵        ,206000,466000,-260000,0,0,0,0,0,0,170000,171000,1000,170000,0,0,0,-90000
06237P,台積電元大97售26,0,0,0,0,0,0,0,0,0,-90000,0,0,0,30000,120000,-90000,-90000
4958,臻鼎-KY         ,909000,960000,-51000,0,0,0,15000,0,15000,-54000,120000,168000,-48000,5000,11000,-6000,-90000
057455,景碩國泰99購01  ,0,0,0,0,0,0,0,0,0,-91000,0,0,0,34000,125000,-91000,-91000
055693,南茂凱基97購01  ,0,0,0,0,0,0,0,0,0,-91000,0,0,0,39000,130000,-91000,-91000
03576P,台灣50元富06售01,0,0,0,0,0,0,0,0,0,-91000,0,0,0,60000,151000,-91000,-91000
04193P,智原永豐93售01  ,0,0,0,0,0,0,0,0,0,-91000,0,0,0,0,91000,-91000,-91000
050760,矽力元富94購03  ,0,0,0,0,0,0,0,0,0,-91000,0,0,0,0,91000,-91000,-91000
05104P,智邦台新95售02  ,0,0,0,0,0,0,0,0,0,-91000,0,0,0,0,91000,-91000,-91000
050281,台積電日盛94購03,0,0,0,0,0,0,0,0,0,-91000,0,0,0,156000,247000,-91000,-91000
050337,南電國泰95購01  ,0,0,0,0,0,0,0,0,0,-91000,0,0,0,431000,522000,-91000,-91000
06105P,國巨國票98售02  ,0,0,0,0,0,0,0,0,0,-91000,0,0,0,0,91000,-91000,-91000
06122P,亞光元大98售01  ,0,0,0,0,0,0,0,0,0,-91000,0,0,0,17000,108000,-91000,-91000
055842,建準元大98購01  ,0,0,0,0,0,0,0,0,0,-92000,0,0,0,0,92000,-92000,-92000
00653L,富邦印度正2     ,0,0,0,0,0,0,0,0,0,-92000,0,0,0,0,92000,-92000,-92000
045958,技嘉凱基93購04  ,0,0,0,0,0,0,0,0,0,-92000,0,0,0,20000,112000,-92000,-92000
046403,技嘉元大92購01  ,0,0,0,0,0,0,0,0,0,-92000,0,0,0,0,92000,-92000,-92000
050991,元油2X元大96購04,0,0,0,0,0,0,0,0,0,-92000,0,0,0,391000,483000,-92000,-92000
055338,GIS兆豐97購01   ,0,0,0,0,0,0,0,0,0,-92000,0,0,0,0,92000,-92000,-92000
053801,台積電凱基96購18,0,0,0,0,0,0,0,0,0,-92000,0,0,0,72000,164000,-92000,-92000
052792,大立光兆豐96購01,0,0,0,0,0,0,0,0,0,-92000,0,0,0,13000,105000,-92000,-92000
06695P,群創兆豐98售04  ,0,0,0,0,0,0,0,0,0,-92000,0,0,0,14000,106000,-92000,-92000
2329,華泰            ,88000,243000,-155000,0,0,0,0,0,0,63000,0,0,0,63000,0,63000,-92000
4942,嘉彰            ,46000,138000,-92000,0,0,0,0,0,0,0,0,0,0,0,0,0,-92000
3703,欣陸            ,101000,193000,-92000,0,0,0,0,0,0,0,0,0,0,0,0,0,-92000
5305,敦南            ,26000,104000,-78000,0,0,0,0,0,0,-14000,0,0,0,0,14000,-14000,-92000
8482,商億-KY         ,66000,158000,-92000,0,0,0,0,0,0,0,0,0,0,0,0,0,-92000
2636,台驊投控        ,15000,22756,-7756,0,0,0,0,85000,-85000,0,0,0,0,0,0,0,-92756
056464,臺股指凱基99購06,0,0,0,0,0,0,0,0,0,-93000,0,0,0,5000,98000,-93000,-93000
042093,台灣50群益94購02,0,0,0,0,0,0,0,0,0,-93000,0,0,0,139000,232000,-93000,-93000
050174,技嘉元大94購01  ,0,0,0,0,0,0,0,0,0,-93000,0,0,0,5000,98000,-93000,-93000
051645,光寶科永豐95購01,0,0,0,0,0,0,0,0,0,-93000,0,0,0,68000,161000,-93000,-93000
049143,智邦元大94購02  ,0,0,0,0,0,0,0,0,0,-93000,0,0,0,22000,115000,-93000,-93000
053638,信邦永豐96購01  ,0,0,0,0,0,0,0,0,0,-93000,0,0,0,337000,430000,-93000,-93000
056310,神達元大97購02  ,0,70000,-70000,0,0,0,0,0,0,-24000,0,0,0,636000,660000,-24000,-94000
050158,上海銀群益96購01,0,0,0,0,0,0,0,0,0,-94000,0,0,0,56000,150000,-94000,-94000
047864,信邦康和93購01  ,0,0,0,0,0,0,0,0,0,-94000,0,0,0,23000,117000,-94000,-94000
04491P,光磊康和94售01  ,0,0,0,0,0,0,0,0,0,-94000,0,0,0,0,94000,-94000,-94000
044402,景碩凱基93購01  ,0,0,0,0,0,0,0,0,0,-94000,0,0,0,30000,124000,-94000,-94000
050424,鴻海凱基96購03  ,0,0,0,0,0,0,0,0,0,-94000,0,0,0,75000,169000,-94000,-94000
049525,華新科兆豐94購01,0,0,0,0,0,0,0,0,0,-94000,0,0,0,0,94000,-94000,-94000
054000,訊芯群益96購02  ,0,0,0,0,0,0,0,0,0,-94000,0,0,0,11000,105000,-94000,-94000
6414,樺漢            ,32000,148000,-116000,0,0,0,100000,0,100000,-78000,12000,5000,7000,3000,88000,-85000,-94000
056255,華新科元富97購05,0,0,0,0,0,0,0,0,0,-95000,0,0,0,19000,114000,-95000,-95000
056688,聯詠統一98購01  ,0,0,0,0,0,0,0,0,0,-95000,0,0,0,58000,153000,-95000,-95000
056004,南電永豐97購02  ,0,0,0,0,0,0,0,0,0,-95000,0,0,0,598000,693000,-95000,-95000
055596,新光金元大9B購02,0,0,0,0,0,0,0,0,0,-95000,0,0,0,30000,125000,-95000,-95000
057684,聯茂日盛99購01  ,0,0,0,0,0,0,0,0,0,-95000,0,0,0,5000,100000,-95000,-95000
057355,彩晶統一98購03  ,0,0,0,0,0,0,0,0,0,-95000,0,0,0,0,95000,-95000,-95000
04767P,台積電國泰95售04,0,0,0,0,0,0,0,0,0,-95000,0,0,0,7000,102000,-95000,-95000
045456,鴻海元大93購04  ,0,0,0,0,0,0,0,0,0,-95000,0,0,0,4000,99000,-95000,-95000
03660C,元油2X富邦02牛04,0,0,0,0,0,0,0,0,0,-95000,0,0,0,0,95000,-95000,-95000
051758,瑞昱元大95購01  ,0,0,0,0,0,0,0,0,0,-95000,0,0,0,0,95000,-95000,-95000
050787,致伸國泰96購01  ,0,0,0,0,0,0,0,0,0,-95000,0,0,0,18000,113000,-95000,-95000
051686,宏達電凱基95購04,0,0,0,0,0,0,0,0,0,-95000,0,0,0,90000,185000,-95000,-95000
052513,大立光凱基95購13,0,0,0,0,0,0,0,0,0,-95000,0,0,0,0,95000,-95000,-95000
055258,玉晶光統一97購03,0,0,0,0,0,0,0,0,0,-95000,0,0,0,260000,355000,-95000,-95000
054790,禾伸堂群益98購01,0,0,0,0,0,0,0,0,0,-95000,0,0,0,44000,139000,-95000,-95000
054670,康友元富97購01  ,0,0,0,0,0,0,0,0,0,-95000,0,0,0,134000,229000,-95000,-95000
6108,競國            ,43000,138000,-95000,0,0,0,0,0,0,0,0,0,0,0,0,0,-95000
06263P,燿華凱基97售04  ,0,0,0,0,0,0,0,0,0,-95000,0,0,0,0,95000,-95000,-95000
06395P,台積電元大97售29,0,0,0,0,0,0,0,0,0,-95000,0,0,0,0,95000,-95000,-95000
057300,訊連永豐98購01  ,0,0,0,0,0,0,0,0,0,-96000,0,0,0,10000,106000,-96000,-96000
056185,全新統一98購01  ,0,0,0,0,0,0,0,0,0,-96000,0,0,0,22000,118000,-96000,-96000
042317,台灣50永豐96購01,0,0,0,0,0,0,0,0,0,-96000,0,0,0,30000,126000,-96000,-96000
052107,台積電統一95購06,0,0,0,0,0,0,0,0,0,-96000,0,0,0,20000,116000,-96000,-96000
051072,強茂國票95購02  ,0,0,0,0,0,0,0,0,0,-96000,0,0,0,30000,126000,-96000,-96000
049512,可成凱基94購06  ,0,0,0,0,0,0,0,0,0,-96000,0,0,0,0,96000,-96000,-96000
054810,中橡元大9A購01  ,0,0,0,0,0,0,0,0,0,-96000,0,0,0,285000,381000,-96000,-96000
054243,國喬元大96購01  ,0,0,0,0,0,0,0,0,0,-96000,0,0,0,0,96000,-96000,-96000
054937,國巨元大97購03  ,0,0,0,0,0,0,0,0,0,-96000,0,0,0,257000,353000,-96000,-96000
054017,茂林永豐96購02  ,0,0,0,0,0,0,0,0,0,-96000,0,0,0,55000,151000,-96000,-96000
053028,康控富邦98購01  ,0,0,0,0,0,0,0,0,0,-96000,0,0,0,0,96000,-96000,-96000
06356P,啟碁永豐97售01  ,0,0,0,0,0,0,0,0,0,-96000,0,0,0,29000,125000,-96000,-96000
3437,榮創            ,27000,123000,-96000,0,0,0,0,0,0,0,0,0,0,0,0,0,-96000
2387,精元            ,189000,224000,-35000,0,0,0,0,54000,-54000,-7000,0,0,0,1000,8000,-7000,-96000
056501,貿聯富邦99購01  ,0,0,0,0,0,0,0,0,0,-97000,0,0,0,112000,209000,-97000,-97000
057140,宏達電兆豐98購01,0,0,0,0,0,0,0,0,0,-97000,0,0,0,12000,109000,-97000,-97000
057128,台光電凱基98購03,0,0,0,0,0,0,0,0,0,-97000,0,0,0,146000,243000,-97000,-97000
05889P,群創元大98售02  ,0,0,0,0,0,0,0,0,0,-97000,0,0,0,2000,99000,-97000,-97000
05970P,超眾永豐96售03  ,0,0,0,0,0,0,0,0,0,-97000,0,0,0,24000,121000,-97000,-97000
047673,瑞昱元富96購01  ,0,0,0,0,0,0,0,0,0,-97000,0,0,0,41000,138000,-97000,-97000
052327,聯詠中信95購03  ,0,0,0,0,0,0,0,0,0,-97000,0,0,0,0,97000,-97000,-97000
047445,創意元大93購04  ,0,0,0,0,0,0,0,0,0,-97000,0,0,0,0,97000,-97000,-97000
047965,景碩中信93購01  ,0,0,0,0,0,0,0,0,0,-97000,0,0,0,0,97000,-97000,-97000
048281,矽力永豐93購02  ,0,0,0,0,0,0,0,0,0,-97000,0,0,0,15000,112000,-97000,-97000
052826,嘉聯益永豐96購01,0,0,0,0,0,0,0,0,0,-97000,0,0,0,50000,147000,-97000,-97000
053792,百和元大96購01  ,0,0,0,0,0,0,0,0,0,-97000,0,0,0,291000,388000,-97000,-97000
053753,啟碁永豐96購01  ,0,0,0,0,0,0,0,0,0,-97000,0,0,0,0,97000,-97000,-97000
055108,智邦凱基98購01  ,0,0,0,0,0,0,0,0,0,-97000,0,0,0,44000,141000,-97000,-97000
06280P,臺股指凱基97售12,0,0,0,0,0,0,0,0,0,-97000,0,0,0,0,97000,-97000,-97000
6706,惠特            ,53000,102000,-49000,0,0,0,0,0,0,-48000,20000,68000,-48000,0,0,0,-97000
05953P,台積電國票98售02,0,0,0,0,0,0,0,0,0,-98000,0,0,0,35000,133000,-98000,-98000
05766P,A50正2凱基99售01,0,0,0,0,0,0,0,0,0,-98000,0,0,0,288000,386000,-98000,-98000
057218,可成群益99購03  ,0,0,0,0,0,0,0,0,0,-98000,0,0,0,5000,103000,-98000,-98000
057259,台積電兆豐98購03,0,0,0,0,0,0,0,0,0,-98000,0,0,0,213000,311000,-98000,-98000
057384,台灣50永豐99購02,0,0,0,0,0,0,0,0,0,-98000,0,0,0,10000,108000,-98000,-98000
056241,緯創群益97購01  ,0,0,0,0,0,0,0,0,0,-98000,0,0,0,0,98000,-98000,-98000
056242,緯創群益9A購01  ,0,0,0,0,0,0,0,0,0,-98000,0,0,0,0,98000,-98000,-98000
055772,致茂凱基97購01  ,0,0,0,0,0,0,0,0,0,-98000,0,0,0,44000,142000,-98000,-98000
055768,臺股指群益97購06,0,0,0,0,0,0,0,0,0,-98000,0,0,0,102000,200000,-98000,-98000
047837,嘉晶元大93購01  ,0,0,0,0,0,0,0,0,0,-98000,0,0,0,0,98000,-98000,-98000
052593,台積電群益96購02,0,0,0,0,0,0,0,0,0,-98000,0,0,0,199000,297000,-98000,-98000
051607,緯創群益96購02  ,0,0,0,0,0,0,0,0,0,-98000,0,0,0,0,98000,-98000,-98000
055389,國巨統一98購02  ,0,0,0,0,0,0,0,0,0,-98000,0,0,0,0,98000,-98000,-98000
054779,台塑群益98購01  ,0,0,0,0,0,0,0,0,0,-98000,0,0,0,0,98000,-98000,-98000
054633,臺股指凱基9A購02,0,0,0,0,0,0,0,0,0,-98000,0,0,0,105000,203000,-98000,-98000
053805,奇鋐凱基98購02  ,0,0,0,0,0,0,0,0,0,-98000,0,0,0,2000,100000,-98000,-98000
053061,GIS富邦97購01   ,0,0,0,0,0,0,0,0,0,-98000,0,0,0,0,98000,-98000,-98000
053432,世紀鋼永豐96購02,0,0,0,0,0,0,0,0,0,-98000,0,0,0,0,98000,-98000,-98000
2369,菱生            ,55000,153000,-98000,0,0,0,0,0,0,0,1000,1000,0,0,0,0,-98000
055792,臺股指凱基97購15,0,0,0,0,0,0,0,0,0,-99000,0,0,0,53000,152000,-99000,-99000
057083,立積統一98購01  ,0,0,0,0,0,0,0,0,0,-99000,0,0,0,93000,192000,-99000,-99000
05894P,友達群益98售02  ,0,0,0,0,0,0,0,0,0,-99000,0,0,0,33000,132000,-99000,-99000
046703,瑞昱元富95購01  ,0,0,0,0,0,0,0,0,0,-99000,0,0,0,5000,104000,-99000,-99000
03978P,瑞儀元大93售01  ,0,0,0,0,0,0,0,0,0,-99000,0,0,0,1000,100000,-99000,-99000
051435,聯茂元富95購01  ,0,0,0,0,0,0,0,0,0,-99000,0,0,0,30000,129000,-99000,-99000
050708,臺股指凱基96購06,0,0,0,0,0,0,0,0,0,-99000,0,0,0,2000,101000,-99000,-99000
050974,大成鋼統一95購01,0,0,0,0,0,0,0,0,0,-99000,0,0,0,41000,140000,-99000,-99000
052441,亞泥元大95購01  ,0,0,0,0,0,0,0,0,0,-99000,0,0,0,193000,292000,-99000,-99000
051248,華固元大95購01  ,190000,0,190000,0,0,0,0,0,0,-289000,0,0,0,40000,329000,-289000,-99000
053547,台積電凱基96購14,0,0,0,0,0,0,0,0,0,-99000,0,0,0,144000,243000,-99000,-99000
06728P,全新元大98售03  ,0,0,0,0,0,0,0,0,0,-99000,0,0,0,83000,182000,-99000,-99000
1104,環泥            ,36000,135000,-99000,0,0,0,0,0,0,0,0,0,0,0,0,0,-99000
1476,儒鴻            ,72600,161000,-88400,0,0,0,0,17000,-17000,6000,7000,3000,4000,3000,1000,2000,-99400
057830,T50反1台新02購02,0,0,0,0,0,0,0,0,0,-100000,0,0,0,0,100000,-100000,-100000
05815P,台積電凱基97售06,0,0,0,0,0,0,0,0,0,-100000,0,0,0,162000,262000,-100000,-100000
057567,嘉聯益富邦9A購01,0,0,0,0,0,0,0,0,0,-100000,0,0,0,0,100000,-100000,-100000
056912,臺股指元大99購04,0,0,0,0,0,0,0,0,0,-100000,0,0,0,0,100000,-100000,-100000
057120,茂林康和98購01  ,0,0,0,0,0,0,0,0,0,-100000,0,0,0,0,100000,-100000,-100000
055606,矽創元大97購01  ,0,0,0,0,0,0,0,0,0,-100000,0,0,0,50000,150000,-100000,-100000
055523,道瓊銀群益9A購01,0,0,0,0,0,0,0,0,0,-100000,0,0,0,0,100000,-100000,-100000
055954,南港元大97購02  ,0,0,0,0,0,0,0,0,0,-100000,0,0,0,0,100000,-100000,-100000
056148,臺股指日盛97購03,0,0,0,0,0,0,0,0,0,-100000,0,0,0,0,100000,-100000,-100000
056345,嘉聯益凱基99購01,0,0,0,0,0,0,0,0,0,-100000,0,0,0,0,100000,-100000,-100000
056677,智伸科元富98購01,0,0,0,0,0,0,0,0,0,-100000,0,0,0,10000,110000,-100000,-100000
056663,臺股指元大9A購10,0,0,0,0,0,0,0,0,0,-100000,0,0,0,10000,110000,-100000,-100000
056698,T50反1國泰9A購01,0,0,0,0,0,0,0,0,0,-100000,0,0,0,0,100000,-100000,-100000
04028P,燿華凱基94售02  ,0,0,0,0,0,0,0,0,0,-100000,0,0,0,50000,150000,-100000,-100000
04159P,滬深2X中信95售08,0,0,0,0,0,0,0,0,0,-100000,0,0,0,0,100000,-100000,-100000
03543P,台泥中信02售01  ,0,0,0,0,0,0,0,0,0,-100000,0,0,0,0,100000,-100000,-100000
03921P,亞光凱基94售01  ,0,0,0,0,0,0,0,0,0,-100000,0,0,0,0,100000,-100000,-100000
043538,元石油國票97購01,0,0,0,0,0,0,0,0,0,-100000,0,0,0,0,100000,-100000,-100000
04250P,嘉晶統一95售02  ,0,0,0,0,0,0,0,0,0,-100000,0,0,0,0,100000,-100000,-100000
03146P,台灣50群益03售01,0,0,0,0,0,0,0,0,0,-100000,0,0,0,0,100000,-100000,-100000
03064P,台灣50群益01售14,0,0,0,0,0,0,0,0,0,-100000,0,0,0,0,100000,-100000,-100000
044249,T50反1中信94購01,0,0,0,0,0,0,0,0,0,-100000,0,0,0,0,100000,-100000,-100000
045537,華新群益94購01  ,0,0,0,0,0,0,0,0,0,-100000,0,0,0,0,100000,-100000,-100000
047637,旺宏元大94購03  ,0,0,0,0,0,0,0,0,0,-100000,0,0,0,10000,110000,-100000,-100000
045484,聯電亞東94購01  ,0,0,0,0,0,0,0,0,0,-100000,0,0,0,0,100000,-100000,-100000
045288,元油2X元大95購02,0,0,0,0,0,0,0,0,0,-100000,0,0,0,0,100000,-100000,-100000
048179,臻鼎富邦97購01  ,0,0,0,0,0,0,0,0,0,-100000,0,0,0,10000,110000,-100000,-100000
04882P,鴻海凱基94售19  ,0,0,0,0,0,0,0,0,0,-100000,0,0,0,0,100000,-100000,-100000
048865,世紀鋼群益94購01,0,0,0,0,0,0,0,0,0,-100000,0,0,0,0,100000,-100000,-100000
047998,美律元大93購06  ,0,0,0,0,0,0,0,0,0,-100000,0,0,0,0,100000,-100000,-100000
047188,聯詠元大93購04  ,0,0,0,0,0,0,0,0,0,-100000,0,0,0,0,100000,-100000,-100000
047154,新光金國票95購01,0,0,0,0,0,0,0,0,0,-100000,0,0,0,17000,117000,-100000,-100000
047076,TPK兆豐94購01   ,0,0,0,0,0,0,0,0,0,-100000,0,0,0,0,100000,-100000,-100000
04690P,國巨群益94售06  ,0,0,0,0,0,0,0,0,0,-100000,0,0,0,0,100000,-100000,-100000
04699P,臺股指元富94售05,0,0,0,0,0,0,0,0,0,-100000,0,0,0,8000,108000,-100000,-100000
046722,智邦元大93購02  ,0,0,0,0,0,0,0,0,0,-100000,0,0,0,2000,102000,-100000,-100000
050137,臺指反國票96購01,0,0,0,0,0,0,0,0,0,-100000,0,0,0,105000,205000,-100000,-100000
049489,美律元大94購05  ,0,0,0,0,0,0,0,0,0,-100000,0,0,0,10000,110000,-100000,-100000
049007,玉晶光中信96購01,0,0,0,0,0,0,0,0,0,-100000,0,0,0,361000,461000,-100000,-100000
048963,川湖元大94購01  ,0,0,0,0,0,0,0,0,0,-100000,0,0,0,0,100000,-100000,-100000
051995,矽力元大95購03  ,0,0,0,0,0,0,0,0,0,-100000,0,0,0,42000,142000,-100000,-100000
04925P,和碩元大94售03  ,0,0,0,0,0,0,0,0,0,-100000,0,0,0,0,100000,-100000,-100000
051306,嘉聯益凱基96購01,0,0,0,0,0,0,0,0,0,-100000,0,0,0,0,100000,-100000,-100000
052745,欣興元大96購04  ,0,0,0,0,0,0,0,0,0,-100000,0,0,0,18000,118000,-100000,-100000
053354,康控兆豐97購02  ,0,0,0,0,0,0,0,0,0,-100000,0,0,0,0,100000,-100000,-100000
052832,益航群益96購01  ,0,0,0,0,0,0,0,0,0,-100000,0,0,0,100000,200000,-100000,-100000
050988,廣達富邦95購01  ,0,0,0,0,0,0,0,0,0,-100000,0,0,0,0,100000,-100000,-100000
050956,鈺齊群益95購01  ,0,0,0,0,0,0,0,0,0,-100000,0,0,0,12000,112000,-100000,-100000
05108P,欣興中信95售02  ,0,0,0,0,0,0,0,0,0,-100000,0,0,0,0,100000,-100000,-100000
051439,川湖元大95購01  ,0,0,0,0,0,0,0,0,0,-100000,0,0,0,0,100000,-100000,-100000
051794,臻鼎國票96購02  ,0,0,0,0,0,0,0,0,0,-100000,0,0,0,0,100000,-100000,-100000
051184,聯發科永豐95購03,0,0,0,0,0,0,0,0,0,-100000,0,0,0,0,100000,-100000,-100000
05158P,華通永豐95售01  ,0,0,0,0,0,0,0,0,0,-100000,0,0,0,0,100000,-100000,-100000
051508,元黃金中信97購01,0,0,0,0,0,0,0,0,0,-100000,0,0,0,0,100000,-100000,-100000
050362,深中小元大94購04,0,0,0,0,0,0,0,0,0,-100000,0,0,0,0,100000,-100000,-100000
049731,A50正2群益94購02,0,0,0,0,0,0,0,0,0,-100000,0,0,0,0,100000,-100000,-100000
049987,智易凱基94購03  ,0,400000,-400000,0,0,0,0,0,0,300000,0,0,0,400000,100000,300000,-100000
05023P,和碩凱基95售01  ,0,0,0,0,0,0,0,0,0,-100000,0,0,0,0,100000,-100000,-100000
053549,南亞科凱基96購02,0,0,0,0,0,0,0,0,0,-100000,0,0,0,10000,110000,-100000,-100000
054012,廣達永豐96購01  ,0,0,0,0,0,0,0,0,0,-100000,0,0,0,0,100000,-100000,-100000
053909,致伸凱基97購01  ,0,0,0,0,0,0,0,0,0,-100000,0,0,0,0,100000,-100000,-100000
053377,台積電元大98購01,0,0,0,0,0,0,0,0,0,-100000,0,0,0,222000,322000,-100000,-100000
052637,欣興凱基97購01  ,0,0,0,0,0,0,0,0,0,-100000,0,0,0,0,100000,-100000,-100000
054675,美律台新98購01  ,0,0,0,0,0,0,0,0,0,-100000,0,0,0,0,100000,-100000,-100000
054227,宏達電元富96購02,0,0,0,0,0,0,0,0,0,-100000,0,0,0,0,100000,-100000,-100000
054228,貿聯元富96購03  ,0,0,0,0,0,0,0,0,0,-100000,0,0,0,12000,112000,-100000,-100000
054525,奇鋐元富96購01  ,0,0,0,0,0,0,0,0,0,-100000,0,0,0,0,100000,-100000,-100000
054429,中石化台新97購01,0,0,0,0,0,0,0,0,0,-100000,0,0,0,0,100000,-100000,-100000
05507P,聯茂凱基96售02  ,0,0,0,0,0,0,0,0,0,-100000,0,0,0,0,100000,-100000,-100000
1442,名軒            ,29000,129000,-100000,0,0,0,0,0,0,0,0,0,0,0,0,0,-100000
2612,中航            ,27000,127000,-100000,0,0,0,0,0,0,0,0,0,0,0,0,0,-100000
06439P,上銀凱基98售02  ,0,0,0,0,0,0,0,0,0,-100000,0,0,0,0,100000,-100000,-100000
06589P,台積電元大98售12,0,0,0,0,0,0,0,0,0,-100000,0,0,0,10000,110000,-100000,-100000
06072P,牧德永豐97售01  ,0,0,0,0,0,0,0,0,0,-100000,0,0,0,0,100000,-100000,-100000
5515,建國            ,0,100000,-100000,0,0,0,0,0,0,0,0,0,0,0,0,0,-100000
2812,台中銀          ,307000,425116,-118116,0,0,0,18000,0,18000,0,0,0,0,0,0,0,-100116
056159,牧德凱基99購01  ,0,0,0,0,0,0,0,0,0,-101000,0,0,0,0,101000,-101000,-101000
05215P,台積電台新95售03,0,0,0,0,0,0,0,0,0,-101000,0,0,0,79000,180000,-101000,-101000
047969,台達電富邦97購01,0,0,0,0,0,0,0,0,0,-101000,0,0,0,30000,131000,-101000,-101000
03959P,義隆元富96售01  ,0,0,0,0,0,0,0,0,0,-101000,0,0,0,0,101000,-101000,-101000
03861P,群創元富99售01  ,0,0,0,0,0,0,0,0,0,-101000,0,0,0,0,101000,-101000,-101000
03999P,鴻海凱基94售11  ,0,0,0,0,0,0,0,0,0,-101000,0,0,0,0,101000,-101000,-101000
052141,百和凱基95購02  ,0,0,0,0,0,0,0,0,0,-101000,0,0,0,0,101000,-101000,-101000
054354,技嘉富邦97購01  ,0,0,0,0,0,0,0,0,0,-101000,0,0,0,35000,136000,-101000,-101000
05310P,智原永豐95售04  ,0,0,0,0,0,0,0,0,0,-101000,0,0,0,0,101000,-101000,-101000
054137,聯詠元大97購02  ,0,0,0,0,0,0,0,0,0,-101000,0,0,0,326000,427000,-101000,-101000
053559,台積電國泰98購01,0,0,0,0,0,0,0,0,0,-101000,0,0,0,59000,160000,-101000,-101000
053617,宏達電群益96購02,0,0,0,0,0,0,0,0,0,-101000,0,0,0,11000,112000,-101000,-101000
055930,可成群益98購01  ,0,0,0,0,0,0,0,0,0,-102000,0,0,0,89000,191000,-102000,-102000
057592,美律兆豐99購01  ,0,0,0,0,0,0,0,0,0,-102000,0,0,0,70000,172000,-102000,-102000
049976,台積電凱基94購28,0,0,0,0,0,0,0,0,0,-102000,0,0,0,30000,132000,-102000,-102000
057552,禾伸堂凱基98購05,0,0,0,0,0,0,0,0,0,-103000,0,0,0,46000,149000,-103000,-103000
055573,國巨統一97購06  ,0,0,0,0,0,0,0,0,0,-103000,0,0,0,179000,282000,-103000,-103000
052683,鴻海元大97購03  ,0,0,0,0,0,0,0,0,0,-103000,0,0,0,0,103000,-103000,-103000
054123,易華電永豐96購03,0,0,0,0,0,0,0,0,0,-103000,0,0,0,0,103000,-103000,-103000
054924,景碩凱基98購01  ,0,0,0,0,0,0,0,0,0,-103000,0,0,0,201000,304000,-103000,-103000
1464,得力            ,37000,135000,-98000,0,0,0,0,0,0,-5000,0,1000,-1000,0,4000,-4000,-103000
1536,和大            ,449000,211000,238000,0,0,0,0,300000,-300000,-41000,2000,2000,0,5000,46000,-41000,-103000
2022,聚亨            ,1000,104000,-103000,0,0,0,0,0,0,0,0,0,0,0,0,0,-103000
057690,美律凱基99購03  ,0,0,0,0,0,0,0,0,0,-104000,0,0,0,0,104000,-104000,-104000
04411P,智易統一96售01  ,0,0,0,0,0,0,0,0,0,-104000,0,0,0,0,104000,-104000,-104000
051240,台積電元大95購12,0,0,0,0,0,0,0,0,0,-104000,0,0,0,291000,395000,-104000,-104000
054884,友達統一99購01  ,0,0,0,0,0,0,0,0,0,-104000,0,0,0,30000,134000,-104000,-104000
053852,南亞科國泰98購01,0,0,0,0,0,0,0,0,0,-104000,0,0,0,110000,214000,-104000,-104000
057735,台灣50富邦9C購02,0,0,0,0,0,0,0,0,0,-105000,0,0,0,52000,157000,-105000,-105000
057767,緯穎凱基98購06  ,0,0,0,0,0,0,0,0,0,-105000,0,0,0,0,105000,-105000,-105000
05984P,台積電統一98售01,0,0,0,0,0,0,0,0,0,-105000,0,0,0,0,105000,-105000,-105000
057004,滬深反中信9A購01,0,0,0,0,0,0,0,0,0,-105000,0,0,0,0,105000,-105000,-105000
056428,台達電凱基99購01,0,0,0,0,0,0,0,0,0,-105000,0,0,0,14000,119000,-105000,-105000
056619,強茂永豐98購01  ,0,0,0,0,0,0,0,0,0,-105000,0,0,0,0,105000,-105000,-105000
056472,美律元大99購03  ,0,0,0,0,0,0,0,0,0,-105000,0,0,0,7000,112000,-105000,-105000
047869,景碩永豐93購01  ,0,0,0,0,0,0,0,0,0,-105000,0,0,0,0,105000,-105000,-105000
052670,茂林群益96購02  ,0,0,0,0,0,0,0,0,0,-105000,0,0,0,111000,216000,-105000,-105000
052508,矽力日盛95購02  ,0,0,0,0,0,0,0,0,0,-105000,0,0,0,0,105000,-105000,-105000
053812,台積電群益96購09,0,0,0,0,0,0,0,0,0,-105000,0,0,0,9000,114000,-105000,-105000
053587,京元電元大98購01,0,0,0,0,0,0,0,0,0,-105000,0,0,0,0,105000,-105000,-105000
05362P,可成富邦97售02  ,0,0,0,0,0,0,0,0,0,-105000,0,0,0,0,105000,-105000,-105000
055308,聯發科群益97購04,0,0,0,0,0,0,0,0,0,-105000,0,0,0,0,105000,-105000,-105000
2228,劍麟            ,11000,116000,-105000,0,0,0,0,0,0,0,0,0,0,0,0,0,-105000
1313,聯成            ,97000,201000,-104000,0,0,0,0,0,0,-1000,0,1000,-1000,0,0,0,-105000
06075P,智邦凱基97售02  ,0,0,0,0,0,0,0,0,0,-105000,0,0,0,19000,124000,-105000,-105000
06308P,國巨元富97售06  ,0,0,0,0,0,0,0,0,0,-105000,0,0,0,0,105000,-105000,-105000
056333,台積電日盛9B購01,0,0,0,0,0,0,0,0,0,-106000,0,0,0,59000,165000,-106000,-106000
055764,臺股指群益97購02,0,0,0,0,0,0,0,0,0,-106000,0,0,0,216000,322000,-106000,-106000
055964,正文元大97購02  ,0,0,0,0,0,0,0,0,0,-106000,0,0,0,40000,146000,-106000,-106000
045640,嘉晶凱基93購01  ,0,0,0,0,0,0,0,0,0,-106000,0,0,0,5000,111000,-106000,-106000
051951,聯發科元富95購02,0,0,0,0,0,0,0,0,0,-106000,0,0,0,0,106000,-106000,-106000
050197,矽格元大94購04  ,0,0,0,0,0,0,0,0,0,-106000,0,0,0,0,106000,-106000,-106000
050784,美律國泰96購01  ,0,0,0,0,0,0,0,0,0,-106000,0,0,0,5000,111000,-106000,-106000
054803,味全元大9A購01  ,0,0,0,0,0,0,0,0,0,-106000,0,0,0,0,106000,-106000,-106000
053078,昇陽半永豐97購02,0,0,0,0,0,0,0,0,0,-106000,0,0,0,4000,110000,-106000,-106000
06368P,台積電凱基97售15,0,0,0,0,0,0,0,0,0,-106000,0,0,0,0,106000,-106000,-106000
06557P,台積電兆豐98售02,0,0,0,0,0,0,0,0,0,-106000,0,0,0,0,106000,-106000,-106000
056080,世紀鋼元大97購03,0,0,0,0,0,0,0,0,0,-107000,0,0,0,3000,110000,-107000,-107000
05928P,華邦電康和96售01,0,0,0,0,0,0,0,0,0,-107000,0,0,0,0,107000,-107000,-107000
00680L,元大美債20正2   ,0,0,0,0,0,0,0,0,0,-107000,0,0,0,116000,223000,-107000,-107000
048279,聯鈞永豐93購01  ,0,0,0,0,0,0,0,0,0,-107000,0,0,0,136000,243000,-107000,-107000
051937,廣達群益95購01  ,0,0,0,0,0,0,0,0,0,-107000,0,0,0,22000,129000,-107000,-107000
052622,貿聯兆豐97購01  ,0,0,0,0,0,0,0,0,0,-107000,0,0,0,5000,112000,-107000,-107000
052928,美律元大98購01  ,0,0,0,0,0,0,0,0,0,-107000,0,0,0,0,107000,-107000,-107000
05397P,大立光凱基96售08,0,0,0,0,0,0,0,0,0,-107000,0,0,0,30000,137000,-107000,-107000
2820,華票            ,93000,201000,-108000,0,0,0,0,0,0,1000,1000,0,1000,0,0,0,-107000
057698,奇力新群益98購02,0,0,0,0,0,0,0,0,0,-108000,0,0,0,109000,217000,-108000,-108000
057301,嘉聯益永豐98購02,0,0,0,0,0,0,0,0,0,-108000,0,0,0,6000,114000,-108000,-108000
056626,同欣電永豐98購01,0,0,0,0,0,0,0,0,0,-108000,0,0,0,4000,112000,-108000,-108000
04703P,樺漢統一95售01  ,0,0,0,0,0,0,0,0,0,-108000,0,0,0,0,108000,-108000,-108000
048713,美利達康和94購01,0,0,0,0,0,0,0,0,0,-108000,0,0,0,30000,138000,-108000,-108000
04410P,大立光統一94售05,0,0,0,0,0,0,0,0,0,-108000,0,0,0,0,108000,-108000,-108000
045086,玉晶光元大94購02,0,0,0,0,0,0,0,0,0,-108000,0,0,0,20000,128000,-108000,-108000
050240,聯發科凱基94購13,0,0,0,0,0,0,0,0,0,-108000,0,0,0,12000,120000,-108000,-108000
053931,楠梓電統一96購01,0,0,0,0,0,0,0,0,0,-108000,0,0,0,0,108000,-108000,-108000
054189,貿聯永豐96購03  ,0,0,0,0,0,0,0,0,0,-108000,0,0,0,18000,126000,-108000,-108000
054199,大立光永昌96購07,0,0,0,0,0,0,0,0,0,-108000,0,0,0,0,108000,-108000,-108000
054864,聯發科群益97購02,0,0,0,0,0,0,0,0,0,-108000,0,0,0,3000,111000,-108000,-108000
055089,金寶群益98購01  ,0,0,0,0,0,0,0,0,0,-108000,0,0,0,21000,129000,-108000,-108000
1589,永冠-KY         ,75000,164000,-89000,0,0,0,0,0,0,-19000,0,28000,-28000,10000,1000,9000,-108000
2204,中華            ,207000,318000,-111000,0,0,0,1000,0,1000,2000,2000,0,2000,0,0,0,-108000
056611,國巨永豐98購03  ,0,0,0,0,0,0,0,0,0,-109000,0,0,0,88000,197000,-109000,-109000
05564P,玉晶光元大97售02,0,0,0,0,0,0,0,0,0,-109000,0,0,0,23000,132000,-109000,-109000
050866,景碩永豐95購01  ,0,0,0,0,0,0,0,0,0,-109000,0,0,0,184000,293000,-109000,-109000
052490,禾伸堂國票95購01,0,0,0,0,0,0,0,0,0,-109000,0,0,0,1000,110000,-109000,-109000
052379,鈺齊元大95購04  ,0,0,0,0,0,0,0,0,0,-109000,0,0,0,1000,110000,-109000,-109000
055195,昇陽半元富97購02,0,0,0,0,0,0,0,0,0,-109000,0,0,0,72000,181000,-109000,-109000
054308,嘉晶凱基98購01  ,0,0,0,0,0,0,0,0,0,-109000,0,0,0,190000,299000,-109000,-109000
05439P,聯發科國票95售06,0,0,0,0,0,0,0,0,0,-109000,0,0,0,0,109000,-109000,-109000
053074,嘉晶永豐96購02  ,0,0,0,0,0,0,0,0,0,-109000,0,0,0,63000,172000,-109000,-109000
055709,深中小元大97購03,0,0,0,0,0,0,0,0,0,-110000,0,0,0,0,110000,-110000,-110000
056628,矽創永豐98購01  ,0,0,0,0,0,0,0,0,0,-110000,0,0,0,108000,218000,-110000,-110000
057064,華新科富邦9B購01,0,0,0,0,0,0,0,0,0,-110000,0,0,0,83000,193000,-110000,-110000
057745,泰鼎永豐99購01  ,0,0,0,0,0,0,0,0,0,-110000,0,0,0,0,110000,-110000,-110000
057438,禾伸堂國票99購01,0,0,0,0,0,0,0,0,0,-110000,0,0,0,11000,121000,-110000,-110000
042280,元石油富邦96購01,0,0,0,0,0,0,0,0,0,-110000,0,0,0,0,110000,-110000,-110000
03909P,奇鋐元大93售04  ,0,0,0,0,0,0,0,0,0,-110000,0,0,0,0,110000,-110000,-110000
048744,儒鴻元富97購01  ,0,0,0,0,0,0,0,0,0,-110000,0,0,0,0,110000,-110000,-110000
048249,嘉澤兆豐94購01  ,0,0,0,0,0,0,0,0,0,-110000,0,0,0,0,110000,-110000,-110000
052155,百和台新95購01  ,0,0,0,0,0,0,0,0,0,-110000,0,0,0,38000,148000,-110000,-110000
052548,旺宏亞東96購01  ,0,0,0,0,0,0,0,0,0,-110000,0,0,0,0,110000,-110000,-110000
051268,創意富邦97購01  ,0,0,0,0,0,0,0,0,0,-110000,0,0,0,10000,120000,-110000,-110000
049685,T50反1元大94購01,0,0,0,0,0,0,0,0,0,-110000,0,0,0,0,110000,-110000,-110000
051391,聯發科兆豐95購02,0,0,0,0,0,0,0,0,0,-110000,0,0,0,0,110000,-110000,-110000
05178P,大立光凱基96售05,0,0,0,0,0,0,0,0,0,-110000,0,0,0,0,110000,-110000,-110000
053363,旺宏國泰98購02  ,0,0,0,0,0,0,0,0,0,-110000,0,0,0,41000,151000,-110000,-110000
054047,富邦金元大97購01,0,0,0,0,0,0,0,0,0,-110000,0,0,0,20000,130000,-110000,-110000
053865,欣興元大97購02  ,0,0,0,0,0,0,0,0,0,-110000,0,0,0,26000,136000,-110000,-110000
054804,南亞元大9A購01  ,0,0,0,0,0,0,0,0,0,-110000,0,0,0,0,110000,-110000,-110000
054593,滬深2X永昌9A購01,0,0,0,0,0,0,0,0,0,-110000,0,0,0,0,110000,-110000,-110000
3031,佰鴻            ,18000,127000,-109000,0,0,0,0,0,0,-1000,0,1000,-1000,0,0,0,-110000
5521,工信            ,232000,342000,-110000,0,0,0,0,0,0,0,0,0,0,0,0,0,-110000
5608,四維航          ,2000,112000,-110000,0,0,0,0,0,0,0,0,0,0,0,0,0,-110000
057418,台光電凱基98購04,0,0,0,0,0,0,0,0,0,-111000,0,0,0,41000,152000,-111000,-111000
057088,上銀元富98購01  ,0,0,0,0,0,0,0,0,0,-111000,0,0,0,2000,113000,-111000,-111000
057206,立積元富98購01  ,0,0,0,0,0,0,0,0,0,-111000,0,0,0,27000,138000,-111000,-111000
055725,嘉聯益元大98購03,0,0,0,0,0,0,0,0,0,-111000,0,0,0,104000,215000,-111000,-111000
056115,奇力新群益97購06,0,0,0,0,0,0,0,0,0,-111000,0,0,0,167000,278000,-111000,-111000
044965,大立光中信95購01,0,0,0,0,0,0,0,0,0,-111000,0,0,0,100000,211000,-111000,-111000
051215,大立光統一95購03,0,0,0,0,0,0,0,0,0,-111000,0,0,0,309000,420000,-111000,-111000
052147,上緯控群益95購01,0,0,0,0,0,0,0,0,0,-111000,0,0,0,0,111000,-111000,-111000
049123,可成元富94購01  ,0,0,0,0,0,0,0,0,0,-111000,0,0,0,0,111000,-111000,-111000
052594,友訊群益98購01  ,0,0,0,0,0,0,0,0,0,-111000,0,0,0,219000,330000,-111000,-111000
054643,上証2X群益9B購01,0,0,0,0,0,0,0,0,0,-111000,0,0,0,71000,182000,-111000,-111000
054459,鈺齊群益96購01  ,0,0,0,0,0,0,0,0,0,-111000,0,0,0,0,111000,-111000,-111000
06417P,台積電兆豐97售03,0,0,0,0,0,0,0,0,0,-111000,0,0,0,13000,124000,-111000,-111000
05657P,樺漢統一97售01  ,0,0,0,0,0,0,0,0,0,-112000,0,0,0,0,112000,-112000,-112000
056971,麗豐永豐98購01  ,0,0,0,0,0,0,0,0,0,-112000,0,0,0,35000,147000,-112000,-112000
054317,昇陽半凱基98購01,0,0,0,0,0,0,0,0,0,-112000,0,0,0,23000,135000,-112000,-112000
054996,聯陽元富97購01  ,0,0,0,0,0,0,0,0,0,-112000,0,0,0,325000,437000,-112000,-112000
052417,聯發科兆豐9B購01,0,0,0,0,0,0,0,0,0,-112000,0,0,0,2000,114000,-112000,-112000
05312P,臺股指群益95售11,0,0,0,0,0,0,0,0,0,-112000,0,0,0,57000,169000,-112000,-112000
06155P,智邦統一97售02  ,0,0,0,0,0,0,0,0,0,-112000,0,0,0,0,112000,-112000,-112000
3019,亞光            ,242000,286000,-44000,0,0,0,0,0,0,-68000,26000,38000,-12000,12000,68000,-56000,-112000
6416,瑞祺電通        ,34000,131000,-97000,0,0,0,0,12000,-12000,-3000,6000,9000,-3000,0,0,0,-112000
057031,滬深反元大9B購02,0,0,0,0,0,0,0,0,0,-113000,0,0,0,0,113000,-113000,-113000
056576,晶技元大99購02  ,0,0,0,0,0,0,0,0,0,-113000,0,0,0,184000,297000,-113000,-113000
05669P,嘉晶永豐96售03  ,0,0,0,0,0,0,0,0,0,-113000,0,0,0,0,113000,-113000,-113000
056111,力成永豐97購01  ,0,0,0,0,0,0,0,0,0,-113000,0,0,0,6000,119000,-113000,-113000
049101,聯詠國泰95購01  ,0,0,0,0,0,0,0,0,0,-113000,0,0,0,0,113000,-113000,-113000
052849,可成統一97購01  ,0,0,0,0,0,0,0,0,0,-113000,0,0,0,5000,118000,-113000,-113000
050454,嘉澤元大94購04  ,0,0,0,0,0,0,0,0,0,-113000,0,0,0,17000,130000,-113000,-113000
051410,京元電國票96購01,0,0,0,0,0,0,0,0,0,-113000,0,0,0,123000,236000,-113000,-113000
053051,楠梓電國票97購01,0,0,0,0,0,0,0,0,0,-113000,0,0,0,0,113000,-113000,-113000
054208,台積電國票97購07,0,0,0,0,0,0,0,0,0,-113000,0,0,0,118000,231000,-113000,-113000
054347,上緯控國票96購02,0,0,0,0,0,0,0,0,0,-113000,0,0,0,0,113000,-113000,-113000
054374,信邦中信96購01  ,0,0,0,0,0,0,0,0,0,-113000,0,0,0,211000,324000,-113000,-113000
3026,禾伸堂          ,612000,904000,-292000,0,0,0,0,0,0,179000,0,0,0,191000,12000,179000,-113000
2605,新興            ,107000,220000,-113000,0,0,0,0,0,0,0,0,0,0,0,0,0,-113000
06047P,聯發科富邦99售04,0,0,0,0,0,0,0,0,0,-113000,0,0,0,6000,119000,-113000,-113000
06576P,台光電群益98售03,0,0,0,0,0,0,0,0,0,-113000,0,0,0,155000,268000,-113000,-113000
6552,易華電          ,118000,255050,-137050,0,0,0,0,0,0,24000,18000,0,18000,10000,4000,6000,-113050
057559,可成兆豐99購02  ,0,0,0,0,0,0,0,0,0,-114000,0,0,0,0,114000,-114000,-114000
05956P,漢唐國票96售02  ,0,0,0,0,0,0,0,0,0,-114000,0,0,0,0,114000,-114000,-114000
050971,緯穎永豐95購01  ,0,0,0,0,0,0,0,0,0,-114000,0,0,0,183000,297000,-114000,-114000
054689,華新科永豐97購01,0,0,0,0,0,0,0,0,0,-114000,0,0,0,425000,539000,-114000,-114000
05896P,宏達電群益96售03,0,0,0,0,0,0,0,0,0,-115000,0,0,0,0,115000,-115000,-115000
057075,嘉聯益永豐98購01,0,0,0,0,0,0,0,0,0,-115000,0,0,0,10000,125000,-115000,-115000
057156,元油2X富邦9C購01,0,0,0,0,0,0,0,0,0,-115000,0,0,0,5000,120000,-115000,-115000
055989,矽力元富9A購01  ,0,0,0,0,0,0,0,0,0,-115000,0,0,0,20000,135000,-115000,-115000
056539,新光金凱基9A購01,0,0,0,0,0,0,0,0,0,-115000,0,0,0,0,115000,-115000,-115000
045101,玉晶光中信94購01,0,0,0,0,0,0,0,0,0,-115000,0,0,0,10000,125000,-115000,-115000
04598P,光罩凱基94售03  ,0,0,0,0,0,0,0,0,0,-115000,0,0,0,11000,126000,-115000,-115000
04275P,南亞科凱基93售08,0,0,0,0,0,0,0,0,0,-115000,0,0,0,5000,120000,-115000,-115000
050401,鎧勝中信94購01  ,0,0,0,0,0,0,0,0,0,-115000,0,0,0,0,115000,-115000,-115000
053565,台光電富邦98購01,0,0,0,0,0,0,0,0,0,-115000,0,0,0,0,115000,-115000,-115000
2851,中再保          ,1000,116000,-115000,0,0,0,0,0,0,0,0,0,0,0,0,0,-115000
055722,聯鈞元大97購03  ,0,0,0,0,0,0,0,0,0,-116000,0,0,0,246000,362000,-116000,-116000
055736,宏達電元富99購01,0,0,0,0,0,0,0,0,0,-116000,0,0,0,33000,149000,-116000,-116000
055801,景碩永豐97購02  ,0,0,0,0,0,0,0,0,0,-116000,0,0,0,39000,155000,-116000,-116000
04287P,A50正2中信96售01,0,0,0,0,0,0,0,0,0,-116000,0,0,0,21000,137000,-116000,-116000
051485,玉晶光凱基97購02,0,0,0,0,0,0,0,0,0,-116000,0,0,0,178000,294000,-116000,-116000
052765,新日興群益97購01,0,0,0,0,0,0,0,0,0,-116000,0,0,0,42000,158000,-116000,-116000
3338,泰碩            ,66000,208000,-142000,0,0,0,50000,0,50000,-24000,3000,0,3000,23000,50000,-27000,-116000
056044,同欣電凱基97購03,0,0,0,0,0,0,0,0,0,-117000,0,0,0,30000,147000,-117000,-117000
056106,晶相光永豐97購02,0,0,0,0,0,0,0,0,0,-117000,0,0,0,4000,121000,-117000,-117000
057141,嘉聯益兆豐99購01,0,0,0,0,0,0,0,0,0,-117000,0,0,0,19000,136000,-117000,-117000
051158,嘉晶富邦96購01  ,0,0,0,0,0,0,0,0,0,-117000,0,0,0,40000,157000,-117000,-117000
051280,台積電兆豐95購04,0,0,0,0,0,0,0,0,0,-117000,0,0,0,0,117000,-117000,-117000
053847,美律元富96購02  ,0,0,0,0,0,0,0,0,0,-117000,0,0,0,10000,127000,-117000,-117000
2617,台航            ,21000,140000,-119000,0,0,0,0,0,0,2000,2000,0,2000,0,0,0,-117000
4919,新唐            ,120000,153000,-33000,0,0,0,0,0,0,-84000,0,0,0,22000,106000,-84000,-117000
057010,景碩中信98購01  ,0,0,0,0,0,0,0,0,0,-118000,0,0,0,0,118000,-118000,-118000
04049P,大立光元大95售02,0,0,0,0,0,0,0,0,0,-118000,0,0,0,132000,250000,-118000,-118000
044105,聯詠中信95購01  ,0,0,0,0,0,0,0,0,0,-118000,0,0,0,0,118000,-118000,-118000
048350,世紀鋼元大95購01,0,0,0,0,0,0,0,0,0,-118000,0,0,0,0,118000,-118000,-118000
047231,大立光凱基95購03,0,0,0,0,0,0,0,0,0,-118000,0,0,0,0,118000,-118000,-118000
050218,世紀鋼統一94購02,0,0,0,0,0,0,0,0,0,-118000,0,0,0,92000,210000,-118000,-118000
049561,道瓊銀統一96購01,0,0,0,0,0,0,0,0,0,-118000,0,0,0,40000,158000,-118000,-118000
053940,康友元富96購01  ,0,0,0,0,0,0,0,0,0,-118000,0,0,0,30000,148000,-118000,-118000
053187,國巨統一96購05  ,0,0,0,0,0,0,0,0,0,-118000,0,0,0,83000,201000,-118000,-118000
054571,楠梓電元大99購01,0,0,0,0,0,0,0,0,0,-118000,0,0,0,118000,236000,-118000,-118000
06635P,聯發科凱基98售15,0,0,0,0,0,0,0,0,0,-118000,0,0,0,10000,128000,-118000,-118000
056777,矽力元大98購02  ,0,0,0,0,0,0,0,0,0,-119000,0,0,0,3000,122000,-119000,-119000
057437,可成國票99購01  ,0,0,0,0,0,0,0,0,0,-119000,0,0,0,6000,125000,-119000,-119000
057453,矽創元富98購01  ,0,0,0,0,0,0,0,0,0,-119000,0,0,0,11000,130000,-119000,-119000
056564,亞光群益98購02  ,0,0,0,0,0,0,0,0,0,-119000,0,0,0,63000,182000,-119000,-119000
056739,美律凱基98購04  ,0,0,0,0,0,0,0,0,0,-119000,0,0,0,0,119000,-119000,-119000
051954,矽力元富95購04  ,0,0,0,0,0,0,0,0,0,-119000,0,0,0,14000,133000,-119000,-119000
049365,美律元大94購04  ,0,0,0,0,0,0,0,0,0,-119000,0,0,0,0,119000,-119000,-119000
05473P,聯詠統一97售02  ,0,0,0,0,0,0,0,0,0,-119000,0,0,0,27000,146000,-119000,-119000
055718,可成元大97購02  ,0,0,0,0,0,0,0,0,0,-120000,0,0,0,574000,694000,-120000,-120000
057315,台灣50康和9A購03,0,0,0,0,0,0,0,0,0,-120000,0,0,0,0,120000,-120000,-120000
04821P,臺股指永豐94售01,0,0,0,0,0,0,0,0,0,-120000,0,0,0,0,120000,-120000,-120000
045021,臺股指中信94購02,0,0,0,0,0,0,0,0,0,-120000,0,0,0,80000,200000,-120000,-120000
04104P,臺股指國票93售11,0,0,0,0,0,0,0,0,0,-120000,0,0,0,12000,132000,-120000,-120000
03763P,聯發科元富96售01,0,0,0,0,0,0,0,0,0,-120000,0,0,0,10000,130000,-120000,-120000
042930,大立光中信94購01,0,0,0,0,0,0,0,0,0,-120000,0,0,0,0,120000,-120000,-120000
04181P,嘉晶國票93售04  ,0,0,0,0,0,0,0,0,0,-120000,0,0,0,0,120000,-120000,-120000
049378,聯詠元大94購02  ,0,0,0,0,0,0,0,0,0,-120000,0,0,0,0,120000,-120000,-120000
052598,滬深2X元大96購05,0,0,0,0,0,0,0,0,0,-120000,0,0,0,0,120000,-120000,-120000
055329,百和國票98購01  ,0,0,0,0,0,0,0,0,0,-120000,0,0,0,110000,230000,-120000,-120000
053537,玉晶光永豐98購02,0,0,0,0,0,0,0,0,0,-120000,0,0,0,84000,204000,-120000,-120000
053802,南亞科凱基96購04,0,0,0,0,0,0,0,0,0,-120000,0,0,0,30000,150000,-120000,-120000
06057P,大立光凱基98售01,0,0,0,0,0,0,0,0,0,-120000,0,0,0,5000,125000,-120000,-120000
06270P,致伸凱基97售03  ,0,0,0,0,0,0,0,0,0,-120000,0,0,0,200000,320000,-120000,-120000
2457,飛宏            ,18000,137000,-119000,0,0,0,0,0,0,-1000,0,1000,-1000,0,0,0,-120000
056785,可成群益99購01  ,0,0,0,0,0,0,0,0,0,-121000,0,0,0,21000,142000,-121000,-121000
00662,富邦NASDAQ      ,2000,0,2000,0,0,0,0,0,0,-123000,0,0,0,0,123000,-123000,-121000
048973,禾伸堂元大94購01,0,0,0,0,0,0,0,0,0,-121000,0,0,0,0,121000,-121000,-121000
051907,台積電元大97購05,0,0,0,0,0,0,0,0,0,-121000,0,0,0,409000,530000,-121000,-121000
053953,群創台新97購01  ,0,0,0,0,0,0,0,0,0,-121000,0,0,0,30000,151000,-121000,-121000
054016,嘉晶永豐96購04  ,0,0,0,0,0,0,0,0,0,-121000,0,0,0,26000,147000,-121000,-121000
053443,智邦凱基97購01  ,0,0,0,0,0,0,0,0,0,-121000,0,0,0,23000,144000,-121000,-121000
05436P,台積電群益95售07,0,0,0,0,0,0,0,0,0,-121000,0,0,0,1000,122000,-121000,-121000
2374,佳能            ,41000,90000,-49000,0,0,0,0,0,0,-72000,0,72000,-72000,0,0,0,-121000
057526,智邦元大98購10  ,0,0,0,0,0,0,0,0,0,-122000,0,0,0,56000,178000,-122000,-122000
06553P,訊芯元大98售05  ,0,0,0,0,0,0,0,0,0,-122000,0,0,0,26000,148000,-122000,-122000
05874P,台積電群益96售10,0,0,0,0,0,0,0,0,0,-123000,0,0,0,215000,338000,-123000,-123000
05990P,台積電群益96售13,0,0,0,0,0,0,0,0,0,-123000,0,0,0,0,123000,-123000,-123000
04674P,全新統一95售01  ,0,0,0,0,0,0,0,0,0,-123000,0,0,0,68000,191000,-123000,-123000
00646,元大S&P500      ,0,0,0,0,0,0,0,0,0,-123000,0,0,0,63000,186000,-123000,-123000
046696,可成凱基93購02  ,0,0,0,0,0,0,0,0,0,-123000,0,0,0,0,123000,-123000,-123000
048602,上緯控國票96購01,0,0,0,0,0,0,0,0,0,-123000,0,0,0,0,123000,-123000,-123000
051334,宏達電永豐95購01,0,0,0,0,0,0,0,0,0,-123000,0,0,0,25000,148000,-123000,-123000
053039,聯發科凱基96購11,0,0,0,0,0,0,0,0,0,-123000,0,0,0,10000,133000,-123000,-123000
052922,國巨永豐96購01  ,0,0,0,0,0,0,0,0,0,-123000,0,0,0,231000,354000,-123000,-123000
055658,南電元富97購01  ,0,0,0,0,0,0,0,0,0,-124000,0,0,0,605000,729000,-124000,-124000
044289,群創凱基93購04  ,0,0,0,0,0,0,0,0,0,-124000,0,0,0,156000,280000,-124000,-124000
03416B,臺股指凱基95熊05,0,0,0,0,0,0,0,0,0,-124000,0,0,0,52000,176000,-124000,-124000
042281,元油2X富邦96購02,0,0,0,0,0,0,0,0,0,-124000,0,0,0,25000,149000,-124000,-124000
052707,景碩台新96購01  ,0,0,0,0,0,0,0,0,0,-124000,0,0,0,89000,213000,-124000,-124000
04980P,臺股指凱基96售08,0,0,0,0,0,0,0,0,0,-124000,0,0,0,1198000,1322000,-124000,-124000
053892,景碩群益96購02  ,0,0,0,0,0,0,0,0,0,-124000,0,0,0,5000,129000,-124000,-124000
06104P,大立光凱基97售04,0,0,0,0,0,0,0,0,0,-124000,0,0,0,50000,174000,-124000,-124000
057399,滬深反群益9C購01,0,0,0,0,0,0,0,0,0,-125000,0,0,0,0,125000,-125000,-125000
04025P,宏達電國泰94售01,0,0,0,0,0,0,0,0,0,-125000,0,0,0,0,125000,-125000,-125000
04333P,儒鴻凱基93售06  ,0,0,0,0,0,0,0,0,0,-125000,0,0,0,5000,130000,-125000,-125000
052316,台積電元大96購10,0,0,0,0,0,0,0,0,0,-125000,0,0,0,163000,288000,-125000,-125000
051697,康友中信95購02  ,0,0,0,0,0,0,0,0,0,-125000,0,0,0,0,125000,-125000,-125000
052684,旺宏元大98購01  ,0,0,0,0,0,0,0,0,0,-125000,0,0,0,51000,176000,-125000,-125000
052895,台積電群益96購04,0,0,0,0,0,0,0,0,0,-125000,0,0,0,415000,540000,-125000,-125000
053125,宏達電凱基96購01,0,0,0,0,0,0,0,0,0,-125000,0,0,0,10000,135000,-125000,-125000
055452,台積電元富97購03,0,0,0,0,0,0,0,0,0,-125000,0,0,0,33000,158000,-125000,-125000
1319,東陽            ,78050,60000,18050,0,0,0,0,140000,-140000,-4000,0,1000,-1000,0,3000,-3000,-125950
055876,美食元富9A購01  ,0,0,0,0,0,0,0,0,0,-126000,0,0,0,213000,339000,-126000,-126000
056378,欣興元富98購01  ,0,0,0,0,0,0,0,0,0,-126000,0,0,0,8000,134000,-126000,-126000
04434P,玉晶光國票96售02,0,0,0,0,0,0,0,0,0,-126000,0,0,0,229000,355000,-126000,-126000
049372,華新科元大95購04,0,0,0,0,0,0,0,0,0,-126000,0,0,0,12000,138000,-126000,-126000
05049P,矽創永豐95售01  ,0,0,0,0,0,0,0,0,0,-126000,0,0,0,126000,252000,-126000,-126000
05197P,智原永豐95售02  ,2000,0,2000,0,0,0,0,0,0,-128000,0,0,0,0,128000,-128000,-126000
051039,台表科康和95購01,0,0,0,0,0,0,0,0,0,-126000,0,0,0,107000,233000,-126000,-126000
05078P,義隆永豐95售01  ,0,0,0,0,0,0,0,0,0,-126000,0,0,0,187000,313000,-126000,-126000
054201,聯詠富邦97購02  ,0,0,0,0,0,0,0,0,0,-126000,0,0,0,134000,260000,-126000,-126000
053876,可成永昌98購01  ,0,0,0,0,0,0,0,0,0,-126000,0,0,0,127000,253000,-126000,-126000
053670,台積電統一96購09,0,0,0,0,0,0,0,0,0,-126000,0,0,0,50000,176000,-126000,-126000
6669,緯穎            ,489759,564000,-74241,0,0,0,0,0,0,-52000,7000,15000,-8000,2000,46000,-44000,-126241
056049,奇力新國票98購01,0,0,0,0,0,0,0,0,0,-127000,0,0,0,8000,135000,-127000,-127000
056915,上銀兆豐99購01  ,0,0,0,0,0,0,0,0,0,-127000,0,0,0,128000,255000,-127000,-127000
049802,可成元大94購10  ,0,0,0,0,0,0,0,0,0,-127000,0,0,0,70000,197000,-127000,-127000
6592,和潤企業        ,37001,164000,-126999,0,0,0,0,0,0,-1000,0,1000,-1000,0,0,0,-127999
057216,聯發科群益99購01,0,0,0,0,0,0,0,0,0,-128000,0,0,0,34000,162000,-128000,-128000
056238,聯發科群益98購02,0,0,0,0,0,0,0,0,0,-128000,0,0,0,36000,164000,-128000,-128000
052337,臺股指日盛95購02,0,0,0,0,0,0,0,0,0,-128000,0,0,0,4043000,4171000,-128000,-128000
05521P,創意永豐96售01  ,0,0,0,0,0,0,0,0,0,-128000,0,0,0,48000,176000,-128000,-128000
2362,藍天            ,84000,210154,-126154,0,0,0,0,1000,-1000,-1000,0,1000,-1000,0,0,0,-128154
055579,健策統一9A購01  ,0,0,0,0,0,0,0,0,0,-129000,0,0,0,133000,262000,-129000,-129000
053222,聯茂凱基96購03  ,0,0,0,0,0,0,0,0,0,-129000,0,0,0,80000,209000,-129000,-129000
1810,和成            ,4000,133000,-129000,0,0,0,0,0,0,0,0,0,0,0,0,0,-129000
06454P,緯穎元大98售04  ,0,0,0,0,0,0,0,0,0,-129000,0,0,0,30000,159000,-129000,-129000
056398,南茂永豐98購01  ,0,0,0,0,0,0,0,0,0,-130000,0,0,0,130000,260000,-130000,-130000
056494,緯創國泰99購01  ,0,0,0,0,0,0,0,0,0,-130000,0,0,0,0,130000,-130000,-130000
057167,台積電元大99購03,0,0,0,0,0,0,0,0,0,-130000,0,0,0,543000,673000,-130000,-130000
056934,國巨元富98購04  ,0,0,0,0,0,0,0,0,0,-130000,0,0,0,378000,508000,-130000,-130000
057791,可成統一99購01  ,0,0,0,0,0,0,0,0,0,-130000,0,0,0,0,130000,-130000,-130000
057531,禾伸堂元大99購04,0,0,0,0,0,0,0,0,0,-130000,0,0,0,99000,229000,-130000,-130000
057743,華擎永豐98購03  ,0,0,0,0,0,0,0,0,0,-130000,0,0,0,48000,178000,-130000,-130000
04670P,臺股指國票94售09,0,0,0,0,0,0,0,0,0,-130000,0,0,0,70000,200000,-130000,-130000
049890,嘉澤國泰95購01  ,0,0,0,0,0,0,0,0,0,-130000,0,0,0,0,130000,-130000,-130000
050763,楠梓電元大94購03,0,0,0,0,0,0,0,0,0,-130000,0,0,0,0,130000,-130000,-130000
05067P,欣興兆豐96售02  ,0,0,0,0,0,0,0,0,0,-130000,0,0,0,0,130000,-130000,-130000
052498,台積電永豐95購06,0,0,0,0,0,0,0,0,0,-130000,0,0,0,57000,187000,-130000,-130000
052796,和碩兆豐96購01  ,0,0,0,0,0,0,0,0,0,-130000,0,0,0,70000,200000,-130000,-130000
053402,A50正2群益9A購02,0,0,0,0,0,0,0,0,0,-130000,0,0,0,70000,200000,-130000,-130000
054745,智易凱基97購01  ,0,300000,-300000,0,0,0,0,0,0,170000,0,0,0,300000,130000,170000,-130000
054614,玉晶光永豐97購03,0,0,0,0,0,0,0,0,0,-130000,0,0,0,628000,758000,-130000,-130000
06767P,台積電永昌99售03,0,0,0,0,0,0,0,0,0,-130000,0,0,0,0,130000,-130000,-130000
9188,精熙-DR         ,0,130000,-130000,0,0,0,0,0,0,0,0,0,0,0,0,0,-130000
1590,亞德客-KY       ,319000,391984,-72984,0,0,0,0,0,0,-58000,2000,48000,-46000,2000,14000,-12000,-130984
056861,美律群益99購01  ,0,0,0,0,0,0,0,0,0,-131000,0,0,0,19000,150000,-131000,-131000
056715,瀚宇博永豐98購01,0,0,0,0,0,0,0,0,0,-131000,0,0,0,13000,144000,-131000,-131000
044822,南電兆豐93購01  ,0,0,0,0,0,0,0,0,0,-131000,0,0,0,0,131000,-131000,-131000
047355,世紀鋼凱基94購01,0,0,0,0,0,0,0,0,0,-131000,0,0,0,30000,161000,-131000,-131000
048872,玉晶光國票94購02,0,0,0,0,0,0,0,0,0,-131000,0,0,0,150000,281000,-131000,-131000
052467,嘉聯益統一96購01,0,0,0,0,0,0,0,0,0,-131000,0,0,0,0,131000,-131000,-131000
051832,復盛元大95購01  ,0,0,0,0,0,0,0,0,0,-131000,0,0,0,50000,181000,-131000,-131000
04999P,南電永豐95售01  ,0,0,0,0,0,0,0,0,0,-131000,0,0,0,6000,137000,-131000,-131000
055249,大毅統一99購01  ,0,0,0,0,0,0,0,0,0,-131000,0,0,0,132000,263000,-131000,-131000
053082,聯電元大98購03  ,0,0,0,0,0,0,0,0,0,-131000,0,0,0,170000,301000,-131000,-131000
4141,龍燈-KY         ,1000,132000,-131000,0,0,0,0,0,0,0,0,0,0,0,0,0,-131000
05925P,晶技永豐96售03  ,0,0,0,0,0,0,0,0,0,-132000,0,0,0,10000,142000,-132000,-132000
052827,昇陽半永豐97購01,0,0,0,0,0,0,0,0,0,-132000,0,0,0,43000,175000,-132000,-132000
051400,國巨永豐95購01  ,0,0,0,0,0,0,0,0,0,-132000,0,0,0,114000,246000,-132000,-132000
053869,嘉澤元大96購02  ,0,0,0,0,0,0,0,0,0,-132000,0,0,0,1000,133000,-132000,-132000
056436,台積電凱基98購10,0,0,0,0,0,0,0,0,0,-133000,0,0,0,76000,209000,-133000,-133000
06110P,國巨國泰98售02  ,0,0,0,0,0,0,0,0,0,-133000,0,0,0,557000,690000,-133000,-133000
056180,南茂元富97購01  ,0,0,0,0,0,0,0,0,0,-134000,0,0,0,93000,227000,-134000,-134000
05985P,燿華統一96售03  ,0,0,0,0,0,0,0,0,0,-134000,0,0,0,10000,144000,-134000,-134000
056942,昇陽半元富98購01,0,0,0,0,0,0,0,0,0,-134000,0,0,0,92000,226000,-134000,-134000
057193,力成元大98購02  ,0,0,0,0,0,0,0,0,0,-134000,0,0,0,0,134000,-134000,-134000
00710B,FH彭博高收益債  ,36000,0,36000,0,0,0,0,0,0,-170000,0,0,0,103000,273000,-170000,-134000
052042,台積電日盛95購02,0,0,0,0,0,0,0,0,0,-134000,0,0,0,1000,135000,-134000,-134000
06378P,國巨統一97售08  ,0,0,0,0,0,0,0,0,0,-134000,0,0,0,115000,249000,-134000,-134000
6191,精成科          ,117000,245000,-128000,0,0,0,0,0,0,-6000,0,0,0,1000,7000,-6000,-134000
056629,昇陽半永豐98購01,0,0,0,0,0,0,0,0,0,-135000,0,0,0,61000,196000,-135000,-135000
049119,元油2X元富94購04,0,0,0,0,0,0,0,0,0,-135000,0,0,0,5000,140000,-135000,-135000
053863,聯發科元大96購18,0,0,0,0,0,0,0,0,0,-135000,0,0,0,0,135000,-135000,-135000
054914,億光凱基98購01  ,0,0,0,0,0,0,0,0,0,-135000,0,0,0,22000,157000,-135000,-135000
5388,中磊            ,166000,289000,-123000,0,0,0,0,0,0,-12000,5000,1000,4000,3000,19000,-16000,-135000
2601,益航            ,94000,229000,-135000,0,0,0,0,0,0,0,0,0,0,0,0,0,-135000
2547,日勝生          ,19000,153000,-134000,0,0,0,0,0,0,-1000,0,1000,-1000,0,0,0,-135000
057263,可成兆豐99購01  ,0,0,0,0,0,0,0,0,0,-136000,0,0,0,48000,184000,-136000,-136000
057043,台積電元大99購02,0,0,0,0,0,0,0,0,0,-136000,0,0,0,450000,586000,-136000,-136000
057730,聯鈞國泰9A購01  ,0,0,0,0,0,0,0,0,0,-136000,0,0,0,59000,195000,-136000,-136000
055387,世紀鋼元大97購01,0,0,0,0,0,0,0,0,0,-136000,0,0,0,0,136000,-136000,-136000
2464,盟立            ,31000,167000,-136000,0,0,0,0,0,0,0,0,0,0,0,0,0,-136000
06750P,聯發科元富02售03,0,0,0,0,0,0,0,0,0,-136000,0,0,0,55000,191000,-136000,-136000
056954,聯詠富邦9A購01  ,0,0,0,0,0,0,0,0,0,-137000,0,0,0,193000,330000,-137000,-137000
052254,康友永豐95購03  ,0,0,0,0,0,0,0,0,0,-137000,0,0,0,40000,177000,-137000,-137000
055183,聯鈞統一97購01  ,0,0,0,0,0,0,0,0,0,-137000,0,0,0,8000,145000,-137000,-137000
053215,禾伸堂凱基96購01,0,0,0,0,0,0,0,0,0,-137000,0,0,0,42000,179000,-137000,-137000
6202,盛群            ,75000,195000,-120000,0,0,0,0,0,0,-17000,0,0,0,0,17000,-17000,-137000
1417,嘉裕            ,54299,192200,-137901,0,0,0,0,0,0,0,0,0,0,0,0,0,-137901
056783,國巨群益99購01  ,0,0,0,0,0,0,0,0,0,-138000,0,0,0,84000,222000,-138000,-138000
055451,台積電元富97購02,0,0,0,0,0,0,0,0,0,-138000,0,0,0,20000,158000,-138000,-138000
4137,麗豐-KY         ,53000,192000,-139000,0,0,0,0,0,0,1000,0,0,0,3000,2000,1000,-138000
056854,友達中信9A購01  ,0,0,0,0,0,0,0,0,0,-139000,0,0,0,85000,224000,-139000,-139000
049649,信邦凱基94購01  ,0,0,0,0,0,0,0,0,0,-139000,0,0,0,36000,175000,-139000,-139000
05131P,聯詠統一97售01  ,0,0,0,0,0,0,0,0,0,-139000,0,0,0,64000,203000,-139000,-139000
050562,瑞昱元富94購02  ,0,0,0,0,0,0,0,0,0,-139000,0,0,0,2000,141000,-139000,-139000
3704,合勤控          ,415000,554000,-139000,0,0,0,0,0,0,0,0,0,0,0,0,0,-139000
056936,禾伸堂元富98購01,0,0,0,0,0,0,0,0,0,-140000,0,0,0,169000,309000,-140000,-140000
055593,華新科元大97購10,0,0,0,0,0,0,0,0,0,-140000,0,0,0,210000,350000,-140000,-140000
047263,揚明光國票94購01,0,0,0,0,0,0,0,0,0,-140000,0,0,0,0,140000,-140000,-140000
00678,群益NBI生技     ,0,0,0,0,0,0,0,0,0,-140000,0,0,0,611000,751000,-140000,-140000
052605,聯發科元大96購06,0,0,0,0,0,0,0,0,0,-140000,0,0,0,0,140000,-140000,-140000
2867,三商壽          ,1228000,1042000,186000,0,0,0,0,0,0,-326000,0,326000,-326000,0,0,0,-140000
06134P,緯穎元富97售03  ,0,0,0,0,0,0,0,0,0,-140000,0,0,0,0,140000,-140000,-140000
057383,玉晶光富邦9A購01,0,0,0,0,0,0,0,0,0,-141000,0,0,0,26000,167000,-141000,-141000
048622,南電凱基93購07  ,0,0,0,0,0,0,0,0,0,-141000,0,0,0,212000,353000,-141000,-141000
049024,玉晶光群益97購01,0,0,0,0,0,0,0,0,0,-141000,0,0,0,256000,397000,-141000,-141000
5264,鎧勝-KY         ,257000,407000,-150000,0,0,0,0,0,0,9000,15000,6000,9000,0,0,0,-141000
054617,超眾永豐97購01  ,0,0,0,0,0,0,0,0,0,-142000,0,0,0,27000,169000,-142000,-142000
054079,鴻海中信98購02  ,0,0,0,0,0,0,0,0,0,-142000,0,0,0,20000,162000,-142000,-142000
057080,華新科統一99購02,0,0,0,0,0,0,0,0,0,-143000,0,0,0,0,143000,-143000,-143000
052804,淘帝元大96購01  ,0,0,0,0,0,0,0,0,0,-143000,0,0,0,300000,443000,-143000,-143000
05162P,玉晶光國票96售03,0,0,0,0,0,0,0,0,0,-143000,0,0,0,90000,233000,-143000,-143000
047689,瑞昱富邦97購01  ,0,0,0,0,0,0,0,0,0,-144000,0,0,0,1000,145000,-144000,-144000
05171P,臺股指元大95售15,0,0,0,0,0,0,0,0,0,-144000,0,0,0,41000,185000,-144000,-144000
052652,台虹永豐96購01  ,0,0,0,0,0,0,0,0,0,-144000,0,0,0,50000,194000,-144000,-144000
053167,欣興群益96購03  ,0,0,0,0,0,0,0,0,0,-144000,0,0,0,360000,504000,-144000,-144000
4977,眾達-KY         ,114000,308000,-194000,0,0,0,0,0,0,50000,70000,20000,50000,0,0,0,-144000
06228P,亞德客凱基97售04,0,0,0,0,0,0,0,0,0,-144000,0,0,0,501000,645000,-144000,-144000
2614,東森            ,376000,520000,-144000,0,0,0,0,0,0,0,0,0,0,0,0,0,-144000
2511,太子            ,43000,186000,-143000,0,0,0,0,0,0,-1000,0,1000,-1000,0,0,0,-144000
2451,創見            ,118000,207000,-89000,0,0,0,0,50000,-50000,-5000,0,0,0,0,5000,-5000,-144000
06036P,台表科凱基96售04,0,0,0,0,0,0,0,0,0,-145000,0,0,0,45000,190000,-145000,-145000
056179,康友元富97購02  ,0,0,0,0,0,0,0,0,0,-145000,0,0,0,50000,195000,-145000,-145000
052013,台積電永豐95購04,0,0,0,0,0,0,0,0,0,-145000,0,0,0,150000,295000,-145000,-145000
05046P,台光電永豐95售02,0,0,0,0,0,0,0,0,0,-145000,0,0,0,0,145000,-145000,-145000
053720,宏達電凱基97購01,0,0,0,0,0,0,0,0,0,-145000,0,0,0,35000,180000,-145000,-145000
055234,昇陽半國票98購02,0,0,0,0,0,0,0,0,0,-145000,0,0,0,90000,235000,-145000,-145000
2489,瑞軒            ,230000,375000,-145000,0,0,0,0,0,0,0,0,0,0,0,0,0,-145000
2537,聯上發          ,22000,167000,-145000,0,0,0,0,0,0,0,0,0,0,0,0,0,-145000
057039,元油2X元大9B購07,0,0,0,0,0,0,0,0,0,-146000,0,0,0,0,146000,-146000,-146000
057325,可成群益9A購01  ,0,0,0,0,0,0,0,0,0,-146000,0,0,0,7000,153000,-146000,-146000
051827,智邦元大95購04  ,0,0,0,0,0,0,0,0,0,-146000,0,0,0,214000,360000,-146000,-146000
055450,台積電元富97購01,0,0,0,0,0,0,0,0,0,-146000,0,0,0,105000,251000,-146000,-146000
055427,技嘉群益98購01  ,0,0,0,0,0,0,0,0,0,-146000,0,0,0,34000,180000,-146000,-146000
053692,聯詠元大96購04  ,0,0,0,0,0,0,0,0,0,-146000,0,0,0,374000,520000,-146000,-146000
056344,嘉晶凱基98購02  ,0,0,0,0,0,0,0,0,0,-147000,0,0,0,383000,530000,-147000,-147000
048465,南電台新93購01  ,0,0,0,0,0,0,0,0,0,-147000,0,0,0,146000,293000,-147000,-147000
057659,台表科兆豐98購01,0,0,0,0,0,0,0,0,0,-148000,0,0,0,0,148000,-148000,-148000
057527,億光元大98購01  ,0,0,0,0,0,0,0,0,0,-148000,0,0,0,0,148000,-148000,-148000
043580,大立光元富94購01,0,0,0,0,0,0,0,0,0,-148000,0,0,0,6000,154000,-148000,-148000
049157,矽創元大95購01  ,0,0,0,0,0,0,0,0,0,-148000,0,0,0,0,148000,-148000,-148000
055027,牧德國泰99購01  ,0,0,0,0,0,0,0,0,0,-148000,0,0,0,76000,224000,-148000,-148000
057374,禾伸堂元大99購03,0,0,0,0,0,0,0,0,0,-149000,0,0,0,60000,209000,-149000,-149000
056002,嘉晶永豐97購01  ,0,0,0,0,0,0,0,0,0,-149000,0,0,0,68000,217000,-149000,-149000
04633P,旺宏群益96售04  ,0,0,0,0,0,0,0,0,0,-149000,0,0,0,0,149000,-149000,-149000
050897,嘉晶元大95購03  ,0,0,0,0,0,0,0,0,0,-149000,0,0,0,57000,206000,-149000,-149000
054121,奇鋐永豐96購02  ,0,0,0,0,0,0,0,0,0,-149000,0,0,0,0,149000,-149000,-149000
056065,奇鋐元大97購01  ,0,0,0,0,0,0,0,0,0,-150000,0,0,0,0,150000,-150000,-150000
055520,矽力中信97購02  ,0,0,0,0,0,0,0,0,0,-150000,0,0,0,121000,271000,-150000,-150000
055544,鴻海凱基97購05  ,0,0,0,0,0,0,0,0,0,-150000,0,0,0,0,150000,-150000,-150000
05736P,臺股指統一96售06,0,0,0,0,0,0,0,0,0,-150000,0,0,0,0,150000,-150000,-150000
057309,南茂兆豐99購01  ,0,0,0,0,0,0,0,0,0,-150000,0,0,0,166000,316000,-150000,-150000
057442,玉晶光統一98購03,0,0,0,0,0,0,0,0,0,-150000,0,0,0,98000,248000,-150000,-150000
045371,元石油元大95購01,0,0,0,0,0,0,0,0,0,-150000,0,0,0,0,150000,-150000,-150000
047611,滬深2X群益93購02,0,0,0,0,0,0,0,0,0,-150000,0,0,0,0,150000,-150000,-150000
048495,南亞科元大93購04,0,0,0,0,0,0,0,0,0,-150000,0,0,0,10000,160000,-150000,-150000
052179,康友元大95購03  ,0,0,0,0,0,0,0,0,0,-150000,0,0,0,34000,184000,-150000,-150000
047317,聯詠元大93購06  ,0,0,0,0,0,0,0,0,0,-150000,0,0,0,100000,250000,-150000,-150000
047212,宏達電富邦97購01,0,0,0,0,0,0,0,0,0,-150000,0,0,0,435000,585000,-150000,-150000
049121,元油2X元富94購06,0,0,0,0,0,0,0,0,0,-150000,0,0,0,0,150000,-150000,-150000
049601,矽創元大95購02  ,0,0,0,0,0,0,0,0,0,-150000,0,0,0,80000,230000,-150000,-150000
051901,嘉聯益富邦96購01,0,0,0,0,0,0,0,0,0,-150000,0,0,0,0,150000,-150000,-150000
051360,緯創元大95購03  ,0,0,0,0,0,0,0,0,0,-150000,0,0,0,0,150000,-150000,-150000
052464,大立光統一95購05,0,0,0,0,0,0,0,0,0,-150000,0,0,0,10000,160000,-150000,-150000
05328P,臺股指凱基95售12,0,0,0,0,0,0,0,0,0,-150000,0,0,0,0,150000,-150000,-150000
054960,新日興元大97購02,0,0,0,0,0,0,0,0,0,-150000,0,0,0,50000,200000,-150000,-150000
2881A,富邦特          ,0,0,0,0,0,0,0,0,0,-150000,1000,151000,-150000,0,0,0,-150000
6230,超眾            ,17000,75000,-58000,0,0,0,0,40000,-40000,-52000,5000,26000,-21000,4000,35000,-31000,-150000
055755,禾伸堂兆豐97購02,0,0,0,0,0,0,0,0,0,-151000,0,0,0,0,151000,-151000,-151000
056070,新日興元大97購04,0,0,0,0,0,0,0,0,0,-151000,0,0,0,65000,216000,-151000,-151000
049661,喬山永豐94購01  ,0,0,0,0,0,0,0,0,0,-151000,0,0,0,0,151000,-151000,-151000
051778,全新群益95購01  ,0,0,0,0,0,0,0,0,0,-151000,0,0,0,550000,701000,-151000,-151000
053229,南電台新97購01  ,0,0,0,0,0,0,0,0,0,-151000,0,0,0,260000,411000,-151000,-151000
056077,矽力元大97購07  ,0,0,0,0,0,0,0,0,0,-152000,0,0,0,77000,229000,-152000,-152000
057602,聯茂群益98購02  ,0,0,0,0,0,0,0,0,0,-152000,0,0,0,23000,175000,-152000,-152000
051817,元金2X統一95購01,0,0,0,0,0,0,0,0,0,-152000,0,0,0,0,152000,-152000,-152000
051397,聯茂兆豐95購03  ,0,0,0,0,0,0,0,0,0,-152000,0,0,0,81000,233000,-152000,-152000
055106,台積電凱基98購05,0,0,0,0,0,0,0,0,0,-152000,0,0,0,20000,172000,-152000,-152000
054552,聯發科凱基98購03,0,0,0,0,0,0,0,0,0,-152000,0,0,0,38000,190000,-152000,-152000
05698P,群創凱基96售01  ,0,0,0,0,0,0,0,0,0,-153000,0,0,0,127000,280000,-153000,-153000
046960,台新金中信95購01,0,0,0,0,0,0,0,0,0,-153000,0,0,0,100000,253000,-153000,-153000
052326,滬深反中信99購01,0,0,0,0,0,0,0,0,0,-154000,0,0,0,10000,164000,-154000,-154000
06749P,技嘉元富98售03  ,0,0,0,0,0,0,0,0,0,-154000,0,0,0,36000,190000,-154000,-154000
057197,立積台新98購01  ,0,0,0,0,0,0,0,0,0,-155000,0,0,0,20000,175000,-155000,-155000
048002,景碩元大93購04  ,0,0,0,0,0,0,0,0,0,-155000,0,0,0,24000,179000,-155000,-155000
03875P,滬深2X國票05售01,0,0,0,0,0,0,0,0,0,-155000,0,0,0,10000,165000,-155000,-155000
050467,力成中信94購01  ,0,0,0,0,0,0,0,0,0,-155000,0,0,0,165000,320000,-155000,-155000
05245P,台積電元大95售18,0,0,0,0,0,0,0,0,0,-155000,0,0,0,771000,926000,-155000,-155000
051598,瑞昱兆豐95購01  ,0,0,0,0,0,0,0,0,0,-155000,0,0,0,0,155000,-155000,-155000
050344,鴻海元富96購01  ,0,0,0,0,0,0,0,0,0,-155000,0,0,0,213000,368000,-155000,-155000
05411P,台積電國票96售08,0,0,0,0,0,0,0,0,0,-155000,0,0,0,3000,158000,-155000,-155000
053649,台積電凱基97購05,0,0,0,0,0,0,0,0,0,-155000,0,0,0,0,155000,-155000,-155000
047753,景碩元富93購01  ,0,0,0,0,0,0,0,0,0,-156000,0,0,0,10000,166000,-156000,-156000
044683,聯鈞凱基93購01  ,0,0,0,0,0,0,0,0,0,-156000,0,0,0,49000,205000,-156000,-156000
049022,聯詠群益94購01  ,0,0,0,0,0,0,0,0,0,-156000,0,0,0,88000,244000,-156000,-156000
049587,美律元大95購01  ,0,0,0,0,0,0,0,0,0,-156000,0,0,0,4000,160000,-156000,-156000
052744,聯詠元大97購01  ,0,0,0,0,0,0,0,0,0,-156000,0,0,0,94000,250000,-156000,-156000
053141,景碩永豐96購02  ,0,0,0,0,0,0,0,0,0,-156000,0,0,0,0,156000,-156000,-156000
055701,亞德客富邦99購01,0,0,0,0,0,0,0,0,0,-157000,0,0,0,371000,528000,-157000,-157000
054776,矽創國票98購01  ,0,0,0,0,0,0,0,0,0,-157000,0,0,0,84000,241000,-157000,-157000
5519,隆大            ,37000,194000,-157000,0,0,0,0,0,0,0,0,0,0,0,0,0,-157000
057190,立積元大9A購02  ,0,0,0,0,0,0,0,0,0,-158000,0,0,0,364000,522000,-158000,-158000
04809P,台光電群益94售04,0,0,0,0,0,0,0,0,0,-158000,0,0,0,344000,502000,-158000,-158000
054257,揚明光元大96購02,0,0,0,0,0,0,0,0,0,-158000,0,0,0,81000,239000,-158000,-158000
053681,臺股指富邦96購02,0,0,0,0,0,0,0,0,0,-158000,0,0,0,6000,164000,-158000,-158000
06737P,台郡凱基98售07  ,0,0,0,0,0,0,0,0,0,-158000,0,0,0,10000,168000,-158000,-158000
057262,友達兆豐98購03  ,0,0,0,0,0,0,0,0,0,-159000,0,0,0,10000,169000,-159000,-159000
05616P,台光電永豐96售01,0,0,0,0,0,0,0,0,0,-159000,0,0,0,10000,169000,-159000,-159000
042168,台灣50凱基96購01,0,0,0,0,0,0,0,0,0,-159000,0,0,0,23000,182000,-159000,-159000
050552,禾伸堂凱基94購05,0,0,0,0,0,0,0,0,0,-159000,0,0,0,10000,169000,-159000,-159000
052134,智邦凱基95購09  ,0,0,0,0,0,0,0,0,0,-159000,0,0,0,4000,163000,-159000,-159000
05529P,臺股指群益96售02,0,0,0,0,0,0,0,0,0,-159000,0,0,0,61000,220000,-159000,-159000
06179P,國巨群益97售04  ,0,0,0,0,0,0,0,0,0,-159000,0,0,0,109000,268000,-159000,-159000
055634,訊芯永豐97購02  ,0,0,0,0,0,0,0,0,0,-160000,0,0,0,10000,170000,-160000,-160000
056787,健鼎群益98購01  ,0,0,0,0,0,0,0,0,0,-160000,0,0,0,55000,215000,-160000,-160000
048875,晶相光國票94購01,0,0,0,0,0,0,0,0,0,-160000,0,0,0,84000,244000,-160000,-160000
052114,華固中信95購01  ,0,0,0,0,0,0,0,0,0,-160000,0,0,0,0,160000,-160000,-160000
051915,日月光元大96購01,0,0,0,0,0,0,0,0,0,-160000,0,0,0,52000,212000,-160000,-160000
050229,鴻海麥證94購02  ,0,0,0,0,167000,-167000,0,0,0,-160000,0,0,0,7000,167000,-160000,-160000
051012,台積電凱基95購04,0,0,0,0,0,0,0,0,0,-160000,0,0,0,0,160000,-160000,-160000
051750,華通富邦96購01  ,0,0,0,0,0,0,0,0,0,-160000,0,0,0,0,160000,-160000,-160000
054390,智邦元富96購03  ,0,0,0,0,0,0,0,0,0,-160000,0,0,0,142000,302000,-160000,-160000
053032,國巨兆豐97購02  ,0,0,0,0,0,0,0,0,0,-160000,0,0,0,77000,237000,-160000,-160000
056906,玉晶光元大9B購01,0,0,0,0,0,0,0,0,0,-161000,0,0,0,320000,481000,-161000,-161000
056643,奇力新凱基99購01,0,0,0,0,0,0,0,0,0,-161000,0,0,0,57000,218000,-161000,-161000
049370,可成元大94購03  ,0,0,0,0,0,0,0,0,0,-161000,0,0,0,276000,437000,-161000,-161000
054712,上証2X中信98購02,0,0,0,0,0,0,0,0,0,-161000,0,0,0,0,161000,-161000,-161000
2548,華固            ,139658,387000,-247342,0,0,0,2000,15000,-13000,99000,42000,1000,41000,61000,3000,58000,-161342
056609,楠梓電永豐98購02,0,0,0,0,0,0,0,0,0,-162000,0,0,0,0,162000,-162000,-162000
006208,富邦台50        ,0,0,0,0,0,0,0,0,0,-162000,0,0,0,496000,658000,-162000,-162000
050806,華新科日盛95購01,0,0,0,0,0,0,0,0,0,-162000,0,0,0,94000,256000,-162000,-162000
00852L,國泰美國道瓊正2 ,0,0,0,0,0,0,0,0,0,-163000,0,60000,-60000,42000,145000,-103000,-163000
04851P,創意永豐94售02  ,0,0,0,0,0,0,0,0,0,-163000,0,0,0,0,163000,-163000,-163000
6558,興能高          ,24600,130000,-105400,0,0,0,0,58000,-58000,0,0,0,0,0,0,0,-163400
048073,南電元富93購02  ,0,0,0,0,0,0,0,0,0,-164000,0,0,0,489000,653000,-164000,-164000
051948,滬深2X元富9B購01,0,0,0,0,0,0,0,0,0,-164000,0,0,0,123000,287000,-164000,-164000
053406,國巨兆豐96購02  ,0,0,0,0,0,0,0,0,0,-164000,0,0,0,47000,211000,-164000,-164000
057292,國巨國泰9B購01  ,0,0,0,0,0,0,0,0,0,-165000,0,0,0,213000,378000,-165000,-165000
2915,潤泰全          ,505000,667984,-162984,0,0,0,0,0,0,-3000,0,1000,-1000,4000,6000,-2000,-165984
057068,國巨永豐98購06  ,0,0,0,0,0,0,0,0,0,-166000,0,0,0,15000,181000,-166000,-166000
050003,景碩永豐94購01  ,0,0,0,0,0,0,0,0,0,-166000,0,0,0,290000,456000,-166000,-166000
053166,聯詠群益96購02  ,0,0,0,0,0,0,0,0,0,-166000,0,0,0,11000,177000,-166000,-166000
5531,鄉林            ,54000,220000,-166000,0,0,0,0,0,0,0,0,0,0,0,0,0,-166000
9939,宏全            ,59000,204000,-145000,0,0,0,0,0,0,-21000,0,1000,-1000,8000,28000,-20000,-166000
056767,大毅元大99購01  ,0,0,0,0,0,0,0,0,0,-167000,0,0,0,704000,871000,-167000,-167000
055979,聯鈞統一97購03  ,0,0,0,0,0,0,0,0,0,-167000,0,0,0,463000,630000,-167000,-167000
054132,聯發科元大97購10,0,0,0,0,0,0,0,0,0,-167000,0,0,0,0,167000,-167000,-167000
06322P,超眾統一97售04  ,0,0,0,0,0,0,0,0,0,-167000,0,0,0,0,167000,-167000,-167000
05633P,台表科群益96售04,0,0,0,0,0,0,0,0,0,-169000,0,0,0,76000,245000,-169000,-169000
056997,台灣50康和9A購02,0,0,0,0,0,0,0,0,0,-169000,0,0,0,0,169000,-169000,-169000
045996,南電富邦94購01  ,0,0,0,0,0,0,0,0,0,-169000,0,0,0,125000,294000,-169000,-169000
052516,臺股指凱基95購20,0,0,0,0,0,0,0,0,0,-169000,0,0,0,10000,179000,-169000,-169000
055491,奇力新元大98購03,0,0,0,0,0,0,0,0,0,-169000,0,0,0,23000,192000,-169000,-169000
057066,緯穎富邦99購01  ,0,0,0,0,0,0,0,0,0,-170000,0,0,0,196000,366000,-170000,-170000
057048,新日興元大98購01,0,0,0,0,0,0,0,0,0,-170000,0,0,0,75000,245000,-170000,-170000
04618P,電子類群益94售02,0,0,0,0,0,0,0,0,0,-170000,0,0,0,0,170000,-170000,-170000
048248,聯發科兆豐95購01,0,0,0,0,0,0,0,0,0,-170000,0,0,0,160000,330000,-170000,-170000
047557,麗豐凱基94購02  ,0,0,0,0,0,0,0,0,0,-170000,0,0,0,0,170000,-170000,-170000
051517,可成凱基95購08  ,0,0,0,0,0,0,0,0,0,-170000,0,0,0,81000,251000,-170000,-170000
052970,美律群益96購01  ,0,0,0,0,0,0,0,0,0,-170000,0,0,0,0,170000,-170000,-170000
052955,國巨日盛96購01  ,0,0,0,0,0,0,0,0,0,-170000,0,0,0,33000,203000,-170000,-170000
052755,滬深2X群益9A購01,0,0,0,0,0,0,0,0,0,-170000,0,0,0,18000,188000,-170000,-170000
2849,安泰銀          ,2000,172000,-170000,0,0,0,0,0,0,0,0,0,0,0,0,0,-170000
055902,同欣電中信99購01,0,0,0,0,0,0,0,0,0,-171000,0,0,0,244000,415000,-171000,-171000
055791,臺股指凱基97購14,0,0,0,0,0,0,0,0,0,-171000,0,0,0,20000,191000,-171000,-171000
05079P,可成永豐95售01  ,0,0,0,0,0,0,0,0,0,-171000,0,0,0,31000,202000,-171000,-171000
05282P,可成元大95售09  ,0,0,0,0,0,0,0,0,0,-171000,0,0,0,117000,288000,-171000,-171000
051913,緯創元大96購01  ,0,0,0,0,0,0,0,0,0,-171000,0,0,0,2000,173000,-171000,-171000
054736,南亞科凱基98購01,0,0,0,0,0,0,0,0,0,-171000,0,0,0,104000,275000,-171000,-171000
2855,統一證          ,117000,288000,-171000,0,0,0,0,0,0,0,0,0,0,0,0,0,-171000
06426P,T50正2元大9B售01,0,0,0,0,0,0,0,0,0,-171000,0,0,0,60000,231000,-171000,-171000
05719P,可成元大96售03  ,0,0,0,0,0,0,0,0,0,-172000,0,0,0,228000,400000,-172000,-172000
057182,禾伸堂元大99購02,0,0,0,0,0,0,0,0,0,-172000,0,0,0,50000,222000,-172000,-172000
048287,嘉晶兆豐94購01  ,0,0,0,0,0,0,0,0,0,-172000,0,0,0,0,172000,-172000,-172000
052172,致茂元大95購01  ,0,0,0,0,0,0,0,0,0,-172000,0,0,0,16000,188000,-172000,-172000
054540,泰鼎國票99購01  ,0,0,0,0,0,0,0,0,0,-172000,0,0,0,122000,294000,-172000,-172000
05226P,智邦統一95售01  ,0,0,0,0,0,0,0,0,0,-173000,0,0,0,0,173000,-173000,-173000
04417P,光罩國泰95售02  ,0,0,0,0,0,0,0,0,0,-173000,0,0,0,67000,240000,-173000,-173000
054607,台積電永豐97購03,0,0,0,0,0,0,0,0,0,-173000,0,0,0,12000,185000,-173000,-173000
053224,矽力凱基96購02  ,0,0,0,0,0,0,0,0,0,-173000,0,0,0,41000,214000,-173000,-173000
6285,啟碁            ,139000,109000,30000,0,0,0,0,0,0,-203000,59000,252000,-193000,0,10000,-10000,-173000
052814,上証2X永豐96購02,0,0,0,0,0,0,0,0,0,-175000,0,0,0,710000,885000,-175000,-175000
050764,鴻海元大94購27  ,0,0,0,0,0,0,0,0,0,-175000,0,0,0,321000,496000,-175000,-175000
053147,楠梓電元大98購01,0,0,0,0,0,0,0,0,0,-175000,0,0,0,25000,200000,-175000,-175000
053550,聯發科凱基96購15,0,0,0,0,0,0,0,0,0,-175000,0,0,0,0,175000,-175000,-175000
054332,世芯永豐97購01  ,0,0,0,0,0,0,0,0,0,-175000,0,0,0,103000,278000,-175000,-175000
06376P,上銀統一99售01  ,0,0,0,0,0,0,0,0,0,-175000,0,0,0,89000,264000,-175000,-175000
06152P,玉晶光元大98售06,0,0,0,0,0,0,0,0,0,-175000,0,0,0,204000,379000,-175000,-175000
06043P,創意永豐96售06  ,0,0,0,0,0,0,0,0,0,-175000,0,0,0,39000,214000,-175000,-175000
2349,錸德            ,234000,409000,-175000,0,0,0,0,0,0,0,0,0,0,0,0,0,-175000
054775,復盛國票98購01  ,0,0,0,0,0,0,0,0,0,-176000,0,0,0,44000,220000,-176000,-176000
052761,可成群益96購02  ,0,0,0,0,0,0,0,0,0,-176000,0,0,0,10000,186000,-176000,-176000
3702,大聯大          ,853000,1046000,-193000,0,0,0,1000,2000,-1000,18000,18000,0,18000,13000,13000,0,-176000
053086,宏達電元大97購01,0,0,0,0,0,0,0,0,0,-177000,0,0,0,187000,364000,-177000,-177000
06822P,上銀富邦99售03  ,0,0,0,0,0,0,0,0,0,-177000,0,0,0,0,177000,-177000,-177000
057846,神達永豐98購01  ,0,0,0,0,0,0,0,0,0,-178000,0,0,0,174000,352000,-178000,-178000
048233,南電凱基93購05  ,0,0,0,0,0,0,0,0,0,-178000,0,0,0,82000,260000,-178000,-178000
049864,聯發科兆豐94購01,0,0,0,0,0,0,0,0,0,-178000,0,0,0,4000,182000,-178000,-178000
06094P,台達電中信97售01,0,0,0,0,0,0,0,0,0,-178000,0,0,0,80000,258000,-178000,-178000
056500,大立光富邦9B購02,0,0,0,0,0,0,0,0,0,-179000,0,0,0,171000,350000,-179000,-179000
4935,茂林-KY         ,178000,242000,-64000,0,0,0,0,11000,-11000,-104000,17000,123000,-106000,8000,6000,2000,-179000
04272P,元上證凱基94售01,0,0,0,0,0,0,0,0,0,-180000,0,0,0,10000,190000,-180000,-180000
04313P,國巨元富95售03  ,0,0,0,0,0,0,0,0,0,-180000,0,0,0,40000,220000,-180000,-180000
049914,瑞昱元大94購06  ,0,0,0,0,0,0,0,0,0,-180000,0,0,0,11000,191000,-180000,-180000
053637,強茂永豐96購01  ,0,0,0,0,0,0,0,0,0,-180000,0,0,0,0,180000,-180000,-180000
06394P,台積電元大97售28,0,0,0,0,0,0,0,0,0,-180000,0,0,0,0,180000,-180000,-180000
05821P,臺股指凱基96售18,0,0,0,0,0,0,0,0,0,-181000,0,0,0,140000,321000,-181000,-181000
057074,立積永豐98購01  ,0,0,0,0,0,0,0,0,0,-181000,0,0,0,266000,447000,-181000,-181000
057398,台郡中信99購01  ,0,0,0,0,0,0,0,0,0,-182000,0,0,0,95000,277000,-182000,-182000
057566,欣興富邦99購01  ,0,0,0,0,0,0,0,0,0,-182000,0,0,0,15000,197000,-182000,-182000
049529,華新科中信95購01,0,0,0,0,0,0,0,0,0,-182000,0,0,0,184000,366000,-182000,-182000
054795,合勤控群益98購01,0,0,0,0,0,0,0,0,0,-182000,0,0,0,33000,215000,-182000,-182000
06277P,臺股指凱基97售09,0,0,0,0,0,0,0,0,0,-182000,0,0,0,0,182000,-182000,-182000
06574P,大立光永昌99售01,0,0,0,0,0,0,0,0,0,-182000,0,0,0,32000,214000,-182000,-182000
2049,上銀            ,472710,495000,-22290,0,0,0,19000,7000,12000,-173000,13000,39000,-26000,10000,157000,-147000,-183290
057542,上銀凱基99購01  ,0,0,0,0,0,0,0,0,0,-184000,0,0,0,33000,217000,-184000,-184000
052091,緯創元大95購04  ,0,0,0,0,0,0,0,0,0,-184000,0,0,0,0,184000,-184000,-184000
053387,緯創元大97購01  ,0,0,0,0,0,0,0,0,0,-184000,0,0,0,0,184000,-184000,-184000
06717P,可成元大98售09  ,0,0,0,0,0,0,0,0,0,-185000,0,0,0,0,185000,-185000,-185000
06274P,臺股指凱基97售06,0,0,0,0,0,0,0,0,0,-185000,0,0,0,6000,191000,-185000,-185000
055310,聯詠群益97購02  ,0,0,0,0,0,0,0,0,0,-186000,0,0,0,65000,251000,-186000,-186000
055680,美律凱基99購01  ,0,0,0,0,0,0,0,0,0,-187000,0,0,0,114000,301000,-187000,-187000
05774P,臺股指凱基99售04,0,0,0,0,0,0,0,0,0,-188000,0,0,0,121000,309000,-188000,-188000
05825P,臺股指凱基96售22,0,0,0,0,0,0,0,0,0,-188000,0,0,0,3000,191000,-188000,-188000
06693P,臺股指凱基98售01,0,0,0,0,0,0,0,0,0,-188000,0,0,0,0,188000,-188000,-188000
050494,可成永昌96購01  ,0,0,0,0,0,0,0,0,0,-189000,0,0,0,96000,285000,-189000,-189000
052043,瑞昱日盛95購01  ,0,0,0,0,0,0,0,0,0,-189000,0,0,0,175000,364000,-189000,-189000
050445,鴻海元大94購21  ,0,0,0,0,0,0,0,0,0,-190000,0,0,0,300000,490000,-190000,-190000
051341,訊連永豐95購02  ,0,0,0,0,0,0,0,0,0,-190000,0,0,0,0,190000,-190000,-190000
05543P,鴻海元富96售04  ,0,0,0,0,0,0,0,0,0,-190000,0,0,0,62000,252000,-190000,-190000
1723,中碳            ,41000,231000,-190000,0,0,0,0,0,0,0,0,0,0,0,0,0,-190000
055873,聚陽元富97購01  ,0,0,0,0,0,0,0,0,0,-191000,0,0,0,247000,438000,-191000,-191000
00650L,FH香港正2       ,0,0,0,0,0,0,0,0,0,-191000,0,0,0,228000,419000,-191000,-191000
056919,英業達兆豐98購01,0,0,0,0,0,0,0,0,0,-192000,0,0,0,252000,444000,-192000,-192000
056932,T50反1元富98購01,10000,0,10000,0,0,0,0,0,0,-202000,0,0,0,105000,307000,-202000,-192000
051128,台表科群益95購02,0,0,0,0,0,0,0,0,0,-192000,0,0,0,68000,260000,-192000,-192000
1515,力山            ,129000,249000,-120000,0,0,0,0,0,0,-72000,0,0,0,0,72000,-72000,-192000
03413B,臺股指凱基94熊19,0,0,0,0,0,0,0,0,0,-193000,0,0,0,1296000,1489000,-193000,-193000
048747,華通元富97購01  ,0,0,0,0,0,0,0,0,0,-193000,0,0,0,16000,209000,-193000,-193000
052058,臺股指凱基95購16,0,0,0,0,0,0,0,0,0,-193000,0,0,0,0,193000,-193000,-193000
05501P,健策國票97售01  ,0,0,0,0,0,0,0,0,0,-193000,0,0,0,557000,750000,-193000,-193000
055075,南電永豐97購01  ,0,0,0,0,0,0,0,0,0,-193000,0,0,0,398000,591000,-193000,-193000
057685,台灣50凱基9C購01,0,0,0,0,0,0,0,0,0,-194000,0,0,0,60000,254000,-194000,-194000
051050,鴻海群益95購03  ,0,0,0,0,0,0,0,0,0,-194000,0,0,0,37000,231000,-194000,-194000
049210,昇陽半群益94購02,0,0,0,0,0,0,0,0,0,-194000,0,0,0,57000,251000,-194000,-194000
053717,聯發科凱基96購17,0,0,0,0,0,0,0,0,0,-194000,0,0,0,230000,424000,-194000,-194000
057658,玉晶光兆豐99購02,0,0,0,0,0,0,0,0,0,-195000,0,0,0,0,195000,-195000,-195000
056424,泰碩統一98購01  ,0,0,0,0,0,0,0,0,0,-195000,0,0,0,64000,259000,-195000,-195000
052385,滬深2X群益99購05,0,0,0,0,0,0,0,0,0,-195000,0,0,0,229000,424000,-195000,-195000
06084P,宏達電元富97售02,0,0,0,0,0,0,0,0,0,-195000,0,0,0,10000,205000,-195000,-195000
05724P,致茂永豐96售01  ,0,0,0,0,0,0,0,0,0,-196000,0,0,0,116000,312000,-196000,-196000
048427,百和元富95購01  ,0,0,0,0,0,0,0,0,0,-196000,0,0,0,30000,226000,-196000,-196000
04938P,亞德客國票95售01,0,0,0,0,0,0,0,0,0,-196000,0,0,0,5000,201000,-196000,-196000
050301,矽創凱基94購03  ,0,0,0,0,0,0,0,0,0,-196000,0,0,0,0,196000,-196000,-196000
05718P,國巨元大96售09  ,0,0,0,0,0,0,0,0,0,-197000,0,0,0,80000,277000,-197000,-197000
051139,康友永豐95購01  ,0,0,0,0,0,0,0,0,0,-197000,0,0,0,2000,199000,-197000,-197000
051338,揚明光永豐95購02,0,0,0,0,0,0,0,0,0,-197000,0,0,0,53000,250000,-197000,-197000
052764,景碩群益98購01  ,0,0,0,0,0,0,0,0,0,-197000,0,0,0,42000,239000,-197000,-197000
054624,台積電凱基98購03,0,0,0,0,0,0,0,0,0,-197000,0,0,0,0,197000,-197000,-197000
03882P,鴻海元大93售10  ,0,0,0,0,0,0,0,0,0,-198000,0,0,0,2000,200000,-198000,-198000
052070,GIS兆豐95購03   ,0,0,0,0,0,0,0,0,0,-198000,0,0,0,0,198000,-198000,-198000
2478,大毅            ,600000,805000,-205000,0,0,0,0,0,0,7000,0,0,0,45000,38000,7000,-198000
057432,T50反1國票9B購01,0,0,0,0,0,0,0,0,0,-199000,0,0,0,201000,400000,-199000,-199000
056331,聯鈞國票99購01  ,0,0,0,0,0,0,0,0,0,-199000,0,0,0,122000,321000,-199000,-199000
05598P,國巨元富96售03  ,0,0,0,0,0,0,0,0,0,-199000,0,0,0,0,199000,-199000,-199000
055783,群創凱基99購03  ,0,0,0,0,0,0,0,0,0,-199000,0,0,0,1000,200000,-199000,-199000
00757,統一FANG+       ,0,0,0,0,0,0,0,0,0,-199000,0,0,0,201000,400000,-199000,-199000
049092,聯茂凱基94購07  ,0,0,0,0,0,0,0,0,0,-199000,0,0,0,0,199000,-199000,-199000
051718,上証2X永豐95購01,0,0,0,0,0,0,0,0,0,-199000,0,0,0,160000,359000,-199000,-199000
051872,矽力凱基96購01  ,0,0,0,0,0,0,0,0,0,-199000,0,0,0,10000,209000,-199000,-199000
053474,聯發科元大97購06,0,0,0,0,0,0,0,0,0,-199000,0,0,0,10000,209000,-199000,-199000
055855,牧德元大99購02  ,0,0,0,0,0,0,0,0,0,-200000,0,0,0,220000,420000,-200000,-200000
056881,台灣50康和9A購01,0,0,0,0,0,0,0,0,0,-200000,0,0,0,3000,203000,-200000,-200000
057054,立積元大98購03  ,0,0,0,0,0,0,0,0,0,-200000,0,0,0,48000,248000,-200000,-200000
047028,新日興元大93購02,0,0,0,0,0,0,0,0,0,-200000,0,0,0,0,200000,-200000,-200000
04362P,聯詠統一94售01  ,0,0,0,0,0,0,0,0,0,-200000,0,0,0,100000,300000,-200000,-200000
044496,群創元大93購02  ,0,0,0,0,0,0,0,0,0,-200000,0,0,0,0,200000,-200000,-200000
047642,宏達電元大93購08,0,0,0,0,0,0,0,0,0,-200000,0,0,0,0,200000,-200000,-200000
049635,臺股指群益94購08,0,0,0,0,0,0,0,0,0,-200000,0,0,0,11000,211000,-200000,-200000
051993,和碩元大95購03  ,0,0,0,0,0,0,0,0,0,-200000,0,0,0,0,200000,-200000,-200000
050591,智易永豐94購04  ,0,0,0,0,0,0,0,0,0,-200000,0,0,0,0,200000,-200000,-200000
05273P,國巨群益95售02  ,0,0,0,0,0,0,0,0,0,-200000,0,0,0,0,200000,-200000,-200000
049792,元油2X元大94購08,0,0,0,0,0,0,0,0,0,-200000,0,0,0,0,200000,-200000,-200000
050004,明泰永豐94購01  ,0,0,0,0,0,0,0,0,0,-200000,0,0,0,0,200000,-200000,-200000
050797,聯發科中信99購01,0,0,0,0,0,0,0,0,0,-200000,0,0,0,0,200000,-200000,-200000
051790,貿聯國票95購03  ,0,0,0,0,0,0,0,0,0,-200000,0,0,0,0,200000,-200000,-200000
053578,華新元大98購01  ,0,0,0,0,0,0,0,0,0,-200000,0,0,0,0,200000,-200000,-200000
054798,超眾群益97購01  ,0,0,0,0,0,0,0,0,0,-200000,0,0,0,1000,201000,-200000,-200000
054465,亞光凱基97購01  ,0,0,0,0,0,0,0,0,0,-200000,0,0,0,0,200000,-200000,-200000
054901,群光康和97購01  ,0,0,0,0,0,0,0,0,0,-200000,0,0,0,0,200000,-200000,-200000
055906,大立光兆豐97購03,0,0,0,0,0,0,0,0,0,-201000,0,0,0,30000,231000,-201000,-201000
049745,國巨永豐94購04  ,0,0,0,0,0,0,0,0,0,-201000,0,0,0,324000,525000,-201000,-201000
054516,國巨元大97購02  ,0,0,0,0,0,0,0,0,0,-201000,0,0,0,240000,441000,-201000,-201000
055975,鴻海統一98購05  ,0,0,0,0,0,0,0,0,0,-202000,0,0,0,0,202000,-202000,-202000
051473,台積電凱基95購10,0,0,0,0,0,0,0,0,0,-202000,0,0,0,0,202000,-202000,-202000
050937,可成國票96購02  ,0,0,0,0,0,0,0,0,0,-202000,0,0,0,0,202000,-202000,-202000
055245,凱美統一99購01  ,0,0,0,0,0,0,0,0,0,-202000,0,0,0,2000,204000,-202000,-202000
053536,明泰永豐96購01  ,0,0,0,0,0,0,0,0,0,-203000,0,0,0,20000,223000,-203000,-203000
06248P,國巨統一97售07  ,0,0,0,0,0,0,0,0,0,-203000,0,0,0,20000,223000,-203000,-203000
06431P,新日興元大97售05,0,0,0,0,0,0,0,0,0,-203000,0,0,0,47000,250000,-203000,-203000
053314,A50正2群益9A購01,0,0,0,0,0,0,0,0,0,-204000,0,0,0,251000,455000,-204000,-204000
049668,大立光國泰96購02,0,0,0,0,0,0,0,0,0,-204000,0,0,0,470000,674000,-204000,-204000
05510P,燿華元富96售01  ,0,0,0,0,0,0,0,0,0,-204000,0,0,0,0,204000,-204000,-204000
055525,國巨群益98購05  ,0,0,0,0,0,0,0,0,0,-205000,0,0,0,122000,327000,-205000,-205000
050416,高股息凱基96購02,0,0,0,0,0,0,0,0,0,-205000,0,0,0,0,205000,-205000,-205000
06698P,玉晶光國票99售05,0,0,0,0,0,0,0,0,0,-205000,0,0,0,0,205000,-205000,-205000
056137,聯鈞元大9A購01  ,0,0,0,0,0,0,0,0,0,-206000,0,0,0,120000,326000,-206000,-206000
056573,華新科元大99購06,0,0,0,0,0,0,0,0,0,-206000,0,0,0,69000,275000,-206000,-206000
046573,上緯控國泰94購01,0,0,0,0,0,0,0,0,0,-206000,0,0,0,0,206000,-206000,-206000
05631P,國巨富邦9A售01  ,0,0,0,0,0,0,0,0,0,-207000,0,0,0,0,207000,-207000,-207000
057026,長榮航凱基98購01,0,0,0,0,0,0,0,0,0,-207000,0,0,0,0,207000,-207000,-207000
057082,玉晶光統一9A購04,0,0,0,0,0,0,0,0,0,-207000,0,0,0,136000,343000,-207000,-207000
057180,華新科元大99購08,0,0,0,0,0,0,0,0,0,-207000,0,0,0,57000,264000,-207000,-207000
057175,美律元大98購03  ,0,0,0,0,0,0,0,0,0,-207000,0,0,0,26000,233000,-207000,-207000
03567P,可成凱基02售06  ,0,0,0,0,0,0,0,0,0,-207000,0,0,0,70000,277000,-207000,-207000
055090,國巨群益97購03  ,0,0,0,0,0,0,0,0,0,-207000,0,0,0,0,207000,-207000,-207000
054336,台積電統一96購11,0,0,0,0,0,0,0,0,0,-207000,0,0,0,15000,222000,-207000,-207000
3413,京鼎            ,100000,128000,-28000,0,0,0,69000,0,69000,-248000,8000,35000,-27000,8000,229000,-221000,-207000
3653,健策            ,138015,123000,15015,0,0,0,0,123000,-123000,-100000,31000,122000,-91000,67000,76000,-9000,-207985
05711P,茂林國票97售03  ,0,0,0,0,0,0,0,0,0,-208000,0,0,0,45000,253000,-208000,-208000
057299,立積永豐98購02  ,0,0,0,0,0,0,0,0,0,-209000,0,0,0,88000,297000,-209000,-209000
1609,大亞            ,204000,413000,-209000,0,0,0,0,0,0,0,0,0,0,0,0,0,-209000
1304,台聚            ,94000,302000,-208000,0,0,0,0,0,0,-1000,0,1000,-1000,0,0,0,-209000
046241,聯發科中信94購02,0,0,0,0,0,0,0,0,0,-210000,0,0,0,0,210000,-210000,-210000
048671,大立光永豐93購04,0,0,0,0,0,0,0,0,0,-210000,0,0,0,0,210000,-210000,-210000
047245,聯發科群益94購03,0,0,0,0,0,0,0,0,0,-210000,0,0,0,1000,211000,-210000,-210000
050421,鴻海凱基95購04  ,0,0,0,0,0,0,0,0,0,-210000,0,0,0,100000,310000,-210000,-210000
049778,宏達電統一94購02,0,0,0,0,0,0,0,0,0,-210000,0,0,0,0,210000,-210000,-210000
050053,訊芯群益94購03  ,0,0,0,0,0,0,0,0,0,-210000,0,0,0,0,210000,-210000,-210000
06823P,台灣50永豐98售02,0,0,0,0,0,0,0,0,0,-210000,0,0,0,0,210000,-210000,-210000
04890P,台積電元大95售05,0,0,0,0,0,0,0,0,0,-211000,0,0,0,0,211000,-211000,-211000
052057,臺股指凱基95購15,0,0,0,0,0,0,0,0,0,-211000,0,0,0,0,211000,-211000,-211000
054756,世紀鋼凱基99購01,0,0,0,0,0,0,0,0,0,-211000,0,0,0,0,211000,-211000,-211000
053019,禾伸堂元富96購01,0,0,0,0,0,0,0,0,0,-211000,0,0,0,1000,212000,-211000,-211000
056837,國巨元富98購02  ,0,0,0,0,0,0,0,0,0,-212000,0,0,0,143000,355000,-212000,-212000
04886P,臺股指凱基94售20,0,0,0,0,0,0,0,0,0,-212000,0,0,0,8000,220000,-212000,-212000
06238P,台積電元大98售07,0,0,0,0,0,0,0,0,0,-212000,0,0,0,30000,242000,-212000,-212000
04603P,訊芯凱基94售03  ,0,0,0,0,0,0,0,0,0,-213000,0,0,0,0,213000,-213000,-213000
042903,金寶元大94購01  ,0,0,0,0,0,0,0,0,0,-213000,0,0,0,0,213000,-213000,-213000
050882,華泰國泰96購01  ,0,0,0,0,0,0,0,0,0,-213000,0,0,0,0,213000,-213000,-213000
06123P,玉晶光元大97售04,0,0,0,0,0,0,0,0,0,-213000,0,0,0,159000,372000,-213000,-213000
056098,矽創元富97購02  ,0,0,0,0,0,0,0,0,0,-214000,0,0,0,30000,244000,-214000,-214000
055739,健鼎元富97購01  ,0,0,0,0,0,0,0,0,0,-214000,0,0,0,0,214000,-214000,-214000
048555,技嘉元大93購02  ,0,0,0,0,0,0,0,0,0,-214000,0,0,0,1000,215000,-214000,-214000
055207,致新中信99購01  ,0,0,0,0,0,0,0,0,0,-214000,0,0,0,6000,220000,-214000,-214000
047408,嘉晶統一95購01  ,0,0,0,0,0,0,0,0,0,-215000,0,0,0,90000,305000,-215000,-215000
05858P,矽力中信96售01  ,0,0,0,0,0,0,0,0,0,-216000,0,0,0,1000,217000,-216000,-216000
05174P,元金2X富邦9B售01,0,0,0,0,0,0,0,0,0,-216000,0,0,0,103000,319000,-216000,-216000
054361,技嘉凱基96購01  ,0,0,0,0,0,0,0,0,0,-216000,0,0,0,444000,660000,-216000,-216000
2637,慧洋-KY         ,122000,320000,-198000,0,0,0,0,0,0,-18000,0,0,0,0,18000,-18000,-216000
057212,台積電群益98購03,0,0,0,0,0,0,0,0,0,-217000,0,0,0,10000,227000,-217000,-217000
056279,新日興富邦99購01,0,0,0,0,0,0,0,0,0,-217000,0,0,0,60000,277000,-217000,-217000
051573,鴻海元大95購15  ,0,0,0,0,0,0,0,0,0,-217000,0,0,0,0,217000,-217000,-217000
054301,楠梓電凱基98購01,0,0,0,0,0,0,0,0,0,-217000,0,0,0,65000,282000,-217000,-217000
05538P,玉晶光國票97售02,0,0,0,0,0,0,0,0,0,-217000,0,0,0,0,217000,-217000,-217000
054219,楠梓電統一97購01,0,0,0,0,0,0,0,0,0,-217000,0,0,0,0,217000,-217000,-217000
06208P,台郡凱基97售03  ,0,0,0,0,0,0,0,0,0,-217000,0,0,0,205000,422000,-217000,-217000
057565,可成富邦99購01  ,0,0,0,0,0,0,0,0,0,-218000,0,0,0,48000,266000,-218000,-218000
052022,南電永豐95購03  ,0,0,0,0,0,0,0,0,0,-218000,0,0,0,300000,518000,-218000,-218000
049290,元油2X群益94購02,0,0,0,0,0,0,0,0,0,-218000,0,0,0,0,218000,-218000,-218000
06653P,美食元大98售02  ,0,0,0,0,0,0,0,0,0,-218000,0,0,0,0,218000,-218000,-218000
9935,慶豐富          ,252000,470000,-218000,0,0,0,0,0,0,0,0,0,0,0,0,0,-218000
057517,矽創元富98購02  ,0,0,0,0,0,0,0,0,0,-219000,0,0,0,1000,220000,-219000,-219000
057688,國巨凱基99購07  ,0,0,0,0,0,0,0,0,0,-219000,0,0,0,0,219000,-219000,-219000
046011,欣興元富95購01  ,0,0,0,0,0,0,0,0,0,-219000,0,0,0,0,219000,-219000,-219000
2615,萬海            ,288000,309000,-21000,0,0,0,2000,200000,-198000,0,0,0,0,0,0,0,-219000
1227,佳格            ,1084000,1265400,-181400,0,0,0,0,0,0,-38000,0,38000,-38000,0,0,0,-219400
057693,臺股指凱基98購11,0,0,0,0,0,0,0,0,0,-220000,0,0,0,0,220000,-220000,-220000
056918,台積電兆豐98購01,0,0,0,0,0,0,0,0,0,-220000,0,0,0,0,220000,-220000,-220000
056110,嘉聯益永豐97購02,0,0,0,0,0,0,0,0,0,-220000,0,0,0,2000,222000,-220000,-220000
046855,嘉晶元大94購01  ,0,0,0,0,0,0,0,0,0,-220000,0,0,0,113000,333000,-220000,-220000
051293,鴻海元富95購05  ,0,0,0,0,0,0,0,0,0,-220000,0,0,0,190000,410000,-220000,-220000
054462,旺宏凱基96購08  ,0,0,0,0,0,0,0,0,0,-220000,0,0,0,10000,230000,-220000,-220000
2401,凌陽            ,52000,266000,-214000,0,0,0,0,0,0,-6000,0,5000,-5000,0,1000,-1000,-220000
052943,奇力新國票96購02,0,0,0,0,0,0,0,0,0,-221000,0,0,0,55000,276000,-221000,-221000
056219,T50反1日盛02購01,0,0,0,0,0,0,0,0,0,-222000,0,0,0,0,222000,-222000,-222000
057625,泰鼎國泰9A購01  ,0,0,0,0,0,0,0,0,0,-222000,0,0,0,98000,320000,-222000,-222000
049149,華新科元大95購03,0,0,0,0,0,0,0,0,0,-222000,0,0,0,53000,275000,-222000,-222000
053640,上緯控永豐96購01,0,0,0,0,0,0,0,0,0,-222000,0,0,0,0,222000,-222000,-222000
055805,矽力永豐97購01  ,0,0,0,0,0,0,0,0,0,-223000,0,0,0,125000,348000,-223000,-223000
3312,弘憶股          ,40000,263000,-223000,0,0,0,0,0,0,0,0,0,0,0,0,0,-223000
2889,國票金          ,433000,651000,-218000,0,0,0,0,0,0,-5000,0,5000,-5000,0,0,0,-223000
057703,矽力群益98購01  ,0,0,0,0,0,0,0,0,0,-224000,0,0,0,0,224000,-224000,-224000
052223,聯電凱基96購02  ,0,0,0,0,0,0,0,0,0,-224000,0,0,0,37000,261000,-224000,-224000
057750,神達國票99購01  ,100000,0,100000,0,0,0,0,0,0,-325000,0,0,0,15000,340000,-325000,-225000
055292,聯鈞元大97購02  ,0,0,0,0,0,0,0,0,0,-225000,0,0,0,12000,237000,-225000,-225000
1504,東元            ,1035000,1233000,-198000,0,0,0,5000,0,5000,-32000,0,32000,-32000,0,0,0,-225000
052224,楠梓電凱基97購01,0,0,0,0,0,0,0,0,0,-226000,0,0,0,0,226000,-226000,-226000
00693U,街口S&P黃豆     ,21000,0,21000,0,0,0,0,0,0,-248000,0,0,0,5000,253000,-248000,-227000
055107,旺宏凱基98購04  ,0,0,0,0,0,0,0,0,0,-227000,0,0,0,42000,269000,-227000,-227000
054546,玉晶光中信9B購01,0,0,0,0,0,0,0,0,0,-227000,0,0,0,88000,315000,-227000,-227000
054818,奇力新元大97購05,0,0,0,0,0,0,0,0,0,-227000,0,0,0,91000,318000,-227000,-227000
056577,玉晶光元大99購06,0,0,0,0,0,0,0,0,0,-228000,0,0,0,170000,398000,-228000,-228000
052108,鴻海元富95購11  ,0,0,0,0,0,0,0,0,0,-228000,0,0,0,0,228000,-228000,-228000
057215,友達群益98購03  ,0,0,0,0,0,0,0,0,0,-229000,0,0,0,11000,240000,-229000,-229000
056356,台積電元大99購01,0,0,0,0,0,0,0,0,0,-230000,0,0,0,778000,1008000,-230000,-230000
055530,聯發科群益98購01,0,0,0,0,0,0,0,0,0,-230000,0,0,0,120000,350000,-230000,-230000
00706L,元大S&P日圓正2  ,0,0,0,0,0,0,0,0,0,-230000,0,0,0,0,230000,-230000,-230000
04850P,全新永豐94售03  ,0,0,0,0,0,0,0,0,0,-230000,0,0,0,37000,267000,-230000,-230000
055852,聯鈞元大98購01  ,0,0,0,0,0,0,0,0,0,-231000,0,0,0,168000,399000,-231000,-231000
04373P,滬深2X元大97售01,0,0,0,0,0,0,0,0,0,-231000,0,0,0,542000,773000,-231000,-231000
06041P,全新永豐96售03  ,0,0,0,0,0,0,0,0,0,-231000,0,0,0,19000,250000,-231000,-231000
9910,豐泰            ,596860,573742,23118,0,0,0,1000,255000,-254000,-1000,0,1000,-1000,0,0,0,-231882
03050X,元展47          ,0,0,0,0,0,0,0,0,0,-232000,0,0,0,0,232000,-232000,-232000
054519,禾伸堂元大97購02,0,0,0,0,0,0,0,0,0,-232000,0,0,0,72000,304000,-232000,-232000
056303,亞光元大97購04  ,0,0,0,0,0,0,0,0,0,-233000,0,0,0,68000,301000,-233000,-233000
057372,華新科元大99購10,0,0,0,0,0,0,0,0,0,-233000,0,0,0,14000,247000,-233000,-233000
050984,大立光國泰97購01,0,0,0,0,0,0,0,0,0,-233000,0,0,0,86000,319000,-233000,-233000
053413,台積電國票99購01,0,0,0,0,0,0,0,0,0,-233000,0,0,0,12000,245000,-233000,-233000
06148P,台積電元大97售17,0,0,0,0,0,0,0,0,0,-233000,0,0,0,50000,283000,-233000,-233000
057823,神達元大98購01  ,0,0,0,0,0,0,0,0,0,-234000,0,0,0,188000,422000,-234000,-234000
053154,聯詠元大96購01  ,0,0,0,0,0,0,0,0,0,-234000,0,0,0,331000,565000,-234000,-234000
2323,中環            ,607000,646000,-39000,0,0,0,0,0,0,-195000,0,0,0,0,195000,-195000,-234000
03686P,大立光統一98售02,0,0,0,0,0,0,0,0,0,-235000,0,0,0,80000,315000,-235000,-235000
047141,宏達電兆豐94購01,0,0,0,0,0,0,0,0,0,-235000,0,0,0,67000,302000,-235000,-235000
051305,訊連凱基96購01  ,0,0,0,0,0,0,0,0,0,-235000,0,0,0,0,235000,-235000,-235000
054198,台積電永昌96購08,0,0,0,0,0,0,0,0,0,-235000,0,0,0,312000,547000,-235000,-235000
054683,川湖永豐97購01  ,0,0,0,0,0,0,0,0,0,-235000,0,0,0,2000,237000,-235000,-235000
057009,信邦中信99購01  ,0,0,0,0,0,0,0,0,0,-236000,0,0,0,114000,350000,-236000,-236000
048754,瀚宇博元富97購01,0,0,0,0,0,0,0,0,0,-236000,0,0,0,200000,436000,-236000,-236000
050282,T50反1凱基97購01,0,0,0,0,0,0,0,0,0,-237000,0,0,0,135000,372000,-237000,-237000
05677P,玉晶光群益98售03,0,0,0,0,0,0,0,0,0,-238000,0,0,0,31000,269000,-238000,-238000
05480P,滬深2X凱基96售05,0,0,0,0,0,0,0,0,0,-238000,0,0,0,17000,255000,-238000,-238000
053409,和碩兆豐96購02  ,0,0,0,0,0,0,0,0,0,-238000,0,0,0,48000,286000,-238000,-238000
053528,南電中信9A購01  ,0,0,0,0,0,0,0,0,0,-238000,0,0,0,648000,886000,-238000,-238000
050665,南電台新94購01  ,0,0,0,0,0,0,0,0,0,-239000,0,0,0,205000,444000,-239000,-239000
053418,旺宏永豐96購02  ,0,0,0,0,0,0,0,0,0,-239000,0,0,0,0,239000,-239000,-239000
052942,聯發科中信97購04,0,0,0,0,0,0,0,0,0,-239000,0,0,0,439000,678000,-239000,-239000
9919,康那香          ,546000,785000,-239000,0,0,0,0,0,0,0,0,0,0,0,0,0,-239000
046793,聯發科元富99購01,0,0,0,0,0,0,0,0,0,-240000,0,0,0,15000,255000,-240000,-240000
045829,滬深2X群益95購02,0,0,0,0,0,0,0,0,0,-240000,0,0,0,60000,300000,-240000,-240000
03399P,欣興中信02售03  ,0,0,0,0,0,0,0,0,0,-240000,0,0,0,0,240000,-240000,-240000
050792,可成富邦96購01  ,0,0,0,0,0,0,0,0,0,-240000,0,0,0,145000,385000,-240000,-240000
050710,元黃金中信96購01,0,0,0,0,0,0,0,0,0,-240000,0,0,0,0,240000,-240000,-240000
6005,群益證          ,144000,389000,-245000,0,0,0,5000,0,5000,0,0,0,0,0,0,0,-240000
06219P,國巨元富97售05  ,0,0,0,0,0,0,0,0,0,-240000,0,0,0,510000,750000,-240000,-240000
055926,國巨群益98購06  ,0,0,0,0,0,0,0,0,0,-241000,0,0,0,0,241000,-241000,-241000
048442,友訊凱基94購01  ,0,0,0,0,0,0,0,0,0,-242000,0,0,0,544000,786000,-242000,-242000
053610,矽力中信98購01  ,0,0,0,0,0,0,0,0,0,-242000,0,0,0,30000,272000,-242000,-242000
055770,欣興麥證97購01  ,0,0,0,7000,250000,-243000,0,0,0,-243000,0,0,0,7000,250000,-243000,-243000
048893,南電元富94購01  ,0,0,0,0,0,0,0,0,0,-243000,0,0,0,541000,784000,-243000,-243000
04755P,大立光元富94售07,0,0,0,0,0,0,0,0,0,-243000,0,0,0,81000,324000,-243000,-243000
054621,華新科兆豐98購01,0,0,0,0,0,0,0,0,0,-243000,0,0,0,152000,395000,-243000,-243000
057062,立積國泰99購01  ,0,0,0,0,0,0,0,0,0,-244000,0,0,0,0,244000,-244000,-244000
05877P,大立光群益96售06,0,0,0,0,0,0,0,0,0,-244000,0,0,0,122000,366000,-244000,-244000
053054,禾伸堂國票97購01,0,0,0,0,0,0,0,0,0,-244000,0,0,0,55000,299000,-244000,-244000
044364,超眾中信94購01  ,0,0,0,0,0,0,0,0,0,-245000,0,0,0,5000,250000,-245000,-245000
049327,台郡元富94購01  ,0,0,0,0,0,0,0,0,0,-245000,0,0,0,10000,255000,-245000,-245000
056721,台灣50永昌9A購01,0,0,0,0,0,0,0,0,0,-246000,0,0,0,27000,273000,-246000,-246000
053522,臺股指群益99購01,0,0,0,0,0,0,0,0,0,-246000,0,0,0,110000,356000,-246000,-246000
055646,漢唐元富97購01  ,0,0,0,0,0,0,0,0,0,-247000,0,0,0,283000,530000,-247000,-247000
049401,可成群益94購04  ,0,0,0,0,0,0,0,0,0,-247000,0,0,0,75000,322000,-247000,-247000
05255P,義隆凱基95售01  ,0,0,0,0,0,0,0,0,0,-247000,0,0,0,0,247000,-247000,-247000
053439,台積電凱基96購11,0,0,0,0,0,0,0,0,0,-247000,0,0,0,100000,347000,-247000,-247000
00762,元大全球AI      ,0,0,0,0,0,0,0,0,0,-249000,0,0,0,36000,285000,-249000,-249000
2105,正新            ,547000,781000,-234000,0,0,0,4000,0,4000,-19000,0,19000,-19000,0,0,0,-249000
055677,喬山凱基97購01  ,0,0,0,0,0,0,0,0,0,-250000,0,0,0,20000,270000,-250000,-250000
056011,矽力中信99購01  ,0,0,0,0,0,0,0,0,0,-250000,0,0,0,192000,442000,-250000,-250000
057694,臺股指凱基98購12,0,0,0,0,0,0,0,0,0,-250000,0,0,0,0,250000,-250000,-250000
049394,T50反1群益94購01,0,0,0,0,0,0,0,0,0,-250000,0,0,0,0,250000,-250000,-250000
051657,台郡元富98購01  ,0,0,0,0,0,0,0,0,0,-250000,0,0,0,53000,303000,-250000,-250000
05451P,臺股指元大95售28,0,0,0,0,0,0,0,0,0,-250000,0,0,0,0,250000,-250000,-250000
057816,欣興元大98購13  ,0,0,0,0,0,0,0,0,0,-251000,0,0,0,33000,284000,-251000,-251000
04907P,超眾國票95售01  ,0,0,0,0,0,0,0,0,0,-251000,0,0,0,0,251000,-251000,-251000
052553,技嘉國票96購01  ,0,0,0,0,0,0,0,0,0,-252000,0,0,0,111000,363000,-252000,-252000
055101,台肥凱基97購01  ,0,0,0,0,0,0,0,0,0,-252000,0,0,0,0,252000,-252000,-252000
06070P,漢唐永豐97售01  ,0,0,0,0,0,0,0,0,0,-252000,0,0,0,0,252000,-252000,-252000
056592,台積電元富98購01,0,0,0,0,0,0,0,0,0,-253000,0,0,0,931000,1184000,-253000,-253000
050031,嘉澤元大95購01  ,0,0,0,0,0,0,0,0,0,-253000,0,0,0,94000,347000,-253000,-253000
06256P,臺股指群益97售09,0,0,0,0,0,0,0,0,0,-253000,0,0,0,20000,273000,-253000,-253000
8016,矽創            ,151000,285000,-134000,0,0,0,0,0,0,-119000,2000,129000,-127000,11000,3000,8000,-253000
056112,勤誠永豐97購02  ,0,0,0,0,0,0,0,0,0,-254000,0,0,0,100000,354000,-254000,-254000
057596,聯茂兆豐99購01  ,0,0,0,0,0,0,0,0,0,-254000,0,0,0,0,254000,-254000,-254000
046208,滬深2X元富95購03,0,0,0,0,0,0,0,0,0,-254000,0,0,0,0,254000,-254000,-254000
6116,彩晶            ,1186000,1298000,-112000,0,0,0,0,0,0,-142000,2000,0,2000,127000,271000,-144000,-254000
053654,聯發科凱基98購01,0,0,0,0,0,0,0,0,0,-255000,0,0,0,278000,533000,-255000,-255000
06536P,臺股指群益98售04,0,0,0,0,0,0,0,0,0,-255000,0,0,0,0,255000,-255000,-255000
056190,昇陽半統一97購01,0,0,0,0,0,0,0,0,0,-256000,0,0,0,99000,355000,-256000,-256000
8131,福懋科          ,138000,355000,-217000,0,0,0,0,0,0,-41000,0,0,0,7000,48000,-41000,-258000
046380,神基凱基93購01  ,0,0,0,0,0,0,0,0,0,-260000,0,0,0,40000,300000,-260000,-260000
048243,儒鴻兆豐94購01  ,0,0,0,0,0,0,0,0,0,-260000,0,0,0,0,260000,-260000,-260000
05170P,世芯元大95售01  ,0,0,0,0,0,0,0,0,0,-260000,0,0,0,154000,414000,-260000,-260000
056101,光磊永豐98購01  ,0,0,0,0,0,0,0,0,0,-263000,0,0,0,194000,457000,-263000,-263000
05268P,玉晶光元大98售01,0,0,0,0,0,0,0,0,0,-263000,0,0,0,337000,600000,-263000,-263000
054762,奇力新國票99購01,0,0,0,0,0,0,0,0,0,-263000,0,0,0,37000,300000,-263000,-263000
06332P,世紀鋼群益98售01,0,0,0,0,0,0,0,0,0,-263000,0,0,0,0,263000,-263000,-263000
06525P,上証2X國泰99售01,0,0,0,0,0,0,0,0,0,-264000,0,0,0,140000,404000,-264000,-264000
055574,美律統一97購01  ,0,0,0,0,0,0,0,0,0,-265000,0,0,0,100000,365000,-265000,-265000
04696P,亞德客國泰95售02,0,0,0,0,0,0,0,0,0,-265000,0,0,0,0,265000,-265000,-265000
046180,裕隆凱基93購01  ,0,0,0,0,0,0,0,0,0,-265000,0,0,0,30000,295000,-265000,-265000
03388P,元油2X元富98售02,0,0,0,0,0,0,0,0,0,-265000,0,0,0,0,265000,-265000,-265000
054955,宏達電元大98購01,0,0,0,0,0,0,0,0,0,-265000,0,0,0,2000,267000,-265000,-265000
055256,日電貿統一99購01,0,0,0,0,0,0,0,0,0,-265000,0,0,0,114000,379000,-265000,-265000
055257,景碩統一97購01  ,0,0,0,0,0,0,0,0,0,-265000,0,0,0,28000,293000,-265000,-265000
06193P,台積電元富97售04,0,0,0,0,0,0,0,0,0,-266000,0,0,0,2098000,2364000,-266000,-266000
055149,國巨元大97購06  ,0,0,0,0,0,0,0,0,0,-267000,0,0,0,25000,292000,-267000,-267000
053463,可成富邦98購01  ,0,0,0,0,0,0,0,0,0,-267000,0,0,0,58000,325000,-267000,-267000
2912,統一超          ,296900,555000,-258100,0,0,0,1000,13000,-12000,3000,3000,0,3000,0,0,0,-267100
057265,聯詠兆豐98購01  ,0,0,0,0,0,0,0,0,0,-268000,0,0,0,99000,367000,-268000,-268000
9921,巨大            ,185000,450511,-265511,0,0,0,0,0,0,-3000,0,0,0,0,3000,-3000,-268511
05283P,健鼎元大95售04  ,0,0,0,0,0,0,0,0,0,-270000,0,0,0,162000,432000,-270000,-270000
051983,道瓊反元大95購01,0,0,0,0,0,0,0,0,0,-270000,0,0,0,200000,470000,-270000,-270000
051524,貿聯凱基95購02  ,0,0,0,0,0,0,0,0,0,-270000,0,0,0,30000,300000,-270000,-270000
054981,國巨元富97購02  ,0,0,0,0,0,0,0,0,0,-270000,0,0,0,200000,470000,-270000,-270000
05546P,全新元大97售01  ,0,0,0,0,0,0,0,0,0,-270000,0,0,0,0,270000,-270000,-270000
047968,南電國泰94購01  ,0,0,0,0,0,0,0,0,0,-271000,0,0,0,320000,591000,-271000,-271000
056347,GIS凱基9A購01   ,0,0,0,0,0,0,0,0,0,-272000,0,0,0,132000,404000,-272000,-272000
057817,景碩元大98購01  ,0,0,0,0,0,0,0,0,0,-273000,0,0,0,32000,305000,-273000,-273000
047466,新光金國泰95購01,0,0,0,0,0,0,0,0,0,-273000,0,0,0,12000,285000,-273000,-273000
055263,華新科富邦9A購01,0,0,0,0,0,0,0,0,0,-273000,0,0,0,168000,441000,-273000,-273000
055966,茂林元大99購01  ,0,0,0,0,0,0,0,0,0,-274000,0,0,0,215000,489000,-274000,-274000
053917,友達國票97購03  ,0,0,0,0,0,0,0,0,0,-274000,0,0,0,200000,474000,-274000,-274000
05826P,臺股指凱基96售23,0,0,0,0,0,0,0,0,0,-275000,0,0,0,2000,277000,-275000,-275000
057142,力成兆豐98購01  ,0,0,0,0,0,0,0,0,0,-275000,0,0,0,84000,359000,-275000,-275000
051354,聯發科元大95購09,0,0,0,0,0,0,0,0,0,-275000,0,0,0,5000,280000,-275000,-275000
055368,台積電元大97購24,0,0,0,0,0,0,0,0,0,-275000,0,0,0,1194000,1469000,-275000,-275000
05863P,滬深2X元大96售09,0,0,0,0,0,0,0,0,0,-276000,0,0,0,272000,548000,-276000,-276000
050975,楠梓電統一95購01,0,0,0,0,0,0,0,0,0,-276000,0,0,0,57000,333000,-276000,-276000
057353,玉晶光統一99購01,0,0,0,0,0,0,0,0,0,-277000,0,0,0,20000,297000,-277000,-277000
04855P,上証2X元富94售02,0,0,0,0,0,0,0,0,0,-277000,0,0,0,200000,477000,-277000,-277000
5607,遠雄港          ,143000,419000,-276000,0,0,0,0,0,0,-1000,0,1000,-1000,0,0,0,-277000
2379,瑞昱            ,446000,522577,-76577,0,0,0,0,157000,-157000,-44000,15000,54000,-39000,18000,23000,-5000,-277577
057341,技嘉台新98購01  ,0,0,0,0,0,0,0,0,0,-279000,0,0,0,35000,314000,-279000,-279000
054295,世芯元大96購03  ,0,0,0,0,0,0,0,0,0,-279000,0,0,0,104000,383000,-279000,-279000
06624P,訊芯元大98售06  ,0,0,0,0,0,0,0,0,0,-280000,0,0,0,0,280000,-280000,-280000
9934,成霖            ,19000,299000,-280000,0,0,0,0,0,0,0,0,0,0,0,0,0,-280000
056556,南電凱基98購01  ,0,0,0,0,0,0,0,0,0,-281000,0,0,0,302000,583000,-281000,-281000
055862,矽力元大97購04  ,0,0,0,0,0,0,0,0,0,-282000,0,0,0,0,282000,-282000,-282000
1736,喬山            ,597000,883000,-286000,0,0,0,0,0,0,4000,0,51000,-51000,59000,4000,55000,-282000
3576,聯合再生        ,385000,668000,-283000,0,0,0,0,0,0,1000,1000,0,1000,0,0,0,-282000
055048,台積電永豐97購04,0,0,0,0,0,0,0,0,0,-284000,0,0,0,0,284000,-284000,-284000
9105,泰金寶-DR       ,0,284000,-284000,0,0,0,0,0,0,0,0,0,0,0,0,0,-284000
050128,旺宏凱基94購04  ,0,0,0,0,0,0,0,0,0,-285000,0,0,0,13000,298000,-285000,-285000
056052,T50反1元大97購06,0,0,0,0,0,0,0,0,0,-286000,0,0,0,0,286000,-286000,-286000
057192,力成元大98購01  ,0,0,0,0,0,0,0,0,0,-286000,0,0,0,7000,293000,-286000,-286000
05994P,奇鋐元大96售02  ,0,0,0,0,0,0,0,0,0,-287000,0,0,0,0,287000,-287000,-287000
2542,興富發          ,842644,1164000,-321356,0,0,0,0,0,0,34000,40000,6000,34000,0,0,0,-287356
05204P,TPK元大95售03   ,0,0,0,0,0,0,0,0,0,-289000,0,0,0,10000,299000,-289000,-289000
053841,美律統一96購01  ,0,0,0,0,0,0,0,0,0,-289000,0,0,0,100000,389000,-289000,-289000
6504,南六            ,138000,420000,-282000,0,0,0,0,0,0,-7000,12000,19000,-7000,0,0,0,-289000
06033P,可成凱基96售09  ,0,0,0,0,0,0,0,0,0,-290000,0,0,0,10000,300000,-290000,-290000
047248,奇鋐群益95購01  ,0,0,0,0,0,0,0,0,0,-290000,0,0,0,0,290000,-290000,-290000
049259,聯發科元大94購04,0,0,0,0,0,0,0,0,0,-290000,0,0,0,108000,398000,-290000,-290000
3596,智易            ,146000,434000,-288000,0,0,0,0,0,0,-3000,27000,0,27000,25000,55000,-30000,-291000
056829,台積電富邦9A購01,0,0,0,0,0,0,0,0,0,-292000,0,0,0,1344000,1636000,-292000,-292000
053626,台積電兆豐96購03,0,0,0,0,0,0,0,0,0,-293000,0,0,0,206000,499000,-293000,-293000
056996,矽力日盛99購01  ,0,0,0,0,0,0,0,0,0,-294000,0,0,0,0,294000,-294000,-294000
048007,明基材元大96購01,0,0,0,0,0,0,0,0,0,-294000,0,0,0,453000,747000,-294000,-294000
04554P,可成中信94售01  ,0,0,0,0,0,0,0,0,0,-294000,0,0,0,105000,399000,-294000,-294000
050976,台光電統一95購01,0,0,0,0,0,0,0,0,0,-294000,0,0,0,0,294000,-294000,-294000
05749P,臺股指群益99售03,0,0,0,0,0,0,0,0,0,-295000,0,0,0,27000,322000,-295000,-295000
00738U,元大道瓊白銀    ,0,0,0,0,0,0,0,0,0,-295000,0,0,0,610000,905000,-295000,-295000
047493,旺宏元富96購01  ,0,0,0,0,0,0,0,0,0,-296000,0,0,0,30000,326000,-296000,-296000
06549P,大立光元大98售11,0,0,0,0,0,0,0,0,0,-296000,0,0,0,126000,422000,-296000,-296000
05569P,漢唐統一97售01  ,0,0,0,0,0,0,0,0,0,-298000,0,0,0,0,298000,-298000,-298000
053860,台積電元大98購03,0,0,0,0,0,0,0,0,0,-298000,0,0,0,88000,386000,-298000,-298000
052653,臺股指永豐97購01,0,0,0,0,0,0,0,0,0,-298000,0,0,0,44000,342000,-298000,-298000
06671P,台積電群益98售04,0,0,0,0,0,0,0,0,0,-298000,0,0,0,238000,536000,-298000,-298000
048029,聯發科凱基93購26,0,0,0,0,0,0,0,0,0,-299000,0,0,0,0,299000,-299000,-299000
050465,神基中信94購01  ,0,0,0,0,0,0,0,0,0,-299000,0,0,0,0,299000,-299000,-299000
1604,聲寶            ,12000,311000,-299000,0,0,0,0,0,0,0,0,0,0,0,0,0,-299000
055997,矽創國泰99購01  ,0,0,0,0,0,0,0,0,0,-300000,0,0,0,40000,340000,-300000,-300000
052347,GIS凱基95購05   ,0,0,0,0,0,0,0,0,0,-300000,0,0,0,0,300000,-300000,-300000
050248,臻鼎凱基94購03  ,0,0,0,0,0,0,0,0,0,-300000,0,0,0,0,300000,-300000,-300000
05305P,華新科國泰97售01,0,0,0,0,0,0,0,0,0,-300000,0,0,0,0,300000,-300000,-300000
05483P,國巨凱基95售07  ,0,0,0,0,0,0,0,0,0,-300000,0,0,0,300000,600000,-300000,-300000
048381,T50反1國票94購03,5000,0,5000,0,0,0,0,0,0,-306000,0,0,0,308000,614000,-306000,-301000
055495,長榮航元大97購01,0,0,0,0,0,0,0,0,0,-301000,0,0,0,100000,401000,-301000,-301000
053978,創意元大96購05  ,0,0,0,0,0,0,0,0,0,-301000,0,0,0,0,301000,-301000,-301000
3049,和鑫            ,225000,399000,-174000,0,0,0,0,0,0,-127000,0,0,0,15000,142000,-127000,-301000
056503,楠梓電永豐98購01,0,0,0,0,0,0,0,0,0,-302000,0,0,0,0,302000,-302000,-302000
048467,南電康和93購01  ,0,0,0,0,0,0,0,0,0,-302000,0,0,0,69000,371000,-302000,-302000
06222P,致茂元富97售02  ,0,0,0,0,0,0,0,0,0,-302000,0,0,0,26000,328000,-302000,-302000
049236,元油2X元富96購06,0,0,0,0,0,0,0,0,0,-303000,0,0,0,29000,332000,-303000,-303000
8213,志超            ,111000,408000,-297000,0,0,0,0,0,0,-6000,0,6000,-6000,0,0,0,-303000
3042,晶技            ,1563000,1536000,27000,0,0,0,0,0,0,-331000,114000,131000,-17000,249000,563000,-314000,-304000
1310,台苯            ,545000,859000,-314000,0,0,0,10000,0,10000,0,0,0,0,0,0,0,-304000
057617,國巨凱基99購06  ,0,0,0,0,0,0,0,0,0,-305000,0,0,0,12000,317000,-305000,-305000
049570,華新科統一94購04,0,0,0,0,0,0,0,0,0,-305000,0,0,0,25000,330000,-305000,-305000
00670L,富邦NASDAQ正2   ,0,0,0,0,0,0,0,0,0,-306000,0,0,0,86000,392000,-306000,-306000
04644P,全新凱基94售01  ,0,0,0,0,0,0,0,0,0,-306000,0,0,0,6000,312000,-306000,-306000
045293,鴻海元大94購01  ,0,0,0,0,0,0,0,0,0,-306000,0,0,0,80000,386000,-306000,-306000
054941,凱美元大97購01  ,0,0,0,0,0,0,0,0,0,-307000,0,0,0,15000,322000,-307000,-307000
2634,漢翔            ,143000,460000,-317000,0,0,0,0,0,0,10000,10000,0,10000,0,0,0,-307000
1507,永大            ,19000,313000,-294000,0,0,0,0,17121,-17121,4000,4000,0,4000,0,0,0,-307121
053666,臺股指凱基96購29,0,0,0,0,0,0,0,0,0,-309000,0,0,0,70000,379000,-309000,-309000
056784,南亞科群益98購01,0,0,0,0,0,0,0,0,0,-310000,0,0,0,2000,312000,-310000,-310000
055225,華邦電國票99購01,0,100000,-100000,0,0,0,0,0,0,-210000,0,0,0,190000,400000,-210000,-310000
056976,喬山群益98購01  ,0,0,0,0,0,0,0,0,0,-312000,0,0,0,59000,371000,-312000,-312000
048641,美律元大94購01  ,0,0,0,0,0,0,0,0,0,-312000,0,0,0,0,312000,-312000,-312000
00715L,街口布蘭特油正2 ,0,0,0,0,0,0,0,0,0,-312000,0,0,0,11000,323000,-312000,-312000
05551P,電子類元大96售01,0,0,0,0,0,0,0,0,0,-313000,0,0,0,292000,605000,-313000,-313000
047680,上証反中信96購01,0,0,0,0,0,0,0,0,0,-313000,0,0,0,0,313000,-313000,-313000
056086,奇力新統一98購01,0,0,0,0,0,0,0,0,0,-314000,0,0,0,31000,345000,-314000,-314000
055045,台肥永豐97購01  ,0,0,0,0,0,0,0,0,0,-315000,0,0,0,5000,320000,-315000,-315000
06194P,台積電元富97售05,0,0,0,0,0,0,0,0,0,-315000,0,0,0,30000,345000,-315000,-315000
044242,宏達電統一93購01,0,0,0,0,0,0,0,0,0,-317000,0,0,0,0,317000,-317000,-317000
00830,國泰費城半導體  ,0,96000,-96000,0,0,0,0,0,0,-221000,0,0,0,213000,434000,-221000,-317000
057471,昇陽半永豐98購02,0,0,0,0,0,0,0,0,0,-319000,0,0,0,30000,349000,-319000,-319000
047416,台泥富邦94購01  ,0,0,0,0,0,0,0,0,0,-320000,0,0,0,0,320000,-320000,-320000
051116,可成麥證95購01  ,0,0,0,460000,780000,-320000,0,0,0,-320000,0,0,0,460000,780000,-320000,-320000
052115,T50反1國票95購03,0,0,0,0,0,0,0,0,0,-320000,0,0,0,70000,390000,-320000,-320000
052663,奇鋐國票97購01  ,0,0,0,0,0,0,0,0,0,-320000,0,0,0,0,320000,-320000,-320000
053217,群創凱基99購02  ,0,0,0,0,0,0,0,0,0,-320000,0,0,0,0,320000,-320000,-320000
048556,技嘉元大93購03  ,0,0,0,0,0,0,0,0,0,-321000,0,0,0,11000,332000,-321000,-321000
048928,華新科永豐94購02,0,0,0,0,0,0,0,0,0,-321000,0,0,0,77000,398000,-321000,-321000
054385,矽創群益98購01  ,0,0,0,0,0,0,0,0,0,-323000,0,0,0,50000,373000,-323000,-323000
03412P,滬深2X群益98售01,0,0,0,0,0,0,0,0,0,-324000,0,0,0,40000,364000,-324000,-324000
055492,華新科元大97購08,0,0,0,0,0,0,0,0,0,-325000,0,0,0,20000,345000,-325000,-325000
050805,光寶科日盛95購01,0,0,0,0,0,0,0,0,0,-326000,0,0,0,0,326000,-326000,-326000
050765,鴻海元大96購02  ,0,0,0,0,0,0,0,0,0,-326000,0,0,0,437000,763000,-326000,-326000
05041P,大立光凱基95售09,0,0,0,0,0,0,0,0,0,-327000,0,0,0,150000,477000,-327000,-327000
044298,南電凱基93購01  ,0,0,0,0,0,0,0,0,0,-328000,0,0,0,210000,538000,-328000,-328000
056874,友達凱基98購08  ,0,0,0,0,0,0,0,0,0,-330000,0,0,0,10000,340000,-330000,-330000
055469,台光電凱基97購01,0,0,0,0,0,0,0,0,0,-330000,0,0,0,10000,340000,-330000,-330000
056595,台積電元富98購04,0,0,0,0,0,0,0,0,0,-334000,0,0,0,476000,810000,-334000,-334000
06488P,台積電元富98售05,0,0,0,0,0,0,0,0,0,-335000,0,0,0,100000,435000,-335000,-335000
00674R,元大S&P黃金反1  ,0,0,0,0,0,0,0,0,0,-336000,0,0,0,0,336000,-336000,-336000
8110,華東            ,81000,420000,-339000,0,0,0,0,0,0,3000,4000,1000,3000,0,0,0,-336000
047584,元金2X永豐95購01,0,0,0,0,0,0,0,0,0,-339000,0,0,0,0,339000,-339000,-339000
05686P,臺股指元大96售11,0,0,0,0,0,0,0,0,0,-340000,0,0,0,50000,390000,-340000,-340000
051578,智邦元大96購01  ,0,0,0,0,0,0,0,0,0,-340000,0,0,0,100000,440000,-340000,-340000
04437P,滬深2X群益98售03,0,0,0,0,0,0,0,0,0,-341000,0,0,0,517000,858000,-341000,-341000
3443,創意            ,123000,132000,-9000,0,0,0,0,309000,-309000,-23000,1000,0,1000,1000,25000,-24000,-341000
057109,信邦群益98購01  ,0,0,0,0,0,0,0,0,0,-342000,0,0,0,267000,609000,-342000,-342000
056236,台積電群益97購06,0,0,0,0,0,0,0,0,0,-342000,0,0,0,5000,347000,-342000,-342000
05712P,友達統一97售03  ,0,0,0,0,0,0,0,0,0,-343000,0,0,0,40000,383000,-343000,-343000
2354,鴻準            ,449000,790182,-341182,0,0,0,0,0,0,-2000,1000,3000,-2000,0,0,0,-343182
055648,可成元富97購01  ,0,0,0,0,0,0,0,0,0,-345000,0,0,0,105000,450000,-345000,-345000
050077,臺股指凱基99購02,0,0,0,0,0,0,0,0,0,-348000,0,0,0,35000,383000,-348000,-348000
05027P,南電群益95售01  ,0,0,0,0,0,0,0,0,0,-348000,0,0,0,0,348000,-348000,-348000
08637P,台灣50中信96售03,0,0,0,0,0,0,0,0,0,-348000,0,0,0,514000,862000,-348000,-348000
04490P,聯發科台新94售02,0,0,0,0,0,0,0,0,0,-349000,0,0,0,0,349000,-349000,-349000
050463,百和元大94購04  ,0,0,0,0,0,0,0,0,0,-350000,0,0,0,0,350000,-350000,-350000
053691,聯發科元大96購16,0,0,0,0,0,0,0,0,0,-350000,0,0,0,0,350000,-350000,-350000
056376,玉晶光統一98購01,0,0,0,0,0,0,0,0,0,-351000,0,0,0,15000,366000,-351000,-351000
049054,禾伸堂永豐94購01,0,0,0,0,0,0,0,0,0,-352000,0,0,0,47000,399000,-352000,-352000
057091,華新科元富9A購01,0,0,0,0,0,0,0,0,0,-354000,0,0,0,85000,439000,-354000,-354000
08218P,滬深2X凱基96售01,0,0,0,0,0,0,0,0,0,-355000,0,0,0,13000,368000,-355000,-355000
051066,台積電國票96購02,0,0,0,0,0,0,0,0,0,-356000,0,0,0,1000,357000,-356000,-356000
2328,廣宇            ,36000,389000,-353000,0,0,0,0,0,0,-5000,0,5000,-5000,0,0,0,-358000
057304,為升兆豐99購02  ,0,0,0,0,0,0,0,0,0,-360000,0,0,0,0,360000,-360000,-360000
055172,凱美統一97購02  ,0,0,0,0,0,0,0,0,0,-360000,0,0,0,0,360000,-360000,-360000
048860,玉晶光群益96購03,0,0,0,0,0,0,0,0,0,-361000,0,0,0,165000,526000,-361000,-361000
057460,楠梓電永豐98購03,0,0,0,0,0,0,0,0,0,-362000,0,0,0,0,362000,-362000,-362000
06012P,世芯國票96售01  ,0,0,0,0,0,0,0,0,0,-362000,0,0,0,10000,372000,-362000,-362000
055976,台積電統一99購03,0,0,0,0,0,0,0,0,0,-362000,0,0,0,72000,434000,-362000,-362000
052760,盟立群益96購01  ,0,0,0,0,0,0,0,0,0,-362000,0,0,0,10000,372000,-362000,-362000
2723,美食-KY         ,246000,600000,-354000,0,0,0,0,0,0,-9000,0,0,0,3000,12000,-9000,-363000
06030P,友達兆豐96售02  ,0,0,0,0,0,0,0,0,0,-364000,0,0,0,50000,414000,-364000,-364000
054350,美律國泰98購01  ,0,0,0,0,0,0,0,0,0,-365000,0,0,0,0,365000,-365000,-365000
043231,鴻海中信95購01  ,0,0,0,0,0,0,0,0,0,-366000,0,0,0,0,366000,-366000,-366000
2536,宏普            ,106000,469000,-363000,0,0,0,0,0,0,-3000,0,3000,-3000,0,0,0,-366000
051735,台積電國票96購06,0,0,0,0,0,0,0,0,0,-367000,0,0,0,216000,583000,-367000,-367000
00648R,元大S&P500反1   ,0,0,0,0,0,0,0,0,0,-368000,0,0,0,346000,714000,-368000,-368000
055316,上銀國票98購01  ,0,0,0,0,0,0,0,0,0,-369000,0,0,0,121000,490000,-369000,-369000
052550,鴻海國票97購02  ,0,0,0,0,0,0,0,0,0,-370000,0,0,0,0,370000,-370000,-370000
2505,國揚            ,21000,396000,-375000,0,0,0,0,0,0,3000,0,2000,-2000,12000,7000,5000,-372000
8081,致新            ,99000,432873,-333873,0,0,0,15000,0,15000,-54000,0,26000,-26000,5000,33000,-28000,-372873
049900,台積電元富94購06,0,0,0,0,0,0,0,0,0,-373000,0,0,0,30000,403000,-373000,-373000
053242,聯電國票96購04  ,0,0,0,0,0,0,0,0,0,-373000,0,0,0,103000,476000,-373000,-373000
04168P,元金2X凱基99售01,0,0,0,0,0,0,0,0,0,-376000,0,0,0,50000,426000,-376000,-376000
055190,華新科元富97購01,0,0,0,0,0,0,0,0,0,-377000,0,0,0,150000,527000,-377000,-377000
046869,聯發科統一95購01,0,0,0,0,0,0,0,0,0,-378000,0,0,0,42000,420000,-378000,-378000
050100,台積電永昌96購02,0,0,0,0,0,0,0,0,0,-378000,0,0,0,887000,1265000,-378000,-378000
053851,鴻海國泰98購03  ,0,0,0,0,0,0,0,0,0,-378000,0,0,0,0,378000,-378000,-378000
05229P,台積電群益95售05,0,0,0,0,0,0,0,0,0,-380000,0,0,0,455000,835000,-380000,-380000
050914,健鼎中信95購01  ,0,0,0,0,0,0,0,0,0,-380000,0,0,0,30000,410000,-380000,-380000
05472P,國巨統一96售02  ,0,0,0,0,0,0,0,0,0,-380000,0,0,0,120000,500000,-380000,-380000
1513,中興電          ,163000,545000,-382000,0,0,0,0,0,0,2000,3000,1000,2000,0,0,0,-380000
057097,致新元富98購01  ,0,0,0,0,0,0,0,0,0,-381000,0,0,0,3000,384000,-381000,-381000
05585P,臺股指凱基96售14,0,0,0,0,0,0,0,0,0,-381000,0,0,0,7000,388000,-381000,-381000
052233,台郡凱基96購01  ,0,0,0,0,0,0,0,0,0,-381000,0,0,0,200000,581000,-381000,-381000
054988,凱美元富97購02  ,0,0,0,0,0,0,0,0,0,-381000,0,0,0,0,381000,-381000,-381000
057545,國巨凱基99購05  ,0,0,0,0,0,0,0,0,0,-382000,0,0,0,1000,383000,-382000,-382000
05688P,臺股指元大96售13,0,0,0,0,0,0,0,0,0,-383000,0,0,0,216000,599000,-383000,-383000
054082,楠梓電元富96購01,0,0,0,0,0,0,0,0,0,-383000,0,0,0,30000,413000,-383000,-383000
04575P,新日興統一94售02,0,0,0,0,0,0,0,0,0,-385000,0,0,0,0,385000,-385000,-385000
055938,矽力群益97購01  ,0,0,0,0,0,0,0,0,0,-386000,0,0,0,43000,429000,-386000,-386000
052851,滬深2X元富96購02,0,0,0,0,0,0,0,0,0,-386000,0,0,0,28000,414000,-386000,-386000
8112,至上            ,277000,672000,-395000,0,0,0,8000,0,8000,1000,1000,0,1000,0,0,0,-386000
6257,矽格            ,431000,378444,52556,0,0,0,0,407000,-407000,-34276,28000,31276,-3276,0,31000,-31000,-388720
020000,富邦特選蘋果N   ,0,0,0,0,0,0,0,0,0,-391000,0,0,0,3000,394000,-391000,-391000
052763,晶技群益97購01  ,0,0,0,0,0,0,0,0,0,-391000,0,0,0,180000,571000,-391000,-391000
1605,華新            ,500000,675000,-175000,0,0,0,2000,0,2000,-218000,0,200000,-200000,25000,43000,-18000,-391000
055013,訊連元富97購01  ,0,0,0,0,0,0,0,0,0,-392000,0,0,0,337000,729000,-392000,-392000
050525,嘉晶元大95購02  ,0,0,0,0,0,0,0,0,0,-393000,0,0,0,104000,497000,-393000,-393000
06081P,深中小元大97售02,0,0,0,0,0,0,0,0,0,-393000,0,0,0,10000,403000,-393000,-393000
2417,圓剛            ,49000,441000,-392000,0,0,0,0,0,0,-2000,0,2000,-2000,0,0,0,-394000
8039,台虹            ,421000,458000,-37000,0,0,0,0,0,0,-358000,2000,14000,-12000,23000,369000,-346000,-395000
047629,深中小元大96購01,0,0,0,0,0,0,0,0,0,-396000,0,0,0,74000,470000,-396000,-396000
05052P,友達群益97售01  ,0,0,0,0,0,0,0,0,0,-396000,0,0,0,50000,446000,-396000,-396000
047875,南電永豐93購02  ,0,0,0,0,0,0,0,0,0,-398000,0,0,0,0,398000,-398000,-398000
04880P,GIS永豐94售02   ,0,0,0,0,0,0,0,0,0,-399000,0,0,0,100000,499000,-399000,-399000
054369,鴻海中信9C購01  ,0,0,0,0,0,0,0,0,0,-399000,0,0,0,20000,419000,-399000,-399000
052310,聯電富邦95購01  ,0,0,0,0,0,0,0,0,0,-400000,0,0,0,0,400000,-400000,-400000
04146P,可成凱基93售14  ,0,0,0,0,0,0,0,0,0,-400000,0,0,0,300000,700000,-400000,-400000
05154P,台積電兆豐95售05,0,0,0,0,0,0,0,0,0,-400000,0,0,0,2000,402000,-400000,-400000
051538,和碩國票96購01  ,0,0,0,0,0,0,0,0,0,-400000,0,0,0,0,400000,-400000,-400000
050541,智邦凱基94購04  ,0,0,0,0,0,0,0,0,0,-404000,0,0,0,0,404000,-404000,-404000
057697,國巨群益98購09  ,0,0,0,0,0,0,0,0,0,-406000,0,0,0,0,406000,-406000,-406000
045873,元油2X元富98購04,0,0,0,0,0,0,0,0,0,-406000,0,0,0,929000,1335000,-406000,-406000
3014,聯陽            ,31000,557000,-526000,0,0,0,0,0,0,119000,1000,2000,-1000,120000,0,120000,-407000
3711,日月光投控      ,2294000,2754000,-460000,0,0,0,10000,0,10000,41843,57000,0,57000,25000,40157,-15157,-408157
045053,聯發科元富98購01,0,0,0,0,0,0,0,0,0,-409000,0,0,0,317000,726000,-409000,-409000
2897,王道銀行        ,12000,414000,-402000,0,0,0,1000,0,1000,-10000,0,10000,-10000,0,0,0,-411000
2520,冠德            ,144000,486000,-342000,0,0,0,0,0,0,-70000,1000,3000,-2000,0,68000,-68000,-412000
06153P,健策元大97售04  ,0,0,0,0,0,0,0,0,0,-413000,0,0,0,112000,525000,-413000,-413000
056844,欣興元富98購03  ,0,0,0,0,0,0,0,0,0,-414000,0,0,0,44000,458000,-414000,-414000
03497P,金像電凱基02售06,0,0,0,0,0,0,0,0,0,-414000,0,0,0,0,414000,-414000,-414000
055988,矽力元富97購01  ,0,0,0,0,0,0,0,0,0,-415000,0,0,0,19000,434000,-415000,-415000
06489P,台積電元富98售06,0,0,0,0,0,0,0,0,0,-415000,0,0,0,0,415000,-415000,-415000
050754,元金2X元富9B購01,0,0,0,0,0,0,0,0,0,-419000,0,0,0,315000,734000,-419000,-419000
054204,元金2X國票9B購02,0,0,0,0,0,0,0,0,0,-420000,0,0,0,468000,888000,-420000,-420000
054072,台積電富邦98購02,0,0,0,0,0,0,0,0,0,-421000,0,0,0,736000,1157000,-421000,-421000
052269,T50反1日盛9B購01,0,0,0,0,0,0,0,0,0,-422000,0,0,0,131000,553000,-422000,-422000
055232,泰碩國票98購01  ,0,0,0,0,0,0,0,0,0,-422000,0,0,0,154000,576000,-422000,-422000
050944,智邦群益95購01  ,0,0,0,0,0,0,0,0,0,-424000,0,0,0,176000,600000,-424000,-424000
1312,國喬            ,790000,1214000,-424000,0,0,0,0,0,0,0,0,0,0,0,0,0,-424000
055812,台積電國票99購02,0,0,0,0,0,0,0,0,0,-425000,0,0,0,79000,504000,-425000,-425000
046680,上証反群益95購01,0,0,0,0,0,0,0,0,0,-425000,0,0,0,10000,435000,-425000,-425000
053271,喬山元大97購01  ,0,0,0,0,0,0,0,0,0,-425000,0,0,0,0,425000,-425000,-425000
053770,元金2X元大98購01,0,0,0,0,0,0,0,0,0,-428000,0,0,0,131000,559000,-428000,-428000
053371,滬深2X元大99購01,0,0,0,0,0,0,0,0,0,-431000,0,0,0,56000,487000,-431000,-431000
052913,鴻海元富96購05  ,0,0,0,0,0,0,0,0,0,-431000,0,0,0,0,431000,-431000,-431000
054987,凱美元富97購01  ,0,0,0,0,0,0,0,0,0,-432000,0,0,0,0,432000,-432000,-432000
06233P,訊芯永豐97售03  ,0,0,0,0,0,0,0,0,0,-432000,0,0,0,148000,580000,-432000,-432000
055849,聯詠元大97購05  ,0,0,0,0,0,0,0,0,0,-433000,0,0,0,82000,515000,-433000,-433000
055164,矽創元大98購01  ,0,0,0,0,0,0,0,0,0,-433000,0,0,0,83000,516000,-433000,-433000
3665,貿聯-KY         ,205000,604000,-399000,0,0,0,1000,48000,-47000,12000,34000,0,34000,17000,39000,-22000,-434000
2360,致茂            ,205000,614300,-409300,0,0,0,0,0,0,-25000,19000,33000,-14000,2000,13000,-11000,-434300
06618P,智邦元大98售04  ,0,0,0,0,0,0,0,0,0,-435000,0,0,0,0,435000,-435000,-435000
06299P,可成元大97售04  ,0,0,0,0,0,0,0,0,0,-436000,0,0,0,10000,446000,-436000,-436000
3056,總太            ,50000,487000,-437000,0,0,0,0,0,0,1000,1000,0,1000,0,0,0,-436000
052030,GIS群益95購04   ,0,0,0,0,0,0,0,0,0,-437000,0,0,0,38000,475000,-437000,-437000
055737,開發金元富97購01,0,0,0,0,0,0,0,0,0,-440000,0,0,0,0,440000,-440000,-440000
054963,牧德元大97購02  ,0,0,0,0,0,0,0,0,0,-444000,0,0,0,0,444000,-444000,-444000
056594,台積電元富98購03,0,0,0,0,0,0,0,0,0,-445000,0,0,0,914000,1359000,-445000,-445000
6196,帆宣            ,720000,731000,-11000,0,0,0,0,0,0,-436000,30000,110000,-80000,34000,390000,-356000,-447000
051916,和碩元大95購02  ,0,0,0,0,0,0,0,0,0,-448000,0,0,0,2000,450000,-448000,-448000
04930P,國巨統一94售08  ,0,0,0,0,0,0,0,0,0,-449000,0,0,0,0,449000,-449000,-449000
049545,台積電群益94購09,0,0,0,0,0,0,0,0,0,-450000,0,0,0,320000,770000,-450000,-450000
050451,嘉晶元大95購01  ,0,0,0,0,0,0,0,0,0,-451000,0,0,0,339000,790000,-451000,-451000
04914P,國巨國泰95售06  ,0,0,0,0,0,0,0,0,0,-455000,0,0,0,850000,1305000,-455000,-455000
048889,牧德元富94購03  ,0,0,0,0,0,0,0,0,0,-457000,0,0,0,13000,470000,-457000,-457000
00676R,富邦臺灣加權反1 ,0,54000,-54000,0,0,0,0,0,0,-404000,0,0,0,248000,652000,-404000,-458000
1210,大成            ,236000,440000,-204000,0,0,0,0,254000,-254000,0,0,0,0,0,0,0,-458000
054640,健策中信9B購01  ,0,0,0,0,0,0,0,0,0,-460000,0,0,0,115000,575000,-460000,-460000
3376,新日興          ,820000,480000,340000,0,0,0,0,572000,-572000,-229000,24000,257000,-233000,36000,32000,4000,-461000
056756,T50反1元大98購06,0,0,0,0,0,0,0,0,0,-462000,0,0,0,0,462000,-462000,-462000
050614,聯發科元大95購04,0,0,0,0,0,0,0,0,0,-462000,0,0,0,246000,708000,-462000,-462000
055843,美律元大97購02  ,0,0,0,0,0,0,0,0,0,-463000,0,0,0,5000,468000,-463000,-463000
052642,滬深2X永豐96購03,0,0,0,0,0,0,0,0,0,-463000,0,0,0,85000,548000,-463000,-463000
2450,神腦            ,0,463000,-463000,0,0,0,0,0,0,0,0,0,0,0,0,0,-463000
055392,凱美統一97購03  ,0,0,0,0,0,0,0,0,0,-464000,0,0,0,166000,630000,-464000,-464000
057069,台積電永豐98購02,0,0,0,0,0,0,0,0,0,-465000,0,0,0,0,465000,-465000,-465000
04198P,滬深2X群益95售04,0,0,0,0,0,0,0,0,0,-465000,0,0,0,85000,550000,-465000,-465000
053747,滬深2X永豐96購05,0,0,0,0,0,0,0,0,0,-465000,0,0,0,0,465000,-465000,-465000
055796,南電國泰98購01  ,0,0,0,0,0,0,0,0,0,-466000,0,0,0,420000,886000,-466000,-466000
051246,美律元大96購01  ,0,0,0,0,0,0,0,0,0,-466000,0,0,0,10000,476000,-466000,-466000
2392,正崴            ,235000,462000,-227000,0,0,0,0,158000,-158000,-82000,1000,10000,-9000,12000,85000,-73000,-467000
6531,愛普            ,120000,600000,-480000,0,0,0,0,0,0,13000,13000,0,13000,0,0,0,-467000
050027,義隆元大94購03  ,0,0,0,0,0,0,0,0,0,-468000,0,0,0,0,468000,-468000,-468000
056773,晶技元大99購03  ,0,0,0,0,0,0,0,0,0,-474000,0,0,0,262000,736000,-474000,-474000
05011P,南電國泰96售01  ,0,0,0,0,0,0,0,0,0,-474000,0,0,0,122000,596000,-474000,-474000
055924,深中小群益9B購01,0,0,0,0,0,0,0,0,0,-476000,0,0,0,500000,976000,-476000,-476000
052370,滬深2X元大95購04,0,0,0,0,0,0,0,0,0,-477000,0,0,0,0,477000,-477000,-477000
042196,元油2X元大93購02,0,0,0,0,0,0,0,0,0,-480000,0,0,0,10000,490000,-480000,-480000
2313,華通            ,2467000,2177000,290000,0,0,0,0,0,0,-770000,94000,200000,-106000,83000,747000,-664000,-480000
055720,宏達電元大97購05,0,0,0,0,0,0,0,0,0,-482000,0,0,0,63000,545000,-482000,-482000
055645,技嘉元富97購01  ,0,0,0,0,0,0,0,0,0,-485000,0,0,0,71000,556000,-485000,-485000
051863,技嘉凱基95購01  ,0,0,0,0,0,0,0,0,0,-485000,0,0,0,879000,1364000,-485000,-485000
1519,華城            ,45000,429000,-384000,0,0,0,0,100000,-100000,-1000,0,1000,-1000,0,0,0,-485000
053683,上証2X元大96購03,0,0,0,0,0,0,0,0,0,-486000,0,0,0,0,486000,-486000,-486000
054942,凱美元大97購02  ,0,0,0,0,0,0,0,0,0,-487000,0,0,0,269000,756000,-487000,-487000
2357,華碩            ,394000,901042,-507042,0,0,0,2000,0,2000,18000,20000,1000,19000,0,1000,-1000,-487042
047681,滬深反中信95購01,0,0,0,0,0,0,0,0,0,-489000,0,0,0,795000,1284000,-489000,-489000
053228,康友台新97購01  ,0,0,0,0,0,0,0,0,0,-491000,0,0,0,34000,525000,-491000,-491000
04433P,上証2X國票95售01,0,0,0,0,0,0,0,0,0,-492000,0,0,0,1416000,1908000,-492000,-492000
054495,滬深2X永豐97購02,0,0,0,0,0,0,0,0,0,-493000,0,0,0,0,493000,-493000,-493000
055959,美律元大97購03  ,0,0,0,0,0,0,0,0,0,-495000,0,0,0,0,495000,-495000,-495000
05042P,GIS凱基95售03   ,0,0,0,0,0,0,0,0,0,-499000,0,0,0,25000,524000,-499000,-499000
053763,T50反1富邦98購01,0,0,0,0,0,0,0,0,0,-499000,0,0,0,0,499000,-499000,-499000
056828,國巨富邦9A購03  ,0,0,0,0,0,0,0,0,0,-500000,0,0,0,29000,529000,-500000,-500000
05234P,美食康和95售01  ,0,0,0,0,0,0,0,0,0,-500000,0,0,0,86000,586000,-500000,-500000
05702P,矽創凱基96售02  ,0,0,0,0,0,0,0,0,0,-501000,0,0,0,0,501000,-501000,-501000
049473,光罩永豐94購03  ,0,0,0,0,0,0,0,0,0,-501000,0,0,0,0,501000,-501000,-501000
2455,全新            ,124000,446000,-322000,0,0,0,0,0,0,-180000,3000,77000,-74000,12000,118000,-106000,-502000
056188,晶相光統一99購01,0,0,0,0,0,0,0,0,0,-503000,0,0,0,43000,546000,-503000,-503000
052985,美律元大96購02  ,0,0,0,0,0,0,0,0,0,-504000,0,0,0,0,504000,-504000,-504000
054574,美律元大99購01  ,0,0,0,0,0,0,0,0,0,-509000,0,0,0,15000,524000,-509000,-509000
056961,凱美永豐98購01  ,0,0,0,0,0,0,0,0,0,-512000,0,0,0,73000,585000,-512000,-512000
049785,華新科兆豐95購01,0,0,0,0,0,0,0,0,0,-513000,0,0,0,174000,687000,-513000,-513000
3029,零壹            ,40000,543000,-503000,0,0,0,0,0,0,-10000,0,10000,-10000,0,0,0,-513000
05306P,泰碩國泰97售01  ,0,0,0,0,0,0,0,0,0,-516000,0,0,0,5000,521000,-516000,-516000
04687P,全新凱基94售02  ,0,0,0,0,0,0,0,0,0,-517000,0,0,0,232000,749000,-517000,-517000
057614,華新科元富99購04,0,0,0,0,0,0,0,0,0,-519000,0,0,0,7000,526000,-519000,-519000
3231,緯創            ,4448000,5024000,-576000,0,0,0,7000,0,7000,48000,24000,3000,21000,81000,54000,27000,-521000
052104,英業達兆豐96購01,0,0,0,0,0,0,0,0,0,-525000,0,0,0,43000,568000,-525000,-525000
6278,台表科          ,790000,732000,58000,0,0,0,16000,571000,-555000,-31000,1000,0,1000,30000,62000,-32000,-528000
04966P,台表科元大94售04,0,0,0,0,0,0,0,0,0,-529000,0,0,0,10000,539000,-529000,-529000
041527,T50反1中信96購01,0,0,0,0,0,0,0,0,0,-530000,0,0,0,95000,625000,-530000,-530000
6505,台塑化          ,601000,1253000,-652000,0,0,0,8000,50000,-42000,163000,0,3000,-3000,166000,0,166000,-531000
05167P,百和元富95售03  ,0,0,0,0,0,0,0,0,0,-535000,0,0,0,0,535000,-535000,-535000
05331P,上証2X國票96售01,0,0,0,0,0,0,0,0,0,-541000,0,0,0,0,541000,-541000,-541000
052805,晶技元大97購01  ,0,0,0,0,0,0,0,0,0,-544000,0,0,0,324000,868000,-544000,-544000
055104,台達電凱基98購01,0,0,0,0,0,0,0,0,0,-546000,0,0,0,24000,570000,-546000,-546000
049125,禾伸堂元富94購01,0,0,0,0,0,0,0,0,0,-547000,0,0,0,415000,962000,-547000,-547000
056100,楠梓電永豐97購02,0,0,0,0,0,0,0,0,0,-549000,0,0,0,0,549000,-549000,-549000
053470,華邦電元大96購02,0,0,0,0,0,0,0,0,0,-550000,0,0,0,1519000,2069000,-550000,-550000
051682,元黃金凱基97購01,0,0,0,0,0,0,0,0,0,-557000,0,0,0,4000,561000,-557000,-557000
4915,致伸            ,284000,854000,-570000,0,0,0,0,0,0,9000,0,0,0,21000,12000,9000,-561000
057139,華新科兆豐98購02,0,0,0,0,0,0,0,0,0,-563000,0,0,0,0,563000,-563000,-563000
05235P,健鼎康和95售02  ,0,0,0,0,0,0,0,0,0,-564000,0,0,0,0,564000,-564000,-564000
2347,聯強            ,1195000,1756000,-561000,0,0,0,0,0,0,-14000,2000,4000,-2000,0,12000,-12000,-575000
043040,永冠元富94購01  ,0,0,0,0,0,0,0,0,0,-578000,0,0,0,390000,968000,-578000,-578000
056612,台積電永豐98購01,0,0,0,0,0,0,0,0,0,-584000,0,0,0,25000,609000,-584000,-584000
04366P,全新元富95售01  ,0,0,0,0,0,0,0,0,0,-588000,0,0,0,34000,622000,-588000,-588000
048595,儒鴻國票96購01  ,0,0,0,0,0,0,0,0,0,-588000,0,0,0,0,588000,-588000,-588000
8021,尖點            ,207000,795000,-588000,0,0,0,0,0,0,0,0,0,0,0,0,0,-588000
057429,華新科兆豐98購03,0,0,0,0,0,0,0,0,0,-596000,0,0,0,53000,649000,-596000,-596000
052286,力成凱基95購02  ,0,0,0,0,0,0,0,0,0,-597000,0,0,0,0,597000,-597000,-597000
048341,全新元大94購03  ,0,0,0,0,0,0,0,0,0,-597000,0,0,0,3000,600000,-597000,-597000
05145P,道瓊反元大98售01,0,0,0,0,0,0,0,0,0,-600000,0,0,0,0,600000,-600000,-600000
057354,聯鈞統一99購03  ,0,0,0,0,0,0,0,0,0,-603000,0,0,0,61000,664000,-603000,-603000
048271,可成富邦95購02  ,0,0,0,0,0,0,0,0,0,-603000,0,0,0,201000,804000,-603000,-603000
056593,台積電元富98購02,0,0,0,0,0,0,0,0,0,-610000,0,0,0,829000,1439000,-610000,-610000
00752,中信中國50      ,0,0,0,0,0,0,0,0,0,-610000,0,0,0,689000,1299000,-610000,-610000
057303,喬山兆豐99購01  ,0,0,0,0,0,0,0,0,0,-611000,0,0,0,60000,671000,-611000,-611000
3673,TPK-KY          ,623000,1254000,-631000,0,0,0,1000,0,1000,17000,0,1000,-1000,27000,9000,18000,-613000
8215,明基材          ,272000,999000,-727000,0,0,0,0,0,0,113000,29000,0,29000,84000,0,84000,-614000
04492P,元油2X永豐94售03,0,0,0,0,0,0,0,0,0,-616000,0,0,0,30000,646000,-616000,-616000
00656R,國泰中國A50反1  ,0,0,0,0,0,0,0,0,0,-623000,23000,0,23000,188000,834000,-646000,-623000
057578,可成中信99購01  ,0,0,0,0,0,0,0,0,0,-626000,0,0,0,25000,651000,-626000,-626000
052150,台積電富邦95購07,0,0,0,0,0,0,0,0,0,-627000,0,0,0,1011000,1638000,-627000,-627000
055891,鴻海統一9A購01  ,0,0,0,0,0,0,0,0,0,-631000,0,0,0,376000,1007000,-631000,-631000
051101,台表科元大96購02,0,0,0,0,0,0,0,0,0,-635000,0,0,0,37000,672000,-635000,-635000
2393,億光            ,138000,749000,-611000,0,0,0,0,0,0,-24000,0,7000,-7000,16000,33000,-17000,-635000
05721P,全新群益98售02  ,0,0,0,0,0,0,0,0,0,-641000,0,0,0,70000,711000,-641000,-641000
2352,佳世達          ,300000,842000,-542000,0,0,0,1000,0,1000,-107000,1000,3000,-2000,0,105000,-105000,-648000
056221,鴻海凱基99購01  ,0,0,0,0,0,0,0,0,0,-651000,0,0,0,163000,814000,-651000,-651000
044104,鴻海中信95購03  ,0,0,0,0,0,0,0,0,0,-656000,0,0,0,235000,891000,-656000,-656000
2383,台光電          ,1483000,1164000,319000,0,0,0,0,775000,-775000,-202000,15000,154000,-139000,27000,90000,-63000,-658000
2454,聯發科          ,3739653,3555279,184374,0,0,0,4000,623000,-619000,-225000,27000,62000,-35000,16000,206000,-190000,-659626
2823,中壽            ,1465000,2148000,-683000,0,0,0,8000,0,8000,14000,0,0,0,17000,3000,14000,-661000
053563,台積電富邦97購01,0,0,0,0,0,0,0,0,0,-665000,0,0,0,491000,1156000,-665000,-665000
1477,聚陽            ,79000,764100,-685100,0,0,0,0,0,0,20000,33000,1000,32000,1000,13000,-12000,-665100
051165,可成元大95購01  ,0,0,0,0,0,0,0,0,0,-677000,0,0,0,20000,697000,-677000,-677000
9938,百和            ,1071000,1715000,-644000,0,0,0,0,9000,-9000,-25000,5000,2000,3000,31000,59000,-28000,-678000
051316,T50反1國票95購02,0,0,0,0,0,0,0,0,0,-679000,0,0,0,11000,690000,-679000,-679000
051599,健鼎兆豐95購02  ,0,0,0,0,0,0,0,0,0,-680000,0,0,0,0,680000,-680000,-680000
05772P,景碩凱基96售02  ,0,0,0,0,0,0,0,0,0,-681000,0,0,0,16000,697000,-681000,-681000
052817,楠梓電永豐96購02,0,0,0,0,0,0,0,0,0,-686000,0,0,0,10000,696000,-686000,-686000
3545,敦泰            ,1328000,2014000,-686000,0,0,0,0,0,0,0,1000,1000,0,0,0,0,-686000
054534,台積電富邦98購03,0,0,0,0,0,0,0,0,0,-699000,0,0,0,50000,749000,-699000,-699000
8996,高力            ,510000,1266000,-756000,0,0,0,0,0,0,56000,59000,3000,56000,0,0,0,-700000
052036,臺股指群益95購09,0,0,0,0,0,0,0,0,0,-701000,0,0,0,0,701000,-701000,-701000
052815,滬深2X永豐97購01,0,0,0,0,0,0,0,0,0,-704000,0,0,0,4000,708000,-704000,-704000
056059,美律元大98購02  ,0,0,0,0,0,0,0,0,0,-708000,0,0,0,100000,808000,-708000,-708000
051861,鴻海凱基98購01  ,0,0,0,0,0,0,0,0,0,-721000,0,0,0,3000,724000,-721000,-721000
057107,華新科群益98購06,0,0,0,0,0,0,0,0,0,-725000,0,0,0,16000,741000,-725000,-725000
051142,臺股指永豐95購02,0,0,0,0,0,0,0,0,0,-728000,0,0,0,79000,807000,-728000,-728000
050715,台積電群益96購01,0,0,0,0,0,0,0,0,0,-740000,0,0,0,364000,1104000,-740000,-740000
055052,凱美永豐97購01  ,0,0,0,0,0,0,0,0,0,-744000,0,0,0,137000,881000,-744000,-744000
053510,聯電群益97購01  ,0,0,0,0,0,0,0,0,0,-744000,0,0,0,32000,776000,-744000,-744000
055194,昇陽半元富97購01,0,0,0,0,0,0,0,0,0,-745000,0,0,0,80000,825000,-745000,-745000
051297,台積電凱基95購07,0,0,0,0,0,0,0,0,0,-755000,0,0,0,222000,977000,-755000,-755000
057085,立積統一9B購02  ,0,0,0,0,0,0,0,0,0,-756000,0,0,0,40000,796000,-756000,-756000
00664R,國泰臺灣加權反1 ,0,0,0,0,0,0,0,0,0,-760000,0,0,0,323000,1083000,-760000,-760000
054711,禾伸堂元富97購01,0,0,0,0,0,0,0,0,0,-761000,0,0,0,154000,915000,-761000,-761000
06201P,可成元大97售01  ,0,0,0,0,0,0,0,0,0,-768000,0,0,0,61000,829000,-768000,-768000
053172,瑞儀群益97購01  ,0,0,0,0,0,0,0,0,0,-771000,0,0,0,0,771000,-771000,-771000
06113P,台積電群益97售01,0,0,0,0,0,0,0,0,0,-781000,0,0,0,313000,1094000,-781000,-781000
054206,鴻海國票99購01  ,0,0,0,0,0,0,0,0,0,-782000,0,0,0,725000,1507000,-782000,-782000
048269,瀚宇博國泰95購01,0,0,0,0,0,0,0,0,0,-785000,0,0,0,210000,995000,-785000,-785000
2888,新光金          ,9275000,10128000,-853000,0,0,0,32000,0,32000,25000,56000,2000,54000,184000,213000,-29000,-796000
9945,潤泰新          ,110720,946000,-835280,0,0,0,0,0,0,27000,1000,0,1000,26000,0,26000,-808280
055145,T50反1元大97購04,11000,0,11000,0,0,0,0,0,0,-827000,0,0,0,421000,1248000,-827000,-816000
054982,國巨元富97購03  ,0,0,0,0,0,0,0,0,0,-817000,0,0,0,187000,1004000,-817000,-817000
2633,台灣高鐵        ,1684000,2412000,-728000,0,0,0,6000,0,6000,-95000,0,10000,-10000,6000,91000,-85000,-817000
04995P,台達電凱基96售03,0,0,0,0,0,0,0,0,0,-846000,0,0,0,120000,966000,-846000,-846000
2385,群光            ,195000,1029000,-834000,0,0,0,1000,1000,0,-13000,0,14000,-14000,6000,5000,1000,-847000
00692,富邦公司治理    ,1000,0,1000,0,0,0,0,0,0,-849000,0,0,0,1433000,2282000,-849000,-848000
056270,群創統一98購04  ,0,0,0,0,0,0,0,0,0,-851000,0,0,0,109000,960000,-851000,-851000
054248,燿華元大97購02  ,0,0,0,0,0,0,0,0,0,-851000,0,0,0,20000,871000,-851000,-851000
048590,貿聯兆豐94購02  ,0,0,0,0,0,0,0,0,0,-855000,0,0,0,0,855000,-855000,-855000
05091P,台積電元大95售11,0,0,0,0,0,0,0,0,0,-860000,0,0,0,1052000,1912000,-860000,-860000
054037,T50反1元大96購09,0,0,0,0,0,0,0,0,0,-873000,0,0,0,494000,1367000,-873000,-873000
03314P,台積電元大02售16,0,0,0,0,0,0,0,0,0,-874000,0,0,0,40000,914000,-874000,-874000
054197,台積電永昌96購07,0,0,0,0,0,0,0,0,0,-888000,0,0,0,3259000,4147000,-888000,-888000
05277P,深中小統一95售02,0,0,0,0,0,0,0,0,0,-888000,0,0,0,140000,1028000,-888000,-888000
2421,建準            ,304000,1080000,-776000,0,0,0,0,0,0,-114000,0,57000,-57000,5000,62000,-57000,-890000
5871,中租-KY         ,1579000,2317688,-738688,0,0,0,4000,162000,-158000,-6000,1000,7000,-6000,0,0,0,-902688
2458,義隆            ,367000,1243000,-876000,0,0,0,0,0,0,-43000,13000,12000,1000,8000,52000,-44000,-919000
00631L,元大台灣50正2   ,30000,10000,20000,0,0,0,0,185000,-185000,-759000,0,0,0,637000,1396000,-759000,-924000
6176,瑞儀            ,461000,1360823,-899823,0,0,0,0,4000,-4000,-24000,0,20000,-20000,10000,14000,-4000,-927823
053106,鴻海兆豐98購01  ,0,0,0,0,0,0,0,0,0,-932000,0,0,0,0,932000,-932000,-932000
053464,喬山元大96購01  ,0,0,0,0,0,0,0,0,0,-934000,0,0,0,24000,958000,-934000,-934000
8150,南茂            ,331000,1134000,-803000,0,0,0,0,0,0,-132000,0,0,0,79000,211000,-132000,-935000
051113,聯電元富95購01  ,0,0,0,0,0,0,0,0,0,-941000,0,0,0,220000,1161000,-941000,-941000
052986,聯發科元大97購05,0,0,0,0,0,0,0,0,0,-942000,0,0,0,76000,1018000,-942000,-942000
047285,鴻海統一95購02  ,0,0,0,0,0,0,0,0,0,-951000,0,0,0,160000,1111000,-951000,-951000
05015P,臺股指元大95售06,0,0,0,0,0,0,0,0,0,-952000,0,0,0,507000,1459000,-952000,-952000
051027,楠梓電元富95購01,0,0,0,0,0,0,0,0,0,-956000,0,0,0,0,956000,-956000,-956000
1326,台化            ,661000,1656000,-995000,0,0,0,41000,0,41000,-9000,33000,37000,-4000,0,5000,-5000,-963000
2498,宏達電          ,559000,1921000,-1362000,0,0,0,0,0,0,398000,2000,0,2000,515000,119000,396000,-964000
2338,光罩            ,147000,616000,-469000,0,0,0,0,0,0,-534000,10000,0,10000,55000,599000,-544000,-1003000
3044,健鼎            ,436000,1486000,-1050000,0,0,0,0,3000,-3000,33000,37000,15000,22000,41000,30000,11000,-1020000
049870,南電兆豐94購01  ,0,0,0,0,0,0,0,0,0,-1026000,0,0,0,887000,1913000,-1026000,-1026000
1303,南亞            ,1875000,3008000,-1133000,0,0,0,56000,0,56000,46000,64000,18000,46000,0,0,0,-1031000
057473,T50反1元大98購08,0,0,0,0,0,0,0,0,0,-1035000,0,0,0,942000,1977000,-1035000,-1035000
056982,華新科群益98購05,0,0,0,0,0,0,0,0,0,-1038000,0,0,0,277000,1315000,-1038000,-1038000
4119,旭富            ,296000,1365000,-1069000,0,0,0,0,0,0,3000,100000,32000,68000,15000,80000,-65000,-1066000
057317,技嘉凱基98購02  ,0,0,0,0,0,0,0,0,0,-1072000,0,0,0,171000,1243000,-1072000,-1072000
055417,健策富邦98購02  ,0,0,0,0,0,0,0,0,0,-1082000,0,0,0,118000,1200000,-1082000,-1082000
053036,聯電凱基98購01  ,0,0,0,0,0,0,0,0,0,-1097000,0,0,0,102000,1199000,-1097000,-1097000
040215,上証反凱基95購01,0,0,0,0,0,0,0,0,0,-1116000,0,0,0,0,1116000,-1116000,-1116000
2504,國產            ,363000,1548000,-1185000,0,0,0,0,0,0,67000,64000,0,64000,4000,1000,3000,-1118000
00641R,富邦日本反1     ,0,0,0,0,0,0,0,0,0,-1120000,0,0,0,100000,1220000,-1120000,-1120000
9904,寶成            ,1234000,2393000,-1159000,0,0,0,27000,0,27000,-1000,0,1000,-1000,0,0,0,-1133000
056007,上銀中信97購02  ,0,0,0,0,0,0,0,0,0,-1134000,0,0,0,50000,1184000,-1134000,-1134000
054727,台積電日盛97購02,0,0,0,0,0,0,0,0,0,-1163000,0,0,0,1295000,2458000,-1163000,-1163000
2887,台新金          ,4862326,5521000,-658674,0,0,0,100000,0,100000,-608000,1000,613000,-612000,4000,0,4000,-1166674
048627,T50反1元大96購02,0,0,0,0,0,0,0,0,0,-1178000,0,0,0,0,1178000,-1178000,-1178000
2356,英業達          ,1620000,3332000,-1712000,0,0,0,389000,1000,388000,130000,2000,33000,-31000,206000,45000,161000,-1194000
03427P,聯電元大02售11  ,0,0,0,0,0,0,0,0,0,-1201000,0,0,0,100000,1301000,-1201000,-1201000
054102,百和國票97購04  ,0,0,0,0,0,0,0,0,0,-1206000,0,0,0,20000,1226000,-1206000,-1206000
049114,玉晶光統一94購02,0,0,0,0,0,0,0,0,0,-1209000,0,0,0,445000,1654000,-1209000,-1209000
054685,國巨永豐97購02  ,0,0,0,0,0,0,0,0,0,-1219000,0,0,0,993000,2212000,-1219000,-1219000
049216,華邦電國票95購01,0,0,0,0,0,0,0,0,0,-1248000,0,0,0,50000,1298000,-1248000,-1248000
00701,國泰股利精選30  ,0,0,0,0,0,0,0,0,0,-1250000,0,0,0,300000,1550000,-1250000,-1250000
1402,遠東新          ,1122000,2453130,-1331130,0,0,0,39000,0,39000,10000,0,1000,-1000,28000,17000,11000,-1282130
2449,京元電子        ,371000,1654000,-1283000,0,0,0,0,0,0,-29000,21000,2000,19000,18000,66000,-48000,-1312000
051506,台積電元富95購06,0,0,0,0,0,0,0,0,0,-1314000,0,0,0,303000,1617000,-1314000,-1314000
3006,晶豪科          ,158000,1142000,-984000,0,0,0,0,0,0,-330000,17000,28000,-11000,5000,324000,-319000,-1314000
053457,旺宏國泰98購03  ,0,0,0,0,0,0,0,0,0,-1319000,0,0,0,123000,1442000,-1319000,-1319000
053465,聯電元大96購05  ,0,0,0,0,0,0,0,0,0,-1330000,0,0,0,239000,1569000,-1330000,-1330000
05871P,全新凱基96售04  ,0,0,0,0,0,0,0,0,0,-1338000,0,0,0,17000,1355000,-1338000,-1338000
3045,台灣大          ,635000,2001000,-1366000,0,0,0,4000,0,4000,-1000,2000,3000,-1000,0,0,0,-1363000
049212,T50反1國票94購04,2000,0,2000,0,0,0,0,0,0,-1372000,0,0,0,61000,1433000,-1372000,-1370000
051971,元金2X凱基97購02,0,0,0,0,0,0,0,0,0,-1389000,0,0,0,74000,1463000,-1389000,-1389000
2412,中華電          ,1380000,2910000,-1530000,0,0,0,48000,0,48000,-9000,3000,12000,-9000,0,0,0,-1491000
052798,滬深2X元大96購07,0,0,0,0,0,0,0,0,0,-1526000,0,0,0,93000,1619000,-1526000,-1526000
00634R,富邦上証反1     ,95000,407000,-312000,0,0,0,0,0,0,-1370000,0,0,0,512000,1882000,-1370000,-1682000
053675,臺股指元富96購02,0,0,0,0,0,0,0,0,0,-1732000,0,0,0,169000,1901000,-1732000,-1732000
1301,台塑            ,1201000,3114000,-1913000,0,0,0,3000,0,3000,53000,52000,0,52000,1000,0,1000,-1857000
055081,健鼎中信97購01  ,0,0,0,0,0,0,0,0,0,-1919000,0,0,0,0,1919000,-1919000,-1919000
053564,台積電富邦99購01,0,0,0,0,0,0,0,0,0,-1956000,0,0,0,584000,2540000,-1956000,-1956000
1216,統一            ,2304134,4337000,-2032866,0,0,0,48000,1000,47000,3000,3000,1000,2000,2000,1000,1000,-1982866
2801,彰銀            ,662000,2860000,-2198000,0,0,0,63000,0,63000,-27000,0,0,0,5000,32000,-27000,-2162000
041973,台灣50中信94購01,0,0,0,0,0,0,0,0,0,-2186000,0,0,0,1711000,3897000,-2186000,-2186000
4904,遠傳            ,738195,2961000,-2222805,0,0,0,5000,0,5000,-5000,2000,3000,-1000,0,4000,-4000,-2222805
3017,奇鋐            ,1323000,1965000,-642000,0,0,0,0,1692000,-1692000,-1716,0,0,0,25000,26716,-1716,-2335716
2618,長榮航          ,1049000,3373125,-2324125,0,0,0,29000,0,29000,-62000,274000,311000,-37000,0,25000,-25000,-2357125
2376,技嘉            ,1496000,2885000,-1389000,0,0,0,27000,1497000,-1470000,336000,454000,302000,152000,265000,81000,184000,-2523000
00850,元大臺灣ESG永續 ,2000,0,2000,0,0,0,0,0,0,-2526000,20000,0,20000,469000,3015000,-2546000,-2524000
0050,元大台灣50      ,5554,2711000,-2705446,0,0,0,32000,10000,22000,34005,43000,48000,-5000,976000,936995,39005,-2649441
2382,廣達            ,560000,2857000,-2297000,0,0,0,28000,400000,-372000,15000,26000,21000,5000,16000,6000,10000,-2654000
00861,元大全球未來通訊,954000,8000,946000,0,0,0,0,0,0,-3620000,0,0,0,2022000,5642000,-3620000,-2674000
2891,中信金          ,12342000,14791000,-2449000,0,0,0,185000,0,185000,-495000,201000,601000,-400000,0,95000,-95000,-2759000
1714,和桐            ,1137000,4008000,-2871000,0,0,0,0,0,0,0,7000,7000,0,0,0,0,-2871000
2884,玉山金          ,3644000,6341313,-2697313,0,0,0,111000,74000,37000,-326000,0,279000,-279000,7000,54000,-47000,-2986313
3034,聯詠            ,2831225,5317916,-2486691,0,0,0,3000,601000,-598000,92000,191000,162000,29000,83000,20000,63000,-2992691
2892,第一金          ,3806000,7083661,-3277661,0,0,0,100000,0,100000,0,0,0,0,0,0,0,-3177661
4938,和碩            ,1761000,4878000,-3117000,0,0,0,5000,0,5000,-99000,31000,50000,-19000,56000,136000,-80000,-3211000
03647C,T50反1元富99牛02,0,0,0,0,0,0,0,0,0,-3220000,0,0,0,0,3220000,-3220000,-3220000
3037,欣興            ,5250000,7723000,-2473000,0,0,0,308000,1268000,-960000,65000,190000,102000,88000,116000,139000,-23000,-3368000
00638R,元大滬深300反1  ,20000,0,20000,0,0,0,0,0,0,-3523000,0,700000,-700000,354000,3177000,-2823000,-3503000
2002,中鋼            ,3473000,7199720,-3726720,0,0,0,122000,0,122000,0,0,0,0,0,0,0,-3604720
2881,富邦金          ,806001,4538000,-3731999,0,0,0,70000,0,70000,30000,51000,0,51000,44000,65000,-21000,-3631999
2882,國泰金          ,1968000,5731146,-3763146,0,0,0,87000,0,87000,-86000,0,0,0,37000,123000,-86000,-3762146
2834,臺企銀          ,2927000,6966000,-4039000,0,0,0,51000,0,51000,66000,0,0,0,66000,0,66000,-3922000
1101,台泥            ,2077000,6397000,-4320000,0,0,0,45000,0,45000,65000,106000,1000,105000,24000,64000,-40000,-4210000
06572P,台積電永昌99售01,0,0,0,0,0,0,0,0,0,-4210000,0,0,0,2190000,6400000,-4210000,-4210000
00708L,元大S&P黃金正2  ,0,0,0,0,0,0,0,0,0,-4310000,0,0,0,1436000,5746000,-4310000,-4310000
2301,光寶科          ,1285000,6368000,-5083000,0,0,0,4000,0,4000,42000,40000,0,40000,10000,8000,2000,-5037000
2880,華南金          ,2301100,7824000,-5522900,0,0,0,93000,0,93000,0,0,0,0,0,0,0,-5429900
2886,兆豐金          ,5581000,11295000,-5714000,0,0,0,274000,360000,-86000,263000,271000,5000,266000,10000,13000,-3000,-5537000
2330,台積電          ,10849068,15884061,-5034993,0,0,0,43000,265000,-222000,-622000,204000,514000,-310000,285000,597000,-312000,-5878993
2317,鴻海            ,8089700,14649119,-6559419,0,0,0,27000,323000,-296000,70999,49000,22000,27000,351000,307001,43999,-6784420
5880,合庫金          ,1274000,8446000,-7172000,0,0,0,94000,0,94000,1000,2000,1000,1000,0,0,0,-7077000
2883,開發金          ,2388000,10152000,-7764000,0,0,0,138000,0,138000,-5000,1000,1000,0,0,5000,-5000,-7631000
2344,華邦電          ,9840000,21656000,-11816000,0,0,0,4392000,0,4392000,-1506000,61000,243000,-182000,73000,1397000,-1324000,-8930000
2409,友達            ,24370000,34371000,-10001000,0,0,0,5000,0,5000,-288000,18000,240000,-222000,193000,259000,-66000,-10284000
2303,聯電            ,5216000,13434000,-8218000,0,0,0,29000,3249000,-3220000,851000,108000,9000,99000,981000,229000,752000,-10587000
00632R,元大台灣50反1   ,824000,10060000,-9236000,0,0,0,0,0,0,-1407508,1648000,1070000,578000,4582000,6567508,-1985508,-10643508
2337,旺宏            ,6094000,18440000,-12346000,0,0,0,1062000,218000,844000,74000,471000,159000,312000,215000,453000,-238000,-11428000
3481,群創            ,26674000,36911000,-10237000,0,0,0,0,2344000,-2344000,-4066000,729000,4435000,-3706000,704000,1064000,-360000,-16647000
00672L,元大S&P原油正2  ,2980000,1716000,1264000,0,0,0,0,0,0,-30603000,800000,0,800000,7161000,38564000,-31403000,-29339000
