證券代號,證券名稱,外陸資買進股數(不含外資自營商),外陸資賣出股數(不含外資自營商),外陸資買賣超股數(不含外資自營商),外資自營商買進股數,外資自營商賣出股數,外資自營商買賣超股數,投信買進股數,投信賣出股數,投信買賣超股數,自營商買賣超股數,自營商買進股數(自行買賣),自營商賣出股數(自行買賣),自營商買賣超股數(自行買賣),自營商買進股數(避險),自營商賣出股數(避險),自營商買賣超股數(避險),三大法人買賣超股數
2330,台積電          ,26347800,9304734,17043066,0,0,0,529000,38000,491000,196000,319000,100000,219000,235000,258000,-23000,17730066
2409,友達            ,32755000,27346167,5408833,0,0,0,9864000,0,9864000,1613000,1714000,466000,1248000,752000,387000,365000,16885833
00852L,國泰美國道瓊正2 ,3808000,640000,3168000,0,0,0,0,0,0,6882000,0,0,0,23957000,17075000,6882000,10050000
2317,鴻海            ,17781000,9458720,8322280,0,0,0,191000,0,191000,1395000,206000,189000,17000,1832000,454000,1378000,9908280
2882,國泰金          ,13974300,6018147,7956153,0,0,0,145000,0,145000,685000,431000,0,431000,277000,23000,254000,8786153
3231,緯創            ,16399131,13957070,2442061,0,0,0,4182000,0,4182000,1305000,403000,80000,323000,998000,16000,982000,7929061
2888,新光金          ,16971273,10027602,6943671,0,0,0,0,0,0,773000,3000,140000,-137000,1018000,108000,910000,7716671
3481,群創            ,30958000,25508269,5449731,0,0,0,0,0,0,333000,1236000,356000,880000,761000,1308000,-547000,5782731
1434,福懋            ,4429000,11254000,-6825000,0,0,0,13240000,0,13240000,-911000,32000,943000,-911000,0,0,0,5504000
2327,國巨            ,8732000,1802323,6929677,0,0,0,46000,1655000,-1609000,127000,448000,383000,65000,385000,323000,62000,5447677
2376,技嘉            ,7978000,2434000,5544000,0,0,0,240000,1371000,-1131000,485000,820000,128000,692000,519000,726000,-207000,4898000
2353,宏碁            ,5429738,1634000,3795738,0,0,0,0,0,0,970000,10000,4000,6000,1006000,42000,964000,4765738
2002,中鋼            ,8816000,4512000,4304000,0,0,0,189000,0,189000,-19000,6000,25000,-19000,0,0,0,4474000
00637L,元大滬深300正2  ,17160000,22128000,-4968000,0,0,0,0,0,0,9442000,0,0,0,42743000,33301000,9442000,4474000
00861,元大全球未來通訊,3032000,35000,2997000,0,0,0,0,0,0,1396000,0,0,0,1935000,539000,1396000,4393000
2891,中信金          ,14342000,10342919,3999081,0,0,0,295000,0,295000,39000,66000,5000,61000,0,22000,-22000,4333081
2449,京元電子        ,4891000,4156273,734727,0,0,0,3004000,0,3004000,356000,556000,142000,414000,43000,101000,-58000,4094727
3037,欣興            ,6845000,4765000,2080000,0,0,0,2698000,187000,2511000,-502000,898000,1469000,-571000,292000,223000,69000,4089000
064818,華新統一01購01  ,0,0,0,0,0,0,0,0,0,4059000,0,0,0,4147000,88000,4059000,4059000
054713,國巨中信9B購01  ,0,0,0,0,0,0,0,0,0,3671000,0,0,0,3671000,0,3671000,3671000
2412,中華電          ,5593000,2757690,2835310,0,0,0,86000,0,86000,348000,400000,50000,350000,0,2000,-2000,3269310
2884,玉山金          ,10358000,7292462,3065538,0,0,0,173000,0,173000,9000,0,6000,-6000,15000,0,15000,3247538
6116,彩晶            ,4482000,1367000,3115000,0,0,0,0,0,0,70000,51000,12000,39000,350000,319000,31000,3185000
00653L,富邦印度正2     ,3572000,3967000,-395000,0,0,0,0,0,0,3568000,0,0,0,10018000,6450000,3568000,3173000
3545,敦泰            ,4715000,1628000,3087000,0,0,0,0,0,0,10000,10000,0,10000,0,0,0,3097000
2347,聯強            ,6202868,1710000,4492868,0,0,0,0,1278000,-1278000,-209000,12000,221000,-209000,0,0,0,3005868
2344,華邦電          ,5877000,2581000,3296000,0,0,0,0,0,0,-317000,5000,222000,-217000,129000,229000,-100000,2979000
6257,矽格            ,3221000,758000,2463000,0,0,0,500000,0,500000,-154000,325000,473000,-148000,191000,197000,-6000,2809000
2809,京城銀          ,2639000,8608000,-5969000,0,0,0,10214000,0,10214000,-1449000,54000,1503000,-1449000,0,0,0,2796000
1101,台泥            ,7718000,4478844,3239156,0,0,0,73000,166505,-93505,-376732,151000,501000,-350000,4000,30732,-26732,2768919
063876,華新元富9C購01  ,0,0,0,0,0,0,0,0,0,2734000,0,0,0,2945000,211000,2734000,2734000
2881,富邦金          ,7294001,4883744,2410257,0,0,0,126000,0,126000,136000,0,4000,-4000,193000,53000,140000,2672257
2610,華航            ,4155000,1650000,2505000,0,0,0,0,0,0,69000,13000,2000,11000,78000,20000,58000,2574000
2308,台達電          ,6359139,5025292,1333847,0,0,0,557000,0,557000,426000,399000,14000,385000,58000,17000,41000,2316847
00752,中信中國50      ,18000,27000,-9000,0,0,0,0,0,0,2305000,0,0,0,3203000,898000,2305000,2296000
3380,明泰            ,3199000,730000,2469000,0,0,0,0,232760,-232760,55575,336000,194425,141575,90000,176000,-86000,2291815
053118,大立光中信9C購01,0,0,0,0,0,0,0,0,0,2290000,0,0,0,3015000,725000,2290000,2290000
1303,南亞            ,3970000,1880617,2089383,0,0,0,151000,4000,147000,-10000,2000,2000,0,0,10000,-10000,2226383
061188,大成鋼富邦9B購01,0,0,0,0,0,0,0,0,0,2008000,0,0,0,2269000,261000,2008000,2008000
065351,中租統一02購02  ,0,0,0,0,0,0,0,0,0,1847000,0,0,0,1847000,0,1847000,1847000
9933,中鼎            ,1030000,4960000,-3930000,0,0,0,6431000,0,6431000,-671000,2000,673000,-671000,0,0,0,1830000
2324,仁寶            ,4948000,6646800,-1698800,0,0,0,3528000,0,3528000,-18000,115000,123000,-8000,0,10000,-10000,1811200
054198,台積電永昌96購08,0,0,0,0,0,0,0,0,0,1749000,0,0,0,1749000,0,1749000,1749000
064098,正崴群益9C購01  ,0,0,0,0,0,0,0,0,0,1734000,0,0,0,1812000,78000,1734000,1734000
5880,合庫金          ,6245000,4702214,1542786,0,0,0,144000,0,144000,-7000,0,7000,-7000,0,0,0,1679786
2382,廣達            ,3744000,1856441,1887559,0,0,0,43000,279000,-236000,-60000,80000,127000,-47000,5000,18000,-13000,1591559
058380,臺股指凱基99購15,0,0,0,0,0,0,0,0,0,1589000,0,0,0,1713000,124000,1589000,1589000
3443,創意            ,1220000,516000,704000,0,0,0,266000,0,266000,592000,338000,56000,282000,334000,24000,310000,1562000
064140,台達電統一01購01,0,0,0,0,0,0,0,0,0,1558000,0,0,0,1558000,0,1558000,1558000
063401,中租群益9B購03  ,0,0,0,0,0,0,0,0,0,1557000,0,0,0,1767000,210000,1557000,1557000
00639,富邦深100       ,1292000,122000,1170000,0,0,0,0,0,0,385000,0,0,0,1792000,1407000,385000,1555000
00640L,富邦日本正2     ,1000,0,1000,0,0,0,0,0,0,1551000,0,0,0,2373000,822000,1551000,1552000
063358,華擎國泰01購01  ,0,0,0,0,0,0,0,0,0,1552000,0,0,0,1635000,83000,1552000,1552000
064054,中租統一02購01  ,0,0,0,0,0,0,0,0,0,1546000,0,0,0,1676000,130000,1546000,1546000
063448,聯發科統一9C購11,0,0,0,0,0,0,0,0,0,1540000,0,0,0,1934000,394000,1540000,1540000
4414,如興            ,1524000,34000,1490000,0,0,0,0,0,0,2000,2000,0,2000,0,0,0,1492000
058054,台積電統一9C購01,0,0,0,0,0,0,0,0,0,1470000,0,0,0,2330000,860000,1470000,1470000
063976,正崴兆豐9C購01  ,0,0,0,0,0,0,0,0,0,1437000,0,0,0,1713000,276000,1437000,1437000
0050,元大台灣50      ,4048000,3756000,292000,0,0,0,0,45000,-45000,1158000,1344000,48000,1296000,1333000,1471000,-138000,1405000
2363,矽統            ,2175000,796000,1379000,0,0,0,0,0,0,0,4000,4000,0,0,0,0,1379000
2886,兆豐金          ,7345000,6243290,1101710,0,0,0,165000,20000,145000,123000,132000,4000,128000,0,5000,-5000,1369710
00650L,FH香港正2       ,66000,69000,-3000,0,0,0,0,0,0,1352000,0,0,0,2018000,666000,1352000,1349000
056638,臺股指日盛98購01,0,0,0,0,0,0,0,0,0,1335000,0,0,0,1539000,204000,1335000,1335000
053563,台積電富邦97購01,0,0,0,0,0,0,0,0,0,1298000,0,0,0,1298000,0,1298000,1298000
064911,光寶科統一02購01,10000,0,10000,0,0,0,0,0,0,1266000,0,0,0,1630000,364000,1266000,1276000
2313,華通            ,4414000,1784000,2630000,0,0,0,0,400000,-400000,-964000,407000,1229000,-822000,80000,222000,-142000,1266000
063250,同欣電元大9B購03,0,0,0,0,0,0,0,0,0,1243000,0,0,0,1420000,177000,1243000,1243000
6278,台表科          ,2695000,2246000,449000,0,0,0,489000,100000,389000,397000,384000,85000,299000,168000,70000,98000,1235000
065336,華新統一02購01  ,0,0,0,0,0,0,0,0,0,1230000,0,0,0,1230000,0,1230000,1230000
061956,和大統一01購01  ,0,0,0,0,0,0,0,0,0,1223000,0,0,0,1278000,55000,1223000,1223000
3376,新日興          ,1706000,843744,862256,0,0,0,197000,0,197000,157000,70000,57000,13000,196000,52000,144000,1216256
1789,神隆            ,2793000,1598000,1195000,0,0,0,0,0,0,20000,1000,0,1000,21000,2000,19000,1215000
06803P,臺股指群益98售09,0,0,0,0,0,0,0,0,0,1207000,0,0,0,1227000,20000,1207000,1207000
00670L,富邦NASDAQ正2   ,1150000,308000,842000,0,0,0,0,0,0,355000,114000,0,114000,2160000,1919000,241000,1197000
3017,奇鋐            ,3194000,2423000,771000,0,0,0,0,0,0,413000,1000,2000,-1000,442000,28000,414000,1184000
064234,正崴統一01購01  ,0,0,0,0,0,0,0,0,0,1182000,0,0,0,1311000,129000,1182000,1182000
062376,中租元大9B購02  ,0,0,0,0,0,0,0,0,0,1147000,0,0,0,1220000,73000,1147000,1147000
060965,中租凱基9B購01  ,0,1000,-1000,0,0,0,0,0,0,1145000,0,0,0,1325000,180000,1145000,1144000
8926,台汽電          ,1134000,63000,1071000,0,0,0,0,0,0,62000,0,60000,-60000,163000,41000,122000,1133000
5264,鎧勝-KY         ,1811000,991000,820000,0,0,0,0,0,0,308000,260000,1000,259000,69000,20000,49000,1128000
057428,正崴兆豐98購01  ,0,0,0,0,0,0,0,0,0,1091000,0,0,0,1142000,51000,1091000,1091000
07194P,聯發科元大99售25,0,0,0,0,0,0,0,0,0,1083000,0,0,0,2502000,1419000,1083000,1083000
061960,國巨統一01購05  ,0,0,0,0,0,0,0,0,0,1077000,0,0,0,1180000,103000,1077000,1077000
062976,嘉澤元富9B購01  ,0,0,0,0,0,0,0,0,0,1073000,0,0,0,1188000,115000,1073000,1073000
063054,健鼎統一01購01  ,0,0,0,0,0,0,0,0,0,1071000,0,0,0,1435000,364000,1071000,1071000
064351,中租元大9C購01  ,0,0,0,0,0,0,0,0,0,1070000,0,0,0,1075000,5000,1070000,1070000
00643,群益深証中小    ,1290000,15000,1275000,0,0,0,0,0,0,-235000,0,0,0,372000,607000,-235000,1040000
058313,台積電富邦9B購04,0,0,0,0,0,0,0,0,0,1038000,0,0,0,1043000,5000,1038000,1038000
5469,瀚宇博          ,1452000,582000,870000,0,0,0,0,0,0,150000,0,160000,-160000,342000,32000,310000,1020000
058646,聯茂富邦9A購01  ,0,0,0,0,0,0,0,0,0,1008000,0,0,0,1046000,38000,1008000,1008000
062807,和碩統一9B購01  ,0,0,0,0,0,0,0,0,0,1007000,0,0,0,1046000,39000,1007000,1007000
064252,嘉澤元富9C購01  ,0,0,0,0,0,0,0,0,0,994000,0,0,0,1090000,96000,994000,994000
060474,中租元大9B購01  ,0,0,0,0,0,0,0,0,0,993000,0,0,0,1034000,41000,993000,993000
5876,上海商銀        ,2308000,1323262,984738,0,0,0,0,0,0,8000,4000,3000,1000,7000,0,7000,992738
00875,國泰網路資安    ,0,0,0,0,0,0,0,0,0,983000,0,0,0,1160000,177000,983000,983000
060428,瑞祺永豐9A購01  ,0,0,0,0,0,0,0,0,0,961000,0,0,0,1032000,71000,961000,961000
056775,康控元大99購01  ,0,0,0,0,0,0,0,0,0,955000,0,0,0,955000,0,955000,955000
3029,零壹            ,1247000,311000,936000,0,0,0,0,0,0,5000,6000,1000,5000,0,0,0,941000
061547,禾伸堂群益9A購01,0,0,0,0,0,0,0,0,0,930000,0,0,0,930000,0,930000,930000
063159,嘉澤國泰01購01  ,0,0,0,0,0,0,0,0,0,922000,0,0,0,952000,30000,922000,922000
064249,聯發科元富06購01,0,0,0,0,0,0,0,0,0,917000,0,0,0,1138000,221000,917000,917000
064385,台積電富邦03購02,0,0,0,0,0,0,0,0,0,906000,0,0,0,936000,30000,906000,906000
063383,億豐永豐9B購02  ,0,0,0,0,0,0,0,0,0,906000,0,0,0,906000,0,906000,906000
055256,日電貿統一99購01,0,0,0,0,0,0,0,0,0,904000,0,0,0,1054000,150000,904000,904000
056840,友達元富98購02  ,0,0,0,0,0,0,0,0,0,897000,0,0,0,897000,0,897000,897000
060284,南港元大01購01  ,0,0,0,0,0,0,0,0,0,892000,0,0,0,922000,30000,892000,892000
2356,英業達          ,3850104,6675125,-2825021,0,0,0,2922000,0,2922000,788000,889000,8000,881000,43000,136000,-93000,884979
058239,景碩元大99購03  ,0,0,0,0,0,0,0,0,0,884000,0,0,0,903000,19000,884000,884000
064492,技嘉元大9C購01  ,0,0,0,0,0,0,0,0,0,875000,0,0,0,1264000,389000,875000,875000
1216,統一            ,7696137,6917935,778202,0,0,0,74000,6000,68000,22000,10000,0,10000,15000,3000,12000,868202
064173,國產元富9C購01  ,0,0,0,0,0,0,0,0,0,859000,0,0,0,1042000,183000,859000,859000
006205,富邦上証        ,463000,136000,327000,0,0,0,0,0,0,525000,0,0,0,1680000,1155000,525000,852000
07505P,台勝科元大9A售01,0,0,0,0,0,0,0,0,0,851000,0,0,0,855000,4000,851000,851000
2887,台新金          ,10574000,10289000,285000,0,0,0,156000,0,156000,402000,56000,25000,31000,410000,39000,371000,843000
052655,群創統一97購01  ,0,0,0,0,0,0,0,0,0,841000,0,0,0,841000,0,841000,841000
058604,華邦電元大99購03,0,0,0,0,0,0,0,0,0,836000,0,0,0,836000,0,836000,836000
053056,同欣電國票97購01,0,0,0,0,0,0,0,0,0,820000,0,0,0,820000,0,820000,820000
063575,矽格元大9B購02  ,0,0,0,0,0,0,0,0,0,808000,0,0,0,962000,154000,808000,808000
3034,聯詠            ,2273000,2326046,-53046,0,0,0,901000,0,901000,-48000,108000,104000,4000,12000,64000,-52000,799954
059865,國巨凱基01購01  ,0,0,0,0,0,0,0,0,0,789000,0,0,0,859000,70000,789000,789000
061790,中租群益9B購01  ,0,0,0,0,0,0,0,0,0,785000,0,0,0,868000,83000,785000,785000
4915,致伸            ,1317000,551000,766000,0,0,0,0,0,0,16000,12000,1000,11000,6000,1000,5000,782000
061517,瑞祺永豐9A購03  ,0,0,0,0,0,0,0,0,0,778000,0,0,0,778000,0,778000,778000
064503,日電貿元大9C購01,0,0,0,0,0,0,0,0,0,778000,0,0,0,939000,161000,778000,778000
054567,拓凱群益98購01  ,0,0,0,0,0,0,0,0,0,775000,0,0,0,1128000,353000,775000,775000
3189,景碩            ,2621000,938000,1683000,0,0,0,54000,600000,-546000,-365000,139000,263000,-124000,37000,278000,-241000,772000
07546P,玉晶光凱基9A售09,0,0,0,0,0,0,0,0,0,768000,0,0,0,798000,30000,768000,768000
063760,聯詠統一9C購02  ,0,0,0,0,0,0,0,0,0,768000,0,0,0,984000,216000,768000,768000
062975,京鼎元富9B購01  ,0,30000,-30000,0,0,0,0,0,0,793000,0,0,0,1329000,536000,793000,763000
054378,楠梓電群益98購01,0,0,0,0,0,0,0,0,0,762000,0,0,0,775000,13000,762000,762000
056480,京鼎元大98購02  ,0,0,0,0,0,0,0,0,0,757000,0,0,0,1000000,243000,757000,757000
060424,中租永豐9A購01  ,0,0,0,0,0,0,0,0,0,741000,0,0,0,796000,55000,741000,741000
1409,新纖            ,1082000,340000,742000,0,0,0,0,0,0,-4000,7000,11000,-4000,0,0,0,738000
063400,華擎群益9B購03  ,0,0,0,0,0,0,0,0,0,738000,0,0,0,748000,10000,738000,738000
3041,揚智            ,4507000,3790500,716500,0,0,0,0,0,0,20000,21000,1000,20000,0,0,0,736500
3023,信邦            ,1062000,336968,725032,0,0,0,0,60000,-60000,67000,38000,39000,-1000,76000,8000,68000,732032
2390,云辰            ,731000,2000,729000,0,0,0,0,0,0,1000,2000,1000,1000,0,0,0,730000
00631L,元大台灣50正2   ,302000,112000,190000,0,0,0,0,0,0,531000,105000,489000,-384000,2137000,1222000,915000,721000
063475,同欣電元大9C購01,0,0,0,0,0,0,0,0,0,721000,0,0,0,834000,113000,721000,721000
063071,華新科富邦02購01,0,0,0,0,0,0,0,0,0,721000,0,0,0,737000,16000,721000,721000
063932,世芯統一01購01  ,0,63000,-63000,0,0,0,0,0,0,784000,0,0,0,1181000,397000,784000,721000
062577,泰鼎群益9B購01  ,0,0,0,0,0,0,0,0,0,720000,0,0,0,804000,84000,720000,720000
5215,科嘉-KY         ,356000,320000,36000,0,0,0,671000,0,671000,12000,17000,5000,12000,0,0,0,719000
061972,華新元大9B購01  ,0,0,0,0,0,0,0,0,0,714000,0,0,0,991000,277000,714000,714000
056672,元油2X元富98購10,0,0,0,0,0,0,0,0,0,700000,0,0,0,700000,0,700000,700000
055331,國巨兆豐99購01  ,0,0,0,0,0,0,0,0,0,698000,0,0,0,989000,291000,698000,698000
051849,旺宏中信98購01  ,0,0,0,0,0,0,0,0,0,689000,0,0,0,1173000,484000,689000,689000
063134,裕隆統一01購01  ,0,0,0,0,0,0,0,0,0,687000,0,0,0,810000,123000,687000,687000
057328,京鼎群益99購02  ,0,0,0,0,0,0,0,0,0,684000,0,0,0,709000,25000,684000,684000
6505,台塑化          ,2147000,1472382,674618,0,0,0,0,1000,-1000,6000,0,0,0,6000,0,6000,679618
060503,技嘉元大9A購01  ,0,0,0,0,0,0,0,0,0,677000,0,0,0,893000,216000,677000,677000
065078,台積電元大02購01,0,0,0,0,0,0,0,0,0,676000,0,0,0,712000,36000,676000,676000
058928,國巨統一9C購01  ,20000,0,20000,0,0,0,0,0,0,653000,0,0,0,1948000,1295000,653000,673000
08554P,玉晶光國票01售06,0,0,0,0,0,0,0,0,0,671000,0,0,0,1163000,492000,671000,671000
064138,亞德客統一01購02,0,0,0,0,0,0,0,0,0,665000,0,0,0,708000,43000,665000,665000
064403,正崴凱基01購01  ,0,0,0,0,0,0,0,0,0,662000,0,0,0,707000,45000,662000,662000
061306,瑞祺永豐9A購02  ,0,0,0,0,0,0,0,0,0,655000,0,0,0,675000,20000,655000,655000
2883,開發金          ,8884000,8867370,16630,0,0,0,214000,0,214000,424000,3000,7000,-4000,428000,0,428000,654630
053913,華新國票97購01  ,0,0,0,0,0,0,0,0,0,649000,0,0,0,704000,55000,649000,649000
062699,台積電元大01購02,0,0,0,0,0,0,0,0,0,644000,0,0,0,1175000,531000,644000,644000
2108,南帝            ,1627000,873000,754000,0,0,0,0,0,0,-116000,39000,155000,-116000,0,0,0,638000
2354,鴻準            ,1172000,531000,641000,0,0,0,0,1000,-1000,-5000,2000,7000,-5000,0,0,0,635000
056676,國產元富98購01  ,0,0,0,0,0,0,0,0,0,635000,0,0,0,789000,154000,635000,635000
056177,嘉澤元富97購01  ,0,0,0,0,0,0,0,0,0,632000,0,0,0,647000,15000,632000,632000
058104,國巨統一9A購04  ,0,0,0,0,0,0,0,0,0,632000,0,0,0,660000,28000,632000,632000
062761,嘉晶凱基9C購01  ,0,0,0,0,0,0,0,0,0,630000,0,0,0,824000,194000,630000,630000
057119,微星康和98購01  ,0,0,0,0,0,0,0,0,0,627000,0,0,0,658000,31000,627000,627000
063351,億豐統一9B購01  ,0,0,0,0,0,0,0,0,0,621000,0,0,0,638000,17000,621000,621000
057719,欣興元富02購01  ,0,0,0,0,0,0,0,0,0,606000,0,0,0,984000,378000,606000,606000
058293,光寶科凱基9A購01,0,0,0,0,0,0,0,0,0,605000,0,0,0,991000,386000,605000,605000
062743,微星國泰01購01  ,0,0,0,0,0,0,0,0,0,604000,0,0,0,801000,197000,604000,604000
064452,微星統一01購02  ,0,0,0,0,0,0,0,0,0,601000,0,0,0,712000,111000,601000,601000
060030,晶相光永豐99購03,0,0,0,0,0,0,0,0,0,599000,0,0,0,599000,0,599000,599000
064177,立積國泰01購01  ,0,0,0,0,0,0,0,0,0,599000,0,0,0,750000,151000,599000,599000
07902P,玉晶光國票01售01,0,0,0,0,0,0,0,0,0,594000,0,0,0,600000,6000,594000,594000
065158,和碩群益9C購01  ,0,0,0,0,0,0,0,0,0,592000,0,0,0,624000,32000,592000,592000
062062,貿聯統一01購01  ,10000,0,10000,0,0,0,0,0,0,582000,0,0,0,710000,128000,582000,592000
062644,中環國泰9C購01  ,0,0,0,0,0,0,0,0,0,589000,0,0,0,599000,10000,589000,589000
2340,光磊            ,905000,309000,596000,0,0,0,0,0,0,-8000,0,1000,-1000,0,7000,-7000,588000
00655L,國泰中國A50正2  ,107000,424000,-317000,0,0,0,0,0,0,904000,0,0,0,5600000,4696000,904000,587000
064603,和碩元富9C購01  ,0,0,0,0,0,0,0,0,0,584000,0,0,0,636000,52000,584000,584000
2478,大毅            ,962000,545500,416500,0,0,0,0,0,0,165000,20000,1000,19000,203000,57000,146000,581500
065035,世芯統一01購03  ,0,0,0,0,0,0,0,0,0,581000,0,0,0,767000,186000,581000,581000
065194,和大元富9C購01  ,0,0,0,0,0,0,0,0,0,564000,0,0,0,649000,85000,564000,564000
00647L,元大S&P500正2   ,50000,34000,16000,0,0,0,0,0,0,548000,0,0,0,2777000,2229000,548000,564000
059851,晶相光永豐99購02,0,0,0,0,0,0,0,0,0,559000,0,0,0,559000,0,559000,559000
062037,華新凱基9B購01  ,0,0,0,0,0,0,0,0,0,556000,0,0,0,826000,270000,556000,556000
054827,宏全元大9A購01  ,0,0,0,0,0,0,0,0,0,555000,0,0,0,650000,95000,555000,555000
064713,和大統一02購01  ,0,0,0,0,0,0,0,0,0,552000,0,0,0,587000,35000,552000,552000
061080,華邦電兆豐9B購01,0,0,0,0,0,0,0,0,0,548000,0,0,0,585000,37000,548000,548000
065201,世芯元富9C購02  ,0,0,0,0,0,0,0,0,0,547000,0,0,0,731000,184000,547000,547000
064070,祥碩永豐9C購01  ,0,0,0,0,0,0,0,0,0,547000,0,0,0,547000,0,547000,547000
064373,和大元富03購01  ,0,0,0,0,0,0,0,0,0,546000,0,0,0,1100000,554000,546000,546000
8028,昇陽半導體      ,518000,533000,-15000,0,0,0,0,0,0,560000,201000,35000,166000,431000,37000,394000,545000
064714,和大統一02購02  ,0,0,0,0,0,0,0,0,0,543000,0,0,0,545000,2000,543000,543000
063203,華新科統一9C購04,0,0,0,0,0,0,0,0,0,542000,0,0,0,660000,118000,542000,542000
1904,正隆            ,1243000,730000,513000,0,0,0,0,0,0,28000,82000,13000,69000,0,41000,-41000,541000
1598,岱宇            ,806000,256000,550000,0,0,0,0,0,0,-11000,20000,31000,-11000,0,0,0,539000
063271,中磊兆豐9C購01  ,0,0,0,0,0,0,0,0,0,539000,0,0,0,589000,50000,539000,539000
1474,弘裕            ,532000,0,532000,0,0,0,0,0,0,1000,1000,0,1000,0,0,0,533000
059188,京元電富邦9B購01,0,0,0,0,0,0,0,0,0,533000,0,0,0,729000,196000,533000,533000
056770,國產元大98購02  ,0,0,0,0,0,0,0,0,0,531000,0,0,0,684000,153000,531000,531000
065217,世芯國泰02購01  ,0,0,0,0,0,0,0,0,0,530000,0,0,0,585000,55000,530000,530000
064596,台表科統一01購03,0,0,0,0,0,0,0,0,0,529000,0,0,0,799000,270000,529000,529000
2357,華碩            ,2583688,3972500,-1388812,0,0,0,877000,0,877000,1035000,143000,7000,136000,900000,1000,899000,523188
063537,華擎統一9C購03  ,0,0,0,0,0,0,0,0,0,523000,0,0,0,629000,106000,523000,523000
061439,寶成凱基9A購01  ,0,0,0,0,0,0,0,0,0,521000,0,0,0,556000,35000,521000,521000
062855,嘉澤永豐9B購02  ,0,0,0,0,0,0,0,0,0,519000,0,0,0,519000,0,519000,519000
057798,貿聯兆豐99購01  ,0,0,0,0,0,0,0,0,0,517000,0,0,0,647000,130000,517000,517000
057931,正崴群益98購02  ,0,0,0,0,0,0,0,0,0,517000,0,0,0,615000,98000,517000,517000
062386,京鼎國泰9C購01  ,0,0,0,0,0,0,0,0,0,517000,0,0,0,784000,267000,517000,517000
056288,健鼎永豐97購01  ,0,0,0,0,0,0,0,0,0,514000,0,0,0,544000,30000,514000,514000
062171,中磊永豐9B購01  ,0,0,0,0,0,0,0,0,0,513000,0,0,0,513000,0,513000,513000
063658,瑞祺元富9B購01  ,0,0,0,0,0,0,0,0,0,504000,0,0,0,738000,234000,504000,504000
062534,力成統一01購01  ,0,0,0,0,0,0,0,0,0,503000,0,0,0,1189000,686000,503000,503000
06154P,超眾元大98售01  ,0,0,0,0,0,0,0,0,0,501000,0,0,0,501000,0,501000,501000
064853,亞德客麥證9C購01,0,0,0,500000,0,500000,0,0,0,500000,0,0,0,500000,0,500000,500000
053294,聯發科中信9C購01,0,0,0,0,0,0,0,0,0,500000,0,0,0,629000,129000,500000,500000
063983,麗豐兆豐9C購01  ,0,0,0,0,0,0,0,0,0,500000,0,0,0,500000,0,500000,500000
065185,和大統一02購05  ,0,0,0,0,0,0,0,0,0,499000,0,0,0,534000,35000,499000,499000
053337,聯電國票97購01  ,0,0,0,0,0,0,0,0,0,499000,0,0,0,499000,0,499000,499000
053821,群創群益98購08  ,0,0,0,0,0,0,0,0,0,499000,0,0,0,499000,0,499000,499000
05708P,奇力新國票97售04,0,0,0,0,0,0,0,0,0,499000,0,0,0,499000,0,499000,499000
057914,日月光日盛9A購01,0,0,0,0,0,0,0,0,0,499000,0,0,0,499000,0,499000,499000
064365,美食統一01購02  ,0,0,0,0,0,0,0,0,0,499000,0,0,0,547000,48000,499000,499000
063348,祥碩統一01購04  ,0,0,0,0,0,0,0,0,0,494000,0,0,0,782000,288000,494000,494000
062416,和大統一01購02  ,0,0,0,0,0,0,0,0,0,492000,0,0,0,618000,126000,492000,492000
063364,聯發科富邦01購02,0,0,0,0,0,0,0,0,0,491000,0,0,0,547000,56000,491000,491000
060472,中租元大9A購02  ,0,0,0,0,0,0,0,0,0,488000,0,0,0,518000,30000,488000,488000
064450,致茂統一01購01  ,0,0,0,0,0,0,0,0,0,488000,0,0,0,656000,168000,488000,488000
064809,冠德元大9C購01  ,0,0,0,0,0,0,0,0,0,487000,0,0,0,1213000,726000,487000,487000
00692,富邦公司治理    ,19000,19000,0,0,0,0,0,0,0,487000,0,0,0,2677000,2190000,487000,487000
062679,技嘉統一01購01  ,0,0,0,0,0,0,0,0,0,485000,0,0,0,786000,301000,485000,485000
057399,滬深反群益9C購01,0,0,0,0,0,0,0,0,0,484000,0,0,0,489000,5000,484000,484000
4133,亞諾法          ,2375000,1907000,468000,0,0,0,0,0,0,15000,18000,3000,15000,0,0,0,483000
060700,華新科國泰9C購01,0,0,0,0,0,0,0,0,0,481000,0,0,0,544000,63000,481000,481000
044864,道瓊反國票96購01,0,0,0,0,0,0,0,0,0,479000,0,0,0,479000,0,479000,479000
063449,全新統一9B購02  ,0,0,0,0,0,0,0,0,0,479000,0,0,0,657000,178000,479000,479000
2417,圓剛            ,1839000,140000,1699000,0,0,0,0,0,0,-1225000,0,1225000,-1225000,0,0,0,474000
020012,富邦行動通訊N   ,0,0,0,0,0,0,0,0,0,474000,0,0,0,483000,9000,474000,474000
061243,麗豐兆豐9A購01  ,0,0,0,0,0,0,0,0,0,473000,0,0,0,481000,8000,473000,473000
065183,和大統一01購03  ,0,0,0,0,0,0,0,0,0,472000,0,0,0,522000,50000,472000,472000
2436,偉詮電          ,716000,247000,469000,0,0,0,0,0,0,2000,3000,1000,2000,0,0,0,471000
055725,嘉聯益元大98購03,0,0,0,0,0,0,0,0,0,470000,0,0,0,545000,75000,470000,470000
058217,新唐群益99購01  ,0,0,0,0,0,0,0,0,0,470000,0,0,0,470000,0,470000,470000
056860,正崴群益98購01  ,0,0,0,0,0,0,0,0,0,466000,0,0,0,524000,58000,466000,466000
064153,中壽統一9C購01  ,0,0,0,0,0,0,0,0,0,465000,0,0,0,465000,0,465000,465000
07955P,大成鋼群益9B售02,0,0,0,0,0,0,0,0,0,463000,0,0,0,524000,61000,463000,463000
064709,瑞祺永豐9C購01  ,0,0,0,0,0,0,0,0,0,461000,0,0,0,550000,89000,461000,461000
062343,中石化群益9B購01,0,0,0,0,0,0,0,0,0,460000,0,0,0,558000,98000,460000,460000
6282,康舒            ,1078000,625000,453000,0,0,0,0,0,0,3000,4000,1000,3000,0,0,0,456000
060448,道瓊反元大9A購04,0,0,0,0,0,0,0,0,0,455000,0,0,0,455000,0,455000,455000
063265,瑞祺永豐9B購01  ,0,0,0,0,0,0,0,0,0,454000,0,0,0,454000,0,454000,454000
2634,漢翔            ,694000,400000,294000,0,0,0,0,0,0,159000,0,3000,-3000,193000,31000,162000,453000
061824,聯電麥證9B購01  ,0,0,0,553000,100000,453000,0,0,0,453000,0,0,0,553000,100000,453000,453000
00638R,元大滬深300反1  ,104000,0,104000,0,0,0,0,0,0,348000,0,0,0,489000,141000,348000,452000
3406,玉晶光          ,1120000,677020,442980,0,0,0,68000,2000,66000,-57000,93000,166000,-73000,63000,47000,16000,451980
058180,華新科國泰9A購01,0,0,0,0,0,0,0,0,0,451000,0,0,0,499000,48000,451000,451000
1326,台化            ,6162000,2489737,3672263,0,0,0,73000,3288000,-3215000,-9000,7000,5000,2000,0,11000,-11000,448263
054349,同欣電國票97購02,0,0,0,0,0,0,0,0,0,447000,0,0,0,447000,0,447000,447000
057504,技嘉麥證98購01  ,0,0,0,450000,0,450000,0,0,0,444000,0,0,0,450000,6000,444000,444000
063661,聚陽統一9C購02  ,0,0,0,0,0,0,0,0,0,443000,0,0,0,463000,20000,443000,443000
1736,喬山            ,719000,299000,420000,0,0,0,0,0,0,21000,0,0,0,79000,58000,21000,441000
064881,聯茂兆豐01購02  ,0,0,0,0,0,0,0,0,0,441000,0,0,0,530000,89000,441000,441000
064081,國產中信06購01  ,0,0,0,0,0,0,0,0,0,441000,0,0,0,509000,68000,441000,441000
4536,拓凱            ,213000,247000,-34000,0,0,0,220000,0,220000,255000,262000,7000,255000,0,0,0,441000
064649,同欣電凱基01購01,0,0,0,0,0,0,0,0,0,439000,0,0,0,577000,138000,439000,439000
08428P,GIS國票01售01   ,0,0,0,0,0,0,0,0,0,438000,0,0,0,479000,41000,438000,438000
3653,健策            ,1349000,1080000,269000,0,0,0,36000,168000,-132000,301000,101000,19000,82000,259000,40000,219000,438000
052747,京鼎元大97購01  ,0,0,0,0,0,0,0,0,0,437000,0,0,0,437000,0,437000,437000
060851,國巨國泰9C購01  ,0,0,0,0,0,0,0,0,0,437000,0,0,0,458000,21000,437000,437000
1460,宏遠            ,648000,219000,429000,0,0,0,0,0,0,2000,2000,0,2000,0,0,0,431000
043538,元石油國票97購01,0,0,0,0,0,0,0,0,0,430000,0,0,0,430000,0,430000,430000
061020,超眾國票9A購02  ,0,0,0,0,0,0,0,0,0,430000,0,0,0,745000,315000,430000,430000
06188P,大立光元富97售01,0,0,0,0,0,0,0,0,0,430000,0,0,0,488000,58000,430000,430000
058200,世芯康和99購01  ,0,0,0,0,0,0,0,0,0,429000,0,0,0,429000,0,429000,429000
060596,元黃金凱基9A購02,0,0,0,0,0,0,0,0,0,429000,0,0,0,445000,16000,429000,429000
00830,國泰費城半導體  ,367000,65000,302000,0,0,0,0,0,0,126000,8000,0,8000,271000,153000,118000,428000
3605,宏致            ,489000,216000,273000,0,0,0,0,0,0,154000,156000,2000,154000,0,0,0,427000
065198,玉晶光元富06購01,0,0,0,0,0,0,0,0,0,425000,0,0,0,512000,87000,425000,425000
07263P,台積電元大99售37,0,0,0,0,0,0,0,0,0,425000,0,0,0,465000,40000,425000,425000
054640,健策中信9B購01  ,0,0,0,0,0,0,0,0,0,422000,0,0,0,913000,491000,422000,422000
00652,富邦印度        ,505000,14000,491000,0,0,0,0,0,0,-70000,0,0,0,66000,136000,-70000,421000
059760,楠梓電永豐99購01,0,0,0,0,0,0,0,0,0,420000,0,0,0,456000,36000,420000,420000
062680,微星統一01購01  ,0,0,0,0,0,0,0,0,0,419000,0,0,0,550000,131000,419000,419000
2385,群光            ,1930221,2279000,-348779,0,0,0,983000,165000,818000,-52000,11000,64000,-53000,8000,7000,1000,417221
059992,S&P正2元富9B購04,0,0,0,0,0,0,0,0,0,416000,0,0,0,416000,0,416000,416000
064676,聚陽兆豐9C購01  ,0,0,0,0,0,0,0,0,0,416000,0,0,0,438000,22000,416000,416000
060394,欣興麥證9A購01  ,0,0,0,414000,0,414000,0,0,0,414000,0,0,0,414000,0,414000,414000
060722,矽格永豐9A購01  ,0,0,0,0,0,0,0,0,0,413000,0,0,0,512000,99000,413000,413000
058431,國巨統一9B購01  ,0,0,0,0,0,0,0,0,0,412000,0,0,0,849000,437000,412000,412000
063973,緯穎國票9C購01  ,0,0,0,0,0,0,0,0,0,412000,0,0,0,525000,113000,412000,412000
054928,帆宣凱基98購01  ,0,0,0,0,0,0,0,0,0,410000,0,0,0,410000,0,410000,410000
060188,華新科元富9A購03,0,0,0,0,0,0,0,0,0,409000,0,0,0,409000,0,409000,409000
059581,日月光元富99購02,0,0,0,0,0,0,0,0,0,409000,0,0,0,770000,361000,409000,409000
6239,力成            ,1800000,1353800,446200,0,0,0,0,250000,-250000,212000,223000,23000,200000,59000,47000,12000,408200
060195,旭富元富9A購02  ,0,0,0,0,0,0,0,0,0,407000,0,0,0,493000,86000,407000,407000
064223,日電貿國票01購01,0,0,0,0,0,0,0,0,0,407000,0,0,0,407000,0,407000,407000
065126,世芯永豐9C購02  ,0,0,0,0,0,0,0,0,0,405000,0,0,0,469000,64000,405000,405000
057403,亞光群益98購04  ,0,0,0,0,0,0,0,0,0,405000,0,0,0,405000,0,405000,405000
063623,祥碩兆豐9B購02  ,0,0,0,0,0,0,0,0,0,404000,0,0,0,425000,21000,404000,404000
061626,超眾群益9A購02  ,0,0,0,0,0,0,0,0,0,403000,0,0,0,407000,4000,403000,403000
058116,正崴中信99購02  ,0,0,0,0,0,0,0,0,0,402000,0,0,0,518000,116000,402000,402000
054347,上緯控國票96購02,0,0,0,0,0,0,0,0,0,399000,0,0,0,399000,0,399000,399000
056543,京鼎凱基98購01  ,0,0,0,0,0,0,0,0,0,399000,0,0,0,410000,11000,399000,399000
060783,亞德客富邦9B購01,0,0,0,0,0,0,0,0,0,399000,0,0,0,399000,0,399000,399000
060376,瑞祺元富9A購01  ,0,0,0,0,0,0,0,0,0,398000,0,0,0,812000,414000,398000,398000
064453,微星統一02購01  ,0,0,0,0,0,0,0,0,0,398000,0,0,0,446000,48000,398000,398000
065161,矽格群益9C購01  ,0,0,0,0,0,0,0,0,0,396000,0,0,0,518000,122000,396000,396000
00636,國泰中國A50     ,274000,6000,268000,0,0,0,0,0,0,128000,0,0,0,477000,349000,128000,396000
064193,華新群益9C購01  ,0,0,0,0,0,0,0,0,0,395000,0,0,0,688000,293000,395000,395000
064522,華擎群益01購01  ,0,0,0,0,0,0,0,0,0,394000,0,0,0,399000,5000,394000,394000
03050X,元展47          ,0,0,0,0,0,0,0,0,0,393000,0,0,0,393000,0,393000,393000
064578,TPK國泰02購01   ,0,0,0,0,0,0,0,0,0,393000,0,0,0,397000,4000,393000,393000
057225,華新凱基98購01  ,0,0,0,0,0,0,0,0,0,392000,0,0,0,422000,30000,392000,392000
053805,奇鋐凱基98購02  ,0,0,0,0,0,0,0,0,0,391000,0,0,0,436000,45000,391000,391000
063925,祥碩元富9C購01  ,0,0,0,0,0,0,0,0,0,391000,0,0,0,475000,84000,391000,391000
07301P,臺股指元大9A售34,0,0,0,0,0,0,0,0,0,390000,0,0,0,390000,0,390000,390000
055684,京鼎凱基97購01  ,0,0,0,0,0,0,0,0,0,390000,0,0,0,390000,0,390000,390000
062647,南電國泰9C購02  ,0,0,0,0,0,0,0,0,0,390000,0,0,0,665000,275000,390000,390000
063140,聯發科統一9B購08,0,0,0,0,0,0,0,0,0,389000,0,0,0,403000,14000,389000,389000
08276P,可成元富9C售02  ,0,0,0,0,0,0,0,0,0,387000,0,0,0,656000,269000,387000,387000
063306,聯茂凱基9C購01  ,0,0,0,0,0,0,0,0,0,387000,0,0,0,391000,4000,387000,387000
064531,旭富兆豐9C購01  ,0,0,0,0,0,0,0,0,0,386000,0,0,0,690000,304000,386000,386000
063439,正隆統一01購01  ,0,0,0,0,0,0,0,0,0,384000,0,0,0,492000,108000,384000,384000
063580,立積國泰9C購01  ,0,0,0,0,0,0,0,0,0,383000,0,0,0,403000,20000,383000,383000
08237P,台積電富邦03售01,0,0,0,0,0,0,0,0,0,381000,0,0,0,401000,20000,381000,381000
061747,南亞科統一01購01,0,0,0,0,0,0,0,0,0,380000,0,0,0,380000,0,380000,380000
058896,中環元大99購03  ,0,0,0,0,0,0,0,0,0,380000,0,0,0,400000,20000,380000,380000
056061,國泰金元大97購02,0,0,0,0,0,0,0,0,0,378000,0,0,0,398000,20000,378000,378000
064583,光寶科永豐9C購01,0,0,0,0,0,0,0,0,0,376000,0,0,0,461000,85000,376000,376000
062533,嘉澤統一9C購01  ,0,0,0,0,0,0,0,0,0,376000,0,0,0,387000,11000,376000,376000
064535,國產國票01購01  ,0,0,0,0,0,0,0,0,0,375000,0,0,0,448000,73000,375000,375000
07304P,臺股指元大9A售37,0,0,0,0,0,0,0,0,0,374000,0,0,0,470000,96000,374000,374000
064831,宏達電統一02購01,0,0,0,0,0,0,0,0,0,374000,0,0,0,434000,60000,374000,374000
063893,微星群益9C購01  ,0,0,0,0,0,0,0,0,0,373000,0,0,0,482000,109000,373000,373000
062698,台積電元大01購01,0,0,0,0,0,0,0,0,0,373000,0,0,0,717000,344000,373000,373000
058838,國巨中信99購03  ,0,0,0,0,0,0,0,0,0,372000,0,0,0,374000,2000,372000,372000
063883,超眾元富9C購02  ,0,0,0,0,0,0,0,0,0,372000,0,0,0,602000,230000,372000,372000
07407P,欣興凱基99售07  ,0,0,0,0,0,0,0,0,0,370000,0,0,0,420000,50000,370000,370000
062056,國巨統一9C購08  ,0,0,0,0,0,0,0,0,0,370000,0,0,0,370000,0,370000,370000
064666,華新科元大02購01,0,0,0,0,0,0,0,0,0,364000,0,0,0,369000,5000,364000,364000
064474,華新科麥證01購01,0,0,0,363000,0,363000,0,0,0,363000,0,0,0,363000,0,363000,363000
063798,台積電凱基02購03,0,0,0,0,0,0,0,0,0,363000,0,0,0,474000,111000,363000,363000
07300P,臺股指元大9A售33,0,0,0,0,0,0,0,0,0,361000,0,0,0,390000,29000,361000,361000
064053,祥碩統一02購01  ,0,0,0,0,0,0,0,0,0,361000,0,0,0,750000,389000,361000,361000
053449,超眾凱基98購01  ,0,0,0,0,0,0,0,0,0,360000,0,0,0,381000,21000,360000,360000
3026,禾伸堂          ,516000,138000,378000,0,0,0,0,0,0,-19000,0,0,0,25000,44000,-19000,359000
4164,承業醫          ,458000,123000,335000,0,0,0,0,0,0,22000,35000,13000,22000,0,0,0,357000
060414,中興電永豐9A購01,0,0,0,0,0,0,0,0,0,356000,0,0,0,356000,0,356000,356000
2801,彰銀            ,3256780,2992716,264064,0,0,0,94000,0,94000,-4000,0,4000,-4000,0,0,0,354064
056044,同欣電凱基97購03,0,0,0,0,0,0,0,0,0,353000,0,0,0,353000,0,353000,353000
058153,景碩統一9B購01  ,0,0,0,0,0,0,0,0,0,353000,0,0,0,424000,71000,353000,353000
062537,聯電國泰9C購01  ,0,0,0,0,0,0,0,0,0,351000,0,0,0,391000,40000,351000,351000
056813,聯茂統一99購01  ,0,0,0,0,0,0,0,0,0,348000,0,0,0,348000,0,348000,348000
054785,建準群益98購01  ,0,0,0,0,0,0,0,0,0,348000,0,0,0,368000,20000,348000,348000
059047,元油2X凱基9A購10,0,0,0,0,0,0,0,0,0,346000,0,0,0,346000,0,346000,346000
057745,泰鼎永豐99購01  ,0,0,0,0,0,0,0,0,0,345000,0,0,0,441000,96000,345000,345000
063143,嘉澤統一9B購02  ,0,0,0,0,0,0,0,0,0,345000,0,0,0,412000,67000,345000,345000
057041,國巨元大99購04  ,0,0,0,0,0,0,0,0,0,344000,0,0,0,584000,240000,344000,344000
058110,光寶科元富98購01,0,0,0,0,0,0,0,0,0,344000,0,0,0,344000,0,344000,344000
07711P,世芯元大9A售07  ,0,0,0,0,0,0,0,0,0,343000,0,0,0,391000,48000,343000,343000
064808,國產元大9C購02  ,0,0,0,0,0,0,0,0,0,343000,0,0,0,370000,27000,343000,343000
4551,智伸科          ,267000,254000,13000,0,0,0,164000,0,164000,165000,30000,8000,22000,166000,23000,143000,342000
1701,中化            ,1415000,1077000,338000,0,0,0,0,0,0,2000,5000,3000,2000,0,0,0,340000
054590,嘉聯益國泰98購01,0,0,0,0,0,0,0,0,0,339000,0,0,0,394000,55000,339000,339000
060303,宏達電富邦9B購01,0,0,0,0,0,0,0,0,0,339000,0,0,0,346000,7000,339000,339000
064935,寶成統一02購02  ,0,0,0,0,0,0,0,0,0,338000,0,0,0,493000,155000,338000,338000
07478P,南電康和9A售02  ,0,0,0,0,0,0,0,0,0,338000,0,0,0,595000,257000,338000,338000
08302P,長榮航國泰02售01,0,0,0,0,0,0,0,0,0,335000,0,0,0,335000,0,335000,335000
061728,華新科麥證9A購02,0,0,0,635000,300000,335000,0,0,0,335000,0,0,0,635000,300000,335000,335000
062950,貿聯富邦01購01  ,0,0,0,0,0,0,0,0,0,335000,0,0,0,1156000,821000,335000,335000
063340,英業達統一9B購01,0,0,0,0,0,0,0,0,0,334000,0,0,0,342000,8000,334000,334000
063325,SP黃豆國票9C購02,0,0,0,0,0,0,0,0,0,334000,0,0,0,344000,10000,334000,334000
08290P,高鐵統一01售01  ,0,0,0,0,0,0,0,0,0,333000,0,0,0,333000,0,333000,333000
055006,晶相光元富9A購01,0,0,0,0,0,0,0,0,0,333000,0,0,0,351000,18000,333000,333000
063025,超眾元大9B購01  ,0,0,0,0,0,0,0,0,0,333000,0,0,0,630000,297000,333000,333000
064863,台積電永豐9C購01,0,0,0,0,0,0,0,0,0,329000,0,0,0,329000,0,329000,329000
060246,晶相光元大9C購03,0,0,0,0,0,0,0,0,0,329000,0,0,0,346000,17000,329000,329000
063675,亞德客國泰01購01,0,0,0,0,0,0,0,0,0,328000,0,0,0,328000,0,328000,328000
062427,嘉澤統一01購01  ,0,0,0,0,0,0,0,0,0,327000,0,0,0,372000,45000,327000,327000
062687,華擎統一01購02  ,0,0,0,0,0,0,0,0,0,326000,0,0,0,465000,139000,326000,326000
063355,超眾元富9B購01  ,0,0,0,0,0,0,0,0,0,326000,0,0,0,441000,115000,326000,326000
060699,華新科國泰9B購03,0,0,0,0,0,0,0,0,0,325000,0,0,0,371000,46000,325000,325000
00753L,中信中國50正2   ,703000,647000,56000,0,0,0,0,0,0,268000,0,0,0,1381000,1113000,268000,324000
063866,聯發科永豐9C購01,0,0,0,0,0,0,0,0,0,324000,0,0,0,324000,0,324000,324000
064870,中租永豐9C購01  ,0,0,0,0,0,0,0,0,0,323000,0,0,0,457000,134000,323000,323000
063259,廣達富邦9C購01  ,0,0,0,0,0,0,0,0,0,323000,0,0,0,333000,10000,323000,323000
061658,聯茂富邦9A購03  ,0,0,0,0,0,0,0,0,0,322000,0,0,0,325000,3000,322000,322000
064925,和碩統一02購01  ,0,0,0,0,0,0,0,0,0,321000,0,0,0,331000,10000,321000,321000
055532,中工群益98購01  ,0,0,0,0,0,0,0,0,0,321000,0,0,0,321000,0,321000,321000
060064,華新科兆豐99購07,0,0,0,0,0,0,0,0,0,321000,0,0,0,321000,0,321000,321000
061661,京鼎永豐9A購02  ,0,0,0,0,0,0,0,0,0,321000,0,0,0,625000,304000,321000,321000
07426P,上証2X國票9B售01,0,0,0,0,0,0,0,0,0,320000,0,0,0,320000,0,320000,320000
07400P,國巨凱基99售20  ,0,0,0,0,0,0,0,0,0,320000,0,0,0,320000,0,320000,320000
042116,元油2X國票97購01,0,0,0,0,0,0,0,0,0,320000,0,0,0,320000,0,320000,320000
057945,京鼎國票99購03  ,0,30000,-30000,0,0,0,0,0,0,350000,0,0,0,502000,152000,350000,320000
062914,嘉澤元大9B購02  ,0,0,0,0,0,0,0,0,0,320000,0,0,0,436000,116000,320000,320000
063541,華擎元富9B購02  ,0,0,0,0,0,0,0,0,0,320000,0,0,0,340000,20000,320000,320000
054471,T50反1中信9C購01,0,0,0,0,0,0,0,0,0,318000,0,0,0,645000,327000,318000,318000
056584,鴻海統一9B購01  ,0,0,0,0,0,0,0,0,0,318000,0,0,0,2413000,2095000,318000,318000
6504,南六            ,771000,244000,527000,0,0,0,0,314000,-314000,105000,73000,0,73000,44000,12000,32000,318000
059841,國巨富邦9C購01  ,0,0,0,0,0,0,0,0,0,317000,0,0,0,364000,47000,317000,317000
08027P,嘉晶元大9B售03  ,0,0,0,0,0,0,0,0,0,315000,0,0,0,347000,32000,315000,315000
061418,世紀鋼群益9A購02,0,0,0,0,0,0,0,0,0,314000,0,0,0,314000,0,314000,314000
062026,華邦電群益9B購01,0,0,0,0,0,0,0,0,0,314000,0,0,0,315000,1000,314000,314000
064859,南亞科富邦01購01,0,0,0,0,0,0,0,0,0,313000,0,0,0,313000,0,313000,313000
060764,華擎元大9A購03  ,0,0,0,0,0,0,0,0,0,313000,0,0,0,349000,36000,313000,313000
055583,國巨元大97購10  ,0,0,0,0,0,0,0,0,0,312000,0,0,0,312000,0,312000,312000
064933,矽創統一01購01  ,0,0,0,0,0,0,0,0,0,306000,0,0,0,306000,0,306000,306000
08432P,台勝科凱基9C售02,10000,0,10000,0,0,0,0,0,0,296000,0,0,0,296000,0,296000,306000
07098P,台積電元大99售18,0,0,0,0,0,0,0,0,0,305000,0,0,0,350000,45000,305000,305000
063227,祥碩群益9B購06  ,0,0,0,0,0,0,0,0,0,305000,0,0,0,437000,132000,305000,305000
08093P,英業達元富9B售02,0,0,0,0,0,0,0,0,0,304000,0,0,0,354000,50000,304000,304000
065291,日電貿群益01購01,0,0,0,0,0,0,0,0,0,303000,0,0,0,303000,0,303000,303000
06844P,智邦元大98售13  ,0,0,0,0,0,0,0,0,0,302000,0,0,0,302000,0,302000,302000
057514,華新科元富99購03,0,0,0,0,0,0,0,0,0,302000,0,0,0,341000,39000,302000,302000
062058,瑞昱統一01購01  ,0,0,0,0,0,0,0,0,0,302000,0,0,0,337000,35000,302000,302000
2207,和泰車          ,563000,260000,303000,0,0,0,0,0,0,-2000,5000,7000,-2000,0,0,0,301000
08282P,南六群益9C售01  ,0,0,0,0,0,0,0,0,0,300000,0,0,0,301000,1000,300000,300000
08035P,國巨群益9C售04  ,0,0,0,0,0,0,0,0,0,300000,0,0,0,300000,0,300000,300000
057911,國巨日盛98購01  ,0,0,0,0,0,0,0,0,0,300000,0,0,0,300000,0,300000,300000
059033,元油2X群益9C購05,0,0,0,0,0,0,0,0,0,300000,0,0,0,300000,0,300000,300000
059329,台灣50國票99購09,0,0,0,0,0,0,0,0,0,300000,0,0,0,300000,0,300000,300000
059778,上証2X元大9C購03,0,0,0,0,0,0,0,0,0,300000,0,0,0,300000,0,300000,300000
063268,GIS中信9B購01   ,0,0,0,0,0,0,0,0,0,300000,0,0,0,325000,25000,300000,300000
063379,帆宣永豐9B購01  ,0,0,0,0,0,0,0,0,0,300000,0,0,0,300000,0,300000,300000
063583,GIS國泰01購01   ,0,0,0,0,0,0,0,0,0,300000,0,0,0,355000,55000,300000,300000
064335,可成元大9C購05  ,0,0,0,0,0,0,0,0,0,300000,0,0,0,300000,0,300000,300000
6288,聯嘉            ,498000,197000,301000,0,0,0,0,0,0,-1000,4000,5000,-1000,0,0,0,300000
1466,聚隆            ,0,0,0,0,0,0,0,0,0,299000,0,0,0,299000,0,299000,299000
07686P,祥碩凱基9A售02  ,0,0,0,0,0,0,0,0,0,299000,0,0,0,299000,0,299000,299000
07641P,上銀凱基9A售05  ,0,0,0,0,0,0,0,0,0,299000,0,0,0,300000,1000,299000,299000
056818,正崴永豐98購01  ,0,0,0,0,0,0,0,0,0,299000,0,0,0,299000,0,299000,299000
058591,台灣50統一9B購02,0,0,0,0,0,0,0,0,0,299000,0,0,0,299000,0,299000,299000
2912,統一超          ,1239000,940245,298755,0,0,0,0,10000,-10000,10000,12000,1000,11000,0,1000,-1000,298755
07025P,玉晶光凱基99售01,0,0,0,0,0,0,0,0,0,298000,0,0,0,780000,482000,298000,298000
060296,和碩元大9A購01  ,0,0,0,0,0,0,0,0,0,298000,0,0,0,371000,73000,298000,298000
6706,惠特            ,335000,311000,24000,0,0,0,236000,0,236000,38000,59000,21000,38000,0,0,0,298000
064284,京鼎元大9C購01  ,0,0,0,0,0,0,0,0,0,295000,0,0,0,678000,383000,295000,295000
062617,京鼎元大9B購01  ,0,0,0,0,0,0,0,0,0,294000,0,0,0,465000,171000,294000,294000
059396,T50反1元富99購04,0,0,0,0,0,0,0,0,0,293000,0,0,0,565000,272000,293000,293000
6412,群電            ,368000,75000,293000,0,0,0,0,0,0,0,6000,6000,0,0,0,0,293000
056673,中石化元富9B購01,0,0,0,0,0,0,0,0,0,290000,0,0,0,290000,0,290000,290000
060886,國巨統一01購03  ,0,0,0,0,0,0,0,0,0,290000,0,0,0,305000,15000,290000,290000
061464,瑞昱群益9A購01  ,0,0,0,0,0,0,0,0,0,289000,0,0,0,289000,0,289000,289000
063680,寶成富邦9C購01  ,0,0,0,0,0,0,0,0,0,289000,0,0,0,734000,445000,289000,289000
2316,楠梓電          ,786000,388000,398000,0,0,0,0,0,0,-110000,56000,1000,55000,3000,168000,-165000,288000
055614,華新科國票97購02,0,0,0,0,0,0,0,0,0,288000,0,0,0,288000,0,288000,288000
064626,聯茂元大9C購01  ,0,0,0,0,0,0,0,0,0,287000,0,0,0,340000,53000,287000,287000
061843,億豐凱基9C購01  ,0,0,0,0,0,0,0,0,0,286000,0,0,0,296000,10000,286000,286000
064746,貿聯國票01購02  ,0,10000,-10000,0,0,0,0,0,0,296000,0,0,0,1025000,729000,296000,286000
064128,國產元大9C購01  ,0,0,0,0,0,0,0,0,0,285000,0,0,0,473000,188000,285000,285000
061996,矽格元大9B購01  ,0,0,0,0,0,0,0,0,0,284000,0,0,0,545000,261000,284000,284000
06424P,大成鋼永豐97售01,0,0,0,0,0,0,0,0,0,284000,0,0,0,300000,16000,284000,284000
058883,旭富永豐99購01  ,0,0,0,0,0,0,0,0,0,283000,0,0,0,293000,10000,283000,283000
061435,元金2X凱基9C購03,0,0,0,0,0,0,0,0,0,282000,0,0,0,292000,10000,282000,282000
062351,瑞祺群益9C購01  ,0,0,0,0,0,0,0,0,0,281000,0,0,0,573000,292000,281000,281000
054803,味全元大9A購01  ,0,0,0,0,0,0,0,0,0,280000,0,0,0,344000,64000,280000,280000
060660,國巨凱基9B購04  ,0,0,0,0,0,0,0,0,0,280000,0,0,0,307000,27000,280000,280000
064904,茂林群益9C購02  ,0,0,0,0,0,0,0,0,0,279000,0,0,0,344000,65000,279000,279000
065031,世芯兆豐9C購01  ,0,0,0,0,0,0,0,0,0,278000,0,0,0,278000,0,278000,278000
059932,世紀鋼富邦9A購02,0,0,0,0,0,0,0,0,0,278000,0,0,0,288000,10000,278000,278000
00737,國泰AI+Robo     ,692000,0,692000,0,0,0,0,0,0,-415000,0,0,0,139000,554000,-415000,277000
062487,中興電永豐9B購01,0,0,0,0,0,0,0,0,0,276000,0,0,0,276000,0,276000,276000
6230,超眾            ,214000,351000,-137000,0,0,0,254000,0,254000,159000,204000,10000,194000,18000,53000,-35000,276000
059814,SP黃豆凱基9A購02,0,0,0,0,0,0,0,0,0,275000,0,0,0,410000,135000,275000,275000
06177P,玉晶光元大98售07,0,0,0,0,0,0,0,0,0,273000,0,0,0,344000,71000,273000,273000
062618,祥碩元大9B購04  ,0,0,0,0,0,0,0,0,0,272000,0,0,0,300000,28000,272000,272000
062653,正隆永豐9B購01  ,0,0,0,0,0,0,0,0,0,272000,0,0,0,278000,6000,272000,272000
064015,立積國票01購01  ,0,0,0,0,0,0,0,0,0,272000,0,0,0,385000,113000,272000,272000
057105,致茂群益9A購01  ,0,0,0,0,0,0,0,0,0,271000,0,0,0,342000,71000,271000,271000
061349,嘉澤元大9A購02  ,0,0,0,0,0,0,0,0,0,271000,0,0,0,350000,79000,271000,271000
058525,台虹元大99購02  ,0,0,0,0,0,0,0,0,0,269000,0,0,0,399000,130000,269000,269000
054088,華新群益98購02  ,0,0,0,0,0,0,0,0,0,268000,0,0,0,303000,35000,268000,268000
063514,南電麥證9C購01  ,0,0,0,279000,9000,270000,0,0,0,268000,0,0,0,279000,11000,268000,268000
1515,力山            ,604000,223000,381000,0,0,0,0,130000,-130000,15000,33000,10000,23000,0,8000,-8000,266000
062915,嘉澤元大9B購03  ,0,0,0,0,0,0,0,0,0,266000,0,0,0,620000,354000,266000,266000
064909,華擎麥證9C購01  ,0,0,0,300000,36000,264000,0,0,0,264000,0,0,0,300000,36000,264000,264000
058210,臺股指凱基9C購04,0,0,0,0,0,0,0,0,0,264000,0,0,0,643000,379000,264000,264000
064570,TPK群益9C購03   ,0,0,0,0,0,0,0,0,0,264000,0,0,0,318000,54000,264000,264000
064972,台積電元大9C購11,0,0,0,0,0,0,0,0,0,262000,0,0,0,430000,168000,262000,262000
061753,南亞科台新9B購01,0,0,0,0,0,0,0,0,0,262000,0,0,0,262000,0,262000,262000
4935,茂林-KY         ,366000,439000,-73000,0,0,0,190000,0,190000,145000,81000,3000,78000,89000,22000,67000,262000
054828,正崴國泰99購01  ,0,0,0,0,0,0,0,0,0,261000,0,0,0,275000,14000,261000,261000
063402,GIS群益9B購02   ,0,0,0,0,0,0,0,0,0,261000,0,0,0,275000,14000,261000,261000
060123,光罩永豐99購02  ,0,0,0,0,0,0,0,0,0,260000,0,0,0,260000,0,260000,260000
064463,聯茂統一01購02  ,0,0,0,0,0,0,0,0,0,260000,0,0,0,260000,0,260000,260000
065376,京鼎元大9C購02  ,0,0,0,0,0,0,0,0,0,259000,0,0,0,671000,412000,259000,259000
055254,聯詠統一97購03  ,0,0,0,0,0,0,0,0,0,259000,0,0,0,259000,0,259000,259000
060715,日電貿永豐9A購01,0,0,0,0,0,0,0,0,0,259000,0,0,0,392000,133000,259000,259000
063138,聯發科統一01購05,0,0,0,0,0,0,0,0,0,259000,0,0,0,308000,49000,259000,259000
1707,葡萄王          ,174000,106000,68000,0,0,0,0,0,0,190000,70000,0,70000,120000,0,120000,258000
2897,王道銀行        ,359000,101000,258000,0,0,0,0,0,0,0,0,0,0,0,0,0,258000
07948P,大成鋼凱基9B售01,0,0,0,0,0,0,0,0,0,258000,0,0,0,325000,67000,258000,258000
056464,臺股指凱基99購06,0,0,0,0,0,0,0,0,0,258000,0,0,0,328000,70000,258000,258000
059903,S&P正2元大99購02,0,0,0,0,0,0,0,0,0,258000,0,0,0,258000,0,258000,258000
064316,貿聯群益9C購02  ,0,0,0,0,0,0,0,0,0,258000,0,0,0,569000,311000,258000,258000
060355,元金2X元富9C購01,0,0,0,0,0,0,0,0,0,257000,0,0,0,271000,14000,257000,257000
060599,國巨凱基9C購01  ,0,0,0,0,0,0,0,0,0,257000,0,0,0,277000,20000,257000,257000
058379,臺股指凱基99購14,0,0,0,0,0,0,0,0,0,256000,0,0,0,316000,60000,256000,256000
062032,崇越群益9B購01  ,0,0,0,0,0,0,0,0,0,256000,0,0,0,289000,33000,256000,256000
062854,日電貿永豐9B購01,0,0,0,0,0,0,0,0,0,256000,0,0,0,643000,387000,256000,256000
062666,和碩群益9B購01  ,0,0,0,0,0,0,0,0,0,256000,0,0,0,445000,189000,256000,256000
060716,新唐永豐9A購01  ,0,0,0,0,0,0,0,0,0,255000,0,0,0,255000,0,255000,255000
060431,復盛永豐9A購01  ,0,0,0,0,0,0,0,0,0,254000,0,0,0,322000,68000,254000,254000
061102,台積電元大9A購22,0,0,0,0,0,0,0,0,0,254000,0,0,0,280000,26000,254000,254000
8215,明基材          ,557000,303000,254000,0,0,0,0,0,0,0,0,0,0,0,0,0,254000
1476,儒鴻            ,805924,491000,314924,0,0,0,6000,0,6000,-67000,9000,94000,-85000,19000,1000,18000,253924
060470,台勝科元大9A購03,0,0,0,0,0,0,0,0,0,253000,0,0,0,275000,22000,253000,253000
056307,貿聯元大97購05  ,0,0,0,0,0,0,0,0,0,253000,0,0,0,268000,15000,253000,253000
03650C,T50反1元大98牛05,0,0,0,0,0,0,0,0,0,252000,0,0,0,262000,10000,252000,252000
058702,國巨元大99購16  ,0,0,0,0,0,0,0,0,0,252000,0,0,0,330000,78000,252000,252000
063141,聯發科統一9C購10,0,0,0,0,0,0,0,0,0,252000,0,0,0,257000,5000,252000,252000
06937P,GIS元大98售03   ,0,0,0,0,0,0,0,0,0,251000,0,0,0,272000,21000,251000,251000
056619,強茂永豐98購01  ,0,0,0,0,0,0,0,0,0,251000,0,0,0,272000,21000,251000,251000
08431P,景碩凱基9C售02  ,0,47000,-47000,0,0,0,0,0,0,297000,0,0,0,317000,20000,297000,250000
063061,華新科元富9B購04,0,0,0,0,0,0,0,0,0,250000,0,0,0,250000,0,250000,250000
062797,瑞昱統一9B購01  ,0,0,0,0,0,0,0,0,0,250000,0,0,0,692000,442000,250000,250000
061473,台積電元大9A購33,0,0,0,0,0,0,0,0,0,249000,0,0,0,249000,0,249000,249000
058129,國巨元大99購10  ,0,0,0,0,0,0,0,0,0,249000,0,0,0,306000,57000,249000,249000
063207,聯茂統一01購01  ,0,0,0,0,0,0,0,0,0,249000,0,0,0,278000,29000,249000,249000
059395,T50反1元富99購03,0,0,0,0,0,0,0,0,0,248000,0,0,0,248000,0,248000,248000
063069,道瓊銀富邦05購01,0,0,0,0,0,0,0,0,0,248000,0,0,0,250000,2000,248000,248000
064096,台積電群益9C購07,0,0,0,0,0,0,0,0,0,248000,0,0,0,261000,13000,248000,248000
063589,美食永豐9B購02  ,0,0,0,0,0,0,0,0,0,247000,0,0,0,249000,2000,247000,247000
065313,聯茂國票01購01  ,0,0,0,0,0,0,0,0,0,246000,0,0,0,281000,35000,246000,246000
06701P,臺股指統一99售06,0,0,0,0,0,0,0,0,0,245000,0,0,0,396000,151000,245000,245000
052328,台表科中信99購01,0,0,0,0,0,0,0,0,0,245000,0,0,0,574000,329000,245000,245000
064431,台積電凱基01購05,0,0,0,0,0,0,0,0,0,245000,0,0,0,280000,35000,245000,245000
060654,大毅群益9B購01  ,0,0,0,0,0,0,0,0,0,243000,0,0,0,365000,122000,243000,243000
062693,中石化元大02購01,0,0,0,0,0,0,0,0,0,243000,0,0,0,244000,1000,243000,243000
056054,亞德客元大97購05,0,0,0,0,0,0,0,0,0,242000,0,0,0,242000,0,242000,242000
057683,技嘉日盛98購01  ,0,0,0,0,0,0,0,0,0,242000,0,0,0,542000,300000,242000,242000
061127,美食永豐9A購01  ,0,0,0,0,0,0,0,0,0,242000,0,0,0,242000,0,242000,242000
061639,晶豪科元大9A購02,0,0,0,0,0,0,0,0,0,241000,0,0,0,245000,4000,241000,241000
06780P,義隆元大98售02  ,0,0,0,0,0,0,0,0,0,240000,0,0,0,310000,70000,240000,240000
061357,寶成元大9A購01  ,0,0,0,0,0,0,0,0,0,240000,0,0,0,269000,29000,240000,240000
07986P,大成鋼統一9B售02,0,0,0,0,0,0,0,0,0,239000,0,0,0,338000,99000,239000,239000
2609,陽明            ,432000,193000,239000,0,0,0,0,0,0,0,0,0,0,0,0,0,239000
9919,康那香          ,2175000,1926000,249000,0,0,0,0,0,0,-10000,28000,38000,-10000,0,0,0,239000
060791,聯茂富邦9A購02  ,0,0,0,0,0,0,0,0,0,238000,0,0,0,238000,0,238000,238000
064613,聯電元大9C購05  ,0,0,0,0,0,0,0,0,0,237000,0,0,0,268000,31000,237000,237000
9921,巨大            ,604000,365440,238560,0,0,0,0,1000,-1000,-1000,3000,3000,0,0,1000,-1000,236560
060661,台積電凱基9A購18,0,0,0,0,0,0,0,0,0,236000,0,0,0,290000,54000,236000,236000
062337,台表科統一01購01,0,0,0,0,0,0,0,0,0,236000,0,0,0,236000,0,236000,236000
057448,致茂元富98購01  ,0,0,0,0,0,0,0,0,0,235000,0,0,0,235000,0,235000,235000
063788,矽創統一02購01  ,0,0,0,0,0,0,0,0,0,235000,0,0,0,345000,110000,235000,235000
01003T,兆豐新光R1      ,282720,48000,234720,0,0,0,0,0,0,0,0,0,0,0,0,0,234720
064738,裕隆國票01購01  ,0,0,0,0,0,0,0,0,0,234000,0,0,0,274000,40000,234000,234000
064898,國產群益9C購01  ,0,0,0,0,0,0,0,0,0,233000,0,0,0,507000,274000,233000,233000
057393,台積電中信02購01,0,0,0,0,0,0,0,0,0,233000,0,0,0,977000,744000,233000,233000
058189,嘉澤永豐99購01  ,0,0,0,0,0,0,0,0,0,233000,0,0,0,265000,32000,233000,233000
061986,晶豪科元大9B購01,0,0,0,0,0,0,0,0,0,233000,0,0,0,237000,4000,233000,233000
062572,元金反群益9C購01,0,0,0,0,0,0,0,0,0,233000,0,0,0,235000,2000,233000,233000
06295P,國巨元大97售14  ,0,0,0,0,0,0,0,0,0,233000,0,0,0,233000,0,233000,233000
060455,葡萄王元大9A購02,0,0,0,0,0,0,0,0,0,232000,0,0,0,572000,340000,232000,232000
055421,玉晶光永豐98購04,0,0,0,0,0,0,0,0,0,232000,0,0,0,589000,357000,232000,232000
061675,華新科元大9A購23,0,0,0,0,0,0,0,0,0,232000,0,0,0,232000,0,232000,232000
062856,世芯永豐9B購02  ,0,0,0,0,0,0,0,0,0,232000,0,0,0,266000,34000,232000,232000
058552,欣興永豐99購01  ,0,0,0,0,0,0,0,0,0,231000,0,0,0,253000,22000,231000,231000
2820,華票            ,332000,141000,191000,0,0,0,0,0,0,39000,39000,0,39000,0,0,0,230000
08131P,立積元大9B售02  ,0,0,0,0,0,0,0,0,0,230000,0,0,0,230000,0,230000,230000
059646,聯茂凱基99購06  ,0,0,0,0,0,0,0,0,0,230000,0,0,0,235000,5000,230000,230000
061481,嘉澤元大9A購03  ,0,0,0,0,0,0,0,0,0,229000,0,0,0,349000,120000,229000,229000
061034,晶豪科永豐9A購01,0,0,0,0,0,0,0,0,0,229000,0,0,0,229000,0,229000,229000
062460,京鼎群益9C購01  ,0,0,0,0,0,0,0,0,0,229000,0,0,0,446000,217000,229000,229000
064046,聯發科統一9C購12,0,0,0,0,0,0,0,0,0,228000,0,0,0,238000,10000,228000,228000
065096,世芯元大9C購03  ,0,0,0,0,0,0,0,0,0,227000,0,0,0,291000,64000,227000,227000
062669,微星中信03購01  ,0,0,0,0,0,0,0,0,0,227000,0,0,0,323000,96000,227000,227000
060404,台勝科國泰9B購01,0,0,0,0,0,0,0,0,0,226000,0,0,0,924000,698000,226000,226000
06338P,亞德客統一97售02,0,0,0,0,0,0,0,0,0,226000,0,0,0,229000,3000,226000,226000
06611P,祥碩國票98售01  ,0,0,0,0,0,0,0,0,0,225000,0,0,0,225000,0,225000,225000
061939,中租國票9B購01  ,0,0,0,0,0,0,0,0,0,225000,0,0,0,279000,54000,225000,225000
058923,華新科元富99購06,0,0,0,0,0,0,0,0,0,225000,0,0,0,253000,28000,225000,225000
060485,華新科富邦9C購04,0,0,0,0,0,0,0,0,0,223000,0,0,0,225000,2000,223000,223000
061356,南電元大9A購06  ,0,0,0,0,0,0,0,0,0,223000,0,0,0,239000,16000,223000,223000
062087,瑞祺元大9B購02  ,0,0,0,0,0,0,0,0,0,223000,0,0,0,571000,348000,223000,223000
060467,神基元大9A購01  ,0,0,0,0,0,0,0,0,0,222000,0,0,0,485000,263000,222000,222000
061244,和碩兆豐9A購01  ,0,0,0,0,0,0,0,0,0,222000,0,0,0,229000,7000,222000,222000
060625,華擎元大9A購01  ,0,0,0,0,0,0,0,0,0,222000,0,0,0,306000,84000,222000,222000
064441,嘉澤凱基9C購02  ,0,0,0,0,0,0,0,0,0,222000,0,0,0,252000,30000,222000,222000
065127,世芯永豐9C購03  ,0,0,0,0,0,0,0,0,0,221000,0,0,0,283000,62000,221000,221000
064189,TPK永豐9C購01   ,0,0,0,0,0,0,0,0,0,221000,0,0,0,225000,4000,221000,221000
00739,元大MSCI A股    ,64000,41000,23000,0,0,0,0,0,0,196000,0,0,0,880000,684000,196000,219000
06901P,亞德客凱基98售02,0,0,0,0,0,0,0,0,0,218000,0,0,0,234000,16000,218000,218000
060297,和碩元大9A購02  ,0,0,0,0,0,0,0,0,0,217000,0,0,0,295000,78000,217000,217000
063710,光寶科凱基9C購01,0,0,0,0,0,0,0,0,0,217000,0,0,0,329000,112000,217000,217000
063014,技嘉元大9B購03  ,0,0,0,0,0,0,0,0,0,217000,0,0,0,522000,305000,217000,217000
3705,永信            ,348000,129000,219000,0,0,0,0,0,0,-2000,0,2000,-2000,0,0,0,217000
061124,微星永豐9A購02  ,0,0,0,0,0,0,0,0,0,216000,0,0,0,386000,170000,216000,216000
07919P,創意永豐9B售01  ,0,0,0,0,0,0,0,0,0,215000,0,0,0,216000,1000,215000,215000
057381,微星國泰9A購01  ,0,0,0,0,0,0,0,0,0,215000,0,0,0,215000,0,215000,215000
057330,台積電國票99購03,0,0,0,0,0,0,0,0,0,215000,0,0,0,250000,35000,215000,215000
08393P,鴻海群益9C售05  ,0,0,0,0,0,0,0,0,0,214000,0,0,0,214000,0,214000,214000
062134,國巨群益9B購04  ,0,0,0,0,0,0,0,0,0,213000,0,0,0,231000,18000,213000,213000
058963,華新科兆豐99購05,0,0,0,0,0,0,0,0,0,213000,0,0,0,213000,0,213000,213000
063136,智邦統一9B購02  ,0,0,0,0,0,0,0,0,0,213000,0,0,0,248000,35000,213000,213000
062423,聯發科統一9C購07,0,0,0,0,0,0,0,0,0,213000,0,0,0,372000,159000,213000,213000
6214,精誠            ,494000,290000,204000,0,0,0,0,0,0,9000,16000,7000,9000,0,0,0,213000
063085,嘉澤凱基9C購01  ,0,0,0,0,0,0,0,0,0,212000,0,0,0,212000,0,212000,212000
057461,國巨永豐98購07  ,0,0,0,0,0,0,0,0,0,211000,0,0,0,211000,0,211000,211000
062050,亞德客統一9C購01,0,0,0,0,0,0,0,0,0,211000,0,0,0,221000,10000,211000,211000
064147,瑞昱統一01購04  ,0,0,0,0,0,0,0,0,0,211000,0,0,0,375000,164000,211000,211000
065067,億豐群益01購01  ,0,0,0,0,0,0,0,0,0,210000,0,0,0,210000,0,210000,210000
064804,英業達元大9C購01,0,0,0,0,0,0,0,0,0,210000,0,0,0,327000,117000,210000,210000
051082,上証2X元大98購01,0,0,0,0,0,0,0,0,0,210000,0,0,0,210000,0,210000,210000
06038P,國泰金台新96售01,0,0,0,0,0,0,0,0,0,210000,0,0,0,210000,0,210000,210000
062786,立積元大9C購03  ,0,0,0,0,0,0,0,0,0,210000,0,0,0,276000,66000,210000,210000
9914,美利達          ,286000,79000,207000,0,0,0,0,0,0,3000,5000,2000,3000,0,0,0,210000
064993,嘉澤兆豐9C購01  ,0,0,0,0,0,0,0,0,0,209000,0,0,0,254000,45000,209000,209000
057125,國巨凱基98購12  ,0,0,0,0,0,0,0,0,0,208000,0,0,0,208000,0,208000,208000
065268,嘉澤元大9C購02  ,0,0,0,0,0,0,0,0,0,207000,0,0,0,271000,64000,207000,207000
057937,神達群益98購02  ,0,0,0,0,0,0,0,0,0,207000,0,0,0,305000,98000,207000,207000
059116,晶豪科永豐99購01,0,0,0,0,0,0,0,0,0,207000,0,0,0,263000,56000,207000,207000
060793,微星永豐9A購01  ,0,0,0,0,0,0,0,0,0,207000,0,0,0,207000,0,207000,207000
08270P,鴻海富邦9C售02  ,0,0,0,0,0,0,0,0,0,205000,0,0,0,206000,1000,205000,205000
057190,立積元大9A購02  ,0,0,0,0,0,0,0,0,0,205000,0,0,0,318000,113000,205000,205000
056441,燿華凱基98購01  ,0,0,0,0,0,0,0,0,0,205000,0,0,0,250000,45000,205000,205000
055814,晶豪科國票97購02,0,0,0,0,0,0,0,0,0,205000,0,0,0,205000,0,205000,205000
060991,京鼎元大9A購01  ,0,0,0,0,0,0,0,0,0,205000,0,0,0,219000,14000,205000,205000
059065,南電凱基9A購01  ,0,0,0,0,0,0,0,0,0,205000,0,0,0,206000,1000,205000,205000
062532,聯詠統一9C購01  ,0,0,0,0,0,0,0,0,0,205000,0,0,0,205000,0,205000,205000
063145,台表科統一02購01,0,0,0,0,0,0,0,0,0,205000,0,0,0,497000,292000,205000,205000
063287,嘉澤元大9B購05  ,0,0,0,0,0,0,0,0,0,205000,0,0,0,319000,114000,205000,205000
064774,聚陽群益9C購04  ,0,0,0,0,0,0,0,0,0,205000,0,0,0,205000,0,205000,205000
059093,旭富元大99購01  ,0,0,0,0,0,0,0,0,0,204000,0,0,0,367000,163000,204000,204000
064434,微星凱基02購01  ,0,0,0,0,0,0,0,0,0,204000,0,0,0,204000,0,204000,204000
064874,和大兆豐9C購01  ,0,0,0,0,0,0,0,0,0,202000,0,0,0,202000,0,202000,202000
061021,聯電國泰9B購01  ,0,0,0,0,0,0,0,0,0,202000,0,0,0,548000,346000,202000,202000
058250,台虹元大99購01  ,0,0,0,0,0,0,0,0,0,202000,0,0,0,222000,20000,202000,202000
062421,台積電統一9C購09,0,15000,-15000,0,0,0,0,0,0,217000,0,0,0,314000,97000,217000,202000
060252,緯穎元大9A購02  ,0,0,0,0,0,0,0,0,0,201000,0,0,0,223000,22000,201000,201000
061903,宏全永豐9B購01  ,0,0,0,0,0,0,0,0,0,201000,0,0,0,208000,7000,201000,201000
063252,緯穎元大9B購07  ,0,0,0,0,0,0,0,0,0,201000,0,0,0,255000,54000,201000,201000
065164,和大元大01購01  ,0,0,0,0,0,0,0,0,0,200000,0,0,0,200000,0,200000,200000
06899P,嘉澤群益98售01  ,0,0,0,0,0,0,0,0,0,200000,0,0,0,400000,200000,200000,200000
07463P,台積電國票9A售05,0,0,0,0,0,0,0,0,0,200000,0,0,0,200000,0,200000,200000
07912P,玉晶光統一9B售02,0,0,0,0,0,0,0,0,0,200000,0,0,0,200000,0,200000,200000
08407P,臺股指元大9C售13,0,0,0,0,0,0,0,0,0,200000,0,0,0,200000,0,200000,200000
060051,台積電凱基9B購01,0,0,0,0,0,0,0,0,0,200000,0,0,0,200000,0,200000,200000
056180,南茂元富97購01  ,0,0,0,0,0,0,0,0,0,200000,0,0,0,200000,0,200000,200000
056991,牧德兆豐98購01  ,0,0,0,0,0,0,0,0,0,200000,0,0,0,200000,0,200000,200000
056999,元油2X國票98購02,0,0,0,0,0,0,0,0,0,200000,0,0,0,200000,0,200000,200000
057684,聯茂日盛99購01  ,0,0,0,0,0,0,0,0,0,200000,0,0,0,200000,0,200000,200000
054409,亞光國票97購02  ,0,0,0,0,0,0,0,0,0,200000,0,0,0,200000,0,200000,200000
051979,群創凱基97購01  ,0,0,0,0,0,0,0,0,0,200000,0,0,0,200000,0,200000,200000
057989,旺宏統一99購04  ,0,0,0,0,0,0,0,0,0,200000,0,0,0,200000,0,200000,200000
058196,台塑中信99購01  ,0,0,0,0,0,0,0,0,0,200000,0,0,0,200000,0,200000,200000
058177,華新科凱基99購02,0,0,0,0,0,0,0,0,0,200000,0,0,0,204000,4000,200000,200000
058616,台虹元大9A購01  ,0,0,0,0,0,0,0,0,0,200000,0,0,0,300000,100000,200000,200000
061079,台積電兆豐9A購02,0,0,0,0,0,0,0,0,0,200000,0,0,0,200000,0,200000,200000
061226,台積電中信9A購05,0,0,0,0,0,0,0,0,0,200000,0,0,0,200000,0,200000,200000
06477P,緯穎國票99售02  ,0,0,0,0,0,0,0,0,0,200000,0,0,0,220000,20000,200000,200000
064627,矽格元大9C購01  ,0,0,0,0,0,0,0,0,0,200000,0,0,0,510000,310000,200000,200000
063731,台積電元大9B購10,0,0,0,0,0,0,0,0,0,200000,0,0,0,546000,346000,200000,200000
061032,金像電永豐9A購03,0,0,0,0,0,0,0,0,0,199000,0,0,0,265000,66000,199000,199000
058181,華新科國泰9B購01,0,0,0,0,0,0,0,0,0,198000,0,0,0,208000,10000,198000,198000
08351P,南六國票01售02  ,0,0,0,0,0,0,0,0,0,197000,0,0,0,197000,0,197000,197000
064876,旺宏兆豐9C購01  ,0,0,0,0,0,0,0,0,0,197000,0,0,0,200000,3000,197000,197000
060028,國揚永豐99購01  ,0,0,0,0,0,0,0,0,0,197000,0,0,0,292000,95000,197000,197000
060738,矽格統一9C購01  ,0,0,0,0,0,0,0,0,0,197000,0,0,0,253000,56000,197000,197000
063592,瑞祺永豐9B購02  ,0,0,0,0,0,0,0,0,0,197000,0,0,0,335000,138000,197000,197000
063341,燿華統一9C購01  ,0,0,0,0,0,0,0,0,0,197000,0,0,0,197000,0,197000,197000
057721,華擎元富98購02  ,0,0,0,0,0,0,0,0,0,196000,0,0,0,236000,40000,196000,196000
058213,欣興群益99購01  ,0,0,0,0,0,0,0,0,0,196000,0,0,0,351000,155000,196000,196000
063732,建準元大9B購02  ,0,0,0,0,0,0,0,0,0,196000,0,0,0,306000,110000,196000,196000
056954,聯詠富邦9A購01  ,0,0,0,0,0,0,0,0,0,195000,0,0,0,195000,0,195000,195000
052660,京元電國票97購01,0,0,0,0,0,0,0,0,0,195000,0,0,0,195000,0,195000,195000
057548,微星凱基99購01  ,0,0,0,0,0,0,0,0,0,195000,0,0,0,557000,362000,195000,195000
062972,京元電元富9B購01,0,0,0,0,0,0,0,0,0,195000,0,0,0,211000,16000,195000,195000
3024,憶聲            ,257000,63000,194000,0,0,0,0,0,0,0,0,0,0,0,0,0,194000
3338,泰碩            ,364000,43000,321000,0,0,0,0,190000,-190000,63000,37000,0,37000,44000,18000,26000,194000
053797,台積電中信98購01,0,0,0,0,0,0,0,0,0,194000,0,0,0,354000,160000,194000,194000
062684,華新科統一01購02,0,0,0,0,0,0,0,0,0,194000,0,0,0,196000,2000,194000,194000
057118,欣興日盛9A購01  ,0,0,0,0,0,0,0,0,0,193000,0,0,0,250000,57000,193000,193000
056523,光寶科中信98購01,0,0,0,0,0,0,0,0,0,193000,0,0,0,293000,100000,193000,193000
057919,技嘉凱基98購03  ,0,0,0,0,0,0,0,0,0,193000,0,0,0,251000,58000,193000,193000
056732,國巨凱基98購07  ,0,0,0,0,0,0,0,0,0,193000,0,0,0,193000,0,193000,193000
061144,玉晶光中信9B購02,0,0,0,0,0,0,0,0,0,193000,0,0,0,195000,2000,193000,193000
058790,楠梓電元大99購03,0,0,0,0,0,0,0,0,0,193000,0,0,0,193000,0,193000,193000
061800,泰鼎永豐9B購01  ,0,0,0,0,0,0,0,0,0,193000,0,0,0,196000,3000,193000,193000
065143,聯發科凱基9C購07,0,0,0,0,0,0,0,0,0,192000,0,0,0,192000,0,192000,192000
06644P,亞德客元大98售03,0,0,0,0,0,0,0,0,0,192000,0,0,0,192000,0,192000,192000
062086,瑞祺元大9B購01  ,0,0,0,0,0,0,0,0,0,192000,0,0,0,452000,260000,192000,192000
061512,國巨永豐9A購04  ,0,0,0,0,0,0,0,0,0,192000,0,0,0,196000,4000,192000,192000
061645,超眾元大9A購06  ,0,0,0,0,0,0,0,0,0,192000,0,0,0,251000,59000,192000,192000
059016,晶相光元富99購03,0,0,0,0,0,0,0,0,0,192000,0,0,0,192000,0,192000,192000
063639,華擎元大9C購03  ,0,0,0,0,0,0,0,0,0,192000,0,0,0,259000,67000,192000,192000
6451,訊芯-KY         ,325000,132000,193000,0,0,0,0,0,0,-1000,1000,0,1000,4000,6000,-2000,192000
055962,晶豪科元大97購02,0,0,0,0,0,0,0,0,0,191000,0,0,0,191000,0,191000,191000
064250,亞光元富9C購01  ,0,0,0,0,0,0,0,0,0,191000,0,0,0,310000,119000,191000,191000
065226,華通凱基01購01  ,0,0,0,0,0,0,0,0,0,190000,0,0,0,200000,10000,190000,190000
055381,茂林元大97購02  ,0,0,0,0,0,0,0,0,0,190000,0,0,0,190000,0,190000,190000
058650,台虹永豐9A購01  ,0,0,0,0,0,0,0,0,0,190000,0,0,0,190000,0,190000,190000
060666,聯茂凱基9A購02  ,0,0,0,0,0,0,0,0,0,190000,0,0,0,243000,53000,190000,190000
064322,T50反1元大9C購06,0,0,0,0,0,0,0,0,0,190000,0,0,0,190000,0,190000,190000
063975,台積電兆豐9C購01,0,0,0,0,0,0,0,0,0,190000,0,0,0,272000,82000,190000,190000
052313,聯電元大98購01  ,0,0,0,0,0,0,0,0,0,189000,0,0,0,235000,46000,189000,189000
062849,中興電永豐9B購02,0,0,0,0,0,0,0,0,0,189000,0,0,0,189000,0,189000,189000
060187,華新科元富9A購02,0,0,0,0,0,0,0,0,0,188000,0,0,0,233000,45000,188000,188000
064212,可成凱基03購01  ,0,0,0,0,0,0,0,0,0,188000,0,0,0,203000,15000,188000,188000
064775,和大群益01購01  ,0,0,0,0,0,0,0,0,0,188000,0,0,0,188000,0,188000,188000
058337,日月光元富99購01,0,0,0,0,0,0,0,0,0,187000,0,0,0,187000,0,187000,187000
064254,景碩台新9C購02  ,0,0,0,0,0,0,0,0,0,187000,0,0,0,204000,17000,187000,187000
062195,聚陽中信9C購01  ,0,0,0,0,0,0,0,0,0,187000,0,0,0,187000,0,187000,187000
062214,金寶統一01購01  ,0,0,0,0,0,0,0,0,0,187000,0,0,0,187000,0,187000,187000
064487,和大元大9C購01  ,0,0,0,0,0,0,0,0,0,186000,0,0,0,207000,21000,186000,186000
064903,新唐群益9C購01  ,0,0,0,0,0,0,0,0,0,185000,0,0,0,191000,6000,185000,185000
050842,旺宏國票97購01  ,0,0,0,0,0,0,0,0,0,185000,0,0,0,185000,0,185000,185000
00668,國泰美國道瓊    ,97000,4000,93000,0,0,0,0,0,0,92000,0,0,0,195000,103000,92000,185000
061624,中租群益9A購01  ,0,0,0,0,0,0,0,0,0,185000,0,0,0,209000,24000,185000,185000
00642U,元大S&P石油     ,2000,27000,-25000,0,0,0,0,0,0,209000,0,0,0,611000,402000,209000,184000
057357,超眾統一98購01  ,0,0,0,0,0,0,0,0,0,184000,0,0,0,194000,10000,184000,184000
07124P,台積電元大99售21,0,0,0,0,0,0,0,0,0,183000,0,0,0,183000,0,183000,183000
057054,立積元大98購03  ,0,0,0,0,0,0,0,0,0,183000,0,0,0,183000,0,183000,183000
053761,健策國泰98購01  ,0,0,0,0,0,0,0,0,0,183000,0,0,0,201000,18000,183000,183000
058941,華新科中信99購03,0,0,0,0,0,0,0,0,0,183000,0,0,0,185000,2000,183000,183000
064671,聯茂元大9C購02  ,0,0,0,0,0,0,0,0,0,183000,0,0,0,193000,10000,183000,183000
062302,聯詠中信05購02  ,0,0,0,0,0,0,0,0,0,183000,0,0,0,194000,11000,183000,183000
064943,聚陽凱基9C購01  ,0,0,0,0,0,0,0,0,0,182000,0,0,0,182000,0,182000,182000
065191,南電統一01購03  ,0,0,0,0,0,0,0,0,0,182000,0,0,0,182000,0,182000,182000
00762,元大全球AI      ,2000,2000,0,0,0,0,0,0,0,182000,0,0,0,190000,8000,182000,182000
062980,康控元富9B購01  ,0,0,0,0,0,0,0,0,0,182000,0,0,0,387000,205000,182000,182000
063437,聚陽統一01購01  ,0,0,0,0,0,0,0,0,0,182000,0,0,0,482000,300000,182000,182000
064934,南電統一01購02  ,0,0,0,0,0,0,0,0,0,181000,0,0,0,338000,157000,181000,181000
06962P,華新科永豐99售01,0,0,0,0,0,0,0,0,0,181000,0,0,0,192000,11000,181000,181000
064855,聯發科國泰02購01,0,0,0,0,0,0,0,0,0,179000,0,0,0,199000,20000,179000,179000
05712P,友達統一97售03  ,0,0,0,0,0,0,0,0,0,179000,0,0,0,200000,21000,179000,179000
063148,建準元富9B購01  ,0,0,0,0,0,0,0,0,0,179000,0,0,0,189000,10000,179000,179000
064164,祥碩統一01購05  ,0,0,0,0,0,0,0,0,0,179000,0,0,0,262000,83000,179000,179000
07247P,聯發科凱基9A售06,0,0,0,0,0,0,0,0,0,178000,0,0,0,200000,22000,178000,178000
059914,台積電元大99購47,0,0,0,0,0,0,0,0,0,178000,0,0,0,205000,27000,178000,178000
061900,志超永豐9B購01  ,0,0,0,0,0,0,0,0,0,178000,0,0,0,178000,0,178000,178000
064763,祥碩凱基02購01  ,0,0,0,0,0,0,0,0,0,178000,0,0,0,552000,374000,178000,178000
064449,金寶統一01購02  ,0,0,0,0,0,0,0,0,0,178000,0,0,0,238000,60000,178000,178000
064828,聯發科統一01購06,0,0,0,0,0,0,0,0,0,177000,0,0,0,338000,161000,177000,177000
3060,銘異            ,296000,121000,175000,0,0,0,0,0,0,2000,3000,1000,2000,0,0,0,177000
062019,嘉澤永豐9B購01  ,0,0,0,0,0,0,0,0,0,177000,0,0,0,247000,70000,177000,177000
064117,中興電元大9C購01,0,0,0,0,0,0,0,0,0,177000,0,0,0,199000,22000,177000,177000
063979,健鼎兆豐9C購01  ,0,0,0,0,0,0,0,0,0,177000,0,0,0,181000,4000,177000,177000
3016,嘉晶            ,940000,701000,239000,0,0,0,0,0,0,-63000,8000,16000,-8000,34000,89000,-55000,176000
060819,國巨統一9C購04  ,0,0,0,0,0,0,0,0,0,176000,0,0,0,176000,0,176000,176000
064003,台積電凱基01購03,0,0,0,0,0,0,0,0,0,176000,0,0,0,181000,5000,176000,176000
064327,金寶元大01購01  ,0,0,0,0,0,0,0,0,0,176000,0,0,0,254000,78000,176000,176000
064563,全新群益02購01  ,0,0,0,0,0,0,0,0,0,176000,0,0,0,181000,5000,176000,176000
063112,祥碩兆豐9B購01  ,0,0,0,0,0,0,0,0,0,176000,0,0,0,178000,2000,176000,176000
062520,晶豪科元大9B購02,0,0,0,0,0,0,0,0,0,176000,0,0,0,176000,0,176000,176000
08132P,南六元大9B售05  ,0,0,0,0,0,0,0,0,0,175000,0,0,0,245000,70000,175000,175000
062091,世紀鋼元大9B購01,0,0,0,0,0,0,0,0,0,175000,0,0,0,175000,0,175000,175000
061643,嘉澤元大9A購05  ,0,0,0,0,0,0,0,0,0,175000,0,0,0,275000,100000,175000,175000
061680,崇越元大9A購01  ,0,0,0,0,0,0,0,0,0,175000,0,0,0,175000,0,175000,175000
064685,裕隆群益9C購01  ,0,0,0,0,0,0,0,0,0,175000,0,0,0,175000,0,175000,175000
063730,台積電元大9B購09,0,0,0,0,0,0,0,0,0,175000,0,0,0,175000,0,175000,175000
0056,元大高股息      ,6000,39000,-33000,0,0,0,0,0,0,207000,0,68000,-68000,657000,382000,275000,174000
05579P,友達凱基98售03  ,0,0,0,0,0,0,0,0,0,174000,0,0,0,200000,26000,174000,174000
061521,亞光兆豐9A購02  ,0,0,0,0,0,0,0,0,0,174000,0,0,0,293000,119000,174000,174000
057183,玉晶光元大99購07,0,0,0,0,0,0,0,0,0,173000,0,0,0,393000,220000,173000,173000
00850,元大臺灣ESG永續 ,0,1000,-1000,0,0,0,0,0,0,174000,0,0,0,1937000,1763000,174000,173000
061509,SP黃豆富邦9C購01,0,0,0,0,0,0,0,0,0,173000,0,0,0,203000,30000,173000,173000
064700,致新群益9C購02  ,0,0,0,0,0,0,0,0,0,173000,0,0,0,183000,10000,173000,173000
063205,貿聯統一9C購01  ,0,0,0,0,0,0,0,0,0,173000,0,0,0,301000,128000,173000,173000
065100,聯茂元大9C購04  ,0,0,0,0,0,0,0,0,0,172000,0,0,0,191000,19000,172000,172000
060506,京元電元大9A購02,0,0,0,0,0,0,0,0,0,172000,0,0,0,208000,36000,172000,172000
063837,亞德客元大01購01,0,0,0,0,0,0,0,0,0,172000,0,0,0,173000,1000,172000,172000
064812,旭富元大9C購04  ,0,0,0,0,0,0,0,0,0,171000,0,0,0,176000,5000,171000,171000
052363,廣達國票96購01  ,0,0,0,0,0,0,0,0,0,171000,0,0,0,171000,0,171000,171000
057149,京鼎國票99購02  ,0,0,0,0,0,0,0,0,0,171000,0,0,0,304000,133000,171000,171000
065302,聯發科元富03購04,0,0,0,0,0,0,0,0,0,170000,0,0,0,185000,15000,170000,170000
07996P,亞德客凱基9B售03,0,0,0,0,0,0,0,0,0,170000,0,0,0,181000,11000,170000,170000
057875,京鼎元大98購03  ,0,0,0,0,0,0,0,0,0,170000,0,0,0,226000,56000,170000,170000
056832,元油2X元富98購12,0,0,0,0,0,0,0,0,0,170000,0,0,0,170000,0,170000,170000
061474,瑞昱元大9A購04  ,0,0,0,0,0,0,0,0,0,170000,0,0,0,170000,0,170000,170000
059913,台積電元大99購44,0,0,0,0,0,0,0,0,0,170000,0,0,0,170000,0,170000,170000
058343,台積電群益99購02,0,0,0,0,0,0,0,0,0,170000,0,0,0,180000,10000,170000,170000
064256,玉晶光國泰02購02,0,0,0,0,0,0,0,0,0,170000,0,0,0,564000,394000,170000,170000
064832,長榮航統一01購01,0,0,0,0,0,0,0,0,0,169000,0,0,0,169000,0,169000,169000
065001,中橡國票9C購01  ,0,0,0,0,0,0,0,0,0,169000,0,0,0,198000,29000,169000,169000
063637,聯發科元大9C購02,0,0,0,0,0,0,0,0,0,169000,0,0,0,384000,215000,169000,169000
062239,台汽電凱基9B購01,0,0,0,0,0,0,0,0,0,169000,0,0,0,462000,293000,169000,169000
065182,南電元大9C購05  ,0,0,0,0,0,0,0,0,0,168000,0,0,0,170000,2000,168000,168000
056139,貿聯元大97購04  ,0,0,0,0,0,0,0,0,0,168000,0,0,0,168000,0,168000,168000
058468,聯茂中信99購02  ,0,0,0,0,0,0,0,0,0,168000,0,0,0,168000,0,168000,168000
063237,微星元大9B購02  ,0,0,0,0,0,0,0,0,0,168000,0,0,0,351000,183000,168000,168000
064122,國巨元大9C購17  ,0,0,0,0,0,0,0,0,0,168000,0,0,0,584000,416000,168000,168000
062031,臻鼎群益9B購01  ,0,0,0,0,0,0,0,0,0,167000,0,0,0,283000,116000,167000,167000
062459,聯詠群益9B購01  ,0,0,0,0,0,0,0,0,0,167000,0,0,0,175000,8000,167000,167000
065050,世芯凱基9C購01  ,0,0,0,0,0,0,0,0,0,166000,0,0,0,191000,25000,166000,166000
07531P,大立光國泰9B售03,0,0,0,0,0,0,0,0,0,166000,0,0,0,173000,7000,166000,166000
08400P,美律元富9C售02  ,0,0,0,0,0,0,0,0,0,166000,0,0,0,180000,14000,166000,166000
08562P,南電國票01售03  ,0,0,0,0,0,0,0,0,0,166000,0,0,0,200000,34000,166000,166000
1722,台肥            ,824000,642000,182000,0,0,0,0,1000,-1000,-15000,0,5000,-5000,2000,12000,-10000,166000
057601,中磊群益98購01  ,0,0,0,0,0,0,0,0,0,166000,0,0,0,256000,90000,166000,166000
062645,國巨國泰9B購08  ,0,0,0,0,0,0,0,0,0,166000,0,0,0,241000,75000,166000,166000
063381,和潤永豐9B購01  ,0,0,0,0,0,0,0,0,0,166000,0,0,0,166000,0,166000,166000
063990,世芯永豐01購01  ,0,0,0,0,0,0,0,0,0,166000,0,0,0,188000,22000,166000,166000
063874,志超永豐9C購01  ,0,0,0,0,0,0,0,0,0,166000,0,0,0,166000,0,166000,166000
06662P,玉晶光中信9A售01,0,0,0,0,0,0,0,0,0,165000,0,0,0,215000,50000,165000,165000
061113,南電元大9A購03  ,0,0,0,0,0,0,0,0,0,165000,0,0,0,187000,22000,165000,165000
064398,聚陽凱基01購01  ,0,0,0,0,0,0,0,0,0,165000,0,0,0,196000,31000,165000,165000
062360,華邦電元大9B購01,0,0,0,0,0,0,0,0,0,165000,0,0,0,249000,84000,165000,165000
8081,致新            ,319000,119945,199055,0,0,0,0,0,0,-35000,0,0,0,5000,40000,-35000,164055
065193,和大元富03購02  ,0,0,0,0,0,0,0,0,0,164000,0,0,0,249000,85000,164000,164000
00635U,元大S&P黃金     ,0,0,0,0,0,0,0,0,0,164000,0,0,0,675000,511000,164000,164000
051266,國巨富邦99購01  ,0,0,0,0,0,0,0,0,0,164000,0,0,0,997000,833000,164000,164000
061269,嘉澤凱基9A購01  ,0,0,0,0,0,0,0,0,0,164000,0,0,0,307000,143000,164000,164000
060718,中磊永豐9A購01  ,0,0,0,0,0,0,0,0,0,164000,0,0,0,169000,5000,164000,164000
059187,國巨富邦9B購02  ,0,0,0,0,0,0,0,0,0,164000,0,0,0,204000,40000,164000,164000
064979,華擎元大9C購04  ,0,0,0,0,0,0,0,0,0,163000,0,0,0,467000,304000,163000,163000
057154,易華電國泰99購01,0,0,0,0,0,0,0,0,0,163000,0,0,0,187000,24000,163000,163000
061984,華新科元大9B購05,0,0,0,0,0,0,0,0,0,163000,0,0,0,168000,5000,163000,163000
059995,南亞科元富99購01,0,0,0,0,0,0,0,0,0,162000,0,0,0,169000,7000,162000,162000
060387,盛群凱基9A購01  ,0,0,0,0,0,0,0,0,0,162000,0,0,0,167000,5000,162000,162000
062719,微星凱基9B購01  ,0,0,0,0,0,0,0,0,0,162000,0,0,0,162000,0,162000,162000
064094,達新群益9C購01  ,0,0,0,0,0,0,0,0,0,162000,0,0,0,168000,6000,162000,162000
057971,華新科富邦9B購02,0,0,0,0,0,0,0,0,0,161000,0,0,0,164000,3000,161000,161000
8163,達方            ,340000,233000,107000,0,0,0,0,0,0,54000,0,3000,-3000,57000,0,57000,161000
064813,祥碩元大9C購05  ,0,0,0,0,0,0,0,0,0,160000,0,0,0,204000,44000,160000,160000
059939,技嘉永豐99購01  ,0,0,0,0,0,0,0,0,0,160000,0,0,0,192000,32000,160000,160000
057329,緯穎群益98購02  ,0,0,0,0,0,0,0,0,0,160000,0,0,0,202000,42000,160000,160000
060617,華新科元大9A購08,0,0,0,0,0,0,0,0,0,160000,0,0,0,175000,15000,160000,160000
061056,臺指反國票02購01,0,0,0,0,0,0,0,0,0,160000,0,0,0,160000,0,160000,160000
063667,全新統一01購02  ,0,0,0,0,0,0,0,0,0,160000,0,0,0,200000,40000,160000,160000
063399,智原群益9B購01  ,0,0,0,0,0,0,0,0,0,160000,0,0,0,180000,20000,160000,160000
063285,華擎元大9B購03  ,0,0,0,0,0,0,0,0,0,160000,0,0,0,195000,35000,160000,160000
062949,聯發科富邦01購01,0,0,0,0,0,0,0,0,0,160000,0,0,0,160000,0,160000,160000
062886,中興電群益9B購01,0,0,0,0,0,0,0,0,0,160000,0,0,0,222000,62000,160000,160000
6197,佳必琪          ,191000,35000,156000,0,0,0,0,0,0,4000,4000,0,4000,0,0,0,160000
059949,啟碁永豐99購01  ,0,0,0,0,0,0,0,0,0,159000,0,0,0,159000,0,159000,159000
056946,國巨統一98購05  ,0,0,0,0,0,0,0,0,0,159000,0,0,0,758000,599000,159000,159000
055060,聯陽永豐97購01  ,0,0,0,0,0,0,0,0,0,159000,0,0,0,175000,16000,159000,159000
060946,世紀鋼國票9A購02,0,0,0,0,0,0,0,0,0,159000,0,0,0,219000,60000,159000,159000
061772,健策元大9B購06  ,0,0,0,0,0,0,0,0,0,159000,0,0,0,270000,111000,159000,159000
063336,大成鋼統一9C購02,0,0,0,0,0,0,0,0,0,159000,0,0,0,213000,54000,159000,159000
063458,正隆元大9B購01  ,0,0,0,0,0,0,0,0,0,159000,0,0,0,174000,15000,159000,159000
064695,京鼎群益02購02  ,0,0,0,0,0,0,0,0,0,159000,0,0,0,369000,210000,159000,159000
065147,寶成凱基01購01  ,0,0,0,0,0,0,0,0,0,158000,0,0,0,167000,9000,158000,158000
056693,國產群益98購01  ,0,0,0,0,0,0,0,0,0,158000,0,0,0,258000,100000,158000,158000
061577,泰碩元大9A購03  ,0,0,0,0,0,0,0,0,0,158000,0,0,0,216000,58000,158000,158000
064064,義隆富邦03購01  ,0,0,0,0,0,0,0,0,0,158000,0,0,0,514000,356000,158000,158000
063933,TPK統一01購01   ,0,0,0,0,0,0,0,0,0,158000,0,0,0,171000,13000,158000,158000
1717,長興            ,528000,452000,76000,0,0,0,0,0,0,81000,81000,0,81000,0,0,0,157000
063574,茂林元大9B購07  ,0,0,0,0,0,0,0,0,0,157000,0,0,0,177000,20000,157000,157000
062955,立積永豐9B購02  ,0,0,0,0,0,0,0,0,0,157000,0,0,0,332000,175000,157000,157000
062395,台表科富邦9C購01,0,0,0,0,0,0,0,0,0,157000,0,0,0,189000,32000,157000,157000
064839,旭富統一9C購01  ,0,0,0,0,0,0,0,0,0,156000,0,0,0,387000,231000,156000,156000
057074,立積永豐98購01  ,0,0,0,0,0,0,0,0,0,156000,0,0,0,165000,9000,156000,156000
056346,聯茂凱基99購02  ,0,0,0,0,0,0,0,0,0,156000,0,0,0,179000,23000,156000,156000
063053,聯發科統一01購04,0,0,0,0,0,0,0,0,0,156000,0,0,0,350000,194000,156000,156000
063412,寶成國票9C購01  ,0,0,0,0,0,0,0,0,0,156000,0,0,0,194000,38000,156000,156000
064360,台積電統一9C購12,0,0,0,0,0,0,0,0,0,156000,0,0,0,162000,6000,156000,156000
064837,TPK統一9C購02   ,0,0,0,0,0,0,0,0,0,155000,0,0,0,168000,13000,155000,155000
08092P,仁寶元富9B售02  ,0,0,0,0,0,0,0,0,0,155000,0,0,0,253000,98000,155000,155000
064780,義隆群益9C購04  ,0,0,0,0,0,0,0,0,0,155000,0,0,0,193000,38000,155000,155000
061416,聯茂群益9A購01  ,0,0,0,0,0,0,0,0,0,154000,0,0,0,156000,2000,154000,154000
061077,國巨兆豐9B購01  ,0,0,0,0,0,0,0,0,0,154000,0,0,0,182000,28000,154000,154000
062225,華擎統一01購01  ,0,0,0,0,0,0,0,0,0,154000,0,0,0,560000,406000,154000,154000
061783,友達群益9B購01  ,0,0,0,0,0,0,0,0,0,153000,0,0,0,373000,220000,153000,153000
064655,聚陽元大9C購02  ,0,0,0,0,0,0,0,0,0,153000,0,0,0,153000,0,153000,153000
055449,超眾統一9A購01  ,0,0,0,0,0,0,0,0,0,152000,0,0,0,153000,1000,152000,152000
00703,台新MSCI中國    ,11000,11000,0,0,0,0,0,0,0,152000,0,0,0,242000,90000,152000,152000
063565,旺宏元大9B購08  ,0,0,0,0,0,0,0,0,0,152000,0,0,0,261000,109000,152000,152000
064148,瑞昱統一02購01  ,0,0,0,0,0,0,0,0,0,152000,0,0,0,152000,0,152000,152000
2401,凌陽            ,3069000,2999000,70000,0,0,0,0,0,0,81000,158000,77000,81000,0,0,0,151000
065174,華新科元大02購02,0,0,0,0,0,0,0,0,0,151000,0,0,0,161000,10000,151000,151000
056947,國巨統一9A購01  ,0,0,0,0,0,0,0,0,0,151000,0,0,0,158000,7000,151000,151000
057391,樺漢永豐98購01  ,0,0,0,0,0,0,0,0,0,151000,0,0,0,227000,76000,151000,151000
057175,美律元大98購03  ,0,0,0,0,0,0,0,0,0,151000,0,0,0,151000,0,151000,151000
056639,國產康和98購01  ,0,0,0,0,0,0,0,0,0,151000,0,0,0,245000,94000,151000,151000
058406,聯茂元大99購06  ,0,0,0,0,0,0,0,0,0,151000,0,0,0,162000,11000,151000,151000
064150,全新統一01購03  ,0,0,0,0,0,0,0,0,0,151000,0,0,0,224000,73000,151000,151000
063137,瑞昱統一01購02  ,0,0,0,0,0,0,0,0,0,151000,0,0,0,151000,0,151000,151000
06059P,泰碩元大97售02  ,0,0,0,0,0,0,0,0,0,150000,0,0,0,150000,0,150000,150000
058172,國巨凱基9B購02  ,0,0,0,0,0,0,0,0,0,150000,0,0,0,150000,0,150000,150000
061929,嘉澤凱基9B購01  ,0,0,0,0,0,0,0,0,0,150000,0,0,0,160000,10000,150000,150000
063491,國巨富邦02購02  ,0,0,0,0,0,0,0,0,0,150000,0,0,0,220000,70000,150000,150000
062787,超眾元大9C購02  ,0,0,0,0,0,0,0,0,0,150000,0,0,0,158000,8000,150000,150000
057260,微星兆豐98購01  ,0,0,0,0,0,0,0,0,0,149000,0,0,0,179000,30000,149000,149000
056365,欣興元大98購01  ,0,0,0,0,0,0,0,0,0,149000,0,0,0,178000,29000,149000,149000
063607,中租凱基9B購02  ,0,0,0,0,0,0,0,0,0,149000,0,0,0,159000,10000,149000,149000
065029,微星兆豐9C購01  ,0,0,0,0,0,0,0,0,0,148000,0,0,0,233000,85000,148000,148000
08130P,義隆元大9B售05  ,0,0,0,0,0,0,0,0,0,148000,0,0,0,760000,612000,148000,148000
064329,國巨元大01購03  ,0,0,0,0,0,0,0,0,0,148000,0,0,0,153000,5000,148000,148000
064253,貿聯元富9C購01  ,0,0,0,0,0,0,0,0,0,148000,0,0,0,617000,469000,148000,148000
07365P,超眾元大99售07  ,0,0,0,0,0,0,0,0,0,147000,0,0,0,247000,100000,147000,147000
056611,國巨永豐98購03  ,0,0,0,0,0,0,0,0,0,147000,0,0,0,151000,4000,147000,147000
055271,鴻海元大98購03  ,0,0,0,0,0,0,0,0,0,147000,0,0,0,161000,14000,147000,147000
061087,國巨統一01購04  ,0,0,0,0,0,0,0,0,0,147000,0,0,0,559000,412000,147000,147000
062218,燿華統一01購01  ,0,0,0,0,0,0,0,0,0,147000,0,0,0,198000,51000,147000,147000
063359,泰鼎國泰01購01  ,0,0,0,0,0,0,0,0,0,147000,0,0,0,175000,28000,147000,147000
05755P,臺股指中信99售04,0,0,0,0,0,0,0,0,0,146000,0,0,0,226000,80000,146000,146000
056532,技嘉凱基98購01  ,0,0,0,0,0,0,0,0,0,146000,0,0,0,206000,60000,146000,146000
056272,嘉澤統一99購01  ,0,0,0,0,0,0,0,0,0,146000,0,0,0,146000,0,146000,146000
063139,聯發科統一9B購07,0,0,0,0,0,0,0,0,0,146000,0,0,0,159000,13000,146000,146000
060034,立積永豐99購04  ,0,0,0,0,0,0,0,0,0,145000,0,0,0,156000,11000,145000,145000
054158,國巨日盛99購01  ,0,0,0,0,0,0,0,0,0,145000,0,0,0,185000,40000,145000,145000
055653,聯詠元富01購02  ,0,0,0,0,0,0,0,0,0,145000,0,0,0,421000,276000,145000,145000
053866,景碩元大97購02  ,0,0,0,0,0,0,0,0,0,145000,0,0,0,151000,6000,145000,145000
055635,緯穎永豐97購01  ,0,0,0,0,0,0,0,0,0,145000,0,0,0,145000,0,145000,145000
061228,聯茂中信9A購01  ,0,0,0,0,0,0,0,0,0,145000,0,0,0,145000,0,145000,145000
062863,聯茂國票9B購01  ,0,0,0,0,0,0,0,0,0,145000,0,0,0,145000,0,145000,145000
064446,聚陽統一02購02  ,0,0,0,0,0,0,0,0,0,145000,0,0,0,232000,87000,145000,145000
063819,致新群益9C購01  ,0,0,0,0,0,0,0,0,0,145000,0,0,0,187000,42000,145000,145000
006207,FH滬深          ,304000,121000,183000,0,0,0,0,0,0,-39000,0,60000,-60000,355000,334000,21000,144000
063293,億豐元大9B購01  ,0,0,0,0,0,0,0,0,0,144000,0,0,0,164000,20000,144000,144000
6112,聚碩            ,488000,343200,144800,0,0,0,0,0,0,-1000,0,1000,-1000,0,0,0,143800
057151,易華電國票99購01,0,0,0,0,0,0,0,0,0,143000,0,0,0,179000,36000,143000,143000
062874,微星兆豐9B購01  ,0,0,0,0,0,0,0,0,0,143000,0,0,0,151000,8000,143000,143000
062942,嘉澤凱基9B購02  ,0,0,0,0,0,0,0,0,0,143000,0,0,0,143000,0,143000,143000
065314,矽創國票01購02  ,0,0,0,0,0,0,0,0,0,142000,0,0,0,158000,16000,142000,142000
05644P,大立光中信9A售03,0,0,0,0,0,0,0,0,0,142000,0,0,0,142000,0,142000,142000
064370,聯茂統一02購01  ,0,0,0,0,0,0,0,0,0,142000,0,0,0,142000,0,142000,142000
8021,尖點            ,194000,52000,142000,0,0,0,0,0,0,0,0,0,0,0,0,0,142000
08214P,南六統一9B售03  ,0,0,0,0,0,0,0,0,0,141000,0,0,0,747000,606000,141000,141000
059984,華新科元大99購21,0,0,0,0,0,0,0,0,0,141000,0,0,0,142000,1000,141000,141000
057581,元大金中信9A購01,0,0,0,0,0,0,0,0,0,141000,0,0,0,401000,260000,141000,141000
057533,晶相光元大98購02,0,0,0,0,0,0,0,0,0,141000,0,0,0,141000,0,141000,141000
065178,和碩元大9C購01  ,0,0,0,0,0,0,0,0,0,140000,0,0,0,426000,286000,140000,140000
055063,玉晶光永豐99購01,0,0,0,0,0,0,0,0,0,140000,0,0,0,174000,34000,140000,140000
054764,亞光國票98購01  ,0,0,0,0,0,0,0,0,0,140000,0,0,0,140000,0,140000,140000
055312,台虹群益99購01  ,0,0,0,0,0,0,0,0,0,140000,0,0,0,218000,78000,140000,140000
050890,南電富邦99購01  ,0,0,0,0,0,0,0,0,0,140000,0,0,0,352000,212000,140000,140000
056380,麗豐元富98購01  ,0,0,0,0,0,0,0,0,0,140000,0,0,0,200000,60000,140000,140000
062090,南電元大9B購02  ,0,0,0,0,0,0,0,0,0,140000,0,0,0,160000,20000,140000,140000
061744,超眾凱基9B購02  ,0,0,0,0,0,0,0,0,0,140000,0,0,0,140000,0,140000,140000
059079,SGBR2X元大99購01,0,0,0,0,0,0,0,0,0,140000,0,0,0,140000,0,140000,140000
062753,台積電麥證9B購01,0,0,0,140000,0,140000,0,0,0,140000,0,0,0,140000,0,140000,140000
062717,華邦電凱基9C購01,0,0,0,0,0,0,0,0,0,140000,0,0,0,171000,31000,140000,140000
064947,台積電凱基01購08,0,0,0,0,0,0,0,0,0,139000,0,0,0,150000,11000,139000,139000
061025,創意富邦9B購01  ,0,0,0,0,0,0,0,0,0,139000,0,0,0,229000,90000,139000,139000
060238,強茂元大9C購01  ,0,0,0,0,0,0,0,0,0,139000,0,0,0,144000,5000,139000,139000
064244,GIS統一02購01   ,0,0,0,0,0,0,0,0,0,139000,0,0,0,154000,15000,139000,139000
064295,聚陽國票01購01  ,0,0,0,0,0,0,0,0,0,139000,0,0,0,139000,0,139000,139000
063619,聯發科兆豐01購01,0,0,0,0,0,0,0,0,0,139000,0,0,0,181000,42000,139000,139000
063923,世芯元富9C購01  ,0,0,0,0,0,0,0,0,0,139000,0,0,0,139000,0,139000,139000
057198,智伸科統一9B購01,0,0,0,0,0,0,0,0,0,138000,0,0,0,163000,25000,138000,138000
052863,友達凱基98購02  ,0,0,0,0,0,0,0,0,0,138000,0,0,0,204000,66000,138000,138000
054556,世芯凱基99購01  ,0,0,0,0,0,0,0,0,0,138000,0,0,0,293000,155000,138000,138000
054874,帆宣群益99購02  ,0,0,0,0,0,0,0,0,0,138000,0,0,0,138000,0,138000,138000
057553,景碩凱基98購03  ,0,0,0,0,0,0,0,0,0,138000,0,0,0,206000,68000,138000,138000
061263,微星凱基9A購01  ,0,0,0,0,0,0,0,0,0,138000,0,0,0,142000,4000,138000,138000
061516,力成永豐9A購02  ,0,0,0,0,0,0,0,0,0,138000,0,0,0,178000,40000,138000,138000
063447,聯發科統一9B購12,0,0,0,0,0,0,0,0,0,138000,0,0,0,138000,0,138000,138000
058905,京鼎元大99購01  ,0,0,0,0,0,0,0,0,0,137000,0,0,0,239000,102000,137000,137000
08101P,超眾群益9B售02  ,0,0,0,0,0,0,0,0,0,136000,0,0,0,203000,67000,136000,136000
054194,國巨麥證96購02  ,0,0,0,136000,0,136000,0,0,0,136000,0,0,0,136000,0,136000,136000
057704,台虹群益98購03  ,0,0,0,0,0,0,0,0,0,136000,0,0,0,201000,65000,136000,136000
062685,華新科統一9C購03,0,0,0,0,0,0,0,0,0,136000,0,0,0,176000,40000,136000,136000
064515,中橡群益9C購01  ,0,0,0,0,0,0,0,0,0,136000,0,0,0,201000,65000,136000,136000
065036,世芯統一02購02  ,0,0,0,0,0,0,0,0,0,135000,0,0,0,254000,119000,135000,135000
057665,技嘉元大99購01  ,0,0,0,0,0,0,0,0,0,135000,0,0,0,216000,81000,135000,135000
053889,致茂群益97購01  ,0,0,0,0,0,0,0,0,0,135000,0,0,0,135000,0,135000,135000
059242,南亞科凱基99購06,0,0,0,0,0,0,0,0,0,135000,0,0,0,155000,20000,135000,135000
060631,微星富邦9B購01  ,0,0,0,0,0,0,0,0,0,135000,0,0,0,175000,40000,135000,135000
064560,技嘉群益01購01  ,0,0,0,0,0,0,0,0,0,135000,0,0,0,240000,105000,135000,135000
064294,和大中信9C購01  ,0,0,0,0,0,0,0,0,0,135000,0,0,0,165000,30000,135000,135000
063286,嘉澤元大9B購04  ,0,0,0,0,0,0,0,0,0,135000,0,0,0,295000,160000,135000,135000
062869,帆宣中信9B購01  ,0,0,0,0,0,0,0,0,0,135000,0,0,0,135000,0,135000,135000
06286P,世芯國票97售02  ,0,0,0,0,0,0,0,0,0,135000,0,0,0,135000,0,135000,135000
055594,華新科元大98購02,0,0,0,0,0,0,0,0,0,134000,0,0,0,146000,12000,134000,134000
054733,鴻海凱基98購04  ,0,0,0,0,0,0,0,0,0,134000,0,0,0,134000,0,134000,134000
060191,亞光元富9A購02  ,0,0,0,0,0,0,0,0,0,134000,0,0,0,202000,68000,134000,134000
061037,嘉澤永豐9A購01  ,0,0,0,0,0,0,0,0,0,134000,0,0,0,152000,18000,134000,134000
061101,道瓊銀元大9A購02,0,0,0,0,0,0,0,0,0,134000,0,0,0,215000,81000,134000,134000
064352,嘉聯益元大9C購01,0,0,0,0,0,0,0,0,0,134000,0,0,0,356000,222000,134000,134000
063998,聯發科兆豐9C購02,0,0,0,0,0,0,0,0,0,134000,0,0,0,165000,31000,134000,134000
4961,天鈺            ,252000,117000,135000,0,0,0,0,0,0,-1000,0,1000,-1000,0,0,0,134000
060229,楠梓電元大9C購01,0,0,0,0,0,0,0,0,0,133000,0,0,0,313000,180000,133000,133000
064982,新唐元大9C購01  ,0,0,0,0,0,0,0,0,0,132000,0,0,0,203000,71000,132000,132000
060632,可成富邦9B購01  ,0,0,0,0,0,0,0,0,0,132000,0,0,0,192000,60000,132000,132000
061441,大毅永豐9A購04  ,0,0,0,0,0,0,0,0,0,132000,0,0,0,132000,0,132000,132000
063843,台積電元大9C購03,0,0,0,0,0,0,0,0,0,132000,0,0,0,220000,88000,132000,132000
063342,台光電統一9B購02,0,0,0,0,0,0,0,0,0,132000,0,0,0,147000,15000,132000,132000
2633,台灣高鐵        ,2661272,1922000,739272,0,0,0,0,661000,-661000,53000,22000,1000,21000,58000,26000,32000,131272
056731,國巨凱基98購04  ,0,0,0,0,0,0,0,0,0,131000,0,0,0,131000,0,131000,131000
061293,聯茂統一9A購01  ,0,0,0,0,0,0,0,0,0,131000,0,0,0,180000,49000,131000,131000
9911,櫻花            ,414000,299000,115000,0,0,0,0,0,0,16000,19000,3000,16000,0,0,0,131000
065310,華擎國票01購01  ,0,0,0,0,0,0,0,0,0,130000,0,0,0,130000,0,130000,130000
07844P,可成國票9A售01  ,0,0,0,0,0,0,0,0,0,130000,0,0,0,192000,62000,130000,130000
057408,台郡群益98購01  ,0,0,0,0,0,0,0,0,0,130000,0,0,0,130000,0,130000,130000
055548,旺宏凱基97購02  ,0,0,0,0,0,0,0,0,0,130000,0,0,0,130000,0,130000,130000
054377,臺股指中信99購09,0,0,0,0,0,0,0,0,0,130000,0,0,0,130000,0,130000,130000
057573,京鼎永豐98購02  ,0,0,0,0,0,0,0,0,0,130000,0,0,0,133000,3000,130000,130000
061506,瑞祺國票9A購02  ,0,0,0,0,0,0,0,0,0,130000,0,0,0,130000,0,130000,130000
062821,華擎兆豐9C購01  ,0,0,0,0,0,0,0,0,0,130000,0,0,0,307000,177000,130000,130000
064367,貿聯統一01購02  ,0,0,0,0,0,0,0,0,0,130000,0,0,0,211000,81000,130000,130000
3563,牧德            ,194000,122000,72000,0,0,0,4000,0,4000,53000,0,12000,-12000,73000,8000,65000,129000
07889P,旭富國票9B售01  ,0,0,0,0,0,0,0,0,0,129000,0,0,0,276000,147000,129000,129000
056688,聯詠統一98購01  ,0,0,0,0,0,0,0,0,0,129000,0,0,0,328000,199000,129000,129000
059090,台新金元大99購01,0,0,0,0,0,0,0,0,0,129000,0,0,0,197000,68000,129000,129000
063768,華新科國泰9C購03,0,0,0,0,0,0,0,0,0,129000,0,0,0,129000,0,129000,129000
056635,亞德客日盛99購01,0,0,0,0,0,0,0,0,0,128000,0,0,0,160000,32000,128000,128000
059096,百和元大99購04  ,0,0,0,0,0,0,0,0,0,128000,0,0,0,128000,0,128000,128000
058149,百和元大99購02  ,0,0,0,0,0,0,0,0,0,128000,0,0,0,158000,30000,128000,128000
064711,國喬統一02購01  ,0,0,0,0,0,0,0,0,0,128000,0,0,0,128000,0,128000,128000
063374,嘉澤永豐9B購04  ,0,0,0,0,0,0,0,0,0,128000,0,0,0,143000,15000,128000,128000
07553P,嘉晶元大9A售02  ,0,0,0,0,0,0,0,0,0,127000,0,0,0,152000,25000,127000,127000
060735,鴻海統一9C購03  ,0,0,0,0,0,0,0,0,0,127000,0,0,0,300000,173000,127000,127000
065211,世芯國票01購03  ,0,10000,-10000,0,0,0,0,0,0,136000,0,0,0,238000,102000,136000,126000
059761,國巨永豐99購06  ,0,0,0,0,0,0,0,0,0,126000,0,0,0,147000,21000,126000,126000
061026,南電富邦9B購01  ,0,0,0,0,0,0,0,0,0,126000,0,0,0,136000,10000,126000,126000
063347,祥碩統一01購03  ,0,0,0,0,0,0,0,0,0,126000,0,0,0,326000,200000,126000,126000
062688,華擎統一01購03  ,0,0,0,0,0,0,0,0,0,126000,0,0,0,142000,16000,126000,126000
063698,上銀群益9B購05  ,0,0,0,0,0,0,0,0,0,126000,0,0,0,126000,0,126000,126000
063996,貿聯群益9C購01  ,0,0,0,0,0,0,0,0,0,126000,0,0,0,222000,96000,126000,126000
064024,漢唐元大9C購01  ,0,0,0,0,0,0,0,0,0,126000,0,0,0,147000,21000,126000,126000
07897P,臺股指元大9B售17,0,0,0,0,0,0,0,0,0,125000,0,0,0,125000,0,125000,125000
08006P,長榮航中信03售01,0,0,0,0,0,0,0,0,0,125000,0,0,0,125000,0,125000,125000
057331,台積電國票99購04,0,0,0,0,0,0,0,0,0,125000,0,0,0,192000,67000,125000,125000
055591,全新元大98購01  ,0,0,0,0,0,0,0,0,0,125000,0,0,0,125000,0,125000,125000
054742,京鼎凱基99購01  ,0,0,0,0,0,0,0,0,0,125000,0,0,0,130000,5000,125000,125000
054552,聯發科凱基98購03,0,0,0,0,0,0,0,0,0,125000,0,0,0,244000,119000,125000,125000
052695,台表科中信98購01,0,0,0,0,0,0,0,0,0,125000,0,0,0,125000,0,125000,125000
058268,泰碩永豐9A購01  ,0,0,0,0,0,0,0,0,0,125000,0,0,0,125000,0,125000,125000
058456,京鼎永豐99購01  ,0,0,0,0,0,0,0,0,0,125000,0,0,0,161000,36000,125000,125000
060305,得力永豐9A購01  ,0,0,0,0,0,0,0,0,0,125000,0,0,0,175000,50000,125000,125000
060821,SP黃豆元大9A購02,0,0,0,0,0,0,0,0,0,125000,0,0,0,390000,265000,125000,125000
059530,華新科凱基9A購05,0,0,0,0,0,0,0,0,0,125000,0,0,0,125000,0,125000,125000
061713,華邦電凱基9A購01,0,0,0,0,0,0,0,0,0,125000,0,0,0,135000,10000,125000,125000
064307,聚陽群益9C購03  ,0,0,0,0,0,0,0,0,0,125000,0,0,0,140000,15000,125000,125000
063274,鈺齊兆豐9B購01  ,0,0,0,0,0,0,0,0,0,125000,0,0,0,145000,20000,125000,125000
062122,國巨統一02購01  ,0,0,0,0,0,0,0,0,0,124000,0,0,0,134000,10000,124000,124000
063392,聯電群益9B購02  ,0,0,0,0,0,0,0,0,0,124000,0,0,0,134000,10000,124000,124000
063130,聯茂元大9B購02  ,0,0,0,0,0,0,0,0,0,124000,0,0,0,126000,2000,124000,124000
062377,力成元大9B購01  ,0,0,0,0,0,0,0,0,0,124000,0,0,0,155000,31000,124000,124000
064191,聯發科中信03購01,0,0,0,0,0,0,0,0,0,124000,0,0,0,367000,243000,124000,124000
063703,晶豪科群益9B購02,0,0,0,0,0,0,0,0,0,124000,0,0,0,154000,30000,124000,124000
065168,台積電元大02購02,0,0,0,0,0,0,0,0,0,123000,0,0,0,219000,96000,123000,123000
053887,聯茂兆豐97購02  ,0,0,0,0,0,0,0,0,0,123000,0,0,0,123000,0,123000,123000
061457,TPK凱基9A購01   ,0,0,0,0,0,0,0,0,0,123000,0,0,0,137000,14000,123000,123000
059480,美律群益9A購01  ,0,0,0,0,0,0,0,0,0,123000,0,0,0,123000,0,123000,123000
064045,南亞科統一9C購04,0,0,0,0,0,0,0,0,0,123000,0,0,0,123000,0,123000,123000
063997,泰鼎群益9C購01  ,0,0,0,0,0,0,0,0,0,123000,0,0,0,133000,10000,123000,123000
064702,百和群益01購01  ,0,0,0,0,0,0,0,0,0,123000,0,0,0,200000,77000,123000,123000
063180,台塑凱基9B購01  ,0,0,0,0,0,0,0,0,0,123000,0,0,0,158000,35000,123000,123000
063419,聯發科凱基03購01,0,0,0,0,0,0,0,0,0,123000,0,0,0,177000,54000,123000,123000
063485,巨大元大9B購04  ,0,0,0,0,0,0,0,0,0,123000,0,0,0,135000,12000,123000,123000
07055P,景碩群益9A售02  ,0,0,0,0,0,0,0,0,0,122000,0,0,0,206000,84000,122000,122000
057599,技嘉群益9A購01  ,0,0,0,0,0,0,0,0,0,122000,0,0,0,278000,156000,122000,122000
056755,聯茂兆豐98購01  ,0,0,0,0,0,0,0,0,0,122000,0,0,0,122000,0,122000,122000
060921,中橡永豐9A購02  ,0,0,0,0,0,0,0,0,0,122000,0,0,0,152000,30000,122000,122000
064266,聯茂永豐9C購01  ,0,0,0,0,0,0,0,0,0,122000,0,0,0,175000,53000,122000,122000
063692,華擎永豐9B購02  ,0,0,0,0,0,0,0,0,0,122000,0,0,0,122000,0,122000,122000
2013,中鋼構          ,59000,33000,26000,0,0,0,96000,0,96000,-1000,0,1000,-1000,0,0,0,121000
057835,華擎元富9B購01  ,0,0,0,0,0,0,0,0,0,121000,0,0,0,256000,135000,121000,121000
060157,致茂永豐9A購02  ,0,0,0,0,0,0,0,0,0,121000,0,0,0,234000,113000,121000,121000
063809,矽創兆豐01購01  ,0,0,0,0,0,0,0,0,0,121000,0,0,0,151000,30000,121000,121000
063319,神達群益9B購01  ,0,0,0,0,0,0,0,0,0,121000,0,0,0,177000,56000,121000,121000
063093,國產國票9B購01  ,0,0,0,0,0,0,0,0,0,121000,0,0,0,159000,38000,121000,121000
062622,南電元大9B購03  ,0,0,0,0,0,0,0,0,0,121000,0,0,0,181000,60000,121000,121000
07836P,大成鋼元大9A售01,0,0,0,0,0,0,0,0,0,120000,0,0,0,145000,25000,120000,120000
064948,致茂凱基01購01  ,0,0,0,0,0,0,0,0,0,120000,0,0,0,130000,10000,120000,120000
054256,創意元大96購07  ,0,0,0,0,0,0,0,0,0,120000,0,0,0,120000,0,120000,120000
052906,緯創國票97購01  ,0,0,0,0,0,0,0,0,0,120000,0,0,0,150000,30000,120000,120000
059290,全新元富99購01  ,0,0,0,0,0,0,0,0,0,120000,0,0,0,145000,25000,120000,120000
058661,臺股指中信9C購01,0,0,0,0,0,0,0,0,0,120000,0,0,0,120000,0,120000,120000
062605,上銀凱基9B購03  ,0,0,0,0,0,0,0,0,0,120000,0,0,0,120000,0,120000,120000
063113,聯茂兆豐9B購01  ,0,0,0,0,0,0,0,0,0,120000,0,0,0,140000,20000,120000,120000
063677,台光電國泰9C購02,0,0,0,0,0,0,0,0,0,120000,0,0,0,120000,0,120000,120000
063960,南電元大9C購03  ,0,0,0,0,0,0,0,0,0,120000,0,0,0,185000,65000,120000,120000
8464,億豐            ,405000,215000,190000,0,0,0,0,46000,-46000,-24000,2000,0,2000,0,26000,-26000,120000
057523,大成鋼元大99購01,0,0,0,0,0,0,0,0,0,119000,0,0,0,119000,0,119000,119000
060475,瑞祺元大9A購01  ,0,0,0,0,0,0,0,0,0,119000,0,0,0,142000,23000,119000,119000
058247,聯茂元大99購04  ,0,0,0,0,0,0,0,0,0,119000,0,0,0,120000,1000,119000,119000
060988,華新科元大9A購12,0,0,0,0,0,0,0,0,0,119000,0,0,0,152000,33000,119000,119000
061376,瑞昱永豐9A購02  ,0,0,0,0,0,0,0,0,0,119000,0,0,0,145000,26000,119000,119000
063529,聯茂凱基9B購02  ,0,0,0,0,0,0,0,0,0,119000,0,0,0,146000,27000,119000,119000
064729,聯茂統一02購02  ,0,0,0,0,0,0,0,0,0,119000,0,0,0,160000,41000,119000,119000
063164,聯發科永豐9B購03,0,0,0,0,0,0,0,0,0,119000,0,0,0,119000,0,119000,119000
062411,玉晶光第一9B購01,0,0,0,0,0,0,0,0,0,119000,0,0,0,359000,240000,119000,119000
064854,祥碩麥證9C購01  ,0,0,0,194000,76000,118000,0,0,0,118000,0,0,0,194000,76000,118000,118000
056484,聯茂元大98購02  ,0,0,0,0,0,0,0,0,0,118000,0,0,0,118000,0,118000,118000
059671,滬深2X元富99購05,0,0,0,0,0,0,0,0,0,118000,0,0,0,383000,265000,118000,118000
062165,聯茂國泰01購01  ,0,0,0,0,0,0,0,0,0,118000,0,0,0,125000,7000,118000,118000
062710,盛群元大9B購01  ,0,0,0,0,0,0,0,0,0,118000,0,0,0,274000,156000,118000,118000
064532,聯茂兆豐01購01  ,0,0,0,0,0,0,0,0,0,118000,0,0,0,118000,0,118000,118000
064248,億光元富9C購01  ,0,0,0,0,0,0,0,0,0,118000,0,0,0,118000,0,118000,118000
064764,聯茂凱基01購01  ,0,0,0,0,0,0,0,0,0,117000,0,0,0,176000,59000,117000,117000
063862,世紀鋼國泰02購01,0,0,0,0,0,0,0,0,0,117000,0,0,0,153000,36000,117000,117000
062275,燿華群益9B購01  ,0,0,0,0,0,0,0,0,0,117000,0,0,0,161000,44000,117000,117000
065046,玉晶光凱基01購03,0,0,0,0,0,0,0,0,0,116000,0,0,0,129000,13000,116000,116000
056506,晶豪科永豐98購02,0,0,0,0,0,0,0,0,0,116000,0,0,0,150000,34000,116000,116000
053945,國巨富邦98購02  ,0,0,0,0,0,0,0,0,0,116000,0,0,0,585000,469000,116000,116000
00728,第一金工業30    ,4000,4000,0,0,0,0,0,0,0,116000,0,0,0,151000,35000,116000,116000
056905,欣興元大98購03  ,0,0,0,0,0,0,0,0,0,116000,0,0,0,196000,80000,116000,116000
057367,技嘉元大98購02  ,0,0,0,0,0,0,0,0,0,116000,0,0,0,209000,93000,116000,116000
061580,華擎元大9A購06  ,0,0,0,0,0,0,0,0,0,116000,0,0,0,146000,30000,116000,116000
061879,超眾元大9C購01  ,0,0,0,0,0,0,0,0,0,116000,0,0,0,184000,68000,116000,116000
060933,南電永豐9A購02  ,0,0,0,0,0,0,0,0,0,116000,0,0,0,141000,25000,116000,116000
063131,聯茂元大9B購03  ,0,0,0,0,0,0,0,0,0,116000,0,0,0,119000,3000,116000,116000
062970,智邦元富9B購01  ,0,0,0,0,0,0,0,0,0,116000,0,0,0,203000,87000,116000,116000
062984,致新元富9B購01  ,0,0,0,0,0,0,0,0,0,116000,0,0,0,235000,119000,116000,116000
064444,聚陽統一01購02  ,0,0,0,0,0,0,0,0,0,116000,0,0,0,250000,134000,116000,116000
056191,世紀鋼統一97購01,0,0,0,0,0,0,0,0,0,115000,0,0,0,115000,0,115000,115000
055578,群創統一98購03  ,0,0,0,0,0,0,0,0,0,115000,0,0,0,115000,0,115000,115000
061424,華新科元大9A購18,0,0,0,0,0,0,0,0,0,115000,0,0,0,125000,10000,115000,115000
059938,凱美永豐99購01  ,0,0,0,0,0,0,0,0,0,115000,0,0,0,155000,40000,115000,115000
064174,致新元富9C購02  ,0,0,0,0,0,0,0,0,0,115000,0,0,0,271000,156000,115000,115000
063854,南電元大9C購01  ,0,0,0,0,0,0,0,0,0,115000,0,0,0,117000,2000,115000,115000
063817,GIS群益9C購01   ,0,0,0,0,0,0,0,0,0,115000,0,0,0,172000,57000,115000,115000
062702,可成元大9C購01  ,0,0,0,0,0,0,0,0,0,115000,0,0,0,115000,0,115000,115000
064918,中信金統一02購01,0,0,0,0,0,0,0,0,0,114000,0,0,0,162000,48000,114000,114000
065184,和大統一02購04  ,0,0,0,0,0,0,0,0,0,114000,0,0,0,149000,35000,114000,114000
1325,恆大            ,754000,521000,233000,0,0,0,0,140000,-140000,21000,31000,10000,21000,0,0,0,114000
054755,世紀鋼凱基98購01,0,0,0,0,0,0,0,0,0,114000,0,0,0,125000,11000,114000,114000
054851,樺漢兆豐97購01  ,0,0,0,0,0,0,0,0,0,114000,0,0,0,114000,0,114000,114000
057508,康控國票99購03  ,0,0,0,0,0,0,0,0,0,114000,0,0,0,114000,0,114000,114000
060857,旭富富邦9B購01  ,0,0,0,0,0,0,0,0,0,114000,0,0,0,136000,22000,114000,114000
063081,技嘉凱基9B購02  ,0,0,0,0,0,0,0,0,0,114000,0,0,0,314000,200000,114000,114000
064221,華通國票01購01  ,0,0,0,0,0,0,0,0,0,114000,0,0,0,120000,6000,114000,114000
08367P,臺股指凱基9C售11,0,0,0,0,0,0,0,0,0,113000,0,0,0,235000,122000,113000,113000
07933P,大立光富邦9C售06,0,0,0,0,0,0,0,0,0,113000,0,0,0,113000,0,113000,113000
064806,微星元大01購01  ,0,0,0,0,0,0,0,0,0,113000,0,0,0,191000,78000,113000,113000
07251P,台灣50元富01售04,0,0,0,0,0,0,0,0,0,113000,0,0,0,225000,112000,113000,113000
060785,國巨富邦9B購04  ,0,0,0,0,0,0,0,0,0,113000,0,0,0,117000,4000,113000,113000
063321,泰鼎群益9B購03  ,0,0,0,0,0,0,0,0,0,113000,0,0,0,113000,0,113000,113000
062745,聯詠永豐9B購01  ,0,0,0,0,0,0,0,0,0,113000,0,0,0,128000,15000,113000,113000
062415,聯茂中信9C購01  ,0,0,0,0,0,0,0,0,0,113000,0,0,0,123000,10000,113000,113000
1560,中砂            ,63000,73000,-10000,0,0,0,0,8000,-8000,130000,130000,0,130000,0,0,0,112000
059695,聯鈞永豐99購02  ,0,0,0,0,0,0,0,0,0,112000,0,0,0,302000,190000,112000,112000
064379,TPK元富9C購01   ,0,0,0,0,0,0,0,0,0,112000,0,0,0,112000,0,112000,112000
063523,微星凱基9B購03  ,0,0,0,0,0,0,0,0,0,112000,0,0,0,112000,0,112000,112000
08336P,聯發科中信9C售05,0,0,0,0,0,0,0,0,0,111000,0,0,0,167000,56000,111000,111000
053573,臺股指統一99購01,0,0,0,0,0,0,0,0,0,111000,0,0,0,116000,5000,111000,111000
056921,京元電兆豐98購01,0,0,0,0,0,0,0,0,0,111000,0,0,0,131000,20000,111000,111000
058763,和碩群益99購01  ,0,0,0,0,0,0,0,0,0,111000,0,0,0,208000,97000,111000,111000
062742,技嘉國泰01購01  ,0,0,0,0,0,0,0,0,0,111000,0,0,0,233000,122000,111000,111000
08145P,台灣50群益9B售11,0,0,0,0,0,0,0,0,0,110000,0,0,0,136000,26000,110000,110000
07459P,緯穎元大9A售01  ,0,0,0,0,0,0,0,0,0,110000,0,0,0,260000,150000,110000,110000
065347,聯發科統一9C購15,0,0,0,0,0,0,0,0,0,110000,0,0,0,116000,6000,110000,110000
060513,緯穎元大9B購01  ,0,0,0,0,0,0,0,0,0,110000,0,0,0,218000,108000,110000,110000
057053,立積元大98購02  ,0,0,0,0,0,0,0,0,0,110000,0,0,0,157000,47000,110000,110000
056002,嘉晶永豐97購01  ,0,0,0,0,0,0,0,0,0,110000,0,0,0,120000,10000,110000,110000
056589,康控統一98購01  ,0,0,0,0,0,0,0,0,0,110000,0,0,0,110000,0,110000,110000
054835,致新中信97購01  ,0,0,0,0,0,0,0,0,0,110000,0,0,0,110000,0,110000,110000
061944,聯電群益9B購01  ,0,0,0,0,0,0,0,0,0,110000,0,0,0,110000,0,110000,110000
061206,旺宏元大9A購12  ,0,0,0,0,0,0,0,0,0,110000,0,0,0,110000,0,110000,110000
064572,同欣電群益9C購02,0,0,0,0,0,0,0,0,0,110000,0,0,0,113000,3000,110000,110000
061553,南電群益9A購03  ,0,0,0,0,0,0,0,0,0,109000,0,0,0,285000,176000,109000,109000
061536,華擎統一9C購02  ,0,0,0,0,0,0,0,0,0,109000,0,0,0,259000,150000,109000,109000
058675,康控群益9B購01  ,0,0,0,0,0,0,0,0,0,109000,0,0,0,109000,0,109000,109000
062857,SP黃豆國票9C購01,0,0,0,0,0,0,0,0,0,109000,0,0,0,109000,0,109000,109000
063506,嘉晶群益9B購01  ,0,0,0,0,0,0,0,0,0,109000,0,0,0,124000,15000,109000,109000
063415,台積電凱基03購01,0,0,0,0,0,0,0,0,0,109000,0,0,0,159000,50000,109000,109000
064840,彩晶統一02購01  ,0,0,0,0,0,0,0,0,0,108000,0,0,0,108000,0,108000,108000
08077P,亞德客國票9B售02,0,0,0,0,0,0,0,0,0,108000,0,0,0,108000,0,108000,108000
056709,華通永豐98購01  ,0,0,0,0,0,0,0,0,0,108000,0,0,0,118000,10000,108000,108000
060316,福懋科永豐9A購01,0,0,0,0,0,0,0,0,0,108000,0,0,0,108000,0,108000,108000
062832,嘉澤群益9B購02  ,0,0,0,0,0,0,0,0,0,108000,0,0,0,108000,0,108000,108000
062754,台勝科麥證9B購01,0,0,0,108000,0,108000,0,0,0,108000,0,0,0,108000,0,108000,108000
057955,技嘉元大98購07  ,0,0,0,0,0,0,0,0,0,107000,0,0,0,589000,482000,107000,107000
062665,智易群益9B購01  ,0,0,0,0,0,0,0,0,0,107000,0,0,0,107000,0,107000,107000
063225,茂林群益9B購04  ,0,0,0,0,0,0,0,0,0,107000,0,0,0,265000,158000,107000,107000
064717,台積電統一01購08,0,0,0,0,0,0,0,0,0,107000,0,0,0,120000,13000,107000,107000
6202,盛群            ,292000,184000,108000,0,0,0,0,0,0,-1000,1000,3000,-2000,2000,1000,1000,107000
2836,高雄銀          ,212000,106000,106000,0,0,0,0,0,0,0,0,0,0,0,0,0,106000
060437,宏全永豐9A購01  ,0,0,0,0,0,0,0,0,0,106000,0,0,0,179000,73000,106000,106000
060435,鈺齊永豐9A購01  ,0,0,0,0,0,0,0,0,0,106000,0,0,0,116000,10000,106000,106000
055817,京鼎國票99購01  ,0,0,0,0,0,0,0,0,0,106000,0,0,0,106000,0,106000,106000
056202,國揚永豐97購01  ,0,0,0,0,0,0,0,0,0,106000,0,0,0,108000,2000,106000,106000
061681,南電元大9A購08  ,0,0,0,0,0,0,0,0,0,106000,0,0,0,173000,67000,106000,106000
061075,亞德客兆豐9A購01,0,0,0,0,0,0,0,0,0,106000,0,0,0,121000,15000,106000,106000
063778,亞德客永豐9B購02,0,0,0,0,0,0,0,0,0,106000,0,0,0,106000,0,106000,106000
064073,南電永豐9C購01  ,0,0,0,0,0,0,0,0,0,106000,0,0,0,116000,10000,106000,106000
063150,聯發科元富05購03,0,0,0,0,0,0,0,0,0,106000,0,0,0,171000,65000,106000,106000
07564P,臺股指中信01售01,0,0,0,0,0,0,0,0,0,105000,0,0,0,105000,0,105000,105000
053132,國巨國票97購02  ,0,0,0,0,0,0,0,0,0,105000,0,0,0,105000,0,105000,105000
061307,和潤永豐9A購02  ,0,0,0,0,0,0,0,0,0,105000,0,0,0,116000,11000,105000,105000
060979,國巨元大9A購14  ,0,0,0,0,0,0,0,0,0,105000,0,0,0,121000,16000,105000,105000
061579,京鼎元大9A購02  ,0,0,0,0,0,0,0,0,0,105000,0,0,0,273000,168000,105000,105000
059607,台積電富邦9C購04,0,0,0,0,0,0,0,0,0,105000,0,0,0,239000,134000,105000,105000
058847,國巨群益99購05  ,0,0,0,0,0,0,0,0,0,105000,0,0,0,105000,0,105000,105000
063187,全新凱基9B購02  ,0,0,0,0,0,0,0,0,0,105000,0,0,0,145000,40000,105000,105000
062804,玉晶光統一9C購04,0,0,0,0,0,0,0,0,0,105000,0,0,0,143000,38000,105000,105000
062633,亞光國票9B購01  ,0,0,0,0,0,0,0,0,0,105000,0,0,0,120000,15000,105000,105000
062138,力成群益9B購01  ,0,0,0,0,0,0,0,0,0,105000,0,0,0,105000,0,105000,105000
063542,泰鼎元富9B購02  ,0,0,0,0,0,0,0,0,0,105000,0,0,0,105000,0,105000,105000
064656,聚陽元大9C購03  ,0,0,0,0,0,0,0,0,0,105000,0,0,0,106000,1000,105000,105000
064526,臺股指群益9C購11,0,0,0,0,0,0,0,0,0,105000,0,0,0,130000,25000,105000,105000
065099,聯茂元大9C購03  ,0,0,0,0,0,0,0,0,0,104000,0,0,0,106000,2000,104000,104000
065028,亞德客兆豐9C購02,0,0,0,0,0,0,0,0,0,104000,0,0,0,104000,0,104000,104000
00634R,富邦上証反1     ,19000,83000,-64000,0,0,0,0,0,0,168000,0,0,0,437000,269000,168000,104000
057121,立積康和98購01  ,0,0,0,0,0,0,0,0,0,104000,0,0,0,104000,0,104000,104000
060456,正隆元大9A購01  ,0,0,0,0,0,0,0,0,0,104000,0,0,0,126000,22000,104000,104000
062919,聯茂元大9B購01  ,0,0,0,0,0,0,0,0,0,104000,0,0,0,159000,55000,104000,104000
064987,勤誠元大9C購02  ,0,0,0,0,0,0,0,0,0,103000,0,0,0,133000,30000,103000,103000
060451,中石化元大9C購02,0,0,0,0,0,0,0,0,0,103000,0,0,0,104000,1000,103000,103000
056178,嘉澤元富97購02  ,0,0,0,0,0,0,0,0,0,103000,0,0,0,113000,10000,103000,103000
056581,超眾元大99購01  ,0,0,0,0,0,0,0,0,0,103000,0,0,0,110000,7000,103000,103000
057953,聚陽元大98購01  ,0,0,0,0,0,0,0,0,0,103000,0,0,0,118000,15000,103000,103000
059931,緯穎富邦9A購01  ,0,0,0,0,0,0,0,0,0,103000,0,0,0,164000,61000,103000,103000
062425,可成統一01購01  ,0,0,0,0,0,0,0,0,0,103000,0,0,0,103000,0,103000,103000
064418,鴻海兆豐01購02  ,0,0,0,0,0,0,0,0,0,103000,0,0,0,103000,0,103000,103000
060433,億豐永豐9A購01  ,0,0,0,0,0,0,0,0,0,102000,0,0,0,102000,0,102000,102000
057925,貿聯凱基99購01  ,0,0,0,0,0,0,0,0,0,102000,0,0,0,150000,48000,102000,102000
054400,健策永豐96購02  ,0,0,0,0,0,0,0,0,0,102000,0,0,0,239000,137000,102000,102000
052937,國巨兆豐97購01  ,0,0,0,0,0,0,0,0,0,102000,0,0,0,842000,740000,102000,102000
051838,國巨國泰97購01  ,0,0,0,0,0,0,0,0,0,102000,0,0,0,103000,1000,102000,102000
061603,瑞昱凱基9A購02  ,0,0,0,0,0,0,0,0,0,102000,0,0,0,103000,1000,102000,102000
061528,超眾凱基9A購04  ,0,0,0,0,0,0,0,0,0,102000,0,0,0,115000,13000,102000,102000
061039,台表科永豐9A購03,0,0,0,0,0,0,0,0,0,102000,0,0,0,166000,64000,102000,102000
063206,貿聯統一9C購02  ,0,0,0,0,0,0,0,0,0,102000,0,0,0,208000,106000,102000,102000
065311,TPK國票01購03   ,0,0,0,0,0,0,0,0,0,101000,0,0,0,111000,10000,101000,101000
054539,欣興國票98購01  ,0,0,0,0,0,0,0,0,0,101000,0,0,0,451000,350000,101000,101000
060908,金像電元大9A購03,0,0,0,0,0,0,0,0,0,101000,0,0,0,105000,4000,101000,101000
07350P,台灣50國票99售11,0,0,0,0,0,0,0,0,0,100000,0,0,0,200000,100000,100000,100000
06655P,TPK元大98售02   ,0,0,0,0,0,0,0,0,0,100000,0,0,0,100000,0,100000,100000
07981P,上銀群益9B售04  ,0,0,0,0,0,0,0,0,0,100000,0,0,0,100000,0,100000,100000
07926P,上銀統一9B售02  ,0,0,0,0,0,0,0,0,0,100000,0,0,0,100000,0,100000,100000
08319P,台積電統一9C售11,0,0,0,0,0,0,0,0,0,100000,0,0,0,100000,0,100000,100000
054873,帆宣群益99購01  ,0,0,0,0,0,0,0,0,0,100000,0,0,0,100000,0,100000,100000
054957,興富發元大97購01,0,0,0,0,0,0,0,0,0,100000,0,0,0,100000,0,100000,100000
054418,茂林元大97購01  ,0,0,0,0,0,0,0,0,0,100000,0,0,0,100000,0,100000,100000
053784,奇力新元大97購02,0,0,0,0,0,0,0,0,0,100000,0,0,0,100000,0,100000,100000
056492,全新國泰9A購01  ,0,0,0,0,0,0,0,0,0,100000,0,0,0,100000,0,100000,100000
048652,巨大元大96購01  ,0,0,0,0,0,0,0,0,0,100000,0,0,0,100000,0,100000,100000
055133,致新康和97購01  ,0,0,0,0,0,0,0,0,0,100000,0,0,0,100000,0,100000,100000
055275,台積電元大97購19,0,0,0,0,0,0,0,0,0,100000,0,0,0,100000,0,100000,100000
055225,華邦電國票99購01,0,0,0,0,0,0,0,0,0,100000,0,0,0,100000,0,100000,100000
055826,中石化元大97購01,0,0,0,0,0,0,0,0,0,100000,0,0,0,100000,0,100000,100000
055850,聯詠元大97購06  ,0,0,0,0,0,0,0,0,0,100000,0,0,0,102000,2000,100000,100000
056602,嘉澤國泰99購01  ,0,0,0,0,0,0,0,0,0,100000,0,0,0,110000,10000,100000,100000
056831,元油2X元富98購11,0,0,0,0,0,0,0,0,0,100000,0,0,0,100000,0,100000,100000
057066,緯穎富邦99購01  ,0,0,0,0,0,0,0,0,0,100000,0,0,0,100000,0,100000,100000
060912,華新科元大9A購10,0,0,0,0,0,0,0,0,0,100000,0,0,0,170000,70000,100000,100000
061013,台積電麥證9A購03,0,0,0,100000,0,100000,0,0,0,100000,0,0,0,100000,0,100000,100000
061114,南電元大9A購04  ,0,0,0,0,0,0,0,0,0,100000,0,0,0,110000,10000,100000,100000
061138,晶技統一9C購01  ,0,0,0,0,0,0,0,0,0,100000,0,0,0,100000,0,100000,100000
058195,鈺齊永豐99購01  ,0,0,0,0,0,0,0,0,0,100000,0,0,0,100000,0,100000,100000
059429,台積電元大99購35,0,0,0,0,0,0,0,0,0,100000,0,0,0,100000,0,100000,100000
058536,群創統一9B購01  ,0,0,0,0,0,0,0,0,0,100000,0,0,0,100000,0,100000,100000
058441,T50反1台新03購01,0,0,0,0,0,0,0,0,0,100000,0,0,0,120000,20000,100000,100000
059124,台積電第一03購01,0,0,0,0,0,0,0,0,0,100000,0,0,0,100000,0,100000,100000
057956,全新元大99購04  ,0,0,0,0,0,0,0,0,0,100000,0,0,0,100000,0,100000,100000
058844,元油2X群益9C購03,0,0,0,0,0,0,0,0,0,100000,0,0,0,100000,0,100000,100000
063418,京元電凱基9B購03,0,0,0,0,0,0,0,0,0,100000,0,0,0,100000,0,100000,100000
063115,台積電麥證9B購02,0,0,0,100000,0,100000,0,0,0,100000,0,0,0,100000,0,100000,100000
062509,SP黃豆國票9B購03,0,0,0,0,0,0,0,0,0,100000,0,0,0,100000,0,100000,100000
06444P,大立光凱基98售08,0,0,0,0,0,0,0,0,0,100000,0,0,0,100000,0,100000,100000
064198,超眾群益9C購01  ,0,0,0,0,0,0,0,0,0,100000,0,0,0,100000,0,100000,100000
064618,南亞科元大9C購04,0,0,0,0,0,0,0,0,0,100000,0,0,0,100000,0,100000,100000
063551,美食國票9B購02  ,0,0,0,0,0,0,0,0,0,100000,0,0,0,135000,35000,100000,100000
063977,義隆兆豐9C購01  ,0,0,0,0,0,0,0,0,0,100000,0,0,0,100000,0,100000,100000
08509P,臺股指國票9C售10,0,0,0,0,0,0,0,0,0,99000,0,0,0,99000,0,99000,99000
057048,新日興元大98購01,0,0,0,0,0,0,0,0,0,99000,0,0,0,332000,233000,99000,99000
056939,康控元富98購01  ,0,0,0,0,0,0,0,0,0,99000,0,0,0,99000,0,99000,99000
056891,國巨元大99購03  ,0,0,0,0,0,0,0,0,0,99000,0,0,0,266000,167000,99000,99000
052905,潤泰全國票97購01,0,0,0,0,0,0,0,0,0,99000,0,0,0,99000,0,99000,99000
055716,致茂元大97購01  ,0,0,0,0,0,0,0,0,0,99000,0,0,0,99000,0,99000,99000
054455,楠梓電群益98購02,0,0,0,0,0,0,0,0,0,99000,0,0,0,109000,10000,99000,99000
058676,聯茂群益99購01  ,0,0,0,0,0,0,0,0,0,99000,0,0,0,100000,1000,99000,99000
060876,國巨中信9A購04  ,0,0,0,0,0,0,0,0,0,99000,0,0,0,101000,2000,99000,99000
064561,友達群益9C購02  ,0,0,0,0,0,0,0,0,0,99000,0,0,0,99000,0,99000,99000
08072P,祥碩永豐9B售03  ,0,0,0,0,0,0,0,0,0,98000,0,0,0,170000,72000,98000,98000
064888,景碩中信9C購01  ,0,0,0,0,0,0,0,0,0,98000,0,0,0,98000,0,98000,98000
054527,國巨統一97購03  ,0,0,0,0,0,0,0,0,0,98000,0,0,0,170000,72000,98000,98000
056504,國巨永豐98購02  ,0,0,0,0,0,0,0,0,0,98000,0,0,0,103000,5000,98000,98000
057043,台積電元大99購02,0,0,0,0,0,0,0,0,0,98000,0,0,0,218000,120000,98000,98000
056114,台達電群益97購02,0,0,0,0,0,0,0,0,0,98000,0,0,0,98000,0,98000,98000
056659,泰碩元大99購01  ,0,0,0,0,0,0,0,0,0,98000,0,0,0,151000,53000,98000,98000
059195,國巨永豐99購04  ,0,0,0,0,0,0,0,0,0,98000,0,0,0,147000,49000,98000,98000
062458,全新群益9B購03  ,0,0,0,0,0,0,0,0,0,98000,0,0,0,138000,40000,98000,98000
063487,國巨國泰01購02  ,0,0,0,0,0,0,0,0,0,98000,0,0,0,155000,57000,98000,98000
8104,錸寶            ,49000,52000,-3000,0,0,0,100000,0,100000,1000,3000,2000,1000,0,0,0,98000
064944,亞德客凱基9C購03,0,0,0,0,0,0,0,0,0,97000,0,0,0,97000,0,97000,97000
060763,聯鈞元大9A購03  ,0,0,0,0,0,0,0,0,0,97000,0,0,0,125000,28000,97000,97000
063369,聚陽永豐9B購01  ,0,0,0,0,0,0,0,0,0,97000,0,0,0,165000,68000,97000,97000
063315,京元電群益9B購03,0,0,0,0,0,0,0,0,0,97000,0,0,0,97000,0,97000,97000
062971,英業達元富9B購01,0,0,0,0,0,0,0,0,0,97000,0,0,0,209000,112000,97000,97000
064469,臻鼎元富9C購01  ,0,0,0,0,0,0,0,0,0,97000,0,0,0,183000,86000,97000,97000
065042,國產凱基02購01  ,0,0,0,0,0,0,0,0,0,96000,0,0,0,132000,36000,96000,96000
065202,南電元富06購01  ,0,0,0,0,0,0,0,0,0,96000,0,0,0,97000,1000,96000,96000
057712,南亞科統一9A購01,0,0,0,0,0,0,0,0,0,96000,0,0,0,96000,0,96000,96000
057570,技嘉永豐98購02  ,0,0,0,0,0,0,0,0,0,96000,0,0,0,236000,140000,96000,96000
057587,微星國票99購01  ,0,0,0,0,0,0,0,0,0,96000,0,0,0,96000,0,96000,96000
058035,旭富永豐98購02  ,0,0,0,0,0,0,0,0,0,96000,0,0,0,111000,15000,96000,96000
061491,嘉聯益兆豐9B購01,0,0,0,0,0,0,0,0,0,96000,0,0,0,108000,12000,96000,96000
064037,寶成元大9C購02  ,0,0,0,0,0,0,0,0,0,96000,0,0,0,173000,77000,96000,96000
063606,TPK凱基9C購01   ,0,0,0,0,0,0,0,0,0,96000,0,0,0,98000,2000,96000,96000
062994,祥碩群益9B購05  ,0,0,0,0,0,0,0,0,0,96000,0,0,0,115000,19000,96000,96000
065074,亞德客元大9C購03,0,0,0,0,0,0,0,0,0,95000,0,0,0,100000,5000,95000,95000
08272P,鴻海元富9C售02  ,0,0,0,0,0,0,0,0,0,95000,0,0,0,132000,37000,95000,95000
055272,國巨元大98購04  ,0,0,0,0,0,0,0,0,0,95000,0,0,0,95000,0,95000,95000
055966,茂林元大99購01  ,0,0,0,0,0,0,0,0,0,95000,0,0,0,120000,25000,95000,95000
062718,技嘉凱基9B購01  ,0,0,0,0,0,0,0,0,0,95000,0,0,0,258000,163000,95000,95000
064684,巨大兆豐9C購01  ,0,0,0,0,0,0,0,0,0,95000,0,0,0,153000,58000,95000,95000
08186P,泰碩永豐9B售03  ,0,0,0,0,0,0,0,0,0,94000,0,0,0,139000,45000,94000,94000
058472,亞德客凱基9A購01,0,0,0,0,0,0,0,0,0,94000,0,0,0,94000,0,94000,94000
064771,貿聯中信01購01  ,0,0,0,0,0,0,0,0,0,94000,0,0,0,114000,20000,94000,94000
064371,矽格統一9C購02  ,0,0,0,0,0,0,0,0,0,94000,0,0,0,243000,149000,94000,94000
064162,貿聯統一02購01  ,0,0,0,0,0,0,0,0,0,94000,0,0,0,191000,97000,94000,94000
063962,台達電國票01購01,0,0,0,0,0,0,0,0,0,94000,0,0,0,94000,0,94000,94000
063036,聯發科凱基9B購11,0,0,0,0,0,0,0,0,0,94000,0,0,0,94000,0,94000,94000
063068,聯發科國泰01購03,0,0,0,0,0,0,0,0,0,94000,0,0,0,129000,35000,94000,94000
08156P,大立光元富9B售05,0,0,0,0,0,0,0,0,0,93000,0,0,0,102000,9000,93000,93000
065154,聯發科群益9C購10,0,0,0,0,0,0,0,0,0,93000,0,0,0,138000,45000,93000,93000
065289,冠德群益9C購01  ,0,0,0,0,0,0,0,0,0,93000,0,0,0,113000,20000,93000,93000
057161,亞德客元大98購02,0,0,0,0,0,0,0,0,0,93000,0,0,0,189000,96000,93000,93000
056007,上銀中信97購02  ,0,0,0,0,0,0,0,0,0,93000,0,0,0,93000,0,93000,93000
063956,神達元大9C購01  ,0,0,0,0,0,0,0,0,0,93000,0,0,0,93000,0,93000,93000
063980,智易兆豐9C購02  ,0,0,0,0,0,0,0,0,0,93000,0,0,0,117000,24000,93000,93000
3698,隆達            ,814000,998000,-184000,0,0,0,0,0,0,277000,416000,94000,322000,0,45000,-45000,93000
07001P,國巨元大99售12  ,0,0,0,0,0,0,0,0,0,92000,0,0,0,92000,0,92000,92000
08225P,臺股指凱基9B售20,0,0,0,0,0,0,0,0,0,92000,0,0,0,112000,20000,92000,92000
056855,祥碩中信98購02  ,0,0,0,0,0,0,0,0,0,92000,0,0,0,92000,0,92000,92000
059945,嘉澤永豐99購03  ,0,0,0,0,0,0,0,0,0,92000,0,0,0,92000,0,92000,92000
053401,臺股指中信99購01,0,0,0,0,0,0,0,0,0,92000,0,0,0,92000,0,92000,92000
00651R,FH香港反1       ,0,0,0,0,0,0,0,0,0,92000,0,605000,-605000,1620000,923000,697000,92000
055652,聯詠元富01購01  ,0,0,0,0,0,0,0,0,0,92000,0,0,0,215000,123000,92000,92000
061214,華擎元大9A購04  ,0,0,0,0,0,0,0,0,0,92000,0,0,0,102000,10000,92000,92000
064047,義隆統一02購01  ,0,0,0,0,0,0,0,0,0,92000,0,0,0,103000,11000,92000,92000
064099,億光群益9C購01  ,0,0,0,0,0,0,0,0,0,92000,0,0,0,100000,8000,92000,92000
063249,祥碩元大9B購06  ,0,0,0,0,0,0,0,0,0,92000,0,0,0,152000,60000,92000,92000
06594P,立積元大98售01  ,0,0,0,0,0,0,0,0,0,91000,0,0,0,100000,9000,91000,91000
056791,嘉聯益群益98購01,0,0,0,0,0,0,0,0,0,91000,0,0,0,159000,68000,91000,91000
060713,聯詠永豐9A購01  ,0,0,0,0,0,0,0,0,0,91000,0,0,0,113000,22000,91000,91000
060848,聯茂國票9A購02  ,0,0,0,0,0,0,0,0,0,91000,0,0,0,91000,0,91000,91000
063186,聯發科凱基9C購04,0,0,0,0,0,0,0,0,0,91000,0,0,0,97000,6000,91000,91000
063886,南電元富9C購01  ,0,0,0,0,0,0,0,0,0,91000,0,0,0,91000,0,91000,91000
064765,緯穎凱基9C購02  ,0,0,0,0,0,0,0,0,0,91000,0,0,0,92000,1000,91000,91000
07362P,聯發科元大99售35,0,0,0,0,0,0,0,0,0,90000,0,0,0,90000,0,90000,90000
08347P,大立光元大9C售16,0,0,0,0,0,0,0,0,0,90000,0,0,0,90000,0,90000,90000
2530,華建            ,162000,75000,87000,0,0,0,0,0,0,3000,9000,6000,3000,0,0,0,90000
057017,和大凱基98購01  ,0,0,0,0,0,0,0,0,0,90000,0,0,0,90000,0,90000,90000
056271,嘉澤統一97購01  ,0,0,0,0,0,0,0,0,0,90000,0,0,0,90000,0,90000,90000
057589,超眾國票9A購01  ,0,0,0,0,0,0,0,0,0,90000,0,0,0,90000,0,90000,90000
054434,友達台新96購03  ,0,0,0,0,0,0,0,0,0,90000,0,0,0,90000,0,90000,90000
054981,國巨元富97購02  ,0,0,0,0,0,0,0,0,0,90000,0,0,0,90000,0,90000,90000
055261,帆宣統一98購01  ,0,0,0,0,0,0,0,0,0,90000,0,0,0,240000,150000,90000,90000
050673,旺宏富邦96購02  ,0,0,0,0,0,0,0,0,0,90000,0,0,0,90000,0,90000,90000
059254,台表科凱基9A購02,0,0,0,0,0,0,0,0,0,90000,0,0,0,90000,0,90000,90000
058398,中環元大99購02  ,0,0,0,0,0,0,0,0,0,90000,0,0,0,100000,10000,90000,90000
061179,華擎凱基9A購01  ,0,0,0,0,0,0,0,0,0,90000,0,0,0,100000,10000,90000,90000
058135,景碩元大99購01  ,0,0,0,0,0,0,0,0,0,90000,0,0,0,94000,4000,90000,90000
061750,台達電台新9B購01,0,0,0,0,0,0,0,0,0,90000,0,0,0,90000,0,90000,90000
057974,上銀永豐98購02  ,0,0,0,0,0,0,0,0,0,90000,0,0,0,90000,0,90000,90000
064595,超眾統一02購01  ,0,0,0,0,0,0,0,0,0,90000,0,0,0,196000,106000,90000,90000
062413,台光電中信9B購02,0,0,0,0,0,0,0,0,0,90000,0,0,0,100000,10000,90000,90000
062384,聯詠國泰9C購01  ,0,0,0,0,0,0,0,0,0,90000,0,0,0,118000,28000,90000,90000
062202,國巨國票9C購04  ,0,0,0,0,0,0,0,0,0,90000,0,0,0,100000,10000,90000,90000
2239,英利-KY         ,141000,52000,89000,0,0,0,0,0,0,0,0,0,0,0,0,0,89000
2105,正新            ,1415000,1273000,142000,0,0,0,0,0,0,-53000,5000,58000,-53000,0,0,0,89000
07811P,華新科統一9A售02,0,0,0,0,0,0,0,0,0,89000,0,0,0,100000,11000,89000,89000
055481,聚陽元大97購01  ,0,0,0,0,0,0,0,0,0,89000,0,0,0,89000,0,89000,89000
00701,國泰股利精選30  ,21000,5000,16000,0,0,0,0,0,0,73000,0,0,0,278000,205000,73000,89000
054767,日電貿國票98購01,0,0,0,0,0,0,0,0,0,89000,0,0,0,89000,0,89000,89000
055710,亞德客元大97購03,0,0,0,0,0,0,0,0,0,89000,0,0,0,99000,10000,89000,89000
060421,華擎永豐9A購01  ,0,0,0,0,0,0,0,0,0,89000,0,0,0,89000,0,89000,89000
056669,貿聯國票99購01  ,0,0,0,0,0,0,0,0,0,89000,0,0,0,119000,30000,89000,89000
061455,京元電凱基9B購01,0,0,0,0,0,0,0,0,0,89000,0,0,0,99000,10000,89000,89000
058315,TPK富邦9C購01   ,0,0,0,0,0,0,0,0,0,89000,0,0,0,89000,0,89000,89000
061231,聚陽元大9A購02  ,0,0,0,0,0,0,0,0,0,89000,0,0,0,90000,1000,89000,89000
063861,南亞科國泰02購01,0,0,0,0,0,0,0,0,0,89000,0,0,0,108000,19000,89000,89000
063630,智邦元大9B購09  ,0,0,0,0,0,0,0,0,0,89000,0,0,0,90000,1000,89000,89000
063714,超眾凱基9B購03  ,0,0,0,0,0,0,0,0,0,89000,0,0,0,116000,27000,89000,89000
056375,玉晶光統一01購01,0,0,0,0,0,0,0,0,0,88000,0,0,0,88000,0,88000,88000
053593,晶技元大98購01  ,0,0,0,0,0,0,0,0,0,88000,0,0,0,173000,85000,88000,88000
061735,上銀凱基9B購01  ,0,0,0,0,0,0,0,0,0,88000,0,0,0,88000,0,88000,88000
057960,聯鈞元大98購02  ,0,0,0,0,0,0,0,0,0,88000,0,0,0,198000,110000,88000,88000
059202,禾聯碩永豐99購01,0,0,0,0,0,0,0,0,0,88000,0,0,0,100000,12000,88000,88000
063697,香港反群益9C購01,0,0,0,0,0,0,0,0,0,88000,0,0,0,88000,0,88000,88000
063751,祥碩國票9C購02  ,0,0,0,0,0,0,0,0,0,88000,0,0,0,111000,23000,88000,88000
063740,矽格元大9B購03  ,0,0,0,0,0,0,0,0,0,88000,0,0,0,283000,195000,88000,88000
064363,聯發科統一9C購14,0,0,0,0,0,0,0,0,0,88000,0,0,0,115000,27000,88000,88000
064233,燿華統一9C購02  ,0,0,0,0,0,0,0,0,0,88000,0,0,0,90000,2000,88000,88000
063092,聯發科中信9B購03,0,0,0,0,0,0,0,0,0,88000,0,0,0,118000,30000,88000,88000
08498P,大立光國票01售02,0,0,0,0,0,0,0,0,0,87000,0,0,0,103000,16000,87000,87000
054784,順德群益9A購01  ,0,0,0,0,0,0,0,0,0,87000,0,0,0,100000,13000,87000,87000
056166,微星台新97購01  ,0,0,0,0,0,0,0,0,0,87000,0,0,0,103000,16000,87000,87000
05878P,創意群益98售01  ,0,0,0,0,0,0,0,0,0,87000,0,0,0,100000,13000,87000,87000
061227,日月光中信9B購01,0,0,0,0,0,0,0,0,0,87000,0,0,0,133000,46000,87000,87000
058517,景碩元大99購06  ,0,0,0,0,0,0,0,0,0,87000,0,0,0,90000,3000,87000,87000
063195,訊連元富9B購01  ,0,0,0,0,0,0,0,0,0,87000,0,0,0,137000,50000,87000,87000
062801,宏達電統一01購01,0,0,0,0,0,0,0,0,0,87000,0,0,0,262000,175000,87000,87000
063913,貿聯凱基02購01  ,0,0,0,0,0,0,0,0,0,87000,0,0,0,270000,183000,87000,87000
064146,瑞昱統一01購03  ,0,0,0,0,0,0,0,0,0,87000,0,0,0,90000,3000,87000,87000
064860,聯發科富邦03購01,0,0,0,0,0,0,0,0,0,86000,0,0,0,363000,277000,86000,86000
054740,強茂凱基99購01  ,0,0,0,0,0,0,0,0,0,86000,0,0,0,141000,55000,86000,86000
057078,國巨統一9A購02  ,0,30000,-30000,0,0,0,0,0,0,116000,0,0,0,124000,8000,116000,86000
060806,華新科群益9A購03,0,0,0,0,0,0,0,0,0,86000,0,0,0,87000,1000,86000,86000
058809,國巨統一9B購03  ,0,0,0,0,0,0,0,0,0,86000,0,0,0,295000,209000,86000,86000
058986,華新科凱基9A購03,0,0,0,0,0,0,0,0,0,86000,0,0,0,154000,68000,86000,86000
061666,友達中信01購01  ,0,0,0,0,0,0,0,0,0,86000,0,0,0,98000,12000,86000,86000
061477,晶豪科元大9A購01,0,0,0,0,0,0,0,0,0,86000,0,0,0,116000,30000,86000,86000
061463,智邦群益9A購02  ,0,0,0,0,0,0,0,0,0,86000,0,0,0,98000,12000,86000,86000
063826,中興電國票01購01,0,0,0,0,0,0,0,0,0,86000,0,0,0,135000,49000,86000,86000
064413,世紀鋼凱基02購01,0,0,0,0,0,0,0,0,0,86000,0,0,0,86000,0,86000,86000
062607,美食凱基9B購01  ,0,0,0,0,0,0,0,0,0,86000,0,0,0,100000,14000,86000,86000
062392,國巨富邦02購01  ,0,0,0,0,0,0,0,0,0,86000,0,0,0,170000,84000,86000,86000
062876,全新兆豐9B購01  ,0,0,0,0,0,0,0,0,0,86000,0,0,0,86000,0,86000,86000
063272,GIS兆豐9C購01   ,0,0,0,0,0,0,0,0,0,86000,0,0,0,86000,0,86000,86000
065124,燿華永豐9C購03  ,0,0,0,0,0,0,0,0,0,85000,0,0,0,85000,0,85000,85000
065026,世紀鋼永豐9C購02,0,0,0,0,0,0,0,0,0,85000,0,0,0,85000,0,85000,85000
065017,和大富邦03購01  ,0,0,0,0,0,0,0,0,0,85000,0,0,0,131000,46000,85000,85000
065024,華擎永豐9C購01  ,0,0,0,0,0,0,0,0,0,85000,0,0,0,85000,0,85000,85000
07667P,亞德客元大9A售05,0,0,0,0,0,0,0,0,0,85000,0,0,0,94000,9000,85000,85000
08546P,可成中信9C售02  ,0,0,0,0,0,0,0,0,0,85000,0,0,0,85000,0,85000,85000
08394P,大立光群益9C售05,0,0,0,0,0,0,0,0,0,85000,0,0,0,85000,0,85000,85000
057574,中磊永豐98購01  ,0,0,0,0,0,0,0,0,0,85000,0,0,0,85000,0,85000,85000
055732,全新元富9A購01  ,0,0,0,0,0,0,0,0,0,85000,0,0,0,85000,0,85000,85000
056353,鴻海元大99購02  ,0,0,0,0,0,0,0,0,0,85000,0,0,0,100000,15000,85000,85000
056320,京鼎群益99購01  ,0,0,0,0,0,0,0,0,0,85000,0,0,0,402000,317000,85000,85000
058801,致伸元大99購01  ,120000,0,120000,0,0,0,0,0,0,-35000,0,0,0,130000,165000,-35000,85000
060194,旭富元富9A購01  ,0,0,0,0,0,0,0,0,0,85000,0,0,0,248000,163000,85000,85000
060879,華新科中信9A購02,0,0,0,0,0,0,0,0,0,85000,0,0,0,85000,0,85000,85000
063502,南電永豐9B購02  ,0,0,0,0,0,0,0,0,0,85000,0,0,0,95000,10000,85000,85000
063016,微星元大9C購02  ,0,0,0,0,0,0,0,0,0,85000,0,0,0,90000,5000,85000,85000
063091,聯電中信9B購01  ,0,0,0,0,0,0,0,0,0,85000,0,0,0,185000,100000,85000,85000
063108,世紀鋼群益9C購01,0,0,0,0,0,0,0,0,0,85000,0,0,0,85000,0,85000,85000
062750,可成中信9B購01  ,0,0,0,0,0,0,0,0,0,85000,0,0,0,85000,0,85000,85000
064415,群創麥證9C購01  ,0,0,0,85000,0,85000,0,0,0,85000,0,0,0,85000,0,85000,85000
064391,亞德客永豐9C購01,0,0,0,0,0,0,0,0,0,85000,0,0,0,85000,0,85000,85000
064393,友訊永豐9C購01  ,0,0,0,0,0,0,0,0,0,85000,0,0,0,85000,0,85000,85000
064300,英業達兆豐9C購01,0,0,0,0,0,0,0,0,0,85000,0,0,0,163000,78000,85000,85000
064712,聚陽統一02購03  ,0,0,0,0,0,0,0,0,0,85000,0,0,0,188000,103000,85000,85000
1402,遠東新          ,3482000,3553216,-71216,0,0,0,58000,0,58000,98000,2000,27000,-25000,163000,40000,123000,84784
07344P,鴻海富邦9A售03  ,0,0,0,0,0,0,0,0,0,84000,0,0,0,84000,0,84000,84000
06959P,鴻海凱基9A售02  ,0,0,0,0,0,0,0,0,0,84000,0,0,0,84000,0,84000,84000
059940,微星永豐99購01  ,0,0,0,0,0,0,0,0,0,84000,0,0,0,114000,30000,84000,84000
057612,瑞昱元富02購01  ,0,0,0,0,0,0,0,0,0,84000,0,0,0,86000,2000,84000,84000
061066,嘉晶凱基9B購01  ,0,0,0,0,0,0,0,0,0,84000,0,0,0,102000,18000,84000,84000
061469,瑞祺群益9A購02  ,0,0,0,0,0,0,0,0,0,84000,0,0,0,212000,128000,84000,84000
061595,智易永豐9A購02  ,0,0,0,0,0,0,0,0,0,84000,0,0,0,84000,0,84000,84000
062035,瑞祺群益9B購01  ,0,0,0,0,0,0,0,0,0,84000,0,0,0,97000,13000,84000,84000
064202,景碩兆豐9C購01  ,0,0,0,0,0,0,0,0,0,84000,0,0,0,141000,57000,84000,84000
064397,旭富永豐9C購01  ,0,0,0,0,0,0,0,0,0,84000,0,0,0,91000,7000,84000,84000
063693,智易永豐9B購02  ,0,0,0,0,0,0,0,0,0,84000,0,0,0,84000,0,84000,84000
065155,聯發科群益9C購11,0,0,0,0,0,0,0,0,0,83000,0,0,0,124000,41000,83000,83000
060489,世紀鋼群益9A購01,0,0,0,0,0,0,0,0,0,83000,0,0,0,191000,108000,83000,83000
055894,欣興統一97購03  ,0,0,0,0,0,0,0,0,0,83000,0,0,0,83000,0,83000,83000
057034,道瓊反元大9B購01,0,0,0,0,0,0,0,0,0,83000,0,0,0,83000,0,83000,83000
061515,泰碩永豐9A購03  ,0,0,0,0,0,0,0,0,0,83000,0,0,0,83000,0,83000,83000
059068,台虹國票9A購01  ,0,0,0,0,0,0,0,0,0,83000,0,0,0,108000,25000,83000,83000
060790,日月光富邦9A購01,0,0,0,0,0,0,0,0,0,83000,0,0,0,233000,150000,83000,83000
060758,台積電元大9A購19,0,0,0,0,0,0,0,0,0,83000,0,0,0,206000,123000,83000,83000
063595,燿華中信9B購02  ,0,0,0,0,0,0,0,0,0,83000,0,0,0,85000,2000,83000,83000
064257,台勝科國泰01購01,0,0,0,0,0,0,0,0,0,83000,0,0,0,1160000,1077000,83000,83000
063162,國喬永豐9B購01  ,0,0,0,0,0,0,0,0,0,83000,0,0,0,118000,35000,83000,83000
064821,聯電統一02購01  ,0,0,0,0,0,0,0,0,0,82000,0,0,0,118000,36000,82000,82000
064819,華新統一01購02  ,0,0,0,0,0,0,0,0,0,82000,0,0,0,96000,14000,82000,82000
08173P,金像電凱基9B售02,0,0,0,0,0,0,0,0,0,82000,0,0,0,149000,67000,82000,82000
059957,中信金康和99購01,0,0,0,0,0,0,0,0,0,82000,0,0,0,82000,0,82000,82000
044247,道瓊反元富97購01,0,0,0,0,0,0,0,0,0,82000,0,0,0,82000,0,82000,82000
060336,南電康和9A購01  ,0,0,0,0,0,0,0,0,0,82000,0,0,0,112000,30000,82000,82000
063075,祥碩永豐9B購04  ,0,0,0,0,0,0,0,0,0,82000,0,0,0,84000,2000,82000,82000
063334,復盛國票9B購01  ,0,0,0,0,0,0,0,0,0,82000,0,0,0,120000,38000,82000,82000
062654,技嘉永豐9B購01  ,0,0,0,0,0,0,0,0,0,82000,0,0,0,205000,123000,82000,82000
064571,帆宣群益9C購01  ,0,0,0,0,0,0,0,0,0,82000,0,0,0,158000,76000,82000,82000
064614,友訊元大9C購02  ,0,0,0,0,0,0,0,0,0,82000,0,0,0,82000,0,82000,82000
063924,致新元富9C購01  ,0,0,0,0,0,0,0,0,0,82000,0,0,0,232000,150000,82000,82000
08371P,京元電凱基9C售01,0,0,0,0,0,0,0,0,0,81000,0,0,0,291000,210000,81000,81000
07466P,亞德客元大9A售02,0,0,0,0,0,0,0,0,0,81000,0,0,0,95000,14000,81000,81000
054164,強茂凱基98購01  ,0,0,0,0,0,0,0,0,0,81000,0,0,0,200000,119000,81000,81000
061071,復盛凱基9A購01  ,0,0,0,0,0,0,0,0,0,81000,0,0,0,106000,25000,81000,81000
058655,鴻海中信03購02  ,0,0,0,0,0,0,0,0,0,81000,0,0,0,86000,5000,81000,81000
061678,玉晶光元大9B購04,0,0,0,0,0,0,0,0,0,81000,0,0,0,127000,46000,81000,81000
061826,台郡麥證9B購01  ,0,0,0,81000,0,81000,0,0,0,81000,0,0,0,81000,0,81000,81000
063846,智邦元大9C購01  ,0,0,0,0,0,0,0,0,0,81000,0,0,0,161000,80000,81000,81000
063563,國巨元大9C購07  ,0,0,0,0,0,0,0,0,0,81000,0,0,0,141000,60000,81000,81000
063706,台虹群益9B購01  ,0,0,0,0,0,0,0,0,0,81000,0,0,0,97000,16000,81000,81000
063769,玉晶光國泰02購01,0,0,0,0,0,0,0,0,0,81000,0,0,0,187000,106000,81000,81000
063784,華通中信06購01  ,0,0,0,0,0,0,0,0,0,81000,0,0,0,126000,45000,81000,81000
064242,TPK統一02購01   ,0,0,0,0,0,0,0,0,0,81000,0,0,0,102000,21000,81000,81000
063083,聯發科凱基01購02,0,0,0,0,0,0,0,0,0,81000,0,0,0,141000,60000,81000,81000
062947,國巨富邦01購01  ,0,0,0,0,0,0,0,0,0,81000,0,0,0,151000,70000,81000,81000
5519,隆大            ,131000,50000,81000,0,0,0,0,0,0,0,0,0,0,0,0,0,81000
07647P,健策國票9A售04  ,0,0,0,0,0,0,0,0,0,80000,0,0,0,262000,182000,80000,80000
2704,國賓            ,109000,29000,80000,0,0,0,0,0,0,0,0,0,0,0,0,0,80000
055288,日電貿元大97購02,0,0,0,0,0,0,0,0,0,80000,0,0,0,80000,0,80000,80000
060423,智易永豐9A購01  ,0,0,0,0,0,0,0,0,0,80000,0,0,0,82000,2000,80000,80000
056895,技嘉元大98購01  ,0,0,0,0,0,0,0,0,0,80000,0,0,0,173000,93000,80000,80000
056267,文曄統一97購02  ,0,0,0,0,0,0,0,0,0,80000,0,0,0,80000,0,80000,80000
057445,華通元富02購01  ,0,0,0,0,0,0,0,0,0,80000,0,0,0,80000,0,80000,80000
061471,台積電元大9A購31,0,0,0,0,0,0,0,0,0,80000,0,0,0,80000,0,80000,80000
061490,茂林兆豐9B購01  ,0,0,0,0,0,0,0,0,0,80000,0,0,0,85000,5000,80000,80000
058881,全新永豐99購01  ,0,0,0,0,0,0,0,0,0,80000,0,0,0,90000,10000,80000,80000
058577,南亞科群益99購02,0,0,0,0,0,0,0,0,0,80000,0,0,0,200000,120000,80000,80000
058634,可成兆豐99購03  ,0,0,0,0,0,0,0,0,0,80000,0,0,0,80000,0,80000,80000
060916,金像電國泰9C購01,0,0,0,0,0,0,0,0,0,80000,0,0,0,205000,125000,80000,80000
059831,聯詠康和99購01  ,0,0,0,0,0,0,0,0,0,80000,0,0,0,80000,0,80000,80000
1210,大成            ,142000,244000,-102000,0,0,0,0,0,0,181000,183000,2000,181000,0,0,0,79000
057320,玉晶光凱基98購01,0,0,0,0,0,0,0,0,0,79000,0,0,0,186000,107000,79000,79000
056250,瑞昱兆豐97購02  ,0,0,0,0,0,0,0,0,0,79000,0,0,0,89000,10000,79000,79000
057619,玉晶光凱基98購02,0,0,0,0,0,0,0,0,0,79000,0,0,0,87000,8000,79000,79000
059198,華新科永豐99購06,0,0,0,0,0,0,0,0,0,79000,0,0,0,103000,24000,79000,79000
061655,微星國票9A購01  ,0,0,0,0,0,0,0,0,0,79000,0,0,0,81000,2000,79000,79000
062128,祥碩統一01購01  ,0,0,0,0,0,0,0,0,0,79000,0,0,0,131000,52000,79000,79000
9136,巨騰-DR         ,79000,5000,74000,0,0,0,0,0,0,5000,5000,0,5000,0,0,0,79000
07216P,大立光凱基99售08,0,0,0,0,0,0,0,0,0,78000,0,0,0,78000,0,78000,78000
057633,緯穎永豐98購02  ,0,0,0,0,0,0,0,0,0,78000,0,0,0,78000,0,78000,78000
056571,燿華元大98購02  ,0,0,0,0,0,0,0,0,0,78000,0,0,0,207000,129000,78000,78000
061617,微星群益9A購02  ,0,0,0,0,0,0,0,0,0,78000,0,0,0,116000,38000,78000,78000
062708,立積元大9B購01  ,0,0,0,0,0,0,0,0,0,78000,0,0,0,122000,44000,78000,78000
064238,玉晶光統一01購08,0,0,0,0,0,0,0,0,0,78000,0,0,0,80000,2000,78000,78000
06438P,玉晶光國票99售02,0,0,0,0,0,0,0,0,0,78000,0,0,0,283000,205000,78000,78000
064480,聚陽永豐9C購01  ,0,0,0,0,0,0,0,0,0,78000,0,0,0,81000,3000,78000,78000
064629,和潤元大9C購01  ,0,0,0,0,0,0,0,0,0,78000,0,0,0,127000,49000,78000,78000
064643,瑞昱凱基04購01  ,0,0,0,0,0,0,0,0,0,78000,0,0,0,80000,2000,78000,78000
065181,南電元大01購01  ,0,0,0,0,0,0,0,0,0,77000,0,0,0,121000,44000,77000,77000
057720,日電貿元富98購01,0,0,0,0,0,0,0,0,0,77000,0,0,0,275000,198000,77000,77000
059054,國巨凱基99購11  ,0,0,0,0,0,0,0,0,0,77000,0,0,0,207000,130000,77000,77000
064422,聯發科兆豐01購02,0,0,0,0,0,0,0,0,0,77000,0,0,0,84000,7000,77000,77000
064443,同欣電凱基03購01,0,0,0,0,0,0,0,0,0,77000,0,0,0,110000,33000,77000,77000
063539,世紀鋼統一9B購02,0,0,0,0,0,0,0,0,0,77000,0,0,0,82000,5000,77000,77000
064042,國巨統一9C購12  ,0,0,0,0,0,0,0,0,0,77000,0,0,0,274000,197000,77000,77000
063063,泰鼎元富9B購01  ,0,0,0,0,0,0,0,0,0,77000,0,0,0,82000,5000,77000,77000
063328,京元電國票9C購02,0,0,0,0,0,0,0,0,0,77000,0,0,0,89000,12000,77000,77000
063511,南電群益9B購02  ,0,0,0,0,0,0,0,0,0,77000,0,0,0,80000,3000,77000,77000
07206P,鴻海凱基9A售11  ,0,0,0,0,0,0,0,0,0,76000,0,0,0,80000,4000,76000,76000
08274P,台積電元富9C售02,0,0,0,0,0,0,0,0,0,76000,0,0,0,76000,0,76000,76000
2520,冠德            ,1308000,1234000,74000,0,0,0,0,0,0,2000,235000,150000,85000,77000,160000,-83000,76000
057057,立積元大9A購01  ,0,0,0,0,0,0,0,0,0,76000,0,0,0,76000,0,76000,76000
061816,長榮航群益9B購02,0,0,0,0,0,0,0,0,0,76000,0,0,0,76000,0,76000,76000
061808,聯發科統一01購02,0,0,0,0,0,0,0,0,0,76000,0,0,0,91000,15000,76000,76000
061945,華通群益9B購04  ,0,0,0,0,0,0,0,0,0,76000,0,0,0,77000,1000,76000,76000
058049,帆宣元大98購01  ,0,0,0,0,0,0,0,0,0,76000,0,0,0,76000,0,76000,76000
062831,嘉澤群益9B購01  ,0,0,0,0,0,0,0,0,0,76000,0,0,0,76000,0,76000,76000
062609,帆宣凱基9B購01  ,0,0,0,0,0,0,0,0,0,76000,0,0,0,128000,52000,76000,76000
4106,雃博            ,337000,262000,75000,0,0,0,0,0,0,1000,2000,1000,1000,0,0,0,76000
2887E,台新戊特        ,0,0,0,0,0,0,0,0,0,75000,75000,0,75000,0,0,0,75000
057451,大立光元富9B購01,0,0,0,0,0,0,0,0,0,75000,0,0,0,80000,5000,75000,75000
057077,國巨統一98購06  ,0,0,0,0,0,0,0,0,0,75000,0,0,0,85000,10000,75000,75000
055411,國巨富邦9A購02  ,0,0,0,0,0,0,0,0,0,75000,0,0,0,75000,0,75000,75000
048070,聯發科元富99購03,0,0,0,0,0,0,0,0,0,75000,0,0,0,90000,15000,75000,75000
03657C,T50反1元大99牛01,0,0,0,0,0,0,0,0,0,75000,0,0,0,298000,223000,75000,75000
061067,貿聯凱基9A購03  ,0,0,0,0,0,0,0,0,0,75000,0,0,0,291000,216000,75000,75000
058298,聯茂凱基99購05  ,0,0,0,0,0,0,0,0,0,75000,0,0,0,134000,59000,75000,75000
059086,國巨元大99購18  ,0,0,0,0,0,0,0,0,0,75000,0,0,0,81000,6000,75000,75000
058810,國巨統一9B購04  ,0,0,0,0,0,0,0,0,0,75000,0,0,0,75000,0,75000,75000
062668,國巨中信9B購04  ,0,0,0,0,0,0,0,0,0,75000,0,0,0,142000,67000,75000,75000
062954,世芯永豐9B購03  ,0,0,0,0,0,0,0,0,0,75000,0,0,0,148000,73000,75000,75000
06371P,茂林國票98售04  ,0,0,0,0,0,0,0,0,0,75000,0,0,0,80000,5000,75000,75000
2882A,國泰特          ,0,0,0,0,0,0,0,0,0,74000,78000,4000,74000,0,0,0,74000
08096P,大立光元富9B售04,0,0,0,0,0,0,0,0,0,74000,0,0,0,98000,24000,74000,74000
1416,廣豐            ,130000,69000,61000,0,0,0,0,0,0,13000,13000,0,13000,0,0,0,74000
08495P,同欣電元大9C售08,0,0,0,0,0,0,0,0,0,74000,0,0,0,140000,66000,74000,74000
07217P,大立光凱基9A售05,0,0,0,0,0,0,0,0,0,74000,0,0,0,74000,0,74000,74000
061951,南電群益9B購01  ,0,0,0,0,0,0,0,0,0,74000,0,0,0,192000,118000,74000,74000
058592,聯發科統一9C購01,0,0,0,0,0,0,0,0,0,74000,0,0,0,93000,19000,74000,74000
064139,裕隆統一01購02  ,0,0,0,0,0,0,0,0,0,74000,0,0,0,129000,55000,74000,74000
062707,致伸元大9B購01  ,0,0,0,0,0,0,0,0,0,74000,0,0,0,82000,8000,74000,74000
8033,雷虎            ,108000,32000,76000,0,0,0,0,0,0,-2000,0,2000,-2000,0,0,0,74000
6452,康友-KY         ,209000,401000,-192000,0,0,0,0,0,0,266000,1000,1000,0,270000,4000,266000,74000
00717,富邦美國特別股  ,0,0,0,0,0,0,0,0,0,73000,0,0,0,483000,410000,73000,73000
056535,全新凱基99購02  ,0,0,0,0,0,0,0,0,0,73000,0,0,0,73000,0,73000,73000
057733,嘉聯益國泰99購01,0,0,0,0,0,0,0,0,0,73000,0,0,0,73000,0,73000,73000
057056,立積元大99購02  ,0,0,0,0,0,0,0,0,0,73000,0,0,0,101000,28000,73000,73000
060306,台肥永豐9A購01  ,0,0,0,0,0,0,0,0,0,73000,0,0,0,104000,31000,73000,73000
062113,瑞祺國票9B購01  ,0,0,0,0,0,0,0,0,0,73000,0,0,0,77000,4000,73000,73000
062063,世紀鋼統一9C購01,0,0,0,0,0,0,0,0,0,73000,0,0,0,93000,20000,73000,73000
062220,台光電統一01購01,0,0,0,0,0,0,0,0,0,73000,0,0,0,121000,48000,73000,73000
063215,台表科國票9C購02,0,0,0,0,0,0,0,0,0,73000,0,0,0,73000,0,73000,73000
06535P,可成群益99售02  ,0,0,0,0,0,0,0,0,0,72000,0,0,0,72000,0,72000,72000
057376,新日興元大98購04,0,0,0,0,0,0,0,0,0,72000,0,0,0,79000,7000,72000,72000
055943,瑞昱麥證97購01  ,0,0,0,72000,0,72000,0,0,0,72000,0,0,0,72000,0,72000,72000
00766L,台新MSCI中國正2 ,0,0,0,0,0,0,0,0,0,72000,0,0,0,273000,201000,72000,72000
058408,華通兆豐99購02  ,0,0,0,0,0,0,0,0,0,72000,0,0,0,73000,1000,72000,72000
058091,欣興元大99購03  ,0,0,0,0,0,0,0,0,0,72000,0,0,0,289000,217000,72000,72000
062610,啟碁凱基9B購01  ,0,0,0,0,0,0,0,0,0,72000,0,0,0,122000,50000,72000,72000
064482,微星永豐9C購01  ,0,0,0,0,0,0,0,0,0,72000,0,0,0,140000,68000,72000,72000
064537,健鼎國票01購02  ,0,0,0,0,0,0,0,0,0,72000,0,0,0,72000,0,72000,72000
065272,聯茂元大9C購05  ,0,0,0,0,0,0,0,0,0,71000,0,0,0,71000,0,71000,71000
07791P,奇鋐元大9A售02  ,0,0,0,0,0,0,0,0,0,71000,0,0,0,71000,0,71000,71000
08275P,南亞科元富9C售01,0,0,0,0,0,0,0,0,0,71000,0,0,0,74000,3000,71000,71000
057481,技嘉元大98購04  ,0,0,0,0,0,0,0,0,0,71000,0,0,0,78000,7000,71000,71000
057886,聯詠群益98購01  ,0,0,0,0,0,0,0,0,0,71000,0,0,0,71000,0,71000,71000
060017,全新康和99購01  ,0,0,0,0,0,0,0,0,0,71000,0,0,0,71000,0,71000,71000
058124,玉晶光國票9A購01,0,0,0,0,0,0,0,0,0,71000,0,0,0,79000,8000,71000,71000
059351,台虹凱基99購01  ,0,0,0,0,0,0,0,0,0,71000,0,0,0,182000,111000,71000,71000
064576,世紀鋼群益01購01,0,0,0,0,0,0,0,0,0,71000,0,0,0,71000,0,71000,71000
064483,瑞儀永豐9C購01  ,0,0,0,0,0,0,0,0,0,71000,0,0,0,74000,3000,71000,71000
064243,TPK統一02購02   ,0,0,0,0,0,0,0,0,0,71000,0,0,0,71000,0,71000,71000
063790,南亞科台新9C購01,0,0,0,0,0,0,0,0,0,71000,0,0,0,71000,0,71000,71000
062629,聯發科國票9C購01,0,0,0,0,0,0,0,0,0,71000,0,0,0,71000,0,71000,71000
062709,帆宣元大9B購01  ,0,0,0,0,0,0,0,0,0,71000,0,0,0,81000,10000,71000,71000
062811,鴻海兆豐9B購01  ,0,0,0,0,0,0,0,0,0,71000,0,0,0,93000,22000,71000,71000
063310,和大群益9B購02  ,0,0,0,0,0,0,0,0,0,71000,0,0,0,91000,20000,71000,71000
063441,台達電統一9C購01,0,0,0,0,0,0,0,0,0,71000,0,0,0,71000,0,71000,71000
062978,世芯元富9B購01  ,0,0,0,0,0,0,0,0,0,71000,0,0,0,71000,0,71000,71000
08473P,康控凱基9C售01  ,0,0,0,0,0,0,0,0,0,70000,0,0,0,120000,50000,70000,70000
07691P,宏達電元大9A售05,0,0,0,0,0,0,0,0,0,70000,0,0,0,120000,50000,70000,70000
06984P,上銀富邦9B售01  ,0,0,0,0,0,0,0,0,0,70000,0,0,0,203000,133000,70000,70000
07009P,臺股指中信9B售01,0,0,0,0,0,0,0,0,0,70000,0,0,0,90000,20000,70000,70000
055916,奇鋐凱基99購01  ,0,0,0,0,0,0,0,0,0,70000,0,0,0,110000,40000,70000,70000
056146,台虹元大98購01  ,0,0,0,0,0,0,0,0,0,70000,0,0,0,70000,0,70000,70000
057537,聯茂元大98購04  ,0,0,0,0,0,0,0,0,0,70000,0,0,0,72000,2000,70000,70000
057539,南茂元大98購02  ,0,0,0,0,0,0,0,0,0,70000,0,0,0,70000,0,70000,70000
055496,高鐵元大97購02  ,0,0,0,0,0,0,0,0,0,70000,0,0,0,90000,20000,70000,70000
052944,宏達電國票97購01,0,0,0,0,0,0,0,0,0,70000,0,0,0,70000,0,70000,70000
050400,臻鼎中信97購01  ,0,0,0,0,0,0,0,0,0,70000,0,0,0,70000,0,70000,70000
058523,聯茂元大99購08  ,0,0,0,0,0,0,0,0,0,70000,0,0,0,70000,0,70000,70000
060723,致新永豐9A購01  ,0,0,0,0,0,0,0,0,0,70000,0,0,0,80000,10000,70000,70000
059215,台積電元大99購28,0,0,0,0,0,0,0,0,0,70000,0,0,0,70000,0,70000,70000
061309,鴻海統一9C購05  ,0,0,0,0,0,0,0,0,0,70000,0,0,0,70000,0,70000,70000
061995,超眾元大01購01  ,0,0,0,0,0,0,0,0,0,70000,0,0,0,120000,50000,70000,70000
062114,GIS國票9C購01   ,0,0,0,0,0,0,0,0,0,70000,0,0,0,270000,200000,70000,70000
059036,可成群益9B購03  ,0,0,0,0,0,0,0,0,0,70000,0,0,0,152000,82000,70000,70000
058908,貿聯元大99購03  ,0,0,0,0,0,0,0,0,0,70000,0,0,0,100000,30000,70000,70000
058931,玉晶光統一9C購01,0,0,0,0,0,0,0,0,0,70000,0,0,0,83000,13000,70000,70000
063465,友達元大9C購10  ,0,0,0,0,0,0,0,0,0,70000,0,0,0,108000,38000,70000,70000
063307,同欣電凱基9B購02,0,0,0,0,0,0,0,0,0,70000,0,0,0,70000,0,70000,70000
063305,亞光凱基9B購01  ,0,0,0,0,0,0,0,0,0,70000,0,0,0,120000,50000,70000,70000
062550,啟碁永豐9B購01  ,0,0,0,0,0,0,0,0,0,70000,0,0,0,70000,0,70000,70000
062320,南電凱基9B購03  ,0,0,0,0,0,0,0,0,0,70000,0,0,0,80000,10000,70000,70000
063626,聚陽元大9B購03  ,0,0,0,0,0,0,0,0,0,70000,0,0,0,161000,91000,70000,70000
064104,TPK群益9C購02   ,0,0,0,0,0,0,0,0,0,70000,0,0,0,105000,35000,70000,70000
064465,台表科統一01購02,0,0,0,0,0,0,0,0,0,70000,0,0,0,877000,807000,70000,70000
07215P,大立光凱基99售07,0,0,0,0,0,0,0,0,0,69000,0,0,0,71000,2000,69000,69000
056962,技嘉永豐98購01  ,0,0,0,0,0,0,0,0,0,69000,0,0,0,209000,140000,69000,69000
058270,上緯控永豐99購01,0,0,0,0,0,0,0,0,0,69000,0,0,0,89000,20000,69000,69000
060234,凱美元大9C購01  ,0,0,0,0,0,0,0,0,0,69000,0,0,0,80000,11000,69000,69000
060823,旺宏元大9A購05  ,0,0,0,0,0,0,0,0,0,69000,0,0,0,70000,1000,69000,69000
063314,美律群益9B購01  ,0,0,0,0,0,0,0,0,0,69000,0,0,0,163000,94000,69000,69000
062996,致茂國票9C購01  ,0,0,0,0,0,0,0,0,0,69000,0,0,0,91000,22000,69000,69000
07011P,宏達電凱基99售02,0,0,0,0,0,0,0,0,0,68000,0,0,0,68000,0,68000,68000
064787,和潤群益9C購01  ,0,0,0,0,0,0,0,0,0,68000,0,0,0,69000,1000,68000,68000
060406,瑞祺國泰9B購01  ,0,0,0,0,0,0,0,0,0,68000,0,0,0,68000,0,68000,68000
057827,康友元大98購03  ,0,0,0,0,0,0,0,0,0,68000,0,0,0,68000,0,68000,68000
057803,上銀元大98購08  ,0,0,0,0,0,0,0,0,0,68000,0,0,0,68000,0,68000,68000
056622,高鐵永豐98購01  ,0,0,0,0,0,0,0,0,0,68000,0,0,0,68000,0,68000,68000
057270,遠東新元大98購01,0,0,0,0,0,0,0,0,0,68000,0,0,0,68000,0,68000,68000
055109,正崴凱基98購01  ,0,0,0,0,0,0,0,0,0,68000,0,0,0,70000,2000,68000,68000
052130,國巨凱基9B購01  ,0,0,0,0,0,0,0,0,0,68000,0,0,0,76000,8000,68000,68000
053032,國巨兆豐97購02  ,0,0,0,0,0,0,0,0,0,68000,0,0,0,68000,0,68000,68000
059450,和大永豐99購01  ,0,0,0,0,0,0,0,0,0,68000,0,0,0,85000,17000,68000,68000
058512,宏達電元大99購04,0,0,0,0,0,0,0,0,0,68000,0,0,0,68000,0,68000,68000
060309,佳世達永豐9A購01,0,0,0,0,0,0,0,0,0,68000,0,0,0,68000,0,68000,68000
060365,京鼎元富9A購01  ,0,0,0,0,0,0,0,0,0,68000,0,0,0,68000,0,68000,68000
060561,台積電富邦04購01,0,0,0,0,0,0,0,0,0,68000,0,0,0,101000,33000,68000,68000
058145,聯茂元大99購03  ,0,0,0,0,0,0,0,0,0,68000,0,0,0,68000,0,68000,68000
063077,巨大永豐9B購03  ,0,0,0,0,0,0,0,0,0,68000,0,0,0,68000,0,68000,68000
063167,同欣電永豐9B購03,0,0,0,0,0,0,0,0,0,68000,0,0,0,68000,0,68000,68000
063146,南六統一9B購02  ,0,0,0,0,0,0,0,0,0,68000,0,0,0,98000,30000,68000,68000
063486,聚陽國泰9C購01  ,0,0,0,0,0,0,0,0,0,68000,0,0,0,68000,0,68000,68000
062444,大立光元大9C購01,0,0,0,0,0,0,0,0,0,68000,0,0,0,68000,0,68000,68000
062246,力山元大9B購02  ,0,0,0,0,0,0,0,0,0,68000,0,0,0,85000,17000,68000,68000
062263,康控元大9B購03  ,0,0,0,0,0,0,0,0,0,68000,0,0,0,70000,2000,68000,68000
064438,大立光凱基01購03,0,0,0,0,0,0,0,0,0,68000,0,0,0,68000,0,68000,68000
064074,南茂永豐9C購01  ,0,0,0,0,0,0,0,0,0,68000,0,0,0,70000,2000,68000,68000
063991,南六永豐9C購02  ,0,0,0,0,0,0,0,0,0,68000,0,0,0,68000,0,68000,68000
063627,上銀元大9B購09  ,0,0,0,0,0,0,0,0,0,68000,0,0,0,68000,0,68000,68000
063818,矽創群益9C購01  ,0,0,0,0,0,0,0,0,0,68000,0,0,0,108000,40000,68000,68000
2605,新興            ,430000,322000,108000,0,0,0,0,0,0,-41000,6000,47000,-41000,0,0,0,67000
056463,台虹凱基98購02  ,0,0,0,0,0,0,0,0,0,67000,0,0,0,83000,16000,67000,67000
057741,超眾富邦98購01  ,0,0,0,0,0,0,0,0,0,67000,0,0,0,130000,63000,67000,67000
060427,聯茂永豐9A購01  ,0,0,0,0,0,0,0,0,0,67000,0,0,0,80000,13000,67000,67000
060479,億豐元大9A購01  ,0,0,0,0,0,0,0,0,0,67000,0,0,0,67000,0,67000,67000
058147,鈺齊元大99購01  ,0,0,0,0,0,0,0,0,0,67000,0,0,0,67000,0,67000,67000
058156,超眾統一9A購02  ,0,0,0,0,0,0,0,0,0,67000,0,0,0,236000,169000,67000,67000
061372,世紀鋼國泰9C購01,0,0,0,0,0,0,0,0,0,67000,0,0,0,140000,73000,67000,67000
063946,聯發科元大9C購04,0,0,0,0,0,0,0,0,0,67000,0,0,0,149000,82000,67000,67000
063902,志超群益9C購01  ,0,0,0,0,0,0,0,0,0,67000,0,0,0,67000,0,67000,67000
064136,致新元大9C購01  ,0,0,0,0,0,0,0,0,0,67000,0,0,0,110000,43000,67000,67000
062853,大毅永豐9B購03  ,0,0,0,0,0,0,0,0,0,67000,0,0,0,129000,62000,67000,67000
07875P,祥碩群益9B售01  ,0,0,0,0,0,0,0,0,0,66000,0,0,0,86000,20000,66000,66000
064826,南亞科統一01購03,0,0,0,0,0,0,0,0,0,66000,0,0,0,66000,0,66000,66000
07255P,國巨凱基99售15  ,0,0,0,0,0,0,0,0,0,66000,0,0,0,105000,39000,66000,66000
059950,百和永豐99購02  ,0,0,0,0,0,0,0,0,0,66000,0,0,0,66000,0,66000,66000
060088,國巨元大99購30  ,0,0,0,0,0,0,0,0,0,66000,0,0,0,69000,3000,66000,66000
057874,可成元大99購02  ,0,0,0,0,0,0,0,0,0,66000,0,0,0,68000,2000,66000,66000
057396,健鼎中信99購01  ,0,0,0,0,0,0,0,0,0,66000,0,0,0,66000,0,66000,66000
055761,創意群益97購01  ,0,0,0,0,0,0,0,0,0,66000,0,0,0,66000,0,66000,66000
055337,超眾兆豐98購01  ,0,0,0,0,0,0,0,0,0,66000,0,0,0,80000,14000,66000,66000
055442,矽創國票98購02  ,0,0,0,0,0,0,0,0,0,66000,0,0,0,66000,0,66000,66000
058739,喬山中信99購01  ,0,0,0,0,0,0,0,0,0,66000,0,0,0,106000,40000,66000,66000
062036,致新群益9B購01  ,0,0,0,0,0,0,0,0,0,66000,0,0,0,142000,76000,66000,66000
062594,祥碩統一01購02  ,0,0,0,0,0,0,0,0,0,66000,0,0,0,66000,0,66000,66000
062142,喬山國票9B購01  ,0,0,0,0,0,0,0,0,0,66000,0,0,0,84000,18000,66000,66000
062428,超眾統一9B購01  ,0,0,0,0,0,0,0,0,0,66000,0,0,0,107000,41000,66000,66000
063438,聚陽統一9C購01  ,0,0,0,0,0,0,0,0,0,66000,0,0,0,73000,7000,66000,66000
063125,華擎元大9C購02  ,0,0,0,0,0,0,0,0,0,66000,0,0,0,86000,20000,66000,66000
063830,智伸科國票01購01,0,0,0,0,0,0,0,0,0,66000,0,0,0,66000,0,66000,66000
064308,國巨群益9C購09  ,0,0,0,0,0,0,0,0,0,66000,0,0,0,398000,332000,66000,66000
06884P,台郡群益98售03  ,0,0,0,0,0,0,0,0,0,65000,0,0,0,65000,0,65000,65000
08323P,華新科凱基9C售04,0,0,0,0,0,0,0,0,0,65000,0,0,0,65000,0,65000,65000
055667,致茂群益98購01  ,0,0,0,0,0,0,0,0,0,65000,0,0,0,65000,0,65000,65000
057206,立積元富98購01  ,0,0,0,0,0,0,0,0,0,65000,0,0,0,231000,166000,65000,65000
056994,緯穎兆豐98購02  ,0,0,0,0,0,0,0,0,0,65000,0,0,0,175000,110000,65000,65000
056930,晶豪科台新98購01,0,0,0,0,0,0,0,0,0,65000,0,0,0,65000,0,65000,65000
056275,國巨國泰98購04  ,0,0,0,0,0,0,0,0,0,65000,0,0,0,135000,70000,65000,65000
058911,茂林元大99購04  ,0,0,0,0,0,0,0,0,0,65000,0,0,0,161000,96000,65000,65000
058587,台積電中信9C購03,0,0,0,0,0,0,0,0,0,65000,0,0,0,133000,68000,65000,65000
061254,道瓊反凱基9A購02,0,0,0,0,0,0,0,0,0,65000,0,0,0,65000,0,65000,65000
061155,華新科群益9A購06,0,0,0,0,0,0,0,0,0,65000,0,0,0,225000,160000,65000,65000
064448,裕隆統一02購01  ,0,0,0,0,0,0,0,0,0,65000,0,0,0,113000,48000,65000,65000
063813,瑞昱群益9C購02  ,0,0,0,0,0,0,0,0,0,65000,0,0,0,69000,4000,65000,65000
063659,世紀鋼元富9B購01,0,0,0,0,0,0,0,0,0,65000,0,0,0,74000,9000,65000,65000
063543,技嘉台新9B購02  ,0,0,0,0,0,0,0,0,0,65000,0,0,0,113000,48000,65000,65000
063964,瑞昱國票01購01  ,0,0,0,0,0,0,0,0,0,65000,0,0,0,72000,7000,65000,65000
063178,聯發科兆豐9B購04,0,0,0,0,0,0,0,0,0,65000,0,0,0,73000,8000,65000,65000
063013,技嘉元大9B購02  ,0,0,0,0,0,0,0,0,0,65000,0,0,0,316000,251000,65000,65000
062969,旺宏元富9B購01  ,0,0,0,0,0,0,0,0,0,65000,0,0,0,85000,20000,65000,65000
06242P,大立光元富9A售02,0,0,0,0,0,0,0,0,0,65000,0,0,0,69000,4000,65000,65000
062328,南亞科統一9C購01,0,0,0,0,0,0,0,0,0,65000,0,0,0,66000,1000,65000,65000
2419,仲琦            ,236000,171000,65000,0,0,0,0,0,0,-1000,0,1000,-1000,0,0,0,64000
064799,裕隆元大9C購02  ,0,0,0,0,0,0,0,0,0,64000,0,0,0,99000,35000,64000,64000
057849,南茂永豐98購02  ,0,0,0,0,0,0,0,0,0,64000,0,0,0,68000,4000,64000,64000
060504,技嘉元大9A購02  ,0,0,0,0,0,0,0,0,0,64000,0,0,0,193000,129000,64000,64000
057923,晶豪科凱基98購02,0,0,0,0,0,0,0,0,0,64000,0,0,0,66000,2000,64000,64000
057189,康控元大98購02  ,0,0,0,0,0,0,0,0,0,64000,0,0,0,64000,0,64000,64000
056582,易華電元大98購01,0,0,0,0,0,0,0,0,0,64000,0,0,0,64000,0,64000,64000
061283,智邦統一9A購01  ,0,0,0,0,0,0,0,0,0,64000,0,0,0,419000,355000,64000,64000
059114,華新科永豐99購05,0,0,0,0,0,0,0,0,0,64000,0,0,0,64000,0,64000,64000
062379,致新元大9B購01  ,0,0,0,0,0,0,0,0,0,64000,0,0,0,64000,0,64000,64000
062364,瑞昱元大9B購04  ,0,0,0,0,0,0,0,0,0,64000,0,0,0,66000,2000,64000,64000
062182,華新科元大9B購07,0,0,0,0,0,0,0,0,0,64000,0,0,0,64000,0,64000,64000
063147,東元元富9B購01  ,0,0,0,0,0,0,0,0,0,64000,0,0,0,64000,0,64000,64000
064114,南茂國票01購01  ,0,0,0,0,0,0,0,0,0,64000,0,0,0,64000,0,64000,64000
063535,聯發科統一9B購13,0,0,0,0,0,0,0,0,0,64000,0,0,0,95000,31000,64000,64000
063725,聯電元大9C購03  ,0,0,0,0,0,0,0,0,0,64000,0,0,0,94000,30000,64000,64000
064380,超眾元富9C購03  ,0,0,0,0,0,0,0,0,0,64000,0,0,0,160000,96000,64000,64000
064949,南亞科凱基9C購01,0,0,0,0,0,0,0,0,0,63000,0,0,0,63000,0,63000,63000
065051,和碩凱基02購01  ,0,0,0,0,0,0,0,0,0,63000,0,0,0,164000,101000,63000,63000
06928P,鴻海元大99售10  ,0,0,0,0,0,0,0,0,0,63000,0,0,0,63000,0,63000,63000
08229P,祥碩國票9B售04  ,0,0,0,0,0,0,0,0,0,63000,0,0,0,90000,27000,63000,63000
057084,立積統一9B購01  ,0,0,0,0,0,0,0,0,0,63000,0,0,0,63000,0,63000,63000
053063,力山群益98購01  ,0,0,0,0,0,0,0,0,0,63000,0,0,0,83000,20000,63000,63000
058669,上銀群益99購01  ,0,0,0,0,0,0,0,0,0,63000,0,0,0,63000,0,63000,63000
061190,力山永豐9A購02  ,0,0,0,0,0,0,0,0,0,63000,0,0,0,63000,0,63000,63000
060861,漢唐永豐9A購01  ,0,0,0,0,0,0,0,0,0,63000,0,0,0,73000,10000,63000,63000
060981,旺宏元大9A購08  ,0,0,0,0,0,0,0,0,0,63000,0,0,0,63000,0,63000,63000
058603,台積電元大99購12,0,0,0,0,0,0,0,0,0,63000,0,0,0,64000,1000,63000,63000
064265,嘉聯益永豐9C購02,0,0,0,0,0,0,0,0,0,63000,0,0,0,70000,7000,63000,63000
064181,景碩富邦9C購01  ,0,0,0,0,0,0,0,0,0,63000,0,0,0,63000,0,63000,63000
063845,旺宏元大9C購03  ,0,0,0,0,0,0,0,0,0,63000,0,0,0,73000,10000,63000,63000
063450,華新科統一02購01,0,0,0,0,0,0,0,0,0,63000,0,0,0,234000,171000,63000,63000
063322,台郡群益9B購02  ,0,0,0,0,0,0,0,0,0,63000,0,0,0,103000,40000,63000,63000
08149P,祥碩群益9B售07  ,0,0,0,0,0,0,0,0,0,62000,0,0,0,130000,68000,62000,62000
08542P,台勝科國票02售01,0,0,0,0,0,0,0,0,0,62000,0,0,0,157000,95000,62000,62000
2101,南港            ,814000,626000,188000,0,0,0,29000,0,29000,-155000,2000,1000,1000,14000,170000,-156000,62000
3057,喬鼎            ,69000,7000,62000,0,0,0,0,0,0,0,0,0,0,0,0,0,62000
052806,玉晶光元大98購04,0,0,0,0,0,0,0,0,0,62000,0,0,0,64000,2000,62000,62000
056457,嘉澤凱基98購01  ,0,0,0,0,0,0,0,0,0,62000,0,0,0,74000,12000,62000,62000
056483,TPK元大98購01   ,0,0,0,0,0,0,0,0,0,62000,0,0,0,133000,71000,62000,62000
057377,康控元大99購02  ,0,0,0,0,0,0,0,0,0,62000,0,0,0,165000,103000,62000,62000
058358,技嘉凱基9A購01  ,0,0,0,0,0,0,0,0,0,62000,0,0,0,126000,64000,62000,62000
060151,旺宏富邦9A購02  ,0,0,0,0,0,0,0,0,0,62000,0,0,0,62000,0,62000,62000
058732,矽格永豐99購01  ,0,0,0,0,0,0,0,0,0,62000,0,0,0,483000,421000,62000,62000
059113,群光永豐99購01  ,0,0,0,0,0,0,0,0,0,62000,0,0,0,126000,64000,62000,62000
058788,喬山元大99購01  ,0,0,0,0,0,0,0,0,0,62000,0,0,0,76000,14000,62000,62000
061924,聯發科凱基9C購01,0,0,0,0,0,0,0,0,0,62000,0,0,0,62000,0,62000,62000
061405,亞德客國票9B購01,0,0,0,0,0,0,0,0,0,62000,0,0,0,65000,3000,62000,62000
061564,華擎國票9A購02  ,0,0,0,0,0,0,0,0,0,62000,0,0,0,135000,73000,62000,62000
063758,聯發科統一9B購14,0,0,0,0,0,0,0,0,0,62000,0,0,0,80000,18000,62000,62000
063558,聚陽元大9B購02  ,0,0,0,0,0,0,0,0,0,62000,0,0,0,225000,163000,62000,62000
063613,全新群益9C購01  ,0,0,0,0,0,0,0,0,0,62000,0,0,0,116000,54000,62000,62000
2739,寒舍            ,65000,4000,61000,0,0,0,0,0,0,0,0,0,0,0,0,0,61000
08157P,大立光元富9B售06,0,0,0,0,0,0,0,0,0,61000,0,0,0,89000,28000,61000,61000
057179,可成元大98購04  ,0,0,0,0,0,0,0,0,0,61000,0,0,0,71000,10000,61000,61000
056479,玉晶光元大99購05,0,0,0,0,0,0,0,0,0,61000,0,0,0,68000,7000,61000,61000
057135,立積凱基98購01  ,0,0,0,0,0,0,0,0,0,61000,0,0,0,71000,10000,61000,61000
061920,台積電凱基9C購02,0,0,0,0,0,0,0,0,0,61000,0,0,0,76000,15000,61000,61000
059056,技嘉凱基99購02  ,0,0,0,0,0,0,0,0,0,61000,0,0,0,211000,150000,61000,61000
060679,聯詠元大9A購04  ,0,0,0,0,0,0,0,0,0,61000,0,0,0,69000,8000,61000,61000
063644,祥碩元大9B購10  ,0,0,0,0,0,0,0,0,0,61000,0,0,0,61000,0,61000,61000
064152,義隆統一02購02  ,0,0,0,0,0,0,0,0,0,61000,0,0,0,383000,322000,61000,61000
062682,全新統一9B購01  ,0,0,0,0,0,0,0,0,0,61000,0,0,0,71000,10000,61000,61000
07886P,國巨國票9B售06  ,0,0,0,0,0,0,0,0,0,60000,0,0,0,60000,0,60000,60000
08042P,臺股指群益9B售15,0,0,0,0,0,0,0,0,0,60000,0,0,0,65000,5000,60000,60000
2420,新巨            ,87000,27000,60000,0,0,0,0,0,0,0,0,0,0,0,0,0,60000
1608,華榮            ,101000,41000,60000,0,0,0,0,0,0,0,0,0,0,0,0,0,60000
07305P,T50正2群益99售02,0,0,0,0,0,0,0,0,0,60000,0,0,0,60000,0,60000,60000
07640P,國巨群益9A售07  ,0,0,0,0,0,0,0,0,0,60000,0,0,0,60000,0,60000,60000
06485P,玉晶光群益9A售02,0,0,0,0,0,0,0,0,0,60000,0,0,0,60000,0,60000,60000
056465,臺股指凱基99購07,0,0,0,0,0,0,0,0,0,60000,0,0,0,60000,0,60000,60000
055573,國巨統一97購06  ,0,0,0,0,0,0,0,0,0,60000,0,0,0,80000,20000,60000,60000
054425,聯發科富邦99購03,0,0,0,0,0,0,0,0,0,60000,0,0,0,60000,0,60000,60000
054807,台化元大9A購02  ,0,0,0,0,0,0,0,0,0,60000,0,0,0,103000,43000,60000,60000
057279,國揚元大98購01  ,0,0,0,0,0,0,0,0,0,60000,0,0,0,60000,0,60000,60000
057335,技嘉國票99購01  ,0,0,0,0,0,0,0,0,0,60000,0,0,0,281000,221000,60000,60000
057341,技嘉台新98購01  ,0,0,0,0,0,0,0,0,0,60000,0,0,0,60000,0,60000,60000
057288,聯茂元大98購03  ,0,0,0,0,0,0,0,0,0,60000,0,0,0,65000,5000,60000,60000
057678,臺股指元大98購08,0,0,0,0,0,0,0,0,0,60000,0,0,0,60000,0,60000,60000
056578,智易元大99購02  ,0,0,0,0,0,0,0,0,0,60000,0,0,0,69000,9000,60000,60000
056685,光罩統一98購03  ,0,0,0,0,0,0,0,0,0,60000,0,0,0,60000,0,60000,60000
056714,晶相光永豐98購02,0,0,0,0,0,0,0,0,0,60000,0,0,0,60000,0,60000,60000
056009,奇力新中信98購03,0,0,0,0,0,0,0,0,0,60000,0,0,0,60000,0,60000,60000
057915,台泥凱基98購01  ,0,0,0,0,0,0,0,0,0,60000,0,0,0,60000,0,60000,60000
059942,全新永豐99購04  ,0,0,0,0,0,0,0,0,0,60000,0,0,0,60000,0,60000,60000
060110,茂林元大99購06  ,0,0,0,0,0,0,0,0,0,60000,0,0,0,60000,0,60000,60000
060862,美律永豐9A購01  ,0,0,0,0,0,0,0,0,0,60000,0,0,0,60000,0,60000,60000
060895,華新科凱基9B購05,0,0,0,0,0,0,0,0,0,60000,0,0,0,60000,0,60000,60000
061324,華新科凱基9C購01,0,0,0,0,0,0,0,0,0,60000,0,0,0,60000,0,60000,60000
059028,嘉聯益台新99購02,0,0,0,0,0,0,0,0,0,60000,0,0,0,60000,0,60000,60000
058936,國喬中信99購01  ,0,0,0,0,0,0,0,0,0,60000,0,0,0,110000,50000,60000,60000
058774,台郡兆豐9A購01  ,0,0,0,0,0,0,0,0,0,60000,0,0,0,60000,0,60000,60000
062022,緯穎永豐9B購01  ,0,0,0,0,0,0,0,0,0,60000,0,0,0,60000,0,60000,60000
062030,旭富群益9B購01  ,0,0,0,0,0,0,0,0,0,60000,0,0,0,60000,0,60000,60000
061486,國巨兆豐9B購02  ,0,0,0,0,0,0,0,0,0,60000,0,0,0,70000,10000,60000,60000
062744,超眾國泰9C購01  ,0,0,0,0,0,0,0,0,0,60000,0,0,0,60000,0,60000,60000
062808,祥碩統一9C購01  ,0,0,0,0,0,0,0,0,0,60000,0,0,0,90000,30000,60000,60000
062490,聯茂永豐9B購01  ,0,0,0,0,0,0,0,0,0,60000,0,0,0,85000,25000,60000,60000
062238,臻鼎凱基9C購01  ,0,0,0,0,0,0,0,0,0,60000,0,0,0,92000,32000,60000,60000
062327,燿華統一9B購02  ,0,0,0,0,0,0,0,0,0,60000,0,0,0,60000,0,60000,60000
063224,泰鼎群益9B購02  ,0,0,0,0,0,0,0,0,0,60000,0,0,0,60000,0,60000,60000
063959,GIS元大9C購02   ,0,0,0,0,0,0,0,0,0,60000,0,0,0,85000,25000,60000,60000
063910,漢唐凱基9C購01  ,0,0,0,0,0,0,0,0,0,60000,0,0,0,60000,0,60000,60000
064611,亞德客元大9C購02,0,0,0,0,0,0,0,0,0,60000,0,0,0,60000,0,60000,60000
064736,超眾元富9C購04  ,0,0,0,0,0,0,0,0,0,60000,0,0,0,110000,50000,60000,60000
064785,康友群益9C購01  ,0,0,0,0,0,0,0,0,0,59000,0,0,0,65000,6000,59000,59000
064938,華新科元富9C購01,0,0,0,0,0,0,0,0,0,59000,0,0,0,87000,28000,59000,59000
07768P,緯穎群益9A售02  ,0,0,0,0,0,0,0,0,0,59000,0,0,0,100000,41000,59000,59000
06865P,亞德客元大98售04,0,0,0,0,0,0,0,0,0,59000,0,0,0,59000,0,59000,59000
2206,三陽工業        ,311000,252000,59000,0,0,0,0,0,0,0,0,0,0,0,0,0,59000
08069P,大立光國泰01售02,0,0,0,0,0,0,0,0,0,59000,0,0,0,86000,27000,59000,59000
056182,台光電統一97購03,0,0,0,0,0,0,0,0,0,59000,0,0,0,59000,0,59000,59000
057613,瑞昱元富02購02  ,0,0,0,0,0,0,0,0,0,59000,0,0,0,71000,12000,59000,59000
061502,嘉澤國票9A購02  ,0,0,0,0,0,0,0,0,0,59000,0,0,0,59000,0,59000,59000
061620,禾伸堂群益9A購02,0,0,0,0,0,0,0,0,0,59000,0,0,0,69000,10000,59000,59000
061001,智邦兆豐9B購01  ,0,0,0,0,0,0,0,0,0,59000,0,0,0,70000,11000,59000,59000
058584,百和群益9A購01  ,0,0,0,0,0,0,0,0,0,59000,0,0,0,67000,8000,59000,59000
064169,南電統一9C購01  ,0,0,0,0,0,0,0,0,0,59000,0,0,0,106000,47000,59000,59000
063382,南茂永豐9B購01  ,0,0,0,0,0,0,0,0,0,59000,0,0,0,69000,10000,59000,59000
062943,世芯凱基9B購03  ,0,0,0,0,0,0,0,0,0,59000,0,0,0,134000,75000,59000,59000
062177,上銀元大9B購02  ,0,0,0,0,0,0,0,0,0,59000,0,0,0,59000,0,59000,59000
062784,世芯元大9B購01  ,0,0,0,0,0,0,0,0,0,59000,0,0,0,68000,9000,59000,59000
07964P,大立光統一9B售12,0,0,0,0,0,0,0,0,0,58000,0,0,0,58000,0,58000,58000
08189P,超眾群益9B售04  ,0,0,0,0,0,0,0,0,0,58000,0,0,0,363000,305000,58000,58000
06908P,健策國泰99售02  ,0,0,0,0,0,0,0,0,0,58000,0,0,0,103000,45000,58000,58000
07088P,訊芯永豐99售02  ,0,0,0,0,0,0,0,0,0,58000,0,0,0,274000,216000,58000,58000
057112,立積群益99購01  ,0,0,0,0,0,0,0,0,0,58000,0,0,0,158000,100000,58000,58000
057556,智易凱基99購01  ,0,0,0,0,0,0,0,0,0,58000,0,0,0,148000,90000,58000,58000
056710,漢唐永豐98購01  ,0,0,0,0,0,0,0,0,0,58000,0,0,0,80000,22000,58000,58000
057650,力成元大98購04  ,0,0,0,0,0,0,0,0,0,58000,0,0,0,68000,10000,58000,58000
057232,京元電凱基98購02,0,0,0,0,0,0,0,0,0,58000,0,0,0,63000,5000,58000,58000
060719,瀚宇博永豐9A購01,0,0,0,0,0,0,0,0,0,58000,0,0,0,58000,0,58000,58000
062015,喬山永豐9B購01  ,0,0,0,0,0,0,0,0,0,58000,0,0,0,340000,282000,58000,58000
059513,揚明光永豐99購01,0,0,0,0,0,0,0,0,0,58000,0,0,0,60000,2000,58000,58000
063460,智邦元大9B購08  ,0,0,0,0,0,0,0,0,0,58000,0,0,0,68000,10000,58000,58000
063346,TPK統一9C購01   ,0,0,0,0,0,0,0,0,0,58000,0,0,0,58000,0,58000,58000
063828,台積電國票01購02,0,0,0,0,0,0,0,0,0,58000,0,0,0,58000,0,58000,58000
064456,禾伸堂統一01購01,0,0,0,0,0,0,0,0,0,58000,0,0,0,435000,377000,58000,58000
020000,富邦特選蘋果N   ,0,0,0,0,0,0,0,0,0,57000,0,0,0,63000,6000,57000,57000
053137,旺宏富邦98購01  ,0,0,0,0,0,0,0,0,0,57000,0,0,0,57000,0,57000,57000
062034,同欣電群益9B購01,0,0,0,0,0,0,0,0,0,57000,0,0,0,90000,33000,57000,57000
061762,台塑元大9B購01  ,0,0,0,0,0,0,0,0,0,57000,0,0,0,57000,0,57000,57000
061510,嘉澤富邦9C購01  ,0,0,0,0,0,0,0,0,0,57000,0,0,0,57000,0,57000,57000
060230,台積電元大9A購07,0,0,0,0,0,0,0,0,0,57000,0,0,0,57000,0,57000,57000
059730,晶相光元大9C購02,0,0,0,0,0,0,0,0,0,57000,0,0,0,587000,530000,57000,57000
058323,泰鼎永豐9A購01  ,0,0,0,0,0,0,0,0,0,57000,0,0,0,152000,95000,57000,57000
064664,微星元大9C購04  ,0,0,0,0,0,0,0,0,0,57000,0,0,0,67000,10000,57000,57000
063867,全新永豐9C購01  ,0,0,0,0,0,0,0,0,0,57000,0,0,0,102000,45000,57000,57000
062858,微星國票9B購01  ,0,0,0,0,0,0,0,0,0,57000,0,0,0,95000,38000,57000,57000
07752P,台灣50元大9C售33,0,0,0,0,0,0,0,0,0,56000,0,0,0,59000,3000,56000,56000
07694P,超眾元大9A售05  ,0,0,0,0,0,0,0,0,0,56000,0,0,0,166000,110000,56000,56000
065110,嘉澤國票01購01  ,0,0,0,0,0,0,0,0,0,56000,0,0,0,91000,35000,56000,56000
065136,正隆凱基9C購01  ,0,0,0,0,0,0,0,0,0,56000,0,0,0,66000,10000,56000,56000
051047,深中小群益99購01,0,0,0,0,0,0,0,0,0,56000,0,0,0,66000,10000,56000,56000
056534,京元電凱基98購01,0,0,0,0,0,0,0,0,0,56000,0,0,0,56000,0,56000,56000
059985,華新科元大99購22,0,0,0,0,0,0,0,0,0,56000,0,0,0,60000,4000,56000,56000
060835,亞德客國票9A購01,0,0,0,0,0,0,0,0,0,56000,0,0,0,76000,20000,56000,56000
062017,京鼎永豐9B購01  ,0,0,0,0,0,0,0,0,0,56000,0,0,0,57000,1000,56000,56000
061968,聯發科統一01購03,0,0,0,0,0,0,0,0,0,56000,0,0,0,56000,0,56000,56000
057940,和大國票99購01  ,0,0,0,0,0,0,0,0,0,56000,0,0,0,59000,3000,56000,56000
059139,全新兆豐9A購01  ,0,0,0,0,0,0,0,0,0,56000,0,0,0,106000,50000,56000,56000
063244,華新科元大9B購11,0,0,0,0,0,0,0,0,0,56000,0,0,0,127000,71000,56000,56000
063022,嘉晶元大9B購04  ,0,0,0,0,0,0,0,0,0,56000,0,0,0,108000,52000,56000,56000
063836,台塑元大9C購01  ,0,0,0,0,0,0,0,0,0,56000,0,0,0,72000,16000,56000,56000
2823,中壽            ,3765000,3593741,171259,0,0,0,0,0,0,-116000,0,3000,-3000,0,113000,-113000,55259
08461P,長榮航國票9C售01,0,0,0,0,0,0,0,0,0,55000,0,0,0,55000,0,55000,55000
08349P,南六元大9C售03  ,0,0,0,0,0,0,0,0,0,55000,0,0,0,80000,25000,55000,55000
057852,國巨國票99購05  ,0,0,0,0,0,0,0,0,0,55000,0,0,0,88000,33000,55000,55000
055877,奇鋐元富97購01  ,0,0,0,0,0,0,0,0,0,55000,0,0,0,105000,50000,55000,55000
055923,矽力凱基98購01  ,0,0,0,0,0,0,0,0,0,55000,0,0,0,120000,65000,55000,55000
057681,T50反1日盛9C購01,0,0,0,0,0,0,0,0,0,55000,0,0,0,75000,20000,55000,55000
055744,茂林元富97購02  ,0,0,0,0,0,0,0,0,0,55000,0,0,0,55000,0,55000,55000
056746,超眾凱基99購01  ,0,0,0,0,0,0,0,0,0,55000,0,0,0,55000,0,55000,55000
054799,超眾群益98購01  ,0,0,0,0,0,0,0,0,0,55000,0,0,0,98000,43000,55000,55000
054847,創意兆豐97購01  ,0,0,0,0,0,0,0,0,0,55000,0,0,0,65000,10000,55000,55000
054931,緯穎凱基98購01  ,0,0,0,0,0,0,0,0,0,55000,0,0,0,93000,38000,55000,55000
055030,帆宣國泰99購02  ,0,0,0,0,0,0,0,0,0,55000,0,0,0,160000,105000,55000,55000
055310,聯詠群益97購02  ,0,0,0,0,0,0,0,0,0,55000,0,0,0,55000,0,55000,55000
05545P,台表科國泰98售01,0,0,0,0,0,0,0,0,0,55000,0,0,0,110000,55000,55000,55000
055417,健策富邦98購02  ,0,0,0,0,0,0,0,0,0,55000,0,0,0,55000,0,55000,55000
058761,欣興群益99購02  ,0,0,0,0,0,0,0,0,0,55000,0,0,0,105000,50000,55000,55000
059917,華新科元大99購19,0,0,0,0,0,0,0,0,0,55000,0,0,0,56000,1000,55000,55000
061740,華新科凱基03購01,0,0,0,0,0,0,0,0,0,55000,0,0,0,60000,5000,55000,55000
058556,百和永豐99購01  ,0,0,0,0,0,0,0,0,0,55000,0,0,0,55000,0,55000,55000
059241,旺宏凱基99購07  ,0,0,0,0,0,0,0,0,0,55000,0,0,0,55000,0,55000,55000
058148,百和元大99購01  ,0,0,0,0,0,0,0,0,0,55000,0,0,0,55000,0,55000,55000
06085P,義隆台新97售01  ,0,0,0,0,0,0,0,0,0,55000,0,0,0,55000,0,55000,55000
061041,南電永豐9A購03  ,0,0,0,0,0,0,0,0,0,55000,0,0,0,55000,0,55000,55000
063896,世芯群益9C購01  ,0,0,0,0,0,0,0,0,0,55000,0,0,0,71000,16000,55000,55000
063791,玉晶光台新9C購01,0,0,0,0,0,0,0,0,0,55000,0,0,0,55000,0,55000,55000
064555,力山群益01購01  ,0,0,0,0,0,0,0,0,0,55000,0,0,0,55000,0,55000,55000
063129,祥碩元大9C購03  ,0,0,0,0,0,0,0,0,0,55000,0,0,0,65000,10000,55000,55000
063169,台汽電永豐9B購01,0,0,0,0,0,0,0,0,0,55000,0,0,0,199000,144000,55000,55000
063117,聯茂麥證9B購01  ,0,0,0,67000,10000,57000,0,0,0,55000,0,0,0,67000,12000,55000,55000
063042,同欣電凱基9C購01,0,0,0,0,0,0,0,0,0,55000,0,0,0,56000,1000,55000,55000
062568,緯穎中信9C購01  ,0,0,0,0,0,0,0,0,0,55000,0,0,0,55000,0,55000,55000
08450P,台積電統一9C售14,0,0,0,0,0,0,0,0,0,54000,0,0,0,54000,0,54000,54000
2450,神腦            ,77000,23000,54000,0,0,0,0,0,0,0,0,0,0,0,0,0,54000
065273,南電元大9C購06  ,0,0,0,0,0,0,0,0,0,54000,0,0,0,54000,0,54000,54000
00675L,富邦臺灣加權正2 ,123000,58000,65000,0,0,0,0,0,0,-11000,0,0,0,45000,56000,-11000,54000
057141,嘉聯益兆豐99購01,0,0,0,0,0,0,0,0,0,54000,0,0,0,58000,4000,54000,54000
057747,致新永豐98購01  ,0,0,0,0,0,0,0,0,0,54000,0,0,0,65000,11000,54000,54000
056410,康控國票99購01  ,0,0,0,0,0,0,0,0,0,54000,0,0,0,54000,0,54000,54000
061028,聚陽永豐9A購01  ,0,0,0,0,0,0,0,0,0,54000,0,0,0,67000,13000,54000,54000
060856,健策富邦9B購02  ,0,0,0,0,0,0,0,0,0,54000,0,0,0,115000,61000,54000,54000
06105P,國巨國票98售02  ,0,0,0,0,0,0,0,0,0,54000,0,0,0,146000,92000,54000,54000
058600,國巨元大99購15  ,0,0,0,0,0,0,0,0,0,54000,0,0,0,64000,10000,54000,54000
061462,國巨群益9A購11  ,0,0,0,0,0,0,0,0,0,54000,0,0,0,56000,2000,54000,54000
063126,TPK元大9B購01   ,0,0,0,0,0,0,0,0,0,54000,0,0,0,67000,13000,54000,54000
063231,台泥元大9B購01  ,0,0,0,0,0,0,0,0,0,54000,0,0,0,124000,70000,54000,54000
063320,旭富群益9B購03  ,0,0,0,0,0,0,0,0,0,54000,0,0,0,54000,0,54000,54000
064239,群創統一02購01  ,0,0,0,0,0,0,0,0,0,54000,0,0,0,93000,39000,54000,54000
063635,漢唐元大9B購04  ,0,0,0,0,0,0,0,0,0,54000,0,0,0,55000,1000,54000,54000
064007,嘉澤凱基02購01  ,0,0,0,0,0,0,0,0,0,54000,0,0,0,54000,0,54000,54000
064814,祥碩元大9C購06  ,0,0,0,0,0,0,0,0,0,53000,0,0,0,133000,80000,53000,53000
2425,承啟            ,162000,111000,51000,0,0,0,0,0,0,2000,2000,0,2000,0,0,0,53000
2636,台驊投控        ,181000,153000,28000,0,0,0,0,0,0,25000,26000,1000,25000,0,0,0,53000
08244P,同欣電凱基9C售03,0,0,0,0,0,0,0,0,0,53000,0,0,0,65000,12000,53000,53000
056347,GIS凱基9A購01   ,0,0,0,0,0,0,0,0,0,53000,0,0,0,159000,106000,53000,53000
057479,致茂元大98購03  ,0,0,0,0,0,0,0,0,0,53000,0,0,0,53000,0,53000,53000
057460,楠梓電永豐98購03,0,0,0,0,0,0,0,0,0,53000,0,0,0,53000,0,53000,53000
047571,滬深2X群益99購01,0,0,0,0,0,0,0,0,0,53000,0,0,0,53000,0,53000,53000
061782,智邦群益9B購01  ,0,0,0,0,0,0,0,0,0,53000,0,0,0,54000,1000,53000,53000
061390,大立光群益9A購04,0,0,0,0,0,0,0,0,0,53000,0,0,0,103000,50000,53000,53000
060677,京元電元大9A購04,0,0,0,0,0,0,0,0,0,53000,0,0,0,108000,55000,53000,53000
063553,同欣電國票9B購03,0,0,0,0,0,0,0,0,0,53000,0,0,0,53000,0,53000,53000
063219,友達群益9B購03  ,0,0,0,0,0,0,0,0,0,53000,0,0,0,222000,169000,53000,53000
063170,智邦第一9B購01  ,0,0,0,0,0,0,0,0,0,53000,0,0,0,53000,0,53000,53000
063185,聯發科凱基9C購03,0,0,0,0,0,0,0,0,0,53000,0,0,0,101000,48000,53000,53000
063024,祥碩元大9B購05  ,0,0,0,0,0,0,0,0,0,53000,0,0,0,141000,88000,53000,53000
062782,聯發科元大9B購12,0,0,0,0,0,0,0,0,0,53000,0,0,0,165000,112000,53000,53000
062747,立積永豐9B購01  ,0,0,0,0,0,0,0,0,0,53000,0,0,0,58000,5000,53000,53000
062381,上銀國泰9C購01  ,0,0,0,0,0,0,0,0,0,53000,0,0,0,54000,1000,53000,53000
9103,美德醫療-DR     ,71000,34000,37000,0,0,0,0,0,0,16000,0,0,0,16000,0,16000,53000
3015,全漢            ,112000,56000,56000,0,0,0,0,0,0,-4000,0,4000,-4000,0,0,0,52000
059456,智易永豐99購01  ,0,0,0,0,0,0,0,0,0,52000,0,0,0,77000,25000,52000,52000
059732,超眾元大9A購01  ,0,0,0,0,0,0,0,0,0,52000,0,0,0,68000,16000,52000,52000
061290,玉晶光統一01購04,0,0,0,0,0,0,0,0,0,52000,0,0,0,84000,32000,52000,52000
061367,瑞祺國票9A購01  ,0,0,0,0,0,0,0,0,0,52000,0,0,0,89000,37000,52000,52000
058771,神達兆豐99購01  ,0,0,0,0,0,0,0,0,0,52000,0,0,0,52000,0,52000,52000
059146,貿聯國票9A購02  ,0,0,0,0,0,0,0,0,0,52000,0,0,0,66000,14000,52000,52000
059095,訊芯元大99購01  ,0,0,0,0,0,0,0,0,0,52000,0,0,0,52000,0,52000,52000
059597,大立光元大99購21,0,0,0,0,0,0,0,0,0,52000,0,0,0,52000,0,52000,52000
059040,訊芯群益99購03  ,0,0,0,0,0,0,0,0,0,52000,0,0,0,150000,98000,52000,52000
061764,旺宏元大9B購01  ,0,0,0,0,0,0,0,0,0,52000,0,0,0,130000,78000,52000,52000
061716,瑞儀凱基9B購01  ,0,0,0,0,0,0,0,0,0,52000,0,0,0,63000,11000,52000,52000
061669,崇越中信9A購01  ,0,0,0,0,0,0,0,0,0,52000,0,0,0,100000,48000,52000,52000
062926,嘉澤國票9B購01  ,0,0,0,0,0,0,0,0,0,52000,0,0,0,61000,9000,52000,52000
062861,世芯國票9C購01  ,0,0,0,0,0,0,0,0,0,52000,0,0,0,165000,113000,52000,52000
063208,鈺齊統一9C購01  ,0,0,0,0,0,0,0,0,0,52000,0,0,0,135000,83000,52000,52000
063702,聯發科群益9C購04,0,0,0,0,0,0,0,0,0,52000,0,0,0,100000,48000,52000,52000
064406,健策凱基03購01  ,0,0,0,0,0,0,0,0,0,52000,0,0,0,184000,132000,52000,52000
1339,昭輝            ,114000,63000,51000,0,0,0,0,0,0,0,0,0,0,0,0,0,51000
07815P,美律群益9A售04  ,0,0,0,0,0,0,0,0,0,51000,0,0,0,51000,0,51000,51000
07418P,聯發科元大99售45,0,0,0,0,0,0,0,0,0,51000,0,0,0,81000,30000,51000,51000
047504,滬深2X國票9A購01,0,0,0,0,0,0,0,0,0,51000,0,0,0,251000,200000,51000,51000
057717,友訊元富98購02  ,0,0,0,0,0,0,0,0,0,51000,0,0,0,51000,0,51000,51000
058687,聯茂凱基9A購01  ,0,0,0,0,0,0,0,0,0,51000,0,0,0,63000,12000,51000,51000
059103,旭富元富99購03  ,0,0,0,0,0,0,0,0,0,51000,0,0,0,100000,49000,51000,51000
061007,聯詠兆豐9A購01  ,0,0,0,0,0,0,0,0,0,51000,0,0,0,51000,0,51000,51000
058178,國巨國泰9A購02  ,0,0,0,0,0,0,0,0,0,51000,0,0,0,61000,10000,51000,51000
059293,宏達電元富9B購01,0,0,0,0,0,0,0,0,0,51000,0,0,0,191000,140000,51000,51000
064605,GIS元富9C購01   ,0,0,0,0,0,0,0,0,0,51000,0,0,0,51000,0,51000,51000
064651,GIS凱基9C購02   ,0,0,0,0,0,0,0,0,0,51000,0,0,0,51000,0,51000,51000
063557,聚陽元大9B購01  ,0,0,0,0,0,0,0,0,0,51000,0,0,0,51000,0,51000,51000
064055,台郡統一02購01  ,0,0,0,0,0,0,0,0,0,51000,0,0,0,55000,4000,51000,51000
063332,矽格國票9B購01  ,0,0,0,0,0,0,0,0,0,51000,0,0,0,204000,153000,51000,51000
062345,和大群益9B購01  ,0,0,0,0,0,0,0,0,0,51000,0,0,0,56000,5000,51000,51000
062634,玉晶光國票9B購03,0,0,0,0,0,0,0,0,0,51000,0,0,0,53000,2000,51000,51000
062663,聯發科群益9B購07,0,0,0,0,0,0,0,0,0,51000,0,0,0,56000,5000,51000,51000
07805P,義隆永豐9A售02  ,0,0,0,0,0,0,0,0,0,50000,0,0,0,60000,10000,50000,50000
07652P,臺股指中信9A售07,0,0,0,0,0,0,0,0,0,50000,0,0,0,153000,103000,50000,50000
07210P,智邦凱基99售03  ,0,0,0,0,0,0,0,0,0,50000,0,0,0,50000,0,50000,50000
06900P,FBVIX國票12售01 ,0,0,0,0,0,0,0,0,0,50000,0,0,0,50000,0,50000,50000
065053,南電凱基02購01  ,0,0,0,0,0,0,0,0,0,50000,0,0,0,50000,0,50000,50000
065073,亞德客元大01購02,0,0,0,0,0,0,0,0,0,50000,0,0,0,50000,0,50000,50000
065079,致茂元大9C購01  ,0,0,0,0,0,0,0,0,0,50000,0,0,0,66000,16000,50000,50000
065003,燿華國票01購01  ,0,0,0,0,0,0,0,0,0,50000,0,0,0,50000,0,50000,50000
065146,帆宣凱基9C購01  ,0,0,0,0,0,0,0,0,0,50000,0,0,0,50000,0,50000,50000
08483P,金像電群益9C售02,0,0,0,0,0,0,0,0,0,50000,0,0,0,50000,0,50000,50000
08380P,GIS元大9C售06   ,0,0,0,0,0,0,0,0,0,50000,0,0,0,74000,24000,50000,50000
08341P,國泰金台新9C售01,0,0,0,0,0,0,0,0,0,50000,0,0,0,60000,10000,50000,50000
08253P,鴻海元大9C售06  ,0,0,0,0,0,0,0,0,0,50000,0,0,0,50000,0,50000,50000
07989P,玉晶光凱基9B售07,0,0,0,0,0,0,0,0,0,50000,0,0,0,130000,80000,50000,50000
07863P,華新科凱基9B售07,0,0,0,0,0,0,0,0,0,50000,0,0,0,50000,0,50000,50000
07940P,國巨群益9B售06  ,0,0,0,0,0,0,0,0,0,50000,0,0,0,50000,0,50000,50000
2913,農林            ,251000,200000,51000,0,0,0,0,0,0,-1000,3000,4000,-1000,0,0,0,50000
057663,國巨元大99購08  ,0,0,0,0,0,0,0,0,0,50000,0,0,0,150000,100000,50000,50000
057449,華新科元富99購02,0,0,0,0,0,0,0,0,0,50000,0,0,0,75000,25000,50000,50000
057046,奇力新元大99購03,0,0,0,0,0,0,0,0,0,50000,0,0,0,50000,0,50000,50000
057138,亞德客兆豐98購01,0,0,0,0,0,0,0,0,0,50000,0,0,0,50000,0,50000,50000
055987,台表科元富97購01,0,0,0,0,0,0,0,0,0,50000,0,0,0,50000,0,50000,50000
056157,聯詠凱基97購03  ,0,0,0,0,0,0,0,0,0,50000,0,0,0,50000,0,50000,50000
056101,光磊永豐98購01  ,0,0,0,0,0,0,0,0,0,50000,0,0,0,60000,10000,50000,50000
055758,旺宏群益97購01  ,0,0,0,0,0,0,0,0,0,50000,0,0,0,50000,0,50000,50000
060098,華新科元大99購24,0,0,0,0,0,0,0,0,0,50000,0,0,0,57000,7000,50000,50000
060473,中租元大9A購03  ,0,0,0,0,0,0,0,0,0,50000,0,0,0,50000,0,50000,50000
052961,國巨凱基97購02  ,0,0,0,0,0,0,0,0,0,50000,0,0,0,50000,0,50000,50000
052331,漢唐亞東97購01  ,0,0,0,0,0,0,0,0,0,50000,0,0,0,50000,0,50000,50000
05348P,美律元富98售01  ,0,0,0,0,0,0,0,0,0,50000,0,0,0,50000,0,50000,50000
053232,友達永豐97購02  ,0,0,0,0,0,0,0,0,0,50000,0,0,0,50000,0,50000,50000
052296,TPK國票96購01   ,0,0,0,0,0,0,0,0,0,50000,0,0,0,50000,0,50000,50000
056530,旺宏凱基98購06  ,0,0,0,0,0,0,0,0,0,50000,0,0,0,50000,0,50000,50000
054040,中石化元大9C購01,0,0,0,0,0,0,0,0,0,50000,0,0,0,50000,0,50000,50000
057591,鴻海兆豐99購01  ,0,0,0,0,0,0,0,0,0,50000,0,0,0,50000,0,50000,50000
055036,中工富邦9B購01  ,0,0,0,0,0,0,0,0,0,50000,0,0,0,50000,0,50000,50000
060612,世紀鋼凱基9A購01,0,0,0,0,0,0,0,0,0,50000,0,0,0,50000,0,50000,50000
058464,矽創兆豐9A購01  ,0,0,0,0,0,0,0,0,0,50000,0,0,0,50000,0,50000,50000
058422,百和麥證99購01  ,0,0,0,50000,0,50000,0,0,0,50000,0,0,0,50000,0,50000,50000
060212,華航康和9A購01  ,0,0,0,0,0,0,0,0,0,50000,0,0,0,50000,0,50000,50000
060693,台積電麥證9A購02,0,0,0,50000,0,50000,0,0,0,50000,0,0,0,50000,0,50000,50000
060331,台積電麥證9A購01,0,0,0,50000,0,50000,0,0,0,50000,0,0,0,50000,0,50000,50000
058143,瑞儀元大99購02  ,0,0,0,0,0,0,0,0,0,50000,0,0,0,50000,0,50000,50000
061014,台積電麥證9A購04,0,0,0,50000,0,50000,0,0,0,50000,0,0,0,50000,0,50000,50000
060854,台積電富邦9C購08,0,0,0,0,0,0,0,0,0,50000,0,0,0,50000,0,50000,50000
061341,華新科元大9A購16,0,0,0,0,0,0,0,0,0,50000,0,0,0,57000,7000,50000,50000
058762,貿聯群益99購03  ,0,0,0,0,0,0,0,0,0,50000,0,0,0,50000,0,50000,50000
059700,鴻海凱基9A購16  ,0,0,0,0,0,0,0,0,0,50000,0,0,0,50000,0,50000,50000
059713,滬深2X元大9C購04,0,0,0,0,0,0,0,0,0,50000,0,0,0,50000,0,50000,50000
058735,南茂永豐99購01  ,0,0,0,0,0,0,0,0,0,50000,0,0,0,50000,0,50000,50000
059059,宏達電凱基99購03,0,0,0,0,0,0,0,0,0,50000,0,0,0,77000,27000,50000,50000
059062,群創凱基99購05  ,0,0,0,0,0,0,0,0,0,50000,0,0,0,50000,0,50000,50000
061664,上銀中信9A購01  ,0,0,0,0,0,0,0,0,0,50000,0,0,0,50000,0,50000,50000
061773,和潤元大9B購01  ,0,0,0,0,0,0,0,0,0,50000,0,0,0,71000,21000,50000,50000
061928,群創凱基9B購06  ,0,0,0,0,0,0,0,0,0,50000,0,0,0,50000,0,50000,50000
061805,華新科中信9B購01,0,0,0,0,0,0,0,0,0,50000,0,0,0,50000,0,50000,50000
062065,台灣50元大9B購14,0,0,0,0,0,0,0,0,0,50000,0,0,0,50000,0,50000,50000
062715,T50反1凱基03購01,0,0,0,0,0,0,0,0,0,50000,0,0,0,50000,0,50000,50000
062705,美食元大9B購01  ,0,0,0,0,0,0,0,0,0,50000,0,0,0,50000,0,50000,50000
062696,國巨元大9B購16  ,0,0,0,0,0,0,0,0,0,50000,0,0,0,50000,0,50000,50000
062143,大成鋼國票9B購01,0,0,0,0,0,0,0,0,0,50000,0,0,0,70000,20000,50000,50000
062221,奇力新統一01購01,0,0,0,0,0,0,0,0,0,50000,0,0,0,50000,0,50000,50000
063202,南亞科統一9C購02,0,0,0,0,0,0,0,0,0,50000,0,0,0,61000,11000,50000,50000
063193,聯發科台新9B購02,0,0,0,0,0,0,0,0,0,50000,0,0,0,50000,0,50000,50000
063719,T50反1元大9B購11,0,0,0,0,0,0,0,0,0,50000,0,0,0,50000,0,50000,50000
064496,聯發科元大9C購10,0,0,0,0,0,0,0,0,0,50000,0,0,0,141000,91000,50000,50000
064347,貿聯元大9C購03  ,0,0,0,0,0,0,0,0,0,50000,0,0,0,100000,50000,50000,50000
064261,力山永豐9C購01  ,0,0,0,0,0,0,0,0,0,50000,0,0,0,50000,0,50000,50000
065356,聯發科元富03購06,0,0,0,0,0,0,0,0,0,49000,0,0,0,202000,153000,49000,49000
065033,和碩兆豐9C購01  ,0,0,0,0,0,0,0,0,0,49000,0,0,0,174000,125000,49000,49000
064886,燿華中信01購01  ,0,0,0,0,0,0,0,0,0,49000,0,0,0,50000,1000,49000,49000
07034P,大立光元富99售03,0,0,0,0,0,0,0,0,0,49000,0,0,0,80000,31000,49000,49000
054558,劍麟群益99購01  ,0,0,0,0,0,0,0,0,0,49000,0,0,0,50000,1000,49000,49000
053660,群創凱基98購08  ,0,0,0,0,0,0,0,0,0,49000,0,0,0,49000,0,49000,49000
055196,致新元富97購01  ,0,0,0,0,0,0,0,0,0,49000,0,0,0,80000,31000,49000,49000
053112,中磊兆豐97購01  ,0,0,0,0,0,0,0,0,0,49000,0,0,0,49000,0,49000,49000
056419,欣興元富98購02  ,0,0,0,0,0,0,0,0,0,49000,0,0,0,154000,105000,49000,49000
057869,大立光凱基99購01,0,0,0,0,0,0,0,0,0,49000,0,0,0,49000,0,49000,49000
056910,超眾元大99購02  ,0,0,0,0,0,0,0,0,0,49000,0,0,0,70000,21000,49000,49000
057936,健策群益99購01  ,0,0,0,0,0,0,0,0,0,49000,0,0,0,180000,131000,49000,49000
057231,美律凱基98購05  ,0,0,0,0,0,0,0,0,0,49000,0,0,0,80000,31000,49000,49000
061881,緯穎元大9B購02  ,0,0,0,0,0,0,0,0,0,49000,0,0,0,62000,13000,49000,49000
058019,美律凱基99購04  ,0,0,0,0,0,0,0,0,0,49000,0,0,0,49000,0,49000,49000
061379,鈺齊永豐9A購02  ,0,0,0,0,0,0,0,0,0,49000,0,0,0,50000,1000,49000,49000
058773,和碩兆豐99購01  ,0,0,0,0,0,0,0,0,0,49000,0,0,0,59000,10000,49000,49000
059307,T50反1元大99購06,0,0,0,0,0,0,0,0,0,49000,0,0,0,50000,1000,49000,49000
064215,康控凱基02購01  ,0,0,0,0,0,0,0,0,0,49000,0,0,0,51000,2000,49000,49000
064369,彩晶統一01購01  ,0,0,0,0,0,0,0,0,0,49000,0,0,0,49000,0,49000,49000
064466,聯電元富9C購01  ,0,0,0,0,0,0,0,0,0,49000,0,0,0,294000,245000,49000,49000
063611,儒鴻群益9B購03  ,0,0,0,0,0,0,0,0,0,49000,0,0,0,49000,0,49000,49000
063045,國巨兆豐9C購02  ,0,0,0,0,0,0,0,0,0,49000,0,0,0,142000,93000,49000,49000
062670,瑞昱中信03購01  ,0,0,0,0,0,0,0,0,0,49000,0,0,0,49000,0,49000,49000
6224,聚鼎            ,94000,57000,37000,0,0,0,0,0,0,12000,13000,1000,12000,0,0,0,49000
3661,世芯-KY         ,3394000,2959750,434250,0,0,0,61000,330000,-269000,-117000,31000,82000,-51000,28000,94000,-66000,48250
07046P,大立光富邦9C售03,0,0,0,0,0,0,0,0,0,48000,0,0,0,48000,0,48000,48000
07630P,臺股指凱基9A售11,0,0,0,0,0,0,0,0,0,48000,0,0,0,142000,94000,48000,48000
07577P,華新科元大9A售09,0,0,0,0,0,0,0,0,0,48000,0,0,0,48000,0,48000,48000
07504P,聯詠元大9A售02  ,0,0,0,0,0,0,0,0,0,48000,0,0,0,51000,3000,48000,48000
064802,台積電元大01購04,0,0,0,0,0,0,0,0,0,48000,0,0,0,133000,85000,48000,48000
06603P,立積統一99售01  ,0,0,0,0,0,0,0,0,0,48000,0,0,0,85000,37000,48000,48000
07865P,可成元大9B售02  ,0,0,0,0,0,0,0,0,0,48000,0,0,0,153000,105000,48000,48000
08000P,奇鋐凱基9B售03  ,0,0,0,0,0,0,0,0,0,48000,0,0,0,135000,87000,48000,48000
057820,華擎元大98購02  ,0,0,0,0,0,0,0,0,0,48000,0,0,0,74000,26000,48000,48000
060260,京鼎凱基9C購01  ,0,0,0,0,0,0,0,0,0,48000,0,0,0,50000,2000,48000,48000
00660,元大歐洲50      ,0,0,0,0,0,0,0,0,0,48000,0,0,0,69000,21000,48000,48000
054480,和碩中信98購01  ,0,0,0,0,0,0,0,0,0,48000,0,0,0,48000,0,48000,48000
057637,上銀元大98購07  ,0,0,0,0,0,0,0,0,0,48000,0,0,0,78000,30000,48000,48000
060640,京鼎永豐9A購01  ,0,0,0,0,0,0,0,0,0,48000,0,0,0,178000,130000,48000,48000
061134,大成鋼統一9C購01,0,0,0,0,0,0,0,0,0,48000,0,0,0,48000,0,48000,48000
059873,華新科凱基99購09,0,0,0,0,0,0,0,0,0,48000,0,0,0,150000,102000,48000,48000
059656,T50反1元大99購11,0,0,0,0,0,0,0,0,0,48000,0,0,0,100000,52000,48000,48000
058714,美律統一9B購01  ,0,0,0,0,0,0,0,0,0,48000,0,0,0,48000,0,48000,48000
062562,瑞儀凱基9B購02  ,0,0,0,0,0,0,0,0,0,48000,0,0,0,53000,5000,48000,48000
062297,億豐永豐9B購01  ,0,0,0,0,0,0,0,0,0,48000,0,0,0,67000,19000,48000,48000
062442,華新科元大9C購02,0,0,0,0,0,0,0,0,0,48000,0,0,0,60000,12000,48000,48000
063253,巨大元大9B購03  ,0,0,0,0,0,0,0,0,0,48000,0,0,0,68000,20000,48000,48000
063765,上銀元富9B購09  ,0,0,0,0,0,0,0,0,0,48000,0,0,0,98000,50000,48000,48000
064455,美食統一01購03  ,0,0,0,0,0,0,0,0,0,48000,0,0,0,48000,0,48000,48000
08121P,聯發科國票9B售05,0,0,0,0,0,0,0,0,0,47000,0,0,0,249000,202000,47000,47000
2923,鼎固-KY         ,51000,4000,47000,0,0,0,0,0,0,0,0,0,0,0,0,0,47000
064811,華擎元大01購01  ,0,0,0,0,0,0,0,0,0,47000,0,0,0,149000,102000,47000,47000
057611,技嘉元富98購02  ,0,0,0,0,0,0,0,0,0,47000,0,0,0,53000,6000,47000,47000
056749,滬深2X兆豐99購01,0,0,0,0,0,0,0,0,0,47000,0,0,0,47000,0,47000,47000
057298,旭富永豐98購01  ,0,0,0,0,0,0,0,0,0,47000,0,0,0,140000,93000,47000,47000
058015,旺宏凱基99購02  ,0,0,0,0,0,0,0,0,0,47000,0,0,0,47000,0,47000,47000
058588,致茂中信9B購01  ,0,0,0,0,0,0,0,0,0,47000,0,0,0,62000,15000,47000,47000
06431P,新日興元大97售05,0,0,0,0,0,0,0,0,0,47000,0,0,0,53000,6000,47000,47000
065157,世芯群益9C購02  ,0,0,0,0,0,0,0,0,0,46000,0,0,0,77000,31000,46000,46000
07057P,大立光康和9B售02,0,0,0,0,0,0,0,0,0,46000,0,0,0,75000,29000,46000,46000
060244,大立光元大9B購02,0,0,0,0,0,0,0,0,0,46000,0,0,0,51000,5000,46000,46000
057465,智易永豐98購02  ,0,0,0,0,0,0,0,0,0,46000,0,0,0,77000,31000,46000,46000
0061,元大寶滬深      ,5000,5000,0,0,0,0,0,0,0,46000,50000,0,50000,19000,23000,-4000,46000
061069,嘉聯益凱基9A購01,0,0,0,0,0,0,0,0,0,46000,0,0,0,166000,120000,46000,46000
058363,全新凱基9A購02  ,0,0,0,0,0,0,0,0,0,46000,0,0,0,46000,0,46000,46000
058550,南亞科永豐99購01,0,0,0,0,0,0,0,0,0,46000,0,0,0,46000,0,46000,46000
061344,禾伸堂元大9A購02,0,0,0,0,0,0,0,0,0,46000,0,0,0,56000,10000,46000,46000
064310,華新科群益9C購02,0,0,0,0,0,0,0,0,0,46000,0,0,0,91000,45000,46000,46000
064230,上銀統一01購04  ,0,0,0,0,0,0,0,0,0,46000,0,0,0,46000,0,46000,46000
064478,聚陽富邦01購01  ,0,0,0,0,0,0,0,0,0,46000,0,0,0,46000,0,46000,46000
062999,聯茂國票9C購01  ,0,0,0,0,0,0,0,0,0,46000,0,0,0,51000,5000,46000,46000
062593,健策統一9B購03  ,0,0,0,0,0,0,0,0,0,46000,0,0,0,58000,12000,46000,46000
065021,貿聯富邦03購01  ,0,0,0,0,0,0,0,0,0,45000,0,0,0,66000,21000,45000,45000
08094P,華新科元富9B售05,0,0,0,0,0,0,0,0,0,45000,0,0,0,47000,2000,45000,45000
07843P,緯穎元大9A售05  ,0,0,0,0,0,0,0,0,0,45000,0,0,0,45000,0,45000,45000
053026,奇力新富邦98購01,0,0,0,0,0,0,0,0,0,45000,0,0,0,45000,0,45000,45000
054188,欣興永豐96購03  ,0,0,0,0,0,0,0,0,0,45000,0,0,0,45000,0,45000,45000
056740,大立光凱基98購13,0,0,0,0,0,0,0,0,0,45000,0,0,0,50000,5000,45000,45000
061961,台積電統一01購02,0,0,0,0,0,0,0,0,0,45000,0,0,0,55000,10000,45000,45000
062059,聯發科統一9C購06,0,0,0,0,0,0,0,0,0,45000,0,0,0,45000,0,45000,45000
058516,健鼎元大99購02  ,0,0,0,0,0,0,0,0,0,45000,0,0,0,45000,0,45000,45000
060327,美律群益9A購02  ,0,0,0,0,0,0,0,0,0,45000,0,0,0,122000,77000,45000,45000
058409,鴻海兆豐99購05  ,0,0,0,0,0,0,0,0,0,45000,0,0,0,50000,5000,45000,45000
058028,國巨富邦99購04  ,0,0,0,0,0,0,0,0,0,45000,0,0,0,45000,0,45000,45000
061110,超眾元大9A購03  ,0,0,0,0,0,0,0,0,0,45000,0,0,0,127000,82000,45000,45000
062608,智易凱基9B購01  ,0,0,0,0,0,0,0,0,0,45000,0,0,0,50000,5000,45000,45000
062650,南電富邦01購01  ,0,0,0,0,0,0,0,0,0,45000,0,0,0,68000,23000,45000,45000
064735,群創元富9C購02  ,0,0,0,0,0,0,0,0,0,45000,0,0,0,45000,0,45000,45000
064767,宏全凱基9C購01  ,0,0,0,0,0,0,0,0,0,45000,0,0,0,50000,5000,45000,45000
064777,南亞科群益9C購01,0,0,0,0,0,0,0,0,0,45000,0,0,0,45000,0,45000,45000
063559,力山元大9B購04  ,0,0,0,0,0,0,0,0,0,45000,0,0,0,55000,10000,45000,45000
064161,世芯統一01購02  ,0,0,0,0,0,0,0,0,0,45000,0,0,0,85000,40000,45000,45000
063999,日月光兆豐9C購01,0,0,0,0,0,0,0,0,0,45000,0,0,0,65000,20000,45000,45000
08015P,可成凱基9B售05  ,0,0,0,0,0,0,0,0,0,44000,0,0,0,110000,66000,44000,44000
06929P,鴻海元大99售11  ,0,0,0,0,0,0,0,0,0,44000,0,0,0,54000,10000,44000,44000
056699,光罩國泰99購01  ,0,0,0,0,0,0,0,0,0,44000,0,0,0,71000,27000,44000,44000
053654,聯發科凱基98購01,0,0,0,0,0,0,0,0,0,44000,0,0,0,99000,55000,44000,44000
060888,金像電統一9C購01,0,0,0,0,0,0,0,0,0,44000,0,0,0,82000,38000,44000,44000
058630,日月光國票9A購01,0,0,0,0,0,0,0,0,0,44000,0,0,0,49000,5000,44000,44000
059390,華新科凱基99購05,0,0,0,0,0,0,0,0,0,44000,0,0,0,50000,6000,44000,44000
062057,華邦電統一01購01,0,0,0,0,0,0,0,0,0,44000,0,0,0,48000,4000,44000,44000
061819,茂林群益9B購01  ,0,0,0,0,0,0,0,0,0,44000,0,0,0,307000,263000,44000,44000
063981,貿聯兆豐9C購01  ,0,0,0,0,0,0,0,0,0,44000,0,0,0,80000,36000,44000,44000
064142,國巨統一9C購13  ,0,0,0,0,0,0,0,0,0,44000,0,0,0,73000,29000,44000,44000
064761,神達凱基9C購01  ,0,0,0,0,0,0,0,0,0,44000,0,0,0,44000,0,44000,44000
064638,儒鴻凱基9C購03  ,0,0,0,0,0,0,0,0,0,44000,0,0,0,51000,7000,44000,44000
062604,東元凱基9B購01  ,0,0,0,0,0,0,0,0,0,44000,0,0,0,51000,7000,44000,44000
062313,聯詠凱基9C購01  ,0,0,0,0,0,0,0,0,0,44000,0,0,0,80000,36000,44000,44000
062992,聯發科群益9B購09,0,0,0,0,0,0,0,0,0,44000,0,0,0,67000,23000,44000,44000
4306,炎洲            ,111000,72000,39000,0,0,0,0,0,0,5000,5000,0,5000,0,0,0,44000
910861,神州-DR         ,44000,0,44000,0,0,0,0,0,0,0,0,0,0,0,0,0,44000
07060P,台表科國票9A售01,0,0,0,0,0,0,0,0,0,43000,0,0,0,180000,137000,43000,43000
06950P,鴻海統一9B售02  ,0,0,0,0,0,0,0,0,0,43000,0,0,0,43000,0,43000,43000
07634P,金像電元大9A售01,0,0,0,0,0,0,0,0,0,43000,0,0,0,43000,0,43000,43000
08223P,臺股指凱基9B售18,0,0,0,0,0,0,0,0,0,43000,0,0,0,43000,0,43000,43000
055551,致茂凱基98購01  ,0,0,0,0,0,0,0,0,0,43000,0,0,0,43000,0,43000,43000
056538,國泰金凱基98購01,0,0,0,0,0,0,0,0,0,43000,0,0,0,43000,0,43000,43000
056736,國巨凱基99購03  ,0,0,0,0,0,0,0,0,0,43000,0,0,0,62000,19000,43000,43000
057743,華擎永豐98購03  ,0,0,0,0,0,0,0,0,0,43000,0,0,0,43000,0,43000,43000
060254,世紀鋼元大9A購01,0,0,0,0,0,0,0,0,0,43000,0,0,0,95000,52000,43000,43000
061987,大立光元大9B購03,0,0,0,0,0,0,0,0,0,43000,0,0,0,43000,0,43000,43000
058521,日月光元大99購01,0,0,0,0,0,0,0,0,0,43000,0,0,0,56000,13000,43000,43000
063121,友達元大9C購09  ,0,0,0,0,0,0,0,0,0,43000,0,0,0,53000,10000,43000,43000
063632,金像電元大9B購04,0,0,0,0,0,0,0,0,0,43000,0,0,0,68000,25000,43000,43000
08175P,金像電統一9B售02,0,0,0,0,0,0,0,0,0,42000,0,0,0,64000,22000,42000,42000
07927P,國巨統一9B售08  ,0,0,0,0,0,0,0,0,0,42000,0,0,0,72000,30000,42000,42000
1541,錩泰            ,47000,3000,44000,0,0,0,0,0,0,-2000,1000,3000,-2000,0,0,0,42000
064988,志超元大9C購01  ,0,0,0,0,0,0,0,0,0,42000,0,0,0,100000,58000,42000,42000
065087,可成元大9C購08  ,0,0,0,0,0,0,0,0,0,42000,0,0,0,42000,0,42000,42000
064867,華新科永豐9C購03,0,0,0,0,0,0,0,0,0,42000,0,0,0,199000,157000,42000,42000
059987,大立光元大99購28,3000,0,3000,0,0,0,0,0,0,39000,0,0,0,48000,9000,39000,42000
060524,國巨中信9A購03  ,0,0,0,0,0,0,0,0,0,42000,0,0,0,59000,17000,42000,42000
057334,技嘉國票98購02  ,0,0,0,0,0,0,0,0,0,42000,0,0,0,228000,186000,42000,42000
055787,聯茂凱基99購01  ,0,0,0,0,0,0,0,0,0,42000,0,0,0,134000,92000,42000,42000
056776,聯茂元大99購01  ,0,0,0,0,0,0,0,0,0,42000,0,0,0,42000,0,42000,42000
056544,貿聯凱基98購03  ,0,0,0,0,0,0,0,0,0,42000,0,0,0,50000,8000,42000,42000
057480,技嘉元大98購03  ,0,0,0,0,0,0,0,0,0,42000,0,0,0,112000,70000,42000,42000
054789,高鐵群益98購01  ,0,0,0,0,0,0,0,0,0,42000,0,0,0,47000,5000,42000,42000
00663L,國泰臺灣加權正2 ,39000,0,39000,0,0,0,0,0,0,3000,0,0,0,85000,82000,3000,42000
00770,國泰北美科技    ,61000,0,61000,0,0,0,0,0,0,-19000,0,0,0,92000,111000,-19000,42000
060339,國巨統一01購01  ,0,0,0,0,0,0,0,0,0,42000,0,0,0,42000,0,42000,42000
058581,大立光群益99購05,0,0,0,0,0,0,0,0,0,42000,0,0,0,98000,56000,42000,42000
061998,緯穎元大9B購03  ,0,0,0,0,0,0,0,0,0,42000,0,0,0,107000,65000,42000,42000
063629,台積電元大9B購08,0,0,0,0,0,0,0,0,0,42000,0,0,0,42000,0,42000,42000
063519,聚陽凱基9B購02  ,0,0,0,0,0,0,0,0,0,42000,0,0,0,58000,16000,42000,42000
063752,瑞祺國票9C購01  ,0,0,0,0,0,0,0,0,0,42000,0,0,0,130000,88000,42000,42000
064090,祥碩凱基9C購03  ,0,0,0,0,0,0,0,0,0,42000,0,0,0,52000,10000,42000,42000
064699,臻鼎群益9C購01  ,0,0,0,0,0,0,0,0,0,42000,0,0,0,359000,317000,42000,42000
064290,GIS元大9C購04   ,0,0,0,0,0,0,0,0,0,42000,0,0,0,42000,0,42000,42000
063064,台表科元富9B購01,0,0,0,0,0,0,0,0,0,42000,0,0,0,273000,231000,42000,42000
062916,智易元大9B購01  ,0,0,0,0,0,0,0,0,0,42000,0,0,0,52000,10000,42000,42000
062785,世芯元大9C購01  ,0,0,0,0,0,0,0,0,0,42000,0,0,0,53000,11000,42000,42000
065066,南電群益9C購02  ,0,0,0,0,0,0,0,0,0,41000,0,0,0,143000,102000,41000,41000
06961P,台積電凱基99售05,0,0,0,0,0,0,0,0,0,41000,0,0,0,41000,0,41000,41000
06956P,國巨日盛99售04  ,0,0,0,0,0,0,0,0,0,41000,0,0,0,41000,0,41000,41000
2484,希華            ,135000,96000,39000,0,0,0,0,0,0,2000,2000,0,2000,0,0,0,41000
055197,致新元富97購02  ,0,0,0,0,0,0,0,0,0,41000,0,0,0,50000,9000,41000,41000
054808,東元元大9A購01  ,0,0,0,0,0,0,0,0,0,41000,0,0,0,41000,0,41000,41000
054750,聯茂凱基98購02  ,0,0,0,0,0,0,0,0,0,41000,0,0,0,41000,0,41000,41000
054468,台郡凱基98購01  ,0,0,0,0,0,0,0,0,0,41000,0,0,0,51000,10000,41000,41000
057284,新日興元大98購03,0,0,0,0,0,0,0,0,0,41000,0,0,0,47000,6000,41000,41000
057420,美食凱基98購01  ,0,0,0,0,0,0,0,0,0,41000,0,0,0,41000,0,41000,41000
060667,力成凱基9A購01  ,0,0,0,0,0,0,0,0,0,41000,0,0,0,324000,283000,41000,41000
058515,健鼎元大99購01  ,0,0,0,0,0,0,0,0,0,41000,0,0,0,161000,120000,41000,41000
060539,道瓊反凱基9A購01,0,0,0,0,0,0,0,0,0,41000,0,0,0,41000,0,41000,41000
062596,緯穎統一01購02  ,0,0,0,0,0,0,0,0,0,41000,0,0,0,100000,59000,41000,41000
062348,聯發科群益9B購06,0,0,0,0,0,0,0,0,0,41000,0,0,0,47000,6000,41000,41000
062294,盛群永豐9B購01  ,0,0,0,0,0,0,0,0,0,41000,0,0,0,41000,0,41000,41000
063023,華擎元大9B購02  ,0,0,0,0,0,0,0,0,0,41000,0,0,0,133000,92000,41000,41000
063446,台光電統一01購02,0,0,0,0,0,0,0,0,0,41000,0,0,0,62000,21000,41000,41000
3229,晟鈦            ,58000,12000,46000,0,0,0,0,0,0,-6000,0,6000,-6000,0,0,0,40000
2106,建大            ,284000,239000,45000,0,0,0,0,0,0,-5000,11000,16000,-5000,0,0,0,40000
07883P,可成凱基9B售03  ,0,0,0,0,0,0,0,0,0,40000,0,0,0,203000,163000,40000,40000
08318P,台積電台新01售01,0,0,0,0,0,0,0,0,0,40000,0,0,0,40000,0,40000,40000
08520P,和大元大9C售04  ,0,0,0,0,0,0,0,0,0,40000,0,0,0,52000,12000,40000,40000
06941P,國巨統一98售07  ,0,0,0,0,0,0,0,0,0,40000,0,0,0,40000,0,40000,40000
07173P,臺股指國票99售10,0,0,0,0,0,0,0,0,0,40000,0,0,0,40000,0,40000,40000
06832P,玉晶光凱基98售03,0,0,0,0,0,0,0,0,0,40000,0,0,0,240000,200000,40000,40000
07798P,同欣電國票9A售01,0,0,0,0,0,0,0,0,0,40000,0,0,0,40000,0,40000,40000
064825,英業達統一9C購01,0,0,0,0,0,0,0,0,0,40000,0,0,0,162000,122000,40000,40000
065186,和大統一02購06  ,0,0,0,0,0,0,0,0,0,40000,0,0,0,75000,35000,40000,40000
057249,華邦電統一9A購01,0,0,0,0,0,0,0,0,0,40000,0,0,0,50000,10000,40000,40000
057169,微星元大98購01  ,0,0,0,0,0,0,0,0,0,40000,0,0,0,41000,1000,40000,40000
055777,冠德凱基97購01  ,0,0,0,0,0,0,0,0,0,40000,0,0,0,40000,0,40000,40000
056715,瀚宇博永豐98購01,0,0,0,0,0,0,0,0,0,40000,0,0,0,60000,20000,40000,40000
056734,國巨凱基99購01  ,0,0,0,0,0,0,0,0,0,40000,0,0,0,40000,0,40000,40000
056668,光磊國票99購01  ,0,0,0,0,0,0,0,0,0,40000,0,0,0,40000,0,40000,40000
057809,英業達元大98購01,0,0,0,0,0,0,0,0,0,40000,0,0,0,40000,0,40000,40000
060436,巨大永豐9A購01  ,0,0,0,0,0,0,0,0,0,40000,0,0,0,40000,0,40000,40000
055858,聯茂元大97購03  ,0,0,0,0,0,0,0,0,0,40000,0,0,0,70000,30000,40000,40000
05634P,玉晶光台新97售01,0,0,0,0,0,0,0,0,0,40000,0,0,0,40000,0,40000,40000
054301,楠梓電凱基98購01,0,0,0,0,0,0,0,0,0,40000,0,0,0,40000,0,40000,40000
054578,世芯元大99購01  ,0,0,0,0,0,0,0,0,0,40000,0,0,0,51000,11000,40000,40000
054916,聯發科凱基98購04,0,0,0,0,0,0,0,0,0,40000,0,0,0,40000,0,40000,40000
057617,國巨凱基99購06  ,0,0,0,0,0,0,0,0,0,40000,0,0,0,40000,0,40000,40000
056508,揚明光永豐98購01,0,0,0,0,0,0,0,0,0,40000,0,0,0,60000,20000,40000,40000
054020,技嘉台新97購01  ,0,0,0,0,0,0,0,0,0,40000,0,0,0,46000,6000,40000,40000
055183,聯鈞統一97購01  ,0,0,0,0,0,0,0,0,0,40000,0,0,0,40000,0,40000,40000
052152,創意富邦98購01  ,0,0,0,0,0,0,0,0,0,40000,0,0,0,40000,0,40000,40000
053255,貿聯國泰97購01  ,0,0,0,0,0,0,0,0,0,40000,0,0,0,40000,0,40000,40000
055399,超眾統一99購01  ,0,0,0,0,0,0,0,0,0,40000,0,0,0,40000,0,40000,40000
052838,新唐國泰98購01  ,0,0,0,0,0,0,0,0,0,40000,0,0,0,40000,0,40000,40000
047937,元金2X國票97購02,0,0,0,0,0,0,0,0,0,40000,0,0,0,40000,0,40000,40000
06018P,康控凱基96售03  ,0,0,0,0,0,0,0,0,0,40000,0,0,0,40000,0,40000,40000
058614,台郡元大9A購01  ,0,0,0,0,0,0,0,0,0,40000,0,0,0,110000,70000,40000,40000
058207,南茂凱基99購01  ,0,0,0,0,0,0,0,0,0,40000,0,0,0,40000,0,40000,40000
061937,聯發科國票9B購02,0,0,0,0,0,0,0,0,0,40000,0,0,0,40000,0,40000,40000
061420,國巨元大9A購22  ,0,0,0,0,0,0,0,0,0,40000,0,0,0,42000,2000,40000,40000
059613,泰鼎永豐99購02  ,0,0,0,0,0,0,0,0,0,40000,0,0,0,40000,0,40000,40000
059181,世紀鋼元富9C購01,0,0,0,0,0,0,0,0,0,40000,0,0,0,47000,7000,40000,40000
058025,聯茂國泰99購01  ,0,0,0,0,0,0,0,0,0,40000,0,0,0,40000,0,40000,40000
063429,南電凱基01購01  ,0,0,0,0,0,0,0,0,0,40000,0,0,0,41000,1000,40000,40000
062865,臺股指國票9B購22,0,0,0,0,0,0,0,0,0,40000,0,0,0,50000,10000,40000,40000
063076,柏文永豐9B購02  ,0,0,0,0,0,0,0,0,0,40000,0,0,0,40000,0,40000,40000
062362,致茂元大9B購01  ,0,0,0,0,0,0,0,0,0,40000,0,0,0,73000,33000,40000,40000
062564,矽創凱基9B購01  ,0,0,0,0,0,0,0,0,0,40000,0,0,0,190000,150000,40000,40000
064758,可成凱基02購02  ,0,0,0,0,0,0,0,0,0,40000,0,0,0,41000,1000,40000,40000
064549,神基凱基9C購01  ,0,0,0,0,0,0,0,0,0,40000,0,0,0,43000,3000,40000,40000
064030,泰碩元大01購01  ,0,0,0,0,0,0,0,0,0,40000,0,0,0,78000,38000,40000,40000
063958,瑞祺元大9C購01  ,0,0,0,0,0,0,0,0,0,40000,0,0,0,270000,230000,40000,40000
06378P,國巨統一97售08  ,0,0,0,0,0,0,0,0,0,40000,0,0,0,40000,0,40000,40000
063546,國巨兆豐9C購03  ,0,0,0,0,0,0,0,0,0,40000,0,0,0,40000,0,40000,40000
1806,冠軍            ,46000,7000,39000,0,0,0,0,0,0,0,0,0,0,0,0,0,39000
055318,華通國票98購01  ,0,0,0,0,0,0,0,0,0,39000,0,0,0,42000,3000,39000,39000
054309,禾伸堂凱基98購01,0,0,0,0,0,0,0,0,0,39000,0,0,0,79000,40000,39000,39000
053770,元金2X元大98購01,0,0,0,0,0,0,0,0,0,39000,0,0,0,164000,125000,39000,39000
060413,東元永豐9A購01  ,0,0,0,0,0,0,0,0,0,39000,0,0,0,39000,0,39000,39000
058222,玉晶光統一9B購01,0,0,0,0,0,0,0,0,0,39000,0,0,0,96000,57000,39000,39000
058190,貿聯永豐99購01  ,0,0,0,0,0,0,0,0,0,39000,0,0,0,76000,37000,39000,39000
058317,國巨永豐99購02  ,0,0,0,0,0,0,0,0,0,39000,0,0,0,70000,31000,39000,39000
060315,易華電永豐9A購01,0,0,0,0,0,0,0,0,0,39000,0,0,0,59000,20000,39000,39000
063815,玉晶光群益02購01,0,0,0,0,0,0,0,0,0,39000,0,0,0,58000,19000,39000,39000
063838,上銀元大9C購01  ,0,0,0,0,0,0,0,0,0,39000,0,0,0,68000,29000,39000,39000
064010,GIS凱基02購01   ,0,0,0,0,0,0,0,0,0,39000,0,0,0,43000,4000,39000,39000
064124,台積電元大9C購10,0,0,0,0,0,0,0,0,0,39000,0,0,0,39000,0,39000,39000
064530,康控中信9C購01  ,0,0,0,0,0,0,0,0,0,39000,0,0,0,39000,0,39000,39000
064723,大立光統一02購04,0,0,0,0,0,0,0,0,0,39000,0,0,0,45000,6000,39000,39000
062765,祥碩凱基9B購04  ,0,0,0,0,0,0,0,0,0,39000,0,0,0,39000,0,39000,39000
063238,漢唐元大9B購02  ,0,0,0,0,0,0,0,0,0,39000,0,0,0,47000,8000,39000,39000
063288,泰鼎元大9B購02  ,0,0,0,0,0,0,0,0,0,39000,0,0,0,130000,91000,39000,39000
3543,州巧            ,87000,57000,30000,0,0,0,0,0,0,8000,8000,0,8000,0,0,0,38000
1219,福壽            ,54000,16000,38000,0,0,0,0,0,0,0,0,0,0,0,0,0,38000
07673P,電子類元大9A售01,0,0,0,0,0,0,0,0,0,38000,0,0,0,43000,5000,38000,38000
053582,英業達元大97購01,0,0,0,0,0,0,0,0,0,38000,0,0,0,50000,12000,38000,38000
053186,健策中信9C購01  ,0,0,0,0,0,0,0,0,0,38000,0,0,0,97000,59000,38000,38000
052572,群創凱基99購01  ,0,0,0,0,0,0,0,0,0,38000,0,0,0,65000,27000,38000,38000
061048,國巨中信9A購05  ,0,0,0,0,0,0,0,0,0,38000,0,0,0,45000,7000,38000,38000
058118,瑞昱群益99購01  ,0,0,0,0,0,0,0,0,0,38000,0,0,0,38000,0,38000,38000
060924,大毅永豐9A購03  ,0,0,0,0,0,0,0,0,0,38000,0,0,0,100000,62000,38000,38000
061142,南電統一9A購01  ,0,0,0,0,0,0,0,0,0,38000,0,0,0,68000,30000,38000,38000
061555,聯電國票9B購01  ,0,0,0,0,0,0,0,0,0,38000,0,0,0,73000,35000,38000,38000
061638,國泰金元大9A購03,0,0,0,0,0,0,0,0,0,38000,0,0,0,112000,74000,38000,38000
063218,台塑群益9B購01  ,0,0,0,0,0,0,0,0,0,38000,0,0,0,70000,32000,38000,38000
063242,聯發科元大9B購19,0,0,0,0,0,0,0,0,0,38000,0,0,0,103000,65000,38000,38000
063062,群創元富9B購01  ,0,0,0,0,0,0,0,0,0,38000,0,0,0,70000,32000,38000,38000
062991,台光電群益9B購03,0,0,0,0,0,0,0,0,0,38000,0,0,0,100000,62000,38000,38000
064715,和大統一02購03  ,0,0,0,0,0,0,0,0,0,38000,0,0,0,66000,28000,38000,38000
064751,亞德客凱基9C購02,0,0,0,0,0,0,0,0,0,38000,0,0,0,98000,60000,38000,38000
064538,鈺齊國票01購01  ,0,0,0,0,0,0,0,0,0,38000,0,0,0,38000,0,38000,38000
064292,南茂元大01購01  ,0,0,0,0,0,0,0,0,0,38000,0,0,0,38000,0,38000,38000
064220,力山國票01購01  ,0,0,0,0,0,0,0,0,0,38000,0,0,0,38000,0,38000,38000
064255,泰碩國泰02購01  ,0,0,0,0,0,0,0,0,0,38000,0,0,0,83000,45000,38000,38000
064442,嘉聯益凱基9C購01,0,0,0,0,0,0,0,0,0,38000,0,0,0,141000,103000,38000,38000
063943,台光電元大9C購02,0,0,0,0,0,0,0,0,0,38000,0,0,0,48000,10000,38000,38000
063636,聯發科元大9B購26,0,0,0,0,0,0,0,0,0,38000,0,0,0,40000,2000,38000,38000
063618,智邦兆豐9C購01  ,0,0,0,0,0,0,0,0,0,38000,0,0,0,38000,0,38000,38000
063662,上銀統一01購03  ,0,0,0,0,0,0,0,0,0,38000,0,0,0,38000,0,38000,38000
07709P,創意元大9A售01  ,0,0,0,0,0,0,0,0,0,37000,0,0,0,37000,0,37000,37000
07085P,超眾元富9C售01  ,0,0,0,0,0,0,0,0,0,37000,0,0,0,283000,246000,37000,37000
08671P,友訊國票01售01  ,0,0,0,0,0,0,0,0,0,37000,0,0,0,37000,0,37000,37000
055333,晶豪科兆豐97購01,0,0,0,0,0,0,0,0,0,37000,0,0,0,49000,12000,37000,37000
060398,立積國票9B購01  ,0,0,0,0,0,0,0,0,0,37000,0,0,0,37000,0,37000,37000
060018,國產康和99購01  ,0,0,0,0,0,0,0,0,0,37000,0,0,0,37000,0,37000,37000
055816,新日興國票98購01,0,0,0,0,0,0,0,0,0,37000,0,0,0,75000,38000,37000,37000
061752,瑞昱台新9B購01  ,0,0,0,0,0,0,0,0,0,37000,0,0,0,51000,14000,37000,37000
058699,楠梓電元大99購02,0,0,0,0,0,0,0,0,0,37000,0,0,0,42000,5000,37000,37000
061318,智邦凱基9B購01  ,0,0,0,0,0,0,0,0,0,37000,0,0,0,48000,11000,37000,37000
058136,景碩元大99購02  ,0,0,0,0,0,0,0,0,0,37000,0,0,0,42000,5000,37000,37000
063773,可成富邦9C購01  ,0,0,0,0,0,0,0,0,0,37000,0,0,0,257000,220000,37000,37000
064132,神達元大9C購02  ,0,0,0,0,0,0,0,0,0,37000,0,0,0,45000,8000,37000,37000
063296,可成麥證9B購01  ,0,0,0,50000,13000,37000,0,0,0,37000,0,0,0,50000,13000,37000,37000
062542,南電國泰9C購01  ,0,0,0,0,0,0,0,0,0,37000,0,0,0,107000,70000,37000,37000
062333,嘉晶統一9C購01  ,0,0,0,0,0,0,0,0,0,37000,0,0,0,206000,169000,37000,37000
08462P,臻鼎國票9C售02  ,0,0,0,0,0,0,0,0,0,36000,0,0,0,90000,54000,36000,36000
065199,華擎元富03購01  ,0,0,0,0,0,0,0,0,0,36000,0,0,0,52000,16000,36000,36000
056903,大立光元大99購04,0,0,0,0,0,0,0,0,0,36000,0,0,0,46000,10000,36000,36000
056448,全新凱基99購01  ,0,0,0,0,0,0,0,0,0,36000,0,0,0,36000,0,36000,36000
056835,聯電元富99購01  ,0,0,0,0,0,0,0,0,0,36000,0,0,0,201000,165000,36000,36000
057375,欣興元大98購09  ,0,0,0,0,0,0,0,0,0,36000,0,0,0,36000,0,36000,36000
055586,旺宏元大98購06  ,0,0,0,0,0,0,0,0,0,36000,0,0,0,37000,1000,36000,36000
059791,超眾元大99購06  ,0,0,0,0,0,0,0,0,0,36000,0,0,0,62000,26000,36000,36000
058925,旭富元富99購02  ,0,0,0,0,0,0,0,0,0,36000,0,0,0,41000,5000,36000,36000
062235,億光凱基9B購01  ,0,0,0,0,0,0,0,0,0,36000,0,0,0,50000,14000,36000,36000
062494,中石化中信9C購01,0,0,0,0,0,0,0,0,0,36000,0,0,0,36000,0,36000,36000
063267,台表科中信01購02,0,0,0,0,0,0,0,0,0,36000,0,0,0,53000,17000,36000,36000
062870,亞德客兆豐9C購01,0,0,0,0,0,0,0,0,0,36000,0,0,0,36000,0,36000,36000
063171,光寶科中信9B購01,0,0,0,0,0,0,0,0,0,36000,0,0,0,52000,16000,36000,36000
063181,聚陽凱基9B購01  ,0,0,0,0,0,0,0,0,0,36000,0,0,0,36000,0,36000,36000
064131,群創元大01購02  ,0,0,0,0,0,0,0,0,0,36000,0,0,0,36000,0,36000,36000
063971,健鼎國票01購01  ,0,0,0,0,0,0,0,0,0,36000,0,0,0,91000,55000,36000,36000
064348,TPK元大9C購03   ,0,0,0,0,0,0,0,0,0,36000,0,0,0,36000,0,36000,36000
064540,神達麥證01購01  ,0,0,0,108000,72000,36000,0,0,0,36000,0,0,0,108000,72000,36000,36000
8110,華東            ,281000,240000,41000,0,0,0,0,0,0,-5000,7000,12000,-5000,0,0,0,36000
6165,捷泰            ,79000,43000,36000,0,0,0,0,0,0,0,0,0,0,0,0,0,36000
064851,勤誠元富03購01  ,0,0,0,0,0,0,0,0,0,35000,0,0,0,92000,57000,35000,35000
065113,南電國票01購02  ,0,0,0,0,0,0,0,0,0,35000,0,0,0,71000,36000,35000,35000
06645P,上銀元大98售05  ,0,0,0,0,0,0,0,0,0,35000,0,0,0,58000,23000,35000,35000
07342P,大立光凱基99售14,0,0,0,0,0,0,0,0,0,35000,0,0,0,45000,10000,35000,35000
08523P,金像電元大9C售06,0,0,0,0,0,0,0,0,0,35000,0,0,0,85000,50000,35000,35000
08187P,大毅群益9B售04  ,0,0,0,0,0,0,0,0,0,35000,0,0,0,85000,50000,35000,35000
2471,資通            ,74000,40000,34000,0,0,0,0,0,0,1000,4000,3000,1000,0,0,0,35000
046928,奇鋐富邦97購01  ,0,0,0,0,0,0,0,0,0,35000,0,0,0,35000,0,35000,35000
057667,可成元大99購01  ,0,0,0,0,0,0,0,0,0,35000,0,0,0,68000,33000,35000,35000
058865,群創凱基01購01  ,0,0,0,0,0,0,0,0,0,35000,0,0,0,35000,0,35000,35000
057962,超眾元大99購03  ,0,0,0,0,0,0,0,0,0,35000,0,0,0,87000,52000,35000,35000
058721,立積元富9C購01  ,0,0,0,0,0,0,0,0,0,35000,0,0,0,341000,306000,35000,35000
061366,台勝科國票9A購01,0,0,0,0,0,0,0,0,0,35000,0,0,0,35000,0,35000,35000
061452,大成鋼凱基9A購01,0,0,0,0,0,0,0,0,0,35000,0,0,0,55000,20000,35000,35000
061952,臺股指群益9B購01,0,0,0,0,0,0,0,0,0,35000,0,0,0,45000,10000,35000,35000
061940,世紀鋼國票9C購01,0,0,0,0,0,0,0,0,0,35000,0,0,0,39000,4000,35000,35000
061875,華新科元大9B購03,0,0,0,0,0,0,0,0,0,35000,0,0,0,43000,8000,35000,35000
062083,健策元大9C購03  ,0,0,0,0,0,0,0,0,0,35000,0,0,0,41000,6000,35000,35000
058068,旺宏凱基98購11  ,0,0,0,0,0,0,0,0,0,35000,0,0,0,35000,0,35000,35000
058286,道瓊指國票9B購01,0,0,0,0,0,0,0,0,0,35000,0,0,0,35000,0,35000,35000
064604,聯茂元富9C購01  ,0,0,0,0,0,0,0,0,0,35000,0,0,0,46000,11000,35000,35000
06465P,國巨統一98售04  ,0,0,0,0,0,0,0,0,0,35000,0,0,0,115000,80000,35000,35000
064457,禾伸堂統一01購02,0,0,0,0,0,0,0,0,0,35000,0,0,0,35000,0,35000,35000
063859,國巨國泰01購03  ,0,0,0,0,0,0,0,0,0,35000,0,0,0,36000,1000,35000,35000
064111,國巨國票02購02  ,0,0,0,0,0,0,0,0,0,35000,0,0,0,109000,74000,35000,35000
063733,聯發科元大9B購27,0,0,0,0,0,0,0,0,0,35000,0,0,0,97000,62000,35000,35000
063194,華新科台新9B購01,0,0,0,0,0,0,0,0,0,35000,0,0,0,36000,1000,35000,35000
063135,國巨統一9B購16  ,0,0,0,0,0,0,0,0,0,35000,0,0,0,145000,110000,35000,35000
062890,祥碩群益9B購04  ,0,0,0,0,0,0,0,0,0,35000,0,0,0,35000,0,35000,35000
063263,高鐵永豐9B購01  ,0,0,0,0,0,0,0,0,0,35000,0,0,0,68000,33000,35000,35000
062528,全新統一9C購01  ,0,0,0,0,0,0,0,0,0,35000,0,0,0,35000,0,35000,35000
062828,聯詠群益9B購02  ,0,0,0,0,0,0,0,0,0,35000,0,0,0,35000,0,35000,35000
062746,致伸永豐9B購01  ,0,0,0,0,0,0,0,0,0,35000,0,0,0,65000,30000,35000,35000
062741,立積國票9B購02  ,0,0,0,0,0,0,0,0,0,35000,0,0,0,35000,0,35000,35000
4942,嘉彰            ,63000,28000,35000,0,0,0,0,0,0,0,0,0,0,0,0,0,35000
3149,正達            ,92000,58000,34000,0,0,0,0,0,0,0,0,0,0,0,0,0,34000
08324P,大立光凱基9C售05,0,0,0,0,0,0,0,0,0,34000,0,0,0,35000,1000,34000,34000
08420P,國巨群益9C售12  ,0,0,0,0,0,0,0,0,0,34000,0,0,0,36000,2000,34000,34000
07292P,臺股指凱基99售44,0,0,0,0,0,0,0,0,0,34000,0,0,0,50000,16000,34000,34000
065061,聯發科群益9C購08,0,0,0,0,0,0,0,0,0,34000,0,0,0,50000,16000,34000,34000
064992,玉晶光兆豐01購01,0,0,0,0,0,0,0,0,0,34000,0,0,0,198000,164000,34000,34000
064856,GIS國泰02購01   ,0,0,0,0,0,0,0,0,0,34000,0,0,0,99000,65000,34000,34000
056651,聯茂凱基98購04  ,0,0,0,0,0,0,0,0,0,34000,0,0,0,34000,0,34000,34000
060399,康友國票9A購02  ,0,0,0,0,0,0,0,0,0,34000,0,0,0,92000,58000,34000,34000
060249,正文元大9C購01  ,0,0,0,0,0,0,0,0,0,34000,0,0,0,40000,6000,34000,34000
055104,台達電凱基98購01,0,0,0,0,0,0,0,0,0,34000,0,0,0,100000,66000,34000,34000
058585,S&P正2中信9B購02,0,0,0,0,0,0,0,0,0,34000,0,0,0,35000,1000,34000,34000
060545,台積電凱基9B購02,0,0,0,0,0,0,0,0,0,34000,0,0,0,48000,14000,34000,34000
060228,亞德客元大9A購01,0,0,0,0,0,0,0,0,0,34000,0,0,0,67000,33000,34000,34000
059277,群創元大99購05  ,0,0,0,0,0,0,0,0,0,34000,0,0,0,72000,38000,34000,34000
062109,聯詠國票9C購01  ,0,0,0,0,0,0,0,0,0,34000,0,0,0,35000,1000,34000,34000
062049,亞德客統一01購01,0,0,0,0,0,0,0,0,0,34000,0,0,0,38000,4000,34000,34000
059097,世紀鋼元大99購05,0,0,0,0,0,0,0,0,0,34000,0,0,0,65000,31000,34000,34000
058752,鈺齊凱基9A購01  ,0,0,0,0,0,0,0,0,0,34000,0,0,0,34000,0,34000,34000
057947,和碩國票99購01  ,0,0,0,0,0,0,0,0,0,34000,0,0,0,34000,0,34000,34000
062624,大成鋼國票9B購02,0,0,0,0,0,0,0,0,0,34000,0,0,0,38000,4000,34000,34000
063057,祥碩統一03購01  ,0,0,0,0,0,0,0,0,0,34000,0,0,0,494000,460000,34000,34000
063885,南六元富9C購01  ,0,0,0,0,0,0,0,0,0,34000,0,0,0,64000,30000,34000,34000
064727,群創統一02購03  ,0,0,0,0,0,0,0,0,0,34000,0,0,0,34000,0,34000,34000
8454,富邦媒          ,454676,419100,35576,0,0,0,0,0,0,-2000,3000,5000,-2000,0,0,0,33576
065172,義隆元大9C購05  ,0,0,0,0,0,0,0,0,0,33000,0,0,0,82000,49000,33000,33000
06843P,鴻海元大98售11  ,0,0,0,0,0,0,0,0,0,33000,0,0,0,43000,10000,33000,33000
055327,致新國票98購01  ,0,0,0,0,0,0,0,0,0,33000,0,0,0,33000,0,33000,33000
052316,台積電元大96購10,0,0,0,0,0,0,0,0,0,33000,0,0,0,33000,0,33000,33000
00743,國泰中國A150    ,5000,0,5000,0,0,0,0,0,0,28000,0,0,0,31000,3000,28000,33000
00665L,富邦恒生國企正2 ,105000,32000,73000,0,0,0,0,0,0,-40000,0,0,0,700000,740000,-40000,33000
055012,茂林元富97購01  ,0,0,0,0,0,0,0,0,0,33000,0,0,0,33000,0,33000,33000
057483,微星元大98購04  ,0,0,0,0,0,0,0,0,0,33000,0,0,0,33000,0,33000,33000
060469,台勝科元大9A購02,0,0,0,0,0,0,0,0,0,33000,0,0,0,97000,64000,33000,33000
056176,創意元富97購01  ,0,0,0,0,0,0,0,0,0,33000,0,0,0,33000,0,33000,33000
061770,泰碩元大9B購02  ,0,0,0,0,0,0,0,0,0,33000,0,0,0,83000,50000,33000,33000
058643,T50正2富邦03購01,0,0,0,0,0,0,0,0,0,33000,0,0,0,33000,0,33000,33000
061339,京元電元大9A購05,0,0,0,0,0,0,0,0,0,33000,0,0,0,101000,68000,33000,33000
064436,聯發科凱基03購02,0,0,0,0,0,0,0,0,0,33000,0,0,0,33000,0,33000,33000
064227,和碩國票01購01  ,0,0,0,0,0,0,0,0,0,33000,0,0,0,71000,38000,33000,33000
063955,TPK元大9C購01   ,0,0,0,0,0,0,0,0,0,33000,0,0,0,87000,54000,33000,33000
064019,上銀元大9C購05  ,0,0,0,0,0,0,0,0,0,33000,0,0,0,33000,0,33000,33000
063735,華新科元大9B購15,0,0,0,0,0,0,0,0,0,33000,0,0,0,98000,65000,33000,33000
062436,國巨元大9B購14  ,0,0,0,0,0,0,0,0,0,33000,0,0,0,183000,150000,33000,33000
6164,華興            ,40000,7000,33000,0,0,0,0,0,0,0,0,0,0,0,0,0,33000
07241P,台灣50國票9A售05,0,0,0,0,0,0,0,0,0,32000,0,0,0,32000,0,32000,32000
065197,景碩元富06購01  ,10000,0,10000,0,0,0,0,0,0,22000,0,0,0,125000,103000,22000,32000
08345P,大立光元大9C售14,0,0,0,0,0,0,0,0,0,32000,0,0,0,32000,0,32000,32000
08487P,同欣電群益01售01,0,0,0,0,0,0,0,0,0,32000,0,0,0,68000,36000,32000,32000
056165,矽力凱基98購02  ,0,0,0,0,0,0,0,0,0,32000,0,0,0,32000,0,32000,32000
056209,超眾永豐97購02  ,0,0,0,0,0,0,0,0,0,32000,0,0,0,42000,10000,32000,32000
056211,南港國票98購01  ,0,15000,-15000,0,0,0,0,0,0,47000,0,0,0,163000,116000,47000,32000
060298,鎧勝元大9C購01  ,0,0,0,0,0,0,0,0,0,32000,0,0,0,32000,0,32000,32000
057069,台積電永豐98購02,0,0,0,0,0,0,0,0,0,32000,0,0,0,32000,0,32000,32000
057042,台積電元大98購10,0,0,0,0,0,0,0,0,0,32000,0,0,0,73000,41000,32000,32000
00771,元大US高息特別股,0,0,0,0,0,0,0,0,0,32000,0,0,0,120000,88000,32000,32000
060966,台表科凱基9B購01,0,0,0,0,0,0,0,0,0,32000,0,0,0,52000,20000,32000,32000
058263,大成鋼永豐99購01,0,0,0,0,0,0,0,0,0,32000,0,0,0,32000,0,32000,32000
058242,玉晶光元大9A購01,0,0,0,0,0,0,0,0,0,32000,0,0,0,92000,60000,32000,32000
060675,南亞科元大9A購02,0,0,0,0,0,0,0,0,0,32000,0,0,0,100000,68000,32000,32000
061612,南六統一9A購01  ,0,0,0,0,0,0,0,0,0,32000,0,0,0,265000,233000,32000,32000
061465,聯詠群益9A購01  ,0,0,0,0,0,0,0,0,0,32000,0,0,0,32000,0,32000,32000
059101,康控統一9A購01  ,0,0,0,0,0,0,0,0,0,32000,0,0,0,32000,0,32000,32000
059663,旭富元大9C購02  ,0,0,0,0,0,0,0,0,0,32000,0,0,0,64000,32000,32000,32000
062998,泰碩國票01購01  ,0,0,0,0,0,0,0,0,0,32000,0,0,0,40000,8000,32000,32000
063440,上銀統一01購02  ,0,0,0,0,0,0,0,0,0,32000,0,0,0,32000,0,32000,32000
063801,GIS凱基01購01   ,0,0,0,0,0,0,0,0,0,32000,0,0,0,43000,11000,32000,32000
064195,晶豪科群益9C購01,0,0,0,0,0,0,0,0,0,32000,0,0,0,42000,10000,32000,32000
064317,日月光群益9C購01,0,0,0,0,0,0,0,0,0,32000,0,0,0,47000,15000,32000,32000
064683,台表科兆豐9C購02,0,0,0,0,0,0,0,0,0,32000,0,0,0,181000,149000,32000,32000
064951,聯發科凱基01購04,0,0,0,0,0,0,0,0,0,31000,0,0,0,31000,0,31000,31000
054943,群光元大97購01  ,0,0,0,0,0,0,0,0,0,31000,0,0,0,52000,21000,31000,31000
056745,聯茂凱基99購03  ,0,0,0,0,0,0,0,0,0,31000,0,0,0,34000,3000,31000,31000
056130,新日興麥證97購01,0,0,0,51000,20000,31000,0,0,0,31000,0,0,0,51000,20000,31000,31000
059889,華新科國票99購04,0,0,0,0,0,0,0,0,0,31000,0,0,0,39000,8000,31000,31000
061482,健策元大9C購01  ,0,0,0,0,0,0,0,0,0,31000,0,0,0,47000,16000,31000,31000
061780,國巨群益9C購01  ,0,0,0,0,0,0,0,0,0,31000,0,0,0,85000,54000,31000,31000
060308,劍麟永豐9A購01  ,0,0,0,0,0,0,0,0,0,31000,0,0,0,55000,24000,31000,31000
058361,美律凱基99購06  ,0,0,0,0,0,0,0,0,0,31000,0,0,0,73000,42000,31000,31000
058139,臻鼎元大99購01  ,0,0,0,0,0,0,0,0,0,31000,0,0,0,45000,14000,31000,31000
061191,可成永豐9A購02  ,0,0,0,0,0,0,0,0,0,31000,0,0,0,31000,0,31000,31000
064297,台郡國票01購01  ,0,0,0,0,0,0,0,0,0,31000,0,0,0,80000,49000,31000,31000
064356,矽創元大01購01  ,0,0,0,0,0,0,0,0,0,31000,0,0,0,100000,69000,31000,31000
063812,智邦群益9C購02  ,0,0,0,0,0,0,0,0,0,31000,0,0,0,98000,67000,31000,31000
063410,南六國票9C購01  ,0,0,0,0,0,0,0,0,0,31000,0,0,0,38000,7000,31000,31000
063266,聯發科第一9B購01,0,0,0,0,0,0,0,0,0,31000,0,0,0,32000,1000,31000,31000
062760,漢唐凱基9B購01  ,0,0,0,0,0,0,0,0,0,31000,0,0,0,31000,0,31000,31000
065091,亞光元大9C購01  ,0,0,0,0,0,0,0,0,0,30000,0,0,0,43000,13000,30000,30000
065205,金寶國票01購01  ,0,0,0,0,0,0,0,0,0,30000,0,0,0,65000,35000,30000,30000
06586P,鴻海元大9C售01  ,0,0,0,0,0,0,0,0,0,30000,0,0,0,31000,1000,30000,30000
06533P,上証2X中信9B售01,0,0,0,0,0,0,0,0,0,30000,0,0,0,30000,0,30000,30000
07525P,臺股指中信9B售07,0,0,0,0,0,0,0,0,0,30000,0,0,0,30000,0,30000,30000
07570P,旺宏凱基9A售04  ,0,0,0,0,0,0,0,0,0,30000,0,0,0,30000,0,30000,30000
06933P,禾伸堂元大98售03,0,0,0,0,0,0,0,0,0,30000,0,0,0,30000,0,30000,30000
08510P,大立光富邦03售04,0,0,0,0,0,0,0,0,0,30000,0,0,0,30000,0,30000,30000
08535P,和大國票01售02  ,0,0,0,0,0,0,0,0,0,30000,0,0,0,30000,0,30000,30000
08344P,旺宏元大01售02  ,0,0,0,0,0,0,0,0,0,30000,0,0,0,30000,0,30000,30000
08372P,大立光凱基01售04,0,0,0,0,0,0,0,0,0,30000,0,0,0,60000,30000,30000,30000
07872P,聯發科群益9B售03,0,0,0,0,0,0,0,0,0,30000,0,0,0,30000,0,30000,30000
2612,中航            ,34000,44000,-10000,0,0,0,0,0,0,40000,40000,0,40000,0,0,0,30000
055993,致茂國泰99購01  ,0,0,0,0,0,0,0,0,0,30000,0,0,0,30000,0,30000,30000
056070,新日興元大97購04,0,0,0,0,0,0,0,0,0,30000,0,0,0,30000,0,30000,30000
056834,華新元富99購01  ,0,0,0,0,0,0,0,0,0,30000,0,0,0,30000,0,30000,30000
055794,聯發科國泰99購01,0,0,0,0,0,0,0,0,0,30000,0,0,0,114000,84000,30000,30000
057201,華擎元富98購01  ,0,0,0,0,0,0,0,0,0,30000,0,0,0,31000,1000,30000,30000
057273,智邦元大98購05  ,0,0,0,0,0,0,0,0,0,30000,0,0,0,30000,0,30000,30000
057928,鈺齊凱基98購02  ,0,0,0,0,0,0,0,0,0,30000,0,0,0,30000,0,30000,30000
060422,台勝科永豐9A購01,0,0,0,0,0,0,0,0,0,30000,0,0,0,30000,0,30000,30000
05582P,群創凱基98售06  ,0,0,0,0,0,0,0,0,0,30000,0,0,0,30000,0,30000,30000
054884,友達統一99購01  ,0,0,0,0,0,0,0,0,0,30000,0,0,0,30000,0,30000,30000
054848,群創兆豐98購01  ,0,0,0,0,0,0,0,0,0,30000,0,0,0,30000,0,30000,30000
054757,南亞國票98購01  ,0,0,0,0,0,0,0,0,0,30000,0,0,0,30000,0,30000,30000
054720,禾伸堂永豐97購01,0,0,0,0,0,0,0,0,0,30000,0,0,0,30000,0,30000,30000
055617,TPK國票98購04   ,0,0,0,0,0,0,0,0,0,30000,0,0,0,30000,0,30000,30000
057557,聯茂凱基99購04  ,0,0,0,0,0,0,0,0,0,30000,0,0,0,35000,5000,30000,30000
054080,微星中信98購01  ,0,0,0,0,0,0,0,0,0,30000,0,0,0,50000,20000,30000,30000
053918,美律國票97購01  ,0,0,0,0,0,0,0,0,0,30000,0,0,0,30000,0,30000,30000
054231,國巨群益98購03  ,0,0,0,0,0,0,0,0,0,30000,0,0,0,55000,25000,30000,30000
054218,S&P反1統一98購02,0,0,0,0,0,0,0,0,0,30000,0,0,0,30000,0,30000,30000
057470,易華電永豐98購02,0,0,0,0,0,0,0,0,0,30000,0,0,0,30000,0,30000,30000
057458,TPK富邦9A購01   ,0,0,0,0,0,0,0,0,0,30000,0,0,0,30000,0,30000,30000
055721,聯詠元大97購04  ,0,0,0,0,0,0,0,0,0,30000,0,0,0,30000,0,30000,30000
052542,友達元富98購01  ,0,0,0,0,0,0,0,0,0,30000,0,0,0,175000,145000,30000,30000
052700,奇鋐國票97購02  ,0,0,0,0,0,0,0,0,0,30000,0,0,0,30000,0,30000,30000
052951,GIS國票97購02   ,0,0,0,0,0,0,0,0,0,30000,0,0,0,30000,0,30000,30000
055324,TPK國票98購03   ,0,0,0,0,0,0,0,0,0,30000,0,0,0,30000,0,30000,30000
055340,華新科日盛97購01,0,0,0,0,0,0,0,0,0,30000,0,0,0,549000,519000,30000,30000
052004,泰碩國泰97購03  ,0,0,0,0,0,0,0,0,0,30000,0,0,0,30000,0,30000,30000
050754,元金2X元富9B購01,0,0,0,0,0,0,0,0,0,30000,0,0,0,30000,0,30000,30000
048379,台郡元富96購01  ,0,0,0,0,0,0,0,0,0,30000,0,0,0,30000,0,30000,30000
049255,旺宏元大97購02  ,0,0,0,0,0,0,0,0,0,30000,0,0,0,30000,0,30000,30000
058660,樺漢中信9A購01  ,0,0,0,0,0,0,0,0,0,30000,0,0,0,30000,0,30000,30000
058625,旺宏國票9A購01  ,0,0,0,0,0,0,0,0,0,30000,0,0,0,40000,10000,30000,30000
058596,旺宏台新99購01  ,0,0,0,0,0,0,0,0,0,30000,0,0,0,30000,0,30000,30000
058664,百和兆豐99購01  ,0,0,0,0,0,0,0,0,0,30000,0,0,0,30000,0,30000,30000
060678,聯詠元大9A購03  ,0,0,0,0,0,0,0,0,0,30000,0,0,0,69000,39000,30000,30000
060555,台表科凱基9A購03,0,0,0,0,0,0,0,0,0,30000,0,0,0,30000,0,30000,30000
061734,全新中信9B購02  ,0,0,0,0,0,0,0,0,0,30000,0,0,0,30000,0,30000,30000
061662,瑞儀永豐9A購02  ,0,0,0,0,0,0,0,0,0,30000,0,0,0,50000,20000,30000,30000
061450,嘉晶中信9A購01  ,0,0,0,0,0,0,0,0,0,30000,0,0,0,50000,20000,30000,30000
061584,勤誠元大9A購01  ,0,0,0,0,0,0,0,0,0,30000,0,0,0,70000,40000,30000,30000
062009,聯發科國泰01購01,0,0,0,0,0,0,0,0,0,30000,0,0,0,31000,1000,30000,30000
062100,矽格永豐9B購01  ,0,0,0,0,0,0,0,0,0,30000,0,0,0,302000,272000,30000,30000
061831,智邦凱基9B購02  ,0,0,0,0,0,0,0,0,0,30000,0,0,0,50000,20000,30000,30000
061907,裕隆中信9B購01  ,0,0,0,0,0,0,0,0,0,30000,0,0,0,50000,20000,30000,30000
059689,南亞科永豐99購02,0,0,0,0,0,0,0,0,0,30000,0,0,0,33000,3000,30000,30000
058713,國巨統一9B購02  ,0,0,0,0,0,0,0,0,0,30000,0,0,0,40000,10000,30000,30000
058736,鈺齊永豐99購02  ,0,0,0,0,0,0,0,0,0,30000,0,0,0,30000,0,30000,30000
058981,國巨凱基99購10  ,0,0,0,0,0,0,0,0,0,30000,0,0,0,42000,12000,30000,30000
062625,華通國票9B購02  ,0,0,0,0,0,0,0,0,0,30000,0,0,0,35000,5000,30000,30000
062597,世紀鋼統一01購01,0,0,0,0,0,0,0,0,0,30000,0,0,0,30000,0,30000,30000
062589,友達統一9C購03  ,0,0,0,0,0,0,0,0,0,30000,0,0,0,30000,0,30000,30000
062504,旭富群益9B購02  ,0,0,0,0,0,0,0,0,0,30000,0,0,0,128000,98000,30000,30000
062250,台積電元大9B購02,0,0,0,0,0,0,0,0,0,30000,0,0,0,30000,0,30000,30000
062262,茂林元大9B購02  ,0,0,0,0,0,0,0,0,0,30000,0,0,0,55000,25000,30000,30000
062309,燿華凱基9B購01  ,0,0,0,0,0,0,0,0,0,30000,0,0,0,30000,0,30000,30000
062284,華擎群益9C購03  ,0,0,0,0,0,0,0,0,0,30000,0,0,0,50000,20000,30000,30000
063212,聯發科國票9C購02,0,0,0,0,0,0,0,0,0,30000,0,0,0,30000,0,30000,30000
063222,群創群益9B購03  ,0,0,0,0,0,0,0,0,0,30000,0,0,0,30000,0,30000,30000
063040,聯詠凱基9B購03  ,0,0,0,0,0,0,0,0,0,30000,0,0,0,30000,0,30000,30000
063104,大立光群益9C購02,0,0,0,0,0,0,0,0,0,30000,0,0,0,30000,0,30000,30000
063665,南亞科統一01購02,0,0,0,0,0,0,0,0,0,30000,0,0,0,41000,11000,30000,30000
064100,義隆群益9C購01  ,0,0,0,0,0,0,0,0,0,30000,0,0,0,60000,30000,30000,30000
063897,神達群益9C購01  ,0,0,0,0,0,0,0,0,0,30000,0,0,0,37000,7000,30000,30000
064341,聯詠元大9C購01  ,0,0,0,0,0,0,0,0,0,30000,0,0,0,46000,16000,30000,30000
064401,台達電凱基06購01,0,0,0,0,0,0,0,0,0,30000,0,0,0,120000,90000,30000,30000
064708,帆宣永豐9C購01  ,0,0,0,0,0,0,0,0,0,30000,0,0,0,30000,0,30000,30000
9955,佳龍            ,68000,37000,31000,0,0,0,0,0,0,-1000,0,1000,-1000,0,0,0,30000
06879P,長榮航凱基98售02,0,0,0,0,0,0,0,0,0,29000,0,0,0,49000,20000,29000,29000
064913,燿華統一02購01  ,0,0,0,0,0,0,0,0,0,29000,0,0,0,50000,21000,29000,29000
051861,鴻海凱基98購01  ,0,0,0,0,0,0,0,0,0,29000,0,0,0,29000,0,29000,29000
00865B,國泰US短期公債  ,0,0,0,0,0,0,0,0,0,29000,0,0,0,129000,100000,29000,29000
056511,超眾永豐98購01  ,0,0,0,0,0,0,0,0,0,29000,0,0,0,39000,10000,29000,29000
060084,聯電元大99購02  ,0,0,0,0,0,0,0,0,0,29000,0,0,0,167000,138000,29000,29000
057202,TPK元富98購02   ,0,0,0,0,0,0,0,0,0,29000,0,0,0,29000,0,29000,29000
061959,鴻海統一9B購04  ,0,0,0,0,0,0,0,0,0,29000,0,0,0,141000,112000,29000,29000
061472,台積電元大9A購32,0,0,0,0,0,0,0,0,0,29000,0,0,0,130000,101000,29000,29000
061792,和大永豐9B購01  ,0,0,0,0,0,0,0,0,0,29000,0,0,0,77000,48000,29000,29000
064420,台積電兆豐9C購03,0,0,0,0,0,0,0,0,0,29000,0,0,0,124000,95000,29000,29000
063915,祥碩凱基01購01  ,0,0,0,0,0,0,0,0,0,29000,0,0,0,157000,128000,29000,29000
063961,世紀鋼元大9C購05,0,0,0,0,0,0,0,0,0,29000,0,0,0,68000,39000,29000,29000
064033,茂林元大9C購02  ,0,0,0,0,0,0,0,0,0,29000,0,0,0,50000,21000,29000,29000
064168,南電統一01購01  ,0,0,0,0,0,0,0,0,0,29000,0,0,0,29000,0,29000,29000
063786,瑞昱中信06購01  ,0,0,0,0,0,0,0,0,0,29000,0,0,0,31000,2000,29000,29000
063177,友達兆豐9B購01  ,0,0,0,0,0,0,0,0,0,29000,0,0,0,80000,51000,29000,29000
062233,神隆凱基9B購01  ,0,0,0,0,0,0,0,0,0,29000,0,0,0,133000,104000,29000,29000
062197,聯發科中信01購03,0,0,0,0,0,0,0,0,0,29000,0,0,0,70000,41000,29000,29000
062159,聯詠凱基9B購01  ,0,0,0,0,0,0,0,0,0,29000,0,0,0,33000,4000,29000,29000
062752,世芯中信9B購01  ,0,0,0,0,0,0,0,0,0,29000,0,0,0,48000,19000,29000,29000
4906,正文            ,288000,415000,-127000,0,0,0,150000,0,150000,6000,4000,8000,-4000,10000,0,10000,29000
6136,富爾特          ,24000,3000,21000,0,0,0,0,0,0,8000,20000,12000,8000,0,0,0,29000
06755P,大立光永豐98售03,0,0,0,0,0,0,0,0,0,28000,0,0,0,95000,67000,28000,28000
07117P,SGBR2X凱基9C售01,0,0,0,0,0,0,0,0,0,28000,0,0,0,30000,2000,28000,28000
07533P,臺股指中信9C售04,0,0,0,0,0,0,0,0,0,28000,0,0,0,338000,310000,28000,28000
2467,志聖            ,138000,110000,28000,0,0,0,0,0,0,0,3000,3000,0,0,0,0,28000
2881A,富邦特          ,0,0,0,0,0,0,0,0,0,28000,28000,0,28000,0,0,0,28000
08412P,群創凱基01售03  ,0,0,0,0,0,0,0,0,0,28000,0,0,0,28000,0,28000,28000
056550,瑞儀凱基99購01  ,0,0,0,0,0,0,0,0,0,28000,0,0,0,33000,5000,28000,28000
057706,臺股指群益98購06,0,0,0,0,0,0,0,0,0,28000,0,0,0,30000,2000,28000,28000
055963,欣興元大97購04  ,0,0,0,0,0,0,0,0,0,28000,0,0,0,114000,86000,28000,28000
061912,台積電中信05購05,0,0,0,0,0,0,0,0,0,28000,0,0,0,33000,5000,28000,28000
059007,南電元大99購05  ,0,0,0,0,0,0,0,0,0,28000,0,0,0,35000,7000,28000,28000
059510,華新科永豐99購07,0,0,0,0,0,0,0,0,0,28000,0,0,0,185000,157000,28000,28000
058688,矽創凱基9A購01  ,0,0,0,0,0,0,0,0,0,28000,0,0,0,88000,60000,28000,28000
060550,可成凱基9A購02  ,0,0,0,0,0,0,0,0,0,28000,0,0,0,28000,0,28000,28000
059829,超眾凱基99購05  ,0,0,0,0,0,0,0,0,0,28000,0,0,0,30000,2000,28000,28000
059425,SGBR2X元大9A購02,0,0,0,0,0,0,0,0,0,28000,0,0,0,162000,134000,28000,28000
060671,亞德客元大9A購03,0,0,0,0,0,0,0,0,0,28000,0,0,0,28000,0,28000,28000
058243,華擎元大99購01  ,0,0,0,0,0,0,0,0,0,28000,0,0,0,28000,0,28000,28000
058586,鴻海中信01購02  ,0,0,0,0,0,0,0,0,0,28000,0,0,0,203000,175000,28000,28000
061152,微星群益9A購01  ,0,0,0,0,0,0,0,0,0,28000,0,0,0,28000,0,28000,28000
061168,力成兆豐9A購01  ,0,0,0,0,0,0,0,0,0,28000,0,0,0,92000,64000,28000,28000
063012,技嘉元大9B購01  ,0,0,0,0,0,0,0,0,0,28000,0,0,0,243000,215000,28000,28000
063683,大成鋼永豐9B購01,0,0,0,0,0,0,0,0,0,28000,0,0,0,65000,37000,28000,28000
08427P,義隆國票9C售01  ,0,0,0,0,0,0,0,0,0,27000,0,0,0,40000,13000,27000,27000
08054P,臺股指國票9B售19,0,0,0,0,0,0,0,0,0,27000,0,0,0,57000,30000,27000,27000
08228P,華擎國票9C售01  ,0,0,0,0,0,0,0,0,0,27000,0,0,0,220000,193000,27000,27000
3090,日電貿          ,400000,209000,191000,0,0,0,0,0,0,-164000,1000,2000,-1000,62000,225000,-163000,27000
06893P,致新元富98售02  ,0,0,0,0,0,0,0,0,0,27000,0,0,0,32000,5000,27000,27000
065370,瑞昱元大9C購02  ,0,0,0,0,0,0,0,0,0,27000,0,0,0,59000,32000,27000,27000
056345,嘉聯益凱基99購01,0,0,0,0,0,0,0,0,0,27000,0,0,0,37000,10000,27000,27000
057778,大立光群益98購02,0,0,0,0,0,0,0,0,0,27000,0,0,0,45000,18000,27000,27000
054980,國巨元富97購01  ,0,0,0,0,0,0,0,0,0,27000,0,0,0,27000,0,27000,27000
061196,世芯永豐9A購06  ,0,0,0,0,0,0,0,0,0,27000,0,0,0,41000,14000,27000,27000
060898,世芯凱基9A購03  ,0,0,0,0,0,0,0,0,0,27000,0,0,0,27000,0,27000,27000
059452,全新永豐99購03  ,0,0,0,0,0,0,0,0,0,27000,0,0,0,75000,48000,27000,27000
058488,華擎國票9A購01  ,0,0,0,0,0,0,0,0,0,27000,0,0,0,27000,0,27000,27000
058875,台表科國票9A購02,0,0,0,0,0,0,0,0,0,27000,0,0,0,35000,8000,27000,27000
059115,美食永豐99購01  ,0,0,0,0,0,0,0,0,0,27000,0,0,0,27000,0,27000,27000
061541,旺宏群益9A購03  ,0,0,0,0,0,0,0,0,0,27000,0,0,0,61000,34000,27000,27000
063934,寶成統一02購01  ,0,0,0,0,0,0,0,0,0,27000,0,0,0,264000,237000,27000,27000
064519,聯詠群益9C購01  ,0,0,0,0,0,0,0,0,0,27000,0,0,0,125000,98000,27000,27000
062902,智邦元大9B購07  ,0,0,0,0,0,0,0,0,0,27000,0,0,0,27000,0,27000,27000
063086,祥碩凱基9C購01  ,0,0,0,0,0,0,0,0,0,27000,0,0,0,101000,74000,27000,27000
062466,FBVIX凱基9B購01 ,0,0,0,0,0,0,0,0,0,27000,0,0,0,323000,296000,27000,27000
4560,強信-KY         ,130000,103000,27000,0,0,0,0,0,0,0,0,0,0,0,0,0,27000
064920,景碩統一01購02  ,0,0,0,0,0,0,0,0,0,26000,0,0,0,115000,89000,26000,26000
065059,神隆群益9C購01  ,0,0,0,0,0,0,0,0,0,26000,0,0,0,65000,39000,26000,26000
06915P,晶技元富98售02  ,0,0,0,0,0,0,0,0,0,26000,0,0,0,26000,0,26000,26000
06967P,台郡台新99售02  ,0,0,0,0,0,0,0,0,0,26000,0,0,0,206000,180000,26000,26000
07536P,華新科元富9A售04,0,0,0,0,0,0,0,0,0,26000,0,0,0,26000,0,26000,26000
07671P,超眾元大9A售04  ,0,0,0,0,0,0,0,0,0,26000,0,0,0,126000,100000,26000,26000
3040,遠見            ,135000,109000,26000,0,0,0,0,0,0,0,0,0,0,0,0,0,26000
054758,南亞國票9A購01  ,0,0,0,0,0,0,0,0,0,26000,0,0,0,26000,0,26000,26000
00633L,富邦上証正2     ,4641000,4326000,315000,0,0,0,0,0,0,-289000,0,0,0,5614000,5903000,-289000,26000
055262,台虹國泰98購01  ,0,0,0,0,0,0,0,0,0,26000,0,0,0,26000,0,26000,26000
056366,玉晶光元大99購04,0,0,0,0,0,0,0,0,0,26000,0,0,0,35000,9000,26000,26000
059623,聯電凱基99購02  ,0,0,0,0,0,0,0,0,0,26000,0,0,0,26000,0,26000,26000
061362,台塑國票9B購01  ,0,0,0,0,0,0,0,0,0,26000,0,0,0,26000,0,26000,26000
060165,上緯控永豐9A購01,0,0,0,0,0,0,0,0,0,26000,0,0,0,26000,0,26000,26000
062483,致新國票9B購01  ,0,0,0,0,0,0,0,0,0,26000,0,0,0,35000,9000,26000,26000
062151,世紀鋼國票01購01,0,0,0,0,0,0,0,0,0,26000,0,0,0,26000,0,26000,26000
062748,祥碩永豐9B購02  ,0,0,0,0,0,0,0,0,0,26000,0,0,0,26000,0,26000,26000
062770,臺股指凱基9B購14,0,0,0,0,0,0,0,0,0,26000,0,0,0,130000,104000,26000,26000
063466,美食元大9B購02  ,0,0,0,0,0,0,0,0,0,26000,0,0,0,100000,74000,26000,26000
064545,智邦凱基9C購02  ,0,0,0,0,0,0,0,0,0,26000,0,0,0,30000,4000,26000,26000
064658,喬山元大9C購01  ,0,0,0,0,0,0,0,0,0,26000,0,0,0,27000,1000,26000,26000
063643,臻鼎元大9B購03  ,0,0,0,0,0,0,0,0,0,26000,0,0,0,153000,127000,26000,26000
2608,嘉里大榮        ,59000,34000,25000,0,0,0,0,0,0,0,0,0,0,0,0,0,25000
08226P,台灣50元大9B售26,0,0,0,0,0,0,0,0,0,25000,0,0,0,35000,10000,25000,25000
07950P,智邦元大9B售04  ,0,0,0,0,0,0,0,0,0,25000,0,0,0,50000,25000,25000,25000
08381P,台灣50群益9C售06,0,0,0,0,0,0,0,0,0,25000,0,0,0,55000,30000,25000,25000
08333P,大立光富邦02售03,0,0,0,0,0,0,0,0,0,25000,0,0,0,25000,0,25000,25000
08522P,智邦元大9C售08  ,0,0,0,0,0,0,0,0,0,25000,0,0,0,41000,16000,25000,25000
07593P,臺股指凱基9A售08,0,0,0,0,0,0,0,0,0,25000,0,0,0,25000,0,25000,25000
07749P,台郡凱基9A售01  ,0,0,0,0,0,0,0,0,0,25000,0,0,0,25000,0,25000,25000
07227P,聯發科元富99售05,0,0,0,0,0,0,0,0,0,25000,0,0,0,215000,190000,25000,25000
06737P,台郡凱基98售07  ,0,0,0,0,0,0,0,0,0,25000,0,0,0,25000,0,25000,25000
065072,和大元大9C購03  ,0,0,0,0,0,0,0,0,0,25000,0,0,0,26000,1000,25000,25000
065128,大成鋼兆豐9C購01,0,0,0,0,0,0,0,0,0,25000,0,0,0,60000,35000,25000,25000
056331,聯鈞國票99購01  ,0,0,0,0,0,0,0,0,0,25000,0,0,0,25000,0,25000,25000
056394,晶豪科永豐98購01,0,0,0,0,0,0,0,0,0,25000,0,0,0,25000,0,25000,25000
060410,台苯永豐9A購01  ,0,0,0,0,0,0,0,0,0,25000,0,0,0,25000,0,25000,25000
057738,旺宏富邦9A購01  ,0,0,0,0,0,0,0,0,0,25000,0,0,0,40000,15000,25000,25000
057063,立積國泰9A購01  ,0,0,0,0,0,0,0,0,0,25000,0,0,0,25000,0,25000,25000
051292,牧德統一97購01  ,0,0,0,0,0,0,0,0,0,25000,0,0,0,25000,0,25000,25000
051484,玉晶光凱基97購01,0,0,0,0,0,0,0,0,0,25000,0,0,0,53000,28000,25000,25000
052684,旺宏元大98購01  ,0,0,0,0,0,0,0,0,0,25000,0,0,0,25000,0,25000,25000
054704,玉晶光第一97購01,0,0,0,0,0,0,0,0,0,25000,0,0,0,30000,5000,25000,25000
054268,健策第一96購01  ,0,0,0,0,0,0,0,0,0,25000,0,0,0,25000,0,25000,25000
054477,聯發科中信9C購02,0,0,0,0,0,0,0,0,0,25000,0,0,0,60000,35000,25000,25000
055490,台光電元大97購01,0,0,0,0,0,0,0,0,0,25000,0,0,0,72000,47000,25000,25000
053904,漢唐凱基97購01  ,0,0,0,0,0,0,0,0,0,25000,0,0,0,25000,0,25000,25000
057598,鴻海群益98購07  ,0,0,0,0,0,0,0,0,0,25000,0,0,0,55000,30000,25000,25000
057124,為升凱基98購02  ,0,0,0,0,0,0,0,0,0,25000,0,0,0,25000,0,25000,25000
060144,全新國票9B購01  ,0,0,0,0,0,0,0,0,0,25000,0,0,0,65000,40000,25000,25000
060607,玉晶光凱基9A購06,0,0,0,0,0,0,0,0,0,25000,0,0,0,41000,16000,25000,25000
058275,S&P500中信9B購01,0,0,0,0,0,0,0,0,0,25000,0,0,0,25000,0,25000,25000
061743,祥碩凱基9B購02  ,0,0,0,0,0,0,0,0,0,25000,0,0,0,25000,0,25000,25000
061925,禾伸堂凱基9C購01,0,0,0,0,0,0,0,0,0,25000,0,0,0,110000,85000,25000,25000
063833,致新國票01購01  ,0,0,0,0,0,0,0,0,0,25000,0,0,0,43000,18000,25000,25000
064005,義隆凱基01購01  ,0,0,0,0,0,0,0,0,0,25000,0,0,0,113000,88000,25000,25000
064419,鴻海兆豐9C購01  ,0,0,0,0,0,0,0,0,0,25000,0,0,0,25000,0,25000,25000
064412,緯穎凱基01購01  ,0,0,0,0,0,0,0,0,0,25000,0,0,0,177000,152000,25000,25000
063232,裕隆元大9B購01  ,0,0,0,0,0,0,0,0,0,25000,0,0,0,25000,0,25000,25000
063210,百和統一9C購01  ,0,0,0,0,0,0,0,0,0,25000,0,0,0,25000,0,25000,25000
063122,聯發科元大9B購15,0,0,0,0,0,0,0,0,0,25000,0,0,0,25000,0,25000,25000
063021,大立光元大9C購05,0,0,0,0,0,0,0,0,0,25000,0,0,0,75000,50000,25000,25000
062810,華通兆豐9B購02  ,0,0,0,0,0,0,0,0,0,25000,0,0,0,25000,0,25000,25000
07808P,超眾永豐9A售04  ,0,0,0,0,0,0,0,0,0,24000,0,0,0,25000,1000,24000,24000
1110,東泥            ,28000,4000,24000,0,0,0,0,0,0,0,0,0,0,0,0,0,24000
08177P,金像電元大9B售02,0,0,0,0,0,0,0,0,0,24000,0,0,0,79000,55000,24000,24000
2642,宅配通          ,73000,49000,24000,0,0,0,0,0,0,0,0,0,0,0,0,0,24000
1903,士紙            ,125000,101000,24000,0,0,0,0,0,0,0,0,0,0,0,0,0,24000
1587,吉茂            ,26000,2000,24000,0,0,0,0,0,0,0,0,0,0,0,0,0,24000
052536,聯茂國泰97購01  ,0,0,0,0,0,0,0,0,0,24000,0,0,0,24000,0,24000,24000
006208,富邦台50        ,0,0,0,0,0,0,0,0,0,24000,0,0,0,642000,618000,24000,24000
00690,兆豐藍籌30      ,7000,7000,0,0,0,0,0,0,0,24000,0,0,0,208000,184000,24000,24000
055112,晶豪科凱基98購01,0,0,0,0,0,0,0,0,0,24000,0,0,0,24000,0,24000,24000
053358,晶技統一98購01  ,0,0,0,0,0,0,0,0,0,24000,0,0,0,27000,3000,24000,24000
057397,茂林中信9A購01  ,0,0,0,0,0,0,0,0,0,24000,0,0,0,45000,21000,24000,24000
057772,台積電群益99購01,0,0,0,0,0,0,0,0,0,24000,0,0,0,28000,4000,24000,24000
056395,玉晶光永豐9B購01,0,0,0,0,0,0,0,0,0,24000,0,0,0,42000,18000,24000,24000
055910,瑞昱凱基98購01  ,0,0,0,0,0,0,0,0,0,24000,0,0,0,24000,0,24000,24000
061892,亞德客永豐9B購01,0,0,0,0,0,0,0,0,0,24000,0,0,0,24000,0,24000,24000
061994,瑞儀元大9B購01  ,0,0,0,0,0,0,0,0,0,24000,0,0,0,24000,0,24000,24000
061483,TPK元大9A購01   ,0,0,0,0,0,0,0,0,0,24000,0,0,0,24000,0,24000,24000
058930,華新科統一9B購01,0,0,0,0,0,0,0,0,0,24000,0,0,0,24000,0,24000,24000
059066,道瓊指國票04購01,0,0,0,0,0,0,0,0,0,24000,0,0,0,24000,0,24000,24000
058983,旺宏凱基99購05  ,0,0,0,0,0,0,0,0,0,24000,0,0,0,24000,0,24000,24000
058023,南電凱基98購02  ,0,0,0,0,0,0,0,0,0,24000,0,0,0,24000,0,24000,24000
058241,景碩元大99購05  ,0,0,0,0,0,0,0,0,0,24000,0,0,0,24000,0,24000,24000
061062,和大凱基9A購02  ,0,0,0,0,0,0,0,0,0,24000,0,0,0,24000,0,24000,24000
060954,國泰金群益9A購02,0,0,0,0,0,0,0,0,0,24000,0,0,0,24000,0,24000,24000
060630,國巨富邦9C購03  ,0,0,0,0,0,0,0,0,0,24000,0,0,0,27000,3000,24000,24000
060204,矽創元富9A購01  ,0,0,0,0,0,0,0,0,0,24000,0,0,0,24000,0,24000,24000
062149,牧德國票9B購01  ,0,0,0,0,0,0,0,0,0,24000,0,0,0,82000,58000,24000,24000
064470,世紀鋼元富03購01,0,0,0,0,0,0,0,0,0,24000,0,0,0,24000,0,24000,24000
064716,國巨統一9C購14  ,0,0,0,0,0,0,0,0,0,24000,0,0,0,36000,12000,24000,24000
6184,大豐電          ,39000,15000,24000,0,0,0,0,0,0,0,0,0,0,0,0,0,24000
2545,皇翔            ,58000,35000,23000,0,0,0,0,0,0,0,0,0,0,0,0,0,23000
08378P,世紀鋼元富9C售02,0,0,0,0,0,0,0,0,0,23000,0,0,0,28000,5000,23000,23000
07793P,同欣電元大9A售02,0,0,0,0,0,0,0,0,0,23000,0,0,0,23000,0,23000,23000
055907,台虹兆豐98購01  ,0,0,0,0,0,0,0,0,0,23000,0,0,0,23000,0,23000,23000
056847,佐登元富98購01  ,0,0,0,0,0,0,0,0,0,23000,0,0,0,23000,0,23000,23000
057401,晶豪科群益99購01,0,0,0,0,0,0,0,0,0,23000,0,0,0,23000,0,23000,23000
056986,超眾群益98購03  ,0,0,0,0,0,0,0,0,0,23000,0,0,0,60000,37000,23000,23000
054192,國巨中信98購01  ,0,0,0,0,0,0,0,0,0,23000,0,0,0,23000,0,23000,23000
060909,金像電元大9B購01,0,0,0,0,0,0,0,0,0,23000,0,0,0,66000,43000,23000,23000
058018,南亞科凱基99購03,0,0,0,0,0,0,0,0,0,23000,0,0,0,73000,50000,23000,23000
061556,台積電國票9A購08,0,0,0,0,0,0,0,0,0,23000,0,0,0,73000,50000,23000,23000
061581,貿聯元大9A購05  ,0,0,0,0,0,0,0,0,0,23000,0,0,0,81000,58000,23000,23000
062178,上銀元大9B購03  ,0,0,0,0,0,0,0,0,0,23000,0,0,0,23000,0,23000,23000
062749,元金2X中信9B購01,0,0,0,0,0,0,0,0,0,23000,0,0,0,41000,18000,23000,23000
062630,全新國票9B購02  ,0,0,0,0,0,0,0,0,0,23000,0,0,0,23000,0,23000,23000
063046,聯發科兆豐9C購01,0,0,0,0,0,0,0,0,0,23000,0,0,0,25000,2000,23000,23000
5533,皇鼎            ,24000,1000,23000,0,0,0,0,0,0,0,0,0,0,0,0,0,23000
9938,百和            ,164000,139000,25000,0,0,0,0,0,0,-2000,1000,1000,0,0,2000,-2000,23000
07190P,臺股指富邦9C售02,0,0,0,0,0,0,0,0,0,22000,0,0,0,22000,0,22000,22000
065108,建準國票01購01  ,0,0,0,0,0,0,0,0,0,22000,0,0,0,22000,0,22000,22000
065004,瑞昱國票01購02  ,0,0,0,0,0,0,0,0,0,22000,0,0,0,22000,0,22000,22000
064816,訊芯元大9C購01  ,0,0,0,0,0,0,0,0,0,22000,0,0,0,195000,173000,22000,22000
06627P,華新科元富99售01,0,0,0,0,0,0,0,0,0,22000,0,0,0,22000,0,22000,22000
065296,國巨統一01購10  ,0,0,0,0,0,0,0,0,0,22000,0,0,0,146000,124000,22000,22000
08395P,燿華永豐9C售02  ,0,0,0,0,0,0,0,0,0,22000,0,0,0,22000,0,22000,22000
08246P,亞德客群益01售01,0,0,0,0,0,0,0,0,0,22000,0,0,0,34000,12000,22000,22000
08123P,台表科國票9C售01,0,0,0,0,0,0,0,0,0,22000,0,0,0,22000,0,22000,22000
07868P,健策元大9B售05  ,0,0,0,0,0,0,0,0,0,22000,0,0,0,22000,0,22000,22000
1442,名軒            ,24000,2000,22000,0,0,0,0,0,0,0,0,0,0,0,0,0,22000
055367,台積電元大97購23,0,0,0,0,0,0,0,0,0,22000,0,0,0,22000,0,22000,22000
03448B,臺股指元大9C熊11,0,0,0,0,0,0,0,0,0,22000,0,0,0,26000,4000,22000,22000
057207,立積元富98購02  ,0,0,0,0,0,0,0,0,0,22000,0,0,0,122000,100000,22000,22000
057195,南茂元大98購01  ,0,0,0,0,0,0,0,0,0,22000,0,0,0,52000,30000,22000,22000
059944,欣興永豐99購03  ,0,0,0,0,0,0,0,0,0,22000,0,0,0,224000,202000,22000,22000
061650,南電元大9A購07  ,0,0,0,0,0,0,0,0,0,22000,0,0,0,90000,68000,22000,22000
06138P,台積電中信99售01,0,0,0,0,0,0,0,0,0,22000,0,0,0,22000,0,22000,22000
059920,宏達電元大99購07,0,0,0,0,0,0,0,0,0,22000,0,0,0,149000,127000,22000,22000
060880,中壽中信9C購01  ,0,0,0,0,0,0,0,0,0,22000,0,0,0,22000,0,22000,22000
060636,大毅永豐9A購02  ,0,0,0,0,0,0,0,0,0,22000,0,0,0,79000,57000,22000,22000
060540,南亞凱基9A購01  ,0,0,0,0,0,0,0,0,0,22000,0,0,0,50000,28000,22000,22000
059786,全新元大99購06  ,0,0,0,0,0,0,0,0,0,22000,0,0,0,36000,14000,22000,22000
060329,鎧勝群益9B購01  ,0,0,0,0,0,0,0,0,0,22000,0,0,0,32000,10000,22000,22000
058495,元大金群益9B購01,0,0,0,0,0,0,0,0,0,22000,0,0,0,100000,78000,22000,22000
062883,智易兆豐9C購01  ,0,0,0,0,0,0,0,0,0,22000,0,0,0,22000,0,22000,22000
062637,智易國票9B購01  ,0,0,0,0,0,0,0,0,0,22000,0,0,0,22000,0,22000,22000
062646,聯發科國泰01購02,0,0,0,0,0,0,0,0,0,22000,0,0,0,22000,0,22000,22000
062802,宏達電統一9B購01,0,0,0,0,0,0,0,0,0,22000,0,0,0,72000,50000,22000,22000
4977,眾達-KY         ,241000,164000,77000,0,0,0,0,100000,-100000,45000,46000,0,46000,0,1000,-1000,22000
6477,安集            ,34000,16000,18000,0,0,0,0,0,0,4000,4000,0,4000,0,0,0,22000
2607,榮運            ,294000,273000,21000,0,0,0,0,0,0,0,0,0,0,0,0,0,21000
2939,凱羿-KY         ,53000,32000,21000,0,0,0,0,0,0,0,0,0,0,0,0,0,21000
08053P,臺股指國票9B售18,0,0,0,0,0,0,0,0,0,21000,0,0,0,82000,61000,21000,21000
08549P,大立光元大9C售25,0,0,0,0,0,0,0,0,0,21000,0,0,0,51000,30000,21000,21000
064897,宏達電群益9C購02,0,0,0,0,0,0,0,0,0,21000,0,0,0,72000,51000,21000,21000
06912P,台光電元大99售02,0,0,0,0,0,0,0,0,0,21000,0,0,0,219000,198000,21000,21000
07597P,臺股指中信01售02,0,0,0,0,0,0,0,0,0,21000,0,0,0,2165000,2144000,21000,21000
07281P,鴻海凱基99售13  ,0,0,0,0,0,0,0,0,0,21000,0,0,0,21000,0,21000,21000
060104,新日興元大99購03,0,0,0,0,0,0,0,0,0,21000,0,0,0,52000,31000,21000,21000
060248,日月光元大9A購01,0,0,0,0,0,0,0,0,0,21000,0,0,0,86000,65000,21000,21000
056900,可成元大98購02  ,0,0,0,0,0,0,0,0,0,21000,0,0,0,22000,1000,21000,21000
056851,瑞儀元富98購01  ,0,0,0,0,0,0,0,0,0,21000,0,0,0,71000,50000,21000,21000
057239,貿聯凱基98購05  ,0,0,0,0,0,0,0,0,0,21000,0,0,0,25000,4000,21000,21000
057374,禾伸堂元大99購03,0,0,0,0,0,0,0,0,0,21000,0,0,0,78000,57000,21000,21000
057431,京鼎兆豐98購02  ,0,0,0,0,0,0,0,0,0,21000,0,0,0,36000,15000,21000,21000
051728,道瓊反國票97購01,0,0,0,0,0,0,0,0,0,21000,0,0,0,61000,40000,21000,21000
056516,晶豪科兆豐98購01,0,0,0,0,0,0,0,0,0,21000,0,0,0,21000,0,21000,21000
057085,立積統一9B購02  ,0,15000,-15000,0,0,0,0,0,0,36000,0,0,0,106000,70000,36000,21000
054684,裕隆永豐97購01  ,0,0,0,0,0,0,0,0,0,21000,0,0,0,21000,0,21000,21000
060845,欣興國票9A購01  ,5000,0,5000,0,0,0,0,0,0,16000,0,0,0,96000,80000,16000,21000
060557,南電凱基9A購02  ,0,0,0,0,0,0,0,0,0,21000,0,0,0,21000,0,21000,21000
060891,世芯統一9A購01  ,0,0,0,0,0,0,0,0,0,21000,0,0,0,21000,0,21000,21000
059692,聯詠永豐99購01  ,0,0,0,0,0,0,0,0,0,21000,0,0,0,27000,6000,21000,21000
059852,康控永豐99購02  ,0,0,0,0,0,0,0,0,0,21000,0,0,0,41000,20000,21000,21000
058852,貿聯群益99購04  ,0,0,0,0,0,0,0,0,0,21000,0,0,0,21000,0,21000,21000
062764,世芯凱基9B購02  ,0,0,0,0,0,0,0,0,0,21000,0,0,0,50000,29000,21000,21000
062690,華擎統一9B購01  ,0,0,0,0,0,0,0,0,0,21000,0,0,0,21000,0,21000,21000
062481,同欣電國票9B購01,0,0,0,0,0,0,0,0,0,21000,0,0,0,22000,1000,21000,21000
062995,聚陽國票9C購01  ,0,0,0,0,0,0,0,0,0,21000,0,0,0,21000,0,21000,21000
063199,台積電統一01購07,0,0,0,0,0,0,0,0,0,21000,0,0,0,49000,28000,21000,21000
063708,上銀凱基9B購06  ,0,0,0,0,0,0,0,0,0,21000,0,0,0,21000,0,21000,21000
4144,康聯-KY         ,52000,31000,21000,0,0,0,0,0,0,0,0,0,0,0,0,0,21000
07230P,滬深2X群益01售02,0,0,0,0,0,0,0,0,0,20000,0,0,0,20000,0,20000,20000
07382P,台積電群益9B售01,0,0,0,0,0,0,0,0,0,20000,0,0,0,20000,0,20000,20000
07514P,台積電元大9A售14,0,0,0,0,0,0,0,0,0,20000,0,0,0,20000,0,20000,20000
07467P,上銀元大9A售03  ,0,0,0,0,0,0,0,0,0,20000,0,0,0,20000,0,20000,20000
07469P,台達電元大9A售01,0,0,0,0,0,0,0,0,0,20000,0,0,0,20000,0,20000,20000
07568P,鴻海凱基9A售22  ,0,0,0,0,0,0,0,0,0,20000,0,0,0,30000,10000,20000,20000
07638P,長榮航國票9A售01,0,0,0,0,0,0,0,0,0,20000,0,0,0,20000,0,20000,20000
07693P,群創元大9B售10  ,0,0,0,0,0,0,0,0,0,20000,0,0,0,20000,0,20000,20000
06926P,可成群益9A售04  ,0,0,0,0,0,0,0,0,0,20000,0,0,0,20000,0,20000,20000
06733P,鴻海凱基99售02  ,0,0,0,0,0,0,0,0,0,20000,0,0,0,20000,0,20000,20000
06699P,台積電統一98售11,0,0,0,0,0,0,0,0,0,20000,0,0,0,40000,20000,20000,20000
07128P,大毅元大99售04  ,0,0,0,0,0,0,0,0,0,20000,0,0,0,45000,25000,20000,20000
07145P,為升元大99售03  ,0,0,0,0,0,0,0,0,0,20000,0,0,0,120000,100000,20000,20000
07102P,南電元大99售03  ,0,0,0,0,0,0,0,0,0,20000,0,0,0,20000,0,20000,20000
06990P,康友元富99售03  ,0,0,0,0,0,0,0,0,0,20000,0,0,0,20000,0,20000,20000
07023P,南電永豐99售02  ,0,0,0,0,0,0,0,0,0,20000,0,0,0,40000,20000,20000,20000
06480P,上銀凱基98售04  ,0,0,0,0,0,0,0,0,0,20000,0,0,0,20000,0,20000,20000
064965,臺指反元大03購02,0,0,0,0,0,0,0,0,0,20000,0,0,0,20000,0,20000,20000
065054,百和凱基02購01  ,0,0,0,0,0,0,0,0,0,20000,0,0,0,20000,0,20000,20000
06538P,國巨凱基98售11  ,0,0,0,0,0,0,0,0,0,20000,0,0,0,210000,190000,20000,20000
08555P,超眾國票01售01  ,0,0,0,0,0,0,0,0,0,20000,0,0,0,70000,50000,20000,20000
08467P,長榮航統一9C售01,0,0,0,0,0,0,0,0,0,20000,0,0,0,20000,0,20000,20000
1220,台榮            ,22000,2000,20000,0,0,0,0,0,0,0,0,0,0,0,0,0,20000
08458P,南電元大9C售04  ,0,0,0,0,0,0,0,0,0,20000,0,0,0,30000,10000,20000,20000
08294P,台積電元大9C售06,0,0,0,0,0,0,0,0,0,20000,0,0,0,70000,50000,20000,20000
08009P,華擎統一9B售02  ,0,0,0,0,0,0,0,0,0,20000,0,0,0,20000,0,20000,20000
07910P,台積電統一9C售07,0,0,0,0,0,0,0,0,0,20000,0,0,0,20000,0,20000,20000
08181P,華新科國泰9C售02,0,0,0,0,0,0,0,0,0,20000,0,0,0,50000,30000,20000,20000
2007,燁興            ,29000,9000,20000,0,0,0,0,0,0,0,0,0,0,0,0,0,20000
054749,聯茂凱基98購01  ,0,0,0,0,0,0,0,0,0,20000,0,0,0,20000,0,20000,20000
054868,國泰金群益9A購01,0,0,0,0,0,0,0,0,0,20000,0,0,0,20000,0,20000,20000
054937,國巨元大97購03  ,0,0,0,0,0,0,0,0,0,20000,0,0,0,20000,0,20000,20000
054470,緯穎國票97購04  ,0,0,0,0,0,0,0,0,0,20000,0,0,0,20000,0,20000,20000
054410,國巨元大96購14  ,0,0,0,0,0,0,0,0,0,20000,0,0,0,20000,0,20000,20000
054376,聯茂中信97購01  ,0,0,0,0,0,0,0,0,0,20000,0,0,0,20000,0,20000,20000
055606,矽創元大97購01  ,0,0,0,0,0,0,0,0,0,20000,0,0,0,20000,0,20000,20000
057467,祥碩永豐98購04  ,0,0,0,0,0,0,0,0,0,20000,0,0,0,20000,0,20000,20000
056537,冠德凱基98購01  ,0,0,0,0,0,0,0,0,0,20000,0,0,0,22000,2000,20000,20000
051805,元黃金凱基97購02,0,0,0,0,0,0,0,0,0,20000,0,0,0,20000,0,20000,20000
055131,茂林康和97購01  ,0,0,0,0,0,0,0,0,0,20000,0,0,0,110000,90000,20000,20000
055138,大毅永豐97購02  ,0,0,0,0,0,0,0,0,0,20000,0,0,0,20000,0,20000,20000
055457,聚陽永豐97購01  ,0,0,0,0,0,0,0,0,0,20000,0,0,0,20000,0,20000,20000
055458,燿華永豐98購01  ,0,0,0,0,0,0,0,0,0,20000,0,0,0,20000,0,20000,20000
053390,彩晶元大9A購01  ,0,0,0,0,0,0,0,0,0,20000,0,0,0,50000,30000,20000,20000
053458,聯詠國泰97購01  ,0,0,0,0,0,0,0,0,0,20000,0,0,0,20000,0,20000,20000
053181,滬深2X元富99購02,0,0,0,0,0,0,0,0,0,20000,0,0,0,20000,0,20000,20000
055292,聯鈞元大97購02  ,0,0,0,0,0,0,0,0,0,20000,0,0,0,20000,0,20000,20000
006206,元大上證50      ,159000,537000,-378000,0,0,0,0,0,0,398000,0,0,0,844000,446000,398000,20000
03012X,元展12          ,0,0,0,0,0,0,0,0,0,20000,0,0,0,20000,0,20000,20000
045873,元油2X元富98購04,0,0,0,0,0,0,0,0,0,20000,0,0,0,20000,0,20000,20000
03670C,元油2X元富99牛01,0,0,0,0,0,0,0,0,0,20000,0,0,0,20000,0,20000,20000
05306P,泰碩國泰97售01  ,0,0,0,0,0,0,0,0,0,20000,0,0,0,170000,150000,20000,20000
056977,國巨群益9A購01  ,0,0,0,0,0,0,0,0,0,20000,0,0,0,20000,0,20000,20000
057006,國巨中信98購03  ,0,0,0,0,0,0,0,0,0,20000,0,0,0,30000,10000,20000,20000
056560,旺宏群益98購03  ,0,0,0,0,0,0,0,0,0,20000,0,0,0,20000,0,20000,20000
056561,台光電群益98購02,0,0,0,0,0,0,0,0,0,20000,0,0,0,20000,0,20000,20000
055980,祥碩統一98購01  ,0,0,0,0,0,0,0,0,0,20000,0,0,0,20000,0,20000,20000
056132,台光電元大97購03,0,0,0,0,0,0,0,0,0,20000,0,0,0,20000,0,20000,20000
056802,友達台新98購01  ,0,0,0,0,0,0,0,0,0,20000,0,0,0,20000,0,20000,20000
056724,臻鼎中信9A購01  ,0,0,0,0,0,0,0,0,0,20000,0,0,0,195000,175000,20000,20000
056588,聯發科統一9A購02,0,0,0,0,0,0,0,0,0,20000,0,0,0,20000,0,20000,20000
056181,百和元富97購02  ,0,0,0,0,0,0,0,0,0,20000,0,0,0,20000,0,20000,20000
05625P,國巨國票97售01  ,0,0,0,0,0,0,0,0,0,20000,0,0,0,25000,5000,20000,20000
056322,臺股指群益98購01,0,0,0,0,0,0,0,0,0,20000,0,0,0,20000,0,20000,20000
056917,國巨兆豐98購03  ,0,0,0,0,0,0,0,0,0,20000,0,0,0,20000,0,20000,20000
057899,台積電永豐98購04,0,0,0,0,0,0,0,0,0,20000,0,0,0,20000,0,20000,20000
055874,中環元富9A購01  ,0,0,0,0,0,0,0,0,0,20000,0,0,0,150000,130000,20000,20000
060258,T50反1凱基9A購06,0,0,0,0,0,0,0,0,0,20000,0,0,0,20000,0,20000,20000
059611,台積電永豐99購05,0,0,0,0,0,0,0,0,0,20000,0,0,0,40000,20000,20000,20000
058026,上銀富邦9A購01  ,0,0,0,0,0,0,0,0,0,20000,0,0,0,20000,0,20000,20000
059864,亞德客凱基99購01,0,0,0,0,0,0,0,0,0,20000,0,0,0,20000,0,20000,20000
059128,友達中信99購02  ,0,0,0,0,0,0,0,0,0,20000,0,0,0,20000,0,20000,20000
061654,旺宏國票9A購02  ,0,0,0,0,0,0,0,0,0,20000,0,0,0,20000,0,20000,20000
061686,SP黃豆群益9A購04,0,0,0,0,0,0,0,0,0,20000,0,0,0,20000,0,20000,20000
061774,T50反1國票9B購06,0,0,0,0,0,0,0,0,0,20000,0,0,0,20000,0,20000,20000
061570,瑞昱元大9A購05  ,0,0,0,0,0,0,0,0,0,20000,0,0,0,20000,0,20000,20000
061501,嘉澤國票9A購01  ,0,0,0,0,0,0,0,0,0,20000,0,0,0,21000,1000,20000,20000
061458,臻鼎凱基9A購02  ,0,0,0,0,0,0,0,0,0,20000,0,0,0,30000,10000,20000,20000
062053,華通統一9C購02  ,0,0,0,0,0,0,0,0,0,20000,0,0,0,35000,15000,20000,20000
061917,亞德客凱基9B購02,0,0,0,0,0,0,0,0,0,20000,0,0,0,20000,0,20000,20000
061934,台積電國票9B購06,0,0,0,0,0,0,0,0,0,20000,0,0,0,20000,0,20000,20000
061150,國巨群益9A購09  ,0,0,0,0,0,0,0,0,0,20000,0,0,0,63000,43000,20000,20000
061245,晶技群益9A購01  ,0,0,0,0,0,0,0,0,0,20000,0,0,0,20000,0,20000,20000
058208,百和凱基99購01  ,0,0,0,0,0,0,0,0,0,20000,0,0,0,20000,0,20000,20000
058321,大立光永豐99購01,0,0,0,0,0,0,0,0,0,20000,0,0,0,20000,0,20000,20000
060544,國巨凱基9B購03  ,0,0,0,0,0,0,0,0,0,20000,0,0,0,40000,20000,20000,20000
058417,國巨麥證99購01  ,0,0,0,20000,0,20000,0,0,0,20000,0,0,0,20000,0,20000,20000
058443,T50正2富邦01購01,0,0,0,0,0,0,0,0,0,20000,0,0,0,21000,1000,20000,20000
060817,華邦電台新9A購01,0,0,0,0,0,0,0,0,0,20000,0,0,0,30000,10000,20000,20000
059344,長榮航凱基99購01,0,0,0,0,0,0,0,0,0,20000,0,0,0,20000,0,20000,20000
060344,聯發科統一01購01,0,0,0,0,0,0,0,0,0,20000,0,0,0,21000,1000,20000,20000
060338,鴻海統一9C購02  ,0,0,0,0,0,0,0,0,0,20000,0,0,0,20000,0,20000,20000
060698,旺宏國泰9C購01  ,0,0,0,0,0,0,0,0,0,20000,0,0,0,27000,7000,20000,20000
063687,金像電永豐9B購04,0,0,0,0,0,0,0,0,0,20000,0,0,0,20000,0,20000,20000
063802,南茂凱基9C購01  ,0,0,0,0,0,0,0,0,0,20000,0,0,0,35000,15000,20000,20000
063782,致新永豐9B購02  ,0,0,0,0,0,0,0,0,0,20000,0,0,0,108000,88000,20000,20000
063671,GIS統一01購01   ,0,0,0,0,0,0,0,0,0,20000,0,0,0,61000,41000,20000,20000
063615,瑞祺群益9B購03  ,0,0,0,0,0,0,0,0,0,20000,0,0,0,188000,168000,20000,20000
063578,瑞祺元大9B購03  ,0,0,0,0,0,0,0,0,0,20000,0,0,0,222000,202000,20000,20000
06395P,台積電元大97售29,0,0,0,0,0,0,0,0,0,20000,0,0,0,20000,0,20000,20000
064014,貿聯國票01購01  ,0,0,0,0,0,0,0,0,0,20000,0,0,0,60000,40000,20000,20000
06467P,旺宏統一98售01  ,0,0,0,0,0,0,0,0,0,20000,0,0,0,20000,0,20000,20000
064447,喬山統一02購01  ,0,0,0,0,0,0,0,0,0,20000,0,0,0,20000,0,20000,20000
064232,鴻海統一01購04  ,0,0,0,0,0,0,0,0,0,20000,0,0,0,27000,7000,20000,20000
064240,群創統一02購02  ,0,0,0,0,0,0,0,0,0,20000,0,0,0,58000,38000,20000,20000
063084,可成凱基9C購01  ,0,0,0,0,0,0,0,0,0,20000,0,0,0,20000,0,20000,20000
062907,可成元大9C購03  ,0,0,0,0,0,0,0,0,0,20000,0,0,0,20000,0,20000,20000
062889,可成群益9C購01  ,0,0,0,0,0,0,0,0,0,20000,0,0,0,21000,1000,20000,20000
062909,大立光元大9C購04,0,0,0,0,0,0,0,0,0,20000,0,0,0,21000,1000,20000,20000
062946,祥碩國泰9C購02  ,0,0,0,0,0,0,0,0,0,20000,0,0,0,20000,0,20000,20000
063312,台積電群益9B購07,0,0,0,0,0,0,0,0,0,20000,0,0,0,21000,1000,20000,20000
06350P,臺股指台新99售02,0,0,0,0,0,0,0,0,0,20000,0,0,0,20000,0,20000,20000
063376,神達永豐9B購01  ,0,0,0,0,0,0,0,0,0,20000,0,0,0,20000,0,20000,20000
062222,華新科統一9B購04,0,0,0,0,0,0,0,0,0,20000,0,0,0,50000,30000,20000,20000
062667,立積群益9B購01  ,0,0,0,0,0,0,0,0,0,20000,0,0,0,147000,127000,20000,20000
062799,聯發科統一9C購09,0,0,0,0,0,0,0,0,0,20000,0,0,0,20000,0,20000,20000
6431,光麗-KY         ,20000,0,20000,0,0,0,0,0,0,0,0,0,0,0,0,0,20000
6215,和椿            ,54000,34000,20000,0,0,0,0,0,0,0,6000,6000,0,0,0,0,20000
910322,康師傅-DR       ,20000,0,20000,0,0,0,0,0,0,0,0,0,0,0,0,0,20000
1773,勝一            ,82000,63000,19000,0,0,0,0,0,0,0,1000,1000,0,0,0,0,19000
1465,偉全            ,23000,12000,11000,0,0,0,0,0,0,8000,12000,4000,8000,0,0,0,19000
1467,南緯            ,19000,0,19000,0,0,0,0,0,0,0,0,0,0,0,0,0,19000
2486,一詮            ,120000,100000,20000,0,0,0,0,0,0,-1000,0,1000,-1000,0,0,0,19000
08358P,大立光元大9C售18,0,0,0,0,0,0,0,0,0,19000,0,0,0,92000,73000,19000,19000
064883,GIS兆豐01購01   ,0,0,0,0,0,0,0,0,0,19000,0,0,0,104000,85000,19000,19000
057894,華通元富02購02  ,0,0,0,0,0,0,0,0,0,19000,0,0,0,19000,0,19000,19000
057641,旺宏元大98購10  ,0,0,0,0,0,0,0,0,0,19000,0,0,0,20000,1000,19000,19000
057688,國巨凱基99購07  ,0,0,0,0,0,0,0,0,0,19000,0,0,0,132000,113000,19000,19000
057434,國巨國票99購03  ,0,0,0,0,0,0,0,0,0,19000,0,0,0,169000,150000,19000,19000
057353,玉晶光統一99購01,0,0,0,0,0,0,0,0,0,19000,0,0,0,23000,4000,19000,19000
057493,聯詠元大98購02  ,0,0,0,0,0,0,0,0,0,19000,0,0,0,119000,100000,19000,19000
058537,彩晶統一9B購01  ,0,0,0,0,0,0,0,0,0,19000,0,0,0,208000,189000,19000,19000
058402,欣興元大99購04  ,0,0,0,0,0,0,0,0,0,19000,0,0,0,65000,46000,19000,19000
060633,玉晶光富邦02購01,0,0,0,0,0,0,0,0,0,19000,0,0,0,19000,0,19000,19000
058251,百和元大99購03  ,0,0,0,0,0,0,0,0,0,19000,0,0,0,19000,0,19000,19000
061872,友達元大9C購06  ,0,0,0,0,0,0,0,0,0,19000,0,0,0,91000,72000,19000,19000
062069,喬山元大9B購01  ,0,0,0,0,0,0,0,0,0,19000,0,0,0,89000,70000,19000,19000
058666,上証反群益01購01,0,0,0,0,0,0,0,0,0,19000,0,0,0,19000,0,19000,19000
058967,可成麥證99購01  ,0,0,0,19000,0,19000,0,0,0,19000,0,0,0,19000,0,19000,19000
062781,微星元大9C購01  ,0,0,0,0,0,0,0,0,0,19000,0,0,0,92000,73000,19000,19000
062673,台新金中信03購01,0,0,0,0,0,0,0,0,0,19000,0,0,0,49000,30000,19000,19000
06269P,群創凱基98售10  ,0,0,0,0,0,0,0,0,0,19000,0,0,0,19000,0,19000,19000
062586,國巨統一01購06  ,0,0,0,0,0,0,0,0,0,19000,0,0,0,19000,0,19000,19000
062156,美律凱基9B購01  ,0,0,0,0,0,0,0,0,0,19000,0,0,0,49000,30000,19000,19000
062277,廣達群益9B購01  ,0,0,0,0,0,0,0,0,0,19000,0,0,0,94000,75000,19000,19000
062433,上銀元大9B購05  ,0,0,0,0,0,0,0,0,0,19000,0,0,0,30000,11000,19000,19000
063065,聯發科麥證9C購01,0,0,0,19000,0,19000,0,0,0,19000,0,0,0,19000,0,19000,19000
06447P,上銀元大98售01  ,0,0,0,0,0,0,0,0,0,19000,0,0,0,36000,17000,19000,19000
064499,可成元大9C購07  ,0,0,0,0,0,0,0,0,0,19000,0,0,0,43000,24000,19000,19000
063869,玉晶光永豐9C購01,0,0,0,0,0,0,0,0,0,19000,0,0,0,19000,0,19000,19000
063766,南茂元富9B購01  ,0,0,0,0,0,0,0,0,0,19000,0,0,0,68000,49000,19000,19000
4967,十銓            ,70000,50000,20000,0,0,0,0,0,0,-1000,0,1000,-1000,0,0,0,19000
064880,神達兆豐9C購01  ,0,0,0,0,0,0,0,0,0,18000,0,0,0,18000,0,18000,18000
07416P,台積電元大99售53,0,0,0,0,0,0,0,0,0,18000,0,0,0,43000,25000,18000,18000
07319P,台積電凱基01售02,0,0,0,0,0,0,0,0,0,18000,0,0,0,20000,2000,18000,18000
08363P,南亞科凱基01售01,0,0,0,0,0,0,0,0,0,18000,0,0,0,18000,0,18000,18000
08182P,金像電永豐9B售01,0,0,0,0,0,0,0,0,0,18000,0,0,0,18000,0,18000,18000
08134P,臺股指元大9B售40,0,0,0,0,0,0,0,0,0,18000,0,0,0,123000,105000,18000,18000
08211P,台表科元富9B售03,0,0,0,0,0,0,0,0,0,18000,0,0,0,43000,25000,18000,18000
2528,皇普            ,19000,1000,18000,0,0,0,0,0,0,0,0,0,0,0,0,0,18000
1445,大宇            ,27000,14000,13000,0,0,0,0,0,0,5000,5000,0,5000,0,0,0,18000
054751,GIS凱基98購01   ,0,0,0,0,0,0,0,0,0,18000,0,0,0,18000,0,18000,18000
03680C,臺股指凱基9A牛26,0,0,0,0,0,0,0,0,0,18000,0,0,0,105000,87000,18000,18000
052581,訊芯元富98購01  ,0,0,0,0,0,0,0,0,0,18000,0,0,0,20000,2000,18000,18000
053443,智邦凱基97購01  ,0,0,0,0,0,0,0,0,0,18000,0,0,0,20000,2000,18000,18000
057658,玉晶光兆豐99購02,0,0,0,0,0,0,0,0,0,18000,0,0,0,18000,0,18000,18000
056623,禾伸堂永豐98購01,0,0,0,0,0,0,0,0,0,18000,0,0,0,18000,0,18000,18000
056705,超眾國泰99購01  ,0,0,0,0,0,0,0,0,0,18000,0,0,0,18000,0,18000,18000
056141,聯茂元大97購05  ,0,0,0,0,0,0,0,0,0,18000,0,0,0,18000,0,18000,18000
056069,新日興元大97購03,0,0,0,0,0,0,0,0,0,18000,0,0,0,18000,0,18000,18000
057756,瑞昱日盛99購01  ,0,0,0,0,0,0,0,0,0,18000,0,0,0,22000,4000,18000,18000
060245,聯陽元大9C購01  ,0,0,0,0,0,0,0,0,0,18000,0,0,0,18000,0,18000,18000
060072,國巨元富99購04  ,0,0,0,0,0,0,0,0,0,18000,0,0,0,30000,12000,18000,18000
060032,利勤永豐99購01  ,0,0,0,0,0,0,0,0,0,18000,0,0,0,25000,7000,18000,18000
060021,立積康和99購01  ,0,0,0,0,0,0,0,0,0,18000,0,0,0,18000,0,18000,18000
059176,臺股指凱基99購27,0,0,0,0,0,0,0,0,0,18000,0,0,0,21000,3000,18000,18000
061358,世紀鋼元大9A購04,0,0,0,0,0,0,0,0,0,18000,0,0,0,18000,0,18000,18000
061359,台灣50兆豐9C購02,0,0,0,0,0,0,0,0,0,18000,0,0,0,18000,0,18000,18000
062088,緯穎元大9B購04  ,0,0,0,0,0,0,0,0,0,18000,0,0,0,127000,109000,18000,18000
061634,遠東新元大9A購01,0,0,0,0,0,0,0,0,0,18000,0,0,0,83000,65000,18000,18000
058245,訊連元大99購01  ,0,0,0,0,0,0,0,0,0,18000,0,0,0,123000,105000,18000,18000
058295,欣興凱基99購02  ,0,0,0,0,0,0,0,0,0,18000,0,0,0,219000,201000,18000,18000
058290,南電國票9A購01  ,0,0,0,0,0,0,0,0,0,18000,0,0,0,19000,1000,18000,18000
058053,上銀統一9B購01  ,0,0,0,0,0,0,0,0,0,18000,0,0,0,323000,305000,18000,18000
058061,貿聯元富9B購01  ,0,0,0,0,0,0,0,0,0,18000,0,0,0,161000,143000,18000,18000
058096,南電元大98購04  ,0,0,0,0,0,0,0,0,0,18000,0,0,0,49000,31000,18000,18000
061238,晶技元大9A購02  ,0,0,0,0,0,0,0,0,0,18000,0,0,0,100000,82000,18000,18000
061160,瑞祺群益9A購01  ,0,0,0,0,0,0,0,0,0,18000,0,0,0,18000,0,18000,18000
058555,矽創永豐9A購01  ,0,0,0,0,0,0,0,0,0,18000,0,0,0,18000,0,18000,18000
064008,日月光凱基9C購01,0,0,0,0,0,0,0,0,0,18000,0,0,0,44000,26000,18000,18000
06412P,南亞科日盛97售01,0,0,0,0,0,0,0,0,0,18000,0,0,0,18000,0,18000,18000
064660,華通元大9C購05  ,0,0,0,0,0,0,0,0,0,18000,0,0,0,18000,0,18000,18000
064411,台表科凱基02購01,0,0,0,0,0,0,0,0,0,18000,0,0,0,385000,367000,18000,18000
064176,京元電國泰01購01,0,0,0,0,0,0,0,0,0,18000,0,0,0,155000,137000,18000,18000
063350,台表科統一02購02,0,0,0,0,0,0,0,0,0,18000,0,0,0,80000,62000,18000,18000
063339,智邦統一01購01  ,0,0,0,0,0,0,0,0,0,18000,0,0,0,53000,35000,18000,18000
062227,南六統一01購02  ,0,0,0,0,0,0,0,0,0,18000,0,0,0,40000,22000,18000,18000
062513,玉晶光國票9C購01,0,0,0,0,0,0,0,0,0,18000,0,0,0,20000,2000,18000,18000
062551,緯穎永豐9B購02  ,0,0,0,0,0,0,0,0,0,18000,0,0,0,30000,12000,18000,18000
5546,永固-KY         ,18000,0,18000,0,0,0,0,0,0,0,0,0,0,0,0,0,18000
5305,敦南            ,85000,65000,20000,0,0,0,0,0,0,-2000,0,2000,-2000,0,0,0,18000
3607,谷崧            ,148000,130000,18000,0,0,0,0,0,0,0,0,0,0,0,0,0,18000
6531,愛普            ,714000,696000,18000,0,0,0,0,0,0,0,0,0,0,0,0,0,18000
2024,志聯            ,52000,35000,17000,0,0,0,0,0,0,0,0,0,0,0,0,0,17000
08168P,金像電群益9B售03,0,0,0,0,0,0,0,0,0,17000,0,0,0,118000,101000,17000,17000
08090P,嘉澤統一9B售01  ,0,0,0,0,0,0,0,0,0,17000,0,0,0,60000,43000,17000,17000
064786,GIS群益9C購04   ,0,0,0,0,0,0,0,0,0,17000,0,0,0,26000,9000,17000,17000
065027,玉晶光中信03購01,0,0,0,0,0,0,0,0,0,17000,0,0,0,145000,128000,17000,17000
060264,華新科國票9A購02,0,0,0,0,0,0,0,0,0,17000,0,0,0,17000,0,17000,17000
057872,旺宏元大99購06  ,0,0,0,0,0,0,0,0,0,17000,0,0,0,27000,10000,17000,17000
056960,光罩永豐98購01  ,0,0,0,0,0,0,0,0,0,17000,0,0,0,17000,0,17000,17000
055813,聯發科國票98購04,0,0,0,0,0,0,0,0,0,17000,0,0,0,27000,10000,17000,17000
056268,新日興統一97購01,0,0,0,0,0,0,0,0,0,17000,0,0,0,359000,342000,17000,17000
03649C,T50反1凱基99牛05,0,0,0,0,0,0,0,0,0,17000,0,0,0,17000,0,17000,17000
03414B,臺股指凱基99熊01,0,0,0,0,0,0,0,0,0,17000,0,0,0,1077000,1060000,17000,17000
052893,聯電群益98購01  ,0,0,0,0,0,0,0,0,0,17000,0,0,0,47000,30000,17000,17000
0054,元大台商50      ,0,0,0,0,0,0,0,0,0,17000,0,0,0,18000,1000,17000,17000
055515,聚陽中信9A購01  ,0,0,0,0,0,0,0,0,0,17000,0,0,0,17000,0,17000,17000
056518,美律國票99購01  ,0,0,0,0,0,0,0,0,0,17000,0,0,0,17000,0,17000,17000
060776,世芯凱基9B購01  ,0,0,0,0,0,0,0,0,0,17000,0,0,0,28000,11000,17000,17000
060560,欣興國泰9C購01  ,0,0,0,0,0,0,0,0,0,17000,0,0,0,17000,0,17000,17000
06141P,大立光日盛97售01,0,0,0,0,0,0,0,0,0,17000,0,0,0,17000,0,17000,17000
061942,亞德客群益9B購01,0,0,0,0,0,0,0,0,0,17000,0,0,0,17000,0,17000,17000
061364,國巨國票9A購09  ,0,0,0,0,0,0,0,0,0,17000,0,0,0,92000,75000,17000,17000
058828,大毅永豐99購01  ,0,0,0,0,0,0,0,0,0,17000,0,0,0,31000,14000,17000,17000
058733,同欣電永豐99購02,0,0,0,0,0,0,0,0,0,17000,0,0,0,54000,37000,17000,17000
058008,禾伸堂國票99購02,0,0,0,0,0,0,0,0,0,17000,0,0,0,17000,0,17000,17000
062512,美食國票9B購01  ,0,0,0,0,0,0,0,0,0,17000,0,0,0,17000,0,17000,17000
062751,華擎中信9C購01  ,0,0,0,0,0,0,0,0,0,17000,0,0,0,47000,30000,17000,17000
062730,致伸凱基9B購01  ,10000,0,10000,0,0,0,0,0,0,7000,0,0,0,97000,90000,7000,17000
063119,華通元大9B購07  ,0,0,0,0,0,0,0,0,0,17000,0,0,0,30000,13000,17000,17000
062918,祥碩元大9C購02  ,0,0,0,0,0,0,0,0,0,17000,0,0,0,24000,7000,17000,17000
064502,大立光元大9C購19,0,0,0,0,0,0,0,0,0,17000,0,0,0,17000,0,17000,17000
064615,智邦元大01購01  ,0,0,0,0,0,0,0,0,0,17000,0,0,0,74000,57000,17000,17000
6573,虹揚-KY         ,18000,1000,17000,0,0,0,0,0,0,0,0,0,0,0,0,0,17000
6671,三能-KY         ,17000,0,17000,0,0,0,0,0,0,0,0,0,0,0,0,0,17000
06626P,大立光統一9A售01,0,0,0,0,0,0,0,0,0,16000,0,0,0,16000,0,16000,16000
06903P,技嘉凱基98售04  ,0,0,0,0,0,0,0,0,0,16000,0,0,0,16000,0,16000,16000
06793P,臺股指凱基98售03,0,0,0,0,0,0,0,0,0,16000,0,0,0,16000,0,16000,16000
08011P,玉晶光元大9B售05,0,0,0,0,0,0,0,0,0,16000,0,0,0,41000,25000,16000,16000
2465,麗臺            ,20000,4000,16000,0,0,0,0,0,0,0,0,0,0,0,0,0,16000
05131P,聯詠統一97售01  ,0,0,0,0,0,0,0,0,0,16000,0,0,0,16000,0,16000,16000
060426,盛群永豐9A購01  ,0,0,0,0,0,0,0,0,0,16000,0,0,0,38000,22000,16000,16000
060060,台積電兆豐99購05,0,0,0,0,0,0,0,0,0,16000,0,0,0,25000,9000,16000,16000
060487,盛群富邦9B購01  ,0,0,0,0,0,0,0,0,0,16000,0,0,0,16000,0,16000,16000
056713,華擎永豐98購01  ,0,0,0,0,0,0,0,0,0,16000,0,0,0,18000,2000,16000,16000
058948,道瓊銀群益9C購01,0,0,0,0,0,0,0,0,0,16000,0,0,0,30000,14000,16000,16000
061798,晶豪科永豐9B購01,0,0,0,0,0,0,0,0,0,16000,0,0,0,16000,0,16000,16000
060155,友訊永豐9A購01  ,0,0,0,0,0,0,0,0,0,16000,0,0,0,16000,0,16000,16000
058424,滬深2X元富99購04,0,0,0,0,0,0,0,0,0,16000,0,0,0,29000,13000,16000,16000
058518,玉晶光元大99購13,0,0,0,0,0,0,0,0,0,16000,0,0,0,44000,28000,16000,16000
061202,和大元大9A購02  ,0,0,0,0,0,0,0,0,0,16000,0,0,0,55000,39000,16000,16000
058240,景碩元大99購04  ,0,0,0,0,0,0,0,0,0,16000,0,0,0,18000,2000,16000,16000
064588,玉晶光永豐9C購05,0,0,0,0,0,0,0,0,0,16000,0,0,0,30000,14000,16000,16000
064326,裕隆元大9C購01  ,0,0,0,0,0,0,0,0,0,16000,0,0,0,87000,71000,16000,16000
064000,台郡兆豐9C購01  ,0,0,0,0,0,0,0,0,0,16000,0,0,0,85000,69000,16000,16000
064004,全新凱基01購01  ,0,0,0,0,0,0,0,0,0,16000,0,0,0,16000,0,16000,16000
062860,華擎國票9B購02  ,0,0,0,0,0,0,0,0,0,16000,0,0,0,23000,7000,16000,16000
063311,喬山群益9B購01  ,0,0,0,0,0,0,0,0,0,16000,0,0,0,144000,128000,16000,16000
062503,玉晶光群益01購03,0,0,0,0,0,0,0,0,0,16000,0,0,0,43000,27000,16000,16000
062166,致新國泰01購01  ,0,0,0,0,0,0,0,0,0,16000,0,0,0,16000,0,16000,16000
062446,聯詠元大9B購02  ,0,0,0,0,0,0,0,0,0,16000,0,0,0,57000,41000,16000,16000
6166,凌華            ,547619,579000,-31381,0,0,0,0,0,0,47000,3000,1000,2000,50000,5000,45000,15619
3266,昇陽            ,18000,3000,15000,0,0,0,0,0,0,0,0,0,0,0,0,0,15000
2029,盛餘            ,21000,6000,15000,0,0,0,0,0,0,0,0,0,0,0,0,0,15000
07473P,祥碩元大9A售01  ,0,0,0,0,0,0,0,0,0,15000,0,0,0,141000,126000,15000,15000
07555P,玉晶光元大9A售07,0,0,0,0,0,0,0,0,0,15000,0,0,0,40000,25000,15000,15000
056577,玉晶光元大99購06,0,0,0,0,0,0,0,0,0,15000,0,0,0,15000,0,15000,15000
057075,嘉聯益永豐98購01,0,0,0,0,0,0,0,0,0,15000,0,0,0,17000,2000,15000,15000
057199,台達電元富02購01,0,0,0,0,0,0,0,0,0,15000,0,0,0,17000,2000,15000,15000
06051P,嘉聯益國票97售04,0,0,0,0,0,0,0,0,0,15000,0,0,0,15000,0,15000,15000
060048,元金2X凱基99購03,0,0,0,0,0,0,0,0,0,15000,0,0,0,110000,95000,15000,15000
056450,可成凱基98購05  ,0,0,0,0,0,0,0,0,0,15000,0,0,0,85000,70000,15000,15000
055904,貿聯亞東99購01  ,0,0,0,0,0,0,0,0,0,15000,0,0,0,15000,0,15000,15000
056875,亞光凱基98購03  ,0,0,0,0,0,0,0,0,0,15000,0,0,0,15000,0,15000,15000
056970,TPK永豐98購01   ,0,0,0,0,0,0,0,0,0,15000,0,0,0,15000,0,15000,15000
055323,貿聯國票98購01  ,0,0,0,0,0,0,0,0,0,15000,0,0,0,47000,32000,15000,15000
0053,元大電子        ,0,0,0,0,0,0,0,0,0,15000,0,0,0,16000,1000,15000,15000
053021,國巨國泰97購04  ,0,0,0,0,0,0,0,0,0,15000,0,0,0,15000,0,15000,15000
053024,國巨富邦97購02  ,0,0,0,0,0,0,0,0,0,15000,0,0,0,15000,0,15000,15000
056467,上証2X元大98購02,0,0,0,0,0,0,0,0,0,15000,0,0,0,15000,0,15000,15000
055703,緯穎富邦98購01  ,0,0,0,0,0,0,0,0,0,15000,0,0,0,15000,0,15000,15000
057489,奇力新元大99購06,0,0,0,0,0,0,0,0,0,15000,0,0,0,15000,0,15000,15000
057517,矽創元富98購02  ,0,0,0,0,0,0,0,0,0,15000,0,0,0,20000,5000,15000,15000
057621,崇越凱基98購01  ,0,0,0,0,0,0,0,0,0,15000,0,0,0,20000,5000,15000,15000
054790,禾伸堂群益98購01,0,0,0,0,0,0,0,0,0,15000,0,0,0,15000,0,15000,15000
054695,世芯永豐98購01  ,0,0,0,0,0,0,0,0,0,15000,0,0,0,15000,0,15000,15000
054708,華通統一97購02  ,0,0,0,0,0,0,0,0,0,15000,0,0,0,15000,0,15000,15000
054966,貿聯元大98購02  ,0,0,0,0,0,0,0,0,0,15000,0,0,0,15000,0,15000,15000
058211,國巨群益9A購02  ,0,0,0,0,0,0,0,0,0,15000,0,0,0,15000,0,15000,15000
058279,FBVIX中信03購03 ,0,0,0,0,0,0,0,0,0,15000,0,0,0,15000,0,15000,15000
058085,景碩群益9A購01  ,0,0,0,0,0,0,0,0,0,15000,0,0,0,25000,10000,15000,15000
060892,超眾統一9C購01  ,0,0,0,0,0,0,0,0,0,15000,0,0,0,18000,3000,15000,15000
060963,禾伸堂凱基9A購01,0,0,0,0,0,0,0,0,0,15000,0,0,0,60000,45000,15000,15000
061137,晶技統一9B購01  ,0,0,0,0,0,0,0,0,0,15000,0,0,0,20000,5000,15000,15000
060731,奇力新群益9A購01,0,0,0,0,0,0,0,0,0,15000,0,0,0,15000,0,15000,15000
058389,聯茂國票9A購01  ,0,0,0,0,0,0,0,0,0,15000,0,0,0,26000,11000,15000,15000
059820,南亞科凱基99購07,0,0,0,0,0,0,0,0,0,15000,0,0,0,18000,3000,15000,15000
059763,華擎永豐99購03  ,0,0,0,0,0,0,0,0,0,15000,0,0,0,50000,35000,15000,15000
061869,智邦元大9B購01  ,0,0,0,0,0,0,0,0,0,15000,0,0,0,60000,45000,15000,15000
062132,神隆群益9B購01  ,0,0,0,0,0,0,0,0,0,15000,0,0,0,74000,59000,15000,15000
058691,友訊國票9A購01  ,0,0,0,0,0,0,0,0,0,15000,0,0,0,15000,0,15000,15000
058748,景碩凱基9A購01  ,0,0,0,0,0,0,0,0,0,15000,0,0,0,20000,5000,15000,15000
05953P,台積電國票98售02,0,0,0,0,0,0,0,0,0,15000,0,0,0,15000,0,15000,15000
062382,燿華國泰9C購01  ,0,0,0,0,0,0,0,0,0,15000,0,0,0,19000,4000,15000,15000
062541,臻鼎國泰01購01  ,0,0,0,0,0,0,0,0,0,15000,0,0,0,15000,0,15000,15000
062660,神隆群益9B購02  ,0,0,0,0,0,0,0,0,0,15000,0,0,0,107000,92000,15000,15000
062740,致伸國票9B購01  ,0,0,0,0,0,0,0,0,0,15000,0,0,0,20000,5000,15000,15000
063226,康控群益9B購03  ,0,0,0,0,0,0,0,0,0,15000,0,0,0,46000,31000,15000,15000
063942,台積電元大01購03,0,0,0,0,0,0,0,0,0,15000,0,0,0,30000,15000,15000,15000
063875,SP黃豆元富9C購01,0,0,0,0,0,0,0,0,0,15000,0,0,0,15000,0,15000,15000
064158,健鼎統一02購01  ,0,0,0,0,0,0,0,0,0,15000,0,0,0,58000,43000,15000,15000
064031,玉晶光元大02購01,0,0,0,0,0,0,0,0,0,15000,0,0,0,68000,53000,15000,15000
064039,亞德客統一02購01,0,0,0,0,0,0,0,0,0,15000,0,0,0,15000,0,15000,15000
063544,華新科台新9B購02,0,0,0,0,0,0,0,0,0,15000,0,0,0,15000,0,15000,15000
063548,同欣電兆豐9B購01,0,0,0,0,0,0,0,0,0,15000,0,0,0,20000,5000,15000,15000
063522,技嘉凱基9B購03  ,0,0,0,0,0,0,0,0,0,15000,0,0,0,209000,194000,15000,15000
064565,高鐵群益01購01  ,0,0,0,0,0,0,0,0,0,15000,0,0,0,98000,83000,15000,15000
064741,南亞科國票01購01,0,0,0,0,0,0,0,0,0,15000,0,0,0,15000,0,15000,15000
8411,福貞-KY         ,15000,3000,12000,0,0,0,0,0,0,3000,3000,0,3000,0,0,0,15000
07288P,台灣50凱基99售06,0,0,0,0,0,0,0,0,0,14000,0,0,0,15000,1000,14000,14000
07708P,玉晶光元大9A售13,0,0,0,0,0,0,0,0,0,14000,0,0,0,20000,6000,14000,14000
07674P,金融類元大9A售01,0,0,0,0,0,0,0,0,0,14000,0,0,0,14000,0,14000,14000
065288,華新科群益02購02,0,0,0,0,0,0,0,0,0,14000,0,0,0,121000,107000,14000,14000
2028,威致            ,15000,1000,14000,0,0,0,0,0,0,0,0,0,0,0,0,0,14000
2038,海光            ,30000,17000,13000,0,0,0,0,0,0,1000,1000,0,1000,0,0,0,14000
2427,三商電          ,25000,23000,2000,0,0,0,0,0,0,12000,29000,17000,12000,0,0,0,14000
1626,艾美特-KY       ,32000,18000,14000,0,0,0,0,0,0,0,0,0,0,0,0,0,14000
07953P,健策元大9B售07  ,0,0,0,0,0,0,0,0,0,14000,0,0,0,14000,0,14000,14000
08451P,南六統一9C售06  ,0,0,0,0,0,0,0,0,0,14000,0,0,0,80000,66000,14000,14000
08376P,南亞科元富9C售03,0,0,0,0,0,0,0,0,0,14000,0,0,0,30000,16000,14000,14000
08515P,鴻海群益9C售06  ,0,0,0,0,0,0,0,0,0,14000,0,0,0,14000,0,14000,14000
054840,T50反1兆豐98購01,0,0,0,0,0,0,0,0,0,14000,0,0,0,14000,0,14000,14000
055569,聚陽統一98購01  ,0,0,0,0,0,0,0,0,0,14000,0,0,0,14000,0,14000,14000
053651,台光電凱基98購01,0,0,0,0,0,0,0,0,0,14000,0,0,0,45000,31000,14000,14000
057525,光磊元大99購01  ,0,0,0,0,0,0,0,0,0,14000,0,0,0,14000,0,14000,14000
052791,友達兆豐97購01  ,0,0,0,0,0,0,0,0,0,14000,0,0,0,14000,0,14000,14000
055896,南電統一97購02  ,0,0,0,0,0,0,0,0,0,14000,0,0,0,29000,15000,14000,14000
060477,和潤元大9A購01  ,0,0,0,0,0,0,0,0,0,14000,0,0,0,52000,38000,14000,14000
06037P,超眾國票98售02  ,0,0,0,0,0,0,0,0,0,14000,0,0,0,64000,50000,14000,14000
057985,華通元富02購03  ,0,0,0,0,0,0,0,0,0,14000,0,0,0,16000,2000,14000,14000
062007,台光電國泰9C購01,0,0,0,0,0,0,0,0,0,14000,0,0,0,14000,0,14000,14000
061973,上銀元大9B購01  ,0,0,0,0,0,0,0,0,0,14000,0,0,0,27000,13000,14000,14000
059324,智易元大99購04  ,0,0,0,0,0,0,0,0,0,14000,0,0,0,14000,0,14000,14000
064759,景碩凱基9C購01  ,0,0,0,0,0,0,0,0,0,14000,0,0,0,64000,50000,14000,14000
064645,義隆凱基03購01  ,0,0,0,0,0,0,0,0,0,14000,0,0,0,324000,310000,14000,14000
064319,南電群益9C購01  ,0,0,0,0,0,0,0,0,0,14000,0,0,0,72000,58000,14000,14000
063521,國巨凱基03購01  ,0,0,0,0,0,0,0,0,0,14000,0,0,0,24000,10000,14000,14000
062934,大成鋼凱基9B購02,0,0,0,0,0,0,0,0,0,14000,0,0,0,55000,41000,14000,14000
063019,聯發科元大9C購01,0,0,0,0,0,0,0,0,0,14000,0,0,0,159000,145000,14000,14000
063149,聯發科元富05購02,0,0,0,0,0,0,0,0,0,14000,0,0,0,15000,1000,14000,14000
9906,欣巴巴          ,33000,19000,14000,0,0,0,0,0,0,0,0,0,0,0,0,0,14000
1203,味王            ,13000,0,13000,0,0,0,0,0,0,0,0,0,0,0,0,0,13000
08213P,台光電統一9B售03,0,0,0,0,0,0,0,0,0,13000,0,0,0,23000,10000,13000,13000
1720,生達            ,510000,497000,13000,0,0,0,0,0,0,0,0,0,0,0,0,0,13000
1808,潤隆            ,77000,64000,13000,0,0,0,0,0,0,0,0,0,0,0,0,0,13000
3528,安馳            ,15000,2000,13000,0,0,0,0,0,0,0,0,0,0,0,0,0,13000
2905,三商            ,253000,241000,12000,0,0,0,0,0,0,1000,1000,0,1000,0,0,0,13000
065285,宏碁群益01購01  ,0,0,0,0,0,0,0,0,0,13000,0,0,0,82000,69000,13000,13000
064882,同欣電兆豐9C購01,0,0,0,0,0,0,0,0,0,13000,0,0,0,13000,0,13000,13000
06807P,臺股指群益98售13,0,0,0,0,0,0,0,0,0,13000,0,0,0,13000,0,13000,13000
06743P,創意永豐98售03  ,0,0,0,0,0,0,0,0,0,13000,0,0,0,72000,59000,13000,13000
07137P,大立光中信9B售01,0,0,0,0,0,0,0,0,0,13000,0,0,0,13000,0,13000,13000
07149P,健鼎元大99售03  ,0,0,0,0,0,0,0,0,0,13000,0,0,0,20000,7000,13000,13000
059947,貿聯永豐99購03  ,0,0,0,0,0,0,0,0,0,13000,0,0,0,76000,63000,13000,13000
056909,嘉聯益元大99購03,0,0,0,0,0,0,0,0,0,13000,0,0,0,28000,15000,13000,13000
057672,茂林元大98購02  ,0,0,0,0,0,0,0,0,0,13000,0,0,0,78000,65000,13000,13000
057436,義隆國票99購02  ,0,0,0,0,0,0,0,0,0,13000,0,0,0,13000,0,13000,13000
056978,技嘉群益99購01  ,0,0,0,0,0,0,0,0,0,13000,0,0,0,44000,31000,13000,13000
056828,國巨富邦9A購03  ,0,0,0,0,0,0,0,0,0,13000,0,0,0,230000,217000,13000,13000
052681,T50反1元大98購02,0,0,0,0,0,0,0,0,0,13000,0,0,0,28000,15000,13000,13000
053561,玉晶光國泰98購01,0,0,0,0,0,0,0,0,0,13000,0,0,0,13000,0,13000,13000
053631,欣興兆豐97購01  ,0,0,0,0,0,0,0,0,0,13000,0,0,0,13000,0,13000,13000
054212,聯詠國票97購03  ,0,0,0,0,0,0,0,0,0,13000,0,0,0,37000,24000,13000,13000
059282,嘉聯益永豐99購01,0,0,0,0,0,0,0,0,0,13000,0,0,0,68000,55000,13000,13000
060955,大立光群益9A購02,0,0,0,0,0,0,0,0,0,13000,0,0,0,14000,1000,13000,13000
061197,矽創永豐9A購02  ,0,0,0,0,0,0,0,0,0,13000,0,0,0,73000,60000,13000,13000
058850,華新科群益99購03,0,0,0,0,0,0,0,0,0,13000,0,0,0,74000,61000,13000,13000
061374,力山永豐9A購04  ,0,0,0,0,0,0,0,0,0,13000,0,0,0,13000,0,13000,13000
059860,台積電群益9A購02,0,0,0,0,0,0,0,0,0,13000,0,0,0,111000,98000,13000,13000
063049,上海銀兆豐9B購01,0,0,0,0,0,0,0,0,0,13000,0,0,0,14000,1000,13000,13000
063467,大立光元大9C購06,0,0,0,0,0,0,0,0,0,13000,0,0,0,13000,0,13000,13000
062405,泰鼎永豐9B購02  ,0,0,0,0,0,0,0,0,0,13000,0,0,0,13000,0,13000,13000
063631,燿華元大9B購06  ,0,0,0,0,0,0,0,0,0,13000,0,0,0,13000,0,13000,13000
064204,瑞儀兆豐01購01  ,0,0,0,0,0,0,0,0,0,13000,0,0,0,202000,189000,13000,13000
06880P,鈺齊凱基98售03  ,0,0,0,0,0,0,0,0,0,12000,0,0,0,32000,20000,12000,12000
07814P,華通群益9A售06  ,0,0,0,0,0,0,0,0,0,12000,0,0,0,79000,67000,12000,12000
06613P,華新科富邦9A售03,0,0,0,0,0,0,0,0,0,12000,0,0,0,12000,0,12000,12000
2516,新建            ,40000,28000,12000,0,0,0,0,0,0,0,0,0,0,0,0,0,12000
1529,樂士            ,21000,9000,12000,0,0,0,0,0,0,0,0,0,0,0,0,0,12000
07966P,瑞祺群益9B售02  ,0,0,0,0,0,0,0,0,0,12000,0,0,0,59000,47000,12000,12000
08425P,世紀鋼元富9C售03,0,0,0,0,0,0,0,0,0,12000,0,0,0,20000,8000,12000,12000
057472,T50正2元大9B購03,0,0,0,0,0,0,0,0,0,12000,0,0,0,12000,0,12000,12000
057490,可成元大98購10  ,0,0,0,0,0,0,0,0,0,12000,0,0,0,43000,31000,12000,12000
055497,開發金元大97購01,0,0,0,0,0,0,0,0,0,12000,0,0,0,12000,0,12000,12000
054319,世紀鋼凱基96購02,0,0,0,0,0,0,0,0,0,12000,0,0,0,32000,20000,12000,12000
054697,凌華永豐97購01  ,0,0,0,0,0,0,0,0,0,12000,0,0,0,12000,0,12000,12000
054760,台化國票9A購01  ,0,0,0,0,0,0,0,0,0,12000,0,0,0,23000,11000,12000,12000
048349,美利達元大96購02,0,0,0,0,0,0,0,0,0,12000,0,0,0,12000,0,12000,12000
050633,義隆群益96購02  ,0,0,0,0,0,0,0,0,0,12000,0,0,0,27000,15000,12000,12000
00645,富邦日本        ,0,0,0,0,0,0,0,0,0,12000,0,0,0,82000,70000,12000,12000
052317,台積電元大96購11,0,0,0,0,0,0,0,0,0,12000,0,0,0,12000,0,12000,12000
056614,智邦永豐98購01  ,0,0,0,0,0,0,0,0,0,12000,0,0,0,13000,1000,12000,12000
056980,建準群益98購02  ,0,0,0,0,0,0,0,0,0,12000,0,0,0,20000,8000,12000,12000
057410,南電群益98購01  ,0,0,0,0,0,0,0,0,0,12000,0,0,0,12000,0,12000,12000
056547,臻鼎凱基99購01  ,0,0,0,0,0,0,0,0,0,12000,0,0,0,55000,43000,12000,12000
055949,亞德客元大97購04,0,0,0,0,0,0,0,0,0,12000,0,0,0,12000,0,12000,12000
056309,合勤控元大97購01,0,0,0,0,0,0,0,0,0,12000,0,0,0,62000,50000,12000,12000
060409,味全永豐9A購01  ,0,0,0,0,0,0,0,0,0,12000,0,0,0,37000,25000,12000,12000
060401,世紀鋼國票9B購01,0,0,0,0,0,0,0,0,0,12000,0,0,0,219000,207000,12000,12000
059900,上証反元大99購03,0,0,0,0,0,0,0,0,0,12000,0,0,0,12000,0,12000,12000
061365,國巨國票9B購05  ,0,0,0,0,0,0,0,0,0,12000,0,0,0,121000,109000,12000,12000
058952,南茂群益99購01  ,0,0,0,0,0,0,0,0,0,12000,0,0,0,12000,0,12000,12000
058734,康友永豐99購01  ,0,0,0,0,0,0,0,0,0,12000,0,0,0,40000,28000,12000,12000
061589,世紀鋼富邦9B購01,0,0,0,0,0,0,0,0,0,12000,0,0,0,12000,0,12000,12000
061559,南亞科國票9A購02,0,0,0,0,0,0,0,0,0,12000,0,0,0,12000,0,12000,12000
061292,玉晶光統一01購06,0,0,0,0,0,0,0,0,0,12000,0,0,0,15000,3000,12000,12000
058410,國巨兆豐99購03  ,0,0,0,0,0,0,0,0,0,12000,0,0,0,169000,157000,12000,12000
060156,光磊永豐9A購01  ,0,0,0,0,0,0,0,0,0,12000,0,0,0,12000,0,12000,12000
060737,瑞儀統一9C購01  ,0,0,0,0,0,0,0,0,0,12000,0,0,0,12000,0,12000,12000
060311,盟立永豐9A購01  ,0,0,0,0,0,0,0,0,0,12000,0,0,0,12000,0,12000,12000
05933P,鴻海凱基97售03  ,0,0,0,0,0,0,0,0,0,12000,0,0,0,12000,0,12000,12000
064309,聯發科群益9C購07,0,0,0,0,0,0,0,0,0,12000,0,0,0,24000,12000,12000,12000
064275,台光電元大9C購03,0,0,0,0,0,0,0,0,0,12000,0,0,0,32000,20000,12000,12000
06435P,臺股指群益98售02,0,0,0,0,0,0,0,0,0,12000,0,0,0,12000,0,12000,12000
06468P,華新科統一98售02,0,0,0,0,0,0,0,0,0,12000,0,0,0,12000,0,12000,12000
063676,上銀國泰9C購02  ,0,0,0,0,0,0,0,0,0,12000,0,0,0,42000,30000,12000,12000
063532,GIS凱基9B購03   ,0,0,0,0,0,0,0,0,0,12000,0,0,0,64000,52000,12000,12000
063694,貿聯永豐9B購01  ,0,0,0,0,0,0,0,0,0,12000,0,0,0,142000,130000,12000,12000
064056,GIS統一01購02   ,0,0,0,0,0,0,0,0,0,12000,0,0,0,79000,67000,12000,12000
06386P,欣興永豐97售03  ,0,0,0,0,0,0,0,0,0,12000,0,0,0,22000,10000,12000,12000
063888,TPK中信01購01   ,0,0,0,0,0,0,0,0,0,12000,0,0,0,52000,40000,12000,12000
062196,聯發科中信01購02,0,0,0,0,0,0,0,0,0,12000,0,0,0,23000,11000,12000,12000
062260,華新科元大9B購09,0,0,0,0,0,0,0,0,0,12000,0,0,0,12000,0,12000,12000
063366,台表科富邦9C購02,0,0,0,0,0,0,0,0,0,12000,0,0,0,14000,2000,12000,12000
06333P,臺股指群益9C售02,0,0,0,0,0,0,0,0,0,12000,0,0,0,121000,109000,12000,12000
8463,潤泰材          ,21000,8000,13000,0,0,0,0,0,0,-1000,2000,3000,-1000,0,0,0,12000
1419,新紡            ,20000,9000,11000,0,0,0,0,0,0,0,0,0,0,0,0,0,11000
1453,大將            ,11000,0,11000,0,0,0,0,0,0,0,0,0,0,0,0,0,11000
2543,皇昌            ,17000,6000,11000,0,0,0,0,0,0,0,0,0,0,0,0,0,11000
2611,志信            ,14000,3000,11000,0,0,0,0,0,0,0,0,0,0,0,0,0,11000
2705,六福            ,32000,21000,11000,0,0,0,0,0,0,0,0,0,0,0,0,0,11000
065187,聯發科統一02購02,0,0,0,0,0,0,0,0,0,11000,0,0,0,11000,0,11000,11000
064843,巨大統一02購01  ,0,0,0,0,0,0,0,0,0,11000,0,0,0,74000,63000,11000,11000
07146P,瑞昱元大99售02  ,0,0,0,0,0,0,0,0,0,11000,0,0,0,101000,90000,11000,11000
07059P,華通國票9A售02  ,0,0,0,0,0,0,0,0,0,11000,0,0,0,133000,122000,11000,11000
06983P,台積電國泰9A售02,0,0,0,0,0,0,0,0,0,11000,0,0,0,19000,8000,11000,11000
056265,國泰金統一97購01,0,0,0,0,0,0,0,0,0,11000,0,0,0,11000,0,11000,11000
056915,上銀兆豐99購01  ,0,0,0,0,0,0,0,0,0,11000,0,0,0,11000,0,11000,11000
056943,華通統一99購01  ,0,0,0,0,0,0,0,0,0,11000,0,0,0,108000,97000,11000,11000
057453,矽創元富98購01  ,0,0,0,0,0,0,0,0,0,11000,0,0,0,23000,12000,11000,11000
057020,台積電凱基99購02,0,0,0,0,0,0,0,0,0,11000,0,0,0,13000,2000,11000,11000
057176,全新元大99購02  ,0,0,0,0,0,0,0,0,0,11000,0,0,0,11000,0,11000,11000
057257,台泥兆豐99購01  ,0,0,0,0,0,0,0,0,0,11000,0,0,0,11000,0,11000,11000
056670,樺漢國票99購01  ,0,0,0,0,0,0,0,0,0,11000,0,0,0,32000,21000,11000,11000
055745,臻鼎元富97購01  ,0,0,0,0,0,0,0,0,0,11000,0,0,0,11000,0,11000,11000
056742,玉晶光凱基9A購01,0,0,0,0,0,0,0,0,0,11000,0,0,0,21000,10000,11000,11000
056844,欣興元富98購03  ,0,0,0,0,0,0,0,0,0,11000,0,0,0,11000,0,11000,11000
056848,泰鼎元富98購01  ,0,0,0,0,0,0,0,0,0,11000,0,0,0,11000,0,11000,11000
00678,群益NBI生技     ,191000,0,191000,0,0,0,0,0,0,-180000,0,150000,-150000,0,30000,-30000,11000
050170,臺指反元大97購02,0,0,0,0,0,0,0,0,0,11000,0,0,0,11000,0,11000,11000
051382,玉晶光群益98購02,0,0,0,0,0,0,0,0,0,11000,0,0,0,54000,43000,11000,11000
052135,聯發科凱基9B購01,0,0,0,0,0,0,0,0,0,11000,0,0,0,17000,6000,11000,11000
055039,神達富邦99購01  ,0,0,0,0,0,0,0,0,0,11000,0,0,0,36000,25000,11000,11000
060236,精元元大9C購01  ,0,0,0,0,0,0,0,0,0,11000,0,0,0,32000,21000,11000,11000
059284,緯穎永豐99購03  ,0,0,0,0,0,0,0,0,0,11000,0,0,0,11000,0,11000,11000
059755,宏達電國泰9A購01,0,0,0,0,0,0,0,0,0,11000,0,0,0,31000,20000,11000,11000
060601,技嘉凱基9A購02  ,0,0,0,0,0,0,0,0,0,11000,0,0,0,101000,90000,11000,11000
060582,玉晶光群益9C購01,0,0,0,0,0,0,0,0,0,11000,0,0,0,11000,0,11000,11000
060957,SP黃豆凱基9A購04,0,0,0,0,0,0,0,0,0,11000,0,0,0,11000,0,11000,11000
058639,南電兆豐99購01  ,0,0,0,0,0,0,0,0,0,11000,0,0,0,17000,6000,11000,11000
058248,聯茂元大99購05  ,0,0,0,0,0,0,0,0,0,11000,0,0,0,11000,0,11000,11000
061596,健策永豐9A購03  ,0,0,0,0,0,0,0,0,0,11000,0,0,0,72000,61000,11000,11000
061971,力山元大9C購02  ,0,0,0,0,0,0,0,0,0,11000,0,0,0,11000,0,11000,11000
061803,巨大永豐9B購01  ,0,0,0,0,0,0,0,0,0,11000,0,0,0,11000,0,11000,11000
062048,義隆台新9B購01  ,0,0,0,0,0,0,0,0,0,11000,0,0,0,12000,1000,11000,11000
062135,國巨群益9B購05  ,0,0,0,0,0,0,0,0,0,11000,0,0,0,52000,41000,11000,11000
057941,聯電國票99購01  ,0,0,0,0,0,0,0,0,0,11000,0,0,0,108000,97000,11000,11000
058942,南茂中信99購01  ,0,0,0,0,0,0,0,0,0,11000,0,0,0,11000,0,11000,11000
061384,T50反1群益9A購04,0,0,0,0,0,0,0,0,0,11000,0,0,0,11000,0,11000,11000
059163,台積電凱基99購10,0,0,0,0,0,0,0,0,0,11000,0,0,0,11000,0,11000,11000
063236,旺宏元大9B購07  ,0,0,0,0,0,0,0,0,0,11000,0,0,0,11000,0,11000,11000
063477,訊芯元大9B購01  ,0,0,0,0,0,0,0,0,0,11000,0,0,0,113000,102000,11000,11000
063010,國巨元大9C購02  ,0,10000,-10000,0,0,0,0,0,0,21000,0,0,0,21000,0,21000,11000
062232,聯詠麥證9C購01  ,0,0,0,20000,9000,11000,0,0,0,11000,0,0,0,20000,9000,11000,11000
062180,瑞昱元大9B購03  ,0,0,0,0,0,0,0,0,0,11000,0,0,0,75000,64000,11000,11000
06239P,奇力新元大97售08,0,0,0,0,0,0,0,0,0,11000,0,0,0,111000,100000,11000,11000
062323,上銀統一9B購03  ,0,0,0,0,0,0,0,0,0,11000,0,0,0,39000,28000,11000,11000
062590,亞光統一9B購01  ,0,0,0,0,0,0,0,0,0,11000,0,0,0,11000,0,11000,11000
064020,華通元大01購01  ,0,0,0,0,0,0,0,0,0,11000,0,0,0,11000,0,11000,11000
063811,亞德客群益9C購01,0,0,0,0,0,0,0,0,0,11000,0,0,0,109000,98000,11000,11000
063524,瑞昱凱基9B購05  ,0,0,0,0,0,0,0,0,0,11000,0,0,0,13000,2000,11000,11000
064585,中壽永豐9C購01  ,0,0,0,0,0,0,0,0,0,11000,0,0,0,11000,0,11000,11000
064217,GIS凱基02購02   ,0,0,0,0,0,0,0,0,0,11000,0,0,0,11000,0,11000,11000
06964P,臺股指凱基9B售01,0,0,0,0,0,0,0,0,0,10000,0,0,0,10000,0,10000,10000
06971P,台光電元大99售03,0,0,0,0,0,0,0,0,0,10000,0,0,0,10000,0,10000,10000
07074P,FBVIX凱基9A售01 ,0,0,0,0,0,0,0,0,0,10000,0,0,0,10000,0,10000,10000
07105P,大毅元富99售02  ,0,0,0,0,0,0,0,0,0,10000,0,0,0,10000,0,10000,10000
06891P,緯穎富邦99售03  ,0,0,0,0,0,0,0,0,0,10000,0,0,0,10000,0,10000,10000
06919P,臺股指日盛98售02,0,0,0,0,0,0,0,0,0,10000,0,0,0,40000,30000,10000,10000
06834P,訊芯群益99售02  ,0,0,0,0,0,0,0,0,0,10000,0,0,0,15000,5000,10000,10000
06851P,鈺齊元大98售01  ,0,0,0,0,0,0,0,0,0,10000,0,0,0,10000,0,10000,10000
06715P,台積電元大99售04,0,0,0,0,0,0,0,0,0,10000,0,0,0,10000,0,10000,10000
06717P,可成元大98售09  ,0,0,0,0,0,0,0,0,0,10000,0,0,0,10000,0,10000,10000
06722P,臺股指中信9A售04,0,0,0,0,0,0,0,0,0,10000,0,0,0,10000,0,10000,10000
06691P,臺股指群益9C售05,0,0,0,0,0,0,0,0,0,10000,0,0,0,20000,10000,10000,10000
07751P,世紀鋼凱基9A售02,0,0,0,0,0,0,0,0,0,10000,0,0,0,10000,0,10000,10000
07743P,智邦凱基9A售03  ,0,0,0,0,0,0,0,0,0,10000,0,0,0,10000,0,10000,10000
07700P,臺股指元大9A售53,0,0,0,0,0,0,0,0,0,10000,0,0,0,15000,5000,10000,10000
07717P,臺股指群益9A售06,0,0,0,0,0,0,0,0,0,10000,0,0,0,10000,0,10000,10000
07616P,瑞昱中信02售01  ,0,0,0,0,0,0,0,0,0,10000,0,0,0,10000,0,10000,10000
07260P,台灣50元大9A售01,0,0,0,0,0,0,0,0,0,10000,0,0,0,10000,0,10000,10000
07243P,台灣50凱基9A售04,0,0,0,0,0,0,0,0,0,10000,0,0,0,10000,0,10000,10000
07314P,T50正2元大9C售03,0,0,0,0,0,0,0,0,0,10000,0,0,0,10000,0,10000,10000
07337P,台灣50凱基99售09,0,0,0,0,0,0,0,0,0,10000,0,0,0,10000,0,10000,10000
07503P,禾伸堂元大9A售01,0,0,0,0,0,0,0,0,0,10000,0,0,0,10000,0,10000,10000
07468P,聯電元大9A售02  ,0,0,0,0,0,0,0,0,0,10000,0,0,0,10000,0,10000,10000
064994,南電兆豐01購01  ,0,0,0,0,0,0,0,0,0,10000,0,0,0,32000,22000,10000,10000
065060,上銀群益9C購02  ,0,0,0,0,0,0,0,0,0,10000,0,0,0,10000,0,10000,10000
065173,可成元大9C購10  ,0,0,0,0,0,0,0,0,0,10000,0,0,0,10000,0,10000,10000
065323,聯發科凱基9C購09,0,0,0,0,0,0,0,0,0,10000,0,0,0,10000,0,10000,10000
06606P,訊芯元富98售02  ,0,0,0,0,0,0,0,0,0,10000,0,0,0,10000,0,10000,10000
065397,宏達電群益9C購03,0,0,0,0,0,0,0,0,0,10000,0,0,0,47000,37000,10000,10000
065375,神基元大03購01  ,0,0,0,0,0,0,0,0,0,10000,0,0,0,10000,0,10000,10000
1516,川飛            ,6000,0,6000,0,0,0,0,0,0,4000,4000,0,4000,0,0,0,10000
1786,科妍            ,28000,17000,11000,0,0,0,0,0,0,-1000,1000,2000,-1000,0,0,0,10000
1618,合機            ,15000,5000,10000,0,0,0,0,0,0,0,0,0,0,0,0,0,10000
08526P,義隆元大9C售04  ,0,0,0,0,0,0,0,0,0,10000,0,0,0,75000,65000,10000,10000
08429P,台達電凱基9C售01,0,0,0,0,0,0,0,0,0,10000,0,0,0,32000,22000,10000,10000
08322P,國巨凱基9C售08  ,0,0,0,0,0,0,0,0,0,10000,0,0,0,10000,0,10000,10000
08316P,祥碩元大9C售04  ,0,0,0,0,0,0,0,0,0,10000,0,0,0,297000,287000,10000,10000
07995P,臺股指麥證9C售01,0,0,0,10000,0,10000,0,0,0,10000,0,0,0,10000,0,10000,10000
08240P,華通中信06售03  ,0,0,0,0,0,0,0,0,0,10000,0,0,0,10000,0,10000,10000
08162P,台灣50台新9C售06,0,0,0,0,0,0,0,0,0,10000,0,0,0,10000,0,10000,10000
055032,億光富邦99購01  ,0,0,0,0,0,0,0,0,0,10000,0,0,0,15000,5000,10000,10000
055084,國巨第一97購01  ,0,0,0,0,0,0,0,0,0,10000,0,0,0,10000,0,10000,10000
055008,隆達元富97購01  ,0,0,0,0,0,0,0,0,0,10000,0,0,0,10000,0,10000,10000
054634,FB上証中信99購01,0,0,0,0,0,0,0,0,0,10000,0,0,0,10000,0,10000,10000
054777,昇陽半國票98購01,0,0,0,0,0,0,0,0,0,10000,0,0,0,100000,90000,10000,10000
054598,鴻海台新98購01  ,0,0,0,0,0,0,0,0,0,10000,0,0,0,10000,0,10000,10000
054653,聯發科麥證97購02,0,0,0,10000,20000,-10000,0,0,0,10000,0,0,0,30000,20000,10000,10000
054354,技嘉富邦97購01  ,0,0,0,0,0,0,0,0,0,10000,0,0,0,206000,196000,10000,10000
054420,緯穎元大96購08  ,0,0,0,0,0,0,0,0,0,10000,0,0,0,10000,0,10000,10000
054516,國巨元大97購02  ,0,0,0,0,0,0,0,0,0,10000,0,0,0,10000,0,10000,10000
055566,台表科凱基97購03,0,0,0,0,0,0,0,0,0,10000,0,0,0,10000,0,10000,10000
055489,瑞昱元大97購02  ,0,0,0,0,0,0,0,0,0,10000,0,0,0,10000,0,10000,10000
057482,微星元大98購03  ,0,0,0,0,0,0,0,0,0,10000,0,0,0,20000,10000,10000,10000
057516,和鑫元富98購01  ,0,0,0,0,0,0,0,0,0,10000,0,0,0,60000,50000,10000,10000
057580,玉山金中信9A購01,0,0,0,0,0,0,0,0,0,10000,0,0,0,10000,0,10000,10000
057136,立積凱基98購02  ,0,0,0,0,0,0,0,0,0,10000,0,0,0,10000,0,10000,10000
057088,上銀元富98購01  ,0,0,0,0,0,0,0,0,0,10000,0,0,0,10000,0,10000,10000
057093,臻鼎元富98購02  ,0,0,0,0,0,0,0,0,0,10000,0,0,0,10000,0,10000,10000
056488,致新元大99購01  ,0,0,0,0,0,0,0,0,0,10000,0,0,0,10000,0,10000,10000
055702,美律富邦98購01  ,0,0,0,0,0,0,0,0,0,10000,0,0,0,10000,0,10000,10000
054159,T50正2凱基99購01,0,0,0,0,0,0,0,0,0,10000,0,0,0,10000,0,10000,10000
053970,聯發科元大97購08,0,0,0,0,0,0,0,0,0,10000,0,0,0,10000,0,10000,10000
051902,T50反1元大97購01,0,0,0,0,0,0,0,0,0,10000,0,0,0,10000,0,10000,10000
055173,瑞昱統一97購01  ,0,0,0,0,0,0,0,0,0,10000,0,0,0,10000,0,10000,10000
051365,瀚宇博國泰97購01,0,0,0,0,0,0,0,0,0,10000,0,0,0,10000,0,10000,10000
051268,創意富邦97購01  ,0,0,0,0,0,0,0,0,0,10000,0,0,0,10000,0,10000,10000
051471,國巨凱基97購01  ,0,0,0,0,0,0,0,0,0,10000,0,0,0,10000,0,10000,10000
049615,香港2X群益98購01,0,0,0,0,0,0,0,0,0,10000,0,0,0,10000,0,10000,10000
053500,新日興兆豐97購01,0,0,0,0,0,0,0,0,0,10000,0,0,0,10000,0,10000,10000
055443,台虹國票98購01  ,0,0,0,0,0,0,0,0,0,10000,0,0,0,10000,0,10000,10000
055467,國巨凱基97購05  ,0,0,0,0,0,0,0,0,0,10000,0,0,0,10000,0,10000,10000
055307,瑞昱群益97購02  ,0,0,0,0,0,0,0,0,0,10000,0,0,0,10000,0,10000,10000
053412,台達電國票97購02,0,0,0,0,0,0,0,0,0,10000,0,0,0,10000,0,10000,10000
055295,瀚宇博元大97購02,0,0,0,0,0,0,0,0,0,10000,0,0,0,10000,0,10000,10000
055276,台積電元大97購20,0,0,0,0,0,0,0,0,0,10000,0,0,0,10000,0,10000,10000
055258,玉晶光統一97購03,0,0,0,0,0,0,0,0,0,10000,0,0,0,10000,0,10000,10000
052764,景碩群益98購01  ,0,0,0,0,0,0,0,0,0,10000,0,0,0,10000,0,10000,10000
03678C,臺股指凱基01牛02,0,0,0,0,0,0,0,0,0,10000,0,0,0,13000,3000,10000,10000
053084,國巨元大98購01  ,0,0,0,0,0,0,0,0,0,10000,0,0,0,10000,0,10000,10000
047196,上銀統一97購01  ,0,0,0,0,0,0,0,0,0,10000,0,0,0,10000,0,10000,10000
057806,國巨元大98購20  ,0,0,0,0,0,0,0,0,0,10000,0,0,0,10000,0,10000,10000
056029,國巨麥證98購01  ,0,0,0,11000,0,11000,0,0,0,10000,0,0,0,11000,1000,10000,10000
056033,T50正2凱基99購02,0,0,0,0,0,0,0,0,0,10000,0,0,0,10000,0,10000,10000
056163,嘉聯益凱基98購03,0,0,0,0,0,0,0,0,0,10000,0,0,0,10000,0,10000,10000
056129,義隆麥證97購01  ,0,0,0,10000,0,10000,0,0,0,10000,0,0,0,10000,0,10000,10000
056747,致新凱基99購01  ,0,0,0,0,0,0,0,0,0,10000,0,0,0,20000,10000,10000,10000
056810,群創統一9A購01  ,0,0,0,0,0,0,0,0,0,10000,0,0,0,10000,0,10000,10000
055764,臺股指群益97購02,0,0,0,0,0,0,0,0,0,10000,10000,0,10000,0,0,0,10000
055771,台積電日盛97購04,0,0,0,0,0,0,0,0,0,10000,0,0,0,10000,0,10000,10000
055739,健鼎元富97購01  ,0,0,0,0,0,0,0,0,0,10000,0,0,0,10000,0,10000,10000
055741,健策元富97購01  ,0,0,0,0,0,0,0,0,0,10000,0,0,0,10000,0,10000,10000
056683,台積電統一98購05,0,0,0,0,0,0,0,0,0,10000,0,0,0,10000,0,10000,10000
056604,鴻海富邦9A購01  ,0,0,0,0,0,0,0,0,0,10000,0,0,0,10000,0,10000,10000
056600,聯茂元富98購01  ,0,0,0,0,0,0,0,0,0,10000,0,0,0,30000,20000,10000,10000
056624,景碩永豐98購01  ,0,0,0,0,0,0,0,0,0,10000,0,0,0,10000,0,10000,10000
056598,京元電元富98購01,0,0,0,0,0,0,0,0,0,10000,0,0,0,10000,0,10000,10000
057258,中環兆豐98購01  ,0,0,0,0,0,0,0,0,0,10000,0,0,0,10000,0,10000,10000
057197,立積台新98購01  ,0,0,0,0,0,0,0,0,0,10000,0,0,0,10000,0,10000,10000
05721P,全新群益98售02  ,0,0,0,0,0,0,0,0,0,10000,0,0,0,10000,0,10000,10000
057345,中50統一98購01  ,0,0,0,0,0,0,0,0,0,10000,0,0,0,10000,0,10000,10000
057322,旺宏群益98購04  ,0,0,0,0,0,0,0,0,0,10000,0,0,0,10000,0,10000,10000
057278,可成元大98購06  ,0,0,0,0,0,0,0,0,0,10000,0,0,0,10000,0,10000,10000
057454,上銀國泰99購02  ,0,0,0,0,0,0,0,0,0,10000,0,0,0,10000,0,10000,10000
056979,微星群益98購01  ,0,0,0,0,0,0,0,0,0,10000,0,0,0,10000,0,10000,10000
057409,台虹群益98購02  ,0,0,0,0,0,0,0,0,0,10000,0,0,0,10000,0,10000,10000
057716,神達統一98購01  ,0,0,0,0,0,0,0,0,0,10000,0,0,0,10000,0,10000,10000
057060,緯穎元大98購05  ,0,0,0,0,0,0,0,0,0,10000,0,0,0,11000,1000,10000,10000
057654,A50正2中信98購01,0,0,0,0,0,0,0,0,0,10000,0,0,0,10000,0,10000,10000
056940,嘉聯益元富98購01,0,0,0,0,0,0,0,0,0,10000,0,0,0,10000,0,10000,10000
055955,微星元大97購01  ,0,0,0,0,0,0,0,0,0,10000,0,0,0,10000,0,10000,10000
056866,矽創群益98購03  ,0,0,0,0,0,0,0,0,0,10000,0,0,0,10000,0,10000,10000
056858,國巨群益99購03  ,0,0,0,0,0,0,0,0,0,10000,0,0,0,10000,0,10000,10000
056256,聯茂元富97購03  ,0,0,0,0,0,0,0,0,0,10000,0,0,0,10000,0,10000,10000
056282,S&P反1永豐97購01,0,0,0,0,0,0,0,0,0,10000,0,0,0,10000,0,10000,10000
056300,聯發科元大97購23,0,0,0,0,0,0,0,0,0,10000,0,0,0,10000,0,10000,10000
056253,京鼎兆豐98購01  ,0,0,0,0,0,0,0,0,0,10000,0,0,0,10000,0,10000,10000
056443,南亞科凱基98購03,0,0,0,0,0,0,0,0,0,10000,0,0,0,10000,0,10000,10000
056343,高鐵凱基98購02  ,0,0,0,0,0,0,0,0,0,10000,0,0,0,10000,0,10000,10000
056369,彩晶元大01購01  ,0,0,0,0,0,0,0,0,0,10000,0,0,0,10000,0,10000,10000
056381,台虹元富98購01  ,0,0,0,0,0,0,0,0,0,10000,0,0,0,10000,0,10000,10000
060400,南電國票9A購03  ,0,0,0,0,0,0,0,0,0,10000,0,0,0,11000,1000,10000,10000
060464,台積電元大9A購11,0,0,0,0,0,0,0,0,0,10000,0,0,0,30000,20000,10000,10000
057909,台光電兆豐98購01,0,0,0,0,0,0,0,0,0,10000,0,0,0,10000,0,10000,10000
059958,鎧勝康和99購01  ,0,0,0,0,0,0,0,0,0,10000,0,0,0,10000,0,10000,10000
059954,華新科康和99購01,0,0,0,0,0,0,0,0,0,10000,0,0,0,14000,4000,10000,10000
059964,元金2X凱基99購02,0,0,0,0,0,0,0,0,0,10000,0,0,0,10000,0,10000,10000
060063,可成兆豐9B購01  ,0,0,0,0,0,0,0,0,0,10000,0,0,0,10000,0,10000,10000
060090,台積電元大99購55,0,0,0,0,0,0,0,0,0,10000,0,0,0,10000,0,10000,10000
060114,緯穎元大99購10  ,0,0,0,0,0,0,0,0,0,10000,0,0,0,10000,0,10000,10000
060097,華新科元大99購23,0,0,0,0,0,0,0,0,0,10000,0,0,0,13000,3000,10000,10000
059172,台郡凱基99購03  ,0,0,0,0,0,0,0,0,0,10000,0,0,0,30000,20000,10000,10000
059129,麗豐中信99購01  ,0,0,0,0,0,0,0,0,0,10000,0,0,0,30000,20000,10000,10000
059620,聯發科日盛99購02,0,0,0,0,0,0,0,0,0,10000,0,0,0,10000,0,10000,10000
059912,國巨元大99購28  ,0,0,0,0,0,0,0,0,0,10000,0,0,0,20000,10000,10000,10000
059926,世紀鋼國泰9B購01,0,0,0,0,0,0,0,0,0,10000,0,0,0,10000,0,10000,10000
05892P,大立光中信98售03,0,0,0,0,0,0,0,0,0,10000,0,0,0,10000,0,10000,10000
059590,台積電元大99購39,0,0,0,0,0,0,0,0,0,10000,0,0,0,10000,0,10000,10000
059019,元石油統一9B購03,0,0,0,0,0,0,0,0,0,10000,0,0,0,10000,0,10000,10000
059003,中壽元大99購01  ,0,0,0,0,0,0,0,0,0,10000,0,0,0,60000,50000,10000,10000
059529,華新科凱基9A購04,0,0,0,0,0,0,0,0,0,10000,0,0,0,11000,1000,10000,10000
061797,聯發科永豐9B購01,0,0,0,0,0,0,0,0,0,10000,0,0,0,10000,0,10000,10000
061807,元金2X統一9B購01,0,0,0,0,0,0,0,0,0,10000,0,0,0,10000,0,10000,10000
061868,旺宏元大9B購03  ,0,0,0,0,0,0,0,0,0,10000,0,0,0,10000,0,10000,10000
061933,光寶科國票9B購01,0,0,0,0,0,0,0,0,0,10000,0,0,0,210000,200000,10000,10000
061587,美律富邦9A購02  ,0,0,0,0,0,0,0,0,0,10000,0,0,0,10000,0,10000,10000
061548,聯詠群益9A購02  ,0,0,0,0,0,0,0,0,0,10000,0,0,0,10000,0,10000,10000
061480,泰碩元大9B購01  ,0,0,0,0,0,0,0,0,0,10000,0,0,0,10000,0,10000,10000
061615,鴻海群益9A購06  ,0,0,0,0,0,0,0,0,0,10000,0,0,0,10000,0,10000,10000
061745,南電凱基9B購02  ,0,0,0,0,0,0,0,0,0,10000,0,0,0,10000,0,10000,10000
061723,嘉聯益永豐9A購03,0,0,0,0,0,0,0,0,0,10000,0,0,0,10000,0,10000,10000
058232,聯發科元大99購05,0,0,0,0,0,0,0,0,0,10000,0,0,0,10000,0,10000,10000
058233,聯發科元大99購06,0,0,0,0,0,0,0,0,0,10000,0,0,0,10000,0,10000,10000
058193,緯穎永豐99購01  ,0,0,0,0,0,0,0,0,0,10000,0,0,0,10000,0,10000,10000
058282,聯茂中信99購01  ,0,0,0,0,0,0,0,0,0,10000,0,0,0,10000,0,10000,10000
058372,欣興凱基99購03  ,0,0,0,0,0,0,0,0,0,10000,0,0,0,35000,25000,10000,10000
059492,國巨國票9A購06  ,0,0,0,0,0,0,0,0,0,10000,0,0,0,10000,0,10000,10000
058052,南電元大98購02  ,0,0,0,0,0,0,0,0,0,10000,0,0,0,10000,0,10000,10000
060958,儒鴻凱基9A購02  ,0,0,0,0,0,0,0,0,0,10000,0,0,0,42000,32000,10000,10000
060871,台灣50中信01購03,0,0,0,0,0,0,0,0,0,10000,0,0,0,10000,0,10000,10000
061132,志超永豐9A購01  ,0,0,0,0,0,0,0,0,0,10000,0,0,0,27000,17000,10000,10000
061253,臺股指群益9A購04,0,0,0,0,0,0,0,0,0,10000,0,0,0,10000,0,10000,10000
061272,超眾凱基9A購03  ,0,0,0,0,0,0,0,0,0,10000,0,0,0,10000,0,10000,10000
061327,台郡凱基9A購02  ,0,0,0,0,0,0,0,0,0,10000,0,0,0,60000,50000,10000,10000
061242,玉晶光兆豐9B購02,0,0,0,0,0,0,0,0,0,10000,0,0,0,10000,0,10000,10000
060590,台積電台新9C購02,0,0,0,0,0,0,0,0,0,10000,0,0,0,10000,0,10000,10000
060558,億豐凱基9A購01  ,0,0,0,0,0,0,0,0,0,10000,0,0,0,10000,0,10000,10000
060595,台灣50凱基04購04,0,0,0,0,0,0,0,0,0,10000,0,0,0,10000,0,10000,10000
059762,禾伸堂永豐99購02,0,0,0,0,0,0,0,0,0,10000,0,0,0,27000,17000,10000,10000
059811,高股息凱基99購02,0,0,0,0,0,0,0,0,0,10000,0,0,0,10000,0,10000,10000
059843,華新科富邦9B購03,0,0,0,0,0,0,0,0,0,10000,0,0,0,10000,0,10000,10000
059768,上証2X群益9C購02,0,0,0,0,0,0,0,0,0,10000,0,0,0,10000,0,10000,10000
058440,玉晶光統一99購02,0,0,0,0,0,0,0,0,0,10000,0,0,0,14000,4000,10000,10000
058470,台灣50日盛9B購02,0,0,0,0,0,0,0,0,0,10000,0,0,0,10000,0,10000,10000
060143,台積電國票9B購03,0,0,0,0,0,0,0,0,0,10000,0,0,0,14000,4000,10000,10000
060220,華新科凱基9A購08,0,0,0,0,0,0,0,0,0,10000,0,0,0,11000,1000,10000,10000
058571,緯穎凱基9A購02  ,0,0,0,0,0,0,0,0,0,10000,0,0,0,69000,59000,10000,10000
058519,嘉澤元大99購01  ,0,0,0,0,0,0,0,0,0,10000,0,0,0,85000,75000,10000,10000
058540,嘉聯益國泰9A購02,0,0,0,0,0,0,0,0,0,10000,0,0,0,10000,0,10000,10000
060846,欣興國票9A購02  ,0,0,0,0,0,0,0,0,0,10000,0,0,0,10000,0,10000,10000
059405,台灣50國票01購01,0,0,0,0,0,0,0,0,0,10000,0,0,0,10000,0,10000,10000
059468,智邦元大99購02  ,0,0,0,0,0,0,0,0,0,10000,0,0,0,10000,0,10000,10000
060335,明泰康和9A購01  ,0,0,0,0,0,0,0,0,0,10000,0,0,0,10000,0,10000,10000
060655,國巨統一9B購06  ,0,0,0,0,0,0,0,0,0,10000,0,0,0,10000,0,10000,10000
064208,智邦凱基02購01  ,0,0,0,0,0,0,0,0,0,10000,0,0,0,53000,43000,10000,10000
064187,亞光永豐9C購01  ,0,0,0,0,0,0,0,0,0,10000,0,0,0,10000,0,10000,10000
064270,華通元大9C購03  ,0,0,0,0,0,0,0,0,0,10000,0,0,0,10000,0,10000,10000
064273,華邦電元大9C購02,0,0,0,0,0,0,0,0,0,10000,0,0,0,31000,21000,10000,10000
06445P,大立光凱基98售09,0,0,0,0,0,0,0,0,0,10000,0,0,0,10000,0,10000,10000
064575,鈺齊群益9C購01  ,0,0,0,0,0,0,0,0,0,10000,0,0,0,13000,3000,10000,10000
064706,嘉晶富邦01購01  ,0,0,0,0,0,0,0,0,0,10000,0,0,0,10000,0,10000,10000
064694,玉晶光群益02購02,0,0,0,0,0,0,0,0,0,10000,0,0,0,14000,4000,10000,10000
06472P,道瓊銀元大98售03,0,0,0,0,0,0,0,0,0,10000,0,0,0,10000,0,10000,10000
06475P,牧德永豐98售03  ,0,0,0,0,0,0,0,0,0,10000,0,0,0,10000,0,10000,10000
063645,瑞儀元大9B購02  ,0,0,0,0,0,0,0,0,0,10000,0,0,0,10000,0,10000,10000
063609,南電凱基9B購05  ,0,0,0,0,0,0,0,0,0,10000,0,0,0,10000,0,10000,10000
063728,國巨元大9B購21  ,0,0,0,0,0,0,0,0,0,10000,0,0,0,125000,115000,10000,10000
063755,上銀統一9C購03  ,0,0,0,0,0,0,0,0,0,10000,0,0,0,10000,0,10000,10000
064038,景碩台新9C購01  ,0,0,0,0,0,0,0,0,0,10000,0,0,0,10000,0,10000,10000
064167,緯穎統一01購03  ,0,0,0,0,0,0,0,0,0,10000,0,0,0,10000,0,10000,10000
064163,康控統一01購01  ,0,0,0,0,0,0,0,0,0,10000,0,0,0,10000,0,10000,10000
064135,復盛元大9C購01  ,0,0,0,0,0,0,0,0,0,10000,0,0,0,10000,0,10000,10000
063918,復盛凱基9C購01  ,0,0,0,0,0,0,0,0,0,10000,0,0,0,29000,19000,10000,10000
063967,華新科國票01購01,0,0,0,0,0,0,0,0,0,10000,0,0,0,10000,0,10000,10000
062584,鴻海統一9C購13  ,0,0,0,0,0,0,0,0,0,10000,0,0,0,10000,0,10000,10000
062615,亞德客元大9B購02,0,0,0,0,0,0,0,0,0,10000,0,0,0,10000,0,10000,10000
062652,上証2X永豐9B購01,0,0,0,0,0,0,0,0,0,10000,0,0,0,20000,10000,10000,10000
06263P,燿華凱基97售04  ,0,0,0,0,0,0,0,0,0,10000,0,0,0,10000,0,10000,10000
062552,南電永豐9B購01  ,0,0,0,0,0,0,0,0,0,10000,0,0,0,10000,0,10000,10000
062737,聯發科國票9B購03,0,0,0,0,0,0,0,0,0,10000,0,0,0,10000,0,10000,10000
062686,群創統一9C購03  ,0,0,0,0,0,0,0,0,0,10000,0,0,0,10000,0,10000,10000
062767,GIS凱基9B購02   ,0,0,0,0,0,0,0,0,0,10000,0,0,0,10000,0,10000,10000
062367,禾伸堂元大9B購02,0,0,0,0,0,0,0,0,0,10000,0,0,0,50000,40000,10000,10000
062368,聯詠元大9B購01  ,0,0,0,0,0,0,0,0,0,10000,0,0,0,21000,11000,10000,10000
062414,臻鼎中信01購01  ,0,0,0,0,0,0,0,0,0,10000,0,0,0,58000,48000,10000,10000
062441,華新科元大9C購01,0,0,0,0,0,0,0,0,0,10000,0,0,0,12000,2000,10000,10000
062169,禾伸堂永豐9B購01,0,0,0,0,0,0,0,0,0,10000,0,0,0,10000,0,10000,10000
062203,燿華國票9C購01  ,0,0,0,0,0,0,0,0,0,10000,0,0,0,28000,18000,10000,10000
062210,聯發科台新9B購01,0,0,0,0,0,0,0,0,0,10000,0,0,0,10000,0,10000,10000
062228,南六統一02購01  ,0,0,0,0,0,0,0,0,0,10000,0,0,0,100000,90000,10000,10000
062256,聯發科元大9B購08,0,0,0,0,0,0,0,0,0,10000,0,0,0,27000,17000,10000,10000
062303,台表科中信01購01,0,0,0,0,0,0,0,0,0,10000,0,0,0,30000,20000,10000,10000
063000,緯穎國票9B購03  ,0,0,0,0,0,0,0,0,0,10000,0,0,0,13000,3000,10000,10000
063037,聯發科凱基9C購02,0,0,0,0,0,0,0,0,0,10000,0,0,0,14000,4000,10000,10000
062981,祥碩元富9B購01  ,0,0,0,0,0,0,0,0,0,10000,0,0,0,10000,0,10000,10000
062945,世芯國泰01購01  ,0,0,0,0,0,0,0,0,0,10000,0,0,0,10000,0,10000,10000
063513,聯發科麥證9B購03,0,0,0,10000,0,10000,0,0,0,10000,0,0,0,10000,0,10000,10000
063471,泰鼎元大9C購01  ,0,0,0,0,0,0,0,0,0,10000,0,0,0,128000,118000,10000,10000
063456,T50反1元大9B購08,0,0,0,0,0,0,0,0,0,10000,0,0,0,10000,0,10000,10000
063243,聯發科元大9B購20,0,0,0,0,0,0,0,0,0,10000,0,0,0,10000,0,10000,10000
063345,嘉晶統一9C購02  ,0,0,0,0,0,0,0,0,0,10000,0,0,0,35000,25000,10000,10000
06332P,世紀鋼群益98售01,0,0,0,0,0,0,0,0,0,10000,0,0,0,10000,0,10000,10000
063316,聯發科群益9C購03,0,0,0,0,0,0,0,0,0,10000,0,0,0,10000,0,10000,10000
9927,泰銘            ,14000,4000,10000,0,0,0,0,0,0,0,0,0,0,0,0,0,10000
08423P,台積電統一9C售13,0,0,0,0,0,0,0,0,0,9000,0,0,0,139000,130000,9000,9000
08389P,技嘉國票9C售01  ,0,0,0,0,0,0,0,0,0,9000,0,0,0,60000,51000,9000,9000
1435,中福            ,11000,2000,9000,0,0,0,0,0,0,0,0,0,0,0,0,0,9000
1616,億泰            ,9000,0,9000,0,0,0,0,0,0,0,0,0,0,0,0,0,9000
1721,三晃            ,12000,3000,9000,0,0,0,0,0,0,0,0,0,0,0,0,0,9000
2706,第一店          ,26000,17000,9000,0,0,0,0,0,0,0,0,0,0,0,0,0,9000
064829,義隆統一01購02  ,0,0,0,0,0,0,0,0,0,9000,0,0,0,198000,189000,9000,9000
07421P,國泰金元大99售01,0,0,0,0,0,0,0,0,0,9000,0,0,0,9000,0,9000,9000
07164P,臺股指群益99售15,0,0,0,0,0,0,0,0,0,9000,0,0,0,79000,70000,9000,9000
07045P,上銀國票9A售01  ,0,0,0,0,0,0,0,0,0,9000,0,0,0,9000,0,9000,9000
060077,台積電台新9B購01,0,0,0,0,0,0,0,0,0,9000,0,0,0,10000,1000,9000,9000
060015,國巨康和99購03  ,0,0,0,0,0,0,0,0,0,9000,0,0,0,11000,2000,9000,9000
056330,玉晶光國票99購03,0,0,0,0,0,0,0,0,0,9000,0,0,0,23000,14000,9000,9000
056232,瑞儀凱基98購01  ,0,0,0,0,0,0,0,0,0,9000,0,0,0,209000,200000,9000,9000
057325,可成群益9A購01  ,0,0,0,0,0,0,0,0,0,9000,0,0,0,10000,1000,9000,9000
057817,景碩元大98購01  ,0,0,0,0,0,0,0,0,0,9000,0,0,0,12000,3000,9000,9000
045055,聯發科元富98購03,0,0,0,0,0,0,0,0,0,9000,0,0,0,9000,0,9000,9000
051466,玉晶光富邦97購01,0,0,0,0,0,0,0,0,0,9000,0,0,0,9000,0,9000,9000
051843,聯發科富邦99購01,0,0,0,0,0,0,0,0,0,9000,0,0,0,9000,0,9000,9000
055153,台光電元大98購02,0,0,0,0,0,0,0,0,0,9000,0,0,0,10000,1000,9000,9000
052095,彩晶元大97購01  ,0,0,0,0,0,0,0,0,0,9000,0,0,0,9000,0,9000,9000
053979,健策元大98購01  ,0,0,0,0,0,0,0,0,0,9000,0,0,0,9000,0,9000,9000
057547,技嘉凱基99購01  ,0,0,0,0,0,0,0,0,0,9000,0,0,0,105000,96000,9000,9000
056545,TPK凱基98購02   ,0,0,0,0,0,0,0,0,0,9000,0,0,0,15000,6000,9000,9000
053854,聯茂國泰97購02  ,0,0,0,0,0,0,0,0,0,9000,0,0,0,9000,0,9000,9000
053630,奇鋐兆豐97購01  ,0,0,0,0,0,0,0,0,0,9000,0,0,0,10000,1000,9000,9000
053798,台積電中信98購02,0,0,0,0,0,0,0,0,0,9000,0,0,0,29000,20000,9000,9000
058037,台灣50元大9B購02,0,0,0,0,0,0,0,0,0,9000,0,0,0,9000,0,9000,9000
058611,欣興元大99購06  ,0,0,0,0,0,0,0,0,0,9000,0,0,0,83000,74000,9000,9000
061696,南茂群益9A購01  ,0,0,0,0,0,0,0,0,0,9000,0,0,0,25000,16000,9000,9000
061967,旺宏統一01購04  ,0,0,0,0,0,0,0,0,0,9000,0,0,0,59000,50000,9000,9000
061859,勤誠國票9B購01  ,0,0,0,0,0,0,0,0,0,9000,0,0,0,21000,12000,9000,9000
061834,華新科凱基02購02,0,0,0,0,0,0,0,0,0,9000,0,0,0,50000,41000,9000,9000
058989,茂林凱基99購02  ,0,0,0,0,0,0,0,0,0,9000,0,0,0,15000,6000,9000,9000
058861,國巨凱基9A購08  ,0,0,0,0,0,0,0,0,0,9000,0,0,0,34000,25000,9000,9000
059628,智邦凱基99購04  ,0,0,0,0,0,0,0,0,0,9000,0,0,0,9000,0,9000,9000
063318,京鼎群益9C購02  ,0,0,0,0,0,0,0,0,0,9000,0,0,0,278000,269000,9000,9000
063494,金像電富邦9B購01,0,0,0,0,0,0,0,0,0,9000,0,0,0,40000,31000,9000,9000
063495,台光電富邦9C購01,0,0,0,0,0,0,0,0,0,9000,0,0,0,25000,16000,9000,9000
063407,泰鼎國票9C購01  ,0,0,0,0,0,0,0,0,0,9000,0,0,0,10000,1000,9000,9000
062815,聯發科兆豐9B購03,0,0,0,0,0,0,0,0,0,9000,0,0,0,9000,0,9000,9000
062649,緯穎富邦9B購03  ,0,0,0,0,0,0,0,0,0,9000,0,0,0,9000,0,9000,9000
064673,南茂元大9C購01  ,0,0,0,0,0,0,0,0,0,9000,0,0,0,54000,45000,9000,9000
064511,GIS元大9C購05   ,0,0,0,0,0,0,0,0,0,9000,0,0,0,9000,0,9000,9000
064213,大立光凱基03購01,0,0,0,0,0,0,0,0,0,9000,0,0,0,11000,2000,9000,9000
6172,互億            ,11000,4000,7000,0,0,0,0,0,0,2000,3000,1000,2000,0,0,0,9000
4912,聯德控股-KY     ,7000,1000,6000,0,0,0,0,0,0,3000,3000,0,3000,0,0,0,9000
07035P,大立光元富99售04,0,0,0,0,0,0,0,0,0,8000,0,0,0,42000,34000,8000,8000
06826P,臺股指國票98售02,0,0,0,0,0,0,0,0,0,8000,0,0,0,16000,8000,8000,8000
06827P,臺股指國票98售03,0,0,0,0,0,0,0,0,0,8000,0,0,0,8000,0,8000,8000
06906P,國巨國泰99售01  ,0,0,0,0,0,0,0,0,0,8000,0,0,0,54000,46000,8000,8000
07388P,臺股指群益9C售07,0,0,0,0,0,0,0,0,0,8000,0,0,0,8000,0,8000,8000
07246P,旺宏凱基99售08  ,0,0,0,0,0,0,0,0,0,8000,0,0,0,8000,0,8000,8000
07818P,台積電國票9C售01,0,0,0,0,0,0,0,0,0,8000,0,0,0,18000,10000,8000,8000
065221,神隆永豐9C購01  ,0,0,0,0,0,0,0,0,0,8000,0,0,0,16000,8000,8000,8000
2701,萬企            ,8000,0,8000,0,0,0,0,0,0,0,0,0,0,0,0,0,8000
2540,愛山林          ,11000,3000,8000,0,0,0,0,0,0,0,0,0,0,0,0,0,8000
2509,全坤建          ,9000,1000,8000,0,0,0,0,0,0,0,0,0,0,0,0,0,8000
3305,昇貿            ,11000,3000,8000,0,0,0,0,0,0,0,0,0,0,0,0,0,8000
3164,景岳            ,23000,15000,8000,0,0,0,0,0,0,0,0,0,0,0,0,0,8000
3002,歐格            ,9000,1000,8000,0,0,0,0,0,0,0,0,0,0,0,0,0,8000
1713,國化            ,8000,0,8000,0,0,0,0,0,0,0,0,0,0,0,0,0,8000
2010,春源            ,61000,53000,8000,0,0,0,0,0,0,0,0,0,0,0,0,0,8000
1454,台富            ,31000,19000,12000,0,0,0,0,0,0,-4000,0,4000,-4000,0,0,0,8000
1432,大魯閣          ,13000,5000,8000,0,0,0,0,0,0,0,0,0,0,0,0,0,8000
2428,興勤            ,79000,87000,-8000,0,0,0,0,0,0,16000,2000,1000,1000,18000,3000,15000,8000
2380,虹光            ,10000,2000,8000,0,0,0,0,0,0,0,0,0,0,0,0,0,8000
2358,廷鑫            ,5000,3000,2000,0,0,0,0,0,0,6000,10000,4000,6000,0,0,0,8000
08221P,台表科凱基9B售05,0,0,0,0,0,0,0,0,0,8000,0,0,0,9000,1000,8000,8000
08203P,同欣電永豐9B售04,0,0,0,0,0,0,0,0,0,8000,0,0,0,8000,0,8000,8000
08051P,臺股指國票9B售16,0,0,0,0,0,0,0,0,0,8000,0,0,0,9000,1000,8000,8000
07890P,南電國票9B售01  ,0,0,0,0,0,0,0,0,0,8000,0,0,0,48000,40000,8000,8000
053799,矽創中信9A購01  ,0,0,0,0,0,0,0,0,0,8000,0,0,0,20000,12000,8000,8000
054481,鎧勝中信96購01  ,0,0,0,0,0,0,0,0,0,8000,0,0,0,28000,20000,8000,8000
054632,緯穎凱基9A購01  ,0,0,0,0,0,0,0,0,0,8000,0,0,0,65000,57000,8000,8000
056461,樺漢凱基98購02  ,0,0,0,0,0,0,0,0,0,8000,0,0,0,93000,85000,8000,8000
050797,聯發科中信99購01,0,0,0,0,0,0,0,0,0,8000,0,0,0,8000,0,8000,8000
053387,緯創元大97購01  ,0,0,0,0,0,0,0,0,0,8000,0,0,0,15000,7000,8000,8000
03810P,大立光富邦98售01,0,0,0,0,0,0,0,0,0,8000,0,0,0,8000,0,8000,8000
052766,玉晶光群益9A購01,0,0,0,0,0,0,0,0,0,8000,0,0,0,8000,0,8000,8000
05268P,玉晶光元大98售01,0,0,0,0,0,0,0,0,0,8000,0,0,0,65000,57000,8000,8000
052367,聯茂國票96購02  ,0,0,0,0,0,0,0,0,0,8000,0,0,0,8000,0,8000,8000
00733,富邦臺灣中小    ,0,0,0,0,0,0,0,0,0,8000,0,0,0,225000,217000,8000,8000
057226,上銀凱基98購06  ,0,0,0,0,0,0,0,0,0,8000,0,0,0,12000,4000,8000,8000
056344,嘉晶凱基98購02  ,0,0,0,0,0,0,0,0,0,8000,0,0,0,8000,0,8000,8000
055973,亞德客統一97購01,0,0,0,0,0,0,0,0,0,8000,0,0,0,206000,198000,8000,8000
060019,彰銀康和99購01  ,0,0,0,0,0,0,0,0,0,8000,0,0,0,10000,2000,8000,8000
060275,元黃金元大9A購01,0,0,0,0,0,0,0,0,0,8000,0,0,0,8000,0,8000,8000
059177,臺股指凱基99購28,0,0,0,0,0,0,0,0,0,8000,0,0,0,9000,1000,8000,8000
059665,嘉聯益元大99購06,0,0,0,0,0,0,0,0,0,8000,0,0,0,8000,0,8000,8000
05793P,臺股指中信99售08,0,0,0,0,0,0,0,0,0,8000,0,0,0,8000,0,8000,8000
058009,智易國票99購01  ,0,0,0,0,0,0,0,0,0,8000,0,0,0,8000,0,8000,8000
058005,茂林群益98購04  ,0,0,0,0,0,0,0,0,0,8000,0,0,0,10000,2000,8000,8000
061489,高鐵兆豐9A購01  ,0,0,0,0,0,0,0,0,0,8000,0,0,0,133000,125000,8000,8000
060897,健策凱基9A購04  ,0,0,0,0,0,0,0,0,0,8000,0,0,0,15000,7000,8000,8000
060674,瑞昱元大9A購03  ,0,0,0,0,0,0,0,0,0,8000,0,0,0,41000,33000,8000,8000
059489,上証2X國票9A購01,0,0,0,0,0,0,0,0,0,8000,0,0,0,8000,0,8000,8000
060779,臺股指凱基9A購07,0,0,0,0,0,0,0,0,0,8000,0,0,0,24000,16000,8000,8000
059435,大立光元大99購17,0,0,0,0,0,0,0,0,0,8000,0,0,0,8000,0,8000,8000
058546,玉晶光富邦9B購01,0,0,0,0,0,0,0,0,0,8000,0,0,0,26000,18000,8000,8000
060164,合勤控永豐9A購01,0,0,0,0,0,0,0,0,0,8000,0,0,0,26000,18000,8000,8000
060162,碩天永豐9A購01  ,0,0,0,0,0,0,0,0,0,8000,0,0,0,10000,2000,8000,8000
059245,聯發科凱基9A購03,0,0,0,0,0,0,0,0,0,8000,0,0,0,8000,0,8000,8000
059803,S&P正2元富9B購03,0,0,0,0,0,0,0,0,0,8000,0,0,0,8000,0,8000,8000
059323,新日興元大99購02,0,0,0,0,0,0,0,0,0,8000,0,0,0,8000,0,8000,8000
063832,矽創國票01購01  ,0,0,0,0,0,0,0,0,0,8000,0,0,0,46000,38000,8000,8000
062527,美律統一01購01  ,0,0,0,0,0,0,0,0,0,8000,0,0,0,8000,0,8000,8000
062514,玉晶光國票9C購02,0,0,0,0,0,0,0,0,0,8000,0,0,0,8000,0,8000,8000
062768,南電凱基9B購04  ,0,0,0,0,0,0,0,0,0,8000,0,0,0,58000,50000,8000,8000
062726,華擎凱基9B購02  ,0,0,0,0,0,0,0,0,0,8000,0,0,0,8000,0,8000,8000
062720,南亞科凱基9B購03,0,0,0,0,0,0,0,0,0,8000,0,0,0,16000,8000,8000,8000
062265,南茂元大9B購01  ,0,0,0,0,0,0,0,0,0,8000,0,0,0,68000,60000,8000,8000
063483,致新元大9B購03  ,0,0,0,0,0,0,0,0,0,8000,0,0,0,204000,196000,8000,8000
063281,京元電元大9B購01,0,0,0,0,0,0,0,0,0,8000,0,0,0,61000,53000,8000,8000
5525,順天            ,8000,0,8000,0,0,0,0,0,0,0,0,0,0,0,0,0,8000
6128,上福            ,14000,6000,8000,0,0,0,0,0,0,0,0,0,0,0,0,0,8000
3622,洋華            ,20000,10000,10000,0,0,0,0,0,0,-2000,0,2000,-2000,0,0,0,8000
9802,鈺齊-KY         ,169000,134000,35000,0,0,0,132000,120000,12000,-39000,0,31000,-31000,8000,16000,-8000,8000
07946P,華通統一9B售02  ,0,0,0,0,0,0,0,0,0,7000,0,0,0,7000,0,7000,7000
08260P,大立光元大9C售08,0,0,0,0,0,0,0,0,0,7000,0,0,0,7000,0,7000,7000
2022,聚亨            ,49000,6000,43000,0,0,0,0,0,0,-36000,0,36000,-36000,0,0,0,7000
3033,威健            ,76000,68000,8000,0,0,0,0,0,0,-1000,0,1000,-1000,0,0,0,7000
3058,立德            ,10000,2000,8000,0,0,0,0,0,0,-1000,0,1000,-1000,0,0,0,7000
2468,華經            ,119000,112000,7000,0,0,0,0,0,0,0,1000,1000,0,0,0,0,7000
065329,億豐凱基9C購02  ,0,0,0,0,0,0,0,0,0,7000,0,0,0,7000,0,7000,7000
065379,立積元大01購01  ,0,0,0,0,0,0,0,0,0,7000,0,0,0,14000,7000,7000,7000
06585P,鴻海元大99售04  ,0,0,0,0,0,0,0,0,0,7000,0,0,0,26000,19000,7000,7000
065092,健鼎元大9C購02  ,0,0,0,0,0,0,0,0,0,7000,0,0,0,75000,68000,7000,7000
064983,力成元大9C購04  ,0,0,0,0,0,0,0,0,0,7000,0,0,0,7000,0,7000,7000
06647P,台積電元大98售13,0,0,0,0,0,0,0,0,0,7000,0,0,0,7000,0,7000,7000
060283,台肥元大9C購01  ,0,0,0,0,0,0,0,0,0,7000,0,0,0,109000,102000,7000,7000
060280,元金2X元大9A購01,0,0,0,0,0,0,0,0,0,7000,0,0,0,7000,0,7000,7000
060290,興富發元大9C購01,0,0,0,0,0,0,0,0,0,7000,0,0,0,12000,5000,7000,7000
060476,瑞祺元大9A購02  ,0,0,0,0,0,0,0,0,0,7000,0,0,0,109000,102000,7000,7000
055821,勤誠國票98購01  ,0,0,0,0,0,0,0,0,0,7000,0,0,0,7000,0,7000,7000
056408,奇鋐國票99購01  ,0,0,0,0,0,0,0,0,0,7000,0,0,0,20000,13000,7000,7000
056226,聯發科凱基97購10,0,0,0,0,0,0,0,0,0,7000,0,0,0,7000,0,7000,7000
056579,麗豐元大99購01  ,0,0,0,0,0,0,0,0,0,7000,0,0,0,337000,330000,7000,7000
00757,統一FANG+       ,0,0,0,0,0,0,0,0,0,7000,0,0,0,249000,242000,7000,7000
00763U,街口道瓊銅      ,0,0,0,0,0,0,0,0,0,7000,0,0,0,20000,13000,7000,7000
052522,聯發科元大96購05,0,0,0,0,0,0,0,0,0,7000,0,0,0,7000,0,7000,7000
053059,聯發科永昌99購01,0,0,0,0,0,0,0,0,0,7000,0,0,0,10000,3000,7000,7000
055232,泰碩國票98購01  ,0,0,0,0,0,0,0,0,0,7000,0,0,0,118000,111000,7000,7000
051485,玉晶光凱基97購02,0,0,0,0,0,0,0,0,0,7000,0,0,0,101000,94000,7000,7000
049200,元黃金群益98購01,0,0,0,0,0,0,0,0,0,7000,0,0,0,10000,3000,7000,7000
057532,智原元大98購03  ,0,0,0,0,0,0,0,0,0,7000,0,0,0,38000,31000,7000,7000
054576,健策元大98購03  ,0,0,0,0,0,0,0,0,0,7000,0,0,0,7000,0,7000,7000
054821,貿聯元大9A購01  ,0,0,0,0,0,0,0,0,0,7000,0,0,0,7000,0,7000,7000
054826,復盛元大9A購01  ,0,0,0,0,0,0,0,0,0,7000,0,0,0,8000,1000,7000,7000
054872,瀚宇博群益98購01,0,0,0,0,0,0,0,0,0,7000,0,0,0,7000,0,7000,7000
06055P,華通凱基97售04  ,0,0,0,0,0,0,0,0,0,7000,0,0,0,7000,0,7000,7000
058434,旺宏統一9B購01  ,0,0,0,0,0,0,0,0,0,7000,0,0,0,10000,3000,7000,7000
058520,智易元大99購03  ,0,0,0,0,0,0,0,0,0,7000,0,0,0,32000,25000,7000,7000
058572,百和凱基9A購01  ,0,0,0,0,0,0,0,0,0,7000,0,0,0,10000,3000,7000,7000
060789,禾伸堂富邦9B購02,0,0,0,0,0,0,0,0,0,7000,0,0,0,7000,0,7000,7000
060922,金像電永豐9A購01,0,0,0,0,0,0,0,0,0,7000,0,0,0,7000,0,7000,7000
061732,智邦中信9B購01  ,0,0,0,0,0,0,0,0,0,7000,0,0,0,7000,0,7000,7000
061931,力山國票9B購02  ,0,0,0,0,0,0,0,0,0,7000,0,0,0,7000,0,7000,7000
061922,瑞昱凱基9B購01  ,0,0,0,0,0,0,0,0,0,7000,0,0,0,51000,44000,7000,7000
058997,鴻海元大99購21  ,0,0,0,0,0,0,0,0,0,7000,0,0,0,10000,3000,7000,7000
059041,南茂群益99購02  ,0,0,0,0,0,0,0,0,0,7000,0,0,0,7000,0,7000,7000
063028,巨大元大9B購02  ,0,0,0,0,0,0,0,0,0,7000,0,0,0,81000,74000,7000,7000
063001,巨大國票9B購01  ,0,0,0,0,0,0,0,0,0,7000,0,0,0,10000,3000,7000,7000
062306,華通凱基9B購01  ,0,0,0,0,0,0,0,0,0,7000,0,0,0,7000,0,7000,7000
062722,京元電凱基9B購02,0,0,0,0,0,0,0,0,0,7000,0,0,0,27000,20000,7000,7000
062762,聯詠凱基9B購02  ,0,0,0,0,0,0,0,0,0,7000,0,0,0,57000,50000,7000,7000
06259P,臺股指群益97售12,0,0,0,0,0,0,0,0,0,7000,0,0,0,20000,13000,7000,7000
063742,道瓊指國票9C購01,0,0,0,0,0,0,0,0,0,7000,0,0,0,17000,10000,7000,7000
063673,GIS統一9C購02   ,0,0,0,0,0,0,0,0,0,7000,0,0,0,37000,30000,7000,7000
064012,泰碩國票01購02  ,0,0,0,0,0,0,0,0,0,7000,0,0,0,76000,69000,7000,7000
064025,友達元大02購01  ,0,0,0,0,0,0,0,0,0,7000,0,0,0,132000,125000,7000,7000
064276,聯發科元大9C購07,0,0,0,0,0,0,0,0,0,7000,0,0,0,28000,21000,7000,7000
064328,華通元大9C購04  ,0,0,0,0,0,0,0,0,0,7000,0,0,0,12000,5000,7000,7000
064332,聯發科元大01購01,0,0,0,0,0,0,0,0,0,7000,0,0,0,247000,240000,7000,7000
064497,可成元大01購02  ,0,0,0,0,0,0,0,0,0,7000,0,0,0,11000,4000,7000,7000
064701,巨大群益9C購02  ,0,0,0,0,0,0,0,0,0,7000,0,0,0,38000,31000,7000,7000
8201,無敵            ,11000,4000,7000,0,0,0,0,0,0,0,0,0,0,0,0,0,7000
6464,台數科          ,9000,2000,7000,0,0,0,0,0,0,0,0,0,0,0,0,0,7000
4148,全宇生技-KY     ,102000,95000,7000,0,0,0,0,0,0,0,0,0,0,0,0,0,7000
9937,全國            ,8000,1000,7000,0,0,0,0,0,0,0,0,0,0,0,0,0,7000
06729P,聯詠元大98售03  ,0,0,0,0,0,0,0,0,0,6000,0,0,0,6000,0,6000,6000
06904P,TPK凱基98售03   ,0,0,0,0,0,0,0,0,0,6000,0,0,0,6000,0,6000,6000
07103P,南電元大99售04  ,0,0,0,0,0,0,0,0,0,6000,0,0,0,6000,0,6000,6000
07765P,台積電群益9A售06,0,0,0,0,0,0,0,0,0,6000,0,0,0,6000,0,6000,6000
07642P,華通凱基9A售05  ,0,0,0,0,0,0,0,0,0,6000,0,0,0,6000,0,6000,6000
064803,智邦元大9C購05  ,0,0,0,0,0,0,0,0,0,6000,0,0,0,8000,2000,6000,6000
06481P,台積電凱基98售12,0,0,0,0,0,0,0,0,0,6000,0,0,0,6000,0,6000,6000
065335,玉晶光台新9C購03,0,0,0,0,0,0,0,0,0,6000,0,0,0,7000,1000,6000,6000
065264,亞光元大9C購02  ,0,0,0,0,0,0,0,0,0,6000,0,0,0,19000,13000,6000,6000
3167,大量            ,6000,0,6000,0,0,0,0,0,0,0,0,0,0,0,0,0,6000
3494,誠研            ,7000,1000,6000,0,0,0,0,0,0,0,0,0,0,0,0,0,6000
2017,官田鋼          ,51000,45000,6000,0,0,0,0,0,0,0,0,0,0,0,0,0,6000
2002A,中鋼特          ,0,0,0,0,0,0,0,0,0,6000,6000,0,6000,0,0,0,6000
1805,寶徠            ,8000,2000,6000,0,0,0,0,0,0,0,0,0,0,0,0,0,6000
1568,倉佑            ,10000,4000,6000,0,0,0,0,0,0,0,0,0,0,0,0,0,6000
1603,華電            ,13000,7000,6000,0,0,0,0,0,0,0,0,0,0,0,0,0,6000
08193P,同欣電國票9C售02,0,0,0,0,0,0,0,0,0,6000,0,0,0,43000,37000,6000,6000
08139P,華新科元大9B售12,0,0,0,0,0,0,0,0,0,6000,0,0,0,10000,4000,6000,6000
08098P,大立光凱基9B售09,0,0,0,0,0,0,0,0,0,6000,0,0,0,6000,0,6000,6000
1413,宏洲            ,33000,27000,6000,0,0,0,0,0,0,0,0,0,0,0,0,0,6000
08310P,南電凱基9C售01  ,0,0,0,0,0,0,0,0,0,6000,0,0,0,10000,4000,6000,6000
054551,聯發科凱基98購02,0,0,0,0,0,0,0,0,0,6000,0,0,0,16000,10000,6000,6000
055534,晶技群益97購03  ,0,0,0,0,0,0,0,0,0,6000,0,0,0,6000,0,6000,6000
057507,貿聯國票98購02  ,0,0,0,0,0,0,0,0,0,6000,0,0,0,106000,100000,6000,6000
057129,聯發科凱基99購03,0,0,0,0,0,0,0,0,0,6000,0,0,0,6000,0,6000,6000
057596,聯茂兆豐99購01  ,0,0,0,0,0,0,0,0,0,6000,0,0,0,6000,0,6000,6000
051907,台積電元大97購05,0,0,0,0,0,0,0,0,0,6000,0,0,0,6000,0,6000,6000
053396,漢唐中信9A購01  ,0,0,0,0,0,0,0,0,0,6000,0,0,0,28000,22000,6000,6000
052856,滬深2X凱基98購01,0,0,0,0,0,0,0,0,0,6000,0,0,0,6000,0,6000,6000
052437,聯發科富邦99購02,0,0,0,0,0,0,0,0,0,6000,0,0,0,8000,2000,6000,6000
056768,宏達電元大99購03,0,0,0,0,0,0,0,0,0,6000,0,0,0,164000,158000,6000,6000
055805,矽力永豐97購01  ,0,0,0,0,0,0,0,0,0,6000,0,0,0,6000,0,6000,6000
057816,欣興元大98購13  ,0,0,0,0,0,0,0,0,0,6000,0,0,0,100000,94000,6000,6000
057779,禾伸堂群益98購02,0,0,0,0,0,0,0,0,0,6000,0,0,0,6000,0,6000,6000
056004,南電永豐97購02  ,0,0,0,0,0,0,0,0,0,6000,0,0,0,26000,20000,6000,6000
056551,台郡凱基98購04  ,0,0,0,0,0,0,0,0,0,6000,0,0,0,6000,0,6000,6000
057708,臺股指群益98購08,0,0,0,0,0,0,0,0,0,6000,0,0,0,6000,0,6000,6000
057718,旺宏元富02購02  ,0,0,0,0,0,0,0,0,0,6000,0,0,0,16000,10000,6000,6000
056291,聯茂永豐97購03  ,0,0,0,0,0,0,0,0,0,6000,0,0,0,15000,9000,6000,6000
055957,瑞昱元大97購06  ,0,0,0,0,0,0,0,0,0,6000,0,0,0,6000,0,6000,6000
057877,神達元大99購01  ,0,0,0,0,0,0,0,0,0,6000,0,0,0,56000,50000,6000,6000
059063,康控凱基99購04  ,0,0,0,0,0,0,0,0,0,6000,0,0,0,8000,2000,6000,6000
058725,美律富邦9A購01  ,0,0,0,0,0,0,0,0,0,6000,0,0,0,6000,0,6000,6000
059887,華新科國票99購02,0,0,0,0,0,0,0,0,0,6000,0,0,0,16000,10000,6000,6000
061368,南六國票9A購01  ,0,0,0,0,0,0,0,0,0,6000,0,0,0,23000,17000,6000,6000
058820,致茂國泰9B購01  ,0,0,0,0,0,0,0,0,0,6000,0,0,0,6000,0,6000,6000
061871,瑞昱元大9B購01  ,0,0,0,0,0,0,0,0,0,6000,0,0,0,36000,30000,6000,6000
061781,台積電群益9C購01,0,0,0,0,0,0,0,0,0,6000,0,0,0,20000,14000,6000,6000
061504,祥碩國票9A購02  ,0,0,0,0,0,0,0,0,0,6000,0,0,0,6000,0,6000,6000
061425,華新科元大9A購19,0,0,0,0,0,0,0,0,0,6000,0,0,0,7000,1000,6000,6000
061545,華新科群益9A購09,0,0,0,0,0,0,0,0,0,6000,0,0,0,145000,139000,6000,6000
061279,鴻海統一9C購04  ,0,0,0,0,0,0,0,0,0,6000,0,0,0,10000,4000,6000,6000
058615,矽創元大99購01  ,0,0,0,0,0,0,0,0,0,6000,0,0,0,140000,134000,6000,6000
061070,超眾凱基9C購01  ,0,0,0,0,0,0,0,0,0,6000,0,0,0,16000,10000,6000,6000
058331,鴻海元富99購02  ,0,0,0,0,0,0,0,0,0,6000,0,0,0,6000,0,6000,6000
058322,玉晶光永豐99購02,0,0,0,0,0,0,0,0,0,6000,0,0,0,6000,0,6000,6000
058566,聯發科凱基9A購02,0,0,0,0,0,0,0,0,0,6000,0,0,0,6000,0,6000,6000
060658,台灣50凱基01購04,0,0,0,0,0,0,0,0,0,6000,0,0,0,6000,0,6000,6000
060163,健策永豐9B購01  ,0,0,0,0,0,0,0,0,0,6000,0,0,0,6000,0,6000,6000
060217,國巨凱基9A購10  ,0,0,0,0,0,0,0,0,0,6000,0,0,0,6000,0,6000,6000
064554,儒鴻群益9C購01  ,0,0,0,0,0,0,0,0,0,6000,0,0,0,16000,10000,6000,6000
063890,正隆群益9C購01  ,0,0,0,0,0,0,0,0,0,6000,0,0,0,82000,76000,6000,6000
063642,茂林元大9B購08  ,0,0,0,0,0,0,0,0,0,6000,0,0,0,230000,224000,6000,6000
063745,喬山國票9C購01  ,0,0,0,0,0,0,0,0,0,6000,0,0,0,35000,29000,6000,6000
063724,亞德客元大9B購03,0,0,0,0,0,0,0,0,0,6000,0,0,0,16000,10000,6000,6000
063657,茂林元富9B購04  ,0,0,0,0,0,0,0,0,0,6000,0,0,0,6000,0,6000,6000
062522,同欣電元大9B購02,0,0,0,0,0,0,0,0,0,6000,0,0,0,26000,20000,6000,6000
062545,嘉晶永豐9B購01  ,0,0,0,0,0,0,0,0,0,6000,0,0,0,11000,5000,6000,6000
062344,力山群益9B購02  ,0,0,0,0,0,0,0,0,0,6000,0,0,0,6000,0,6000,6000
062924,世紀鋼元大9C購04,0,0,0,0,0,0,0,0,0,6000,0,0,0,6000,0,6000,6000
063094,玉晶光國票01購03,0,0,0,0,0,0,0,0,0,6000,0,0,0,6000,0,6000,6000
063468,聯詠元大9B購04  ,0,0,0,0,0,0,0,0,0,6000,0,0,0,22000,16000,6000,6000
063377,泰鼎永豐9B購03  ,0,0,0,0,0,0,0,0,0,6000,0,0,0,6000,0,6000,6000
4571,鈞興-KY         ,6000,0,6000,0,0,0,0,0,0,0,0,0,0,0,0,0,6000
08292P,華新科台新9C售01,0,0,0,0,0,0,0,0,0,5000,0,0,0,20000,15000,5000,5000
08286P,大立光凱基9C售04,0,0,0,0,0,0,0,0,0,5000,0,0,0,5000,0,5000,5000
07932P,國巨元大9B售04  ,0,0,0,0,0,0,0,0,0,5000,0,0,0,5000,0,5000,5000
07903P,台積電群益9B售03,0,0,0,0,0,0,0,0,0,5000,0,0,0,40000,35000,5000,5000
07853P,國巨凱基9A售19  ,0,0,0,0,0,0,0,0,0,5000,0,0,0,5000,0,5000,5000
1726,永記            ,6000,1000,5000,0,0,0,0,0,0,0,0,0,0,0,0,0,5000
2397,友通            ,6000,1000,5000,0,0,0,0,0,0,0,0,0,0,0,0,0,5000
2904,匯僑            ,10000,5000,5000,0,0,0,0,0,0,0,1000,1000,0,0,0,0,5000
2881B,富邦金乙特      ,0,0,0,0,0,0,0,0,0,5000,5000,0,5000,0,0,0,5000
06515P,國巨凱基98售06  ,0,0,0,0,0,0,0,0,0,5000,0,0,0,5000,0,5000,5000
064990,世紀鋼元大01購01,0,0,0,0,0,0,0,0,0,5000,0,0,0,5000,0,5000,5000
065037,緯穎統一02購02  ,0,0,0,0,0,0,0,0,0,5000,0,0,0,20000,15000,5000,5000
065014,南電國泰01購01  ,0,0,0,0,0,0,0,0,0,5000,0,0,0,5000,0,5000,5000
065133,SP黃豆凱基02購01,0,0,0,0,0,0,0,0,0,5000,0,0,0,5000,0,5000,5000
07794P,智邦國票9A售03  ,0,0,0,0,0,0,0,0,0,5000,0,0,0,5000,0,5000,5000
07287P,全新群益9B售01  ,0,0,0,0,0,0,0,0,0,5000,0,0,0,5000,0,5000,5000
07291P,臺股指凱基99售43,0,0,0,0,0,0,0,0,0,5000,0,0,0,5000,0,5000,5000
07530P,聯發科凱基9A售11,0,0,0,0,0,0,0,0,0,5000,0,0,0,5000,0,5000,5000
06998P,S&P正2中信9B售01,0,0,0,0,0,0,0,0,0,5000,0,0,0,5000,0,5000,5000
07006P,旺宏統一9B售03  ,0,0,0,0,0,0,0,0,0,5000,0,0,0,5000,0,5000,5000
06720P,智邦亞東99售01  ,0,0,0,0,0,0,0,0,0,5000,0,0,0,5000,0,5000,5000
06758P,鴻海元大98售10  ,0,0,0,0,0,0,0,0,0,5000,0,0,0,5000,0,5000,5000
06776P,鴻海元大99售05  ,0,0,0,0,0,0,0,0,0,5000,0,0,0,5000,0,5000,5000
06675P,國巨國票99售02  ,0,0,0,0,0,0,0,0,0,5000,0,0,0,5000,0,5000,5000
057882,華通群益9A購03  ,0,0,0,0,0,0,0,0,0,5000,0,0,0,5000,0,5000,5000
056904,大立光元大99購05,0,0,0,0,0,0,0,0,0,5000,0,0,0,5000,0,5000,5000
055924,深中小群益9B購01,0,0,0,0,0,0,0,0,0,5000,0,0,0,5000,0,5000,5000
056314,力成元大97購01  ,0,0,0,0,0,0,0,0,0,5000,0,0,0,73000,68000,5000,5000
056325,群創兆豐9A購01  ,0,0,0,0,0,0,0,0,0,5000,0,0,0,5000,0,5000,5000
056185,全新統一98購01  ,0,0,0,0,0,0,0,0,0,5000,0,0,0,5000,0,5000,5000
056193,聯發科富邦99購08,0,0,0,0,0,0,0,0,0,5000,0,0,0,5000,0,5000,5000
056171,鴻海元富97購10  ,0,0,0,0,0,0,0,0,0,5000,0,0,0,5000,0,5000,5000
056335,微星凱基98購01  ,0,0,0,0,0,0,0,0,0,5000,0,0,0,5000,0,5000,5000
056362,聯發科元大99購01,0,0,0,0,0,0,0,0,0,5000,0,0,0,5000,0,5000,5000
060500,鴻海元大9A購12  ,0,0,0,0,0,0,0,0,0,5000,0,0,0,5000,0,5000,5000
060286,佳世達元大9C購01,0,0,0,0,0,0,0,0,0,5000,0,0,0,38000,33000,5000,5000
057916,國巨凱基98購13  ,0,0,0,0,0,0,0,0,0,5000,0,0,0,5000,0,5000,5000
057446,旺宏元富02購01  ,0,0,0,0,0,0,0,0,0,5000,0,0,0,5000,0,5000,5000
057220,鈺齊群益98購01  ,0,0,0,0,0,0,0,0,0,5000,0,0,0,5000,0,5000,5000
057276,全新元大99購03  ,0,0,0,0,0,0,0,0,0,5000,0,0,0,15000,10000,5000,5000
057339,群創國票99購02  ,0,0,0,0,0,0,0,0,0,5000,0,0,0,5000,0,5000,5000
057834,聯發科元富02購07,0,0,0,0,0,0,0,0,0,5000,0,0,0,5000,0,5000,5000
056127,致新國票98購02  ,0,0,0,0,0,0,0,0,0,5000,0,0,0,5000,0,5000,5000
056762,亞德客元大98購01,0,0,0,0,0,0,0,0,0,5000,0,0,0,15000,10000,5000,5000
056704,健策國泰99購01  ,0,0,0,0,0,0,0,0,0,5000,0,0,0,5000,0,5000,5000
056615,燿華永豐98購02  ,0,0,0,0,0,0,0,0,0,5000,0,0,0,5000,0,5000,5000
056662,臺股指元大9A購09,0,0,0,0,0,0,0,0,0,5000,0,0,0,5000,0,5000,5000
052468,超眾統一96購02  ,0,0,0,0,0,0,0,0,0,5000,0,0,0,5000,0,5000,5000
052853,友達日盛99購01  ,0,0,0,0,0,0,0,0,0,5000,0,0,0,5000,0,5000,5000
052805,晶技元大97購01  ,0,0,0,0,0,0,0,0,0,5000,0,0,0,5000,0,5000,5000
052940,玉晶光兆豐97購01,0,0,0,0,0,0,0,0,0,5000,0,0,0,5000,0,5000,5000
036628,統一台新99購01  ,0,0,0,0,0,0,0,0,0,5000,0,0,0,5000,0,5000,5000
02001L,富邦蘋果正二N   ,0,0,0,0,0,0,0,0,0,5000,0,0,0,8000,3000,5000,5000
00742,新光內需收益    ,0,0,0,0,0,0,0,0,0,5000,70000,70000,0,196000,191000,5000,5000
053293,聯發科中信9B購01,0,0,0,0,0,0,0,0,0,5000,0,0,0,12000,7000,5000,5000
055416,欣興富邦98購01  ,0,0,0,0,0,0,0,0,0,5000,0,0,0,5000,0,5000,5000
053485,矽創國票97購04  ,0,0,0,0,0,0,0,0,0,5000,0,0,0,5000,0,5000,5000
052090,聯發科元大97購03,0,0,0,0,0,0,0,0,0,5000,0,0,0,25000,20000,5000,5000
052076,可成元富98購01  ,0,0,0,0,0,0,0,0,0,5000,0,0,0,5000,0,5000,5000
055124,建準兆豐97購01  ,0,0,0,0,0,0,0,0,0,5000,0,0,0,25000,20000,5000,5000
055189,台虹統一97購01  ,0,0,0,0,0,0,0,0,0,5000,0,0,0,5000,0,5000,5000
048179,臻鼎富邦97購01  ,0,0,0,0,0,0,0,0,0,5000,0,0,0,5000,0,5000,5000
050786,健策國泰96購01  ,0,0,0,0,0,0,0,0,0,5000,0,0,0,5000,0,5000,5000
050142,聯發科元富9A購01,0,0,0,0,0,0,0,0,0,5000,0,0,0,5000,0,5000,5000
051269,康友富邦97購01  ,0,0,0,0,0,0,0,0,0,5000,0,0,0,5000,0,5000,5000
057086,立積統一9C購01  ,0,0,0,0,0,0,0,0,0,5000,0,0,0,6000,1000,5000,5000
057546,台積電凱基02購01,0,0,0,0,0,0,0,0,0,5000,0,0,0,5000,0,5000,5000
056482,貿聯元大99購01  ,0,0,0,0,0,0,0,0,0,5000,0,0,0,5000,0,5000,5000
054160,華泰凱基98購01  ,0,0,0,0,0,0,0,0,0,5000,0,0,0,5000,0,5000,5000
055507,樺漢元大98購02  ,0,0,0,0,0,0,0,0,0,5000,0,0,0,5000,0,5000,5000
055541,聚陽凱基98購01  ,0,0,0,0,0,0,0,0,0,5000,0,0,0,105000,100000,5000,5000
053764,A50正2富邦99購01,0,0,0,0,0,0,0,0,0,5000,0,0,0,5000,0,5000,5000
054493,同欣電台新96購01,0,0,0,0,0,0,0,0,0,5000,0,0,0,5000,0,5000,5000
054267,上銀第一96購01  ,0,0,0,0,0,0,0,0,0,5000,0,0,0,5000,0,5000,5000
054678,麗豐台新98購02  ,0,0,0,0,0,0,0,0,0,5000,0,0,0,5000,0,5000,5000
054844,華邦電兆豐98購01,0,0,0,0,0,0,0,0,0,5000,0,0,0,5000,0,5000,5000
054909,福懋科康和97購01,0,0,0,0,0,0,0,0,0,5000,0,0,0,5000,0,5000,5000
055071,群電永豐97購01  ,0,0,0,0,0,0,0,0,0,5000,0,0,0,5000,0,5000,5000
060125,強茂永豐99購01  ,0,0,0,0,0,0,0,0,0,5000,0,0,0,20000,15000,5000,5000
058439,玉晶光統一01購02,0,0,0,0,0,0,0,0,0,5000,0,0,0,7000,2000,5000,5000
058447,玉晶光富邦9A購02,0,0,0,0,0,0,0,0,0,5000,0,0,0,5000,0,5000,5000
060546,旺宏凱基9A購02  ,0,0,0,0,0,0,0,0,0,5000,0,0,0,5000,0,5000,5000
059790,立積元大9C購02  ,0,0,0,0,0,0,0,0,0,5000,0,0,0,10000,5000,5000,5000
059830,台郡凱基99購05  ,0,0,0,0,0,0,0,0,0,5000,0,0,0,5000,0,5000,5000
058510,全新元大9B購02  ,0,0,0,0,0,0,0,0,0,5000,0,0,0,5000,0,5000,5000
059401,牧德元富99購01  ,0,0,0,0,0,0,0,0,0,5000,0,0,0,5000,0,5000,5000
059459,訊芯永豐99購04  ,0,0,0,0,0,0,0,0,0,5000,0,0,0,50000,45000,5000,5000
058215,貿聯群益99購02  ,0,0,0,0,0,0,0,0,0,5000,0,0,0,5000,0,5000,5000
058663,瑞儀兆豐9A購01  ,0,0,0,0,0,0,0,0,0,5000,0,0,0,5000,0,5000,5000
058073,大立光凱基99購04,0,0,0,0,0,0,0,0,0,5000,0,0,0,50000,45000,5000,5000
061271,聯茂凱基9A購04  ,0,0,0,0,0,0,0,0,0,5000,0,0,0,60000,55000,5000,5000
061298,華新科富邦01購02,0,0,0,0,0,0,0,0,0,5000,0,0,0,5000,0,5000,5000
061282,台積電統一9C購06,0,0,0,0,0,0,0,0,0,5000,0,0,0,8000,3000,5000,5000
061343,大立光元大9A購04,0,0,0,0,0,0,0,0,0,5000,0,0,0,5000,0,5000,5000
061246,玉晶光群益9A購08,0,0,0,0,0,0,0,0,0,5000,0,0,0,15000,10000,5000,5000
060977,亞德客元大9A購04,0,0,0,0,0,0,0,0,0,5000,0,0,0,5000,0,5000,5000
060992,健策元大9A購05  ,0,0,0,0,0,0,0,0,0,5000,0,0,0,5000,0,5000,5000
061604,台光電凱基9B購01,0,0,0,0,0,0,0,0,0,5000,0,0,0,5000,0,5000,5000
061778,元金2X群益9B購02,0,0,0,0,0,0,0,0,0,5000,0,0,0,5000,0,5000,5000
061707,超眾國票9B購01  ,0,0,0,0,0,0,0,0,0,5000,0,0,0,5000,0,5000,5000
061689,國巨群益9A購12  ,0,0,0,0,0,0,0,0,0,5000,0,0,0,87000,82000,5000,5000
061614,亞德客群益9A購01,0,0,0,0,0,0,0,0,0,5000,0,0,0,5000,0,5000,5000
061893,鴻海永豐9B購01  ,0,0,0,0,0,0,0,0,0,5000,0,0,0,5000,0,5000,5000
062071,華通元大9B購02  ,0,0,0,0,0,0,0,0,0,5000,0,0,0,17000,12000,5000,5000
062024,臺股指中信9C購05,0,0,0,0,0,0,0,0,0,5000,0,0,0,5000,0,5000,5000
058783,臺股指國票99購02,0,0,0,0,0,0,0,0,0,5000,0,0,0,6000,1000,5000,5000
059192,臺股指富邦9C購01,0,0,0,0,0,0,0,0,0,5000,0,0,0,5000,0,5000,5000
061375,華通永豐9A購02  ,0,0,0,0,0,0,0,0,0,5000,0,0,0,5000,0,5000,5000
059660,華新科元大9A購04,0,0,0,0,0,0,0,0,0,5000,0,0,0,10000,5000,5000,5000
059866,國巨凱基99購18  ,0,0,0,0,0,0,0,0,0,5000,0,0,0,5000,0,5000,5000
058693,旭富國票9A購01  ,0,0,0,0,0,0,0,0,0,5000,0,0,0,5000,0,5000,5000
058958,台表科國票9A購03,0,0,0,0,0,0,0,0,0,5000,0,0,0,5000,0,5000,5000
063338,國巨統一9C購11  ,0,0,0,0,0,0,0,0,0,5000,0,0,0,5000,0,5000,5000
063011,台積電元大9C購01,0,0,0,0,0,0,0,0,0,5000,0,0,0,5000,0,5000,5000
062266,世紀鋼元大9B購02,0,0,0,0,0,0,0,0,0,5000,0,0,0,5000,0,5000,5000
062146,大毅國票9B購01  ,0,0,0,0,0,0,0,0,0,5000,0,0,0,42000,37000,5000,5000
062835,瑞儀群益9B購01  ,0,0,0,0,0,0,0,0,0,5000,0,0,0,5000,0,5000,5000
062842,臺股指群益9B購09,0,0,0,0,0,0,0,0,0,5000,0,0,0,5000,0,5000,5000
063681,深中小永豐9B購01,0,0,0,0,0,0,0,0,0,5000,0,0,0,5000,0,5000,5000
063759,義隆統一9C購01  ,0,0,0,0,0,0,0,0,0,5000,0,0,0,5000,0,5000,5000
063762,緯穎統一9C購01  ,0,0,0,0,0,0,0,0,0,5000,0,0,0,5000,0,5000,5000
063663,台光電統一9C購01,0,0,0,0,0,0,0,0,0,5000,0,0,0,233000,228000,5000,5000
06407P,創意元富97售02  ,0,0,0,0,0,0,0,0,0,5000,0,0,0,5000,0,5000,5000
064084,群創中信06購02  ,0,0,0,0,0,0,0,0,0,5000,0,0,0,5000,0,5000,5000
06405P,億光元富97售02  ,0,0,0,0,0,0,0,0,0,5000,0,0,0,5000,0,5000,5000
064166,和潤統一02購01  ,0,0,0,0,0,0,0,0,0,5000,0,0,0,52000,47000,5000,5000
064731,台郡統一01購02  ,0,0,0,0,0,0,0,0,0,5000,0,0,0,5000,0,5000,5000
064464,台郡統一01購01  ,0,0,0,0,0,0,0,0,0,5000,0,0,0,5000,0,5000,5000
5284,jpp-KY          ,5000,0,5000,0,0,0,0,0,0,0,1000,1000,0,0,0,0,5000
06892P,聯鈞元富98售01  ,0,0,0,0,0,0,0,0,0,4000,0,0,0,4000,0,4000,4000
07010P,T50正2凱基9C售01,0,0,0,0,0,0,0,0,0,4000,0,0,0,4000,0,4000,4000
06988P,鴻海元富99售09  ,0,0,0,0,0,0,0,0,0,4000,0,0,0,4000,0,4000,4000
07428P,華新科國票9A售01,0,0,0,0,0,0,0,0,0,4000,0,0,0,4000,0,4000,4000
07760P,力山永豐9A售03  ,0,0,0,0,0,0,0,0,0,4000,0,0,0,4000,0,4000,4000
064845,華通元富9C購02  ,0,0,0,0,0,0,0,0,0,4000,0,0,0,5000,1000,4000,4000
06516P,國巨凱基98售08  ,0,0,0,0,0,0,0,0,0,4000,0,0,0,4000,0,4000,4000
2901,欣欣            ,4000,0,4000,0,0,0,0,0,0,0,0,0,0,0,0,0,4000
2491,吉祥全          ,4000,0,4000,0,0,0,0,0,0,0,0,0,0,0,0,0,4000
3308,聯德            ,6000,2000,4000,0,0,0,0,0,0,0,0,0,0,0,0,0,4000
3011,今皓            ,12000,8000,4000,0,0,0,0,0,0,0,0,0,0,0,0,0,4000
2443,億麗            ,4000,0,4000,0,0,0,0,0,0,0,0,0,0,0,0,0,4000
2032,新鋼            ,4000,0,4000,0,0,0,0,0,0,0,0,0,0,0,0,0,4000
1727,中華化          ,4000,0,4000,0,0,0,0,0,0,0,0,0,0,0,0,0,4000
1539,巨庭            ,4000,0,4000,0,0,0,0,0,0,0,0,0,0,0,0,0,4000
1530,亞崴            ,3000,0,3000,0,0,0,0,0,0,1000,1000,0,1000,0,0,0,4000
1524,耿鼎            ,8000,3000,5000,0,0,0,0,0,0,-1000,0,1000,-1000,0,0,0,4000
07884P,華新科凱基9B售08,0,0,0,0,0,0,0,0,0,4000,0,0,0,24000,20000,4000,4000
08178P,南亞科元大9B售01,0,0,0,0,0,0,0,0,0,4000,0,0,0,4000,0,4000,4000
08362P,國巨凱基02售01  ,0,0,0,0,0,0,0,0,0,4000,0,0,0,9000,5000,4000,4000
08449P,華新科群益9C售03,0,0,0,0,0,0,0,0,0,4000,0,0,0,4000,0,4000,4000
1236,宏亞            ,5000,1000,4000,0,0,0,0,0,0,0,0,0,0,0,0,0,4000
08481P,臺股指凱基9C售19,0,0,0,0,0,0,0,0,0,4000,0,0,0,10000,6000,4000,4000
054965,健策元大98購04  ,0,0,0,0,0,0,0,0,0,4000,0,0,0,4000,0,4000,4000
054276,國巨群益96購07  ,0,0,0,0,0,0,0,0,0,4000,0,0,0,4000,0,4000,4000
054260,貿聯元大96購03  ,0,0,0,0,0,0,0,0,0,4000,0,0,0,4000,0,4000,4000
055717,聯發科元大97購19,0,0,0,0,0,0,0,0,0,4000,0,0,0,4000,0,4000,4000
057566,欣興富邦99購01  ,0,0,0,0,0,0,0,0,0,4000,0,0,0,4000,0,4000,4000
057491,美食元大98購03  ,0,0,0,0,0,0,0,0,0,4000,0,0,0,4000,0,4000,4000
057501,超眾群益98購04  ,0,0,0,0,0,0,0,0,0,4000,0,0,0,33000,29000,4000,4000
035275,台積電台新97購01,0,0,0,0,0,0,0,0,0,4000,0,0,0,4000,0,4000,4000
053627,宏碁兆豐97購01  ,0,0,0,0,0,0,0,0,0,4000,0,0,0,4000,0,4000,4000
00700,富邦恒生國企    ,0,0,0,0,0,0,0,0,0,4000,0,0,0,243000,239000,4000,4000
00681R,元大美債20反1   ,3000,0,3000,0,0,0,0,0,0,1000,0,0,0,1000,0,1000,4000
00656R,國泰中國A50反1  ,0,0,0,0,0,0,0,0,0,4000,0,10000,-10000,112000,98000,14000,4000
045053,聯發科元富98購01,0,0,0,0,0,0,0,0,0,4000,0,0,0,4000,0,4000,4000
053045,國巨中信97購01  ,0,0,0,0,0,0,0,0,0,4000,0,0,0,4000,0,4000,4000
03027X,元展24          ,0,0,0,0,0,0,0,0,0,4000,0,0,0,4000,0,4000,4000
055742,健策元富97購02  ,0,0,0,0,0,0,0,0,0,4000,0,0,0,4000,0,4000,4000
056164,聯茂凱基98購03  ,0,0,0,0,0,0,0,0,0,4000,0,0,0,18000,14000,4000,4000
055996,矽力國泰99購01  ,0,0,0,0,0,0,0,0,0,4000,0,0,0,4000,0,4000,4000
055989,矽力元富9A購01  ,0,0,0,0,0,0,0,0,0,4000,0,0,0,4000,0,4000,4000
057786,聯發科國票98購05,0,0,0,0,0,0,0,0,0,4000,0,0,0,4000,0,4000,4000
057812,友達元大9A購05  ,0,0,0,0,0,0,0,0,0,4000,0,0,0,7000,3000,4000,4000
057292,國巨國泰9B購01  ,0,0,0,0,0,0,0,0,0,4000,0,0,0,14000,10000,4000,4000
057188,佐登元大98購01  ,0,0,0,0,0,0,0,0,0,4000,0,0,0,4000,0,4000,4000
057411,臺股指群益99購05,0,0,0,0,0,0,0,0,0,4000,0,0,0,10000,6000,4000,4000
057640,台積電元大98購16,0,0,0,0,0,0,0,0,0,4000,0,0,0,9000,5000,4000,4000
056981,全新群益99購03  ,0,0,0,0,0,0,0,0,0,4000,0,0,0,4000,0,4000,4000
06050P,玉晶光國票98售01,0,0,0,0,0,0,0,0,0,4000,0,0,0,58000,54000,4000,4000
060011,臺股指群益9C購06,0,0,0,0,0,0,0,0,0,4000,0,0,0,5000,1000,4000,4000
056379,玉晶光元富98購01,0,0,0,0,0,0,0,0,0,4000,0,0,0,4000,0,4000,4000
056277,上銀富邦99購02  ,0,0,0,0,0,0,0,0,0,4000,0,0,0,4000,0,4000,4000
056865,樺漢群益98購01  ,0,0,0,0,0,0,0,0,0,4000,0,0,0,4000,0,4000,4000
057857,牧德國票99購01  ,0,0,0,0,0,0,0,0,0,4000,0,0,0,4000,0,4000,4000
059055,旺宏凱基9B購02  ,0,0,0,0,0,0,0,0,0,4000,0,0,0,4000,0,4000,4000
058950,國巨群益99購06  ,0,0,0,0,0,0,0,0,0,4000,0,0,0,78000,74000,4000,4000
057988,鈺齊元富98購02  ,0,0,0,0,0,0,0,0,0,4000,0,0,0,15000,11000,4000,4000
059169,可成凱基99購04  ,0,0,0,0,0,0,0,0,0,4000,0,0,0,5000,1000,4000,4000
059155,台表科日盛99購01,0,0,0,0,0,0,0,0,0,4000,0,0,0,10000,6000,4000,4000
058813,旺宏統一9B購04  ,0,0,0,0,0,0,0,0,0,4000,0,0,0,4000,0,4000,4000
058803,世紀鋼元大99購03,0,0,0,0,0,0,0,0,0,4000,0,0,0,4000,0,4000,4000
059631,京元電凱基99購02,0,0,0,0,0,0,0,0,0,4000,0,0,0,20000,16000,4000,4000
062005,旺宏國泰01購01  ,0,0,0,0,0,0,0,0,0,4000,0,0,0,4000,0,4000,4000
062115,臺股指國票9B購09,0,0,0,0,0,0,0,0,0,4000,0,0,0,4000,0,4000,4000
061870,智邦元大9B購02  ,0,0,0,0,0,0,0,0,0,4000,0,0,0,24000,20000,4000,4000
061908,台積電中信05購01,0,0,0,0,0,0,0,0,0,4000,0,0,0,10000,6000,4000,4000
061874,義隆元大9B購02  ,0,0,0,0,0,0,0,0,0,4000,0,0,0,5000,1000,4000,4000
061957,上銀統一01購01  ,0,0,0,0,0,0,0,0,0,4000,0,0,0,4000,0,4000,4000
061777,臺指反群益9B購01,0,0,0,0,0,0,0,0,0,4000,0,0,0,4000,0,4000,4000
060961,台光電凱基9A購03,0,0,0,0,0,0,0,0,0,4000,0,0,0,4000,0,4000,4000
058599,T50反1元大99購05,0,0,0,0,0,0,0,0,0,4000,0,0,0,4000,0,4000,4000
058632,世紀鋼國票9A購01,0,0,0,0,0,0,0,0,0,4000,0,0,0,14000,10000,4000,4000
058220,世芯國票9A購01  ,0,0,0,0,0,0,0,0,0,4000,0,0,0,4000,0,4000,4000
058535,玉晶光統一9A購06,0,0,0,0,0,0,0,0,0,4000,0,0,0,4000,0,4000,4000
060345,聯發科統一9B購05,0,0,0,0,0,0,0,0,0,4000,0,0,0,4000,0,4000,4000
059822,聯發科凱基99購19,0,0,0,0,0,0,0,0,0,4000,0,0,0,4000,0,4000,4000
060624,玉晶光元大9C購02,0,0,0,0,0,0,0,0,0,4000,0,0,0,12000,8000,4000,4000
059212,鴻海元大99購28  ,0,0,0,0,0,0,0,0,0,4000,0,0,0,4000,0,4000,4000
059263,瑞昱中信01購01  ,0,0,0,0,0,0,0,0,0,4000,0,0,0,4000,0,4000,4000
064435,聯發科凱基02購03,0,0,0,0,0,0,0,0,0,4000,0,0,0,21000,17000,4000,4000
06463P,大立光富邦9A售01,0,0,0,0,0,0,0,0,0,4000,0,0,0,4000,0,4000,4000
063577,台表科元大9C購04,0,0,0,0,0,0,0,0,0,4000,0,0,0,150000,146000,4000,4000
063587,漢唐永豐9B購02  ,0,0,0,0,0,0,0,0,0,4000,0,0,0,21000,17000,4000,4000
063827,國巨國票02購01  ,0,0,0,0,0,0,0,0,0,4000,0,0,0,64000,60000,4000,4000
062486,瑞昱富邦9B購01  ,0,0,0,0,0,0,0,0,0,4000,0,0,0,54000,50000,4000,4000
062400,晶豪科永豐9B購02,0,0,0,0,0,0,0,0,0,4000,0,0,0,4000,0,4000,4000
063041,貿聯凱基9B購01  ,0,0,0,0,0,0,0,0,0,4000,0,0,0,52000,48000,4000,4000
063211,道瓊銀國票9B購01,0,0,0,0,0,0,0,0,0,4000,0,0,0,5000,1000,4000,4000
4755,三福化          ,4000,0,4000,0,0,0,0,0,0,0,0,0,0,0,0,0,4000
6243,迅杰            ,19000,15000,4000,0,0,0,0,0,0,0,0,0,0,0,0,0,4000
8131,福懋科          ,80000,74000,6000,0,0,0,0,0,0,-2000,5000,4000,1000,0,3000,-3000,4000
6715,嘉基            ,74000,78000,-4000,0,0,0,8000,0,8000,0,0,0,0,0,0,0,4000
8374,羅昇            ,18000,13000,5000,0,0,0,0,0,0,-1000,1000,2000,-1000,0,0,0,4000
9926,新海            ,4000,0,4000,0,0,0,0,0,0,0,0,0,0,0,0,0,4000
08530P,鴻海統一9C售19  ,0,0,0,0,0,0,0,0,0,3000,0,0,0,93000,90000,3000,3000
08233P,國泰金元富9B售01,0,0,0,0,0,0,0,0,0,3000,0,0,0,3000,0,3000,3000
1521,大億            ,8000,5000,3000,0,0,0,0,0,0,0,0,0,0,0,0,0,3000
1533,車王電          ,5000,2000,3000,0,0,0,0,0,0,0,0,0,0,0,0,0,3000
2069,運錩            ,3000,0,3000,0,0,0,0,0,0,0,0,0,0,0,0,0,3000
2438,翔耀            ,3000,0,3000,0,0,0,0,0,0,0,0,0,0,0,0,0,3000
2440,太空梭          ,3000,0,3000,0,0,0,0,0,0,0,0,0,0,0,0,0,3000
3593,力銘            ,3000,0,3000,0,0,0,0,0,0,0,0,0,0,0,0,0,3000
2630,亞航            ,3000,0,3000,0,0,0,0,0,0,0,0,0,0,0,0,0,3000
2838A,聯邦銀甲特      ,0,0,0,0,0,0,0,0,0,3000,3000,0,3000,0,0,0,3000
064974,燿華元大9C購03  ,0,0,0,0,0,0,0,0,0,3000,0,0,0,3000,0,3000,3000
07472P,和碩元大9A售03  ,0,0,0,0,0,0,0,0,0,3000,0,0,0,3000,0,3000,3000
07293P,臺股指凱基99售45,0,0,0,0,0,0,0,0,0,3000,0,0,0,8000,5000,3000,3000
07026P,超眾凱基99售03  ,0,0,0,0,0,0,0,0,0,3000,0,0,0,20000,17000,3000,3000
07071P,立積元富99售01  ,0,0,0,0,0,0,0,0,0,3000,0,0,0,121000,118000,3000,3000
07181P,臺股指凱基99售23,0,0,0,0,0,0,0,0,0,3000,0,0,0,10000,7000,3000,3000
057861,台積電凱基98購16,0,0,0,0,0,0,0,0,0,3000,0,0,0,3000,0,3000,3000
056290,正文永豐98購01  ,0,0,0,0,0,0,0,0,0,3000,0,0,0,3000,0,3000,3000
056173,廣達元富97購01  ,0,0,0,0,0,0,0,0,0,3000,0,0,0,3000,0,3000,3000
060492,元黃金元富9A購01,0,0,0,0,0,0,0,0,0,3000,0,0,0,3000,0,3000,3000
060480,億豐元大9A購02  ,0,0,0,0,0,0,0,0,0,3000,0,0,0,3000,0,3000,3000
060031,旭富永豐99購02  ,0,0,0,0,0,0,0,0,0,3000,0,0,0,3000,0,3000,3000
057413,臺股指群益9C購04,0,0,0,0,0,0,0,0,0,3000,0,0,0,7000,4000,3000,3000
057437,可成國票99購01  ,0,0,0,0,0,0,0,0,0,3000,0,0,0,33000,30000,3000,3000
056133,可成元大97購05  ,0,0,0,0,0,0,0,0,0,3000,0,0,0,91000,88000,3000,3000
04590P,元石油元大97售01,0,0,0,0,0,0,0,0,0,3000,0,0,0,3000,0,3000,3000
00736,國泰新興市場    ,69000,0,69000,0,0,0,0,0,0,-66000,0,0,0,376000,442000,-66000,3000
055176,大毅統一98購02  ,0,0,0,0,0,0,0,0,0,3000,0,0,0,60000,57000,3000,3000
03421B,臺股指元大99熊01,0,0,0,0,0,0,0,0,0,3000,0,0,0,3000,0,3000,3000
051218,聯發科元富9B購02,0,0,0,0,0,0,0,0,0,3000,0,0,0,3000,0,3000,3000
050014,國巨富邦98購01  ,0,0,0,0,0,0,0,0,0,3000,0,0,0,3000,0,3000,3000
057638,上銀元大99購01  ,0,0,0,0,0,0,0,0,0,3000,0,0,0,47000,44000,3000,3000
055714,智邦元大97購03  ,0,0,0,0,0,0,0,0,0,3000,0,0,0,3000,0,3000,3000
054421,臺股指元大99購03,0,0,0,0,0,0,0,0,0,3000,0,0,0,3000,0,3000,3000
055094,智易群益98購01  ,0,0,0,0,0,0,0,0,0,3000,0,0,0,3000,0,3000,3000
054710,東元元富97購01  ,0,0,0,0,0,0,0,0,0,3000,0,0,0,3000,0,3000,3000
054588,玉晶光國泰99購02,0,0,0,0,0,0,0,0,0,3000,0,0,0,13000,10000,3000,3000
054574,美律元大99購01  ,0,0,0,0,0,0,0,0,0,3000,0,0,0,3000,0,3000,3000
058482,祥碩凱基99購02  ,0,0,0,0,0,0,0,0,0,3000,0,0,0,3000,0,3000,3000
060235,瑞昱元大9A購01  ,0,0,0,0,0,0,0,0,0,3000,0,0,0,3000,0,3000,3000
059833,緯穎康和99購01  ,0,0,0,0,0,0,0,0,0,3000,0,0,0,3000,0,3000,3000
059733,緯穎元大99購08  ,0,0,0,0,0,0,0,0,0,3000,0,0,0,4000,1000,3000,3000
060765,世芯元大9A購01  ,0,0,0,0,0,0,0,0,0,3000,0,0,0,3000,0,3000,3000
060664,聯詠凱基9A購01  ,0,0,0,0,0,0,0,0,0,3000,0,0,0,13000,10000,3000,3000
06074P,台積電凱基98售04,0,0,0,0,0,0,0,0,0,3000,0,0,0,3000,0,3000,3000
058547,世紀鋼富邦9A購01,0,0,0,0,0,0,0,0,0,3000,0,0,0,25000,22000,3000,3000
059341,台積電凱基99購15,0,0,0,0,0,0,0,0,0,3000,0,0,0,3000,0,3000,3000
059327,南茂元大99購01  ,0,0,0,0,0,0,0,0,0,3000,0,0,0,3000,0,3000,3000
059336,台灣50凱基9A購02,0,0,0,0,0,0,0,0,0,3000,0,0,0,3000,0,3000,3000
059415,台灣50元大9A購03,0,0,0,0,0,0,0,0,0,3000,0,0,0,8000,5000,3000,3000
058249,緯穎元大99購04  ,0,0,0,0,0,0,0,0,0,3000,0,0,0,88000,85000,3000,3000
058617,南電元大99購01  ,0,0,0,0,0,0,0,0,0,3000,0,0,0,10000,7000,3000,3000
061076,台達電兆豐9A購01,0,0,0,0,0,0,0,0,0,3000,0,0,0,3000,0,3000,3000
061003,南亞科兆豐9A購01,0,0,0,0,0,0,0,0,0,3000,0,0,0,3000,0,3000,3000
061529,國巨台新9A購02  ,0,0,0,0,0,0,0,0,0,3000,0,0,0,4000,1000,3000,3000
061496,華新科國票9A購07,0,0,0,0,0,0,0,0,0,3000,0,0,0,33000,30000,3000,3000
061891,力山永豐9B購01  ,0,0,0,0,0,0,0,0,0,3000,0,0,0,3000,0,3000,3000
059626,台積電凱基01購01,0,0,0,0,0,0,0,0,0,3000,0,0,0,3000,0,3000,3000
059645,祥碩凱基99購05  ,0,0,0,0,0,0,0,0,0,3000,0,0,0,3000,0,3000,3000
058698,華通元大99購05  ,0,0,0,0,0,0,0,0,0,3000,0,0,0,3000,0,3000,3000
058727,嘉晶富邦9A購01  ,0,0,0,0,0,0,0,0,0,3000,0,0,0,3000,0,3000,3000
059526,鴻海凱基99購12  ,0,0,0,0,0,0,0,0,0,3000,0,0,0,3000,0,3000,3000
058956,健策國票9A購02  ,0,0,0,0,0,0,0,0,0,3000,0,0,0,27000,24000,3000,3000
063405,聯發科國票9C購03,0,0,0,0,0,0,0,0,0,3000,0,0,0,3000,0,3000,3000
063142,奇力新統一9C購04,0,0,0,0,0,0,0,0,0,3000,0,0,0,77000,74000,3000,3000
063200,瑞昱統一9C購01  ,0,0,0,0,0,0,0,0,0,3000,0,0,0,68000,65000,3000,3000
062440,聯發科元大9B購11,0,0,0,0,0,0,0,0,0,3000,0,0,0,3000,0,3000,3000
062339,瑞昱麥證9C購01  ,0,0,0,16000,8000,8000,0,0,0,3000,0,0,0,16000,13000,3000,3000
062335,茂林統一01購01  ,0,0,0,0,0,0,0,0,0,3000,0,0,0,3000,0,3000,3000
062155,國巨凱基9C購03  ,0,0,0,0,0,0,0,0,0,3000,0,0,0,13000,10000,3000,3000
062559,嘉晶凱基9B購02  ,0,0,0,0,0,0,0,0,0,3000,0,0,0,4000,1000,3000,3000
062711,台表科元大9B購05,0,0,0,0,0,0,0,0,0,3000,0,0,0,35000,32000,3000,3000
062700,台光電元大9B購05,0,0,0,0,0,0,0,0,0,3000,0,0,0,3000,0,3000,3000
063526,台光電凱基9B購04,0,0,0,0,0,0,0,0,0,3000,0,0,0,3000,0,3000,3000
063989,大立光永豐9C購01,0,0,0,0,0,0,0,0,0,3000,0,0,0,3000,0,3000,3000
063937,上銀元大9C購02  ,0,0,0,0,0,0,0,0,0,3000,0,0,0,3000,0,3000,3000
064690,台光電群益9C購02,0,0,0,0,0,0,0,0,0,3000,0,0,0,68000,65000,3000,3000
8940,新天地          ,12000,9000,3000,0,0,0,0,0,0,0,0,0,0,0,0,0,3000
4557,永新-KY         ,6000,3000,3000,0,0,0,0,0,0,0,0,0,0,0,0,0,3000
07000P,T50反1元大99售03,0,0,0,0,0,0,0,0,0,2000,0,0,0,2000,0,2000,2000
06948P,FBVIX元大01售02 ,0,0,0,0,0,0,0,0,0,2000,0,0,0,2000,0,2000,2000
06902P,聯電凱基98售02  ,0,0,0,0,0,0,0,0,0,2000,0,0,0,152000,150000,2000,2000
06861P,台積電國票99售08,0,0,0,0,0,0,0,0,0,2000,0,0,0,12000,10000,2000,2000
06673P,大立光群益98售01,0,0,0,0,0,0,0,0,0,2000,0,0,0,2000,0,2000,2000
07748P,茂林凱基9A售04  ,0,0,0,0,0,0,0,0,0,2000,0,0,0,2000,0,2000,2000
06497P,大立光凱基98售11,0,0,0,0,0,0,0,0,0,2000,0,0,0,2000,0,2000,2000
065018,台達電富邦03購01,0,160000,-160000,0,0,0,0,0,0,162000,0,0,0,409000,247000,162000,2000
065086,可成元大01購04  ,0,0,0,0,0,0,0,0,0,2000,0,0,0,76000,74000,2000,2000
065094,新日興元大9C購04,0,0,0,0,0,0,0,0,0,2000,0,0,0,132000,130000,2000,2000
065286,瑞昱群益9C購03  ,0,0,0,0,0,0,0,0,0,2000,0,0,0,2000,0,2000,2000
065369,瑞昱元大9C購01  ,0,0,0,0,0,0,0,0,0,2000,0,0,0,12000,10000,2000,2000
2722,夏都            ,19000,9000,10000,0,0,0,0,0,0,-8000,0,8000,-8000,0,0,0,2000
2483,百容            ,4000,2000,2000,0,0,0,0,0,0,0,0,0,0,0,0,0,2000
2539,櫻花建          ,26000,24000,2000,0,0,0,0,0,0,0,0,0,0,0,0,0,2000
2373,震旦行          ,3000,1000,2000,0,0,0,0,0,0,0,0,0,0,0,0,0,2000
2033,佳大            ,2000,0,2000,0,0,0,0,0,0,0,0,0,0,0,0,0,2000
2227,裕日車          ,26000,24000,2000,0,0,0,0,0,0,0,0,0,0,0,0,0,2000
1441,大東            ,13000,11000,2000,0,0,0,0,0,0,0,0,0,0,0,0,0,2000
1443,立益            ,2000,0,2000,0,0,0,0,0,0,0,0,0,0,0,0,0,2000
1468,昶和            ,2000,0,2000,0,0,0,0,0,0,0,0,0,0,0,0,0,2000
1725,元禎            ,3000,1000,2000,0,0,0,0,0,0,0,0,0,0,0,0,0,2000
2008,高興昌          ,2000,0,2000,0,0,0,0,0,0,0,0,0,0,0,0,0,2000
1101B,台泥乙特        ,0,1000,-1000,0,0,0,0,0,0,3000,3000,0,3000,0,0,0,2000
1410,南染            ,5000,2000,3000,0,0,0,0,0,0,-1000,0,1000,-1000,0,0,0,2000
1323,永裕            ,6000,1000,5000,0,0,0,0,0,0,-3000,0,3000,-3000,0,0,0,2000
1235,興泰            ,2000,0,2000,0,0,0,0,0,0,0,0,0,0,0,0,0,2000
054572,國巨元大98購03  ,0,0,0,0,0,0,0,0,0,2000,0,0,0,2000,0,2000,2000
054871,明泰群益98購01  ,0,0,0,0,0,0,0,0,0,2000,0,0,0,2000,0,2000,2000
054428,禾伸堂富邦98購01,0,0,0,0,0,0,0,0,0,2000,0,0,0,2000,0,2000,2000
055556,奇力新凱基98購03,0,0,0,0,0,0,0,0,0,2000,0,0,0,2000,0,2000,2000
051423,GIS國票97購01   ,0,0,0,0,0,0,0,0,0,2000,0,0,0,2000,0,2000,2000
051486,玉晶光凱基97購03,0,0,0,0,0,0,0,0,0,2000,0,0,0,6000,4000,2000,2000
051503,玉晶光統一97購01,0,0,0,0,0,0,0,0,0,2000,0,0,0,2000,0,2000,2000
055136,聯發科富邦99購06,0,0,0,0,0,0,0,0,0,2000,0,0,0,2000,0,2000,2000
053560,漢唐國泰98購01  ,0,0,0,0,0,0,0,0,0,2000,0,0,0,20000,18000,2000,2000
053484,國巨國票97購03  ,0,0,0,0,0,0,0,0,0,2000,0,0,0,2000,0,2000,2000
05546P,全新元大97售01  ,0,0,0,0,0,0,0,0,0,2000,0,0,0,2000,0,2000,2000
055338,GIS兆豐97購01   ,0,0,0,0,0,0,0,0,0,2000,0,0,0,2000,0,2000,2000
053292,美律中信98購01  ,0,0,0,0,0,0,0,0,0,2000,0,0,0,2000,0,2000,2000
053345,欣興國票97購02  ,0,0,0,0,0,0,0,0,0,2000,0,0,0,2000,0,2000,2000
055229,大毅國票97購02  ,0,0,0,0,0,0,0,0,0,2000,0,0,0,4000,2000,2000,2000
053190,聯發科統一99購01,0,0,0,0,0,0,0,0,0,2000,0,0,0,2000,0,2000,2000
053226,國巨台新97購02  ,0,0,0,0,0,0,0,0,0,2000,0,0,0,2000,0,2000,2000
042752,台灣50元大96購03,0,0,0,0,0,0,0,0,0,2000,0,0,0,8000,6000,2000,2000
047211,華新科富邦99購01,0,0,0,0,0,0,0,0,0,2000,0,0,0,7000,5000,2000,2000
047969,台達電富邦97購01,0,0,0,0,0,0,0,0,0,2000,0,0,0,2000,0,2000,2000
046476,鴻海統一96購01  ,0,0,0,0,0,0,0,0,0,2000,0,0,0,2000,0,2000,2000
03677C,臺股指元大05牛02,0,0,0,0,0,0,0,0,0,2000,0,0,0,2000,0,2000,2000
052640,台表科凱基97購01,0,0,0,0,0,0,0,0,0,2000,0,0,0,2000,0,2000,2000
052698,深中小國票99購01,0,0,0,0,0,0,0,0,0,2000,0,0,0,5000,3000,2000,2000
052968,燿華群益98購01  ,0,0,0,0,0,0,0,0,0,2000,0,0,0,23000,21000,2000,2000
052919,鈺齊富邦98購01  ,0,0,0,0,0,0,0,0,0,2000,0,0,0,2000,0,2000,2000
052885,高鐵兆豐98購01  ,0,0,0,0,0,0,0,0,0,2000,0,0,0,12000,10000,2000,2000
056011,矽力中信99購01  ,0,0,0,0,0,0,0,0,0,2000,0,0,0,2000,0,2000,2000
057791,可成統一99購01  ,0,0,0,0,0,0,0,0,0,2000,0,0,0,2000,0,2000,2000
057751,神達國票99購02  ,0,0,0,0,0,0,0,0,0,2000,0,0,0,7000,5000,2000,2000
056752,國巨兆豐98購02  ,0,0,0,0,0,0,0,0,0,2000,0,0,0,2000,0,2000,2000
056603,嘉聯益國泰9A購01,0,0,0,0,0,0,0,0,0,2000,0,0,0,2000,0,2000,2000
056554,GIS凱基99購01   ,0,0,0,0,0,0,0,0,0,2000,0,0,0,204000,202000,2000,2000
056565,欣興群益98購03  ,0,0,0,0,0,0,0,0,0,2000,0,0,0,2000,0,2000,2000
057651,矽力元大98購03  ,0,0,0,0,0,0,0,0,0,2000,0,0,0,2000,0,2000,2000
057670,欣興元大99購02  ,0,0,0,0,0,0,0,0,0,2000,0,0,0,109000,107000,2000,2000
057223,富邦金日盛99購01,0,0,0,0,0,0,0,0,0,2000,0,0,0,2000,0,2000,2000
057280,大立光元大98購15,0,0,0,0,0,0,0,0,0,2000,0,0,0,2000,0,2000,2000
057240,茂林凱基9A購01  ,0,0,0,0,0,0,0,0,0,2000,0,0,0,2000,0,2000,2000
057366,智邦元大98購08  ,0,0,0,0,0,0,0,0,0,2000,0,0,0,3000,1000,2000,2000
060009,南亞科群益99購03,0,0,0,0,0,0,0,0,0,2000,0,0,0,2000,0,2000,2000
056281,深中小永豐97購01,0,0,0,0,0,0,0,0,0,2000,0,0,0,2000,0,2000,2000
056313,聯茂元大98購01  ,0,0,0,0,0,0,0,0,0,2000,0,0,0,2000,0,2000,2000
055831,台達電元大97購01,0,0,0,0,0,0,0,0,0,2000,0,0,0,2000,0,2000,2000
058673,華新科群益9A購02,0,0,0,0,0,0,0,0,0,2000,0,0,0,92000,90000,2000,2000
058020,大立光凱基99購03,0,0,0,0,0,0,0,0,0,2000,0,0,0,2000,0,2000,2000
059863,和大凱基99購01  ,0,0,0,0,0,0,0,0,0,2000,0,0,0,2000,0,2000,2000
058823,聯發科富邦9C購01,0,0,0,0,0,0,0,0,0,2000,0,0,0,2000,0,2000,2000
060529,聯發科中信9A購04,0,0,0,0,0,0,0,0,0,2000,0,0,0,2000,0,2000,2000
059151,臺股指國票99購14,0,0,0,0,0,0,0,0,0,2000,0,0,0,2000,0,2000,2000
059197,可成永豐99購02  ,0,0,0,0,0,0,0,0,0,2000,0,0,0,12000,10000,2000,2000
059127,國巨中信99購04  ,0,0,0,0,0,0,0,0,0,2000,0,0,0,2000,0,2000,2000
061861,臺股指國票9B購05,0,0,0,0,0,0,0,0,0,2000,0,0,0,2000,0,2000,2000
061840,長榮航凱基9C購01,0,0,0,0,0,0,0,0,0,2000,0,0,0,5000,3000,2000,2000
061916,元金2X凱基02購01,0,0,0,0,0,0,0,0,0,2000,0,0,0,5000,3000,2000,2000
062106,華邦電國票9B購02,0,0,0,0,0,0,0,0,0,2000,0,0,0,42000,40000,2000,2000
062075,智邦元大9B購03  ,0,0,0,0,0,0,0,0,0,2000,0,0,0,12000,10000,2000,2000
061430,致新元大9A購01  ,0,0,0,0,0,0,0,0,0,2000,0,0,0,18000,16000,2000,2000
061530,智邦台新9A購02  ,0,0,0,0,0,0,0,0,0,2000,0,0,0,2000,0,2000,2000
061540,台積電群益9A購07,0,0,0,0,0,0,0,0,0,2000,0,0,0,2000,0,2000,2000
061567,華通元大9A購11  ,0,0,0,0,0,0,0,0,0,2000,0,0,0,15000,13000,2000,2000
061738,聯發科凱基9B購04,0,0,0,0,0,0,0,0,0,2000,0,0,0,5000,3000,2000,2000
061607,台表科凱基9B購02,0,0,0,0,0,0,0,0,0,2000,0,0,0,104000,102000,2000,2000
060985,聯發科元大9A購06,0,0,0,0,0,0,0,0,0,2000,0,0,0,2000,0,2000,2000
061148,道瓊反群益9A購02,0,0,0,0,0,0,0,0,0,2000,0,0,0,2000,0,2000,2000
061268,玉晶光凱基9B購04,0,0,0,0,0,0,0,0,0,2000,0,0,0,15000,13000,2000,2000
058201,華通凱基9A購01  ,0,0,0,0,0,0,0,0,0,2000,0,0,0,2000,0,2000,2000
060526,台積電中信9A購02,0,0,0,0,0,0,0,0,0,2000,0,0,0,3000,1000,2000,2000
059346,新日興凱基99購03,0,0,0,0,0,0,0,0,0,2000,0,0,0,12000,10000,2000,2000
060746,玉晶光國票9B購02,0,0,0,0,0,0,0,0,0,2000,0,0,0,2000,0,2000,2000
060729,國巨群益9A購05  ,0,0,0,0,0,0,0,0,0,2000,0,0,0,12000,10000,2000,2000
060702,玉晶光國泰9C購02,0,0,0,0,0,0,0,0,0,2000,0,0,0,2000,0,2000,2000
060681,華擎元大9A購02  ,0,0,0,0,0,0,0,0,0,2000,0,0,0,27000,25000,2000,2000
060761,南亞科元大9A購05,0,0,0,0,0,0,0,0,0,2000,0,0,0,12000,10000,2000,2000
059286,S&P正2元富01購03,0,0,0,0,0,0,0,0,0,2000,0,0,0,2000,0,2000,2000
059783,旺宏元大99購17  ,0,0,0,0,0,0,0,0,0,2000,0,0,0,12000,10000,2000,2000
064730,超眾統一02購02  ,0,0,0,0,0,0,0,0,0,2000,0,0,0,261000,259000,2000,2000
064720,長榮航統一02購01,0,0,0,0,0,0,0,0,0,2000,0,0,0,2000,0,2000,2000
064657,和大元大9C購02  ,0,0,0,0,0,0,0,0,0,2000,0,0,0,50000,48000,2000,2000
063879,台積電元富9C購01,0,0,0,0,0,0,0,0,0,2000,0,0,0,2000,0,2000,2000
063911,大立光凱基9C購03,0,0,0,0,0,0,0,0,0,2000,0,0,0,2000,0,2000,2000
063648,台表科元大9C購05,0,0,0,0,0,0,0,0,0,2000,0,0,0,221000,219000,2000,2000
063679,群創國泰01購01  ,0,0,0,0,0,0,0,0,0,2000,0,0,0,2000,0,2000,2000
062733,巨大凱基9B購01  ,0,0,0,0,0,0,0,0,0,2000,0,0,0,2000,0,2000,2000
062845,微星富邦01購01  ,0,0,0,0,0,0,0,0,0,2000,0,0,0,2000,0,2000,2000
062592,牧德統一01購01  ,0,0,0,0,0,0,0,0,0,2000,0,0,0,22000,20000,2000,2000
062211,玉晶光台新9B購01,0,0,0,0,0,0,0,0,0,2000,0,0,0,2000,0,2000,2000
062322,元金2X統一01購01,0,0,0,0,0,0,0,0,0,2000,0,0,0,2000,0,2000,2000
06232P,智易永豐97售01  ,0,0,0,0,0,0,0,0,0,2000,0,0,0,2000,0,2000,2000
062904,台光電元大9B購06,0,0,0,0,0,0,0,0,0,2000,0,0,0,7000,5000,2000,2000
063241,聯發科元大9B購18,0,0,0,0,0,0,0,0,0,2000,0,0,0,137000,135000,2000,2000
063317,大立光群益9B購06,0,0,0,0,0,0,0,0,0,2000,0,0,0,2000,0,2000,2000
3701,大眾控          ,3000,1000,2000,0,0,0,0,0,0,0,0,0,0,0,0,0,2000
8478,東哥遊艇        ,8000,6000,2000,0,0,0,0,0,0,0,0,0,0,0,0,0,2000
6581,鋼聯            ,13000,11000,2000,0,0,0,0,0,0,0,0,0,0,0,0,0,2000
9908,大台北          ,15000,13000,2000,0,0,0,0,0,0,0,0,0,0,0,0,0,2000
9929,秋雨            ,2000,0,2000,0,0,0,0,0,0,0,0,0,0,0,0,0,2000
008201,BP上證50        ,0,0,0,0,0,0,0,0,0,1300,0,0,0,1300,0,1300,1300
1324,地球            ,2000,1000,1000,0,0,0,0,0,0,0,0,0,0,0,0,0,1000
1233,天仁            ,1000,0,1000,0,0,0,0,0,0,0,0,0,0,0,0,0,1000
08441P,同欣電元富9C售01,0,0,0,0,0,0,0,0,0,1000,0,0,0,167000,166000,1000,1000
08301P,台積電兆豐9C售02,0,0,0,0,0,0,0,0,0,1000,0,0,0,2000,1000,1000,1000
08284P,鴻海凱基01售03  ,0,0,0,0,0,0,0,0,0,1000,0,0,0,1000,0,1000,1000
1776,展宇            ,1000,0,1000,0,0,0,0,0,0,0,0,0,0,0,0,0,1000
1724,台硝            ,2000,0,2000,0,0,0,0,0,0,-1000,0,1000,-1000,0,0,0,1000
1617,榮星            ,3000,2000,1000,0,0,0,0,0,0,0,0,0,0,0,0,0,1000
1583,程泰            ,1000,0,1000,0,0,0,0,0,0,0,0,0,0,0,0,0,1000
1470,大統新創        ,1000,0,1000,0,0,0,0,0,0,0,0,0,0,0,0,0,1000
1535,中宇            ,2000,1000,1000,0,0,0,0,0,0,0,0,0,0,0,0,0,1000
1537,廣隆            ,16000,15000,1000,0,0,0,0,0,0,0,0,0,0,0,0,0,1000
1525,江申            ,2000,1000,1000,0,0,0,0,0,0,0,0,0,0,0,0,0,1000
2115,六暉-KY         ,1000,0,1000,0,0,0,0,0,0,0,0,0,0,0,0,0,1000
2462,良得電          ,2000,1000,1000,0,0,0,0,0,0,0,0,0,0,0,0,0,1000
2712,遠雄來          ,2000,1000,1000,0,0,0,0,0,0,0,0,0,0,0,0,0,1000
2936,客思達-KY       ,1000,0,1000,0,0,0,0,0,0,0,0,0,0,0,0,0,1000
3591,艾笛森          ,5000,4000,1000,0,0,0,0,0,0,0,0,0,0,0,0,0,1000
3383,新世紀          ,1000,0,1000,0,0,0,0,0,0,0,0,0,0,0,0,0,1000
3028,增你強          ,13000,14000,-1000,0,0,0,0,0,0,2000,2000,0,2000,0,0,0,1000
3296,勝德            ,1000,0,1000,0,0,0,0,0,0,0,0,0,0,0,0,0,1000
3055,蔚華科          ,21000,20000,1000,0,0,0,0,0,0,0,0,0,0,0,0,0,1000
065270,TPK元大01購01   ,0,0,0,0,0,0,0,0,0,1000,0,0,0,1000,0,1000,1000
06528P,台積電富邦99售03,0,0,0,0,0,0,0,0,0,1000,0,0,0,2000,1000,1000,1000
065082,台光電元大9C購04,0,0,0,0,0,0,0,0,0,1000,0,0,0,115000,114000,1000,1000
065039,國巨凱基02購02  ,0,0,0,0,0,0,0,0,0,1000,0,0,0,1000,0,1000,1000
07614P,華新科群益9A售04,0,0,0,0,0,0,0,0,0,1000,0,0,0,1000,0,1000,1000
07703P,玉晶光中信9B售03,0,0,0,0,0,0,0,0,0,1000,0,0,0,11000,10000,1000,1000
07341P,台積電凱基99售18,0,0,0,0,0,0,0,0,0,1000,0,0,0,14000,13000,1000,1000
07328P,FBVIX國泰9B售01 ,0,0,0,0,0,0,0,0,0,1000,0,0,0,1000,0,1000,1000
07424P,大立光元大9B售01,0,0,0,0,0,0,0,0,0,1000,0,0,0,5000,4000,1000,1000
07539P,玉山金台新9A售01,0,0,0,0,0,0,0,0,0,1000,0,0,0,1000,0,1000,1000
07543P,台積電凱基9A售17,0,0,0,0,0,0,0,0,0,1000,0,0,0,1000,0,1000,1000
07574P,國巨元大9A售12  ,0,0,0,0,0,0,0,0,0,1000,0,0,0,5000,4000,1000,1000
06680P,智邦元大98售06  ,0,0,0,0,0,0,0,0,0,1000,0,0,0,1000,0,1000,1000
06637P,大立光凱基98售15,0,0,0,0,0,0,0,0,0,1000,0,0,0,1000,0,1000,1000
06856P,台灣50永豐99售03,0,0,0,0,0,0,0,0,0,1000,0,0,0,4000,3000,1000,1000
07050P,宏達電中信9B售01,0,0,0,0,0,0,0,0,0,1000,0,0,0,23000,22000,1000,1000
07179P,臺股指凱基99售21,0,0,0,0,0,0,0,0,0,1000,0,0,0,1000,0,1000,1000
07093P,台積電凱基99售07,0,0,0,0,0,0,0,0,0,1000,0,0,0,1000,0,1000,1000
07094P,華通國票9A售03  ,0,0,0,0,0,0,0,0,0,1000,0,0,0,1000,0,1000,1000
03010X,元展10          ,0,0,0,0,0,0,0,0,0,1000,0,0,0,1000,0,1000,1000
052417,聯發科兆豐9B購01,0,0,0,0,0,0,0,0,0,1000,0,0,0,1000,0,1000,1000
052426,國巨台新96購01  ,0,0,0,0,0,0,0,0,0,1000,0,0,0,1000,0,1000,1000
052986,聯發科元大97購05,0,0,0,0,0,0,0,0,0,1000,0,0,0,1000,0,1000,1000
052729,國巨國泰97購03  ,0,0,0,0,0,0,0,0,0,1000,0,0,0,1000,0,1000,1000
052802,華新科元大97購02,0,0,0,0,0,0,0,0,0,1000,0,0,0,1000,0,1000,1000
052532,台積電國泰96購07,0,0,0,0,0,0,0,0,0,1000,0,0,0,1000,0,1000,1000
03679C,臺股指元大04牛04,0,0,0,0,0,0,0,0,0,1000,0,0,0,2000,1000,1000,1000
03674C,臺股指元富9C牛02,0,0,0,0,0,0,0,0,0,1000,0,0,0,1000,0,1000,1000
046793,聯發科元富99購01,0,0,0,0,0,0,0,0,0,1000,0,0,0,1000,0,1000,1000
042793,台積電台新9C購01,0,0,0,0,0,0,0,0,0,1000,0,0,0,1000,0,1000,1000
045054,聯發科元富98購02,0,0,0,0,0,0,0,0,0,1000,0,0,0,1000,0,1000,1000
053366,樺漢國泰98購01  ,0,0,0,0,0,0,0,0,0,1000,0,0,0,1000,0,1000,1000
053474,聯發科元大97購06,0,0,0,0,0,0,0,0,0,1000,0,0,0,1000,0,1000,1000
055474,欣興凱基97購05  ,0,0,0,0,0,0,0,0,0,1000,0,0,0,1000,0,1000,1000
053502,智伸科兆豐97購01,0,0,0,0,0,0,0,0,0,1000,0,0,0,1000,0,1000,1000
053584,友達元大9B購02  ,0,0,0,0,0,0,0,0,0,1000,0,0,0,1000,0,1000,1000
03033X,元展30          ,0,0,0,0,0,0,0,0,0,1000,0,0,0,1000,0,1000,1000
051462,世芯國泰97購01  ,0,0,0,0,0,0,0,0,0,1000,0,0,0,1000,0,1000,1000
053662,矽力凱基97購01  ,0,0,0,0,0,0,0,0,0,1000,0,0,0,1000,0,1000,1000
053890,華新科群益98購01,0,0,0,0,0,0,0,0,0,1000,0,0,0,1000,0,1000,1000
054463,瑞昱凱基97購01  ,0,0,0,0,0,0,0,0,0,1000,0,0,0,1000,0,1000,1000
054419,嘉聯益元大98購02,0,0,0,0,0,0,0,0,0,1000,0,0,0,1000,0,1000,1000
054404,新日興康和96購01,0,0,0,0,0,0,0,0,0,1000,0,0,0,1000,0,1000,1000
054266,緯穎元大96購07  ,0,0,0,0,0,0,0,0,0,1000,0,0,0,1000,0,1000,1000
054258,牧德元大97購01  ,0,0,0,0,0,0,0,0,0,1000,0,0,0,3000,2000,1000,1000
054259,健策元大97購03  ,0,0,0,0,0,0,0,0,0,1000,0,0,0,8000,7000,1000,1000
054974,台表科元大98購02,0,0,0,0,0,0,0,0,0,1000,0,0,0,7000,6000,1000,1000
056474,華新科元大99購05,0,0,0,0,0,0,0,0,0,1000,0,0,0,1000,0,1000,1000
056541,智原凱基98購03  ,0,0,0,0,0,0,0,0,0,1000,0,0,0,1000,0,1000,1000
054246,國巨元大96購12  ,0,0,0,0,0,0,0,0,0,1000,0,0,0,1000,0,1000,1000
057488,聯發科元大99購02,0,0,0,0,0,0,0,0,0,1000,0,0,0,1000,0,1000,1000
055935,創意群益97購02  ,0,0,0,0,0,0,0,0,0,1000,0,0,0,1000,0,1000,1000
056270,群創統一98購04  ,0,0,0,0,0,0,0,0,0,1000,0,0,0,1000,0,1000,1000
056179,康友元富97購02  ,0,0,0,0,0,0,0,0,0,1000,0,0,0,1000,0,1000,1000
05620P,大立光富邦9B售01,0,0,0,0,0,0,0,0,0,1000,0,0,0,1000,0,1000,1000
056427,上銀凱基98購03  ,0,0,0,0,0,0,0,0,0,1000,0,0,0,1000,0,1000,1000
060501,鴻海元大9A購13  ,0,0,0,0,0,0,0,0,0,1000,0,0,0,1000,0,1000,1000
057929,上銀群益98購02  ,0,0,0,0,0,0,0,0,0,1000,0,0,0,1000,0,1000,1000
060250,台表科元大9A購01,0,0,0,0,0,0,0,0,0,1000,0,0,0,1000,0,1000,1000
05728P,滬深2X凱基98售03,0,0,0,0,0,0,0,0,0,1000,0,0,0,1000,0,1000,1000
057264,新光金兆豐98購01,0,0,0,0,0,0,0,0,0,1000,0,0,0,1000,0,1000,1000
057159,晶技永豐98購01  ,0,0,0,0,0,0,0,0,0,1000,0,0,0,1000,0,1000,1000
057163,上銀元大98購04  ,0,0,0,0,0,0,0,0,0,1000,0,0,0,1000,0,1000,1000
057686,中50凱基99購01  ,0,0,0,0,0,0,0,0,0,1000,0,0,0,1000,0,1000,1000
057440,台積電統一98購10,0,0,0,0,0,0,0,0,0,1000,0,0,0,1000,0,1000,1000
057024,義隆凱基99購01  ,0,0,0,0,0,0,0,0,0,1000,0,0,0,12000,11000,1000,1000
056765,友達元大9B購05  ,0,0,0,0,0,0,0,0,0,1000,0,0,0,1000,0,1000,1000
056796,國巨麥證98購02  ,0,0,0,4000,6000,-2000,0,0,0,1000,0,0,0,9000,8000,1000,1000
055791,臺股指凱基97購14,0,0,0,0,0,0,0,0,0,1000,0,0,0,1000,0,1000,1000
057782,台積電國票99購07,0,0,0,0,0,0,0,0,0,1000,0,0,0,20000,19000,1000,1000
057831,聯發科元富02購04,0,0,0,0,0,0,0,0,0,1000,0,0,0,1000,0,1000,1000
056021,興富發群益97購01,0,0,0,0,0,0,0,0,0,1000,0,0,0,1000,0,1000,1000
056124,華通國票98購02  ,0,0,0,0,0,0,0,0,0,1000,0,0,0,2000,1000,1000,1000
059816,聯電凱基99購03  ,0,0,0,0,0,0,0,0,0,1000,0,0,0,26000,25000,1000,1000
060627,國巨國泰9B購05  ,0,0,0,0,0,0,0,0,0,1000,0,0,0,1000,0,1000,1000
060566,聯詠富邦9C購01  ,0,0,0,0,0,0,0,0,0,1000,0,0,0,32000,31000,1000,1000
060766,世芯元大9A購02  ,0,0,0,0,0,0,0,0,0,1000,0,0,0,1000,0,1000,1000
058504,台積電元大99購07,0,0,0,0,0,0,0,0,0,1000,0,0,0,73000,72000,1000,1000
060665,康控凱基9A購01  ,0,0,0,0,0,0,0,0,0,1000,0,0,0,3000,2000,1000,1000
060705,台光電富邦9B購01,0,0,0,0,0,0,0,0,0,1000,0,0,0,5000,4000,1000,1000
058574,台積電群益99購03,0,0,0,0,0,0,0,0,0,1000,0,0,0,1000,0,1000,1000
058527,世紀鋼元大99購01,0,0,0,0,0,0,0,0,0,1000,0,0,0,1000,0,1000,1000
060792,信錦永豐9A購01  ,0,0,0,0,0,0,0,0,0,1000,0,0,0,1000,0,1000,1000
058318,致茂永豐9A購01  ,0,0,0,0,0,0,0,0,0,1000,0,0,0,33000,32000,1000,1000
058262,大立光富邦9C購02,0,0,0,0,0,0,0,0,0,1000,0,0,0,1000,0,1000,1000
058142,瑞儀元大99購01  ,0,0,0,0,0,0,0,0,0,1000,0,0,0,1000,0,1000,1000
058078,景碩國票99購01  ,0,0,0,0,0,0,0,0,0,1000,0,0,0,50000,49000,1000,1000
058100,聯茂國泰99購02  ,0,0,0,0,0,0,0,0,0,1000,0,0,0,1000,0,1000,1000
058089,聯發科元大98購15,0,0,0,0,0,0,0,0,0,1000,0,0,0,1000,0,1000,1000
058131,義隆元大99購02  ,0,0,0,0,0,0,0,0,0,1000,0,0,0,1000,0,1000,1000
058108,台郡台新99購01  ,0,0,0,0,0,0,0,0,0,1000,0,0,0,1000,0,1000,1000
061264,全新凱基9B購01  ,0,0,0,0,0,0,0,0,0,1000,0,0,0,1000,0,1000,1000
061337,台積電元大9A購27,0,0,0,0,0,0,0,0,0,1000,0,0,0,1000,0,1000,1000
061163,台灣50兆豐9A購04,0,0,0,0,0,0,0,0,0,1000,0,0,0,1000,0,1000,1000
061139,玉晶光統一9C購02,0,0,0,0,0,0,0,0,0,1000,0,0,0,1000,0,1000,1000
061140,華擎統一9C購01  ,0,0,0,0,0,0,0,0,0,1000,0,0,0,1000,0,1000,1000
061123,燿華永豐9A購01  ,0,0,0,0,0,0,0,0,0,1000,0,0,0,26000,25000,1000,1000
061118,GIS富邦9A購01   ,0,0,0,0,0,0,0,0,0,1000,0,0,0,1000,0,1000,1000
061637,華新科元大9A購22,0,0,0,0,0,0,0,0,0,1000,0,0,0,1000,0,1000,1000
061590,金寶永豐9A購01  ,0,0,0,0,0,0,0,0,0,1000,0,0,0,1000,0,1000,1000
061525,華新科凱基9A購13,0,0,0,0,0,0,0,0,0,1000,0,0,0,76000,75000,1000,1000
061520,健策中信9A購01  ,0,0,0,0,0,0,0,0,0,1000,0,0,0,20000,19000,1000,1000
061408,華新科國票9A購06,0,0,0,0,0,0,0,0,0,1000,0,0,0,20000,19000,1000,1000
062023,寶成永豐9B購01  ,0,0,0,0,0,0,0,0,0,1000,0,0,0,1000,0,1000,1000
062117,燿華中信9B購01  ,0,0,0,0,0,0,0,0,0,1000,0,0,0,1000,0,1000,1000
062129,世紀鋼統一02購01,0,0,0,0,0,0,0,0,0,1000,0,0,0,1000,0,1000,1000
061851,智邦國票9B購01  ,0,0,0,0,0,0,0,0,0,1000,0,0,0,1000,0,1000,1000
059082,華通元大99購06  ,0,0,0,0,0,0,0,0,0,1000,0,0,0,1000,0,1000,1000
060530,聯發科中信9C購03,0,0,0,0,0,0,0,0,0,1000,0,0,0,11000,10000,1000,1000
058794,旺宏元大99購09  ,0,0,0,0,0,0,0,0,0,1000,0,0,0,2000,1000,1000,1000
059632,聯發科凱基01購01,0,0,0,0,0,0,0,0,0,1000,0,0,0,1000,0,1000,1000
059637,大立光凱基01購01,0,0,0,0,0,0,0,0,0,1000,0,0,0,1000,0,1000,1000
059717,國巨元大99購21  ,0,0,0,0,0,0,0,0,0,1000,0,0,0,2000,1000,1000,1000
059935,國巨永豐99購07  ,0,0,0,0,0,0,0,0,0,1000,0,0,0,15000,14000,1000,1000
05875P,旺宏群益98售01  ,0,0,0,0,0,0,0,0,0,1000,0,0,0,10000,9000,1000,1000
058689,元油2X國票99購03,0,0,0,0,0,0,0,0,0,1000,0,0,0,1000,0,1000,1000
057970,國巨富邦99購03  ,0,0,0,0,0,0,0,0,0,1000,0,0,0,1000,0,1000,1000
058751,南茂凱基9A購01  ,0,0,0,0,0,0,0,0,0,1000,0,0,0,1000,0,1000,1000
059494,國巨國票9C購01  ,0,0,0,0,0,0,0,0,0,1000,0,0,0,1000,0,1000,1000
059024,大立光統一9B購04,0,0,0,0,0,0,0,0,0,1000,0,0,0,85000,84000,1000,1000
05889P,群創元大98售02  ,0,0,0,0,0,0,0,0,0,1000,0,0,0,38000,37000,1000,1000
059591,台積電元大9A購04,0,0,0,0,0,0,0,0,0,1000,0,0,0,1000,0,1000,1000
059605,臺股指元大9A購42,0,0,0,0,0,0,0,0,0,1000,0,0,0,1000,0,1000,1000
063239,建準元大9B購01  ,0,0,0,0,0,0,0,0,0,1000,0,0,0,58000,57000,1000,1000
063489,新日興國泰01購01,0,0,0,0,0,0,0,0,0,1000,0,0,0,150000,149000,1000,1000
063507,奇鋐群益9B購02  ,0,0,0,0,0,0,0,0,0,1000,0,0,0,27000,26000,1000,1000
062887,台積電群益9C購05,0,0,0,0,0,0,0,0,0,1000,0,0,0,1000,0,1000,1000
062875,瑞昱兆豐9C購01  ,0,0,0,0,0,0,0,0,0,1000,0,0,0,40000,39000,1000,1000
062979,茂林元富9B購01  ,0,0,0,0,0,0,0,0,0,1000,0,0,0,1000,0,1000,1000
062952,台積電永豐9B購02,0,0,0,0,0,0,0,0,0,1000,0,0,0,1000,0,1000,1000
063176,南亞科兆豐9B購01,0,0,0,0,0,0,0,0,0,1000,0,0,0,1000,0,1000,1000
063155,緯穎元富9B購03  ,0,0,0,0,0,0,0,0,0,1000,0,0,0,1000,0,1000,1000
062330,可成統一9B購03  ,0,0,0,0,0,0,0,0,0,1000,0,0,0,1000,0,1000,1000
062387,健策國泰01購01  ,0,0,0,0,0,0,0,0,0,1000,0,0,0,16000,15000,1000,1000
062193,瑞昱第一9B購01  ,0,0,0,0,0,0,0,0,0,1000,0,0,0,1000,0,1000,1000
062141,遠東新國票9B購01,0,0,0,0,0,0,0,0,0,1000,0,0,0,21000,20000,1000,1000
06258P,臺股指群益97售11,0,0,0,0,0,0,0,0,0,1000,0,0,0,2000,1000,1000,1000
06257P,臺股指群益97售10,0,0,0,0,0,0,0,0,0,1000,0,0,0,1000,0,1000,1000
062489,可成永豐9B購02  ,0,0,0,0,0,0,0,0,0,1000,0,0,0,1000,0,1000,1000
062820,禾伸堂兆豐9B購01,0,0,0,0,0,0,0,0,0,1000,0,0,0,11000,10000,1000,1000
062689,華擎統一02購01  ,0,0,0,0,0,0,0,0,0,1000,0,0,0,1000,0,1000,1000
063814,嘉晶群益9C購01  ,0,0,0,0,0,0,0,0,0,1000,0,0,0,44000,43000,1000,1000
063789,智邦台新9C購01  ,0,0,0,0,0,0,0,0,0,1000,0,0,0,1000,0,1000,1000
063621,華新科兆豐9B購02,0,0,0,0,0,0,0,0,0,1000,0,0,0,1000,0,1000,1000
064125,聯發科元大02購01,0,0,0,0,0,0,0,0,0,1000,0,0,0,52000,51000,1000,1000
064002,仁寶凱基9C購01  ,0,0,0,0,0,0,0,0,0,1000,0,0,0,1000,0,1000,1000
064041,國巨統一01購07  ,0,0,0,0,0,0,0,0,0,1000,0,0,0,59000,58000,1000,1000
064621,大立光元大9C購20,0,0,0,0,0,0,0,0,0,1000,0,0,0,36000,35000,1000,1000
064582,裕隆永豐9C購02  ,0,0,0,0,0,0,0,0,0,1000,0,0,0,1000,0,1000,1000
064281,大立光元大9C購12,0,0,0,0,0,0,0,0,0,1000,0,0,0,1000,0,1000,1000
9918,欣天然          ,1000,0,1000,0,0,0,0,0,0,0,0,0,0,0,0,0,1000
6201,亞弘電          ,1000,0,1000,0,0,0,0,0,0,0,0,0,0,0,0,0,1000
8482,商億-KY         ,2000,1000,1000,0,0,0,0,0,0,0,0,0,0,0,0,0,1000
8442,威宏-KY         ,1000,0,1000,0,0,0,0,0,0,0,0,0,0,0,0,0,1000
6655,科定            ,1000,0,1000,0,0,0,0,0,0,0,0,0,0,0,0,0,1000
4562,穎漢            ,3000,2000,1000,0,0,0,0,0,0,0,0,0,0,0,0,0,1000
4764,雙鍵            ,1000,0,1000,0,0,0,0,0,0,0,0,0,0,0,0,0,1000
4807,日成-KY         ,4000,3000,1000,0,0,0,0,0,0,0,0,0,0,0,0,0,1000
2498,宏達電          ,784000,796009,-12009,0,0,0,0,0,0,13000,4000,20000,-16000,72000,43000,29000,991
2537,聯上發          ,271000,271000,0,0,0,0,0,0,0,0,3000,3000,0,0,0,0,0
3025,星通            ,5000,3000,2000,0,0,0,0,0,0,-2000,0,2000,-2000,0,0,0,0
3432,台端            ,16000,16000,0,0,0,0,0,0,0,0,0,0,0,0,0,0,0
2302,麗正            ,27000,27000,0,0,0,0,0,0,0,0,0,0,0,0,0,0,0
08153P,台表科統一9B售01,0,0,0,0,0,0,0,0,0,0,0,0,0,110000,110000,0,0
07888P,大立光國票9B售01,0,0,0,0,0,0,0,0,0,0,0,0,0,26000,26000,0,0
07905P,大立光群益9B售04,0,0,0,0,0,0,0,0,0,0,0,0,0,9000,9000,0,0
07899P,和大凱基9B售01  ,0,0,0,0,0,0,0,0,0,0,0,0,0,60000,60000,0,0
07920P,大立光中信01售01,0,0,0,0,0,0,0,0,0,0,0,0,0,30000,30000,0,0
07935P,臺股指國票9B售07,0,0,0,0,0,0,0,0,0,0,0,0,0,5000,5000,0,0
07936P,臺股指國票9B售08,0,0,0,0,0,0,0,0,0,0,0,0,0,10000,10000,0,0
08067P,大立光凱基9B售08,0,0,0,0,0,0,0,0,0,0,0,0,0,2000,2000,0,0
07972P,大立光統一9C售05,0,0,0,0,0,0,0,0,0,0,0,0,0,30000,30000,0,0
08307P,台積電凱基9C售03,0,0,0,0,0,0,0,0,0,0,0,0,0,2000,2000,0,0
08320P,智邦統一9C售02  ,0,0,0,0,0,0,0,0,0,0,0,0,0,200000,200000,0,0
08454P,台灣50凱基9C售12,0,0,0,0,0,0,0,0,0,0,0,0,0,9000,9000,0,0
07113P,台積電兆豐99售03,0,0,0,0,0,0,0,0,0,0,0,0,0,499000,499000,0,0
07208P,台積電凱基99售14,0,0,0,0,0,0,0,0,0,0,0,0,0,10000,10000,0,0
06949P,台表科元大99售01,0,0,0,0,0,0,0,0,0,0,0,0,0,10000,10000,0,0
06995P,臺股指凱基99售16,0,0,0,0,0,0,0,0,0,0,0,0,0,200000,200000,0,0
06752P,訊芯凱基98售05  ,0,0,0,0,0,0,0,0,0,0,0,0,0,10000,10000,0,0
06804P,臺股指群益98售10,0,0,0,0,0,0,0,0,0,0,0,0,0,4000,4000,0,0
06646P,國巨元大98售16  ,0,0,0,0,0,0,0,0,0,0,0,0,0,10000,10000,0,0
06683P,訊芯元大98售07  ,0,0,0,0,0,0,0,0,0,0,0,0,0,100000,100000,0,0
07517P,台積電元大9A售17,0,0,0,0,0,0,0,0,0,0,0,0,0,5000,5000,0,0
07486P,上証2X國票9B售02,0,0,0,0,0,0,0,0,0,0,0,0,0,400000,400000,0,0
07489P,國巨國票9A售07  ,0,0,0,0,0,0,0,0,0,0,0,0,0,20000,20000,0,0
07324P,台積電元大99售40,0,0,0,0,0,0,0,0,0,0,0,0,0,1000,1000,0,0
07303P,臺股指元大9A售36,0,0,0,0,0,0,0,0,0,0,0,0,0,50000,50000,0,0
07395P,台積電群益99售13,0,0,0,0,0,0,0,0,0,0,0,0,0,10000,10000,0,0
07381P,鴻海群益99售05  ,0,0,0,0,0,0,0,0,0,0,0,0,0,10000,10000,0,0
07256P,臺股指凱基99售36,0,0,0,0,0,0,0,0,0,0,0,0,0,10000,10000,0,0
07223P,鴻海元大99售29  ,0,0,0,0,0,0,0,0,0,0,0,0,0,1000,1000,0,0
07706P,長榮航元大9A售03,0,0,0,0,0,0,0,0,0,0,0,0,0,100000,100000,0,0
07715P,台灣50群益9A售14,0,0,0,0,0,0,0,0,0,0,0,0,0,10000,10000,0,0
07737P,華通永豐9A售01  ,0,0,0,0,0,0,0,0,0,0,0,0,0,10000,10000,0,0
07775P,國巨群益9A售10  ,0,0,0,0,0,0,0,0,0,0,0,0,0,1000,1000,0,0
065030,亞光兆豐9C購01  ,0,0,0,0,0,0,0,0,0,0,0,0,0,13000,13000,0,0
065002,致茂國票01購01  ,0,0,0,0,0,0,0,0,0,0,0,0,0,6000,6000,0,0
065084,南亞科元大9C購08,0,0,0,0,0,0,0,0,0,0,0,0,0,28000,28000,0,0
06510P,燿華永豐98售03  ,0,0,0,0,0,0,0,0,0,0,0,0,0,20000,20000,0,0
065140,國巨凱基01購02  ,0,0,0,0,0,0,0,0,0,0,0,0,0,11000,11000,0,0
064852,智邦台新9C購04  ,0,0,0,0,0,0,0,0,0,0,0,0,0,1000,1000,0,0
064877,可成兆豐9C購02  ,0,0,0,0,0,0,0,0,0,0,0,0,0,15000,15000,0,0
064905,嘉聯益群益9C購01,0,0,0,0,0,0,0,0,0,0,0,0,0,53000,53000,0,0
065318,聯電凱基9C購03  ,0,0,0,0,0,0,0,0,0,0,0,0,0,33000,33000,0,0
065251,宏達電國泰02購01,0,0,0,0,0,0,0,0,0,0,0,0,0,18000,18000,0,0
065252,玉晶光永豐9C購08,0,0,0,0,0,0,0,0,0,0,0,0,0,6000,6000,0,0
06525P,上証2X國泰99售01,0,0,0,0,0,0,0,0,0,0,0,0,0,10000,10000,0,0
065231,宏達電凱基01購01,0,0,0,0,0,0,0,0,0,0,0,0,0,24000,24000,0,0
065233,TPK凱基01購01   ,0,0,0,0,0,0,0,0,0,0,0,0,0,1000,1000,0,0
065235,旭富凱基02購01  ,0,0,0,0,0,0,0,0,0,0,0,0,0,33000,33000,0,0
065236,旭富凱基9C購01  ,0,0,0,0,0,0,0,0,0,0,0,0,0,53000,53000,0,0
065245,國泰金兆豐9C購01,0,0,0,0,0,0,0,0,0,0,0,0,0,13000,13000,0,0
065212,瑞儀國票01購01  ,0,0,0,0,0,0,0,0,0,0,0,0,0,35000,35000,0,0
065349,玉晶光統一9C購05,0,0,0,0,0,0,0,0,0,0,0,0,0,2000,2000,0,0
06537P,華通凱基98售04  ,0,0,0,0,0,0,0,0,0,0,0,0,0,10000,10000,0,0
065378,嘉澤元大01購01  ,0,0,0,0,0,0,0,0,0,0,0,0,0,100000,100000,0,0
065396,微星群益01購01  ,0,0,0,0,0,0,0,0,0,0,0,0,0,81000,81000,0,0
065410,國巨永豐9C購01  ,0,0,0,0,0,0,0,0,0,0,0,0,0,5000,5000,0,0
065417,嘉晶國票01購02  ,0,0,0,0,0,0,0,0,0,0,0,0,0,2000,2000,0,0
065418,緯創國票01購01  ,0,0,0,0,0,0,0,0,0,0,0,0,0,1000,1000,0,0
065421,康友國票01購01  ,0,0,0,0,0,0,0,0,0,0,0,0,0,19000,19000,0,0
065424,華新凱基02購01  ,0,0,0,0,0,0,0,0,0,0,0,0,0,85000,85000,0,0
065430,可成凱基02購03  ,0,0,0,0,0,0,0,0,0,0,0,0,0,1000,1000,0,0
06589P,台積電元大98售12,0,0,0,0,0,0,0,0,0,0,0,0,0,200000,200000,0,0
065524,康控群益01購01  ,0,0,0,0,0,0,0,0,0,0,0,0,0,20000,20000,0,0
06582P,可成凱基98售06  ,0,0,0,0,0,0,0,0,0,0,0,0,0,100000,100000,0,0
06600P,貿聯永豐98售01  ,0,0,0,0,0,0,0,0,0,0,0,0,0,40000,40000,0,0
06617P,智邦元大98售03  ,0,0,0,0,0,0,0,0,0,0,0,0,0,100000,100000,0,0
06544P,鴻海元大98售09  ,0,0,0,0,0,0,0,0,0,0,0,0,0,1000,1000,0,0
065472,華新元大01購01  ,0,0,0,0,0,0,0,0,0,0,0,0,0,10000,10000,0,0
065476,聯發科元大9C購14,0,0,0,0,0,0,0,0,0,0,0,0,0,8000,8000,0,0
065491,華新科國泰02購01,0,0,0,0,0,0,0,0,0,0,0,0,0,67000,67000,0,0
065480,旭富元大9C購06  ,0,0,0,0,0,0,0,0,0,0,0,0,0,11000,11000,0,0
065504,宏達電永豐9C購01,0,0,0,0,0,0,0,0,0,0,0,0,0,18000,18000,0,0
056134,可成元大97購06  ,0,0,0,0,0,0,0,0,0,0,0,0,0,100000,100000,0,0
055988,矽力元富97購01  ,0,0,0,0,0,0,0,0,0,0,0,0,0,10000,10000,0,0
057797,大立光兆豐99購01,0,0,0,0,0,0,0,0,0,0,0,0,0,599000,599000,0,0
057755,鴻海日盛98購01  ,0,0,0,0,0,0,0,0,0,0,0,0,0,1335000,1335000,0,0
057749,華新科國票99購01,0,0,0,0,0,0,0,0,0,0,0,0,0,10000,10000,0,0
05576P,群創日盛99售02  ,0,0,0,0,0,0,0,0,0,0,0,0,0,200000,200000,0,0
056737,國巨凱基9A購01  ,0,0,0,0,0,0,0,0,0,0,0,0,0,9000,9000,0,0
056771,嘉晶元大99購01  ,0,0,0,0,0,0,0,0,0,0,0,0,0,1000,1000,0,0
056592,台積電元富98購01,0,0,0,0,0,0,0,0,0,0,0,0,0,20000,20000,0,0
056608,力山永豐98購01  ,0,0,0,0,0,0,0,0,0,0,0,0,0,3000,3000,0,0
056682,鴻海統一98購10  ,0,0,0,0,0,0,0,0,0,0,0,0,0,1000,1000,0,0
057016,中石化凱基9B購01,0,0,0,0,0,0,0,0,0,0,0,0,0,15000,15000,0,0
057052,華擎元大98購01  ,0,0,0,0,0,0,0,0,0,0,0,0,0,10000,10000,0,0
056984,嘉晶群益98購01  ,0,0,0,0,0,0,0,0,0,0,0,0,0,1000,1000,0,0
057682,台積電日盛9A購03,0,0,0,0,0,0,0,0,0,0,0,0,0,130000,130000,0,0
057674,台郡元大99購03  ,0,0,0,0,0,0,0,0,0,0,0,0,0,6000,6000,0,0
057062,立積國泰99購01  ,0,0,0,0,0,0,0,0,0,0,0,0,0,99000,99000,0,0
056563,華新科群益98購04,0,0,0,0,0,0,0,0,0,0,0,0,0,2000,2000,0,0
057194,南電元大98購01  ,0,0,0,0,0,0,0,0,0,0,0,0,0,1000,1000,0,0
057233,聯發科凱基98購14,0,0,0,0,0,0,0,0,0,0,0,0,0,18000,18000,0,0
057236,聯詠凱基98購03  ,0,0,0,0,0,0,0,0,0,0,0,0,0,49000,49000,0,0
057342,玉晶光台新98購01,0,0,0,0,0,0,0,0,0,0,0,0,0,1100000,1100000,0,0
057326,景碩群益99購02  ,0,0,0,0,0,0,0,0,0,0,0,0,0,1000,1000,0,0
057327,玉晶光群益9A購04,0,0,0,0,0,0,0,0,0,0,0,0,0,4000,4000,0,0
057349,聯發科統一98購04,0,0,0,0,0,0,0,0,0,0,0,0,0,7000,7000,0,0
057934,華新科群益98購07,0,0,0,0,0,0,0,0,0,0,0,0,0,2000,2000,0,0
057922,華新科凱基99購01,0,0,0,0,0,0,0,0,0,0,0,0,0,10000,10000,0,0
060471,台勝科元大9B購01,0,0,0,0,0,0,0,0,0,0,0,0,0,67000,67000,0,0
060502,國巨元大9A購07  ,0,0,0,0,0,0,0,0,0,0,0,0,0,4000,4000,0,0
060491,台灣50元富04購01,0,0,0,0,0,0,0,0,0,0,0,0,0,3000,3000,0,0
060522,鴻海中信9A購03  ,0,0,0,0,0,0,0,0,0,0,0,0,0,90000,90000,0,0
059990,健策元大9A購01  ,0,0,0,0,0,0,0,0,0,0,0,0,0,21000,21000,0,0
060020,康控康和99購01  ,0,0,0,0,0,0,0,0,0,0,0,0,0,15000,15000,0,0
059986,宏達電元大99購08,0,0,0,0,0,0,0,0,0,0,0,0,0,20000,20000,0,0
059967,聯發科凱基99購20,0,0,0,0,0,0,0,0,0,0,0,0,0,4000,4000,0,0
059977,鴻海元大99購40  ,0,0,0,0,0,0,0,0,0,0,0,0,0,2000,2000,0,0
060086,鴻海元大99購42  ,0,0,0,0,0,0,0,0,0,0,0,0,0,1000,1000,0,0
060055,宏達電凱基99購06,0,0,0,0,0,0,0,0,0,0,0,0,0,24000,24000,0,0
060106,旭富元大99購02  ,0,0,0,0,0,0,0,0,0,0,0,0,0,20000,20000,0,0
056356,台積電元大99購01,0,0,0,0,0,0,0,0,0,0,0,0,0,10000,10000,0,0
056333,台積電日盛9B購01,0,0,0,0,0,0,0,0,0,0,0,0,0,50000,50000,0,0
056329,上銀國票98購02  ,0,0,0,0,0,0,0,0,0,0,0,0,0,1027000,1027000,0,0
05617P,大立光統一97售02,0,0,0,0,0,0,0,0,0,0,0,0,0,130000,130000,0,0
056856,華通群益9A購01  ,0,0,0,0,0,0,0,0,0,0,0,0,0,1000,1000,0,0
055926,國巨群益98購06  ,0,0,0,0,0,0,0,0,0,0,0,0,0,40000,40000,0,0
055820,矽力國票98購02  ,0,0,0,0,0,0,0,0,0,0,0,0,0,10000,10000,0,0
055892,國巨統一99購01  ,0,0,0,0,0,0,0,0,0,0,0,0,0,10000,10000,0,0
057859,神達康和98購01  ,0,0,0,0,0,0,0,0,0,0,0,0,0,68000,68000,0,0
057477,智邦元大98購09  ,0,0,0,0,0,0,0,0,0,0,0,0,0,3000,3000,0,0
057529,嘉晶元大99購02  ,0,0,0,0,0,0,0,0,0,0,0,0,0,1000,1000,0,0
05709P,大立光國票97售01,0,0,0,0,0,0,0,0,0,0,0,0,0,28000,28000,0,0
057101,新光金中信9A購01,0,0,0,0,0,0,0,0,0,0,0,0,0,30000,30000,0,0
055662,上銀中信99購01  ,0,0,0,0,0,0,0,0,0,0,0,0,0,5000,5000,0,0
054205,華新國票97購02  ,0,0,0,0,0,0,0,0,0,0,0,0,0,50000,50000,0,0
05420P,大立光國泰97售03,0,0,0,0,0,0,0,0,0,0,0,0,0,50000,50000,0,0
055718,可成元大97購02  ,0,0,0,0,0,0,0,0,0,0,0,0,0,1000,1000,0,0
055719,可成元大97購03  ,0,0,0,0,0,0,0,0,0,0,0,0,0,1000,1000,0,0
055689,台郡凱基99購01  ,0,0,0,0,0,0,0,0,0,0,0,0,0,30000,30000,0,0
054111,緯穎凱基97購01  ,0,0,0,0,0,0,0,0,0,0,0,0,0,19000,19000,0,0
054157,國巨亞東96購01  ,0,0,0,0,0,0,0,0,0,0,0,0,0,3200000,3200000,0,0
054058,晶豪科國票98購01,0,0,0,0,0,0,0,0,0,0,0,0,0,50000,50000,0,0
053971,聯發科元大97購09,0,0,0,0,0,0,0,0,0,0,0,0,0,20000,20000,0,0
056471,台光電元大99購01,0,0,0,0,0,0,0,0,0,0,0,0,0,10000,10000,0,0
055726,台表科元大98購03,0,0,0,0,0,0,0,0,0,0,0,0,0,36000,36000,0,0
056451,可成凱基99購01  ,0,0,0,0,0,0,0,0,0,0,0,0,0,45000,45000,0,0
054961,玉晶光元大99購01,0,0,0,0,0,0,0,0,0,0,0,0,0,7000,7000,0,0
055087,瑞昱亞東97購01  ,0,0,0,0,0,0,0,0,0,0,0,0,0,170000,170000,0,0
055001,京鼎元富97購01  ,0,0,0,0,0,0,0,0,0,0,0,0,0,10000,10000,0,0
054864,聯發科群益97購02,0,0,0,0,0,0,0,0,0,0,0,0,0,10000,10000,0,0
054569,GIS群益98購01   ,0,0,0,0,0,0,0,0,0,0,0,0,0,11000,11000,0,0
054628,可成凱基98購01  ,0,0,0,0,0,0,0,0,0,0,0,0,0,10000,10000,0,0
054671,國巨國泰98購01  ,0,0,0,0,0,0,0,0,0,0,0,0,0,390000,390000,0,0
05478P,智伸科國票96售02,0,0,0,0,0,0,0,0,0,0,0,0,0,50000,50000,0,0
054768,泰碩國票99購02  ,0,0,0,0,0,0,0,0,0,0,0,0,0,40000,40000,0,0
054802,高股息元大97購01,0,0,0,0,0,0,0,0,0,0,0,0,0,113000,113000,0,0
05480P,滬深2X凱基96售05,0,0,0,0,0,0,0,0,0,0,0,0,0,50000,50000,0,0
055621,國巨國泰98購03  ,0,0,0,0,0,0,0,0,0,0,0,0,0,140000,140000,0,0
054417,牧德元大96購01  ,0,0,0,0,0,0,0,0,0,0,0,0,0,23000,23000,0,0
055513,旺宏亞東98購01  ,0,0,0,0,0,0,0,0,0,0,0,0,0,200000,200000,0,0
055596,新光金元大9B購02,0,0,0,0,0,0,0,0,0,0,0,0,0,10000,10000,0,0
048270,T50反1富邦99購01,0,0,0,0,0,0,0,0,0,0,0,0,0,4000,4000,0,0
050493,聯發科永昌96購01,0,0,0,0,0,0,0,0,0,0,0,0,0,20000,20000,0,0
050566,高股息中信97購02,0,0,0,0,0,0,0,0,0,0,0,0,0,95000,95000,0,0
050984,大立光國泰97購01,0,0,0,0,0,0,0,0,0,0,0,0,0,155000,155000,0,0
055166,台積電統一97購05,0,0,0,0,0,0,0,0,0,0,0,0,0,1774000,1774000,0,0
035276,南亞科台新97購01,0,0,0,0,0,0,0,0,0,0,0,0,0,30000,30000,0,0
05347P,滬深2X元富9B售02,0,0,0,0,0,0,0,0,0,0,0,0,0,2000,2000,0,0
055448,健策統一97購02  ,0,0,0,0,0,0,0,0,0,0,0,0,0,10000,10000,0,0
055353,華新科凱基98購03,0,0,0,0,0,0,0,0,0,0,0,0,0,1000,1000,0,0
055401,亞光元富9A購01  ,0,0,0,0,0,0,0,0,0,0,0,0,0,74000,74000,0,0
055420,欣興永豐98購01  ,0,0,0,0,0,0,0,0,0,0,0,0,0,20000,20000,0,0
053229,南電台新97購01  ,0,0,0,0,0,0,0,0,0,0,0,0,0,30000,30000,0,0
055282,聯發科元大97購15,0,0,0,0,0,0,0,0,0,0,0,0,0,2000,2000,0,0
042692,台灣50凱基96購09,0,0,0,0,0,0,0,0,0,0,0,0,0,5000,5000,0,0
052557,群創國票97購02  ,0,0,0,0,0,0,0,0,0,0,0,0,0,30000,30000,0,0
052676,聯發科永昌98購01,0,0,0,0,0,0,0,0,0,0,0,0,0,300000,300000,0,0
052734,台表科國泰98購02,0,0,0,0,0,0,0,0,0,0,0,0,0,16000,16000,0,0
052699,友達國票97購01  ,0,0,0,0,0,0,0,0,0,0,0,0,0,399000,399000,0,0
052962,台積電凱基97購03,0,0,0,0,0,0,0,0,0,0,0,0,0,33000,33000,0,0
053035,台表科兆豐97購01,0,0,0,0,0,0,0,0,0,0,0,0,0,10000,10000,0,0
052325,高股息中信99購01,0,0,0,0,0,0,0,0,0,0,0,0,0,175000,175000,0,0
00774B,新光中國政金綠債,0,0,0,0,0,0,0,0,0,0,0,0,0,2000,2000,0,0
00775B,新光投等債15+   ,0,0,0,0,0,0,0,0,0,0,0,0,0,2000,2000,0,0
00707R,元大S&P日圓反1  ,0,0,0,0,0,0,0,0,0,0,0,0,0,1000,1000,0,0
00657,國泰日經225     ,0,2000,-2000,0,0,0,0,0,0,2000,0,0,0,112000,110000,2000,0
00657K,國泰日經225+U   ,0,0,0,0,0,0,0,0,0,0,0,0,0,100,100,0,0
00668K,國泰美國道瓊+U  ,0,0,0,0,0,0,0,0,0,0,0,0,0,100,100,0,0
00680L,元大美債20正2   ,107000,0,107000,0,0,0,0,0,0,-107000,0,0,0,12000,119000,-107000,0
00688L,國泰20年美債正2 ,0,0,0,0,0,0,0,0,0,0,0,0,0,100000,100000,0,0
00689R,國泰20年美債反1 ,0,20000,-20000,0,0,0,0,0,0,20000,0,0,0,120000,100000,20000,0
00636K,國泰中國A50+U   ,0,0,0,0,0,0,0,0,0,0,0,0,0,100,100,0,0
00625K,富邦上証+R      ,0,0,0,0,0,0,0,0,0,0,0,0,0,50000,50000,0,0
006203,元大MSCI台灣    ,0,0,0,0,0,0,0,0,0,0,0,0,0,3000,3000,0,0
006204,永豐臺灣加權    ,0,0,0,0,0,0,0,0,0,0,0,0,0,1000,1000,0,0
059595,華新科元大9A購03,0,0,0,0,0,0,0,0,0,0,0,0,0,28000,28000,0,0
058856,新光金兆豐99購01,0,0,0,0,0,0,0,0,0,0,0,0,0,39000,39000,0,0
058887,元石油元大9C購04,0,0,0,0,0,0,0,0,0,0,0,0,0,10000,10000,0,0
058964,群創兆豐99購01  ,0,0,0,0,0,0,0,0,0,0,0,0,0,221000,221000,0,0
058980,鴻海凱基99購06  ,0,0,0,0,0,0,0,0,0,0,0,0,0,6000,6000,0,0
058743,可成康和99購01  ,0,0,0,0,0,0,0,0,0,0,0,0,0,1000,1000,0,0
058729,國巨永豐99購03  ,0,0,0,0,0,0,0,0,0,0,0,0,0,10000,10000,0,0
059522,上証2X凱基9B購02,0,0,0,0,0,0,0,0,0,0,0,0,0,1000,1000,0,0
059540,新光金日盛99購01,0,0,0,0,0,0,0,0,0,0,0,0,0,19000,19000,0,0
059572,華新科凱基99購08,0,0,0,0,0,0,0,0,0,0,0,0,0,11000,11000,0,0
059573,健策凱基9A購02  ,0,0,0,0,0,0,0,0,0,0,0,0,0,5000,5000,0,0
057957,嘉晶元大98購01  ,0,0,0,0,0,0,0,0,0,0,0,0,0,3000,3000,0,0
057943,可成國票99購03  ,0,0,0,0,0,0,0,0,0,0,0,0,0,10000,10000,0,0
058674,宏達電群益99購01,0,0,0,0,0,0,0,0,0,0,0,0,0,28000,28000,0,0
059925,可成國泰9B購01  ,0,0,0,0,0,0,0,0,0,0,0,0,0,1000,1000,0,0
061388,台積電群益9A購05,0,0,0,0,0,0,0,0,0,0,0,0,0,30000,30000,0,0
061400,可成兆豐9B購02  ,0,0,0,0,0,0,0,0,0,0,0,0,0,1000,1000,0,0
059719,台積電元大99購42,0,0,0,0,0,0,0,0,0,0,0,0,0,11000,11000,0,0
059720,台積電元大99購43,0,0,0,0,0,0,0,0,0,0,0,0,0,1000,1000,0,0
059726,華新科元大99購18,0,0,0,0,0,0,0,0,0,0,0,0,0,6000,6000,0,0
059705,華新科凱基9A購07,0,0,0,0,0,0,0,0,0,0,0,0,0,11000,11000,0,0
059669,台灣50元富9B購05,0,0,0,0,0,0,0,0,0,0,0,0,0,17000,17000,0,0
059871,義隆凱基99購03  ,0,0,0,0,0,0,0,0,0,0,0,0,0,2000,2000,0,0
059877,康控凱基99購05  ,0,0,0,0,0,0,0,0,0,0,0,0,0,11000,11000,0,0
058806,道瓊銀統一9B購01,0,0,0,0,0,0,0,0,0,0,0,0,0,10000,10000,0,0
058792,鴻海元大99購18  ,0,0,0,0,0,0,0,0,0,0,0,0,0,1000,1000,0,0
058793,鴻海元大99購19  ,0,0,0,0,0,0,0,0,0,0,0,0,0,1000,1000,0,0
058782,臺股指國票99購01,0,0,0,0,0,0,0,0,0,0,0,0,0,30000,30000,0,0
058779,大立光國票9A購02,0,0,0,0,0,0,0,0,0,0,0,0,0,10000,10000,0,0
059077,FBVIX元大99購05 ,0,0,0,0,0,0,0,0,0,0,0,0,0,25000,25000,0,0
059131,國巨群益99購07  ,0,0,0,0,0,0,0,0,0,0,0,0,0,1000,1000,0,0
059107,南茂國泰9A購01  ,0,0,0,0,0,0,0,0,0,0,0,0,0,6000,6000,0,0
059199,欣興永豐99購02  ,0,0,0,0,0,0,0,0,0,0,0,0,0,83000,83000,0,0
059156,台灣50凱基01購03,0,0,0,0,0,0,0,0,0,0,0,0,0,17000,17000,0,0
061838,華新科凱基05購03,0,0,0,0,0,0,0,0,0,0,0,0,0,52000,52000,0,0
061836,華新科凱基05購01,0,0,0,0,0,0,0,0,0,0,0,0,0,51000,51000,0,0
061820,康控群益9B購02  ,0,0,0,0,0,0,0,0,0,0,0,0,0,2000,2000,0,0
061946,鴻海群益9B購03  ,0,0,0,0,0,0,0,0,0,0,0,0,0,2000,2000,0,0
061958,鴻海統一01購01  ,0,0,0,0,0,0,0,0,0,0,0,0,0,1000,1000,0,0
061981,聯發科元大9B購02,0,0,0,0,0,0,0,0,0,0,0,0,0,8000,8000,0,0
062111,台勝科國票9B購01,0,0,0,0,0,0,0,0,0,0,0,0,0,38000,38000,0,0
061999,臺股指元大9B購23,0,0,0,0,0,0,0,0,0,0,0,0,0,1000,1000,0,0
062070,金寶元大9B購01  ,0,0,0,0,0,0,0,0,0,0,0,0,0,100000,100000,0,0
061456,玉晶光凱基9B購05,0,0,0,0,0,0,0,0,0,0,0,0,0,16000,16000,0,0
061454,國巨凱基9A購16  ,0,0,0,0,0,0,0,0,0,0,0,0,0,12000,12000,0,0
061566,華通元大9A購10  ,0,0,0,0,0,0,0,0,0,0,0,0,0,15000,15000,0,0
061616,鴻海群益9A購07  ,0,0,0,0,0,0,0,0,0,0,0,0,0,1000,1000,0,0
061695,群創群益9A購01  ,0,0,0,0,0,0,0,0,0,0,0,0,0,174000,174000,0,0
061795,智邦永豐9B購01  ,0,0,0,0,0,0,0,0,0,0,0,0,0,1000,1000,0,0
061765,義隆元大9B購01  ,0,0,0,0,0,0,0,0,0,0,0,0,0,4000,4000,0,0
061119,國巨永豐9A購03  ,0,0,0,0,0,0,0,0,0,0,0,0,0,13000,13000,0,0
061104,華新科元大9A購13,0,0,0,0,0,0,0,0,0,0,0,0,0,3000,3000,0,0
061125,億光永豐9A購01  ,0,0,0,0,0,0,0,0,0,0,0,0,0,10000,10000,0,0
061133,玉晶光第一9A購01,0,0,0,0,0,0,0,0,0,0,0,0,0,1000,1000,0,0
061005,可成兆豐9A購01  ,0,0,0,0,0,0,0,0,0,0,0,0,0,15000,15000,0,0
060901,臺股指凱基9A購13,0,0,0,0,0,0,0,0,0,0,0,0,0,10000,10000,0,0
060866,世芯永豐9B購01  ,0,0,0,0,0,0,0,0,0,0,0,0,0,3000,3000,0,0
060834,道瓊反國票9C購01,0,0,0,0,0,0,0,0,0,0,0,0,0,50000,50000,0,0
060860,國巨永豐9A購02  ,0,0,0,0,0,0,0,0,0,0,0,0,0,28000,28000,0,0
060893,台灣50凱基01購07,0,0,0,0,0,0,0,0,0,0,0,0,0,17000,17000,0,0
061146,台表科中信9A購02,0,0,0,0,0,0,0,0,0,0,0,0,0,20000,20000,0,0
061340,義隆元大9A購01  ,0,0,0,0,0,0,0,0,0,0,0,0,0,2000,2000,0,0
058144,聯茂元大99購02  ,0,0,0,0,0,0,0,0,0,0,0,0,0,68000,68000,0,0
058086,鴻海元大98購14  ,0,0,0,0,0,0,0,0,0,0,0,0,0,1000,1000,0,0
058087,鴻海元大98購15  ,0,0,0,0,0,0,0,0,0,0,0,0,0,1000,1000,0,0
058077,超眾凱基98購02  ,0,0,0,0,0,0,0,0,0,0,0,0,0,10000,10000,0,0
058044,鴻海元大99購07  ,0,0,0,0,0,0,0,0,0,0,0,0,0,2000,2000,0,0
058654,鴻海中信03購01  ,0,0,0,0,0,0,0,0,0,0,0,0,0,1000,1000,0,0
058658,瑞儀中信99購01  ,0,0,0,0,0,0,0,0,0,0,0,0,0,20000,20000,0,0
058042,鴻海元大98購12  ,0,0,0,0,0,0,0,0,0,0,0,0,0,1000,1000,0,0
058036,南電永豐98購01  ,0,0,0,0,0,0,0,0,0,0,0,0,0,1000,1000,0,0
058575,智邦群益99購01  ,0,0,0,0,0,0,0,0,0,0,0,0,0,3000,3000,0,0
06106P,國巨群益97售02  ,0,0,0,0,0,0,0,0,0,0,0,0,0,20000,20000,0,0
061063,國巨凱基9A購14  ,0,0,0,0,0,0,0,0,0,0,0,0,0,16000,16000,0,0
061064,可成凱基9B購02  ,0,0,0,0,0,0,0,0,0,0,0,0,0,1000,1000,0,0
061065,神基凱基9A購01  ,0,0,0,0,0,0,0,0,0,0,0,0,0,10000,10000,0,0
061053,國巨群益9A購08  ,0,0,0,0,0,0,0,0,0,0,0,0,0,2000,2000,0,0
058618,南電元大99購02  ,0,0,0,0,0,0,0,0,0,0,0,0,0,1000,1000,0,0
058187,泰碩永豐99購01  ,0,0,0,0,0,0,0,0,0,0,0,0,0,68000,68000,0,0
058182,日電貿國泰9A購01,0,0,0,0,0,0,0,0,0,0,0,0,0,41000,41000,0,0
058237,嘉晶元大99購04  ,0,0,0,0,0,0,0,0,0,0,0,0,0,1000,1000,0,0
058281,奇力新中信99購01,0,0,0,0,0,0,0,0,0,0,0,0,0,699000,699000,0,0
058266,宏達電永豐99購01,0,0,0,0,0,0,0,0,0,0,0,0,0,29000,29000,0,0
058320,華新科永豐99購02,0,0,0,0,0,0,0,0,0,0,0,0,0,56000,56000,0,0
060528,友達中信9C購01  ,0,0,0,0,0,0,0,0,0,0,0,0,0,20000,20000,0,0
058351,上銀凱基9A購02  ,0,0,0,0,0,0,0,0,0,0,0,0,0,52000,52000,0,0
059469,智邦元大99購03  ,0,0,0,0,0,0,0,0,0,0,0,0,0,13000,13000,0,0
059471,華新科元大99購17,0,0,0,0,0,0,0,0,0,0,0,0,0,1000,1000,0,0
059438,群創元大99購06  ,0,0,0,0,0,0,0,0,0,0,0,0,0,12000,12000,0,0
060841,宏達電國票9B購01,0,0,0,0,0,0,0,0,0,0,0,0,0,10000,10000,0,0
060803,台灣50群益9A購13,0,0,0,0,0,0,0,0,0,0,0,0,0,17000,17000,0,0
060795,世芯永豐9A購02  ,0,0,0,0,0,0,0,0,0,0,0,0,0,3000,3000,0,0
060797,世芯永豐9A購04  ,0,0,0,0,0,0,0,0,0,0,0,0,0,3000,3000,0,0
058513,宏達電元大99購05,0,0,0,0,0,0,0,0,0,0,0,0,0,88000,88000,0,0
058538,智邦台新99購02  ,0,0,0,0,0,0,0,0,0,0,0,0,0,4000,4000,0,0
058539,聯發科台新99購01,0,0,0,0,0,0,0,0,0,0,0,0,0,100000,100000,0,0
058573,鴻海群益9A購02  ,0,0,0,0,0,0,0,0,0,0,0,0,0,7000,7000,0,0
060707,台郡富邦9A購01  ,0,0,0,0,0,0,0,0,0,0,0,0,0,10000,10000,0,0
060680,玉晶光元大9C購03,0,0,0,0,0,0,0,0,0,0,0,0,0,5000,5000,0,0
060732,玉晶光群益9C購02,0,0,0,0,0,0,0,0,0,0,0,0,0,3000,3000,0,0
060656,國巨統一9C購03  ,0,0,0,0,0,0,0,0,0,0,0,0,0,8000,8000,0,0
060351,滬深2X元富9A購01,0,0,0,0,0,0,0,0,0,0,0,0,0,1000,1000,0,0
060341,國巨統一9C購02  ,0,0,0,0,0,0,0,0,0,0,0,0,0,32000,32000,0,0
060328,可成群益9A購06  ,0,0,0,0,0,0,0,0,0,0,0,0,0,10000,10000,0,0
060604,宏達電凱基9B購01,0,0,0,0,0,0,0,0,0,0,0,0,0,177000,177000,0,0
060610,玉晶光凱基9B購02,0,0,0,0,0,0,0,0,0,0,0,0,0,12000,12000,0,0
059784,台光電元大9A購01,0,0,0,0,0,0,0,0,0,0,0,0,0,20000,20000,0,0
059771,台積電群益99購11,0,0,0,0,0,0,0,0,0,0,0,0,0,5000,5000,0,0
059731,康控元大99購04  ,0,0,0,0,0,0,0,0,0,0,0,0,0,19000,19000,0,0
05975P,國巨日盛99售02  ,0,0,0,0,0,0,0,0,0,0,0,0,0,30000,30000,0,0
05974P,國巨富邦97售03  ,0,0,0,0,0,0,0,0,0,0,0,0,0,129000,129000,0,0
058414,大立光兆豐99購02,0,0,0,0,0,0,0,0,0,0,0,0,0,821000,821000,0,0
060145,牧德國票9A購02  ,0,0,0,0,0,0,0,0,0,0,0,0,0,20000,20000,0,0
060182,旺宏元富9A購01  ,0,0,0,0,0,0,0,0,0,0,0,0,0,3000,3000,0,0
059213,國巨元大99購19  ,0,0,0,0,0,0,0,0,0,0,0,0,0,13000,13000,0,0
059214,國巨元大99購20  ,0,0,0,0,0,0,0,0,0,0,0,0,0,20000,20000,0,0
059236,鴻海凱基99購09  ,0,0,0,0,0,0,0,0,0,0,0,0,0,1000,1000,0,0
059274,國巨元大99購22  ,0,0,0,0,0,0,0,0,0,0,0,0,0,11000,11000,0,0
059240,台積電凱基9A購09,0,0,0,0,0,0,0,0,0,0,0,0,0,2000,2000,0,0
064278,高鐵元大9C購02  ,0,0,0,0,0,0,0,0,0,0,0,0,0,78000,78000,0,0
064334,可成元大01購01  ,0,0,0,0,0,0,0,0,0,0,0,0,0,47000,47000,0,0
064222,玉山金國票01購01,0,0,0,0,0,0,0,0,0,0,0,0,0,48000,48000,0,0
064437,可成凱基02購01  ,0,0,0,0,0,0,0,0,0,0,0,0,0,11000,11000,0,0
064359,華通統一9C購05  ,0,0,0,0,0,0,0,0,0,0,0,0,0,40000,40000,0,0
064395,華新科永豐9C購02,0,0,0,0,0,0,0,0,0,0,0,0,0,3000,3000,0,0
064389,台泥永豐9C購01  ,0,0,0,0,0,0,0,0,0,0,0,0,0,54000,54000,0,0
064630,巨大元大9C購01  ,0,0,0,0,0,0,0,0,0,0,0,0,0,22000,22000,0,0
064616,智邦元大9C購04  ,0,0,0,0,0,0,0,0,0,0,0,0,0,12000,12000,0,0
064619,南亞科元大9C購05,0,0,0,0,0,0,0,0,0,0,0,0,0,26000,26000,0,0
064541,元黃金凱基01購02,0,0,0,0,0,0,0,0,0,0,0,0,0,1000,1000,0,0
064536,富邦金國票01購01,0,0,0,0,0,0,0,0,0,0,0,0,0,101000,101000,0,0
064505,康控元大9C購01  ,0,0,0,0,0,0,0,0,0,0,0,0,0,19000,19000,0,0
064506,康控元大9C購02  ,0,0,0,0,0,0,0,0,0,0,0,0,0,2000,2000,0,0
064032,群創元大9C購06  ,0,0,0,0,0,0,0,0,0,0,0,0,0,11000,11000,0,0
064083,群創中信06購01  ,0,0,0,0,0,0,0,0,0,0,0,0,0,48000,48000,0,0
063903,國巨麥證01購01  ,0,0,0,300000,300000,0,0,0,0,0,0,0,0,300000,300000,0,0
063880,可成元富9C購01  ,0,0,0,0,0,0,0,0,0,0,0,0,0,13000,13000,0,0
063857,臺股指元大9C購10,0,0,0,0,0,0,0,0,0,0,0,0,0,1000,1000,0,0
063952,玉晶光元大01購01,0,0,0,0,0,0,0,0,0,0,0,0,0,1000,1000,0,0
063953,世芯元大01購01  ,0,0,0,0,0,0,0,0,0,0,0,0,0,4000,4000,0,0
064013,創意國票01購01  ,0,0,0,0,0,0,0,0,0,0,0,0,0,60000,60000,0,0
063624,GIS兆豐9B購01   ,0,0,0,0,0,0,0,0,0,0,0,0,0,10000,10000,0,0
063649,南六元大9C購02  ,0,0,0,0,0,0,0,0,0,0,0,0,0,60000,60000,0,0
063669,宏達電統一9C購01,0,0,0,0,0,0,0,0,0,0,0,0,0,10000,10000,0,0
063678,友達國泰9C購01  ,0,0,0,0,0,0,0,0,0,0,0,0,0,10000,10000,0,0
063530,同欣電凱基9C購02,0,0,0,0,0,0,0,0,0,0,0,0,0,59000,59000,0,0
063534,鴻海統一9B購07  ,0,0,0,0,0,0,0,0,0,0,0,0,0,1000,1000,0,0
06353P,電子類富邦99售02,0,0,0,0,0,0,0,0,0,0,0,0,0,10000,10000,0,0
063569,美食元大9B購03  ,0,0,0,0,0,0,0,0,0,0,0,0,0,4000,4000,0,0
063816,TPK群益9C購01   ,0,0,0,0,0,0,0,0,0,0,0,0,0,1000,1000,0,0
063840,鴻海元大01購01  ,0,0,0,0,0,0,0,0,0,0,0,0,0,1000,1000,0,0
063689,可成永豐9B購04  ,0,0,0,0,0,0,0,0,0,0,0,0,0,14000,14000,0,0
063756,鴻海統一9B購09  ,0,0,0,0,0,0,0,0,0,0,0,0,0,1000,1000,0,0
063726,鴻海元大9B購04  ,0,0,0,0,0,0,0,0,0,0,0,0,0,1000,1000,0,0
062723,聯發科凱基9B購09,0,0,0,0,0,0,0,0,0,0,0,0,0,6000,6000,0,0
062507,臺股指群益9B購02,0,0,0,0,0,0,0,0,0,0,0,0,0,1000,1000,0,0
062500,國巨群益01購01  ,0,0,0,0,0,0,0,0,0,0,0,0,0,57000,57000,0,0
062567,祥碩中信9C購01  ,0,0,0,0,0,0,0,0,0,0,0,0,0,20000,20000,0,0
062558,義隆凱基9B購02  ,0,0,0,0,0,0,0,0,0,0,0,0,0,30000,30000,0,0
062160,南六凱基9B購01  ,0,0,0,0,0,0,0,0,0,0,0,0,0,10000,10000,0,0
062183,奇鋐元大9B購01  ,0,60000,-60000,0,0,0,0,0,0,60000,0,0,0,226000,166000,60000,0
062189,康控元大9B購02  ,0,0,0,0,0,0,0,0,0,0,0,0,0,2000,2000,0,0
062270,上銀群益9B購03  ,0,0,0,0,0,0,0,0,0,0,0,0,0,6000,6000,0,0
062261,嘉晶元大9B購02  ,0,0,0,0,0,0,0,0,0,0,0,0,0,1000,1000,0,0
062255,聯發科元大9B購07,0,0,0,0,0,0,0,0,0,0,0,0,0,4000,4000,0,0
062251,旺宏元大9B購06  ,0,0,0,0,0,0,0,0,0,0,0,0,0,68000,68000,0,0
062283,玉晶光群益01購01,0,0,0,0,0,0,0,0,0,0,0,0,0,3000,3000,0,0
062389,台表科國泰01購01,0,0,0,0,0,0,0,0,0,0,0,0,0,10000,10000,0,0
062357,國巨元大9B購11  ,0,0,0,0,0,0,0,0,0,0,0,0,0,51000,51000,0,0
062325,鴻海統一9B購05  ,0,0,0,0,0,0,0,0,0,0,0,0,0,10000,10000,0,0
062437,廣達元大9B購01  ,0,0,0,0,0,0,0,0,0,0,0,0,0,4000,4000,0,0
062438,台光電元大9B購04,0,0,0,0,0,0,0,0,0,0,0,0,0,29000,29000,0,0
062470,智邦凱基9C購01  ,0,0,0,0,0,0,0,0,0,0,0,0,0,1000,1000,0,0
063158,瑞昱台新9B購02  ,0,0,0,0,0,0,0,0,0,0,0,0,0,5000,5000,0,0
063008,華通元大9B購06  ,0,0,0,0,0,0,0,0,0,0,0,0,0,2000,2000,0,0
063009,國巨元大9B購18  ,0,0,0,0,0,0,0,0,0,0,0,0,0,51000,51000,0,0
06299P,可成元大97售04  ,0,0,0,0,0,0,0,0,0,0,0,0,0,1000,1000,0,0
062864,臺股指國票9B購21,0,0,0,0,0,0,0,0,0,0,0,0,0,16000,16000,0,0
062938,聯發科凱基9B購10,0,0,0,0,0,0,0,0,0,0,0,0,0,9000,9000,0,0
062948,台積電富邦01購02,0,0,0,0,0,0,0,0,0,0,0,0,0,3000,3000,0,0
063509,超眾群益9B購03  ,0,0,0,0,0,0,0,0,0,0,0,0,0,4000,4000,0,0
063397,廣達群益9B購02  ,0,0,0,0,0,0,0,0,0,0,0,0,0,3000,3000,0,0
063428,矽創凱基9B購02  ,0,0,0,0,0,0,0,0,0,0,0,0,0,22000,22000,0,0
063421,可成凱基9C購02  ,0,0,0,0,0,0,0,0,0,0,0,0,0,20000,20000,0,0
06335P,台積電麥證97售02,0,0,0,490000,0,490000,0,0,0,0,0,0,0,490000,490000,0,0
063230,緯穎群益9B購02  ,0,0,0,0,0,0,0,0,0,0,0,0,0,24000,24000,0,0
063214,康控國票9C購01  ,0,0,0,0,0,0,0,0,0,0,0,0,0,35000,35000,0,0
063300,華通凱基9B購05  ,0,0,0,0,0,0,0,0,0,0,0,0,0,11000,11000,0,0
063352,上銀元富9B購02  ,0,0,0,0,0,0,0,0,0,0,0,0,0,5000,5000,0,0
6117,迎廣            ,5000,5000,0,0,0,0,0,0,0,0,0,0,0,0,0,0,0
6152,百一            ,15000,15000,0,0,0,0,0,0,0,0,0,0,0,0,0,0,0
6281,全國電          ,4000,4000,0,0,0,0,0,0,0,0,0,0,0,0,0,0,0
9912,偉聯            ,1000,1000,0,0,0,0,0,0,0,0,0,0,0,0,0,0,0
6409,旭隼            ,92000,92333,-333,0,0,0,0,0,0,0,1000,1000,0,0,0,0,-333
06607P,友達台新98售02  ,0,0,0,0,0,0,0,0,0,-1000,0,0,0,0,1000,-1000,-1000
06595P,祥碩元大98售03  ,0,0,0,0,0,0,0,0,0,-1000,0,0,0,399000,400000,-1000,-1000
065425,國巨凱基01購03  ,0,0,0,0,0,0,0,0,0,-1000,0,0,0,1000,2000,-1000,-1000
065386,華通兆豐9C購02  ,0,0,0,0,0,0,0,0,0,-1000,0,0,0,0,1000,-1000,-1000
065262,義隆元大9C購06  ,0,0,0,0,0,0,0,0,0,-1000,0,0,0,3000,4000,-1000,-1000
064872,南電永豐9C購02  ,0,0,0,0,0,0,0,0,0,-1000,0,0,0,14000,15000,-1000,-1000
07702P,台積電中信9A售06,0,0,0,0,0,0,0,0,0,-1000,0,0,0,0,1000,-1000,-1000
07242P,台灣50凱基9A售03,0,0,0,0,0,0,0,0,0,-1000,0,0,0,0,1000,-1000,-1000
07471P,南亞科元大9A售01,0,0,0,0,0,0,0,0,0,-1000,0,0,0,72000,73000,-1000,-1000
07537P,玉晶光元富9A售04,0,0,0,0,0,0,0,0,0,-1000,0,0,0,0,1000,-1000,-1000
06700P,臺股指統一99售05,0,0,0,0,0,0,0,0,0,-1000,0,0,0,0,1000,-1000,-1000
06734P,智邦凱基98售05  ,0,0,0,0,0,0,0,0,0,-1000,0,0,0,0,1000,-1000,-1000
06736P,新日興凱基98售03,0,0,0,0,0,0,0,0,0,-1000,0,0,0,0,1000,-1000,-1000
06875P,台灣50永昌9A售02,0,0,0,0,0,0,0,0,0,-1000,0,0,0,0,1000,-1000,-1000
07016P,聯發科元大99售10,0,0,0,0,0,0,0,0,0,-1000,0,0,0,0,1000,-1000,-1000
06954P,大立光元富99售01,0,0,0,0,0,0,0,0,0,-1000,0,0,0,44000,45000,-1000,-1000
08414P,超眾凱基9C售02  ,0,0,0,0,0,0,0,0,0,-1000,0,0,0,1000,2000,-1000,-1000
08390P,旺宏凱基9C售02  ,0,0,0,0,0,0,0,0,0,-1000,0,0,0,24000,25000,-1000,-1000
08385P,臺股指群益9C售13,0,0,0,0,0,0,0,0,0,-1000,0,0,0,4000,5000,-1000,-1000
08397P,國巨元富9C售04  ,0,0,0,0,0,0,0,0,0,-1000,0,0,0,0,1000,-1000,-1000
08304P,大立光中信02售01,0,0,0,0,0,0,0,0,0,-1000,0,0,0,0,1000,-1000,-1000
1234,黑松            ,11000,12000,-1000,0,0,0,0,0,0,0,0,0,0,0,0,0,-1000
08557P,臺股指中信01售09,0,0,0,0,0,0,0,0,0,-1000,0,0,0,0,1000,-1000,-1000
08550P,台灣50群益02售04,0,0,0,0,0,0,0,0,0,-1000,0,0,0,0,1000,-1000,-1000
07928P,國巨統一9B售09  ,0,0,0,0,0,0,0,0,0,-1000,0,0,0,0,1000,-1000,-1000
08273P,國巨元富9C售02  ,0,0,0,0,0,0,0,0,0,-1000,0,0,0,0,1000,-1000,-1000
2243,宏旭-KY         ,0,1000,-1000,0,0,0,0,0,0,0,0,0,0,0,0,0,-1000
1737,臺鹽            ,17000,17000,0,0,0,0,0,0,0,-1000,0,1000,-1000,0,0,0,-1000
1817,凱撒衛          ,3000,4000,-1000,0,0,0,0,0,0,0,0,0,0,0,0,0,-1000
3054,立萬利          ,1000,2000,-1000,0,0,0,0,0,0,0,0,0,0,0,0,0,-1000
2613,中櫃            ,6000,7000,-1000,0,0,0,0,0,0,0,0,0,0,0,0,0,-1000
0057,富邦摩台        ,0,0,0,0,0,0,0,0,0,-1000,0,0,0,20000,21000,-1000,-1000
00691R,兆豐藍籌30反1   ,0,0,0,0,0,0,0,0,0,-1000,0,0,0,0,1000,-1000,-1000
00706L,元大S&P日圓正2  ,0,0,0,0,0,0,0,0,0,-1000,0,0,0,1000,2000,-1000,-1000
00732,國泰RMB短期報酬 ,0,0,0,0,0,0,0,0,0,-1000,0,0,0,100000,101000,-1000,-1000
03013X,元展13          ,0,0,0,0,0,0,0,0,0,-1000,0,0,0,0,1000,-1000,-1000
03669C,滬深2X元富09牛01,0,0,0,0,0,0,0,0,0,-1000,0,0,0,1000,2000,-1000,-1000
03675C,臺股指元大04牛02,0,0,0,0,0,0,0,0,0,-1000,0,0,0,0,1000,-1000,-1000
04168P,元金2X凱基99售01,0,0,0,0,0,0,0,0,0,-1000,0,0,0,0,1000,-1000,-1000
055215,智邦凱基98購02  ,0,0,0,0,0,0,0,0,0,-1000,0,0,0,0,1000,-1000,-1000
053438,玉晶光麥證97購02,0,0,0,0,1000,-1000,0,0,0,-1000,0,0,0,0,1000,-1000,-1000
055118,嘉聯益凱基98購02,0,0,0,0,0,0,0,0,0,-1000,0,0,0,0,1000,-1000,-1000
055108,智邦凱基98購01  ,0,0,0,0,0,0,0,0,0,-1000,0,0,0,4000,5000,-1000,-1000
03428B,臺股指凱基97熊18,0,0,0,0,0,0,0,0,0,-1000,0,0,0,0,1000,-1000,-1000
051970,元黃金凱基98購01,0,0,0,0,0,0,0,0,0,-1000,0,0,0,0,1000,-1000,-1000
050679,上証2X元富97購02,0,0,0,0,0,0,0,0,0,-1000,0,0,0,50000,51000,-1000,-1000
048583,智原富邦98購01  ,0,0,0,0,0,0,0,0,0,-1000,0,0,0,0,1000,-1000,-1000
049973,T50反1日盛9A購01,0,0,0,0,0,0,0,0,0,-1000,0,0,0,0,1000,-1000,-1000
055598,欣興元大97購03  ,0,0,0,0,0,0,0,0,0,-1000,0,0,0,1000,2000,-1000,-1000
054318,台虹凱基98購01  ,0,0,0,0,0,0,0,0,0,-1000,0,0,0,49000,50000,-1000,-1000
054356,可成兆豐97購01  ,0,0,0,0,0,0,0,0,0,-1000,0,0,0,0,1000,-1000,-1000
054811,裕隆元大9A購01  ,0,0,0,0,0,0,0,0,0,-1000,0,0,0,0,1000,-1000,-1000
054791,泰碩群益99購02  ,0,0,0,0,0,0,0,0,0,-1000,0,0,0,0,1000,-1000,-1000
054655,貿聯麥證98購01  ,0,0,0,0,1000,-1000,0,0,0,-1000,0,0,0,0,1000,-1000,-1000
054996,聯陽元富97購01  ,0,0,0,0,0,0,0,0,0,-1000,0,0,0,0,1000,-1000,-1000
053969,瑞昱元大97購01  ,0,0,0,0,0,0,0,0,0,-1000,0,0,0,5000,6000,-1000,-1000
053947,義隆富邦97購01  ,0,0,0,0,0,0,0,0,0,-1000,0,0,0,0,1000,-1000,-1000
054138,晶技元大98購02  ,0,0,0,0,0,0,0,0,0,-1000,0,0,0,1000,2000,-1000,-1000
055657,超眾元富97購02  ,0,0,0,0,0,0,0,0,0,-1000,0,0,0,38000,39000,-1000,-1000
057106,美律群益98購03  ,0,0,0,0,0,0,0,0,0,-1000,0,0,0,0,1000,-1000,-1000
056902,大立光元大98購12,0,0,0,0,0,0,0,0,0,-1000,0,0,0,0,1000,-1000,-1000
056883,美食康和98購01  ,0,0,0,0,0,0,0,0,0,-1000,0,0,0,0,1000,-1000,-1000
056255,華新科元富97購05,0,0,0,0,0,0,0,0,0,-1000,0,0,0,0,1000,-1000,-1000
056242,緯創群益9A購01  ,0,0,0,0,0,0,0,0,0,-1000,0,0,0,0,1000,-1000,-1000
060073,台積電元富99購03,0,0,0,0,0,0,0,0,0,-1000,0,0,0,0,1000,-1000,-1000
059988,大立光元大9A購02,0,0,0,0,0,0,0,0,0,-1000,0,0,0,0,1000,-1000,-1000
05998P,台積電元大97售12,0,0,0,0,0,0,0,0,0,-1000,0,0,0,0,1000,-1000,-1000
060452,儒鴻元大9A購01  ,0,0,0,0,0,0,0,0,0,-1000,0,0,0,7000,8000,-1000,-1000
057373,大立光元大98購17,0,0,0,0,0,0,0,0,0,-1000,0,0,0,0,1000,-1000,-1000
056566,臻鼎群益98購01  ,0,0,0,0,0,0,0,0,0,-1000,0,0,0,0,1000,-1000,-1000
057044,旺宏元大98購08  ,0,0,0,0,0,0,0,0,0,-1000,0,0,0,0,1000,-1000,-1000
057010,景碩中信98購01  ,0,0,0,0,0,0,0,0,0,-1000,0,0,0,0,1000,-1000,-1000
056674,華邦電元富98購01,0,0,0,0,0,0,0,0,0,-1000,0,0,0,0,1000,-1000,-1000
056697,緯穎群益98購01  ,0,0,0,0,0,0,0,0,0,-1000,0,0,0,0,1000,-1000,-1000
056671,台灣50元富9A購01,0,0,0,0,0,0,0,0,0,-1000,0,0,0,0,1000,-1000,-1000
056721,台灣50永昌9A購01,0,0,0,0,0,0,0,0,0,-1000,0,0,0,0,1000,-1000,-1000
059257,臺股指凱基99購35,0,0,0,0,0,0,0,0,0,-1000,0,0,0,1000,2000,-1000,-1000
058448,滬深2X永豐9A購01,0,0,0,0,0,0,0,0,0,-1000,0,0,0,0,1000,-1000,-1000
059770,A50正2群益9C購01,0,0,0,0,0,0,0,0,0,-1000,0,0,0,0,1000,-1000,-1000
060594,國巨麥證9A購01  ,0,0,0,0,1000,-1000,0,0,0,-1000,0,0,0,0,1000,-1000,-1000
060583,南亞科元富9A購05,0,0,0,0,0,0,0,0,0,-1000,0,0,0,9000,10000,-1000,-1000
060317,台灣50群益02購01,0,0,0,0,0,0,0,0,0,-1000,0,0,0,17000,18000,-1000,-1000
058498,世紀鋼群益99購01,0,0,0,0,0,0,0,0,0,-1000,0,0,0,72000,73000,-1000,-1000
060728,上証2X群益9C購05,0,0,0,0,0,0,0,0,0,-1000,0,0,0,0,1000,-1000,-1000
059347,京鼎凱基99購02  ,0,0,0,0,0,0,0,0,0,-1000,0,0,0,0,1000,-1000,-1000
059377,台積電群益99購09,0,0,0,0,0,0,0,0,0,-1000,0,0,0,0,1000,-1000,-1000
058526,鈺齊元大99購02  ,0,0,0,0,0,0,0,0,0,-1000,0,0,0,1000,2000,-1000,-1000
059403,T50反1台新03購03,0,0,0,0,0,0,0,0,0,-1000,0,0,0,0,1000,-1000,-1000
059470,華新科元大99購16,0,0,0,0,0,0,0,0,0,-1000,0,0,0,2000,3000,-1000,-1000
058277,FBVIX中信03購01 ,0,0,0,0,0,0,0,0,0,-1000,0,0,0,0,1000,-1000,-1000
058273,同欣電永豐99購01,0,0,0,0,0,0,0,0,0,-1000,0,0,0,0,1000,-1000,-1000
058150,中502X統一9B購01,0,0,0,0,0,0,0,0,0,-1000,0,0,0,0,1000,-1000,-1000
061059,世芯國票9B購01  ,0,0,0,0,0,0,0,0,0,-1000,0,0,0,23000,24000,-1000,-1000
061084,京元電兆豐9A購02,0,0,0,0,0,0,0,0,0,-1000,0,0,0,21000,22000,-1000,-1000
061074,儒鴻兆豐9B購01  ,0,0,0,0,0,0,0,0,0,-1000,0,0,0,5000,6000,-1000,-1000
061162,南電群益9A購02  ,0,0,0,0,0,0,0,0,0,-1000,0,0,0,2000,3000,-1000,-1000
061171,大立光麥證9A購01,0,0,0,0,1000,-1000,0,0,0,-1000,0,0,0,0,1000,-1000,-1000
061233,國巨元大9A購17  ,0,0,0,0,0,0,0,0,0,-1000,0,0,0,20000,21000,-1000,-1000
061205,旺宏元大9A購11  ,0,0,0,0,0,0,0,0,0,-1000,0,0,0,0,1000,-1000,-1000
060998,華通兆豐9A購01  ,0,0,0,0,0,0,0,0,0,-1000,0,0,0,0,1000,-1000,-1000
061731,旺宏統一9B購06  ,0,0,0,0,0,0,0,0,0,-1000,0,0,0,0,1000,-1000,-1000
061700,瑞昱國票9A購02  ,0,0,0,0,0,0,0,0,0,-1000,0,0,0,6000,7000,-1000,-1000
061535,群創統一9C購01  ,0,0,0,0,0,0,0,0,0,-1000,0,0,0,29000,30000,-1000,-1000
061453,台達電凱基9B購01,0,0,0,0,0,0,0,0,0,-1000,0,0,0,19000,20000,-1000,-1000
062000,臺股指元大9B購24,0,0,0,0,0,0,0,0,0,-1000,0,0,0,0,1000,-1000,-1000
06201P,可成元大97售01  ,0,0,0,0,0,0,0,0,0,-1000,0,0,0,70000,71000,-1000,-1000
061941,道瓊指群益9B購01,0,0,0,0,0,0,0,0,0,-1000,0,0,0,0,1000,-1000,-1000
061935,台積電國票9B購07,0,0,0,0,0,0,0,0,0,-1000,0,0,0,0,1000,-1000,-1000
061810,S&P反1群益9B購02,0,0,0,0,0,0,0,0,0,-1000,0,0,0,0,1000,-1000,-1000
058839,瑞儀中信99購02  ,0,0,0,0,0,0,0,0,0,-1000,0,0,0,19000,20000,-1000,-1000
059721,旺宏元大99購16  ,0,0,0,0,0,0,0,0,0,-1000,0,0,0,0,1000,-1000,-1000
058855,台積電兆豐99購02,0,0,0,0,0,0,0,0,0,-1000,0,0,0,40000,41000,-1000,-1000
058874,聯鈞國票9A購01  ,0,0,0,0,0,0,0,0,0,-1000,0,0,0,80000,81000,-1000,-1000
063323,同欣電群益9B購03,0,0,0,0,0,0,0,0,0,-1000,0,0,0,2000,3000,-1000,-1000
062888,漢唐群益9B購01  ,0,0,0,0,0,0,0,0,0,-1000,0,0,0,4000,5000,-1000,-1000
062477,聯詠國票9B購01  ,0,0,0,0,0,0,0,0,0,-1000,0,0,0,5000,6000,-1000,-1000
062422,億光統一01購01  ,0,0,0,0,0,0,0,0,0,-1000,0,0,0,0,1000,-1000,-1000
062582,鴻海統一9C購11  ,0,0,0,0,0,0,0,0,0,-1000,0,0,0,0,1000,-1000,-1000
06266P,大立光凱基97售11,0,0,0,0,0,0,0,0,0,-1000,0,0,0,19000,20000,-1000,-1000
06284P,台積電國票98售03,0,0,0,0,0,0,0,0,0,-1000,0,0,0,15000,16000,-1000,-1000
062774,儒鴻元大9C購01  ,0,0,0,0,0,0,0,0,0,-1000,0,0,0,78000,79000,-1000,-1000
063700,台積電群益9B購09,0,0,0,0,0,0,0,0,0,-1000,0,0,0,0,1000,-1000,-1000
06381P,臺股指統一98售03,0,0,0,0,0,0,0,0,0,-1000,0,0,0,0,1000,-1000,-1000
063603,友達凱基9B購05  ,0,0,0,0,0,0,0,0,0,-1000,0,0,0,3000,4000,-1000,-1000
063988,華通永豐9C購01  ,0,0,0,0,0,0,0,0,0,-1000,0,0,0,0,1000,-1000,-1000
064178,台郡國泰01購01  ,0,0,0,0,0,0,0,0,0,-1000,0,0,0,0,1000,-1000,-1000
064527,裕隆中信01購01  ,0,0,0,0,0,0,0,0,0,-1000,0,0,0,0,1000,-1000,-1000
064556,華通群益02購02  ,0,0,0,0,0,0,0,0,0,-1000,0,0,0,0,1000,-1000,-1000
064734,大立光元富9C購05,0,0,0,0,0,0,0,0,0,-1000,0,0,0,0,1000,-1000,-1000
064439,大立光凱基03購02,0,0,0,0,0,0,0,0,0,-1000,0,0,0,0,1000,-1000,-1000
064467,南亞科元富9C購02,0,0,0,0,0,0,0,0,0,-1000,0,0,0,11000,12000,-1000,-1000
064287,日月光元大9C購01,0,0,0,0,0,0,0,0,0,-1000,0,0,0,19000,20000,-1000,-1000
6283,淳安            ,0,1000,-1000,0,0,0,0,0,0,0,0,0,0,0,0,0,-1000
8222,寶一            ,4000,5000,-1000,0,0,0,0,0,0,0,4000,4000,0,0,0,0,-1000
8114,振樺電          ,3000,3000,0,0,0,0,0,0,0,-1000,0,1000,-1000,0,0,0,-1000
8367,建新國際        ,6000,6000,0,0,0,0,0,0,0,-1000,2000,3000,-1000,0,0,0,-1000
8488,吉源-KY         ,0,1000,-1000,0,0,0,0,0,0,0,0,0,0,0,0,0,-1000
8480,泰昇-KY         ,0,1000,-1000,0,0,0,0,0,0,0,0,0,0,0,0,0,-1000
6133,金橋            ,1000,2000,-1000,0,0,0,0,0,0,0,0,0,0,0,0,0,-1000
5484,慧友            ,9000,10000,-1000,0,0,0,0,0,0,0,0,0,0,0,0,0,-1000
8473,山林水          ,6000,7000,-1000,0,0,0,0,0,0,0,0,0,0,0,0,0,-1000
2816,旺旺保          ,19000,21000,-2000,0,0,0,0,0,0,0,0,0,0,0,0,0,-2000
1735,日勝化          ,0,2000,-2000,0,0,0,0,0,0,0,0,0,0,0,0,0,-2000
2009,第一銅          ,32000,34000,-2000,0,0,0,0,0,0,0,0,0,0,0,0,0,-2000
1611,中電            ,93000,103000,-10000,0,0,0,0,0,0,8000,10000,2000,8000,0,0,0,-2000
1503,士電            ,25000,27000,-2000,0,0,0,0,0,0,0,0,0,0,0,0,0,-2000
2034,允強            ,32000,63000,-31000,0,0,0,0,0,0,29000,50000,21000,29000,0,0,0,-2000
2423,固緯            ,10000,12000,-2000,0,0,0,0,0,0,0,0,0,0,0,0,0,-2000
08528P,台勝科元大9C售02,0,0,0,0,0,0,0,0,0,-2000,0,0,0,0,2000,-2000,-2000
1341,富林-KY         ,3000,5000,-2000,0,0,0,0,0,0,0,0,0,0,0,0,0,-2000
07184P,台灣50元富01售01,0,0,0,0,0,0,0,0,0,-2000,0,0,0,0,2000,-2000,-2000
07110P,台灣50群益9B售03,0,0,0,0,0,0,0,0,0,-2000,0,0,0,76000,78000,-2000,-2000
07127P,精元元大99售01  ,0,0,0,0,0,0,0,0,0,-2000,0,0,0,0,2000,-2000,-2000
07520P,臺股指元大9B售11,0,0,0,0,0,0,0,0,0,-2000,0,0,0,6000,8000,-2000,-2000
07435P,台積電富邦9C售07,0,0,0,0,0,0,0,0,0,-2000,0,0,0,0,2000,-2000,-2000
07452P,國巨元大9A售05  ,0,0,0,0,0,0,0,0,0,-2000,0,0,0,0,2000,-2000,-2000
07757P,國巨國票9B售04  ,0,0,0,0,0,0,0,0,0,-2000,0,0,0,0,2000,-2000,-2000
07820P,臺股指國票9A售11,0,0,0,0,0,0,0,0,0,-2000,0,0,0,16000,18000,-2000,-2000
065190,緯穎統一9C購02  ,0,0,0,0,0,0,0,0,0,-2000,0,0,0,5000,7000,-2000,-2000
065416,華通國票01購02  ,0,0,0,0,0,0,0,0,0,-2000,0,0,0,0,2000,-2000,-2000
055781,聯詠凱基98購01  ,0,0,0,0,0,0,0,0,0,-2000,0,0,0,0,2000,-2000,-2000
056612,台積電永豐98購01,0,0,0,0,0,0,0,0,0,-2000,0,0,0,0,2000,-2000,-2000
055974,上銀統一97購05  ,0,0,0,0,0,0,0,0,0,-2000,0,0,0,27000,29000,-2000,-2000
057406,茂林群益98購03  ,0,0,0,0,0,0,0,0,0,-2000,0,0,0,0,2000,-2000,-2000
060445,S&P反1元大9A購04,0,0,0,0,0,0,0,0,0,-2000,0,0,0,0,2000,-2000,-2000
060368,緯穎元富9A購03  ,0,0,0,0,0,0,0,0,0,-2000,0,0,0,0,2000,-2000,-2000
059973,A50正2元大99購02,0,0,0,0,0,0,0,0,0,-2000,0,0,0,0,2000,-2000,-2000
060115,南電元大99購06  ,0,0,0,0,0,0,0,0,0,-2000,0,0,0,0,2000,-2000,-2000
057844,新日興永豐99購01,0,0,0,0,0,0,0,0,0,-2000,0,0,0,0,2000,-2000,-2000
055695,大毅國票98購03  ,0,0,0,0,0,0,0,0,0,-2000,0,0,0,9000,11000,-2000,-2000
055021,亞德客國泰98購01,0,0,0,0,0,0,0,0,0,-2000,0,0,0,0,2000,-2000,-2000
054831,緯穎國泰98購01  ,0,0,0,0,0,0,0,0,0,-2000,0,0,0,0,2000,-2000,-2000
054627,義隆凱基98購01  ,0,0,0,0,0,0,0,0,0,-2000,0,0,0,10000,12000,-2000,-2000
054317,昇陽半凱基98購01,0,0,0,0,0,0,0,0,0,-2000,0,0,0,0,2000,-2000,-2000
051577,台積電元大97購03,0,0,0,0,0,0,0,0,0,-2000,0,0,0,1000,3000,-2000,-2000
051971,元金2X凱基97購02,0,0,0,0,0,0,0,0,0,-2000,0,0,0,18000,20000,-2000,-2000
03432B,臺股指凱基98熊13,0,0,0,0,0,0,0,0,0,-2000,0,0,0,0,2000,-2000,-2000
03425B,臺股指元大9A熊01,0,0,0,0,0,0,0,0,0,-2000,0,0,0,0,2000,-2000,-2000
03052X,元展49          ,0,0,0,0,0,0,0,0,0,-2000,0,0,0,0,2000,-2000,-2000
053378,台積電元大98購02,0,0,0,0,0,0,0,0,0,-2000,0,0,0,0,2000,-2000,-2000
053350,台表科國票97購02,0,0,0,0,0,0,0,0,0,-2000,0,0,0,0,2000,-2000,-2000
03681C,台灣50凱基02牛02,0,0,0,0,0,0,0,0,0,-2000,0,0,0,0,2000,-2000,-2000
059009,世紀鋼元大99購04,0,0,0,0,0,0,0,0,0,-2000,0,0,0,15000,17000,-2000,-2000
058706,聯鈞元大9C購01  ,0,0,0,0,0,0,0,0,0,-2000,0,0,0,70000,72000,-2000,-2000
059899,上証2X元大9C購04,0,0,0,0,0,0,0,0,0,-2000,0,0,0,0,2000,-2000,-2000
061361,世紀鋼兆豐9A購01,0,0,0,0,0,0,0,0,0,-2000,0,0,0,0,2000,-2000,-2000
059643,日月光凱基99購02,0,0,0,0,0,0,0,0,0,-2000,0,0,0,0,2000,-2000,-2000
059165,南亞科凱基99購04,0,0,0,0,0,0,0,0,0,-2000,0,0,0,31000,33000,-2000,-2000
061849,國巨國票9B購08  ,0,0,0,0,0,0,0,0,0,-2000,0,0,0,43000,45000,-2000,-2000
061978,旺宏元大9C購01  ,0,0,0,0,0,0,0,0,0,-2000,0,0,0,50000,52000,-2000,-2000
061460,FBVIX群益9A購02 ,0,0,0,0,0,0,0,0,0,-2000,0,0,0,0,2000,-2000,-2000
061611,南六統一01購01  ,0,0,0,0,0,0,0,0,0,-2000,0,0,0,34000,36000,-2000,-2000
058216,TPK群益99購01   ,0,0,0,0,0,0,0,0,0,-2000,0,0,0,4000,6000,-2000,-2000
058352,鴻海凱基9A購05  ,0,0,0,0,0,0,0,0,0,-2000,0,0,0,0,2000,-2000,-2000
058342,鴻海群益9A購01  ,0,0,0,0,0,0,0,0,0,-2000,0,0,0,1000,3000,-2000,-2000
058344,旺宏群益99購05  ,0,0,0,0,0,0,0,0,0,-2000,0,0,0,0,2000,-2000,-2000
058345,台光電群益99購03,0,0,0,0,0,0,0,0,0,-2000,0,0,0,0,2000,-2000,-2000
059466,國巨元大99購26  ,0,0,0,0,0,0,0,0,0,-2000,0,0,0,26000,28000,-2000,-2000
060812,智邦凱基9A購01  ,0,0,0,0,0,0,0,0,0,-2000,0,0,0,2000,4000,-2000,-2000
059350,樺漢凱基9A購01  ,0,0,0,0,0,0,0,0,0,-2000,0,0,0,0,2000,-2000,-2000
060619,玉晶光元大9A購03,0,0,0,0,0,0,0,0,0,-2000,0,0,0,5000,7000,-2000,-2000
059782,A50正2元大9C購04,0,0,0,0,0,0,0,0,0,-2000,0,0,0,30000,32000,-2000,-2000
059827,晶技凱基99購03  ,0,0,0,0,0,0,0,0,0,-2000,0,0,0,0,2000,-2000,-2000
059754,訊芯群益9A購01  ,0,0,0,0,0,0,0,0,0,-2000,0,0,0,92000,94000,-2000,-2000
059264,台光電中信99購02,0,0,0,0,0,0,0,0,0,-2000,0,0,0,20000,22000,-2000,-2000
059276,可成元大99購06  ,0,0,0,0,0,0,0,0,0,-2000,0,0,0,0,2000,-2000,-2000
059239,台積電凱基99購12,0,0,0,0,0,0,0,0,0,-2000,0,0,0,0,2000,-2000,-2000
060169,群電永豐9A購01  ,0,0,0,0,0,0,0,0,0,-2000,0,0,0,0,2000,-2000,-2000
060174,T50反1元富04購01,0,0,0,0,0,0,0,0,0,-2000,0,0,0,6000,8000,-2000,-2000
060222,貿聯凱基9A購02  ,0,0,0,0,0,0,0,0,0,-2000,0,0,0,0,2000,-2000,-2000
064305,健鼎兆豐9C購02  ,0,0,0,0,0,0,0,0,0,-2000,0,0,0,30000,32000,-2000,-2000
064245,GIS統一02購02   ,0,0,0,0,0,0,0,0,0,-2000,0,0,0,0,2000,-2000,-2000
064445,聚陽統一02購01  ,0,0,0,0,0,0,0,0,0,-2000,0,0,0,100000,102000,-2000,-2000
064414,臺股指凱基9C購10,0,0,0,0,0,0,0,0,0,-2000,0,0,0,6000,8000,-2000,-2000
064346,貿聯元大01購01  ,0,0,0,0,0,0,0,0,0,-2000,0,0,0,106000,108000,-2000,-2000
064739,智邦國票01購01  ,0,0,0,0,0,0,0,0,0,-2000,0,0,0,0,2000,-2000,-2000
064754,漢唐凱基02購01  ,0,0,0,0,0,0,0,0,0,-2000,0,0,0,0,2000,-2000,-2000
064486,聚陽元大9C購01  ,0,0,0,0,0,0,0,0,0,-2000,0,0,0,6000,8000,-2000,-2000
064134,瑞祺元大9C購02  ,0,0,0,0,0,0,0,0,0,-2000,0,0,0,80000,82000,-2000,-2000
064077,台積電中信06購03,0,0,0,0,0,0,0,0,0,-2000,0,0,0,6000,8000,-2000,-2000
063907,華通凱基9C購03  ,0,0,0,0,0,0,0,0,0,-2000,0,0,0,0,2000,-2000,-2000
063748,台積電國票9C購05,0,0,0,0,0,0,0,0,0,-2000,0,0,0,31000,33000,-2000,-2000
062779,台積電元大9B購03,0,0,0,0,0,0,0,0,0,-2000,0,0,0,0,2000,-2000,-2000
062366,義隆元大9B購04  ,0,0,0,0,0,0,0,0,0,-2000,0,0,0,48000,50000,-2000,-2000
062254,台光電元大9B購02,0,0,0,0,0,0,0,0,0,-2000,0,0,0,8000,10000,-2000,-2000
062941,大立光凱基9B購07,0,0,0,0,0,0,0,0,0,-2000,0,0,0,0,2000,-2000,-2000
062937,旺宏凱基9B購08  ,0,0,0,0,0,0,0,0,0,-2000,0,0,0,2000,4000,-2000,-2000
063395,金像電群益9B購02,0,0,0,0,0,0,0,0,0,-2000,0,0,0,98000,100000,-2000,-2000
9905,大華            ,6000,8000,-2000,0,0,0,0,0,0,0,0,0,0,0,0,0,-2000
4737,華廣            ,3000,5000,-2000,0,0,0,0,0,0,0,0,0,0,0,0,0,-2000
3679,新至陞          ,4000,6000,-2000,0,0,0,0,0,0,0,0,0,0,0,0,0,-2000
6405,悅城            ,1000,3000,-2000,0,0,0,0,0,0,0,0,0,0,0,0,0,-2000
065409,鴻海永豐9C購01  ,0,0,0,0,0,0,0,0,0,-3000,0,0,0,0,3000,-3000,-3000
065316,大成鋼凱基9C購01,0,0,0,0,0,0,0,0,0,-3000,0,0,0,0,3000,-3000,-3000
065364,國巨元大9C購18  ,0,0,0,0,0,0,0,0,0,-3000,0,0,0,61000,64000,-3000,-3000
065455,金寶元富9C購01  ,0,0,0,0,0,0,0,0,0,-3000,0,0,0,0,3000,-3000,-3000
07792P,牧德元大9A售04  ,0,0,0,0,0,0,0,0,0,-3000,0,0,0,2000,5000,-3000,-3000
07740P,臺股指永豐9A售01,0,0,0,0,0,0,0,0,0,-3000,0,0,0,0,3000,-3000,-3000
07644P,南電凱基9A售03  ,0,0,0,0,0,0,0,0,0,-3000,0,0,0,0,3000,-3000,-3000
07639P,緯穎國票9A售01  ,0,0,0,0,0,0,0,0,0,-3000,0,0,0,39000,42000,-3000,-3000
07492P,臺股指國票9A售10,0,0,0,0,0,0,0,0,0,-3000,0,0,0,0,3000,-3000,-3000
07276P,臺股指群益99售19,0,0,0,0,0,0,0,0,0,-3000,0,0,0,0,3000,-3000,-3000
1225,福懋油          ,9000,12000,-3000,0,0,0,0,0,0,0,0,0,0,0,0,0,-3000
1109,信大            ,14000,17000,-3000,0,0,0,0,0,0,0,0,0,0,0,0,0,-3000
08475P,臺股指凱基9C售13,0,0,0,0,0,0,0,0,0,-3000,0,0,0,0,3000,-3000,-3000
08408P,臺股指元大9C售14,0,0,0,0,0,0,0,0,0,-3000,0,0,0,0,3000,-3000,-3000
08183P,聯發科永豐9B售04,0,0,0,0,0,0,0,0,0,-3000,0,0,0,2000,5000,-3000,-3000
2460,建通            ,15000,18000,-3000,0,0,0,0,0,0,0,0,0,0,0,0,0,-3000
00731,FH富時高息低波  ,4000,4000,0,0,0,0,0,0,0,-3000,0,0,0,1008000,1011000,-3000,-3000
00709,富邦歐洲        ,0,0,0,0,0,0,0,0,0,-3000,0,0,0,115000,118000,-3000,-3000
00685L,群益臺灣加權正2 ,0,0,0,0,0,0,0,0,0,-3000,0,0,0,15000,18000,-3000,-3000
00682U,元大美元指數    ,0,0,0,0,0,0,0,0,0,-3000,0,0,0,4000,7000,-3000,-3000
051946,健策統一98購01  ,0,0,0,0,0,0,0,0,0,-3000,0,0,0,0,3000,-3000,-3000
035274,華新台新97購01  ,0,0,0,0,0,0,0,0,0,-3000,0,0,0,0,3000,-3000,-3000
055618,麗豐國票98購01  ,0,0,0,0,0,0,0,0,0,-3000,0,0,0,70000,73000,-3000,-3000
053677,同欣電國泰97購01,0,0,0,0,0,0,0,0,0,-3000,0,0,0,2000,5000,-3000,-3000
054890,聯鈞統一99購01  ,0,0,0,0,0,0,0,0,0,-3000,0,0,0,0,3000,-3000,-3000
054930,群電凱基98購01  ,0,0,0,0,0,0,0,0,0,-3000,0,0,0,0,3000,-3000,-3000
054217,台表科國票97購05,0,0,0,0,0,0,0,0,0,-3000,0,0,0,2000,5000,-3000,-3000
054152,漢唐國泰98購02  ,0,0,0,0,0,0,0,0,0,-3000,0,0,0,50000,53000,-3000,-3000
056494,緯創國泰99購01  ,0,0,0,0,0,0,0,0,0,-3000,0,0,0,0,3000,-3000,-3000
057103,禾伸堂中信9A購01,0,0,0,0,0,0,0,0,0,-3000,0,0,0,20000,23000,-3000,-3000
056969,智易永豐98購01  ,0,0,0,0,0,0,0,0,0,-3000,0,0,0,35000,38000,-3000,-3000
060033,臻鼎永豐99購01  ,0,0,0,0,0,0,0,0,0,-3000,0,0,0,10000,13000,-3000,-3000
060389,世紀鋼凱基9B購02,0,0,0,0,0,0,0,0,0,-3000,0,0,0,0,3000,-3000,-3000
060373,元金2X元富9A購01,0,0,0,0,0,0,0,0,0,-3000,0,0,0,0,3000,-3000,-3000
060412,儒鴻永豐9A購01  ,0,0,0,0,0,0,0,0,0,-3000,0,0,0,63000,66000,-3000,-3000
057805,華通元大98購06  ,0,0,0,0,0,0,0,0,0,-3000,0,0,0,0,3000,-3000,-3000
057819,新日興元大99購01,0,0,0,0,0,0,0,0,0,-3000,0,0,0,72000,75000,-3000,-3000
058490,元黃金群益9B購01,0,0,0,0,0,0,0,0,0,-3000,0,0,0,0,3000,-3000,-3000
059265,美律中信01購01  ,0,0,0,0,0,0,0,0,0,-3000,0,0,0,0,3000,-3000,-3000
058459,南電永豐99購01  ,0,0,0,0,0,0,0,0,0,-3000,0,0,0,0,3000,-3000,-3000
060620,玉晶光元大9A購04,0,0,0,0,0,0,0,0,0,-3000,0,0,0,0,3000,-3000,-3000
060609,玉晶光凱基9B購01,0,0,0,0,0,0,0,0,0,-3000,0,0,0,5000,8000,-3000,-3000
059386,上銀凱基99購07  ,0,0,0,0,0,0,0,0,0,-3000,0,0,0,0,3000,-3000,-3000
060782,道瓊指富邦9C購01,0,0,0,0,0,0,0,0,0,-3000,0,0,0,17000,20000,-3000,-3000
060714,晶技永豐9A購02  ,0,0,0,0,0,0,0,0,0,-3000,0,0,0,143000,146000,-3000,-3000
061072,南電凱基9B購01  ,0,0,0,0,0,0,0,0,0,-3000,0,0,0,33000,36000,-3000,-3000
058041,FBVIX元大98購02 ,0,0,0,0,0,0,0,0,0,-3000,0,0,0,0,3000,-3000,-3000
06110P,國巨國泰98售02  ,0,0,0,0,0,0,0,0,0,-3000,0,0,0,687000,690000,-3000,-3000
061128,大立光永豐9A購02,0,0,0,0,0,0,0,0,0,-3000,0,0,0,0,3000,-3000,-3000
061247,玉晶光群益9A購09,0,0,0,0,0,0,0,0,0,-3000,0,0,0,47000,50000,-3000,-3000
061682,南電元大9B購01  ,0,0,0,0,0,0,0,0,0,-3000,0,0,0,103000,106000,-3000,-3000
061710,國巨凱基9A購18  ,0,0,0,0,0,0,0,0,0,-3000,0,0,0,55000,58000,-3000,-3000
061410,緯穎國票9A購03  ,0,0,0,0,0,0,0,0,0,-3000,0,0,0,5000,8000,-3000,-3000
06148P,台積電元大97售17,0,0,0,0,0,0,0,0,0,-3000,0,0,0,0,3000,-3000,-3000
061573,義隆元大9A購02  ,0,0,0,0,0,0,0,0,0,-3000,0,0,0,46000,49000,-3000,-3000
059138,台積電兆豐99購04,0,0,0,0,0,0,0,0,0,-3000,0,0,0,0,3000,-3000,-3000
058795,可成元大99購03  ,0,0,0,0,0,0,0,0,0,-3000,0,0,0,198000,201000,-3000,-3000
059707,健策凱基9A購03  ,0,0,0,0,0,0,0,0,0,-3000,0,0,0,18000,21000,-3000,-3000
059659,旺宏元大9A購03  ,0,0,0,0,0,0,0,0,0,-3000,0,0,0,0,3000,-3000,-3000
059571,奇力新凱基99購06,0,0,0,0,0,0,0,0,0,-3000,0,0,0,0,3000,-3000,-3000
058684,健策凱基99購02  ,0,0,0,0,0,0,0,0,0,-3000,0,0,0,11000,14000,-3000,-3000
059005,嘉晶元大99購06  ,0,0,0,0,0,0,0,0,0,-3000,0,0,0,0,3000,-3000,-3000
063304,大立光凱基01購02,0,0,0,0,0,0,0,0,0,-3000,0,0,0,0,3000,-3000,-3000
06294P,臺股指國票97售08,0,0,0,0,0,0,0,0,0,-3000,0,0,0,37000,40000,-3000,-3000
06303P,臺股指元大97售09,0,0,0,0,0,0,0,0,0,-3000,0,0,0,0,3000,-3000,-3000
062276,瑞昱群益9B購01  ,0,0,0,0,0,0,0,0,0,-3000,0,0,0,5000,8000,-3000,-3000
062307,華通凱基9C購01  ,0,0,0,0,0,0,0,0,0,-3000,0,0,0,3000,6000,-3000,-3000
062721,美律凱基9B購02  ,0,0,0,0,0,0,0,0,0,-3000,0,0,0,0,3000,-3000,-3000
062556,瑞昱凱基9B購02  ,0,0,0,0,0,0,0,0,0,-3000,0,0,0,17000,20000,-3000,-3000
063800,玉晶光凱基9C購02,0,0,0,0,0,0,0,0,0,-3000,0,0,0,17000,20000,-3000,-3000
063547,大立光兆豐9B購04,0,0,0,0,0,0,0,0,0,-3000,0,0,0,0,3000,-3000,-3000
064525,臺股指群益9C購10,0,0,0,0,0,0,0,0,0,-3000,0,0,0,0,3000,-3000,-3000
064634,臺股指元大9C購20,0,0,0,0,0,0,0,0,0,-3000,0,0,0,0,3000,-3000,-3000
064766,矽創凱基9C購01  ,0,0,0,0,0,0,0,0,0,-3000,0,0,0,62000,65000,-3000,-3000
064194,燿華群益9C購01  ,0,0,0,0,0,0,0,0,0,-3000,0,0,0,17000,20000,-3000,-3000
8466,美吉吉-KY       ,0,3000,-3000,0,0,0,0,0,0,0,0,0,0,0,0,0,-3000
4566,時碩工業        ,6000,8000,-2000,0,0,0,0,0,0,-1000,0,1000,-1000,0,0,0,-3000
2429,銘旺科          ,5000,9000,-4000,0,0,0,0,0,0,0,0,0,0,0,0,0,-4000
2482,連宇            ,16000,22000,-6000,0,0,0,0,0,0,2000,2000,0,2000,0,0,0,-4000
07245P,台積電凱基99售16,0,0,0,0,0,0,0,0,0,-4000,0,0,0,3000,7000,-4000,-4000
07494P,葡萄王元大9A售03,0,0,0,0,0,0,0,0,0,-4000,0,0,0,0,4000,-4000,-4000
07415P,台積電元大99售52,0,0,0,0,0,0,0,0,0,-4000,0,0,0,1000,5000,-4000,-4000
07013P,玉晶光群益9A售06,0,0,0,0,0,0,0,0,0,-4000,0,0,0,0,4000,-4000,-4000
06778P,台積電元大99售06,0,0,0,0,0,0,0,0,0,-4000,0,0,0,0,4000,-4000,-4000
06705P,臻鼎元富98售03  ,0,0,0,0,0,0,0,0,0,-4000,0,0,0,273000,277000,-4000,-4000
06685P,鴻海國泰9A售01  ,0,0,0,0,0,0,0,0,0,-4000,0,0,0,6000,10000,-4000,-4000
065475,聯發科元大01購04,0,0,0,0,0,0,0,0,0,-4000,0,0,0,56000,60000,-4000,-4000
065473,鴻海元大9C購14  ,0,0,0,0,0,0,0,0,0,-4000,0,0,0,0,4000,-4000,-4000
065490,國巨國泰02購02  ,0,0,0,0,0,0,0,0,0,-4000,0,0,0,1000,5000,-4000,-4000
06633P,國巨國票99售01  ,0,0,0,0,0,0,0,0,0,-4000,0,0,0,0,4000,-4000,-4000
065223,旺宏中信01購01  ,0,0,0,0,0,0,0,0,0,-4000,0,0,0,0,4000,-4000,-4000
065243,聯發科兆豐01購03,0,0,0,0,0,0,0,0,0,-4000,0,0,0,0,4000,-4000,-4000
065012,燿華國泰02購01  ,0,0,0,0,0,0,0,0,0,-4000,0,0,0,0,4000,-4000,-4000
057263,可成兆豐99購01  ,0,0,0,0,0,0,0,0,0,-4000,0,0,0,0,4000,-4000,-4000
056555,矽創凱基98購01  ,0,0,0,0,0,0,0,0,0,-4000,0,0,0,16000,20000,-4000,-4000
060301,國巨富邦9C購02  ,0,0,0,0,0,0,0,0,0,-4000,0,0,0,1000,5000,-4000,-4000
057930,旺宏群益99購04  ,0,0,0,0,0,0,0,0,0,-4000,0,0,0,7000,11000,-4000,-4000
059975,元金2X元大99購02,0,0,0,0,0,0,0,0,0,-4000,0,0,0,26000,30000,-4000,-4000
060505,友達元大9C購05  ,0,0,0,0,0,0,0,0,0,-4000,0,0,0,4000,8000,-4000,-4000
057871,國巨元大99購09  ,0,0,0,0,0,0,0,0,0,-4000,0,0,0,6000,10000,-4000,-4000
057150,貿聯國票99購02  ,0,0,0,0,0,0,0,0,0,-4000,0,0,0,38000,42000,-4000,-4000
057555,玉晶光凱基9A購02,0,0,0,0,0,0,0,0,0,-4000,0,0,0,62000,66000,-4000,-4000
055713,國巨元大98購09  ,0,0,0,0,0,0,0,0,0,-4000,0,0,0,98000,102000,-4000,-4000
056520,鴻海日盛99購01  ,0,0,0,0,0,0,0,0,0,-4000,0,0,0,0,4000,-4000,-4000
054565,玉晶光群益99購02,0,0,0,0,0,0,0,0,0,-4000,0,0,0,7000,11000,-4000,-4000
054778,世紀鋼國票99購01,0,0,0,0,0,0,0,0,0,-4000,0,0,0,1000,5000,-4000,-4000
053728,茂林凱基97購01  ,0,0,0,0,0,0,0,0,0,-4000,0,0,0,0,4000,-4000,-4000
052132,旺宏凱基9B購01  ,0,0,0,0,0,0,0,0,0,-4000,0,0,0,0,4000,-4000,-4000
051375,道瓊反群益9A購01,0,0,0,0,0,0,0,0,0,-4000,0,0,0,0,4000,-4000,-4000
050992,台積電元大97購01,0,0,0,0,0,0,0,0,0,-4000,0,0,0,1000,5000,-4000,-4000
0051,元大中型100     ,1000,3000,-2000,0,0,0,0,0,0,-2000,0,0,0,6000,8000,-2000,-4000
03022X,富展01          ,0,0,0,0,0,0,0,0,0,-4000,0,0,0,0,4000,-4000,-4000
059853,超眾永豐99購03  ,0,0,0,0,0,0,0,0,0,-4000,0,0,0,36000,40000,-4000,-4000
061360,智邦兆豐9B購02  ,0,0,0,0,0,0,0,0,0,-4000,0,0,0,16000,20000,-4000,-4000
059638,大立光凱基99購11,0,0,0,0,0,0,0,0,0,-4000,0,0,0,1000,5000,-4000,-4000
058824,晶技富邦9A購01  ,0,0,0,0,0,0,0,0,0,-4000,0,0,0,1000,5000,-4000,-4000
061776,晶技國票9B購01  ,0,0,0,0,0,0,0,0,0,-4000,0,0,0,6000,10000,-4000,-4000
061979,友達元大9C購08  ,0,0,0,0,0,0,0,0,0,-4000,0,0,0,0,4000,-4000,-4000
062045,崇越凱基9B購01  ,0,0,0,0,0,0,0,0,0,-4000,0,0,0,0,4000,-4000,-4000
061209,聯發科元大9A購10,0,0,0,0,0,0,0,0,0,-4000,0,0,0,0,4000,-4000,-4000
061121,智邦永豐9A購02  ,0,0,0,0,0,0,0,0,0,-4000,0,0,0,37000,41000,-4000,-4000
060967,鈺齊凱基9A購02  ,0,0,0,0,0,0,0,0,0,-4000,0,0,0,1000,5000,-4000,-4000
060900,超眾凱基9B購01  ,0,0,0,0,0,0,0,0,0,-4000,0,0,0,6000,10000,-4000,-4000
060775,世芯凱基9A購02  ,0,0,0,0,0,0,0,0,0,-4000,0,0,0,6000,10000,-4000,-4000
058564,元金2X凱基9C購01,0,0,0,0,0,0,0,0,0,-4000,0,0,0,0,4000,-4000,-4000
058455,玉晶光永豐99購03,0,0,0,0,0,0,0,0,0,-4000,0,0,0,6000,10000,-4000,-4000
064396,創意永豐9C購01  ,0,0,0,0,0,0,0,0,0,-4000,0,0,0,60000,64000,-4000,-4000
064693,玉晶光群益01購06,0,0,0,0,0,0,0,0,0,-4000,0,0,0,21000,25000,-4000,-4000
064637,元金2X凱基01購02,0,0,0,0,0,0,0,0,0,-4000,0,0,0,5000,9000,-4000,-4000
063654,上銀元富9B購05  ,0,0,0,0,0,0,0,0,0,-4000,0,0,0,0,4000,-4000,-4000
063793,和大凱基9C購01  ,0,0,0,0,0,0,0,0,0,-4000,0,0,0,0,4000,-4000,-4000
063744,儒鴻國票9C購01  ,0,0,0,0,0,0,0,0,0,-4000,0,0,0,0,4000,-4000,-4000
063909,旺宏凱基02購01  ,0,0,0,0,0,0,0,0,0,-4000,0,0,0,0,4000,-4000,-4000
064061,GIS麥證01購01   ,0,0,0,1000,5000,-4000,0,0,0,-4000,0,0,0,1000,5000,-4000,-4000
064040,鴻海統一9C購18  ,0,0,0,0,0,0,0,0,0,-4000,0,0,0,7000,11000,-4000,-4000
062363,燿華元大9B購03  ,0,0,0,0,0,0,0,0,0,-4000,0,0,0,87000,91000,-4000,-4000
062447,華擎元大9C購01  ,0,0,0,0,0,0,0,0,0,-4000,0,0,0,0,4000,-4000,-4000
063184,台光電凱基9B購03,0,0,0,0,0,0,0,0,0,-4000,0,0,0,1000,5000,-4000,-4000
062898,華通元大9B購05  ,0,0,0,0,0,0,0,0,0,-4000,0,0,0,3000,7000,-4000,-4000
063303,聯發科凱基9B購14,0,0,0,0,0,0,0,0,0,-4000,0,0,0,20000,24000,-4000,-4000
063463,瑞昱元大9B購05  ,0,0,0,0,0,0,0,0,0,-4000,0,0,0,6000,10000,-4000,-4000
4763,材料-KY         ,6000,13000,-7000,0,0,0,0,0,0,3000,3000,0,3000,0,0,0,-4000
4555,氣立            ,15000,19000,-4000,0,0,0,0,0,0,0,0,0,0,0,0,0,-4000
4930,燦星網          ,4000,8000,-4000,0,0,0,0,0,0,0,0,0,0,0,0,0,-4000
4934,太極            ,136000,140000,-4000,0,0,0,0,0,0,0,0,0,0,0,0,0,-4000
8101,華冠            ,0,4000,-4000,0,0,0,0,0,0,0,0,0,0,0,0,0,-4000
912000,晨訊科-DR       ,0,4000,-4000,0,0,0,0,0,0,0,0,0,0,0,0,0,-4000
065271,日月光元大9C購02,0,0,0,0,0,0,0,0,0,-5000,0,0,0,0,5000,-5000,-5000
06634P,欣興國票98售02  ,0,0,0,0,0,0,0,0,0,-5000,0,0,0,0,5000,-5000,-5000
06590P,大立光元大98售13,0,0,0,0,0,0,0,0,0,-5000,0,0,0,1000,6000,-5000,-5000
065507,亞德客群益01購02,0,0,0,0,0,0,0,0,0,-5000,0,0,0,0,5000,-5000,-5000
065474,旺宏元大9C購06  ,0,0,0,0,0,0,0,0,0,-5000,0,0,0,0,5000,-5000,-5000
065326,華擎凱基02購01  ,0,0,0,0,0,0,0,0,0,-5000,0,0,0,0,5000,-5000,-5000
06723P,台灣50麥證99售01,0,0,0,0,5000,-5000,0,0,0,-5000,0,0,0,0,5000,-5000,-5000
06890P,金融類元大98售02,0,0,0,0,0,0,0,0,0,-5000,0,0,0,0,5000,-5000,-5000
06931P,大立光元大98售20,0,0,0,0,0,0,0,0,0,-5000,0,0,0,0,5000,-5000,-5000
07069P,欣興元富99售02  ,0,0,0,0,0,0,0,0,0,-5000,0,0,0,0,5000,-5000,-5000
07529P,國巨凱基9A售11  ,0,0,0,0,0,0,0,0,0,-5000,0,0,0,10000,15000,-5000,-5000
07266P,大立光元大99售19,0,0,0,0,0,0,0,0,0,-5000,0,0,0,72000,77000,-5000,-5000
07306P,台灣50凱基9A售09,0,0,0,0,0,0,0,0,0,-5000,0,0,0,0,5000,-5000,-5000
07308P,滬深2X凱基9A售01,0,0,0,0,0,0,0,0,0,-5000,0,0,0,0,5000,-5000,-5000
07312P,台灣50元大99售10,0,0,0,0,0,0,0,0,0,-5000,0,0,0,0,5000,-5000,-5000
07741P,滬深2X凱基9B售04,0,0,0,0,0,0,0,0,0,-5000,0,0,0,15000,20000,-5000,-5000
2514,龍邦            ,16000,21000,-5000,0,0,0,0,0,0,0,0,0,0,0,0,0,-5000
2832,台產            ,21000,26000,-5000,0,0,0,0,0,0,0,0,0,0,0,0,0,-5000
2887F,台新戊特二      ,0,0,0,0,0,0,0,0,0,-5000,0,5000,-5000,0,0,0,-5000
3021,鴻名            ,1000,6000,-5000,0,0,0,0,0,0,0,0,0,0,0,0,0,-5000
3416,融程電          ,7000,18000,-11000,0,0,0,0,0,0,6000,3000,0,3000,3000,0,3000,-5000
1795,美時            ,14000,19000,-5000,0,0,0,0,0,0,0,0,0,0,0,0,0,-5000
08048P,臺股指國票9B售13,0,0,0,0,0,0,0,0,0,-5000,0,0,0,0,5000,-5000,-5000
08043P,電子類群益9B售01,0,0,0,0,0,0,0,0,0,-5000,0,0,0,30000,35000,-5000,-5000
08014P,微星凱基9B售02  ,0,0,0,0,0,0,0,0,0,-5000,0,0,0,15000,20000,-5000,-5000
08442P,臺股指麥證01售01,0,0,0,0,5000,-5000,0,0,0,-5000,0,0,0,0,5000,-5000,-5000
08328P,國巨國票9C售07  ,0,0,0,0,0,0,0,0,0,-5000,0,0,0,0,5000,-5000,-5000
1436,華友聯          ,9000,14000,-5000,0,0,0,0,0,0,0,0,0,0,0,0,0,-5000
00866,新光Shiller CAPE,0,0,0,0,0,0,0,0,0,-5000,0,0,0,26000,31000,-5000,-5000
00666R,富邦恒生國企反1 ,9000,0,9000,0,0,0,0,0,0,-14000,0,0,0,99000,113000,-14000,-5000
052521,友達元大9B購01  ,0,0,0,0,0,0,0,0,0,-5000,0,0,0,0,5000,-5000,-5000
051700,深中小群益99購04,0,0,0,0,0,0,0,0,0,-5000,0,0,0,85000,90000,-5000,-5000
052277,台達電凱基97購01,0,0,0,0,0,0,0,0,0,-5000,0,0,0,20000,25000,-5000,-5000
053411,深中小國票9B購01,0,0,0,0,0,0,0,0,0,-5000,0,0,0,0,5000,-5000,-5000
053569,漢唐統一98購01  ,0,0,0,0,0,0,0,0,0,-5000,0,0,0,48000,53000,-5000,-5000
055521,S&P反1群益01購01,0,0,0,0,0,0,0,0,0,-5000,0,0,0,0,5000,-5000,-5000
054451,上銀亞東98購01  ,0,0,0,0,0,0,0,0,0,-5000,0,0,0,0,5000,-5000,-5000
054728,聯發科日盛97購01,0,0,0,0,0,0,0,0,0,-5000,0,0,0,0,5000,-5000,-5000
054976,上証2X元富9A購01,0,0,0,0,0,0,0,0,0,-5000,0,0,0,5000,10000,-5000,-5000
055049,智邦永豐97購01  ,0,0,0,0,0,0,0,0,0,-5000,0,0,0,0,5000,-5000,-5000
056198,台光電永豐97購02,0,0,0,0,0,0,0,0,0,-5000,0,0,0,0,5000,-5000,-5000
056377,智伸科統一9A購01,0,0,0,0,0,0,0,0,0,-5000,0,0,0,0,5000,-5000,-5000
056416,華新科中信98購01,0,0,0,0,0,0,0,0,0,-5000,0,0,0,0,5000,-5000,-5000
059960,健策國票99購01  ,0,0,0,0,0,0,0,0,0,-5000,0,0,0,0,5000,-5000,-5000
060279,SP黃豆元大9A購01,0,0,0,0,0,0,0,0,0,-5000,0,0,0,1000,6000,-5000,-5000
057244,鈺齊凱基99購01  ,0,0,0,0,0,0,0,0,0,-5000,0,0,0,0,5000,-5000,-5000
056137,聯鈞元大9A購01  ,0,0,0,0,0,0,0,0,0,-5000,0,0,0,5000,10000,-5000,-5000
056607,貿聯富邦99購02  ,0,0,0,0,0,0,0,0,0,-5000,0,0,0,0,5000,-5000,-5000
056621,宏達電永豐98購01,0,0,0,0,0,0,0,0,0,-5000,0,0,0,0,5000,-5000,-5000
056642,旺宏凱基98購07  ,0,0,0,0,0,0,0,0,0,-5000,0,0,0,42000,47000,-5000,-5000
056741,大立光凱基98購14,0,0,0,0,0,0,0,0,0,-5000,0,0,0,6000,11000,-5000,-5000
059250,大立光凱基99購06,0,0,0,0,0,0,0,0,0,-5000,0,0,0,0,5000,-5000,-5000
059252,聯詠凱基99購03  ,0,0,0,0,0,0,0,0,0,-5000,0,0,0,1000,6000,-5000,-5000
059232,台灣50凱基03購01,0,0,0,0,0,0,0,0,0,-5000,0,0,0,0,5000,-5000,-5000
060534,友達麥證9A購01  ,0,0,0,0,5000,-5000,0,0,0,-5000,0,0,0,0,5000,-5000,-5000
060621,玉晶光元大9A購05,0,0,0,0,0,0,0,0,0,-5000,0,0,0,3000,8000,-5000,-5000
060611,同欣電凱基9A購02,0,0,0,0,0,0,0,0,0,-5000,0,0,0,70000,75000,-5000,-5000
060562,旺宏富邦9C購02  ,0,0,0,0,0,0,0,0,0,-5000,0,0,0,0,5000,-5000,-5000
059795,鴻海國票99購07  ,0,0,0,0,0,0,0,0,0,-5000,0,0,0,0,5000,-5000,-5000
059334,A50正2國票9A購02,0,0,0,0,0,0,0,0,0,-5000,0,0,0,5000,10000,-5000,-5000
059359,精元永豐99購01  ,0,0,0,0,0,0,0,0,0,-5000,0,0,0,50000,55000,-5000,-5000
058522,聯茂元大99購07  ,0,0,0,0,0,0,0,0,0,-5000,0,0,0,109000,114000,-5000,-5000
060784,鴻海富邦9C購01  ,0,0,0,0,0,0,0,0,0,-5000,0,0,0,7000,12000,-5000,-5000
060767,世紀鋼元大9A購02,0,0,0,0,0,0,0,0,0,-5000,0,0,0,5000,10000,-5000,-5000
060350,元黃金元富9B購01,0,0,0,0,0,0,0,0,0,-5000,0,0,0,40000,45000,-5000,-5000
060687,GIS元大9A購01   ,0,0,0,0,0,0,0,0,0,-5000,0,0,0,0,5000,-5000,-5000
060874,中鋼中信02購01  ,0,0,0,0,0,0,0,0,0,-5000,0,0,0,15000,20000,-5000,-5000
060939,鴻海國票9A購06  ,0,0,0,0,0,0,0,0,0,-5000,0,0,0,2000,7000,-5000,-5000
060976,SP黃豆元大9A購03,0,0,0,0,0,0,0,0,0,-5000,0,0,0,0,5000,-5000,-5000
060983,南亞科元大9A購06,0,0,0,0,0,0,0,0,0,-5000,0,0,0,0,5000,-5000,-5000
061126,京元電永豐9A購02,0,0,0,0,0,0,0,0,0,-5000,0,0,0,1000,6000,-5000,-5000
061189,可成富邦9B購02  ,0,0,0,0,0,0,0,0,0,-5000,0,0,0,0,5000,-5000,-5000
06116P,臺股指日盛97售01,0,0,0,0,0,0,0,0,0,-5000,0,0,0,0,5000,-5000,-5000
061015,旺宏麥證9A購03  ,0,0,0,0,5000,-5000,0,0,0,-5000,0,0,0,0,5000,-5000,-5000
061280,國巨統一9C購06  ,0,0,0,0,0,0,0,0,0,-5000,0,0,0,0,5000,-5000,-5000
058127,FBVIX元大9C購01 ,0,0,0,0,0,0,0,0,0,-5000,0,0,0,0,5000,-5000,-5000
058128,FBVIX元大9C購02 ,0,0,0,0,0,0,0,0,0,-5000,0,0,0,0,5000,-5000,-5000
058583,臻鼎群益99購01  ,0,0,0,0,0,0,0,0,0,-5000,0,0,0,0,5000,-5000,-5000
058338,康友元富99購01  ,0,0,0,0,0,0,0,0,0,-5000,0,0,0,70000,75000,-5000,-5000
062011,上銀富邦9C購01  ,0,0,0,0,0,0,0,0,0,-5000,0,0,0,0,5000,-5000,-5000
06211P,鴻海元大98售04  ,0,0,0,0,0,0,0,0,0,-5000,0,0,0,0,5000,-5000,-5000
062110,華擎國票9B購01  ,0,0,0,0,0,0,0,0,0,-5000,0,0,0,0,5000,-5000,-5000
062081,華新科元大9B購06,0,0,0,0,0,0,0,0,0,-5000,0,0,0,68000,73000,-5000,-5000
061927,玉晶光凱基9C購01,0,0,0,0,0,0,0,0,0,-5000,0,0,0,5000,10000,-5000,-5000
061850,國巨國票9C購02  ,0,0,0,0,0,0,0,0,0,-5000,0,0,0,31000,36000,-5000,-5000
061852,大立光國票9B購02,0,0,0,0,0,0,0,0,0,-5000,0,0,0,10000,15000,-5000,-5000
061724,訊芯永豐9A購01  ,0,0,0,0,0,0,0,0,0,-5000,0,0,0,0,5000,-5000,-5000
061690,旺宏群益9A購05  ,0,0,0,0,0,0,0,0,0,-5000,0,0,0,0,5000,-5000,-5000
061651,世紀鋼元大9C購02,0,0,0,0,0,0,0,0,0,-5000,0,0,0,94000,99000,-5000,-5000
061531,奇鋐台新9A購01  ,0,0,0,0,0,0,0,0,0,-5000,0,0,0,0,5000,-5000,-5000
059644,茂林凱基99購03  ,0,0,0,0,0,0,0,0,0,-5000,0,0,0,0,5000,-5000,-5000
061346,玉晶光元大9B購03,0,0,0,0,0,0,0,0,0,-5000,0,0,0,13000,18000,-5000,-5000
059923,緯穎元大99購09  ,0,0,0,0,0,0,0,0,0,-5000,0,0,0,0,5000,-5000,-5000
061392,泰鼎群益9A購02  ,0,0,0,0,0,0,0,0,0,-5000,0,0,0,0,5000,-5000,-5000
059870,全新凱基99購05  ,0,0,0,0,0,0,0,0,0,-5000,0,0,0,0,5000,-5000,-5000
059647,超眾凱基99購04  ,0,0,0,0,0,0,0,0,0,-5000,0,0,0,27000,32000,-5000,-5000
059702,台積電凱基9A購14,0,0,0,0,0,0,0,0,0,-5000,0,0,0,0,5000,-5000,-5000
058993,滬深反元大9C購01,0,0,0,0,0,0,0,0,0,-5000,0,0,0,0,5000,-5000,-5000
058988,大立光凱基9A購02,0,0,0,0,0,0,0,0,0,-5000,0,0,0,0,5000,-5000,-5000
059049,元油2X凱基9A購12,0,0,0,0,0,0,0,0,0,-5000,0,0,0,0,5000,-5000,-5000
05905P,晶技統一97售01  ,0,0,0,0,0,0,0,0,0,-5000,0,0,0,0,5000,-5000,-5000
059517,茂林永豐99購02  ,0,0,0,0,0,0,0,0,0,-5000,0,0,0,0,5000,-5000,-5000
063234,國巨元大9C購03  ,0,0,0,0,0,0,0,0,0,-5000,0,0,0,5000,10000,-5000,-5000
062911,聯詠元大9B購03  ,0,0,0,0,0,0,0,0,0,-5000,0,0,0,40000,45000,-5000,-5000
062940,華新科凱基9C購02,0,0,0,0,0,0,0,0,0,-5000,0,0,0,37000,42000,-5000,-5000
062881,緯創兆豐9C購01  ,0,0,0,0,0,0,0,0,0,-5000,0,0,0,5000,10000,-5000,-5000
062897,上銀元大9B購06  ,0,0,0,0,0,0,0,0,0,-5000,0,0,0,0,5000,-5000,-5000
062895,道瓊銀元大9C購01,0,0,0,0,0,0,0,0,0,-5000,0,0,0,0,5000,-5000,-5000
062997,嘉晶國票9B購03  ,0,0,0,0,0,0,0,0,0,-5000,0,0,0,0,5000,-5000,-5000
063174,臺股指中信01購04,0,0,0,0,0,0,0,0,0,-5000,0,0,0,0,5000,-5000,-5000
063111,TPK兆豐9B購01   ,0,0,0,0,0,0,0,0,0,-5000,0,0,0,0,5000,-5000,-5000
063058,A50正2元富02購01,0,0,0,0,0,0,0,0,0,-5000,0,0,0,0,5000,-5000,-5000
062140,元金2X國票9B購03,0,0,0,0,0,0,0,0,0,-5000,0,0,0,6000,11000,-5000,-5000
062147,大毅國票9B購02  ,0,0,0,0,0,0,0,0,0,-5000,0,0,0,11000,16000,-5000,-5000
062511,台光電國票9B購02,0,0,0,0,0,0,0,0,0,-5000,0,0,0,0,5000,-5000,-5000
064115,高股息元大9C購01,0,0,0,0,0,0,0,0,0,-5000,0,0,0,0,5000,-5000,-5000
064143,旺宏統一01購05  ,0,0,0,0,0,0,0,0,0,-5000,0,0,0,0,5000,-5000,-5000
06394P,台積電元大97售28,0,0,0,0,0,0,0,0,0,-5000,0,0,0,10000,15000,-5000,-5000
063757,鴻海統一9C購16  ,0,0,0,0,0,0,0,0,0,-5000,0,0,0,1000,6000,-5000,-5000
063794,亞德客凱基9C購01,0,0,0,0,0,0,0,0,0,-5000,0,0,0,55000,60000,-5000,-5000
063567,漢唐元大9B購03  ,0,0,0,0,0,0,0,0,0,-5000,0,0,0,60000,65000,-5000,-5000
064495,南亞科元大9C購03,0,0,0,0,0,0,0,0,0,-5000,0,0,0,0,5000,-5000,-5000
064677,金像電兆豐9C購01,0,0,0,0,0,0,0,0,0,-5000,0,0,0,0,5000,-5000,-5000
064755,南亞科凱基01購02,0,0,0,0,0,0,0,0,0,-5000,0,0,0,0,5000,-5000,-5000
064408,TPK凱基02購01   ,0,0,0,0,0,0,0,0,0,-5000,0,0,0,42000,47000,-5000,-5000
064312,大立光群益01購01,0,0,0,0,0,0,0,0,0,-5000,0,0,0,0,5000,-5000,-5000
064260,矽創富邦9C購01  ,0,0,0,0,0,0,0,0,0,-5000,0,0,0,0,5000,-5000,-5000
4439,冠星-KY         ,0,5000,-5000,0,0,0,0,0,0,0,0,0,0,0,0,0,-5000
6674,鋐寶科技        ,1000,6430,-5430,0,0,0,0,0,0,0,0,0,0,0,0,0,-5430
1437,勤益控          ,31000,37000,-6000,0,0,0,0,0,0,0,0,0,0,0,0,0,-6000
1446,宏和            ,14000,19000,-5000,0,0,0,0,0,0,-1000,1000,2000,-1000,0,0,0,-6000
3046,建碁            ,1000,7000,-6000,0,0,0,0,0,0,0,0,0,0,0,0,0,-6000
07806P,健策永豐9A售02  ,0,0,0,0,0,0,0,0,0,-6000,0,0,0,0,6000,-6000,-6000
07391P,台灣50國泰02售01,0,0,0,0,0,0,0,0,0,-6000,0,0,0,0,6000,-6000,-6000
065400,華擎群益01購02  ,0,0,0,0,0,0,0,0,0,-6000,0,0,0,0,6000,-6000,-6000
06550P,健策元大99售01  ,0,0,0,0,0,0,0,0,0,-6000,0,0,0,4000,10000,-6000,-6000
065523,茂林群益9C購03  ,0,0,0,0,0,0,0,0,0,-6000,0,0,0,2000,8000,-6000,-6000
065498,台積電富邦04購02,0,0,0,0,0,0,0,0,0,-6000,0,0,0,0,6000,-6000,-6000
064969,達新元大9C購01  ,0,0,0,0,0,0,0,0,0,-6000,0,0,0,190000,196000,-6000,-6000
06496P,台灣50日盛98售01,0,0,0,0,0,0,0,0,0,-6000,0,0,0,0,6000,-6000,-6000
056079,世紀鋼元大97購02,0,0,0,0,0,0,0,0,0,-6000,0,0,0,0,6000,-6000,-6000
056790,彩晶群益98購03  ,0,0,0,0,0,0,0,0,0,-6000,0,0,0,0,6000,-6000,-6000
057211,鴻海群益98購05  ,0,0,0,0,0,0,0,0,0,-6000,0,0,0,1000,7000,-6000,-6000
057009,信邦中信99購01  ,0,0,0,0,0,0,0,0,0,-6000,0,0,0,319000,325000,-6000,-6000
057450,國泰金元富98購01,0,0,0,0,0,0,0,0,0,-6000,0,0,0,2000,8000,-6000,-6000
057848,台表科永豐98購02,0,0,0,0,0,0,0,0,0,-6000,0,0,0,4000,10000,-6000,-6000
055834,國巨元大97購13  ,0,0,0,0,0,0,0,0,0,-6000,0,0,0,24000,30000,-6000,-6000
055022,精元國泰99購01  ,0,0,0,0,0,0,0,0,0,-6000,0,0,0,0,6000,-6000,-6000
058720,旭富元富99購01  ,0,0,0,0,0,0,0,0,0,-6000,0,0,0,0,6000,-6000,-6000
059052,為升凱基99購01  ,0,0,0,0,0,0,0,0,0,-6000,0,0,0,0,6000,-6000,-6000
059688,燿華永豐99購01  ,0,0,0,0,0,0,0,0,0,-6000,0,0,0,0,6000,-6000,-6000
061232,和大元大9A購03  ,0,0,0,0,0,0,0,0,0,-6000,0,0,0,9000,15000,-6000,-6000
061010,上銀麥證9A購02  ,0,0,0,0,6000,-6000,0,0,0,-6000,0,0,0,0,6000,-6000,-6000
059828,健策凱基99購05  ,0,0,0,0,0,0,0,0,0,-6000,0,0,0,6000,12000,-6000,-6000
059261,華邦電中信01購01,0,0,0,0,0,0,0,0,0,-6000,0,0,0,65000,71000,-6000,-6000
064668,大立光元大9C購21,0,0,0,0,0,0,0,0,0,-6000,0,0,0,0,6000,-6000,-6000
064628,南六元大9C購05  ,0,0,0,0,0,0,0,0,0,-6000,0,0,0,35000,41000,-6000,-6000
064110,國巨國票01購01  ,0,0,0,0,0,0,0,0,0,-6000,0,0,0,89000,95000,-6000,-6000
064086,旺宏凱基9C購01  ,0,0,0,0,0,0,0,0,0,-6000,0,0,0,1000,7000,-6000,-6000
063035,燿華凱基9B購02  ,0,0,0,0,0,0,0,0,0,-6000,0,0,0,0,6000,-6000,-6000
063082,瑞昱凱基9B購04  ,0,0,0,0,0,0,0,0,0,-6000,0,0,0,1000,7000,-6000,-6000
062908,晶豪科元大9B購03,0,0,0,0,0,0,0,0,0,-6000,0,0,0,363000,369000,-6000,-6000
6641,基士德-KY       ,0,6000,-6000,0,0,0,0,0,0,0,0,0,0,0,0,0,-6000
6277,宏正            ,23000,28000,-5000,0,0,0,0,0,0,-1000,1000,2000,-1000,0,0,0,-6000
6579,研揚            ,19000,25000,-6000,0,0,0,0,0,0,0,0,0,0,0,0,0,-6000
3686,達能            ,6000,12000,-6000,0,0,0,0,0,0,0,0,0,0,0,0,0,-6000
06591P,大立光元大98售14,0,0,0,0,0,0,0,0,0,-7000,0,0,0,0,7000,-7000,-7000
06592P,欣興元大98售04  ,0,0,0,0,0,0,0,0,0,-7000,0,0,0,30000,37000,-7000,-7000
065373,聯發科元大01購03,0,0,0,0,0,0,0,0,0,-7000,0,0,0,8000,15000,-7000,-7000
06527P,T50正2富邦9C售01,0,0,0,0,0,0,0,0,0,-7000,0,0,0,20000,27000,-7000,-7000
07840P,康控元大9A售02  ,0,0,0,0,0,0,0,0,0,-7000,0,0,0,239000,246000,-7000,-7000
07070P,晶相光元富99售01,0,0,0,0,0,0,0,0,0,-7000,0,0,0,3000,10000,-7000,-7000
07195P,大立光元大99售12,0,0,0,0,0,0,0,0,0,-7000,0,0,0,0,7000,-7000,-7000
06935P,神達元大98售02  ,0,0,0,0,0,0,0,0,0,-7000,0,0,0,1000,8000,-7000,-7000
06806P,臺股指群益98售12,0,0,0,0,0,0,0,0,0,-7000,0,0,0,15000,22000,-7000,-7000
06677P,牧德國票98售02  ,0,0,0,0,0,0,0,0,0,-7000,0,0,0,51000,58000,-7000,-7000
08295P,長榮航元大9C售01,0,0,0,0,0,0,0,0,0,-7000,0,0,0,100000,107000,-7000,-7000
055038,華航富邦99購01  ,0,0,0,0,0,0,0,0,0,-7000,0,0,0,0,7000,-7000,-7000
053565,台光電富邦98購01,0,0,0,0,0,0,0,0,0,-7000,0,0,0,0,7000,-7000,-7000
053341,聯發科國票97購03,0,0,0,0,0,0,0,0,0,-7000,0,0,0,3000,10000,-7000,-7000
00711B,FH彭博新興債    ,0,0,0,0,0,0,0,0,0,-7000,0,0,0,131000,138000,-7000,-7000
060287,燿華元大9A購01  ,0,0,0,0,0,0,0,0,0,-7000,0,0,0,5000,12000,-7000,-7000
060430,和潤永豐9A購01  ,0,0,0,0,0,0,0,0,0,-7000,0,0,0,47000,54000,-7000,-7000
060510,大立光元大9A購03,0,0,0,0,0,0,0,0,0,-7000,0,0,0,0,7000,-7000,-7000
056549,嘉聯益凱基98購04,0,0,0,0,0,0,0,0,0,-7000,0,0,0,13000,20000,-7000,-7000
06054P,臺股指中信9A售01,0,0,0,0,0,0,0,0,0,-7000,0,0,0,0,7000,-7000,-7000
060608,玉晶光凱基9A購08,0,0,0,0,0,0,0,0,0,-7000,0,0,0,9000,16000,-7000,-7000
060334,群光康和9A購01  ,0,0,0,0,0,0,0,0,0,-7000,0,0,0,3000,10000,-7000,-7000
060940,國巨國票9B購03  ,0,0,0,0,0,0,0,0,0,-7000,0,0,0,69000,76000,-7000,-7000
060915,旭富元大9A購01  ,0,0,0,0,0,0,0,0,0,-7000,0,0,0,24000,31000,-7000,-7000
06117P,臺股指日盛97售02,0,0,0,0,0,0,0,0,0,-7000,0,0,0,6000,13000,-7000,-7000
058274,世紀鋼永豐99購01,0,0,0,0,0,0,0,0,0,-7000,0,0,0,10000,17000,-7000,-7000
06139P,台積電中信99售02,0,0,0,0,0,0,0,0,0,-7000,0,0,0,29000,36000,-7000,-7000
059147,矽創國票99購01  ,0,0,0,0,0,0,0,0,0,-7000,0,0,0,0,7000,-7000,-7000
059143,國巨國票9A購04  ,0,0,0,0,0,0,0,0,0,-7000,0,0,0,17000,24000,-7000,-7000
059064,緯穎凱基99購02  ,0,0,0,0,0,0,0,0,0,-7000,0,0,0,0,7000,-7000,-7000
061576,華新科元大9A購21,0,0,0,0,0,0,0,0,0,-7000,0,0,0,54000,61000,-7000,-7000
061499,嘉晶國票9A購03  ,0,0,0,0,0,0,0,0,0,-7000,0,0,0,5000,12000,-7000,-7000
061629,FBVIX元大9A購01 ,0,0,0,0,0,0,0,0,0,-7000,0,0,0,0,7000,-7000,-7000
061657,智原國票9A購01  ,0,0,0,0,0,0,0,0,0,-7000,0,0,0,75000,82000,-7000,-7000
062923,緯穎元大9B購06  ,0,0,0,0,0,0,0,0,0,-7000,0,0,0,50000,57000,-7000,-7000
062621,緯穎元大9B購05  ,0,0,0,0,0,0,0,0,0,-7000,0,0,0,21000,28000,-7000,-7000
062632,嘉晶國票9B購01  ,0,0,0,0,0,0,0,0,0,-7000,0,0,0,5000,12000,-7000,-7000
062290,聯發科富邦9C購04,0,0,0,0,0,0,0,0,0,-7000,0,0,0,371000,378000,-7000,-7000
062341,台表科麥證9C購01,0,0,0,22000,29000,-7000,0,0,0,-7000,0,0,0,22000,29000,-7000,-7000
064011,嘉晶國票9C購01  ,0,0,0,0,0,0,0,0,0,-7000,0,0,0,6000,13000,-7000,-7000
063581,同欣電國泰9C購01,0,0,0,0,0,0,0,0,0,-7000,0,0,0,1000,8000,-7000,-7000
064529,友達中信01購03  ,0,0,0,0,0,0,0,0,0,-7000,0,0,0,48000,55000,-7000,-7000
4989,榮科            ,9000,16000,-7000,0,0,0,0,0,0,0,0,0,0,0,0,0,-7000
6024,群益期          ,24000,31000,-7000,0,0,0,0,0,0,0,0,0,0,0,0,0,-7000
01002T,土銀國泰R1      ,3490,11000,-7510,0,0,0,0,0,0,0,0,0,0,0,0,0,-7510
1337,再生-KY         ,73000,79000,-6000,0,0,0,0,0,0,-2000,1000,3000,-2000,0,0,0,-8000
08582P,臺股指元大9C售30,0,0,0,0,0,0,0,0,0,-8000,0,0,0,0,8000,-8000,-8000
1256,鮮活果汁-KY     ,3000,10000,-7000,0,0,0,0,0,0,-1000,2000,3000,-1000,0,0,0,-8000
07913P,友達元大01售01  ,0,0,0,0,0,0,0,0,0,-8000,0,0,0,2000,10000,-8000,-8000
08091P,A50正2元富9B售02,0,0,0,0,0,0,0,0,0,-8000,0,0,0,16000,24000,-8000,-8000
08261P,玉晶光元大9C售08,0,0,0,0,0,0,0,0,0,-8000,0,0,0,8000,16000,-8000,-8000
2748,雲品            ,5000,13000,-8000,0,0,0,0,0,0,0,0,0,0,0,0,0,-8000
2488,漢平            ,5000,13000,-8000,0,0,0,0,0,0,0,0,0,0,0,0,0,-8000
1615,大山            ,10000,18000,-8000,0,0,0,0,0,0,0,9000,9000,0,0,0,0,-8000
2433,互盛電          ,6000,14000,-8000,0,0,0,0,0,0,0,0,0,0,0,0,0,-8000
2233,宇隆            ,12000,20000,-8000,0,0,0,0,0,0,0,1000,1000,0,0,0,0,-8000
06788P,臺股指元大98售05,0,0,0,0,0,0,0,0,0,-8000,0,0,0,0,8000,-8000,-8000
07590P,玉晶光國票9A售03,0,0,0,0,0,0,0,0,0,-8000,0,0,0,12000,20000,-8000,-8000
065315,玉晶光中信03購02,0,0,0,0,0,0,0,0,0,-8000,0,0,0,11000,19000,-8000,-8000
065250,同欣電麥證9C購01,0,0,0,37000,45000,-8000,0,0,0,-8000,0,0,0,37000,45000,-8000,-8000
065415,台積電兆豐9C購05,0,0,0,0,0,0,0,0,0,-8000,0,0,0,0,8000,-8000,-8000
065517,緯創群益9C購02  ,0,0,0,0,0,0,0,0,0,-8000,0,0,0,24000,32000,-8000,-8000
055160,玉晶光元大99購03,0,0,0,0,0,0,0,0,0,-8000,0,0,0,0,8000,-8000,-8000
054353,世紀鋼國泰98購01,0,0,0,0,0,0,0,0,0,-8000,0,0,0,42000,50000,-8000,-8000
054167,揚明光凱基98購01,0,0,0,0,0,0,0,0,0,-8000,0,0,0,0,8000,-8000,-8000
055679,華通凱基99購01  ,0,0,0,0,0,0,0,0,0,-8000,0,0,0,2000,10000,-8000,-8000
057100,國巨中信9A購02  ,0,0,0,0,0,0,0,0,0,-8000,0,0,0,2000,10000,-8000,-8000
056150,台光電凱基98購02,0,0,0,0,0,0,0,0,0,-8000,0,0,0,0,8000,-8000,-8000
056700,華新科國泰99購03,0,0,0,0,0,0,0,0,0,-8000,0,0,0,295000,303000,-8000,-8000
060459,鴻海元大9A購07  ,0,0,0,0,0,0,0,0,0,-8000,0,0,0,0,8000,-8000,-8000
060291,高鐵元大9A購01  ,0,0,0,0,0,0,0,0,0,-8000,0,0,0,0,8000,-8000,-8000
060241,國泰金元大9A購01,0,0,0,0,0,0,0,0,0,-8000,0,0,0,39000,47000,-8000,-8000
057847,聯茂永豐98購01  ,0,0,0,0,0,0,0,0,0,-8000,0,0,0,2000,10000,-8000,-8000
056302,大立光元大97購17,0,0,0,0,0,0,0,0,0,-8000,0,0,0,0,8000,-8000,-8000
061848,國巨國票9B購07  ,0,0,0,0,0,0,0,0,0,-8000,0,0,0,44000,52000,-8000,-8000
061839,華新科凱基05購04,0,0,0,0,0,0,0,0,0,-8000,0,0,0,12000,20000,-8000,-8000
061930,臺股指凱基9B購05,0,0,0,0,0,0,0,0,0,-8000,0,0,0,17000,25000,-8000,-8000
062125,嘉晶統一9B購01  ,0,0,0,0,0,0,0,0,0,-8000,0,0,0,1000,9000,-8000,-8000
059032,元石油群益9C購03,0,0,0,0,0,0,0,0,0,-8000,0,0,0,0,8000,-8000,-8000
059493,國巨國票9B購01  ,0,0,0,0,0,0,0,0,0,-8000,0,0,0,2000,10000,-8000,-8000
059142,道瓊指國票9B購02,0,0,0,0,0,0,0,0,0,-8000,0,0,0,0,8000,-8000,-8000
058822,樺漢國泰9B購01  ,0,0,0,0,0,0,0,0,0,-8000,0,0,0,1000,9000,-8000,-8000
058832,立積永豐99購01  ,0,0,0,0,0,0,0,0,0,-8000,0,0,0,20000,28000,-8000,-8000
061353,康控元大9A購01  ,0,0,0,0,0,0,0,0,0,-8000,0,0,0,69000,77000,-8000,-8000
061018,台積電國票9B購05,0,0,0,0,0,0,0,0,0,-8000,0,0,0,0,8000,-8000,-8000
061024,南電國泰9B購01  ,0,0,0,0,0,0,0,0,0,-8000,0,0,0,94000,102000,-8000,-8000
060941,台積電國票9B購04,0,0,0,0,0,0,0,0,0,-8000,0,0,0,0,8000,-8000,-8000
060346,華新科統一01購01,0,0,0,0,0,0,0,0,0,-8000,0,0,0,46000,54000,-8000,-8000
060844,大立光國票9A購07,0,0,0,0,0,0,0,0,0,-8000,0,0,0,0,8000,-8000,-8000
060642,華擎永豐9A購02  ,0,0,0,0,0,0,0,0,0,-8000,0,0,0,0,8000,-8000,-8000
060551,大立光凱基9B購02,0,0,0,0,0,0,0,0,0,-8000,0,0,0,9000,17000,-8000,-8000
059262,致茂中信01購01  ,0,0,0,0,0,0,0,0,0,-8000,0,0,0,21000,29000,-8000,-8000
064263,貿聯永豐9C購01  ,0,0,0,0,0,0,0,0,0,-8000,0,0,0,6000,14000,-8000,-8000
063614,美食群益9B購03  ,0,0,0,0,0,0,0,0,0,-8000,0,0,0,42000,50000,-8000,-8000
063785,華通中信06購02  ,0,0,0,0,0,0,0,0,0,-8000,0,0,0,2000,10000,-8000,-8000
063841,國巨元大01購01  ,0,0,0,0,0,0,0,0,0,-8000,0,0,0,116000,124000,-8000,-8000
063709,上銀凱基9B購07  ,0,0,0,0,0,0,0,0,0,-8000,0,0,0,2000,10000,-8000,-8000
064001,華通凱基02購01  ,0,0,0,0,0,0,0,0,0,-8000,0,0,0,0,8000,-8000,-8000
063995,健鼎群益9C購01  ,0,0,0,0,0,0,0,0,0,-8000,0,0,0,34000,42000,-8000,-8000
064112,宏碁國票01購01  ,0,0,0,0,0,0,0,0,0,-8000,0,0,0,38000,46000,-8000,-8000
062479,TPK國票9B購01   ,0,0,0,0,0,0,0,0,0,-8000,0,0,0,21000,29000,-8000,-8000
062289,緯穎群益9B購01  ,0,0,0,0,0,0,0,0,0,-8000,0,0,0,32000,40000,-8000,-8000
062772,T50反1元大9B購06,0,0,0,0,0,0,0,0,0,-8000,0,0,0,0,8000,-8000,-8000
6415,矽力-KY         ,391207,399000,-7793,0,0,0,1000,0,1000,-2000,4000,4000,0,0,2000,-2000,-8793
064978,群創元大9C購07  ,0,0,0,0,0,0,0,0,0,-9000,0,0,0,0,9000,-9000,-9000
07346P,FBVIX群益99售04 ,0,0,0,0,0,0,0,0,0,-9000,0,0,0,1000,10000,-9000,-9000
06697P,台積電國票99售05,0,0,0,0,0,0,0,0,0,-9000,0,0,0,10000,19000,-9000,-9000
06888P,日月光元大98售02,0,0,0,0,0,0,0,0,0,-9000,0,0,0,0,9000,-9000,-9000
07065P,臺股指元大9A售26,0,0,0,0,0,0,0,0,0,-9000,0,0,0,1000,10000,-9000,-9000
2495,普安            ,58000,76000,-18000,0,0,0,0,0,0,9000,12000,3000,9000,0,0,0,-9000
2496,卓越            ,3000,13000,-10000,0,0,0,0,0,0,1000,2000,1000,1000,0,0,0,-9000
3356,奇偶            ,30000,43000,-13000,0,0,0,0,0,0,4000,4000,0,4000,0,0,0,-9000
3501,維熹            ,7000,16000,-9000,0,0,0,0,0,0,0,0,0,0,0,0,0,-9000
08190P,宏達電元富9B售04,0,0,0,0,0,0,0,0,0,-9000,0,0,0,20000,29000,-9000,-9000
07939P,台積電統一9B售14,0,0,0,0,0,0,0,0,0,-9000,0,0,0,1000,10000,-9000,-9000
08369P,鴻海凱基01售04  ,0,0,0,0,0,0,0,0,0,-9000,0,0,0,24000,33000,-9000,-9000
056206,泰鼎永豐97購01  ,0,0,0,0,0,0,0,0,0,-9000,0,0,0,0,9000,-9000,-9000
060122,亞德客永豐99購02,0,0,0,0,0,0,0,0,0,-9000,0,0,0,21000,30000,-9000,-9000
056689,玉晶光統一9A購03,0,0,0,0,0,0,0,0,0,-9000,0,0,0,20000,29000,-9000,-9000
056573,華新科元大99購06,0,0,0,0,0,0,0,0,0,-9000,0,0,0,42000,51000,-9000,-9000
055670,矽創群益98購02  ,0,0,0,0,0,0,0,0,0,-9000,0,0,0,13000,22000,-9000,-9000
056486,樺漢元大98購04  ,0,0,0,0,0,0,0,0,0,-9000,0,0,0,16000,25000,-9000,-9000
053338,台光電國票97購01,0,0,0,0,0,0,0,0,0,-9000,0,0,0,0,9000,-9000,-9000
00693U,街口S&P黃豆     ,168000,49000,119000,0,0,0,0,0,0,-128000,0,0,0,45000,173000,-128000,-9000
052828,滬深2X群益9A購02,0,0,0,0,0,0,0,0,0,-9000,0,0,0,1000,10000,-9000,-9000
046629,群創統一98購01  ,0,0,0,0,0,0,0,0,0,-9000,0,0,0,41000,50000,-9000,-9000
058481,玉晶光凱基9A購04,0,0,0,0,0,0,0,0,0,-9000,0,0,0,42000,51000,-9000,-9000
060310,瑞昱永豐9A購01  ,0,0,0,0,0,0,0,0,0,-9000,0,0,0,18000,27000,-9000,-9000
06067P,華新科康和97售01,0,0,0,0,0,0,0,0,0,-9000,0,0,0,11000,20000,-9000,-9000
060710,上銀永豐9A購01  ,0,0,0,0,0,0,0,0,0,-9000,0,0,0,0,9000,-9000,-9000
058835,元油2X中信9C購02,0,0,0,0,0,0,0,0,0,-9000,0,0,0,0,9000,-9000,-9000
058775,台積電國票9A購02,0,0,0,0,0,0,0,0,0,-9000,0,0,0,35000,44000,-9000,-9000
057964,緯穎元大99購03  ,0,0,0,0,0,0,0,0,0,-9000,0,0,0,18000,27000,-9000,-9000
059069,臺指反元大9C購01,0,0,0,0,0,0,0,0,0,-9000,0,0,0,0,9000,-9000,-9000
058984,全新凱基9A購03  ,0,0,0,0,0,0,0,0,0,-9000,0,0,0,0,9000,-9000,-9000
058909,神達元大99購03  ,0,0,0,0,0,0,0,0,0,-9000,0,0,0,16000,25000,-9000,-9000
062120,國巨台新9B購01  ,0,0,0,0,0,0,0,0,0,-9000,0,0,0,490000,499000,-9000,-9000
061977,國巨元大9B購02  ,0,0,0,0,0,0,0,0,0,-9000,0,0,0,174000,183000,-9000,-9000
062827,神基群益9B購01  ,0,0,0,0,0,0,0,0,0,-9000,0,0,0,119000,128000,-9000,-9000
062312,大立光凱基9B購03,0,0,0,0,0,0,0,0,0,-9000,0,0,0,6000,15000,-9000,-9000
062921,GIS元大9B購01   ,0,0,0,0,0,0,0,0,0,-9000,0,0,0,35000,44000,-9000,-9000
063261,康控富邦03購01  ,0,0,0,0,0,0,0,0,0,-9000,0,0,0,49000,58000,-9000,-9000
06413P,聯發科凱基97售11,0,0,0,0,0,0,0,0,0,-9000,0,0,0,3000,12000,-9000,-9000
064601,嘉晶元富9C購03  ,0,0,0,0,0,0,0,0,0,-9000,0,0,0,10000,19000,-9000,-9000
064593,鈺齊永豐9C購01  ,0,0,0,0,0,0,0,0,0,-9000,0,0,0,84000,93000,-9000,-9000
6115,鎰勝            ,14000,23000,-9000,0,0,0,0,0,0,0,0,0,0,0,0,0,-9000
4190,佐登-KY         ,23000,31000,-8000,0,0,0,0,0,0,-1000,2000,3000,-1000,1000,1000,0,-9000
9942,茂順            ,10000,18000,-8000,0,0,0,0,0,0,-1000,0,1000,-1000,0,0,0,-9000
9944,新麗            ,108000,118000,-10000,0,0,0,0,0,0,1000,1000,0,1000,0,0,0,-9000
08337P,台灣50凱基01售15,0,0,0,0,0,0,0,0,0,-10000,0,0,0,0,10000,-10000,-10000
08342P,健策永豐9C售01  ,0,0,0,0,0,0,0,0,0,-10000,0,0,0,0,10000,-10000,-10000
08303P,聯發科富邦9C售05,0,0,0,0,0,0,0,0,0,-10000,0,0,0,50000,60000,-10000,-10000
08440P,玉晶光國票01售05,0,0,0,0,0,0,0,0,0,-10000,0,0,0,0,10000,-10000,-10000
08426P,奇力新國票01售01,0,0,0,0,0,0,0,0,0,-10000,0,0,0,0,10000,-10000,-10000
08463P,台灣50國泰02售02,0,0,0,0,0,0,0,0,0,-10000,0,0,0,10000,20000,-10000,-10000
07942P,健策凱基9B售03  ,0,0,0,0,0,0,0,0,0,-10000,0,0,0,0,10000,-10000,-10000
07917P,可成永豐9B售01  ,0,0,0,0,0,0,0,0,0,-10000,0,0,0,179000,189000,-10000,-10000
07918P,玉晶光永豐9B售04,0,0,0,0,0,0,0,0,0,-10000,0,0,0,0,10000,-10000,-10000
07931P,國巨元大9B售03  ,0,0,0,0,0,0,0,0,0,-10000,0,0,0,5000,15000,-10000,-10000
08012P,台灣50凱基01售13,0,0,0,0,0,0,0,0,0,-10000,0,0,0,0,10000,-10000,-10000
08049P,臺股指國票9B售14,0,0,0,0,0,0,0,0,0,-10000,0,0,0,13000,23000,-10000,-10000
07991P,鴻海群益9C售02  ,0,0,0,0,0,0,0,0,0,-10000,0,0,0,192000,202000,-10000,-10000
08278P,玉晶光元富9C售02,0,0,0,0,0,0,0,0,0,-10000,0,0,0,480000,490000,-10000,-10000
06996P,臺股指凱基99售17,0,0,0,0,0,0,0,0,0,-10000,0,0,0,0,10000,-10000,-10000
07197P,臺股指元大99售13,0,0,0,0,0,0,0,0,0,-10000,0,0,0,28000,38000,-10000,-10000
07163P,臺股指群益99售14,0,0,0,0,0,0,0,0,0,-10000,0,0,0,11000,21000,-10000,-10000
07123P,鴻海元大99售23  ,0,0,0,0,0,0,0,0,0,-10000,0,0,0,0,10000,-10000,-10000
07090P,台灣50凱基01售01,0,0,0,0,0,0,0,0,0,-10000,0,0,0,0,10000,-10000,-10000
07087P,聯發科台新99售02,0,0,0,0,0,0,0,0,0,-10000,0,0,0,0,10000,-10000,-10000
06863P,欣興凱基98售05  ,0,0,0,0,0,0,0,0,0,-10000,0,0,0,0,10000,-10000,-10000
06650P,聯發科元大98售09,0,0,0,0,0,0,0,0,0,-10000,0,0,0,0,10000,-10000,-10000
06730P,祥碩元大98售07  ,0,0,0,0,0,0,0,0,0,-10000,0,0,0,349000,359000,-10000,-10000
06732P,台灣50日盛9A售01,0,0,0,0,0,0,0,0,0,-10000,0,0,0,0,10000,-10000,-10000
07387P,臺股指群益99售25,0,0,0,0,0,0,0,0,0,-10000,0,0,0,0,10000,-10000,-10000
07294P,滬深2X元富9C售08,0,0,0,0,0,0,0,0,0,-10000,0,0,0,0,10000,-10000,-10000
07456P,華新科元大9A售06,0,0,0,0,0,0,0,0,0,-10000,0,0,0,0,10000,-10000,-10000
07604P,台灣50元大9B售09,0,0,0,0,0,0,0,0,0,-10000,0,0,0,0,10000,-10000,-10000
07608P,台灣50國票9C售03,0,0,0,0,0,0,0,0,0,-10000,0,0,0,0,10000,-10000,-10000
07851P,聯發科國票9A售05,0,0,0,0,0,0,0,0,0,-10000,0,0,0,100000,110000,-10000,-10000
07744P,奇力新凱基9A售05,0,0,0,0,0,0,0,0,0,-10000,0,0,0,10000,20000,-10000,-10000
07785P,鴻海中信04售03  ,0,0,0,0,0,0,0,0,0,-10000,0,0,0,0,10000,-10000,-10000
07756P,台灣50國票04售01,0,0,0,0,0,0,0,0,0,-10000,0,0,0,0,10000,-10000,-10000
065005,台光電國票01購02,0,0,0,0,0,0,0,0,0,-10000,0,0,0,35000,45000,-10000,-10000
065134,中石化凱基01購01,0,0,0,0,0,0,0,0,0,-10000,0,0,0,10000,20000,-10000,-10000
065116,臺股指國票9C購13,0,0,0,0,0,0,0,0,0,-10000,0,0,0,16000,26000,-10000,-10000
065125,奇力新永豐9C購01,0,0,0,0,0,0,0,0,0,-10000,0,0,0,0,10000,-10000,-10000
06504P,麗豐國票99售02  ,0,0,0,0,0,0,0,0,0,-10000,0,0,0,0,10000,-10000,-10000
064871,緯穎永豐9C購03  ,0,0,0,0,0,0,0,0,0,-10000,0,0,0,0,10000,-10000,-10000
06546P,聯發科元大98售05,0,0,0,0,0,0,0,0,0,-10000,0,0,0,0,10000,-10000,-10000
065428,旺宏凱基03購01  ,0,0,0,0,0,0,0,0,0,-10000,0,0,0,0,10000,-10000,-10000
065404,玉晶光國泰02購03,0,0,0,0,0,0,0,0,0,-10000,0,0,0,28000,38000,-10000,-10000
065383,南電元大01購02  ,0,0,0,0,0,0,0,0,0,-10000,0,0,0,12000,22000,-10000,-10000
065384,南電元大9C購07  ,0,0,0,0,0,0,0,0,0,-10000,0,0,0,2000,12000,-10000,-10000
06532P,友達元富98售04  ,0,0,0,0,0,0,0,0,0,-10000,0,0,0,30000,40000,-10000,-10000
065259,燿華元大9C購05  ,0,0,0,0,0,0,0,0,0,-10000,0,0,0,0,10000,-10000,-10000
065256,上銀元大9C購10  ,0,0,0,0,0,0,0,0,0,-10000,0,0,0,0,10000,-10000,-10000
065203,FBVIX國票9C購01 ,0,0,0,0,0,0,0,0,0,-10000,0,0,0,0,10000,-10000,-10000
03658C,T50反1元大9A牛02,0,0,0,0,0,0,0,0,0,-10000,0,0,0,0,10000,-10000,-10000
052888,台表科中信9A購01,0,0,0,0,0,0,0,0,0,-10000,0,0,0,10000,20000,-10000,-10000
052942,聯發科中信97購04,0,0,0,0,0,0,0,0,0,-10000,0,0,0,0,10000,-10000,-10000
020011,統一微波高息20N ,0,0,0,0,0,0,0,0,0,-10000,0,0,0,15000,25000,-10000,-10000
053316,友達群益9A購01  ,0,0,0,0,0,0,0,0,0,-10000,0,0,0,0,10000,-10000,-10000
053400,緯穎中信9A購01  ,0,0,0,0,0,0,0,0,0,-10000,0,0,0,0,10000,-10000,-10000
055216,友達凱基98購05  ,0,0,0,0,0,0,0,0,0,-10000,0,0,0,0,10000,-10000,-10000
055363,緯穎凱基98購03  ,0,0,0,0,0,0,0,0,0,-10000,0,0,0,0,10000,-10000,-10000
049024,玉晶光群益97購01,0,0,0,0,0,0,0,0,0,-10000,0,0,0,20000,30000,-10000,-10000
051424,緯穎國票97購01  ,0,0,0,0,0,0,0,0,0,-10000,0,0,0,0,10000,-10000,-10000
051055,友達群益98購01  ,0,0,0,0,0,0,0,0,0,-10000,0,0,0,63000,73000,-10000,-10000
057475,聯電元大9A購01  ,0,0,0,0,0,0,0,0,0,-10000,0,0,0,36000,46000,-10000,-10000
056476,智原元大98購02  ,0,0,0,0,0,0,0,0,0,-10000,0,0,0,0,10000,-10000,-10000
054114,新光金台新97購01,0,0,0,0,0,0,0,0,0,-10000,0,0,0,0,10000,-10000,-10000
054178,中磊台新97購01  ,0,0,0,0,0,0,0,0,0,-10000,0,0,0,10000,20000,-10000,-10000
057098,新光金台新98購01,0,0,0,0,0,0,0,0,0,-10000,0,0,0,0,10000,-10000,-10000
057102,亞光中信9A購01  ,0,0,0,0,0,0,0,0,0,-10000,0,0,0,0,10000,-10000,-10000
057559,可成兆豐99購02  ,0,0,0,0,0,0,0,0,0,-10000,0,0,0,0,10000,-10000,-10000
057534,旭富元大98購01  ,0,0,0,0,0,0,0,0,0,-10000,0,0,0,0,10000,-10000,-10000
057578,可成中信99購01  ,0,0,0,0,0,0,0,0,0,-10000,0,0,0,58000,68000,-10000,-10000
057512,華邦電台新98購01,0,0,0,0,0,0,0,0,0,-10000,0,0,0,0,10000,-10000,-10000
057505,健策麥證98購01  ,0,0,0,0,99000,-99000,0,0,0,-10000,0,0,0,89000,99000,-10000,-10000
057499,奇鋐群益98購01  ,0,0,0,0,0,0,0,0,0,-10000,0,0,0,0,10000,-10000,-10000
057492,大立光元大98購18,0,0,0,0,0,0,0,0,0,-10000,0,0,0,0,10000,-10000,-10000
054510,S&P反1元大98購01,0,0,0,0,0,0,0,0,0,-10000,0,0,0,0,10000,-10000,-10000
055499,大立光元大98購05,0,0,0,0,0,0,0,0,0,-10000,0,0,0,0,10000,-10000,-10000
055096,緯穎群益97購01  ,0,0,0,0,0,0,0,0,0,-10000,0,0,0,0,10000,-10000,-10000
054932,台肥元大97購01  ,0,0,0,0,0,0,0,0,0,-10000,0,0,0,0,10000,-10000,-10000
054842,台達電兆豐98購01,0,0,0,0,0,0,0,0,0,-10000,0,0,0,0,10000,-10000,-10000
056552,台表科凱基99購01,0,0,0,0,0,0,0,0,0,-10000,0,0,0,0,10000,-10000,-10000
057035,元油2X元大9B購03,0,0,0,0,0,0,0,0,0,-10000,0,0,0,0,10000,-10000,-10000
057055,立積元大99購01  ,0,0,0,0,0,0,0,0,0,-10000,0,0,0,20000,30000,-10000,-10000
057241,超眾凱基99購02  ,0,0,0,0,0,0,0,0,0,-10000,0,0,0,0,10000,-10000,-10000
057268,臻鼎兆豐99購01  ,0,0,0,0,0,0,0,0,0,-10000,0,0,0,0,10000,-10000,-10000
057314,全新麥證98購01  ,0,0,0,0,10000,-10000,0,0,0,-10000,0,0,0,0,10000,-10000,-10000
05729P,臺股指凱基97售02,0,0,0,0,0,0,0,0,0,-10000,0,0,0,70000,80000,-10000,-10000
056665,上証2X國票99購02,0,0,0,0,0,0,0,0,0,-10000,0,0,0,0,10000,-10000,-10000
056590,樺漢統一9A購01  ,0,0,0,0,0,0,0,0,0,-10000,0,0,0,3000,13000,-10000,-10000
056585,台積電統一9A購01,0,0,0,0,0,0,0,0,0,-10000,0,0,0,0,10000,-10000,-10000
056151,建準凱基97購01  ,0,0,0,0,0,0,0,0,0,-10000,0,0,0,0,10000,-10000,-10000
056145,緯穎元大98購03  ,0,0,0,0,0,0,0,0,0,-10000,0,0,0,0,10000,-10000,-10000
056159,牧德凱基99購01  ,0,0,0,0,0,0,0,0,0,-10000,0,0,0,0,10000,-10000,-10000
056023,晶豪科群益97購01,0,0,0,0,0,0,0,0,0,-10000,0,0,0,0,10000,-10000,-10000
056020,義隆群益97購01  ,0,0,0,0,0,0,0,0,0,-10000,0,0,0,0,10000,-10000,-10000
056006,義隆亞東97購01  ,0,0,0,0,0,0,0,0,0,-10000,0,0,0,0,10000,-10000,-10000
056076,超眾元大97購05  ,0,0,0,0,0,0,0,0,0,-10000,0,0,0,0,10000,-10000,-10000
056820,欣興永豐98購02  ,0,0,0,0,0,0,0,0,0,-10000,0,0,0,10000,20000,-10000,-10000
057758,鴻海凱基99購03  ,0,0,0,0,0,0,0,0,0,-10000,0,0,0,1000,11000,-10000,-10000
057763,康控凱基99購02  ,0,0,0,0,0,0,0,0,0,-10000,0,0,0,0,10000,-10000,-10000
060093,友達元大03購01  ,0,0,0,0,0,0,0,0,0,-10000,0,0,0,0,10000,-10000,-10000
060521,鴻海中信01購03  ,0,0,0,0,0,0,0,0,0,-10000,0,0,0,0,10000,-10000,-10000
060300,佐登國泰9B購01  ,0,0,0,0,0,0,0,0,0,-10000,0,0,0,0,10000,-10000,-10000
060266,潤泰全國票9A購01,0,0,0,0,0,0,0,0,0,-10000,0,0,0,0,10000,-10000,-10000
060392,華擎群益9C購02  ,0,0,0,0,0,0,0,0,0,-10000,0,0,0,0,10000,-10000,-10000
060408,和潤國泰9C購01  ,0,0,0,0,0,0,0,0,0,-10000,0,0,0,0,10000,-10000,-10000
056318,鴻海群益98購02  ,0,0,0,0,0,0,0,0,0,-10000,0,0,0,0,10000,-10000,-10000
055876,美食元富9A購01  ,0,0,0,0,0,0,0,0,0,-10000,0,0,0,50000,60000,-10000,-10000
055934,景碩群益98購03  ,0,0,0,0,0,0,0,0,0,-10000,0,0,0,0,10000,-10000,-10000
062014,牧德富邦9C購01  ,0,0,0,0,0,0,0,0,0,-10000,0,0,0,0,10000,-10000,-10000
062073,國巨元大9B購06  ,0,0,0,0,0,0,0,0,0,-10000,0,0,0,58000,68000,-10000,-10000
062130,T50反1群益9B購01,0,0,0,0,0,0,0,0,0,-10000,0,0,0,0,10000,-10000,-10000
062082,嘉晶元大9B購01  ,0,0,0,0,0,0,0,0,0,-10000,0,0,0,0,10000,-10000,-10000
061932,上銀國票9B購01  ,0,0,0,0,0,0,0,0,0,-10000,0,0,0,0,10000,-10000,-10000
061976,國巨元大9B購01  ,0,0,0,0,0,0,0,0,0,-10000,0,0,0,2000,12000,-10000,-10000
061983,華新科元大9B購04,0,0,0,0,0,0,0,0,0,-10000,0,0,0,0,10000,-10000,-10000
061965,台積電統一02購02,0,0,0,0,0,0,0,0,0,-10000,0,0,0,0,10000,-10000,-10000
06182P,群創兆豐97售03  ,0,0,0,0,0,0,0,0,0,-10000,0,0,0,0,10000,-10000,-10000
061789,群創群益9B購01  ,0,0,0,0,0,0,0,0,0,-10000,0,0,0,0,10000,-10000,-10000
06186P,鴻海統一97售02  ,0,0,0,0,0,0,0,0,0,-10000,0,0,0,0,10000,-10000,-10000
061674,聯發科元大9A購12,0,0,0,0,0,0,0,0,0,-10000,0,0,0,9000,19000,-10000,-10000
061697,世紀鋼群益9A購03,0,0,0,0,0,0,0,0,0,-10000,0,0,0,0,10000,-10000,-10000
061715,牧德凱基9B購03  ,0,0,0,0,0,0,0,0,0,-10000,0,0,0,0,10000,-10000,-10000
061468,神達群益9A購01  ,0,0,0,0,0,0,0,0,0,-10000,0,0,0,0,10000,-10000,-10000
061442,玉晶光永豐9A購07,0,0,0,0,0,0,0,0,0,-10000,0,0,0,5000,15000,-10000,-10000
061569,旺宏元大9A購14  ,0,0,0,0,0,0,0,0,0,-10000,0,0,0,0,10000,-10000,-10000
061563,群創國票9B購02  ,0,0,0,0,0,0,0,0,0,-10000,0,0,0,0,10000,-10000,-10000
058938,台積電中信01購03,0,0,0,0,0,0,0,0,0,-10000,0,0,0,38000,48000,-10000,-10000
058891,元油2X元大9C購07,0,0,0,0,0,0,0,0,0,-10000,0,0,0,0,10000,-10000,-10000
058894,元油2X元大9C購11,0,0,0,0,0,0,0,0,0,-10000,0,0,0,0,10000,-10000,-10000
058884,世紀鋼永豐99購02,0,0,0,0,0,0,0,0,0,-10000,0,0,0,19000,29000,-10000,-10000
058843,元油2X群益9C購02,0,0,0,0,0,0,0,0,0,-10000,0,0,0,0,10000,-10000,-10000
058970,鴻海永豐99購02  ,0,0,0,0,0,0,0,0,0,-10000,0,0,0,30000,40000,-10000,-10000
057977,台光電永豐98購02,0,0,0,0,0,0,0,0,0,-10000,0,0,0,0,10000,-10000,-10000
057992,大立光日盛98購01,0,0,0,0,0,0,0,0,0,-10000,0,0,0,25000,35000,-10000,-10000
059507,鴻海永豐99購03  ,0,0,0,0,0,0,0,0,0,-10000,0,0,0,0,10000,-10000,-10000
058745,元金2X凱基9C購02,0,0,0,0,0,0,0,0,0,-10000,0,0,0,0,10000,-10000,-10000
059538,健策凱基99購03  ,0,0,0,0,0,0,0,0,0,-10000,0,0,0,16000,26000,-10000,-10000
059087,台積電元大99購26,0,0,0,0,0,0,0,0,0,-10000,0,0,0,0,10000,-10000,-10000
059722,南亞科元大99購02,0,0,0,0,0,0,0,0,0,-10000,0,0,0,0,10000,-10000,-10000
059727,大立光元大9A購01,0,0,0,0,0,0,0,0,0,-10000,0,0,0,0,10000,-10000,-10000
059847,喬山永豐99購01  ,0,0,0,0,0,0,0,0,0,-10000,0,0,0,0,10000,-10000,-10000
059642,健策凱基99購04  ,0,0,0,0,0,0,0,0,0,-10000,0,0,0,6000,16000,-10000,-10000
059661,大立光元大99購22,0,0,0,0,0,0,0,0,0,-10000,0,0,0,30000,40000,-10000,-10000
059687,卜蜂永豐99購01  ,0,0,0,0,0,0,0,0,0,-10000,0,0,0,10000,20000,-10000,-10000
060683,泰鼎元大9A購02  ,0,0,0,0,0,0,0,0,0,-10000,0,0,0,0,10000,-10000,-10000
060646,南電永豐9A購01  ,0,0,0,0,0,0,0,0,0,-10000,0,0,0,24000,34000,-10000,-10000
060330,台灣50麥證9A購03,0,0,0,0,10000,-10000,0,0,0,-10000,0,0,0,0,10000,-10000,-10000
060744,鴻海國票9A購04  ,0,0,0,0,0,0,0,0,0,-10000,0,0,0,0,10000,-10000,-10000
060816,世紀鋼凱基9C購02,0,0,0,0,0,0,0,0,0,-10000,0,0,0,0,10000,-10000,-10000
059349,台郡凱基99購04  ,0,0,0,0,0,0,0,0,0,-10000,0,0,0,0,10000,-10000,-10000
059363,超眾永豐99購02  ,0,0,0,0,0,0,0,0,0,-10000,0,0,0,0,10000,-10000,-10000
059345,禾伸堂凱基99購03,0,0,0,0,0,0,0,0,0,-10000,0,0,0,0,10000,-10000,-10000
058473,上銀凱基9A購03  ,0,0,0,0,0,0,0,0,0,-10000,0,0,0,0,10000,-10000,-10000
058428,大立光元富99購02,0,0,0,0,0,0,0,0,0,-10000,0,0,0,0,10000,-10000,-10000
059249,大立光凱基99購05,0,0,0,0,0,0,0,0,0,-10000,0,0,0,0,10000,-10000,-10000
058486,大立光國票9A購01,0,0,0,0,0,0,0,0,0,-10000,0,0,0,0,10000,-10000,-10000
059224,大立光元大99購15,0,0,0,0,0,0,0,0,0,-10000,0,0,0,10000,20000,-10000,-10000
060552,群創凱基9B購05  ,0,0,0,0,0,0,0,0,0,-10000,0,0,0,10000,20000,-10000,-10000
060577,玉晶光中信9A購02,0,0,0,0,0,0,0,0,0,-10000,0,0,0,2000,12000,-10000,-10000
060606,玉晶光凱基9A購05,0,0,0,0,0,0,0,0,0,-10000,0,0,0,12000,22000,-10000,-10000
059844,大立光富邦9C購04,0,0,0,0,0,0,0,0,0,-10000,0,0,0,0,10000,-10000,-10000
059292,華新科元富9B購02,0,0,0,0,0,0,0,0,0,-10000,0,0,0,20000,30000,-10000,-10000
060877,華邦電中信02購01,0,0,0,0,0,0,0,0,0,-10000,0,0,0,0,10000,-10000,-10000
060869,超眾永豐9A購02  ,0,0,0,0,0,0,0,0,0,-10000,0,0,0,0,10000,-10000,-10000
061095,台積電台新9B購03,0,0,0,0,0,0,0,0,0,-10000,0,0,0,0,10000,-10000,-10000
061265,富邦金凱基9B購01,0,0,0,0,0,0,0,0,0,-10000,0,0,0,11000,21000,-10000,-10000
061257,上銀凱基9A購06  ,0,0,0,0,0,0,0,0,0,-10000,0,0,0,0,10000,-10000,-10000
061288,大立光統一9C購01,0,0,0,0,0,0,0,0,0,-10000,0,0,0,0,10000,-10000,-10000
061174,鴻海凱基9A購23  ,0,0,0,0,0,0,0,0,0,-10000,0,0,0,0,10000,-10000,-10000
061145,臻鼎中信9A購02  ,0,0,0,0,0,0,0,0,0,-10000,0,0,0,20000,30000,-10000,-10000
061203,國巨元大9A購15  ,0,0,0,0,0,0,0,0,0,-10000,0,0,0,60000,70000,-10000,-10000
058374,玉晶光凱基9A購03,0,0,0,0,0,0,0,0,0,-10000,0,0,0,6000,16000,-10000,-10000
058259,訊連國泰9B購01  ,0,0,0,0,0,0,0,0,0,-10000,0,0,0,0,10000,-10000,-10000
058612,健策元大99購02  ,0,0,0,0,0,0,0,0,0,-10000,0,0,0,24000,34000,-10000,-10000
058088,鴻海元大9A購01  ,0,0,0,0,0,0,0,0,0,-10000,0,0,0,0,10000,-10000,-10000
058101,台積電富邦9C購01,0,0,0,0,0,0,0,0,0,-10000,0,0,0,0,10000,-10000,-10000
058027,鴻海富邦98購04  ,0,0,0,0,0,0,0,0,0,-10000,0,0,0,0,10000,-10000,-10000
06461P,玉晶光國泰9A售01,0,0,0,0,0,0,0,0,0,-10000,0,0,0,0,10000,-10000,-10000
064521,群創群益02購01  ,0,0,0,0,0,0,0,0,0,-10000,0,0,0,75000,85000,-10000,-10000
064534,京元電國票01購01,0,0,0,0,0,0,0,0,0,-10000,0,0,0,0,10000,-10000,-10000
064737,中石化國票01購01,0,0,0,0,0,0,0,0,0,-10000,0,0,0,0,10000,-10000,-10000
064224,玉晶光國票01購04,0,0,0,0,0,0,0,0,0,-10000,0,0,0,29000,39000,-10000,-10000
064484,元金2X元大9C購02,0,0,0,0,0,0,0,0,0,-10000,0,0,0,0,10000,-10000,-10000
064118,喬山元大01購01  ,0,0,0,0,0,0,0,0,0,-10000,0,0,0,48000,58000,-10000,-10000
064078,台積電中信06購04,0,0,0,0,0,0,0,0,0,-10000,0,0,0,0,10000,-10000,-10000
064066,達新永豐9C購01  ,0,0,0,0,0,0,0,0,0,-10000,0,0,0,0,10000,-10000,-10000
063994,台光電群益9C購01,0,0,0,0,0,0,0,0,0,-10000,0,0,0,0,10000,-10000,-10000
063685,鴻海永豐9B購03  ,0,0,0,0,0,0,0,0,0,-10000,0,0,0,0,10000,-10000,-10000
06376P,上銀統一99售01  ,0,0,0,0,0,0,0,0,0,-10000,0,0,0,0,10000,-10000,-10000
063604,群創凱基01購02  ,0,0,0,0,0,0,0,0,0,-10000,0,0,0,0,10000,-10000,-10000
063651,金像電台新9B購01,0,0,0,0,0,0,0,0,0,-10000,0,0,0,0,10000,-10000,-10000
063593,GIS永豐9B購01   ,0,0,0,0,0,0,0,0,0,-10000,0,0,0,40000,50000,-10000,-10000
06328P,台積電中信01售02,0,0,0,0,0,0,0,0,0,-10000,0,0,0,10000,20000,-10000,-10000
062877,可成兆豐9C購01  ,0,0,0,0,0,0,0,0,0,-10000,0,0,0,20000,30000,-10000,-10000
062951,鴻海永豐9B購02  ,0,0,0,0,0,0,0,0,0,-10000,0,0,0,0,10000,-10000,-10000
062964,FBVIX元富9B購01 ,0,0,0,0,0,0,0,0,0,-10000,0,0,0,0,10000,-10000,-10000
063175,燿華兆豐9C購01  ,0,0,0,0,0,0,0,0,0,-10000,0,0,0,0,10000,-10000,-10000
062311,奇力新凱基9B購01,0,0,0,0,0,0,0,0,0,-10000,0,0,0,0,10000,-10000,-10000
062286,台郡群益9B購01  ,0,0,0,0,0,0,0,0,0,-10000,0,0,0,27000,37000,-10000,-10000
062280,大立光群益9C購01,0,0,0,0,0,0,0,0,0,-10000,0,0,0,5000,15000,-10000,-10000
06214P,國巨國票98售04  ,0,0,0,0,0,0,0,0,0,-10000,0,0,0,0,10000,-10000,-10000
062482,台表科國票9B購01,0,0,0,0,0,0,0,0,0,-10000,0,0,0,0,10000,-10000,-10000
062485,華通國泰01購01  ,0,0,0,0,0,0,0,0,0,-10000,0,0,0,36000,46000,-10000,-10000
062464,T50反1凱基9C購03,0,0,0,0,0,0,0,0,0,-10000,0,0,0,15000,25000,-10000,-10000
062439,聯發科元大9B購10,0,0,0,0,0,0,0,0,0,-10000,0,0,0,5000,15000,-10000,-10000
062314,玉晶光凱基9B購06,0,0,0,0,0,0,0,0,0,-10000,0,0,0,8000,18000,-10000,-10000
062372,旭富元大9B購01  ,0,0,0,0,0,0,0,0,0,-10000,0,0,0,31000,41000,-10000,-10000
062851,建準永豐9B購02  ,0,0,0,0,0,0,0,0,0,-10000,0,0,0,0,10000,-10000,-10000
062755,茂林麥證9B購01  ,0,0,0,44000,54000,-10000,0,0,0,-10000,0,0,0,44000,54000,-10000,-10000
062727,華擎凱基9B購03  ,0,0,0,0,0,0,0,0,0,-10000,0,0,0,6000,16000,-10000,-10000
062701,漢唐元大9B購01  ,0,0,0,0,0,0,0,0,0,-10000,0,0,0,0,10000,-10000,-10000
062643,緯穎國票9B購01  ,0,0,0,0,0,0,0,0,0,-10000,0,0,0,0,10000,-10000,-10000
062640,訊連國票9C購01  ,0,0,0,0,0,0,0,0,0,-10000,0,0,0,0,10000,-10000,-10000
06260P,臺股指群益97售13,0,0,0,0,0,0,0,0,0,-10000,0,0,0,20000,30000,-10000,-10000
062524,鴻海統一9C購09  ,0,0,0,0,0,0,0,0,0,-10000,0,0,0,0,10000,-10000,-10000
062563,緯穎凱基9B購03  ,0,0,0,0,0,0,0,0,0,-10000,0,0,0,0,10000,-10000,-10000
065204,神隆國票01購01  ,0,4000,-4000,0,0,0,0,0,0,-7000,0,0,0,4000,11000,-7000,-11000
065281,和大群益01購02  ,0,0,0,0,0,0,0,0,0,-11000,0,0,0,0,11000,-11000,-11000
065390,達新群益9C購02  ,0,0,0,0,0,0,0,0,0,-11000,0,0,0,0,11000,-11000,-11000
065464,健鼎中信9C購01  ,0,0,0,0,0,0,0,0,0,-11000,0,0,0,0,11000,-11000,-11000
065135,和大凱基01購01  ,0,0,0,0,0,0,0,0,0,-11000,0,0,0,0,11000,-11000,-11000
065009,勤誠國票01購01  ,0,0,0,0,0,0,0,0,0,-11000,0,0,0,0,11000,-11000,-11000
07763P,嘉澤永豐9A售02  ,0,0,0,0,0,0,0,0,0,-11000,0,0,0,0,11000,-11000,-11000
07782P,寶成凱基9A售02  ,0,0,0,0,0,0,0,0,0,-11000,0,0,0,0,11000,-11000,-11000
06789P,鴻海凱基98售12  ,0,0,0,0,0,0,0,0,0,-11000,0,0,0,11000,22000,-11000,-11000
06654P,欣興元大98售08  ,0,0,0,0,0,0,0,0,0,-11000,0,0,0,4000,15000,-11000,-11000
06658P,台灣50富邦9C售01,0,0,0,0,0,0,0,0,0,-11000,0,0,0,77000,88000,-11000,-11000
07954P,台表科元大9B售02,0,0,0,0,0,0,0,0,0,-11000,0,0,0,3000,14000,-11000,-11000
057897,華通富邦99購01  ,0,0,0,0,0,0,0,0,0,-11000,0,0,0,0,11000,-11000,-11000
057715,聯發科統一99購03,0,0,0,0,0,0,0,0,0,-11000,0,0,0,0,11000,-11000,-11000
053723,奇鋐凱基98購01  ,0,0,0,0,0,0,0,0,0,-11000,0,0,0,50000,61000,-11000,-11000
057123,上銀凱基98購05  ,0,0,0,0,0,0,0,0,0,-11000,0,0,0,0,11000,-11000,-11000
060962,義隆凱基9B購01  ,0,0,0,0,0,0,0,0,0,-11000,0,0,0,49000,60000,-11000,-11000
059312,元石油元大99購05,0,0,0,0,0,0,0,0,0,-11000,0,0,0,0,11000,-11000,-11000
060361,南亞科元富9A購03,0,0,0,0,0,0,0,0,0,-11000,0,0,0,0,11000,-11000,-11000
060672,鴻海元大9A購14  ,0,0,0,0,0,0,0,0,0,-11000,0,0,0,0,11000,-11000,-11000
059123,訊芯永豐99購03  ,0,0,0,0,0,0,0,0,0,-11000,0,0,0,9000,20000,-11000,-11000
059072,元油2X元大9C購13,0,0,0,0,0,0,0,0,0,-11000,0,0,0,0,11000,-11000,-11000
061858,南電國票9B購02  ,0,0,0,0,0,0,0,0,0,-11000,0,0,0,9000,20000,-11000,-11000
062766,台郡凱基9B購02  ,0,0,0,0,0,0,0,0,0,-11000,0,0,0,14000,25000,-11000,-11000
062445,大立光元大9C購02,0,0,0,0,0,0,0,0,0,-11000,0,0,0,0,11000,-11000,-11000
062252,華邦電元大9C購01,0,0,0,0,0,0,0,0,0,-11000,0,0,0,5000,16000,-11000,-11000
062939,奇力新凱基9B購02,0,0,0,0,0,0,0,0,0,-11000,0,0,0,54000,65000,-11000,-11000
063344,臺企銀統一9C購01,0,0,0,0,0,0,0,0,0,-11000,0,0,0,109000,120000,-11000,-11000
063445,金像電統一9B購01,0,0,0,0,0,0,0,0,0,-11000,0,0,0,20000,31000,-11000,-11000
063821,南亞科麥證9C購01,0,0,0,0,11000,-11000,0,0,0,-11000,0,0,0,0,11000,-11000,-11000
063722,遠東新元大9B購02,0,0,0,0,0,0,0,0,0,-11000,0,0,0,99000,110000,-11000,-11000
064120,鴻海元大9C購07  ,0,0,0,0,0,0,0,0,0,-11000,0,0,0,0,11000,-11000,-11000
064126,聯發科元大9C購05,0,0,0,0,0,0,0,0,0,-11000,0,0,0,165000,176000,-11000,-11000
064183,聯茂富邦01購01  ,0,0,0,0,0,0,0,0,0,-11000,0,0,0,118000,129000,-11000,-11000
064262,玉晶光永豐9C購03,0,0,0,0,0,0,0,0,0,-11000,0,0,0,0,11000,-11000,-11000
064302,美律兆豐01購01  ,0,0,0,0,0,0,0,0,0,-11000,0,0,0,0,11000,-11000,-11000
064743,聯詠國票01購01  ,0,0,0,0,0,0,0,0,0,-11000,0,0,0,29000,40000,-11000,-11000
06470P,臺股指凱基99售10,0,0,0,0,0,0,0,0,0,-11000,0,0,0,0,11000,-11000,-11000
064606,南電元富9C購03  ,0,0,0,0,0,0,0,0,0,-11000,0,0,0,91000,102000,-11000,-11000
9930,中聯資源        ,11000,22000,-11000,0,0,0,0,0,0,0,0,0,0,0,0,0,-11000
4552,力達-KY         ,63000,74000,-11000,0,0,0,0,0,0,0,0,0,0,0,0,0,-11000
6216,居易            ,10000,18000,-8000,0,0,0,0,0,0,-3000,1000,4000,-3000,0,0,0,-11000
8422,可寧衛          ,67000,71193,-4193,0,0,0,0,0,0,-7000,4000,11000,-7000,0,0,0,-11193
08208P,臺股指群益9B售16,0,0,0,0,0,0,0,0,0,-12000,0,0,0,0,12000,-12000,-12000
08128P,聯發科元大9B售22,0,0,0,0,0,0,0,0,0,-12000,0,0,0,30000,42000,-12000,-12000
08567P,台勝科群益9C售01,0,0,0,0,0,0,0,0,0,-12000,0,0,0,0,12000,-12000,-12000
08434P,臺股指凱基03售02,0,0,0,0,0,0,0,0,0,-12000,0,0,0,10000,22000,-12000,-12000
08373P,大立光凱基01售05,0,0,0,0,0,0,0,0,0,-12000,0,0,0,21000,33000,-12000,-12000
1702,南僑            ,89000,99000,-10000,0,0,0,0,0,0,-2000,0,2000,-2000,0,0,0,-12000
1906,寶隆            ,42000,54000,-12000,0,0,0,0,0,0,0,2000,2000,0,0,0,0,-12000
1528,恩德            ,15000,27000,-12000,0,0,0,0,0,0,0,0,0,0,0,0,0,-12000
06688P,鴻海中信02售01  ,0,0,0,0,0,0,0,0,0,-12000,0,0,0,18000,30000,-12000,-12000
06940P,旺宏永豐98售05  ,0,0,0,0,0,0,0,0,0,-12000,0,0,0,0,12000,-12000,-12000
07101P,台郡元大99售06  ,0,0,0,0,0,0,0,0,0,-12000,0,0,0,0,12000,-12000,-12000
07170P,臺股指國票99售07,0,0,0,0,0,0,0,0,0,-12000,0,0,0,100000,112000,-12000,-12000
06549P,大立光元大98售11,0,0,0,0,0,0,0,0,0,-12000,0,0,0,0,12000,-12000,-12000
06599P,宏達電永豐98售02,0,0,0,0,0,0,0,0,0,-12000,0,0,0,0,12000,-12000,-12000
057630,茂林永豐98購01  ,0,0,0,0,0,0,0,0,0,-12000,0,0,0,0,12000,-12000,-12000
054061,晶技國票97購03  ,0,0,0,0,0,0,0,0,0,-12000,0,0,0,0,12000,-12000,-12000
055535,緯創群益98購01  ,0,0,0,0,0,0,0,0,0,-12000,0,0,0,6000,18000,-12000,-12000
055230,大毅國票98購01  ,0,0,0,0,0,0,0,0,0,-12000,0,0,0,11000,23000,-12000,-12000
03686C,臺股指元大04牛05,0,0,0,0,0,0,0,0,0,-12000,0,0,0,1000,13000,-12000,-12000
056632,鴻海永昌98購01  ,0,0,0,0,0,0,0,0,0,-12000,0,0,0,0,12000,-12000,-12000
056899,可成元大98購01  ,0,0,0,0,0,0,0,0,0,-12000,0,0,0,56000,68000,-12000,-12000
056392,玉晶光富邦9C購01,0,0,0,0,0,0,0,0,0,-12000,0,0,0,23000,35000,-12000,-12000
060450,南亞元大9A購02  ,0,0,0,0,0,0,0,0,0,-12000,0,0,0,8000,20000,-12000,-12000
060022,勤誠康和99購01  ,0,0,0,0,0,0,0,0,0,-12000,0,0,0,28000,40000,-12000,-12000
061546,大立光群益9A購05,0,0,0,0,0,0,0,0,0,-12000,0,0,0,5000,17000,-12000,-12000
061586,智邦富邦9A購02  ,0,0,0,0,0,0,0,0,0,-12000,0,0,0,0,12000,-12000,-12000
060712,建準永豐9A購01  ,0,0,0,0,0,0,0,0,0,-12000,0,0,0,22000,34000,-12000,-12000
060352,滬深2X元富9A購02,0,0,0,0,0,0,0,0,0,-12000,0,0,0,17000,29000,-12000,-12000
060320,元金2X群益02購01,0,0,0,0,0,0,0,0,0,-12000,0,0,0,0,12000,-12000,-12000
059348,日月光凱基99購01,0,0,0,0,0,0,0,0,0,-12000,0,0,0,0,12000,-12000,-12000
059788,華新科元大9A購05,0,0,0,0,0,0,0,0,0,-12000,0,0,0,6000,18000,-12000,-12000
060868,致伸永豐9A購01  ,0,0,0,0,0,0,0,0,0,-12000,0,0,0,0,12000,-12000,-12000
058033,景碩永豐98購02  ,0,0,0,0,0,0,0,0,0,-12000,0,0,0,10000,22000,-12000,-12000
058244,神達元大99購02  ,0,0,0,0,0,0,0,0,0,-12000,0,0,0,66000,78000,-12000,-12000
064504,玉晶光元大01購02,0,0,0,0,0,0,0,0,0,-12000,0,0,0,20000,32000,-12000,-12000
064491,金像電元大9C購03,0,0,0,0,0,0,0,0,0,-12000,0,0,0,43000,55000,-12000,-12000
064364,高鐵統一9C購02  ,0,0,0,0,0,0,0,0,0,-12000,0,0,0,0,12000,-12000,-12000
063926,南亞科統一03購01,0,0,0,0,0,0,0,0,0,-12000,0,0,0,0,12000,-12000,-12000
063868,嘉晶永豐9C購01  ,0,0,0,0,0,0,0,0,0,-12000,0,0,0,0,12000,-12000,-12000
063721,道瓊銀元大9B購03,0,0,0,0,0,0,0,0,0,-12000,0,0,0,0,12000,-12000,-12000
063647,超眾元大9B購02  ,0,0,0,0,0,0,0,0,0,-12000,0,0,0,97000,109000,-12000,-12000
06320P,上銀統一97售04  ,0,0,0,0,0,0,0,0,0,-12000,0,0,0,68000,80000,-12000,-12000
063152,健策元富9C購01  ,0,0,0,0,0,0,0,0,0,-12000,0,0,0,0,12000,-12000,-12000
062478,牧德國票9B購03  ,0,0,0,0,0,0,0,0,0,-12000,0,0,0,0,12000,-12000,-12000
062426,大立光統一02購02,0,0,0,0,0,0,0,0,0,-12000,0,0,0,0,12000,-12000,-12000
8072,陞泰            ,20000,29000,-9000,0,0,0,0,0,0,-3000,0,3000,-3000,0,0,0,-12000
6235,華孚            ,22000,34000,-12000,0,0,0,0,0,0,0,0,0,0,0,0,0,-12000
065171,燿華元大9C購04  ,0,0,0,0,0,0,0,0,0,-13000,0,0,0,5000,18000,-13000,-13000
064984,同欣電元大9C購06,0,0,0,0,0,0,0,0,0,-13000,0,0,0,55000,68000,-13000,-13000
06867P,訊芯元大98售08  ,0,0,0,0,0,0,0,0,0,-13000,0,0,0,37000,50000,-13000,-13000
07742P,台積電凱基9A售25,0,0,0,0,0,0,0,0,0,-13000,0,0,0,0,13000,-13000,-13000
07580P,緯穎元大9A售03  ,0,0,0,0,0,0,0,0,0,-13000,0,0,0,35000,48000,-13000,-13000
07714P,世紀鋼元大9A售03,0,0,0,0,0,0,0,0,0,-13000,0,0,0,0,13000,-13000,-13000
1463,強盛            ,14000,27000,-13000,0,0,0,0,0,0,0,0,0,0,0,0,0,-13000
1472,三洋紡          ,10000,23000,-13000,0,0,0,0,0,0,0,0,0,0,0,0,0,-13000
3550,聯穎            ,13000,25000,-12000,0,0,0,0,0,0,-1000,0,1000,-1000,0,0,0,-13000
3004,豐達科          ,32000,27000,5000,0,0,0,0,18000,-18000,0,0,0,0,0,0,0,-13000
2493,揚博            ,114000,129000,-15000,0,0,0,0,0,0,2000,6000,4000,2000,0,0,0,-13000
2546,根基            ,32000,44000,-12000,0,0,0,0,0,0,-1000,3000,4000,-1000,0,0,0,-13000
08099P,聯發科中信9B售04,0,0,0,0,0,0,0,0,0,-13000,0,0,0,0,13000,-13000,-13000
057856,聯鈞國票99購03  ,0,0,0,0,0,0,0,0,0,-13000,0,0,0,52000,65000,-13000,-13000
056104,義隆永豐97購01  ,0,0,0,0,0,0,0,0,0,-13000,0,0,0,10000,23000,-13000,-13000
056135,緯創元大98購01  ,0,0,0,0,0,0,0,0,0,-13000,0,0,0,3000,16000,-13000,-13000
051614,元金2X凱基97購01,0,0,0,0,0,0,0,0,0,-13000,0,0,0,0,13000,-13000,-13000
05750P,臺股指群益99售04,0,0,0,0,0,0,0,0,0,-13000,0,0,0,13000,26000,-13000,-13000
058299,同欣電凱基9A購01,0,0,0,0,0,0,0,0,0,-13000,0,0,0,22000,35000,-13000,-13000
058622,國巨國票99購07  ,0,0,0,0,0,0,0,0,0,-13000,0,0,0,69000,82000,-13000,-13000
061255,道瓊反凱基9C購01,0,0,0,0,0,0,0,0,0,-13000,0,0,0,0,13000,-13000,-13000
060571,京元電永豐9A購01,0,0,0,0,0,0,0,0,0,-13000,0,0,0,73000,86000,-13000,-13000
060200,同欣電元富9A購01,0,0,0,0,0,0,0,0,0,-13000,0,0,0,0,13000,-13000,-13000
058567,華新科凱基9A購02,0,0,0,0,0,0,0,0,0,-13000,0,0,0,0,13000,-13000,-13000
058528,世紀鋼元大99購02,0,0,0,0,0,0,0,0,0,-13000,0,0,0,6000,19000,-13000,-13000
060340,國巨統一01購02  ,0,0,0,0,0,0,0,0,0,-13000,0,0,0,2000,15000,-13000,-13000
060688,世紀鋼元大9C購01,0,0,0,0,0,0,0,0,0,-13000,0,0,0,0,13000,-13000,-13000
061437,燿華凱基9A購01  ,0,0,0,0,0,0,0,0,0,-13000,0,0,0,10000,23000,-13000,-13000
061625,聯茂群益9A購02  ,0,0,0,0,0,0,0,0,0,-13000,0,0,0,37000,50000,-13000,-13000
058998,鴻海元大99購22  ,0,0,0,0,0,0,0,0,0,-13000,0,0,0,1000,14000,-13000,-13000
05959P,聯發科國票98售01,0,0,0,0,0,0,0,0,0,-13000,0,0,0,20000,33000,-13000,-13000
058709,臺股指元大9A購22,0,0,0,0,0,0,0,0,0,-13000,0,0,0,0,13000,-13000,-13000
059085,鴻海元大99購25  ,0,0,0,0,0,0,0,0,0,-13000,0,0,0,1000,14000,-13000,-13000
059885,台積電國票99購12,0,0,0,0,0,0,0,0,0,-13000,0,0,0,3000,16000,-13000,-13000
061378,南六永豐9A購03  ,0,0,0,0,0,0,0,0,0,-13000,0,0,0,20000,33000,-13000,-13000
062453,聚陽群益9C購01  ,0,0,0,0,0,0,0,0,0,-13000,0,0,0,14000,27000,-13000,-13000
062164,禾伸堂國泰01購01,0,0,0,0,0,0,0,0,0,-13000,0,0,0,10000,23000,-13000,-13000
062194,遠東新中信9C購01,0,0,0,0,0,0,0,0,0,-13000,0,0,0,20000,33000,-13000,-13000
062501,台積電群益9C購03,0,0,0,0,0,0,0,0,0,-13000,0,0,0,11000,24000,-13000,-13000
063235,台積電元大9B購06,0,0,0,0,0,0,0,0,0,-13000,0,0,0,0,13000,-13000,-13000
063822,聯發科麥證01購01,0,0,0,1000,14000,-13000,0,0,0,-13000,0,0,0,1000,14000,-13000,-13000
064390,台塑永豐9C購01  ,0,0,0,0,0,0,0,0,0,-13000,0,0,0,0,13000,-13000,-13000
064200,華通兆豐01購01  ,0,0,0,0,0,0,0,0,0,-13000,0,0,0,0,13000,-13000,-13000
064640,和大凱基03購01  ,0,0,0,0,0,0,0,0,0,-13000,0,0,0,0,13000,-13000,-13000
4581,光隆精密-KY     ,2000,15000,-13000,0,0,0,0,0,0,0,0,0,0,0,0,0,-13000
07904P,聯發科群益9B售05,0,0,0,0,0,0,0,0,0,-14000,0,0,0,153000,167000,-14000,-14000
08485P,聯發科群益9C售09,0,0,0,0,0,0,0,0,0,-14000,0,0,0,1000,15000,-14000,-14000
08491P,全新元大9C售01  ,0,0,0,0,0,0,0,0,0,-14000,0,0,0,0,14000,-14000,-14000
2597,潤弘            ,8000,22000,-14000,0,0,0,0,0,0,0,0,0,0,0,0,0,-14000
2497,怡利電          ,45000,59000,-14000,0,0,0,0,0,0,0,0,0,0,0,0,0,-14000
2456,奇力新          ,434000,562000,-128000,0,0,0,0,0,0,114000,5000,10000,-5000,128000,9000,119000,-14000
2413,環科            ,7000,21000,-14000,0,0,0,0,0,0,0,0,0,0,0,0,0,-14000
07758P,台積電國票9A售06,0,0,0,0,0,0,0,0,0,-14000,0,0,0,5000,19000,-14000,-14000
07051P,大立光中信99售02,0,0,0,0,0,0,0,0,0,-14000,0,0,0,66000,80000,-14000,-14000
065048,世芯凱基01購01  ,0,0,0,0,0,0,0,0,0,-14000,0,0,0,273000,287000,-14000,-14000
065293,玉晶光群益01購07,0,0,0,0,0,0,0,0,0,-14000,0,0,0,5000,19000,-14000,-14000
056058,建準元大97購02  ,0,0,0,0,0,0,0,0,0,-14000,0,0,0,0,14000,-14000,-14000
057757,鴻海凱基98購13  ,0,0,0,0,0,0,0,0,0,-14000,0,0,0,4000,18000,-14000,-14000
057311,玉晶光日盛9A購01,0,0,0,0,0,0,0,0,0,-14000,0,0,0,10000,24000,-14000,-14000
057275,友達元大9A購04  ,0,0,0,0,0,0,0,0,0,-14000,0,0,0,0,14000,-14000,-14000
060075,台積電元富99購05,0,0,0,0,0,0,0,0,0,-14000,0,0,0,7000,21000,-14000,-14000
058817,嘉聯益台新99購01,0,0,0,0,0,0,0,0,0,-14000,0,0,0,0,14000,-14000,-14000
058685,TPK凱基99購01   ,0,0,0,0,0,0,0,0,0,-14000,0,0,0,8000,22000,-14000,-14000
058996,台達電元大99購02,0,0,0,0,0,0,0,0,0,-14000,0,0,0,6000,20000,-14000,-14000
062038,鴻海凱基9B購05  ,0,0,0,0,0,0,0,0,0,-14000,0,0,0,1000,15000,-14000,-14000
060788,嘉晶富邦9B購01  ,0,0,0,0,0,0,0,0,0,-14000,0,0,0,0,14000,-14000,-14000
061030,喬山永豐9A購01  ,0,0,0,0,0,0,0,0,0,-14000,0,0,0,50000,64000,-14000,-14000
058367,大立光凱基9A購01,0,0,0,0,0,0,0,0,0,-14000,0,0,0,1000,15000,-14000,-14000
064325,亞德客元大9C購01,0,0,0,0,0,0,0,0,0,-14000,0,0,0,50000,64000,-14000,-14000
064407,貿聯凱基02購02  ,0,0,0,0,0,0,0,0,0,-14000,0,0,0,127000,141000,-14000,-14000
063877,鴻海元富9C購01  ,0,0,0,0,0,0,0,0,0,-14000,0,0,0,1000,15000,-14000,-14000
063326,正隆國票9B購01  ,0,0,0,0,0,0,0,0,0,-14000,0,0,0,0,14000,-14000,-14000
063433,臻鼎元富9B購01  ,0,0,0,0,0,0,0,0,0,-14000,0,0,0,141000,155000,-14000,-14000
062896,中興電元大9B購01,0,0,0,0,0,0,0,0,0,-14000,0,0,0,102000,116000,-14000,-14000
4725,信昌化          ,15000,29000,-14000,0,0,0,0,0,0,0,0,0,0,0,0,0,-14000
6108,競國            ,34000,48000,-14000,0,0,0,0,0,0,0,0,0,0,0,0,0,-14000
6698,旭暉應材        ,15000,29000,-14000,0,0,0,0,0,0,0,0,0,0,0,0,0,-14000
065215,義隆國泰02購02  ,0,0,0,0,0,0,0,0,0,-15000,0,0,0,143000,158000,-15000,-15000
06514P,國巨凱基98售05  ,0,0,0,0,0,0,0,0,0,-15000,0,0,0,0,15000,-15000,-15000
065213,南六國票01購03  ,0,0,0,0,0,0,0,0,0,-15000,0,0,0,0,15000,-15000,-15000
065466,台表科中信01購03,0,0,0,0,0,0,0,0,0,-15000,0,0,0,0,15000,-15000,-15000
065434,台勝科凱基01購01,0,0,0,0,0,0,0,0,0,-15000,0,0,0,0,15000,-15000,-15000
064960,世紀鋼凱基03購01,0,0,0,0,0,0,0,0,0,-15000,0,0,0,0,15000,-15000,-15000
064878,大立光兆豐9C購03,0,0,0,0,0,0,0,0,0,-15000,0,0,0,0,15000,-15000,-15000
07031P,台灣50中信03售02,0,0,0,0,0,0,0,0,0,-15000,0,0,0,0,15000,-15000,-15000
06735P,奇力新凱基98售07,0,0,0,0,0,0,0,0,0,-15000,0,0,0,0,15000,-15000,-15000
06712P,臺股指台新99售09,0,0,0,0,0,0,0,0,0,-15000,0,0,0,5000,20000,-15000,-15000
07780P,美律凱基9A售02  ,0,0,0,0,0,0,0,0,0,-15000,0,0,0,10000,25000,-15000,-15000
07781P,高鐵凱基9A售02  ,0,0,0,0,0,0,0,0,0,-15000,0,0,0,0,15000,-15000,-15000
07799P,南電國票9A售04  ,1000,0,1000,0,0,0,0,0,0,-16000,0,0,0,5000,21000,-16000,-15000
07270P,台灣50元大01售09,0,0,0,0,0,0,0,0,0,-15000,0,0,0,0,15000,-15000,-15000
1531,高林股          ,7000,22000,-15000,0,0,0,0,0,0,0,0,0,0,0,0,0,-15000
08469P,富邦金凱基9C售01,0,0,0,0,0,0,0,0,0,-15000,0,0,0,61000,76000,-15000,-15000
08545P,南電國泰01售02  ,0,0,0,0,0,0,0,0,0,-15000,0,0,0,0,15000,-15000,-15000
1439,中和            ,102000,119000,-17000,0,0,0,0,0,0,2000,3000,1000,2000,0,0,0,-15000
08448P,台灣50中信01售05,0,0,0,0,0,0,0,0,0,-15000,0,0,0,0,15000,-15000,-15000
07975P,國巨元大9B售15  ,0,0,0,0,0,0,0,0,0,-15000,0,0,0,3000,18000,-15000,-15000
055919,景碩凱基98購02  ,0,0,0,0,0,0,0,0,0,-15000,0,0,0,1000,16000,-15000,-15000
055854,群創元大98購04  ,0,0,0,0,0,0,0,0,0,-15000,0,0,0,0,15000,-15000,-15000
056390,台積電富邦9B購01,0,0,0,0,0,0,0,0,0,-15000,0,0,0,0,15000,-15000,-15000
057705,臺股指群益98購05,0,0,0,0,0,0,0,0,0,-15000,0,0,0,0,15000,-15000,-15000
057795,鴻海兆豐99購02  ,0,0,0,0,0,0,0,0,0,-15000,0,0,0,0,15000,-15000,-15000
055801,景碩永豐97購02  ,0,0,0,0,0,0,0,0,0,-15000,0,0,0,0,15000,-15000,-15000
056743,貿聯凱基98購04  ,0,0,0,0,0,0,0,0,0,-15000,0,0,0,133000,148000,-15000,-15000
057531,禾伸堂元大99購04,0,0,0,0,0,0,0,0,0,-15000,0,0,0,34000,49000,-15000,-15000
053811,國巨群益98購02  ,0,0,0,0,0,0,0,0,0,-15000,0,0,0,30000,45000,-15000,-15000
054917,聯發科凱基98購05,0,0,0,0,0,0,0,0,0,-15000,0,0,0,0,15000,-15000,-15000
047004,台積電統一99購01,0,0,0,0,0,0,0,0,0,-15000,0,0,0,201000,216000,-15000,-15000
00683L,元大美元指數正2 ,0,0,0,0,0,0,0,0,0,-15000,0,0,0,53000,68000,-15000,-15000
058047,可成元大98購11  ,0,0,0,0,0,0,0,0,0,-15000,0,0,0,0,15000,-15000,-15000
058140,臻鼎元大99購02  ,0,0,0,0,0,0,0,0,0,-15000,0,0,0,125000,140000,-15000,-15000
060720,嘉聯益永豐9A購02,0,0,0,0,0,0,0,0,0,-15000,0,0,0,21000,36000,-15000,-15000
060227,和大元大9A購01  ,0,0,0,0,0,0,0,0,0,-15000,0,0,0,6000,21000,-15000,-15000
06057P,大立光凱基98售01,0,0,0,0,0,0,0,0,0,-15000,0,0,0,2000,17000,-15000,-15000
060554,中租凱基9A購01  ,0,0,0,0,0,0,0,0,0,-15000,0,0,0,5000,20000,-15000,-15000
059728,聯鈞元大99購01  ,0,0,0,0,0,0,0,0,0,-15000,0,0,0,29000,44000,-15000,-15000
061866,力山元大9C購01  ,0,0,0,0,0,0,0,0,0,-15000,0,0,0,0,15000,-15000,-15000
061897,泰碩永豐9B購01  ,0,0,0,0,0,0,0,0,0,-15000,0,0,0,0,15000,-15000,-15000
061422,台積電元大9A購30,0,0,0,0,0,0,0,0,0,-15000,0,0,0,68000,83000,-15000,-15000
058876,南電國票9A購02  ,0,0,0,0,0,0,0,0,0,-15000,0,0,0,11000,26000,-15000,-15000
059528,華新科凱基99購06,0,0,0,0,0,0,0,0,0,-15000,0,0,0,13000,28000,-15000,-15000
063007,儒鴻元大9B購01  ,0,0,0,0,0,0,0,0,0,-15000,0,0,0,13000,28000,-15000,-15000
062419,台積電統一9B購15,0,0,0,0,0,0,0,0,0,-15000,0,0,0,0,15000,-15000,-15000
062385,玉晶光國泰01購01,0,0,0,0,0,0,0,0,0,-15000,0,0,0,58000,73000,-15000,-15000
063929,高鐵統一02購01  ,0,0,0,0,0,0,0,0,0,-15000,0,0,0,0,15000,-15000,-15000
063900,GIS群益9C購03   ,0,0,0,0,0,0,0,0,0,-15000,0,0,0,0,15000,-15000,-15000
064009,超眾凱基01購01  ,0,0,0,0,0,0,0,0,0,-15000,0,0,0,33000,48000,-15000,-15000
064440,大立光凱基03購03,0,0,0,0,0,0,0,0,0,-15000,0,0,0,6000,21000,-15000,-15000
064654,元金2X元大9C購03,0,0,0,0,0,0,0,0,0,-15000,0,0,0,31000,46000,-15000,-15000
6449,鈺邦            ,9000,22000,-13000,0,0,0,0,0,0,-2000,4000,6000,-2000,0,0,0,-15000
08176P,國巨元大9B售20  ,0,0,0,0,0,0,0,0,0,-16000,0,0,0,4000,20000,-16000,-16000
08150P,立積國票9C售01  ,0,0,0,0,0,0,0,0,0,-16000,0,0,0,0,16000,-16000,-16000
08536P,台積電國票9C售08,0,0,0,0,0,0,0,0,0,-16000,0,0,0,0,16000,-16000,-16000
1540,喬福            ,1000,16000,-15000,0,0,0,0,0,0,-1000,3000,4000,-1000,0,0,0,-16000
2849,安泰銀          ,44000,60000,-16000,0,0,0,0,0,0,0,0,0,0,0,0,0,-16000
07361P,聯發科元大99售34,0,0,0,0,0,0,0,0,0,-16000,0,0,0,0,16000,-16000,-16000
07821P,臺股指國票9A售12,0,0,0,0,0,0,0,0,0,-16000,0,0,0,39000,55000,-16000,-16000
06801P,技嘉群益99售02  ,0,0,0,0,0,0,0,0,0,-16000,0,0,0,0,16000,-16000,-16000
06932P,大立光元大98售21,0,0,0,0,0,0,0,0,0,-16000,0,0,0,0,16000,-16000,-16000
06505P,康控國票99售02  ,0,0,0,0,0,0,0,0,0,-16000,0,0,0,20000,36000,-16000,-16000
065085,聯發科元大01購02,0,0,0,0,0,0,0,0,0,-16000,0,0,0,324000,340000,-16000,-16000
06583P,可成凱基98售07  ,0,0,0,0,0,0,0,0,0,-16000,0,0,0,82000,98000,-16000,-16000
065179,同欣電元大02購01,0,0,0,0,0,0,0,0,0,-16000,0,0,0,4000,20000,-16000,-16000
0055,元大MSCI金融    ,0,0,0,0,0,0,0,0,0,-16000,0,0,0,2000,18000,-16000,-16000
050485,國巨統一96購01  ,0,0,0,0,0,0,0,0,0,-16000,0,0,0,734000,750000,-16000,-16000
053901,T50反1凱基99購03,0,0,0,0,0,0,0,0,0,-16000,0,0,0,60000,76000,-16000,-16000
056744,麗豐凱基9A購01  ,0,0,0,0,0,0,0,0,0,-16000,0,0,0,41000,57000,-16000,-16000
056156,禾伸堂凱基98購04,0,0,0,0,0,0,0,0,0,-16000,0,0,0,4000,20000,-16000,-16000
057700,新日興群益9A購01,0,0,0,0,0,0,0,0,0,-16000,0,0,0,147000,163000,-16000,-16000
060463,台積電元大9A購10,0,0,0,0,0,0,0,0,0,-16000,0,0,0,0,16000,-16000,-16000
060411,達新永豐9A購01  ,0,0,0,0,0,0,0,0,0,-16000,0,0,0,97000,113000,-16000,-16000
059080,亞泥元大99購01  ,0,0,0,0,0,0,0,0,0,-16000,0,0,0,0,16000,-16000,-16000
061856,台郡國票9B購02  ,0,0,0,0,0,0,0,0,0,-16000,0,0,0,15000,31000,-16000,-16000
061833,華新科凱基02購01,0,0,0,0,0,0,0,0,0,-16000,0,0,0,40000,56000,-16000,-16000
061835,華新科凱基02購03,0,0,0,0,0,0,0,0,0,-16000,0,0,0,35000,51000,-16000,-16000
059785,美律元大9A購03  ,0,0,0,0,0,0,0,0,0,-16000,0,0,0,0,16000,-16000,-16000
059246,奇力新凱基9A購02,0,0,0,0,0,0,0,0,0,-16000,0,0,0,20000,36000,-16000,-16000
060818,上銀統一9C購01  ,0,0,0,0,0,0,0,0,0,-16000,0,0,0,46000,62000,-16000,-16000
061031,神隆永豐9A購02  ,0,0,0,0,0,0,0,0,0,-16000,0,0,0,125000,141000,-16000,-16000
06120P,大立光凱基98售05,0,0,0,0,0,0,0,0,0,-16000,0,0,0,0,16000,-16000,-16000
064745,聯鈞國票01購01  ,0,0,0,0,0,0,0,0,0,-16000,0,0,0,137000,153000,-16000,-16000
064219,滬深2X國票03購01,0,0,0,0,0,0,0,0,0,-16000,0,0,0,0,16000,-16000,-16000
064235,美律統一9C購02  ,0,0,0,0,0,0,0,0,0,-16000,0,0,0,48000,64000,-16000,-16000
064023,智邦元大9C購02  ,0,0,0,0,0,0,0,0,0,-16000,0,0,0,1000,17000,-16000,-16000
064016,南六國票01購01  ,0,0,0,0,0,0,0,0,0,-16000,0,0,0,0,16000,-16000,-16000
063761,嘉澤統一02購01  ,0,0,0,0,0,0,0,0,0,-16000,0,0,0,11000,27000,-16000,-16000
063688,建準永豐9B購03  ,0,0,0,0,0,0,0,0,0,-16000,0,0,0,0,16000,-16000,-16000
063568,高鐵元大9B購01  ,0,0,0,0,0,0,0,0,0,-16000,0,0,0,111000,127000,-16000,-16000
062150,南六國票9B購01  ,0,0,0,0,0,0,0,0,0,-16000,0,0,0,0,16000,-16000,-16000
5515,建國            ,15000,31000,-16000,0,0,0,0,0,0,0,1000,1000,0,0,0,0,-16000
1730,花仙子          ,21000,37120,-16120,0,0,0,0,0,0,0,0,0,0,0,0,0,-16120
1532,勤美            ,118000,134000,-16000,0,0,0,0,0,0,-1000,5000,6000,-1000,0,0,0,-17000
2415,錩新            ,25000,42000,-17000,0,0,0,0,0,0,0,0,0,0,0,0,0,-17000
3027,盛達            ,12000,27000,-15000,0,0,0,0,0,0,-2000,0,2000,-2000,0,0,0,-17000
07967P,力山元大9B售03  ,0,0,0,0,0,0,0,0,0,-17000,0,0,0,8000,25000,-17000,-17000
065169,華邦電元大9C購03,0,0,0,0,0,0,0,0,0,-17000,0,0,0,9000,26000,-17000,-17000
065365,國巨元大9C購19  ,0,0,0,0,0,0,0,0,0,-17000,0,0,0,9000,26000,-17000,-17000
064907,緯穎群益9C購02  ,0,0,0,0,0,0,0,0,0,-17000,0,0,0,12000,29000,-17000,-17000
07233P,台灣50元大99售04,0,0,0,0,0,0,0,0,0,-17000,0,0,0,6000,23000,-17000,-17000
060449,元金2X元大9A購02,0,0,0,0,0,0,0,0,0,-17000,0,0,0,8000,25000,-17000,-17000
057917,台積電凱基98購17,0,0,0,0,0,0,0,0,0,-17000,0,0,0,73000,90000,-17000,-17000
060514,南電元大9A購02  ,0,0,0,0,0,0,0,0,0,-17000,0,0,0,7000,24000,-17000,-17000
056414,國巨中信98購02  ,0,0,0,0,0,0,0,0,0,-17000,0,0,0,0,17000,-17000,-17000
057873,義隆元大98購03  ,0,0,0,0,0,0,0,0,0,-17000,0,0,0,0,17000,-17000,-17000
053860,台積電元大98購03,0,0,0,0,0,0,0,0,0,-17000,0,0,0,5000,22000,-17000,-17000
055525,國巨群益98購05  ,0,0,0,0,0,0,0,0,0,-17000,0,0,0,72000,89000,-17000,-17000
061211,玉晶光元大9A購12,0,0,0,0,0,0,0,0,0,-17000,0,0,0,72000,89000,-17000,-17000
058608,華新科元大99購13,0,0,0,0,0,0,0,0,0,-17000,0,0,0,32000,49000,-17000,-17000
058347,玉晶光群益9B購01,0,0,0,0,0,0,0,0,0,-17000,0,0,0,21000,38000,-17000,-17000
058569,健策凱基9A購01  ,0,0,0,0,0,0,0,0,0,-17000,0,0,0,11000,28000,-17000,-17000
059355,國巨富邦9B購03  ,0,0,0,0,0,0,0,0,0,-17000,0,0,0,10000,27000,-17000,-17000
059832,超眾康和99購01  ,0,0,0,0,0,0,0,0,0,-17000,0,0,0,0,17000,-17000,-17000
061431,鈺齊元大9A購01  ,0,0,0,0,0,0,0,0,0,-17000,0,0,0,1000,18000,-17000,-17000
058946,SGBR2X群益9B購01,0,0,0,0,0,0,0,0,0,-17000,0,0,0,83000,100000,-17000,-17000
058955,台積電國票9A購04,0,0,0,0,0,0,0,0,0,-17000,0,0,0,9000,26000,-17000,-17000
062188,貿聯元大9B購02  ,0,0,0,0,0,0,0,0,0,-17000,0,0,0,23000,40000,-17000,-17000
063464,廣達元大9B購02  ,0,0,0,0,0,0,0,0,0,-17000,0,0,0,28000,45000,-17000,-17000
063233,國巨元大9B購19  ,0,0,0,0,0,0,0,0,0,-17000,0,0,0,370000,387000,-17000,-17000
063640,貿聯元大9B購03  ,0,0,0,0,0,0,0,0,0,-17000,0,0,0,50000,67000,-17000,-17000
063737,大立光元大9C購07,0,0,0,0,0,0,0,0,0,-17000,0,0,0,0,17000,-17000,-17000
064048,大立光統一9C購07,0,0,0,0,0,0,0,0,0,-17000,0,0,0,79000,96000,-17000,-17000
064753,英業達凱基9C購01,0,0,0,0,0,0,0,0,0,-17000,0,0,0,83000,100000,-17000,-17000
07835P,台表科群益9A售02,0,0,0,0,0,0,0,0,0,-18000,0,0,0,50000,68000,-18000,-18000
06667P,鴻海凱基98售11  ,0,0,0,0,0,0,0,0,0,-18000,0,0,0,25000,43000,-18000,-18000
07209P,台積電凱基9A售10,0,0,0,0,0,0,0,0,0,-18000,0,0,0,0,18000,-18000,-18000
064922,玉晶光統一01購10,0,0,0,0,0,0,0,0,0,-18000,0,0,0,4000,22000,-18000,-18000
08191P,鴻海台新9B售03  ,0,0,0,0,0,0,0,0,0,-18000,0,0,0,13000,31000,-18000,-18000
08565P,聯發科群益9C售12,0,0,0,0,0,0,0,0,0,-18000,0,0,0,22000,40000,-18000,-18000
1338,廣華-KY         ,73000,91000,-18000,0,0,0,0,0,0,0,0,0,0,0,0,0,-18000
1108,幸福            ,94000,114000,-20000,0,0,0,0,0,0,2000,2000,0,2000,0,0,0,-18000
08417P,聯發科元大9C售12,0,0,0,0,0,0,0,0,0,-18000,0,0,0,0,18000,-18000,-18000
3013,晟銘電          ,15000,35000,-20000,0,0,0,0,0,0,2000,2000,0,2000,0,0,0,-18000
3419,譁裕            ,25000,42000,-17000,0,0,0,0,0,0,-1000,1000,2000,-1000,0,0,0,-18000
2506,太設            ,19000,37000,-18000,0,0,0,0,0,0,0,0,0,0,0,0,0,-18000
03427B,臺股指元大9A熊02,0,0,0,0,0,0,0,0,0,-18000,0,0,0,118000,136000,-18000,-18000
053168,晶技群益98購01  ,0,0,0,0,0,0,0,0,0,-18000,0,0,0,0,18000,-18000,-18000
053528,南電中信9A購01  ,0,0,0,0,0,0,0,0,0,-18000,0,0,0,77000,95000,-18000,-18000
056404,嘉聯益群益9A購01,0,0,0,0,0,0,0,0,0,-18000,0,0,0,204000,222000,-18000,-18000
056169,鴻海元富97購08  ,0,0,0,0,0,0,0,0,0,-18000,0,0,0,0,18000,-18000,-18000
056772,欣興元大99購01  ,0,0,0,0,0,0,0,0,0,-18000,0,0,0,73000,91000,-18000,-18000
059618,台積電日盛99購01,0,0,0,0,0,0,0,0,0,-18000,0,0,0,212000,230000,-18000,-18000
059886,可成國票99購04  ,0,0,0,0,0,0,0,0,0,-18000,0,0,0,5000,23000,-18000,-18000
060570,南亞科永豐9A購01,0,0,0,0,0,0,0,0,0,-18000,0,0,0,0,18000,-18000,-18000
060618,玉晶光元大9A購02,0,0,0,0,0,0,0,0,0,-18000,0,0,0,6000,24000,-18000,-18000
058204,世芯凱基9A購01  ,0,0,0,0,0,0,0,0,0,-18000,0,0,0,22000,40000,-18000,-18000
06425P,TPK永豐97售02   ,0,0,0,0,0,0,0,0,0,-18000,0,0,0,0,18000,-18000,-18000
063839,華通元大9C購02  ,0,0,0,0,0,0,0,0,0,-18000,0,0,0,50000,68000,-18000,-18000
063641,泰鼎元大9B購04  ,0,0,0,0,0,0,0,0,0,-18000,0,0,0,110000,128000,-18000,-18000
063586,燿華永豐9B購02  ,0,0,0,0,0,0,0,0,0,-18000,0,0,0,120000,138000,-18000,-18000
063276,和大元大9B購01  ,0,0,0,0,0,0,0,0,0,-18000,0,0,0,2000,20000,-18000,-18000
063308,緯穎凱基9B購05  ,0,0,0,0,0,0,0,0,0,-18000,0,0,0,0,18000,-18000,-18000
063432,金寶元富9B購01  ,0,0,0,0,0,0,0,0,0,-18000,0,0,0,279000,297000,-18000,-18000
062983,緯穎元富9B購01  ,0,0,0,0,0,0,0,0,0,-18000,0,0,0,0,18000,-18000,-18000
062212,臻鼎台新9B購01  ,0,0,0,0,0,0,0,0,0,-18000,0,0,0,0,18000,-18000,-18000
062285,台勝科群益9B購01,0,0,0,0,0,0,0,0,0,-18000,0,0,0,70000,88000,-18000,-18000
062729,神達凱基9B購02  ,0,0,0,0,0,0,0,0,0,-18000,0,0,0,0,18000,-18000,-18000
062738,可成國票9B購02  ,0,0,0,0,0,0,0,0,0,-18000,0,0,0,0,18000,-18000,-18000
9925,新保            ,49000,67000,-18000,0,0,0,0,0,0,0,0,0,0,0,0,0,-18000
1614,三洋電          ,27000,46000,-19000,0,0,0,0,0,0,0,0,0,0,0,0,0,-19000
1232,大統益          ,4000,23000,-19000,0,0,0,0,0,0,0,0,0,0,0,0,0,-19000
08161P,台表科元富9B售02,0,0,0,0,0,0,0,0,0,-19000,0,0,0,0,19000,-19000,-19000
07992P,玉晶光群益01售04,0,0,0,0,0,0,0,0,0,-19000,0,0,0,121000,140000,-19000,-19000
065505,健鼎永豐9C購01  ,0,0,0,0,0,0,0,0,0,-19000,0,0,0,0,19000,-19000,-19000
065248,聯發科麥證9C購03,0,0,0,0,19000,-19000,0,0,0,-19000,0,0,0,0,19000,-19000,-19000
06751P,旺宏凱基98售10  ,0,0,0,0,0,0,0,0,0,-19000,0,0,0,4000,23000,-19000,-19000
060386,台勝科凱基9B購01,0,0,0,0,0,0,0,0,0,-19000,0,0,0,2000,21000,-19000,-19000
055485,國巨元大97購09  ,0,0,0,0,0,0,0,0,0,-19000,0,0,0,65000,84000,-19000,-19000
054060,晶技國票97購02  ,0,0,0,0,0,0,0,0,0,-19000,0,0,0,1000,20000,-19000,-19000
054208,台積電國票97購07,0,0,0,0,0,0,0,0,0,-19000,0,0,0,1000,20000,-19000,-19000
058369,亞光凱基99購02  ,0,0,0,0,0,0,0,0,0,-19000,0,0,0,20000,39000,-19000,-19000
058075,貿聯凱基99購02  ,0,0,0,0,0,0,0,0,0,-19000,0,0,0,244000,263000,-19000,-19000
061204,國巨元大9A購16  ,0,0,0,0,0,0,0,0,0,-19000,0,0,0,95000,114000,-19000,-19000
059253,康控凱基9B購02  ,0,0,0,0,0,0,0,0,0,-19000,0,0,0,34000,53000,-19000,-19000
060804,T50反1群益9A購02,0,0,0,0,0,0,0,0,0,-19000,0,0,0,200000,219000,-19000,-19000
059882,臺股指凱基9C購06,0,0,0,0,0,0,0,0,0,-19000,0,0,0,16000,35000,-19000,-19000
059716,鴻海元大99購35  ,0,0,0,0,0,0,0,0,0,-19000,0,0,0,1000,20000,-19000,-19000
059862,全新群益99購04  ,0,0,0,0,0,0,0,0,0,-19000,0,0,0,67000,86000,-19000,-19000
059680,台積電國泰9A購03,0,0,0,0,0,0,0,0,0,-19000,0,0,0,53000,72000,-19000,-19000
058700,鴻海元大99購15  ,0,0,0,0,0,0,0,0,0,-19000,0,0,0,0,19000,-19000,-19000
064103,大立光群益9C購03,0,0,0,0,0,0,0,0,0,-19000,0,0,0,1000,20000,-19000,-19000
5283,禾聯碩          ,2000,21000,-19000,0,0,0,0,0,0,0,0,0,0,0,0,0,-19000
06638P,鴻海統一99售02  ,0,0,0,0,0,0,0,0,0,-20000,0,0,0,0,20000,-20000,-20000
06848P,聯詠元大98售04  ,0,0,0,0,0,0,0,0,0,-20000,0,0,0,150000,170000,-20000,-20000
07202P,台灣50凱基9C售04,0,0,0,0,0,0,0,0,0,-20000,0,0,0,31000,51000,-20000,-20000
07140P,台灣50日盛99售01,0,0,0,0,0,0,0,0,0,-20000,0,0,0,520000,540000,-20000,-20000
07141P,台灣50國票9A售03,0,0,0,0,0,0,0,0,0,-20000,0,0,0,24000,44000,-20000,-20000
06993P,鴻海凱基99售05  ,0,0,0,0,0,0,0,0,0,-20000,0,0,0,0,20000,-20000,-20000
07677P,祥碩永豐9A售01  ,0,0,0,0,0,0,0,0,0,-20000,0,0,0,0,20000,-20000,-20000
07595P,台灣50中信03售07,0,0,0,0,0,0,0,0,0,-20000,0,0,0,0,20000,-20000,-20000
07226P,貿聯富邦9B售01  ,0,0,0,0,0,0,0,0,0,-20000,0,0,0,0,20000,-20000,-20000
07358P,鴻海元大99售39  ,0,0,0,0,0,0,0,0,0,-20000,0,0,0,0,20000,-20000,-20000
07446P,台灣50元大9A售06,0,0,0,0,0,0,0,0,0,-20000,0,0,0,0,20000,-20000,-20000
07524P,臺股指中信9B售06,0,0,0,0,0,0,0,0,0,-20000,0,0,0,0,20000,-20000,-20000
07515P,台積電元大9A售15,0,0,0,0,0,0,0,0,0,-20000,0,0,0,10000,30000,-20000,-20000
065319,鴻海凱基9C購03  ,0,0,0,0,0,0,0,0,0,-20000,0,0,0,0,20000,-20000,-20000
065192,臺股指統一9C購03,0,0,0,0,0,0,0,0,0,-20000,0,0,0,0,20000,-20000,-20000
065508,大成鋼群益01購01,0,0,0,0,0,0,0,0,0,-20000,0,0,0,0,20000,-20000,-20000
065401,立積群益9C購01  ,0,0,0,0,0,0,0,0,0,-20000,0,0,0,0,20000,-20000,-20000
064849,大立光元富9C購06,0,0,0,0,0,0,0,0,0,-20000,0,0,0,0,20000,-20000,-20000
06479P,聯發科中信99售02,0,0,0,0,0,0,0,0,0,-20000,0,0,0,0,20000,-20000,-20000
065040,燿華凱基9C購01  ,0,0,0,0,0,0,0,0,0,-20000,0,0,0,0,20000,-20000,-20000
07994P,臺股指群益9B售04,0,0,0,0,0,0,0,0,0,-20000,0,0,0,0,20000,-20000,-20000
08016P,臺股指凱基02售02,0,0,0,0,0,0,0,0,0,-20000,0,0,0,0,20000,-20000,-20000
08018P,牧德國票9B售04  ,0,0,0,0,0,0,0,0,0,-20000,0,0,0,95000,115000,-20000,-20000
08165P,台表科永豐9B售02,0,0,0,0,0,0,0,0,0,-20000,0,0,0,0,20000,-20000,-20000
08514P,華新科凱基9C售05,0,0,0,0,0,0,0,0,0,-20000,0,0,0,35000,55000,-20000,-20000
08340P,聯發科元富9C售01,0,0,0,0,0,0,0,0,0,-20000,0,0,0,155000,175000,-20000,-20000
2012,春雨            ,12000,32000,-20000,0,0,0,0,0,0,0,0,0,0,0,0,0,-20000
1809,中釉            ,37000,57000,-20000,0,0,0,0,0,0,0,0,0,0,0,0,0,-20000
3050,鈺德            ,6000,26000,-20000,0,0,0,0,0,0,0,0,0,0,0,0,0,-20000
055661,亞德客中信98購01,0,0,0,0,0,0,0,0,0,-20000,0,0,0,0,20000,-20000,-20000
054171,台郡凱基97購01  ,0,0,0,0,0,0,0,0,0,-20000,0,0,0,0,20000,-20000,-20000
054154,智易國泰97購01  ,0,0,0,0,0,0,0,0,0,-20000,0,0,0,0,20000,-20000,-20000
057081,大立光統一98購07,0,0,0,0,0,0,0,0,0,-20000,0,0,0,0,20000,-20000,-20000
053727,麗豐凱基97購01  ,0,0,0,0,0,0,0,0,0,-20000,0,0,0,0,20000,-20000,-20000
055519,茂林中信99購01  ,0,0,0,0,0,0,0,0,0,-20000,0,0,0,0,20000,-20000,-20000
054375,貿聯中信99購01  ,0,0,0,0,0,0,0,0,0,-20000,0,0,0,0,20000,-20000,-20000
054308,嘉晶凱基98購01  ,0,0,0,0,0,0,0,0,0,-20000,0,0,0,23000,43000,-20000,-20000
055631,創意永豐98購01  ,0,0,0,0,0,0,0,0,0,-20000,0,0,0,58000,78000,-20000,-20000
054279,揚明光群益98購01,0,0,0,0,0,0,0,0,0,-20000,0,0,0,0,20000,-20000,-20000
055029,帆宣國泰99購01  ,0,0,0,0,0,0,0,0,0,-20000,0,0,0,20000,40000,-20000,-20000
054856,得力群益99購01  ,0,0,0,0,0,0,0,0,0,-20000,0,0,0,0,20000,-20000,-20000
055400,緯穎統一97購01  ,0,0,0,0,0,0,0,0,0,-20000,0,0,0,0,20000,-20000,-20000
055231,大毅國票98購02  ,0,0,0,0,0,0,0,0,0,-20000,0,0,0,0,20000,-20000,-20000
055220,緯穎凱基98購02  ,0,0,0,0,0,0,0,0,0,-20000,0,0,0,0,20000,-20000,-20000
053291,旺宏中信9A購01  ,0,0,0,0,0,0,0,0,0,-20000,0,0,0,0,20000,-20000,-20000
03035X,元展32          ,0,0,0,0,0,0,0,0,0,-20000,0,0,0,0,20000,-20000,-20000
050392,群創統一96購01  ,0,0,0,0,0,0,0,0,0,-20000,0,0,0,0,20000,-20000,-20000
00686R,群益臺灣加權反1 ,0,0,0,0,0,0,0,0,0,-20000,0,0,0,45000,65000,-20000,-20000
00702,國泰標普低波高息,0,0,0,0,0,0,0,0,0,-20000,0,0,0,69000,89000,-20000,-20000
046384,群創凱基98購02  ,0,0,0,0,0,0,0,0,0,-20000,0,0,0,0,20000,-20000,-20000
046061,中石化凱基98購01,0,0,0,0,0,0,0,0,0,-20000,0,0,0,0,20000,-20000,-20000
053082,聯電元大98購03  ,0,0,0,0,0,0,0,0,0,-20000,0,0,0,0,20000,-20000,-20000
052827,昇陽半永豐97購01,0,0,0,0,0,0,0,0,0,-20000,0,0,0,30000,50000,-20000,-20000
052785,滬深2X中信99購03,0,0,0,0,0,0,0,0,0,-20000,0,0,0,0,20000,-20000,-20000
060496,滬深2X元大9A購05,0,0,0,0,0,0,0,0,0,-20000,0,0,0,0,20000,-20000,-20000
059999,緯穎元富99購01  ,0,0,0,0,0,0,0,0,0,-20000,0,0,0,0,20000,-20000,-20000
056428,台達電凱基99購01,0,0,0,0,0,0,0,0,0,-20000,0,0,0,0,20000,-20000,-20000
056382,道瓊反國泰9A購01,0,0,0,0,0,0,0,0,0,-20000,0,0,0,0,20000,-20000,-20000
056326,TPK兆豐98購01   ,0,0,0,0,0,0,0,0,0,-20000,0,0,0,30000,50000,-20000,-20000
057902,嘉晶永豐98購02  ,0,0,0,0,0,0,0,0,0,-20000,0,0,0,0,20000,-20000,-20000
056872,旺宏凱基98購08  ,0,0,0,0,0,0,0,0,0,-20000,0,0,0,0,20000,-20000,-20000
055780,禾伸堂凱基99購01,0,0,0,0,0,0,0,0,0,-20000,0,0,0,0,20000,-20000,-20000
057935,晶技群益98購02  ,0,0,0,0,0,0,0,0,0,-20000,0,0,0,0,20000,-20000,-20000
056599,臻鼎元富98購01  ,0,0,0,0,0,0,0,0,0,-20000,0,0,0,0,20000,-20000,-20000
056694,欣興群益98購04  ,0,0,0,0,0,0,0,0,0,-20000,0,0,0,70000,90000,-20000,-20000
056041,禾伸堂凱基98購03,0,0,0,0,0,0,0,0,0,-20000,0,0,0,0,20000,-20000,-20000
057808,旺宏元大99購05  ,0,0,0,0,0,0,0,0,0,-20000,0,0,0,0,20000,-20000,-20000
057768,華新科中信9A購01,0,0,0,0,0,0,0,0,0,-20000,0,0,0,0,20000,-20000,-20000
057771,鴻海群益99購01  ,0,0,0,0,0,0,0,0,0,-20000,0,0,0,0,20000,-20000,-20000
057696,聯電群益9A購01  ,0,0,0,0,0,0,0,0,0,-20000,0,0,0,0,20000,-20000,-20000
057028,台郡凱基99購02  ,0,0,0,0,0,0,0,0,0,-20000,0,0,0,0,20000,-20000,-20000
057196,茂林台新98購01  ,0,0,0,0,0,0,0,0,0,-20000,0,0,0,10000,30000,-20000,-20000
057304,為升兆豐99購02  ,0,0,0,0,0,0,0,0,0,-20000,0,0,0,0,20000,-20000,-20000
057385,光罩永豐99購01  ,0,0,0,0,0,0,0,0,0,-20000,0,0,0,0,20000,-20000,-20000
058007,南電群益98購02  ,0,0,0,0,0,0,0,0,0,-20000,0,0,0,0,20000,-20000,-20000
057948,嘉聯益國票99購02,0,0,0,0,0,0,0,0,0,-20000,0,0,0,1000,21000,-20000,-20000
059519,台郡永豐99購01  ,0,0,0,0,0,0,0,0,0,-20000,0,0,0,30000,50000,-20000,-20000
059020,元油2X統一9B購02,0,0,0,0,0,0,0,0,0,-20000,0,0,0,0,20000,-20000,-20000
058947,SGBR2X群益9B購02,0,0,0,0,0,0,0,0,0,-20000,0,0,0,90000,110000,-20000,-20000
058937,仁寶中信99購01  ,0,0,0,0,0,0,0,0,0,-20000,0,0,0,10000,30000,-20000,-20000
059673,玉山金元富99購01,0,0,0,0,0,0,0,0,0,-20000,0,0,0,1000,21000,-20000,-20000
059044,聯電日盛99購02  ,0,0,0,0,0,0,0,0,0,-20000,0,0,0,0,20000,-20000,-20000
061600,聯電凱基9B購01  ,0,0,0,0,0,0,0,0,0,-20000,0,0,0,50000,70000,-20000,-20000
061524,華通凱基9A購07  ,0,0,0,0,0,0,0,0,0,-20000,0,0,0,0,20000,-20000,-20000
061709,SP黃豆凱基01購02,0,0,0,0,0,0,0,0,0,-20000,0,0,0,0,20000,-20000,-20000
061754,晶技麥證9B購01  ,0,0,0,0,20000,-20000,0,0,0,-20000,0,0,0,0,20000,-20000,-20000
061757,T50反1元大9B購01,0,0,0,0,0,0,0,0,0,-20000,0,0,0,0,20000,-20000,-20000
061955,FANG+統一9B購01 ,0,0,0,0,0,0,0,0,0,-20000,0,0,0,15000,35000,-20000,-20000
062096,神隆永豐9B購01  ,0,0,0,0,0,0,0,0,0,-20000,0,0,0,95000,115000,-20000,-20000
059460,GIS永豐99購02   ,0,0,0,0,0,0,0,0,0,-20000,0,0,0,0,20000,-20000,-20000
059375,道瓊反群益9C購02,0,0,0,0,0,0,0,0,0,-20000,0,0,0,0,20000,-20000,-20000
058534,友達統一9B購01  ,0,0,0,0,0,0,0,0,0,-20000,0,0,0,48000,68000,-20000,-20000
060367,緯穎元富9A購02  ,0,0,0,0,0,0,0,0,0,-20000,0,0,0,192000,212000,-20000,-20000
060556,緯穎凱基9A購04  ,0,0,0,0,0,0,0,0,0,-20000,0,0,0,25000,45000,-20000,-20000
059815,SP黃豆凱基9A購03,0,0,0,0,0,0,0,0,0,-20000,0,0,0,0,20000,-20000,-20000
059796,台積電國票99購10,0,0,0,0,0,0,0,0,0,-20000,0,0,0,20000,40000,-20000,-20000
060950,T50反1群益9A購03,0,0,0,0,0,0,0,0,0,-20000,0,0,0,0,20000,-20000,-20000
060945,緯穎國票9A購02  ,0,0,0,0,0,0,0,0,0,-20000,0,0,0,60000,80000,-20000,-20000
060980,台積電元大9A購21,0,0,0,0,0,0,0,0,0,-20000,0,0,0,0,20000,-20000,-20000
061100,SP黃豆元大9A購04,0,0,0,0,0,0,0,0,0,-20000,0,0,0,0,20000,-20000,-20000
058074,欣興凱基99購01  ,0,0,0,0,0,0,0,0,0,-20000,0,0,0,80000,100000,-20000,-20000
058084,大立光群益98購04,0,0,0,0,0,0,0,0,0,-20000,0,0,0,120000,140000,-20000,-20000
058238,奇鋐元大99購02  ,0,0,0,0,0,0,0,0,0,-20000,0,0,0,10000,30000,-20000,-20000
063936,道瓊反元大9C購02,0,0,0,0,0,0,0,0,0,-20000,0,0,0,0,20000,-20000,-20000
063823,T50反1國票01購02,0,0,0,0,0,0,0,0,0,-20000,0,0,0,85000,105000,-20000,-20000
063715,鈺齊凱基9C購01  ,0,0,0,0,0,0,0,0,0,-20000,0,0,0,20000,40000,-20000,-20000
063716,旺宏兆豐9B購01  ,0,0,0,0,0,0,0,0,0,-20000,0,0,0,0,20000,-20000,-20000
06453P,群創元大9B售02  ,0,0,0,0,0,0,0,0,0,-20000,0,0,0,29000,49000,-20000,-20000
062739,嘉晶國票9B購02  ,0,0,0,0,0,0,0,0,0,-20000,0,0,0,4000,24000,-20000,-20000
062671,國泰金中信03購01,0,0,0,0,0,0,0,0,0,-20000,0,0,0,0,20000,-20000,-20000
062812,國巨兆豐9B購03  ,0,0,0,0,0,0,0,0,0,-20000,0,0,0,0,20000,-20000,-20000
062506,巨大群益9C購01  ,0,0,0,0,0,0,0,0,0,-20000,0,0,0,40000,60000,-20000,-20000
062598,華通台新9B購02  ,0,0,0,0,0,0,0,0,0,-20000,0,0,0,0,20000,-20000,-20000
062315,健策凱基9C購01  ,0,0,0,0,0,0,0,0,0,-20000,0,0,0,67000,87000,-20000,-20000
062318,台郡凱基9B購01  ,0,0,0,0,0,0,0,0,0,-20000,0,0,0,0,20000,-20000,-20000
063005,道瓊反元大9B購02,0,0,0,0,0,0,0,0,0,-20000,0,0,0,20000,40000,-20000,-20000
062873,國巨兆豐9C購01  ,0,0,0,0,0,0,0,0,0,-20000,0,0,0,0,20000,-20000,-20000
063166,超眾永豐9B購01  ,0,0,0,0,0,0,0,0,0,-20000,0,0,0,0,20000,-20000,-20000
063386,國巨兆豐9B購04  ,0,0,0,0,0,0,0,0,0,-20000,0,0,0,0,20000,-20000,-20000
5225,東科-KY         ,28000,48000,-20000,0,0,0,0,0,0,0,0,0,0,0,0,0,-20000
2114,鑫永銓          ,12000,33000,-21000,0,0,0,0,0,0,0,1000,1000,0,0,0,0,-21000
08314P,國巨元大9C售14  ,0,0,0,0,0,0,0,0,0,-21000,0,0,0,1000,22000,-21000,-21000
08384P,臺股指群益9C售12,0,0,0,0,0,0,0,0,0,-21000,0,0,0,65000,86000,-21000,-21000
08534P,玉晶光元富06售02,0,0,0,0,0,0,0,0,0,-21000,0,0,0,10000,31000,-21000,-21000
07068P,欣興台新99售01  ,0,0,0,0,0,0,0,0,0,-21000,0,0,0,0,21000,-21000,-21000
052694,開發金中信98購01,0,0,0,0,0,0,0,0,0,-21000,0,0,0,0,21000,-21000,-21000
045189,大立光元富98購01,0,0,0,0,0,0,0,0,0,-21000,0,0,0,136000,157000,-21000,-21000
057577,廣宇中信9A購01  ,0,0,0,0,0,0,0,0,0,-21000,0,0,0,7000,28000,-21000,-21000
058230,國巨元大99購11  ,0,0,0,0,0,0,0,0,0,-21000,0,0,0,42000,63000,-21000,-21000
058376,貿聯凱基9A購01  ,0,0,0,0,0,0,0,0,0,-21000,0,0,0,159000,180000,-21000,-21000
061275,臺股指凱基9A購25,0,0,0,0,0,0,0,0,0,-21000,0,0,0,30000,51000,-21000,-21000
060154,堤維西永豐9A購01,0,0,0,0,0,0,0,0,0,-21000,0,0,0,6000,27000,-21000,-21000
062066,元黃金元大9B購01,0,0,0,0,0,0,0,0,0,-21000,0,0,0,0,21000,-21000,-21000
061813,鴻海群益9B購02  ,0,0,0,0,0,0,0,0,0,-21000,0,0,0,5000,26000,-21000,-21000
061601,台積電凱基9A購26,0,0,0,0,0,0,0,0,0,-21000,0,0,0,0,21000,-21000,-21000
061507,南電國票9A購05  ,0,0,0,0,0,0,0,0,0,-21000,0,0,0,24000,45000,-21000,-21000
059083,華通元大99購07  ,0,0,0,0,0,0,0,0,0,-21000,0,0,0,24000,45000,-21000,-21000
058939,台積電中信9B購01,0,0,0,0,0,0,0,0,0,-21000,0,0,0,63000,84000,-21000,-21000
059053,鴻海凱基99購07  ,0,0,0,0,0,0,0,0,0,-21000,0,0,0,9000,30000,-21000,-21000
059580,大立光元富99購07,0,0,0,0,0,0,0,0,0,-21000,0,0,0,0,21000,-21000,-21000
058722,台郡元富99購01  ,0,0,0,0,0,0,0,0,0,-21000,0,0,0,165000,186000,-21000,-21000
058670,鴻海群益9A購03  ,0,0,0,0,0,0,0,0,0,-21000,0,0,0,0,21000,-21000,-21000
063291,緯穎元大01購01  ,0,0,0,0,0,0,0,0,0,-21000,0,0,0,19000,40000,-21000,-21000
063277,大成鋼元大9B購03,0,0,0,0,0,0,0,0,0,-21000,0,0,0,443000,464000,-21000,-21000
063213,智伸科國票9C購01,0,0,0,0,0,0,0,0,0,-21000,0,0,0,153000,174000,-21000,-21000
062476,神隆國票9B購01  ,0,0,0,0,0,0,0,0,0,-21000,0,0,0,7000,28000,-21000,-21000
062471,國泰金凱基9B購02,0,0,0,0,0,0,0,0,0,-21000,0,0,0,0,21000,-21000,-21000
062473,同欣電凱基9B購01,0,0,0,0,0,0,0,0,0,-21000,0,0,0,63000,84000,-21000,-21000
062661,華通群益9B購05  ,0,0,0,0,0,0,0,0,0,-21000,0,0,0,13000,34000,-21000,-21000
064682,嘉聯益兆豐01購01,0,0,0,0,0,0,0,0,0,-21000,0,0,0,238000,259000,-21000,-21000
064258,臻鼎國泰01購02  ,0,0,0,0,0,0,0,0,0,-21000,0,0,0,0,21000,-21000,-21000
063707,儒鴻凱基9C購01  ,0,0,0,0,0,0,0,0,0,-21000,0,0,0,61000,82000,-21000,-21000
064026,建準元大9C購02  ,0,0,0,0,0,0,0,0,0,-21000,0,0,0,70000,91000,-21000,-21000
064060,同欣電麥證01購01,0,0,0,0,21000,-21000,0,0,0,-21000,0,0,0,0,21000,-21000,-21000
06693P,臺股指凱基98售01,0,0,0,0,0,0,0,0,0,-22000,0,0,0,20000,42000,-22000,-22000
07551P,國巨元大9A售10  ,0,0,0,0,0,0,0,0,0,-22000,0,0,0,0,22000,-22000,-22000
07754P,日月光元大9A售02,0,0,0,0,0,0,0,0,0,-22000,0,0,0,0,22000,-22000,-22000
065020,友達富邦01購02  ,0,0,0,0,0,0,0,0,0,-22000,0,0,0,68000,90000,-22000,-22000
06540P,聯發科凱基98售13,0,0,0,0,0,0,0,0,0,-22000,0,0,0,0,22000,-22000,-22000
08533P,技嘉元富06售02  ,0,0,0,0,0,0,0,0,0,-22000,0,0,0,0,22000,-22000,-22000
08457P,大毅元大9C售03  ,0,0,0,0,0,0,0,0,0,-22000,0,0,0,0,22000,-22000,-22000
07962P,聯詠中信05售03  ,0,0,0,0,0,0,0,0,0,-22000,0,0,0,0,22000,-22000,-22000
2367,燿華            ,2933000,2184000,749000,0,0,0,0,0,0,-771000,281000,1202000,-921000,255000,105000,150000,-22000
2480,敦陽科          ,229000,268000,-39000,0,0,0,0,0,0,17000,18000,1000,17000,0,0,0,-22000
054542,台表科國票98購01,0,0,0,0,0,0,0,0,0,-22000,0,0,0,48000,70000,-22000,-22000
050915,健策中信98購01  ,0,0,0,0,0,0,0,0,0,-22000,0,0,0,17000,39000,-22000,-22000
057407,超眾群益99購01  ,0,0,0,0,0,0,0,0,0,-22000,0,0,0,60000,82000,-22000,-22000
057170,瑞昱元大98購01  ,0,0,0,0,0,0,0,0,0,-22000,0,0,0,0,22000,-22000,-22000
057071,華擎永豐98購02  ,0,0,0,0,0,0,0,0,0,-22000,0,0,0,28000,50000,-22000,-22000
057991,健策統一9C購01  ,0,0,0,0,0,0,0,0,0,-22000,0,0,0,0,22000,-22000,-22000
058926,勤誠元富99購01  ,0,0,0,0,0,0,0,0,0,-22000,0,0,0,48000,70000,-22000,-22000
058760,嘉晶群益9A購01  ,0,0,0,0,0,0,0,0,0,-22000,0,0,0,0,22000,-22000,-22000
059675,大立光元富99購08,0,0,0,0,0,0,0,0,0,-22000,0,0,0,2000,24000,-22000,-22000
061363,儒鴻國票9B購01  ,0,0,0,0,0,0,0,0,0,-22000,0,0,0,1000,23000,-22000,-22000
059326,康友元大99購01  ,0,0,0,0,0,0,0,0,0,-22000,0,0,0,447000,469000,-22000,-22000
061093,華新科統一9B購03,0,0,0,0,0,0,0,0,0,-22000,0,0,0,0,22000,-22000,-22000
058272,超眾永豐9A購01  ,0,0,0,0,0,0,0,0,0,-22000,0,0,0,0,22000,-22000,-22000
058103,台積電永豐98購06,0,0,0,0,0,0,0,0,0,-22000,0,0,0,0,22000,-22000,-22000
058080,台積電群益98購06,0,0,0,0,0,0,0,0,0,-22000,0,0,0,14000,36000,-22000,-22000
063848,大立光元大9C購09,0,0,0,0,0,0,0,0,0,-22000,0,0,0,0,22000,-22000,-22000
064458,玉晶光統一01購09,0,0,0,0,0,0,0,0,0,-22000,0,0,0,2000,24000,-22000,-22000
062635,創意國票9B購01  ,0,0,0,0,0,0,0,0,0,-22000,0,0,0,76000,98000,-22000,-22000
062388,旭富國泰01購01  ,0,0,0,0,0,0,0,0,0,-22000,0,0,0,28000,50000,-22000,-22000
063240,聯發科元大9B購17,0,0,0,0,0,0,0,0,0,-22000,0,0,0,2000,24000,-22000,-22000
063256,鴻海國泰01購02  ,0,0,0,0,0,0,0,0,0,-22000,0,0,0,10000,32000,-22000,-22000
062910,亞光元大9B購01  ,0,0,0,0,0,0,0,0,0,-22000,0,0,0,2000,24000,-22000,-22000
4545,銘鈺            ,15000,38000,-23000,0,0,0,0,0,0,1000,2000,1000,1000,0,0,0,-22000
6591,動力-KY         ,16000,38000,-22000,0,0,0,0,0,0,0,1000,1000,0,0,0,0,-22000
1732,毛寶            ,112000,138000,-26000,0,0,0,0,0,0,3000,11000,8000,3000,0,0,0,-23000
08170P,緯穎群益9B售03  ,0,0,0,0,0,0,0,0,0,-23000,0,0,0,41000,64000,-23000,-23000
065219,緯穎國泰01購01  ,0,0,0,0,0,0,0,0,0,-23000,0,0,0,52000,75000,-23000,-23000
065022,同欣電富邦01購01,0,0,0,0,0,0,0,0,0,-23000,0,0,0,211000,234000,-23000,-23000
065055,臺股指凱基02購04,0,0,0,0,0,0,0,0,0,-23000,0,0,0,163000,186000,-23000,-23000
07833P,大立光群益9B售02,0,0,0,0,0,0,0,0,0,-23000,0,0,0,0,23000,-23000,-23000
07637P,國巨國票9A售08  ,0,0,0,0,0,0,0,0,0,-23000,0,0,0,8000,31000,-23000,-23000
057297,新日興永豐98購01,0,0,0,0,0,0,0,0,0,-23000,0,0,0,0,23000,-23000,-23000
056843,冠德元富98購01  ,0,0,0,0,0,0,0,0,0,-23000,0,0,0,0,23000,-23000,-23000
056783,國巨群益99購01  ,0,0,0,0,0,0,0,0,0,-23000,0,0,0,63000,86000,-23000,-23000
055287,日電貿元大97購01,0,0,0,0,0,0,0,0,0,-23000,0,0,0,100000,123000,-23000,-23000
058122,美律國票9A購01  ,0,0,0,0,0,0,0,0,0,-23000,0,0,0,12000,35000,-23000,-23000
058146,勤誠元大99購01  ,0,0,0,0,0,0,0,0,0,-23000,0,0,0,301000,324000,-23000,-23000
059693,智原永豐99購01  ,0,0,0,0,0,0,0,0,0,-23000,0,0,0,25000,48000,-23000,-23000
059500,鴻海元富99購11  ,0,0,0,0,0,0,0,0,0,-23000,0,0,0,0,23000,-23000,-23000
062108,晶豪科國票9B購01,0,0,0,0,0,0,0,0,0,-23000,0,0,0,99000,122000,-23000,-23000
063089,巨大凱基9C購01  ,0,0,0,0,0,0,0,0,0,-23000,0,0,0,3000,26000,-23000,-23000
062353,亞德客元大9B購01,0,0,0,0,0,0,0,0,0,-23000,0,0,0,46000,69000,-23000,-23000
062449,臻鼎元大9B購01  ,0,0,0,0,0,0,0,0,0,-23000,0,0,0,14000,37000,-23000,-23000
064416,南亞科中信01購01,0,0,0,0,0,0,0,0,0,-23000,0,0,0,20000,43000,-23000,-23000
064382,台積電國泰01購01,0,0,0,0,0,0,0,0,0,-23000,0,0,0,11000,34000,-23000,-23000
063940,國巨元大01購02  ,0,0,0,0,0,0,0,0,0,-23000,0,0,0,95000,118000,-23000,-23000
06411P,晶相光永豐97售03,0,0,0,0,0,0,0,0,0,-23000,0,0,0,2000,25000,-23000,-23000
063549,國巨國票9C購05  ,0,0,0,0,0,0,0,0,0,-23000,0,0,0,185000,208000,-23000,-23000
6605,帝寶            ,30000,53000,-23000,0,0,0,0,0,0,0,2000,2000,0,0,0,0,-23000
6666,羅麗芬-KY       ,40000,63000,-23000,0,0,0,0,0,0,0,0,0,0,0,0,0,-23000
07027P,台積電群益99售04,0,0,0,0,0,0,0,0,0,-24000,0,0,0,0,24000,-24000,-24000
07130P,台郡元大9B售01  ,0,0,0,0,0,0,0,0,0,-24000,0,0,0,10000,34000,-24000,-24000
065363,國巨元大01購04  ,0,0,0,0,0,0,0,0,0,-24000,0,0,0,107000,131000,-24000,-24000
2477,美隆電          ,7000,31000,-24000,0,0,0,0,0,0,0,0,0,0,0,0,0,-24000
3346,麗清            ,4000,27000,-23000,0,0,0,0,0,0,-1000,0,1000,-1000,0,0,0,-24000
046937,聯電元大99購01  ,0,0,0,0,0,0,0,0,0,-24000,0,0,0,33000,57000,-24000,-24000
052434,茂林國泰97購01  ,0,0,0,0,0,0,0,0,0,-24000,0,0,0,0,24000,-24000,-24000
054926,神達凱基98購01  ,0,0,0,0,0,0,0,0,0,-24000,0,0,0,0,24000,-24000,-24000
057690,美律凱基99購03  ,0,0,0,0,0,0,0,0,0,-24000,0,0,0,25000,49000,-24000,-24000
057883,中環群益98購01  ,0,0,0,0,0,0,0,0,0,-24000,0,0,0,0,24000,-24000,-24000
056213,建準國票98購02  ,0,0,0,0,0,0,0,0,0,-24000,0,0,0,0,24000,-24000,-24000
062107,台光電國票9B購01,0,0,0,0,0,0,0,0,0,-24000,0,0,0,0,24000,-24000,-24000
061606,景碩凱基9A購02  ,0,0,0,0,0,0,0,0,0,-24000,0,0,0,69000,93000,-24000,-24000
059039,致伸群益99購01  ,0,0,0,0,0,0,0,0,0,-24000,0,0,0,98000,122000,-24000,-24000
059678,鴻海國泰9A購03  ,0,0,0,0,0,0,0,0,0,-24000,0,0,0,2000,26000,-24000,-24000
060942,智邦國票9A購02  ,0,0,0,0,0,0,0,0,0,-24000,0,0,0,3000,27000,-24000,-24000
061234,國巨元大9A購18  ,0,0,0,0,0,0,0,0,0,-24000,0,0,0,78000,102000,-24000,-24000
061159,同欣電群益9A購01,0,0,0,0,0,0,0,0,0,-24000,0,0,0,5000,29000,-24000,-24000
059259,FBVIX中信03購06 ,0,0,0,0,0,0,0,0,0,-24000,0,0,0,0,24000,-24000,-24000
063674,力山國泰01購02  ,0,0,0,0,0,0,0,0,0,-24000,0,0,0,26000,50000,-24000,-24000
063873,南六永豐9C購01  ,0,0,0,0,0,0,0,0,0,-24000,0,0,0,0,24000,-24000,-24000
064209,燿華凱基01購01  ,0,0,0,0,0,0,0,0,0,-24000,0,0,0,1000,25000,-24000,-24000
064533,技嘉國票01購01  ,0,0,0,0,0,0,0,0,0,-24000,0,0,0,109000,133000,-24000,-24000
062626,台積電國票9C購04,0,0,0,0,0,0,0,0,0,-24000,0,0,0,15000,39000,-24000,-24000
062588,國巨統一9B購14  ,0,0,0,0,0,0,0,0,0,-24000,0,0,0,26000,50000,-24000,-24000
062763,華擎凱基9C購02  ,0,0,0,0,0,0,0,0,0,-24000,0,0,0,6000,30000,-24000,-24000
062732,南六凱基9B購03  ,0,0,0,0,0,0,0,0,0,-24000,0,0,0,0,24000,-24000,-24000
063408,茂林國票9C購02  ,0,0,0,0,0,0,0,0,0,-24000,0,0,0,0,24000,-24000,-24000
063500,嘉晶永豐9B購02  ,0,0,0,0,0,0,0,0,0,-24000,0,0,0,7000,31000,-24000,-24000
4438,廣越            ,11000,35000,-24000,0,0,0,0,0,0,0,0,0,0,0,0,0,-24000
5234,達興材料        ,18000,42000,-24000,0,0,0,0,0,0,0,0,0,0,0,0,0,-24000
1589,永冠-KY         ,66000,91000,-25000,0,0,0,0,0,0,0,0,0,0,0,0,0,-25000
1456,怡華            ,41000,66000,-25000,0,0,0,0,0,0,0,0,0,0,0,0,0,-25000
2362,藍天            ,108000,151000,-43000,0,0,0,0,0,0,18000,10000,0,10000,8000,0,8000,-25000
2414,精技            ,34000,56000,-22000,0,0,0,0,0,0,-3000,1000,4000,-3000,0,0,0,-25000
08418P,大立光元大01售04,0,0,0,0,0,0,0,0,0,-25000,0,0,0,25000,50000,-25000,-25000
08396P,鴻海元富9C售04  ,0,0,0,0,0,0,0,0,0,-25000,0,0,0,13000,38000,-25000,-25000
08468P,台郡統一9C售02  ,0,0,0,0,0,0,0,0,0,-25000,0,0,0,60000,85000,-25000,-25000
065006,景碩國票01購01  ,0,0,0,0,0,0,0,0,0,-25000,0,0,0,1000,26000,-25000,-25000
064783,貿聯群益9C購03  ,0,0,0,0,0,0,0,0,0,-25000,0,0,0,296000,321000,-25000,-25000
064868,嘉晶永豐9C購02  ,0,0,0,0,0,0,0,0,0,-25000,0,0,0,0,25000,-25000,-25000
06698P,玉晶光國票99售05,0,0,0,0,0,0,0,0,0,-25000,0,0,0,0,25000,-25000,-25000
07618P,大立光中信9A售06,0,0,0,0,0,0,0,0,0,-25000,0,0,0,0,25000,-25000,-25000
056880,緯穎國票98購02  ,0,0,0,0,0,0,0,0,0,-25000,0,0,0,59000,84000,-25000,-25000
055909,大成鋼凱基98購02,0,0,0,0,0,0,0,0,0,-25000,0,0,0,0,25000,-25000,-25000
060016,廣達康和99購01  ,0,0,0,0,0,0,0,0,0,-25000,0,0,0,116000,141000,-25000,-25000
057318,台光電凱基9A購01,0,0,0,0,0,0,0,0,0,-25000,0,0,0,0,25000,-25000,-25000
057282,大立光元大99購06,0,0,0,0,0,0,0,0,0,-25000,0,0,0,15000,40000,-25000,-25000
054532,強茂國泰98購01  ,0,0,0,0,0,0,0,0,0,-25000,0,0,0,0,25000,-25000,-25000
05749P,臺股指群益99售03,0,0,0,0,0,0,0,0,0,-25000,0,0,0,21000,46000,-25000,-25000
057466,泰鼎永豐98購01  ,0,0,0,0,0,0,0,0,0,-25000,0,0,0,100000,125000,-25000,-25000
0052,富邦科技        ,0,1000,-1000,0,0,0,0,0,0,-24000,0,0,0,103000,127000,-24000,-25000
059247,可成凱基99購05  ,0,0,0,0,0,0,0,0,0,-25000,0,0,0,0,25000,-25000,-25000
060190,國泰金元富9A購01,0,0,0,0,0,0,0,0,0,-25000,0,0,0,30000,55000,-25000,-25000
060197,臻鼎元富9A購02  ,0,0,0,0,0,0,0,0,0,-25000,0,0,0,75000,100000,-25000,-25000
059400,滬深2X元富9C購04,0,0,0,0,0,0,0,0,0,-25000,0,0,0,1000,26000,-25000,-25000
06119P,大立光凱基98售04,0,0,0,0,0,0,0,0,0,-25000,0,0,0,0,25000,-25000,-25000
060894,奇力新凱基9A購03,0,0,0,0,0,0,0,0,0,-25000,0,0,0,0,25000,-25000,-25000
058158,台積電台新99購01,0,0,0,0,0,0,0,0,0,-25000,0,0,0,99000,124000,-25000,-25000
059691,大立光永豐99購02,0,0,0,0,0,0,0,0,0,-25000,0,0,0,0,25000,-25000,-25000
059120,致伸永豐99購01  ,0,0,0,0,0,0,0,0,0,-25000,0,0,0,0,25000,-25000,-25000
059194,元金2X永豐99購01,0,0,0,0,0,0,0,0,0,-25000,0,0,0,20000,45000,-25000,-25000
059174,訊芯凱基99購01  ,0,0,0,0,0,0,0,0,0,-25000,0,0,0,49000,74000,-25000,-25000
062047,緯穎凱基9B購01  ,0,0,0,0,0,0,0,0,0,-25000,0,0,0,37000,62000,-25000,-25000
063393,華通群益9C購05  ,0,0,0,0,0,0,0,0,0,-25000,0,0,0,0,25000,-25000,-25000
06285P,台積電國票98售04,0,0,0,0,0,0,0,0,0,-25000,0,0,0,322000,347000,-25000,-25000
062659,台灣50群益9B購10,0,0,0,0,0,0,0,0,0,-25000,0,0,0,0,25000,-25000,-25000
062455,鴻海群益9C購01  ,0,0,0,0,0,0,0,0,0,-25000,0,0,0,0,25000,-25000,-25000
064648,臻鼎凱基9C購02  ,0,0,0,0,0,0,0,0,0,-25000,0,0,0,20000,45000,-25000,-25000
064226,TPK國票01購01   ,0,0,0,0,0,0,0,0,0,-25000,0,0,0,18000,43000,-25000,-25000
064387,GIS富邦9C購01   ,0,0,0,0,0,0,0,0,0,-25000,0,0,0,45000,70000,-25000,-25000
063992,大立光中信9C購03,0,0,0,0,0,0,0,0,0,-25000,0,0,0,10000,35000,-25000,-25000
063993,華通群益01購01  ,0,0,0,0,0,0,0,0,0,-25000,0,0,0,0,25000,-25000,-25000
063750,和鑫國票9B購01  ,0,0,0,0,0,0,0,0,0,-25000,0,0,0,35000,60000,-25000,-25000
6205,詮欣            ,25000,50000,-25000,0,0,0,0,0,0,0,0,0,0,0,0,0,-25000
07547P,緯穎凱基9A售05  ,0,0,0,0,0,0,0,0,0,-26000,0,0,0,0,26000,-26000,-26000
08492P,大立光元大9C售22,0,0,0,0,0,0,0,0,0,-26000,0,0,0,50000,76000,-26000,-26000
08459P,聯發科兆豐9C售04,0,0,0,0,0,0,0,0,0,-26000,0,0,0,50000,76000,-26000,-26000
08339P,上銀統一9C售04  ,0,0,0,0,0,0,0,0,0,-26000,0,0,0,90000,116000,-26000,-26000
08127P,聯發科元大9B售21,0,0,0,0,0,0,0,0,0,-26000,0,0,0,29000,55000,-26000,-26000
08224P,臺股指凱基9B售19,0,0,0,0,0,0,0,0,0,-26000,0,0,0,5000,31000,-26000,-26000
1451,年興            ,141000,171000,-30000,0,0,0,0,0,0,4000,6000,2000,4000,0,0,0,-26000
00714,群益道瓊美國地產,0,0,0,0,0,0,0,0,0,-26000,0,0,0,9000,35000,-26000,-26000
053111,緯創兆豐97購01  ,0,0,0,0,0,0,0,0,0,-26000,0,0,0,0,26000,-26000,-26000
055389,國巨統一98購02  ,0,0,0,0,0,0,0,0,0,-26000,0,0,0,4000,30000,-26000,-26000
054819,裕民元大9A購01  ,0,0,0,0,0,0,0,0,0,-26000,0,0,0,208000,234000,-26000,-26000
055518,華新科中信99購01,0,0,0,0,0,0,0,0,0,-26000,0,0,0,0,26000,-26000,-26000
056769,國產元大98購01  ,0,0,0,0,0,0,0,0,0,-26000,0,0,0,91000,117000,-26000,-26000
060289,京元電元大9A購01,0,0,0,0,0,0,0,0,0,-26000,0,0,0,17000,43000,-26000,-26000
055917,禾伸堂凱基98購02,0,0,0,0,0,0,0,0,0,-26000,0,0,0,0,26000,-26000,-26000
061822,和潤群益9B購01  ,0,0,0,0,0,0,0,0,0,-26000,0,0,0,21000,47000,-26000,-26000
059148,百和國票9A購01  ,0,0,0,0,0,0,0,0,0,-26000,0,0,0,26000,52000,-26000,-26000
059875,信邦凱基99購02  ,0,0,0,0,0,0,0,0,0,-26000,0,0,0,0,26000,-26000,-26000
058746,華通凱基9A購02  ,0,0,0,0,0,0,0,0,0,-26000,0,0,0,0,26000,-26000,-26000
058070,華新科凱基98購07,0,0,0,0,0,0,0,0,0,-26000,0,0,0,23000,49000,-26000,-26000
060905,台積電元大9A購20,0,0,0,0,0,0,0,0,0,-26000,0,0,0,0,26000,-26000,-26000
061295,台積電國泰9B購02,0,0,0,0,0,0,0,0,0,-26000,0,0,0,0,26000,-26000,-26000
060814,健策凱基9B購01  ,0,0,0,0,0,0,0,0,0,-26000,0,0,0,2000,28000,-26000,-26000
060360,南亞科元富9A購02,0,0,0,0,0,0,0,0,0,-26000,0,0,0,107000,133000,-26000,-26000
060133,牧德群益9B購01  ,0,0,0,0,0,0,0,0,0,-26000,0,0,0,0,26000,-26000,-26000
063638,華新科元大9B購14,0,0,0,0,0,0,0,0,0,-26000,0,0,0,99000,125000,-26000,-26000
063570,嘉晶元大9C購02  ,0,0,0,0,0,0,0,0,0,-26000,0,0,0,41000,67000,-26000,-26000
062354,台達電元大9B購01,0,0,0,0,0,0,0,0,0,-26000,0,0,0,14000,40000,-26000,-26000
062361,智邦元大9B購06  ,0,0,0,0,0,0,0,0,0,-26000,0,0,0,0,26000,-26000,-26000
062365,台光電元大9B購03,0,0,0,0,0,0,0,0,0,-26000,0,0,0,10000,36000,-26000,-26000
062268,力山群益9B購01  ,0,0,0,0,0,0,0,0,0,-26000,0,0,0,72000,98000,-26000,-26000
4722,國精化          ,21000,48000,-27000,0,0,0,0,0,0,1000,3000,2000,1000,0,0,0,-26000
08259P,華新科元大9C售04,0,0,0,0,0,0,0,0,0,-27000,0,0,0,20000,47000,-27000,-27000
08129P,聯發科元大9B售23,0,0,0,0,0,0,0,0,0,-27000,0,0,0,0,27000,-27000,-27000
08095P,大立光元富9B售03,0,0,0,0,0,0,0,0,0,-27000,0,0,0,86000,113000,-27000,-27000
08055P,臺股指國票9B售20,0,0,0,0,0,0,0,0,0,-27000,0,0,0,96000,123000,-27000,-27000
07922P,大立光群益9B售05,0,0,0,0,0,0,0,0,0,-27000,0,0,0,0,27000,-27000,-27000
064937,英業達元富9C購01,0,0,0,0,0,0,0,0,0,-27000,0,0,0,65000,92000,-27000,-27000
065368,技嘉元大9C購04  ,0,0,0,0,0,0,0,0,0,-27000,0,0,0,90000,117000,-27000,-27000
065502,康友富邦03購01  ,0,0,0,0,0,0,0,0,0,-27000,0,0,0,0,27000,-27000,-27000
059360,全新永豐99購02  ,0,0,0,0,0,0,0,0,0,-27000,0,0,0,17000,44000,-27000,-27000
058105,旺宏統一9A購02  ,0,0,0,0,0,0,0,0,0,-27000,0,0,0,0,27000,-27000,-27000
058969,亞德客永豐99購01,0,0,0,0,0,0,0,0,0,-27000,0,0,0,48000,75000,-27000,-27000
062028,晶技群益9B購01  ,0,0,0,0,0,0,0,0,0,-27000,0,0,0,15000,42000,-27000,-27000
061702,奇鋐國票9A購02  ,0,0,0,0,0,0,0,0,0,-27000,0,0,0,34000,61000,-27000,-27000
061526,宏達電凱基9A購04,0,0,0,0,0,0,0,0,0,-27000,0,0,0,63000,90000,-27000,-27000
062281,奇鋐群益9B購01  ,0,0,0,0,0,0,0,0,0,-27000,0,0,0,21000,48000,-27000,-27000
062224,玉晶光統一9C購03,0,0,0,0,0,0,0,0,0,-27000,0,0,0,74000,101000,-27000,-27000
062355,華通元大9B購03  ,0,0,0,0,0,0,0,0,0,-27000,0,0,0,3000,30000,-27000,-27000
062319,南六凱基9B購02  ,0,0,0,0,0,0,0,0,0,-27000,0,0,0,51000,78000,-27000,-27000
062409,巨大永豐9B購02  ,0,0,0,0,0,0,0,0,0,-27000,0,0,0,3000,30000,-27000,-27000
062434,華通元大9B購04  ,0,0,0,0,0,0,0,0,0,-27000,0,0,0,25000,52000,-27000,-27000
063488,金像電國泰01購01,0,0,0,0,0,0,0,0,0,-27000,0,0,0,13000,40000,-27000,-27000
063290,GIS元大9B購02   ,0,0,0,0,0,0,0,0,0,-27000,0,0,0,50000,77000,-27000,-27000
063804,華邦電兆豐01購01,0,0,0,0,0,0,0,0,0,-27000,0,0,0,135000,162000,-27000,-27000
064027,義隆元大9C購01  ,0,0,0,0,0,0,0,0,0,-27000,0,0,0,40000,67000,-27000,-27000
4526,東台            ,145000,172000,-27000,0,0,0,0,0,0,0,0,0,0,0,0,0,-27000
6155,鈞寶            ,17000,44000,-27000,0,0,0,0,0,0,0,0,0,0,0,0,0,-27000
9924,福興            ,17000,57000,-40000,0,0,0,0,0,0,13000,27000,14000,13000,0,0,0,-27000
065360,和大元大01購03  ,0,0,0,0,0,0,0,0,0,-28000,0,0,0,0,28000,-28000,-28000
06529P,貿聯富邦99售03  ,0,0,0,0,0,0,0,0,0,-28000,0,0,0,12000,40000,-28000,-28000
064928,同欣電統一01購02,0,0,0,0,0,0,0,0,0,-28000,0,0,0,0,28000,-28000,-28000
064959,巨大凱基9C購02  ,0,0,0,0,0,0,0,0,0,-28000,0,0,0,8000,36000,-28000,-28000
064973,智邦元大9C購06  ,0,0,0,0,0,0,0,0,0,-28000,0,0,0,10000,38000,-28000,-28000
06513P,鴻海凱基98售10  ,0,0,0,0,0,0,0,0,0,-28000,0,0,0,0,28000,-28000,-28000
065111,瀚宇博國票01購01,0,0,0,0,0,0,0,0,0,-28000,0,0,0,0,28000,-28000,-28000
07838P,泰碩元大9A售04  ,0,0,0,0,0,0,0,0,0,-28000,0,0,0,162000,190000,-28000,-28000
07099P,台積電元大99售19,0,0,0,0,0,0,0,0,0,-28000,0,0,0,60000,88000,-28000,-28000
07048P,台積電中信03售01,0,0,0,0,0,0,0,0,0,-28000,0,0,0,32000,60000,-28000,-28000
07993P,寶成群益9B售01  ,0,0,0,0,0,0,0,0,0,-28000,0,0,0,0,28000,-28000,-28000
08544P,和碩國票01售02  ,0,0,0,0,0,0,0,0,0,-28000,0,0,0,0,28000,-28000,-28000
055755,禾伸堂兆豐97購02,0,0,0,0,0,0,0,0,0,-28000,0,0,0,0,28000,-28000,-28000
057783,台積電國票9A購01,0,0,0,0,0,0,0,0,0,-28000,0,0,0,14000,42000,-28000,-28000
053644,台表科國票97購03,0,0,0,0,0,0,0,0,0,-28000,0,0,0,2000,30000,-28000,-28000
061719,緯穎凱基9A購06  ,0,0,0,0,0,0,0,0,0,-28000,0,0,0,0,28000,-28000,-28000
058863,可成凱基99購02  ,0,0,0,0,0,0,0,0,0,-28000,0,0,0,23000,51000,-28000,-28000
058173,台積電凱基99購04,0,0,0,0,0,0,0,0,0,-28000,0,0,0,10000,38000,-28000,-28000
061225,台積電中信9A購04,0,0,0,0,0,0,0,0,0,-28000,0,0,0,2000,30000,-28000,-28000
060855,華新科富邦01購01,0,0,0,0,0,0,0,0,0,-28000,0,0,0,12000,40000,-28000,-28000
064179,上銀富邦01購01  ,0,0,0,0,0,0,0,0,0,-28000,0,0,0,0,28000,-28000,-28000
063820,華邦電麥證01購01,0,0,0,70000,99000,-29000,0,0,0,-28000,0,0,0,71000,99000,-28000,-28000
063672,GIS統一9C購01   ,0,0,0,0,0,0,0,0,0,-28000,0,0,0,2000,30000,-28000,-28000
063646,帆宣元大9B購02  ,0,0,0,0,0,0,0,0,0,-28000,0,0,0,31000,59000,-28000,-28000
064301,漢唐兆豐01購01  ,0,0,0,0,0,0,0,0,0,-28000,0,0,0,77000,105000,-28000,-28000
063461,金像電元大9B購03,0,0,0,0,0,0,0,0,0,-28000,0,0,0,17000,45000,-28000,-28000
062301,聯詠中信05購01  ,0,0,0,0,0,0,0,0,0,-28000,0,0,0,3000,31000,-28000,-28000
5285,界霖            ,14000,42000,-28000,0,0,0,0,0,0,0,0,0,0,0,0,0,-28000
08403P,上銀元大9C售07  ,0,0,0,0,0,0,0,0,0,-29000,0,0,0,24000,53000,-29000,-29000
08386P,臺股指群益9C售14,0,0,0,0,0,0,0,0,0,-29000,0,0,0,67000,96000,-29000,-29000
08019P,緯穎國票9B售02  ,0,0,0,0,0,0,0,0,0,-29000,0,0,0,29000,58000,-29000,-29000
07894P,燿華元大9B售01  ,0,0,0,0,0,0,0,0,0,-29000,0,0,0,64000,93000,-29000,-29000
08088P,義隆凱基9B售03  ,0,0,0,0,0,0,0,0,0,-29000,0,0,0,20000,49000,-29000,-29000
08197P,聯發科元大9B售24,0,0,0,0,0,0,0,0,0,-29000,0,0,0,0,29000,-29000,-29000
2228,劍麟            ,47000,56000,-9000,0,0,0,0,0,0,-20000,0,20000,-20000,0,0,0,-29000
3022,威強電          ,70000,99000,-29000,0,0,0,0,0,0,0,0,0,0,0,0,0,-29000
2536,宏普            ,42000,73000,-31000,0,0,0,0,0,0,2000,4000,2000,2000,0,0,0,-29000
2702,華園            ,8000,37000,-29000,0,0,0,0,0,0,0,1000,1000,0,0,0,0,-29000
06934P,聯鈞元大98售03  ,0,0,0,0,0,0,0,0,0,-29000,0,0,0,0,29000,-29000,-29000
064929,台表科統一02購03,0,0,0,0,0,0,0,0,0,-29000,0,0,0,181000,210000,-29000,-29000
064919,嘉晶統一02購02  ,0,0,0,0,0,0,0,0,0,-29000,0,0,0,36000,65000,-29000,-29000
064797,道瓊反元大01購01,0,0,0,0,0,0,0,0,0,-29000,0,0,0,9000,38000,-29000,-29000
06484P,聯發科凱基98售11,0,0,0,0,0,0,0,0,0,-29000,0,0,0,0,29000,-29000,-29000
064830,可成統一9C購04  ,0,0,0,0,0,0,0,0,0,-29000,0,0,0,2000,31000,-29000,-29000
03433B,臺股指元大9C熊01,0,0,0,0,0,0,0,0,0,-29000,0,0,0,2000,31000,-29000,-29000
054770,健策國票98購01  ,0,0,0,0,0,0,0,0,0,-29000,0,0,0,0,29000,-29000,-29000
056087,世芯統一97購01  ,0,0,0,0,0,0,0,0,0,-29000,0,0,0,21000,50000,-29000,-29000
057675,同欣電元大98購02,0,0,0,0,0,0,0,0,0,-29000,0,0,0,24000,53000,-29000,-29000
060910,聯發科元大9A購05,0,0,0,0,0,0,0,0,0,-29000,0,0,0,13000,42000,-29000,-29000
061207,美律元大9A購04  ,0,0,0,0,0,0,0,0,0,-29000,0,0,0,0,29000,-29000,-29000
059594,奇力新元大9B購01,0,0,0,0,0,0,0,0,0,-29000,0,0,0,0,29000,-29000,-29000
058982,台積電凱基99購08,0,0,0,0,0,0,0,0,0,-29000,0,0,0,0,29000,-29000,-29000
061703,信邦國票9A購01  ,0,0,0,0,0,0,0,0,0,-29000,0,0,0,110000,139000,-29000,-29000
061583,矽創元大9A購01  ,0,0,0,0,0,0,0,0,0,-29000,0,0,0,60000,89000,-29000,-29000
061949,大立光群益9B購03,0,0,0,0,0,0,0,0,0,-29000,0,0,0,20000,49000,-29000,-29000
06243P,亞光元富97售01  ,0,0,0,0,0,0,0,0,0,-29000,0,0,0,0,29000,-29000,-29000
062350,台表科群益9B購01,0,0,0,0,0,0,0,0,0,-29000,0,0,0,40000,69000,-29000,-29000
062823,台表科兆豐9B購01,0,0,0,0,0,0,0,0,0,-29000,0,0,0,67000,96000,-29000,-29000
062695,華通元大9C購01  ,0,0,0,0,0,0,0,0,0,-29000,0,0,0,21000,50000,-29000,-29000
063118,中鋼元大9C購01  ,0,0,0,0,0,0,0,0,0,-29000,0,0,0,72000,101000,-29000,-29000
064247,廣達元富9C購01  ,0,0,0,0,0,0,0,0,0,-29000,0,0,0,132000,161000,-29000,-29000
064410,超眾凱基02購01  ,0,0,0,0,0,0,0,0,0,-29000,0,0,0,62000,91000,-29000,-29000
064617,台光電元大01購01,0,0,0,0,0,0,0,0,0,-29000,0,0,0,73000,102000,-29000,-29000
063625,儒鴻元大9B購03  ,0,0,0,0,0,0,0,0,0,-29000,0,0,0,91000,120000,-29000,-29000
063805,技嘉兆豐9C購01  ,0,0,0,0,0,0,0,0,0,-29000,0,0,0,234000,263000,-29000,-29000
6525,捷敏-KY         ,20000,49000,-29000,0,0,0,0,0,0,0,0,0,0,0,0,0,-29000
8462,柏文            ,36000,34000,2000,0,0,0,0,30000,-30000,-1000,0,0,0,0,1000,-1000,-29000
1507,永大            ,16000,45539,-29539,0,0,0,0,0,0,0,0,0,0,0,0,0,-29539
2459,敦吉            ,5000,33000,-28000,0,0,0,0,0,0,-2000,0,2000,-2000,0,0,0,-30000
2527,宏璟            ,27000,67000,-40000,0,0,0,0,0,0,10000,17000,7000,10000,0,0,0,-30000
07891P,臺股指國票9B售01,0,0,0,0,0,0,0,0,0,-30000,0,0,0,0,30000,-30000,-30000
08466P,旺宏統一9C售03  ,0,0,0,0,0,0,0,0,0,-30000,0,0,0,0,30000,-30000,-30000
08584P,立積群益9C售02  ,0,0,0,0,0,0,0,0,0,-30000,0,0,0,0,30000,-30000,-30000
065297,旺宏統一02購01  ,0,0,0,0,0,0,0,0,0,-30000,0,0,0,0,30000,-30000,-30000
065481,臻鼎元大9C購04  ,0,0,0,0,0,0,0,0,0,-30000,0,0,0,0,30000,-30000,-30000
07850P,健策群益9A售06  ,0,0,0,0,0,0,0,0,0,-30000,0,0,0,30000,60000,-30000,-30000
057736,鴻海富邦99購04  ,0,0,0,0,0,0,0,0,0,-30000,0,0,0,0,30000,-30000,-30000
057072,日月光永豐98購01,0,0,0,0,0,0,0,0,0,-30000,0,0,0,20000,50000,-30000,-30000
057165,國巨元大99購05  ,0,0,0,0,0,0,0,0,0,-30000,0,0,0,20000,50000,-30000,-30000
057364,國巨元大98購18  ,0,0,0,0,0,0,0,0,0,-30000,0,0,0,44000,74000,-30000,-30000
057770,亞德客群益98購01,0,0,0,0,0,0,0,0,0,-30000,0,0,0,0,30000,-30000,-30000
056811,健策統一9B購01  ,0,0,0,0,0,0,0,0,0,-30000,0,0,0,20000,50000,-30000,-30000
056691,元油2X群益9B購01,0,0,0,0,0,0,0,0,0,-30000,0,0,0,0,30000,-30000,-30000
056646,奇鋐凱基99購02  ,0,0,0,0,0,0,0,0,0,-30000,0,0,0,80000,110000,-30000,-30000
05588P,群創兆豐97售02  ,0,0,0,0,0,0,0,0,0,-30000,0,0,0,0,30000,-30000,-30000
057862,智邦凱基99購01  ,0,0,0,0,0,0,0,0,0,-30000,0,0,0,10000,40000,-30000,-30000
057842,緯穎富邦99購02  ,0,0,0,0,0,0,0,0,0,-30000,0,0,0,5000,35000,-30000,-30000
056190,昇陽半統一97購01,0,0,0,0,0,0,0,0,0,-30000,0,0,0,0,30000,-30000,-30000
056341,宏達電凱基9A購01,0,0,0,0,0,0,0,0,0,-30000,0,0,0,0,30000,-30000,-30000
056423,奇鋐統一98購01  ,0,0,0,0,0,0,0,0,0,-30000,0,0,0,0,30000,-30000,-30000
060285,聯電元大9C購01  ,0,0,0,0,0,0,0,0,0,-30000,0,0,0,83000,113000,-30000,-30000
060294,嘉澤元大9A購01  ,0,0,0,0,0,0,0,0,0,-30000,0,0,0,24000,54000,-30000,-30000
054673,京鼎國泰98購01  ,0,0,0,0,0,0,0,0,0,-30000,0,0,0,0,30000,-30000,-30000
054214,京鼎國票97購02  ,0,0,0,0,0,0,0,0,0,-30000,0,0,0,0,30000,-30000,-30000
057582,亞光中信9A購02  ,0,0,0,0,0,0,0,0,0,-30000,0,0,0,0,30000,-30000,-30000
057080,華新科統一99購02,0,0,0,0,0,0,0,0,0,-30000,0,0,0,0,30000,-30000,-30000
050570,聯發科中信97購02,0,0,0,0,0,0,0,0,0,-30000,0,0,0,2000,32000,-30000,-30000
055426,旺宏群益99購02  ,0,0,0,0,0,0,0,0,0,-30000,0,0,0,0,30000,-30000,-30000
055365,華通元大97購03  ,0,0,0,0,0,0,0,0,0,-30000,0,0,0,110000,140000,-30000,-30000
06192P,高股息中信98售01,0,0,0,0,0,0,0,0,0,-30000,0,0,0,0,30000,-30000,-30000
061605,華新科凱基9A購14,0,0,0,0,0,0,0,0,0,-30000,0,0,0,80000,110000,-30000,-30000
061519,T50反1中信03購01,0,0,0,0,0,0,0,0,0,-30000,0,0,0,0,30000,-30000,-30000
058864,欣興凱基99購04  ,0,0,0,0,0,0,0,0,0,-30000,0,0,0,99000,129000,-30000,-30000
058901,美律元大99購07  ,0,0,0,0,0,0,0,0,0,-30000,0,0,0,0,30000,-30000,-30000
058934,台灣50中信03購03,0,0,0,0,0,0,0,0,0,-30000,0,0,0,115000,145000,-30000,-30000
059564,鴻海凱基9A購15  ,0,0,0,0,0,0,0,0,0,-30000,0,0,0,50000,80000,-30000,-30000
057983,緯穎永豐98購03  ,0,0,0,0,0,0,0,0,0,-30000,0,0,0,40000,70000,-30000,-30000
059928,道瓊銀富邦03購01,0,0,0,0,0,0,0,0,0,-30000,0,0,0,10000,40000,-30000,-30000
058798,大立光元大99購11,0,0,0,0,0,0,0,0,0,-30000,0,0,0,41000,71000,-30000,-30000
059624,鴻海凱基01購01  ,0,0,0,0,0,0,0,0,0,-30000,0,0,0,0,30000,-30000,-30000
061336,國巨元大9A購20  ,0,0,0,0,0,0,0,0,0,-30000,0,0,0,96000,126000,-30000,-30000
060885,世紀鋼中信9A購01,0,0,0,0,0,0,0,0,0,-30000,0,0,0,0,30000,-30000,-30000
060996,臻鼎元大9A購01  ,0,0,0,0,0,0,0,0,0,-30000,0,0,0,0,30000,-30000,-30000
058165,FBVIX凱基9C購01 ,0,0,0,0,0,0,0,0,0,-30000,0,0,0,0,30000,-30000,-30000
058570,臻鼎凱基9A購01  ,0,0,0,0,0,0,0,0,0,-30000,0,0,0,0,30000,-30000,-30000
060696,道瓊反國泰9C購01,0,0,0,0,0,0,0,0,0,-30000,0,0,0,0,30000,-30000,-30000
058474,鴻海凱基9A購06  ,0,0,0,0,0,0,0,0,0,-30000,0,0,0,1000,31000,-30000,-30000
063633,金像電元大9B購05,0,0,0,0,0,0,0,0,0,-30000,0,0,0,0,30000,-30000,-30000
063516,香港反凱基03購01,0,0,0,0,0,0,0,0,0,-30000,0,0,0,0,30000,-30000,-30000
064091,台郡凱基01購01  ,0,0,0,0,0,0,0,0,0,-30000,0,0,0,0,30000,-30000,-30000
064404,奇力新凱基02購01,0,0,0,0,0,0,0,0,0,-30000,0,0,0,0,30000,-30000,-30000
064386,友達富邦01購01  ,0,0,0,0,0,0,0,0,0,-30000,0,0,0,10000,40000,-30000,-30000
063088,緯穎凱基9B購04  ,0,0,0,0,0,0,0,0,0,-30000,0,0,0,0,30000,-30000,-30000
063201,廣達統一01購01  ,0,0,0,0,0,0,0,0,0,-30000,0,0,0,164000,194000,-30000,-30000
063190,聯茂凱基9B購01  ,0,0,0,0,0,0,0,0,0,-30000,0,0,0,1000,31000,-30000,-30000
062927,同欣電國票9B購02,0,0,0,0,0,0,0,0,0,-30000,0,0,0,0,30000,-30000,-30000
063442,金像電統一01購01,0,0,0,0,0,0,0,0,0,-30000,0,0,0,0,30000,-30000,-30000
063427,南六凱基9B購04  ,0,0,0,0,0,0,0,0,0,-30000,0,0,0,0,30000,-30000,-30000
062769,臺股指凱基9B購13,0,0,0,0,0,0,0,0,0,-30000,0,0,0,0,30000,-30000,-30000
062648,聯茂富邦9B購01  ,0,0,0,0,0,0,0,0,0,-30000,0,0,0,0,30000,-30000,-30000
062316,康控凱基9B購03  ,0,0,0,0,0,0,0,0,0,-30000,0,0,0,32000,62000,-30000,-30000
062391,台達電富邦9C購01,0,0,0,0,0,0,0,0,0,-30000,0,0,0,60000,90000,-30000,-30000
062378,台表科元大9C購01,0,0,0,0,0,0,0,0,0,-30000,0,0,0,41000,71000,-30000,-30000
9902,台火            ,51000,77000,-26000,0,0,0,0,0,0,-4000,0,4000,-4000,0,0,0,-30000
4952,凌通            ,23000,53000,-30000,0,0,0,0,0,0,0,2000,2000,0,0,0,0,-30000
5706,鳳凰            ,5000,34000,-29000,0,0,0,0,0,0,-1000,0,1000,-1000,0,0,0,-30000
4564,元翎            ,85000,127000,-42000,0,0,0,0,0,0,12000,0,1000,-1000,13000,0,13000,-30000
3694,海華            ,32000,61000,-29000,0,0,0,0,0,0,-1000,0,1000,-1000,0,0,0,-30000
3617,碩天            ,12000,42000,-30000,0,0,0,0,0,0,0,3000,3000,0,0,0,0,-30000
2852,第一保          ,44000,74165,-30165,0,0,0,0,0,0,0,0,0,0,0,0,0,-30165
07774P,台灣50群益9A售16,0,0,0,0,0,0,0,0,0,-31000,0,0,0,450000,481000,-31000,-31000
07672P,南電元大9A售05  ,0,0,0,0,0,0,0,0,0,-31000,0,0,0,19000,50000,-31000,-31000
07121P,華新科凱基99售03,0,0,0,0,0,0,0,0,0,-31000,0,0,0,4000,35000,-31000,-31000
07218P,臺股指凱基99售31,0,0,0,0,0,0,0,0,0,-31000,0,0,0,64000,95000,-31000,-31000
056497,GIS國泰99購01   ,0,0,0,0,0,0,0,0,0,-31000,0,0,0,13000,44000,-31000,-31000
054977,SP黃豆元富9B購01,0,0,0,0,0,0,0,0,0,-31000,0,0,0,0,31000,-31000,-31000
060390,聯鈞群益9A購01  ,0,0,0,0,0,0,0,0,0,-31000,0,0,0,128000,159000,-31000,-31000
060109,茂林元大99購05  ,0,0,0,0,0,0,0,0,0,-31000,0,0,0,60000,91000,-31000,-31000
058557,健策第一01購01  ,0,0,0,0,0,0,0,0,0,-31000,0,0,0,9000,40000,-31000,-31000
061192,奇鋐永豐9A購01  ,0,0,0,0,0,0,0,0,0,-31000,0,0,0,10000,41000,-31000,-31000
059649,矽力凱基99購02  ,0,0,0,0,0,0,0,0,0,-31000,0,0,0,0,31000,-31000,-31000
058677,矽格群益99購01  ,0,0,0,0,0,0,0,0,0,-31000,0,0,0,344000,375000,-31000,-31000
059539,緯穎凱基99購03  ,0,0,0,0,0,0,0,0,0,-31000,0,0,0,0,31000,-31000,-31000
058995,台達電元大99購01,0,0,0,0,0,0,0,0,0,-31000,0,0,0,48000,79000,-31000,-31000
059027,神達台新99購02  ,0,0,0,0,0,0,0,0,0,-31000,0,0,0,7000,38000,-31000,-31000
061771,玉晶光元大9C購04,0,0,0,0,0,0,0,0,0,-31000,0,0,0,7000,38000,-31000,-31000
06165P,臺股指凱基9A售03,0,0,0,0,0,0,0,0,0,-31000,0,0,0,0,31000,-31000,-31000
062432,上銀元大9B購04  ,0,0,0,0,0,0,0,0,0,-31000,0,0,0,0,31000,-31000,-31000
063329,健策國票9C購01  ,0,0,0,0,0,0,0,0,0,-31000,0,0,0,4000,35000,-31000,-31000
063251,同欣電元大9B購04,0,0,0,0,0,0,0,0,0,-31000,0,0,0,50000,81000,-31000,-31000
064481,技嘉永豐9C購01  ,0,0,0,0,0,0,0,0,0,-31000,0,0,0,90000,121000,-31000,-31000
064333,義隆元大9C購02  ,0,0,0,0,0,0,0,0,0,-31000,0,0,0,267000,298000,-31000,-31000
063986,聯發科富邦02購01,0,0,0,0,0,0,0,0,0,-31000,0,0,0,500000,531000,-31000,-31000
911868,同方友友-DR     ,0,31000,-31000,0,0,0,0,0,0,0,0,0,0,0,0,0,-31000
6491,晶碩            ,55000,86000,-31000,0,0,0,0,0,0,0,0,0,0,0,0,0,-31000
07692P,玉晶光元大9A售11,0,0,0,0,0,0,0,0,0,-32000,0,0,0,0,32000,-32000,-32000
07373P,A50正2元大99售01,0,0,0,0,0,0,0,0,0,-32000,0,0,0,0,32000,-32000,-32000
065230,義隆凱基02購01  ,0,0,0,0,0,0,0,0,0,-32000,0,0,0,282000,314000,-32000,-32000
065063,玉晶光群益02購04,0,0,0,0,0,0,0,0,0,-32000,0,0,0,34000,66000,-32000,-32000
2476,鉅祥            ,3000,35000,-32000,0,0,0,0,0,0,0,0,0,0,0,0,0,-32000
3535,晶彩科          ,44000,76000,-32000,0,0,0,0,0,0,0,0,0,0,0,0,0,-32000
2359,所羅門          ,186000,218000,-32000,0,0,0,0,0,0,0,0,0,0,0,0,0,-32000
07880P,可成群益9B售05  ,0,0,0,0,0,0,0,0,0,-32000,0,0,0,97000,129000,-32000,-32000
055311,健策群益98購02  ,0,0,0,0,0,0,0,0,0,-32000,0,0,0,14000,46000,-32000,-32000
052402,健策凱基97購01  ,0,0,0,0,0,0,0,0,0,-32000,0,0,0,0,32000,-32000,-32000
05894P,友達群益98售02  ,0,0,0,0,0,0,0,0,0,-32000,0,0,0,18000,50000,-32000,-32000
058900,旺宏元大99購11  ,0,0,0,0,0,0,0,0,0,-32000,0,0,0,10000,42000,-32000,-32000
061369,T50反1國泰9B購03,0,0,0,0,0,0,0,0,0,-32000,0,0,0,6000,38000,-32000,-32000
058802,矽創元大99購02  ,0,0,0,0,0,0,0,0,0,-32000,0,0,0,10000,42000,-32000,-32000
058050,台郡元大99購05  ,0,0,0,0,0,0,0,0,0,-32000,0,0,0,68000,100000,-32000,-32000
059787,奇力新元大9A購02,0,0,0,0,0,0,0,0,0,-32000,0,0,0,29000,61000,-32000,-32000
059291,華新科元富9B購01,0,0,0,0,0,0,0,0,0,-32000,0,0,0,28000,60000,-32000,-32000
060576,欣興中信9B購01  ,0,0,0,0,0,0,0,0,0,-32000,0,0,0,0,32000,-32000,-32000
063965,漢唐國票01購01  ,0,0,0,0,0,0,0,0,0,-32000,0,0,0,6000,38000,-32000,-32000
063774,GIS富邦9B購02   ,0,0,0,0,0,0,0,0,0,-32000,0,0,0,100000,132000,-32000,-32000
064330,燿華元大9C購02  ,0,0,0,0,0,0,0,0,0,-32000,0,0,0,48000,80000,-32000,-32000
064331,微星元大9C購03  ,0,0,0,0,0,0,0,0,0,-32000,0,0,0,121000,153000,-32000,-32000
064296,奇鋐國票01購01  ,0,0,0,0,0,0,0,0,0,-32000,0,0,0,224000,256000,-32000,-32000
064514,喬山群益9C購01  ,0,0,0,0,0,0,0,0,0,-32000,0,0,0,0,32000,-32000,-32000
062191,台郡元大9B購05  ,0,0,0,0,0,0,0,0,0,-32000,0,0,0,20000,52000,-32000,-32000
062184,奇鋐元大9B購02  ,0,0,0,0,0,0,0,0,0,-32000,0,0,0,68000,100000,-32000,-32000
5531,鄉林            ,398000,430000,-32000,0,0,0,0,0,0,0,0,0,0,0,0,0,-32000
1459,聯發            ,114000,146280,-32280,0,0,0,0,0,0,0,0,0,0,0,0,0,-32280
2377,微星            ,2577048,1149000,1428048,0,0,0,0,1200000,-1200000,-261000,54000,207000,-153000,45000,153000,-108000,-32952
1708,東鹼            ,66000,105000,-39000,0,0,0,0,0,0,6000,8000,2000,6000,0,0,0,-33000
07871P,台積電群益9C售02,0,0,0,0,0,0,0,0,0,-33000,0,0,0,34000,67000,-33000,-33000
08171P,嘉澤國票9C售01  ,0,0,0,0,0,0,0,0,0,-33000,0,0,0,32000,65000,-33000,-33000
08332P,智邦台新9C售03  ,0,0,0,0,0,0,0,0,0,-33000,0,0,0,22000,55000,-33000,-33000
064807,義隆元大9C購03  ,0,30000,-30000,0,0,0,0,0,0,-3000,0,0,0,272000,275000,-3000,-33000
07333P,台灣50國票9B售03,0,0,0,0,0,0,0,0,0,-33000,0,0,0,0,33000,-33000,-33000
07777P,創意元大9A售03  ,0,0,0,0,0,0,0,0,0,-33000,0,0,0,39000,72000,-33000,-33000
055398,超眾統一97購03  ,0,0,0,0,0,0,0,0,0,-33000,0,0,0,41000,74000,-33000,-33000
055437,禾伸堂中信99購01,0,0,0,0,0,0,0,0,0,-33000,0,0,0,95000,128000,-33000,-33000
053882,聯發科中信98購02,0,0,0,0,0,0,0,0,0,-33000,0,0,0,30000,63000,-33000,-33000
056472,美律元大99購03  ,0,0,0,0,0,0,0,0,0,-33000,0,0,0,78000,111000,-33000,-33000
056355,台積電元大98購08,0,0,0,0,0,0,0,0,0,-33000,0,0,0,300000,333000,-33000,-33000
057383,玉晶光富邦9A購01,0,0,0,0,0,0,0,0,0,-33000,0,0,0,0,33000,-33000,-33000
058483,道瓊指國票9A購01,0,0,0,0,0,0,0,0,0,-33000,0,0,0,0,33000,-33000,-33000
058289,奇鋐國票9A購01  ,0,0,0,0,0,0,0,0,0,-33000,0,0,0,0,33000,-33000,-33000
061726,台積電麥證9A購05,0,0,0,50000,83000,-33000,0,0,0,-33000,0,0,0,50000,83000,-33000,-33000
062085,同欣電元大9B購01,0,0,0,0,0,0,0,0,0,-33000,0,0,0,23000,56000,-33000,-33000
062456,台積電群益9B購05,0,0,0,0,0,0,0,0,0,-33000,0,0,0,100000,133000,-33000,-33000
062636,聯鈞國票9B購01  ,0,0,0,0,0,0,0,0,0,-33000,0,0,0,9000,42000,-33000,-33000
062569,南電中信01購01  ,0,0,0,0,0,0,0,0,0,-33000,0,0,0,209000,242000,-33000,-33000
063179,群創兆豐9B購01  ,0,0,0,0,0,0,0,0,0,-33000,0,0,0,85000,118000,-33000,-33000
064647,致伸凱基9C購01  ,0,0,0,0,0,0,0,0,0,-33000,0,0,0,0,33000,-33000,-33000
4532,瑞智            ,41000,62000,-21000,0,0,0,0,0,0,-12000,2000,14000,-12000,0,0,0,-33000
9917,中保科          ,139000,172000,-33000,0,0,0,0,0,0,0,0,0,0,0,0,0,-33000
07575P,瑞昱元大9A售02  ,0,0,0,0,0,0,0,0,0,-34000,0,0,0,1000,35000,-34000,-34000
07490P,大立光國票9A售03,0,0,0,0,0,0,0,0,0,-34000,0,0,0,0,34000,-34000,-34000
06979P,台灣50永豐9A售02,0,0,0,0,0,0,0,0,0,-34000,0,0,0,0,34000,-34000,-34000
06849P,欣興元大98售12  ,0,0,0,0,0,0,0,0,0,-34000,0,0,0,4000,38000,-34000,-34000
06765P,欣興元大98售11  ,0,0,0,0,0,0,0,0,0,-34000,0,0,0,2000,36000,-34000,-34000
064793,新光金國票01購02,0,0,0,0,0,0,0,0,0,-34000,0,0,0,0,34000,-34000,-34000
2441,超豐            ,84000,117000,-33000,0,0,0,0,1000,-1000,0,0,0,0,0,0,0,-34000
057321,台泥群益98購01  ,0,0,0,0,0,0,0,0,0,-34000,0,0,0,0,34000,-34000,-34000
057421,智原凱基98購04  ,0,0,0,0,0,0,0,0,0,-34000,0,0,0,10000,44000,-34000,-34000
055439,台表科國票98購02,0,0,0,0,0,0,0,0,0,-34000,0,0,0,0,34000,-34000,-34000
055265,玉晶光永豐98購03,0,0,0,0,0,0,0,0,0,-34000,0,0,0,136000,170000,-34000,-34000
062004,國巨國泰9C購03  ,0,0,0,0,0,0,0,0,0,-34000,0,0,0,179000,213000,-34000,-34000
061648,緯穎元大9A購04  ,0,0,0,0,0,0,0,0,0,-34000,0,0,0,1000,35000,-34000,-34000
059008,鈺齊元大99購03  ,0,0,0,0,0,0,0,0,0,-34000,0,0,0,0,34000,-34000,-34000
058723,元石油國泰9A購01,0,0,0,0,0,0,0,0,0,-34000,0,0,0,0,34000,-34000,-34000
058079,鴻海群益98購08  ,0,0,0,0,0,0,0,0,0,-34000,0,0,0,11000,45000,-34000,-34000
058099,鴻海國泰9A購02  ,0,0,0,0,0,0,0,0,0,-34000,0,0,0,0,34000,-34000,-34000
060878,奇力新中信9C購01,0,0,0,0,0,0,0,0,0,-34000,0,0,0,0,34000,-34000,-34000
060616,宏碁元大9A購02  ,0,0,0,0,0,0,0,0,0,-34000,0,0,0,84000,118000,-34000,-34000
060695,同欣電麥證9A購01,0,0,0,11000,45000,-34000,0,0,0,-34000,0,0,0,11000,45000,-34000,-34000
064698,致伸群益9C購01  ,0,0,0,0,0,0,0,0,0,-34000,0,0,0,0,34000,-34000,-34000
063699,國巨群益9B購07  ,0,0,0,0,0,0,0,0,0,-34000,0,0,0,10000,44000,-34000,-34000
063484,達方元大9B購01  ,0,0,0,0,0,0,0,0,0,-34000,0,0,0,48000,82000,-34000,-34000
062540,茂林國泰9C購01  ,0,0,0,0,0,0,0,0,0,-34000,0,0,0,55000,89000,-34000,-34000
1517,利奇            ,68000,121000,-53000,0,0,0,0,0,0,18000,25000,7000,18000,0,0,0,-35000
3018,同開            ,14000,49000,-35000,0,0,0,0,0,0,0,0,0,0,0,0,0,-35000
08321P,世芯永豐9C售01  ,0,0,0,0,0,0,0,0,0,-35000,0,0,0,1000,36000,-35000,-35000
08413P,臻鼎凱基9C售03  ,0,0,0,0,0,0,0,0,0,-35000,0,0,0,20000,55000,-35000,-35000
08559P,瑞昱國票9C售01  ,0,0,0,0,0,0,0,0,0,-35000,0,0,0,0,35000,-35000,-35000
08083P,健策元大9C售05  ,0,0,0,0,0,0,0,0,0,-35000,0,0,0,0,35000,-35000,-35000
07982P,全新群益9B售04  ,0,0,0,0,0,0,0,0,0,-35000,0,0,0,57000,92000,-35000,-35000
065144,大立光凱基01購06,0,0,0,0,0,0,0,0,0,-35000,0,0,0,0,35000,-35000,-35000
064999,T50反1國票9C購03,0,0,0,0,0,0,0,0,0,-35000,0,0,0,0,35000,-35000,-35000
065265,景碩元大9C購02  ,0,0,0,0,0,0,0,0,0,-35000,0,0,0,99000,134000,-35000,-35000
065303,國泰金元富9C購01,0,0,0,0,0,0,0,0,0,-35000,0,0,0,6000,41000,-35000,-35000
065304,台勝科元富03購01,10000,0,10000,0,0,0,0,0,0,-45000,0,0,0,0,45000,-45000,-35000
065225,神隆凱基01購01  ,0,0,0,0,0,0,0,0,0,-35000,0,0,0,20000,55000,-35000,-35000
065163,香港反元大03購01,0,0,0,0,0,0,0,0,0,-35000,0,0,0,0,35000,-35000,-35000
065343,智邦統一01購03  ,0,0,0,0,0,0,0,0,0,-35000,0,0,0,0,35000,-35000,-35000
065352,GIS統一01購04   ,0,0,0,0,0,0,0,0,0,-35000,0,0,0,0,35000,-35000,-35000
06666P,台積電日盛9A售02,0,0,0,0,0,0,0,0,0,-35000,0,0,0,36000,71000,-35000,-35000
06885P,國巨國票99售06  ,0,0,0,0,0,0,0,0,0,-35000,0,0,0,15000,50000,-35000,-35000
07619P,鴻海統一9A售03  ,0,0,0,0,0,0,0,0,0,-35000,0,0,0,0,35000,-35000,-35000
055244,國巨統一98購01  ,0,0,0,0,0,0,0,0,0,-35000,0,0,0,248000,283000,-35000,-35000
055249,大毅統一99購01  ,0,0,0,0,0,0,0,0,0,-35000,0,0,0,0,35000,-35000,-35000
057306,玉晶光兆豐99購01,0,0,0,0,0,0,0,0,0,-35000,0,0,0,22000,57000,-35000,-35000
057788,嘉聯益國票99購01,0,0,0,0,0,0,0,0,0,-35000,0,0,0,68000,103000,-35000,-35000
060251,易華電元大9C購01,0,0,0,0,0,0,0,0,0,-35000,0,0,0,65000,100000,-35000,-35000
060307,南港永豐9A購01  ,0,0,0,0,0,0,0,0,0,-35000,0,0,0,0,35000,-35000,-35000
060847,康控國票9A購01  ,0,0,0,0,0,0,0,0,0,-35000,0,0,0,0,35000,-35000,-35000
060602,京元電凱基9A購01,0,0,0,0,0,0,0,0,0,-35000,0,0,0,135000,170000,-35000,-35000
059296,大立光元富99購06,0,0,0,0,0,0,0,0,0,-35000,0,0,0,0,35000,-35000,-35000
058093,神達元大9A購01  ,0,0,0,0,0,0,0,0,0,-35000,0,0,0,15000,50000,-35000,-35000
058605,華邦電元大99購04,0,0,0,0,0,0,0,0,0,-35000,0,0,0,5000,40000,-35000,-35000
058016,智邦凱基98購06  ,0,0,0,0,0,0,0,0,0,-35000,0,0,0,9000,44000,-35000,-35000
061705,健策國票9A購06  ,0,0,0,0,0,0,0,0,0,-35000,0,0,0,30000,65000,-35000,-35000
061433,華通麥證9A購03  ,0,0,0,0,35000,-35000,0,0,0,-35000,0,0,0,0,35000,-35000,-35000
062606,聯電凱基9C購02  ,0,0,0,0,0,0,0,0,0,-35000,0,0,0,45000,80000,-35000,-35000
062271,華通群益9C購02  ,0,0,0,0,0,0,0,0,0,-35000,0,0,0,0,35000,-35000,-35000
063481,緯穎元大9B購08  ,0,0,0,0,0,0,0,0,0,-35000,0,0,0,18000,53000,-35000,-35000
063411,和潤國票9C購01  ,0,0,0,0,0,0,0,0,0,-35000,0,0,0,1000,36000,-35000,-35000
063295,京元電麥證9B購01,0,0,0,115000,150000,-35000,0,0,0,-35000,0,0,0,115000,150000,-35000,-35000
063188,TPK凱基9B購01   ,0,0,0,0,0,0,0,0,0,-35000,0,0,0,313000,348000,-35000,-35000
063103,技嘉群益9B購01  ,0,0,0,0,0,0,0,0,0,-35000,0,0,0,97000,132000,-35000,-35000
062958,長榮航麥證9B購01,0,0,0,0,35000,-35000,0,0,0,-35000,0,0,0,0,35000,-35000,-35000
063799,華邦電凱基9C購02,0,0,0,0,0,0,0,0,0,-35000,0,0,0,14000,49000,-35000,-35000
063533,緯穎凱基9B購06  ,0,0,0,0,0,0,0,0,0,-35000,0,0,0,0,35000,-35000,-35000
063554,GIS國票9C購03   ,0,0,0,0,0,0,0,0,0,-35000,0,0,0,0,35000,-35000,-35000
064747,彩晶國票01購01  ,0,0,0,0,0,0,0,0,0,-35000,0,0,0,62000,97000,-35000,-35000
064518,華新科群益02購01,0,0,0,0,0,0,0,0,0,-35000,0,0,0,40000,75000,-35000,-35000
4739,康普            ,39000,73000,-34000,0,0,0,0,0,0,-1000,0,0,0,0,1000,-1000,-35000
5007,三星            ,21000,56000,-35000,0,0,0,0,0,0,0,0,0,0,0,0,0,-35000
07237P,台灣50國票99售06,0,0,0,0,0,0,0,0,0,-36000,0,0,0,0,36000,-36000,-36000
06725P,聯電元富98售01  ,0,0,0,0,0,0,0,0,0,-36000,0,0,0,89000,125000,-36000,-36000
06721P,臺股指中信9A售03,0,0,0,0,0,0,0,0,0,-36000,0,0,0,280000,316000,-36000,-36000
06597P,國巨富邦9A售05  ,0,0,0,0,0,0,0,0,0,-36000,0,0,0,20000,56000,-36000,-36000
08478P,臺股指凱基9C售16,0,0,0,0,0,0,0,0,0,-36000,0,0,0,0,36000,-36000,-36000
08452P,智邦台新9C售05  ,0,0,0,0,0,0,0,0,0,-36000,0,0,0,0,36000,-36000,-36000
2911,麗嬰房          ,25000,61000,-36000,0,0,0,0,0,0,0,0,0,0,0,0,0,-36000
1612,宏泰            ,44000,80000,-36000,0,0,0,0,0,0,0,0,0,0,0,0,0,-36000
055259,玉晶光統一9A購01,0,0,0,0,0,0,0,0,0,-36000,0,0,0,104000,140000,-36000,-36000
03446B,臺股指元大9B熊26,0,0,0,0,0,0,0,0,0,-36000,0,0,0,128000,164000,-36000,-36000
00713,元大台灣高息低波,3000,0,3000,0,0,0,0,0,0,-39000,0,0,0,2000,41000,-39000,-36000
061466,創意群益9A購01  ,0,0,0,0,0,0,0,0,0,-36000,0,0,0,331000,367000,-36000,-36000
061656,華新科國票9A購08,0,0,0,0,0,0,0,0,0,-36000,0,0,0,0,36000,-36000,-36000
059924,世紀鋼元大99購06,0,0,0,0,0,0,0,0,0,-36000,0,0,0,21000,57000,-36000,-36000
061047,大立光第一9A購01,0,0,0,0,0,0,0,0,0,-36000,0,0,0,0,36000,-36000,-36000
061194,聯鈞永豐9A購02  ,0,0,0,0,0,0,0,0,0,-36000,0,0,0,0,36000,-36000,-36000
060799,茂林永豐9A購01  ,0,0,0,0,0,0,0,0,0,-36000,0,0,0,0,36000,-36000,-36000
064501,大立光元大01購02,0,0,0,0,0,0,0,0,0,-36000,0,0,0,0,36000,-36000,-36000
063947,大毅元大9C購02  ,0,0,0,0,0,0,0,0,0,-36000,0,0,0,122000,158000,-36000,-36000
063337,國巨統一02購02  ,0,0,0,0,0,0,0,0,0,-36000,0,0,0,20000,56000,-36000,-36000
063482,緯穎元大9B購09  ,0,0,0,0,0,0,0,0,0,-36000,0,0,0,51000,87000,-36000,-36000
063470,泰鼎元大9B購03  ,0,0,0,0,0,0,0,0,0,-36000,0,0,0,0,36000,-36000,-36000
4540,全球傳動        ,55000,92000,-37000,0,0,0,0,0,0,1000,1000,0,1000,0,0,0,-36000
6598,ABC-KY          ,34000,70000,-36000,0,0,0,0,0,0,0,0,0,0,0,0,0,-36000
08496P,金像電國票01售02,0,0,0,0,0,0,0,0,0,-37000,0,0,0,0,37000,-37000,-37000
07892P,臺股指國票9B售02,0,0,0,0,0,0,0,0,0,-37000,0,0,0,3000,40000,-37000,-37000
065052,南六凱基02購02  ,0,0,0,0,0,0,0,0,0,-37000,0,0,0,1000,38000,-37000,-37000
056641,華通凱基98購03  ,0,0,0,0,0,0,0,0,0,-37000,0,0,0,0,37000,-37000,-37000
056567,瀚宇博群益98購02,0,0,0,0,0,0,0,0,0,-37000,0,0,0,0,37000,-37000,-37000
059295,大立光元富99購05,0,0,0,0,0,0,0,0,0,-37000,0,0,0,60000,97000,-37000,-37000
061305,帆宣永豐9A購01  ,0,0,0,0,0,0,0,0,0,-37000,0,0,0,113000,150000,-37000,-37000
061019,大毅國票9A購01  ,0,0,0,0,0,0,0,0,0,-37000,0,0,0,50000,87000,-37000,-37000
059210,鴻海元大99購26  ,0,0,0,0,0,0,0,0,0,-37000,0,0,0,34000,71000,-37000,-37000
061749,群創統一9C購02  ,0,0,0,0,0,0,0,0,0,-37000,0,0,0,0,37000,-37000,-37000
061975,華通元大9B購01  ,0,0,0,0,0,0,0,0,0,-37000,0,0,0,32000,69000,-37000,-37000
063278,國巨元大9C購04  ,0,0,0,0,0,0,0,0,0,-37000,0,0,0,0,37000,-37000,-37000
062474,台表科凱基9C購01,0,0,0,0,0,0,0,0,0,-37000,0,0,0,22000,59000,-37000,-37000
062803,嘉晶統一9B購02  ,0,0,0,0,0,0,0,0,0,-37000,0,0,0,32000,69000,-37000,-37000
062672,兆豐金中信03購01,0,0,0,0,0,0,0,0,0,-37000,0,0,0,1000,38000,-37000,-37000
064144,智邦統一01購02  ,0,0,0,0,0,0,0,0,0,-37000,0,0,0,36000,73000,-37000,-37000
063571,TPK元大9B購03   ,0,0,0,0,0,0,0,0,0,-37000,0,0,0,35000,72000,-37000,-37000
064981,致伸元大9C購01  ,0,0,0,0,0,0,0,0,0,-38000,0,0,0,30000,68000,-38000,-38000
06579P,臺股指麥證98售03,0,0,0,0,38000,-38000,0,0,0,-38000,0,0,0,0,38000,-38000,-38000
06553P,訊芯元大98售05  ,0,0,0,0,0,0,0,0,0,-38000,0,0,0,12000,50000,-38000,-38000
2616,山隆            ,198000,239000,-41000,0,0,0,0,0,0,3000,13000,10000,3000,0,0,0,-38000
057164,國巨元大98購14  ,0,0,0,0,0,0,0,0,0,-38000,0,0,0,16000,54000,-38000,-38000
060295,貿聯元大9A購03  ,0,0,0,0,0,0,0,0,0,-38000,0,0,0,23000,61000,-38000,-38000
020016,統一MSCI美科技N ,0,0,0,0,0,0,0,0,0,-38000,0,0,0,425000,463000,-38000,-38000
057536,康控元大99購03  ,0,0,0,0,0,0,0,0,0,-38000,0,0,0,0,38000,-38000,-38000
055572,鴻海統一98購04  ,0,0,0,0,0,0,0,0,0,-38000,0,0,0,1000,39000,-38000,-38000
061877,貿聯元大9B購01  ,0,0,0,0,0,0,0,0,0,-38000,0,0,0,217000,255000,-38000,-38000
059878,聯茂凱基99購07  ,0,0,0,0,0,0,0,0,0,-38000,0,0,0,35000,73000,-38000,-38000
061184,大立光國泰9C購01,0,0,0,0,0,0,0,0,0,-38000,0,0,0,1000,39000,-38000,-38000
060881,玉山金中信02購01,0,0,0,0,0,0,0,0,0,-38000,0,0,0,45000,83000,-38000,-38000
058590,南電中信9A購02  ,0,0,0,0,0,0,0,0,0,-38000,0,0,0,92000,130000,-38000,-38000
063652,國泰金台新9B購01,0,0,0,0,0,0,0,0,0,-38000,0,0,0,0,38000,-38000,-38000
062575,景碩群益9B購01  ,0,0,0,0,0,0,0,0,0,-38000,0,0,0,129000,167000,-38000,-38000
062230,緯穎統一01購01  ,0,0,0,0,0,0,0,0,0,-38000,0,0,0,126000,164000,-38000,-38000
06558P,旺宏元富98售02  ,0,0,0,0,0,0,0,0,0,-39000,0,0,0,0,39000,-39000,-39000
065008,TPK國票01購02   ,0,0,0,0,0,0,0,0,0,-39000,0,0,0,9000,48000,-39000,-39000
06999P,玉晶光國票9B售01,0,0,0,0,0,0,0,0,0,-39000,0,0,0,0,39000,-39000,-39000
07081P,南電群益9A售01  ,0,0,0,0,0,0,0,0,0,-39000,0,0,0,37000,76000,-39000,-39000
07248P,可成凱基99售06  ,0,0,0,0,0,0,0,0,0,-39000,0,0,0,10000,49000,-39000,-39000
07527P,台灣50凱基9B售02,0,0,0,0,0,0,0,0,0,-39000,0,0,0,200000,239000,-39000,-39000
055645,技嘉元富97購01  ,0,0,0,0,0,0,0,0,0,-39000,0,0,0,5000,44000,-39000,-39000
057564,台積電富邦9B購03,0,0,0,0,0,0,0,0,0,-39000,0,0,0,0,39000,-39000,-39000
048383,元金2X國票99購01,0,0,0,0,0,0,0,0,0,-39000,0,0,0,17000,56000,-39000,-39000
061106,群創元大9B購09  ,0,0,0,0,0,0,0,0,0,-39000,0,0,0,34000,73000,-39000,-39000
061213,群創元大9A購05  ,0,0,0,0,0,0,0,0,0,-39000,0,0,0,43000,82000,-39000,-39000
059275,可成元大99購05  ,0,0,0,0,0,0,0,0,0,-39000,0,0,0,1000,40000,-39000,-39000
059343,宏達電凱基99購04,0,0,0,0,0,0,0,0,0,-39000,0,0,0,131000,170000,-39000,-39000
059535,玉山金凱基99購01,0,0,0,0,0,0,0,0,0,-39000,0,0,0,0,39000,-39000,-39000
059516,TPK永豐99購01   ,0,0,0,0,0,0,0,0,0,-39000,0,0,0,33000,72000,-39000,-39000
062215,華通統一9B購01  ,0,0,0,0,0,0,0,0,0,-39000,0,0,0,251000,290000,-39000,-39000
063404,金像電國票9B購01,0,0,0,0,0,0,0,0,0,-39000,0,0,0,119000,158000,-39000,-39000
064151,義隆統一01購01  ,0,0,0,0,0,0,0,0,0,-39000,0,0,0,316000,355000,-39000,-39000
064546,燿華凱基02購01  ,0,0,0,0,0,0,0,0,0,-39000,0,0,0,0,39000,-39000,-39000
064366,群創統一01購01  ,0,0,0,0,0,0,0,0,0,-39000,0,0,0,0,39000,-39000,-39000
8070,長華*           ,2000,44000,-42000,0,0,0,0,0,0,3000,4000,1000,3000,0,0,0,-39000
5243,乙盛-KY         ,44000,84000,-40000,0,0,0,0,0,0,1000,3000,2000,1000,0,0,0,-39000
5434,崇越            ,253000,294000,-41000,0,0,0,3000,0,3000,-1000,11000,12000,-1000,0,0,0,-39000
07249P,T50正2富邦03售02,0,0,0,0,0,0,0,0,0,-40000,0,0,0,0,40000,-40000,-40000
07578P,高鐵元大9A售02  ,0,0,0,0,0,0,0,0,0,-40000,0,0,0,0,40000,-40000,-40000
07659P,中租凱基9A售02  ,0,0,0,0,0,0,0,0,0,-40000,0,0,0,0,40000,-40000,-40000
07080P,健策群益9A售01  ,0,0,0,0,0,0,0,0,0,-40000,0,0,0,0,40000,-40000,-40000
06952P,大立光統一9A售03,0,0,0,0,0,0,0,0,0,-40000,0,0,0,0,40000,-40000,-40000
07183P,臺股指凱基99售25,0,0,0,0,0,0,0,0,0,-40000,0,0,0,90000,130000,-40000,-40000
06631P,玉晶光群益9A售03,0,0,0,0,0,0,0,0,0,-40000,0,0,0,0,40000,-40000,-40000
065101,力成元大9C購05  ,0,0,0,0,0,0,0,0,0,-40000,0,0,0,50000,90000,-40000,-40000
06492P,上銀永豐98售01  ,0,0,0,0,0,0,0,0,0,-40000,0,0,0,0,40000,-40000,-40000
064953,嘉晶凱基9C購02  ,0,0,0,0,0,0,0,0,0,-40000,0,0,0,0,40000,-40000,-40000
06552P,茂林元大99售02  ,0,0,0,0,0,0,0,0,0,-40000,0,0,0,100000,140000,-40000,-40000
065149,遠東新群益9C購01,0,0,0,0,0,0,0,0,0,-40000,0,0,0,44000,84000,-40000,-40000
065269,貿聯元大9C購05  ,0,0,0,0,0,0,0,0,0,-40000,0,0,0,235000,275000,-40000,-40000
1733,五鼎            ,85000,125000,-40000,0,0,0,0,0,0,0,8000,8000,0,0,0,0,-40000
07901P,臺股指凱基9B售04,0,0,0,0,0,0,0,0,0,-40000,0,0,0,0,40000,-40000,-40000
07941P,國巨凱基9B售07  ,0,0,0,0,0,0,0,0,0,-40000,0,0,0,0,40000,-40000,-40000
08078P,聯發科國票9B售04,0,0,0,0,0,0,0,0,0,-40000,0,0,0,0,40000,-40000,-40000
08155P,聯發科元富9B售05,0,0,0,0,0,0,0,0,0,-40000,0,0,0,20000,60000,-40000,-40000
08202P,台表科國泰01售04,0,0,0,0,0,0,0,0,0,-40000,0,0,0,0,40000,-40000,-40000
08435P,台積電群益9C售11,0,0,0,0,0,0,0,0,0,-40000,0,0,0,0,40000,-40000,-40000
08401P,玉晶光元富9C售04,0,0,0,0,0,0,0,0,0,-40000,0,0,0,1000,41000,-40000,-40000
08360P,國巨國泰02售01  ,0,0,0,0,0,0,0,0,0,-40000,0,0,0,0,40000,-40000,-40000
052049,緯創凱基97購01  ,0,0,0,0,0,0,0,0,0,-40000,0,0,0,20000,60000,-40000,-40000
055207,致新中信99購01  ,0,0,0,0,0,0,0,0,0,-40000,0,0,0,20000,60000,-40000,-40000
055390,國巨統一98購03  ,0,0,0,0,0,0,0,0,0,-40000,0,0,0,28000,68000,-40000,-40000
053095,台光電統一98購01,0,0,0,0,0,0,0,0,0,-40000,0,0,0,6000,46000,-40000,-40000
052775,滬深2X國票99購02,0,0,0,0,0,0,0,0,0,-40000,0,0,0,10000,50000,-40000,-40000
057114,台虹群益98購01  ,0,0,0,0,0,0,0,0,0,-40000,0,0,0,0,40000,-40000,-40000
055093,京鼎群益98購01  ,0,0,0,0,0,0,0,0,0,-40000,0,0,0,70000,110000,-40000,-40000
054357,可成兆豐97購02  ,0,0,0,0,0,0,0,0,0,-40000,0,0,0,40000,80000,-40000,-40000
058387,國巨國票9A購03  ,0,0,0,0,0,0,0,0,0,-40000,0,0,0,125000,165000,-40000,-40000
056243,創意群益97購03  ,0,0,0,0,0,0,0,0,0,-40000,0,0,0,0,40000,-40000,-40000
056892,旺宏元大9A購02  ,0,0,0,0,0,0,0,0,0,-40000,0,0,0,0,40000,-40000,-40000
055839,瑞昱元大97購04  ,0,0,0,0,0,0,0,0,0,-40000,0,0,0,10000,50000,-40000,-40000
056852,矽格元富98購01  ,0,0,0,0,0,0,0,0,0,-40000,0,0,0,268000,308000,-40000,-40000
057283,欣興元大98購07  ,0,0,0,0,0,0,0,0,0,-40000,0,0,0,20000,60000,-40000,-40000
057021,台積電凱基9A購02,0,0,0,0,0,0,0,0,0,-40000,0,0,0,60000,100000,-40000,-40000
056637,台光電日盛9A購01,0,0,0,0,0,0,0,0,0,-40000,0,0,0,0,40000,-40000,-40000
058707,泰鼎元大99購02  ,0,0,0,0,0,0,0,0,0,-40000,0,0,0,2000,42000,-40000,-40000
059918,華新科元大99購20,0,0,0,0,0,0,0,0,0,-40000,0,0,0,63000,103000,-40000,-40000
058796,可成元大99購04  ,0,0,0,0,0,0,0,0,0,-40000,0,0,0,68000,108000,-40000,-40000
061950,日月光群益9B購01,0,0,0,0,0,0,0,0,0,-40000,0,0,0,58000,98000,-40000,-40000
061598,南電永豐9A購04  ,0,0,0,0,0,0,0,0,0,-40000,0,0,0,0,40000,-40000,-40000
058559,華新科日盛99購02,0,0,0,0,0,0,0,0,0,-40000,0,0,0,0,40000,-40000,-40000
060657,旺宏統一9B購05  ,0,0,0,0,0,0,0,0,0,-40000,0,0,0,50000,90000,-40000,-40000
060736,旺宏統一01購01  ,0,0,0,0,0,0,0,0,0,-40000,0,0,0,0,40000,-40000,-40000
060183,南亞科元富9A購01,0,0,0,0,0,0,0,0,0,-40000,0,0,0,74000,114000,-40000,-40000
060226,道瓊反元大9A購01,0,0,0,0,0,0,0,0,0,-40000,0,0,0,0,40000,-40000,-40000
059823,奇力新凱基99購07,0,0,0,0,0,0,0,0,0,-40000,0,0,0,0,40000,-40000,-40000
060645,台表科永豐9A購02,0,0,0,0,0,0,0,0,0,-40000,0,0,0,20000,60000,-40000,-40000
061173,T50反1凱基04購01,0,0,0,0,0,0,0,0,0,-40000,0,0,0,0,40000,-40000,-40000
058159,健策台新9A購01  ,0,0,0,0,0,0,0,0,0,-40000,0,0,0,0,40000,-40000,-40000
064427,喬山凱基01購01  ,0,0,0,0,0,0,0,0,0,-40000,0,0,0,50000,90000,-40000,-40000
063017,台光電元大9B購07,0,0,0,0,0,0,0,0,0,-40000,0,0,0,33000,73000,-40000,-40000
063101,華通群益9B購07  ,0,0,0,0,0,0,0,0,0,-40000,0,0,0,0,40000,-40000,-40000
062167,燿華永豐9B購01  ,0,0,0,0,0,0,0,0,0,-40000,0,0,0,0,40000,-40000,-40000
062566,嘉晶中信9C購01  ,0,0,0,0,0,0,0,0,0,-40000,0,0,0,0,40000,-40000,-40000
062834,立積群益9B購02  ,0,0,0,0,0,0,0,0,0,-40000,0,0,0,58000,98000,-40000,-40000
6168,宏齊            ,58000,98000,-40000,0,0,0,0,0,0,0,1000,1000,0,0,0,0,-40000
065366,英業達元大9C購02,0,0,0,0,0,0,0,0,0,-41000,0,0,0,0,41000,-41000,-41000
065093,新日興元大9C購03,35000,0,35000,0,0,0,0,0,0,-76000,0,0,0,103000,179000,-76000,-41000
064997,T50反1國票01購04,0,0,0,0,0,0,0,0,0,-41000,0,0,0,0,41000,-41000,-41000
06706P,智原台新98售02  ,0,0,0,0,0,0,0,0,0,-41000,0,0,0,10000,51000,-41000,-41000
07116P,台灣50麥證9A售02,0,0,0,0,41000,-41000,0,0,0,-41000,0,0,0,0,41000,-41000,-41000
056801,國巨台新98購01  ,0,0,0,0,0,0,0,0,0,-41000,0,0,0,0,41000,-41000,-41000
056789,和碩群益98購01  ,0,0,0,0,0,0,0,0,0,-41000,0,0,0,0,41000,-41000,-41000
059765,嘉聯益永豐99購02,0,0,0,0,0,0,0,0,0,-41000,0,0,0,28000,69000,-41000,-41000
061708,同欣電國票9A購02,0,20000,-20000,0,0,0,0,0,0,-21000,0,0,0,20000,41000,-21000,-41000
061549,泰碩群益9A購01  ,0,0,0,0,0,0,0,0,0,-41000,0,0,0,22000,63000,-41000,-41000
061989,晶技元大9B購04  ,0,0,0,0,0,0,0,0,0,-41000,0,0,0,15000,56000,-41000,-41000
062703,可成元大9C購02  ,0,0,0,0,0,0,0,0,0,-41000,0,0,0,47000,88000,-41000,-41000
063120,台光電元大9C購01,0,0,0,0,0,0,0,0,0,-41000,0,0,0,20000,61000,-41000,-41000
063189,臻鼎凱基9B購01  ,0,0,0,0,0,0,0,0,0,-41000,0,0,0,0,41000,-41000,-41000
062982,同欣電元富9B購01,0,0,0,0,0,0,0,0,0,-41000,0,0,0,105000,146000,-41000,-41000
063492,台積電富邦02購02,0,0,0,0,0,0,0,0,0,-41000,0,0,0,15000,56000,-41000,-41000
3708,上緯投控        ,87000,124000,-37000,0,0,0,0,0,0,-4000,0,0,0,0,4000,-4000,-41000
07462P,臺股指元大9B售05,0,0,0,0,0,0,0,0,0,-42000,0,0,0,10000,52000,-42000,-42000
08306P,台積電凱基01售04,0,0,0,0,0,0,0,0,0,-42000,0,0,0,0,42000,-42000,-42000
08287P,茂林凱基9C售02  ,0,0,0,0,0,0,0,0,0,-42000,0,0,0,2000,44000,-42000,-42000
07925P,台積電凱基9B售05,0,0,0,0,0,0,0,0,0,-42000,0,0,0,0,42000,-42000,-42000
1604,聲寶            ,110000,148000,-38000,0,0,0,0,0,0,-4000,5000,9000,-4000,0,0,0,-42000
2851,中再保          ,46000,88000,-42000,0,0,0,0,0,0,0,0,0,0,0,0,0,-42000
05629P,聯發科永昌99售02,0,0,0,0,0,0,0,0,0,-42000,0,0,0,0,42000,-42000,-42000
061802,勤誠永豐9B購01  ,0,0,0,0,0,0,0,0,0,-42000,0,0,0,60000,102000,-42000,-42000
061609,華新科統一9C購01,0,0,0,0,0,0,0,0,0,-42000,0,0,0,0,42000,-42000,-42000
061381,台灣50群益9B購07,0,0,0,0,0,0,0,0,0,-42000,0,0,0,0,42000,-42000,-42000
057981,臻鼎永豐98購01  ,0,0,0,0,0,0,0,0,0,-42000,0,0,0,13000,55000,-42000,-42000
059742,富邦金元富99購01,0,0,0,0,0,0,0,0,0,-42000,0,0,0,40000,82000,-42000,-42000
060697,鴻海國泰9C購01  ,0,0,0,0,0,0,0,0,0,-42000,0,0,0,1000,43000,-42000,-42000
058212,華新科群益9A購01,0,0,0,0,0,0,0,0,0,-42000,0,0,0,59000,101000,-42000,-42000
061342,華新科元大9A購17,0,0,0,0,0,0,0,0,0,-42000,0,0,0,10000,52000,-42000,-42000
062917,旭富元大9C購03  ,0,0,0,0,0,0,0,0,0,-42000,0,0,0,59000,101000,-42000,-42000
063196,力成元富9B購01  ,0,0,0,0,0,0,0,0,0,-42000,0,0,0,126000,168000,-42000,-42000
064375,智邦元富03購01  ,0,0,0,0,0,0,0,0,0,-42000,0,0,0,47000,89000,-42000,-42000
064498,可成元大01購03  ,0,0,0,0,0,0,0,0,0,-42000,0,0,0,2000,44000,-42000,-42000
064510,GIS元大01購01   ,0,0,0,0,0,0,0,0,0,-42000,0,0,0,0,42000,-42000,-42000
2059,川湖            ,76000,115000,-39000,0,0,0,0,0,0,-4000,0,4000,-4000,0,0,0,-43000
064835,嘉晶統一02購01  ,0,0,0,0,0,0,0,0,0,-43000,0,0,0,8000,51000,-43000,-43000
059211,鴻海元大99購27  ,0,0,0,0,0,0,0,0,0,-43000,0,0,0,3000,46000,-43000,-43000
060247,牧德元大9A購02  ,0,0,0,0,0,0,0,0,0,-43000,0,0,0,20000,63000,-43000,-43000
057810,技嘉元大98購06  ,0,0,0,0,0,0,0,0,0,-43000,0,0,0,183000,226000,-43000,-43000
057444,台泥元富98購01  ,0,0,0,0,0,0,0,0,0,-43000,0,0,0,105000,148000,-43000,-43000
057277,可成元大98購05  ,0,0,0,0,0,0,0,0,0,-43000,0,0,0,10000,53000,-43000,-43000
057389,玉晶光永豐98購06,0,0,0,0,0,0,0,0,0,-43000,0,0,0,127000,170000,-43000,-43000
054735,漢唐凱基98購01  ,0,0,0,0,0,0,0,0,0,-43000,0,0,0,30000,73000,-43000,-43000
057494,玉晶光元大99購09,0,0,0,0,0,0,0,0,0,-43000,0,0,0,18000,61000,-43000,-43000
058022,樺漢凱基99購02  ,0,0,0,0,0,0,0,0,0,-43000,0,0,0,0,43000,-43000,-43000
058683,可成凱基9A購01  ,0,0,0,0,0,0,0,0,0,-43000,0,0,0,2000,45000,-43000,-43000
059037,宏達電群益99購02,0,0,0,0,0,0,0,0,0,-43000,0,0,0,29000,72000,-43000,-43000
064639,聚陽凱基02購01  ,0,0,0,0,0,0,0,0,0,-43000,0,0,0,64000,107000,-43000,-43000
064587,泰碩永豐9C購01  ,0,0,0,0,0,0,0,0,0,-43000,0,0,0,0,43000,-43000,-43000
06437P,玉晶光國票99售01,0,0,0,0,0,0,0,0,0,-43000,0,0,0,0,43000,-43000,-43000
064409,彩晶凱基04購01  ,0,0,0,0,0,0,0,0,0,-43000,0,0,0,2000,45000,-43000,-43000
063048,聯詠兆豐9B購01  ,0,0,0,0,0,0,0,0,0,-43000,0,0,0,90000,133000,-43000,-43000
063209,巨大統一01購01  ,0,0,0,0,0,0,0,0,0,-43000,0,0,0,96000,139000,-43000,-43000
062777,鴻海元大9C購03  ,0,0,0,0,0,0,0,0,0,-43000,0,0,0,0,43000,-43000,-43000
062226,臻鼎統一9B購01  ,0,0,0,0,0,0,0,0,0,-43000,0,0,0,5000,48000,-43000,-43000
062291,力成富邦9B購01  ,0,0,0,0,0,0,0,0,0,-43000,0,0,0,17000,60000,-43000,-43000
062352,南六群益9B購02  ,0,0,0,0,0,0,0,0,0,-43000,0,0,0,55000,98000,-43000,-43000
4919,新唐            ,183000,161000,22000,0,0,0,0,0,0,-65000,8000,8000,0,0,65000,-65000,-43000
8103,瀚荃            ,34000,77000,-43000,0,0,0,0,0,0,0,0,0,0,0,0,0,-43000
064891,台達電群益9C購01,0,0,0,0,0,0,0,0,0,-44000,0,0,0,70000,114000,-44000,-44000
065402,漢唐國泰02購01  ,0,0,0,0,0,0,0,0,0,-44000,0,0,0,0,44000,-44000,-44000
07334P,臺股指國票99售19,0,0,0,0,0,0,0,0,0,-44000,0,0,0,32000,76000,-44000,-44000
06744P,嘉聯益永豐98售03,0,0,0,0,0,0,0,0,0,-44000,0,0,0,138000,182000,-44000,-44000
08003P,國巨國泰9B售07  ,0,0,0,0,0,0,0,0,0,-44000,0,0,0,0,44000,-44000,-44000
057595,健鼎兆豐98購01  ,0,0,0,0,0,0,0,0,0,-44000,0,0,0,40000,84000,-44000,-44000
057538,緯穎元大98購07  ,0,0,0,0,0,0,0,0,0,-44000,0,0,0,24000,68000,-44000,-44000
057629,泰碩永豐98購02  ,0,0,0,0,0,0,0,0,0,-44000,0,0,0,0,44000,-44000,-44000
054316,矽創凱基97購01  ,0,0,0,0,0,0,0,0,0,-44000,0,0,0,0,44000,-44000,-44000
053088,奇鋐元大98購01  ,0,0,0,0,0,0,0,0,0,-44000,0,0,0,75000,119000,-44000,-44000
056286,奇鋐永豐97購01  ,0,0,0,0,0,0,0,0,0,-44000,0,0,0,10000,54000,-44000,-44000
056890,國巨元大98購11  ,0,0,0,0,0,0,0,0,0,-44000,0,0,0,4000,48000,-44000,-44000
056963,建準永豐98購01  ,0,0,0,0,0,0,0,0,0,-44000,0,0,0,14000,58000,-44000,-44000
059021,台積電統一9B購07,0,0,0,0,0,0,0,0,0,-44000,0,0,0,0,44000,-44000,-44000
058898,台積電元大99購20,0,0,0,0,0,0,0,0,0,-44000,0,0,0,50000,94000,-44000,-44000
059662,旭富元大9C購01  ,0,0,0,0,0,0,0,0,0,-44000,0,0,0,14000,58000,-44000,-44000
061704,景碩國票9A購01  ,0,0,0,0,0,0,0,0,0,-44000,0,0,0,33000,77000,-44000,-44000
061947,旺宏群益9B購02  ,0,0,0,0,0,0,0,0,0,-44000,0,0,0,0,44000,-44000,-44000
060911,大毅元大9A購01  ,0,0,0,0,0,0,0,0,0,-44000,0,0,0,182000,226000,-44000,-44000
058175,旺宏凱基99購03  ,0,0,0,0,0,0,0,0,0,-44000,0,0,0,0,44000,-44000,-44000
058043,鴻海元大98購13  ,0,0,0,0,0,0,0,0,0,-44000,0,0,0,1000,45000,-44000,-44000
060709,緯穎富邦9B購01  ,0,0,0,0,0,0,0,0,0,-44000,0,0,0,130000,174000,-44000,-44000
060798,旭富永豐9A購01  ,0,0,0,0,0,0,0,0,0,-44000,0,0,0,0,44000,-44000,-44000
058433,台積電統一9B購04,0,0,0,0,0,0,0,0,0,-44000,0,0,0,20000,64000,-44000,-44000
063289,台表科元大9B購07,0,0,0,0,0,0,0,0,0,-44000,0,0,0,45000,89000,-44000,-44000
063100,聚陽群益9C購02  ,0,0,0,0,0,0,0,0,0,-44000,0,0,0,97000,141000,-44000,-44000
064286,TPK元大9C購02   ,0,0,0,0,0,0,0,0,0,-44000,0,0,0,19000,63000,-44000,-44000
064225,健策國票01購02  ,0,0,0,0,0,0,0,0,0,-44000,0,0,0,0,44000,-44000,-44000
064494,南亞科元大9C購02,0,0,0,0,0,0,0,0,0,-44000,0,0,0,0,44000,-44000,-44000
063849,奇鋐元大9C購01  ,0,0,0,0,0,0,0,0,0,-44000,0,0,0,90000,134000,-44000,-44000
063562,國巨元大9C購06  ,0,0,0,0,0,0,0,0,0,-44000,0,0,0,92000,136000,-44000,-44000
063723,儒鴻元大9B購04  ,0,0,0,0,0,0,0,0,0,-44000,0,0,0,34000,78000,-44000,-44000
6552,易華電          ,136000,170000,-34000,0,0,0,0,0,0,-10000,0,0,0,1000,11000,-10000,-44000
9943,好樂迪          ,48000,92000,-44000,0,0,0,0,0,0,0,2000,2000,0,0,0,0,-44000
08111P,臺股指中信01售06,0,0,0,0,0,0,0,0,0,-45000,0,0,0,105000,150000,-45000,-45000
08309P,GIS凱基9C售01   ,0,0,0,0,0,0,0,0,0,-45000,0,0,0,43000,88000,-45000,-45000
08387P,臺股指群益9C售15,0,0,0,0,0,0,0,0,0,-45000,0,0,0,241000,286000,-45000,-45000
08486P,富邦金群益9C售02,0,0,0,0,0,0,0,0,0,-45000,0,0,0,65000,110000,-45000,-45000
2305,全友            ,19000,64000,-45000,0,0,0,0,0,0,0,0,0,0,0,0,0,-45000
2431,聯昌            ,8000,53000,-45000,0,0,0,0,0,0,0,0,0,0,0,0,0,-45000
3048,益登            ,64000,112000,-48000,0,0,0,0,0,0,3000,7000,4000,3000,0,0,0,-45000
06862P,大立光凱基98售16,0,0,0,0,0,0,0,0,0,-45000,0,0,0,0,45000,-45000,-45000
06615P,鴻海元大9C售02  ,0,0,0,0,0,0,0,0,0,-45000,0,0,0,57000,102000,-45000,-45000
065261,技嘉元大9C購03  ,0,0,0,0,0,0,0,0,0,-45000,0,0,0,225000,270000,-45000,-45000
064989,鈺齊元大01購01  ,0,0,0,0,0,0,0,0,0,-45000,0,0,0,0,45000,-45000,-45000
055911,可成凱基98購02  ,0,0,0,0,0,0,0,0,0,-45000,0,0,0,50000,95000,-45000,-45000
056401,國巨群益98購07  ,0,0,0,0,0,0,0,0,0,-45000,0,0,0,80000,125000,-45000,-45000
057767,緯穎凱基98購06  ,0,0,0,0,0,0,0,0,0,-45000,0,0,0,15000,60000,-45000,-45000
039212,台達電台新9A購01,0,0,0,0,0,0,0,0,0,-45000,0,0,0,45000,90000,-45000,-45000
04293P,滬深2X元大96售02,0,0,0,0,0,0,0,0,0,-45000,0,0,0,0,45000,-45000,-45000
055707,聯鈞永豐98購01  ,0,0,0,0,0,0,0,0,0,-45000,0,0,0,4000,49000,-45000,-45000
060333,金寶康和9A購01  ,0,0,0,0,0,0,0,0,0,-45000,0,0,0,18000,63000,-45000,-45000
061281,台積電統一9C購05,0,0,0,0,0,0,0,0,0,-45000,0,0,0,10000,55000,-45000,-45000
062040,玉晶光凱基01購01,0,0,0,0,0,0,0,0,0,-45000,0,0,0,10000,55000,-45000,-45000
062042,台勝科凱基9C購01,0,0,0,0,0,0,0,0,0,-45000,0,0,0,10000,55000,-45000,-45000
061788,信邦群益9B購01  ,0,0,0,0,0,0,0,0,0,-45000,0,0,0,55000,100000,-45000,-45000
059183,T50反1台新03購02,0,0,0,0,0,0,0,0,0,-45000,0,0,0,0,45000,-45000,-45000
064127,聯發科元大9C購06,0,0,0,0,0,0,0,0,0,-45000,0,0,0,6000,51000,-45000,-45000
063431,神隆元富9B購01  ,0,0,0,0,0,0,0,0,0,-45000,0,0,0,319000,364000,-45000,-45000
062186,晶技元大9B購05  ,0,0,0,0,0,0,0,0,0,-45000,0,0,0,38000,83000,-45000,-45000
062579,華通統一01購02  ,0,0,0,0,0,0,0,0,0,-45000,0,0,0,5000,50000,-45000,-45000
062601,富邦金台新9B購01,0,0,0,0,0,0,0,0,0,-45000,0,0,0,62000,107000,-45000,-45000
062603,台化凱基9B購01  ,0,0,0,0,0,0,0,0,0,-45000,0,0,0,26000,71000,-45000,-45000
062638,茂林國票9C購01  ,0,0,0,0,0,0,0,0,0,-45000,0,0,0,5000,50000,-45000,-45000
6206,飛捷            ,20000,65000,-45000,0,0,0,0,0,0,0,2000,2000,0,0,0,0,-45000
065258,華邦電元大01購01,0,0,0,0,0,0,0,0,0,-46000,0,0,0,10000,56000,-46000,-46000
065206,旺宏國票01購02  ,0,0,0,0,0,0,0,0,0,-46000,0,0,0,4000,50000,-46000,-46000
07008P,台郡中信99售02  ,0,0,0,0,0,0,0,0,0,-46000,0,0,0,70000,116000,-46000,-46000
07610P,大立光國票9A售04,0,0,0,0,0,0,0,0,0,-46000,0,0,0,0,46000,-46000,-46000
07839P,嘉澤元大9A售04  ,0,0,0,0,0,0,0,0,0,-46000,0,0,0,100000,146000,-46000,-46000
1905,華紙            ,526000,573000,-47000,0,0,0,0,0,0,1000,5000,4000,1000,0,0,0,-46000
08563P,金像電元富9C售03,0,0,0,0,0,0,0,0,0,-46000,0,0,0,42000,88000,-46000,-46000
054072,台積電富邦98購02,0,0,0,0,0,0,0,0,0,-46000,0,0,0,148000,194000,-46000,-46000
056144,GIS元大98購01   ,0,0,0,0,0,0,0,0,0,-46000,0,0,0,3000,49000,-46000,-46000
057019,台積電凱基98購14,0,0,0,0,0,0,0,0,0,-46000,0,0,0,0,46000,-46000,-46000
060293,緯創元大9A購01  ,0,0,0,0,0,0,0,0,0,-46000,0,0,0,14000,60000,-46000,-46000
058833,台表科永豐99購01,0,0,0,0,0,0,0,0,0,-46000,0,0,0,0,46000,-46000,-46000
062462,GIS群益9B購01   ,0,0,0,0,0,0,0,0,0,-46000,0,0,0,4000,50000,-46000,-46000
062973,聯發科元富05購01,0,0,0,0,0,0,0,0,0,-46000,0,0,0,0,46000,-46000,-46000
1316,上曜            ,47000,92000,-45000,0,0,0,0,0,0,-2000,0,2000,-2000,0,0,0,-47000
065222,玉晶光永豐9C購07,0,0,0,0,0,0,0,0,0,-47000,0,0,0,3000,50000,-47000,-47000
065324,聯發科凱基9C購10,0,0,0,0,0,0,0,0,0,-47000,0,0,0,1000,48000,-47000,-47000
060058,牧德凱基9B購01  ,0,0,0,0,0,0,0,0,0,-47000,0,0,0,50000,97000,-47000,-47000
057029,緯穎凱基98購04  ,0,0,0,0,0,0,0,0,0,-47000,0,0,0,5000,52000,-47000,-47000
057040,國巨元大98購12  ,0,0,0,0,0,0,0,0,0,-47000,0,0,0,18000,65000,-47000,-47000
056576,晶技元大99購02  ,0,0,0,0,0,0,0,0,0,-47000,0,0,0,2000,49000,-47000,-47000
057147,新日興國票99購01,0,0,0,0,0,0,0,0,0,-47000,0,0,0,40000,87000,-47000,-47000
05537P,群創中信98售01  ,0,0,0,0,0,0,0,0,0,-47000,0,0,0,0,47000,-47000,-47000
061373,華通富邦9A購02  ,0,0,0,0,0,0,0,0,0,-47000,0,0,0,48000,95000,-47000,-47000
061157,聯鈞群益9A購02  ,0,0,0,0,0,0,0,0,0,-47000,0,0,0,115000,162000,-47000,-47000
060907,金像電元大9A購02,0,0,0,0,0,0,0,0,0,-47000,0,0,0,50000,97000,-47000,-47000
060984,南亞科元大9A購07,0,0,0,0,0,0,0,0,0,-47000,0,0,0,0,47000,-47000,-47000
063168,台表科永豐9B購01,0,0,0,0,0,0,0,0,0,-47000,0,0,0,274000,321000,-47000,-47000
063423,聯詠凱基9C購02  ,0,0,0,0,0,0,0,0,0,-47000,0,0,0,0,47000,-47000,-47000
063360,茂林國泰9C購02  ,0,0,0,0,0,0,0,0,0,-47000,0,0,0,26000,73000,-47000,-47000
063478,GIS元大9B購03   ,0,0,0,0,0,0,0,0,0,-47000,0,0,0,0,47000,-47000,-47000
063292,致新元大9B購02  ,0,0,0,0,0,0,0,0,0,-47000,0,0,0,94000,141000,-47000,-47000
062662,友達群益9B購02  ,0,0,0,0,0,0,0,0,0,-47000,0,0,0,53000,100000,-47000,-47000
064141,國巨統一01購08  ,0,0,0,0,0,0,0,0,0,-47000,0,0,0,22000,69000,-47000,-47000
063734,可成元大9B購04  ,0,0,0,0,0,0,0,0,0,-47000,0,0,0,19000,66000,-47000,-47000
08552P,華新科群益9C售04,0,0,0,0,0,0,0,0,0,-48000,0,0,0,4000,52000,-48000,-48000
08056P,華通群益9B售06  ,0,0,0,0,0,0,0,0,0,-48000,0,0,0,12000,60000,-48000,-48000
08062P,華擎國票9B售03  ,0,0,0,0,0,0,0,0,0,-48000,0,0,0,20000,68000,-48000,-48000
1582,信錦            ,35000,86000,-51000,0,0,0,0,0,0,3000,3000,0,3000,0,0,0,-48000
2430,燦坤            ,18000,66000,-48000,0,0,0,0,0,0,0,0,0,0,0,0,0,-48000
3454,晶睿            ,19000,68000,-49000,0,0,0,0,0,0,1000,2000,1000,1000,0,0,0,-48000
00672L,元大S&P原油正2  ,0,8000,-8000,0,0,0,0,0,0,-40000,0,0,0,100000,140000,-40000,-48000
057604,鴻海統一9C購01  ,0,0,0,0,0,0,0,0,0,-48000,0,0,0,0,48000,-48000,-48000
056230,可成凱基98購03  ,0,0,0,0,0,0,0,0,0,-48000,0,0,0,0,48000,-48000,-48000
055933,欣興群益98購02  ,0,0,0,0,0,0,0,0,0,-48000,0,0,0,21000,69000,-48000,-48000
060626,貿聯元大9A購04  ,0,0,0,0,0,0,0,0,0,-48000,0,0,0,2000,50000,-48000,-48000
057959,欣興元大98購14  ,0,0,0,0,0,0,0,0,0,-48000,0,0,0,70000,118000,-48000,-48000
061478,奇鋐元大9A購01  ,0,0,0,0,0,0,0,0,0,-48000,0,0,0,114000,162000,-48000,-48000
061878,茂林元大9B購01  ,0,0,0,0,0,0,0,0,0,-48000,0,0,0,20000,68000,-48000,-48000
063701,燿華群益9B購02  ,0,0,0,0,0,0,0,0,0,-48000,0,0,0,10000,58000,-48000,-48000
063712,高鐵凱基9C購01  ,0,0,0,0,0,0,0,0,0,-48000,0,0,0,50000,98000,-48000,-48000
063783,儒鴻中信9C購01  ,0,0,0,0,0,0,0,0,0,-48000,0,0,0,8000,56000,-48000,-48000
063860,旺宏國泰02購01  ,0,0,0,0,0,0,0,0,0,-48000,0,0,0,2000,50000,-48000,-48000
063871,瀚宇博永豐9C購01,0,0,0,0,0,0,0,0,0,-48000,0,0,0,50000,98000,-48000,-48000
064584,英業達永豐9C購01,0,0,0,0,0,0,0,0,0,-48000,0,0,0,20000,68000,-48000,-48000
062697,國巨元大9C購01  ,0,0,0,0,0,0,0,0,0,-48000,0,0,0,55000,103000,-48000,-48000
3059,華晶科          ,128000,176000,-48000,0,0,0,0,0,0,-1000,0,1000,-1000,0,0,0,-49000
08256P,台積電元大9C售02,0,0,0,0,0,0,0,0,0,-49000,0,0,0,0,49000,-49000,-49000
08529P,臻鼎元大9C售03  ,0,0,0,0,0,0,0,0,0,-49000,0,0,0,78000,127000,-49000,-49000
065290,奇鋐群益9C購01  ,0,0,0,0,0,0,0,0,0,-49000,0,0,0,0,49000,-49000,-49000
065385,億豐元大03購01  ,0,0,0,0,0,0,0,0,0,-49000,0,0,0,24000,73000,-49000,-49000
056142,超眾元大97購06  ,0,0,0,0,0,0,0,0,0,-49000,0,0,0,0,49000,-49000,-49000
057059,易華電元大99購01,0,0,0,0,0,0,0,0,0,-49000,0,0,0,10000,59000,-49000,-49000
05754P,臺股指中信99售03,0,0,0,0,0,0,0,0,0,-49000,0,0,0,0,49000,-49000,-49000
059533,富邦金凱基99購01,0,0,0,0,0,0,0,0,0,-49000,0,0,0,9000,58000,-49000,-49000
060202,康友元富9A購01  ,0,0,0,0,0,0,0,0,0,-49000,0,0,0,22000,71000,-49000,-49000
060754,華通元大9A購04  ,0,0,0,0,0,0,0,0,0,-49000,0,0,0,2000,51000,-49000,-49000
058339,康友元富99購02  ,0,0,0,0,0,0,0,0,0,-49000,0,0,0,1000,50000,-49000,-49000
063245,富邦金元大9B購03,0,0,0,0,0,0,0,0,0,-49000,0,0,0,103000,152000,-49000,-49000
064349,泰鼎元大9C購02  ,0,0,0,0,0,0,0,0,0,-49000,0,0,0,0,49000,-49000,-49000
063945,京元電元大9C購01,0,0,0,0,0,0,0,0,0,-49000,0,0,0,66000,115000,-49000,-49000
063582,瑞祺國泰9C購01  ,0,0,0,0,0,0,0,0,0,-49000,0,0,0,151000,200000,-49000,-49000
2474,可成            ,1599000,1610181,-11181,0,0,0,0,13000,-13000,-25000,61000,74000,-13000,6000,18000,-12000,-49181
2231,為升            ,53000,89000,-36000,0,0,0,0,0,0,-14000,0,15000,-15000,2000,1000,1000,-50000
1452,宏益            ,10000,65000,-55000,0,0,0,0,0,0,5000,5000,0,5000,0,0,0,-50000
1709,和益            ,62000,113000,-51000,0,0,0,0,0,0,1000,2000,1000,1000,0,0,0,-50000
08527P,大立光元大01售06,0,0,0,0,0,0,0,0,0,-50000,0,0,0,0,50000,-50000,-50000
08524P,奇力新元大9C售01,0,0,0,0,0,0,0,0,0,-50000,0,0,0,0,50000,-50000,-50000
08404P,技嘉元大9C售02  ,0,0,0,0,0,0,0,0,0,-50000,0,0,0,0,50000,-50000,-50000
08422P,玉晶光群益02售03,0,0,0,0,0,0,0,0,0,-50000,0,0,0,0,50000,-50000,-50000
08305P,茂林群益9C售01  ,0,0,0,0,0,0,0,0,0,-50000,0,0,0,15000,65000,-50000,-50000
08249P,聯發科群益9C售06,0,0,0,0,0,0,0,0,0,-50000,0,0,0,0,50000,-50000,-50000
08262P,茂林元大9C售01  ,0,0,0,0,0,0,0,0,0,-50000,0,0,0,0,50000,-50000,-50000
08196P,上銀元大9B售07  ,0,0,0,0,0,0,0,0,0,-50000,0,0,0,0,50000,-50000,-50000
08038P,臺股指群益9B售11,0,0,0,0,0,0,0,0,0,-50000,0,0,0,0,50000,-50000,-50000
07999P,台達電凱基9B售02,0,0,0,0,0,0,0,0,0,-50000,0,0,0,20000,70000,-50000,-50000
07983P,茂林群益9B售03  ,0,0,0,0,0,0,0,0,0,-50000,0,0,0,0,50000,-50000,-50000
07978P,茂林群益9B售02  ,0,0,0,0,0,0,0,0,0,-50000,0,0,0,0,50000,-50000,-50000
07963P,智邦統一9B售01  ,0,0,0,0,0,0,0,0,0,-50000,0,0,0,10000,60000,-50000,-50000
065240,矽創凱基01購01  ,0,0,0,0,0,0,0,0,0,-50000,0,0,0,10000,60000,-50000,-50000
065142,華邦電凱基01購01,0,0,0,0,0,0,0,0,0,-50000,0,0,0,11000,61000,-50000,-50000
07852P,臺股指國票9A售13,0,0,0,0,0,0,0,0,0,-50000,0,0,0,0,50000,-50000,-50000
07657P,技嘉凱基9A售03  ,0,0,0,0,0,0,0,0,0,-50000,0,0,0,0,50000,-50000,-50000
07682P,聯發科凱基9A售15,0,0,0,0,0,0,0,0,0,-50000,0,0,0,0,50000,-50000,-50000
07370P,南亞科凱基99售08,0,0,0,0,0,0,0,0,0,-50000,0,0,0,50000,100000,-50000,-50000
07410P,鴻海元大99售44  ,0,0,0,0,0,0,0,0,0,-50000,0,0,0,0,50000,-50000,-50000
07024P,臺股指永豐99售02,0,0,0,0,0,0,0,0,0,-50000,0,0,0,0,50000,-50000,-50000
07040P,台灣50元大9C售02,0,0,0,0,0,0,0,0,0,-50000,0,0,0,0,50000,-50000,-50000
07129P,華新科元大99售14,0,0,0,0,0,0,0,0,0,-50000,0,0,0,0,50000,-50000,-50000
07176P,臺股指凱基99售18,0,0,0,0,0,0,0,0,0,-50000,0,0,0,0,50000,-50000,-50000
06857P,超眾永豐98售02  ,0,0,0,0,0,0,0,0,0,-50000,0,0,0,0,50000,-50000,-50000
057111,立積群益98購02  ,0,0,0,0,0,0,0,0,0,-50000,0,0,0,10000,60000,-50000,-50000
056533,友達凱基9A購02  ,0,0,0,0,0,0,0,0,0,-50000,0,0,0,0,50000,-50000,-50000
054466,欣興凱基97購03  ,0,0,0,0,0,0,0,0,0,-50000,0,0,0,50000,100000,-50000,-50000
054747,麗豐凱基98購01  ,0,0,0,0,0,0,0,0,0,-50000,0,0,0,0,50000,-50000,-50000
055026,健和興國泰98購01,0,0,0,0,0,0,0,0,0,-50000,0,0,0,0,50000,-50000,-50000
046191,新光金凱基98購01,0,0,0,0,0,0,0,0,0,-50000,0,0,0,23000,73000,-50000,-50000
046905,新光金凱基99購01,0,0,0,0,0,0,0,0,0,-50000,0,0,0,220000,270000,-50000,-50000
046906,新光金凱基99購02,0,0,0,0,0,0,0,0,0,-50000,0,0,0,0,50000,-50000,-50000
052697,滬深2X國票98購01,0,0,0,0,0,0,0,0,0,-50000,0,0,0,0,50000,-50000,-50000
057422,欣興凱基98購04  ,0,0,0,0,0,0,0,0,0,-50000,0,0,0,50000,100000,-50000,-50000
057423,台郡凱基98購06  ,0,0,0,0,0,0,0,0,0,-50000,0,0,0,0,50000,-50000,-50000
056558,台達電群益98購01,0,0,0,0,0,0,0,0,0,-50000,0,0,0,0,50000,-50000,-50000
057266,TPK兆豐98購02   ,0,0,0,0,0,0,0,0,0,-50000,0,0,0,20000,70000,-50000,-50000
057234,宏達電凱基98購05,0,0,0,0,0,0,0,0,0,-50000,0,0,0,0,50000,-50000,-50000
057228,友達凱基9B購01  ,0,0,0,0,0,0,0,0,0,-50000,0,0,0,0,50000,-50000,-50000
056153,華新科凱基97購02,0,0,0,0,0,0,0,0,0,-50000,0,0,0,0,50000,-50000,-50000
057765,康舒凱基98購01  ,0,0,0,0,0,0,0,0,0,-50000,0,0,0,50000,100000,-50000,-50000
056816,華通永豐98購02  ,0,0,0,0,0,0,0,0,0,-50000,0,0,0,0,50000,-50000,-50000
055775,友達凱基9A購01  ,0,0,0,0,0,0,0,0,0,-50000,0,0,0,0,50000,-50000,-50000
055810,T50反1國票99購01,0,0,0,0,0,0,0,0,0,-50000,0,0,0,300000,350000,-50000,-50000
056215,華新科國票97購03,0,0,0,0,0,0,0,0,0,-50000,0,0,0,0,50000,-50000,-50000
056403,茂林群益98購01  ,0,0,0,0,0,0,0,0,0,-50000,0,0,0,0,50000,-50000,-50000
060029,嘉晶永豐99購03  ,0,0,0,0,0,0,0,0,0,-50000,0,0,0,1000,51000,-50000,-50000
060105,牧德元大9B購01  ,0,0,0,0,0,0,0,0,0,-50000,0,0,0,80000,130000,-50000,-50000
057938,台表科群益98購02,0,0,0,0,0,0,0,0,0,-50000,0,0,0,0,50000,-50000,-50000
058179,國巨國泰9B購02  ,0,0,0,0,0,0,0,0,0,-50000,0,0,0,40000,90000,-50000,-50000
061296,台積電國泰9C購01,0,0,0,0,0,0,0,0,0,-50000,0,0,0,4000,54000,-50000,-50000
060742,臺指反國票9B購02,0,0,0,0,0,0,0,0,0,-50000,0,0,0,0,50000,-50000,-50000
060659,鴻海凱基9B購03  ,0,0,0,0,0,0,0,0,0,-50000,0,0,0,0,50000,-50000,-50000
060304,大立光富邦9C購05,0,0,0,0,0,0,0,0,0,-50000,0,0,0,0,50000,-50000,-50000
059440,康控元大9B購01  ,0,0,0,0,0,0,0,0,0,-50000,0,0,0,6000,56000,-50000,-50000
058442,玉晶光台新99購01,0,0,0,0,0,0,0,0,0,-50000,0,0,0,0,50000,-50000,-50000
059248,華新科凱基99購04,0,0,0,0,0,0,0,0,0,-50000,0,0,0,1000,51000,-50000,-50000
059294,宏達電元富9B購02,0,0,0,0,0,0,0,0,0,-50000,0,0,0,75000,125000,-50000,-50000
059280,台灣50永豐99購06,0,0,0,0,0,0,0,0,0,-50000,0,0,0,0,50000,-50000,-50000
059531,華新科凱基9B購02,0,0,0,0,0,0,0,0,0,-50000,0,0,0,53000,103000,-50000,-50000
057949,南電國票99購01  ,0,0,0,0,0,0,0,0,0,-50000,0,0,0,4000,54000,-50000,-50000
058665,台灣50群益9B購02,0,0,0,0,0,0,0,0,0,-50000,0,0,0,0,50000,-50000,-50000
058017,漢唐凱基99購01  ,0,0,0,0,0,0,0,0,0,-50000,0,0,0,0,50000,-50000,-50000
059901,滬深2X元大9C購07,0,0,0,0,0,0,0,0,0,-50000,0,0,0,0,50000,-50000,-50000
059908,元金2X元大99購01,0,0,0,0,0,0,0,0,0,-50000,0,0,0,0,50000,-50000,-50000
059872,華新科凱基01購01,0,0,0,0,0,0,0,0,0,-50000,0,0,0,60000,110000,-50000,-50000
059855,緯穎永豐99購04  ,0,0,0,0,0,0,0,0,0,-50000,0,0,0,0,50000,-50000,-50000
058808,大成鋼統一9B購01,0,0,0,0,0,0,0,0,0,-50000,0,0,0,15000,65000,-50000,-50000
059170,康控凱基9B購01  ,0,0,0,0,0,0,0,0,0,-50000,0,0,0,2000,52000,-50000,-50000
061837,華新科凱基05購02,0,0,0,0,0,0,0,0,0,-50000,0,0,0,0,50000,-50000,-50000
062076,美律元大9B購02  ,0,0,0,0,0,0,0,0,0,-50000,0,0,0,0,50000,-50000,-50000
061737,南亞科凱基9B購01,0,0,0,0,0,0,0,0,0,-50000,0,0,0,0,50000,-50000,-50000
063550,可成國票9C購01  ,0,0,0,0,0,0,0,0,0,-50000,0,0,0,35000,85000,-50000,-50000
063763,上銀元富9B購07  ,0,0,0,0,0,0,0,0,0,-50000,0,0,0,0,50000,-50000,-50000
064087,華新科凱基9C購03,0,0,0,0,0,0,0,0,0,-50000,0,0,0,1000,51000,-50000,-50000
064430,鴻海凱基03購04  ,0,0,0,0,0,0,0,0,0,-50000,0,0,0,0,50000,-50000,-50000
064218,南六凱基01購01  ,0,0,0,0,0,0,0,0,0,-50000,0,0,0,0,50000,-50000,-50000
064339,大立光元大01購01,0,0,0,0,0,0,0,0,0,-50000,0,0,0,0,50000,-50000,-50000
06458P,玉晶光統一9A售02,0,0,0,0,0,0,0,0,0,-50000,0,0,0,10000,60000,-50000,-50000
063279,國巨元大9C購05  ,0,0,0,0,0,0,0,0,0,-50000,0,0,0,11000,61000,-50000,-50000
063299,金寶凱基9B購01  ,0,0,0,0,0,0,0,0,0,-50000,0,0,0,50000,100000,-50000,-50000
063353,上銀元富9B購03  ,0,20000,-20000,0,0,0,0,0,0,-30000,0,0,0,26000,56000,-30000,-50000
063462,金像電元大9C購01,0,0,0,0,0,0,0,0,0,-50000,0,0,0,0,50000,-50000,-50000
063434,和潤元富9B購01  ,0,0,0,0,0,0,0,0,0,-50000,0,0,0,100000,150000,-50000,-50000
063087,南六凱基9C購02  ,0,0,0,0,0,0,0,0,0,-50000,0,0,0,0,50000,-50000,-50000
062990,台積電群益9B購06,0,0,0,0,0,0,0,0,0,-50000,0,0,0,21000,71000,-50000,-50000
062616,玉晶光元大9C購06,0,0,0,0,0,0,0,0,0,-50000,0,0,0,4000,54000,-50000,-50000
062450,臻鼎元大9B購02  ,0,0,0,0,0,0,0,0,0,-50000,0,0,0,0,50000,-50000,-50000
062398,建準永豐9B購01  ,0,0,0,0,0,0,0,0,0,-50000,0,0,0,0,50000,-50000,-50000
5288,豐祥-KY         ,14000,64000,-50000,0,0,0,0,0,0,0,1000,1000,0,0,0,0,-50000
07172P,臺股指國票99售09,0,0,0,0,0,0,0,0,0,-51000,0,0,0,2000,53000,-51000,-51000
065095,玉晶光元大02購02,0,0,0,0,0,0,0,0,0,-51000,0,0,0,274000,325000,-51000,-51000
07867P,晶技元大9B售01  ,0,0,0,0,0,0,0,0,0,-51000,0,0,0,4000,55000,-51000,-51000
08355P,智邦元大9C售03  ,0,0,0,0,0,0,0,0,0,-51000,0,0,0,9000,60000,-51000,-51000
060402,神隆國泰9B購01  ,0,0,0,0,0,0,0,0,0,-51000,0,0,0,59000,110000,-51000,-51000
056354,國巨元大98購10  ,0,0,0,0,0,0,0,0,0,-51000,0,0,0,22000,73000,-51000,-51000
057843,晶技永豐98購02  ,0,0,0,0,0,0,0,0,0,-51000,0,0,0,13000,64000,-51000,-51000
057863,美律凱基9A購01  ,0,0,0,0,0,0,0,0,0,-51000,0,0,0,0,51000,-51000,-51000
057265,聯詠兆豐98購01  ,0,0,0,0,0,0,0,0,0,-51000,0,0,0,56000,107000,-51000,-51000
00783,富邦中証500     ,1000,59000,-58000,0,0,0,0,0,0,7000,0,0,0,900000,893000,7000,-51000
053381,友達元大9A購02  ,0,0,0,0,0,0,0,0,0,-51000,0,0,0,24000,75000,-51000,-51000
055486,國巨元大98購06  ,0,0,0,0,0,0,0,0,0,-51000,0,0,0,18000,69000,-51000,-51000
056519,創意國票99購01  ,0,0,0,0,0,0,0,0,0,-51000,0,0,0,80000,131000,-51000,-51000
061443,大立光統一9C購02,0,0,0,0,0,0,0,0,0,-51000,0,0,0,0,51000,-51000,-51000
059850,日電貿永豐99購01,0,0,0,0,0,0,0,0,0,-51000,0,0,0,0,51000,-51000,-51000
060208,卜蜂康和9A購01  ,0,0,0,0,0,0,0,0,0,-51000,0,0,0,1000,52000,-51000,-51000
060209,喬山康和9A購01  ,0,0,0,0,0,0,0,0,0,-51000,0,0,0,0,51000,-51000,-51000
058568,宏達電凱基9A購02,0,0,0,0,0,0,0,0,0,-51000,0,0,0,20000,71000,-51000,-51000
060684,同欣電元大9A購01,0,0,0,0,0,0,0,0,0,-51000,0,0,0,13000,64000,-51000,-51000
061310,華新科麥證9A購01,0,0,0,0,51000,-51000,0,0,0,-51000,0,0,0,0,51000,-51000,-51000
060932,南六永豐9A購02  ,0,0,0,0,0,0,0,0,0,-51000,0,0,0,6000,57000,-51000,-51000
062136,南亞科群益9B購01,0,0,0,0,0,0,0,0,0,-51000,0,0,0,47000,98000,-51000,-51000
063343,美律統一9C購01  ,0,0,0,0,0,0,0,0,0,-51000,0,0,0,5000,56000,-51000,-51000
08037P,台表科群益9B售02,0,0,0,0,0,0,0,0,0,-52000,0,0,0,10000,62000,-52000,-52000
08220P,華邦電凱基9B售02,0,0,0,0,0,0,0,0,0,-52000,0,0,0,1000,53000,-52000,-52000
08159P,日月光元富9B售01,0,0,0,0,0,0,0,0,0,-52000,0,0,0,60000,112000,-52000,-52000
1444,力麗            ,395000,443000,-48000,0,0,0,0,0,0,-4000,1000,5000,-4000,0,0,0,-52000
1519,華城            ,136000,187000,-51000,0,0,0,0,0,0,-1000,2000,3000,-1000,0,0,0,-52000
2707,晶華            ,126000,45000,81000,0,0,0,0,132000,-132000,-1000,1000,2000,-1000,0,0,0,-52000
064801,鴻海元大9C購13  ,0,0,0,0,0,0,0,0,0,-52000,0,0,0,58000,110000,-52000,-52000
065509,上銀群益9C購04  ,0,0,0,0,0,0,0,0,0,-52000,0,0,0,0,52000,-52000,-52000
07819P,旺宏國票9B售01  ,0,0,0,0,0,0,0,0,0,-52000,0,0,0,0,52000,-52000,-52000
055142,健策永豐98購01  ,0,0,0,0,0,0,0,0,0,-52000,0,0,0,20000,72000,-52000,-52000
00730,富邦臺灣優質高息,1000,1000,0,0,0,0,0,0,0,-52000,0,0,0,164000,216000,-52000,-52000
056763,國巨元大99購02  ,0,0,0,0,0,0,0,0,0,-52000,0,0,0,55000,107000,-52000,-52000
056845,揚明光元富98購01,0,0,0,0,0,0,0,0,0,-52000,0,0,0,31000,83000,-52000,-52000
058429,欣興元富99購01  ,0,0,0,0,0,0,0,0,0,-52000,0,0,0,174000,226000,-52000,-52000
061428,南六元大9A購01  ,0,0,0,0,0,0,0,0,0,-52000,0,0,0,0,52000,-52000,-52000
063396,金像電群益9C購01,0,0,0,0,0,0,0,0,0,-52000,0,0,0,0,52000,-52000,-52000
063493,金像電富邦01購01,0,0,0,0,0,0,0,0,0,-52000,0,0,0,55000,107000,-52000,-52000
062882,新日興兆豐9C購01,0,0,0,0,0,0,0,0,0,-52000,0,0,0,12000,64000,-52000,-52000
062213,和大統一9B購02  ,0,0,0,0,0,0,0,0,0,-52000,0,0,0,48000,100000,-52000,-52000
062371,健策元大9B購08  ,0,0,0,0,0,0,0,0,0,-52000,0,0,0,42000,94000,-52000,-52000
064085,儒鴻凱基9C購02  ,0,0,0,0,0,0,0,0,0,-52000,0,0,0,16000,68000,-52000,-52000
6582,申豐            ,68000,92000,-24000,0,0,0,0,0,0,-28000,7000,35000,-28000,0,0,0,-52000
8404,百和興業-KY     ,57000,112000,-55000,0,0,0,0,0,0,3000,4000,1000,3000,0,0,0,-52000
065253,和大元大01購02  ,0,0,0,0,0,0,0,0,0,-53000,0,0,0,5000,58000,-53000,-53000
1762,中化生          ,394000,458000,-64000,0,0,0,0,0,0,11000,12000,1000,11000,0,0,0,-53000
08234P,華擎元富9B售03  ,0,0,0,0,0,0,0,0,0,-53000,0,0,0,45000,98000,-53000,-53000
05473P,聯詠統一97售02  ,0,0,0,0,0,0,0,0,0,-53000,0,0,0,64000,117000,-53000,-53000
061503,臻鼎國票9B購01  ,0,0,0,0,0,0,0,0,0,-53000,0,0,0,7000,60000,-53000,-53000
064075,台積電中信06購01,0,0,0,0,0,0,0,0,0,-53000,0,0,0,4000,57000,-53000,-53000
063579,GIS元大9C購01   ,0,0,0,0,0,0,0,0,0,-53000,0,0,0,5000,58000,-53000,-53000
064259,矽格富邦9C購01  ,0,0,0,0,0,0,0,0,0,-53000,0,0,0,0,53000,-53000,-53000
062346,智邦群益9B購02  ,0,0,0,0,0,0,0,0,0,-53000,0,0,0,20000,73000,-53000,-53000
062906,全新元大9B購03  ,0,0,0,0,0,0,0,0,0,-53000,0,0,0,9000,62000,-53000,-53000
063420,奇力新凱基9B購03,0,0,0,0,0,0,0,0,0,-53000,0,0,0,4000,57000,-53000,-53000
2395,研華            ,391000,443223,-52223,0,0,0,0,0,0,-1000,0,1000,-1000,0,0,0,-53223
08060P,嘉澤元大9B售01  ,0,0,0,0,0,0,0,0,0,-54000,0,0,0,26000,80000,-54000,-54000
06925P,致茂群益9A售02  ,0,0,0,0,0,0,0,0,0,-54000,0,0,0,0,54000,-54000,-54000
056095,臻鼎元富9A購01  ,0,0,0,0,0,0,0,0,0,-54000,0,0,0,86000,140000,-54000,-54000
060159,健和興永豐9A購01,0,0,0,0,0,0,0,0,0,-54000,0,0,0,22000,76000,-54000,-54000
061259,台積電凱基9A購21,0,0,0,0,0,0,0,0,0,-54000,0,0,0,0,54000,-54000,-54000
063422,奇鋐凱基9B購04  ,0,0,0,0,0,0,0,0,0,-54000,0,0,0,74000,128000,-54000,-54000
063031,鴻海凱基9C購01  ,0,0,0,0,0,0,0,0,0,-54000,0,0,0,1000,55000,-54000,-54000
6672,騰輝電子-KY     ,31000,84000,-53000,0,0,0,0,0,0,-1000,1000,2000,-1000,0,0,0,-54000
06783P,亞光元大98售03  ,0,0,0,0,0,0,0,0,0,-55000,0,0,0,0,55000,-55000,-55000
07771P,義隆國票9A售01  ,0,0,0,0,0,0,0,0,0,-55000,0,0,0,80000,135000,-55000,-55000
065267,聯鈞元大9C購02  ,0,0,0,0,0,0,0,0,0,-55000,0,0,0,129000,184000,-55000,-55000
065188,玉晶光統一02購01,0,0,0,0,0,0,0,0,0,-55000,0,0,0,2000,57000,-55000,-55000
06534P,聯發科群益98售04,0,0,0,0,0,0,0,0,0,-55000,0,0,0,275000,330000,-55000,-55000
1315,達新            ,84000,134000,-50000,0,0,0,0,0,0,-5000,0,1000,-1000,4000,8000,-4000,-55000
1810,和成            ,27000,82000,-55000,0,0,0,0,0,0,0,0,0,0,0,0,0,-55000
057742,喬山永豐98購02  ,0,0,0,0,0,0,0,0,0,-55000,0,0,0,0,55000,-55000,-55000
051911,大立光元大98購02,0,0,0,0,0,0,0,0,0,-55000,0,0,0,0,55000,-55000,-55000
058194,勤誠永豐99購01  ,0,0,0,0,0,0,0,0,0,-55000,0,0,0,0,55000,-55000,-55000
061990,台勝科元大9C購01,0,0,0,0,0,0,0,0,0,-55000,0,0,0,55000,110000,-55000,-55000
059532,華新科凱基9B購03,0,0,0,0,0,0,0,0,0,-55000,0,0,0,2000,57000,-55000,-55000
063105,健策群益9C購01  ,0,0,0,0,0,0,0,0,0,-55000,0,0,0,39000,94000,-55000,-55000
063301,鴻海凱基9B購08  ,0,0,0,0,0,0,0,0,0,-55000,0,0,0,11000,66000,-55000,-55000
064231,鴻海統一01購03  ,0,0,0,0,0,0,0,0,0,-55000,0,0,0,7000,62000,-55000,-55000
064029,宏達電元大9C購01,0,0,0,0,0,0,0,0,0,-55000,0,0,0,81000,136000,-55000,-55000
4999,鑫禾            ,15000,70000,-55000,0,0,0,0,0,0,0,0,0,0,0,0,0,-55000
08325P,臺股指凱基9C售08,0,0,0,0,0,0,0,0,0,-56000,0,0,0,41000,97000,-56000,-56000
07977P,華新科群益01售01,0,0,0,0,0,0,0,0,0,-56000,0,0,0,4000,60000,-56000,-56000
065176,玉晶光元大01購04,0,0,0,0,0,0,0,0,0,-56000,0,0,0,205000,261000,-56000,-56000
056735,國巨凱基99購02  ,0,0,0,0,0,0,0,0,0,-56000,0,0,0,6000,62000,-56000,-56000
055931,冠德群益97購02  ,0,0,0,0,0,0,0,0,0,-56000,0,0,0,30000,86000,-56000,-56000
056295,國巨元大97購16  ,0,0,0,0,0,0,0,0,0,-56000,0,0,0,7000,63000,-56000,-56000
059980,台積電元大99購50,0,0,0,0,0,0,0,0,0,-56000,0,0,0,5000,61000,-56000,-56000
059951,台塑康和99購01  ,0,0,0,0,0,0,0,0,0,-56000,0,0,0,30000,86000,-56000,-56000
059612,奇鋐永豐99購02  ,0,0,0,0,0,0,0,0,0,-56000,0,0,0,10000,66000,-56000,-56000
061054,台積電群益9A購04,0,0,0,0,0,0,0,0,0,-56000,0,0,0,82000,138000,-56000,-56000
061165,美律兆豐9A購01  ,0,0,0,0,0,0,0,0,0,-56000,0,0,0,0,56000,-56000,-56000
064192,巨大中信9C購01  ,0,0,0,0,0,0,0,0,0,-56000,0,0,0,0,56000,-56000,-56000
063132,台表科元大9C購02,0,0,0,0,0,0,0,0,0,-56000,0,0,0,77000,133000,-56000,-56000
08074P,緯穎元富9B售02  ,0,0,0,0,0,0,0,0,0,-57000,0,0,0,159000,216000,-57000,-57000
07924P,台積電凱基9B售04,0,0,0,0,0,0,0,0,0,-57000,0,0,0,0,57000,-57000,-57000
08117P,聯發科元富9B售04,0,0,0,0,0,0,0,0,0,-57000,0,0,0,97000,154000,-57000,-57000
1321,大洋            ,31000,87000,-56000,0,0,0,0,0,0,-1000,1000,2000,-1000,0,0,0,-57000
1526,日馳            ,479000,534000,-55000,0,0,0,0,0,0,-2000,0,2000,-2000,0,0,0,-57000
2109,華豐            ,107000,164000,-57000,0,0,0,0,0,0,0,0,0,0,0,0,0,-57000
057299,立積永豐98購02  ,0,0,0,0,0,0,0,0,0,-57000,0,0,0,46000,103000,-57000,-57000
00851,台新全球AI      ,1000,1000,0,0,0,0,0,0,0,-57000,0,0,0,46000,103000,-57000,-57000
056503,楠梓電永豐98購01,0,0,0,0,0,0,0,0,0,-57000,0,0,0,18000,75000,-57000,-57000
054237,茂林群益97購01  ,0,0,0,0,0,0,0,0,0,-57000,0,0,0,40000,97000,-57000,-57000
057639,國巨元大99購07  ,0,0,0,0,0,0,0,0,0,-57000,0,0,0,12000,69000,-57000,-57000
058390,樺漢國票9A購01  ,0,0,0,0,0,0,0,0,0,-57000,0,0,0,14000,71000,-57000,-57000
058878,旭富國泰9B購01  ,0,0,0,0,0,0,0,0,0,-57000,0,0,0,21000,78000,-57000,-57000
057961,茂林元大9A購01  ,0,0,0,0,0,0,0,0,0,-57000,0,0,0,100000,157000,-57000,-57000
061649,緯穎元大9A購06  ,0,0,0,0,0,0,0,0,0,-57000,0,0,0,0,57000,-57000,-57000
063192,技嘉台新9B購01  ,0,0,0,0,0,0,0,0,0,-57000,0,0,0,156000,213000,-57000,-57000
062574,美食群益9B購02  ,0,0,0,0,0,0,0,0,0,-57000,0,0,0,0,57000,-57000,-57000
062523,世紀鋼元大9C購03,0,0,0,0,0,0,0,0,0,-57000,0,0,0,0,57000,-57000,-57000
064516,華通群益02購01  ,0,0,0,0,0,0,0,0,0,-57000,0,0,0,0,57000,-57000,-57000
063584,南六國泰01購01  ,0,0,0,0,0,0,0,0,0,-57000,0,0,0,0,57000,-57000,-57000
4108,懷特            ,277000,334000,-57000,0,0,0,0,0,0,0,0,0,0,0,0,0,-57000
4137,麗豐-KY         ,195000,279000,-84000,0,0,0,0,0,0,27000,1000,0,1000,52000,26000,26000,-57000
3703,欣陸            ,29000,136000,-107000,0,0,0,0,0,0,50000,52000,2000,50000,0,0,0,-57000
2466,冠西電          ,5000,63000,-58000,0,0,0,0,0,0,0,0,0,0,0,0,0,-58000
08447P,緯穎永豐9C售02  ,0,0,0,0,0,0,0,0,0,-58000,0,0,0,0,58000,-58000,-58000
08455P,台積電凱基9C售05,0,0,0,0,0,0,0,0,0,-58000,0,0,0,0,58000,-58000,-58000
07858P,旺宏永豐9A售03  ,0,0,0,0,0,0,0,0,0,-58000,0,0,0,0,58000,-58000,-58000
07898P,國巨國泰9C售02  ,0,0,0,0,0,0,0,0,0,-58000,0,0,0,0,58000,-58000,-58000
065350,華擎統一01購04  ,0,0,0,0,0,0,0,0,0,-58000,0,0,0,2000,60000,-58000,-58000
07385P,緯穎群益99售04  ,0,0,0,0,0,0,0,0,0,-58000,0,0,0,0,58000,-58000,-58000
06980P,緯穎永豐99售02  ,0,0,0,0,0,0,0,0,0,-58000,0,0,0,0,58000,-58000,-58000
053827,漢唐麥證9A購01  ,0,0,0,42000,76000,-34000,0,0,0,-58000,0,0,0,42000,100000,-58000,-58000
055455,健策國泰98購02  ,0,0,0,0,0,0,0,0,0,-58000,0,0,0,0,58000,-58000,-58000
057447,智邦元富02購01  ,0,0,0,0,0,0,0,0,0,-58000,0,0,0,4000,62000,-58000,-58000
06024P,台郡國票97售05  ,0,0,0,0,0,0,0,0,0,-58000,0,0,0,0,58000,-58000,-58000
061699,燿華國票9A購01  ,0,0,0,0,0,0,0,0,0,-58000,0,0,0,0,58000,-58000,-58000
057958,禾伸堂元大99購05,0,0,0,0,0,0,0,0,0,-58000,0,0,0,119000,177000,-58000,-58000
059004,嘉晶元大99購05  ,0,0,0,0,0,0,0,0,0,-58000,0,0,0,30000,88000,-58000,-58000
060929,健策永豐9A購01  ,0,0,0,0,0,0,0,0,0,-58000,0,0,0,27000,85000,-58000,-58000
058324,嘉聯益永豐9A購01,0,0,0,0,0,0,0,0,0,-58000,0,0,0,42000,100000,-58000,-58000
064079,英業達中信9C購01,0,0,0,0,0,0,0,0,0,-58000,0,0,0,54000,112000,-58000,-58000
062247,國巨元大9B購07  ,0,0,0,0,0,0,0,0,0,-58000,0,0,0,193000,251000,-58000,-58000
4746,台耀            ,338000,398099,-60099,0,0,0,0,0,0,2000,4000,2000,2000,0,0,0,-58099
06855P,聯發科富邦9A售01,0,0,0,0,0,0,0,0,0,-59000,0,0,0,160000,219000,-59000,-59000
065177,旭富元大9C購05  ,0,0,0,0,0,0,0,0,0,-59000,0,0,0,28000,87000,-59000,-59000
07952P,富邦金元大9B售02,0,0,0,0,0,0,0,0,0,-59000,0,0,0,20000,79000,-59000,-59000
057865,富邦金凱基98購01,0,0,0,0,0,0,0,0,0,-59000,0,0,0,0,59000,-59000,-59000
056941,台郡元富9B購01  ,0,0,0,0,0,0,0,0,0,-59000,0,0,0,26000,85000,-59000,-59000
058532,禾伸堂元富99購01,0,0,0,0,0,0,0,0,0,-59000,0,0,0,53000,112000,-59000,-59000
060825,聯詠元大9A購05  ,0,0,0,0,0,0,0,0,0,-59000,0,0,0,59000,118000,-59000,-59000
059109,台積電富邦9C購03,0,0,0,0,0,0,0,0,0,-59000,0,0,0,0,59000,-59000,-59000
061673,仁寶元大9B購01  ,0,0,0,0,0,0,0,0,0,-59000,0,0,0,147000,206000,-59000,-59000
061706,旭富國票9A購02  ,0,0,0,0,0,0,0,0,0,-59000,0,0,0,0,59000,-59000,-59000
061880,台郡元大9B購02  ,0,0,0,0,0,0,0,0,0,-59000,0,0,0,16000,75000,-59000,-59000
062967,上銀元富9B購01  ,0,0,0,0,0,0,0,0,0,-59000,0,0,0,6000,65000,-59000,-59000
063409,GIS國票9C購02   ,0,0,0,0,0,0,0,0,0,-59000,0,0,0,10000,69000,-59000,-59000
063459,華通元大9B購08  ,0,0,0,0,0,0,0,0,0,-59000,0,0,0,0,59000,-59000,-59000
064547,宏達電凱基9C購01,0,0,0,0,0,0,0,0,0,-59000,0,0,0,100000,159000,-59000,-59000
064381,道瓊銀國泰02購01,0,0,0,0,0,0,0,0,0,-59000,0,0,0,0,59000,-59000,-59000
4141,龍燈-KY         ,61000,120000,-59000,0,0,0,0,0,0,0,0,0,0,0,0,0,-59000
08330P,聯發科統一9C售13,0,0,0,0,0,0,0,0,0,-60000,0,0,0,0,60000,-60000,-60000
08346P,大立光元大9C售15,0,0,0,0,0,0,0,0,0,-60000,0,0,0,24000,84000,-60000,-60000
08548P,台勝科凱基9C售03,0,0,0,0,0,0,0,0,0,-60000,0,0,0,0,60000,-60000,-60000
2426,鼎元            ,179000,167000,12000,0,0,0,0,0,0,-72000,0,72000,-72000,0,0,0,-60000
065214,友達國泰01購01  ,0,0,0,0,0,0,0,0,0,-60000,0,0,0,0,60000,-60000,-60000
065353,GIS統一02購03   ,0,0,0,0,0,0,0,0,0,-60000,0,0,0,0,60000,-60000,-60000
065437,台表科凱基9C購03,0,0,0,0,0,0,0,0,0,-60000,0,0,0,0,60000,-60000,-60000
065450,同欣電統一01購03,0,0,0,0,0,0,0,0,0,-60000,0,0,0,0,60000,-60000,-60000
06487P,聯發科統一99售02,0,0,0,0,0,0,0,0,0,-60000,0,0,0,0,60000,-60000,-60000
07044P,台積電元大99售13,0,0,0,0,0,0,0,0,0,-60000,0,0,0,0,60000,-60000,-60000
07166P,台灣50兆豐03售01,0,0,0,0,0,0,0,0,0,-60000,0,0,0,0,60000,-60000,-60000
07258P,台灣50台新9A售01,0,0,0,0,0,0,0,0,0,-60000,0,0,0,0,60000,-60000,-60000
07558P,玉晶光元大9A售10,0,0,0,0,0,0,0,0,0,-60000,0,0,0,0,60000,-60000,-60000
07762P,聯發科永豐9A售03,0,0,0,0,0,0,0,0,0,-60000,0,0,0,0,60000,-60000,-60000
057166,國巨元大99購06  ,0,0,0,0,0,0,0,0,0,-60000,0,0,0,68000,128000,-60000,-60000
056787,健鼎群益98購01  ,0,0,0,0,0,0,0,0,0,-60000,0,0,0,0,60000,-60000,-60000
055245,凱美統一99購01  ,0,0,0,0,0,0,0,0,0,-60000,0,0,0,0,60000,-60000,-60000
052077,可成元富98購02  ,0,0,0,0,0,0,0,0,0,-60000,0,0,0,0,60000,-60000,-60000
053730,樺漢凱基98購01  ,0,0,0,0,0,0,0,0,0,-60000,0,0,0,0,60000,-60000,-60000
055564,茂林凱基98購01  ,0,0,0,0,0,0,0,0,0,-60000,0,0,0,50000,110000,-60000,-60000
054406,旺宏國票98購01  ,0,0,0,0,0,0,0,0,0,-60000,0,0,0,0,60000,-60000,-60000
055619,同欣電國票98購02,0,0,0,0,0,0,0,0,0,-60000,0,0,0,0,60000,-60000,-60000
054586,健鼎國泰99購01  ,0,0,0,0,0,0,0,0,0,-60000,0,0,0,0,60000,-60000,-60000
057527,億光元大98購01  ,0,0,0,0,0,0,0,0,0,-60000,0,0,0,0,60000,-60000,-60000
061918,上銀凱基9B購02  ,0,0,0,0,0,0,0,0,0,-60000,0,0,0,0,60000,-60000,-60000
061913,宏碁中信9B購01  ,0,0,0,0,0,0,0,0,0,-60000,0,0,0,16000,76000,-60000,-60000
061741,新光金凱基9B購01,0,0,0,0,0,0,0,0,0,-60000,0,0,0,0,60000,-60000,-60000
061505,力成國票9A購03  ,0,0,0,0,0,0,0,0,0,-60000,0,0,0,0,60000,-60000,-60000
059168,奇力新凱基99購05,0,0,0,0,0,0,0,0,0,-60000,0,0,0,0,60000,-60000,-60000
059639,大立光凱基9A購06,0,0,0,0,0,0,0,0,0,-60000,0,0,0,0,60000,-60000,-60000
058458,牧德永豐9A購01  ,0,0,0,0,0,0,0,0,0,-60000,0,0,0,0,60000,-60000,-60000
059313,元石油元大99購06,0,0,0,0,0,0,0,0,0,-60000,0,0,0,30000,90000,-60000,-60000
061045,儒鴻第一9A購01  ,0,0,0,0,0,0,0,0,0,-60000,0,0,0,0,60000,-60000,-60000
064620,大立光元大01購03,0,0,0,0,0,0,0,0,0,-60000,0,0,0,0,60000,-60000,-60000
063957,臻鼎元大9C購01  ,0,0,0,0,0,0,0,0,0,-60000,0,0,0,50000,110000,-60000,-60000
063917,南六凱基02購01  ,0,0,0,0,0,0,0,0,0,-60000,0,0,0,0,60000,-60000,-60000
063842,國巨元大9C購10  ,0,0,0,0,0,0,0,0,0,-60000,0,0,0,194000,254000,-60000,-60000
063727,鴻海元大9C購05  ,0,0,0,0,0,0,0,0,0,-60000,0,0,0,1000,61000,-60000,-60000
063217,元金2X群益9B購03,0,0,0,0,0,0,0,0,0,-60000,0,0,0,0,60000,-60000,-60000
063029,喬山凱基9B購01  ,0,0,0,0,0,0,0,0,0,-60000,0,0,0,112000,172000,-60000,-60000
062204,京元電國票9C購01,0,0,0,0,0,0,0,0,0,-60000,0,0,0,0,60000,-60000,-60000
9934,成霖            ,55000,109000,-54000,0,0,0,0,0,0,-6000,13000,19000,-6000,0,0,0,-60000
07213P,聯發科凱基99售15,0,0,0,0,0,0,0,0,0,-61000,0,0,0,0,61000,-61000,-61000
06839P,玉晶光統一9A售05,0,0,0,0,0,0,0,0,0,-61000,0,0,0,844000,905000,-61000,-61000
06742P,可成富邦99售02  ,0,0,0,0,0,0,0,0,0,-61000,0,0,0,54000,115000,-61000,-61000
056723,國巨中信9A購01  ,0,0,0,0,0,0,0,0,0,-61000,0,0,0,18000,79000,-61000,-61000
060457,中橡元大9A購02  ,0,0,0,0,0,0,0,0,0,-61000,0,0,0,39000,100000,-61000,-61000
059766,同欣電永豐99購03,0,0,0,0,0,0,0,0,0,-61000,0,0,0,0,61000,-61000,-61000
058927,勤誠元富99購02  ,0,0,0,0,0,0,0,0,0,-61000,0,0,0,32000,93000,-61000,-61000
062407,同欣電永豐9B購01,0,0,0,0,0,0,0,0,0,-61000,0,0,0,2000,63000,-61000,-61000
062628,廣達國票9B購01  ,0,0,0,0,0,0,0,0,0,-61000,0,0,0,47000,108000,-61000,-61000
06364P,鴻海凱基97售08  ,0,0,0,0,0,0,0,0,0,-61000,0,0,0,6000,67000,-61000,-61000
063972,緯創國票9C購01  ,0,0,0,0,0,0,0,0,0,-61000,0,0,0,11000,72000,-61000,-61000
064133,力成元大9C購01  ,0,0,0,0,0,0,0,0,0,-61000,0,0,0,7000,68000,-61000,-61000
8341,日友            ,84000,145000,-61000,0,0,0,0,0,0,0,0,0,0,0,0,0,-61000
07092P,上銀凱基99售03  ,0,0,0,0,0,0,0,0,0,-62000,0,0,0,0,62000,-62000,-62000
064921,景碩統一02購01  ,0,0,0,0,0,0,0,0,0,-62000,0,0,0,5000,67000,-62000,-62000
064841,彩晶統一02購02  ,0,0,0,0,0,0,0,0,0,-62000,0,0,0,57000,119000,-62000,-62000
065388,華擎兆豐01購01  ,0,0,0,0,0,0,0,0,0,-62000,0,0,0,0,62000,-62000,-62000
065307,矽格元富9C購01  ,0,0,0,0,0,0,0,0,0,-62000,0,0,0,98000,160000,-62000,-62000
1506,正道            ,14000,76000,-62000,0,0,0,0,0,0,0,0,0,0,0,0,0,-62000
08348P,貿聯元大9C售01  ,0,0,0,0,0,0,0,0,0,-62000,0,0,0,0,62000,-62000,-62000
057600,大立光群益99購03,0,0,0,0,0,0,0,0,0,-62000,0,0,0,480000,542000,-62000,-62000
054059,欣興國票97購03  ,0,0,0,0,0,0,0,0,0,-62000,0,0,0,0,62000,-62000,-62000
055603,超眾元大97購04  ,0,0,0,0,0,0,0,0,0,-62000,0,0,0,17000,79000,-62000,-62000
059023,可成統一9B購02  ,0,0,0,0,0,0,0,0,0,-62000,0,0,0,108000,170000,-62000,-62000
059200,京鼎永豐99購02  ,0,0,0,0,0,0,0,0,0,-62000,0,0,0,0,62000,-62000,-62000
059084,鴻海元大99購24  ,0,0,0,0,0,0,0,0,0,-62000,0,0,0,1000,63000,-62000,-62000
061720,智邦國泰9C購01  ,0,0,0,0,0,0,0,0,0,-62000,0,0,0,6000,68000,-62000,-62000
061842,牧德凱基9C購01  ,0,0,0,0,0,0,0,0,0,-62000,0,0,0,50000,112000,-62000,-62000
060629,鴻海富邦9B購01  ,0,0,0,0,0,0,0,0,0,-62000,0,0,0,10000,72000,-62000,-62000
061094,彩晶統一9B購02  ,0,0,0,0,0,0,0,0,0,-62000,0,0,0,98000,160000,-62000,-62000
063796,鴻海凱基9C購02  ,0,0,0,0,0,0,0,0,0,-62000,0,0,0,1000,63000,-62000,-62000
064779,義隆群益9C購03  ,0,0,0,0,0,0,0,0,0,-62000,0,0,0,90000,152000,-62000,-62000
064285,貿聯元大9C購02  ,0,0,0,0,0,0,0,0,0,-62000,0,0,0,40000,102000,-62000,-62000
062631,奇力新國票9B購01,0,0,0,0,0,0,0,0,0,-62000,0,0,0,0,62000,-62000,-62000
062565,漢唐中信9C購01  ,0,0,0,0,0,0,0,0,0,-62000,0,0,0,48000,110000,-62000,-62000
062292,旭富永豐9B購01  ,0,0,0,0,0,0,0,0,0,-62000,0,0,0,83000,145000,-62000,-62000
6196,帆宣            ,140000,189000,-49000,0,0,0,0,0,0,-13000,0,0,0,12000,25000,-13000,-62000
4576,大銀微系統      ,34000,96000,-62000,0,0,0,0,0,0,0,0,0,0,0,0,0,-62000
08370P,台積電凱基01售06,0,0,0,0,0,0,0,0,0,-63000,0,0,0,0,63000,-63000,-63000
1477,聚陽            ,394000,385000,9000,0,0,0,0,10000,-10000,-62000,43000,80000,-37000,14000,39000,-25000,-63000
2524,京城            ,105000,168000,-63000,0,0,0,0,0,0,0,0,0,0,0,0,0,-63000
064915,美律統一02購02  ,0,0,0,0,0,0,0,0,0,-63000,0,0,0,0,63000,-63000,-63000
06728P,全新元大98售03  ,0,0,0,0,0,0,0,0,0,-63000,0,0,0,0,63000,-63000,-63000
047885,元金2X富邦99購01,0,0,0,0,0,0,0,0,0,-63000,0,0,0,0,63000,-63000,-63000
060288,群光元大9C購01  ,0,0,0,0,0,0,0,0,0,-63000,0,0,0,142000,205000,-63000,-63000
062253,燿華元大9B購02  ,0,0,0,0,0,0,0,0,0,-63000,0,0,0,0,63000,-63000,-63000
062181,義隆元大9B購03  ,0,0,0,0,0,0,0,0,0,-63000,0,0,0,5000,68000,-63000,-63000
062557,台光電凱基9B購02,0,0,0,0,0,0,0,0,0,-63000,0,0,0,25000,88000,-63000,-63000
062619,台表科元大9B購03,0,0,0,0,0,0,0,0,0,-63000,0,0,0,105000,168000,-63000,-63000
064577,大立光國泰02購01,0,0,0,0,0,0,0,0,0,-63000,0,0,0,0,63000,-63000,-63000
064543,華通凱基02購02  ,0,0,0,0,0,0,0,0,0,-63000,0,0,0,0,63000,-63000,-63000
063779,華邦電永豐9B購01,0,0,0,0,0,0,0,0,0,-63000,0,0,0,0,63000,-63000,-63000
06921P,台光電凱基98售06,0,0,0,0,0,0,0,0,0,-64000,0,0,0,0,64000,-64000,-64000
2617,台航            ,113000,196000,-83000,0,0,0,0,0,0,19000,25000,6000,19000,0,0,0,-64000
2485,兆赫            ,276000,337000,-61000,0,0,0,0,0,0,-3000,4000,7000,-3000,0,0,0,-64000
08329P,台達電統一9C售02,0,0,0,0,0,0,0,0,0,-64000,0,0,0,20000,84000,-64000,-64000
08297P,寶成元大9C售01  ,0,0,0,0,0,0,0,0,0,-64000,0,0,0,30000,94000,-64000,-64000
08439P,智邦國票01售02  ,0,0,0,0,0,0,0,0,0,-64000,0,0,0,0,64000,-64000,-64000
08026P,臺股指凱基9B售12,0,0,0,0,0,0,0,0,0,-64000,0,0,0,1000,65000,-64000,-64000
056385,創意國泰99購01  ,0,0,0,0,0,0,0,0,0,-64000,0,0,0,350000,414000,-64000,-64000
057824,日月光元大98購01,0,0,0,0,0,0,0,0,0,-64000,0,0,0,100000,164000,-64000,-64000
060995,泰鼎元大9A購03  ,0,0,0,0,0,0,0,0,0,-64000,0,0,0,0,64000,-64000,-64000
058368,奇鋐凱基9A購01  ,0,0,0,0,0,0,0,0,0,-64000,0,0,0,15000,79000,-64000,-64000
062133,大成鋼群益9B購01,0,0,0,0,0,0,0,0,0,-64000,0,0,0,90000,154000,-64000,-64000
063531,台表科凱基9B購04,0,0,0,0,0,0,0,0,0,-64000,0,0,0,27000,91000,-64000,-64000
064597,鴻海元富9C購03  ,0,0,0,0,0,0,0,0,0,-64000,0,0,0,3000,67000,-64000,-64000
064641,神隆凱基9C購01  ,0,0,0,0,0,0,0,0,0,-64000,0,0,0,224000,288000,-64000,-64000
062374,茂林元大9B購03  ,0,0,0,0,0,0,0,0,0,-64000,0,0,0,6000,70000,-64000,-64000
062332,大立光統一9B購11,0,0,0,0,0,0,0,0,0,-64000,0,0,0,166000,230000,-64000,-64000
2374,佳能            ,25000,89191,-64191,0,0,0,0,0,0,0,0,0,0,0,0,0,-64191
2723,美食-KY         ,144000,141275,2725,0,0,0,0,42000,-42000,-25000,0,0,0,3000,28000,-25000,-64275
064884,台表科第一9C購01,0,0,0,0,0,0,0,0,0,-65000,0,0,0,60000,125000,-65000,-65000
065065,世芯群益01購01  ,0,0,0,0,0,0,0,0,0,-65000,0,0,0,52000,117000,-65000,-65000
065023,大毅永豐9C購01  ,0,0,0,0,0,0,0,0,0,-65000,0,0,0,0,65000,-65000,-65000
065254,大成鋼元大9C購01,0,0,0,0,0,0,0,0,0,-65000,0,0,0,100000,165000,-65000,-65000
065405,華新科富邦03購01,0,0,0,0,0,0,0,0,0,-65000,0,0,0,1000,66000,-65000,-65000
055620,樺漢國票98購01  ,0,0,0,0,0,0,0,0,0,-65000,0,0,0,0,65000,-65000,-65000
061763,聯電元大9C購02  ,0,0,0,0,0,0,0,0,0,-65000,0,0,0,156000,221000,-65000,-65000
059203,勤誠永豐99購02  ,0,0,0,0,0,0,0,0,0,-65000,0,0,0,14000,79000,-65000,-65000
058623,國巨國票99購08  ,0,0,0,0,0,0,0,0,0,-65000,0,0,0,135000,200000,-65000,-65000
058651,FBVIX中信9C購01 ,0,0,0,0,0,0,0,0,0,-65000,0,0,0,0,65000,-65000,-65000
060987,華新科元大9A購11,0,0,0,0,0,0,0,0,0,-65000,0,0,0,2000,67000,-65000,-65000
060978,國巨元大9A購13  ,0,0,0,0,0,0,0,0,0,-65000,0,0,0,65000,130000,-65000,-65000
061335,國巨元大9A購19  ,0,0,0,0,0,0,0,0,0,-65000,0,0,0,87000,152000,-65000,-65000
059424,SGBR2X元大9A購01,0,0,0,0,0,0,0,0,0,-65000,0,0,0,95000,160000,-65000,-65000
062734,臺指反國票9C購03,0,0,0,0,0,0,0,0,0,-65000,0,0,0,10000,75000,-65000,-65000
062836,同欣電群益9B購02,0,0,0,0,0,0,0,0,0,-65000,0,0,0,0,65000,-65000,-65000
063056,嘉澤統一9C購02  ,0,0,0,0,0,0,0,0,0,-65000,0,0,0,20000,85000,-65000,-65000
063079,儒鴻凱基9B購01  ,0,0,0,0,0,0,0,0,0,-65000,0,0,0,0,65000,-65000,-65000
063294,美律麥證9B購01  ,0,0,0,0,65000,-65000,0,0,0,-65000,0,0,0,0,65000,-65000,-65000
064691,友達群益9C購04  ,0,0,0,0,0,0,0,0,0,-65000,0,0,0,10000,75000,-65000,-65000
1590,亞德客-KY       ,298021,350000,-51979,0,0,0,29000,34000,-5000,-9000,1000,0,1000,4000,14000,-10000,-65979
2030,彰源            ,29000,100000,-71000,0,0,0,0,0,0,5000,5000,0,5000,0,0,0,-66000
08147P,聯發科群益9B售10,0,0,0,0,0,0,0,0,0,-66000,0,0,0,13000,79000,-66000,-66000
064869,景碩永豐9C購01  ,0,0,0,0,0,0,0,0,0,-66000,0,0,0,8000,74000,-66000,-66000
07133P,臺股指元大9A售27,0,0,0,0,0,0,0,0,0,-66000,0,0,0,15000,81000,-66000,-66000
07560P,台積電國泰9B售01,0,0,0,0,0,0,0,0,0,-66000,0,0,0,120000,186000,-66000,-66000
057579,長榮航中信9A購01,0,0,0,0,0,0,0,0,0,-66000,0,0,0,15000,81000,-66000,-66000
053361,友達元富99購01  ,0,0,0,0,0,0,0,0,0,-66000,0,0,0,0,66000,-66000,-66000
056657,華邦電元大99購01,0,0,0,0,0,0,0,0,0,-66000,0,0,0,45000,111000,-66000,-66000
057291,國巨國泰9A購01  ,0,0,0,0,0,0,0,0,0,-66000,0,0,0,45000,111000,-66000,-66000
060573,力成永豐9A購01  ,0,0,0,0,0,0,0,0,0,-66000,0,0,0,120000,186000,-66000,-66000
060158,廣達永豐9A購01  ,0,0,0,0,0,0,0,0,0,-66000,0,0,0,25000,91000,-66000,-66000
061395,健策統一9C購02  ,0,0,0,0,0,0,0,0,0,-66000,0,0,0,12000,78000,-66000,-66000
059921,大立光元大99購24,0,0,0,0,0,0,0,0,0,-66000,0,0,0,2000,68000,-66000,-66000
058977,SGBR2X凱基03購01,0,0,0,0,0,0,0,0,0,-66000,0,0,0,0,66000,-66000,-66000
062102,T50反1國票9B購07,0,0,0,0,0,0,0,0,0,-66000,0,0,0,0,66000,-66000,-66000
064752,台達電凱基01購01,0,0,0,0,0,0,0,0,0,-66000,0,0,0,30000,96000,-66000,-66000
064488,台達電元大9C購01,0,0,0,0,0,0,0,0,0,-66000,0,0,0,26000,92000,-66000,-66000
062161,南六凱基9C購01  ,0,0,0,0,0,0,0,0,0,-66000,0,0,0,10000,76000,-66000,-66000
2379,瑞昱            ,1402000,1795031,-393031,0,0,0,351000,0,351000,-24000,55000,36000,19000,10000,53000,-43000,-66031
060107,旭富元大99購03  ,0,0,0,0,0,0,0,0,0,-67000,0,0,0,0,67000,-67000,-67000
00735,國泰臺韓科技    ,110000,105000,5000,0,0,0,0,0,0,-72000,0,0,0,125000,197000,-72000,-67000
054739,義隆凱基98購02  ,0,0,0,0,0,0,0,0,0,-67000,0,0,0,132000,199000,-67000,-67000
061873,友達元大9C購07  ,0,0,0,0,0,0,0,0,0,-67000,0,0,0,7000,74000,-67000,-67000
059161,鴻海凱基9A購09  ,0,0,0,0,0,0,0,0,0,-67000,0,0,0,2000,69000,-67000,-67000
058497,新日興群益9B購01,0,0,0,0,0,0,0,0,0,-67000,0,0,0,99000,166000,-67000,-67000
058137,玉晶光元大99購11,0,0,0,0,0,0,0,0,0,-67000,0,0,0,2000,69000,-67000,-67000
063390,嘉晶兆豐9B購01  ,0,0,0,0,0,0,0,0,0,-67000,0,0,0,1000,68000,-67000,-67000
064355,南六元大01購01  ,0,0,0,0,0,0,0,0,0,-67000,0,0,0,11000,78000,-67000,-67000
063824,S&P反1國票9C購01,0,0,0,0,0,0,0,0,0,-67000,0,0,0,0,67000,-67000,-67000
064129,新日興元大9C購02,0,0,0,0,0,0,0,0,0,-67000,0,0,0,246000,313000,-67000,-67000
9939,宏全            ,300000,276000,24000,0,0,0,0,71000,-71000,-20000,5000,3000,2000,0,22000,-22000,-67000
2444,兆勁            ,9000,77000,-68000,0,0,0,0,0,0,0,0,0,0,0,0,0,-68000
2453,凌群            ,80000,149000,-69000,0,0,0,0,0,0,1000,4000,3000,1000,0,0,0,-68000
08124P,臻鼎群益9B售02  ,0,0,0,0,0,0,0,0,0,-68000,0,0,0,134000,202000,-68000,-68000
08354P,旺宏元大9C售05  ,0,0,0,0,0,0,0,0,0,-68000,0,0,0,31000,99000,-68000,-68000
065263,國泰金元大9C購02,0,0,0,0,0,0,0,0,0,-68000,0,0,0,0,68000,-68000,-68000
065320,技嘉凱基9C購02  ,0,0,0,0,0,0,0,0,0,-68000,0,0,0,4000,72000,-68000,-68000
055380,智易元大98購02  ,0,0,0,0,0,0,0,0,0,-68000,0,0,0,0,68000,-68000,-68000
060014,中鋼康和99購01  ,0,0,0,0,0,0,0,0,0,-68000,0,0,0,0,68000,-68000,-68000
060243,潤泰全元大9C購02,0,0,0,0,0,0,0,0,0,-68000,0,0,0,0,68000,-68000,-68000
056352,鴻海元大99購01  ,0,0,0,0,0,0,0,0,0,-68000,0,0,0,0,68000,-68000,-68000
057888,貿聯群益98購02  ,0,0,0,0,0,0,0,0,0,-68000,0,0,0,58000,126000,-68000,-68000
055811,國巨國票98購05  ,0,0,0,0,0,0,0,0,0,-68000,0,0,0,5000,73000,-68000,-68000
057739,新日興富邦9B購01,0,0,0,0,0,0,0,0,0,-68000,0,0,0,82000,150000,-68000,-68000
056574,亞光元大99購03  ,0,0,0,0,0,0,0,0,0,-68000,0,0,0,0,68000,-68000,-68000
056821,日電貿永豐98購01,0,0,0,0,0,0,0,0,0,-68000,0,0,0,0,68000,-68000,-68000
060926,宏達電永豐9A購01,0,0,0,0,0,0,0,0,0,-68000,0,0,0,78000,146000,-68000,-68000
060676,京元電元大9A購03,0,0,0,0,0,0,0,0,0,-68000,0,0,0,10000,78000,-68000,-68000
060824,旺宏元大9A購06  ,0,0,0,0,0,0,0,0,0,-68000,0,0,0,0,68000,-68000,-68000
058899,旺宏元大99購10  ,0,0,0,0,0,0,0,0,0,-68000,0,0,0,0,68000,-68000,-68000
059511,宏達電永豐99購02,0,0,0,0,0,0,0,0,0,-68000,0,0,0,33000,101000,-68000,-68000
061628,緯穎群益9A購04  ,0,0,0,0,0,0,0,0,0,-68000,0,0,0,0,68000,-68000,-68000
063872,嘉聯益永豐9C購01,0,0,0,0,0,0,0,0,0,-68000,0,0,0,8000,76000,-68000,-68000
063741,GIS元大9B購04   ,0,0,0,0,0,0,0,0,0,-68000,0,0,0,0,68000,-68000,-68000
063566,台光電元大9B購08,0,0,0,0,0,0,0,0,0,-68000,0,0,0,18000,86000,-68000,-68000
064185,裕隆永豐9C購01  ,0,0,0,0,0,0,0,0,0,-68000,0,0,0,10000,78000,-68000,-68000
064205,台灣50凱基01購14,0,0,0,0,0,0,0,0,0,-68000,0,0,0,0,68000,-68000,-68000
064760,玉晶光凱基01購02,0,0,0,0,0,0,0,0,0,-68000,0,0,0,55000,123000,-68000,-68000
064674,鈺齊元大9C購01  ,0,0,0,0,0,0,0,0,0,-68000,0,0,0,0,68000,-68000,-68000
064644,台光電凱基9C購01,0,0,0,0,0,0,0,0,0,-68000,0,0,0,0,68000,-68000,-68000
063373,晶技永豐9B購02  ,0,0,0,0,0,0,0,0,0,-68000,0,0,0,0,68000,-68000,-68000
063284,大立光元大9B購07,0,0,0,0,0,0,0,0,0,-68000,0,0,0,0,68000,-68000,-68000
062356,國巨元大9B購10  ,0,0,0,0,0,0,0,0,0,-68000,0,0,0,1000,69000,-68000,-68000
9940,信義            ,46001,115000,-68999,0,0,0,0,0,0,0,0,0,0,0,0,0,-68999
056433,鴻海凱基98購09  ,0,0,0,0,0,0,0,0,0,-69000,0,0,0,1000,70000,-69000,-69000
060239,國揚元大9C購01  ,0,0,0,0,0,0,0,0,0,-69000,0,0,0,161000,230000,-69000,-69000
060499,鴻海元大9A購11  ,0,0,0,0,0,0,0,0,0,-69000,0,0,0,0,69000,-69000,-69000
052847,漢唐統一99購01  ,0,0,0,0,0,0,0,0,0,-69000,0,0,0,48000,117000,-69000,-69000
060960,金像電凱基9B購01,0,0,0,0,0,0,0,0,0,-69000,0,0,0,51000,120000,-69000,-69000
062783,大立光元大9C購03,0,0,0,0,0,0,0,0,0,-69000,0,0,0,0,69000,-69000,-69000
062591,新日興統一9C購01,5000,0,5000,0,0,0,0,0,0,-74000,0,0,0,952000,1026000,-74000,-69000
062538,台積電國泰9C購02,0,0,0,0,0,0,0,0,0,-69000,0,0,0,4000,73000,-69000,-69000
064508,力成元大9C購03  ,0,0,0,0,0,0,0,0,0,-69000,0,0,0,26000,95000,-69000,-69000
064757,義隆凱基01購02  ,0,0,0,0,0,0,0,0,0,-69000,0,0,0,35000,104000,-69000,-69000
064101,可成群益01購01  ,0,0,0,0,0,0,0,0,0,-69000,0,0,0,33000,102000,-69000,-69000
4119,旭富            ,554000,576000,-22000,0,0,0,0,0,0,-47000,0,0,0,12000,59000,-47000,-69000
3645,達邁            ,50000,121000,-71000,0,0,0,0,0,0,2000,2000,0,2000,0,0,0,-69000
6183,關貿            ,154000,224000,-70000,0,0,0,0,0,0,1000,1000,0,1000,0,0,0,-69000
064885,T50反1中信04購01,0,0,0,0,0,0,0,0,0,-70000,0,0,0,40000,110000,-70000,-70000
064952,國泰金凱基9C購01,0,0,0,0,0,0,0,0,0,-70000,0,0,0,0,70000,-70000,-70000
07944P,華新科元大9B售08,0,0,0,0,0,0,0,0,0,-70000,0,0,0,4000,74000,-70000,-70000
2371,大同            ,2163000,2256000,-93000,0,0,0,0,0,0,23000,331000,308000,23000,0,0,0,-70000
055024,興勤國泰98購01  ,0,0,0,0,0,0,0,0,0,-70000,0,0,0,0,70000,-70000,-70000
060027,元金2X永豐99購02,0,0,0,0,0,0,0,0,0,-70000,0,0,0,0,70000,-70000,-70000
056249,鴻海兆豐97購05  ,0,0,0,0,0,0,0,0,0,-70000,0,0,0,0,70000,-70000,-70000
057794,T50反1兆豐99購02,0,0,0,0,0,0,0,0,0,-70000,0,0,0,0,70000,-70000,-70000
056687,元大金統一98購01,0,0,0,0,0,0,0,0,0,-70000,0,0,0,0,70000,-70000,-70000
057442,玉晶光統一98購03,0,0,0,0,0,0,0,0,0,-70000,0,0,0,246000,316000,-70000,-70000
060993,健策元大9B購03  ,0,0,0,0,0,0,0,0,0,-70000,0,0,0,49000,119000,-70000,-70000
061267,玉山金凱基9B購01,0,0,0,0,0,0,0,0,0,-70000,0,0,0,0,70000,-70000,-70000
061270,彩晶凱基9A購02  ,0,0,0,0,0,0,0,0,0,-70000,0,0,0,0,70000,-70000,-70000
061223,T50反1中信01購01,0,0,0,0,0,0,0,0,0,-70000,0,0,0,0,70000,-70000,-70000
060649,國巨第一9A購01  ,0,0,0,0,0,0,0,0,0,-70000,0,0,0,10000,80000,-70000,-70000
059772,可成群益9A購05  ,0,0,0,0,0,0,0,0,0,-70000,0,0,0,20000,90000,-70000,-70000
061447,鴻海中信04購02  ,0,0,0,0,0,0,0,0,0,-70000,0,0,0,88000,158000,-70000,-70000
05957P,友達國票97售04  ,0,0,0,0,0,0,0,0,0,-70000,0,0,0,0,70000,-70000,-70000
058800,健策元大99購03  ,0,0,0,0,0,0,0,0,0,-70000,0,0,0,25000,95000,-70000,-70000
064021,國巨元大9C購15  ,0,0,0,0,0,0,0,0,0,-70000,0,0,0,439000,509000,-70000,-70000
062279,晶豪科群益9B購01,0,0,0,0,0,0,0,0,0,-70000,0,0,0,16000,86000,-70000,-70000
063496,儒鴻永豐9B購01  ,0,0,0,0,0,0,0,0,0,-70000,0,0,0,0,70000,-70000,-70000
06296P,燿華元大98售01  ,0,0,0,0,0,0,0,0,0,-70000,0,0,0,64000,134000,-70000,-70000
3702A,大聯大甲特      ,0,0,0,0,0,0,0,0,0,-70000,0,70000,-70000,0,0,0,-70000
3032,偉訓            ,18000,89000,-71000,0,0,0,0,0,0,0,2000,2000,0,0,0,0,-71000
064890,聯電群益9C購02  ,0,0,0,0,0,0,0,0,0,-71000,0,0,0,0,71000,-71000,-71000
06483P,聯發科凱基98售10,0,0,0,0,0,0,0,0,0,-71000,0,0,0,0,71000,-71000,-71000
056065,奇鋐元大97購01  ,0,0,0,0,0,0,0,0,0,-71000,0,0,0,0,71000,-71000,-71000
060002,T50反1群益9A購01,0,0,0,0,0,0,0,0,0,-71000,0,0,0,0,71000,-71000,-71000
055336,茂林兆豐98購01  ,0,0,0,0,0,0,0,0,0,-71000,0,0,0,0,71000,-71000,-71000
059075,FBVIX元大99購01 ,0,0,0,0,0,0,0,0,0,-71000,0,0,0,0,71000,-71000,-71000
062089,矽創元大9B購02  ,0,0,0,0,0,0,0,0,0,-71000,0,0,0,30000,101000,-71000,-71000
060128,健策永豐99購06  ,0,0,0,0,0,0,0,0,0,-71000,0,0,0,10000,81000,-71000,-71000
060999,國巨兆豐9A購01  ,0,0,0,0,0,0,0,0,0,-71000,0,0,0,43000,114000,-71000,-71000
062393,智邦富邦9B購01  ,0,0,0,0,0,0,0,0,0,-71000,0,0,0,24000,95000,-71000,-71000
064050,景碩統一01購01  ,0,0,0,0,0,0,0,0,0,-71000,0,0,0,148000,219000,-71000,-71000
063944,建準元大9C購01  ,0,0,0,0,0,0,0,0,0,-71000,0,0,0,5000,76000,-71000,-71000
063682,達新永豐9B購01  ,0,0,0,0,0,0,0,0,0,-71000,0,0,0,0,71000,-71000,-71000
4766,南寶            ,41000,46000,-5000,0,0,0,0,66000,-66000,0,0,0,0,0,0,0,-71000
2204,中華            ,207000,231000,-24000,0,0,0,0,0,0,-48000,0,48000,-48000,0,0,0,-72000
08338P,台灣50凱基9C售11,0,0,0,0,0,0,0,0,0,-72000,0,0,0,20000,92000,-72000,-72000
08537P,台光電國票01售03,0,0,0,0,0,0,0,0,0,-72000,0,0,0,0,72000,-72000,-72000
060120,聯電富邦9B購01  ,0,0,0,0,0,0,0,0,0,-72000,0,0,0,0,72000,-72000,-72000
061136,可成統一9A購01  ,0,0,0,0,0,0,0,0,0,-72000,0,0,0,0,72000,-72000,-72000
060937,T50反1國票9A購10,0,0,0,0,0,0,0,0,0,-72000,0,0,0,0,72000,-72000,-72000
058831,茂林永豐99購01  ,0,0,0,0,0,0,0,0,0,-72000,0,0,0,50000,122000,-72000,-72000
062145,億光國票9B購01  ,0,0,0,0,0,0,0,0,0,-72000,0,0,0,0,72000,-72000,-72000
063026,南六元大9B購04  ,0,0,0,0,0,0,0,0,0,-72000,0,0,0,70000,142000,-72000,-72000
5907,大洋-KY         ,34000,105000,-71000,0,0,0,0,0,0,-1000,1000,2000,-1000,0,0,0,-72000
08200P,祥碩元大9B售08  ,0,0,0,0,0,0,0,0,0,-73000,0,0,0,27000,100000,-73000,-73000
3312,弘憶股          ,59000,129000,-70000,0,0,0,0,0,0,-3000,1000,4000,-3000,0,0,0,-73000
07612P,國巨國泰9B售06  ,0,0,0,0,0,0,0,0,0,-73000,0,0,0,10000,83000,-73000,-73000
057924,健策凱基98購02  ,0,0,0,0,0,0,0,0,0,-73000,0,0,0,81000,154000,-73000,-73000
055899,群創中信99購01  ,0,0,0,0,0,0,0,0,0,-73000,0,0,0,0,73000,-73000,-73000
057836,南亞科國泰9A購01,0,0,0,0,0,0,0,0,0,-73000,0,0,0,30000,103000,-73000,-73000
056158,新日興凱基98購02,0,0,0,0,0,0,0,0,0,-73000,0,0,0,243000,316000,-73000,-73000
056586,光罩統一98購02  ,0,0,0,0,0,0,0,0,0,-73000,0,0,0,173000,246000,-73000,-73000
00654R,富邦印度反1     ,0,0,0,0,0,0,0,0,0,-73000,0,0,0,35000,108000,-73000,-73000
054923,晶技凱基98購01  ,0,0,0,0,0,0,0,0,0,-73000,0,0,0,35000,108000,-73000,-73000
062046,矽格凱基9B購01  ,0,0,0,0,0,0,0,0,0,-73000,0,0,0,160000,233000,-73000,-73000
061882,矽創元大9B購01  ,0,0,0,0,0,0,0,0,0,-73000,0,0,0,144000,217000,-73000,-73000
061817,高鐵群益9B購01  ,0,0,0,0,0,0,0,0,0,-73000,0,0,0,70000,143000,-73000,-73000
061963,台積電統一01購04,0,0,0,0,0,0,0,0,0,-73000,0,0,0,247000,320000,-73000,-73000
061224,道瓊反中信01購01,0,0,0,0,0,0,0,0,0,-73000,0,0,0,0,73000,-73000,-73000
061023,茂林國泰9B購02  ,0,0,0,0,0,0,0,0,0,-73000,0,0,0,24000,97000,-73000,-73000
060757,台積電元大9A購18,0,0,0,0,0,0,0,0,0,-73000,0,0,0,0,73000,-73000,-73000
059454,亞光永豐99購01  ,0,0,0,0,0,0,0,0,0,-73000,0,0,0,0,73000,-73000,-73000
062655,漢唐永豐9B購01  ,0,0,0,0,0,0,0,0,0,-73000,0,0,0,10000,83000,-73000,-73000
062837,復盛群益9B購01  ,0,0,0,0,0,0,0,0,0,-73000,0,0,0,54000,127000,-73000,-73000
063984,華邦電國泰02購01,0,0,0,0,0,0,0,0,0,-73000,0,0,0,0,73000,-73000,-73000
063901,緯穎群益9C購01  ,0,0,0,0,0,0,0,0,0,-73000,0,0,0,33000,106000,-73000,-73000
064353,力成元大9C購02  ,0,0,0,0,0,0,0,0,0,-73000,0,0,0,73000,146000,-73000,-73000
064362,友達統一01購02  ,0,0,0,0,0,0,0,0,0,-73000,0,0,0,0,73000,-73000,-73000
4572,駐龍            ,12000,85000,-73000,0,0,0,0,0,0,0,0,0,0,0,0,0,-73000
8213,志超            ,189000,234000,-45000,0,0,0,0,0,0,-28000,3000,2000,1000,0,29000,-29000,-73000
2538,基泰            ,58000,132000,-74000,0,0,0,0,0,0,0,0,0,0,0,0,0,-74000
2365,昆盈            ,17000,95000,-78000,0,0,0,0,0,0,4000,10000,6000,4000,0,0,0,-74000
060047,道瓊反凱基99購01,0,0,0,0,0,0,0,0,0,-74000,0,0,0,100000,174000,-74000,-74000
059956,玉山金康和99購01,0,0,0,0,0,0,0,0,0,-74000,0,0,0,15000,89000,-74000,-74000
061423,廣達元大9A購01  ,0,0,0,0,0,0,0,0,0,-74000,0,0,0,63000,137000,-74000,-74000
059145,創意國票99購02  ,0,0,0,0,0,0,0,0,0,-74000,0,0,0,1000,75000,-74000,-74000
064028,大毅元大01購01  ,0,0,0,0,0,0,0,0,0,-74000,0,0,0,114000,188000,-74000,-74000
06356P,啟碁永豐97售01  ,0,0,0,0,0,0,0,0,0,-74000,0,0,0,0,74000,-74000,-74000
063536,美食統一01購01  ,0,0,0,0,0,0,0,0,0,-74000,0,0,0,267000,341000,-74000,-74000
063394,金像電群益9B購01,0,0,0,0,0,0,0,0,0,-74000,0,0,0,35000,109000,-74000,-74000
07731P,臺股指凱基9A售28,0,0,0,0,0,0,0,0,0,-75000,0,0,0,35000,110000,-75000,-75000
065334,立積國票01購02  ,0,0,0,0,0,0,0,0,0,-75000,0,0,0,0,75000,-75000,-75000
065463,大立光中信01購02,0,0,0,0,0,0,0,0,0,-75000,0,0,0,0,75000,-75000,-75000
059536,新光金凱基99購05,0,0,0,0,0,0,0,0,0,-75000,0,0,0,0,75000,-75000,-75000
058507,美律元大9A購01  ,0,0,0,0,0,0,0,0,0,-75000,0,0,0,0,75000,-75000,-75000
061040,康友永豐9A購01  ,0,0,0,0,0,0,0,0,0,-75000,0,0,0,75000,150000,-75000,-75000
063807,超眾兆豐01購01  ,0,0,0,0,0,0,0,0,0,-75000,0,0,0,10000,85000,-75000,-75000
064520,京鼎群益02購01  ,0,0,0,0,0,0,0,0,0,-75000,0,0,0,110000,185000,-75000,-75000
06457P,玉晶光統一98售02,0,0,0,0,0,0,0,0,0,-75000,0,0,0,24000,99000,-75000,-75000
065244,聯發科兆豐9C購05,0,0,0,0,0,0,0,0,0,-76000,0,0,0,20000,96000,-76000,-76000
064827,友達統一02購02  ,0,0,0,0,0,0,0,0,0,-76000,0,0,0,0,76000,-76000,-76000
064789,和大國票01購01  ,0,0,0,0,0,0,0,0,0,-76000,0,0,0,24000,100000,-76000,-76000
07086P,力成元富9C售01  ,0,0,0,0,0,0,0,0,0,-76000,0,0,0,106000,182000,-76000,-76000
060466,玉山金元大9A購01,0,0,0,0,0,0,0,0,0,-76000,0,0,0,5000,81000,-76000,-76000
057178,可成元大98購03  ,0,0,0,0,0,0,0,0,0,-76000,0,0,0,1000,77000,-76000,-76000
042792,T50反1台新9C購01,0,0,0,0,0,0,0,0,0,-76000,0,0,0,0,76000,-76000,-76000
058297,茂林凱基9A購02  ,0,0,0,0,0,0,0,0,0,-76000,0,0,0,0,76000,-76000,-76000
064400,大成鋼凱基01購01,0,0,0,0,0,0,0,0,0,-76000,0,0,0,0,76000,-76000,-76000
064211,友達凱基02購01  ,0,0,0,0,0,0,0,0,0,-76000,0,0,0,30000,106000,-76000,-76000
064059,新日興麥證01購01,0,0,0,100000,193000,-93000,0,0,0,-76000,0,0,0,117000,193000,-76000,-76000
062336,茂林統一01購02  ,0,0,0,0,0,0,0,0,0,-76000,0,0,0,0,76000,-76000,-76000
064800,鴻海元大9C購12  ,0,0,0,0,0,0,0,0,0,-77000,0,0,0,0,77000,-77000,-77000
065399,新日興群益01購01,0,0,0,0,0,0,0,0,0,-77000,0,0,0,0,77000,-77000,-77000
2731,雄獅            ,20000,97000,-77000,0,0,0,0,0,0,0,0,0,0,0,0,0,-77000
3010,華立            ,70000,147000,-77000,0,0,0,0,0,0,0,2000,2000,0,0,0,0,-77000
054935,華通元大98購03  ,0,0,0,0,0,0,0,0,0,-77000,0,0,0,31000,108000,-77000,-77000
057495,牧德元大99購04  ,0,0,0,0,0,0,0,0,0,-77000,0,0,0,2000,79000,-77000,-77000
060326,群光群益9A購01  ,0,0,0,0,0,0,0,0,0,-77000,0,0,0,80000,157000,-77000,-77000
058750,緯穎凱基9A購03  ,0,0,0,0,0,0,0,0,0,-77000,0,0,0,24000,101000,-77000,-77000
063038,富邦金凱基9B購02,0,0,0,0,0,0,0,0,0,-77000,0,0,0,128000,205000,-77000,-77000
063073,瑞昱永豐9B購01  ,0,0,0,0,0,0,0,0,0,-77000,0,0,0,0,77000,-77000,-77000
064034,台表科元大9C購07,0,0,0,0,0,0,0,0,0,-77000,0,0,0,169000,246000,-77000,-77000
064105,南茂群益9C購01  ,0,0,0,0,0,0,0,0,0,-77000,0,0,0,10000,87000,-77000,-77000
063518,儒鴻凱基9B購02  ,0,0,0,0,0,0,0,0,0,-77000,0,0,0,15000,92000,-77000,-77000
08125P,聯茂群益9B售02  ,0,0,0,0,0,0,0,0,0,-78000,0,0,0,7000,85000,-78000,-78000
065064,創意群益9C購02  ,0,0,0,0,0,0,0,0,0,-78000,0,0,0,123000,201000,-78000,-78000
03840P,台積電統一99售02,0,0,0,0,0,0,0,0,0,-78000,0,0,0,0,78000,-78000,-78000
057646,玉山金元大98購01,0,0,0,0,0,0,0,0,0,-78000,0,0,0,0,78000,-78000,-78000
057649,嘉聯益元大99購04,0,0,0,0,0,0,0,0,0,-78000,0,0,0,21000,99000,-78000,-78000
059503,大立光富邦9B購04,0,0,0,0,0,0,0,0,0,-78000,0,0,0,2000,80000,-78000,-78000
058701,鴻海元大99購16  ,0,0,0,0,0,0,0,0,0,-78000,0,0,0,0,78000,-78000,-78000
062002,鴻海國泰01購01  ,0,0,0,0,0,0,0,0,0,-78000,0,0,0,7000,85000,-78000,-78000
058287,國巨國票9A購02  ,0,0,0,0,0,0,0,0,0,-78000,0,0,0,379000,457000,-78000,-78000
061154,可成群益9B購04  ,0,0,0,0,0,0,0,0,0,-78000,0,0,0,20000,98000,-78000,-78000
063610,儒鴻群益9B購02  ,0,0,0,0,0,0,0,0,0,-78000,0,0,0,20000,98000,-78000,-78000
064768,仁寶中信03購01  ,0,0,0,0,0,0,0,0,0,-78000,0,0,0,0,78000,-78000,-78000
063273,緯穎兆豐9C購01  ,0,0,0,0,0,0,0,0,0,-78000,0,0,0,5000,83000,-78000,-78000
065019,華邦電富邦9C購01,0,0,0,0,0,0,0,0,0,-79000,0,0,0,83000,162000,-79000,-79000
065043,新光金凱基02購01,0,0,0,0,0,0,0,0,0,-79000,0,0,0,0,79000,-79000,-79000
060417,正隆永豐9A購01  ,0,0,0,0,0,0,0,0,0,-79000,0,0,0,49000,128000,-79000,-79000
060043,全新群益9B購02  ,0,0,0,0,0,0,0,0,0,-79000,0,0,0,0,79000,-79000,-79000
054533,泰碩國泰98購01  ,0,0,0,0,0,0,0,0,0,-79000,0,0,0,0,79000,-79000,-79000
062013,奇鋐富邦9B購01  ,0,0,0,0,0,0,0,0,0,-79000,0,0,0,0,79000,-79000,-79000
058768,南港兆豐99購01  ,0,0,0,0,0,0,0,0,0,-79000,0,0,0,6000,85000,-79000,-79000
061394,FBVIX統一9B購01 ,0,0,0,0,0,0,0,0,0,-79000,0,0,0,15000,94000,-79000,-79000
063163,京元電永豐9B購01,0,0,0,0,0,0,0,0,0,-79000,0,0,0,0,79000,-79000,-79000
4943,康控-KY         ,146000,215000,-69000,0,0,0,0,0,0,-10000,0,0,0,11000,21000,-10000,-79000
06478P,臺股指日盛9A售01,0,0,0,0,0,0,0,0,0,-80000,0,0,0,0,80000,-80000,-80000
06564P,國巨富邦9A售04  ,0,0,0,0,0,0,0,0,0,-80000,0,0,0,20000,100000,-80000,-80000
1307,三芳            ,39000,119000,-80000,0,0,0,0,0,0,0,0,0,0,0,0,0,-80000
3518,柏騰            ,108000,188000,-80000,0,0,0,0,0,0,0,0,0,0,0,0,0,-80000
2332,友訊            ,0,80000,-80000,0,0,0,0,0,0,0,0,0,0,0,0,0,-80000
053742,創意國票97購01  ,0,0,0,0,0,0,0,0,0,-80000,0,0,0,0,80000,-80000,-80000
057618,台光電凱基99購01,0,0,0,0,0,0,0,0,0,-80000,0,0,0,10000,90000,-80000,-80000
057133,京鼎凱基98購02  ,0,0,0,0,0,0,0,0,0,-80000,0,0,0,0,80000,-80000,-80000
060054,華新科凱基9B購04,0,0,0,0,0,0,0,0,0,-80000,0,0,0,190000,270000,-80000,-80000
060493,美律元富01購01  ,0,0,0,0,0,0,0,0,0,-80000,0,0,0,5000,85000,-80000,-80000
056279,新日興富邦99購01,0,0,0,0,0,0,0,0,0,-80000,0,0,0,108000,188000,-80000,-80000
056012,勤誠中信99購01  ,0,0,0,0,0,0,0,0,0,-80000,0,0,0,0,80000,-80000,-80000
061391,晶技群益9A購02  ,0,0,0,0,0,0,0,0,0,-80000,0,0,0,0,80000,-80000,-80000
05952P,台積電國票97售06,0,0,0,0,0,0,0,0,0,-80000,0,0,0,0,80000,-80000,-80000
058985,可成凱基99購03  ,0,0,0,0,0,0,0,0,0,-80000,0,0,0,20000,100000,-80000,-80000
061308,元金2X中信9A購01,0,0,0,0,0,0,0,0,0,-80000,0,0,0,0,80000,-80000,-80000
063072,裕隆永豐9B購01  ,0,0,0,0,0,0,0,0,0,-80000,0,0,0,68000,148000,-80000,-80000
063258,緯穎國泰9C購01  ,0,0,0,0,0,0,0,0,0,-80000,0,0,0,36000,116000,-80000,-80000
062716,鴻海凱基9B購06  ,0,0,0,0,0,0,0,0,0,-80000,0,0,0,1000,81000,-80000,-80000
08521P,台達電元大9C售03,0,0,0,0,0,0,0,0,0,-81000,0,0,0,0,81000,-81000,-81000
065103,南六元大9C購06  ,0,0,0,0,0,0,0,0,0,-81000,0,0,0,11000,92000,-81000,-81000
057691,健策凱基99購01  ,0,0,0,0,0,0,0,0,0,-81000,0,0,0,104000,185000,-81000,-81000
051431,群創元富99購02  ,0,0,0,0,0,0,0,0,0,-81000,0,0,0,0,81000,-81000,-81000
058851,大立光群益99購07,0,0,0,0,0,0,0,0,0,-81000,0,0,0,0,81000,-81000,-81000
062003,國巨國泰01購01  ,0,0,0,0,0,0,0,0,0,-81000,0,0,0,13000,94000,-81000,-81000
062127,台勝科統一01購02,100000,0,100000,0,0,0,0,0,0,-181000,0,0,0,0,181000,-181000,-81000
062694,遠東新元大9B購01,0,0,0,0,0,0,0,0,0,-81000,0,0,0,50000,131000,-81000,-81000
063413,台積電麥證01購01,0,0,0,0,81000,-81000,0,0,0,-81000,0,0,0,0,81000,-81000,-81000
063847,聯發科元大9C購03,0,0,0,0,0,0,0,0,0,-81000,0,0,0,28000,109000,-81000,-81000
06624P,訊芯元大98售06  ,0,0,0,0,0,0,0,0,0,-82000,0,0,0,18000,100000,-82000,-82000
06822P,上銀富邦99售03  ,0,0,0,0,0,0,0,0,0,-82000,0,0,0,180000,262000,-82000,-82000
3583,辛耘            ,49000,131000,-82000,0,0,0,0,0,0,0,0,0,0,0,0,0,-82000
2727,王品            ,31000,113000,-82000,0,0,0,0,0,0,0,0,0,0,0,0,0,-82000
056068,欣興元大97購05  ,0,0,0,0,0,0,0,0,0,-82000,0,0,0,17000,99000,-82000,-82000
057823,神達元大98購01  ,0,0,0,0,0,0,0,0,0,-82000,0,0,0,129000,211000,-82000,-82000
057815,信邦元大98購01  ,0,0,0,0,0,0,0,0,0,-82000,0,0,0,24000,106000,-82000,-82000
056327,樺漢兆豐98購01  ,0,0,0,0,0,0,0,0,0,-82000,0,0,0,159000,241000,-82000,-82000
056864,新日興群益99購01,0,0,0,0,0,0,0,0,0,-82000,0,0,0,0,82000,-82000,-82000
062027,國泰金群益9B購01,0,0,0,0,0,0,0,0,0,-82000,0,0,0,45000,127000,-82000,-82000
061427,旭富元大9A購02  ,0,0,0,0,0,0,0,0,0,-82000,0,0,0,40000,122000,-82000,-82000
061413,台勝科群益9A購01,0,0,0,0,0,0,0,0,0,-82000,0,0,0,131000,213000,-82000,-82000
061722,健策永豐9B購03  ,0,0,0,0,0,0,0,0,0,-82000,0,0,0,10000,92000,-82000,-82000
8016,矽創            ,488000,562000,-74000,0,0,0,0,0,0,-8000,6000,0,6000,2000,16000,-14000,-82000
6670,復盛應用        ,47000,96000,-49000,0,0,0,0,32000,-32000,-1000,10000,11000,-1000,0,0,0,-82000
5269,祥碩            ,181000,296009,-115009,0,0,0,2000,0,2000,31000,46000,7000,39000,4000,12000,-8000,-82009
1423,利華            ,57000,140000,-83000,0,0,0,0,0,0,0,0,0,0,0,0,0,-83000
08010P,大成鋼元大9B售01,0,0,0,0,0,0,0,0,0,-83000,0,0,0,30000,113000,-83000,-83000
06825P,臺股指國票98售01,0,0,0,0,0,0,0,0,0,-83000,0,0,0,0,83000,-83000,-83000
06569P,可成永豐98售01  ,0,0,0,0,0,0,0,0,0,-83000,0,0,0,25000,108000,-83000,-83000
065246,旭富兆豐01購01  ,0,0,0,0,0,0,0,0,0,-83000,0,0,0,0,83000,-83000,-83000
064788,台汽電群益9C購01,0,0,0,0,0,0,0,0,0,-83000,0,0,0,126000,209000,-83000,-83000
00641R,富邦日本反1     ,3000,25000,-22000,0,0,0,0,0,0,-61000,0,0,0,184000,245000,-61000,-83000
058004,大立光群益98購03,0,0,0,0,0,0,0,0,0,-83000,0,0,0,21000,104000,-83000,-83000
063729,國巨元大9C購08  ,0,0,0,0,0,0,0,0,0,-83000,0,0,0,80000,163000,-83000,-83000
064686,鴻海群益01購03  ,0,0,0,0,0,0,0,0,0,-83000,0,0,0,33000,116000,-83000,-83000
062192,南六元大9B購01  ,0,0,0,0,0,0,0,0,0,-83000,0,0,0,10000,93000,-83000,-83000
1104,環泥            ,24000,107321,-83321,0,0,0,0,0,0,0,0,0,0,0,0,0,-83321
2348,海悅            ,418000,527000,-109000,0,0,0,0,0,0,25000,25000,0,25000,0,0,0,-84000
065011,智邦國泰02購01  ,0,0,0,0,0,0,0,0,0,-84000,0,0,0,4000,88000,-84000,-84000
057876,隆達元大98購01  ,0,0,0,0,0,0,0,0,0,-84000,0,0,0,16000,100000,-84000,-84000
060416,神隆永豐9A購01  ,0,0,0,0,0,0,0,0,0,-84000,0,0,0,18000,102000,-84000,-84000
061644,健策元大9C購02  ,0,0,0,0,0,0,0,0,0,-84000,0,0,0,80000,164000,-84000,-84000
060833,道瓊反國票9A購01,0,0,0,0,0,0,0,0,0,-84000,0,0,0,294000,378000,-84000,-84000
062944,茂林凱基9B購02  ,0,0,0,0,0,0,0,0,0,-84000,0,0,0,40000,124000,-84000,-84000
063634,台光電元大9B購09,0,0,0,0,0,0,0,0,0,-84000,0,0,0,0,84000,-84000,-84000
063954,世芯元大01購02  ,0,0,0,0,0,0,0,0,0,-84000,0,0,0,337000,421000,-84000,-84000
065044,大立光凱基9C購06,0,0,0,0,0,0,0,0,0,-85000,0,0,0,0,85000,-85000,-85000
065299,燿華元富9C購02  ,0,0,0,0,0,0,0,0,0,-85000,0,0,0,0,85000,-85000,-85000
065355,聯發科元富03購05,0,0,0,0,0,0,0,0,0,-85000,0,0,0,0,85000,-85000,-85000
07106P,國巨統一9B售05  ,0,0,0,0,0,0,0,0,0,-85000,0,0,0,10000,95000,-85000,-85000
07368P,國巨凱基99售19  ,0,0,0,0,0,0,0,0,0,-85000,0,0,0,20000,105000,-85000,-85000
056417,欣興中信98購01  ,0,0,0,0,0,0,0,0,0,-85000,0,0,0,110000,195000,-85000,-85000
054555,欣興凱基98購01  ,0,0,0,0,0,0,0,0,0,-85000,0,0,0,28000,113000,-85000,-85000
060363,美律元富9A購01  ,0,0,0,0,0,0,0,0,0,-85000,0,0,0,9000,94000,-85000,-85000
060638,玉晶光永豐9A購04,0,0,0,0,0,0,0,0,0,-85000,0,0,0,97000,182000,-85000,-85000
061266,國泰金凱基9B購01,0,0,0,0,0,0,0,0,0,-85000,0,0,0,4000,89000,-85000,-85000
061004,友達兆豐9A購01  ,0,0,0,0,0,0,0,0,0,-85000,0,0,0,0,85000,-85000,-85000
058184,鴻海永豐99購01  ,0,0,0,0,0,0,0,0,0,-85000,0,0,0,0,85000,-85000,-85000
061687,大成鋼群益9A購01,0,0,0,0,0,0,0,0,0,-85000,0,0,0,10000,95000,-85000,-85000
061514,泰碩永豐9A購02  ,0,0,0,0,0,0,0,0,0,-85000,0,0,0,0,85000,-85000,-85000
062043,牧德凱基9B購04  ,0,0,0,0,0,0,0,0,0,-85000,0,0,0,0,85000,-85000,-85000
058897,國巨元大99購17  ,0,0,0,0,0,0,0,0,0,-85000,0,0,0,75000,160000,-85000,-85000
063941,國巨元大9C購12  ,0,0,0,0,0,0,0,0,0,-85000,0,0,0,110000,195000,-85000,-85000
063870,健策永豐01購01  ,0,0,0,0,0,0,0,0,0,-85000,0,0,0,9000,94000,-85000,-85000
063545,華通兆豐9B購03  ,0,0,0,0,0,0,0,0,0,-85000,0,0,0,0,85000,-85000,-85000
064610,儒鴻元大9C購03  ,0,0,0,0,0,0,0,0,0,-85000,0,0,0,53000,138000,-85000,-85000
064376,美律元富9C購01  ,0,0,0,0,0,0,0,0,0,-85000,0,0,0,0,85000,-85000,-85000
063228,聯茂群益9B購01  ,0,0,0,0,0,0,0,0,0,-85000,0,0,0,2000,87000,-85000,-85000
062704,大毅元大9C購01  ,0,0,0,0,0,0,0,0,0,-85000,0,0,0,145000,230000,-85000,-85000
062814,台光電兆豐9B購01,0,0,0,0,0,0,0,0,0,-85000,0,0,0,0,85000,-85000,-85000
4956,光鋐            ,205000,289000,-84000,0,0,0,0,0,0,-1000,0,1000,-1000,0,0,0,-85000
065180,台表科元大9C購10,0,0,0,0,0,0,0,0,0,-86000,0,0,0,125000,211000,-86000,-86000
057828,緯穎元大99購02  ,0,0,0,0,0,0,0,0,0,-86000,0,0,0,85000,171000,-86000,-86000
058278,FBVIX中信03購02 ,0,0,0,0,0,0,0,0,0,-86000,0,0,0,0,86000,-86000,-86000
061055,康控群益9A購01  ,0,0,0,0,0,0,0,0,0,-86000,0,0,0,12000,98000,-86000,-86000
062153,智邦麥證9B購01  ,0,0,0,0,86000,-86000,0,0,0,-86000,0,0,0,0,86000,-86000,-86000
063515,香港2X凱基01購01,0,0,0,0,0,0,0,0,0,-86000,0,0,0,40000,126000,-86000,-86000
064472,國巨麥證9C購03  ,0,0,0,214000,300000,-86000,0,0,0,-86000,0,0,0,214000,300000,-86000,-86000
064552,巨大凱基01購01  ,0,0,0,0,0,0,0,0,0,-86000,0,0,0,50000,136000,-86000,-86000
063655,華通元富9B購01  ,0,0,0,0,0,0,0,0,0,-86000,0,0,0,0,86000,-86000,-86000
063914,和碩凱基9C購01  ,0,0,0,0,0,0,0,0,0,-86000,0,0,0,240000,326000,-86000,-86000
07800P,華新科國泰9B售04,0,0,0,0,0,0,0,0,0,-87000,0,0,0,39000,126000,-87000,-87000
3437,榮創            ,115000,200000,-85000,0,0,0,0,0,0,-2000,0,2000,-2000,0,0,0,-87000
056738,國巨凱基9A購02  ,0,0,0,0,0,0,0,0,0,-87000,0,0,0,35000,122000,-87000,-87000
057606,健策統一98購03  ,0,0,0,0,0,0,0,0,0,-87000,0,0,0,0,87000,-87000,-87000
064726,創意統一01購03  ,0,0,0,0,0,0,0,0,0,-87000,0,0,0,386000,473000,-87000,-87000
064742,奇鋐國票01購02  ,0,0,0,0,0,0,0,0,0,-87000,0,0,0,35000,122000,-87000,-87000
064475,台積電國泰02購03,0,0,0,0,0,0,0,0,0,-87000,0,0,0,179000,266000,-87000,-87000
063444,金像電統一03購01,0,0,0,0,0,0,0,0,0,-87000,0,0,0,0,87000,-87000,-87000
063387,台積電兆豐9B購03,0,0,0,0,0,0,0,0,0,-87000,0,0,0,10000,97000,-87000,-87000
063107,矽創群益9B購01  ,0,0,0,0,0,0,0,0,0,-87000,0,0,0,56000,143000,-87000,-87000
062206,緯創國票9B購01  ,0,0,0,0,0,0,0,0,0,-87000,0,0,0,0,87000,-87000,-87000
062403,健策永豐9B購06  ,0,0,0,0,0,0,0,0,0,-87000,0,0,0,8000,95000,-87000,-87000
08105P,景碩元大9B售01  ,0,0,0,0,0,0,0,0,0,-88000,0,0,0,22000,110000,-88000,-88000
07392P,台積電國泰02售01,0,0,0,0,0,0,0,0,0,-88000,0,0,0,35000,123000,-88000,-88000
057530,奇鋐元大99購01  ,0,0,0,0,0,0,0,0,0,-88000,0,0,0,11000,99000,-88000,-88000
055487,國巨元大98購07  ,0,0,0,0,0,0,0,0,0,-88000,0,0,0,136000,224000,-88000,-88000
03682C,臺股指凱基9C牛07,0,0,0,0,0,0,0,0,0,-88000,0,0,0,205000,293000,-88000,-88000
056658,美食元大98購01  ,0,0,0,0,0,0,0,0,0,-88000,0,0,0,0,88000,-88000,-88000
056936,禾伸堂元富98購01,0,0,0,0,0,0,0,0,0,-88000,0,0,0,76000,164000,-88000,-88000
058576,南亞科群益99購01,0,0,0,0,0,0,0,0,0,-88000,0,0,0,10000,98000,-88000,-88000
061212,聯鈞元大9A購04  ,0,0,0,0,0,0,0,0,0,-88000,0,0,0,113000,201000,-88000,-88000
058399,美律元大99購05  ,0,0,0,0,0,0,0,0,0,-88000,0,0,0,0,88000,-88000,-88000
061470,鈺齊群益9A購02  ,0,0,0,0,0,0,0,0,0,-88000,0,0,0,36000,124000,-88000,-88000
061768,晶技元大9B購02  ,0,0,0,0,0,0,0,0,0,-88000,0,0,0,0,88000,-88000,-88000
062340,力成麥證9B購01  ,0,0,0,0,88000,-88000,0,0,0,-88000,0,0,0,0,88000,-88000,-88000
062248,國巨元大9B購08  ,0,0,0,0,0,0,0,0,0,-88000,0,0,0,56000,144000,-88000,-88000
062573,大毅群益9B購03  ,0,0,0,0,0,0,0,0,0,-88000,0,0,0,420000,508000,-88000,-88000
064493,南亞科元大9C購01,0,0,0,0,0,0,0,0,0,-88000,0,0,0,0,88000,-88000,-88000
063602,金像電凱基9B購04,0,0,0,0,0,0,0,0,0,-88000,0,0,0,0,88000,-88000,-88000
06377P,華通統一97售04  ,0,0,0,0,0,0,0,0,0,-88000,0,0,0,68000,156000,-88000,-88000
5258,虹堡            ,246000,333000,-87000,0,0,0,0,0,0,-1000,0,1000,-1000,0,0,0,-88000
6558,興能高          ,73000,161000,-88000,0,0,0,0,0,0,0,0,0,0,0,0,0,-88000
060087,鴻海元大99購43  ,0,0,0,0,0,0,0,0,0,-89000,0,0,0,0,89000,-89000,-89000
061633,統一元大9A購01  ,0,8000,-8000,0,0,0,0,0,0,-81000,0,0,0,11000,92000,-81000,-89000
061974,光寶科元大9B購01,0,0,0,0,0,0,0,0,0,-89000,0,0,0,197000,286000,-89000,-89000
058480,新日興凱基9A購01,0,0,0,0,0,0,0,0,0,-89000,0,0,0,191000,280000,-89000,-89000
058082,美律群益98購05  ,0,0,0,0,0,0,0,0,0,-89000,0,0,0,0,89000,-89000,-89000
063966,大毅國票01購01  ,0,0,0,0,0,0,0,0,0,-89000,0,0,0,110000,199000,-89000,-89000
064175,華通國泰02購01  ,0,0,0,0,0,0,0,0,0,-89000,0,0,0,1000,90000,-89000,-89000
062822,力成兆豐9B購01  ,0,0,0,0,0,0,0,0,0,-89000,0,0,0,60000,149000,-89000,-89000
062187,台勝科元大9B購02,0,0,0,0,0,0,0,0,0,-89000,0,0,0,10000,99000,-89000,-89000
063479,南六元大9B購06  ,0,0,0,0,0,0,0,0,0,-89000,0,0,0,20000,109000,-89000,-89000
07500P,微星元大9A售01  ,0,0,0,0,0,0,0,0,0,-90000,0,0,0,10000,100000,-90000,-90000
07126P,台積電元大99售23,0,0,0,0,0,0,0,0,0,-90000,0,0,0,0,90000,-90000,-90000
065160,聯茂群益9C購02  ,0,0,0,0,0,0,0,0,0,-90000,0,0,0,2000,92000,-90000,-90000
08247P,台積電群益9C售06,0,0,0,0,0,0,0,0,0,-90000,0,0,0,310000,400000,-90000,-90000
3209,全科            ,65000,155000,-90000,0,0,0,0,0,0,0,0,0,0,0,0,0,-90000
056869,國巨日盛99購03  ,0,0,0,0,0,0,0,0,0,-90000,0,0,0,223000,313000,-90000,-90000
054771,茂林國票98購02  ,0,0,0,0,0,0,0,0,0,-90000,0,0,0,81000,171000,-90000,-90000
054893,帆宣統一99購01  ,0,0,0,0,0,0,0,0,0,-90000,0,0,0,75000,165000,-90000,-90000
058544,FBVIX富邦9B購01 ,0,0,0,0,0,0,0,0,0,-90000,0,0,0,3000,93000,-90000,-90000
061568,國巨元大9A購25  ,0,0,0,0,0,0,0,0,0,-90000,0,0,0,90000,180000,-90000,-90000
059919,宏達電元大99購06,0,0,0,0,0,0,0,0,0,-90000,0,0,0,46000,136000,-90000,-90000
063039,大立光凱基9C購02,0,0,0,0,0,0,0,0,0,-90000,0,0,0,60000,150000,-90000,-90000
062201,臺指反國票9B購05,0,0,0,0,0,0,0,0,0,-90000,0,0,0,40000,130000,-90000,-90000
062282,禾伸堂群益9B購01,0,0,0,0,0,0,0,0,0,-90000,0,0,0,0,90000,-90000,-90000
062651,世紀鋼富邦9C購01,0,0,0,0,0,0,0,0,0,-90000,0,0,0,30000,120000,-90000,-90000
064388,緯穎富邦9C購01  ,0,0,0,0,0,0,0,0,0,-90000,0,0,0,31000,121000,-90000,-90000
064589,聯鈞永豐9C購01  ,0,0,0,0,0,0,0,0,0,-90000,0,0,0,0,90000,-90000,-90000
063881,嘉晶元富9C購01  ,0,0,0,0,0,0,0,0,0,-90000,0,0,0,153000,243000,-90000,-90000
063772,智邦富邦9B購02  ,0,0,0,0,0,0,0,0,0,-90000,0,0,0,10000,100000,-90000,-90000
2023,燁輝            ,202000,293000,-91000,0,0,0,0,0,0,0,0,0,0,0,0,0,-91000
07576P,可成元大9A售01  ,0,0,0,0,0,0,0,0,0,-91000,0,0,0,100000,191000,-91000,-91000
056412,上証2X中信9A購02,0,0,0,0,0,0,0,0,0,-91000,0,0,0,0,91000,-91000,-91000
057243,樺漢凱基99購01  ,0,0,0,0,0,0,0,0,0,-91000,0,0,0,24000,115000,-91000,-91000
058797,大毅元大99購03  ,0,0,0,0,0,0,0,0,0,-91000,0,0,0,94000,185000,-91000,-91000
059043,聯電日盛99購01  ,0,0,0,0,0,0,0,0,0,-91000,0,0,0,0,91000,-91000,-91000
063622,健策兆豐9B購01  ,0,0,0,0,0,0,0,0,0,-91000,0,0,0,50000,141000,-91000,-91000
064612,聯電元大01購01  ,0,0,0,0,0,0,0,0,0,-91000,0,0,0,98000,189000,-91000,-91000
064293,勤誠元大9C購01  ,0,0,0,0,0,0,0,0,0,-91000,0,0,0,51000,142000,-91000,-91000
064794,牧德國票01購01  ,0,0,0,0,0,0,0,0,0,-92000,0,0,0,18000,110000,-92000,-92000
08243P,祥碩凱基9C售02  ,0,0,0,0,0,0,0,0,0,-92000,0,0,0,60000,152000,-92000,-92000
08115P,聯發科凱基9B售13,0,0,0,0,0,0,0,0,0,-92000,0,0,0,60000,152000,-92000,-92000
059118,晶技永豐9A購01  ,0,0,0,0,0,0,0,0,0,-92000,0,0,0,34000,126000,-92000,-92000
059807,大立光元富99購09,17000,16000,1000,0,0,0,0,0,0,-93000,0,0,0,16000,109000,-93000,-92000
061042,致新永豐9A購02  ,0,0,0,0,0,0,0,0,0,-92000,0,0,0,128000,220000,-92000,-92000
062543,華通富邦9C購01  ,0,0,0,0,0,0,0,0,0,-92000,0,0,0,10000,102000,-92000,-92000
062373,泰鼎元大9B購01  ,0,0,0,0,0,0,0,0,0,-92000,0,0,0,7000,99000,-92000,-92000
6189,豐藝            ,31000,123000,-92000,0,0,0,0,0,0,0,0,0,0,0,0,0,-92000
8261,富鼎            ,37000,129000,-92000,0,0,0,0,0,0,0,1000,1000,0,0,0,0,-92000
3311,閎暉            ,38000,131000,-93000,0,0,0,0,0,0,0,1000,1000,0,0,0,0,-93000
07579P,聯茂元大9A售01  ,0,0,0,0,0,0,0,0,0,-93000,0,0,0,12000,105000,-93000,-93000
06847P,奇力新元大98售05,0,0,0,0,0,0,0,0,0,-93000,0,0,0,7000,100000,-93000,-93000
054531,聯發科國泰97購02,0,0,0,0,0,0,0,0,0,-93000,0,0,0,2000,95000,-93000,-93000
054201,聯詠富邦97購02  ,0,0,0,0,0,0,0,0,0,-93000,0,0,0,8000,101000,-93000,-93000
061122,敬鵬永豐9A購01  ,0,0,0,0,0,0,0,0,0,-93000,0,0,0,0,93000,-93000,-93000
059534,國泰金凱基99購01,0,0,0,0,0,0,0,0,0,-93000,0,0,0,35000,128000,-93000,-93000
062884,康控兆豐9C購01  ,0,0,0,0,0,0,0,0,0,-93000,0,0,0,107000,200000,-93000,-93000
063921,大立光元富9C購03,0,0,0,0,0,0,0,0,0,-93000,0,0,0,2000,95000,-93000,-93000
4976,佳凌            ,56000,148000,-92000,0,0,0,0,0,0,-1000,1000,2000,-1000,0,0,0,-93000
9941,裕融            ,19000,112000,-93000,0,0,0,0,0,0,0,0,0,0,0,0,0,-93000
07014P,華通元大99售04  ,0,0,0,0,0,0,0,0,0,-94000,0,0,0,11000,105000,-94000,-94000
065403,健鼎國泰02購01  ,0,0,0,0,0,0,0,0,0,-94000,0,0,0,0,94000,-94000,-94000
2908,特力            ,45000,139000,-94000,0,0,0,0,0,0,0,0,0,0,0,0,0,-94000
07998P,聯電凱基9C售01  ,0,0,0,0,0,0,0,0,0,-94000,0,0,0,26000,120000,-94000,-94000
057120,茂林康和98購01  ,0,0,0,0,0,0,0,0,0,-94000,0,0,0,0,94000,-94000,-94000
064566,大立光群益9C購04,0,0,0,0,0,0,0,0,0,-94000,0,0,0,0,94000,-94000,-94000
062885,臻鼎兆豐9C購01  ,0,0,0,0,0,0,0,0,0,-94000,0,0,0,314000,408000,-94000,-94000
4916,事欣科          ,13000,107000,-94000,0,0,0,0,0,0,0,0,0,0,0,0,0,-94000
8499,鼎炫-KY         ,23000,118000,-95000,0,0,0,0,0,0,1000,1000,0,1000,0,0,0,-94000
08411P,技嘉凱基9C售01  ,0,0,0,0,0,0,0,0,0,-95000,0,0,0,0,95000,-95000,-95000
065025,健策永豐9C購02  ,0,0,0,0,0,0,0,0,0,-95000,0,0,0,19000,114000,-95000,-95000
020008,元大特股高息N   ,0,0,0,0,0,0,0,0,0,-95000,0,0,0,10000,105000,-95000,-95000
055119,力成凱基98購01  ,0,0,0,0,0,0,0,0,0,-95000,0,0,0,0,95000,-95000,-95000
057355,彩晶統一98購03  ,0,0,0,0,0,0,0,0,0,-95000,0,0,0,5000,100000,-95000,-95000
056387,智伸科國泰99購01,0,0,0,0,0,0,0,0,0,-95000,0,0,0,0,95000,-95000,-95000
055829,上銀元大97購06  ,0,0,0,0,0,0,0,0,0,-95000,0,0,0,0,95000,-95000,-95000
060052,宏碁凱基99購01  ,0,0,0,0,0,0,0,0,0,-95000,0,0,0,0,95000,-95000,-95000
061799,奇鋐永豐9B購01  ,0,0,0,0,0,0,0,0,0,-95000,0,0,0,16000,111000,-95000,-95000
058309,大毅元大99購02  ,0,0,0,0,0,0,0,0,0,-95000,0,0,0,19000,114000,-95000,-95000
062288,南六群益9B購01  ,0,0,0,0,0,0,0,0,0,-95000,0,0,0,0,95000,-95000,-95000
064206,鴻海凱基03購02  ,0,0,0,0,0,0,0,0,0,-95000,0,0,0,47000,142000,-95000,-95000
063930,高鐵統一02購02  ,0,0,0,0,0,0,0,0,0,-95000,0,0,0,0,95000,-95000,-95000
063753,矽創國票9C購01  ,0,0,0,0,0,0,0,0,0,-95000,0,0,0,20000,115000,-95000,-95000
4720,德淵            ,141000,237000,-96000,0,0,0,0,0,0,1000,1000,0,1000,0,0,0,-95000
06763P,技嘉元大98售05  ,0,0,0,0,0,0,0,0,0,-96000,0,0,0,89000,185000,-96000,-96000
07670P,茂林元大9A售02  ,0,0,0,0,0,0,0,0,0,-96000,0,0,0,4000,100000,-96000,-96000
07457P,宏達電元大9A售01,0,0,0,0,0,0,0,0,0,-96000,0,0,0,21000,117000,-96000,-96000
060008,華邦電群益9A購01,0,0,0,0,0,0,0,0,0,-96000,0,0,0,87000,183000,-96000,-96000
056398,南茂永豐98購01  ,0,0,0,0,0,0,0,0,0,-96000,0,0,0,60000,156000,-96000,-96000
060172,智原台新9A購01  ,0,0,0,0,0,0,0,0,0,-96000,0,0,0,97000,193000,-96000,-96000
061389,華新科群益9B購01,0,0,0,0,0,0,0,0,0,-96000,0,0,0,13000,109000,-96000,-96000
063780,高鐵永豐9B購02  ,0,0,0,0,0,0,0,0,0,-96000,0,0,0,4000,100000,-96000,-96000
063829,晶技國票01購01  ,0,0,0,0,0,0,0,0,0,-96000,0,0,0,134000,230000,-96000,-96000
064018,儒鴻元大9C購02  ,0,0,0,0,0,0,0,0,0,-96000,0,0,0,13000,109000,-96000,-96000
08326P,臺股指凱基9C售09,0,0,0,0,0,0,0,0,0,-97000,0,0,0,10000,107000,-97000,-97000
2331,精英            ,49000,144000,-95000,0,0,0,0,0,0,-2000,3000,5000,-2000,0,0,0,-97000
056075,瀚宇博元大97購03,0,0,0,0,0,0,0,0,0,-97000,0,0,0,3000,100000,-97000,-97000
057087,台郡統一99購01  ,0,0,0,0,0,0,0,0,0,-97000,0,0,0,0,97000,-97000,-97000
057567,嘉聯益富邦9A購01,0,0,0,0,0,0,0,0,0,-97000,0,0,0,64000,161000,-97000,-97000
061613,南六統一9C購01  ,0,0,0,0,0,0,0,0,0,-97000,0,0,0,93000,190000,-97000,-97000
061668,信邦中信9B購01  ,0,0,0,0,0,0,0,0,0,-97000,0,0,0,85000,182000,-97000,-97000
064106,國巨兆豐9C購04  ,0,0,0,0,0,0,0,0,0,-97000,0,0,0,37000,134000,-97000,-97000
063711,高鐵凱基9B購01  ,0,0,0,0,0,0,0,0,0,-97000,0,0,0,3000,100000,-97000,-97000
063650,矽創元大9B購03  ,0,0,0,0,0,0,0,0,0,-97000,0,0,0,15000,112000,-97000,-97000
064568,聯鈞群益9C購01  ,10000,0,10000,0,0,0,0,0,0,-107000,0,0,0,199000,306000,-107000,-97000
062383,大立光國泰01購01,0,0,0,0,0,0,0,0,0,-97000,0,0,0,40000,137000,-97000,-97000
062406,臻鼎永豐9B購01  ,0,0,0,0,0,0,0,0,0,-97000,0,0,0,0,97000,-97000,-97000
08359P,緯創元大9C售02  ,0,0,0,0,0,0,0,0,0,-98000,0,0,0,0,98000,-98000,-98000
08241P,微星中信06售01  ,0,0,0,0,0,0,0,0,0,-98000,0,0,0,20000,118000,-98000,-98000
07420P,可成元大99售07  ,0,0,0,0,0,0,0,0,0,-98000,0,0,0,2000,100000,-98000,-98000
06766P,玉晶光元大99售10,0,0,0,0,0,0,0,0,0,-98000,0,0,0,25000,123000,-98000,-98000
065098,致伸元大9C購02  ,0,0,0,0,0,0,0,0,0,-98000,0,0,0,5000,103000,-98000,-98000
064894,漢唐群益9C購02  ,0,0,0,0,0,0,0,0,0,-98000,0,0,0,0,98000,-98000,-98000
064899,大立光群益9C購06,0,0,0,0,0,0,0,0,0,-98000,0,0,0,0,98000,-98000,-98000
065387,台光電兆豐9C購02,0,0,0,0,0,0,0,0,0,-98000,0,0,0,0,98000,-98000,-98000
055408,力成國泰98購01  ,0,0,0,0,0,0,0,0,0,-98000,0,0,0,45000,143000,-98000,-98000
056644,宏達電凱基98購04,0,0,0,0,0,0,0,0,0,-98000,0,0,0,49000,147000,-98000,-98000
057699,可成群益9A購02  ,0,0,0,0,0,0,0,0,0,-98000,0,0,0,0,98000,-98000,-98000
056376,玉晶光統一98購01,0,0,0,0,0,0,0,0,0,-98000,0,0,0,2000,100000,-98000,-98000
056200,大毅永豐98購01  ,0,0,0,0,0,0,0,0,0,-98000,0,0,0,0,98000,-98000,-98000
061742,奇鋐凱基9B購01  ,0,0,0,0,0,0,0,0,0,-98000,0,0,0,10000,108000,-98000,-98000
061711,台積電凱基9A購27,0,0,0,0,0,0,0,0,0,-98000,0,0,0,150000,248000,-98000,-98000
061543,南亞科群益9A購01,0,0,0,0,0,0,0,0,0,-98000,0,0,0,0,98000,-98000,-98000
062084,台郡元大9B購04  ,0,0,0,0,0,0,0,0,0,-98000,0,0,0,2000,100000,-98000,-98000
059544,創意亞東99購01  ,0,0,0,0,0,0,0,0,0,-98000,0,0,0,18000,116000,-98000,-98000
060813,高鐵凱基9A購01  ,0,0,0,0,0,0,0,0,0,-98000,0,0,0,51000,149000,-98000,-98000
062457,京元電群益9B購01,0,0,0,0,0,0,0,0,0,-98000,0,0,0,0,98000,-98000,-98000
063378,茂林永豐9B購02  ,0,0,0,0,0,0,0,0,0,-98000,0,0,0,8000,106000,-98000,-98000
064672,同欣電元大01購01,0,0,0,0,0,0,0,0,0,-98000,0,0,0,10000,108000,-98000,-98000
064378,群創元富9C購01  ,0,0,0,0,0,0,0,0,0,-98000,0,0,0,0,98000,-98000,-98000
063690,健鼎永豐9B購01  ,0,0,0,0,0,0,0,0,0,-98000,0,0,0,68000,166000,-98000,-98000
063922,大立光元富9C購04,0,0,0,0,0,0,0,0,0,-98000,0,0,0,62000,160000,-98000,-98000
063894,漢唐群益9C購01  ,0,0,0,0,0,0,0,0,0,-98000,0,0,0,0,98000,-98000,-98000
07728P,臺股指凱基9A售20,0,0,0,0,0,0,0,0,0,-99000,0,0,0,6000,105000,-99000,-99000
08357P,聯發科元大9C售09,0,0,0,0,0,0,0,0,0,-99000,0,0,0,0,99000,-99000,-99000
2464,盟立            ,49000,148000,-99000,0,0,0,0,0,0,0,7000,6000,1000,0,1000,-1000,-99000
060468,聯鈞元大9A購02  ,0,0,0,0,0,0,0,0,0,-99000,0,0,0,58000,157000,-99000,-99000
058373,晶技凱基99購02  ,0,0,0,0,0,0,0,0,0,-99000,0,0,0,0,99000,-99000,-99000
058062,上銀中信98購01  ,0,0,0,0,0,0,0,0,0,-99000,0,0,0,1000,100000,-99000,-99000
061451,南電中信9A購03  ,0,0,0,0,0,0,0,0,0,-99000,0,0,0,36000,135000,-99000,-99000
063560,力山元大9B購05  ,0,0,0,0,0,0,0,0,0,-99000,0,0,0,0,99000,-99000,-99000
064748,力成國票01購01  ,0,0,0,0,0,0,0,0,0,-99000,0,0,0,78000,177000,-99000,-99000
063280,燿華元大9B購05  ,0,0,0,0,0,0,0,0,0,-99000,0,0,0,51000,150000,-99000,-99000
062480,茂林國票9B購01  ,0,0,0,0,0,0,0,0,0,-99000,0,0,0,35000,134000,-99000,-99000
1527,鑽全            ,18000,119000,-101000,0,0,0,0,0,0,1000,4000,3000,1000,0,0,0,-100000
08343P,台灣50元大9C售37,0,0,0,0,0,0,0,0,0,-100000,0,0,0,0,100000,-100000,-100000
08437P,台郡群益9C售01  ,0,0,0,0,0,0,0,0,0,-100000,0,0,0,20000,120000,-100000,-100000
08028P,臺股指元大9B售30,0,0,0,0,0,0,0,0,0,-100000,0,0,0,0,100000,-100000,-100000
08047P,臺股指國票9B售12,0,0,0,0,0,0,0,0,0,-100000,0,0,0,3000,103000,-100000,-100000
07729P,臺股指凱基9A售21,0,0,0,0,0,0,0,0,0,-100000,0,0,0,100000,200000,-100000,-100000
07668P,旺宏元大9A售10  ,0,0,0,0,0,0,0,0,0,-100000,0,0,0,0,100000,-100000,-100000
07687P,上銀元大9A售06  ,0,0,0,0,0,0,0,0,0,-100000,0,0,0,0,100000,-100000,-100000
07688P,華通元大9A售07  ,0,0,0,0,0,0,0,0,0,-100000,0,0,0,0,100000,-100000,-100000
07689P,旺宏元大9A售13  ,0,0,0,0,0,0,0,0,0,-100000,0,0,0,0,100000,-100000,-100000
07712P,茂林元大9A售03  ,0,0,0,0,0,0,0,0,0,-100000,0,0,0,0,100000,-100000,-100000
07720P,臺股指群益9A售09,0,0,0,0,0,0,0,0,0,-100000,0,0,0,0,100000,-100000,-100000
07627P,超眾凱基9A售02  ,0,0,0,0,0,0,0,0,0,-100000,0,0,0,0,100000,-100000,-100000
07535P,上銀元富9A售03  ,0,0,0,0,0,0,0,0,0,-100000,0,0,0,23000,123000,-100000,-100000
06747P,大立光群益99售04,0,0,0,0,0,0,0,0,0,-100000,0,0,0,0,100000,-100000,-100000
06828P,臺股指國票98售04,0,0,0,0,0,0,0,0,0,-100000,0,0,0,1000,101000,-100000,-100000
065391,和大群益01購03  ,0,0,0,0,0,0,0,0,0,-100000,0,0,0,0,100000,-100000,-100000
065432,景碩凱基9C購03  ,0,0,0,0,0,0,0,0,0,-100000,0,0,0,1000,101000,-100000,-100000
065452,康友統一02購01  ,0,0,0,0,0,0,0,0,0,-100000,0,0,0,0,100000,-100000,-100000
064896,華新科群益01購02,0,0,0,0,0,0,0,0,0,-100000,0,0,0,102000,202000,-100000,-100000
064810,嘉晶元大01購01  ,0,0,0,0,0,0,0,0,0,-100000,0,0,0,58000,158000,-100000,-100000
064848,金像電元富9C購02,0,0,0,0,0,0,0,0,0,-100000,0,0,0,8000,108000,-100000,-100000
060259,潤泰全凱基9C購01,0,0,0,0,0,0,0,0,0,-100000,0,0,0,0,100000,-100000,-100000
056364,亞光元大99購02  ,0,0,0,0,0,0,0,0,0,-100000,0,0,0,0,100000,-100000,-100000
056409,麗豐國票99購01  ,0,0,0,0,0,0,0,0,0,-100000,0,0,0,70000,170000,-100000,-100000
056995,華新科日盛99購01,0,0,0,0,0,0,0,0,0,-100000,0,0,0,0,100000,-100000,-100000
057252,牧德元富98購01  ,0,0,0,0,0,0,0,0,0,-100000,0,0,0,100000,200000,-100000,-100000
056121,勤誠群益97購01  ,0,0,0,0,0,0,0,0,0,-100000,0,0,0,200000,300000,-100000,-100000
056819,奇力新永豐98購01,0,0,0,0,0,0,0,0,0,-100000,0,0,0,0,100000,-100000,-100000
03444B,臺股指元大9C熊02,0,0,0,0,0,0,0,0,0,-100000,0,0,0,0,100000,-100000,-100000
057515,智原元富98購02  ,0,0,0,0,0,0,0,0,0,-100000,0,0,0,0,100000,-100000,-100000
056470,旺宏元大99購01  ,0,0,0,0,0,0,0,0,0,-100000,0,0,0,68000,168000,-100000,-100000
054426,國泰金富邦97購02,0,0,0,0,0,0,0,0,0,-100000,0,0,0,0,100000,-100000,-100000
055609,旺宏國票99購01  ,0,0,0,0,0,0,0,0,0,-100000,0,0,0,0,100000,-100000,-100000
053782,京元電元大98購02,0,0,0,0,0,0,0,0,0,-100000,0,0,0,0,100000,-100000,-100000
055584,國巨元大97購11  ,0,0,0,0,0,0,0,0,0,-100000,0,0,0,0,100000,-100000,-100000
061622,臻鼎群益9A購01  ,0,0,0,0,0,0,0,0,0,-100000,0,0,0,0,100000,-100000,-100000
061829,T50反1凱基9C購02,0,0,0,0,0,0,0,0,0,-100000,0,0,0,0,100000,-100000,-100000
061905,上証反中信03購01,0,0,0,0,0,0,0,0,0,-100000,0,0,0,0,100000,-100000,-100000
058747,友達凱基9A購03  ,0,0,0,0,0,0,0,0,0,-100000,0,0,0,0,100000,-100000,-100000
059883,T50反1國票99購02,0,0,0,0,0,0,0,0,0,-100000,0,0,0,0,100000,-100000,-100000
058764,康友群益99購01  ,0,0,0,0,0,0,0,0,0,-100000,0,0,0,98000,198000,-100000,-100000
060884,超眾中信9B購01  ,0,0,0,0,0,0,0,0,0,-100000,0,0,0,0,100000,-100000,-100000
061315,滬深2X凱基9C購06,0,0,0,0,0,0,0,0,0,-100000,0,0,0,0,100000,-100000,-100000
059278,群創元大9A購04  ,0,0,0,0,0,0,0,0,0,-100000,0,0,0,0,100000,-100000,-100000
062299,台積電第一9B購01,0,0,0,0,0,0,0,0,0,-100000,0,0,0,0,100000,-100000,-100000
062258,奇力新元大9B購03,0,0,0,0,0,0,0,0,0,-100000,0,0,0,0,100000,-100000,-100000
062185,禾伸堂元大9B購01,0,0,0,0,0,0,0,0,0,-100000,0,0,0,0,100000,-100000,-100000
063246,嘉晶元大9C購01  ,0,0,0,0,0,0,0,0,0,-100000,0,0,0,72000,172000,-100000,-100000
062880,大立光兆豐9B購02,0,0,0,0,0,0,0,0,0,-100000,0,0,0,0,100000,-100000,-100000
062872,華通兆豐9C購01  ,0,0,0,0,0,0,0,0,0,-100000,0,0,0,0,100000,-100000,-100000
062932,滬深2X凱基01購01,0,0,0,0,0,0,0,0,0,-100000,0,0,0,0,100000,-100000,-100000
064756,友達凱基02購02  ,0,0,0,0,0,0,0,0,0,-100000,0,0,0,0,100000,-100000,-100000
064661,鴻海元大01購02  ,0,0,0,0,0,0,0,0,0,-100000,0,0,0,0,100000,-100000,-100000
064662,鴻海元大9C購10  ,0,0,0,0,0,0,0,0,0,-100000,0,0,0,0,100000,-100000,-100000
064542,聯電凱基02購01  ,0,0,0,0,0,0,0,0,0,-100000,0,0,0,0,100000,-100000,-100000
064574,達方群益01購01  ,0,0,0,0,0,0,0,0,0,-100000,0,0,0,0,100000,-100000,-100000
064377,宏達電元富9C購01,0,0,0,0,0,0,0,0,0,-100000,0,0,0,0,100000,-100000,-100000
064279,新光金元大01購01,0,0,0,0,0,0,0,0,0,-100000,0,0,0,0,100000,-100000,-100000
07147P,高鐵元大99售01  ,0,0,0,0,0,0,0,0,0,-101000,0,0,0,0,101000,-101000,-101000
08250P,GIS群益9C售02   ,0,0,0,0,0,0,0,0,0,-101000,0,0,0,100000,201000,-101000,-101000
057388,奇鋐永豐98購02  ,0,0,0,0,0,0,0,0,0,-101000,0,0,0,10000,111000,-101000,-101000
057001,華邦電國票99購02,0,0,0,0,0,0,0,0,0,-101000,0,0,0,0,101000,-101000,-101000
056413,上証反中信9A購01,0,0,0,0,0,0,0,0,0,-101000,0,0,0,0,101000,-101000,-101000
056431,鴻海凱基98購07  ,0,0,0,0,0,0,0,0,0,-101000,0,0,0,1000,102000,-101000,-101000
059078,FBVIX元大99購06 ,0,0,0,0,0,0,0,0,0,-101000,0,0,0,1000,102000,-101000,-101000
059909,鴻海元大99購36  ,0,0,0,0,0,0,0,0,0,-101000,0,0,0,60000,161000,-101000,-101000
059515,牧德永豐99購01  ,0,0,0,0,0,0,0,0,0,-101000,0,0,0,10000,111000,-101000,-101000
062012,燿華富邦9C購01  ,0,0,0,0,0,0,0,0,0,-101000,0,0,0,0,101000,-101000,-101000
061646,力成元大9A購02  ,0,0,0,0,0,0,0,0,0,-101000,0,0,0,185000,286000,-101000,-101000
064343,健鼎元大9C購01  ,0,0,0,0,0,0,0,0,0,-101000,0,0,0,87000,188000,-101000,-101000
064451,技嘉統一01購02  ,0,0,0,0,0,0,0,0,0,-101000,0,0,0,207000,308000,-101000,-101000
062461,智伸科群益9B購01,0,0,0,0,0,0,0,0,0,-101000,0,0,0,240000,341000,-101000,-101000
1558,伸興            ,14000,119000,-105000,0,0,0,0,0,0,3000,4000,1000,3000,0,0,0,-102000
06970P,旺宏元大99售08  ,0,0,0,0,0,0,0,0,0,-102000,0,0,0,66000,168000,-102000,-102000
064838,旭富統一01購01  ,0,0,0,0,0,0,0,0,0,-102000,0,0,0,68000,170000,-102000,-102000
061619,大立光群益9B購01,0,0,0,0,0,0,0,0,0,-102000,0,0,0,0,102000,-102000,-102000
060613,T50反1元大9A購05,0,0,0,0,0,0,0,0,0,-102000,0,0,0,0,102000,-102000,-102000
059477,FBVIX群益99購01 ,0,0,0,0,0,0,0,0,0,-102000,0,0,0,0,102000,-102000,-102000
062805,台勝科統一9C購01,0,0,0,0,0,0,0,0,0,-102000,0,0,0,10000,112000,-102000,-102000
062993,華新科群益9B購05,0,0,0,0,0,0,0,0,0,-102000,0,0,0,1000,103000,-102000,-102000
063229,台表科群益9B購04,0,0,0,0,0,0,0,0,0,-102000,0,0,0,15000,117000,-102000,-102000
064718,友達統一02購01  ,0,0,0,0,0,0,0,0,0,-102000,0,0,0,59000,161000,-102000,-102000
6541,泰福-KY         ,63000,165000,-102000,0,0,0,0,0,0,0,1000,1000,0,0,0,0,-102000
4994,傳奇            ,79077,192000,-112923,0,0,0,0,0,0,10000,0,0,0,12000,2000,10000,-102923
065131,晶技兆豐01購01  ,0,0,0,0,0,0,0,0,0,-103000,0,0,0,84000,187000,-103000,-103000
07509P,牧德國票9A售03  ,0,0,0,0,0,0,0,0,0,-103000,0,0,0,100000,203000,-103000,-103000
07502P,美食元大9A售01  ,0,0,0,0,0,0,0,0,0,-103000,0,0,0,6000,109000,-103000,-103000
07855P,旺宏凱基9A售09  ,0,0,0,0,0,0,0,0,0,-103000,0,0,0,12000,115000,-103000,-103000
057904,矽力永豐98購01  ,0,0,0,0,0,0,0,0,0,-103000,0,0,0,5000,108000,-103000,-103000
06047P,聯發科富邦99售04,0,0,0,0,0,0,0,0,0,-103000,0,0,0,0,103000,-103000,-103000
056469,國巨元大99購01  ,0,0,0,0,0,0,0,0,0,-103000,0,0,0,121000,224000,-103000,-103000
060913,宏達電元大9A購03,0,0,0,0,0,0,0,0,0,-103000,0,0,0,20000,123000,-103000,-103000
064082,緯創中信06購01  ,0,0,0,0,0,0,0,0,0,-103000,0,0,0,15000,118000,-103000,-103000
062775,大成鋼元大9B購02,0,0,0,0,0,0,0,0,0,-103000,0,0,0,158000,261000,-103000,-103000
062519,元金2X元大9B購03,0,0,0,0,0,0,0,0,0,-103000,0,0,0,0,103000,-103000,-103000
5608,四維航          ,86000,195768,-109768,0,0,0,0,0,0,6000,11000,5000,6000,0,0,0,-103768
054370,台積電中信9A購01,0,0,0,0,0,0,0,0,0,-104000,0,0,0,100000,204000,-104000,-104000
061898,茂林永豐9B購01  ,0,0,0,0,0,0,0,0,0,-104000,0,0,0,0,104000,-104000,-104000
063556,儒鴻元大9B購02  ,0,0,0,0,0,0,0,0,0,-104000,0,0,0,14000,118000,-104000,-104000
064246,南六統一9C購02  ,0,0,0,0,0,0,0,0,0,-104000,0,0,0,35000,139000,-104000,-104000
08110P,臺股指中信01售05,0,0,0,0,0,0,0,0,0,-105000,0,0,0,0,105000,-105000,-105000
1592,英瑞-KY         ,316000,422000,-106000,0,0,0,0,0,0,1000,1000,0,1000,0,0,0,-105000
07162P,臺股指群益99售13,0,0,0,0,0,0,0,0,0,-105000,0,0,0,330000,435000,-105000,-105000
06845P,億光元大98售02  ,0,0,0,0,0,0,0,0,0,-105000,0,0,0,5000,110000,-105000,-105000
06656P,GIS元大98售02   ,0,0,0,0,0,0,0,0,0,-105000,0,0,0,0,105000,-105000,-105000
065300,燿華元富9C購03  ,0,0,0,0,0,0,0,0,0,-105000,0,0,0,0,105000,-105000,-105000
060302,台積電富邦02購01,0,0,0,0,0,0,0,0,0,-105000,0,0,0,6000,111000,-105000,-105000
057004,滬深反中信9A購01,0,0,0,0,0,0,0,0,0,-105000,0,0,0,0,105000,-105000,-105000
061647,南六元大9A購03  ,0,0,0,0,0,0,0,0,0,-105000,0,0,0,47000,152000,-105000,-105000
058648,聯陽永豐99購01  ,0,0,0,0,0,0,0,0,0,-105000,0,0,0,113000,218000,-105000,-105000
058598,T50反1元大99購04,0,0,0,0,0,0,0,0,0,-105000,0,0,0,15000,120000,-105000,-105000
064241,貿聯統一02購02  ,0,0,0,0,0,0,0,0,0,-105000,0,0,0,192000,297000,-105000,-105000
064306,和潤兆豐01購01  ,0,0,0,0,0,0,0,0,0,-105000,0,0,0,55000,160000,-105000,-105000
064107,友達兆豐01購01  ,0,0,0,0,0,0,0,0,0,-105000,0,0,0,20000,125000,-105000,-105000
064931,南六統一9C購05  ,0,0,0,0,0,0,0,0,0,-106000,0,0,0,35000,141000,-106000,-106000
08366P,祥碩凱基9C售04  ,0,0,0,0,0,0,0,0,0,-106000,0,0,0,70000,176000,-106000,-106000
057744,健策永豐98購02  ,0,0,0,0,0,0,0,0,0,-106000,0,0,0,25000,131000,-106000,-106000
056155,嘉晶凱基97購01  ,0,0,0,0,0,0,0,0,0,-106000,0,0,0,40000,146000,-106000,-106000
057624,新日興國泰99購01,0,0,0,0,0,0,0,0,0,-106000,0,0,0,43000,149000,-106000,-106000
058514,潤泰全元大99購01,0,0,0,0,0,0,0,0,0,-106000,0,0,0,9000,115000,-106000,-106000
063576,台表科元大9B購08,0,0,0,0,0,0,0,0,0,-106000,0,0,0,81000,187000,-106000,-106000
08216P,聯發科群益9C售05,0,0,0,0,0,0,0,0,0,-107000,0,0,0,89000,196000,-107000,-107000
064784,祥碩群益9C購01  ,0,0,0,0,0,0,0,0,0,-107000,0,0,0,187000,294000,-107000,-107000
064957,台表科凱基02購02,0,0,0,0,0,0,0,0,0,-107000,0,0,0,160000,267000,-107000,-107000
057506,聯鈞國票99購02  ,0,0,0,0,0,0,0,0,0,-107000,0,0,0,105000,212000,-107000,-107000
03687C,臺股指凱基9C牛22,0,0,0,0,0,0,0,0,0,-107000,0,0,0,12000,119000,-107000,-107000
057317,技嘉凱基98購02  ,0,0,0,0,0,0,0,0,0,-107000,0,0,0,241000,348000,-107000,-107000
060099,宏達電元大99購09,0,0,0,0,0,0,0,0,0,-107000,0,0,0,35000,142000,-107000,-107000
061823,勤誠群益9B購01  ,0,0,0,0,0,0,0,0,0,-107000,0,0,0,70000,177000,-107000,-107000
064675,A50正2兆豐01購01,0,0,0,0,0,0,0,0,0,-107000,0,0,0,0,107000,-107000,-107000
062578,超眾群益9B購01  ,0,0,0,0,0,0,0,0,0,-107000,0,0,0,98000,205000,-107000,-107000
062349,新日興群益9B購02,0,0,0,0,0,0,0,0,0,-107000,0,0,0,12000,119000,-107000,-107000
063406,麗豐國票9C購01  ,0,0,0,0,0,0,0,0,0,-107000,0,0,0,16000,123000,-107000,-107000
063153,南六元富9B購01  ,0,0,0,0,0,0,0,0,0,-107000,0,0,0,41000,148000,-107000,-107000
6192,巨路            ,25000,125000,-100000,0,0,0,0,0,0,-7000,1000,8000,-7000,0,0,0,-107000
08518P,世芯群益9C售03  ,0,0,0,0,0,0,0,0,0,-108000,0,0,0,0,108000,-108000,-108000
8429,金麗-KY         ,25000,133000,-108000,0,0,0,0,0,0,0,0,0,0,0,0,0,-108000
08205P,智邦凱基9B售03  ,0,0,0,0,0,0,0,0,0,-109000,0,0,0,0,109000,-109000,-109000
2399,映泰            ,33000,142000,-109000,0,0,0,0,0,0,0,3000,3000,0,0,0,0,-109000
055795,茂林國泰98購01  ,0,0,0,0,0,0,0,0,0,-109000,0,0,0,77000,186000,-109000,-109000
061542,旺宏群益9A購04  ,0,0,0,0,0,0,0,0,0,-109000,0,0,0,0,109000,-109000,-109000
058610,欣興元大99購05  ,0,0,0,0,0,0,0,0,0,-109000,0,0,0,87000,196000,-109000,-109000
061027,儒鴻永豐9A購02  ,0,0,0,0,0,0,0,0,0,-109000,0,0,0,0,109000,-109000,-109000
062968,仁寶元富9B購01  ,0,0,0,0,0,0,0,0,0,-109000,0,0,0,68000,177000,-109000,-109000
1536,和大            ,123000,118000,5000,0,0,0,0,0,0,-115000,24000,66000,-42000,23000,96000,-73000,-110000
3030,德律            ,158000,265000,-107000,0,0,0,0,0,0,-3000,2000,5000,-3000,0,0,0,-110000
08104P,晶技元大9B售06  ,0,0,0,0,0,0,0,0,0,-110000,0,0,0,0,110000,-110000,-110000
07958P,華擎群益9B售01  ,0,0,0,0,0,0,0,0,0,-110000,0,0,0,0,110000,-110000,-110000
065077,鴻海元大01購03  ,0,0,0,0,0,0,0,0,0,-110000,0,0,0,0,110000,-110000,-110000
06608P,立積群益99售02  ,0,0,0,0,0,0,0,0,0,-110000,0,0,0,0,110000,-110000,-110000
07049P,聯發科中信99售03,0,0,0,0,0,0,0,0,0,-110000,0,0,0,60000,170000,-110000,-110000
07557P,玉晶光元大9A售09,0,0,0,0,0,0,0,0,0,-110000,0,0,0,0,110000,-110000,-110000
061229,緯穎中信9B購01  ,0,0,0,0,0,0,0,0,0,-110000,0,0,0,0,110000,-110000,-110000
058401,華航元大9A購01  ,0,0,0,0,0,0,0,0,0,-110000,0,0,0,0,110000,-110000,-110000
061938,大立光國票9B購03,0,0,0,0,0,0,0,0,0,-110000,0,0,0,0,110000,-110000,-110000
061348,聯鈞元大9A購05  ,0,0,0,0,0,0,0,0,0,-110000,0,0,0,68000,178000,-110000,-110000
062936,鴻海凱基9B購07  ,0,0,0,0,0,0,0,0,0,-110000,0,0,0,0,110000,-110000,-110000
063372,漢翔永豐9B購01  ,0,0,0,0,0,0,0,0,0,-110000,0,0,0,0,110000,-110000,-110000
062778,國巨元大9B購17  ,0,0,0,0,0,0,0,0,0,-110000,0,0,0,177000,287000,-110000,-110000
064272,鴻海元大9C購09  ,0,0,0,0,0,0,0,0,0,-110000,0,0,0,0,110000,-110000,-110000
063858,鴻海國泰02購01  ,0,0,0,0,0,0,0,0,0,-110000,0,0,0,60000,170000,-110000,-110000
08538P,聯發科國票01售01,0,0,0,0,0,0,0,0,0,-111000,0,0,0,75000,186000,-111000,-111000
2457,飛宏            ,74000,186000,-112000,0,0,0,0,0,0,1000,6000,5000,1000,0,0,0,-111000
2461,光群雷          ,29000,140000,-111000,0,0,0,0,0,0,0,0,0,0,0,0,0,-111000
056540,聯詠凱基98購02  ,0,0,0,0,0,0,0,0,0,-111000,0,0,0,108000,219000,-111000,-111000
061571,奇力新元大9A購03,0,0,0,0,0,0,0,0,0,-111000,0,0,0,0,111000,-111000,-111000
060769,國巨麥證9A購02  ,0,0,0,116000,229000,-113000,0,0,0,-111000,0,0,0,120000,231000,-111000,-111000
058229,為升元大99購02  ,0,0,0,0,0,0,0,0,0,-111000,0,0,0,3000,114000,-111000,-111000
06326P,鴻海中信01售01  ,0,0,0,0,0,0,0,0,0,-111000,0,0,0,0,111000,-111000,-111000
08084P,台表科元大9B售06,0,0,0,0,0,0,0,0,0,-112000,0,0,0,0,112000,-112000,-112000
057764,台表科凱基9A購01,0,0,0,0,0,0,0,0,0,-112000,0,0,0,88000,200000,-112000,-112000
061679,健策元大9B購04  ,0,0,0,0,0,0,0,0,0,-112000,0,0,0,153000,265000,-112000,-112000
064471,國巨麥證9C購02  ,0,0,0,288000,401000,-113000,0,0,0,-112000,0,0,0,289000,401000,-112000,-112000
08207P,金像電群益9B售05,0,0,0,0,0,0,0,0,0,-113000,0,0,0,194000,307000,-113000,-113000
08004P,大毅永豐9B售02  ,0,0,0,0,0,0,0,0,0,-113000,0,0,0,0,113000,-113000,-113000
08075P,聯電群益9C售01  ,0,0,0,0,0,0,0,0,0,-113000,0,0,0,84000,197000,-113000,-113000
07943P,瑞昱元大9B售02  ,0,0,0,0,0,0,0,0,0,-113000,0,0,0,10000,123000,-113000,-113000
2405,浩鑫            ,66000,179000,-113000,0,0,0,0,0,0,0,0,0,0,0,0,0,-113000
2352,佳世達          ,694000,942000,-248000,0,0,0,0,0,0,135000,156000,3000,153000,0,18000,-18000,-113000
050758,聯發科元富9B購01,0,0,0,0,0,0,0,0,0,-113000,0,0,0,412000,525000,-113000,-113000
061663,南六永豐9A購05  ,0,0,0,0,0,0,0,0,0,-113000,0,0,0,5000,118000,-113000,-113000
061326,新日興凱基9B購01,0,0,0,0,0,0,0,0,0,-113000,0,0,0,203000,316000,-113000,-113000
060850,康友國票9A購03  ,0,0,0,0,0,0,0,0,0,-113000,0,0,0,0,113000,-113000,-113000
064314,信邦群益9C購01  ,0,0,0,0,0,0,0,0,0,-113000,0,0,0,68000,181000,-113000,-113000
063590,華擎永豐9B購01  ,0,0,0,0,0,0,0,0,0,-113000,0,0,0,0,113000,-113000,-113000
8249,菱光            ,37000,149000,-112000,0,0,0,0,0,0,-1000,0,1000,-1000,0,0,0,-113000
2351,順德            ,74000,87000,-13000,0,0,0,0,100000,-100000,-1000,0,1000,-1000,0,0,0,-114000
08215P,旺宏群益9B售04  ,0,0,0,0,0,0,0,0,0,-114000,0,0,0,3000,117000,-114000,-114000
054589,聯鈞國泰99購01  ,0,0,0,0,0,0,0,0,0,-114000,0,0,0,0,114000,-114000,-114000
056321,創意群益98購02  ,0,0,0,0,0,0,0,0,0,-114000,0,0,0,0,114000,-114000,-114000
063951,新日興元大9C購01,0,0,0,0,0,0,0,0,0,-114000,0,0,0,250000,364000,-114000,-114000
064462,致伸統一02購01  ,0,0,0,0,0,0,0,0,0,-114000,0,0,0,0,114000,-114000,-114000
08424P,群創元富9C售03  ,0,0,0,0,0,0,0,0,0,-115000,0,0,0,23000,138000,-115000,-115000
07832P,台積電群益9A售08,0,0,0,0,0,0,0,0,0,-115000,0,0,0,0,115000,-115000,-115000
065166,台達電元大9C購04,0,0,0,0,0,0,0,0,0,-115000,0,0,0,62000,177000,-115000,-115000
064976,景碩元大9C購01  ,0,0,0,0,0,0,0,0,0,-115000,0,0,0,164000,279000,-115000,-115000
056386,TPK國泰99購01   ,0,0,0,0,0,0,0,0,0,-115000,0,0,0,0,115000,-115000,-115000
049842,道瓊反中信98購01,0,0,0,0,0,0,0,0,0,-115000,0,0,0,15000,130000,-115000,-115000
058257,聯陽國泰9B購01  ,0,0,0,0,0,0,0,0,0,-115000,0,0,0,0,115000,-115000,-115000
058353,國巨凱基99購09  ,0,0,0,0,0,0,0,0,0,-115000,0,0,0,16000,131000,-115000,-115000
061701,友達國票9B購02  ,0,0,0,0,0,0,0,0,0,-115000,0,0,0,251000,366000,-115000,-115000
058786,元黃金元大99購01,0,0,0,0,0,0,0,0,0,-115000,0,0,0,0,115000,-115000,-115000
064507,臻鼎元大9C購02  ,0,0,0,0,0,0,0,0,0,-115000,0,0,0,0,115000,-115000,-115000
063220,建準群益9B購01  ,0,0,0,0,0,0,0,0,0,-115000,0,0,0,1000,116000,-115000,-115000
08086P,燿華凱基9B售03  ,0,0,0,0,0,0,0,0,0,-116000,0,0,0,70000,186000,-116000,-116000
057603,樺漢群益98購02  ,0,0,0,0,0,0,0,0,0,-116000,0,0,0,90000,206000,-116000,-116000
059189,國泰金富邦9B購01,0,0,0,0,0,0,0,0,0,-116000,0,0,0,5000,121000,-116000,-116000
061582,麗豐元大9A購01  ,0,0,0,0,0,0,0,0,0,-116000,0,0,0,72000,188000,-116000,-116000
061865,力山元大9B購01  ,0,0,0,0,0,0,0,0,0,-116000,0,0,0,6000,122000,-116000,-116000
060928,明泰永豐9A購01  ,0,0,0,0,0,0,0,0,0,-116000,0,0,0,0,116000,-116000,-116000
060651,瑞儀中信9B購01  ,0,0,0,0,0,0,0,0,0,-116000,0,0,0,17000,133000,-116000,-116000
063388,台光電兆豐9C購01,0,0,0,0,0,0,0,0,0,-116000,0,0,0,0,116000,-116000,-116000
062987,祥碩中信01購01  ,0,0,0,0,0,0,0,0,0,-116000,0,0,0,124000,240000,-116000,-116000
062264,南六元大9B購02  ,0,0,0,0,0,0,0,0,0,-116000,0,0,0,27000,143000,-116000,-116000
062269,葡萄王群益9B購01,0,0,0,0,0,0,0,0,0,-116000,0,0,0,294000,410000,-116000,-116000
064509,台表科元大9C購08,0,0,0,0,0,0,0,0,0,-116000,0,0,0,9000,125000,-116000,-116000
6668,中揚光          ,33000,149000,-116000,0,0,0,0,0,0,0,0,0,0,0,0,0,-116000
6226,光鼎            ,70000,185000,-115000,0,0,0,0,0,0,-1000,0,1000,-1000,0,0,0,-116000
2342,茂矽            ,232000,348000,-116000,0,0,0,0,0,0,-1000,0,1000,-1000,0,0,0,-117000
2421,建準            ,1108000,427000,681000,0,0,0,0,750000,-750000,-48000,0,5000,-5000,12000,55000,-43000,-117000
07837P,華邦電元大9A售01,0,0,0,0,0,0,0,0,0,-117000,0,0,0,5000,122000,-117000,-117000
060313,淘帝永豐9A購01  ,0,0,0,0,0,0,0,0,0,-117000,0,0,0,3000,120000,-117000,-117000
063223,牧德群益9B購04  ,0,0,0,0,0,0,0,0,0,-117000,0,0,0,3000,120000,-117000,-117000
9935,慶豐富          ,268000,385000,-117000,0,0,0,0,0,0,0,0,0,0,0,0,0,-117000
07058P,台積電凱基9A售07,0,0,0,0,0,0,0,0,0,-118000,0,0,0,0,118000,-118000,-118000
2015,豐興            ,82000,200000,-118000,0,0,0,0,0,0,0,0,0,0,0,0,0,-118000
08308P,聯發科凱基01售03,0,0,0,0,0,0,0,0,0,-118000,0,0,0,15000,133000,-118000,-118000
060509,宏達電元大9A購02,0,0,0,0,0,0,0,0,0,-118000,0,0,0,27000,145000,-118000,-118000
059094,臻鼎元大99購03  ,0,0,0,0,0,0,0,0,0,-118000,0,0,0,3000,121000,-118000,-118000
058738,FBVIX中信03購04 ,0,0,0,0,0,0,0,0,0,-118000,0,0,0,709000,827000,-118000,-118000
064095,鴻海群益01購02  ,0,0,0,0,0,0,0,0,0,-118000,0,0,0,1000,119000,-118000,-118000
08296P,同欣電元大9C售04,0,0,0,0,0,0,0,0,0,-119000,0,0,0,278000,397000,-119000,-119000
08108P,聯發科元富9B售03,0,0,0,0,0,0,0,0,0,-119000,0,0,0,20000,139000,-119000,-119000
08045P,健策國票9B售01  ,0,0,0,0,0,0,0,0,0,-119000,0,0,0,0,119000,-119000,-119000
056429,華通凱基98購02  ,0,0,0,0,0,0,0,0,0,-119000,0,0,0,44000,163000,-119000,-119000
055579,健策統一9A購01  ,0,0,0,0,0,0,0,0,0,-119000,0,0,0,122000,241000,-119000,-119000
03875P,滬深2X國票05售01,0,0,0,0,0,0,0,0,0,-119000,0,0,0,11000,130000,-119000,-119000
058807,和大統一9B購01  ,0,0,0,0,0,0,0,0,0,-119000,0,0,0,101000,220000,-119000,-119000
063713,麗豐凱基9B購01  ,0,0,0,0,0,0,0,0,0,-119000,0,0,0,69000,188000,-119000,-119000
064429,鴻海凱基03購03  ,0,0,0,0,0,0,0,0,0,-119000,0,0,0,1000,120000,-119000,-119000
07526P,臺股指中信9B售08,0,0,0,0,0,0,0,0,0,-120000,0,0,0,0,120000,-120000,-120000
065459,台灣50台新9C購07,0,0,0,0,0,0,0,0,0,-120000,0,0,0,0,120000,-120000,-120000
055404,超眾元富97購01  ,0,0,0,0,0,0,0,0,0,-120000,0,0,0,0,120000,-120000,-120000
055611,燿華國票98購02  ,0,0,0,0,0,0,0,0,0,-120000,0,0,0,0,120000,-120000,-120000
057818,泰碩元大9A購01  ,0,0,0,0,0,0,0,0,0,-120000,0,0,0,73000,193000,-120000,-120000
056119,欣興群益97購02  ,0,0,0,0,0,0,0,0,0,-120000,0,0,0,431000,551000,-120000,-120000
060538,S&P反1凱基9A購01,0,0,0,0,0,0,0,0,0,-120000,0,0,0,0,120000,-120000,-120000
063425,台勝科凱基9B購02,0,0,0,0,0,0,0,0,0,-120000,0,0,0,50000,170000,-120000,-120000
06682P,玉晶光元大99售08,0,0,0,0,0,0,0,0,0,-121000,0,0,0,210000,331000,-121000,-121000
08041P,臺股指群益9B售14,0,0,0,0,0,0,0,0,0,-121000,0,0,0,0,121000,-121000,-121000
08553P,嘉澤群益9C售01  ,0,0,0,0,0,0,0,0,0,-121000,0,0,0,61000,182000,-121000,-121000
058971,台積電永豐99購03,0,0,0,0,0,0,0,0,0,-121000,0,0,0,0,121000,-121000,-121000
061476,大毅元大9A購02  ,0,0,0,0,0,0,0,0,0,-121000,0,0,0,10000,131000,-121000,-121000
063282,奇力新元大9B購06,0,0,0,0,0,0,0,0,0,-121000,0,0,0,0,121000,-121000,-121000
063670,美食統一9C購01  ,0,0,0,0,0,0,0,0,0,-121000,0,0,0,11000,132000,-121000,-121000
6005,群益證          ,932000,1053000,-121000,0,0,0,0,0,0,0,0,0,0,0,0,0,-121000
08398P,台積電元富9C售04,0,0,0,0,0,0,0,0,0,-122000,0,0,0,0,122000,-122000,-122000
08143P,聯發科凱基9C售05,0,0,0,0,0,0,0,0,0,-122000,0,0,0,0,122000,-122000,-122000
063354,茂林元富9B購02  ,0,0,0,0,0,0,0,0,0,-122000,0,0,0,215000,337000,-122000,-122000
08194P,同欣電國票9C售03,0,0,0,0,0,0,0,0,0,-123000,0,0,0,36000,159000,-123000,-123000
065112,台表科國票02購01,0,0,0,0,0,0,0,0,0,-123000,0,0,0,14000,137000,-123000,-123000
064782,健策群益9C購02  ,0,0,0,0,0,0,0,0,0,-123000,0,0,0,118000,241000,-123000,-123000
058494,可成群益9B購01  ,0,0,0,0,0,0,0,0,0,-123000,0,0,0,0,123000,-123000,-123000
060747,聯鈞國票9A購02  ,0,0,0,0,0,0,0,0,0,-123000,0,0,0,42000,165000,-123000,-123000
064580,統一永豐9C購01  ,0,0,0,0,0,0,0,0,0,-123000,0,0,0,26000,149000,-123000,-123000
064914,友達統一02購03  ,0,0,0,0,0,0,0,0,0,-124000,0,0,0,0,124000,-124000,-124000
065145,貿聯凱基9C購02  ,0,0,0,0,0,0,0,0,0,-124000,0,0,0,20000,144000,-124000,-124000
060385,台勝科凱基9A購01,0,0,0,0,0,0,0,0,0,-124000,0,0,0,51000,175000,-124000,-124000
062080,奇力新元大9B購02,0,0,0,0,0,0,0,0,0,-124000,0,0,0,5000,129000,-124000,-124000
064461,致伸統一01購01  ,0,0,0,0,0,0,0,0,0,-124000,0,0,0,7000,131000,-124000,-124000
1340,勝悅-KY         ,10000,133606,-123606,0,0,0,0,0,0,-1000,3000,4000,-1000,0,0,0,-124606
08236P,國巨富邦03售01  ,0,0,0,0,0,0,0,0,0,-125000,0,0,0,0,125000,-125000,-125000
2031,新光鋼          ,52000,184000,-132000,0,0,0,0,0,0,7000,9000,2000,7000,0,0,0,-125000
06551P,貿聯元大98售05  ,0,0,0,0,0,0,0,0,0,-125000,0,0,0,0,125000,-125000,-125000
057390,台表科永豐98購01,0,0,0,0,0,0,0,0,0,-125000,0,0,0,40000,165000,-125000,-125000
058741,欣興日盛99購01  ,0,0,0,0,0,0,0,0,0,-125000,0,0,0,22000,147000,-125000,-125000
058477,億光凱基9A購01  ,0,0,0,0,0,0,0,0,0,-125000,0,0,0,0,125000,-125000,-125000
064354,同欣電元大9C購05,0,0,0,0,0,0,0,0,0,-125000,0,0,0,73000,198000,-125000,-125000
064228,同欣電國票01購01,0,0,0,0,0,0,0,0,0,-125000,0,0,0,0,125000,-125000,-125000
064769,漢翔中信9C購01  ,0,0,0,0,0,0,0,0,0,-125000,0,0,0,0,125000,-125000,-125000
063585,台積電永豐9B購03,0,0,0,0,0,0,0,0,0,-125000,0,0,0,0,125000,-125000,-125000
064165,同欣電統一01購01,0,0,0,0,0,0,0,0,0,-125000,0,0,0,149000,274000,-125000,-125000
063043,台灣50兆豐9B購02,0,0,0,0,0,0,0,0,0,-125000,0,0,0,12000,137000,-125000,-125000
062359,旺宏元大9C購02  ,0,0,0,0,0,0,0,0,0,-125000,0,0,0,0,125000,-125000,-125000
064796,緯穎國票01購01  ,0,0,0,0,0,0,0,0,0,-126000,0,0,0,25000,151000,-126000,-126000
057903,聯鈞永豐99購01  ,0,0,0,0,0,0,0,0,0,-126000,0,0,0,104000,230000,-126000,-126000
058649,健策永豐99購01  ,0,0,0,0,0,0,0,0,0,-126000,0,0,0,30000,156000,-126000,-126000
061438,牧德凱基9B購02  ,0,0,0,0,0,0,0,0,0,-126000,0,0,0,0,126000,-126000,-126000
061725,國巨麥證9A購05  ,0,0,0,134000,262000,-128000,0,0,0,-126000,0,0,0,138000,264000,-126000,-126000
063124,奇力新元大9B購05,0,0,0,0,0,0,0,0,0,-126000,0,0,0,0,126000,-126000,-126000
063127,TPK元大9B購02   ,0,0,0,0,0,0,0,0,0,-126000,0,0,0,81000,207000,-126000,-126000
063808,台表科兆豐9C購01,0,0,0,0,0,0,0,0,0,-126000,0,0,0,78000,204000,-126000,-126000
064728,健策統一9C購04  ,0,0,0,0,0,0,0,0,0,-126000,0,0,0,63000,189000,-126000,-126000
3669,圓展            ,109000,235000,-126000,0,0,0,0,0,0,0,0,0,0,0,0,0,-126000
065207,奇力新國票9C購02,0,0,0,0,0,0,0,0,0,-127000,0,0,0,105000,232000,-127000,-127000
08140P,祥碩元大9B售07  ,0,0,0,0,0,0,0,0,0,-127000,0,0,0,44000,171000,-127000,-127000
08543P,世芯國票01售02  ,0,0,0,0,0,0,0,0,0,-127000,0,0,0,19000,146000,-127000,-127000
059948,正文永豐99購01  ,0,0,0,0,0,0,0,0,0,-127000,0,0,0,65000,192000,-127000,-127000
064036,矽創元大9C購01  ,0,0,0,0,0,0,0,0,0,-127000,0,0,0,47000,174000,-127000,-127000
062170,健策永豐9B購04  ,0,0,0,0,0,0,0,0,0,-127000,0,0,0,6000,133000,-127000,-127000
2062,橋椿            ,142000,272000,-130000,0,0,0,0,0,0,2000,2000,0,2000,0,0,0,-128000
07114P,旺宏兆豐9A售01  ,0,0,0,0,0,0,0,0,0,-128000,0,0,0,0,128000,-128000,-128000
07675P,全新永豐9A售02  ,0,0,0,0,0,0,0,0,0,-128000,0,0,0,5000,133000,-128000,-128000
056434,國巨凱基98購03  ,0,0,0,0,0,0,0,0,0,-128000,0,0,0,52000,180000,-128000,-128000
056548,瀚宇博凱基98購02,0,0,0,0,0,0,0,0,0,-128000,0,0,0,10000,138000,-128000,-128000
061050,康友中信9A購01  ,0,0,0,0,0,0,0,0,0,-128000,0,0,0,24000,152000,-128000,-128000
063424,新日興凱基01購01,0,0,0,0,0,0,0,0,0,-128000,0,0,0,29000,157000,-128000,-128000
064692,嘉晶群益9C購03  ,0,0,0,0,0,0,0,0,0,-128000,0,0,0,11000,139000,-128000,-128000
064600,技嘉元富9C購01  ,0,0,0,0,0,0,0,0,0,-128000,0,0,0,326000,454000,-128000,-128000
064500,國泰金元大9C購01,0,0,0,0,0,0,0,0,0,-128000,0,0,0,60000,188000,-128000,-128000
064315,創意群益9C購01  ,0,0,0,0,0,0,0,0,0,-128000,0,0,0,0,128000,-128000,-128000
4426,利勤            ,41000,145000,-104000,0,0,0,0,0,0,-24000,2000,26000,-24000,0,0,0,-128000
08180P,聯發科國泰01售05,0,0,0,0,0,0,0,0,0,-129000,0,0,0,56000,185000,-129000,-129000
057737,國巨富邦99購02  ,0,0,0,0,0,0,0,0,0,-129000,0,0,0,113000,242000,-129000,-129000
00646,元大S&P500      ,191000,0,191000,0,0,0,0,0,0,-320000,10000,0,10000,304000,634000,-330000,-129000
061092,可成統一9C購02  ,0,0,0,0,0,0,0,0,0,-129000,0,0,0,22000,151000,-129000,-129000
06083P,華通統一98售02  ,0,0,0,0,0,0,0,0,0,-129000,0,0,0,0,129000,-129000,-129000
07224P,鴻海元大9A售02  ,0,0,0,0,0,0,0,0,0,-130000,0,0,0,1000,131000,-130000,-130000
07189P,聯發科富邦9B售03,0,0,0,0,0,0,0,0,0,-130000,0,0,0,30000,160000,-130000,-130000
065510,鴻海群益01購04  ,0,0,0,0,0,0,0,0,0,-130000,0,0,0,0,130000,-130000,-130000
055599,TPK元大97購01   ,0,0,0,0,0,0,0,0,0,-130000,0,0,0,110000,240000,-130000,-130000
057730,聯鈞國泰9A購01  ,0,0,0,0,0,0,0,0,0,-130000,0,0,0,56000,186000,-130000,-130000
056411,緯穎國票99購01  ,0,0,0,0,0,0,0,0,0,-130000,0,0,0,50000,180000,-130000,-130000
060342,台積電統一02購01,0,0,0,0,0,0,0,0,0,-130000,0,0,0,0,130000,-130000,-130000
059298,大立光元富9C購02,0,0,0,0,0,0,0,0,0,-130000,0,0,0,4000,134000,-130000,-130000
058328,世紀鋼統一9B購01,0,0,0,0,0,0,0,0,0,-130000,0,0,0,25000,155000,-130000,-130000
064216,矽格凱基01購01  ,0,0,0,0,0,0,0,0,0,-130000,0,0,0,211000,341000,-130000,-130000
063600,燿華凱基9B購04  ,0,0,0,0,0,0,0,0,0,-130000,0,0,0,0,130000,-130000,-130000
063617,鴻海兆豐01購01  ,0,0,0,0,0,0,0,0,0,-130000,0,0,0,20000,150000,-130000,-130000
063114,南電兆豐9B購01  ,0,0,0,0,0,0,0,0,0,-130000,0,0,0,1000,131000,-130000,-130000
6139,亞翔            ,50000,179000,-129000,0,0,0,0,0,0,-1000,2000,3000,-1000,0,0,0,-130000
057740,茂林富邦9A購01  ,0,0,0,0,0,0,0,0,0,-131000,0,0,0,238000,369000,-131000,-131000
060890,大立光統一01購01,0,0,0,0,0,0,0,0,0,-131000,0,0,0,10000,141000,-131000,-131000
062771,臺股指凱基9B購15,0,0,0,0,0,0,0,0,0,-131000,0,0,0,35000,166000,-131000,-131000
08188P,群創群益9B售04  ,0,0,0,0,0,0,0,0,0,-132000,0,0,0,40000,172000,-132000,-132000
08374P,緯穎凱基9C售01  ,0,0,0,0,0,0,0,0,0,-132000,0,0,0,137000,269000,-132000,-132000
1522,堤維西          ,52000,184000,-132000,0,0,0,0,0,0,0,1000,1000,0,0,0,0,-132000
057271,國巨元大98購17  ,0,0,0,0,0,0,0,0,0,-132000,0,0,0,0,132000,-132000,-132000
056911,緯穎元大99購01  ,0,0,0,0,0,0,0,0,0,-132000,0,0,0,61000,193000,-132000,-132000
061767,信邦元大9B購01  ,0,0,0,0,0,0,0,0,0,-132000,0,0,0,79000,211000,-132000,-132000
057664,台積電元大9A購03,0,0,0,0,0,0,0,0,0,-133000,0,0,0,178000,311000,-133000,-133000
057554,新日興凱基99購02,0,0,0,0,0,0,0,0,0,-133000,0,0,0,58000,191000,-133000,-133000
061997,台郡元大9B購03  ,0,0,0,0,0,0,0,0,0,-133000,0,0,0,0,133000,-133000,-133000
061923,友達凱基9B購04  ,0,0,0,0,0,0,0,0,0,-133000,0,0,0,10000,143000,-133000,-133000
064102,宏達電群益9C購01,0,0,0,0,0,0,0,0,0,-133000,0,0,0,86000,219000,-133000,-133000
064679,晶技兆豐9C購01  ,0,0,0,0,0,0,0,0,0,-133000,0,0,0,73000,206000,-133000,-133000
1723,中碳            ,21000,155000,-134000,0,0,0,0,0,0,0,1000,1000,0,0,0,0,-134000
064900,景碩群益01購01  ,0,0,0,0,0,0,0,0,0,-134000,0,0,0,6000,140000,-134000,-134000
06690P,玉晶光群益9A售05,0,0,0,0,0,0,0,0,0,-134000,0,0,0,95000,229000,-134000,-134000
00673R,元大S&P原油反1  ,0,0,0,0,0,0,0,0,0,-134000,0,0,0,337000,471000,-134000,-134000
053276,友達元大9C購01  ,0,0,0,0,0,0,0,0,0,-134000,0,0,0,0,134000,-134000,-134000
057804,為升元大98購01  ,0,0,0,0,0,0,0,0,0,-134000,0,0,0,20000,154000,-134000,-134000
061787,華新科群益9C購01,0,0,0,0,0,0,0,0,0,-134000,0,0,0,67000,201000,-134000,-134000
061693,華新科群益9B購02,0,0,0,0,0,0,0,0,0,-134000,0,0,0,70000,204000,-134000,-134000
058327,大毅統一9B購01  ,0,0,0,0,0,0,0,0,0,-134000,0,0,0,182000,316000,-134000,-134000
3704,合勤控          ,291000,428000,-137000,0,0,0,0,0,0,3000,5000,2000,3000,0,0,0,-134000
07076P,鴻海凱基9A售08  ,0,0,0,0,0,0,0,0,0,-135000,0,0,0,44000,179000,-135000,-135000
07690P,華新科元大9A售15,0,0,0,0,0,0,0,0,0,-135000,0,0,0,0,135000,-135000,-135000
1417,嘉裕            ,162000,306000,-144000,0,0,0,0,0,0,9000,14000,5000,9000,0,0,0,-135000
07864P,可成元大9B售01  ,0,0,0,0,0,0,0,0,0,-135000,0,0,0,65000,200000,-135000,-135000
056707,鴻海富邦99購03  ,0,0,0,0,0,0,0,0,0,-135000,0,0,0,10000,145000,-135000,-135000
05995P,T50正2中信9C售01,0,0,0,0,0,0,0,0,0,-135000,0,0,0,45000,180000,-135000,-135000
052203,T50反1中信99購03,0,0,0,0,0,0,0,0,0,-135000,0,0,0,25000,160000,-135000,-135000
060867,智伸科永豐9A購01,0,0,0,0,0,0,0,0,0,-135000,0,0,0,229000,364000,-135000,-135000
059061,晶技凱基9A購01  ,0,0,0,0,0,0,0,0,0,-135000,0,0,0,260000,395000,-135000,-135000
064402,宏碁凱基01購01  ,0,0,0,0,0,0,0,0,0,-135000,0,0,0,51000,186000,-135000,-135000
062623,元金2X國票01購01,0,0,0,0,0,0,0,0,0,-135000,0,0,0,25000,160000,-135000,-135000
08258P,旺宏元大9C售04  ,0,0,0,0,0,0,0,0,0,-136000,0,0,0,5000,141000,-136000,-136000
1457,宜進            ,65000,200000,-135000,0,0,0,0,0,0,-1000,0,1000,-1000,0,0,0,-136000
064901,牧德群益9C購01  ,0,0,0,0,0,0,0,0,0,-136000,0,0,0,0,136000,-136000,-136000
061906,統一中信9B購01  ,0,0,0,0,0,0,0,0,0,-136000,0,0,0,0,136000,-136000,-136000
061853,晶技國票9B購02  ,0,0,0,0,0,0,0,0,0,-136000,0,0,0,0,136000,-136000,-136000
061033,台光電永豐9A購01,0,0,0,0,0,0,0,0,0,-136000,0,0,0,88000,224000,-136000,-136000
061241,晶技兆豐9A購01  ,0,0,0,0,0,0,0,0,0,-136000,0,0,0,46000,182000,-136000,-136000
064049,信邦統一01購01  ,0,0,0,0,0,0,0,0,0,-136000,0,0,0,155000,291000,-136000,-136000
063664,漢唐統一9C購01  ,0,0,0,0,0,0,0,0,0,-136000,0,0,0,45000,181000,-136000,-136000
8039,台虹            ,491000,636000,-145000,0,0,0,0,0,0,9000,9000,4000,5000,6000,2000,4000,-136000
08377P,臻鼎元富9C售02  ,0,0,0,0,0,0,0,0,0,-137000,0,0,0,288000,425000,-137000,-137000
08456P,聯發科元大9C售13,0,0,0,0,0,0,0,0,0,-137000,0,0,0,0,137000,-137000,-137000
063899,同欣電群益9C購01,0,0,0,0,0,0,0,0,0,-137000,0,0,0,0,137000,-137000,-137000
07635P,世芯永豐9A售05  ,0,0,0,0,0,0,0,0,0,-138000,0,0,0,0,138000,-138000,-138000
058261,大立光富邦03購01,0,0,0,0,0,0,0,0,0,-138000,0,0,0,0,138000,-138000,-138000
062806,世芯統一02購01  ,0,0,0,0,0,0,0,0,0,-138000,0,0,0,49000,187000,-138000,-138000
06629P,台灣50第一98售01,0,0,0,0,0,0,0,0,0,-139000,0,0,0,55000,194000,-139000,-139000
2208,台船            ,236000,375000,-139000,0,0,0,0,0,0,0,0,0,0,0,0,0,-139000
3031,佰鴻            ,34000,173000,-139000,0,0,0,0,0,0,0,0,0,0,0,0,0,-139000
2850,新產            ,53000,192000,-139000,0,0,0,0,0,0,0,0,0,0,0,0,0,-139000
064544,國巨凱基9C購09  ,0,0,0,0,0,0,0,0,0,-139000,0,0,0,106000,245000,-139000,-139000
08277P,嘉晶元富9C售02  ,0,0,0,0,0,0,0,0,0,-140000,0,0,0,100000,240000,-140000,-140000
08209P,上銀元富9B售06  ,0,0,0,0,0,0,0,0,0,-140000,0,0,0,90000,230000,-140000,-140000
056542,緯創凱基98購01  ,0,0,0,0,0,0,0,0,0,-140000,0,0,0,19000,159000,-140000,-140000
058160,奇鋐元富99購01  ,0,0,0,0,0,0,0,0,0,-140000,0,0,0,50000,190000,-140000,-140000
061012,國巨麥證9A購03  ,0,0,0,161000,301000,-140000,0,0,0,-140000,0,0,0,162000,302000,-140000,-140000
061419,國巨元大9A購21  ,0,0,0,0,0,0,0,0,0,-140000,0,0,0,60000,200000,-140000,-140000
064180,國巨富邦02購03  ,0,0,0,0,0,0,0,0,0,-140000,0,0,0,666000,806000,-140000,-140000
064156,大立光統一01購06,0,0,0,0,0,0,0,0,0,-140000,0,0,0,0,140000,-140000,-140000
1414,東和            ,52000,193000,-141000,0,0,0,0,0,0,0,0,0,0,0,0,0,-141000
2906,高林            ,199000,340000,-141000,0,0,0,0,0,0,0,0,0,0,0,0,0,-141000
065298,健策統一9C購06  ,0,0,0,0,0,0,0,0,0,-141000,0,0,0,124000,265000,-141000,-141000
057647,欣興元大98購10  ,0,0,0,0,0,0,0,0,0,-141000,0,0,0,94000,235000,-141000,-141000
060777,茂林凱基9C購01  ,0,0,0,0,0,0,0,0,0,-141000,0,0,0,208000,349000,-141000,-141000
063968,新光金國票01購01,0,0,0,0,0,0,0,0,0,-141000,0,0,0,0,141000,-141000,-141000
063564,台積電元大9B購07,0,0,0,0,0,0,0,0,0,-141000,0,0,0,22000,163000,-141000,-141000
062539,可成國泰01購01  ,0,0,0,0,0,0,0,0,0,-141000,0,0,0,143000,284000,-141000,-141000
061969,大立光統一01購02,0,0,0,0,0,0,0,0,0,-142000,0,0,0,0,142000,-142000,-142000
062298,國巨第一9B購01  ,0,0,0,0,0,0,0,0,0,-142000,0,0,0,0,142000,-142000,-142000
063435,儒鴻統一01購02  ,0,0,0,0,0,0,0,0,0,-142000,0,0,0,111000,253000,-142000,-142000
08059P,京鼎元大9B售02  ,0,0,0,0,0,0,0,0,0,-143000,0,0,0,0,143000,-143000,-143000
063436,儒鴻統一01購03  ,0,0,0,0,0,0,0,0,0,-143000,0,0,0,20000,163000,-143000,-143000
063283,華新科元大9C購03,0,0,0,0,0,0,0,0,0,-143000,0,0,0,22000,165000,-143000,-143000
08219P,上銀凱基9B售08  ,0,0,0,0,0,0,0,0,0,-144000,0,0,0,10000,154000,-144000,-144000
2601,益航            ,144000,287000,-143000,0,0,0,0,0,0,-1000,2000,3000,-1000,0,0,0,-144000
056702,欣興國泰9A購01  ,0,0,0,0,0,0,0,0,0,-144000,0,0,0,53000,197000,-144000,-144000
060756,鴻海元大9A購16  ,0,0,0,0,0,0,0,0,0,-144000,0,0,0,0,144000,-144000,-144000
058267,奇鋐永豐99購01  ,0,0,0,0,0,0,0,0,0,-144000,0,0,0,31000,175000,-144000,-144000
063302,國巨凱基9C購05  ,0,0,0,0,0,0,0,0,0,-144000,0,0,0,49000,193000,-144000,-144000
063474,康控元大9B購04  ,0,0,0,0,0,0,0,0,0,-144000,0,0,0,22000,166000,-144000,-144000
08068P,宏達電國泰9C售01,0,0,0,0,0,0,0,0,0,-145000,0,0,0,0,145000,-145000,-145000
060214,茂林康和9A購01  ,0,0,0,0,0,0,0,0,0,-145000,0,0,0,2000,147000,-145000,-145000
061718,GIS凱基9B購01   ,0,0,0,0,0,0,0,0,0,-145000,0,0,0,47000,192000,-145000,-145000
061351,智伸科元大9A購01,0,0,0,0,0,0,0,0,0,-145000,0,0,0,274000,419000,-145000,-145000
062576,華擎群益9B購02  ,0,0,0,0,0,0,0,0,0,-145000,0,0,0,0,145000,-145000,-145000
064773,FBVIX群益9C購05 ,0,0,0,0,0,0,0,0,0,-145000,0,0,0,20000,165000,-145000,-145000
059100,元油2X統一9C購02,0,0,0,0,0,0,0,0,0,-146000,0,0,0,48000,194000,-146000,-146000
061572,奇力新元大9A購04,0,0,0,0,0,0,0,0,0,-146000,0,0,0,4000,150000,-146000,-146000
058366,元大金凱基99購01,0,0,0,0,0,0,0,0,0,-146000,0,0,0,0,146000,-146000,-146000
2903,遠百            ,164000,337000,-173000,0,0,0,0,0,0,26000,26000,0,26000,0,0,0,-147000
2107,厚生            ,112000,258000,-146000,0,0,0,0,0,0,-1000,5000,6000,-1000,0,0,0,-147000
5203,訊連            ,107000,83000,24000,0,0,0,0,171000,-171000,0,0,0,0,0,0,0,-147000
2406,國碩            ,64000,212000,-148000,0,0,0,0,0,0,0,0,0,0,0,0,0,-148000
07874P,長榮航群益9B售01,0,0,0,0,0,0,0,0,0,-148000,0,0,0,0,148000,-148000,-148000
08248P,旺宏群益9C售02  ,0,0,0,0,0,0,0,0,0,-148000,0,0,0,20000,168000,-148000,-148000
065220,義隆富邦01購02  ,0,0,0,0,0,0,0,0,0,-148000,0,0,0,121000,269000,-148000,-148000
064985,台表科元大9C購09,0,0,0,0,0,0,0,0,0,-148000,0,0,0,127000,275000,-148000,-148000
07719P,臺股指群益9A售08,0,0,0,0,0,0,0,0,0,-148000,0,0,0,5000,153000,-148000,-148000
06679P,旺宏元大98售09  ,0,0,0,0,0,0,0,0,0,-148000,0,0,0,95000,243000,-148000,-148000
064157,健鼎統一01購02  ,0,0,0,0,0,0,0,0,0,-148000,0,0,0,467000,615000,-148000,-148000
062796,技嘉統一9C購01  ,0,0,0,0,0,0,0,0,0,-148000,0,0,0,647000,795000,-148000,-148000
065102,同欣電元大9C購07,0,0,0,0,0,0,0,0,0,-149000,0,0,0,0,149000,-149000,-149000
065229,友達凱基02購03  ,0,0,0,0,0,0,0,0,0,-149000,0,0,0,1000,150000,-149000,-149000
08210P,健策元富9B售02  ,0,0,0,0,0,0,0,0,0,-149000,0,0,0,33000,182000,-149000,-149000
08379P,台積電國泰02售02,0,0,0,0,0,0,0,0,0,-149000,0,0,0,797000,946000,-149000,-149000
055827,中石化元大98購01,0,0,0,0,0,0,0,0,0,-149000,0,0,0,1000,150000,-149000,-149000
052890,FB上証群益9B購01,0,0,0,0,0,0,0,0,0,-149000,0,0,0,1000,150000,-149000,-149000
061592,義隆永豐9A購03  ,0,0,0,0,0,0,0,0,0,-149000,0,0,0,122000,271000,-149000,-149000
062499,鴻海群益01購01  ,0,0,0,0,0,0,0,0,0,-149000,0,0,0,11000,160000,-149000,-149000
063454,瑞儀統一9B購01  ,0,0,0,0,0,0,0,0,0,-149000,0,0,0,69000,218000,-149000,-149000
064057,緯穎統一02購01  ,0,0,0,0,0,0,0,0,0,-149000,0,0,0,8000,157000,-149000,-149000
065239,超眾凱基02購02  ,0,0,0,0,0,0,0,0,0,-150000,0,0,0,20000,170000,-150000,-150000
065367,技嘉元大01購01  ,0,0,0,0,0,0,0,0,0,-150000,0,0,0,115000,265000,-150000,-150000
07783P,聯發科富邦9C售03,0,0,0,0,0,0,0,0,0,-150000,0,0,0,0,150000,-150000,-150000
055174,精元統一97購01  ,0,0,0,0,0,0,0,0,0,-150000,0,0,0,0,150000,-150000,-150000
054959,禾伸堂元大98購01,0,0,0,0,0,0,0,0,0,-150000,0,0,0,0,150000,-150000,-150000
056920,友達兆豐98購02  ,0,0,0,0,0,0,0,0,0,-150000,0,0,0,90000,240000,-150000,-150000
062072,國巨元大9B購05  ,0,0,0,0,0,0,0,0,0,-150000,0,0,0,56000,206000,-150000,-150000
059162,國巨凱基99購12  ,0,0,0,0,0,0,0,0,0,-150000,0,0,0,128000,278000,-150000,-150000
061387,鴻海群益9A購05  ,0,0,0,0,0,0,0,0,0,-150000,0,0,0,3000,153000,-150000,-150000
05887P,友達元富99售03  ,0,0,0,0,0,0,0,0,0,-150000,0,0,0,0,150000,-150000,-150000
060180,上証2X元富9A購02,0,0,0,0,0,0,0,0,0,-150000,0,0,0,0,150000,-150000,-150000
060565,大立光富邦01購01,0,0,0,0,0,0,0,0,0,-150000,0,0,0,0,150000,-150000,-150000
060337,FBVIX統一9A購01 ,0,0,0,0,0,0,0,0,0,-150000,0,0,0,20000,170000,-150000,-150000
060811,亞德客凱基9A購02,0,0,0,0,0,0,0,0,0,-150000,0,0,0,70000,220000,-150000,-150000
063472,茂林元大9B購04  ,0,0,0,0,0,0,0,0,0,-150000,0,0,0,60000,210000,-150000,-150000
062217,旺宏統一9C購01  ,0,0,0,0,0,0,0,0,0,-150000,0,0,0,0,150000,-150000,-150000
061237,晶技元大9A購01  ,0,0,0,0,0,0,0,0,0,-151000,0,0,0,0,151000,-151000,-151000
058692,華邦電國票9B購01,0,0,0,0,0,0,0,0,0,-151000,0,0,0,34000,185000,-151000,-151000
057944,新日興國票99購02,0,0,0,0,0,0,0,0,0,-151000,0,0,0,19000,170000,-151000,-151000
8105,凌巨            ,104000,255000,-151000,0,0,0,0,0,0,0,0,0,0,0,0,0,-151000
065237,茂林凱基01購01  ,0,0,0,0,0,0,0,0,0,-152000,0,0,0,10000,162000,-152000,-152000
064866,義隆永豐9C購02  ,0,0,0,0,0,0,0,0,0,-152000,0,0,0,107000,259000,-152000,-152000
3036,文曄            ,158000,320000,-162000,0,0,0,0,0,0,10000,7000,26000,-19000,29000,0,29000,-152000
060050,鴻海凱基9B購01  ,0,0,0,0,0,0,0,0,0,-152000,0,0,0,7000,159000,-152000,-152000
062824,國巨群益9C購03  ,0,0,0,0,0,0,0,0,0,-152000,0,0,0,186000,338000,-152000,-152000
063247,信邦元大9B購02  ,0,0,0,0,0,0,0,0,0,-152000,0,0,0,0,152000,-152000,-152000
064229,台表科國票01購01,0,0,0,0,0,0,0,0,0,-152000,0,0,0,0,152000,-152000,-152000
064986,GIS元大9C購07   ,0,0,0,0,0,0,0,0,0,-153000,0,0,0,4000,157000,-153000,-153000
056204,嘉澤永豐97購01  ,0,0,0,0,0,0,0,0,0,-153000,0,0,0,0,153000,-153000,-153000
056292,統一元大97購01  ,0,0,0,0,0,0,0,0,0,-153000,0,0,0,103000,256000,-153000,-153000
057632,傳奇永豐98購01  ,0,0,0,0,0,0,0,0,0,-153000,0,0,0,363000,516000,-153000,-153000
063173,矽格中信9B購01  ,0,0,0,0,0,0,0,0,0,-153000,0,0,0,53000,206000,-153000,-153000
062560,奇鋐凱基9B購02  ,0,0,0,0,0,0,0,0,0,-153000,0,0,0,74000,227000,-153000,-153000
00710B,FH彭博高收益債  ,0,0,0,0,0,0,0,0,0,-154000,0,0,0,70000,224000,-154000,-154000
057182,禾伸堂元大99購02,0,0,0,0,0,0,0,0,0,-154000,0,0,0,74000,228000,-154000,-154000
058769,友達兆豐99購01  ,0,0,0,0,0,0,0,0,0,-154000,0,0,0,1000,155000,-154000,-154000
058613,茂林元大99購03  ,0,0,0,0,0,0,0,0,0,-154000,0,0,0,217000,371000,-154000,-154000
063517,遠東新凱基01購01,0,0,0,0,0,0,0,0,0,-154000,0,0,0,0,154000,-154000,-154000
6177,達麗            ,125000,279000,-154000,0,0,0,0,0,0,0,3000,3000,0,0,0,0,-154000
07861P,台灣50中信03售08,0,0,0,0,0,0,0,0,0,-155000,0,0,0,0,155000,-155000,-155000
059922,大立光元大99購25,0,0,0,0,0,0,0,0,0,-155000,0,0,0,23000,178000,-155000,-155000
08160P,茂林元富9B售03  ,0,0,0,0,0,0,0,0,0,-156000,0,0,0,0,156000,-156000,-156000
08392P,上銀群益9C售01  ,0,0,0,0,0,0,0,0,0,-156000,0,0,0,10000,166000,-156000,-156000
060370,滬深2X元富04購01,0,0,0,0,0,0,0,0,0,-156000,0,0,0,7000,163000,-156000,-156000
058377,茂林凱基9A購03  ,0,0,0,0,0,0,0,0,0,-156000,0,0,0,125000,281000,-156000,-156000
060314,元翎永豐9A購01  ,0,0,0,0,0,0,0,0,0,-156000,0,0,0,0,156000,-156000,-156000
062974,奇力新元富9B購01,0,0,0,0,0,0,0,0,0,-156000,0,0,0,70000,226000,-156000,-156000
4155,訊映            ,34000,190000,-156000,0,0,0,0,0,0,0,1000,1000,0,0,0,0,-156000
061352,茂林元大9A購04  ,0,0,0,0,0,0,0,0,0,-157000,0,0,0,10000,167000,-157000,-157000
062491,矽創永豐9B購01  ,0,0,0,0,0,0,0,0,0,-157000,0,0,0,10000,167000,-157000,-157000
064237,奇鋐統一01購01  ,0,0,0,0,0,0,0,0,0,-157000,0,0,0,39000,196000,-157000,-157000
064622,晶技元大01購01  ,0,0,0,0,0,0,0,0,0,-157000,0,0,0,11000,168000,-157000,-157000
057394,台積電中信9C購02,0,0,0,0,0,0,0,0,0,-158000,0,0,0,0,158000,-158000,-158000
055335,健策兆豐98購01  ,0,0,0,0,0,0,0,0,0,-158000,0,0,0,0,158000,-158000,-158000
057092,健策元富98購01  ,0,0,0,0,0,0,0,0,0,-158000,0,0,0,65000,223000,-158000,-158000
061660,禾伸堂永豐9A購01,0,0,0,0,0,0,0,0,0,-158000,0,0,0,0,158000,-158000,-158000
1464,得力            ,53000,201000,-148000,0,0,0,0,0,0,-11000,9000,3000,6000,0,17000,-17000,-159000
020015,統一MSCI美低波N ,0,0,0,0,0,0,0,0,0,-159000,0,0,0,218000,377000,-159000,-159000
062296,南六永豐9B購02  ,0,0,0,0,0,0,0,0,0,-159000,0,0,0,49000,208000,-159000,-159000
2360,致茂            ,478906,590500,-111594,0,0,0,0,13000,-13000,-35000,1000,30000,-29000,6000,12000,-6000,-159594
08154P,上銀元富9B售04  ,0,0,0,0,0,0,0,0,0,-160000,0,0,0,51000,211000,-160000,-160000
064924,健策統一9C購05  ,0,0,0,0,0,0,0,0,0,-160000,0,0,0,159000,319000,-160000,-160000
06689P,鴻海中信9C售02  ,0,0,0,0,0,0,0,0,0,-160000,0,0,0,1000,161000,-160000,-160000
053083,中環元大99購01  ,0,0,0,0,0,0,0,0,0,-160000,0,0,0,0,160000,-160000,-160000
046949,群創元大99購01  ,0,0,0,0,0,0,0,0,0,-160000,0,0,0,80000,240000,-160000,-160000
060240,富邦金元大9A購01,0,0,0,0,0,0,0,0,0,-160000,0,0,0,47000,207000,-160000,-160000
060432,達方永豐9A購01  ,0,0,0,0,0,0,0,0,0,-160000,0,0,0,20000,180000,-160000,-160000
061953,台積電台新9B購04,0,0,0,0,0,0,0,0,0,-160000,0,0,0,2000,162000,-160000,-160000
058445,旺宏富邦9C購01  ,0,0,0,0,0,0,0,0,0,-160000,0,0,0,0,160000,-160000,-160000
062229,南六統一9B購01  ,0,0,0,0,0,0,0,0,0,-160000,0,0,0,37000,197000,-160000,-160000
062435,國巨元大9B購13  ,0,0,0,0,0,0,0,0,0,-160000,0,0,0,87000,247000,-160000,-160000
062731,力成凱基9B購02  ,0,0,0,0,0,0,0,0,0,-160000,0,0,0,50000,210000,-160000,-160000
064399,和大凱基02購01  ,0,0,0,0,0,0,0,0,0,-160000,0,0,0,31000,191000,-160000,-160000
063608,力成凱基9B購03  ,0,0,0,0,0,0,0,0,0,-160000,0,0,0,50000,210000,-160000,-160000
054291,高鐵元大97購01  ,0,0,0,0,0,0,0,0,0,-161000,0,0,0,0,161000,-161000,-161000
060124,奇力新永豐99購03,0,0,0,0,0,0,0,0,0,-162000,0,0,0,0,162000,-162000,-162000
058877,T50反1國泰9B購01,0,0,0,0,0,0,0,0,0,-162000,0,0,0,85000,247000,-162000,-162000
057181,亞光元大98購02  ,0,0,0,0,0,0,0,0,0,-163000,0,0,0,35000,198000,-163000,-163000
057416,T50反1凱基9C購01,0,0,0,0,0,0,0,0,0,-163000,0,0,0,0,163000,-163000,-163000
07830P,牧德凱基9A售03  ,0,0,0,0,0,0,0,0,0,-164000,0,0,0,15000,179000,-164000,-164000
08453P,玉晶光台新9C售02,0,0,0,0,0,0,0,0,0,-164000,0,0,0,124000,288000,-164000,-164000
056517,茂林兆豐99購01  ,0,0,0,0,0,0,0,0,0,-164000,0,0,0,50000,214000,-164000,-164000
062305,遠東新凱基9B購01,0,0,0,0,0,0,0,0,0,-164000,0,0,0,19000,183000,-164000,-164000
063144,超眾統一9C購02  ,0,0,0,0,0,0,0,0,0,-164000,0,0,0,12000,176000,-164000,-164000
065247,聯發科麥證9C購02,0,0,0,0,165000,-165000,0,0,0,-165000,0,0,0,0,165000,-165000,-165000
065374,義隆元大9C購07  ,0,0,0,0,0,0,0,0,0,-165000,0,0,0,118000,283000,-165000,-165000
063480,南六元大9C購01  ,0,0,0,0,0,0,0,0,0,-165000,0,0,0,10000,175000,-165000,-165000
065000,和大國票02購01  ,0,0,0,0,0,0,0,0,0,-166000,0,0,0,20000,186000,-166000,-166000
2472,立隆電          ,89000,255000,-166000,0,0,0,0,0,0,0,7000,7000,0,0,0,0,-166000
061417,力成群益9A購01  ,0,0,0,0,0,0,0,0,0,-166000,0,0,0,407000,573000,-166000,-166000
063298,統一凱基9B購01  ,0,0,0,0,0,0,0,0,0,-166000,0,0,0,50000,216000,-166000,-166000
063573,茂林元大9B購06  ,0,0,0,0,0,0,0,0,0,-166000,0,0,0,127000,293000,-166000,-166000
2442,新美齊          ,71000,237000,-166000,0,0,0,0,0,0,-1000,2000,3000,-1000,0,0,0,-167000
1229,聯華            ,294000,459000,-165000,0,0,0,0,1000,-1000,-1000,0,1000,-1000,0,0,0,-167000
061594,玉晶光永豐9A購08,0,0,0,0,0,0,0,0,0,-167000,0,0,0,37000,204000,-167000,-167000
060815,茂林凱基9B購01  ,0,0,0,0,0,0,0,0,0,-167000,0,0,0,62000,229000,-167000,-167000
058558,鴻海日盛9A購02  ,0,0,0,0,0,0,0,0,0,-167000,0,0,0,37000,204000,-167000,-167000
062273,國巨群益9C購02  ,0,0,0,0,0,0,0,0,0,-167000,0,0,0,141000,308000,-167000,-167000
057927,勤誠凱基98購01  ,0,0,0,0,0,0,0,0,0,-168000,0,0,0,0,168000,-168000,-168000
056420,台表科元富98購01,0,0,0,0,0,0,0,0,0,-168000,0,0,0,67000,235000,-168000,-168000
060637,玉晶光永豐9A購03,0,0,0,0,0,0,0,0,0,-168000,0,0,0,59000,227000,-168000,-168000
061105,宏達電元大9A購04,0,0,0,0,0,0,0,0,0,-168000,0,0,0,120000,288000,-168000,-168000
060959,金像電凱基9A購01,0,0,0,0,0,0,0,0,0,-168000,0,0,0,115000,283000,-168000,-168000
062219,燿華統一9B購01  ,0,0,0,0,0,0,0,0,0,-168000,0,0,0,189000,357000,-168000,-168000
063110,牧德兆豐9B購01  ,0,0,0,0,0,0,0,0,0,-168000,0,0,0,5000,173000,-168000,-168000
063919,大立光元富03購01,0,0,0,0,0,0,0,0,0,-168000,0,0,0,0,168000,-168000,-168000
055701,亞德客富邦99購01,0,0,0,0,0,0,0,0,0,-169000,0,0,0,81000,250000,-169000,-169000
058188,華擎永豐99購01  ,0,0,0,0,0,0,0,0,0,-169000,0,0,0,96000,265000,-169000,-169000
058134,信邦元大99購01  ,0,0,0,0,0,0,0,0,0,-169000,0,0,0,66000,235000,-169000,-169000
061498,大立光國票9A購10,0,0,0,0,0,0,0,0,0,-169000,0,0,0,3000,172000,-169000,-169000
061985,富邦金元大9B購01,0,0,0,0,0,0,0,0,0,-169000,0,0,0,40000,209000,-169000,-169000
3003,健和興          ,64000,237000,-173000,0,0,0,0,0,0,3000,0,1000,-1000,5000,1000,4000,-170000
065097,貿聯元大9C購04  ,0,0,0,0,0,0,0,0,0,-170000,0,0,0,374000,544000,-170000,-170000
065433,緯創凱基9C購01  ,0,0,0,0,0,0,0,0,0,-170000,0,0,0,85000,255000,-170000,-170000
065413,玉晶光永豐9C購10,0,0,0,0,0,0,0,0,0,-170000,0,0,0,3000,173000,-170000,-170000
07545P,玉晶光凱基9A售07,0,0,0,0,0,0,0,0,0,-170000,0,0,0,0,170000,-170000,-170000
054215,創意國票97購02  ,0,0,0,0,0,0,0,0,0,-170000,0,0,0,0,170000,-170000,-170000
056136,京鼎元大98購01  ,0,0,0,0,0,0,0,0,0,-170000,0,0,0,0,170000,-170000,-170000
08298P,大立光國票9C售01,0,0,0,0,0,0,0,0,0,-171000,0,0,0,85000,256000,-171000,-171000
061527,牧德凱基9A購02  ,0,0,0,0,0,0,0,0,0,-171000,0,0,0,0,171000,-171000,-171000
063605,健策凱基9C購02  ,0,0,0,0,0,0,0,0,0,-171000,0,0,0,69000,240000,-171000,-171000
063691,聯鈞永豐9B購01  ,0,0,0,0,0,0,0,0,0,-171000,0,0,0,84000,255000,-171000,-171000
064291,南六元大9C購04  ,0,0,0,0,0,0,0,0,0,-171000,0,0,0,0,171000,-171000,-171000
06750P,聯發科元富02售03,0,0,0,0,0,0,0,0,0,-172000,0,0,0,1000,173000,-172000,-172000
065210,健策國票01購03  ,30000,0,30000,0,0,0,0,0,0,-202000,0,0,0,1000,203000,-202000,-172000
056301,開發金元大9A購01,0,0,0,0,0,0,0,0,0,-172000,0,0,0,0,172000,-172000,-172000
061411,T50反1群益9A購05,0,0,0,0,0,0,0,0,0,-172000,0,0,0,70000,242000,-172000,-172000
061694,玉山金群益9A購01,0,0,0,0,0,0,0,0,0,-172000,0,0,0,10000,182000,-172000,-172000
05958P,聯發科國票97售04,0,0,0,0,0,0,0,0,0,-172000,0,0,0,48000,220000,-172000,-172000
063552,晶技國票9B購03  ,0,0,0,0,0,0,0,0,0,-172000,0,0,0,58000,230000,-172000,-172000
062272,鴻海群益9B購05  ,0,0,0,0,0,0,0,0,0,-172000,0,0,0,36000,208000,-172000,-172000
2404,漢唐            ,753000,290000,463000,0,0,0,0,611000,-611000,-25000,0,23000,-23000,5000,7000,-2000,-173000
058046,國巨元大9A購01  ,0,0,0,0,0,0,0,0,0,-173000,0,0,0,7000,180000,-173000,-173000
058371,智原凱基9A購01  ,0,0,0,0,0,0,0,0,0,-173000,0,0,0,164000,337000,-173000,-173000
063198,仁寶統一01購02  ,0,0,0,0,0,0,0,0,0,-173000,0,0,0,48000,221000,-173000,-173000
063204,高鐵統一9C購01  ,0,0,0,0,0,0,0,0,0,-173000,0,0,0,39000,212000,-173000,-173000
065159,臻鼎群益9C購02  ,0,0,0,0,0,0,0,0,0,-174000,0,0,0,21000,195000,-174000,-174000
07122P,欣興凱基99售05  ,0,0,0,0,0,0,0,0,0,-174000,0,0,0,61000,235000,-174000,-174000
058296,明泰凱基99購01  ,0,0,0,0,0,0,0,0,0,-174000,0,0,0,20000,194000,-174000,-174000
060130,瀚宇博永豐99購02,0,0,0,0,0,0,0,0,0,-174000,0,0,0,35000,209000,-174000,-174000
6443,元晶            ,72000,246000,-174000,0,0,0,0,0,0,0,0,0,0,0,0,0,-174000
065109,台勝科國票01購01,0,0,0,0,0,0,0,0,0,-175000,0,0,0,0,175000,-175000,-175000
056945,鴻海統一98購12  ,0,0,0,0,0,0,0,0,0,-175000,0,0,0,1000,176000,-175000,-175000
06025P,臺股指元大99售02,0,0,0,0,0,0,0,0,0,-175000,0,0,0,465000,640000,-175000,-175000
056468,鴻海元大98購07  ,0,0,0,0,0,0,0,0,0,-175000,0,0,0,41000,216000,-175000,-175000
057544,鴻海凱基02購01  ,0,0,0,0,0,0,0,0,0,-175000,0,0,0,145000,320000,-175000,-175000
055500,京鼎元大97購04  ,0,0,0,0,0,0,0,0,0,-175000,0,0,0,223000,398000,-175000,-175000
063051,仁寶統一01購01  ,0,0,0,0,0,0,0,0,0,-175000,0,0,0,56000,231000,-175000,-175000
064186,燿華永豐9C購01  ,0,0,0,0,0,0,0,0,0,-175000,0,0,0,10000,185000,-175000,-175000
059140,大立光兆豐9A購02,0,0,0,0,0,0,0,0,0,-176000,0,0,0,11000,187000,-176000,-176000
063705,臻鼎群益9B購03  ,0,0,0,0,0,0,0,0,0,-176000,0,0,0,46000,222000,-176000,-176000
062549,中租永豐9B購01  ,0,0,0,0,0,0,0,0,0,-176000,0,0,0,80000,256000,-176000,-176000
058202,鴻海凱基9A購04  ,0,0,0,0,0,0,0,0,0,-177000,0,0,0,6000,183000,-177000,-177000
063270,喬山兆豐9C購01  ,0,0,0,0,0,0,0,0,0,-177000,0,0,0,0,177000,-177000,-177000
06991P,矽創群益99售01  ,0,0,0,0,0,0,0,0,0,-178000,0,0,0,20000,198000,-178000,-178000
062044,健策凱基9B購02  ,0,0,0,0,0,0,0,0,0,-178000,0,0,0,20000,198000,-178000,-178000
064065,大立光富邦02購02,0,0,0,0,0,0,0,0,0,-178000,0,0,0,0,178000,-178000,-178000
065327,台表科凱基9C購02,0,0,0,0,0,0,0,0,0,-179000,0,0,0,160000,339000,-179000,-179000
08206P,鴻海群益9C售03  ,0,0,0,0,0,0,0,0,0,-179000,0,0,0,0,179000,-179000,-179000
08245P,台灣50群益9C售05,0,0,0,0,0,0,0,0,0,-179000,0,0,0,0,179000,-179000,-179000
08242P,聯發科凱基9C售06,0,0,0,0,0,0,0,0,0,-179000,0,0,0,0,179000,-179000,-179000
08264P,南電元大9C售02  ,0,0,0,0,0,0,0,0,0,-179000,0,0,0,5000,184000,-179000,-179000
061844,T50反1國票9C購02,0,0,0,0,0,0,0,0,0,-179000,0,0,0,379000,558000,-179000,-179000
06082P,華通統一98售01  ,0,0,0,0,0,0,0,0,0,-179000,0,0,0,276000,455000,-179000,-179000
064485,儒鴻元大01購01  ,0,0,0,0,0,0,0,0,0,-179000,0,0,0,17000,196000,-179000,-179000
062641,瀚宇博國票9B購01,0,0,0,0,0,0,0,0,0,-179000,0,0,0,10000,189000,-179000,-179000
058416,鴻海麥證99購01  ,0,0,0,0,181000,-181000,0,0,0,-180000,0,0,0,1000,181000,-180000,-180000
062131,臺指反群益9B購03,0,0,0,0,0,0,0,0,0,-180000,0,0,0,0,180000,-180000,-180000
062561,瀚宇博凱基9B購01,0,0,0,0,0,0,0,0,0,-180000,0,0,0,0,180000,-180000,-180000
2614,東森            ,278000,461000,-183000,0,0,0,0,0,0,2000,4000,2000,2000,0,0,0,-181000
060572,景碩永豐9A購01  ,0,0,0,0,0,0,0,0,0,-181000,0,0,0,70000,251000,-181000,-181000
064598,國巨元富9C購03  ,0,0,0,0,0,0,0,0,0,-181000,0,0,0,172000,353000,-181000,-181000
5534,長虹            ,103628,285000,-181372,0,0,0,0,0,0,0,2000,2000,0,0,0,0,-181372
2501,國建            ,88000,270000,-182000,0,0,0,0,0,0,0,0,0,0,0,0,0,-182000
060347,大立光統一02購01,0,0,0,0,0,0,0,0,0,-182000,0,0,0,12000,194000,-182000,-182000
06448P,華通元大99售01  ,0,0,0,0,0,0,0,0,0,-182000,0,0,0,21000,203000,-182000,-182000
057510,泰碩統一98購02  ,0,0,0,0,0,0,0,0,0,-183000,0,0,0,40000,223000,-183000,-183000
056481,創意元大98購01  ,0,0,0,0,0,0,0,0,0,-183000,0,0,0,0,183000,-183000,-183000
056971,麗豐永豐98購01  ,0,0,0,0,0,0,0,0,0,-183000,0,0,0,60000,243000,-183000,-183000
064283,奇鋐元大9C購02  ,0,0,0,0,0,0,0,0,0,-183000,0,0,0,54000,237000,-183000,-183000
2929,淘帝-KY         ,44000,229000,-185000,0,0,0,0,0,0,1000,0,0,0,2000,1000,1000,-184000
08493P,嘉澤元大9C售01  ,0,0,0,0,0,0,0,0,0,-184000,0,0,0,0,184000,-184000,-184000
058554,瀚宇博永豐99購01,0,0,0,0,0,0,0,0,0,-184000,0,0,0,0,184000,-184000,-184000
058637,晶技兆豐99購01  ,0,0,0,0,0,0,0,0,0,-185000,0,0,0,74000,259000,-185000,-185000
059051,和大凱基9A購01  ,0,0,0,0,0,0,0,0,0,-185000,0,0,0,138000,323000,-185000,-185000
05950P,台積電國票97售04,0,0,0,0,0,0,0,0,0,-185000,0,0,0,6000,191000,-185000,-185000
063598,國巨凱基9B購14  ,0,0,0,0,0,0,0,0,0,-185000,0,0,0,61000,246000,-185000,-185000
060364,奇力新元富9A購01,0,0,0,0,0,0,0,0,0,-186000,0,0,0,14000,200000,-186000,-186000
063739,台勝科元大9B購03,0,0,0,0,0,0,0,0,0,-186000,0,0,0,91000,277000,-186000,-186000
064650,台表科凱基03購01,0,0,0,0,0,0,0,0,0,-186000,0,0,0,49000,235000,-186000,-186000
060682,牧德元大9A購03  ,0,0,0,0,0,0,0,0,0,-187000,0,0,0,20000,207000,-187000,-187000
058203,信邦凱基99購01  ,0,0,0,0,0,0,0,0,0,-187000,0,0,0,18000,205000,-187000,-187000
063476,台表科元大9C購03,0,0,0,0,0,0,0,0,0,-187000,0,0,0,258000,445000,-187000,-187000
2014,中鴻            ,264000,449000,-185000,0,0,0,0,0,0,-3000,3000,6000,-3000,0,0,0,-188000
056460,同欣電凱基99購01,0,0,0,0,0,0,0,0,0,-188000,0,0,0,7000,195000,-188000,-188000
063510,台表科群益9C購01,0,0,0,0,0,0,0,0,0,-188000,0,0,0,20000,208000,-188000,-188000
056507,創意永豐98購02  ,0,0,0,0,0,0,0,0,0,-189000,0,0,0,60000,249000,-189000,-189000
08231P,上銀元富9B售10  ,0,0,0,0,0,0,0,0,0,-190000,0,0,0,59000,249000,-190000,-190000
07878P,智邦群益9C售01  ,0,0,0,0,0,0,0,0,0,-190000,0,0,0,0,190000,-190000,-190000
056378,欣興元富98購01  ,0,0,0,0,0,0,0,0,0,-190000,0,0,0,20000,210000,-190000,-190000
060454,葡萄王元大9A購01,0,0,0,0,0,0,0,0,0,-190000,0,0,0,70000,260000,-190000,-190000
058183,國巨富邦9A購06  ,0,0,0,0,0,0,0,0,0,-190000,0,0,0,276000,466000,-190000,-190000
060189,宏達電元富9B購03,0,0,0,0,0,0,0,0,0,-190000,0,0,0,10000,200000,-190000,-190000
062728,健策凱基9B購04  ,0,0,0,0,0,0,0,0,0,-190000,0,0,0,72000,262000,-190000,-190000
062798,台光電統一9B購01,0,0,0,0,0,0,0,0,0,-190000,0,0,0,21000,211000,-190000,-190000
057841,茂林富邦9A購02  ,0,0,0,0,0,0,0,0,0,-191000,0,0,0,208000,399000,-191000,-191000
062321,力成台新9B購01  ,0,0,0,0,0,0,0,0,0,-191000,0,0,0,79000,270000,-191000,-191000
07685P,玉晶光凱基9B售03,0,0,0,0,0,0,0,0,0,-192000,0,0,0,18000,210000,-192000,-192000
059911,國巨元大99購27  ,0,0,0,0,0,0,0,0,0,-193000,0,0,0,46000,239000,-193000,-193000
2534,宏盛            ,188000,382000,-194000,0,0,0,0,0,0,0,2000,2000,0,0,0,0,-194000
062920,康友元大9B購01  ,0,0,0,0,0,0,0,0,0,-194000,0,0,0,27000,221000,-194000,-194000
064842,南六統一9C購04  ,0,0,0,0,0,0,0,0,0,-195000,0,0,0,112000,307000,-195000,-195000
063508,緯創群益9B購01  ,0,0,0,0,0,0,0,0,0,-195000,0,0,0,41000,236000,-195000,-195000
2889,國票金          ,722000,917000,-195000,0,0,0,0,0,0,-1000,0,1000,-1000,0,0,0,-196000
08106P,聯發科統一9B售09,0,0,0,0,0,0,0,0,0,-196000,0,0,0,371000,567000,-196000,-196000
061187,瀚宇博國泰9C購01,0,0,0,0,0,0,0,0,0,-196000,0,0,0,20000,216000,-196000,-196000
08471P,日月光凱基9C售02,0,0,0,0,0,0,0,0,0,-197000,0,0,0,0,197000,-197000,-197000
065034,玉晶光統一01購11,0,0,0,0,0,0,0,0,0,-198000,0,0,0,157000,355000,-198000,-198000
062989,鴻海群益9B購07  ,0,0,0,0,0,0,0,0,0,-198000,0,0,0,25000,223000,-198000,-198000
063172,廣達中信9C購01  ,0,0,0,0,0,0,0,0,0,-198000,0,0,0,29000,227000,-198000,-198000
062496,矽創中信9B購01  ,0,0,0,0,0,0,0,0,0,-198000,0,0,0,70000,268000,-198000,-198000
08148P,長榮航群益9B售03,0,0,0,0,0,0,0,0,0,-199000,0,0,0,0,199000,-199000,-199000
1760,寶齡富錦        ,313000,512000,-199000,0,0,0,10000,0,10000,-10000,0,10000,-10000,0,0,0,-199000
056664,上証反中信9B購01,0,0,0,0,0,0,0,0,0,-199000,0,0,0,1000,200000,-199000,-199000
058370,聯詠凱基99購01  ,0,0,0,0,0,0,0,0,0,-199000,0,0,0,54000,253000,-199000,-199000
058999,台積電元大99購24,0,0,0,0,0,0,0,0,0,-199000,0,0,0,50000,249000,-199000,-199000
063612,金像電群益9B購04,0,0,0,0,0,0,0,0,0,-199000,0,0,0,0,199000,-199000,-199000
064942,道瓊反凱基02購01,0,0,0,0,0,0,0,0,0,-200000,0,0,0,0,200000,-200000,-200000
064955,健策凱基9C購03  ,0,0,0,0,0,0,0,0,0,-200000,0,0,0,9000,209000,-200000,-200000
065521,貿聯群益9C購04  ,0,0,0,0,0,0,0,0,0,-200000,0,0,0,0,200000,-200000,-200000
065234,旭富凱基01購01  ,0,0,0,0,0,0,0,0,0,-200000,0,0,0,33000,233000,-200000,-200000
057656,大成鋼兆豐98購01,0,0,0,0,0,0,0,0,0,-200000,0,0,0,0,200000,-200000,-200000
057287,彩晶元大9C購03  ,0,0,0,0,0,0,0,0,0,-200000,0,0,0,0,200000,-200000,-200000
060037,鴻海國票99購10  ,0,0,0,0,0,0,0,0,0,-200000,0,0,0,0,200000,-200000,-200000
054679,台積電康和99購01,0,0,0,0,0,0,0,0,0,-200000,0,0,0,0,200000,-200000,-200000
052989,麗豐元大98購01  ,0,0,0,0,0,0,0,0,0,-200000,0,0,0,0,200000,-200000,-200000
052413,上証反中信97購01,0,0,0,0,0,0,0,0,0,-200000,0,0,0,0,200000,-200000,-200000
052080,康友元富98購02  ,0,0,0,0,0,0,0,0,0,-200000,0,0,0,0,200000,-200000,-200000
058449,台積電永豐99購01,0,0,0,0,0,0,0,0,0,-200000,0,0,0,0,200000,-200000,-200000
058549,藍天永豐99購01  ,0,0,0,0,0,0,0,0,0,-200000,0,0,0,0,200000,-200000,-200000
060826,牧德元大9B購02  ,0,0,0,0,0,0,0,0,0,-200000,0,0,0,0,200000,-200000,-200000
064513,T50反1群益9C購01,0,0,0,0,0,0,0,0,0,-200000,0,0,0,85000,285000,-200000,-200000
06454P,緯穎元大98售04  ,0,0,0,0,0,0,0,0,0,-200000,0,0,0,0,200000,-200000,-200000
064417,創意中信9C購01  ,0,0,0,0,0,0,0,0,0,-200000,0,0,0,188000,388000,-200000,-200000
063182,國巨凱基9B購10  ,0,0,0,0,0,0,0,0,0,-200000,0,0,0,51000,251000,-200000,-200000
3665,貿聯-KY         ,304000,444562,-140562,0,0,0,31000,0,31000,-92000,3000,71000,-68000,27000,51000,-24000,-201562
2338,光罩            ,275000,450000,-175000,0,0,0,0,0,0,-27000,9000,0,9000,1000,37000,-36000,-202000
057572,明泰永豐98購01  ,0,0,0,0,0,0,0,0,0,-202000,0,0,0,40000,242000,-202000,-202000
063154,南六元富9B購02  ,0,0,0,0,0,0,0,0,0,-202000,0,0,0,36000,238000,-202000,-202000
2375,凱美            ,153000,335000,-182000,0,0,0,0,0,0,-21000,0,0,0,3000,24000,-21000,-203000
07834P,聯詠群益9A售03  ,0,0,0,0,0,0,0,0,0,-203000,0,0,0,0,203000,-203000,-203000
060768,鴻海麥證9A購02  ,0,0,0,100000,303000,-203000,0,0,0,-203000,0,0,0,100000,303000,-203000,-203000
061304,創意永豐9A購02  ,0,0,0,0,0,0,0,0,0,-203000,0,0,0,35000,238000,-203000,-203000
08201P,祥碩元大9B售09  ,0,0,0,0,0,0,0,0,0,-204000,0,0,0,66000,270000,-204000,-204000
057354,聯鈞統一99購03  ,0,0,0,0,0,0,0,0,0,-204000,0,0,0,139000,343000,-204000,-204000
08391P,智邦凱基02售02  ,0,0,0,0,0,0,0,0,0,-205000,0,0,0,0,205000,-205000,-205000
07707P,玉山金元大9A售03,0,0,0,0,0,0,0,0,0,-205000,0,0,0,0,205000,-205000,-205000
058781,康友國票9A購01  ,0,0,0,0,0,0,0,0,0,-205000,0,0,0,715000,920000,-205000,-205000
063469,牧德元大9C購02  ,0,0,0,0,0,0,0,0,0,-205000,0,0,0,0,205000,-205000,-205000
064350,茂林元大01購01  ,0,0,0,0,0,0,0,0,0,-205000,0,0,0,41000,246000,-205000,-205000
064063,健策國泰01購02  ,0,0,0,0,0,0,0,0,0,-205000,0,0,0,71000,276000,-205000,-205000
2542,興富發          ,1208490,1360610,-152120,0,0,0,0,0,0,-53000,2000,53000,-51000,0,2000,-2000,-205120
9910,豐泰            ,616336,545954,70382,0,0,0,11000,263000,-252000,-24000,0,26000,-26000,2000,0,2000,-205618
061210,玉山金元大9A購02,0,0,0,0,0,0,0,0,0,-206000,0,0,0,0,206000,-206000,-206000
07997P,上銀凱基9B售04  ,0,0,0,0,0,0,0,0,0,-207000,0,0,0,0,207000,-207000,-207000
064892,台達電群益9C購02,0,0,0,0,0,0,0,0,0,-207000,0,0,0,85000,292000,-207000,-207000
055114,新日興凱基98購01,0,0,0,0,0,0,0,0,0,-207000,0,0,0,11000,218000,-207000,-207000
058641,鴻海麥證99購02  ,0,0,0,0,208000,-208000,0,0,0,-207000,0,0,0,1000,208000,-207000,-207000
065342,華邦電統一02購01,0,0,0,0,0,0,0,0,0,-208000,0,0,0,0,208000,-208000,-208000
08365P,貿聯凱基9C售01  ,0,0,0,0,0,0,0,0,0,-208000,0,0,0,0,208000,-208000,-208000
064423,義隆兆豐9C購02  ,0,0,0,0,0,0,0,0,0,-208000,0,0,0,63000,271000,-208000,-208000
06421P,嘉澤統一97售02  ,0,0,0,0,0,0,0,0,0,-208000,0,0,0,5000,213000,-208000,-208000
064858,鴻海富邦01購01  ,0,0,0,0,0,0,0,0,0,-209000,0,0,0,10000,219000,-209000,-209000
03445B,臺股指元大02熊01,0,0,0,0,0,0,0,0,0,-209000,0,0,0,933000,1142000,-209000,-209000
058772,茂林兆豐9A購01  ,0,0,0,0,0,0,0,0,0,-209000,0,0,0,58000,267000,-209000,-209000
063916,瀚宇博凱基01購01,0,0,0,0,0,0,0,0,0,-209000,0,0,0,61000,270000,-209000,-209000
063191,台表科凱基9B購03,0,0,0,0,0,0,0,0,0,-209000,0,0,0,81000,290000,-209000,-209000
062620,台表科元大9B購04,0,0,0,0,0,0,0,0,0,-209000,0,0,0,144000,353000,-209000,-209000
065484,康友元大9C購01  ,0,0,0,0,0,0,0,0,0,-210000,0,0,0,1000,211000,-210000,-210000
07713P,台郡元大9A售03  ,0,0,0,0,0,0,0,0,0,-210000,0,0,0,105000,315000,-210000,-210000
07408P,台積電兆豐99售06,0,0,0,0,0,0,0,0,0,-210000,0,0,0,0,210000,-210000,-210000
07309P,聯發科凱基99售18,0,0,0,0,0,0,0,0,0,-210000,0,0,0,0,210000,-210000,-210000
07148P,富邦金元大99售01,0,0,0,0,0,0,0,0,0,-210000,0,0,0,10000,220000,-210000,-210000
07150P,和碩元大99售01  ,0,0,0,0,0,0,0,0,0,-210000,0,0,0,1000,211000,-210000,-210000
059976,道瓊銀元大99購01,0,0,0,0,0,0,0,0,0,-210000,0,0,0,0,210000,-210000,-210000
058319,大毅永豐9A購01  ,0,0,0,0,0,0,0,0,0,-210000,0,0,0,0,210000,-210000,-210000
064564,義隆群益9C購02  ,0,0,0,0,0,0,0,0,0,-210000,0,0,0,157000,367000,-210000,-210000
1231,聯華食          ,30000,242072,-212072,0,0,0,0,0,0,2000,9000,7000,2000,0,0,0,-210072
00674R,元大S&P黃金反1  ,0,0,0,0,0,0,0,0,0,-211000,0,0,0,80000,291000,-211000,-211000
055681,奇鋐凱基98購03  ,0,0,0,0,0,0,0,0,0,-211000,0,0,0,99000,310000,-211000,-211000
060126,創意永豐99購04  ,0,0,0,0,0,0,0,0,0,-211000,0,0,0,77000,288000,-211000,-211000
063426,茂林凱基9B購03  ,0,0,0,0,0,0,0,0,0,-212000,0,0,0,30000,242000,-212000,-212000
08517P,奇力新群益9C售03,0,0,0,0,0,0,0,0,0,-213000,0,0,0,6000,219000,-213000,-213000
060322,卜蜂群益9A購01  ,0,0,0,0,0,0,0,0,0,-213000,0,0,0,0,213000,-213000,-213000
061876,明泰元大9B購01  ,0,0,0,0,0,0,0,0,0,-213000,0,0,0,82000,295000,-213000,-213000
064342,晶技元大9C購01  ,0,0,0,0,0,0,0,0,0,-213000,0,0,0,0,213000,-213000,-213000
057378,康友元大98購02  ,0,0,0,0,0,0,0,0,0,-214000,0,0,0,0,214000,-214000,-214000
064659,台達電元大9C購02,21000,0,21000,0,0,0,0,0,0,-235000,0,0,0,68000,303000,-235000,-214000
07951P,智邦元大9B售05  ,0,0,0,0,0,0,0,0,0,-215000,0,0,0,20000,235000,-215000,-215000
057347,國巨統一9A購03  ,0,0,0,0,0,0,0,0,0,-215000,0,0,0,257000,472000,-215000,-215000
056767,大毅元大99購01  ,0,0,0,0,0,0,0,0,0,-215000,0,0,0,197000,412000,-215000,-215000
062008,南亞科國泰9C購01,0,0,0,0,0,0,0,0,0,-215000,0,0,0,207000,422000,-215000,-215000
061550,聯鈞群益9A購03  ,0,0,0,0,0,0,0,0,0,-215000,0,0,0,1127000,1342000,-215000,-215000
064160,新日興統一01購03,0,0,0,0,0,0,0,0,0,-215000,0,0,0,381000,596000,-215000,-215000
062448,健策元大9C購04  ,0,0,0,0,0,0,0,0,0,-215000,0,0,0,139000,354000,-215000,-215000
061896,景碩永豐9B購01  ,0,0,0,0,0,0,0,0,0,-216000,0,0,0,56000,272000,-216000,-216000
061036,晶技永豐9A購03  ,0,0,0,0,0,0,0,0,0,-216000,0,0,0,0,216000,-216000,-216000
064337,大毅元大01購02  ,0,0,0,0,0,0,0,0,0,-216000,0,0,0,114000,330000,-216000,-216000
065218,世芯國泰02購02  ,0,0,0,0,0,0,0,0,0,-217000,0,0,0,263000,480000,-217000,-217000
054479,緯創中信98購01  ,0,0,0,0,0,0,0,0,0,-217000,0,0,0,8000,225000,-217000,-217000
064954,奇鋐凱基9C購01  ,0,0,0,0,0,0,0,0,0,-218000,0,0,0,41000,259000,-218000,-218000
060056,大立光凱基9B購01,0,0,0,0,0,0,0,0,0,-218000,0,0,0,2000,220000,-218000,-218000
064489,宏碁元大9C購01  ,0,0,0,0,0,0,0,0,0,-218000,0,0,0,0,218000,-218000,-218000
063020,奇力新元大9B購04,0,0,0,0,0,0,0,0,0,-218000,0,0,0,0,218000,-218000,-218000
05631P,國巨富邦9A售01  ,0,0,0,0,0,0,0,0,0,-219000,0,0,0,300000,519000,-219000,-219000
057296,智原永豐98購01  ,0,0,0,0,0,0,0,0,0,-219000,0,0,0,0,219000,-219000,-219000
062408,致新永豐9B購01  ,0,0,0,0,0,0,0,0,0,-219000,0,0,0,24000,243000,-219000,-219000
07131P,緯穎元大99售06  ,0,0,0,0,0,0,0,0,0,-220000,0,0,0,100000,320000,-220000,-220000
06853P,華擎元富98售03  ,0,0,0,0,0,0,0,0,0,-220000,0,0,0,30000,250000,-220000,-220000
3576,聯合再生        ,600000,820000,-220000,0,0,0,0,0,0,0,0,0,0,0,0,0,-220000
057887,智原群益98購04  ,0,0,0,0,0,0,0,0,0,-220000,0,0,0,22000,242000,-220000,-220000
060415,葡萄王永豐9A購01,0,0,0,0,0,0,0,0,0,-220000,0,0,0,0,220000,-220000,-220000
054168,貿聯凱基97購02  ,0,0,0,0,0,0,0,0,0,-220000,0,0,0,0,220000,-220000,-220000
060920,超眾富邦9B購01  ,0,0,0,0,0,0,0,0,0,-220000,0,0,0,70000,290000,-220000,-220000
061350,牧德元大9B購03  ,0,0,0,0,0,0,0,0,0,-220000,0,0,0,25000,245000,-220000,-220000
058929,可成統一9C購01  ,0,0,0,0,0,0,0,0,0,-220000,0,0,0,34000,254000,-220000,-220000
061195,健策永豐9B購02  ,0,0,0,0,0,0,0,0,0,-221000,0,0,0,16000,237000,-221000,-221000
062546,新日興永豐9B購01,0,0,0,0,0,0,0,0,0,-221000,0,0,0,15000,236000,-221000,-221000
08036P,嘉澤群益9B售03  ,0,0,0,0,0,0,0,0,0,-222000,0,0,0,0,222000,-222000,-222000
055585,國巨元大98購08  ,0,0,0,0,0,0,0,0,0,-222000,0,0,0,0,222000,-222000,-222000
061769,晶技元大9B購03  ,0,0,0,0,0,0,0,0,0,-222000,0,0,0,310000,532000,-222000,-222000
064089,新日興凱基02購01,0,0,0,0,0,0,0,0,0,-222000,0,0,0,33000,255000,-222000,-222000
057109,信邦群益98購01  ,0,0,0,0,0,0,0,0,0,-223000,0,0,0,0,223000,-223000,-223000
056113,新日興兆豐98購01,0,0,0,0,0,0,0,0,0,-223000,0,0,0,118000,341000,-223000,-223000
064113,新日興國票01購01,0,0,0,0,0,0,0,0,0,-223000,0,0,0,0,223000,-223000,-223000
063666,京元電統一9C購01,0,0,0,0,0,0,0,0,0,-223000,0,0,0,23000,246000,-223000,-223000
063908,國巨凱基9C購06  ,0,0,0,0,0,0,0,0,0,-224000,0,0,0,147000,371000,-224000,-224000
064006,晶技凱基9C購02  ,0,0,0,0,0,0,0,0,0,-224000,0,0,0,0,224000,-224000,-224000
062231,台光電麥證9C購01,0,0,0,11000,235000,-224000,0,0,0,-224000,0,0,0,11000,235000,-224000,-224000
062236,信邦凱基9B購01  ,0,0,0,0,0,0,0,0,0,-224000,0,0,0,10000,234000,-224000,-224000
2402,毅嘉            ,61000,280000,-219000,0,0,0,0,0,0,-6000,3000,9000,-6000,0,0,0,-225000
061130,牧德永豐9A購04  ,0,0,0,0,0,0,0,0,0,-225000,0,0,0,0,225000,-225000,-225000
063852,瀚宇博元大9C購01,0,0,0,0,0,0,0,0,0,-225000,0,0,0,76000,301000,-225000,-225000
2104,國際中橡        ,335000,560000,-225000,0,0,0,0,0,0,-1000,0,4000,-4000,3000,0,3000,-226000
059560,T50反1凱基99購08,0,0,0,0,0,0,0,0,0,-226000,0,0,0,80000,306000,-226000,-226000
064721,國泰金統一02購01,0,0,0,0,0,0,0,0,0,-226000,0,0,0,0,226000,-226000,-226000
063074,創意永豐9B購02  ,0,0,0,0,0,0,0,0,0,-226000,0,0,0,76000,302000,-226000,-226000
08263P,台表科元大9C售06,0,0,0,0,0,0,0,0,0,-227000,0,0,0,50000,277000,-227000,-227000
08085P,華通凱基9B售04  ,0,0,0,0,0,0,0,0,0,-227000,0,0,0,0,227000,-227000,-227000
059694,創意永豐99購03  ,0,0,0,0,0,0,0,0,0,-227000,0,0,0,57000,284000,-227000,-227000
08383P,智邦群益9C售03  ,0,0,0,0,0,0,0,0,0,-228000,0,0,0,4000,232000,-228000,-228000
059058,可成凱基9B購01  ,0,0,0,0,0,0,0,0,0,-228000,0,0,0,12000,240000,-228000,-228000
063653,儒鴻元富9B購01  ,0,0,0,0,0,0,0,0,0,-228000,0,0,0,32000,260000,-228000,-228000
1473,台南            ,30000,259000,-229000,0,0,0,0,0,0,0,1000,1000,0,0,0,0,-229000
053297,鎧勝中信98購01  ,0,0,0,0,0,0,0,0,0,-229000,0,0,0,144000,373000,-229000,-229000
063738,奇鋐元大9B購03  ,0,0,0,0,0,0,0,0,0,-229000,0,0,0,24000,253000,-229000,-229000
08482P,亞德客群益9C售02,0,0,0,0,0,0,0,0,0,-230000,0,0,0,117000,347000,-230000,-230000
1514,亞力            ,82000,318000,-236000,0,0,0,0,0,0,5000,7000,2000,5000,0,0,0,-231000
055415,禾伸堂富邦9B購01,0,0,0,0,0,0,0,0,0,-231000,0,0,0,0,231000,-231000,-231000
064724,健鼎統一02購02  ,0,0,0,0,0,0,0,0,0,-231000,0,0,0,17000,248000,-231000,-231000
062168,大毅永豐9B購01  ,0,0,0,0,0,0,0,0,0,-231000,0,0,0,2000,233000,-231000,-231000
9945,潤泰新          ,751696,942000,-190304,0,0,0,0,0,0,-41000,5000,9000,-4000,0,37000,-37000,-231304
061574,大毅元大9B購01  ,0,0,0,0,0,0,0,0,0,-232000,0,0,0,8000,240000,-232000,-232000
064879,健策兆豐01購01  ,0,0,0,0,0,0,0,0,0,-233000,0,0,0,0,233000,-233000,-233000
065341,華邦電統一01購02,0,0,0,0,0,0,0,0,0,-234000,0,0,0,0,234000,-234000,-234000
057616,聯電凱基99購01  ,0,0,0,0,0,0,0,0,0,-234000,0,0,0,16000,250000,-234000,-234000
063106,台表科群益9B購03,0,0,0,0,0,0,0,0,0,-235000,0,0,0,1000,236000,-235000,-235000
063660,儒鴻統一9C購01  ,0,0,0,0,0,0,0,0,0,-235000,0,0,0,20000,255000,-235000,-235000
065137,中鋼凱基01購01  ,0,0,0,0,0,0,0,0,0,-236000,0,0,0,10000,246000,-236000,-236000
060641,聯鈞永豐9A購01  ,0,0,0,0,0,0,0,0,0,-236000,0,0,0,59000,295000,-236000,-236000
065132,臻鼎兆豐01購01  ,0,0,0,0,0,0,0,0,0,-237000,0,0,0,11000,248000,-237000,-237000
065195,國巨元富06購01  ,0,0,0,0,0,0,0,0,0,-237000,0,0,0,231000,468000,-237000,-237000
061597,南六永豐9A購04  ,0,0,0,0,0,0,0,0,0,-237000,0,0,0,2000,239000,-237000,-237000
063891,國巨群益9C購07  ,0,0,0,0,0,0,0,0,0,-237000,0,0,0,347000,584000,-237000,-237000
3008,大立光          ,259350,499339,-239989,0,0,0,0,5058,-5058,8000,12000,11000,1000,7000,0,7000,-237047
08364P,聯發科凱基02售02,0,0,0,0,0,0,0,0,0,-238000,0,0,0,0,238000,-238000,-238000
08118P,嘉澤元富9B售02  ,0,0,0,0,0,0,0,0,0,-238000,0,0,0,64000,302000,-238000,-238000
061370,晶技國泰9C購01  ,0,0,0,0,0,0,0,0,0,-238000,0,0,0,210000,448000,-238000,-238000
058154,泰碩統一9A購01  ,0,0,0,0,0,0,0,0,0,-238000,0,0,0,120000,358000,-238000,-238000
064980,牧德元大01購01  ,0,0,0,0,0,0,0,0,0,-239000,0,0,0,56000,295000,-239000,-239000
061488,奇力新兆豐9A購01,0,0,0,0,0,0,0,0,0,-239000,0,0,0,0,239000,-239000,-239000
064196,健策群益01購01  ,0,0,0,0,0,0,0,0,0,-239000,0,0,0,17000,256000,-239000,-239000
062547,玉晶光永豐9B購05,0,0,0,0,0,0,0,0,0,-239000,0,0,0,23000,262000,-239000,-239000
064459,創意統一02購01  ,0,0,0,0,0,0,0,0,0,-240000,0,0,0,0,240000,-240000,-240000
065345,台光電統一01購04,0,0,0,0,0,0,0,0,0,-241000,0,0,0,0,241000,-241000,-241000
07325P,台積電元大99售41,0,0,0,0,0,0,0,0,0,-241000,0,0,0,1000,242000,-241000,-241000
1308,亞聚            ,382000,622000,-240000,0,0,0,0,0,0,-1000,1000,2000,-1000,0,0,0,-241000
1103,嘉泥            ,256000,498000,-242000,0,0,0,0,0,0,0,0,0,0,0,0,0,-242000
1609,大亞            ,168000,415000,-247000,0,0,0,0,0,0,5000,24000,19000,5000,0,0,0,-242000
064916,玉山金統一02購01,0,0,0,0,0,0,0,0,0,-242000,0,0,0,0,242000,-242000,-242000
060896,晶技凱基9A購02  ,0,0,0,0,0,0,0,0,0,-242000,0,0,0,13000,255000,-242000,-242000
2505,國揚            ,738000,900836,-162836,0,0,0,0,0,0,-80000,20000,0,20000,1000,101000,-100000,-242836
08169P,台光電群益9B售04,0,0,0,0,0,0,0,0,0,-243000,0,0,0,44000,287000,-243000,-243000
064236,奇力新統一01購04,0,0,0,0,0,0,0,0,0,-243000,0,0,0,0,243000,-243000,-243000
08513P,聯發科凱基9C售08,0,0,0,0,0,0,0,0,0,-244000,0,0,0,152000,396000,-244000,-244000
064833,新光金統一02購01,0,0,0,0,0,0,0,0,0,-244000,0,0,0,0,244000,-244000,-244000
061085,聯茂兆豐9A購01  ,0,0,0,0,0,0,0,0,0,-244000,0,0,0,181000,425000,-244000,-244000
063686,國巨永豐9B購04  ,0,0,0,0,0,0,0,0,0,-244000,0,0,0,277000,521000,-244000,-244000
043442,大立光台新01購01,0,0,0,0,0,0,0,0,0,-245000,0,0,0,0,245000,-245000,-245000
063473,茂林元大9B購05  ,0,0,0,0,0,0,0,0,0,-245000,0,0,0,74000,319000,-245000,-245000
6592,和潤企業        ,137000,381000,-244000,0,0,0,0,0,0,-1000,0,0,0,9000,10000,-1000,-245000
08184P,可成永豐9B售03  ,0,0,0,0,0,0,0,0,0,-246000,0,0,0,37000,283000,-246000,-246000
2355,敬鵬            ,234000,436000,-202000,0,0,0,0,0,0,-44000,4000,52000,-48000,6000,2000,4000,-246000
053865,欣興元大97購02  ,0,0,0,0,0,0,0,0,0,-246000,0,0,0,29000,275000,-246000,-246000
059074,元油2X元大9C購15,0,0,0,0,0,0,0,0,0,-246000,0,0,0,365000,611000,-246000,-246000
060541,正隆凱基9A購01  ,0,0,0,0,0,0,0,0,0,-247000,0,0,0,63000,310000,-247000,-247000
062237,緯創凱基9B購01  ,0,0,0,0,0,0,0,0,0,-247000,0,0,0,35000,282000,-247000,-247000
1710,東聯            ,120000,368000,-248000,0,0,0,0,0,0,0,0,0,0,0,0,0,-248000
065010,國巨國泰01購04  ,0,0,0,0,0,0,0,0,0,-248000,0,0,0,218000,466000,-248000,-248000
06771P,台灣50中信02售01,0,0,0,0,0,0,0,0,0,-248000,0,0,0,5000,253000,-248000,-248000
046628,大立光統一98購01,0,0,0,0,0,0,0,0,0,-248000,0,0,0,328000,576000,-248000,-248000
063504,國巨群益9C購06  ,0,0,0,0,0,0,0,0,0,-248000,0,0,0,65000,313000,-248000,-248000
2867,三商壽          ,774000,1026000,-252000,0,0,0,0,0,0,3000,5000,2000,3000,0,0,0,-249000
060755,鴻海元大9A購15  ,0,0,0,0,0,0,0,0,0,-249000,0,0,0,0,249000,-249000,-249000
08089P,嘉澤凱基9B售03  ,0,0,0,0,0,0,0,0,0,-250000,0,0,0,7000,257000,-250000,-250000
07021P,台積電富邦9C售02,0,0,0,0,0,0,0,0,0,-250000,0,0,0,300000,550000,-250000,-250000
07409P,台積電台新99售07,0,0,0,0,0,0,0,0,0,-250000,0,0,0,0,250000,-250000,-250000
07841P,臻鼎元大9A售04  ,0,0,0,0,0,0,0,0,0,-250000,0,0,0,10000,260000,-250000,-250000
055205,京鼎中信99購01  ,0,0,0,0,0,0,0,0,0,-250000,0,0,0,50000,300000,-250000,-250000
058944,元石油群益9C購02,0,0,0,0,0,0,0,0,0,-250000,0,0,0,0,250000,-250000,-250000
064392,喬山永豐9C購01  ,0,0,0,0,0,0,0,0,0,-250000,0,0,0,171000,421000,-250000,-250000
064772,FBVIX群益9C購04 ,0,0,0,0,0,0,0,0,0,-250000,0,0,0,20000,270000,-250000,-250000
064264,智伸科永豐9C購01,0,0,0,0,0,0,0,0,0,-251000,0,0,0,0,251000,-251000,-251000
064145,宏碁統一02購01  ,0,0,0,0,0,0,0,0,0,-251000,0,0,0,95000,346000,-251000,-251000
06653P,美食元大98售02  ,0,0,0,0,0,0,0,0,0,-252000,0,0,0,0,252000,-252000,-252000
056998,麗豐康和98購01  ,0,0,0,0,0,0,0,0,0,-252000,0,0,0,200000,452000,-252000,-252000
064051,新日興統一01購01,0,0,0,0,0,0,0,0,0,-252000,0,0,0,534000,786000,-252000,-252000
064188,玉晶光永豐9C購02,0,0,0,0,0,0,0,0,0,-252000,0,0,0,2000,254000,-252000,-252000
2547,日勝生          ,125000,374000,-249000,0,0,0,0,0,0,-4000,2000,6000,-4000,0,0,0,-253000
056906,玉晶光元大9B購01,0,0,0,0,0,0,0,0,0,-253000,0,0,0,208000,461000,-253000,-253000
2388,威盛            ,227000,464000,-237000,0,0,0,0,0,0,-17000,0,17000,-17000,0,0,0,-254000
064625,健策元大01購02  ,0,0,0,0,0,0,0,0,0,-254000,0,0,0,204000,458000,-254000,-254000
062913,創意元大9B購02  ,0,0,0,0,0,0,0,0,0,-254000,0,0,0,132000,386000,-254000,-254000
062536,玉晶光麥證9B購01,0,0,0,3000,254000,-251000,0,0,0,-254000,0,0,0,3000,257000,-254000,-254000
07588P,滬深2X國票9C售01,0,0,0,0,0,0,0,0,0,-255000,0,0,0,0,255000,-255000,-255000
6209,今國光          ,628000,886000,-258000,0,0,0,0,0,0,3000,4000,1000,3000,0,0,0,-255000
061593,智原永豐9A購01  ,0,0,0,0,0,0,0,0,0,-257000,0,0,0,0,257000,-257000,-257000
058403,玉晶光元大99購12,0,0,0,0,0,0,0,0,0,-257000,0,0,0,37000,294000,-257000,-257000
065232,健策凱基02購01  ,0,0,0,0,0,0,0,0,0,-258000,0,0,0,4000,262000,-258000,-258000
2515,中工            ,380000,614000,-234000,0,0,0,0,0,0,-24000,1000,8000,-7000,0,17000,-17000,-258000
056583,昇陽半元大98購02,40000,0,40000,0,0,0,0,0,0,-298000,0,0,0,165000,463000,-298000,-258000
060384,葡萄王凱基9B購01,0,0,0,0,0,0,0,0,0,-259000,0,0,0,100000,359000,-259000,-259000
053818,富邦金群益98購01,0,0,0,0,0,0,0,0,0,-259000,0,0,0,41000,300000,-259000,-259000
064210,台光電凱基03購01,0,0,0,0,0,0,0,0,0,-259000,0,0,0,39000,298000,-259000,-259000
063572,麗豐元大9B購01  ,0,0,0,0,0,0,0,0,0,-259000,0,0,0,263000,522000,-259000,-259000
2535,達欣工          ,79000,439000,-360000,0,0,0,0,0,0,100000,105000,5000,100000,0,0,0,-260000
056937,智原元富98購01  ,0,0,0,0,0,0,0,0,0,-260000,0,0,0,0,260000,-260000,-260000
07976P,聯發科群益9C售02,0,0,0,0,0,0,0,0,0,-261000,0,0,0,30000,291000,-261000,-261000
058731,貿聯永豐99購02  ,0,0,0,0,0,0,0,0,0,-261000,0,0,0,42000,303000,-261000,-261000
1783,和康生          ,267000,528000,-261000,0,0,0,0,0,0,-1000,1000,2000,-1000,0,0,0,-262000
05830P,滬深2X元富99售03,0,0,0,0,0,0,0,0,0,-262000,0,0,0,94000,356000,-262000,-262000
08315P,台積電元大9C售08,0,0,0,0,0,0,0,0,0,-263000,0,0,0,27000,290000,-263000,-263000
061544,大毅群益9B購02  ,0,0,0,0,0,0,0,0,0,-263000,0,0,0,37000,300000,-263000,-263000
063777,儒鴻永豐9B購02  ,0,0,0,0,0,0,0,0,0,-263000,0,0,0,0,263000,-263000,-263000
4960,誠美材          ,360000,624000,-264000,0,0,0,0,0,0,1000,1000,0,1000,0,0,0,-263000
3052,夆典            ,91000,357000,-266000,0,0,0,0,0,0,2000,5000,3000,2000,0,0,0,-264000
055782,新日興凱基99購01,0,0,0,0,0,0,0,0,0,-264000,0,0,0,10000,274000,-264000,-264000
046942,友達元大99購01  ,0,0,0,0,0,0,0,0,0,-264000,0,0,0,276000,540000,-264000,-264000
08065P,瑞昱凱基9B售03  ,0,0,0,0,0,0,0,0,0,-265000,0,0,0,20000,285000,-265000,-265000
062025,台達電群益9B購01,0,0,0,0,0,0,0,0,0,-265000,0,0,0,20000,285000,-265000,-265000
6142,友勁            ,322000,287000,35000,0,0,0,0,0,0,-300000,0,300000,-300000,0,0,0,-265000
08087P,聯發科凱基9B售12,0,0,0,0,0,0,0,0,0,-266000,0,0,0,0,266000,-266000,-266000
07879P,瑞昱群益9C售01  ,0,0,0,0,0,0,0,0,0,-267000,0,0,0,0,267000,-267000,-267000
08375P,聯電元富9C售02  ,0,0,0,0,0,0,0,0,0,-267000,0,0,0,135000,402000,-267000,-267000
062521,玉晶光元大9C購05,0,0,0,0,0,0,0,0,0,-268000,0,0,0,2000,270000,-268000,-268000
062922,南六元大9B購03  ,0,0,0,0,0,0,0,0,0,-268000,0,0,0,36000,304000,-268000,-268000
3504,揚明光          ,136000,431000,-295000,0,0,0,0,0,0,25800,30000,0,30000,0,4200,-4200,-269200
08300P,世芯國票01售01  ,0,0,0,0,0,0,0,0,0,-270000,0,0,0,25000,295000,-270000,-270000
07990P,緯穎凱基9B售02  ,0,0,0,0,0,0,0,0,0,-270000,0,0,0,158000,428000,-270000,-270000
062401,信邦永豐9B購01  ,0,0,0,0,0,0,0,0,0,-270000,0,0,0,0,270000,-270000,-270000
063591,麗豐永豐9B購02  ,0,0,0,0,0,0,0,0,0,-270000,0,0,0,59000,329000,-270000,-270000
8011,台通            ,279000,551000,-272000,0,0,0,0,0,0,2000,2000,0,2000,0,0,0,-270000
063490,儒鴻富邦9C購01  ,0,0,0,0,0,0,0,0,0,-271000,0,0,0,20000,291000,-271000,-271000
055698,茂林國票98購03  ,0,0,0,0,0,0,0,0,0,-272000,0,0,0,0,272000,-272000,-272000
056849,瀚宇博元富98購01,0,0,0,0,0,0,0,0,0,-272000,0,0,0,3000,275000,-272000,-272000
064344,緯創元大9C購01  ,0,0,0,0,0,0,0,0,0,-272000,0,0,0,113000,385000,-272000,-272000
064548,漢翔凱基9C購01  ,0,0,0,0,0,0,0,0,0,-272000,0,0,0,132000,404000,-272000,-272000
064733,南六統一9C購03  ,0,0,0,0,0,0,0,0,0,-272000,0,0,0,0,272000,-272000,-272000
6533,晶心科          ,502000,774000,-272000,0,0,0,0,0,0,0,0,0,0,0,0,0,-272000
061717,力成凱基9B購01  ,0,0,0,0,0,0,0,0,0,-273000,0,0,0,140000,413000,-273000,-273000
064121,國巨元大9C購16  ,0,0,0,0,0,0,0,0,0,-273000,0,0,0,192000,465000,-273000,-273000
2845,遠東銀          ,273000,547577,-274577,0,0,0,0,0,0,0,0,0,0,0,0,0,-274577
060161,牧德永豐9A購02  ,0,0,0,0,0,0,0,0,0,-275000,0,0,0,0,275000,-275000,-275000
08353P,聯電元大9C售04  ,0,0,0,0,0,0,0,0,0,-276000,0,0,0,2000,278000,-276000,-276000
063597,健策中信9B購02  ,0,0,0,0,0,0,0,0,0,-276000,0,0,0,67000,343000,-276000,-276000
063260,信邦富邦9B購01  ,0,0,0,0,0,0,0,0,0,-276000,0,0,0,24000,300000,-276000,-276000
063806,瀚宇博兆豐01購01,0,0,0,0,0,0,0,0,0,-277000,0,0,0,192000,469000,-277000,-277000
052738,聯電元大98購02  ,0,0,0,0,0,0,0,0,0,-279000,0,0,0,94000,373000,-279000,-279000
058397,大成鋼元大99購02,0,0,0,0,0,0,0,0,0,-279000,0,0,0,0,279000,-279000,-279000
056089,同欣電統一98購01,0,0,0,0,0,0,0,0,0,-280000,0,0,0,1000,281000,-280000,-280000
058421,國泰金麥證01購01,0,0,0,15000,295000,-280000,0,0,0,-280000,0,0,0,15000,295000,-280000,-280000
059546,FBVIX群益99購03 ,0,0,0,0,0,0,0,0,0,-280000,0,0,0,0,280000,-280000,-280000
063528,元大金凱基9B購01,0,0,0,0,0,0,0,0,0,-280000,0,0,0,167000,447000,-280000,-280000
3047,訊舟            ,70000,359000,-289000,0,0,0,0,0,0,8000,13000,5000,8000,0,0,0,-281000
057998,玉晶光麥證9A購01,0,0,0,31000,311000,-280000,0,0,0,-281000,0,0,0,31000,312000,-281000,-281000
062029,牧德群益9B購03  ,0,0,0,0,0,0,0,0,0,-281000,0,0,0,0,281000,-281000,-281000
061017,國泰金麥證9A購01,0,0,0,43000,324000,-281000,0,0,0,-281000,0,0,0,43000,324000,-281000,-281000
063851,健策元大01購01  ,0,0,0,0,0,0,0,0,0,-281000,0,0,0,194000,475000,-281000,-281000
08464P,牧德永豐9C售02  ,0,0,0,0,0,0,0,0,0,-282000,0,0,0,46000,328000,-282000,-282000
07789P,緯穎群益9A售03  ,0,0,0,0,0,0,0,0,0,-282000,0,0,0,10000,292000,-282000,-282000
057954,宏碁元大99購01  ,0,0,0,0,0,0,0,0,0,-282000,0,0,0,125000,407000,-282000,-282000
07825P,健策國泰9B售04  ,0,0,0,0,0,0,0,0,0,-283000,0,0,0,20000,303000,-283000,-283000
00662,富邦NASDAQ      ,0,0,0,0,0,0,0,0,0,-283000,36000,0,36000,241000,560000,-319000,-283000
058457,創意永豐99購01  ,0,0,0,0,0,0,0,0,0,-283000,0,0,0,137000,420000,-283000,-283000
065045,信邦凱基9C購01  ,0,0,0,0,0,0,0,0,0,-284000,0,0,0,67000,351000,-284000,-284000
064623,創意元大9C購04  ,0,0,0,0,0,0,0,0,0,-284000,0,0,0,17000,301000,-284000,-284000
065049,世芯凱基02購01  ,0,0,0,0,0,0,0,0,0,-285000,0,0,0,423000,708000,-285000,-285000
052619,茂林國泰99購01  ,0,0,0,0,0,0,0,0,0,-286000,0,0,0,0,286000,-286000,-286000
061215,健策元大9A購06  ,0,0,0,0,0,0,0,0,0,-286000,0,0,0,226000,512000,-286000,-286000
063912,信邦凱基01購01  ,0,0,0,0,0,0,0,0,0,-286000,0,0,0,17000,303000,-286000,-286000
057776,京元電群益98購02,0,0,0,0,0,0,0,0,0,-287000,0,0,0,141000,428000,-287000,-287000
1215,卜蜂            ,420000,654000,-234000,0,0,0,0,266000,-266000,212000,15000,0,15000,197000,0,197000,-288000
055891,鴻海統一9A購01  ,0,0,0,0,0,0,0,0,0,-288000,0,0,0,170000,458000,-288000,-288000
061659,信邦永豐9A購01  ,0,0,0,0,0,0,0,0,0,-288000,0,0,0,47000,335000,-288000,-288000
064704,嘉晶國泰01購01  ,0,0,0,0,0,0,0,0,0,-288000,0,0,0,19000,307000,-288000,-288000
4104,佳醫            ,100000,388118,-288118,0,0,0,0,0,0,0,3000,3000,0,0,0,0,-288118
07949P,滬深2X元大9B售04,0,0,0,0,0,0,0,0,0,-290000,0,0,0,41000,331000,-290000,-290000
3588,通嘉            ,111000,403000,-292000,0,0,0,0,0,0,2000,3000,1000,2000,0,0,0,-290000
065151,國巨群益9C購13  ,0,0,0,0,0,0,0,0,0,-290000,0,0,0,28000,318000,-290000,-290000
07089P,臺指2X中信01售01,0,0,0,0,0,0,0,0,0,-290000,0,0,0,95000,385000,-290000,-290000
057913,健策日盛98購01  ,0,0,0,0,0,0,0,0,0,-290000,0,0,0,10000,300000,-290000,-290000
6414,樺漢            ,419000,717000,-298000,0,0,0,0,0,0,7000,26000,60000,-34000,51000,10000,41000,-291000
2006,東和鋼鐵        ,272000,563000,-291000,0,0,0,0,0,0,-3000,1000,4000,-3000,0,0,0,-294000
060934,台汽電永豐9A購02,0,0,0,0,0,0,0,0,0,-295000,0,0,0,9000,304000,-295000,-295000
063380,台表科永豐9B購03,0,0,0,0,0,0,0,0,0,-295000,0,0,0,234000,529000,-295000,-295000
063361,台表科國泰01購02,0,0,0,0,0,0,0,0,0,-297000,0,0,0,210000,507000,-297000,-297000
064108,創意兆豐9C購01  ,0,0,0,0,0,0,0,0,0,-297000,0,0,0,242000,539000,-297000,-297000
062817,富邦金兆豐9B購01,0,0,0,0,0,0,0,0,0,-298000,0,0,0,3000,301000,-298000,-298000
059836,大立光國泰9B購02,0,0,0,0,0,0,0,0,0,-299000,0,0,0,1000,300000,-299000,-299000
062295,康友永豐9B購01  ,0,0,0,0,0,0,0,0,0,-299000,0,0,0,144000,443000,-299000,-299000
053117,大立光中信9A購02,0,0,0,0,0,0,0,0,0,-300000,0,0,0,0,300000,-300000,-300000
057552,禾伸堂凱基98購05,0,0,0,0,0,0,0,0,0,-300000,0,0,0,0,300000,-300000,-300000
060770,宏達電麥證9A購01,0,0,0,0,300000,-300000,0,0,0,-300000,0,0,0,0,300000,-300000,-300000
061676,新光金元大9A購03,0,0,0,0,0,0,0,0,0,-300000,0,0,0,0,300000,-300000,-300000
059849,興勤永豐99購01  ,0,0,0,0,0,0,0,0,0,-300000,0,0,0,100000,400000,-300000,-300000
064201,新光金兆豐9C購01,0,0,0,0,0,0,0,0,0,-300000,0,0,0,0,300000,-300000,-300000
064303,新光金兆豐01購01,0,0,0,0,0,0,0,0,0,-300000,0,0,0,0,300000,-300000,-300000
05519P,上証2X凱基98售01,0,0,0,0,0,0,0,0,0,-301000,0,0,0,0,301000,-301000,-301000
061303,玉晶光永豐9B購03,0,0,0,0,0,0,0,0,0,-301000,0,0,0,0,301000,-301000,-301000
064170,儒鴻元富9C購01  ,0,0,0,0,0,0,0,0,0,-302000,0,0,0,30000,332000,-302000,-302000
08494P,世芯元大9C售02  ,0,0,0,0,0,0,0,0,0,-303000,0,0,0,4000,307000,-303000,-303000
06914P,南茂元大98售03  ,0,0,0,0,0,0,0,0,0,-303000,0,0,0,33000,336000,-303000,-303000
053537,玉晶光永豐98購02,0,0,0,0,0,0,0,0,0,-303000,0,0,0,104000,407000,-303000,-303000
07506P,中租元大9A售01  ,0,0,0,0,0,0,0,0,0,-304000,0,0,0,50000,354000,-304000,-304000
064875,國巨兆豐01購01  ,0,0,0,0,0,0,0,0,0,-304000,0,0,0,17000,321000,-304000,-304000
057773,技嘉群益9A購02  ,0,0,0,0,0,0,0,0,0,-304000,0,0,0,139000,443000,-304000,-304000
06746P,聯發科群益99售02,0,0,0,0,0,0,0,0,0,-305000,0,0,0,0,305000,-305000,-305000
062293,麗豐永豐9B購01  ,0,0,0,0,0,0,0,0,0,-308000,0,0,0,285000,593000,-308000,-308000
062338,鴻海麥證9B購01  ,0,0,0,0,308000,-308000,0,0,0,-308000,0,0,0,0,308000,-308000,-308000
2606,裕民            ,274000,555000,-281000,0,0,0,0,0,0,-28000,32000,58000,-26000,0,2000,-2000,-309000
063781,健策永豐9B購08  ,0,0,0,0,0,0,0,0,0,-309000,0,0,0,13000,322000,-309000,-309000
08158P,嘉澤元富9B售03  ,0,0,0,0,0,0,0,0,0,-310000,0,0,0,121000,431000,-310000,-310000
06936P,瑞儀元大98售01  ,0,0,0,0,0,0,0,0,0,-310000,0,0,0,0,310000,-310000,-310000
060990,新光金元大9B購03,0,0,0,0,0,0,0,0,0,-310000,0,0,0,0,310000,-310000,-310000
061640,智原元大9A購01  ,0,0,0,0,0,0,0,0,0,-310000,0,0,0,137000,447000,-310000,-310000
064539,玉晶光麥證01購01,0,0,0,1000,310000,-309000,0,0,0,-310000,0,0,0,1000,311000,-310000,-310000
055809,T50反1國票98購02,0,0,0,0,0,0,0,0,0,-311000,0,0,0,180000,491000,-311000,-311000
061347,創意元大9A購02  ,0,0,0,0,0,0,0,0,0,-311000,0,0,0,130000,441000,-311000,-311000
1731,美吾華          ,115000,294000,-179000,0,0,0,0,0,0,-133000,0,133000,-133000,0,0,0,-312000
061398,力成中信9A購01  ,0,0,0,0,0,0,0,0,0,-312000,0,0,0,188000,500000,-312000,-312000
060953,富邦金群益9A購01,0,0,0,0,0,0,0,0,0,-313000,0,0,0,32000,345000,-313000,-313000
059283,康友永豐99購02  ,0,0,0,0,0,0,0,0,0,-313000,0,0,0,0,313000,-313000,-313000
059509,奇力新永豐99購02,0,0,0,0,0,0,0,0,0,-314000,0,0,0,47000,361000,-314000,-314000
2855,統一證          ,252000,567000,-315000,0,0,0,0,0,0,0,0,0,0,0,0,0,-315000
057404,貿聯群益99購01  ,0,0,0,0,0,0,0,0,0,-315000,0,0,0,94000,409000,-315000,-315000
6416,瑞祺電通        ,351000,686000,-335000,0,0,0,129000,0,129000,-112000,36000,39000,-3000,15000,124000,-109000,-318000
058506,台積電元大99購09,0,0,0,0,0,0,0,0,0,-319000,0,0,0,372000,691000,-319000,-319000
3712,永崴投控        ,1276000,1594000,-318000,0,0,0,0,0,0,-1000,0,1000,-1000,0,0,0,-319000
060434,台汽電永豐9A購01,0,0,0,0,0,0,0,0,0,-320000,0,0,0,75000,395000,-320000,-320000
056487,康友元大98購01  ,0,0,0,0,0,0,0,0,0,-321000,0,0,0,400000,721000,-321000,-321000
060233,宏碁元大9A購01  ,0,0,0,0,0,0,0,0,0,-322000,0,0,0,0,322000,-322000,-322000
1907,永豐餘          ,767000,1026000,-259000,0,0,0,0,0,0,-67000,0,67000,-67000,0,0,0,-326000
2329,華泰            ,205000,532000,-327000,0,0,0,0,0,0,1000,3000,2000,1000,0,0,0,-326000
08080P,祥碩國票9B售03  ,0,0,0,0,0,0,0,0,0,-326000,0,0,0,45000,371000,-326000,-326000
065130,奇鋐兆豐9C購01  ,0,0,0,0,0,0,0,0,0,-326000,0,0,0,85000,411000,-326000,-326000
07617P,聯發科中信9C售04,0,0,0,0,0,0,0,0,0,-327000,0,0,0,0,327000,-327000,-327000
057405,麗豐群益98購01  ,0,0,0,0,0,0,0,0,0,-327000,0,0,0,60000,387000,-327000,-327000
07957P,晶技群益9B售02  ,0,0,0,0,0,0,0,0,0,-328000,0,0,0,0,328000,-328000,-328000
3515,華擎            ,124000,319000,-195000,0,0,0,0,0,0,-133000,0,32000,-32000,19000,120000,-101000,-328000
060643,牧德永豐9A購03  ,0,0,0,0,0,0,0,0,0,-328000,0,0,0,1000,329000,-328000,-328000
063884,台表科元富03購01,0,0,0,0,0,0,0,0,0,-328000,0,0,0,150000,478000,-328000,-328000
064697,健策群益01購02  ,0,0,0,0,0,0,0,0,0,-329000,0,0,0,147000,476000,-329000,-329000
062526,友達統一01購01  ,0,0,0,0,0,0,0,0,0,-331000,0,0,0,0,331000,-331000,-331000
3530,晶相光          ,68000,332000,-264000,0,0,0,0,0,0,-68000,1000,0,1000,3000,72000,-69000,-332000
060100,新光金元大9C購01,0,0,0,0,0,0,0,0,0,-332000,0,0,0,0,332000,-332000,-332000
053965,聯電元大98購04  ,0,0,0,0,0,0,0,0,0,-332000,0,0,0,30000,362000,-332000,-332000
064062,創意國泰01購01  ,0,0,0,0,0,0,0,0,0,-332000,0,0,0,111000,443000,-332000,-332000
063269,儒鴻兆豐9C購01  ,0,0,0,0,0,0,0,0,0,-333000,0,0,0,0,333000,-333000,-333000
053282,彩晶元大9C購01  ,0,0,0,0,0,0,0,0,0,-334000,0,0,0,0,334000,-334000,-334000
064071,台郡永豐9C購01  ,0,0,0,0,0,0,0,0,0,-334000,0,0,0,0,334000,-334000,-334000
08136P,祥碩國泰01售01  ,0,0,0,0,0,0,0,0,0,-335000,0,0,0,97000,432000,-335000,-335000
064687,國巨群益9C購10  ,0,0,0,0,0,0,0,0,0,-335000,0,0,0,0,335000,-335000,-335000
064299,宏碁兆豐9C購01  ,0,0,0,0,0,0,0,0,0,-335000,0,0,0,178000,513000,-335000,-335000
062712,晶技麥證9B購02  ,0,0,0,46000,391000,-345000,0,0,0,-337000,0,0,0,54000,391000,-337000,-337000
061991,牧德元大9C購01  ,0,0,0,0,0,0,0,0,0,-338000,0,0,0,14000,352000,-338000,-338000
064956,麗豐凱基9C購01  ,0,0,0,0,0,0,0,0,0,-339000,0,0,0,125000,464000,-339000,-339000
058385,創意中信99購01  ,0,0,0,0,0,0,0,0,0,-339000,0,0,0,152000,491000,-339000,-339000
064460,健策統一9C購03  ,0,0,0,0,0,0,0,0,0,-339000,0,0,0,211000,550000,-339000,-339000
06684P,緯穎元大98售06  ,0,0,0,0,0,0,0,0,0,-340000,0,0,0,101000,441000,-340000,-340000
2369,菱生            ,179000,520000,-341000,0,0,0,0,0,0,-1000,0,1000,-1000,0,0,0,-342000
062451,瀚宇博元大9B購02,0,0,0,0,0,0,0,0,0,-342000,0,0,0,36000,378000,-342000,-342000
056269,新日興統一98購01,0,0,0,0,0,0,0,0,0,-343000,0,0,0,240000,583000,-343000,-343000
2345,智邦            ,836000,1010000,-174000,0,0,0,0,14000,-14000,-156000,34000,173000,-139000,32000,49000,-17000,-344000
065478,緯創元大9C購03  ,0,0,0,0,0,0,0,0,0,-344000,0,0,0,53000,397000,-344000,-344000
059006,樺漢元大99購01  ,0,0,0,0,0,0,0,0,0,-344000,0,0,0,70000,414000,-344000,-344000
08438P,鴻海國票01售02  ,0,0,0,0,0,0,0,0,0,-346000,0,0,0,0,346000,-346000,-346000
03447B,臺股指凱基9B熊16,0,0,0,0,0,0,0,0,0,-347000,0,0,0,525000,872000,-347000,-347000
2880,華南金          ,6004000,6484248,-480248,0,0,0,141000,0,141000,-8000,0,8000,-8000,0,0,0,-347248
059453,奇力新永豐99購01,0,0,0,0,0,0,0,0,0,-348000,0,0,0,0,348000,-348000,-348000
049700,瀚宇博元大97購01,0,0,0,0,0,0,0,0,0,-349000,0,0,0,22000,371000,-349000,-349000
062190,瀚宇博元大9B購01,0,0,0,0,0,0,0,0,0,-350000,0,0,0,29000,379000,-350000,-350000
1712,興農            ,96000,439000,-343000,0,0,0,0,0,0,-8000,0,8000,-8000,0,0,0,-351000
064669,健策元大01購03  ,0,0,0,0,0,0,0,0,0,-353000,0,0,0,276000,629000,-353000,-353000
064680,創意兆豐01購01  ,0,0,0,0,0,0,0,0,0,-354000,0,0,0,80000,434000,-354000,-354000
07906P,中租群益9B售02  ,0,0,0,0,0,0,0,0,0,-355000,0,0,0,7000,362000,-355000,-355000
1227,佳格            ,1381000,1715523,-334523,0,0,0,0,36000,-36000,15000,24000,9000,15000,0,0,0,-355523
3038,全台            ,503000,696000,-193000,0,0,0,0,0,0,-163000,35000,198000,-163000,0,0,0,-356000
064902,健策群益01購03  ,0,0,0,0,0,0,0,0,0,-356000,0,0,0,59000,415000,-356000,-356000
064384,聯電富邦01購01  ,0,0,0,0,0,0,0,0,0,-357000,0,0,0,0,357000,-357000,-357000
062912,新日興元大9B購01,0,0,0,0,0,0,0,0,0,-357000,0,0,0,131000,488000,-357000,-357000
057049,新日興元大98購02,0,0,0,0,0,0,0,0,0,-358000,0,0,0,218000,576000,-358000,-358000
05888P,友達元大97售01  ,0,0,0,0,0,0,0,0,0,-358000,0,0,0,3000,361000,-358000,-358000
1313,聯成            ,189000,542176,-353176,0,0,0,0,0,0,-5000,1000,6000,-5000,0,0,0,-358176
063133,喬山統一01購01  ,0,0,0,0,0,0,0,0,0,-360000,0,0,0,141000,501000,-360000,-360000
064288,瀚宇博元大9C購02,0,0,0,0,0,0,0,0,0,-361000,0,0,0,29000,390000,-361000,-361000
064068,義隆永豐9C購01  ,0,0,0,0,0,0,0,0,0,-361000,0,0,0,293000,654000,-361000,-361000
07695P,台郡元大9A售02  ,0,0,0,0,0,0,0,0,0,-362000,0,0,0,0,362000,-362000,-362000
056871,新日興日盛99購01,0,0,0,0,0,0,0,0,0,-363000,0,0,0,102000,465000,-363000,-363000
064567,晶技群益01購01  ,0,0,0,0,0,0,0,0,0,-363000,0,0,0,39000,402000,-363000,-363000
058836,FBVIX中信03購05 ,0,0,0,0,0,0,0,0,0,-365000,0,0,0,10000,375000,-365000,-365000
063324,道瓊反國票9B購03,0,0,0,0,0,0,0,0,0,-365000,0,0,0,92000,457000,-365000,-365000
2049,上銀            ,435116,680590,-245474,0,0,0,0,133000,-133000,12860,41000,24000,17000,3000,7140,-4140,-365614
1455,集盛            ,282000,645000,-363000,0,0,0,0,0,0,-3000,0,3000,-3000,0,0,0,-366000
060419,漢翔永豐9A購01  ,0,0,0,0,0,0,0,0,0,-367000,0,0,0,1000,368000,-367000,-367000
062369,創意元大9B購01  ,0,0,0,0,0,0,0,0,0,-367000,0,0,0,37000,404000,-367000,-367000
08406P,緯穎元大9C售01  ,0,0,0,0,0,0,0,0,0,-369000,0,0,0,209000,578000,-369000,-369000
062844,T50反1國泰9C購01,0,0,0,0,0,0,0,0,0,-370000,0,0,0,0,370000,-370000,-370000
064906,台表科群益9C購02,0,0,0,0,0,0,0,0,0,-371000,0,0,0,11000,382000,-371000,-371000
063863,儒鴻富邦02購01  ,0,0,0,0,0,0,0,0,0,-371000,0,0,0,51000,422000,-371000,-371000
059076,FBVIX元大99購04 ,0,0,0,0,0,0,0,0,0,-372000,0,0,0,10000,382000,-372000,-372000
061775,臺指反國票9B購04,0,0,0,0,0,0,0,0,0,-372000,0,0,0,160000,532000,-372000,-372000
062809,同欣電統一9C購01,0,0,0,0,0,0,0,0,0,-372000,0,0,0,406000,778000,-372000,-372000
064688,國巨群益9C購11  ,0,0,0,0,0,0,0,0,0,-374000,0,0,0,10000,384000,-374000,-374000
060685,康友元大9A購01  ,0,0,0,0,0,0,0,0,0,-375000,0,0,0,7000,382000,-375000,-375000
054220,國巨統一97購02  ,0,0,0,0,0,0,0,0,0,-378000,0,0,0,196000,574000,-378000,-378000
07817P,同欣電群益9A售02,0,0,0,0,0,0,0,0,0,-379000,0,0,0,130000,509000,-379000,-379000
3062,建漢            ,106000,481000,-375000,0,0,0,0,0,0,-4000,2000,6000,-4000,0,0,0,-379000
06503P,臺股指中信9A售02,0,0,0,0,0,0,0,0,0,-382000,0,0,0,607000,989000,-382000,-382000
061610,力成統一9C購01  ,0,0,0,0,0,0,0,0,0,-382000,0,0,0,494000,876000,-382000,-382000
3596,智易            ,139000,506000,-367000,0,0,0,0,0,0,-16000,5000,0,5000,5000,26000,-21000,-383000
063151,奇鋐元富9B購01  ,0,0,0,0,0,0,0,0,0,-384000,0,0,0,21000,405000,-384000,-384000
063950,信邦元大9C購01  ,0,0,0,0,0,0,0,0,0,-385000,0,0,0,98000,483000,-385000,-385000
6141,柏承            ,143000,520000,-377000,0,0,0,0,0,0,-8000,0,8000,-8000,0,0,0,-385000
6191,精成科          ,134000,516000,-382000,0,0,0,0,0,0,-3000,1000,4000,-3000,0,0,0,-385000
064586,緯創永豐9C購01  ,0,0,0,0,0,0,0,0,0,-387000,0,0,0,18000,405000,-387000,-387000
062497,遠東新群益9B購01,0,0,0,0,0,0,0,0,0,-389000,0,0,0,20000,409000,-389000,-389000
051278,臻鼎中信97購02  ,0,0,0,0,0,0,0,0,0,-390000,0,0,0,0,390000,-390000,-390000
061511,緯穎富邦9B購02  ,0,0,0,0,0,0,0,0,0,-390000,0,0,0,66000,456000,-390000,-390000
062116,元金2X第一9B購01,0,0,0,0,0,0,0,0,0,-390000,0,0,0,0,390000,-390000,-390000
061129,文曄永豐9A購01  ,0,0,0,0,0,0,0,0,0,-390000,0,0,0,42000,432000,-390000,-390000
055972,GIS元大97購04   ,0,0,0,0,0,0,0,0,0,-391000,0,0,0,0,391000,-391000,-391000
056823,智伸科永豐98購01,58000,0,58000,0,0,0,0,0,0,-449000,0,0,0,16000,465000,-449000,-391000
8996,高力            ,69000,136000,-67000,0,0,0,0,326000,-326000,0,0,0,0,0,0,0,-393000
064345,創意元大9C購03  ,0,0,0,0,0,0,0,0,0,-394000,0,0,0,182000,576000,-394000,-394000
1440,南紡            ,2005000,2400000,-395000,0,0,0,0,0,0,0,0,0,0,0,0,0,-395000
03662C,FBVIX凱基03牛01 ,0,0,0,0,0,0,0,0,0,-395000,0,0,0,24000,419000,-395000,-395000
062868,葡萄王中信9B購01,0,0,0,0,0,0,0,0,0,-396000,0,0,0,49000,445000,-396000,-396000
060708,康友富邦9B購01  ,0,0,0,0,0,0,0,0,0,-398000,0,0,0,122000,520000,-398000,-398000
059281,創意永豐99購02  ,0,0,0,0,0,0,0,0,0,-399000,0,0,0,152000,551000,-399000,-399000
08581P,臺股指元大9C售29,0,0,0,0,0,0,0,0,0,-400000,0,0,0,0,400000,-400000,-400000
06824P,台灣50國票99售02,0,0,0,0,0,0,0,0,0,-400000,0,0,0,0,400000,-400000,-400000
07222P,台灣50元大01售04,0,0,0,0,0,0,0,0,0,-400000,0,0,0,0,400000,-400000,-400000
00715L,街口布蘭特油正2 ,0,400000,-400000,0,0,0,0,0,0,0,0,0,0,0,0,0,-400000
056605,台積電富邦9B購02,0,0,0,0,0,0,0,0,0,-400000,0,0,0,193000,593000,-400000,-400000
060692,鴻海麥證9A購01  ,0,0,0,0,400000,-400000,0,0,0,-400000,0,0,0,0,400000,-400000,-400000
062493,元金反中信9B購01,0,0,0,0,0,0,0,0,0,-400000,0,0,0,0,400000,-400000,-400000
062467,國巨凱基9B購08  ,0,0,0,0,0,0,0,0,0,-400000,0,0,0,85000,485000,-400000,-400000
5607,遠雄港          ,60000,460000,-400000,0,0,0,0,0,0,0,1000,1000,0,0,0,0,-400000
03683C,T50反1元大9C牛04,0,0,0,0,0,0,0,0,0,-402000,0,0,0,0,402000,-402000,-402000
065462,聯發科中信03購02,0,0,0,0,0,0,0,0,0,-404000,0,0,0,0,404000,-404000,-404000
065294,創意群益9C購03  ,0,0,0,0,0,0,0,0,0,-404000,0,0,0,0,404000,-404000,-404000
064426,群創兆豐9C購01  ,0,0,0,0,0,0,0,0,0,-405000,0,0,0,85000,490000,-405000,-405000
064468,健策元富9C購02  ,0,0,0,0,0,0,0,0,0,-406000,0,0,0,68000,474000,-406000,-406000
055433,嘉聯益群益99購01,0,0,0,0,0,0,0,0,0,-407000,0,0,0,100000,507000,-407000,-407000
057626,技嘉富邦9A購01  ,0,0,0,0,0,0,0,0,0,-408000,0,0,0,292000,700000,-408000,-408000
063349,台郡統一9C購01  ,0,0,0,0,0,0,0,0,0,-408000,0,0,0,209000,617000,-408000,-408000
1218,泰山            ,114000,523000,-409000,0,0,0,0,0,0,0,0,0,0,0,0,0,-409000
061415,健策群益9A購04  ,0,0,0,0,0,0,0,0,0,-409000,0,0,0,177000,586000,-409000,-409000
065189,台郡統一9C購03  ,0,0,0,0,0,0,0,0,0,-412000,0,0,0,86000,498000,-412000,-412000
2548,華固            ,160656,613000,-452344,0,0,0,4000,0,4000,35000,39000,4000,35000,0,0,0,-413344
062891,台汽電群益9B購01,0,0,0,0,0,0,0,0,0,-414000,0,0,0,142000,556000,-414000,-414000
065118,國巨富邦01購02  ,0,0,0,0,0,0,0,0,0,-416000,0,0,0,983000,1399000,-416000,-416000
064705,新光金富邦01購01,0,0,0,0,0,0,0,0,0,-416000,0,0,0,0,416000,-416000,-416000
2314,台揚            ,113000,530000,-417000,0,0,0,0,0,0,0,1000,1000,0,0,0,0,-417000
08313P,健策國票01售01  ,0,0,0,0,0,0,0,0,0,-420000,0,0,0,76000,496000,-420000,-420000
058312,大毅國泰9B購01  ,0,0,0,0,0,0,0,0,0,-421000,0,0,0,156000,577000,-421000,-421000
064681,牧德兆豐01購01  ,0,0,0,0,0,0,0,0,0,-421000,0,0,0,35000,456000,-421000,-421000
055234,昇陽半國票98購02,0,0,0,0,0,0,0,0,0,-422000,0,0,0,50000,472000,-422000,-422000
3257,虹冠電          ,151000,635000,-484000,0,0,0,30000,0,30000,31000,31000,0,31000,0,0,0,-423000
056894,佳世達元大99購01,0,0,0,0,0,0,0,0,0,-423000,0,0,0,10000,433000,-423000,-423000
00648R,元大S&P500反1   ,21000,0,21000,0,0,0,0,0,0,-448000,0,0,0,1716000,2164000,-448000,-427000
064058,儒鴻麥證01購01  ,0,0,0,0,427000,-427000,0,0,0,-427000,0,0,0,0,427000,-427000,-427000
6669,緯穎            ,363444,581800,-218356,0,0,0,0,112000,-112000,-97000,4000,89000,-85000,2000,14000,-12000,-427356
060253,昇陽半元大9C購01,0,0,0,0,0,0,0,0,0,-428000,0,0,0,146000,574000,-428000,-428000
060121,新光金富邦99購01,0,0,0,0,0,0,0,0,0,-428000,0,0,0,10000,438000,-428000,-428000
063905,健策麥證02購01  ,0,0,0,80000,529000,-449000,0,0,0,-428000,0,0,0,101000,529000,-428000,-428000
063248,創意元大9C購01  ,0,0,0,0,0,0,0,0,0,-428000,0,0,0,0,428000,-428000,-428000
063080,裕隆凱基9B購01  ,0,0,0,0,0,0,0,0,0,-429000,0,0,0,75000,504000,-429000,-429000
064977,玉晶光元大01購03,0,0,0,0,0,0,0,0,0,-430000,0,0,0,294000,724000,-430000,-430000
08470P,世芯凱基9C售02  ,0,0,0,0,0,0,0,0,0,-432000,0,0,0,0,432000,-432000,-432000
061642,創意元大9A購04  ,0,0,0,0,0,0,0,0,0,-433000,0,0,0,130000,563000,-433000,-433000
2020,美亞            ,38000,475000,-437000,0,0,0,0,0,0,3000,3000,0,3000,0,0,0,-434000
064939,健策元富9C購03  ,0,0,0,0,0,0,0,0,0,-434000,0,0,0,0,434000,-434000,-434000
064940,智伸科元富9C購01,0,0,0,0,0,0,0,0,0,-435000,0,0,0,432000,867000,-435000,-435000
06836P,玉晶光國票99售06,0,0,0,0,0,0,0,0,0,-435000,0,0,0,442000,877000,-435000,-435000
058209,臺股指凱基01購01,0,0,0,0,0,0,0,0,0,-435000,0,0,0,1385000,1820000,-435000,-435000
06619P,聯發科元大98售06,0,0,0,0,0,0,0,0,0,-437000,0,0,0,62000,499000,-437000,-437000
057082,玉晶光統一9A購04,0,0,0,0,0,0,0,0,0,-437000,0,0,0,289000,726000,-437000,-437000
059943,信邦永豐99購01  ,0,0,0,0,0,0,0,0,0,-444000,0,0,0,84000,528000,-444000,-444000
065292,緯創群益9C購01  ,0,0,0,0,0,0,0,0,0,-447000,0,0,0,138000,585000,-447000,-447000
00664R,國泰臺灣加權反1 ,0,0,0,0,0,0,0,0,0,-447000,0,0,0,836000,1283000,-447000,-447000
064966,FBVIX元大9C購03 ,0,0,0,0,0,0,0,0,0,-449000,0,0,0,0,449000,-449000,-449000
1447,力鵬            ,414000,864053,-450053,0,0,0,0,0,0,0,0,0,0,0,0,0,-450053
063864,健策富邦01購01  ,0,0,0,0,0,0,0,0,0,-451000,0,0,0,51000,502000,-451000,-451000
08331P,義隆元富9C售02  ,0,0,0,0,0,0,0,0,0,-452000,0,0,0,18000,470000,-452000,-452000
062207,牧德國票9B購02  ,0,0,0,0,0,0,0,0,0,-452000,0,0,0,60000,512000,-452000,-452000
064815,台表科元大01購01,0,0,0,0,0,0,0,0,0,-453000,0,0,0,295000,748000,-453000,-453000
059297,大立光元富9C購01,40000,0,40000,0,0,0,0,0,0,-493000,0,0,0,30000,523000,-493000,-453000
061818,富邦金群益9C購01,0,0,0,0,0,0,0,0,0,-453000,0,0,0,199000,652000,-453000,-453000
057813,京元電元大98購03,0,0,0,0,0,0,0,0,0,-454000,0,0,0,104000,558000,-454000,-454000
4968,立積            ,231000,588000,-357000,0,0,0,0,0,0,-97000,1000,60000,-59000,8000,46000,-38000,-454000
2915,潤泰全          ,939000,661000,278000,0,0,0,0,699000,-699000,-34000,0,15000,-15000,0,19000,-19000,-455000
06741P,台積電富邦98售04,0,0,0,0,0,0,0,0,0,-456000,0,0,0,295000,751000,-456000,-456000
5388,中磊            ,884000,1281000,-397000,0,0,0,0,0,0,-59000,15000,13000,2000,3000,64000,-61000,-456000
064477,南六國泰02購01  ,0,0,0,0,0,0,0,0,0,-457000,0,0,0,0,457000,-457000,-457000
08490P,上銀元大9C售08  ,0,0,0,0,0,0,0,0,0,-460000,0,0,0,0,460000,-460000,-460000
061518,達方永豐9A購02  ,0,0,0,0,0,0,0,0,0,-460000,0,0,0,0,460000,-460000,-460000
063878,國巨元富9C購01  ,0,0,0,0,0,0,0,0,0,-460000,0,0,0,394000,854000,-460000,-460000
065287,華新科群益01購03,0,0,0,0,0,0,0,0,0,-464000,0,0,0,4000,468000,-464000,-464000
058973,麗豐永豐99購01  ,0,0,0,0,0,0,0,0,0,-469000,0,0,0,103000,572000,-469000,-469000
6120,達運            ,138000,610000,-472000,0,0,0,0,0,0,2000,6000,4000,2000,0,0,0,-470000
062060,奇鋐統一9C購01  ,0,0,0,0,0,0,0,0,0,-476000,0,0,0,6000,482000,-476000,-476000
2603,長榮            ,3791000,3549561,241439,0,0,0,0,369000,-369000,-349000,106000,455000,-349000,0,0,0,-476561
064304,信邦兆豐01購01  ,0,0,0,0,0,0,0,0,0,-478000,0,0,0,146000,624000,-478000,-478000
064358,台達電統一01購02,0,0,0,0,0,0,0,0,0,-479000,0,0,0,176000,655000,-479000,-479000
064590,牧德永豐9C購01  ,0,0,0,0,0,0,0,0,0,-479000,0,0,0,0,479000,-479000,-479000
08271P,華通元富9C售01  ,0,0,0,0,0,0,0,0,0,-480000,0,0,0,42000,522000,-480000,-480000
058841,深中小群益01購01,0,0,0,0,0,0,0,0,0,-480000,0,0,0,420000,900000,-480000,-480000
9105,泰金寶-DR       ,120000,602000,-482000,0,0,0,0,0,0,0,0,0,0,0,0,0,-482000
1513,中興電          ,178000,627000,-449000,0,0,0,0,0,0,-35000,72000,68000,4000,16000,55000,-39000,-484000
2492,華新科          ,2365090,1043000,1322090,0,0,0,0,1851000,-1851000,39000,95000,123000,-28000,169000,102000,67000,-489910
056304,創意元大97購03  ,0,0,0,0,0,0,0,0,0,-490000,0,0,0,0,490000,-490000,-490000
062287,康友群益9B購02  ,0,0,0,0,0,0,0,0,0,-490000,0,0,0,63000,553000,-490000,-490000
059856,昇陽半永豐99購03,0,0,0,0,0,0,0,0,0,-491000,0,0,0,198000,689000,-491000,-491000
6456,GIS-KY          ,327000,658000,-331000,0,0,0,0,124000,-124000,-36000,12000,7000,5000,14000,55000,-41000,-491000
3044,健鼎            ,806000,5512693,-4706693,0,0,0,4348000,50000,4298000,-88000,114000,167000,-53000,23000,58000,-35000,-496693
2328,廣宇            ,219000,714000,-495000,0,0,0,0,0,0,-4000,1000,5000,-4000,0,0,0,-499000
060807,新光金群益9A購01,0,0,0,0,0,0,0,0,0,-499000,0,0,0,0,499000,-499000,-499000
06696P,台灣50國票99售01,0,0,0,0,0,0,0,0,0,-500000,0,0,0,5000,505000,-500000,-500000
060381,元黃金凱基9A購01,0,0,0,0,0,0,0,0,0,-500000,0,0,0,0,500000,-500000,-500000
064207,國巨凱基03購02  ,0,0,0,0,0,0,0,0,0,-502000,0,0,0,173000,675000,-502000,-502000
064822,台達電統一01購03,0,0,0,0,0,0,0,0,0,-506000,0,0,0,95000,601000,-506000,-506000
064926,臻鼎統一02購01  ,0,0,0,0,0,0,0,0,0,-511000,0,0,0,75000,586000,-511000,-511000
063704,麗豐群益9B購01  ,0,0,0,0,0,0,0,0,0,-511000,0,0,0,14000,525000,-511000,-511000
6285,啟碁            ,351000,693536,-342536,0,0,0,0,150600,-150600,-20000,2000,1000,1000,0,21000,-21000,-513136
2637,慧洋-KY         ,414000,905000,-491000,0,0,0,0,0,0,-23000,0,23000,-23000,0,0,0,-514000
3014,聯陽            ,484000,898000,-414000,0,0,0,0,200000,-200000,98000,111000,2000,109000,48000,59000,-11000,-516000
059524,FBVIX凱基9A購02 ,0,0,0,0,0,0,0,0,0,-516000,0,0,0,100000,616000,-516000,-516000
064130,創意元大9C購02  ,0,0,0,0,0,0,0,0,0,-517000,0,0,0,163000,680000,-517000,-517000
063183,國巨凱基9B購12  ,0,0,0,0,0,0,0,0,0,-518000,0,0,0,195000,713000,-518000,-518000
057289,力成元大98購03  ,0,0,0,0,0,0,0,0,0,-519000,0,0,0,68000,587000,-519000,-519000
063262,南六富邦9C購01  ,0,0,0,0,0,0,0,0,0,-519000,0,0,0,22000,541000,-519000,-519000
063656,台光電元富03購01,0,0,0,0,0,0,0,0,0,-520000,0,0,0,100000,620000,-520000,-520000
9946,三發地產        ,1000,523000,-522000,0,0,0,0,0,0,0,0,0,0,0,0,0,-522000
062846,國泰金富邦9C購01,0,0,0,0,0,0,0,0,0,-523000,0,0,0,208000,731000,-523000,-523000
062658,聯茂第一9B購01  ,0,0,0,0,0,0,0,0,0,-526000,0,0,0,80000,606000,-526000,-526000
3094,聯傑            ,222000,744000,-522000,0,0,0,0,0,0,-5000,0,5000,-5000,0,0,0,-527000
8210,勤誠            ,224000,671000,-447000,0,0,0,0,100000,-100000,19000,6000,0,6000,13000,0,13000,-528000
063398,信邦群益9B購02  ,0,0,0,0,0,0,0,0,0,-529000,0,0,0,90000,619000,-529000,-529000
060889,國泰金統一9C購01,0,0,0,0,0,0,0,0,0,-532000,0,0,0,2000,534000,-532000,-532000
2615,萬海            ,431000,950000,-519000,0,0,0,0,0,0,-15000,0,15000,-15000,0,0,0,-534000
07174P,臺股指國票99售11,0,0,0,0,0,0,0,0,0,-534000,0,0,0,214000,748000,-534000,-534000
064172,義隆元富9C購01  ,0,0,0,0,0,0,0,0,0,-536000,0,0,0,224000,760000,-536000,-536000
063362,台表科國泰01購03,0,0,0,0,0,0,0,0,0,-538000,0,0,0,2000,540000,-538000,-538000
9907,統一實          ,237000,804000,-567000,0,0,0,0,0,0,28000,42000,14000,28000,0,0,0,-539000
065119,大立光富邦03購03,0,0,0,0,0,0,0,0,0,-544000,0,0,0,10000,554000,-544000,-544000
065200,健策元富9C購04  ,0,0,0,0,0,0,0,0,0,-547000,0,0,0,143000,690000,-547000,-547000
063895,新光金群益01購01,0,0,0,0,0,0,0,0,0,-547000,0,0,0,0,547000,-547000,-547000
056677,智伸科元富98購01,0,0,0,0,0,0,0,0,0,-549000,0,0,0,275000,824000,-549000,-549000
064569,群創群益9C購01  ,0,0,0,0,0,0,0,0,0,-549000,0,0,0,101000,650000,-549000,-549000
3450,聯鈞            ,643000,1248000,-605000,0,0,0,0,0,0,54000,5000,7000,-2000,94000,38000,56000,-551000
1304,台聚            ,218000,773000,-555000,0,0,0,0,0,0,4000,5000,1000,4000,0,0,0,-551000
053568,智伸科富邦98購01,0,0,0,0,0,0,0,0,0,-551000,0,0,0,68000,619000,-551000,-551000
063197,遠東新統一9C購01,0,0,0,0,0,0,0,0,0,-551000,0,0,0,262000,813000,-551000,-551000
1711,永光            ,120000,656000,-536000,0,0,0,0,0,0,-17000,2000,19000,-17000,0,0,0,-553000
060383,葡萄王凱基9A購01,0,0,0,0,0,0,0,0,0,-553000,0,0,0,100000,653000,-553000,-553000
057840,健策富邦99購01  ,0,0,0,0,0,0,0,0,0,-553000,0,0,0,74000,627000,-553000,-553000
2838,聯邦銀          ,476000,1029730,-553730,0,0,0,0,0,0,0,0,0,0,0,0,0,-553730
1305,華夏            ,237000,794000,-557000,0,0,0,0,0,0,2000,4000,2000,2000,0,0,0,-555000
060865,創意永豐9A購01  ,0,0,0,0,0,0,0,0,0,-556000,0,0,0,17000,573000,-556000,-556000
1449,佳和            ,211000,768000,-557000,0,0,0,0,0,0,0,0,0,0,0,0,0,-557000
065075,葡萄王元大01購01,0,0,0,0,0,0,0,0,0,-558000,0,0,0,226000,784000,-558000,-558000
060281,卜蜂元大9C購01  ,0,0,0,0,0,0,0,0,0,-563000,0,0,0,5000,568000,-563000,-563000
064927,瀚宇博統一02購01,0,0,0,0,0,0,0,0,0,-564000,0,0,0,98000,662000,-564000,-564000
08152P,祥碩統一9B售02  ,0,0,0,0,0,0,0,0,0,-564000,0,0,0,100000,664000,-564000,-564000
2408,南亞科          ,6276000,2056000,4220000,0,0,0,0,4788000,-4788000,2000,178000,111000,67000,1000,66000,-65000,-566000
3056,總太            ,148000,713000,-565000,0,0,0,0,0,0,-1000,0,1000,-1000,0,0,0,-566000
063357,聯發科國泰01購04,0,0,0,0,0,0,0,0,0,-566000,0,0,0,269000,835000,-566000,-566000
07032P,聯發科統一9C售02,0,0,0,0,0,0,0,0,0,-568000,0,0,0,664000,1232000,-568000,-568000
063027,台汽電元大9B購01,0,0,0,0,0,0,0,0,0,-569000,0,0,0,159000,728000,-569000,-569000
056942,昇陽半元富98購01,0,0,0,0,0,0,0,0,0,-571000,0,0,0,17000,588000,-571000,-571000
063034,致茂凱基9B購01  ,0,0,0,0,0,0,0,0,0,-571000,0,0,0,124000,695000,-571000,-571000
2383,台光電          ,717000,857337,-140337,0,0,0,0,0,0,-437000,52000,486000,-434000,26000,29000,-3000,-577337
054371,台積電中信9C購01,0,0,0,0,0,0,0,0,0,-579000,0,0,0,125000,704000,-579000,-579000
057802,卜蜂元大98購01  ,0,0,0,0,0,0,0,0,0,-580000,0,0,0,110000,690000,-580000,-580000
065266,創意元大9C購05  ,0,0,0,0,0,0,0,0,0,-581000,0,0,0,519000,1100000,-581000,-581000
063055,創意統一9B購02  ,0,0,0,0,0,0,0,0,0,-582000,0,0,0,477000,1059000,-582000,-582000
061791,康友群益9B購01  ,0,0,0,0,0,0,0,0,0,-585000,0,0,0,42000,627000,-585000,-585000
065196,技嘉元富06購01  ,0,0,0,0,0,0,0,0,0,-589000,0,0,0,225000,814000,-589000,-589000
07192P,聯發科元大99售23,0,0,0,0,0,0,0,0,0,-600000,0,0,0,0,600000,-600000,-600000
061294,奇力新麥證9A購01,0,0,0,0,600000,-600000,0,0,0,-600000,0,0,0,0,600000,-600000,-600000
058197,國巨中信99購02  ,0,0,0,0,0,0,0,0,0,-600000,0,0,0,10000,610000,-600000,-600000
3019,亞光            ,133000,686151,-553151,0,0,0,0,0,0,-49000,2000,38000,-36000,8000,21000,-13000,-602151
059364,昇陽半永豐99購02,0,0,0,0,0,0,0,0,0,-605000,0,0,0,10000,615000,-605000,-605000
051277,聯發科中信9A購01,0,7000,-7000,0,0,0,0,0,0,-601000,0,0,0,0,601000,-601000,-608000
064072,康友永豐9C購01  ,0,0,0,0,0,0,0,0,0,-610000,0,0,0,113000,723000,-610000,-610000
03857P,聯發科元富99售02,0,0,0,0,0,0,0,0,0,-612000,0,0,0,0,612000,-612000,-612000
1310,台苯            ,78000,696000,-618000,0,0,0,8000,0,8000,-4000,3000,5000,-2000,0,2000,-2000,-614000
057203,麗豐元富98購02  ,0,0,0,0,0,0,0,0,0,-614000,0,0,0,153000,767000,-614000,-614000
064052,創意統一01購02  ,0,0,0,0,0,0,0,0,0,-624000,0,0,0,717000,1341000,-624000,-624000
063128,智伸科元大9B購01,60000,0,60000,0,0,0,0,0,0,-689000,0,0,0,73000,762000,-689000,-629000
3711,日月光投控      ,3165000,3732200,-567200,0,0,0,0,4000,-4000,-63000,142000,175000,-33000,24000,54000,-30000,-634200
063452,創意統一01購01  ,0,0,0,0,0,0,0,0,0,-636000,0,0,0,126000,762000,-636000,-636000
08410P,臺股指元大9C售16,0,0,0,0,0,0,0,0,0,-640000,0,0,0,0,640000,-640000,-640000
063451,漢翔統一9C購01  ,0,0,0,0,0,0,0,0,0,-645000,0,0,0,317000,962000,-645000,-645000
3533,嘉澤            ,316000,830000,-514000,0,0,0,0,59000,-59000,-74000,79000,95000,-16000,1000,59000,-58000,-647000
07649P,金像電永豐9A售02,0,0,0,0,0,0,0,0,0,-648000,0,0,0,80000,728000,-648000,-648000
062126,創意統一9B購01  ,0,0,0,0,0,0,0,0,0,-648000,0,0,0,533000,1181000,-648000,-648000
064517,國巨群益02購01  ,0,0,0,0,0,0,0,0,0,-650000,0,0,0,330000,980000,-650000,-650000
064861,緯創富邦9C購01  ,0,0,0,0,0,0,0,0,0,-651000,0,0,0,87000,738000,-651000,-651000
060127,牧德永豐99購02  ,0,0,0,0,0,0,0,0,0,-657000,0,0,0,0,657000,-657000,-657000
063257,牧德國泰01購01  ,0,0,0,0,0,0,0,0,0,-665000,0,0,0,0,665000,-665000,-665000
5521,工信            ,106000,779000,-673000,0,0,0,0,0,0,0,0,0,0,0,0,0,-673000
054472,道瓊反中信9A購01,0,0,0,0,0,0,0,0,0,-676000,0,0,0,30000,706000,-676000,-676000
060046,S&P反1凱基99購02,0,0,0,0,0,0,0,0,0,-679000,0,0,0,0,679000,-679000,-679000
064473,技嘉麥證9C購01  ,0,0,0,90000,769000,-679000,0,0,0,-679000,0,0,0,90000,769000,-679000,-679000
061355,康友元大9A購03  ,0,0,0,0,0,0,0,0,0,-680000,0,0,0,172000,852000,-680000,-680000
08135P,玉晶光國泰01售02,0,0,0,0,0,0,0,0,0,-681000,0,0,0,0,681000,-681000,-681000
056475,宏達電元大99購02,0,0,0,0,0,0,0,0,0,-682000,0,0,0,20000,702000,-682000,-682000
06852P,臺股指元大98售11,0,0,0,0,0,0,0,0,0,-684000,0,0,0,194000,878000,-684000,-684000
3049,和鑫            ,461000,1146000,-685000,0,0,0,0,0,0,-2000,3000,5000,-2000,0,0,0,-687000
1714,和桐            ,236000,930000,-694000,0,0,0,0,0,0,6000,10000,4000,6000,0,0,0,-688000
065460,嘉聯益台新9C購01,0,0,0,0,0,0,0,0,0,-688000,0,0,0,0,688000,-688000,-688000
064581,葡萄王永豐9C購01,0,0,0,0,0,0,0,0,0,-691000,0,0,0,148000,839000,-691000,-691000
052654,友達統一97購01  ,0,0,0,0,0,0,0,0,0,-696000,0,0,0,3000,699000,-696000,-696000
062163,大毅國泰01購01  ,0,0,0,0,0,0,0,0,0,-697000,0,0,0,81000,778000,-697000,-697000
056266,開發金統一9A購01,0,0,0,0,0,0,0,0,0,-700000,0,0,0,0,700000,-700000,-700000
6176,瑞儀            ,473000,1439000,-966000,0,0,0,439000,180000,259000,5000,12000,0,12000,8000,15000,-7000,-702000
4904,遠傳            ,1138000,1862600,-724600,0,0,0,0,0,0,19000,30000,8000,22000,0,3000,-3000,-705600
00708L,元大S&P黃金正2  ,0,90000,-90000,0,0,0,0,0,0,-616000,0,0,0,2106000,2722000,-616000,-706000
3706,神達            ,546000,1253000,-707000,0,0,0,0,0,0,0,11000,3000,8000,9000,17000,-8000,-707000
062758,國巨凱基9B購09  ,0,0,0,0,0,0,0,0,0,-709000,0,0,0,27000,736000,-709000,-709000
063963,鴻海國票01購01  ,0,0,0,0,0,0,0,0,0,-710000,0,0,0,0,710000,-710000,-710000
056459,茂林凱基99購01  ,0,0,0,0,0,0,0,0,0,-712000,0,0,0,107000,819000,-712000,-712000
051536,玉晶光國票97購01,0,0,0,0,0,0,0,0,0,-718000,0,0,0,0,718000,-718000,-718000
9904,寶成            ,3740000,4404574,-664574,0,0,0,41000,0,41000,-96000,9000,1000,8000,41000,145000,-104000,-719574
07366P,國巨康和99售02  ,0,0,0,0,0,0,0,0,0,-723000,0,0,0,123000,846000,-723000,-723000
2387,精元            ,372000,1129000,-757000,0,0,0,0,0,0,34000,51000,18000,33000,1000,0,1000,-723000
063920,大立光元富03購02,0,0,0,0,0,0,0,0,0,-724000,0,0,0,0,724000,-724000,-724000
063747,國巨國票9C購06  ,0,0,0,0,0,0,0,0,0,-726000,0,0,0,12000,738000,-726000,-726000
064318,彩晶群益9C購01  ,0,0,0,0,0,0,0,0,0,-727000,0,0,0,0,727000,-727000,-727000
064184,矽格富邦02購01  ,0,0,0,0,0,0,0,0,0,-730000,0,0,0,0,730000,-730000,-730000
064251,緯創元富9C購01  ,0,0,0,0,0,0,0,0,0,-733000,0,0,0,181000,914000,-733000,-733000
1734,杏輝            ,1624000,2380000,-756000,0,0,0,0,0,0,22000,25000,3000,22000,0,0,0,-734000
4927,泰鼎-KY         ,331000,973551,-642551,0,0,0,126000,130000,-4000,-89000,88000,30000,58000,6000,153000,-147000,-735551
2451,創見            ,824000,633000,191000,0,0,0,0,1004000,-1004000,76000,80000,4000,76000,0,0,0,-737000
2455,全新            ,212000,969000,-757000,0,0,0,0,0,0,13000,55000,10000,45000,10000,42000,-32000,-744000
062105,國巨國票9C購03  ,0,0,0,0,0,0,0,0,0,-751000,0,0,0,8000,759000,-751000,-751000
08299P,玉晶光國票02售01,0,0,0,0,0,0,0,0,0,-754000,0,0,0,0,754000,-754000,-754000
1201,味全            ,366000,1135000,-769000,0,0,0,0,0,0,8000,0,0,0,8000,0,8000,-761000
8271,宇瞻            ,206000,1094000,-888000,0,0,0,0,0,0,112000,114000,2000,112000,0,0,0,-776000
061815,奇力新群益9B購02,0,0,0,0,0,0,0,0,0,-798000,0,0,0,0,798000,-798000,-798000
00671R,富邦NASDAQ反1   ,97000,58000,39000,0,0,0,0,0,0,-839000,0,0,0,1897000,2736000,-839000,-800000
058854,樺漢群益9B購01  ,0,0,0,0,0,0,0,0,0,-801000,0,0,0,247000,1048000,-801000,-801000
9958,世紀鋼          ,166000,848000,-682000,0,0,0,0,0,0,-122000,15000,0,15000,16000,153000,-137000,-804000
064159,新日興統一01購02,0,0,0,0,0,0,0,0,0,-805000,0,0,0,259000,1064000,-805000,-805000
064197,智伸科群益9C購01,0,0,0,0,0,0,0,0,0,-811000,0,0,0,0,811000,-811000,-811000
058972,新日興永豐9A購01,0,0,0,0,0,0,0,0,0,-812000,0,0,0,160000,972000,-812000,-812000
8112,至上            ,433000,1252417,-819417,0,0,0,6000,0,6000,1000,4000,3000,1000,0,0,0,-812417
062819,奇鋐兆豐9B購01  ,0,0,0,0,0,0,0,0,0,-814000,0,0,0,0,814000,-814000,-814000
1504,東元            ,574000,1652700,-1078700,0,0,0,300000,0,300000,-36000,6000,4000,2000,0,38000,-38000,-814700
08057P,京鼎群益9B售01  ,0,0,0,0,0,0,0,0,0,-821000,0,0,0,0,821000,-821000,-821000
1718,中纖            ,553000,1365000,-812000,0,0,0,0,0,0,-15000,0,15000,-15000,0,0,0,-827000
6269,台郡            ,361000,900000,-539000,0,0,0,108000,307000,-199000,-94000,147000,271000,-124000,46000,16000,30000,-832000
1909,榮成            ,314000,1129000,-815000,0,0,0,0,12000,-12000,-8000,29000,37000,-8000,0,0,0,-835000
055377,揚明光元大98購01,0,0,0,0,0,0,0,0,0,-844000,0,0,0,30000,874000,-844000,-844000
060569,台積電永豐9A購01,0,0,0,0,0,0,0,0,0,-852000,0,0,0,0,852000,-852000,-852000
6153,嘉聯益          ,1636000,2358000,-722000,0,0,0,0,0,0,-134000,73000,185000,-112000,122000,144000,-22000,-856000
8150,南茂            ,639000,1320000,-681000,0,0,0,0,0,0,-178000,14000,122000,-108000,36000,106000,-70000,-859000
08334P,智邦永豐9C售01  ,0,0,0,0,0,0,0,0,0,-863000,0,0,0,0,863000,-863000,-863000
2511,太子            ,235000,1104000,-869000,0,0,0,0,0,0,0,0,0,0,0,0,0,-869000
065282,國巨群益9C購14  ,0,0,0,0,0,0,0,0,0,-871000,0,0,0,1000,872000,-871000,-871000
062033,瀚宇博群益9B購01,0,0,0,0,0,0,0,0,0,-872000,0,0,0,60000,932000,-872000,-872000
055501,創意元大97購01  ,0,0,0,0,0,0,0,0,0,-893000,0,0,0,415000,1308000,-893000,-893000
061407,鴻海國票9A購07  ,0,0,0,0,0,0,0,0,0,-894000,0,0,0,130000,1024000,-894000,-894000
062061,台勝科統一01購01,0,0,0,0,0,0,0,0,0,-897000,0,0,0,0,897000,-897000,-897000
08289P,智邦統一9C售01  ,0,0,0,0,0,0,0,0,0,-907000,0,0,0,20000,927000,-907000,-907000
060425,凌華永豐9A購01  ,4000,0,4000,0,0,0,0,0,0,-912000,0,0,0,524000,1436000,-912000,-908000
061915,T50反1凱基02購02,0,0,0,0,0,0,0,0,0,-909000,0,0,0,104000,1013000,-909000,-909000
060686,康友元大9A購02  ,0,0,0,0,0,0,0,0,0,-911000,0,0,0,342000,1253000,-911000,-911000
2103,台橡            ,187000,1097669,-910669,0,0,0,0,0,0,-1000,0,1000,-1000,0,0,0,-911669
061006,新光金兆豐9A購01,0,0,0,0,0,0,0,0,0,-912000,0,0,0,0,912000,-912000,-912000
064917,元大金統一02購01,0,0,0,0,0,0,0,0,0,-915000,0,0,0,483000,1398000,-915000,-915000
063850,玉晶光元大9C購07,0,0,0,0,0,0,0,0,0,-918000,0,0,0,83000,1001000,-918000,-918000
2201,裕隆            ,691000,1763000,-1072000,0,0,0,0,0,0,152000,140000,1000,139000,168000,155000,13000,-920000
5522,遠雄            ,719000,1310000,-591000,0,0,0,0,0,0,-329000,4000,333000,-329000,0,0,0,-920000
5471,松翰            ,733000,1662000,-929000,0,0,0,0,0,0,7000,7000,0,7000,0,0,0,-922000
08405P,聯發科元大9C售11,10000,0,10000,0,0,0,0,0,0,-933000,0,0,0,450000,1383000,-933000,-923000
3702,大聯大          ,1638000,2694400,-1056400,0,0,0,0,0,0,131000,137000,6000,131000,0,0,0,-925400
2439,美律            ,560000,859000,-299000,0,0,0,0,626000,-626000,-2000,20000,0,20000,3000,25000,-22000,-927000
064820,裕隆統一9C購01  ,0,0,0,0,0,0,0,0,0,-928000,0,0,0,70000,998000,-928000,-928000
050283,T50反1凱基9A購01,0,0,0,0,0,0,0,0,0,-928000,0,0,0,0,928000,-928000,-928000
1319,東陽            ,391000,1142764,-751764,0,0,0,0,0,0,-180000,10000,190000,-180000,0,0,0,-931764
060772,FBVIX凱基9A購03 ,0,0,0,0,0,0,0,0,0,-939000,0,0,0,0,939000,-939000,-939000
2393,億光            ,272000,682000,-410000,0,0,0,0,540000,-540000,-7000,2000,2000,0,0,7000,-7000,-957000
062020,智伸科永豐9B購01,0,0,0,0,0,0,0,0,0,-958000,0,0,0,108000,1066000,-958000,-958000
08112P,臺股指中信01售07,0,0,0,0,0,0,0,0,0,-961000,0,0,0,100000,1061000,-961000,-961000
058645,康控富邦01購01  ,0,0,0,0,0,0,0,0,0,-961000,0,0,0,15000,976000,-961000,-961000
064719,聯發科統一02購01,0,0,0,0,0,0,0,0,0,-963000,0,0,0,1302000,2265000,-963000,-963000
1217,愛之味          ,227000,1202000,-975000,0,0,0,0,0,0,0,0,0,0,0,0,0,-975000
2489,瑞軒            ,384000,1354000,-970000,0,0,0,0,0,0,-6000,4000,10000,-6000,0,0,0,-976000
2323,中環            ,736000,1421000,-685000,0,0,0,0,2000,-2000,-290000,19000,4000,15000,5000,310000,-305000,-977000
07354P,臺股指國票99售22,0,0,0,0,0,0,0,0,0,-978000,0,0,0,30000,1008000,-978000,-978000
061857,康友國票9B購01  ,0,0,0,0,0,0,0,0,0,-983000,0,0,0,3000,986000,-983000,-983000
063327,燿華國票9C購02  ,0,0,0,0,0,0,0,0,0,-1004000,0,0,0,0,1004000,-1004000,-1004000
064862,創意富邦03購01  ,0,0,0,0,0,0,0,0,0,-1009000,0,0,0,194000,1203000,-1009000,-1009000
065448,緯創統一9C購01  ,17000,0,17000,0,0,0,0,0,0,-1029000,0,0,0,2000,1031000,-1029000,-1012000
1102,亞泥            ,3195000,5887900,-2692900,0,0,0,1781000,0,1781000,-102000,10000,112000,-102000,0,0,0,-1013900
064850,智原元富9C購01  ,0,0,0,0,0,0,0,0,0,-1014000,0,0,0,508000,1522000,-1014000,-1014000
060809,康友群益9A購01  ,0,0,0,0,0,0,0,0,0,-1015000,0,0,0,20000,1035000,-1015000,-1015000
051369,新光金富邦9A購01,0,0,0,0,0,0,0,0,0,-1038000,0,0,0,0,1038000,-1038000,-1038000
057987,大立光元富98購02,0,0,0,0,0,0,0,0,0,-1067000,0,0,0,410000,1477000,-1067000,-1067000
057307,瀚宇博兆豐99購01,0,0,0,0,0,0,0,0,0,-1069000,0,0,0,50000,1119000,-1069000,-1069000
065308,葡萄王國票01購01,0,0,0,0,0,0,0,0,0,-1076000,0,0,0,50000,1126000,-1076000,-1076000
064725,緯創統一02購01  ,0,0,0,0,0,0,0,0,0,-1080000,0,0,0,219000,1299000,-1080000,-1080000
058095,昇陽半元大98購03,0,0,0,0,0,0,0,0,0,-1081000,0,0,0,201000,1282000,-1081000,-1081000
6213,聯茂            ,375000,1313000,-938000,0,0,0,32000,136437,-104437,-46000,210000,126000,84000,3000,133000,-130000,-1088437
054383,傳奇群益97購01  ,0,0,0,0,0,0,0,0,0,-1089000,0,0,0,30000,1119000,-1089000,-1089000
056189,樺漢統一97購02  ,0,0,0,0,0,0,0,0,0,-1090000,0,0,0,176000,1266000,-1090000,-1090000
8046,南電            ,1558000,2548000,-990000,0,0,0,78000,230000,-152000,51000,270000,94000,176000,56000,181000,-125000,-1091000
3045,台灣大          ,954000,2044000,-1090000,0,0,0,0,0,0,-4000,0,4000,-4000,0,0,0,-1094000
2102,泰豐            ,2274000,3347000,-1073000,0,0,0,0,0,0,-50000,2000,52000,-50000,0,0,0,-1123000
064670,智伸科元大9C購01,0,0,0,0,0,0,0,0,0,-1132000,0,0,0,32000,1164000,-1132000,-1132000
058656,燿華中信99購01  ,0,0,0,0,0,0,0,0,0,-1142000,0,0,0,61000,1203000,-1142000,-1142000
064744,創意國票01購02  ,0,0,0,0,0,0,0,0,0,-1160000,0,0,0,87000,1247000,-1160000,-1160000
2458,義隆            ,2575000,6171000,-3596000,0,0,0,2587000,195000,2392000,42000,287000,230000,57000,33000,48000,-15000,-1162000
056829,台積電富邦9A購01,0,0,0,0,0,0,0,0,0,-1163000,0,0,0,250000,1413000,-1163000,-1163000
4142,國光生          ,5253000,6438000,-1185000,0,0,0,0,0,0,-11000,0,1000,-1000,10000,20000,-10000,-1196000
3557,嘉威            ,457000,1679000,-1222000,0,0,0,0,0,0,0,0,0,0,0,0,0,-1222000
3035,智原            ,13303000,14645000,-1342000,0,0,0,0,101000,-101000,202000,88000,14000,74000,142000,14000,128000,-1241000
07796P,聯發科國票9A售03,0,0,0,0,0,0,0,0,0,-1260000,0,0,0,0,1260000,-1260000,-1260000
063356,台表科元富02購01,0,0,0,0,0,0,0,0,0,-1309000,0,0,0,386000,1695000,-1309000,-1309000
063050,葡萄王統一01購01,0,0,0,0,0,0,0,0,0,-1310000,0,0,0,295000,1605000,-1310000,-1310000
063453,創意統一9C購01  ,0,0,0,0,0,0,0,0,0,-1311000,0,0,0,185000,1496000,-1311000,-1311000
2812,台中銀          ,693000,2046000,-1353000,0,0,0,39000,0,39000,-12000,1000,13000,-12000,0,0,0,-1326000
3006,晶豪科          ,214000,1359000,-1145000,0,0,0,0,0,0,-183000,1000,5000,-4000,1000,180000,-179000,-1328000
2448,晶電            ,2170140,3418000,-1247860,0,0,0,10000,45000,-35000,-60000,190000,240000,-50000,0,10000,-10000,-1342860
060375,葡萄王元富9A購01,0,0,0,0,0,0,0,0,0,-1345000,0,0,0,249000,1594000,-1345000,-1345000
06878P,台灣50日盛9B售01,0,0,0,0,0,0,0,0,0,-1347000,0,0,0,164000,1511000,-1347000,-1347000
058325,昇陽半永豐99購01,0,0,0,0,0,0,0,0,0,-1356000,0,0,0,752000,2108000,-1356000,-1356000
061186,牧德國泰9C購01  ,0,0,0,0,0,0,0,0,0,-1360000,0,0,0,45000,1405000,-1360000,-1360000
062986,T50反1中信02購01,0,0,0,0,0,0,0,0,0,-1367000,0,0,0,0,1367000,-1367000,-1367000
00676R,富邦臺灣加權反1 ,0,0,0,0,0,0,0,0,0,-1473000,0,0,0,896000,2369000,-1473000,-1473000
061081,宏碁兆豐9A購01  ,0,0,0,0,0,0,0,0,0,-1492000,0,0,0,156000,1648000,-1492000,-1492000
07646P,世芯元大9A售04  ,0,0,0,0,0,0,0,0,0,-1511000,0,0,0,51000,1562000,-1511000,-1511000
3042,晶技            ,456000,1840000,-1384000,0,0,0,0,27000,-27000,-139000,55000,306000,-251000,138000,26000,112000,-1550000
055902,同欣電中信99購01,0,0,0,0,0,0,0,0,0,-1561000,0,0,0,131000,1692000,-1561000,-1561000
054546,玉晶光中信9B購01,0,0,0,0,0,0,0,0,0,-1578000,0,0,0,2211000,3789000,-1578000,-1578000
058776,台積電國票9A購03,0,0,0,0,0,0,0,0,0,-1602000,0,0,0,237000,1839000,-1602000,-1602000
3682,亞太電          ,472000,2115835,-1643835,0,0,0,0,0,0,0,0,0,0,0,0,0,-1643835
1802,台玻            ,894000,2570000,-1676000,0,0,0,0,0,0,0,0,0,0,0,0,0,-1676000
1312,國喬            ,237000,1963000,-1726000,0,0,0,0,0,0,-5000,1000,2000,-1000,0,4000,-4000,-1731000
00738U,元大道瓊白銀    ,37000,895000,-858000,0,0,0,0,0,0,-889000,0,0,0,188000,1077000,-889000,-1747000
3532,台勝科          ,1932926,240000,1692926,0,0,0,1000,3524000,-3523000,80000,2000,5000,-3000,113000,30000,83000,-1750074
6251,定穎            ,289000,2134000,-1845000,0,0,0,0,0,0,-21000,0,21000,-21000,0,0,0,-1866000
3673,TPK-KY          ,314000,2250053,-1936053,0,0,0,0,0,0,45000,131000,44000,87000,20000,62000,-42000,-1891053
4958,臻鼎-KY         ,5395000,7404000,-2009000,0,0,0,300000,303000,-3000,-61000,56000,131000,-75000,24000,10000,14000,-2073000
2892,第一金          ,9091000,11412366,-2321366,0,0,0,156000,0,156000,-18000,15000,33000,-18000,0,0,0,-2183366
1301,台塑            ,2658000,3738095,-1080095,0,0,0,0,1159000,-1159000,52000,64000,5000,59000,1000,8000,-7000,-2187095
064421,技嘉兆豐01購01  ,0,0,0,0,0,0,0,0,0,-2219000,0,0,0,152000,2371000,-2219000,-2219000
2454,聯發科          ,4158400,6348184,-2189784,0,0,0,344000,157000,187000,-217000,138000,193000,-55000,35000,197000,-162000,-2219784
3005,神基            ,2878000,1516000,1362000,0,0,0,0,3600000,-3600000,13000,0,2000,-2000,31000,16000,15000,-2225000
2481,強茂            ,635000,2877000,-2242000,0,0,0,0,0,0,-111000,0,9000,-9000,2000,104000,-102000,-2353000
2504,國產            ,886000,2127000,-1241000,0,0,0,0,0,0,-1124000,51000,2000,49000,26000,1199000,-1173000,-2365000
3413,京鼎            ,408000,2820000,-2412000,0,0,0,0,10000,-10000,-58000,88000,56000,32000,13000,103000,-90000,-2480000
6271,同欣電          ,825673,675659,150014,0,0,0,0,2583400,-2583400,-47000,138000,202000,-64000,27000,10000,17000,-2480386
2841,台開            ,480000,2988000,-2508000,0,0,0,0,0,0,7000,11000,4000,7000,0,0,0,-2501000
00669R,國泰美國道瓊反1 ,408000,982000,-574000,0,0,0,0,0,0,-1999000,0,0,0,5212000,7211000,-1999000,-2573000
2349,錸德            ,767000,430000,337000,0,0,0,0,3000000,-3000000,0,0,0,0,0,0,0,-2663000
060918,康友國泰9C購01  ,0,0,0,0,0,0,0,0,0,-2669000,0,0,0,20000,2689000,-2669000,-2669000
05692P,聯發科中信9A售02,0,0,0,0,0,0,0,0,0,-2704000,0,0,0,649000,3353000,-2704000,-2704000
2618,長榮航          ,2406000,5423081,-3017081,0,0,0,45000,0,45000,-139000,4000,18000,-14000,1000,126000,-125000,-3111081
3321,同泰            ,197000,352000,-155000,0,0,0,0,3300000,-3300000,0,0,0,0,0,0,0,-3455000
2312,金寶            ,250000,3687000,-3437000,0,0,0,0,0,0,-50000,14000,0,14000,5000,69000,-64000,-3487000
5871,中租-KY         ,1263010,3579409,-2316399,0,0,0,0,0,0,-1184000,1000,688000,-687000,7000,504000,-497000,-3500399
1309,台達化          ,1174000,4771000,-3597000,0,0,0,0,0,0,-94000,5000,99000,-94000,0,0,0,-3691000
00712,FH富時不動產    ,34000,142000,-108000,0,0,0,0,0,0,-3598000,0,0,0,44000,3642000,-3598000,-3706000
2392,正崴            ,407000,3313000,-2906000,0,0,0,0,0,0,-830000,21000,84000,-63000,37000,804000,-767000,-3736000
2337,旺宏            ,2601000,6371000,-3770000,0,0,0,0,3000,-3000,-230000,168000,202000,-34000,24000,220000,-196000,-4003000
1314,中石化          ,987300,5509000,-4521700,0,0,0,0,0,0,-65100,1000,37000,-36000,0,29100,-29100,-4586800
1605,華新            ,6110000,2412000,3698000,0,0,0,0,6172000,-6172000,-2576000,10000,456000,-446000,179000,2309000,-2130000,-5050000
2368,金像電          ,3431000,6036000,-2605000,0,0,0,0,2407000,-2407000,-731000,213000,946000,-733000,67000,65000,2000,-5743000
2301,光寶科          ,11670000,14158122,-2488122,0,0,0,1755000,0,1755000,-5395000,1346000,3778000,-2432000,31000,2994000,-2963000,-6128122
2834,臺企銀          ,5000000,12796968,-7796968,0,0,0,81000,0,81000,315000,351000,0,351000,62000,98000,-36000,-7400968
4938,和碩            ,4281000,14298600,-10017600,0,0,0,1849000,3000,1846000,420000,694000,160000,534000,18000,132000,-114000,-7751600
2027,大成鋼          ,8663000,3343000,5320000,0,0,0,0,13757000,-13757000,-178645,47000,155000,-108000,76000,146645,-70645,-8615645
2890,永豐金          ,4910000,13701489,-8791489,0,0,0,147000,0,147000,-2000,6000,8000,-2000,0,0,0,-8646489
2885,元大金          ,10486000,22930800,-12444800,0,0,0,171000,0,171000,2023000,1789000,7000,1782000,246000,5000,241000,-10250800
2303,聯電            ,9997000,31867650,-21870650,0,0,0,845000,12000,833000,-62000,405000,588000,-183000,332000,211000,121000,-21099650
00632R,元大台灣50反1   ,6772000,560000,6212000,0,0,0,0,0,0,-30636000,2981000,1802000,1179000,7959000,39774000,-31815000,-24424000
00677U,富邦VIX         ,68361000,193560000,-125199000,0,0,0,0,0,0,-92466000,400000,7566000,-7166000,29454000,114754000,-85300000,-217665000
