證券代號,證券名稱,外陸資買進股數(不含外資自營商),外陸資賣出股數(不含外資自營商),外陸資買賣超股數(不含外資自營商),外資自營商買進股數,外資自營商賣出股數,外資自營商買賣超股數,投信買進股數,投信賣出股數,投信買賣超股數,自營商買賣超股數,自營商買進股數(自行買賣),自營商賣出股數(自行買賣),自營商買賣超股數(自行買賣),自營商買進股數(避險),自營商賣出股數(避險),自營商買賣超股數(避險),三大法人買賣超股數
00632R,元大台灣50反1   ,33831000,1152000,32679000,0,0,0,0,0,0,13409000,2450000,713000,1737000,23096000,11424000,11672000,46088000
00637L,元大滬深300正2  ,28646000,5808000,22838000,0,0,0,0,0,0,16919000,25000,99000,-74000,39704000,22711000,16993000,39757000
2313,華通            ,15399000,6097000,9302000,0,0,0,496000,343000,153000,91000,603000,903000,-300000,918000,527000,391000,9546000
00633L,富邦上証正2     ,5786000,527000,5259000,0,0,0,0,0,0,1972000,0,20000,-20000,4160000,2168000,1992000,7231000
00852L,國泰美國道瓊正2 ,317000,0,317000,0,0,0,0,0,0,5122000,0,0,0,6564000,1442000,5122000,5439000
2201,裕隆            ,3723000,1145000,2578000,0,0,0,1000000,0,1000000,1206000,580000,35000,545000,861000,200000,661000,4784000
08573P,台積電凱基9C售06,0,0,0,0,0,0,0,0,0,4080000,0,0,0,4080000,0,4080000,4080000
1904,正隆            ,4341000,1234000,3107000,0,0,0,160000,0,160000,557000,0,1000,-1000,573000,15000,558000,3824000
2002,中鋼            ,8716520,5036879,3679641,0,0,0,74000,0,74000,-23000,0,0,0,0,23000,-23000,3730641
1101,台泥            ,7129588,12958018,-5828430,0,0,0,2232000,45000,2187000,7188996,201000,110000,91000,7105000,7004,7097996,3547566
2353,宏碁            ,16327873,9587890,6739983,0,0,0,2000,0,2000,-3283000,160000,456000,-296000,46000,3033000,-2987000,3458983
00653L,富邦印度正2     ,796000,67000,729000,0,0,0,0,0,0,2578000,0,0,0,2835000,257000,2578000,3307000
068182,群創群益04購01  ,0,0,0,0,0,0,0,0,0,3142000,0,0,0,3144000,2000,3142000,3142000
068016,宏碁國票02購01  ,0,0,0,0,0,0,0,0,0,2915000,0,0,0,3864000,949000,2915000,2915000
4906,正文            ,3503000,1352000,2151000,0,0,0,100000,0,100000,536000,43000,57000,-14000,571000,21000,550000,2787000
00738U,元大道瓊白銀    ,1262000,741000,521000,0,0,0,0,0,0,2167743,0,0,0,3912000,1744257,2167743,2688743
068417,宏碁兆豐03購01  ,0,0,0,0,0,0,0,0,0,2466000,0,0,0,2731000,265000,2466000,2466000
2505,國揚            ,2990000,766000,2224000,0,0,0,0,0,0,193000,0,0,0,274000,81000,193000,2417000
5264,鎧勝-KY         ,3582000,1443000,2139000,0,0,0,0,0,0,198000,0,6000,-6000,349000,145000,204000,2337000
3042,晶技            ,3358000,1499000,1859000,0,0,0,1484000,618000,866000,-418000,53000,546000,-493000,104000,29000,75000,2307000
068112,宏碁元富07購01  ,0,0,0,0,0,0,0,0,0,2299000,0,0,0,2538000,239000,2299000,2299000
00655L,國泰中國A50正2  ,176000,38000,138000,0,0,0,0,0,0,2136000,0,30000,-30000,3921000,1755000,2166000,2274000
00708L,元大S&P黃金正2  ,35000,35000,0,0,0,0,0,0,0,2228000,0,0,0,4539000,2311000,2228000,2228000
054040,中石化元大9C購01,0,0,0,0,0,0,0,0,0,2114000,0,0,0,4408000,2294000,2114000,2114000
2421,建準            ,3670000,1347000,2323000,0,0,0,20000,0,20000,-250000,33000,316000,-283000,156000,123000,33000,2093000
066508,世紀鋼富邦03購01,0,0,0,0,0,0,0,0,0,2070000,0,0,0,2098000,28000,2070000,2070000
2889,國票金          ,797000,63000,734000,0,0,0,0,0,0,1267452,1268000,0,1268000,0,548,-548,2001452
059090,台新金元大99購01,0,0,0,0,0,0,0,0,0,1976000,0,0,0,2011000,35000,1976000,1976000
08158P,嘉澤元富9B售03  ,0,0,0,0,0,0,0,0,0,1969000,0,0,0,2074000,105000,1969000,1969000
2303,聯電            ,42767528,37954000,4813528,0,0,0,470000,1839000,-1369000,-1480000,178000,1374000,-1196000,1080000,1364000,-284000,1964528
068402,群光元富03購01  ,0,0,0,0,0,0,0,0,0,1956000,0,0,0,2348000,392000,1956000,1956000
1605,華新            ,5471000,3764000,1707000,0,0,0,1000,0,1000,204000,225000,140000,85000,274000,155000,119000,1912000
1326,台化            ,3237535,1399720,1837815,0,0,0,21000,1000,20000,41000,34000,2000,32000,25000,16000,9000,1898815
068129,宏碁統一03購01  ,0,0,0,0,0,0,0,0,0,1878000,0,0,0,1991000,113000,1878000,1878000
068128,台積電統一03購07,0,0,0,0,0,0,0,0,0,1846000,0,0,0,1852000,6000,1846000,1846000
2367,燿華            ,2439000,1229000,1210000,0,0,0,0,0,0,551000,50000,0,50000,619000,118000,501000,1761000
9958,世紀鋼          ,2959000,1250000,1709000,0,0,0,50000,0,50000,-63000,5000,42000,-37000,330000,356000,-26000,1696000
00876,元大未來關鍵科技,6000,0,6000,0,0,0,0,0,0,1675000,5000,0,5000,1951000,281000,1670000,1681000
05755P,臺股指中信99售04,0,0,0,0,0,0,0,0,0,1672000,0,0,0,1892000,220000,1672000,1672000
2439,美律            ,1485050,506000,979050,0,0,0,487000,0,487000,174000,252000,181000,71000,126000,23000,103000,1640050
00671R,富邦NASDAQ反1   ,28000,66000,-38000,0,0,0,0,0,0,1664000,0,0,0,1691000,27000,1664000,1626000
067644,康舒統一01購01  ,0,0,0,0,0,0,0,0,0,1581000,0,0,0,1922000,341000,1581000,1581000
2458,義隆            ,3504000,1741000,1763000,0,0,0,1000,100000,-99000,-101000,31000,154000,-123000,51000,29000,22000,1563000
00635U,元大S&P黃金     ,277100,10000,267100,0,0,0,0,0,0,1290000,0,0,0,1987000,697000,1290000,1557100
1301,台塑            ,3137615,1963200,1174415,0,0,0,242000,0,242000,89000,9000,0,9000,80000,0,80000,1505415
2376,技嘉            ,1761000,1487000,274000,0,0,0,1258000,0,1258000,-38000,132000,287000,-155000,123000,6000,117000,1494000
00861,元大全球未來通訊,228000,0,228000,0,0,0,0,0,0,1236000,0,0,0,1365000,129000,1236000,1464000
2368,金像電          ,6759000,6087000,672000,0,0,0,300000,0,300000,425000,693000,30000,663000,378000,616000,-238000,1397000
066556,和鑫元大01購01  ,0,0,0,0,0,0,0,0,0,1363000,0,0,0,1482000,119000,1363000,1363000
064167,緯穎統一01購03  ,0,0,0,0,0,0,0,0,0,1344000,0,0,0,1642000,298000,1344000,1344000
1598,岱宇            ,1903000,567000,1336000,0,0,0,20000,0,20000,-19000,72000,91000,-19000,0,0,0,1337000
006205,富邦上証        ,1291000,49000,1242000,0,0,0,0,0,0,93000,0,0,0,1791000,1698000,93000,1335000
066998,訊芯國泰03購01  ,0,0,0,0,0,0,0,0,0,1274000,0,0,0,1278000,4000,1274000,1274000
057891,華新科統一9A購01,0,0,0,0,0,0,0,0,0,1268000,0,0,0,1268000,0,1268000,1268000
067008,康舒永豐01購01  ,0,0,0,0,0,0,0,0,0,1264000,0,0,0,1389000,125000,1264000,1264000
062849,中興電永豐9B購02,0,0,0,0,0,0,0,0,0,1250000,0,0,0,1284000,34000,1250000,1250000
3704,合勤控          ,1729000,510000,1219000,0,0,0,0,0,0,0,0,0,0,13000,13000,0,1219000
067992,宏碁元大01購01  ,0,0,0,0,0,0,0,0,0,1208000,0,0,0,1329000,121000,1208000,1208000
3189,景碩            ,4200000,4055000,145000,0,0,0,694000,0,694000,359000,453000,224000,229000,259000,129000,130000,1198000
08118P,嘉澤元富9B售02  ,0,0,0,0,0,0,0,0,0,1187000,0,0,0,1301000,114000,1187000,1187000
068127,台積電統一02購07,0,0,0,0,0,0,0,0,0,1169000,0,0,0,1169000,0,1169000,1169000
067651,漢唐元富07購01  ,0,0,0,0,0,0,0,0,0,1119000,0,0,0,1119000,0,1119000,1119000
00650L,FH香港正2       ,79000,81000,-2000,0,0,0,0,0,0,1109000,0,0,0,1301000,192000,1109000,1107000
2387,精元            ,1519000,1445000,74000,0,0,0,1139000,0,1139000,-113000,71000,50000,21000,27000,161000,-134000,1100000
00640L,富邦日本正2     ,122000,0,122000,0,0,0,0,0,0,976000,0,0,0,1242000,266000,976000,1098000
068126,樺漢元富07購01  ,0,0,0,0,0,0,0,0,0,1082000,0,0,0,1168000,86000,1082000,1082000
066309,永光永豐01購01  ,0,0,0,0,0,0,0,0,0,1067000,0,0,0,1067000,0,1067000,1067000
2492,華新科          ,2823048,2051000,772048,0,0,0,0,1000,-1000,281000,172000,104000,68000,252000,39000,213000,1052048
2014,中鴻            ,1242000,196000,1046000,0,0,0,0,0,0,0,0,0,0,0,0,0,1046000
1712,興農            ,1041000,59000,982000,0,0,0,0,0,0,56000,56000,0,56000,0,0,0,1038000
066855,樺漢元大01購03  ,0,0,0,0,0,0,0,0,0,1022000,0,0,0,1755000,733000,1022000,1022000
00672L,元大S&P原油正2  ,0,0,0,0,0,0,0,0,0,1000000,0,0,0,1000000,0,1000000,1000000
1313,聯成            ,1518040,517765,1000275,0,0,0,0,0,0,-1000,0,1000,-1000,0,0,0,999275
068181,長榮航群益02購01,0,0,0,0,0,0,0,0,0,999000,0,0,0,999000,0,999000,999000
061173,T50反1凱基04購01,0,0,0,0,0,0,0,0,0,988000,0,0,0,998000,10000,988000,988000
067615,鈺齊凱基01購01  ,0,0,0,0,0,0,0,0,0,987000,0,0,0,1086000,99000,987000,987000
067711,緯穎元富05購01  ,0,0,0,0,0,0,0,0,0,983000,0,0,0,1196000,213000,983000,983000
068140,鴻海元大01購24  ,0,0,0,0,0,0,0,0,0,983000,0,0,0,1182000,199000,983000,983000
2027,大成鋼          ,1627000,909000,718000,0,0,0,0,0,0,265000,20000,60000,-40000,336000,31000,305000,983000
2006,東和鋼鐵        ,944000,168000,776000,0,0,0,0,0,0,199000,240000,41000,199000,0,0,0,975000
064832,長榮航統一01購01,0,0,0,0,0,0,0,0,0,962000,0,0,0,1064000,102000,962000,962000
055902,同欣電中信99購01,0,0,0,0,0,0,0,0,0,960000,0,0,0,987000,27000,960000,960000
067692,鈺齊元大01購02  ,0,0,0,0,0,0,0,0,0,956000,0,0,0,1229000,273000,956000,956000
08750P,台灣50群益01售04,0,0,0,0,0,0,0,0,0,948000,0,0,0,1567000,619000,948000,948000
063195,訊連元富9B購01  ,0,0,0,0,0,0,0,0,0,926000,0,0,0,927000,1000,926000,926000
062651,世紀鋼富邦9C購01,0,0,0,0,0,0,0,0,0,918000,0,0,0,928000,10000,918000,918000
2723,美食-KY         ,1161000,322000,839000,0,0,0,22000,0,22000,55000,0,0,0,68000,13000,55000,916000
8163,達方            ,964000,128000,836000,0,0,0,0,0,0,79000,56000,10000,46000,58000,25000,33000,915000
2535,達欣工          ,793000,257000,536000,0,0,0,0,0,0,367000,381000,0,381000,0,14000,-14000,903000
1476,儒鴻            ,1468029,477214,990815,0,0,0,42000,0,42000,-137000,21000,188000,-167000,51000,21000,30000,895815
2520,冠德            ,975000,247000,728000,0,0,0,0,0,0,163000,151000,106000,45000,138000,20000,118000,891000
068388,宏碁統一03購02  ,0,0,0,0,0,0,0,0,0,890000,0,0,0,1168000,278000,890000,890000
068399,中興電元富03購01,0,0,0,0,0,0,0,0,0,886000,0,0,0,1101000,215000,886000,886000
058786,元黃金元大99購01,0,0,0,0,0,0,0,0,0,880000,0,0,0,880000,0,880000,880000
066290,台塑化元大01購01,0,0,0,0,0,0,0,0,0,878000,0,0,0,1331000,453000,878000,878000
064991,友達兆豐9C購01  ,0,0,0,0,0,0,0,0,0,876000,0,0,0,891000,15000,876000,876000
055036,中工富邦9B購01  ,0,0,0,0,0,0,0,0,0,873000,0,0,0,1721000,848000,873000,873000
2105,正新            ,2567271,2718063,-150792,0,0,0,493000,0,493000,518000,564000,46000,518000,0,0,0,860208
068325,宏碁元大01購04  ,0,0,0,0,0,0,0,0,0,860000,0,0,0,1005000,145000,860000,860000
9938,百和            ,965000,1503000,-538000,0,0,0,1133000,0,1133000,243000,249000,93000,156000,163000,76000,87000,838000
065543,緯穎元富01購01  ,0,0,0,0,0,0,0,0,0,836000,0,0,0,1065000,229000,836000,836000
1717,長興            ,2664000,1730000,934000,0,0,0,0,0,0,-102000,0,7000,-7000,3000,98000,-95000,832000
1447,力鵬            ,1017000,186000,831000,0,0,0,0,0,0,0,0,0,0,0,0,0,831000
03427B,臺股指元大9A熊02,0,0,0,0,0,0,0,0,0,829000,0,0,0,1054000,225000,829000,829000
3014,聯陽            ,2035000,775000,1260000,0,0,0,0,333000,-333000,-98000,86000,27000,59000,26000,183000,-157000,829000
2379,瑞昱            ,2740058,1861160,878898,0,0,0,65000,137000,-72000,22000,113000,108000,5000,30000,13000,17000,828898
066960,盛群元大01購01  ,0,0,0,0,0,0,0,0,0,828000,0,0,0,833000,5000,828000,828000
00642U,元大S&P石油     ,0,5000,-5000,0,0,0,0,0,0,832000,0,0,0,855000,23000,832000,827000
065190,緯穎統一9C購02  ,0,0,0,0,0,0,0,0,0,826000,0,0,0,1271000,445000,826000,826000
3034,聯詠            ,2984073,2202000,782073,0,0,0,30000,40000,-10000,51000,23000,13000,10000,55000,14000,41000,823073
065296,國巨統一01購10  ,0,0,0,0,0,0,0,0,0,819000,0,0,0,900000,81000,819000,819000
066755,永光永豐01購02  ,0,0,0,0,0,0,0,0,0,813000,0,0,0,818000,5000,813000,813000
066482,華碩元富01購02  ,0,0,0,0,0,0,0,0,0,803000,0,0,0,890000,87000,803000,803000
066393,華碩凱基01購01  ,0,0,0,0,0,0,0,0,0,801000,0,0,0,1382000,581000,801000,801000
062802,宏達電統一9B購01,0,0,0,0,0,0,0,0,0,800000,0,0,0,895000,95000,800000,800000
08615P,同欣電統一9C售02,0,0,0,0,0,0,0,0,0,796000,0,0,0,796000,0,796000,796000
063208,鈺齊統一9C購01  ,0,0,0,0,0,0,0,0,0,796000,0,0,0,798000,2000,796000,796000
9904,寶成            ,3547073,2445000,1102073,0,0,0,3000,0,3000,-319000,4000,3000,1000,15000,335000,-320000,786073
066013,友訊元富01購02  ,0,0,0,0,0,0,0,0,0,785000,0,0,0,801000,16000,785000,785000
067675,中工元大03購01  ,0,0,0,0,0,0,0,0,0,781000,0,0,0,2349000,1568000,781000,781000
063664,漢唐統一9C購01  ,0,0,0,0,0,0,0,0,0,776000,0,0,0,776000,0,776000,776000
6239,力成            ,2933802,1901000,1032802,0,0,0,0,303000,-303000,44000,20000,0,20000,32000,8000,24000,773802
064737,中石化國票01購01,0,0,0,0,0,0,0,0,0,773000,0,0,0,1751000,978000,773000,773000
068725,京元電元大02購01,0,0,0,0,0,0,0,0,0,763000,0,0,0,809000,46000,763000,763000
069173,康舒元大02購02  ,0,0,0,0,0,0,0,0,0,763000,0,0,0,779000,16000,763000,763000
068851,漢唐統一04購01  ,0,0,0,0,0,0,0,0,0,762000,0,0,0,817000,55000,762000,762000
053925,群創國票98購01  ,0,0,0,0,0,0,0,0,0,762000,0,0,0,762000,0,762000,762000
065134,中石化凱基01購01,0,0,0,0,0,0,0,0,0,761000,0,0,0,800000,39000,761000,761000
3019,亞光            ,730000,299000,431000,0,0,0,0,0,0,330000,86000,28000,58000,276000,4000,272000,761000
2049,上銀            ,934038,385952,548086,0,0,0,0,4000,-4000,214106,141000,6000,135000,88000,8894,79106,758192
067383,樺漢統一03購02  ,0,0,0,0,0,0,0,0,0,754000,0,0,0,768000,14000,754000,754000
066773,美律富邦03購01  ,0,0,0,0,0,0,0,0,0,749000,0,0,0,750000,1000,749000,749000
066676,A50正2兆豐03購01,0,0,0,0,0,0,0,0,0,747000,0,0,0,767000,20000,747000,747000
2383,台光電          ,1355000,715000,640000,0,0,0,27000,60000,-33000,135000,92000,64000,28000,109000,2000,107000,742000
1504,東元            ,1365000,337000,1028000,0,0,0,2000,0,2000,-293000,44000,10000,34000,0,327000,-327000,737000
066012,友訊元富01購01  ,0,0,0,0,0,0,0,0,0,736000,0,0,0,747000,11000,736000,736000
066951,長榮航元大01購01,0,0,0,0,0,0,0,0,0,730000,0,0,0,773000,43000,730000,730000
067448,華碩國票01購01  ,0,0,0,0,0,0,0,0,0,724000,0,0,0,792000,68000,724000,724000
067431,新光金凱基01購01,0,0,0,0,0,0,0,0,0,720000,0,0,0,750000,30000,720000,720000
00636,國泰中國A50     ,586000,17000,569000,0,0,0,0,0,0,143000,0,30000,-30000,742000,569000,173000,712000
067511,拓凱統一01購01  ,0,0,0,0,0,0,0,0,0,709000,0,0,0,759000,50000,709000,709000
068044,寶成元富07購01  ,0,0,0,0,0,0,0,0,0,702000,0,0,0,708000,6000,702000,702000
00639,富邦深100       ,468000,64000,404000,0,0,0,0,0,0,298000,0,0,0,1122000,824000,298000,702000
064932,緯穎統一01購04  ,0,0,0,0,0,0,0,0,0,694000,0,0,0,894000,200000,694000,694000
054890,聯鈞統一99購01  ,0,0,0,0,0,0,0,0,0,693000,0,0,0,697000,4000,693000,693000
066287,訊芯元大01購01  ,0,0,0,0,0,0,0,0,0,693000,0,0,0,1141000,448000,693000,693000
068396,南電統一03購02  ,0,0,0,0,0,0,0,0,0,689000,0,0,0,1310000,621000,689000,689000
063258,緯穎國泰9C購01  ,0,0,0,0,0,0,0,0,0,685000,0,0,0,715000,30000,685000,685000
063436,儒鴻統一01購03  ,0,0,0,0,0,0,0,0,0,678000,0,0,0,1157000,479000,678000,678000
065251,宏達電國泰02購01,0,0,0,0,0,0,0,0,0,671000,0,0,0,677000,6000,671000,671000
1444,力麗            ,899000,228000,671000,0,0,0,0,0,0,0,0,0,0,0,0,0,671000
066271,東森元大01購01  ,0,0,0,0,0,0,0,0,0,670000,0,0,0,761000,91000,670000,670000
062846,國泰金富邦9C購01,0,0,0,0,0,0,0,0,0,667000,0,0,0,765000,98000,667000,667000
066660,群光凱基01購01  ,0,0,0,0,0,0,0,0,0,663000,0,0,0,962000,299000,663000,663000
061950,日月光群益9B購01,0,0,0,0,0,0,0,0,0,662000,0,0,0,699000,37000,662000,662000
08160P,茂林元富9B售03  ,0,0,0,0,0,0,0,0,0,651000,0,0,0,884000,233000,651000,651000
1526,日馳            ,1428000,777000,651000,0,0,0,0,0,0,0,0,0,0,0,0,0,651000
060451,中石化元大9C購02,0,0,0,0,0,0,0,0,0,650000,0,0,0,1077000,427000,650000,650000
068681,新唐國泰03購01  ,0,0,0,0,0,0,0,0,0,649000,0,0,0,720000,71000,649000,649000
059931,緯穎富邦9A購01  ,0,0,0,0,0,0,0,0,0,649000,0,0,0,659000,10000,649000,649000
066915,訊芯凱基02購01  ,0,0,0,0,0,0,0,0,0,648000,0,0,0,681000,33000,648000,648000
067253,精元國票01購01  ,0,0,0,0,0,0,0,0,0,648000,0,0,0,648000,0,648000,648000
08644P,臺股指中信02售02,0,0,0,0,0,0,0,0,0,646000,0,0,0,706000,60000,646000,646000
2308,台達電          ,5318945,5139678,179267,0,0,0,521000,3000,518000,-54000,158000,197000,-39000,11000,26000,-15000,643267
063922,大立光元富9C購04,0,0,0,0,0,0,0,0,0,640000,0,0,0,694000,54000,640000,640000
066509,南亞永豐01購01  ,0,0,0,0,0,0,0,0,0,639000,0,0,0,639000,0,639000,639000
07294P,滬深2X元富9C售08,0,0,0,0,0,0,0,0,0,637000,0,0,0,687000,50000,637000,637000
064788,台汽電群益9C購01,0,0,0,0,0,0,0,0,0,637000,0,0,0,637000,0,637000,637000
064711,國喬統一02購01  ,0,0,0,0,0,0,0,0,0,636000,0,0,0,646000,10000,636000,636000
063477,訊芯元大9B購01  ,0,0,0,0,0,0,0,0,0,634000,0,0,0,784000,150000,634000,634000
060367,緯穎元富9A購02  ,0,0,0,0,0,0,0,0,0,629000,0,0,0,732000,103000,629000,629000
00643,群益深証中小    ,359000,36000,323000,0,0,0,0,0,0,304000,0,0,0,1008000,704000,304000,627000
061837,華新科凱基05購02,0,0,0,0,0,0,0,0,0,626000,0,0,0,876000,250000,626000,626000
067009,樺漢永豐01購01  ,0,0,0,0,0,0,0,0,0,623000,0,0,0,659000,36000,623000,623000
059074,元油2X元大9C購15,0,0,0,0,0,0,0,0,0,621000,0,0,0,651000,30000,621000,621000
065219,緯穎國泰01購01  ,0,0,0,0,0,0,0,0,0,621000,0,0,0,833000,212000,621000,621000
064561,友達群益9C購02  ,0,0,0,0,0,0,0,0,0,614000,0,0,0,625000,11000,614000,614000
067806,宏碁凱基02購01  ,0,0,0,0,0,0,0,0,0,611000,0,0,0,699000,88000,611000,611000
08560P,茂林國票01售01  ,0,0,0,0,0,0,0,0,0,610000,0,0,0,694000,84000,610000,610000
066959,新唐元大01購01  ,0,0,0,0,0,0,0,0,0,605000,0,0,0,625000,20000,605000,605000
068561,台積電元大01購52,0,0,0,0,0,0,0,0,0,603000,0,0,0,623000,20000,603000,603000
063680,寶成富邦9C購01  ,0,0,0,0,0,0,0,0,0,598000,0,0,0,631000,33000,598000,598000
2206,三陽工業        ,960000,386000,574000,0,0,0,0,0,0,22000,22000,0,22000,0,0,0,596000
067036,南電康和01購02  ,0,0,0,0,0,0,0,0,0,595000,0,0,0,659000,64000,595000,595000
2104,國際中橡        ,954000,416000,538000,0,0,0,0,0,0,57000,0,0,0,77000,20000,57000,595000
3605,宏致            ,917000,346000,571000,0,0,0,0,0,0,23000,54000,31000,23000,0,0,0,594000
065386,華通兆豐9C購02  ,0,0,0,0,0,0,0,0,0,592000,0,0,0,2108000,1516000,592000,592000
068473,聯發科群益01購13,0,0,0,0,0,0,0,0,0,590000,0,0,0,595000,5000,590000,590000
2897,王道銀行        ,847000,260000,587000,0,0,0,1000,0,1000,0,0,0,0,0,0,0,588000
064720,長榮航統一02購01,0,0,0,0,0,0,0,0,0,587000,0,0,0,610000,23000,587000,587000
067661,大成元大01購01  ,0,0,0,0,0,0,0,0,0,585000,0,0,0,804000,219000,585000,585000
065402,漢唐國泰02購01  ,0,0,0,0,0,0,0,0,0,583000,0,0,0,600000,17000,583000,583000
066702,開發金群益03購01,0,0,0,0,0,0,0,0,0,578000,0,0,0,578000,0,578000,578000
066559,聯鈞元大01購03  ,0,0,0,0,0,0,0,0,0,577000,0,0,0,700000,123000,577000,577000
066819,樺漢兆豐01購01  ,0,0,0,0,0,0,0,0,0,576000,0,0,0,599000,23000,576000,576000
064311,新光金群益01購02,0,0,0,0,0,0,0,0,0,575000,0,0,0,638000,63000,575000,575000
062013,奇鋐富邦9B購01  ,0,0,0,0,0,0,0,0,0,573000,0,0,0,762000,189000,573000,573000
065051,和碩凱基02購01  ,0,0,0,0,0,0,0,0,0,573000,0,0,0,589000,16000,573000,573000
068820,聯陽元大02購01  ,0,0,0,0,0,0,0,0,0,572000,0,0,0,611000,39000,572000,572000
08554P,玉晶光國票01售06,0,0,0,0,0,0,0,0,0,572000,0,0,0,663000,91000,572000,572000
066619,永光凱基01購01  ,0,0,0,0,0,0,0,0,0,571000,0,0,0,576000,5000,571000,571000
062644,中環國泰9C購01  ,0,0,0,0,0,0,0,0,0,564000,0,0,0,685000,121000,564000,564000
08896P,台灣50群益01售10,0,0,0,0,0,0,0,0,0,562000,0,0,0,610000,48000,562000,562000
00712,FH富時不動產    ,613000,0,613000,0,0,0,0,0,0,-55000,0,0,0,438000,493000,-55000,558000
064430,鴻海凱基03購04  ,0,0,0,0,0,0,0,0,0,558000,0,0,0,647000,89000,558000,558000
066302,卜蜂永豐01購01  ,0,0,0,0,0,0,0,0,0,557000,0,0,0,564000,7000,557000,557000
2548,華固            ,684000,295000,389000,0,0,0,157000,0,157000,10000,6000,0,6000,4000,0,4000,556000
067069,友訊元大01購03  ,0,0,0,0,0,0,0,0,0,554000,0,0,0,614000,60000,554000,554000
3027,盛達            ,1358000,804000,554000,0,0,0,0,0,0,0,0,0,0,0,0,0,554000
066842,卜蜂元大01購01  ,0,0,0,0,0,0,0,0,0,553000,0,0,0,1287000,734000,553000,553000
03074X,元展69          ,0,0,0,0,0,0,0,0,0,549000,0,0,0,549000,0,549000,549000
059957,中信金康和99購01,0,0,0,0,0,0,0,0,0,546000,0,0,0,690000,144000,546000,546000
067010,訊芯永豐01購01  ,0,0,0,0,0,0,0,0,0,546000,0,0,0,548000,2000,546000,546000
067558,中工國票02購01  ,0,0,0,0,0,0,0,0,0,545000,0,0,0,826000,281000,545000,545000
067763,鈺齊永豐01購01  ,0,0,0,0,0,0,0,0,0,544000,0,0,0,645000,101000,544000,544000
066001,景碩國票02購01  ,0,0,0,0,0,0,0,0,0,544000,0,0,0,661000,117000,544000,544000
065542,緯穎統一01購05  ,0,0,0,0,0,0,0,0,0,541000,0,0,0,586000,45000,541000,541000
066320,順德永豐01購01  ,0,0,0,0,0,0,0,0,0,541000,0,0,0,541000,0,541000,541000
03452B,臺股指凱基03熊05,0,0,0,0,0,0,0,0,0,539000,0,0,0,1210000,671000,539000,539000
065580,鈺齊群益01購01  ,0,0,0,0,0,0,0,0,0,539000,0,0,0,672000,133000,539000,539000
060716,新唐永豐9A購01  ,0,0,0,0,0,0,0,0,0,538000,0,0,0,621000,83000,538000,538000
063895,新光金群益01購01,0,0,0,0,0,0,0,0,0,538000,0,0,0,538000,0,538000,538000
066020,東元群益01購01  ,0,0,0,0,0,0,0,0,0,537000,0,0,0,547000,10000,537000,537000
8213,志超            ,722000,128000,594000,0,0,0,0,0,0,-57000,0,2000,-2000,1000,56000,-55000,537000
061913,宏碁中信9B購01  ,0,0,0,0,0,0,0,0,0,531000,0,0,0,680000,149000,531000,531000
066228,嘉基國泰02購01  ,0,0,0,0,0,0,0,0,0,531000,0,0,0,803000,272000,531000,531000
063169,台汽電永豐9B購01,0,0,0,0,0,0,0,0,0,530000,0,0,0,530000,0,530000,530000
069104,南電統一04購01  ,0,0,0,0,0,0,0,0,0,529000,0,0,0,653000,124000,529000,529000
03019P,全新群益01售01  ,0,0,0,0,0,0,0,0,0,529000,0,0,0,534000,5000,529000,529000
062968,仁寶元富9B購01  ,0,0,0,0,0,0,0,0,0,526000,0,0,0,526000,0,526000,526000
062983,緯穎元富9B購01  ,0,0,0,0,0,0,0,0,0,526000,0,0,0,603000,77000,526000,526000
061816,長榮航群益9B購02,0,0,0,0,0,0,0,0,0,526000,0,0,0,589000,63000,526000,526000
062972,京元電元富9B購01,0,0,0,0,0,0,0,0,0,521000,0,0,0,521000,0,521000,521000
07967P,力山元大9B售03  ,0,0,0,0,0,0,0,0,0,520000,0,0,0,530000,10000,520000,520000
064816,訊芯元大9C購01  ,0,0,0,0,0,0,0,0,0,520000,0,0,0,743000,223000,520000,520000
062561,瀚宇博凱基9B購01,0,0,0,0,0,0,0,0,0,519000,0,0,0,520000,1000,519000,519000
063871,瀚宇博永豐9C購01,0,0,0,0,0,0,0,0,0,519000,0,0,0,519000,0,519000,519000
2455,全新            ,560000,131000,429000,0,0,0,0,0,0,88000,45000,8000,37000,75000,24000,51000,517000
068142,鴻海元大02購02  ,0,0,0,0,0,0,0,0,0,515000,0,0,0,1073000,558000,515000,515000
2314,台揚            ,795000,277000,518000,0,0,0,0,0,0,-3000,0,3000,-3000,0,0,0,515000
064796,緯穎國票01購01  ,0,0,0,0,0,0,0,0,0,514000,0,0,0,1080000,566000,514000,514000
00664R,國泰臺灣加權反1 ,0,0,0,0,0,0,0,0,0,513000,0,0,0,556000,43000,513000,513000
066550,國泰金元大01購01,0,0,0,0,0,0,0,0,0,513000,0,0,0,514000,1000,513000,513000
067805,宏碁凱基01購02  ,0,0,0,0,0,0,0,0,0,512000,0,0,0,610000,98000,512000,512000
6412,群電            ,915000,305000,610000,0,0,0,0,98000,-98000,0,39000,35000,4000,2000,6000,-4000,512000
068579,GIS國泰03購01   ,0,0,0,0,0,0,0,0,0,511000,0,0,0,630000,119000,511000,511000
064153,中壽統一9C購01  ,0,0,0,0,0,0,0,0,0,510000,0,0,0,514000,4000,510000,510000
063693,智易永豐9B購02  ,0,0,0,0,0,0,0,0,0,510000,0,0,0,548000,38000,510000,510000
064914,友達統一02購03  ,0,0,0,0,0,0,0,0,0,509000,0,0,0,609000,100000,509000,509000
064412,緯穎凱基01購01  ,0,0,0,0,0,0,0,0,0,507000,0,0,0,624000,117000,507000,507000
064264,智伸科永豐9C購01,0,0,0,0,0,0,0,0,0,506000,0,0,0,506000,0,506000,506000
065854,臻鼎元大9C購05  ,0,0,0,0,0,0,0,0,0,504000,0,0,0,509000,5000,504000,504000
064303,新光金兆豐01購01,0,0,0,0,0,0,0,0,0,503000,0,0,0,503000,0,503000,503000
066654,上証2X凱基03購02,0,0,0,0,0,0,0,0,0,503000,0,0,0,538000,35000,503000,503000
067017,樺漢富邦04購01  ,0,0,0,0,0,0,0,0,0,503000,0,0,0,503000,0,503000,503000
08744P,臺股指凱基02售05,0,0,0,0,0,0,0,0,0,502000,0,0,0,705000,203000,502000,502000
07487P,鴻海國票9A售01  ,0,0,0,0,0,0,0,0,0,499000,0,0,0,499000,0,499000,499000
064377,宏達電元富9C購01,0,0,0,0,0,0,0,0,0,499000,0,0,0,499000,0,499000,499000
068525,京元電元富07購01,0,0,0,0,0,0,0,0,0,498000,0,0,0,498000,0,498000,498000
066891,鴻海兆豐04購01  ,0,0,0,0,0,0,0,0,0,498000,0,0,0,499000,1000,498000,498000
2377,微星            ,1281103,1135000,146103,0,0,0,277000,0,277000,74000,94000,72000,22000,82000,30000,52000,497103
6504,南六            ,979000,346000,633000,0,0,0,0,28000,-28000,-108000,10000,105000,-95000,43000,56000,-13000,497000
064870,中租永豐9C購01  ,0,0,0,0,0,0,0,0,0,495000,0,0,0,533000,38000,495000,495000
2867,三商壽          ,685000,188000,497000,0,0,0,0,0,0,-5000,0,5000,-5000,0,0,0,492000
060676,京元電元大9A購03,0,0,0,0,0,0,0,0,0,490000,0,0,0,627000,137000,490000,490000
066044,京元電元大01購01,0,0,0,0,0,0,0,0,0,490000,0,0,0,639000,149000,490000,490000
059113,群光永豐99購01  ,0,0,0,0,0,0,0,0,0,488000,0,0,0,584000,96000,488000,488000
067263,台汽電國票01購01,0,0,0,0,0,0,0,0,0,486000,0,0,0,490000,4000,486000,486000
066202,大立光統一02購07,0,0,0,0,0,0,0,0,0,485000,0,0,0,485000,0,485000,485000
08726P,台積電群益01售07,0,0,0,0,0,0,0,0,0,483000,0,0,0,483000,0,483000,483000
08491P,全新元大9C售01  ,0,0,0,0,0,0,0,0,0,483000,0,0,0,492000,9000,483000,483000
059675,大立光元富99購08,0,0,0,0,0,0,0,0,0,481000,0,0,0,533000,52000,481000,481000
068735,康舒元大02購01  ,0,0,0,0,0,0,0,0,0,479000,0,0,0,1010000,531000,479000,479000
067031,華擎元富01購01  ,0,0,0,0,0,0,0,0,0,479000,0,0,0,593000,114000,479000,479000
066923,滬深2X國票02購01,0,0,0,0,0,0,0,0,0,477000,0,0,0,597000,120000,477000,477000
067404,盛群永豐01購01  ,0,0,0,0,0,0,0,0,0,477000,0,0,0,595000,118000,477000,477000
068522,旺宏元富04購01  ,0,0,0,0,0,0,0,0,0,475000,0,0,0,499000,24000,475000,475000
065037,緯穎統一02購02  ,0,0,0,0,0,0,0,0,0,473000,0,0,0,487000,14000,473000,473000
066853,樺漢元大01購01  ,0,0,0,0,0,0,0,0,0,471000,0,0,0,821000,350000,471000,471000
065375,神基元大03購01  ,0,0,0,0,0,0,0,0,0,470000,0,0,0,598000,128000,470000,470000
068296,緯穎康和01購01  ,0,0,0,0,0,0,0,0,0,467000,0,0,0,488000,21000,467000,467000
061958,鴻海統一01購01  ,0,0,0,0,0,0,0,0,0,467000,0,0,0,692000,225000,467000,467000
068166,鈺齊元大01購03  ,0,0,0,0,0,0,0,0,0,466000,0,0,0,1190000,724000,466000,466000
066694,深中小群益03購01,0,0,0,0,0,0,0,0,0,466000,0,0,0,1071000,605000,466000,466000
3056,總太            ,426000,31000,395000,0,0,0,0,0,0,69000,0,1000,-1000,70000,0,70000,464000
060934,台汽電永豐9A購02,0,0,0,0,0,0,0,0,0,461000,0,0,0,461000,0,461000,461000
066411,南紡元大01購01  ,0,0,0,0,0,0,0,0,0,461000,0,0,0,461000,0,461000,461000
065838,鴻海元大03購01  ,0,0,0,0,0,0,0,0,0,461000,0,0,0,600000,139000,461000,461000
07086P,力成元富9C售01  ,0,0,0,0,0,0,0,0,0,460000,0,0,0,516000,56000,460000,460000
060189,宏達電元富9B購03,0,0,0,0,0,0,0,0,0,460000,0,0,0,460000,0,460000,460000
3036,文曄            ,547000,78000,469000,0,0,0,0,0,0,-10000,0,1000,-1000,6000,15000,-9000,459000
058534,友達統一9B購01  ,0,0,0,0,0,0,0,0,0,458000,0,0,0,464000,6000,458000,458000
2204,中華            ,631000,173800,457200,0,0,0,0,0,0,0,0,0,0,0,0,0,457200
08112P,臺股指中信01售07,0,0,0,0,0,0,0,0,0,455000,0,0,0,528000,73000,455000,455000
6271,同欣電          ,867000,372000,495000,0,0,0,30000,205000,-175000,135000,141000,29000,112000,44000,21000,23000,455000
061511,緯穎富邦9B購02  ,0,0,0,0,0,0,0,0,0,453000,0,0,0,599000,146000,453000,453000
08545P,南電國泰01售02  ,0,0,0,0,0,0,0,0,0,450000,0,0,0,450000,0,450000,450000
057237,群創凱基9B購02  ,0,0,0,0,0,0,0,0,0,450000,0,0,0,450000,0,450000,450000
067613,康舒凱基01購01  ,0,0,0,0,0,0,0,0,0,448000,0,0,0,703000,255000,448000,448000
067848,臻鼎元富07購01  ,0,0,0,0,0,0,0,0,0,447000,0,0,0,803000,356000,447000,447000
065807,智伸科群益01購01,0,0,0,0,0,0,0,0,0,447000,0,0,0,450000,3000,447000,447000
064835,嘉晶統一02購01  ,0,0,0,0,0,0,0,0,0,446000,0,0,0,736000,290000,446000,446000
07954P,台表科元大9B售02,0,0,0,0,0,0,0,0,0,445000,0,0,0,688000,243000,445000,445000
065690,台苯群益9C購01  ,0,0,0,0,0,0,0,0,0,445000,0,0,0,450000,5000,445000,445000
066131,群光群益02購01  ,0,15000,-15000,0,0,0,0,0,0,460000,0,0,0,685000,225000,460000,445000
067937,玉晶光凱基02購04,0,0,0,0,0,0,0,0,0,444000,0,0,0,491000,47000,444000,444000
053584,友達元大9B購02  ,0,0,0,0,0,0,0,0,0,444000,0,0,0,459000,15000,444000,444000
1477,聚陽            ,756000,186000,570000,0,0,0,21000,28000,-7000,-119000,29000,201000,-172000,64000,11000,53000,444000
08130P,義隆元大9B售05  ,0,0,0,0,0,0,0,0,0,443000,0,0,0,676000,233000,443000,443000
060208,卜蜂康和9A購01  ,0,0,0,0,0,0,0,0,0,442000,0,0,0,467000,25000,442000,442000
066331,東森永豐01購01  ,0,0,0,0,0,0,0,0,0,442000,0,0,0,463000,21000,442000,442000
068476,聯鈞群益01購02  ,0,0,0,0,0,0,0,0,0,441000,0,0,0,450000,9000,441000,441000
068815,精元元大02購01  ,0,0,0,0,0,0,0,0,0,441000,0,0,0,508000,67000,441000,441000
066354,緯穎永豐01購01  ,0,0,0,0,0,0,0,0,0,441000,0,0,0,448000,7000,441000,441000
2929,淘帝-KY         ,882000,457000,425000,0,0,0,0,0,0,16000,0,1000,-1000,17000,0,17000,441000
068841,華通統一02購01  ,0,0,0,0,0,0,0,0,0,440000,0,0,0,468000,28000,440000,440000
057525,光磊元大99購01  ,0,0,0,0,0,0,0,0,0,440000,0,0,0,484000,44000,440000,440000
066783,友達中信01購04  ,0,0,0,0,0,0,0,0,0,439000,0,0,0,541000,102000,439000,439000
066560,聯鈞元大01購04  ,0,0,0,0,0,0,0,0,0,438000,0,0,0,472000,34000,438000,438000
066988,新唐群益02購01  ,0,0,0,0,0,0,0,0,0,438000,0,0,0,468000,30000,438000,438000
064176,京元電國泰01購01,0,0,0,0,0,0,0,0,0,437000,0,0,0,456000,19000,437000,437000
4960,誠美材          ,886000,436000,450000,0,0,0,0,0,0,-14000,0,14000,-14000,0,0,0,436000
068455,聯發科國票03購02,0,0,0,0,0,0,0,0,0,434000,0,0,0,542000,108000,434000,434000
00676R,富邦臺灣加權反1 ,0,0,0,0,0,0,0,0,0,434000,0,0,0,866000,432000,434000,434000
2536,宏普            ,67000,44000,23000,0,0,0,0,0,0,411000,430000,19000,411000,0,0,0,434000
6176,瑞儀            ,1853000,1495000,358000,0,0,0,200000,85000,115000,-40000,1000,46000,-45000,47000,42000,5000,433000
066167,強茂凱基01購01  ,0,0,0,0,0,0,0,0,0,432000,0,0,0,512000,80000,432000,432000
065043,新光金凱基02購01,0,0,0,0,0,0,0,0,0,432000,0,0,0,432000,0,432000,432000
067070,友訊元大01購04  ,0,0,0,0,0,0,0,0,0,430000,0,0,0,461000,31000,430000,430000
061084,京元電兆豐9A購02,0,0,0,0,0,0,0,0,0,428000,0,0,0,431000,3000,428000,428000
1718,中纖            ,1190000,1015000,175000,0,0,0,0,0,0,253000,253000,0,253000,0,0,0,428000
068266,國巨永豐01購02  ,0,0,0,0,0,0,0,0,0,427000,0,0,0,513000,86000,427000,427000
068955,和鑫凱基02購01  ,0,0,0,0,0,0,0,0,0,425000,0,0,0,540000,115000,425000,425000
069108,大立光兆豐03購02,0,0,0,0,0,0,0,0,0,424000,0,0,0,507000,83000,424000,424000
064388,緯穎富邦9C購01  ,0,0,0,0,0,0,0,0,0,422000,0,0,0,1537000,1115000,422000,422000
064760,玉晶光凱基01購02,0,0,0,0,0,0,0,0,0,418000,0,0,0,528000,110000,418000,418000
062655,漢唐永豐9B購01  ,0,0,0,0,0,0,0,0,0,417000,0,0,0,427000,10000,417000,417000
03120P,臺指反元大04售10,0,0,0,0,0,0,0,0,0,416000,0,0,0,416000,0,416000,416000
064981,致伸元大9C購01  ,0,0,0,0,0,0,0,0,0,416000,0,0,0,416000,0,416000,416000
066305,華夏永豐01購01  ,0,0,0,0,0,0,0,0,0,414000,0,0,0,414000,0,414000,414000
066854,樺漢元大01購02  ,0,0,0,0,0,0,0,0,0,414000,0,0,0,624000,210000,414000,414000
067915,宏碁永豐01購01  ,0,0,0,0,0,0,0,0,0,413000,0,0,0,425000,12000,413000,413000
068680,聯陽國泰03購01  ,0,0,0,0,0,0,0,0,0,412000,0,0,0,897000,485000,412000,412000
062817,富邦金兆豐9B購01,0,0,0,0,0,0,0,0,0,412000,0,0,0,480000,68000,412000,412000
066812,志超凱基01購01  ,0,0,0,0,0,0,0,0,0,412000,0,0,0,545000,133000,412000,412000
066141,盛群群益01購01  ,0,0,0,0,0,0,0,0,0,411000,0,0,0,411000,0,411000,411000
3035,智原            ,855000,166000,689000,0,0,0,0,217000,-217000,-61000,8000,3000,5000,11000,77000,-66000,411000
6285,啟碁            ,1211000,1128000,83000,0,0,0,80000,0,80000,246000,81000,29000,52000,195000,1000,194000,409000
068693,台積電凱基02購11,0,0,0,0,0,0,0,0,0,408000,0,0,0,469000,61000,408000,408000
065961,東元元大04購01  ,0,0,0,0,0,0,0,0,0,408000,0,0,0,501000,93000,408000,408000
08866P,旭富元大01售01  ,0,0,0,0,0,0,0,0,0,408000,0,0,0,408000,0,408000,408000
061339,京元電元大9A購05,0,0,0,0,0,0,0,0,0,407000,0,0,0,498000,91000,407000,407000
2484,希華            ,597000,196000,401000,0,0,0,0,0,0,6000,6000,0,6000,0,0,0,407000
067028,上海銀兆豐03購01,0,0,0,0,0,0,0,0,0,406000,0,0,0,468000,62000,406000,406000
065661,智原永豐9C購01  ,0,0,0,0,0,0,0,0,0,405000,0,0,0,412000,7000,405000,405000
2347,聯強            ,3301857,3356800,-54943,0,0,0,0,0,0,459000,109000,83000,26000,449000,16000,433000,404057
067775,GIS統一02購04   ,0,0,0,0,0,0,0,0,0,404000,0,0,0,1853000,1449000,404000,404000
060156,光磊永豐9A購01  ,0,0,0,0,0,0,0,0,0,403000,0,0,0,462000,59000,403000,403000
07113P,台積電兆豐99售03,0,0,0,0,0,0,0,0,0,402000,0,0,0,402000,0,402000,402000
065776,鴻海國泰03購01  ,0,0,0,0,0,0,0,0,0,402000,0,0,0,588000,186000,402000,402000
067146,台達電統一02購01,0,0,0,0,0,0,0,0,0,401000,0,0,0,491000,90000,401000,401000
2634,漢翔            ,607000,237000,370000,0,0,0,1000,0,1000,30000,168000,130000,38000,37000,45000,-8000,401000
057540,緯穎日盛99購01  ,0,0,0,0,0,0,0,0,0,400000,0,0,0,400000,0,400000,400000
066870,宏達電元富01購01,0,0,0,0,0,0,0,0,0,400000,0,0,0,400000,0,400000,400000
053276,友達元大9C購01  ,0,0,0,0,0,0,0,0,0,398000,0,0,0,488000,90000,398000,398000
058701,鴻海元大99購16  ,0,0,0,0,0,0,0,0,0,398000,0,0,0,500000,102000,398000,398000
061170,南茂兆豐9B購01  ,0,0,0,0,0,0,0,0,0,398000,0,0,0,401000,3000,398000,398000
065461,台光電中信9C購01,0,0,0,0,0,0,0,0,0,398000,0,0,0,497000,99000,398000,398000
3059,華晶科          ,523000,137000,386000,0,0,0,0,0,0,12000,12000,0,12000,0,0,0,398000
067302,聯發科元大01購20,0,0,0,0,0,0,0,0,0,397000,0,0,0,675000,278000,397000,397000
2357,華碩            ,1295939,972000,323939,0,0,0,82000,0,82000,-9000,6000,3000,3000,63000,75000,-12000,396939
067726,帆宣凱基01購01  ,0,0,0,0,0,0,0,0,0,393000,0,0,0,475000,82000,393000,393000
2601,益航            ,788000,387000,401000,0,0,0,0,0,0,-8000,0,8000,-8000,0,0,0,393000
08966P,臺指反元大04售07,0,0,0,0,0,0,0,0,0,393000,0,0,0,393000,0,393000,393000
2102,泰豐            ,1010000,1165000,-155000,0,0,0,0,0,0,547000,130000,30000,100000,450000,3000,447000,392000
063480,南六元大9C購01  ,0,0,0,0,0,0,0,0,0,391000,0,0,0,434000,43000,391000,391000
059302,大立光群益99購08,0,0,0,0,0,0,0,0,0,390000,0,0,0,399000,9000,390000,390000
059123,訊芯永豐99購03  ,0,0,0,0,0,0,0,0,0,389000,0,0,0,394000,5000,389000,389000
061673,仁寶元大9B購01  ,0,0,0,0,0,0,0,0,0,389000,0,0,0,408000,19000,389000,389000
063467,大立光元大9C購06,0,0,0,0,0,0,0,0,0,386000,0,0,0,437000,51000,386000,386000
062891,台汽電群益9B購01,0,20000,-20000,0,0,0,0,0,0,406000,0,0,0,416000,10000,406000,386000
063147,東元元富9B購01  ,0,0,0,0,0,0,0,0,0,385000,0,0,0,507000,122000,385000,385000
064040,鴻海統一9C購18  ,0,0,0,0,0,0,0,0,0,385000,0,0,0,395000,10000,385000,385000
066243,潤泰新富邦03購01,0,0,0,0,0,0,0,0,0,385000,0,0,0,1188000,803000,385000,385000
3049,和鑫            ,1188000,778000,410000,0,0,0,0,0,0,-28000,0,8000,-8000,302000,322000,-20000,382000
066965,鴻海元富07購07  ,0,0,0,0,0,0,0,0,0,381000,0,0,0,392000,11000,381000,381000
068340,緯穎元大03購01  ,0,0,0,0,0,0,0,0,0,380000,0,0,0,451000,71000,380000,380000
060286,佳世達元大9C購01,0,0,0,0,0,0,0,0,0,380000,0,0,0,438000,58000,380000,380000
066105,松翰國票01購01  ,0,0,0,0,0,0,0,0,0,379000,0,0,0,555000,176000,379000,379000
065682,健策統一9C購07  ,0,0,0,0,0,0,0,0,0,379000,0,0,0,638000,259000,379000,379000
3443,創意            ,566000,139000,427000,0,0,0,2000,0,2000,-51000,31000,81000,-50000,4000,5000,-1000,378000
9910,豐泰            ,816361,489582,326779,0,0,0,50000,0,50000,1000,1000,0,1000,0,0,0,377779
060288,群光元大9C購01  ,0,0,0,0,0,0,0,0,0,377000,0,0,0,554000,177000,377000,377000
062801,宏達電統一01購01,0,0,0,0,0,0,0,0,0,375000,0,0,0,505000,130000,375000,375000
063155,緯穎元富9B購03  ,0,0,0,0,0,0,0,0,0,374000,0,0,0,416000,42000,374000,374000
3413,京鼎            ,417000,196000,221000,0,0,0,171000,0,171000,-18000,117000,103000,14000,12000,44000,-32000,374000
1304,台聚            ,426000,51000,375000,0,0,0,0,0,0,-1000,0,1000,-1000,0,0,0,374000
066122,卜蜂群益03購01  ,0,0,0,0,0,0,0,0,0,373000,0,0,0,386000,13000,373000,373000
065348,中壽統一9C購02  ,0,0,0,0,0,0,0,0,0,373000,0,0,0,520000,147000,373000,373000
064549,神基凱基9C購01  ,0,0,0,0,0,0,0,0,0,372000,0,0,0,372000,0,372000,372000
053568,智伸科富邦98購01,0,0,0,0,0,0,0,0,0,371000,0,0,0,371000,0,371000,371000
063051,仁寶統一01購01  ,0,0,0,0,0,0,0,0,0,370000,0,0,0,370000,0,370000,370000
061189,可成富邦9B購02  ,0,0,0,0,0,0,0,0,0,370000,0,0,0,420000,50000,370000,370000
062707,致伸元大9B購01  ,0,0,0,0,0,0,0,0,0,369000,0,0,0,390000,21000,369000,369000
07889P,旭富國票9B售01  ,0,20000,-20000,0,0,0,0,0,0,386000,0,0,0,386000,0,386000,366000
062239,台汽電凱基9B購01,0,0,0,0,0,0,0,0,0,363000,0,0,0,363000,0,363000,363000
065256,上銀元大9C購10  ,0,0,0,0,0,0,0,0,0,362000,0,0,0,463000,101000,362000,362000
066350,達麗永豐01購01  ,0,0,0,0,0,0,0,0,0,362000,0,0,0,428000,66000,362000,362000
064500,國泰金元大9C購01,0,0,0,0,0,0,0,0,0,361000,0,0,0,491000,130000,361000,361000
067139,訊連永豐01購01  ,0,0,0,0,0,0,0,0,0,361000,0,0,0,362000,1000,361000,361000
065861,台汽電元大9C購01,0,0,0,0,0,0,0,0,0,360000,0,0,0,362000,2000,360000,360000
053564,台積電富邦99購01,0,0,0,0,0,0,0,0,0,359000,0,0,0,364000,5000,359000,359000
066153,南帝康和01購01  ,0,0,0,0,0,0,0,0,0,359000,0,0,0,385000,26000,359000,359000
068524,友達元富07購01  ,0,0,0,0,0,0,0,0,0,358000,0,0,0,361000,3000,358000,358000
058053,上銀統一9B購01  ,0,0,0,0,0,0,0,0,0,358000,0,0,0,408000,50000,358000,358000
066719,滬深2X元大01購06,0,0,0,0,0,0,0,0,0,358000,0,0,0,515000,157000,358000,358000
059080,亞泥元大99購01  ,0,0,0,0,0,0,0,0,0,356000,0,0,0,376000,20000,356000,356000
067306,奇鋐元大01購02  ,0,0,0,0,0,0,0,0,0,356000,0,0,0,433000,77000,356000,356000
058012,鈺齊國票99購01  ,0,0,0,0,0,0,0,0,0,354000,0,0,0,374000,20000,354000,354000
062265,南茂元大9B購01  ,0,0,0,0,0,0,0,0,0,354000,0,0,0,375000,21000,354000,354000
065049,世芯凱基02購01  ,0,0,0,0,0,0,0,0,0,354000,0,0,0,397000,43000,354000,354000
067331,友訊凱基01購02  ,0,0,0,0,0,0,0,0,0,353000,0,0,0,358000,5000,353000,353000
067183,友訊凱基02購01  ,0,0,0,0,0,0,0,0,0,353000,0,0,0,353000,0,353000,353000
9802,鈺齊-KY         ,197000,527000,-330000,0,0,0,786000,0,786000,-103000,20000,1000,19000,13000,135000,-122000,353000
2392,正崴            ,994000,650000,344000,0,0,0,0,0,0,8000,19000,8000,11000,7000,10000,-3000,352000
066615,長榮航康和01購01,0,0,0,0,0,0,0,0,0,351000,0,0,0,451000,100000,351000,351000
07841P,臻鼎元大9A售04  ,0,0,0,0,0,0,0,0,0,350000,0,0,0,350000,0,350000,350000
065020,友達富邦01購02  ,0,0,0,0,0,0,0,0,0,350000,0,0,0,350000,0,350000,350000
1519,華城            ,774000,358000,416000,0,0,0,0,0,0,-66000,0,0,0,0,66000,-66000,350000
6456,GIS-KY          ,2098000,1804000,294000,0,0,0,43000,0,43000,13000,10000,8000,2000,189000,178000,11000,350000
068895,京元電元大02購02,0,0,0,0,0,0,0,0,0,349000,0,0,0,399000,50000,349000,349000
066651,創意康和01購04  ,0,0,0,0,0,0,0,0,0,348000,0,0,0,363000,15000,348000,348000
2015,豐興            ,429000,81000,348000,0,0,0,0,0,0,0,0,0,0,0,0,0,348000
068860,聯發科元富08購01,0,0,0,0,0,0,0,0,0,347000,0,0,0,352000,5000,347000,347000
069186,健策麥證02購03  ,0,0,0,362000,5000,357000,0,0,0,347000,0,0,0,362000,15000,347000,347000
3044,健鼎            ,2866000,2436440,429560,0,0,0,0,0,0,-83000,128000,222000,-94000,46000,35000,11000,346560
065267,聯鈞元大9C購02  ,0,0,0,0,0,0,0,0,0,346000,0,0,0,442000,96000,346000,346000
065019,華邦電富邦9C購01,0,0,0,0,0,0,0,0,0,345000,0,0,0,352000,7000,345000,345000
065098,致伸元大9C購02  ,0,0,0,0,0,0,0,0,0,345000,0,0,0,401000,56000,345000,345000
064628,南六元大9C購05  ,0,0,0,0,0,0,0,0,0,344000,0,0,0,375000,31000,344000,344000
064935,寶成統一02購02  ,0,0,0,0,0,0,0,0,0,344000,0,0,0,484000,140000,344000,344000
060435,鈺齊永豐9A購01  ,0,0,0,0,0,0,0,0,0,343000,0,0,0,500000,157000,343000,343000
051266,國巨富邦99購01  ,0,0,0,0,0,0,0,0,0,343000,0,0,0,343000,0,343000,343000
6416,瑞祺電通        ,263000,134000,129000,0,0,0,50000,0,50000,164000,29000,52000,-23000,199000,12000,187000,343000
068415,台積電中信07購04,0,0,0,0,0,0,0,0,0,342000,0,0,0,389000,47000,342000,342000
067592,信錦凱基01購01  ,0,0,0,0,0,0,0,0,0,342000,0,0,0,362000,20000,342000,342000
056266,開發金統一9A購01,0,0,0,0,0,0,0,0,0,342000,0,0,0,342000,0,342000,342000
065371,漢唐元大01購01  ,0,0,0,0,0,0,0,0,0,341000,0,0,0,678000,337000,341000,341000
068665,聯電統一02購02  ,0,0,0,0,0,0,0,0,0,340000,0,0,0,1008000,668000,340000,340000
068700,瑞儀凱基03購01  ,0,0,0,0,0,0,0,0,0,340000,0,0,0,360000,20000,340000,340000
05644P,大立光中信9A售03,0,0,0,0,0,0,0,0,0,340000,0,0,0,361000,21000,340000,340000
067270,精成科永豐01購01,0,0,0,0,0,0,0,0,0,340000,0,0,0,479000,139000,340000,340000
03089P,華擎元大01售07  ,0,0,0,0,0,0,0,0,0,339000,0,0,0,366000,27000,339000,339000
065404,玉晶光國泰02購03,0,0,0,0,0,0,0,0,0,339000,0,0,0,967000,628000,339000,339000
9907,統一實          ,977000,660000,317000,0,0,0,0,0,0,22000,22000,0,22000,0,0,0,339000
2023,燁輝            ,355000,45000,310000,0,0,0,0,0,0,29000,29000,0,29000,0,0,0,339000
065978,臻鼎元大02購01  ,0,0,0,0,0,0,0,0,0,338000,0,0,0,415000,77000,338000,338000
067300,金像電元大02購02,0,0,0,0,0,0,0,0,0,338000,0,0,0,439000,101000,338000,338000
067963,宏碁群益02購01  ,0,0,0,0,0,0,0,0,0,337000,0,0,0,659000,322000,337000,337000
066575,緯穎元大01購03  ,0,0,0,0,0,0,0,0,0,337000,0,0,0,417000,80000,337000,337000
066095,友訊中信05購01  ,0,0,0,0,0,0,0,0,0,337000,0,0,0,398000,61000,337000,337000
3029,零壹            ,615000,289000,326000,0,0,0,0,0,0,11000,11000,0,11000,0,0,0,337000
067926,嘉晶兆豐01購02  ,0,0,0,0,0,0,0,0,0,336000,0,0,0,348000,12000,336000,336000
1590,亞德客-KY       ,741019,391276,349743,0,0,0,53000,78000,-25000,11000,1000,0,1000,19000,9000,10000,335743
060100,新光金元大9C購01,0,0,0,0,0,0,0,0,0,333000,0,0,0,343000,10000,333000,333000
058409,鴻海兆豐99購05  ,0,0,0,0,0,0,0,0,0,333000,0,0,0,333000,0,333000,333000
068642,帆宣凱基03購01  ,0,0,0,0,0,0,0,0,0,332000,0,0,0,358000,26000,332000,332000
058727,嘉晶富邦9A購01  ,0,0,0,0,0,0,0,0,0,332000,0,0,0,340000,8000,332000,332000
064521,群創群益02購01  ,0,0,0,0,0,0,0,0,0,332000,0,0,0,332000,0,332000,332000
08880P,全新凱基01售02  ,0,0,0,0,0,0,0,0,0,332000,0,0,0,336000,4000,332000,332000
058706,聯鈞元大9C購01  ,0,0,0,0,0,0,0,0,0,330000,0,0,0,345000,15000,330000,330000
060309,佳世達永豐9A購01,0,0,0,0,0,0,0,0,0,330000,0,0,0,335000,5000,330000,330000
063273,緯穎兆豐9C購01  ,0,0,0,0,0,0,0,0,0,330000,0,0,0,471000,141000,330000,330000
067242,景碩群益01購03  ,0,0,0,0,0,0,0,0,0,330000,0,0,0,632000,302000,330000,330000
062129,世紀鋼統一02購01,0,0,0,0,0,0,0,0,0,329000,0,0,0,334000,5000,329000,329000
069033,友達統一04購01  ,0,0,0,0,0,0,0,0,0,327000,0,0,0,437000,110000,327000,327000
058156,超眾統一9A購02  ,0,0,0,0,0,0,0,0,0,327000,0,0,0,350000,23000,327000,327000
066957,健策元大01購06  ,0,0,0,0,0,0,0,0,0,327000,0,0,0,430000,103000,327000,327000
058366,元大金凱基99購01,0,0,0,0,0,0,0,0,0,326000,0,0,0,338000,12000,326000,326000
062850,友訊永豐9B購01  ,0,0,0,0,0,0,0,0,0,326000,0,0,0,335000,9000,326000,326000
067258,盛群國票01購01  ,0,0,0,0,0,0,0,0,0,325000,0,0,0,382000,57000,325000,325000
066630,東森凱基01購01  ,0,0,0,0,0,0,0,0,0,325000,0,0,0,325000,0,325000,325000
066006,大立光統一01購07,0,0,0,0,0,0,0,0,0,325000,0,0,0,515000,190000,325000,325000
068361,惠特凱基03購01  ,0,0,0,0,0,0,0,0,0,323000,0,0,0,327000,4000,323000,323000
067243,華擎群益01購04  ,0,0,0,0,0,0,0,0,0,323000,0,0,0,323000,0,323000,323000
060990,新光金元大9B購03,0,0,0,0,0,0,0,0,0,320000,0,0,0,320000,0,320000,320000
067290,金像電兆豐03購01,0,0,0,0,0,0,0,0,0,320000,0,0,0,320000,0,320000,320000
066306,亞聚永豐01購01  ,0,0,0,0,0,0,0,0,0,320000,0,0,0,320000,0,320000,320000
066159,寶成康和01購01  ,0,0,0,0,0,0,0,0,0,320000,0,0,0,342000,22000,320000,320000
064987,勤誠元大9C購02  ,0,0,0,0,0,0,0,0,0,320000,0,0,0,320000,0,320000,320000
058299,同欣電凱基9A購01,0,0,0,0,0,0,0,0,0,319000,0,0,0,331000,12000,319000,319000
064256,玉晶光國泰02購02,0,0,0,0,0,0,0,0,0,319000,0,0,0,467000,148000,319000,319000
066994,聯發科國泰03購02,0,0,0,0,0,0,0,0,0,319000,0,0,0,860000,541000,319000,319000
057581,元大金中信9A購01,0,0,0,0,0,0,0,0,0,318000,0,0,0,491000,173000,318000,318000
063304,大立光凱基01購02,0,0,0,0,0,0,0,0,0,318000,0,0,0,322000,4000,318000,318000
066996,拓凱國泰03購02  ,0,0,0,0,0,0,0,0,0,318000,0,0,0,359000,41000,318000,318000
066432,南六元大01購02  ,0,0,0,0,0,0,0,0,0,318000,0,0,0,321000,3000,318000,318000
08720P,台光電元大01售03,0,0,0,0,0,0,0,0,0,317000,0,0,0,317000,0,317000,317000
068085,寶成凱基02購01  ,0,0,0,0,0,0,0,0,0,316000,0,0,0,319000,3000,316000,316000
067621,友達國泰02購01  ,0,0,0,0,0,0,0,0,0,316000,0,0,0,537000,221000,316000,316000
054819,裕民元大9A購01  ,0,0,0,0,0,0,0,0,0,316000,0,0,0,710000,394000,316000,316000
060284,南港元大01購01  ,0,0,0,0,0,0,0,0,0,315000,0,0,0,706000,391000,315000,315000
063852,瀚宇博元大9C購01,0,0,0,0,0,0,0,0,0,315000,0,0,0,320000,5000,315000,315000
053827,漢唐麥證9A購01  ,0,0,0,394000,80000,314000,0,0,0,314000,0,0,0,394000,80000,314000,314000
1714,和桐            ,678000,364000,314000,0,0,0,0,0,0,0,0,0,0,0,0,0,314000
065964,鴻海元大02購01  ,0,0,0,0,0,0,0,0,0,312000,0,0,0,322000,10000,312000,312000
1319,東陽            ,414000,134000,280000,0,0,0,0,0,0,32000,34000,2000,32000,0,0,0,312000
060540,南亞凱基9A購01  ,0,0,0,0,0,0,0,0,0,311000,0,0,0,346000,35000,311000,311000
064476,金像電國泰02購01,0,0,0,0,0,0,0,0,0,311000,0,0,0,438000,127000,311000,311000
065749,友訊元大9C購03  ,0,0,0,0,0,0,0,0,0,311000,0,0,0,327000,16000,311000,311000
067239,聯陽群益01購01  ,0,0,0,0,0,0,0,0,0,311000,0,0,0,383000,72000,311000,311000
067526,深中小群益02購01,0,0,0,0,0,0,0,0,0,311000,0,0,0,461000,150000,311000,311000
062658,聯茂第一9B購01  ,0,0,0,0,0,0,0,0,0,310000,0,0,0,310000,0,310000,310000
067366,巨大群益01購01  ,0,0,0,0,0,0,0,0,0,310000,0,0,0,310000,0,310000,310000
064988,志超元大9C購01  ,0,0,0,0,0,0,0,0,0,310000,0,0,0,588000,278000,310000,310000
00701,國泰股利精選30  ,0,0,0,0,0,0,0,0,0,309700,2000,0,2000,713000,405300,307700,309700
064846,旺宏元富03購01  ,0,0,0,0,0,0,0,0,0,309000,0,0,0,412000,103000,309000,309000
066163,友訊凱基01購01  ,0,0,0,0,0,0,0,0,0,308000,0,0,0,308000,0,308000,308000
064768,仁寶中信03購01  ,0,0,0,0,0,0,0,0,0,307000,0,0,0,382000,75000,307000,307000
065847,嘉晶元大9C購03  ,0,0,0,0,0,0,0,0,0,307000,0,0,0,428000,121000,307000,307000
065315,玉晶光中信03購02,0,0,0,0,0,0,0,0,0,307000,0,0,0,1062000,755000,307000,307000
6214,精誠            ,479000,47000,432000,0,0,0,0,0,0,-125000,10000,135000,-125000,0,0,0,307000
066536,漢唐兆豐03購01  ,0,0,0,0,0,0,0,0,0,306000,0,0,0,406000,100000,306000,306000
068059,宏碁中信03購01  ,0,0,0,0,0,0,0,0,0,305000,0,0,0,310000,5000,305000,305000
056911,緯穎元大99購01  ,0,0,0,0,0,0,0,0,0,305000,0,0,0,316000,11000,305000,305000
03218P,聯電康和02售02  ,0,0,0,0,0,0,0,0,0,305000,0,0,0,391000,86000,305000,305000
064765,緯穎凱基9C購02  ,0,0,0,0,0,0,0,0,0,305000,0,0,0,315000,10000,305000,305000
067333,凌陽凱基02購01  ,0,0,0,0,0,0,0,0,0,305000,0,0,0,377000,72000,305000,305000
067438,緯穎凱基01購03  ,0,0,0,0,0,0,0,0,0,304000,0,0,0,334000,30000,304000,304000
3673,TPK-KY          ,1566000,1281000,285000,0,0,0,0,0,0,19000,149000,119000,30000,50000,61000,-11000,304000
066254,南帝元大01購01  ,0,0,0,0,0,0,0,0,0,303000,0,0,0,330000,27000,303000,303000
068578,帆宣國泰03購01  ,0,0,0,0,0,0,0,0,0,302000,0,0,0,303000,1000,302000,302000
08405P,聯發科元大9C售11,0,0,0,0,0,0,0,0,0,302000,0,0,0,312000,10000,302000,302000
00646,元大S&P500      ,0,2000,-2000,0,0,0,0,0,0,304000,0,0,0,309000,5000,304000,302000
061680,崇越元大9A購01  ,0,0,0,0,0,0,0,0,0,302000,0,0,0,302000,0,302000,302000
06552P,茂林元大99售02  ,0,0,0,0,0,0,0,0,0,302000,0,0,0,302000,0,302000,302000
060326,群光群益9A購01  ,0,0,0,0,0,0,0,0,0,301000,0,0,0,301000,0,301000,301000
067045,聯發科凱基02購05,0,0,0,0,0,0,0,0,0,301000,0,0,0,302000,1000,301000,301000
067599,台積電凱基01購14,0,0,0,0,0,0,0,0,0,300000,0,0,0,305000,5000,300000,300000
057799,世紀鋼兆豐98購01,0,0,0,0,0,0,0,0,0,300000,0,0,0,300000,0,300000,300000
057186,群創元大99購04  ,0,0,0,0,0,0,0,0,0,300000,0,0,0,300000,0,300000,300000
056410,康控國票99購01  ,0,0,0,0,0,0,0,0,0,300000,0,0,0,300000,0,300000,300000
062002,鴻海國泰01購01  ,0,0,0,0,0,0,0,0,0,300000,0,0,0,315000,15000,300000,300000
063067,緯穎麥證9B購01  ,0,0,0,300000,0,300000,0,0,0,300000,0,0,0,300000,0,300000,300000
067110,德律群益01購01  ,0,0,0,0,0,0,0,0,0,300000,0,0,0,300000,0,300000,300000
066668,揚明光凱基01購01,0,0,0,0,0,0,0,0,0,300000,0,0,0,300000,0,300000,300000
065872,漢翔群益9C購01  ,0,0,0,0,0,0,0,0,0,300000,0,0,0,323000,23000,300000,300000
068156,新光金元大02購01,0,0,0,0,0,0,0,0,0,298000,0,0,0,318000,20000,298000,298000
065721,中壽兆豐9C購01  ,0,0,0,0,0,0,0,0,0,298000,0,0,0,328000,30000,298000,298000
065351,中租統一02購02  ,0,0,0,0,0,0,0,0,0,298000,0,0,0,909000,611000,298000,298000
067957,玉晶光永豐01購09,0,0,0,0,0,0,0,0,0,297000,0,0,0,302000,5000,297000,297000
07868P,健策元大9B售05  ,0,0,0,0,0,0,0,0,0,297000,0,0,0,300000,3000,297000,297000
064888,景碩中信9C購01  ,0,0,0,0,0,0,0,0,0,297000,0,0,0,332000,35000,297000,297000
065981,超眾元大02購01  ,0,0,0,0,0,0,0,0,0,297000,0,0,0,310000,13000,297000,297000
066091,南電永豐01購01  ,0,0,0,0,0,0,0,0,0,296000,0,0,0,383000,87000,296000,296000
066055,聯鈞元大01購01  ,0,0,0,0,0,0,0,0,0,296000,0,0,0,303000,7000,296000,296000
066208,聯鈞統一02購01  ,0,0,0,0,0,0,0,0,0,296000,0,0,0,346000,50000,296000,296000
065245,國泰金兆豐9C購01,0,0,0,0,0,0,0,0,0,296000,0,0,0,470000,174000,296000,296000
062404,新唐永豐9B購01  ,0,0,0,0,0,0,0,0,0,295000,0,0,0,445000,150000,295000,295000
08742P,友達凱基01售02  ,0,0,0,0,0,0,0,0,0,294000,0,0,0,314000,20000,294000,294000
064670,智伸科元大9C購01,0,0,0,0,0,0,0,0,0,294000,0,0,0,294000,0,294000,294000
061348,聯鈞元大9A購05  ,0,0,0,0,0,0,0,0,0,294000,0,0,0,301000,7000,294000,294000
062047,緯穎凱基9B購01  ,0,0,0,0,0,0,0,0,0,294000,0,0,0,329000,35000,294000,294000
064848,金像電元富9C購02,0,0,0,0,0,0,0,0,0,292000,0,0,0,441000,149000,292000,292000
068639,神基凱基03購01  ,0,0,0,0,0,0,0,0,0,291000,0,0,0,291000,0,291000,291000
060712,建準永豐9A購01  ,0,0,0,0,0,0,0,0,0,290000,0,0,0,290000,0,290000,290000
062422,億光統一01購01  ,0,0,0,0,0,0,0,0,0,290000,0,0,0,299000,9000,290000,290000
062489,可成永豐9B購02  ,0,0,0,0,0,0,0,0,0,290000,0,0,0,300000,10000,290000,290000
063128,智伸科元大9B購01,0,0,0,0,0,0,0,0,0,290000,0,0,0,290000,0,290000,290000
066838,致新群益02購02  ,0,0,0,0,0,0,0,0,0,289000,0,0,0,322000,33000,289000,289000
067810,聯發科凱基02購06,0,0,0,0,0,0,0,0,0,287000,0,0,0,374000,87000,287000,287000
068709,上緯控國票03購01,0,0,0,0,0,0,0,0,0,286000,0,0,0,297000,11000,286000,286000
063894,漢唐群益9C購01  ,0,0,0,0,0,0,0,0,0,286000,0,0,0,306000,20000,286000,286000
067319,眾達元大01購02  ,0,0,0,0,0,0,0,0,0,286000,0,0,0,299000,13000,286000,286000
07709P,創意元大9A售01  ,0,0,0,0,0,0,0,0,0,285000,0,0,0,345000,60000,285000,285000
060861,漢唐永豐9A購01  ,0,0,0,0,0,0,0,0,0,285000,0,0,0,326000,41000,285000,285000
067520,健策元富01購03  ,0,0,0,0,0,0,0,0,0,284000,0,0,0,388000,104000,284000,284000
067214,聯陽元大01購02  ,0,0,0,0,0,0,0,0,0,283000,0,0,0,623000,340000,283000,283000
065274,南茂元大9C購03  ,0,0,0,0,0,0,0,0,0,283000,0,0,0,321000,38000,283000,283000
065499,京元電富邦01購01,0,0,0,0,0,0,0,0,0,283000,0,0,0,432000,149000,283000,283000
069038,聯鈞統一02購02  ,0,0,0,0,0,0,0,0,0,282000,0,0,0,350000,68000,282000,282000
068408,緯穎元富01購02  ,0,0,0,0,0,0,0,0,0,282000,0,0,0,388000,106000,282000,282000
063666,京元電統一9C購01,0,0,0,0,0,0,0,0,0,282000,0,0,0,282000,0,282000,282000
067875,百和元大01購01  ,0,0,0,0,0,0,0,0,0,281000,0,0,0,747000,466000,281000,281000
063573,茂林元大9B購06  ,0,0,0,0,0,0,0,0,0,281000,0,0,0,281000,0,281000,281000
1310,台苯            ,298000,140000,158000,0,0,0,0,0,0,122000,12000,0,12000,110000,0,110000,280000
063617,鴻海兆豐01購01  ,0,0,0,0,0,0,0,0,0,279000,0,0,0,299000,20000,279000,279000
061122,敬鵬永豐9A購01  ,0,0,0,0,0,0,0,0,0,279000,0,0,0,279000,0,279000,279000
066204,京鼎統一02購01  ,0,0,0,0,0,0,0,0,0,279000,0,0,0,341000,62000,279000,279000
065672,嘉晶凱基01購01  ,0,0,0,0,0,0,0,0,0,279000,0,0,0,336000,57000,279000,279000
063874,志超永豐9C購01  ,0,0,0,0,0,0,0,0,0,278000,0,0,0,394000,116000,278000,278000
06716P,台積電元大9A售02,0,0,0,0,0,0,0,0,0,278000,0,0,0,283000,5000,278000,278000
066353,台塑化永豐01購01,0,0,0,0,0,0,0,0,0,278000,0,0,0,278000,0,278000,278000
068288,長榮航群益01購02,0,0,0,0,0,0,0,0,0,277000,0,0,0,277000,0,277000,277000
066589,英業達群益01購01,0,0,0,0,0,0,0,0,0,277000,0,0,0,402000,125000,277000,277000
065953,宏達電統一03購01,0,0,0,0,0,0,0,0,0,277000,0,0,0,340000,63000,277000,277000
07670P,茂林元大9A售02  ,0,0,0,0,0,0,0,0,0,276000,0,0,0,291000,15000,276000,276000
063624,GIS兆豐9B購01   ,0,0,0,0,0,0,0,0,0,276000,0,0,0,287000,11000,276000,276000
064279,新光金元大01購01,0,0,0,0,0,0,0,0,0,276000,0,0,0,297000,21000,276000,276000
066549,京元電元大01購03,0,0,0,0,0,0,0,0,0,276000,0,0,0,377000,101000,276000,276000
03193P,台積電國泰03售06,0,0,0,0,0,0,0,0,0,275000,0,0,0,931000,656000,275000,275000
03303P,義隆元富02售01  ,0,0,0,0,0,0,0,0,0,275000,0,0,0,664000,389000,275000,275000
08691P,鎧勝中信05售02  ,0,0,0,0,0,0,0,0,0,274000,0,0,0,410000,136000,274000,274000
063088,緯穎凱基9B購04  ,0,0,0,0,0,0,0,0,0,274000,0,0,0,294000,20000,274000,274000
061900,志超永豐9B購01  ,0,0,0,0,0,0,0,0,0,273000,0,0,0,273000,0,273000,273000
064791,友達國票9C購01  ,0,0,0,0,0,0,0,0,0,273000,0,0,0,273000,0,273000,273000
1907,永豐餘          ,586000,312000,274000,0,0,0,0,0,0,-1000,0,1000,-1000,0,0,0,273000
08802P,聯發科元大01售14,0,0,0,0,0,0,0,0,0,272000,0,0,0,304000,32000,272000,272000
065614,緯穎元大01購02  ,0,0,0,0,0,0,0,0,0,271000,0,0,0,310000,39000,271000,271000
1102,亞泥            ,1442894,1268553,174341,0,0,0,53000,0,53000,43000,5000,24000,-19000,87000,25000,62000,270341
08443P,臺股指麥證01售02,0,0,0,615000,345000,270000,0,0,0,270000,0,0,0,615000,345000,270000,270000
08557P,臺股指中信01售09,0,0,0,0,0,0,0,0,0,270000,0,0,0,300000,30000,270000,270000
068360,緯穎凱基01購05  ,0,0,0,0,0,0,0,0,0,270000,0,0,0,436000,166000,270000,270000
067688,南六元大01購06  ,0,0,0,0,0,0,0,0,0,270000,0,0,0,320000,50000,270000,270000
06721P,臺股指中信9A售03,0,0,0,0,0,0,0,0,0,270000,0,0,0,335000,65000,270000,270000
064804,英業達元大9C購01,0,0,0,0,0,0,0,0,0,269000,0,0,0,506000,237000,269000,269000
062172,南六永豐9B購01  ,0,0,0,0,0,0,0,0,0,269000,0,0,0,269000,0,269000,269000
066661,友達凱基03購01  ,0,0,0,0,0,0,0,0,0,269000,0,0,0,269000,0,269000,269000
067787,致伸群益03購01  ,0,0,0,0,0,0,0,0,0,268000,0,0,0,324000,56000,268000,268000
067993,宏碁元大01購02  ,0,0,0,0,0,0,0,0,0,268000,0,0,0,836000,568000,268000,268000
08561P,台表科國票01售02,0,0,0,0,0,0,0,0,0,268000,0,0,0,268000,0,268000,268000
063473,茂林元大9B購05  ,0,0,0,0,0,0,0,0,0,268000,0,0,0,268000,0,268000,268000
067308,欣興元大01購03  ,0,0,0,0,0,0,0,0,0,267000,0,0,0,364000,97000,267000,267000
066170,聯陽凱基01購01  ,0,0,0,0,0,0,0,0,0,267000,0,0,0,291000,24000,267000,267000
068603,京元電凱基03購01,0,0,0,0,0,0,0,0,0,266000,0,0,0,291000,25000,266000,266000
068736,南電元大02購02  ,0,0,0,0,0,0,0,0,0,265000,0,0,0,351000,86000,265000,265000
068419,聯發科兆豐03購02,0,0,0,0,0,0,0,0,0,265000,0,0,0,280000,15000,265000,265000
068495,新光金元大04購01,0,0,0,0,0,0,0,0,0,265000,0,0,0,285000,20000,265000,265000
064048,大立光統一9C購07,0,0,0,0,0,0,0,0,0,265000,0,0,0,653000,388000,265000,265000
065726,京元電凱基9C購02,0,0,0,0,0,0,0,0,0,264000,0,0,0,294000,30000,264000,264000
08836P,滬深2X國票02售04,0,0,0,0,0,0,0,0,0,264000,0,0,0,299000,35000,264000,264000
067946,聯發科國泰03購04,0,0,0,0,0,0,0,0,0,263000,0,0,0,330000,67000,263000,263000
069138,佳世達永豐02購01,0,0,0,0,0,0,0,0,0,263000,0,0,0,263000,0,263000,263000
068637,長榮航凱基03購01,0,0,0,0,0,0,0,0,0,261000,0,0,0,302000,41000,261000,261000
065571,神基群益01購01  ,0,0,0,0,0,0,0,0,0,261000,0,0,0,271000,10000,261000,261000
065382,緯穎元大9C購04  ,0,0,0,0,0,0,0,0,0,261000,0,0,0,312000,51000,261000,261000
08520P,和大元大9C售04  ,0,0,0,0,0,0,0,0,0,260000,0,0,0,260000,0,260000,260000
054740,強茂凱基99購01  ,0,0,0,0,0,0,0,0,0,260000,0,0,0,260000,0,260000,260000
059365,T50反1台新99購01,0,0,0,0,0,0,0,0,0,260000,0,0,0,260000,0,260000,260000
064393,友訊永豐9C購01  ,0,0,0,0,0,0,0,0,0,260000,0,0,0,282000,22000,260000,260000
066664,嘉晶凱基02購01  ,0,0,0,0,0,0,0,0,0,260000,0,0,0,351000,91000,260000,260000
08645P,臺股指中信03售01,0,0,0,0,0,0,0,0,0,259000,0,0,0,320000,61000,259000,259000
066318,友訊永豐01購01  ,0,0,0,0,0,0,0,0,0,259000,0,0,0,259000,0,259000,259000
066272,聯陽元大01購01  ,0,0,0,0,0,0,0,0,0,258000,0,0,0,258000,0,258000,258000
066280,眾達元大01購01  ,0,0,0,0,0,0,0,0,0,258000,0,0,0,412000,154000,258000,258000
1536,和大            ,282000,256000,26000,0,0,0,150000,3000,147000,85000,37000,0,37000,63000,15000,48000,258000
006206,元大上證50      ,209000,28000,181000,0,0,0,0,0,0,76000,0,0,0,893000,817000,76000,257000
08822P,聯發科凱基01售12,0,0,0,0,0,0,0,0,0,257000,0,0,0,564000,307000,257000,257000
3437,榮創            ,574000,314000,260000,0,0,0,0,0,0,-3000,0,3000,-3000,0,0,0,257000
068571,帆宣元大01購06  ,0,0,0,0,0,0,0,0,0,256000,0,0,0,316000,60000,256000,256000
068060,聯發科中信04購01,0,0,0,0,0,0,0,0,0,256000,0,0,0,572000,316000,256000,256000
066494,旺宏國泰03購01  ,0,0,0,0,0,0,0,0,0,256000,0,0,0,390000,134000,256000,256000
08754P,臺股指群益01售04,0,0,0,0,0,0,0,0,0,255000,0,0,0,255000,0,255000,255000
064291,南六元大9C購04  ,0,0,0,0,0,0,0,0,0,255000,0,0,0,417000,162000,255000,255000
066129,佳世達群益01購01,0,0,0,0,0,0,0,0,0,255000,0,0,0,291000,36000,255000,255000
03234P,技嘉元大02售01  ,0,0,0,0,0,0,0,0,0,254000,0,0,0,374000,120000,254000,254000
063534,鴻海統一9B購07  ,0,0,0,0,0,0,0,0,0,254000,0,0,0,389000,135000,254000,254000
060423,智易永豐9A購01  ,0,0,0,0,0,0,0,0,0,253000,0,0,0,299000,46000,253000,253000
064429,鴻海凱基03購03  ,0,0,0,0,0,0,0,0,0,253000,0,0,0,313000,60000,253000,253000
061439,寶成凱基9A購01  ,0,0,0,0,0,0,0,0,0,253000,0,0,0,286000,33000,253000,253000
066238,聯鈞富邦03購01  ,0,0,0,0,0,0,0,0,0,253000,0,0,0,253000,0,253000,253000
066616,創意康和01購01  ,0,0,0,0,0,0,0,0,0,253000,0,0,0,304000,51000,253000,253000
066848,健策元大01購05  ,0,0,0,0,0,0,0,0,0,253000,0,0,0,274000,21000,253000,253000
068520,彩晶統一03購02  ,0,0,0,0,0,0,0,0,0,252000,0,0,0,349000,97000,252000,252000
068738,寶成元大02購01  ,0,0,0,0,0,0,0,0,0,252000,0,0,0,265000,13000,252000,252000
057016,中石化凱基9B購01,0,0,0,0,0,0,0,0,0,252000,0,0,0,315000,63000,252000,252000
064782,健策群益9C購02  ,0,0,0,0,0,0,0,0,0,252000,0,0,0,291000,39000,252000,252000
067496,拓凱元大01購02  ,0,0,0,0,0,0,0,0,0,251000,0,0,0,370000,119000,251000,251000
066175,聯鈞凱基01購01  ,0,0,0,0,0,0,0,0,0,251000,0,0,0,252000,1000,251000,251000
066096,友訊中信05購02  ,0,0,0,0,0,0,0,0,0,251000,0,0,0,291000,40000,251000,251000
055570,華通統一98購03  ,0,0,0,0,0,0,0,0,0,250000,0,0,0,272000,22000,250000,250000
062710,盛群元大9B購01  ,0,0,0,0,0,0,0,0,0,250000,0,0,0,290000,40000,250000,250000
064059,新日興麥證01購01,0,0,0,300000,50000,250000,0,0,0,250000,0,0,0,300000,50000,250000,250000
066533,南茂元富01購01  ,0,0,0,0,0,0,0,0,0,250000,0,0,0,262000,12000,250000,250000
069162,聯發科元大02購09,0,0,0,0,0,0,0,0,0,248000,0,0,0,267000,19000,248000,248000
03189P,玉晶光元大03售05,0,0,0,0,0,0,0,0,0,248000,0,0,0,412000,164000,248000,248000
064355,南六元大01購01  ,0,0,0,0,0,0,0,0,0,248000,0,0,0,356000,108000,248000,248000
03033P,微星國票03售01  ,0,0,0,0,0,0,0,0,0,247000,0,0,0,327000,80000,247000,247000
066688,台積電元富07購01,0,0,0,0,0,0,0,0,0,247000,0,0,0,309000,62000,247000,247000
067128,華城永豐01購02  ,0,0,0,0,0,0,0,0,0,247000,0,0,0,257000,10000,247000,247000
068986,帆宣元大02購02  ,0,0,0,0,0,0,0,0,0,246000,0,0,0,255000,9000,246000,246000
00674R,元大S&P黃金反1  ,0,0,0,0,0,0,0,0,0,244000,0,0,0,417000,173000,244000,244000
062673,台新金中信03購01,0,0,0,0,0,0,0,0,0,244000,0,0,0,264000,20000,244000,244000
066330,新興永豐01購01  ,0,0,0,0,0,0,0,0,0,244000,0,0,0,386000,142000,244000,244000
08453P,玉晶光台新9C售02,0,0,0,0,0,0,0,0,0,243000,0,0,0,243000,0,243000,243000
067953,京元電永豐01購02,0,0,0,0,0,0,0,0,0,243000,0,0,0,244000,1000,243000,243000
067665,台達電元大01購04,0,0,0,0,0,0,0,0,0,243000,0,0,0,271000,28000,243000,243000
056411,緯穎國票99購01  ,0,0,0,0,0,0,0,0,0,243000,0,0,0,247000,4000,243000,243000
066209,聯鈞統一03購01  ,0,0,0,0,0,0,0,0,0,243000,0,0,0,243000,0,243000,243000
3645,達邁            ,548000,249000,299000,0,0,0,0,0,0,-56000,0,56000,-56000,0,0,0,243000
062022,緯穎永豐9B購01  ,0,0,0,0,0,0,0,0,0,242000,0,0,0,242000,0,242000,242000
060387,盛群凱基9A購01  ,0,0,0,0,0,0,0,0,0,241000,0,0,0,247000,6000,241000,241000
066314,台橡永豐01購01  ,0,0,0,0,0,0,0,0,0,241000,0,0,0,585000,344000,241000,241000
067693,滬深2X中信04購02,0,0,0,0,0,0,0,0,0,240000,0,0,0,300000,60000,240000,240000
063633,金像電元大9B購05,0,0,0,0,0,0,0,0,0,240000,0,0,0,303000,63000,240000,240000
058936,國喬中信99購01  ,0,0,0,0,0,0,0,0,0,240000,0,0,0,348000,108000,240000,240000
064784,祥碩群益9C購01  ,0,0,0,0,0,0,0,0,0,240000,0,0,0,372000,132000,240000,240000
064762,致伸凱基9C購02  ,0,0,0,0,0,0,0,0,0,240000,0,0,0,240000,0,240000,240000
066315,南帝永豐01購01  ,0,0,0,0,0,0,0,0,0,240000,0,0,0,240000,0,240000,240000
066332,慧洋永豐01購01  ,0,0,0,0,0,0,0,0,0,240000,0,0,0,300000,60000,240000,240000
059754,訊芯群益9A購01  ,0,0,0,0,0,0,0,0,0,239000,0,0,0,242000,3000,239000,239000
065880,訊芯群益9C購01  ,0,0,0,0,0,0,0,0,0,239000,0,0,0,896000,657000,239000,239000
1309,台達化          ,1235000,1529000,-294000,0,0,0,0,0,0,533000,533000,0,533000,0,0,0,239000
067761,致伸永豐01購01  ,0,0,0,0,0,0,0,0,0,238000,0,0,0,238000,0,238000,238000
064529,友達中信01購03  ,0,0,0,0,0,0,0,0,0,238000,0,0,0,238000,0,238000,238000
067030,南電兆豐03購01  ,0,0,0,0,0,0,0,0,0,238000,0,0,0,402000,164000,238000,238000
07840P,康控元大9A售02  ,0,0,0,0,0,0,0,0,0,237000,0,0,0,237000,0,237000,237000
057555,玉晶光凱基9A購02,0,0,0,0,0,0,0,0,0,237000,0,0,0,327000,90000,237000,237000
065799,友訊群益01購03  ,0,0,0,0,0,0,0,0,0,237000,0,0,0,279000,42000,237000,237000
057719,欣興元富02購01  ,0,0,0,0,0,0,0,0,0,236000,0,0,0,236000,0,236000,236000
068619,道瓊銀群益02購01,0,0,0,0,0,0,0,0,0,235000,0,0,0,300000,65000,235000,235000
058474,鴻海凱基9A購06  ,0,0,0,0,0,0,0,0,0,235000,0,0,0,270000,35000,235000,235000
067979,寶成群益03購01  ,0,0,0,0,0,0,0,0,0,234000,0,0,0,234000,0,234000,234000
063860,旺宏國泰02購01  ,0,0,0,0,0,0,0,0,0,234000,0,0,0,264000,30000,234000,234000
069158,精元元大02購02  ,0,0,0,0,0,0,0,0,0,233000,0,0,0,478000,245000,233000,233000
063635,漢唐元大9B購04  ,0,0,0,0,0,0,0,0,0,233000,0,0,0,412000,179000,233000,233000
055063,玉晶光永豐99購01,0,0,0,0,0,0,0,0,0,233000,0,0,0,234000,1000,233000,233000
4133,亞諾法          ,216000,9000,207000,0,0,0,0,0,0,26000,0,1000,-1000,27000,0,27000,233000
067716,台船凱基01購01  ,0,0,0,0,0,0,0,0,0,232000,0,0,0,298000,66000,232000,232000
068395,GIS統一03購03   ,0,0,0,0,0,0,0,0,0,232000,0,0,0,232000,0,232000,232000
068262,南電富邦03購01  ,0,0,0,0,0,0,0,0,0,232000,0,0,0,304000,72000,232000,232000
057568,友訊永豐99購01  ,0,0,0,0,0,0,0,0,0,232000,0,0,0,232000,0,232000,232000
057969,緯穎國泰99購01  ,0,0,0,0,0,0,0,0,0,232000,0,0,0,276000,44000,232000,232000
064831,宏達電統一02購01,0,0,0,0,0,0,0,0,0,232000,0,0,0,318000,86000,232000,232000
067865,友達元大01購02  ,0,0,0,0,0,0,0,0,0,231000,0,0,0,250000,19000,231000,231000
067938,玉晶光凱基02購05,0,0,0,0,0,0,0,0,0,231000,0,0,0,232000,1000,231000,231000
065850,緯創元大9C購06  ,0,0,0,0,0,0,0,0,0,231000,0,0,0,231000,0,231000,231000
064970,東元元大9C購01  ,0,0,0,0,0,0,0,0,0,231000,0,0,0,259000,28000,231000,231000
08140P,祥碩元大9B售07  ,0,0,0,0,0,0,0,0,0,230000,0,0,0,340000,110000,230000,230000
057512,華邦電台新98購01,0,0,0,0,0,0,0,0,0,230000,0,0,0,230000,0,230000,230000
055331,國巨兆豐99購01  ,35000,0,35000,0,0,0,0,0,0,195000,0,0,0,230000,35000,195000,230000
065058,東元群益9C購01  ,0,0,0,0,0,0,0,0,0,230000,0,0,0,240000,10000,230000,230000
069044,鴻海元富08購01  ,0,0,0,0,0,0,0,0,0,229000,0,0,0,312000,83000,229000,229000
060946,世紀鋼國票9A購02,0,0,0,0,0,0,0,0,0,229000,0,0,0,389000,160000,229000,229000
4106,雃博            ,442000,207000,235000,0,0,0,0,0,0,-6000,2000,8000,-6000,0,0,0,229000
069058,台積電台新03購03,8000,0,8000,0,0,0,0,0,0,220000,0,0,0,228000,8000,220000,228000
068191,台積電凱基01購21,0,0,0,0,0,0,0,0,0,228000,0,0,0,245000,17000,228000,228000
03167P,友達元富07售02  ,0,0,0,0,0,0,0,0,0,227000,0,0,0,387000,160000,227000,227000
057082,玉晶光統一9A購04,0,0,0,0,0,0,0,0,0,227000,0,0,0,464000,237000,227000,227000
067043,佳世達凱基01購01,0,0,0,0,0,0,0,0,0,227000,0,0,0,227000,0,227000,227000
07986P,大成鋼統一9B售02,0,0,0,0,0,0,0,0,0,226000,0,0,0,226000,0,226000,226000
063374,嘉澤永豐9B購04  ,0,0,0,0,0,0,0,0,0,226000,0,0,0,226000,0,226000,226000
03140P,聯發科凱基01售22,0,0,0,0,0,0,0,0,0,225000,0,0,0,233000,8000,225000,225000
064179,上銀富邦01購01  ,0,0,0,0,0,0,0,0,0,225000,0,0,0,265000,40000,225000,225000
064293,勤誠元大9C購01  ,0,0,0,0,0,0,0,0,0,225000,0,0,0,375000,150000,225000,225000
061818,富邦金群益9C購01,0,0,0,0,0,0,0,0,0,225000,0,0,0,248000,23000,225000,225000
060762,長榮航元大9A購02,0,0,0,0,0,0,0,0,0,225000,0,0,0,225000,0,225000,225000
063390,嘉晶兆豐9B購01  ,0,0,0,0,0,0,0,0,0,224000,0,0,0,559000,335000,224000,224000
066705,聯鈞群益01購01  ,0,0,0,0,0,0,0,0,0,224000,0,0,0,231000,7000,224000,224000
068984,新唐元大02購01  ,0,0,0,0,0,0,0,0,0,223000,0,0,0,353000,130000,223000,223000
068922,TPK元富04購01   ,0,0,0,0,0,0,0,0,0,223000,0,0,0,408000,185000,223000,223000
064243,TPK統一02購02   ,0,0,0,0,0,0,0,0,0,223000,0,0,0,378000,155000,223000,223000
067430,中工凱基05購01  ,0,0,0,0,0,0,0,0,0,223000,0,0,0,360000,137000,223000,223000
3669,圓展            ,242000,1000,241000,0,0,0,0,0,0,-18000,0,18000,-18000,0,0,0,223000
08961P,大毅凱基01售03  ,0,0,0,0,0,0,0,0,0,223000,0,0,0,342000,119000,223000,223000
2472,立隆電          ,380000,171000,209000,0,0,0,0,0,0,14000,15000,1000,14000,0,0,0,223000
03221P,和大凱基02售03  ,0,0,0,0,0,0,0,0,0,222000,0,0,0,222000,0,222000,222000
066126,南港群益01購01  ,0,0,0,0,0,0,0,0,0,222000,0,0,0,309000,87000,222000,222000
069126,世紀鋼群益02購01,0,0,0,0,0,0,0,0,0,221000,0,0,0,294000,73000,221000,221000
067614,台汽電凱基01購01,0,0,0,0,0,0,0,0,0,221000,0,0,0,221000,0,221000,221000
054743,聯鈞凱基99購01  ,0,0,0,0,0,0,0,0,0,221000,0,0,0,221000,0,221000,221000
067127,台虹富邦03購01  ,0,0,0,0,0,0,0,0,0,221000,0,0,0,221000,0,221000,221000
067102,聯發科群益01購03,0,0,0,0,0,0,0,0,0,221000,0,0,0,221000,0,221000,221000
067654,嘉晶元富07購03  ,0,0,0,0,0,0,0,0,0,220000,0,0,0,220000,0,220000,220000
08313P,健策國票01售01  ,0,0,0,0,0,0,0,0,0,220000,0,0,0,474000,254000,220000,220000
060337,FBVIX統一9A購01 ,0,0,0,0,0,0,0,0,0,220000,0,0,0,220000,0,220000,220000
058197,國巨中信99購02  ,0,0,0,0,0,0,0,0,0,220000,0,0,0,220000,0,220000,220000
059959,訊芯康和99購01  ,0,0,0,0,0,0,0,0,0,220000,0,0,0,222000,2000,220000,220000
066809,新唐凱基01購01  ,0,0,0,0,0,0,0,0,0,220000,0,0,0,232000,12000,220000,220000
2208,台船            ,382000,140000,242000,0,0,0,0,0,0,-22000,0,0,0,0,22000,-22000,220000
068422,緯穎兆豐03購02  ,0,0,0,0,0,0,0,0,0,219000,0,0,0,484000,265000,219000,219000
068754,聯發科國泰08購01,0,0,0,0,0,0,0,0,0,219000,0,0,0,449000,230000,219000,219000
055623,貿聯國泰99購01  ,0,0,0,0,0,0,0,0,0,219000,0,0,0,219000,0,219000,219000
066056,聯鈞元大01購02  ,0,0,0,0,0,0,0,0,0,219000,0,0,0,219000,0,219000,219000
065963,鴻海元大01購05  ,0,0,0,0,0,0,0,0,0,219000,0,0,0,219000,0,219000,219000
068887,新唐統一02購01  ,0,0,0,0,0,0,0,0,0,218000,0,0,0,218000,0,218000,218000
061410,緯穎國票9A購03  ,0,0,0,0,0,0,0,0,0,218000,0,0,0,277000,59000,218000,218000
067425,京元電凱基01購01,0,0,0,0,0,0,0,0,0,218000,0,0,0,218000,0,218000,218000
068572,帆宣元大01購07  ,0,0,0,0,0,0,0,0,0,217000,0,0,0,226000,9000,217000,217000
067610,上緯控凱基02購01,0,0,0,0,0,0,0,0,0,217000,0,0,0,262000,45000,217000,217000
061455,京元電凱基9B購01,0,0,0,0,0,0,0,0,0,217000,0,0,0,237000,20000,217000,217000
063781,健策永豐9B購08  ,0,0,0,0,0,0,0,0,0,217000,0,0,0,220000,3000,217000,217000
067305,國產元大01購02  ,0,0,0,0,0,0,0,0,0,217000,0,0,0,679000,462000,217000,217000
066626,盟立凱基01購01  ,0,0,0,0,0,0,0,0,0,217000,0,0,0,227000,10000,217000,217000
065814,健策統一9C購08  ,0,0,0,0,0,0,0,0,0,217000,0,0,0,283000,66000,217000,217000
6141,柏承            ,286000,66000,220000,0,0,0,0,0,0,-3000,0,3000,-3000,0,0,0,217000
067807,京元電凱基01購02,0,0,0,0,0,0,0,0,0,216000,0,0,0,291000,75000,216000,216000
00665L,富邦恒生國企正2 ,7000,14000,-7000,0,0,0,0,0,0,223000,0,0,0,234000,11000,223000,216000
064408,TPK凱基02購01   ,0,0,0,0,0,0,0,0,0,216000,0,0,0,295000,79000,216000,216000
063295,京元電麥證9B購01,0,0,0,313000,91000,222000,0,0,0,216000,0,0,0,313000,97000,216000,216000
068893,友達元大04購01  ,0,0,0,0,0,0,0,0,0,215000,0,0,0,356000,141000,215000,215000
08685P,南電凱基01售03  ,0,0,0,0,0,0,0,0,0,215000,0,0,0,261000,46000,215000,215000
057391,樺漢永豐98購01  ,0,0,0,0,0,0,0,0,0,215000,0,0,0,215000,0,215000,215000
060697,鴻海國泰9C購01  ,0,0,0,0,0,0,0,0,0,215000,0,0,0,695000,480000,215000,215000
060413,東元永豐9A購01  ,0,0,0,0,0,0,0,0,0,215000,0,0,0,237000,22000,215000,215000
065233,TPK凱基01購01   ,0,0,0,0,0,0,0,0,0,215000,0,0,0,291000,76000,215000,215000
066932,京元電國票02購01,0,0,0,0,0,0,0,0,0,215000,0,0,0,215000,0,215000,215000
067939,玉晶光凱基02購06,0,0,0,0,0,0,0,0,0,214000,0,0,0,214000,0,214000,214000
00739,元大MSCI A股    ,5000,0,5000,0,0,0,0,0,0,209000,0,0,0,487000,278000,209000,214000
061724,訊芯永豐9A購01  ,0,0,0,0,0,0,0,0,0,214000,0,0,0,215000,1000,214000,214000
064419,鴻海兆豐9C購01  ,0,0,0,0,0,0,0,0,0,214000,0,0,0,264000,50000,214000,214000
067916,敬鵬永豐01購01  ,0,0,0,0,0,0,0,0,0,213000,0,0,0,275000,62000,213000,213000
067750,鈺齊元大02購01  ,0,40000,-40000,0,0,0,0,0,0,253000,0,0,0,358000,105000,253000,213000
060450,南亞元大9A購02  ,0,0,0,0,0,0,0,0,0,213000,0,0,0,218000,5000,213000,213000
064268,緯穎永豐9C購01  ,0,0,0,0,0,0,0,0,0,213000,0,0,0,235000,22000,213000,213000
066261,華碩元大01購01  ,0,0,0,0,0,0,0,0,0,213000,0,0,0,415000,202000,213000,213000
059293,宏達電元富9B購01,0,0,0,0,0,0,0,0,0,212000,0,0,0,212000,0,212000,212000
059284,緯穎永豐99購03  ,0,0,0,0,0,0,0,0,0,211000,0,0,0,211000,0,211000,211000
060841,宏達電國票9B購01,0,0,0,0,0,0,0,0,0,211000,0,0,0,232000,21000,211000,211000
061244,和碩兆豐9A購01  ,0,0,0,0,0,0,0,0,0,211000,0,0,0,223000,12000,211000,211000
067784,富邦金群益02購01,0,0,0,0,0,0,0,0,0,210000,0,0,0,252000,42000,210000,210000
07777P,創意元大9A售03  ,0,0,0,0,0,0,0,0,0,210000,0,0,0,220000,10000,210000,210000
058728,SP黃豆永豐99購01,0,0,0,0,0,0,0,0,0,210000,0,0,0,210000,0,210000,210000
058398,中環元大99購02  ,0,0,0,0,0,0,0,0,0,210000,0,0,0,210000,0,210000,210000
03005P,旭富群益01售05  ,0,0,0,0,0,0,0,0,0,210000,0,0,0,210000,0,210000,210000
063766,南茂元富9B購01  ,0,0,0,0,0,0,0,0,0,210000,0,0,0,211000,1000,210000,210000
2340,光磊            ,324000,356000,-32000,0,0,0,0,0,0,242000,246000,10000,236000,19000,13000,6000,210000
067949,緯穎國泰03購01  ,0,0,0,0,0,0,0,0,0,209000,0,0,0,633000,424000,209000,209000
068187,南電群益01購02  ,0,0,0,0,0,0,0,0,0,209000,0,0,0,221000,12000,209000,209000
059344,長榮航凱基99購01,0,0,0,0,0,0,0,0,0,209000,0,0,0,220000,11000,209000,209000
057730,聯鈞國泰9A購01  ,0,0,0,0,0,0,0,0,0,209000,0,0,0,213000,4000,209000,209000
066658,卜蜂凱基01購01  ,0,0,0,0,0,0,0,0,0,209000,0,0,0,264000,55000,209000,209000
064568,聯鈞群益9C購01  ,0,0,0,0,0,0,0,0,0,209000,0,0,0,209000,0,209000,209000
061357,寶成元大9A購01  ,0,0,0,0,0,0,0,0,0,208000,0,0,0,240000,32000,208000,208000
064368,日月光統一01購01,0,0,0,0,0,0,0,0,0,207000,0,0,0,383000,176000,207000,207000
065724,國巨凱基9C購11  ,0,0,0,0,0,0,0,0,0,207000,0,0,0,207000,0,207000,207000
065312,日月光國票01購01,0,0,0,0,0,0,0,0,0,206000,0,0,0,510000,304000,206000,206000
064621,大立光元大9C購20,0,0,0,0,0,0,0,0,0,205000,0,0,0,205000,0,205000,205000
066121,道瓊反群益04購01,0,0,0,0,0,0,0,0,0,205000,0,0,0,205000,0,205000,205000
065232,健策凱基02購01  ,0,0,0,0,0,0,0,0,0,204000,0,0,0,243000,39000,204000,204000
058841,深中小群益01購01,0,0,0,0,0,0,0,0,0,203000,0,0,0,204000,1000,203000,203000
061584,勤誠元大9A購01  ,0,0,0,0,0,0,0,0,0,203000,0,0,0,309000,106000,203000,203000
064881,聯茂兆豐01購02  ,0,0,0,0,0,0,0,0,0,203000,0,0,0,315000,112000,203000,203000
065354,金像電元富03購01,0,0,0,0,0,0,0,0,0,202000,0,0,0,231000,29000,202000,202000
060322,卜蜂群益9A購01  ,0,0,0,0,0,0,0,0,0,201000,0,0,0,227000,26000,201000,201000
054976,上証2X元富9A購01,0,0,0,0,0,0,0,0,0,201000,0,0,0,261000,60000,201000,201000
059919,宏達電元大99購06,0,0,0,0,0,0,0,0,0,201000,0,0,0,224000,23000,201000,201000
064402,宏碁凱基01購01  ,0,0,0,0,0,0,0,0,0,201000,0,0,0,212000,11000,201000,201000
062867,東元中信9B購01  ,0,0,0,0,0,0,0,0,0,201000,0,0,0,219000,18000,201000,201000
068544,台積電兆豐03購04,0,0,0,0,0,0,0,0,0,200000,0,0,0,235000,35000,200000,200000
08025P,臺股指凱基9B售11,0,0,0,0,0,0,0,0,0,200000,0,0,0,200000,0,200000,200000
08706P,台積電統一02售04,0,0,0,0,0,0,0,0,0,200000,0,0,0,200000,0,200000,200000
06959P,鴻海凱基9A售02  ,0,0,0,0,0,0,0,0,0,200000,0,0,0,200000,0,200000,200000
056657,華邦電元大99購01,0,0,0,0,0,0,0,0,0,200000,0,0,0,200000,0,200000,200000
055787,聯茂凱基99購01  ,0,0,0,0,0,0,0,0,0,200000,0,0,0,200000,0,200000,200000
054563,泰碩群益99購01  ,0,0,0,0,0,0,0,0,0,200000,0,0,0,200000,0,200000,200000
057532,智原元大98購03  ,0,0,0,0,0,0,0,0,0,200000,0,0,0,200000,0,200000,200000
03209P,台積電國票02售05,0,0,0,0,0,0,0,0,0,200000,0,0,0,200000,0,200000,200000
03381P,臺股指群益02售08,0,0,0,0,0,0,0,0,0,200000,0,0,0,200000,0,200000,200000
059060,大立光凱基9A購03,0,0,0,0,0,0,0,0,0,200000,0,0,0,200000,0,200000,200000
063308,緯穎凱基9B購05  ,0,0,0,0,0,0,0,0,0,200000,0,0,0,200000,0,200000,200000
064438,大立光凱基01購03,0,0,0,0,0,0,0,0,0,200000,0,0,0,200000,0,200000,200000
060970,T50反1元大9A購08,0,0,0,0,0,0,0,0,0,200000,0,0,0,200000,0,200000,200000
064893,金像電群益01購02,0,0,0,0,0,0,0,0,0,200000,0,0,0,418000,218000,200000,200000
066675,滬深2X兆豐03購01,0,0,0,0,0,0,0,0,0,200000,0,0,0,202000,2000,200000,200000
066671,TPK凱基02購02   ,0,0,0,0,0,0,0,0,0,200000,0,0,0,220000,20000,200000,200000
067026,群創兆豐03購01  ,0,0,0,0,0,0,0,0,0,200000,0,0,0,200000,0,200000,200000
067187,聯陽凱基01購02  ,0,0,0,0,0,0,0,0,0,200000,0,0,0,200000,0,200000,200000
067488,群創元大03購01  ,0,0,0,0,0,0,0,0,0,200000,0,0,0,200000,0,200000,200000
06991P,矽創群益99售01  ,0,0,0,0,0,0,0,0,0,199000,0,0,0,199000,0,199000,199000
08517P,奇力新群益9C售03,0,0,0,0,0,0,0,0,0,199000,0,0,0,199000,0,199000,199000
067741,中壽元大01購01  ,0,0,0,0,0,0,0,0,0,199000,0,0,0,199000,0,199000,199000
060561,台積電富邦04購01,0,0,0,0,0,0,0,0,0,199000,0,0,0,199000,0,199000,199000
060880,中壽中信9C購01  ,0,0,0,0,0,0,0,0,0,199000,0,0,0,199000,0,199000,199000
062810,華通兆豐9B購02  ,0,0,0,0,0,0,0,0,0,199000,0,0,0,199000,0,199000,199000
066207,聯鈞統一01購02  ,0,0,0,0,0,0,0,0,0,199000,0,0,0,239000,40000,199000,199000
2913,農林            ,203000,6000,197000,0,0,0,0,0,0,2000,2000,0,2000,0,0,0,199000
068357,富邦金凱基01購01,0,0,0,0,0,0,0,0,0,198000,0,0,0,347000,149000,198000,198000
066912,盛群凱基01購01  ,0,0,0,0,0,0,0,0,0,198000,0,0,0,198000,0,198000,198000
068699,松翰凱基03購01  ,0,0,0,0,0,0,0,0,0,197000,0,0,0,200000,3000,197000,197000
064750,緯穎麥證9C購01  ,0,0,0,271000,28000,243000,0,0,0,197000,0,0,0,271000,74000,197000,197000
064079,英業達中信9C購01,0,0,0,0,0,0,0,0,0,197000,0,0,0,247000,50000,197000,197000
065104,南茂元大9C購02  ,0,0,0,0,0,0,0,0,0,197000,0,0,0,243000,46000,197000,197000
068184,彩晶群益03購03  ,0,0,0,0,0,0,0,0,0,196000,0,0,0,207000,11000,196000,196000
059833,緯穎康和99購01  ,0,0,0,0,0,0,0,0,0,196000,0,0,0,257000,61000,196000,196000
063481,緯穎元大9B購08  ,0,0,0,0,0,0,0,0,0,196000,0,0,0,319000,123000,196000,196000
064921,景碩統一02購01  ,0,0,0,0,0,0,0,0,0,196000,0,0,0,518000,322000,196000,196000
065903,聯發科富邦02購02,0,0,0,0,0,0,0,0,0,196000,0,0,0,209000,13000,196000,196000
07060P,台表科國票9A售01,0,0,0,0,0,0,0,0,0,195000,0,0,0,200000,5000,195000,195000
059097,世紀鋼元大99購05,0,0,0,0,0,0,0,0,0,195000,0,0,0,492000,297000,195000,195000
062552,南電永豐9B購01  ,0,0,0,0,0,0,0,0,0,195000,0,0,0,293000,98000,195000,195000
062761,嘉晶凱基9C購01  ,0,0,0,0,0,0,0,0,0,195000,0,0,0,268000,73000,195000,195000
060859,鴻海永豐9A購01  ,0,0,0,0,0,0,0,0,0,195000,0,0,0,195000,0,195000,195000
065438,緯穎凱基9C購04  ,0,0,0,0,0,0,0,0,0,195000,0,0,0,214000,19000,195000,195000
066750,緯穎元大01購04  ,0,0,0,0,0,0,0,0,0,195000,0,0,0,350000,155000,195000,195000
067686,矽格元大01購04  ,0,0,0,0,0,0,0,0,0,194000,0,0,0,208000,14000,194000,194000
058259,訊連國泰9B購01  ,0,0,0,0,0,0,0,0,0,194000,0,0,0,234000,40000,194000,194000
066617,鎧勝康和01購01  ,0,0,0,0,0,0,0,0,0,194000,0,0,0,695000,501000,194000,194000
066344,拓凱永豐01購01  ,0,0,0,0,0,0,0,0,0,194000,0,0,0,276000,82000,194000,194000
064524,GIS群益02購01   ,0,0,0,0,0,0,0,0,0,194000,0,0,0,196000,2000,194000,194000
066040,友訊元大01購02  ,0,0,0,0,0,0,0,0,0,194000,0,0,0,194000,0,194000,194000
2395,研華            ,899008,708427,190581,0,0,0,2000,0,2000,1000,6000,5000,1000,0,0,0,193581
062777,鴻海元大9C購03  ,0,0,0,0,0,0,0,0,0,193000,0,0,0,229000,36000,193000,193000
063285,華擎元大9B購03  ,0,0,0,0,0,0,0,0,0,193000,0,0,0,193000,0,193000,193000
063669,宏達電統一9C購01,0,0,0,0,0,0,0,0,0,193000,0,0,0,347000,154000,193000,193000
066168,強茂凱基01購02  ,0,0,0,0,0,0,0,0,0,192000,0,0,0,202000,10000,192000,192000
066837,樺漢群益01購02  ,0,0,0,0,0,0,0,0,0,192000,0,0,0,212000,20000,192000,192000
067976,訊連群益01購01  ,0,0,0,0,0,0,0,0,0,191000,0,0,0,221000,30000,191000,191000
063881,嘉晶元富9C購01  ,0,0,0,0,0,0,0,0,0,191000,0,0,0,191000,0,191000,191000
067942,瑞儀凱基02購01  ,0,0,0,0,0,0,0,0,0,190000,0,0,0,214000,24000,190000,190000
07982P,全新群益9B售04  ,0,0,0,0,0,0,0,0,0,190000,0,0,0,191000,1000,190000,190000
08149P,祥碩群益9B售07  ,0,0,0,0,0,0,0,0,0,190000,0,0,0,220000,30000,190000,190000
064237,奇鋐統一01購01  ,0,0,0,0,0,0,0,0,0,190000,0,0,0,351000,161000,190000,190000
067232,友訊群益01購05  ,0,0,0,0,0,0,0,0,0,190000,0,0,0,222000,32000,190000,190000
067099,友訊群益01購04  ,0,0,0,0,0,0,0,0,0,190000,0,0,0,190000,0,190000,190000
066188,訊芯凱基01購01  ,0,0,0,0,0,0,0,0,0,190000,0,0,0,190000,0,190000,190000
065147,寶成凱基01購01  ,0,0,0,0,0,0,0,0,0,190000,0,0,0,200000,10000,190000,190000
08784P,上証2X元富01售01,0,0,0,0,0,0,0,0,0,190000,0,0,0,201000,11000,190000,190000
08652P,鴻海群益9C售09  ,0,0,0,0,0,0,0,0,0,189000,0,0,0,207000,18000,189000,189000
058547,世紀鋼富邦9A購01,0,0,0,0,0,0,0,0,0,189000,0,0,0,189000,0,189000,189000
6591,動力-KY         ,304000,116000,188000,0,0,0,0,0,0,1000,1000,0,1000,0,0,0,189000
068163,緯穎元大01購07  ,0,0,0,0,0,0,0,0,0,188000,0,0,0,237000,49000,188000,188000
068386,台達電統一03購02,0,0,0,0,0,0,0,0,0,188000,0,0,0,191000,3000,188000,188000
057369,奇力新元大99購05,0,0,0,0,0,0,0,0,0,188000,0,0,0,193000,5000,188000,188000
058700,鴻海元大99購15  ,0,0,0,0,0,0,0,0,0,188000,0,0,0,188000,0,188000,188000
061840,長榮航凱基9C購01,0,0,0,0,0,0,0,0,0,188000,0,0,0,188000,0,188000,188000
065411,旺宏永豐9C購02  ,0,0,0,0,0,0,0,0,0,188000,0,0,0,320000,132000,188000,188000
2461,光群雷          ,325000,137000,188000,0,0,0,0,0,0,0,0,0,0,0,0,0,188000
068229,聯發科元富07購09,0,0,0,0,0,0,0,0,0,187000,0,0,0,316000,129000,187000,187000
059742,富邦金元富99購01,0,0,0,0,0,0,0,0,0,187000,0,0,0,197000,10000,187000,187000
056369,彩晶元大01購01  ,0,0,0,0,0,0,0,0,0,187000,0,0,0,210000,23000,187000,187000
059855,緯穎永豐99購04  ,0,0,0,0,0,0,0,0,0,186000,0,0,0,186000,0,186000,186000
060203,緯穎元富9A購01  ,0,0,0,0,0,0,0,0,0,186000,0,0,0,229000,43000,186000,186000
063418,京元電凱基9B購03,0,0,0,0,0,0,0,0,0,186000,0,0,0,186000,0,186000,186000
065654,台表科元大9C購12,0,0,0,0,0,0,0,0,0,186000,0,0,0,345000,159000,186000,186000
066685,T50反1元富07購02,0,0,0,0,0,0,0,0,0,186000,0,0,0,191000,5000,186000,186000
4119,旭富            ,609000,643000,-34000,0,0,0,0,0,0,220000,0,9000,-9000,244000,15000,229000,186000
067951,宏碁永豐01購02  ,0,0,0,0,0,0,0,0,0,185000,0,0,0,224000,39000,185000,185000
057681,T50反1日盛9C購01,0,0,0,0,0,0,0,0,0,185000,0,0,0,190000,5000,185000,185000
055022,精元國泰99購01  ,0,0,0,0,0,0,0,0,0,185000,0,0,0,190000,5000,185000,185000
00668,國泰美國道瓊    ,0,1000,-1000,0,0,0,0,0,0,186000,0,0,0,188000,2000,186000,185000
03049P,台積電元富07售11,0,0,0,0,0,0,0,0,0,185000,0,0,0,250000,65000,185000,185000
066897,京元電康和01購01,0,0,0,0,0,0,0,0,0,185000,0,0,0,206000,21000,185000,185000
068254,訊連元大01購02  ,0,0,0,0,0,0,0,0,0,184000,0,0,0,259000,75000,184000,184000
068898,健策元大02購05  ,0,0,0,0,0,0,0,0,0,184000,0,0,0,455000,271000,184000,184000
062979,茂林元富9B購01  ,0,0,0,0,0,0,0,0,0,184000,0,0,0,185000,1000,184000,184000
065713,緯穎群益9C購04  ,0,0,0,0,0,0,0,0,0,184000,0,0,0,320000,136000,184000,184000
08972P,義隆永豐01售02  ,0,0,0,0,0,0,0,0,0,184000,0,0,0,377000,193000,184000,184000
08123P,台表科國票9C售01,0,0,0,0,0,0,0,0,0,183000,0,0,0,205000,22000,183000,183000
068729,宏達電元大03購01,0,0,0,0,0,0,0,0,0,183000,0,0,0,208000,25000,183000,183000
066088,漢翔永豐01購01  ,0,0,0,0,0,0,0,0,0,183000,0,0,0,183000,0,183000,183000
065087,可成元大9C購08  ,0,0,0,0,0,0,0,0,0,183000,0,0,0,340000,157000,183000,183000
064967,道瓊銀元大01購01,0,0,0,0,0,0,0,0,0,183000,0,0,0,187000,4000,183000,183000
066835,台郡群益01購02  ,0,0,0,0,0,0,0,0,0,183000,0,0,0,183000,0,183000,183000
068054,玉晶光統一03購04,0,0,0,0,0,0,0,0,0,182000,0,0,0,192000,10000,182000,182000
059695,聯鈞永豐99購02  ,0,0,0,0,0,0,0,0,0,182000,0,0,0,183000,1000,182000,182000
066268,宏達電元大01購02,0,0,0,0,0,0,0,0,0,182000,0,0,0,221000,39000,182000,182000
068081,GIS凱基01購03   ,0,0,0,0,0,0,0,0,0,181000,0,0,0,192000,11000,181000,181000
00737,國泰AI+Robo     ,0,0,0,0,0,0,0,0,0,181000,0,0,0,382000,201000,181000,181000
064468,健策元富9C購02  ,0,0,0,0,0,0,0,0,0,181000,0,0,0,295000,114000,181000,181000
064490,金像電元大9C購02,0,0,0,0,0,0,0,0,0,181000,0,0,0,205000,24000,181000,181000
065356,聯發科元富03購06,0,0,0,0,0,0,0,0,0,181000,0,0,0,231000,50000,181000,181000
068472,聯發科群益01購12,0,0,0,0,0,0,0,0,0,180000,0,0,0,192000,12000,180000,180000
069147,聯鈞永豐02購01  ,0,0,0,0,0,0,0,0,0,180000,0,0,0,180000,0,180000,180000
07100P,華航元大99售01  ,0,0,0,0,0,0,0,0,0,180000,0,0,0,202000,22000,180000,180000
057442,玉晶光統一98購03,0,0,0,0,0,0,0,0,0,180000,0,0,0,180000,0,180000,180000
064145,宏碁統一02購01  ,0,0,0,0,0,0,0,0,0,180000,0,0,0,184000,4000,180000,180000
063434,和潤元富9B購01  ,0,0,0,0,0,0,0,0,0,180000,0,0,0,274000,94000,180000,180000
066047,嘉晶元大01購04  ,0,0,0,0,0,0,0,0,0,180000,0,0,0,455000,275000,180000,180000
066004,國巨統一01購11  ,0,0,0,0,0,0,0,0,0,180000,0,0,0,200000,20000,180000,180000
066244,臺指反元大04購01,0,0,0,0,0,0,0,0,0,180000,0,0,0,200000,20000,180000,180000
068763,世紀鋼永豐02購01,0,0,0,0,0,0,0,0,0,179000,0,0,0,185000,6000,179000,179000
068748,可成群益03購01  ,0,0,0,0,0,0,0,0,0,178000,0,0,0,202000,24000,178000,178000
03689C,T50反1元大02牛01,0,0,0,0,0,0,0,0,0,178000,0,0,0,1155000,977000,178000,178000
066022,鴻海群益01購07  ,0,0,0,0,0,0,0,0,0,178000,0,0,0,178000,0,178000,178000
066502,國巨富邦05購02  ,0,0,0,0,0,0,0,0,0,178000,0,0,0,320000,142000,178000,178000
08874P,台積電中信07售01,0,0,0,0,0,0,0,0,0,178000,0,0,0,178000,0,178000,178000
068798,南電凱基02購04  ,0,0,0,0,0,0,0,0,0,177000,0,0,0,313000,136000,177000,177000
03270P,台灣50群益02售07,0,0,0,0,0,0,0,0,0,177000,0,0,0,208000,31000,177000,177000
061247,玉晶光群益9A購09,0,0,0,0,0,0,0,0,0,177000,0,0,0,177000,0,177000,177000
067919,玉晶光永豐01購03,0,0,0,0,0,0,0,0,0,176000,0,0,0,176000,0,176000,176000
058750,緯穎凱基9A購03  ,0,0,0,0,0,0,0,0,0,176000,0,0,0,206000,30000,176000,176000
063687,金像電永豐9B購04,0,0,0,0,0,0,0,0,0,176000,0,0,0,216000,40000,176000,176000
067516,美利達統一03購04,0,0,0,0,0,0,0,0,0,176000,0,0,0,221000,45000,176000,176000
5519,隆大            ,280000,104000,176000,0,0,0,0,0,0,0,0,0,0,0,0,0,176000
068737,南電元大02購03  ,0,0,0,0,0,0,0,0,0,175000,0,0,0,194000,19000,175000,175000
068730,富邦金元大02購01,0,0,0,0,0,0,0,0,0,175000,0,0,0,533000,358000,175000,175000
068873,光寶科凱基03購01,0,0,0,0,0,0,0,0,0,175000,0,0,0,175000,0,175000,175000
08202P,台表科國泰01售04,0,0,0,0,0,0,0,0,0,175000,0,0,0,180000,5000,175000,175000
063632,金像電元大9B購04,0,0,0,0,0,0,0,0,0,175000,0,0,0,254000,79000,175000,175000
064671,聯茂元大9C購02  ,0,0,0,0,0,0,0,0,0,175000,0,0,0,175000,0,175000,175000
064588,玉晶光永豐9C購05,0,0,0,0,0,0,0,0,0,175000,0,0,0,187000,12000,175000,175000
06701P,臺股指統一99售06,0,0,0,0,0,0,0,0,0,175000,0,0,0,175000,0,175000,175000
066384,訊芯康和01購01  ,0,0,0,0,0,0,0,0,0,175000,0,0,0,175000,0,175000,175000
068903,帆宣元大02購01  ,0,0,0,0,0,0,0,0,0,174000,0,0,0,180000,6000,174000,174000
068213,台塑化凱基01購01,0,0,0,0,0,0,0,0,0,174000,0,0,0,174000,0,174000,174000
062230,緯穎統一01購01  ,0,0,0,0,0,0,0,0,0,174000,0,0,0,686000,512000,174000,174000
067122,眾達國泰03購02  ,0,0,0,0,0,0,0,0,0,174000,0,0,0,212000,38000,174000,174000
067304,義隆元大01購05  ,0,0,0,0,0,0,0,0,0,174000,0,0,0,364000,190000,174000,174000
064939,健策元富9C購03  ,0,0,0,0,0,0,0,0,0,174000,0,0,0,217000,43000,174000,174000
068343,台積電麥證01購12,0,0,0,388000,215000,173000,0,0,0,173000,0,0,0,388000,215000,173000,173000
068359,GIS凱基01購05   ,0,0,0,0,0,0,0,0,0,173000,0,0,0,255000,82000,173000,173000
067856,寶成國票02購01  ,0,0,0,0,0,0,0,0,0,173000,0,0,0,211000,38000,173000,173000
064074,南茂永豐9C購01  ,0,0,0,0,0,0,0,0,0,173000,0,0,0,176000,3000,173000,173000
066266,強茂元大01購01  ,0,0,0,0,0,0,0,0,0,173000,0,0,0,408000,235000,173000,173000
066738,聯鈞元大01購05  ,0,0,0,0,0,0,0,0,0,173000,0,0,0,173000,0,173000,173000
00766L,台新MSCI中國正2 ,0,0,0,0,0,0,0,0,0,172000,0,0,0,313000,141000,172000,172000
064674,鈺齊元大9C購01  ,0,0,0,0,0,0,0,0,0,172000,0,0,0,206000,34000,172000,172000
061379,鈺齊永豐9A購02  ,0,0,0,0,0,0,0,0,0,172000,0,0,0,366000,194000,172000,172000
066945,鴻海元大01購14  ,0,0,0,0,0,0,0,0,0,172000,0,0,0,173000,1000,172000,172000
2457,飛宏            ,401000,227000,174000,0,0,0,0,0,0,-2000,0,2000,-2000,0,0,0,172000
067978,緯穎群益01購06  ,0,0,0,0,0,0,0,0,0,171000,0,0,0,254000,83000,171000,171000
062525,鴻海統一9C購10  ,0,0,0,0,0,0,0,0,0,171000,0,0,0,201000,30000,171000,171000
3032,偉訓            ,242000,71000,171000,0,0,0,0,0,0,0,0,0,0,0,0,0,171000
067794,臺股指群益01購06,0,0,0,0,0,0,0,0,0,170000,0,0,0,210000,40000,170000,170000
07894P,燿華元大9B售01  ,0,0,0,0,0,0,0,0,0,170000,0,0,0,190000,20000,170000,170000
08566P,禾伸堂群益9C售01,0,0,0,0,0,0,0,0,0,170000,0,0,0,285000,115000,170000,170000
057101,新光金中信9A購01,0,0,0,0,0,0,0,0,0,170000,0,0,0,170000,0,170000,170000
059840,鴻海富邦9A購02  ,0,0,0,0,0,0,0,0,0,170000,0,0,0,170000,0,170000,170000
060019,彰銀康和99購01  ,0,0,0,0,0,0,0,0,0,170000,0,0,0,170000,0,170000,170000
062259,可成元大9B購03  ,0,0,0,0,0,0,0,0,0,170000,0,0,0,170000,0,170000,170000
066554,嘉晶元大01購05  ,0,0,0,0,0,0,0,0,0,170000,0,0,0,475000,305000,170000,170000
065313,聯茂國票01購01  ,0,0,0,0,0,0,0,0,0,170000,0,0,0,335000,165000,170000,170000
066116,宏達電兆豐01購01,0,0,0,0,0,0,0,0,0,170000,0,0,0,170000,0,170000,170000
065812,寶成群益9C購02  ,0,0,0,0,0,0,0,0,0,170000,0,0,0,214000,44000,170000,170000
2884,玉山金          ,7018982,7042170,-23188,0,0,0,77000,0,77000,116000,4000,0,4000,120000,8000,112000,169812
08599P,台表科元大9C售11,0,0,0,0,0,0,0,0,0,169000,0,0,0,172000,3000,169000,169000
061154,可成群益9B購04  ,0,0,0,0,0,0,0,0,0,169000,0,0,0,202000,33000,169000,169000
059096,百和元大99購04  ,0,0,0,0,0,0,0,0,0,169000,0,0,0,536000,367000,169000,169000
03211P,健鼎國票03售01  ,0,0,0,0,0,0,0,0,0,168000,0,0,0,353000,185000,168000,168000
060763,聯鈞元大9A購03  ,0,0,0,0,0,0,0,0,0,168000,0,0,0,175000,7000,168000,168000
065705,嘉晶群益9C購05  ,0,0,0,0,0,0,0,0,0,168000,0,0,0,251000,83000,168000,168000
067353,可成群益02購01  ,0,0,0,0,0,0,0,0,0,168000,0,0,0,179000,11000,168000,168000
08404P,技嘉元大9C售02  ,0,0,0,0,0,0,0,0,0,167000,0,0,0,287000,120000,167000,167000
055874,中環元富9A購01  ,0,0,0,0,0,0,0,0,0,167000,0,0,0,590000,423000,167000,167000
062621,緯穎元大9B購05  ,0,0,0,0,0,0,0,0,0,167000,0,0,0,180000,13000,167000,167000
064781,嘉晶群益9C購04  ,0,0,0,0,0,0,0,0,0,167000,0,0,0,205000,38000,167000,167000
08624P,力成群益9C售01  ,0,0,0,0,0,0,0,0,0,166000,0,0,0,214000,48000,166000,166000
062020,智伸科永豐9B購01,0,0,0,0,0,0,0,0,0,166000,0,0,0,166000,0,166000,166000
066409,勤誠凱基01購01  ,0,0,0,0,0,0,0,0,0,166000,0,0,0,166000,0,166000,166000
2915,潤泰全          ,378000,324000,54000,0,0,0,0,0,0,112000,0,16000,-16000,128000,0,128000,166000
9921,巨大            ,1303046,868000,435046,0,0,0,0,257000,-257000,-13000,5000,28000,-23000,18000,8000,10000,165046
07791P,奇鋐元大9A售02  ,0,0,0,0,0,0,0,0,0,165000,0,0,0,266000,101000,165000,165000
064235,美律統一9C購02  ,0,0,0,0,0,0,0,0,0,165000,0,0,0,165000,0,165000,165000
064498,可成元大01購03  ,0,0,0,0,0,0,0,0,0,165000,0,0,0,181000,16000,165000,165000
063774,GIS富邦9B購02   ,0,0,0,0,0,0,0,0,0,165000,0,0,0,166000,1000,165000,165000
00652,富邦印度        ,40000,0,40000,0,0,0,0,0,0,124000,0,0,0,125000,1000,124000,164000
062775,大成鋼元大9B購02,0,0,0,0,0,0,0,0,0,164000,0,0,0,366000,202000,164000,164000
066164,精元凱基01購01  ,0,0,0,0,0,0,0,0,0,164000,0,0,0,166000,2000,164000,164000
2615,萬海            ,624000,564000,60000,0,0,0,300000,0,300000,-196000,58000,254000,-196000,0,0,0,164000
08537P,台光電國票01售03,0,0,0,0,0,0,0,0,0,163000,0,0,0,163000,0,163000,163000
064718,友達統一02購01  ,0,0,0,0,0,0,0,0,0,163000,0,0,0,374000,211000,163000,163000
065695,友訊群益01購02  ,0,0,0,0,0,0,0,0,0,163000,0,0,0,163000,0,163000,163000
065446,宏達電統一9C購02,0,0,0,0,0,0,0,0,0,163000,0,0,0,226000,63000,163000,163000
064903,新唐群益9C購01  ,0,0,0,0,0,0,0,0,0,163000,0,0,0,176000,13000,163000,163000
063643,臻鼎元大9B購03  ,0,0,0,0,0,0,0,0,0,162000,0,0,0,194000,32000,162000,162000
060913,宏達電元大9A購03,0,0,0,0,0,0,0,0,0,162000,0,0,0,241000,79000,162000,162000
065933,鴻海群益01購06  ,0,0,0,0,0,0,0,0,0,162000,0,0,0,162000,0,162000,162000
066691,京元電台新01購01,0,0,0,0,0,0,0,0,0,162000,0,0,0,202000,40000,162000,162000
3033,威健            ,335000,166000,169000,0,0,0,0,0,0,-7000,0,7000,-7000,0,0,0,162000
4532,瑞智            ,253000,94000,159000,0,0,0,0,0,0,2000,2000,0,2000,0,0,0,161000
068086,世紀鋼凱基03購02,0,0,0,0,0,0,0,0,0,160000,0,0,0,247000,87000,160000,160000
068089,T50反1群益01購08,0,0,0,0,0,0,0,0,0,160000,0,0,0,190000,30000,160000,160000
068831,台積電國泰06購01,0,0,0,0,0,0,0,0,0,160000,0,0,0,170000,10000,160000,160000
064154,大立光統一01購04,0,0,0,0,0,0,0,0,0,160000,0,0,0,200000,40000,160000,160000
057792,群創統一99購01  ,0,0,0,0,0,0,0,0,0,160000,0,0,0,172000,12000,160000,160000
060362,建準元富9A購02  ,0,0,0,0,0,0,0,0,0,160000,0,0,0,160000,0,160000,160000
058926,勤誠元富99購01  ,0,0,0,0,0,0,0,0,0,160000,0,0,0,160000,0,160000,160000
062526,友達統一01購01  ,0,0,0,0,0,0,0,0,0,160000,0,0,0,160000,0,160000,160000
065622,鴻海中信06購01  ,0,0,0,0,0,0,0,0,0,160000,0,0,0,166000,6000,160000,160000
08391P,智邦凱基02售02  ,0,0,0,0,0,0,0,0,0,159000,0,0,0,374000,215000,159000,159000
069275,欣興永豐02購04  ,0,0,0,0,0,0,0,0,0,159000,0,0,0,350000,191000,159000,159000
053509,華新群益98購01  ,0,0,0,0,0,0,0,0,0,159000,0,0,0,159000,0,159000,159000
065830,景碩凱基9C購04  ,0,0,0,0,0,0,0,0,0,159000,0,0,0,520000,361000,159000,159000
065163,香港反元大03購01,0,0,0,0,0,0,0,0,0,159000,0,0,0,173000,14000,159000,159000
067499,帆宣元大01購04  ,0,0,0,0,0,0,0,0,0,159000,0,0,0,178000,19000,159000,159000
069169,TPK元大02購02   ,0,0,0,0,0,0,0,0,0,158000,0,0,0,158000,0,158000,158000
067817,玉晶光凱基02購01,0,0,0,0,0,0,0,0,0,158000,0,0,0,214000,56000,158000,158000
059174,訊芯凱基99購01  ,0,0,0,0,0,0,0,0,0,158000,0,0,0,158000,0,158000,158000
061594,玉晶光永豐9A購08,0,0,0,0,0,0,0,0,0,158000,0,0,0,158000,0,158000,158000
067498,臻鼎元大01購03  ,0,0,0,0,0,0,0,0,0,158000,0,0,0,252000,94000,158000,158000
067391,健策元富01購02  ,0,0,0,0,0,0,0,0,0,158000,0,0,0,173000,15000,158000,158000
065159,臻鼎群益9C購02  ,0,0,0,0,0,0,0,0,0,158000,0,0,0,249000,91000,158000,158000
4564,元翎            ,370000,207000,163000,0,0,0,0,0,0,-5000,1000,0,1000,0,6000,-6000,158000
03028P,玉晶光元大01售11,0,0,0,0,0,0,0,0,0,157000,0,0,0,287000,130000,157000,157000
065293,玉晶光群益01購07,0,0,0,0,0,0,0,0,0,157000,0,0,0,236000,79000,157000,157000
066481,華碩元富01購01  ,0,0,0,0,0,0,0,0,0,157000,0,0,0,247000,90000,157000,157000
08951P,臺股指國票01售08,0,0,0,0,0,0,0,0,0,157000,0,0,0,251000,94000,157000,157000
1315,達新            ,130000,40000,90000,0,0,0,0,0,0,67000,0,0,0,69000,2000,67000,157000
068791,元大金凱基02購01,0,0,0,0,0,0,0,0,0,156000,0,0,0,171000,15000,156000,156000
07951P,智邦元大9B售05  ,0,0,0,0,0,0,0,0,0,156000,0,0,0,310000,154000,156000,156000
063027,台汽電元大9B購01,0,0,0,0,0,0,0,0,0,156000,0,0,0,156000,0,156000,156000
058035,旭富永豐98購02  ,0,0,0,0,0,0,0,0,0,156000,0,0,0,156000,0,156000,156000
063245,富邦金元大9B購03,0,0,0,0,0,0,0,0,0,156000,0,0,0,175000,19000,156000,156000
066418,京元電元大01購02,0,0,0,0,0,0,0,0,0,156000,0,0,0,223000,67000,156000,156000
066531,智伸科元富01購01,0,0,0,0,0,0,0,0,0,156000,0,0,0,176000,20000,156000,156000
065862,世紀鋼元大9C購06,0,0,0,0,0,0,0,0,0,156000,0,0,0,439000,283000,156000,156000
066058,TPK元大01購02   ,0,0,0,0,0,0,0,0,0,156000,0,0,0,160000,4000,156000,156000
064614,友訊元大9C購02  ,0,0,0,0,0,0,0,0,0,155000,0,0,0,234000,79000,155000,155000
065671,大立光凱基9C購07,0,0,0,0,0,0,0,0,0,155000,0,0,0,200000,45000,155000,155000
064277,可成元大9C購04  ,0,0,0,0,0,0,0,0,0,154000,0,0,0,176000,22000,154000,154000
066065,東元凱基04購01  ,0,0,0,0,0,0,0,0,0,154000,0,0,0,208000,54000,154000,154000
07890P,南電國票9B售01  ,0,0,0,0,0,0,0,0,0,153000,0,0,0,426000,273000,153000,153000
066642,臺股指凱基04購01,0,0,0,0,0,0,0,0,0,153000,0,0,0,344000,191000,153000,153000
067416,南紡凱基01購01  ,0,0,0,0,0,0,0,0,0,153000,0,0,0,155000,2000,153000,153000
8462,柏文            ,144000,16000,128000,0,0,0,0,0,0,25000,0,1000,-1000,26000,0,26000,153000
061303,玉晶光永豐9B購03,0,0,0,0,0,0,0,0,0,152000,0,0,0,152000,0,152000,152000
066338,德律永豐01購01  ,0,0,0,0,0,0,0,0,0,152000,0,0,0,152000,0,152000,152000
065263,國泰金元大9C購02,0,0,0,0,0,0,0,0,0,152000,0,0,0,152000,0,152000,152000
08132P,南六元大9B售05  ,0,0,0,0,0,0,0,0,0,151000,0,0,0,157000,6000,151000,151000
068651,聯電元大02購04  ,0,0,0,0,0,0,0,0,0,151000,0,0,0,266000,115000,151000,151000
067884,鴻海群益02購03  ,0,0,0,0,0,0,0,0,0,151000,0,0,0,151000,0,151000,151000
061372,世紀鋼國泰9C購01,0,0,0,0,0,0,0,0,0,151000,0,0,0,237000,86000,151000,151000
066337,聯陽永豐01購02  ,0,0,0,0,0,0,0,0,0,151000,0,0,0,151000,0,151000,151000
2836,高雄銀          ,224000,76000,148000,0,0,0,0,0,0,3000,3000,0,3000,0,0,0,151000
068141,鴻海元大01購25  ,0,0,0,0,0,0,0,0,0,150000,0,0,0,718000,568000,150000,150000
068122,彩晶元富03購01  ,0,0,0,0,0,0,0,0,0,150000,0,0,0,200000,50000,150000,150000
068217,台達電統一03購01,0,0,0,0,0,0,0,0,0,150000,0,0,0,462000,312000,150000,150000
08027P,嘉晶元大9B售03  ,0,0,0,0,0,0,0,0,0,150000,0,0,0,150000,0,150000,150000
08524P,奇力新元大9C售01,0,0,0,0,0,0,0,0,0,150000,0,0,0,150000,0,150000,150000
058740,T50反1日盛9B購02,0,0,0,0,0,0,0,0,0,150000,0,0,0,150000,0,150000,150000
03248P,聯電元富03售03  ,0,0,0,0,0,0,0,0,0,150000,0,0,0,160000,10000,150000,150000
03249P,華擎元富04售01  ,0,0,0,0,0,0,0,0,0,150000,0,0,0,150000,0,150000,150000
056915,上銀兆豐99購01  ,0,0,0,0,0,0,0,0,0,150000,0,0,0,150000,0,150000,150000
055312,台虹群益99購01  ,0,0,0,0,0,0,0,0,0,150000,0,0,0,150000,0,150000,150000
060101,大立光元大99購31,0,0,0,0,0,0,0,0,0,150000,0,0,0,150000,0,150000,150000
063323,同欣電群益9B購03,0,0,0,0,0,0,0,0,0,150000,0,0,0,150000,0,150000,150000
062878,宏達電兆豐9B購01,0,0,0,0,0,0,0,0,0,150000,0,0,0,150000,0,150000,150000
061949,大立光群益9B購03,0,0,0,0,0,0,0,0,0,150000,0,0,0,210000,60000,150000,150000
066283,鎧勝元大01購02  ,0,0,0,0,0,0,0,0,0,150000,0,0,0,273000,123000,150000,150000
066420,宏達電元大02購01,0,0,0,0,0,0,0,0,0,150000,0,0,0,221000,71000,150000,150000
066640,達麗凱基01購01  ,0,0,0,0,0,0,0,0,0,150000,0,0,0,150000,0,150000,150000
066964,T50反1元富07購04,0,0,0,0,0,0,0,0,0,150000,0,0,0,150000,0,150000,150000
08287P,茂林凱基9C售02  ,0,0,0,0,0,0,0,0,0,149000,0,0,0,204000,55000,149000,149000
068983,日月光元大02購01,0,0,0,0,0,0,0,0,0,149000,0,0,0,330000,181000,149000,149000
053965,聯電元大98購04  ,0,0,0,0,0,0,0,0,0,149000,0,0,0,149000,0,149000,149000
03061P,南電凱基01售05  ,0,0,0,0,0,0,0,0,0,149000,0,0,0,297000,148000,149000,149000
061470,鈺齊群益9A購02  ,0,0,0,0,0,0,0,0,0,149000,0,0,0,149000,0,149000,149000
066977,鴻海群益02購01  ,0,0,0,0,0,0,0,0,0,149000,0,0,0,299000,150000,149000,149000
067281,T50反1國票01購05,0,0,0,0,0,0,0,0,0,149000,0,0,0,409000,260000,149000,149000
068656,台積電元大02購09,0,0,0,0,0,0,0,0,0,148000,0,0,0,474000,326000,148000,148000
066761,聯陽永豐01購03  ,0,0,0,0,0,0,0,0,0,148000,0,0,0,148000,0,148000,148000
6531,愛普            ,498000,369000,129000,0,0,0,30000,0,30000,-11000,5000,16000,-11000,0,0,0,148000
067746,瀚宇博元大01購04,0,0,0,0,0,0,0,0,0,147000,0,0,0,147000,0,147000,147000
03165P,台表科元大01售06,0,0,0,0,0,0,0,0,0,147000,0,0,0,213000,66000,147000,147000
062325,鴻海統一9B購05  ,0,0,0,0,0,0,0,0,0,147000,0,0,0,197000,50000,147000,147000
062909,大立光元大9C購04,0,0,0,0,0,0,0,0,0,147000,0,0,0,203000,56000,147000,147000
08058P,華新科元大9B售10,0,0,0,0,0,0,0,0,0,146000,0,0,0,146000,0,146000,146000
066727,鴻海元大01購12  ,0,0,0,0,0,0,0,0,0,146000,0,0,0,152000,6000,146000,146000
067256,新唐國票02購01  ,0,0,0,0,0,0,0,0,0,146000,0,0,0,146000,0,146000,146000
066203,景碩統一03購01  ,0,0,0,0,0,0,0,0,0,146000,0,0,0,920000,774000,146000,146000
065645,嘉晶元大01購02  ,0,0,0,0,0,0,0,0,0,146000,0,0,0,181000,35000,146000,146000
6670,復盛應用        ,156000,20000,136000,0,0,0,10000,0,10000,0,0,0,0,0,0,0,146000
067609,智易凱基01購01  ,0,0,0,0,0,0,0,0,0,145000,0,0,0,168000,23000,145000,145000
059755,宏達電國泰9A購01,0,0,0,0,0,0,0,0,0,145000,0,0,0,165000,20000,145000,145000
064218,南六凱基01購01  ,0,0,0,0,0,0,0,0,0,145000,0,0,0,145000,0,145000,145000
064372,滬深2X元富9C購10,0,0,0,0,0,0,0,0,0,145000,0,0,0,158000,13000,145000,145000
064379,TPK元富9C購01   ,0,0,0,0,0,0,0,0,0,145000,0,0,0,145000,0,145000,145000
064497,可成元大01購02  ,0,0,0,0,0,0,0,0,0,145000,0,0,0,175000,30000,145000,145000
067086,中磊元大01購01  ,0,0,0,0,0,0,0,0,0,145000,0,0,0,243000,98000,145000,145000
07965P,玉晶光群益01售02,0,0,0,0,0,0,0,0,0,144000,0,0,0,206000,62000,144000,144000
07712P,茂林元大9A售03  ,0,0,0,0,0,0,0,0,0,144000,0,0,0,144000,0,144000,144000
060121,新光金富邦99購01,0,0,0,0,0,0,0,0,0,144000,0,0,0,181000,37000,144000,144000
058716,華新科台新99購02,0,0,0,0,0,0,0,0,0,144000,0,0,0,144000,0,144000,144000
063403,鈺齊群益9B購01  ,0,0,0,0,0,0,0,0,0,144000,0,0,0,158000,14000,144000,144000
068899,TPK元大02購01   ,0,0,0,0,0,0,0,0,0,143000,0,0,0,181000,38000,143000,143000
068079,瑞儀凱基01購01  ,0,0,0,0,0,0,0,0,0,143000,0,0,0,150000,7000,143000,143000
067940,健策凱基01購04  ,0,0,0,0,0,0,0,0,0,143000,0,0,0,144000,1000,143000,143000
061741,新光金凱基9B購01,0,0,0,0,0,0,0,0,0,143000,0,0,0,249000,106000,143000,143000
064871,緯穎永豐9C購03  ,0,0,0,0,0,0,0,0,0,143000,0,0,0,144000,1000,143000,143000
062650,南電富邦01購01  ,0,0,0,0,0,0,0,0,0,143000,0,0,0,162000,19000,143000,143000
065372,漢唐元大9C購02  ,0,0,0,0,0,0,0,0,0,143000,0,0,0,464000,321000,143000,143000
068344,台積電麥證01購13,0,0,0,336000,194000,142000,0,0,0,142000,0,0,0,336000,194000,142000,142000
062119,世紀鋼中信9B購01,0,0,0,0,0,0,0,0,0,142000,0,0,0,181000,39000,142000,142000
065381,緯穎元大9C購03  ,0,30000,-30000,0,0,0,0,0,0,172000,0,0,0,247000,75000,172000,142000
065828,大立光凱基06購01,0,0,0,0,0,0,0,0,0,142000,0,0,0,205000,63000,142000,142000
066898,聯發科康和01購01,0,0,0,0,0,0,0,0,0,142000,0,0,0,162000,20000,142000,142000
068276,訊連永豐01購02  ,0,0,0,0,0,0,0,0,0,141000,0,0,0,141000,0,141000,141000
069024,佳世達國票03購01,0,0,0,0,0,0,0,0,0,141000,0,0,0,141000,0,141000,141000
07142P,台灣50元大01售01,0,0,0,0,0,0,0,0,0,141000,0,0,0,206000,65000,141000,141000
08526P,義隆元大9C售04  ,0,0,0,0,0,0,0,0,0,141000,0,0,0,194000,53000,141000,141000
060571,京元電永豐9A購01,0,0,0,0,0,0,0,0,0,141000,0,0,0,151000,10000,141000,141000
058645,康控富邦01購01  ,0,0,0,0,0,0,0,0,0,141000,0,0,0,230000,89000,141000,141000
063533,緯穎凱基9B購06  ,0,0,0,0,0,0,0,0,0,141000,0,0,0,151000,10000,141000,141000
066178,拓凱凱基01購01  ,0,0,0,0,0,0,0,0,0,141000,0,0,0,151000,10000,141000,141000
08462P,臻鼎國票9C售02  ,0,0,0,0,0,0,0,0,0,140000,0,0,0,146000,6000,140000,140000
08562P,南電國票01售03  ,0,0,0,0,0,0,0,0,0,140000,0,0,0,180000,40000,140000,140000
08210P,健策元富9B售02  ,0,0,0,0,0,0,0,0,0,140000,0,0,0,140000,0,140000,140000
07708P,玉晶光元大9A售13,0,0,0,0,0,0,0,0,0,140000,0,0,0,140000,0,140000,140000
069092,台達電統一03購03,0,0,0,0,0,0,0,0,0,140000,0,0,0,140000,0,140000,140000
067830,帆宣兆豐03購01  ,0,0,0,0,0,0,0,0,0,140000,0,0,0,252000,112000,140000,140000
058646,聯茂富邦9A購01  ,0,0,0,0,0,0,0,0,0,140000,0,0,0,200000,60000,140000,140000
058522,聯茂元大99購07  ,0,0,0,0,0,0,0,0,0,140000,0,0,0,140000,0,140000,140000
054058,晶豪科國票98購01,0,0,0,0,0,0,0,0,0,140000,0,0,0,140000,0,140000,140000
056954,聯詠富邦9A購01  ,0,0,0,0,0,0,0,0,0,140000,0,0,0,140000,0,140000,140000
063118,中鋼元大9C購01  ,0,0,0,0,0,0,0,0,0,140000,0,0,0,246000,106000,140000,140000
062573,大毅群益9B購03  ,0,0,0,0,0,0,0,0,0,140000,0,0,0,140000,0,140000,140000
066605,盟立永豐01購02  ,0,0,0,0,0,0,0,0,0,140000,0,0,0,140000,0,140000,140000
08968P,台表科元大01售04,0,0,0,0,0,0,0,0,0,140000,0,0,0,215000,75000,140000,140000
08425P,世紀鋼元富9C售03,0,0,0,0,0,0,0,0,0,139000,0,0,0,339000,200000,139000,139000
061157,聯鈞群益9A購02  ,0,0,0,0,0,0,0,0,0,139000,0,0,0,202000,63000,139000,139000
066310,長興永豐01購01  ,0,0,0,0,0,0,0,0,0,139000,0,0,0,139000,0,139000,139000
065673,嘉晶凱基01購02  ,0,0,0,0,0,0,0,0,0,139000,0,0,0,213000,74000,139000,139000
2348,海悅            ,71000,96000,-25000,0,0,0,147000,0,147000,17000,18000,1000,17000,0,0,0,139000
08277P,嘉晶元富9C售02  ,0,0,0,0,0,0,0,0,0,138000,0,0,0,178000,40000,138000,138000
068383,上銀統一03購01  ,0,0,0,0,0,0,0,0,0,138000,0,0,0,253000,115000,138000,138000
059040,訊芯群益99購03  ,0,0,0,0,0,0,0,0,0,138000,0,0,0,200000,62000,138000,138000
063870,健策永豐01購01  ,0,0,0,0,0,0,0,0,0,138000,0,0,0,143000,5000,138000,138000
063315,京元電群益9B購03,0,0,0,0,0,0,0,0,0,138000,0,0,0,208000,70000,138000,138000
065512,友訊群益01購01  ,0,0,0,0,0,0,0,0,0,138000,0,0,0,160000,22000,138000,138000
066836,樺漢群益01購01  ,0,0,0,0,0,0,0,0,0,138000,0,0,0,138000,0,138000,138000
1604,聲寶            ,209000,143000,66000,0,0,0,72000,0,72000,0,0,0,0,0,0,0,138000
068377,京元電永豐01購03,0,0,0,0,0,0,0,0,0,137000,0,0,0,147000,10000,137000,137000
068543,帆宣國票03購02  ,0,0,0,0,0,0,0,0,0,137000,0,0,0,139000,2000,137000,137000
068550,玉晶光群益03購01,0,0,0,0,0,0,0,0,0,137000,0,0,0,147000,10000,137000,137000
063412,寶成國票9C購01  ,0,0,0,0,0,0,0,0,0,137000,0,0,0,137000,0,137000,137000
063756,鴻海統一9B購09  ,0,0,0,0,0,0,0,0,0,137000,0,0,0,137000,0,137000,137000
066770,上証2X富邦02購02,0,0,0,0,0,0,0,0,0,137000,0,0,0,150000,13000,137000,137000
068084,南電凱基02購03  ,0,0,0,0,0,0,0,0,0,136000,0,0,0,341000,205000,136000,136000
059140,大立光兆豐9A購02,40000,0,40000,0,0,0,0,0,0,96000,0,0,0,276000,180000,96000,136000
058017,漢唐凱基99購01  ,0,0,0,0,0,0,0,0,0,136000,0,0,0,136000,0,136000,136000
006207,FH滬深          ,189000,43000,146000,0,0,0,0,0,0,-10000,0,0,0,253000,263000,-10000,136000
062811,鴻海兆豐9B購01  ,0,0,0,0,0,0,0,0,0,136000,0,0,0,136000,0,136000,136000
060889,國泰金統一9C購01,0,0,0,0,0,0,0,0,0,136000,0,0,0,404000,268000,136000,136000
063198,仁寶統一01購02  ,0,0,0,0,0,0,0,0,0,136000,0,0,0,141000,5000,136000,136000
062923,緯穎元大9B購06  ,0,0,0,0,0,0,0,0,0,136000,0,0,0,194000,58000,136000,136000
068041,訊芯元富07購01  ,0,0,0,0,0,0,0,0,0,135000,0,0,0,138000,3000,135000,135000
08262P,茂林元大9C售01  ,0,0,0,0,0,0,0,0,0,135000,0,0,0,135000,0,135000,135000
08522P,智邦元大9C售08  ,0,0,0,0,0,0,0,0,0,135000,0,0,0,271000,136000,135000,135000
060381,元黃金凱基9A購01,0,0,0,0,0,0,0,0,0,135000,0,0,0,170000,35000,135000,135000
062637,智易國票9B購01  ,0,0,0,0,0,0,0,0,0,135000,0,0,0,146000,11000,135000,135000
068173,友達中信01購05  ,0,0,0,0,0,0,0,0,0,134000,0,0,0,234000,100000,134000,134000
060052,宏碁凱基99購01  ,0,0,0,0,0,0,0,0,0,134000,0,0,0,158000,24000,134000,134000
058705,長榮航元大99購01,0,0,0,0,0,0,0,0,0,134000,0,0,0,134000,0,134000,134000
060867,智伸科永豐9A購01,0,0,0,0,0,0,0,0,0,134000,0,0,0,166000,32000,134000,134000
064242,TPK統一02購01   ,0,0,0,0,0,0,0,0,0,134000,0,0,0,364000,230000,134000,134000
061174,鴻海凱基9A購23  ,0,0,0,0,0,0,0,0,0,134000,0,0,0,172000,38000,134000,134000
064217,GIS凱基02購02   ,0,0,0,0,0,0,0,0,0,134000,0,0,0,147000,13000,134000,134000
066433,南六元大02購01  ,0,0,0,0,0,0,0,0,0,134000,0,0,0,205000,71000,134000,134000
065332,漢唐國票01購02  ,0,0,0,0,0,0,0,0,0,134000,0,0,0,197000,63000,134000,134000
068177,台積電群益02購04,0,0,0,0,0,0,0,0,0,133000,0,0,0,188000,55000,133000,133000
067627,中興電永豐01購01,0,0,0,0,0,0,0,0,0,133000,0,0,0,241000,108000,133000,133000
08250P,GIS群益9C售02   ,0,0,0,0,0,0,0,0,0,133000,0,0,0,166000,33000,133000,133000
059999,緯穎元富99購01  ,0,0,0,0,0,0,0,0,0,133000,0,0,0,183000,50000,133000,133000
060513,緯穎元大9B購01  ,0,0,0,0,0,0,0,0,0,133000,0,0,0,317000,184000,133000,133000
059189,國泰金富邦9B購01,0,0,0,0,0,0,0,0,0,133000,0,0,0,133000,0,133000,133000
067467,鴻海元大01購16  ,0,0,0,0,0,0,0,0,0,133000,0,0,0,133000,0,133000,133000
068172,燿華中信01購02  ,0,0,0,0,0,0,0,0,0,132000,0,0,0,132000,0,132000,132000
060596,元黃金凱基9A購02,0,0,0,0,0,0,0,0,0,132000,0,0,0,132000,0,132000,132000
060637,玉晶光永豐9A購03,0,0,0,0,0,0,0,0,0,132000,0,0,0,137000,5000,132000,132000
064197,智伸科群益9C購01,0,0,0,0,0,0,0,0,0,132000,0,0,0,135000,3000,132000,132000
064025,友達元大02購01  ,0,0,0,0,0,0,0,0,0,132000,0,0,0,132000,0,132000,132000
065536,健鼎統一02購04  ,0,0,0,0,0,0,0,0,0,132000,0,0,0,279000,147000,132000,132000
2727,王品            ,233000,101000,132000,0,0,0,0,0,0,0,0,0,0,0,0,0,132000
08179P,華新科元大9B售13,0,0,0,0,0,0,0,0,0,131000,0,0,0,131000,0,131000,131000
060240,富邦金元大9A購01,0,0,0,0,0,0,0,0,0,131000,0,0,0,135000,4000,131000,131000
060279,SP黃豆元大9A購01,0,0,0,0,0,0,0,0,0,131000,0,0,0,131000,0,131000,131000
063162,國喬永豐9B購01  ,0,0,0,0,0,0,0,0,0,131000,0,0,0,150000,19000,131000,131000
065839,鴻海元大9C購17  ,0,0,0,0,0,0,0,0,0,131000,0,0,0,161000,30000,131000,131000
066997,樺漢國泰03購01  ,0,0,0,0,0,0,0,0,0,131000,0,0,0,248000,117000,131000,131000
066850,鎧勝元大01購03  ,0,0,0,0,0,0,0,0,0,131000,0,0,0,140000,9000,131000,131000
9941,裕融            ,194000,63000,131000,0,0,0,0,0,0,0,0,0,0,0,0,0,131000
08899P,台積電群益01售16,0,0,0,0,0,0,0,0,0,131000,0,0,0,131000,0,131000,131000
067764,寶成永豐01購01  ,0,0,0,0,0,0,0,0,0,130000,0,0,0,131000,1000,130000,130000
060014,中鋼康和99購01  ,0,0,0,0,0,0,0,0,0,130000,0,0,0,130000,0,130000,130000
059261,華邦電中信01購01,0,0,0,0,0,0,0,0,0,130000,0,0,0,160000,30000,130000,130000
064350,茂林元大01購01  ,0,0,0,0,0,0,0,0,0,130000,0,0,0,200000,70000,130000,130000
03071P,GIS群益01售02   ,0,0,0,0,0,0,0,0,0,130000,0,0,0,130000,0,130000,130000
063163,京元電永豐9B購01,0,0,0,0,0,0,0,0,0,130000,0,0,0,130000,0,130000,130000
062776,鴻海元大9B購03  ,0,0,0,0,0,0,0,0,0,130000,0,0,0,142000,12000,130000,130000
062932,滬深2X凱基01購01,0,0,0,0,0,0,0,0,0,130000,0,0,0,286000,156000,130000,130000
065881,京元電台新9C購01,0,0,0,0,0,0,0,0,0,130000,0,0,0,130000,0,130000,130000
066036,神隆元大02購01  ,0,0,0,0,0,0,0,0,0,130000,0,0,0,132000,2000,130000,130000
065200,健策元富9C購04  ,0,0,0,0,0,0,0,0,0,130000,0,0,0,159000,29000,130000,130000
064966,FBVIX元大9C購03 ,0,0,0,0,0,0,0,0,0,130000,0,0,0,130000,0,130000,130000
08801P,聯發科元大01售13,0,0,0,0,0,0,0,0,0,130000,0,0,0,361000,231000,130000,130000
2404,漢唐            ,703000,514735,188265,0,0,0,0,0,0,-59000,0,10000,-10000,16000,65000,-49000,129265
068273,嘉晶永豐01購01  ,0,0,0,0,0,0,0,0,0,129000,0,0,0,219000,90000,129000,129000
064137,台泥統一02購01  ,0,0,0,0,0,0,0,0,0,129000,0,0,0,149000,20000,129000,129000
062976,嘉澤元富9B購01  ,0,0,0,0,0,0,0,0,0,129000,0,0,0,129000,0,129000,129000
060468,聯鈞元大9A購02  ,0,0,0,0,0,0,0,0,0,129000,0,0,0,153000,24000,129000,129000
058656,燿華中信99購01  ,0,0,0,0,0,0,0,0,0,129000,0,0,0,129000,0,129000,129000
058832,立積永豐99購01  ,0,0,0,0,0,0,0,0,0,129000,0,0,0,142000,13000,129000,129000
067234,正崴群益01購01  ,0,0,0,0,0,0,0,0,0,129000,0,0,0,129000,0,129000,129000
067468,鴻海元大01購17  ,0,0,0,0,0,0,0,0,0,129000,0,0,0,169000,40000,129000,129000
08080P,祥碩國票9B售03  ,0,0,0,0,0,0,0,0,0,128000,0,0,0,128000,0,128000,128000
057964,緯穎元大99購03  ,0,0,0,0,0,0,0,0,0,128000,0,0,0,183000,55000,128000,128000
058242,玉晶光元大9A購01,0,0,0,0,0,0,0,0,0,128000,0,0,0,232000,104000,128000,128000
058565,鴻海凱基9A購07  ,0,0,0,0,0,0,0,0,0,128000,0,0,0,141000,13000,128000,128000
059865,國巨凱基01購01  ,0,0,0,0,0,0,0,0,0,128000,0,0,0,152000,24000,128000,128000
063080,裕隆凱基9B購01  ,0,0,0,0,0,0,0,0,0,128000,0,0,0,791000,663000,128000,128000
064037,寶成元大9C購02  ,0,0,0,0,0,0,0,0,0,128000,0,0,0,195000,67000,128000,128000
064827,友達統一02購02  ,0,0,0,0,0,0,0,0,0,128000,0,0,0,128000,0,128000,128000
067508,奇鋐統一03購01  ,0,0,0,0,0,0,0,0,0,128000,0,0,0,282000,154000,128000,128000
067334,漢唐凱基01購01  ,0,0,0,0,0,0,0,0,0,128000,0,0,0,128000,0,128000,128000
066052,景碩元大02購01  ,0,0,0,0,0,0,0,0,0,128000,0,0,0,232000,104000,128000,128000
4414,如興            ,128000,0,128000,0,0,0,0,0,0,0,0,0,0,0,0,0,128000
3535,晶彩科          ,157000,51000,106000,0,0,0,0,0,0,22000,22000,0,22000,0,0,0,128000
03070P,台表科群益01售04,0,0,0,0,0,0,0,0,0,127000,0,0,0,151000,24000,127000,127000
064593,鈺齊永豐9C購01  ,0,0,0,0,0,0,0,0,0,127000,0,0,0,394000,267000,127000,127000
065527,巨大群益9C購03  ,0,0,0,0,0,0,0,0,0,127000,0,0,0,204000,77000,127000,127000
067293,智伸科兆豐03購01,0,0,0,0,0,0,0,0,0,127000,0,0,0,227000,100000,127000,127000
8404,百和興業-KY     ,158000,32000,126000,0,0,0,0,0,0,1000,1000,0,1000,0,0,0,127000
07950P,智邦元大9B售04  ,0,0,0,0,0,0,0,0,0,126000,0,0,0,274000,148000,126000,126000
07763P,嘉澤永豐9A售02  ,0,0,0,0,0,0,0,0,0,126000,0,0,0,126000,0,126000,126000
08171P,嘉澤國票9C售01  ,0,0,0,0,0,0,0,0,0,126000,0,0,0,230000,104000,126000,126000
068949,鴻海凱基02購08  ,0,0,0,0,0,0,0,0,0,126000,0,0,0,141000,15000,126000,126000
07068P,欣興台新99售01  ,0,0,0,0,0,0,0,0,0,126000,0,0,0,126000,0,126000,126000
053291,旺宏中信9A購01  ,127000,1000,126000,0,0,0,0,0,0,0,0,0,0,0,0,0,126000
066321,華碩永豐01購01  ,0,0,0,0,0,0,0,0,0,126000,0,0,0,388000,262000,126000,126000
065088,可成元大9C購09  ,0,0,0,0,0,0,0,0,0,126000,0,0,0,281000,155000,126000,126000
057306,玉晶光兆豐99購01,0,0,0,0,0,0,0,0,0,125000,0,0,0,125000,0,125000,125000
055006,晶相光元富9A購01,0,0,0,0,0,0,0,0,0,125000,0,0,0,125000,0,125000,125000
059334,A50正2國票9A購02,0,0,0,0,0,0,0,0,0,125000,0,0,0,135000,10000,125000,125000
061972,華新元大9B購01  ,0,0,0,0,0,0,0,0,0,125000,0,0,0,125000,0,125000,125000
066078,南電凱基02購02  ,0,0,0,0,0,0,0,0,0,125000,0,0,0,163000,38000,125000,125000
066086,東元永豐01購01  ,0,0,0,0,0,0,0,0,0,125000,0,0,0,136000,11000,125000,125000
065945,鴻海統一02購01  ,0,10000,-10000,0,0,0,0,0,0,135000,0,0,0,155000,20000,135000,125000
066229,力山富邦04購01  ,0,0,0,0,0,0,0,0,0,125000,0,0,0,196000,71000,125000,125000
066899,義隆康和01購01  ,0,0,0,0,0,0,0,0,0,125000,0,0,0,177000,52000,125000,125000
067301,漢唐元大01購02  ,0,0,0,0,0,0,0,0,0,125000,0,0,0,220000,95000,125000,125000
9945,潤泰新          ,868084,806261,61823,0,0,0,0,0,0,63000,26000,26000,0,83000,20000,63000,124823
067589,拓凱群益02購01  ,0,0,0,0,0,0,0,0,0,124000,0,0,0,224000,100000,124000,124000
060510,大立光元大9A購03,0,0,0,0,0,0,0,0,0,124000,0,0,0,235000,111000,124000,124000
03184P,台積電元大01售48,0,0,0,0,0,0,0,0,0,124000,0,0,0,149000,25000,124000,124000
064042,國巨統一9C購12  ,0,0,0,0,0,0,0,0,0,124000,0,0,0,190000,66000,124000,124000
063698,上銀群益9B購05  ,0,0,0,0,0,0,0,0,0,124000,0,0,0,124000,0,124000,124000
066563,日月光元大01購01,0,0,0,0,0,0,0,0,0,124000,0,0,0,167000,43000,124000,124000
065877,TPK群益9C購05   ,0,0,0,0,0,0,0,0,0,124000,0,0,0,153000,29000,124000,124000
067793,鈺齊群益01購02  ,0,0,0,0,0,0,0,0,0,123000,0,0,0,248000,125000,123000,123000
08263P,台表科元大9C售06,0,0,0,0,0,0,0,0,0,123000,0,0,0,244000,121000,123000,123000
060556,緯穎凱基9A購04  ,0,0,0,0,0,0,0,0,0,123000,0,0,0,133000,10000,123000,123000
063321,泰鼎群益9B購03  ,0,0,0,0,0,0,0,0,0,123000,0,0,0,123000,0,123000,123000
064238,玉晶光統一01購08,0,0,0,0,0,0,0,0,0,123000,0,0,0,172000,49000,123000,123000
065732,健策凱基9C購04  ,0,0,0,0,0,0,0,0,0,123000,0,0,0,125000,2000,123000,123000
067103,聯發科群益01購04,0,0,0,0,0,0,0,0,0,123000,0,0,0,123000,0,123000,123000
2820,華票            ,446000,328000,118000,0,0,0,1000,0,1000,4000,4000,0,4000,0,0,0,123000
068856,台達電元富08購01,0,0,0,0,0,0,0,0,0,122000,0,0,0,122000,0,122000,122000
067970,玉晶光群益02購20,0,0,0,0,0,0,0,0,0,122000,0,0,0,184000,62000,122000,122000
059064,緯穎凱基99購02  ,0,0,0,0,0,0,0,0,0,122000,0,0,0,122000,0,122000,122000
063021,大立光元大9C購05,0,0,0,0,0,0,0,0,0,122000,0,0,0,128000,6000,122000,122000
061254,道瓊反凱基9A購02,0,0,0,0,0,0,0,0,0,122000,0,0,0,122000,0,122000,122000
062926,嘉澤國票9B購01  ,0,0,0,0,0,0,0,0,0,122000,0,0,0,159000,37000,122000,122000
064507,臻鼎元大9C購02  ,0,0,0,0,0,0,0,0,0,122000,0,0,0,255000,133000,122000,122000
066931,友達國票02購01  ,0,0,0,0,0,0,0,0,0,122000,0,0,0,160000,38000,122000,122000
067419,鴻海凱基02購06  ,0,0,0,0,0,0,0,0,0,122000,0,0,0,122000,0,122000,122000
1808,潤隆            ,136000,12000,124000,0,0,0,0,0,0,-2000,0,2000,-2000,0,0,0,122000
1731,美吾華          ,199000,77000,122000,0,0,0,0,0,0,0,0,0,0,0,0,0,122000
1527,鑽全            ,181000,59000,122000,0,0,0,0,0,0,0,0,0,0,0,0,0,122000
068192,台積電凱基03購04,0,0,0,0,0,0,0,0,0,121000,0,0,0,161000,40000,121000,121000
068655,台積電元大02購08,0,0,0,0,0,0,0,0,0,121000,0,0,0,518000,397000,121000,121000
08121P,聯發科國票9B售05,0,0,0,0,0,0,0,0,0,121000,0,0,0,121000,0,121000,121000
058274,世紀鋼永豐99購01,0,0,0,0,0,0,0,0,0,121000,0,0,0,131000,10000,121000,121000
063796,鴻海凱基9C購02  ,0,0,0,0,0,0,0,0,0,121000,0,0,0,156000,35000,121000,121000
066982,嘉晶群益02購01  ,0,0,0,0,0,0,0,0,0,121000,0,0,0,153000,32000,121000,121000
066066,鴻海凱基01購05  ,0,0,0,0,0,0,0,0,0,121000,0,0,0,187000,66000,121000,121000
3665,貿聯-KY         ,396000,325000,71000,0,0,0,9000,0,9000,41000,22000,1000,21000,32000,12000,20000,121000
07853P,國巨凱基9A售19  ,0,0,0,0,0,0,0,0,0,120000,0,0,0,120000,0,120000,120000
08439P,智邦國票01售02  ,0,0,0,0,0,0,0,0,0,120000,0,0,0,155000,35000,120000,120000
068240,道瓊銀元大01購05,0,0,0,0,0,0,0,0,0,120000,0,0,0,183000,63000,120000,120000
05887P,友達元富99售03  ,0,0,0,0,0,0,0,0,0,120000,0,0,0,180000,60000,120000,120000
063901,緯穎群益9C購01  ,0,0,0,0,0,0,0,0,0,120000,0,0,0,429000,309000,120000,120000
062045,崇越凱基9B購01  ,0,0,0,0,0,0,0,0,0,120000,0,0,0,120000,0,120000,120000
061719,緯穎凱基9A購06  ,0,0,0,0,0,0,0,0,0,120000,0,0,0,162000,42000,120000,120000
068373,華通永豐01購02  ,0,0,0,0,0,0,0,0,0,119000,0,0,0,119000,0,119000,119000
067754,元金2X元大01購02,0,0,0,0,0,0,0,0,0,119000,0,0,0,120000,1000,119000,119000
063058,A50正2元富02購01,0,0,0,0,0,0,0,0,0,119000,0,0,0,121000,2000,119000,119000
061038,TPK永豐9A購01   ,0,0,0,0,0,0,0,0,0,119000,0,0,0,131000,12000,119000,119000
062289,緯穎群益9B購01  ,0,0,0,0,0,0,0,0,0,119000,0,0,0,184000,65000,119000,119000
066206,聯鈞統一01購01  ,0,0,0,0,0,0,0,0,0,119000,0,0,0,130000,11000,119000,119000
065882,景碩台新9C購03  ,0,0,0,0,0,0,0,0,0,119000,0,0,0,194000,75000,119000,119000
065851,京鼎元大02購01  ,0,0,0,0,0,0,0,0,0,119000,0,0,0,203000,84000,119000,119000
065761,中租元大9C購02  ,0,0,0,0,0,0,0,0,0,119000,0,0,0,314000,195000,119000,119000
068443,致伸凱基01購01  ,0,0,0,0,0,0,0,0,0,118000,0,0,0,124000,6000,118000,118000
058613,茂林元大99購03  ,0,0,0,0,0,0,0,0,0,118000,0,0,0,120000,2000,118000,118000
03016P,滬深2X群益01售09,0,0,0,0,0,0,0,0,0,118000,0,0,0,118000,0,118000,118000
063691,聯鈞永豐9B購01  ,0,0,0,0,0,0,0,0,0,118000,0,0,0,124000,6000,118000,118000
065579,南茂群益9C購02  ,0,0,0,0,0,0,0,0,0,118000,0,0,0,129000,11000,118000,118000
064538,鈺齊國票01購01  ,0,0,0,0,0,0,0,0,0,118000,0,0,0,118000,0,118000,118000
065380,緯穎元大9C購02  ,0,0,0,0,0,0,0,0,0,118000,0,0,0,262000,144000,118000,118000
068728,宏達電元大02購03,0,0,0,0,0,0,0,0,0,117000,0,0,0,147000,30000,117000,117000
08349P,南六元大9C售03  ,0,0,0,0,0,0,0,0,0,117000,0,0,0,369000,252000,117000,117000
08674P,嘉晶元富07售02  ,0,0,0,0,0,0,0,0,0,117000,0,0,0,117000,0,117000,117000
061822,和潤群益9B購01  ,0,0,0,0,0,0,0,0,0,117000,0,0,0,117000,0,117000,117000
062579,華通統一01購02  ,0,0,0,0,0,0,0,0,0,117000,0,0,0,358000,241000,117000,117000
064699,臻鼎群益9C購01  ,0,0,0,0,0,0,0,0,0,117000,0,0,0,134000,17000,117000,117000
064819,華新統一01購02  ,0,0,0,0,0,0,0,0,0,117000,0,0,0,145000,28000,117000,117000
063219,友達群益9B購03  ,0,0,0,0,0,0,0,0,0,117000,0,0,0,127000,10000,117000,117000
067450,聯發科國票02購01,0,0,0,0,0,0,0,0,0,117000,0,0,0,131000,14000,117000,117000
1609,大亞            ,7978000,7846000,132000,0,0,0,0,0,0,-15000,10000,25000,-15000,0,0,0,117000
03290P,亞德客元大02售01,0,0,0,0,0,0,0,0,0,116000,0,0,0,130000,14000,116000,116000
065413,玉晶光永豐9C購10,0,0,0,0,0,0,0,0,0,116000,0,0,0,116000,0,116000,116000
066223,拓凱國泰03購01  ,0,0,0,0,0,0,0,0,0,116000,0,0,0,120000,4000,116000,116000
3694,海華            ,429000,313000,116000,0,0,0,0,0,0,0,0,0,0,0,0,0,116000
08086P,燿華凱基9B售03  ,0,0,0,0,0,0,0,0,0,115000,0,0,0,200000,85000,115000,115000
08131P,立積元大9B售02  ,0,0,0,0,0,0,0,0,0,115000,0,0,0,135000,20000,115000,115000
07690P,華新科元大9A售15,0,0,0,0,0,0,0,0,0,115000,0,0,0,115000,0,115000,115000
068203,玉晶光凱基03購03,0,0,0,0,0,0,0,0,0,115000,0,0,0,120000,5000,115000,115000
067695,國產中信05購01  ,0,0,0,0,0,0,0,0,0,115000,0,0,0,315000,200000,115000,115000
03039P,玉晶光國票02售04,0,0,0,0,0,0,0,0,0,115000,0,0,0,115000,0,115000,115000
058421,國泰金麥證01購01,0,0,0,115000,0,115000,0,0,0,115000,0,0,0,115000,0,115000,115000
064817,鈺齊元大9C購02  ,0,0,0,0,0,0,0,0,0,115000,0,0,0,124000,9000,115000,115000
061374,力山永豐9A購04  ,0,0,0,0,0,0,0,0,0,115000,0,0,0,170000,55000,115000,115000
063902,志超群益9C購01  ,0,0,0,0,0,0,0,0,0,115000,0,0,0,175000,60000,115000,115000
065897,凌華統一03購01  ,0,0,0,0,0,0,0,0,0,115000,0,0,0,140000,25000,115000,115000
067266,義隆國泰03購01  ,0,0,0,0,0,0,0,0,0,115000,0,0,0,509000,394000,115000,115000
066903,中興電凱基01購01,0,0,0,0,0,0,0,0,0,115000,0,0,0,148000,33000,115000,115000
068067,台積電凱基01購17,0,0,0,0,0,0,0,0,0,114000,0,0,0,124000,10000,114000,114000
068409,緯穎元富07購01  ,0,0,0,0,0,0,0,0,0,114000,0,0,0,294000,180000,114000,114000
07471P,南亞科元大9A售01,0,0,0,0,0,0,0,0,0,114000,0,0,0,115000,1000,114000,114000
068861,聯發科元富08購02,0,0,0,0,0,0,0,0,0,114000,0,0,0,215000,101000,114000,114000
058184,鴻海永豐99購01  ,0,0,0,0,0,0,0,0,0,114000,0,0,0,477000,363000,114000,114000
057840,健策富邦99購01  ,0,0,0,0,0,0,0,0,0,114000,0,0,0,114000,0,114000,114000
059687,卜蜂永豐99購01  ,0,0,0,0,0,0,0,0,0,114000,0,0,0,127000,13000,114000,114000
064868,嘉晶永豐9C購02  ,0,0,0,0,0,0,0,0,0,114000,0,0,0,124000,10000,114000,114000
066883,聯發科永豐01購01,0,0,0,0,0,0,0,0,0,114000,0,0,0,270000,156000,114000,114000
067343,嘉澤凱基01購01  ,0,0,0,0,0,0,0,0,0,114000,0,0,0,114000,0,114000,114000
068723,億光元大02購01  ,0,0,0,0,0,0,0,0,0,113000,0,0,0,131000,18000,113000,113000
068772,欣興統一04購01  ,0,0,0,0,0,0,0,0,0,113000,0,0,0,113000,0,113000,113000
03182P,聯電元大01售08  ,0,0,0,0,0,0,0,0,0,113000,0,0,0,113000,0,113000,113000
060426,盛群永豐9A購01  ,0,0,0,0,0,0,0,0,0,113000,0,0,0,113000,0,113000,113000
058193,緯穎永豐99購01  ,0,0,0,0,0,0,0,0,0,113000,0,0,0,114000,1000,113000,113000
064575,鈺齊群益9C購01  ,0,0,0,0,0,0,0,0,0,113000,0,0,0,161000,48000,113000,113000
065737,南茂凱基9C購02  ,0,0,0,0,0,0,0,0,0,113000,0,0,0,140000,27000,113000,113000
065063,玉晶光群益02購04,0,0,0,0,0,0,0,0,0,113000,0,0,0,114000,1000,113000,113000
069135,南帝永豐02購01  ,0,0,0,0,0,0,0,0,0,112000,0,0,0,114000,2000,112000,112000
08199P,大毅元大9B售02  ,0,0,0,0,0,0,0,0,0,112000,0,0,0,112000,0,112000,112000
064830,可成統一9C購04  ,0,0,0,0,0,0,0,0,0,112000,0,0,0,162000,50000,112000,112000
062597,世紀鋼統一01購01,0,0,0,0,0,0,0,0,0,112000,0,0,0,138000,26000,112000,112000
065222,玉晶光永豐9C購07,0,0,0,0,0,0,0,0,0,112000,0,0,0,112000,0,112000,112000
065285,宏碁群益01購01  ,0,0,0,0,0,0,0,0,0,112000,0,0,0,125000,13000,112000,112000
067364,緯穎群益01購05  ,0,0,0,0,0,0,0,0,0,112000,0,0,0,113000,1000,112000,112000
066794,鴻海凱基01購07  ,0,0,0,0,0,0,0,0,0,112000,0,0,0,113000,1000,112000,112000
068504,訊芯元大01購02  ,0,0,0,0,0,0,0,0,0,111000,0,0,0,566000,455000,111000,111000
067836,聯發科統一03購05,0,0,0,0,0,0,0,0,0,111000,0,0,0,147000,36000,111000,111000
064836,群創統一9C購04  ,0,0,0,0,0,0,0,0,0,111000,0,0,0,168000,57000,111000,111000
066410,潤泰新凱基01購01,0,0,0,0,0,0,0,0,0,111000,0,0,0,357000,246000,111000,111000
066448,眾達群益01購01  ,0,0,0,0,0,0,0,0,0,111000,0,0,0,118000,7000,111000,111000
067082,健策元大01購07  ,0,0,0,0,0,0,0,0,0,111000,0,0,0,192000,81000,111000,111000
065864,光寶科群益9C購01,0,0,0,0,0,0,0,0,0,111000,0,0,0,111000,0,111000,111000
068234,T50反1元大01購07,0,0,0,0,0,0,0,0,0,110000,0,0,0,110000,0,110000,110000
068582,聯發科永豐01購04,0,0,0,0,0,0,0,0,0,110000,0,0,0,120000,10000,110000,110000
08213P,台光電統一9B售03,0,0,0,0,0,0,0,0,0,110000,0,0,0,130000,20000,110000,110000
08110P,臺股指中信01售05,0,0,0,0,0,0,0,0,0,110000,0,0,0,120000,10000,110000,110000
068921,奇鋐元富08購01  ,0,0,0,0,0,0,0,0,0,110000,0,0,0,120000,10000,110000,110000
058353,國巨凱基99購09  ,0,0,0,0,0,0,0,0,0,110000,0,0,0,145000,35000,110000,110000
060370,滬深2X元富04購01,0,0,0,0,0,0,0,0,0,110000,0,0,0,110000,0,110000,110000
03201P,台灣50凱基04售13,0,0,0,0,0,0,0,0,0,110000,0,0,0,110000,0,110000,110000
057451,大立光元富9B購01,0,0,0,0,0,0,0,0,0,110000,0,0,0,116000,6000,110000,110000
055092,開發金群益9B購01,0,0,0,0,0,0,0,0,0,110000,0,0,0,110000,0,110000,110000
064747,彩晶國票01購01  ,0,0,0,0,0,0,0,0,0,110000,0,0,0,117000,7000,110000,110000
061488,奇力新兆豐9A購01,0,0,0,0,0,0,0,0,0,110000,0,0,0,120000,10000,110000,110000
063593,GIS永豐9B購01   ,0,0,0,0,0,0,0,0,0,110000,0,0,0,210000,100000,110000,110000
061798,晶豪科永豐9B購01,0,0,0,0,0,0,0,0,0,110000,0,0,0,120000,10000,110000,110000
061227,日月光中信9B購01,0,0,0,0,0,0,0,0,0,110000,0,0,0,249000,139000,110000,110000
065060,上銀群益9C購02  ,0,0,0,0,0,0,0,0,0,110000,0,0,0,110000,0,110000,110000
065007,群創國票01購01  ,0,0,0,0,0,0,0,0,0,110000,0,0,0,110000,0,110000,110000
067116,嘉澤群益01購02  ,0,0,0,0,0,0,0,0,0,110000,0,0,0,110000,0,110000,110000
06651P,華新科元大99售09,0,0,0,0,0,0,0,0,0,110000,0,0,0,110000,0,110000,110000
069061,台積電麥證02購03,0,0,0,109000,0,109000,0,0,0,109000,0,0,0,109000,0,109000,109000
08296P,同欣電元大9C售04,0,0,0,0,0,0,0,0,0,109000,0,0,0,119000,10000,109000,109000
068629,聯電康和02購01  ,0,0,0,0,0,0,0,0,0,109000,0,0,0,939000,830000,109000,109000
03067P,南亞科群益01售01,0,0,0,0,0,0,0,0,0,109000,0,0,0,128000,19000,109000,109000
00735,國泰臺韓科技    ,0,0,0,0,0,0,0,0,0,109000,0,0,0,250000,141000,109000,109000
058154,泰碩統一9A購01  ,0,0,0,0,0,0,0,0,0,109000,0,0,0,309000,200000,109000,109000
061125,億光永豐9A購01  ,0,0,0,0,0,0,0,0,0,109000,0,0,0,114000,5000,109000,109000
062401,信邦永豐9B購01  ,0,0,0,0,0,0,0,0,0,109000,0,0,0,127000,18000,109000,109000
067257,帆宣國票02購01  ,0,0,0,0,0,0,0,0,0,109000,0,0,0,161000,52000,109000,109000
068600,台積電凱基03購06,0,0,0,0,0,0,0,0,0,108000,0,0,0,108000,0,108000,108000
068316,台灣50元大01購34,0,0,0,0,0,0,0,0,0,108000,0,0,0,257000,149000,108000,108000
08393P,鴻海群益9C售05  ,19000,0,19000,0,0,0,0,0,0,89000,0,0,0,164000,75000,89000,108000
058672,可成群益9B購02  ,0,0,0,0,0,0,0,0,0,108000,0,0,0,108000,0,108000,108000
060315,易華電永豐9A購01,0,0,0,0,0,0,0,0,0,108000,0,0,0,108000,0,108000,108000
064783,貿聯群益9C購03  ,0,0,0,0,0,0,0,0,0,108000,0,0,0,115000,7000,108000,108000
063802,南茂凱基9C購01  ,0,0,0,0,0,0,0,0,0,108000,0,0,0,122000,14000,108000,108000
061192,奇鋐永豐9A購01  ,0,0,0,0,0,0,0,0,0,108000,0,0,0,195000,87000,108000,108000
063296,可成麥證9B購01  ,0,0,0,126000,0,126000,0,0,0,108000,0,0,0,126000,18000,108000,108000
067325,巨大元大01購05  ,0,0,0,0,0,0,0,0,0,108000,0,0,0,118000,10000,108000,108000
066801,奇鋐凱基01購02  ,0,0,0,0,0,0,0,0,0,108000,0,0,0,137000,29000,108000,108000
066133,京元電群益01購01,0,0,0,0,0,0,0,0,0,108000,0,0,0,153000,45000,108000,108000
08061P,大毅國票9B售04  ,0,0,0,0,0,0,0,0,0,107000,0,0,0,146000,39000,107000,107000
068283,帆宣中信01購02  ,0,0,0,0,0,0,0,0,0,107000,0,0,0,107000,0,107000,107000
068577,台積電國泰03購08,0,0,0,0,0,0,0,0,0,107000,0,0,0,591000,484000,107000,107000
067859,滬深2X元大01購12,0,0,0,0,0,0,0,0,0,107000,0,0,0,107000,0,107000,107000
067603,冠德凱基02購01  ,0,0,0,0,0,0,0,0,0,107000,0,0,0,128000,21000,107000,107000
060328,可成群益9A購06  ,0,0,0,0,0,0,0,0,0,107000,0,0,0,107000,0,107000,107000
060467,神基元大9A購01  ,0,0,0,0,0,0,0,0,0,107000,0,0,0,162000,55000,107000,107000
063291,緯穎元大01購01  ,0,0,0,0,0,0,0,0,0,107000,0,0,0,163000,56000,107000,107000
060960,金像電凱基9B購01,0,0,0,0,0,0,0,0,0,107000,0,0,0,107000,0,107000,107000
062640,訊連國票9C購01  ,0,0,0,0,0,0,0,0,0,107000,0,0,0,195000,88000,107000,107000
066284,松翰元大01購01  ,0,0,0,0,0,0,0,0,0,107000,0,0,0,108000,1000,107000,107000
066377,健策兆豐01購02  ,0,0,0,0,0,0,0,0,0,107000,0,0,0,136000,29000,107000,107000
067645,樺漢統一02購01  ,0,0,0,0,0,0,0,0,0,106000,0,0,0,109000,3000,106000,106000
059951,台塑康和99購01  ,0,0,0,0,0,0,0,0,0,106000,0,0,0,184000,78000,106000,106000
062701,漢唐元大9B購01  ,0,0,0,0,0,0,0,0,0,106000,0,0,0,142000,36000,106000,106000
064795,致伸國票01購01  ,0,0,0,0,0,0,0,0,0,106000,0,0,0,106000,0,106000,106000
066514,盟立永豐01購01  ,0,0,0,0,0,0,0,0,0,106000,0,0,0,106000,0,106000,106000
066439,信錦群益02購01  ,0,0,0,0,0,0,0,0,0,106000,0,0,0,106000,0,106000,106000
065853,智伸科元大9C購02,0,0,0,0,0,0,0,0,0,106000,0,0,0,106000,0,106000,106000
08861P,台積電統一01售10,0,0,0,0,0,0,0,0,0,106000,0,0,0,114000,8000,106000,106000
068277,緯穎永豐01購03  ,0,0,0,0,0,0,0,0,0,105000,0,0,0,115000,10000,105000,105000
07703P,玉晶光中信9B售03,0,0,0,0,0,0,0,0,0,105000,0,0,0,105000,0,105000,105000
059165,南亞科凱基99購04,0,0,0,0,0,0,0,0,0,105000,0,0,0,140000,35000,105000,105000
059036,可成群益9B購03  ,0,0,0,0,0,0,0,0,0,105000,0,0,0,206000,101000,105000,105000
063642,茂林元大9B購08  ,0,0,0,0,0,0,0,0,0,105000,0,0,0,105000,0,105000,105000
00656R,國泰中國A50反1  ,0,0,0,0,0,0,0,0,0,105000,0,0,0,270000,165000,105000,105000
056353,鴻海元大99購02  ,0,0,0,0,0,0,0,0,0,105000,0,0,0,7497000,7392000,105000,105000
062897,上銀元大9B購06  ,0,0,0,0,0,0,0,0,0,105000,0,0,0,105000,0,105000,105000
063961,世紀鋼元大9C購05,0,0,0,0,0,0,0,0,0,105000,0,0,0,303000,198000,105000,105000
065167,華通元大02購01  ,0,0,0,0,0,0,0,0,0,105000,0,0,0,183000,78000,105000,105000
064992,玉晶光兆豐01購01,0,0,0,0,0,0,0,0,0,105000,0,0,0,137000,32000,105000,105000
08920P,臺股指凱基03售07,0,0,0,0,0,0,0,0,0,105000,0,0,0,273000,168000,105000,105000
3376,新日興          ,290000,287000,3000,0,0,0,0,0,0,102000,54000,19000,35000,73000,6000,67000,105000
068778,華邦電台新02購01,0,0,0,0,0,0,0,0,0,104000,0,0,0,111000,7000,104000,104000
03320P,台達電凱基02售02,0,0,0,0,0,0,0,0,0,104000,0,0,0,138000,34000,104000,104000
066249,生達元大01購01  ,0,25000,-25000,0,0,0,0,0,0,129000,0,0,0,380000,251000,129000,104000
9940,信義            ,139000,34000,105000,0,0,0,0,0,0,-1000,3000,4000,-1000,0,0,0,104000
1312,國喬            ,918000,718000,200000,0,0,0,0,0,0,-96000,92000,112000,-20000,0,76000,-76000,104000
068590,台積電元富07購12,0,0,0,0,0,0,0,0,0,103000,0,0,0,106000,3000,103000,103000
068528,緯創元富03購01  ,0,0,0,0,0,0,0,0,0,103000,0,0,0,108000,5000,103000,103000
068155,國揚元大01購03  ,0,0,0,0,0,0,0,0,0,103000,0,0,0,313000,210000,103000,103000
068919,台積電元富08購09,0,0,0,0,0,0,0,0,0,103000,0,0,0,110000,7000,103000,103000
03126P,旭富凱基01售04  ,0,0,0,0,0,0,0,0,0,103000,0,0,0,103000,0,103000,103000
060123,光罩永豐99購02  ,0,0,0,0,0,0,0,0,0,103000,0,0,0,314000,211000,103000,103000
061959,鴻海統一9B購04  ,0,0,0,0,0,0,0,0,0,103000,0,0,0,561000,458000,103000,103000
061819,茂林群益9B購01  ,0,0,0,0,0,0,0,0,0,103000,0,0,0,103000,0,103000,103000
062716,鴻海凱基9B購06  ,0,0,0,0,0,0,0,0,0,103000,0,0,0,168000,65000,103000,103000
062725,大立光凱基9B購06,0,0,0,0,0,0,0,0,0,103000,0,0,0,103000,0,103000,103000
062804,玉晶光統一9C購04,0,0,0,0,0,0,0,0,0,103000,0,0,0,113000,10000,103000,103000
063757,鴻海統一9C購16  ,0,0,0,0,0,0,0,0,0,103000,0,0,0,103000,0,103000,103000
065214,友達國泰01購01  ,0,0,0,0,0,0,0,0,0,103000,0,0,0,130000,27000,103000,103000
067434,日月光凱基01購01,0,0,0,0,0,0,0,0,0,103000,0,0,0,317000,214000,103000,103000
067424,美律凱基02購02  ,0,0,0,0,0,0,0,0,0,103000,0,0,0,115000,12000,103000,103000
067500,台表科元大01購03,0,0,0,0,0,0,0,0,0,103000,0,0,0,119000,16000,103000,103000
1467,南緯            ,323000,208000,115000,0,0,0,0,0,0,-12000,0,12000,-12000,0,0,0,103000
08516P,技嘉群益01售02  ,0,0,0,0,0,0,0,0,0,102000,0,0,0,110000,8000,102000,102000
068226,聯發科元富04購02,0,0,0,0,0,0,0,0,0,102000,0,0,0,133000,31000,102000,102000
056349,道瓊銀元大9B購01,0,0,0,0,0,0,0,0,0,102000,0,0,0,102000,0,102000,102000
061437,燿華凱基9A購01  ,0,0,0,0,0,0,0,0,0,102000,0,0,0,102000,0,102000,102000
063567,漢唐元大9B購03  ,0,0,0,0,0,0,0,0,0,102000,0,0,0,152000,50000,102000,102000
067090,南六元大01購04  ,0,0,0,0,0,0,0,0,0,102000,0,0,0,147000,45000,102000,102000
064570,TPK群益9C購03   ,0,0,0,0,0,0,0,0,0,102000,0,0,0,208000,106000,102000,102000
065747,華通元大9C購07  ,0,0,0,0,0,0,0,0,0,102000,0,0,0,394000,292000,102000,102000
068769,義隆統一04購01  ,0,0,0,0,0,0,0,0,0,101000,0,0,0,120000,19000,101000,101000
067556,義隆國票02購02  ,0,0,0,0,0,0,0,0,0,101000,0,0,0,117000,16000,101000,101000
08366P,祥碩凱基9C售04  ,0,0,0,0,0,0,0,0,0,101000,0,0,0,168000,67000,101000,101000
07285P,上証2X群益01售02,0,0,0,0,0,0,0,0,0,101000,0,0,0,101000,0,101000,101000
057556,智易凱基99購01  ,0,0,0,0,0,0,0,0,0,101000,0,0,0,131000,30000,101000,101000
063504,國巨群益9C購06  ,0,0,0,0,0,0,0,0,0,101000,0,0,0,104000,3000,101000,101000
064470,世紀鋼元富03購01,0,0,0,0,0,0,0,0,0,101000,0,0,0,241000,140000,101000,101000
065504,宏達電永豐9C購01,0,0,0,0,0,0,0,0,0,101000,0,0,0,113000,12000,101000,101000
066322,群光永豐01購01  ,0,0,0,0,0,0,0,0,0,101000,0,0,0,188000,87000,101000,101000
06931P,大立光元大98售20,0,0,0,0,0,0,0,0,0,100000,0,0,0,101000,1000,100000,100000
06891P,緯穎富邦99售03  ,0,0,0,0,0,0,0,0,0,100000,0,0,0,100000,0,100000,100000
069046,國巨元富08購02  ,0,0,0,0,0,0,0,0,0,100000,0,0,0,155000,55000,100000,100000
069143,強茂永豐02購01  ,0,0,0,0,0,0,0,0,0,100000,0,0,0,100000,0,100000,100000
08734P,創意康和01售02  ,0,0,0,0,0,0,0,0,0,100000,0,0,0,100000,0,100000,100000
08738P,TPK凱基01售02   ,0,0,0,0,0,0,0,0,0,100000,0,0,0,170000,70000,100000,100000
08134P,臺股指元大9B售40,0,0,0,0,0,0,0,0,0,100000,0,0,0,100000,0,100000,100000
067625,欣興富邦03購01  ,0,0,0,0,0,0,0,0,0,100000,0,0,0,102000,2000,100000,100000
067857,百和國票02購01  ,0,0,0,0,0,0,0,0,0,100000,0,0,0,347000,247000,100000,100000
067771,新光金統一03購01,0,0,0,0,0,0,0,0,0,100000,0,0,0,100000,0,100000,100000
068150,英業達元大01購02,0,0,0,0,0,0,0,0,0,100000,0,0,0,100000,0,100000,100000
067972,玉晶光群益02購22,0,0,0,0,0,0,0,0,0,100000,0,0,0,100000,0,100000,100000
068634,台積電凱基03購08,0,0,0,0,0,0,0,0,0,100000,0,0,0,115000,15000,100000,100000
056277,上銀富邦99購02  ,0,0,0,0,0,0,0,0,0,100000,0,0,0,100000,0,100000,100000
055997,矽創國泰99購01  ,0,0,0,0,0,0,0,0,0,100000,0,0,0,100000,0,100000,100000
059700,鴻海凱基9A購16  ,0,0,0,0,0,0,0,0,0,100000,0,0,0,100000,0,100000,100000
052328,台表科中信99購01,0,0,0,0,0,0,0,0,0,100000,0,0,0,100000,0,100000,100000
057102,亞光中信9A購01  ,0,0,0,0,0,0,0,0,0,100000,0,0,0,100000,0,100000,100000
064362,友達統一01購02  ,0,0,0,0,0,0,0,0,0,100000,0,0,0,100000,0,100000,100000
057745,泰鼎永豐99購01  ,0,0,0,0,0,0,0,0,0,100000,0,0,0,128000,28000,100000,100000
057738,旺宏富邦9A購01  ,0,0,0,0,0,0,0,0,0,100000,0,0,0,100000,0,100000,100000
064252,嘉澤元富9C購01  ,0,0,0,0,0,0,0,0,0,100000,0,0,0,110000,10000,100000,100000
059395,T50反1元富99購03,0,0,0,0,0,0,0,0,0,100000,0,0,0,100000,0,100000,100000
060414,中興電永豐9A購01,0,0,0,0,0,0,0,0,0,100000,0,0,0,200000,100000,100000,100000
059926,世紀鋼國泰9B購01,0,0,0,0,0,0,0,0,0,100000,0,0,0,100000,0,100000,100000
060216,鴻海凱基9A購17  ,0,0,0,0,0,0,0,0,0,100000,0,0,0,100000,0,100000,100000
060677,京元電元大9A購04,0,0,0,0,0,0,0,0,0,100000,0,0,0,142000,42000,100000,100000
058207,南茂凱基99購01  ,0,0,0,0,0,0,0,0,0,100000,0,0,0,105000,5000,100000,100000
058896,中環元大99購03  ,0,0,0,0,0,0,0,0,0,100000,0,0,0,100000,0,100000,100000
058927,勤誠元富99購02  ,0,0,0,0,0,0,0,0,0,100000,0,0,0,100000,0,100000,100000
06448P,華通元大99售01  ,0,0,0,0,0,0,0,0,0,100000,0,0,0,186000,86000,100000,100000
064499,可成元大9C購07  ,0,0,0,0,0,0,0,0,0,100000,0,0,0,152000,52000,100000,100000
064805,金像電元大9C購04,0,0,0,0,0,0,0,0,0,100000,0,0,0,100000,0,100000,100000
064882,同欣電兆豐9C購01,0,0,0,0,0,0,0,0,0,100000,0,0,0,100000,0,100000,100000
063157,鴻海台新9B購02  ,0,0,0,0,0,0,0,0,0,100000,0,0,0,100000,0,100000,100000
062706,大立光元大9B購06,0,0,0,0,0,0,0,0,0,100000,0,0,0,100000,0,100000,100000
062734,臺指反國票9C購03,0,0,0,0,0,0,0,0,0,100000,0,0,0,100000,0,100000,100000
062601,富邦金台新9B購01,0,0,0,0,0,0,0,0,0,100000,0,0,0,100000,0,100000,100000
063499,金像電永豐9B購03,0,0,0,0,0,0,0,0,0,100000,0,0,0,162000,62000,100000,100000
063131,聯茂元大9B購03  ,0,0,0,0,0,0,0,0,0,100000,0,0,0,129000,29000,100000,100000
063717,宏達電兆豐9B購02,0,0,0,0,0,0,0,0,0,100000,0,0,0,120000,20000,100000,100000
063820,華邦電麥證01購01,0,0,0,100000,0,100000,0,0,0,100000,0,0,0,100000,0,100000,100000
061834,華新科凱基02購02,0,0,0,0,0,0,0,0,0,100000,0,0,0,100000,0,100000,100000
064080,宏達電中信06購01,0,0,0,0,0,0,0,0,0,100000,0,0,0,210000,110000,100000,100000
062565,漢唐中信9C購01  ,0,0,0,0,0,0,0,0,0,100000,0,0,0,100000,0,100000,100000
062220,台光電統一01購01,0,0,0,0,0,0,0,0,0,100000,0,0,0,100000,0,100000,100000
066413,鴻海元大01購06  ,0,0,0,0,0,0,0,0,0,100000,0,0,0,100000,0,100000,100000
066537,全新兆豐01購01  ,0,0,0,0,0,0,0,0,0,100000,0,0,0,100000,0,100000,100000
066782,A50正2中信03購01,0,0,0,0,0,0,0,0,0,100000,0,0,0,100000,0,100000,100000
067066,鴻海元大01購15  ,0,0,0,0,0,0,0,0,0,100000,0,0,0,105000,5000,100000,100000
067003,聯發科永豐01購02,0,0,0,0,0,0,0,0,0,100000,0,0,0,259000,159000,100000,100000
067125,健策富邦03購01  ,0,0,0,0,0,0,0,0,0,100000,0,0,0,252000,152000,100000,100000
064892,台達電群益9C購02,0,0,0,0,0,0,0,0,0,100000,0,0,0,100000,0,100000,100000
064548,漢翔凱基9C購01  ,0,0,0,0,0,0,0,0,0,100000,0,0,0,308000,208000,100000,100000
064977,玉晶光元大01購03,0,0,0,0,0,0,0,0,0,100000,0,0,0,126000,26000,100000,100000
065655,緯穎元大9C購05  ,0,0,0,0,0,0,0,0,0,100000,0,0,0,105000,5000,100000,100000
065959,T50反1元大01購02,0,0,0,0,0,0,0,0,0,100000,0,0,0,300000,200000,100000,100000
08989P,玉晶光國票03售01,0,0,0,0,0,0,0,0,0,100000,0,0,0,100000,0,100000,100000
3380,明泰            ,1378000,1331000,47000,0,0,0,0,0,0,53000,58000,100000,-42000,97000,2000,95000,100000
4968,立積            ,940000,822000,118000,0,0,0,8000,43000,-35000,17000,45000,51000,-6000,51000,28000,23000,100000
08329P,台達電統一9C售02,0,0,0,0,0,0,0,0,0,99000,0,0,0,100000,1000,99000,99000
08089P,嘉澤凱基9B售03  ,0,0,0,0,0,0,0,0,0,99000,0,0,0,100000,1000,99000,99000
06887P,華新科元大98售04,0,0,0,0,0,0,0,0,0,99000,0,0,0,99000,0,99000,99000
068961,宏達電群益02購01,0,0,0,0,0,0,0,0,0,99000,0,0,0,141000,42000,99000,99000
058737,鴻海第一01購01  ,0,0,0,0,0,0,0,0,0,99000,0,0,0,99000,0,99000,99000
057946,晶相光國票99購01,0,0,0,0,0,0,0,0,0,99000,0,0,0,99000,0,99000,99000
03305P,台達電台新02售01,0,0,0,0,0,0,0,0,0,99000,0,0,0,177000,78000,99000,99000
056590,樺漢統一9A購01  ,0,0,0,0,0,0,0,0,0,99000,0,0,0,99000,0,99000,99000
062888,漢唐群益9B購01  ,0,0,0,0,0,0,0,0,0,99000,0,0,0,99000,0,99000,99000
064809,冠德元大9C購01  ,0,0,0,0,0,0,0,0,0,99000,0,0,0,301000,202000,99000,99000
067195,台虹凱基02購01  ,0,0,0,0,0,0,0,0,0,99000,0,0,0,99000,0,99000,99000
067414,嘉澤康和01購01  ,0,0,0,0,0,0,0,0,0,99000,0,0,0,99000,0,99000,99000
066889,元大金中信07購01,0,0,0,0,0,0,0,0,0,99000,0,0,0,154000,55000,99000,99000
068930,億光永豐02購01  ,0,0,0,0,0,0,0,0,0,98000,0,0,0,106000,8000,98000,98000
069233,聯電康和02購03  ,0,0,0,0,0,0,0,0,0,98000,0,0,0,113000,15000,98000,98000
08724P,臺股指元大01售05,0,0,0,0,0,0,0,0,0,98000,0,0,0,136000,38000,98000,98000
067907,緯創國泰03購01  ,0,0,0,0,0,0,0,0,0,98000,0,0,0,103000,5000,98000,98000
03421B,臺股指元大99熊01,0,0,0,0,0,0,0,0,0,98000,0,0,0,103000,5000,98000,98000
057328,京鼎群益99購02  ,0,0,0,0,0,0,0,0,0,98000,0,0,0,98000,0,98000,98000
03009P,玉晶光凱基01售08,0,0,0,0,0,0,0,0,0,98000,0,0,0,146000,48000,98000,98000
059085,鴻海元大99購25  ,0,0,0,0,0,0,0,0,0,98000,0,0,0,98000,0,98000,98000
057992,大立光日盛98購01,0,0,0,0,0,0,0,0,0,98000,0,0,0,3398000,3300000,98000,98000
062457,京元電群益9B購01,0,0,0,0,0,0,0,0,0,98000,0,0,0,108000,10000,98000,98000
062928,富邦金台新9B購02,0,0,0,0,0,0,0,0,0,98000,0,0,0,300000,202000,98000,98000
065150,上銀群益9C購03  ,0,0,0,0,0,0,0,0,0,98000,0,0,0,98000,0,98000,98000
2382,廣達            ,2599466,2389670,209796,0,0,0,14000,4000,10000,-122000,343000,564000,-221000,128000,29000,99000,97796
068838,智易永豐02購01  ,0,0,0,0,0,0,0,0,0,97000,0,0,0,234000,137000,97000,97000
064958,GIS凱基02購03   ,0,0,0,0,0,0,0,0,0,97000,0,0,0,134000,37000,97000,97000
065481,臻鼎元大9C購04  ,0,0,0,0,0,0,0,0,0,97000,0,0,0,97000,0,97000,97000
066701,京元電群益01購02,0,0,0,0,0,0,0,0,0,97000,0,0,0,107000,10000,97000,97000
066474,微星麥證01購01  ,0,0,0,100000,3000,97000,0,0,0,97000,0,0,0,100000,3000,97000,97000
066388,力山凱基01購02  ,0,0,0,0,0,0,0,0,0,97000,0,0,0,156000,59000,97000,97000
066389,南港凱基01購01  ,0,0,0,0,0,0,0,0,0,97000,0,0,0,150000,53000,97000,97000
069060,台積電麥證02購02,0,0,0,113000,17000,96000,0,0,0,96000,0,0,0,113000,17000,96000,96000
068378,聯發科永豐01購03,0,0,0,0,0,0,0,0,0,96000,0,0,0,96000,0,96000,96000
064262,玉晶光永豐9C購03,0,0,0,0,0,0,0,0,0,96000,0,0,0,97000,1000,96000,96000
063000,緯穎國票9B購03  ,0,0,0,0,0,0,0,0,0,96000,0,0,0,96000,0,96000,96000
061985,富邦金元大9B購01,0,0,0,0,0,0,0,0,0,96000,0,0,0,139000,43000,96000,96000
067106,義隆群益01購01  ,0,0,0,0,0,0,0,0,0,96000,0,0,0,126000,30000,96000,96000
065521,貿聯群益9C購04  ,0,0,0,0,0,0,0,0,0,96000,0,0,0,98000,2000,96000,96000
067564,訊芯國票02購01  ,0,0,0,0,0,0,0,0,0,95000,0,0,0,133000,38000,95000,95000
067640,欣興統一02購03  ,0,0,0,0,0,0,0,0,0,95000,0,0,0,110000,15000,95000,95000
08426P,奇力新國票01售01,0,0,0,0,0,0,0,0,0,95000,0,0,0,148000,53000,95000,95000
07824P,國巨元大9A售24  ,0,0,0,0,0,0,0,0,0,95000,0,0,0,100000,5000,95000,95000
059237,鴻海凱基9A購10  ,0,0,0,0,0,0,0,0,0,95000,0,0,0,130000,35000,95000,95000
057307,瀚宇博兆豐99購01,0,0,0,0,0,0,0,0,0,95000,0,0,0,95000,0,95000,95000
03252P,台積電台新02售01,0,0,0,0,0,0,0,0,0,95000,0,0,0,130000,35000,95000,95000
057638,上銀元大99購01  ,0,0,0,0,0,0,0,0,0,95000,0,0,0,102000,7000,95000,95000
060184,建準元富9A購01  ,0,0,0,0,0,0,0,0,0,95000,0,0,0,95000,0,95000,95000
061957,上銀統一01購01  ,0,0,0,0,0,0,0,0,0,95000,0,0,0,107000,12000,95000,95000
062360,華邦電元大9B購01,0,0,0,0,0,0,0,0,0,95000,0,0,0,157000,62000,95000,95000
061131,崇越永豐9A購01  ,0,0,0,0,0,0,0,0,0,95000,0,0,0,95000,0,95000,95000
066171,德律凱基01購01  ,0,0,0,0,0,0,0,0,0,95000,0,0,0,95000,0,95000,95000
065786,神基永豐9C購01  ,0,0,0,0,0,0,0,0,0,95000,0,0,0,95000,0,95000,95000
08774P,華擎凱基01售02  ,0,0,0,0,0,0,0,0,0,95000,0,0,0,110000,15000,95000,95000
08153P,台表科統一9B售01,0,0,0,0,0,0,0,0,0,94000,0,0,0,94000,0,94000,94000
067601,金像電凱基01購04,0,0,0,0,0,0,0,0,0,94000,0,0,0,125000,31000,94000,94000
062463,世紀鋼麥證9B購01,0,0,0,102000,8000,94000,0,0,0,94000,0,0,0,102000,8000,94000,94000
063415,台積電凱基03購01,0,0,0,0,0,0,0,0,0,94000,0,0,0,104000,10000,94000,94000
065483,聯茂元大9C購06  ,0,0,0,0,0,0,0,0,0,94000,0,0,0,100000,6000,94000,94000
066944,鴻海元大01購13  ,0,0,0,0,0,0,0,0,0,94000,0,0,0,143000,49000,94000,94000
066851,瀚宇博元大01購02,0,0,0,0,0,0,0,0,0,94000,0,0,0,167000,73000,94000,94000
3209,全科            ,193000,98000,95000,0,0,0,0,0,0,-1000,1000,2000,-1000,0,0,0,94000
067699,奇鋐國票02購03  ,0,0,0,0,0,0,0,0,0,93000,0,0,0,95000,2000,93000,93000
068115,玉山金元富07購01,0,0,0,0,0,0,0,0,0,93000,0,0,0,420000,327000,93000,93000
068201,玉晶光凱基02購07,0,0,0,0,0,0,0,0,0,93000,0,0,0,161000,68000,93000,93000
069121,聯鈞群益02購01  ,0,0,0,0,0,0,0,0,0,93000,0,0,0,95000,2000,93000,93000
056667,上銀國票99購01  ,0,0,0,0,0,0,0,0,0,93000,0,0,0,93000,0,93000,93000
00681R,元大美債20反1   ,60000,0,60000,0,0,0,0,0,0,33000,0,0,0,35000,2000,33000,93000
053361,友達元富99購01  ,0,0,0,0,0,0,0,0,0,93000,0,0,0,103000,10000,93000,93000
058167,鴻海凱基9A購03  ,0,0,0,0,0,0,0,0,0,93000,0,0,0,132000,39000,93000,93000
060807,新光金群益9A購01,0,0,0,0,0,0,0,0,0,93000,0,0,0,103000,10000,93000,93000
066311,生達永豐01購01  ,0,0,0,0,0,0,0,0,0,93000,0,0,0,93000,0,93000,93000
067213,大立光元大01購11,0,0,0,0,0,0,0,0,0,93000,0,0,0,123000,30000,93000,93000
064989,鈺齊元大01購01  ,0,0,0,0,0,0,0,0,0,93000,0,0,0,93000,0,93000,93000
066028,嘉澤群益01購01  ,0,0,0,0,0,0,0,0,0,93000,0,0,0,96000,3000,93000,93000
2106,建大            ,506000,249000,257000,0,0,0,0,164000,-164000,0,0,0,0,0,0,0,93000
068260,道瓊銀富邦07購01,0,0,0,0,0,0,0,0,0,92000,0,0,0,122000,30000,92000,92000
059242,南亞科凱基99購06,0,0,0,0,0,0,0,0,0,92000,0,0,0,92000,0,92000,92000
03048P,南電國票03售01  ,0,0,0,0,0,0,0,0,0,92000,0,0,0,111000,19000,92000,92000
061664,上銀中信9A購01  ,0,0,0,0,0,0,0,0,0,92000,0,0,0,149000,57000,92000,92000
065298,健策統一9C購06  ,0,0,0,0,0,0,0,0,0,92000,0,0,0,92000,0,92000,92000
067225,巨大元大01購03  ,0,0,0,0,0,0,0,0,0,92000,0,0,0,92000,0,92000,92000
1103,嘉泥            ,111000,69000,42000,0,0,0,0,0,0,50000,50000,0,50000,0,0,0,92000
5607,遠雄港          ,183000,88000,95000,0,0,0,0,0,0,-3000,1000,4000,-3000,0,0,0,92000
068601,台積電凱基03購07,0,0,0,0,0,0,0,0,0,91000,0,0,0,136000,45000,91000,91000
07531P,大立光國泰9B售03,0,0,0,0,0,0,0,0,0,91000,0,0,0,145000,54000,91000,91000
03117P,南電康和01售03  ,0,0,0,0,0,0,0,0,0,91000,0,0,0,116000,25000,91000,91000
053390,彩晶元大9A購01  ,0,0,0,0,0,0,0,0,0,91000,0,0,0,91000,0,91000,91000
058521,日月光元大99購01,0,0,0,0,0,0,0,0,0,91000,0,0,0,101000,10000,91000,91000
062192,南六元大9B購01  ,0,0,0,0,0,0,0,0,0,91000,0,0,0,151000,60000,91000,91000
063482,緯穎元大9B購09  ,0,0,0,0,0,0,0,0,0,91000,0,0,0,184000,93000,91000,91000
066264,金像電元大01購01,0,0,0,0,0,0,0,0,0,91000,0,0,0,101000,10000,91000,91000
066823,國巨群益02購02  ,0,0,0,0,0,0,0,0,0,91000,0,0,0,133000,42000,91000,91000
065046,玉晶光凱基01購03,0,0,0,0,0,0,0,0,0,91000,0,0,0,108000,17000,91000,91000
066155,華碩康和01購01  ,0,0,0,0,0,0,0,0,0,91000,0,0,0,255000,164000,91000,91000
066192,嘉基凱基01購01  ,0,0,0,0,0,0,0,0,0,91000,0,0,0,103000,12000,91000,91000
07181P,臺股指凱基99售23,0,0,0,0,0,0,0,0,0,90000,0,0,0,90000,0,90000,90000
08155P,聯發科元富9B售05,0,0,0,0,0,0,0,0,0,90000,0,0,0,300000,210000,90000,90000
08371P,京元電凱基9C售01,0,0,0,0,0,0,0,0,0,90000,0,0,0,100000,10000,90000,90000
08400P,美律元富9C售02  ,0,0,0,0,0,0,0,0,0,90000,0,0,0,210000,120000,90000,90000
08596P,聯發科國泰02售02,0,0,0,0,0,0,0,0,0,90000,0,0,0,100000,10000,90000,90000
068255,鎧勝元大01購05  ,0,0,0,0,0,0,0,0,0,90000,0,0,0,264000,174000,90000,90000
068047,台積電統一03購06,0,0,0,0,0,0,0,0,0,90000,0,0,0,95000,5000,90000,90000
067566,台積電康和01購01,0,0,0,0,0,0,0,0,0,90000,0,0,0,137000,47000,90000,90000
058516,健鼎元大99購02  ,0,0,0,0,0,0,0,0,0,90000,0,0,0,90000,0,90000,90000
063837,亞德客元大01購01,0,0,0,0,0,0,0,0,0,90000,0,0,0,203000,113000,90000,90000
064029,宏達電元大9C購01,0,0,0,0,0,0,0,0,0,90000,0,0,0,118000,28000,90000,90000
061423,廣達元大9A購01  ,0,0,0,0,0,0,0,0,0,90000,0,0,0,90000,0,90000,90000
062396,華通永豐9B購01  ,0,0,0,0,0,0,0,0,0,90000,0,0,0,623000,533000,90000,90000
064734,大立光元富9C購05,0,0,0,0,0,0,0,0,0,90000,0,0,0,100000,10000,90000,90000
064673,南茂元大9C購01  ,0,0,0,0,0,0,0,0,0,90000,0,0,0,153000,63000,90000,90000
066992,緯穎群益01購02  ,0,0,0,0,0,0,0,0,0,90000,0,0,0,109000,19000,90000,90000
067035,台表科康和01購01,0,0,0,0,0,0,0,0,0,90000,0,0,0,100000,10000,90000,90000
6582,申豐            ,294000,203000,91000,0,0,0,0,0,0,-1000,0,4000,-4000,5000,2000,3000,90000
08597P,聯發科元大9C售18,0,0,0,0,0,0,0,0,0,89000,0,0,0,239000,150000,89000,89000
07842P,力成元大9A售01  ,0,0,0,0,0,0,0,0,0,89000,0,0,0,200000,111000,89000,89000
07837P,華邦電元大9A售01,0,0,0,0,0,0,0,0,0,89000,0,0,0,189000,100000,89000,89000
07051P,大立光中信99售02,0,0,0,0,0,0,0,0,0,89000,0,0,0,99000,10000,89000,89000
058438,大立光統一9B購01,0,0,0,0,0,0,0,0,0,89000,0,0,0,100000,11000,89000,89000
054471,T50反1中信9C購01,0,0,0,0,0,0,0,0,0,89000,0,0,0,192000,103000,89000,89000
061610,力成統一9C購01  ,0,0,0,0,0,0,0,0,0,89000,0,0,0,90000,1000,89000,89000
066879,智伸科富邦03購01,0,0,0,0,0,0,0,0,0,89000,0,0,0,289000,200000,89000,89000
066723,聯電元大02購01  ,0,0,0,0,0,0,0,0,0,89000,0,0,0,89000,0,89000,89000
064953,嘉晶凱基9C購02  ,0,0,0,0,0,0,0,0,0,89000,0,0,0,111000,22000,89000,89000
068078,緯創凱基02購01  ,0,0,0,0,0,0,0,0,0,88000,0,0,0,89000,1000,88000,88000
062531,大立光統一9C購06,0,0,0,0,0,0,0,0,0,88000,0,0,0,88000,0,88000,88000
062884,康控兆豐9C購01  ,0,0,0,0,0,0,0,0,0,88000,0,0,0,134000,46000,88000,88000
064651,GIS凱基9C購02   ,0,0,0,0,0,0,0,0,0,88000,0,0,0,133000,45000,88000,88000
065350,華擎統一01購04  ,0,0,0,0,0,0,0,0,0,88000,0,0,0,100000,12000,88000,88000
066227,惠特國泰03購02  ,0,0,0,0,0,0,0,0,0,88000,0,0,0,183000,95000,88000,88000
065700,京元電群益9C購01,0,0,0,0,0,0,0,0,0,88000,0,0,0,88000,0,88000,88000
068498,玉晶光元大01購16,0,0,0,0,0,0,0,0,0,87000,0,0,0,174000,87000,87000,87000
068731,健策元大03購01  ,0,0,0,0,0,0,0,0,0,87000,0,0,0,111000,24000,87000,87000
08378P,世紀鋼元富9C售02,0,0,0,0,0,0,0,0,0,87000,0,0,0,91000,4000,87000,87000
060591,富邦金台新9A購01,0,0,0,0,0,0,0,0,0,87000,0,0,0,87000,0,87000,87000
064678,嘉晶兆豐01購01  ,0,0,0,0,0,0,0,0,0,87000,0,0,0,124000,37000,87000,87000
062604,東元凱基9B購01  ,0,0,0,0,0,0,0,0,0,87000,0,0,0,149000,62000,87000,87000
063887,香港2X中信02購01,0,0,0,0,0,0,0,0,0,87000,0,0,0,92000,5000,87000,87000
065013,矽創國泰02購01  ,0,0,0,0,0,0,0,0,0,87000,0,0,0,137000,50000,87000,87000
065025,健策永豐9C購02  ,0,0,0,0,0,0,0,0,0,87000,0,0,0,90000,3000,87000,87000
067493,健策元大01購12  ,0,0,0,0,0,0,0,0,0,87000,0,0,0,159000,72000,87000,87000
068879,TPK凱基02購03   ,0,0,0,0,0,0,0,0,0,86000,0,0,0,106000,20000,86000,86000
068939,鴻海日盛02購01  ,0,0,0,0,0,0,0,0,0,86000,0,0,0,122000,36000,86000,86000
068620,聯電群益03購05  ,0,0,0,0,0,0,0,0,0,86000,0,0,0,287000,201000,86000,86000
068224,健策統一03購01  ,0,0,0,0,0,0,0,0,0,86000,0,0,0,191000,105000,86000,86000
067607,聯鈞凱基01購04  ,0,0,0,0,0,0,0,0,0,86000,0,0,0,97000,11000,86000,86000
067683,上緯控元大01購03,0,0,0,0,0,0,0,0,0,86000,0,0,0,1106000,1020000,86000,86000
063136,智邦統一9B購02  ,0,0,0,0,0,0,0,0,0,86000,0,0,0,317000,231000,86000,86000
067006,德律永豐01購02  ,0,0,0,0,0,0,0,0,0,86000,0,0,0,86000,0,86000,86000
065083,南亞科元大01購01,0,0,0,0,0,0,0,0,0,86000,0,0,0,405000,319000,86000,86000
064527,裕隆中信01購01  ,0,0,0,0,0,0,0,0,0,86000,0,0,0,204000,118000,86000,86000
065717,創意中信9C購02  ,0,0,0,0,0,0,0,0,0,86000,0,0,0,96000,10000,86000,86000
066252,南港元大01購02  ,0,0,0,0,0,0,0,0,0,86000,0,0,0,222000,136000,86000,86000
068459,玉晶光國票03購04,0,0,0,0,0,0,0,0,0,85000,0,0,0,85000,0,85000,85000
068719,台積電元大02購13,0,0,0,0,0,0,0,0,0,85000,0,0,0,90000,5000,85000,85000
069029,潤泰新國票03購01,0,0,0,0,0,0,0,0,0,85000,0,0,0,85000,0,85000,85000
07076P,鴻海凱基9A售08  ,0,0,0,0,0,0,0,0,0,85000,0,0,0,86000,1000,85000,85000
08238P,嘉晶永豐9B售03  ,0,0,0,0,0,0,0,0,0,85000,0,0,0,85000,0,85000,85000
060756,鴻海元大9A購16  ,0,0,0,0,0,0,0,0,0,85000,0,0,0,603000,518000,85000,85000
062958,長榮航麥證9B購01,0,0,0,134000,49000,85000,0,0,0,85000,0,0,0,134000,49000,85000,85000
063675,亞德客國泰01購01,0,0,0,0,0,0,0,0,0,85000,0,0,0,444000,359000,85000,85000
066014,嘉晶元富07購01  ,0,0,0,0,0,0,0,0,0,85000,0,0,0,119000,34000,85000,85000
064902,健策群益01購03  ,0,0,0,0,0,0,0,0,0,85000,0,0,0,105000,20000,85000,85000
065081,金像電元大9C購05,0,0,0,0,0,0,0,0,0,85000,0,0,0,88000,3000,85000,85000
067815,玉晶光凱基01購04,0,0,0,0,0,0,0,0,0,84000,0,0,0,89000,5000,84000,84000
063688,建準永豐9B購03  ,0,20000,-20000,0,0,0,0,0,0,104000,0,0,0,146000,42000,104000,84000
061048,國巨中信9A購05  ,0,0,0,0,0,0,0,0,0,84000,0,0,0,90000,6000,84000,84000
066222,生達國泰02購01  ,0,0,0,0,0,0,0,0,0,84000,0,0,0,84000,0,84000,84000
067015,義隆富邦04購01  ,0,0,0,0,0,0,0,0,0,84000,0,0,0,98000,14000,84000,84000
066901,台虹康和01購01  ,0,0,0,0,0,0,0,0,0,84000,0,0,0,234000,150000,84000,84000
3026,禾伸堂          ,381000,317000,64000,0,0,0,0,0,0,20000,2000,1000,1000,35000,16000,19000,84000
068042,GIS元富07購01   ,0,0,0,0,0,0,0,0,0,83000,0,0,0,85000,2000,83000,83000
067961,台達電群益01購03,0,0,0,0,0,0,0,0,0,83000,0,0,0,140000,57000,83000,83000
068576,台積電國泰03購07,0,0,0,0,0,0,0,0,0,83000,0,0,0,903000,820000,83000,83000
058495,元大金群益9B購01,0,0,0,0,0,0,0,0,0,83000,0,0,0,104000,21000,83000,83000
057475,聯電元大9A購01  ,0,0,0,0,0,0,0,0,0,83000,0,0,0,83000,0,83000,83000
062605,上銀凱基9B購03  ,0,0,0,0,0,0,0,0,0,83000,0,0,0,85000,2000,83000,83000
08887P,聯發科富邦03售06,0,0,0,0,0,0,0,0,0,83000,0,0,0,93000,10000,83000,83000
067914,鴻海永豐01購01  ,0,0,0,0,0,0,0,0,0,82000,0,0,0,92000,10000,82000,82000
067664,台船元大01購01  ,0,0,0,0,0,0,0,0,0,82000,0,0,0,188000,106000,82000,82000
068865,茂林元富08購01  ,0,0,0,0,0,0,0,0,0,82000,0,0,0,232000,150000,82000,82000
057567,嘉聯益富邦9A購01,0,0,0,0,0,0,0,0,0,82000,0,0,0,115000,33000,82000,82000
059631,京元電凱基99購02,0,0,0,0,0,0,0,0,0,82000,0,0,0,82000,0,82000,82000
03271P,台積電群益02售06,0,0,0,0,0,0,0,0,0,82000,0,0,0,82000,0,82000,82000
00717,富邦美國特別股  ,0,0,0,0,0,0,0,0,0,82000,0,0,0,544000,462000,82000,82000
060355,元金2X元富9C購01,0,0,0,0,0,0,0,0,0,82000,0,0,0,83000,1000,82000,82000
061019,大毅國票9A購01  ,0,0,0,0,0,0,0,0,0,82000,0,0,0,120000,38000,82000,82000
064387,GIS富邦9C購01   ,0,0,0,0,0,0,0,0,0,82000,0,0,0,104000,22000,82000,82000
061867,旺宏元大9B購02  ,0,0,0,0,0,0,0,0,0,82000,0,0,0,102000,20000,82000,82000
065783,友訊永豐9C購02  ,0,0,0,0,0,0,0,0,0,82000,0,0,0,82000,0,82000,82000
065103,南六元大9C購06  ,0,0,0,0,0,0,0,0,0,82000,0,0,0,88000,6000,82000,82000
065518,聯鈞群益9C購02  ,0,0,0,0,0,0,0,0,0,82000,0,0,0,95000,13000,82000,82000
4956,光鋐            ,406000,323000,83000,0,0,0,0,0,0,-1000,0,1000,-1000,0,0,0,82000
4426,利勤            ,170000,94000,76000,0,0,0,0,0,0,6000,6000,0,6000,0,0,0,82000
069063,台積電麥證02購05,0,0,0,81000,0,81000,0,0,0,81000,0,0,0,81000,0,81000,81000
069128,台達電國泰04購01,0,0,0,0,0,0,0,0,0,81000,0,0,0,81000,0,81000,81000
067895,玉晶光群益02購09,0,0,0,0,0,0,0,0,0,81000,0,0,0,144000,63000,81000,81000
068435,聯發科凱基01購21,0,0,0,0,0,0,0,0,0,81000,0,0,0,81000,0,81000,81000
062877,可成兆豐9C購01  ,0,0,0,0,0,0,0,0,0,81000,0,0,0,111000,30000,81000,81000
064556,華通群益02購02  ,0,0,0,0,0,0,0,0,0,81000,0,0,0,281000,200000,81000,81000
066248,長興元大01購01  ,0,0,0,0,0,0,0,0,0,81000,0,0,0,126000,45000,81000,81000
066503,台積電富邦05購02,0,0,0,0,0,0,0,0,0,81000,0,0,0,81000,0,81000,81000
067541,華擎群益01購06  ,0,0,0,0,0,0,0,0,0,81000,0,0,0,100000,19000,81000,81000
068507,緯穎元大01購08  ,0,0,0,0,0,0,0,0,0,80000,0,0,0,220000,140000,80000,80000
068212,GIS凱基02購04   ,0,0,0,0,0,0,0,0,0,80000,0,0,0,150000,70000,80000,80000
068197,聯發科凱基01購19,0,0,0,0,0,0,0,0,0,80000,0,0,0,80000,0,80000,80000
068534,台達電中信03購01,0,0,0,0,0,0,0,0,0,80000,0,0,0,267000,187000,80000,80000
067930,鴻海凱基01購10  ,0,0,0,0,0,0,0,0,0,80000,0,0,0,90000,10000,80000,80000
067608,嘉澤凱基01購02  ,0,0,0,0,0,0,0,0,0,80000,0,0,0,98000,18000,80000,80000
067768,鴻海統一03購05  ,0,0,0,0,0,0,0,0,0,80000,0,0,0,100000,20000,80000,80000
069026,聯陽國票03購01  ,0,0,0,0,0,0,0,0,0,80000,0,0,0,80000,0,80000,80000
08677P,超眾群益01售02  ,0,0,0,0,0,0,0,0,0,80000,0,0,0,85000,5000,80000,80000
057796,鴻海兆豐99購03  ,0,0,0,0,0,0,0,0,0,80000,0,0,0,1733000,1653000,80000,80000
058502,鴻海元大99購13  ,0,0,0,0,0,0,0,0,0,80000,0,0,0,80000,0,80000,80000
058483,道瓊指國票9A購01,0,0,0,0,0,0,0,0,0,80000,0,0,0,80000,0,80000,80000
058106,神達統一98購02  ,0,0,0,0,0,0,0,0,0,80000,0,0,0,80000,0,80000,80000
03042P,玉晶光國票04售01,0,0,0,0,0,0,0,0,0,80000,0,0,0,80000,0,80000,80000
052801,友達元大9A購01  ,0,0,0,0,0,0,0,0,0,80000,0,0,0,80000,0,80000,80000
059003,中壽元大99購01  ,0,0,0,0,0,0,0,0,0,80000,0,0,0,80000,0,80000,80000
056498,A50正2富邦9B購01,0,0,0,0,0,0,0,0,0,80000,0,0,0,128000,48000,80000,80000
057649,嘉聯益元大99購04,0,0,0,0,0,0,0,0,0,80000,0,0,0,84000,4000,80000,80000
054632,緯穎凱基9A購01  ,0,0,0,0,0,0,0,0,0,80000,0,0,0,90000,10000,80000,80000
064092,世紀鋼凱基9C購03,0,0,0,0,0,0,0,0,0,80000,0,0,0,147000,67000,80000,80000
063997,泰鼎群益9C購01  ,0,0,0,0,0,0,0,0,0,80000,0,0,0,80000,0,80000,80000
061212,聯鈞元大9A購04  ,0,0,0,0,0,0,0,0,0,80000,0,0,0,85000,5000,80000,80000
064196,健策群益01購01  ,0,0,0,0,0,0,0,0,0,80000,0,0,0,93000,13000,80000,80000
06466P,台積電統一9B售01,0,0,0,0,0,0,0,0,0,80000,0,0,0,80000,0,80000,80000
064907,緯穎群益9C購02  ,0,0,0,0,0,0,0,0,0,80000,0,0,0,259000,179000,80000,80000
065127,世芯永豐9C購03  ,0,0,0,0,0,0,0,0,0,80000,0,0,0,80000,0,80000,80000
065352,GIS統一01購04   ,0,0,0,0,0,0,0,0,0,80000,0,0,0,80000,0,80000,80000
9944,新麗            ,277000,197000,80000,0,0,0,0,0,0,0,1000,1000,0,0,0,0,80000
07819P,旺宏國票9B售01  ,0,0,0,0,0,0,0,0,0,79000,0,0,0,80000,1000,79000,79000
068353,台積電凱基01購23,0,0,0,0,0,0,0,0,0,79000,0,0,0,85000,6000,79000,79000
03282P,京元電凱基02售01,0,0,0,0,0,0,0,0,0,79000,0,0,0,101000,22000,79000,79000
00662,富邦NASDAQ      ,0,0,0,0,0,0,0,0,0,79000,0,0,0,209000,130000,79000,79000
063976,正崴兆豐9C購01  ,0,0,0,0,0,0,0,0,0,79000,0,0,0,79000,0,79000,79000
063328,京元電國票9C購02,0,0,0,0,0,0,0,0,0,79000,0,0,0,99000,20000,79000,79000
065553,聯詠凱基9C購03  ,0,0,0,0,0,0,0,0,0,79000,0,0,0,79000,0,79000,79000
065985,金像電永豐01購02,0,0,0,0,0,0,0,0,0,79000,0,0,0,88000,9000,79000,79000
067074,中信金元大01購01,0,0,0,0,0,0,0,0,0,79000,0,0,0,271000,192000,79000,79000
066599,鴻海國泰03購02  ,0,0,0,0,0,0,0,0,0,79000,0,0,0,109000,30000,79000,79000
068216,國巨台新01購01  ,0,0,0,0,0,0,0,0,0,78000,0,0,0,317000,239000,78000,78000
068371,華城永豐01購04  ,0,0,0,0,0,0,0,0,0,78000,0,0,0,80000,2000,78000,78000
068813,南港元大02購01  ,0,0,0,0,0,0,0,0,0,78000,0,0,0,242000,164000,78000,78000
08695P,嘉晶群益01售01  ,0,0,0,0,0,0,0,0,0,78000,0,0,0,233000,155000,78000,78000
069051,聯發科元富08購03,0,0,0,0,0,0,0,0,0,78000,0,0,0,200000,122000,78000,78000
020000,富邦特選蘋果N   ,0,0,0,0,0,0,0,0,0,78000,0,0,0,79000,1000,78000,78000
057699,可成群益9A購02  ,0,0,0,0,0,0,0,0,0,78000,0,0,0,98000,20000,78000,78000
060605,大立光凱基9C購01,0,0,0,0,0,0,0,0,0,78000,0,0,0,78000,0,78000,78000
063284,大立光元大9B購07,0,0,0,0,0,0,0,0,0,78000,0,0,0,83000,5000,78000,78000
063281,京元電元大9B購01,0,0,0,0,0,0,0,0,0,78000,0,0,0,78000,0,78000,78000
063596,嘉澤中信9B購01  ,0,0,0,0,0,0,0,0,0,78000,0,0,0,78000,0,78000,78000
064818,華新統一01購01  ,0,0,0,0,0,0,0,0,0,78000,0,0,0,110000,32000,78000,78000
064787,和潤群益9C購01  ,0,0,0,0,0,0,0,0,0,78000,0,0,0,78000,0,78000,78000
062386,京鼎國泰9C購01  ,0,0,0,0,0,0,0,0,0,78000,0,0,0,123000,45000,78000,78000
062445,大立光元大9C購02,0,0,0,0,0,0,0,0,0,78000,0,0,0,78000,0,78000,78000
062312,大立光凱基9B購03,0,0,0,0,0,0,0,0,0,78000,0,0,0,78000,0,78000,78000
066606,聯詠永豐01購01  ,0,0,0,0,0,0,0,0,0,78000,0,0,0,306000,228000,78000,78000
066226,惠特國泰03購01  ,0,0,0,0,0,0,0,0,0,78000,0,0,0,100000,22000,78000,78000
064547,宏達電凱基9C購01,0,0,0,0,0,0,0,0,0,78000,0,0,0,81000,3000,78000,78000
08751P,友達群益01售01  ,0,0,0,0,0,0,0,0,0,77000,0,0,0,185000,108000,77000,77000
08504P,臺股指國票9C售06,0,0,0,0,0,0,0,0,0,77000,0,0,0,79000,2000,77000,77000
068613,帆宣凱基01購02  ,0,0,0,0,0,0,0,0,0,77000,0,0,0,77000,0,77000,77000
064232,鴻海統一01購04  ,0,0,0,0,0,0,0,0,0,77000,0,0,0,227000,150000,77000,77000
065328,緯穎凱基9C購03  ,0,0,0,0,0,0,0,0,0,77000,0,0,0,87000,10000,77000,77000
067736,國巨元大02購04  ,0,0,0,0,0,0,0,0,0,76000,0,0,0,77000,1000,76000,76000
067588,欣興群益01購04  ,0,0,0,0,0,0,0,0,0,76000,0,0,0,84000,8000,76000,76000
067962,鴻海群益02購04  ,0,0,0,0,0,0,0,0,0,76000,0,0,0,244000,168000,76000,76000
069174,南六元大02購02  ,0,0,0,0,0,0,0,0,0,76000,0,0,0,106000,30000,76000,76000
064292,南茂元大01購01  ,0,0,0,0,0,0,0,0,0,76000,0,0,0,100000,24000,76000,76000
060056,大立光凱基9B購01,0,0,0,0,0,0,0,0,0,76000,0,0,0,78000,2000,76000,76000
063979,健鼎兆豐9C購01  ,0,0,0,0,0,0,0,0,0,76000,0,0,0,86000,10000,76000,76000
060922,金像電永豐9A購01,0,0,0,0,0,0,0,0,0,76000,0,0,0,76000,0,76000,76000
065210,健策國票01購03  ,0,0,0,0,0,0,0,0,0,76000,0,0,0,76000,0,76000,76000
08234P,華擎元富9B售03  ,0,0,0,0,0,0,0,0,0,75000,0,0,0,100000,25000,75000,75000
067897,玉晶光群益02購11,0,0,0,0,0,0,0,0,0,75000,0,0,0,82000,7000,75000,75000
067899,玉晶光群益02購13,0,0,0,0,0,0,0,0,0,75000,0,0,0,75000,0,75000,75000
068626,帆宣群益02購01  ,0,0,0,0,0,0,0,0,0,75000,0,0,0,143000,68000,75000,75000
068502,帆宣元大01購05  ,0,0,0,0,0,0,0,0,0,75000,0,0,0,125000,50000,75000,75000
060909,金像電元大9B購01,0,0,0,0,0,0,0,0,0,75000,0,0,0,82000,7000,75000,75000
063765,上銀元富9B購09  ,0,0,0,0,0,0,0,0,0,75000,0,0,0,133000,58000,75000,75000
064433,金像電凱基02購01,0,0,0,0,0,0,0,0,0,75000,0,0,0,79000,4000,75000,75000
066811,致新凱基01購03  ,0,0,0,0,0,0,0,0,0,75000,0,0,0,78000,3000,75000,75000
066564,智伸科元大01購01,0,0,0,0,0,0,0,0,0,75000,0,0,0,110000,35000,75000,75000
067053,申豐凱基02購01  ,0,0,0,0,0,0,0,0,0,75000,0,0,0,202000,127000,75000,75000
067155,健策統一02購01  ,0,0,0,0,0,0,0,0,0,75000,0,0,0,81000,6000,75000,75000
3149,正達            ,147000,72000,75000,0,0,0,0,0,0,0,0,0,0,0,0,0,75000
6452,康友-KY         ,97050,0,97050,0,0,0,0,0,0,-23000,0,0,0,0,23000,-23000,74050
068334,玉晶光元大01購14,0,0,0,0,0,0,0,0,0,74000,0,0,0,101000,27000,74000,74000
068599,台積電凱基01購27,0,0,0,0,0,0,0,0,0,74000,0,0,0,74000,0,74000,74000
067679,奇鋐元大02購02  ,0,0,0,0,0,0,0,0,0,74000,0,0,0,135000,61000,74000,74000
059507,鴻海永豐99購03  ,0,0,0,0,0,0,0,0,0,74000,0,0,0,74000,0,74000,74000
058498,世紀鋼群益99購01,0,0,0,0,0,0,0,0,0,74000,0,0,0,101000,27000,74000,74000
058390,樺漢國票9A購01  ,0,0,0,0,0,0,0,0,0,74000,0,0,0,79000,5000,74000,74000
063972,緯創國票9C購01  ,0,0,0,0,0,0,0,0,0,74000,0,0,0,84000,10000,74000,74000
063559,力山元大9B購04  ,0,0,0,0,0,0,0,0,0,74000,0,0,0,74000,0,74000,74000
067535,友達群益02購01  ,0,0,0,0,0,0,0,0,0,74000,0,0,0,175000,101000,74000,74000
065257,友訊元大01購01  ,0,0,0,0,0,0,0,0,0,74000,0,0,0,74000,0,74000,74000
065412,金像電永豐9C購01,0,0,0,0,0,0,0,0,0,74000,0,0,0,74000,0,74000,74000
064960,世紀鋼凱基03購01,0,0,0,0,0,0,0,0,0,74000,0,0,0,192000,118000,74000,74000
065979,立積元大03購01  ,0,0,0,0,0,0,0,0,0,74000,0,0,0,74000,0,74000,74000
067801,台達電凱基01購03,0,0,0,0,0,0,0,0,0,73000,0,0,0,73000,0,73000,73000
067969,玉晶光群益02購19,0,0,0,0,0,0,0,0,0,73000,0,0,0,73000,0,73000,73000
068178,華邦電群益01購04,0,0,0,0,0,0,0,0,0,73000,0,0,0,73000,0,73000,73000
068649,道瓊銀元大02購01,0,0,0,0,0,0,0,0,0,73000,0,0,0,87000,14000,73000,73000
08636P,華通國票01售03  ,0,0,0,0,0,0,0,0,0,73000,0,0,0,74000,1000,73000,73000
08585P,台表科群益9C售04,0,0,0,0,0,0,0,0,0,73000,0,0,0,76000,3000,73000,73000
00830,國泰費城半導體  ,0,0,0,0,0,0,0,0,0,73000,0,0,0,120000,47000,73000,73000
057243,樺漢凱基99購01  ,0,0,0,0,0,0,0,0,0,73000,0,0,0,77000,4000,73000,73000
064007,嘉澤凱基02購01  ,0,0,0,0,0,0,0,0,0,73000,0,0,0,73000,0,73000,73000
061638,國泰金元大9A購03,0,0,0,0,0,0,0,0,0,73000,0,0,0,73000,0,73000,73000
061177,大立光凱基9A購10,0,0,0,0,0,0,0,0,0,73000,0,0,0,88000,15000,73000,73000
062599,鴻海台新9B購01  ,0,0,0,0,0,0,0,0,0,73000,0,0,0,373000,300000,73000,73000
066109,南電國票02購01  ,0,0,0,0,0,0,0,0,0,73000,0,0,0,137000,64000,73000,73000
065577,超眾群益9C購02  ,0,0,0,0,0,0,0,0,0,73000,0,0,0,73000,0,73000,73000
064897,宏達電群益9C購02,0,0,0,0,0,0,0,0,0,73000,0,0,0,98000,25000,73000,73000
066628,宏達電凱基03購01,0,0,0,0,0,0,0,0,0,73000,0,0,0,87000,14000,73000,73000
066650,宏達電康和01購01,0,0,0,0,0,0,0,0,0,73000,0,0,0,197000,124000,73000,73000
08827P,緯穎元大01售05  ,0,0,0,0,0,0,0,0,0,73000,0,0,0,328000,255000,73000,73000
069015,臻鼎兆豐03購01  ,0,0,0,0,0,0,0,0,0,72000,0,0,0,125000,53000,72000,72000
068744,亞德客群益02購01,0,0,0,0,0,0,0,0,0,72000,0,0,0,82000,10000,72000,72000
068251,大立光元大01購18,0,0,0,0,0,0,0,0,0,72000,0,0,0,110000,38000,72000,72000
068405,玉晶光元富07購01,0,0,0,0,0,0,0,0,0,72000,0,0,0,72000,0,72000,72000
067694,聚陽中信03購01  ,0,0,0,0,0,0,0,0,0,72000,0,0,0,72000,0,72000,72000
03260P,技嘉凱基02售01  ,0,0,0,0,0,0,0,0,0,72000,0,0,0,133000,61000,72000,72000
03100P,玉晶光凱基03售04,0,0,0,0,0,0,0,0,0,72000,0,0,0,82000,10000,72000,72000
059920,宏達電元大99購07,0,0,0,0,0,0,0,0,0,72000,0,0,0,186000,114000,72000,72000
060059,鴻海兆豐99購06  ,0,0,0,0,0,0,0,0,0,72000,0,0,0,72000,0,72000,72000
059425,SGBR2X元大9A購02,0,0,0,0,0,0,0,0,0,72000,0,0,0,102000,30000,72000,72000
062268,力山群益9B購01  ,0,0,0,0,0,0,0,0,0,72000,0,0,0,84000,12000,72000,72000
061773,和潤元大9B購01  ,0,0,0,0,0,0,0,0,0,72000,0,0,0,101000,29000,72000,72000
064097,友訊群益9C購01  ,0,0,0,0,0,0,0,0,0,72000,0,0,0,102000,30000,72000,72000
063705,臻鼎群益9B購03  ,0,0,0,0,0,0,0,0,0,72000,0,0,0,197000,125000,72000,72000
063431,神隆元富9B購01  ,0,0,0,0,0,0,0,0,0,72000,0,0,0,107000,35000,72000,72000
1464,得力            ,113000,81812,31188,0,0,0,0,0,0,40000,0,3000,-3000,43000,0,43000,71188
068006,玉晶光元大03購03,0,0,0,0,0,0,0,0,0,71000,0,0,0,81000,10000,71000,71000
063541,華擎元富9B購02  ,0,0,0,0,0,0,0,0,0,71000,0,0,0,81000,10000,71000,71000
064016,南六國票01購01  ,0,0,0,0,0,0,0,0,0,71000,0,0,0,105000,34000,71000,71000
062264,南六元大9B購02  ,0,0,0,0,0,0,0,0,0,71000,0,0,0,100000,29000,71000,71000
061309,鴻海統一9C購05  ,0,0,0,0,0,0,0,0,0,71000,0,0,0,71000,0,71000,71000
062359,旺宏元大9C購02  ,0,0,0,0,0,0,0,0,0,71000,0,0,0,71000,0,71000,71000
067161,嘉澤國票02購01  ,0,0,0,0,0,0,0,0,0,71000,0,0,0,71000,0,71000,71000
08815P,聯發科國泰03售03,0,0,0,0,0,0,0,0,0,71000,0,0,0,342000,271000,71000,71000
3563,牧德            ,105000,70000,35000,0,0,0,0,4000,-4000,40000,20000,2000,18000,30000,8000,22000,71000
067971,玉晶光群益02購21,0,0,0,0,0,0,0,0,0,70000,0,0,0,146000,76000,70000,70000
068037,聯鈞元富07購01  ,0,0,0,0,0,0,0,0,0,70000,0,0,0,140000,70000,70000,70000
068445,精成科凱基01購01,0,0,0,0,0,0,0,0,0,70000,0,0,0,70000,0,70000,70000
068291,大立光群益03購01,0,0,0,0,0,0,0,0,0,70000,0,0,0,238000,168000,70000,70000
069105,南電統一04購02  ,0,0,0,0,0,0,0,0,0,70000,0,0,0,223000,153000,70000,70000
07595P,台灣50中信03售07,0,0,0,0,0,0,0,0,0,70000,0,0,0,70000,0,70000,70000
08264P,南電元大9C售02  ,0,0,0,0,0,0,0,0,0,70000,0,0,0,70000,0,70000,70000
059273,臺指反元大9C購03,0,0,0,0,0,0,0,0,0,70000,0,0,0,70000,0,70000,70000
059161,鴻海凱基9A購09  ,0,0,0,0,0,0,0,0,0,70000,0,0,0,105000,35000,70000,70000
060506,京元電元大9A購02,0,0,0,0,0,0,0,0,0,70000,0,0,0,100000,30000,70000,70000
058711,鴻海統一9A購02  ,0,0,0,0,0,0,0,0,0,70000,0,0,0,113000,43000,70000,70000
057601,中磊群益98購01  ,0,0,0,0,0,0,0,0,0,70000,0,0,0,70000,0,70000,70000
056894,佳世達元大99購01,0,0,0,0,0,0,0,0,0,70000,0,0,0,100000,30000,70000,70000
060840,可成國票9B購01  ,0,0,0,0,0,0,0,0,0,70000,0,0,0,75000,5000,70000,70000
060900,超眾凱基9B購01  ,0,0,0,0,0,0,0,0,0,70000,0,0,0,70000,0,70000,70000
061587,美律富邦9A購02  ,0,0,0,0,0,0,0,0,0,70000,0,0,0,70000,0,70000,70000
064694,玉晶光群益02購02,0,0,0,0,0,0,0,0,0,70000,0,0,0,71000,1000,70000,70000
064483,瑞儀永豐9C購01  ,0,0,0,0,0,0,0,0,0,70000,0,0,0,145000,75000,70000,70000
062197,聯發科中信01購03,0,0,0,0,0,0,0,0,0,70000,0,0,0,70000,0,70000,70000
063672,GIS統一9C購01   ,0,0,0,0,0,0,0,0,0,70000,0,0,0,70000,0,70000,70000
063382,南茂永豐9B購01  ,0,0,0,0,0,0,0,0,0,70000,0,0,0,125000,55000,70000,70000
063495,台光電富邦9C購01,0,0,0,0,0,0,0,0,0,70000,0,0,0,70000,0,70000,70000
067164,台虹國票02購01  ,0,0,0,0,0,0,0,0,0,70000,0,0,0,99000,29000,70000,70000
065430,可成凱基02購03  ,0,0,0,0,0,0,0,0,0,70000,0,0,0,70000,0,70000,70000
08919P,臺股指凱基01售10,0,0,0,0,0,0,0,0,0,70000,0,0,0,70000,0,70000,70000
08634P,大立光元大9C售26,0,0,0,0,0,0,0,0,0,69000,0,0,0,91000,22000,69000,69000
068874,精元凱基02購01  ,0,0,0,0,0,0,0,0,0,69000,0,0,0,112000,43000,69000,69000
056330,玉晶光國票99購03,0,0,0,0,0,0,0,0,0,69000,0,0,0,143000,74000,69000,69000
06025P,臺股指元大99售02,0,0,0,0,0,0,0,0,0,69000,0,0,0,69000,0,69000,69000
058622,國巨國票99購07  ,0,0,0,0,0,0,0,0,0,69000,0,0,0,102000,33000,69000,69000
066370,帆宣中信01購01  ,0,0,0,0,0,0,0,0,0,69000,0,0,0,153000,84000,69000,69000
068775,上証2X元富08購01,0,0,0,0,0,0,0,0,0,68000,0,0,0,80000,12000,68000,68000
068097,台積電富邦03購05,0,0,0,0,0,0,0,0,0,68000,0,0,0,68000,0,68000,68000
067870,玉晶光元大01購07,0,0,0,0,0,0,0,0,0,68000,0,0,0,70000,2000,68000,68000
058631,鈺齊國票9A購01  ,0,0,0,0,0,0,0,0,0,68000,0,0,0,68000,0,68000,68000
060430,和潤永豐9A購01  ,0,0,0,0,0,0,0,0,0,68000,0,0,0,68000,0,68000,68000
058477,億光凱基9A購01  ,0,0,0,0,0,0,0,0,0,68000,0,0,0,102000,34000,68000,68000
057771,鴻海群益99購01  ,0,0,0,0,0,0,0,0,0,68000,0,0,0,73000,5000,68000,68000
059058,可成凱基9B購01  ,0,0,0,0,0,0,0,0,0,68000,0,0,0,68000,0,68000,68000
063230,緯穎群益9B購02  ,0,0,0,0,0,0,0,0,0,68000,0,0,0,143000,75000,68000,68000
063826,中興電國票01購01,0,0,0,0,0,0,0,0,0,68000,0,0,0,142000,74000,68000,68000
063939,上銀元大9C購04  ,0,0,0,0,0,0,0,0,0,68000,0,0,0,68000,0,68000,68000
061987,大立光元大9B購03,0,0,0,0,0,0,0,0,0,68000,0,0,0,78000,10000,68000,68000
064764,聯茂凱基01購01  ,0,0,0,0,0,0,0,0,0,68000,0,0,0,70000,2000,68000,68000
067179,健策康和01購01  ,0,0,0,0,0,0,0,0,0,68000,0,0,0,68000,0,68000,68000
066216,南電統一03購01  ,0,0,0,0,0,0,0,0,0,68000,0,0,0,68000,0,68000,68000
066081,文曄國泰03購01  ,0,0,0,0,0,0,0,0,0,68000,0,0,0,68000,0,68000,68000
2231,為升            ,124000,99000,25000,0,0,0,0,0,0,43000,20000,16000,4000,45000,6000,39000,68000
068832,台積電國泰06購02,0,0,0,0,0,0,0,0,0,67000,0,0,0,77000,10000,67000,67000
068350,鴻海凱基03購05  ,0,0,0,0,0,0,0,0,0,67000,0,0,0,68000,1000,67000,67000
058946,SGBR2X群益9B購01,0,0,0,0,0,0,0,0,0,67000,0,0,0,76000,9000,67000,67000
03074P,大立光國泰03售05,0,0,0,0,0,0,0,0,0,67000,0,0,0,134000,67000,67000,67000
061304,創意永豐9A購02  ,0,0,0,0,0,0,0,0,0,67000,0,0,0,122000,55000,67000,67000
064101,可成群益01購01  ,0,0,0,0,0,0,0,0,0,67000,0,0,0,102000,35000,67000,67000
065606,可成元大01購05  ,0,0,0,0,0,0,0,0,0,67000,0,0,0,186000,119000,67000,67000
065208,義隆國票01購01  ,0,0,0,0,0,0,0,0,0,67000,0,0,0,171000,104000,67000,67000
067280,國巨第一01購01  ,0,0,0,0,0,0,0,0,0,67000,0,0,0,70000,3000,67000,67000
066267,強茂元大01購02  ,0,0,0,0,0,0,0,0,0,67000,0,0,0,131000,64000,67000,67000
066329,達欣工永豐01購01,1000,0,1000,0,0,0,0,0,0,66000,0,0,0,68000,2000,66000,67000
08930P,嘉晶元富07售04  ,0,0,0,0,0,0,0,0,0,67000,0,0,0,67000,0,67000,67000
4916,事欣科          ,97000,28000,69000,0,0,0,0,0,0,-2000,0,2000,-2000,0,0,0,67000
3016,嘉晶            ,1233000,959000,274000,0,0,0,0,0,0,-207000,5000,52000,-47000,84000,244000,-160000,67000
068456,冠德國票03購01  ,0,0,0,0,0,0,0,0,0,66000,0,0,0,163000,97000,66000,66000
068468,聯電群益03購03  ,0,0,0,0,0,0,0,0,0,66000,0,0,0,238000,172000,66000,66000
068423,GIS康和01購01   ,0,0,0,0,0,0,0,0,0,66000,0,0,0,144000,78000,66000,66000
068711,瑞儀國票03購02  ,0,0,0,0,0,0,0,0,0,66000,0,0,0,101000,35000,66000,66000
068164,南電元大01購07  ,0,0,0,0,0,0,0,0,0,66000,0,0,0,127000,61000,66000,66000
06954P,大立光元富99售01,0,0,0,0,0,0,0,0,0,66000,0,0,0,66000,0,66000,66000
08565P,聯發科群益9C售12,0,0,0,0,0,0,0,0,0,66000,0,0,0,66000,0,66000,66000
03096P,台積電凱基03售05,0,0,0,0,0,0,0,0,0,66000,0,0,0,66000,0,66000,66000
03268P,可成元大02售01  ,0,0,0,0,0,0,0,0,0,66000,0,0,0,66000,0,66000,66000
056869,國巨日盛99購03  ,0,0,0,0,0,0,0,0,0,66000,0,0,0,66000,0,66000,66000
03389P,台積電凱基03售12,0,0,0,0,0,0,0,0,0,66000,0,0,0,66000,0,66000,66000
060644,泰鼎永豐9A購02  ,0,0,0,0,0,0,0,0,0,66000,0,0,0,66000,0,66000,66000
062138,力成群益9B購01  ,0,0,0,0,0,0,0,0,0,66000,0,0,0,66000,0,66000,66000
061018,台積電國票9B購05,0,0,0,0,0,0,0,0,0,66000,0,0,0,113000,47000,66000,66000
061083,京元電兆豐9A購01,0,0,0,0,0,0,0,0,0,66000,0,0,0,66000,0,66000,66000
064648,臻鼎凱基9C購02  ,0,0,0,0,0,0,0,0,0,66000,0,0,0,71000,5000,66000,66000
067205,台積電元大01購22,0,0,0,0,0,0,0,0,0,66000,0,0,0,116000,50000,66000,66000
1409,新纖            ,282000,221000,61000,0,0,0,0,0,0,5000,5000,0,5000,0,0,0,66000
08669P,聯發科群益02售02,0,0,0,0,0,0,0,0,0,65000,0,0,0,117000,52000,65000,65000
068659,嘉晶元大03購01  ,0,0,0,0,0,0,0,0,0,65000,0,0,0,260000,195000,65000,65000
064141,國巨統一01購08  ,0,0,0,0,0,0,0,0,0,65000,0,0,0,66000,1000,65000,65000
056276,同欣電國泰98購01,0,0,0,0,0,0,0,0,0,65000,0,0,0,65000,0,65000,65000
059849,興勤永豐99購01  ,0,0,0,0,0,0,0,0,0,65000,0,0,0,240000,175000,65000,65000
064692,嘉晶群益9C購03  ,0,0,0,0,0,0,0,0,0,65000,0,0,0,94000,29000,65000,65000
064601,嘉晶元富9C購03  ,0,0,0,0,0,0,0,0,0,65000,0,0,0,140000,75000,65000,65000
061722,健策永豐9B購03  ,0,0,0,0,0,0,0,0,0,65000,0,0,0,79000,14000,65000,65000
062036,致新群益9B購01  ,0,0,0,0,0,0,0,0,0,65000,0,0,0,65000,0,65000,65000
067072,建準元大01購01  ,0,0,0,0,0,0,0,0,0,65000,0,0,0,115000,50000,65000,65000
066952,亞光元大01購03  ,0,0,0,0,0,0,0,0,0,65000,0,0,0,198000,133000,65000,65000
067415,大成凱基01購01  ,0,0,0,0,0,0,0,0,0,65000,0,0,0,75000,10000,65000,65000
066301,大成永豐01購01  ,0,1000,-1000,0,0,0,0,0,0,66000,0,0,0,71000,5000,66000,65000
066814,健鼎兆豐01購01  ,0,0,0,0,0,0,0,0,0,65000,0,0,0,81000,16000,65000,65000
065319,鴻海凱基9C購03  ,0,0,0,0,0,0,0,0,0,65000,0,0,0,104000,39000,65000,65000
065110,嘉澤國票01購01  ,0,0,0,0,0,0,0,0,0,65000,0,0,0,65000,0,65000,65000
065986,金像電永豐01購03,0,0,0,0,0,0,0,0,0,65000,0,0,0,65000,0,65000,65000
3006,晶豪科          ,414000,329000,85000,0,0,0,0,0,0,-20000,2000,16000,-14000,8000,14000,-6000,65000
4536,拓凱            ,141000,83000,58000,0,0,0,0,0,0,7000,40000,1000,39000,1000,33000,-32000,65000
068526,聯發科元富04購03,0,0,0,0,0,0,0,0,0,64000,0,0,0,84000,20000,64000,64000
068751,日月光群益02購01,0,0,0,0,0,0,0,0,0,64000,0,0,0,229000,165000,64000,64000
068834,大立光國泰08購01,0,0,0,0,0,0,0,0,0,64000,0,0,0,260000,196000,64000,64000
068232,泰鼎元富04購01  ,0,0,0,0,0,0,0,0,0,64000,0,0,0,111000,47000,64000,64000
068207,日月光凱基01購02,0,0,0,0,0,0,0,0,0,64000,0,0,0,104000,40000,64000,64000
060164,合勤控永豐9A購01,0,0,0,0,0,0,0,0,0,64000,0,0,0,125000,61000,64000,64000
064220,力山國票01購01  ,0,0,0,0,0,0,0,0,0,64000,0,0,0,76000,12000,64000,64000
062374,茂林元大9B購03  ,0,0,0,0,0,0,0,0,0,64000,0,0,0,84000,20000,64000,64000
062740,致伸國票9B購01  ,0,0,0,0,0,0,0,0,0,64000,0,0,0,64000,0,64000,64000
062803,嘉晶統一9B購02  ,0,0,0,0,0,0,0,0,0,64000,0,0,0,75000,11000,64000,64000
065722,緯創兆豐9C購02  ,10000,0,10000,0,0,0,0,0,0,54000,0,0,0,80000,26000,54000,64000
065934,智邦群益01購02  ,0,0,0,0,0,0,0,0,0,64000,0,0,0,98000,34000,64000,64000
064557,鴻海群益9C購04  ,0,0,0,0,0,0,0,0,0,64000,0,0,0,64000,0,64000,64000
064550,南茂凱基01購01  ,0,0,0,0,0,0,0,0,0,64000,0,0,0,145000,81000,64000,64000
065353,GIS統一02購03   ,0,0,0,0,0,0,0,0,0,64000,0,0,0,64000,0,64000,64000
066406,南六凱基01購02  ,0,0,0,0,0,0,0,0,0,64000,0,0,0,134000,70000,64000,64000
2704,國賓            ,83000,11000,72000,0,0,0,0,0,0,-8000,0,8000,-8000,0,0,0,64000
068105,GIS永豐01購01   ,0,0,0,0,0,0,0,0,0,63000,0,0,0,63000,0,63000,63000
068040,超眾元富04購01  ,0,0,0,0,0,0,0,0,0,63000,0,0,0,63000,0,63000,63000
067740,精元元大01購02  ,0,0,0,0,0,0,0,0,0,63000,0,0,0,93000,30000,63000,63000
068959,鴻海群益02購05  ,0,0,0,0,0,0,0,0,0,63000,0,0,0,108000,45000,63000,63000
064312,大立光群益01購01,0,0,0,0,0,0,0,0,0,63000,0,0,0,63000,0,63000,63000
061485,鴻海兆豐9A購01  ,0,0,0,0,0,0,0,0,0,63000,0,0,0,73000,10000,63000,63000
064386,友達富邦01購01  ,0,0,0,0,0,0,0,0,0,63000,0,0,0,63000,0,63000,63000
064786,GIS群益9C購04   ,0,0,0,0,0,0,0,0,0,63000,0,0,0,218000,155000,63000,63000
063560,力山元大9B購05  ,0,0,0,0,0,0,0,0,0,63000,0,0,0,109000,46000,63000,63000
063133,喬山統一01購01  ,0,0,0,0,0,0,0,0,0,63000,0,0,0,290000,227000,63000,63000
063525,廣達凱基9B購02  ,0,0,0,0,0,0,0,0,0,63000,0,0,0,65000,2000,63000,63000
066788,聯發科麥證01購07,0,0,0,63000,0,63000,0,0,0,63000,0,0,0,63000,0,63000,63000
066742,健策元大02購03  ,0,0,0,0,0,0,0,0,0,63000,0,0,0,106000,43000,63000,63000
067491,健策元大01購10  ,0,0,0,0,0,0,0,0,0,63000,0,0,0,134000,71000,63000,63000
065825,鴻海凱基02購02  ,0,0,0,0,0,0,0,0,0,63000,0,0,0,68000,5000,63000,63000
065739,正崴麥證9C購01  ,0,0,0,63000,0,63000,0,0,0,63000,0,0,0,63000,0,63000,63000
068363,世紀鋼凱基01購02,0,0,0,0,0,0,0,0,0,62000,0,0,0,78000,16000,62000,62000
064188,玉晶光永豐9C購02,0,0,0,0,0,0,0,0,0,62000,0,0,0,67000,5000,62000,62000
060265,宏達電國票9A購02,0,0,0,0,0,0,0,0,0,62000,0,0,0,84000,22000,62000,62000
063479,南六元大9B購06  ,0,0,0,0,0,0,0,0,0,62000,0,0,0,62000,0,62000,62000
060959,金像電凱基9A購01,0,0,0,0,0,0,0,0,0,62000,0,0,0,62000,0,62000,62000
063817,GIS群益9C購01   ,0,0,0,0,0,0,0,0,0,62000,0,0,0,178000,116000,62000,62000
065581,寶成群益9C購01  ,0,0,0,0,0,0,0,0,0,62000,0,0,0,88000,26000,62000,62000
065321,瑞昱凱基9C購01  ,0,0,0,0,0,0,0,0,0,62000,0,0,0,232000,170000,62000,62000
067219,瑞儀元大01購01  ,0,0,0,0,0,0,0,0,0,62000,0,0,0,213000,151000,62000,62000
066772,友達富邦03購01  ,0,0,0,0,0,0,0,0,0,62000,0,0,0,62000,0,62000,62000
066763,創意永豐01購02  ,0,0,0,0,0,0,0,0,0,62000,0,0,0,75000,13000,62000,62000
066896,緯穎兆豐03購01  ,0,0,0,0,0,0,0,0,0,62000,0,0,0,201000,139000,62000,62000
068835,台積電永豐02購01,0,0,0,0,0,0,0,0,0,61000,0,0,0,133000,72000,61000,61000
068818,聯發科元大02購06,0,0,0,0,0,0,0,0,0,61000,0,0,0,108000,47000,61000,61000
08732P,臺股指麥證01售04,0,0,0,64000,3000,61000,0,0,0,61000,0,0,0,64000,3000,61000,61000
08191P,鴻海台新9B售03  ,0,0,0,0,0,0,0,0,0,61000,0,0,0,61000,0,61000,61000
057828,緯穎元大99購02  ,0,0,0,0,0,0,0,0,0,61000,0,0,0,188000,127000,61000,61000
03310P,聯詠凱基02售05  ,0,0,0,0,0,0,0,0,0,61000,0,0,0,156000,95000,61000,61000
03312P,亞德客元大02售02,0,0,0,0,0,0,0,0,0,61000,0,0,0,116000,55000,61000,61000
03116P,玉晶光康和01售02,0,0,0,0,0,0,0,0,0,61000,0,0,0,61000,0,61000,61000
03064P,台灣50群益01售14,0,0,0,0,0,0,0,0,0,61000,0,0,0,75000,14000,61000,61000
060964,日月光凱基9A購01,0,0,0,0,0,0,0,0,0,61000,0,0,0,165000,104000,61000,61000
062344,力山群益9B購02  ,0,0,0,0,0,0,0,0,0,61000,0,0,0,126000,65000,61000,61000
064873,世紀鋼永豐9C購01,0,0,0,0,0,0,0,0,0,61000,0,0,0,101000,40000,61000,61000
062560,奇鋐凱基9B購02  ,0,0,0,0,0,0,0,0,0,61000,0,0,0,78000,17000,61000,61000
061660,禾伸堂永豐9A購01,0,0,0,0,0,0,0,0,0,61000,0,0,0,61000,0,61000,61000
064946,台積電凱基01購07,0,0,0,0,0,0,0,0,0,61000,0,0,0,69000,8000,61000,61000
065656,聯發科國泰03購01,0,0,0,0,0,0,0,0,0,61000,0,0,0,68000,7000,61000,61000
4935,茂林-KY         ,448000,347000,101000,0,0,0,0,55000,-55000,15000,3000,10000,-7000,29000,7000,22000,61000
9934,成霖            ,155000,95000,60000,0,0,0,0,0,0,1000,1000,0,1000,0,0,0,61000
1457,宜進            ,83000,26000,57000,0,0,0,0,0,0,4000,4000,0,4000,0,0,0,61000
08041P,臺股指群益9B售14,0,0,0,0,0,0,0,0,0,60000,0,0,0,60000,0,60000,60000
08684P,禾伸堂凱基01售01,0,0,0,0,0,0,0,0,0,60000,0,0,0,120000,60000,60000,60000
08467P,長榮航統一9C售01,0,0,0,0,0,0,0,0,0,60000,0,0,0,60000,0,60000,60000
03115P,玉晶光第一01售01,0,0,0,0,0,0,0,0,0,60000,0,0,0,60000,0,60000,60000
03247P,聯電元富03售02  ,0,0,0,0,0,0,0,0,0,60000,0,0,0,60000,0,60000,60000
056650,彩晶凱基9A購01  ,0,0,0,0,0,0,0,0,0,60000,0,0,0,60000,0,60000,60000
059093,旭富元大99購01  ,0,0,0,0,0,0,0,0,0,60000,0,0,0,460000,400000,60000,60000
058570,臻鼎凱基9A購01  ,0,0,0,0,0,0,0,0,0,60000,0,0,0,60000,0,60000,60000
060303,宏達電富邦9B購01,0,0,0,0,0,0,0,0,0,60000,0,0,0,63000,3000,60000,60000
058694,鈺齊國票9A購02  ,0,0,0,0,0,0,0,0,0,60000,0,0,0,60000,0,60000,60000
057993,中環中信98購01  ,0,0,0,0,0,0,0,0,0,60000,0,0,0,60000,0,60000,60000
058747,友達凱基9A購03  ,0,0,0,0,0,0,0,0,0,60000,0,0,0,60000,0,60000,60000
064107,友達兆豐01購01  ,0,0,0,0,0,0,0,0,0,60000,0,0,0,160000,100000,60000,60000
062204,京元電國票9C購01,0,0,0,0,0,0,0,0,0,60000,0,0,0,60000,0,60000,60000
064224,玉晶光國票01購04,0,0,0,0,0,0,0,0,0,60000,0,0,0,60000,0,60000,60000
063488,金像電國泰01購01,0,0,0,0,0,0,0,0,0,60000,0,0,0,92000,32000,60000,60000
063493,金像電富邦01購01,0,0,0,0,0,0,0,0,0,60000,0,0,0,60000,0,60000,60000
062102,T50反1國票9B購07,0,0,0,0,0,0,0,0,0,60000,0,0,0,60000,0,60000,60000
063177,友達兆豐9B購01  ,0,0,0,0,0,0,0,0,0,60000,0,0,0,60000,0,60000,60000
065998,友訊國票01購02  ,0,0,0,0,0,0,0,0,0,60000,0,0,0,60000,0,60000,60000
06498P,臺股指元大9A售03,0,0,0,0,0,0,0,0,0,60000,0,0,0,60000,0,60000,60000
065078,台積電元大02購01,0,0,0,0,0,0,0,0,0,60000,0,0,0,60000,0,60000,60000
066428,健策元大02購02  ,0,0,0,0,0,0,0,0,0,60000,0,0,0,130000,70000,60000,60000
066562,上緯控元大01購01,0,0,0,0,0,0,0,0,0,60000,0,0,0,224000,164000,60000,60000
067210,聯發科元大01購18,0,0,0,0,0,0,0,0,0,60000,0,0,0,293000,233000,60000,60000
067455,T50反1國泰03購01,0,0,0,0,0,0,0,0,0,60000,0,0,0,110000,50000,60000,60000
6165,捷泰            ,81000,21000,60000,0,0,0,0,0,0,0,0,0,0,0,0,0,60000
08322P,國巨凱基9C售08  ,0,0,0,0,0,0,0,0,0,59000,0,0,0,59000,0,59000,59000
069035,可成統一02購02  ,0,0,0,0,0,0,0,0,0,59000,0,0,0,95000,36000,59000,59000
068167,世紀鋼元大02購01,0,0,0,0,0,0,0,0,0,59000,0,0,0,230000,171000,59000,59000
058044,鴻海元大99購07  ,0,0,0,0,0,0,0,0,0,59000,0,0,0,67000,8000,59000,59000
066528,南電統一02購01  ,0,0,0,0,0,0,0,0,0,59000,0,0,0,59000,0,59000,59000
065303,國泰金元富9C購01,0,0,0,0,0,0,0,0,0,59000,0,0,0,210000,151000,59000,59000
065306,泰鼎元富9C購02  ,0,0,0,0,0,0,0,0,0,59000,0,0,0,175000,116000,59000,59000
067720,瑞昱凱基01購02  ,0,0,0,0,0,0,0,0,0,58000,0,0,0,372000,314000,58000,58000
068282,信邦中信03購01  ,0,0,0,0,0,0,0,0,0,58000,0,0,0,68000,10000,58000,58000
08729P,創意永豐01售01  ,0,0,0,0,0,0,0,0,0,58000,0,0,0,325000,267000,58000,58000
08676P,泰碩群益04售01  ,0,0,0,0,0,0,0,0,0,58000,0,0,0,216000,158000,58000,58000
058054,台積電統一9C購01,0,0,0,0,0,0,0,0,0,58000,0,0,0,58000,0,58000,58000
059294,宏達電元富9B購02,0,0,0,0,0,0,0,0,0,58000,0,0,0,160000,102000,58000,58000
064183,聯茂富邦01購01  ,0,0,0,0,0,0,0,0,0,58000,0,0,0,145000,87000,58000,58000
056724,臻鼎中信9A購01  ,0,0,0,0,0,0,0,0,0,58000,0,0,0,405000,347000,58000,58000
057636,上銀元大98購06  ,0,0,0,0,0,0,0,0,0,58000,0,0,0,58000,0,58000,58000
03121P,聯電元大01售04  ,0,0,0,0,0,0,0,0,0,58000,0,0,0,58000,0,58000,58000
052659,上証2X國票99購01,0,0,0,0,0,0,0,0,0,58000,0,0,0,60000,2000,58000,58000
064704,嘉晶國泰01購01  ,0,0,0,0,0,0,0,0,0,58000,0,0,0,297000,239000,58000,58000
06326P,鴻海中信01售01  ,0,0,0,0,0,0,0,0,0,58000,0,0,0,160000,102000,58000,58000
064024,漢唐元大9C購01  ,0,0,0,0,0,0,0,0,0,58000,0,0,0,307000,249000,58000,58000
066440,南帝群益01購01  ,0,0,0,0,0,0,0,0,0,58000,0,0,0,150000,92000,58000,58000
2841,台開            ,1310000,1252000,58000,0,0,0,0,0,0,0,0,0,0,0,0,0,58000
2030,彰源            ,60000,2000,58000,0,0,0,0,0,0,0,0,0,0,0,0,0,58000
08609P,世紀鋼永豐9C售03,0,0,0,0,0,0,0,0,0,57000,0,0,0,60000,3000,57000,57000
08398P,台積電元富9C售04,0,0,0,0,0,0,0,0,0,57000,0,0,0,57000,0,57000,57000
068352,台積電凱基01購22,0,0,0,0,0,0,0,0,0,57000,0,0,0,62000,5000,57000,57000
068076,欣興凱基01購05  ,0,0,0,0,0,0,0,0,0,57000,0,0,0,202000,145000,57000,57000
057078,國巨統一9A購02  ,0,0,0,0,0,0,0,0,0,57000,0,0,0,57000,0,57000,57000
03036P,玉晶光國票01售08,0,0,0,0,0,0,0,0,0,57000,0,0,0,79000,22000,57000,57000
061626,超眾群益9A購02  ,0,0,0,0,0,0,0,0,0,57000,0,0,0,57000,0,57000,57000
064231,鴻海統一01購03  ,0,0,0,0,0,0,0,0,0,57000,0,0,0,130000,73000,57000,57000
061943,上銀群益9B購02  ,0,0,0,0,0,0,0,0,0,57000,0,0,0,57000,0,57000,57000
063379,帆宣永豐9B購01  ,0,0,0,0,0,0,0,0,0,57000,0,0,0,57000,0,57000,57000
063498,金像電永豐9B購02,0,0,0,0,0,0,0,0,0,57000,0,0,0,57000,0,57000,57000
063445,金像電統一9B購01,0,0,0,0,0,0,0,0,0,57000,0,0,0,161000,104000,57000,57000
063746,上銀國票9C購01  ,0,0,0,0,0,0,0,0,0,57000,0,0,0,99000,42000,57000,57000
064733,南六統一9C購03  ,0,0,0,0,0,0,0,0,0,57000,0,0,0,428000,371000,57000,57000
062338,鴻海麥證9B購01  ,0,0,0,92000,0,92000,0,0,0,57000,0,0,0,92000,35000,57000,57000
062794,鴻海統一9C購15  ,0,0,0,0,0,0,0,0,0,57000,0,0,0,58000,1000,57000,57000
066463,鎧勝統一02購01  ,0,0,0,0,0,0,0,0,0,57000,0,0,0,67000,10000,57000,57000
066381,景碩康和01購01  ,0,0,0,0,0,0,0,0,0,57000,0,0,0,246000,189000,57000,57000
066382,拓凱康和01購01  ,0,0,0,0,0,0,0,0,0,57000,0,0,0,61000,4000,57000,57000
066954,聯詠元大01購04  ,0,0,0,0,0,0,0,0,0,57000,0,0,0,175000,118000,57000,57000
065329,億豐凱基9C購02  ,0,0,0,0,0,0,0,0,0,57000,0,0,0,57000,0,57000,57000
065816,聯發科元富03購07,0,0,0,0,0,0,0,0,0,57000,0,0,0,156000,99000,57000,57000
067631,上銀永豐01購01  ,0,0,0,0,0,0,0,0,0,56000,0,0,0,77000,21000,56000,56000
068676,華擎元富07購01  ,0,0,0,0,0,0,0,0,0,56000,0,0,0,100000,44000,56000,56000
08298P,大立光國票9C售01,0,0,0,0,0,0,0,0,0,56000,0,0,0,56000,0,56000,56000
08120P,南亞科國票9C售01,0,0,0,0,0,0,0,0,0,56000,0,0,0,56000,0,56000,56000
08004P,大毅永豐9B售02  ,0,0,0,0,0,0,0,0,0,56000,0,0,0,93000,37000,56000,56000
068969,台塑化群益02購01,0,0,0,0,0,0,0,0,0,56000,0,0,0,56000,0,56000,56000
03054P,宏碁中信03售02  ,0,0,0,0,0,0,0,0,0,56000,0,0,0,71000,15000,56000,56000
03214P,技嘉群益02售02  ,0,0,0,0,0,0,0,0,0,56000,0,0,0,255000,199000,56000,56000
03154P,華新科群益01售07,0,0,0,0,0,0,0,0,0,56000,0,0,0,56000,0,56000,56000
056479,玉晶光元大99購05,0,0,0,0,0,0,0,0,0,56000,0,0,0,81000,25000,56000,56000
060232,友訊元大9C購01  ,0,0,0,0,0,0,0,0,0,56000,0,0,0,56000,0,56000,56000
061352,茂林元大9A購04  ,0,0,0,0,0,0,0,0,0,56000,0,0,0,87000,31000,56000,56000
065681,聯發科統一9C購17,0,0,0,0,0,0,0,0,0,56000,0,0,0,89000,33000,56000,56000
066030,超眾群益01購01  ,0,0,0,0,0,0,0,0,0,56000,0,0,0,56000,0,56000,56000
066035,南電群益01購01  ,0,0,0,0,0,0,0,0,0,56000,0,0,0,56000,0,56000,56000
066113,金像電兆豐01購01,0,0,0,0,0,0,0,0,0,56000,0,0,0,56000,0,56000,56000
067481,國產元大01購03  ,0,0,0,0,0,0,0,0,0,56000,0,0,0,426000,370000,56000,56000
066673,緯穎凱基02購01  ,0,0,0,0,0,0,0,0,0,56000,0,0,0,66000,10000,56000,56000
2539,櫻花建          ,60000,4000,56000,0,0,0,0,0,0,0,0,0,0,0,0,0,56000
08427P,義隆國票9C售01  ,0,0,0,0,0,0,0,0,0,55000,0,0,0,215000,160000,55000,55000
08432P,台勝科凱基9C售02,0,0,0,0,0,0,0,0,0,55000,0,0,0,55000,0,55000,55000
08468P,台郡統一9C售02  ,0,0,0,0,0,0,0,0,0,55000,0,0,0,55000,0,55000,55000
068575,南電元大01購10  ,0,0,0,0,0,0,0,0,0,55000,0,0,0,98000,43000,55000,55000
06842P,臺股指統一9A售03,0,0,0,0,0,0,0,0,0,55000,0,0,0,55000,0,55000,55000
067790,台表科群益01購03,0,0,0,0,0,0,0,0,0,55000,0,0,0,115000,60000,55000,55000
058011,台虹國票99購01  ,0,0,0,0,0,0,0,0,0,55000,0,0,0,55000,0,55000,55000
058201,華通凱基9A購01  ,0,0,0,0,0,0,0,0,0,55000,0,0,0,55000,0,55000,55000
058211,國巨群益9A購02  ,0,0,0,0,0,0,0,0,0,55000,0,0,0,75000,20000,55000,55000
03180P,台灣50元大01售39,0,0,0,0,0,0,0,0,0,55000,0,0,0,65000,10000,55000,55000
03066P,台積電群益01售19,0,0,0,0,0,0,0,0,0,55000,0,0,0,55000,0,55000,55000
063769,玉晶光國泰02購01,0,0,0,0,0,0,0,0,0,55000,0,0,0,56000,1000,55000,55000
060815,茂林凱基9B購01  ,0,0,0,0,0,0,0,0,0,55000,0,0,0,55000,0,55000,55000
066967,台積電元富07購03,0,0,0,0,0,0,0,0,0,55000,0,0,0,56000,1000,55000,55000
067052,帆宣凱基02購01  ,0,0,0,0,0,0,0,0,0,55000,0,0,0,59000,4000,55000,55000
067224,致新元大01購03  ,0,0,0,0,0,0,0,0,0,55000,0,0,0,136000,81000,55000,55000
065034,玉晶光統一01購11,0,0,0,0,0,0,0,0,0,55000,0,0,0,317000,262000,55000,55000
065138,上銀凱基02購01  ,0,0,0,0,0,0,0,0,0,55000,0,0,0,75000,20000,55000,55000
08901P,台表科群益01售02,0,0,0,0,0,0,0,0,0,55000,0,0,0,65000,10000,55000,55000
9955,佳龍            ,161000,105000,56000,0,0,0,0,0,0,-1000,0,1000,-1000,0,0,0,55000
068121,TPK元富03購01   ,0,0,0,0,0,0,0,0,0,54000,0,0,0,124000,70000,54000,54000
06879P,長榮航凱基98售02,0,0,0,0,0,0,0,0,0,54000,0,0,0,54000,0,54000,54000
056136,京鼎元大98購01  ,0,0,0,0,0,0,0,0,0,54000,0,0,0,54000,0,54000,54000
055798,聯茂富邦98購01  ,0,0,0,0,0,0,0,0,0,54000,0,0,0,54000,0,54000,54000
063625,儒鴻元大9B購03  ,0,0,0,0,0,0,0,0,0,54000,0,0,0,67000,13000,54000,54000
061320,奇力新凱基9A購04,0,0,0,0,0,0,0,0,0,54000,0,0,0,82000,28000,54000,54000
062496,矽創中信9B購01  ,0,0,0,0,0,0,0,0,0,54000,0,0,0,554000,500000,54000,54000
064589,聯鈞永豐9C購01  ,0,0,0,0,0,0,0,0,0,54000,0,0,0,58000,4000,54000,54000
063920,大立光元富03購02,0,0,0,0,0,0,0,0,0,54000,0,0,0,177000,123000,54000,54000
063602,金像電凱基9B購04,0,0,0,0,0,0,0,0,0,54000,0,0,0,76000,22000,54000,54000
064099,億光群益9C購01  ,0,0,0,0,0,0,0,0,0,54000,0,0,0,84000,30000,54000,54000
061891,力山永豐9B購01  ,0,0,0,0,0,0,0,0,0,54000,0,0,0,54000,0,54000,54000
065675,茂林凱基03購01  ,0,0,0,0,0,0,0,0,0,54000,0,0,0,68000,14000,54000,54000
067452,台勝科國票02購02,0,0,0,0,0,0,0,0,0,54000,0,0,0,54000,0,54000,54000
066753,聯鈞國泰03購01  ,0,0,0,0,0,0,0,0,0,54000,0,0,0,64000,10000,54000,54000
4108,懷特            ,130000,75000,55000,0,0,0,0,0,0,-1000,0,1000,-1000,0,0,0,54000
068131,聯發科統一02購09,0,0,0,0,0,0,0,0,0,53000,0,0,0,318000,265000,53000,53000
068106,南電永豐01購02  ,0,0,0,0,0,0,0,0,0,53000,0,0,0,166000,113000,53000,53000
067974,玉晶光群益02購24,0,0,0,0,0,0,0,0,0,53000,0,0,0,140000,87000,53000,53000
08282P,南六群益9C售01  ,0,0,0,0,0,0,0,0,0,53000,0,0,0,65000,12000,53000,53000
069085,日月光凱基03購01,0,0,0,0,0,0,0,0,0,53000,0,0,0,177000,124000,53000,53000
064190,新光金第一9C購01,0,0,0,0,0,0,0,0,0,53000,0,0,0,53000,0,53000,53000
059988,大立光元大9A購02,0,0,0,0,0,0,0,0,0,53000,0,0,0,60000,7000,53000,53000
03675C,臺股指元大04牛02,0,0,0,0,0,0,0,0,0,53000,0,0,0,53000,0,53000,53000
056767,大毅元大99購01  ,0,0,0,0,0,0,0,0,0,53000,0,0,0,72000,19000,53000,53000
061745,南電凱基9B購02  ,0,0,0,0,0,0,0,0,0,53000,0,0,0,98000,45000,53000,53000
061598,南電永豐9A購04  ,0,0,0,0,0,0,0,0,0,53000,0,0,0,53000,0,53000,53000
062063,世紀鋼統一9C購01,0,0,0,0,0,0,0,0,0,53000,0,0,0,246000,193000,53000,53000
062545,嘉晶永豐9B購01  ,0,0,0,0,0,0,0,0,0,53000,0,0,0,70000,17000,53000,53000
063267,台表科中信01購02,0,0,0,0,0,0,0,0,0,53000,0,0,0,59000,6000,53000,53000
063159,嘉澤國泰01購01  ,0,0,0,0,0,0,0,0,0,53000,0,0,0,267000,214000,53000,53000
062645,國巨國泰9B購08  ,0,0,0,0,0,0,0,0,0,53000,0,0,0,78000,25000,53000,53000
066687,國巨元富07購05  ,0,0,0,0,0,0,0,0,0,53000,0,0,0,58000,5000,53000,53000
066312,川湖永豐01購01  ,0,0,0,0,0,0,0,0,0,53000,0,0,0,53000,0,53000,53000
067038,滬深2X凱基04購02,0,0,0,0,0,0,0,0,0,53000,0,0,0,66000,13000,53000,53000
065678,聯發科統一01購07,0,0,0,0,0,0,0,0,0,53000,0,0,0,163000,110000,53000,53000
065089,大立光元大9C購23,0,0,0,0,0,0,0,0,0,53000,0,0,0,88000,35000,53000,53000
065572,泰碩群益01購01  ,0,0,0,0,0,0,0,0,0,53000,0,0,0,53000,0,53000,53000
065485,巨大元大9C購02  ,0,0,0,0,0,0,0,0,0,53000,0,0,0,65000,12000,53000,53000
6491,晶碩            ,61000,27000,34000,0,0,0,0,0,0,19000,0,1000,-1000,22000,2000,20000,53000
2485,兆赫            ,148000,95000,53000,0,0,0,0,0,0,0,22000,22000,0,0,0,0,53000
08680P,聯發科元大01售10,0,0,0,0,0,0,0,0,0,52000,0,0,0,52000,0,52000,52000
067668,金像電元大01購02,0,0,0,0,0,0,0,0,0,52000,0,0,0,132000,80000,52000,52000
068496,景碩元大01購04  ,0,0,0,0,0,0,0,0,0,52000,0,0,0,102000,50000,52000,52000
059536,新光金凱基99購05,0,0,0,0,0,0,0,0,0,52000,0,0,0,52000,0,52000,52000
053328,滬深2X永豐99購01,0,0,0,0,0,0,0,0,0,52000,0,0,0,69000,17000,52000,52000
060389,世紀鋼凱基9B購02,0,0,0,0,0,0,0,0,0,52000,0,0,0,54000,2000,52000,52000
060434,台汽電永豐9A購01,0,0,0,0,0,0,0,0,0,52000,0,0,0,60000,8000,52000,52000
064396,創意永豐9C購01  ,0,0,0,0,0,0,0,0,0,52000,0,0,0,59000,7000,52000,52000
064736,超眾元富9C購04  ,0,0,0,0,0,0,0,0,0,52000,0,0,0,52000,0,52000,52000
061197,矽創永豐9A購02  ,0,0,0,0,0,0,0,0,0,52000,0,0,0,58000,6000,52000,52000
064940,智伸科元富9C購01,0,0,0,0,0,0,0,0,0,52000,0,0,0,146000,94000,52000,52000
065928,創意國票02購01  ,0,0,0,0,0,0,0,0,0,52000,0,0,0,77000,25000,52000,52000
066132,精元群益01購01  ,0,0,0,0,0,0,0,0,0,52000,0,0,0,93000,41000,52000,52000
2493,揚博            ,113000,60000,53000,0,0,0,0,0,0,-1000,0,1000,-1000,0,0,0,52000
2428,興勤            ,351000,350000,1000,0,0,0,0,0,0,51000,0,1000,-1000,55000,3000,52000,52000
5531,鄉林            ,128000,76000,52000,0,0,0,0,0,0,0,0,0,0,0,0,0,52000
068451,台積電國票01購11,0,0,0,0,0,0,0,0,0,51000,0,0,0,56000,5000,51000,51000
067657,日月光元富01購01,0,0,0,0,0,0,0,0,0,51000,0,0,0,366000,315000,51000,51000
07772P,華新科國票9A售05,0,0,0,0,0,0,0,0,0,51000,0,0,0,65000,14000,51000,51000
07597P,臺股指中信01售02,0,0,0,0,0,0,0,0,0,51000,0,0,0,264000,213000,51000,51000
059023,可成統一9B購02  ,0,0,0,0,0,0,0,0,0,51000,0,0,0,310000,259000,51000,51000
063039,大立光凱基9C購02,0,0,0,0,0,0,0,0,0,51000,0,0,0,88000,37000,51000,51000
060735,鴻海統一9C購03  ,0,0,0,0,0,0,0,0,0,51000,0,0,0,51000,0,51000,51000
058973,麗豐永豐99購01  ,0,0,0,0,0,0,0,0,0,51000,0,0,0,52000,1000,51000,51000
056904,大立光元大99購05,0,0,0,0,0,0,0,0,0,51000,0,0,0,52000,1000,51000,51000
056699,光罩國泰99購01  ,0,0,0,0,0,0,0,0,0,51000,0,0,0,254000,203000,51000,51000
056520,鴻海日盛99購01  ,0,0,0,0,0,0,0,0,0,51000,0,0,0,51000,0,51000,51000
066114,瑞昱兆豐02購01  ,0,0,0,0,0,0,0,0,0,51000,0,0,0,60000,9000,51000,51000
066591,華新科群益01購05,0,0,0,0,0,0,0,0,0,51000,0,0,0,119000,68000,51000,51000
3090,日電貿          ,103000,67000,36000,0,0,0,0,0,0,15000,1000,2000,-1000,16000,0,16000,51000
08840P,臺股指麥證01售07,0,0,0,283000,232000,51000,0,0,0,51000,0,0,0,283000,232000,51000,51000
07720P,臺股指群益9A售09,0,0,0,0,0,0,0,0,0,50000,0,0,0,50000,0,50000,50000
07387P,臺股指群益99售25,0,0,0,0,0,0,0,0,0,50000,0,0,0,50000,0,50000,50000
07129P,華新科元大99售14,0,0,0,0,0,0,0,0,0,50000,0,0,0,50000,0,50000,50000
06932P,大立光元大98售21,0,0,0,0,0,0,0,0,0,50000,0,0,0,50000,0,50000,50000
068999,力山兆豐03購01  ,0,0,0,0,0,0,0,0,0,50000,0,0,0,50000,0,50000,50000
068982,健策元大02購06  ,0,0,0,0,0,0,0,0,0,50000,0,0,0,57000,7000,50000,50000
06885P,國巨國票99售06  ,0,0,0,0,0,0,0,0,0,50000,0,0,0,50000,0,50000,50000
07856P,力成凱基9A售02  ,0,0,0,0,0,0,0,0,0,50000,0,0,0,50000,0,50000,50000
08527P,大立光元大01售06,0,0,0,0,0,0,0,0,0,50000,0,0,0,50000,0,50000,50000
08574P,聯發科凱基02售04,0,0,0,0,0,0,0,0,0,50000,0,0,0,50000,0,50000,50000
08358P,大立光元大9C售18,0,0,0,0,0,0,0,0,0,50000,0,0,0,50000,0,50000,50000
067828,聯鈞兆豐03購01  ,0,0,0,0,0,0,0,0,0,50000,0,0,0,101000,51000,50000,50000
06782P,大立光元大99售07,0,0,0,0,0,0,0,0,0,50000,0,0,0,50000,0,50000,50000
068005,玉晶光元大03購02,0,0,0,0,0,0,0,0,0,50000,0,0,0,50000,0,50000,50000
068002,玉晶光元大01購10,0,0,0,0,0,0,0,0,0,50000,0,0,0,50000,0,50000,50000
068017,玉晶光國票01購09,0,0,0,0,0,0,0,0,0,50000,0,0,0,50000,0,50000,50000
068193,順德凱基01購01  ,0,0,0,0,0,0,0,0,0,50000,0,0,0,50000,0,50000,50000
056550,瑞儀凱基99購01  ,0,0,0,0,0,0,0,0,0,50000,0,0,0,50000,0,50000,50000
057620,康控凱基99購01  ,0,0,0,0,0,0,0,0,0,50000,0,0,0,50000,0,50000,50000
059650,緯穎凱基99購04  ,0,0,0,0,0,0,0,0,0,50000,0,0,0,60000,10000,50000,50000
056469,國巨元大99購01  ,0,0,0,0,0,0,0,0,0,50000,0,0,0,50000,0,50000,50000
055399,超眾統一99購01  ,0,0,0,0,0,0,0,0,0,50000,0,0,0,50000,0,50000,50000
055611,燿華國票98購02  ,0,0,0,0,0,0,0,0,0,50000,0,0,0,50000,0,50000,50000
055679,華通凱基99購01  ,0,0,0,0,0,0,0,0,0,50000,0,0,0,50000,0,50000,50000
03183P,鴻海元大01售28  ,0,0,0,0,0,0,0,0,0,50000,0,0,0,50000,0,50000,50000
03158P,大立光元大01售20,0,0,0,0,0,0,0,0,0,50000,0,0,0,50000,0,50000,50000
03002P,玉晶光群益02售18,0,0,0,0,0,0,0,0,0,50000,0,0,0,50000,0,50000,50000
057244,鈺齊凱基99購01  ,0,0,0,0,0,0,0,0,0,50000,0,0,0,50000,0,50000,50000
058526,鈺齊元大99購02  ,0,0,0,0,0,0,0,0,0,50000,0,0,0,50000,0,50000,50000
058503,鴻海元大99購14  ,0,0,0,0,0,0,0,0,0,50000,0,0,0,100000,50000,50000,50000
058450,旺宏永豐99購01  ,0,0,0,0,0,0,0,0,0,50000,0,0,0,150000,100000,50000,50000
058236,大立光元大99購09,0,0,0,0,0,0,0,0,0,50000,0,0,0,50000,0,50000,50000
058260,華新科富邦9C購01,0,0,0,0,0,0,0,0,0,50000,0,0,0,50000,0,50000,50000
058249,緯穎元大99購04  ,0,0,0,0,0,0,0,0,0,50000,0,0,0,50000,0,50000,50000
060036,上証2X國票99購03,0,0,0,0,0,0,0,0,0,50000,0,0,0,50000,0,50000,50000
058669,上銀群益99購01  ,0,0,0,0,0,0,0,0,0,50000,0,0,0,50000,0,50000,50000
063047,大立光兆豐9B購03,0,0,0,0,0,0,0,0,0,50000,0,0,0,50000,0,50000,50000
059102,聯鈞元富99購01  ,0,0,0,0,0,0,0,0,0,50000,0,0,0,50000,0,50000,50000
059203,勤誠永豐99購02  ,0,0,0,0,0,0,0,0,0,50000,0,0,0,50000,0,50000,50000
062238,臻鼎凱基9C購01  ,0,0,0,0,0,0,0,0,0,50000,0,0,0,50000,0,50000,50000
062066,元黃金元大9B購01,0,0,0,0,0,0,0,0,0,50000,0,0,0,60000,10000,50000,50000
061919,國巨凱基9B購06  ,0,0,0,0,0,0,0,0,0,50000,0,0,0,100000,50000,50000,50000
061931,力山國票9B購02  ,0,0,0,0,0,0,0,0,0,50000,0,0,0,76000,26000,50000,50000
061978,旺宏元大9C購01  ,0,0,0,0,0,0,0,0,0,50000,0,0,0,100000,50000,50000,50000
061634,遠東新元大9A購01,0,0,0,0,0,0,0,0,0,50000,0,0,0,50000,0,50000,50000
061790,中租群益9B購01  ,0,0,0,0,0,0,0,0,0,50000,0,0,0,120000,70000,50000,50000
063380,台表科永豐9B購03,0,0,0,0,0,0,0,0,0,50000,0,0,0,59000,9000,50000,50000
063130,聯茂元大9B購02  ,0,0,0,0,0,0,0,0,0,50000,0,0,0,50000,0,50000,50000
063064,台表科元富9B購01,0,0,0,0,0,0,0,0,0,50000,0,0,0,50000,0,50000,50000
064471,國巨麥證9C購02  ,0,0,0,50000,0,50000,0,0,0,50000,0,0,0,50000,0,50000,50000
062429,A50正2元大9B購01,0,0,0,0,0,0,0,0,0,50000,0,0,0,60000,10000,50000,50000
062660,神隆群益9B購02  ,0,0,0,0,0,0,0,0,0,50000,0,0,0,58000,8000,50000,50000
060926,宏達電永豐9A購01,0,0,0,0,0,0,0,0,0,50000,0,0,0,62000,12000,50000,50000
061032,金像電永豐9A購03,0,0,0,0,0,0,0,0,0,50000,0,0,0,80000,30000,50000,50000
061055,康控群益9A購01  ,0,0,0,0,0,0,0,0,0,50000,0,0,0,50000,0,50000,50000
066787,聯發科麥證01購06,0,0,0,50000,0,50000,0,0,0,50000,0,0,0,50000,0,50000,50000
066277,敦泰元大01購02  ,0,0,0,0,0,0,0,0,0,50000,0,0,0,60000,10000,50000,50000
066336,聯陽永豐01購01  ,0,0,0,0,0,0,0,0,0,50000,0,0,0,61000,11000,50000,50000
066449,瀚宇博群益01購01,0,0,0,0,0,0,0,0,0,50000,0,0,0,67000,17000,50000,50000
067047,大立光凱基01購07,0,0,0,0,0,0,0,0,0,50000,0,0,0,50000,0,50000,50000
065688,緯創元富9C購02  ,0,0,0,0,0,0,0,0,0,50000,0,0,0,50000,0,50000,50000
065270,TPK元大01購01   ,0,0,0,0,0,0,0,0,0,50000,0,0,0,127000,77000,50000,50000
1710,東聯            ,266000,150000,116000,0,0,0,0,0,0,-66000,0,66000,-66000,0,0,0,50000
068545,帆宣康和01購01  ,0,0,0,0,0,0,0,0,0,49000,0,0,0,64000,15000,49000,49000
08687P,南六永豐01售02  ,0,0,0,0,0,0,0,0,0,49000,0,0,0,59000,10000,49000,49000
069286,鴻海國泰04購01  ,0,0,0,0,0,0,0,0,0,49000,0,0,0,49000,0,49000,49000
058768,南港兆豐99購01  ,0,0,0,0,0,0,0,0,0,49000,0,0,0,49000,0,49000,49000
056892,旺宏元大9A購02  ,0,0,0,0,0,0,0,0,0,49000,0,0,0,70000,21000,49000,49000
03236P,大立光元大02售03,0,0,0,0,0,0,0,0,0,49000,0,0,0,50000,1000,49000,49000
059539,緯穎凱基99購03  ,0,0,0,0,0,0,0,0,0,49000,0,0,0,69000,20000,49000,49000
063172,廣達中信9C購01  ,0,0,0,0,0,0,0,0,0,49000,0,0,0,170000,121000,49000,49000
063396,金像電群益9C購01,0,0,0,0,0,0,0,0,0,49000,0,0,0,128000,79000,49000,49000
062942,嘉澤凱基9B購02  ,0,0,0,0,0,0,0,0,0,49000,0,0,0,74000,25000,49000,49000
064010,GIS凱基02購01   ,0,0,0,0,0,0,0,0,0,49000,0,0,0,109000,60000,49000,49000
065742,宏達電麥證9C購01,0,0,0,71000,0,71000,0,0,0,49000,0,0,0,71000,22000,49000,49000
066378,超眾兆豐03購01  ,0,0,0,0,0,0,0,0,0,49000,0,0,0,80000,31000,49000,49000
06658P,台灣50富邦9C售01,0,0,0,0,0,0,0,0,0,49000,0,0,0,133000,84000,49000,49000
2420,新巨            ,47000,9000,38000,0,0,0,0,0,0,11000,11000,0,11000,0,0,0,49000
08715P,創意元富07售02  ,0,0,0,0,0,0,0,0,0,48000,0,0,0,48000,0,48000,48000
068454,致茂國票03購01  ,0,0,0,0,0,0,0,0,0,48000,0,0,0,48000,0,48000,48000
068336,瀚宇博元大01購05,0,0,0,0,0,0,0,0,0,48000,0,0,0,50000,2000,48000,48000
068092,聯發科群益01購10,0,0,0,0,0,0,0,0,0,48000,0,0,0,70000,22000,48000,48000
067991,旺宏元大01購04  ,0,0,0,0,0,0,0,0,0,48000,0,0,0,221000,173000,48000,48000
067960,帆宣永豐01購01  ,0,0,0,0,0,0,0,0,0,48000,0,0,0,53000,5000,48000,48000
067670,微星元大01購06  ,0,0,0,0,0,0,0,0,0,48000,0,0,0,146000,98000,48000,48000
067685,瀚宇博元大01購03,0,0,0,0,0,0,0,0,0,48000,0,0,0,50000,2000,48000,48000
059571,奇力新凱基99購06,0,0,0,0,0,0,0,0,0,48000,0,0,0,60000,12000,48000,48000
061800,泰鼎永豐9B購01  ,0,0,0,0,0,0,0,0,0,48000,0,0,0,94000,46000,48000,48000
063737,大立光元大9C購07,0,0,0,0,0,0,0,0,0,48000,0,0,0,48000,0,48000,48000
061456,玉晶光凱基9B購05,0,0,0,0,0,0,0,0,0,48000,0,0,0,48000,0,48000,48000
062583,鴻海統一9C購12  ,0,0,0,0,0,0,0,0,0,48000,0,0,0,148000,100000,48000,48000
062680,微星統一01購01  ,0,0,0,0,0,0,0,0,0,48000,0,0,0,63000,15000,48000,48000
065595,鴻海元大9C購15  ,0,0,0,0,0,0,0,0,0,48000,0,0,0,48000,0,48000,48000
065822,緯創台新9C購01  ,0,0,0,0,0,0,0,0,0,48000,0,0,0,49000,1000,48000,48000
066103,神基國票02購01  ,0,0,0,0,0,0,0,0,0,48000,0,0,0,60000,12000,48000,48000
066162,泰豐凱基01購01  ,0,0,0,0,0,0,0,0,0,48000,0,0,0,107000,59000,48000,48000
066026,泰碩群益03購01  ,0,0,0,0,0,0,0,0,0,48000,0,0,0,48000,0,48000,48000
065975,緯創元大02購01  ,0,0,0,0,0,0,0,0,0,48000,0,0,0,150000,102000,48000,48000
064885,T50反1中信04購01,0,0,0,0,0,0,0,0,0,48000,0,0,0,50000,2000,48000,48000
067622,同欣電國泰02購01,0,0,0,0,0,0,0,0,0,47000,0,0,0,50000,3000,47000,47000
067928,華城凱基01購01  ,0,0,0,0,0,0,0,0,0,47000,0,0,0,190000,143000,47000,47000
07903P,台積電群益9B售03,0,0,0,0,0,0,0,0,0,47000,0,0,0,100000,53000,47000,47000
08096P,大立光元富9B售04,0,0,0,0,0,0,0,0,0,47000,0,0,0,93000,46000,47000,47000
068878,智易凱基02購01  ,0,0,0,0,0,0,0,0,0,47000,0,0,0,307000,260000,47000,47000
057575,世紀鋼永豐98購02,0,0,0,0,0,0,0,0,0,47000,0,0,0,63000,16000,47000,47000
00702,國泰標普低波高息,10000,0,10000,0,0,0,0,0,0,37000,0,0,0,138000,101000,37000,47000
058911,茂林元大99購04  ,0,0,0,0,0,0,0,0,0,47000,0,0,0,100000,53000,47000,47000
064174,致新元富9C購02  ,0,0,0,0,0,0,0,0,0,47000,0,0,0,148000,101000,47000,47000
060920,超眾富邦9B購01  ,0,0,0,0,0,0,0,0,0,47000,0,0,0,50000,3000,47000,47000
064770,開發金中信01購01,0,0,0,0,0,0,0,0,0,47000,0,0,0,95000,48000,47000,47000
065041,金像電凱基02購02,0,0,0,0,0,0,0,0,0,47000,0,0,0,50000,3000,47000,47000
065158,和碩群益9C購01  ,0,0,0,0,0,0,0,0,0,47000,0,0,0,47000,0,47000,47000
066098,華碩中信02購01  ,0,0,0,0,0,0,0,0,0,47000,0,0,0,118000,71000,47000,47000
066766,嘉澤永豐01購01  ,0,0,0,0,0,0,0,0,0,47000,0,0,0,75000,28000,47000,47000
066986,健策群益02購02  ,0,0,0,0,0,0,0,0,0,47000,0,0,0,75000,28000,47000,47000
067477,億光元大01購01  ,0,0,0,0,0,0,0,0,0,47000,0,0,0,52000,5000,47000,47000
067435,眾達凱基02購01  ,0,0,0,0,0,0,0,0,0,47000,0,0,0,47000,0,47000,47000
4943,康控-KY         ,189000,212000,-23000,0,0,0,0,0,0,70000,0,0,0,82000,12000,70000,47000
08445P,臺股指麥證9C售03,0,0,0,78000,32000,46000,0,0,0,46000,0,0,0,78000,32000,46000,46000
067569,台積電麥證01購10,0,0,0,51000,0,51000,0,0,0,46000,0,0,0,51000,5000,46000,46000
057795,鴻海兆豐99購02  ,0,0,0,0,0,0,0,0,0,46000,0,0,0,56000,10000,46000,46000
058010,帆宣國票98購01  ,0,0,0,0,0,0,0,0,0,46000,0,0,0,61000,15000,46000,46000
059986,宏達電元大99購08,0,0,0,0,0,0,0,0,0,46000,0,0,0,69000,23000,46000,46000
0061,元大寶滬深      ,30000,19000,11000,0,0,0,0,0,0,35000,0,0,0,36000,1000,35000,46000
053537,玉晶光永豐98購02,0,0,0,0,0,0,0,0,0,46000,0,0,0,50000,4000,46000,46000
061368,南六國票9A購01  ,0,0,0,0,0,0,0,0,0,46000,0,0,0,50000,4000,46000,46000
063963,鴻海國票01購01  ,0,0,0,0,0,0,0,0,0,46000,0,0,0,236000,190000,46000,46000
062886,中興電群益9B購01,0,0,0,0,0,0,0,0,0,46000,0,0,0,177000,131000,46000,46000
061666,友達中信01購01  ,0,0,0,0,0,0,0,0,0,46000,0,0,0,73000,27000,46000,46000
4766,南寶            ,43000,0,43000,0,0,0,0,0,0,3000,3000,0,3000,0,0,0,46000
08993P,彩晶元大01售02  ,0,0,0,0,0,0,0,0,0,46000,0,0,0,66000,20000,46000,46000
068253,玉晶光元大01購13,0,0,0,0,0,0,0,0,0,45000,0,0,0,50000,5000,45000,45000
07799P,南電國票9A售04  ,0,0,0,0,0,0,0,0,0,45000,0,0,0,45000,0,45000,45000
069140,金像電永豐02購01,0,0,0,0,0,0,0,0,0,45000,0,0,0,45000,0,45000,45000
03128P,玉晶光國泰03售04,0,0,0,0,0,0,0,0,0,45000,0,0,0,110000,65000,45000,45000
03118P,台積電國票01售07,0,0,0,0,0,0,0,0,0,45000,0,0,0,53000,8000,45000,45000
054589,聯鈞國泰99購01  ,0,0,0,0,0,0,0,0,0,45000,0,0,0,45000,0,45000,45000
058523,聯茂元大99購08  ,0,0,0,0,0,0,0,0,0,45000,0,0,0,45000,0,45000,45000
058484,元金2X國票04購01,0,0,0,0,0,0,0,0,0,45000,0,0,0,45000,0,45000,45000
064112,宏碁國票01購01  ,0,0,0,0,0,0,0,0,0,45000,0,0,0,47000,2000,45000,45000
062229,南六統一9B購01  ,0,0,0,0,0,0,0,0,0,45000,0,0,0,45000,0,45000,45000
064248,億光元富9C購01  ,0,0,0,0,0,0,0,0,0,45000,0,0,0,153000,108000,45000,45000
061394,FBVIX統一9B購01 ,0,0,0,0,0,0,0,0,0,45000,0,0,0,45000,0,45000,45000
061509,SP黃豆富邦9C購01,0,0,0,0,0,0,0,0,0,45000,0,0,0,45000,0,45000,45000
066655,上証2X凱基03購03,0,0,0,0,0,0,0,0,0,45000,0,0,0,55000,10000,45000,45000
066077,健策凱基01購01  ,0,0,0,0,0,0,0,0,0,45000,0,0,0,75000,30000,45000,45000
065898,神基麥證9C購01  ,0,0,0,51000,6000,45000,0,0,0,45000,0,0,0,51000,6000,45000,45000
065590,元黃金元大9C購01,0,0,0,0,0,0,0,0,0,45000,0,0,0,45000,0,45000,45000
065662,台勝科永豐9C購01,0,0,0,0,0,0,0,0,0,45000,0,0,0,50000,5000,45000,45000
064552,巨大凱基01購01  ,0,0,0,0,0,0,0,0,0,45000,0,0,0,55000,10000,45000,45000
064569,群創群益9C購01  ,0,0,0,0,0,0,0,0,0,45000,0,0,0,105000,60000,45000,45000
065211,世芯國票01購03  ,0,0,0,0,0,0,0,0,0,45000,0,0,0,72000,27000,45000,45000
065561,同欣電麥證9C購03,0,0,0,45000,0,45000,0,0,0,45000,0,0,0,45000,0,45000,45000
08152P,祥碩統一9B售02  ,0,0,0,0,0,0,0,0,0,44000,0,0,0,54000,10000,44000,44000
08125P,聯茂群益9B售02  ,0,0,0,0,0,0,0,0,0,44000,0,0,0,76000,32000,44000,44000
08260P,大立光元大9C售08,0,0,0,0,0,0,0,0,0,44000,0,0,0,44000,0,44000,44000
08347P,大立光元大9C售16,0,0,0,0,0,0,0,0,0,44000,0,0,0,44000,0,44000,44000
067561,晶技國票02購01  ,0,0,0,0,0,0,0,0,0,44000,0,0,0,75000,31000,44000,44000
067947,京鼎國泰03購01  ,0,0,0,0,0,0,0,0,0,44000,0,0,0,151000,107000,44000,44000
067948,群創國泰03購01  ,0,0,0,0,0,0,0,0,0,44000,0,0,0,44000,0,44000,44000
060747,聯鈞國票9A購02  ,0,0,0,0,0,0,0,0,0,44000,0,0,0,74000,30000,44000,44000
059164,旺宏凱基99購06  ,0,0,0,0,0,0,0,0,0,44000,0,0,0,50000,6000,44000,44000
064700,致新群益9C購02  ,0,0,0,0,0,0,0,0,0,44000,0,0,0,66000,22000,44000,44000
063773,可成富邦9C購01  ,0,0,0,0,0,0,0,0,0,44000,0,0,0,599000,555000,44000,44000
061358,世紀鋼元大9A購04,0,0,0,0,0,0,0,0,0,44000,0,0,0,73000,29000,44000,44000
062548,智易永豐9B購01  ,0,0,0,0,0,0,0,0,0,44000,0,0,0,65000,21000,44000,44000
063510,台表科群益9C購01,0,0,0,0,0,0,0,0,0,44000,0,0,0,64000,20000,44000,44000
063830,智伸科國票01購01,0,0,0,0,0,0,0,0,0,44000,0,0,0,46000,2000,44000,44000
063685,鴻海永豐9B購03  ,0,0,0,0,0,0,0,0,0,44000,0,0,0,79000,35000,44000,44000
064551,鈺齊凱基9C購02  ,0,0,0,0,0,0,0,0,0,44000,0,0,0,46000,2000,44000,44000
066090,泰鼎永豐01購01  ,0,0,0,0,0,0,0,0,0,44000,0,0,0,83000,39000,44000,44000
066414,鴻海元大01購07  ,0,0,0,0,0,0,0,0,0,44000,0,0,0,105000,61000,44000,44000
066946,京元電元大01購04,0,0,0,0,0,0,0,0,0,44000,0,0,0,635000,591000,44000,44000
067259,聯茂國票02購01  ,0,0,0,0,0,0,0,0,0,44000,0,0,0,81000,37000,44000,44000
067249,緯穎群益01購04  ,0,0,0,0,0,0,0,0,0,44000,0,0,0,201000,157000,44000,44000
067185,宏達電凱基02購01,0,0,0,0,0,0,0,0,0,44000,0,0,0,63000,19000,44000,44000
9103,美德醫療-DR     ,1000,77000,-76000,0,0,0,0,0,0,120000,0,0,0,120000,0,120000,44000
067853,京鼎國票02購01  ,0,0,0,0,0,0,0,0,0,43000,0,0,0,45000,2000,43000,43000
08222P,南六凱基9B售05  ,0,0,0,0,0,0,0,0,0,43000,0,0,0,75000,32000,43000,43000
07922P,大立光群益9B售05,0,0,0,0,0,0,0,0,0,43000,0,0,0,43000,0,43000,43000
08605P,聯發科中信9C售06,0,0,0,0,0,0,0,0,0,43000,0,0,0,129000,86000,43000,43000
058772,茂林兆豐9A購01  ,0,0,0,0,0,0,0,0,0,43000,0,0,0,43000,0,43000,43000
03259P,聯發科康和02售01,0,0,0,0,0,0,0,0,0,43000,0,0,0,63000,20000,43000,43000
063340,英業達統一9B購01,0,0,0,0,0,0,0,0,0,43000,0,0,0,53000,10000,43000,43000
064119,上銀元大9C購06  ,0,0,0,0,0,0,0,0,0,43000,0,0,0,101000,58000,43000,43000
061081,宏碁兆豐9A購01  ,0,0,0,0,0,0,0,0,0,43000,0,0,0,71000,28000,43000,43000
067163,眾達國票02購01  ,0,0,0,0,0,0,0,0,0,43000,0,0,0,43000,0,43000,43000
066972,滬深2X群益03購04,0,0,0,0,0,0,0,0,0,43000,0,0,0,49000,6000,43000,43000
067371,聯發科統一02購08,0,0,0,0,0,0,0,0,0,43000,0,0,0,45000,2000,43000,43000
066557,京鼎元大01購01  ,0,0,0,0,0,0,0,0,0,43000,0,0,0,79000,36000,43000,43000
066003,台表科國票02購02,0,0,0,0,0,0,0,0,0,43000,0,0,0,43000,0,43000,43000
065718,健策中信9C購02  ,0,0,0,0,0,0,0,0,0,43000,0,0,0,64000,21000,43000,43000
4725,信昌化          ,0,17000,-17000,0,0,0,0,0,0,60000,0,0,0,60000,0,60000,43000
08683P,大立光凱基02售03,0,0,0,0,0,0,0,0,0,42000,0,0,0,42000,0,42000,42000
08752P,長榮航群益01售01,0,0,0,0,0,0,0,0,0,42000,0,0,0,42000,0,42000,42000
07359P,台積電元大99售45,0,0,0,0,0,0,0,0,0,42000,0,0,0,42000,0,42000,42000
03073P,大立光國泰03售04,0,0,0,0,0,0,0,0,0,42000,0,0,0,105000,63000,42000,42000
03001P,玉晶光群益02售17,0,0,0,0,0,0,0,0,0,42000,0,0,0,84000,42000,42000,42000
058389,聯茂國票9A購01  ,0,0,0,0,0,0,0,0,0,42000,0,0,0,42000,0,42000,42000
061105,宏達電元大9A購04,0,0,0,0,0,0,0,0,0,42000,0,0,0,67000,25000,42000,42000
061569,旺宏元大9A購14  ,0,0,0,0,0,0,0,0,0,42000,0,0,0,101000,59000,42000,42000
063347,祥碩統一01購03  ,0,0,0,0,0,0,0,0,0,42000,0,0,0,62000,20000,42000,42000
065728,嘉晶凱基9C購04  ,0,0,0,0,0,0,0,0,0,42000,0,0,0,122000,80000,42000,42000
065053,南電凱基02購01  ,0,0,0,0,0,0,0,0,0,42000,0,0,0,42000,0,42000,42000
065466,台表科中信01購03,0,0,0,0,0,0,0,0,0,42000,0,0,0,150000,108000,42000,42000
066679,微星兆豐01購01  ,0,0,0,0,0,0,0,0,0,42000,0,0,0,131000,89000,42000,42000
066731,瑞昱元大01購01  ,0,0,0,0,0,0,0,0,0,42000,0,0,0,47000,5000,42000,42000
067277,樺漢統一03購01  ,0,0,0,0,0,0,0,0,0,42000,0,0,0,42000,0,42000,42000
067137,健策永豐01購03  ,0,0,0,0,0,0,0,0,0,42000,0,0,0,50000,8000,42000,42000
07034P,大立光元富99售03,0,0,0,0,0,0,0,0,0,41000,0,0,0,61000,20000,41000,41000
068039,鎧勝元富07購01  ,0,0,0,0,0,0,0,0,0,41000,0,0,0,552000,511000,41000,41000
058678,南亞科日盛99購01,0,0,0,0,0,0,0,0,0,41000,0,0,0,41000,0,41000,41000
064283,奇鋐元大9C購02  ,0,0,0,0,0,0,0,0,0,41000,0,0,0,69000,28000,41000,41000
046061,中石化凱基98購01,0,0,0,0,0,0,0,0,0,41000,0,0,0,41000,0,41000,41000
063844,台積電元大9C購05,0,0,0,0,0,0,0,0,0,41000,0,0,0,69000,28000,41000,41000
062017,京鼎永豐9B購01  ,0,0,0,0,0,0,0,0,0,41000,0,0,0,233000,192000,41000,41000
064853,亞德客麥證9C購01,0,0,0,83000,42000,41000,0,0,0,41000,0,0,0,83000,42000,41000,41000
063809,矽創兆豐01購01  ,0,0,0,0,0,0,0,0,0,41000,0,0,0,41000,0,41000,41000
067174,嘉澤兆豐01購01  ,0,0,0,0,0,0,0,0,0,41000,0,0,0,56000,15000,41000,41000
066933,可成國票02購01  ,0,0,0,0,0,0,0,0,0,41000,0,0,0,101000,60000,41000,41000
067272,鴻海統一01購05  ,0,0,0,0,0,0,0,0,0,41000,0,0,0,41000,0,41000,41000
066759,盟立永豐01購03  ,0,0,0,0,0,0,0,0,0,41000,0,0,0,51000,10000,41000,41000
064927,瀚宇博統一02購01,0,0,0,0,0,0,0,0,0,41000,0,0,0,41000,0,41000,41000
065896,智易統一02購01  ,0,0,0,0,0,0,0,0,0,41000,0,0,0,235000,194000,41000,41000
065932,世紀鋼國票02購01,0,0,0,0,0,0,0,0,0,41000,0,0,0,171000,130000,41000,41000
065949,瑞昱統一01購06  ,0,0,0,0,0,0,0,0,0,41000,0,0,0,56000,15000,41000,41000
066136,景碩群益01購02  ,0,0,0,0,0,0,0,0,0,41000,0,0,0,186000,145000,41000,41000
1733,五鼎            ,73000,36000,37000,0,0,0,0,0,0,4000,4000,0,4000,0,0,0,41000
9925,新保            ,51000,10215,40785,0,0,0,0,0,0,0,0,0,0,0,0,0,40785
00714,群益道瓊美國地產,0,0,0,0,0,0,0,0,0,40738,0,0,0,41000,262,40738,40738
067782,亞德客群益01購04,0,0,0,0,0,0,0,0,0,40000,0,0,0,40000,0,40000,40000
068477,嘉聯益群益01購02,0,0,0,0,0,0,0,0,0,40000,0,0,0,50000,10000,40000,40000
07314P,T50正2元大9C售03,0,0,0,0,0,0,0,0,0,40000,0,0,0,40000,0,40000,40000
07695P,台郡元大9A售02  ,0,0,0,0,0,0,0,0,0,40000,0,0,0,539000,499000,40000,40000
08581P,臺股指元大9C售29,0,0,0,0,0,0,0,0,0,40000,0,0,0,40000,0,40000,40000
07875P,祥碩群益9B售01  ,0,0,0,0,0,0,0,0,0,40000,0,0,0,40000,0,40000,40000
07743P,智邦凱基9A售03  ,0,0,0,0,0,0,0,0,0,40000,0,0,0,40000,0,40000,40000
08219P,上銀凱基9B售08  ,0,0,0,0,0,0,0,0,0,40000,0,0,0,80000,40000,40000,40000
08302P,長榮航國泰02售01,0,0,0,0,0,0,0,0,0,40000,0,0,0,40000,0,40000,40000
03151P,聯發科群益01售14,0,0,0,0,0,0,0,0,0,40000,0,0,0,41000,1000,40000,40000
053298,SP黃豆凱基99購01,0,0,0,0,0,0,0,0,0,40000,0,0,0,40000,0,40000,40000
056331,聯鈞國票99購01  ,0,0,0,0,0,0,0,0,0,40000,0,0,0,40000,0,40000,40000
056161,康控凱基98購02  ,0,0,0,0,0,0,0,0,0,40000,0,0,0,40000,0,40000,40000
059537,大立光凱基99購09,0,0,0,0,0,0,0,0,0,40000,0,0,0,40000,0,40000,40000
059873,華新科凱基99購09,0,0,0,0,0,0,0,0,0,40000,0,0,0,40000,0,40000,40000
062068,滬深2X元大9B購02,0,0,0,0,0,0,0,0,0,40000,0,0,0,40000,0,40000,40000
059298,大立光元富9C購02,0,0,0,0,0,0,0,0,0,40000,0,0,0,227000,187000,40000,40000
058554,瀚宇博永豐99購01,0,0,0,0,0,0,0,0,0,40000,0,0,0,40000,0,40000,40000
058458,牧德永豐9A購01  ,0,0,0,0,0,0,0,0,0,40000,0,0,0,50000,10000,40000,40000
058803,世紀鋼元大99購03,0,0,0,0,0,0,0,0,0,40000,0,0,0,40000,0,40000,40000
058948,道瓊銀群益9C購01,0,0,0,0,0,0,0,0,0,40000,0,0,0,40000,0,40000,40000
058757,道瓊銀群益9A購02,0,0,0,0,0,0,0,0,0,40000,0,0,0,40000,0,40000,40000
060932,南六永豐9A購02  ,0,0,0,0,0,0,0,0,0,40000,0,0,0,40000,0,40000,40000
061041,南電永豐9A購03  ,0,0,0,0,0,0,0,0,0,40000,0,0,0,40000,0,40000,40000
061442,玉晶光永豐9A購07,0,0,0,0,0,0,0,0,0,40000,0,0,0,40000,0,40000,40000
061462,國巨群益9A購11  ,0,0,0,0,0,0,0,0,0,40000,0,0,0,41000,1000,40000,40000
062363,燿華元大9B購03  ,0,0,0,0,0,0,0,0,0,40000,0,0,0,40000,0,40000,40000
062806,世芯統一02購01  ,0,0,0,0,0,0,0,0,0,40000,0,0,0,45000,5000,40000,40000
062832,嘉澤群益9B購02  ,0,0,0,0,0,0,0,0,0,40000,0,0,0,40000,0,40000,40000
062689,華擎統一02購01  ,0,0,0,0,0,0,0,0,0,40000,0,0,0,55000,15000,40000,40000
062262,茂林元大9B購02  ,0,0,0,0,0,0,0,0,0,40000,0,0,0,50000,10000,40000,40000
064708,帆宣永豐9C購01  ,0,0,0,0,0,0,0,0,0,40000,0,0,0,40000,0,40000,40000
062416,和大統一01購02  ,0,0,0,0,0,0,0,0,0,40000,0,0,0,40000,0,40000,40000
062040,玉晶光凱基01購01,0,0,0,0,0,0,0,0,0,40000,0,0,0,43000,3000,40000,40000
061742,奇鋐凱基9B購01  ,0,0,0,0,0,0,0,0,0,40000,0,0,0,40000,0,40000,40000
063487,國巨國泰01購02  ,0,0,0,0,0,0,0,0,0,40000,0,0,0,41000,1000,40000,40000
062907,可成元大9C購03  ,0,0,0,0,0,0,0,0,0,40000,0,0,0,150000,110000,40000,40000
064894,漢唐群益9C購02  ,0,0,0,0,0,0,0,0,0,40000,0,0,0,51000,11000,40000,40000
065126,世芯永豐9C購02  ,0,0,0,0,0,0,0,0,0,40000,0,0,0,96000,56000,40000,40000
065517,緯創群益9C購02  ,0,0,0,0,0,0,0,0,0,40000,0,0,0,73000,33000,40000,40000
065212,瑞儀國票01購01  ,0,0,0,0,0,0,0,0,0,40000,0,0,0,75000,35000,40000,40000
067346,巨大凱基02購01  ,0,0,0,0,0,0,0,0,0,40000,0,0,0,55000,15000,40000,40000
066958,日月光元大01購02,0,0,0,0,0,0,0,0,0,40000,0,0,0,264000,224000,40000,40000
08986P,聯發科元富07售06,0,0,0,0,0,0,0,0,0,40000,0,0,0,45000,5000,40000,40000
1611,中電            ,44000,5000,39000,0,0,0,0,0,0,1000,1000,0,1000,0,0,0,40000
08826P,健策元大01售08  ,0,0,0,0,0,0,0,0,0,40000,0,0,0,159000,119000,40000,40000
08908P,義隆凱基01售05  ,0,0,0,0,0,0,0,0,0,40000,0,0,0,70000,30000,40000,40000
08002P,大毅國票9B售03  ,0,0,0,0,0,0,0,0,0,39000,0,0,0,39000,0,39000,39000
08761P,聯詠元大01售02  ,0,0,0,0,0,0,0,0,0,39000,0,0,0,146000,107000,39000,39000
06956P,國巨日盛99售04  ,0,0,0,0,0,0,0,0,0,39000,0,0,0,39000,0,39000,39000
068515,聯發科統一03購10,0,0,0,0,0,0,0,0,0,39000,0,0,0,40000,1000,39000,39000
068764,台積電統一02購09,0,0,0,0,0,0,0,0,0,39000,0,0,0,44000,5000,39000,39000
068807,上緯控群益02購01,0,0,0,0,0,0,0,0,0,39000,0,0,0,99000,60000,39000,39000
068674,聯發科統一03購12,0,0,0,0,0,0,0,0,0,39000,0,0,0,49000,10000,39000,39000
068706,國產國票03購01  ,0,0,0,0,0,0,0,0,0,39000,0,0,0,221000,182000,39000,39000
067893,玉晶光群益02購07,0,0,0,0,0,0,0,0,0,39000,0,0,0,142000,103000,39000,39000
068031,致茂元富07購01  ,0,0,0,0,0,0,0,0,0,39000,0,0,0,39000,0,39000,39000
058208,百和凱基99購01  ,0,0,0,0,0,0,0,0,0,39000,0,0,0,50000,11000,39000,39000
060169,群電永豐9A購01  ,0,0,0,0,0,0,0,0,0,39000,0,0,0,171000,132000,39000,39000
056366,玉晶光元大99購04,0,0,0,0,0,0,0,0,0,39000,0,0,0,70000,31000,39000,39000
064008,日月光凱基9C購01,0,0,0,0,0,0,0,0,0,39000,0,0,0,54000,15000,39000,39000
064240,群創統一02購02  ,0,0,0,0,0,0,0,0,0,39000,0,0,0,40000,1000,39000,39000
061988,大立光元大9B購04,0,0,0,0,0,0,0,0,0,39000,0,0,0,39000,0,39000,39000
061932,上銀國票9B購01  ,0,0,0,0,0,0,0,0,0,39000,0,0,0,39000,0,39000,39000
061589,世紀鋼富邦9B購01,0,0,0,0,0,0,0,0,0,39000,0,0,0,41000,2000,39000,39000
064597,鴻海元富9C購03  ,0,0,0,0,0,0,0,0,0,39000,0,0,0,500000,461000,39000,39000
064434,微星凱基02購01  ,0,0,0,0,0,0,0,0,0,39000,0,0,0,98000,59000,39000,39000
064759,景碩凱基9C購01  ,0,0,0,0,0,0,0,0,0,39000,0,0,0,70000,31000,39000,39000
066950,義隆元大01購03  ,0,0,0,0,0,0,0,0,0,39000,0,0,0,238000,199000,39000,39000
066265,精元元大01購01  ,0,0,0,0,0,0,0,0,0,39000,0,0,0,105000,66000,39000,39000
1762,中化生          ,561000,522000,39000,0,0,0,0,0,0,0,0,0,0,0,0,0,39000
2534,宏盛            ,95000,61000,34000,0,0,0,0,0,0,5000,5000,0,5000,0,0,0,39000
069100,TPK統一02購03   ,0,0,0,0,0,0,0,0,0,38000,0,0,0,332000,294000,38000,38000
08509P,臺股指國票9C售10,0,0,0,0,0,0,0,0,0,38000,0,0,0,183000,145000,38000,38000
057428,正崴兆豐98購01  ,0,0,0,0,0,0,0,0,0,38000,0,0,0,57000,19000,38000,38000
03029P,玉晶光元大02售05,0,0,0,0,0,0,0,0,0,38000,0,0,0,40000,2000,38000,38000
060050,鴻海凱基9B購01  ,0,0,0,0,0,0,0,0,0,38000,0,0,0,40000,2000,38000,38000
057819,新日興元大99購01,0,0,0,0,0,0,0,0,0,38000,0,0,0,49000,11000,38000,38000
061893,鴻海永豐9B購01  ,0,0,0,0,0,0,0,0,0,38000,0,0,0,38000,0,38000,38000
063832,矽創國票01購01  ,0,0,0,0,0,0,0,0,0,38000,0,0,0,38000,0,38000,38000
066380,瑞昱康和01購02  ,0,0,0,0,0,0,0,0,0,38000,0,0,0,38000,0,38000,38000
065204,神隆國票01購01  ,0,0,0,0,0,0,0,0,0,38000,0,0,0,45000,7000,38000,38000
08821P,旺宏凱基01售01  ,0,0,0,0,0,0,0,0,0,38000,0,0,0,45000,7000,38000,38000
1449,佳和            ,97000,59000,38000,0,0,0,0,0,0,0,0,0,0,0,0,0,38000
07944P,華新科元大9B售08,0,0,0,0,0,0,0,0,0,37000,0,0,0,37000,0,37000,37000
068505,GIS元大01購06   ,0,0,0,0,0,0,0,0,0,37000,0,0,0,168000,131000,37000,37000
068308,強茂國票01購01  ,0,0,0,0,0,0,0,0,0,37000,0,0,0,148000,111000,37000,37000
064313,嘉晶群益9C購02  ,0,0,0,0,0,0,0,0,0,37000,0,0,0,52000,15000,37000,37000
064366,群創統一01購01  ,0,0,0,0,0,0,0,0,0,37000,0,0,0,37000,0,37000,37000
063038,富邦金凱基9B購02,0,0,0,0,0,0,0,0,0,37000,0,0,0,99000,62000,37000,37000
058644,元黃金富邦03購01,0,0,0,0,0,0,0,0,0,37000,0,0,0,37000,0,37000,37000
060732,玉晶光群益9C購02,0,0,0,0,0,0,0,0,0,37000,0,0,0,99000,62000,37000,37000
056095,臻鼎元富9A購01  ,0,0,0,0,0,0,0,0,0,37000,0,0,0,117000,80000,37000,37000
057691,健策凱基99購01  ,0,0,0,0,0,0,0,0,0,37000,0,0,0,57000,20000,37000,37000
064406,健策凱基03購01  ,0,0,0,0,0,0,0,0,0,37000,0,0,0,42000,5000,37000,37000
062272,鴻海群益9B購05  ,0,0,0,0,0,0,0,0,0,37000,0,0,0,116000,79000,37000,37000
060983,南亞科元大9A購06,0,0,0,0,0,0,0,0,0,37000,0,0,0,202000,165000,37000,37000
065738,國巨麥證9C購04  ,0,0,0,57000,20000,37000,0,0,0,37000,0,0,0,57000,20000,37000,37000
066656,滬深2X凱基03購02,0,0,0,0,0,0,0,0,0,37000,0,0,0,38000,1000,37000,37000
067536,大立光群益01購09,0,0,0,0,0,0,0,0,0,37000,0,0,0,52000,15000,37000,37000
1473,台南            ,60000,13000,47000,0,0,0,0,0,0,-10000,0,10000,-10000,0,0,0,37000
6431,光麗-KY         ,37000,0,37000,0,0,0,0,0,0,0,0,0,0,0,0,0,37000
067816,玉晶光凱基01購05,0,0,0,0,0,0,0,0,0,36000,0,0,0,36000,0,36000,36000
07898P,國巨國泰9C售02  ,0,0,0,0,0,0,0,0,0,36000,0,0,0,77000,41000,36000,36000
07039P,南電台新99售01  ,0,0,0,0,0,0,0,0,0,36000,0,0,0,36000,0,36000,36000
059500,鴻海元富99購11  ,0,0,0,0,0,0,0,0,0,36000,0,0,0,36000,0,36000,36000
058292,上銀凱基9A購01  ,0,0,0,0,0,0,0,0,0,36000,0,0,0,46000,10000,36000,36000
063031,鴻海凱基9C購01  ,0,0,0,0,0,0,0,0,0,36000,0,0,0,87000,51000,36000,36000
064148,瑞昱統一02購01  ,0,0,0,0,0,0,0,0,0,36000,0,0,0,36000,0,36000,36000
064418,鴻海兆豐01購02  ,0,0,0,0,0,0,0,0,0,36000,0,0,0,42000,6000,36000,36000
064502,大立光元大9C購19,0,0,0,0,0,0,0,0,0,36000,0,0,0,100000,64000,36000,36000
063144,超眾統一9C購02  ,0,0,0,0,0,0,0,0,0,36000,0,0,0,48000,12000,36000,36000
065710,嘉聯益群益9C購02,0,0,0,0,0,0,0,0,0,36000,0,0,0,40000,4000,36000,36000
1522,堤維西          ,71000,50000,21000,0,0,0,0,0,0,15000,6000,0,6000,9000,0,9000,36000
1305,華夏            ,235000,157000,78000,0,0,0,0,0,0,-42000,30000,8000,22000,0,64000,-64000,36000
08871P,大立光群益01售08,0,0,0,0,0,0,0,0,0,36000,0,0,0,37000,1000,36000,36000
07714P,世紀鋼元大9A售03,0,0,0,0,0,0,0,0,0,35000,0,0,0,365000,330000,35000,35000
08047P,臺股指國票9B售12,0,0,0,0,0,0,0,0,0,35000,0,0,0,35000,0,35000,35000
08556P,臺股指中信01售08,0,0,0,0,0,0,0,0,0,35000,0,0,0,35000,0,35000,35000
067799,玉晶光康和01購01,0,0,0,0,0,0,0,0,0,35000,0,0,0,103000,68000,35000,35000
067887,英業達群益01購02,0,0,0,0,0,0,0,0,0,35000,0,0,0,55000,20000,35000,35000
062952,台積電永豐9B購02,0,0,0,0,0,0,0,0,0,35000,0,0,0,40000,5000,35000,35000
058270,上緯控永豐99購01,0,0,0,0,0,0,0,0,0,35000,0,0,0,45000,10000,35000,35000
058980,鴻海凱基99購06  ,0,0,0,0,0,0,0,0,0,35000,0,0,0,35000,0,35000,35000
058499,滬深2X元大9C購01,0,0,0,0,0,0,0,0,0,35000,0,0,0,35000,0,35000,35000
059932,世紀鋼富邦9A購02,0,0,0,0,0,0,0,0,0,35000,0,0,0,35000,0,35000,35000
059730,晶相光元大9C購02,0,0,0,0,0,0,0,0,0,35000,0,0,0,112000,77000,35000,35000
063528,元大金凱基9B購01,0,0,0,0,0,0,0,0,0,35000,0,0,0,35000,0,35000,35000
064219,滬深2X國票03購01,0,0,0,0,0,0,0,0,0,35000,0,0,0,55000,20000,35000,35000
062034,同欣電群益9B購01,0,0,0,0,0,0,0,0,0,35000,0,0,0,35000,0,35000,35000
064480,聚陽永豐9C購01  ,0,0,0,0,0,0,0,0,0,35000,0,0,0,55000,20000,35000,35000
06478P,臺股指日盛9A售01,0,0,0,0,0,0,0,0,0,35000,0,0,0,525000,490000,35000,35000
06564P,國巨富邦9A售04  ,0,0,0,0,0,0,0,0,0,35000,0,0,0,35000,0,35000,35000
065926,金像電國票02購01,0,0,0,0,0,0,0,0,0,35000,0,0,0,50000,15000,35000,35000
065333,冠德國票01購01  ,0,0,0,0,0,0,0,0,0,35000,0,0,0,166000,131000,35000,35000
067046,聯發科凱基04購01,0,0,0,0,0,0,0,0,0,35000,0,0,0,35000,0,35000,35000
066718,滬深2X元大01購05,0,0,0,0,0,0,0,0,0,35000,0,0,0,84000,49000,35000,35000
066698,川湖群益01購01  ,0,0,0,0,0,0,0,0,0,35000,0,0,0,35000,0,35000,35000
066913,樺漢凱基01購01  ,0,0,0,0,0,0,0,0,0,35000,0,0,0,288000,253000,35000,35000
08850P,台光電群益01售03,0,0,0,0,0,0,0,0,0,35000,0,0,0,35000,0,35000,35000
08811P,鴻海群益01售08  ,0,0,0,0,0,0,0,0,0,35000,0,0,0,48000,13000,35000,35000
2020,美亞            ,68000,34000,34000,0,0,0,0,0,0,1000,1000,0,1000,0,0,0,35000
068083,南電凱基01購04  ,0,0,0,0,0,0,0,0,0,34000,0,0,0,60000,26000,34000,34000
067792,GIS群益02購02   ,0,0,0,0,0,0,0,0,0,34000,0,0,0,379000,345000,34000,34000
068205,京鼎凱基01購05  ,0,0,0,0,0,0,0,0,0,34000,0,0,0,38000,4000,34000,34000
07490P,大立光國票9A售03,0,0,0,0,0,0,0,0,0,34000,0,0,0,34000,0,34000,34000
069253,晶技凱基02購03  ,0,0,0,0,0,0,0,0,0,34000,0,0,0,100000,66000,34000,34000
03086P,台積電元大01售37,0,0,0,0,0,0,0,0,0,34000,0,0,0,34000,0,34000,34000
060320,元金2X群益02購01,0,0,0,0,0,0,0,0,0,34000,0,0,0,34000,0,34000,34000
064296,奇鋐國票01購01  ,0,0,0,0,0,0,0,0,0,34000,0,0,0,53000,19000,34000,34000
060760,南亞科元大9A購04,0,0,0,0,0,0,0,0,0,34000,0,0,0,136000,102000,34000,34000
061229,緯穎中信9B購01  ,0,0,0,0,0,0,0,0,0,34000,0,0,0,34000,0,34000,34000
062069,喬山元大9B購01  ,0,0,0,0,0,0,0,0,0,34000,0,0,0,37000,3000,34000,34000
067136,京鼎永豐01購01  ,0,0,0,0,0,0,0,0,0,34000,0,0,0,50000,16000,34000,34000
067422,微星凱基02購03  ,0,0,0,0,0,0,0,0,0,34000,0,0,0,84000,50000,34000,34000
067453,嘉澤國票02購02  ,0,0,0,0,0,0,0,0,0,34000,0,0,0,98000,64000,34000,34000
065023,大毅永豐9C購01  ,0,0,0,0,0,0,0,0,0,34000,0,0,0,34000,0,34000,34000
08962P,大立光凱基03售05,0,0,0,0,0,0,0,0,0,34000,0,0,0,34000,0,34000,34000
08000P,奇鋐凱基9B售03  ,0,0,0,0,0,0,0,0,0,33000,0,0,0,34000,1000,33000,33000
068384,聯電統一03購02  ,0,0,0,0,0,0,0,0,0,33000,0,0,0,1484000,1451000,33000,33000
057947,和碩國票99購01  ,0,0,0,0,0,0,0,0,0,33000,0,0,0,63000,30000,33000,33000
058456,京鼎永豐99購01  ,0,0,0,0,0,0,0,0,0,33000,0,0,0,33000,0,33000,33000
03262P,建準國票04售01  ,0,0,0,0,0,0,0,0,0,33000,0,0,0,51000,18000,33000,33000
00647L,元大S&P500正2   ,0,0,0,0,0,0,0,0,0,33000,0,0,0,87000,54000,33000,33000
057222,鴻海國票99購04  ,0,0,0,0,0,0,0,0,0,33000,0,0,0,33000,0,33000,33000
057394,台積電中信9C購02,0,0,0,0,0,0,0,0,0,33000,0,0,0,33000,0,33000,33000
056574,亞光元大99購03  ,0,0,0,0,0,0,0,0,0,33000,0,0,0,43000,10000,33000,33000
054479,緯創中信98購01  ,0,0,0,0,0,0,0,0,0,33000,0,0,0,33000,0,33000,33000
03669C,滬深2X元富09牛01,0,0,0,0,0,0,0,0,0,33000,0,0,0,57000,24000,33000,33000
063464,廣達元大9B購02  ,0,0,0,0,0,0,0,0,0,33000,0,0,0,53000,20000,33000,33000
062568,緯穎中信9C購01  ,0,0,0,0,0,0,0,0,0,33000,0,0,0,40000,7000,33000,33000
061702,奇鋐國票9A購02  ,0,0,0,0,0,0,0,0,0,33000,0,0,0,45000,12000,33000,33000
063811,亞德客群益9C購01,0,0,0,0,0,0,0,0,0,33000,0,0,0,98000,65000,33000,33000
064432,台積電凱基9C購04,0,0,0,0,0,0,0,0,0,33000,0,0,0,138000,105000,33000,33000
065548,台達電凱基01購02,0,0,0,0,0,0,0,0,0,33000,0,0,0,33000,0,33000,33000
065432,景碩凱基9C購03  ,0,0,0,0,0,0,0,0,0,33000,0,0,0,74000,41000,33000,33000
067355,大立光群益01購07,0,0,0,0,0,0,0,0,0,33000,0,0,0,165000,132000,33000,33000
067402,茂林永豐01購01  ,0,0,0,0,0,0,0,0,0,33000,0,0,0,56000,23000,33000,33000
066373,美利達中信01購01,0,0,0,0,0,0,0,0,0,33000,0,0,0,44000,11000,33000,33000
068375,台光電永豐01購02,0,0,0,0,0,0,0,0,0,32000,0,0,0,100000,68000,32000,32000
068247,宏碁元大01購03  ,0,0,0,0,0,0,0,0,0,32000,0,0,0,211000,179000,32000,32000
068241,力山元大01購02  ,0,0,0,0,0,0,0,0,0,32000,0,0,0,76000,44000,32000,32000
068631,亞泥凱基02購01  ,0,0,0,0,0,0,0,0,0,32000,0,0,0,32000,0,32000,32000
068190,台積電凱基01購20,0,0,0,0,0,0,0,0,0,32000,0,0,0,37000,5000,32000,32000
08229P,祥碩國票9B售04  ,0,0,0,0,0,0,0,0,0,32000,0,0,0,32000,0,32000,32000
08205P,智邦凱基9B售03  ,0,0,0,0,0,0,0,0,0,32000,0,0,0,71000,39000,32000,32000
08655P,大立光群益02售02,0,0,0,0,0,0,0,0,0,32000,0,0,0,32000,0,32000,32000
08536P,台積電國票9C售08,0,0,0,0,0,0,0,0,0,32000,0,0,0,32000,0,32000,32000
07057P,大立光康和9B售02,0,0,0,0,0,0,0,0,0,32000,0,0,0,70000,38000,32000,32000
055259,玉晶光統一9A購01,0,0,0,0,0,0,0,0,0,32000,0,0,0,32000,0,32000,32000
060106,旭富元大99購02  ,0,0,0,0,0,0,0,0,0,32000,0,0,0,32000,0,32000,32000
052475,滬深2X群益99購06,0,0,0,0,0,0,0,0,0,32000,0,0,0,43000,11000,32000,32000
063191,台表科凱基9B購03,0,0,0,0,0,0,0,0,0,32000,0,0,0,85000,53000,32000,32000
061362,台塑國票9B購01  ,0,0,0,0,0,0,0,0,0,32000,0,0,0,139000,107000,32000,32000
062628,廣達國票9B購01  ,0,0,0,0,0,0,0,0,0,32000,0,0,0,41000,9000,32000,32000
062173,世紀鋼永豐9B購01,0,0,0,0,0,0,0,0,0,32000,0,0,0,310000,278000,32000,32000
064222,玉山金國票01購01,0,0,0,0,0,0,0,0,0,32000,0,0,0,114000,82000,32000,32000
062019,嘉澤永豐9B購01  ,0,0,0,0,0,0,0,0,0,32000,0,0,0,60000,28000,32000,32000
066493,美利達元富01購01,0,0,0,0,0,0,0,0,0,32000,0,0,0,32000,0,32000,32000
066857,大立光國票02購02,0,0,0,0,0,0,0,0,0,32000,0,0,0,59000,27000,32000,32000
067005,盟立永豐01購04  ,0,0,0,0,0,0,0,0,0,32000,0,0,0,72000,40000,32000,32000
065079,致茂元大9C購01  ,0,0,0,0,0,0,0,0,0,32000,0,0,0,55000,23000,32000,32000
065112,台表科國票02購01,0,0,0,0,0,0,0,0,0,32000,0,0,0,35000,3000,32000,32000
066130,燿華群益01購03  ,0,0,0,0,0,0,0,0,0,32000,0,0,0,42000,10000,32000,32000
066123,華夏群益01購01  ,0,0,0,0,0,0,0,0,0,32000,0,0,0,32000,0,32000,32000
2034,允強            ,92000,61000,31000,0,0,0,0,0,0,1000,1000,0,1000,0,0,0,32000
2464,盟立            ,214000,138000,76000,0,0,0,0,0,0,-44000,0,0,0,0,44000,-44000,32000
5546,永固-KY         ,33000,1000,32000,0,0,0,0,0,0,0,0,0,0,0,0,0,32000
068185,嘉聯益群益01購01,0,0,0,0,0,0,0,0,0,31000,0,0,0,41000,10000,31000,31000
067894,玉晶光群益02購08,0,0,0,0,0,0,0,0,0,31000,0,0,0,70000,39000,31000,31000
067908,玉晶光國泰03購01,0,0,0,0,0,0,0,0,0,31000,0,0,0,131000,100000,31000,31000
068292,精成科群益01購01,0,0,0,0,0,0,0,0,0,31000,0,0,0,31000,0,31000,31000
03175P,台積電國票03售04,0,0,0,0,0,0,0,0,0,31000,0,0,0,31000,0,31000,31000
00783,富邦中証500     ,162000,20000,142000,0,0,0,0,0,0,-111000,0,0,0,942000,1053000,-111000,31000
00703,台新MSCI中國    ,2000,2000,0,0,0,0,0,0,0,31000,0,0,0,83000,52000,31000,31000
03045P,台表科國票03售01,0,0,0,0,0,0,0,0,0,31000,0,0,0,55000,24000,31000,31000
057535,泰鼎元大99購01  ,0,0,0,0,0,0,0,0,0,31000,0,0,0,31000,0,31000,31000
061596,健策永豐9A購03  ,0,0,0,0,0,0,0,0,0,31000,0,0,0,52000,21000,31000,31000
064036,矽創元大9C購01  ,0,0,0,0,0,0,0,0,0,31000,0,0,0,51000,20000,31000,31000
063942,台積電元大01購03,0,0,0,0,0,0,0,0,0,31000,0,0,0,31000,0,31000,31000
064864,金像電永豐01購01,0,0,0,0,0,0,0,0,0,31000,0,0,0,61000,30000,31000,31000
066002,健策國票02購01  ,0,0,0,0,0,0,0,0,0,31000,0,0,0,31000,0,31000,31000
066000,奇鋐國票02購01  ,0,0,0,0,0,0,0,0,0,31000,0,0,0,38000,7000,31000,31000
06499P,臺股指元大9A售04,0,0,0,0,0,0,0,0,0,31000,0,0,0,131000,100000,31000,31000
065409,鴻海永豐9C購01  ,0,0,0,0,0,0,0,0,0,31000,0,0,0,31000,0,31000,31000
065197,景碩元富06購01  ,0,0,0,0,0,0,0,0,0,31000,0,0,0,31000,0,31000,31000
067279,美利達統一02購02,0,0,0,0,0,0,0,0,0,31000,0,0,0,91000,60000,31000,31000
067480,可成元大01購07  ,0,0,0,0,0,0,0,0,0,31000,0,0,0,71000,40000,31000,31000
066507,和碩富邦03購01  ,0,0,0,0,0,0,0,0,0,31000,0,0,0,36000,5000,31000,31000
068364,鴻海國泰07購01  ,0,0,0,0,0,0,0,0,0,30000,0,0,0,50000,20000,30000,30000
06859P,元金2X中信9C售01,0,0,0,0,0,0,0,0,0,30000,0,0,0,30000,0,30000,30000
068675,聯電元富03購01  ,0,0,0,0,0,0,0,0,0,30000,0,0,0,287000,257000,30000,30000
068790,義隆凱基02購02  ,0,0,0,0,0,0,0,0,0,30000,0,0,0,30000,0,30000,30000
067701,臺股指國票01購09,0,0,0,0,0,0,0,0,0,30000,0,0,0,30000,0,30000,30000
07110P,台灣50群益9B售03,0,0,0,0,0,0,0,0,0,30000,0,0,0,30000,0,30000,30000
07235P,T50正2元大9C售02,0,0,0,0,0,0,0,0,0,30000,0,0,0,40000,10000,30000,30000
07694P,超眾元大9A售05  ,0,0,0,0,0,0,0,0,0,30000,0,0,0,33000,3000,30000,30000
07668P,旺宏元大9A售10  ,0,0,0,0,0,0,0,0,0,30000,0,0,0,30000,0,30000,30000
069202,台積電元大02購22,0,0,0,0,0,0,0,0,0,30000,0,0,0,30000,0,30000,30000
069023,台積電國票03購07,0,0,0,0,0,0,0,0,0,30000,0,0,0,35000,5000,30000,30000
068848,台積電統一06購02,0,0,0,0,0,0,0,0,0,30000,0,0,0,30000,0,30000,30000
068937,TPK永豐02購01   ,0,0,0,0,0,0,0,0,0,30000,0,0,0,30000,0,30000,30000
08697P,臺股指麥證01售03,0,0,0,30000,0,30000,0,0,0,30000,0,0,0,30000,0,30000,30000
08209P,上銀元富9B售06  ,0,0,0,0,0,0,0,0,0,30000,0,0,0,120000,90000,30000,30000
08324P,大立光凱基9C售05,0,0,0,0,0,0,0,0,0,30000,0,0,0,30000,0,30000,30000
07905P,大立光群益9B售04,0,0,0,0,0,0,0,0,0,30000,0,0,0,30000,0,30000,30000
054156,聯電亞東98購01  ,0,0,0,0,0,0,0,0,0,30000,0,0,0,30000,0,30000,30000
054312,TPK凱基98購01   ,0,0,0,0,0,0,0,0,0,30000,0,0,0,30000,0,30000,30000
054893,帆宣統一99購01  ,0,0,0,0,0,0,0,0,0,30000,0,0,0,30000,0,30000,30000
048505,滬深2X群益99購03,0,0,0,0,0,0,0,0,0,30000,0,0,0,30000,0,30000,30000
060190,國泰金元富9A購01,0,0,0,0,0,0,0,0,0,30000,0,0,0,30000,0,30000,30000
059638,大立光凱基99購11,0,0,0,0,0,0,0,0,0,30000,0,0,0,40000,10000,30000,30000
059663,旭富元大9C購02  ,0,0,0,0,0,0,0,0,0,30000,0,0,0,30000,0,30000,30000
03280P,台積電凱基02售14,0,0,0,0,0,0,0,0,0,30000,0,0,0,30000,0,30000,30000
03107P,台積電元大01售39,0,0,0,0,0,0,0,0,0,30000,0,0,0,40000,10000,30000,30000
03097P,聯發科凱基01售20,0,0,0,0,0,0,0,0,0,30000,0,0,0,30000,0,30000,30000
03094P,台達電凱基01售04,0,0,0,0,0,0,0,0,0,30000,0,0,0,90000,60000,30000,30000
03179P,聯發科群益01售16,0,0,0,0,0,0,0,0,0,30000,0,0,0,55000,25000,30000,30000
03132P,玉晶光台新01售01,0,0,0,0,0,0,0,0,0,30000,0,0,0,30000,0,30000,30000
058966,元油2X日盛99購03,0,0,0,0,0,0,0,0,0,30000,0,0,0,30000,0,30000,30000
058216,TPK群益99購01   ,0,0,0,0,0,0,0,0,0,30000,0,0,0,70000,40000,30000,30000
057971,華新科富邦9B購02,0,0,0,0,0,0,0,0,0,30000,0,0,0,30000,0,30000,30000
060741,滬深2X國票9A購05,0,0,0,0,0,0,0,0,0,30000,0,0,0,40000,10000,30000,30000
060602,京元電凱基9A購01,0,0,0,0,0,0,0,0,0,30000,0,0,0,30000,0,30000,30000
059947,貿聯永豐99購03  ,0,0,0,0,0,0,0,0,0,30000,0,0,0,30000,0,30000,30000
059327,南茂元大99購01  ,0,0,0,0,0,0,0,0,0,30000,0,0,0,30000,0,30000,30000
060522,鴻海中信9A購03  ,0,0,0,0,0,0,0,0,0,30000,0,0,0,30000,0,30000,30000
060390,聯鈞群益9A購01  ,0,0,0,0,0,0,0,0,0,30000,0,0,0,30000,0,30000,30000
05773P,臺股指凱基99售03,0,0,0,0,0,0,0,0,0,30000,0,0,0,30000,0,30000,30000
06433P,大立光群益99售01,0,0,0,0,0,0,0,0,0,30000,0,0,0,30000,0,30000,30000
062985,元金2X第一9B購02,0,0,0,0,0,0,0,0,0,30000,0,0,0,30000,0,30000,30000
063628,華通元大9B購09  ,0,0,0,0,0,0,0,0,0,30000,0,0,0,30000,0,30000,30000
062433,上銀元大9B購05  ,0,0,0,0,0,0,0,0,0,30000,0,0,0,33000,3000,30000,30000
064443,同欣電凱基03購01,0,0,0,0,0,0,0,0,0,30000,0,0,0,30000,0,30000,30000
06458P,玉晶光統一9A售02,0,0,0,0,0,0,0,0,0,30000,0,0,0,45000,15000,30000,30000
061332,T50反1元大9A購16,0,0,0,0,0,0,0,0,0,30000,0,0,0,30000,0,30000,30000
062822,力成兆豐9B購01  ,0,0,0,0,0,0,0,0,0,30000,0,0,0,30000,0,30000,30000
063793,和大凱基9C購01  ,0,0,0,0,0,0,0,0,0,30000,0,0,0,35000,5000,30000,30000
060790,日月光富邦9A購01,0,0,0,0,0,0,0,0,0,30000,0,0,0,90000,60000,30000,30000
063071,華新科富邦02購01,0,0,0,0,0,0,0,0,0,30000,0,0,0,30000,0,30000,30000
063299,金寶凱基9B購01  ,0,0,0,0,0,0,0,0,0,30000,0,0,0,328000,298000,30000,30000
062055,鴻海統一9C購07  ,0,0,0,0,0,0,0,0,0,30000,0,0,0,30000,0,30000,30000
067350,鴻海群益02購02  ,0,0,0,0,0,0,0,0,0,30000,0,0,0,30000,0,30000,30000
067055,上証2X元大01購03,0,0,0,0,0,0,0,0,0,30000,0,0,0,31000,1000,30000,30000
06698P,玉晶光國票99售05,0,0,0,0,0,0,0,0,0,30000,0,0,0,30000,0,30000,30000
067118,上緯控群益01購01,0,0,0,0,0,0,0,0,0,30000,0,0,0,490000,460000,30000,30000
065252,玉晶光永豐9C購08,0,0,0,0,0,0,0,0,0,30000,0,0,0,30000,0,30000,30000
06529P,貿聯富邦99售03  ,0,0,0,0,0,0,0,0,0,30000,0,0,0,30000,0,30000,30000
065180,台表科元大9C購10,0,0,0,0,0,0,0,0,0,30000,0,0,0,31000,1000,30000,30000
064889,T50反1群益9C購02,0,0,0,0,0,0,0,0,0,30000,0,0,0,30000,0,30000,30000
066104,鎧勝國票02購01  ,0,0,0,0,0,0,0,0,0,30000,0,0,0,301000,271000,30000,30000
6205,詮欣            ,52000,21000,31000,0,0,0,0,0,0,-1000,0,1000,-1000,0,0,0,30000
9943,好樂迪          ,31000,0,31000,0,0,0,0,0,0,-1000,0,1000,-1000,0,0,0,30000
2388,威盛            ,448000,418000,30000,0,0,0,0,0,0,0,0,0,0,0,0,0,30000
08933P,上銀元大01售02  ,0,0,0,0,0,0,0,0,0,30000,0,0,0,30000,0,30000,30000
1410,南染            ,30000,0,30000,0,0,0,0,0,0,0,0,0,0,0,0,0,30000
07917P,可成永豐9B售01  ,0,0,0,0,0,0,0,0,0,29000,0,0,0,29000,0,29000,29000
08633P,聯發科元大9C售20,0,0,0,0,0,0,0,0,0,29000,0,0,0,29000,0,29000,29000
07233P,台灣50元大99售04,0,0,0,0,0,0,0,0,0,29000,0,0,0,29000,0,29000,29000
067945,台積電國泰03購03,0,0,0,0,0,0,0,0,0,29000,0,0,0,40000,11000,29000,29000
068777,台積電元富08購02,0,0,0,0,0,0,0,0,0,29000,0,0,0,29000,0,29000,29000
068684,台積電中信02購02,0,0,0,0,0,0,0,0,0,29000,0,0,0,39000,10000,29000,29000
057991,健策統一9C購01  ,0,0,0,0,0,0,0,0,0,29000,0,0,0,30000,1000,29000,29000
058309,大毅元大99購02  ,0,0,0,0,0,0,0,0,0,29000,0,0,0,29000,0,29000,29000
058124,玉晶光國票9A購01,0,0,0,0,0,0,0,0,0,29000,0,0,0,29000,0,29000,29000
061823,勤誠群益9B購01  ,0,0,0,0,0,0,0,0,0,29000,0,0,0,29000,0,29000,29000
062941,大立光凱基9B購07,0,0,0,0,0,0,0,0,0,29000,0,0,0,79000,50000,29000,29000
062869,帆宣中信9B購01  ,0,0,0,0,0,0,0,0,0,29000,0,0,0,29000,0,29000,29000
063738,奇鋐元大9B購03  ,0,0,0,0,0,0,0,0,0,29000,0,0,0,50000,21000,29000,29000
060953,富邦金群益9A購01,0,0,0,0,0,0,0,0,0,29000,0,0,0,32000,3000,29000,29000
061409,力成國票9A購02  ,0,0,0,0,0,0,0,0,0,29000,0,0,0,29000,0,29000,29000
062444,大立光元大9C購01,0,0,0,0,0,0,0,0,0,29000,0,0,0,93000,64000,29000,29000
065866,鴻海群益9C購07  ,0,0,0,0,0,0,0,0,0,29000,0,0,0,39000,10000,29000,29000
065868,燿華群益02購01  ,0,0,0,0,0,0,0,0,0,29000,0,0,0,44000,15000,29000,29000
065608,緯創元大9C購04  ,0,0,0,0,0,0,0,0,0,29000,0,0,0,41000,12000,29000,29000
065059,神隆群益9C購01  ,0,0,0,0,0,0,0,0,0,29000,0,0,0,37000,8000,29000,29000
066776,創意富邦03購02  ,0,0,0,0,0,0,0,0,0,29000,0,0,0,92000,63000,29000,29000
8499,鼎炫-KY         ,111000,85000,26000,0,0,0,10000,0,10000,-7000,0,7000,-7000,0,0,0,29000
07229P,T50正2群益9A售01,0,0,0,0,0,0,0,0,0,28000,0,0,0,30000,2000,28000,28000
08647P,鴻海凱基9C售06  ,0,0,0,0,0,0,0,0,0,28000,0,0,0,38000,10000,28000,28000
08673P,友訊元富01售03  ,0,0,0,0,0,0,0,0,0,28000,0,0,0,70000,42000,28000,28000
058573,鴻海群益9A購02  ,0,0,0,0,0,0,0,0,0,28000,0,0,0,72000,44000,28000,28000
059037,宏達電群益99購02,0,0,0,0,0,0,0,0,0,28000,0,0,0,32000,4000,28000,28000
056810,群創統一9A購01  ,0,0,0,0,0,0,0,0,0,28000,0,0,0,30000,2000,28000,28000
00866,新光Shiller CAPE,0,0,0,0,0,0,0,0,0,28000,0,0,0,54000,26000,28000,28000
063213,智伸科國票9C購01,0,0,0,0,0,0,0,0,0,28000,0,0,0,28000,0,28000,28000
064808,國產元大9C購02  ,0,0,0,0,0,0,0,0,0,28000,0,0,0,182000,154000,28000,28000
063708,上銀凱基9B購06  ,0,0,0,0,0,0,0,0,0,28000,0,0,0,78000,50000,28000,28000
062088,緯穎元大9B購04  ,0,0,0,0,0,0,0,0,0,28000,0,0,0,119000,91000,28000,28000
063605,健策凱基9C購02  ,0,0,0,0,0,0,0,0,0,28000,0,0,0,45000,17000,28000,28000
063251,同欣電元大9B購04,0,0,0,0,0,0,0,0,0,28000,0,0,0,101000,73000,28000,28000
061716,瑞儀凱基9B購01  ,0,0,0,0,0,0,0,0,0,28000,0,0,0,58000,30000,28000,28000
066786,聯發科麥證01購05,0,0,0,28000,0,28000,0,0,0,28000,0,0,0,28000,0,28000,28000
066438,南紡群益01購01  ,0,0,0,0,0,0,0,0,0,28000,0,0,0,28000,0,28000,28000
066447,智伸科群益01購02,0,0,0,0,0,0,0,0,0,28000,0,0,0,33000,5000,28000,28000
066469,申豐統一02購02  ,0,0,0,0,0,0,0,0,0,28000,0,0,0,36000,8000,28000,28000
067131,為升永豐01購01  ,0,0,0,0,0,0,0,0,0,28000,0,0,0,55000,27000,28000,28000
067246,鎧勝群益01購02  ,0,0,0,0,0,0,0,0,0,28000,0,0,0,543000,515000,28000,28000
066948,聯發科元大01購16,0,0,0,0,0,0,0,0,0,28000,0,0,0,222000,194000,28000,28000
067087,帆宣元大01購03  ,0,0,0,0,0,0,0,0,0,28000,0,0,0,106000,78000,28000,28000
065594,華通元大01購02  ,0,0,0,0,0,0,0,0,0,28000,0,0,0,68000,40000,28000,28000
065696,旺宏群益9C購06  ,0,0,0,0,0,0,0,0,0,28000,0,0,0,60000,32000,28000,28000
065987,大毅永豐01購01  ,0,0,0,0,0,0,0,0,0,28000,0,0,0,28000,0,28000,28000
065956,緯創統一01購01  ,0,0,0,0,0,0,0,0,0,28000,0,0,0,33000,5000,28000,28000
066097,英業達中信02購01,0,0,0,0,0,0,0,0,0,28000,0,0,0,33000,5000,28000,28000
5269,祥碩            ,355000,288094,66906,0,0,0,28000,41000,-13000,-26000,16000,43000,-27000,2000,1000,1000,27906
07953P,健策元大9B售07  ,0,0,0,0,0,0,0,0,0,27000,0,0,0,27000,0,27000,27000
068568,聯詠元大01購10  ,0,0,0,0,0,0,0,0,0,27000,0,0,0,129000,102000,27000,27000
068307,美律國票03購01  ,0,0,0,0,0,0,0,0,0,27000,0,0,0,105000,78000,27000,27000
067700,緯創國票02購01  ,0,0,0,0,0,0,0,0,0,27000,0,0,0,38000,11000,27000,27000
067789,和碩群益01購01  ,0,0,0,0,0,0,0,0,0,27000,0,0,0,30000,3000,27000,27000
03202P,聯電凱基01售03  ,0,0,0,0,0,0,0,0,0,27000,0,0,0,232000,205000,27000,27000
057229,友達凱基9B購02  ,0,0,0,0,0,0,0,0,0,27000,0,0,0,27000,0,27000,27000
059783,旺宏元大99購17  ,0,0,0,0,0,0,0,0,0,27000,0,0,0,40000,13000,27000,27000
054756,世紀鋼凱基99購01,0,0,0,0,0,0,0,0,0,27000,0,0,0,107000,80000,27000,27000
060377,鴻海台新9A購01  ,0,0,0,0,0,0,0,0,0,27000,0,0,0,27000,0,27000,27000
060550,可成凱基9A購02  ,0,0,0,0,0,0,0,0,0,27000,0,0,0,31000,4000,27000,27000
058342,鴻海群益9A購01  ,0,0,0,0,0,0,0,0,0,27000,0,0,0,63000,36000,27000,27000
062165,聯茂國泰01購01  ,0,0,0,0,0,0,0,0,0,27000,0,0,0,27000,0,27000,27000
064227,和碩國票01購01  ,0,0,0,0,0,0,0,0,0,27000,0,0,0,27000,0,27000,27000
063414,鴻海凱基03購01  ,0,0,0,0,0,0,0,0,0,27000,0,0,0,75000,48000,27000,27000
062889,可成群益9C購01  ,0,0,0,0,0,0,0,0,0,27000,0,0,0,45000,18000,27000,27000
063462,金像電元大9C購01,0,0,0,0,0,0,0,0,0,27000,0,0,0,30000,3000,27000,27000
063587,漢唐永豐9B購02  ,0,0,0,0,0,0,0,0,0,27000,0,0,0,80000,53000,27000,27000
063851,健策元大01購01  ,0,0,0,0,0,0,0,0,0,27000,0,0,0,86000,59000,27000,27000
064877,可成兆豐9C購02  ,0,0,0,0,0,0,0,0,0,27000,0,0,0,27000,0,27000,27000
064629,和潤元大9C購01  ,0,0,0,0,0,0,0,0,0,27000,0,0,0,38000,11000,27000,27000
062639,臻鼎國票9C購01  ,0,0,0,0,0,0,0,0,0,27000,0,0,0,30000,3000,27000,27000
066224,眾達國泰03購01  ,0,0,0,0,0,0,0,0,0,27000,0,0,0,92000,65000,27000,27000
066240,泰鼎富邦03購01  ,0,0,0,0,0,0,0,0,0,27000,0,0,0,38000,11000,27000,27000
065596,鴻海元大9C購16  ,0,0,0,0,0,0,0,0,0,27000,0,0,0,27000,0,27000,27000
065538,健鼎統一9C購01  ,0,0,0,0,0,0,0,0,0,27000,0,0,0,27000,0,27000,27000
066545,鴻海元大01購09  ,0,0,0,0,0,0,0,0,0,27000,0,0,0,27000,0,27000,27000
066858,聯鈞國票02購01  ,0,0,0,0,0,0,0,0,0,27000,0,0,0,27000,0,27000,27000
4755,三福化          ,90000,59000,31000,0,0,0,0,0,0,-4000,0,4000,-4000,0,0,0,27000
6605,帝寶            ,37000,9000,28000,0,0,0,0,0,0,-1000,0,1000,-1000,0,0,0,27000
1219,福壽            ,47000,20000,27000,0,0,0,0,0,0,0,0,0,0,0,0,0,27000
068009,矽格元大01購05  ,0,0,0,0,0,0,0,0,0,26000,0,0,0,26000,0,26000,26000
068462,帆宣國票03購01  ,0,0,0,0,0,0,0,0,0,26000,0,0,0,35000,9000,26000,26000
08010P,大成鋼元大9B售01,0,0,0,0,0,0,0,0,0,26000,0,0,0,50000,24000,26000,26000
068988,道瓊銀國泰03購01,0,0,0,0,0,0,0,0,0,26000,0,0,0,45000,19000,26000,26000
051047,深中小群益99購01,0,0,0,0,0,0,0,0,0,26000,0,0,0,41000,15000,26000,26000
059540,新光金日盛99購01,0,0,0,0,0,0,0,0,0,26000,0,0,0,26000,0,26000,26000
051849,旺宏中信98購01  ,0,0,0,0,0,0,0,0,0,26000,0,0,0,26000,0,26000,26000
053396,漢唐中信9A購01  ,0,0,0,0,0,0,0,0,0,26000,0,0,0,111000,85000,26000,26000
061400,可成兆豐9B購02  ,0,0,0,0,0,0,0,0,0,26000,0,0,0,132000,106000,26000,26000
064806,微星元大01購01  ,0,0,0,0,0,0,0,0,0,26000,0,0,0,26000,0,26000,26000
064686,鴻海群益01購03  ,0,0,0,0,0,0,0,0,0,26000,0,0,0,122000,96000,26000,26000
063301,鴻海凱基9B購08  ,0,0,0,0,0,0,0,0,0,26000,0,0,0,71000,45000,26000,26000
061907,裕隆中信9B購01  ,0,0,0,0,0,0,0,0,0,26000,0,0,0,91000,65000,26000,26000
066422,嘉晶元大02購01  ,0,0,0,0,0,0,0,0,0,26000,0,0,0,195000,169000,26000,26000
066124,台化群益01購01  ,0,0,0,0,0,0,0,0,0,26000,0,0,0,33000,7000,26000,26000
066134,強茂群益01購01  ,0,0,0,0,0,0,0,0,0,26000,0,0,0,107000,81000,26000,26000
1466,聚隆            ,323000,297000,26000,0,0,0,0,0,0,0,0,0,0,0,0,0,26000
3003,健和興          ,144000,124000,20000,0,0,0,0,0,0,6000,6000,0,6000,0,0,0,26000
07012P,智邦群益9A售01  ,0,0,0,0,0,0,0,0,0,25000,0,0,0,25000,0,25000,25000
06984P,上銀富邦9B售01  ,0,0,0,0,0,0,0,0,0,25000,0,0,0,105000,80000,25000,25000
07585P,台灣50中信03售06,0,0,0,0,0,0,0,0,0,25000,0,0,0,45000,20000,25000,25000
07700P,臺股指元大9A售53,0,0,0,0,0,0,0,0,0,25000,0,0,0,25000,0,25000,25000
07861P,台灣50中信03售08,0,0,0,0,0,0,0,0,0,25000,0,0,0,25000,0,25000,25000
08139P,華新科元大9B售12,0,0,0,0,0,0,0,0,0,25000,0,0,0,50000,25000,25000,25000
08650P,臺股指元大9C售36,0,0,0,0,0,0,0,0,0,25000,0,0,0,50000,25000,25000,25000
08629P,緯創凱基9C售02  ,0,0,0,0,0,0,0,0,0,25000,0,0,0,75000,50000,25000,25000
08567P,台勝科群益9C售01,0,0,0,0,0,0,0,0,0,25000,0,0,0,27000,2000,25000,25000
08507P,臺股指國票9C售08,0,0,0,0,0,0,0,0,0,25000,0,0,0,25000,0,25000,25000
068280,滬深2X中信01購03,0,0,0,0,0,0,0,0,0,25000,0,0,0,100000,75000,25000,25000
068760,精元永豐02購01  ,0,0,0,0,0,0,0,0,0,25000,0,0,0,30000,5000,25000,25000
067944,緯穎凱基01購04  ,0,0,0,0,0,0,0,0,0,25000,0,0,0,69000,44000,25000,25000
068117,欣興元富07購02  ,0,0,0,0,0,0,0,0,0,25000,0,0,0,25000,0,25000,25000
067838,玉晶光統一01購12,0,0,0,0,0,0,0,0,0,25000,0,0,0,25000,0,25000,25000
053609,華新中信9A購01  ,0,0,0,0,0,0,0,0,0,25000,0,0,0,25000,0,25000,25000
057263,可成兆豐99購01  ,0,0,0,0,0,0,0,0,0,25000,0,0,0,35000,10000,25000,25000
057240,茂林凱基9A購01  ,0,0,0,0,0,0,0,0,0,25000,0,0,0,25000,0,25000,25000
059626,台積電凱基01購01,0,0,0,0,0,0,0,0,0,25000,0,0,0,40000,15000,25000,25000
056591,S&P正2元富9A購01,0,0,0,0,0,0,0,0,0,25000,0,0,0,25000,0,25000,25000
03692C,T50反1元大05牛01,0,0,0,0,0,0,0,0,0,25000,0,0,0,100000,75000,25000,25000
057456,道瓊銀富邦9C購01,0,0,0,0,0,0,0,0,0,25000,0,0,0,25000,0,25000,25000
058455,玉晶光永豐99購03,0,0,0,0,0,0,0,0,0,25000,0,0,0,50000,25000,25000,25000
058773,和碩兆豐99購01  ,0,0,0,0,0,0,0,0,0,25000,0,0,0,25000,0,25000,25000
058555,矽創永豐9A購01  ,0,0,0,0,0,0,0,0,0,25000,0,0,0,27000,2000,25000,25000
060308,劍麟永豐9A購01  ,0,0,0,0,0,0,0,0,0,25000,0,0,0,25000,0,25000,25000
060608,玉晶光凱基9A購08,0,0,0,0,0,0,0,0,0,25000,0,0,0,25000,0,25000,25000
059169,可成凱基99購04  ,0,0,0,0,0,0,0,0,0,25000,0,0,0,28000,3000,25000,25000
059120,致伸永豐99購01  ,0,0,0,0,0,0,0,0,0,25000,0,0,0,25000,0,25000,25000
061649,緯穎元大9A購06  ,0,0,0,0,0,0,0,0,0,25000,0,0,0,25000,0,25000,25000
061642,創意元大9A購04  ,0,0,0,0,0,0,0,0,0,25000,0,0,0,25000,0,25000,25000
061771,玉晶光元大9C購04,0,0,0,0,0,0,0,0,0,25000,0,0,0,25000,0,25000,25000
061858,南電國票9B購02  ,0,0,0,0,0,0,0,0,0,25000,0,0,0,28000,3000,25000,25000
064075,台積電中信06購01,0,0,0,0,0,0,0,0,0,25000,0,0,0,25000,0,25000,25000
061619,大立光群益9B購01,0,0,0,0,0,0,0,0,0,25000,0,0,0,25000,0,25000,25000
063980,智易兆豐9C購02  ,0,0,0,0,0,0,0,0,0,25000,0,0,0,392000,367000,25000,25000
063491,國巨富邦02購02  ,20000,0,20000,0,0,0,0,0,0,5000,0,0,0,55000,50000,5000,25000
064745,聯鈞國票01購01  ,0,0,0,0,0,0,0,0,0,25000,0,0,0,25000,0,25000,25000
064849,大立光元富9C購06,0,0,0,0,0,0,0,0,0,25000,0,0,0,30000,5000,25000,25000
060817,華邦電台新9A購01,0,0,0,0,0,0,0,0,0,25000,0,0,0,94000,69000,25000,25000
063803,世紀鋼凱基01購01,0,0,0,0,0,0,0,0,0,25000,0,0,0,30000,5000,25000,25000
062719,微星凱基9B購01  ,0,0,0,0,0,0,0,0,0,25000,0,0,0,25000,0,25000,25000
062720,南亞科凱基9B購03,0,0,0,0,0,0,0,0,0,25000,0,0,0,315000,290000,25000,25000
062721,美律凱基9B購02  ,0,0,0,0,0,0,0,0,0,25000,0,0,0,25000,0,25000,25000
062321,力成台新9B購01  ,0,0,0,0,0,0,0,0,0,25000,0,0,0,25000,0,25000,25000
066048,奇鋐元大01購01  ,0,0,0,0,0,0,0,0,0,25000,0,0,0,25000,0,25000,25000
065253,和大元大01購02  ,0,0,0,0,0,0,0,0,0,25000,0,0,0,30000,5000,25000,25000
065141,國巨凱基9C購10  ,0,0,0,0,0,0,0,0,0,25000,0,0,0,25000,0,25000,25000
066754,南電國泰02購01  ,0,0,0,0,0,0,0,0,0,25000,0,0,0,25000,0,25000,25000
066629,國揚凱基01購01  ,0,0,0,0,0,0,0,0,0,25000,0,0,0,35000,10000,25000,25000
066602,滬深2X富邦03購01,0,0,0,0,0,0,0,0,0,25000,0,0,0,25000,0,25000,25000
067048,聯詠凱基02購02  ,0,0,0,0,0,0,0,0,0,25000,0,0,0,25000,0,25000,25000
067238,大立光群益02購03,0,0,0,0,0,0,0,0,0,25000,0,0,0,80000,55000,25000,25000
067208,瑞昱元大01購03  ,0,0,0,0,0,0,0,0,0,25000,0,0,0,294000,269000,25000,25000
067104,聯發科群益01購05,0,0,0,0,0,0,0,0,0,25000,0,0,0,35000,10000,25000,25000
067457,FBVIX國泰03購01 ,0,0,0,0,0,0,0,0,0,25000,0,0,0,25000,0,25000,25000
08812P,聯發科群益01售01,0,0,0,0,0,0,0,0,0,25000,0,0,0,25000,0,25000,25000
068018,玉晶光國票02購05,0,0,0,0,0,0,0,0,0,24000,0,0,0,34000,10000,24000,24000
068311,牧德國票03購02  ,0,0,0,0,0,0,0,0,0,24000,0,0,0,44000,20000,24000,24000
068318,中興電元大01購01,0,0,0,0,0,0,0,0,0,24000,0,0,0,145000,121000,24000,24000
068453,台積電國票03購03,0,0,0,0,0,0,0,0,0,24000,0,0,0,29000,5000,24000,24000
068394,GIS統一03購02   ,0,0,0,0,0,0,0,0,0,24000,0,0,0,615000,591000,24000,24000
07145P,為升元大99售03  ,0,0,0,0,0,0,0,0,0,24000,0,0,0,33000,9000,24000,24000
060338,鴻海統一9C購02  ,0,0,0,0,0,0,0,0,0,24000,0,0,0,24000,0,24000,24000
059928,道瓊銀富邦03購01,0,0,0,0,0,0,0,0,0,24000,0,0,0,24000,0,24000,24000
055224,鴻海國票99購02  ,0,0,0,0,0,0,0,0,0,24000,0,0,0,24000,0,24000,24000
059717,國巨元大99購21  ,0,0,0,0,0,0,0,0,0,24000,0,0,0,24000,0,24000,24000
062280,大立光群益9C購01,0,0,0,0,0,0,0,0,0,24000,0,0,0,24000,0,24000,24000
061297,台積電富邦9C購09,0,0,0,0,0,0,0,0,0,24000,0,0,0,24000,0,24000,24000
062476,神隆國票9B購01  ,0,0,0,0,0,0,0,0,0,24000,0,0,0,35000,11000,24000,24000
063069,道瓊銀富邦05購01,0,0,0,0,0,0,0,0,0,24000,0,0,0,24000,0,24000,24000
064011,嘉晶國票9C購01  ,0,0,0,0,0,0,0,0,0,24000,0,0,0,35000,11000,24000,24000
064002,仁寶凱基9C購01  ,0,0,0,0,0,0,0,0,0,24000,0,0,0,60000,36000,24000,24000
064061,GIS麥證01購01   ,0,0,0,35000,10000,25000,0,0,0,24000,0,0,0,35000,11000,24000,24000
062194,遠東新中信9C購01,0,0,0,0,0,0,0,0,0,24000,0,0,0,24000,0,24000,24000
067177,日月光麥證01購02,0,0,0,24000,0,24000,0,0,0,24000,0,0,0,24000,0,24000,24000
066860,健策國票02購02  ,0,0,0,0,0,0,0,0,0,24000,0,0,0,25000,1000,24000,24000
066042,正崴元大02購01  ,0,0,0,0,0,0,0,0,0,24000,0,0,0,32000,8000,24000,24000
065852,創意元大9C購06  ,0,0,0,0,0,0,0,0,0,24000,0,0,0,64000,40000,24000,24000
2809,京城銀          ,342000,398000,-56000,0,0,0,0,0,0,80000,0,1000,-1000,81000,0,81000,24000
3588,通嘉            ,87000,70000,17000,0,0,0,0,0,0,7000,7000,0,7000,0,0,0,24000
8996,高力            ,241000,217000,24000,0,0,0,0,0,0,0,0,0,0,0,0,0,24000
07028P,大立光群益99售06,0,0,0,0,0,0,0,0,0,23000,0,0,0,23000,0,23000,23000
069062,台積電麥證02購04,0,0,0,123000,100000,23000,0,0,0,23000,0,0,0,123000,100000,23000,23000
08011P,玉晶光元大9B售05,0,0,0,0,0,0,0,0,0,23000,0,0,0,23000,0,23000,23000
067986,亞德客元大01購04,0,0,0,0,0,0,0,0,0,23000,0,0,0,137000,114000,23000,23000
067877,T50反1群益01購07,0,0,0,0,0,0,0,0,0,23000,0,0,0,33000,10000,23000,23000
057084,立積統一9B購01  ,0,0,0,0,0,0,0,0,0,23000,0,0,0,23000,0,23000,23000
057318,台光電凱基9A購01,0,0,0,0,0,0,0,0,0,23000,0,0,0,61000,38000,23000,23000
03231P,聯電元大02售03  ,0,0,0,0,0,0,0,0,0,23000,0,0,0,23000,0,23000,23000
03098P,大立光凱基01售10,0,0,0,0,0,0,0,0,0,23000,0,0,0,23000,0,23000,23000
059912,國巨元大99購28  ,0,0,0,0,0,0,0,0,0,23000,0,0,0,27000,4000,23000,23000
060618,玉晶光元大9A購02,0,0,0,0,0,0,0,0,0,23000,0,0,0,23000,0,23000,23000
058128,FBVIX元大9C購02 ,0,0,0,0,0,0,0,0,0,23000,0,0,0,23000,0,23000,23000
058959,南茂國票9A購01  ,0,0,0,0,0,0,0,0,0,23000,0,0,0,23000,0,23000,23000
062519,元金2X元大9B購03,0,0,0,0,0,0,0,0,0,23000,0,0,0,50000,27000,23000,23000
062899,鴻海元大9C購04  ,0,0,0,0,0,0,0,0,0,23000,0,0,0,23000,0,23000,23000
062428,超眾統一9B購01  ,0,0,0,0,0,0,0,0,0,23000,0,0,0,33000,10000,23000,23000
064585,中壽永豐9C購01  ,0,0,0,0,0,0,0,0,0,23000,0,0,0,23000,0,23000,23000
061577,泰碩元大9A購03  ,0,0,0,0,0,0,0,0,0,23000,0,0,0,23000,0,23000,23000
064691,友達群益9C購04  ,0,0,0,0,0,0,0,0,0,23000,0,0,0,23000,0,23000,23000
063814,嘉晶群益9C購01  ,0,0,0,0,0,0,0,0,0,23000,0,0,0,115000,92000,23000,23000
060897,健策凱基9A購04  ,0,0,0,0,0,0,0,0,0,23000,0,0,0,30000,7000,23000,23000
065241,南電凱基01購02  ,0,0,0,0,0,0,0,0,0,23000,0,0,0,59000,36000,23000,23000
065338,旺宏統一01購07  ,0,0,0,0,0,0,0,0,0,23000,0,0,0,353000,330000,23000,23000
065377,群創元大02購02  ,0,0,0,0,0,0,0,0,0,23000,0,0,0,23000,0,23000,23000
067151,聯發科統一02購06,0,0,0,0,0,0,0,0,0,23000,0,0,0,64000,41000,23000,23000
067260,台郡國票02購02  ,0,0,0,0,0,0,0,0,0,23000,0,0,0,81000,58000,23000,23000
067265,巨大國票02購01  ,0,0,0,0,0,0,0,0,0,23000,0,0,0,35000,12000,23000,23000
8422,可寧衛          ,8000,43000,-35000,0,0,0,58000,0,58000,0,0,0,0,0,0,0,23000
9911,櫻花            ,50000,27000,23000,0,0,0,0,0,0,0,0,0,0,0,0,0,23000
6235,華孚            ,108000,85000,23000,0,0,0,0,0,0,0,0,0,0,0,0,0,23000
068289,國泰金群益01購01,0,0,0,0,0,0,0,0,0,22000,0,0,0,129000,107000,22000,22000
068652,聯電元大02購05  ,0,0,0,0,0,0,0,0,0,22000,0,0,0,64000,42000,22000,22000
07845P,南亞科元大9A售08,0,0,0,0,0,0,0,0,0,22000,0,0,0,22000,0,22000,22000
08192P,大毅國票9B售05  ,0,0,0,0,0,0,0,0,0,22000,0,0,0,43000,21000,22000,22000
08387P,臺股指群益9C售15,0,0,0,0,0,0,0,0,0,22000,0,0,0,22000,0,22000,22000
058147,鈺齊元大99購01  ,0,0,0,0,0,0,0,0,0,22000,0,0,0,22000,0,22000,22000
058166,鴻海凱基9A購01  ,0,0,0,0,0,0,0,0,0,22000,0,0,0,57000,35000,22000,22000
060680,玉晶光元大9C購03,0,0,0,0,0,0,0,0,0,22000,0,0,0,23000,1000,22000,22000
058628,宏達電國票9A購01,0,0,0,0,0,0,0,0,0,22000,0,0,0,50000,28000,22000,22000
064351,中租元大9C購01  ,0,0,0,0,0,0,0,0,0,22000,0,0,0,72000,50000,22000,22000
00736,國泰新興市場    ,4000,21000,-17000,0,0,0,0,0,0,39000,0,0,0,160000,121000,39000,22000
059814,SP黃豆凱基9A購02,0,0,0,0,0,0,0,0,0,22000,0,0,0,22000,0,22000,22000
057685,台灣50凱基9C購01,0,0,0,0,0,0,0,0,0,22000,0,0,0,22000,0,22000,22000
061023,茂林國泰9B購02  ,0,0,0,0,0,0,0,0,0,22000,0,0,0,22000,0,22000,22000
062745,聯詠永豐9B購01  ,0,0,0,0,0,0,0,0,0,22000,0,0,0,22000,0,22000,22000
064626,聯茂元大9C購01  ,0,0,0,0,0,0,0,0,0,22000,0,0,0,36000,14000,22000,22000
063331,瑞儀國票9C購01  ,0,0,0,0,0,0,0,0,0,22000,0,0,0,60000,38000,22000,22000
061955,FANG+統一9B購01 ,0,0,0,0,0,0,0,0,0,22000,0,0,0,22000,0,22000,22000
061881,緯穎元大9B購02  ,0,0,0,0,0,0,0,0,0,22000,0,0,0,50000,28000,22000,22000
067393,欣興國泰03購02  ,0,0,0,0,0,0,0,0,0,22000,0,0,0,22000,0,22000,22000
066917,美利達凱基01購02,0,0,0,0,0,0,0,0,0,22000,0,0,0,22000,0,22000,22000
065331,亞德客國票01購01,0,0,0,0,0,0,0,0,0,22000,0,0,0,33000,11000,22000,22000
08855P,台灣50國票01售05,0,0,0,0,0,0,0,0,0,22000,0,0,0,22000,0,22000,22000
2419,仲琦            ,61000,56000,5000,0,0,0,0,0,0,17000,17000,0,17000,0,0,0,22000
2443,億麗            ,25000,3000,22000,0,0,0,0,0,0,0,0,0,0,0,0,0,22000
08702P,南電康和01售01  ,0,0,0,0,0,0,0,0,0,21000,0,0,0,21000,0,21000,21000
08147P,聯發科群益9B售10,0,0,0,0,0,0,0,0,0,21000,0,0,0,21000,0,21000,21000
069113,鴻海群益03購01  ,0,0,0,0,0,0,0,0,0,21000,0,0,0,57000,36000,21000,21000
068303,台積電國票01購08,0,0,0,0,0,0,0,0,0,21000,0,0,0,29000,8000,21000,21000
067681,嘉澤元大01購05  ,0,0,0,0,0,0,0,0,0,21000,0,0,0,21000,0,21000,21000
047885,元金2X富邦99購01,0,0,0,0,0,0,0,0,0,21000,0,0,0,21000,0,21000,21000
056138,群創元大9B購01  ,0,0,0,0,0,0,0,0,0,21000,0,0,0,21000,0,21000,21000
057407,超眾群益99購01  ,0,0,0,0,0,0,0,0,0,21000,0,0,0,21000,0,21000,21000
059188,京元電富邦9B購01,0,0,0,0,0,0,0,0,0,21000,0,0,0,31000,10000,21000,21000
064282,大立光元大9C購13,0,0,0,0,0,0,0,0,0,21000,0,0,0,22000,1000,21000,21000
060461,鴻海元大9A購09  ,0,0,0,0,0,0,0,0,0,21000,0,0,0,56000,35000,21000,21000
057931,正崴群益98購02  ,0,0,0,0,0,0,0,0,0,21000,0,0,0,21000,0,21000,21000
059095,訊芯元大99購01  ,0,0,0,0,0,0,0,0,0,21000,0,0,0,21000,0,21000,21000
059956,玉山金康和99購01,0,0,0,0,0,0,0,0,0,21000,0,0,0,147000,126000,21000,21000
058552,欣興永豐99購01  ,0,0,0,0,0,0,0,0,0,21000,0,0,0,21000,0,21000,21000
060009,南亞科群益99購03,0,0,0,0,0,0,0,0,0,21000,0,0,0,81000,60000,21000,21000
062234,廣達凱基9B購01  ,0,0,0,0,0,0,0,0,0,21000,0,0,0,23000,2000,21000,21000
064458,玉晶光統一01購09,0,0,0,0,0,0,0,0,0,21000,0,0,0,21000,0,21000,21000
062652,上証2X永豐9B購01,0,0,0,0,0,0,0,0,0,21000,0,0,0,66000,45000,21000,21000
065495,上銀富邦01購02  ,0,0,0,0,0,0,0,0,0,21000,0,0,0,251000,230000,21000,21000
065383,南電元大01購02  ,0,0,0,0,0,0,0,0,0,21000,0,0,0,21000,0,21000,21000
066892,台積電兆豐03購01,0,0,0,0,0,0,0,0,0,21000,0,0,0,21000,0,21000,21000
066669,華擎凱基02購02  ,0,0,0,0,0,0,0,0,0,21000,0,0,0,68000,47000,21000,21000
066425,創意元大01購03  ,0,0,0,0,0,0,0,0,0,21000,0,0,0,61000,40000,21000,21000
066446,健策群益01購06  ,0,0,0,0,0,0,0,0,0,21000,0,0,0,21000,0,21000,21000
066383,臻鼎康和01購01  ,0,0,0,0,0,0,0,0,0,21000,0,0,0,122000,101000,21000,21000
066274,景碩元大01購02  ,0,0,0,0,0,0,0,0,0,21000,0,0,0,313000,292000,21000,21000
067389,聯發科元富07購04,0,0,0,0,0,0,0,0,0,21000,0,0,0,134000,113000,21000,21000
066979,國巨群益01購04  ,0,0,0,0,0,0,0,0,0,21000,0,0,0,44000,23000,21000,21000
2540,愛山林          ,39000,26000,13000,0,0,0,0,0,0,8000,8000,0,8000,0,0,0,21000
08860P,鴻海統一01售06  ,0,0,0,0,0,0,0,0,0,21000,0,0,0,21000,0,21000,21000
067638,台積電統一03購02,0,0,0,0,0,0,0,0,0,20000,0,0,0,20000,0,20000,20000
067567,瀚宇博康和01購01,0,0,0,0,0,0,0,0,0,20000,0,0,0,26000,6000,20000,20000
06799P,臺股指凱基98售09,0,0,0,0,0,0,0,0,0,20000,0,0,0,40000,20000,20000,20000
068103,松翰永豐01購02  ,0,0,0,0,0,0,0,0,0,20000,0,0,0,20000,0,20000,20000
068058,聯電中信03購02  ,0,0,0,0,0,0,0,0,0,20000,0,0,0,80000,60000,20000,20000
068299,華新國票03購01  ,0,0,0,0,0,0,0,0,0,20000,0,0,0,20000,0,20000,20000
068458,玉晶光國票01購10,0,0,0,0,0,0,0,0,0,20000,0,0,0,40000,20000,20000,20000
068687,亞聚凱基02購01  ,0,0,0,0,0,0,0,0,0,20000,0,0,0,50000,30000,20000,20000
068698,聯鈞凱基02購01  ,0,0,0,0,0,0,0,0,0,20000,0,0,0,72000,52000,20000,20000
069111,T50反1群益02購05,0,0,0,0,0,0,0,0,0,20000,0,0,0,20000,0,20000,20000
069072,T50反1第一02購01,0,0,0,0,0,0,0,0,0,20000,0,0,0,20000,0,20000,20000
06949P,台表科元大99售01,0,0,0,0,0,0,0,0,0,20000,0,0,0,20000,0,20000,20000
07137P,大立光中信9B售01,0,0,0,0,0,0,0,0,0,20000,0,0,0,20000,0,20000,20000
07215P,大立光凱基99售07,0,0,0,0,0,0,0,0,0,20000,0,0,0,20000,0,20000,20000
07284P,大立光凱基99售10,0,0,0,0,0,0,0,0,0,20000,0,0,0,20000,0,20000,20000
08119P,南亞科統一9C售03,0,0,0,0,0,0,0,0,0,20000,0,0,0,20000,0,20000,20000
08244P,同欣電凱基9C售03,0,0,0,0,0,0,0,0,0,20000,0,0,0,30000,10000,20000,20000
08006P,長榮航中信03售01,0,0,0,0,0,0,0,0,0,20000,0,0,0,38000,18000,20000,20000
08070P,晶技國泰9C售02  ,0,0,0,0,0,0,0,0,0,20000,0,0,0,20000,0,20000,20000
08394P,大立光群益9C售05,0,0,0,0,0,0,0,0,0,20000,0,0,0,20000,0,20000,20000
08365P,貿聯凱基9C售01  ,0,0,0,0,0,0,0,0,0,20000,0,0,0,20000,0,20000,20000
08406P,緯穎元大9C售01  ,0,0,0,0,0,0,0,0,0,20000,0,0,0,20000,0,20000,20000
060032,利勤永豐99購01  ,0,0,0,0,0,0,0,0,0,20000,0,0,0,20000,0,20000,20000
060281,卜蜂元大9C購01  ,0,0,0,0,0,0,0,0,0,20000,0,0,0,50000,30000,20000,20000
060248,日月光元大9A購01,0,0,0,0,0,0,0,0,0,20000,0,0,0,20000,0,20000,20000
060736,旺宏統一01購01  ,0,0,0,0,0,0,0,0,0,20000,0,0,0,25000,5000,20000,20000
060612,世紀鋼凱基9A購01,0,0,0,0,0,0,0,0,0,20000,0,0,0,82000,62000,20000,20000
060672,鴻海元大9A購14  ,0,0,0,0,0,0,0,0,0,20000,0,0,0,20000,0,20000,20000
060314,元翎永豐9A購01  ,0,0,0,0,0,0,0,0,0,20000,0,0,0,30000,10000,20000,20000
058174,台積電凱基9A購05,0,0,0,0,0,0,0,0,0,20000,0,0,0,20000,0,20000,20000
058121,國巨國票9A購01  ,0,0,0,0,0,0,0,0,0,20000,0,0,0,20000,0,20000,20000
058796,可成元大99購04  ,0,0,0,0,0,0,0,0,0,20000,0,0,0,170000,150000,20000,20000
058546,玉晶光富邦9B購01,0,0,0,0,0,0,0,0,0,20000,0,0,0,25000,5000,20000,20000
059086,國巨元大99購18  ,0,0,0,0,0,0,0,0,0,20000,0,0,0,20000,0,20000,20000
059246,奇力新凱基9A購02,0,0,0,0,0,0,0,0,0,20000,0,0,0,30000,10000,20000,20000
059235,鴻海凱基99購08  ,0,0,0,0,0,0,0,0,0,20000,0,0,0,20000,0,20000,20000
059404,鴻海台新99購03  ,0,0,0,0,0,0,0,0,0,20000,0,0,0,30000,10000,20000,20000
059340,鴻海凱基9A購12  ,0,0,0,0,0,0,0,0,0,20000,0,0,0,20000,0,20000,20000
057886,聯詠群益98購01  ,0,0,0,0,0,0,0,0,0,20000,0,0,0,20000,0,20000,20000
060543,鴻海凱基9B購02  ,0,0,0,0,0,0,0,0,0,20000,0,0,0,20000,0,20000,20000
060485,華新科富邦9C購04,0,0,0,0,0,0,0,0,0,20000,0,0,0,20000,0,20000,20000
064261,力山永豐9C購01  ,0,0,0,0,0,0,0,0,0,20000,0,0,0,94000,74000,20000,20000
064257,台勝科國泰01購01,0,0,0,0,0,0,0,0,0,20000,0,0,0,20000,0,20000,20000
064321,T50反1元大9C購05,0,0,0,0,0,0,0,0,0,20000,0,0,0,20000,0,20000,20000
064325,亞德客元大9C購01,0,0,0,0,0,0,0,0,0,20000,0,0,0,20000,0,20000,20000
064333,義隆元大9C購02  ,0,0,0,0,0,0,0,0,0,20000,0,0,0,20000,0,20000,20000
064142,國巨統一9C購13  ,0,0,0,0,0,0,0,0,0,20000,0,0,0,21000,1000,20000,20000
057112,立積群益99購01  ,0,0,0,0,0,0,0,0,0,20000,0,0,0,20000,0,20000,20000
053194,緯穎統一99購01  ,0,0,0,0,0,0,0,0,0,20000,0,0,0,20000,0,20000,20000
02001R,富邦蘋果反一N   ,0,0,0,0,0,0,0,0,0,20000,0,0,0,20000,0,20000,20000
03216P,臺股指群益02售01,0,0,0,0,0,0,0,0,0,20000,0,0,0,27000,7000,20000,20000
03131P,南亞科元富07售02,0,0,0,0,0,0,0,0,0,20000,0,0,0,25000,5000,20000,20000
00733,富邦臺灣中小    ,0,0,0,0,0,0,0,0,0,20000,0,0,0,225000,205000,20000,20000
00865B,國泰US短期公債  ,0,0,0,0,0,0,0,0,0,20000,0,0,0,120000,100000,20000,20000
01009T,王道圓滿R1      ,0,0,0,0,0,0,0,0,0,20000,20000,0,20000,0,0,0,20000
03040P,玉晶光國票03售02,0,0,0,0,0,0,0,0,0,20000,0,0,0,20000,0,20000,20000
056211,南港國票98購01  ,0,0,0,0,0,0,0,0,0,20000,0,0,0,20000,0,20000,20000
055781,聯詠凱基98購01  ,0,0,0,0,0,0,0,0,0,20000,0,0,0,20000,0,20000,20000
03690C,臺股指凱基01牛13,0,0,0,0,0,0,0,0,0,20000,0,0,0,56000,36000,20000,20000
051431,群創元富99購02  ,0,0,0,0,0,0,0,0,0,20000,0,0,0,20000,0,20000,20000
055775,友達凱基9A購01  ,0,0,0,0,0,0,0,0,0,20000,0,0,0,20000,0,20000,20000
057489,奇力新元大99購06,0,0,0,0,0,0,0,0,0,20000,0,0,0,88000,68000,20000,20000
03419B,臺股指元富99熊03,0,0,0,0,0,0,0,0,0,20000,0,0,0,20000,0,20000,20000
054164,強茂凱基98購01  ,0,0,0,0,0,0,0,0,0,20000,0,0,0,20000,0,20000,20000
060114,緯穎元大99購10  ,0,0,0,0,0,0,0,0,0,20000,0,0,0,20000,0,20000,20000
056768,宏達電元大99購03,0,0,0,0,0,0,0,0,0,20000,0,0,0,30000,10000,20000,20000
059563,鴻海凱基9A購14  ,0,0,0,0,0,0,0,0,0,20000,0,0,0,20000,0,20000,20000
059533,富邦金凱基99購01,0,0,0,0,0,0,0,0,0,20000,0,0,0,25000,5000,20000,20000
059526,鴻海凱基99購12  ,0,0,0,0,0,0,0,0,0,20000,0,0,0,20000,0,20000,20000
062853,大毅永豐9B購03  ,0,0,0,0,0,0,0,0,0,20000,0,0,0,20000,0,20000,20000
061087,國巨統一01購04  ,0,0,0,0,0,0,0,0,0,20000,0,0,0,60000,40000,20000,20000
061390,大立光群益9A購04,0,0,0,0,0,0,0,0,0,20000,0,0,0,30000,10000,20000,20000
06376P,上銀統一99售01  ,0,0,0,0,0,0,0,0,0,20000,0,0,0,40000,20000,20000,20000
064687,國巨群益9C購10  ,0,0,0,0,0,0,0,0,0,20000,0,0,0,21000,1000,20000,20000
064858,鴻海富邦01購01  ,0,0,0,0,0,0,0,0,0,20000,0,0,0,20000,0,20000,20000
064752,台達電凱基01購01,0,0,0,0,0,0,0,0,0,20000,0,0,0,30000,10000,20000,20000
063189,臻鼎凱基9B購01  ,0,0,0,0,0,0,0,0,0,20000,0,0,0,20000,0,20000,20000
062464,T50反1凱基9C購03,0,0,0,0,0,0,0,0,0,20000,0,0,0,20000,0,20000,20000
062495,友達中信01購02  ,0,0,0,0,0,0,0,0,0,20000,0,0,0,30000,10000,20000,20000
062261,嘉晶元大9B購02  ,0,0,0,0,0,0,0,0,0,20000,0,0,0,22000,2000,20000,20000
061257,上銀凱基9A購06  ,0,0,0,0,0,0,0,0,0,20000,0,0,0,20000,0,20000,20000
064212,可成凱基03購01  ,0,0,0,0,0,0,0,0,0,20000,0,0,0,310000,290000,20000,20000
061813,鴻海群益9B購02  ,0,0,0,0,0,0,0,0,0,20000,0,0,0,20000,0,20000,20000
061624,中租群益9A購01  ,0,0,0,0,0,0,0,0,0,20000,0,0,0,30000,10000,20000,20000
061600,聯電凱基9B購01  ,0,0,0,0,0,0,0,0,0,20000,0,0,0,20000,0,20000,20000
063368,遠東新永豐9B購01,0,0,0,0,0,0,0,0,0,20000,0,0,0,20000,0,20000,20000
063306,聯茂凱基9C購01  ,0,0,0,0,0,0,0,0,0,20000,0,0,0,20000,0,20000,20000
062140,元金2X國票9B購03,0,0,0,0,0,0,0,0,0,20000,0,0,0,20000,0,20000,20000
062145,億光國票9B購01  ,0,0,0,0,0,0,0,0,0,20000,0,0,0,136000,116000,20000,20000
063537,華擎統一9C購03  ,0,0,0,0,0,0,0,0,0,20000,0,0,0,20000,0,20000,20000
067041,國巨凱基04購02  ,0,0,0,0,0,0,0,0,0,20000,0,0,0,20000,0,20000,20000
067092,美利達元大01購03,0,0,0,0,0,0,0,0,0,20000,0,0,0,68000,48000,20000,20000
067100,華邦電群益01購01,0,0,0,0,0,0,0,0,0,20000,0,0,0,20000,0,20000,20000
067352,美律群益01購01  ,0,0,0,0,0,0,0,0,0,20000,0,0,0,20000,0,20000,20000
067289,燿華兆豐03購01  ,0,0,0,0,0,0,0,0,0,20000,0,0,0,126000,106000,20000,20000
066399,聯鈞凱基01購02  ,0,0,0,0,0,0,0,0,0,20000,0,0,0,21000,1000,20000,20000
066466,晶碩統一02購01  ,0,0,0,0,0,0,0,0,0,20000,0,0,0,20000,0,20000,20000
066456,全新統一02購01  ,0,0,0,0,0,0,0,0,0,20000,0,0,0,20000,0,20000,20000
06641P,智邦兆豐99售01  ,0,0,0,0,0,0,0,0,0,20000,0,0,0,20000,0,20000,20000
066538,信邦兆豐03購01  ,0,0,0,0,0,0,0,0,0,20000,0,0,0,20000,0,20000,20000
066568,聚碩元大01購01  ,0,0,0,0,0,0,0,0,0,20000,0,0,0,60000,40000,20000,20000
065554,群創凱基02購02  ,0,0,0,0,0,0,0,0,0,20000,0,0,0,20000,0,20000,20000
065307,矽格元富9C購01  ,0,0,0,0,0,0,0,0,0,20000,0,0,0,50000,30000,20000,20000
065149,遠東新群益9C購01,0,0,0,0,0,0,0,0,0,20000,0,0,0,32000,12000,20000,20000
064567,晶技群益01購01  ,0,0,0,0,0,0,0,0,0,20000,0,0,0,20000,0,20000,20000
065924,東元國票02購01  ,0,0,0,0,0,0,0,0,0,20000,0,0,0,130000,110000,20000,20000
065831,緯創凱基9C購03  ,0,0,0,0,0,0,0,0,0,20000,0,0,0,25000,5000,20000,20000
065591,道瓊反元大9C購05,0,0,0,0,0,0,0,0,0,20000,0,0,0,20000,0,20000,20000
065627,貿聯兆豐9C購02  ,0,0,0,0,0,0,0,0,0,20000,0,0,0,20000,0,20000,20000
065746,光寶科元大9C購01,0,0,0,0,0,0,0,0,0,20000,0,0,0,25000,5000,20000,20000
066032,矽格群益01購01  ,0,0,0,0,0,0,0,0,0,20000,0,0,0,20000,0,20000,20000
066059,帆宣元大01購01  ,0,0,0,0,0,0,0,0,0,20000,0,0,0,20000,0,20000,20000
066173,泰碩凱基02購01  ,0,0,0,0,0,0,0,0,0,20000,0,0,0,30000,10000,20000,20000
08841P,A50正2中信03售02,0,0,0,0,0,0,0,0,0,20000,0,0,0,20000,0,20000,20000
08980P,華通凱基01售03  ,0,0,0,0,0,0,0,0,0,20000,0,0,0,20000,0,20000,20000
2436,偉詮電          ,156000,139000,17000,0,0,0,0,0,0,3000,5000,2000,3000,0,0,0,20000
6183,關貿            ,30000,14000,16000,0,0,0,0,0,0,4000,0,7000,-7000,11000,0,11000,20000
5907,大洋-KY         ,29000,12000,17000,0,0,0,0,0,0,3000,3000,0,3000,0,0,0,20000
3010,華立            ,109000,64000,45000,0,0,0,0,0,0,-25000,0,25000,-25000,0,0,0,20000
08017P,華新科國票9B售01,0,0,0,0,0,0,0,0,0,19000,0,0,0,30000,11000,19000,19000
07678P,大立光群益9A售03,0,0,0,0,0,0,0,0,0,19000,0,0,0,19000,0,19000,19000
069101,TPK統一04購02   ,0,0,0,0,0,0,0,0,0,19000,0,0,0,126000,107000,19000,19000
068759,台船永豐02購01  ,0,0,0,0,0,0,0,0,0,19000,0,0,0,41000,22000,19000,19000
068252,晶技元大01購05  ,0,0,0,0,0,0,0,0,0,19000,0,0,0,307000,288000,19000,19000
068020,玉晶光國票02購07,0,0,0,0,0,0,0,0,0,19000,0,0,0,19000,0,19000,19000
067913,華城永豐01購03  ,0,0,0,0,0,0,0,0,0,19000,0,0,0,33000,14000,19000,19000
067620,聚陽國泰02購01  ,0,0,0,0,0,0,0,0,0,19000,0,0,0,50000,31000,19000,19000
060151,旺宏富邦9A購02  ,0,0,0,0,0,0,0,0,0,19000,0,0,0,20000,1000,19000,19000
00686R,群益臺灣加權反1 ,0,0,0,0,0,0,0,0,0,19000,0,0,0,58000,39000,19000,19000
057152,緯穎國票99購03  ,0,0,0,0,0,0,0,0,0,19000,0,0,0,19000,0,19000,19000
058276,道瓊指中信9C購01,0,0,0,0,0,0,0,0,0,19000,0,0,0,20000,1000,19000,19000
060659,鴻海凱基9B購03  ,0,0,0,0,0,0,0,0,0,19000,0,0,0,54000,35000,19000,19000
060244,大立光元大9B購02,0,0,0,0,0,0,0,0,0,19000,0,0,0,54000,35000,19000,19000
058586,鴻海中信01購02  ,0,0,0,0,0,0,0,0,0,19000,0,0,0,60000,41000,19000,19000
062149,牧德國票9B購01  ,0,0,0,0,0,0,0,0,0,19000,0,0,0,19000,0,19000,19000
063410,南六國票9C購01  ,0,0,0,0,0,0,0,0,0,19000,0,0,0,20000,1000,19000,19000
063443,金像電統一01購02,0,0,0,0,0,0,0,0,0,19000,0,0,0,23000,4000,19000,19000
064028,大毅元大01購01  ,0,0,0,0,0,0,0,0,0,19000,0,0,0,25000,6000,19000,19000
061744,超眾凱基9B購02  ,0,0,0,0,0,0,0,0,0,19000,0,0,0,57000,38000,19000,19000
064246,南六統一9C購02  ,0,0,0,0,0,0,0,0,0,19000,0,0,0,19000,0,19000,19000
064581,葡萄王永豐9C購01,0,0,0,0,0,0,0,0,0,19000,0,0,0,25000,6000,19000,19000
064489,宏碁元大9C購01  ,0,0,0,0,0,0,0,0,0,19000,0,0,0,72000,53000,19000,19000
061406,華通國票9A購06  ,0,0,0,0,0,0,0,0,0,19000,0,0,0,101000,82000,19000,19000
066161,力山凱基01購01  ,0,0,0,0,0,0,0,0,0,19000,0,0,0,19000,0,19000,19000
065054,百和凱基02購01  ,0,0,0,0,0,0,0,0,0,19000,0,0,0,488000,469000,19000,19000
065209,國泰金國票01購01,0,0,0,0,0,0,0,0,0,19000,0,0,0,62000,43000,19000,19000
066916,台虹凱基01購01  ,0,0,0,0,0,0,0,0,0,19000,0,0,0,20000,1000,19000,19000
067209,瑞昱元大01購04  ,0,0,0,0,0,0,0,0,0,19000,0,0,0,385000,366000,19000,19000
2881B,富邦金乙特      ,0,0,0,0,0,0,0,0,0,19000,19000,0,19000,0,0,0,19000
067680,聯詠元大01購08  ,0,0,0,0,0,0,0,0,0,18000,0,0,0,136000,118000,18000,18000
068293,國巨兆豐01購03  ,0,0,0,0,0,0,0,0,0,18000,0,0,0,20000,2000,18000,18000
068739,台灣50群益02購06,0,0,0,0,0,0,0,0,0,18000,0,0,0,18000,0,18000,18000
069037,大立光統一02購10,0,0,0,0,0,0,0,0,0,18000,0,0,0,18000,0,18000,18000
068938,美利達永豐02購01,0,0,0,0,0,0,0,0,0,18000,0,0,0,18000,0,18000,18000
08710P,鴻海元富07售03  ,0,0,0,0,0,0,0,0,0,18000,0,0,0,18000,0,18000,18000
058952,南茂群益99購01  ,0,0,0,0,0,0,0,0,0,18000,0,0,0,37000,19000,18000,18000
057051,群創元大9B購03  ,0,0,0,0,0,0,0,0,0,18000,0,0,0,18000,0,18000,18000
03342P,台郡國票04售01  ,0,0,0,0,0,0,0,0,0,18000,0,0,0,78000,60000,18000,18000
00728,第一金工業30    ,0,0,0,0,0,0,0,0,0,18000,0,0,0,219000,201000,18000,18000
03087P,聯發科元大01售24,0,0,0,0,0,0,0,0,0,18000,0,0,0,36000,18000,18000,18000
060865,創意永豐9A購01  ,0,0,0,0,0,0,0,0,0,18000,0,0,0,19000,1000,18000,18000
062437,廣達元大9B購01  ,0,0,0,0,0,0,0,0,0,18000,0,0,0,18000,0,18000,18000
062190,瀚宇博元大9B購01,0,0,0,0,0,0,0,0,0,18000,0,0,0,25000,7000,18000,18000
064057,緯穎統一02購01  ,0,0,0,0,0,0,0,0,0,18000,0,0,0,856000,838000,18000,18000
06333P,臺股指群益9C售02,0,0,0,0,0,0,0,0,0,18000,0,0,0,18000,0,18000,18000
066775,智原富邦03購01  ,0,0,0,0,0,0,0,0,0,18000,0,0,0,18000,0,18000,18000
066697,長興群益01購01  ,0,0,0,0,0,0,0,0,0,18000,0,0,0,109000,91000,18000,18000
066743,和碩元大01購01  ,0,0,0,0,0,0,0,0,0,18000,0,0,0,24000,6000,18000,18000
066504,全新富邦03購01  ,0,0,0,0,0,0,0,0,0,18000,0,0,0,18000,0,18000,18000
066364,可成中信03購01  ,0,0,0,0,0,0,0,0,0,18000,0,0,0,48000,30000,18000,18000
064954,奇鋐凱基9C購01  ,0,0,0,0,0,0,0,0,0,18000,0,0,0,123000,105000,18000,18000
066111,上銀兆豐02購01  ,0,0,0,0,0,0,0,0,0,18000,0,0,0,131000,113000,18000,18000
065834,億豐凱基03購01  ,0,0,0,0,0,0,0,0,0,18000,0,0,0,18000,0,18000,18000
2380,虹光            ,30000,12000,18000,0,0,0,0,0,0,0,0,0,0,0,0,0,18000
08806P,技嘉元富07售02  ,0,0,0,0,0,0,0,0,0,18000,0,0,0,28000,10000,18000,18000
1459,聯發            ,19000,1000,18000,0,0,0,0,0,0,0,0,0,0,0,0,0,18000
8464,億豐            ,763339,761061,2278,0,0,0,0,0,0,15000,22000,5000,17000,1000,3000,-2000,17278
08056P,華通群益9B售06  ,0,0,0,0,0,0,0,0,0,17000,0,0,0,17000,0,17000,17000
08243P,祥碩凱基9C售02  ,0,0,0,0,0,0,0,0,0,17000,0,0,0,227000,210000,17000,17000
068962,奇鋐群益02購02  ,0,0,0,0,0,0,0,0,0,17000,0,0,0,17000,0,17000,17000
07054P,華新科兆豐99售04,0,0,0,0,0,0,0,0,0,17000,0,0,0,17000,0,17000,17000
068829,台積電國泰04購01,0,0,0,0,0,0,0,0,0,17000,0,0,0,32000,15000,17000,17000
068667,聯電統一03購05  ,0,0,0,0,0,0,0,0,0,17000,0,0,0,618000,601000,17000,17000
068494,玉山金元大01購01,0,0,0,0,0,0,0,0,0,17000,0,0,0,117000,100000,17000,17000
068332,欣興元大03購02  ,0,0,0,0,0,0,0,0,0,17000,0,0,0,96000,79000,17000,17000
068019,玉晶光國票02購06,0,0,0,0,0,0,0,0,0,17000,0,0,0,17000,0,17000,17000
03241P,聯電統一02售03  ,0,0,0,0,0,0,0,0,0,17000,0,0,0,73000,56000,17000,17000
056096,超眾元富9A購01  ,0,0,0,0,0,0,0,0,0,17000,0,0,0,27000,10000,17000,17000
059249,大立光凱基99購05,0,0,0,0,0,0,0,0,0,17000,0,0,0,17000,0,17000,17000
060347,大立光統一02購01,0,0,0,0,0,0,0,0,0,17000,0,0,0,37000,20000,17000,17000
059024,大立光統一9B購04,0,0,0,0,0,0,0,0,0,17000,0,0,0,1279000,1262000,17000,17000
062481,同欣電國票9B購01,0,0,0,0,0,0,0,0,0,17000,0,0,0,40000,23000,17000,17000
064413,世紀鋼凱基02購01,0,0,0,0,0,0,0,0,0,17000,0,0,0,78000,61000,17000,17000
064705,新光金富邦01購01,0,0,0,0,0,0,0,0,0,17000,0,0,0,117000,100000,17000,17000
060836,上銀國票9A購03  ,0,0,0,0,0,0,0,0,0,17000,0,0,0,30000,13000,17000,17000
061489,高鐵兆豐9A購01  ,0,0,0,0,0,0,0,0,0,17000,0,0,0,124000,107000,17000,17000
065940,立積群益02購01  ,0,0,0,0,0,0,0,0,0,17000,0,0,0,25000,8000,17000,17000
065496,裕隆富邦9C購01  ,0,0,0,0,0,0,0,0,0,17000,0,0,0,987000,970000,17000,17000
066736,京鼎元大01購02  ,0,0,0,0,0,0,0,0,0,17000,0,0,0,33000,16000,17000,17000
066683,和碩兆豐01購01  ,0,0,0,0,0,0,0,0,0,17000,0,0,0,17000,0,17000,17000
067426,聯發科凱基01購14,0,0,0,0,0,0,0,0,0,17000,0,0,0,52000,35000,17000,17000
910861,神州-DR         ,17000,0,17000,0,0,0,0,0,0,0,0,0,0,0,0,0,17000
2707,晶華            ,52000,5000,47000,0,0,0,0,30000,-30000,0,0,0,0,0,0,0,17000
8454,富邦媒          ,89733,37847,51886,0,0,0,0,33000,-33000,-2000,0,2000,-2000,0,0,0,16886
067586,奇鋐群益01購02  ,0,0,0,0,0,0,0,0,0,16000,0,0,0,16000,0,16000,16000
067749,申豐元大01購02  ,0,0,0,0,0,0,0,0,0,16000,0,0,0,20000,4000,16000,16000
068223,京鼎統一03購02  ,0,0,0,0,0,0,0,0,0,16000,0,0,0,111000,95000,16000,16000
068784,聯發科康和02購02,0,0,0,0,0,0,0,0,0,16000,0,0,0,23000,7000,16000,16000
069164,聯發科元大03購01,0,0,0,0,0,0,0,0,0,16000,0,0,0,16000,0,16000,16000
069057,美利達元富08購01,0,0,0,0,0,0,0,0,0,16000,0,0,0,16000,0,16000,16000
08154P,上銀元富9B售04  ,0,0,0,0,0,0,0,0,0,16000,0,0,0,76000,60000,16000,16000
08613P,同欣電凱基9C售04,0,0,0,0,0,0,0,0,0,16000,0,0,0,42000,26000,16000,16000
059343,宏達電凱基99購04,0,0,0,0,0,0,0,0,0,16000,0,0,0,28000,12000,16000,16000
064271,鴻海元大9C購08  ,0,0,0,0,0,0,0,0,0,16000,0,0,0,23000,7000,16000,16000
03458B,臺股指元大04熊07,0,0,0,0,0,0,0,0,0,16000,0,0,0,17000,1000,16000,16000
00763U,街口道瓊銅      ,0,2000,-2000,0,0,0,0,0,0,18000,0,0,0,18000,0,18000,16000
00709,富邦歐洲        ,0,0,0,0,0,0,0,0,0,16000,0,0,0,116000,100000,16000,16000
064378,群創元富9C購01  ,0,0,0,0,0,0,0,0,0,16000,0,0,0,53000,37000,16000,16000
064604,聯茂元富9C購01  ,0,0,0,0,0,0,0,0,0,16000,0,0,0,16000,0,16000,16000
063274,鈺齊兆豐9B購01  ,0,0,0,0,0,0,0,0,0,16000,0,0,0,16000,0,16000,16000
062104,上証2X國票9B購03,0,0,0,0,0,0,0,0,0,16000,0,0,0,16000,0,16000,16000
063603,友達凱基9B購05  ,0,0,0,0,0,0,0,0,0,16000,0,0,0,20000,4000,16000,16000
067367,台積電統一01購11,0,0,0,0,0,0,0,0,0,16000,0,0,0,16000,0,16000,16000
066976,台達電群益01購01,0,0,0,0,0,0,0,0,0,16000,0,0,0,166000,150000,16000,16000
066995,盟立國泰03購01  ,0,0,0,0,0,0,0,0,0,16000,0,0,0,106000,90000,16000,16000
066752,南電元大01購06  ,0,0,0,0,0,0,0,0,0,16000,0,0,0,31000,15000,16000,16000
066567,臻鼎元大01購01  ,0,0,0,0,0,0,0,0,0,16000,0,0,0,24000,8000,16000,16000
06633P,國巨國票99售01  ,0,0,0,0,0,0,0,0,0,16000,0,0,0,16000,0,16000,16000
066341,永信永豐01購01  ,0,0,0,0,0,0,0,0,0,16000,0,0,0,16000,0,16000,16000
066561,健策元大01購04  ,0,0,0,0,0,0,0,0,0,16000,0,0,0,95000,79000,16000,16000
066453,嘉基群益01購01  ,0,0,0,0,0,0,0,0,0,16000,0,0,0,16000,0,16000,16000
065478,緯創元大9C購03  ,0,0,0,0,0,0,0,0,0,16000,0,0,0,116000,100000,16000,16000
065509,上銀群益9C購04  ,0,0,0,0,0,0,0,0,0,16000,0,0,0,21000,5000,16000,16000
065417,嘉晶國票01購02  ,0,0,0,0,0,0,0,0,0,16000,0,0,0,17000,1000,16000,16000
06527P,T50正2富邦9C售01,0,0,0,0,0,0,0,0,0,16000,0,0,0,16000,0,16000,16000
065123,台灣50永豐9C購02,0,0,0,0,0,0,0,0,0,16000,0,0,0,16000,0,16000,16000
066194,美利達凱基01購01,0,0,0,0,0,0,0,0,0,16000,0,0,0,16000,0,16000,16000
065997,元黃金國票03購01,0,0,0,0,0,0,0,0,0,16000,0,0,0,128000,112000,16000,16000
9136,巨騰-DR         ,22000,5000,17000,0,0,0,0,0,0,-1000,0,1000,-1000,0,0,0,16000
6172,互億            ,31000,15000,16000,0,0,0,0,0,0,0,0,0,0,0,0,0,16000
08575P,長榮航凱基9C售02,0,0,0,0,0,0,0,0,0,15000,0,0,0,15000,0,15000,15000
08101P,超眾群益9B售02  ,0,0,0,0,0,0,0,0,0,15000,0,0,0,15000,0,15000,15000
07758P,台積電國票9A售06,0,0,0,0,0,0,0,0,0,15000,0,0,0,15000,0,15000,15000
07147P,高鐵元大99售01  ,0,0,0,0,0,0,0,0,0,15000,0,0,0,15000,0,15000,15000
07693P,群創元大9B售10  ,0,0,0,0,0,0,0,0,0,15000,0,0,0,15000,0,15000,15000
07533P,臺股指中信9C售04,0,0,0,0,0,0,0,0,0,15000,0,0,0,15000,0,15000,15000
07400P,國巨凱基99售20  ,0,0,0,0,0,0,0,0,0,15000,0,0,0,15000,0,15000,15000
068469,鴻海群益01購11  ,0,0,0,0,0,0,0,0,0,15000,0,0,0,331000,316000,15000,15000
067632,台積電永豐01購03,0,0,0,0,0,0,0,0,0,15000,0,0,0,15000,0,15000,15000
067989,台積電元大01購31,0,0,0,0,0,0,0,0,0,15000,0,0,0,27000,12000,15000,15000
03093P,台灣50凱基04售10,0,0,0,0,0,0,0,0,0,15000,0,0,0,120000,105000,15000,15000
03352P,臺股指麥證02售01,0,0,0,17000,2000,15000,0,0,0,15000,0,0,0,17000,2000,15000,15000
03011P,臺股指富邦01售01,0,0,0,0,0,0,0,0,0,15000,0,0,0,15000,0,15000,15000
057268,臻鼎兆豐99購01  ,0,0,0,0,0,0,0,0,0,15000,0,0,0,15000,0,15000,15000
054634,FB上証中信99購01,0,0,0,0,0,0,0,0,0,15000,0,0,0,15000,0,15000,15000
054079,鴻海中信98購02  ,0,0,0,0,0,0,0,0,0,15000,0,0,0,15000,0,15000,15000
057486,美律元大98購04  ,0,0,0,0,0,0,0,0,0,15000,0,0,0,15000,0,15000,15000
056470,旺宏元大99購01  ,0,0,0,0,0,0,0,0,0,15000,0,0,0,15000,0,15000,15000
060162,碩天永豐9A購01  ,0,0,0,0,0,0,0,0,0,15000,0,0,0,15000,0,15000,15000
056746,超眾凱基99購01  ,0,0,0,0,0,0,0,0,0,15000,0,0,0,15000,0,15000,15000
056497,GIS國泰99購01   ,0,0,0,0,0,0,0,0,0,15000,0,0,0,15000,0,15000,15000
064260,矽創富邦9C購01  ,0,0,0,0,0,0,0,0,0,15000,0,0,0,74000,59000,15000,15000
059236,鴻海凱基99購09  ,0,0,0,0,0,0,0,0,0,15000,0,0,0,15000,0,15000,15000
058847,國巨群益99購05  ,0,0,0,0,0,0,0,0,0,15000,0,0,0,15000,0,15000,15000
058351,上銀凱基9A購02  ,0,0,0,0,0,0,0,0,0,15000,0,0,0,70000,55000,15000,15000
062144,華通國票9B購01  ,0,0,0,0,0,0,0,0,0,15000,0,0,0,38000,23000,15000,15000
063507,奇鋐群益9B購02  ,0,0,0,0,0,0,0,0,0,15000,0,0,0,20000,5000,15000,15000
062898,華通元大9B購05  ,0,0,0,0,0,0,0,0,0,15000,0,0,0,15000,0,15000,15000
062085,同欣電元大9B購01,0,0,0,0,0,0,0,0,0,15000,0,0,0,21000,6000,15000,15000
062508,臺股指群益9B購03,0,0,0,0,0,0,0,0,0,15000,0,0,0,15000,0,15000,15000
064577,大立光國泰02購01,0,0,0,0,0,0,0,0,0,15000,0,0,0,20000,5000,15000,15000
06242P,大立光元富9A售02,0,0,0,0,0,0,0,0,0,15000,0,0,0,59000,44000,15000,15000
062462,GIS群益9B購01   ,0,0,0,0,0,0,0,0,0,15000,0,0,0,15000,0,15000,15000
062385,玉晶光國泰01購01,0,0,0,0,0,0,0,0,0,15000,0,0,0,15000,0,15000,15000
064676,聚陽兆豐9C購01  ,0,0,0,0,0,0,0,0,0,15000,0,0,0,15000,0,15000,15000
066024,金像電群益01購04,0,0,0,0,0,0,0,0,0,15000,0,0,0,15000,0,15000,15000
066160,美利達康和01購01,0,0,0,0,0,0,0,0,0,15000,0,0,0,106000,91000,15000,15000
066128,台積電群益02購01,0,0,0,0,0,0,0,0,0,15000,0,0,0,15000,0,15000,15000
065821,億豐元富03購01  ,0,0,0,0,0,0,0,0,0,15000,0,0,0,15000,0,15000,15000
065770,元黃金國票01購01,0,0,0,0,0,0,0,0,0,15000,0,0,0,15000,0,15000,15000
065729,聯詠凱基9C購04  ,0,0,0,0,0,0,0,0,0,15000,0,0,0,15000,0,15000,15000
065697,旺宏群益9C購07  ,0,0,0,0,0,0,0,0,0,15000,0,0,0,56000,41000,15000,15000
065706,奇鋐群益9C購02  ,0,0,0,0,0,0,0,0,0,15000,0,0,0,25000,10000,15000,15000
065032,TPK兆豐01購01   ,0,0,0,0,0,0,0,0,0,15000,0,0,0,22000,7000,15000,15000
064959,巨大凱基9C購02  ,0,0,0,0,0,0,0,0,0,15000,0,0,0,15000,0,15000,15000
065557,中磊凱基9C購01  ,0,0,0,0,0,0,0,0,0,15000,0,0,0,153000,138000,15000,15000
066450,松翰群益01購01  ,0,0,0,0,0,0,0,0,0,15000,0,0,0,17000,2000,15000,15000
066325,可成永豐01購01  ,0,0,0,0,0,0,0,0,0,15000,0,0,0,19000,4000,15000,15000
067543,臻鼎群益01購01  ,0,0,0,0,0,0,0,0,0,15000,0,0,0,141000,126000,15000,15000
6142,友勁            ,13000,198000,-185000,0,0,0,0,0,0,200000,200000,0,200000,0,0,0,15000
3596,智易            ,949000,952000,-3000,0,0,0,0,0,0,18000,53000,42000,11000,97000,90000,7000,15000
1104,環泥            ,19000,4000,15000,0,0,0,0,0,0,0,0,0,0,0,0,0,15000
1307,三芳            ,39000,24000,15000,0,0,0,0,0,0,0,0,0,0,0,0,0,15000
08902P,台灣50中信05售01,0,0,0,0,0,0,0,0,0,15000,0,0,0,15000,0,15000,15000
6409,旭隼            ,94000,74100,19900,0,0,0,0,0,0,-5000,0,5000,-5000,0,0,0,14900
068010,台郡元大01購06  ,0,0,0,0,0,0,0,0,0,14000,0,0,0,230000,216000,14000,14000
068421,GIS兆豐01購02   ,0,0,0,0,0,0,0,0,0,14000,0,0,0,14000,0,14000,14000
068762,牧德永豐02購01  ,0,0,0,0,0,0,0,0,0,14000,0,0,0,117000,103000,14000,14000
07010P,T50正2凱基9C售01,0,0,0,0,0,0,0,0,0,14000,0,0,0,15000,1000,14000,14000
069014,茂林兆豐03購01  ,0,0,0,0,0,0,0,0,0,14000,0,0,0,124000,110000,14000,14000
08348P,貿聯元大9C售01  ,0,0,0,0,0,0,0,0,0,14000,0,0,0,14000,0,14000,14000
08497P,華新科國票01售02,0,0,0,0,0,0,0,0,0,14000,0,0,0,51000,37000,14000,14000
08363P,南亞科凱基01售01,0,0,0,0,0,0,0,0,0,14000,0,0,0,15000,1000,14000,14000
08664P,金像電凱基01售02,0,0,0,0,0,0,0,0,0,14000,0,0,0,14000,0,14000,14000
058505,台積電元大99購08,0,0,0,0,0,0,0,0,0,14000,0,0,0,14000,0,14000,14000
058296,明泰凱基99購01  ,0,0,0,0,0,0,0,0,0,14000,0,0,0,14000,0,14000,14000
059208,SGBR2X元大99購02,0,0,0,0,0,0,0,0,0,14000,0,0,0,14000,0,14000,14000
059262,致茂中信01購01  ,0,0,0,0,0,0,0,0,0,14000,0,0,0,14000,0,14000,14000
063053,聯發科統一01購04,0,0,0,0,0,0,0,0,0,14000,0,0,0,14000,0,14000,14000
059580,大立光元富99購07,0,0,0,0,0,0,0,0,0,14000,0,0,0,33000,19000,14000,14000
059880,世紀鋼凱基99購02,0,0,0,0,0,0,0,0,0,14000,0,0,0,24000,10000,14000,14000
048383,元金2X國票99購01,0,0,0,0,0,0,0,0,0,14000,0,0,0,16000,2000,14000,14000
050758,聯發科元富9B購01,0,0,0,0,0,0,0,0,0,14000,0,0,0,14000,0,14000,14000
057347,國巨統一9A購03  ,0,0,0,0,0,0,0,0,0,14000,0,0,0,305000,291000,14000,14000
03185P,台積電元大01售49,0,0,0,0,0,0,0,0,0,14000,0,0,0,834000,820000,14000,14000
03095P,國巨凱基02售07  ,0,0,0,0,0,0,0,0,0,14000,0,0,0,25000,11000,14000,14000
03032P,華通國票03售01  ,0,0,0,0,0,0,0,0,0,14000,0,0,0,50000,36000,14000,14000
03304P,欣興元富02售02  ,0,0,0,0,0,0,0,0,0,14000,0,0,0,84000,70000,14000,14000
00731,FH富時高息低波  ,1000,1000,0,0,0,0,0,0,0,14000,0,0,0,1026000,1012000,14000,14000
03239P,臺股指元大02售04,0,0,0,0,0,0,0,0,0,14000,0,0,0,18000,4000,14000,14000
064481,技嘉永豐9C購01  ,0,0,0,0,0,0,0,0,0,14000,0,0,0,35000,21000,14000,14000
064749,巨大國票01購01  ,0,0,0,0,0,0,0,0,0,14000,0,0,0,62000,48000,14000,14000
06437P,玉晶光國票99售01,0,0,0,0,0,0,0,0,0,14000,0,0,0,14000,0,14000,14000
061392,泰鼎群益9A購02  ,0,0,0,0,0,0,0,0,0,14000,0,0,0,14000,0,14000,14000
061347,創意元大9A購02  ,0,0,0,0,0,0,0,0,0,14000,0,0,0,14000,0,14000,14000
063982,TPK兆豐9C購01   ,0,0,0,0,0,0,0,0,0,14000,0,0,0,25000,11000,14000,14000
063081,技嘉凱基9B購02  ,0,0,0,0,0,0,0,0,0,14000,0,0,0,14000,0,14000,14000
063723,儒鴻元大9B購04  ,0,0,0,0,0,0,0,0,0,14000,0,0,0,138000,124000,14000,14000
067483,禾伸堂元大01購02,0,0,0,0,0,0,0,0,0,14000,0,0,0,140000,126000,14000,14000
067351,國巨群益01購08  ,0,0,0,0,0,0,0,0,0,14000,0,0,0,14000,0,14000,14000
066278,健策元大02購01  ,0,0,0,0,0,0,0,0,0,14000,0,0,0,101000,87000,14000,14000
065327,台表科凱基9C購02,0,0,0,0,0,0,0,0,0,14000,0,0,0,14000,0,14000,14000
064884,台表科第一9C購01,0,0,0,0,0,0,0,0,0,14000,0,0,0,14000,0,14000,14000
065033,和碩兆豐9C購01  ,0,0,0,0,0,0,0,0,0,14000,0,0,0,14000,0,14000,14000
065026,世紀鋼永豐9C購02,0,0,0,0,0,0,0,0,0,14000,0,0,0,32000,18000,14000,14000
066177,上緯控凱基01購01,0,0,0,0,0,0,0,0,0,14000,0,0,0,35000,21000,14000,14000
08809P,台灣50群益01售07,0,0,0,0,0,0,0,0,0,14000,0,0,0,14000,0,14000,14000
2528,皇普            ,22000,8000,14000,0,0,0,0,0,0,0,0,0,0,0,0,0,14000
1810,和成            ,76000,58000,18000,0,0,0,0,0,0,-4000,0,4000,-4000,0,0,0,14000
3686,達能            ,322050,309000,13050,0,0,0,0,0,0,0,0,0,0,0,0,0,13050
08373P,大立光凱基01售05,0,0,0,0,0,0,0,0,0,13000,0,0,0,13000,0,13000,13000
069089,億光康和02購01  ,0,0,0,0,0,0,0,0,0,13000,0,0,0,24000,11000,13000,13000
07114P,旺宏兆豐9A售01  ,0,0,0,0,0,0,0,0,0,13000,0,0,0,44000,31000,13000,13000
07692P,玉晶光元大9A售11,0,0,0,0,0,0,0,0,0,13000,0,0,0,33000,20000,13000,13000
068393,GIS統一03購01   ,0,0,0,0,0,0,0,0,0,13000,0,0,0,240000,227000,13000,13000
068064,欣興兆豐03購02  ,0,0,0,0,0,0,0,0,0,13000,0,0,0,23000,10000,13000,13000
067596,國巨凱基02購05  ,0,0,0,0,0,0,0,0,0,13000,0,0,0,15000,2000,13000,13000
067658,矽格元富04購01  ,0,0,0,0,0,0,0,0,0,13000,0,0,0,31000,18000,13000,13000
00732,國泰RMB短期報酬 ,0,0,0,0,0,0,0,0,0,13000,0,0,0,113000,100000,13000,13000
00684R,元大美元指數反1 ,0,0,0,0,0,0,0,0,0,13000,0,0,0,18000,5000,13000,13000
03052X,元展49          ,0,0,0,0,0,0,0,0,0,13000,0,0,0,13000,0,13000,13000
054658,道瓊銀元大9A購01,0,0,0,0,0,0,0,0,0,13000,0,0,0,13000,0,13000,13000
03682C,臺股指凱基9C牛07,0,0,0,0,0,0,0,0,0,13000,0,0,0,14000,1000,13000,13000
057671,群創元大9B購06  ,0,0,0,0,0,0,0,0,0,13000,0,0,0,23000,10000,13000,13000
062986,T50反1中信02購01,0,0,0,0,0,0,0,0,0,13000,0,0,0,114000,101000,13000,13000
058291,元油2X日盛99購01,0,0,0,0,0,0,0,0,0,13000,0,0,0,13000,0,13000,13000
058375,群創凱基9B購04  ,0,0,0,0,0,0,0,0,0,13000,0,0,0,13000,0,13000,13000
058553,合勤控永豐99購01,0,0,0,0,0,0,0,0,0,13000,0,0,0,28000,15000,13000,13000
063294,美律麥證9B購01  ,0,0,0,85000,72000,13000,0,0,0,13000,0,0,0,85000,72000,13000,13000
063228,聯茂群益9B購01  ,0,0,0,0,0,0,0,0,0,13000,0,0,0,13000,0,13000,13000
061609,華新科統一9C購01,0,0,0,0,0,0,0,0,0,13000,0,0,0,15000,2000,13000,13000
061782,智邦群益9B購01  ,0,0,0,0,0,0,0,0,0,13000,0,0,0,24000,11000,13000,13000
064221,華通國票01購01  ,0,0,0,0,0,0,0,0,0,13000,0,0,0,74000,61000,13000,13000
064199,南六群益01購01  ,0,0,0,0,0,0,0,0,0,13000,0,0,0,25000,12000,13000,13000
064201,新光金兆豐9C購01,0,0,0,0,0,0,0,0,0,13000,0,0,0,13000,0,13000,13000
061466,創意群益9A購01  ,0,0,0,0,0,0,0,0,0,13000,0,0,0,133000,120000,13000,13000
061017,國泰金麥證9A購01,0,0,0,13000,0,13000,0,0,0,13000,0,0,0,13000,0,13000,13000
060907,金像電元大9A購02,0,0,0,0,0,0,0,0,0,13000,0,0,0,13000,0,13000,13000
061499,嘉晶國票9A購03  ,0,0,0,0,0,0,0,0,0,13000,0,0,0,26000,13000,13000,13000
064493,南亞科元大9C購01,0,0,0,0,0,0,0,0,0,13000,0,0,0,79000,66000,13000,13000
065720,義隆兆豐9C購03  ,0,0,0,0,0,0,0,0,0,13000,0,0,0,30000,17000,13000,13000
065787,奇鋐永豐9C購01  ,0,0,0,0,0,0,0,0,0,13000,0,0,0,13000,0,13000,13000
065887,巨大元富9C購01  ,0,0,0,0,0,0,0,0,0,13000,0,0,0,33000,20000,13000,13000
065002,致茂國票01購01  ,0,0,0,0,0,0,0,0,0,13000,0,0,0,22000,9000,13000,13000
064976,景碩元大9C購01  ,0,0,0,0,0,0,0,0,0,13000,0,0,0,159000,146000,13000,13000
066512,致茂永豐01購01  ,0,0,0,0,0,0,0,0,0,13000,0,0,0,31000,18000,13000,13000
066704,創意群益01購02  ,0,0,0,0,0,0,0,0,0,13000,0,0,0,72000,59000,13000,13000
066846,京鼎元大01購03  ,0,0,0,0,0,0,0,0,0,13000,0,0,0,88000,75000,13000,13000
067398,欣興永豐01購04  ,0,0,0,0,0,0,0,0,0,13000,0,0,0,13000,0,13000,13000
067529,力山群益01購02  ,0,0,0,0,0,0,0,0,0,13000,0,0,0,18000,5000,13000,13000
067167,鴻海麥證01購02  ,0,0,0,13000,0,13000,0,0,0,13000,0,0,0,13000,0,13000,13000
3501,維熹            ,17000,1000,16000,0,0,0,0,0,0,-3000,0,3000,-3000,0,0,0,13000
2516,新建            ,48000,35000,13000,0,0,0,0,0,0,0,0,0,0,0,0,0,13000
068158,緯創元大01購03  ,0,0,0,0,0,0,0,0,0,12000,0,0,0,15000,3000,12000,12000
068195,瑞昱凱基02購02  ,0,0,0,0,0,0,0,0,0,12000,0,0,0,153000,141000,12000,12000
068221,聯發科統一05購01,0,0,0,0,0,0,0,0,0,12000,0,0,0,45000,33000,12000,12000
069091,長興統一05購01  ,0,0,0,0,0,0,0,0,0,12000,0,0,0,12000,0,12000,12000
08372P,大立光凱基01售04,0,0,0,0,0,0,0,0,0,12000,0,0,0,12000,0,12000,12000
08360P,國巨國泰02售01  ,0,0,0,0,0,0,0,0,0,12000,0,0,0,490000,478000,12000,12000
07920P,大立光中信01售01,0,0,0,0,0,0,0,0,0,12000,0,0,0,14000,2000,12000,12000
08054P,臺股指國票9B售19,0,0,0,0,0,0,0,0,0,12000,0,0,0,12000,0,12000,12000
060675,南亞科元大9A購02,0,0,0,0,0,0,0,0,0,12000,0,0,0,68000,56000,12000,12000
058327,大毅統一9B購01  ,0,0,0,0,0,0,0,0,0,12000,0,0,0,12000,0,12000,12000
058055,華擎統一9A購01  ,0,0,0,0,0,0,0,0,0,12000,0,0,0,12000,0,12000,12000
058048,群創元大9B購07  ,0,0,0,0,0,0,0,0,0,12000,0,0,0,12000,0,12000,12000
062989,鴻海群益9B購07  ,0,0,0,0,0,0,0,0,0,12000,0,0,0,47000,35000,12000,12000
064304,信邦兆豐01購01  ,0,0,0,0,0,0,0,0,0,12000,0,0,0,82000,70000,12000,12000
060155,友訊永豐9A購01  ,0,0,0,0,0,0,0,0,0,12000,0,0,0,22000,10000,12000,12000
059807,大立光元富99購09,10000,6000,4000,0,0,0,0,0,0,8000,0,0,0,24000,16000,8000,12000
056392,玉晶光富邦9C購01,0,0,0,0,0,0,0,0,0,12000,0,0,0,12000,0,12000,12000
056825,深中小富邦9B購01,0,0,0,0,0,0,0,0,0,12000,0,0,0,12000,0,12000,12000
056907,群創元大9C購04  ,0,0,0,0,0,0,0,0,0,12000,0,0,0,17000,5000,12000,12000
064792,美律國票9C購01  ,0,0,0,0,0,0,0,0,0,12000,0,0,0,82000,70000,12000,12000
064441,嘉澤凱基9C購02  ,0,0,0,0,0,0,0,0,0,12000,0,0,0,12000,0,12000,12000
060814,健策凱基9B購01  ,0,0,0,0,0,0,0,0,0,12000,0,0,0,18000,6000,12000,12000
060782,道瓊指富邦9C購01,0,0,0,0,0,0,0,0,0,12000,0,0,0,12000,0,12000,12000
064236,奇力新統一01購04,0,0,0,0,0,0,0,0,0,12000,0,0,0,93000,81000,12000,12000
061933,光寶科國票9B購01,0,0,0,0,0,0,0,0,0,12000,0,0,0,12000,0,12000,12000
062553,台積電凱基9B購07,0,0,0,0,0,0,0,0,0,12000,0,0,0,20000,8000,12000,12000
061735,上銀凱基9B購01  ,0,0,0,0,0,0,0,0,0,12000,0,0,0,28000,16000,12000,12000
064083,群創中信06購01  ,0,0,0,0,0,0,0,0,0,12000,0,0,0,48000,36000,12000,12000
064102,宏達電群益9C購01,0,0,0,0,0,0,0,0,0,12000,0,0,0,36000,24000,12000,12000
063395,金像電群益9B購02,0,0,0,0,0,0,0,0,0,12000,0,0,0,17000,5000,12000,12000
062116,元金2X第一9B購01,0,0,0,0,0,0,0,0,0,12000,0,0,0,12000,0,12000,12000
067117,健策群益01購09  ,0,0,0,0,0,0,0,0,0,12000,0,0,0,84000,72000,12000,12000
066991,訊芯群益01購01  ,0,0,0,0,0,0,0,0,0,12000,0,0,0,170000,158000,12000,12000
066981,聯發科群益02購07,0,0,0,0,0,0,0,0,0,12000,0,0,0,27000,15000,12000,12000
067515,美利達統一03購03,0,0,0,0,0,0,0,0,0,12000,0,0,0,341000,329000,12000,12000
067487,京鼎元大01購06  ,0,0,0,0,0,0,0,0,0,12000,0,0,0,32000,20000,12000,12000
064541,元黃金凱基01購02,0,0,0,0,0,0,0,0,0,12000,0,0,0,12000,0,12000,12000
065160,聯茂群益9C購02  ,0,0,0,0,0,0,0,0,0,12000,0,0,0,12000,0,12000,12000
065792,TPK永豐9C購02   ,0,0,0,0,0,0,0,0,0,12000,0,0,0,14000,2000,12000,12000
065646,健鼎元大9C購04  ,0,0,0,0,0,0,0,0,0,12000,0,0,0,12000,0,12000,12000
066009,創意統一02購02  ,0,0,0,0,0,0,0,0,0,12000,0,0,0,346000,334000,12000,12000
2374,佳能            ,40000,14000,26000,0,0,0,0,0,0,-14000,0,14000,-14000,0,0,0,12000
08844P,滬深2X元大03售03,0,0,0,0,0,0,0,0,0,12000,0,0,0,15000,3000,12000,12000
1524,耿鼎            ,11000,0,11000,0,0,0,0,0,0,1000,1000,0,1000,0,0,0,12000
4739,康普            ,59000,46000,13000,0,0,0,0,0,0,-1000,0,1000,-1000,0,0,0,12000
4190,佐登-KY         ,25000,15000,10000,0,0,0,0,0,0,2000,0,0,0,2000,0,2000,12000
3004,豐達科          ,33000,20000,13000,0,0,0,0,0,0,-1000,0,1000,-1000,0,0,0,12000
9930,中聯資源        ,30000,18000,12000,0,0,0,0,0,0,0,0,0,0,0,0,0,12000
08345P,大立光元大9C售14,0,0,0,0,0,0,0,0,0,11000,0,0,0,11000,0,11000,11000
08226P,台灣50元大9B售26,0,0,0,0,0,0,0,0,0,11000,0,0,0,11000,0,11000,11000
08396P,鴻海元富9C售04  ,0,0,0,0,0,0,0,0,0,11000,0,0,0,11000,0,11000,11000
08682P,鴻海凱基01售06  ,0,0,0,0,0,0,0,0,0,11000,0,0,0,491000,480000,11000,11000
08712P,國巨元富07售03  ,0,0,0,0,0,0,0,0,0,11000,0,0,0,11000,0,11000,11000
08725P,臺股指元大01售06,0,0,0,0,0,0,0,0,0,11000,0,0,0,28000,17000,11000,11000
069125,美利達群益02購02,0,0,0,0,0,0,0,0,0,11000,0,0,0,13000,2000,11000,11000
069002,國巨兆豐03購01  ,0,0,0,0,0,0,0,0,0,11000,0,0,0,15000,4000,11000,11000
068374,技嘉永豐01購01  ,0,0,0,0,0,0,0,0,0,11000,0,0,0,25000,14000,11000,11000
068758,喬山永豐02購01  ,0,0,0,0,0,0,0,0,0,11000,0,0,0,11000,0,11000,11000
020012,富邦行動通訊N   ,0,0,0,0,0,0,0,0,0,11000,0,0,0,27000,16000,11000,11000
05631P,國巨富邦9A售01  ,0,0,0,0,0,0,0,0,0,11000,0,0,0,11000,0,11000,11000
055449,超眾統一9A購01  ,0,0,0,0,0,0,0,0,0,11000,0,0,0,11000,0,11000,11000
059524,FBVIX凱基9A購02 ,0,0,0,0,0,0,0,0,0,11000,0,0,0,11000,0,11000,11000
060159,健和興永豐9A購01,0,0,0,0,0,0,0,0,0,11000,0,0,0,14000,3000,11000,11000
056501,貿聯富邦99購01  ,0,0,0,0,0,0,0,0,0,11000,0,0,0,11000,0,11000,11000
057604,鴻海統一9C購01  ,0,0,0,0,0,0,0,0,0,11000,0,0,0,11000,0,11000,11000
058014,上銀凱基99購02  ,0,0,0,0,0,0,0,0,0,11000,0,0,0,21000,10000,11000,11000
057972,群創富邦9C購01  ,0,0,0,0,0,0,0,0,0,11000,0,0,0,11000,0,11000,11000
058374,玉晶光凱基9A購03,0,0,0,0,0,0,0,0,0,11000,0,0,0,11000,0,11000,11000
063087,南六凱基9C購02  ,0,0,0,0,0,0,0,0,0,11000,0,0,0,23000,12000,11000,11000
063911,大立光凱基9C購03,0,0,0,0,0,0,0,0,0,11000,0,0,0,26000,15000,11000,11000
061846,元金2X國票9C購01,0,0,0,0,0,0,0,0,0,11000,0,0,0,11000,0,11000,11000
061265,富邦金凱基9B購01,0,0,0,0,0,0,0,0,0,11000,0,0,0,192000,181000,11000,11000
062004,國巨國泰9C購03  ,0,0,0,0,0,0,0,0,0,11000,0,0,0,12000,1000,11000,11000
060888,金像電統一9C購01,0,0,0,0,0,0,0,0,0,11000,0,0,0,30000,19000,11000,11000
061132,志超永豐9A購01  ,0,0,0,0,0,0,0,0,0,11000,0,0,0,80000,69000,11000,11000
061477,晶豪科元大9A購01,0,0,0,0,0,0,0,0,0,11000,0,0,0,11000,0,11000,11000
063762,緯穎統一9C購01  ,0,0,0,0,0,0,0,0,0,11000,0,0,0,11000,0,11000,11000
062616,玉晶光元大9C購06,0,0,0,0,0,0,0,0,0,11000,0,0,0,92000,81000,11000,11000
062693,中石化元大02購01,0,0,0,0,0,0,0,0,0,11000,0,0,0,870000,859000,11000,11000
062699,台積電元大01購02,0,0,0,0,0,0,0,0,0,11000,0,0,0,11000,0,11000,11000
064380,超眾元富9C購03  ,0,0,0,0,0,0,0,0,0,11000,0,0,0,11000,0,11000,11000
066193,致新凱基01購01  ,0,0,0,0,0,0,0,0,0,11000,0,0,0,18000,7000,11000,11000
066830,國揚群益01購01  ,0,0,0,0,0,0,0,0,0,11000,0,0,0,11000,0,11000,11000
066745,瀚宇博元大01購01,0,0,0,0,0,0,0,0,0,11000,0,0,0,54000,43000,11000,11000
066717,上証2X元大01購01,0,0,0,0,0,0,0,0,0,11000,0,0,0,11000,0,11000,11000
066587,台船群益01購01  ,0,0,0,0,0,0,0,0,0,11000,0,0,0,11000,0,11000,11000
066484,瑞昱元富07購01  ,0,0,0,0,0,0,0,0,0,11000,0,0,0,45000,34000,11000,11000
066358,美利達永豐01購01,0,0,0,0,0,0,0,0,0,11000,0,0,0,11000,0,11000,11000
3040,遠見            ,90000,79000,11000,0,0,0,0,0,0,0,0,0,0,0,0,0,11000
4526,東台            ,47000,33000,14000,0,0,0,0,0,0,-3000,0,3000,-3000,0,0,0,11000
4148,全宇生技-KY     ,13000,2000,11000,0,0,0,0,0,0,0,0,0,0,0,0,0,11000
2302,麗正            ,14000,3000,11000,0,0,0,0,0,0,0,0,0,0,0,0,0,11000
068740,T50反1群益03購01,0,0,0,0,0,0,0,0,0,10000,0,0,0,10000,0,10000,10000
068752,GIS群益02購03   ,0,0,0,0,0,0,0,0,0,10000,0,0,0,110000,100000,10000,10000
068669,國巨統一03購04  ,0,0,0,0,0,0,0,0,0,10000,0,0,0,20000,10000,10000,10000
068643,GIS凱基02購05   ,0,0,0,0,0,0,0,0,0,10000,0,0,0,78000,68000,10000,10000
068618,上証2X群益02購04,0,0,0,0,0,0,0,0,0,10000,0,0,0,10000,0,10000,10000
068367,聯電富邦03購02  ,0,0,0,0,0,0,0,0,0,10000,0,0,0,10000,0,10000,10000
068488,台積電元大01購47,0,0,0,0,0,0,0,0,0,10000,0,0,0,10000,0,10000,10000
068093,達欣工群益01購01,0,0,0,0,0,0,0,0,0,10000,0,0,0,10000,0,10000,10000
067990,台積電元大01購32,0,0,0,0,0,0,0,0,0,10000,0,0,0,10000,0,10000,10000
067973,玉晶光群益02購23,0,0,0,0,0,0,0,0,0,10000,0,0,0,10000,0,10000,10000
067910,玉晶光國泰03購03,0,0,0,0,0,0,0,0,0,10000,0,0,0,10000,0,10000,10000
067597,國巨凱基02購06  ,0,0,0,0,0,0,0,0,0,10000,0,0,0,10000,0,10000,10000
067590,茂林群益01購01  ,0,0,0,0,0,0,0,0,0,10000,0,0,0,10000,0,10000,10000
067572,FB上証群益01購01,0,0,0,0,0,0,0,0,0,10000,0,0,0,20000,10000,10000,10000
067714,上銀凱基01購01  ,0,0,0,0,0,0,0,0,0,10000,0,0,0,10000,0,10000,10000
069007,可成兆豐03購01  ,0,0,0,0,0,0,0,0,0,10000,0,0,0,43000,33000,10000,10000
069059,鴻海麥證02購01  ,0,0,0,10000,0,10000,0,0,0,10000,0,0,0,10000,0,10000,10000
069088,南電凱基03購01  ,0,0,0,0,0,0,0,0,0,10000,0,0,0,30000,20000,10000,10000
069116,金像電群益02購02,0,0,0,0,0,0,0,0,0,10000,0,0,0,62000,52000,10000,10000
068950,台積電凱基02購16,0,0,0,0,0,0,0,0,0,10000,0,0,0,20000,10000,10000,10000
068997,T50反1兆豐03購01,0,0,0,0,0,0,0,0,0,10000,0,0,0,10000,0,10000,10000
068891,亞德客元大02購03,0,0,0,0,0,0,0,0,0,10000,0,0,0,60000,50000,10000,10000
07669P,華新科元大9A售14,0,0,0,0,0,0,0,0,0,10000,0,0,0,10000,0,10000,10000
07600P,台灣50凱基04售06,0,0,0,0,0,0,0,0,0,10000,0,0,0,10000,0,10000,10000
07366P,國巨康和99售02  ,0,0,0,0,0,0,0,0,0,10000,0,0,0,10000,0,10000,10000
07424P,大立光元大9B售01,0,0,0,0,0,0,0,0,0,10000,0,0,0,10000,0,10000,10000
07462P,臺股指元大9B售05,0,0,0,0,0,0,0,0,0,10000,0,0,0,10000,0,10000,10000
07552P,技嘉元大9A售03  ,0,0,0,0,0,0,0,0,0,10000,0,0,0,10000,0,10000,10000
07082P,美律元大99售06  ,0,0,0,0,0,0,0,0,0,10000,0,0,0,10000,0,10000,10000
07030P,鈺齊群益99售01  ,0,0,0,0,0,0,0,0,0,10000,0,0,0,110000,100000,10000,10000
06977P,臺股指元大9A售15,0,0,0,0,0,0,0,0,0,10000,0,0,0,10000,0,10000,10000
069197,T50反1元大02購03,0,0,0,0,0,0,0,0,0,10000,0,0,0,10000,0,10000,10000
08716P,台積電兆豐01售02,0,0,0,0,0,0,0,0,0,10000,0,0,0,10000,0,10000,10000
08686P,臺股指凱基03售03,0,0,0,0,0,0,0,0,0,10000,0,0,0,10000,0,10000,10000
08583P,鴻海群益01售05  ,0,0,0,0,0,0,0,0,0,10000,0,0,0,10000,0,10000,10000
08590P,智邦凱基9C售04  ,0,0,0,0,0,0,0,0,0,10000,0,0,0,10000,0,10000,10000
08466P,旺宏統一9C售03  ,0,0,0,0,0,0,0,0,0,10000,0,0,0,70000,60000,10000,10000
08568P,臺股指富邦9C售05,0,0,0,0,0,0,0,0,0,10000,0,0,0,10000,0,10000,10000
08272P,鴻海元富9C售02  ,0,0,0,0,0,0,0,0,0,10000,0,0,0,10000,0,10000,10000
08168P,金像電群益9B售03,0,0,0,0,0,0,0,0,0,10000,0,0,0,10000,0,10000,10000
08173P,金像電凱基9B售02,0,0,0,0,0,0,0,0,0,10000,0,0,0,10000,0,10000,10000
07993P,寶成群益9B售01  ,0,0,0,0,0,0,0,0,0,10000,0,0,0,10000,0,10000,10000
07974P,上証2X元大9B售02,0,0,0,0,0,0,0,0,0,10000,0,0,0,50000,40000,10000,10000
07904P,聯發科群益9B售05,0,0,0,0,0,0,0,0,0,10000,0,0,0,10000,0,10000,10000
07902P,玉晶光國票01售01,0,0,0,0,0,0,0,0,0,10000,0,0,0,110000,100000,10000,10000
07877P,晶技永豐9B售01  ,0,0,0,0,0,0,0,0,0,10000,0,0,0,10000,0,10000,10000
07767P,華新科群益9A售07,0,0,0,0,0,0,0,0,0,10000,0,0,0,10000,0,10000,10000
07839P,嘉澤元大9A售04  ,0,0,0,0,0,0,0,0,0,10000,0,0,0,15000,5000,10000,10000
058365,奇力新凱基9A購01,0,0,0,0,0,0,0,0,0,10000,0,0,0,20000,10000,10000,10000
058403,玉晶光元大99購12,0,0,0,0,0,0,0,0,0,10000,0,0,0,10000,0,10000,10000
058368,奇鋐凱基9A購01  ,0,0,0,0,0,0,0,0,0,10000,0,0,0,10000,0,10000,10000
058863,可成凱基99購02  ,0,0,0,0,0,0,0,0,0,10000,0,0,0,10000,0,10000,10000
058765,緯穎群益99購03  ,0,0,0,0,0,0,0,0,0,10000,0,0,0,10000,0,10000,10000
058078,景碩國票99購01  ,0,0,0,0,0,0,0,0,0,10000,0,0,0,18000,8000,10000,10000
058217,新唐群益99購01  ,0,0,0,0,0,0,0,0,0,10000,0,0,0,10000,0,10000,10000
058181,華新科國泰9B購01,0,0,0,0,0,0,0,0,0,10000,0,0,0,10000,0,10000,10000
060306,台肥永豐9A購01  ,0,0,0,0,0,0,0,0,0,10000,0,0,0,10000,0,10000,10000
060706,群創富邦9A購01  ,0,0,0,0,0,0,0,0,0,10000,0,0,0,10000,0,10000,10000
058722,台郡元富99購01  ,0,0,0,0,0,0,0,0,0,10000,0,0,0,10000,0,10000,10000
058569,健策凱基9A購01  ,0,0,0,0,0,0,0,0,0,10000,0,0,0,19000,9000,10000,10000
060048,元金2X凱基99購03,0,0,0,0,0,0,0,0,0,10000,0,0,0,10000,0,10000,10000
059965,鴻海凱基99購16  ,0,0,0,0,0,0,0,0,0,10000,0,0,0,10000,0,10000,10000
058634,可成兆豐99購03  ,0,0,0,0,0,0,0,0,0,10000,0,0,0,100000,90000,10000,10000
058648,聯陽永豐99購01  ,0,0,0,0,0,0,0,0,0,10000,0,0,0,10000,0,10000,10000
060260,京鼎凱基9C購01  ,0,0,0,0,0,0,0,0,0,10000,0,0,0,10000,0,10000,10000
064295,聚陽國票01購01  ,0,0,0,0,0,0,0,0,0,10000,0,0,0,10000,0,10000,10000
059252,聯詠凱基99購03  ,0,0,0,0,0,0,0,0,0,10000,0,0,0,10000,0,10000,10000
064147,瑞昱統一01購04  ,0,0,0,0,0,0,0,0,0,10000,0,0,0,10000,0,10000,10000
064159,新日興統一01購02,0,0,0,0,0,0,0,0,0,10000,0,0,0,10000,0,10000,10000
064344,緯創元大9C購01  ,0,0,0,0,0,0,0,0,0,10000,0,0,0,10000,0,10000,10000
064182,臻鼎富邦01購01  ,0,0,0,0,0,0,0,0,0,10000,0,0,0,20000,10000,10000,10000
057941,聯電國票99購01  ,0,0,0,0,0,0,0,0,0,10000,0,0,0,10000,0,10000,10000
059350,樺漢凱基9A購01  ,0,0,0,0,0,0,0,0,0,10000,0,0,0,10000,0,10000,10000
059474,元石油群益99購01,0,0,0,0,0,0,0,0,0,10000,0,0,0,10000,0,10000,10000
059391,立積凱基9A購01  ,0,0,0,0,0,0,0,0,0,10000,0,0,0,10000,0,10000,10000
059389,國巨凱基99購14  ,0,0,0,0,0,0,0,0,0,10000,0,0,0,10000,0,10000,10000
059128,友達中信99購02  ,0,0,0,0,0,0,0,0,0,10000,0,0,0,10000,0,10000,10000
059166,友達凱基99購05  ,0,0,0,0,0,0,0,0,0,10000,0,0,0,10000,0,10000,10000
059076,FBVIX元大99購04 ,0,0,0,0,0,0,0,0,0,10000,0,0,0,10000,0,10000,10000
059052,為升凱基99購01  ,0,0,0,0,0,0,0,0,0,10000,0,0,0,10000,0,10000,10000
060383,葡萄王凱基9A購01,0,0,0,0,0,0,0,0,0,10000,0,0,0,10000,0,10000,10000
060472,中租元大9A購02  ,0,0,0,0,0,0,0,0,0,10000,0,0,0,10000,0,10000,10000
060455,葡萄王元大9A購02,0,0,0,0,0,0,0,0,0,10000,0,0,0,10000,0,10000,10000
060412,儒鴻永豐9A購01  ,0,0,0,0,0,0,0,0,0,10000,0,0,0,10000,0,10000,10000
060547,瑞昱凱基9A購01  ,0,0,0,0,0,0,0,0,0,10000,0,0,0,10000,0,10000,10000
060548,友達凱基9B購03  ,0,0,0,0,0,0,0,0,0,10000,0,0,0,10000,0,10000,10000
060551,大立光凱基9B購02,0,0,0,0,0,0,0,0,0,10000,0,0,0,10000,0,10000,10000
060554,中租凱基9A購01  ,0,0,0,0,0,0,0,0,0,10000,0,0,0,10000,0,10000,10000
060523,鴻海中信9C購03  ,0,0,0,0,0,0,0,0,0,10000,0,0,0,10000,0,10000,10000
057758,鴻海凱基99購03  ,0,0,0,0,0,0,0,0,0,10000,0,0,0,20000,10000,10000,10000
057901,大立光永豐98購04,0,0,0,0,0,0,0,0,0,10000,0,0,0,10000,0,10000,10000
057813,京元電元大98購03,0,0,0,0,0,0,0,0,0,10000,0,0,0,14000,4000,10000,10000
057839,台積電富邦9A購02,0,0,0,0,0,0,0,0,0,10000,0,0,0,10000,0,10000,10000
057619,玉晶光凱基98購02,0,0,0,0,0,0,0,0,0,10000,0,0,0,10000,0,10000,10000
057648,和碩元大98購01  ,0,0,0,0,0,0,0,0,0,10000,0,0,0,10000,0,10000,10000
057726,華通國泰9A購01  ,0,0,0,0,0,0,0,0,0,10000,0,0,0,10000,0,10000,10000
060089,台積電元大99購54,0,0,0,0,0,0,0,0,0,10000,0,0,0,10000,0,10000,10000
060093,友達元大03購01  ,0,0,0,0,0,0,0,0,0,10000,0,0,0,10000,0,10000,10000
059525,上銀凱基99購08  ,0,0,0,0,0,0,0,0,0,10000,0,0,0,10000,0,10000,10000
059534,國泰金凱基99購01,0,0,0,0,0,0,0,0,0,10000,0,0,0,10000,0,10000,10000
059568,台積電凱基9A購13,0,0,0,0,0,0,0,0,0,10000,0,0,0,10000,0,10000,10000
059562,上銀凱基99購09  ,0,0,0,0,0,0,0,0,0,10000,0,0,0,10000,0,10000,10000
05953P,台積電國票98售02,0,0,0,0,0,0,0,0,0,10000,0,0,0,10000,0,10000,10000
059588,鴻海元大99購32  ,0,0,0,0,0,0,0,0,0,10000,0,0,0,10000,0,10000,10000
059627,旺宏凱基99購10  ,0,0,0,0,0,0,0,0,0,10000,0,0,0,10000,0,10000,10000
059678,鴻海國泰9A購03  ,0,0,0,0,0,0,0,0,0,10000,0,0,0,10000,0,10000,10000
059622,上銀凱基99購10  ,0,0,0,0,0,0,0,0,0,10000,0,0,0,10000,0,10000,10000
059818,鴻海凱基99購14  ,0,0,0,0,0,0,0,0,0,10000,0,0,0,10000,0,10000,10000
059823,奇力新凱基99購07,0,0,0,0,0,0,0,0,0,10000,0,0,0,10000,0,10000,10000
059824,大立光凱基99購13,0,0,0,0,0,0,0,0,0,10000,0,0,0,10000,0,10000,10000
055618,麗豐國票98購01  ,0,0,0,0,0,0,0,0,0,10000,0,0,0,10000,0,10000,10000
055585,國巨元大98購08  ,0,0,0,0,0,0,0,0,0,10000,0,0,0,10000,0,10000,10000
050378,上証2X群益98購02,0,0,0,0,0,0,0,0,0,10000,0,0,0,10000,0,10000,10000
051657,台郡元富98購01  ,0,0,0,0,0,0,0,0,0,10000,0,0,0,10000,0,10000,10000
056375,玉晶光統一01購01,0,0,0,0,0,0,0,0,0,10000,0,0,0,10000,0,10000,10000
056385,創意國泰99購01  ,0,0,0,0,0,0,0,0,0,10000,0,0,0,10000,0,10000,10000
056472,美律元大99購03  ,0,0,0,0,0,0,0,0,0,10000,0,0,0,10000,0,10000,10000
056140,康控元大98購01  ,0,0,0,0,0,0,0,0,0,10000,0,0,0,10000,0,10000,10000
03680C,臺股指凱基9A牛26,0,0,0,0,0,0,0,0,0,10000,0,0,0,11000,1000,10000,10000
054793,牧德群益9A購01  ,0,0,0,0,0,0,0,0,0,10000,0,0,0,10000,0,10000,10000
054301,楠梓電凱基98購01,0,0,0,0,0,0,0,0,0,10000,0,0,0,10000,0,10000,10000
057542,上銀凱基99購01  ,0,0,0,0,0,0,0,0,0,10000,0,0,0,10000,0,10000,10000
057566,欣興富邦99購01  ,0,0,0,0,0,0,0,0,0,10000,0,0,0,10000,0,10000,10000
05749P,臺股指群益99售03,0,0,0,0,0,0,0,0,0,10000,0,0,0,10000,0,10000,10000
057533,晶相光元大98購02,0,0,0,0,0,0,0,0,0,10000,0,0,0,10000,0,10000,10000
057529,嘉晶元大99購02  ,0,0,0,0,0,0,0,0,0,10000,0,0,0,12000,2000,10000,10000
057530,奇鋐元大99購01  ,0,0,0,0,0,0,0,0,0,10000,0,0,0,10000,0,10000,10000
057466,泰鼎永豐98購01  ,0,0,0,0,0,0,0,0,0,10000,0,0,0,10000,0,10000,10000
00713,元大台灣高息低波,0,0,0,0,0,0,0,0,0,10000,0,0,0,23000,13000,10000,10000
0054,元大台商50      ,0,0,0,0,0,0,0,0,0,10000,0,0,0,11000,1000,10000,10000
03052P,台灣50第一01售01,0,0,0,0,0,0,0,0,0,10000,0,0,0,10000,0,10000,10000
03091P,臺股指元大01售20,0,0,0,0,0,0,0,0,0,10000,0,0,0,10000,0,10000,10000
03029X,元展26          ,0,0,0,0,0,0,0,0,0,10000,0,0,0,10000,0,10000,10000
056977,國巨群益9A購01  ,0,0,0,0,0,0,0,0,0,10000,0,0,0,10000,0,10000,10000
03023P,玉晶光群益02售27,0,0,0,0,0,0,0,0,0,10000,0,0,0,10000,0,10000,10000
03021P,玉晶光群益02售25,0,0,0,0,0,0,0,0,0,10000,0,0,0,10000,0,10000,10000
03357P,大立光兆豐03售03,0,0,0,0,0,0,0,0,0,10000,0,0,0,10000,0,10000,10000
03133P,聯電中信01售02  ,0,0,0,0,0,0,0,0,0,10000,0,0,0,10000,0,10000,10000
03204P,台積電凱基01售28,0,0,0,0,0,0,0,0,0,10000,0,0,0,11000,1000,10000,10000
03187P,聯發科元大01售33,0,0,0,0,0,0,0,0,0,10000,0,0,0,19000,9000,10000,10000
03190P,日月光元大01售05,0,0,0,0,0,0,0,0,0,10000,0,0,0,10000,0,10000,10000
057355,彩晶統一98購03  ,0,0,0,0,0,0,0,0,0,10000,0,0,0,10000,0,10000,10000
057028,台郡凱基99購02  ,0,0,0,0,0,0,0,0,0,10000,0,0,0,10000,0,10000,10000
057149,京鼎國票99購02  ,0,0,0,0,0,0,0,0,0,10000,0,0,0,10000,0,10000,10000
064417,創意中信9C購01  ,0,0,0,0,0,0,0,0,0,10000,0,0,0,23000,13000,10000,10000
064410,超眾凱基02購01  ,0,0,0,0,0,0,0,0,0,10000,0,0,0,65000,55000,10000,10000
061547,禾伸堂群益9A購01,0,0,0,0,0,0,0,0,0,10000,0,0,0,10000,0,10000,10000
062471,國泰金凱基9B購02,0,0,0,0,0,0,0,0,0,10000,0,0,0,10000,0,10000,10000
063211,道瓊銀國票9B購01,0,0,0,0,0,0,0,0,0,10000,0,0,0,31000,21000,10000,10000
064801,鴻海元大9C購13  ,0,0,0,0,0,0,0,0,0,10000,0,0,0,85000,75000,10000,10000
064852,智邦台新9C購04  ,0,0,0,0,0,0,0,0,0,10000,0,0,0,20000,10000,10000,10000
064880,神達兆豐9C購01  ,0,0,0,0,0,0,0,0,0,10000,0,0,0,40000,30000,10000,10000
064496,聯發科元大9C購10,0,0,0,0,0,0,0,0,0,10000,0,0,0,10000,0,10000,10000
064640,和大凱基03購01  ,0,0,0,0,0,0,0,0,0,10000,0,0,0,10000,0,10000,10000
064698,致伸群益9C購01  ,0,0,0,0,0,0,0,0,0,10000,0,0,0,10000,0,10000,10000
064742,奇鋐國票01購02  ,0,0,0,0,0,0,0,0,0,10000,0,0,0,111000,101000,10000,10000
064728,健策統一9C購04  ,0,0,0,0,0,0,0,0,0,10000,0,0,0,10000,0,10000,10000
062746,致伸永豐9B購01  ,0,0,0,0,0,0,0,0,0,10000,0,0,0,10000,0,10000,10000
062751,華擎中信9C購01  ,0,0,0,0,0,0,0,0,0,10000,0,0,0,10000,0,10000,10000
062577,泰鼎群益9B購01  ,0,0,0,0,0,0,0,0,0,10000,0,0,0,20000,10000,10000,10000
062769,臺股指凱基9B購13,0,0,0,0,0,0,0,0,0,10000,0,0,0,35000,25000,10000,10000
061351,智伸科元大9A購01,0,0,0,0,0,0,0,0,0,10000,0,0,0,10000,0,10000,10000
061373,華通富邦9A購02  ,0,0,0,0,0,0,0,0,0,10000,0,0,0,10000,0,10000,10000
062305,遠東新凱基9B購01,0,0,0,0,0,0,0,0,0,10000,0,0,0,10000,0,10000,10000
062349,新日興群益9B購02,0,0,0,0,0,0,0,0,0,10000,0,0,0,11000,1000,10000,10000
062361,智邦元大9B購06  ,0,0,0,0,0,0,0,0,0,10000,0,0,0,18000,8000,10000,10000
062354,台達電元大9B購01,0,0,0,0,0,0,0,0,0,10000,0,0,0,10000,0,10000,10000
061422,台積電元大9A購30,0,0,0,0,0,0,0,0,0,10000,0,0,0,10000,0,10000,10000
060877,華邦電中信02購01,0,0,0,0,0,0,0,0,0,10000,0,0,0,10000,0,10000,10000
060862,美律永豐9A購01  ,0,0,0,0,0,0,0,0,0,10000,0,0,0,10000,0,10000,10000
060896,晶技凱基9A購02  ,0,0,0,0,0,0,0,0,0,10000,0,0,0,10000,0,10000,10000
060788,嘉晶富邦9B購01  ,0,0,0,0,0,0,0,0,0,10000,0,0,0,10000,0,10000,10000
060769,國巨麥證9A購02  ,0,0,0,11000,1000,10000,0,0,0,10000,0,0,0,12000,2000,10000,10000
063800,玉晶光凱基9C購02,0,0,0,0,0,0,0,0,0,10000,0,0,0,13000,3000,10000,10000
061923,友達凱基9B購04  ,0,0,0,0,0,0,0,0,0,10000,0,0,0,10000,0,10000,10000
061912,台積電中信05購05,0,0,0,0,0,0,0,0,0,10000,0,0,0,10000,0,10000,10000
064207,國巨凱基03購02  ,0,0,0,0,0,0,0,0,0,10000,0,0,0,10000,0,10000,10000
062062,貿聯統一01購01  ,0,0,0,0,0,0,0,0,0,10000,0,0,0,71000,61000,10000,10000
061237,晶技元大9A購01  ,0,0,0,0,0,0,0,0,0,10000,0,0,0,10000,0,10000,10000
061201,FBVIX元大01購03 ,0,0,0,0,0,0,0,0,0,10000,0,0,0,10000,0,10000,10000
061793,上銀永豐9B購01  ,0,0,0,0,0,0,0,0,0,10000,0,0,0,10000,0,10000,10000
061708,同欣電國票9A購02,0,0,0,0,0,0,0,0,0,10000,0,0,0,10000,0,10000,10000
061651,世紀鋼元大9C購02,0,0,0,0,0,0,0,0,0,10000,0,0,0,10000,0,10000,10000
063966,大毅國票01購01  ,0,0,0,0,0,0,0,0,0,10000,0,0,0,22000,12000,10000,10000
063912,信邦凱基01購01  ,0,0,0,0,0,0,0,0,0,10000,0,0,0,10000,0,10000,10000
063945,京元電元大9C購01,0,0,0,0,0,0,0,0,0,10000,0,0,0,10000,0,10000,10000
063950,信邦元大9C購01  ,0,0,0,0,0,0,0,0,0,10000,0,0,0,60000,50000,10000,10000
063957,臻鼎元大9C購01  ,0,0,0,0,0,0,0,0,0,10000,0,0,0,10000,0,10000,10000
063917,南六凱基02購01  ,0,0,0,0,0,0,0,0,0,10000,0,0,0,10000,0,10000,10000
063724,亞德客元大9B購03,0,0,0,0,0,0,0,0,0,10000,0,0,0,60000,50000,10000,10000
063716,旺宏兆豐9B購01  ,0,0,0,0,0,0,0,0,0,10000,0,0,0,15000,5000,10000,10000
063678,友達國泰9C購01  ,0,0,0,0,0,0,0,0,0,10000,0,0,0,10000,0,10000,10000
063848,大立光元大9C購09,0,0,0,0,0,0,0,0,0,10000,0,0,0,10000,0,10000,10000
063121,友達元大9C購09  ,0,0,0,0,0,0,0,0,0,10000,0,0,0,10000,0,10000,10000
063335,道瓊銀統一9C購01,0,0,0,0,0,0,0,0,0,10000,0,0,0,10000,0,10000,10000
063314,美律群益9B購01  ,0,0,0,0,0,0,0,0,0,10000,0,0,0,10000,0,10000,10000
062929,SP黃豆統一9B購01,0,0,0,0,0,0,0,0,0,10000,0,0,0,10000,0,10000,10000
066340,敦泰永豐01購01  ,0,0,0,0,0,0,0,0,0,10000,0,0,0,23000,13000,10000,10000
066603,台達電富邦05購01,0,0,0,0,0,0,0,0,0,10000,0,0,0,30000,20000,10000,10000
06660P,大立光富邦9B售03,0,0,0,0,0,0,0,0,0,10000,0,0,0,10000,0,10000,10000
066709,聚碩群益01購01  ,0,0,0,0,0,0,0,0,0,10000,0,0,0,10000,0,10000,10000
066865,滬深2X元富01購02,0,0,0,0,0,0,0,0,0,10000,0,0,0,10000,0,10000,10000
06688P,鴻海中信02售01  ,0,0,0,0,0,0,0,0,0,10000,0,0,0,10000,0,10000,10000
067545,矽格群益01購02  ,0,0,0,0,0,0,0,0,0,10000,0,0,0,10000,0,10000,10000
067379,新日興統一03購01,0,0,0,0,0,0,0,0,0,10000,0,0,0,10000,0,10000,10000
067291,可成兆豐01購01  ,0,0,0,0,0,0,0,0,0,10000,0,0,0,10000,0,10000,10000
066971,滬深2X群益03購03,0,0,0,0,0,0,0,0,0,10000,0,0,0,10000,0,10000,10000
066978,國巨群益01購03  ,0,0,0,0,0,0,0,0,0,10000,0,0,0,10000,0,10000,10000
067039,生達凱基01購01  ,0,0,0,0,0,0,0,0,0,10000,0,0,0,10000,0,10000,10000
067020,臺指反中信03購02,0,0,0,0,0,0,0,0,0,10000,0,0,0,10000,0,10000,10000
067018,FB上証中信02購01,0,0,0,0,0,0,0,0,0,10000,0,0,0,10000,0,10000,10000
066185,松翰凱基01購01  ,0,0,0,0,0,0,0,0,0,10000,0,0,0,10000,0,10000,10000
066225,松翰國泰03購01  ,0,0,0,0,0,0,0,0,0,10000,0,0,0,110000,100000,10000,10000
066230,南帝富邦02購01  ,0,0,0,0,0,0,0,0,0,10000,0,0,0,10000,0,10000,10000
065958,T50反1元大01購01,0,0,0,0,0,0,0,0,0,10000,0,0,0,10000,0,10000,10000
066049,奇鋐元大02購01  ,0,0,0,0,0,0,0,0,0,10000,0,0,0,11000,1000,10000,10000
066067,台積電凱基02購05,0,0,0,0,0,0,0,0,0,10000,0,0,0,10000,0,10000,10000
066063,南電元大01購04  ,0,0,0,0,0,0,0,0,0,10000,0,0,0,10000,0,10000,10000
066070,金像電凱基01購03,0,0,0,0,0,0,0,0,0,10000,0,0,0,20000,10000,10000,10000
065641,台積電元大9C購12,0,0,0,0,0,0,0,0,0,10000,0,0,0,10000,0,10000,10000
065644,義隆元大9C購08  ,0,0,0,0,0,0,0,0,0,10000,0,0,0,10000,0,10000,10000
065612,聯茂元大9C購07  ,0,0,0,0,0,0,0,0,0,10000,0,0,0,10000,0,10000,10000
065766,南電元大9C購08  ,0,0,0,0,0,0,0,0,0,10000,0,0,0,10000,0,10000,10000
065894,漢翔統一03購01  ,0,0,0,0,0,0,0,0,0,10000,0,0,0,10000,0,10000,10000
065870,正崴群益02購01  ,0,0,0,0,0,0,0,0,0,10000,0,0,0,10000,0,10000,10000
065918,可成凱基01購01  ,0,0,0,0,0,0,0,0,0,10000,0,0,0,21000,11000,10000,10000
065161,矽格群益9C購01  ,0,0,0,0,0,0,0,0,0,10000,0,0,0,20000,10000,10000,10000
064539,玉晶光麥證01購01,0,0,0,10000,0,10000,0,0,0,10000,0,0,0,10000,0,10000,10000
064564,義隆群益9C購02  ,0,0,0,0,0,0,0,0,0,10000,0,0,0,10000,0,10000,10000
064906,台表科群益9C購02,0,0,0,0,0,0,0,0,0,10000,0,0,0,10000,0,10000,10000
064924,健策統一9C購05  ,0,0,0,0,0,0,0,0,0,10000,0,0,0,10000,0,10000,10000
065308,葡萄王國票01購01,0,0,0,0,0,0,0,0,0,10000,0,0,0,10000,0,10000,10000
065364,國巨元大9C購18  ,0,0,0,0,0,0,0,0,0,10000,0,0,0,10000,0,10000,10000
2038,海光            ,46000,36000,10000,0,0,0,0,0,0,0,0,0,0,0,0,0,10000
1432,大魯閣          ,10000,0,10000,0,0,0,0,0,0,0,0,0,0,0,0,0,10000
08987P,臻鼎元富07售02  ,0,0,0,0,0,0,0,0,0,10000,0,0,0,20000,10000,10000,10000
08999P,玉晶光群益02售16,0,0,0,0,0,0,0,0,0,10000,0,0,0,10000,0,10000,10000
08849P,國巨群益01售07  ,0,0,0,0,0,0,0,0,0,10000,0,0,0,10000,0,10000,10000
08859P,奇鋐國票03售01  ,0,0,0,0,0,0,0,0,0,10000,0,0,0,10000,0,10000,10000
08914P,臺股指凱基01售05,0,0,0,0,0,0,0,0,0,10000,0,0,0,10000,0,10000,10000
08879P,台積電凱基01售12,0,0,0,0,0,0,0,0,0,10000,0,0,0,10000,0,10000,10000
08900P,聯發科群益01售07,0,0,0,0,0,0,0,0,0,10000,0,0,0,20000,10000,10000,10000
4720,德淵            ,22000,20000,2000,0,0,0,0,0,0,8000,14000,6000,8000,0,0,0,10000
08159P,日月光元富9B售01,0,0,0,0,0,0,0,0,0,9000,0,0,0,120000,111000,9000,9000
08666P,智邦國票02售01  ,0,0,0,0,0,0,0,0,0,9000,0,0,0,197000,188000,9000,9000
067788,致伸群益03購02  ,0,0,0,0,0,0,0,0,0,9000,0,0,0,10000,1000,9000,9000
067813,晶技凱基01購03  ,0,0,0,0,0,0,0,0,0,9000,0,0,0,9000,0,9000,9000
068045,滬深2X統一03購01,0,0,0,0,0,0,0,0,0,9000,0,0,0,10000,1000,9000,9000
068304,台積電國票03購01,0,0,0,0,0,0,0,0,0,9000,0,0,0,16000,7000,9000,9000
068573,矽格元大01購06  ,0,0,0,0,0,0,0,0,0,9000,0,0,0,79000,70000,9000,9000
068708,新光金國票02購01,0,0,0,0,0,0,0,0,0,9000,0,0,0,350000,341000,9000,9000
01003T,兆豐新光R1      ,10000,1000,9000,0,0,0,0,0,0,0,0,0,0,0,0,0,9000
057578,可成中信99購01  ,0,0,0,0,0,0,0,0,0,9000,0,0,0,190000,181000,9000,9000
03455B,臺股指凱基03熊06,0,0,0,0,0,0,0,0,0,9000,0,0,0,10000,1000,9000,9000
055891,鴻海統一9A購01  ,0,0,0,0,0,0,0,0,0,9000,0,0,0,9000,0,9000,9000
057722,臺股指元富98購01,0,0,0,0,0,0,0,0,0,9000,0,0,0,9000,0,9000,9000
056764,友達元大9A購03  ,0,0,0,0,0,0,0,0,0,9000,0,0,0,107000,98000,9000,9000
056643,奇力新凱基99購01,0,0,0,0,0,0,0,0,0,9000,0,0,0,10000,1000,9000,9000
059259,FBVIX中信03購06 ,0,0,0,0,0,0,0,0,0,9000,0,0,0,21000,12000,9000,9000
064172,義隆元富9C購01  ,0,0,0,0,0,0,0,0,0,9000,0,0,0,12000,3000,9000,9000
064299,宏碁兆豐9C購01  ,0,0,0,0,0,0,0,0,0,9000,0,0,0,29000,20000,9000,9000
058572,百和凱基9A購01  ,0,0,0,0,0,0,0,0,0,9000,0,0,0,20000,11000,9000,9000
058630,日月光國票9A購01,0,0,0,0,0,0,0,0,0,9000,0,0,0,191000,182000,9000,9000
060022,勤誠康和99購01  ,0,0,0,0,0,0,0,0,0,9000,0,0,0,9000,0,9000,9000
058293,光寶科凱基9A購01,0,0,0,0,0,0,0,0,0,9000,0,0,0,9000,0,9000,9000
063256,鴻海國泰01購02  ,0,0,0,0,0,0,0,0,0,9000,0,0,0,44000,35000,9000,9000
063432,金寶元富9B購01  ,0,0,0,0,0,0,0,0,0,9000,0,0,0,14000,5000,9000,9000
063707,儒鴻凱基9C購01  ,0,0,0,0,0,0,0,0,0,9000,0,0,0,214000,205000,9000,9000
061612,南六統一9A購01  ,0,0,0,0,0,0,0,0,0,9000,0,0,0,31000,22000,9000,9000
061971,力山元大9C購02  ,0,0,0,0,0,0,0,0,0,9000,0,0,0,16000,7000,9000,9000
061416,聯茂群益9A購01  ,0,0,0,0,0,0,0,0,0,9000,0,0,0,9000,0,9000,9000
061086,FBVIX統一01購01 ,0,0,0,0,0,0,0,0,0,9000,0,0,0,9000,0,9000,9000
064511,GIS元大9C購05   ,0,0,0,0,0,0,0,0,0,9000,0,0,0,182000,173000,9000,9000
062414,臻鼎中信01購01  ,0,0,0,0,0,0,0,0,0,9000,0,0,0,12000,3000,9000,9000
062436,國巨元大9B購14  ,0,0,0,0,0,0,0,0,0,9000,0,0,0,9000,0,9000,9000
064603,和碩元富9C購01  ,0,0,0,0,0,0,0,0,0,9000,0,0,0,9000,0,9000,9000
065336,華新統一02購01  ,0,0,0,0,0,0,0,0,0,9000,0,0,0,9000,0,9000,9000
064887,嘉晶中信9C購02  ,0,0,0,0,0,0,0,0,0,9000,0,0,0,69000,60000,9000,9000
065818,奇鋐元富9C購01  ,0,0,0,0,0,0,0,0,0,9000,0,0,0,59000,50000,9000,9000
067192,矽格凱基01購03  ,0,0,0,0,0,0,0,0,0,9000,0,0,0,9000,0,9000,9000
06722P,臺股指中信9A售04,0,0,0,0,0,0,0,0,0,9000,0,0,0,9000,0,9000,9000
067311,欣興元大01購06  ,0,0,0,0,0,0,0,0,0,9000,0,0,0,9000,0,9000,9000
4989,榮科            ,18000,7000,11000,0,0,0,0,0,0,-2000,0,2000,-2000,0,0,0,9000
2838A,聯邦銀甲特      ,0,0,0,0,0,0,0,0,0,9000,9000,0,9000,0,0,0,9000
1218,泰山            ,209000,220000,-11000,0,0,0,0,0,0,20000,0,0,0,20000,0,20000,9000
1903,士紙            ,62000,53000,9000,0,0,0,0,0,0,0,0,0,0,0,0,0,9000
1616,億泰            ,9000,0,9000,0,0,0,0,0,0,0,0,0,0,0,0,0,9000
2612,中航            ,28000,19000,9000,0,0,0,0,0,0,0,0,0,0,0,0,0,9000
00743,國泰中國A150    ,0,0,0,0,0,0,0,0,0,8496,0,0,0,21000,12504,8496,8496
068650,神隆元大02購02  ,0,0,0,0,0,0,0,0,0,8000,0,0,0,8000,0,8000,8000
068275,健策永豐01購04  ,0,0,0,0,0,0,0,0,0,8000,0,0,0,18000,10000,8000,8000
068345,聯發科麥證01購09,0,0,0,8000,0,8000,0,0,0,8000,0,0,0,8000,0,8000,8000
068096,聯電富邦03購01  ,0,0,0,0,0,0,0,0,0,8000,0,0,0,11000,3000,8000,8000
067633,致茂永豐01購02  ,0,0,0,0,0,0,0,0,0,8000,0,0,0,20000,12000,8000,8000
08403P,上銀元大9C售07  ,0,0,0,0,0,0,0,0,0,8000,0,0,0,10000,2000,8000,8000
08441P,同欣電元富9C售01,0,0,0,0,0,0,0,0,0,8000,0,0,0,102000,94000,8000,8000
08128P,聯發科元大9B售22,0,0,0,0,0,0,0,0,0,8000,0,0,0,8000,0,8000,8000
08248P,旺宏群益9C售02  ,0,0,0,0,0,0,0,0,0,8000,0,0,0,38000,30000,8000,8000
069248,聯發科凱基02購08,0,0,0,0,0,0,0,0,0,8000,0,0,0,8000,0,8000,8000
07011P,宏達電凱基99售02,0,0,0,0,0,0,0,0,0,8000,0,0,0,8000,0,8000,8000
068956,嘉聯益凱基02購01,0,0,0,0,0,0,0,0,0,8000,0,0,0,8000,0,8000,8000
069080,聯發科凱基03購07,0,0,0,0,0,0,0,0,0,8000,0,0,0,8000,0,8000,8000
00711B,FH彭博新興債    ,0,0,0,0,0,0,0,0,0,8000,0,0,0,159000,151000,8000,8000
00706L,元大S&P日圓正2  ,0,0,0,0,0,0,0,0,0,8000,0,0,0,9000,1000,8000,8000
00654R,富邦印度反1     ,0,0,0,0,0,0,0,0,0,8000,0,0,0,11000,3000,8000,8000
053891,欣興群益98購01  ,0,0,0,0,0,0,0,0,0,8000,0,0,0,8000,0,8000,8000
054891,聯鈞統一99購02  ,0,0,0,0,0,0,0,0,0,8000,0,0,0,8000,0,8000,8000
05748P,臺股指群益99售02,0,0,0,0,0,0,0,0,0,8000,0,0,0,8000,0,8000,8000
057494,玉晶光元大99購09,0,0,0,0,0,0,0,0,0,8000,0,0,0,29000,21000,8000,8000
058157,華通台新99購01  ,0,0,0,0,0,0,0,0,0,8000,0,0,0,8000,0,8000,8000
058958,台表科國票9A購03,0,0,0,0,0,0,0,0,0,8000,0,0,0,8000,0,8000,8000
059968,世紀鋼凱基99購03,0,0,0,0,0,0,0,0,0,8000,0,0,0,8000,0,8000,8000
064336,可成元大9C購06  ,0,0,0,0,0,0,0,0,0,8000,0,0,0,15000,7000,8000,8000
060341,國巨統一9C購02  ,0,0,0,0,0,0,0,0,0,8000,0,0,0,10000,2000,8000,8000
062450,臻鼎元大9B購02  ,0,0,0,0,0,0,0,0,0,8000,0,0,0,8000,0,8000,8000
064779,義隆群益9C購03  ,0,0,0,0,0,0,0,0,0,8000,0,0,0,58000,50000,8000,8000
061421,台積電元大9A購29,0,0,0,0,0,0,0,0,0,8000,0,0,0,28000,20000,8000,8000
061190,力山永豐9A購02  ,0,0,0,0,0,0,0,0,0,8000,0,0,0,8000,0,8000,8000
064018,儒鴻元大9C購02  ,0,0,0,0,0,0,0,0,0,8000,0,0,0,55000,47000,8000,8000
061663,南六永豐9A購05  ,0,0,0,0,0,0,0,0,0,8000,0,0,0,84000,76000,8000,8000
063338,國巨統一9C購11  ,0,0,0,0,0,0,0,0,0,8000,0,0,0,8000,0,8000,8000
062873,國巨兆豐9C購01  ,0,0,0,0,0,0,0,0,0,8000,0,0,0,8000,0,8000,8000
067152,義隆統一02購03  ,0,0,0,0,0,0,0,0,0,8000,0,0,0,65000,57000,8000,8000
067159,上証2X國票02購01,0,0,0,0,0,0,0,0,0,8000,0,0,0,10000,2000,8000,8000
065775,神隆國泰03購01  ,0,0,0,0,0,0,0,0,0,8000,0,0,0,29000,21000,8000,8000
065624,聯詠中信9C購01  ,0,0,0,0,0,0,0,0,0,8000,0,0,0,18000,10000,8000,8000
065012,燿華國泰02購01  ,0,0,0,0,0,0,0,0,0,8000,0,0,0,10000,2000,8000,8000
065040,燿華凱基9C購01  ,0,0,0,0,0,0,0,0,0,8000,0,0,0,63000,55000,8000,8000
065218,世芯國泰02購02  ,0,0,0,0,0,0,0,0,0,8000,0,0,0,8000,0,8000,8000
065448,緯創統一9C購01  ,0,0,0,0,0,0,0,0,0,8000,0,0,0,13000,5000,8000,8000
1340,勝悅-KY         ,19000,11000,8000,0,0,0,0,0,0,0,0,0,0,0,0,0,8000
1337,再生-KY         ,40000,32000,8000,0,0,0,0,0,0,0,0,0,0,0,0,0,8000
08979P,電子類群益01售01,0,0,0,0,0,0,0,0,0,8000,0,0,0,10000,2000,8000,8000
4566,時碩工業        ,13000,5000,8000,0,0,0,0,0,0,0,0,0,0,0,0,0,8000
8210,勤誠            ,244000,222000,22000,0,0,0,0,0,0,-14000,0,1000,-1000,3000,16000,-13000,8000
068948,鴻海凱基02購07  ,0,0,0,0,0,0,0,0,0,7000,0,0,0,72000,65000,7000,7000
068972,力山元大02購01  ,0,0,0,0,0,0,0,0,0,7000,0,0,0,7000,0,7000,7000
067659,滬深2X元大03購05,0,0,0,0,0,0,0,0,0,7000,0,0,0,10000,3000,7000,7000
067798,GIS中信03購01   ,0,0,0,0,0,0,0,0,0,7000,0,0,0,112000,105000,7000,7000
067923,台勝科中信01購01,0,0,0,0,0,0,0,0,0,7000,0,0,0,20000,13000,7000,7000
067943,矽格凱基01購04  ,0,0,0,0,0,0,0,0,0,7000,0,0,0,7000,0,7000,7000
068347,T50反1凱基04購03,0,0,0,0,0,0,0,0,0,7000,0,0,0,127000,120000,7000,7000
068470,台積電群益01購20,0,0,0,0,0,0,0,0,0,7000,0,0,0,16000,9000,7000,7000
068418,微星兆豐03購01  ,0,0,0,0,0,0,0,0,0,7000,0,0,0,67000,60000,7000,7000
068425,道瓊銀凱基04購01,0,0,0,0,0,0,0,0,0,7000,0,0,0,8000,1000,7000,7000
068621,國巨群益02購03  ,0,0,0,0,0,0,0,0,0,7000,0,0,0,7000,0,7000,7000
068558,聯電元大01購07  ,0,0,0,0,0,0,0,0,0,7000,0,0,0,17000,10000,7000,7000
068780,國揚國票03購01  ,0,0,0,0,0,0,0,0,0,7000,0,0,0,9000,2000,7000,7000
060289,京元電元大9A購01,0,0,0,0,0,0,0,0,0,7000,0,0,0,10000,3000,7000,7000
058401,華航元大9A購01  ,0,0,0,0,0,0,0,0,0,7000,0,0,0,298000,291000,7000,7000
058406,聯茂元大99購06  ,0,0,0,0,0,0,0,0,0,7000,0,0,0,7000,0,7000,7000
050797,聯發科中信99購01,0,0,0,0,0,0,0,0,0,7000,0,0,0,7000,0,7000,7000
056165,矽力凱基98購02  ,0,0,0,0,0,0,0,0,0,7000,0,0,0,10000,3000,7000,7000
056219,T50反1日盛02購01,0,0,0,0,0,0,0,0,0,7000,0,0,0,7000,0,7000,7000
057625,泰鼎國泰9A購01  ,0,0,0,0,0,0,0,0,0,7000,0,0,0,7000,0,7000,7000
059691,大立光永豐99購02,0,0,0,0,0,0,0,0,0,7000,0,0,0,7000,0,7000,7000
059780,滬深2X元大9C購06,0,0,0,0,0,0,0,0,0,7000,0,0,0,7000,0,7000,7000
03194P,國巨元富07售14  ,0,0,0,0,0,0,0,0,0,7000,0,0,0,7000,0,7000,7000
00771,元大US高息特別股,0,0,0,0,0,0,0,0,0,7000,0,0,0,7000,0,7000,7000
020016,統一MSCI美科技N ,0,0,0,0,0,0,0,0,0,7000,0,0,0,7000,0,7000,7000
063416,台積電凱基9B購10,0,0,0,0,0,0,0,0,0,7000,0,0,0,12000,5000,7000,7000
063859,國巨國泰01購03  ,0,0,0,0,0,0,0,0,0,7000,0,0,0,34000,27000,7000,7000
062126,創意統一9B購01  ,0,0,0,0,0,0,0,0,0,7000,0,0,0,7000,0,7000,7000
064049,信邦統一01購01  ,0,0,0,0,0,0,0,0,0,7000,0,0,0,8000,1000,7000,7000
064013,創意國票01購01  ,0,0,0,0,0,0,0,0,0,7000,0,0,0,12000,5000,7000,7000
061613,南六統一9C購01  ,0,0,0,0,0,0,0,0,0,7000,0,0,0,15000,8000,7000,7000
064098,正崴群益9C購01  ,0,0,0,0,0,0,0,0,0,7000,0,0,0,10000,3000,7000,7000
064078,台積電中信06購04,0,0,0,0,0,0,0,0,0,7000,0,0,0,7000,0,7000,7000
061235,台積電元大9A購23,0,0,0,0,0,0,0,0,0,7000,0,0,0,7000,0,7000,7000
062228,南六統一02購01  ,0,0,0,0,0,0,0,0,0,7000,0,0,0,24000,17000,7000,7000
064203,康控兆豐9C購02  ,0,0,0,0,0,0,0,0,0,7000,0,0,0,19000,12000,7000,7000
060792,信錦永豐9A購01  ,0,0,0,0,0,0,0,0,0,7000,0,0,0,17000,10000,7000,7000
064659,台達電元大9C購02,0,0,0,0,0,0,0,0,0,7000,0,0,0,7000,0,7000,7000
064706,嘉晶富邦01購01  ,0,0,0,0,0,0,0,0,0,7000,0,0,0,10000,3000,7000,7000
061524,華通凱基9A購07  ,0,0,0,0,0,0,0,0,0,7000,0,0,0,43000,36000,7000,7000
064598,國巨元富9C購03  ,0,0,0,0,0,0,0,0,0,7000,0,0,0,7000,0,7000,7000
061543,南亞科群益9A購01,0,0,0,0,0,0,0,0,0,7000,0,0,0,84000,77000,7000,7000
064572,同欣電群益9C購02,0,0,0,0,0,0,0,0,0,7000,0,0,0,7000,0,7000,7000
065843,瑞昱元大9C購03  ,0,0,0,0,0,0,0,0,0,7000,0,0,0,12000,5000,7000,7000
065856,中租元大9C購03  ,0,0,0,0,0,0,0,0,0,7000,0,0,0,200000,193000,7000,7000
066073,奇鋐凱基01購01  ,0,0,0,0,0,0,0,0,0,7000,0,0,0,10000,3000,7000,7000
066189,和潤凱基01購01  ,0,0,0,0,0,0,0,0,0,7000,0,0,0,7000,0,7000,7000
067241,信邦群益01購01  ,0,0,0,0,0,0,0,0,0,7000,0,0,0,7000,0,7000,7000
067021,正崴中信01購01  ,0,0,0,0,0,0,0,0,0,7000,0,0,0,21000,14000,7000,7000
066279,拓凱元大01購01  ,0,0,0,0,0,0,0,0,0,7000,0,0,0,59000,52000,7000,7000
066308,中化永豐01購01  ,0,0,0,0,0,0,0,0,0,7000,0,0,0,7000,0,7000,7000
6405,悅城            ,13000,5000,8000,0,0,0,0,0,0,-1000,0,1000,-1000,0,0,0,7000
5283,禾聯碩          ,5000,1000,4000,0,0,0,0,0,0,3000,0,0,0,3000,0,3000,7000
2849,安泰銀          ,6000,0,6000,0,0,0,1000,0,1000,0,0,0,0,0,0,0,7000
2701,萬企            ,9000,3000,6000,0,0,0,0,0,0,1000,1000,0,1000,0,0,0,7000
08892P,台積電元大01售27,0,0,0,0,0,0,0,0,0,7000,0,0,0,7000,0,7000,7000
2608,嘉里大榮        ,20000,12000,8000,0,0,0,0,0,0,-1000,0,1000,-1000,0,0,0,7000
2399,映泰            ,71000,62000,9000,0,0,0,0,0,0,-2000,0,2000,-2000,0,0,0,7000
6415,矽力-KY         ,137844,125000,12844,0,0,0,0,3000,-3000,-3000,0,3000,-3000,0,0,0,6844
068512,聯發科統一03購07,0,0,0,0,0,0,0,0,0,6000,0,0,0,16000,10000,6000,6000
068530,瀚宇博元富04購02,0,0,0,0,0,0,0,0,0,6000,0,0,0,106000,100000,6000,6000
068596,亞德客凱基01購03,0,0,0,0,0,0,0,0,0,6000,0,0,0,24000,18000,6000,6000
068487,台積電元大01購46,0,0,0,0,0,0,0,0,0,6000,0,0,0,6000,0,6000,6000
068243,聯電元大02購02  ,0,0,0,0,0,0,0,0,0,6000,0,0,0,6000,0,6000,6000
067925,可成兆豐02購01  ,0,0,0,0,0,0,0,0,0,6000,0,0,0,10000,4000,6000,6000
068030,台積電元富07購10,0,0,0,0,0,0,0,0,0,6000,0,0,0,507000,501000,6000,6000
067850,台郡元富07購01  ,0,0,0,0,0,0,0,0,0,6000,0,0,0,53000,47000,6000,6000
067595,國巨凱基02購04  ,0,0,0,0,0,0,0,0,0,6000,0,0,0,7000,1000,6000,6000
068909,台積電群益02購09,0,0,0,0,0,0,0,0,0,6000,0,0,0,6000,0,6000,6000
068870,美利達中信03購01,0,0,0,0,0,0,0,0,0,6000,0,0,0,6000,0,6000,6000
08261P,玉晶光元大9C售08,0,30000,-30000,0,0,0,0,0,0,36000,0,0,0,36000,0,36000,6000
08291P,智邦台新9C售02  ,0,0,0,0,0,0,0,0,0,6000,0,0,0,6000,0,6000,6000
0055,元大MSCI金融    ,0,0,0,0,0,0,0,0,0,6000,0,0,0,6000,0,6000,6000
03315P,聯發科群益02售12,0,0,0,0,0,0,0,0,0,6000,0,0,0,60000,54000,6000,6000
03051P,玉晶光統一01售14,0,0,0,0,0,0,0,0,0,6000,0,0,0,58000,52000,6000,6000
03188P,聯發科元大01售34,0,0,0,0,0,0,0,0,0,6000,0,0,0,34000,28000,6000,6000
053153,大立光元大99購02,0,0,0,0,0,0,0,0,0,6000,0,0,0,6000,0,6000,6000
056579,麗豐元大99購01  ,0,0,0,0,0,0,0,0,0,6000,0,0,0,6000,0,6000,6000
056232,瑞儀凱基98購01  ,0,0,0,0,0,0,0,0,0,6000,0,0,0,6000,0,6000,6000
050754,元金2X元富9B購01,0,0,0,0,0,0,0,0,0,6000,0,0,0,6000,0,6000,6000
047211,華新科富邦99購01,0,0,0,0,0,0,0,0,0,6000,0,0,0,16000,10000,6000,6000
047505,元金2X國票9B購01,0,0,0,0,0,0,0,0,0,6000,0,0,0,6000,0,6000,6000
055689,台郡凱基99購01  ,0,0,0,0,0,0,0,0,0,6000,0,0,0,16000,10000,6000,6000
057539,南茂元大98購02  ,0,0,0,0,0,0,0,0,0,6000,0,0,0,6000,0,6000,6000
058854,樺漢群益9B購01  ,0,0,0,0,0,0,0,0,0,6000,0,0,0,6000,0,6000,6000
058512,宏達電元大99購04,0,0,0,0,0,0,0,0,0,6000,0,0,0,6000,0,6000,6000
058033,景碩永豐98購02  ,0,0,0,0,0,0,0,0,0,6000,0,0,0,9000,3000,6000,6000
057999,智邦亞東99購02  ,0,0,0,0,0,0,0,0,0,6000,0,0,0,6000,0,6000,6000
060730,台積電群益9A購03,0,0,0,0,0,0,0,0,0,6000,0,0,0,145000,139000,6000,6000
059975,元金2X元大99購02,0,0,0,0,0,0,0,0,0,6000,0,0,0,6000,0,6000,6000
059923,緯穎元大99購09  ,0,0,0,0,0,0,0,0,0,6000,0,0,0,6000,0,6000,6000
060489,世紀鋼群益9A購01,0,0,0,0,0,0,0,0,0,6000,0,0,0,6000,0,6000,6000
057908,國泰金亞東99購01,0,0,0,0,0,0,0,0,0,6000,0,0,0,6000,0,6000,6000
060542,上銀凱基9A購04  ,0,0,0,0,0,0,0,0,0,6000,0,0,0,10000,4000,6000,6000
064189,TPK永豐9C購01   ,0,0,0,0,0,0,0,0,0,6000,0,0,0,6000,0,6000,6000
063025,超眾元大9B購01  ,0,0,0,0,0,0,0,0,0,6000,0,0,0,6000,0,6000,6000
063612,金像電群益9B購04,0,0,0,0,0,0,0,0,0,6000,0,0,0,144000,138000,6000,6000
061549,泰碩群益9A購01  ,0,0,0,0,0,0,0,0,0,6000,0,0,0,6000,0,6000,6000
064605,GIS元富9C購01   ,0,0,0,0,0,0,0,0,0,6000,0,0,0,6000,0,6000,6000
064658,喬山元大9C購01  ,0,0,0,0,0,0,0,0,0,6000,0,0,0,6000,0,6000,6000
061370,晶技國泰9C購01  ,0,0,0,0,0,0,0,0,0,6000,0,0,0,6000,0,6000,6000
064223,日電貿國票01購01,0,0,0,0,0,0,0,0,0,6000,0,0,0,6000,0,6000,6000
064234,正崴統一01購01  ,0,0,0,0,0,0,0,0,0,6000,0,0,0,6000,0,6000,6000
062540,茂林國泰9C購01  ,0,0,0,0,0,0,0,0,0,6000,0,0,0,6000,0,6000,6000
064109,上銀國票01購01  ,0,0,0,0,0,0,0,0,0,6000,0,0,0,10000,4000,6000,6000
064053,祥碩統一02購01  ,0,0,0,0,0,0,0,0,0,6000,0,0,0,6000,0,6000,6000
063570,嘉晶元大9C購02  ,0,0,0,0,0,0,0,0,0,6000,0,0,0,133000,127000,6000,6000
063428,矽創凱基9B購02  ,0,0,0,0,0,0,0,0,0,6000,0,0,0,6000,0,6000,6000
066342,上緯控永豐01購01,0,0,0,0,0,0,0,0,0,6000,0,0,0,6000,0,6000,6000
066460,智原統一03購01  ,0,0,0,0,0,0,0,0,0,6000,0,0,0,84000,78000,6000,6000
066843,台達電元大01購02,0,0,0,0,0,0,0,0,0,6000,0,0,0,62000,56000,6000,6000
066756,長興永豐01購02  ,0,0,0,0,0,0,0,0,0,6000,0,0,0,20000,14000,6000,6000
067160,燿華國票03購01  ,0,0,0,0,0,0,0,0,0,6000,0,0,0,18000,12000,6000,6000
067108,大毅群益01購01  ,0,0,0,0,0,0,0,0,0,6000,0,0,0,23000,17000,6000,6000
067451,嘉晶國票02購01  ,0,0,0,0,0,0,0,0,0,6000,0,0,0,93000,87000,6000,6000
067447,台積電國票02購04,0,0,0,0,0,0,0,0,0,6000,0,0,0,11000,5000,6000,6000
066008,大立光統一03購02,0,0,0,0,0,0,0,0,0,6000,0,0,0,63000,57000,6000,6000
065993,立積永豐01購02  ,0,0,0,0,0,0,0,0,0,6000,0,0,0,6000,0,6000,6000
065929,TPK國票02購01   ,0,0,0,0,0,0,0,0,0,6000,0,0,0,11000,5000,6000,6000
065598,微星元大01購02  ,0,0,0,0,0,0,0,0,0,6000,0,0,0,6000,0,6000,6000
065145,貿聯凱基9C購02  ,0,0,0,0,0,0,0,0,0,6000,0,0,0,6000,0,6000,6000
065093,新日興元大9C購03,0,0,0,0,0,0,0,0,0,6000,0,0,0,68000,62000,6000,6000
5706,鳳凰            ,9000,3000,6000,0,0,0,0,0,0,0,0,0,0,0,0,0,6000
5288,豐祥-KY         ,81000,114000,-33000,0,0,0,48000,0,48000,-9000,0,9000,-9000,0,0,0,6000
9941A,裕融甲特        ,0,0,0,0,0,0,0,0,0,6000,6000,0,6000,0,0,0,6000
9942,茂順            ,6000,0,6000,0,0,0,0,0,0,0,0,0,0,0,0,0,6000
2617,台航            ,88000,74000,14000,0,0,0,0,0,0,-8000,0,8000,-8000,0,0,0,6000
2527,宏璟            ,54000,47000,7000,0,0,0,0,0,0,-1000,0,1000,-1000,0,0,0,6000
1773,勝一            ,25000,22000,3000,0,0,0,0,0,0,3000,4000,1000,3000,0,0,0,6000
2007,燁興            ,4000,0,4000,0,0,0,0,0,0,2000,2000,0,2000,0,0,0,6000
08885P,台積電國泰03售02,0,0,0,0,0,0,0,0,0,6000,0,0,0,10000,4000,6000,6000
08863P,台積電元大01售25,0,0,0,0,0,0,0,0,0,6000,0,0,0,6000,0,6000,6000
1225,福懋油          ,17000,11000,6000,0,0,0,0,0,0,0,0,0,0,0,0,0,6000
1434,福懋            ,900000,975000,-75000,0,0,0,0,0,0,81000,0,9000,-9000,90000,0,90000,6000
08308P,聯發科凱基01售03,0,0,0,0,0,0,0,0,0,5000,0,0,0,10000,5000,5000,5000
08231P,上銀元富9B售10  ,0,0,0,0,0,0,0,0,0,5000,0,0,0,220000,215000,5000,5000
08156P,大立光元富9B售05,0,0,0,0,0,0,0,0,0,5000,0,0,0,85000,80000,5000,5000
07744P,奇力新凱基9A售05,0,0,0,0,0,0,0,0,0,5000,0,0,0,5000,0,5000,5000
07895P,美律元大9B售01  ,0,0,0,0,0,0,0,0,0,5000,0,0,0,5000,0,5000,5000
07941P,國巨凱基9B售07  ,0,0,0,0,0,0,0,0,0,5000,0,0,0,5000,0,5000,5000
08528P,台勝科元大9C售02,0,0,0,0,0,0,0,0,0,5000,0,0,0,5000,0,5000,5000
08564P,國巨群益9C售15  ,0,0,0,0,0,0,0,0,0,5000,0,0,0,5000,0,5000,5000
08608P,臺股指富邦9C售06,0,0,0,0,0,0,0,0,0,5000,0,0,0,5000,0,5000,5000
08622P,緯創群益9C售03  ,0,0,0,0,0,0,0,0,0,5000,0,0,0,5000,0,5000,5000
068965,泰碩群益02購01  ,0,0,0,0,0,0,0,0,0,5000,0,0,0,5000,0,5000,5000
06970P,旺宏元大99售08  ,0,0,0,0,0,0,0,0,0,5000,0,0,0,5000,0,5000,5000
07080P,健策群益9A售01  ,0,0,0,0,0,0,0,0,0,5000,0,0,0,5000,0,5000,5000
07202P,台灣50凱基9C售04,0,0,0,0,0,0,0,0,0,5000,0,0,0,5000,0,5000,5000
07482P,南亞科元富9A售04,0,0,0,0,0,0,0,0,0,5000,0,0,0,5000,0,5000,5000
07505P,台勝科元大9A售01,0,0,0,0,0,0,0,0,0,5000,0,0,0,5000,0,5000,5000
067852,大毅國票02購01  ,0,0,0,0,0,0,0,0,0,5000,0,0,0,5000,0,5000,5000
067858,上証2X元大01購06,0,0,0,0,0,0,0,0,0,5000,0,0,0,15000,10000,5000,5000
067863,國巨元大02購05  ,0,0,0,0,0,0,0,0,0,5000,0,0,0,70000,65000,5000,5000
067772,超眾統一03購02  ,0,0,0,0,0,0,0,0,0,5000,0,0,0,15000,10000,5000,5000
068194,致茂凱基01購02  ,0,0,0,0,0,0,0,0,0,5000,0,0,0,5000,0,5000,5000
067882,A50正2群益01購06,0,0,0,0,0,0,0,0,0,5000,0,0,0,5000,0,5000,5000
067885,台積電群益02購02,0,0,0,0,0,0,0,0,0,5000,0,0,0,5000,0,5000,5000
068026,華通元富07購01  ,0,0,0,0,0,0,0,0,0,5000,0,0,0,10000,5000,5000,5000
068279,台灣50中信04購04,0,0,0,0,0,0,0,0,0,5000,0,0,0,5000,0,5000,5000
068747,台積電群益02購05,0,0,0,0,0,0,0,0,0,5000,0,0,0,5000,0,5000,5000
063629,台積電元大9B購08,0,0,0,0,0,0,0,0,0,5000,0,0,0,5000,0,5000,5000
063639,華擎元大9C購03  ,0,0,0,0,0,0,0,0,0,5000,0,0,0,5000,0,5000,5000
062996,致茂國票9C購01  ,0,0,0,0,0,0,0,0,0,5000,0,0,0,5000,0,5000,5000
064348,TPK元大9C購03   ,0,0,0,0,0,0,0,0,0,5000,0,0,0,5000,0,5000,5000
064157,健鼎統一01購02  ,0,0,0,0,0,0,0,0,0,5000,0,0,0,147000,142000,5000,5000
064359,華通統一9C購05  ,0,0,0,0,0,0,0,0,0,5000,0,0,0,17000,12000,5000,5000
064284,京鼎元大9C購01  ,0,0,0,0,0,0,0,0,0,5000,0,0,0,47000,42000,5000,5000
057731,華擎國泰9A購02  ,0,0,0,0,0,0,0,0,0,5000,0,0,0,5000,0,5000,5000
059015,華通元富99購02  ,0,0,0,0,0,0,0,0,0,5000,0,0,0,5000,0,5000,5000
060011,臺股指群益9C購06,0,0,0,0,0,0,0,0,0,5000,0,0,0,5000,0,5000,5000
058654,鴻海中信03購01  ,0,0,0,0,0,0,0,0,0,5000,0,0,0,15000,10000,5000,5000
058732,矽格永豐99購01  ,0,0,0,0,0,0,0,0,0,5000,0,0,0,15000,10000,5000,5000
058710,臺股指元大9A購23,0,0,0,0,0,0,0,0,0,5000,0,0,0,5000,0,5000,5000
060621,玉晶光元大9A購05,0,0,0,0,0,0,0,0,0,5000,0,0,0,7000,2000,5000,5000
057949,南電國票99購01  ,0,0,0,0,0,0,0,0,0,5000,0,0,0,6000,1000,5000,5000
058314,欣興富邦9B購01  ,0,0,0,0,0,0,0,0,0,5000,0,0,0,5000,0,5000,5000
058529,S&P正2元富9B購01,0,0,0,0,0,0,0,0,0,5000,0,0,0,5000,0,5000,5000
058875,台表科國票9A購02,0,0,0,0,0,0,0,0,0,5000,0,0,0,7000,2000,5000,5000
058876,南電國票9A購02  ,0,0,0,0,0,0,0,0,0,5000,0,0,0,6000,1000,5000,5000
058323,泰鼎永豐9A購01  ,0,0,0,0,0,0,0,0,0,5000,0,0,0,75000,70000,5000,5000
054152,漢唐國泰98購02  ,0,0,0,0,0,0,0,0,0,5000,0,0,0,5000,0,5000,5000
057500,神達群益98購01  ,0,0,0,0,0,0,0,0,0,5000,0,0,0,5000,0,5000,5000
057523,大成鋼元大99購01,0,0,0,0,0,0,0,0,0,5000,0,0,0,25000,20000,5000,5000
054826,復盛元大9A購01  ,0,0,0,0,0,0,0,0,0,5000,0,0,0,5000,0,5000,5000
054811,裕隆元大9A購01  ,0,0,0,0,0,0,0,0,0,5000,0,0,0,30000,25000,5000,5000
054204,元金2X國票9B購02,0,0,0,0,0,0,0,0,0,5000,0,0,0,5000,0,5000,5000
055696,華新科國票98購01,0,0,0,0,0,0,0,0,0,5000,0,0,0,5000,0,5000,5000
055661,亞德客中信98購01,0,0,0,0,0,0,0,0,0,5000,0,0,0,5000,0,5000,5000
046949,群創元大99購01  ,0,0,0,0,0,0,0,0,0,5000,0,0,0,5000,0,5000,5000
055842,建準元大98購01  ,0,0,0,0,0,0,0,0,0,5000,0,0,0,5000,0,5000,5000
055811,國巨國票98購05  ,0,0,0,0,0,0,0,0,0,5000,0,0,0,5000,0,5000,5000
056347,GIS凱基9A購01   ,0,0,0,0,0,0,0,0,0,5000,0,0,0,5000,0,5000,5000
056301,開發金元大9A購01,0,0,0,0,0,0,0,0,0,5000,0,0,0,185000,180000,5000,5000
056659,泰碩元大99購01  ,0,0,0,0,0,0,0,0,0,5000,0,0,0,5000,0,5000,5000
056745,聯茂凱基99購03  ,0,0,0,0,0,0,0,0,0,5000,0,0,0,5000,0,5000,5000
057669,嘉晶元大99購03  ,0,0,0,0,0,0,0,0,0,5000,0,0,0,5000,0,5000,5000
059772,可成群益9A購05  ,0,0,0,0,0,0,0,0,0,5000,0,0,0,5000,0,5000,5000
059727,大立光元大9A購01,0,0,0,0,0,0,0,0,0,5000,0,0,0,5000,0,5000,5000
059832,超眾康和99購01  ,0,0,0,0,0,0,0,0,0,5000,0,0,0,5000,0,5000,5000
05175P,TPK富邦99售01   ,0,0,0,0,0,0,0,0,0,5000,0,0,0,5000,0,5000,5000
053559,台積電國泰98購01,0,0,0,0,0,0,0,0,0,5000,0,0,0,138000,133000,5000,5000
053585,友達元大9C購03  ,0,0,0,0,0,0,0,0,0,5000,0,0,0,5000,0,5000,5000
057389,玉晶光永豐98購06,0,0,0,0,0,0,0,0,0,5000,0,0,0,5000,0,5000,5000
057317,技嘉凱基98購02  ,0,0,0,0,0,0,0,0,0,5000,0,0,0,5000,0,5000,5000
056903,大立光元大99購04,0,0,0,0,0,0,0,0,0,5000,0,0,0,5000,0,5000,5000
056850,彩晶元富99購01  ,0,0,0,0,0,0,0,0,0,5000,0,0,0,5000,0,5000,5000
03077P,臺股指富邦01售03,0,0,0,0,0,0,0,0,0,5000,0,0,0,5000,0,5000,5000
03092P,臺股指元大01售21,0,0,0,0,0,0,0,0,0,5000,0,0,0,10000,5000,5000,5000
03125P,台積電凱基01售24,0,0,0,0,0,0,0,0,0,5000,0,0,0,5000,0,5000,5000
062880,大立光兆豐9B購02,0,0,0,0,0,0,0,0,0,5000,0,0,0,5000,0,5000,5000
062912,新日興元大9B購01,0,0,0,0,0,0,0,0,0,5000,0,0,0,5000,0,5000,5000
062902,智邦元大9B購07  ,0,0,0,0,0,0,0,0,0,5000,0,0,0,5000,0,5000,5000
062073,國巨元大9B購06  ,0,0,0,0,0,0,0,0,0,5000,0,0,0,10000,5000,5000,5000
063422,奇鋐凱基9B購04  ,0,0,0,0,0,0,0,0,0,5000,0,0,0,34000,29000,5000,5000
063397,廣達群益9B購02  ,0,0,0,0,0,0,0,0,0,5000,0,0,0,15000,10000,5000,5000
063270,喬山兆豐9C購01  ,0,0,0,0,0,0,0,0,0,5000,0,0,0,5000,0,5000,5000
062136,南亞科群益9B購01,0,0,0,0,0,0,0,0,0,5000,0,0,0,5000,0,5000,5000
063126,TPK元大9B購01   ,0,0,0,0,0,0,0,0,0,5000,0,0,0,17000,12000,5000,5000
063853,同欣電元大9C購02,0,0,0,0,0,0,0,0,0,5000,0,0,0,6000,1000,5000,5000
061697,世紀鋼群益9A購03,0,0,0,0,0,0,0,0,0,5000,0,0,0,5000,0,5000,5000
061711,台積電凱基9A購27,0,0,0,0,0,0,0,0,0,5000,0,0,0,10000,5000,5000,5000
062212,臻鼎台新9B購01  ,0,0,0,0,0,0,0,0,0,5000,0,0,0,5000,0,5000,5000
061178,晶技凱基9B購01  ,0,0,0,0,0,0,0,0,0,5000,0,0,0,19000,14000,5000,5000
061260,台積電凱基9A購23,0,0,0,0,0,0,0,0,0,5000,0,0,0,5000,0,5000,5000
062183,奇鋐元大9B購01  ,0,0,0,0,0,0,0,0,0,5000,0,0,0,19000,14000,5000,5000
061945,華通群益9B購04  ,0,0,0,0,0,0,0,0,0,5000,0,0,0,10000,5000,5000,5000
061918,上銀凱基9B購02  ,0,0,0,0,0,0,0,0,0,5000,0,0,0,50000,45000,5000,5000
062766,台郡凱基9B購02  ,0,0,0,0,0,0,0,0,0,5000,0,0,0,5000,0,5000,5000
063754,道瓊指統一9B購01,0,0,0,0,0,0,0,0,0,5000,0,0,0,5000,0,5000,5000
062827,神基群益9B購01  ,0,0,0,0,0,0,0,0,0,5000,0,0,0,5000,0,5000,5000
062587,國巨統一9B購13  ,0,0,0,0,0,0,0,0,0,5000,0,0,0,5000,0,5000,5000
062617,京鼎元大9B購01  ,0,0,0,0,0,0,0,0,0,5000,0,0,0,5000,0,5000,5000
061431,鈺齊元大9A購01  ,0,0,0,0,0,0,0,0,0,5000,0,0,0,5000,0,5000,5000
061075,亞德客兆豐9A購01,0,0,0,0,0,0,0,0,0,5000,0,0,0,5000,0,5000,5000
061016,可成麥證9A購01  ,0,0,0,5000,0,5000,0,0,0,5000,0,0,0,5000,0,5000,5000
064465,台表科統一01購02,0,0,0,0,0,0,0,0,0,5000,0,0,0,10000,5000,5000,5000
064719,聯發科統一02購01,0,0,0,0,0,0,0,0,0,5000,0,0,0,6000,1000,5000,5000
061592,義隆永豐9A購03  ,0,0,0,0,0,0,0,0,0,5000,0,0,0,5000,0,5000,5000
061503,臻鼎國票9B購01  ,0,0,0,0,0,0,0,0,0,5000,0,0,0,5000,0,5000,5000
062499,鴻海群益01購01  ,0,0,0,0,0,0,0,0,0,5000,0,0,0,131000,126000,5000,5000
065100,聯茂元大9C購04  ,0,0,0,0,0,0,0,0,0,5000,0,0,0,20000,15000,5000,5000
065075,葡萄王元大01購01,0,0,0,0,0,0,0,0,0,5000,0,0,0,5000,0,5000,5000
065008,TPK國票01購02   ,0,0,0,0,0,0,0,0,0,5000,0,0,0,5000,0,5000,5000
064908,世紀鋼群益01購02,0,0,0,0,0,0,0,0,0,5000,0,0,0,49000,44000,5000,5000
064933,矽創統一01購01  ,0,0,0,0,0,0,0,0,0,5000,0,0,0,25000,20000,5000,5000
064947,台積電凱基01購08,0,0,0,0,0,0,0,0,0,5000,0,0,0,20000,15000,5000,5000
065459,台灣50台新9C購07,0,0,0,0,0,0,0,0,0,5000,0,0,0,5000,0,5000,5000
065563,T50反1群益9C購04,0,0,0,0,0,0,0,0,0,5000,0,0,0,155000,150000,5000,5000
065335,玉晶光台新9C購03,0,0,0,0,0,0,0,0,0,5000,0,0,0,5000,0,5000,5000
065636,台表科國票01購03,0,0,0,0,0,0,0,0,0,5000,0,0,0,10000,5000,5000,5000
065711,矽格群益9C購02  ,0,0,0,0,0,0,0,0,0,5000,0,0,0,15000,10000,5000,5000
066062,同欣電元大01購02,0,0,0,0,0,0,0,0,0,5000,0,0,0,5000,0,5000,5000
066092,億豐永豐01購01  ,0,0,0,0,0,0,0,0,0,5000,0,0,0,15000,10000,5000,5000
066200,建準統一02購01  ,0,0,0,0,0,0,0,0,0,5000,0,0,0,5000,0,5000,5000
066150,國巨麥證01購02  ,0,0,0,5000,0,5000,0,0,0,5000,0,0,0,5000,0,5000,5000
066142,超眾群益01購03  ,0,0,0,0,0,0,0,0,0,5000,0,0,0,5000,0,5000,5000
067429,國揚凱基02購01  ,0,0,0,0,0,0,0,0,0,5000,0,0,0,5000,0,5000,5000
067417,力山凱基02購01  ,0,0,0,0,0,0,0,0,0,5000,0,0,0,5000,0,5000,5000
067534,億光群益01購01  ,0,0,0,0,0,0,0,0,0,5000,0,0,0,21000,16000,5000,5000
067377,欣興統一02購01  ,0,0,0,0,0,0,0,0,0,5000,0,0,0,5000,0,5000,5000
067109,晶豪科群益01購01,0,0,0,0,0,0,0,0,0,5000,0,0,0,5000,0,5000,5000
067254,華擎國票02購02  ,0,0,0,0,0,0,0,0,0,5000,0,0,0,5000,0,5000,5000
067203,台達電元大01購03,0,0,0,0,0,0,0,0,0,5000,0,0,0,5000,0,5000,5000
066778,緯穎富邦03購01  ,0,0,0,0,0,0,0,0,0,5000,0,0,0,150000,145000,5000,5000
06685P,鴻海國泰9A售01  ,0,0,0,0,0,0,0,0,0,5000,0,0,0,415000,410000,5000,5000
066580,臺股指元大01購09,0,0,0,0,0,0,0,0,0,5000,0,0,0,18000,13000,5000,5000
066636,健策凱基01購02  ,0,0,0,0,0,0,0,0,0,5000,0,0,0,6000,1000,5000,5000
066397,智原凱基01購01  ,0,0,0,0,0,0,0,0,0,5000,0,0,0,35000,30000,5000,5000
08843P,台表科凱基01售01,0,0,0,0,0,0,0,0,0,5000,0,0,0,5000,0,5000,5000
08803P,鴻海元富07售08  ,0,0,0,0,0,0,0,0,0,5000,0,0,0,5000,0,5000,5000
08800P,台積電元大01售20,0,0,0,0,0,0,0,0,0,5000,0,0,0,5000,0,5000,5000
08950P,臺股指國票01售07,0,0,0,0,0,0,0,0,0,5000,0,0,0,6000,1000,5000,5000
08969P,臺股指元大01售12,0,0,0,0,0,0,0,0,0,5000,0,0,0,5000,0,5000,5000
08970P,臺股指元大01售13,0,0,0,0,0,0,0,0,0,5000,0,0,0,5000,0,5000,5000
2028,威致            ,8000,2000,6000,0,0,0,0,0,0,-1000,0,1000,-1000,0,0,0,5000
2483,百容            ,6000,0,6000,0,0,0,0,0,0,-1000,0,1000,-1000,0,0,0,5000
5906,台南-KY         ,5000,0,5000,0,0,0,0,0,0,0,0,0,0,0,0,0,5000
2906,高林            ,42000,37000,5000,0,0,0,0,0,0,0,0,0,0,0,0,0,5000
3058,立德            ,13000,8000,5000,0,0,0,0,0,0,0,0,0,0,0,0,0,5000
4572,駐龍            ,12000,7000,5000,0,0,0,0,0,0,0,0,0,0,0,0,0,5000
068654,國巨元大02購07  ,0,0,0,0,0,0,0,0,0,4000,0,0,0,6000,2000,4000,4000
068323,台積電元大01購42,0,0,0,0,0,0,0,0,0,4000,0,0,0,4000,0,4000,4000
068204,玉晶光凱基03購05,0,0,0,0,0,0,0,0,0,4000,0,0,0,4000,0,4000,4000
068387,國巨統一03購02  ,0,0,0,0,0,0,0,0,0,4000,0,0,0,6000,2000,4000,4000
068176,滬深2X群益01購10,0,0,0,0,0,0,0,0,0,4000,0,0,0,4000,0,4000,4000
067598,台積電凱基01購13,0,0,0,0,0,0,0,0,0,4000,0,0,0,172000,168000,4000,4000
067630,大成鋼永豐01購01,0,0,0,0,0,0,0,0,0,4000,0,0,0,75000,71000,4000,4000
068905,巨大元大03購01  ,0,0,0,0,0,0,0,0,0,4000,0,0,0,4000,0,4000,4000
08631P,臺股指麥證9C售06,0,0,0,9000,5000,4000,0,0,0,4000,0,0,0,9000,5000,4000,4000
08749P,鴻海台新01售02  ,0,0,0,0,0,0,0,0,0,4000,0,0,0,79000,75000,4000,4000
08465P,玉晶光兆豐01售02,0,0,0,0,0,0,0,0,0,4000,0,0,0,8000,4000,4000,4000
08380P,GIS元大9C售06   ,0,0,0,0,0,0,0,0,0,4000,0,0,0,26000,22000,4000,4000
07782P,寶成凱基9A售02  ,0,0,0,0,0,0,0,0,0,4000,0,0,0,4000,0,4000,4000
03091X,元展85          ,0,0,0,0,0,0,0,0,0,4000,0,0,0,4000,0,4000,4000
0051,元大中型100     ,5000,4000,1000,0,0,0,0,0,0,3000,0,0,0,8000,5000,3000,4000
052152,創意富邦98購01  ,0,0,0,0,0,0,0,0,0,4000,0,0,0,4000,0,4000,4000
059817,華通凱基99購05  ,0,0,0,0,0,0,0,0,0,4000,0,0,0,14000,10000,4000,4000
057713,美律統一99購01  ,0,0,0,0,0,0,0,0,0,4000,0,0,0,4000,0,4000,4000
057662,上銀元大9A購01  ,0,0,0,0,0,0,0,0,0,4000,0,0,0,4000,0,4000,4000
047004,台積電統一99購01,0,0,0,0,0,0,0,0,0,4000,0,0,0,4000,0,4000,4000
057499,奇鋐群益98購01  ,0,0,0,0,0,0,0,0,0,4000,0,0,0,4000,0,4000,4000
058371,智原凱基9A購01  ,0,0,0,0,0,0,0,0,0,4000,0,0,0,4000,0,4000,4000
058464,矽創兆豐9A購01  ,0,0,0,0,0,0,0,0,0,4000,0,0,0,129000,125000,4000,4000
058798,大立光元大99購11,0,0,0,0,0,0,0,0,0,4000,0,0,0,4000,0,4000,4000
060327,美律群益9A購02  ,0,0,0,0,0,0,0,0,0,4000,0,0,0,4000,0,4000,4000
058278,FBVIX中信03購02 ,0,0,0,0,0,0,0,0,0,4000,0,0,0,15000,11000,4000,4000
060296,和碩元大9A購01  ,0,0,0,0,0,0,0,0,0,4000,0,0,0,4000,0,4000,4000
057882,華通群益9A購03  ,0,0,0,0,0,0,0,0,0,4000,0,0,0,9000,5000,4000,4000
057897,華通富邦99購01  ,0,0,0,0,0,0,0,0,0,4000,0,0,0,4000,0,4000,4000
057889,致新群益99購01  ,0,0,0,0,0,0,0,0,0,4000,0,0,0,4000,0,4000,4000
060342,台積電統一02購01,0,0,0,0,0,0,0,0,0,4000,0,0,0,7000,3000,4000,4000
060401,世紀鋼國票9B購01,0,0,0,0,0,0,0,0,0,4000,0,0,0,4000,0,4000,4000
064127,聯發科元大9C購06,0,0,0,0,0,0,0,0,0,4000,0,0,0,4000,0,4000,4000
062452,A50正2群益01購04,0,0,0,0,0,0,0,0,0,4000,0,0,0,4000,0,4000,4000
063221,京元電群益9B購02,0,0,0,0,0,0,0,0,0,4000,0,0,0,4000,0,4000,4000
064381,道瓊銀國泰02購01,0,0,0,0,0,0,0,0,0,4000,0,0,0,4000,0,4000,4000
064821,聯電統一02購01  ,0,0,0,0,0,0,0,0,0,4000,0,0,0,50000,46000,4000,4000
061020,超眾國票9A購02  ,0,0,0,0,0,0,0,0,0,4000,0,0,0,4000,0,4000,4000
061053,國巨群益9A購08  ,0,0,0,0,0,0,0,0,0,4000,0,0,0,62000,58000,4000,4000
063784,華通中信06購01  ,0,0,0,0,0,0,0,0,0,4000,0,0,0,207000,203000,4000,4000
060992,健策元大9A購05  ,0,0,0,0,0,0,0,0,0,4000,0,0,0,4000,0,4000,4000
062629,聯發科國票9C購01,0,0,0,0,0,0,0,0,0,4000,0,0,0,4000,0,4000,4000
062582,鴻海統一9C購11  ,0,0,0,0,0,0,0,0,0,4000,0,0,0,5000,1000,4000,4000
062647,南電國泰9C購02  ,0,0,0,0,0,0,0,0,0,4000,0,0,0,4000,0,4000,4000
062739,嘉晶國票9B購02  ,0,0,0,0,0,0,0,0,0,4000,0,0,0,7000,3000,4000,4000
062824,國巨群益9C購03  ,0,0,0,0,0,0,0,0,0,4000,0,0,0,4000,0,4000,4000
063761,嘉澤統一02購01  ,0,0,0,0,0,0,0,0,0,4000,0,0,0,59000,55000,4000,4000
061976,國巨元大9B購01  ,0,0,0,0,0,0,0,0,0,4000,0,0,0,4000,0,4000,4000
061743,祥碩凱基9B購02  ,0,0,0,0,0,0,0,0,0,4000,0,0,0,10000,6000,4000,4000
061655,微星國票9A購01  ,0,0,0,0,0,0,0,0,0,4000,0,0,0,6000,2000,4000,4000
061648,緯穎元大9A購04  ,0,0,0,0,0,0,0,0,0,4000,0,0,0,4000,0,4000,4000
063741,GIS元大9B購04   ,0,0,0,0,0,0,0,0,0,4000,0,0,0,4000,0,4000,4000
063876,華新元富9C購01  ,0,0,0,0,0,0,0,0,0,4000,0,0,0,76000,72000,4000,4000
063877,鴻海元富9C購01  ,0,0,0,0,0,0,0,0,0,4000,0,0,0,4000,0,4000,4000
063084,可成凱基9C購01  ,0,0,0,0,0,0,0,0,0,4000,0,0,0,8000,4000,4000,4000
063085,嘉澤凱基9C購01  ,0,0,0,0,0,0,0,0,0,4000,0,0,0,118000,114000,4000,4000
063140,聯發科統一9B購08,0,0,0,0,0,0,0,0,0,4000,0,0,0,5000,1000,4000,4000
063311,喬山群益9B購01  ,0,0,0,0,0,0,0,0,0,4000,0,0,0,4000,0,4000,4000
066690,瑞昱台新01購01  ,0,0,0,0,0,0,0,0,0,4000,0,0,0,68000,64000,4000,4000
066863,上証2X元富07購01,0,0,0,0,0,0,0,0,0,4000,0,0,0,5000,1000,4000,4000
066797,台積電凱基02購09,0,0,0,0,0,0,0,0,0,4000,0,0,0,4000,0,4000,4000
067120,矽創群益01購01  ,0,0,0,0,0,0,0,0,0,4000,0,0,0,5000,1000,4000,4000
067040,鴻海凱基02購04  ,0,0,0,0,0,0,0,0,0,4000,0,0,0,5000,1000,4000,4000
066928,台達電國票01購02,0,0,0,0,0,0,0,0,0,4000,0,0,0,7000,3000,4000,4000
066138,健策群益01購05  ,0,0,0,0,0,0,0,0,0,4000,0,0,0,14000,10000,4000,4000
065205,金寶國票01購01  ,0,0,0,0,0,0,0,0,0,4000,0,0,0,4000,0,4000,4000
065107,道瓊反國票9C購03,0,0,0,0,0,0,0,0,0,4000,0,0,0,30000,26000,4000,4000
5007,三星            ,4000,4000,0,0,0,0,0,0,0,4000,4000,0,4000,0,0,0,4000
2911,麗嬰房          ,10000,5000,5000,0,0,0,0,0,0,-1000,0,1000,-1000,0,0,0,4000
6666,羅麗芬-KY       ,9000,4000,5000,0,0,0,0,0,0,-1000,0,1000,-1000,0,0,0,4000
1453,大將            ,5000,5000,0,0,0,0,0,0,0,4000,4000,0,4000,0,0,0,4000
1417,嘉裕            ,68000,62000,6000,0,0,0,0,0,0,-2000,0,2000,-2000,0,0,0,4000
07992P,玉晶光群益01售04,0,0,0,0,0,0,0,0,0,3000,0,0,0,3000,0,3000,3000
08455P,台積電凱基9C售05,0,0,0,0,0,0,0,0,0,3000,0,0,0,3000,0,3000,3000
069087,緯穎凱基03購01  ,0,0,0,0,0,0,0,0,0,3000,0,0,0,88000,85000,3000,3000
069160,聯發科元大02購07,0,0,0,0,0,0,0,0,0,3000,0,0,0,18000,15000,3000,3000
07508P,華新科國票9A售03,0,0,0,0,0,0,0,0,0,3000,0,0,0,66000,63000,3000,3000
067587,欣興群益01購03  ,0,0,0,0,0,0,0,0,0,3000,0,0,0,5000,2000,3000,3000
067840,滬深2X元富04購02,0,0,0,0,0,0,0,0,0,3000,0,0,0,10000,7000,3000,3000
067833,台積電統一02購06,0,0,0,0,0,0,0,0,0,3000,0,0,0,3000,0,3000,3000
067868,欣興元大01購07  ,0,0,0,0,0,0,0,0,0,3000,0,0,0,3000,0,3000,3000
068398,上証2X元富07購04,0,0,0,0,0,0,0,0,0,3000,0,0,0,9000,6000,3000,3000
068535,台積電中信05購06,0,0,0,0,0,0,0,0,0,3000,0,0,0,3000,0,3000,3000
068824,緯創元大02購02  ,0,0,0,0,0,0,0,0,0,3000,0,0,0,3000,0,3000,3000
064155,大立光統一01購05,0,0,0,0,0,0,0,0,0,3000,0,0,0,9000,6000,3000,3000
059254,台表科凱基9A購02,0,0,0,0,0,0,0,0,0,3000,0,0,0,3000,0,3000,3000
062950,貿聯富邦01購01  ,0,0,0,0,0,0,0,0,0,3000,0,0,0,3000,0,3000,3000
059476,道瓊指群益9C購01,0,0,0,0,0,0,0,0,0,3000,0,0,0,3000,0,3000,3000
059191,茂林富邦9B購01  ,0,0,0,0,0,0,0,0,0,3000,0,0,0,3000,0,3000,3000
058738,FBVIX中信03購04 ,0,0,0,0,0,0,0,0,0,3000,0,0,0,3000,0,3000,3000
058704,台積電元大99購17,0,0,0,0,0,0,0,0,0,3000,0,0,0,3000,0,3000,3000
058650,台虹永豐9A購01  ,0,0,0,0,0,0,0,0,0,3000,0,0,0,51000,48000,3000,3000
060027,元金2X永豐99購02,0,0,0,0,0,0,0,0,0,3000,0,0,0,3000,0,3000,3000
058022,樺漢凱基99購02  ,0,0,0,0,0,0,0,0,0,3000,0,0,0,20000,17000,3000,3000
058540,嘉聯益國泰9A購02,0,0,0,0,0,0,0,0,0,3000,0,0,0,3000,0,3000,3000
058363,全新凱基9A購02  ,0,0,0,0,0,0,0,0,0,3000,0,0,0,3000,0,3000,3000
054169,上緯控凱基98購01,0,0,0,0,0,0,0,0,0,3000,0,0,0,3000,0,3000,3000
056754,智易兆豐99購01  ,0,0,0,0,0,0,0,0,0,3000,0,0,0,3000,0,3000,3000
056668,光磊國票99購01  ,0,0,0,0,0,0,0,0,0,3000,0,0,0,30000,27000,3000,3000
057718,旺宏元富02購02  ,0,0,0,0,0,0,0,0,0,3000,0,0,0,3000,0,3000,3000
059732,超眾元大9A購01  ,0,0,0,0,0,0,0,0,0,3000,0,0,0,19000,16000,3000,3000
059716,鴻海元大99購35  ,0,0,0,0,0,0,0,0,0,3000,0,0,0,3000,0,3000,3000
059681,華新科國泰9B購02,0,0,0,0,0,0,0,0,0,3000,0,0,0,4000,1000,3000,3000
059516,TPK永豐99購01   ,0,0,0,0,0,0,0,0,0,3000,0,0,0,3000,0,3000,3000
051970,元黃金凱基98購01,0,0,0,0,0,0,0,0,0,3000,0,0,0,3000,0,3000,3000
057364,國巨元大98購18  ,0,0,0,0,0,0,0,0,0,3000,0,0,0,3000,0,3000,3000
057046,奇力新元大99購03,0,0,0,0,0,0,0,0,0,3000,0,0,0,23000,20000,3000,3000
03135P,台灣50麥證01售03,0,0,0,28000,25000,3000,0,0,0,3000,0,0,0,28000,25000,3000,3000
020011,統一微波高息20N ,0,0,0,0,0,0,0,0,0,3000,0,0,0,23000,20000,3000,3000
03028X,元展25          ,0,0,0,0,0,0,0,0,0,3000,0,0,0,3000,0,3000,3000
062861,世芯國票9C購01  ,0,0,0,0,0,0,0,0,0,3000,0,0,0,3000,0,3000,3000
062865,臺股指國票9B購22,0,0,0,0,0,0,0,0,0,3000,0,0,0,5000,2000,3000,3000
063104,大立光群益9C購02,0,0,0,0,0,0,0,0,0,3000,0,0,0,42000,39000,3000,3000
063721,道瓊銀元大9B購03,0,0,0,0,0,0,0,0,0,3000,0,0,0,3000,0,3000,3000
061695,群創群益9A購01  ,0,0,0,0,0,0,0,0,0,3000,0,0,0,3000,0,3000,3000
061799,奇鋐永豐9B購01  ,0,0,0,0,0,0,0,0,0,3000,0,0,0,73000,70000,3000,3000
061847,力山國票9B購01  ,0,0,0,0,0,0,0,0,0,3000,0,0,0,3000,0,3000,3000
063999,日月光兆豐9C購01,0,0,0,0,0,0,0,0,0,3000,0,0,0,3000,0,3000,3000
061625,聯茂群益9A購02  ,0,0,0,0,0,0,0,0,0,3000,0,0,0,3000,0,3000,3000
062007,台光電國泰9C購01,0,0,0,0,0,0,0,0,0,3000,0,0,0,3000,0,3000,3000
062058,瑞昱統一01購01  ,0,0,0,0,0,0,0,0,0,3000,0,0,0,5000,2000,3000,3000
061195,健策永豐9B購02  ,0,0,0,0,0,0,0,0,0,3000,0,0,0,24000,21000,3000,3000
061169,GIS兆豐9A購01   ,0,0,0,0,0,0,0,0,0,3000,0,0,0,3000,0,3000,3000
062522,同欣電元大9B購02,0,0,0,0,0,0,0,0,0,3000,0,0,0,3000,0,3000,3000
062641,瀚宇博國票9B購01,0,0,0,0,0,0,0,0,0,3000,0,0,0,3000,0,3000,3000
061447,鴻海中信04購02  ,0,0,0,0,0,0,0,0,0,3000,0,0,0,3000,0,3000,3000
064744,創意國票01購02  ,0,0,0,0,0,0,0,0,0,3000,0,0,0,3000,0,3000,3000
064697,健策群益01購02  ,0,0,0,0,0,0,0,0,0,3000,0,0,0,19000,16000,3000,3000
064371,矽格統一9C購02  ,0,0,0,0,0,0,0,0,0,3000,0,0,0,3000,0,3000,3000
061582,麗豐元大9A購01  ,0,0,0,0,0,0,0,0,0,3000,0,0,0,3000,0,3000,3000
064591,臻鼎永豐9C購01  ,0,0,0,0,0,0,0,0,0,3000,0,0,0,5000,2000,3000,3000
061520,健策中信9A購01  ,0,0,0,0,0,0,0,0,0,3000,0,0,0,14000,11000,3000,3000
065047,群創凱基9C購01  ,0,0,0,0,0,0,0,0,0,3000,0,0,0,6000,3000,3000,3000
065221,神隆永豐9C購01  ,0,0,0,0,0,0,0,0,0,3000,0,0,0,11000,8000,3000,3000
065355,聯發科元富03購05,0,0,0,0,0,0,0,0,0,3000,0,0,0,5000,2000,3000,3000
065904,群創富邦02購01  ,0,0,0,0,0,0,0,0,0,3000,0,0,0,8000,5000,3000,3000
065773,鴻海國票03購01  ,0,0,0,0,0,0,0,0,0,3000,0,0,0,8000,5000,3000,3000
06693P,臺股指凱基98售01,0,0,0,0,0,0,0,0,0,3000,0,0,0,3000,0,3000,3000
067395,金像電永豐01購04,0,0,0,0,0,0,0,0,0,3000,0,0,0,44000,41000,3000,3000
067409,巨大永豐01購01  ,0,0,0,0,0,0,0,0,0,3000,0,0,0,7000,4000,3000,3000
067326,世紀鋼元大01購02,0,0,0,0,0,0,0,0,0,3000,0,0,0,201000,198000,3000,3000
067287,瀚宇博國票02購01,0,0,0,0,0,0,0,0,0,3000,0,0,0,36000,33000,3000,3000
067443,國巨國票02購04  ,0,0,0,0,0,0,0,0,0,3000,0,0,0,5000,2000,3000,3000
066273,晶技元大01購02  ,0,0,0,0,0,0,0,0,0,3000,0,0,0,3000,0,3000,3000
1413,宏洲            ,3000,0,3000,0,0,0,0,0,0,0,0,0,0,0,0,0,3000
1525,江申            ,3000,0,3000,0,0,0,0,0,0,0,0,0,0,0,0,0,3000
08898P,台積電群益01售15,0,0,0,0,0,0,0,0,0,3000,0,0,0,3000,0,3000,3000
2597,潤弘            ,5000,0,5000,0,0,0,0,0,0,-2000,0,2000,-2000,0,0,0,3000
2405,浩鑫            ,34000,31000,3000,0,0,0,0,0,0,0,0,0,0,0,0,0,3000
2440,太空梭          ,3000,0,3000,0,0,0,0,0,0,0,0,0,0,0,0,0,3000
2002A,中鋼特          ,0,0,0,0,0,0,0,0,0,3000,3000,0,3000,0,0,0,3000
1721,三晃            ,9000,4000,5000,0,0,0,0,0,0,-2000,0,2000,-2000,0,0,0,3000
8466,美吉吉-KY       ,4000,1000,3000,0,0,0,0,0,0,0,0,0,0,0,0,0,3000
2882B,國泰金乙特      ,0,0,0,0,0,0,0,0,0,3000,3000,0,3000,0,0,0,3000
3383,新世紀          ,3000,0,3000,0,0,0,0,0,0,0,0,0,0,0,0,0,3000
3164,景岳            ,4000,1000,3000,0,0,0,0,0,0,0,0,0,0,0,0,0,3000
3050,鈺德            ,66000,55000,11000,0,0,0,0,0,0,-8000,0,8000,-8000,0,0,0,3000
3593,力銘            ,13000,10000,3000,0,0,0,0,0,0,0,0,0,0,0,0,0,3000
008201,BP上證50        ,0,0,0,0,0,0,0,0,0,2700,0,0,0,2700,0,2700,2700
068514,聯發科統一03購09,0,0,0,0,0,0,0,0,0,2000,0,0,0,2000,0,2000,2000
068391,玉晶光統一07購01,0,0,0,0,0,0,0,0,0,2000,0,0,0,2000,0,2000,2000
068267,台積電永豐01購04,0,0,0,0,0,0,0,0,0,2000,0,0,0,2000,0,2000,2000
068319,聯電元大01購05  ,0,0,0,0,0,0,0,0,0,2000,0,0,0,5000,3000,2000,2000
068189,國巨凱基04購03  ,0,0,0,0,0,0,0,0,0,2000,0,0,0,2000,0,2000,2000
068120,智易元富07購01  ,0,0,0,0,0,0,0,0,0,2000,0,0,0,222000,220000,2000,2000
067594,國巨凱基01購06  ,0,0,0,0,0,0,0,0,0,2000,0,0,0,2000,0,2000,2000
07557P,玉晶光元大9A售09,0,0,0,0,0,0,0,0,0,2000,0,0,0,2000,0,2000,2000
07295P,滬深2X元富9C售09,0,0,0,0,0,0,0,0,0,2000,0,0,0,7000,5000,2000,2000
07075P,FBVIX凱基9C售04 ,0,0,0,0,0,0,0,0,0,2000,0,0,0,2000,0,2000,2000
06925P,致茂群益9A售02  ,0,0,0,0,0,0,0,0,0,2000,0,0,0,40000,38000,2000,2000
06922P,元上證群益9C售01,0,0,0,0,0,0,0,0,0,2000,0,0,0,10000,8000,2000,2000
08604P,金融類元大9C售01,0,0,0,0,0,0,0,0,0,2000,0,0,0,2000,0,2000,2000
08084P,台表科元大9B售06,0,0,0,0,0,0,0,0,0,2000,0,0,0,202000,200000,2000,2000
08221P,台表科凱基9B售05,0,0,0,0,0,0,0,0,0,2000,0,0,0,30000,28000,2000,2000
03035P,玉晶光國票01售07,0,0,0,0,0,0,0,0,0,2000,0,0,0,20000,18000,2000,2000
03245P,聯發科統一02售11,0,0,0,0,0,0,0,0,0,2000,0,0,0,3000,1000,2000,2000
03059P,台積電凱基01售19,0,0,0,0,0,0,0,0,0,2000,0,0,0,2000,0,2000,2000
03062P,世紀鋼凱基02售02,0,0,0,0,0,0,0,0,0,2000,0,0,0,117000,115000,2000,2000
03129P,台光電統一01售06,0,0,0,0,0,0,0,0,0,2000,0,0,0,2000,0,2000,2000
056811,健策統一9B購01  ,0,0,0,0,0,0,0,0,0,2000,0,0,0,105000,103000,2000,2000
03368P,臺股指元大02售11,0,0,0,0,0,0,0,0,0,2000,0,0,0,3000,1000,2000,2000
057011,日月光中信99購01,0,0,0,0,0,0,0,0,0,2000,0,0,0,2000,0,2000,2000
052890,FB上証群益9B購01,0,0,0,0,0,0,0,0,0,2000,0,0,0,2000,0,2000,2000
053797,台積電中信98購01,0,0,0,0,0,0,0,0,0,2000,0,0,0,2000,0,2000,2000
059901,滬深2X元大9C購07,0,0,0,0,0,0,0,0,0,2000,0,0,0,2000,0,2000,2000
057633,緯穎永豐98購02  ,0,0,0,0,0,0,0,0,0,2000,0,0,0,2000,0,2000,2000
056522,T50反1中信9B購01,0,0,0,0,0,0,0,0,0,2000,0,0,0,2000,0,2000,2000
054515,華通元大98購02  ,0,0,0,0,0,0,0,0,0,2000,0,0,0,4000,2000,2000,2000
054778,世紀鋼國票99購01,0,0,0,0,0,0,0,0,0,2000,0,0,0,2000,0,2000,2000
054874,帆宣群益99購02  ,0,0,0,0,0,0,0,0,0,2000,0,0,0,2000,0,2000,2000
03454B,臺股指元大04熊06,0,0,0,0,0,0,0,0,0,2000,0,0,0,20000,18000,2000,2000
046629,群創統一98購01  ,0,0,0,0,0,0,0,0,0,2000,0,0,0,2000,0,2000,2000
056356,台積電元大99購01,0,0,0,0,0,0,0,0,0,2000,0,0,0,2000,0,2000,2000
058016,智邦凱基98購06  ,0,0,0,0,0,0,0,0,0,2000,0,0,0,2000,0,2000,2000
058290,南電國票9A購01  ,0,0,0,0,0,0,0,0,0,2000,0,0,0,3000,1000,2000,2000
058114,台積電第一01購01,0,0,0,0,0,0,0,0,0,2000,0,0,0,2000,0,2000,2000
058091,欣興元大99購03  ,0,0,0,0,0,0,0,0,0,2000,0,0,0,2000,0,2000,2000
060040,康控國票99購04  ,0,0,0,0,0,0,0,0,0,2000,0,0,0,2000,0,2000,2000
060051,台積電凱基9B購01,0,0,0,0,0,0,0,0,0,2000,0,0,0,2000,0,2000,2000
059973,A50正2元大99購02,0,0,0,0,0,0,0,0,0,2000,0,0,0,2000,0,2000,2000
058579,聯發科群益99購04,0,0,0,0,0,0,0,0,0,2000,0,0,0,2000,0,2000,2000
058593,大立光統一9B購02,0,0,0,0,0,0,0,0,0,2000,0,0,0,2000,0,2000,2000
058684,健策凱基99購02  ,0,0,0,0,0,0,0,0,0,2000,0,0,0,2000,0,2000,2000
060311,盟立永豐9A購01  ,0,0,0,0,0,0,0,0,0,2000,0,0,0,5000,3000,2000,2000
059143,國巨國票9A購04  ,0,0,0,0,0,0,0,0,0,2000,0,0,0,27000,25000,2000,2000
060350,元黃金元富9B購01,0,0,0,0,0,0,0,0,0,2000,0,0,0,2000,0,2000,2000
057904,矽力永豐98購01  ,0,0,0,0,0,0,0,0,0,2000,0,0,0,2000,0,2000,2000
063015,微星元大9B購01  ,0,0,0,0,0,0,0,0,0,2000,0,0,0,14000,12000,2000,2000
064152,義隆統一02購02  ,0,0,0,0,0,0,0,0,0,2000,0,0,0,2000,0,2000,2000
063637,聯發科元大9C購02,0,0,0,0,0,0,0,0,0,2000,0,0,0,12000,10000,2000,2000
061581,貿聯元大9A購05  ,0,0,0,0,0,0,0,0,0,2000,0,0,0,2000,0,2000,2000
061573,義隆元大9A購02  ,0,0,0,0,0,0,0,0,0,2000,0,0,0,2000,0,2000,2000
064630,巨大元大9C購01  ,0,0,0,0,0,0,0,0,0,2000,0,0,0,2000,0,2000,2000
064488,台達電元大9C購01,0,0,0,0,0,0,0,0,0,2000,0,0,0,2000,0,2000,2000
061014,台積電麥證9A購04,0,0,0,14000,12000,2000,0,0,0,2000,0,0,0,14000,12000,2000,2000
061015,旺宏麥證9A購03  ,0,0,0,12000,10000,2000,0,0,0,2000,0,0,0,12000,10000,2000,2000
061134,大成鋼統一9C購01,0,0,0,0,0,0,0,0,0,2000,0,0,0,2000,0,2000,2000
060967,鈺齊凱基9A購02  ,0,0,0,0,0,0,0,0,0,2000,0,0,0,2000,0,2000,2000
060818,上銀統一9C購01  ,0,0,0,0,0,0,0,0,0,2000,0,0,0,2000,0,2000,2000
062728,健策凱基9B購04  ,0,0,0,0,0,0,0,0,0,2000,0,0,0,9000,7000,2000,2000
061349,嘉澤元大9A購02  ,0,0,0,0,0,0,0,0,0,2000,0,0,0,2000,0,2000,2000
062523,世紀鋼元大9C購03,0,0,0,0,0,0,0,0,0,2000,0,0,0,321000,319000,2000,2000
061238,晶技元大9A購02  ,0,0,0,0,0,0,0,0,0,2000,0,0,0,2000,0,2000,2000
061270,彩晶凱基9A購02  ,0,0,0,0,0,0,0,0,0,2000,0,0,0,24000,22000,2000,2000
062046,矽格凱基9B購01  ,0,0,0,0,0,0,0,0,0,2000,0,0,0,5000,3000,2000,2000
064003,台積電凱基01購03,0,0,0,0,0,0,0,0,0,2000,0,0,0,2000,0,2000,2000
063993,華通群益01購01  ,0,0,0,0,0,0,0,0,0,2000,0,0,0,2000,0,2000,2000
064033,茂林元大9C購02  ,0,0,0,0,0,0,0,0,0,2000,0,0,0,68000,66000,2000,2000
063734,可成元大9B購04  ,0,0,0,0,0,0,0,0,0,2000,0,0,0,10000,8000,2000,2000
063916,瀚宇博凱基01購01,0,0,0,0,0,0,0,0,0,2000,0,0,0,4000,2000,2000,2000
062100,矽格永豐9B購01  ,0,0,0,0,0,0,0,0,0,2000,0,0,0,2000,0,2000,2000
063143,嘉澤統一9B購02  ,0,0,0,0,0,0,0,0,0,2000,0,0,0,2000,0,2000,2000
063571,TPK元大9B購03   ,0,0,0,0,0,0,0,0,0,2000,0,0,0,2000,0,2000,2000
063530,同欣電凱基9C購02,0,0,0,0,0,0,0,0,0,2000,0,0,0,2000,0,2000,2000
063527,美食凱基01購01  ,0,0,0,0,0,0,0,0,0,2000,0,0,0,2000,0,2000,2000
063356,台表科元富02購01,0,0,0,0,0,0,0,0,0,2000,0,0,0,2000,0,2000,2000
066391,國巨凱基01購04  ,0,0,0,0,0,0,0,0,0,2000,0,0,0,39000,37000,2000,2000
066894,聯發科兆豐03購01,0,0,0,0,0,0,0,0,0,2000,0,0,0,2000,0,2000,2000
066637,瀚宇博凱基01購02,0,0,0,0,0,0,0,0,0,2000,0,0,0,2000,0,2000,2000
066657,滬深2X凱基04購01,0,0,0,0,0,0,0,0,0,2000,0,0,0,8000,6000,2000,2000
067469,國巨元大01購09  ,0,0,0,0,0,0,0,0,0,2000,0,0,0,10000,8000,2000,2000
067533,瑞昱群益01購02  ,0,0,0,0,0,0,0,0,0,2000,0,0,0,22000,20000,2000,2000
067549,聯電中信03購01  ,0,0,0,0,0,0,0,0,0,2000,0,0,0,2000,0,2000,2000
067330,台達電凱基02購01,0,0,0,0,0,0,0,0,0,2000,0,0,0,2000,0,2000,2000
067310,欣興元大01購05  ,0,0,0,0,0,0,0,0,0,2000,0,0,0,2000,0,2000,2000
067374,大立光統一01購08,0,0,0,0,0,0,0,0,0,2000,0,0,0,2000,0,2000,2000
067255,日月光國票02購01,0,0,0,0,0,0,0,0,0,2000,0,0,0,2000,0,2000,2000
065702,聯發科群益9C購14,0,0,0,0,0,0,0,0,0,2000,0,0,0,2000,0,2000,2000
065674,華擎凱基9C購03  ,0,0,0,0,0,0,0,0,0,2000,0,0,0,2000,0,2000,2000
065599,台光電元大9C購05,0,0,0,0,0,0,0,0,0,2000,0,0,0,31000,29000,2000,2000
066169,晶豪科凱基01購01,0,0,0,0,0,0,0,0,0,2000,0,0,0,2000,0,2000,2000
066127,劍麟群益03購01  ,0,0,0,0,0,0,0,0,0,2000,0,0,0,2000,0,2000,2000
066197,鴻海統一02購02  ,0,0,0,0,0,0,0,0,0,2000,0,0,0,2000,0,2000,2000
066217,美利達統一03購01,0,0,0,0,0,0,0,0,0,2000,0,0,0,2000,0,2000,2000
066239,拓凱富邦02購01  ,0,0,0,0,0,0,0,0,0,2000,0,0,0,2000,0,2000,2000
066246,中化元大01購01  ,0,0,0,0,0,0,0,0,0,2000,0,0,0,2000,0,2000,2000
065427,台積電凱基02購04,0,0,0,0,0,0,0,0,0,2000,0,0,0,7000,5000,2000,2000
065415,台積電兆豐9C購05,0,0,0,0,0,0,0,0,0,2000,0,0,0,4000,2000,2000,2000
064920,景碩統一01購02  ,0,0,0,0,0,0,0,0,0,2000,0,0,0,2000,0,2000,2000
3528,安馳            ,7000,4000,3000,0,0,0,0,0,0,-1000,0,1000,-1000,0,0,0,2000
4438,廣越            ,4000,2000,2000,0,0,0,0,0,0,0,0,0,0,0,0,0,2000
3167,大量            ,5000,3000,2000,0,0,0,0,0,0,0,0,0,0,0,0,0,2000
2910,統領            ,3000,1000,2000,0,0,0,0,0,0,0,0,0,0,0,0,0,2000
2712,遠雄來          ,3000,1000,2000,0,0,0,0,0,0,0,0,0,0,0,0,0,2000
8443,阿瘦            ,4000,2000,2000,0,0,0,0,0,0,0,0,0,0,0,0,0,2000
6164,華興            ,10000,8000,2000,0,0,0,0,0,0,0,0,0,0,0,0,0,2000
6189,豐藝            ,28000,25000,3000,0,0,0,0,0,0,-1000,1000,2000,-1000,0,0,0,2000
1713,國化            ,1000,0,1000,0,0,0,0,0,0,1000,1000,0,1000,0,0,0,2000
1618,合機            ,54000,56000,-2000,0,0,0,0,0,0,4000,4000,0,4000,0,0,0,2000
1725,元禎            ,2000,0,2000,0,0,0,0,0,0,0,0,0,0,0,0,0,2000
2008,高興昌          ,2000,0,2000,0,0,0,0,0,0,0,0,0,0,0,0,0,2000
2115,六暉-KY         ,1000,3000,-2000,0,0,0,0,0,0,4000,4000,0,4000,0,0,0,2000
2243,宏旭-KY         ,9000,6000,3000,0,0,0,0,0,0,-1000,0,1000,-1000,0,0,0,2000
08883P,台積電國票02售02,0,0,0,0,0,0,0,0,0,2000,0,0,0,2000,0,2000,2000
08981P,台積電凱基01售16,0,0,0,0,0,0,0,0,0,2000,0,0,0,13000,11000,2000,2000
08949P,臺股指國票01售06,0,0,0,0,0,0,0,0,0,2000,0,0,0,2000,0,2000,2000
1583,程泰            ,3000,1000,2000,0,0,0,0,0,0,0,0,0,0,0,0,0,2000
08236P,國巨富邦03售01  ,0,0,0,0,0,0,0,0,0,1000,0,0,0,1000,0,1000,1000
08245P,台灣50群益9C售05,0,0,0,0,0,0,0,0,0,1000,0,0,0,1000,0,1000,1000
08052P,臺股指國票9B售17,0,0,0,0,0,0,0,0,0,1000,0,0,0,1000,0,1000,1000
08053P,臺股指國票9B售18,0,0,0,0,0,0,0,0,0,1000,0,0,0,1000,0,1000,1000
07784P,華新科富邦9B售04,0,0,0,0,0,0,0,0,0,1000,0,0,0,1000,0,1000,1000
08696P,臺股指群益01售01,0,0,0,0,0,0,0,0,0,1000,0,0,0,1000,0,1000,1000
08711P,鴻海元富07售04  ,0,0,0,0,0,0,0,0,0,1000,0,0,0,1000,0,1000,1000
08728P,緯穎群益01售01  ,0,0,0,0,0,0,0,0,0,1000,0,0,0,1000,0,1000,1000
08515P,鴻海群益9C售06  ,0,0,0,0,0,0,0,0,0,1000,0,0,0,600000,599000,1000,1000
08431P,景碩凱基9C售02  ,0,0,0,0,0,0,0,0,0,1000,0,0,0,1000,0,1000,1000
07553P,嘉晶元大9A售02  ,0,0,0,0,0,0,0,0,0,1000,0,0,0,1000,0,1000,1000
07456P,華新科元大9A售06,0,0,0,0,0,0,0,0,0,1000,0,0,0,1000,0,1000,1000
07416P,台積電元大99售53,0,0,0,0,0,0,0,0,0,1000,0,0,0,1000,0,1000,1000
07609P,台灣50國票9C售04,0,0,0,0,0,0,0,0,0,1000,0,0,0,1000,0,1000,1000
07652P,臺股指中信9A售07,0,0,0,0,0,0,0,0,0,1000,0,0,0,4000,3000,1000,1000
07713P,台郡元大9A售03  ,0,0,0,0,0,0,0,0,0,1000,0,0,0,1000,0,1000,1000
069028,TPK國票03購02   ,0,0,0,0,0,0,0,0,0,1000,0,0,0,19000,18000,1000,1000
068868,聯發科台新02購02,0,0,0,0,0,0,0,0,0,1000,0,0,0,5000,4000,1000,1000
06770P,台灣50第一9C售01,0,0,0,0,0,0,0,0,0,1000,0,0,0,31000,30000,1000,1000
068153,美律元大01購04  ,0,0,0,0,0,0,0,0,0,1000,0,0,0,1000,0,1000,1000
068046,台積電統一03購05,0,0,0,0,0,0,0,0,0,1000,0,0,0,25000,24000,1000,1000
068070,友達凱基05購01  ,0,0,0,0,0,0,0,0,0,1000,0,0,0,1000,0,1000,1000
067891,玉晶光群益02購05,0,0,0,0,0,0,0,0,0,1000,0,0,0,32000,31000,1000,1000
067918,玉晶光永豐01購02,0,0,0,0,0,0,0,0,0,1000,0,0,0,36000,35000,1000,1000
068297,臺指反國票01購03,0,0,0,0,0,0,0,0,0,1000,0,0,0,1000,0,1000,1000
068242,長興元大01購02  ,0,0,0,0,0,0,0,0,0,1000,0,0,0,20000,19000,1000,1000
068370,臺股指富邦01購04,0,0,0,0,0,0,0,0,0,1000,0,0,0,1000,0,1000,1000
068438,大立光凱基01購11,0,0,0,0,0,0,0,0,0,1000,0,0,0,1000,0,1000,1000
068661,臺股指元大02購06,0,0,0,0,0,0,0,0,0,1000,0,0,0,5000,4000,1000,1000
064164,祥碩統一01購05  ,0,0,0,0,0,0,0,0,0,1000,0,0,0,1000,0,1000,1000
063019,聯發科元大9C購01,0,0,0,0,0,0,0,0,0,1000,0,0,0,1000,0,1000,1000
063033,台積電凱基9B購09,0,0,0,0,0,0,0,0,0,1000,0,0,0,6000,5000,1000,1000
057824,日月光元大98購01,0,0,0,0,0,0,0,0,0,1000,0,0,0,79000,78000,1000,1000
060329,鎧勝群益9B購01  ,0,0,0,0,0,0,0,0,0,1000,0,0,0,1000,0,1000,1000
060502,國巨元大9A購07  ,0,0,0,0,0,0,0,0,0,1000,0,0,0,1000,0,1000,1000
059214,國巨元大99購20  ,0,0,0,0,0,0,0,0,0,1000,0,0,0,11000,10000,1000,1000
059117,禾伸堂永豐99購01,0,0,0,0,0,0,0,0,0,1000,0,0,0,1000,0,1000,1000
060298,鎧勝元大9C購01  ,0,0,0,0,0,0,0,0,0,1000,0,0,0,1000,0,1000,1000
060275,元黃金元大9A購01,0,0,0,0,0,0,0,0,0,1000,0,0,0,1000,0,1000,1000
060606,玉晶光凱基9A購05,0,0,0,0,0,0,0,0,0,1000,0,0,0,1000,0,1000,1000
060671,亞德客元大9A購03,0,0,0,0,0,0,0,0,0,1000,0,0,0,1000,0,1000,1000
058683,可成凱基9A購01  ,0,0,0,0,0,0,0,0,0,1000,0,0,0,1000,0,1000,1000
058660,樺漢中信9A購01  ,0,0,0,0,0,0,0,0,0,1000,0,0,0,1000,0,1000,1000
060246,晶相光元大9C購03,0,0,0,0,0,0,0,0,0,1000,0,0,0,1000,0,1000,1000
059955,美食康和99購01  ,0,0,0,0,0,0,0,0,0,1000,0,0,0,24000,23000,1000,1000
059958,鎧勝康和99購01  ,0,0,0,0,0,0,0,0,0,1000,0,0,0,1000,0,1000,1000
059911,國巨元大99購27  ,0,0,0,0,0,0,0,0,0,1000,0,0,0,1000,0,1000,1000
058160,奇鋐元富99購01  ,0,0,0,0,0,0,0,0,0,1000,0,0,0,2000,1000,1000,1000
058315,TPK富邦9C購01   ,0,0,0,0,0,0,0,0,0,1000,0,0,0,11000,10000,1000,1000
058218,緯穎群益99購01  ,0,0,0,0,0,0,0,0,0,1000,0,0,0,73000,72000,1000,1000
058770,貿聯兆豐9A購01  ,0,0,0,0,0,0,0,0,0,1000,0,0,0,1000,0,1000,1000
058347,玉晶光群益9B購01,0,0,0,0,0,0,0,0,0,1000,0,0,0,10000,9000,1000,1000
058382,S&P500中信99購01,0,0,0,0,0,0,0,0,0,1000,0,0,0,1000,0,1000,1000
058488,華擎國票9A購01  ,0,0,0,0,0,0,0,0,0,1000,0,0,0,1000,0,1000,1000
058955,台積電國票9A購04,0,0,0,0,0,0,0,0,0,1000,0,0,0,1000,0,1000,1000
05894P,友達群益98售02  ,0,0,0,0,0,0,0,0,0,1000,0,0,0,1000,0,1000,1000
058839,瑞儀中信99購02  ,0,0,0,0,0,0,0,0,0,1000,0,0,0,1000,0,1000,1000
055813,聯發科國票98購04,0,0,0,0,0,0,0,0,0,1000,0,0,0,1000,0,1000,1000
042793,台積電台新9C購01,0,0,0,0,0,0,0,0,0,1000,0,0,0,1000,0,1000,1000
047694,SP黃豆國票9B購01,0,0,0,0,0,0,0,0,0,1000,0,0,0,1000,0,1000,1000
054961,玉晶光元大99購01,0,0,0,0,0,0,0,0,0,1000,0,0,0,1000,0,1000,1000
055136,聯發科富邦99購06,0,0,0,0,0,0,0,0,0,1000,0,0,0,1000,0,1000,1000
054679,台積電康和99購01,0,0,0,0,0,0,0,0,0,1000,0,0,0,1000,0,1000,1000
054371,台積電中信9C購01,0,0,0,0,0,0,0,0,0,1000,0,0,0,1000,0,1000,1000
054270,寶滬深中信98購01,0,0,0,0,0,0,0,0,0,1000,0,0,0,1000,0,1000,1000
057546,台積電凱基02購01,0,0,0,0,0,0,0,0,0,1000,0,0,0,74000,73000,1000,1000
057549,台光電凱基98購05,0,0,0,0,0,0,0,0,0,1000,0,0,0,1000,0,1000,1000
056533,友達凱基9A購02  ,0,0,0,0,0,0,0,0,0,1000,0,0,0,11000,10000,1000,1000
056702,欣興國泰9A購01  ,0,0,0,0,0,0,0,0,0,1000,0,0,0,1000,0,1000,1000
057637,上銀元大98購07  ,0,0,0,0,0,0,0,0,0,1000,0,0,0,1000,0,1000,1000
057624,新日興國泰99購01,0,0,0,0,0,0,0,0,0,1000,0,0,0,1000,0,1000,1000
057716,神達統一98購01  ,0,0,0,0,0,0,0,0,0,1000,0,0,0,1000,0,1000,1000
057696,聯電群益9A購01  ,0,0,0,0,0,0,0,0,0,1000,0,0,0,1000,0,1000,1000
060153,A50正2永豐9A購01,0,0,0,0,0,0,0,0,0,1000,0,0,0,1000,0,1000,1000
059006,樺漢元大99購01  ,0,0,0,0,0,0,0,0,0,1000,0,0,0,1000,0,1000,1000
053760,牧德國泰98購01  ,0,0,0,0,0,0,0,0,0,1000,0,0,0,1000,0,1000,1000
052888,台表科中信9A購01,0,0,0,0,0,0,0,0,0,1000,0,0,0,1000,0,1000,1000
05174P,元金2X富邦9B售01,0,0,0,0,0,0,0,0,0,1000,0,0,0,1000,0,1000,1000
05721P,全新群益98售02  ,0,0,0,0,0,0,0,0,0,1000,0,0,0,1000,0,1000,1000
057377,康控元大99購02  ,0,0,0,0,0,0,0,0,0,1000,0,0,0,4000,3000,1000,1000
056813,聯茂統一99購01  ,0,0,0,0,0,0,0,0,0,1000,0,0,0,1000,0,1000,1000
03174P,台積電國票01售12,0,0,0,0,0,0,0,0,0,1000,0,0,0,12000,11000,1000,1000
03084P,鴻海元大01售23  ,0,0,0,0,0,0,0,0,0,1000,0,0,0,1000,0,1000,1000
03033X,元展30          ,0,0,0,0,0,0,0,0,0,1000,0,0,0,1000,0,1000,1000
03047X,元展44          ,0,0,0,0,0,0,0,0,0,1000,0,0,0,1000,0,1000,1000
00774B,新光中國政金綠債,0,0,0,0,0,0,0,0,0,1000,0,0,0,3000,2000,1000,1000
00775B,新光投等債15+   ,1000,0,1000,0,0,0,0,0,0,0,0,0,0,2000,2000,0,1000
00660,元大歐洲50      ,0,0,0,0,0,0,0,0,0,1000,0,0,0,1000,0,1000,1000
06334P,臺股指群益9C售03,0,0,0,0,0,0,0,0,0,1000,0,0,0,22000,21000,1000,1000
063427,南六凱基9B購04  ,0,0,0,0,0,0,0,0,0,1000,0,0,0,8000,7000,1000,1000
063670,美食統一9C購01  ,0,0,0,0,0,0,0,0,0,1000,0,0,0,50000,49000,1000,1000
062108,晶豪科國票9B購01,0,0,0,0,0,0,0,0,0,1000,0,0,0,21000,20000,1000,1000
063947,大毅元大9C購02  ,0,0,0,0,0,0,0,0,0,1000,0,0,0,1000,0,1000,1000
063692,華擎永豐9B購02  ,0,0,0,0,0,0,0,0,0,1000,0,0,0,2000,1000,1000,1000
064064,義隆富邦03購01  ,0,0,0,0,0,0,0,0,0,1000,0,0,0,1000,0,1000,1000
064014,貿聯國票01購01  ,0,0,0,0,0,0,0,0,0,1000,0,0,0,60000,59000,1000,1000
061632,SP黃豆元大9A購06,0,0,0,0,0,0,0,0,0,1000,0,0,0,2000,1000,1000,1000
064126,聯發科元大9C購05,0,0,0,0,0,0,0,0,0,1000,0,0,0,15000,14000,1000,1000
061888,元金2X富邦9C購01,0,0,0,0,0,0,0,0,0,1000,0,0,0,1000,0,1000,1000
061995,超眾元大01購01  ,0,0,0,0,0,0,0,0,0,1000,0,0,0,1000,0,1000,1000
061927,玉晶光凱基9C購01,0,0,0,0,0,0,0,0,0,1000,0,0,0,1000,0,1000,1000
061241,晶技兆豐9A購01  ,0,0,0,0,0,0,0,0,0,1000,0,0,0,1000,0,1000,1000
062191,台郡元大9B購05  ,0,0,0,0,0,0,0,0,0,1000,0,0,0,1000,0,1000,1000
061198,世紀鋼永豐9A購03,0,0,0,0,0,0,0,0,0,1000,0,0,0,1000,0,1000,1000
062533,嘉澤統一9C購01  ,0,0,0,0,0,0,0,0,0,1000,0,0,0,1000,0,1000,1000
062227,南六統一01購02  ,0,0,0,0,0,0,0,0,0,1000,0,0,0,2000,1000,1000,1000
062235,億光凱基9B購01  ,0,0,0,0,0,0,0,0,0,1000,0,0,0,8000,7000,1000,1000
061376,瑞昱永豐9A購02  ,0,0,0,0,0,0,0,0,0,1000,0,0,0,30000,29000,1000,1000
062271,華通群益9C購02  ,0,0,0,0,0,0,0,0,0,1000,0,0,0,1000,0,1000,1000
062679,技嘉統一01購01  ,0,0,0,0,0,0,0,0,0,1000,0,0,0,1000,0,1000,1000
060799,茂林永豐9A購01  ,0,0,0,0,0,0,0,0,0,1000,0,0,0,1000,0,1000,1000
063788,矽創統一02購01  ,0,0,0,0,0,0,0,0,0,1000,0,0,0,2000,1000,1000,1000
063808,台表科兆豐9C購01,0,0,0,0,0,0,0,0,0,1000,0,0,0,1000,0,1000,1000
064717,台積電統一01購08,0,0,0,0,0,0,0,0,0,1000,0,0,0,11000,10000,1000,1000
061552,南六群益9A購02  ,0,0,0,0,0,0,0,0,0,1000,0,0,0,1000,0,1000,1000
064968,道瓊銀元大01購02,0,0,0,0,0,0,0,0,0,1000,0,0,0,1000,0,1000,1000
064891,台達電群益9C購01,0,0,0,0,0,0,0,0,0,1000,0,0,0,5000,4000,1000,1000
06501P,臺股指元大9A售06,0,0,0,0,0,0,0,0,0,1000,0,0,0,1000,0,1000,1000
06556P,臺股指元大99售08,0,0,0,0,0,0,0,0,0,1000,0,0,0,2000,1000,1000,1000
065370,瑞昱元大9C購02  ,0,0,0,0,0,0,0,0,0,1000,0,0,0,4000,3000,1000,1000
065283,台積電群益01購01,0,0,0,0,0,0,0,0,0,1000,0,0,0,6000,5000,1000,1000
065249,聯發科麥證9C購04,0,0,0,1000,0,1000,0,0,0,1000,0,0,0,1000,0,1000,1000
066064,T50反1凱基03購03,0,0,0,0,0,0,0,0,0,1000,0,0,0,1000,0,1000,1000
065582,景碩國泰01購01  ,0,0,0,0,0,0,0,0,0,1000,0,0,0,20000,19000,1000,1000
065632,正崴國票01購01  ,0,0,0,0,0,0,0,0,0,1000,0,0,0,1000,0,1000,1000
065635,智伸科國票01購02,0,0,0,0,0,0,0,0,0,1000,0,0,0,1000,0,1000,1000
065664,矽格永豐9C購01  ,0,0,0,0,0,0,0,0,0,1000,0,0,0,1000,0,1000,1000
065709,瀚宇博群益9C購01,0,0,0,0,0,0,0,0,0,1000,0,0,0,1000,0,1000,1000
065811,億豐群益9C購01  ,0,0,0,0,0,0,0,0,0,1000,0,0,0,1000,0,1000,1000
065863,臺股指元大9C購37,0,0,0,0,0,0,0,0,0,1000,0,0,0,1000,0,1000,1000
067172,台積電兆豐03購02,0,0,0,0,0,0,0,0,0,1000,0,0,0,1000,0,1000,1000
067019,A50中信02購01   ,0,0,0,0,0,0,0,0,0,1000,0,0,0,11000,10000,1000,1000
067081,華擎元大01購05  ,0,0,0,0,0,0,0,0,0,1000,0,0,0,1000,0,1000,1000
067406,矽格永豐01購01  ,0,0,0,0,0,0,0,0,0,1000,0,0,0,1000,0,1000,1000
067269,眾達永豐01購02  ,0,0,0,0,0,0,0,0,0,1000,0,0,0,1000,0,1000,1000
067275,聯發科統一02購07,0,0,0,0,0,0,0,0,0,1000,0,0,0,1000,0,1000,1000
067470,國巨元大01購10  ,0,0,0,0,0,0,0,0,0,1000,0,0,0,1000,0,1000,1000
066880,上証2X永豐01購01,0,0,0,0,0,0,0,0,0,1000,0,0,0,1000,0,1000,1000
066864,上証2X元富07購02,0,0,0,0,0,0,0,0,0,1000,0,0,0,1000,0,1000,1000
066779,上証2X中信03購01,0,0,0,0,0,0,0,0,0,1000,0,0,0,1000,0,1000,1000
066379,台達電康和01購01,0,0,0,0,0,0,0,0,0,1000,0,0,0,2000,1000,1000,1000
066285,松翰元大01購02  ,0,0,0,0,0,0,0,0,0,1000,0,0,0,3000,2000,1000,1000
1443,立益            ,2000,1000,1000,0,0,0,0,0,0,0,0,0,0,0,0,0,1000
1452,宏益            ,3000,0,3000,0,0,0,0,0,0,-2000,0,2000,-2000,0,0,0,1000
1435,中福            ,1000,0,1000,0,0,0,0,0,0,0,0,0,0,0,0,0,1000
1506,正道            ,8000,7000,1000,0,0,0,0,0,0,0,0,0,0,0,0,0,1000
1233,天仁            ,1000,0,1000,0,0,0,0,0,0,0,0,0,0,0,0,0,1000
2236,百達-KY         ,1000,0,1000,0,0,0,0,0,0,0,0,0,0,0,0,0,1000
2029,盛餘            ,4000,3000,1000,0,0,0,0,0,0,0,0,0,0,0,0,0,1000
2543,皇昌            ,2000,2000,0,0,0,0,0,0,0,1000,1000,0,1000,0,0,0,1000
2630,亞航            ,1000,0,1000,0,0,0,0,0,0,0,0,0,0,0,0,0,1000
5533,皇鼎            ,16000,15000,1000,0,0,0,0,0,0,0,0,0,0,0,0,0,1000
6281,全國電          ,12000,10000,2000,0,0,0,0,0,0,-1000,0,1000,-1000,0,0,0,1000
8467,波力-KY         ,0,0,0,0,0,0,0,0,0,1000,1000,0,1000,0,0,0,1000
910322,康師傅-DR       ,1000,0,1000,0,0,0,0,0,0,0,0,0,0,0,0,0,1000
2731,雄獅            ,11000,10000,1000,0,0,0,0,0,0,0,0,0,0,0,0,0,1000
2908,特力            ,18000,13000,5000,0,0,0,0,0,0,-4000,0,4000,-4000,0,0,0,1000
2901,欣欣            ,0,0,0,0,0,0,0,0,0,1000,1000,0,1000,0,0,0,1000
2891C,中信金丙特      ,0,0,0,0,0,0,0,0,0,1000,1000,0,1000,0,0,0,1000
068668,國巨統一03購03  ,0,0,0,0,0,0,0,0,0,0,0,0,0,1000,1000,0,0
068556,道瓊銀元大03購01,0,0,0,0,0,0,0,0,0,0,0,0,0,10000,10000,0,0
068842,國巨統一02購05  ,0,0,0,0,0,0,0,0,0,0,0,0,0,1000,1000,0,0
068797,茂林凱基02購01  ,0,0,0,0,0,0,0,0,0,0,0,0,0,3000,3000,0,0
068768,台積電統一05購01,0,0,0,0,0,0,0,0,0,0,0,0,0,10000,10000,0,0
068801,深中小群益03購02,0,0,0,0,0,0,0,0,0,0,0,0,0,310000,310000,0,0
068437,宏達電凱基01購03,0,0,0,0,0,0,0,0,0,0,0,0,0,2000,2000,0,0
068467,台灣50群益01購15,0,0,0,0,0,0,0,0,0,0,0,0,0,2000,2000,0,0
06837P,上銀統一9A售02  ,0,0,0,0,0,0,0,0,0,0,0,0,0,140000,140000,0,0
06839P,玉晶光統一9A售05,0,0,0,0,0,0,0,0,0,0,0,0,0,50000,50000,0,0
068424,台灣50凱基04購11,0,0,0,0,0,0,0,0,0,0,0,0,0,100000,100000,0,0
068246,台積電元大01購38,0,0,0,0,0,0,0,0,0,0,0,0,0,5000,5000,0,0
068322,國巨元大03購02  ,0,0,0,0,0,0,0,0,0,0,0,0,0,3000,3000,0,0
068349,聯電凱基03購03  ,0,0,0,0,0,0,0,0,0,0,0,0,0,38000,38000,0,0
067988,台積電元大01購30,0,0,0,0,0,0,0,0,0,0,0,0,0,100000,100000,0,0
067998,聯發科元大01購22,0,0,0,0,0,0,0,0,0,0,0,0,0,9000,9000,0,0
06795P,臺股指凱基98售05,0,0,0,0,0,0,0,0,0,0,0,0,0,14000,14000,0,0
06807P,臺股指群益98售13,0,0,0,0,0,0,0,0,0,0,0,0,0,10000,10000,0,0
068183,彩晶群益03購02  ,0,0,0,0,0,0,0,0,0,0,0,0,0,509000,509000,0,0
067677,大立光元大01購13,0,0,0,0,0,0,0,0,0,0,0,0,0,5000,5000,0,0
067602,億光凱基01購01  ,0,0,0,0,0,0,0,0,0,0,0,0,0,6000,6000,0,0
06758P,鴻海元大98售10  ,0,0,0,0,0,0,0,0,0,0,0,0,0,41000,41000,0,0
067717,聯電凱基03購01  ,0,0,0,0,0,0,0,0,0,0,0,0,0,3000,3000,0,0
067729,台灣50元大01購29,0,0,0,0,0,0,0,0,0,0,0,0,0,2000,2000,0,0
068839,康控永豐02購01  ,0,0,0,0,0,0,0,0,0,0,0,0,0,12000,12000,0,0
068978,義隆元大02購02  ,0,0,0,0,0,0,0,0,0,0,0,0,0,100000,100000,0,0
068985,瑞儀元大02購04  ,0,0,0,0,0,0,0,0,0,0,0,0,0,267000,267000,0,0
068940,國巨日盛02購01  ,0,0,0,0,0,0,0,0,0,0,0,0,0,3000,3000,0,0
069027,晶技國票03購01  ,0,0,0,0,0,0,0,0,0,0,0,0,0,12000,12000,0,0
069013,緯創兆豐03購01  ,0,0,0,0,0,0,0,0,0,0,0,0,0,4000,4000,0,0
069021,台積電國票03購05,0,0,0,0,0,0,0,0,0,0,0,0,0,5000,5000,0,0
069074,長興凱基03購01  ,0,0,0,0,0,0,0,0,0,0,0,0,0,6000,6000,0,0
069052,信邦元富08購01  ,0,0,0,0,0,0,0,0,0,0,0,0,0,8000,8000,0,0
069149,彩晶永豐02購01  ,0,0,0,0,0,0,0,0,0,0,0,0,0,7000,7000,0,0
069155,國巨元大02購10  ,0,0,0,0,0,0,0,0,0,0,0,0,0,10000,10000,0,0
069133,神隆永豐02購01  ,0,0,0,0,0,0,0,0,0,0,0,0,0,8000,8000,0,0
07728P,臺股指凱基9A售20,0,0,0,0,0,0,0,0,0,0,0,0,0,5000,5000,0,0
07731P,臺股指凱基9A售28,0,0,0,0,0,0,0,0,0,0,0,0,0,2000,2000,0,0
07460P,臺股指元大9B售03,0,0,0,0,0,0,0,0,0,0,0,0,0,70000,70000,0,0
07200P,臺股指元大99售16,10000,0,10000,0,0,0,0,0,0,-10000,0,0,0,0,10000,-10000,0
07009P,臺股指中信9B售01,0,0,0,0,0,0,0,0,0,0,0,0,0,20000,20000,0,0
069239,聯電凱基02購02  ,0,0,0,0,0,0,0,0,0,0,0,0,0,3000,3000,0,0
069240,聯電凱基02購03  ,0,0,0,0,0,0,0,0,0,0,0,0,0,5000,5000,0,0
069241,聯電凱基03購06  ,0,0,0,0,0,0,0,0,0,0,0,0,0,8000,8000,0,0
069204,瑞昱元大02購04  ,0,0,0,0,0,0,0,0,0,0,0,0,0,10000,10000,0,0
069221,國巨群益02購04  ,0,0,0,0,0,0,0,0,0,0,0,0,0,1000,1000,0,0
06929P,鴻海元大99售11  ,0,0,0,0,0,0,0,0,0,0,0,0,0,900000,900000,0,0
069327,樺漢兆豐03購01  ,0,0,0,0,0,0,0,0,0,0,0,0,0,1000,1000,0,0
069313,中磊凱基02購01  ,0,0,0,0,0,0,0,0,0,0,0,0,0,30000,30000,0,0
069314,彩晶凱基02購02  ,0,0,0,0,0,0,0,0,0,0,0,0,0,3000,3000,0,0
069336,華碩群益02購01  ,0,0,0,0,0,0,0,0,0,0,0,0,0,14000,14000,0,0
069338,瑞昱群益03購01  ,0,0,0,0,0,0,0,0,0,0,0,0,0,10000,10000,0,0
069341,國產群益04購01  ,0,0,0,0,0,0,0,0,0,0,0,0,0,38000,38000,0,0
069357,聯電永豐02購04  ,0,0,0,0,0,0,0,0,0,0,0,0,0,1000,1000,0,0
069359,瑞昱永豐02購02  ,0,0,0,0,0,0,0,0,0,0,0,0,0,20000,20000,0,0
069377,華碩元大02購02  ,0,0,0,0,0,0,0,0,0,0,0,0,0,13000,13000,0,0
069379,微星元大03購01  ,0,0,0,0,0,0,0,0,0,0,0,0,0,89000,89000,0,0
069398,聯電統一02購05  ,0,0,0,0,0,0,0,0,0,0,0,0,0,3000,3000,0,0
069399,聯電統一02購06  ,0,0,0,0,0,0,0,0,0,0,0,0,0,3000,3000,0,0
069400,聯電統一03購06  ,0,0,0,0,0,0,0,0,0,0,0,0,0,3000,3000,0,0
069401,聯電統一04購01  ,0,0,0,0,0,0,0,0,0,0,0,0,0,3000,3000,0,0
08473P,康控凱基9C售01  ,0,0,0,0,0,0,0,0,0,0,0,0,0,10000,10000,0,0
08579P,臺股指元大9C售27,0,0,0,0,0,0,0,0,0,0,0,0,0,10000,10000,0,0
08598P,立積元大9C售04  ,0,0,0,0,0,0,0,0,0,0,0,0,0,112000,112000,0,0
07756P,台灣50國票04售01,0,0,0,0,0,0,0,0,0,0,0,0,0,10000,10000,0,0
08177P,金像電元大9B售02,0,0,0,0,0,0,0,0,0,0,0,0,0,1000,1000,0,0
08069P,大立光國泰01售02,0,0,0,0,0,0,0,0,0,0,0,0,0,54000,54000,0,0
08111P,臺股指中信01售06,0,0,0,0,0,0,0,0,0,0,0,0,0,20000,20000,0,0
00661,元大日經225     ,0,0,0,0,0,0,0,0,0,0,0,0,0,1000,1000,0,0
00668K,國泰美國道瓊+U  ,0,0,0,0,0,0,0,0,0,0,0,0,0,100,100,0,0
00657K,國泰日經225+U   ,0,0,0,0,0,0,0,0,0,0,0,0,0,100,100,0,0
00645,富邦日本        ,0,0,0,0,0,0,0,0,0,0,0,0,0,115000,115000,0,0
006203,元大MSCI台灣    ,0,0,0,0,0,0,0,0,0,0,0,0,0,4000,4000,0,0
00625K,富邦上証+R      ,0,0,0,0,0,0,0,0,0,0,0,0,0,50000,50000,0,0
00636K,國泰中國A50+U   ,0,0,0,0,0,0,0,0,0,0,0,0,0,100,100,0,0
00707R,元大S&P日圓反1  ,0,0,0,0,0,0,0,0,0,0,0,0,0,1000,1000,0,0
00689R,國泰20年美債反1 ,0,0,0,0,0,0,0,0,0,0,0,0,0,100000,100000,0,0
03027P,玉晶光元大01售09,0,0,0,0,0,0,0,0,0,0,0,0,0,20000,20000,0,0
03102P,臺股指凱基03售08,0,0,0,0,0,0,0,0,0,0,0,0,0,5000,5000,0,0
03123P,台積電元大01售45,0,0,0,0,0,0,0,0,0,0,0,0,0,1003000,1003000,0,0
03055P,台積電康和01售02,0,0,0,0,0,0,0,0,0,0,0,0,0,61000,61000,0,0
03205P,聯發科凱基01售24,0,0,0,0,0,0,0,0,0,0,0,0,0,30000,30000,0,0
03196P,台積電元富07售15,0,0,0,0,0,0,0,0,0,0,0,0,0,5000,5000,0,0
03004P,華擎群益02售02  ,0,0,0,0,0,0,0,0,0,0,0,0,0,5000,5000,0,0
056785,可成群益99購01  ,0,0,0,0,0,0,0,0,0,0,0,0,0,10000,10000,0,0
03346P,聯發科元富03售09,0,0,0,0,0,0,0,0,0,0,0,0,0,32000,32000,0,0
03022P,玉晶光群益02售26,0,0,0,0,0,0,0,0,0,0,0,0,0,31000,31000,0,0
057363,華通元大99購02  ,0,0,0,0,0,0,0,0,0,0,0,0,0,16000,16000,0,0
057331,台積電國票99購04,0,0,0,0,0,0,0,0,0,0,0,0,0,100000,100000,0,0
057291,國巨國泰9A購01  ,0,0,0,0,0,0,0,0,0,0,0,0,0,10000,10000,0,0
057180,華新科元大99購08,0,0,0,0,0,0,0,0,0,0,0,0,0,10000,10000,0,0
057116,鴻海日盛9A購01  ,0,0,0,0,0,0,0,0,0,0,0,0,0,20000,20000,0,0
057079,台積電統一9A購02,0,0,0,0,0,0,0,0,0,0,0,0,0,10000,10000,0,0
057437,可成國票99購01  ,0,0,0,0,0,0,0,0,0,0,0,0,0,30000,30000,0,0
053181,滬深2X元富99購02,0,0,0,0,0,0,0,0,0,0,0,0,0,133000,133000,0,0
052828,滬深2X群益9A購02,0,0,0,0,0,0,0,0,0,0,0,0,0,20000,20000,0,0
052847,漢唐統一99購01  ,0,0,0,0,0,0,0,0,0,0,0,0,0,150000,150000,0,0
053651,台光電凱基98購01,0,0,0,0,0,0,0,0,0,0,0,0,0,2000,2000,0,0
053798,台積電中信98購02,0,2000,-2000,0,0,0,0,0,0,2000,0,0,0,2000,0,2000,0
03383P,聯電凱基02售04  ,0,0,0,0,0,0,0,0,0,0,0,0,0,15000,15000,0,0
053402,A50正2群益9A購02,0,0,0,0,0,0,0,0,0,0,0,0,0,14000,14000,0,0
053381,友達元大9A購02  ,0,0,0,0,0,0,0,0,0,0,0,0,0,85000,85000,0,0
059538,健策凱基99購03  ,0,0,0,0,0,0,0,0,0,0,0,0,0,3000,3000,0,0
059660,華新科元大9A購04,0,0,0,0,0,0,0,0,0,0,0,0,0,1000,1000,0,0
059707,健策凱基9A購03  ,0,0,0,0,0,0,0,0,0,0,0,0,0,1000,1000,0,0
059573,健策凱基9A購02  ,0,0,0,0,0,0,0,0,0,0,0,0,0,6000,6000,0,0
059642,健策凱基99購04  ,0,0,0,0,0,0,0,0,0,0,0,0,0,1000,1000,0,0
059629,友達凱基99購06  ,0,0,0,0,0,0,0,0,0,0,0,0,0,10000,10000,0,0
059889,華新科國票99購04,0,0,0,0,0,0,0,0,0,0,0,0,0,3000,3000,0,0
059869,友達凱基99購07  ,0,0,0,0,0,0,0,0,0,0,0,0,0,10000,10000,0,0
059872,華新科凱基01購01,0,0,0,0,0,0,0,0,0,0,0,0,0,10000,10000,0,0
059733,緯穎元大99購08  ,0,0,0,0,0,0,0,0,0,0,0,0,0,10000,10000,0,0
059781,A50正2元大9C購03,0,0,0,0,0,0,0,0,0,0,0,0,0,10000,10000,0,0
059788,華新科元大9A購05,0,0,0,0,0,0,0,0,0,0,0,0,0,6000,6000,0,0
059828,健策凱基99購05  ,0,0,0,0,0,0,0,0,0,0,0,0,0,3000,3000,0,0
060163,健策永豐9B購01  ,0,0,0,0,0,0,0,0,0,0,0,0,0,1000,1000,0,0
057682,台積電日盛9A購03,0,0,0,0,0,0,0,0,0,0,0,0,0,80000,80000,0,0
057694,臺股指凱基98購12,0,0,0,0,0,0,0,0,0,0,0,0,0,22000,22000,0,0
057664,台積電元大9A購03,0,0,0,0,0,0,0,0,0,0,0,0,0,30000,30000,0,0
057667,可成元大99購01  ,0,0,0,0,0,0,0,0,0,0,0,0,0,68000,68000,0,0
057613,瑞昱元富02購02  ,0,0,0,0,0,0,0,0,0,0,0,0,0,6000,6000,0,0
056771,嘉晶元大99購01  ,0,0,0,0,0,0,0,0,0,0,0,0,0,3000,3000,0,0
056670,樺漢國票99購01  ,0,0,0,0,0,0,0,0,0,0,0,0,0,10000,10000,0,0
056636,台積電日盛9A購01,0,0,0,0,0,0,0,0,0,0,0,0,0,11000,11000,0,0
057544,鴻海凱基02購01  ,0,0,0,0,0,0,0,0,0,0,0,0,0,30000,30000,0,0
054387,台積電統一98購02,0,0,0,0,0,0,0,0,0,0,0,0,0,145000,145000,0,0
054803,味全元大9A購01  ,0,0,0,0,0,0,0,0,0,0,0,0,0,10000,10000,0,0
054808,東元元大9A購01  ,0,0,0,0,0,0,0,0,0,0,0,0,0,37000,37000,0,0
055515,聚陽中信9A購01  ,0,0,0,0,0,0,0,0,0,0,0,0,0,10000,10000,0,0
046383,群創凱基98購01  ,0,0,0,0,0,0,0,0,0,0,0,0,0,7000,7000,0,0
055948,道瓊銀元大98購02,0,0,0,0,0,0,0,0,0,0,0,0,0,34000,34000,0,0
056333,台積電日盛9B購01,0,0,0,0,0,0,0,0,0,0,0,0,0,40000,40000,0,0
056490,台積電國泰99購01,0,0,0,0,0,0,0,0,0,0,0,0,0,6000,6000,0,0
058544,FBVIX富邦9B購01 ,0,0,0,0,0,0,0,0,0,0,0,0,0,10000,10000,0,0
058539,聯發科台新99購01,0,0,0,0,0,0,0,0,0,0,0,0,0,17000,17000,0,0
058520,智易元大99購03  ,0,0,0,0,0,0,0,0,0,0,0,0,0,1000,1000,0,0
058494,可成群益9B購01  ,0,0,0,0,0,0,0,0,0,0,0,0,0,22000,22000,0,0
058507,美律元大9A購01  ,0,0,0,0,0,0,0,0,0,0,0,0,0,10000,10000,0,0
058445,旺宏富邦9C購01  ,0,0,0,0,0,0,0,0,0,0,0,0,0,5000,5000,0,0
058358,技嘉凱基9A購01  ,0,0,0,0,0,0,0,0,0,0,0,0,0,1000,1000,0,0
058797,大毅元大99購03  ,0,0,0,0,0,0,0,0,0,0,0,0,0,40000,40000,0,0
058769,友達兆豐99購01  ,0,0,0,0,0,0,0,0,0,0,0,0,0,11000,11000,0,0
058751,南茂凱基9A購01  ,0,0,0,0,0,0,0,0,0,0,0,0,0,5000,5000,0,0
058237,嘉晶元大99購04  ,0,0,0,0,0,0,0,0,0,0,0,0,0,10000,10000,0,0
058321,大立光永豐99購01,0,0,0,0,0,0,0,0,0,0,0,0,0,40000,40000,0,0
058099,鴻海國泰9A購02  ,0,0,0,0,0,0,0,0,0,0,0,0,0,340000,340000,0,0
060037,鴻海國票99購10  ,0,0,0,0,0,0,0,0,0,0,0,0,0,35000,35000,0,0
058677,矽格群益99購01  ,0,0,0,0,0,0,0,0,0,0,0,0,0,10000,10000,0,0
060649,國巨第一9A購01  ,0,0,0,0,0,0,0,0,0,0,0,0,0,5000,5000,0,0
060655,國巨統一9B購06  ,0,0,0,0,0,0,0,0,0,0,0,0,0,1000,1000,0,0
060610,玉晶光凱基9B購02,0,0,0,0,0,0,0,0,0,0,0,0,0,1000,1000,0,0
059062,群創凱基99購05  ,0,0,0,0,0,0,0,0,0,0,0,0,0,8000,8000,0,0
059068,台虹國票9A購01  ,0,0,0,0,0,0,0,0,0,0,0,0,0,76000,76000,0,0
059248,華新科凱基99購04,0,0,0,0,0,0,0,0,0,0,0,0,0,6000,6000,0,0
059162,國巨凱基99購12  ,0,0,0,0,0,0,0,0,0,0,0,0,0,3000,3000,0,0
059154,可成日盛99購02  ,0,0,0,0,0,0,0,0,0,0,0,0,0,515000,515000,0,0
059014,SGBR2X元富03購01,0,0,0,0,0,0,0,0,0,0,0,0,0,2000,2000,0,0
059466,國巨元大99購26  ,0,0,0,0,0,0,0,0,0,0,0,0,0,3000,3000,0,0
059044,聯電日盛99購02  ,0,0,0,0,0,0,0,0,0,0,0,0,0,1000,1000,0,0
059390,華新科凱基99購05,0,0,0,0,0,0,0,0,0,0,0,0,0,2000,2000,0,0
059386,上銀凱基99購07  ,0,0,0,0,0,0,0,0,0,0,0,0,0,10000,10000,0,0
059427,國巨元大99購24  ,0,0,0,0,0,0,0,0,0,0,0,0,0,1000,1000,0,0
059435,大立光元大99購17,5000,0,5000,0,0,0,0,0,0,-5000,0,0,0,0,5000,-5000,0
059436,大立光元大99購18,5000,0,5000,0,0,0,0,0,0,-5000,0,0,0,0,5000,-5000,0
059301,華新科群益99購04,0,0,0,0,0,0,0,0,0,0,0,0,0,4000,4000,0,0
060449,元金2X元大9A購02,0,0,0,0,0,0,0,0,0,0,0,0,0,1000,1000,0,0
060340,國巨統一01購02  ,0,0,0,0,0,0,0,0,0,0,0,0,0,1000,1000,0,0
060343,台積電統一9C購02,0,0,0,0,0,0,0,0,0,0,0,0,0,9000,9000,0,0
060402,神隆國泰9B購01  ,0,0,0,0,0,0,0,0,0,0,0,0,0,7000,7000,0,0
057894,華通元富02購02  ,0,0,0,0,0,0,0,0,0,0,0,0,0,16000,16000,0,0
060515,臺股指元大9B購12,0,0,0,0,0,0,0,0,0,0,0,0,0,30000,30000,0,0
057802,卜蜂元大98購01  ,0,0,0,0,0,0,0,0,0,0,0,0,0,1000,1000,0,0
057787,TPK國票99購01   ,0,0,0,0,0,0,0,0,0,0,0,0,0,56000,56000,0,0
057788,嘉聯益國票99購01,0,0,0,0,0,0,0,0,0,0,0,0,0,200000,200000,0,0
063029,喬山凱基9B購01  ,0,20000,-20000,0,0,0,0,0,0,20000,0,0,0,20000,0,20000,0
062990,台積電群益9B購06,0,0,0,0,0,0,0,0,0,0,0,0,0,30000,30000,0,0
063010,國巨元大9C購02  ,0,0,0,0,0,0,0,0,0,0,0,0,0,1000,1000,0,0
063014,技嘉元大9B購03  ,0,0,0,0,0,0,0,0,0,0,0,0,0,2000,2000,0,0
063052,國巨統一9C購10  ,0,0,0,0,0,0,0,0,0,0,0,0,0,1000,1000,0,0
064341,聯詠元大9C購01  ,0,0,0,0,0,0,0,0,0,0,0,0,0,17000,17000,0,0
064335,可成元大9C購05  ,0,0,0,0,0,0,0,0,0,0,0,0,0,20000,20000,0,0
064317,日月光群益9C購01,0,0,0,0,0,0,0,0,0,0,0,0,0,25000,25000,0,0
064329,國巨元大01購03  ,0,0,0,0,0,0,0,0,0,0,0,0,0,1000,1000,0,0
061567,華通元大9A購11  ,0,0,0,0,0,0,0,0,0,0,0,0,0,1000,1000,0,0
064420,台積電兆豐9C購03,0,0,0,0,0,0,0,0,0,0,0,0,0,224000,224000,0,0
062479,TPK國票9B購01   ,0,0,0,0,0,0,0,0,0,0,0,0,0,1000,1000,0,0
062448,健策元大9C購04  ,0,0,0,0,0,0,0,0,0,0,0,0,0,1000,1000,0,0
062455,鴻海群益9C購01  ,0,0,0,0,0,0,0,0,0,0,0,0,0,3000,3000,0,0
062410,台積電第一9B購02,0,0,0,0,0,0,0,0,0,0,0,0,0,10000,10000,0,0
062417,鴻海統一9C購08  ,0,0,0,0,0,0,0,0,0,0,0,0,0,10000,10000,0,0
063173,矽格中信9B購01  ,0,0,0,0,0,0,0,0,0,0,0,0,0,10000,10000,0,0
063168,台表科永豐9B購01,0,0,0,0,0,0,0,0,0,0,0,0,0,11000,11000,0,0
064725,緯創統一02購01  ,0,0,0,0,0,0,0,0,0,0,0,0,0,5000,5000,0,0
064693,玉晶光群益01購06,0,0,0,0,0,0,0,0,0,0,0,0,0,1000,1000,0,0
064688,國巨群益9C購11  ,0,0,0,0,0,0,0,0,0,0,0,0,0,1000,1000,0,0
064680,創意兆豐01購01  ,0,0,0,0,0,0,0,0,0,0,0,0,0,20000,20000,0,0
064664,微星元大9C購04  ,0,0,0,0,0,0,0,0,0,0,0,0,0,20000,20000,0,0
064641,神隆凱基9C購01  ,0,0,0,0,0,0,0,0,0,0,0,0,0,3000,3000,0,0
064758,可成凱基02購02  ,0,0,0,0,0,0,0,0,0,0,0,0,0,4000,4000,0,0
063807,超眾兆豐01購01  ,0,0,0,0,0,0,0,0,0,0,0,0,0,5000,5000,0,0
060767,世紀鋼元大9A購02,0,0,0,0,0,0,0,0,0,0,0,0,0,5000,5000,0,0
060805,國巨群益9A購06  ,0,0,0,0,0,0,0,0,0,0,0,0,0,1000,1000,0,0
060770,宏達電麥證9A購01,0,0,0,21000,2000,19000,0,0,0,0,0,0,0,23000,23000,0,0
060999,國巨兆豐9A購01  ,0,0,0,0,0,0,0,0,0,0,0,0,0,1000,1000,0,0
060881,玉山金中信02購01,0,0,0,0,0,0,0,0,0,0,0,0,0,30000,30000,0,0
061145,臻鼎中信9A購02  ,0,0,0,0,0,0,0,0,0,0,0,0,0,20000,20000,0,0
061069,嘉聯益凱基9A購01,0,0,0,0,0,0,0,0,0,0,0,0,0,4000,4000,0,0
061066,嘉晶凱基9B購01  ,0,0,0,0,0,0,0,0,0,0,0,0,0,6000,6000,0,0
061418,世紀鋼群益9A購02,0,0,0,0,0,0,0,0,0,0,0,0,0,15000,15000,0,0
061395,健策統一9C購02  ,0,0,0,0,0,0,0,0,0,0,0,0,0,1000,1000,0,0
062355,華通元大9B購03  ,0,0,0,0,0,0,0,0,0,0,0,0,0,1000,1000,0,0
062371,健策元大9B購08  ,0,0,0,0,0,0,0,0,0,0,0,0,0,2000,2000,0,0
061482,健策元大9C購01  ,0,0,0,0,0,0,0,0,0,0,0,0,0,2000,2000,0,0
062669,微星中信03購01  ,0,0,0,0,0,0,0,0,0,0,0,0,0,20000,20000,0,0
062636,聯鈞國票9B購01  ,0,0,0,0,0,0,0,0,0,0,0,0,0,2000,2000,0,0
062713,台灣50凱基02購03,0,0,0,0,0,0,0,0,0,0,0,0,0,2000,2000,0,0
062697,國巨元大9C購01  ,0,0,0,0,0,0,0,0,0,0,0,0,0,1000,1000,0,0
062681,全新統一01購01  ,0,0,0,0,0,0,0,0,0,0,0,0,0,15000,15000,0,0
061278,和大統一9A購01  ,0,0,0,0,0,0,0,0,0,0,0,0,0,10000,10000,0,0
061280,國巨統一9C購06  ,0,0,0,0,0,0,0,0,0,0,0,0,0,1000,1000,0,0
061286,大立光統一9A購05,0,0,0,0,0,0,0,0,0,0,0,0,0,20000,20000,0,0
062273,國巨群益9C購02  ,0,0,0,0,0,0,0,0,0,0,0,0,0,1000,1000,0,0
062306,華通凱基9B購01  ,0,0,0,0,0,0,0,0,0,0,0,0,0,4000,4000,0,0
062315,健策凱基9C購01  ,0,0,0,0,0,0,0,0,0,0,0,0,0,6000,6000,0,0
062843,臺股指群益9B購10,0,0,0,0,0,0,0,0,0,0,0,0,0,3000,3000,0,0
062767,GIS凱基9B購02   ,0,0,0,0,0,0,0,0,0,0,0,0,0,10000,10000,0,0
062795,國巨統一9B購15  ,0,0,0,0,0,0,0,0,0,0,0,0,0,1000,1000,0,0
062797,瑞昱統一9B購01  ,0,0,0,0,0,0,0,0,0,0,0,0,0,14000,14000,0,0
062547,玉晶光永豐9B購05,0,0,0,0,0,0,0,0,0,0,0,0,0,58000,58000,0,0
062569,南電中信01購01  ,0,0,0,0,0,0,0,0,0,0,0,0,0,10000,10000,0,0
061168,力成兆豐9A購01  ,0,0,0,0,0,0,0,0,0,0,0,0,0,22000,22000,0,0
062184,奇鋐元大9B購02  ,0,0,0,0,0,0,0,0,0,0,0,0,0,20000,20000,0,0
061266,國泰金凱基9B購01,0,0,0,0,0,0,0,0,0,0,0,0,0,100000,100000,0,0
061258,華通凱基9A購06  ,0,0,0,0,0,0,0,0,0,0,0,0,0,10000,10000,0,0
061259,台積電凱基9A購21,0,0,0,0,0,0,0,0,0,0,0,0,0,5000,5000,0,0
061946,鴻海群益9B購03  ,0,0,0,0,0,0,0,0,0,0,0,0,0,114000,114000,0,0
061975,華通元大9B購01  ,0,0,0,0,0,0,0,0,0,0,0,0,0,2000,2000,0,0
062049,亞德客統一01購01,0,0,0,0,0,0,0,0,0,0,0,0,0,214000,214000,0,0
061879,超眾元大9C購01  ,0,0,0,0,0,0,0,0,0,0,0,0,0,29000,29000,0,0
061850,國巨國票9C購02  ,0,0,0,0,0,0,0,0,0,0,0,0,0,10000,10000,0,0
061868,旺宏元大9B購03  ,0,0,0,0,0,0,0,0,0,0,0,0,0,100000,100000,0,0
061871,瑞昱元大9B購01  ,0,0,0,0,0,0,0,0,0,0,0,0,0,3000,3000,0,0
061811,A50正2群益01購03,0,0,0,0,0,0,0,0,0,0,0,0,0,2000,2000,0,0
061705,健策國票9A購06  ,0,0,0,0,0,0,0,0,0,0,0,0,0,2000,2000,0,0
061718,GIS凱基9B購01   ,0,0,0,0,0,0,0,0,0,0,0,0,0,10000,10000,0,0
061710,國巨凱基9A購18  ,0,0,0,0,0,0,0,0,0,0,0,0,0,1000,1000,0,0
061725,國巨麥證9A購05  ,0,0,0,1000,0,1000,0,0,0,0,0,0,0,1000,1000,0,0
061645,超眾元大9A購06  ,0,0,0,0,0,0,0,0,0,0,0,0,0,4000,4000,0,0
064124,台積電元大9C購10,0,0,0,0,0,0,0,0,0,0,0,0,0,5000,5000,0,0
064125,聯發科元大02購01,0,0,0,0,0,0,0,0,0,0,0,0,0,10000,10000,0,0
061601,台積電凱基9A購26,0,0,0,0,0,0,0,0,0,0,0,0,0,5000,5000,0,0
064104,TPK群益9C購02   ,0,0,0,0,0,0,0,0,0,0,0,0,0,1000,1000,0,0
064082,緯創中信06購01  ,0,0,0,0,0,0,0,0,0,0,0,0,0,5000,5000,0,0
064090,祥碩凱基9C購03  ,0,0,0,0,0,0,0,0,0,0,0,0,0,10000,10000,0,0
063994,台光電群益9C購01,0,0,0,0,0,0,0,0,0,0,0,0,0,10000,10000,0,0
063981,貿聯兆豐9C購01  ,0,0,0,0,0,0,0,0,0,0,0,0,0,20000,20000,0,0
064022,台積電元大9C購07,0,0,0,0,0,0,0,0,0,0,0,0,0,5000,5000,0,0
063747,國巨國票9C購06  ,0,0,0,0,0,0,0,0,0,0,0,0,0,186000,186000,0,0
063849,奇鋐元大9C購01  ,0,0,0,0,0,0,0,0,0,0,0,0,0,20000,20000,0,0
063933,TPK統一01購01   ,0,0,0,0,0,0,0,0,0,0,0,0,0,6000,6000,0,0
063880,可成元富9C購01  ,0,0,0,0,0,0,0,0,0,0,0,0,0,61000,61000,0,0
063891,國巨群益9C購07  ,0,0,0,0,0,0,0,0,0,0,0,0,0,3000,3000,0,0
062134,國巨群益9B購04  ,0,0,0,0,0,0,0,0,0,0,0,0,0,1000,1000,0,0
063107,矽創群益9B購01  ,0,0,0,0,0,0,0,0,0,0,0,0,0,14000,14000,0,0
063583,GIS國泰01購01   ,0,0,0,0,0,0,0,0,0,0,0,0,0,40000,40000,0,0
063665,南亞科統一01購02,0,0,0,0,0,0,0,0,0,0,0,0,0,43000,43000,0,0
063236,旺宏元大9B購07  ,0,0,0,0,0,0,0,0,0,0,0,0,0,60000,60000,0,0
063278,國巨元大9C購04  ,0,0,0,0,0,0,0,0,0,0,0,0,0,1000,1000,0,0
063279,國巨元大9C購05  ,0,0,0,0,0,0,0,0,0,0,0,0,0,1000,1000,0,0
063522,技嘉凱基9B購03  ,0,0,0,0,0,0,0,0,0,0,0,0,0,1000,1000,0,0
063452,創意統一01購01  ,0,0,0,0,0,0,0,0,0,0,0,0,0,3000,3000,0,0
062071,華通元大9B購02  ,0,0,0,0,0,0,0,0,0,0,0,0,0,2000,2000,0,0
062936,鴻海凱基9B購07  ,0,0,0,0,0,0,0,0,0,0,0,0,0,35000,35000,0,0
062925,建準國票9B購01  ,0,0,0,0,0,0,0,0,0,0,0,0,0,2000,2000,0,0
066269,宏達電元大01購03,0,0,0,0,0,0,0,0,0,0,0,0,0,22000,22000,0,0
066367,緯創中信05購01  ,0,0,0,0,0,0,0,0,0,0,0,0,0,4000,4000,0,0
066403,台郡凱基01購02  ,0,0,0,0,0,0,0,0,0,0,0,0,0,30000,30000,0,0
066513,精元永豐01購02  ,0,0,0,0,0,0,0,0,0,0,0,0,0,10000,10000,0,0
066520,大立光第一01購01,0,0,0,0,0,0,0,0,0,0,0,0,0,50000,50000,0,0
066832,健策群益01購08  ,0,0,0,0,0,0,0,0,0,0,0,0,0,2000,2000,0,0
066861,致新國票02購01  ,0,0,0,0,0,0,0,0,0,0,0,0,0,30000,30000,0,0
066867,A50正2元富01購02,0,0,0,0,0,0,0,0,0,0,0,0,0,13000,13000,0,0
066839,台灣50元大01購24,0,0,0,0,0,0,0,0,0,0,0,0,0,2000,2000,0,0
066918,台積電麥證01購05,0,0,0,10000,0,10000,0,0,0,0,0,0,0,10000,10000,0,0
066712,台灣50元大01購20,0,0,0,0,0,0,0,0,0,0,0,0,0,2000,2000,0,0
066713,台灣50元大01購21,0,0,0,0,0,0,0,0,0,0,0,0,0,2000,2000,0,0
067420,國巨凱基02購03  ,0,0,0,0,0,0,0,0,0,0,0,0,0,1000,1000,0,0
067518,大立光台新01購03,0,0,0,0,0,0,0,0,0,0,0,0,0,10000,10000,0,0
067309,欣興元大01購04  ,0,0,0,0,0,0,0,0,0,0,0,0,0,1000,1000,0,0
067315,京鼎元大01購05  ,0,0,0,0,0,0,0,0,0,0,0,0,0,163000,163000,0,0
067062,神隆元大01購02  ,0,0,0,0,0,0,0,0,0,0,0,0,0,2000,2000,0,0
066935,奇鋐國票02購02  ,0,0,0,0,0,0,0,0,0,0,0,0,0,20000,20000,0,0
067176,健策麥證02購02  ,0,0,0,63000,0,63000,0,0,0,0,0,0,0,63000,63000,0,0
067129,神隆永豐01購01  ,0,0,0,0,0,0,0,0,0,0,0,0,0,7000,7000,0,0
067182,鴻海凱基02購05  ,0,0,0,0,0,0,0,0,0,0,0,0,0,35000,35000,0,0
065888,鴻海統一03購01  ,0,0,0,0,0,0,0,0,0,0,0,0,0,100000,100000,0,0
065905,聯茂富邦02購01  ,0,0,0,0,0,0,0,0,0,0,0,0,0,10000,10000,0,0
065899,神基麥證9C購02  ,0,0,0,2000,2000,0,0,0,0,0,0,0,0,2000,2000,0,0
065921,GIS凱基01購02   ,0,0,0,0,0,0,0,0,0,0,0,0,0,10000,10000,0,0
065848,聯詠元大9C購03  ,0,0,0,0,0,0,0,0,0,0,0,0,0,16000,16000,0,0
065829,嘉晶凱基9C購05  ,0,0,0,0,0,0,0,0,0,0,0,0,0,16000,16000,0,0
065719,T50反1兆豐9C購01,0,0,0,0,0,0,0,0,0,0,0,0,0,40000,40000,0,0
066025,宏達電群益01購01,0,0,0,0,0,0,0,0,0,0,0,0,0,22000,22000,0,0
066034,南六群益02購02  ,0,0,0,0,0,0,0,0,0,0,0,0,0,53000,53000,0,0
065983,亞德客國泰03購01,0,0,0,0,0,0,0,0,0,0,0,0,0,5000,5000,0,0
066005,國巨統一03購01  ,0,0,0,0,0,0,0,0,0,0,0,0,0,1000,1000,0,0
065968,國巨元大02購01  ,0,0,0,0,0,0,0,0,0,0,0,0,0,1000,1000,0,0
066196,南港統一03購01  ,0,0,0,0,0,0,0,0,0,0,0,0,0,46000,46000,0,0
06615P,鴻海元大9C售02  ,0,0,0,0,0,0,0,0,0,0,0,0,0,980000,980000,0,0
065282,國巨群益9C購14  ,0,0,0,0,0,0,0,0,0,0,0,0,0,1000,1000,0,0
065447,緯創統一02購02  ,0,0,0,0,0,0,0,0,0,0,0,0,0,4000,4000,0,0
064912,國巨統一01購09  ,0,0,0,0,0,0,0,0,0,0,0,0,0,1000,1000,0,0
064901,牧德群益9C購01  ,0,0,0,0,0,0,0,0,0,0,0,0,0,5000,5000,0,0
064528,國巨中信02購01  ,0,0,0,0,0,0,0,0,0,0,0,0,0,1000,1000,0,0
064523,聯茂群益9C購01  ,0,0,0,0,0,0,0,0,0,0,0,0,0,40000,40000,0,0
064544,國巨凱基9C購09  ,0,0,0,0,0,0,0,0,0,0,0,0,0,2000,2000,0,0
3046,建碁            ,1000,1000,0,0,0,0,0,0,0,0,0,0,0,0,0,0,0
3296,勝德            ,4000,4000,0,0,0,0,0,0,0,0,0,0,0,0,0,0,0
4571,鈞興-KY         ,2000,2000,0,0,0,0,0,0,0,0,0,0,0,0,0,0,0
4722,國精化          ,13000,13000,0,0,0,0,0,0,0,0,0,0,0,0,0,0,0
4999,鑫禾            ,43000,42000,1000,0,0,0,0,0,0,-1000,0,1000,-1000,0,0,0,0
912398,友佳-DR         ,5000,5000,0,0,0,0,0,0,0,0,0,0,0,0,0,0,0
6641,基士德-KY       ,0,1000,-1000,0,0,0,0,0,0,1000,1000,0,1000,0,0,0,0
1802,台玻            ,4946000,5241000,-295000,0,0,0,0,0,0,295000,295000,0,295000,0,0,0,0
1203,味王            ,2000,2000,0,0,0,0,0,0,0,0,0,0,0,0,0,0,0
1437,勤益控          ,15000,2000,13000,0,0,0,0,0,0,-13000,0,13000,-13000,0,0,0,0
1445,大宇            ,6000,6000,0,0,0,0,0,0,0,0,0,0,0,0,0,0,0
1560,中砂            ,68000,43000,25000,0,0,0,0,26000,-26000,1000,1000,0,1000,0,0,0,0
08931P,晶技元富07售02  ,0,0,0,0,0,0,0,0,0,0,0,0,0,10000,10000,0,0
08952P,台積電元富07售08,0,0,0,0,0,0,0,0,0,0,0,0,0,499000,499000,0,0
08785P,滬深2X元富01售04,0,0,0,0,0,0,0,0,0,0,0,0,0,4000,4000,0,0
08099P,聯發科中信9B售04,0,0,0,0,0,0,0,0,0,-1000,0,0,0,0,1000,-1000,-1000
08206P,鴻海群益9C售03  ,0,0,0,0,0,0,0,0,0,-1000,0,0,0,0,1000,-1000,-1000
08216P,聯發科群益9C售05,0,0,0,0,0,0,0,0,0,-1000,0,0,0,0,1000,-1000,-1000
08290P,高鐵統一01售01  ,0,0,0,0,0,0,0,0,0,-1000,0,0,0,0,1000,-1000,-1000
08639P,聯發科永豐9C售03,0,0,0,0,0,0,0,0,0,-1000,0,0,0,0,1000,-1000,-1000
08672P,聯發科統一01售09,0,0,0,0,0,0,0,0,0,-1000,0,0,0,0,1000,-1000,-1000
08689P,高股息中信01售01,0,0,0,0,0,0,0,0,0,-1000,0,0,0,1000,2000,-1000,-1000
08483P,金像電群益9C售02,0,0,0,0,0,0,0,0,0,-1000,0,0,0,5000,6000,-1000,-1000
08450P,台積電統一9C售14,0,0,0,0,0,0,0,0,0,-1000,0,0,0,0,1000,-1000,-1000
08492P,大立光元大9C售22,0,0,0,0,0,0,0,0,0,-1000,0,0,0,0,1000,-1000,-1000
069404,華通統一04購02  ,0,0,0,0,0,0,0,0,0,-1000,0,0,0,0,1000,-1000,-1000
069373,華新元大02購01  ,0,0,0,0,0,0,0,0,0,-1000,0,0,0,1000,2000,-1000,-1000
069375,聯電元大02購09  ,0,0,0,0,0,0,0,0,0,-1000,0,0,0,2000,3000,-1000,-1000
069352,義隆國泰04購01  ,0,0,0,0,0,0,0,0,0,-1000,0,0,0,34000,35000,-1000,-1000
06926P,可成群益9A售04  ,0,0,0,0,0,0,0,0,0,-1000,0,0,0,0,1000,-1000,-1000
07558P,玉晶光元大9A售10,0,0,0,0,0,0,0,0,0,-1000,0,0,0,0,1000,-1000,-1000
07577P,華新科元大9A售09,0,0,0,0,0,0,0,0,0,-1000,0,0,0,0,1000,-1000,-1000
07475P,A50正2群益9C售02,0,0,0,0,0,0,0,0,0,-1000,0,0,0,0,1000,-1000,-1000
07715P,台灣50群益9A售14,0,0,0,0,0,0,0,0,0,-1000,0,0,0,0,1000,-1000,-1000
069141,美律永豐02購01  ,0,0,0,0,0,0,0,0,0,-1000,0,0,0,0,1000,-1000,-1000
068979,欣興元大02購05  ,0,0,0,0,0,0,0,0,0,-1000,0,0,0,77000,78000,-1000,-1000
068913,聯發科群益02購11,0,0,0,0,0,0,0,0,0,-1000,0,0,0,0,1000,-1000,-1000
068883,亞德客統一04購02,0,0,0,0,0,0,0,0,0,-1000,0,0,0,100000,101000,-1000,-1000
067839,臺股指統一01購01,0,0,0,0,0,0,0,0,0,-1000,0,0,0,0,1000,-1000,-1000
068082,南六凱基03購01  ,0,0,0,0,0,0,0,0,0,-1000,0,0,0,16000,17000,-1000,-1000
068049,玉晶光統一01購13,0,0,0,0,0,0,0,0,0,-1000,0,0,0,35000,36000,-1000,-1000
068051,玉晶光統一03購01,0,0,0,0,0,0,0,0,0,-1000,0,0,0,0,1000,-1000,-1000
068460,健策國票03購02  ,0,0,0,0,0,0,0,0,0,-1000,0,0,0,42000,43000,-1000,-1000
068433,台光電凱基01購04,0,0,0,0,0,0,0,0,0,-1000,0,0,0,1000,2000,-1000,-1000
068802,台積電群益02購07,0,0,0,0,0,0,0,0,0,-1000,0,0,0,0,1000,-1000,-1000
068615,矽創凱基03購01  ,0,0,0,0,0,0,0,0,0,-1000,0,0,0,0,1000,-1000,-1000
057747,致新永豐98購01  ,0,0,0,0,0,0,0,0,0,-1000,0,0,0,0,1000,-1000,-1000
064286,TPK元大9C購02   ,0,0,0,0,0,0,0,0,0,-1000,0,0,0,0,1000,-1000,-1000
064276,聯發科元大9C購07,0,0,0,0,0,0,0,0,0,-1000,0,0,0,0,1000,-1000,-1000
060516,臺股指元大9B購13,0,0,0,0,0,0,0,0,0,-1000,0,0,0,0,1000,-1000,-1000
060392,華擎群益9C購02  ,0,0,0,0,0,0,0,0,0,-1000,0,0,0,0,1000,-1000,-1000
059415,台灣50元大9A購03,0,0,0,0,0,0,0,0,0,-1000,0,0,0,2000,3000,-1000,-1000
059047,元油2X凱基9A購10,0,0,0,0,0,0,0,0,0,-1000,0,0,0,0,1000,-1000,-1000
059145,創意國票99購02  ,0,0,0,0,0,0,0,0,0,-1000,0,0,0,0,1000,-1000,-1000
059072,元油2X元大9C購13,0,0,0,0,0,0,0,0,0,-1000,0,0,0,0,1000,-1000,-1000
059065,南電凱基9A購01  ,0,0,0,0,0,0,0,0,0,-1000,0,0,0,0,1000,-1000,-1000
059034,華通群益9B購02  ,0,0,0,0,0,0,0,0,0,-1000,0,0,0,0,1000,-1000,-1000
060599,國巨凱基9C購01  ,0,0,0,0,0,0,0,0,0,-1000,0,0,0,2000,3000,-1000,-1000
060631,微星富邦9B購01  ,0,0,0,0,0,0,0,0,0,-1000,0,0,0,0,1000,-1000,-1000
060573,力成永豐9A購01  ,0,0,0,0,0,0,0,0,0,-1000,0,0,0,0,1000,-1000,-1000
058720,旭富元富99購01  ,0,0,0,0,0,0,0,0,0,-1000,0,0,0,0,1000,-1000,-1000
060705,台光電富邦9B購01,0,0,0,0,0,0,0,0,0,-1000,0,0,0,0,1000,-1000,-1000
058592,聯發科統一9C購01,0,0,0,0,0,0,0,0,0,-1000,0,0,0,0,1000,-1000,-1000
059929,華新科富邦9C購03,0,0,0,0,0,0,0,0,0,-1000,0,0,0,0,1000,-1000,-1000
058749,康控凱基99購03  ,0,0,0,0,0,0,0,0,0,-1000,0,0,0,0,1000,-1000,-1000
058742,鴻海康和99購01  ,0,0,0,0,0,0,0,0,0,-1000,0,0,0,0,1000,-1000,-1000
058013,SP黃豆凱基9A購01,0,0,0,0,0,0,0,0,0,-1000,0,0,0,0,1000,-1000,-1000
058481,玉晶光凱基9A購04,0,0,0,0,0,0,0,0,0,-1000,0,0,0,10000,11000,-1000,-1000
058837,SGBR2X中信9C購01,0,0,0,0,0,0,0,0,0,-1000,0,0,0,0,1000,-1000,-1000
056214,義隆國票99購01  ,0,0,0,0,0,0,0,0,0,-1000,0,0,0,7000,8000,-1000,-1000
055780,禾伸堂凱基99購01,0,0,0,0,0,0,0,0,0,-1000,0,0,0,0,1000,-1000,-1000
03686C,臺股指元大04牛05,0,0,0,0,0,0,0,0,0,-1000,0,0,0,0,1000,-1000,-1000
054543,元金2X中信01購01,0,0,0,0,0,0,0,0,0,-1000,0,0,0,0,1000,-1000,-1000
03398P,瑞昱中信06售03  ,0,0,0,0,0,0,0,0,0,-1000,0,0,0,0,1000,-1000,-1000
056496,康控國泰99購01  ,0,0,0,0,0,0,0,0,0,-1000,0,0,0,0,1000,-1000,-1000
060157,致茂永豐9A購02  ,0,0,0,0,0,0,0,0,0,-1000,0,0,0,1000,2000,-1000,-1000
060144,全新國票9B購01  ,0,0,0,0,0,0,0,0,0,-1000,0,0,0,22000,23000,-1000,-1000
059902,滬深2X元大9C購08,0,0,0,0,0,0,0,0,0,-1000,0,0,0,0,1000,-1000,-1000
059905,A50正2元大9C購06,0,0,0,0,0,0,0,0,0,-1000,0,0,0,0,1000,-1000,-1000
059705,華新科凱基9A購07,0,0,0,0,0,0,0,0,0,-1000,0,0,0,41000,42000,-1000,-1000
057438,禾伸堂國票99購01,0,0,0,0,0,0,0,0,0,-1000,0,0,0,0,1000,-1000,-1000
057021,台積電凱基9A購02,0,0,0,0,0,0,0,0,0,-1000,0,0,0,6000,7000,-1000,-1000
057224,和碩日盛9A購01  ,0,0,0,0,0,0,0,0,0,-1000,0,0,0,0,1000,-1000,-1000
056829,台積電富邦9A購01,0,0,0,0,0,0,0,0,0,-1000,0,0,0,364000,365000,-1000,-1000
03360P,鴻海元大03售02  ,0,0,0,0,0,0,0,0,0,-1000,0,0,0,1300000,1301000,-1000,-1000
056947,國巨統一9A購01  ,0,0,0,0,0,0,0,0,0,-1000,0,0,0,0,1000,-1000,-1000
03215P,南電群益03售01  ,0,0,0,0,0,0,0,0,0,-1000,0,0,0,50000,51000,-1000,-1000
03138P,台灣50凱基04售12,0,0,0,0,0,0,0,0,0,-1000,0,0,0,0,1000,-1000,-1000
03139P,聯電凱基01售02  ,0,0,0,0,0,0,0,0,0,-1000,0,0,0,24000,25000,-1000,-1000
00691R,兆豐藍籌30反1   ,0,0,0,0,0,0,0,0,0,-1000,0,0,0,0,1000,-1000,-1000
00700,富邦恒生國企    ,0,0,0,0,0,0,0,0,0,-1000,0,0,0,104000,105000,-1000,-1000
006204,永豐臺灣加權    ,0,0,0,0,0,0,0,0,0,-1000,0,0,0,2000,3000,-1000,-1000
00657,國泰日經225     ,0,0,0,0,0,0,0,0,0,-1000,0,0,0,101000,102000,-1000,-1000
063461,金像電元大9B購03,0,0,0,0,0,0,0,0,0,-1000,0,0,0,0,1000,-1000,-1000
063524,瑞昱凱基9B購05  ,0,0,0,0,0,0,0,0,0,-1000,0,0,0,0,1000,-1000,-1000
063142,奇力新統一9C購04,0,0,0,0,0,0,0,0,0,-1000,0,0,0,0,1000,-1000,-1000
063089,巨大凱基9C購01  ,0,0,0,0,0,0,0,0,0,-1000,0,0,0,0,1000,-1000,-1000
062150,南六國票9B購01  ,0,0,0,0,0,0,0,0,0,-1000,0,0,0,0,1000,-1000,-1000
062132,神隆群益9B購01  ,0,0,0,0,0,0,0,0,0,-1000,0,0,0,3000,4000,-1000,-1000
062082,嘉晶元大9B購01  ,0,0,0,0,0,0,0,0,0,-1000,0,0,0,0,1000,-1000,-1000
061644,健策元大9C購02  ,0,0,0,0,0,0,0,0,0,-1000,0,0,0,2000,3000,-1000,-1000
061753,南亞科台新9B購01,0,0,0,0,0,0,0,0,0,-1000,0,0,0,0,1000,-1000,-1000
061794,國巨永豐9B購01  ,0,0,0,0,0,0,0,0,0,-1000,0,0,0,0,1000,-1000,-1000
061787,華新科群益9C購01,0,0,0,0,0,0,0,0,0,-1000,0,0,0,9000,10000,-1000,-1000
064198,超眾群益9C購01  ,0,0,0,0,0,0,0,0,0,-1000,0,0,0,0,1000,-1000,-1000
064239,群創統一02購01  ,0,0,0,0,0,0,0,0,0,-1000,0,0,0,0,1000,-1000,-1000
062031,臻鼎群益9B購01  ,0,0,0,0,0,0,0,0,0,-1000,0,0,0,0,1000,-1000,-1000
061904,台灣50中信9B購01,0,0,0,0,0,0,0,0,0,-1000,0,0,0,0,1000,-1000,-1000
062178,上銀元大9B購03  ,0,0,0,0,0,0,0,0,0,-1000,0,0,0,25000,26000,-1000,-1000
061187,瀚宇博國泰9C購01,0,0,0,0,0,0,0,0,0,-1000,0,0,0,1000,2000,-1000,-1000
062378,台表科元大9C購01,0,0,0,0,0,0,0,0,0,-1000,0,0,0,0,1000,-1000,-1000
061435,元金2X凱基9C購03,0,0,0,0,0,0,0,0,0,-1000,0,0,0,0,1000,-1000,-1000
061070,超眾凱基9C購01  ,0,0,0,0,0,0,0,0,0,-1000,0,0,0,0,1000,-1000,-1000
061077,國巨兆豐9B購01  ,0,0,0,0,0,0,0,0,0,-1000,0,0,0,0,1000,-1000,-1000
060952,滬深2X群益9C購05,0,0,0,0,0,0,0,0,0,-1000,0,0,0,17000,18000,-1000,-1000
064778,美律群益9C購01  ,0,0,0,0,0,0,0,0,0,-1000,0,0,0,0,1000,-1000,-1000
064646,群創凱基02購01  ,0,0,0,0,0,0,0,0,0,-1000,0,0,0,0,1000,-1000,-1000
064727,群創統一02購03  ,0,0,0,0,0,0,0,0,0,-1000,0,0,0,0,1000,-1000,-1000
064743,聯詠國票01購01  ,0,0,0,0,0,0,0,0,0,-1000,0,0,0,0,1000,-1000,-1000
064411,台表科凱基02購01,0,0,0,0,0,0,0,0,0,-1000,0,0,0,4000,5000,-1000,-1000
061568,國巨元大9A購25  ,0,0,0,0,0,0,0,0,0,-1000,0,0,0,1000,2000,-1000,-1000
061583,矽創元大9A購01  ,0,0,0,0,0,0,0,0,0,-1000,0,0,0,0,1000,-1000,-1000
064595,超眾統一02購01  ,0,0,0,0,0,0,0,0,0,-1000,0,0,0,0,1000,-1000,-1000
064537,健鼎國票01購02  ,0,0,0,0,0,0,0,0,0,-1000,0,0,0,0,1000,-1000,-1000
064534,京元電國票01購01,0,0,0,0,0,0,0,0,0,-1000,0,0,0,29000,30000,-1000,-1000
064514,喬山群益9C購01  ,0,0,0,0,0,0,0,0,0,-1000,0,0,0,1000,2000,-1000,-1000
064911,光寶科統一02購01,0,0,0,0,0,0,0,0,0,-1000,0,0,0,19000,20000,-1000,-1000
065105,巨大元大01購01  ,0,0,0,0,0,0,0,0,0,-1000,0,0,0,30000,31000,-1000,-1000
065124,燿華永豐9C購03  ,0,0,0,0,0,0,0,0,0,-1000,0,0,0,0,1000,-1000,-1000
065109,台勝科國票01購01,0,0,0,0,0,0,0,0,0,-1000,0,0,0,0,1000,-1000,-1000
065114,臺股指國票9C購11,0,0,0,0,0,0,0,0,0,-1000,0,0,0,0,1000,-1000,-1000
065151,國巨群益9C購13  ,0,0,0,0,0,0,0,0,0,-1000,0,0,0,0,1000,-1000,-1000
065450,同欣電統一01購03,0,0,0,0,0,0,0,0,0,-1000,0,0,0,0,1000,-1000,-1000
065477,健鼎元大9C購03  ,0,0,0,0,0,0,0,0,0,-1000,0,0,0,49000,50000,-1000,-1000
065514,建準群益9C購01  ,0,0,0,0,0,0,0,0,0,-1000,0,0,0,9000,10000,-1000,-1000
065506,道瓊指群益9C購03,0,0,0,0,0,0,0,0,0,-1000,0,0,0,0,1000,-1000,-1000
065202,南電元富06購01  ,0,0,0,0,0,0,0,0,0,-1000,0,0,0,0,1000,-1000,-1000
065357,立積元富03購01  ,0,0,0,0,0,0,0,0,0,-1000,0,0,0,0,1000,-1000,-1000
065326,華擎凱基02購01  ,0,0,0,0,0,0,0,0,0,-1000,0,0,0,0,1000,-1000,-1000
065310,華擎國票01購01  ,0,0,0,0,0,0,0,0,0,-1000,0,0,0,0,1000,-1000,-1000
066007,大立光統一02購06,0,0,0,0,0,0,0,0,0,-1000,0,0,0,52000,53000,-1000,-1000
066031,力成群益01購01  ,0,0,0,0,0,0,0,0,0,-1000,0,0,0,10000,11000,-1000,-1000
065667,台光電凱基01購01,0,0,0,0,0,0,0,0,0,-1000,0,0,0,0,1000,-1000,-1000
065633,聯發科國票01購02,0,0,0,0,0,0,0,0,0,-1000,0,0,0,5000,6000,-1000,-1000
065796,T50反1群益01購02,0,0,0,0,0,0,0,0,0,-1000,0,0,0,0,1000,-1000,-1000
065788,緯創永豐9C購02  ,0,0,0,0,0,0,0,0,0,-1000,0,0,0,1000,2000,-1000,-1000
065780,國巨富邦03購02  ,0,0,0,0,0,0,0,0,0,-1000,0,0,0,0,1000,-1000,-1000
067124,華擎富邦03購01  ,0,0,0,0,0,0,0,0,0,-1000,0,0,0,1000,2000,-1000,-1000
067295,滬深2X元大01購11,0,0,0,0,0,0,0,0,0,-1000,0,0,0,0,1000,-1000,-1000
067407,南六永豐01購03  ,0,0,0,0,0,0,0,0,0,-1000,0,0,0,0,1000,-1000,-1000
067382,康控統一03購02  ,0,0,0,0,0,0,0,0,0,-1000,0,0,0,0,1000,-1000,-1000
066678,台達電兆豐03購01,0,0,0,0,0,0,0,0,0,-1000,0,0,0,5000,6000,-1000,-1000
066586,道瓊反群益01購02,0,0,0,0,0,0,0,0,0,-1000,0,0,0,0,1000,-1000,-1000
066601,上証2X富邦02購01,0,0,0,0,0,0,0,0,0,-1000,0,0,0,2000,3000,-1000,-1000
066905,台積電凱基03購03,0,0,0,0,0,0,0,0,0,-1000,0,0,0,0,1000,-1000,-1000
066908,聯發科凱基03購05,0,0,0,0,0,0,0,0,0,-1000,0,0,0,3000,4000,-1000,-1000
066826,聯發科群益02購03,0,0,0,0,0,0,0,0,0,-1000,0,0,0,0,1000,-1000,-1000
066768,瀚宇博永豐01購01,0,0,0,0,0,0,0,0,0,-1000,0,0,0,10000,11000,-1000,-1000
066255,英利元大01購01  ,0,0,0,0,0,0,0,0,0,-1000,0,0,0,1000,2000,-1000,-1000
066316,台船永豐01購01  ,0,0,0,0,0,0,0,0,0,-1000,0,0,0,89000,90000,-1000,-1000
08814P,世紀鋼群益01售04,0,0,0,0,0,0,0,0,0,-1000,0,0,0,6000,7000,-1000,-1000
08852P,台灣50台新01售01,0,0,0,0,0,0,0,0,0,-1000,0,0,0,0,1000,-1000,-1000
08897P,國巨群益01售10  ,0,0,0,0,0,0,0,0,0,-1000,0,0,0,4000,5000,-1000,-1000
1568,倉佑            ,0,0,0,0,0,0,0,0,0,-1000,0,1000,-1000,0,0,0,-1000
1540,喬福            ,0,1000,-1000,0,0,0,0,0,0,0,0,0,0,0,0,0,-1000
1468,昶和            ,0,0,0,0,0,0,0,0,0,-1000,0,1000,-1000,0,0,0,-1000
1341,富林-KY         ,0,0,0,0,0,0,0,0,0,-1000,0,1000,-1000,0,0,0,-1000
2009,第一銅          ,6000,7000,-1000,0,0,0,0,0,0,0,0,0,0,0,0,0,-1000
1720,生達            ,240000,214000,26000,0,0,0,0,0,0,-27000,3000,3000,0,0,27000,-27000,-1000
2114,鑫永銓          ,0,1000,-1000,0,0,0,0,0,0,0,0,0,0,0,0,0,-1000
2033,佳大            ,0,0,0,0,0,0,0,0,0,-1000,0,1000,-1000,0,0,0,-1000
2613,中櫃            ,0,0,0,0,0,0,0,0,0,-1000,0,1000,-1000,0,0,0,-1000
2438,翔耀            ,0,1000,-1000,0,0,0,0,0,0,0,0,0,0,0,0,0,-1000
2373,震旦行          ,2000,1000,1000,0,0,0,0,0,0,-2000,0,2000,-2000,0,0,0,-1000
6655,科定            ,2000,3000,-1000,0,0,0,0,0,0,0,0,0,0,0,0,0,-1000
6579,研揚            ,0,2000,-2000,0,0,0,0,0,0,1000,1000,0,1000,0,0,0,-1000
5484,慧友            ,0,1000,-1000,0,0,0,0,0,0,0,0,0,0,0,0,0,-1000
6117,迎廣            ,1000,2000,-1000,0,0,0,0,0,0,0,0,0,0,0,0,0,-1000
6206,飛捷            ,34000,33000,1000,0,0,0,0,0,0,-2000,0,2000,-2000,0,0,0,-1000
9918,欣天然          ,1000,0,1000,0,0,0,0,0,0,-2000,0,2000,-2000,0,0,0,-1000
5284,jpp-KY          ,0,1000,-1000,0,0,0,0,0,0,0,0,0,0,0,0,0,-1000
4930,燦星網          ,8000,9000,-1000,0,0,0,0,0,0,0,0,0,0,0,0,0,-1000
4581,光隆精密-KY     ,0,1000,-1000,0,0,0,0,0,0,0,0,0,0,0,0,0,-1000
4764,雙鍵            ,0,1000,-1000,0,0,0,0,0,0,0,0,0,0,0,0,0,-1000
4439,冠星-KY         ,0,1000,-1000,0,0,0,0,0,0,0,0,0,0,0,0,0,-1000
3432,台端            ,3000,2000,1000,0,0,0,0,0,0,-2000,0,2000,-2000,0,0,0,-1000
4144,康聯-KY         ,22000,23000,-1000,0,0,0,0,0,0,0,0,0,0,0,0,0,-1000
3011,今皓            ,0,1000,-1000,0,0,0,0,0,0,0,0,0,0,0,0,0,-1000
3021,鴻名            ,1000,2000,-1000,0,0,0,0,0,0,0,0,0,0,0,0,0,-1000
3002,歐格            ,1000,2000,-1000,0,0,0,0,0,0,0,0,0,0,0,0,0,-1000
068583,信邦永豐01購01  ,0,0,0,0,0,0,0,0,0,-2000,0,0,0,17000,19000,-2000,-2000
068689,亞德客凱基02購01,0,0,0,0,0,0,0,0,0,-2000,0,0,0,22000,24000,-2000,-2000
068452,台積電國票03購02,0,0,0,0,0,0,0,0,0,-2000,0,0,0,8000,10000,-2000,-2000
068043,GIS元富07購02   ,0,0,0,0,0,0,0,0,0,-2000,0,0,0,0,2000,-2000,-2000
068088,台灣50群益01購13,0,0,0,0,0,0,0,0,0,-2000,0,0,0,0,2000,-2000,-2000
068135,S&P反1元大03購01,0,0,0,0,0,0,0,0,0,-2000,0,0,0,0,2000,-2000,-2000
067987,台積電元大01購29,0,0,0,0,0,0,0,0,0,-2000,0,0,0,0,2000,-2000,-2000
067795,臺股指群益01購07,0,0,0,0,0,0,0,0,0,-2000,0,0,0,1000,3000,-2000,-2000
067737,英業達元大01購01,0,0,0,0,0,0,0,0,0,-2000,0,0,0,0,2000,-2000,-2000
067554,聚陽國票02購02  ,0,0,0,0,0,0,0,0,0,-2000,0,0,0,18000,20000,-2000,-2000
067702,臺股指國票01購10,0,0,0,0,0,0,0,0,0,-2000,0,0,0,0,2000,-2000,-2000
069122,聯茂群益02購01  ,0,0,0,0,0,0,0,0,0,-2000,0,0,0,8000,10000,-2000,-2000
069016,瑞儀兆豐03購01  ,0,0,0,0,0,0,0,0,0,-2000,0,0,0,0,2000,-2000,-2000
07650P,台灣50中信9A售01,0,0,0,0,0,0,0,0,0,-2000,0,0,0,0,2000,-2000,-2000
07467P,上銀元大9A售03  ,0,0,0,0,0,0,0,0,0,-2000,0,0,0,0,2000,-2000,-2000
069272,華通永豐02購01  ,0,0,0,0,0,0,0,0,0,-2000,0,0,0,0,2000,-2000,-2000
069254,玉晶光凱基03購06,0,0,0,0,0,0,0,0,0,-2000,0,0,0,0,2000,-2000,-2000
069346,牧德群益03購01  ,0,0,0,0,0,0,0,0,0,-2000,0,0,0,0,2000,-2000,-2000
08659P,聯發科統一9C售20,0,0,0,0,0,0,0,0,0,-2000,0,0,0,0,2000,-2000,-2000
08641P,台灣50群益9C售08,0,0,0,0,0,0,0,0,0,-2000,0,0,0,0,2000,-2000,-2000
08278P,玉晶光元富9C售02,0,0,0,0,0,0,0,0,0,-2000,0,0,0,0,2000,-2000,-2000
07739P,緯穎永豐9A售01  ,0,0,0,0,0,0,0,0,0,-2000,0,0,0,0,2000,-2000,-2000
08037P,台表科群益9B售02,0,0,0,0,0,0,0,0,0,-2000,0,0,0,0,2000,-2000,-2000
00685L,群益臺灣加權正2 ,0,0,0,0,0,0,0,0,0,-2000,0,0,0,7000,9000,-2000,-2000
03060P,微星凱基01售01  ,0,0,0,0,0,0,0,0,0,-2000,0,0,0,50000,52000,-2000,-2000
03094X,大立光元大68展08,0,0,0,0,0,0,0,0,0,-2000,0,0,0,0,2000,-2000,-2000
03302P,聯發科元富02售08,0,0,0,0,0,0,0,0,0,-2000,0,0,0,0,2000,-2000,-2000
03217P,臺股指群益02售02,0,0,0,0,0,0,0,0,0,-2000,0,0,0,4000,6000,-2000,-2000
03207P,臺股指凱基03售09,0,0,0,0,0,0,0,0,0,-2000,0,0,0,13000,15000,-2000,-2000
057004,滬深反中信9A購01,0,0,0,0,0,0,0,0,0,-2000,0,0,0,0,2000,-2000,-2000
03333P,台積電元大03售03,0,0,0,0,0,0,0,0,0,-2000,0,0,0,0,2000,-2000,-2000
059712,滬深2X元大9C購03,0,0,0,0,0,0,0,0,0,-2000,0,0,0,0,2000,-2000,-2000
059605,臺股指元大9A購42,0,0,0,0,0,0,0,0,0,-2000,0,0,0,0,2000,-2000,-2000
059921,大立光元大99購24,0,0,0,0,0,0,0,0,0,-2000,0,0,0,0,2000,-2000,-2000
059721,旺宏元大99購16  ,0,0,0,0,0,0,0,0,0,-2000,0,0,0,0,2000,-2000,-2000
060145,牧德國票9A購02  ,0,0,0,0,0,0,0,0,0,-2000,0,0,0,0,2000,-2000,-2000
056578,智易元大99購02  ,0,0,0,0,0,0,0,0,0,-2000,0,0,0,7000,9000,-2000,-2000
03406P,大立光群益02售07,0,0,0,0,0,0,0,0,0,-2000,0,0,0,0,2000,-2000,-2000
03415P,臺股指元大03售07,0,0,0,0,0,0,0,0,0,-2000,0,0,0,0,2000,-2000,-2000
057478,智邦元大99購01  ,0,0,0,0,0,0,0,0,0,-2000,0,0,0,0,2000,-2000,-2000
054353,世紀鋼國泰98購01,0,0,0,0,0,0,0,0,0,-2000,0,0,0,91000,93000,-2000,-2000
05589P,大立光中信9A售01,0,0,0,0,0,0,0,0,0,-2000,0,0,0,10000,12000,-2000,-2000
056146,台虹元大98購01  ,0,0,0,0,0,0,0,0,0,-2000,0,0,0,4000,6000,-2000,-2000
058472,亞德客凱基9A購01,0,0,0,0,0,0,0,0,0,-2000,0,0,0,13000,15000,-2000,-2000
058473,上銀凱基9A購03  ,0,0,0,0,0,0,0,0,0,-2000,0,0,0,0,2000,-2000,-2000
058777,台光電國票9A購01,0,0,0,0,0,0,0,0,0,-2000,0,0,0,0,2000,-2000,-2000
060630,國巨富邦9C購03  ,0,0,0,0,0,0,0,0,0,-2000,0,0,0,0,2000,-2000,-2000
059078,FBVIX元大99購06 ,0,0,0,0,0,0,0,0,0,-2000,0,0,0,0,2000,-2000,-2000
059337,台灣50凱基9C購05,0,0,0,0,0,0,0,0,0,-2000,0,0,0,0,2000,-2000,-2000
064365,美食統一01購02  ,0,0,0,0,0,0,0,0,0,-2000,0,0,0,0,2000,-2000,-2000
063620,奇力新兆豐9B購01,0,0,0,0,0,0,0,0,0,-2000,0,0,0,0,2000,-2000,-2000
063623,祥碩兆豐9B購02  ,0,0,0,0,0,0,0,0,0,-2000,0,0,0,0,2000,-2000,-2000
063647,超眾元大9B購02  ,0,0,0,0,0,0,0,0,0,-2000,0,0,0,27000,29000,-2000,-2000
063007,儒鴻元大9B購01  ,0,0,0,0,0,0,0,0,0,-2000,0,0,0,20000,22000,-2000,-2000
062427,嘉澤統一01購01  ,0,0,0,0,0,0,0,0,0,-2000,0,0,0,0,2000,-2000,-2000
063166,超眾永豐9B購01  ,0,0,0,0,0,0,0,0,0,-2000,0,0,0,0,2000,-2000,-2000
064748,力成國票01購01  ,0,0,0,0,0,0,0,0,0,-2000,0,0,0,0,2000,-2000,-2000
064756,友達凱基02購02  ,0,0,0,0,0,0,0,0,0,-2000,0,0,0,0,2000,-2000,-2000
060885,世紀鋼中信9A購01,0,0,0,0,0,0,0,0,0,-2000,0,0,0,11000,13000,-2000,-2000
060772,FBVIX凱基9A購03 ,0,0,0,0,0,0,0,0,0,-2000,0,0,0,0,2000,-2000,-2000
060802,道瓊指中信9C購03,0,0,0,0,0,0,0,0,0,-2000,0,0,0,0,2000,-2000,-2000
060849,力成國票9A購01  ,0,0,0,0,0,0,0,0,0,-2000,0,0,0,38000,40000,-2000,-2000
061397,上銀台新9A購01  ,0,0,0,0,0,0,0,0,0,-2000,0,0,0,0,2000,-2000,-2000
062828,聯詠群益9B購02  ,0,0,0,0,0,0,0,0,0,-2000,0,0,0,0,2000,-2000,-2000
062314,玉晶光凱基9B購06,0,0,0,0,0,0,0,0,0,-2000,0,0,0,2000,4000,-2000,-2000
062580,華通統一9C購03  ,0,0,0,0,0,0,0,0,0,-2000,0,0,0,6000,8000,-2000,-2000
062615,亞德客元大9B購02,0,0,0,0,0,0,0,0,0,-2000,0,0,0,7000,9000,-2000,-2000
064209,燿華凱基01購01  ,0,0,0,0,0,0,0,0,0,-2000,0,0,0,29000,31000,-2000,-2000
061740,華新科凱基03購01,0,0,0,0,0,0,0,0,0,-2000,0,0,0,0,2000,-2000,-2000
064039,亞德客統一02購01,0,0,0,0,0,0,0,0,0,-2000,0,0,0,0,2000,-2000,-2000
064005,義隆凱基01購01  ,0,0,0,0,0,0,0,0,0,-2000,0,0,0,19000,21000,-2000,-2000
062128,祥碩統一01購01  ,0,0,0,0,0,0,0,0,0,-2000,0,0,0,0,2000,-2000,-2000
063078,元金2X凱基02購03,0,0,0,0,0,0,0,0,0,-2000,0,0,0,0,2000,-2000,-2000
063129,祥碩元大9C購03  ,0,0,0,0,0,0,0,0,0,-2000,0,0,0,0,2000,-2000,-2000
063547,大立光兆豐9B購04,0,0,0,0,0,0,0,0,0,-2000,0,0,0,21000,23000,-2000,-2000
063601,金像電凱基01購01,0,0,0,0,0,0,0,0,0,-2000,0,0,0,22000,24000,-2000,-2000
063714,超眾凱基9B購03  ,0,0,0,0,0,0,0,0,0,-2000,0,0,0,2000,4000,-2000,-2000
063521,國巨凱基03購01  ,0,0,0,0,0,0,0,0,0,-2000,0,0,0,0,2000,-2000,-2000
063419,聯發科凱基03購01,0,0,0,0,0,0,0,0,0,-2000,0,0,0,0,2000,-2000,-2000
066323,精元永豐01購01  ,0,0,0,0,0,0,0,0,0,-2000,0,0,0,0,2000,-2000,-2000
066608,國巨麥證01購03  ,0,0,0,0,2000,-2000,0,0,0,-2000,0,0,0,0,2000,-2000,-2000
066643,旺宏麥證01購01  ,0,0,0,10000,12000,-2000,0,0,0,-2000,0,0,0,10000,12000,-2000,-2000
067274,燿華統一03購01  ,0,0,0,0,0,0,0,0,0,-2000,0,0,0,10000,12000,-2000,-2000
067442,南港國票02購01  ,0,0,0,0,0,0,0,0,0,-2000,0,0,0,151000,153000,-2000,-2000
067463,T50反1元大01購04,0,0,0,0,0,0,0,0,0,-2000,0,0,0,0,2000,-2000,-2000
066939,TPK國票02購02   ,0,0,0,0,0,0,0,0,0,-2000,0,0,0,20000,22000,-2000,-2000
065758,嘉澤元大9C購03  ,0,0,0,0,0,0,0,0,0,-2000,0,0,0,0,2000,-2000,-2000
065827,正崴凱基9C購01  ,0,0,0,0,0,0,0,0,0,-2000,0,0,0,2000,4000,-2000,-2000
065833,中租凱基02購01  ,0,0,0,0,0,0,0,0,0,-2000,0,0,0,68000,70000,-2000,-2000
065865,光寶科群益9C購02,0,0,0,0,0,0,0,0,0,-2000,0,0,0,7000,9000,-2000,-2000
065731,群創凱基03購02  ,0,0,0,0,0,0,0,0,0,-2000,0,0,0,0,2000,-2000,-2000
066247,中化元大01購02  ,0,0,0,0,0,0,0,0,0,-2000,0,0,0,0,2000,-2000,-2000
066214,惠特統一03購02  ,0,0,0,0,0,0,0,0,0,-2000,0,0,0,4000,6000,-2000,-2000
065239,超眾凱基02購02  ,0,0,0,0,0,0,0,0,0,-2000,0,0,0,0,2000,-2000,-2000
065122,電子類富邦9C購01,0,0,0,0,0,0,0,0,0,-2000,0,0,0,1000,3000,-2000,-2000
065095,玉晶光元大02購02,0,0,0,0,0,0,0,0,0,-2000,0,0,0,53000,55000,-2000,-2000
065056,臺股指凱基9C購20,0,0,0,0,0,0,0,0,0,-2000,0,0,0,0,2000,-2000,-2000
3701,大眾控          ,0,2000,-2000,0,0,0,0,0,0,0,0,0,0,0,0,0,-2000
4562,穎漢            ,0,2000,-2000,0,0,0,0,0,0,0,0,0,0,0,0,0,-2000
8488,吉源-KY         ,0,2000,-2000,0,0,0,0,0,0,0,0,0,0,0,0,0,-2000
8411,福貞-KY         ,11000,13000,-2000,0,0,0,0,0,0,0,0,0,0,0,0,0,-2000
5538,東明-KY         ,0,2000,-2000,0,0,0,0,0,0,0,0,0,0,0,0,0,-2000
6464,台數科          ,0,0,0,0,0,0,0,0,0,-2000,0,2000,-2000,0,0,0,-2000
2462,良得電          ,0,2000,-2000,0,0,0,0,0,0,0,0,0,0,0,0,0,-2000
1805,寶徠            ,0,2000,-2000,0,0,0,0,0,0,0,0,0,0,0,0,0,-2000
1817,凱撒衛          ,0,2000,-2000,0,0,0,0,0,0,0,0,0,0,0,0,0,-2000
1232,大統益          ,2000,4000,-2000,0,0,0,0,0,0,0,0,0,0,0,0,0,-2000
1472,三洋紡          ,15000,17000,-2000,0,0,0,0,0,0,0,0,0,0,0,0,0,-2000
1539,巨庭            ,0,0,0,0,0,0,0,0,0,-2000,0,2000,-2000,0,0,0,-2000
1521,大億            ,0,2000,-2000,0,0,0,0,0,0,0,0,0,0,0,0,0,-2000
08927P,技嘉元富07售04  ,0,0,0,0,0,0,0,0,0,-2000,0,0,0,3000,5000,-2000,-2000
08905P,金像電群益01售06,0,0,0,0,0,0,0,0,0,-2000,0,0,0,6000,8000,-2000,-2000
08853P,嘉晶群益02售02  ,0,0,0,0,0,0,0,0,0,-2000,0,0,0,21000,23000,-2000,-2000
08832P,台表科群益01售01,0,0,0,0,0,0,0,0,0,-2000,0,0,0,0,2000,-2000,-2000
08769P,上証2X凱基01售02,0,0,0,0,0,0,0,0,0,-2000,0,0,0,0,2000,-2000,-2000
07867P,晶技元大9B售01  ,0,0,0,0,0,0,0,0,0,-3000,0,0,0,0,3000,-3000,-3000
08662P,台積電國泰03售01,0,0,0,0,0,0,0,0,0,-3000,0,0,0,0,3000,-3000,-3000
069342,禾伸堂群益02購01,0,0,0,0,0,0,0,0,0,-3000,0,0,0,0,3000,-3000,-3000
069365,南六永豐02購02  ,0,0,0,0,0,0,0,0,0,-3000,0,0,0,0,3000,-3000,-3000
07649P,金像電永豐9A售02,0,0,0,0,0,0,0,0,0,-3000,0,0,0,0,3000,-3000,-3000
06985P,華新科富邦9C售02,0,0,0,0,0,0,0,0,0,-3000,0,0,0,0,3000,-3000,-3000
067797,臺股指群益01購09,0,0,0,0,0,0,0,0,0,-3000,0,0,0,0,3000,-3000,-3000
068414,聯電中信01購01  ,0,0,0,0,0,0,0,0,0,-3000,0,0,0,174000,177000,-3000,-3000
068281,A50反1中信01購01,0,0,0,0,0,0,0,0,0,-3000,0,0,0,0,3000,-3000,-3000
068548,台積電群益01購22,0,0,0,0,0,0,0,0,0,-3000,0,0,0,110000,113000,-3000,-3000
068622,技嘉群益03購01  ,0,0,0,0,0,0,0,0,0,-3000,0,0,0,36000,39000,-3000,-3000
063644,祥碩元大9B購10  ,0,0,0,0,0,0,0,0,0,-3000,0,0,0,0,3000,-3000,-3000
059348,日月光凱基99購01,0,0,0,0,0,0,0,0,0,-3000,0,0,0,10000,13000,-3000,-3000
060456,正隆元大9A購01  ,0,0,0,0,0,0,0,0,0,-3000,0,0,0,7000,10000,-3000,-3000
057912,美律日盛99購01  ,0,0,0,0,0,0,0,0,0,-3000,0,0,0,0,3000,-3000,-3000
058585,S&P正2中信9B購02,0,0,0,0,0,0,0,0,0,-3000,0,0,0,0,3000,-3000,-3000
058746,華通凱基9A購02  ,0,0,0,0,0,0,0,0,0,-3000,0,0,0,7000,10000,-3000,-3000
058066,可成亞東99購01  ,0,0,0,0,0,0,0,0,0,-3000,0,0,0,40000,43000,-3000,-3000
058210,臺股指凱基9C購04,0,0,0,0,0,0,0,0,0,-3000,0,0,0,0,3000,-3000,-3000
058476,旺宏凱基9A購01  ,0,0,0,0,0,0,0,0,0,-3000,0,0,0,0,3000,-3000,-3000
048105,滬深2X群益99購02,0,0,0,0,0,0,0,0,0,-3000,0,0,0,10000,13000,-3000,-3000
03684C,臺股指元大06牛01,0,0,0,0,0,0,0,0,0,-3000,0,0,0,0,3000,-3000,-3000
060154,堤維西永豐9A購01,0,0,0,0,0,0,0,0,0,-3000,0,0,0,0,3000,-3000,-3000
059877,康控凱基99購05  ,0,0,0,0,0,0,0,0,0,-3000,0,0,0,7000,10000,-3000,-3000
060209,喬山康和9A購01  ,0,0,0,0,0,0,0,0,0,-3000,0,0,0,0,3000,-3000,-3000
057166,國巨元大99購06  ,0,0,0,0,0,0,0,0,0,-3000,0,0,0,147000,150000,-3000,-3000
03286P,台積電群益02售08,0,0,0,0,0,0,0,0,0,-3000,0,0,0,0,3000,-3000,-3000
03053P,台灣50中信04售03,0,0,0,0,0,0,0,0,0,-3000,0,0,0,0,3000,-3000,-3000
0057,富邦摩台        ,0,1000,-1000,0,0,0,0,0,0,-2000,0,0,0,20000,22000,-2000,-3000
063483,致新元大9B購03  ,0,0,0,0,0,0,0,0,0,-3000,0,0,0,0,3000,-3000,-3000
06344P,臺股指統一99售03,0,0,0,0,0,0,0,0,0,-3000,0,0,0,1000,4000,-3000,-3000
062885,臻鼎兆豐9C購01  ,0,0,0,0,0,0,0,0,0,-3000,0,0,0,0,3000,-3000,-3000
063908,國巨凱基9C購06  ,0,0,0,0,0,0,0,0,0,-3000,0,0,0,0,3000,-3000,-3000
063968,新光金國票01購01,0,0,0,0,0,0,0,0,0,-3000,0,0,0,81000,84000,-3000,-3000
061709,SP黃豆凱基01購02,0,0,0,0,0,0,0,0,0,-3000,0,0,0,0,3000,-3000,-3000
061807,元金2X統一9B購01,0,0,0,0,0,0,0,0,0,-3000,0,0,0,0,3000,-3000,-3000
061929,嘉澤凱基9B購01  ,0,0,0,0,0,0,0,0,0,-3000,0,0,0,8000,11000,-3000,-3000
061210,玉山金元大9A購02,0,0,0,0,0,0,0,0,0,-3000,0,0,0,101000,104000,-3000,-3000
062168,大毅永豐9B購01  ,0,0,0,0,0,0,0,0,0,-3000,0,0,0,0,3000,-3000,-3000
062551,緯穎永豐9B購02  ,0,0,0,0,0,0,0,0,0,-3000,0,0,0,0,3000,-3000,-3000
062625,華通國票9B購02  ,0,0,0,0,0,0,0,0,0,-3000,0,0,0,70000,73000,-3000,-3000
062575,景碩群益9B購01  ,0,0,0,0,0,0,0,0,0,-3000,0,0,0,1000,4000,-3000,-3000
062634,玉晶光國票9B購03,0,0,0,0,0,0,0,0,0,-3000,0,0,0,0,3000,-3000,-3000
062326,國巨統一9C購09  ,0,0,0,0,0,0,0,0,0,-3000,0,0,0,0,3000,-3000,-3000
062331,大立光統一9B購10,0,0,0,0,0,0,0,0,0,-3000,0,0,0,0,3000,-3000,-3000
061092,可成統一9C購02  ,0,0,0,0,0,0,0,0,0,-3000,0,0,0,0,3000,-3000,-3000
064669,健策元大01購03  ,0,0,0,0,0,0,0,0,0,-3000,0,0,0,2000,5000,-3000,-3000
062501,台積電群益9C購03,0,0,0,0,0,0,0,0,0,-3000,0,0,0,5000,8000,-3000,-3000
062497,遠東新群益9B購01,0,0,0,0,0,0,0,0,0,-3000,0,0,0,27000,30000,-3000,-3000
064625,健策元大01購02  ,0,0,0,0,0,0,0,0,0,-3000,0,0,0,78000,81000,-3000,-3000
065178,和碩元大9C購01  ,0,0,0,0,0,0,0,0,0,-3000,0,0,0,0,3000,-3000,-3000
064978,群創元大9C購07  ,0,0,0,0,0,0,0,0,0,-3000,0,0,0,46000,49000,-3000,-3000
065420,中租國票01購01  ,0,0,0,0,0,0,0,0,0,-3000,0,0,0,88000,91000,-3000,-3000
065607,聯詠元大9C購02  ,0,0,0,0,0,0,0,0,0,-3000,0,0,0,30000,33000,-3000,-3000
065790,創意永豐9C購02  ,0,0,0,0,0,0,0,0,0,-3000,0,0,0,0,3000,-3000,-3000
067226,台灣50群益01購09,0,0,0,0,0,0,0,0,0,-3000,0,0,0,3000,6000,-3000,-3000
067292,大立光兆豐01購01,0,0,0,0,0,0,0,0,0,-3000,0,0,0,0,3000,-3000,-3000
067386,巨大統一02購02  ,0,0,0,0,0,0,0,0,0,-3000,0,0,0,200000,203000,-3000,-3000
066583,上証2X群益03購01,0,0,0,0,0,0,0,0,0,-3000,0,0,0,3000,6000,-3000,-3000
066716,高股息元大01購01,0,0,0,0,0,0,0,0,0,-3000,0,0,0,0,3000,-3000,-3000
066372,惠特中信01購01  ,0,0,0,0,0,0,0,0,0,-3000,0,0,0,106000,109000,-3000,-3000
066429,矽格元大01購01  ,0,0,0,0,0,0,0,0,0,-3000,0,0,0,0,3000,-3000,-3000
1533,車王電          ,1000,4000,-3000,0,0,0,0,0,0,0,0,0,0,0,0,0,-3000
1558,伸興            ,1000,4000,-3000,0,0,0,0,0,0,0,0,0,0,0,0,0,-3000
1463,強盛            ,2000,4000,-2000,0,0,0,0,0,0,-1000,0,1000,-1000,0,0,0,-3000
1441,大東            ,1000,4000,-3000,0,0,0,0,0,0,0,0,0,0,0,0,0,-3000
1324,地球            ,4000,7000,-3000,0,0,0,0,0,0,0,1000,1000,0,0,0,0,-3000
1235,興泰            ,0,4000,-4000,0,0,0,0,0,0,1000,1000,0,1000,0,0,0,-3000
2024,志聯            ,2000,3000,-1000,0,0,0,0,0,0,-2000,0,2000,-2000,0,0,0,-3000
1727,中華化          ,0,1000,-1000,0,0,0,0,0,0,-2000,0,2000,-2000,0,0,0,-3000
2397,友通            ,5000,5000,0,0,0,0,0,0,0,-3000,0,3000,-3000,0,0,0,-3000
6115,鎰勝            ,8000,9000,-1000,0,0,0,0,0,0,-2000,0,2000,-2000,0,0,0,-3000
6133,金橋            ,3000,3000,0,0,0,0,0,0,0,-3000,0,3000,-3000,0,0,0,-3000
8442,威宏-KY         ,0,0,0,0,0,0,0,0,0,-3000,0,3000,-3000,0,0,0,-3000
9906,欣巴巴          ,4000,7000,-3000,0,0,0,0,0,0,0,0,0,0,0,0,0,-3000
9929,秋雨            ,0,3000,-3000,0,0,0,0,0,0,0,0,0,0,0,0,0,-3000
4557,永新-KY         ,0,2000,-2000,0,0,0,0,0,0,-1000,0,1000,-1000,0,0,0,-3000
2904,匯僑            ,0,3000,-3000,0,0,0,0,0,0,0,0,0,0,0,0,0,-3000
3025,星通            ,1000,4000,-3000,0,0,0,0,0,0,0,1000,1000,0,0,0,0,-3000
3229,晟鈦            ,1000,4000,-3000,0,0,0,0,0,0,0,0,0,0,0,0,0,-3000
068647,臺指反元大02購18,0,0,0,0,0,0,0,0,0,-4000,0,0,0,0,4000,-4000,-4000
068537,信邦中信01購01  ,0,0,0,0,0,0,0,0,0,-4000,0,0,0,0,4000,-4000,-4000
068519,群創統一03購01  ,0,0,0,0,0,0,0,0,0,-4000,0,0,0,0,4000,-4000,-4000
068581,台積電永豐01購05,0,0,0,0,0,0,0,0,0,-4000,0,0,0,12000,16000,-4000,-4000
068569,健策元大01購13  ,0,0,0,0,0,0,0,0,0,-4000,0,0,0,244000,248000,-4000,-4000
068328,聯發科元大01購28,0,0,0,0,0,0,0,0,0,-4000,0,0,0,46000,50000,-4000,-4000
067689,惠特元大01購03  ,0,0,0,0,0,0,0,0,0,-4000,0,0,0,34000,38000,-4000,-4000
067663,神隆元大01購03  ,0,0,0,0,0,0,0,0,0,-4000,0,0,0,10000,14000,-4000,-4000
067611,拓凱凱基02購01  ,0,0,0,0,0,0,0,0,0,-4000,0,0,0,26000,30000,-4000,-4000
069351,台虹群益03購01  ,0,0,0,0,0,0,0,0,0,-4000,0,0,0,0,4000,-4000,-4000
069333,聯電群益03購08  ,0,0,0,0,0,0,0,0,0,-4000,0,0,0,2000,6000,-4000,-4000
069281,泰鼎永豐02購01  ,0,0,0,0,0,0,0,0,0,-4000,0,0,0,0,4000,-4000,-4000
069020,矽創兆豐03購01  ,0,0,0,0,0,0,0,0,0,-4000,0,0,0,3000,7000,-4000,-4000
069118,強茂群益02購01  ,0,0,0,0,0,0,0,0,0,-4000,0,0,0,11000,15000,-4000,-4000
08430P,友達凱基01售01  ,0,0,0,0,0,0,0,0,0,-4000,0,0,0,32000,36000,-4000,-4000
0053,元大電子        ,0,0,0,0,0,0,0,0,0,-4000,0,0,0,0,4000,-4000,-4000
03206P,台郡凱基01售05  ,0,0,0,0,0,0,0,0,0,-4000,0,0,0,0,4000,-4000,-4000
059645,祥碩凱基99購05  ,0,0,0,0,0,0,0,0,0,-4000,0,0,0,0,4000,-4000,-4000
059662,旭富元大9C購01  ,0,0,0,0,0,0,0,0,0,-4000,0,0,0,0,4000,-4000,-4000
059890,大立光國票99購03,0,0,0,0,0,0,0,0,0,-4000,0,0,0,0,4000,-4000,-4000
060133,牧德群益9B購01  ,0,0,0,0,0,0,0,0,0,-4000,0,0,0,0,4000,-4000,-4000
057706,臺股指群益98購06,0,0,0,0,0,0,0,0,0,-4000,0,0,0,0,4000,-4000,-4000
056554,GIS凱基99購01   ,0,0,0,0,0,0,0,0,0,-4000,0,0,0,0,4000,-4000,-4000
057570,技嘉永豐98購02  ,0,0,0,0,0,0,0,0,0,-4000,0,0,0,0,4000,-4000,-4000
060015,國巨康和99購03  ,0,0,0,0,0,0,0,0,0,-4000,0,0,0,42000,46000,-4000,-4000
060723,致新永豐9A購01  ,0,0,0,0,0,0,0,0,0,-4000,0,0,0,30000,34000,-4000,-4000
063042,同欣電凱基9C購01,0,0,0,0,0,0,0,0,0,-4000,0,0,0,0,4000,-4000,-4000
064130,創意元大9C購02  ,0,0,0,0,0,0,0,0,0,-4000,0,0,0,0,4000,-4000,-4000
064583,光寶科永豐9C購01,0,0,0,0,0,0,0,0,0,-4000,0,0,0,0,4000,-4000,-4000
063188,TPK凱基9B購01   ,0,0,0,0,0,0,0,0,0,-4000,0,0,0,16000,20000,-4000,-4000
063179,群創兆豐9B購01  ,0,0,0,0,0,0,0,0,0,-4000,0,0,0,0,4000,-4000,-4000
063186,聯發科凱基9C購04,0,0,0,0,0,0,0,0,0,-4000,0,0,0,1000,5000,-4000,-4000
064504,玉晶光元大01購02,0,0,0,0,0,0,0,0,0,-4000,0,0,0,16000,20000,-4000,-4000
064457,禾伸堂統一01購02,0,0,0,0,0,0,0,0,0,-4000,0,0,0,0,4000,-4000,-4000
061413,台勝科群益9A購01,0,0,0,0,0,0,0,0,0,-4000,0,0,0,0,4000,-4000,-4000
060942,智邦國票9A購02  ,0,0,0,0,0,0,0,0,0,-4000,0,0,0,0,4000,-4000,-4000
062309,燿華凱基9B購01  ,0,0,0,0,0,0,0,0,0,-4000,0,0,0,0,4000,-4000,-4000
062819,奇鋐兆豐9B購01  ,0,0,0,0,0,0,0,0,0,-4000,0,0,0,0,4000,-4000,-4000
062635,創意國票9B購01  ,0,0,0,0,0,0,0,0,0,-4000,0,0,0,0,4000,-4000,-4000
062254,台光電元大9B購02,0,0,0,0,0,0,0,0,0,-4000,0,0,0,1000,5000,-4000,-4000
061275,臺股指凱基9A購25,0,0,0,0,0,0,0,0,0,-4000,0,0,0,16000,20000,-4000,-4000
064249,聯發科元富06購01,0,0,0,0,0,0,0,0,0,-4000,0,0,0,2000,6000,-4000,-4000
061186,牧德國泰9C購01  ,0,0,0,0,0,0,0,0,0,-4000,0,0,0,16000,20000,-4000,-4000
064225,健策國票01購02  ,0,0,0,0,0,0,0,0,0,-4000,0,0,0,16000,20000,-4000,-4000
062052,華通統一01購01  ,0,0,0,0,0,0,0,0,0,-4000,0,0,0,5000,9000,-4000,-4000
061830,元金2X凱基01購01,0,0,0,0,0,0,0,0,0,-4000,0,0,0,0,4000,-4000,-4000
061640,智原元大9A購01  ,0,0,0,0,0,0,0,0,0,-4000,0,0,0,0,4000,-4000,-4000
064054,中租統一02購01  ,0,0,0,0,0,0,0,0,0,-4000,0,0,0,0,4000,-4000,-4000
063932,世芯統一01購01  ,0,0,0,0,0,0,0,0,0,-4000,0,0,0,0,4000,-4000,-4000
063125,華擎元大9C購02  ,0,0,0,0,0,0,0,0,0,-4000,0,0,0,0,4000,-4000,-4000
062110,華擎國票9B購01  ,0,0,0,0,0,0,0,0,0,-4000,0,0,0,1000,5000,-4000,-4000
062106,華邦電國票9B購02,0,0,0,0,0,0,0,0,0,-4000,0,0,0,0,4000,-4000,-4000
066307,華城永豐01購01  ,0,0,0,0,0,0,0,0,0,-4000,0,0,0,0,4000,-4000,-4000
066581,臺股指元大01購10,0,0,0,0,0,0,0,0,0,-4000,0,0,0,0,4000,-4000,-4000
066828,聯發科群益02購05,0,0,0,0,0,0,0,0,0,-4000,0,0,0,0,4000,-4000,-4000
067376,欣興統一01購01  ,0,0,0,0,0,0,0,0,0,-4000,0,0,0,57000,61000,-4000,-4000
065716,道瓊反中信03購01,0,0,0,0,0,0,0,0,0,-4000,0,0,0,0,4000,-4000,-4000
066045,聯發科元大01購08,0,0,0,0,0,0,0,0,0,-4000,0,0,0,0,4000,-4000,-4000
066023,燿華群益01購02  ,0,0,0,0,0,0,0,0,0,-4000,0,0,0,36000,40000,-4000,-4000
065951,聯發科統一01購08,0,0,0,0,0,0,0,0,0,-4000,0,0,0,6000,10000,-4000,-4000
065550,聯發科凱基01購07,0,0,0,0,0,0,0,0,0,-4000,0,0,0,2000,6000,-4000,-4000
065230,義隆凱基02購01  ,0,0,0,0,0,0,0,0,0,-4000,0,0,0,10000,14000,-4000,-4000
2882A,國泰特          ,3000,0,3000,0,0,0,0,0,0,-7000,3000,10000,-7000,0,0,0,-4000
9927,泰銘            ,6000,10000,-4000,0,0,0,0,0,0,0,0,0,0,0,0,0,-4000
8480,泰昇-KY         ,22000,26000,-4000,0,0,0,0,0,0,0,0,0,0,0,0,0,-4000
6671,三能-KY         ,0,3000,-3000,0,0,0,0,0,0,-1000,0,1000,-1000,0,0,0,-4000
2477,美隆電          ,0,0,0,0,0,0,0,0,0,-4000,0,4000,-4000,0,0,0,-4000
2509,全坤建          ,0,0,0,0,0,0,0,0,0,-4000,0,4000,-4000,0,0,0,-4000
2032,新鋼            ,1000,4000,-3000,0,0,0,0,0,0,-1000,0,1000,-1000,0,0,0,-4000
2358,廷鑫            ,10000,13000,-3000,0,0,0,0,0,0,-1000,0,1000,-1000,0,0,0,-4000
08991P,玉晶光元大01售06,0,0,0,0,0,0,0,0,0,-4000,0,0,0,31000,35000,-4000,-4000
08766P,臺股指中信03售03,0,0,0,0,0,0,0,0,0,-4000,0,0,0,0,4000,-4000,-4000
08442P,臺股指麥證01售01,0,0,0,50000,55000,-5000,0,0,0,-5000,0,0,0,50000,55000,-5000,-5000
08420P,國巨群益9C售12  ,0,0,0,0,0,0,0,0,0,-5000,0,0,0,0,5000,-5000,-5000
08464P,牧德永豐9C售02  ,0,0,0,0,0,0,0,0,0,-5000,0,0,0,0,5000,-5000,-5000
08670P,健策統一01售01  ,0,0,0,0,0,0,0,0,0,-5000,0,0,0,0,5000,-5000,-5000
08648P,健策凱基9C售05  ,0,0,0,0,0,0,0,0,0,-5000,0,0,0,0,5000,-5000,-5000
08627P,臺股指群益9C售22,0,0,0,0,0,0,0,0,0,-5000,0,0,0,0,5000,-5000,-5000
08719P,華通元大01售04  ,0,0,0,0,0,0,0,0,0,-5000,0,0,0,50000,55000,-5000,-5000
07906P,中租群益9B售02  ,0,0,0,0,0,0,0,0,0,-5000,0,0,0,15000,20000,-5000,-5000
08043P,電子類群益9B售01,0,0,0,0,0,0,0,0,0,-5000,0,0,0,0,5000,-5000,-5000
069161,聯發科元大02購08,0,0,0,0,0,0,0,0,0,-5000,0,0,0,0,5000,-5000,-5000
069271,聯電永豐02購03  ,0,0,0,0,0,0,0,0,0,-5000,0,0,0,10000,15000,-5000,-5000
069343,玉晶光群益03購03,0,0,0,0,0,0,0,0,0,-5000,0,0,0,0,5000,-5000,-5000
069408,美律統一02購03  ,0,0,0,0,0,0,0,0,0,-5000,0,0,0,0,5000,-5000,-5000
069264,聯發科兆豐03購03,0,0,0,0,0,0,0,0,0,-5000,0,0,0,0,5000,-5000,-5000
069218,儒鴻群益02購01  ,0,0,0,0,0,0,0,0,0,-5000,0,0,0,5000,10000,-5000,-5000
069192,晶技統一05購01  ,0,0,0,0,0,0,0,0,0,-5000,0,0,0,0,5000,-5000,-5000
07047P,S&P500中信9B售02,0,0,0,0,0,0,0,0,0,-5000,0,0,0,0,5000,-5000,-5000
07084P,S&P正2元富9B售02,0,0,0,0,0,0,0,0,0,-5000,0,0,0,0,5000,-5000,-5000
07319P,台積電凱基01售02,0,0,0,0,0,0,0,0,0,-5000,0,0,0,0,5000,-5000,-5000
067606,京鼎凱基01購04  ,0,0,0,0,0,0,0,0,0,-5000,0,0,0,0,5000,-5000,-5000
06767P,台積電永昌99售03,0,0,0,0,0,0,0,0,0,-5000,0,0,0,0,5000,-5000,-5000
067809,聯發科凱基01購17,0,0,0,0,0,0,0,0,0,-5000,0,0,0,0,5000,-5000,-5000
067818,玉晶光凱基02購02,0,0,0,0,0,0,0,0,0,-5000,0,0,0,25000,30000,-5000,-5000
067999,大毅元大01購03  ,0,0,0,0,0,0,0,0,0,-5000,0,0,0,0,5000,-5000,-5000
068132,大立光統一02購08,0,0,0,0,0,0,0,0,0,-5000,0,0,0,0,5000,-5000,-5000
068098,同欣電富邦01購02,0,0,0,0,0,0,0,0,0,-5000,0,0,0,0,5000,-5000,-5000
068116,欣興元富07購01  ,0,0,0,0,0,0,0,0,0,-5000,0,0,0,0,5000,-5000,-5000
068265,信錦永豐01購01  ,0,0,0,0,0,0,0,0,0,-5000,0,0,0,0,5000,-5000,-5000
068209,彩晶凱基04購02  ,0,0,0,0,0,0,0,0,0,-5000,0,0,0,23000,28000,-5000,-5000
068413,健策台新01購01  ,0,0,0,0,0,0,0,0,0,-5000,0,0,0,18000,23000,-5000,-5000
068552,台灣50元大01購38,0,0,0,0,0,0,0,0,0,-5000,0,0,0,0,5000,-5000,-5000
068627,同欣電群益02購01,0,0,0,0,0,0,0,0,0,-5000,0,0,0,24000,29000,-5000,-5000
064281,大立光元大9C購12,0,0,0,0,0,0,0,0,0,-5000,0,0,0,0,5000,-5000,-5000
062984,致新元富9B購01  ,0,0,0,0,0,0,0,0,0,-5000,0,0,0,64000,69000,-5000,-5000
060545,台積電凱基9B購02,0,0,0,0,0,0,0,0,0,-5000,0,0,0,0,5000,-5000,-5000
060684,同欣電元大9A購01,0,0,0,0,0,0,0,0,0,-5000,0,0,0,0,5000,-5000,-5000
060597,華通凱基9A購04  ,0,0,0,0,0,0,0,0,0,-5000,0,0,0,5000,10000,-5000,-5000
059997,華航元富99購01  ,0,0,0,0,0,0,0,0,0,-5000,0,0,0,43000,48000,-5000,-5000
058623,國巨國票99購08  ,0,0,0,0,0,0,0,0,0,-5000,0,0,0,0,5000,-5000,-5000
058659,力成中信99購01  ,0,0,0,0,0,0,0,0,0,-5000,0,0,0,0,5000,-5000,-5000
058370,聯詠凱基99購01  ,0,0,0,0,0,0,0,0,0,-5000,0,0,0,3000,8000,-5000,-5000
058367,大立光凱基9A購01,0,0,0,0,0,0,0,0,0,-5000,0,0,0,80000,85000,-5000,-5000
058088,鴻海元大9A購01  ,0,0,0,0,0,0,0,0,0,-5000,0,0,0,0,5000,-5000,-5000
03409P,台積電元大02售26,0,0,0,0,0,0,0,0,0,-5000,0,0,0,0,5000,-5000,-5000
055579,健策統一9A購01  ,0,0,0,0,0,0,0,0,0,-5000,0,0,0,0,5000,-5000,-5000
056466,臺股指凱基99購08,0,0,0,0,0,0,0,0,0,-5000,0,0,0,0,5000,-5000,-5000
057618,台光電凱基99購01,0,0,0,0,0,0,0,0,0,-5000,0,0,0,0,5000,-5000,-5000
060097,華新科元大99購23,0,0,0,0,0,0,0,0,0,-5000,0,0,0,40000,45000,-5000,-5000
059699,華通凱基99購04  ,0,0,0,0,0,0,0,0,0,-5000,0,0,0,10000,15000,-5000,-5000
059628,智邦凱基99購04  ,0,0,0,0,0,0,0,0,0,-5000,0,0,0,0,5000,-5000,-5000
03373P,聯發科元大02售11,0,0,0,0,0,0,0,0,0,-5000,0,0,0,0,5000,-5000,-5000
057393,台積電中信02購01,0,0,0,0,0,0,0,0,0,-5000,0,0,0,0,5000,-5000,-5000
053411,深中小國票9B購01,0,0,0,0,0,0,0,0,0,-5000,0,0,0,0,5000,-5000,-5000
053468,鴻海元大98購01  ,0,0,0,0,0,0,0,0,0,-5000,0,0,0,0,5000,-5000,-5000
00742,新光內需收益    ,0,0,0,0,0,0,0,0,0,-5000,250000,250000,0,360000,365000,-5000,-5000
00688L,國泰20年美債正2 ,0,0,0,0,0,0,0,0,0,-5000,0,0,0,100000,105000,-5000,-5000
063584,南六國泰01購01  ,0,0,0,0,0,0,0,0,0,-5000,0,0,0,0,5000,-5000,-5000
063556,儒鴻元大9B購02  ,0,0,0,0,0,0,0,0,0,-5000,0,0,0,7000,12000,-5000,-5000
062931,上証2X凱基01購01,0,0,0,0,0,0,0,0,0,-5000,0,0,0,4000,9000,-5000,-5000
062944,茂林凱基9B購02  ,0,0,0,0,0,0,0,0,0,-5000,0,0,0,0,5000,-5000,-5000
063350,台表科統一02購02,0,0,0,0,0,0,0,0,0,-5000,0,0,0,0,5000,-5000,-5000
064026,建準元大9C購02  ,0,0,0,0,0,0,0,0,0,-5000,0,0,0,55000,60000,-5000,-5000
061720,智邦國泰9C購01  ,0,0,0,0,0,0,0,0,0,-5000,0,0,0,66000,71000,-5000,-5000
061262,智邦凱基9A購02  ,0,0,0,0,0,0,0,0,0,-5000,0,0,0,0,5000,-5000,-5000
062774,儒鴻元大9C購01  ,0,0,0,0,0,0,0,0,0,-5000,0,0,0,3000,8000,-5000,-5000
062335,茂林統一01購01  ,0,0,0,0,0,0,0,0,0,-5000,0,0,0,0,5000,-5000,-5000
062336,茂林統一01購02  ,0,0,0,0,0,0,0,0,0,-5000,0,0,0,0,5000,-5000,-5000
061365,國巨國票9B購05  ,0,0,0,0,0,0,0,0,0,-5000,0,0,0,30000,35000,-5000,-5000
060940,國巨國票9B購03  ,0,0,0,0,0,0,0,0,0,-5000,0,0,0,3000,8000,-5000,-5000
062353,亞德客元大9B購01,0,0,0,0,0,0,0,0,0,-5000,0,0,0,1000,6000,-5000,-5000
061006,新光金兆豐9A購01,0,0,0,0,0,0,0,0,0,-5000,0,0,0,527000,532000,-5000,-5000
064875,國巨兆豐01購01  ,0,0,0,0,0,0,0,0,0,-5000,0,0,0,0,5000,-5000,-5000
064857,T50反1富邦01購02,0,0,0,0,0,0,0,0,0,-5000,0,0,0,0,5000,-5000,-5000
063217,元金2X群益9B購03,0,0,0,0,0,0,0,0,0,-5000,0,0,0,15000,20000,-5000,-5000
062389,台表科國泰01購01,0,0,0,0,0,0,0,0,0,-5000,0,0,0,0,5000,-5000,-5000
062473,同欣電凱基9B購01,0,0,0,0,0,0,0,0,0,-5000,0,0,0,0,5000,-5000,-5000
065426,台積電凱基01購09,0,0,0,0,0,0,0,0,0,-5000,0,0,0,10000,15000,-5000,-5000
064925,和碩統一02購01  ,0,0,0,0,0,0,0,0,0,-5000,0,0,0,0,5000,-5000,-5000
065175,大立光元大01購05,0,0,0,0,0,0,0,0,0,-5000,0,0,0,34000,39000,-5000,-5000
065172,義隆元大9C購05  ,0,0,0,0,0,0,0,0,0,-5000,0,0,0,0,5000,-5000,-5000
065094,新日興元大9C購04,0,0,0,0,0,0,0,0,0,-5000,0,0,0,127000,132000,-5000,-5000
065004,瑞昱國票01購02  ,0,0,0,0,0,0,0,0,0,-5000,0,0,0,0,5000,-5000,-5000
066147,美利達群益01購01,0,0,0,0,0,0,0,0,0,-5000,0,0,0,0,5000,-5000,-5000
065703,大毅群益9C購01  ,0,0,0,0,0,0,0,0,0,-5000,0,0,0,0,5000,-5000,-5000
065574,創意群益9C購04  ,0,0,0,0,0,0,0,0,0,-5000,0,0,0,0,5000,-5000,-5000
067375,大立光統一03購03,0,0,0,0,0,0,0,0,0,-5000,0,0,0,15000,20000,-5000,-5000
067403,眾達永豐01購03  ,0,0,0,0,0,0,0,0,0,-5000,0,0,0,0,5000,-5000,-5000
067464,上証2X元大03購01,0,0,0,0,0,0,0,0,0,-5000,0,0,0,25000,30000,-5000,-5000
067474,華邦電元大01購02,0,0,0,0,0,0,0,0,0,-5000,0,0,0,100000,105000,-5000,-5000
067135,聯詠永豐01購02  ,0,0,0,0,0,0,0,0,0,-5000,0,0,0,0,5000,-5000,-5000
067068,台積電元大01購21,2000,0,2000,0,0,0,0,0,0,-7000,0,0,0,0,7000,-7000,-5000
06678P,大立光統一99售01,0,0,0,0,0,0,0,0,0,-5000,0,0,0,0,5000,-5000,-5000
066866,滬深2X元富01購03,0,0,0,0,0,0,0,0,0,-5000,0,0,0,3000,8000,-5000,-5000
066355,惠特永豐01購01  ,0,0,0,0,0,0,0,0,0,-5000,0,0,0,0,5000,-5000,-5000
066419,聯發科元大01購11,0,0,0,0,0,0,0,0,0,-5000,0,0,0,1000,6000,-5000,-5000
066462,智伸科統一04購02,0,0,0,0,0,0,0,0,0,-5000,0,0,0,0,5000,-5000,-5000
08985P,台表科兆豐03售02,0,0,0,0,0,0,0,0,0,-5000,0,0,0,13000,18000,-5000,-5000
1446,宏和            ,1000,5000,-4000,0,0,0,0,0,0,-1000,0,1000,-1000,0,0,0,-5000
2022,聚亨            ,31000,36000,-5000,0,0,0,0,0,0,0,0,0,0,0,0,0,-5000
2491,吉祥全          ,1000,5000,-4000,0,0,0,0,0,0,-1000,0,1000,-1000,0,0,0,-5000
6184,大豐電          ,5000,10000,-5000,0,0,0,0,0,0,0,0,0,0,0,0,0,-5000
2739,寒舍            ,20000,25000,-5000,0,0,0,0,0,0,0,0,0,0,0,0,0,-5000
2642,宅配通          ,16000,21000,-5000,0,0,0,0,0,0,0,0,0,0,0,0,0,-5000
3054,立萬利          ,0,0,0,0,0,0,0,0,0,-5000,0,5000,-5000,0,0,0,-5000
4552,力達-KY         ,11000,15000,-4000,0,0,0,0,0,0,-1000,0,1000,-1000,0,0,0,-5000
3550,聯穎            ,53000,71000,-18000,0,0,0,0,0,0,13000,15000,2000,13000,0,0,0,-5000
068766,台積電統一04購04,0,0,0,0,0,0,0,0,0,-6000,0,0,0,0,6000,-6000,-6000
068309,聯詠國票03購01  ,0,0,0,0,0,0,0,0,0,-6000,0,0,0,9000,15000,-6000,-6000
068138,道瓊銀元大01購03,0,0,0,0,0,0,0,0,0,-6000,0,0,0,40000,46000,-6000,-6000
07117P,SGBR2X凱基9C售01,0,0,0,0,0,0,0,0,0,-6000,0,0,0,0,6000,-6000,-6000
07130P,台郡元大9B售01  ,0,0,0,0,0,0,0,0,0,-6000,0,0,0,49000,55000,-6000,-6000
069243,台積電凱基03購13,0,0,0,0,0,0,0,0,0,-6000,0,0,0,0,6000,-6000,-6000
069232,臺股指群益02購07,0,0,0,0,0,0,0,0,0,-6000,0,0,0,0,6000,-6000,-6000
069350,瑞儀群益02購02  ,0,0,0,0,0,0,0,0,0,-6000,0,0,0,0,6000,-6000,-6000
069323,華擎兆豐03購02  ,0,0,0,0,0,0,0,0,0,-6000,0,0,0,0,6000,-6000,-6000
068871,台灣50凱基03購04,0,0,0,0,0,0,0,0,0,-6000,0,0,0,0,6000,-6000,-6000
08211P,台表科元富9B售03,0,0,0,0,0,0,0,0,0,-6000,0,0,0,0,6000,-6000,-6000
08693P,宏達電群益01售02,0,0,0,0,0,0,0,0,0,-6000,0,0,0,60000,66000,-6000,-6000
056906,玉晶光元大9B購01,0,0,0,0,0,0,0,0,0,-6000,0,0,0,61000,67000,-6000,-6000
03191P,國巨國泰03售02  ,0,0,0,0,0,0,0,0,0,-6000,0,0,0,516000,522000,-6000,-6000
057605,旺宏統一99購03  ,0,0,0,0,0,0,0,0,0,-6000,0,0,0,0,6000,-6000,-6000
057477,智邦元大98購09  ,0,0,0,0,0,0,0,0,0,-6000,0,0,0,0,6000,-6000,-6000
058317,國巨永豐99購02  ,0,0,0,0,0,0,0,0,0,-6000,0,0,0,0,6000,-6000,-6000
060287,燿華元大9A購01  ,0,0,0,0,0,0,0,0,0,-6000,0,0,0,0,6000,-6000,-6000
060290,興富發元大9C購01,0,0,0,0,0,0,0,0,0,-6000,0,0,0,1000,7000,-6000,-6000
057793,群創統一99購02  ,0,0,0,0,0,0,0,0,0,-6000,0,0,0,0,6000,-6000,-6000
059197,可成永豐99購02  ,0,0,0,0,0,0,0,0,0,-6000,0,0,0,4000,10000,-6000,-6000
059202,禾聯碩永豐99購01,0,0,0,0,0,0,0,0,0,-6000,0,0,0,0,6000,-6000,-6000
063631,燿華元大9B購06  ,0,0,0,0,0,0,0,0,0,-6000,0,0,0,8000,14000,-6000,-6000
064327,金寶元大01購01  ,0,0,0,0,0,0,0,0,0,-6000,0,0,0,0,6000,-6000,-6000
064609,滬深2X元大9C購12,0,0,0,0,0,0,0,0,0,-6000,0,0,0,0,6000,-6000,-6000
064863,台積電永豐9C購01,0,0,0,0,0,0,0,0,0,-6000,0,0,0,0,6000,-6000,-6000
064713,和大統一02購01  ,0,0,0,0,0,0,0,0,0,-6000,0,0,0,0,6000,-6000,-6000
061028,聚陽永豐9A購01  ,0,0,0,0,0,0,0,0,0,-6000,0,0,0,4000,10000,-6000,-6000
062379,致新元大9B購01  ,0,0,0,0,0,0,0,0,0,-6000,0,0,0,35000,41000,-6000,-6000
060957,SP黃豆凱基9A購04,0,0,0,0,0,0,0,0,0,-6000,0,0,0,0,6000,-6000,-6000
062620,台表科元大9B購04,0,0,0,0,0,0,0,0,0,-6000,0,0,0,4000,10000,-6000,-6000
062253,燿華元大9B購02  ,0,0,0,0,0,0,0,0,0,-6000,0,0,0,0,6000,-6000,-6000
064226,TPK國票01購01   ,0,0,0,0,0,0,0,0,0,-6000,0,0,0,13000,19000,-6000,-6000
061707,超眾國票9B購01  ,0,0,0,0,0,0,0,0,0,-6000,0,0,0,0,6000,-6000,-6000
061878,茂林元大9B購01  ,0,0,0,0,0,0,0,0,0,-6000,0,0,0,62000,68000,-6000,-6000
061870,智邦元大9B購02  ,0,0,0,0,0,0,0,0,0,-6000,0,0,0,0,6000,-6000,-6000
062892,臺指反元大02購13,0,0,0,0,0,0,0,0,0,-6000,0,0,0,0,6000,-6000,-6000
063577,台表科元大9C購04,0,0,0,0,0,0,0,0,0,-6000,0,0,0,0,6000,-6000,-6000
063539,世紀鋼統一9B購02,0,0,0,0,0,0,0,0,0,-6000,0,0,0,61000,67000,-6000,-6000
063074,創意永豐9B購02  ,0,0,0,0,0,0,0,0,0,-6000,0,0,0,0,6000,-6000,-6000
063897,神達群益9C購01  ,0,0,0,0,0,0,0,0,0,-6000,0,0,0,0,6000,-6000,-6000
066408,致新凱基01購02  ,0,0,0,0,0,0,0,0,0,-6000,0,0,0,10000,16000,-6000,-6000
066361,微星中信05購01  ,0,0,0,0,0,0,0,0,0,-6000,0,0,0,20000,26000,-6000,-6000
066400,健策凱基02購02  ,0,0,0,0,0,0,0,0,0,-6000,0,0,0,11000,17000,-6000,-6000
06627P,華新科元富99售01,0,0,0,0,0,0,0,0,0,-6000,0,0,0,10000,16000,-6000,-6000
066909,義隆凱基01購04  ,0,0,0,0,0,0,0,0,0,-6000,0,0,0,13000,19000,-6000,-6000
067428,大毅凱基01購02  ,0,0,0,0,0,0,0,0,0,-6000,0,0,0,0,6000,-6000,-6000
067338,欣興凱基01購02  ,0,0,0,0,0,0,0,0,0,-6000,0,0,0,6000,12000,-6000,-6000
065173,可成元大9C購10  ,0,0,0,0,0,0,0,0,0,-6000,0,0,0,25000,31000,-6000,-6000
064955,健策凱基9C購03  ,0,0,0,0,0,0,0,0,0,-6000,0,0,0,0,6000,-6000,-6000
065323,聯發科凱基9C購09,0,0,0,0,0,0,0,0,0,-6000,0,0,0,0,6000,-6000,-6000
065334,立積國票01購02  ,0,0,0,0,0,0,0,0,0,-6000,0,0,0,0,6000,-6000,-6000
2748,雲品            ,12000,6000,6000,0,0,0,0,12000,-12000,0,0,0,0,0,0,0,-6000
6128,上福            ,0,6000,-6000,0,0,0,0,0,0,0,1000,1000,0,0,0,0,-6000
8201,無敵            ,3000,8000,-5000,0,0,0,0,0,0,-1000,0,1000,-1000,0,0,0,-6000
8940,新天地          ,0,6000,-6000,0,0,0,0,0,0,0,0,0,0,0,0,0,-6000
9935,慶豐富          ,84000,92000,-8000,0,0,0,0,0,0,2000,2000,0,2000,0,0,0,-6000
9905,大華            ,19000,25000,-6000,0,0,0,0,0,0,0,0,0,0,0,0,0,-6000
2547,日勝生          ,386000,395000,-9000,0,0,0,0,0,0,3000,3000,0,3000,0,0,0,-6000
2417,圓剛            ,144000,119000,25000,0,0,0,0,0,0,-31000,20000,51000,-31000,0,0,0,-6000
2429,銘旺科          ,0,6000,-6000,0,0,0,0,0,0,0,0,0,0,0,0,0,-6000
2017,官田鋼          ,48000,52000,-4000,0,0,0,0,0,0,-2000,0,2000,-2000,0,0,0,-6000
1530,亞崴            ,1000,7000,-6000,0,0,0,0,0,0,0,0,0,0,0,0,0,-6000
08997P,台積電群益01售17,0,0,0,0,0,0,0,0,0,-6000,0,0,0,64000,70000,-6000,-6000
1109,信大            ,2000,8000,-6000,0,0,0,0,0,0,0,0,0,0,0,0,0,-6000
1321,大洋            ,19000,25000,-6000,0,0,0,0,0,0,0,0,0,0,0,0,0,-6000
08877P,臺股指中信04售03,0,0,0,0,0,0,0,0,0,-6000,0,0,0,0,6000,-6000,-6000
08953P,大立光元富07售02,0,0,0,0,0,0,0,0,0,-6000,0,0,0,0,6000,-6000,-6000
08336P,聯發科中信9C售05,0,0,0,0,0,0,0,0,0,-7000,0,0,0,0,7000,-7000,-7000
07991P,鴻海群益9C售02  ,0,0,0,0,0,0,0,0,0,-7000,0,0,0,3000,10000,-7000,-7000
068929,台積電永豐02購02,0,0,0,0,0,0,0,0,0,-7000,0,0,0,0,7000,-7000,-7000
069022,台積電國票03購06,0,0,0,0,0,0,0,0,0,-7000,0,0,0,23000,30000,-7000,-7000
069287,大立光國泰04購03,0,0,0,0,0,0,0,0,0,-7000,0,0,0,0,7000,-7000,-7000
069300,滬深2X凱基08購01,0,0,0,0,0,0,0,0,0,-7000,0,0,0,0,7000,-7000,-7000
069213,GIS元大02購02   ,0,0,0,0,0,0,0,0,0,-7000,0,0,0,1000,8000,-7000,-7000
068102,晶豪科永豐01購01,0,0,0,0,0,0,0,0,0,-7000,0,0,0,0,7000,-7000,-7000
067732,遠東新元大01購01,0,0,0,0,0,0,0,0,0,-7000,0,0,0,3000,10000,-7000,-7000
068843,國巨統一03購05  ,0,0,0,0,0,0,0,0,0,-7000,0,0,0,2000,9000,-7000,-7000
068722,瑞昱元大02購02  ,0,0,0,0,0,0,0,0,0,-7000,0,0,0,69000,76000,-7000,-7000
062994,祥碩群益9B購05  ,0,0,0,0,0,0,0,0,0,-7000,0,0,0,0,7000,-7000,-7000
059403,T50反1台新03購03,0,0,0,0,0,0,0,0,0,-7000,0,0,0,0,7000,-7000,-7000
060553,祥碩凱基9A購01  ,0,0,0,0,0,0,0,0,0,-7000,0,0,0,0,7000,-7000,-7000
058790,楠梓電元大99購03,0,0,0,0,0,0,0,0,0,-7000,0,0,0,0,7000,-7000,-7000
058386,A50正2國票9B購01,0,0,0,0,0,0,0,0,0,-7000,0,0,0,0,7000,-7000,-7000
059647,超眾凱基99購04  ,0,0,0,0,0,0,0,0,0,-7000,0,0,0,0,7000,-7000,-7000
03325P,臺股指凱基04售05,0,0,0,0,0,0,0,0,0,-7000,0,0,0,10000,17000,-7000,-7000
03354P,上銀凱基02售02  ,0,0,0,0,0,0,0,0,0,-7000,0,0,0,3000,10000,-7000,-7000
053316,友達群益9A購01  ,0,0,0,0,0,0,0,0,0,-7000,0,0,0,0,7000,-7000,-7000
057430,富邦金兆豐98購01,0,0,0,0,0,0,0,0,0,-7000,0,0,0,0,7000,-7000,-7000
063913,貿聯凱基02購01  ,0,0,0,0,0,0,0,0,0,-7000,0,0,0,0,7000,-7000,-7000
063103,技嘉群益9B購01  ,0,0,0,0,0,0,0,0,0,-7000,0,0,0,11000,18000,-7000,-7000
062146,大毅國票9B購01  ,0,0,0,0,0,0,0,0,0,-7000,0,0,0,0,7000,-7000,-7000
062160,南六凱基9B購01  ,0,0,0,0,0,0,0,0,0,-7000,0,0,0,0,7000,-7000,-7000
061855,台郡國票9B購01  ,0,0,0,0,0,0,0,0,0,-7000,0,0,0,0,7000,-7000,-7000
061831,智邦凱基9B購02  ,0,0,0,0,0,0,0,0,0,-7000,0,0,0,1000,8000,-7000,-7000
061808,聯發科統一01購02,0,0,0,0,0,0,0,0,0,-7000,0,0,0,5000,12000,-7000,-7000
061789,群創群益9B購01  ,0,0,0,0,0,0,0,0,0,-7000,0,0,0,60000,67000,-7000,-7000
061776,晶技國票9B購01  ,0,0,0,0,0,0,0,0,0,-7000,0,0,0,1000,8000,-7000,-7000
061607,台表科凱基9B購02,0,0,0,0,0,0,0,0,0,-7000,0,0,0,0,7000,-7000,-7000
061905,上証反中信03購01,0,0,0,0,0,0,0,0,0,-7000,0,0,0,0,7000,-7000,-7000
062188,貿聯元大9B購02  ,0,0,0,0,0,0,0,0,0,-7000,0,0,0,23000,30000,-7000,-7000
061072,南電凱基9B購01  ,0,0,0,0,0,0,0,0,0,-7000,0,0,0,48000,55000,-7000,-7000
064574,達方群益01購01  ,0,0,0,0,0,0,0,0,0,-7000,0,0,0,0,7000,-7000,-7000
064811,華擎元大01購01  ,0,0,0,0,0,0,0,0,0,-7000,0,0,0,0,7000,-7000,-7000
064620,大立光元大01購03,0,0,0,0,0,0,0,0,0,-7000,0,0,0,0,7000,-7000,-7000
064578,TPK國泰02購01   ,0,0,0,0,0,0,0,0,0,-7000,0,0,0,15000,22000,-7000,-7000
064370,聯茂統一02購01  ,0,0,0,0,0,0,0,0,0,-7000,0,0,0,0,7000,-7000,-7000
062460,京鼎群益9C購01  ,0,0,0,0,0,0,0,0,0,-7000,0,0,0,0,7000,-7000,-7000
063224,泰鼎群益9B購02  ,0,0,0,0,0,0,0,0,0,-7000,0,0,0,79000,86000,-7000,-7000
065215,義隆國泰02購02  ,0,0,0,0,0,0,0,0,0,-7000,0,0,0,76000,83000,-7000,-7000
065403,健鼎國泰02購01  ,0,0,0,0,0,0,0,0,0,-7000,0,0,0,0,7000,-7000,-7000
065397,宏達電群益9C購03,0,0,0,0,0,0,0,0,0,-7000,0,0,0,118000,125000,-7000,-7000
065188,玉晶光統一02購01,0,0,0,0,0,0,0,0,0,-7000,0,0,0,28000,35000,-7000,-7000
065108,建準國票01購01  ,0,0,0,0,0,0,0,0,0,-7000,0,0,0,1000,8000,-7000,-7000
065647,健鼎元大9C購05  ,0,0,0,0,0,0,0,0,0,-7000,0,0,0,139000,146000,-7000,-7000
065937,大毅群益02購01  ,0,0,0,0,0,0,0,0,0,-7000,0,0,0,0,7000,-7000,-7000
065911,超眾永豐9C購01  ,0,0,0,0,0,0,0,0,0,-7000,0,0,0,0,7000,-7000,-7000
066166,大毅凱基02購01  ,0,0,0,0,0,0,0,0,0,-7000,0,0,0,0,7000,-7000,-7000
067247,瀚宇博群益01購02,0,0,0,0,0,0,0,0,0,-7000,0,0,0,0,7000,-7000,-7000
066873,健策國泰02購01  ,0,0,0,0,0,0,0,0,0,-7000,0,0,0,10000,17000,-7000,-7000
066744,和碩元大01購02  ,0,0,0,0,0,0,0,0,0,-7000,0,0,0,0,7000,-7000,-7000
066412,神隆元大01購01  ,0,0,0,0,0,0,0,0,0,-7000,0,0,0,2000,9000,-7000,-7000
066548,燿華元大02購02  ,0,0,0,0,0,0,0,0,0,-7000,0,0,0,89000,96000,-7000,-7000
08939P,緯穎元大01售06  ,0,0,0,0,0,0,0,0,0,-7000,0,0,0,10000,17000,-7000,-7000
1414,東和            ,6000,13000,-7000,0,0,0,0,0,0,0,0,0,0,0,0,0,-7000
1465,偉全            ,0,6000,-6000,0,0,0,0,0,0,-1000,0,1000,-1000,0,0,0,-7000
1726,永記            ,2000,9000,-7000,0,0,0,0,0,0,0,0,0,0,0,0,0,-7000
2442,新美齊          ,64000,75000,-11000,0,0,0,0,0,0,4000,6000,2000,4000,0,0,0,-7000
8222,寶一            ,1000,8000,-7000,0,0,0,0,0,0,0,0,0,0,0,0,0,-7000
2611,志信            ,1000,7000,-6000,0,0,0,0,0,0,-1000,0,1000,-1000,0,0,0,-7000
00666R,富邦恒生國企反1 ,0,0,0,0,0,0,0,0,0,-7990,0,0,0,82010,90000,-7990,-7990
068463,聯發科富邦03購07,0,0,0,0,0,0,0,0,0,-8000,0,0,0,12000,20000,-8000,-8000
06771P,台灣50中信02售01,0,0,0,0,0,0,0,0,0,-8000,0,0,0,0,8000,-8000,-8000
067571,大立光麥證01購04,0,0,0,12000,20000,-8000,0,0,0,-8000,0,0,0,12000,20000,-8000,-8000
068100,喬山永豐01購01  ,0,0,0,0,0,0,0,0,0,-8000,0,0,0,0,8000,-8000,-8000
067892,玉晶光群益02購06,0,0,0,0,0,0,0,0,0,-8000,0,0,0,55000,63000,-8000,-8000
069227,欣興群益02購05  ,0,0,0,0,0,0,0,0,0,-8000,0,0,0,0,8000,-8000,-8000
069296,華新科中信02購01,0,0,0,0,0,0,0,0,0,-8000,0,0,0,31000,39000,-8000,-8000
069103,TPK統一04購04   ,0,0,0,0,0,0,0,0,0,-8000,0,0,0,22000,30000,-8000,-8000
068980,欣興元大02購06  ,0,0,0,0,0,0,0,0,0,-8000,0,0,0,491000,499000,-8000,-8000
08136P,祥碩國泰01售01  ,0,0,0,0,0,0,0,0,0,-8000,0,0,0,38000,46000,-8000,-8000
03250P,日月光元富07售02,0,0,0,0,0,0,0,0,0,-8000,0,0,0,0,8000,-8000,-8000
03382P,帆宣康和02售01  ,0,0,0,0,0,0,0,0,0,-8000,0,0,0,43000,51000,-8000,-8000
057411,臺股指群益99購05,0,0,0,0,0,0,0,0,0,-8000,0,0,0,0,8000,-8000,-8000
03186P,台積電元大01售50,0,0,0,0,0,0,0,0,0,-8000,0,0,0,922000,930000,-8000,-8000
059847,喬山永豐99購01  ,0,0,0,0,0,0,0,0,0,-8000,0,0,0,0,8000,-8000,-8000
060109,茂林元大99購05  ,0,0,0,0,0,0,0,0,0,-8000,0,0,0,0,8000,-8000,-8000
058352,鴻海凱基9A購05  ,0,0,0,0,0,0,0,0,0,-8000,0,0,0,125000,133000,-8000,-8000
058265,奇力新永豐9A購01,0,0,0,0,0,0,0,0,0,-8000,0,0,0,70000,78000,-8000,-8000
059267,群創中信01購02  ,0,0,0,0,0,0,0,0,0,-8000,0,0,0,0,8000,-8000,-8000
059148,百和國票9A購01  ,0,0,0,0,0,0,0,0,0,-8000,0,0,0,30000,38000,-8000,-8000
059063,康控凱基99購04  ,0,0,0,0,0,0,0,0,0,-8000,0,0,0,0,8000,-8000,-8000
059116,晶豪科永豐99購01,0,0,0,0,0,0,0,0,0,-8000,0,0,0,5000,13000,-8000,-8000
064128,國產元大9C購01  ,0,0,0,0,0,0,0,0,0,-8000,0,0,0,0,8000,-8000,-8000
057751,神達國票99購02  ,0,0,0,0,0,0,0,0,0,-8000,0,0,0,0,8000,-8000,-8000
064437,可成凱基02購01  ,0,0,0,0,0,0,0,0,0,-8000,0,0,0,8000,16000,-8000,-8000
062724,可成凱基9B購04  ,0,0,0,0,0,0,0,0,0,-8000,0,0,0,0,8000,-8000,-8000
062837,復盛群益9B購01  ,0,0,0,0,0,0,0,0,0,-8000,0,0,0,0,8000,-8000,-8000
063590,華擎永豐9B購01  ,0,0,0,0,0,0,0,0,0,-8000,0,0,0,5000,13000,-8000,-8000
063951,新日興元大9C購01,0,0,0,0,0,0,0,0,0,-8000,0,0,0,48000,56000,-8000,-8000
063709,上銀凱基9B購07  ,0,0,0,0,0,0,0,0,0,-8000,0,0,0,2000,10000,-8000,-8000
063237,微星元大9B購02  ,0,0,0,0,0,0,0,0,0,-8000,0,0,0,3000,11000,-8000,-8000
066530,美律元富04購01  ,0,0,0,0,0,0,0,0,0,-8000,0,0,0,100000,108000,-8000,-8000
066500,T50反1富邦03購02,0,0,0,0,0,0,0,0,0,-8000,0,0,0,0,8000,-8000,-8000
066724,台達電元大01購01,0,0,0,0,0,0,0,0,0,-8000,0,0,0,8000,16000,-8000,-8000
067230,國巨群益01購05  ,0,0,0,0,0,0,0,0,0,-8000,0,0,0,0,8000,-8000,-8000
067204,國巨元大02購02  ,0,0,0,0,0,0,0,0,0,-8000,0,0,0,2000,10000,-8000,-8000
067168,國巨麥證01購05  ,0,0,0,1000,10000,-9000,0,0,0,-8000,0,0,0,3000,11000,-8000,-8000
067012,台虹永豐01購02  ,0,0,0,0,0,0,0,0,0,-8000,0,0,0,89000,97000,-8000,-8000
067444,國巨國票03購01  ,0,0,0,0,0,0,0,0,0,-8000,0,0,0,0,8000,-8000,-8000
065930,矽格國票02購01  ,0,0,0,0,0,0,0,0,0,-8000,0,0,0,2000,10000,-8000,-8000
065441,義隆麥證9C購01  ,0,0,0,15000,8000,7000,0,0,0,-8000,0,0,0,15000,23000,-8000,-8000
065259,燿華元大9C購05  ,0,0,0,0,0,0,0,0,0,-8000,0,0,0,66000,74000,-8000,-8000
3416,融程電          ,5000,13000,-8000,0,0,0,0,0,0,0,0,0,0,0,0,0,-8000
4137,麗豐-KY         ,44000,50000,-6000,0,0,0,0,0,0,-2000,0,0,0,1000,3000,-2000,-8000
3702A,大聯大甲特      ,0,8000,-8000,0,0,0,0,0,0,0,0,0,0,0,0,0,-8000
8473,山林水          ,2000,9000,-7000,0,0,0,0,0,0,-1000,0,1000,-1000,0,0,0,-8000
2497,怡利電          ,0,8000,-8000,0,0,0,0,0,0,0,0,0,0,0,0,0,-8000
2101,南港            ,255000,218000,37000,0,0,0,0,0,0,-45000,0,10000,-10000,191000,226000,-35000,-8000
08909P,華新科凱基01售04,0,0,0,0,0,0,0,0,0,-8000,0,0,0,30000,38000,-8000,-8000
08913P,臺股指凱基01售04,0,0,0,0,0,0,0,0,0,-8000,0,0,0,82000,90000,-8000,-8000
08776P,上証2X群益03售02,0,0,0,0,0,0,0,0,0,-8000,0,0,0,5000,13000,-8000,-8000
8341,日友            ,14000,21198,-7198,0,0,0,0,0,0,-1000,0,1000,-1000,0,0,0,-8198
08306P,台積電凱基01售04,0,0,0,0,0,0,0,0,0,-9000,0,0,0,1000,10000,-9000,-9000
08534P,玉晶光元富06售02,0,0,0,0,0,0,0,0,0,-9000,0,0,0,59000,68000,-9000,-9000
08429P,台達電凱基9C售01,0,0,0,0,0,0,0,0,0,-9000,0,0,0,4000,13000,-9000,-9000
068920,台積電元富08購10,0,0,0,0,0,0,0,0,0,-9000,0,0,0,66000,75000,-9000,-9000
069247,美律凱基03購01  ,0,0,0,0,0,0,0,0,0,-9000,0,0,0,0,9000,-9000,-9000
068027,國巨元富07購11  ,0,0,0,0,0,0,0,0,0,-9000,0,0,0,1000,10000,-9000,-9000
064251,緯創元富9C購01  ,0,0,0,0,0,0,0,0,0,-9000,0,0,0,1000,10000,-9000,-9000
064332,聯發科元大01購01,0,0,0,0,0,0,0,0,0,-9000,0,0,0,6000,15000,-9000,-9000
064315,創意群益9C購01  ,0,0,0,0,0,0,0,0,0,-9000,0,0,0,5000,14000,-9000,-9000
059160,華通凱基99購03  ,0,0,0,0,0,0,0,0,0,-9000,0,0,0,1000,10000,-9000,-9000
059360,全新永豐99購02  ,0,0,0,0,0,0,0,0,0,-9000,0,0,0,12000,21000,-9000,-9000
058075,貿聯凱基99購02  ,0,0,0,0,0,0,0,0,0,-9000,0,0,0,39000,48000,-9000,-9000
058377,茂林凱基9A購03  ,0,0,0,0,0,0,0,0,0,-9000,0,0,0,0,9000,-9000,-9000
060678,聯詠元大9A購03  ,0,0,0,0,0,0,0,0,0,-9000,0,0,0,1000,10000,-9000,-9000
058731,貿聯永豐99購02  ,0,0,0,0,0,0,0,0,0,-9000,0,0,0,0,9000,-9000,-9000
058699,楠梓電元大99購02,0,0,0,0,0,0,0,0,0,-9000,0,0,0,0,9000,-9000,-9000
060222,貿聯凱基9A購02  ,0,0,0,0,0,0,0,0,0,-9000,0,0,0,1000,10000,-9000,-9000
060182,旺宏元富9A購01  ,0,0,0,0,0,0,0,0,0,-9000,0,0,0,0,9000,-9000,-9000
056547,臻鼎凱基99購01  ,0,0,0,0,0,0,0,0,0,-9000,0,0,0,6000,15000,-9000,-9000
059848,智邦永豐99購01  ,0,0,0,0,0,0,0,0,0,-9000,0,0,0,1000,10000,-9000,-9000
046905,新光金凱基99購01,0,0,0,0,0,0,0,0,0,-9000,0,0,0,0,9000,-9000,-9000
051695,元金2X中信98購01,0,0,0,0,0,0,0,0,0,-9000,0,0,0,0,9000,-9000,-9000
03338P,緯創國票04售01  ,0,0,0,0,0,0,0,0,0,-9000,0,0,0,22000,31000,-9000,-9000
03015P,玉晶光永豐01售06,0,0,0,0,0,0,0,0,0,-9000,0,0,0,0,9000,-9000,-9000
053764,A50正2富邦99購01,0,0,0,0,0,0,0,0,0,-9000,0,0,0,1000,10000,-9000,-9000
057454,上銀國泰99購02  ,0,0,0,0,0,0,0,0,0,-9000,0,0,0,1000,10000,-9000,-9000
053186,健策中信9C購01  ,0,0,0,0,0,0,0,0,0,-9000,0,0,0,10000,19000,-9000,-9000
063250,同欣電元大9B購03,0,0,0,0,0,0,0,0,0,-9000,0,0,0,3000,12000,-9000,-9000
063408,茂林國票9C購02  ,0,0,0,0,0,0,0,0,0,-9000,0,0,0,38000,47000,-9000,-9000
063827,國巨國票02購01  ,0,0,0,0,0,0,0,0,0,-9000,0,0,0,14000,23000,-9000,-9000
063907,華通凱基9C購03  ,0,0,0,0,0,0,0,0,0,-9000,0,0,0,4000,13000,-9000,-9000
063086,祥碩凱基9C購01  ,0,0,0,0,0,0,0,0,0,-9000,0,0,0,3000,12000,-9000,-9000
062780,旺宏元大01購01  ,0,0,0,0,0,0,0,0,0,-9000,0,0,0,60000,69000,-9000,-9000
061110,超眾元大9A購03  ,0,0,0,0,0,0,0,0,0,-9000,0,0,0,16000,25000,-9000,-9000
060956,超眾群益9A購01  ,0,0,0,0,0,0,0,0,0,-9000,0,0,0,0,9000,-9000,-9000
064611,亞德客元大9C購02,0,0,0,0,0,0,0,0,0,-9000,0,0,0,0,9000,-9000,-9000
062434,華通元大9B購04  ,0,0,0,0,0,0,0,0,0,-9000,0,0,0,5000,14000,-9000,-9000
065118,國巨富邦01購02  ,0,0,0,0,0,0,0,0,0,-9000,0,0,0,21000,30000,-9000,-9000
065024,華擎永豐9C購01  ,0,0,0,0,0,0,0,0,0,-9000,0,0,0,1000,10000,-9000,-9000
065643,聯發科元大01購06,0,0,0,0,0,0,0,0,0,-9000,0,0,0,0,9000,-9000,-9000
065727,冠德凱基9C購01  ,0,0,0,0,0,0,0,0,0,-9000,0,0,0,17000,26000,-9000,-9000
066084,國巨富邦05購01  ,0,0,0,0,0,0,0,0,0,-9000,0,0,0,215000,224000,-9000,-9000
066087,大毅永豐01購02  ,0,0,0,0,0,0,0,0,0,-9000,0,0,0,0,9000,-9000,-9000
067271,世紀鋼永豐01購02,0,0,0,0,0,0,0,0,0,-9000,0,0,0,0,9000,-9000,-9000
067312,欣興元大02購01  ,0,0,0,0,0,0,0,0,0,-9000,0,0,0,8000,17000,-9000,-9000
067141,台表科永豐01購01,0,0,0,0,0,0,0,0,0,-9000,0,0,0,1000,10000,-9000,-9000
066871,台表科元富07購01,0,0,0,0,0,0,0,0,0,-9000,0,0,0,0,9000,-9000,-9000
066888,長榮航中信07購01,0,0,0,0,0,0,0,0,0,-9000,0,0,0,166000,175000,-9000,-9000
066282,鎧勝元大01購01  ,0,0,0,0,0,0,0,0,0,-9000,0,0,0,1000,10000,-9000,-9000
8463,潤泰材          ,14000,23000,-9000,0,0,0,0,0,0,0,0,0,0,0,0,0,-9000
9912,偉聯            ,1000,10000,-9000,0,0,0,0,0,0,0,0,0,0,0,0,0,-9000
6598,ABC-KY          ,64000,73000,-9000,0,0,0,0,0,0,0,0,0,0,0,0,0,-9000
6698,旭暉應材        ,33000,38000,-5000,0,0,0,0,0,0,-4000,0,4000,-4000,0,0,0,-9000
4555,氣立            ,7000,15000,-8000,0,0,0,0,0,0,-1000,0,1000,-1000,0,0,0,-9000
4545,銘鈺            ,1000,9000,-8000,0,0,0,0,0,0,-1000,0,1000,-1000,0,0,0,-9000
2850,新產            ,2000,11000,-9000,0,0,0,0,0,0,0,0,0,0,0,0,0,-9000
3257,虹冠電          ,307000,155000,152000,0,0,0,0,0,0,-161000,0,161000,-161000,0,0,0,-9000
08837P,牧德國票03售01  ,0,0,0,0,0,0,0,0,0,-9000,0,0,0,50000,59000,-9000,-9000
1529,樂士            ,4000,13000,-9000,0,0,0,0,0,0,0,0,0,0,0,0,0,-9000
1316,上曜            ,73000,82000,-9000,0,0,0,0,0,0,0,0,0,0,0,0,0,-9000
067980,上証2X元大03購02,0,0,0,0,0,0,0,0,0,-10000,0,0,0,0,10000,-10000,-10000
067912,上証2X永豐01購03,0,0,0,0,0,0,0,0,0,-10000,0,0,0,0,10000,-10000,-10000
068104,彩晶永豐01購01  ,0,0,0,0,0,0,0,0,0,-10000,0,0,0,52000,62000,-10000,-10000
067623,台積電富邦04購05,0,10000,-10000,0,0,0,0,0,0,0,0,0,0,0,0,0,-10000
067676,大立光元大01購12,0,0,0,0,0,0,0,0,0,-10000,0,0,0,6000,16000,-10000,-10000
067724,大立光凱基01購08,0,0,0,0,0,0,0,0,0,-10000,0,0,0,0,10000,-10000,-10000
067781,SP黃豆群益01購02,0,0,0,0,0,0,0,0,0,-10000,0,0,0,0,10000,-10000,-10000
067846,大立光元富01購01,0,0,0,0,0,0,0,0,0,-10000,0,0,0,0,10000,-10000,-10000
068483,聯電元大01購06  ,0,0,0,0,0,0,0,0,0,-10000,0,0,0,0,10000,-10000,-10000
068497,緯創元大01購05  ,0,0,0,0,0,0,0,0,0,-10000,0,0,0,0,10000,-10000,-10000
068428,神隆凱基03購01  ,0,0,0,0,0,0,0,0,0,-10000,0,0,0,3000,13000,-10000,-10000
068368,國巨富邦04購01  ,0,0,0,0,0,0,0,0,0,-10000,0,0,0,0,10000,-10000,-10000
068300,聯電國票03購01  ,0,0,0,0,0,0,0,0,0,-10000,0,0,0,1000,11000,-10000,-10000
068688,聚陽凱基02購03  ,0,0,0,0,0,0,0,0,0,-10000,0,0,0,0,10000,-10000,-10000
068713,台灣50元大02購05,0,0,0,0,0,0,0,0,0,-10000,0,0,0,0,10000,-10000,-10000
069250,奇力新凱基03購01,0,0,0,0,0,0,0,0,0,-10000,0,0,0,0,10000,-10000,-10000
069257,康控凱基02購02  ,0,0,0,0,0,0,0,0,0,-10000,0,0,0,3000,13000,-10000,-10000
069191,晶技統一04購01  ,0,0,0,0,0,0,0,0,0,-10000,0,0,0,0,10000,-10000,-10000
069372,道瓊銀元大03購04,0,0,0,0,0,0,0,0,0,-10000,0,0,0,0,10000,-10000,-10000
069410,聯發科統一04購03,0,0,0,0,0,0,0,0,0,-10000,0,0,0,0,10000,-10000,-10000
069387,牧德元大02購04  ,0,0,0,0,0,0,0,0,0,-10000,0,0,0,0,10000,-10000,-10000
06997P,台灣50中信03售01,0,0,0,0,0,0,0,0,0,-10000,0,0,0,0,10000,-10000,-10000
07479P,A50正2元富9A售03,0,0,0,0,0,0,0,0,0,-10000,0,0,0,0,10000,-10000,-10000
07563P,台灣50中信04售01,0,0,0,0,0,0,0,0,0,-10000,0,0,0,0,10000,-10000,-10000
07509P,牧德國票9A售03  ,0,0,0,0,0,0,0,0,0,-10000,0,0,0,0,10000,-10000,-10000
07614P,華新科群益9A售04,0,0,0,0,0,0,0,0,0,-10000,0,0,0,0,10000,-10000,-10000
068892,台達電元大02購01,0,0,0,0,0,0,0,0,0,-10000,0,0,0,10000,20000,-10000,-10000
068847,台積電統一06購01,0,0,0,0,0,0,0,0,0,-10000,0,0,0,0,10000,-10000,-10000
068974,國巨元大02購09  ,0,0,0,0,0,0,0,0,0,-10000,0,0,0,0,10000,-10000,-10000
069071,台勝科麥證02購01,0,0,0,0,10000,-10000,0,0,0,-10000,0,0,0,0,10000,-10000,-10000
069156,台積電元大02購21,0,0,0,0,0,0,0,0,0,-10000,0,0,0,0,10000,-10000,-10000
068996,台灣50兆豐04購01,0,0,0,0,0,0,0,0,0,-10000,0,0,0,0,10000,-10000,-10000
069012,健鼎兆豐03購01  ,0,0,0,0,0,0,0,0,0,-10000,0,0,0,0,10000,-10000,-10000
069045,國巨元富08購01  ,0,0,0,0,0,0,0,0,0,-10000,0,0,0,11000,21000,-10000,-10000
08415P,台灣50元大9C售42,0,0,0,0,0,0,0,0,0,-10000,0,0,0,0,10000,-10000,-10000
08368P,台積電兆豐9C售04,0,0,0,0,0,0,0,0,0,-10000,0,0,0,0,10000,-10000,-10000
08535P,和大國票01售02  ,0,0,0,0,0,0,0,0,0,-10000,0,0,0,20000,30000,-10000,-10000
08546P,可成中信9C售02  ,0,0,0,0,0,0,0,0,0,-10000,0,0,0,0,10000,-10000,-10000
08552P,華新科群益9C售04,0,0,0,0,0,0,0,0,0,-10000,0,0,0,0,10000,-10000,-10000
08487P,同欣電群益01售01,0,0,0,0,0,0,0,0,0,-10000,0,0,0,0,10000,-10000,-10000
08288P,鴻海統一9C售17  ,0,0,0,0,0,0,0,0,0,-10000,0,0,0,0,10000,-10000,-10000
08135P,玉晶光國泰01售02,0,0,0,0,0,0,0,0,0,-10000,0,0,0,0,10000,-10000,-10000
08182P,金像電永豐9B售01,0,0,0,0,0,0,0,0,0,-10000,0,0,0,0,10000,-10000,-10000
07911P,大立光統一9B售08,0,0,0,0,0,0,0,0,0,-10000,0,0,0,0,10000,-10000,-10000
07943P,瑞昱元大9B售02  ,0,0,0,0,0,0,0,0,0,-10000,0,0,0,0,10000,-10000,-10000
07766P,美律群益9A售03  ,0,0,0,0,0,0,0,0,0,-10000,0,0,0,0,10000,-10000,-10000
07788P,華新科群益9A售08,0,0,0,0,0,0,0,0,0,-10000,0,0,0,0,10000,-10000,-10000
057381,微星國泰9A購01  ,0,0,0,0,0,0,0,0,0,-10000,0,0,0,0,10000,-10000,-10000
057286,群創元大9B購05  ,0,0,0,0,0,0,0,0,0,-10000,0,0,0,0,10000,-10000,-10000
03018P,華邦電群益01售03,0,0,0,0,0,0,0,0,0,-10000,0,0,0,0,10000,-10000,-10000
03323P,牧德凱基02售03  ,0,0,0,0,0,0,0,0,0,-10000,0,0,0,0,10000,-10000,-10000
03358P,金像電群益02售03,0,0,0,0,0,0,0,0,0,-10000,0,0,0,0,10000,-10000,-10000
03122P,台積電元大01售44,0,0,0,0,0,0,0,0,0,-10000,0,0,0,0,10000,-10000,-10000
00641R,富邦日本反1     ,0,0,0,0,0,0,0,0,0,-10000,0,0,0,292000,302000,-10000,-10000
045837,群創群益98購02  ,0,0,0,0,0,0,0,0,0,-10000,0,0,0,0,10000,-10000,-10000
056150,台光電凱基98購02,0,0,0,0,0,0,0,0,0,-10000,0,0,0,0,10000,-10000,-10000
057508,康控國票99購03  ,0,0,0,0,0,0,0,0,0,-10000,0,0,0,0,10000,-10000,-10000
057563,旭富國泰9A購01  ,0,0,0,0,0,0,0,0,0,-10000,0,0,0,0,10000,-10000,-10000
054742,京鼎凱基99購01  ,0,0,0,0,0,0,0,0,0,-10000,0,0,0,0,10000,-10000,-10000
057591,鴻海兆豐99購01  ,0,0,0,0,0,0,0,0,0,-10000,0,0,0,0,10000,-10000,-10000
054368,鴻海中信9A購02  ,0,0,0,0,0,0,0,0,0,-10000,0,0,0,0,10000,-10000,-10000
054559,台光電群益99購01,0,0,0,0,0,0,0,0,0,-10000,0,0,0,0,10000,-10000,-10000
054586,健鼎國泰99購01  ,0,0,0,0,0,0,0,0,0,-10000,0,0,0,0,10000,-10000,-10000
059864,亞德客凱基99購01,0,0,0,0,0,0,0,0,0,-10000,0,0,0,0,10000,-10000,-10000
059867,華邦電凱基99購02,0,0,0,0,0,0,0,0,0,-10000,0,0,0,0,10000,-10000,-10000
059879,GIS凱基99購03   ,0,0,0,0,0,0,0,0,0,-10000,0,0,0,0,10000,-10000,-10000
059922,大立光元大99購25,0,0,0,0,0,0,0,0,0,-10000,0,0,0,10000,20000,-10000,-10000
059787,奇力新元大9A購02,0,0,0,0,0,0,0,0,0,-10000,0,0,0,0,10000,-10000,-10000
059821,美律凱基99購08  ,0,0,0,0,0,0,0,0,0,-10000,0,0,0,0,10000,-10000,-10000
059789,貿聯元大9A購02  ,0,0,0,0,0,0,0,0,0,-10000,0,0,0,0,10000,-10000,-10000
059630,美律凱基99購07  ,0,0,0,0,0,0,0,0,0,-10000,0,0,0,0,10000,-10000,-10000
059567,台積電凱基9A購12,0,0,0,0,0,0,0,0,0,-10000,0,0,0,0,10000,-10000,-10000
059661,大立光元大99購22,0,0,0,0,0,0,0,0,0,-10000,0,0,0,10000,20000,-10000,-10000
059512,晶豪科永豐99購02,0,0,0,0,0,0,0,0,0,-10000,0,0,0,0,10000,-10000,-10000
059528,華新科凱基99購06,0,0,0,0,0,0,0,0,0,-10000,0,0,0,0,10000,-10000,-10000
059529,華新科凱基9A購04,0,0,0,0,0,0,0,0,0,-10000,0,0,0,3000,13000,-10000,-10000
059535,玉山金凱基99購01,0,0,0,0,0,0,0,0,0,-10000,0,0,0,10000,20000,-10000,-10000
059569,旺宏凱基99購09  ,0,0,0,0,0,0,0,0,0,-10000,0,0,0,0,10000,-10000,-10000
056734,國巨凱基99購01  ,0,0,0,0,0,0,0,0,0,-10000,0,0,0,0,10000,-10000,-10000
058675,康控群益9B購01  ,0,0,0,0,0,0,0,0,0,-10000,0,0,0,0,10000,-10000,-10000
060013,S&P正2康和99購01,0,0,0,0,0,0,0,0,0,-10000,0,0,0,0,10000,-10000,-10000
058697,亞德客元大99購01,0,0,0,0,0,0,0,0,0,-10000,0,0,0,0,10000,-10000,-10000
058692,華邦電國票9B購01,0,0,0,0,0,0,0,0,0,-10000,0,0,0,0,10000,-10000,-10000
060688,世紀鋼元大9C購01,0,0,0,0,0,0,0,0,0,-10000,0,0,0,10000,20000,-10000,-10000
060574,高股息中信9C購01,0,0,0,0,0,0,0,0,0,-10000,0,0,0,0,10000,-10000,-10000
058345,台光電群益99購03,0,0,0,0,0,0,0,0,0,-10000,0,0,0,0,10000,-10000,-10000
058360,台光電凱基9A購02,0,0,0,0,0,0,0,0,0,-10000,0,0,0,0,10000,-10000,-10000
058861,國巨凱基9A購08  ,0,0,0,0,0,0,0,0,0,-10000,0,0,0,0,10000,-10000,-10000
058979,上銀凱基99購04  ,0,0,0,0,0,0,0,0,0,-10000,0,0,0,0,10000,-10000,-10000
058084,大立光群益98購04,0,0,0,0,0,0,0,0,0,-10000,0,0,0,5000,15000,-10000,-10000
058069,美律凱基99購05  ,0,0,0,0,0,0,0,0,0,-10000,0,0,0,0,10000,-10000,-10000
058073,大立光凱基99購04,0,0,0,0,0,0,0,0,0,-10000,0,0,0,0,10000,-10000,-10000
058041,FBVIX元大98購02 ,0,0,0,0,0,0,0,0,0,-10000,0,0,0,0,10000,-10000,-10000
058015,旺宏凱基99購02  ,0,0,0,0,0,0,0,0,0,-10000,0,0,0,0,10000,-10000,-10000
058748,景碩凱基9A購01  ,0,0,0,0,0,0,0,0,0,-10000,0,0,0,30000,40000,-10000,-10000
058196,台塑中信99購01  ,0,0,0,0,0,0,0,0,0,-10000,0,0,0,0,10000,-10000,-10000
058116,正崴中信99購02  ,0,0,0,0,0,0,0,0,0,-10000,0,0,0,10000,20000,-10000,-10000
058138,晶相光元大9C購01,0,0,0,0,0,0,0,0,0,-10000,0,0,0,0,10000,-10000,-10000
059349,台郡凱基99購04  ,0,0,0,0,0,0,0,0,0,-10000,0,0,0,0,10000,-10000,-10000
057925,貿聯凱基99購01  ,0,0,0,0,0,0,0,0,0,-10000,0,0,0,0,10000,-10000,-10000
059380,鴻海亞東99購01  ,0,0,0,0,0,0,0,0,0,-10000,0,0,0,10000,20000,-10000,-10000
059451,國巨永豐99購05  ,0,0,0,0,0,0,0,0,0,-10000,0,0,0,0,10000,-10000,-10000
059142,道瓊指國票9B購02,0,0,0,0,0,0,0,0,0,-10000,0,0,0,0,10000,-10000,-10000
059168,奇力新凱基99購05,0,0,0,0,0,0,0,0,0,-10000,0,0,0,0,10000,-10000,-10000
059121,瑞儀永豐99購01  ,0,0,0,0,0,0,0,0,0,-10000,0,0,0,0,10000,-10000,-10000
059112,上銀永豐99購01  ,0,0,0,0,0,0,0,0,0,-10000,0,0,0,2000,12000,-10000,-10000
057837,康控國泰99購02  ,0,0,0,0,0,0,0,0,0,-10000,0,0,0,0,10000,-10000,-10000
057810,技嘉元大98購06  ,0,0,0,0,0,0,0,0,0,-10000,0,0,0,1000,11000,-10000,-10000
06047P,聯發科富邦99售04,0,0,0,0,0,0,0,0,0,-10000,0,0,0,0,10000,-10000,-10000
060443,滬深2X元大9A購03,0,0,0,0,0,0,0,0,0,-10000,0,0,0,0,10000,-10000,-10000
060334,群光康和9A購01  ,0,0,0,0,0,0,0,0,0,-10000,0,0,0,0,10000,-10000,-10000
064287,日月光元大9C購01,0,0,0,0,0,0,0,0,0,-10000,0,0,0,54000,64000,-10000,-10000
064305,健鼎兆豐9C購02  ,0,0,0,0,0,0,0,0,0,-10000,0,0,0,0,10000,-10000,-10000
062995,聚陽國票9C購01  ,0,0,0,0,0,0,0,0,0,-10000,0,0,0,0,10000,-10000,-10000
063035,燿華凱基9B購02  ,0,0,0,0,0,0,0,0,0,-10000,0,0,0,0,10000,-10000,-10000
063614,美食群益9B購03  ,0,0,0,0,0,0,0,0,0,-10000,0,0,0,0,10000,-10000,-10000
062480,茂林國票9B購01  ,0,0,0,0,0,0,0,0,0,-10000,0,0,0,42000,52000,-10000,-10000
062483,致新國票9B購01  ,0,0,0,0,0,0,0,0,0,-10000,0,0,0,0,10000,-10000,-10000
061505,力成國票9A購03  ,0,0,0,0,0,0,0,0,0,-10000,0,0,0,0,10000,-10000,-10000
061557,台積電國票9C購02,0,0,0,0,0,0,0,0,0,-10000,0,0,0,5000,15000,-10000,-10000
061531,奇鋐台新9A購01  ,0,0,0,0,0,0,0,0,0,-10000,0,0,0,0,10000,-10000,-10000
064401,台達電凱基06購01,0,0,0,0,0,0,0,0,0,-10000,0,0,0,0,10000,-10000,-10000
064376,美律元富9C購01  ,0,0,0,0,0,0,0,0,0,-10000,0,0,0,0,10000,-10000,-10000
064751,亞德客凱基9C購02,0,0,0,0,0,0,0,0,0,-10000,0,0,0,0,10000,-10000,-10000
064771,貿聯中信01購01  ,0,0,0,0,0,0,0,0,0,-10000,0,0,0,0,10000,-10000,-10000
060903,臺指反元大9A購01,0,0,0,0,0,0,0,0,0,-10000,0,0,0,0,10000,-10000,-10000
060928,明泰永豐9A購01  ,0,0,0,0,0,0,0,0,0,-10000,0,0,0,43000,53000,-10000,-10000
060801,滬深2X中信01購01,0,0,0,0,0,0,0,0,0,-10000,0,0,0,0,10000,-10000,-10000
061088,國巨統一9C購05  ,0,0,0,0,0,0,0,0,0,-10000,0,0,0,0,10000,-10000,-10000
061129,文曄永豐9A購01  ,0,0,0,0,0,0,0,0,0,-10000,0,0,0,0,10000,-10000,-10000
061068,祥碩凱基9B購01  ,0,0,0,0,0,0,0,0,0,-10000,0,0,0,0,10000,-10000,-10000
061039,台表科永豐9A購03,0,0,0,0,0,0,0,0,0,-10000,0,0,0,0,10000,-10000,-10000
061430,致新元大9A購01  ,0,0,0,0,0,0,0,0,0,-10000,0,0,0,0,10000,-10000,-10000
061432,世紀鋼元大9A購05,0,0,0,0,0,0,0,0,0,-10000,0,0,0,0,10000,-10000,-10000
062768,南電凱基9B購04  ,0,0,0,0,0,0,0,0,0,-10000,0,0,0,0,10000,-10000,-10000
061354,瑞儀元大9A購01  ,0,0,0,0,0,0,0,0,0,-10000,0,0,0,0,10000,-10000,-10000
062308,旺宏凱基9B購04  ,0,0,0,0,0,0,0,0,0,-10000,0,0,0,0,10000,-10000,-10000
062279,晶豪科群益9B購01,0,0,0,0,0,0,0,0,0,-10000,0,0,0,2000,12000,-10000,-10000
062320,南電凱基9B購03  ,0,0,0,0,0,0,0,0,0,-10000,0,0,0,0,10000,-10000,-10000
062736,漢唐國票9B購01  ,0,0,0,0,0,0,0,0,0,-10000,0,0,0,28000,38000,-10000,-10000
062717,華邦電凱基9C購01,0,0,0,0,0,0,0,0,0,-10000,0,0,0,10000,20000,-10000,-10000
062688,華擎統一01購03  ,0,0,0,0,0,0,0,0,0,-10000,0,0,0,0,10000,-10000,-10000
062676,南六台新9B購01  ,0,0,0,0,0,0,0,0,0,-10000,0,0,0,0,10000,-10000,-10000
062654,技嘉永豐9B購01  ,0,0,0,0,0,0,0,0,0,-10000,0,0,0,0,10000,-10000,-10000
062155,國巨凱基9C購03  ,0,0,0,0,0,0,0,0,0,-10000,0,0,0,0,10000,-10000,-10000
063116,大立光麥證9C購01,0,0,0,0,10000,-10000,0,0,0,-10000,0,0,0,0,10000,-10000,-10000
062151,世紀鋼國票01購01,0,0,0,0,0,0,0,0,0,-10000,0,0,0,87000,97000,-10000,-10000
063589,美食永豐9B購02  ,0,0,0,0,0,0,0,0,0,-10000,0,0,0,0,10000,-10000,-10000
063919,大立光元富03購01,0,0,0,0,0,0,0,0,0,-10000,0,0,0,0,10000,-10000,-10000
063823,T50反1國票01購02,0,0,0,0,0,0,0,0,0,-10000,0,0,0,0,10000,-10000,-10000
063732,建準元大9B購02  ,0,0,0,0,0,0,0,0,0,-10000,0,0,0,2000,12000,-10000,-10000
06371P,茂林國票98售04  ,0,0,0,0,0,0,0,0,0,-10000,0,0,0,0,10000,-10000,-10000
063383,億豐永豐9B購02  ,0,0,0,0,0,0,0,0,0,-10000,0,0,0,10000,20000,-10000,-10000
063402,GIS群益9B購02   ,0,0,0,0,0,0,0,0,0,-10000,0,0,0,0,10000,-10000,-10000
063421,可成凱基9C購02  ,0,0,0,0,0,0,0,0,0,-10000,0,0,0,0,10000,-10000,-10000
063424,新日興凱基01購01,0,0,0,0,0,0,0,0,0,-10000,0,0,0,3000,13000,-10000,-10000
063269,儒鴻兆豐9C購01  ,0,0,0,0,0,0,0,0,0,-10000,0,0,0,0,10000,-10000,-10000
062904,台光電元大9B購06,0,0,0,0,0,0,0,0,0,-10000,0,0,0,0,10000,-10000,-10000
061263,微星凱基9A購01  ,0,0,0,0,0,0,0,0,0,-10000,0,0,0,0,10000,-10000,-10000
062521,玉晶光元大9C購05,0,0,0,0,0,0,0,0,0,-10000,0,0,0,0,10000,-10000,-10000
062530,大立光統一01購03,0,0,0,0,0,0,0,0,0,-10000,0,0,0,0,10000,-10000,-10000
061916,元金2X凱基02購01,0,0,0,0,0,0,0,0,0,-10000,0,0,0,0,10000,-10000,-10000
061956,和大統一01購01  ,0,0,0,0,0,0,0,0,0,-10000,0,0,0,0,10000,-10000,-10000
062035,瑞祺群益9B購01  ,0,0,0,0,0,0,0,0,0,-10000,0,0,0,0,10000,-10000,-10000
061593,智原永豐9A購01  ,0,0,0,0,0,0,0,0,0,-10000,0,0,0,0,10000,-10000,-10000
064088,大立光凱基02購01,0,0,0,0,0,0,0,0,0,-10000,0,0,0,10000,20000,-10000,-10000
064055,台郡統一02購01  ,0,0,0,0,0,0,0,0,0,-10000,0,0,0,2000,12000,-10000,-10000
061778,元金2X群益9B購02,0,0,0,0,0,0,0,0,0,-10000,0,0,0,23000,33000,-10000,-10000
061717,力成凱基9B購01  ,0,0,0,0,0,0,0,0,0,-10000,0,0,0,0,10000,-10000,-10000
061732,智邦中信9B購01  ,0,0,0,0,0,0,0,0,0,-10000,0,0,0,40000,50000,-10000,-10000
061622,臻鼎群益9A購01  ,0,0,0,0,0,0,0,0,0,-10000,0,0,0,0,10000,-10000,-10000
061672,臺指反元大01購05,0,0,0,0,0,0,0,0,0,-10000,0,0,0,0,10000,-10000,-10000
061685,道瓊反群益9A購03,0,0,0,0,0,0,0,0,0,-10000,0,0,0,0,10000,-10000,-10000
066498,康控國泰02購01  ,0,0,0,0,0,0,0,0,0,-10000,0,0,0,72000,82000,-10000,-10000
066542,臺指反元大04購02,0,0,0,0,0,0,0,0,0,-10000,0,0,0,0,10000,-10000,-10000
066442,華碩群益01購01  ,0,0,0,0,0,0,0,0,0,-10000,0,0,0,90000,100000,-10000,-10000
066765,揚明光永豐01購01,0,0,0,0,0,0,0,0,0,-10000,0,0,0,0,10000,-10000,-10000
066813,亞德客兆豐01購01,0,0,0,0,0,0,0,0,0,-10000,0,0,0,0,10000,-10000,-10000
066746,聯茂元大01購01  ,0,0,0,0,0,0,0,0,0,-10000,0,0,0,68000,78000,-10000,-10000
066680,友達兆豐01購02  ,0,0,0,0,0,0,0,0,0,-10000,0,0,0,0,10000,-10000,-10000
066579,臺股指元大01購08,0,0,0,0,0,0,0,0,0,-10000,0,0,0,0,10000,-10000,-10000
06732P,台灣50日盛9A售01,0,0,0,0,0,0,0,0,0,-10000,0,0,0,530000,540000,-10000,-10000
06733P,鴻海凱基99售02  ,0,0,0,0,0,0,0,0,0,-10000,0,0,0,0,10000,-10000,-10000
067433,神達凱基01購01  ,0,0,0,0,0,0,0,0,0,-10000,0,0,0,4000,14000,-10000,-10000
066071,台光電凱基02購01,0,0,0,0,0,0,0,0,0,-10000,0,0,0,0,10000,-10000,-10000
066029,神達群益02購01  ,0,0,0,0,0,0,0,0,0,-10000,0,0,0,5000,15000,-10000,-10000
065974,智原元大01購01  ,0,0,0,0,0,0,0,0,0,-10000,0,0,0,80000,90000,-10000,-10000
06597P,國巨富邦9A售05  ,0,0,0,0,0,0,0,0,0,-10000,0,0,0,0,10000,-10000,-10000
066218,美利達統一03購02,0,0,0,0,0,0,0,0,0,-10000,0,0,0,0,10000,-10000,-10000
066199,金像電統一02購01,0,0,0,0,0,0,0,0,0,-10000,0,0,0,0,10000,-10000,-10000
066190,惠特凱基01購01  ,0,0,0,0,0,0,0,0,0,-10000,0,0,0,0,10000,-10000,-10000
066182,康控凱基01購01  ,0,0,0,0,0,0,0,0,0,-10000,0,0,0,3000,13000,-10000,-10000
066183,眾達凱基01購01  ,0,0,0,0,0,0,0,0,0,-10000,0,0,0,62000,72000,-10000,-10000
065708,中磊群益9C購01  ,0,0,0,0,0,0,0,0,0,-10000,0,0,0,77000,87000,-10000,-10000
065750,智邦元大9C購09  ,0,0,0,0,0,0,0,0,0,-10000,0,0,0,68000,78000,-10000,-10000
065584,華通富邦01購01  ,0,0,0,0,0,0,0,0,0,-10000,0,0,0,38000,48000,-10000,-10000
065587,亞德客永豐9C購02,0,0,0,0,0,0,0,0,0,-10000,0,0,0,37000,47000,-10000,-10000
065602,聯發科元大9C購15,0,0,0,0,0,0,0,0,0,-10000,0,0,0,0,10000,-10000,-10000
065859,GIS元大9C購10   ,0,0,0,0,0,0,0,0,0,-10000,0,0,0,0,10000,-10000,-10000
065826,國巨凱基9C購12  ,0,0,0,0,0,0,0,0,0,-10000,0,0,0,0,10000,-10000,-10000
065102,同欣電元大9C購07,0,0,0,0,0,0,0,0,0,-10000,0,0,0,0,10000,-10000,-10000
065156,可成群益01購02  ,0,0,0,0,0,0,0,0,0,-10000,0,0,0,9000,19000,-10000,-10000
064964,T50反1元大9C購10,0,0,0,0,0,0,0,0,0,-10000,0,0,0,10000,20000,-10000,-10000
065203,FBVIX國票9C購01 ,0,0,0,0,0,0,0,0,0,-10000,0,0,0,0,10000,-10000,-10000
06535P,可成群益99售02  ,0,0,0,0,0,0,0,0,0,-10000,0,0,0,0,10000,-10000,-10000
065373,聯發科元大01購03,0,0,0,0,0,0,0,0,0,-10000,0,0,0,12000,22000,-10000,-10000
065406,緯穎富邦9C購02  ,0,0,0,0,0,0,0,0,0,-10000,0,0,0,0,10000,-10000,-10000
065385,億豐元大03購01  ,0,0,0,0,0,0,0,0,0,-10000,0,0,0,0,10000,-10000,-10000
065528,FBVIX中信04購01 ,0,0,0,0,0,0,0,0,0,-10000,0,0,0,0,10000,-10000,-10000
065531,聯電統一01購01  ,0,0,0,0,0,0,0,0,0,-10000,0,0,0,0,10000,-10000,-10000
1110,東泥            ,6000,16000,-10000,0,0,0,0,0,0,0,0,0,0,0,0,0,-10000
08862P,台積電元大01售24,0,0,0,0,0,0,0,0,0,-10000,0,0,0,0,10000,-10000,-10000
08788P,A50正2元富01售03,0,0,0,0,0,0,0,0,0,-10000,0,0,0,0,10000,-10000,-10000
08830P,A50正2群益01售05,0,0,0,0,0,0,0,0,0,-10000,0,0,0,7000,17000,-10000,-10000
08918P,臺股指凱基01售09,0,0,0,0,0,0,0,0,0,-10000,0,0,0,0,10000,-10000,-10000
1732,毛寶            ,85000,95000,-10000,0,0,0,0,0,0,0,1000,1000,0,0,0,0,-10000
2012,春雨            ,1000,8000,-7000,0,0,0,0,0,0,-3000,0,3000,-3000,0,0,0,-10000
2482,連宇            ,0,9000,-9000,0,0,0,0,0,0,-1000,0,1000,-1000,0,0,0,-10000
2430,燦坤            ,10000,18000,-8000,0,0,0,0,0,0,-2000,0,2000,-2000,0,0,0,-10000
3312,弘憶股          ,16000,23000,-7000,0,0,0,0,0,0,-3000,0,3000,-3000,0,0,0,-10000
2852,第一保          ,8000,16000,-8000,0,0,0,0,0,0,-2000,0,2000,-2000,0,0,0,-10000
6674,鋐寶科技        ,1000,10000,-9000,0,0,0,0,0,0,-1000,0,1000,-1000,0,0,0,-10000
9908,大台北          ,7000,9000,-2000,0,0,0,0,0,0,-8000,0,8000,-8000,0,0,0,-10000
069280,智易永豐02購02  ,0,0,0,0,0,0,0,0,0,-11000,0,0,0,7000,18000,-11000,-11000
069193,景碩統一05購01  ,0,0,0,0,0,0,0,0,0,-11000,0,0,0,0,11000,-11000,-11000
069270,長興永豐02購01  ,0,0,0,0,0,0,0,0,0,-11000,0,0,0,0,11000,-11000,-11000
067819,健策凱基01購03  ,0,0,0,0,0,0,0,0,0,-11000,0,0,0,1000,12000,-11000,-11000
067727,聯茂凱基01購02  ,0,0,0,0,0,0,0,0,0,-11000,0,0,0,0,11000,-11000,-11000
06766P,玉晶光元大99售10,0,0,0,0,0,0,0,0,0,-11000,0,0,0,90000,101000,-11000,-11000
068147,台積電元大02購06,0,0,0,0,0,0,0,0,0,-11000,0,0,0,4000,15000,-11000,-11000
064306,和潤兆豐01購01  ,0,0,0,0,0,0,0,0,0,-11000,0,0,0,215000,226000,-11000,-11000
064270,華通元大9C購03  ,0,0,0,0,0,0,0,0,0,-11000,0,0,0,22000,33000,-11000,-11000
060368,緯穎元富9A購03  ,0,0,0,0,0,0,0,0,0,-11000,0,0,0,4000,15000,-11000,-11000
060421,華擎永豐9A購01  ,0,0,0,0,0,0,0,0,0,-11000,0,0,0,2000,13000,-11000,-11000
057876,隆達元大98購01  ,0,0,0,0,0,0,0,0,0,-11000,0,0,0,0,11000,-11000,-11000
058584,百和群益9A購01  ,0,0,0,0,0,0,0,0,0,-11000,0,0,0,246000,257000,-11000,-11000
055782,新日興凱基99購01,0,0,0,0,0,0,0,0,0,-11000,0,0,0,0,11000,-11000,-11000
03014P,玉晶光永豐01售05,0,0,0,0,0,0,0,0,0,-11000,0,0,0,0,11000,-11000,-11000
03007P,玉晶光永豐01售01,0,0,0,0,0,0,0,0,0,-11000,0,0,0,10000,21000,-11000,-11000
061877,貿聯元大9B購01  ,0,0,0,0,0,0,0,0,0,-11000,0,0,0,0,11000,-11000,-11000
062016,美食永豐9B購01  ,0,0,0,0,0,0,0,0,0,-11000,0,0,0,0,11000,-11000,-11000
062252,華邦電元大9C購01,0,0,0,0,0,0,0,0,0,-11000,0,0,0,0,11000,-11000,-11000
062935,華通凱基9C購02  ,0,0,0,0,0,0,0,0,0,-11000,0,0,0,0,11000,-11000,-11000
063508,緯創群益9B購01  ,0,0,0,0,0,0,0,0,0,-11000,0,0,0,0,11000,-11000,-11000
063763,上銀元富9B購07  ,0,0,0,0,0,0,0,0,0,-11000,0,0,0,251000,262000,-11000,-11000
062858,微星國票9B購01  ,0,0,0,0,0,0,0,0,0,-11000,0,0,0,0,11000,-11000,-11000
062352,南六群益9B購02  ,0,0,0,0,0,0,0,0,0,-11000,0,0,0,69000,80000,-11000,-11000
061490,茂林兆豐9B購01  ,0,0,0,0,0,0,0,0,0,-11000,0,0,0,0,11000,-11000,-11000
064682,嘉聯益兆豐01購01,0,0,0,0,0,0,0,0,0,-11000,0,0,0,96000,107000,-11000,-11000
064485,儒鴻元大01購01  ,0,0,0,0,0,0,0,0,0,-11000,0,0,0,76000,87000,-11000,-11000
064660,華通元大9C購05  ,0,0,0,0,0,0,0,0,0,-11000,0,0,0,43000,54000,-11000,-11000
061563,群創國票9B購02  ,0,0,0,0,0,0,0,0,0,-11000,0,0,0,0,11000,-11000,-11000
063209,巨大統一01購01  ,0,0,0,0,0,0,0,0,0,-11000,0,0,0,15000,26000,-11000,-11000
063154,南六元富9B購02  ,0,0,0,0,0,0,0,0,0,-11000,0,0,0,21000,32000,-11000,-11000
065537,健鼎統一02購05  ,0,0,0,0,0,0,0,0,0,-11000,0,0,0,12000,23000,-11000,-11000
064520,京鼎群益02購01  ,0,0,0,0,0,0,0,0,0,-11000,0,0,0,0,11000,-11000,-11000
065176,玉晶光元大01購04,0,0,0,0,0,0,0,0,0,-11000,0,0,0,73000,84000,-11000,-11000
066198,華碩統一03購01  ,0,0,0,0,0,0,0,0,0,-11000,0,0,0,1125000,1136000,-11000,-11000
067539,緯創群益01購01  ,0,0,0,0,0,0,0,0,0,-11000,0,0,0,10000,21000,-11000,-11000
067186,晶豪科凱基01購02,0,0,0,0,0,0,0,0,0,-11000,0,0,0,0,11000,-11000,-11000
066985,牧德群益02購02  ,0,0,0,0,0,0,0,0,0,-11000,0,0,0,8000,19000,-11000,-11000
066362,瑞昱中信05購01  ,0,0,0,0,0,0,0,0,0,-11000,0,0,0,40000,51000,-11000,-11000
2939,凱羿-KY         ,91000,102000,-11000,0,0,0,0,0,0,0,0,0,0,0,0,0,-11000
1737,臺鹽            ,12000,23000,-11000,0,0,0,0,0,0,0,0,0,0,0,0,0,-11000
08911P,力成凱基01售01  ,0,0,0,0,0,0,0,0,0,-11000,0,0,0,60000,71000,-11000,-11000
08857P,台灣50國票01售07,0,0,0,0,0,0,0,0,0,-11000,0,0,0,0,11000,-11000,-11000
1323,永裕            ,2000,11000,-9000,0,0,0,0,0,0,-2000,0,2000,-2000,0,0,0,-11000
1454,台富            ,7000,14000,-7000,0,0,0,0,0,0,-4000,0,4000,-4000,0,0,0,-11000
068069,台光電凱基01購03,0,0,0,0,0,0,0,0,0,-12000,0,0,0,2000,14000,-12000,-12000
068261,緯穎富邦01購01  ,0,0,0,0,0,0,0,0,0,-12000,0,0,0,3000,15000,-12000,-12000
069008,大立光兆豐03購01,0,0,0,0,0,0,0,0,0,-12000,0,0,0,0,12000,-12000,-12000
068933,奇鋐永豐02購01  ,0,0,0,0,0,0,0,0,0,-12000,0,0,0,1000,13000,-12000,-12000
068908,道瓊銀群益02購02,0,0,0,0,0,0,0,0,0,-12000,0,0,0,21000,33000,-12000,-12000
08617P,緯創元富9C售03  ,0,0,0,0,0,0,0,0,0,-12000,0,0,0,92000,104000,-12000,-12000
057241,超眾凱基99購02  ,0,0,0,0,0,0,0,0,0,-12000,0,0,0,0,12000,-12000,-12000
03127P,台表科凱基01售03,0,0,0,0,0,0,0,0,0,-12000,0,0,0,8000,20000,-12000,-12000
03101P,GIS凱基01售04   ,0,0,0,0,0,0,0,0,0,-12000,0,0,0,72000,84000,-12000,-12000
059908,元金2X元大99購01,0,0,0,0,0,0,0,0,0,-12000,0,0,0,0,12000,-12000,-12000
060238,強茂元大9C購01  ,0,0,0,0,0,0,0,0,0,-12000,0,0,0,0,12000,-12000,-12000
059925,可成國泰9B購01  ,0,0,0,0,0,0,0,0,0,-12000,0,0,0,77000,89000,-12000,-12000
058943,元石油群益9C購01,0,0,0,0,0,0,0,0,0,-12000,0,0,0,0,12000,-12000,-12000
057936,健策群益99購01  ,0,0,0,0,0,0,0,0,0,-12000,0,0,0,2000,14000,-12000,-12000
060452,儒鴻元大9A購01  ,0,0,0,0,0,0,0,0,0,-12000,0,0,0,3000,15000,-12000,-12000
064158,健鼎統一02購01  ,0,0,0,0,0,0,0,0,0,-12000,0,0,0,88000,100000,-12000,-12000
061542,旺宏群益9A購04  ,0,0,0,0,0,0,0,0,0,-12000,0,0,0,0,12000,-12000,-12000
064501,大立光元大01購02,0,0,0,0,0,0,0,0,0,-12000,0,0,0,10000,22000,-12000,-12000
064473,技嘉麥證9C購01  ,0,0,0,10000,22000,-12000,0,0,0,-12000,0,0,0,10000,22000,-12000,-12000
061030,喬山永豐9A購01  ,0,0,0,0,0,0,0,0,0,-12000,0,0,0,4000,16000,-12000,-12000
060870,旭富群益9A購01  ,0,0,0,0,0,0,0,0,0,-12000,0,0,0,0,12000,-12000,-12000
062729,神達凱基9B購02  ,0,0,0,0,0,0,0,0,0,-12000,0,0,0,0,12000,-12000,-12000
062741,立積國票9B購02  ,0,0,0,0,0,0,0,0,0,-12000,0,0,0,11000,23000,-12000,-12000
063261,康控富邦03購01  ,0,0,0,0,0,0,0,0,0,-12000,0,0,0,10000,22000,-12000,-12000
061903,宏全永豐9B購01  ,0,0,0,0,0,0,0,0,0,-12000,0,0,0,0,12000,-12000,-12000
064006,晶技凱基9C購02  ,0,0,0,0,0,0,0,0,0,-12000,0,0,0,0,12000,-12000,-12000
064100,義隆群益9C購01  ,0,0,0,0,0,0,0,0,0,-12000,0,0,0,0,12000,-12000,-12000
066470,惠特統一02購01  ,0,0,0,0,0,0,0,0,0,-12000,0,0,0,0,12000,-12000,-12000
066594,聯詠群益01購01  ,0,0,0,0,0,0,0,0,0,-12000,0,0,0,135000,147000,-12000,-12000
067184,聯發科凱基01購13,0,0,0,0,0,0,0,0,0,-12000,0,0,0,12000,24000,-12000,-12000
067212,聯發科元大02購02,0,0,0,0,0,0,0,0,0,-12000,0,0,0,278000,290000,-12000,-12000
067472,台積電元大03購01,0,0,0,0,0,0,0,0,0,-12000,0,0,0,0,12000,-12000,-12000
067373,聯發科統一03購04,0,0,0,0,0,0,0,0,0,-12000,0,0,0,0,12000,-12000,-12000
066139,拓凱群益01購01  ,0,0,0,0,0,0,0,0,0,-12000,0,0,0,219000,231000,-12000,-12000
065972,聯發科元大01購07,0,0,0,0,0,0,0,0,0,-12000,0,0,0,0,12000,-12000,-12000
066017,南六元富03購01  ,0,0,0,0,0,0,0,0,0,-12000,0,0,0,12000,24000,-12000,-12000
065601,聯發科元大01購05,0,0,0,0,0,0,0,0,0,-12000,0,0,0,2000,14000,-12000,-12000
065262,義隆元大9C購06  ,0,0,0,0,0,0,0,0,0,-12000,0,0,0,0,12000,-12000,-12000
1339,昭輝            ,36000,47000,-11000,0,0,0,0,0,0,-1000,0,1000,-1000,0,0,0,-12000
2460,建通            ,7000,15000,-8000,0,0,0,0,0,0,-4000,0,4000,-4000,0,0,0,-12000
2537,聯上發          ,142000,151000,-9000,0,0,0,0,0,0,-3000,0,3000,-3000,0,0,0,-12000
2722,夏都            ,3000,14000,-11000,0,0,0,0,0,0,-1000,0,1000,-1000,0,0,0,-12000
08559P,瑞昱國票9C售01  ,0,0,0,0,0,0,0,0,0,-13000,0,0,0,10000,23000,-13000,-13000
068918,臺股指群益02購04,0,0,0,0,0,0,0,0,0,-13000,0,0,0,0,13000,-13000,-13000
069069,大立光麥證02購01,0,0,0,7000,20000,-13000,0,0,0,-13000,0,0,0,7000,20000,-13000,-13000
069305,華通凱基03購04  ,0,0,0,0,0,0,0,0,0,-13000,0,0,0,0,13000,-13000,-13000
068278,惠特永豐01購03  ,0,0,0,0,0,0,0,0,0,-13000,0,0,0,0,13000,-13000,-13000
068717,華通元大02購04  ,0,0,0,0,0,0,0,0,0,-13000,0,0,0,88000,101000,-13000,-13000
068563,宏碁元大01購05  ,0,0,0,0,0,0,0,0,0,-13000,0,0,0,424000,437000,-13000,-13000
068527,義隆元富03購01  ,0,0,0,0,0,0,0,0,0,-13000,0,0,0,101000,114000,-13000,-13000
068003,玉晶光元大01購12,0,0,0,0,0,0,0,0,0,-13000,0,0,0,74000,87000,-13000,-13000
067634,高鐵永豐01購01  ,0,0,0,0,0,0,0,0,0,-13000,0,0,0,12000,25000,-13000,-13000
067843,聯發科元富07購05,0,0,0,0,0,0,0,0,0,-13000,0,0,0,10000,23000,-13000,-13000
059265,美律中信01購01  ,0,0,0,0,0,0,0,0,0,-13000,0,0,0,0,13000,-13000,-13000
058122,美律國票9A購01  ,0,0,0,0,0,0,0,0,0,-13000,0,0,0,0,13000,-13000,-13000
058202,鴻海凱基9A購04  ,0,0,0,0,0,0,0,0,0,-13000,0,0,0,27000,40000,-13000,-13000
059826,欣興凱基99購06  ,0,0,0,0,0,0,0,0,0,-13000,0,0,0,0,13000,-13000,-13000
056124,華通國票98購02  ,0,0,0,0,0,0,0,0,0,-13000,0,0,0,10000,23000,-13000,-13000
054158,國巨日盛99購01  ,0,0,0,0,0,0,0,0,0,-13000,0,0,0,0,13000,-13000,-13000
03081P,華通元大01售06  ,0,0,0,0,0,0,0,0,0,-13000,0,0,0,13000,26000,-13000,-13000
064213,大立光凱基03購01,0,0,0,0,0,0,0,0,0,-13000,0,0,0,0,13000,-13000,-13000
063292,致新元大9B購02  ,0,0,0,0,0,0,0,0,0,-13000,0,0,0,36000,49000,-13000,-13000
063305,亞光凱基9B購01  ,0,0,0,0,0,0,0,0,0,-13000,0,0,0,10000,23000,-13000,-13000
062474,台表科凱基9C購01,0,0,0,0,0,0,0,0,0,-13000,0,0,0,0,13000,-13000,-13000
065216,群創國泰01購02  ,0,0,0,0,0,0,0,0,0,-13000,0,0,0,0,13000,-13000,-13000
065199,華擎元富03購01  ,0,0,0,0,0,0,0,0,0,-13000,0,0,0,5000,18000,-13000,-13000
065036,世芯統一02購02  ,0,0,0,0,0,0,0,0,0,-13000,0,0,0,0,13000,-13000,-13000
066137,智易群益01購01  ,0,0,0,0,0,0,0,0,0,-13000,0,0,0,433000,446000,-13000,-13000
067252,智邦國票02購02  ,0,0,0,0,0,0,0,0,0,-13000,0,0,0,31000,44000,-13000,-13000
066363,美律中信05購01  ,0,0,0,0,0,0,0,0,0,-13000,0,0,0,0,13000,-13000,-13000
066357,昇陽半永豐01購01,0,0,0,0,0,0,0,0,0,-13000,0,0,0,0,13000,-13000,-13000
4737,華廣            ,1000,13000,-12000,0,0,0,0,0,0,-1000,0,1000,-1000,0,0,0,-13000
8081,致新            ,195000,211000,-16000,0,0,0,0,0,0,3000,1000,1000,0,23000,20000,3000,-13000
6414,樺漢            ,194000,320000,-126000,0,0,0,184000,0,184000,-71000,88000,101000,-13000,1000,59000,-58000,-13000
6108,競國            ,43000,51000,-8000,0,0,0,0,0,0,-5000,0,5000,-5000,0,0,0,-13000
6216,居易            ,2000,13000,-11000,0,0,0,0,0,0,-2000,0,2000,-2000,0,0,0,-13000
2227,裕日車          ,92000,104000,-12000,0,0,0,1000,0,1000,-2000,0,2000,-2000,0,0,0,-13000
1256,鮮活果汁-KY     ,0,1000,-1000,0,0,0,0,12000,-12000,0,0,0,0,0,0,0,-13000
1456,怡華            ,0,11000,-11000,0,0,0,0,0,0,-2000,0,2000,-2000,0,0,0,-13000
1615,大山            ,0,13000,-13000,0,0,0,0,0,0,0,0,0,0,0,0,0,-13000
067748,GIS元大01購02   ,0,0,0,0,0,0,0,0,0,-14000,0,0,0,238000,252000,-14000,-14000
068611,臻鼎凱基01購01  ,0,0,0,0,0,0,0,0,0,-14000,0,0,0,97000,111000,-14000,-14000
068641,神達凱基03購01  ,0,0,0,0,0,0,0,0,0,-14000,0,0,0,10000,24000,-14000,-14000
068233,同欣電元富05購01,0,0,0,0,0,0,0,0,0,-14000,0,0,0,100000,114000,-14000,-14000
08540P,嘉晶國票01售01  ,0,0,0,0,0,0,0,0,0,-14000,0,0,0,1000,15000,-14000,-14000
08093P,英業達元富9B售02,0,0,0,0,0,0,0,0,0,-14000,0,0,0,1000,15000,-14000,-14000
03044P,康控國票03售01  ,0,0,0,0,0,0,0,0,0,-14000,0,0,0,58000,72000,-14000,-14000
055999,電子類富邦99購01,0,0,0,0,0,0,0,0,0,-14000,0,0,0,0,14000,-14000,-14000
056213,建準國票98購02  ,0,0,0,0,0,0,0,0,0,-14000,0,0,0,0,14000,-14000,-14000
060110,茂林元大99購06  ,0,0,0,0,0,0,0,0,0,-14000,0,0,0,20000,34000,-14000,-14000
060018,國產康和99購01  ,0,0,0,0,0,0,0,0,0,-14000,0,0,0,20000,34000,-14000,-14000
060049,華通凱基99購06  ,0,0,0,0,0,0,0,0,0,-14000,0,0,0,2000,16000,-14000,-14000
059067,上銀國票9A購02  ,0,0,0,0,0,0,0,0,0,-14000,0,0,0,0,14000,-14000,-14000
057862,智邦凱基99購01  ,0,0,0,0,0,0,0,0,0,-14000,0,0,0,0,14000,-14000,-14000
064712,聚陽統一02購03  ,0,0,0,0,0,0,0,0,0,-14000,0,0,0,0,14000,-14000,-14000
064866,義隆永豐9C購02  ,0,0,0,0,0,0,0,0,0,-14000,0,0,0,2000,16000,-14000,-14000
061293,聯茂統一9A購01  ,0,0,0,0,0,0,0,0,0,-14000,0,0,0,6000,20000,-14000,-14000
062708,立積元大9B購01  ,0,0,0,0,0,0,0,0,0,-14000,0,0,0,40000,54000,-14000,-14000
062609,帆宣凱基9B購01  ,0,0,0,0,0,0,0,0,0,-14000,0,0,0,10000,24000,-14000,-14000
062940,華新科凱基9C購02,0,0,0,0,0,0,0,0,0,-14000,0,0,0,7000,21000,-14000,-14000
063706,台虹群益9B購01  ,0,0,0,0,0,0,0,0,0,-14000,0,0,0,16000,30000,-14000,-14000
063825,道瓊銀國票01購01,0,0,0,0,0,0,0,0,0,-14000,0,0,0,50000,64000,-14000,-14000
062161,南六凱基9C購01  ,0,0,0,0,0,0,0,0,0,-14000,0,0,0,12000,26000,-14000,-14000
063983,麗豐兆豐9C購01  ,0,0,0,0,0,0,0,0,0,-14000,0,0,0,32000,46000,-14000,-14000
061899,復盛永豐9B購01  ,0,0,0,0,0,0,0,0,0,-14000,0,0,0,0,14000,-14000,-14000
066231,友訊富邦02購01  ,0,0,0,0,0,0,0,0,0,-14000,0,0,0,1000,15000,-14000,-14000
065988,晶技永豐01購01  ,0,0,0,0,0,0,0,0,0,-14000,0,0,0,0,14000,-14000,-14000
064555,力山群益01購01  ,0,0,0,0,0,0,0,0,0,-14000,0,0,0,4000,18000,-14000,-14000
065472,華新元大01購01  ,0,0,0,0,0,0,0,0,0,-14000,0,0,0,128000,142000,-14000,-14000
2538,基泰            ,5000,19000,-14000,0,0,0,0,0,0,0,0,0,0,0,0,0,-14000
2546,根基            ,4000,18000,-14000,0,0,0,0,0,0,0,0,0,0,0,0,0,-14000
8429,金麗-KY         ,43000,57000,-14000,0,0,0,0,0,0,0,0,0,0,0,0,0,-14000
8367,建新國際        ,9000,23000,-14000,0,0,0,0,0,0,0,0,0,0,0,0,0,-14000
2702,華園            ,1000,14000,-13000,0,0,0,0,0,0,-1000,0,1000,-1000,0,0,0,-14000
00678,群益NBI生技     ,10000,17000,-7000,0,0,0,0,0,0,-7500,0,0,0,300000,307500,-7500,-14500
08066P,南亞科凱基9B售04,0,0,0,0,0,0,0,0,0,-15000,0,0,0,16000,31000,-15000,-15000
08411P,技嘉凱基9C售01  ,0,0,0,0,0,0,0,0,0,-15000,0,0,0,10000,25000,-15000,-15000
069361,強茂永豐02購02  ,0,0,0,0,0,0,0,0,0,-15000,0,0,0,0,15000,-15000,-15000
069203,華邦電元大02購01,0,0,0,0,0,0,0,0,0,-15000,0,0,0,0,15000,-15000,-15000
069163,聯發科元大02購10,0,0,0,0,0,0,0,0,0,-15000,0,0,0,16000,31000,-15000,-15000
06987P,鴻海元富99售08  ,0,0,0,0,0,0,0,0,0,-15000,0,0,0,0,15000,-15000,-15000
069065,聯發科麥證02購01,0,0,0,0,15000,-15000,0,0,0,-15000,0,0,0,0,15000,-15000,-15000
068390,聯詠統一03購01  ,0,0,0,0,0,0,0,0,0,-15000,0,0,0,695000,710000,-15000,-15000
068484,聯電元大03購02  ,0,0,0,0,0,0,0,0,0,-15000,0,0,0,66000,81000,-15000,-15000
06867P,訊芯元大98售08  ,0,0,0,0,0,0,0,0,0,-15000,0,0,0,0,15000,-15000,-15000
068032,大毅元富07購01  ,0,0,0,0,0,0,0,0,0,-15000,0,0,0,0,15000,-15000,-15000
068066,亞德客凱基03購01,0,0,0,0,0,0,0,0,0,-15000,0,0,0,38000,53000,-15000,-15000
068139,亞德客元大01購05,0,0,0,0,0,0,0,0,0,-15000,0,0,0,40000,55000,-15000,-15000
068144,台積電元大01購33,0,0,0,0,0,0,0,0,0,-15000,0,0,0,0,15000,-15000,-15000
03103P,聯發科元富01售02,0,0,0,0,0,0,0,0,0,-15000,0,0,0,35000,50000,-15000,-15000
057444,台泥元富98購01  ,0,0,0,0,0,0,0,0,0,-15000,0,0,0,0,15000,-15000,-15000
056765,友達元大9B購05  ,0,0,0,0,0,0,0,0,0,-15000,0,0,0,0,15000,-15000,-15000
059489,上証2X國票9A購01,0,0,0,0,0,0,0,0,0,-15000,0,0,0,5000,20000,-15000,-15000
055976,台積電統一99購03,0,0,0,0,0,0,0,0,0,-15000,0,0,0,1000,16000,-15000,-15000
03416P,聯電台新02售02  ,0,0,0,0,0,0,0,0,0,-15000,0,0,0,0,15000,-15000,-15000
059114,華新科永豐99購05,0,0,0,0,0,0,0,0,0,-15000,0,0,0,0,15000,-15000,-15000
059387,華通凱基9A購03  ,0,0,0,0,0,0,0,0,0,-15000,0,0,0,2000,17000,-15000,-15000
059987,大立光元大99購28,0,0,0,0,0,0,0,0,0,-15000,0,0,0,50000,65000,-15000,-15000
060595,台灣50凱基04購04,0,0,0,0,0,0,0,0,0,-15000,0,0,0,0,15000,-15000,-15000
060297,和碩元大9A購02  ,0,0,0,0,0,0,0,0,0,-15000,0,0,0,5000,20000,-15000,-15000
058977,SGBR2X凱基03購01,0,0,0,0,0,0,0,0,0,-15000,0,0,0,15000,30000,-15000,-15000
058356,華邦電凱基99購01,0,0,0,0,0,0,0,0,0,-15000,0,0,0,0,15000,-15000,-15000
061683,台灣50群益9B購09,0,0,0,0,0,0,0,0,0,-15000,0,0,0,22000,37000,-15000,-15000
062513,玉晶光國票9C購01,0,0,0,0,0,0,0,0,0,-15000,0,0,0,3000,18000,-15000,-15000
063146,南六統一9B購02  ,0,0,0,0,0,0,0,0,0,-15000,0,0,0,0,15000,-15000,-15000
062939,奇力新凱基9B購02,0,0,0,0,0,0,0,0,0,-15000,0,0,0,15000,30000,-15000,-15000
063532,GIS凱基9B購03   ,0,0,0,0,0,0,0,0,0,-15000,0,0,0,21000,36000,-15000,-15000
063472,茂林元大9B購04  ,0,0,0,0,0,0,0,0,0,-15000,0,0,0,53000,68000,-15000,-15000
063280,燿華元大9B購05  ,0,0,0,0,0,0,0,0,0,-15000,0,0,0,7000,22000,-15000,-15000
062730,致伸凱基9B購01  ,0,0,0,0,0,0,0,0,0,-15000,0,0,0,0,15000,-15000,-15000
062744,超眾國泰9C購01  ,0,0,0,0,0,0,0,0,0,-15000,0,0,0,0,15000,-15000,-15000
062318,台郡凱基9B購01  ,0,0,0,0,0,0,0,0,0,-15000,0,0,0,0,15000,-15000,-15000
06136P,華新科國泰99售02,0,0,0,0,0,0,0,0,0,-15000,0,0,0,50000,65000,-15000,-15000
060800,華新科第一9A購01,0,0,0,0,0,0,0,0,0,-15000,0,0,0,0,15000,-15000,-15000
063794,亞德客凱基9C購01,0,0,0,0,0,0,0,0,0,-15000,0,0,0,43000,58000,-15000,-15000
061144,玉晶光中信9B購02,0,0,0,0,0,0,0,0,0,-15000,0,0,0,0,15000,-15000,-15000
064861,緯創富邦9C購01  ,0,0,0,0,0,0,0,0,0,-15000,0,0,0,0,15000,-15000,-15000
061496,華新科國票9A購07,0,0,0,0,0,0,0,0,0,-15000,0,0,0,25000,40000,-15000,-15000
062394,大立光富邦02購01,0,0,0,0,0,0,0,0,0,-15000,0,0,0,5000,20000,-15000,-15000
064623,創意元大9C購04  ,0,0,0,0,0,0,0,0,0,-15000,0,0,0,7000,22000,-15000,-15000
064566,大立光群益9C購04,0,0,0,0,0,0,0,0,0,-15000,0,0,0,0,15000,-15000,-15000
064516,華通群益02購01  ,0,0,0,0,0,0,0,0,0,-15000,0,0,0,0,15000,-15000,-15000
065955,健鼎統一01購03  ,0,0,0,0,0,0,0,0,0,-15000,0,0,0,0,15000,-15000,-15000
066069,英業達凱基02購01,0,0,0,0,0,0,0,0,0,-15000,0,0,0,0,15000,-15000,-15000
065613,GIS元大9C購08   ,0,0,0,0,0,0,0,0,0,-15000,0,0,0,0,15000,-15000,-15000
065692,國巨群益9C購17  ,0,0,0,0,0,0,0,0,0,-15000,0,0,0,0,15000,-15000,-15000
065765,GIS元大9C購09   ,0,0,0,0,0,0,0,0,0,-15000,0,0,0,0,15000,-15000,-15000
066386,宏全康和01購01  ,0,0,0,0,0,0,0,0,0,-15000,0,0,0,0,15000,-15000,-15000
066593,奇鋐群益01購01  ,0,0,0,0,0,0,0,0,0,-15000,0,0,0,62000,77000,-15000,-15000
067229,台達電群益01購02,0,0,0,0,0,0,0,0,0,-15000,0,0,0,26000,41000,-15000,-15000
066968,技嘉元富07購01  ,0,0,0,0,0,0,0,0,0,-15000,0,0,0,0,15000,-15000,-15000
066927,亞德客國票02購01,0,0,0,0,0,0,0,0,0,-15000,0,0,0,25000,40000,-15000,-15000
067298,台積電元大02購04,0,0,0,0,0,0,0,0,0,-15000,0,0,0,11000,26000,-15000,-15000
067513,南六統一01購04  ,0,0,0,0,0,0,0,0,0,-15000,0,0,0,0,15000,-15000,-15000
1220,台榮            ,3000,18000,-15000,0,0,0,0,0,0,0,0,0,0,0,0,0,-15000
08891P,國巨元大01售11  ,0,0,0,0,0,0,0,0,0,-15000,0,0,0,0,15000,-15000,-15000
067814,緯創凱基01購02  ,0,0,0,0,0,0,0,0,0,-16000,0,0,0,2000,18000,-16000,-16000
068701,道瓊銀國票02購01,0,0,0,0,0,0,0,0,0,-16000,0,0,0,76000,92000,-16000,-16000
068776,台積電元富08購01,0,0,0,0,0,0,0,0,0,-16000,0,0,0,16000,32000,-16000,-16000
068616,日月光國票03購01,0,0,0,0,0,0,0,0,0,-16000,0,0,0,118000,134000,-16000,-16000
068586,奇力新台新01購01,0,0,0,0,0,0,0,0,0,-16000,0,0,0,0,16000,-16000,-16000
068366,泰碩國泰03購02  ,0,0,0,0,0,0,0,0,0,-16000,0,0,0,40000,56000,-16000,-16000
068331,欣興元大01購09  ,0,0,0,0,0,0,0,0,0,-16000,0,0,0,9000,25000,-16000,-16000
069025,建準國票03購02  ,0,0,0,0,0,0,0,0,0,-16000,0,0,0,0,16000,-16000,-16000
068906,台灣50群益02購10,0,0,0,0,0,0,0,0,0,-16000,0,0,0,14000,30000,-16000,-16000
07825P,健策國泰9B售04  ,0,0,0,0,0,0,0,0,0,-16000,0,0,0,182000,198000,-16000,-16000
060609,玉晶光凱基9B購01,0,0,0,0,0,0,0,0,0,-16000,0,0,0,0,16000,-16000,-16000
03327P,臺股指凱基05售02,0,0,0,0,0,0,0,0,0,-16000,0,0,0,4000,20000,-16000,-16000
064813,祥碩元大9C購05  ,0,0,0,0,0,0,0,0,0,-16000,0,0,0,4000,20000,-16000,-16000
064492,技嘉元大9C購01  ,0,0,0,0,0,0,0,0,0,-16000,0,0,0,1000,17000,-16000,-16000
061033,台光電永豐9A購01,0,0,0,0,0,0,0,0,0,-16000,0,0,0,0,16000,-16000,-16000
062288,南六群益9B購01  ,0,0,0,0,0,0,0,0,0,-16000,0,0,0,0,16000,-16000,-16000
062836,同欣電群益9B購02,0,0,0,0,0,0,0,0,0,-16000,0,0,0,0,16000,-16000,-16000
062820,禾伸堂兆豐9B購01,0,0,0,0,0,0,0,0,0,-16000,0,0,0,0,16000,-16000,-16000
062927,同欣電國票9B購02,0,0,0,0,0,0,0,0,0,-16000,0,0,0,10000,26000,-16000,-16000
062075,智邦元大9B購03  ,0,0,0,0,0,0,0,0,0,-16000,0,0,0,18000,34000,-16000,-16000
062896,中興電元大9B購01,13000,0,13000,0,0,0,0,0,0,-29000,0,0,0,112000,141000,-29000,-16000
061606,景碩凱基9A購02  ,0,0,0,0,0,0,0,0,0,-16000,0,0,0,25000,41000,-16000,-16000
067165,世紀鋼國票02購02,0,0,0,0,0,0,0,0,0,-16000,0,0,0,63000,79000,-16000,-16000
066791,牧德康和01購01  ,0,0,0,0,0,0,0,0,0,-16000,0,0,0,60000,76000,-16000,-16000
066328,國揚永豐01購01  ,0,0,0,0,0,0,0,0,0,-16000,0,0,0,0,16000,-16000,-16000
065842,技嘉元大9C購05  ,0,0,0,0,0,0,0,0,0,-16000,0,0,0,1000,17000,-16000,-16000
065954,大立光統一03購01,0,0,0,0,0,0,0,0,0,-16000,0,0,0,0,16000,-16000,-16000
065950,正崴統一03購01  ,0,0,0,0,0,0,0,0,0,-16000,0,0,0,20000,36000,-16000,-16000
065433,緯創凱基9C購01  ,0,0,0,0,0,0,0,0,0,-16000,0,0,0,0,16000,-16000,-16000
08974P,可成群益02售02  ,0,0,0,0,0,0,0,0,0,-16000,0,0,0,0,16000,-16000,-16000
2530,華建            ,20000,30000,-10000,0,0,0,0,0,0,-6000,0,6000,-6000,0,0,0,-16000
2467,志聖            ,27000,41000,-14000,0,0,0,0,0,0,-2000,0,2000,-2000,0,0,0,-16000
2433,互盛電          ,1000,11000,-10000,0,0,0,0,0,0,-6000,0,6000,-6000,0,0,0,-16000
3266,昇陽            ,18000,34000,-16000,0,0,0,0,0,0,0,0,0,0,0,0,0,-16000
3504,揚明光          ,28000,43000,-15000,0,0,0,0,0,0,-1000,0,1000,-1000,0,0,0,-16000
8261,富鼎            ,108000,121000,-13000,0,0,0,0,0,0,-3000,0,3000,-3000,0,0,0,-16000
8072,陞泰            ,17000,33000,-16000,0,0,0,0,0,0,0,0,0,0,0,0,0,-16000
6525,捷敏-KY         ,3000,19000,-16000,0,0,0,0,0,0,0,0,0,0,0,0,0,-16000
08186P,泰碩永豐9B售03  ,0,0,0,0,0,0,0,0,0,-17000,0,0,0,104000,121000,-17000,-17000
068958,臺股指凱基04購06,0,0,0,0,0,0,0,0,0,-17000,0,0,0,0,17000,-17000,-17000
068249,聯發科元大01購25,0,0,0,0,0,0,0,0,0,-17000,0,0,0,80000,97000,-17000,-17000
068439,信邦凱基01購02  ,0,0,0,0,0,0,0,0,0,-17000,0,0,0,14000,31000,-17000,-17000
068660,欣興元大02購02  ,0,0,0,0,0,0,0,0,0,-17000,0,0,0,120000,137000,-17000,-17000
03112P,GIS元大01售03   ,0,0,0,0,0,0,0,0,0,-17000,0,0,0,10000,27000,-17000,-17000
056395,玉晶光永豐9B購01,0,0,0,0,0,0,0,0,0,-17000,0,0,0,287000,304000,-17000,-17000
051277,聯發科中信9A購01,0,0,0,0,0,0,0,0,0,-17000,0,0,0,0,17000,-17000,-17000
058443,T50正2富邦01購01,0,0,0,0,0,0,0,0,0,-17000,0,0,0,254000,271000,-17000,-17000
058189,嘉澤永豐99購01  ,0,0,0,0,0,0,0,0,0,-17000,0,0,0,18000,35000,-17000,-17000
058009,智易國票99購01  ,0,0,0,0,0,0,0,0,0,-17000,0,0,0,47000,64000,-17000,-17000
060424,中租永豐9A購01  ,0,0,0,0,0,0,0,0,0,-17000,0,0,0,34000,51000,-17000,-17000
062557,台光電凱基9B購02,0,0,0,0,0,0,0,0,0,-17000,0,0,0,20000,37000,-17000,-17000
062170,健策永豐9B購04  ,0,0,0,0,0,0,0,0,0,-17000,0,0,0,20000,37000,-17000,-17000
061940,世紀鋼國票9C購01,0,0,0,0,0,0,0,0,0,-17000,0,0,0,18000,35000,-17000,-17000
061948,美食群益9B購01  ,0,0,0,0,0,0,0,0,0,-17000,0,0,0,3000,20000,-17000,-17000
063354,茂林元富9B購02  ,0,0,0,0,0,0,0,0,0,-17000,0,0,0,50000,67000,-17000,-17000
063856,臺股指元大9C購09,0,0,0,0,0,0,0,0,0,-17000,0,0,0,0,17000,-17000,-17000
060851,國巨國泰9C購01  ,0,0,0,0,0,0,0,0,0,-17000,0,0,0,39000,56000,-17000,-17000
060874,中鋼中信02購01  ,0,0,0,0,0,0,0,0,0,-17000,0,0,0,3000,20000,-17000,-17000
061586,智邦富邦9A購02  ,0,0,0,0,0,0,0,0,0,-17000,0,0,0,0,17000,-17000,-17000
064985,台表科元大9C購09,0,0,0,0,0,0,0,0,0,-17000,0,0,0,0,17000,-17000,-17000
065001,中橡國票9C購01  ,0,0,0,0,0,0,0,0,0,-17000,0,0,0,0,17000,-17000,-17000
066174,京鼎凱基01購01  ,0,0,0,0,0,0,0,0,0,-17000,0,0,0,1000,18000,-17000,-17000
065781,創意富邦01購01  ,0,0,0,0,0,0,0,0,0,-17000,0,0,0,20000,37000,-17000,-17000
065875,創意群益9C購05  ,0,0,0,0,0,0,0,0,0,-17000,0,0,0,3000,20000,-17000,-17000
066757,南港永豐01購01  ,0,0,0,0,0,0,0,0,0,-17000,0,0,0,137000,154000,-17000,-17000
067396,欣興永豐01購02  ,0,0,0,0,0,0,0,0,0,-17000,0,0,0,290000,307000,-17000,-17000
2423,固緯            ,5000,20000,-15000,0,0,0,0,0,0,-2000,0,2000,-2000,0,0,0,-17000
2415,錩新            ,13000,29000,-16000,0,0,0,0,0,0,-1000,0,1000,-1000,0,0,0,-17000
2305,全友            ,6000,17000,-11000,0,0,0,0,0,0,-6000,1000,7000,-6000,0,0,0,-17000
08943P,嘉晶國票03售01  ,0,0,0,0,0,0,0,0,0,-17000,0,0,0,0,17000,-17000,-17000
1528,恩德            ,1000,18000,-17000,0,0,0,0,0,0,0,0,0,0,0,0,0,-17000
1531,高林股          ,23000,41000,-18000,0,0,0,0,0,0,1000,1000,0,1000,0,0,0,-17000
1503,士電            ,43000,55000,-12000,0,0,0,0,0,0,-5000,0,5000,-5000,0,0,0,-17000
068518,大立光統一01購10,0,0,0,0,0,0,0,0,0,-18000,0,0,0,1000,19000,-18000,-18000
068787,國巨凱基02購09  ,0,0,0,0,0,0,0,0,0,-18000,0,0,0,4000,22000,-18000,-18000
067796,臺股指群益01購08,0,0,0,0,0,0,0,0,0,-18000,0,0,0,0,18000,-18000,-18000
067721,義隆凱基01購06  ,0,0,0,0,0,0,0,0,0,-18000,0,0,0,10000,28000,-18000,-18000
067690,惠特元大01購04  ,0,0,0,0,0,0,0,0,0,-18000,0,0,0,47000,65000,-18000,-18000
08458P,南電元大9C售04  ,0,0,0,0,0,0,0,0,0,-18000,0,0,0,20000,38000,-18000,-18000
060462,鴻海元大9A購10  ,0,0,0,0,0,0,0,0,0,-18000,0,0,0,35000,53000,-18000,-18000
059115,美食永豐99購01  ,0,0,0,0,0,0,0,0,0,-18000,0,0,0,8000,26000,-18000,-18000
064316,貿聯群益9C購02  ,0,0,0,0,0,0,0,0,0,-18000,0,0,0,0,18000,-18000,-18000
064346,貿聯元大01購01  ,0,0,0,0,0,0,0,0,0,-18000,0,0,0,0,18000,-18000,-18000
060249,正文元大9C購01  ,0,0,0,0,0,0,0,0,0,-18000,0,0,0,22000,40000,-18000,-18000
054308,嘉晶凱基98購01  ,0,0,0,0,0,0,0,0,0,-18000,0,0,0,1000,19000,-18000,-18000
054640,健策中信9B購01  ,0,0,0,0,0,0,0,0,0,-18000,0,0,0,0,18000,-18000,-18000
059706,嘉晶凱基99購01  ,0,0,0,0,0,0,0,0,0,-18000,0,0,0,12000,30000,-18000,-18000
059722,南亞科元大99購02,0,0,0,0,0,0,0,0,0,-18000,0,0,0,10000,28000,-18000,-18000
03235P,宏達電元大02售02,0,0,0,0,0,0,0,0,0,-18000,0,0,0,1000,19000,-18000,-18000
057023,美律凱基99購02  ,0,0,0,0,0,0,0,0,0,-18000,0,0,0,7000,25000,-18000,-18000
064677,金像電兆豐9C購01,0,0,0,0,0,0,0,0,0,-18000,0,0,0,34000,52000,-18000,-18000
062703,可成元大9C購02  ,0,0,0,0,0,0,0,0,0,-18000,0,0,0,92000,110000,-18000,-18000
061611,南六統一01購01  ,0,0,0,0,0,0,0,0,0,-18000,0,0,0,12000,30000,-18000,-18000
063991,南六永豐9C購02  ,0,0,0,0,0,0,0,0,0,-18000,0,0,0,77000,95000,-18000,-18000
066943,FBVIX元大04購01 ,0,0,0,0,0,0,0,0,0,-18000,0,0,0,10000,28000,-18000,-18000
066751,矽創元大01購03  ,0,0,0,0,0,0,0,0,0,-18000,0,0,0,136000,154000,-18000,-18000
066524,創意統一02購03  ,0,0,0,0,0,0,0,0,0,-18000,0,0,0,14000,32000,-18000,-18000
065575,神達群益01購01  ,0,0,0,0,0,0,0,0,0,-18000,0,0,0,0,18000,-18000,-18000
065573,新日興群益01購02,0,0,0,0,0,0,0,0,0,-18000,0,0,0,86000,104000,-18000,-18000
1455,集盛            ,115000,133000,-18000,0,0,0,0,0,0,0,0,0,0,0,0,0,-18000
1419,新紡            ,33000,50000,-17000,0,0,0,0,0,0,-1000,0,1000,-1000,0,0,0,-18000
2450,神腦            ,4000,19000,-15000,0,0,0,0,0,0,-3000,0,3000,-3000,0,0,0,-18000
5285,界霖            ,17000,35000,-18000,0,0,0,0,0,0,0,0,0,0,0,0,0,-18000
08569P,玉晶光永豐9C售09,0,0,0,0,0,0,0,0,0,-19000,0,0,0,0,19000,-19000,-19000
07836P,大成鋼元大9A售01,0,0,0,0,0,0,0,0,0,-19000,0,0,0,71000,90000,-19000,-19000
067995,瑞昱元大02購01  ,1000,0,1000,0,0,0,0,0,0,-20000,0,0,0,158000,178000,-20000,-19000
068449,國巨國票01購03  ,0,0,0,0,0,0,0,0,0,-19000,0,0,0,1000,20000,-19000,-19000
068489,技嘉元大01購05  ,0,0,0,0,0,0,0,0,0,-19000,0,0,0,13000,32000,-19000,-19000
057292,國巨國泰9B購01  ,0,0,0,0,0,0,0,0,0,-19000,0,0,0,11000,30000,-19000,-19000
053163,上証2X群益9A購02,0,0,0,0,0,0,0,0,0,-19000,0,0,0,1000,20000,-19000,-19000
057000,亞德客國票99購01,0,0,0,0,0,0,0,0,0,-19000,0,0,0,0,19000,-19000,-19000
03261P,力山國票04售01  ,0,0,0,0,0,0,0,0,0,-19000,0,0,0,10000,29000,-19000,-19000
056701,國產國泰9A購01  ,0,0,0,0,0,0,0,0,0,-19000,0,0,0,0,19000,-19000,-19000
057579,長榮航中信9A購01,0,0,0,0,0,0,0,0,0,-19000,0,0,0,1000,20000,-19000,-19000
063641,泰鼎元大9B購04  ,0,0,0,0,0,0,0,0,0,-19000,0,0,0,4000,23000,-19000,-19000
060375,葡萄王元富9A購01,0,0,0,0,0,0,0,0,0,-19000,0,0,0,1000,20000,-19000,-19000
064004,全新凱基01購01  ,0,0,0,0,0,0,0,0,0,-19000,0,0,0,0,19000,-19000,-19000
064084,群創中信06購02  ,0,0,0,0,0,0,0,0,0,-19000,0,0,0,0,19000,-19000,-19000
064247,廣達元富9C購01  ,0,0,0,0,0,0,0,0,0,-19000,0,0,0,27000,46000,-19000,-19000
063910,漢唐凱基9C購01  ,0,0,0,0,0,0,0,0,0,-19000,0,0,0,2000,21000,-19000,-19000
062607,美食凱基9B購01  ,0,0,0,0,0,0,0,0,0,-19000,0,0,0,60000,79000,-19000,-19000
062671,國泰金中信03購01,0,0,0,0,0,0,0,0,0,-19000,0,0,0,1000,20000,-19000,-19000
062787,超眾元大9C購02  ,0,0,0,0,0,0,0,0,0,-19000,0,0,0,0,19000,-19000,-19000
060777,茂林凱基9C購01  ,0,0,0,0,0,0,0,0,0,-19000,0,0,0,11000,30000,-19000,-19000
063812,智邦群益9C購02  ,0,0,0,0,0,0,0,0,0,-19000,0,0,0,0,19000,-19000,-19000
061463,智邦群益9A購02  ,0,0,0,0,0,0,0,0,0,-19000,0,0,0,64000,83000,-19000,-19000
062369,創意元大9B購01  ,0,0,0,0,0,0,0,0,0,-19000,0,0,0,0,19000,-19000,-19000
064761,神達凱基9C購01  ,0,0,0,0,0,0,0,0,0,-19000,0,0,0,0,19000,-19000,-19000
064369,彩晶統一01購01  ,0,0,0,0,0,0,0,0,0,-19000,0,0,0,502000,521000,-19000,-19000
065603,聯發科元大9C購16,0,0,0,0,0,0,0,0,0,-19000,0,0,0,0,19000,-19000,-19000
066735,智原元大01購03  ,0,0,0,0,0,0,0,0,0,-19000,0,0,0,143000,162000,-19000,-19000
066732,可成元大01購06  ,0,0,0,0,0,0,0,0,0,-19000,0,0,0,6000,25000,-19000,-19000
066934,宏達電國票02購01,0,0,0,0,0,0,0,0,0,-19000,0,0,0,108000,127000,-19000,-19000
067061,亞泥元大01購01  ,0,0,0,0,0,0,0,0,0,-19000,0,0,0,3000,22000,-19000,-19000
067194,惠特凱基01購03  ,0,0,0,0,0,0,0,0,0,-19000,0,0,0,7000,26000,-19000,-19000
3419,譁裕            ,72000,87000,-15000,0,0,0,0,0,0,-4000,0,4000,-4000,0,0,0,-19000
6581,鋼聯            ,7000,26000,-19000,0,0,0,0,0,0,0,0,0,0,0,0,0,-19000
2496,卓越            ,0,19000,-19000,0,0,0,0,0,0,0,0,0,0,0,0,0,-19000
1541,錩泰            ,44000,61000,-17000,0,0,0,0,0,0,-2000,0,2000,-2000,0,0,0,-19000
068695,台積電凱基02購13,0,0,0,0,0,0,0,0,0,-20000,0,0,0,10000,30000,-20000,-20000
068553,T50反1元大01購09,0,0,0,0,0,0,0,0,0,-20000,0,0,0,0,20000,-20000,-20000
068644,臺股指凱基03購10,0,0,0,0,0,0,0,0,0,-20000,0,0,0,0,20000,-20000,-20000
068008,聯茂元大01購02  ,0,0,0,0,0,0,0,0,0,-20000,0,0,0,0,20000,-20000,-20000
068145,台積電元大01購35,0,0,0,0,0,0,0,0,0,-20000,0,0,0,400000,420000,-20000,-20000
068119,健鼎元富07購01  ,0,0,0,0,0,0,0,0,0,-20000,0,0,0,5000,25000,-20000,-20000
067698,潤泰全國票02購01,0,0,0,0,0,0,0,0,0,-20000,0,0,0,0,20000,-20000,-20000
067557,可成國票01購01  ,0,0,0,0,0,0,0,0,0,-20000,0,0,0,6000,26000,-20000,-20000
067777,元上證群益01購01,0,0,0,0,0,0,0,0,0,-20000,0,0,0,0,20000,-20000,-20000
07786P,南電中信9C售01  ,0,0,0,0,0,0,0,0,0,-20000,0,0,0,0,20000,-20000,-20000
08087P,聯發科凱基9B售12,0,0,0,0,0,0,0,0,0,-20000,0,0,0,0,20000,-20000,-20000
08124P,臻鼎群益9B售02  ,0,0,0,0,0,0,0,0,0,-20000,0,0,0,53000,73000,-20000,-20000
08150P,立積國票9C售01  ,0,0,0,0,0,0,0,0,0,-20000,0,0,0,60000,80000,-20000,-20000
08220P,華邦電凱基9B售02,0,0,0,0,0,0,0,0,0,-20000,0,0,0,0,20000,-20000,-20000
08310P,南電凱基9C售01  ,0,0,0,0,0,0,0,0,0,-20000,0,0,0,0,20000,-20000,-20000
08390P,旺宏凱基9C售02  ,0,0,0,0,0,0,0,0,0,-20000,0,0,0,31000,51000,-20000,-20000
08595P,南電群益9C售03  ,0,0,0,0,0,0,0,0,0,-20000,0,0,0,40000,60000,-20000,-20000
08577P,臺指2X中信03售01,0,0,0,0,0,0,0,0,0,-20000,0,0,0,70000,90000,-20000,-20000
08578P,TPK元大9C售04   ,0,0,0,0,0,0,0,0,0,-20000,0,0,0,20000,40000,-20000,-20000
08640P,台灣50群益9C售07,0,0,0,0,0,0,0,0,0,-20000,0,0,0,0,20000,-20000,-20000
08764P,台灣50富邦03售03,0,0,0,0,0,0,0,0,0,-20000,0,0,0,0,20000,-20000,-20000
068932,大立光永豐02購01,0,0,0,0,0,0,0,0,0,-20000,0,0,0,0,20000,-20000,-20000
068934,聯詠永豐02購01  ,0,0,0,0,0,0,0,0,0,-20000,0,0,0,0,20000,-20000,-20000
068967,茂林群益02購01  ,0,0,0,0,0,0,0,0,0,-20000,0,0,0,0,20000,-20000,-20000
069077,智邦凱基03購02  ,0,0,0,0,0,0,0,0,0,-20000,0,0,0,0,20000,-20000,-20000
069145,聯陽永豐02購01  ,0,0,0,0,0,0,0,0,0,-20000,0,0,0,0,20000,-20000,-20000
069098,聯發科統一03購13,0,0,0,0,0,0,0,0,0,-20000,0,0,0,0,20000,-20000,-20000
069397,上銀統一04購01  ,0,0,0,0,0,0,0,0,0,-20000,0,0,0,0,20000,-20000,-20000
07653P,華新科群益9A售05,0,0,0,0,0,0,0,0,0,-20000,0,0,0,14000,34000,-20000,-20000
07358P,鴻海元大99售39  ,0,0,0,0,0,0,0,0,0,-20000,0,0,0,0,20000,-20000,-20000
069175,惠特元大02購02  ,0,0,0,0,0,0,0,0,0,-20000,0,0,0,21000,41000,-20000,-20000
069200,台達電元大02購02,0,0,0,0,0,0,0,0,0,-20000,0,0,0,0,20000,-20000,-20000
069223,微星群益02購03  ,0,0,0,0,0,0,0,0,0,-20000,0,0,0,0,20000,-20000,-20000
069284,聯電國泰03購02  ,0,0,0,0,0,0,0,0,0,-20000,0,0,0,12000,32000,-20000,-20000
069311,大立光凱基04購01,0,0,0,0,0,0,0,0,0,-20000,0,0,0,0,20000,-20000,-20000
057768,華新科中信9A購01,0,0,0,0,0,0,0,0,0,-20000,0,0,0,0,20000,-20000,-20000
057807,友訊元大98購02  ,0,0,0,0,0,0,0,0,0,-20000,0,0,0,0,20000,-20000,-20000
059127,國巨中信99購04  ,0,0,0,0,0,0,0,0,0,-20000,0,0,0,0,20000,-20000,-20000
059241,旺宏凱基99購07  ,0,0,0,0,0,0,0,0,0,-20000,0,0,0,0,20000,-20000,-20000
063655,華通元富9B購01  ,0,0,0,0,0,0,0,0,0,-20000,0,0,0,200000,220000,-20000,-20000
064274,燿華元大9C購01  ,0,0,0,0,0,0,0,0,0,-20000,0,0,0,11000,31000,-20000,-20000
058652,SGBR2X中信01購01,0,0,0,0,0,0,0,0,0,-20000,0,0,0,0,20000,-20000,-20000
058549,藍天永豐99購01  ,0,0,0,0,0,0,0,0,0,-20000,0,0,0,0,20000,-20000,-20000
060626,貿聯元大9A購04  ,0,0,0,0,0,0,0,0,0,-20000,0,0,0,0,20000,-20000,-20000
060642,華擎永豐9A購02  ,0,0,0,0,0,0,0,0,0,-20000,0,0,0,0,20000,-20000,-20000
060291,高鐵元大9A購01  ,0,0,0,0,0,0,0,0,0,-20000,0,0,0,0,20000,-20000,-20000
060565,大立光富邦01購01,0,0,0,0,0,0,0,0,0,-20000,0,0,0,0,20000,-20000,-20000
058681,大立光康和9B購01,0,0,0,0,0,0,0,0,0,-20000,0,0,0,0,20000,-20000,-20000
058018,南亞科凱基99購03,0,0,0,0,0,0,0,0,0,-20000,0,0,0,0,20000,-20000,-20000
058284,滬深反群益01購01,0,0,0,0,0,0,0,0,0,-20000,0,0,0,0,20000,-20000,-20000
058180,華新科國泰9A購01,0,0,0,0,0,0,0,0,0,-20000,0,0,0,0,20000,-20000,-20000
058467,日月光中信9A購01,0,0,0,0,0,0,0,0,0,-20000,0,0,0,0,20000,-20000,-20000
058480,新日興凱基9A購01,0,0,0,0,0,0,0,0,0,-20000,0,0,0,8000,28000,-20000,-20000
058376,貿聯凱基9A購01  ,0,0,0,0,0,0,0,0,0,-20000,0,0,0,0,20000,-20000,-20000
058937,仁寶中信99購01  ,0,0,0,0,0,0,0,0,0,-20000,0,0,0,31000,51000,-20000,-20000
054805,台苯元大9A購01  ,0,0,0,0,0,0,0,0,0,-20000,0,0,0,0,20000,-20000,-20000
054806,台化元大9A購01  ,0,0,0,0,0,0,0,0,0,-20000,0,0,0,0,20000,-20000,-20000
054784,順德群益9A購01  ,0,0,0,0,0,0,0,0,0,-20000,0,0,0,0,20000,-20000,-20000
055446,奇力新統一9A購01,0,0,0,0,0,0,0,0,0,-20000,0,0,0,0,20000,-20000,-20000
056459,茂林凱基99購01  ,0,0,0,0,0,0,0,0,0,-20000,0,0,0,0,20000,-20000,-20000
056311,泰鼎元大98購01  ,0,0,0,0,0,0,0,0,0,-20000,0,0,0,0,20000,-20000,-20000
056325,群創兆豐9A購01  ,0,0,0,0,0,0,0,0,0,-20000,0,0,0,0,20000,-20000,-20000
056290,正文永豐98購01  ,0,0,0,0,0,0,0,0,0,-20000,0,0,0,10000,30000,-20000,-20000
055899,群創中信99購01  ,0,0,0,0,0,0,0,0,0,-20000,0,0,0,0,20000,-20000,-20000
059868,台光電凱基99購03,0,0,0,0,0,0,0,0,0,-20000,0,0,0,0,20000,-20000,-20000
059852,康控永豐99購02  ,0,0,0,0,0,0,0,0,0,-20000,0,0,0,32000,52000,-20000,-20000
03307P,臺股指中信05售02,0,0,0,0,0,0,0,0,0,-20000,0,0,0,0,20000,-20000,-20000
03106P,T50反1元大01售06,0,0,0,0,0,0,0,0,0,-20000,0,0,0,20000,40000,-20000,-20000
03088P,大立光元大01售17,0,0,0,0,0,0,0,0,0,-20000,0,0,0,0,20000,-20000,-20000
03056P,台灣50兆豐03售02,0,0,0,0,0,0,0,0,0,-20000,0,0,0,0,20000,-20000,-20000
00663L,國泰臺灣加權正2 ,0,0,0,0,0,0,0,0,0,-20000,0,0,0,2000,22000,-20000,-20000
03364P,金像電元大02售05,0,0,0,0,0,0,0,0,0,-20000,0,0,0,2000,22000,-20000,-20000
03020P,大立光群益01售11,0,0,0,0,0,0,0,0,0,-20000,0,0,0,0,20000,-20000,-20000
057445,華通元富02購01  ,0,0,0,0,0,0,0,0,0,-20000,0,0,0,47000,67000,-20000,-20000
057325,可成群益9A購01  ,0,0,0,0,0,0,0,0,0,-20000,0,0,0,0,20000,-20000,-20000
057398,台郡中信99購01  ,0,0,0,0,0,0,0,0,0,-20000,0,0,0,0,20000,-20000,-20000
057057,立積元大9A購01  ,0,0,0,0,0,0,0,0,0,-20000,0,0,0,0,20000,-20000,-20000
057105,致茂群益9A購01  ,0,0,0,0,0,0,0,0,0,-20000,0,0,0,0,20000,-20000,-20000
064397,旭富永豐9C購01  ,0,0,0,0,0,0,0,0,0,-20000,0,0,0,0,20000,-20000,-20000
062413,台光電中信9B購02,0,0,0,0,0,0,0,0,0,-20000,0,0,0,0,20000,-20000,-20000
062415,聯茂中信9C購01  ,0,0,0,0,0,0,0,0,0,-20000,0,0,0,0,20000,-20000,-20000
063176,南亞科兆豐9B購01,0,0,0,0,0,0,0,0,0,-20000,0,0,0,0,20000,-20000,-20000
061498,大立光國票9A購10,0,0,0,0,0,0,0,0,0,-20000,0,0,0,0,20000,-20000,-20000
062485,華通國泰01購01  ,0,0,0,0,0,0,0,0,0,-20000,0,0,0,0,20000,-20000,-20000
062478,牧德國票9B購03  ,0,0,0,0,0,0,0,0,0,-20000,0,0,0,0,20000,-20000,-20000
064757,義隆凱基01購02  ,0,0,0,0,0,0,0,0,0,-20000,0,0,0,2000,22000,-20000,-20000
064707,群創富邦9C購02  ,0,0,0,0,0,0,0,0,0,-20000,0,0,0,0,20000,-20000,-20000
064722,大立光統一02購03,0,0,0,0,0,0,0,0,0,-20000,0,0,0,0,20000,-20000,-20000
064509,台表科元大9C購08,0,0,0,0,0,0,0,0,0,-20000,0,0,0,0,20000,-20000,-20000
064662,鴻海元大9C購10  ,0,0,0,0,0,0,0,0,0,-20000,0,0,0,109000,129000,-20000,-20000
061457,TPK凱基9A購01   ,0,0,0,0,0,0,0,0,0,-20000,0,0,0,0,20000,-20000,-20000
060899,超眾凱基9A購01  ,0,0,0,0,0,0,0,0,0,-20000,0,0,0,0,20000,-20000,-20000
062291,力成富邦9B購01  ,0,0,0,0,0,0,0,0,0,-20000,0,0,0,0,20000,-20000,-20000
061288,大立光統一9C購01,0,0,0,0,0,0,0,0,0,-20000,0,0,0,0,20000,-20000,-20000
063928,可成統一01購02  ,0,0,0,0,0,0,0,0,0,-20000,0,0,0,0,20000,-20000,-20000
063937,上銀元大9C購02  ,0,0,0,0,0,0,0,0,0,-20000,0,0,0,62000,82000,-20000,-20000
063729,國巨元大9C購08  ,0,0,0,0,0,0,0,0,0,-20000,0,0,0,0,20000,-20000,-20000
063070,奇力新富邦01購01,0,0,0,0,0,0,0,0,0,-20000,0,0,0,0,20000,-20000,-20000
063290,GIS元大9B購02   ,0,0,0,0,0,0,0,0,0,-20000,0,0,0,10000,30000,-20000,-20000
062947,國巨富邦01購01  ,0,0,0,0,0,0,0,0,0,-20000,0,0,0,0,20000,-20000,-20000
061994,瑞儀元大9B購01  ,0,0,0,0,0,0,0,0,0,-20000,0,0,0,0,20000,-20000,-20000
061989,晶技元大9B購04  ,0,0,0,0,0,0,0,0,0,-20000,0,0,0,11000,31000,-20000,-20000
062544,信錦永豐9B購01  ,0,0,0,0,0,0,0,0,0,-20000,0,0,0,0,20000,-20000,-20000
062563,緯穎凱基9B購03  ,0,0,0,0,0,0,0,0,0,-20000,0,0,0,40000,60000,-20000,-20000
062509,SP黃豆國票9B購03,0,0,0,0,0,0,0,0,0,-20000,0,0,0,0,20000,-20000,-20000
064110,國巨國票01購01  ,0,0,0,0,0,0,0,0,0,-20000,0,0,0,302000,322000,-20000,-20000
063995,健鼎群益9C購01  ,0,0,0,0,0,0,0,0,0,-20000,0,0,0,1000,21000,-20000,-20000
063989,大立光永豐9C購01,0,0,0,0,0,0,0,0,0,-20000,0,0,0,0,20000,-20000,-20000
061662,瑞儀永豐9A購02  ,0,0,0,0,0,0,0,0,0,-20000,0,0,0,40000,60000,-20000,-20000
061757,T50反1元大9B購01,0,0,0,0,0,0,0,0,0,-20000,0,0,0,0,20000,-20000,-20000
067237,國揚群益01購02  ,0,0,0,0,0,0,0,0,0,-20000,0,0,0,4000,24000,-20000,-20000
067114,京鼎群益02購04  ,0,0,0,0,0,0,0,0,0,-20000,0,0,0,0,20000,-20000,-20000
067123,京鼎富邦05購01  ,15000,0,15000,0,0,0,0,0,0,-35000,0,0,0,0,35000,-35000,-20000
067354,國揚群益01購03  ,0,0,0,0,0,0,0,0,0,-20000,0,0,0,4000,24000,-20000,-20000
067282,金像電國票02購02,0,0,0,0,0,0,0,0,0,-20000,0,0,0,41000,61000,-20000,-20000
067324,巨大元大01購04  ,0,0,0,0,0,0,0,0,0,-20000,0,0,0,0,20000,-20000,-20000
067466,元金2X元大03購01,0,0,0,0,0,0,0,0,0,-20000,0,0,0,12000,32000,-20000,-20000
067440,A50正2國票02購01,0,0,0,0,0,0,0,0,0,-20000,0,0,0,0,20000,-20000,-20000
06742P,可成富邦99售02  ,0,0,0,0,0,0,0,0,0,-20000,0,0,0,10000,30000,-20000,-20000
066733,大立光元大01購10,0,0,0,0,0,0,0,0,0,-20000,0,0,0,0,20000,-20000,-20000
066859,華擎國票02購01  ,0,0,0,0,0,0,0,0,0,-20000,0,0,0,3000,23000,-20000,-20000
066501,鴻海富邦03購01  ,0,0,0,0,0,0,0,0,0,-20000,0,0,0,0,20000,-20000,-20000
066495,技嘉國泰03購01  ,0,0,0,0,0,0,0,0,0,-20000,0,0,0,0,20000,-20000,-20000
066423,智原元大01購02  ,0,0,0,0,0,0,0,0,0,-20000,0,0,0,16000,36000,-20000,-20000
066295,昇陽半元大01購01,0,0,0,0,0,0,0,0,0,-20000,0,0,0,100000,120000,-20000,-20000
065618,電子類元大9C購01,0,0,0,0,0,0,0,0,0,-20000,0,0,0,0,20000,-20000,-20000
065619,金融類元大9C購02,0,0,0,0,0,0,0,0,0,-20000,0,0,0,0,20000,-20000,-20000
065652,超眾元大01購02  ,0,0,0,0,0,0,0,0,0,-20000,0,0,0,15000,35000,-20000,-20000
065698,旺宏群益9C購08  ,0,0,0,0,0,0,0,0,0,-20000,0,0,0,20000,40000,-20000,-20000
065686,同欣電統一03購01,0,0,0,0,0,0,0,0,0,-20000,0,0,0,0,20000,-20000,-20000
065752,正崴元大9C購01  ,0,0,0,0,0,0,0,0,0,-20000,0,0,0,0,20000,-20000,-20000
065996,T50反1第一01購01,0,0,0,0,0,0,0,0,0,-20000,0,0,0,0,20000,-20000,-20000
064573,復盛群益9C購01  ,0,0,0,0,0,0,0,0,0,-20000,0,0,0,0,20000,-20000,-20000
1603,華電            ,0,18000,-18000,0,0,0,0,0,0,-2000,0,2000,-2000,0,0,0,-20000
1234,黑松            ,0,21000,-21000,0,0,0,0,0,0,1000,1000,0,1000,0,0,0,-20000
08996P,華通群益02售05  ,0,0,0,0,0,0,0,0,0,-20000,0,0,0,0,20000,-20000,-20000
08992P,牧德元大01售02  ,0,0,0,0,0,0,0,0,0,-20000,0,0,0,0,20000,-20000,-20000
08798P,聯發科國票01售03,0,0,0,0,0,0,0,0,0,-20000,0,0,0,100000,120000,-20000,-20000
2466,冠西電          ,0,17000,-17000,0,0,0,0,0,0,-3000,0,3000,-3000,0,0,0,-20000
2476,鉅祥            ,0,19000,-19000,0,0,0,0,0,0,-1000,1000,2000,-1000,0,0,0,-20000
6277,宏正            ,3000,21000,-18000,0,0,0,0,0,0,-2000,0,2000,-2000,0,0,0,-20000
8249,菱光            ,4000,23000,-19000,0,0,0,0,0,0,-1000,0,1000,-1000,0,0,0,-20000
3543,州巧            ,1000,20000,-19000,0,0,0,0,0,0,-1000,0,1000,-1000,0,0,0,-20000
3311,閎暉            ,6000,26000,-20000,0,0,0,0,0,0,0,0,0,0,0,0,0,-20000
2888A,新光金甲特      ,0,0,0,0,0,0,0,0,0,-20000,0,20000,-20000,0,0,0,-20000
08512P,玉晶光永豐9C售06,0,0,0,0,0,0,0,0,0,-21000,0,0,0,250000,271000,-21000,-21000
08304P,大立光中信02售01,0,0,0,0,0,0,0,0,0,-21000,0,0,0,0,21000,-21000,-21000
08170P,緯穎群益9B售03  ,0,0,0,0,0,0,0,0,0,-21000,0,0,0,1000,22000,-21000,-21000
067697,致茂國票02購01  ,0,0,0,0,0,0,0,0,0,-21000,0,0,0,14000,35000,-21000,-21000
067975,茂林群益04購01  ,0,0,0,0,0,0,0,0,0,-21000,0,0,0,0,21000,-21000,-21000
067906,國揚國泰02購01  ,0,0,0,0,0,0,0,0,0,-21000,0,0,0,93000,114000,-21000,-21000
068638,國泰金凱基03購01,0,0,0,0,0,0,0,0,0,-21000,0,0,0,0,21000,-21000,-21000
06834P,訊芯群益99售02  ,0,0,0,0,0,0,0,0,0,-21000,0,0,0,0,21000,-21000,-21000
00851,台新全球AI      ,0,0,0,0,0,0,0,0,0,-21000,0,0,0,0,21000,-21000,-21000
03043P,健策國票03售01  ,0,0,0,0,0,0,0,0,0,-21000,0,0,0,15000,36000,-21000,-21000
03037P,玉晶光國票02售02,0,0,0,0,0,0,0,0,0,-21000,0,0,0,0,21000,-21000,-21000
057458,TPK富邦9A購01   ,0,0,0,0,0,0,0,0,0,-21000,0,0,0,10000,31000,-21000,-21000
03414P,臺股指元大03售06,0,0,0,0,0,0,0,0,0,-21000,0,0,0,0,21000,-21000,-21000
058431,國巨統一9B購01  ,0,0,0,0,0,0,0,0,0,-21000,0,0,0,0,21000,-21000,-21000
060734,華通統一9C購01  ,0,0,0,0,0,0,0,0,0,-21000,0,0,0,0,21000,-21000,-21000
060283,台肥元大9C購01  ,0,0,0,0,0,0,0,0,0,-21000,0,0,0,0,21000,-21000,-21000
061256,亞德客凱基9B購01,0,0,0,0,0,0,0,0,0,-21000,0,0,0,34000,55000,-21000,-21000
061998,緯穎元大9B購03  ,0,0,0,0,0,0,0,0,0,-21000,0,0,0,88000,109000,-21000,-21000
063520,上銀凱基9B購05  ,0,0,0,0,0,0,0,0,0,-21000,0,0,0,2000,23000,-21000,-21000
063384,巨大永豐9B購04  ,0,0,0,0,0,0,0,0,0,-21000,0,0,0,0,21000,-21000,-21000
063073,瑞昱永豐9B購01  ,0,0,0,0,0,0,0,0,0,-21000,0,0,0,4000,25000,-21000,-21000
063742,道瓊指國票9C購01,0,0,0,0,0,0,0,0,0,-21000,0,0,0,0,21000,-21000,-21000
062807,和碩統一9B購01  ,0,0,0,0,0,0,0,0,0,-21000,0,0,0,40000,61000,-21000,-21000
060982,旺宏元大9A購09  ,0,0,0,0,0,0,0,0,0,-21000,0,0,0,50000,71000,-21000,-21000
063180,台塑凱基9B購01  ,0,0,0,0,0,0,0,0,0,-21000,0,0,0,83000,104000,-21000,-21000
066018,南六元富03購02  ,0,0,0,0,0,0,0,0,0,-21000,0,0,0,29000,50000,-21000,-21000
065658,聯發科富邦03購03,0,0,0,0,0,0,0,0,0,-21000,0,0,0,82000,103000,-21000,-21000
066293,惠特元大02購01  ,0,0,0,0,0,0,0,0,0,-21000,0,0,0,11000,32000,-21000,-21000
066444,華擎群益01購03  ,0,0,0,0,0,0,0,0,0,-21000,0,0,0,0,21000,-21000,-21000
066700,瑞昱群益01購01  ,0,0,0,0,0,0,0,0,0,-21000,0,0,0,26000,47000,-21000,-21000
6533,晶心科          ,98000,125000,-27000,0,0,0,0,0,0,6000,8000,2000,6000,0,0,0,-21000
1626,艾美特-KY       ,16000,34000,-18000,0,0,0,0,0,0,-3000,0,3000,-3000,0,0,0,-21000
068474,義隆群益01購05  ,0,0,0,0,0,0,0,0,0,-22000,0,0,0,0,22000,-22000,-22000
068745,上銀群益02購01  ,0,0,0,0,0,0,0,0,0,-22000,0,0,0,8000,30000,-22000,-22000
067959,嘉聯益永豐01購01,0,0,0,0,0,0,0,0,0,-22000,0,0,0,0,22000,-22000,-22000
068165,南電元大01購08  ,0,0,0,0,0,0,0,0,0,-22000,0,0,0,145000,167000,-22000,-22000
08019P,緯穎國票9B售02  ,0,0,0,0,0,0,0,0,0,-22000,0,0,0,0,22000,-22000,-22000
08359P,緯創元大9C售02  ,0,0,0,0,0,0,0,0,0,-22000,0,0,0,0,22000,-22000,-22000
069189,景碩中信03購01  ,0,0,0,0,0,0,0,0,0,-22000,0,0,0,0,22000,-22000,-22000
07190P,臺股指富邦9C售02,0,0,0,0,0,0,0,0,0,-22000,0,0,0,0,22000,-22000,-22000
069078,金像電凱基02購03,0,0,0,0,0,0,0,0,0,-22000,0,0,0,0,22000,-22000,-22000
060611,同欣電凱基9A購02,0,0,0,0,0,0,0,0,0,-22000,0,0,0,0,22000,-22000,-22000
064136,致新元大9C購01  ,0,0,0,0,0,0,0,0,0,-22000,0,0,0,7000,29000,-22000,-22000
057945,京鼎國票99購03  ,0,0,0,0,0,0,0,0,0,-22000,0,0,0,100000,122000,-22000,-22000
06054P,臺股指中信9A售01,0,0,0,0,0,0,0,0,0,-22000,0,0,0,135000,157000,-22000,-22000
059637,大立光凱基01購01,0,0,0,0,0,0,0,0,0,-22000,0,0,0,120000,142000,-22000,-22000
00757,統一FANG+       ,0,0,0,0,0,0,0,0,0,-22000,0,0,0,216000,238000,-22000,-22000
03168P,聯發科元富01售03,0,0,0,0,0,0,0,0,0,-22000,0,0,0,0,22000,-22000,-22000
063196,力成元富9B購01  ,0,0,0,0,0,0,0,0,0,-22000,0,0,0,107000,129000,-22000,-22000
061522,元黃金凱基01購01,0,0,0,0,0,0,0,0,0,-22000,0,0,0,5000,27000,-22000,-22000
061546,大立光群益9A購05,0,0,0,0,0,0,0,0,0,-22000,0,0,0,0,22000,-22000,-22000
064616,智邦元大9C購04  ,0,0,0,0,0,0,0,0,0,-22000,0,0,0,0,22000,-22000,-22000
061388,台積電群益9A購05,0,0,0,0,0,0,0,0,0,-22000,0,0,0,76000,98000,-22000,-22000
062362,致茂元大9B購01  ,0,0,0,0,0,0,0,0,0,-22000,0,0,0,0,22000,-22000,-22000
062783,大立光元大9C購03,0,0,0,0,0,0,0,0,0,-22000,0,0,0,78000,100000,-22000,-22000
062296,南六永豐9B購02  ,0,0,0,0,0,0,0,0,0,-22000,0,0,0,51000,73000,-22000,-22000
061783,友達群益9B購01  ,0,0,0,0,0,0,0,0,0,-22000,0,0,0,0,22000,-22000,-22000
066577,巨大元大01購02  ,0,0,0,0,0,0,0,0,0,-22000,0,0,0,11000,33000,-22000,-22000
067471,台積電元大01購26,0,0,0,0,0,0,0,0,0,-22000,0,0,0,10000,32000,-22000,-22000
066993,世紀鋼群益01購03,0,0,0,0,0,0,0,0,0,-22000,0,0,0,22000,44000,-22000,-22000
065785,奇力新永豐9C購02,0,0,0,0,0,0,0,0,0,-22000,0,0,0,20000,42000,-22000,-22000
065003,燿華國票01購01  ,0,0,0,0,0,0,0,0,0,-22000,0,0,0,0,22000,-22000,-22000
065006,景碩國票01購01  ,0,0,0,0,0,0,0,0,0,-22000,0,0,0,121000,143000,-22000,-22000
065069,臺股指群益9C購17,0,0,0,0,0,0,0,0,0,-22000,0,0,0,6000,28000,-22000,-22000
065195,國巨元富06購01  ,0,0,0,0,0,0,0,0,0,-22000,0,0,0,0,22000,-22000,-22000
1786,科妍            ,20000,42000,-22000,0,0,0,0,0,0,0,1000,1000,0,0,0,0,-22000
2109,華豐            ,14000,37000,-23000,0,0,0,0,0,0,1000,1000,0,1000,0,0,0,-22000
9939,宏全            ,274000,343000,-69000,0,0,0,0,0,0,47000,27000,16000,11000,36000,0,36000,-22000
1909,榮成            ,1778000,1812560,-34560,0,0,0,0,0,0,12000,16000,4000,12000,0,0,0,-22560
07618P,大立光中信9A售06,0,0,0,0,0,0,0,0,0,-23000,0,0,0,0,23000,-23000,-23000
08449P,華新科群益9C售03,0,0,0,0,0,0,0,0,0,-23000,0,0,0,7000,30000,-23000,-23000
068306,建準國票03購01  ,0,0,0,0,0,0,0,0,0,-23000,0,0,0,21000,44000,-23000,-23000
03155P,玉晶光群益01售08,0,0,0,0,0,0,0,0,0,-23000,0,0,0,0,23000,-23000,-23000
00770,國泰北美科技    ,0,35000,-35000,0,0,0,0,0,0,12000,0,0,0,14000,2000,12000,-23000
064273,華邦電元大9C購02,0,0,0,0,0,0,0,0,0,-23000,0,0,0,0,23000,-23000,-23000
060744,鴻海國票9A購04  ,0,0,0,0,0,0,0,0,0,-23000,0,0,0,198000,221000,-23000,-23000
060710,上銀永豐9A購01  ,0,0,0,0,0,0,0,0,0,-23000,0,0,0,25000,48000,-23000,-23000
058422,百和麥證99購01  ,0,0,0,245000,268000,-23000,0,0,0,-23000,0,0,0,245000,268000,-23000,-23000
058446,新光金富邦9C購01,0,0,0,0,0,0,0,0,0,-23000,0,0,0,0,23000,-23000,-23000
063727,鴻海元大9C購05  ,0,0,0,0,0,0,0,0,0,-23000,0,0,0,32000,55000,-23000,-23000
061325,晶技凱基9A購03  ,0,0,0,0,0,0,0,0,0,-23000,0,0,0,0,23000,-23000,-23000
061043,百和永豐9A購01  ,0,0,0,0,0,0,0,0,0,-23000,0,0,0,126000,149000,-23000,-23000
065460,嘉聯益台新9C購01,0,0,0,0,0,0,0,0,0,-23000,0,0,0,0,23000,-23000,-23000
067149,瑞昱統一03購01  ,0,0,0,0,0,0,0,0,0,-23000,0,0,0,159000,182000,-23000,-23000
067340,欣興凱基02購02  ,0,0,0,0,0,0,0,0,0,-23000,0,0,0,61000,84000,-23000,-23000
066806,京鼎凱基02購01  ,0,0,0,0,0,0,0,0,0,-23000,0,0,0,0,23000,-23000,-23000
066398,京鼎凱基01購02  ,0,0,0,0,0,0,0,0,0,-23000,0,0,0,4000,27000,-23000,-23000
2468,華經            ,11000,32000,-21000,0,0,0,0,0,0,-2000,0,2000,-2000,0,0,0,-23000
2616,山隆            ,6000,26000,-20000,0,0,0,0,0,0,-3000,0,3000,-3000,0,0,0,-23000
08872P,臺股指群益01售05,0,0,0,0,0,0,0,0,0,-23000,0,0,0,32000,55000,-23000,-23000
2851,中再保          ,4000,29000,-25000,0,0,0,0,0,0,2000,2000,0,2000,0,0,0,-23000
3530,晶相光          ,80000,103000,-23000,0,0,0,0,0,0,0,0,1000,-1000,1000,0,1000,-23000
5225,東科-KY         ,3000,22000,-19000,0,0,0,0,0,0,-4000,0,4000,-4000,0,0,0,-23000
068330,大立光元大01購19,0,0,0,0,0,0,0,0,0,-24000,0,0,0,4000,28000,-24000,-24000
068257,聯發科國泰03購05,0,0,0,0,0,0,0,0,0,-24000,0,0,0,400000,424000,-24000,-24000
08452P,智邦台新9C售05  ,0,0,0,0,0,0,0,0,0,-24000,0,0,0,10000,34000,-24000,-24000
068854,超眾統一03購03  ,0,0,0,0,0,0,0,0,0,-24000,0,0,0,28000,52000,-24000,-24000
059456,智易永豐99購01  ,0,0,0,0,0,0,0,0,0,-24000,0,0,0,0,24000,-24000,-24000
03013P,華新科永豐01售01,0,0,0,0,0,0,0,0,0,-24000,0,0,0,95000,119000,-24000,-24000
059762,禾伸堂永豐99購02,0,0,0,0,0,0,0,0,0,-24000,0,0,0,0,24000,-24000,-24000
056723,國巨中信9A購01  ,0,0,0,0,0,0,0,0,0,-24000,0,0,0,70000,94000,-24000,-24000
057690,美律凱基99購03  ,0,0,0,0,0,0,0,0,0,-24000,0,0,0,0,24000,-24000,-24000
057536,康控元大99購03  ,0,0,0,0,0,0,0,0,0,-24000,0,0,0,6000,30000,-24000,-24000
062632,嘉晶國票9B購01  ,0,0,0,0,0,0,0,0,0,-24000,0,0,0,5000,29000,-24000,-24000
064586,緯創永豐9C購01  ,0,0,0,0,0,0,0,0,0,-24000,0,0,0,0,24000,-24000,-24000
064400,大成鋼凱基01購01,0,0,0,0,0,0,0,0,0,-24000,0,0,0,0,24000,-24000,-24000
062388,旭富國泰01購01  ,0,0,0,0,0,0,0,0,0,-24000,0,0,0,94000,118000,-24000,-24000
064477,南六國泰02購01  ,0,0,0,0,0,0,0,0,0,-24000,0,0,0,238000,262000,-24000,-24000
063561,上銀元大9B購08  ,0,0,0,0,0,0,0,0,0,-24000,0,0,0,25000,49000,-24000,-24000
063399,智原群益9B購01  ,0,0,0,0,0,0,0,0,0,-24000,0,0,0,0,24000,-24000,-24000
064204,瑞儀兆豐01購01  ,0,0,0,0,0,0,0,0,0,-24000,0,0,0,494000,518000,-24000,-24000
061236,台積電元大9A購24,0,0,0,0,0,0,0,0,0,-24000,0,0,0,5000,29000,-24000,-24000
066895,台勝科兆豐01購01,0,0,0,0,0,0,0,0,0,-24000,0,0,0,0,24000,-24000,-24000
067427,奇力新凱基01購01,0,0,0,0,0,0,0,0,0,-24000,0,0,0,6000,30000,-24000,-24000
065038,上銀凱基9C購02  ,0,0,0,0,0,0,0,0,0,-24000,0,0,0,46000,70000,-24000,-24000
064540,神達麥證01購01  ,0,0,0,37000,61000,-24000,0,0,0,-24000,0,0,0,37000,61000,-24000,-24000
065784,正崴永豐9C購01  ,0,0,0,0,0,0,0,0,0,-24000,0,0,0,0,24000,-24000,-24000
066143,惠特群益01購01  ,0,0,0,0,0,0,0,0,0,-24000,0,0,0,12000,36000,-24000,-24000
4576,大銀微系統      ,4000,26000,-22000,0,0,0,0,0,0,-2000,0,2000,-2000,0,0,0,-24000
8374,羅昇            ,4000,29000,-25000,0,0,0,0,0,0,1000,1000,0,1000,0,0,0,-24000
08787P,滬深2X元富01售06,0,0,0,0,0,0,0,0,0,-24000,0,0,0,0,24000,-24000,-24000
1532,勤美            ,31000,58000,-27000,0,0,0,0,0,0,3000,3000,0,3000,0,0,0,-24000
2511,太子            ,70000,99000,-29000,0,0,0,0,0,0,5000,5000,0,5000,0,0,0,-24000
068823,景碩元大02購02  ,0,0,0,0,0,0,0,0,0,-25000,0,0,0,225000,250000,-25000,-25000
069422,南六統一02購04  ,0,0,0,0,0,0,0,0,0,-25000,0,0,0,0,25000,-25000,-25000
08694P,大立光群益01售05,0,0,0,0,0,0,0,0,0,-25000,0,0,0,0,25000,-25000,-25000
08057P,京鼎群益9B售01  ,0,0,0,0,0,0,0,0,0,-25000,0,0,0,77000,102000,-25000,-25000
07923P,元金2X凱基02售02,0,0,0,0,0,0,0,0,0,-25000,0,0,0,0,25000,-25000,-25000
08207P,金像電群益9B售05,0,0,0,0,0,0,0,0,0,-25000,0,0,0,42000,67000,-25000,-25000
068721,致茂元大02購01  ,0,0,0,0,0,0,0,0,0,-25000,0,0,0,49000,74000,-25000,-25000
068063,大立光兆豐01購02,0,0,0,0,0,0,0,0,0,-25000,0,0,0,5000,30000,-25000,-25000
067896,玉晶光群益02購10,0,0,0,0,0,0,0,0,0,-25000,0,0,0,8000,33000,-25000,-25000
067565,聯發科日盛01購01,0,0,0,0,0,0,0,0,0,-25000,0,0,0,13000,38000,-25000,-25000
059825,嘉晶凱基99購02  ,0,0,0,0,0,0,0,0,0,-25000,0,0,0,13000,38000,-25000,-25000
059042,世紀鋼群益99購02,0,0,0,0,0,0,0,0,0,-25000,0,0,0,54000,79000,-25000,-25000
062953,大立光永豐9B購01,0,0,0,0,0,0,0,0,0,-25000,0,0,0,0,25000,-25000,-25000
058788,喬山元大99購01  ,0,0,0,0,0,0,0,0,0,-25000,0,0,0,0,25000,-25000,-25000
060432,達方永豐9A購01  ,0,0,0,0,0,0,0,0,0,-25000,0,0,0,102000,127000,-25000,-25000
058688,矽創凱基9A購01  ,0,0,0,0,0,0,0,0,0,-25000,0,0,0,0,25000,-25000,-25000
064244,GIS統一02購01   ,0,0,0,0,0,0,0,0,0,-25000,0,0,0,573000,598000,-25000,-25000
062032,崇越群益9B購01  ,0,0,0,0,0,0,0,0,0,-25000,0,0,0,0,25000,-25000,-25000
061828,T50反1凱基02購01,0,0,0,0,0,0,0,0,0,-25000,0,0,0,0,25000,-25000,-25000
061902,百和永豐9B購01  ,0,0,0,0,0,0,0,0,0,-25000,0,0,0,46000,71000,-25000,-25000
061853,晶技國票9B購02  ,0,0,0,0,0,0,0,0,0,-25000,0,0,0,66000,91000,-25000,-25000
063401,中租群益9B購03  ,0,0,0,0,0,0,0,0,0,-25000,0,0,0,0,25000,-25000,-25000
063325,SP黃豆國票9C購02,0,0,0,0,0,0,0,0,0,-25000,0,0,0,0,25000,-25000,-25000
062148,奇鋐國票9B購01  ,0,0,0,0,0,0,0,0,0,-25000,0,0,0,38000,63000,-25000,-25000
063690,健鼎永豐9B購01  ,0,0,0,0,0,0,0,0,0,-25000,0,0,0,43000,68000,-25000,-25000
064825,英業達統一9C購01,0,0,0,0,0,0,0,0,0,-25000,0,0,0,118000,143000,-25000,-25000
064797,道瓊反元大01購01,0,0,0,0,0,0,0,0,0,-25000,0,0,0,3000,28000,-25000,-25000
062760,漢唐凱基9B購01  ,0,0,0,0,0,0,0,0,0,-25000,0,0,0,80000,105000,-25000,-25000
061042,致新永豐9A購02  ,0,0,0,0,0,0,0,0,0,-25000,0,0,0,19000,44000,-25000,-25000
061036,晶技永豐9A購03  ,0,0,0,0,0,0,0,0,0,-25000,0,0,0,0,25000,-25000,-25000
060944,國泰金國票9A購01,0,0,0,0,0,0,0,0,0,-25000,0,0,0,14000,39000,-25000,-25000
063801,GIS凱基01購01   ,0,0,0,0,0,0,0,0,0,-25000,0,0,0,35000,60000,-25000,-25000
066191,惠特凱基01購02  ,0,0,0,0,0,0,0,0,0,-25000,0,0,0,0,25000,-25000,-25000
066033,南六群益02購01  ,0,0,0,0,0,0,0,0,0,-25000,0,0,0,10000,35000,-25000,-25000
066037,華通元大01購03  ,0,0,0,0,0,0,0,0,0,-25000,0,0,0,52000,77000,-25000,-25000
065806,貿聯群益9C購05  ,0,0,0,0,0,0,0,0,0,-25000,0,0,0,0,25000,-25000,-25000
065140,國巨凱基01購02  ,0,0,0,0,0,0,0,0,0,-25000,0,0,0,2000,27000,-25000,-25000
065213,南六國票01購03  ,0,0,0,0,0,0,0,0,0,-25000,0,0,0,80000,105000,-25000,-25000
067337,欣興凱基01購01  ,0,0,0,0,0,0,0,0,0,-25000,0,0,0,18000,43000,-25000,-25000
2444,兆勁            ,0,25000,-25000,0,0,0,0,0,0,0,0,0,0,0,0,0,-25000
08884P,義隆國票02售01  ,0,0,0,0,0,0,0,0,0,-25000,0,0,0,86000,111000,-25000,-25000
8114,振樺電          ,4000,29000,-25000,0,0,0,0,0,0,0,0,0,0,0,0,0,-25000
5215,科嘉-KY         ,17000,14000,3000,0,0,0,0,0,0,-28000,0,28000,-28000,0,0,0,-25000
4164,承業醫          ,81000,89000,-8000,0,0,0,0,0,0,-17000,4000,21000,-17000,0,0,0,-25000
08148P,長榮航群益9B售03,0,0,0,0,0,0,0,0,0,-26000,0,0,0,0,26000,-26000,-26000
07800P,華新科國泰9B售04,0,0,0,0,0,0,0,0,0,-26000,0,0,0,30000,56000,-26000,-26000
069383,晶技元大02購03  ,0,0,0,0,0,0,0,0,0,-26000,0,0,0,8000,34000,-26000,-26000
068945,力山凱基02購02  ,0,0,0,0,0,0,0,0,0,-26000,0,0,0,74000,100000,-26000,-26000
060431,復盛永豐9A購01  ,0,0,0,0,0,0,0,0,0,-26000,0,0,0,0,26000,-26000,-26000
060215,柏文康和9A購01  ,0,0,0,0,0,0,0,0,0,-26000,0,0,0,0,26000,-26000,-26000
058625,旺宏國票9A購01  ,0,0,0,0,0,0,0,0,0,-26000,0,0,0,0,26000,-26000,-26000
060559,世紀鋼凱基9C購01,0,0,0,0,0,0,0,0,0,-26000,0,0,0,24000,50000,-26000,-26000
059572,華新科凱基99購08,0,0,0,0,0,0,0,0,0,-26000,0,0,0,10000,36000,-26000,-26000
060065,大立光兆豐9B購01,0,0,0,0,0,0,0,0,0,-26000,0,0,0,0,26000,-26000,-26000
060105,牧德元大9B購01  ,0,0,0,0,0,0,0,0,0,-26000,0,0,0,32000,58000,-26000,-26000
062329,奇力新統一9C購03,0,0,0,0,0,0,0,0,0,-26000,0,0,0,24000,50000,-26000,-26000
064840,彩晶統一02購01  ,0,0,0,0,0,0,0,0,0,-26000,0,0,0,556000,582000,-26000,-26000
063914,和碩凱基9C購01  ,0,0,0,0,0,0,0,0,0,-26000,0,0,0,6000,32000,-26000,-26000
067358,華擎群益01購05  ,0,0,0,0,0,0,0,0,0,-26000,0,0,0,0,26000,-26000,-26000
066852,矽格元大01購03  ,0,0,0,0,0,0,0,0,0,-26000,0,0,0,4000,30000,-26000,-26000
066543,大成鋼元大01購02,0,0,0,0,0,0,0,0,0,-26000,0,0,0,29000,55000,-26000,-26000
066057,華擎元大02購01  ,0,0,0,0,0,0,0,0,0,-26000,0,0,0,1000,27000,-26000,-26000
4994,傳奇            ,3000,28000,-25000,0,0,0,0,0,0,-1000,0,1000,-1000,0,0,0,-26000
3055,蔚華科          ,4000,49000,-45000,0,0,0,0,0,0,19000,20000,1000,19000,0,0,0,-26000
1592,英瑞-KY         ,41000,67000,-26000,0,0,0,0,0,0,0,0,0,0,0,0,0,-26000
2459,敦吉            ,11000,35000,-24000,0,0,0,0,0,0,-2000,0,2000,-2000,0,0,0,-26000
1730,花仙子          ,3000,29000,-26000,0,0,0,0,0,0,0,0,0,0,0,0,0,-26000
069353,華新科國泰03購01,0,0,0,0,0,0,0,0,0,-27000,0,0,0,38000,65000,-27000,-27000
068592,台積電統一01購13,0,0,0,0,0,0,0,0,0,-27000,0,0,0,58000,85000,-27000,-27000
03255P,台積電國泰03售10,0,0,0,0,0,0,0,0,0,-27000,0,0,0,409000,436000,-27000,-27000
063045,國巨兆豐9C購02  ,0,0,0,0,0,0,0,0,0,-27000,0,0,0,6000,33000,-27000,-27000
062156,美律凱基9B購01  ,0,0,0,0,0,0,0,0,0,-27000,0,0,0,4000,31000,-27000,-27000
063600,燿華凱基9B購04  ,0,0,0,0,0,0,0,0,0,-27000,0,0,0,0,27000,-27000,-27000
064001,華通凱基02購01  ,0,0,0,0,0,0,0,0,0,-27000,0,0,0,22000,49000,-27000,-27000
064460,健策統一9C購03  ,0,0,0,0,0,0,0,0,0,-27000,0,0,0,55000,82000,-27000,-27000
064724,健鼎統一02購02  ,0,0,0,0,0,0,0,0,0,-27000,0,0,0,134000,161000,-27000,-27000
062425,可成統一01購01  ,0,0,0,0,0,0,0,0,0,-27000,0,0,0,0,27000,-27000,-27000
062281,奇鋐群益9B購01  ,0,0,0,0,0,0,0,0,0,-27000,0,0,0,0,27000,-27000,-27000
061001,智邦兆豐9B購01  ,0,0,0,0,0,0,0,0,0,-27000,0,0,0,0,27000,-27000,-27000
065819,京鼎元富03購01  ,0,0,0,0,0,0,0,0,0,-27000,0,0,0,133000,160000,-27000,-27000
065906,瑞昱永豐9C購01  ,0,0,0,0,0,0,0,0,0,-27000,0,0,0,28000,55000,-27000,-27000
065600,友達元大9C購11  ,0,0,0,0,0,0,0,0,0,-27000,0,0,0,0,27000,-27000,-27000
065410,國巨永豐9C購01  ,0,0,0,0,0,0,0,0,0,-27000,0,0,0,5000,32000,-27000,-27000
065560,同欣電麥證9C購02,0,0,0,38000,65000,-27000,0,0,0,-27000,0,0,0,38000,65000,-27000,-27000
065111,瀚宇博國票01購01,0,0,0,0,0,0,0,0,0,-27000,0,0,0,129000,156000,-27000,-27000
064518,華新科群益02購01,0,0,0,0,0,0,0,0,0,-27000,0,0,0,13000,40000,-27000,-27000
066799,台光電凱基01購02,0,0,0,0,0,0,0,0,0,-27000,0,0,0,3000,30000,-27000,-27000
066598,致新群益02購01  ,0,0,0,0,0,0,0,0,0,-27000,0,0,0,33000,60000,-27000,-27000
066689,技嘉台新01購01  ,0,0,0,0,0,0,0,0,0,-27000,0,0,0,0,27000,-27000,-27000
067544,超眾群益03購01  ,0,0,0,0,0,0,0,0,0,-27000,0,0,0,0,27000,-27000,-27000
1708,東鹼            ,46000,73000,-27000,0,0,0,0,0,0,0,0,0,0,0,0,0,-27000
2239,英利-KY         ,14000,31000,-17000,0,0,0,0,10000,-10000,0,0,0,0,0,0,0,-27000
2431,聯昌            ,60000,85000,-25000,0,0,0,0,0,0,-2000,0,2000,-2000,0,0,0,-27000
08786P,滬深2X元富01售05,0,0,0,0,0,0,0,0,0,-27000,0,0,0,0,27000,-27000,-27000
4763,材料-KY         ,4000,38000,-34000,0,0,0,0,0,0,7000,7000,0,7000,0,0,0,-27000
6152,百一            ,1000,28000,-27000,0,0,0,0,0,0,0,0,0,0,0,0,0,-27000
068606,聯發科凱基01購26,0,0,0,0,0,0,0,0,0,-28000,0,0,0,6000,34000,-28000,-28000
068658,義隆元大02購01  ,0,0,0,0,0,0,0,0,0,-28000,0,0,0,162000,190000,-28000,-28000
08367P,臺股指凱基9C售11,0,0,0,0,0,0,0,0,0,-28000,0,0,0,0,28000,-28000,-28000
060333,金寶康和9A購01  ,0,0,0,0,0,0,0,0,0,-28000,0,0,0,11000,39000,-28000,-28000
059950,百和永豐99購02  ,0,0,0,0,0,0,0,0,0,-28000,0,0,0,47000,75000,-28000,-28000
058387,國巨國票9A購03  ,0,0,0,0,0,0,0,0,0,-28000,0,0,0,1000,29000,-28000,-28000
03230P,道瓊銀元大02售02,0,0,0,0,0,0,0,0,0,-28000,0,0,0,103000,131000,-28000,-28000
056518,美律國票99購01  ,0,0,0,0,0,0,0,0,0,-28000,0,0,0,0,28000,-28000,-28000
064070,祥碩永豐9C購01  ,0,0,0,0,0,0,0,0,0,-28000,0,0,0,5000,33000,-28000,-28000
061930,臺股指凱基9B購05,0,0,0,0,0,0,0,0,0,-28000,0,0,0,13000,41000,-28000,-28000
061922,瑞昱凱基9B購01  ,0,0,0,0,0,0,0,0,0,-28000,0,0,0,10000,38000,-28000,-28000
062060,奇鋐統一9C購01  ,0,0,0,0,0,0,0,0,0,-28000,0,0,0,78000,106000,-28000,-28000
063904,大立光麥證01購01,0,0,0,33000,61000,-28000,0,0,0,-28000,0,0,0,33000,61000,-28000,-28000
063872,嘉聯益永豐9C購01,0,0,0,0,0,0,0,0,0,-28000,0,0,0,2000,30000,-28000,-28000
063490,儒鴻富邦9C購01  ,0,0,0,0,0,0,0,0,0,-28000,0,0,0,16000,44000,-28000,-28000
067216,健策元大01購09  ,0,0,0,0,0,0,0,0,0,-28000,0,0,0,43000,71000,-28000,-28000
066767,敦泰永豐01購02  ,0,0,0,0,0,0,0,0,0,-28000,0,0,0,52000,80000,-28000,-28000
064950,美律凱基02購01  ,0,0,0,0,0,0,0,0,0,-28000,0,0,0,0,28000,-28000,-28000
6541,泰福-KY         ,22000,50000,-28000,0,0,0,0,0,0,0,0,0,0,0,0,0,-28000
6552,易華電          ,148000,188000,-40000,0,0,0,0,0,0,12000,19000,0,19000,0,7000,-7000,-28000
4560,強信-KY         ,108000,136000,-28000,0,0,0,0,0,0,0,0,0,0,0,0,0,-28000
3060,銘異            ,140000,166000,-26000,0,0,0,0,0,0,-2000,0,2000,-2000,0,0,0,-28000
08932P,矽格元富01售01  ,0,0,0,0,0,0,0,0,0,-28000,0,0,0,136000,164000,-28000,-28000
08703P,華碩凱基01售02  ,0,0,0,0,0,0,0,0,0,-29000,0,0,0,0,29000,-29000,-29000
08157P,大立光元富9B售06,0,0,0,0,0,0,0,0,0,-29000,0,0,0,102000,131000,-29000,-29000
068214,嘉基凱基02購01  ,0,0,0,0,0,0,0,0,0,-29000,0,0,0,31000,60000,-29000,-29000
068485,台達電元大01購05,0,0,0,0,0,0,0,0,0,-29000,0,0,0,40000,69000,-29000,-29000
067604,晶技凱基01購02  ,0,0,0,0,0,0,0,0,0,-29000,0,0,0,42000,71000,-29000,-29000
067950,元金2X永豐01購02,0,0,0,0,0,0,0,0,0,-29000,0,0,0,6000,35000,-29000,-29000
03025P,國巨元大01售12  ,0,0,0,0,0,0,0,0,0,-29000,0,0,0,0,29000,-29000,-29000
057103,禾伸堂中信9A購01,0,0,0,0,0,0,0,0,0,-29000,0,0,0,143000,172000,-29000,-29000
057147,新日興國票99購01,0,0,0,0,0,0,0,0,0,-29000,0,0,0,0,29000,-29000,-29000
059009,世紀鋼元大99購04,0,0,0,0,0,0,0,0,0,-29000,0,0,0,10000,39000,-29000,-29000
059295,大立光元富99購05,0,0,0,0,0,0,0,0,0,-29000,0,0,0,167000,196000,-29000,-29000
061387,鴻海群益9A購05  ,0,0,0,0,0,0,0,0,0,-29000,0,0,0,10000,39000,-29000,-29000
065395,致茂群益01購01  ,0,0,0,0,0,0,0,0,0,-29000,0,0,0,49000,78000,-29000,-29000
065255,上銀元大01購01  ,0,0,0,0,0,0,0,0,0,-29000,0,0,0,121000,150000,-29000,-29000
065586,嘉聯益富邦03購01,0,0,0,0,0,0,0,0,0,-29000,0,0,0,30000,59000,-29000,-29000
065691,國巨群益9C購16  ,0,0,0,0,0,0,0,0,0,-29000,0,0,0,69000,98000,-29000,-29000
065759,TPK元大9C購05   ,0,0,0,0,0,0,0,0,0,-29000,0,0,0,0,29000,-29000,-29000
066234,群光富邦04購01  ,0,0,0,0,0,0,0,0,0,-29000,0,0,0,708000,737000,-29000,-29000
066748,同欣電元大01購03,0,0,0,0,0,0,0,0,0,-29000,0,0,0,11000,40000,-29000,-29000
066584,滬深2X群益03購01,0,0,0,0,0,0,0,0,0,-29000,0,0,0,47000,76000,-29000,-29000
067142,美利達永豐01購02,0,0,0,0,0,0,0,0,0,-29000,0,0,0,74000,103000,-29000,-29000
067514,申豐統一02購05  ,0,0,0,0,0,0,0,0,0,-29000,0,0,0,20000,49000,-29000,-29000
1451,年興            ,15000,43000,-28000,0,0,0,0,0,0,-1000,0,1000,-1000,0,0,0,-29000
1231,聯華食          ,1000,29000,-28000,0,0,0,0,0,0,-1000,0,1000,-1000,0,0,0,-29000
2514,龍邦            ,27000,63000,-36000,0,0,0,0,0,0,7000,7000,0,7000,0,0,0,-29000
067909,玉晶光國泰03購02,0,0,0,0,0,0,0,0,0,-30000,0,0,0,0,30000,-30000,-30000
068168,臺股指元大01購18,0,0,0,0,0,0,0,0,0,-30000,0,0,0,1000,31000,-30000,-30000
068146,台積電元大01購36,0,0,0,0,0,0,0,0,0,-30000,0,0,0,4000,34000,-30000,-30000
067575,道瓊反群益01購04,0,0,0,0,0,0,0,0,0,-30000,0,0,0,20000,50000,-30000,-30000
067577,FBVIX群益01購02 ,0,0,0,0,0,0,0,0,0,-30000,0,0,0,0,30000,-30000,-30000
067755,大立光國泰03購03,0,0,0,0,0,0,0,0,0,-30000,0,0,0,102000,132000,-30000,-30000
067821,力成凱基01購02  ,0,0,0,0,0,0,0,0,0,-30000,0,0,0,0,30000,-30000,-30000
06850P,聯茂元大98售06  ,0,0,0,0,0,0,0,0,0,-30000,0,0,0,0,30000,-30000,-30000
068447,A50正2國票03購01,0,0,0,0,0,0,0,0,0,-30000,0,0,0,0,30000,-30000,-30000
068227,聯發科元富07購07,0,0,0,0,0,0,0,0,0,-30000,0,0,0,152000,182000,-30000,-30000
068542,SP黃豆國票01購01,0,0,0,0,0,0,0,0,0,-30000,0,0,0,0,30000,-30000,-30000
07829P,旺宏凱基9A售07  ,0,0,0,0,0,0,0,0,0,-30000,0,0,0,5000,35000,-30000,-30000
08015P,可成凱基9B售05  ,0,0,0,0,0,0,0,0,0,-30000,0,0,0,0,30000,-30000,-30000
07977P,華新科群益01售01,0,0,0,0,0,0,0,0,0,-30000,0,0,0,0,30000,-30000,-30000
08739P,台郡凱基01售03  ,0,0,0,0,0,0,0,0,0,-30000,0,0,0,30000,60000,-30000,-30000
08423P,台積電統一9C售13,0,0,0,0,0,0,0,0,0,-30000,0,0,0,0,30000,-30000,-30000
08434P,臺股指凱基03售02,0,0,0,0,0,0,0,0,0,-30000,0,0,0,40000,70000,-30000,-30000
08413P,臻鼎凱基9C售03  ,0,0,0,0,0,0,0,0,0,-30000,0,0,0,0,30000,-30000,-30000
069171,彩晶元大04購01  ,0,0,0,0,0,0,0,0,0,-30000,0,0,0,7000,37000,-30000,-30000
069123,南六群益02購03  ,0,0,0,0,0,0,0,0,0,-30000,0,0,0,13000,43000,-30000,-30000
064255,泰碩國泰02購01  ,0,0,0,0,0,0,0,0,0,-30000,0,0,0,10000,40000,-30000,-30000
058985,可成凱基99購03  ,0,0,0,0,0,0,0,0,0,-30000,0,0,0,30000,60000,-30000,-30000
058188,華擎永豐99購01  ,0,0,0,0,0,0,0,0,0,-30000,0,0,0,0,30000,-30000,-30000
059934,華通永豐99購02  ,0,0,0,0,0,0,0,0,0,-30000,0,0,0,0,30000,-30000,-30000
052855,群創日盛99購01  ,0,0,0,0,0,0,0,0,0,-30000,0,0,0,0,30000,-30000,-30000
03153P,聯發科群益03售01,0,0,0,0,0,0,0,0,0,-30000,0,0,0,0,30000,-30000,-30000
03079P,台灣50元大01售31,0,0,0,0,0,0,0,0,0,-30000,0,0,0,90000,120000,-30000,-30000
00710B,FH彭博高收益債  ,0,0,0,0,0,0,0,0,0,-30000,0,0,0,119000,149000,-30000,-30000
057547,技嘉凱基99購01  ,0,0,0,0,0,0,0,0,0,-30000,0,0,0,0,30000,-30000,-30000
057548,微星凱基99購01  ,0,0,0,0,0,0,0,0,0,-30000,0,0,0,10000,40000,-30000,-30000
057554,新日興凱基99購02,0,0,0,0,0,0,0,0,0,-30000,0,0,0,10000,40000,-30000,-30000
056404,嘉聯益群益9A購01,0,0,0,0,0,0,0,0,0,-30000,0,0,0,0,30000,-30000,-30000
061143,道瓊指中信9C購04,0,0,0,0,0,0,0,0,0,-30000,0,0,0,0,30000,-30000,-30000
062356,國巨元大9B購10  ,0,0,0,0,0,0,0,0,0,-30000,0,0,0,0,30000,-30000,-30000
060812,智邦凱基9A購01  ,0,0,0,0,0,0,0,0,0,-30000,0,0,0,15000,45000,-30000,-30000
060961,台光電凱基9A購03,0,0,0,0,0,0,0,0,0,-30000,0,0,0,0,30000,-30000,-30000
062311,奇力新凱基9B購01,0,0,0,0,0,0,0,0,0,-30000,0,0,0,0,30000,-30000,-30000
062316,康控凱基9B購03  ,0,0,0,0,0,0,0,0,0,-30000,0,0,0,0,30000,-30000,-30000
062666,和碩群益9B購01  ,0,0,0,0,0,0,0,0,0,-30000,0,0,0,9000,39000,-30000,-30000
061541,旺宏群益9A購03  ,0,0,0,0,0,0,0,0,0,-30000,0,0,0,0,30000,-30000,-30000
064769,漢翔中信9C購01  ,0,0,0,0,0,0,0,0,0,-30000,0,0,0,0,30000,-30000,-30000
063330,神達國票9C購01  ,0,0,0,0,0,0,0,0,0,-30000,0,0,0,2000,32000,-30000,-30000
063385,可成中信9C購01  ,0,0,0,0,0,0,0,0,0,-30000,0,0,0,0,30000,-30000,-30000
063546,國巨兆豐9C購03  ,0,0,0,0,0,0,0,0,0,-30000,0,0,0,0,30000,-30000,-30000
062154,國巨凱基9C購02  ,0,0,0,0,0,0,0,0,0,-30000,0,0,0,0,30000,-30000,-30000
062099,牧德永豐9B購01  ,0,0,0,0,0,0,0,0,0,-30000,0,0,0,0,30000,-30000,-30000
061915,T50反1凱基02購02,0,0,0,0,0,0,0,0,0,-30000,0,0,0,200000,230000,-30000,-30000
061268,玉晶光凱基9B購04,0,0,0,0,0,0,0,0,0,-30000,0,0,0,55000,85000,-30000,-30000
064020,華通元大01購01  ,0,0,0,0,0,0,0,0,0,-30000,0,0,0,47000,77000,-30000,-30000
064035,GIS元大9C購03   ,0,0,0,0,0,0,0,0,0,-30000,0,0,0,10000,40000,-30000,-30000
064091,台郡凱基01購01  ,0,0,0,0,0,0,0,0,0,-30000,0,0,0,30000,60000,-30000,-30000
066802,亞光凱基02購01  ,0,0,0,0,0,0,0,0,0,-30000,0,0,0,0,30000,-30000,-30000
066490,創意元富07購01  ,0,0,0,0,0,0,0,0,0,-30000,0,0,0,0,30000,-30000,-30000
066395,可成凱基01購03  ,0,0,0,0,0,0,0,0,0,-30000,0,0,0,10000,40000,-30000,-30000
06613P,華新科富邦9A售03,0,0,0,0,0,0,0,0,0,-30000,0,0,0,0,30000,-30000,-30000
066076,台勝科凱基01購02,0,0,0,0,0,0,0,0,0,-30000,0,0,0,0,30000,-30000,-30000
066093,世紀鋼永豐01購01,0,0,0,0,0,0,0,0,0,-30000,0,0,0,0,30000,-30000,-30000
065265,景碩元大9C購02  ,0,0,0,0,0,0,0,0,0,-30000,0,0,0,10000,40000,-30000,-30000
065429,微星凱基02購02  ,0,0,0,0,0,0,0,0,0,-30000,0,0,0,7000,37000,-30000,-30000
065565,神隆群益01購01  ,0,0,0,0,0,0,0,0,0,-30000,0,0,0,0,30000,-30000,-30000
065505,健鼎永豐9C購01  ,0,0,0,0,0,0,0,0,0,-30000,0,0,0,0,30000,-30000,-30000
064943,聚陽凱基9C購01  ,0,0,0,0,0,0,0,0,0,-30000,0,0,0,1000,31000,-30000,-30000
1702,南僑            ,6000,25000,-19000,0,0,0,0,0,0,-11000,2000,0,2000,0,13000,-13000,-30000
08921P,台灣50國泰03售01,0,0,0,0,0,0,0,0,0,-30000,0,0,0,0,30000,-30000,-30000
9946,三發地產        ,7000,37000,-30000,0,0,0,0,0,0,0,0,0,0,0,0,0,-30000
07593P,臺股指凱基9A售08,0,0,0,0,0,0,0,0,0,-31000,0,0,0,9000,40000,-31000,-31000
067678,大立光元大02購02,0,0,0,0,0,0,0,0,0,-31000,0,0,0,37000,68000,-31000,-31000
06810P,國巨統一99售03  ,0,0,0,0,0,0,0,0,0,-31000,0,0,0,29000,60000,-31000,-31000
058671,旺宏群益9A購01  ,0,0,0,0,0,0,0,0,0,-31000,0,0,0,0,31000,-31000,-31000
060419,漢翔永豐9A購01  ,0,0,0,0,0,0,0,0,0,-31000,0,0,0,0,31000,-31000,-31000
064065,大立光富邦02購02,0,0,0,0,0,0,0,0,0,-31000,0,0,0,0,31000,-31000,-31000
062512,美食國票9B購01  ,0,0,0,0,0,0,0,0,0,-31000,0,0,0,0,31000,-31000,-31000
063500,嘉晶永豐9B購02  ,0,0,0,0,0,0,0,0,0,-31000,0,0,0,3000,34000,-31000,-31000
064850,智原元富9C購01  ,0,0,0,0,0,0,0,0,0,-31000,0,0,0,5000,36000,-31000,-31000
064415,群創麥證9C購01  ,0,0,0,0,31000,-31000,0,0,0,-31000,0,0,0,0,31000,-31000,-31000
061091,奇力新統一9C購02,0,0,0,0,0,0,0,0,0,-31000,0,0,0,59000,90000,-31000,-31000
065044,大立光凱基9C購06,0,0,0,0,0,0,0,0,0,-31000,0,0,0,0,31000,-31000,-31000
065424,華新凱基02購01  ,0,0,0,0,0,0,0,0,0,-31000,0,0,0,55000,86000,-31000,-31000
065669,義隆凱基01購03  ,0,0,0,0,0,0,0,0,0,-31000,0,0,0,15000,46000,-31000,-31000
6558,興能高          ,54000,83000,-29000,0,0,0,0,0,0,-2000,0,2000,-2000,0,0,0,-31000
6209,今國光          ,345000,374000,-29000,0,0,0,0,0,0,-2000,0,2000,-2000,0,0,0,-31000
2881A,富邦特          ,0,0,0,0,0,0,0,34000,-34000,3000,3000,0,3000,0,0,0,-31000
3346,麗清            ,9000,38000,-29000,0,0,0,0,0,0,-2000,0,2000,-2000,0,0,0,-31000
08910P,宏達電凱基01售02,0,0,0,0,0,0,0,0,0,-31000,0,0,0,0,31000,-31000,-31000
1442,名軒            ,10000,41000,-31000,0,0,0,0,0,0,0,0,0,0,0,0,0,-31000
1783,和康生          ,45000,75000,-30000,0,0,0,0,0,0,-1000,0,1000,-1000,0,0,0,-31000
1906,寶隆            ,2000,33000,-31000,0,0,0,0,0,0,0,0,0,0,0,0,0,-31000
068162,GIS元大02購01   ,0,0,0,0,0,0,0,0,0,-32000,0,0,0,94000,126000,-32000,-32000
068007,玉晶光元大03購04,0,0,0,0,0,0,0,0,0,-32000,0,0,0,0,32000,-32000,-32000
064266,聯茂永豐9C購01  ,0,0,0,0,0,0,0,0,0,-32000,0,0,0,168000,200000,-32000,-32000
064129,新日興元大9C購02,0,0,0,0,0,0,0,0,0,-32000,0,0,0,151000,183000,-32000,-32000
03145P,聯發科國票03售01,0,0,0,0,0,0,0,0,0,-32000,0,0,0,0,32000,-32000,-32000
061391,晶技群益9A購02  ,0,0,0,0,0,0,0,0,0,-32000,0,0,0,195000,227000,-32000,-32000
061446,鴻海中信04購01  ,0,0,0,0,0,0,0,0,0,-32000,0,0,0,0,32000,-32000,-32000
062755,茂林麥證9B購01  ,0,0,0,53000,85000,-32000,0,0,0,-32000,0,0,0,53000,85000,-32000,-32000
064427,喬山凱基01購01  ,0,0,0,0,0,0,0,0,0,-32000,0,0,0,0,32000,-32000,-32000
061501,嘉澤國票9A購01  ,0,0,0,0,0,0,0,0,0,-32000,0,0,0,5000,37000,-32000,-32000
063322,台郡群益9B購02  ,0,0,0,0,0,0,0,0,0,-32000,0,0,0,66000,98000,-32000,-32000
063607,中租凱基9B購02  ,0,0,0,0,0,0,0,0,0,-32000,0,0,0,0,32000,-32000,-32000
063694,貿聯永豐9B購01  ,0,0,0,0,0,0,0,0,0,-32000,0,0,0,0,32000,-32000,-32000
062524,鴻海統一9C購09  ,0,0,0,0,0,0,0,0,0,-32000,0,0,0,68000,100000,-32000,-32000
064117,中興電元大9C購01,0,0,0,0,0,0,0,0,0,-32000,0,0,0,42000,74000,-32000,-32000
065027,玉晶光中信03購01,0,0,0,0,0,0,0,0,0,-32000,0,0,0,10000,42000,-32000,-32000
065139,華通凱基03購01  ,0,0,0,0,0,0,0,0,0,-32000,0,0,0,118000,150000,-32000,-32000
2923,鼎固-KY         ,16000,48000,-32000,0,0,0,0,0,0,0,0,0,0,0,0,0,-32000
2903,遠百            ,64000,80000,-16000,0,0,0,0,0,0,-16000,0,16000,-16000,0,0,0,-32000
2706,第一店          ,3000,35000,-32000,0,0,0,0,0,0,0,0,0,0,0,0,0,-32000
6573,虹揚-KY         ,3000,35000,-32000,0,0,0,0,0,0,0,0,0,0,0,0,0,-32000
6672,騰輝電子-KY     ,12000,44000,-32000,0,0,0,0,0,0,0,0,0,0,0,0,0,-32000
067650,技嘉元富07購03  ,0,0,0,0,0,0,0,0,0,-33000,0,0,0,4000,37000,-33000,-33000
067580,亞德客群益01購03,0,0,0,0,0,0,0,0,0,-33000,0,0,0,53000,86000,-33000,-33000
067718,鴻海凱基01購09  ,0,0,0,0,0,0,0,0,0,-33000,0,0,0,83000,116000,-33000,-33000
068301,華通國票03購02  ,0,0,0,0,0,0,0,0,0,-33000,0,0,0,198000,231000,-33000,-33000
068448,光寶科國票03購01,0,0,0,0,0,0,0,0,0,-33000,0,0,0,5000,38000,-33000,-33000
068862,義隆元富04購01  ,0,0,0,0,0,0,0,0,0,-33000,0,0,0,100000,133000,-33000,-33000
08555P,超眾國票01售01  ,0,0,0,0,0,0,0,0,0,-33000,0,0,0,0,33000,-33000,-33000
059194,元金2X永豐99購01,0,0,0,0,0,0,0,0,0,-33000,0,0,0,0,33000,-33000,-33000
058673,華新科群益9A購02,0,0,0,0,0,0,0,0,0,-33000,0,0,0,9000,42000,-33000,-33000
060682,牧德元大9A購03  ,0,0,0,0,0,0,0,0,0,-33000,0,0,0,0,33000,-33000,-33000
058026,上銀富邦9A購01  ,0,0,0,0,0,0,0,0,0,-33000,0,0,0,265000,298000,-33000,-33000
061764,旺宏元大9B購01  ,0,0,0,0,0,0,0,0,0,-33000,0,0,0,0,33000,-33000,-33000
063373,晶技永豐9B購02  ,0,0,0,0,0,0,0,0,0,-33000,0,0,0,60000,93000,-33000,-33000
064869,景碩永豐9C購01  ,0,0,0,0,0,0,0,0,0,-33000,0,0,0,152000,185000,-33000,-33000
061318,智邦凱基9B購01  ,0,0,0,0,0,0,0,0,0,-33000,0,0,0,7000,40000,-33000,-33000
061454,國巨凱基9A購16  ,0,0,0,0,0,0,0,0,0,-33000,0,0,0,2000,35000,-33000,-33000
065394,英業達群益9C購01,0,0,0,0,0,0,0,0,0,-33000,0,0,0,1000,34000,-33000,-33000
066146,昇陽半群益01購02,0,0,0,0,0,0,0,0,0,-33000,0,0,0,0,33000,-33000,-33000
066506,宏達電富邦03購01,0,0,0,0,0,0,0,0,0,-33000,0,0,0,20000,53000,-33000,-33000
066790,健策麥證01購01  ,0,0,0,10000,33000,-23000,0,0,0,-33000,0,0,0,10000,43000,-33000,-33000
066741,華擎元大01購03  ,0,0,0,0,0,0,0,0,0,-33000,0,0,0,0,33000,-33000,-33000
066708,嘉澤群益02購01  ,0,0,0,0,0,0,0,0,0,-33000,0,0,0,100000,133000,-33000,-33000
067078,京鼎元大01購04  ,0,0,0,0,0,0,0,0,0,-33000,0,0,0,0,33000,-33000,-33000
6715,嘉基            ,147000,164000,-17000,0,0,0,0,0,0,-16000,0,1000,-1000,8000,23000,-15000,-33000
3617,碩天            ,1000,34000,-33000,0,0,0,0,0,0,0,0,0,0,0,0,0,-33000
1617,榮星            ,0,33000,-33000,0,0,0,0,0,0,0,0,0,0,0,0,0,-33000
08316P,祥碩元大9C售04  ,0,0,0,0,0,0,0,0,0,-34000,0,0,0,825000,859000,-34000,-34000
068471,聯發科群益01購11,0,0,0,0,0,0,0,0,0,-34000,0,0,0,0,34000,-34000,-34000
068354,燿華凱基01購03  ,0,0,0,0,0,0,0,0,0,-34000,0,0,0,10000,44000,-34000,-34000
068198,奇力新凱基02購02,0,0,0,0,0,0,0,0,0,-34000,0,0,0,1000,35000,-34000,-34000
067674,可成元大01購08  ,0,0,0,0,0,0,0,0,0,-34000,0,0,0,54000,88000,-34000,-34000
064668,大立光元大9C購21,0,0,0,0,0,0,0,0,0,-34000,0,0,0,1000,35000,-34000,-34000
064426,群創兆豐9C購01  ,0,0,0,0,0,0,0,0,0,-34000,0,0,0,0,34000,-34000,-34000
063404,金像電國票9B購01,50000,50000,0,0,0,0,0,0,0,-34000,0,0,0,165000,199000,-34000,-34000
063268,GIS中信9B購01   ,0,0,0,0,0,0,0,0,0,-34000,0,0,0,13000,47000,-34000,-34000
063674,力山國泰01購02  ,0,0,0,0,0,0,0,0,0,-34000,0,0,0,86000,120000,-34000,-34000
067145,南港統一03購02  ,0,0,0,0,0,0,0,0,0,-34000,0,0,0,0,34000,-34000,-34000
064560,技嘉群益01購01  ,0,0,0,0,0,0,0,0,0,-34000,0,0,0,7000,41000,-34000,-34000
064562,友達群益9C購03  ,0,0,0,0,0,0,0,0,0,-34000,0,0,0,60000,94000,-34000,-34000
1905,華紙            ,60000,116000,-56000,0,0,0,0,0,0,22000,25000,0,25000,0,3000,-3000,-34000
2506,太設            ,10000,44000,-34000,0,0,0,0,0,0,0,0,0,0,0,0,0,-34000
08977P,臺股指群益01售11,0,0,0,0,0,0,0,0,0,-34000,0,0,0,26000,60000,-34000,-34000
08842P,京鼎凱基01售03  ,0,0,0,0,0,0,0,0,0,-34000,0,0,0,161000,195000,-34000,-34000
08571P,台積電兆豐9C售06,0,0,0,0,0,0,0,0,0,-35000,0,0,0,0,35000,-35000,-35000
08541P,景碩國票01售02  ,0,0,0,0,0,0,0,0,0,-35000,0,0,0,0,35000,-35000,-35000
08457P,大毅元大9C售03  ,0,0,0,0,0,0,0,0,0,-35000,0,0,0,30000,65000,-35000,-35000
069150,南電永豐02購01  ,0,0,0,0,0,0,0,0,0,-35000,0,0,0,12000,47000,-35000,-35000
059030,奇力新兆豐99購03,0,0,0,0,0,0,0,0,0,-35000,0,0,0,0,35000,-35000,-35000
057914,日月光日盛9A購01,0,0,0,0,0,0,0,0,0,-35000,0,0,0,0,35000,-35000,-35000
064156,大立光統一01購06,0,0,0,0,0,0,0,0,0,-35000,0,0,0,0,35000,-35000,-35000
059253,康控凱基9B購02  ,0,0,0,0,0,0,0,0,0,-35000,0,0,0,10000,45000,-35000,-35000
00730,富邦臺灣優質高息,0,0,0,0,0,0,0,0,0,-35000,0,0,0,152000,187000,-35000,-35000
03050X,元展47          ,0,0,0,0,0,0,0,0,0,-35000,0,0,0,0,35000,-35000,-35000
063736,大立光元大9B購08,0,0,0,0,0,0,0,0,0,-35000,0,0,0,8000,43000,-35000,-35000
063873,南六永豐9C購01  ,0,0,0,0,0,0,0,0,0,-35000,0,0,0,0,35000,-35000,-35000
063550,可成國票9C購01  ,0,0,0,0,0,0,0,0,0,-35000,0,0,0,17000,52000,-35000,-35000
063409,GIS國票9C購02   ,0,0,0,0,0,0,0,0,0,-35000,0,0,0,0,35000,-35000,-35000
062216,國巨統一9B購11  ,0,0,0,0,0,0,0,0,0,-35000,0,0,0,5000,40000,-35000,-35000
062037,華新凱基9B購01  ,0,0,0,0,0,0,0,0,0,-35000,0,0,0,17000,52000,-35000,-35000
064407,貿聯凱基02購02  ,0,0,0,0,0,0,0,0,0,-35000,0,0,0,5000,40000,-35000,-35000
064879,健策兆豐01購01  ,0,0,0,0,0,0,0,0,0,-35000,0,0,0,3000,38000,-35000,-35000
061389,華新科群益9B購01,0,0,0,0,0,0,0,0,0,-35000,0,0,0,6000,41000,-35000,-35000
060965,中租凱基9B購01  ,0,0,0,0,0,0,0,0,0,-35000,0,0,0,10000,45000,-35000,-35000
065456,義隆元富9C購03  ,0,0,0,0,0,0,0,0,0,-35000,0,0,0,55000,90000,-35000,-35000
065482,立積元大01購02  ,0,0,0,0,0,0,0,0,0,-35000,0,0,0,57000,92000,-35000,-35000
065378,嘉澤元大01購01  ,0,0,0,0,0,0,0,0,0,-35000,0,0,0,0,35000,-35000,-35000
066108,惠特國票02購02  ,0,0,0,0,0,0,0,0,0,-35000,0,0,0,10000,45000,-35000,-35000
065952,聯發科統一03購02,0,0,0,0,0,0,0,0,0,-35000,0,0,0,0,35000,-35000,-35000
065680,聯發科統一9C購16,0,0,0,0,0,0,0,0,0,-35000,0,0,0,0,35000,-35000,-35000
065743,宏達電麥證9C購02,0,0,0,69000,105000,-36000,0,0,0,-35000,0,0,0,71000,106000,-35000,-35000
067050,京鼎凱基03購01  ,0,0,0,0,0,0,0,0,0,-35000,0,0,0,6000,41000,-35000,-35000
066815,華擎兆豐03購01  ,0,0,0,0,0,0,0,0,0,-35000,0,0,0,0,35000,-35000,-35000
08834P,聯發科統一01售11,0,0,0,0,0,0,0,0,0,-35000,0,0,0,0,35000,-35000,-35000
2545,皇翔            ,7000,42000,-35000,0,0,0,0,0,0,0,0,0,0,0,0,0,-35000
08351P,南六國票01售02  ,0,0,0,0,0,0,0,0,0,-36000,0,0,0,0,36000,-36000,-36000
07794P,智邦國票9A售03  ,0,0,0,0,0,0,0,0,0,-36000,0,0,0,65000,101000,-36000,-36000
067733,力山元大01購01  ,0,0,0,0,0,0,0,0,0,-36000,0,0,0,303000,339000,-36000,-36000
052542,友達元富98購01  ,0,0,0,0,0,0,0,0,0,-36000,0,0,0,0,36000,-36000,-36000
064267,南六永豐9C購03  ,0,0,0,0,0,0,0,0,0,-36000,0,0,0,54000,90000,-36000,-36000
060264,華新科國票9A購02,0,0,0,0,0,0,0,0,0,-36000,0,0,0,6000,42000,-36000,-36000
058670,鴻海群益9A購03  ,0,0,0,0,0,0,0,0,0,-36000,0,0,0,220000,256000,-36000,-36000
059952,旺宏康和99購01  ,0,0,0,0,0,0,0,0,0,-36000,0,0,0,0,36000,-36000,-36000
061044,世紀鋼永豐9A購02,0,0,0,0,0,0,0,0,0,-36000,0,0,0,68000,104000,-36000,-36000
061669,崇越中信9A購01  ,0,0,0,0,0,0,0,0,0,-36000,0,0,0,44000,80000,-36000,-36000
063519,聚陽凱基9B購02  ,0,0,0,0,0,0,0,0,0,-36000,0,0,0,0,36000,-36000,-36000
062906,全新元大9B購03  ,0,0,0,0,0,0,0,0,0,-36000,0,0,0,30000,66000,-36000,-36000
066430,台郡元大01購01  ,0,0,0,0,0,0,0,0,0,-36000,0,0,0,29000,65000,-36000,-36000
066348,松翰永豐01購01  ,0,0,0,0,0,0,0,0,0,-36000,0,0,0,137000,173000,-36000,-36000
067283,南亞科國票02購01,0,0,0,0,0,0,0,0,0,-36000,0,0,0,6000,42000,-36000,-36000
066118,台郡兆豐01購01  ,0,0,0,0,0,0,0,0,0,-36000,0,0,0,40000,76000,-36000,-36000
065349,玉晶光統一9C購05,0,0,0,0,0,0,0,0,0,-36000,0,0,0,53000,89000,-36000,-36000
08792P,聯發科中信02售02,0,0,0,0,0,0,0,0,0,-36000,0,0,0,49000,85000,-36000,-36000
6230,超眾            ,138000,152000,-14000,0,0,0,0,0,0,-22000,0,0,0,3000,25000,-22000,-36000
6283,淳安            ,19000,55000,-36000,0,0,0,0,0,0,0,0,0,0,0,0,0,-36000
067652,義隆元富01購01  ,0,0,0,0,0,0,0,0,0,-37000,0,0,0,102000,139000,-37000,-37000
067648,國巨元富07購09  ,0,0,0,0,0,0,0,0,0,-37000,0,0,0,0,37000,-37000,-37000
068313,松翰國票03購01  ,0,0,0,0,0,0,0,0,0,-37000,0,0,0,0,37000,-37000,-37000
068633,聯電凱基03購05  ,0,0,0,0,0,0,0,0,0,-37000,0,0,0,277000,314000,-37000,-37000
068628,台表科群益02購01,0,0,0,0,0,0,0,0,0,-37000,0,0,0,12000,49000,-37000,-37000
08297P,寶成元大9C售01  ,0,0,0,0,0,0,0,0,0,-37000,0,0,0,6000,43000,-37000,-37000
08395P,燿華永豐9C售02  ,0,0,0,0,0,0,0,0,0,-37000,0,0,0,0,37000,-37000,-37000
064265,嘉聯益永豐9C購02,0,0,0,0,0,0,0,0,0,-37000,0,0,0,1000,38000,-37000,-37000
057396,健鼎中信99購01  ,0,0,0,0,0,0,0,0,0,-37000,0,0,0,3000,40000,-37000,-37000
03050P,台積電統一01售12,0,0,0,0,0,0,0,0,0,-37000,0,0,0,0,37000,-37000,-37000
03694C,臺股指元大04牛08,0,0,0,0,0,0,0,0,0,-37000,0,0,0,10000,47000,-37000,-37000
056673,中石化元富9B購01,0,0,0,0,0,0,0,0,0,-37000,0,0,0,748000,785000,-37000,-37000
064214,群創凱基03購01  ,0,0,0,0,0,0,0,0,0,-37000,0,0,0,0,37000,-37000,-37000
061067,貿聯凱基9A購03  ,0,0,0,0,0,0,0,0,0,-37000,0,0,0,0,37000,-37000,-37000
064841,彩晶統一02購02  ,0,0,0,0,0,0,0,0,0,-37000,0,0,0,3000,40000,-37000,-37000
062406,臻鼎永豐9B購01  ,0,0,0,0,0,0,0,0,0,-37000,0,0,0,50000,87000,-37000,-37000
063187,全新凱基9B購02  ,0,0,0,0,0,0,0,0,0,-37000,0,0,0,2000,39000,-37000,-37000
065325,亞光凱基9C購01  ,0,0,0,0,0,0,0,0,0,-37000,0,0,0,1000,38000,-37000,-37000
064559,旺宏群益01購02  ,0,0,0,0,0,0,0,0,0,-37000,0,0,0,0,37000,-37000,-37000
067206,台積電元大01購23,0,0,0,0,0,0,0,0,0,-37000,0,0,0,10000,47000,-37000,-37000
066596,健策群益02購01  ,0,0,0,0,0,0,0,0,0,-37000,0,0,0,73000,110000,-37000,-37000
3679,新至陞          ,147000,183000,-36000,0,0,0,0,0,0,-1000,0,1000,-1000,0,0,0,-37000
3028,增你強          ,3000,35000,-32000,0,0,0,0,0,0,-5000,0,5000,-5000,0,0,0,-37000
1614,三洋電          ,2000,39000,-37000,0,0,0,0,0,0,0,0,0,0,0,0,0,-37000
2059,川湖            ,61000,87000,-26000,0,0,0,0,13000,-13000,2000,0,0,0,2000,0,2000,-37000
08215P,旺宏群益9B售04  ,0,0,0,0,0,0,0,0,0,-38000,0,0,0,22000,60000,-38000,-38000
069214,南電元大02購07  ,0,0,0,0,0,0,0,0,0,-38000,0,0,0,86000,124000,-38000,-38000
068612,崇越凱基01購01  ,0,0,0,0,0,0,0,0,0,-38000,0,0,0,60000,98000,-38000,-38000
068152,美律元大01購03  ,0,0,0,0,0,0,0,0,0,-38000,0,0,0,40000,78000,-38000,-38000
055966,茂林元大99購01  ,0,0,0,0,0,0,0,0,0,-38000,0,0,0,0,38000,-38000,-38000
03150P,台積電群益03售01,0,0,0,0,0,0,0,0,0,-38000,0,0,0,599000,637000,-38000,-38000
03334P,宏達電元大02售04,0,0,0,0,0,0,0,0,0,-38000,0,0,0,5000,43000,-38000,-38000
03356P,南電凱基02售05  ,0,0,0,0,0,0,0,0,0,-38000,0,0,0,32000,70000,-38000,-38000
060406,瑞祺國泰9B購01  ,0,0,0,0,0,0,0,0,0,-38000,0,0,0,0,38000,-38000,-38000
060653,全新群益9A購02  ,0,0,0,0,0,0,0,0,0,-38000,0,0,0,0,38000,-38000,-38000
064414,臺股指凱基9C購10,0,0,0,0,0,0,0,0,0,-38000,0,0,0,95000,133000,-38000,-38000
064645,義隆凱基03購01  ,0,0,0,0,0,0,0,0,0,-38000,0,0,0,27000,65000,-38000,-38000
061475,漢唐元大9A購01  ,0,0,0,0,0,0,0,0,0,-38000,0,0,0,22000,60000,-38000,-38000
062738,可成國票9B購02  ,0,0,0,0,0,0,0,0,0,-38000,0,0,0,0,38000,-38000,-38000
062845,微星富邦01購01  ,0,0,0,0,0,0,0,0,0,-38000,0,0,0,0,38000,-38000,-38000
061852,大立光國票9B購02,0,0,0,0,0,0,0,0,0,-38000,0,0,0,0,38000,-38000,-38000
063888,TPK中信01購01   ,0,0,0,0,0,0,0,0,0,-38000,0,0,0,127000,165000,-38000,-38000
065085,聯發科元大01購02,0,0,0,0,0,0,0,0,0,-38000,0,0,0,3000,41000,-38000,-38000
065220,義隆富邦01購02  ,0,0,0,0,0,0,0,0,0,-38000,0,0,0,36000,74000,-38000,-38000
065464,健鼎中信9C購01  ,0,0,0,0,0,0,0,0,0,-38000,0,0,0,10000,48000,-38000,-38000
065938,文曄群益01購01  ,0,0,0,0,0,0,0,0,0,-38000,0,0,0,12000,50000,-38000,-38000
2328,廣宇            ,104000,193000,-89000,0,0,0,0,0,0,51000,85000,34000,51000,0,0,0,-38000
2425,承啟            ,11000,48000,-37000,0,0,0,0,0,0,-1000,0,1000,-1000,0,0,0,-38000
1402,遠東新          ,1751448,1738065,13383,0,0,0,26000,0,26000,-78000,0,56000,-56000,1000,23000,-22000,-38617
067765,百和永豐01購01  ,0,0,0,0,0,0,0,0,0,-39000,0,0,0,15000,54000,-39000,-39000
067785,晶技群益01購03  ,0,0,0,0,0,0,0,0,0,-39000,0,0,0,15000,54000,-39000,-39000
060295,貿聯元大9A購03  ,0,0,0,0,0,0,0,0,0,-39000,0,0,0,0,39000,-39000,-39000
060017,全新康和99購01  ,0,0,0,0,0,0,0,0,0,-39000,0,0,0,11000,50000,-39000,-39000
063246,嘉晶元大9C購01  ,0,0,0,0,0,0,0,0,0,-39000,0,0,0,120000,159000,-39000,-39000
062260,華新科元大9B購09,0,0,0,0,0,0,0,0,0,-39000,0,0,0,1000,40000,-39000,-39000
061245,晶技群益9A購01  ,0,0,0,0,0,0,0,0,0,-39000,0,0,0,13000,52000,-39000,-39000
062702,可成元大9C購01  ,0,0,0,0,0,0,0,0,0,-39000,0,0,0,37000,76000,-39000,-39000
064865,美律永豐9C購02  ,0,0,0,0,0,0,0,0,0,-39000,0,0,0,20000,59000,-39000,-39000
061544,大毅群益9B購02  ,0,0,0,0,0,0,0,0,0,-39000,0,0,0,0,39000,-39000,-39000
06602P,國巨統一99售02  ,0,0,0,0,0,0,0,0,0,-39000,0,0,0,31000,70000,-39000,-39000
08976P,臺股指群益01售10,0,0,0,0,0,0,0,0,0,-39000,0,0,0,1000,40000,-39000,-39000
2427,三商電          ,0,24000,-24000,0,0,0,0,0,0,-15000,0,15000,-15000,0,0,0,-39000
3057,喬鼎            ,10000,49000,-39000,0,0,0,0,0,0,0,0,0,0,0,0,0,-39000
2816,旺旺保          ,8000,48000,-40000,0,0,0,0,0,0,1000,1000,0,1000,0,0,0,-39000
067778,A50群益01購01   ,0,0,0,0,0,0,0,0,0,-40000,0,0,0,0,40000,-40000,-40000
067743,緯創元大01購02  ,0,0,0,0,0,0,0,0,0,-40000,0,0,0,0,40000,-40000,-40000
067808,聯發科凱基01購16,0,0,0,0,0,0,0,0,0,-40000,0,0,0,0,40000,-40000,-40000
068188,T50反1凱基04購02,0,0,0,0,0,0,0,0,0,-40000,0,0,0,0,40000,-40000,-40000
068101,奇力新永豐01購01,0,0,0,0,0,0,0,0,0,-40000,0,0,0,10000,50000,-40000,-40000
067888,奇力新群益01購02,0,0,0,0,0,0,0,0,0,-40000,0,0,0,0,40000,-40000,-40000
067936,泰碩凱基01購02  ,0,0,0,0,0,0,0,0,0,-40000,0,0,0,10000,50000,-40000,-40000
068604,聯發科凱基01購23,0,0,0,0,0,0,0,0,0,-40000,0,0,0,0,40000,-40000,-40000
068356,奇力新凱基01購03,0,0,0,0,0,0,0,0,0,-40000,0,0,0,0,40000,-40000,-40000
07658P,國泰金凱基9A售01,0,0,0,0,0,0,0,0,0,-40000,0,0,0,0,40000,-40000,-40000
07342P,大立光凱基99售14,0,0,0,0,0,0,0,0,0,-40000,0,0,0,0,40000,-40000,-40000
06895P,台灣50統一9A售01,0,0,0,0,0,0,0,0,0,-40000,0,0,0,0,40000,-40000,-40000
08746P,鴻海元富07售06  ,0,0,0,0,0,0,0,0,0,-40000,0,0,0,0,40000,-40000,-40000
08708P,華通台新01售01  ,0,0,0,0,0,0,0,0,0,-40000,0,0,0,0,40000,-40000,-40000
08658P,聯發科統一9C售19,0,0,0,0,0,0,0,0,0,-40000,0,0,0,60000,100000,-40000,-40000
058707,泰鼎元大99購02  ,0,0,0,0,0,0,0,0,0,-40000,0,0,0,0,40000,-40000,-40000
057997,旺宏第一9C購01  ,0,0,0,0,0,0,0,0,0,-40000,0,0,0,0,40000,-40000,-40000
058267,奇鋐永豐99購01  ,0,0,0,0,0,0,0,0,0,-40000,0,0,0,45000,85000,-40000,-40000
058969,亞德客永豐99購01,0,0,0,0,0,0,0,0,0,-40000,0,0,0,0,40000,-40000,-40000
058511,華新科元大9B購01,0,0,0,0,0,0,0,0,0,-40000,0,0,0,10000,50000,-40000,-40000
059195,國巨永豐99購04  ,0,0,0,0,0,0,0,0,0,-40000,0,0,0,81000,121000,-40000,-40000
064334,可成元大01購01  ,0,0,0,0,0,0,0,0,0,-40000,0,0,0,130000,170000,-40000,-40000
062967,上銀元富9B購01  ,0,0,0,0,0,0,0,0,0,-40000,0,0,0,307000,347000,-40000,-40000
03336P,光寶科國票04售01,0,0,0,0,0,0,0,0,0,-40000,0,0,0,0,40000,-40000,-40000
057447,智邦元富02購01  ,0,0,0,0,0,0,0,0,0,-40000,0,0,0,0,40000,-40000,-40000
053799,矽創中信9A購01  ,0,0,0,0,0,0,0,0,0,-40000,0,0,0,0,40000,-40000,-40000
057538,緯穎元大98購07  ,0,0,0,0,0,0,0,0,0,-40000,0,0,0,0,40000,-40000,-40000
03402P,大立光凱基02售07,0,0,0,0,0,0,0,0,0,-40000,0,0,0,0,40000,-40000,-40000
060055,宏達電凱基99購06,0,0,0,0,0,0,0,0,0,-40000,0,0,0,0,40000,-40000,-40000
060124,奇力新永豐99購03,0,0,0,0,0,0,0,0,0,-40000,0,0,0,107000,147000,-40000,-40000
059797,大立光國票99購01,0,0,0,0,0,0,0,0,0,-40000,0,0,0,0,40000,-40000,-40000
064790,金像電國票01購01,0,0,0,0,0,0,0,0,0,-40000,0,0,0,0,40000,-40000,-40000
061308,元金2X中信9A購01,0,0,0,0,0,0,0,0,0,-40000,0,0,0,2000,42000,-40000,-40000
062642,帆宣國票9B購01  ,0,0,0,0,0,0,0,0,0,-40000,0,0,0,0,40000,-40000,-40000
062829,泰碩群益9B購01  ,0,0,0,0,0,0,0,0,0,-40000,0,0,0,0,40000,-40000,-40000
062343,中石化群益9B購01,0,0,0,0,0,0,0,0,0,-40000,0,0,0,321000,361000,-40000,-40000
060980,台積電元大9A購21,0,0,0,0,0,0,0,0,0,-40000,0,0,0,0,40000,-40000,-40000
061191,可成永豐9A購02  ,0,0,0,0,0,0,0,0,0,-40000,0,0,0,0,40000,-40000,-40000
062203,燿華國票9C購01  ,0,0,0,0,0,0,0,0,0,-40000,0,0,0,5000,45000,-40000,-40000
061678,玉晶光元大9B購04,0,0,0,0,0,0,0,0,0,-40000,0,0,0,0,40000,-40000,-40000
062916,智易元大9B購01  ,0,0,0,0,0,0,0,0,0,-40000,0,0,0,385000,425000,-40000,-40000
063075,祥碩永豐9B購04  ,0,0,0,0,0,0,0,0,0,-40000,0,0,0,0,40000,-40000,-40000
065762,台表科元大9C購13,0,0,0,0,0,0,0,0,0,-40000,0,0,0,148000,188000,-40000,-40000
065730,新日興凱基9C購01,0,0,0,0,0,0,0,0,0,-40000,0,0,0,8000,48000,-40000,-40000
065555,旭富凱基01購02  ,0,0,0,0,0,0,0,0,0,-40000,0,0,0,0,40000,-40000,-40000
065116,臺股指國票9C購13,0,0,0,0,0,0,0,0,0,-40000,0,0,0,0,40000,-40000,-40000
064957,台表科凱基02購02,0,0,0,0,0,0,0,0,0,-40000,0,0,0,0,40000,-40000,-40000
066831,亞光群益01購01  ,0,0,0,0,0,0,0,0,0,-40000,0,0,0,0,40000,-40000,-40000
066784,滬深反中信03購01,0,0,0,0,0,0,0,0,0,-40000,0,0,0,0,40000,-40000,-40000
066777,群創富邦01購01  ,0,0,0,0,0,0,0,0,0,-40000,0,0,0,0,40000,-40000,-40000
066291,惠特元大01購01  ,0,0,0,0,0,0,0,0,0,-40000,0,0,0,57000,97000,-40000,-40000
066327,強茂永豐01購01  ,0,0,0,0,0,0,0,0,0,-40000,0,0,0,0,40000,-40000,-40000
066969,可成元富07購01  ,0,0,0,0,0,0,0,0,0,-40000,0,0,0,208000,248000,-40000,-40000
067360,日月光群益01購01,0,0,0,0,0,0,0,0,0,-40000,0,0,0,15000,55000,-40000,-40000
1582,信錦            ,58000,83000,-25000,0,0,0,0,0,0,-15000,0,1000,-1000,0,14000,-14000,-40000
08760P,瑞昱元大01售02  ,0,0,0,0,0,0,0,0,0,-41000,0,0,0,140000,181000,-41000,-41000
068863,元大金元富03購01,0,0,0,0,0,0,0,0,0,-41000,0,0,0,135000,176000,-41000,-41000
068885,健鼎統一02購06  ,0,0,0,0,0,0,0,0,0,-41000,0,0,0,104000,145000,-41000,-41000
069355,台塑永豐02購01  ,0,0,0,0,0,0,0,0,0,-41000,0,0,0,0,41000,-41000,-41000
069278,晶技永豐02購02  ,0,0,0,0,0,0,0,0,0,-41000,0,0,0,0,41000,-41000,-41000
057666,奇力新元大9A購01,0,0,0,0,0,0,0,0,0,-41000,0,0,0,20000,61000,-41000,-41000
03408P,南電國泰02售02  ,0,0,0,0,0,0,0,0,0,-41000,0,0,0,0,41000,-41000,-41000
056361,美律元大99購02  ,0,0,0,0,0,0,0,0,0,-41000,0,0,0,0,41000,-41000,-41000
064328,華通元大9C購04  ,0,0,0,0,0,0,0,0,0,-41000,0,0,0,11000,52000,-41000,-41000
058714,美律統一9B購01  ,0,0,0,0,0,0,0,0,0,-41000,0,0,0,90000,131000,-41000,-41000
062924,世紀鋼元大9C購04,0,0,0,0,0,0,0,0,0,-41000,0,0,0,9000,50000,-41000,-41000
063248,創意元大9C購01  ,0,0,0,0,0,0,0,0,0,-41000,0,0,0,0,41000,-41000,-41000
061689,國巨群益9A購12  ,0,0,0,0,0,0,0,0,0,-41000,0,0,0,24000,65000,-41000,-41000
062700,台光電元大9B購05,0,0,0,0,0,0,0,0,0,-41000,0,0,0,15000,56000,-41000,-41000
061559,南亞科國票9A購02,0,0,0,0,0,0,0,0,0,-41000,0,0,0,0,41000,-41000,-41000
066622,南帝凱基01購01  ,0,0,0,0,0,0,0,0,0,-41000,0,0,0,195000,236000,-41000,-41000
065086,可成元大01購04  ,0,0,0,0,0,0,0,0,0,-41000,0,0,0,16000,57000,-41000,-41000
065198,玉晶光元富06購01,0,0,0,0,0,0,0,0,0,-41000,0,0,0,30000,71000,-41000,-41000
065725,技嘉凱基9C購03  ,0,0,0,0,0,0,0,0,0,-41000,0,0,0,1000,42000,-41000,-41000
066046,聯發科元大01購09,0,0,0,0,0,0,0,0,0,-41000,0,0,0,0,41000,-41000,-41000
065982,T50反1國泰02購01,0,0,0,0,0,0,0,0,0,-41000,0,0,0,0,41000,-41000,-41000
1507,永大            ,149000,191000,-42000,0,0,0,0,0,0,1000,1000,0,1000,0,0,0,-41000
08833P,緯穎群益01售03  ,0,0,0,0,0,0,0,0,0,-41000,0,0,0,10000,51000,-41000,-41000
2887E,台新戊特        ,0,0,0,0,0,0,0,41000,-41000,0,0,0,0,0,0,0,-41000
4976,佳凌            ,45000,86000,-41000,0,0,0,0,0,0,0,0,0,0,0,0,0,-41000
4952,凌通            ,8000,48000,-40000,0,0,0,0,0,0,-1000,0,1000,-1000,0,0,0,-41000
07457P,宏達電元大9A售01,0,0,0,0,0,0,0,0,0,-42000,0,0,0,0,42000,-42000,-42000
08668P,燿華群益01售01  ,0,0,0,0,0,0,0,0,0,-42000,0,0,0,0,42000,-42000,-42000
068271,大毅永豐01購03  ,0,0,0,0,0,0,0,0,0,-42000,0,0,0,0,42000,-42000,-42000
068180,華新科群益02購03,0,0,0,0,0,0,0,0,0,-42000,0,0,0,115000,157000,-42000,-42000
060721,瑞儀永豐9A購01  ,0,0,0,0,0,0,0,0,0,-42000,0,0,0,0,42000,-42000,-42000
00690,兆豐藍籌30      ,0,1000,-1000,0,0,0,0,0,0,-41000,0,0,0,343000,384000,-41000,-42000
03224P,鴻海凱基03售06  ,0,0,0,0,0,0,0,0,0,-42000,0,0,0,0,42000,-42000,-42000
064439,大立光凱基03購02,0,0,0,0,0,0,0,0,0,-42000,0,0,0,8000,50000,-42000,-42000
062346,智邦群益9B購02  ,0,0,0,0,0,0,0,0,0,-42000,0,0,0,2000,44000,-42000,-42000
062302,聯詠中信05購02  ,0,0,0,0,0,0,0,0,0,-42000,0,0,0,4000,46000,-42000,-42000
063442,金像電統一01購01,0,0,0,0,0,0,0,0,0,-42000,0,0,0,245000,287000,-42000,-42000
063918,復盛凱基9C購01  ,0,0,0,0,0,0,0,0,0,-42000,0,0,0,0,42000,-42000,-42000
063728,國巨元大9B購21  ,0,0,0,0,0,0,0,0,0,-42000,0,0,0,0,42000,-42000,-42000
065660,晶豪科永豐9C購01,0,0,0,0,0,0,0,0,0,-42000,0,0,0,8000,50000,-42000,-42000
065196,技嘉元富06購01  ,0,0,0,0,0,0,0,0,0,-42000,0,0,0,3000,45000,-42000,-42000
065393,旺宏群益9C購04  ,0,0,0,0,0,0,0,0,0,-42000,0,0,0,0,42000,-42000,-42000
064949,南亞科凱基9C購01,0,0,0,0,0,0,0,0,0,-42000,0,0,0,0,42000,-42000,-42000
066491,麗豐元富01購01  ,0,0,0,0,0,0,0,0,0,-42000,0,0,0,32000,74000,-42000,-42000
067262,嘉基國票02購01  ,0,0,0,0,0,0,0,0,0,-42000,0,0,0,0,42000,-42000,-42000
066956,華擎元大01購04  ,0,0,0,0,0,0,0,0,0,-42000,0,0,0,15000,57000,-42000,-42000
3494,誠研            ,0,42000,-42000,0,0,0,0,0,0,0,0,0,0,0,0,0,-42000
3454,晶睿            ,1000,43000,-42000,0,0,0,0,0,0,0,0,0,0,0,0,0,-42000
3305,昇貿            ,4000,45000,-41000,0,0,0,0,0,0,-1000,0,1000,-1000,0,0,0,-42000
8482,商億-KY         ,48000,90000,-42000,0,0,0,0,0,0,0,0,0,0,0,0,0,-42000
1515,力山            ,952000,930000,22000,0,0,0,80000,0,80000,-144000,0,93000,-93000,10000,61000,-51000,-42000
1608,華榮            ,8000,43000,-35000,0,0,0,0,0,0,-7000,0,7000,-7000,0,0,0,-42000
2488,漢平            ,18000,59000,-41000,0,0,0,0,0,0,-1000,0,1000,-1000,0,0,0,-42000
068068,瑞昱凱基01購03  ,0,0,0,0,0,0,0,0,0,-43000,0,0,0,257000,300000,-43000,-43000
067669,金像電元大02購03,0,0,0,0,0,0,0,0,0,-43000,0,0,0,172000,215000,-43000,-43000
068220,聯發科統一04購01,0,0,0,0,0,0,0,0,0,-43000,0,0,0,97000,140000,-43000,-43000
068608,景碩凱基01購01  ,0,0,0,0,0,0,0,0,0,-43000,0,0,0,133000,176000,-43000,-43000
068767,台積電統一04購05,0,0,0,0,0,0,0,0,0,-43000,0,0,0,94000,137000,-43000,-43000
068825,京鼎元大02購02  ,0,0,0,0,0,0,0,0,0,-43000,0,0,0,14000,57000,-43000,-43000
08737P,聯詠凱基01售01  ,0,0,0,0,0,0,0,0,0,-43000,0,0,0,10000,53000,-43000,-43000
069416,景碩統一04購01  ,0,0,0,0,0,0,0,0,0,-43000,0,0,0,0,43000,-43000,-43000
068951,華邦電凱基02購01,0,0,0,0,0,0,0,0,0,-43000,0,0,0,13000,56000,-43000,-43000
03068P,美律群益01售03  ,0,0,0,0,0,0,0,0,0,-43000,0,0,0,32000,75000,-43000,-43000
03371P,聯電元大02售07  ,0,0,0,0,0,0,0,0,0,-43000,0,0,0,2000,45000,-43000,-43000
060300,佐登國泰9B購01  ,0,0,0,0,0,0,0,0,0,-43000,0,0,0,0,43000,-43000,-43000
058836,FBVIX中信03購05 ,0,0,0,0,0,0,0,0,0,-43000,0,0,0,10000,53000,-43000,-43000
058744,FBVIX凱基9C購03 ,0,0,0,0,0,0,0,0,0,-43000,0,0,0,13000,56000,-43000,-43000
063077,巨大永豐9B購03  ,0,0,0,0,0,0,0,0,0,-43000,0,0,0,65000,108000,-43000,-43000
063106,台表科群益9B購03,0,0,0,0,0,0,0,0,0,-43000,0,0,0,0,43000,-43000,-43000
063108,世紀鋼群益9C購01,0,0,0,0,0,0,0,0,0,-43000,0,0,0,10000,53000,-43000,-43000
063563,國巨元大9C購07  ,0,0,0,0,0,0,0,0,0,-43000,0,0,0,5000,48000,-43000,-43000
063599,智邦凱基9B購04  ,0,0,0,0,0,0,0,0,0,-43000,0,0,0,0,43000,-43000,-43000
063988,華通永豐9C購01  ,0,0,0,0,0,0,0,0,0,-43000,0,0,0,0,43000,-43000,-43000
062177,上銀元大9B購02  ,0,0,0,0,0,0,0,0,0,-43000,0,0,0,2000,45000,-43000,-43000
062511,台光電國票9B購02,0,0,0,0,0,0,0,0,0,-43000,0,0,0,0,43000,-43000,-43000
064404,奇力新凱基02購01,0,0,0,0,0,0,0,0,0,-43000,0,0,0,122000,165000,-43000,-43000
065330,億豐凱基9C購03  ,0,0,0,0,0,0,0,0,0,-43000,0,0,0,18000,61000,-43000,-43000
065304,台勝科元富03購01,0,0,0,0,0,0,0,0,0,-43000,0,0,0,57000,100000,-43000,-43000
1416,廣豐            ,25000,65000,-40000,0,0,0,0,0,0,-3000,0,3000,-3000,0,0,0,-43000
5534,長虹            ,204000,247000,-43000,0,0,0,0,0,0,0,0,0,0,0,0,0,-43000
3013,晟銘電          ,28000,68000,-40000,0,0,0,0,0,0,-3000,8000,11000,-3000,0,0,0,-43000
3023,信邦            ,351000,351642,-642,0,0,0,0,28000,-28000,-15000,0,4000,-4000,2000,13000,-11000,-43642
08428P,GIS國票01售01   ,0,0,0,0,0,0,0,0,0,-44000,0,0,0,10000,54000,-44000,-44000
068355,美律凱基01購02  ,0,0,0,0,0,0,0,0,0,-44000,0,0,0,104000,148000,-44000,-44000
03149P,鴻海群益01售12  ,0,0,0,0,0,0,0,0,0,-44000,0,0,0,30000,74000,-44000,-44000
03192P,台積電國泰03售05,0,0,0,0,0,0,0,0,0,-44000,0,0,0,1000,45000,-44000,-44000
064409,彩晶凱基04購01  ,0,0,0,0,0,0,0,0,0,-44000,0,0,0,25000,69000,-44000,-44000
062470,智邦凱基9C購01  ,0,0,0,0,0,0,0,0,0,-44000,0,0,0,77000,121000,-44000,-44000
064695,京鼎群益02購02  ,0,0,0,0,0,0,0,0,0,-44000,0,0,0,5000,49000,-44000,-44000
062266,世紀鋼元大9B購02,0,0,0,0,0,0,0,0,0,-44000,0,0,0,143000,187000,-44000,-44000
062722,京元電凱基9B購02,0,0,0,0,0,0,0,0,0,-44000,0,0,0,332000,376000,-44000,-44000
065207,奇力新國票9C購02,0,0,0,0,0,0,0,0,0,-44000,0,0,0,0,44000,-44000,-44000
065227,金像電凱基9C購01,0,0,0,0,0,0,0,0,0,-44000,0,0,0,321000,365000,-44000,-44000
066015,健策元富01購01  ,0,0,0,0,0,0,0,0,0,-44000,0,0,0,64000,108000,-44000,-44000
066060,超眾元大01購03  ,0,0,0,0,0,0,0,0,0,-44000,0,0,0,10000,54000,-44000,-44000
066962,致新元大01購02  ,0,0,0,0,0,0,0,0,0,-44000,0,0,0,199000,243000,-44000,-44000
067512,台郡統一02購03  ,0,0,0,0,0,0,0,0,0,-44000,0,0,0,30000,74000,-44000,-44000
066553,大立光元大01購09,0,0,0,0,0,0,0,0,0,-44000,0,0,0,30000,74000,-44000,-44000
066333,晶華永豐01購01  ,0,0,0,0,0,0,0,0,0,-44000,0,0,0,56000,100000,-44000,-44000
3321,同泰            ,106000,150000,-44000,0,0,0,0,0,0,0,0,0,0,0,0,0,-44000
1101B,台泥乙特        ,0,0,0,0,0,0,0,0,0,-44000,1000,45000,-44000,0,0,0,-44000
2495,普安            ,4000,46000,-42000,0,0,0,0,0,0,-2000,0,2000,-2000,0,0,0,-44000
068694,台積電凱基02購12,0,0,0,0,0,0,0,0,0,-45000,0,0,0,68000,113000,-45000,-45000
067673,義隆元大01購06  ,0,0,0,0,0,0,0,0,0,-45000,0,0,0,0,45000,-45000,-45000
067822,同欣電凱基01購02,0,0,0,0,0,0,0,0,0,-45000,0,0,0,10000,55000,-45000,-45000
067964,燿華群益02購02  ,0,0,0,0,0,0,0,0,0,-45000,0,0,0,19000,64000,-45000,-45000
08438P,鴻海國票01售02  ,0,0,0,0,0,0,0,0,0,-45000,0,0,0,15000,60000,-45000,-45000
07886P,國巨國票9B售06  ,0,0,0,0,0,0,0,0,0,-45000,0,0,0,0,45000,-45000,-45000
053294,聯發科中信9C購01,0,0,0,0,0,0,0,0,0,-45000,0,0,0,0,45000,-45000,-45000
058752,鈺齊凱基9A購01  ,0,0,0,0,0,0,0,0,0,-45000,0,0,0,5000,50000,-45000,-45000
058336,鴻海元富99購07  ,0,0,0,0,0,0,0,0,0,-45000,0,0,0,320000,365000,-45000,-45000
057818,泰碩元大9A購01  ,0,0,0,0,0,0,0,0,0,-45000,0,0,0,0,45000,-45000,-45000
060955,大立光群益9A購02,0,0,0,0,0,0,0,0,0,-45000,0,0,0,0,45000,-45000,-45000
061408,華新科國票9A購06,0,0,0,0,0,0,0,0,0,-45000,0,0,0,8000,53000,-45000,-45000
061595,智易永豐9A購02  ,0,0,0,0,0,0,0,0,0,-45000,0,0,0,43000,88000,-45000,-45000
063139,聯發科統一9B購07,0,0,0,0,0,0,0,0,0,-45000,0,0,0,0,45000,-45000,-45000
063867,全新永豐9C購01  ,0,0,0,0,0,0,0,0,0,-45000,0,0,0,5000,50000,-45000,-45000
063288,泰鼎元大9B購02  ,0,0,0,0,0,0,0,0,0,-45000,0,0,0,62000,107000,-45000,-45000
066681,聯發科兆豐01購04,0,0,0,0,0,0,0,0,0,-45000,0,0,0,0,45000,-45000,-45000
065754,健鼎元大9C購06  ,0,0,0,0,0,0,0,0,0,-45000,0,0,0,52000,97000,-45000,-45000
065250,同欣電麥證9C購01,0,0,0,0,45000,-45000,0,0,0,-45000,0,0,0,0,45000,-45000,-45000
065443,智邦統一9C購03  ,0,0,0,0,0,0,0,0,0,-45000,0,0,0,105000,150000,-45000,-45000
2465,麗臺            ,0,45000,-45000,0,0,0,0,0,0,0,0,0,0,0,0,0,-45000
6136,富爾特          ,0,37000,-37000,0,0,0,0,0,0,-8000,0,8000,-8000,0,0,0,-45000
08478P,臺股指凱基9C售16,0,0,0,0,0,0,0,0,0,-46000,0,0,0,80000,126000,-46000,-46000
08621P,景碩群益9C售01  ,0,0,0,0,0,0,0,0,0,-46000,0,0,0,14000,60000,-46000,-46000
068705,聯發科國票03購03,0,0,0,0,0,0,0,0,0,-46000,0,0,0,0,46000,-46000,-46000
068594,台積電統一03購09,0,0,0,0,0,0,0,0,0,-46000,0,0,0,2000,48000,-46000,-46000
057872,旺宏元大99購06  ,0,0,0,0,0,0,0,0,0,-46000,0,0,0,3000,49000,-46000,-46000
057733,嘉聯益國泰99購01,0,0,0,0,0,0,0,0,0,-46000,0,0,0,6000,52000,-46000,-46000
03254P,台積電國泰03售09,0,0,0,0,0,0,0,0,0,-46000,0,0,0,0,46000,-46000,-46000
063921,大立光元富9C購03,0,0,0,0,0,0,0,0,0,-46000,0,0,0,8000,54000,-46000,-46000
063710,光寶科凱基9C購01,0,0,0,0,0,0,0,0,0,-46000,0,0,0,0,46000,-46000,-46000
063836,台塑元大9C購01  ,0,0,0,0,0,0,0,0,0,-46000,0,0,0,221000,267000,-46000,-46000
063586,燿華永豐9B購02  ,0,0,0,0,0,0,0,0,0,-46000,0,0,0,0,46000,-46000,-46000
064111,國巨國票02購02  ,0,0,0,0,0,0,0,0,0,-46000,0,0,0,1000,47000,-46000,-46000
061969,大立光統一01購02,0,0,0,0,0,0,0,0,0,-46000,0,0,0,0,46000,-46000,-46000
062310,南亞科凱基9B購02,0,0,0,0,0,0,0,0,0,-46000,0,0,0,172000,218000,-46000,-46000
062297,億豐永豐9B購01  ,0,0,0,0,0,0,0,0,0,-46000,0,0,0,12000,58000,-46000,-46000
065005,台光電國票01購02,0,0,0,0,0,0,0,0,0,-46000,0,0,0,0,46000,-46000,-46000
065798,華通群益01購03  ,0,0,0,0,0,0,0,0,0,-46000,0,0,0,50000,96000,-46000,-46000
065966,國巨元大01購06  ,0,0,0,0,0,0,0,0,0,-46000,0,0,0,0,46000,-46000,-46000
066730,致茂元大01購01  ,0,0,0,0,0,0,0,0,0,-46000,0,0,0,0,46000,-46000,-46000
067288,為升兆豐03購01  ,0,0,0,0,0,0,0,0,0,-46000,0,0,0,4000,50000,-46000,-46000
067313,欣興元大03購01  ,0,0,0,0,0,0,0,0,0,-46000,0,0,0,173000,219000,-46000,-46000
8033,雷虎            ,3000,48000,-45000,0,0,0,0,0,0,-1000,0,1000,-1000,0,0,0,-46000
3356,奇偶            ,13000,58000,-45000,0,0,0,0,0,0,-1000,0,1000,-1000,0,0,0,-46000
067994,技嘉元大01購03  ,0,0,0,0,0,0,0,0,0,-47000,0,0,0,69000,116000,-47000,-47000
08346P,大立光元大9C售15,0,0,0,0,0,0,0,0,0,-47000,0,0,0,37000,84000,-47000,-47000
057595,健鼎兆豐98購01  ,0,0,0,0,0,0,0,0,0,-47000,0,0,0,20000,67000,-47000,-47000
059820,南亞科凱基99購07,0,0,0,0,0,0,0,0,0,-47000,0,0,0,0,47000,-47000,-47000
064263,貿聯永豐9C購01  ,0,0,0,0,0,0,0,0,0,-47000,0,0,0,0,47000,-47000,-47000
059061,晶技凱基9A購01  ,0,0,0,0,0,0,0,0,0,-47000,0,0,0,6000,53000,-47000,-47000
062672,兆豐金中信03購01,0,0,0,0,0,0,0,0,0,-47000,0,0,0,3000,50000,-47000,-47000
062630,全新國票9B購02  ,0,0,0,0,0,0,0,0,0,-47000,0,0,0,0,47000,-47000,-47000
062498,華通群益9C購04  ,0,0,0,0,0,0,0,0,0,-47000,0,0,0,0,47000,-47000,-47000
063516,香港反凱基03購01,0,0,0,0,0,0,0,0,0,-47000,0,0,0,161000,208000,-47000,-47000
067067,國巨元大01購08  ,0,0,0,0,0,0,0,0,0,-47000,0,0,0,345000,392000,-47000,-47000
066769,嘉基永豐01購02  ,0,0,0,0,0,0,0,0,0,-47000,0,0,0,0,47000,-47000,-47000
064973,智邦元大9C購06  ,0,0,0,0,0,0,0,0,0,-47000,0,0,0,35000,82000,-47000,-47000
065458,立積元富03購02  ,0,0,0,0,0,0,0,0,0,-47000,0,0,0,79000,126000,-47000,-47000
2312,金寶            ,766000,894000,-128000,0,0,0,0,0,0,81000,89000,0,89000,0,8000,-8000,-47000
2010,春源            ,124000,171000,-47000,0,0,0,0,0,0,0,0,0,0,0,0,0,-47000
08998P,玉晶光群益02售15,0,0,0,0,0,0,0,0,0,-47000,0,0,0,0,47000,-47000,-47000
08045P,健策國票9B售01  ,0,0,0,0,0,0,0,0,0,-48000,0,0,0,52000,100000,-48000,-48000
08549P,大立光元大9C售25,0,0,0,0,0,0,0,0,0,-48000,0,0,0,12000,60000,-48000,-48000
068077,晶技凱基02購01  ,0,0,0,0,0,0,0,0,0,-48000,0,0,0,74000,122000,-48000,-48000
068533,台郡元富07購03  ,0,0,0,0,0,0,0,0,0,-48000,0,0,0,9000,57000,-48000,-48000
068746,台達電群益02購01,0,0,0,0,0,0,0,0,0,-48000,0,0,0,98000,146000,-48000,-48000
059765,嘉聯益永豐99購02,0,0,0,0,0,0,0,0,0,-48000,0,0,0,0,48000,-48000,-48000
03105P,大立光元富04售02,0,0,0,0,0,0,0,0,0,-48000,0,0,0,14000,62000,-48000,-48000
051861,鴻海凱基98購01  ,0,0,0,0,0,0,0,0,0,-48000,0,0,0,0,48000,-48000,-48000
057100,國巨中信9A購02  ,0,0,0,0,0,0,0,0,0,-48000,0,0,0,0,48000,-48000,-48000
063327,燿華國票9C購02  ,0,0,0,0,0,0,0,0,0,-48000,0,0,0,49000,97000,-48000,-48000
063579,GIS元大9C購01   ,0,0,0,0,0,0,0,0,0,-48000,0,0,0,6000,54000,-48000,-48000
061576,華新科元大9A購21,0,0,0,0,0,0,0,0,0,-48000,0,0,0,0,48000,-48000,-48000
063799,華邦電凱基9C購02,0,0,0,0,0,0,0,0,0,-48000,0,0,0,22000,70000,-48000,-48000
064904,茂林群益9C購02  ,0,0,0,0,0,0,0,0,0,-48000,0,0,0,0,48000,-48000,-48000
065884,智原元富9C購02  ,0,0,0,0,0,0,0,0,0,-48000,0,0,0,9000,57000,-48000,-48000
066914,樺漢凱基02購01  ,0,0,0,0,0,0,0,0,0,-48000,0,0,0,44000,92000,-48000,-48000
066552,大立光元大01購08,0,0,0,0,0,0,0,0,0,-48000,0,0,0,0,48000,-48000,-48000
067202,聚陽元大01購02  ,0,0,0,0,0,0,0,0,0,-48000,0,0,0,66000,114000,-48000,-48000
067148,燿華統一01購03  ,0,0,0,0,0,0,0,0,0,-48000,0,0,0,0,48000,-48000,-48000
4942,嘉彰            ,22000,68000,-46000,0,0,0,0,0,0,-2000,0,2000,-2000,0,0,0,-48000
5434,崇越            ,261000,323000,-62000,0,0,0,20000,0,20000,-6000,3000,2000,1000,0,7000,-7000,-48000
068529,貿聯元富07購01  ,0,0,0,0,0,0,0,0,0,-49000,0,0,0,176000,225000,-49000,-49000
068034,國揚元富07購01  ,0,0,0,0,0,0,0,0,0,-49000,0,0,0,21000,70000,-49000,-49000
08418P,大立光元大01售04,0,0,0,0,0,0,0,0,0,-49000,0,0,0,0,49000,-49000,-49000
08383P,智邦群益9C售03  ,0,0,0,0,0,0,0,0,0,-49000,0,0,0,199000,248000,-49000,-49000
07880P,可成群益9B售05  ,0,0,0,0,0,0,0,0,0,-49000,0,0,0,0,49000,-49000,-49000
07831P,大立光統一9B售07,0,0,0,0,0,0,0,0,0,-49000,0,0,0,0,49000,-49000,-49000
068910,瑞昱群益02購01  ,0,0,0,0,0,0,0,0,0,-49000,0,0,0,0,49000,-49000,-49000
03024P,南六群益01售02  ,0,0,0,0,0,0,0,0,0,-49000,0,0,0,8000,57000,-49000,-49000
064175,華通國泰02購01  ,0,0,0,0,0,0,0,0,0,-49000,0,0,0,134000,183000,-49000,-49000
059996,美律元富99購01  ,0,0,0,0,0,0,0,0,0,-49000,0,0,0,0,49000,-49000,-49000
060233,宏碁元大9A購01  ,0,0,0,0,0,0,0,0,0,-49000,0,0,0,34000,83000,-49000,-49000
062458,全新群益9B購03  ,0,0,0,0,0,0,0,0,0,-49000,0,0,0,39000,88000,-49000,-49000
063597,健策中信9B購02  ,0,0,0,0,0,0,0,0,0,-49000,0,0,0,52000,101000,-49000,-49000
063868,嘉晶永豐9C購01  ,0,0,0,0,0,0,0,0,0,-49000,0,0,0,0,49000,-49000,-49000
062527,美律統一01購01  ,0,0,0,0,0,0,0,0,0,-49000,0,0,0,571000,620000,-49000,-49000
061654,旺宏國票9A購02  ,0,0,0,0,0,0,0,0,0,-49000,0,0,0,0,49000,-49000,-49000
066597,緯穎群益02購01  ,0,0,0,0,0,0,0,0,0,-49000,0,0,0,121000,170000,-49000,-49000
066061,超眾元大01購04  ,0,0,0,0,0,0,0,0,0,-49000,0,0,0,0,49000,-49000,-49000
6024,群益期          ,10000,59000,-49000,0,0,0,0,0,0,0,0,0,0,0,0,0,-49000
08881P,奇力新凱基01售02,0,0,0,0,0,0,0,0,0,-49000,0,0,0,1000,50000,-49000,-49000
068947,台達電凱基03購01,0,0,0,0,0,0,0,0,0,-50000,0,0,0,0,50000,-50000,-50000
07055P,景碩群益9A售02  ,0,0,0,0,0,0,0,0,0,-50000,0,0,0,30000,80000,-50000,-50000
07738P,玉晶光永豐9A售06,0,0,0,0,0,0,0,0,0,-50000,0,0,0,0,50000,-50000,-50000
069208,聯詠元大03購01  ,0,0,0,0,0,0,0,0,0,-50000,0,0,0,109000,159000,-50000,-50000
069246,精元凱基02購02  ,0,0,0,0,0,0,0,0,0,-50000,0,0,0,0,50000,-50000,-50000
07757P,國巨國票9B售04  ,0,0,0,0,0,0,0,0,0,-50000,0,0,0,0,50000,-50000,-50000
08309P,GIS凱基9C售01   ,0,0,0,0,0,0,0,0,0,-50000,0,0,0,0,50000,-50000,-50000
08389P,技嘉國票9C售01  ,0,0,0,0,0,0,0,0,0,-50000,0,0,0,0,50000,-50000,-50000
08392P,上銀群益9C售01  ,0,0,0,0,0,0,0,0,0,-50000,0,0,0,0,50000,-50000,-50000
08544P,和碩國票01售02  ,0,0,0,0,0,0,0,0,0,-50000,0,0,0,0,50000,-50000,-50000
067864,台光電元大01購05,0,0,0,0,0,0,0,0,0,-50000,0,0,0,1000,51000,-50000,-50000
068795,上緯控凱基02購02,0,0,0,0,0,0,0,0,0,-50000,0,0,0,8000,58000,-50000,-50000
068298,臺指反國票03購02,0,0,0,0,0,0,0,0,0,-50000,0,0,0,0,50000,-50000,-50000
06822P,上銀富邦99售03  ,0,0,0,0,0,0,0,0,0,-50000,0,0,0,0,50000,-50000,-50000
068259,台灣50富邦03購04,0,0,0,0,0,0,0,0,0,-50000,0,0,0,0,50000,-50000,-50000
063648,台表科元大9C購05,0,0,0,0,0,0,0,0,0,-50000,0,0,0,0,50000,-50000,-50000
063630,智邦元大9B購09  ,0,0,0,0,0,0,0,0,0,-50000,0,0,0,162000,212000,-50000,-50000
064278,高鐵元大9C購02  ,0,0,0,0,0,0,0,0,0,-50000,0,0,0,100000,150000,-50000,-50000
03046P,緯穎國票03售01  ,0,0,0,0,0,0,0,0,0,-50000,0,0,0,186000,236000,-50000,-50000
03119P,滬深2X元大01售13,0,0,0,0,0,0,0,0,0,-50000,0,0,0,0,50000,-50000,-50000
057165,國巨元大99購05  ,0,0,0,0,0,0,0,0,0,-50000,0,0,0,0,50000,-50000,-50000
059635,華新科凱基9A購06,0,0,0,0,0,0,0,0,0,-50000,0,0,0,0,50000,-50000,-50000
060098,華新科元大99購24,0,0,0,0,0,0,0,0,0,-50000,0,0,0,0,50000,-50000,-50000
046628,大立光統一98購01,0,0,0,0,0,0,0,0,0,-50000,0,0,0,0,50000,-50000,-50000
061766,華新科元大9B購02,0,0,0,0,0,0,0,0,0,-50000,0,0,0,0,50000,-50000,-50000
061817,高鐵群益9B購01  ,0,0,0,0,0,0,0,0,0,-50000,0,0,0,0,50000,-50000,-50000
064089,新日興凱基02購01,0,0,0,0,0,0,0,0,0,-50000,0,0,0,10000,60000,-50000,-50000
062248,國巨元大9B購08  ,0,0,0,0,0,0,0,0,0,-50000,0,0,0,0,50000,-50000,-50000
064211,友達凱基02購01  ,0,0,0,0,0,0,0,0,0,-50000,0,0,0,10000,60000,-50000,-50000
063959,GIS元大9C購02   ,0,0,0,0,0,0,0,0,0,-50000,0,0,0,69000,119000,-50000,-50000
062922,南六元大9B購03  ,0,0,0,0,0,0,0,0,0,-50000,0,0,0,0,50000,-50000,-50000
063204,高鐵統一9C購01  ,0,0,0,0,0,0,0,0,0,-50000,0,0,0,0,50000,-50000,-50000
063153,南六元富9B購01  ,0,0,0,0,0,0,0,0,0,-50000,0,0,0,0,50000,-50000,-50000
06461P,玉晶光國泰9A售01,0,0,0,0,0,0,0,0,0,-50000,0,0,0,0,50000,-50000,-50000
061530,智邦台新9A購02  ,0,0,0,0,0,0,0,0,0,-50000,0,0,0,0,50000,-50000,-50000
064649,同欣電凱基01購01,0,0,0,0,0,0,0,0,0,-50000,0,0,0,0,50000,-50000,-50000
064576,世紀鋼群益01購01,0,0,0,0,0,0,0,0,0,-50000,0,0,0,32000,82000,-50000,-50000
060975,滬深2X元大01購02,0,0,0,0,0,0,0,0,0,-50000,0,0,0,0,50000,-50000,-50000
060978,國巨元大9A購13  ,0,0,0,0,0,0,0,0,0,-50000,0,0,0,0,50000,-50000,-50000
062358,國巨元大9B購12  ,0,0,0,0,0,0,0,0,0,-50000,0,0,0,0,50000,-50000,-50000
061384,T50反1群益9A購04,0,0,0,0,0,0,0,0,0,-50000,0,0,0,0,50000,-50000,-50000
061326,新日興凱基9B購01,0,0,0,0,0,0,0,0,0,-50000,0,0,0,12000,62000,-50000,-50000
062798,台光電統一9B購01,0,0,0,0,0,0,0,0,0,-50000,0,0,0,40000,90000,-50000,-50000
064986,GIS元大9C購07   ,0,0,0,0,0,0,0,0,0,-50000,0,0,0,0,50000,-50000,-50000
064937,英業達元富9C購01,0,0,0,0,0,0,0,0,0,-50000,0,0,0,0,50000,-50000,-50000
064945,中橡凱基9C購01  ,0,0,0,0,0,0,0,0,0,-50000,0,0,0,0,50000,-50000,-50000
065165,上銀元大9C購09  ,0,0,0,0,0,0,0,0,0,-50000,0,0,0,50000,100000,-50000,-50000
065391,和大群益01購03  ,0,0,0,0,0,0,0,0,0,-50000,0,0,0,0,50000,-50000,-50000
066546,鴻海元大01購10  ,0,0,0,0,0,0,0,0,0,-50000,0,0,0,0,50000,-50000,-50000
066445,牧德群益01購01  ,0,0,0,0,0,0,0,0,0,-50000,0,0,0,5000,55000,-50000,-50000
066457,可成統一02購01  ,0,0,0,0,0,0,0,0,0,-50000,0,0,0,0,50000,-50000,-50000
067284,華新科國票02購01,0,0,0,0,0,0,0,0,0,-50000,0,0,0,47000,97000,-50000,-50000
067460,晶技永豐01購02  ,0,0,0,0,0,0,0,0,0,-50000,0,0,0,23000,73000,-50000,-50000
08958P,鴻海凱基01售08  ,0,0,0,0,0,0,0,0,0,-50000,0,0,0,22000,72000,-50000,-50000
1806,冠軍            ,28000,78000,-50000,0,0,0,0,0,0,0,0,0,0,0,0,0,-50000
2233,宇隆            ,11000,61000,-50000,0,0,0,0,0,0,0,0,0,0,0,0,0,-50000
5234,達興材料        ,33000,82000,-49000,0,0,0,0,0,0,-1000,0,1000,-1000,0,0,0,-50000
1229,聯華            ,721000,1070000,-349000,0,0,0,0,0,0,298023,90000,0,90000,220000,11977,208023,-50977
068718,台積電元大02購12,0,0,0,0,0,0,0,0,0,-51000,0,0,0,44000,95000,-51000,-51000
068609,華擎凱基03購01  ,0,0,0,0,0,0,0,0,0,-51000,0,0,0,0,51000,-51000,-51000
067812,國泰金凱基01購01,0,0,0,0,0,0,0,0,0,-51000,0,0,0,17000,68000,-51000,-51000
067773,台郡統一02購04  ,0,0,0,0,0,0,0,0,0,-51000,0,0,0,50000,101000,-51000,-51000
067710,同欣電元富04購01,0,0,0,0,0,0,0,0,0,-51000,0,0,0,150000,201000,-51000,-51000
069196,景碩台新02購01  ,0,0,0,0,0,0,0,0,0,-51000,0,0,0,0,51000,-51000,-51000
068952,瑞昱凱基03購01  ,0,0,0,0,0,0,0,0,0,-51000,0,0,0,69000,120000,-51000,-51000
068971,元金2X元大02購01,0,0,0,0,0,0,0,0,0,-51000,0,0,0,44000,95000,-51000,-51000
069068,全新麥證02購01  ,0,0,0,0,51000,-51000,0,0,0,-51000,0,0,0,0,51000,-51000,-51000
054472,道瓊反中信9A購01,0,0,0,0,0,0,0,0,0,-51000,0,0,0,82000,133000,-51000,-51000
056635,亞德客日盛99購01,0,0,0,0,0,0,0,0,0,-51000,0,0,0,0,51000,-51000,-51000
00715L,街口布蘭特油正2 ,0,0,0,0,0,0,0,0,0,-51000,0,0,0,150000,201000,-51000,-51000
060416,神隆永豐9A購01  ,0,0,0,0,0,0,0,0,0,-51000,0,0,0,0,51000,-51000,-51000
062602,華通麥證9C購01  ,0,0,0,6000,57000,-51000,0,0,0,-51000,0,0,0,6000,57000,-51000,-51000
064690,台光電群益9C購02,0,0,0,0,0,0,0,0,0,-51000,0,0,0,0,51000,-51000,-51000
063722,遠東新元大9B購02,0,0,0,0,0,0,0,0,0,-51000,0,0,0,1000,52000,-51000,-51000
062135,國巨群益9B購05  ,0,0,0,0,0,0,0,0,0,-51000,0,0,0,0,51000,-51000,-51000
064122,國巨元大9C購17  ,0,0,0,0,0,0,0,0,0,-51000,0,0,0,0,51000,-51000,-51000
066798,燿華凱基02購02  ,0,0,0,0,0,0,0,0,0,-51000,0,0,0,56000,107000,-51000,-51000
065418,緯創國票01購01  ,0,0,0,0,0,0,0,0,0,-51000,0,0,0,0,51000,-51000,-51000
065365,國巨元大9C購19  ,0,0,0,0,0,0,0,0,0,-51000,0,0,0,0,51000,-51000,-51000
065914,智邦凱基02購03  ,0,0,0,0,0,0,0,0,0,-51000,0,0,0,0,51000,-51000,-51000
3591,艾笛森          ,6000,48000,-42000,0,0,0,0,0,0,-9000,0,9000,-9000,0,0,0,-51000
6668,中揚光          ,21000,69000,-48000,0,0,0,0,0,0,-3000,1000,4000,-3000,0,0,0,-51000
069048,台積電元富08購14,0,0,0,0,0,0,0,0,0,-52000,0,0,0,43000,95000,-52000,-52000
069011,晶技兆豐03購01  ,0,0,0,0,0,0,0,0,0,-52000,0,0,0,115000,167000,-52000,-52000
07789P,緯穎群益9A售03  ,0,0,0,0,0,0,0,0,0,-52000,0,0,0,50000,102000,-52000,-52000
068450,台積電國票01購10,0,0,0,0,0,0,0,0,0,-52000,0,0,0,134000,186000,-52000,-52000
060471,台勝科元大9B購01,0,0,0,0,0,0,0,0,0,-52000,0,0,0,0,52000,-52000,-52000
03144P,台積電國票01售09,0,0,0,0,0,0,0,0,0,-52000,0,0,0,39000,91000,-52000,-52000
061839,華新科凱基05購04,0,0,0,0,0,0,0,0,0,-52000,0,0,0,3000,55000,-52000,-52000
063831,帆宣國票01購01  ,0,0,0,0,0,0,0,0,0,-52000,0,0,0,0,52000,-52000,-52000
06241P,大立光元富9A售01,0,0,0,0,0,0,0,0,0,-52000,0,0,0,0,52000,-52000,-52000
063760,聯詠統一9C購02  ,0,0,0,0,0,0,0,0,0,-52000,0,0,0,0,52000,-52000,-52000
061121,智邦永豐9A購02  ,0,0,0,0,0,0,0,0,0,-52000,0,0,0,26000,78000,-52000,-52000
065931,瑞祺國票02購01  ,0,0,0,0,0,0,0,0,0,-52000,0,0,0,0,52000,-52000,-52000
065995,台虹永豐01購01  ,0,0,0,0,0,0,0,0,0,-52000,0,0,0,52000,104000,-52000,-52000
066294,嘉基元大01購01  ,0,0,0,0,0,0,0,0,0,-52000,0,0,0,139000,191000,-52000,-52000
8103,瀚荃            ,231000,283000,-52000,0,0,0,0,0,0,0,0,0,0,0,0,0,-52000
3031,佰鴻            ,27000,77000,-50000,0,0,0,0,0,0,-2000,0,2000,-2000,0,0,0,-52000
068461,瑞儀國票03購01  ,0,0,0,0,0,0,0,0,0,-53000,0,0,0,37000,90000,-53000,-53000
067934,美律凱基01購01  ,0,0,0,0,0,0,0,0,0,-53000,0,0,0,0,53000,-53000,-53000
067901,旭富群益01購04  ,0,0,0,0,0,0,0,0,0,-53000,0,0,0,0,53000,-53000,-53000
07990P,緯穎凱基9B售02  ,0,0,0,0,0,0,0,0,0,-53000,0,0,0,113000,166000,-53000,-53000
069180,力山麥證02購01  ,0,0,0,0,53000,-53000,0,0,0,-53000,0,0,0,0,53000,-53000,-53000
00762,元大全球AI      ,0,0,0,0,0,0,0,0,0,-53000,0,0,0,0,53000,-53000,-53000
064307,聚陽群益9C購03  ,0,0,0,0,0,0,0,0,0,-53000,0,0,0,1000,54000,-53000,-53000
058318,致茂永豐9A購01  ,0,0,0,0,0,0,0,0,0,-53000,0,0,0,0,53000,-53000,-53000
063764,上銀元富9B購08  ,0,0,0,0,0,0,0,0,0,-53000,0,0,0,345000,398000,-53000,-53000
064740,台光電國票01購01,0,0,0,0,0,0,0,0,0,-53000,0,0,0,10000,63000,-53000,-53000
063940,國巨元大01購02  ,0,0,0,0,0,0,0,0,0,-53000,0,0,0,0,53000,-53000,-53000
063342,台光電統一9B購02,0,0,0,0,0,0,0,0,0,-53000,0,0,0,0,53000,-53000,-53000
064041,國巨統一01購07  ,0,0,0,0,0,0,0,0,0,-53000,0,0,0,2000,55000,-53000,-53000
062218,燿華統一01購01  ,0,0,0,0,0,0,0,0,0,-53000,0,0,0,102000,155000,-53000,-53000
066346,眾達永豐01購01  ,0,0,0,0,0,0,0,0,0,-53000,0,0,0,78000,131000,-53000,-53000
067097,為升群益01購01  ,0,0,0,0,0,0,0,0,0,-53000,0,0,0,97000,150000,-53000,-53000
065665,鴻海凱基9C購04  ,0,0,0,0,0,0,0,0,0,-53000,0,0,0,269000,322000,-53000,-53000
065268,嘉澤元大9C購02  ,0,0,0,0,0,0,0,0,0,-53000,0,0,0,0,53000,-53000,-53000
065011,智邦國泰02購01  ,0,0,0,0,0,0,0,0,0,-53000,0,0,0,192000,245000,-53000,-53000
08771P,滬深2X凱基01售02,0,0,0,0,0,0,0,0,0,-53000,0,0,0,20000,73000,-53000,-53000
08295P,長榮航元大9C售01,0,0,0,0,0,0,0,0,0,-54000,0,0,0,0,54000,-54000,-54000
08189P,超眾群益9B售04  ,0,0,0,0,0,0,0,0,0,-54000,0,0,0,0,54000,-54000,-54000
067756,奇鋐國泰03購01  ,0,0,0,0,0,0,0,0,0,-54000,0,0,0,77000,131000,-54000,-54000
068786,亞德客凱基03購02,0,0,0,0,0,0,0,0,0,-54000,0,0,0,0,54000,-54000,-54000
060307,南港永豐9A購01  ,0,0,0,0,0,0,0,0,0,-54000,0,0,0,26000,80000,-54000,-54000
064173,國產元富9C購01  ,0,0,0,0,0,0,0,0,0,-54000,0,0,0,50000,104000,-54000,-54000
054421,臺股指元大99購03,0,0,0,0,0,0,0,0,0,-54000,0,0,0,101000,155000,-54000,-54000
064739,智邦國票01購01  ,0,0,0,0,0,0,0,0,0,-54000,0,0,0,56000,110000,-54000,-54000
061572,奇力新元大9A購04,0,0,0,0,0,0,0,0,0,-54000,0,0,0,5000,59000,-54000,-54000
062586,國巨統一01購06  ,0,0,0,0,0,0,0,0,0,-54000,0,0,0,1000,55000,-54000,-54000
065317,上銀凱基9C購03  ,0,0,0,0,0,0,0,0,0,-54000,0,0,0,85000,139000,-54000,-54000
065802,義隆群益9C購05  ,0,0,0,0,0,0,0,0,0,-54000,0,0,0,15000,69000,-54000,-54000
065948,燿華統一01購02  ,0,0,0,0,0,0,0,0,0,-54000,0,0,0,0,54000,-54000,-54000
066107,惠特國票02購01  ,0,0,0,0,0,0,0,0,0,-54000,0,0,0,9000,63000,-54000,-54000
066426,台勝科元大01購02,0,0,0,0,0,0,0,0,0,-54000,0,0,0,0,54000,-54000,-54000
066902,台泥凱基01購01  ,0,0,0,0,0,0,0,0,0,-54000,0,0,0,102000,156000,-54000,-54000
6215,和椿            ,21000,75000,-54000,0,0,0,0,0,0,0,0,0,0,0,0,0,-54000
068724,美律元大02購01  ,0,0,0,0,0,0,0,0,0,-55000,0,0,0,0,55000,-55000,-55000
068727,全新元大02購02  ,0,0,0,0,0,0,0,0,0,-55000,0,0,0,0,55000,-55000,-55000
068531,瀚宇博元富04購03,0,0,0,0,0,0,0,0,0,-55000,0,0,0,45000,100000,-55000,-55000
067672,聯發科元大01購21,0,0,0,0,0,0,0,0,0,-55000,0,0,0,83000,138000,-55000,-55000
059886,可成國票99購04  ,0,0,0,0,0,0,0,0,0,-55000,0,0,0,68000,123000,-55000,-55000
020018,統一價值成長30N ,0,0,0,0,0,0,0,0,0,-55000,0,0,0,220000,275000,-55000,-55000
062982,同欣電元富9B購01,0,0,0,0,0,0,0,0,0,-55000,0,0,0,105000,160000,-55000,-55000
058651,FBVIX中信9C購01 ,0,0,0,0,0,0,0,0,0,-55000,0,0,0,0,55000,-55000,-55000
060031,旭富永豐99購02  ,0,0,0,0,0,0,0,0,0,-55000,0,0,0,0,55000,-55000,-55000
062809,同欣電統一9C購01,0,0,0,0,0,0,0,0,0,-55000,0,0,0,180000,235000,-55000,-55000
062247,國巨元大9B購07  ,0,0,0,0,0,0,0,0,0,-55000,0,0,0,0,55000,-55000,-55000
061269,嘉澤凱基9A購01  ,0,0,0,0,0,0,0,0,0,-55000,0,0,0,2000,57000,-55000,-55000
061730,旺宏統一01購02  ,0,0,0,0,0,0,0,0,0,-55000,0,0,0,85000,140000,-55000,-55000
066726,鴻海元大01購11  ,0,0,0,0,0,0,0,0,0,-55000,0,0,0,0,55000,-55000,-55000
067240,聯陽群益01購02  ,0,0,0,0,0,0,0,0,0,-55000,0,0,0,115000,170000,-55000,-55000
067380,華擎統一02購02  ,0,0,0,0,0,0,0,0,0,-55000,0,0,0,148000,203000,-55000,-55000
065651,中磊元大9C購01  ,0,0,0,0,0,0,0,0,0,-55000,0,0,0,276000,331000,-55000,-55000
065620,金融類元大9C購03,0,0,0,0,0,0,0,0,0,-55000,0,0,0,0,55000,-55000,-55000
065437,台表科凱基9C購03,0,0,0,0,0,0,0,0,0,-55000,0,0,0,38000,93000,-55000,-55000
065170,智邦元大9C購07  ,0,0,0,0,0,0,0,0,0,-55000,0,0,0,77000,132000,-55000,-55000
9924,福興            ,22000,77000,-55000,0,0,0,0,0,0,0,0,0,0,0,0,0,-55000
3702,大聯大          ,1176955,1290480,-113525,0,0,0,0,0,0,58000,144000,170000,-26000,84000,0,84000,-55525
067935,大立光凱基01購09,0,0,0,0,0,0,0,0,0,-56000,0,0,0,0,56000,-56000,-56000
068749,聯詠群益02購01  ,0,0,0,0,0,0,0,0,0,-56000,0,0,0,33000,89000,-56000,-56000
08095P,大立光元富9B售03,0,0,0,0,0,0,0,0,0,-56000,0,0,0,76000,132000,-56000,-56000
07948P,大成鋼凱基9B售01,0,0,0,0,0,0,0,0,0,-56000,0,0,0,0,56000,-56000,-56000
060035,臺股指永豐99購04,0,0,0,0,0,0,0,0,0,-56000,0,0,0,0,56000,-56000,-56000
064330,燿華元大9C購02  ,0,0,0,0,0,0,0,0,0,-56000,0,0,0,20000,76000,-56000,-56000
00680L,元大美債20正2   ,0,0,0,0,0,0,0,0,0,-56000,0,0,0,0,56000,-56000,-56000
03026P,國巨元大01售13  ,0,0,0,0,0,0,0,0,0,-56000,0,0,0,5000,61000,-56000,-56000
056689,玉晶光統一9A購03,0,0,0,0,0,0,0,0,0,-56000,0,0,0,47000,103000,-56000,-56000
063699,國巨群益9B購07  ,0,0,0,0,0,0,0,0,0,-56000,0,0,0,0,56000,-56000,-56000
062105,國巨國票9C購03  ,0,0,0,0,0,0,0,0,0,-56000,0,0,0,0,56000,-56000,-56000
063551,美食國票9B購02  ,0,0,0,0,0,0,0,0,0,-56000,0,0,0,5000,61000,-56000,-56000
062337,台表科統一01購01,0,0,0,0,0,0,0,0,0,-56000,0,0,0,0,56000,-56000,-56000
060855,華新科富邦01購01,0,0,0,0,0,0,0,0,0,-56000,0,0,0,1000,57000,-56000,-56000
064644,台光電凱基9C購01,0,0,0,0,0,0,0,0,0,-56000,0,0,0,71000,127000,-56000,-56000
065137,中鋼凱基01購01  ,0,0,0,0,0,0,0,0,0,-56000,0,0,0,80000,136000,-56000,-56000
065142,華邦電凱基01購01,0,0,0,0,0,0,0,0,0,-56000,0,0,0,0,56000,-56000,-56000
065609,嘉澤元大01購02  ,0,0,0,0,0,0,0,0,0,-56000,0,0,0,24000,80000,-56000,-56000
067551,欣興中信02購01  ,0,0,0,0,0,0,0,0,0,-56000,0,0,0,204000,260000,-56000,-56000
066288,晶碩元大01購01  ,0,0,0,0,0,0,0,0,0,-56000,0,0,0,100000,156000,-56000,-56000
3705,永信            ,106000,161000,-55000,0,0,0,0,0,0,-1000,0,0,0,0,1000,-1000,-56000
08275P,南亞科元富9C售01,0,0,0,0,0,0,0,0,0,-57000,0,0,0,4000,61000,-57000,-57000
068686,瑞儀中信02購01  ,0,0,0,0,0,0,0,0,0,-57000,0,0,0,113000,170000,-57000,-57000
068785,兆豐金康和02購01,0,0,0,0,0,0,0,0,0,-57000,0,0,0,6000,63000,-57000,-57000
068632,華新凱基03購01  ,0,0,0,0,0,0,0,0,0,-57000,0,0,0,20000,77000,-57000,-57000
068341,世紀鋼元大01購04,0,0,0,0,0,0,0,0,0,-57000,0,0,0,81000,138000,-57000,-57000
068024,聚陽元富07購02  ,0,0,0,0,0,0,0,0,0,-57000,0,0,0,0,57000,-57000,-57000
067855,達方國票02購01  ,0,0,0,0,0,0,0,0,0,-57000,0,0,0,31000,88000,-57000,-57000
059515,牧德永豐99購01  ,0,0,0,0,0,0,0,0,0,-57000,0,0,0,4000,61000,-57000,-57000
057524,旺宏元大99購04  ,0,0,0,0,0,0,0,0,0,-57000,0,0,0,0,57000,-57000,-57000
03324P,南六凱基02售03  ,0,0,0,0,0,0,0,0,0,-57000,0,0,0,0,57000,-57000,-57000
058712,鴻海統一9B購03  ,0,0,0,0,0,0,0,0,0,-57000,0,0,0,41000,98000,-57000,-57000
061127,美食永豐9A購01  ,0,0,0,0,0,0,0,0,0,-57000,0,0,0,0,57000,-57000,-57000
061049,奇力新中信9A購02,0,0,0,0,0,0,0,0,0,-57000,0,0,0,1000,58000,-57000,-57000
062372,旭富元大9B購01  ,0,0,0,0,0,0,0,0,0,-57000,0,0,0,0,57000,-57000,-57000
063313,南亞科群益9B購02,0,0,0,0,0,0,0,0,0,-57000,0,0,0,0,57000,-57000,-57000
066526,創意統一05購01  ,0,0,0,0,0,0,0,0,0,-57000,0,0,0,150000,207000,-57000,-57000
067297,台積電元大02購03,0,0,0,0,0,0,0,0,0,-57000,0,0,0,7000,64000,-57000,-57000
065653,同欣電元大03購01,0,0,0,0,0,0,0,0,0,-57000,0,0,0,56000,113000,-57000,-57000
065741,聯發科麥證9C購06,0,0,0,2000,59000,-57000,0,0,0,-57000,0,0,0,2000,59000,-57000,-57000
064956,麗豐凱基9C購01  ,0,0,0,0,0,0,0,0,0,-57000,0,0,0,3000,60000,-57000,-57000
2905,三商            ,190000,261000,-71000,0,0,0,0,0,0,14000,2000,0,2000,12000,0,12000,-57000
2453,凌群            ,24000,81000,-57000,0,0,0,0,0,0,0,0,0,0,0,0,0,-57000
068466,帆宣永豐01購02  ,0,0,0,0,0,0,0,0,0,-58000,0,0,0,225000,283000,-58000,-58000
068430,聯電凱基01購01  ,0,0,0,0,0,0,0,0,0,-58000,0,0,0,55000,113000,-58000,-58000
060253,昇陽半元大9C購01,0,0,0,0,0,0,0,0,0,-58000,0,0,0,0,58000,-58000,-58000
057282,大立光元大99購06,0,0,0,0,0,0,0,0,0,-58000,0,0,0,178000,236000,-58000,-58000
059766,同欣電永豐99購03,0,0,0,0,0,0,0,0,0,-58000,0,0,0,6000,64000,-58000,-58000
063145,台表科統一02購01,0,0,0,0,0,0,0,0,0,-58000,0,0,0,0,58000,-58000,-58000
062162,世紀鋼凱基9B購03,0,0,0,0,0,0,0,0,0,-58000,0,0,0,23000,81000,-58000,-58000
062195,聚陽中信9C購01  ,0,0,0,0,0,0,0,0,0,-58000,0,0,0,34000,92000,-58000,-58000
062215,華通統一9B購01  ,0,0,0,0,0,0,0,0,0,-58000,0,0,0,21000,79000,-58000,-58000
061037,嘉澤永豐9A購01  ,0,0,0,0,0,0,0,0,0,-58000,0,0,0,9000,67000,-58000,-58000
062275,燿華群益9B購01  ,0,0,0,0,0,0,0,0,0,-58000,0,0,0,21000,79000,-58000,-58000
064405,美食凱基01購02  ,0,0,0,0,0,0,0,0,0,-58000,0,0,0,2000,60000,-58000,-58000
062438,台光電元大9B購04,0,0,0,0,0,0,0,0,0,-58000,0,0,0,20000,78000,-58000,-58000
061512,國巨永豐9A購04  ,0,0,0,0,0,0,0,0,0,-58000,0,0,0,6000,64000,-58000,-58000
064530,康控中信9C購01  ,0,0,0,0,0,0,0,0,0,-58000,0,0,0,0,58000,-58000,-58000
064546,燿華凱基02購01  ,0,0,0,0,0,0,0,0,0,-58000,0,0,0,19000,77000,-58000,-58000
065525,瑞儀群益01購01  ,0,0,0,0,0,0,0,0,0,-58000,0,0,0,265000,323000,-58000,-58000
065361,上銀元大9C購11  ,0,0,0,0,0,0,0,0,0,-58000,0,0,0,51000,109000,-58000,-58000
065346,台光電統一02購01,0,0,0,0,0,0,0,0,0,-58000,0,0,0,0,58000,-58000,-58000
065939,創意群益01購01  ,0,0,0,0,0,0,0,0,0,-58000,0,0,0,26000,84000,-58000,-58000
067421,華邦電凱基01購02,0,0,0,0,0,0,0,0,0,-58000,0,0,0,0,58000,-58000,-58000
067162,康控國票02購01  ,0,0,0,0,0,0,0,0,0,-58000,0,0,0,13000,71000,-58000,-58000
067033,新日興康和01購01,0,0,0,0,0,0,0,0,0,-58000,0,0,0,26000,84000,-58000,-58000
08893P,京元電元大01售06,0,0,0,0,0,0,0,0,0,-58000,0,0,0,145000,203000,-58000,-58000
3518,柏騰            ,11000,69000,-58000,0,0,0,0,0,0,0,0,0,0,0,0,0,-58000
6192,巨路            ,2000,59000,-57000,0,0,0,0,0,0,-1000,0,1000,-1000,0,0,0,-58000
068770,大立光統一02購09,0,0,0,0,0,0,0,0,0,-59000,0,0,0,4000,63000,-59000,-59000
067917,冠德永豐01購01  ,0,0,0,0,0,0,0,0,0,-59000,0,0,0,96000,155000,-59000,-59000
068169,臺股指元大01購22,0,0,0,0,0,0,0,0,0,-59000,0,0,0,6000,65000,-59000,-59000
08312P,旺宏國票01售01  ,0,0,0,0,0,0,0,0,0,-59000,0,0,0,1000,60000,-59000,-59000
08167P,台積電兆豐9B售04,0,0,0,0,0,0,0,0,0,-59000,0,0,0,0,59000,-59000,-59000
069215,潤泰新元大02購01,0,0,0,0,0,0,0,0,0,-59000,0,0,0,0,59000,-59000,-59000
058808,大成鋼統一9B購01,0,0,0,0,0,0,0,0,0,-59000,0,0,0,40000,99000,-59000,-59000
064139,裕隆統一01購02  ,0,0,0,0,0,0,0,0,0,-59000,0,0,0,1000,60000,-59000,-59000
064639,聚陽凱基02購01  ,0,0,0,0,0,0,0,0,0,-59000,0,0,0,11000,70000,-59000,-59000
064746,貿聯國票01購02  ,0,0,0,0,0,0,0,0,0,-59000,0,0,0,5000,64000,-59000,-59000
065844,南亞科元大9C購09,0,0,0,0,0,0,0,0,0,-59000,0,0,0,178000,237000,-59000,-59000
065605,義隆元大01購02  ,0,0,0,0,0,0,0,0,0,-59000,0,0,0,40000,99000,-59000,-59000
066094,元黃金中信03購01,0,0,0,0,0,0,0,0,0,-59000,0,0,0,4000,63000,-59000,-59000
064536,富邦金國票01購01,0,0,0,0,0,0,0,0,0,-59000,0,0,0,149000,208000,-59000,-59000
8028,昇陽半導體      ,101000,174000,-73000,0,0,0,0,0,0,14000,1000,2000,-1000,15000,0,15000,-59000
07590P,玉晶光國票9A售03,0,0,0,0,0,0,0,0,0,-60000,0,0,0,0,60000,-60000,-60000
069036,冠德統一03購01  ,0,0,0,0,0,0,0,0,0,-60000,0,0,0,30000,90000,-60000,-60000
08339P,上銀統一9C售04  ,0,0,0,0,0,0,0,0,0,-60000,0,0,0,0,60000,-60000,-60000
07945P,上銀國票9B售02  ,0,0,0,0,0,0,0,0,0,-60000,0,0,0,0,60000,-60000,-60000
08065P,瑞昱凱基9B售03  ,0,0,0,0,0,0,0,0,0,-60000,0,0,0,0,60000,-60000,-60000
08357P,聯發科元大9C售09,0,0,0,0,0,0,0,0,0,-60000,0,0,0,0,60000,-60000,-60000
08698P,可成凱基01售02  ,0,0,0,0,0,0,0,0,0,-60000,0,0,0,30000,90000,-60000,-60000
068610,牧德凱基01購05  ,0,0,0,0,0,0,0,0,0,-60000,0,0,0,0,60000,-60000,-60000
060386,台勝科凱基9B購01,0,0,0,0,0,0,0,0,0,-60000,0,0,0,10000,70000,-60000,-60000
057864,奇力新凱基99購03,0,0,0,0,0,0,0,0,0,-60000,0,0,0,0,60000,-60000,-60000
058287,國巨國票9A購02  ,0,0,0,0,0,0,0,0,0,-60000,0,0,0,104000,164000,-60000,-60000
058568,宏達電凱基9A購02,0,0,0,0,0,0,0,0,0,-60000,0,0,0,0,60000,-60000,-60000
060628,和大富邦9B購01  ,0,0,0,0,0,0,0,0,0,-60000,0,0,0,0,60000,-60000,-60000
057700,新日興群益9A購01,0,0,0,0,0,0,0,0,0,-60000,0,0,0,4000,64000,-60000,-60000
057534,旭富元大98購01  ,0,0,0,0,0,0,0,0,0,-60000,0,0,0,0,60000,-60000,-60000
064702,百和群益01購01  ,0,0,0,0,0,0,0,0,0,-60000,0,0,0,56000,116000,-60000,-60000
064826,南亞科統一01購03,0,0,0,0,0,0,0,0,0,-60000,0,0,0,0,60000,-60000,-60000
062382,燿華國泰9C購01  ,0,0,0,0,0,0,0,0,0,-60000,0,0,0,15000,75000,-60000,-60000
061558,旺宏國票9B購02  ,0,0,0,0,0,0,0,0,0,-60000,0,0,0,0,60000,-60000,-60000
064619,南亞科元大9C購05,0,0,0,0,0,0,0,0,0,-60000,0,0,0,78000,138000,-60000,-60000
063958,瑞祺元大9C購01  ,0,0,0,0,0,0,0,0,0,-60000,0,0,0,64000,124000,-60000,-60000
063226,康控群益9B購03  ,0,0,0,0,0,0,0,0,0,-60000,0,0,0,73000,133000,-60000,-60000
064905,嘉聯益群益9C購01,0,0,0,0,0,0,0,0,0,-60000,0,0,0,0,60000,-60000,-60000
064948,致茂凱基01購01  ,0,0,0,0,0,0,0,0,0,-60000,0,0,0,0,60000,-60000,-60000
065962,鴻海元大01購04  ,0,0,0,0,0,0,0,0,0,-60000,0,0,0,141000,201000,-60000,-60000
065707,聯詠群益9C購02  ,0,0,0,0,0,0,0,0,0,-60000,0,0,0,0,60000,-60000,-60000
065777,正崴國泰03購01  ,0,0,0,0,0,0,0,0,0,-60000,0,0,0,0,60000,-60000,-60000
065892,聯發科統一02購04,0,0,0,0,0,0,0,0,0,-60000,0,0,0,161000,221000,-60000,-60000
067485,緯創元大01購01  ,0,0,0,0,0,0,0,0,0,-60000,0,0,0,175000,235000,-60000,-60000
066641,台郡凱基03購01  ,0,0,0,0,0,0,0,0,0,-60000,0,0,0,10000,70000,-60000,-60000
066821,臺指反群益01購03,0,0,0,0,0,0,0,0,0,-60000,0,0,0,0,60000,-60000,-60000
6197,佳必琪          ,34000,93000,-59000,0,0,0,0,0,0,-1000,0,1000,-1000,0,0,0,-60000
3557,嘉威            ,47000,107000,-60000,0,0,0,0,0,0,0,0,0,0,0,0,0,-60000
08878P,台積電凱基01售11,0,0,0,0,0,0,0,0,0,-60000,0,0,0,1000,61000,-60000,-60000
068625,信邦群益02購02  ,0,0,0,0,0,0,0,0,0,-61000,0,0,0,0,61000,-61000,-61000
068567,聯發科元大01購32,0,0,0,0,0,0,0,0,0,-61000,0,0,0,25000,86000,-61000,-61000
068499,京鼎元大01購07  ,0,0,0,0,0,0,0,0,0,-61000,0,0,0,32000,93000,-61000,-61000
067783,高鐵群益02購01  ,0,0,0,0,0,0,0,0,0,-61000,0,0,0,98000,159000,-61000,-61000
067713,聚陽凱基01購02  ,0,0,0,0,0,0,0,0,0,-61000,0,0,0,13000,74000,-61000,-61000
07033P,大立光統一9B售03,0,0,0,0,0,0,0,0,0,-61000,0,0,0,0,61000,-61000,-61000
069347,智易群益02購01  ,0,0,0,0,0,0,0,0,0,-61000,0,0,0,6000,67000,-61000,-61000
055653,聯詠元富01購02  ,0,0,0,0,0,0,0,0,0,-61000,0,0,0,0,61000,-61000,-61000
059850,日電貿永豐99購01,0,0,0,0,0,0,0,0,0,-61000,0,0,0,0,61000,-61000,-61000
064323,滬深2X元大9C購09,0,0,0,0,0,0,0,0,0,-61000,0,0,0,22000,83000,-61000,-61000
063608,力成凱基9B購03  ,0,0,0,0,0,0,0,0,0,-61000,0,0,0,24000,85000,-61000,-61000
061869,智邦元大9B購01  ,0,0,0,0,0,0,0,0,0,-61000,0,0,0,96000,157000,-61000,-61000
064814,祥碩元大9C購06  ,0,0,0,0,0,0,0,0,0,-61000,0,0,0,55000,116000,-61000,-61000
064491,金像電元大9C購03,0,0,0,0,0,0,0,0,0,-61000,0,0,0,55000,116000,-61000,-61000
066624,燿華凱基01購02  ,0,0,0,0,0,0,0,0,0,-61000,0,0,0,0,61000,-61000,-61000
067394,國巨永豐01購01  ,0,0,0,0,0,0,0,0,0,-61000,0,0,0,3000,64000,-61000,-61000
065125,奇力新永豐9C購01,0,0,0,0,0,0,0,0,0,-61000,0,0,0,17000,78000,-61000,-61000
08553P,嘉澤群益9C售01  ,0,0,0,0,0,0,0,0,0,-62000,0,0,0,0,62000,-62000,-62000
067560,聯詠國票02購01  ,0,0,0,0,0,0,0,0,0,-62000,0,0,0,0,62000,-62000,-62000
068362,南電凱基01購06  ,0,0,0,0,0,0,0,0,0,-62000,0,0,0,129000,191000,-62000,-62000
068559,鴻海元大01購29  ,0,0,0,0,0,0,0,0,0,-62000,0,0,0,0,62000,-62000,-62000
068827,鎧勝元大02購01  ,0,0,0,0,0,0,0,0,0,-62000,0,0,0,2000,64000,-62000,-62000
068806,景碩群益03購01  ,0,0,0,0,0,0,0,0,0,-62000,0,0,0,138000,200000,-62000,-62000
059761,國巨永豐99購06  ,0,0,0,0,0,0,0,0,0,-62000,0,0,0,0,62000,-62000,-62000
056943,華通統一99購01  ,0,0,0,0,0,0,0,0,0,-62000,0,0,0,111000,173000,-62000,-62000
064815,台表科元大01購01,0,0,0,0,0,0,0,0,0,-62000,0,0,0,128000,190000,-62000,-62000
062633,亞光國票9B購01  ,0,0,0,0,0,0,0,0,0,-62000,0,0,0,98000,160000,-62000,-62000
061104,華新科元大9A購13,0,0,0,0,0,0,0,0,0,-62000,0,0,0,8000,70000,-62000,-62000
061468,神達群益9A購01  ,0,0,0,0,0,0,0,0,0,-62000,0,0,0,0,62000,-62000,-62000
060912,華新科元大9A購10,0,0,0,0,0,0,0,0,0,-62000,0,0,0,2000,64000,-62000,-62000
061960,國巨統一01購05  ,0,0,0,0,0,0,0,0,0,-62000,0,0,0,61000,123000,-62000,-62000
061939,中租國票9B購01  ,0,0,0,0,0,0,0,0,0,-62000,0,0,0,0,62000,-62000,-62000
061936,旺宏國票9B購03  ,0,0,0,0,0,0,0,0,0,-62000,0,0,0,0,62000,-62000,-62000
063345,嘉晶統一9C購02  ,0,0,0,0,0,0,0,0,0,-62000,0,0,0,0,62000,-62000,-62000
065062,亞光群益9C購01  ,0,0,0,0,0,0,0,0,0,-62000,0,0,0,24000,86000,-62000,-62000
065744,華新元大9C購01  ,0,0,0,0,0,0,0,0,0,-62000,0,0,0,69000,131000,-62000,-62000
066237,京鼎富邦04購01  ,0,0,0,0,0,0,0,0,0,-62000,0,0,0,18000,80000,-62000,-62000
067363,同欣電群益01購02,0,0,0,0,0,0,0,0,0,-62000,0,0,0,0,62000,-62000,-62000
067462,台灣50元大01購27,0,0,0,0,0,0,0,0,0,-62000,0,0,0,100000,162000,-62000,-62000
08835P,聯發科統一01售12,0,0,0,0,0,0,0,0,0,-62000,0,0,0,0,62000,-62000,-62000
1423,利華            ,87000,145000,-58000,0,0,0,0,0,0,-4000,0,4000,-4000,0,0,0,-62000
2360,致茂            ,528000,536000,-8000,0,0,0,0,67000,-67000,13000,14000,2000,12000,1000,0,1000,-62000
068750,欣興群益02購01  ,5000,0,5000,0,0,0,0,0,0,-68000,0,0,0,111000,179000,-68000,-63000
068720,台積電元大02購14,0,0,0,0,0,0,0,0,0,-63000,0,0,0,96000,159000,-63000,-63000
068500,華擎元大01購09  ,0,0,0,0,0,0,0,0,0,-63000,0,0,0,0,63000,-63000,-63000
068250,聯發科元大02購04,0,0,0,0,0,0,0,0,0,-63000,0,0,0,110000,173000,-63000,-63000
08214P,南六統一9B售03  ,0,0,0,0,0,0,0,0,0,-63000,0,0,0,65000,128000,-63000,-63000
057446,旺宏元富02購01  ,0,0,0,0,0,0,0,0,0,-63000,0,0,0,0,63000,-63000,-63000
064347,貿聯元大9C購03  ,0,0,0,0,0,0,0,0,0,-63000,0,0,0,0,63000,-63000,-63000
057944,新日興國票99購02,0,0,0,0,0,0,0,0,0,-63000,0,0,0,0,63000,-63000,-63000
060213,牧德康和9A購01  ,0,0,0,0,0,0,0,0,0,-63000,0,0,0,0,63000,-63000,-63000
063362,台表科國泰01購03,0,0,0,0,0,0,0,0,0,-63000,0,0,0,0,63000,-63000,-63000
063506,嘉晶群益9B購01  ,0,0,0,0,0,0,0,0,0,-63000,0,0,0,12000,75000,-63000,-63000
063676,上銀國泰9C購02  ,0,0,0,0,0,0,0,0,0,-63000,0,0,0,551000,614000,-63000,-63000
063554,GIS國票9C購03   ,0,0,0,0,0,0,0,0,0,-63000,0,0,0,20000,83000,-63000,-63000
064121,國巨元大9C購16  ,0,0,0,0,0,0,0,0,0,-63000,0,0,0,10000,73000,-63000,-63000
067173,京鼎兆豐01購01  ,0,0,0,0,0,0,0,0,0,-63000,0,0,0,38000,101000,-63000,-63000
067121,台虹群益01購01  ,0,0,0,0,0,0,0,0,0,-63000,0,0,0,0,63000,-63000,-63000
067134,國揚永豐01購02  ,0,0,0,0,0,0,0,0,0,-63000,0,0,0,16000,79000,-63000,-63000
066522,建準中信01購01  ,0,0,0,0,0,0,0,0,0,-63000,0,0,0,6000,69000,-63000,-63000
066292,惠特元大01購02  ,0,0,0,0,0,0,0,0,0,-63000,0,0,0,0,63000,-63000,-63000
066102,國揚國票02購01  ,0,0,0,0,0,0,0,0,0,-63000,0,0,0,22000,85000,-63000,-63000
2832,台產            ,1000,64000,-63000,0,0,0,0,0,0,0,0,0,0,0,0,0,-63000
07844P,可成國票9A售01  ,0,0,0,0,0,0,0,0,0,-64000,0,0,0,102000,166000,-64000,-64000
07883P,可成凱基9B售03  ,0,0,0,0,0,0,0,0,0,-64000,0,0,0,42000,106000,-64000,-64000
068511,國巨統一07購01  ,0,0,0,0,0,0,0,0,0,-64000,0,0,0,1000,65000,-64000,-64000
067932,技嘉凱基01購01  ,0,0,0,0,0,0,0,0,0,-64000,0,0,0,1000,65000,-64000,-64000
060029,嘉晶永豐99購03  ,0,0,0,0,0,0,0,0,0,-64000,0,0,0,53000,117000,-64000,-64000
057739,新日興富邦9B購01,0,0,0,0,0,0,0,0,0,-64000,0,0,0,52000,116000,-64000,-64000
064186,燿華永豐9C購01  ,0,0,0,0,0,0,0,0,0,-64000,0,0,0,0,64000,-64000,-64000
03003P,京鼎群益01售02  ,0,0,0,0,0,0,0,0,0,-64000,0,0,0,36000,100000,-64000,-64000
03225P,國巨凱基02售08  ,0,0,0,0,0,0,0,0,0,-64000,0,0,0,0,64000,-64000,-64000
064023,智邦元大9C購02  ,0,0,0,0,0,0,0,0,0,-64000,0,0,0,52000,116000,-64000,-64000
064206,鴻海凱基03購02  ,0,0,0,0,0,0,0,0,0,-64000,0,0,0,137000,201000,-64000,-64000
063744,儒鴻國票9C購01  ,0,0,0,0,0,0,0,0,0,-64000,0,0,0,6000,70000,-64000,-64000
061136,可成統一9A購01  ,0,0,0,0,0,0,0,0,0,-64000,0,0,0,6000,70000,-64000,-64000
062319,南六凱基9B購02  ,0,0,0,0,0,0,0,0,0,-64000,0,0,0,0,64000,-64000,-64000
065980,中租元大02購01  ,0,0,0,0,0,0,0,0,0,-64000,0,0,0,276000,340000,-64000,-64000
064944,亞德客凱基9C購03,0,0,0,0,0,0,0,0,0,-64000,0,0,0,49000,113000,-64000,-64000
064928,同欣電統一01購02,0,0,0,0,0,0,0,0,0,-64000,0,0,0,10000,74000,-64000,-64000
066459,智原統一01購01  ,0,0,0,0,0,0,0,0,0,-64000,0,0,0,41000,105000,-64000,-64000
066868,聯發科元富07購01,0,0,0,0,0,0,0,0,0,-64000,0,0,0,16000,80000,-64000,-64000
067495,日月光元大01購04,0,0,0,0,0,0,0,0,0,-64000,0,0,0,301000,365000,-64000,-64000
067359,牧德群益01購02  ,0,0,0,0,0,0,0,0,0,-64000,0,0,0,30000,94000,-64000,-64000
3703,欣陸            ,357000,688000,-331000,0,0,0,0,0,0,267000,267000,0,267000,0,0,0,-64000
6224,聚鼎            ,24000,92000,-68000,0,0,0,0,0,0,4000,4000,0,4000,0,0,0,-64000
067889,大毅群益01購03  ,0,0,0,0,0,0,0,0,0,-65000,0,0,0,2000,67000,-65000,-65000
067742,大立光元大01購16,0,0,0,0,0,0,0,0,0,-65000,0,0,0,15000,80000,-65000,-65000
08727P,健策群益01售07  ,0,0,0,0,0,0,0,0,0,-65000,0,0,0,1000,66000,-65000,-65000
03395P,大立光國泰04售02,0,0,0,0,0,0,0,0,0,-65000,0,0,0,0,65000,-65000,-65000
064300,英業達兆豐9C購01,0,0,0,0,0,0,0,0,0,-65000,0,0,0,15000,80000,-65000,-65000
064343,健鼎元大9C購01  ,0,0,0,0,0,0,0,0,0,-65000,0,0,0,5000,70000,-65000,-65000
057878,台郡元大99購04  ,0,0,0,0,0,0,0,0,0,-65000,0,0,0,5000,70000,-65000,-65000
058510,全新元大9B購02  ,0,0,0,0,0,0,0,0,0,-65000,0,0,0,0,65000,-65000,-65000
062598,華通台新9B購02  ,0,0,0,0,0,0,0,0,0,-65000,0,0,0,0,65000,-65000,-65000
062350,台表科群益9B購01,0,0,0,0,0,0,0,0,0,-65000,0,0,0,10000,75000,-65000,-65000
064610,儒鴻元大9C購03  ,0,0,0,0,0,0,0,0,0,-65000,0,0,0,124000,189000,-65000,-65000
062408,致新永豐9B購01  ,0,0,0,0,0,0,0,0,0,-65000,0,0,0,45000,110000,-65000,-65000
063934,寶成統一02購01  ,0,0,0,0,0,0,0,0,0,-65000,0,0,0,113000,178000,-65000,-65000
066684,T50反1元富07購01,0,0,0,0,0,0,0,0,0,-65000,0,0,0,0,65000,-65000,-65000
064900,景碩群益01購01  ,0,0,0,0,0,0,0,0,0,-65000,0,0,0,5000,70000,-65000,-65000
065099,聯茂元大9C購03  ,0,0,0,0,0,0,0,0,0,-65000,0,0,0,0,65000,-65000,-65000
065228,南亞科凱基01購03,0,0,0,0,0,0,0,0,0,-65000,0,0,0,68000,133000,-65000,-65000
065657,智邦富邦9C購01  ,0,0,0,0,0,0,0,0,0,-65000,0,0,0,0,65000,-65000,-65000
1587,吉茂            ,28000,93000,-65000,0,0,0,0,0,0,0,0,0,0,0,0,0,-65000
5876,上海商銀        ,1802275,2038818,-236543,0,0,0,18000,0,18000,153000,44000,4000,40000,184000,71000,113000,-65543
08701P,景碩康和01售02  ,0,0,0,0,0,0,0,0,0,-66000,0,0,0,0,66000,-66000,-66000
08610P,鴻海凱基9C售05  ,0,0,0,0,0,0,0,0,0,-66000,0,0,0,56000,122000,-66000,-66000
069006,義隆兆豐04購01  ,0,0,0,0,0,0,0,0,0,-66000,0,0,0,44000,110000,-66000,-66000
067653,可成元富07購03  ,0,0,0,0,0,0,0,0,0,-66000,0,0,0,14000,80000,-66000,-66000
060008,華邦電群益9A購01,0,0,0,0,0,0,0,0,0,-66000,0,0,0,49000,115000,-66000,-66000
063054,健鼎統一01購01  ,0,0,0,0,0,0,0,0,0,-66000,0,0,0,2000,68000,-66000,-66000
063420,奇力新凱基9B購03,0,0,0,0,0,0,0,0,0,-66000,0,0,0,57000,123000,-66000,-66000
061747,南亞科統一01購01,0,0,0,0,0,0,0,0,0,-66000,0,0,0,115000,181000,-66000,-66000
062812,國巨兆豐9B購03  ,0,0,0,0,0,0,0,0,0,-66000,0,0,0,0,66000,-66000,-66000
065442,健鼎麥證9C購01  ,0,0,0,0,66000,-66000,0,0,0,-66000,0,0,0,0,66000,-66000,-66000
067091,台虹元大01購02  ,0,0,0,0,0,0,0,0,0,-66000,0,0,0,55000,121000,-66000,-66000
066947,聯發科元大01購15,10000,0,10000,0,0,0,0,0,0,-76000,0,0,0,48000,124000,-76000,-66000
4141,龍燈-KY         ,9000,75000,-66000,0,0,0,0,0,0,0,0,0,0,0,0,0,-66000
4551,智伸科          ,52000,80000,-28000,0,0,0,0,0,0,-38000,40000,30000,10000,4000,52000,-48000,-66000
067933,微星凱基02購04  ,0,0,0,0,0,0,0,0,0,-67000,0,0,0,103000,170000,-67000,-67000
068151,瑞昱元大01購05  ,0,0,0,0,0,0,0,0,0,-67000,0,0,0,187000,254000,-67000,-67000
069303,聯電凱基03購08  ,0,0,0,0,0,0,0,0,0,-67000,0,0,0,0,67000,-67000,-67000
060718,中磊永豐9A購01  ,0,0,0,0,0,0,0,0,0,-67000,0,0,0,0,67000,-67000,-67000
061659,信邦永豐9A購01  ,0,0,0,0,0,0,0,0,0,-67000,0,0,0,11000,78000,-67000,-67000
063515,香港2X凱基01購01,0,0,0,0,0,0,0,0,0,-67000,0,0,0,3000,70000,-67000,-67000
063440,上銀統一01購02  ,0,0,0,0,0,0,0,0,0,-67000,0,0,0,46000,113000,-67000,-67000
062153,智邦麥證9B購01  ,0,0,0,100000,77000,23000,0,0,0,-67000,0,0,0,110000,177000,-67000,-67000
062091,世紀鋼元大9B購01,0,0,0,0,0,0,0,0,0,-67000,0,0,0,100000,167000,-67000,-67000
067490,嘉澤元大01購04  ,0,0,0,0,0,0,0,0,0,-67000,0,0,0,30000,97000,-67000,-67000
065917,全新凱基02購01  ,0,0,0,0,0,0,0,0,0,-67000,0,0,0,10000,77000,-67000,-67000
08584P,立積群益9C售02  ,0,0,0,0,0,0,0,0,0,-68000,0,0,0,22000,90000,-68000,-68000
08077P,亞德客國票9B售02,0,0,0,0,0,0,0,0,0,-68000,0,0,0,158000,226000,-68000,-68000
068072,聯發科凱基01購18,0,0,0,0,0,0,0,0,0,-68000,0,0,0,0,68000,-68000,-68000
067552,亞光兆豐01購01  ,0,0,0,0,0,0,0,0,0,-68000,0,0,0,0,68000,-68000,-68000
067593,亞德客凱基01購01,0,0,0,0,0,0,0,0,0,-68000,0,0,0,41000,109000,-68000,-68000
067866,可成元大01購09  ,0,0,0,0,0,0,0,0,0,-68000,0,0,0,8000,76000,-68000,-68000
068310,欣興國票03購02  ,0,0,0,0,0,0,0,0,0,-68000,0,0,0,56000,124000,-68000,-68000
068492,聯發科元大01購29,0,0,0,0,0,0,0,0,0,-68000,0,0,0,31000,99000,-68000,-68000
057275,友達元大9A購04  ,0,0,0,0,0,0,0,0,0,-68000,0,0,0,0,68000,-68000,-68000
063588,華新科永豐9B購02,0,0,0,0,0,0,0,0,0,-68000,0,0,0,0,68000,-68000,-68000
063689,可成永豐9B購04  ,0,0,0,0,0,0,0,0,0,-68000,0,0,0,0,68000,-68000,-68000
063501,旭富永豐9B購02  ,0,0,0,0,0,0,0,0,0,-68000,0,0,0,0,68000,-68000,-68000
062074,旺宏元大9B購04  ,0,0,0,0,0,0,0,0,0,-68000,0,0,0,0,68000,-68000,-68000
063298,統一凱基9B購01  ,0,0,0,0,0,0,0,0,0,-68000,0,0,0,2000,70000,-68000,-68000
062759,旺宏凱基9B購07  ,0,0,0,0,0,0,0,0,0,-68000,0,0,0,0,68000,-68000,-68000
060925,華新科永豐9A購01,0,0,0,0,0,0,0,0,0,-68000,0,0,0,0,68000,-68000,-68000
060864,可成永豐9A購01  ,0,0,0,0,0,0,0,0,0,-68000,0,0,0,0,68000,-68000,-68000
062491,矽創永豐9B購01  ,0,0,0,0,0,0,0,0,0,-68000,0,0,0,0,68000,-68000,-68000
064505,康控元大9C購01  ,0,0,0,0,0,0,0,0,0,-68000,0,0,0,27000,95000,-68000,-68000
065679,聯發科統一03購01,0,0,0,0,0,0,0,0,0,-68000,0,0,0,23000,91000,-68000,-68000
065179,同欣電元大02購01,0,0,0,0,0,0,0,0,0,-68000,0,0,0,0,68000,-68000,-68000
064563,全新群益02購01  ,0,0,0,0,0,0,0,0,0,-68000,0,0,0,10000,78000,-68000,-68000
067004,義隆永豐01購01  ,0,0,0,0,0,0,0,0,0,-68000,0,0,0,10000,78000,-68000,-68000
066576,矽創元大01購02  ,0,0,0,0,0,0,0,0,0,-68000,0,0,0,137000,205000,-68000,-68000
08796P,晶技凱基01售01  ,0,0,0,0,0,0,0,0,0,-68000,0,0,0,0,68000,-68000,-68000
1760,寶齡富錦        ,409000,477000,-68000,0,0,0,0,0,0,0,0,0,0,0,0,0,-68000
068339,GIS元大01購05   ,0,0,0,0,0,0,0,0,0,-69000,0,0,0,192000,261000,-69000,-69000
068753,聯發科國泰06購01,0,0,0,0,0,0,0,0,0,-69000,0,0,0,47000,116000,-69000,-69000
067705,遠東新元富01購01,0,0,0,0,0,0,0,0,0,-69000,0,0,0,3000,72000,-69000,-69000
08178P,南亞科元大9B售01,0,6000,-6000,0,0,0,0,0,0,-63000,0,0,0,7000,70000,-63000,-69000
063626,聚陽元大9B購03  ,0,0,0,0,0,0,0,0,0,-69000,0,0,0,78000,147000,-69000,-69000
064193,華新群益9C購01  ,0,0,0,0,0,0,0,0,0,-69000,0,0,0,33000,102000,-69000,-69000
064510,GIS元大01購01   ,0,0,0,0,0,0,0,0,0,-69000,0,0,0,6000,75000,-69000,-69000
064486,聚陽元大9C購01  ,0,0,0,0,0,0,0,0,0,-69000,0,0,0,38000,107000,-69000,-69000
061378,南六永豐9A購03  ,0,0,0,0,0,0,0,0,0,-69000,0,0,0,43000,112000,-69000,-69000
062003,國巨國泰01購01  ,0,0,0,0,0,0,0,0,0,-69000,0,0,0,1000,70000,-69000,-69000
08873P,欣興永豐01售01  ,0,0,0,0,0,0,0,0,0,-69000,0,0,0,45000,114000,-69000,-69000
6139,亞翔            ,77000,146000,-69000,0,0,0,0,0,0,0,0,0,0,0,0,0,-69000
07972P,大立光統一9C售05,0,0,0,0,0,0,0,0,0,-70000,0,0,0,0,70000,-70000,-70000
08642P,華新科群益9C售06,0,0,0,0,0,0,0,0,0,-70000,0,0,0,210000,280000,-70000,-70000
08699P,南電元大01售05  ,0,0,0,0,0,0,0,0,0,-70000,0,0,0,100000,170000,-70000,-70000
08401P,玉晶光元富9C售04,0,0,0,0,0,0,0,0,0,-70000,0,0,0,30000,100000,-70000,-70000
069378,金像電元大02購06,0,0,0,0,0,0,0,0,0,-70000,0,0,0,0,70000,-70000,-70000
07070P,晶相光元富99售01,0,0,0,0,0,0,0,0,0,-70000,0,0,0,0,70000,-70000,-70000
069055,台表科元富08購01,0,0,0,0,0,0,0,0,0,-70000,0,0,0,0,70000,-70000,-70000
067646,元金2X元富01購01,0,0,0,0,0,0,0,0,0,-70000,0,0,0,0,70000,-70000,-70000
067591,聚陽凱基02購02  ,0,0,0,0,0,0,0,0,0,-70000,0,0,0,0,70000,-70000,-70000
067605,新日興凱基02購02,0,0,0,0,0,0,0,0,0,-70000,0,0,0,0,70000,-70000,-70000
068692,為升凱基02購03  ,0,0,0,0,0,0,0,0,0,-70000,0,0,0,0,70000,-70000,-70000
068704,精元國票03購01  ,0,0,0,0,0,0,0,0,0,-70000,0,0,0,40000,110000,-70000,-70000
068614,台郡凱基01購04  ,0,0,0,0,0,0,0,0,0,-70000,0,0,0,0,70000,-70000,-70000
068436,聯發科凱基03購06,0,0,0,0,0,0,0,0,0,-70000,0,0,0,0,70000,-70000,-70000
068440,華擎凱基01購04  ,0,0,0,0,0,0,0,0,0,-70000,0,0,0,0,70000,-70000,-70000
059170,康控凱基9B購01  ,0,0,0,0,0,0,0,0,0,-70000,0,0,0,2000,72000,-70000,-70000
060665,康控凱基9A購01  ,0,0,0,0,0,0,0,0,0,-70000,0,0,0,0,70000,-70000,-70000
054638,國泰金中信99購01,0,0,0,0,0,0,0,0,0,-70000,0,0,0,0,70000,-70000,-70000
058987,華新科凱基9B購01,0,0,0,0,0,0,0,0,0,-70000,0,0,0,2000,72000,-70000,-70000
061164,燿華兆豐9B購01  ,0,0,0,0,0,0,0,0,0,-70000,0,0,0,2000,72000,-70000,-70000
063417,金像電凱基9B購03,0,0,0,0,0,0,0,0,0,-70000,0,0,0,120000,190000,-70000,-70000
063425,台勝科凱基9B購02,0,0,0,0,0,0,0,0,0,-70000,0,0,0,0,70000,-70000,-70000
062072,國巨元大9B購05  ,0,0,0,0,0,0,0,0,0,-70000,0,0,0,0,70000,-70000,-70000
062919,聯茂元大9B購01  ,0,0,0,0,0,0,0,0,0,-70000,0,0,0,181000,251000,-70000,-70000
063899,同欣電群益9C購01,0,0,0,0,0,0,0,0,0,-70000,0,0,0,7000,77000,-70000,-70000
063093,國產國票9B購01  ,0,0,0,0,0,0,0,0,0,-70000,0,0,0,224000,294000,-70000,-70000
064672,同欣電元大01購01,0,0,0,0,0,0,0,0,0,-70000,0,0,0,1000,71000,-70000,-70000
066539,晶技兆豐01購02  ,0,0,0,0,0,0,0,0,0,-70000,0,0,0,7000,77000,-70000,-70000
066326,敦陽科永豐01購01,0,0,0,0,0,0,0,0,0,-70000,0,0,0,50000,120000,-70000,-70000
066682,聯詠兆豐03購01  ,0,0,0,0,0,0,0,0,0,-70000,0,0,0,1000,71000,-70000,-70000
066720,滬深2X元大01購07,0,0,0,0,0,0,0,0,0,-70000,0,0,0,20000,90000,-70000,-70000
066747,台郡元大01購03  ,0,0,0,0,0,0,0,0,0,-70000,0,0,0,79000,149000,-70000,-70000
067492,健策元大01購11  ,0,0,0,0,0,0,0,0,0,-70000,0,0,0,1000,71000,-70000,-70000
065129,上銀兆豐01購01  ,0,0,0,0,0,0,0,0,0,-70000,0,0,0,16000,86000,-70000,-70000
065407,世紀鋼富邦01購01,0,0,0,0,0,0,0,0,0,-70000,0,0,0,0,70000,-70000,-70000
065570,台光電群益01購01,0,0,0,0,0,0,0,0,0,-70000,0,0,0,17000,87000,-70000,-70000
066251,川湖元大01購01  ,0,0,0,0,0,0,0,0,0,-70000,0,0,0,145000,215000,-70000,-70000
5522,遠雄            ,310000,558000,-248000,0,0,0,0,0,0,178000,193000,15000,178000,0,0,0,-70000
6706,惠特            ,202000,107000,95000,0,0,0,0,151000,-151000,-14000,0,0,0,18000,32000,-14000,-70000
08779P,旺宏群益01售04  ,0,0,0,0,0,0,0,0,0,-70000,0,0,0,40000,110000,-70000,-70000
08955P,台灣50凱基04售09,0,0,0,0,0,0,0,0,0,-70000,0,0,0,80000,150000,-70000,-70000
069000,亞德客兆豐03購01,0,0,0,0,0,0,0,0,0,-71000,0,0,0,0,71000,-71000,-71000
06950P,鴻海統一9B售02  ,0,0,0,0,0,0,0,0,0,-71000,0,0,0,0,71000,-71000,-71000
060654,大毅群益9B購01  ,0,0,0,0,0,0,0,0,0,-71000,0,0,0,0,71000,-71000,-71000
059219,旺宏元大99購12  ,0,0,0,0,0,0,0,0,0,-71000,0,0,0,2000,73000,-71000,-71000
063026,南六元大9B購04  ,0,0,0,0,0,0,0,0,0,-71000,0,0,0,50000,121000,-71000,-71000
064135,復盛元大9C購01  ,0,0,0,0,0,0,0,0,0,-71000,0,0,0,0,71000,-71000,-71000
064655,聚陽元大9C購02  ,0,0,0,0,0,0,0,0,0,-71000,0,0,0,41000,112000,-71000,-71000
062488,台光電永豐9B購02,0,0,0,0,0,0,0,0,0,-71000,0,0,0,1000,72000,-71000,-71000
061366,台勝科國票9A購01,0,0,0,0,0,0,0,0,0,-71000,0,0,0,12000,83000,-71000,-71000
063970,大立光國票01購01,0,0,0,0,0,0,0,0,0,-71000,0,0,0,0,71000,-71000,-71000
061597,南六永豐9A購04  ,0,0,0,0,0,0,0,0,0,-71000,0,0,0,16000,87000,-71000,-71000
065683,嘉聯益統一03購01,0,0,0,0,0,0,0,0,0,-71000,0,0,0,122000,193000,-71000,-71000
065774,旭富國票01購01  ,0,0,0,0,0,0,0,0,0,-71000,0,0,0,0,71000,-71000,-71000
065845,友達元大9C購12  ,0,0,0,0,0,0,0,0,0,-71000,0,0,0,7000,78000,-71000,-71000
065562,同欣電麥證9C購04,0,0,0,0,71000,-71000,0,0,0,-71000,0,0,0,0,71000,-71000,-71000
067479,京元電元大01購05,0,0,0,0,0,0,0,0,0,-71000,0,0,0,263000,334000,-71000,-71000
067509,京鼎統一01購01  ,0,0,0,0,0,0,0,0,0,-71000,0,0,0,163000,234000,-71000,-71000
066618,南六康和01購01  ,0,0,0,0,0,0,0,0,0,-71000,0,0,0,58000,129000,-71000,-71000
066844,聯發科元大01購12,0,0,0,0,0,0,0,0,0,-71000,0,0,0,24000,95000,-71000,-71000
2107,厚生            ,112000,184000,-72000,0,0,0,0,0,0,1000,1000,0,1000,0,0,0,-71000
4104,佳醫            ,11000,82000,-71000,0,0,0,0,0,0,0,0,0,0,0,0,0,-71000
069230,申豐群益02購01  ,0,0,0,0,0,0,0,0,0,-72000,0,0,0,0,72000,-72000,-72000
07964P,大立光統一9B售12,0,0,0,0,0,0,0,0,0,-72000,0,0,0,0,72000,-72000,-72000
08090P,嘉澤統一9B售01  ,0,0,0,0,0,0,0,0,0,-72000,0,0,0,166000,238000,-72000,-72000
068327,聯發科元大01購27,0,0,0,0,0,0,0,0,0,-72000,0,0,0,11000,83000,-72000,-72000
068294,玉晶光兆豐03購01,0,0,0,0,0,0,0,0,0,-72000,0,0,0,60000,132000,-72000,-72000
068284,香港反群益01購01,0,0,0,0,0,0,0,0,0,-72000,0,0,0,0,72000,-72000,-72000
068617,康舒國票03購01  ,0,0,0,0,0,0,0,0,0,-72000,0,0,0,504000,576000,-72000,-72000
068551,台灣50元大01購37,0,0,0,0,0,0,0,0,0,-72000,0,0,0,0,72000,-72000,-72000
068065,京鼎兆豐01購02  ,0,0,0,0,0,0,0,0,0,-72000,0,0,0,17000,89000,-72000,-72000
068186,GIS群益01購03   ,0,0,0,0,0,0,0,0,0,-72000,0,0,0,26000,98000,-72000,-72000
063640,貿聯元大9B購03  ,0,0,0,0,0,0,0,0,0,-72000,0,0,0,3000,75000,-72000,-72000
058148,百和元大99購01  ,0,0,0,0,0,0,0,0,0,-72000,0,0,0,8000,80000,-72000,-72000
064081,國產中信06購01  ,0,0,0,0,0,0,0,0,0,-72000,0,0,0,276000,348000,-72000,-72000
061833,華新科凱基02購01,0,0,0,0,0,0,0,0,0,-72000,0,0,0,10000,82000,-72000,-72000
063494,金像電富邦9B購01,0,0,0,0,0,0,0,0,0,-72000,0,0,0,184000,256000,-72000,-72000
064584,英業達永豐9C購01,0,0,0,0,0,0,0,0,0,-72000,0,0,0,24000,96000,-72000,-72000
067548,亞德客中信03購01,0,0,0,0,0,0,0,0,0,-72000,0,0,0,0,72000,-72000,-72000
067489,華擎元大01購06  ,0,0,0,0,0,0,0,0,0,-72000,0,0,0,2000,74000,-72000,-72000
066938,敦泰國票02購01  ,0,0,0,0,0,0,0,0,0,-72000,0,0,0,35000,107000,-72000,-72000
065874,智原群益9C購01  ,0,0,0,0,0,0,0,0,0,-72000,0,0,0,6000,78000,-72000,-72000
065869,微星群益02購01  ,0,0,0,0,0,0,0,0,0,-72000,0,0,0,0,72000,-72000,-72000
068595,台積電統一03購10,0,0,0,0,0,0,0,0,0,-73000,0,0,0,3000,76000,-73000,-73000
068814,台光電元大02購01,0,0,0,0,0,0,0,0,0,-73000,0,0,0,1000,74000,-73000,-73000
08060P,嘉澤元大9B售01  ,0,0,0,0,0,0,0,0,0,-73000,0,0,0,371000,444000,-73000,-73000
07035P,大立光元富99售04,0,0,0,0,0,0,0,0,0,-73000,0,0,0,0,73000,-73000,-73000
055205,京鼎中信99購01  ,0,0,0,0,0,0,0,0,0,-73000,0,0,0,50000,123000,-73000,-73000
020004,兆豐電菁英30N   ,0,0,0,0,0,0,0,0,0,-73000,0,0,0,0,73000,-73000,-73000
062432,上銀元大9B購04  ,0,0,0,0,0,0,0,0,0,-73000,0,0,0,104000,177000,-73000,-73000
062332,大立光統一9B購11,0,0,0,0,0,0,0,0,0,-73000,0,0,0,926000,999000,-73000,-73000
062793,鴻海統一9B購06  ,0,0,0,0,0,0,0,0,0,-73000,0,0,0,0,73000,-73000,-73000
062915,嘉澤元大9B購03  ,0,0,0,0,0,0,0,0,0,-73000,0,0,0,19000,92000,-73000,-73000
061639,晶豪科元大9A購02,0,0,0,0,0,0,0,0,0,-73000,0,0,0,10000,83000,-73000,-73000
062237,緯創凱基9B購01  ,0,0,0,0,0,0,0,0,0,-73000,0,0,0,38000,111000,-73000,-73000
062543,華通富邦9C購01  ,0,0,0,0,0,0,0,0,0,-73000,0,0,0,45000,118000,-73000,-73000
065857,嘉聯益元大9C購03,0,0,0,0,0,0,0,0,0,-73000,0,0,0,27000,100000,-73000,-73000
065849,景碩元大9C購03  ,0,0,0,0,0,0,0,0,0,-73000,0,0,0,157000,230000,-73000,-73000
065817,聯發科元富03購08,0,0,0,0,0,0,0,0,0,-73000,0,0,0,194000,267000,-73000,-73000
065800,技嘉群益9C購01  ,0,0,0,0,0,0,0,0,0,-73000,0,0,0,9000,82000,-73000,-73000
066256,華通元大02購02  ,0,0,0,0,0,0,0,0,0,-73000,0,0,0,36000,109000,-73000,-73000
1537,廣隆            ,17000,79000,-62000,0,0,0,0,11000,-11000,0,0,0,0,0,0,0,-73000
069003,台積電兆豐03購06,0,0,0,0,0,0,0,0,0,-74000,0,0,0,44000,118000,-74000,-74000
067647,鴻海元富07購09  ,0,0,0,0,0,0,0,0,0,-74000,0,0,0,26000,100000,-74000,-74000
03212P,健策國票03售03  ,0,0,0,0,0,0,0,0,0,-74000,0,0,0,0,74000,-74000,-74000
059688,燿華永豐99購01  ,0,0,0,0,0,0,0,0,0,-74000,0,0,0,0,74000,-74000,-74000
057863,美律凱基9A購01  ,0,0,0,0,0,0,0,0,0,-74000,0,0,0,20000,94000,-74000,-74000
063377,泰鼎永豐9B購03  ,0,0,0,0,0,0,0,0,0,-74000,0,0,0,76000,150000,-74000,-74000
062674,百和中信03購01  ,0,0,0,0,0,0,0,0,0,-74000,0,0,0,18000,92000,-74000,-74000
061090,奇力新統一9C購01,0,0,0,0,0,0,0,0,0,-74000,0,0,0,0,74000,-74000,-74000
067841,A50正2元富04購01,0,0,0,0,0,0,0,0,0,-75000,0,0,0,10000,85000,-75000,-75000
067734,亞德客元大01購03,0,0,0,0,0,0,0,0,0,-75000,0,0,0,0,75000,-75000,-75000
068272,華新科永豐01購02,0,0,0,0,0,0,0,0,0,-75000,0,0,0,9000,84000,-75000,-75000
068206,牧德凱基01購03  ,0,0,0,0,0,0,0,0,0,-75000,0,0,0,34000,109000,-75000,-75000
069090,長興統一02購01  ,0,0,0,0,0,0,0,0,0,-75000,0,0,0,10000,85000,-75000,-75000
068993,嘉聯益永豐02購01,0,0,0,0,0,0,0,0,0,-75000,0,0,0,0,75000,-75000,-75000
069269,帆宣兆豐03購02  ,0,0,0,0,0,0,0,0,0,-75000,0,0,0,0,75000,-75000,-75000
063645,瑞儀元大9B購02  ,0,0,0,0,0,0,0,0,0,-75000,0,0,0,0,75000,-75000,-75000
058817,嘉聯益台新99購01,0,0,0,0,0,0,0,0,0,-75000,0,0,0,0,75000,-75000,-75000
00682U,元大美元指數    ,0,0,0,0,0,0,0,0,0,-75000,0,0,0,0,75000,-75000,-75000
03272P,台積電統一02售10,0,0,0,0,0,0,0,0,0,-75000,0,0,0,0,75000,-75000,-75000
063819,致新群益9C購01  ,0,0,0,0,0,0,0,0,0,-75000,0,0,0,25000,100000,-75000,-75000
062757,華通凱基9B購02  ,0,0,0,0,0,0,0,0,0,-75000,0,0,0,48000,123000,-75000,-75000
061383,高股息群益9A購01,0,0,0,0,0,0,0,0,0,-75000,0,0,0,0,75000,-75000,-75000
063386,國巨兆豐9B購04  ,0,0,0,0,0,0,0,0,0,-75000,0,0,0,5000,80000,-75000,-75000
063739,台勝科元大9B購03,0,0,0,0,0,0,0,0,0,-75000,0,0,0,25000,100000,-75000,-75000
066659,燿華凱基03購01  ,0,0,0,0,0,0,0,0,0,-75000,0,0,0,0,75000,-75000,-75000
065804,大立光群益01購04,0,0,0,0,0,0,0,0,0,-75000,0,0,0,28000,103000,-75000,-75000
08929P,可成元富07售04  ,0,0,0,0,0,0,0,0,0,-75000,0,0,0,35000,110000,-75000,-75000
4155,訊映            ,17000,87000,-70000,0,0,0,0,0,0,-5000,1000,6000,-5000,0,0,0,-75000
07085P,超眾元富9C售01  ,0,0,0,0,0,0,0,0,0,-76000,0,0,0,74000,150000,-76000,-76000
07955P,大成鋼群益9B售02,0,0,0,0,0,0,0,0,0,-76000,0,0,0,2000,78000,-76000,-76000
068816,美律元大02購02  ,0,0,0,0,0,0,0,0,0,-76000,0,0,0,7000,83000,-76000,-76000
03350P,台積電麥證02售06,0,0,0,0,76000,-76000,0,0,0,-76000,0,0,0,0,76000,-76000,-76000
057354,聯鈞統一99購03  ,0,0,0,0,0,0,0,0,0,-76000,0,0,0,210000,286000,-76000,-76000
056259,T50反1統一9A購01,0,0,0,0,0,0,0,0,0,-76000,0,0,0,4000,80000,-76000,-76000
058061,貿聯元富9B購01  ,0,0,0,0,0,0,0,0,0,-76000,0,0,0,1000,77000,-76000,-76000
063965,漢唐國票01購01  ,0,0,0,0,0,0,0,0,0,-76000,0,0,0,10000,86000,-76000,-76000
061240,華新科兆豐9A購01,0,0,0,0,0,0,0,0,0,-76000,0,0,0,0,76000,-76000,-76000
060958,儒鴻凱基9A購02  ,0,0,0,0,0,0,0,0,0,-76000,0,0,0,55000,131000,-76000,-76000
065576,泰鼎群益9C購02  ,0,0,0,0,0,0,0,0,0,-76000,0,0,0,106000,182000,-76000,-76000
065479,新日興元大9C購05,0,0,0,0,0,0,0,0,0,-76000,0,0,0,60000,136000,-76000,-76000
065288,華新科群益02購02,0,0,0,0,0,0,0,0,0,-76000,0,0,0,57000,133000,-76000,-76000
067339,欣興凱基02購01  ,0,0,0,0,0,0,0,0,0,-76000,0,0,0,0,76000,-76000,-76000
067584,技嘉群益02購01  ,0,0,0,0,0,0,0,0,0,-77000,0,0,0,10000,87000,-77000,-77000
067582,華通群益02購04  ,0,0,0,0,0,0,0,0,0,-77000,0,0,0,355000,432000,-77000,-77000
067574,臺指反群益01購04,0,0,0,0,0,0,0,0,0,-77000,0,0,0,20000,97000,-77000,-77000
069267,欣興兆豐03購04  ,0,0,0,0,0,0,0,0,0,-77000,0,0,0,398000,475000,-77000,-77000
062333,嘉晶統一9C購01  ,0,0,0,0,0,0,0,0,0,-77000,0,0,0,0,77000,-77000,-77000
063544,華新科台新9B購02,0,0,0,0,0,0,0,0,0,-77000,0,0,0,70000,147000,-77000,-77000
063232,裕隆元大9B購01  ,0,0,0,0,0,0,0,0,0,-77000,0,0,0,38000,115000,-77000,-77000
067233,微星群益02購02  ,0,0,0,0,0,0,0,0,0,-77000,0,0,0,22000,99000,-77000,-77000
066625,瑞昱凱基02購01  ,0,0,0,0,0,0,0,0,0,-77000,0,0,0,252000,329000,-77000,-77000
065237,茂林凱基01購01  ,0,0,0,0,0,0,0,0,0,-77000,0,0,0,68000,145000,-77000,-77000
6243,迅杰            ,22000,99000,-77000,0,0,0,0,0,0,0,0,0,0,0,0,0,-77000
069151,世紀鋼永豐02購02,0,0,0,0,0,0,0,0,0,-78000,0,0,0,274000,352000,-78000,-78000
068179,致茂群益02購01  ,0,0,0,0,0,0,0,0,0,-78000,0,0,0,0,78000,-78000,-78000
068781,欣興國票03購03  ,0,0,0,0,0,0,0,0,0,-78000,0,0,0,36000,114000,-78000,-78000
068607,聯詠凱基01購02  ,0,0,0,0,0,0,0,0,0,-78000,0,0,0,70000,148000,-78000,-78000
059532,華新科凱基9B購03,0,0,0,0,0,0,0,0,0,-78000,0,0,0,3000,81000,-78000,-78000
056864,新日興群益99購01,0,0,0,0,0,0,0,0,0,-78000,0,0,0,0,78000,-78000,-78000
03267P,台灣50元大02售06,0,0,0,0,0,0,0,0,0,-78000,0,0,0,64000,142000,-78000,-78000
062163,大毅國泰01購01  ,0,0,0,0,0,0,0,0,0,-78000,0,0,0,12000,90000,-78000,-78000
061762,台塑元大9B購01  ,0,0,0,0,0,0,0,0,0,-78000,0,0,0,145000,223000,-78000,-78000
060906,旺宏元大9A購07  ,0,0,0,0,0,0,0,0,0,-78000,0,0,0,50000,128000,-78000,-78000
064442,嘉聯益凱基9C購01,0,0,0,0,0,0,0,0,0,-78000,0,0,0,55000,133000,-78000,-78000
065569,智邦群益01購01  ,0,0,0,0,0,0,0,0,0,-78000,0,0,0,72000,150000,-78000,-78000
066101,微星國票02購01  ,0,0,0,0,0,0,0,0,0,-78000,0,0,0,48000,126000,-78000,-78000
068765,台積電統一04購03,0,0,0,0,0,0,0,0,0,-79000,0,0,0,15000,94000,-79000,-79000
067872,玉晶光元大02購03,0,0,0,0,0,0,0,0,0,-79000,0,0,0,0,79000,-79000,-79000
067762,康舒永豐01購02  ,0,0,0,0,0,0,0,0,0,-79000,0,0,0,321000,400000,-79000,-79000
064780,義隆群益9C購04  ,0,0,0,0,0,0,0,0,0,-79000,0,0,0,86000,165000,-79000,-79000
063789,智邦台新9C購01  ,0,0,0,0,0,0,0,0,0,-79000,0,0,0,29000,108000,-79000,-79000
061699,燿華國票9A購01  ,0,0,0,0,0,0,0,0,0,-79000,0,0,0,0,79000,-79000,-79000
061896,景碩永豐9B購01  ,0,0,0,0,0,0,0,0,0,-79000,0,0,0,30000,109000,-79000,-79000
064085,儒鴻凱基9C購02  ,0,0,0,0,0,0,0,0,0,-79000,0,0,0,16000,95000,-79000,-79000
063659,世紀鋼元富9B購01,0,0,0,0,0,0,0,0,0,-79000,0,0,0,196000,275000,-79000,-79000
067401,嘉澤永豐01購02  ,0,0,0,0,0,0,0,0,0,-79000,0,0,0,101000,180000,-79000,-79000
6226,光鼎            ,9000,86000,-77000,0,0,0,0,0,0,-2000,0,2000,-2000,0,0,0,-79000
067829,鎧勝兆豐03購01  ,0,0,0,0,0,0,0,0,0,-80000,0,0,0,128000,208000,-80000,-80000
067655,晶技元富07購01  ,0,0,0,0,0,0,0,0,0,-80000,0,0,0,5000,85000,-80000,-80000
068696,聯詠凱基02購03  ,0,0,0,0,0,0,0,0,0,-80000,0,0,0,21000,101000,-80000,-80000
068597,聯電凱基03購04  ,0,0,0,0,0,0,0,0,0,-80000,0,0,0,27000,107000,-80000,-80000
068222,緯創統一01購02  ,0,0,0,0,0,0,0,0,0,-80000,0,0,0,4000,84000,-80000,-80000
069320,華新科兆豐03購01,0,0,0,0,0,0,0,0,0,-80000,0,0,0,1000,81000,-80000,-80000
08335P,香港2X中信03售01,0,0,0,0,0,0,0,0,0,-80000,0,0,0,1000,81000,-80000,-80000
08493P,嘉澤元大9C售01  ,0,0,0,0,0,0,0,0,0,-80000,0,0,0,65000,145000,-80000,-80000
059870,全新凱基99購05  ,0,0,0,0,0,0,0,0,0,-80000,0,0,0,0,80000,-80000,-80000
03687C,臺股指凱基9C牛22,0,0,0,0,0,0,0,0,0,-80000,0,0,0,33000,113000,-80000,-80000
058221,上銀統一99購04  ,0,0,0,0,0,0,0,0,0,-80000,0,0,0,0,80000,-80000,-80000
057740,茂林富邦9A購01  ,0,0,0,0,0,0,0,0,0,-80000,0,0,0,20000,100000,-80000,-80000
063336,大成鋼統一9C購02,0,0,0,0,0,0,0,0,0,-80000,0,0,0,0,80000,-80000,-80000
063555,SP黃豆元大9B購01,0,0,0,0,0,0,0,0,0,-80000,0,0,0,0,80000,-80000,-80000
063578,瑞祺元大9B購03  ,0,0,0,0,0,0,0,0,0,-80000,0,0,0,63000,143000,-80000,-80000
064030,泰碩元大01購01  ,0,0,0,0,0,0,0,0,0,-80000,0,0,0,4000,84000,-80000,-80000
061661,京鼎永豐9A購02  ,0,0,0,0,0,0,0,0,0,-80000,0,0,0,20000,100000,-80000,-80000
061990,台勝科元大9C購01,0,0,0,0,0,0,0,0,0,-80000,0,0,0,120000,200000,-80000,-80000
060804,T50反1群益9A購02,0,0,0,0,0,0,0,0,0,-80000,0,0,0,0,80000,-80000,-80000
060945,緯穎國票9A購02  ,0,0,0,0,0,0,0,0,0,-80000,0,0,0,39000,119000,-80000,-80000
064754,漢唐凱基02購01  ,0,0,0,0,0,0,0,0,0,-80000,0,0,0,245000,325000,-80000,-80000
062466,FBVIX凱基9B購01 ,0,0,0,0,0,0,0,0,0,-80000,0,0,0,0,80000,-80000,-80000
068976,台光電元大02購02,0,0,0,0,0,0,0,0,0,-81000,0,0,0,201000,282000,-81000,-81000
068287,鴻海群益01購10  ,0,0,0,0,0,0,0,0,0,-81000,0,0,0,79000,160000,-81000,-81000
068640,緯創凱基03購01  ,0,0,0,0,0,0,0,0,0,-81000,0,0,0,10000,91000,-81000,-81000
068822,欣興元大02購04  ,0,0,0,0,0,0,0,0,0,-81000,0,0,0,197000,278000,-81000,-81000
057798,貿聯兆豐99購01  ,0,0,0,0,0,0,0,0,0,-81000,0,0,0,10000,91000,-81000,-81000
060469,台勝科元大9A購02,0,0,0,0,0,0,0,0,0,-81000,0,0,0,19000,100000,-81000,-81000
059091,中信金元大99購01,0,0,0,0,0,0,0,0,0,-81000,0,0,0,56000,137000,-81000,-81000
060963,禾伸堂凱基9A購01,0,0,0,0,0,0,0,0,0,-81000,0,0,0,0,81000,-81000,-81000
061363,儒鴻國票9B購01  ,0,0,0,0,0,0,0,0,0,-81000,0,0,0,52000,133000,-81000,-81000
062033,瀚宇博群益9B購01,0,0,0,0,0,0,0,0,0,-81000,0,0,0,65000,146000,-81000,-81000
062005,旺宏國泰01購01  ,0,0,0,0,0,0,0,0,0,-81000,0,0,0,0,81000,-81000,-81000
063361,台表科國泰01購02,0,0,0,0,0,0,0,0,0,-81000,0,0,0,0,81000,-81000,-81000
067085,臻鼎元大01購02  ,0,0,0,0,0,0,0,0,0,-81000,0,0,0,142000,223000,-81000,-81000
066144,惠特群益01購02  ,0,0,0,0,0,0,0,0,0,-81000,0,0,0,22000,103000,-81000,-81000
066157,晶碩康和01購01  ,0,0,0,0,0,0,0,0,0,-81000,0,0,0,0,81000,-81000,-81000
066075,景碩凱基02購01  ,0,0,0,0,0,0,0,0,0,-81000,0,0,0,472000,553000,-81000,-81000
066054,創意元大01購02  ,0,0,0,0,0,0,0,0,0,-81000,0,0,0,22000,103000,-81000,-81000
9917,中保科          ,8000,88000,-80000,0,0,0,0,0,0,-1000,0,1000,-1000,0,0,0,-81000
2413,環科            ,37000,118000,-81000,0,0,0,0,0,0,0,0,0,0,0,0,0,-81000
068200,亞光凱基01購01  ,0,0,0,0,0,0,0,0,0,-82000,0,0,0,18000,100000,-82000,-82000
068365,大立光國泰03購06,0,0,0,0,0,0,0,0,0,-82000,0,0,0,24000,106000,-82000,-82000
068392,彩晶統一03購01  ,0,0,0,0,0,0,0,0,0,-82000,0,0,0,502000,584000,-82000,-82000
067703,臺股指國票01購11,0,0,0,0,0,0,0,0,0,-82000,0,0,0,12000,94000,-82000,-82000
068911,聯發科群益02購09,0,0,0,0,0,0,0,0,0,-82000,0,0,0,218000,300000,-82000,-82000
08074P,緯穎元富9B售02  ,0,0,0,0,0,0,0,0,0,-82000,0,0,0,50000,132000,-82000,-82000
063594,上銀中信9C購01  ,0,0,0,0,0,0,0,0,0,-82000,0,0,0,170000,252000,-82000,-82000
063752,瑞祺國票9C購01  ,0,0,0,0,0,0,0,0,0,-82000,0,0,0,15000,97000,-82000,-82000
066195,臺股指凱基03購04,0,0,0,0,0,0,0,0,0,-82000,0,0,0,43000,125000,-82000,-82000
065659,華新科永豐9C購04,0,0,0,0,0,0,0,0,0,-82000,0,0,0,0,82000,-82000,-82000
065907,南亞科永豐9C購01,0,0,0,0,0,0,0,0,0,-82000,0,0,0,12000,94000,-82000,-82000
065920,日月光凱基02購01,0,0,0,0,0,0,0,0,0,-82000,0,0,0,110000,192000,-82000,-82000
066334,京城銀永豐01購01,0,0,0,0,0,0,0,0,0,-82000,0,0,0,2000,84000,-82000,-82000
08230P,台表科國票9C售03,0,0,0,0,0,0,0,0,0,-83000,0,0,0,0,83000,-83000,-83000
068400,瑞昱元富07購02  ,0,0,0,0,0,0,0,0,0,-83000,0,0,0,128000,211000,-83000,-83000
068434,美律凱基01購03  ,0,0,0,0,0,0,0,0,0,-83000,0,0,0,0,83000,-83000,-83000
057812,友達元大9A購05  ,0,0,0,0,0,0,0,0,0,-83000,0,0,0,100000,183000,-83000,-83000
064310,華新科群益9C購02,0,0,0,0,0,0,0,0,0,-83000,0,0,0,15000,98000,-83000,-83000
057990,美律統一99購02  ,0,0,0,0,0,0,0,0,0,-83000,0,0,0,0,83000,-83000,-83000
058693,旭富國票9A購01  ,0,0,0,0,0,0,0,0,0,-83000,0,0,0,21000,104000,-83000,-83000
063996,貿聯群益9C購01  ,0,0,0,0,0,0,0,0,0,-83000,0,0,0,3000,86000,-83000,-83000
064455,美食統一01購03  ,0,0,0,0,0,0,0,0,0,-83000,0,0,0,0,83000,-83000,-83000
066623,國巨凱基04購01  ,0,0,0,0,0,0,0,0,0,-83000,0,0,0,30000,113000,-83000,-83000
066725,華通元大01購05  ,0,0,0,0,0,0,0,0,0,-83000,0,0,0,20000,103000,-83000,-83000
067221,台表科元大01購02,0,0,0,0,0,0,0,0,0,-83000,0,0,0,96000,179000,-83000,-83000
065756,緯創元大9C購05  ,0,0,0,0,0,0,0,0,0,-83000,0,0,0,90000,173000,-83000,-83000
065503,燿華永豐9C購04  ,0,0,0,0,0,0,0,0,0,-83000,0,0,0,0,83000,-83000,-83000
064543,華通凱基02購02  ,0,0,0,0,0,0,0,0,0,-83000,0,0,0,35000,118000,-83000,-83000
2705,六福            ,18000,101000,-83000,0,0,0,0,0,0,0,0,0,0,0,0,0,-83000
3018,同開            ,16000,99000,-83000,0,0,0,0,0,0,0,0,0,0,0,0,0,-83000
068805,欣興群益03購01  ,0,0,0,0,0,0,0,0,0,-84000,0,0,0,58000,142000,-84000,-84000
068963,欣興群益02購03  ,0,0,0,0,0,0,0,0,0,-84000,0,0,0,85000,169000,-84000,-84000
064171,燿華元富9C購01  ,0,0,0,0,0,0,0,0,0,-84000,0,0,0,0,84000,-84000,-84000
059297,大立光元富9C購01,0,0,0,0,0,0,0,0,0,-84000,0,0,0,107000,191000,-84000,-84000
059450,和大永豐99購01  ,0,0,0,0,0,0,0,0,0,-84000,0,0,0,0,84000,-84000,-84000
055376,群創元大01購01  ,0,0,0,0,0,0,0,0,0,-84000,0,0,0,65000,149000,-84000,-84000
059531,華新科凱基9B購02,0,0,0,0,0,0,0,0,0,-84000,0,0,0,2000,86000,-84000,-84000
060170,世紀鋼永豐9A購01,0,0,0,0,0,0,0,0,0,-84000,0,0,0,53000,137000,-84000,-84000
061693,華新科群益9B購02,0,0,0,0,0,0,0,0,0,-84000,0,0,0,10000,94000,-84000,-84000
065366,英業達元大9C購02,0,0,0,0,0,0,0,0,0,-84000,0,0,0,127000,211000,-84000,-84000
066089,文曄永豐01購01  ,0,0,0,0,0,0,0,0,0,-84000,0,0,0,0,84000,-84000,-84000
067132,瑞昱永豐01購01  ,0,0,0,0,0,0,0,0,0,-84000,0,0,0,24000,108000,-84000,-84000
067400,華擎永豐01購02  ,0,0,0,0,0,0,0,0,0,-84000,0,0,0,20000,104000,-84000,-84000
066648,可成麥證01購01  ,0,0,0,16000,100000,-84000,0,0,0,-84000,0,0,0,16000,100000,-84000,-84000
066483,瑞昱元富01購01  ,0,0,0,0,0,0,0,0,0,-84000,0,0,0,150000,234000,-84000,-84000
068876,聯詠凱基02購04  ,0,0,0,0,0,0,0,0,0,-85000,0,0,0,0,85000,-85000,-85000
068305,台光電國票03購01,0,0,0,0,0,0,0,0,0,-85000,0,0,0,0,85000,-85000,-85000
067578,SP黃豆群益01購01,0,0,0,0,0,0,0,0,0,-85000,0,0,0,0,85000,-85000,-85000
067876,世紀鋼元大01購03,1000,0,1000,0,0,0,0,0,0,-86000,0,0,0,193000,279000,-86000,-85000
055652,聯詠元富01購01  ,0,0,0,0,0,0,0,0,0,-85000,0,0,0,0,85000,-85000,-85000
063613,全新群益9C購01  ,0,0,0,0,0,0,0,0,0,-85000,0,0,0,0,85000,-85000,-85000
064228,同欣電國票01購01,0,0,0,0,0,0,0,0,0,-85000,0,0,0,1000,86000,-85000,-85000
063496,儒鴻永豐9B購01  ,0,0,0,0,0,0,0,0,0,-85000,0,0,0,0,85000,-85000,-85000
066921,日月光麥證01購01,0,0,0,15000,100000,-85000,0,0,0,-85000,0,0,0,15000,100000,-85000,-85000
066877,奇鋐富邦03購01  ,0,0,0,0,0,0,0,0,0,-85000,0,0,0,0,85000,-85000,-85000
067077,智原元大01購04  ,0,0,0,0,0,0,0,0,0,-85000,0,0,0,55000,140000,-85000,-85000
066980,台光電群益01購02,0,0,0,0,0,0,0,0,0,-85000,0,0,0,0,85000,-85000,-85000
066145,昇陽半群益01購01,0,0,0,0,0,0,0,0,0,-85000,0,0,0,0,85000,-85000,-85000
065858,台表科元大03購01,0,0,0,0,0,0,0,0,0,-85000,0,0,0,110000,195000,-85000,-85000
065271,日月光元大9C購02,2000,0,2000,0,0,0,0,0,0,-87000,0,0,0,276000,363000,-87000,-85000
064969,達新元大9C購01  ,0,0,0,0,0,0,0,0,0,-85000,0,0,0,6000,91000,-85000,-85000
5388,中磊            ,94000,223000,-129000,0,0,0,0,0,0,44000,0,7000,-7000,57000,6000,51000,-85000
067774,同欣電統一02購01,0,0,0,0,0,0,0,0,0,-86000,0,0,0,101000,187000,-86000,-86000
068710,正文國票03購01  ,0,0,0,0,0,0,0,0,0,-86000,0,0,0,176000,262000,-86000,-86000
069285,聯電國泰03購03  ,0,0,0,0,0,0,0,0,0,-86000,0,0,0,46000,132000,-86000,-86000
057332,旺宏國票99購03  ,0,0,0,0,0,0,0,0,0,-86000,0,0,0,0,86000,-86000,-86000
063476,台表科元大9C購03,0,0,0,0,0,0,0,0,0,-86000,0,0,0,17000,103000,-86000,-86000
063471,泰鼎元大9C購01  ,0,0,0,0,0,0,0,0,0,-86000,0,0,0,66000,152000,-86000,-86000
063686,國巨永豐9B購04  ,0,0,0,0,0,0,0,0,0,-86000,0,0,0,21000,107000,-86000,-86000
064667,大立光元大02購01,0,0,0,0,0,0,0,0,0,-86000,0,0,0,64000,150000,-86000,-86000
065510,鴻海群益01購04  ,0,0,0,0,0,0,0,0,0,-86000,0,0,0,10000,96000,-86000,-86000
066181,泰鼎凱基01購01  ,0,0,0,0,0,0,0,0,0,-86000,0,0,0,245000,331000,-86000,-86000
3024,憶聲            ,117000,199000,-82000,0,0,0,0,0,0,-4000,0,4000,-4000,0,0,0,-86000
2471,資通            ,33000,118000,-85000,0,0,0,0,0,0,-1000,0,1000,-1000,0,0,0,-86000
08773P,瑞昱凱基01售01  ,0,0,0,0,0,0,0,0,0,-86000,0,0,0,124000,210000,-86000,-86000
068314,南電國票03購02  ,0,0,0,0,0,0,0,0,0,-87000,0,0,0,196000,283000,-87000,-87000
064289,台郡元大9C購01  ,0,0,0,0,0,0,0,0,0,-87000,0,0,0,57000,144000,-87000,-87000
058909,神達元大99購03  ,0,0,0,0,0,0,0,0,0,-87000,0,0,0,13000,100000,-87000,-87000
063223,牧德群益9B購04  ,0,0,0,0,0,0,0,0,0,-87000,0,0,0,0,87000,-87000,-87000
061350,牧德元大9B購03  ,0,0,0,0,0,0,0,0,0,-87000,0,0,0,30000,117000,-87000,-87000
065919,禾伸堂凱基02購01,0,0,0,0,0,0,0,0,0,-87000,0,0,0,0,87000,-87000,-87000
066936,新日興國票02購01,0,0,0,0,0,0,0,0,0,-87000,0,0,0,13000,100000,-87000,-87000
08388P,台灣50中信03售09,0,0,0,0,0,0,0,0,0,-88000,0,0,0,561000,649000,-88000,-88000
08440P,玉晶光國票01售05,0,0,0,0,0,0,0,0,0,-88000,0,0,0,232000,320000,-88000,-88000
058920,SGBR2X元富99購06,0,0,0,0,0,0,0,0,0,-88000,0,0,0,12000,100000,-88000,-88000
066489,京鼎元富04購01  ,0,0,0,0,0,0,0,0,0,-88000,0,0,0,16000,104000,-88000,-88000
065320,技嘉凱基9C購02  ,0,0,0,0,0,0,0,0,0,-88000,0,0,0,48000,136000,-88000,-88000
1474,弘裕            ,190000,278000,-88000,0,0,0,0,0,0,0,0,0,0,0,0,0,-88000
07865P,可成元大9B售02  ,0,0,0,0,0,0,0,0,0,-89000,0,0,0,11000,100000,-89000,-89000
069366,百和永豐02購01  ,0,0,0,0,0,0,0,0,0,-89000,0,0,0,0,89000,-89000,-89000
069176,南電元大02購04  ,0,0,0,0,0,0,0,0,0,-89000,0,0,0,249000,338000,-89000,-89000
03355P,聯發科凱基03售08,0,0,0,0,0,0,0,0,0,-89000,0,0,0,5000,94000,-89000,-89000
059786,全新元大99購06  ,0,0,0,0,0,0,0,0,0,-89000,0,0,0,11000,100000,-89000,-89000
062608,智易凱基9B購01  ,0,0,0,0,0,0,0,0,0,-89000,0,0,0,101000,190000,-89000,-89000
062584,鴻海統一9C購13  ,0,0,0,0,0,0,0,0,0,-89000,0,0,0,11000,100000,-89000,-89000
066758,智邦永豐01購01  ,0,0,0,0,0,0,0,0,0,-89000,0,0,0,11000,100000,-89000,-89000
067423,南亞科凱基02購01,0,0,0,0,0,0,0,0,0,-89000,0,0,0,0,89000,-89000,-89000
07300P,臺股指元大9A售33,0,0,0,0,0,0,0,0,0,-90000,0,0,0,0,90000,-90000,-90000
068208,彩晶凱基02購01  ,0,0,0,0,0,0,0,0,0,-90000,0,0,0,27000,117000,-90000,-90000
067562,牧德國票02購01  ,0,0,0,0,0,0,0,0,0,-90000,0,0,0,19000,109000,-90000,-90000
060158,廣達永豐9A購01  ,0,0,0,0,0,0,0,0,0,-90000,0,0,0,72000,162000,-90000,-90000
055817,京鼎國票99購01  ,0,0,0,0,0,0,0,0,0,-90000,0,0,0,70000,160000,-90000,-90000
059364,昇陽半永豐99購02,0,0,0,0,0,0,0,0,0,-90000,0,0,0,2000,92000,-90000,-90000
060826,牧德元大9B購02  ,0,0,0,0,0,0,0,0,0,-90000,0,0,0,10000,100000,-90000,-90000
067329,巨大康和01購02  ,0,0,0,0,0,0,0,0,0,-90000,0,0,0,68000,158000,-90000,-90000
066961,超眾元大01購05  ,0,0,0,0,0,0,0,0,0,-90000,0,0,0,18000,108000,-90000,-90000
066486,台光電元富01購02,0,0,0,0,0,0,0,0,0,-90000,0,0,0,0,90000,-90000,-90000
06626P,大立光統一9A售01,0,0,0,0,0,0,0,0,0,-90000,0,0,0,10000,100000,-90000,-90000
066276,敦泰元大01購01  ,0,0,0,0,0,0,0,0,0,-90000,0,0,0,140000,230000,-90000,-90000
065416,華通國票01購02  ,0,0,0,0,0,0,0,0,0,-90000,0,0,0,64000,154000,-90000,-90000
065593,達新元大9C購02  ,0,0,0,0,0,0,0,0,0,-90000,0,0,0,8000,98000,-90000,-90000
1108,幸福            ,39000,123000,-84000,0,0,0,0,0,0,-6000,0,6000,-6000,0,0,0,-90000
4912,聯德控股-KY     ,76000,165000,-89000,0,0,0,0,0,0,-1000,0,1000,-1000,0,0,0,-90000
067628,力山永豐01購01  ,0,0,0,0,0,0,0,0,0,-91000,0,0,0,20000,111000,-91000,-91000
067739,微星元大01購07  ,0,0,0,0,0,0,0,0,0,-91000,0,0,0,111000,202000,-91000,-91000
056279,新日興富邦99購01,0,0,0,0,0,0,0,0,0,-91000,0,0,0,0,91000,-91000,-91000
059530,華新科凱基9A購05,0,0,0,0,0,0,0,0,0,-91000,0,0,0,2000,93000,-91000,-91000
03006P,華通永豐01售01  ,0,0,0,0,0,0,0,0,0,-91000,0,0,0,17000,108000,-91000,-91000
064936,世紀鋼統一9C購02,0,0,0,0,0,0,0,0,0,-91000,0,0,0,2000,93000,-91000,-91000
066551,大立光元大01購07,0,0,0,0,0,0,0,0,0,-91000,0,0,0,19000,110000,-91000,-91000
066569,帆宣元大01購02  ,0,0,0,0,0,0,0,0,0,-91000,0,0,0,20000,111000,-91000,-91000
1439,中和            ,76000,166000,-90000,0,0,0,0,0,0,-1000,0,1000,-1000,0,0,0,-91000
08845P,友訊元大01售05  ,0,0,0,0,0,0,0,0,0,-91000,0,0,0,50000,141000,-91000,-91000
067738,技嘉元大01購02  ,0,0,0,0,0,0,0,0,0,-92000,0,0,0,12000,104000,-92000,-92000
068846,台積電統一04購06,0,0,0,0,0,0,0,0,0,-92000,0,0,0,4000,96000,-92000,-92000
068964,晶技群益02購01  ,0,0,0,0,0,0,0,0,0,-92000,0,0,0,3000,95000,-92000,-92000
03392P,奇鋐永豐02售02  ,0,0,0,0,0,0,0,0,0,-92000,0,0,0,0,92000,-92000,-92000
064290,GIS元大9C購04   ,0,0,0,0,0,0,0,0,0,-92000,0,0,0,68000,160000,-92000,-92000
058794,旺宏元大99購09  ,0,0,0,0,0,0,0,0,0,-92000,0,0,0,189000,281000,-92000,-92000
061124,微星永豐9A購02  ,0,0,0,0,0,0,0,0,0,-92000,0,0,0,0,92000,-92000,-92000
064810,嘉晶元大01購01  ,0,0,0,0,0,0,0,0,0,-92000,0,0,0,316000,408000,-92000,-92000
066369,瀚宇博中信01購01,0,0,0,0,0,0,0,0,0,-92000,0,0,0,60000,152000,-92000,-92000
066907,聯發科凱基03購04,0,0,0,0,0,0,0,0,0,-92000,0,0,0,104000,196000,-92000,-92000
067154,華擎統一03購03  ,0,0,0,0,0,0,0,0,0,-92000,0,0,0,115000,207000,-92000,-92000
3048,益登            ,329000,410000,-81000,0,0,0,0,0,0,-11000,0,11000,-11000,0,0,0,-92000
08635P,大成鋼國票01售01,0,0,0,0,0,0,0,0,0,-93000,0,0,0,0,93000,-93000,-93000
08603P,電子類元大9C售02,0,0,0,0,0,0,0,0,0,-93000,0,0,0,0,93000,-93000,-93000
068248,美律元大01購05  ,6000,0,6000,0,0,0,0,0,0,-99000,0,0,0,26000,125000,-99000,-93000
068380,欣興永豐01購05  ,0,0,0,0,0,0,0,0,0,-93000,0,0,0,69000,162000,-93000,-93000
060698,旺宏國泰9C購01  ,0,0,0,0,0,0,0,0,0,-93000,0,0,0,119000,212000,-93000,-93000
060252,緯穎元大9A購02  ,0,0,0,0,0,0,0,0,0,-93000,0,0,0,7000,100000,-93000,-93000
03072P,台積電國泰03售04,0,0,0,0,0,0,0,0,0,-93000,0,0,0,481000,574000,-93000,-93000
064642,裕隆凱基9C購01  ,0,0,0,0,0,0,0,0,0,-93000,0,0,0,30000,123000,-93000,-93000
061925,禾伸堂凱基9C購01,0,0,0,0,0,0,0,0,0,-93000,0,0,0,0,93000,-93000,-93000
062520,晶豪科元大9B購02,0,0,0,0,0,0,0,0,0,-93000,0,0,0,0,93000,-93000,-93000
061690,旺宏群益9A購05  ,0,0,0,0,0,0,0,0,0,-93000,0,0,0,0,93000,-93000,-93000
065052,南六凱基02購02  ,0,0,0,0,0,0,0,0,0,-93000,0,0,0,0,93000,-93000,-93000
065451,台表科統一02購04,0,0,0,0,0,0,0,0,0,-93000,0,0,0,111000,204000,-93000,-93000
065815,微星元富9C購01  ,0,0,0,0,0,0,0,0,0,-93000,0,0,0,77000,170000,-93000,-93000
2524,京城            ,4000,65000,-61000,0,0,0,0,0,0,-32000,0,32000,-32000,0,0,0,-93000
068491,美律元大01購06  ,0,0,0,0,0,0,0,0,0,-94000,0,0,0,12000,106000,-94000,-94000
068734,瑞儀元大02購02  ,0,0,0,0,0,0,0,0,0,-94000,0,0,0,86000,180000,-94000,-94000
064854,祥碩麥證9C購01  ,0,0,0,76000,195000,-119000,0,0,0,-94000,0,0,0,126000,220000,-94000,-94000
061525,華新科凱基9A購13,0,0,0,0,0,0,0,0,0,-94000,0,0,0,23000,117000,-94000,-94000
061344,禾伸堂元大9A購02,0,0,0,0,0,0,0,0,0,-94000,0,0,0,19000,113000,-94000,-94000
067328,鎧勝康和01購02  ,0,0,0,0,0,0,0,0,0,-94000,0,0,0,96000,190000,-94000,-94000
067408,達方永豐01購02  ,0,0,0,0,0,0,0,0,0,-94000,0,0,0,36000,130000,-94000,-94000
066515,強茂永豐01購02  ,0,0,0,0,0,0,0,0,0,-94000,0,0,0,41000,135000,-94000,-94000
08623P,健策群益01售04  ,0,0,0,0,0,0,0,0,0,-95000,0,0,0,93000,188000,-95000,-95000
08419P,元金2X群益9C售01,0,0,0,0,0,0,0,0,0,-95000,0,0,0,5000,100000,-95000,-95000
07919P,創意永豐9B售01  ,0,0,0,0,0,0,0,0,0,-95000,0,0,0,0,95000,-95000,-95000
08315P,台積電元大9C售08,0,0,0,0,0,0,0,0,0,-95000,0,0,0,0,95000,-95000,-95000
069265,奇力新兆豐04購01,0,0,0,0,0,0,0,0,0,-95000,0,0,0,0,95000,-95000,-95000
064180,國巨富邦02購03  ,0,0,0,0,0,0,0,0,0,-95000,0,0,0,6000,101000,-95000,-95000
062685,華新科統一9C購03,0,0,0,0,0,0,0,0,0,-95000,0,0,0,0,95000,-95000,-95000
064679,晶技兆豐9C購01  ,0,0,0,0,0,0,0,0,0,-95000,0,0,0,1000,96000,-95000,-95000
066519,達方永豐01購01  ,0,0,0,0,0,0,0,0,0,-95000,0,0,0,59000,154000,-95000,-95000
067437,瑞祺凱基02購02  ,0,0,0,0,0,0,0,0,0,-95000,0,0,0,0,95000,-95000,-95000
07660P,聯茂凱基9A售03  ,0,0,0,0,0,0,0,0,0,-96000,0,0,0,4000,100000,-96000,-96000
08332P,智邦台新9C售03  ,0,0,0,0,0,0,0,0,0,-96000,0,0,0,10000,106000,-96000,-96000
068210,嘉聯益凱基01購01,0,0,0,0,0,0,0,0,0,-96000,0,0,0,43000,139000,-96000,-96000
067758,儒鴻永豐01購01  ,0,0,0,0,0,0,0,0,0,-96000,0,0,0,7000,103000,-96000,-96000
067854,力成國票02購01  ,0,0,0,0,0,0,0,0,0,-96000,0,0,0,5000,101000,-96000,-96000
064162,貿聯統一02購01  ,0,0,0,0,0,0,0,0,0,-96000,0,0,0,20000,116000,-96000,-96000
060043,全新群益9B購02  ,0,0,0,0,0,0,0,0,0,-96000,0,0,0,9000,105000,-96000,-96000
057961,茂林元大9A購01  ,0,0,0,0,0,0,0,0,0,-96000,0,0,0,319000,415000,-96000,-96000
062631,奇力新國票9B購01,0,0,0,0,0,0,0,0,0,-96000,0,0,0,35000,131000,-96000,-96000
062661,華通群益9B購05  ,0,0,0,0,0,0,0,0,0,-96000,0,0,0,19000,115000,-96000,-96000
062207,牧德國票9B購02  ,0,0,0,0,0,0,0,0,0,-96000,0,0,0,0,96000,-96000,-96000
063845,旺宏元大9C購03  ,0,0,0,0,0,0,0,0,0,-96000,0,0,0,64000,160000,-96000,-96000
067025,禾伸堂兆豐03購01,0,0,0,0,0,0,0,0,0,-96000,0,0,0,200000,296000,-96000,-96000
065733,茂林凱基9C購03  ,0,0,0,0,0,0,0,0,0,-96000,0,0,0,23000,119000,-96000,-96000
066213,惠特統一03購01  ,0,0,0,0,0,0,0,0,0,-96000,0,0,0,4000,100000,-96000,-96000
065229,友達凱基02購03  ,0,0,0,0,0,0,0,0,0,-96000,0,0,0,4000,100000,-96000,-96000
065171,燿華元大9C購04  ,0,0,0,0,0,0,0,0,0,-96000,0,0,0,27000,123000,-96000,-96000
065152,燿華群益9C購02  ,0,0,0,0,0,0,0,0,0,-96000,0,0,0,0,96000,-96000,-96000
067931,旺宏凱基01購05  ,0,0,0,0,0,0,0,0,0,-97000,0,0,0,0,97000,-97000,-97000
068159,華擎元大01購08  ,0,0,0,0,0,0,0,0,0,-97000,0,0,0,10000,107000,-97000,-97000
068245,國巨元大01購16  ,0,0,0,0,0,0,0,0,0,-97000,0,0,0,0,97000,-97000,-97000
068286,聯電群益03購02  ,0,0,0,0,0,0,0,0,0,-97000,0,0,0,98000,195000,-97000,-97000
068817,聯發科元大02購05,0,0,0,0,0,0,0,0,0,-97000,0,0,0,51000,148000,-97000,-97000
08447P,緯穎永豐9C售02  ,0,0,0,0,0,0,0,0,0,-97000,0,0,0,0,97000,-97000,-97000
057485,友達元大9C購04  ,0,0,0,0,0,0,0,0,0,-97000,0,0,0,529000,626000,-97000,-97000
063353,上銀元富9B購03  ,0,0,0,0,0,0,0,0,0,-97000,0,0,0,327000,424000,-97000,-97000
061052,和大群益9A購01  ,0,0,0,0,0,0,0,0,0,-97000,0,0,0,0,97000,-97000,-97000
060813,高鐵凱基9A購01  ,0,0,0,0,0,0,0,0,0,-97000,0,0,0,5000,102000,-97000,-97000
063790,南亞科台新9C購01,0,0,0,0,0,0,0,0,0,-97000,0,0,0,38000,135000,-97000,-97000
08200P,祥碩元大9B售08  ,0,0,0,0,0,0,0,0,0,-98000,0,0,0,45000,143000,-98000,-98000
07230P,滬深2X群益01售02,0,0,0,0,0,0,0,0,0,-98000,0,0,0,60000,158000,-98000,-98000
067691,台虹元大01購03  ,0,0,0,0,0,0,0,0,0,-98000,0,0,0,22000,120000,-98000,-98000
057041,國巨元大99購04  ,0,0,0,0,0,0,0,0,0,-98000,0,0,0,5000,103000,-98000,-98000
058923,華新科元富99購06,0,0,0,0,0,0,0,0,0,-98000,0,0,0,0,98000,-98000,-98000
058900,旺宏元大99購11  ,0,0,0,0,0,0,0,0,0,-98000,0,0,0,2000,100000,-98000,-98000
060719,瀚宇博永豐9A購01,0,0,0,0,0,0,0,0,0,-98000,0,0,0,7000,105000,-98000,-98000
064275,台光電元大9C購03,0,0,0,0,0,0,0,0,0,-98000,0,0,0,32000,130000,-98000,-98000
061080,華邦電兆豐9B購01,0,0,0,0,0,0,0,0,0,-98000,0,0,0,74000,172000,-98000,-98000
063755,上銀統一9C購03  ,0,0,0,0,0,0,0,0,0,-98000,0,0,0,0,98000,-98000,-98000
064886,燿華中信01購01  ,0,0,0,0,0,0,0,0,0,-98000,0,0,0,0,98000,-98000,-98000
062500,國巨群益01購01  ,0,0,0,0,0,0,0,0,0,-98000,0,0,0,2000,100000,-98000,-98000
062097,台光電永豐9B購01,0,0,0,0,0,0,0,0,0,-98000,0,0,0,0,98000,-98000,-98000
064993,嘉澤兆豐9C購01  ,0,0,0,0,0,0,0,0,0,-98000,0,0,0,2000,100000,-98000,-98000
065300,燿華元富9C購03  ,0,0,0,0,0,0,0,0,0,-98000,0,0,0,0,98000,-98000,-98000
065523,茂林群益9C購03  ,0,0,0,0,0,0,0,0,0,-98000,0,0,0,0,98000,-98000,-98000
066431,台郡元大02購01  ,0,0,0,0,0,0,0,0,0,-98000,0,0,0,93000,191000,-98000,-98000
066289,晶碩元大02購01  ,0,0,0,0,0,0,0,0,0,-98000,0,0,0,158000,256000,-98000,-98000
2351,順德            ,56000,118000,-62000,0,0,0,0,0,0,-36000,10000,10000,0,0,36000,-36000,-98000
068379,聯陽永豐01購04  ,0,0,0,0,0,0,0,0,0,-99000,0,0,0,98000,197000,-99000,-99000
064134,瑞祺元大9C購02  ,0,0,0,0,0,0,0,0,0,-99000,0,0,0,79000,178000,-99000,-99000
062233,神隆凱基9B購01  ,0,0,0,0,0,0,0,0,0,-99000,0,0,0,4000,103000,-99000,-99000
062574,美食群益9B購02  ,0,0,0,0,0,0,0,0,0,-99000,0,0,0,3000,102000,-99000,-99000
062443,大立光元大9B購05,0,0,0,0,0,0,0,0,0,-99000,0,0,0,0,99000,-99000,-99000
067223,嘉基元大01購02  ,0,0,0,0,0,0,0,0,0,-99000,0,0,0,0,99000,-99000,-99000
9902,台火            ,11000,110000,-99000,0,0,0,0,0,0,0,0,0,0,0,0,0,-99000
068501,泰鼎元大01購04  ,0,0,0,0,0,0,0,0,0,-100000,0,0,0,1000,101000,-100000,-100000
06843P,鴻海元大98售11  ,0,0,0,0,0,0,0,0,0,-100000,0,0,0,0,100000,-100000,-100000
068442,牧德凱基01購04  ,0,0,0,0,0,0,0,0,0,-100000,0,0,0,2000,102000,-100000,-100000
068624,聯發科群益02購08,0,0,0,0,0,0,0,0,0,-100000,0,0,0,120000,220000,-100000,-100000
068539,T50反1國票03購04,0,0,0,0,0,0,0,0,0,-100000,0,0,0,0,100000,-100000,-100000
067849,瀚宇博元富04購01,0,0,0,0,0,0,0,0,0,-100000,0,0,0,0,100000,-100000,-100000
067837,大立光統一03購04,0,0,0,0,0,0,0,0,0,-100000,0,0,0,0,100000,-100000,-100000
067811,高鐵凱基01購01  ,0,0,0,0,0,0,0,0,0,-100000,0,0,0,0,100000,-100000,-100000
067751,臺股指元大01購15,0,0,0,0,0,0,0,0,0,-100000,0,0,0,0,100000,-100000,-100000
068143,國巨元大01購14  ,0,0,0,0,0,0,0,0,0,-100000,0,0,0,0,100000,-100000,-100000
06962P,華新科永豐99售01,0,0,0,0,0,0,0,0,0,-100000,0,0,0,0,100000,-100000,-100000
07671P,超眾元大9A售04  ,0,0,0,0,0,0,0,0,0,-100000,0,0,0,0,100000,-100000,-100000
069316,康舒凱基02購01  ,0,0,0,0,0,0,0,0,0,-100000,0,0,0,0,100000,-100000,-100000
069334,華通群益03購01  ,0,0,0,0,0,0,0,0,0,-100000,0,0,0,0,100000,-100000,-100000
068928,鴻海永豐02購01  ,0,0,0,0,0,0,0,0,0,-100000,0,0,0,0,100000,-100000,-100000
068941,台光電日盛02購01,0,0,0,0,0,0,0,0,0,-100000,0,0,0,0,100000,-100000,-100000
068995,南六永豐02購01  ,0,0,0,0,0,0,0,0,0,-100000,0,0,0,0,100000,-100000,-100000
068867,旺宏台新02購01  ,0,0,0,0,0,0,0,0,0,-100000,0,0,0,0,100000,-100000,-100000
069148,牧德永豐02購02  ,0,0,0,0,0,0,0,0,0,-100000,0,0,0,0,100000,-100000,-100000
069142,聯發科永豐02購02,0,0,0,0,0,0,0,0,0,-100000,0,0,0,0,100000,-100000,-100000
069041,巨大統一02購03  ,0,0,0,0,0,0,0,0,0,-100000,0,0,0,0,100000,-100000,-100000
07750P,台表科凱基9A售04,0,0,0,0,0,0,0,0,0,-100000,0,0,0,0,100000,-100000,-100000
08026P,臺股指凱基9B售12,0,0,0,0,0,0,0,0,0,-100000,0,0,0,20000,120000,-100000,-100000
07961P,滬深2X中信01售02,0,0,0,0,0,0,0,0,0,-100000,0,0,0,0,100000,-100000,-100000
07949P,滬深2X元大9B售04,0,0,0,0,0,0,0,0,0,-100000,0,0,0,0,100000,-100000,-100000
08587P,聯發科中信01售05,0,0,0,0,0,0,0,0,0,-100000,0,0,0,0,100000,-100000,-100000
057727,華邦電國泰9A購01,0,0,0,0,0,0,0,0,0,-100000,0,0,0,0,100000,-100000,-100000
063616,上銀兆豐9C購01  ,0,0,0,0,0,0,0,0,0,-100000,0,0,0,0,100000,-100000,-100000
057877,神達元大99購01  ,0,0,0,0,0,0,0,0,0,-100000,0,0,0,0,100000,-100000,-100000
060562,旺宏富邦9C購02  ,0,0,0,0,0,0,0,0,0,-100000,0,0,0,200000,300000,-100000,-100000
060720,嘉聯益永豐9A購02,0,0,0,0,0,0,0,0,0,-100000,0,0,0,0,100000,-100000,-100000
060667,力成凱基9A購01  ,0,0,0,0,0,0,0,0,0,-100000,0,0,0,0,100000,-100000,-100000
058941,華新科中信99購03,0,0,0,0,0,0,0,0,0,-100000,0,0,0,0,100000,-100000,-100000
058850,華新科群益99購03,0,0,0,0,0,0,0,0,0,-100000,0,0,0,0,100000,-100000,-100000
057958,禾伸堂元大99購05,0,0,0,0,0,0,0,0,0,-100000,0,0,0,11000,111000,-100000,-100000
058113,百和元富98購01  ,0,0,0,0,0,0,0,0,0,-100000,0,0,0,0,100000,-100000,-100000
058205,神達凱基9B購01  ,0,0,0,0,0,0,0,0,0,-100000,0,0,0,0,100000,-100000,-100000
057374,禾伸堂元大99購03,0,0,0,0,0,0,0,0,0,-100000,0,0,0,45000,145000,-100000,-100000
03162P,泰碩元大01售02  ,0,0,0,0,0,0,0,0,0,-100000,0,0,0,20000,120000,-100000,-100000
03163P,玉晶光元大01售15,0,0,0,0,0,0,0,0,0,-100000,0,0,0,0,100000,-100000,-100000
056269,新日興統一98購01,0,0,0,0,0,0,0,0,0,-100000,0,0,0,8000,108000,-100000,-100000
056492,全新國泰9A購01  ,0,0,0,0,0,0,0,0,0,-100000,0,0,0,300000,400000,-100000,-100000
059811,高股息凱基99購02,0,0,0,0,0,0,0,0,0,-100000,0,0,0,0,100000,-100000,-100000
060058,牧德凱基9B購01  ,0,0,0,0,0,0,0,0,0,-100000,0,0,0,0,100000,-100000,-100000
056763,國巨元大99購02  ,0,0,0,0,0,0,0,0,0,-100000,0,0,0,0,100000,-100000,-100000
064774,聚陽群益9C購04  ,0,0,0,0,0,0,0,0,0,-100000,0,0,0,11000,111000,-100000,-100000
062298,國巨第一9B購01  ,0,0,0,0,0,0,0,0,0,-100000,0,0,0,0,100000,-100000,-100000
061341,華新科元大9A購16,0,0,0,0,0,0,0,0,0,-100000,0,0,0,0,100000,-100000,-100000
061279,鴻海統一9C購04  ,0,0,0,0,0,0,0,0,0,-100000,0,0,0,0,100000,-100000,-100000
062367,禾伸堂元大9B購02,0,0,0,0,0,0,0,0,0,-100000,0,0,0,0,100000,-100000,-100000
060981,旺宏元大9A購08  ,0,0,0,0,0,0,0,0,0,-100000,0,0,0,0,100000,-100000,-100000
060868,致伸永豐9A購01  ,0,0,0,0,0,0,0,0,0,-100000,0,0,0,0,100000,-100000,-100000
060872,高股息中信02購01,0,0,0,0,0,0,0,0,0,-100000,0,0,0,0,100000,-100000,-100000
061205,旺宏元大9A購11  ,0,0,0,0,0,0,0,0,0,-100000,0,0,0,0,100000,-100000,-100000
062018,台勝科永豐9B購01,0,0,0,0,0,0,0,0,0,-100000,0,0,0,0,100000,-100000,-100000
061734,全新中信9B購02  ,0,0,0,0,0,0,0,0,0,-100000,0,0,0,0,100000,-100000,-100000
063938,上銀元大9C購03  ,0,0,0,0,0,0,0,0,0,-100000,0,0,0,0,100000,-100000,-100000
063909,旺宏凱基02購01  ,0,0,0,0,0,0,0,0,0,-100000,0,0,0,10000,110000,-100000,-100000
063369,聚陽永豐9B購01  ,0,0,0,0,0,0,0,0,0,-100000,0,0,0,0,100000,-100000,-100000
063657,茂林元富9B購04  ,0,0,0,0,0,0,0,0,0,-100000,0,0,0,0,100000,-100000,-100000
063303,聯發科凱基9B購14,0,0,0,0,0,0,0,0,0,-100000,0,0,0,0,100000,-100000,-100000
063469,牧德元大9C購02  ,0,0,0,0,0,0,0,0,0,-100000,0,0,0,0,100000,-100000,-100000
062080,奇力新元大9B購02,0,0,0,0,0,0,0,0,0,-100000,0,0,0,0,100000,-100000,-100000
067244,康控群益01購02  ,0,0,0,0,0,0,0,0,0,-100000,0,0,0,3000,103000,-100000,-100000
067191,康控凱基01購02  ,0,0,0,0,0,0,0,0,0,-100000,0,0,0,2000,102000,-100000,-100000
067486,新日興元大01購03,0,0,0,0,0,0,0,0,0,-100000,0,0,0,100000,200000,-100000,-100000
067482,高鐵元大01購01  ,0,0,0,0,0,0,0,0,0,-100000,0,0,0,0,100000,-100000,-100000
067473,旺宏元大02購01  ,0,0,0,0,0,0,0,0,0,-100000,0,0,0,136000,236000,-100000,-100000
067399,新日興永豐01購01,0,0,0,0,0,0,0,0,0,-100000,0,0,0,0,100000,-100000,-100000
066405,晶碩凱基01購01  ,0,0,0,0,0,0,0,0,0,-100000,0,0,0,0,100000,-100000,-100000
066407,昇陽半凱基01購01,0,0,0,0,0,0,0,0,0,-100000,0,0,0,0,100000,-100000,-100000
066808,牧德凱基01購01  ,0,0,0,0,0,0,0,0,0,-100000,0,0,0,0,100000,-100000,-100000
066696,臺指反群益01購02,0,0,0,0,0,0,0,0,0,-100000,0,0,0,0,100000,-100000,-100000
065272,聯茂元大9C購05  ,0,0,0,0,0,0,0,0,0,-100000,0,0,0,0,100000,-100000,-100000
064952,國泰金凱基9C購01,0,0,0,0,0,0,0,0,0,-100000,0,0,0,0,100000,-100000,-100000
065164,和大元大01購01  ,0,0,0,0,0,0,0,0,0,-100000,0,0,0,0,100000,-100000,-100000
065755,日電貿元大9C購02,0,0,0,0,0,0,0,0,0,-100000,0,0,0,47000,147000,-100000,-100000
08797P,健策凱基02售03  ,0,0,0,0,0,0,0,0,0,-100000,0,0,0,30000,130000,-100000,-100000
069050,聯發科元富04購04,0,0,0,0,0,0,0,0,0,-101000,0,0,0,1000,102000,-101000,-101000
067911,SP黃豆富邦02購01,0,0,0,0,0,0,0,0,0,-101000,0,0,0,0,101000,-101000,-101000
062955,立積永豐9B購02  ,0,0,0,0,0,0,0,0,0,-101000,0,0,0,0,101000,-101000,-101000
063505,奇力新群益9B購03,0,0,0,0,0,0,0,0,0,-101000,0,0,0,0,101000,-101000,-101000
063317,大立光群益9B購06,0,0,0,0,0,0,0,0,0,-101000,0,0,0,0,101000,-101000,-101000
063846,智邦元大9C購01  ,0,0,0,0,0,0,0,0,0,-101000,0,0,0,80000,181000,-101000,-101000
062205,奇力新國票9C購01,0,0,0,0,0,0,0,0,0,-101000,0,0,0,135000,236000,-101000,-101000
063806,瀚宇博兆豐01購01,0,0,0,0,0,0,0,0,0,-101000,0,0,0,24000,125000,-101000,-101000
062307,華通凱基9C購01  ,0,0,0,0,0,0,0,0,0,-101000,0,0,0,19000,120000,-101000,-101000
067941,鎧勝凱基01購02  ,0,0,0,0,0,0,0,0,0,-102000,0,0,0,414000,516000,-102000,-102000
067767,鴻海統一03購04  ,0,0,0,0,0,0,0,0,0,-102000,0,0,0,0,102000,-102000,-102000
068742,A50群益02購01   ,0,0,0,0,0,0,0,0,0,-102000,0,0,0,0,102000,-102000,-102000
068382,亞德客統一03購01,0,0,0,0,0,0,0,0,0,-102000,0,0,0,10000,112000,-102000,-102000
068219,聯發科統一03購06,0,0,0,0,0,0,0,0,0,-102000,0,0,0,143000,245000,-102000,-102000
069402,聯電統一04購02  ,0,0,0,0,0,0,0,0,0,-102000,0,0,0,3000,105000,-102000,-102000
060061,旺宏兆豐99購02  ,0,0,0,0,0,0,0,0,0,-102000,0,0,0,0,102000,-102000,-102000
060879,華新科中信9A購02,0,0,0,0,0,0,0,0,0,-102000,0,0,0,0,102000,-102000,-102000
064391,亞德客永豐9C購01,0,0,0,0,0,0,0,0,0,-102000,0,0,0,27000,129000,-102000,-102000
063839,華通元大9C購02  ,0,0,0,0,0,0,0,0,0,-102000,0,0,0,10000,112000,-102000,-102000
066074,文曄凱基01購01  ,0,0,0,0,0,0,0,0,0,-102000,0,0,0,48000,150000,-102000,-102000
065146,帆宣凱基9C購01  ,0,0,0,0,0,0,0,0,0,-102000,0,0,0,0,102000,-102000,-102000
066856,致新元大01購01  ,0,0,0,0,0,0,0,0,0,-102000,0,0,0,105000,207000,-102000,-102000
08817P,致新元富01售02  ,0,0,0,0,0,0,0,0,0,-102000,0,0,0,125000,227000,-102000,-102000
069137,光磊永豐02購01  ,0,0,0,0,0,0,0,0,0,-103000,0,0,0,129000,232000,-103000,-103000
03662C,FBVIX凱基03牛01 ,0,0,0,0,0,0,0,0,0,-103000,0,0,0,25000,128000,-103000,-103000
03242P,聯電統一02售04  ,0,0,0,0,0,0,0,0,0,-103000,0,0,0,150000,253000,-103000,-103000
060251,易華電元大9C購01,0,0,0,0,0,0,0,0,0,-103000,0,0,0,52000,155000,-103000,-103000
063566,台光電元大9B購08,0,0,0,0,0,0,0,0,0,-103000,0,0,0,13000,116000,-103000,-103000
063275,臺指反元大02購16,0,0,0,0,0,0,0,0,0,-103000,0,0,0,0,103000,-103000,-103000
063239,建準元大9B購01  ,0,0,0,0,0,0,0,0,0,-103000,0,0,0,4000,107000,-103000,-103000
064716,國巨統一9C購14  ,0,0,0,0,0,0,0,0,0,-103000,0,0,0,0,103000,-103000,-103000
064726,創意統一01購03  ,0,0,0,0,0,0,0,0,0,-103000,0,0,0,103000,206000,-103000,-103000
066516,智原永豐01購01  ,0,0,0,0,0,0,0,0,0,-103000,0,0,0,0,103000,-103000,-103000
067013,致新永豐01購01  ,0,0,0,0,0,0,0,0,0,-103000,0,0,0,0,103000,-103000,-103000
065549,智邦凱基9C購03  ,0,0,0,0,0,0,0,0,0,-103000,0,0,0,10000,113000,-103000,-103000
068493,聯發科元大01購30,0,0,0,0,0,0,0,0,0,-104000,0,0,0,131000,235000,-104000,-104000
059882,臺股指凱基9C購06,0,0,0,0,0,0,0,0,0,-104000,0,0,0,3000,107000,-104000,-104000
064428,裕隆凱基02購01  ,0,0,0,0,0,0,0,0,0,-104000,0,0,0,128000,232000,-104000,-104000
063581,同欣電國泰9C購01,0,0,0,0,0,0,0,0,0,-104000,0,0,0,13000,117000,-104000,-104000
5305,敦南            ,50000,151000,-101000,0,0,0,0,0,0,-3000,0,3000,-3000,0,0,0,-104000
068431,華通凱基03購02  ,0,0,0,0,0,0,0,0,0,-105000,0,0,0,168000,273000,-105000,-105000
068942,美律日盛02購01  ,0,0,0,0,0,0,0,0,0,-105000,0,0,0,33000,138000,-105000,-105000
068931,聯發科永豐02購01,0,0,0,0,0,0,0,0,0,-105000,0,0,0,0,105000,-105000,-105000
07963P,智邦統一9B售01  ,0,0,0,0,0,0,0,0,0,-105000,0,0,0,85000,190000,-105000,-105000
063654,上銀元富9B購05  ,0,0,0,0,0,0,0,0,0,-105000,0,0,0,259000,364000,-105000,-105000
061633,統一元大9A購01  ,0,0,0,0,0,0,0,0,0,-105000,0,0,0,100000,205000,-105000,-105000
064617,台光電元大01購01,0,0,0,0,0,0,0,0,0,-105000,0,0,0,89000,194000,-105000,-105000
065183,和大統一01購03  ,0,0,0,0,0,0,0,0,0,-105000,0,0,0,0,105000,-105000,-105000
064980,牧德元大01購01  ,0,0,0,0,0,0,0,0,0,-105000,0,0,0,0,105000,-105000,-105000
065611,嘉聯益元大9C購02,0,0,0,0,0,0,0,0,0,-105000,0,0,0,8000,113000,-105000,-105000
066890,聯詠中信07購01  ,0,0,0,0,0,0,0,0,0,-105000,0,0,0,69000,174000,-105000,-105000
066817,瀚宇博兆豐03購01,0,0,0,0,0,0,0,0,0,-105000,0,0,0,75000,180000,-105000,-105000
8104,錸寶            ,107000,211000,-104000,0,0,0,0,0,0,-1000,0,1000,-1000,0,0,0,-105000
068960,建準群益02購01  ,0,0,0,0,0,0,0,0,0,-106000,0,0,0,0,106000,-106000,-106000
069219,華新群益04購01  ,0,0,0,0,0,0,0,0,0,-106000,0,0,0,45000,151000,-106000,-106000
064280,大立光元大9C購11,0,0,0,0,0,0,0,0,0,-106000,0,0,0,13000,119000,-106000,-106000
063772,智邦富邦9B購02  ,0,0,0,0,0,0,0,0,0,-106000,0,0,0,0,106000,-106000,-106000
061628,緯穎群益9A購04  ,0,0,0,0,0,0,0,0,0,-106000,0,0,0,133000,239000,-106000,-106000
066829,奇力新群益01購01,0,0,0,0,0,0,0,0,0,-106000,0,0,0,0,106000,-106000,-106000
066275,台勝科元大01購01,0,0,0,0,0,0,0,0,0,-106000,0,0,0,121000,227000,-106000,-106000
067528,聚陽群益01購01  ,0,0,0,0,0,0,0,0,0,-106000,0,0,0,50000,156000,-106000,-106000
065649,牧德元大03購01  ,0,0,0,0,0,0,0,0,0,-106000,0,0,0,17000,123000,-106000,-106000
5243,乙盛-KY         ,48000,188000,-140000,0,0,0,0,0,0,34000,34000,0,34000,0,0,0,-106000
08190P,宏達電元富9B售04,0,0,0,0,0,0,0,0,0,-107000,0,0,0,4000,111000,-107000,-107000
068538,帆宣中信01購03  ,0,0,0,0,0,0,0,0,0,-107000,0,0,0,157000,264000,-107000,-107000
067804,旺宏凱基01購04  ,0,0,0,0,0,0,0,0,0,-107000,0,0,0,0,107000,-107000,-107000
059851,晶相光永豐99購02,0,0,0,0,0,0,0,0,0,-107000,0,0,0,9000,116000,-107000,-107000
064650,台表科凱基03購01,0,0,0,0,0,0,0,0,0,-107000,0,0,0,40000,147000,-107000,-107000
066427,牧德元大02購03  ,0,0,0,0,0,0,0,0,0,-107000,0,0,0,0,107000,-107000,-107000
067759,美食永豐01購01  ,0,0,0,0,0,0,0,0,0,-108000,0,0,0,1000,109000,-108000,-108000
068678,台積電台新03購02,0,0,0,0,0,0,0,0,0,-108000,0,0,0,599000,707000,-108000,-108000
08184P,可成永豐9B售03  ,0,0,0,0,0,0,0,0,0,-108000,0,0,0,0,108000,-108000,-108000
069183,微星麥證02購01  ,0,0,0,12000,120000,-108000,0,0,0,-108000,0,0,0,12000,120000,-108000,-108000
069079,聯發科凱基02購07,0,0,0,0,0,0,0,0,0,-108000,0,0,0,2000,110000,-108000,-108000
060656,國巨統一9C購03  ,0,0,0,0,0,0,0,0,0,-108000,0,0,0,1000,109000,-108000,-108000
062189,康控元大9B購02  ,0,0,0,0,0,0,0,0,0,-108000,0,0,0,34000,142000,-108000,-108000
066737,創意元大01購05  ,0,0,0,0,0,0,0,0,0,-108000,0,0,0,13000,121000,-108000,-108000
067178,京鼎康和01購01  ,0,0,0,0,0,0,0,0,0,-108000,0,0,0,21000,129000,-108000,-108000
068900,上緯控元大02購01,0,0,0,0,0,0,0,0,0,-109000,0,0,0,214000,323000,-109000,-109000
059984,華新科元大99購21,0,0,0,0,0,0,0,0,0,-109000,0,0,0,3000,112000,-109000,-109000
060364,奇力新元富9A購01,0,0,0,0,0,0,0,0,0,-109000,0,0,0,38000,147000,-109000,-109000
062187,台勝科元大9B購02,0,0,0,0,0,0,0,0,0,-109000,0,0,0,0,109000,-109000,-109000
063124,奇力新元大9B購05,0,0,0,0,0,0,0,0,0,-109000,0,0,0,148000,257000,-109000,-109000
063262,南六富邦9C購01  ,0,0,0,0,0,0,0,0,0,-109000,0,0,0,73000,182000,-109000,-109000
063207,聯茂統一01購01  ,0,0,0,0,0,0,0,0,0,-109000,0,0,0,3000,112000,-109000,-109000
066510,堤維西永豐01購01,0,0,0,0,0,0,0,0,0,-109000,0,0,0,55000,164000,-109000,-109000
066572,台郡元大01購02  ,0,0,0,0,0,0,0,0,0,-109000,0,0,0,47000,156000,-109000,-109000
066149,潤泰新群益01購01,0,0,0,0,0,0,0,0,0,-109000,0,0,0,133000,242000,-109000,-109000
064517,國巨群益02購01  ,0,0,0,0,0,0,0,0,0,-109000,0,0,0,20000,129000,-109000,-109000
065133,SP黃豆凱基02購01,0,0,0,0,0,0,0,0,0,-109000,0,0,0,0,109000,-109000,-109000
065258,華邦電元大01購01,0,0,0,0,0,0,0,0,0,-109000,0,0,0,41000,150000,-109000,-109000
068902,瑞儀元大02購03  ,0,0,0,0,0,0,0,0,0,-110000,0,0,0,0,110000,-110000,-110000
069229,瑞祺群益02購01  ,0,0,0,0,0,0,0,0,0,-110000,0,0,0,30000,140000,-110000,-110000
069263,台光電兆豐03購01,0,0,0,0,0,0,0,0,0,-110000,0,0,0,0,110000,-110000,-110000
069423,聯電台新02購01  ,0,0,0,0,0,0,0,0,0,-110000,0,0,0,1000,111000,-110000,-110000
068703,瑞昱國票03購01  ,0,0,0,0,0,0,0,0,0,-110000,0,0,0,23000,133000,-110000,-110000
068828,台郡元大02購02  ,0,0,0,0,0,0,0,0,0,-110000,0,0,0,11000,121000,-110000,-110000
063022,嘉晶元大9B購04  ,0,0,0,0,0,0,0,0,0,-110000,0,0,0,41000,151000,-110000,-110000
059935,國巨永豐99購07  ,0,0,0,0,0,0,0,0,0,-110000,0,0,0,0,110000,-110000,-110000
061034,晶豪科永豐9A購01,0,0,0,0,0,0,0,0,0,-110000,0,0,0,0,110000,-110000,-110000
063344,臺企銀統一9C購01,0,0,0,0,0,0,0,0,0,-110000,0,0,0,0,110000,-110000,-110000
061991,牧德元大9C購01  ,0,0,0,0,0,0,0,0,0,-110000,0,0,0,0,110000,-110000,-110000
062054,鴻海統一9C購06  ,0,0,0,0,0,0,0,0,0,-110000,0,0,0,0,110000,-110000,-110000
061897,泰碩永豐9B購01  ,0,0,0,0,0,0,0,0,0,-110000,0,0,0,0,110000,-110000,-110000
065284,旺宏群益9C購03  ,0,0,0,0,0,0,0,0,0,-110000,0,0,0,10000,120000,-110000,-110000
065515,大立光群益02購01,0,0,0,0,0,0,0,0,0,-110000,0,0,0,0,110000,-110000,-110000
065428,旺宏凱基03購01  ,0,0,0,0,0,0,0,0,0,-110000,0,0,0,0,110000,-110000,-110000
065399,新日興群益01購01,0,0,0,0,0,0,0,0,0,-110000,0,0,0,37000,147000,-110000,-110000
065791,牧德永豐9C購03  ,0,0,0,0,0,0,0,0,0,-110000,0,0,0,0,110000,-110000,-110000
066614,貿聯麥證01購01  ,0,0,0,0,110000,-110000,0,0,0,-110000,0,0,0,0,110000,-110000,-110000
067494,日月光元大01購03,0,0,0,0,0,0,0,0,0,-110000,0,0,0,505000,615000,-110000,-110000
5515,建國            ,67000,176000,-109000,0,0,0,0,0,0,-1000,0,1000,-1000,0,0,0,-110000
068479,帆宣群益01購02  ,0,0,0,0,0,0,0,0,0,-111000,0,0,0,36000,147000,-111000,-111000
064297,台郡國票01購01  ,0,0,0,0,0,0,0,0,0,-111000,0,0,0,35000,146000,-111000,-111000
057287,彩晶元大9C購03  ,0,0,0,0,0,0,0,0,0,-111000,0,0,0,24000,135000,-111000,-111000
061694,玉山金群益9A購01,0,0,0,0,0,0,0,0,0,-111000,0,0,0,114000,225000,-111000,-111000
063973,緯穎國票9C購01  ,0,0,0,0,0,0,0,0,0,-111000,0,0,0,78000,189000,-111000,-111000
062539,可成國泰01購01  ,0,0,0,0,0,0,0,0,0,-111000,0,0,0,247000,358000,-111000,-111000
063276,和大元大9B購01  ,0,0,0,0,0,0,0,0,0,-111000,0,0,0,0,111000,-111000,-111000
063565,旺宏元大9B購08  ,0,0,0,0,0,0,0,0,0,-111000,0,0,0,100000,211000,-111000,-111000
061545,華新科群益9A購09,0,0,0,0,0,0,0,0,0,-111000,0,0,0,12000,123000,-111000,-111000
067071,燿華元大01購02  ,0,0,0,0,0,0,0,0,0,-111000,0,0,0,0,111000,-111000,-111000
066885,牧德永豐01購02  ,0,0,0,0,0,0,0,0,0,-111000,0,0,0,0,111000,-111000,-111000
066303,泰山永豐01購01  ,0,0,0,0,0,0,0,0,0,-111000,0,0,0,0,111000,-111000,-111000
066115,美律兆豐02購01  ,0,0,0,0,0,0,0,0,0,-111000,0,0,0,33000,144000,-111000,-111000
08978P,臺股指群益01售12,0,0,0,0,0,0,0,0,0,-111000,0,0,0,54000,165000,-111000,-111000
069266,義隆兆豐04購02  ,0,0,0,0,0,0,0,0,0,-112000,0,0,0,10000,122000,-112000,-112000
03010P,國巨國泰03售01  ,0,0,0,0,0,0,0,0,0,-112000,0,0,0,117000,229000,-112000,-112000
060167,禾聯碩永豐9A購01,0,0,0,0,0,0,0,0,0,-112000,0,0,0,0,112000,-112000,-112000
064375,智邦元富03購01  ,0,0,0,0,0,0,0,0,0,-112000,0,0,0,85000,197000,-112000,-112000
064373,和大元富03購01  ,0,0,0,0,0,0,0,0,0,-112000,0,0,0,0,112000,-112000,-112000
062649,緯穎富邦9B購03  ,0,0,0,0,0,0,0,0,0,-112000,0,0,0,42000,154000,-112000,-112000
066529,巨大統一03購01  ,0,0,0,0,0,0,0,0,0,-112000,0,0,0,15000,127000,-112000,-112000
8112,至上            ,242000,350000,-108000,0,0,0,0,0,0,-4000,0,4000,-4000,0,0,0,-112000
2327,國巨            ,1340002,1490335,-150333,0,0,0,2000,0,2000,36000,31000,4000,27000,66000,57000,9000,-112333
07871P,台積電群益9C售02,0,0,0,0,0,0,0,0,0,-113000,0,0,0,2000,115000,-113000,-113000
08436P,TPK群益9C售04   ,0,0,0,0,0,0,0,0,0,-113000,0,0,0,0,113000,-113000,-113000
068510,鴻海統一03購06  ,0,0,0,0,0,0,0,0,0,-113000,0,0,0,13000,126000,-113000,-113000
062613,臺指反元大02購10,0,0,0,0,0,0,0,0,0,-113000,0,0,0,0,113000,-113000,-113000
063388,台光電兆豐9C購01,0,0,0,0,0,0,0,0,0,-113000,0,0,0,31000,144000,-113000,-113000
062870,亞德客兆豐9C購01,0,0,0,0,0,0,0,0,0,-113000,0,0,0,0,113000,-113000,-113000
061656,華新科國票9A購08,0,0,0,0,0,0,0,0,0,-113000,0,0,0,7000,120000,-113000,-113000
066734,聯詠元大01購03  ,0,0,0,0,0,0,0,0,0,-113000,0,0,0,57000,170000,-113000,-113000
067268,日月光永豐01購01,0,0,0,0,0,0,0,0,0,-113000,0,0,0,323000,436000,-113000,-113000
065794,麗豐永豐9C購01  ,0,0,0,0,0,0,0,0,0,-113000,0,0,0,13000,126000,-113000,-113000
2316,楠梓電          ,236000,419400,-183400,0,0,0,0,0,0,70000,11000,2000,9000,61000,0,61000,-113400
068475,晶技群益01購04  ,0,0,0,0,0,0,0,0,0,-114000,0,0,0,28000,142000,-114000,-114000
03161P,景碩元大01售03  ,0,0,0,0,0,0,0,0,0,-114000,0,0,0,0,114000,-114000,-114000
058410,國巨兆豐99購03  ,0,0,0,0,0,0,0,0,0,-114000,0,0,0,34000,148000,-114000,-114000
065585,聯發科富邦03購02,0,0,0,0,0,0,0,0,0,-114000,0,0,0,8000,122000,-114000,-114000
066212,惠特統一01購01  ,0,0,0,0,0,0,0,0,0,-114000,0,0,0,40000,154000,-114000,-114000
6112,聚碩            ,56000,163000,-107000,0,0,0,0,0,0,-7000,0,1000,-1000,0,6000,-6000,-114000
08451P,南六統一9C售06  ,0,0,0,0,0,0,0,0,0,-115000,0,0,0,10000,125000,-115000,-115000
061202,和大元大9A購02  ,0,0,0,0,0,0,0,0,0,-115000,0,0,0,13000,128000,-115000,-115000
063282,奇力新元大9B購06,0,0,0,0,0,0,0,0,0,-115000,0,0,0,0,115000,-115000,-115000
065092,健鼎元大9C購02  ,0,0,0,0,0,0,0,0,0,-115000,0,0,0,15000,130000,-115000,-115000
067228,華新群益01購01  ,0,0,0,0,0,0,0,0,0,-115000,0,0,0,9000,124000,-115000,-115000
066674,達方凱基01購01  ,0,0,0,0,0,0,0,0,0,-115000,0,0,0,10000,125000,-115000,-115000
066376,聯詠兆豐01購01  ,0,0,0,0,0,0,0,0,0,-115000,0,0,0,7000,122000,-115000,-115000
066390,鴻海凱基02購03  ,0,0,0,0,0,0,0,0,0,-115000,0,0,0,46000,161000,-115000,-115000
08983P,玉晶光凱基01售06,0,0,0,0,0,0,0,0,0,-115000,0,0,0,14000,129000,-115000,-115000
1215,卜蜂            ,169000,381000,-212000,0,0,0,153000,0,153000,-56000,167000,17000,150000,0,206000,-206000,-115000
060305,得力永豐9A購01  ,0,0,0,0,0,0,0,0,0,-116000,0,0,0,0,116000,-116000,-116000
03351P,台積電麥證02售07,0,0,0,0,116000,-116000,0,0,0,-116000,0,0,0,0,116000,-116000,-116000
066990,啟碁群益01購01  ,0,0,0,0,0,0,0,0,0,-116000,0,0,0,3000,119000,-116000,-116000
066110,大成鋼兆豐01購01,0,0,0,0,0,0,0,0,0,-116000,0,0,0,0,116000,-116000,-116000
066156,建準康和01購01  ,0,0,0,0,0,0,0,0,0,-116000,0,0,0,20000,136000,-116000,-116000
08868P,欣興凱基02售03  ,0,0,0,0,0,0,0,0,0,-116000,0,0,0,201000,317000,-116000,-116000
08341P,國泰金台新9C售01,0,0,0,0,0,0,0,0,0,-117000,0,0,0,157000,274000,-117000,-117000
068312,鎧勝國票03購01  ,0,0,0,0,0,0,0,0,0,-117000,0,0,0,105000,222000,-117000,-117000
03069P,大毅群益01售04  ,0,0,0,0,0,0,0,0,0,-117000,0,0,0,178000,295000,-117000,-117000
063915,祥碩凱基01購01  ,0,0,0,0,0,0,0,0,0,-117000,0,0,0,20000,137000,-117000,-117000
063967,華新科國票01購01,0,0,0,0,0,0,0,0,0,-117000,0,0,0,11000,128000,-117000,-117000
063220,建準群益9B購01  ,0,0,0,0,0,0,0,0,0,-117000,0,0,0,46000,163000,-117000,-117000
065535,健鼎統一02購03  ,0,0,0,0,0,0,0,0,0,-117000,0,0,0,36000,153000,-117000,-117000
065226,華通凱基01購01  ,0,0,0,0,0,0,0,0,0,-117000,0,0,0,135000,252000,-117000,-117000
2207,和泰車          ,69394,187000,-117606,0,0,0,1000,0,1000,-1000,3000,4000,-1000,0,0,0,-117606
068228,聯發科元富07購08,0,0,0,0,0,0,0,0,0,-118000,0,0,0,190000,308000,-118000,-118000
068821,聯詠元大02購01  ,0,0,0,0,0,0,0,0,0,-118000,0,0,0,68000,186000,-118000,-118000
067719,旺宏凱基01購03  ,0,0,0,0,0,0,0,0,0,-118000,0,0,0,4000,122000,-118000,-118000
069317,智邦兆豐03購01  ,0,0,0,0,0,0,0,0,0,-118000,0,0,0,0,118000,-118000,-118000
068882,亞德客統一04購01,0,0,0,0,0,0,0,0,0,-118000,0,0,0,2000,120000,-118000,-118000
064656,聚陽元大9C購03  ,0,0,0,0,0,0,0,0,0,-118000,0,0,0,0,118000,-118000,-118000
061360,智邦兆豐9B購02  ,0,0,0,0,0,0,0,0,0,-118000,0,0,0,0,118000,-118000,-118000
065021,貿聯富邦03購01  ,0,0,0,0,0,0,0,0,0,-118000,0,0,0,5000,123000,-118000,-118000
065991,牧德永豐01購01  ,0,0,0,0,0,0,0,0,0,-118000,0,0,0,12000,130000,-118000,-118000
065693,國巨群益9C購18  ,0,0,0,0,0,0,0,0,0,-118000,0,0,0,0,118000,-118000,-118000
065694,國巨群益9C購19  ,0,0,0,0,0,0,0,0,0,-118000,0,0,0,0,118000,-118000,-118000
067073,國揚元大01購02  ,0,0,0,0,0,0,0,0,0,-118000,0,0,0,216000,334000,-118000,-118000
067345,美利達凱基02購01,0,0,0,0,0,0,0,0,0,-118000,0,0,0,0,118000,-118000,-118000
066360,致茂中信05購01  ,0,0,0,0,0,0,0,0,0,-118000,0,0,0,10000,128000,-118000,-118000
066824,旺宏群益02購01  ,0,20000,-20000,0,0,0,0,0,0,-98000,0,0,0,130000,228000,-98000,-118000
2637,慧洋-KY         ,271000,208000,63000,0,0,0,1000,0,1000,-182000,0,170000,-170000,0,12000,-12000,-118000
08233P,國泰金元富9B售01,0,0,0,0,0,0,0,0,0,-119000,0,0,0,88000,207000,-119000,-119000
08105P,景碩元大9B售01  ,0,0,0,0,0,0,0,0,0,-119000,0,0,0,0,119000,-119000,-119000
067831,聯電統一03購01  ,0,0,0,0,0,0,0,0,0,-119000,0,0,0,78000,197000,-119000,-119000
067576,元金反群益04購01,0,0,0,0,0,0,0,0,0,-119000,0,0,0,10000,129000,-119000,-119000
068133,鎧勝統一03購01  ,0,0,0,0,0,0,0,0,0,-119000,0,0,0,780000,899000,-119000,-119000
068547,台積電群益01購21,0,0,0,0,0,0,0,0,0,-119000,0,0,0,98000,217000,-119000,-119000
03322P,景碩凱基02售02  ,0,0,0,0,0,0,0,0,0,-119000,0,0,0,32000,151000,-119000,-119000
056700,華新科國泰99購03,0,0,0,0,0,0,0,0,0,-119000,0,0,0,0,119000,-119000,-119000
057543,華通凱基99購02  ,0,0,0,0,0,0,0,0,0,-119000,0,0,0,31000,150000,-119000,-119000
063650,矽創元大9B購03  ,0,0,0,0,0,0,0,0,0,-119000,0,0,0,9000,128000,-119000,-119000
060490,華新科台新9A購01,0,0,0,0,0,0,0,0,0,-119000,0,0,0,1000,120000,-119000,-119000
062614,臺指反元大02購11,0,0,0,0,0,0,0,0,0,-119000,0,0,0,0,119000,-119000,-119000
061827,台灣50凱基02購01,0,0,0,0,0,0,0,0,0,-119000,0,0,0,0,119000,-119000,-119000
062208,旭富國票9C購01  ,0,0,0,0,0,0,0,0,0,-119000,0,0,0,1000,120000,-119000,-119000
063943,台光電元大9C購02,0,0,0,0,0,0,0,0,0,-119000,0,0,0,31000,150000,-119000,-119000
067207,微星元大01購04  ,0,0,0,0,0,0,0,0,0,-119000,0,0,0,139000,258000,-119000,-119000
067166,華通麥證01購01  ,0,0,0,45000,228000,-183000,0,0,0,-119000,0,0,0,109000,228000,-119000,-119000
067150,聯發科統一02購05,0,0,0,0,0,0,0,0,0,-119000,0,0,0,78000,197000,-119000,-119000
065855,瀚宇博元大9C購03,0,0,0,0,0,0,0,0,0,-119000,0,0,0,222000,341000,-119000,-119000
065169,華邦電元大9C購03,0,0,0,0,0,0,0,0,0,-119000,0,0,0,17000,136000,-119000,-119000
6166,凌華            ,35000,150000,-115000,0,0,0,0,0,0,-4000,0,0,0,0,4000,-4000,-119000
068315,台灣50元大01購33,0,0,0,0,0,0,0,0,0,-120000,0,0,0,351000,471000,-120000,-120000
068427,儒鴻凱基01購01  ,0,0,0,0,0,0,0,0,0,-120000,0,0,0,0,120000,-120000,-120000
08068P,宏達電國泰9C售01,0,0,0,0,0,0,0,0,0,-120000,0,0,0,50000,170000,-120000,-120000
058558,鴻海日盛9A購02  ,0,0,0,0,0,0,0,0,0,-120000,0,0,0,237000,357000,-120000,-120000
056387,智伸科國泰99購01,0,0,0,0,0,0,0,0,0,-120000,0,0,0,20000,140000,-120000,-120000
063948,高鐵元大9C購01  ,0,0,0,0,0,0,0,0,0,-120000,0,0,0,0,120000,-120000,-120000
065082,台光電元大9C購04,0,0,0,0,0,0,0,0,0,-120000,0,0,0,52000,172000,-120000,-120000
065234,旭富凱基01購01  ,0,0,0,0,0,0,0,0,0,-120000,0,0,0,0,120000,-120000,-120000
065970,燿華元大02購01  ,0,0,0,0,0,0,0,0,0,-120000,0,0,0,70000,190000,-120000,-120000
067411,矽格兆豐03購01  ,0,0,0,0,0,0,0,0,0,-120000,0,0,0,30000,150000,-120000,-120000
066886,T50反1中信05購01,0,0,0,0,0,0,0,0,0,-120000,0,0,0,80000,200000,-120000,-120000
066893,技嘉兆豐01購02  ,0,0,0,0,0,0,0,0,0,-120000,0,0,0,15000,135000,-120000,-120000
066635,敦泰凱基01購01  ,0,0,0,0,0,0,0,0,0,-120000,0,0,0,25000,145000,-120000,-120000
066297,美利達元大01購01,0,0,0,0,0,0,0,0,0,-120000,0,0,0,0,120000,-120000,-120000
3532,台勝科          ,68000,145000,-77000,0,0,0,0,91000,-91000,48000,0,0,0,55000,7000,48000,-120000
1612,宏泰            ,56000,171000,-115000,0,0,0,0,0,0,-5000,0,5000,-5000,0,0,0,-120000
068935,晶技永豐02購01  ,0,0,0,0,0,0,0,0,0,-121000,0,0,0,32000,153000,-121000,-121000
063984,華邦電國泰02購01,0,0,0,0,0,0,0,0,0,-121000,0,0,0,100000,221000,-121000,-121000
064763,祥碩凱基02購01  ,0,0,0,0,0,0,0,0,0,-121000,0,0,0,292000,413000,-121000,-121000
067248,帆宣群益01購01  ,0,0,0,0,0,0,0,0,0,-121000,0,0,0,47000,168000,-121000,-121000
066021,華通群益02購03  ,0,0,0,0,0,0,0,0,0,-121000,0,0,0,36000,157000,-121000,-121000
065362,華通元大9C購06  ,10000,0,10000,0,0,0,0,0,0,-131000,0,0,0,29000,160000,-131000,-121000
064898,國產群益9C購01  ,0,0,0,0,0,0,0,0,0,-121000,0,0,0,197000,318000,-121000,-121000
3706,神達            ,310000,657000,-347000,0,0,0,0,0,0,226000,0,13000,-13000,253000,14000,239000,-121000
068565,建準元大01購02  ,0,0,0,0,0,0,0,0,0,-122000,0,0,0,38000,160000,-122000,-122000
064258,臻鼎國泰01購02  ,0,0,0,0,0,0,0,0,0,-122000,0,0,0,20000,142000,-122000,-122000
064495,南亞科元大9C購03,0,0,0,0,0,0,0,0,0,-122000,0,0,0,78000,200000,-122000,-122000
061361,世紀鋼兆豐9A購01,0,0,0,0,0,0,0,0,0,-122000,0,0,0,181000,303000,-122000,-122000
062076,美律元大9B購02  ,0,0,0,0,0,0,0,0,0,-122000,0,0,0,0,122000,-122000,-122000
064899,大立光群益9C購06,0,0,0,0,0,0,0,0,0,-122000,0,0,0,0,122000,-122000,-122000
065279,T50反1群益9C購03,0,0,0,0,0,0,0,0,0,-122000,0,0,0,398000,520000,-122000,-122000
4540,全球傳動        ,93000,213000,-120000,0,0,0,0,0,0,-2000,0,2000,-2000,0,0,0,-122000
068566,聯發科元大01購31,0,0,0,0,0,0,0,0,0,-123000,0,0,0,76000,199000,-123000,-123000
068732,嘉聯益元大02購01,0,0,0,0,0,0,0,0,0,-123000,0,0,0,5000,128000,-123000,-123000
067619,臺股指凱基04購02,0,0,0,0,0,0,0,0,0,-123000,0,0,0,447000,570000,-123000,-123000
069292,台積電中信06購05,0,0,0,0,0,0,0,0,0,-123000,0,0,0,0,123000,-123000,-123000
08576P,嘉澤凱基9C售03  ,0,0,0,0,0,0,0,0,0,-123000,0,0,0,10000,133000,-123000,-123000
062937,旺宏凱基9B購08  ,0,0,0,0,0,0,0,0,0,-123000,0,0,0,5000,128000,-123000,-123000
063287,嘉澤元大9B購05  ,0,0,0,0,0,0,0,0,0,-123000,0,0,0,42000,165000,-123000,-123000
064066,達新永豐9C購01  ,0,0,0,0,0,0,0,0,0,-123000,0,0,0,9000,132000,-123000,-123000
061283,智邦統一9A購01  ,0,0,0,0,0,0,0,0,0,-123000,0,0,0,5000,128000,-123000,-123000
065305,泰鼎元富9C購01  ,0,0,0,0,0,0,0,0,0,-123000,0,0,0,147000,270000,-123000,-123000
066421,國產元大01購01  ,0,0,0,0,0,0,0,0,0,-123000,0,0,0,69000,192000,-123000,-123000
08194P,同欣電國票9C售03,0,0,0,0,0,0,0,0,0,-124000,0,0,0,0,124000,-124000,-124000
069209,晶技元大02購02  ,24000,0,24000,0,0,0,0,0,0,-148000,0,0,0,0,148000,-148000,-124000
07292P,臺股指凱基99售44,0,0,0,0,0,0,0,0,0,-124000,0,0,0,0,124000,-124000,-124000
059509,奇力新永豐99購02,0,0,0,0,0,0,0,0,0,-124000,0,0,0,4000,128000,-124000,-124000
064657,和大元大9C購02  ,0,0,0,0,0,0,0,0,0,-124000,0,0,0,0,124000,-124000,-124000
064105,南茂群益9C購01  ,0,0,0,0,0,0,0,0,0,-124000,0,0,0,1000,125000,-124000,-124000
063257,牧德國泰01購01  ,0,0,0,0,0,0,0,0,0,-124000,0,0,0,0,124000,-124000,-124000
067200,深中小元大03購01,0,0,0,0,0,0,0,0,0,-124000,0,0,0,410000,534000,-124000,-124000
067201,A50正2元大03購01,0,0,0,0,0,0,0,0,0,-124000,0,0,0,2000,126000,-124000,-124000
067294,中磊兆豐03購01  ,0,0,0,0,0,0,0,0,0,-124000,0,0,0,73000,197000,-124000,-124000
069391,世紀鋼元大03購02,0,0,0,0,0,0,0,0,0,-125000,0,0,0,0,125000,-125000,-125000
068881,台郡凱基02購02  ,0,0,0,0,0,0,0,0,0,-125000,0,0,0,0,125000,-125000,-125000
068546,國巨群益01購11  ,0,0,0,0,0,0,0,0,0,-125000,0,0,0,0,125000,-125000,-125000
068490,台光電元大01購06,0,0,0,0,0,0,0,0,0,-125000,0,0,0,69000,194000,-125000,-125000
068351,鴻海凱基04購01  ,0,0,0,0,0,0,0,0,0,-125000,0,0,0,40000,165000,-125000,-125000
059878,聯茂凱基99購07  ,0,0,0,0,0,0,0,0,0,-125000,0,0,0,0,125000,-125000,-125000
063518,儒鴻凱基9B購02  ,0,0,0,0,0,0,0,0,0,-125000,0,0,0,30000,155000,-125000,-125000
063478,GIS元大9B購03   ,0,0,0,0,0,0,0,0,0,-125000,0,0,0,0,125000,-125000,-125000
063944,建準元大9C購01  ,0,0,0,0,0,0,0,0,0,-125000,0,0,0,15000,140000,-125000,-125000
061620,禾伸堂群益9A購02,0,0,0,0,0,0,0,0,0,-125000,0,0,0,0,125000,-125000,-125000
064444,聚陽統一01購02  ,0,0,0,0,0,0,0,0,0,-125000,0,0,0,4000,129000,-125000,-125000
061353,康控元大9A購01  ,0,0,0,0,0,0,0,0,0,-125000,0,0,0,118000,243000,-125000,-125000
067344,鎧勝凱基02購01  ,0,0,0,0,0,0,0,0,0,-125000,0,0,0,150000,275000,-125000,-125000
4142,國光生          ,2382000,2512000,-130000,0,0,0,0,0,0,5000,0,15000,-15000,20000,0,20000,-125000
069019,GIS兆豐03購01   ,0,0,0,0,0,0,0,0,0,-126000,0,0,0,1000,127000,-126000,-126000
069415,欣興統一04購04  ,0,0,0,0,0,0,0,0,0,-126000,0,0,0,0,126000,-126000,-126000
065677,南亞科統一03購02,7000,0,7000,0,0,0,0,0,0,-133000,0,0,0,262000,395000,-133000,-126000
07768P,緯穎群益9A售02  ,0,0,0,0,0,0,0,0,0,-127000,0,0,0,0,127000,-127000,-127000
068012,台虹元大01購04  ,0,0,0,0,0,0,0,0,0,-127000,0,0,0,162000,289000,-127000,-127000
03256P,聯發科富邦03售08,0,0,0,0,0,0,0,0,0,-127000,0,0,0,0,127000,-127000,-127000
058251,百和元大99購03  ,0,0,0,0,0,0,0,0,0,-127000,0,0,0,23000,150000,-127000,-127000
061071,復盛凱基9A購01  ,0,0,0,0,0,0,0,0,0,-127000,0,0,0,0,127000,-127000,-127000
064087,華新科凱基9C購03,0,0,0,0,0,0,0,0,0,-127000,0,0,0,32000,159000,-127000,-127000
063924,致新元富9C購01  ,0,0,0,0,0,0,0,0,0,-127000,0,0,0,31000,158000,-127000,-127000
065944,大成鋼統一02購01,0,0,0,0,0,0,0,0,0,-127000,0,0,0,103000,230000,-127000,-127000
067342,新日興凱基01購02,0,0,0,0,0,0,0,0,0,-127000,0,0,0,0,127000,-127000,-127000
066478,鴻海元富07購02  ,0,0,0,0,0,0,0,0,0,-127000,0,0,0,30000,157000,-127000,-127000
068035,聯詠元富07購03  ,0,0,0,0,0,0,0,0,0,-128000,0,0,0,214000,342000,-128000,-128000
067967,玉山金群益01購01,0,0,0,0,0,0,0,0,0,-128000,0,0,0,89000,217000,-128000,-128000
069097,瑞昱統一04購01  ,0,0,0,0,0,0,0,0,0,-128000,0,0,0,20000,148000,-128000,-128000
064308,國巨群益9C購09  ,0,0,0,0,0,0,0,0,0,-128000,0,0,0,0,128000,-128000,-128000
062974,奇力新元富9B購01,0,0,0,0,0,0,0,0,0,-128000,0,0,0,93000,221000,-128000,-128000
03228P,緯穎凱基02售02  ,0,0,0,0,0,0,0,0,0,-128000,0,0,0,24000,152000,-128000,-128000
062377,力成元大9B購01  ,0,0,0,0,0,0,0,0,0,-128000,0,0,0,30000,158000,-128000,-128000
060894,奇力新凱基9A購03,0,0,0,0,0,0,0,0,0,-128000,0,0,0,103000,231000,-128000,-128000
066117,茂林兆豐02購01  ,0,0,0,0,0,0,0,0,0,-128000,0,0,0,22000,150000,-128000,-128000
065374,義隆元大9C購07  ,0,0,0,0,0,0,0,0,0,-128000,0,0,0,0,128000,-128000,-128000
3515,華擎            ,204000,327000,-123000,0,0,0,0,0,0,-5000,3000,0,3000,7000,15000,-8000,-128000
069177,南電元大03購01  ,0,0,0,0,0,0,0,0,0,-129000,0,0,0,111000,240000,-129000,-129000
068239,道瓊銀元大01購04,0,0,0,0,0,0,0,0,0,-129000,0,0,0,200000,329000,-129000,-129000
068444,中磊凱基01購01  ,0,0,0,0,0,0,0,0,0,-129000,0,0,0,98000,227000,-129000,-129000
064113,新日興國票01購01,0,0,0,0,0,0,0,0,0,-129000,0,0,0,16000,145000,-129000,-129000
064208,智邦凱基02購01  ,0,0,0,0,0,0,0,0,0,-129000,0,0,0,53000,182000,-129000,-129000
6155,鈞寶            ,35000,162000,-127000,0,0,0,0,0,0,-2000,0,2000,-2000,0,0,0,-129000
8131,福懋科          ,19000,144000,-125000,0,0,0,0,0,0,-4000,0,4000,-4000,0,0,0,-129000
8110,華東            ,48000,189000,-141000,0,0,0,0,0,0,12000,12000,0,12000,0,0,0,-129000
2365,昆盈            ,25000,147000,-122000,0,0,0,0,0,0,-7000,0,7000,-7000,0,0,0,-129000
067682,上緯控元大01購02,0,0,0,0,0,0,0,0,0,-130000,0,0,0,481000,611000,-130000,-130000
00683L,元大美元指數正2 ,0,0,0,0,0,0,0,0,0,-130000,0,0,0,2000,132000,-130000,-130000
00673R,元大S&P原油反1  ,0,0,0,0,0,0,0,0,0,-130000,0,0,0,70000,200000,-130000,-130000
061424,華新科元大9A購18,0,0,0,0,0,0,0,0,0,-130000,0,0,0,3000,133000,-130000,-130000
065474,旺宏元大9C購06  ,0,0,0,0,0,0,0,0,0,-130000,0,0,0,23000,153000,-130000,-130000
067023,巨大中信01購01  ,0,0,0,0,0,0,0,0,0,-130000,0,0,0,10000,140000,-130000,-130000
00752,中信中國50      ,1000,0,1000,0,0,0,0,0,0,-131126,0,0,0,691000,822126,-131126,-130126
068697,聯詠凱基03購02  ,0,0,0,0,0,0,0,0,0,-131000,0,0,0,5000,136000,-131000,-131000
08376P,南亞科元富9C售03,0,0,0,0,0,0,0,0,0,-131000,0,0,0,5000,136000,-131000,-131000
058878,旭富國泰9B購01  ,0,0,0,0,0,0,0,0,0,-131000,0,0,0,5000,136000,-131000,-131000
062398,建準永豐9B購01  ,0,0,0,0,0,0,0,0,0,-131000,0,0,0,0,131000,-131000,-131000
067385,申豐統一02購04  ,0,0,0,0,0,0,0,0,0,-131000,0,0,0,65000,196000,-131000,-131000
064915,美律統一02購02  ,0,0,0,0,0,0,0,0,0,-131000,0,0,0,15000,146000,-131000,-131000
1701,中化            ,233000,363000,-130000,0,0,0,0,0,0,-1000,0,1000,-1000,0,0,0,-131000
068602,智邦凱基01購01  ,0,0,0,0,0,0,0,0,0,-132000,0,0,0,5000,137000,-132000,-132000
067968,大立光群益01購10,0,0,0,0,0,0,0,0,0,-132000,0,0,0,742000,874000,-132000,-132000
060709,緯穎富邦9B購01  ,0,0,0,0,0,0,0,0,0,-132000,0,0,0,0,132000,-132000,-132000
00670L,富邦NASDAQ正2   ,11000,1000,10000,0,0,0,0,0,0,-142000,0,0,0,220000,362000,-142000,-132000
066339,總太永豐01購01  ,0,0,0,0,0,0,0,0,0,-132000,0,0,0,22000,154000,-132000,-132000
3005,神基            ,188000,374000,-186000,0,0,0,0,0,0,54000,38000,5000,33000,39000,18000,21000,-132000
3041,揚智            ,1108000,1240000,-132000,0,0,0,0,0,0,0,0,0,0,0,0,0,-132000
068411,世紀鋼元富07購01,0,0,0,0,0,0,0,0,0,-133000,0,0,0,257000,390000,-133000,-133000
069106,南電統一04購03  ,0,0,0,0,0,0,0,0,0,-133000,0,0,0,0,133000,-133000,-133000
03110P,聯發科元大01售26,0,0,0,0,0,0,0,0,0,-133000,0,0,0,663000,796000,-133000,-133000
057385,光罩永豐99購01  ,0,0,0,0,0,0,0,0,0,-133000,0,0,0,180000,313000,-133000,-133000
060161,牧德永豐9A購02  ,0,0,0,0,0,0,0,0,0,-133000,0,0,0,0,133000,-133000,-133000
063611,儒鴻群益9B購03  ,0,0,0,0,0,0,0,0,0,-133000,0,0,0,77000,210000,-133000,-133000
062467,國巨凱基9B購08  ,0,0,0,0,0,0,0,0,0,-133000,0,0,0,0,133000,-133000,-133000
064618,南亞科元大9C購04,0,0,0,0,0,0,0,0,0,-133000,0,0,0,68000,201000,-133000,-133000
060984,南亞科元大9A購07,0,0,0,0,0,0,0,0,0,-133000,0,0,0,74000,207000,-133000,-133000
061375,華通永豐9A購02  ,0,0,0,0,0,0,0,0,0,-133000,0,0,0,22000,155000,-133000,-133000
063135,國巨統一9B購16  ,0,0,0,0,0,0,0,0,0,-133000,0,0,0,1000,134000,-133000,-133000
063576,台表科元大9B購08,0,0,0,0,0,0,0,0,0,-133000,0,0,0,8000,141000,-133000,-133000
066281,眾達元大02購01  ,0,0,0,0,0,0,0,0,0,-133000,0,0,0,121000,254000,-133000,-133000
066424,晶技元大01購03  ,0,0,0,0,0,0,0,0,0,-133000,0,0,0,1000,134000,-133000,-133000
067357,欣興群益01購02  ,0,0,0,0,0,0,0,0,0,-133000,0,0,0,22000,155000,-133000,-133000
08936P,鴻海元大01售20  ,0,0,0,0,0,0,0,0,0,-133000,0,0,0,0,133000,-133000,-133000
068896,聯詠元大02購02  ,0,0,0,0,0,0,0,0,0,-134000,0,0,0,83000,217000,-134000,-134000
068057,惠特統一02購02  ,0,0,0,0,0,0,0,0,0,-134000,0,0,0,119000,253000,-134000,-134000
064192,巨大中信9C購01  ,0,0,0,0,0,0,0,0,0,-134000,0,0,0,0,134000,-134000,-134000
067075,亞光元大01購04  ,0,0,0,0,0,0,0,0,0,-134000,0,0,0,0,134000,-134000,-134000
066347,鎧勝永豐01購01  ,0,0,0,0,0,0,0,0,0,-134000,0,0,0,130000,264000,-134000,-134000
066607,台郡永豐01購01  ,0,0,0,0,0,0,0,0,0,-134000,0,0,0,0,134000,-134000,-134000
066820,南茂兆豐03購01  ,0,0,0,0,0,0,0,0,0,-134000,0,0,0,231000,365000,-134000,-134000
068154,聯發科元大01購23,0,0,0,0,0,0,0,0,0,-135000,0,0,0,84000,219000,-135000,-135000
08542P,台勝科國票02售01,0,0,0,0,0,0,0,0,0,-135000,0,0,0,60000,195000,-135000,-135000
064352,嘉聯益元大9C購01,0,0,0,0,0,0,0,0,0,-135000,0,0,0,0,135000,-135000,-135000
060376,瑞祺元富9A購01  ,0,0,0,0,0,0,0,0,0,-135000,0,0,0,12000,147000,-135000,-135000
063574,茂林元大9B購07  ,0,0,0,0,0,0,0,0,0,-135000,0,0,0,0,135000,-135000,-135000
061599,元金反中信9C購01,0,0,0,0,0,0,0,0,0,-135000,0,0,0,0,135000,-135000,-135000
061785,奇力新群益9B購01,0,0,0,0,0,0,0,0,0,-135000,0,0,0,0,135000,-135000,-135000
066792,T50反1凱基01購03,0,0,0,0,0,0,0,0,0,-135000,0,0,0,19000,154000,-135000,-135000
067211,聯發科元大01購19,0,0,0,0,0,0,0,0,0,-135000,0,0,0,19000,154000,-135000,-135000
069167,欣興元大02購07  ,0,0,0,0,0,0,0,0,0,-136000,0,0,0,291000,427000,-136000,-136000
069199,聯電元大02購08  ,0,0,0,0,0,0,0,0,0,-136000,0,0,0,3000,139000,-136000,-136000
069382,欣興元大02購09  ,0,0,0,0,0,0,0,0,0,-136000,0,0,0,7000,143000,-136000,-136000
069276,欣興永豐02購05  ,0,0,0,0,0,0,0,0,0,-136000,0,0,0,26000,162000,-136000,-136000
068021,泰鼎國票02購01  ,0,0,0,0,0,0,0,0,0,-136000,0,0,0,25000,161000,-136000,-136000
058615,矽創元大99購01  ,0,0,0,0,0,0,0,0,0,-136000,0,0,0,0,136000,-136000,-136000
064095,鴻海群益01購02  ,0,0,0,0,0,0,0,0,0,-136000,0,0,0,355000,491000,-136000,-136000
062086,瑞祺元大9B購01  ,0,0,0,0,0,0,0,0,0,-136000,0,0,0,22000,158000,-136000,-136000
066335,潤泰全永豐01購01,0,0,0,0,0,0,0,0,0,-136000,0,0,0,0,136000,-136000,-136000
5258,虹堡            ,26000,158000,-132000,0,0,0,0,0,0,-4000,3000,7000,-4000,0,0,0,-136000
068174,華新科中信01購01,0,0,0,0,0,0,0,0,0,-137000,0,0,0,14000,151000,-137000,-137000
068290,大立光群益01購12,0,0,0,0,0,0,0,0,0,-137000,0,0,0,32000,169000,-137000,-137000
068954,晶技凱基02購02  ,0,0,0,0,0,0,0,0,0,-137000,0,0,0,0,137000,-137000,-137000
064326,裕隆元大9C購01  ,0,0,0,0,0,0,0,0,0,-137000,0,0,0,200000,337000,-137000,-137000
061150,國巨群益9A購09  ,0,0,0,0,0,0,0,0,0,-137000,0,0,0,35000,172000,-137000,-137000
061057,華新科國票9A購04,0,0,0,0,0,0,0,0,0,-137000,0,0,0,0,137000,-137000,-137000
066394,建準凱基01購01  ,0,0,0,0,0,0,0,0,0,-137000,0,0,0,1000,138000,-137000,-137000
066385,巨大康和01購01  ,0,0,0,0,0,0,0,0,0,-137000,0,0,0,91000,228000,-137000,-137000
066670,貿聯凱基01購01  ,0,0,0,0,0,0,0,0,0,-137000,0,0,0,10000,147000,-137000,-137000
1217,愛之味          ,28000,165000,-137000,0,0,0,0,0,0,0,0,0,0,0,0,0,-137000
08988P,華碩國票01售02  ,0,0,0,0,0,0,0,0,0,-137000,0,0,0,0,137000,-137000,-137000
2359,所羅門          ,20000,156000,-136000,0,0,0,0,0,0,-1000,0,1000,-1000,0,0,0,-137000
067952,台光電永豐01購01,0,0,0,0,0,0,0,0,0,-138000,0,0,0,1000,139000,-138000,-138000
063618,智邦兆豐9C購01  ,0,0,0,0,0,0,0,0,0,-138000,0,0,0,0,138000,-138000,-138000
058616,台虹元大9A購01  ,0,0,0,0,0,0,0,0,0,-138000,0,0,0,62000,200000,-138000,-138000
058813,旺宏統一9B購04  ,0,0,0,0,0,0,0,0,0,-138000,0,0,0,0,138000,-138000,-138000
057583,啟碁中信9A購01  ,0,0,0,0,0,0,0,0,0,-138000,0,0,0,0,138000,-138000,-138000
061094,彩晶統一9B購02  ,0,0,0,0,0,0,0,0,0,-138000,0,0,0,11000,149000,-138000,-138000
062324,上銀統一9B購04  ,0,0,0,0,0,0,0,0,0,-138000,0,0,0,70000,208000,-138000,-138000
062327,燿華統一9B購02  ,0,0,0,0,0,0,0,0,0,-138000,0,0,0,11000,149000,-138000,-138000
064071,台郡永豐9C購01  ,0,0,0,0,0,0,0,0,0,-138000,0,0,0,6000,144000,-138000,-138000
061926,晶技凱基9B購02  ,0,0,0,0,0,0,0,0,0,-138000,0,0,0,10000,148000,-138000,-138000
066434,台虹元大01購01  ,0,0,0,0,0,0,0,0,0,-138000,0,0,0,25000,163000,-138000,-138000
064990,世紀鋼元大01購01,0,0,0,0,0,0,0,0,0,-138000,0,0,0,20000,158000,-138000,-138000
065435,臻鼎凱基02購01  ,0,0,0,0,0,0,0,0,0,-138000,0,0,0,10000,148000,-138000,-138000
9105,泰金寶-DR       ,16000,154000,-138000,0,0,0,0,0,0,0,0,0,0,0,0,0,-138000
068426,道瓊銀凱基05購01,0,0,0,0,0,0,0,0,0,-139000,0,0,0,28000,167000,-139000,-139000
068897,聯詠元大02購03  ,0,0,0,0,0,0,0,0,0,-139000,0,0,0,79000,218000,-139000,-139000
069043,上銀元富08購01  ,0,0,0,0,0,0,0,0,0,-139000,0,0,0,499000,638000,-139000,-139000
064361,旺宏統一01購06  ,0,0,0,0,0,0,0,0,0,-139000,0,0,0,178000,317000,-139000,-139000
064067,美律永豐9C購01  ,0,0,0,0,0,0,0,0,0,-139000,0,0,0,1000,140000,-139000,-139000
066201,大毅統一02購01  ,0,0,0,0,0,0,0,0,0,-139000,0,0,0,0,139000,-139000,-139000
068570,日月光元大01購06,0,0,0,0,0,0,0,0,0,-140000,0,0,0,68000,208000,-140000,-140000
068574,GIS元大01購08   ,0,0,0,0,0,0,0,0,0,-140000,0,0,0,75000,215000,-140000,-140000
058632,世紀鋼國票9A購01,0,0,0,0,0,0,0,0,0,-140000,0,0,0,196000,336000,-140000,-140000
054977,SP黃豆元富9B購01,0,0,0,0,0,0,0,0,0,-140000,0,0,0,0,140000,-140000,-140000
03377P,南電元大02售06  ,0,0,0,0,0,0,0,0,0,-140000,0,0,0,0,140000,-140000,-140000
061838,華新科凱基05購03,0,0,0,0,0,0,0,0,0,-140000,0,0,0,2000,142000,-140000,-140000
061836,華新科凱基05購01,0,0,0,0,0,0,0,0,0,-140000,0,0,0,6000,146000,-140000,-140000
061328,T50反1元大9A購12,0,0,0,0,0,0,0,0,0,-140000,0,0,0,0,140000,-140000,-140000
061526,宏達電凱基9A購04,0,0,0,0,0,0,0,0,0,-140000,0,0,0,5000,145000,-140000,-140000
08994P,台灣50群益01售11,0,0,0,0,0,0,0,0,0,-140000,0,0,0,110000,250000,-140000,-140000
060227,和大元大9A購01  ,0,0,0,0,0,0,0,0,0,-141000,0,0,0,0,141000,-141000,-141000
069047,台積電元富08購13,0,0,0,0,0,0,0,0,0,-142000,0,0,0,14000,156000,-142000,-142000
069124,南電群益02購01  ,0,40000,-40000,0,0,0,0,0,0,-102000,0,0,0,130000,232000,-102000,-142000
068981,晶技元大02購01  ,0,0,0,0,0,0,0,0,0,-142000,0,0,0,0,142000,-142000,-142000
064342,晶技元大9C購01  ,0,0,0,0,0,0,0,0,0,-142000,0,0,0,0,142000,-142000,-142000
060122,亞德客永豐99購02,0,0,0,0,0,0,0,0,0,-142000,0,0,0,65000,207000,-142000,-142000
064803,智邦元大9C購05  ,0,0,0,0,0,0,0,0,0,-142000,0,0,0,18000,160000,-142000,-142000
062800,奇力新統一01購02,0,0,0,0,0,0,0,0,0,-142000,0,0,0,510000,652000,-142000,-142000
062087,瑞祺元大9B購02  ,0,0,0,0,0,0,0,0,0,-142000,0,0,0,4000,146000,-142000,-142000
067007,拓凱永豐01購02  ,0,0,0,0,0,0,0,0,0,-142000,0,0,0,32000,174000,-142000,-142000
067286,新日興國票02購02,0,0,0,0,0,0,0,0,0,-142000,0,0,0,13000,155000,-142000,-142000
067322,達方元大01購01  ,0,0,0,0,0,0,0,0,0,-142000,0,0,0,70000,212000,-142000,-142000
08907P,奇鋐群益01售03  ,0,0,0,0,0,0,0,0,0,-142000,0,0,0,132000,274000,-142000,-142000
03380P,欣興群益02售06  ,0,0,0,0,0,0,0,0,0,-143000,0,0,0,6000,149000,-143000,-143000
066781,滬深2X中信04購01,0,0,0,0,0,0,0,0,0,-143000,0,0,0,757000,900000,-143000,-143000
9933,中鼎            ,147000,334000,-187000,0,0,0,0,0,0,44000,0,6000,-6000,50000,0,50000,-143000
08422P,玉晶光群益02售03,0,0,0,0,0,0,0,0,0,-144000,0,0,0,10000,154000,-144000,-144000
068401,瑞昱元富07購03  ,0,0,0,0,0,0,0,0,0,-144000,0,0,0,80000,224000,-144000,-144000
058608,華新科元大99購13,0,0,0,0,0,0,0,0,0,-144000,0,0,0,0,144000,-144000,-144000
064000,台郡兆豐9C購01  ,0,0,0,0,0,0,0,0,0,-144000,0,0,0,13000,157000,-144000,-144000
066477,鴻海元富07購01  ,0,0,0,0,0,0,0,0,0,-144000,0,0,0,1000,145000,-144000,-144000
066371,同欣電中信05購01,0,0,0,0,0,0,0,0,0,-144000,0,0,0,33000,177000,-144000,-144000
067387,智邦元富04購01  ,0,0,0,0,0,0,0,0,0,-144000,0,0,0,0,144000,-144000,-144000
065490,國巨國泰02購02  ,0,0,0,0,0,0,0,0,0,-144000,0,0,0,167000,311000,-144000,-144000
062182,華新科元大9B購07,0,0,0,0,0,0,0,0,0,-145000,0,0,0,0,145000,-145000,-145000
060943,宏達電國票9B購02,0,0,0,0,0,0,0,0,0,-145000,0,0,0,19000,164000,-145000,-145000
066555,聯詠元大01購01  ,0,0,0,0,0,0,0,0,0,-145000,0,0,0,51000,196000,-145000,-145000
068564,燿華元大01購04  ,0,0,0,0,0,0,0,0,0,-146000,0,0,0,54000,200000,-146000,-146000
068691,大成鋼凱基02購01,0,0,0,0,0,0,0,0,0,-146000,0,0,0,98000,244000,-146000,-146000
067977,中磊群益01購02  ,0,0,0,0,0,0,0,0,0,-146000,0,0,0,53000,199000,-146000,-146000
068080,台表科凱基02購03,0,0,0,0,0,0,0,0,0,-146000,0,0,0,82000,228000,-146000,-146000
061986,晶豪科元大9B購01,0,0,0,0,0,0,0,0,0,-146000,0,0,0,0,146000,-146000,-146000
064051,新日興統一01購01,0,0,0,0,0,0,0,0,0,-146000,0,0,0,0,146000,-146000,-146000
066649,華新科麥證01購02,0,0,0,0,151000,-151000,0,0,0,-146000,0,0,0,5000,151000,-146000,-146000
067388,聯發科元富07購03,0,0,0,0,0,0,0,0,0,-146000,0,0,0,79000,225000,-146000,-146000
067089,瑞祺元大01購04  ,0,0,0,0,0,0,0,0,0,-146000,0,0,0,0,146000,-146000,-146000
065547,同欣電兆豐01購01,0,0,0,0,0,0,0,0,0,-146000,0,0,0,0,146000,-146000,-146000
065039,國巨凱基02購02  ,0,0,0,0,0,0,0,0,0,-146000,0,0,0,70000,216000,-146000,-146000
2501,國建            ,68000,77000,-9000,0,0,0,0,125000,-125000,-12000,0,12000,-12000,0,0,0,-146000
08763P,健策永豐01售02  ,0,0,0,0,0,0,0,0,0,-147000,0,0,0,23000,170000,-147000,-147000
07634P,金像電元大9A售01,0,0,0,0,0,0,0,0,0,-147000,0,0,0,0,147000,-147000,-147000
060745,京元電國票9A購01,0,0,0,0,0,0,0,0,0,-147000,0,0,0,76000,223000,-147000,-147000
064301,漢唐兆豐01購01  ,0,0,0,0,0,0,0,0,0,-147000,0,0,0,363000,510000,-147000,-147000
063536,美食統一01購01  ,0,0,0,0,0,0,0,0,0,-147000,0,0,0,100000,247000,-147000,-147000
062603,台化凱基9B購01  ,0,0,0,0,0,0,0,0,0,-147000,0,0,0,5000,152000,-147000,-147000
066620,長興凱基01購01  ,0,0,0,0,0,0,0,0,0,-147000,0,0,0,83000,230000,-147000,-147000
068338,GIS元大01購04   ,0,0,0,0,0,0,0,0,0,-148000,0,0,0,165000,313000,-148000,-148000
066644,瑞昱麥證01購01  ,0,0,0,89000,247000,-158000,0,0,0,-148000,0,0,0,109000,257000,-148000,-148000
065445,台光電統一01購05,0,0,0,0,0,0,0,0,0,-148000,0,0,0,0,148000,-148000,-148000
065471,和大元大9C購05  ,0,0,0,0,0,0,0,0,0,-148000,0,0,0,0,148000,-148000,-148000
068110,華新元富03購01  ,0,0,0,0,0,0,0,0,0,-149000,0,0,0,175000,324000,-149000,-149000
063063,泰鼎元富9B購01  ,0,0,0,0,0,0,0,0,0,-149000,0,0,0,10000,159000,-149000,-149000
061232,和大元大9A購03  ,0,0,0,0,0,0,0,0,0,-149000,0,0,0,0,149000,-149000,-149000
066485,台光電元富01購01,0,0,0,0,0,0,0,0,0,-149000,0,0,0,0,149000,-149000,-149000
067107,義隆群益01購02  ,0,0,0,0,0,0,0,0,0,-149000,0,0,0,28000,177000,-149000,-149000
067032,致新元富01購01  ,0,0,0,0,0,0,0,0,0,-149000,0,0,0,98000,247000,-149000,-149000
2331,精英            ,272000,440000,-168000,0,0,0,0,0,0,19000,21000,2000,19000,0,0,0,-149000
3338,泰碩            ,191000,281000,-90000,0,0,0,0,0,0,-59000,17000,9000,8000,4000,71000,-67000,-149000
068585,美律台新01購02  ,0,0,0,0,0,0,0,0,0,-150000,0,0,0,0,150000,-150000,-150000
068973,亞德客元大02購04,0,0,0,0,0,0,0,0,0,-150000,0,0,0,0,150000,-150000,-150000
068901,嘉聯益元大02購02,0,0,0,0,0,0,0,0,0,-150000,0,0,0,0,150000,-150000,-150000
064132,神達元大9C購02  ,0,0,0,0,0,0,0,0,0,-150000,0,0,0,3000,153000,-150000,-150000
060531,大立光中信9A購04,0,0,0,0,0,0,0,0,0,-150000,0,0,0,0,150000,-150000,-150000
060759,南亞科元大9A購03,0,0,0,0,0,0,0,0,0,-150000,0,0,0,0,150000,-150000,-150000
03362P,台積電元大02售19,0,0,0,0,0,0,0,0,0,-150000,0,0,0,0,150000,-150000,-150000
059856,昇陽半永豐99購03,0,0,0,0,0,0,0,0,0,-150000,0,0,0,0,150000,-150000,-150000
064666,華新科元大02購01,0,0,0,0,0,0,0,0,0,-150000,0,0,0,0,150000,-150000,-150000
064503,日電貿元大9C購01,0,0,0,0,0,0,0,0,0,-150000,0,0,0,47000,197000,-150000,-150000
067190,智伸科凱基02購01,0,0,0,0,0,0,0,0,0,-150000,0,0,0,0,150000,-150000,-150000
065291,日電貿群益01購01,0,0,0,0,0,0,0,0,0,-150000,0,0,0,0,150000,-150000,-150000
064975,南亞科元大9C購07,0,0,0,0,0,0,0,0,0,-150000,0,0,0,0,150000,-150000,-150000
064895,奇力新群益9C購02,0,0,0,0,0,0,0,0,0,-150000,0,0,0,24000,174000,-150000,-150000
066125,得力群益01購01  ,0,0,0,0,0,0,0,0,0,-150000,0,0,0,0,150000,-150000,-150000
1460,宏遠            ,65000,215001,-150001,0,0,0,0,0,0,0,0,0,0,0,0,0,-150001
068830,台積電國泰05購01,0,0,0,0,0,0,0,0,0,-151000,0,0,0,0,151000,-151000,-151000
068783,亞德客康和02購01,0,0,0,0,0,0,0,0,0,-151000,0,0,0,11000,162000,-151000,-151000
067826,高鐵兆豐03購01  ,0,0,0,0,0,0,0,0,0,-151000,0,0,0,0,151000,-151000,-151000
03008P,玉晶光中信01售01,0,0,0,0,0,0,0,0,0,-151000,0,0,0,0,151000,-151000,-151000
03294P,欣興永豐02售01  ,0,0,0,0,0,0,0,0,0,-151000,0,0,0,42000,193000,-151000,-151000
066041,台光電元大01購02,0,0,0,0,0,0,0,0,0,-151000,0,0,0,16000,167000,-151000,-151000
066296,昇陽半元大01購02,0,0,0,0,0,0,0,0,0,-151000,0,0,0,1000,152000,-151000,-151000
2607,榮運            ,43000,193000,-150000,0,0,0,0,0,0,-1000,0,1000,-1000,0,0,0,-151000
08582P,臺股指元大9C售30,0,0,0,0,0,0,0,0,0,-152000,0,0,0,0,152000,-152000,-152000
058222,玉晶光統一9B購01,0,0,0,0,0,0,0,0,0,-152000,0,0,0,31000,183000,-152000,-152000
063795,上銀凱基9C購01  ,0,0,0,0,0,0,0,0,0,-152000,0,0,0,0,152000,-152000,-152000
066686,鴻海元富07購05  ,0,0,0,0,0,0,0,0,0,-152000,0,0,0,30000,182000,-152000,-152000
067413,臺股指中信04購02,0,0,0,0,0,0,0,0,0,-152000,0,0,0,0,152000,-152000,-152000
066106,台郡國票02購01  ,0,0,0,0,0,0,0,0,0,-152000,0,0,0,35000,187000,-152000,-152000
065886,中磊元富9C購01  ,0,0,0,0,0,0,0,0,0,-152000,0,0,0,30000,182000,-152000,-152000
065470,聚陽元大01購01  ,0,0,0,0,0,0,0,0,0,-152000,0,0,0,1000,153000,-152000,-152000
08187P,大毅群益9B售04  ,0,0,0,0,0,0,0,0,0,-153000,0,0,0,111000,264000,-153000,-153000
069039,TPK統一04購01   ,0,0,0,0,0,0,0,0,0,-153000,0,0,0,578000,731000,-153000,-153000
067958,中磊永豐01購01  ,0,0,0,0,0,0,0,0,0,-153000,0,0,0,10000,163000,-153000,-153000
060806,華新科群益9A購03,0,0,0,0,0,0,0,0,0,-153000,0,0,0,5000,158000,-153000,-153000
061005,可成兆豐9A購01  ,0,0,0,0,0,0,0,0,0,-153000,0,0,0,37000,190000,-153000,-153000
064938,華新科元富9C購01,0,0,0,0,0,0,0,0,0,-153000,0,0,0,0,153000,-153000,-153000
065184,和大統一02購04  ,0,0,0,0,0,0,0,0,0,-153000,0,0,0,0,153000,-153000,-153000
066703,聯詠群益01購02  ,0,0,0,0,0,0,0,0,0,-153000,0,0,0,189000,342000,-153000,-153000
066600,瀚宇博國泰03購01,0,0,0,0,0,0,0,0,0,-153000,0,0,0,53000,206000,-153000,-153000
066911,牧德凱基02購01  ,0,0,0,0,0,0,0,0,0,-153000,0,0,0,15000,168000,-153000,-153000
08982P,泰碩凱基01售01  ,0,0,0,0,0,0,0,0,0,-153000,0,0,0,0,153000,-153000,-153000
067929,華通凱基01購04  ,0,0,0,0,0,0,0,0,0,-154000,0,0,0,68000,222000,-154000,-154000
058178,國巨國泰9A購02  ,0,0,0,0,0,0,0,0,0,-154000,0,0,0,0,154000,-154000,-154000
060369,滬深2X元富01購01,0,0,0,0,0,0,0,0,0,-154000,0,0,0,2000,156000,-154000,-154000
064349,泰鼎元大9C購02  ,0,0,0,0,0,0,0,0,0,-154000,0,0,0,71000,225000,-154000,-154000
064767,宏全凱基9C購01  ,0,0,0,0,0,0,0,0,0,-154000,0,0,0,100000,254000,-154000,-154000
06638P,鴻海統一99售02  ,0,0,0,0,0,0,0,0,0,-154000,0,0,0,21000,175000,-154000,-154000
064185,裕隆永豐9C購01  ,0,0,0,0,0,0,0,0,0,-155000,0,0,0,145000,300000,-155000,-155000
03411P,欣興元大02售08  ,0,0,0,0,0,0,0,0,0,-155000,0,0,0,0,155000,-155000,-155000
067323,美利達元大01購04,0,0,0,0,0,0,0,0,0,-155000,0,0,0,89000,244000,-155000,-155000
08607P,聯發科富邦03售04,0,0,0,0,0,0,0,0,0,-156000,0,0,0,40000,196000,-156000,-156000
063610,儒鴻群益9B購02  ,0,0,0,0,0,0,0,0,0,-156000,0,0,0,70000,226000,-156000,-156000
062705,美食元大9B購01  ,0,0,0,0,0,0,0,0,0,-156000,0,0,0,12000,168000,-156000,-156000
067475,微星元大01購05  ,0,0,0,0,0,0,0,0,0,-156000,0,0,0,140000,296000,-156000,-156000
066558,創意元大01購04  ,0,0,0,0,0,0,0,0,0,-156000,0,0,0,44000,200000,-156000,-156000
064535,國產國票01購01  ,0,0,0,0,0,0,0,0,0,-157000,0,0,0,24000,181000,-157000,-157000
08960P,聯發科凱基01售15,0,0,0,0,0,0,0,0,0,-157000,0,0,0,0,157000,-157000,-157000
6251,定穎            ,1387000,1230000,157000,0,0,0,0,0,0,-314000,16000,330000,-314000,0,0,0,-157000
067824,鈺齊凱基01購02  ,0,0,0,0,0,0,0,0,0,-158000,0,0,0,0,158000,-158000,-158000
03459B,臺股指元大9C熊38,0,0,0,0,0,0,0,0,0,-158000,0,0,0,2000,160000,-158000,-158000
060187,華新科元富9A購02,0,0,0,0,0,0,0,0,0,-158000,0,0,0,0,158000,-158000,-158000
064469,臻鼎元富9C購01  ,0,0,0,0,0,0,0,0,0,-158000,0,0,0,141000,299000,-158000,-158000
4306,炎洲            ,36000,192000,-156000,0,0,0,0,0,0,-2000,6000,8000,-2000,0,0,0,-158000
067791,康舒群益01購01  ,0,0,0,0,0,0,0,0,0,-159000,0,0,0,523000,682000,-159000,-159000
00753L,中信中國50正2   ,0,443000,-443000,0,0,0,0,0,0,284000,0,0,0,676000,392000,284000,-159000
063056,嘉澤統一9C購02  ,0,0,0,0,0,0,0,0,0,-159000,0,0,0,0,159000,-159000,-159000
063634,台光電元大9B購09,0,0,0,0,0,0,0,0,0,-159000,0,0,0,1000,160000,-159000,-159000
060030,晶相光永豐99購03,0,0,0,0,0,0,0,0,0,-159000,0,0,0,0,159000,-159000,-159000
059917,華新科元大99購19,0,0,0,0,0,0,0,0,0,-159000,0,0,0,0,159000,-159000,-159000
064086,旺宏凱基9C購01  ,0,0,0,0,0,0,0,0,0,-159000,0,0,0,51000,210000,-159000,-159000
061892,亞德客永豐9B購01,0,0,0,0,0,0,0,0,0,-159000,0,0,0,50000,209000,-159000,-159000
065871,南亞科群益9C購03,0,0,0,0,0,0,0,0,0,-159000,0,0,0,35000,194000,-159000,-159000
066205,京鼎統一03購01  ,0,0,0,0,0,0,0,0,0,-159000,0,0,0,0,159000,-159000,-159000
067786,緯創群益04購01  ,0,0,0,0,0,0,0,0,0,-160000,0,0,0,4000,164000,-160000,-160000
068407,同欣電元富07購02,0,0,0,0,0,0,0,0,0,-160000,0,0,0,0,160000,-160000,-160000
057987,大立光元富98購02,0,0,0,0,0,0,0,0,0,-160000,0,0,0,140000,300000,-160000,-160000
057577,廣宇中信9A購01  ,0,0,0,0,0,0,0,0,0,-160000,0,0,0,0,160000,-160000,-160000
061267,玉山金凱基9B購01,0,0,0,0,0,0,0,0,0,-160000,0,0,0,0,160000,-160000,-160000
064398,聚陽凱基01購01  ,0,0,0,0,0,0,0,0,0,-160000,0,0,0,0,160000,-160000,-160000
062682,全新統一9B購01  ,0,0,0,0,0,0,0,0,0,-160000,0,0,0,0,160000,-160000,-160000
061294,奇力新麥證9A購01,0,0,0,30000,190000,-160000,0,0,0,-160000,0,0,0,30000,190000,-160000,-160000
060824,旺宏元大9A購06  ,0,0,0,0,0,0,0,0,0,-160000,0,0,0,0,160000,-160000,-160000
066505,可成富邦03購01  ,0,0,0,0,0,0,0,0,0,-160000,0,0,0,10000,170000,-160000,-160000
066590,華新科群益01購04,0,0,0,0,0,0,0,0,0,-160000,0,0,0,16000,176000,-160000,-160000
066662,建準凱基02購01  ,0,0,0,0,0,0,0,0,0,-160000,0,0,0,36000,196000,-160000,-160000
068326,技嘉元大01購04  ,0,0,0,0,0,0,0,0,0,-161000,0,0,0,18000,179000,-161000,-161000
067728,南亞科台新01購01,0,0,0,0,0,0,0,0,0,-161000,0,0,0,110000,271000,-161000,-161000
069216,世紀鋼元大03購01,0,0,0,0,0,0,0,0,0,-161000,0,0,0,0,161000,-161000,-161000
060212,華航康和9A購01  ,0,0,0,0,0,0,0,0,0,-161000,0,0,0,282000,443000,-161000,-161000
062855,嘉澤永豐9B購02  ,0,0,0,0,0,0,0,0,0,-161000,0,0,0,90000,251000,-161000,-161000
07127P,精元元大99售01  ,0,0,0,0,0,0,0,0,0,-162000,0,0,0,0,162000,-162000,-162000
069096,瑞昱統一02購02  ,0,0,0,0,0,0,0,0,0,-162000,0,0,0,0,162000,-162000,-162000
063753,矽創國票9C購01  ,0,0,0,0,0,0,0,0,0,-162000,0,0,0,0,162000,-162000,-162000
062263,康控元大9B購03  ,0,0,0,0,0,0,0,0,0,-162000,0,0,0,29000,191000,-162000,-162000
061914,台光電中信9B購01,0,0,0,0,0,0,0,0,0,-162000,0,0,0,0,162000,-162000,-162000
065699,南亞科群益9C購02,0,0,0,0,0,0,0,0,0,-162000,0,0,0,130000,292000,-162000,-162000
065072,和大元大9C購03  ,0,0,0,0,0,0,0,0,0,-162000,0,0,0,5000,167000,-162000,-162000
065314,矽創國票01購02  ,0,0,0,0,0,0,0,0,0,-162000,0,0,0,58000,220000,-162000,-162000
08805P,台積電元富07售04,0,0,0,0,0,0,0,0,0,-162000,0,0,0,1398000,1560000,-162000,-162000
068855,南港元富03購01  ,0,0,0,0,0,0,0,0,0,-163000,0,0,0,219000,382000,-163000,-163000
067985,聚陽元大02購01  ,0,0,0,0,0,0,0,0,0,-163000,0,0,0,1000,164000,-163000,-163000
068819,國揚元大02購01  ,0,0,0,0,0,0,0,0,0,-163000,0,0,0,89000,252000,-163000,-163000
068635,台積電凱基03購09,0,0,0,0,0,0,0,0,0,-163000,0,0,0,20000,183000,-163000,-163000
059291,華新科元富9B購01,0,0,0,0,0,0,0,0,0,-163000,0,0,0,70000,233000,-163000,-163000
053400,緯穎中信9A購01  ,0,0,0,0,0,0,0,0,0,-163000,0,0,0,0,163000,-163000,-163000
061938,大立光國票9B購03,0,0,0,0,0,0,0,0,0,-163000,0,0,0,1000,164000,-163000,-163000
061261,台積電凱基9B購03,0,0,0,0,0,0,0,0,0,-163000,0,0,0,29000,192000,-163000,-163000
064615,智邦元大01購01  ,0,0,0,0,0,0,0,0,0,-163000,0,0,0,3000,166000,-163000,-163000
061571,奇力新元大9A購03,0,0,0,0,0,0,0,0,0,-163000,0,0,0,2000,165000,-163000,-163000
061575,華新科元大9A購20,0,0,0,0,0,0,0,0,0,-163000,0,0,0,10000,173000,-163000,-163000
08059P,京鼎元大9B售02  ,0,0,0,0,0,0,0,0,0,-164000,0,0,0,134000,298000,-164000,-164000
4977,眾達-KY         ,98000,171000,-73000,0,0,0,0,100000,-100000,9000,20000,0,20000,11000,22000,-11000,-164000
068532,台郡元富07購02  ,0,0,0,0,0,0,0,0,0,-165000,0,0,0,5000,170000,-165000,-165000
068464,聯詠富邦03購02  ,0,0,0,0,0,0,0,0,0,-165000,0,0,0,113000,278000,-165000,-165000
061123,燿華永豐9A購01  ,0,0,0,0,0,0,0,0,0,-165000,0,0,0,1000,166000,-165000,-165000
065763,台表科元大9C購14,0,0,0,0,0,0,0,0,0,-165000,0,0,0,51000,216000,-165000,-165000
067261,樺漢國票02購01  ,0,50000,-50000,0,0,0,0,0,0,-115000,0,0,0,286000,401000,-115000,-165000
067709,大立光元富07購01,0,0,0,0,0,0,0,0,0,-166000,0,0,0,0,166000,-166000,-166000
08292P,華新科台新9C售01,0,0,0,0,0,0,0,0,0,-166000,0,0,0,34000,200000,-166000,-166000
068840,瑞儀永豐02購01  ,0,0,0,0,0,0,0,0,0,-166000,0,0,0,0,166000,-166000,-166000
060361,南亞科元富9A購03,0,0,0,0,0,0,0,0,0,-166000,0,0,0,238000,404000,-166000,-166000
066941,滬深2X元大03購01,0,0,0,0,0,0,0,0,0,-166000,0,0,0,5000,171000,-166000,-166000
065623,瑞昱中信04購01  ,0,0,0,0,0,0,0,0,0,-166000,0,0,0,30000,196000,-166000,-166000
8271,宇瞻            ,64000,230000,-166000,0,0,0,0,0,0,0,1000,1000,0,0,0,0,-166000
2480,敦陽科          ,38000,245000,-207000,0,0,0,0,0,0,41000,36000,1000,35000,6000,0,6000,-166000
068990,建準永豐02購01  ,0,0,0,0,0,0,0,0,0,-167000,0,0,0,0,167000,-167000,-167000
059948,正文永豐99購01  ,0,0,0,0,0,0,0,0,0,-167000,0,0,0,91000,258000,-167000,-167000
03376P,南電元大02售05  ,0,0,0,0,0,0,0,0,0,-167000,0,0,0,0,167000,-167000,-167000
064874,和大兆豐9C購01  ,0,0,0,0,0,0,0,0,0,-167000,0,0,0,0,167000,-167000,-167000
061616,鴻海群益9A購07  ,0,0,0,0,0,0,0,0,0,-167000,0,0,0,666000,833000,-167000,-167000
064554,儒鴻群益9C購01  ,0,0,0,0,0,0,0,0,0,-167000,0,0,0,206000,373000,-167000,-167000
8021,尖點            ,112000,278000,-166000,0,0,0,0,0,0,-1000,0,1000,-1000,0,0,0,-167000
08588P,緯穎元富03售01  ,0,0,0,0,0,0,0,0,0,-168000,0,0,0,15000,183000,-168000,-168000
068593,台積電統一03購08,0,0,0,0,0,0,0,0,0,-168000,0,0,0,10000,178000,-168000,-168000
059689,南亞科永豐99購02,0,0,0,0,0,0,0,0,0,-168000,0,0,0,0,168000,-168000,-168000
064272,鴻海元大9C購09  ,0,0,0,0,0,0,0,0,0,-168000,0,0,0,0,168000,-168000,-168000
063568,高鐵元大9B購01  ,0,0,0,0,0,0,0,0,0,-168000,0,0,0,0,168000,-168000,-168000
065513,旺宏群益9C購05  ,0,0,0,0,0,0,0,0,0,-168000,0,0,0,0,168000,-168000,-168000
066186,台郡凱基02購01  ,0,0,0,0,0,0,0,0,0,-168000,0,0,0,5000,173000,-168000,-168000
066487,聯詠元富01購03  ,0,0,0,0,0,0,0,0,0,-168000,0,0,0,0,168000,-168000,-168000
066404,瑞祺凱基02購01  ,0,0,0,0,0,0,0,0,0,-168000,0,0,0,7000,175000,-168000,-168000
067662,聚陽元大01購03  ,0,0,0,0,0,0,0,0,0,-169000,0,0,0,32000,201000,-169000,-169000
065757,新日興元大9C購06,0,0,0,0,0,0,0,0,0,-169000,0,0,0,106000,275000,-169000,-169000
5203,訊連            ,128000,371000,-243000,0,0,0,0,0,0,74000,48000,0,48000,52000,26000,26000,-169000
068441,台勝科凱基01購03,0,0,0,0,0,0,0,0,0,-170000,0,0,0,0,170000,-170000,-170000
058733,同欣電永豐99購02,0,0,0,0,0,0,0,0,0,-170000,0,0,0,70000,240000,-170000,-170000
064233,燿華統一9C購02  ,0,0,0,0,0,0,0,0,0,-170000,0,0,0,100000,270000,-170000,-170000
065712,緯穎群益9C購03  ,0,0,0,0,0,0,0,0,0,-170000,0,0,0,151000,321000,-170000,-170000
065973,嘉晶元大01購03  ,0,0,0,0,0,0,0,0,0,-170000,0,0,0,265000,435000,-170000,-170000
065387,台光電兆豐9C購02,0,0,0,0,0,0,0,0,0,-170000,0,0,0,80000,250000,-170000,-170000
065408,華通永豐9C購02  ,0,0,0,0,0,0,0,0,0,-171000,0,0,0,225000,396000,-171000,-171000
065529,聯發科中信01購04,0,0,0,0,0,0,0,0,0,-171000,0,0,0,0,171000,-171000,-171000
068372,聯電永豐01購01  ,0,0,0,0,0,0,0,0,0,-172000,0,0,0,137000,309000,-172000,-172000
063020,奇力新元大9B購04,0,0,0,0,0,0,0,0,0,-172000,0,0,0,24000,196000,-172000,-172000
03399P,欣興中信02售03  ,0,0,0,0,0,0,0,0,0,-172000,0,0,0,0,172000,-172000,-172000
063782,致新永豐9B購02  ,0,0,0,0,0,0,0,0,0,-172000,0,0,0,12000,184000,-172000,-172000
060988,華新科元大9A購12,0,0,0,0,0,0,0,0,0,-172000,0,0,0,10000,182000,-172000,-172000
066313,泰豐永豐01購01  ,0,0,0,0,0,0,0,0,0,-172000,0,0,0,40000,212000,-172000,-172000
066270,國揚元大01購01  ,0,0,0,0,0,0,0,0,0,-172000,0,0,0,20000,192000,-172000,-172000
068516,聯發科統一05購02,0,0,0,0,0,0,0,0,0,-173000,0,0,0,25000,198000,-173000,-173000
061469,瑞祺群益9A購02  ,0,0,0,0,0,0,0,0,0,-173000,0,0,0,12000,185000,-173000,-173000
062487,中興電永豐9B購01,0,0,0,0,0,0,0,0,0,-173000,0,0,0,7000,180000,-173000,-173000
063474,康控元大9B購04  ,0,0,0,0,0,0,0,0,0,-173000,0,0,0,132000,305000,-173000,-173000
065556,旭富凱基9C購02  ,0,0,0,0,0,0,0,0,0,-173000,0,0,0,0,173000,-173000,-173000
8215,明基材          ,110000,280000,-170000,0,0,0,0,0,0,-3000,0,3000,-3000,0,0,0,-173000
065316,大成鋼凱基9C購01,0,0,0,0,0,0,0,0,0,-174000,0,0,0,0,174000,-174000,-174000
1809,中釉            ,180000,352000,-172000,0,0,0,0,0,0,-2000,0,2000,-2000,0,0,0,-174000
08867P,欣興凱基01售03  ,0,0,0,0,0,0,0,0,0,-174000,0,0,0,84000,258000,-174000,-174000
1338,廣華-KY         ,47000,222000,-175000,0,0,0,0,0,0,1000,1000,0,1000,0,0,0,-174000
068672,聯發科統一02購10,0,0,0,0,0,0,0,0,0,-175000,0,0,0,73000,248000,-175000,-175000
067820,和碩凱基01購01  ,0,0,0,0,0,0,0,0,0,-175000,0,0,0,95000,270000,-175000,-175000
08412P,群創凱基01售03  ,0,0,0,0,0,0,0,0,0,-175000,0,0,0,35000,210000,-175000,-175000
03223P,華通凱基03售03  ,0,0,0,0,0,0,0,0,0,-175000,0,0,0,43000,218000,-175000,-175000
062258,奇力新元大9B購03,0,0,0,0,0,0,0,0,0,-175000,0,0,0,106000,281000,-175000,-175000
6288,聯嘉            ,155000,315000,-160000,0,0,0,0,0,0,-15000,9000,24000,-15000,0,0,0,-175000
068225,華通元富07購02  ,0,0,0,0,0,0,0,0,0,-176000,0,0,0,230000,406000,-176000,-176000
00692,富邦公司治理    ,0,0,0,0,0,0,0,0,0,-176000,0,0,0,1126000,1302000,-176000,-176000
061364,國巨國票9A購09  ,0,0,0,0,0,0,0,0,0,-176000,0,0,0,14000,190000,-176000,-176000
068977,建準元大02購01  ,0,0,0,0,0,0,0,0,0,-177000,0,0,0,3000,180000,-177000,-177000
0052,富邦科技        ,7000,3000,4000,0,0,0,0,0,0,-181000,0,0,0,101000,282000,-181000,-177000
064777,南亞科群益9C購01,0,0,0,0,0,0,0,0,0,-177000,0,0,0,41000,218000,-177000,-177000
064094,達新群益9C購01  ,0,0,0,0,0,0,0,0,0,-177000,0,0,0,4000,181000,-177000,-177000
061668,信邦中信9B購01  ,0,0,0,0,0,0,0,0,0,-177000,0,0,0,53000,230000,-177000,-177000
065902,燿華富邦02購01  ,0,0,0,0,0,0,0,0,0,-177000,0,0,0,45000,222000,-177000,-177000
2414,精技            ,32000,206000,-174000,0,0,0,0,0,0,-3000,0,3000,-3000,0,0,0,-177000
067629,亞德客永豐01購01,0,0,0,0,0,0,0,0,0,-178000,0,0,0,0,178000,-178000,-178000
03269P,健策元大02售04  ,0,0,0,0,0,0,0,0,0,-178000,0,0,0,0,178000,-178000,-178000
03288P,台灣50元大02售09,0,0,0,0,0,0,0,0,0,-178000,0,0,0,40000,218000,-178000,-178000
03379P,奇鋐群益02售03  ,0,0,0,0,0,0,0,0,0,-178000,0,0,0,2000,180000,-178000,-178000
064354,同欣電元大9C購05,0,0,0,0,0,0,0,0,0,-178000,0,0,0,21000,199000,-178000,-178000
060229,楠梓電元大9C購01,0,0,0,0,0,0,0,0,0,-178000,0,0,0,30000,208000,-178000,-178000
061367,瑞祺國票9A購01  ,0,0,0,0,0,0,0,0,0,-178000,0,0,0,0,178000,-178000,-178000
061137,晶技統一9B購01  ,0,0,0,0,0,0,0,0,0,-178000,0,0,0,99000,277000,-178000,-178000
065236,旭富凱基9C購01  ,0,0,0,0,0,0,0,0,0,-178000,0,0,0,0,178000,-178000,-178000
065508,大成鋼群益01購01,0,0,0,0,0,0,0,0,0,-178000,0,0,0,40000,218000,-178000,-178000
066672,瑞祺凱基03購01  ,0,0,0,0,0,0,0,0,0,-178000,0,0,0,100000,278000,-178000,-178000
067022,台虹中信01購01  ,0,0,0,0,0,0,0,0,0,-178000,0,0,0,22000,200000,-178000,-178000
068429,裕隆凱基01購01  ,0,0,0,0,0,0,0,0,0,-179000,0,0,0,137000,316000,-179000,-179000
063194,華新科台新9B購01,0,0,0,0,0,0,0,0,0,-179000,0,0,0,3000,182000,-179000,-179000
062251,旺宏元大9B購06  ,0,0,0,0,0,0,0,0,0,-179000,0,0,0,2000,181000,-179000,-179000
067222,申豐元大01購01  ,0,0,0,0,0,0,0,0,0,-179000,0,0,0,53000,232000,-179000,-179000
065101,力成元大9C購05  ,0,0,0,0,0,0,0,0,0,-179000,0,0,0,59000,238000,-179000,-179000
068671,台積電統一04購02,0,0,0,0,0,0,0,0,0,-180000,0,0,0,1000,181000,-180000,-180000
067823,台表科凱基01購02,0,0,0,0,0,0,0,0,0,-180000,0,0,0,86000,266000,-180000,-180000
055736,宏達電元富99購01,0,0,0,0,0,0,0,0,0,-180000,0,0,0,0,180000,-180000,-180000
059564,鴻海凱基9A購15  ,0,0,0,0,0,0,0,0,0,-180000,0,0,0,20000,200000,-180000,-180000
063110,牧德兆豐9B購01  ,0,0,0,0,0,0,0,0,0,-180000,0,0,0,0,180000,-180000,-180000
063735,華新科元大9B購15,0,0,0,0,0,0,0,0,0,-180000,0,0,0,4000,184000,-180000,-180000
065042,國產凱基02購01  ,0,0,0,0,0,0,0,0,0,-180000,0,0,0,192000,372000,-180000,-180000
065434,台勝科凱基01購01,0,0,0,0,0,0,0,0,0,-180000,0,0,0,0,180000,-180000,-180000
066963,T50反1元富07購03,0,0,0,0,0,0,0,0,0,-180000,0,0,0,20000,200000,-180000,-180000
067397,欣興永豐01購03  ,0,0,0,0,0,0,0,0,0,-180000,0,0,0,23000,203000,-180000,-180000
060107,旭富元大99購03  ,0,0,0,0,0,0,0,0,0,-181000,0,0,0,1000,182000,-181000,-181000
062638,茂林國票9C購01  ,0,0,0,0,0,0,0,0,0,-181000,0,0,0,195000,376000,-181000,-181000
067362,眾達群益01購02  ,0,0,0,0,0,0,0,0,0,-181000,0,0,0,113000,294000,-181000,-181000
059288,旺宏元富99購03  ,0,0,0,0,0,0,0,0,0,-182000,0,0,0,39000,221000,-182000,-182000
061842,牧德凱基9C購01  ,0,0,0,0,0,0,0,0,0,-182000,0,0,0,4000,186000,-182000,-182000
066604,台郡富邦04購01  ,0,0,0,0,0,0,0,0,0,-182000,0,0,0,23000,205000,-182000,-182000
066473,大成鋼麥證01購01,0,0,0,50000,232000,-182000,0,0,0,-182000,0,0,0,50000,232000,-182000,-182000
065235,旭富凱基02購01  ,0,0,0,0,0,0,0,0,0,-182000,0,0,0,10000,192000,-182000,-182000
065626,華新科兆豐9C購02,0,0,0,0,0,0,0,0,0,-182000,0,0,0,20000,202000,-182000,-182000
2301,光寶科          ,3989473,4303739,-314266,0,0,0,11000,0,11000,121000,74000,9000,65000,68000,12000,56000,-182266
067722,國產凱基01購01  ,0,0,0,0,0,0,0,0,0,-183000,0,0,0,227000,410000,-183000,-183000
062826,奇力新群益9C購01,0,0,0,0,0,0,0,0,0,-183000,0,0,0,48000,231000,-183000,-183000
064665,南亞科元大9C購06,0,0,0,0,0,0,0,0,0,-183000,0,0,0,68000,251000,-183000,-183000
065666,旺宏凱基9C購03  ,0,0,0,0,0,0,0,0,0,-183000,0,0,0,1000,184000,-183000,-183000
065289,冠德群益9C購01  ,0,5000,-5000,0,0,0,0,0,0,-178000,0,0,0,26000,204000,-178000,-183000
3607,谷崧            ,76000,256000,-180000,0,0,0,0,0,0,-3000,0,3000,-3000,0,0,0,-183000
061342,華新科元大9A購17,0,0,0,0,0,0,0,0,0,-184000,0,0,0,2000,186000,-184000,-184000
066262,華碩元大01購02  ,0,0,0,0,0,0,0,0,0,-184000,0,0,0,248000,432000,-184000,-184000
2228,劍麟            ,44000,165000,-121000,0,0,0,0,60000,-60000,-3000,0,2000,-2000,0,1000,-1000,-184000
067745,泰鼎元大01購03  ,0,0,0,0,0,0,0,0,0,-185000,0,0,0,4000,189000,-185000,-185000
068230,亞光元富04購01  ,0,0,0,0,0,0,0,0,0,-185000,0,0,0,0,185000,-185000,-185000
068994,精成科永豐02購01,0,0,0,0,0,0,0,0,0,-185000,0,0,0,0,185000,-185000,-185000
060541,正隆凱基9A購01  ,0,0,0,0,0,0,0,0,0,-185000,0,0,0,26000,211000,-185000,-185000
055701,亞德客富邦99購01,0,0,0,0,0,0,0,0,0,-185000,0,0,0,457000,642000,-185000,-185000
03124P,台郡元大01售07  ,0,0,0,0,0,0,0,0,0,-185000,0,0,0,32000,217000,-185000,-185000
065414,立積永豐9C購01  ,0,0,0,0,0,0,0,0,0,-185000,0,0,0,0,185000,-185000,-185000
1513,中興電          ,445000,420000,25000,0,0,0,0,88000,-88000,-122000,16000,20000,-4000,0,118000,-118000,-185000
068970,美利達群益02購01,0,0,0,0,0,0,0,0,0,-186000,0,0,0,13000,199000,-186000,-186000
069159,美律元大02購04  ,0,0,0,0,0,0,0,0,0,-186000,0,0,0,20000,206000,-186000,-186000
08563P,金像電元富9C售03,0,0,0,0,0,0,0,0,0,-186000,0,0,0,10000,196000,-186000,-186000
064930,南六統一02購02  ,0,0,0,0,0,0,0,0,0,-186000,0,0,0,137000,323000,-186000,-186000
065745,裕隆元大9C購03  ,0,0,0,0,0,0,0,0,0,-186000,0,0,0,237000,423000,-186000,-186000
066250,大成鋼元大01購01,0,0,0,0,0,0,0,0,0,-186000,0,0,0,107000,293000,-186000,-186000
069115,金像電群益02購01,0,0,0,0,0,0,0,0,0,-187000,0,0,0,80000,267000,-187000,-187000
068114,富邦金元富07購01,0,0,0,0,0,0,0,0,0,-187000,0,0,0,105000,292000,-187000,-187000
03090P,臺股指元大01售19,0,0,0,0,0,0,0,0,0,-187000,0,0,0,40000,227000,-187000,-187000
03316P,欣興群益02售02  ,0,0,0,0,0,0,0,0,0,-187000,0,0,0,2000,189000,-187000,-187000
061754,晶技麥證9B購01  ,0,0,0,0,187000,-187000,0,0,0,-187000,0,0,0,0,187000,-187000,-187000
062113,瑞祺國票9B購01  ,0,0,0,0,0,0,0,0,0,-187000,0,0,0,7000,194000,-187000,-187000
068000,聯詠元大01購09  ,0,0,0,0,0,0,0,0,0,-188000,0,0,0,127000,315000,-188000,-188000
08762P,南六元大01售03  ,0,0,0,0,0,0,0,0,0,-188000,0,0,0,84000,272000,-188000,-188000
08036P,嘉澤群益9B售03  ,0,0,0,0,0,0,0,0,0,-188000,0,0,0,183000,371000,-188000,-188000
065368,技嘉元大9C購04  ,0,0,0,0,0,0,0,0,0,-188000,0,0,0,4000,192000,-188000,-188000
068211,樺漢凱基01購02  ,0,0,0,0,0,0,0,0,0,-189000,0,0,0,261000,450000,-189000,-189000
060346,華新科統一01購01,0,0,0,0,0,0,0,0,0,-189000,0,0,0,18000,207000,-189000,-189000
062528,全新統一9C購01  ,0,0,0,0,0,0,0,0,0,-189000,0,0,0,0,189000,-189000,-189000
060816,世紀鋼凱基9C購02,0,0,0,0,0,0,0,0,0,-189000,0,0,0,126000,315000,-189000,-189000
066458,大毅統一02購02  ,0,0,0,0,0,0,0,0,0,-189000,0,0,0,0,189000,-189000,-189000
066595,敦泰群益01購01  ,0,0,0,0,0,0,0,0,0,-189000,0,0,0,154000,343000,-189000,-189000
067144,上銀統一02購01  ,0,0,0,0,0,0,0,0,0,-189000,0,0,0,3000,192000,-189000,-189000
2338,光罩            ,756000,752000,4000,0,0,0,0,0,0,-193000,0,23000,-23000,57000,227000,-170000,-189000
1723,中碳            ,85000,274000,-189000,0,0,0,0,0,0,0,0,0,0,0,0,0,-189000
2489,瑞軒            ,673000,904000,-231000,0,0,0,0,0,0,42000,56000,14000,42000,0,0,0,-189000
068348,上銀凱基01購02  ,0,0,0,0,0,0,0,0,0,-190000,0,0,0,32000,222000,-190000,-190000
068090,大成鋼群益01購02,0,0,0,0,0,0,0,0,0,-190000,0,0,0,27000,217000,-190000,-190000
08620P,聯發科群益9C售15,0,0,0,0,0,0,0,0,0,-190000,0,0,0,0,190000,-190000,-190000
064353,力成元大9C購02  ,0,0,0,0,0,0,0,0,0,-190000,0,0,0,20000,210000,-190000,-190000
03340P,瀚宇博國票04售01,0,0,0,0,0,0,0,0,0,-190000,0,0,0,184000,374000,-190000,-190000
063768,華新科國泰9C購03,0,0,0,0,0,0,0,0,0,-190000,0,0,0,127000,317000,-190000,-190000
064681,牧德兆豐01購01  ,0,0,0,0,0,0,0,0,0,-190000,0,0,0,222000,412000,-190000,-190000
063838,上銀元大9C購01  ,0,0,0,0,0,0,0,0,0,-190000,0,0,0,68000,258000,-190000,-190000
067510,嘉澤統一03購01  ,0,0,0,0,0,0,0,0,0,-190000,0,0,0,20000,210000,-190000,-190000
066677,台泥兆豐03購01  ,0,0,0,0,0,0,0,0,0,-190000,0,0,0,0,190000,-190000,-190000
4915,致伸            ,1094000,1235000,-141000,0,0,0,1000,0,1000,-50000,40000,11000,29000,0,79000,-79000,-190000
067769,國巨統一02購04  ,0,0,0,0,0,0,0,0,0,-191000,0,0,0,42000,233000,-191000,-191000
068757,亞德客永豐02購01,0,0,0,0,0,0,0,0,0,-191000,0,0,0,0,191000,-191000,-191000
061646,力成元大9A購02  ,0,0,0,0,0,0,0,0,0,-191000,0,0,0,39000,230000,-191000,-191000
066286,瑞祺元大01購01  ,0,0,0,0,0,0,0,0,0,-191000,0,0,0,99000,290000,-191000,-191000
067538,晶技群益01購02  ,0,0,0,0,0,0,0,0,0,-191000,0,0,0,0,191000,-191000,-191000
067372,聯發科統一03購03,0,0,0,0,0,0,0,0,0,-191000,0,0,0,10000,201000,-191000,-191000
065992,立積永豐01購01  ,0,0,0,0,0,0,0,0,0,-191000,0,0,0,26000,217000,-191000,-191000
6592,和潤企業        ,68000,125000,-57000,0,0,0,0,80000,-80000,-54000,0,39000,-39000,8000,23000,-15000,-191000
03099P,玉晶光凱基03售01,0,0,0,0,0,0,0,0,0,-192000,0,0,0,8000,200000,-192000,-192000
055916,奇鋐凱基99購01  ,0,0,0,0,0,0,0,0,0,-192000,0,0,0,3000,195000,-192000,-192000
066140,鎧勝群益01購01  ,0,0,0,0,0,0,0,0,0,-192000,0,0,0,51000,243000,-192000,-192000
064133,力成元大9C購01  ,0,0,0,0,0,0,0,0,0,-193000,0,0,0,10000,203000,-193000,-193000
067321,南六元大01購05  ,0,0,0,0,0,0,0,0,0,-193000,0,0,0,222000,415000,-193000,-193000
067316,嘉澤元大01購03  ,0,0,0,0,0,0,0,0,0,-193000,0,0,0,112000,305000,-193000,-193000
061491,嘉聯益兆豐9B購01,0,0,0,0,0,0,0,0,0,-194000,0,0,0,0,194000,-194000,-194000
067381,康控統一03購01  ,0,0,0,0,0,0,0,0,0,-194000,0,0,0,10000,204000,-194000,-194000
066051,景碩元大01購01  ,0,0,0,0,0,0,0,0,0,-194000,0,0,0,81000,275000,-194000,-194000
3030,德律            ,76000,247000,-171000,0,0,0,0,0,0,-23000,0,3000,-3000,0,20000,-20000,-194000
058434,旺宏統一9B購01  ,0,0,0,0,0,0,0,0,0,-195000,0,0,0,0,195000,-195000,-195000
056737,國巨凱基9A購01  ,0,0,0,0,0,0,0,0,0,-195000,0,0,0,0,195000,-195000,-195000
063339,智邦統一01購01  ,0,0,0,0,0,0,0,0,0,-195000,0,0,0,0,195000,-195000,-195000
064984,同欣電元大9C購06,0,0,0,0,0,0,0,0,0,-195000,0,0,0,5000,200000,-195000,-195000
067220,台郡元大01購04  ,0,0,0,0,0,0,0,0,0,-195000,0,0,0,125000,320000,-195000,-195000
2362,藍天            ,27000,194000,-167000,0,0,0,0,0,0,-28000,0,14000,-14000,0,14000,-14000,-195000
068335,牧德元大03購02  ,0,0,0,0,0,0,0,0,0,-196000,0,0,0,4000,200000,-196000,-196000
064638,儒鴻凱基9C購03  ,0,0,0,0,0,0,0,0,0,-196000,0,0,0,110000,306000,-196000,-196000
067044,華碩凱基02購01  ,0,0,0,0,0,0,0,0,0,-196000,0,0,0,82000,278000,-196000,-196000
066639,彩晶凱基05購01  ,0,0,0,0,0,0,0,0,0,-196000,0,0,0,25000,221000,-196000,-196000
065128,大成鋼兆豐9C購01,0,0,0,0,0,0,0,0,0,-196000,0,0,0,29000,225000,-196000,-196000
9188,精熙-DR         ,34000,230000,-196000,0,0,0,0,0,0,0,0,0,0,0,0,0,-196000
068716,華通元大02購03  ,0,0,0,0,0,0,0,0,0,-197000,0,0,0,55000,252000,-197000,-197000
03341P,帆宣國票03售03  ,0,0,0,0,0,0,0,0,0,-197000,0,0,0,42000,239000,-197000,-197000
059937,旺宏永豐99購03  ,0,0,0,0,0,0,0,0,0,-197000,0,0,0,0,197000,-197000,-197000
059942,全新永豐99購04  ,0,0,0,0,0,0,0,0,0,-197000,0,0,0,0,197000,-197000,-197000
064506,康控元大9C購02  ,0,0,0,0,0,0,0,0,0,-197000,0,0,0,20000,217000,-197000,-197000
062050,亞德客統一9C購01,0,0,0,0,0,0,0,0,0,-197000,0,0,0,125000,322000,-197000,-197000
066789,聯詠麥證01購01  ,0,0,0,3000,200000,-197000,0,0,0,-197000,0,0,0,3000,200000,-197000,-197000
068268,旺宏永豐01購01  ,0,0,0,0,0,0,0,0,0,-198000,0,0,0,30000,228000,-198000,-198000
068859,台積電元富08購06,0,0,0,0,0,0,0,0,0,-198000,0,0,0,159000,357000,-198000,-198000
064596,台表科統一01購03,0,0,0,0,0,0,0,0,0,-198000,0,0,0,20000,218000,-198000,-198000
066452,晶碩群益01購01  ,0,0,0,0,0,0,0,0,0,-198000,0,0,0,30000,228000,-198000,-198000
068849,旺宏統一04購01  ,0,0,0,0,0,0,0,0,0,-199000,0,0,0,0,199000,-199000,-199000
067245,康控群益01購03  ,0,0,0,0,0,0,0,0,0,-199000,0,0,0,3000,202000,-199000,-199000
069102,TPK統一04購03   ,0,0,0,0,0,0,0,0,0,-200000,0,0,0,0,200000,-200000,-200000
069329,世紀鋼兆豐04購01,0,0,0,0,0,0,0,0,0,-200000,0,0,0,0,200000,-200000,-200000
069360,聯發科永豐02購03,0,0,0,0,0,0,0,0,0,-200000,0,0,0,0,200000,-200000,-200000
08600P,臺股指元大9C售32,0,0,0,0,0,0,0,0,0,-200000,0,0,0,0,200000,-200000,-200000
068503,同欣電元大01購06,0,0,0,0,0,0,0,0,0,-200000,0,0,0,0,200000,-200000,-200000
068756,得力永豐02購01  ,0,0,0,0,0,0,0,0,0,-200000,0,0,0,0,200000,-200000,-200000
067747,同欣電元大01購04,0,0,0,0,0,0,0,0,0,-200000,0,0,0,0,200000,-200000,-200000
068074,玉山金凱基01購01,0,0,0,0,0,0,0,0,0,-200000,0,0,0,77000,277000,-200000,-200000
058604,華邦電元大99購03,0,0,0,0,0,0,0,0,0,-200000,0,0,0,0,200000,-200000,-200000
060575,大立光中信9B購02,0,0,0,0,0,0,0,0,0,-200000,0,0,0,0,200000,-200000,-200000
060636,大毅永豐9A購02  ,0,0,0,0,0,0,0,0,0,-200000,0,0,0,0,200000,-200000,-200000
057973,神達富邦9A購01  ,0,0,0,0,0,0,0,0,0,-200000,0,0,0,0,200000,-200000,-200000
062392,國巨富邦02購01  ,0,0,0,0,0,0,0,0,0,-200000,0,0,0,0,200000,-200000,-200000
064019,上銀元大9C購05  ,0,0,0,0,0,0,0,0,0,-200000,0,0,0,0,200000,-200000,-200000
063337,國巨統一02購02  ,0,0,0,0,0,0,0,0,0,-200000,0,0,0,11000,211000,-200000,-200000
067188,日電貿凱基01購02,0,0,0,0,0,0,0,0,0,-200000,0,0,0,0,200000,-200000,-200000
067189,牧德凱基02購02  ,0,0,0,0,0,0,0,0,0,-200000,0,0,0,0,200000,-200000,-200000
066566,康控元大01購01  ,0,0,0,0,0,0,0,0,0,-200000,0,0,0,2000,202000,-200000,-200000
066359,潤泰新永豐01購01,0,0,0,0,0,0,0,0,0,-200000,0,0,0,107000,307000,-200000,-200000
06690P,玉晶光群益9A售05,0,0,0,0,0,0,0,0,0,-200000,0,0,0,112000,312000,-200000,-200000
066845,亞光元大01購02  ,0,0,0,0,0,0,0,0,0,-200000,0,0,0,0,200000,-200000,-200000
065610,牧德元大02購01  ,0,0,0,0,0,0,0,0,0,-200000,0,0,0,0,200000,-200000,-200000
08778P,台積電群益01售09,0,0,0,0,0,0,0,0,0,-200000,0,0,0,0,200000,-200000,-200000
068011,台表科元大01購05,0,0,0,0,0,0,0,0,0,-201000,0,0,0,4000,205000,-201000,-201000
067827,富邦金兆豐03購01,0,0,0,0,0,0,0,0,0,-201000,0,0,0,304000,505000,-201000,-201000
058986,華新科凱基9A購03,0,0,0,0,0,0,0,0,0,-201000,0,0,0,0,201000,-201000,-201000
062993,華新科群益9B購05,0,0,0,0,0,0,0,0,0,-201000,0,0,0,6000,207000,-201000,-201000
062546,新日興永豐9B購01,0,0,0,0,0,0,0,0,0,-201000,0,0,0,134000,335000,-201000,-201000
064772,FBVIX群益9C購04 ,0,0,0,0,0,0,0,0,0,-201000,0,0,0,0,201000,-201000,-201000
065578,台郡群益9C購02  ,0,0,0,0,0,0,0,0,0,-201000,0,0,0,61000,262000,-201000,-201000
065984,緯創富邦03購01  ,0,0,0,0,0,0,0,0,0,-201000,0,0,0,65000,266000,-201000,-201000
065337,華通統一01購03  ,0,0,0,0,0,0,0,0,0,-201000,0,0,0,330000,531000,-201000,-201000
08530P,鴻海統一9C售19  ,0,0,0,0,0,0,0,0,0,-202000,0,0,0,0,202000,-202000,-202000
061448,旺宏中信9A購02  ,0,0,0,0,0,0,0,0,0,-202000,0,0,0,0,202000,-202000,-202000
065900,瑞祺國泰02購01  ,0,0,0,0,0,0,0,0,0,-202000,0,0,0,25000,227000,-202000,-202000
066822,泰豐群益01購01  ,0,0,0,0,0,0,0,0,0,-202000,0,0,0,126000,328000,-202000,-202000
067327,聯詠康和01購01  ,0,0,0,0,0,0,0,0,0,-202000,0,0,0,52000,254000,-202000,-202000
08964P,美律台新01售01  ,0,0,0,0,0,0,0,0,0,-202000,0,0,0,0,202000,-202000,-202000
08294P,台積電元大9C售06,0,0,0,0,0,0,0,0,0,-203000,0,0,0,0,203000,-203000,-203000
064230,上銀統一01購04  ,0,0,0,0,0,0,0,0,0,-203000,0,0,0,310000,513000,-203000,-203000
08638P,泰碩國票9C售01  ,0,0,0,0,0,0,0,0,0,-204000,0,0,0,64000,268000,-204000,-204000
058525,台虹元大99購02  ,0,0,0,0,0,0,0,0,0,-204000,0,0,0,95000,299000,-204000,-204000
066356,嘉基永豐01購01  ,0,0,0,0,0,0,0,0,0,-204000,0,0,0,100000,304000,-204000,-204000
064931,南六統一9C購05  ,0,0,0,0,0,0,0,0,0,-204000,0,0,0,394000,598000,-204000,-204000
058514,潤泰全元大99購01,0,0,0,0,0,0,0,0,0,-205000,0,0,0,0,205000,-205000,-205000
03233P,台積電元大02售11,0,0,0,0,0,0,0,0,0,-205000,0,0,0,2000,207000,-205000,-205000
062876,全新兆豐9B購01  ,0,0,0,0,0,0,0,0,0,-205000,0,0,0,0,205000,-205000,-205000
069172,台郡元大02購03  ,0,0,0,0,0,0,0,0,0,-206000,0,0,0,0,206000,-206000,-206000
03299P,華通元富02售04  ,0,0,0,0,0,0,0,0,0,-206000,0,0,0,4000,210000,-206000,-206000
060411,達新永豐9A購01  ,0,0,0,0,0,0,0,0,0,-206000,0,0,0,41000,247000,-206000,-206000
062504,旭富群益9B購02  ,0,0,0,0,0,0,0,0,0,-206000,0,0,0,0,206000,-206000,-206000
065751,台光電元大9C購06,0,0,0,0,0,0,0,0,0,-206000,0,0,0,36000,242000,-206000,-206000
067583,金像電群益01購05,0,0,0,0,0,0,0,0,0,-207000,0,0,0,75000,282000,-207000,-207000
064487,和大元大9C購01  ,0,0,0,0,0,0,0,0,0,-207000,0,0,0,0,207000,-207000,-207000
064919,嘉晶統一02購02  ,0,0,0,0,0,0,0,0,0,-207000,0,0,0,10000,217000,-207000,-207000
066573,瑞祺元大01購02  ,0,0,0,0,0,0,0,0,0,-207000,0,0,0,97000,304000,-207000,-207000
067725,旭富凱基01購03  ,0,0,0,0,0,0,0,0,0,-208000,0,0,0,28000,236000,-208000,-208000
08078P,聯發科國票9B售04,0,0,0,0,0,0,0,0,0,-208000,0,0,0,0,208000,-208000,-208000
060470,台勝科元大9A購03,0,0,0,0,0,0,0,0,0,-208000,0,0,0,0,208000,-208000,-208000
060188,華新科元富9A購03,0,0,0,0,0,0,0,0,0,-208000,0,0,0,50000,258000,-208000,-208000
3406,玉晶光          ,551000,527000,24000,0,0,0,0,120000,-120000,-112000,76000,132000,-56000,7000,63000,-56000,-208000
068850,旺宏統一04購02  ,0,0,0,0,0,0,0,0,0,-209000,0,0,0,117000,326000,-209000,-209000
063050,葡萄王統一01購01,0,0,0,0,0,0,0,0,0,-209000,0,0,0,0,209000,-209000,-209000
061529,國巨台新9A購02  ,0,0,0,0,0,0,0,0,0,-209000,0,0,0,0,209000,-209000,-209000
062381,上銀國泰9C購01  ,0,0,0,0,0,0,0,0,0,-209000,0,0,0,332000,541000,-209000,-209000
068888,茂林統一03購01  ,0,0,0,0,0,0,0,0,0,-210000,0,0,0,0,210000,-210000,-210000
068073,京城銀凱基01購01,0,0,0,0,0,0,0,0,0,-210000,0,0,0,0,210000,-210000,-210000
020008,元大特股高息N   ,0,0,0,0,0,0,0,0,0,-210000,0,0,0,2000,212000,-210000,-210000
062731,力成凱基9B購02  ,0,0,0,0,0,0,0,0,0,-210000,0,0,0,0,210000,-210000,-210000
061835,華新科凱基02購03,0,0,0,0,0,0,0,0,0,-210000,0,0,0,6000,216000,-210000,-210000
066351,關貿永豐01購01  ,0,0,0,0,0,0,0,0,0,-210000,0,0,0,0,210000,-210000,-210000
066366,信邦中信02購01  ,0,0,0,0,0,0,0,0,0,-210000,0,0,0,113000,323000,-210000,-210000
066633,總太凱基01購01  ,0,0,0,0,0,0,0,0,0,-210000,0,0,0,0,210000,-210000,-210000
065597,旺宏元大01購03  ,0,0,0,0,0,0,0,0,0,-210000,0,0,0,110000,320000,-210000,-210000
066180,正文凱基01購01  ,0,0,0,0,0,0,0,0,0,-210000,0,0,0,243000,453000,-210000,-210000
051847,香港反中信99購01,0,0,0,0,0,0,0,0,0,-211000,0,0,0,0,211000,-211000,-211000
064215,康控凱基02購01  ,0,0,0,0,0,0,0,0,0,-211000,0,0,0,0,211000,-211000,-211000
066219,惠特元富01購01  ,0,0,0,0,0,0,0,0,0,-211000,0,0,0,31000,242000,-211000,-211000
3052,夆典            ,919000,1131000,-212000,0,0,0,0,0,0,1000,1000,0,1000,0,0,0,-211000
067873,神達元大01購03  ,0,0,0,0,0,0,0,0,0,-212000,0,0,0,13000,225000,-212000,-212000
068404,建準元富04購01  ,0,0,0,0,0,0,0,0,0,-212000,0,0,0,40000,252000,-212000,-212000
068410,緯穎元富07購02  ,0,0,0,0,0,0,0,0,0,-213000,0,0,0,147000,360000,-213000,-213000
065299,燿華元富9C購02  ,0,0,0,0,0,0,0,0,0,-213000,0,0,0,35000,248000,-213000,-213000
4746,台耀            ,316000,537000,-221000,0,0,0,0,0,0,8000,9000,1000,8000,0,0,0,-213000
08906P,義隆群益01售04  ,0,0,0,0,0,0,0,0,0,-213000,0,0,0,0,213000,-213000,-213000
065589,景碩永豐9C購02  ,0,0,0,0,0,0,0,0,0,-214000,0,0,0,79000,293000,-214000,-214000
067076,聯詠元大01購05  ,0,0,0,0,0,0,0,0,0,-214000,0,0,0,104000,318000,-214000,-214000
067922,玉晶光中信04購01,0,0,0,0,0,0,0,0,0,-215000,0,0,0,16000,231000,-215000,-215000
058929,可成統一9C購01  ,0,0,0,0,0,0,0,0,0,-216000,0,0,0,88000,304000,-216000,-216000
060214,茂林康和9A購01  ,0,0,0,0,0,0,0,0,0,-216000,0,0,0,84000,300000,-216000,-216000
063484,達方元大9B購01  ,0,0,0,0,0,0,0,0,0,-216000,0,0,0,67000,283000,-216000,-216000
065885,神達元富9C購01  ,0,0,0,0,0,0,0,0,0,-216000,0,0,0,0,216000,-216000,-216000
066072,華新科凱基01購03,0,0,0,0,0,0,0,0,0,-216000,0,0,0,75000,291000,-216000,-216000
08851P,義隆群益01售03  ,0,0,0,0,0,0,0,0,0,-216000,0,0,0,3000,219000,-216000,-216000
068385,聯電統一03購03  ,0,0,0,0,0,0,0,0,0,-217000,0,0,0,82000,299000,-217000,-217000
064367,貿聯統一01購02  ,0,0,0,0,0,0,0,0,0,-217000,0,0,0,0,217000,-217000,-217000
057182,禾伸堂元大99購02,0,0,0,0,0,0,0,0,0,-217000,0,0,0,84000,301000,-217000,-217000
00675L,富邦臺灣加權正2 ,217000,403000,-186000,0,0,0,0,0,0,-31000,0,0,0,28000,59000,-31000,-217000
057531,禾伸堂元大99購04,0,0,0,0,0,0,0,0,0,-217000,0,0,0,47000,264000,-217000,-217000
063660,儒鴻統一9C購01  ,0,0,0,0,0,0,0,0,0,-217000,0,0,0,124000,341000,-217000,-217000
063218,台塑群益9B購01  ,0,0,0,0,0,0,0,0,0,-217000,0,0,0,300000,517000,-217000,-217000
064474,華新科麥證01購01,0,0,0,1000,223000,-222000,0,0,0,-217000,0,0,0,7000,224000,-217000,-217000
08825P,義隆元大01售04  ,0,0,0,0,0,0,0,0,0,-217000,0,0,0,180000,397000,-217000,-217000
068258,可成國泰03購01  ,0,0,0,0,0,0,0,0,0,-218000,0,0,0,225000,443000,-218000,-218000
08201P,祥碩元大9B售09  ,0,0,0,0,0,0,0,0,0,-218000,0,0,0,55000,273000,-218000,-218000
08657P,牧德群益9C售02  ,0,0,0,0,0,0,0,0,0,-218000,0,0,0,2000,220000,-218000,-218000
064482,微星永豐9C購01  ,0,0,0,0,0,0,0,0,0,-218000,0,0,0,114000,332000,-218000,-218000
062405,泰鼎永豐9B購02  ,0,0,0,0,0,0,0,0,0,-218000,0,0,0,88000,306000,-218000,-218000
065895,台勝科統一02購01,0,0,0,0,0,0,0,0,0,-218000,0,0,0,0,218000,-218000,-218000
069094,金像電統一02購02,0,45000,-45000,0,0,0,0,0,0,-174000,0,0,0,89000,263000,-174000,-219000
067760,旭富永豐01購01  ,0,0,0,0,0,0,0,0,0,-219000,0,0,0,8000,227000,-219000,-219000
03264P,聯茂國票04售01  ,0,0,0,0,0,0,0,0,0,-219000,0,0,0,0,219000,-219000,-219000
063898,旭富群益9C購01  ,0,0,0,0,0,0,0,0,0,-219000,0,0,0,0,219000,-219000,-219000
065223,旺宏中信01購01  ,0,0,0,0,0,0,0,0,0,-219000,0,0,0,1000,220000,-219000,-219000
068917,臺股指群益02購03,0,0,0,0,0,0,0,0,0,-220000,0,0,0,0,220000,-220000,-220000
07133P,臺股指元大9A售27,0,0,0,0,0,0,0,0,0,-220000,0,0,0,0,220000,-220000,-220000
063326,正隆國票9B購01  ,0,0,0,0,0,0,0,0,0,-220000,0,0,0,8000,228000,-220000,-220000
064838,旭富統一01購01  ,0,0,0,0,0,0,0,0,0,-220000,0,0,0,0,220000,-220000,-220000
064553,臺指反群益9C購01,0,0,0,0,0,0,0,0,0,-220000,0,0,0,0,220000,-220000,-220000
065177,旭富元大9C購05  ,0,0,0,0,0,0,0,0,0,-220000,0,0,0,0,220000,-220000,-220000
068657,台積電元大02購10,0,0,0,0,0,0,0,0,0,-221000,0,0,0,84000,305000,-221000,-221000
065269,貿聯元大9C購05  ,0,0,0,0,0,0,0,0,0,-221000,0,0,0,32000,253000,-221000,-221000
064149,美律統一02購01  ,0,0,0,0,0,0,0,0,0,-222000,0,0,0,0,222000,-222000,-222000
069083,景碩凱基03購01  ,0,0,0,0,0,0,0,0,0,-223000,0,0,0,0,223000,-223000,-223000
058795,可成元大99購03  ,0,0,0,0,0,0,0,0,0,-223000,0,0,0,202000,425000,-223000,-223000
03199P,台積電統一01售16,0,0,0,0,0,0,0,0,0,-223000,0,0,0,2000,225000,-223000,-223000
063061,華新科元富9B購04,0,0,0,0,0,0,0,0,0,-223000,0,0,0,0,223000,-223000,-223000
069332,聯電群益03購07  ,0,0,0,0,0,0,0,0,0,-224000,0,0,0,2000,226000,-224000,-224000
068833,大立光國泰04購01,0,0,0,0,0,0,0,0,0,-224000,0,0,0,2000,226000,-224000,-224000
060743,鴻海國票9A購03  ,0,0,0,0,0,0,0,0,0,-224000,0,0,0,0,224000,-224000,-224000
063862,世紀鋼國泰02購01,0,0,0,0,0,0,0,0,0,-224000,0,0,0,314000,538000,-224000,-224000
065455,金寶元富9C購01  ,0,0,0,0,0,0,0,0,0,-224000,0,0,0,9000,233000,-224000,-224000
067276,義隆統一03購01  ,0,0,0,0,0,0,0,0,0,-224000,0,0,0,85000,309000,-224000,-224000
3708,上緯投控        ,501000,761000,-260000,0,0,0,0,0,0,36000,34000,10000,24000,29000,17000,12000,-224000
069132,力山永豐02購01  ,0,0,0,0,0,0,0,0,0,-225000,0,0,0,0,225000,-225000,-225000
058925,旭富元富99購02  ,0,0,0,0,0,0,0,0,0,-225000,0,0,0,0,225000,-225000,-225000
058435,旺宏統一9B購02  ,0,0,0,0,0,0,0,0,0,-225000,0,0,0,0,225000,-225000,-225000
063134,裕隆統一01購01  ,0,0,0,0,0,0,0,0,0,-225000,0,0,0,273000,498000,-225000,-225000
063671,GIS統一01購01   ,0,0,0,0,0,0,0,0,0,-225000,0,0,0,377000,602000,-225000,-225000
060632,可成富邦9B購01  ,0,0,0,0,0,0,0,0,0,-226000,0,0,0,0,226000,-226000,-226000
062969,旺宏元富9B購01  ,0,0,0,0,0,0,0,0,0,-226000,0,0,0,0,226000,-226000,-226000
062883,智易兆豐9C購01  ,0,0,0,0,0,0,0,0,0,-226000,0,0,0,213000,439000,-226000,-226000
068866,申豐元富05購01  ,0,0,0,0,0,0,0,0,0,-227000,0,0,0,109000,336000,-227000,-227000
08092P,仁寶元富9B售02  ,0,0,0,0,0,0,0,0,0,-227000,0,0,0,0,227000,-227000,-227000
067042,旺宏凱基01購02  ,0,0,0,0,0,0,0,0,0,-227000,0,0,0,9000,236000,-227000,-227000
065339,旺宏統一01購08  ,0,0,0,0,0,0,0,0,0,-227000,0,0,0,13000,240000,-227000,-227000
08869P,緯穎凱基01售02  ,0,0,0,0,0,0,0,0,0,-227000,0,0,0,0,227000,-227000,-227000
068508,世紀鋼元大01購05,0,0,0,0,0,0,0,0,0,-228000,0,0,0,116000,344000,-228000,-228000
060259,潤泰全凱基9C購01,0,0,0,0,0,0,0,0,0,-228000,0,0,0,29000,257000,-228000,-228000
065539,瑞儀統一01購01  ,0,0,0,0,0,0,0,0,0,-228000,0,0,0,60000,288000,-228000,-228000
068557,道瓊銀元大03購02,0,0,0,0,0,0,0,0,0,-229000,0,0,0,87000,316000,-229000,-229000
060733,和大統一9C購01  ,0,0,0,0,0,0,0,0,0,-229000,0,0,0,41000,270000,-229000,-229000
060457,中橡元大9A購02  ,0,0,0,0,0,0,0,0,0,-229000,0,0,0,15000,244000,-229000,-229000
059304,華新科兆豐99購06,0,0,0,0,0,0,0,0,0,-229000,0,0,0,1000,230000,-229000,-229000
061550,聯鈞群益9A購03  ,0,0,0,0,0,0,0,0,0,-229000,0,0,0,16000,245000,-229000,-229000
065545,華通兆豐9C購03  ,0,0,0,0,0,0,0,0,0,-229000,0,0,0,19000,248000,-229000,-229000
065670,華新科凱基01購02,0,0,0,0,0,0,0,0,0,-229000,0,0,0,20000,249000,-229000,-229000
066402,泰鼎凱基01購02  ,0,0,0,0,0,0,0,0,0,-229000,0,0,0,266000,495000,-229000,-229000
069031,台積電統一04購07,0,0,0,0,0,0,0,0,0,-230000,0,0,0,7000,237000,-230000,-230000
058899,旺宏元大99購10  ,0,0,0,0,0,0,0,0,0,-230000,0,0,0,111000,341000,-230000,-230000
063320,旭富群益9B購03  ,0,0,0,0,0,0,0,0,0,-230000,0,0,0,41000,271000,-230000,-230000
066396,可成凱基01購04  ,0,0,0,0,0,0,0,0,0,-230000,0,0,0,10000,240000,-230000,-230000
064983,力成元大9C購04  ,0,0,0,0,0,0,0,0,0,-230000,0,0,0,0,230000,-230000,-230000
065097,貿聯元大9C購04  ,0,0,0,0,0,0,0,0,0,-231000,0,0,0,0,231000,-231000,-231000
068149,旺宏元大01購05  ,0,0,0,0,0,0,0,0,0,-232000,0,0,0,218000,450000,-232000,-232000
063569,美食元大9B購03  ,0,0,0,0,0,0,0,0,0,-232000,0,0,0,34000,266000,-232000,-232000
058149,百和元大99購02  ,0,0,0,0,0,0,0,0,0,-233000,0,0,0,49000,282000,-233000,-233000
066187,瑞祺凱基01購01  ,0,0,0,0,0,0,0,0,0,-233000,0,0,0,31000,264000,-233000,-233000
067449,微星國票02購02  ,0,0,0,0,0,0,0,0,0,-233000,0,0,0,49000,282000,-233000,-233000
068513,聯發科統一03購08,0,0,0,0,0,0,0,0,0,-234000,0,0,0,50000,284000,-234000,-234000
069198,聯電元大02購06  ,0,0,0,0,0,0,0,0,0,-234000,0,0,0,60000,294000,-234000,-234000
060583,南亞科元富9A購05,0,0,0,0,0,0,0,0,0,-234000,0,0,0,0,234000,-234000,-234000
03696C,臺股指元大9B牛44,0,0,0,0,0,0,0,0,0,-234000,0,0,0,30000,264000,-234000,-234000
062851,建準永豐9B購02  ,0,0,0,0,0,0,0,0,0,-234000,0,0,0,44000,278000,-234000,-234000
08271P,華通元富9C售01  ,0,0,0,0,0,0,0,0,0,-235000,0,0,0,0,235000,-235000,-235000
067563,上緯控國票02購01,0,0,0,0,0,0,0,0,0,-235000,0,0,0,224000,459000,-235000,-235000
057985,華通元富02購03  ,0,0,0,0,0,0,0,0,0,-235000,0,0,0,66000,301000,-235000,-235000
061841,晶技凱基9C購01  ,0,0,0,0,0,0,0,0,0,-235000,0,0,0,53000,288000,-235000,-235000
061637,華新科元大9A購22,0,0,0,0,0,0,0,0,0,-235000,0,0,0,1000,236000,-235000,-235000
068975,瑞昱元大02購03  ,0,0,0,0,0,0,0,0,0,-236000,0,0,0,148000,384000,-236000,-236000
058972,新日興永豐9A購01,0,0,0,0,0,0,0,0,0,-236000,0,0,0,108000,344000,-236000,-236000
059181,世紀鋼元富9C購01,0,0,0,0,0,0,0,0,0,-236000,0,0,0,520000,756000,-236000,-236000
6168,宏齊            ,180000,415000,-235000,0,0,0,0,0,0,-1000,1000,2000,-1000,0,0,0,-236000
07838P,泰碩元大9A售04  ,0,0,0,0,0,0,0,0,0,-237000,0,0,0,0,237000,-237000,-237000
066532,力成元富07購01  ,0,0,0,0,0,0,0,0,0,-237000,0,0,0,53000,290000,-237000,-237000
068506,GIS元大01購07   ,0,0,0,0,0,0,0,0,0,-238000,0,0,0,66000,304000,-238000,-238000
066300,潤泰新元大01購02,0,0,0,0,0,0,0,0,0,-238000,0,0,0,27000,265000,-238000,-238000
067140,鎧勝永豐01購02  ,0,0,0,0,0,0,0,0,0,-238000,0,0,0,140000,378000,-238000,-238000
061302,晶技永豐9A購04  ,0,0,0,0,0,0,0,0,0,-239000,0,0,0,1000,240000,-239000,-239000
07494P,葡萄王元大9A售03,0,0,0,0,0,0,0,0,0,-240000,0,0,0,0,240000,-240000,-240000
067299,燿華元大01購03  ,0,0,0,0,0,0,0,0,0,-240000,0,0,0,68000,308000,-240000,-240000
066834,泰鼎群益01購01  ,0,0,0,0,0,0,0,0,0,-240000,0,0,0,70000,310000,-240000,-240000
064896,華新科群益01購02,0,0,0,0,0,0,0,0,0,-240000,0,0,0,10000,250000,-240000,-240000
911608,明輝-DR         ,0,240000,-240000,0,0,0,0,0,0,0,0,0,0,0,0,0,-240000
062323,上銀統一9B購03  ,0,0,0,0,0,0,0,0,0,-241000,0,0,0,46000,287000,-241000,-241000
064842,南六統一9C購04  ,0,0,0,0,0,0,0,0,0,-241000,0,0,0,318000,559000,-241000,-241000
063549,國巨國票9C購05  ,0,0,0,0,0,0,0,0,0,-241000,0,0,0,0,241000,-241000,-241000
069302,道瓊銀凱基05購02,0,0,0,0,0,0,0,0,0,-243000,0,0,0,0,243000,-243000,-243000
068196,南亞科凱基01購04,0,0,0,0,0,0,0,0,0,-243000,0,0,0,59000,302000,-243000,-243000
068560,台積電元大01購51,0,0,0,0,0,0,0,0,0,-243000,0,0,0,85000,328000,-243000,-243000
059503,大立光富邦9B購04,0,0,0,0,0,0,0,0,0,-243000,0,0,0,0,243000,-243000,-243000
08323P,華新科凱基9C售04,0,0,0,0,0,0,0,0,0,-244000,0,0,0,30000,274000,-244000,-244000
064143,旺宏統一01購05  ,0,0,0,0,0,0,0,0,0,-244000,0,0,0,0,244000,-244000,-244000
067335,國產凱基02購02  ,0,0,0,0,0,0,0,0,0,-244000,0,0,0,71000,315000,-244000,-244000
07930P,聯發科統一9B售06,0,0,0,0,0,0,0,0,0,-245000,0,0,0,0,245000,-245000,-245000
069165,國揚元大02購02  ,0,0,0,0,0,0,0,0,0,-246000,0,0,0,19000,265000,-246000,-246000
069252,欣興凱基02購06  ,0,0,0,0,0,0,0,0,0,-246000,0,0,0,3000,249000,-246000,-246000
068936,景碩永豐02購01  ,0,0,0,0,0,0,0,0,0,-246000,0,0,0,108000,354000,-246000,-246000
068521,同欣電統一03購02,0,0,0,0,0,0,0,0,0,-246000,0,0,0,0,246000,-246000,-246000
063466,美食元大9B購02  ,0,0,0,0,0,0,0,0,0,-246000,0,0,0,15000,261000,-246000,-246000
064200,華通兆豐01購01  ,0,0,0,0,0,0,0,0,0,-246000,0,0,0,318000,564000,-246000,-246000
068715,為升元大02購01  ,0,0,0,0,0,0,0,0,0,-247000,0,0,0,38000,285000,-247000,-247000
067626,聚陽永豐01購01  ,0,0,0,0,0,0,0,0,0,-247000,0,0,0,4000,251000,-247000,-247000
067715,泰豐凱基02購01  ,0,0,0,0,0,0,0,0,0,-247000,0,0,0,3000,250000,-247000,-247000
057963,緯穎元大98購08  ,0,0,0,0,0,0,0,0,0,-247000,0,0,0,3000,250000,-247000,-247000
062012,燿華富邦9C購01  ,0,0,0,0,0,0,0,0,0,-247000,0,0,0,10000,257000,-247000,-247000
064755,南亞科凱基01購02,0,0,0,0,0,0,0,0,0,-247000,0,0,0,190000,437000,-247000,-247000
062426,大立光統一02購02,0,0,0,0,0,0,0,0,0,-248000,0,0,0,18000,266000,-248000,-248000
065832,貿聯凱基02購03  ,0,0,0,0,0,0,0,0,0,-248000,0,0,0,10000,258000,-248000,-248000
2451,創見            ,119000,394000,-275000,0,0,0,0,0,0,27000,0,2000,-2000,29000,0,29000,-248000
067890,華新科群益01購06,0,0,0,0,0,0,0,0,0,-249000,0,0,0,108000,357000,-249000,-249000
058245,訊連元大99購01  ,0,0,0,0,0,0,0,0,0,-249000,0,0,0,41000,290000,-249000,-249000
062643,緯穎國票9B購01  ,0,0,0,0,0,0,0,0,0,-249000,0,0,0,423000,672000,-249000,-249000
065779,台勝科國泰01購02,0,0,0,0,0,0,0,0,0,-249000,0,0,0,161000,410000,-249000,-249000
068075,欣興凱基01購04  ,0,0,0,0,0,0,0,0,0,-250000,0,0,0,216000,466000,-250000,-250000
07952P,富邦金元大9B售02,0,0,0,0,0,0,0,0,0,-250000,0,0,0,0,250000,-250000,-250000
058046,國巨元大9A購01  ,0,0,0,0,0,0,0,0,0,-250000,0,0,0,0,250000,-250000,-250000
058405,訊連元大99購02  ,0,0,0,0,0,0,0,0,0,-250000,0,0,0,40000,290000,-250000,-250000
060604,宏達電凱基9B購01,0,0,0,0,0,0,0,0,0,-250000,0,0,0,21000,271000,-250000,-250000
056738,國巨凱基9A購02  ,0,0,0,0,0,0,0,0,0,-250000,0,0,0,0,250000,-250000,-250000
063460,智邦元大9B購08  ,0,0,0,0,0,0,0,0,0,-250000,0,0,0,0,250000,-250000,-250000
062081,華新科元大9B購06,0,0,0,0,0,0,0,0,0,-250000,0,0,0,0,250000,-250000,-250000
065685,同欣電統一01購04,0,0,0,0,0,0,0,0,0,-250000,0,0,0,53000,303000,-250000,-250000
065080,燿華元大01購01  ,0,0,0,0,0,0,0,0,0,-250000,0,0,0,168000,418000,-250000,-250000
6196,帆宣            ,832000,688000,144000,0,0,0,0,340000,-340000,-54000,15000,51000,-36000,1000,19000,-18000,-250000
08424P,群創元富9C售03  ,0,0,0,0,0,0,0,0,0,-251000,0,0,0,0,251000,-251000,-251000
064253,貿聯元富9C購01  ,0,0,0,0,0,0,0,0,0,-251000,0,0,0,11000,262000,-251000,-251000
068992,日電貿永豐02購01,0,0,0,0,0,0,0,0,0,-252000,0,0,0,0,252000,-252000,-252000
067708,華新科元富01購01,0,0,0,0,0,0,0,0,0,-252000,0,0,0,58000,310000,-252000,-252000
068591,台積電元富07購13,0,0,0,0,0,0,0,0,0,-252000,0,0,0,111000,363000,-252000,-252000
066235,大毅富邦04購01  ,0,0,0,0,0,0,0,0,0,-252000,0,0,0,0,252000,-252000,-252000
1514,亞力            ,272000,522000,-250000,0,0,0,0,0,0,-2000,0,2000,-2000,0,0,0,-252000
08486P,富邦金群益9C售02,0,0,0,0,0,0,0,0,0,-253000,0,0,0,20000,273000,-253000,-253000
2636,台驊投控        ,245000,497000,-252000,0,0,0,0,0,0,-1000,0,1000,-1000,0,0,0,-253000
08377P,臻鼎元富9C售02  ,0,0,0,0,0,0,0,0,0,-254000,0,0,0,56000,310000,-254000,-254000
058556,百和永豐99購01  ,0,0,0,0,0,0,0,0,0,-254000,0,0,0,21000,275000,-254000,-254000
067706,台積電元富07購07,0,0,0,0,0,0,0,0,0,-255000,0,0,0,2000,257000,-255000,-255000
060915,旭富元大9A購01  ,0,0,0,0,0,0,0,0,0,-255000,0,0,0,20000,275000,-255000,-255000
061521,亞光兆豐9A購02  ,0,0,0,0,0,0,0,0,0,-255000,0,0,0,73000,328000,-255000,-255000
064600,技嘉元富9C購01  ,0,0,0,0,0,0,0,0,0,-255000,0,0,0,8000,263000,-255000,-255000
064374,旺宏元富9C購01  ,0,0,0,0,0,0,0,0,0,-255000,0,0,0,13000,268000,-255000,-255000
065264,亞光元大9C購02  ,0,0,0,0,0,0,0,0,0,-255000,0,0,0,82000,337000,-255000,-255000
067218,鎧勝元大01購04  ,0,0,0,0,0,0,0,0,0,-255000,0,0,0,266000,521000,-255000,-255000
068270,建準永豐01購01  ,0,0,0,0,0,0,0,0,0,-256000,0,0,0,18000,274000,-256000,-256000
069157,金像電元大02購04,0,0,0,0,0,0,0,0,0,-256000,0,0,0,172000,428000,-256000,-256000
059918,華新科元大99購20,0,0,0,0,0,0,0,0,0,-256000,0,0,0,54000,310000,-256000,-256000
063259,廣達富邦9C購01  ,0,0,0,0,0,0,0,0,0,-256000,0,0,0,456000,712000,-256000,-256000
03057P,亞德客凱基01售02,0,0,0,0,0,0,0,0,0,-257000,0,0,0,33000,290000,-257000,-257000
065295,旭富群益9C購02  ,0,0,0,0,0,0,0,0,0,-257000,0,0,0,0,257000,-257000,-257000
0050,元大台灣50      ,353047,257000,96047,0,0,0,19000,34000,-15000,-338822,15000,57000,-42000,512000,808822,-296822,-257775
063489,新日興國泰01購01,0,0,0,0,0,0,0,0,0,-259000,0,0,0,33000,292000,-259000,-259000
066451,台郡群益01購01  ,0,0,0,0,0,0,0,0,0,-259000,0,0,0,25000,284000,-259000,-259000
059187,國巨富邦9B購02  ,0,0,0,0,0,0,0,0,0,-260000,0,0,0,0,260000,-260000,-260000
064856,GIS國泰02購01   ,0,0,0,0,0,0,0,0,0,-260000,0,0,0,215000,475000,-260000,-260000
067436,訊連凱基01購01  ,0,0,0,0,0,0,0,0,0,-260000,0,0,0,267000,527000,-260000,-260000
067550,燿華中信02購01  ,0,0,0,0,0,0,0,0,0,-260000,0,0,0,10000,270000,-260000,-260000
066172,日電貿凱基01購01,0,0,0,0,0,0,0,0,0,-260000,0,0,0,0,260000,-260000,-260000
066211,瑞祺統一04購01  ,0,0,0,0,0,0,0,0,0,-261000,0,0,0,2000,263000,-261000,-261000
066304,聯華永豐01購01  ,0,0,0,0,0,0,0,0,0,-261000,0,0,0,108000,369000,-261000,-261000
063863,儒鴻富邦02購01  ,0,0,0,0,0,0,0,0,0,-262000,0,0,0,788000,1050000,-262000,-262000
065030,亞光兆豐9C購01  ,0,0,0,0,0,0,0,0,0,-262000,0,0,0,60000,322000,-262000,-262000
068987,GIS元大03購01   ,0,0,0,0,0,0,0,0,0,-263000,0,0,0,214000,477000,-263000,-263000
063673,GIS統一9C購02   ,0,0,0,0,0,0,0,0,0,-263000,0,0,0,235000,498000,-263000,-263000
08374P,緯穎凱基9C售01  ,0,0,0,0,0,0,0,0,0,-264000,0,0,0,30000,294000,-264000,-264000
062879,美食兆豐9B購01  ,0,0,0,0,0,0,0,0,0,-264000,0,0,0,77000,341000,-264000,-264000
062383,大立光國泰01購01,0,0,0,0,0,0,0,0,0,-264000,0,0,0,16000,280000,-264000,-264000
065533,台光電統一02購03,0,0,0,0,0,0,0,0,0,-264000,0,0,0,9000,273000,-264000,-264000
2838,聯邦銀          ,329000,591000,-262000,0,0,0,0,0,0,-2000,0,2000,-2000,0,0,0,-264000
08628P,微星中信9C售01  ,0,0,0,0,0,0,0,0,0,-265000,0,0,0,60000,325000,-265000,-265000
069009,聯詠兆豐03購02  ,0,0,0,0,0,0,0,0,0,-265000,0,0,0,25000,290000,-265000,-265000
061443,大立光統一9C購02,0,0,0,0,0,0,0,0,0,-265000,0,0,0,0,265000,-265000,-265000
063582,瑞祺國泰9C購01  ,0,0,0,0,0,0,0,0,0,-266000,0,0,0,29000,295000,-266000,-266000
067501,聚陽統一01購03  ,0,0,0,0,0,0,0,0,0,-266000,0,0,0,10000,276000,-266000,-266000
066476,禾伸堂麥證01購01,0,0,0,0,267000,-267000,0,0,0,-267000,0,0,0,0,267000,-267000,-267000
08865P,欣興元大01售02  ,0,0,0,0,0,0,0,0,0,-267000,0,0,0,316000,583000,-267000,-267000
068733,瑞儀元大02購01  ,0,0,0,0,0,0,0,0,0,-268000,0,0,0,37000,305000,-268000,-268000
068099,GIS富邦01購01   ,0,0,0,0,0,0,0,0,0,-268000,0,0,0,137000,405000,-268000,-268000
059454,亞光永豐99購01  ,0,0,0,0,0,0,0,0,0,-268000,0,0,0,0,268000,-268000,-268000
03369P,景碩中信02售01  ,0,0,0,0,0,0,0,0,0,-268000,0,0,0,20000,288000,-268000,-268000
03453B,臺股指元大02熊02,0,0,0,0,0,0,0,0,0,-268000,0,0,0,33000,301000,-268000,-268000
061983,華新科元大9B購04,0,0,0,0,0,0,0,0,0,-268000,0,0,0,2000,270000,-268000,-268000
067530,國巨群益01購09  ,0,0,0,0,0,0,0,0,0,-269000,0,0,0,49000,318000,-269000,-269000
046159,群創群益98購04  ,0,0,0,0,0,0,0,0,0,-270000,0,0,0,0,270000,-270000,-270000
067361,旭富群益01購02  ,0,0,0,0,0,0,0,0,0,-270000,0,0,0,5000,275000,-270000,-270000
067370,南亞科統一03購03,0,0,0,0,0,0,0,0,0,-270000,0,0,0,12000,282000,-270000,-270000
068864,欣興元富08購01  ,0,0,0,0,0,0,0,0,0,-271000,0,0,0,155000,426000,-271000,-271000
064845,華通元富9C購02  ,0,0,0,0,0,0,0,0,0,-271000,0,0,0,72000,343000,-271000,-271000
1795,美時            ,328000,598000,-270000,0,0,0,0,0,0,-1000,0,1000,-1000,0,0,0,-271000
4958,臻鼎-KY         ,2546635,1554000,992635,0,0,0,51000,825000,-774000,-490000,84000,580000,-496000,29000,23000,6000,-271365
057853,旺宏國票99購05  ,0,0,0,0,0,0,0,0,0,-272000,0,0,0,52000,324000,-272000,-272000
064876,旺宏兆豐9C購01  ,0,0,0,0,0,0,0,0,0,-272000,0,0,0,337000,609000,-272000,-272000
066525,創意統一03購01  ,0,0,0,0,0,0,0,0,0,-272000,0,0,0,3000,275000,-272000,-272000
08780P,聯發科群益02售06,0,0,0,0,0,0,0,0,0,-272000,0,0,0,8000,280000,-272000,-272000
068894,美律元大02購03  ,0,0,0,0,0,0,0,0,0,-273000,0,0,0,155000,428000,-273000,-273000
03113P,南電元大01售09  ,0,0,0,0,0,0,0,0,0,-273000,0,0,0,128000,401000,-273000,-273000
062351,瑞祺群益9C購01  ,0,0,0,0,0,0,0,0,0,-273000,0,0,0,0,273000,-273000,-273000
068808,瑞儀群益02購01  ,0,0,0,0,0,0,0,0,0,-274000,0,0,0,0,274000,-274000,-274000
056263,友訊統一99購01  ,0,0,0,0,0,0,0,0,0,-274000,0,0,0,300000,574000,-274000,-274000
059954,華新科康和99購01,0,0,0,0,0,0,0,0,0,-274000,0,0,0,43000,317000,-274000,-274000
064580,統一永豐9C購01  ,0,0,0,0,0,0,0,0,0,-274000,0,0,0,0,274000,-274000,-274000
062549,中租永豐9B購01  ,0,0,0,0,0,0,0,0,0,-274000,0,0,0,0,274000,-274000,-274000
063341,燿華統一9C購01  ,0,0,0,0,0,0,0,0,0,-274000,0,0,0,51000,325000,-274000,-274000
067497,康控元大01購04  ,0,0,0,0,0,0,0,0,0,-274000,0,0,0,100000,374000,-274000,-274000
2385,群光            ,2156447,2262899,-106452,0,0,0,0,0,0,-168000,14000,18000,-4000,52000,216000,-164000,-274452
08923P,聯發科統一01售13,0,0,0,0,0,0,0,0,0,-275000,0,0,0,40000,315000,-275000,-275000
08472P,和碩凱基9C售02  ,0,0,0,0,0,0,0,0,0,-276000,0,0,0,16000,292000,-276000,-276000
059841,國巨富邦9C購01  ,0,0,0,0,0,0,0,0,0,-276000,0,0,0,1000,277000,-276000,-276000
03347P,欣興台新02售01  ,0,0,0,0,0,0,0,0,0,-276000,0,0,0,36000,312000,-276000,-276000
064579,大立光富邦03購02,0,0,0,0,0,0,0,0,0,-276000,0,0,0,6000,282000,-276000,-276000
059358,旺宏永豐99購02  ,0,0,0,0,0,0,0,0,0,-278000,0,0,0,0,278000,-278000,-278000
6177,達麗            ,90000,313000,-223000,0,0,0,0,0,0,-56000,0,4000,-4000,5000,57000,-52000,-279000
08730P,緯穎永豐01售02  ,0,0,0,0,0,0,0,0,0,-280000,0,0,0,10000,290000,-280000,-280000
067845,美食元富04購01  ,0,0,0,0,0,0,0,0,0,-280000,0,0,0,208000,488000,-280000,-280000
063538,神達統一9C購01  ,0,0,0,0,0,0,0,0,0,-280000,0,0,0,14000,294000,-280000,-280000
07807P,聯茂永豐9A售02  ,0,0,0,0,0,0,0,0,0,-281000,0,0,0,113000,394000,-281000,-281000
063627,上銀元大9B購09  ,0,0,0,0,0,0,0,0,0,-281000,0,0,0,50000,331000,-281000,-281000
063978,美食兆豐9C購01  ,0,0,0,0,0,0,0,0,0,-281000,0,0,0,5000,286000,-281000,-281000
064494,南亞科元大9C購02,0,0,0,0,0,0,0,0,0,-282000,0,0,0,68000,350000,-282000,-282000
2812,台中銀          ,714000,1008748,-294748,0,0,0,1000,0,1000,11000,11000,0,11000,0,0,0,-282748
061000,旺宏兆豐9A購02  ,0,0,0,0,0,0,0,0,0,-283000,0,0,0,0,283000,-283000,-283000
066983,禾伸堂群益01購01,0,0,0,0,0,0,0,0,0,-283000,0,0,0,0,283000,-283000,-283000
006208,富邦台50        ,5500,5000,500,0,0,0,0,0,0,-284000,0,0,0,240000,524000,-284000,-283500
08807P,可成元富07售02  ,0,0,0,0,0,0,0,0,0,-284000,0,0,0,42000,326000,-284000,-284000
068966,TPK群益02購01   ,0,0,0,0,0,0,0,0,0,-285000,0,0,0,58000,343000,-285000,-285000
068478,瑞儀群益01購02  ,0,0,0,0,0,0,0,0,0,-285000,0,0,0,178000,463000,-285000,-285000
064799,裕隆元大9C購02  ,0,0,0,0,0,0,0,0,0,-285000,0,0,0,229000,514000,-285000,-285000
067303,聯發科元大02購03,0,0,0,0,0,0,0,0,0,-285000,0,0,0,408000,693000,-285000,-285000
066833,正文群益01購01  ,0,0,0,0,0,0,0,0,0,-285000,0,0,0,240000,525000,-285000,-285000
065879,瑞祺群益9C購02  ,0,0,0,0,0,0,0,0,0,-285000,0,0,0,19000,304000,-285000,-285000
068397,世紀鋼統一03購01,0,0,0,0,0,0,0,0,0,-286000,0,0,0,206000,492000,-286000,-286000
068161,智易元大01購02  ,0,0,0,0,0,0,0,0,0,-286000,0,0,0,133000,419000,-286000,-286000
063167,同欣電永豐9B購03,0,0,0,0,0,0,0,0,0,-286000,0,0,0,0,286000,-286000,-286000
063376,神達永豐9B購01  ,0,0,0,0,0,0,0,0,0,-286000,0,0,0,0,286000,-286000,-286000
066565,泰鼎元大01購01  ,0,0,0,0,0,0,0,0,0,-286000,0,0,0,3000,289000,-286000,-286000
064741,南亞科國票01購01,0,0,0,0,0,0,0,0,0,-287000,0,0,0,38000,325000,-287000,-287000
065390,達新群益9C購02  ,0,0,0,0,0,0,0,0,0,-287000,0,0,0,16000,303000,-287000,-287000
065055,臺股指凱基02購04,0,0,0,0,0,0,0,0,0,-287000,0,0,0,671000,958000,-287000,-287000
03265P,訊芯國票04售01  ,0,0,0,0,0,0,0,0,0,-288000,0,0,0,200000,488000,-288000,-288000
057789,上銀統一9A購01  ,0,0,0,0,0,0,0,0,0,-288000,0,0,0,68000,356000,-288000,-288000
060785,國巨富邦9B購04  ,0,0,0,0,0,0,0,0,0,-288000,0,0,0,0,288000,-288000,-288000
067057,滬深2X元大01購09,0,0,0,0,0,0,0,0,0,-288000,0,0,0,711000,999000,-288000,-288000
062441,華新科元大9C購01,0,0,0,0,0,0,0,0,0,-289000,0,0,0,0,289000,-289000,-289000
064448,裕隆統一02購01  ,0,0,0,0,0,0,0,0,0,-289000,0,0,0,538000,827000,-289000,-289000
067193,台表科凱基03購02,0,0,0,0,0,0,0,0,0,-289000,0,0,0,0,289000,-289000,-289000
066492,台郡元富01購01  ,0,0,0,0,0,0,0,0,0,-289000,0,0,0,22000,311000,-289000,-289000
066375,南亞科兆豐01購01,0,0,0,0,0,0,0,0,0,-289000,0,0,0,0,289000,-289000,-289000
068087,臺股指凱基04購04,0,0,0,0,0,0,0,0,0,-290000,0,0,0,60000,350000,-290000,-290000
067871,玉晶光元大01購08,0,0,0,0,0,0,0,0,0,-290000,0,0,0,211000,501000,-290000,-290000
03319P,健策元富03售01  ,0,0,0,0,0,0,0,0,0,-290000,0,0,0,0,290000,-290000,-290000
064974,燿華元大9C購03  ,0,0,0,0,0,0,0,0,0,-290000,0,0,0,10000,300000,-290000,-290000
063668,奇力新統一01購03,0,0,0,0,0,0,0,0,0,-291000,0,0,0,505000,796000,-291000,-291000
066392,聯強凱基01購01  ,0,0,0,0,0,0,0,0,0,-291000,0,0,0,30000,321000,-291000,-291000
1789,神隆            ,390000,644000,-254000,0,0,0,0,0,0,-37000,0,13000,-13000,0,24000,-24000,-291000
068989,瑞昱永豐02購01  ,0,0,0,0,0,0,0,0,0,-293000,0,0,0,12000,305000,-293000,-293000
057668,華新科元大9A購01,0,0,0,0,0,0,0,0,0,-293000,0,0,0,0,293000,-293000,-293000
060617,華新科元大9A購08,0,0,0,0,0,0,0,0,0,-293000,0,0,0,0,293000,-293000,-293000
069004,瑞昱兆豐03購02  ,0,0,0,0,0,0,0,0,0,-294000,0,0,0,66000,360000,-294000,-294000
065297,旺宏統一02購01  ,0,0,0,0,0,0,0,0,0,-294000,0,0,0,10000,304000,-294000,-294000
060404,台勝科國泰9B購01,0,0,0,0,0,0,0,0,0,-295000,0,0,0,20000,315000,-295000,-295000
065463,大立光中信01購02,0,0,0,0,0,0,0,0,0,-295000,0,0,0,7000,302000,-295000,-295000
2542,興富發          ,409106,723030,-313924,0,0,0,0,0,0,18000,18000,0,18000,0,0,0,-295924
068845,台積電統一03購14,0,0,0,0,0,0,0,0,0,-296000,0,0,0,4000,300000,-296000,-296000
062442,華新科元大9C購02,0,0,0,0,0,0,0,0,0,-296000,0,0,0,0,296000,-296000,-296000
062117,燿華中信9B購01  ,0,0,0,0,0,0,0,0,0,-297000,0,0,0,0,297000,-297000,-297000
065345,台光電統一01購04,0,0,0,0,0,0,0,0,0,-297000,0,0,0,3000,300000,-297000,-297000
061165,美律兆豐9A購01  ,0,0,0,0,0,0,0,0,0,-298000,0,0,0,0,298000,-298000,-298000
065342,華邦電統一02購01,0,0,0,0,0,0,0,0,0,-298000,0,0,0,52000,350000,-298000,-298000
066080,台光電國泰03購01,0,0,0,0,0,0,0,0,0,-298000,0,0,0,3000,301000,-298000,-298000
069307,瑞昱凱基02購03  ,0,0,0,0,0,0,0,0,0,-300000,0,0,0,0,300000,-300000,-300000
07472P,和碩元大9A售03  ,0,0,0,0,0,0,0,0,0,-300000,0,0,0,0,300000,-300000,-300000
060266,潤泰全國票9A購01,0,0,0,0,0,0,0,0,0,-300000,0,0,0,0,300000,-300000,-300000
058230,國巨元大99購11  ,0,0,0,0,0,0,0,0,0,-300000,0,0,0,0,300000,-300000,-300000
056891,國巨元大99購03  ,0,0,0,0,0,0,0,0,0,-300000,0,0,0,0,300000,-300000,-300000
064106,國巨兆豐9C購04  ,0,0,0,0,0,0,0,0,0,-300000,0,0,0,113000,413000,-300000,-300000
065467,臺指反元大03購03,0,0,0,0,0,0,0,0,0,-300000,0,0,0,0,300000,-300000,-300000
066849,神達元大01購01  ,0,0,0,0,0,0,0,0,0,-300000,0,0,0,6000,306000,-300000,-300000
066878,牧德富邦03購01  ,0,0,0,0,0,0,0,0,0,-300000,0,0,0,0,300000,-300000,-300000
067065,為升元大01購03  ,0,0,0,0,0,0,0,0,0,-300000,0,0,0,474000,774000,-300000,-300000
3533,嘉澤            ,650400,429000,221400,0,0,0,19000,489000,-470000,-52000,26000,67000,-41000,10000,21000,-11000,-300600
067332,旺宏凱基03購02  ,0,0,0,0,0,0,0,0,0,-301000,0,0,0,81000,382000,-301000,-301000
065010,國巨國泰01購04  ,0,0,0,0,0,0,0,0,0,-301000,0,0,0,56000,357000,-301000,-301000
065132,臻鼎兆豐01購01  ,0,0,0,0,0,0,0,0,0,-301000,0,0,0,210000,511000,-301000,-301000
08240P,華通中信06售03  ,0,0,0,0,0,0,0,0,0,-302000,0,0,0,30000,332000,-302000,-302000
068136,香港2X元大01購01,0,0,0,0,0,0,0,0,0,-302000,0,0,0,0,302000,-302000,-302000
064165,同欣電統一01購01,0,0,0,0,0,0,0,0,0,-302000,0,0,0,10000,312000,-302000,-302000
066112,智邦兆豐02購01  ,0,0,0,0,0,0,0,0,0,-302000,0,0,0,21000,323000,-302000,-302000
065668,南亞科凱基9C購02,0,0,0,0,0,0,0,0,0,-302000,0,0,0,41000,343000,-302000,-302000
067113,京鼎群益02購03  ,0,0,0,0,0,0,0,0,0,-302000,0,0,0,0,302000,-302000,-302000
066467,晶碩統一03購01  ,0,0,0,0,0,0,0,0,0,-302000,0,0,0,0,302000,-302000,-302000
067624,微星富邦04購01  ,0,0,0,0,0,0,0,0,0,-304000,0,0,0,493000,797000,-304000,-304000
063638,華新科元大9B購14,0,0,0,0,0,0,0,0,0,-304000,0,0,0,1000,305000,-304000,-304000
062393,智邦富邦9B購01  ,0,0,0,0,0,0,0,0,0,-304000,0,0,0,1000,305000,-304000,-304000
4919,新唐            ,450000,517000,-67000,0,0,0,0,0,0,-237000,2000,24000,-22000,131000,346000,-215000,-304000
066749,瑞祺元大01購03  ,0,0,0,0,0,0,0,0,0,-306000,0,0,0,97000,403000,-306000,-306000
063359,泰鼎國泰01購01  ,0,0,0,0,0,0,0,0,0,-307000,0,0,0,68000,375000,-307000,-307000
3008,大立光          ,130278,412442,-282164,0,0,0,13000,24725,-11725,-14000,7000,13000,-6000,3000,11000,-8000,-307889
069144,國揚永豐02購01  ,0,0,0,0,0,0,0,0,0,-308000,0,0,0,0,308000,-308000,-308000
064194,燿華群益9C購01  ,0,0,0,0,0,0,0,0,0,-308000,0,0,0,0,308000,-308000,-308000
067540,新日興群益02購01,0,0,0,0,0,0,0,0,0,-308000,0,0,0,0,308000,-308000,-308000
065084,南亞科元大9C購08,0,0,0,0,0,0,0,0,0,-308000,0,0,0,0,308000,-308000,-308000
064926,臻鼎統一02購01  ,0,0,0,0,0,0,0,0,0,-308000,0,0,0,204000,512000,-308000,-308000
065431,大立光凱基02購02,0,0,0,0,0,0,0,0,0,-308000,0,0,0,69000,377000,-308000,-308000
08743P,群創凱基01售04  ,0,0,0,0,0,0,0,0,0,-309000,0,0,0,0,309000,-309000,-309000
058105,旺宏統一9A購02  ,0,0,0,0,0,0,0,0,0,-309000,0,0,0,50000,359000,-309000,-309000
063778,亞德客永豐9B購02,0,0,0,0,0,0,0,0,0,-309000,0,0,0,0,309000,-309000,-309000
08714P,華碩元富01售03  ,0,0,0,0,0,0,0,0,0,-310000,0,0,0,120000,430000,-310000,-310000
060127,牧德永豐99購02  ,0,0,0,0,0,0,0,0,0,-310000,0,0,0,0,310000,-310000,-310000
060789,禾伸堂富邦9B購02,0,0,0,0,0,0,0,0,0,-310000,0,0,0,101000,411000,-310000,-310000
061402,矽創兆豐9B購01  ,0,0,0,0,0,0,0,0,0,-310000,0,0,0,0,310000,-310000,-310000
061882,矽創元大9B購01  ,0,0,0,0,0,0,0,0,0,-310000,0,0,0,10000,320000,-310000,-310000
063148,建準元富9B購01  ,0,0,0,0,0,0,0,0,0,-310000,0,0,0,44000,354000,-310000,-310000
067180,為升凱基02購01  ,0,0,0,0,0,0,0,0,0,-310000,0,0,0,110000,420000,-310000,-310000
063265,瑞祺永豐9B購01  ,0,0,0,0,0,0,0,0,0,-311000,0,0,0,180000,491000,-311000,-311000
061687,大成鋼群益9A購01,0,0,0,0,0,0,0,0,0,-312000,0,0,0,98000,410000,-312000,-312000
067217,康控元大01購02  ,0,0,0,0,0,0,0,0,0,-312000,0,0,0,5000,317000,-312000,-312000
3712,永崴投控        ,113000,425000,-312000,0,0,0,0,0,0,0,0,0,0,0,0,0,-312000
1308,亞聚            ,39000,290000,-251000,0,0,0,0,0,0,-61000,0,1000,-1000,0,60000,-60000,-312000
067014,聯發科富邦03購05,0,0,0,0,0,0,0,0,0,-313000,0,0,0,163000,476000,-313000,-313000
064995,世紀鋼兆豐9C購01,0,0,0,0,0,0,0,0,0,-313000,0,0,0,296000,609000,-313000,-313000
064187,亞光永豐9C購01  ,0,0,0,0,0,0,0,0,0,-315000,0,0,0,0,315000,-315000,-315000
064531,旭富兆豐9C購01  ,0,0,0,0,0,0,0,0,0,-315000,0,0,0,10000,325000,-315000,-315000
064922,玉晶光統一01購10,0,0,0,0,0,0,0,0,0,-316000,0,0,0,195000,511000,-316000,-316000
065091,亞光元大9C購01  ,0,0,0,0,0,0,0,0,0,-316000,0,0,0,95000,411000,-316000,-316000
057626,技嘉富邦9A購01  ,0,0,0,0,0,0,0,0,0,-317000,0,0,0,16000,333000,-317000,-317000
066785,台光電麥證01購01,0,0,0,0,317000,-317000,0,0,0,-317000,0,0,0,0,317000,-317000,-317000
08521P,台達電元大9C售03,0,0,0,0,0,0,0,0,0,-318000,0,0,0,25000,343000,-318000,-318000
063271,中磊兆豐9C購01  ,0,0,0,0,0,0,0,0,0,-318000,0,0,0,102000,420000,-318000,-318000
2441,超豐            ,65000,401000,-336000,0,0,0,0,0,0,18000,23000,5000,18000,0,0,0,-318000
068916,聯詠群益03購02  ,0,0,0,0,0,0,0,0,0,-319000,0,0,0,0,319000,-319000,-319000
061875,華新科元大9B購03,0,0,0,0,0,0,0,0,0,-319000,0,0,0,0,319000,-319000,-319000
063804,華邦電兆豐01購01,0,0,0,0,0,0,0,0,0,-319000,0,0,0,0,319000,-319000,-319000
066299,潤泰新元大01購01,0,0,0,0,0,0,0,0,0,-319000,0,0,0,31000,350000,-319000,-319000
065457,旭富元富03購01  ,0,0,0,0,0,0,0,0,0,-319000,0,0,0,0,319000,-319000,-319000
057852,國巨國票99購05  ,0,0,0,0,0,0,0,0,0,-320000,0,0,0,0,320000,-320000,-320000
063926,南亞科統一03購01,0,0,0,0,0,0,0,0,0,-320000,0,0,0,170000,490000,-320000,-320000
067776,巨大統一03購02  ,0,0,0,0,0,0,0,0,0,-321000,0,0,0,3000,324000,-321000,-321000
067024,旺宏兆豐03購01  ,0,0,0,0,0,0,0,0,0,-322000,0,0,0,13000,335000,-322000,-322000
063663,台光電統一9C購01,0,0,0,0,0,0,0,0,0,-323000,0,0,0,15000,338000,-323000,-323000
069273,精元永豐02購02  ,0,0,0,0,0,0,0,0,0,-324000,0,0,0,0,324000,-324000,-324000
063653,儒鴻元富9B購01  ,0,0,0,0,0,0,0,0,0,-324000,0,0,0,17000,341000,-324000,-324000
067542,旭富群益01購03  ,0,0,0,0,0,0,0,0,0,-324000,0,0,0,0,324000,-324000,-324000
2402,毅嘉            ,290000,612000,-322000,0,0,0,0,0,0,-2000,0,2000,-2000,0,0,0,-324000
063777,儒鴻永豐9B購02  ,0,0,0,0,0,0,0,0,0,-325000,0,0,0,10000,335000,-325000,-325000
067051,泰鼎凱基02購01  ,0,0,0,0,0,0,0,0,0,-325000,0,0,0,116000,441000,-325000,-325000
065519,台勝科群益9C購02,0,0,0,0,0,0,0,0,0,-326000,0,0,0,23000,349000,-326000,-326000
061306,瑞祺永豐9A購02  ,0,0,0,0,0,0,0,0,0,-327000,0,0,0,0,327000,-327000,-327000
061532,和大統一9C購02  ,0,0,0,0,0,0,0,0,0,-328000,0,0,0,42000,370000,-328000,-328000
8926,台汽電          ,126000,223000,-97000,0,0,0,1000,41000,-40000,-192000,0,2000,-2000,0,190000,-190000,-329000
065436,力成凱基02購01  ,0,0,0,0,0,0,0,0,0,-330000,0,0,0,10000,340000,-330000,-330000
065343,智邦統一01購03  ,0,0,0,0,0,0,0,0,0,-330000,0,0,0,68000,398000,-330000,-330000
063072,裕隆永豐9B購01  ,0,0,0,0,0,0,0,0,0,-331000,0,0,0,299000,630000,-331000,-331000
065621,聯發科第一9C購01,0,0,0,0,0,0,0,0,0,-331000,0,0,0,0,331000,-331000,-331000
066527,泰鼎統一03購01  ,0,0,0,0,0,0,0,0,0,-331000,0,0,0,102000,433000,-331000,-331000
064144,智邦統一01購02  ,0,0,0,0,0,0,0,0,0,-332000,0,0,0,30000,362000,-332000,-332000
069034,美律統一04購01  ,0,0,0,0,0,0,0,0,0,-333000,0,0,0,20000,353000,-333000,-333000
064456,禾伸堂統一01購01,0,0,0,0,0,0,0,0,0,-333000,0,0,0,28000,361000,-333000,-333000
069371,道瓊銀元大03購03,0,0,0,0,0,0,0,0,0,-334000,0,0,0,0,334000,-334000,-334000
065520,台勝科群益9C購03,0,0,0,0,0,0,0,0,0,-334000,0,0,0,22000,356000,-334000,-334000
065076,中橡元大9C購01  ,0,0,0,0,0,0,0,0,0,-334000,0,0,0,47000,381000,-334000,-334000
062407,同欣電永豐9B購01,0,0,0,0,0,0,0,0,0,-335000,0,0,0,25000,360000,-335000,-335000
062008,南亞科國泰9C購01,0,0,0,0,0,0,0,0,0,-335000,0,0,0,77000,412000,-335000,-335000
066464,台郡統一02購02  ,0,0,0,0,0,0,0,0,0,-335000,0,0,0,3000,338000,-335000,-335000
069298,欣興中信04購01  ,0,0,0,0,0,0,0,0,0,-336000,0,0,0,0,336000,-336000,-336000
08469P,富邦金凱基9C售01,0,0,0,0,0,0,0,0,0,-336000,0,0,0,0,336000,-336000,-336000
068337,同欣電元大01購05,0,0,0,0,0,0,0,0,0,-336000,0,0,0,4000,340000,-336000,-336000
067368,技嘉統一03購01  ,0,0,0,0,0,0,0,0,0,-336000,0,0,0,44000,380000,-336000,-336000
067476,台光電元大01購04,0,0,0,0,0,0,0,0,0,-337000,0,0,0,24000,361000,-337000,-337000
067723,國揚凱基01購02  ,0,0,0,0,0,0,0,0,0,-338000,0,0,0,50000,388000,-338000,-338000
069119,欣興群益02購04  ,0,0,0,0,0,0,0,0,0,-338000,0,0,0,39000,377000,-338000,-338000
08995P,台灣50群益01售12,0,0,0,0,0,0,0,0,0,-338000,0,0,0,28000,366000,-338000,-338000
067666,國巨元大02購03  ,0,0,0,0,0,0,0,0,0,-339000,0,0,0,16000,355000,-339000,-339000
066154,聯強康和01購01  ,0,0,0,0,0,0,0,0,0,-339000,0,0,0,0,339000,-339000,-339000
08414P,超眾凱基9C售02  ,0,0,0,0,0,0,0,0,0,-340000,0,0,0,60000,400000,-340000,-340000
063229,台表科群益9B購04,0,0,0,0,0,0,0,0,0,-340000,0,0,0,0,340000,-340000,-340000
066984,總太群益02購01  ,0,0,0,0,0,0,0,0,0,-340000,0,0,0,0,340000,-340000,-340000
066816,泰鼎兆豐03購01  ,0,0,0,0,0,0,0,0,0,-340000,0,0,0,110000,450000,-340000,-340000
1201,味全            ,56000,396000,-340000,0,0,0,0,0,0,0,0,0,0,0,0,0,-340000
2062,橋椿            ,263000,633000,-370000,0,0,0,0,0,0,30000,30000,0,30000,0,0,0,-340000
068562,台積電元大03購02,0,0,0,0,0,0,0,0,0,-341000,0,0,0,151000,492000,-341000,-341000
058328,世紀鋼統一9B購01,0,0,0,0,0,0,0,0,0,-341000,0,0,0,809000,1150000,-341000,-341000
00648R,元大S&P500反1   ,0,0,0,0,0,0,0,0,0,-341000,0,0,0,43000,384000,-341000,-341000
068844,台積電統一02購11,0,0,0,0,0,0,0,0,0,-342000,0,0,0,39000,381000,-342000,-342000
058664,百和兆豐99購01  ,0,0,0,0,0,0,0,0,0,-342000,0,0,0,211000,553000,-342000,-342000
064446,聚陽統一02購02  ,0,0,0,0,0,0,0,0,0,-342000,0,0,0,136000,478000,-342000,-342000
064820,裕隆統一9C購01  ,0,0,0,0,0,0,0,0,0,-343000,0,0,0,52000,395000,-343000,-343000
067111,聯詠群益01購03  ,0,0,0,0,0,0,0,0,0,-343000,0,0,0,69000,412000,-343000,-343000
2456,奇力新          ,702000,1295000,-593000,0,0,0,150000,0,150000,100000,76000,147000,-71000,211000,40000,171000,-343000
063783,儒鴻中信9C購01  ,0,0,0,0,0,0,0,0,0,-344000,0,0,0,120000,464000,-344000,-344000
062980,康控元富9B購01  ,0,0,0,0,0,0,0,0,0,-345000,0,0,0,111000,456000,-345000,-345000
060878,奇力新中信9C購01,0,0,0,0,0,0,0,0,0,-345000,0,0,0,100000,445000,-345000,-345000
068269,南亞科永豐01購01,0,0,0,0,0,0,0,0,0,-347000,0,0,0,0,347000,-347000,-347000
07878P,智邦群益9C售01  ,0,0,0,0,0,0,0,0,0,-347000,0,0,0,1000,348000,-347000,-347000
064508,力成元大9C購03  ,0,0,0,0,0,0,0,0,0,-347000,0,0,0,36000,383000,-347000,-347000
067506,台光電統一02購04,0,0,0,0,0,0,0,0,0,-347000,0,0,0,1000,348000,-347000,-347000
065893,華新科統一02購02,0,0,0,0,0,0,0,0,0,-347000,0,0,0,15000,362000,-347000,-347000
5608,四維航          ,67000,414000,-347000,0,0,0,0,0,0,0,0,0,0,0,0,0,-347000
08740P,創意康和01售03  ,0,0,0,0,0,0,0,0,0,-349000,0,0,0,61000,410000,-349000,-349000
068837,欣興永豐02購02  ,0,0,0,0,0,0,0,0,0,-349000,0,0,0,69000,418000,-349000,-349000
07864P,可成元大9B售01  ,0,0,0,0,0,0,0,0,0,-351000,0,0,0,13000,364000,-351000,-351000
063451,漢翔統一9C購01  ,0,0,0,0,0,0,0,0,0,-351000,0,0,0,87000,438000,-351000,-351000
066050,亞光元大01購01  ,0,0,0,0,0,0,0,0,0,-351000,0,0,0,152000,503000,-351000,-351000
067861,聚陽元大01購04  ,10000,0,10000,0,0,0,0,0,0,-362000,0,0,0,7000,369000,-362000,-352000
00651R,FH香港反1       ,0,0,0,0,0,0,0,0,0,-352000,0,0,0,247000,599000,-352000,-352000
066184,鎧勝凱基01購01  ,0,0,0,0,0,0,0,0,0,-352000,0,0,0,345000,697000,-352000,-352000
068884,華通統一04購01  ,0,0,0,0,0,0,0,0,0,-353000,0,0,0,326000,679000,-353000,-353000
063444,金像電統一03購01,0,0,0,0,0,0,0,0,0,-353000,0,0,0,280000,633000,-353000,-353000
066987,旭富群益01購01  ,0,0,0,0,0,0,0,0,0,-353000,0,0,0,130000,483000,-353000,-353000
064467,南亞科元富9C購02,0,0,0,0,0,0,0,0,0,-354000,0,0,0,18000,372000,-354000,-354000
062684,華新科統一01購02,0,0,0,0,0,0,0,0,0,-354000,0,0,0,24000,378000,-354000,-354000
066953,禾伸堂元大01購01,0,0,0,0,0,0,0,0,0,-354000,0,0,0,103000,457000,-354000,-354000
068157,晶技元大01購04  ,0,0,0,0,0,0,0,0,0,-355000,0,0,0,58000,413000,-355000,-355000
062917,旭富元大9C購03  ,0,0,0,0,0,0,0,0,0,-355000,0,0,0,4000,359000,-355000,-355000
064058,儒鴻麥證01購01  ,0,0,0,64000,429000,-365000,0,0,0,-355000,0,0,0,74000,429000,-355000,-355000
067181,華通凱基01購02  ,0,0,0,0,0,0,0,0,0,-355000,0,0,0,179000,534000,-355000,-355000
064971,裕隆元大01購01  ,0,0,0,0,0,0,0,0,0,-355000,0,0,0,449000,804000,-355000,-355000
00875,國泰網路資安    ,15000,0,15000,0,0,0,0,0,0,-370600,0,0,0,31000,401600,-370600,-355600
03393P,聯電國泰03售01  ,0,0,0,0,0,0,0,0,0,-356000,0,0,0,15000,371000,-356000,-356000
063407,泰鼎國票9C購01  ,0,0,0,0,0,0,0,0,0,-356000,0,0,0,10000,366000,-356000,-356000
062747,立積永豐9B購01  ,0,0,0,0,0,0,0,0,0,-356000,0,0,0,1000,357000,-356000,-356000
067027,日月光兆豐03購01,0,0,0,0,0,0,0,0,0,-356000,0,0,0,871000,1227000,-356000,-356000
068403,南亞科元富07購01,0,0,0,0,0,0,0,0,0,-358000,0,0,0,4000,362000,-358000,-358000
063470,泰鼎元大9B購03  ,0,0,0,0,0,0,0,0,0,-358000,0,0,0,67000,425000,-358000,-358000
067314,新日興元大01購02,0,0,0,0,0,0,0,0,0,-358000,0,0,0,102000,460000,-358000,-358000
067158,T50反1國票02購02,0,0,0,0,0,0,0,0,0,-359000,0,0,0,101000,460000,-359000,-359000
066570,力成元大02購01  ,0,0,0,0,0,0,0,0,0,-359000,0,0,0,5000,364000,-359000,-359000
08529P,臻鼎元大9C售03  ,0,0,0,0,0,0,0,0,0,-360000,0,0,0,85000,445000,-360000,-360000
061518,達方永豐9A購02  ,0,0,0,0,0,0,0,0,0,-360000,0,0,0,0,360000,-360000,-360000
3062,建漢            ,115000,457000,-342000,0,0,0,0,0,0,-18000,0,18000,-18000,0,0,0,-360000
3661,世芯-KY         ,838000,805250,32750,0,0,0,0,349000,-349000,-44000,22000,60000,-38000,3000,9000,-6000,-360250
069376,台積電元大03購04,0,0,0,0,0,0,0,0,0,-361000,0,0,0,0,361000,-361000,-361000
065778,南亞科國泰01購01,0,0,0,0,0,0,0,0,0,-361000,0,0,0,84000,445000,-361000,-361000
067410,聚陽兆豐01購01  ,0,0,0,0,0,0,0,0,0,-362000,0,0,0,13000,375000,-362000,-362000
3094,聯傑            ,262000,654000,-392000,0,0,0,0,0,0,30000,30000,0,30000,0,0,0,-362000
03047P,矽創國票03售01  ,0,0,0,0,0,0,0,0,0,-363000,0,0,0,177000,540000,-363000,-363000
2845,遠東銀          ,276000,632802,-356802,0,0,0,2000,0,2000,-9000,0,9000,-9000,0,0,0,-363802
066253,泰豐元大01購01  ,0,0,0,0,0,0,0,0,0,-364000,0,0,0,135000,499000,-364000,-364000
2478,大毅            ,293000,653000,-360000,0,0,0,0,0,0,-4000,3000,1000,2000,23000,29000,-6000,-364000
064851,勤誠元富03購01  ,0,0,0,0,0,0,0,0,0,-369000,0,0,0,134000,503000,-369000,-369000
065687,華通元富9C購03  ,0,0,0,0,0,0,0,0,0,-369000,0,0,0,180000,549000,-369000,-369000
067825,南港兆豐03購01  ,0,0,0,0,0,0,0,0,0,-370000,0,0,0,315000,685000,-370000,-370000
1517,利奇            ,144000,514000,-370000,0,0,0,0,0,0,0,0,0,0,0,0,0,-370000
6449,鈺邦            ,211000,578000,-367000,0,0,0,0,0,0,-3000,2000,5000,-3000,0,0,0,-370000
08355P,智邦元大9C售03  ,0,0,0,0,0,0,0,0,0,-372000,0,0,0,188000,560000,-372000,-372000
063658,瑞祺元富9B購01  ,0,0,0,0,0,0,0,0,0,-372000,0,0,0,9000,381000,-372000,-372000
064357,中橡統一9C購01  ,0,0,0,0,0,0,0,0,0,-373000,0,0,0,153000,526000,-373000,-373000
063683,大成鋼永豐9B購01,0,0,0,0,0,0,0,0,0,-373000,0,0,0,0,373000,-373000,-373000
064918,中信金統一02購01,0,0,0,0,0,0,0,0,0,-373000,0,0,0,313000,686000,-373000,-373000
067904,SP黃豆國泰03購01,0,0,0,0,0,0,0,0,0,-374000,0,0,0,3000,377000,-374000,-374000
065782,健策富邦01購02  ,0,0,0,0,0,0,0,0,0,-374000,0,0,0,275000,649000,-374000,-374000
065977,旭富元大02購01  ,0,0,0,0,0,0,0,0,0,-374000,0,0,0,100000,474000,-374000,-374000
069168,景碩元大02購03  ,0,0,0,0,0,0,0,0,0,-375000,0,0,0,119000,494000,-375000,-375000
065965,國巨元大01購05  ,0,0,0,0,0,0,0,0,0,-375000,0,0,0,50000,425000,-375000,-375000
067502,聚陽統一02購04  ,0,0,0,0,0,0,0,0,0,-376000,0,0,0,27000,403000,-376000,-376000
063890,正隆群益9C購01  ,0,0,0,0,0,0,0,0,0,-377000,0,0,0,30000,407000,-377000,-377000
066011,華通元富01購01  ,0,0,0,0,0,0,0,0,0,-377000,0,0,0,247000,624000,-377000,-377000
069184,富邦金麥證02購01,0,0,0,165000,461000,-296000,0,0,0,-378000,0,0,0,165000,543000,-378000,-378000
067484,聯詠元大01購07  ,0,0,0,0,0,0,0,0,0,-378000,0,0,0,212000,590000,-378000,-378000
08643P,和碩群益9C售02  ,0,0,0,0,0,0,0,0,0,-379000,0,0,0,12000,391000,-379000,-379000
057592,美律兆豐99購01  ,0,0,0,0,0,0,0,0,0,-380000,0,0,0,0,380000,-380000,-380000
060987,華新科元大9A購11,0,0,0,0,0,0,0,0,0,-380000,0,0,0,7000,387000,-380000,-380000
061027,儒鴻永豐9A購02  ,0,0,0,0,0,0,0,0,0,-380000,0,0,0,10000,390000,-380000,-380000
068623,美律群益02購01  ,0,0,0,0,0,0,0,0,0,-381000,0,0,0,20000,401000,-381000,-381000
2329,華泰            ,358000,733000,-375000,0,0,0,0,0,0,-6000,0,6000,-6000,0,0,0,-381000
1707,葡萄王          ,76000,462000,-386000,0,0,0,0,0,0,5000,6000,0,6000,0,1000,-1000,-381000
067215,亞光元大01購05  ,0,0,0,0,0,0,0,0,0,-382000,0,0,0,0,382000,-382000,-382000
065017,和大富邦03購01  ,0,0,0,0,0,0,0,0,0,-382000,0,0,0,0,382000,-382000,-382000
2342,茂矽            ,235000,615000,-380000,0,0,0,0,0,0,-2000,0,2000,-2000,0,0,0,-382000
08042P,臺股指群益9B售15,0,0,0,0,0,0,0,0,0,-383000,0,0,0,0,383000,-383000,-383000
063277,大成鋼元大9B購03,0,0,0,0,0,0,0,0,0,-383000,0,0,0,0,383000,-383000,-383000
2013,中鋼構          ,140000,518000,-378000,0,0,0,0,0,0,-5000,0,5000,-5000,0,0,0,-383000
068358,啟碁凱基01購01  ,0,0,0,0,0,0,0,0,0,-384000,0,0,0,40000,424000,-384000,-384000
068215,潤泰新凱基01購02,0,0,0,0,0,0,0,0,0,-384000,0,0,0,75000,459000,-384000,-384000
2486,一詮            ,231000,615000,-384000,0,0,0,0,0,0,0,0,0,0,0,0,0,-384000
062057,華邦電統一01購01,0,0,0,0,0,0,0,0,0,-385000,0,0,0,0,385000,-385000,-385000
065340,旺宏統一9C購04  ,0,0,0,0,0,0,0,0,0,-385000,0,0,0,182000,567000,-385000,-385000
069220,聯電群益03購06  ,0,0,0,0,0,0,0,0,0,-387000,0,0,0,3000,390000,-387000,-387000
058537,彩晶統一9B購01  ,0,0,0,0,0,0,0,0,0,-387000,0,0,0,64000,451000,-387000,-387000
068376,美律永豐01購01  ,0,0,0,0,0,0,0,0,0,-390000,0,0,0,0,390000,-390000,-390000
065540,台表科統一02購05,0,0,0,0,0,0,0,0,0,-390000,0,0,0,34000,424000,-390000,-390000
067084,泰鼎元大01購02  ,0,0,0,0,0,0,0,0,0,-390000,0,0,0,28000,418000,-390000,-390000
08276P,可成元富9C售02  ,0,0,0,0,0,0,0,0,0,-391000,0,0,0,607000,998000,-391000,-391000
062610,啟碁凱基9B購01  ,0,0,0,0,0,0,0,0,0,-391000,0,0,0,39000,430000,-391000,-391000
061876,明泰元大9B購01  ,0,0,0,0,0,0,0,0,0,-392000,0,0,0,50000,442000,-392000,-392000
2369,菱生            ,182000,571000,-389000,0,0,0,0,0,0,-3000,0,3000,-3000,0,0,0,-392000
069146,欣興永豐02購03  ,0,0,0,0,0,0,0,0,0,-393000,0,0,0,20000,413000,-393000,-393000
067902,中磊群益01購01  ,0,0,0,0,0,0,0,0,0,-395000,0,0,0,96000,491000,-395000,-395000
068792,潤泰全凱基02購01,0,0,0,0,0,0,0,0,0,-396000,0,0,0,45000,441000,-396000,-396000
060428,瑞祺永豐9A購01  ,0,0,0,0,0,0,0,0,0,-396000,0,0,0,0,396000,-396000,-396000
066534,華通台新01購02  ,0,0,0,0,0,0,0,0,0,-396000,0,0,0,54000,450000,-396000,-396000
068264,達新永豐01購01  ,0,0,0,0,0,0,0,0,0,-397000,0,0,0,0,397000,-397000,-397000
067707,奇力新元富04購01,0,0,0,0,0,0,0,0,0,-397000,0,0,0,99000,496000,-397000,-397000
063076,柏文永豐9B購02  ,0,0,0,0,0,0,0,0,0,-397000,0,0,0,0,397000,-397000,-397000
9919,康那香          ,3941000,4318000,-377000,0,0,0,0,0,0,-20000,0,20000,-20000,0,0,0,-397000
065976,牧德元大02購02  ,0,0,0,0,0,0,0,0,0,-398000,0,0,0,2000,400000,-398000,-398000
07069P,欣興元富99售02  ,0,0,0,0,0,0,0,0,0,-400000,0,0,0,400000,800000,-400000,-400000
07781P,高鐵凱基9A售02  ,0,0,0,0,0,0,0,0,0,-400000,0,0,0,0,400000,-400000,-400000
059292,華新科元富9B購02,0,0,0,0,0,0,0,0,0,-400000,0,0,0,20000,420000,-400000,-400000
04006P,滬深2X國票9B售01,0,0,0,0,0,0,0,0,0,-400000,0,0,0,0,400000,-400000,-400000
057417,國巨凱基9A購03  ,0,0,0,0,0,0,0,0,0,-400000,0,0,0,0,400000,-400000,-400000
065715,勤誠群益9C購01  ,0,0,0,0,0,0,0,0,0,-400000,0,0,0,0,400000,-400000,-400000
08417P,聯發科元大9C售12,0,0,0,0,0,0,0,0,0,-401000,0,0,0,0,401000,-401000,-401000
064150,全新統一01購03  ,0,0,0,0,0,0,0,0,0,-401000,0,0,0,3000,404000,-401000,-401000
063861,南亞科國泰02購01,0,0,0,0,0,0,0,0,0,-401000,0,0,0,10000,411000,-401000,-401000
067874,台郡元大01購05  ,0,0,0,0,0,0,0,0,0,-402000,0,0,0,47000,449000,-402000,-402000
067546,世紀鋼群益01購05,0,0,0,0,0,0,0,0,0,-403000,0,0,0,28000,431000,-403000,-403000
064982,新唐元大9C購01  ,0,0,0,0,0,0,0,0,0,-405000,0,0,0,322000,727000,-405000,-405000
067744,神達元大01購02  ,0,0,0,0,0,0,0,0,0,-406000,0,0,0,10000,416000,-406000,-406000
069277,欣興永豐02購06  ,0,0,0,0,0,0,0,0,0,-407000,0,0,0,22000,429000,-407000,-407000
6191,精成科          ,444000,700000,-256000,0,0,0,0,0,0,-151000,0,66000,-66000,39000,124000,-85000,-407000
3583,辛耘            ,239000,217000,22000,0,0,0,0,250000,-250000,-179000,1000,180000,-179000,0,0,0,-407000
060650,奇力新中信9A購01,0,0,0,0,0,0,0,0,0,-408000,0,0,0,0,408000,-408000,-408000
3622,洋華            ,70000,473000,-403000,0,0,0,0,0,0,-5000,2000,7000,-5000,0,0,0,-408000
061138,晶技統一9C購01  ,0,0,0,0,0,0,0,0,0,-409000,0,0,0,93000,502000,-409000,-409000
2498,宏達電          ,659000,749000,-90000,0,0,0,0,0,0,-320000,19000,0,19000,8000,347000,-339000,-410000
03390P,欣興凱基02售07  ,0,0,0,0,0,0,0,0,0,-412000,0,0,0,23000,435000,-412000,-412000
2454,聯發科          ,3751152,4002260,-251108,0,0,0,57000,99000,-42000,-119000,46000,189000,-143000,45000,21000,24000,-412108
063542,泰鼎元富9B購02  ,0,0,0,0,0,0,0,0,0,-413000,0,0,0,127000,540000,-413000,-413000
067049,明泰凱基01購01  ,0,0,0,0,0,0,0,0,0,-415000,0,0,0,276000,691000,-415000,-415000
062285,台勝科群益9B購01,0,0,0,0,0,0,0,0,0,-416000,0,0,0,0,416000,-416000,-416000
067766,上銀統一02購02  ,0,0,0,0,0,0,0,0,0,-417000,0,0,0,97000,514000,-417000,-417000
058448,滬深2X永豐9A購01,0,0,0,0,0,0,0,0,0,-417000,0,0,0,29000,446000,-417000,-417000
062665,智易群益9B購01  ,0,0,0,0,0,0,0,0,0,-417000,0,0,0,417000,834000,-417000,-417000
064843,巨大統一02購01  ,0,0,0,0,0,0,0,0,0,-417000,0,0,0,12000,429000,-417000,-417000
065480,旭富元大9C購06  ,0,0,0,0,0,0,0,0,0,-418000,0,0,0,0,418000,-418000,-418000
062590,亞光統一9B購01  ,0,0,0,0,0,0,0,0,0,-420000,0,0,0,0,420000,-420000,-420000
08723P,臺股指元大01售04,0,0,0,0,0,0,0,0,0,-421000,0,0,0,89000,510000,-421000,-421000
061706,旭富國票9A購02  ,0,0,0,0,0,0,0,0,0,-421000,0,0,0,46000,467000,-421000,-421000
066043,美律元大01購01  ,0,0,0,0,0,0,0,0,0,-421000,0,0,0,12000,433000,-421000,-421000
062550,啟碁永豐9B購01  ,0,0,0,0,0,0,0,0,0,-422000,0,0,0,0,422000,-422000,-422000
062011,上銀富邦9C購01  ,0,0,0,0,0,0,0,0,0,-424000,0,0,0,412000,836000,-424000,-424000
060064,華新科兆豐99購07,0,0,0,0,0,0,0,0,0,-425000,0,0,0,4000,429000,-425000,-425000
069134,上銀永豐02購01  ,0,0,0,0,0,0,0,0,0,-429000,0,0,0,18000,447000,-429000,-429000
059101,康控統一9A購01  ,0,0,0,0,0,0,0,0,0,-429000,0,0,0,83000,512000,-429000,-429000
08003P,國巨國泰9B售07  ,0,0,0,0,0,0,0,0,0,-430000,0,0,0,103000,533000,-430000,-430000
064582,裕隆永豐9C購02  ,0,0,0,0,0,0,0,0,0,-432000,0,0,0,59000,491000,-432000,-432000
069127,SP黃豆國泰04購01,0,0,0,0,0,0,0,0,0,-433000,0,0,0,0,433000,-433000,-433000
069166,聯詠元大02購04  ,0,0,0,0,0,0,0,0,0,-433000,0,0,0,16000,449000,-433000,-433000
2912,統一超          ,348303,794000,-445697,0,0,0,3000,0,3000,9000,11000,2000,9000,0,0,0,-433697
069120,晶技群益03購01  ,0,0,0,0,0,0,0,0,0,-434000,0,0,0,10000,444000,-434000,-434000
08334P,智邦永豐9C售01  ,0,0,0,0,0,0,0,0,0,-436000,0,0,0,108000,544000,-436000,-436000
067157,惠特統一03購03  ,0,0,0,0,0,0,0,0,0,-439000,0,0,0,5000,444000,-439000,-439000
061796,興勤永豐9B購01  ,0,0,0,0,0,0,0,0,0,-440000,0,0,0,59000,499000,-440000,-440000
063450,華新科統一02購01,0,0,0,0,0,0,0,0,0,-440000,0,0,0,53000,493000,-440000,-440000
067459,微星永豐01購01  ,0,0,0,0,0,0,0,0,0,-441000,0,0,0,55000,496000,-441000,-441000
068677,日月光元富07購01,0,0,0,0,0,0,0,0,0,-443000,0,0,0,590000,1033000,-443000,-443000
08299P,玉晶光國票02售01,0,0,0,0,0,0,0,0,0,-445000,0,0,0,124000,569000,-445000,-445000
3450,聯鈞            ,412000,578000,-166000,0,0,0,0,6000,-6000,-275000,0,2000,-2000,10000,283000,-273000,-447000
066762,總太永豐01購02  ,0,0,0,0,0,0,0,0,0,-448000,0,0,0,0,448000,-448000,-448000
065522,旭富群益9C購03  ,0,0,0,0,0,0,0,0,0,-449000,0,0,0,0,449000,-449000,-449000
069017,台郡兆豐03購01  ,0,0,0,0,0,0,0,0,0,-450000,0,0,0,0,450000,-450000,-450000
063656,台光電元富03購01,0,0,0,0,0,0,0,0,0,-450000,0,0,0,6000,456000,-450000,-450000
068091,華碩群益01購02  ,0,0,0,0,0,0,0,0,0,-451000,0,0,0,191000,642000,-451000,-451000
067643,台郡統一03購01  ,0,0,0,0,0,0,0,0,0,-452000,0,0,0,52000,504000,-452000,-452000
3698,隆達            ,880000,1094000,-214000,0,0,0,0,0,0,-238000,10000,248000,-238000,0,0,0,-452000
066241,瑞祺富邦03購01  ,0,0,0,0,0,0,0,0,0,-454000,0,0,0,10000,464000,-454000,-454000
067547,儒鴻中信01購01  ,0,0,0,0,0,0,0,0,0,-456000,0,0,0,210000,666000,-456000,-456000
062030,旭富群益9B購01  ,0,0,0,0,0,0,0,0,0,-457000,0,0,0,18000,475000,-457000,-457000
063548,同欣電兆豐9B購01,0,0,0,0,0,0,0,0,0,-460000,0,0,0,62000,522000,-460000,-460000
1589,永冠-KY         ,1899050,2491000,-591950,0,0,0,130000,0,130000,1000,25000,24000,1000,0,0,0,-460950
065650,旭富元大9C購07  ,0,0,0,0,0,0,0,0,0,-463000,0,0,0,3000,466000,-463000,-463000
1736,喬山            ,271000,730000,-459000,0,0,0,0,0,0,-5000,0,2000,-2000,2000,5000,-3000,-464000
068231,聯詠元富07購04  ,0,0,0,0,0,0,0,0,0,-465000,0,0,0,105000,570000,-465000,-465000
064451,技嘉統一01購02  ,0,0,0,0,0,0,0,0,0,-465000,0,0,0,34000,499000,-465000,-465000
066955,新日興元大01購01,0,0,0,0,0,0,0,0,0,-465000,0,0,0,222000,687000,-465000,-465000
069114,智邦群益02購01  ,0,0,0,0,0,0,0,0,0,-466000,0,0,0,0,466000,-466000,-466000
067461,晶碩永豐01購02  ,0,0,0,0,0,0,0,0,0,-466000,0,0,0,0,466000,-466000,-466000
066352,晶碩永豐01購01  ,0,0,0,0,0,0,0,0,0,-466000,0,0,0,0,466000,-466000,-466000
067996,南亞科元大01購02,0,0,0,0,0,0,0,0,0,-467000,0,0,0,209000,676000,-467000,-467000
03181P,台灣50元大01售40,0,0,0,0,0,0,0,0,0,-470000,0,0,0,40000,510000,-470000,-470000
066259,聯強元大01購01  ,0,0,0,0,0,0,0,0,0,-470000,0,0,0,115000,585000,-470000,-470000
066100,鎧勝中信05購01  ,0,0,0,0,0,0,0,0,0,-471000,0,0,0,0,471000,-471000,-471000
069018,同欣電兆豐03購01,0,0,0,0,0,0,0,0,0,-472000,0,0,0,10000,482000,-472000,-472000
064338,美食元大9C購01  ,0,0,0,0,0,0,0,0,0,-472000,0,0,0,13000,485000,-472000,-472000
6269,台郡            ,1532000,1858000,-326000,0,0,0,10000,23000,-13000,-133000,1000,210000,-209000,85000,9000,76000,-472000
063956,神達元大9C購01  ,0,0,0,0,0,0,0,0,0,-473000,0,0,0,8000,481000,-473000,-473000
2448,晶電            ,5507000,5302000,205000,0,0,0,46000,845000,-799000,120000,158000,38000,120000,0,0,0,-474000
065541,GIS統一01購05   ,0,0,0,0,0,0,0,0,0,-475000,0,0,0,189000,664000,-475000,-475000
068857,華通元富08購01  ,0,0,0,0,0,0,0,0,0,-477000,0,0,0,9000,486000,-477000,-477000
064829,義隆統一01購02  ,0,0,0,0,0,0,0,0,0,-478000,0,0,0,49000,527000,-478000,-478000
08320P,智邦統一9C售02  ,0,0,0,0,0,0,0,0,0,-479000,0,0,0,20000,499000,-479000,-479000
067684,康控元大01購05  ,0,0,0,0,0,0,0,0,0,-479000,0,0,0,20000,499000,-479000,-479000
3038,全台            ,378000,473000,-95000,0,0,0,0,0,0,-385000,2000,387000,-385000,0,0,0,-480000
069082,欣興凱基03購02  ,0,0,0,0,0,0,0,0,0,-482000,0,0,0,27000,509000,-482000,-482000
054827,宏全元大9A購01  ,0,0,0,0,0,0,0,0,0,-482000,0,0,0,0,482000,-482000,-482000
065246,旭富兆豐01購01  ,0,0,0,0,0,0,0,0,0,-483000,0,0,0,2000,485000,-483000,-483000
064045,南亞科統一9C購04,0,0,0,0,0,0,0,0,0,-484000,0,0,0,0,484000,-484000,-484000
08928P,漢唐元富07售02  ,0,0,0,0,0,0,0,0,0,-486000,0,0,0,90000,576000,-486000,-486000
5871,中租-KY         ,1166159,1817737,-651578,0,0,0,142000,0,142000,23000,22000,0,22000,28000,27000,1000,-486578
063615,瑞祺群益9B購03  ,0,0,0,0,0,0,0,0,0,-487000,0,0,0,4000,491000,-487000,-487000
068852,可成統一04購01  ,0,0,0,0,0,0,0,0,0,-488000,0,0,0,98000,586000,-488000,-488000
063205,貿聯統一9C購01  ,0,0,0,0,0,0,0,0,0,-489000,0,0,0,0,489000,-489000,-489000
066869,聯發科元富07購02,0,0,0,0,0,0,0,0,0,-490000,0,0,0,214000,704000,-490000,-490000
8105,凌巨            ,15000,499000,-484000,0,0,0,0,0,0,-6000,0,6000,-6000,0,0,0,-490000
056584,鴻海統一9B購01  ,0,0,0,0,0,0,0,0,0,-491000,0,0,0,2288000,2779000,-491000,-491000
064390,台塑永豐9C購01  ,0,0,0,0,0,0,0,0,0,-491000,0,0,0,10000,501000,-491000,-491000
064812,旭富元大9C購04  ,0,0,0,0,0,0,0,0,0,-492000,0,0,0,0,492000,-492000,-492000
068160,智易元大01購01  ,0,0,0,0,0,0,0,0,0,-493000,0,0,0,102000,595000,-493000,-493000
060194,旭富元富9A購01  ,0,0,0,0,0,0,0,0,0,-493000,0,0,0,0,493000,-493000,-493000
066540,景碩兆豐01購02  ,0,0,0,0,0,0,0,0,0,-493000,0,0,0,746000,1239000,-493000,-493000
066135,潤泰全群益02購01,0,0,0,0,0,0,0,0,0,-493000,0,0,0,20000,513000,-493000,-493000
059760,楠梓電永豐99購01,0,0,0,0,0,0,0,0,0,-494000,0,0,0,56000,550000,-494000,-494000
067307,聯詠元大01購06  ,0,0,0,0,0,0,0,0,0,-494000,0,0,0,239000,733000,-494000,-494000
068794,欣興凱基02購04  ,0,0,0,0,0,0,0,0,0,-495000,0,0,0,267000,762000,-495000,-495000
068991,冠德永豐02購01  ,0,0,0,0,0,0,0,0,0,-495000,0,0,0,140000,635000,-495000,-495000
063682,達新永豐9B購01  ,0,0,0,0,0,0,0,0,0,-496000,0,0,0,0,496000,-496000,-496000
068062,瑞昱兆豐03購01  ,0,0,0,0,0,0,0,0,0,-497000,0,0,0,341000,838000,-497000,-497000
2355,敬鵬            ,104000,321000,-217000,0,0,0,0,0,0,-280000,20000,244000,-224000,0,56000,-56000,-497000
068056,台表科統一03購01,0,0,0,0,0,0,0,0,0,-498000,0,0,0,0,498000,-498000,-498000
069049,華邦電元富08購01,0,0,0,0,0,0,0,0,0,-499000,0,0,0,0,499000,-499000,-499000
065793,旭富永豐9C購02  ,0,0,0,0,0,0,0,0,0,-499000,0,0,0,30000,529000,-499000,-499000
062857,SP黃豆國票9C購01,0,0,0,0,0,0,0,0,0,-500000,0,0,0,0,500000,-500000,-500000
067341,欣興凱基03購01  ,0,0,0,0,0,0,0,0,0,-500000,0,0,0,398000,898000,-500000,-500000
066260,聯強元大01購02  ,0,0,0,0,0,0,0,0,0,-500000,0,0,0,214000,714000,-500000,-500000
064867,華新科永豐9C購03,0,0,0,0,0,0,0,0,0,-502000,0,0,0,10000,512000,-502000,-502000
064160,新日興統一01購03,0,0,0,0,0,0,0,0,0,-505000,0,0,0,81000,586000,-505000,-505000
062328,南亞科統一9C購01,0,0,0,0,0,0,0,0,0,-505000,0,0,0,1000,506000,-505000,-505000
066774,聯詠富邦03購01  ,0,0,0,0,0,0,0,0,0,-505000,0,0,0,53000,558000,-505000,-505000
067712,惠特元富04購01  ,0,0,0,0,0,0,0,0,0,-507000,0,0,0,170000,677000,-507000,-507000
065942,燿華元富01購01  ,0,0,0,0,0,0,0,0,0,-507000,0,0,0,0,507000,-507000,-507000
062219,燿華統一9B購01  ,0,0,0,0,0,0,0,0,0,-508000,0,0,0,44000,552000,-508000,-508000
065136,正隆凱基9C購01  ,0,0,0,0,0,0,0,0,0,-508000,0,0,0,29000,537000,-508000,-508000
068858,台積電元富08購05,0,0,0,0,0,0,0,0,0,-509000,0,0,0,6000,515000,-509000,-509000
069328,巨大兆豐03購01  ,0,0,0,0,0,0,0,0,0,-509000,0,0,0,0,509000,-509000,-509000
068055,鎧勝統一02購02  ,0,0,0,0,0,0,0,0,0,-510000,0,0,0,256000,766000,-510000,-510000
062221,奇力新統一01購01,0,0,0,0,0,0,0,0,0,-510000,0,0,0,266000,776000,-510000,-510000
062056,國巨統一9C購08  ,0,0,0,0,0,0,0,0,0,-514000,0,0,0,0,514000,-514000,-514000
062910,亞光元大9B購01  ,0,0,0,0,0,0,0,0,0,-515000,0,0,0,120000,635000,-515000,-515000
065119,大立光富邦03購03,0,0,0,0,0,0,0,0,0,-516000,0,0,0,0,516000,-516000,-516000
060183,南亞科元富9A購01,0,0,0,0,0,0,0,0,0,-517000,0,0,0,63000,580000,-517000,-517000
03263P,日月光國票04售01,0,0,0,0,0,0,0,0,0,-517000,0,0,0,0,517000,-517000,-517000
063449,全新統一9B購02  ,0,0,0,0,0,0,0,0,0,-517000,0,0,0,54000,571000,-517000,-517000
06453P,群創元大9B售02  ,0,0,0,0,0,0,0,0,0,-517000,0,0,0,25000,542000,-517000,-517000
069001,為升兆豐03購02  ,0,0,0,0,0,0,0,0,0,-521000,0,0,0,446000,967000,-521000,-521000
063202,南亞科統一9C購02,0,0,0,0,0,0,0,0,0,-522000,0,0,0,0,522000,-522000,-522000
066365,富邦金中信03購01,0,0,0,0,0,0,0,0,0,-523000,0,0,0,50000,573000,-523000,-523000
066441,聯強群益01購01  ,0,0,0,0,0,0,0,0,0,-524000,0,0,0,56000,580000,-524000,-524000
2390,云辰            ,741000,1256000,-515000,0,0,0,0,0,0,-12000,6000,18000,-12000,0,0,0,-527000
059995,南亞科元富99購01,0,0,0,0,0,0,0,0,0,-529000,0,0,0,270000,799000,-529000,-529000
063203,華新科統一9C購04,0,0,0,0,0,0,0,0,0,-531000,0,0,0,20000,551000,-531000,-531000
064170,儒鴻元富9C購01  ,0,0,0,0,0,0,0,0,0,-534000,0,0,0,8000,542000,-534000,-534000
066884,亞光永豐01購01  ,0,0,0,0,0,0,0,0,0,-535000,0,0,0,0,535000,-535000,-535000
067921,旭富永豐01購02  ,0,0,0,0,0,0,0,0,0,-537000,0,0,0,40000,577000,-537000,-537000
067656,新日興元富07購01,0,0,0,0,0,0,0,0,0,-537000,0,0,0,110000,647000,-537000,-537000
060417,正隆永豐9A購01  ,0,0,0,0,0,0,0,0,0,-539000,0,0,0,55000,594000,-539000,-539000
068071,興勤凱基02購01  ,0,0,0,0,0,0,0,0,0,-540000,0,0,0,0,540000,-540000,-540000
08965P,台灣50元大01售30,0,0,0,0,0,0,0,0,0,-540000,0,0,0,10000,550000,-540000,-540000
067835,微星統一02購02  ,0,0,0,0,0,0,0,0,0,-541000,0,0,0,222000,763000,-541000,-541000
4967,十銓            ,269000,813000,-544000,0,0,0,0,0,0,3000,3000,0,3000,0,0,0,-541000
067927,瑞祺兆豐01購01  ,0,0,0,0,0,0,0,0,0,-545000,0,0,0,1000,546000,-545000,-545000
061517,瑞祺永豐9A購03  ,0,0,0,0,0,0,0,0,0,-546000,0,0,0,0,546000,-546000,-546000
064738,裕隆國票01購01  ,0,0,0,0,0,0,0,0,0,-546000,0,0,0,833000,1379000,-546000,-546000
059008,鈺齊元大99購03  ,0,0,0,0,0,0,0,0,0,-547000,0,0,0,133000,680000,-547000,-547000
062596,緯穎統一01購02  ,0,0,0,0,0,0,0,0,0,-547000,0,0,0,2000,549000,-547000,-547000
08331P,義隆元富9C售02  ,0,0,0,0,0,0,0,0,0,-549000,0,0,0,599000,1148000,-549000,-549000
08753P,群創群益01售01  ,0,0,0,0,0,0,0,0,0,-549000,0,0,0,20000,569000,-549000,-549000
061427,旭富元大9A購02  ,0,0,0,0,0,0,0,0,0,-553000,0,0,0,0,553000,-553000,-553000
5471,松翰            ,481000,954000,-473000,0,0,0,0,0,0,-80000,0,43000,-43000,12000,49000,-37000,-553000
08882P,上証2X國票02售02,0,0,0,0,0,0,0,0,0,-553000,0,0,0,0,553000,-553000,-553000
068523,台光電元富07購02,0,0,0,0,0,0,0,0,0,-557000,0,0,0,3000,560000,-557000,-557000
2393,億光            ,192000,750000,-558000,0,0,0,0,0,0,1000,36000,6000,30000,1000,30000,-29000,-557000
4961,天鈺            ,229000,788000,-559000,0,0,0,0,0,0,2000,2000,0,2000,0,0,0,-557000
062185,禾伸堂元大9B購01,0,0,0,0,0,0,0,0,0,-558000,0,0,0,0,558000,-558000,-558000
068580,聯電永豐01購02  ,0,0,0,0,0,0,0,0,0,-559000,0,0,0,34000,593000,-559000,-559000
069129,國揚國泰03購01  ,0,0,0,0,0,0,0,0,0,-559000,0,0,0,18000,577000,-559000,-559000
068329,義隆元大01購07  ,0,0,0,0,0,0,0,0,0,-560000,0,0,0,76000,636000,-560000,-560000
063201,廣達統一01購01  ,0,0,0,0,0,0,0,0,0,-560000,0,0,0,450000,1010000,-560000,-560000
6451,訊芯-KY         ,208000,528000,-320000,0,0,0,0,0,0,-240000,3000,45000,-42000,5000,203000,-198000,-560000
068130,美律統一03購02  ,0,0,0,0,0,0,0,0,0,-564000,0,0,0,15000,579000,-564000,-564000
063435,儒鴻統一01購02  ,0,0,0,0,0,0,0,0,0,-565000,0,0,0,236000,801000,-565000,-565000
063677,台光電國泰9C購02,0,0,0,0,0,0,0,0,0,-565000,0,0,0,9000,574000,-565000,-565000
063667,全新統一01購02  ,0,0,0,0,0,0,0,0,0,-566000,0,0,0,122000,688000,-566000,-566000
8011,台通            ,281000,847000,-566000,0,0,0,0,0,0,-1000,0,1000,-1000,0,0,0,-567000
061675,華新科元大9A購23,0,0,0,0,0,0,0,0,0,-568000,0,0,0,0,568000,-568000,-568000
064453,微星統一02購01  ,0,0,0,0,0,0,0,0,0,-568000,0,0,0,341000,909000,-568000,-568000
064709,瑞祺永豐9C購01  ,0,0,0,0,0,0,0,0,0,-568000,0,0,0,140000,708000,-568000,-568000
065534,台光電統一9C購02,0,0,0,0,0,0,0,0,0,-568000,0,0,0,0,568000,-568000,-568000
068038,康控元富03購01  ,0,0,0,0,0,0,0,0,0,-571000,0,0,0,29000,600000,-571000,-571000
067862,泰豐元大01購02  ,0,0,0,0,0,0,0,0,0,-571000,0,0,0,157000,728000,-571000,-571000
065820,瑞祺元富03購01  ,0,0,0,0,0,0,0,0,0,-571000,0,0,0,4000,575000,-571000,-571000
067997,美律元大01購02  ,0,0,0,0,0,0,0,0,0,-572000,0,0,0,45000,617000,-572000,-572000
060699,華新科國泰9B購03,0,0,0,0,0,0,0,0,0,-575000,0,0,0,0,575000,-575000,-575000
058930,華新科統一9B購01,0,0,0,0,0,0,0,0,0,-579000,0,0,0,0,579000,-579000,-579000
6120,達運            ,46000,618000,-572000,0,0,0,0,0,0,-8000,0,8000,-8000,0,0,0,-580000
064685,裕隆群益9C購01  ,0,0,0,0,0,0,0,0,0,-581000,0,0,0,110000,691000,-581000,-581000
4934,太極            ,579000,1160000,-581000,0,0,0,0,0,0,0,0,0,0,0,0,0,-581000
063244,華新科元大9B購11,0,0,0,0,0,0,0,0,0,-582000,0,0,0,4000,586000,-582000,-582000
062340,力成麥證9B購01  ,0,0,0,25000,610000,-585000,0,0,0,-585000,0,0,0,25000,610000,-585000,-585000
063360,茂林國泰9C購02  ,0,0,0,0,0,0,0,0,0,-586000,0,0,0,20000,606000,-586000,-586000
065803,大立光群益01購03,0,0,0,0,0,0,0,0,0,-588000,0,0,0,155000,743000,-588000,-588000
065546,景碩兆豐01購01  ,0,0,0,0,0,0,0,0,0,-594000,0,0,0,173000,767000,-594000,-594000
068536,聯發科中信04購02,0,0,0,0,0,0,0,0,0,-595000,0,0,0,32000,627000,-595000,-595000
07578P,高鐵元大9A售02  ,0,0,0,0,0,0,0,0,0,-597000,0,0,0,0,597000,-597000,-597000
063651,金像電台新9B購01,0,0,0,0,0,0,0,0,0,-597000,0,0,0,35000,632000,-597000,-597000
067503,聚陽統一03購01  ,0,0,0,0,0,0,0,0,0,-598000,0,0,0,93000,691000,-598000,-598000
068944,中石化凱基04購01,0,0,0,0,0,0,0,0,0,-600000,0,0,0,303000,903000,-600000,-600000
068432,技嘉凱基01購02  ,0,0,0,0,0,0,0,0,0,-600000,0,0,0,10000,610000,-600000,-600000
068048,美律統一03購01  ,0,0,0,0,0,0,0,0,0,-602000,0,0,0,255000,857000,-602000,-602000
068877,聯詠凱基03購04  ,0,0,0,0,0,0,0,0,0,-603000,0,0,0,283000,886000,-603000,-603000
064916,玉山金統一02購01,0,0,0,0,0,0,0,0,0,-604000,0,0,0,169000,773000,-604000,-604000
2515,中工            ,1618000,1566000,52000,0,0,0,0,0,0,-656000,77000,14000,63000,220000,939000,-719000,-604000
063927,奇力新統一02購01,0,0,0,0,0,0,0,0,0,-606000,0,0,0,256000,862000,-606000,-606000
065405,華新科富邦03購01,0,0,0,0,0,0,0,0,0,-606000,0,0,0,16000,622000,-606000,-606000
067504,鴻海統一01購07  ,0,0,0,0,0,0,0,0,0,-607000,0,0,0,1000,608000,-607000,-607000
03432B,臺股指凱基98熊13,0,0,0,0,0,0,0,0,0,-609000,0,0,0,1128000,1737000,-609000,-609000
067063,為升元大01購01  ,0,0,0,0,0,0,0,0,0,-610000,0,0,0,165000,775000,-610000,-610000
069010,欣興兆豐03購03  ,0,0,0,0,0,0,0,0,0,-611000,0,0,0,172000,783000,-611000,-611000
068683,聯電永豐02購02  ,0,0,0,0,0,0,0,0,0,-611000,0,0,0,167000,778000,-611000,-611000
060191,亞光元富9A購02  ,0,0,0,0,0,0,0,0,0,-611000,0,0,0,34000,645000,-611000,-611000
03285P,滬深2X群益02售05,0,0,0,0,0,0,0,0,0,-611000,0,0,0,0,611000,-611000,-611000
057085,立積統一9B購02  ,0,0,0,0,0,0,0,0,0,-612000,0,0,0,206000,818000,-612000,-612000
6477,安集            ,643000,794000,-151000,0,0,0,0,460000,-460000,-4000,0,4000,-4000,0,0,0,-615000
062051,上銀統一9C購02  ,0,0,0,0,0,0,0,0,0,-616000,0,0,0,79000,695000,-616000,-616000
08975P,欣興群益01售05  ,0,0,0,0,0,0,0,0,0,-616000,0,0,0,21000,637000,-616000,-616000
067037,美利達康和01購02,0,0,0,0,0,0,0,0,0,-617000,0,0,0,73000,690000,-617000,-617000
2606,裕民            ,428000,720000,-292000,0,0,0,0,0,0,-326000,0,326000,-326000,0,0,0,-618000
03148P,聯電群益03售04  ,0,0,0,0,0,0,0,0,0,-619000,0,0,0,126000,745000,-619000,-619000
066319,聯強永豐01購01  ,0,0,0,0,0,0,0,0,0,-621000,0,0,0,38000,659000,-621000,-621000
3022,威強電          ,91000,712000,-621000,0,0,0,0,0,0,0,0,0,0,0,0,0,-621000
062494,中石化中信9C購01,0,0,0,0,0,0,0,0,0,-622000,0,0,0,394000,1016000,-622000,-622000
069099,欣興統一04購02  ,0,0,0,0,0,0,0,0,0,-623000,0,0,0,60000,683000,-623000,-623000
065341,華邦電統一01購02,0,0,0,0,0,0,0,0,0,-624000,0,0,0,0,624000,-624000,-624000
062171,中磊永豐9B購01  ,0,0,0,0,0,0,0,0,0,-627000,0,0,0,50000,677000,-627000,-627000
06438P,玉晶光國票99售02,0,0,0,0,0,0,0,0,0,-629000,0,0,0,50000,679000,-629000,-629000
069109,日月光兆豐03購02,0,0,0,0,0,0,0,0,0,-630000,0,0,0,26000,656000,-630000,-630000
064302,美律兆豐01購01  ,0,0,0,0,0,0,0,0,0,-631000,0,0,0,0,631000,-631000,-631000
059949,啟碁永豐99購01  ,0,0,0,0,0,0,0,0,0,-632000,0,0,0,70000,702000,-632000,-632000
068666,聯電統一03購04  ,0,0,0,0,0,0,0,0,0,-636000,0,0,0,265000,901000,-636000,-636000
03292P,欣興元大02售03  ,0,0,0,0,0,0,0,0,0,-637000,0,0,0,5000,642000,-637000,-637000
2031,新光鋼          ,987000,1760000,-773000,0,0,0,150000,0,150000,-15000,0,15000,-15000,0,0,0,-638000
067390,聯詠元富07購02  ,0,0,0,0,0,0,0,0,0,-640000,0,0,0,51000,691000,-640000,-640000
1325,恆大            ,806000,1449000,-643000,0,0,0,0,0,0,3000,65000,57000,8000,0,5000,-5000,-640000
060360,南亞科元富9A購02,0,0,0,0,0,0,0,0,0,-641000,0,0,0,58000,699000,-641000,-641000
063283,華新科元大9C購03,0,0,0,0,0,0,0,0,0,-644000,0,0,0,2000,646000,-644000,-644000
3653,健策            ,382000,814000,-432000,0,0,0,0,60000,-60000,-153000,20000,85000,-65000,11000,99000,-88000,-645000
067369,瑞昱統一01購07  ,0,0,0,0,0,0,0,0,0,-651000,0,0,0,580000,1231000,-651000,-651000
065846,華新科元大03購01,0,0,0,0,0,0,0,0,0,-652000,0,0,0,20000,672000,-652000,-652000
6153,嘉聯益          ,428000,1165000,-737000,0,0,0,0,0,0,85000,79000,16000,63000,61000,39000,22000,-652000
4904,遠傳            ,669453,1310742,-641289,0,0,0,10000,0,10000,-21000,6000,30000,-24000,3000,0,3000,-652289
066210,瑞祺統一02購01  ,0,0,0,0,0,0,0,0,0,-653000,0,0,0,0,653000,-653000,-653000
065254,大成鋼元大9C購01,0,0,0,0,0,0,0,0,0,-655000,0,0,0,73000,728000,-655000,-655000
1709,和益            ,378000,1037000,-659000,0,0,0,0,0,0,1000,1000,0,1000,0,0,0,-658000
2103,台橡            ,200000,798000,-598000,0,0,0,0,0,0,-60000,0,38000,-38000,28000,50000,-22000,-658000
068682,神達富邦03購01  ,0,0,0,0,0,0,0,0,0,-660000,0,0,0,225000,885000,-660000,-660000
068033,國產元富01購01  ,0,0,0,0,0,0,0,0,0,-661000,0,0,0,394000,1055000,-661000,-661000
068111,大成鋼元富07購01,0,0,0,0,0,0,0,0,0,-665000,0,0,0,499000,1164000,-665000,-665000
068137,FBVIX元大01購04 ,0,0,0,0,0,0,0,0,0,-667000,0,0,0,0,667000,-667000,-667000
060700,華新科國泰9C購01,0,0,0,0,0,0,0,0,0,-667000,0,0,0,82000,749000,-667000,-667000
6257,矽格            ,231000,595000,-364000,0,0,0,0,0,0,-307000,34000,250000,-216000,13000,104000,-91000,-671000
060410,台苯永豐9A購01  ,0,0,0,0,0,0,0,0,0,-674000,0,0,0,8000,682000,-674000,-674000
065704,華新科群益9C購05,0,0,0,0,0,0,0,0,0,-675000,0,0,0,224000,899000,-675000,-675000
066872,亞光國泰03購01  ,0,0,0,0,0,0,0,0,0,-675000,0,0,0,0,675000,-675000,-675000
1227,佳格            ,93587,696943,-603356,0,0,0,0,73000,-73000,0,0,0,0,0,0,0,-676356
00638R,元大滬深300反1  ,14000,286000,-272000,0,0,0,0,0,0,-405000,0,0,0,391000,796000,-405000,-677000
6505,台塑化          ,409274,1074000,-664726,0,0,0,9000,0,9000,-22000,0,0,0,38000,60000,-22000,-677726
068761,興勤永豐02購01  ,0,0,0,0,0,0,0,0,0,-679000,0,0,0,10000,689000,-679000,-679000
064389,台泥永豐9C購01  ,0,0,0,0,0,0,0,0,0,-679000,0,0,0,17000,696000,-679000,-679000
062678,華通統一9C購04  ,0,0,0,0,0,0,0,0,0,-689000,0,0,0,0,689000,-689000,-689000
063992,大立光中信9C購03,0,0,0,0,0,0,0,0,0,-690000,0,0,0,10000,700000,-690000,-690000
2855,統一證          ,924000,1617000,-693000,0,0,0,0,0,0,0,0,0,0,0,0,0,-693000
1722,台肥            ,252000,976000,-724000,0,0,0,0,0,0,27000,34000,6000,28000,0,1000,-1000,-697000
066374,臺股指中信04購01,0,0,0,0,0,0,0,0,0,-702000,0,0,0,1000,703000,-702000,-702000
1440,南紡            ,354000,935000,-581000,0,0,0,0,0,0,-125000,0,22000,-22000,0,103000,-103000,-706000
2605,新興            ,413000,1103000,-690000,0,0,0,0,0,0,-21000,0,0,0,4000,25000,-21000,-711000
068925,欣興國泰04購01  ,3000,0,3000,0,0,0,0,0,0,-715000,0,0,0,129000,844000,-715000,-712000
065566,裕隆群益9C購02  ,0,0,0,0,0,0,0,0,0,-713000,0,0,0,23000,736000,-713000,-713000
2504,國產            ,1661000,2572000,-911000,0,0,0,0,0,0,198000,0,20000,-20000,386000,168000,218000,-713000
08289P,智邦統一9C售01  ,0,0,0,0,0,0,0,0,0,-716000,0,0,0,499000,1215000,-716000,-716000
03063P,臺股指凱基04售03,0,0,0,0,0,0,0,0,0,-717000,0,0,0,23000,740000,-717000,-717000
03293P,和碩元大02售01  ,0,0,0,0,0,0,0,0,0,-720000,0,0,0,12000,732000,-720000,-720000
3545,敦泰            ,439000,1184000,-745000,0,0,0,0,0,0,20000,0,7000,-7000,27000,0,27000,-725000
066263,華碩元大02購01  ,0,0,0,0,0,0,0,0,0,-728000,0,0,0,286000,1014000,-728000,-728000
063446,台光電統一01購02,0,0,0,0,0,0,0,0,0,-729000,0,0,0,10000,739000,-729000,-729000
064999,T50反1國票9C購03,0,0,0,0,0,0,0,0,0,-729000,0,0,0,10000,739000,-729000,-729000
2108,南帝            ,294000,923826,-629826,0,0,0,0,0,0,-101000,0,1000,-1000,0,100000,-100000,-730826
063057,祥碩統一03購01  ,10000,0,10000,0,0,0,0,0,0,-742000,0,0,0,304000,1046000,-742000,-732000
065174,華新科元大02購02,0,0,0,0,0,0,0,0,0,-732000,0,0,0,11000,743000,-732000,-732000
065532,台光電統一02購02,0,0,0,0,0,0,0,0,0,-732000,0,0,0,0,732000,-732000,-732000
068389,美律統一03購03  ,0,0,0,0,0,0,0,0,0,-733000,0,0,0,0,733000,-733000,-733000
068803,國揚群益03購01  ,0,0,0,0,0,0,0,0,0,-735000,0,0,0,5000,740000,-735000,-735000
060242,潤泰全元大9C購01,0,0,0,0,0,0,0,0,0,-747000,0,0,0,0,747000,-747000,-747000
062816,華新科兆豐9B購01,0,0,0,0,0,0,0,0,0,-748000,0,0,0,0,748000,-748000,-748000
067119,泰鼎群益01購02  ,0,0,0,0,0,0,0,0,0,-752000,0,0,0,84000,836000,-752000,-752000
064594,奇力新統一01購05,0,0,0,0,0,0,0,0,0,-757000,0,0,0,173000,930000,-757000,-757000
063900,GIS群益9C購03   ,0,0,0,0,0,0,0,0,0,-761000,0,0,0,67000,828000,-761000,-761000
059884,鴻海國票99購09  ,0,0,0,0,0,0,0,0,0,-763000,0,0,0,408000,1171000,-763000,-763000
068113,台光電元富07購01,0,0,0,0,0,0,0,0,0,-764000,0,0,0,0,764000,-764000,-764000
067867,冠德元大01購01  ,0,0,0,0,0,0,0,0,0,-776000,0,0,0,332000,1108000,-776000,-776000
060437,宏全永豐9A購01  ,0,0,0,0,0,0,0,0,0,-776000,0,0,0,10000,786000,-776000,-776000
067088,啟碁元大01購01  ,0,0,0,0,0,0,0,0,0,-780000,0,0,0,20000,800000,-780000,-780000
065912,瑞祺永豐9C購02  ,0,0,0,0,0,0,0,0,0,-780000,0,0,0,0,780000,-780000,-780000
064732,GIS統一01購03   ,0,0,0,0,0,0,0,0,0,-783000,0,0,0,370000,1153000,-783000,-783000
066437,台泥群益02購01  ,0,0,0,0,0,0,0,0,0,-788000,0,0,0,59000,847000,-788000,-788000
2481,強茂            ,1378011,2176000,-797989,0,0,0,0,0,0,7000,185000,35000,150000,12000,155000,-143000,-790989
063210,百和統一9C購01  ,0,0,0,0,0,0,0,0,0,-791000,0,0,0,391000,1182000,-791000,-791000
3682,亞太電          ,114000,908000,-794000,0,0,0,0,0,0,0,0,0,0,0,0,0,-794000
062653,正隆永豐9B購01  ,0,0,0,0,0,0,0,0,0,-796000,0,0,0,267000,1063000,-796000,-796000
2614,東森            ,167000,795000,-628000,0,0,0,0,0,0,-175000,0,6000,-6000,2000,171000,-169000,-803000
068118,欣興元富07購03  ,0,0,0,0,0,0,0,0,0,-807000,0,0,0,106000,913000,-807000,-807000
2426,鼎元            ,129000,942000,-813000,0,0,0,0,0,0,0,0,0,0,0,0,0,-813000
065491,華新科國泰02購01,0,0,0,0,0,0,0,0,0,-818000,0,0,0,147000,965000,-818000,-818000
069081,國揚凱基03購01  ,0,0,0,0,0,0,0,0,0,-822000,0,0,0,9000,831000,-822000,-822000
9914,美利達          ,1535000,1041000,494000,0,0,0,0,996000,-996000,-322000,42000,379000,-337000,35000,20000,15000,-824000
069170,正文元大02購01  ,0,0,0,0,0,0,0,0,0,-827000,0,0,0,134000,961000,-827000,-827000
067982,臺指反元大04購08,0,0,0,0,0,0,0,0,0,-834000,0,0,0,0,834000,-834000,-834000
068924,國巨國泰05購01  ,0,0,0,0,0,0,0,0,0,-837000,0,0,0,67000,904000,-837000,-837000
067318,康控元大01購03  ,0,0,0,0,0,0,0,0,0,-837000,0,0,0,0,837000,-837000,-837000
3015,全漢            ,1031000,1849000,-818000,0,0,0,0,0,0,-20000,3000,23000,-20000,0,0,0,-838000
068853,華新科統一02購03,0,0,0,0,0,0,0,0,0,-849000,0,0,0,73000,922000,-849000,-849000
4927,泰鼎-KY         ,459000,1243000,-784000,0,0,0,0,149000,-149000,77000,9000,84000,-75000,248000,96000,152000,-856000
8016,矽創            ,235000,671000,-436000,0,0,0,0,420000,-420000,-5000,1000,2000,-1000,8000,12000,-4000,-861000
066949,聯發科元大01購17,0,0,0,0,0,0,0,0,0,-863000,0,0,0,155000,1018000,-863000,-863000
069237,南電康和02購01  ,0,0,0,0,0,0,0,0,0,-867000,0,0,0,5000,872000,-867000,-867000
064464,台郡統一01購01  ,0,0,0,0,0,0,0,0,0,-891000,0,0,0,20000,911000,-891000,-891000
066722,臺指反元大04購04,0,0,0,0,0,0,0,0,0,-892000,0,0,0,0,892000,-892000,-892000
03321P,智邦凱基03售01  ,0,0,0,0,0,0,0,0,0,-897000,0,0,0,82000,979000,-897000,-897000
059510,華新科永豐99購07,0,0,0,0,0,0,0,0,0,-898000,0,0,0,4000,902000,-898000,-898000
067064,為升元大01購02  ,0,0,0,0,0,0,0,0,0,-900000,0,0,0,0,900000,-900000,-900000
061901,柏文永豐9B購01  ,0,0,0,0,0,0,0,0,0,-903000,0,0,0,0,903000,-903000,-903000
067130,泰豐永豐01購02  ,0,0,0,0,0,0,0,0,0,-904000,0,0,0,108000,1012000,-904000,-904000
063049,上海銀兆豐9B購01,0,0,0,0,0,0,0,0,0,-906000,0,0,0,149000,1055000,-906000,-906000
3231,緯創            ,4042062,4868551,-826489,0,0,0,3000,0,3000,-90000,14000,138000,-124000,116000,82000,34000,-913489
0056,元大高股息      ,97300,97000,300,0,0,0,0,300000,-300000,-624000,0,0,0,2531000,3155000,-624000,-923700
065723,新日興兆豐01購01,0,0,0,0,0,0,0,0,0,-927000,0,0,0,85000,1012000,-927000,-927000
1210,大成            ,173000,727850,-554850,0,0,0,0,400000,-400000,18000,24000,6000,18000,0,0,0,-936850
064445,聚陽統一02購01  ,0,0,0,0,0,0,0,0,0,-942000,0,0,0,50000,992000,-942000,-942000
060890,大立光統一01購01,0,0,0,0,0,0,0,0,0,-944000,0,0,0,228000,1172000,-944000,-944000
060243,潤泰全元大9C購02,0,0,0,0,0,0,0,0,0,-951000,0,0,0,0,951000,-951000,-951000
058093,神達元大9A購01  ,0,0,0,0,0,0,0,0,0,-955000,0,0,0,8000,963000,-955000,-955000
067842,微星元富07購01  ,0,0,0,0,0,0,0,0,0,-964000,0,0,0,229000,1193000,-964000,-964000
057412,臺股指群益99購06,0,0,0,0,0,0,0,0,0,-966000,0,0,0,5000,971000,-966000,-966000
062971,英業達元富9B購01,0,0,0,0,0,0,0,0,0,-967000,0,0,0,86000,1053000,-967000,-967000
6278,台表科          ,1449000,1038000,411000,0,0,0,10000,1466000,-1456000,69000,129000,109000,20000,64000,15000,49000,-976000
063592,瑞祺永豐9B購02  ,0,0,0,0,0,0,0,0,0,-978000,0,0,0,10000,988000,-978000,-978000
00634R,富邦上証反1     ,51000,592000,-541000,0,0,0,0,0,0,-447000,0,0,0,10000,457000,-447000,-988000
067138,正文永豐01購02  ,0,0,0,0,0,0,0,0,0,-999000,0,0,0,68000,1067000,-999000,-999000
068810,T50反1元大02購02,0,0,0,0,0,0,0,0,0,-1019000,0,0,0,212000,1231000,-1019000,-1019000
067365,美利達群益01購03,0,0,0,0,0,0,0,0,0,-1046000,0,0,0,676000,1722000,-1046000,-1046000
03311P,欣興凱基02售05  ,0,0,0,0,0,0,0,0,0,-1047000,0,0,0,691000,1738000,-1047000,-1047000
2354,鴻準            ,446390,1436000,-989610,0,0,0,0,0,0,-59000,0,59000,-59000,0,0,0,-1048610
064245,GIS統一02購02   ,0,0,0,0,0,0,0,0,0,-1050000,0,0,0,137000,1187000,-1050000,-1050000
07579P,聯茂元大9A售01  ,0,0,0,0,0,0,0,0,0,-1053000,0,0,0,20000,1073000,-1053000,-1053000
064839,旭富統一9C購01  ,0,0,0,0,0,0,0,0,0,-1057000,0,0,0,0,1057000,-1057000,-1057000
066099,大立光中信05購01,0,0,0,0,0,0,0,0,0,-1064000,0,0,0,70000,1134000,-1064000,-1064000
063750,和鑫國票9B購01  ,0,0,0,0,0,0,0,0,0,-1065000,0,0,0,779000,1844000,-1065000,-1065000
6202,盛群            ,605000,1526000,-921000,0,0,0,0,0,0,-150000,1000,83000,-82000,1000,69000,-68000,-1071000
2834,臺企銀          ,3068854,4148917,-1080063,0,0,0,7000,0,7000,2000,2000,0,2000,0,0,0,-1071063
069414,欣興統一04購03  ,0,0,0,0,0,0,0,0,0,-1075000,0,0,0,0,1075000,-1075000,-1075000
8039,台虹            ,699000,989000,-290000,0,0,0,0,500000,-500000,-295000,22000,283000,-261000,11000,45000,-34000,-1085000
068998,儒鴻兆豐03購01  ,0,0,0,0,0,0,0,0,0,-1088000,0,0,0,7000,1095000,-1088000,-1088000
047564,滬深2X國票99購01,0,0,0,0,0,0,0,0,0,-1095000,0,0,0,555000,1650000,-1095000,-1095000
2406,國碩            ,915000,2010000,-1095000,0,0,0,0,0,0,0,0,0,0,0,0,0,-1095000
066471,致新統一02購01  ,0,0,0,0,0,0,0,0,0,-1099000,0,0,0,64000,1163000,-1099000,-1099000
066236,潤泰全富邦01購01,0,0,0,0,0,0,0,0,0,-1100000,0,0,0,0,1100000,-1100000,-1100000
03075P,泰碩國泰03售01  ,0,0,0,0,0,0,0,0,0,-1109000,0,0,0,0,1109000,-1109000,-1109000
067285,欣興國票02購01  ,0,0,0,0,0,0,0,0,0,-1133000,0,0,0,115000,1248000,-1133000,-1133000
063458,正隆元大9B購01  ,0,0,0,0,0,0,0,0,0,-1145000,0,0,0,94000,1239000,-1145000,-1145000
6669,緯穎            ,590475,1587894,-997419,0,0,0,1000,17000,-16000,-151000,27000,8000,19000,7000,177000,-170000,-1164419
067642,貿聯統一01購03  ,0,0,0,0,0,0,0,0,0,-1176000,0,0,0,24000,1200000,-1176000,-1176000
063858,鴻海國泰02購01  ,0,0,0,0,0,0,0,0,0,-1177000,0,0,0,348000,1525000,-1177000,-1177000
00850,元大臺灣ESG永續 ,0,831000,-831000,0,0,0,0,0,0,-351000,0,0,0,850000,1201000,-351000,-1182000
066345,正文永豐01購01  ,0,0,0,0,0,0,0,0,0,-1186000,0,0,0,120000,1306000,-1186000,-1186000
2352,佳世達          ,562000,1521000,-959000,0,0,0,2000,0,2000,-244000,40000,125000,-85000,0,159000,-159000,-1201000
1303,南亞            ,1277784,2839350,-1561566,0,0,0,393000,0,393000,-35000,15000,8000,7000,31000,73000,-42000,-1203566
058928,國巨統一9C購01  ,0,0,0,0,0,0,0,0,0,-1214000,0,0,0,327000,1541000,-1214000,-1214000
067505,微星統一03購01  ,0,0,0,0,0,0,0,0,0,-1257000,0,0,0,135000,1392000,-1257000,-1257000
020019,統一特選台灣5GN ,0,0,0,0,0,0,0,0,0,-1258000,0,0,0,173000,1431000,-1258000,-1258000
4938,和碩            ,1658649,2788119,-1129470,0,0,0,13000,3000,10000,-146000,16000,132000,-116000,54000,84000,-30000,-1265470
066232,聯強富邦03購01  ,0,0,0,0,0,0,0,0,0,-1274000,0,0,0,70000,1344000,-1274000,-1274000
064250,亞光元富9C購01  ,0,0,0,0,0,0,0,0,0,-1282000,0,0,0,49000,1331000,-1282000,-1282000
066876,大立光富邦05購01,0,0,0,0,0,0,0,0,0,-1287000,0,0,0,10000,1297000,-1287000,-1287000
067478,興勤元大01購01  ,0,0,0,0,0,0,0,0,0,-1322000,0,0,0,116000,1438000,-1322000,-1322000
069131,聯華永豐02購01  ,0,0,0,0,0,0,0,0,0,-1328000,0,0,0,0,1328000,-1328000,-1328000
068670,台積電統一03購12,0,10000,-10000,0,0,0,0,0,0,-1319000,0,0,0,433000,1752000,-1319000,-1329000
00669R,國泰美國道瓊反1 ,23000,23000,0,0,0,0,0,0,0,-1335000,0,0,0,535000,1870000,-1335000,-1335000
2890,永豐金          ,5661371,7160675,-1499304,0,0,0,66000,0,66000,93000,22000,29000,-7000,100000,0,100000,-1340304
064163,康控統一01購01  ,0,0,0,0,0,0,0,0,0,-1341000,0,0,0,135000,1476000,-1341000,-1341000
057257,台泥兆豐99購01  ,0,0,0,0,0,0,0,0,0,-1345000,0,0,0,0,1345000,-1345000,-1345000
03034P,欣興國票03售01  ,0,0,0,0,0,0,0,0,0,-1369000,0,0,0,63000,1432000,-1369000,-1369000
069095,金像電統一04購01,0,0,0,0,0,0,0,0,0,-1439000,0,0,0,139000,1578000,-1439000,-1439000
1711,永光            ,132000,1270000,-1138000,0,0,0,0,0,0,-315000,0,6000,-6000,0,309000,-309000,-1453000
067639,奇力新統一01購06,0,0,0,0,0,0,0,0,0,-1463000,0,0,0,181000,1644000,-1463000,-1463000
8150,南茂            ,227000,1311770,-1084770,0,0,0,0,100000,-100000,-285000,0,6000,-6000,18000,297000,-279000,-1469770
067320,訊連元大01購01  ,0,0,0,0,0,0,0,0,0,-1499000,0,0,0,341000,1840000,-1499000,-1499000
00631L,元大台灣50正2   ,0,16000,-16000,0,0,0,0,0,0,-1490000,41000,0,41000,378000,1909000,-1531000,-1506000
5880,合庫金          ,3997276,10290677,-6293401,0,0,0,61000,51000,10000,4767378,1078000,0,1078000,3690000,622,3689378,-1516023
067083,正文元大01購01  ,0,0,0,0,0,0,0,0,0,-1520000,0,0,0,211000,1731000,-1520000,-1520000
08864P,欣興元大01售01  ,0,0,0,0,0,0,0,0,0,-1551000,0,0,0,50000,1601000,-1551000,-1551000
068714,臺指反元大05購01,0,0,0,0,0,0,0,0,0,-1553000,0,0,0,4000,1557000,-1553000,-1553000
3037,欣興            ,19950000,24157000,-4207000,0,0,0,2431000,346000,2085000,557000,1513000,1683000,-170000,933000,206000,727000,-1565000
2337,旺宏            ,1779000,4370000,-2591000,0,0,0,0,0,0,1018000,12000,10000,2000,1296000,280000,1016000,-1573000
069053,欣興元富02購03  ,0,0,0,0,0,0,0,0,0,-1591000,0,0,0,396000,1987000,-1591000,-1591000
068295,旭富兆豐01購02  ,0,0,0,0,0,0,0,0,0,-1617000,0,0,0,100000,1717000,-1617000,-1617000
2609,陽明            ,938000,2598000,-1660000,0,0,0,0,0,0,0,0,0,0,0,0,0,-1660000
08091P,A50正2元富9B售02,0,0,0,0,0,0,0,0,0,-1686000,0,0,0,0,1686000,-1686000,-1686000
058437,可成統一9B購01  ,0,0,0,0,0,0,0,0,0,-1701000,0,0,0,10000,1711000,-1701000,-1701000
2345,智邦            ,3075272,4110000,-1034728,0,0,0,0,814000,-814000,128000,222000,128000,94000,46000,12000,34000,-1720728
2332,友訊            ,1199000,1969000,-770000,0,0,0,0,0,0,-965000,8000,108000,-100000,313000,1178000,-865000,-1735000
063439,正隆統一01購01  ,0,0,0,0,0,0,0,0,0,-1761000,0,0,0,163000,1924000,-1761000,-1761000
2474,可成            ,1140156,2894373,-1754217,0,0,0,6000,0,6000,-54000,9000,16000,-7000,36000,83000,-47000,-1802217
2887,台新金          ,27909940,7363124,20546816,0,0,0,66000,0,66000,-22440000,18000,685000,-667000,0,21773000,-21773000,-1827184
050077,臺股指凱基99購02,0,0,0,0,0,0,0,0,0,-1883000,0,0,0,100000,1983000,-1883000,-1883000
069070,欣興麥證02購01  ,0,0,0,88000,2015000,-1927000,0,0,0,-1908000,0,0,0,110000,2018000,-1908000,-1908000
068811,臺指反元大05購02,0,0,0,0,0,0,0,0,0,-1919000,0,0,0,0,1919000,-1919000,-1919000
2349,錸德            ,1457000,3485000,-2028000,0,0,0,0,0,0,0,0,0,0,0,0,0,-2028000
067384,南六統一01購03  ,0,0,0,0,0,0,0,0,0,-2041000,0,0,0,0,2041000,-2041000,-2041000
066887,聯發科中信02購01,0,0,0,0,0,0,0,0,0,-2044000,0,0,0,77000,2121000,-2044000,-2044000
064917,元大金統一02購01,0,0,0,0,0,0,0,0,0,-2054000,0,0,0,403000,2457000,-2054000,-2054000
063231,台泥元大9B購01  ,0,0,0,0,0,0,0,0,0,-2081000,0,0,0,101000,2182000,-2081000,-2081000
2323,中環            ,1559000,3323000,-1764000,0,0,0,0,0,0,-334000,87000,62000,25000,41000,400000,-359000,-2098000
068238,臺指反元大04購09,0,0,0,0,0,0,0,0,0,-2140000,0,0,0,0,2140000,-2140000,-2140000
066721,臺指反元大04購03,0,0,0,0,0,0,0,0,0,-2186000,0,0,0,5000,2191000,-2186000,-2186000
066840,臺指反元大04購05,0,0,0,0,0,0,0,0,0,-2196000,0,0,0,0,2196000,-2196000,-2196000
069297,欣興中信02購02  ,0,0,0,0,0,0,0,0,0,-2224000,0,0,0,0,2224000,-2224000,-2224000
2408,南亞科          ,3397237,6147000,-2749763,0,0,0,192000,90000,102000,423000,16000,3000,13000,434000,24000,410000,-2224763
6213,聯茂            ,351000,2096597,-1745597,0,0,0,0,489000,-489000,-46000,7000,5000,2000,2000,50000,-48000,-2280597
5469,瀚宇博          ,361000,2600000,-2239000,0,0,0,0,0,0,-44000,360000,274000,86000,72000,202000,-130000,-2283000
2633,台灣高鐵        ,674299,3073419,-2399120,0,0,0,13000,0,13000,39000,0,0,0,59000,20000,39000,-2347120
2401,凌陽            ,163000,2667000,-2504000,0,0,0,0,0,0,41000,47000,6000,41000,0,0,0,-2463000
2412,中華電          ,1157911,3669235,-2511324,0,0,0,24000,0,24000,24000,20000,0,20000,6000,2000,4000,-2463324
067687,啟碁元大01購02  ,0,0,0,0,0,0,0,0,0,-2510000,0,0,0,29000,2539000,-2510000,-2510000
3047,訊舟            ,407000,2957000,-2550000,0,0,0,0,0,0,10000,10000,0,10000,0,0,0,-2540000
2324,仁寶            ,2633066,5083000,-2449934,0,0,0,4000,0,4000,-100000,0,159000,-159000,181000,122000,59000,-2545934
3045,台灣大          ,596271,3332700,-2736429,0,0,0,10000,0,10000,165000,162000,0,162000,3000,0,3000,-2561429
2610,華航            ,6418000,9416000,-2998000,0,0,0,0,0,0,353000,58000,0,58000,365000,70000,295000,-2645000
066841,臺指反元大04購06,0,0,0,0,0,0,0,0,0,-2698000,0,0,0,0,2698000,-2698000,-2698000
3576,聯合再生        ,3770000,6564000,-2794000,0,0,0,0,0,0,50000,50000,0,50000,0,0,0,-2744000
8046,南電            ,3118000,6623000,-3505000,0,0,0,518000,30000,488000,165000,578000,325000,253000,84000,172000,-88000,-2852000
2885,元大金          ,6770814,9837810,-3066996,0,0,0,416000,0,416000,-219000,2000,545000,-543000,410000,86000,324000,-2869996
2882,國泰金          ,5505165,8144355,-2639190,0,0,0,55000,0,55000,-458000,110000,345000,-235000,109000,332000,-223000,-3042190
2618,長榮航          ,2354000,4635520,-2281520,0,0,0,2000,0,2000,-802000,21000,0,21000,7000,830000,-823000,-3081520
3711,日月光投控      ,1871700,5097910,-3226210,0,0,0,20000,97000,-77000,184000,65000,0,65000,246000,127000,119000,-3119210
2883,開發金          ,3968255,7089000,-3120745,0,0,0,86000,0,86000,-95000,0,5000,-5000,0,90000,-90000,-3129745
2892,第一金          ,4223344,7345759,-3122415,0,0,0,60000,58000,2000,-99000,0,99000,-99000,0,0,0,-3219415
069054,欣興元富05購01  ,0,0,0,0,0,0,0,0,0,-3432000,0,0,0,270000,3702000,-3432000,-3432000
2363,矽統            ,1085000,4718000,-3633000,0,0,0,0,0,0,-8000,0,8000,-8000,0,0,0,-3641000
3017,奇鋐            ,1290000,3275000,-1985000,0,0,0,0,1500000,-1500000,-288000,197000,203000,-6000,51000,333000,-282000,-3773000
2801,彰銀            ,704246,3747960,-3043714,0,0,0,41000,0,41000,-834000,0,807000,-807000,0,27000,-27000,-3836714
2449,京元電子        ,5706000,8749000,-3043000,0,0,0,0,4000,-4000,-841000,64000,24000,40000,98000,979000,-881000,-3888000
1216,統一            ,1821990,5951536,-4129546,0,0,0,29000,0,29000,-2000,18000,23000,-5000,14000,11000,3000,-4102546
00693U,街口S&P黃豆     ,1000,786000,-785000,0,0,0,0,0,0,-3327000,0,0,0,329000,3656000,-3327000,-4112000
5521,工信            ,87000,4500000,-4413000,0,0,0,0,0,0,251000,11000,60000,-49000,300000,0,300000,-4162000
2886,兆豐金          ,4261430,9164434,-4903004,0,0,0,794000,0,794000,-60000,14000,155000,-141000,81000,0,81000,-4169004
2344,華邦電          ,2190454,6957000,-4766546,0,0,0,0,0,0,427000,203000,8000,195000,311000,79000,232000,-4339546
2823,中壽            ,1812407,6890152,-5077745,0,0,0,19000,0,19000,638000,15000,17000,-2000,815000,175000,640000,-4420745
6443,元晶            ,2210000,5003000,-2793000,0,0,0,0,0,0,-1689000,0,1689000,-1689000,0,0,0,-4482000
6282,康舒            ,3263000,6953000,-3690000,0,0,0,0,0,0,-811000,40000,68000,-28000,182000,965000,-783000,-4501000
2330,台積電          ,18022621,22581499,-4558878,0,0,0,175000,93000,82000,-179000,53000,134000,-81000,290000,388000,-98000,-4655878
2356,英業達          ,2716841,5851915,-3135074,0,0,0,4000,1500000,-1496000,-134000,53000,820000,-767000,683000,50000,633000,-4765074
6005,群益證          ,1447000,7389960,-5942960,0,0,0,2000,0,2000,0,0,0,0,0,0,0,-5940960
1314,中石化          ,7741000,12590000,-4849000,0,0,0,0,0,0,-1096000,110000,753000,-643000,885000,1338000,-453000,-5945000
2891,中信金          ,9026353,15483893,-6457540,0,0,0,115000,0,115000,27000,0,13000,-13000,160000,120000,40000,-6315540
2317,鴻海            ,9540135,15375000,-5834865,0,0,0,68000,1000,67000,-1222000,135000,416000,-281000,331000,1272000,-941000,-6989865
6116,彩晶            ,2750000,10018000,-7268000,0,0,0,0,0,0,218000,440000,2000,438000,703000,923000,-220000,-7050000
2880,華南金          ,4430362,12361778,-7931416,0,0,0,58000,0,58000,19402,20000,0,20000,0,598,-598,-7854014
2881,富邦金          ,8667482,17323993,-8656511,0,0,0,45000,0,45000,-11000,70000,1000,69000,150000,230000,-80000,-8622511
2888,新光金          ,11427660,20125897,-8698237,0,0,0,75000,0,75000,-321000,394000,18000,376000,521000,1218000,-697000,-8944237
00677U,富邦VIX         ,9782000,11177000,-1395000,0,0,0,0,0,0,-7985000,3600000,0,3600000,3537000,15122000,-11585000,-9380000
2409,友達            ,10745317,18424000,-7678683,0,0,0,1200000,703000,497000,-2471000,18000,232000,-214000,74000,2331000,-2257000,-9652683
2603,長榮            ,8308000,19888506,-11580506,0,0,0,949000,0,949000,222000,2116000,1809000,307000,15000,100000,-85000,-10409506
00878,國泰永續高股息  ,210000,1000,209000,0,0,0,0,0,0,-11382400,0,0,0,1000,11383400,-11382400,-11173400
2371,大同            ,1116000,13139000,-12023000,0,0,0,0,0,0,17000,18000,1000,17000,0,0,0,-12006000
3481,群創            ,14386255,37034310,-22648055,0,0,0,0,0,0,-2531000,131000,632000,-501000,43000,2073000,-2030000,-25179055
