證券代號,證券名稱,外陸資買進股數(不含外資自營商),外陸資賣出股數(不含外資自營商),外陸資買賣超股數(不含外資自營商),外資自營商買進股數,外資自營商賣出股數,外資自營商買賣超股數,投信買進股數,投信賣出股數,投信買賣超股數,自營商買賣超股數,自營商買進股數(自行買賣),自營商賣出股數(自行買賣),自營商買賣超股數(自行買賣),自營商買進股數(避險),自營商賣出股數(避險),自營商買賣超股數(避險),三大法人買賣超股數
00852L,國泰美國道瓊正2 ,5771000,267000,5504000,0,0,0,0,0,0,7982000,0,0,0,11429000,3447000,7982000,13486000
2330,台積電          ,31250524,22409791,8840733,0,0,0,948000,15000,933000,120000,262000,333000,-71000,555000,364000,191000,9893733
3037,欣興            ,15903500,6703215,9200285,0,0,0,178000,2411000,-2233000,-41000,671000,784000,-113000,293000,221000,72000,6926285
2368,金像電          ,11893000,6037000,5856000,0,0,0,801000,0,801000,-65000,424000,594000,-170000,380000,275000,105000,6592000
5471,松翰            ,6326000,1237000,5089000,0,0,0,0,0,0,-42000,3000,45000,-42000,0,0,0,5047000
2376,技嘉            ,6552000,2749000,3803000,0,0,0,763000,5000,758000,76000,201000,127000,74000,466000,464000,2000,4637000
2881,富邦金          ,12336574,8357000,3979574,0,0,0,0,0,0,155000,156000,55000,101000,112000,58000,54000,4134574
2382,廣達            ,8912368,5015000,3897368,0,0,0,345000,0,345000,-116000,86000,112000,-26000,27000,117000,-90000,4126368
2347,聯強            ,5167993,1797000,3370993,0,0,0,542000,0,542000,-141000,8000,125000,-117000,0,24000,-24000,3771993
2377,微星            ,5526895,1034000,4492895,0,0,0,548000,1217000,-669000,-400000,60000,329000,-269000,55000,186000,-131000,3423895
2363,矽統            ,3745000,619000,3126000,0,0,0,0,0,0,7000,7000,0,7000,0,0,0,3133000
4142,國光生          ,3945000,2239000,1706000,0,0,0,1175000,0,1175000,79000,7000,0,7000,72000,0,72000,2960000
00861,元大全球未來通訊,788000,0,788000,0,0,0,0,0,0,1840000,0,0,0,2076000,236000,1840000,2628000
6278,台表科          ,3537000,1709000,1828000,0,0,0,177000,3000,174000,531000,412000,319000,93000,549000,111000,438000,2533000
2353,宏碁            ,5408141,3200000,2208141,0,0,0,0,0,0,88000,60000,32000,28000,91000,31000,60000,2296141
07836P,大成鋼元大9A售01,0,0,0,0,0,0,0,0,0,2011000,0,0,0,2073000,62000,2011000,2011000
3661,世芯-KY         ,2571000,1267100,1303900,0,0,0,122000,15000,107000,482000,472000,206000,266000,268000,52000,216000,1892900
3006,晶豪科          ,4976000,2122000,2854000,0,0,0,0,709000,-709000,-339000,138000,126000,12000,301000,652000,-351000,1806000
058055,華擎統一9A購01  ,0,0,0,0,0,0,0,0,0,1729000,0,0,0,2174000,445000,1729000,1729000
2642,宅配通          ,973000,129000,844000,0,0,0,1132000,0,1132000,-269000,10000,279000,-269000,0,0,0,1707000
2344,華邦電          ,6037783,4440100,1597683,0,0,0,0,0,0,16000,257000,218000,39000,42000,65000,-23000,1613683
2867,三商壽          ,2559000,1112000,1447000,0,0,0,0,0,0,64000,64000,0,64000,0,0,0,1511000
052153,GIS富邦96購02   ,0,0,0,0,0,0,0,0,0,1493000,0,0,0,1493000,0,1493000,1493000
058714,美律統一9B購01  ,0,0,0,0,0,0,0,0,0,1465000,0,0,0,1489000,24000,1465000,1465000
4977,眾達-KY         ,1609000,788000,821000,0,0,0,640000,54000,586000,7000,8000,1000,7000,0,0,0,1414000
1309,台達化          ,1729000,456000,1273000,0,0,0,0,0,0,70000,70000,0,70000,0,0,0,1343000
9921,巨大            ,2348171,879000,1469171,0,0,0,30000,203000,-173000,35000,3000,0,3000,32000,0,32000,1331171
6271,同欣電          ,1166000,1157000,9000,0,0,0,882000,0,882000,431000,448000,115000,333000,153000,55000,98000,1322000
8926,台汽電          ,1711000,465000,1246000,0,0,0,0,0,0,65000,73000,3000,70000,28000,33000,-5000,1311000
00631L,元大台灣50正2   ,877000,396000,481000,0,0,0,0,0,0,826000,0,0,0,3703000,2877000,826000,1307000
1210,大成            ,1381000,314000,1067000,0,0,0,380000,0,380000,-140000,43000,183000,-140000,0,0,0,1307000
00670L,富邦NASDAQ正2   ,571000,42000,529000,0,0,0,0,0,0,745000,0,434000,-434000,1215000,36000,1179000,1274000
060831,T50反1國票9B購03,0,0,0,0,0,0,0,0,0,1262000,0,0,0,1523000,261000,1262000,1262000
8081,致新            ,1564000,433000,1131000,0,0,0,0,0,0,107000,39000,5000,34000,75000,2000,73000,1238000
061586,智邦富邦9A購02  ,0,0,0,0,0,0,0,0,0,1234000,0,0,0,1297000,63000,1234000,1234000
1477,聚陽            ,1504000,330000,1174000,0,0,0,0,0,0,56000,28000,10000,18000,39000,1000,38000,1230000
051948,滬深2X元富9B購01,0,0,0,0,0,0,0,0,0,1222000,0,0,0,1222000,0,1222000,1222000
0056,元大高股息      ,73000,60000,13000,0,0,0,0,0,0,1132000,15000,0,15000,2945000,1828000,1117000,1145000
2356,英業達          ,4518181,3326000,1192181,0,0,0,0,30000,-30000,-81000,31000,51000,-20000,7000,68000,-61000,1081181
3437,榮創            ,1324000,245000,1079000,0,0,0,0,0,0,-1000,0,1000,-1000,0,0,0,1078000
00712,FH富時不動產    ,1061000,1000,1060000,0,0,0,0,0,0,-2000,0,0,0,364000,366000,-2000,1058000
2504,國產            ,1346000,622000,724000,0,0,0,0,150000,-150000,468000,400000,60000,340000,204000,76000,128000,1042000
00830,國泰費城半導體  ,1732000,10000,1722000,0,0,0,0,0,0,-681000,0,876000,-876000,851000,656000,195000,1041000
6257,矽格            ,1267000,378000,889000,0,0,0,400000,0,400000,-248000,45000,230000,-185000,9000,72000,-63000,1041000
1722,台肥            ,1344000,334000,1010000,0,0,0,124000,0,124000,-104000,0,76000,-76000,3000,31000,-28000,1030000
057380,技嘉國泰9A購01  ,0,0,0,0,0,0,0,0,0,1028000,0,0,0,1083000,55000,1028000,1028000
061774,T50反1國票9B購06,0,0,0,0,0,0,0,0,0,1023000,0,0,0,1049000,26000,1023000,1023000
059961,T50反1凱基99購09,0,0,0,0,0,0,0,0,0,1021000,0,0,0,1108000,87000,1021000,1021000
0050,元大台灣50      ,55095,408000,-352905,0,0,0,0,0,0,1369000,358000,90000,268000,2369000,1268000,1101000,1016095
3090,日電貿          ,1123000,175780,947220,0,0,0,0,0,0,68000,10000,0,10000,78000,20000,58000,1015220
053738,群創麥證96購01  ,0,0,0,1012000,0,1012000,0,0,0,1012000,0,0,0,1012000,0,1012000,1012000
1904,正隆            ,813000,467000,346000,0,0,0,500000,0,500000,162000,0,33000,-33000,228000,33000,195000,1008000
055653,聯詠元富01購02  ,0,0,0,0,0,0,0,0,0,992000,0,0,0,1014000,22000,992000,992000
050934,喬山國票96購01  ,0,0,0,0,0,0,0,0,0,989000,0,0,0,989000,0,989000,989000
2448,晶電            ,8641000,6267484,2373516,0,0,0,554000,2010000,-1456000,67000,219000,197000,22000,89000,44000,45000,984516
2492,華新科          ,2492919,1322000,1170919,0,0,0,0,311000,-311000,103000,67000,98000,-31000,310000,176000,134000,962919
2417,圓剛            ,975000,29000,946000,0,0,0,0,0,0,0,0,0,0,0,0,0,946000
061118,GIS富邦9A購01   ,0,0,0,0,0,0,0,0,0,944000,0,0,0,1177000,233000,944000,944000
059646,聯茂凱基99購06  ,0,0,0,0,0,0,0,0,0,940000,0,0,0,1051000,111000,940000,940000
3231,緯創            ,8244214,7430292,813922,0,0,0,141000,0,141000,-18000,42000,30000,12000,34000,64000,-30000,936922
049024,玉晶光群益97購01,0,0,0,0,0,0,0,0,0,911000,0,0,0,991000,80000,911000,911000
054427,潤泰全富邦97購01,0,0,0,0,0,0,0,0,0,910000,0,0,0,910000,0,910000,910000
2474,可成            ,2407716,1838842,568874,0,0,0,483000,138000,345000,-34000,7000,38000,-31000,41000,44000,-3000,879874
060829,T50反1國票9A購06,0,0,0,0,0,0,0,0,0,868000,0,0,0,889000,21000,868000,868000
062114,GIS國票9C購01   ,0,0,0,0,0,0,0,0,0,868000,0,0,0,930000,62000,868000,868000
056420,台表科元富98購01,0,0,0,0,0,0,0,0,0,867000,0,0,0,1856000,989000,867000,867000
058896,中環元大99購03  ,0,0,0,0,0,0,0,0,0,861000,0,0,0,1146000,285000,861000,861000
055254,聯詠統一97購03  ,0,0,0,0,0,0,0,0,0,858000,0,0,0,900000,42000,858000,858000
055652,聯詠元富01購01  ,0,0,0,0,0,0,0,0,0,855000,0,0,0,923000,68000,855000,855000
8210,勤誠            ,857000,557000,300000,0,0,0,489000,0,489000,62000,80000,72000,8000,73000,19000,54000,851000
055902,同欣電中信99購01,0,0,0,0,0,0,0,0,0,840000,0,0,0,1444000,604000,840000,840000
1720,生達            ,888000,192000,696000,0,0,0,0,0,0,130000,130000,0,130000,0,0,0,826000
2478,大毅            ,2324000,1645000,679000,0,0,0,0,0,0,135000,37000,43000,-6000,305000,164000,141000,814000
061423,廣達元大9A購01  ,0,0,0,0,0,0,0,0,0,779000,0,0,0,1092000,313000,779000,779000
055397,超眾統一97購02  ,0,0,0,0,0,0,0,0,0,779000,0,0,0,880000,101000,779000,779000
3481,群創            ,14522642,13276000,1246642,0,0,0,0,0,0,-469000,302000,84000,218000,0,687000,-687000,777642
052918,智易富邦97購02  ,0,0,0,0,0,0,0,0,0,765000,0,0,0,815000,50000,765000,765000
060704,台積電富邦01購01,0,0,0,0,0,0,0,0,0,749000,0,0,0,1006000,257000,749000,749000
061536,華擎統一9C購02  ,0,0,0,0,0,0,0,0,0,746000,0,0,0,923000,177000,746000,746000
2393,億光            ,1474000,585716,888284,0,0,0,0,50000,-50000,-101000,2000,58000,-56000,15000,60000,-45000,737284
07852P,臺股指國票9A售13,0,0,0,0,0,0,0,0,0,735000,0,0,0,753000,18000,735000,735000
6706,惠特            ,437000,82000,355000,0,0,0,284000,0,284000,93000,140000,47000,93000,0,0,0,732000
060862,美律永豐9A購01  ,0,0,0,0,0,0,0,0,0,729000,0,0,0,729000,0,729000,729000
00634R,富邦上証反1     ,0,17000,-17000,0,0,0,0,0,0,734000,0,0,0,740000,6000,734000,717000
060702,玉晶光國泰9C購02,0,0,0,0,0,0,0,0,0,712000,0,0,0,908000,196000,712000,712000
060556,緯穎凱基9A購04  ,0,0,0,0,0,0,0,0,0,703000,0,0,0,848000,145000,703000,703000
052091,緯創元大95購04  ,0,0,0,0,0,0,0,0,0,700000,0,0,0,700000,0,700000,700000
4958,臻鼎-KY         ,2241220,1513030,728190,0,0,0,396000,334000,62000,-110000,36000,130000,-94000,11000,27000,-16000,680190
060023,T50反1國泰9A購03,0,0,0,0,0,0,0,0,0,677000,0,0,0,710000,33000,677000,677000
057206,立積元富98購01  ,0,0,0,0,0,0,0,0,0,675000,0,0,0,730000,55000,675000,675000
057258,中環兆豐98購01  ,0,0,0,0,0,0,0,0,0,668000,0,0,0,690000,22000,668000,668000
060388,世紀鋼凱基9B購01,0,0,0,0,0,0,0,0,0,666000,0,0,0,716000,50000,666000,666000
8150,南茂            ,2741000,1785000,956000,0,0,0,0,237457,-237457,-59000,42000,40000,2000,25000,86000,-61000,659543
060197,臻鼎元富9A購02  ,0,0,0,0,0,0,0,0,0,657000,0,0,0,967000,310000,657000,657000
059680,台積電國泰9A購03,0,0,0,0,0,0,0,0,0,656000,0,0,0,1184000,528000,656000,656000
060383,葡萄王凱基9A購01,0,0,0,0,0,0,0,0,0,654000,0,0,0,659000,5000,654000,654000
059480,美律群益9A購01  ,0,0,0,0,0,0,0,0,0,639000,0,0,0,820000,181000,639000,639000
058677,矽格群益99購01  ,0,0,0,0,0,0,0,0,0,638000,0,0,0,732000,94000,638000,638000
060959,金像電凱基9A購01,0,0,0,0,0,0,0,0,0,637000,0,0,0,945000,308000,637000,637000
059396,T50反1元富99購04,0,0,0,0,0,0,0,0,0,636000,0,0,0,680000,44000,636000,636000
062533,嘉澤統一9C購01  ,0,0,0,0,0,0,0,0,0,635000,0,0,0,749000,114000,635000,635000
060743,鴻海國票9A購03  ,0,0,0,0,0,0,0,0,0,634000,0,0,0,694000,60000,634000,634000
060327,美律群益9A購02  ,0,0,0,0,0,0,0,0,0,623000,0,0,0,654000,31000,623000,623000
1218,泰山            ,690000,68000,622000,0,0,0,0,0,0,0,0,0,0,0,0,0,622000
057389,玉晶光永豐98購06,0,0,0,0,0,0,0,0,0,620000,0,0,0,620000,0,620000,620000
060581,玉晶光群益9B購02,0,0,0,0,0,0,0,0,0,610000,0,0,0,620000,10000,610000,610000
059676,台積電台新99購05,0,0,0,0,0,0,0,0,0,600000,0,0,0,600000,0,600000,600000
07608P,台灣50國票9C售03,0,0,0,0,0,0,0,0,0,599000,0,0,0,700000,101000,599000,599000
061263,微星凱基9A購01  ,0,0,0,0,0,0,0,0,0,597000,0,0,0,880000,283000,597000,597000
00850,元大臺灣ESG永續 ,0,0,0,0,0,0,0,0,0,594000,0,0,0,874000,280000,594000,594000
061392,泰鼎群益9A購02  ,0,0,0,0,0,0,0,0,0,588000,0,0,0,620000,32000,588000,588000
3698,隆達            ,1081000,510000,571000,0,0,0,0,0,0,14000,50000,36000,14000,0,0,0,585000
00636,國泰中國A50     ,48000,5000,43000,0,0,0,0,0,0,527000,50000,0,50000,706000,229000,477000,570000
4119,旭富            ,910000,348000,562000,0,0,0,0,0,0,4000,0,2000,-2000,65000,59000,6000,566000
060857,旭富富邦9B購01  ,0,0,0,0,0,0,0,0,0,565000,0,0,0,781000,216000,565000,565000
057721,華擎元富98購02  ,0,0,0,0,0,0,0,0,0,563000,0,0,0,879000,316000,563000,563000
1229,聯華            ,1189000,626000,563000,0,0,0,0,0,0,0,0,0,0,0,0,0,563000
1598,岱宇            ,677000,118000,559000,0,0,0,0,0,0,4000,4000,0,4000,0,0,0,563000
057909,台光電兆豐98購01,0,0,0,0,0,0,0,0,0,562000,0,0,0,614000,52000,562000,562000
060337,FBVIX統一9A購01 ,0,0,0,0,0,0,0,0,0,560000,0,0,0,700000,140000,560000,560000
059524,FBVIX凱基9A購02 ,0,0,0,0,0,0,0,0,0,550000,0,0,0,625000,75000,550000,550000
2204,中華            ,1003000,445520,557480,0,0,0,0,0,0,-10000,0,10000,-10000,0,0,0,547480
00647L,元大S&P500正2   ,13000,42000,-29000,0,0,0,0,0,0,566000,0,0,0,1050000,484000,566000,537000
057609,友訊元富98購01  ,0,0,0,0,0,0,0,0,0,534000,0,0,0,662000,128000,534000,534000
061948,美食群益9B購01  ,0,0,0,0,0,0,0,0,0,533000,0,0,0,638000,105000,533000,533000
059286,S&P正2元富01購03,0,0,0,0,0,0,0,0,0,532000,0,0,0,533000,1000,532000,532000
060392,華擎群益9C購02  ,0,0,0,0,0,0,0,0,0,532000,0,0,0,640000,108000,532000,532000
00738U,元大道瓊白銀    ,0,3000,-3000,0,0,0,0,0,0,533000,0,0,0,2229000,1696000,533000,530000
2102,泰豐            ,721000,211000,510000,0,0,0,0,0,0,6000,6000,0,6000,0,0,0,516000
053850,嘉澤元富96購03  ,0,0,0,0,0,0,0,0,0,511000,0,0,0,529000,18000,511000,511000
058670,鴻海群益9A購03  ,0,0,0,0,0,0,0,0,0,505000,0,0,0,694000,189000,505000,505000
052328,台表科中信99購01,0,0,0,0,0,0,0,0,0,504000,0,0,0,1063000,559000,504000,504000
055377,揚明光元大98購01,0,0,0,0,0,0,0,0,0,502000,0,0,0,502000,0,502000,502000
053184,世紀鋼元富96購01,0,0,0,0,0,0,0,0,0,500000,0,0,0,500000,0,500000,500000
060284,南港元大01購01  ,0,0,0,0,0,0,0,0,0,500000,0,0,0,500000,0,500000,500000
07525P,臺股指中信9B售07,0,0,0,0,0,0,0,0,0,500000,0,0,0,500000,0,500000,500000
055972,GIS元大97購04   ,0,0,0,0,0,0,0,0,0,499000,0,0,0,499000,0,499000,499000
057383,玉晶光富邦9A購01,0,0,0,0,0,0,0,0,0,499000,0,0,0,499000,0,499000,499000
059815,SP黃豆凱基9A購03,0,0,0,0,0,0,0,0,0,499000,0,0,0,499000,0,499000,499000
054821,貿聯元大9A購01  ,0,0,0,0,0,0,0,0,0,498000,0,0,0,499000,1000,498000,498000
3413,京鼎            ,1034000,841000,193000,0,0,0,346000,77000,269000,32000,47000,13000,34000,34000,36000,-2000,494000
06180P,禾伸堂群益97售01,0,0,0,0,0,0,0,0,0,489000,0,0,0,530000,41000,489000,489000
057071,華擎永豐98購02  ,0,0,0,0,0,0,0,0,0,489000,0,0,0,607000,118000,489000,489000
057567,嘉聯益富邦9A購01,0,0,0,0,0,0,0,0,0,488000,0,0,0,611000,123000,488000,488000
055730,建準元富97購02  ,0,0,0,0,0,0,0,0,0,487000,0,0,0,497000,10000,487000,487000
044201,群創國票95購01  ,0,0,0,0,0,0,0,0,0,480000,0,0,0,480000,0,480000,480000
055804,祥碩永豐97購02  ,0,0,0,0,0,0,0,0,0,475000,0,0,0,750000,275000,475000,475000
059796,台積電國票99購10,0,0,0,0,0,0,0,0,0,475000,0,0,0,475000,0,475000,475000
058082,美律群益98購05  ,0,0,0,0,0,0,0,0,0,475000,0,0,0,475000,0,475000,475000
053782,京元電元大98購02,0,0,0,0,0,0,0,0,0,471000,0,0,0,518000,47000,471000,471000
061510,嘉澤富邦9C購01  ,0,0,0,0,0,0,0,0,0,469000,0,0,0,486000,17000,469000,469000
060578,臺股指中信9C購03,0,0,0,0,0,0,0,0,0,469000,0,0,0,484000,15000,469000,469000
060988,華新科元大9A購12,0,0,0,0,0,0,0,0,0,465000,0,0,0,495000,30000,465000,465000
00643,群益深証中小    ,318000,25000,293000,0,0,0,0,0,0,166000,0,10000,-10000,265000,89000,176000,459000
053672,嘉澤元富96購02  ,0,0,0,0,0,0,0,0,0,458000,0,0,0,466000,8000,458000,458000
1215,卜蜂            ,919000,356000,563000,0,0,0,0,0,0,-107000,5000,103000,-98000,11000,20000,-9000,456000
050792,可成富邦96購01  ,0,0,0,0,0,0,0,0,0,455000,0,0,0,455000,0,455000,455000
062462,GIS群益9B購01   ,0,0,0,0,0,0,0,0,0,454000,0,0,0,553000,99000,454000,454000
055373,聯詠元大97購03  ,0,0,0,0,0,0,0,0,0,454000,0,0,0,454000,0,454000,454000
058243,華擎元大99購01  ,0,0,0,0,0,0,0,0,0,453000,0,0,0,872000,419000,453000,453000
05538P,玉晶光國票97售02,0,0,0,0,0,0,0,0,0,452000,0,0,0,735000,283000,452000,452000
057106,美律群益98購03  ,0,0,0,0,0,0,0,0,0,452000,0,0,0,500000,48000,452000,452000
061708,同欣電國票9A購02,0,15000,-15000,0,0,0,0,0,0,466000,0,0,0,671000,205000,466000,451000
054569,GIS群益98購01   ,0,0,0,0,0,0,0,0,0,449000,0,0,0,499000,50000,449000,449000
061869,智邦元大9B購01  ,0,0,0,0,0,0,0,0,0,444000,0,0,0,660000,216000,444000,444000
060384,葡萄王凱基9B購01,0,0,0,0,0,0,0,0,0,443000,0,0,0,543000,100000,443000,443000
060046,S&P反1凱基99購02,0,0,0,0,0,0,0,0,0,440000,0,0,0,480000,40000,440000,440000
3189,景碩            ,1932000,958000,974000,0,0,0,40000,452000,-412000,-122000,42000,150000,-108000,14000,28000,-14000,440000
057835,華擎元富9B購01  ,0,0,0,0,0,0,0,0,0,436000,0,0,0,534000,98000,436000,436000
061180,華擎凱基9B購01  ,0,0,0,0,0,0,0,0,0,434000,0,0,0,439000,5000,434000,434000
061634,遠東新元大9A購01,0,0,0,0,0,0,0,0,0,433000,0,0,0,492000,59000,433000,433000
061720,智邦國泰9C購01  ,0,15000,-15000,0,0,0,0,0,0,445000,0,0,0,705000,260000,445000,430000
061354,瑞儀元大9A購01  ,0,0,0,0,0,0,0,0,0,430000,0,0,0,430000,0,430000,430000
060445,S&P反1元大9A購04,0,0,0,0,0,0,0,0,0,430000,0,0,0,450000,20000,430000,430000
2108,南帝            ,944000,491000,453000,0,0,0,0,0,0,-24000,3000,27000,-24000,0,0,0,429000
056177,嘉澤元富97購01  ,0,0,0,0,0,0,0,0,0,428000,0,0,0,483000,55000,428000,428000
054932,台肥元大97購01  ,0,0,0,0,0,0,0,0,0,426000,0,0,0,519000,93000,426000,426000
057616,聯電凱基99購01  ,0,0,0,0,0,0,0,0,0,424000,0,0,0,585000,161000,424000,424000
061090,奇力新統一9C購01,0,0,0,0,0,0,0,0,0,423000,0,0,0,428000,5000,423000,423000
047564,滬深2X國票99購01,0,0,0,0,0,0,0,0,0,422000,0,0,0,1673000,1251000,422000,422000
4915,致伸            ,944000,505000,439000,0,0,0,0,4000,-4000,-13000,1000,17000,-16000,11000,8000,3000,422000
047410,上銀元富96購01  ,0,0,0,0,0,0,0,0,0,420000,0,0,0,425000,5000,420000,420000
055124,建準兆豐97購01  ,0,0,0,0,0,0,0,0,0,420000,0,0,0,442000,22000,420000,420000
052945,嘉晶國票97購01  ,0,0,0,0,0,0,0,0,0,418000,0,0,0,654000,236000,418000,418000
07683P,宏達電凱基9A售03,0,0,0,0,0,0,0,0,0,416000,0,0,0,416000,0,416000,416000
061283,智邦統一9A購01  ,0,0,0,0,0,0,0,0,0,415000,0,0,0,1262000,847000,415000,415000
054994,建準元富97購01  ,0,0,0,0,0,0,0,0,0,414000,0,0,0,514000,100000,414000,414000
057912,美律日盛99購01  ,0,0,0,0,0,0,0,0,0,413000,0,0,0,470000,57000,413000,413000
9938,百和            ,729000,295000,434000,0,0,0,0,46000,-46000,24000,18000,1000,17000,16000,9000,7000,412000
06594P,立積元大98售01  ,0,0,0,0,0,0,0,0,0,408000,0,0,0,481000,73000,408000,408000
07478P,南電康和9A售02  ,0,0,0,0,0,0,0,0,0,404000,0,0,0,1887000,1483000,404000,404000
2426,鼎元            ,623000,232000,391000,0,0,0,0,0,0,13000,13000,0,13000,0,0,0,404000
055203,建準中信97購01  ,0,0,0,0,0,0,0,0,0,401000,0,0,0,452000,51000,401000,401000
051730,為升國票96購02  ,0,0,0,0,0,0,0,0,0,400000,0,0,0,400000,0,400000,400000
059945,嘉澤永豐99購03  ,0,0,0,0,0,0,0,0,0,399000,0,0,0,427000,28000,399000,399000
3557,嘉威            ,562000,166000,396000,0,0,0,0,0,0,2000,2000,0,2000,0,0,0,398000
07800P,華新科國泰9B售04,0,0,0,0,0,0,0,0,0,398000,0,0,0,399000,1000,398000,398000
2314,台揚            ,758000,371000,387000,0,0,0,0,0,0,10000,10000,0,10000,0,0,0,397000
061021,聯電國泰9B購01  ,0,0,0,0,0,0,0,0,0,396000,0,0,0,449000,53000,396000,396000
060423,智易永豐9A購01  ,0,0,0,0,0,0,0,0,0,396000,0,0,0,400000,4000,396000,396000
1590,亞德客-KY       ,906069,499750,406319,0,0,0,0,5000,-5000,-6000,10000,25000,-15000,22000,13000,9000,395319
061413,台勝科群益9A購01,0,0,0,0,0,0,0,0,0,395000,0,0,0,438000,43000,395000,395000
8046,南電            ,1846000,1046000,800000,0,0,0,0,295000,-295000,-110000,96000,178000,-82000,25000,53000,-28000,395000
057820,華擎元大98購02  ,0,0,0,0,0,0,0,0,0,393000,0,0,0,444000,51000,393000,393000
07877P,晶技永豐9B售01  ,0,0,0,0,0,0,0,0,0,393000,0,0,0,412000,19000,393000,393000
062085,同欣電元大9B購01,0,0,0,0,0,0,0,0,0,392000,0,0,0,571000,179000,392000,392000
058725,美律富邦9A購01  ,0,0,0,0,0,0,0,0,0,392000,0,0,0,426000,34000,392000,392000
5269,祥碩            ,580000,237000,343000,0,0,0,58000,13000,45000,4000,38000,36000,2000,31000,29000,2000,392000
060888,金像電統一9C購01,0,0,0,0,0,0,0,0,0,391000,0,0,0,623000,232000,391000,391000
062225,華擎統一01購01  ,0,0,0,0,0,0,0,0,0,390000,0,0,0,610000,220000,390000,390000
058093,神達元大9A購01  ,0,0,0,0,0,0,0,0,0,390000,0,0,0,650000,260000,390000,390000
00875,國泰網路資安    ,0,240000,-240000,0,0,0,0,0,0,628000,0,0,0,935000,307000,628000,388000
3014,聯陽            ,1418000,1001298,416702,0,0,0,0,0,0,-30000,4000,0,4000,63000,97000,-34000,386702
061179,華擎凱基9A購01  ,0,0,0,0,0,0,0,0,0,385000,0,0,0,503000,118000,385000,385000
056023,晶豪科群益97購01,0,0,0,0,0,0,0,0,0,385000,0,0,0,411000,26000,385000,385000
061372,世紀鋼國泰9C購01,0,0,0,0,0,0,0,0,0,382000,0,0,0,693000,311000,382000,382000
054936,鴻海元大97購10  ,0,0,0,0,0,0,0,0,0,381000,0,0,0,401000,20000,381000,381000
053255,貿聯國泰97購01  ,0,0,0,0,0,0,0,0,0,381000,0,0,0,381000,0,381000,381000
5305,敦南            ,495000,122000,373000,0,0,0,0,0,0,7000,7000,0,7000,0,0,0,380000
059618,台積電日盛99購01,0,0,0,0,0,0,0,0,0,379000,0,0,0,496000,117000,379000,379000
07782P,寶成凱基9A售02  ,0,0,0,0,0,0,0,0,0,379000,0,0,0,679000,300000,379000,379000
056335,微星凱基98購01  ,0,0,0,0,0,0,0,0,0,377000,0,0,0,377000,0,377000,377000
3708,上緯投控        ,328000,151000,177000,0,0,0,150000,0,150000,50000,1000,0,1000,49000,0,49000,377000
06082P,華通統一98售01  ,0,0,0,0,0,0,0,0,0,375000,0,0,0,375000,0,375000,375000
3017,奇鋐            ,2884000,859000,2025000,0,0,0,0,878000,-878000,-773000,1000,791000,-790000,55000,38000,17000,374000
3653,健策            ,563000,168000,395000,0,0,0,9000,116000,-107000,85000,31000,31000,0,146000,61000,85000,373000
8271,宇瞻            ,665000,289000,376000,0,0,0,0,0,0,-4000,0,4000,-4000,0,0,0,372000
07146P,瑞昱元大99售02  ,0,0,0,0,0,0,0,0,0,370000,0,0,0,380000,10000,370000,370000
055131,茂林康和97購01  ,0,0,0,0,0,0,0,0,0,370000,0,0,0,570000,200000,370000,370000
060363,美律元富9A購01  ,0,0,0,0,0,0,0,0,0,369000,0,0,0,472000,103000,369000,369000
060302,台積電富邦02購01,0,0,0,0,0,0,0,0,0,369000,0,0,0,440000,71000,369000,369000
054455,楠梓電群益98購02,0,0,0,0,0,0,0,0,0,364000,0,0,0,364000,0,364000,364000
060920,超眾富邦9B購01  ,0,0,0,0,0,0,0,0,0,360000,0,0,0,711000,351000,360000,360000
053919,可成國票97購02  ,0,0,0,0,0,0,0,0,0,360000,0,0,0,361000,1000,360000,360000
060226,道瓊反元大9A購01,0,0,0,0,0,0,0,0,0,360000,0,0,0,484000,124000,360000,360000
061071,復盛凱基9A購01  ,0,0,0,0,0,0,0,0,0,359000,0,0,0,716000,357000,359000,359000
053159,同欣電元大96購02,0,0,0,0,0,0,0,0,0,358000,0,0,0,398000,40000,358000,358000
056151,建準凱基97購01  ,0,0,0,0,0,0,0,0,0,355000,0,0,0,475000,120000,355000,355000
06560P,台積電統一98售07,0,0,0,0,0,0,0,0,0,354000,0,0,0,400000,46000,354000,354000
06525P,上証2X國泰99售01,0,0,0,0,0,0,0,0,0,353000,0,0,0,361000,8000,353000,353000
057857,牧德國票99購01  ,0,0,0,0,0,0,0,0,0,353000,0,0,0,434000,81000,353000,353000
055206,台虹中信97購01  ,0,0,0,0,0,0,0,0,0,350000,0,0,0,600000,250000,350000,350000
059924,世紀鋼元大99購06,0,0,0,0,0,0,0,0,0,350000,0,0,0,350000,0,350000,350000
058294,華新科凱基9A購01,0,0,0,0,0,0,0,0,0,350000,0,0,0,350000,0,350000,350000
056537,冠德凱基98購01  ,0,0,0,0,0,0,0,0,0,348000,0,0,0,352000,4000,348000,348000
057548,微星凱基99購01  ,0,0,0,0,0,0,0,0,0,348000,0,0,0,401000,53000,348000,348000
057082,玉晶光統一9A購04,0,0,0,0,0,0,0,0,0,347000,0,0,0,357000,10000,347000,347000
058686,祥碩凱基99購03  ,0,0,0,0,0,0,0,0,0,347000,0,0,0,870000,523000,347000,347000
2342,茂矽            ,1351000,1004000,347000,0,0,0,0,0,0,0,0,0,0,0,0,0,347000
07886P,國巨國票9B售06  ,0,0,0,0,0,0,0,0,0,347000,0,0,0,378000,31000,347000,347000
060566,聯詠富邦9C購01  ,0,0,0,0,0,0,0,0,0,346000,0,0,0,356000,10000,346000,346000
3026,禾伸堂          ,596000,372000,224000,0,0,0,40000,0,40000,81000,51000,72000,-21000,157000,55000,102000,345000
8341,日友            ,375000,66000,309000,0,0,0,37000,0,37000,-1000,0,1000,-1000,0,0,0,345000
2106,建大            ,504000,655000,-151000,0,0,0,493000,0,493000,0,0,0,0,0,0,0,342000
060701,玉晶光國泰9C購01,0,0,0,0,0,0,0,0,0,340000,0,0,0,448000,108000,340000,340000
5215,科嘉-KY         ,321000,299000,22000,0,0,0,674000,355000,319000,-2000,1000,3000,-2000,0,0,0,339000
2887,台新金          ,4071187,3836428,234759,0,0,0,0,0,0,102000,35000,5000,30000,72000,0,72000,336759
07406P,大立光凱基99售18,0,0,0,0,0,0,0,0,0,334000,0,0,0,339000,5000,334000,334000
053118,大立光中信9C購01,0,0,0,0,0,0,0,0,0,333000,0,0,0,463000,130000,333000,333000
062110,華擎國票9B購01  ,0,0,0,0,0,0,0,0,0,332000,0,0,0,532000,200000,332000,332000
060493,美律元富01購01  ,0,0,0,0,0,0,0,0,0,330000,0,0,0,427000,97000,330000,330000
058766,力山兆豐99購01  ,0,0,0,0,0,0,0,0,0,329000,0,0,0,451000,122000,329000,329000
061433,華通麥證9A購03  ,0,0,0,333000,5000,328000,0,0,0,328000,0,0,0,333000,5000,328000,328000
060764,華擎元大9A購03  ,0,0,0,0,0,0,0,0,0,327000,0,0,0,567000,240000,327000,327000
06270P,致伸凱基97售03  ,0,0,0,0,0,0,0,0,0,326000,0,0,0,326000,0,326000,326000
059239,台積電凱基99購12,0,0,0,0,0,0,0,0,0,326000,0,0,0,348000,22000,326000,326000
057651,矽力元大98購03  ,0,0,0,0,0,0,0,0,0,325000,0,0,0,340000,15000,325000,325000
056999,元油2X國票98購02,0,0,0,0,0,0,0,0,0,325000,0,0,0,325000,0,325000,325000
056738,國巨凱基9A購02  ,0,0,0,0,0,0,0,0,0,324000,0,0,0,395000,71000,324000,324000
07210P,智邦凱基99售03  ,0,0,0,0,0,0,0,0,0,319000,0,0,0,319000,0,319000,319000
060283,台肥元大9C購01  ,0,0,0,0,0,0,0,0,0,319000,0,0,0,374000,55000,319000,319000
055021,亞德客國泰98購01,0,0,0,0,0,0,0,0,0,318000,0,0,0,318000,0,318000,318000
056058,建準元大97購02  ,0,0,0,0,0,0,0,0,0,318000,0,0,0,442000,124000,318000,318000
3034,聯詠            ,791407,765000,26407,0,0,0,367000,0,367000,-76000,12000,29000,-17000,25000,84000,-59000,317407
020016,統一MSCI美科技N ,0,0,0,0,0,0,0,0,0,315000,0,0,0,330000,15000,315000,315000
00641R,富邦日本反1     ,0,1000,-1000,0,0,0,0,0,0,316000,0,0,0,459000,143000,316000,315000
056178,嘉澤元富97購02  ,0,0,0,0,0,0,0,0,0,313000,0,0,0,359000,46000,313000,313000
054214,京鼎國票97購02  ,0,0,0,0,0,0,0,0,0,312000,0,0,0,351000,39000,312000,312000
054149,達方元大96購01  ,0,0,0,0,0,0,0,0,0,311000,0,0,0,311000,0,311000,311000
061953,台積電台新9B購04,0,0,0,0,0,0,0,0,0,310000,0,0,0,530000,220000,310000,310000
07605P,台灣50元大9B售10,0,0,0,0,0,0,0,0,0,310000,0,0,0,310000,0,310000,310000
059630,美律凱基99購07  ,0,0,0,0,0,0,0,0,0,307000,0,0,0,307000,0,307000,307000
07086P,力成元富9C售01  ,0,0,0,0,0,0,0,0,0,306000,0,0,0,572000,266000,306000,306000
054540,泰鼎國票99購01  ,0,0,0,0,0,0,0,0,0,305000,0,0,0,347000,42000,305000,305000
07128P,大毅元大99售04  ,0,0,0,0,0,0,0,0,0,304000,0,0,0,320000,16000,304000,304000
057061,華擎國泰9A購01  ,0,0,0,0,0,0,0,0,0,304000,0,0,0,324000,20000,304000,304000
6112,聚碩            ,423000,64000,359000,0,0,0,0,0,0,-56000,6000,62000,-56000,0,0,0,303000
060657,旺宏統一9B購05  ,0,0,0,0,0,0,0,0,0,300000,0,0,0,300000,0,300000,300000
061306,瑞祺永豐9A購02  ,0,0,0,0,0,0,0,0,0,300000,0,0,0,300000,0,300000,300000
054646,華新科群益97購03,0,0,0,0,0,0,0,0,0,300000,0,0,0,300000,0,300000,300000
053959,晶豪科永豐96購02,0,0,0,0,0,0,0,0,0,300000,0,0,0,300000,0,300000,300000
055433,嘉聯益群益99購01,0,0,0,0,0,0,0,0,0,300000,0,0,0,300000,0,300000,300000
051155,聯發科國泰96購01,0,0,0,0,0,0,0,0,0,300000,0,0,0,300000,0,300000,300000
07845P,南亞科元大9A售08,0,0,0,0,0,0,0,0,0,300000,0,0,0,401000,101000,300000,300000
06073P,健策永豐97售01  ,0,0,0,0,0,0,0,0,0,299000,0,0,0,302000,3000,299000,299000
07405P,大立光凱基99售17,0,0,0,0,0,0,0,0,0,299000,0,0,0,299000,0,299000,299000
054088,華新群益98購02  ,0,0,0,0,0,0,0,0,0,299000,0,0,0,299000,0,299000,299000
07342P,大立光凱基99售14,0,0,0,0,0,0,0,0,0,296000,0,0,0,326000,30000,296000,296000
053331,玉晶光永豐97購02,0,0,0,0,0,0,0,0,0,294000,0,0,0,454000,160000,294000,294000
053079,世紀鋼永豐96購01,0,0,0,0,0,0,0,0,0,293000,0,0,0,320000,27000,293000,293000
07649P,金像電永豐9A售02,0,0,0,0,0,0,0,0,0,293000,0,0,0,621000,328000,293000,293000
6505,台塑化          ,2977310,2733162,244148,0,0,0,0,0,0,48000,48000,0,48000,0,0,0,292148
060642,華擎永豐9A購02  ,0,0,0,0,0,0,0,0,0,292000,0,0,0,296000,4000,292000,292000
053028,康控富邦98購01  ,0,0,0,0,0,0,0,0,0,290000,0,0,0,290000,0,290000,290000
053858,台達電元大96購05,0,0,0,0,0,0,0,0,0,290000,0,0,0,290000,0,290000,290000
07837P,華邦電元大9A售01,0,0,0,0,0,0,0,0,0,289000,0,0,0,371000,82000,289000,289000
053677,同欣電國泰97購01,0,0,0,0,0,0,0,0,0,285000,0,0,0,285000,0,285000,285000
057527,億光元大98購01  ,0,0,0,0,0,0,0,0,0,284000,0,0,0,284000,0,284000,284000
061800,泰鼎永豐9B購01  ,0,0,0,0,0,0,0,0,0,282000,0,0,0,345000,63000,282000,282000
058910,泰鼎元大99購03  ,0,0,0,0,0,0,0,0,0,282000,0,0,0,331000,49000,282000,282000
2338,光罩            ,1671000,1356000,315000,0,0,0,0,0,0,-33000,1000,0,1000,125000,159000,-34000,282000
057961,茂林元大9A購01  ,0,0,0,0,0,0,0,0,0,281000,0,0,0,344000,63000,281000,281000
061441,大毅永豐9A購04  ,0,0,0,0,0,0,0,0,0,279000,0,0,0,279000,0,279000,279000
06864P,健策凱基98售01  ,0,0,0,0,0,0,0,0,0,279000,0,0,0,488000,209000,279000,279000
060239,國揚元大9C購01  ,0,0,0,0,0,0,0,0,0,279000,0,0,0,385000,106000,279000,279000
07685P,玉晶光凱基9B售03,0,0,0,0,0,0,0,0,0,279000,0,0,0,320000,41000,279000,279000
2383,台光電          ,1556000,1304010,251990,0,0,0,103000,2000,101000,-74000,242000,307000,-65000,55000,64000,-9000,278990
059128,友達中信99購02  ,0,0,0,0,0,0,0,0,0,278000,0,0,0,370000,92000,278000,278000
057717,友訊元富98購02  ,0,0,0,0,0,0,0,0,0,277000,0,0,0,319000,42000,277000,277000
07652P,臺股指中信9A售07,0,0,0,0,0,0,0,0,0,277000,0,0,0,447000,170000,277000,277000
2404,漢唐            ,670000,441000,229000,0,0,0,0,1000,-1000,47000,104000,80000,24000,62000,39000,23000,275000
061734,全新中信9B購02  ,0,0,0,0,0,0,0,0,0,274000,0,0,0,276000,2000,274000,274000
2484,希華            ,345000,88000,257000,0,0,0,0,0,0,17000,17000,0,17000,0,0,0,274000
061587,美律富邦9A購02  ,0,0,0,0,0,0,0,0,0,270000,0,0,0,300000,30000,270000,270000
06904P,TPK凱基98售03   ,0,0,0,0,0,0,0,0,0,270000,0,0,0,280000,10000,270000,270000
07279P,台灣50台新99售02,0,0,0,0,0,0,0,0,0,269000,0,0,0,410000,141000,269000,269000
054343,世紀鋼元富96購02,0,0,0,0,0,0,0,0,0,267000,0,0,0,332000,65000,267000,267000
00646,元大S&P500      ,4000,0,4000,0,0,0,0,0,0,262000,0,0,0,360000,98000,262000,266000
059030,奇力新兆豐99購03,0,0,0,0,0,0,0,0,0,266000,0,0,0,296000,30000,266000,266000
058901,美律元大99購07  ,0,0,0,0,0,0,0,0,0,266000,0,0,0,457000,191000,266000,266000
058257,聯陽國泰9B購01  ,0,0,0,0,0,0,0,0,0,265000,0,0,0,265000,0,265000,265000
07957P,晶技群益9B售02  ,0,0,0,0,0,0,0,0,0,263000,0,0,0,323000,60000,263000,263000
07080P,健策群益9A售01  ,0,0,0,0,0,0,0,0,0,262000,0,0,0,262000,0,262000,262000
1513,中興電          ,1063000,752000,311000,0,0,0,0,0,0,-49000,24000,131000,-107000,78000,20000,58000,262000
062274,台積電群益9B購04,0,0,0,0,0,0,0,0,0,260000,0,0,0,260000,0,260000,260000
06240P,奇力新元富97售03,0,0,0,0,0,0,0,0,0,260000,0,0,0,265000,5000,260000,260000
052447,聯發科元大96購04,0,0,0,0,0,0,0,0,0,260000,0,0,0,260000,0,260000,260000
055295,瀚宇博元大97購02,0,0,0,0,0,0,0,0,0,259000,0,0,0,259000,0,259000,259000
07579P,聯茂元大9A售01  ,0,0,0,0,0,0,0,0,0,258000,0,0,0,458000,200000,258000,258000
062019,嘉澤永豐9B購01  ,0,0,0,0,0,0,0,0,0,257000,0,0,0,264000,7000,257000,257000
061477,晶豪科元大9A購01,0,0,0,0,0,0,0,0,0,257000,0,0,0,343000,86000,257000,257000
059706,嘉晶凱基99購01  ,0,0,0,0,0,0,0,0,0,256000,0,0,0,266000,10000,256000,256000
061798,晶豪科永豐9B購01,0,0,0,0,0,0,0,0,0,255000,0,0,0,255000,0,255000,255000
055275,台積電元大97購19,0,0,0,0,0,0,0,0,0,255000,0,0,0,255000,0,255000,255000
055167,友訊統一97購01  ,0,0,0,0,0,0,0,0,0,255000,0,0,0,255000,0,255000,255000
07669P,華新科元大9A售14,0,0,0,0,0,0,0,0,0,254000,0,0,0,352000,98000,254000,254000
1476,儒鴻            ,849387,593280,256107,0,0,0,0,0,0,-3000,3000,12000,-9000,6000,0,6000,253107
057475,聯電元大9A購01  ,0,0,0,0,0,0,0,0,0,252000,0,0,0,361000,109000,252000,252000
056326,TPK兆豐98購01   ,0,0,0,0,0,0,0,0,0,251000,0,0,0,301000,50000,251000,251000
057119,微星康和98購01  ,0,0,0,0,0,0,0,0,0,251000,0,0,0,319000,68000,251000,251000
06728P,全新元大98售03  ,0,0,0,0,0,0,0,0,0,250000,0,0,0,278000,28000,250000,250000
055241,T50反1統一99購01,0,0,0,0,0,0,0,0,0,250000,0,0,0,250000,0,250000,250000
058658,瑞儀中信99購01  ,0,0,0,0,0,0,0,0,0,250000,0,0,0,342000,92000,250000,250000
061876,明泰元大9B購01  ,0,0,0,0,0,0,0,0,0,249000,0,0,0,250000,1000,249000,249000
060784,鴻海富邦9C購01  ,0,0,0,0,0,0,0,0,0,248000,0,0,0,248000,0,248000,248000
020015,統一MSCI美低波N ,0,0,0,0,0,0,0,0,0,248000,0,0,0,296000,48000,248000,248000
3665,貿聯-KY         ,261968,162000,99968,0,0,0,265000,1000,264000,-116000,21000,106000,-85000,9000,40000,-31000,247968
056066,奇鋐元大98購02  ,0,0,0,0,0,0,0,0,0,246000,0,0,0,246000,0,246000,246000
060155,友訊永豐9A購01  ,0,0,0,0,0,0,0,0,0,246000,0,0,0,249000,3000,246000,246000
056416,華新科中信98購01,0,0,0,0,0,0,0,0,0,246000,0,0,0,256000,10000,246000,246000
06212P,華新科元大97售11,0,0,0,0,0,0,0,0,0,245000,0,0,0,300000,55000,245000,245000
054491,瀚宇博台新96購02,0,0,0,0,0,0,0,0,0,245000,0,0,0,245000,0,245000,245000
059911,國巨元大99購27  ,0,0,0,0,0,0,0,0,0,245000,0,0,0,260000,15000,245000,245000
00752,中信中國50      ,4000,10000,-6000,0,0,0,0,0,0,250000,0,0,0,804000,554000,250000,244000
058955,台積電國票9A購04,0,0,0,0,0,0,0,0,0,244000,0,0,0,327000,83000,244000,244000
07022P,嘉晶永豐99售02  ,0,0,0,0,0,0,0,0,0,243000,0,0,0,278000,35000,243000,243000
061214,華擎元大9A購04  ,0,0,0,0,0,0,0,0,0,243000,0,0,0,347000,104000,243000,243000
3596,智易            ,474000,469000,5000,0,0,0,333000,0,333000,-95000,15000,22000,-7000,5000,93000,-88000,243000
06513P,鴻海凱基98售10  ,0,0,0,0,0,0,0,0,0,242000,0,0,0,282000,40000,242000,242000
058514,潤泰全元大99購01,0,0,0,0,0,0,0,0,0,242000,0,0,0,300000,58000,242000,242000
060687,GIS元大9A購01   ,0,0,0,0,0,0,0,0,0,241000,0,0,0,564000,323000,241000,241000
061349,嘉澤元大9A購02  ,0,0,0,0,0,0,0,0,0,240000,0,0,0,275000,35000,240000,240000
059438,群創元大99購06  ,0,0,0,0,0,0,0,0,0,239000,0,0,0,239000,0,239000,239000
061140,華擎統一9C購01  ,0,0,0,0,0,0,0,0,0,238000,0,0,0,239000,1000,238000,238000
062084,台郡元大9B購04  ,0,0,0,0,0,0,0,0,0,237000,0,0,0,237000,0,237000,237000
057614,華新科元富99購04,0,0,0,0,0,0,0,0,0,237000,0,0,0,242000,5000,237000,237000
058831,茂林永豐99購01  ,0,0,0,0,0,0,0,0,0,237000,0,0,0,237000,0,237000,237000
062219,燿華統一9B購01  ,0,0,0,0,0,0,0,0,0,235000,0,0,0,249000,14000,235000,235000
054819,裕民元大9A購01  ,0,0,0,0,0,0,0,0,0,235000,0,0,0,356000,121000,235000,235000
00639,富邦深100       ,89000,100000,-11000,0,0,0,0,0,0,246000,10000,0,10000,1381000,1145000,236000,235000
052004,泰碩國泰97購03  ,0,0,0,0,0,0,0,0,0,235000,0,0,0,245000,10000,235000,235000
07506P,中租元大9A售01  ,0,0,0,0,0,0,0,0,0,235000,0,0,0,235000,0,235000,235000
061269,嘉澤凱基9A購01  ,0,0,0,0,0,0,0,0,0,234000,0,0,0,245000,11000,234000,234000
2505,國揚            ,814000,449000,365000,0,0,0,0,0,0,-131000,13000,0,13000,63000,207000,-144000,234000
4943,康控-KY         ,456000,210000,246000,0,0,0,0,0,0,-14000,4000,0,4000,12000,30000,-18000,232000
05131P,聯詠統一97售01  ,0,0,0,0,0,0,0,0,0,231000,0,0,0,234000,3000,231000,231000
061207,美律元大9A購04  ,0,0,0,0,0,0,0,0,0,230000,0,0,0,301000,71000,230000,230000
07015P,國巨元大99售13  ,0,0,0,0,0,0,0,0,0,229000,0,0,0,229000,0,229000,229000
055318,華通國票98購01  ,0,0,0,0,0,0,0,0,0,229000,0,0,0,247000,18000,229000,229000
057007,奇力新中信98購04,0,0,0,0,0,0,0,0,0,229000,0,0,0,259000,30000,229000,229000
056166,微星台新97購01  ,0,0,0,0,0,0,0,0,0,228000,0,0,0,228000,0,228000,228000
054058,晶豪科國票98購01,0,0,0,0,0,0,0,0,0,227000,0,0,0,250000,23000,227000,227000
059662,旭富元大9C購01  ,0,0,0,0,0,0,0,0,0,226000,0,0,0,307000,81000,226000,226000
054265,GIS元大96購03   ,0,0,0,0,0,0,0,0,0,225000,0,0,0,525000,300000,225000,225000
049436,義隆國泰96購02  ,0,0,0,0,0,0,0,0,0,225000,0,0,0,225000,0,225000,225000
061622,臻鼎群益9A購01  ,0,0,0,0,0,0,0,0,0,224000,0,0,0,423000,199000,224000,224000
061068,祥碩凱基9B購01  ,0,0,0,0,0,0,0,0,0,224000,0,0,0,290000,66000,224000,224000
057883,中環群益98購01  ,0,0,0,0,0,0,0,0,0,224000,0,0,0,673000,449000,224000,224000
061082,台光電兆豐9A購01,0,0,0,0,0,0,0,0,0,223000,0,0,0,228000,5000,223000,223000
060625,華擎元大9A購01  ,0,0,0,0,0,0,0,0,0,223000,0,0,0,399000,176000,223000,223000
059940,微星永豐99購01  ,0,0,0,0,0,0,0,0,0,222000,0,0,0,234000,12000,222000,222000
07162P,臺股指群益99售13,0,0,0,0,0,0,0,0,0,221000,0,0,0,597000,376000,221000,221000
07354P,臺股指國票99售22,0,0,0,0,0,0,0,0,0,220000,0,0,0,300000,80000,220000,220000
061131,崇越永豐9A購01  ,0,0,0,0,0,0,0,0,0,220000,0,0,0,220000,0,220000,220000
060462,鴻海元大9A購10  ,0,0,0,0,0,0,0,0,0,220000,0,0,0,250000,30000,220000,220000
061156,玉晶光群益9A購07,0,0,0,0,0,0,0,0,0,219000,0,0,0,234000,15000,219000,219000
055657,超眾元富97購02  ,0,0,0,0,0,0,0,0,0,218000,0,0,0,254000,36000,218000,218000
06743P,創意永豐98售03  ,2000,0,2000,0,0,0,0,0,0,215000,0,0,0,281000,66000,215000,217000
054449,中環第一96購01  ,0,0,0,0,0,0,0,0,0,217000,0,0,0,217000,0,217000,217000
058142,瑞儀元大99購01  ,0,0,0,0,0,0,0,0,0,217000,0,0,0,235000,18000,217000,217000
060688,世紀鋼元大9C購01,0,0,0,0,0,0,0,0,0,216000,0,0,0,226000,10000,216000,216000
057675,同欣電元大98購02,0,0,0,0,0,0,0,0,0,216000,0,0,0,436000,220000,216000,216000
062239,台汽電凱基9B購01,0,0,0,0,0,0,0,0,0,215000,0,0,0,683000,468000,215000,215000
057731,華擎國泰9A購02  ,0,0,0,0,0,0,0,0,0,215000,0,0,0,235000,20000,215000,215000
055034,建準富邦99購01  ,0,0,0,0,0,0,0,0,0,214000,0,0,0,214000,0,214000,214000
056629,昇陽半永豐98購01,0,0,0,0,0,0,0,0,0,213000,0,0,0,243000,30000,213000,213000
07576P,可成元大9A售01  ,0,0,0,0,0,0,0,0,0,213000,0,0,0,239000,26000,213000,213000
055745,臻鼎元富97購01  ,0,0,0,0,0,0,0,0,0,211000,0,0,0,220000,9000,211000,211000
058996,台達電元大99購02,0,0,0,0,0,0,0,0,0,209000,0,0,0,240000,31000,209000,209000
1514,亞力            ,349000,135000,214000,0,0,0,0,0,0,-6000,0,6000,-6000,0,0,0,208000
060218,台積電凱基9A購15,0,0,0,0,0,0,0,0,0,207000,0,0,0,207000,0,207000,207000
060561,台積電富邦04購01,0,0,0,0,0,0,0,0,0,206000,0,0,0,295000,89000,206000,206000
3605,宏致            ,310000,101000,209000,0,0,0,0,0,0,-3000,1000,4000,-3000,0,0,0,206000
061481,嘉澤元大9A購03  ,0,0,0,0,0,0,0,0,0,205000,0,0,0,278000,73000,205000,205000
052586,晶豪科永豐96購01,0,0,0,0,0,0,0,0,0,205000,0,0,0,347000,142000,205000,205000
061703,信邦國票9A購01  ,0,0,0,0,0,0,0,0,0,204000,0,0,0,204000,0,204000,204000
062447,華擎元大9C購01  ,0,0,0,0,0,0,0,0,0,204000,0,0,0,231000,27000,204000,204000
054785,建準群益98購01  ,0,0,0,0,0,0,0,0,0,204000,0,0,0,206000,2000,204000,204000
057743,華擎永豐98購03  ,0,0,0,0,0,0,0,0,0,204000,0,0,0,321000,117000,204000,204000
05869P,旺宏凱基96售05  ,0,0,0,0,0,0,0,0,0,204000,0,0,0,210000,6000,204000,204000
06527P,T50正2富邦9C售01,0,0,0,0,0,0,0,0,0,203000,0,0,0,520000,317000,203000,203000
6141,柏承            ,285000,82000,203000,0,0,0,0,0,0,0,0,0,0,0,0,0,203000
054357,可成兆豐97購02  ,0,0,0,0,0,0,0,0,0,202000,0,0,0,205000,3000,202000,202000
00678,群益NBI生技     ,0,0,0,0,0,0,0,0,0,202000,0,0,0,502000,300000,202000,202000
056909,嘉聯益元大99購03,0,0,0,0,0,0,0,0,0,201000,0,0,0,201000,0,201000,201000
07850P,健策群益9A售06  ,0,0,0,0,0,0,0,0,0,201000,0,0,0,247000,46000,201000,201000
2454,聯發科          ,2989852,2751052,238800,0,0,0,11000,0,11000,-49000,27000,98000,-71000,94000,72000,22000,200800
6239,力成            ,1837838,2274668,-436830,0,0,0,683000,18000,665000,-28000,10000,26000,-16000,26000,38000,-12000,200170
07288P,台灣50凱基99售06,0,0,0,0,0,0,0,0,0,200000,0,0,0,200000,0,200000,200000
07041P,T50反1元大9C售01,0,0,0,0,0,0,0,0,0,200000,0,0,0,200000,0,200000,200000
061949,大立光群益9B購03,0,0,0,0,0,0,0,0,0,200000,0,0,0,200000,0,200000,200000
061937,聯發科國票9B購02,0,0,0,0,0,0,0,0,0,200000,0,0,0,200000,0,200000,200000
061552,南六群益9A購02  ,0,0,0,0,0,0,0,0,0,200000,0,0,0,202000,2000,200000,200000
060732,玉晶光群益9C購02,0,0,0,0,0,0,0,0,0,200000,0,0,0,201000,1000,200000,200000
060745,京元電國票9A購01,0,0,0,0,0,0,0,0,0,200000,0,0,0,200000,0,200000,200000
061126,京元電永豐9A購02,0,0,0,0,0,0,0,0,0,200000,0,0,0,200000,0,200000,200000
051320,燿華國票96購01  ,0,0,0,0,0,0,0,0,0,200000,0,0,0,200000,0,200000,200000
051753,華通元大96購03  ,0,0,0,0,0,0,0,0,0,200000,0,0,0,200000,0,200000,200000
05565P,鎧勝元大96售01  ,0,0,0,0,0,0,0,0,0,200000,0,0,0,200000,0,200000,200000
054319,世紀鋼凱基96購02,0,0,0,0,0,0,0,0,0,200000,0,0,0,230000,30000,200000,200000
054636,華通中信97購01  ,0,0,0,0,0,0,0,0,0,200000,0,0,0,200000,0,200000,200000
061439,寶成凱基9A購01  ,0,0,0,0,0,0,0,0,0,199000,0,0,0,199000,0,199000,199000
057112,立積群益99購01  ,0,0,0,0,0,0,0,0,0,199000,0,0,0,209000,10000,199000,199000
00701,國泰股利精選30  ,1000,0,1000,0,0,0,0,0,0,197000,0,0,0,643000,446000,197000,198000
058409,鴻海兆豐99購05  ,0,0,0,0,0,0,0,0,0,198000,0,0,0,258000,60000,198000,198000
1714,和桐            ,441000,261000,180000,0,0,0,0,0,0,18000,18000,0,18000,0,0,0,198000
060817,華邦電台新9A購01,0,0,0,0,0,0,0,0,0,197000,0,0,0,237000,40000,197000,197000
055380,智易元大98購02  ,0,0,0,0,0,0,0,0,0,197000,0,0,0,247000,50000,197000,197000
062370,華擎元大9B購01  ,0,0,0,0,0,0,0,0,0,196000,0,0,0,196000,0,196000,196000
06245P,健策元富97售03  ,0,0,0,0,0,0,0,0,0,195000,0,0,0,388000,193000,195000,195000
060825,聯詠元大9A購05  ,0,0,0,0,0,0,0,0,0,195000,0,0,0,243000,48000,195000,195000
055101,台肥凱基97購01  ,0,0,0,0,0,0,0,0,0,195000,0,0,0,195000,0,195000,195000
00762,元大全球AI      ,0,5000,-5000,0,0,0,0,0,0,200000,0,0,0,213000,13000,200000,195000
058821,泰鼎國泰9B購01  ,0,0,0,0,0,0,0,0,0,195000,0,0,0,210000,15000,195000,195000
061083,京元電兆豐9A購01,0,0,0,0,0,0,0,0,0,194000,0,0,0,200000,6000,194000,194000
062427,嘉澤統一01購01  ,0,0,0,0,0,0,0,0,0,194000,0,0,0,321000,127000,194000,194000
059996,美律元富99購01  ,0,0,0,0,0,0,0,0,0,194000,0,0,0,249000,55000,194000,194000
07953P,健策元大9B售07  ,0,0,0,0,0,0,0,0,0,194000,0,0,0,246000,52000,194000,194000
055030,帆宣國泰99購02  ,0,0,0,0,0,0,0,0,0,193000,0,0,0,217000,24000,193000,193000
2939,凱羿-KY         ,246000,54000,192000,0,0,0,0,0,0,1000,1000,0,1000,0,0,0,193000
06233P,訊芯永豐97售03  ,0,0,0,0,0,0,0,0,0,192000,0,0,0,192000,0,192000,192000
054091,晶豪科群益96購01,0,0,0,0,0,0,0,0,0,192000,0,0,0,290000,98000,192000,192000
07906P,中租群益9B售02  ,0,0,0,0,0,0,0,0,0,192000,0,0,0,196000,4000,192000,192000
061856,台郡國票9B購02  ,0,0,0,0,0,0,0,0,0,191000,0,0,0,432000,241000,191000,191000
061289,玉晶光統一01購03,0,0,0,0,0,0,0,0,0,190000,0,0,0,237000,47000,190000,190000
054147,GIS元大96購02   ,0,0,0,0,0,0,0,0,0,190000,0,0,0,190000,0,190000,190000
054765,亞光國票98購02  ,0,0,0,0,0,0,0,0,0,190000,0,0,0,190000,0,190000,190000
060123,光罩永豐99購02  ,0,0,0,0,0,0,0,0,0,190000,0,0,0,271000,81000,190000,190000
061643,嘉澤元大9A購05  ,0,0,0,0,0,0,0,0,0,189000,0,0,0,260000,71000,189000,189000
057577,廣宇中信9A購01  ,0,0,0,0,0,0,0,0,0,188000,0,0,0,188000,0,188000,188000
061595,智易永豐9A購02  ,0,0,0,0,0,0,0,0,0,187000,0,0,0,190000,3000,187000,187000
061170,南茂兆豐9B購01  ,0,0,0,0,0,0,0,0,0,187000,0,0,0,526000,339000,187000,187000
057335,技嘉國票99購01  ,0,0,0,0,0,0,0,0,0,187000,0,0,0,237000,50000,187000,187000
061145,臻鼎中信9A購02  ,0,0,0,0,0,0,0,0,0,186000,0,0,0,367000,181000,186000,186000
053013,台積電統一97購01,0,0,0,0,0,0,0,0,0,186000,0,0,0,186000,0,186000,186000
057169,微星元大98購01  ,0,0,0,0,0,0,0,0,0,186000,0,0,0,236000,50000,186000,186000
061305,帆宣永豐9A購01  ,0,0,0,0,0,0,0,0,0,185000,0,0,0,200000,15000,185000,185000
062096,神隆永豐9B購01  ,0,0,0,0,0,0,0,0,0,185000,0,0,0,185000,0,185000,185000
2455,全新            ,386000,239000,147000,0,0,0,0,0,0,38000,74000,10000,64000,28000,54000,-26000,185000
1434,福懋            ,1123700,894000,229700,0,0,0,0,0,0,-46000,0,46000,-46000,0,0,0,183700
06510P,燿華永豐98售03  ,0,0,0,0,0,0,0,0,0,183000,0,0,0,233000,50000,183000,183000
061187,瀚宇博國泰9C購01,0,0,0,0,0,0,0,0,0,183000,0,0,0,270000,87000,183000,183000
056739,美律凱基98購04  ,0,0,0,0,0,0,0,0,0,183000,0,0,0,193000,10000,183000,183000
061183,友達國泰9B購02  ,0,0,0,0,0,0,0,0,0,182000,0,0,0,184000,2000,182000,182000
07292P,臺股指凱基99售44,0,0,0,0,0,0,0,0,0,181000,0,0,0,278000,97000,181000,181000
053492,華邦電兆豐97購01,0,0,0,0,0,0,0,0,0,181000,0,0,0,181000,0,181000,181000
052738,聯電元大98購02  ,0,0,0,0,0,0,0,0,0,181000,0,0,0,281000,100000,181000,181000
07287P,全新群益9B售01  ,0,0,0,0,0,0,0,0,0,180000,0,0,0,190000,10000,180000,180000
06632P,創意群益98售03  ,0,0,0,0,0,0,0,0,0,180000,0,0,0,180000,0,180000,180000
061564,華擎國票9A購02  ,0,0,0,0,0,0,0,0,0,180000,0,0,0,199000,19000,180000,180000
056146,台虹元大98購01  ,0,0,0,0,0,0,0,0,0,180000,0,0,0,180000,0,180000,180000
05926P,智易永豐96售02  ,0,0,0,0,0,0,0,0,0,180000,0,0,0,180000,0,180000,180000
059349,台郡凱基99購04  ,0,0,0,0,0,0,0,0,0,180000,0,0,0,205000,25000,180000,180000
058482,祥碩凱基99購02  ,0,0,0,0,0,0,0,0,0,180000,0,0,0,232000,52000,180000,180000
059841,國巨富邦9C購01  ,0,0,0,0,0,0,0,0,0,180000,0,0,0,416000,236000,180000,180000
07646P,世芯元大9A售04  ,0,0,0,0,0,0,0,0,0,180000,0,0,0,339000,159000,180000,180000
061346,玉晶光元大9B購03,0,0,0,0,0,0,0,0,0,179000,0,0,0,244000,65000,179000,179000
061447,鴻海中信04購02  ,0,0,0,0,0,0,0,0,0,179000,0,0,0,285000,106000,179000,179000
060631,微星富邦9B購01  ,0,0,0,0,0,0,0,0,0,179000,0,0,0,553000,374000,179000,179000
06246P,茂林元富97售03  ,0,0,0,0,0,0,0,0,0,179000,0,0,0,182000,3000,179000,179000
055744,茂林元富97購02  ,0,0,0,0,0,0,0,0,0,179000,0,0,0,181000,2000,179000,179000
07715P,台灣50群益9A售14,0,0,0,0,0,0,0,0,0,179000,0,0,0,383000,204000,179000,179000
054082,楠梓電元富96購01,0,0,0,0,0,0,0,0,0,178000,0,0,0,183000,5000,178000,178000
056966,嘉晶永豐98購01  ,0,0,0,0,0,0,0,0,0,178000,0,0,0,180000,2000,178000,178000
056895,技嘉元大98購01  ,0,0,0,0,0,0,0,0,0,177000,0,0,0,181000,4000,177000,177000
07754P,日月光元大9A售02,0,0,0,0,0,0,0,0,0,177000,0,0,0,177000,0,177000,177000
060934,台汽電永豐9A購02,0,0,0,0,0,0,0,0,0,176000,0,0,0,203000,27000,176000,176000
052203,T50反1中信99購03,0,0,0,0,0,0,0,0,0,176000,0,0,0,226000,50000,176000,176000
058873,美律國票9A購02  ,0,0,0,0,0,0,0,0,0,176000,0,0,0,176000,0,176000,176000
056945,鴻海統一98購12  ,0,0,0,0,0,0,0,0,0,176000,0,0,0,776000,600000,176000,176000
062329,奇力新統一9C購03,0,0,0,0,0,0,0,0,0,175000,0,0,0,175000,0,175000,175000
07085P,超眾元富9C售01  ,0,0,0,0,0,0,0,0,0,175000,0,0,0,368000,193000,175000,175000
052849,可成統一97購01  ,0,0,0,0,0,0,0,0,0,175000,0,0,0,233000,58000,175000,175000
058931,玉晶光統一9C購01,0,0,0,0,0,0,0,0,0,175000,0,0,0,441000,266000,175000,175000
060901,臺股指凱基9A購13,0,0,0,0,0,0,0,0,0,174000,0,0,0,185000,11000,174000,174000
07688P,華通元大9A售07  ,0,0,0,0,0,0,0,0,0,174000,0,0,0,199000,25000,174000,174000
056243,創意群益97購03  ,0,0,0,0,0,0,0,0,0,173000,0,0,0,271000,98000,173000,173000
03050X,元展47          ,0,0,0,0,0,0,0,0,0,173000,0,0,0,253000,80000,173000,173000
059849,興勤永豐99購01  ,0,0,0,0,0,0,0,0,0,172000,0,0,0,240000,68000,172000,172000
061247,玉晶光群益9A購09,0,0,0,0,0,0,0,0,0,171000,0,0,0,208000,37000,171000,171000
061785,奇力新群益9B購01,0,0,0,0,0,0,0,0,0,171000,0,0,0,183000,12000,171000,171000
054471,T50反1中信9C購01,0,0,0,0,0,0,0,0,0,171000,0,0,0,256000,85000,171000,171000
053003,國巨永豐96購02  ,0,0,0,0,0,0,0,0,0,171000,0,0,0,171000,0,171000,171000
059274,國巨元大99購22  ,0,0,0,0,0,0,0,0,0,171000,0,0,0,233000,62000,171000,171000
059631,京元電凱基99購02,0,0,0,0,0,0,0,0,0,171000,0,0,0,322000,151000,171000,171000
07318P,鴻海凱基01售02  ,0,0,0,0,0,0,0,0,0,170000,0,0,0,200000,30000,170000,170000
060015,國巨康和99購03  ,0,0,0,0,0,0,0,0,0,170000,0,0,0,180000,10000,170000,170000
5203,訊連            ,246000,112000,134000,0,0,0,0,0,0,36000,40000,16000,24000,12000,0,12000,170000
06169P,華新科元富97售02,0,0,0,0,0,0,0,0,0,169000,0,0,0,297000,128000,169000,169000
058143,瑞儀元大99購02  ,0,0,0,0,0,0,0,0,0,169000,0,0,0,199000,30000,169000,169000
06025P,臺股指元大99售02,0,0,0,0,0,0,0,0,0,168000,0,0,0,201000,33000,168000,168000
05676P,欣興群益96售04  ,0,0,0,0,0,0,0,0,0,168000,0,0,0,235000,67000,168000,168000
062398,建準永豐9B購01  ,0,0,0,0,0,0,0,0,0,167000,0,0,0,197000,30000,167000,167000
055071,群電永豐97購01  ,0,0,0,0,0,0,0,0,0,167000,0,0,0,167000,0,167000,167000
062194,遠東新中信9C購01,0,0,0,0,0,0,0,0,0,165000,0,0,0,252000,87000,165000,165000
061084,京元電兆豐9A購02,0,0,0,0,0,0,0,0,0,165000,0,0,0,200000,35000,165000,165000
060529,聯發科中信9A購04,0,0,0,0,0,0,0,0,0,165000,0,0,0,175000,10000,165000,165000
057201,華擎元富98購01  ,0,0,0,0,0,0,0,0,0,165000,0,0,0,197000,32000,165000,165000
058775,台積電國票9A購02,0,0,0,0,0,0,0,0,0,165000,0,0,0,445000,280000,165000,165000
060244,大立光元大9B購02,0,0,0,0,0,0,0,0,0,165000,0,0,0,183000,18000,165000,165000
059040,訊芯群益99購03  ,0,0,0,0,0,0,0,0,0,165000,0,0,0,263000,98000,165000,165000
07127P,精元元大99售01  ,0,0,0,0,0,0,0,0,0,164000,0,0,0,197000,33000,164000,164000
054626,建準凱基98購01  ,0,0,0,0,0,0,0,0,0,163000,0,0,0,165000,2000,163000,163000
057252,牧德元富98購01  ,0,0,0,0,0,0,0,0,0,163000,0,0,0,163000,0,163000,163000
07415P,台積電元大99售52,0,0,0,0,0,0,0,0,0,162000,0,0,0,166000,4000,162000,162000
060762,長榮航元大9A購02,0,0,0,0,0,0,0,0,0,162000,0,0,0,162000,0,162000,162000
061831,智邦凱基9B購02  ,0,0,0,0,0,0,0,0,0,162000,0,0,0,234000,72000,162000,162000
07728P,臺股指凱基9A售20,0,0,0,0,0,0,0,0,0,162000,0,0,0,177000,15000,162000,162000
061456,玉晶光凱基9B購05,0,0,0,0,0,0,0,0,0,161000,0,0,0,185000,24000,161000,161000
062054,鴻海統一9C購06  ,0,0,0,0,0,0,0,0,0,161000,0,0,0,300000,139000,161000,161000
05627P,致伸國票97售01  ,0,0,0,0,0,0,0,0,0,161000,0,0,0,161000,0,161000,161000
020012,富邦行動通訊N   ,0,0,0,0,0,0,0,0,0,161000,0,0,0,178000,17000,161000,161000
9904,寶成            ,2326246,2224000,102246,0,0,0,0,0,0,58000,62000,4000,58000,0,0,0,160246
049439,牧德國泰96購01  ,0,0,0,0,0,0,0,0,0,160000,0,0,0,160000,0,160000,160000
053894,創意群益96購01  ,0,0,0,0,0,0,0,0,0,160000,0,0,0,197000,37000,160000,160000
057705,臺股指群益98購05,0,0,0,0,0,0,0,0,0,160000,0,0,0,168000,8000,160000,160000
060193,群創元富9A購01  ,0,0,0,0,0,0,0,0,0,160000,0,0,0,270000,110000,160000,160000
06622P,牧德元大98售01  ,0,0,0,0,0,0,0,0,0,159000,0,0,0,305000,146000,159000,159000
060674,瑞昱元大9A購03  ,0,0,0,0,0,0,0,0,0,159000,0,0,0,160000,1000,159000,159000
057690,美律凱基99購03  ,0,0,0,0,0,0,0,0,0,159000,0,0,0,159000,0,159000,159000
6412,群電            ,544000,356000,188000,0,0,0,0,0,0,-29000,0,10000,-10000,9000,28000,-19000,159000
6669,緯穎            ,629309,543040,86269,0,0,0,74000,9000,65000,7000,47000,58000,-11000,24000,6000,18000,158269
056271,嘉澤統一97購01  ,0,0,0,0,0,0,0,0,0,158000,0,0,0,262000,104000,158000,158000
058707,泰鼎元大99購02  ,0,0,0,0,0,0,0,0,0,158000,0,0,0,173000,15000,158000,158000
07775P,國巨群益9A售10  ,0,0,0,0,0,0,0,0,0,158000,0,0,0,158000,0,158000,158000
4968,立積            ,917800,646000,271800,0,0,0,0,0,0,-114000,0,58000,-58000,16000,72000,-56000,157800
060995,泰鼎元大9A購03  ,0,0,0,0,0,0,0,0,0,157000,0,0,0,282000,125000,157000,157000
052003,泰碩國泰97購02  ,0,0,0,0,0,0,0,0,0,157000,0,0,0,313000,156000,157000,157000
055261,帆宣統一98購01  ,0,0,0,0,0,0,0,0,0,156000,0,0,0,161000,5000,156000,156000
061153,奇力新群益9A購02,0,0,0,0,0,0,0,0,0,155000,0,0,0,155000,0,155000,155000
06991P,矽創群益99售01  ,0,0,0,0,0,0,0,0,0,155000,0,0,0,265000,110000,155000,155000
055908,GIS日盛97購01   ,0,0,0,0,0,0,0,0,0,155000,0,0,0,240000,85000,155000,155000
060406,瑞祺國泰9B購01  ,0,0,0,0,0,0,0,0,0,155000,0,0,0,317000,162000,155000,155000
1519,華城            ,344000,182000,162000,0,0,0,0,0,0,-7000,6000,13000,-7000,0,0,0,155000
07927P,國巨統一9B售08  ,0,0,0,0,0,0,0,0,0,155000,0,0,0,165000,10000,155000,155000
07947P,國巨統一9B售12  ,0,0,0,0,0,0,0,0,0,155000,0,0,0,155000,0,155000,155000
054873,帆宣群益99購01  ,0,0,0,0,0,0,0,0,0,154000,0,0,0,200000,46000,154000,154000
053259,卜蜂群益97購01  ,0,0,0,0,0,0,0,0,0,154000,0,0,0,154000,0,154000,154000
057104,康友中信99購01  ,0,0,0,0,0,0,0,0,0,154000,0,0,0,420000,266000,154000,154000
058411,技嘉兆豐99購01  ,0,0,0,0,0,0,0,0,0,154000,0,0,0,382000,228000,154000,154000
060629,鴻海富邦9B購01  ,0,0,0,0,0,0,0,0,0,153000,0,0,0,165000,12000,153000,153000
057674,台郡元大99購03  ,0,0,0,0,0,0,0,0,0,153000,0,0,0,185000,32000,153000,153000
053945,國巨富邦98購02  ,0,0,0,0,0,0,0,0,0,152000,0,0,0,152000,0,152000,152000
060188,華新科元富9A購03,0,0,0,0,0,0,0,0,0,152000,0,0,0,152000,0,152000,152000
059763,華擎永豐99購03  ,0,0,0,0,0,0,0,0,0,152000,0,0,0,152000,0,152000,152000
07691P,宏達電元大9A售05,0,0,0,0,0,0,0,0,0,152000,0,0,0,263000,111000,152000,152000
059865,國巨凱基01購01  ,0,0,0,0,0,0,0,0,0,151000,0,0,0,459000,308000,151000,151000
07140P,台灣50日盛99售01,0,0,0,0,0,0,0,0,0,150000,0,0,0,200000,50000,150000,150000
07147P,高鐵元大99售01  ,0,0,0,0,0,0,0,0,0,150000,0,0,0,150000,0,150000,150000
053033,智易兆豐97購01  ,0,0,0,0,0,0,0,0,0,150000,0,0,0,190000,40000,150000,150000
057266,TPK兆豐98購02   ,0,0,0,0,0,0,0,0,0,150000,0,0,0,150000,0,150000,150000
057406,茂林群益98購03  ,0,0,0,0,0,0,0,0,0,150000,0,0,0,150000,0,150000,150000
058293,光寶科凱基9A購01,0,0,0,0,0,0,0,0,0,150000,0,0,0,153000,3000,150000,150000
057704,台虹群益98購03  ,0,0,0,0,0,0,0,0,0,150000,0,0,0,340000,190000,150000,150000
060201,台表科元富9A購01,0,0,0,0,0,0,0,0,0,150000,0,0,0,150000,0,150000,150000
07743P,智邦凱基9A售03  ,0,0,0,0,0,0,0,0,0,150000,0,0,0,250000,100000,150000,150000
07585P,台灣50中信03售06,0,0,0,0,0,0,0,0,0,150000,0,0,0,150000,0,150000,150000
061929,嘉澤凱基9B購01  ,0,0,0,0,0,0,0,0,0,149000,0,0,0,179000,30000,149000,149000
050170,臺指反元大97購02,0,0,0,0,0,0,0,0,0,149000,0,0,0,202000,53000,149000,149000
060373,元金2X元富9A購01,0,0,0,0,0,0,0,0,0,149000,0,0,0,164000,15000,149000,149000
060033,臻鼎永豐99購01  ,0,0,0,0,0,0,0,0,0,149000,0,0,0,209000,60000,149000,149000
058019,美律凱基99購04  ,0,0,0,0,0,0,0,0,0,148000,0,0,0,148000,0,148000,148000
062025,台達電群益9B購01,0,0,0,0,0,0,0,0,0,147000,0,0,0,147000,0,147000,147000
056309,合勤控元大97購01,0,0,0,0,0,0,0,0,0,147000,0,0,0,215000,68000,147000,147000
054858,台肥群益97購01  ,0,0,0,0,0,0,0,0,0,147000,0,0,0,152000,5000,147000,147000
058191,祥碩永豐99購01  ,0,0,0,0,0,0,0,0,0,147000,0,0,0,269000,122000,147000,147000
05884P,旺宏統一96售01  ,0,0,0,0,0,0,0,0,0,147000,0,0,0,200000,53000,147000,147000
053973,晶豪科元大96購01,0,0,0,0,0,0,0,0,0,146000,0,0,0,193000,47000,146000,146000
00692,富邦公司治理    ,0,1000,-1000,0,0,0,0,0,0,147000,0,0,0,1656000,1509000,147000,146000
0061,元大寶滬深      ,8000,10000,-2000,0,0,0,0,0,0,148000,20000,80000,-60000,208000,0,208000,146000
060415,葡萄王永豐9A購01,0,0,0,0,0,0,0,0,0,146000,0,0,0,214000,68000,146000,146000
062061,台勝科統一01購01,0,0,0,0,0,0,0,0,0,145000,0,0,0,145000,0,145000,145000
07170P,臺股指國票99售07,0,0,0,0,0,0,0,0,0,145000,0,0,0,298000,153000,145000,145000
061635,台積電元大9A購34,0,0,0,0,0,0,0,0,0,145000,0,0,0,145000,0,145000,145000
054575,聯鈞元大97購01  ,0,0,0,0,0,0,0,0,0,145000,0,0,0,150000,5000,145000,145000
056198,台光電永豐97購02,0,0,0,0,0,0,0,0,0,145000,0,0,0,145000,0,145000,145000
058046,國巨元大9A購01  ,0,0,0,0,0,0,0,0,0,145000,0,0,0,145000,0,145000,145000
3532,台勝科          ,340500,188000,152500,0,0,0,0,0,0,-8000,1000,0,1000,8000,17000,-9000,144500
061168,力成兆豐9A購01  ,0,0,0,0,0,0,0,0,0,144000,0,0,0,404000,260000,144000,144000
06491P,台積電富邦99售02,0,0,0,0,0,0,0,0,0,144000,0,0,0,644000,500000,144000,144000
062221,奇力新統一01購01,0,0,0,0,0,0,0,0,0,144000,0,0,0,235000,91000,144000,144000
053595,創意元大96購02  ,0,0,0,0,0,0,0,0,0,144000,0,0,0,144000,0,144000,144000
3576,聯合再生        ,508000,364000,144000,0,0,0,0,0,0,0,0,0,0,0,0,0,144000
07731P,臺股指凱基9A售28,0,0,0,0,0,0,0,0,0,144000,0,0,0,514000,370000,144000,144000
062107,台光電國票9B購01,0,0,0,0,0,0,0,0,0,143000,0,0,0,263000,120000,143000,143000
060714,晶技永豐9A購02  ,0,0,0,0,0,0,0,0,0,143000,0,0,0,170000,27000,143000,143000
054057,晶豪科國票97購01,0,0,0,0,0,0,0,0,0,143000,0,0,0,143000,0,143000,143000
058361,美律凱基99購06  ,0,0,0,0,0,0,0,0,0,143000,0,0,0,151000,8000,143000,143000
057089,奇力新元富98購01,0,0,0,0,0,0,0,0,0,143000,0,0,0,163000,20000,143000,143000
057517,矽創元富98購02  ,0,0,0,0,0,0,0,0,0,142000,0,0,0,240000,98000,142000,142000
058834,GIS永豐99購01   ,0,0,0,0,0,0,0,0,0,142000,0,0,0,190000,48000,142000,142000
07768P,緯穎群益9A售02  ,0,0,0,0,0,0,0,0,0,142000,0,0,0,156000,14000,142000,142000
057923,晶豪科凱基98購02,0,0,0,0,0,0,0,0,0,141000,0,0,0,458000,317000,141000,141000
060249,正文元大9C購01  ,0,0,0,0,0,0,0,0,0,141000,0,0,0,154000,13000,141000,141000
2493,揚博            ,271000,107000,164000,0,0,0,0,0,0,-23000,2000,25000,-23000,0,0,0,141000
6452,康友-KY         ,250000,101000,149000,0,0,0,0,0,0,-8000,0,0,0,6000,14000,-8000,141000
060878,奇力新中信9C購01,0,0,0,0,0,0,0,0,0,140000,0,0,0,140000,0,140000,140000
062162,世紀鋼凱基9B購03,0,0,0,0,0,0,0,0,0,140000,0,0,0,140000,0,140000,140000
062346,智邦群益9B購02  ,0,0,0,0,0,0,0,0,0,140000,0,0,0,140000,0,140000,140000
053895,智易群益96購02  ,0,0,0,0,0,0,0,0,0,140000,0,0,0,140000,0,140000,140000
053303,建準凱基96購03  ,0,0,0,0,0,0,0,0,0,140000,0,0,0,140000,0,140000,140000
056979,微星群益98購01  ,0,0,0,0,0,0,0,0,0,140000,0,0,0,140000,0,140000,140000
058664,百和兆豐99購01  ,0,0,0,0,0,0,0,0,0,140000,0,0,0,150000,10000,140000,140000
9919,康那香          ,32000,140000,-108000,0,0,0,0,0,0,248000,270000,230000,40000,208000,0,208000,140000
07255P,國巨凱基99售15  ,0,0,0,0,0,0,0,0,0,139000,0,0,0,235000,96000,139000,139000
060812,智邦凱基9A購01  ,0,0,0,0,0,0,0,0,0,139000,0,0,0,223000,84000,139000,139000
00770,國泰北美科技    ,0,0,0,0,0,0,0,0,0,139000,0,0,0,179000,40000,139000,139000
058995,台達電元大99購01,0,0,0,0,0,0,0,0,0,139000,0,0,0,139000,0,139000,139000
060299,友訊國泰9B購01  ,0,0,0,0,0,0,0,0,0,139000,0,0,0,139000,0,139000,139000
4967,十銓            ,308000,169000,139000,0,0,0,0,0,0,0,0,0,0,0,0,0,139000
061639,晶豪科元大9A購02,0,0,0,0,0,0,0,0,0,138000,0,0,0,193000,55000,138000,138000
061729,祥碩麥證9A購02  ,0,0,0,158000,20000,138000,0,0,0,138000,0,0,0,158000,20000,138000,138000
06598P,奇力新永豐98售02,0,0,0,0,0,0,0,0,0,138000,0,0,0,199000,61000,138000,138000
060215,柏文康和9A購01  ,0,0,0,0,0,0,0,0,0,138000,0,0,0,154000,16000,138000,138000
2421,建準            ,1184000,767000,417000,0,0,0,200000,0,200000,-480000,1000,57000,-56000,17000,441000,-424000,137000
062385,玉晶光國泰01購01,0,0,0,0,0,0,0,0,0,136000,0,0,0,137000,1000,136000,136000
057199,台達電元富02購01,0,0,0,0,0,0,0,0,0,135000,0,0,0,420000,285000,135000,135000
061426,玉晶光元大9A購15,0,0,0,0,0,0,0,0,0,134000,0,0,0,134000,0,134000,134000
055877,奇鋐元富97購01  ,0,0,0,0,0,0,0,0,0,134000,0,0,0,281000,147000,134000,134000
056755,聯茂兆豐98購01  ,0,0,0,0,0,0,0,0,0,134000,0,0,0,134000,0,134000,134000
060375,葡萄王元富9A購01,0,0,0,0,0,0,0,0,0,134000,0,0,0,244000,110000,134000,134000
062375,祥碩元大9B購03  ,0,0,0,0,0,0,0,0,0,133000,0,0,0,427000,294000,133000,133000
062147,大毅國票9B購02  ,0,0,0,0,0,0,0,0,0,133000,0,0,0,267000,134000,133000,133000
052777,燿華國票98購01  ,0,0,0,0,0,0,0,0,0,133000,0,0,0,143000,10000,133000,133000
061606,景碩凱基9A購02  ,0,0,0,0,0,0,0,0,0,132000,0,0,0,132000,0,132000,132000
03414B,臺股指凱基99熊01,50000,35000,15000,0,0,0,0,0,0,117000,0,0,0,498000,381000,117000,132000
05760P,京鼎永豐96售02  ,0,0,0,0,0,0,0,0,0,132000,0,0,0,183000,51000,132000,132000
056578,智易元大99購02  ,0,0,0,0,0,0,0,0,0,132000,0,0,0,136000,4000,132000,132000
1789,神隆            ,460000,345000,115000,0,0,0,0,0,0,17000,8000,0,8000,16000,7000,9000,132000
07416P,台積電元大99售53,0,0,0,0,0,0,0,0,0,131000,0,0,0,184000,53000,131000,131000
06599P,宏達電永豐98售02,0,0,0,0,0,0,0,0,0,130000,0,0,0,140000,10000,130000,130000
056088,台郡統一97購02  ,0,0,0,0,0,0,0,0,0,130000,0,0,0,130000,0,130000,130000
059607,台積電富邦9C購04,0,0,0,0,0,0,0,0,0,130000,0,0,0,130000,0,130000,130000
056649,智易凱基98購01  ,0,0,0,0,0,0,0,0,0,130000,0,0,0,166000,36000,130000,130000
057780,台郡群益98購02  ,0,0,0,0,0,0,0,0,0,130000,0,0,0,313000,183000,130000,130000
07389P,臺股指群益9C售08,0,0,0,0,0,0,0,0,0,129000,0,0,0,390000,261000,129000,129000
060793,微星永豐9A購01  ,0,0,0,0,0,0,0,0,0,129000,0,0,0,129000,0,129000,129000
061117,美律國泰9C購01  ,0,0,0,0,0,0,0,0,0,129000,0,0,0,129000,0,129000,129000
060804,T50反1群益9A購02,0,0,0,0,0,0,0,0,0,128000,0,0,0,178000,50000,128000,128000
060638,玉晶光永豐9A購04,0,0,0,0,0,0,0,0,0,128000,0,0,0,128000,0,128000,128000
06434P,超眾群益98售02  ,0,0,0,0,0,0,0,0,0,128000,0,0,0,524000,396000,128000,128000
062108,晶豪科國票9B購01,0,0,0,0,0,0,0,0,0,128000,0,0,0,367000,239000,128000,128000
062305,遠東新凱基9B購01,0,0,0,0,0,0,0,0,0,128000,0,0,0,159000,31000,128000,128000
057243,樺漢凱基99購01  ,0,0,0,0,0,0,0,0,0,128000,0,0,0,128000,0,128000,128000
07856P,力成凱基9A售02  ,0,0,0,0,0,0,0,0,0,128000,0,0,0,151000,23000,128000,128000
062163,大毅國泰01購01  ,0,0,0,0,0,0,0,0,0,127000,0,0,0,913000,786000,127000,127000
061085,聯茂兆豐9A購01  ,0,0,0,0,0,0,0,0,0,127000,0,0,0,177000,50000,127000,127000
055058,大毅永豐97購01  ,0,0,0,0,0,0,0,0,0,126000,0,0,0,165000,39000,126000,126000
054301,楠梓電凱基98購01,0,0,0,0,0,0,0,0,0,126000,0,0,0,136000,10000,126000,126000
00680L,元大美債20正2   ,0,0,0,0,0,0,0,0,0,126000,0,0,0,134000,8000,126000,126000
00664R,國泰臺灣加權反1 ,1000,0,1000,0,0,0,0,0,0,125000,0,0,0,1148000,1023000,125000,126000
060530,聯發科中信9C購03,0,0,0,0,0,0,0,0,0,125000,0,0,0,125000,0,125000,125000
061401,華擎兆豐9B購01  ,0,0,0,0,0,0,0,0,0,125000,0,0,0,175000,50000,125000,125000
052614,聯電國泰97購01  ,0,0,0,0,0,0,0,0,0,125000,0,0,0,125000,0,125000,125000
052062,臺股指國票95購09,0,0,0,0,0,0,0,0,0,125000,0,0,0,125000,0,125000,125000
058403,玉晶光元大99購12,0,0,0,0,0,0,0,0,0,125000,0,0,0,152000,27000,125000,125000
6504,南六            ,603000,262000,341000,0,0,0,34000,193000,-159000,-57000,35000,88000,-53000,8000,12000,-4000,125000
061037,嘉澤永豐9A購01  ,0,0,0,0,0,0,0,0,0,124000,0,0,0,136000,12000,124000,124000
061151,友訊群益9A購01  ,0,0,0,0,0,0,0,0,0,124000,0,0,0,124000,0,124000,124000
055741,健策元富97購01  ,0,0,0,0,0,0,0,0,0,124000,0,0,0,398000,274000,124000,124000
057556,智易凱基99購01  ,0,0,0,0,0,0,0,0,0,124000,0,0,0,198000,74000,124000,124000
060385,台勝科凱基9A購01,0,0,0,0,0,0,0,0,0,124000,0,0,0,519000,395000,124000,124000
07719P,臺股指群益9A售08,0,0,0,0,0,0,0,0,0,124000,0,0,0,165000,41000,124000,124000
061121,智邦永豐9A購02  ,0,0,0,0,0,0,0,0,0,123000,0,0,0,156000,33000,123000,123000
062405,泰鼎永豐9B購02  ,0,0,0,0,0,0,0,0,0,123000,0,0,0,197000,74000,123000,123000
055938,矽力群益97購01  ,0,0,0,0,0,0,0,0,0,123000,0,0,0,128000,5000,123000,123000
051592,健策元大96購05  ,0,0,0,0,0,0,0,0,0,123000,0,0,0,123000,0,123000,123000
058999,台積電元大99購24,0,0,0,0,0,0,0,0,0,123000,0,0,0,203000,80000,123000,123000
1701,中化            ,315000,201000,114000,0,0,0,0,0,0,9000,9000,0,9000,0,0,0,123000
056418,台光電元富98購01,0,0,0,0,0,0,0,0,0,122000,0,0,0,152000,30000,122000,122000
060681,華擎元大9A購02  ,0,0,0,0,0,0,0,0,0,121000,0,0,0,121000,0,121000,121000
06123P,玉晶光元大97售04,0,0,0,0,0,0,0,0,0,121000,0,0,0,200000,79000,121000,121000
061549,泰碩群益9A購01  ,0,0,0,0,0,0,0,0,0,121000,0,0,0,175000,54000,121000,121000
056497,GIS國泰99購01   ,0,0,0,0,0,0,0,0,0,121000,0,0,0,121000,0,121000,121000
6142,友勁            ,0,19000,-19000,0,0,0,0,0,0,140000,140000,0,140000,0,0,0,121000
060731,奇力新群益9A購01,0,0,0,0,0,0,0,0,0,120000,0,0,0,120000,0,120000,120000
06528P,台積電富邦99售03,0,0,0,0,0,0,0,0,0,120000,0,0,0,200000,80000,120000,120000
050192,康控元大97購01  ,0,0,0,0,0,0,0,0,0,120000,0,0,0,120000,0,120000,120000
053962,聯茂永豐96購01  ,0,0,0,0,0,0,0,0,0,120000,0,0,0,122000,2000,120000,120000
058790,楠梓電元大99購03,0,0,0,0,0,0,0,0,0,120000,0,0,0,228000,108000,120000,120000
056473,奇力新元大99購02,0,0,0,0,0,0,0,0,0,120000,0,0,0,150000,30000,120000,120000
07588P,滬深2X國票9C售01,0,0,0,0,0,0,0,0,0,120000,0,0,0,120000,0,120000,120000
054140,智易元大97購03  ,0,0,0,0,0,0,0,0,0,119000,0,0,0,195000,76000,119000,119000
054221,華新科統一96購05,0,0,0,0,0,0,0,0,0,119000,0,0,0,119000,0,119000,119000
054947,興勤元大97購01  ,0,0,0,0,0,0,0,0,0,119000,0,0,0,189000,70000,119000,119000
055389,國巨統一98購02  ,0,0,0,0,0,0,0,0,0,119000,0,0,0,158000,39000,119000,119000
05546P,全新元大97售01  ,0,0,0,0,0,0,0,0,0,119000,0,0,0,190000,71000,119000,119000
059181,世紀鋼元富9C購01,0,0,0,0,0,0,0,0,0,119000,0,0,0,222000,103000,119000,119000
05625P,國巨國票97售01  ,0,0,0,0,0,0,0,0,0,119000,0,0,0,230000,111000,119000,119000
05919P,京鼎元大96售03  ,0,0,0,0,0,0,0,0,0,119000,0,0,0,446000,327000,119000,119000
058049,帆宣元大98購01  ,0,0,0,0,0,0,0,0,0,119000,0,0,0,130000,11000,119000,119000
060644,泰鼎永豐9A購02  ,0,0,0,0,0,0,0,0,0,118000,0,0,0,152000,34000,118000,118000
054882,台光電統一97購02,0,0,0,0,0,0,0,0,0,118000,0,0,0,158000,40000,118000,118000
054009,欣興元富96購03  ,0,0,0,0,0,0,0,0,0,118000,0,0,0,118000,0,118000,118000
055684,京鼎凱基97購01  ,0,0,0,0,0,0,0,0,0,118000,0,0,0,194000,76000,118000,118000
5234,達興材料        ,141000,23000,118000,0,0,0,0,0,0,0,0,0,0,0,0,0,118000
053994,微星群益96購01  ,0,0,0,0,0,0,0,0,0,117000,0,0,0,117000,0,117000,117000
054154,智易國泰97購01  ,0,0,0,0,0,0,0,0,0,117000,0,0,0,117000,0,117000,117000
056883,美食康和98購01  ,0,0,0,0,0,0,0,0,0,117000,0,0,0,117000,0,117000,117000
3645,達邁            ,162000,44000,118000,0,0,0,0,0,0,-1000,0,1000,-1000,0,0,0,117000
061274,臺股指凱基9A購24,0,0,0,0,0,0,0,0,0,116000,0,0,0,149000,33000,116000,116000
06568P,國巨永豐98售05  ,0,0,0,0,0,0,0,0,0,116000,0,0,0,120000,4000,116000,116000
06822P,上銀富邦99售03  ,0,0,0,0,0,0,0,0,0,116000,0,0,0,170000,54000,116000,116000
052858,華通凱基97購02  ,0,0,0,0,0,0,0,0,0,116000,0,0,0,223000,107000,116000,116000
058546,玉晶光富邦9B購01,0,0,0,0,0,0,0,0,0,116000,0,0,0,116000,0,116000,116000
057740,茂林富邦9A購01  ,0,0,0,0,0,0,0,0,0,116000,0,0,0,221000,105000,116000,116000
057656,大成鋼兆豐98購01,0,0,0,0,0,0,0,0,0,116000,0,0,0,121000,5000,116000,116000
1315,達新            ,185000,77000,108000,0,0,0,0,0,0,8000,1000,0,1000,7000,0,7000,116000
07187P,臺股指台新99售10,0,0,0,0,0,0,0,0,0,115000,0,0,0,120000,5000,115000,115000
06926P,可成群益9A售04  ,0,0,0,0,0,0,0,0,0,115000,0,0,0,159000,44000,115000,115000
06369P,台積電凱基97售16,0,0,0,0,0,0,0,0,0,115000,0,0,0,180000,65000,115000,115000
061264,全新凱基9B購01  ,0,0,0,0,0,0,0,0,0,115000,0,0,0,147000,32000,115000,115000
060604,宏達電凱基9B購01,0,0,0,0,0,0,0,0,0,115000,0,0,0,186000,71000,115000,115000
046999,康控富邦99購01  ,0,0,0,0,0,0,0,0,0,115000,0,0,0,115000,0,115000,115000
057230,建準凱基98購02  ,0,0,0,0,0,0,0,0,0,115000,0,0,0,127000,12000,115000,115000
07941P,國巨凱基9B售07  ,0,0,0,0,0,0,0,0,0,115000,0,0,0,180000,65000,115000,115000
061944,聯電群益9B購01  ,0,0,0,0,0,0,0,0,0,114000,0,0,0,114000,0,114000,114000
05160P,國巨國票96售03  ,0,0,0,0,0,0,0,0,0,114000,0,0,0,149000,35000,114000,114000
055333,晶豪科兆豐97購01,0,0,0,0,0,0,0,0,0,114000,0,0,0,133000,19000,114000,114000
056943,華通統一99購01  ,0,0,0,0,0,0,0,0,0,114000,0,0,0,140000,26000,114000,114000
060503,技嘉元大9A購01  ,0,0,0,0,0,0,0,0,0,114000,0,0,0,295000,181000,114000,114000
2030,彰源            ,147000,33000,114000,0,0,0,0,0,0,0,0,0,0,0,0,0,114000
060781,台郡國泰9B購01  ,0,0,0,0,0,0,0,0,0,113000,0,0,0,170000,57000,113000,113000
054239,台郡群益96購02  ,0,0,0,0,0,0,0,0,0,113000,0,0,0,113000,0,113000,113000
055214,聯電凱基97購02  ,0,0,0,0,0,0,0,0,0,113000,0,0,0,203000,90000,113000,113000
053292,美律中信98購01  ,0,0,0,0,0,0,0,0,0,113000,0,0,0,123000,10000,113000,113000
057955,技嘉元大98購07  ,0,0,0,0,0,0,0,0,0,113000,0,0,0,328000,215000,113000,113000
058309,大毅元大99購02  ,0,0,0,0,0,0,0,0,0,113000,0,0,0,166000,53000,113000,113000
060536,祥碩麥證9A購01  ,0,0,0,122000,10000,112000,0,0,0,112000,0,0,0,122000,10000,112000,112000
05248P,矽創群益96售01  ,0,0,0,0,0,0,0,0,0,112000,0,0,0,138000,26000,112000,112000
00676R,富邦臺灣加權反1 ,0,0,0,0,0,0,0,0,0,112000,0,0,0,1207000,1095000,112000,112000
055138,大毅永豐97購02  ,0,0,0,0,0,0,0,0,0,112000,0,0,0,172000,60000,112000,112000
05910P,力山永豐96售02  ,0,0,0,0,0,0,0,0,0,112000,0,0,0,132000,20000,112000,112000
058273,同欣電永豐99購01,0,0,0,0,0,0,0,0,0,112000,0,0,0,152000,40000,112000,112000
058184,鴻海永豐99購01  ,0,70000,-70000,0,0,0,0,0,0,182000,0,0,0,262000,80000,182000,112000
057826,祥碩元大98購08  ,1000,0,1000,0,0,0,0,0,0,111000,0,0,0,121000,10000,111000,112000
060911,大毅元大9A購01  ,0,0,0,0,0,0,0,0,0,111000,0,0,0,222000,111000,111000,111000
061468,神達群益9A購01  ,0,0,0,0,0,0,0,0,0,111000,0,0,0,113000,2000,111000,111000
055217,緯創凱基97購02  ,0,0,0,0,0,0,0,0,0,111000,0,0,0,111000,0,111000,111000
059370,玉晶光元富99購02,0,0,0,0,0,0,0,0,0,111000,0,0,0,303000,192000,111000,111000
052800,國巨元大96購05  ,0,0,0,0,0,0,0,0,0,111000,0,0,0,111000,0,111000,111000
057055,立積元大99購01  ,0,0,0,0,0,0,0,0,0,111000,0,0,0,139000,28000,111000,111000
4739,康普            ,169000,74000,95000,0,0,0,22000,0,22000,-6000,4000,0,4000,0,10000,-10000,111000
06173P,華通元大97售02  ,0,0,0,0,0,0,0,0,0,110000,0,0,0,143000,33000,110000,110000
060639,玉晶光永豐9A購05,0,0,0,0,0,0,0,0,0,110000,0,0,0,110000,0,110000,110000
060640,京鼎永豐9A購01  ,0,0,0,0,0,0,0,0,0,110000,0,0,0,123000,13000,110000,110000
055611,燿華國票98購02  ,0,0,0,0,0,0,0,0,0,110000,0,0,0,130000,20000,110000,110000
042712,元石油國票95購01,0,0,0,0,0,0,0,0,0,110000,0,0,0,110000,0,110000,110000
053844,GIS統一96購01   ,0,0,0,0,0,0,0,0,0,110000,0,0,0,110000,0,110000,110000
060028,國揚永豐99購01  ,0,0,0,0,0,0,0,0,0,110000,0,0,0,165000,55000,110000,110000
056793,臺股指群益98購03,0,0,0,0,0,0,0,0,0,110000,0,0,0,110000,0,110000,110000
05861P,瀚宇博永豐96售02,0,0,0,0,0,0,0,0,0,110000,0,0,0,173000,63000,110000,110000
07524P,臺股指中信9B售06,0,0,0,0,0,0,0,0,0,110000,0,0,0,110000,0,110000,110000
07868P,健策元大9B售05  ,0,0,0,0,0,0,0,0,0,110000,0,0,0,121000,11000,110000,110000
061880,台郡元大9B購02  ,0,0,0,0,0,0,0,0,0,109000,0,0,0,209000,100000,109000,109000
054708,華通統一97購02  ,0,0,0,0,0,0,0,0,0,109000,0,0,0,151000,42000,109000,109000
05923P,旺宏元富96售05  ,0,0,0,0,0,0,0,0,0,109000,0,0,0,115000,6000,109000,109000
05443P,宏達電元大95售05,0,0,0,0,0,0,0,0,0,109000,0,0,0,119000,10000,109000,109000
053063,力山群益98購01  ,0,0,0,0,0,0,0,0,0,109000,0,0,0,110000,1000,109000,109000
059856,昇陽半永豐99購03,0,0,0,0,0,0,0,0,0,109000,0,0,0,109000,0,109000,109000
07615P,華通中信02售02  ,0,0,0,0,0,0,0,0,0,109000,0,0,0,109000,0,109000,109000
061673,仁寶元大9B購01  ,0,0,0,0,0,0,0,0,0,108000,0,0,0,176000,68000,108000,108000
061391,晶技群益9A購02  ,0,0,0,0,0,0,0,0,0,108000,0,0,0,108000,0,108000,108000
061347,創意元大9A購02  ,0,0,0,0,0,0,0,0,0,108000,0,0,0,183000,75000,108000,108000
062126,創意統一9B購01  ,0,0,0,0,0,0,0,0,0,108000,0,0,0,163000,55000,108000,108000
04838P,宏達電元大95售02,0,0,0,0,0,0,0,0,0,108000,0,0,0,108000,0,108000,108000
057639,國巨元大99購07  ,0,0,0,0,0,0,0,0,0,108000,0,0,0,150000,42000,108000,108000
058553,合勤控永豐99購01,0,0,0,0,0,0,0,0,0,108000,0,0,0,108000,0,108000,108000
058026,上銀富邦9A購01  ,0,0,0,0,0,0,0,0,0,108000,0,0,0,139000,31000,108000,108000
07938P,國巨統一9B售10  ,0,0,0,0,0,0,0,0,0,108000,0,0,0,118000,10000,108000,108000
049007,玉晶光中信96購01,0,0,0,0,0,0,0,0,0,107000,0,0,0,158000,51000,107000,107000
05873P,華通群益97售02  ,0,0,0,0,0,0,0,0,0,107000,0,0,0,130000,23000,107000,107000
058447,玉晶光富邦9A購02,0,0,0,0,0,0,0,0,0,107000,0,0,0,107000,0,107000,107000
056670,樺漢國票99購01  ,0,0,0,0,0,0,0,0,0,107000,0,0,0,270000,163000,107000,107000
6672,騰輝電子-KY     ,200000,84000,116000,0,0,0,0,0,0,-9000,0,9000,-9000,0,0,0,107000
062041,華擎凱基9C購01  ,0,0,0,0,0,0,0,0,0,106000,0,0,0,176000,70000,106000,106000
060798,旭富永豐9A購01  ,0,0,0,0,0,0,0,0,0,106000,0,0,0,260000,154000,106000,106000
052941,康控兆豐97購01  ,0,0,0,0,0,0,0,0,0,106000,0,0,0,350000,244000,106000,106000
051561,玉晶光國泰97購04,0,0,0,0,0,0,0,0,0,106000,0,0,0,227000,121000,106000,106000
059358,旺宏永豐99購02  ,0,0,0,0,0,0,0,0,0,106000,0,0,0,111000,5000,106000,106000
057447,智邦元富02購01  ,0,0,0,0,0,0,0,0,0,106000,0,0,0,190000,84000,106000,106000
058990,GIS凱基99購02   ,0,0,0,0,0,0,0,0,0,106000,0,0,0,275000,169000,106000,106000
06091P,華新科統一97售01,0,0,0,0,0,0,0,0,0,105000,0,0,0,120000,15000,105000,105000
054169,上緯控凱基98購01,0,0,0,0,0,0,0,0,0,105000,0,0,0,166000,61000,105000,105000
052895,台積電群益96購04,0,0,0,0,0,0,0,0,0,105000,0,0,0,120000,15000,105000,105000
053051,楠梓電國票97購01,0,0,0,0,0,0,0,0,0,105000,0,0,0,105000,0,105000,105000
055566,台表科凱基97購03,0,0,0,0,0,0,0,0,0,105000,0,0,0,137000,32000,105000,105000
053088,奇鋐元大98購01  ,0,0,0,0,0,0,0,0,0,105000,0,0,0,105000,0,105000,105000
053257,華通富邦97購01  ,0,0,0,0,0,0,0,0,0,105000,0,0,0,105000,0,105000,105000
058050,台郡元大99購05  ,0,0,0,0,0,0,0,0,0,105000,0,0,0,173000,68000,105000,105000
058170,國巨凱基9A購06  ,0,0,0,0,0,0,0,0,0,105000,0,0,0,140000,35000,105000,105000
060526,台積電中信9A購02,0,0,0,0,0,0,0,0,0,104000,0,0,0,158000,54000,104000,104000
061297,台積電富邦9C購09,0,0,0,0,0,0,0,0,0,104000,0,0,0,104000,0,104000,104000
061997,台郡元大9B購03  ,0,0,0,0,0,0,0,0,0,104000,0,0,0,104000,0,104000,104000
00739,元大MSCI A股    ,193000,1000,192000,0,0,0,0,0,0,-88000,0,0,0,250000,338000,-88000,104000
058312,大毅國泰9B購01  ,0,0,0,0,0,0,0,0,0,104000,0,0,0,121000,17000,104000,104000
057260,微星兆豐98購01  ,0,0,0,0,0,0,0,0,0,104000,0,0,0,145000,41000,104000,104000
1760,寶齡富錦        ,797100,1137000,-339900,0,0,0,349000,0,349000,94000,101000,7000,94000,0,0,0,103100
07246P,旺宏凱基99售08  ,0,0,0,0,0,0,0,0,0,103000,0,0,0,124000,21000,103000,103000
061350,牧德元大9B購03  ,0,0,0,0,0,0,0,0,0,103000,0,0,0,105000,2000,103000,103000
053219,祥碩凱基96購01  ,0,0,0,0,0,0,0,0,0,103000,0,0,0,103000,0,103000,103000
055178,晶豪科統一97購01,0,0,0,0,0,0,0,0,0,103000,0,0,0,190000,87000,103000,103000
057255,聯發科麥證98購02,0,0,0,103000,0,103000,0,0,0,103000,0,0,0,103000,0,103000,103000
060758,台積電元大9A購19,0,0,0,0,0,0,0,0,0,102000,0,0,0,872000,770000,102000,102000
052424,泰碩國票97購01  ,0,0,0,0,0,0,0,0,0,102000,0,0,0,122000,20000,102000,102000
059821,美律凱基99購08  ,0,0,0,0,0,0,0,0,0,102000,0,0,0,137000,35000,102000,102000
06046P,健策統一96售03  ,0,0,0,0,0,0,0,0,0,102000,0,0,0,574000,472000,102000,102000
9136,巨騰-DR         ,109000,7000,102000,0,0,0,0,0,0,0,0,0,0,0,0,0,102000
061368,南六國票9A購01  ,0,0,0,0,0,0,0,0,0,101000,0,0,0,110000,9000,101000,101000
061605,華新科凱基9A購14,0,0,0,0,0,0,0,0,0,101000,0,0,0,101000,0,101000,101000
07284P,大立光凱基99售10,0,0,0,0,0,0,0,0,0,101000,0,0,0,101000,0,101000,101000
00766L,台新MSCI中國正2 ,0,0,0,0,0,0,0,0,0,101000,0,0,0,296000,195000,101000,101000
00663L,國泰臺灣加權正2 ,21000,0,21000,0,0,0,0,0,0,80000,0,0,0,244000,164000,80000,101000
053587,京元電元大98購01,0,0,0,0,0,0,0,0,0,101000,0,0,0,101000,0,101000,101000
06023P,超眾國票96售03  ,0,0,0,0,0,0,0,0,0,101000,0,0,0,127000,26000,101000,101000
060056,大立光凱基9B購01,0,0,0,0,0,0,0,0,0,101000,0,0,0,101000,0,101000,101000
1527,鑽全            ,133000,36000,97000,0,0,0,0,0,0,4000,4000,0,4000,0,0,0,101000
06862P,大立光凱基98售16,0,0,0,0,0,0,0,0,0,100000,0,0,0,100000,0,100000,100000
062008,南亞科國泰9C購01,0,0,0,0,0,0,0,0,0,100000,0,0,0,222000,122000,100000,100000
062014,牧德富邦9C購01  ,0,0,0,0,0,0,0,0,0,100000,0,0,0,100000,0,100000,100000
061236,台積電元大9A購24,0,0,0,0,0,0,0,0,0,100000,0,0,0,100000,0,100000,100000
060791,聯茂富邦9A購02  ,0,0,0,0,0,0,0,0,0,100000,0,0,0,110000,10000,100000,100000
07457P,宏達電元大9A售01,0,0,0,0,0,0,0,0,0,100000,0,0,0,100000,0,100000,100000
05637P,聯電元大96售04  ,0,0,0,0,0,0,0,0,0,100000,0,0,0,100000,0,100000,100000
052699,友達國票97購01  ,0,0,0,0,0,0,0,0,0,100000,0,0,0,100000,0,100000,100000
047212,宏達電富邦97購01,0,0,0,0,0,0,0,0,0,100000,0,0,0,100000,0,100000,100000
047421,聯茂富邦97購01  ,0,0,0,0,0,0,0,0,0,100000,0,0,0,105000,5000,100000,100000
052309,健策國泰97購01  ,0,0,0,0,0,0,0,0,0,100000,0,0,0,290000,190000,100000,100000
052240,臻鼎國票96購03  ,0,0,0,0,0,0,0,0,0,100000,0,0,0,100000,0,100000,100000
053128,瀚宇博凱基96購01,0,0,0,0,0,0,0,0,0,100000,0,0,0,100000,0,100000,100000
055800,欣興永豐97購02  ,0,0,0,0,0,0,0,0,0,100000,0,0,0,100000,0,100000,100000
055856,新唐元大97購03  ,0,0,0,0,0,0,0,0,0,100000,0,0,0,100000,0,100000,100000
054862,群光群益97購01  ,0,0,0,0,0,0,0,0,0,100000,0,0,0,100000,0,100000,100000
054774,同欣電國票98購01,0,0,0,0,0,0,0,0,0,100000,0,0,0,100000,0,100000,100000
05396P,台郡元大95售05  ,0,0,0,0,0,0,0,0,0,100000,0,0,0,100000,0,100000,100000
055488,華邦電元大98購01,0,0,0,0,0,0,0,0,0,100000,0,0,0,100000,0,100000,100000
055402,正文元富97購02  ,0,0,0,0,0,0,0,0,0,100000,0,0,0,110000,10000,100000,100000
055055,精元永豐97購01  ,0,0,0,0,0,0,0,0,0,100000,0,0,0,100000,0,100000,100000
056012,勤誠中信99購01  ,0,0,0,0,0,0,0,0,0,100000,0,0,0,410000,310000,100000,100000
056028,GIS群益97購02   ,0,0,0,0,0,0,0,0,0,100000,0,0,0,100000,0,100000,100000
056916,台達電兆豐98購02,0,0,0,0,0,0,0,0,0,100000,0,0,0,100000,0,100000,100000
05683P,矽創元大96售01  ,0,0,0,0,0,0,0,0,0,100000,0,0,0,100000,0,100000,100000
05841P,華通元大96售04  ,0,0,0,0,0,0,0,0,0,100000,0,0,0,100000,0,100000,100000
056671,台灣50元富9A購01,0,0,0,0,0,0,0,0,0,100000,0,0,0,100000,0,100000,100000
056590,樺漢統一9A購01  ,0,0,0,0,0,0,0,0,0,100000,0,0,0,100000,0,100000,100000
057401,晶豪科群益99購01,0,0,0,0,0,0,0,0,0,100000,0,0,0,100000,0,100000,100000
07557P,玉晶光元大9A售09,0,0,0,0,0,0,0,0,0,100000,0,0,0,150000,50000,100000,100000
07501P,華新科元大9A售07,0,0,0,0,0,0,0,0,0,100000,0,0,0,117000,17000,100000,100000
07844P,可成國票9A售01  ,0,0,0,0,0,0,0,0,0,100000,0,0,0,202000,102000,100000,100000
061334,華通元大9A購09  ,0,0,0,0,0,0,0,0,0,99000,0,0,0,176000,77000,99000,99000
061889,祥碩富邦9B購01  ,0,0,0,0,0,0,0,0,0,99000,0,0,0,623000,524000,99000,99000
07385P,緯穎群益99售04  ,0,0,0,0,0,0,0,0,0,99000,0,0,0,107000,8000,99000,99000
055245,凱美統一99購01  ,0,0,0,0,0,0,0,0,0,99000,0,0,0,215000,116000,99000,99000
051582,聯發科元大97購02,0,0,0,0,0,0,0,0,0,99000,0,0,0,99000,0,99000,99000
059864,亞德客凱基99購01,0,0,0,0,0,0,0,0,0,99000,0,0,0,110000,11000,99000,99000
07966P,瑞祺群益9B售02  ,0,0,0,0,0,0,0,0,0,99000,0,0,0,317000,218000,99000,99000
3022,威強電          ,195000,96300,98700,0,0,0,0,0,0,0,0,0,0,0,0,0,98700
2208,台船            ,288960,191391,97569,0,0,0,0,0,0,1000,1000,0,1000,0,0,0,98569
06836P,玉晶光國票99售06,0,0,0,0,0,0,0,0,0,98000,0,0,0,548000,450000,98000,98000
061817,高鐵群益9B購01  ,0,0,0,0,0,0,0,0,0,98000,0,0,0,98000,0,98000,98000
061694,玉山金群益9A購01,0,0,0,0,0,0,0,0,0,98000,0,0,0,98000,0,98000,98000
061034,晶豪科永豐9A購01,0,0,0,0,0,0,0,0,0,98000,0,0,0,249000,151000,98000,98000
05161P,華新科國票96售01,0,0,0,0,0,0,0,0,0,98000,0,0,0,112000,14000,98000,98000
056403,茂林群益98購01  ,0,0,0,0,0,0,0,0,0,98000,0,0,0,98000,0,98000,98000
055531,華新科群益98購03,0,0,0,0,0,0,0,0,0,98000,0,0,0,128000,30000,98000,98000
053810,台達電群益96購01,0,0,0,0,0,0,0,0,0,98000,0,0,0,98000,0,98000,98000
055731,美律元富97購01  ,0,0,0,0,0,0,0,0,0,98000,0,0,0,98000,0,98000,98000
057107,華新科群益98購06,0,0,0,0,0,0,0,0,0,98000,0,0,0,98000,0,98000,98000
057698,奇力新群益98購02,0,0,0,0,0,0,0,0,0,98000,0,0,0,98000,0,98000,98000
057613,瑞昱元富02購02  ,0,0,0,0,0,0,0,0,0,98000,0,0,0,112000,14000,98000,98000
056786,亞光群益98購03  ,0,0,0,0,0,0,0,0,0,98000,0,0,0,98000,0,98000,98000
058923,華新科元富99購06,0,0,0,0,0,0,0,0,0,98000,0,0,0,98000,0,98000,98000
06621P,欣興元大98售06  ,0,0,0,0,0,0,0,0,0,97000,0,0,0,105000,8000,97000,97000
055112,晶豪科凱基98購01,0,0,0,0,0,0,0,0,0,97000,0,0,0,102000,5000,97000,97000
0055,元大MSCI金融    ,0,0,0,0,0,0,0,0,0,97000,0,0,0,140000,43000,97000,97000
058841,深中小群益01購01,0,0,0,0,0,0,0,0,0,97000,0,0,0,461000,364000,97000,97000
059096,百和元大99購04  ,0,0,0,0,0,0,0,0,0,97000,0,0,0,97000,0,97000,97000
062209,台積電台新9B購05,0,0,0,0,0,0,0,0,0,96000,0,0,0,100000,4000,96000,96000
061059,世芯國票9B購01  ,0,0,0,0,0,0,0,0,0,96000,0,0,0,181000,85000,96000,96000
055029,帆宣國泰99購01  ,0,0,0,0,0,0,0,0,0,96000,0,0,0,224000,128000,96000,96000
058427,大毅元富99購01  ,0,0,0,0,0,0,0,0,0,96000,0,0,0,116000,20000,96000,96000
07929P,旺宏統一9B售07  ,0,0,0,0,0,0,0,0,0,96000,0,0,0,110000,14000,96000,96000
07772P,華新科國票9A售05,0,0,0,0,0,0,0,0,0,96000,0,0,0,96000,0,96000,96000
060896,晶技凱基9A購02  ,0,0,0,0,0,0,0,0,0,95000,0,0,0,420000,325000,95000,95000
06051P,嘉聯益國票97售04,0,0,0,0,0,0,0,0,0,95000,0,0,0,118000,23000,95000,95000
061353,康控元大9A購01  ,0,0,0,0,0,0,0,0,0,95000,0,0,0,120000,25000,95000,95000
061979,友達元大9C購08  ,0,0,0,0,0,0,0,0,0,95000,0,0,0,269000,174000,95000,95000
06296P,燿華元大98售01  ,0,0,0,0,0,0,0,0,0,95000,0,0,0,155000,60000,95000,95000
05943P,欣興凱基96售03  ,0,0,0,0,0,0,0,0,0,95000,0,0,0,113000,18000,95000,95000
058507,美律元大9A購01  ,0,0,0,0,0,0,0,0,0,95000,0,0,0,217000,122000,95000,95000
057299,立積永豐98購02  ,0,0,0,0,0,0,0,0,0,95000,0,0,0,115000,20000,95000,95000
056846,晶相光元富98購01,0,0,0,0,0,0,0,0,0,95000,0,0,0,95000,0,95000,95000
06010P,國泰金元富96售01,0,0,0,0,0,0,0,0,0,95000,0,0,0,203000,108000,95000,95000
07742P,台積電凱基9A售25,0,0,0,0,0,0,0,0,0,95000,0,0,0,100000,5000,95000,95000
07578P,高鐵元大9A售02  ,0,0,0,0,0,0,0,0,0,95000,0,0,0,105000,10000,95000,95000
07988P,台積電台新9C售03,0,0,0,0,0,0,0,0,0,95000,0,0,0,145000,50000,95000,95000
4720,德淵            ,118000,23000,95000,0,0,0,0,0,0,0,0,0,0,0,0,0,95000
062208,旭富國票9C購01  ,0,0,0,0,0,0,0,0,0,94000,0,0,0,179000,85000,94000,94000
061718,GIS凱基9B購01   ,0,0,0,0,0,0,0,0,0,94000,0,0,0,215000,121000,94000,94000
059580,大立光元富99購07,0,0,0,0,0,0,0,0,0,94000,0,0,0,114000,20000,94000,94000
059256,臺股指凱基99購34,0,0,0,0,0,0,0,0,0,94000,0,0,0,139000,45000,94000,94000
056762,亞德客元大98購01,0,0,0,0,0,0,0,0,0,94000,0,0,0,175000,81000,94000,94000
6155,鈞寶            ,165000,69000,96000,0,0,0,0,0,0,-2000,0,2000,-2000,0,0,0,94000
6168,宏齊            ,141000,51000,90000,0,0,0,0,0,0,4000,4000,0,4000,0,0,0,94000
07834P,聯詠群益9A售03  ,0,0,0,0,0,0,0,0,0,94000,0,0,0,167000,73000,94000,94000
07434P,臺股指國票9A售06,0,0,0,0,0,0,0,0,0,93000,0,0,0,100000,7000,93000,93000
059375,道瓊反群益9C購02,0,0,0,0,0,0,0,0,0,93000,0,0,0,180000,87000,93000,93000
054533,泰碩國泰98購01  ,0,0,0,0,0,0,0,0,0,93000,0,0,0,201000,108000,93000,93000
053458,聯詠國泰97購01  ,0,0,0,0,0,0,0,0,0,93000,0,0,0,105000,12000,93000,93000
05666P,聯發科凱基96售14,0,0,0,0,0,0,0,0,0,93000,0,0,0,107000,14000,93000,93000
058140,臻鼎元大99購02  ,0,0,0,0,0,0,0,0,0,93000,0,0,0,93000,0,93000,93000
061521,亞光兆豐9A購02  ,0,0,0,0,0,0,0,0,0,92000,0,0,0,110000,18000,92000,92000
053516,茂林群益96購05  ,0,0,0,0,0,0,0,0,0,92000,0,0,0,147000,55000,92000,92000
055025,華新科國泰98購02,0,0,0,0,0,0,0,0,0,92000,0,0,0,98000,6000,92000,92000
6415,矽力-KY         ,1599000,1502665,96335,0,0,0,0,19000,-19000,14000,16000,1000,15000,6000,7000,-1000,91335
061458,臻鼎凱基9A購02  ,0,0,0,0,0,0,0,0,0,91000,0,0,0,95000,4000,91000,91000
061661,京鼎永豐9A購02  ,0,0,0,0,0,0,0,0,0,91000,0,0,0,91000,0,91000,91000
060650,奇力新中信9A購01,0,0,0,0,0,0,0,0,0,91000,0,0,0,100000,9000,91000,91000
062076,美律元大9B購02  ,0,0,0,0,0,0,0,0,0,91000,0,0,0,91000,0,91000,91000
062460,京鼎群益9C購01  ,0,0,0,0,0,0,0,0,0,91000,0,0,0,114000,23000,91000,91000
055820,矽力國票98購02  ,0,0,0,0,0,0,0,0,0,91000,0,0,0,280000,189000,91000,91000
044963,台積電中信96購01,0,0,0,0,0,0,0,0,0,91000,0,0,0,91000,0,91000,91000
060208,卜蜂康和9A購01  ,0,0,0,0,0,0,0,0,0,91000,0,0,0,97000,6000,91000,91000
07303P,臺股指元大9A售36,0,0,0,0,0,0,0,0,0,90000,0,0,0,190000,100000,90000,90000
06623P,立積元大98售04  ,0,0,0,0,0,0,0,0,0,90000,0,0,0,264000,174000,90000,90000
060949,祥碩中信9A購01  ,0,0,0,0,0,0,0,0,0,90000,0,0,0,192000,102000,90000,90000
061104,華新科元大9A購13,0,0,0,0,0,0,0,0,0,90000,0,0,0,90000,0,90000,90000
061555,聯電國票9B購01  ,0,0,0,0,0,0,0,0,0,90000,0,0,0,90000,0,90000,90000
053424,欣興永豐96購02  ,0,0,0,0,0,0,0,0,0,90000,0,0,0,100000,10000,90000,90000
050939,健鼎國票96購01  ,0,0,0,0,0,0,0,0,0,90000,0,0,0,90000,0,90000,90000
053459,康控國泰97購01  ,0,0,0,0,0,0,0,0,0,90000,0,0,0,90000,0,90000,90000
051985,智邦元大95購05  ,0,0,0,0,0,0,0,0,0,90000,0,0,0,90000,0,90000,90000
051923,聯發科日盛95購02,0,0,0,0,0,0,0,0,0,90000,0,0,0,90000,0,90000,90000
056351,鴻海元大98購06  ,0,0,0,0,0,0,0,0,0,90000,0,0,0,100000,10000,90000,90000
05605P,嘉聯益元大97售02,0,0,0,0,0,0,0,0,0,90000,0,0,0,100000,10000,90000,90000
054704,玉晶光第一97購01,0,0,0,0,0,0,0,0,0,90000,0,0,0,90000,0,90000,90000
055436,晶豪科中信99購01,0,0,0,0,0,0,0,0,0,90000,0,0,0,112000,22000,90000,90000
058013,SP黃豆凱基9A購01,0,0,0,0,0,0,0,0,0,90000,0,0,0,90000,0,90000,90000
058021,牧德凱基98購02  ,0,0,0,0,0,0,0,0,0,90000,0,0,0,90000,0,90000,90000
058952,南茂群益99購01  ,0,0,0,0,0,0,0,0,0,90000,0,0,0,188000,98000,90000,90000
058387,國巨國票9A購03  ,0,0,0,0,0,0,0,0,0,90000,0,0,0,107000,17000,90000,90000
057002,友達國票98購01  ,0,0,0,0,0,0,0,0,0,90000,0,0,0,90000,0,90000,90000
052693,微星中信96購01  ,0,0,0,0,0,0,0,0,0,89000,0,0,0,89000,0,89000,89000
00654R,富邦印度反1     ,37000,2000,35000,0,0,0,0,0,0,54000,0,0,0,99000,45000,54000,89000
057045,美律元大99購04  ,0,0,0,0,0,0,0,0,0,89000,0,0,0,157000,68000,89000,89000
058250,台虹元大99購01  ,0,0,0,0,0,0,0,0,0,89000,0,0,0,120000,31000,89000,89000
07865P,可成元大9B售02  ,0,0,0,0,0,0,0,0,0,89000,0,0,0,97000,8000,89000,89000
6533,晶心科          ,139000,56000,83000,0,0,0,0,0,0,6000,6000,0,6000,0,0,0,89000
052239,泰鼎國票97購01  ,0,0,0,0,0,0,0,0,0,88000,0,0,0,88000,0,88000,88000
051607,緯創群益96購02  ,0,0,0,0,0,0,0,0,0,88000,0,0,0,88000,0,88000,88000
059495,台灣50元富9C購02,0,0,0,0,0,0,0,0,0,88000,0,0,0,94000,6000,88000,88000
059289,瑞昱元富99購01  ,0,0,0,0,0,0,0,0,0,88000,0,0,0,89000,1000,88000,88000
059170,康控凱基9B購01  ,0,0,0,0,0,0,0,0,0,88000,0,0,0,148000,60000,88000,88000
054941,凱美元大97購01  ,0,0,0,0,0,0,0,0,0,88000,0,0,0,88000,0,88000,88000
07781P,高鐵凱基9A售02  ,0,0,0,0,0,0,0,0,0,88000,0,0,0,88000,0,88000,88000
06185P,台表科元大97售05,0,0,0,0,0,0,0,0,0,87000,0,0,0,90000,3000,87000,87000
06147P,國巨元大97售05  ,0,0,0,0,0,0,0,0,0,87000,0,0,0,99000,12000,87000,87000
062112,祥碩國票9C購01  ,0,0,0,0,0,0,0,0,0,87000,0,0,0,180000,93000,87000,87000
056114,台達電群益97購02,0,0,0,0,0,0,0,0,0,87000,0,0,0,97000,10000,87000,87000
056356,台積電元大99購01,0,0,0,0,0,0,0,0,0,87000,0,0,0,88000,1000,87000,87000
053249,致伸國票97購02  ,0,0,0,0,0,0,0,0,0,87000,0,0,0,103000,16000,87000,87000
05729P,臺股指凱基97售02,0,0,0,0,0,0,0,0,0,87000,0,0,0,114000,27000,87000,87000
05724P,致茂永豐96售01  ,0,0,0,0,0,0,0,0,0,87000,0,0,0,137000,50000,87000,87000
059926,世紀鋼國泰9B購01,0,0,0,0,0,0,0,0,0,87000,0,0,0,106000,19000,87000,87000
05964P,華通凱基96售06  ,0,0,0,0,0,0,0,0,0,87000,0,0,0,100000,13000,87000,87000
059688,燿華永豐99購01  ,0,0,0,0,0,0,0,0,0,87000,0,0,0,225000,138000,87000,87000
056506,晶豪科永豐98購02,0,0,0,0,0,0,0,0,0,87000,0,0,0,87000,0,87000,87000
07948P,大成鋼凱基9B售01,0,0,0,0,0,0,0,0,0,87000,0,0,0,437000,350000,87000,87000
07383P,聯發科群益99售06,0,0,0,0,0,0,0,0,0,86000,0,0,0,86000,0,86000,86000
07055P,景碩群益9A售02  ,0,0,0,0,0,0,0,0,0,86000,0,0,0,160000,74000,86000,86000
061782,智邦群益9B購01  ,0,0,0,0,0,0,0,0,0,86000,0,0,0,186000,100000,86000,86000
048422,瑞昱元富96購02  ,0,0,0,0,0,0,0,0,0,86000,0,0,0,98000,12000,86000,86000
059364,昇陽半永豐99購02,0,0,0,0,0,0,0,0,0,86000,0,0,0,90000,4000,86000,86000
07776P,國巨群益9B售02  ,0,0,0,0,0,0,0,0,0,86000,0,0,0,86000,0,86000,86000
061815,奇力新群益9B購02,0,0,0,0,0,0,0,0,0,85000,0,0,0,85000,0,85000,85000
061816,長榮航群益9B購02,0,0,0,0,0,0,0,0,0,85000,0,0,0,85000,0,85000,85000
061825,聯發科麥證9B購01,0,0,0,85000,0,85000,0,0,0,85000,0,0,0,85000,0,85000,85000
061487,聯發科兆豐9B購02,0,0,0,0,0,0,0,0,0,85000,0,0,0,85000,0,85000,85000
061383,高股息群益9A購01,0,0,0,0,0,0,0,0,0,85000,0,0,0,85000,0,85000,85000
060768,鴻海麥證9A購02  ,0,0,0,85000,0,85000,0,0,0,85000,0,0,0,85000,0,85000,85000
062026,華邦電群益9B購01,0,0,0,0,0,0,0,0,0,85000,0,0,0,183000,98000,85000,85000
062020,智伸科永豐9B購01,0,0,0,0,0,0,0,0,0,85000,0,0,0,95000,10000,85000,85000
062381,上銀國泰9C購01  ,0,0,0,0,0,0,0,0,0,85000,0,0,0,85000,0,85000,85000
062458,全新群益9B購03  ,0,0,0,0,0,0,0,0,0,85000,0,0,0,85000,0,85000,85000
062291,力成富邦9B購01  ,0,0,0,0,0,0,0,0,0,85000,0,0,0,85000,0,85000,85000
062351,瑞祺群益9C購01  ,0,0,0,0,0,0,0,0,0,85000,0,0,0,85000,0,85000,85000
059159,上銀凱基99購05  ,0,0,0,0,0,0,0,0,0,85000,0,0,0,86000,1000,85000,85000
055639,上銀元富97購02  ,0,0,0,0,0,0,0,0,0,85000,0,0,0,163000,78000,85000,85000
052691,GIS元大96購01   ,0,0,0,0,0,0,0,0,0,85000,0,0,0,171000,86000,85000,85000
056509,晶相光永豐98購01,0,0,0,0,0,0,0,0,0,85000,0,0,0,85000,0,85000,85000
059723,美律元大9A購02  ,0,0,0,0,0,0,0,0,0,85000,0,0,0,112000,27000,85000,85000
057612,瑞昱元富02購01  ,0,0,0,0,0,0,0,0,0,85000,0,0,0,113000,28000,85000,85000
058645,康控富邦01購01  ,0,0,0,0,0,0,0,0,0,85000,0,0,0,110000,25000,85000,85000
060246,晶相光元大9C購03,0,0,0,0,0,0,0,0,0,85000,0,0,0,241000,156000,85000,85000
9105,泰金寶-DR       ,105000,20000,85000,0,0,0,0,0,0,0,0,0,0,0,0,0,85000
06576P,台光電群益98售03,0,0,0,0,0,0,0,0,0,84000,0,0,0,84000,0,84000,84000
055805,矽力永豐97購01  ,0,0,0,0,0,0,0,0,0,84000,0,0,0,194000,110000,84000,84000
058153,景碩統一9B購01  ,0,0,0,0,0,0,0,0,0,84000,0,0,0,211000,127000,84000,84000
060667,力成凱基9A購01  ,0,0,0,0,0,0,0,0,0,83000,0,0,0,253000,170000,83000,83000
061854,祥碩國票9B購02  ,0,0,0,0,0,0,0,0,0,83000,0,0,0,83000,0,83000,83000
07791P,奇鋐元大9A售02  ,0,0,0,0,0,0,0,0,0,83000,0,0,0,140000,57000,83000,83000
061776,晶技國票9B購01  ,0,0,0,0,0,0,0,0,0,82000,0,0,0,82000,0,82000,82000
055440,矽力國票98購01  ,0,0,0,0,0,0,0,0,0,82000,0,0,0,108000,26000,82000,82000
056160,智易凱基97購03  ,0,0,0,0,0,0,0,0,0,82000,0,0,0,113000,31000,82000,82000
053064,國巨群益96購04  ,0,0,0,0,0,0,0,0,0,82000,0,0,0,104000,22000,82000,82000
057074,立積永豐98購01  ,0,0,0,0,0,0,0,0,0,82000,0,0,0,125000,43000,82000,82000
9910,豐泰            ,1030379,720600,309779,0,0,0,0,232000,-232000,4000,4000,0,4000,0,0,0,81779
061740,華新科凱基03購01,0,0,0,0,0,0,0,0,0,81000,0,0,0,85000,4000,81000,81000
062331,大立光統一9B購10,0,0,0,0,0,0,0,0,0,81000,0,0,0,81000,0,81000,81000
06377P,華通統一97售04  ,0,0,0,0,0,0,0,0,0,81000,0,0,0,174000,93000,81000,81000
052700,奇鋐國票97購02  ,0,0,0,0,0,0,0,0,0,81000,0,0,0,299000,218000,81000,81000
055459,建準永豐97購03  ,0,0,0,0,0,0,0,0,0,81000,0,0,0,81000,0,81000,81000
053998,泰鼎群益98購01  ,0,0,0,0,0,0,0,0,0,81000,0,0,0,83000,2000,81000,81000
059119,華擎永豐99購02  ,0,0,0,0,0,0,0,0,0,81000,0,0,0,83000,2000,81000,81000
057862,智邦凱基99購01  ,0,0,0,0,0,0,0,0,0,81000,0,0,0,141000,60000,81000,81000
061969,大立光統一01購02,0,0,0,0,0,0,0,0,0,80000,0,0,0,145000,65000,80000,80000
061682,南電元大9B購01  ,0,0,0,0,0,0,0,0,0,80000,0,0,0,90000,10000,80000,80000
061502,嘉澤國票9A購02  ,0,0,0,0,0,0,0,0,0,80000,0,0,0,80000,0,80000,80000
061064,可成凱基9B購02  ,0,0,0,0,0,0,0,0,0,80000,0,0,0,110000,30000,80000,80000
055849,聯詠元大97購05  ,0,0,0,0,0,0,0,0,0,80000,0,0,0,163000,83000,80000,80000
055432,臻鼎群益97購02  ,0,0,0,0,0,0,0,0,0,80000,0,0,0,178000,98000,80000,80000
059173,矽力凱基99購01  ,0,0,0,0,0,0,0,0,0,80000,0,0,0,85000,5000,80000,80000
052727,仁寶元富96購01  ,0,0,0,0,0,0,0,0,0,80000,0,0,0,290000,210000,80000,80000
051840,康友國泰97購02  ,0,0,0,0,0,0,0,0,0,80000,0,0,0,80000,0,80000,80000
051938,旭富群益95購01  ,0,0,0,0,0,0,0,0,0,80000,0,0,0,80000,0,80000,80000
054374,信邦中信96購01  ,0,0,0,0,0,0,0,0,0,80000,0,0,0,110000,30000,80000,80000
053181,滬深2X元富99購02,0,0,0,0,0,0,0,0,0,80000,0,0,0,80000,0,80000,80000
050099,台積電永昌96購01,0,0,0,0,0,0,0,0,0,80000,0,0,0,80000,0,80000,80000
060425,凌華永豐9A購01  ,0,0,0,0,0,0,0,0,0,80000,0,0,0,80000,0,80000,80000
056823,智伸科永豐98購01,0,0,0,0,0,0,0,0,0,80000,0,0,0,80000,0,80000,80000
056495,泰鼎國泰99購01  ,0,0,0,0,0,0,0,0,0,80000,0,0,0,80000,0,80000,80000
057102,亞光中信9A購01  ,0,0,0,0,0,0,0,0,0,80000,0,0,0,80000,0,80000,80000
056696,茂林群益98購02  ,0,0,0,0,0,0,0,0,0,80000,0,0,0,80000,0,80000,80000
6591,動力-KY         ,114000,32000,82000,0,0,0,0,0,0,-2000,2000,4000,-2000,0,0,0,80000
07963P,智邦統一9B售01  ,0,0,0,0,0,0,0,0,0,80000,0,0,0,118000,38000,80000,80000
060960,金像電凱基9B購01,2000,20000,-18000,0,0,0,0,0,0,97000,0,0,0,725000,628000,97000,79000
06515P,國巨凱基98售06  ,0,0,0,0,0,0,0,0,0,79000,0,0,0,115000,36000,79000,79000
055403,泰鼎元富97購01  ,0,0,0,0,0,0,0,0,0,79000,0,0,0,123000,44000,79000,79000
059215,台積電元大99購28,0,0,0,0,0,0,0,0,0,79000,0,0,0,80000,1000,79000,79000
06897P,FBVIX群益01售01 ,0,0,0,0,0,0,0,0,0,78000,0,0,0,78000,0,78000,78000
07421P,國泰金元大99售01,0,0,0,0,0,0,0,0,0,78000,0,0,0,141000,63000,78000,78000
06232P,智易永豐97售01  ,0,0,0,0,0,0,0,0,0,78000,0,0,0,78000,0,78000,78000
062339,瑞昱麥證9C購01  ,0,0,0,85000,7000,78000,0,0,0,78000,0,0,0,85000,7000,78000,78000
061102,台積電元大9A購22,0,0,0,0,0,0,0,0,0,78000,0,0,0,78000,0,78000,78000
061044,世紀鋼永豐9A購02,0,0,0,0,0,0,0,0,0,78000,0,0,0,79000,1000,78000,78000
061882,矽創元大9B購01  ,0,0,0,0,0,0,0,0,0,78000,0,0,0,78000,0,78000,78000
055974,上銀統一97購05  ,0,0,0,0,0,0,0,0,0,78000,0,0,0,78000,0,78000,78000
052005,矽力國泰97購02  ,0,0,0,0,0,0,0,0,0,78000,0,0,0,78000,0,78000,78000
059785,美律元大9A購03  ,0,0,0,0,0,0,0,0,0,78000,0,0,0,126000,48000,78000,78000
060001,台灣50群益9A購10,0,0,0,0,0,0,0,0,0,78000,0,0,0,84000,6000,78000,78000
05708P,奇力新國票97售04,0,0,0,0,0,0,0,0,0,78000,0,0,0,240000,162000,78000,78000
057090,奇力新元富98購02,0,0,0,0,0,0,0,0,0,78000,0,0,0,98000,20000,78000,78000
059042,世紀鋼群益99購02,0,0,0,0,0,0,0,0,0,78000,0,0,0,103000,25000,78000,78000
07952P,富邦金元大9B售02,0,0,0,0,0,0,0,0,0,78000,0,0,0,94000,16000,78000,78000
1717,長興            ,524000,431000,93000,0,0,0,0,8000,-8000,-7000,0,7000,-7000,0,0,0,78000
6552,易華電          ,163000,94000,69000,0,0,0,0,0,0,9000,11000,0,11000,1000,3000,-2000,78000
061585,台積電富邦9B購06,0,0,0,0,0,0,0,0,0,77000,0,0,0,87000,10000,77000,77000
061489,高鐵兆豐9A購01  ,0,0,0,0,0,0,0,0,0,77000,0,0,0,77000,0,77000,77000
061160,瑞祺群益9A購01  ,0,0,0,0,0,0,0,0,0,77000,0,0,0,117000,40000,77000,77000
06954P,大立光元富99售01,0,0,0,0,0,0,0,0,0,77000,0,0,0,152000,75000,77000,77000
03678C,臺股指凱基01牛02,0,0,0,0,0,0,0,0,0,77000,0,0,0,273000,196000,77000,77000
04731P,臺股指中信96售03,0,0,0,0,0,0,0,0,0,77000,0,0,0,169000,92000,77000,77000
059965,鴻海凱基99購16  ,0,0,0,0,0,0,0,0,0,77000,0,0,0,87000,10000,77000,77000
07076P,鴻海凱基9A售08  ,0,0,0,0,0,0,0,0,0,76000,0,0,0,156000,80000,76000,76000
062153,智邦麥證9B購01  ,0,0,0,86000,10000,76000,0,0,0,76000,0,0,0,86000,10000,76000,76000
060848,聯茂國票9A購02  ,0,0,0,0,0,0,0,0,0,76000,0,0,0,102000,26000,76000,76000
055249,大毅統一99購01  ,0,0,0,0,0,0,0,0,0,76000,0,0,0,80000,4000,76000,76000
057027,祥碩凱基98購01  ,0,0,0,0,0,0,0,0,0,76000,0,0,0,76000,0,76000,76000
057454,上銀國泰99購02  ,0,0,0,0,0,0,0,0,0,76000,0,0,0,76000,0,76000,76000
060112,祥碩元大99購04  ,0,0,0,0,0,0,0,0,0,76000,0,0,0,168000,92000,76000,76000
07847P,國巨群益9A售13  ,0,0,0,0,0,0,0,0,0,76000,0,0,0,89000,13000,76000,76000
2485,兆赫            ,255000,171000,84000,0,0,0,0,0,0,-8000,2000,10000,-8000,0,0,0,76000
061050,康友中信9A購01  ,0,0,0,0,0,0,0,0,0,75000,0,0,0,133000,58000,75000,75000
062031,臻鼎群益9B購01  ,0,0,0,0,0,0,0,0,0,75000,0,0,0,78000,3000,75000,75000
055421,玉晶光永豐98購04,0,0,0,0,0,0,0,0,0,75000,0,0,0,88000,13000,75000,75000
054903,億光康和97購02  ,0,0,0,0,0,0,0,0,0,75000,0,0,0,75000,0,75000,75000
060042,台積電群益99購12,0,0,0,0,0,0,0,0,0,75000,0,0,0,186000,111000,75000,75000
056552,台表科凱基99購01,40000,0,40000,0,0,0,0,0,0,35000,0,0,0,301000,266000,35000,75000
059123,訊芯永豐99購03  ,0,0,0,0,0,0,0,0,0,75000,0,0,0,143000,68000,75000,75000
6451,訊芯-KY         ,215000,146000,69000,0,0,0,0,0,0,6000,5000,2000,3000,8000,5000,3000,75000
6670,復盛應用        ,196000,105481,90519,0,0,0,0,10000,-10000,-6000,0,6000,-6000,1000,1000,0,74519
061114,南電元大9A購04  ,0,0,0,0,0,0,0,0,0,74000,0,0,0,87000,13000,74000,74000
060942,智邦國票9A購02  ,0,0,0,0,0,0,0,0,0,74000,0,0,0,207000,133000,74000,74000
061226,台積電中信9A購05,0,0,0,0,0,0,0,0,0,74000,0,0,0,75000,1000,74000,74000
061645,超眾元大9A購06  ,0,0,0,0,0,0,0,0,0,74000,0,0,0,84000,10000,74000,74000
059140,大立光兆豐9A購02,0,0,0,0,0,0,0,0,0,74000,0,0,0,104000,30000,74000,74000
051404,牧德永豐96購01  ,0,0,0,0,0,0,0,0,0,74000,0,0,0,74000,0,74000,74000
3588,通嘉            ,150000,75000,75000,0,0,0,0,0,0,-1000,0,1000,-1000,0,0,0,74000
061872,友達元大9C購06  ,0,0,0,0,0,0,0,0,0,73000,0,0,0,73000,0,73000,73000
061736,國巨凱基9B購05  ,0,0,0,0,0,0,0,0,0,73000,0,0,0,100000,27000,73000,73000
061471,台積電元大9A購31,0,0,0,0,0,0,0,0,0,73000,0,0,0,108000,35000,73000,73000
061445,道瓊指中信9A購01,0,0,0,0,0,0,0,0,0,73000,0,0,0,73000,0,73000,73000
062205,奇力新國票9C購01,0,0,0,0,0,0,0,0,0,73000,0,0,0,78000,5000,73000,73000
07352P,台積電國票99售11,0,0,0,0,0,0,0,0,0,73000,0,0,0,100000,27000,73000,73000
07365P,超眾元大99售07  ,0,0,0,0,0,0,0,0,0,73000,0,0,0,141000,68000,73000,73000
01003T,兆豐新光R1      ,80000,7000,73000,0,0,0,0,0,0,0,0,0,0,0,0,0,73000
055533,大立光群益97購03,0,0,0,0,0,0,0,0,0,73000,0,0,0,98000,25000,73000,73000
05590P,臺股指中信96售05,0,0,0,0,0,0,0,0,0,73000,0,0,0,149000,76000,73000,73000
059913,台積電元大99購44,0,0,0,0,0,0,0,0,0,73000,0,0,0,73000,0,73000,73000
058781,康友國票9A購01  ,0,0,0,0,0,0,0,0,0,73000,0,0,0,133000,60000,73000,73000
057803,上銀元大98購08  ,0,0,0,0,0,0,0,0,0,73000,0,0,0,83000,10000,73000,73000
3031,佰鴻            ,148000,78000,70000,0,0,0,0,0,0,3000,3000,0,3000,0,0,0,73000
07764P,世紀鋼永豐9A售04,0,0,0,0,0,0,0,0,0,73000,0,0,0,122000,49000,73000,73000
062197,聯發科中信01購03,0,0,0,0,0,0,0,0,0,72000,0,0,0,72000,0,72000,72000
061981,聯發科元大9B購02,0,0,0,0,0,0,0,0,0,72000,0,0,0,73000,1000,72000,72000
060730,台積電群益9A購03,0,0,0,0,0,0,0,0,0,72000,0,0,0,144000,72000,72000,72000
060293,緯創元大9A購01  ,0,0,0,0,0,0,0,0,0,72000,0,0,0,187000,115000,72000,72000
058292,上銀凱基9A購01  ,0,0,0,0,0,0,0,0,0,72000,0,0,0,72000,0,72000,72000
056577,玉晶光元大99購06,0,0,0,0,0,0,0,0,0,72000,0,0,0,271000,199000,72000,72000
07825P,健策國泰9B售04  ,0,0,0,0,0,0,0,0,0,72000,0,0,0,328000,256000,72000,72000
060998,華通兆豐9A購01  ,0,0,0,0,0,0,0,0,0,71000,0,0,0,71000,0,71000,71000
07280P,FBVIX凱基99售01 ,0,0,0,0,0,0,0,0,0,71000,0,0,0,71000,0,71000,71000
07145P,為升元大99售03  ,0,0,0,0,0,0,0,0,0,71000,0,0,0,71000,0,71000,71000
06592P,欣興元大98售04  ,0,0,0,0,0,0,0,0,0,71000,0,0,0,180000,109000,71000,71000
053477,大立光元大97購03,0,0,0,0,0,0,0,0,0,71000,0,0,0,71000,0,71000,71000
056533,友達凱基9A購02  ,0,0,0,0,0,0,0,0,0,71000,0,0,0,71000,0,71000,71000
057445,華通元富02購01  ,0,0,0,0,0,0,0,0,0,71000,0,0,0,91000,20000,71000,71000
060200,同欣電元富9A購01,0,0,0,0,0,0,0,0,0,71000,0,0,0,71000,0,71000,71000
06848P,聯詠元大98售04  ,0,0,0,0,0,0,0,0,0,70000,0,0,0,70000,0,70000,70000
06773P,台灣50兆豐9A售01,0,0,0,0,0,0,0,0,0,70000,0,0,0,80000,10000,70000,70000
061004,友達兆豐9A購01  ,0,0,0,0,0,0,0,0,0,70000,0,0,0,70000,0,70000,70000
060635,義隆永豐9A購01  ,0,0,0,0,0,0,0,0,0,70000,0,0,0,70000,0,70000,70000
061580,華擎元大9A購06  ,0,0,0,0,0,0,0,0,0,70000,0,0,0,172000,102000,70000,70000
053524,聯電中信97購02  ,0,0,0,0,0,0,0,0,0,70000,0,0,0,70000,0,70000,70000
056358,友訊元大99購01  ,0,0,0,0,0,0,0,0,0,70000,0,0,0,120000,50000,70000,70000
052512,全新凱基96購03  ,0,0,0,0,0,0,0,0,0,70000,0,0,0,70000,0,70000,70000
054820,新日興元大97購01,0,0,0,0,0,0,0,0,0,70000,0,0,0,71000,1000,70000,70000
054170,泰鼎凱基98購01  ,0,0,0,0,0,0,0,0,0,70000,0,0,0,70000,0,70000,70000
054788,華新科群益98購02,0,0,0,0,0,0,0,0,0,70000,0,0,0,70000,0,70000,70000
056972,祥碩永豐98購02  ,0,0,0,0,0,0,0,0,0,70000,0,0,0,258000,188000,70000,70000
060077,台積電台新9B購01,0,0,0,0,0,0,0,0,0,70000,0,0,0,80000,10000,70000,70000
058262,大立光富邦9C購02,0,0,0,0,0,0,0,0,0,70000,0,0,0,100000,30000,70000,70000
056573,華新科元大99購06,0,0,0,0,0,0,0,0,0,70000,0,0,0,70000,0,70000,70000
058318,致茂永豐9A購01  ,0,0,0,0,0,0,0,0,0,70000,0,0,0,206000,136000,70000,70000
058803,世紀鋼元大99購03,0,0,0,0,0,0,0,0,0,70000,0,0,0,254000,184000,70000,70000
07618P,大立光中信9A售06,0,0,0,0,0,0,0,0,0,70000,0,0,0,70000,0,70000,70000
061511,緯穎富邦9B購02  ,0,0,0,0,0,0,0,0,0,69000,0,0,0,203000,134000,69000,69000
060961,台光電凱基9A購03,0,0,0,0,0,0,0,0,0,69000,0,0,0,86000,17000,69000,69000
055126,嘉澤兆豐97購01  ,0,0,0,0,0,0,0,0,0,69000,0,0,0,69000,0,69000,69000
054950,奇力新元大98購02,0,0,0,0,0,0,0,0,0,69000,0,0,0,69000,0,69000,69000
054951,大毅元大97購01  ,0,0,0,0,0,0,0,0,0,69000,0,0,0,78000,9000,69000,69000
048859,玉晶光群益96購02,0,0,0,0,0,0,0,0,0,69000,0,0,0,69000,0,69000,69000
00638R,元大滬深300反1  ,7000,666000,-659000,0,0,0,0,0,0,728000,0,0,0,786000,58000,728000,69000
058149,百和元大99購02  ,0,0,0,0,0,0,0,0,0,69000,0,0,0,69000,0,69000,69000
058851,大立光群益99購07,0,0,0,0,0,0,0,0,0,69000,0,0,0,109000,40000,69000,69000
1609,大亞            ,528000,486000,42000,0,0,0,0,0,0,27000,27000,0,27000,0,0,0,69000
2480,敦陽科          ,107000,37000,70000,0,0,0,0,0,0,-1000,0,1000,-1000,0,0,0,69000
060686,康友元大9A購02  ,0,0,0,0,0,0,0,0,0,68000,0,0,0,72000,4000,68000,68000
061738,聯發科凱基9B購04,0,0,0,0,0,0,0,0,0,68000,0,0,0,68000,0,68000,68000
062069,喬山元大9B購01  ,0,0,0,0,0,0,0,0,0,68000,0,0,0,68000,0,68000,68000
062097,台光電永豐9B購01,0,0,0,0,0,0,0,0,0,68000,0,0,0,68000,0,68000,68000
062323,上銀統一9B購03  ,0,0,0,0,0,0,0,0,0,68000,0,0,0,79000,11000,68000,68000
006208,富邦台50        ,3000,3000,0,0,0,0,0,0,0,68000,0,0,0,584000,516000,68000,68000
050135,禾伸堂兆豐95購01,0,0,0,0,0,0,0,0,0,68000,0,0,0,68000,0,68000,68000
055592,奇力新元大97購07,0,0,0,0,0,0,0,0,0,68000,0,0,0,68000,0,68000,68000
053710,華通凱基96購05  ,0,0,0,0,0,0,0,0,0,68000,0,0,0,68000,0,68000,68000
056199,美律永豐97購01  ,0,0,0,0,0,0,0,0,0,68000,0,0,0,68000,0,68000,68000
056057,華邦電元大97購05,0,0,0,0,0,0,0,0,0,68000,0,0,0,68000,0,68000,68000
058604,華邦電元大99購03,0,0,0,0,0,0,0,0,0,68000,0,0,0,68000,0,68000,68000
058152,聯發科統一9B購02,0,0,0,0,0,0,0,0,0,68000,0,0,0,68000,0,68000,68000
057982,帆宣永豐98購01  ,0,0,0,0,0,0,0,0,0,68000,0,0,0,68000,0,68000,68000
058251,百和元大99購03  ,0,0,0,0,0,0,0,0,0,68000,0,0,0,68000,0,68000,68000
056988,聚陽兆豐98購01  ,0,0,0,0,0,0,0,0,0,68000,0,0,0,68000,0,68000,68000
056971,麗豐永豐98購01  ,0,0,0,0,0,0,0,0,0,68000,0,0,0,68000,0,68000,68000
057808,旺宏元大99購05  ,0,0,0,0,0,0,0,0,0,68000,0,0,0,68000,0,68000,68000
060413,東元永豐9A購01  ,0,0,0,0,0,0,0,0,0,68000,0,0,0,68000,0,68000,68000
060439,台灣50元大9C購26,0,0,0,0,0,0,0,0,0,68000,0,0,0,68000,0,68000,68000
060431,復盛永豐9A購01  ,0,0,0,0,0,0,0,0,0,68000,0,0,0,68000,0,68000,68000
057484,南亞科元大98購06,0,0,0,0,0,0,0,0,0,68000,0,0,0,68000,0,68000,68000
057442,玉晶光統一98購03,0,0,0,0,0,0,0,0,0,68000,0,0,0,68000,0,68000,68000
056621,宏達電永豐98購01,0,0,0,0,0,0,0,0,0,68000,0,0,0,68000,0,68000,68000
057010,景碩中信98購01  ,0,0,0,0,0,0,0,0,0,68000,0,0,0,103000,35000,68000,68000
057172,南亞科元大98購03,0,0,0,0,0,0,0,0,0,68000,0,0,0,68000,0,68000,68000
06634P,欣興國票98售02  ,0,0,0,0,0,0,0,0,0,67000,0,0,0,67000,0,67000,67000
061472,台積電元大9A購32,0,0,0,0,0,0,0,0,0,67000,0,0,0,68000,1000,67000,67000
061421,台積電元大9A購29,0,0,0,0,0,0,0,0,0,67000,0,0,0,68000,1000,67000,67000
054589,聯鈞國泰99購01  ,0,0,0,0,0,0,0,0,0,67000,0,0,0,127000,60000,67000,67000
058431,國巨統一9B購01  ,0,0,0,0,0,0,0,0,0,67000,0,0,0,273000,206000,67000,67000
058047,可成元大98購11  ,0,0,0,0,0,0,0,0,0,67000,0,0,0,68000,1000,67000,67000
3535,晶彩科          ,132000,79000,53000,0,0,0,0,0,0,14000,14000,0,14000,0,0,0,67000
07739P,緯穎永豐9A售01  ,0,0,0,0,0,0,0,0,0,67000,0,0,0,67000,0,67000,67000
07149P,健鼎元大99售03  ,0,0,0,0,0,0,0,0,0,66000,0,0,0,148000,82000,66000,66000
055108,智邦凱基98購01  ,0,0,0,0,0,0,0,0,0,66000,0,0,0,74000,8000,66000,66000
059166,友達凱基99購05  ,0,0,0,0,0,0,0,0,0,66000,0,0,0,68000,2000,66000,66000
053784,奇力新元大97購02,0,0,0,0,0,0,0,0,0,66000,0,0,0,66000,0,66000,66000
053006,玉晶光永豐96購03,0,0,0,0,0,0,0,0,0,66000,0,0,0,96000,30000,66000,66000
058691,友訊國票9A購01  ,0,0,0,0,0,0,0,0,0,66000,0,0,0,88000,22000,66000,66000
058750,緯穎凱基9A購03  ,0,0,0,0,0,0,0,0,0,66000,0,0,0,80000,14000,66000,66000
07838P,泰碩元大9A售04  ,0,0,0,0,0,0,0,0,0,66000,0,0,0,103000,37000,66000,66000
06503P,臺股指中信9A售02,0,0,0,0,0,0,0,0,0,65000,0,0,0,77000,12000,65000,65000
06718P,聯詠元大98售01  ,0,0,0,0,0,0,0,0,0,65000,0,0,0,65000,0,65000,65000
060811,亞德客凱基9A購02,0,0,0,0,0,0,0,0,0,65000,0,0,0,103000,38000,65000,65000
060527,台積電中信9C購04,0,0,0,0,0,0,0,0,0,65000,0,0,0,65000,0,65000,65000
060360,南亞科元富9A購02,0,0,0,0,0,0,0,0,0,65000,0,0,0,75000,10000,65000,65000
060232,友訊元大9C購01  ,0,0,0,0,0,0,0,0,0,65000,0,0,0,136000,71000,65000,65000
061623,祥碩群益9A購01  ,0,0,0,0,0,0,0,0,0,64000,0,0,0,75000,11000,64000,64000
06517P,國巨凱基98售09  ,0,0,0,0,0,0,0,0,0,64000,0,0,0,70000,6000,64000,64000
06424P,大成鋼永豐97售01,0,0,0,0,0,0,0,0,0,64000,0,0,0,84000,20000,64000,64000
06553P,訊芯元大98售05  ,0,0,0,0,0,0,0,0,0,64000,0,0,0,174000,110000,64000,64000
00668,國泰美國道瓊    ,0,0,0,0,0,0,0,0,0,64000,0,0,0,84000,20000,64000,64000
04854P,鴻海國泰96售04  ,0,0,0,0,0,0,0,0,0,64000,0,0,0,141000,77000,64000,64000
054967,神達元大97購01  ,0,0,0,0,0,0,0,0,0,64000,0,0,0,90000,26000,64000,64000
054166,日電貿凱基98購01,0,0,0,0,0,0,0,0,0,64000,0,0,0,100000,36000,64000,64000
057506,聯鈞國票99購02  ,0,0,0,0,0,0,0,0,0,64000,0,0,0,78000,14000,64000,64000
057507,貿聯國票98購02  ,0,0,0,0,0,0,0,0,0,64000,0,0,0,64000,0,64000,64000
056559,華通群益98購02  ,0,0,0,0,0,0,0,0,0,64000,0,0,0,308000,244000,64000,64000
057113,祥碩群益98購01  ,0,0,0,0,0,0,0,0,0,64000,0,0,0,242000,178000,64000,64000
07894P,燿華元大9B售01  ,0,0,0,0,0,0,0,0,0,64000,0,0,0,348000,284000,64000,64000
1316,上曜            ,116000,58000,58000,0,0,0,0,0,0,6000,6000,0,6000,0,0,0,64000
06411P,晶相光永豐97售03,0,0,0,0,0,0,0,0,0,63000,0,0,0,167000,104000,63000,63000
061169,GIS兆豐9A購01   ,0,0,0,0,0,0,0,0,0,63000,0,0,0,167000,104000,63000,63000
054717,亞德客永豐97購01,0,0,0,0,0,0,0,0,0,63000,0,0,0,82000,19000,63000,63000
059178,臺股指凱基99購30,0,0,0,0,0,0,0,0,0,63000,0,0,0,83000,20000,63000,63000
060271,台灣50元大9C購23,0,0,0,0,0,0,0,0,0,63000,0,0,0,63000,0,63000,63000
058146,勤誠元大99購01  ,0,0,0,0,0,0,0,0,0,63000,0,0,0,176000,113000,63000,63000
060538,S&P反1凱基9A購01,0,0,0,0,0,0,0,0,0,62000,0,0,0,67000,5000,62000,62000
07011P,宏達電凱基99售02,0,0,0,0,0,0,0,0,0,62000,0,0,0,63000,1000,62000,62000
059350,樺漢凱基9A購01  ,0,0,0,0,0,0,0,0,0,62000,0,0,0,169000,107000,62000,62000
052969,建準群益97購01  ,0,0,0,0,0,0,0,0,0,62000,0,0,0,86000,24000,62000,62000
059852,康控永豐99購02  ,0,0,0,0,0,0,0,0,0,62000,0,0,0,155000,93000,62000,62000
1795,美時            ,297000,239000,58000,0,0,0,0,0,0,4000,4000,0,4000,0,0,0,62000
06534P,聯發科群益98售04,0,0,0,0,0,0,0,0,0,61000,0,0,0,94000,33000,61000,61000
062288,南六群益9B購01  ,0,0,0,0,0,0,0,0,0,61000,0,0,0,61000,0,61000,61000
060757,台積電元大9A購18,0,0,0,0,0,0,0,0,0,61000,0,0,0,61000,0,61000,61000
060924,大毅永豐9A購03  ,0,0,0,0,0,0,0,0,0,61000,0,0,0,80000,19000,61000,61000
056332,台郡國票99購01  ,0,0,0,0,0,0,0,0,0,61000,0,0,0,61000,0,61000,61000
049820,世紀鋼元大96購03,0,0,0,0,0,0,0,0,0,61000,0,0,0,61000,0,61000,61000
058308,全新元大9B購01  ,0,0,0,0,0,0,0,0,0,61000,0,0,0,71000,10000,61000,61000
058881,全新永豐99購01  ,0,0,0,0,0,0,0,0,0,61000,0,0,0,102000,41000,61000,61000
059024,大立光統一9B購04,0,0,0,0,0,0,0,0,0,61000,0,0,0,182000,121000,61000,61000
060272,台灣50元大9C購25,0,0,0,0,0,0,0,0,0,61000,0,0,0,61000,0,61000,61000
07855P,旺宏凱基9A售09  ,0,0,0,0,0,0,0,0,0,61000,0,0,0,70000,9000,61000,61000
061868,旺宏元大9B購03  ,0,0,0,0,0,0,0,0,0,60000,0,0,0,60000,0,60000,60000
061820,康控群益9B購02  ,0,0,0,0,0,0,0,0,0,60000,0,0,0,70000,10000,60000,60000
061463,智邦群益9A購02  ,0,0,0,0,0,0,0,0,0,60000,0,0,0,75000,15000,60000,60000
061339,京元電元大9A購05,0,0,0,0,0,0,0,0,0,60000,0,0,0,88000,28000,60000,60000
061278,和大統一9A購01  ,0,0,0,0,0,0,0,0,0,60000,0,0,0,60000,0,60000,60000
06890P,金融類元大98售02,0,0,0,0,0,0,0,0,0,60000,0,0,0,60000,0,60000,60000
052504,鴻海日盛95購03  ,0,0,0,0,0,0,0,0,0,60000,0,0,0,60000,0,60000,60000
052785,滬深2X中信99購03,0,0,0,0,0,0,0,0,0,60000,0,0,0,70000,10000,60000,60000
059632,聯發科凱基01購01,0,0,0,0,0,0,0,0,0,60000,0,0,0,60000,0,60000,60000
053823,茂林群益96購06  ,0,0,0,0,0,0,0,0,0,60000,0,0,0,60000,0,60000,60000
054192,國巨中信98購01  ,0,0,0,0,0,0,0,0,0,60000,0,0,0,60000,0,60000,60000
055888,鴻海統一97購04  ,0,0,0,0,0,0,0,0,0,60000,0,0,0,60000,0,60000,60000
060187,華新科元富9A購02,0,0,0,0,0,0,0,0,0,60000,0,0,0,80000,20000,60000,60000
06038P,國泰金台新96售01,0,0,0,0,0,0,0,0,0,60000,0,0,0,60000,0,60000,60000
060504,技嘉元大9A購02  ,0,0,0,0,0,0,0,0,0,60000,0,0,0,152000,92000,60000,60000
060051,台積電凱基9B購01,0,0,0,0,0,0,0,0,0,60000,0,0,0,80000,20000,60000,60000
059006,樺漢元大99購01  ,0,0,0,0,0,0,0,0,0,60000,0,0,0,60000,0,60000,60000
058297,茂林凱基9A購02  ,0,0,0,0,0,0,0,0,0,60000,0,0,0,60000,0,60000,60000
05743P,創意元大96售01  ,0,0,0,0,0,0,0,0,0,60000,0,0,0,60000,0,60000,60000
05995P,T50正2中信9C售01,0,0,0,0,0,0,0,0,0,60000,0,0,0,90000,30000,60000,60000
05972P,瑞昱元大96售01  ,0,0,0,0,0,0,0,0,0,60000,0,0,0,60000,0,60000,60000
058515,健鼎元大99購01  ,0,0,0,0,0,0,0,0,0,60000,0,0,0,100000,40000,60000,60000
07671P,超眾元大9A售04  ,0,0,0,0,0,0,0,0,0,60000,0,0,0,128000,68000,60000,60000
3530,晶相光          ,245000,158000,87000,0,0,0,0,0,0,-27000,0,0,0,2000,29000,-27000,60000
3010,華立            ,137000,74000,63000,0,0,0,0,0,0,-3000,1000,4000,-3000,0,0,0,60000
061724,訊芯永豐9A購01  ,0,0,0,0,0,0,0,0,0,59000,0,0,0,86000,27000,59000,59000
061642,創意元大9A購04  ,0,0,0,0,0,0,0,0,0,59000,0,0,0,228000,169000,59000,59000
059172,台郡凱基99購03  ,0,0,0,0,0,0,0,0,0,59000,0,0,0,60000,1000,59000,59000
05793P,臺股指中信99售08,0,0,0,0,0,0,0,0,0,59000,0,0,0,60000,1000,59000,59000
3023,信邦            ,517000,438000,79000,0,0,0,0,2000,-2000,-18000,1000,12000,-11000,4000,11000,-7000,59000
1736,喬山            ,494000,244000,250000,0,0,0,0,100000,-100000,-91000,0,91000,-91000,13000,13000,0,59000
06188P,大立光元富97售01,0,0,0,0,0,0,0,0,0,58000,0,0,0,64000,6000,58000,58000
061360,智邦兆豐9B購02  ,0,0,0,0,0,0,0,0,0,58000,0,0,0,311000,253000,58000,58000
061105,宏達電元大9A購04,0,0,0,0,0,0,0,0,0,58000,0,0,0,68000,10000,58000,58000
07171P,臺股指國票99售08,0,0,0,0,0,0,0,0,0,58000,0,0,0,326000,268000,58000,58000
056209,超眾永豐97購02  ,0,0,0,0,0,0,0,0,0,58000,0,0,0,96000,38000,58000,58000
059283,康友永豐99購02  ,0,0,0,0,0,0,0,0,0,58000,0,0,0,68000,10000,58000,58000
056162,祥碩凱基97購03  ,0,0,0,0,0,0,0,0,0,58000,0,0,0,222000,164000,58000,58000
052555,漢唐國票97購01  ,0,0,0,0,0,0,0,0,0,58000,0,0,0,58000,0,58000,58000
051635,大立光國票96購04,0,0,0,0,0,0,0,0,0,58000,0,0,0,58000,0,58000,58000
054417,牧德元大96購01  ,0,0,0,0,0,0,0,0,0,58000,0,0,0,70000,12000,58000,58000
00710B,FH彭博高收益債  ,0,0,0,0,0,0,0,0,0,58000,0,0,0,172000,114000,58000,58000
058267,奇鋐永豐99購01  ,0,0,0,0,0,0,0,0,0,58000,0,0,0,68000,10000,58000,58000
058187,泰碩永豐99購01  ,0,0,0,0,0,0,0,0,0,58000,0,0,0,58000,0,58000,58000
058973,麗豐永豐99購01  ,0,0,0,0,0,0,0,0,0,58000,0,0,0,68000,10000,58000,58000
060124,奇力新永豐99購03,0,0,0,0,0,0,0,0,0,58000,0,0,0,58000,0,58000,58000
060463,台積電元大9A購10,0,0,0,0,0,0,0,0,0,58000,0,0,0,58000,0,58000,58000
06042P,華新科永豐96售04,0,0,0,0,0,0,0,0,0,58000,0,0,0,58000,0,58000,58000
056714,晶相光永豐98購02,0,0,0,0,0,0,0,0,0,58000,0,0,0,58000,0,58000,58000
058324,嘉聯益永豐9A購01,0,0,0,0,0,0,0,0,0,58000,0,0,0,68000,10000,58000,58000
059914,台積電元大99購47,0,0,0,0,0,0,0,0,0,58000,0,0,0,58000,0,58000,58000
07276P,臺股指群益99售19,0,0,0,0,0,0,0,0,0,57000,0,0,0,91000,34000,57000,57000
06187P,國巨統一97售05  ,0,0,0,0,0,0,0,0,0,57000,0,0,0,122000,65000,57000,57000
061567,華通元大9A購11  ,0,0,0,0,0,0,0,0,0,57000,0,0,0,72000,15000,57000,57000
050261,國巨元大95購04  ,0,0,0,0,0,0,0,0,0,57000,0,0,0,57000,0,57000,57000
05320P,華通凱基96售03  ,0,0,0,0,0,0,0,0,0,57000,0,0,0,86000,29000,57000,57000
054426,國泰金富邦97購02,0,0,0,0,0,0,0,0,0,57000,0,0,0,180000,123000,57000,57000
055597,禾伸堂元大98購02,0,0,0,0,0,0,0,0,0,57000,0,0,0,105000,48000,57000,57000
060029,嘉晶永豐99購03  ,0,0,0,0,0,0,0,0,0,57000,0,0,0,72000,15000,57000,57000
059844,大立光富邦9C購04,0,0,0,0,0,0,0,0,0,57000,0,0,0,187000,130000,57000,57000
056665,上証2X國票99購02,0,0,0,0,0,0,0,0,0,57000,0,0,0,60000,3000,57000,57000
05875P,旺宏群益98售01  ,0,0,0,0,0,0,0,0,0,57000,0,0,0,82000,25000,57000,57000
056518,美律國票99購01  ,0,0,0,0,0,0,0,0,0,57000,0,0,0,57000,0,57000,57000
056713,華擎永豐98購01  ,0,0,0,0,0,0,0,0,0,57000,0,0,0,60000,3000,57000,57000
058629,嘉晶國票9A購01  ,0,0,0,0,0,0,0,0,0,57000,0,0,0,74000,17000,57000,57000
058112,神達元富98購01  ,0,0,0,0,0,0,0,0,0,57000,0,0,0,57000,0,57000,57000
07907P,台灣50台新9B售08,0,0,0,0,0,0,0,0,0,57000,0,0,0,62000,5000,57000,57000
6409,旭隼            ,159063,109000,50063,0,0,0,6000,2000,4000,2000,2000,0,2000,0,0,0,56063
060865,創意永豐9A購01  ,0,0,0,0,0,0,0,0,0,56000,0,0,0,76000,20000,56000,56000
06216P,上銀元富97售03  ,0,0,0,0,0,0,0,0,0,56000,0,0,0,61000,5000,56000,56000
053176,矽力群益96購02  ,0,0,0,0,0,0,0,0,0,56000,0,0,0,57000,1000,56000,56000
056077,矽力元大97購07  ,1000,0,1000,0,0,0,0,0,0,55000,0,0,0,56000,1000,55000,56000
056116,義隆群益97購02  ,0,0,0,0,0,0,0,0,0,56000,0,0,0,98000,42000,56000,56000
058159,健策台新9A購01  ,0,0,0,0,0,0,0,0,0,56000,0,0,0,85000,29000,56000,56000
057944,新日興國票99購02,0,0,0,0,0,0,0,0,0,56000,0,0,0,56000,0,56000,56000
058892,元油2X元大9C購08,0,0,0,0,0,0,0,0,0,56000,0,0,0,82000,26000,56000,56000
057265,聯詠兆豐98購01  ,0,0,0,0,0,0,0,0,0,56000,0,0,0,56000,0,56000,56000
05658P,日月光元富96售02,0,0,0,0,0,0,0,0,0,56000,0,0,0,90000,34000,56000,56000
057587,微星國票99購01  ,0,0,0,0,0,0,0,0,0,56000,0,0,0,56000,0,56000,56000
07707P,玉山金元大9A售03,0,0,0,0,0,0,0,0,0,56000,0,0,0,56000,0,56000,56000
062328,南亞科統一9C購01,0,0,0,0,0,0,0,0,0,55000,0,0,0,87000,32000,55000,55000
061569,旺宏元大9A購14  ,0,0,0,0,0,0,0,0,0,55000,0,0,0,60000,5000,55000,55000
061253,臺股指群益9A購04,0,0,0,0,0,0,0,0,0,55000,0,0,0,110000,55000,55000,55000
056093,大毅元富97購01  ,0,0,0,0,0,0,0,0,0,55000,0,0,0,55000,0,55000,55000
054197,台積電永昌96購07,0,0,0,0,0,0,0,0,0,55000,0,0,0,65000,10000,55000,55000
054347,上緯控國票96購02,700000,700000,0,0,0,0,0,0,0,55000,0,0,0,800000,745000,55000,55000
059360,全新永豐99購02  ,0,0,0,0,0,0,0,0,0,55000,0,0,0,55000,0,55000,55000
049584,台積電元大96購04,0,0,0,0,0,0,0,0,0,55000,0,0,0,55000,0,55000,55000
053127,貿聯凱基97購01  ,0,0,0,0,0,0,0,0,0,55000,0,0,0,55000,0,55000,55000
00703,台新MSCI中國    ,0,0,0,0,0,0,0,0,0,55000,0,0,0,84000,29000,55000,55000
00757,統一FANG+       ,0,0,0,0,0,0,0,0,0,55000,0,0,0,255000,200000,55000,55000
055661,亞德客中信98購01,0,0,0,0,0,0,0,0,0,55000,0,0,0,81000,26000,55000,55000
056617,美律永豐98購01  ,0,0,0,0,0,0,0,0,0,55000,0,0,0,365000,310000,55000,55000
059767,矽力永豐99購01  ,0,0,0,0,0,0,0,0,0,55000,0,0,0,76000,21000,55000,55000
056507,創意永豐98購02  ,0,0,0,0,0,0,0,0,0,55000,0,0,0,110000,55000,55000,55000
057308,同欣電兆豐99購01,0,0,0,0,0,0,0,0,0,55000,0,0,0,55000,0,55000,55000
059894,台灣50元大9C購19,0,0,0,0,0,0,0,0,0,55000,0,0,0,55000,0,55000,55000
057969,緯穎國泰99購01  ,0,0,0,0,0,0,0,0,0,55000,0,0,0,55000,0,55000,55000
060154,堤維西永豐9A購01,0,0,0,0,0,0,0,0,0,55000,0,0,0,55000,0,55000,55000
5434,崇越            ,293000,217000,76000,0,0,0,0,0,0,-21000,0,21000,-21000,2000,2000,0,55000
061571,奇力新元大9A購03,0,0,0,0,0,0,0,0,0,54000,0,0,0,60000,6000,54000,54000
060880,中壽中信9C購01  ,0,0,0,0,0,0,0,0,0,54000,0,0,0,85000,31000,54000,54000
061029,力山永豐9A購01  ,0,0,0,0,0,0,0,0,0,54000,0,0,0,54000,0,54000,54000
07114P,旺宏兆豐9A售01  ,0,0,0,0,0,0,0,0,0,54000,0,0,0,54000,0,54000,54000
056135,緯創元大98購01  ,0,0,0,0,0,0,0,0,0,54000,0,0,0,78000,24000,54000,54000
054558,劍麟群益99購01  ,0,0,0,0,0,0,0,0,0,54000,0,0,0,55000,1000,54000,54000
055726,台表科元大98購03,0,0,0,0,0,0,0,0,0,54000,0,0,0,190000,136000,54000,54000
060134,鈺齊群益9A購01  ,0,0,0,0,0,0,0,0,0,54000,0,0,0,70000,16000,54000,54000
058122,美律國票9A購01  ,0,0,0,0,0,0,0,0,0,54000,0,0,0,54000,0,54000,54000
059862,全新群益99購04  ,0,0,0,0,0,0,0,0,0,54000,0,0,0,59000,5000,54000,54000
056718,GIS永豐98購01   ,0,0,0,0,0,0,0,0,0,54000,0,0,0,104000,50000,54000,54000
07748P,茂林凱基9A售04  ,0,0,0,0,0,0,0,0,0,54000,0,0,0,59000,5000,54000,54000
06962P,華新科永豐99售01,0,0,0,0,0,0,0,0,0,53000,0,0,0,166000,113000,53000,53000
06969P,上銀元大99售02  ,0,0,0,0,0,0,0,0,0,53000,0,0,0,53000,0,53000,53000
062021,康控永豐9B購01  ,0,0,0,0,0,0,0,0,0,53000,0,0,0,53000,0,53000,53000
060931,GIS永豐9A購01   ,0,0,0,0,0,0,0,0,0,53000,0,0,0,144000,91000,53000,53000
060893,台灣50凱基01購07,0,0,0,0,0,0,0,0,0,53000,0,0,0,139000,86000,53000,53000
061763,聯電元大9C購02  ,0,0,0,0,0,0,0,0,0,53000,0,0,0,53000,0,53000,53000
056213,建準國票98購02  ,0,0,0,0,0,0,0,0,0,53000,0,0,0,53000,0,53000,53000
05626P,景碩國票97售03  ,0,0,0,0,0,0,0,0,0,53000,0,0,0,186000,133000,53000,53000
055617,TPK國票98購04   ,0,0,0,0,0,0,0,0,0,53000,0,0,0,53000,0,53000,53000
053325,GIS群益96購02   ,0,0,0,0,0,0,0,0,0,53000,0,0,0,53000,0,53000,53000
057278,可成元大98購06  ,0,0,0,0,0,0,0,0,0,53000,0,0,0,54000,1000,53000,53000
057340,玉晶光元富98購04,0,0,0,0,0,0,0,0,0,53000,0,0,0,83000,30000,53000,53000
058011,台虹國票99購01  ,0,0,0,0,0,0,0,0,0,53000,0,0,0,53000,0,53000,53000
058948,道瓊銀群益9C購01,0,0,0,0,0,0,0,0,0,53000,0,0,0,53000,0,53000,53000
059009,世紀鋼元大99購04,0,0,0,0,0,0,0,0,0,53000,0,0,0,164000,111000,53000,53000
07767P,華新科群益9A售07,0,0,0,0,0,0,0,0,0,53000,0,0,0,103000,50000,53000,53000
3257,虹冠電          ,70000,18000,52000,0,0,0,0,0,0,1000,3000,2000,1000,0,0,0,53000
061356,南電元大9A購06  ,0,0,0,0,0,0,0,0,0,52000,0,0,0,52000,0,52000,52000
061136,可成統一9A購01  ,0,0,0,0,0,0,0,0,0,52000,0,0,0,102000,50000,52000,52000
060760,南亞科元大9A購04,0,0,0,0,0,0,0,0,0,52000,0,0,0,53000,1000,52000,52000
06083P,華通統一98售02  ,0,0,0,0,0,0,0,0,0,52000,0,0,0,61000,9000,52000,52000
060813,高鐵凱基9A購01  ,0,0,0,0,0,0,0,0,0,52000,0,0,0,54000,2000,52000,52000
06299P,可成元大97售04  ,0,0,0,0,0,0,0,0,0,52000,0,0,0,52000,0,52000,52000
07126P,台積電元大99售23,0,0,0,0,0,0,0,0,0,52000,0,0,0,52000,0,52000,52000
06886P,旺宏元大99售07  ,0,0,0,0,0,0,0,0,0,52000,0,0,0,120000,68000,52000,52000
053562,玉晶光國泰98購02,0,0,0,0,0,0,0,0,0,52000,0,0,0,52000,0,52000,52000
052038,國巨永昌96購01  ,0,0,0,0,0,0,0,0,0,52000,0,0,0,76000,24000,52000,52000
05930P,景碩康和96售01  ,0,0,0,0,0,0,0,0,0,52000,0,0,0,120000,68000,52000,52000
055887,上銀統一97購03  ,0,0,0,0,0,0,0,0,0,52000,0,0,0,112000,60000,52000,52000
058622,國巨國票99購07  ,0,0,0,0,0,0,0,0,0,52000,0,0,0,103000,51000,52000,52000
058136,景碩元大99購02  ,0,0,0,0,0,0,0,0,0,52000,0,0,0,52000,0,52000,52000
058572,百和凱基9A購01  ,0,0,0,0,0,0,0,0,0,52000,0,0,0,52000,0,52000,52000
056994,緯穎兆豐98購02  ,0,0,0,0,0,0,0,0,0,52000,0,0,0,82000,30000,52000,52000
060361,南亞科元富9A購03,0,0,0,0,0,0,0,0,0,52000,0,0,0,180000,128000,52000,52000
056519,創意國票99購01  ,0,0,0,0,0,0,0,0,0,52000,0,0,0,290000,238000,52000,52000
07448P,台灣50元大9A售08,0,0,0,0,0,0,0,0,0,51000,0,0,0,51000,0,51000,51000
062168,大毅永豐9B購01  ,0,0,0,0,0,0,0,0,0,51000,0,0,0,51000,0,51000,51000
061192,奇鋐永豐9A購01  ,0,0,0,0,0,0,0,0,0,51000,0,0,0,63000,12000,51000,51000
061769,晶技元大9B購03  ,0,0,0,0,0,0,0,0,0,51000,0,0,0,102000,51000,51000,51000
059455,玉晶光永豐99購05,0,0,0,0,0,0,0,0,0,51000,0,0,0,52000,1000,51000,51000
051553,牧德永豐96購02  ,0,0,0,0,0,0,0,0,0,51000,0,0,0,51000,0,51000,51000
052818,智邦永豐96購01  ,0,0,0,0,0,0,0,0,0,51000,0,0,0,51000,0,51000,51000
052696,玉晶光麥證97購01,0,0,0,61000,15000,46000,0,0,0,51000,0,0,0,76000,25000,51000,51000
053662,矽力凱基97購01  ,0,0,0,0,0,0,0,0,0,51000,0,0,0,67000,16000,51000,51000
053361,友達元富99購01  ,0,0,0,0,0,0,0,0,0,51000,0,0,0,51000,0,51000,51000
05672P,鴻海群益96售03  ,0,0,0,0,0,0,0,0,0,51000,0,0,0,51000,0,51000,51000
060262,臺股指凱基9B購02,0,0,0,0,0,0,0,0,0,51000,0,0,0,52000,1000,51000,51000
057833,聯發科元富02購06,0,0,0,0,0,0,0,0,0,51000,0,0,0,51000,0,51000,51000
056919,英業達兆豐98購01,0,0,0,0,0,0,0,0,0,51000,0,0,0,102000,51000,51000,51000
058704,台積電元大99購17,0,0,0,0,0,0,0,0,0,51000,0,0,0,51000,0,51000,51000
05809P,臺股指國票96售02,0,0,0,0,0,0,0,0,0,51000,0,0,0,51000,0,51000,51000
8261,富鼎            ,92000,41000,51000,0,0,0,0,0,0,0,0,0,0,0,0,0,51000
061870,智邦元大9B購02  ,0,0,0,0,0,0,0,0,0,50000,0,0,0,66000,16000,50000,50000
061683,台灣50群益9B購09,0,0,0,0,0,0,0,0,0,50000,0,0,0,50000,0,50000,50000
061684,T50反1群益9A購06,0,0,0,0,0,0,0,0,0,50000,0,0,0,60000,10000,50000,50000
061678,玉晶光元大9B購04,0,0,0,0,0,0,0,0,0,50000,0,0,0,50000,0,50000,50000
061681,南電元大9A購08  ,0,0,0,0,0,0,0,0,0,50000,0,0,0,50000,0,50000,50000
061203,國巨元大9A購15  ,0,0,0,0,0,0,0,0,0,50000,0,0,0,50000,0,50000,50000
061508,南六國泰9C購02  ,0,0,0,0,0,0,0,0,0,50000,0,0,0,51000,1000,50000,50000
061422,台積電元大9A購30,0,0,0,0,0,0,0,0,0,50000,0,0,0,50000,0,50000,50000
060799,茂林永豐9A購01  ,0,0,0,0,0,0,0,0,0,50000,0,0,0,50000,0,50000,50000
060570,南亞科永豐9A購01,0,0,0,0,0,0,0,0,0,50000,0,0,0,53000,3000,50000,50000
061127,美食永豐9A購01  ,0,0,0,0,0,0,0,0,0,50000,0,0,0,50000,0,50000,50000
060905,台積電元大9A購20,0,0,0,0,0,0,0,0,0,50000,0,0,0,50000,0,50000,50000
060989,國泰金元大9A購02,0,0,0,0,0,0,0,0,0,50000,0,0,0,50000,0,50000,50000
062130,T50反1群益9B購01,0,0,0,0,0,0,0,0,0,50000,0,0,0,50000,0,50000,50000
062072,國巨元大9B購05  ,0,0,0,0,0,0,0,0,0,50000,0,0,0,50000,0,50000,50000
062074,旺宏元大9B購04  ,0,0,0,0,0,0,0,0,0,50000,0,0,0,50000,0,50000,50000
061978,旺宏元大9C購01  ,0,0,0,0,0,0,0,0,0,50000,0,0,0,50000,0,50000,50000
061992,祥碩元大9B購02  ,0,0,0,0,0,0,0,0,0,50000,0,0,0,95000,45000,50000,50000
062373,泰鼎元大9B購01  ,0,0,0,0,0,0,0,0,0,50000,0,0,0,90000,40000,50000,50000
07309P,聯發科凱基99售18,0,0,0,0,0,0,0,0,0,50000,0,0,0,50000,0,50000,50000
07143P,FBVIX元大99售02 ,0,0,0,0,0,0,0,0,0,50000,0,0,0,50000,0,50000,50000
06712P,臺股指台新99售09,0,0,0,0,0,0,0,0,0,50000,0,0,0,50000,0,50000,50000
06457P,玉晶光統一98售02,0,0,0,0,0,0,0,0,0,50000,0,0,0,147000,97000,50000,50000
052386,鴻海群益96購02  ,0,0,0,0,0,0,0,0,0,50000,0,0,0,50000,0,50000,50000
053404,致新群益96購01  ,0,0,0,0,0,0,0,0,0,50000,0,0,0,50000,0,50000,50000
052234,GIS凱基97購01   ,0,0,0,0,0,0,0,0,0,50000,0,0,0,50000,0,50000,50000
048860,玉晶光群益96購03,0,0,0,0,0,0,0,0,0,50000,0,0,0,50000,0,50000,50000
04936P,大立光中信95售03,0,0,0,0,0,0,0,0,0,50000,0,0,0,50000,0,50000,50000
049153,大立光元大96購02,0,0,0,0,0,0,0,0,0,50000,0,0,0,50000,0,50000,50000
04908P,南電國票95售03  ,0,0,0,0,0,0,0,0,0,50000,0,0,0,50000,0,50000,50000
050183,奇鋐元大96購01  ,0,0,0,0,0,0,0,0,0,50000,0,0,0,50000,0,50000,50000
05063P,聯電元大96售03  ,0,0,0,0,0,0,0,0,0,50000,0,0,0,50000,0,50000,50000
053553,聯詠凱基96購03  ,0,0,0,0,0,0,0,0,0,50000,0,0,0,50000,0,50000,50000
054466,欣興凱基97購03  ,0,0,0,0,0,0,0,0,0,50000,0,0,0,50000,0,50000,50000
055659,百和元富97購01  ,0,0,0,0,0,0,0,0,0,50000,0,0,0,50000,0,50000,50000
05621P,聯電中信96售01  ,0,0,0,0,0,0,0,0,0,50000,0,0,0,50000,0,50000,50000
05272P,臻鼎中信97售03  ,0,0,0,0,0,0,0,0,0,50000,0,0,0,55000,5000,50000,50000
052592,華通群益98購01  ,0,0,0,0,0,0,0,0,0,50000,0,0,0,50000,0,50000,50000
052908,大成鋼統一96購01,0,0,0,0,0,0,0,0,0,50000,0,0,0,300000,250000,50000,50000
053500,新日興兆豐97購01,0,0,0,0,0,0,0,0,0,50000,0,0,0,50000,0,50000,50000
053481,同欣電元大97購01,0,0,0,0,0,0,0,0,0,50000,0,0,0,50000,0,50000,50000
059452,全新永豐99購03  ,0,0,0,0,0,0,0,0,0,50000,0,0,0,55000,5000,50000,50000
056187,京鼎統一97購01  ,0,0,0,0,0,0,0,0,0,50000,0,0,0,70000,20000,50000,50000
055967,臻鼎元大97購01  ,0,0,0,0,0,0,0,0,0,50000,0,0,0,50000,0,50000,50000
05596P,可成統一96售01  ,0,0,0,0,0,0,0,0,0,50000,0,0,0,75000,25000,50000,50000
055056,億光永豐97購01  ,0,0,0,0,0,0,0,0,0,50000,0,0,0,50000,0,50000,50000
055490,台光電元大97購01,0,0,0,0,0,0,0,0,0,50000,0,0,0,50000,0,50000,50000
055386,致新元大97購02  ,0,0,0,0,0,0,0,0,0,50000,0,0,0,50000,0,50000,50000
054302,鴻海凱基96購18  ,0,0,0,0,0,0,0,0,0,50000,0,0,0,50000,0,50000,50000
056042,京鼎凱基97購02  ,0,0,0,0,0,0,0,0,0,50000,0,0,0,50000,0,50000,50000
056068,欣興元大97購05  ,0,0,0,0,0,0,0,0,0,50000,0,0,0,50000,0,50000,50000
057924,健策凱基98購02  ,0,0,0,0,0,0,0,0,0,50000,0,0,0,50000,0,50000,50000
057874,可成元大99購02  ,0,0,0,0,0,0,0,0,0,50000,0,0,0,60000,10000,50000,50000
056808,台積電統一98購06,0,0,0,0,0,0,0,0,0,50000,0,0,0,50000,0,50000,50000
05871P,全新凱基96售04  ,0,0,0,0,0,0,0,0,0,50000,0,0,0,60000,10000,50000,50000
060108,泰鼎元大99購04  ,0,0,0,0,0,0,0,0,0,50000,0,0,0,50000,0,50000,50000
060084,聯電元大99購02  ,0,0,0,0,0,0,0,0,0,50000,0,0,0,100000,50000,50000,50000
057838,台郡國泰99購01  ,0,0,0,0,0,0,0,0,0,50000,0,0,0,50000,0,50000,50000
060286,佳世達元大9C購01,0,0,0,0,0,0,0,0,0,50000,0,0,0,50000,0,50000,50000
060237,友達元大9A購06  ,0,0,0,0,0,0,0,0,0,50000,0,0,0,60000,10000,50000,50000
056717,康友永豐98購01  ,0,0,0,0,0,0,0,0,0,50000,0,0,0,50000,0,50000,50000
057162,上銀元大98購03  ,0,0,0,0,0,0,0,0,0,50000,0,0,0,50000,0,50000,50000
057131,奇力新凱基98購05,0,0,0,0,0,0,0,0,0,50000,0,0,0,50000,0,50000,50000
059875,信邦凱基99購02  ,0,0,0,0,0,0,0,0,0,50000,0,0,0,70000,20000,50000,50000
057373,大立光元大98購17,0,0,0,0,0,0,0,0,0,50000,0,0,0,50000,0,50000,50000
057321,台泥群益98購01  ,0,0,0,0,0,0,0,0,0,50000,0,0,0,50000,0,50000,50000
057419,奇力新凱基98購06,0,0,0,0,0,0,0,0,0,50000,0,0,0,50000,0,50000,50000
057284,新日興元大98購03,0,0,0,0,0,0,0,0,0,50000,0,0,0,50000,0,50000,50000
057276,全新元大99購03  ,0,0,0,0,0,0,0,0,0,50000,0,0,0,50000,0,50000,50000
05725P,嘉聯益永豐96售02,0,0,0,0,0,0,0,0,0,50000,0,0,0,86000,36000,50000,50000
057196,茂林台新98購01  ,0,0,0,0,0,0,0,0,0,50000,0,0,0,50000,0,50000,50000
057667,可成元大99購01  ,0,0,0,0,0,0,0,0,0,50000,0,0,0,50000,0,50000,50000
057623,友訊國泰99購01  ,0,0,0,0,0,0,0,0,0,50000,0,0,0,50000,0,50000,50000
059124,台積電第一03購01,0,0,0,0,0,0,0,0,0,50000,0,0,0,50000,0,50000,50000
058771,神達兆豐99購01  ,0,0,0,0,0,0,0,0,0,50000,0,0,0,200000,150000,50000,50000
058764,康友群益99購01  ,0,0,0,0,0,0,0,0,0,50000,0,0,0,50000,0,50000,50000
057505,健策麥證98購01  ,0,0,0,50000,0,50000,0,0,0,50000,0,0,0,50000,0,50000,50000
058299,同欣電凱基9A購01,0,0,0,0,0,0,0,0,0,50000,0,0,0,50000,0,50000,50000
059791,超眾元大99購06  ,0,0,0,0,0,0,0,0,0,50000,0,0,0,50000,0,50000,50000
059805,台積電元富99購02,0,0,0,0,0,0,0,0,0,50000,0,0,0,70000,20000,50000,50000
056655,旺宏元大99購02  ,0,0,0,0,0,0,0,0,0,50000,0,0,0,50000,0,50000,50000
4956,光鋐            ,0,0,0,0,0,0,0,0,0,50000,0,0,0,50000,0,50000,50000
4934,太極            ,141000,91000,50000,0,0,0,0,0,0,0,0,0,0,0,0,0,50000
2348,海悅            ,101000,49000,52000,0,0,0,0,0,0,-2000,0,2000,-2000,0,0,0,50000
07883P,可成凱基9B售03  ,0,0,0,0,0,0,0,0,0,50000,0,0,0,70000,20000,50000,50000
07643P,禾伸堂凱基9A售02,0,0,0,0,0,0,0,0,0,50000,0,0,0,51000,1000,50000,50000
06902P,聯電凱基98售02  ,0,0,0,0,0,0,0,0,0,49000,0,0,0,159000,110000,49000,49000
060661,台積電凱基9A購18,0,0,0,0,0,0,0,0,0,49000,0,0,0,49000,0,49000,49000
060773,FBVIX凱基9A購04 ,0,0,0,0,0,0,0,0,0,49000,0,0,0,49000,0,49000,49000
061808,聯發科統一01購02,0,0,0,0,0,0,0,0,0,49000,0,0,0,610000,561000,49000,49000
054547,鴻海凱基98購02  ,0,0,0,0,0,0,0,0,0,49000,0,0,0,49000,0,49000,49000
056157,聯詠凱基97購03  ,0,0,0,0,0,0,0,0,0,49000,0,0,0,49000,0,49000,49000
056189,樺漢統一97購02  ,0,0,0,0,0,0,0,0,0,49000,0,0,0,49000,0,49000,49000
052173,廣達元大95購02  ,0,0,0,0,0,0,0,0,0,49000,0,0,0,49000,0,49000,49000
058748,景碩凱基9A購01  ,0,0,0,0,0,0,0,0,0,49000,0,0,0,105000,56000,49000,49000
059200,京鼎永豐99購02  ,0,0,0,0,0,0,0,0,0,49000,0,0,0,50000,1000,49000,49000
056536,義隆凱基98購04  ,0,0,0,0,0,0,0,0,0,49000,0,0,0,56000,7000,49000,49000
057446,旺宏元富02購01  ,0,0,0,0,0,0,0,0,0,49000,0,0,0,50000,1000,49000,49000
059975,元金2X元大99購02,0,0,0,0,0,0,0,0,0,49000,0,0,0,434000,385000,49000,49000
059992,S&P正2元富9B購04,0,0,0,0,0,0,0,0,0,49000,0,0,0,49000,0,49000,49000
056478,晶技元大99購01  ,0,0,0,0,0,0,0,0,0,49000,0,0,0,49000,0,49000,49000
061418,世紀鋼群益9A購02,0,0,0,0,0,0,0,0,0,48000,0,0,0,274000,226000,48000,48000
060651,瑞儀中信9B購01  ,0,0,0,0,0,0,0,0,0,48000,0,0,0,48000,0,48000,48000
060528,友達中信9C購01  ,0,0,0,0,0,0,0,0,0,48000,0,0,0,100000,52000,48000,48000
061049,奇力新中信9A購02,0,0,0,0,0,0,0,0,0,48000,0,0,0,48000,0,48000,48000
062361,智邦元大9B購06  ,0,0,0,0,0,0,0,0,0,48000,0,0,0,116000,68000,48000,48000
061939,中租國票9B購01  ,0,0,0,0,0,0,0,0,0,48000,0,0,0,48000,0,48000,48000
05296P,牧德凱基96售01  ,0,0,0,0,0,0,0,0,0,48000,0,0,0,48000,0,48000,48000
055620,樺漢國票98購01  ,0,0,0,0,0,0,0,0,0,48000,0,0,0,48000,0,48000,48000
050568,為升中信97購01  ,0,0,0,0,0,0,0,0,0,48000,0,0,0,48000,0,48000,48000
00866,新光Shiller CAPE,0,0,0,0,0,0,0,0,0,48000,0,0,0,74000,26000,48000,48000
00728,第一金工業30    ,0,0,0,0,0,0,0,0,0,48000,0,0,0,279000,231000,48000,48000
053307,泰碩凱基97購01  ,0,0,0,0,0,0,0,0,0,48000,0,0,0,48000,0,48000,48000
05947P,大成鋼元大96售03,0,0,0,0,0,0,0,0,0,48000,0,0,0,105000,57000,48000,48000
057075,嘉聯益永豐98購01,0,0,0,0,0,0,0,0,0,48000,0,0,0,68000,20000,48000,48000
057388,奇鋐永豐98購02  ,0,0,0,0,0,0,0,0,0,48000,0,0,0,68000,20000,48000,48000
058751,南茂凱基9A購01  ,0,0,0,0,0,0,0,0,0,48000,0,0,0,73000,25000,48000,48000
05983P,聯詠國票96售02  ,0,0,0,0,0,0,0,0,0,48000,0,0,0,50000,2000,48000,48000
059719,台積電元大99購42,0,0,0,0,0,0,0,0,0,48000,0,0,0,78000,30000,48000,48000
060489,世紀鋼群益9A購01,0,0,0,0,0,0,0,0,0,48000,0,0,0,53000,5000,48000,48000
07614P,華新科群益9A售04,0,0,0,0,0,0,0,0,0,48000,0,0,0,101000,53000,48000,48000
07863P,華新科凱基9B售07,0,0,0,0,0,0,0,0,0,48000,0,0,0,163000,115000,48000,48000
1526,日馳            ,78000,30000,48000,0,0,0,0,0,0,0,0,0,0,0,0,0,48000
06593P,欣興元大98售05  ,0,0,0,0,0,0,0,0,0,47000,0,0,0,73000,26000,47000,47000
06646P,國巨元大98售16  ,0,0,0,0,0,0,0,0,0,47000,0,0,0,47000,0,47000,47000
07069P,欣興元富99售02  ,0,0,0,0,0,0,0,0,0,47000,0,0,0,72000,25000,47000,47000
07245P,台積電凱基99售16,0,0,0,0,0,0,0,0,0,47000,0,0,0,49000,2000,47000,47000
061378,南六永豐9A購03  ,0,0,0,0,0,0,0,0,0,47000,0,0,0,124000,77000,47000,47000
061596,健策永豐9A購03  ,0,0,0,0,0,0,0,0,0,47000,0,0,0,162000,115000,47000,47000
055495,長榮航元大97購01,0,0,0,0,0,0,0,0,0,47000,0,0,0,47000,0,47000,47000
053970,聯發科元大97購08,0,0,0,0,0,0,0,0,0,47000,0,0,0,50000,3000,47000,47000
050142,聯發科元富9A購01,0,0,0,0,0,0,0,0,0,47000,0,0,0,47000,0,47000,47000
00783,富邦中証500     ,95000,0,95000,0,0,0,0,0,0,-48000,0,0,0,953000,1001000,-48000,47000
056234,GIS麥證97購01   ,0,0,0,75000,28000,47000,0,0,0,47000,0,0,0,75000,28000,47000,47000
053534,微星永豐96購02  ,0,0,0,0,0,0,0,0,0,47000,0,0,0,47000,0,47000,47000
052740,聯發科元大96購07,0,0,0,0,0,0,0,0,0,47000,0,0,0,47000,0,47000,47000
060414,中興電永豐9A購01,0,0,0,0,0,0,0,0,0,47000,0,0,0,451000,404000,47000,47000
06013P,世芯國泰97售03  ,0,0,0,0,0,0,0,0,0,47000,0,0,0,150000,103000,47000,47000
057364,國巨元大98購18  ,0,0,0,0,0,0,0,0,0,47000,0,0,0,47000,0,47000,47000
057236,聯詠凱基98購03  ,0,0,0,0,0,0,0,0,0,47000,0,0,0,47000,0,47000,47000
07769P,國巨國票9A售10  ,0,0,0,0,0,0,0,0,0,47000,0,0,0,47000,0,47000,47000
07527P,台灣50凱基9B售02,0,0,0,0,0,0,0,0,0,47000,0,0,0,275000,228000,47000,47000
07049P,聯發科中信99售03,0,0,0,0,0,0,0,0,0,46000,0,0,0,64000,18000,46000,46000
056296,旺宏元大97購07  ,0,0,0,0,0,0,0,0,0,46000,0,0,0,68000,22000,46000,46000
051321,建準國票96購01  ,0,0,0,0,0,0,0,0,0,46000,0,0,0,46000,0,46000,46000
048785,台積電元大96購01,0,0,0,0,0,0,0,0,0,46000,0,0,0,46000,0,46000,46000
053223,台郡凱基96購02  ,0,0,0,0,0,0,0,0,0,46000,0,0,0,50000,4000,46000,46000
052488,旺宏國票96購03  ,0,0,0,0,0,0,0,0,0,46000,0,0,0,46000,0,46000,46000
059958,鎧勝康和99購01  ,0,0,0,0,0,0,0,0,0,46000,0,0,0,94000,48000,46000,46000
059747,台達電台新99購01,0,0,0,0,0,0,0,0,0,46000,0,0,0,82000,36000,46000,46000
058590,南電中信9A購02  ,0,0,0,0,0,0,0,0,0,46000,0,0,0,67000,21000,46000,46000
06405P,億光元富97售02  ,0,0,0,0,0,0,0,0,0,45000,0,0,0,85000,40000,45000,45000
062249,台積電元大9B購01,0,0,0,0,0,0,0,0,0,45000,0,0,0,45000,0,45000,45000
061677,泰碩元大9A購05  ,0,0,0,0,0,0,0,0,0,45000,0,0,0,55000,10000,45000,45000
061665,旺宏中信9C購01  ,0,0,0,0,0,0,0,0,0,45000,0,0,0,66000,21000,45000,45000
061770,泰碩元大9B購02  ,0,0,0,0,0,0,0,0,0,45000,0,0,0,54000,9000,45000,45000
061833,華新科凱基02購01,0,0,0,0,0,0,0,0,0,45000,0,0,0,45000,0,45000,45000
061338,台積電元大9A購28,0,0,0,0,0,0,0,0,0,45000,0,0,0,50000,5000,45000,45000
061054,台積電群益9A購04,0,0,0,0,0,0,0,0,0,45000,0,0,0,75000,30000,45000,45000
061110,超眾元大9A購03  ,0,0,0,0,0,0,0,0,0,45000,0,0,0,50000,5000,45000,45000
052231,景碩凱基96購01  ,0,0,0,0,0,0,0,0,0,45000,0,0,0,45000,0,45000,45000
054481,鎧勝中信96購01  ,0,0,0,0,0,0,0,0,0,45000,0,0,0,45000,0,45000,45000
053539,智易永豐96購01  ,0,0,0,0,0,0,0,0,0,45000,0,0,0,46000,1000,45000,45000
054356,可成兆豐97購01  ,0,0,0,0,0,0,0,0,0,45000,0,0,0,45000,0,45000,45000
054859,鴻海群益97購02  ,0,0,0,0,0,0,0,0,0,45000,0,0,0,196000,151000,45000,45000
059476,道瓊指群益9C購01,0,0,0,0,0,0,0,0,0,45000,0,0,0,45000,0,45000,45000
058982,台積電凱基99購08,0,0,0,0,0,0,0,0,0,45000,0,0,0,45000,0,45000,45000
058699,楠梓電元大99購02,0,0,0,0,0,0,0,0,0,45000,0,0,0,50000,5000,45000,45000
057827,康友元大98購03  ,0,0,0,0,0,0,0,0,0,45000,0,0,0,50000,5000,45000,45000
060364,奇力新元富9A購01,0,0,0,0,0,0,0,0,0,45000,0,0,0,50000,5000,45000,45000
056475,宏達電元大99購02,0,0,0,0,0,0,0,0,0,45000,0,0,0,45000,0,45000,45000
056694,欣興群益98購04  ,0,0,0,0,0,0,0,0,0,45000,0,0,0,80000,35000,45000,45000
057149,京鼎國票99購02  ,0,0,0,0,0,0,0,0,0,45000,0,0,0,63000,18000,45000,45000
057003,立積國票98購01  ,0,0,0,0,0,0,0,0,0,45000,0,0,0,45000,0,45000,45000
057040,國巨元大98購12  ,0,0,0,0,0,0,0,0,0,45000,0,0,0,60000,15000,45000,45000
058760,嘉晶群益9A購01  ,0,0,0,0,0,0,0,0,0,45000,0,0,0,422000,377000,45000,45000
2441,超豐            ,245000,200000,45000,0,0,0,0,0,0,0,2000,2000,0,0,0,0,45000
060984,南亞科元大9A購07,0,0,0,0,0,0,0,0,0,44000,0,0,0,56000,12000,44000,44000
061453,台達電凱基9B購01,0,0,0,0,0,0,0,0,0,44000,0,0,0,64000,20000,44000,44000
06339P,上銀統一97售06  ,0,0,0,0,0,0,0,0,0,44000,0,0,0,50000,6000,44000,44000
07390P,華新科康和99售02,0,0,0,0,0,0,0,0,0,44000,0,0,0,44000,0,44000,44000
059176,臺股指凱基99購27,0,0,0,0,0,0,0,0,0,44000,0,0,0,153000,109000,44000,44000
053586,建準元大96購01  ,0,0,0,0,0,0,0,0,0,44000,0,0,0,64000,20000,44000,44000
053005,微星永豐96購01  ,0,0,0,0,0,0,0,0,0,44000,0,0,0,44000,0,44000,44000
050842,旺宏國票97購01  ,0,0,0,0,0,0,0,0,0,44000,0,0,0,94000,50000,44000,44000
056894,佳世達元大99購01,0,0,0,0,0,0,0,0,0,44000,0,0,0,138000,94000,44000,44000
07833P,大立光群益9B售02,0,0,0,0,0,0,0,0,0,44000,0,0,0,44000,0,44000,44000
9935,慶豐富          ,120000,76000,44000,0,0,0,0,0,0,0,0,0,0,0,0,0,44000
07368P,國巨凱基99售19  ,0,0,0,0,0,0,0,0,0,43000,0,0,0,98000,55000,43000,43000
07025P,玉晶光凱基99售01,0,0,0,0,0,0,0,0,0,43000,0,0,0,53000,10000,43000,43000
061405,亞德客國票9B購01,0,0,0,0,0,0,0,0,0,43000,0,0,0,133000,90000,43000,43000
06163P,聯詠群益97售01  ,0,0,0,0,0,0,0,0,0,43000,0,0,0,148000,105000,43000,43000
057532,智原元大98購03  ,0,0,0,0,0,0,0,0,0,43000,0,0,0,92000,49000,43000,43000
057537,聯茂元大98購04  ,0,0,0,0,0,0,0,0,0,43000,0,0,0,43000,0,43000,43000
9914,美利達          ,1099000,1023000,76000,0,0,0,100000,139000,-39000,6000,10000,4000,6000,0,0,0,43000
061663,南六永豐9A購05  ,0,0,0,0,0,0,0,0,0,42000,0,0,0,68000,26000,42000,42000
061211,玉晶光元大9A購12,0,0,0,0,0,0,0,0,0,42000,0,0,0,97000,55000,42000,42000
060849,力成國票9A購01  ,0,0,0,0,0,0,0,0,0,42000,0,0,0,80000,38000,42000,42000
06535P,可成群益99售02  ,0,0,0,0,0,0,0,0,0,42000,0,0,0,113000,71000,42000,42000
06857P,超眾永豐98售02  ,0,0,0,0,0,0,0,0,0,42000,0,0,0,112000,70000,42000,42000
062348,聯發科群益9B購06,0,0,0,0,0,0,0,0,0,42000,0,0,0,82000,40000,42000,42000
062269,葡萄王群益9B購01,0,0,0,0,0,0,0,0,0,42000,0,0,0,42000,0,42000,42000
061912,台積電中信05購05,0,0,0,0,0,0,0,0,0,42000,0,0,0,46000,4000,42000,42000
03434B,臺股指元大99熊10,0,0,0,0,0,0,0,0,0,42000,0,0,0,42000,0,42000,42000
020008,元大特股高息N   ,0,0,0,0,0,0,0,0,0,42000,0,0,0,46000,4000,42000,42000
059232,台灣50凱基03購01,0,0,0,0,0,0,0,0,0,42000,0,0,0,48000,6000,42000,42000
054886,大毅統一97購01  ,0,0,0,0,0,0,0,0,0,42000,0,0,0,61000,19000,42000,42000
055733,奇力新元富97購01,0,0,0,0,0,0,0,0,0,42000,0,0,0,50000,8000,42000,42000
057154,易華電國泰99購01,0,0,0,0,0,0,0,0,0,42000,0,0,0,102000,60000,42000,42000
05996P,華新科群益96售03,0,0,0,0,0,0,0,0,0,42000,0,0,0,42000,0,42000,42000
060073,台積電元富99購03,0,0,0,0,0,0,0,0,0,42000,0,0,0,57000,15000,42000,42000
062211,玉晶光台新9B購01,0,0,0,0,0,0,0,0,0,41000,0,0,0,91000,50000,41000,41000
06893P,致新元富98售02  ,0,0,0,0,0,0,0,0,0,41000,0,0,0,371000,330000,41000,41000
07411P,國巨元大99售31  ,0,0,0,0,0,0,0,0,0,41000,0,0,0,50000,9000,41000,41000
061052,和大群益9A購01  ,0,0,0,0,0,0,0,0,0,41000,0,0,0,41000,0,41000,41000
061366,台勝科國票9A購01,0,0,0,0,0,0,0,0,0,41000,0,0,0,101000,60000,41000,41000
061480,泰碩元大9B購01  ,0,0,0,0,0,0,0,0,0,41000,0,0,0,218000,177000,41000,41000
05954P,旺宏國票97售03  ,0,0,0,0,0,0,0,0,0,41000,0,0,0,58000,17000,41000,41000
052463,聯電統一96購01  ,0,0,0,0,0,0,0,0,0,41000,0,0,0,53000,12000,41000,41000
052963,智邦凱基96購02  ,0,0,0,0,0,0,0,0,0,41000,0,0,0,71000,30000,41000,41000
052069,聯茂兆豐96購01  ,0,0,0,0,0,0,0,0,0,41000,0,0,0,41000,0,41000,41000
057812,友達元大9A購05  ,0,0,0,0,0,0,0,0,0,41000,0,0,0,81000,40000,41000,41000
058847,國巨群益99購05  ,0,0,0,0,0,0,0,0,0,41000,0,0,0,42000,1000,41000,41000
058192,訊芯永豐99購01  ,0,0,0,0,0,0,0,0,0,41000,0,0,0,68000,27000,41000,41000
058206,祥碩凱基99購01  ,0,0,0,0,0,0,0,0,0,41000,0,0,0,164000,123000,41000,41000
057303,喬山兆豐99購01  ,0,0,0,0,0,0,0,0,0,41000,0,0,0,52000,11000,41000,41000
057531,禾伸堂元大99購04,0,0,0,0,0,0,0,0,0,41000,0,0,0,60000,19000,41000,41000
056548,瀚宇博凱基98購02,0,0,0,0,0,0,0,0,0,41000,0,0,0,61000,20000,41000,41000
07872P,聯發科群益9B售03,0,0,0,0,0,0,0,0,0,41000,0,0,0,77000,36000,41000,41000
061551,GIS群益9A購01   ,0,0,0,0,0,0,0,0,0,40000,0,0,0,80000,40000,40000,40000
061806,元黃金統一9B購01,0,0,0,0,0,0,0,0,0,40000,0,0,0,40000,0,40000,40000
060939,鴻海國票9A購06  ,0,0,0,0,0,0,0,0,0,40000,0,0,0,40000,0,40000,40000
060815,茂林凱基9B購01  ,0,0,0,0,0,0,0,0,0,40000,0,0,0,60000,20000,40000,40000
060649,國巨第一9A購01  ,0,0,0,0,0,0,0,0,0,40000,0,0,0,50000,10000,40000,40000
07355P,臺股指國票99售23,0,0,0,0,0,0,0,0,0,40000,0,0,0,40000,0,40000,40000
06925P,致茂群益9A售02  ,0,0,0,0,0,0,0,0,0,40000,0,0,0,120000,80000,40000,40000
07074P,FBVIX凱基9A售01 ,0,0,0,0,0,0,0,0,0,40000,0,0,0,40000,0,40000,40000
07129P,華新科元大99售14,0,0,0,0,0,0,0,0,0,40000,0,0,0,170000,130000,40000,40000
07184P,台灣50元富01售01,0,0,0,0,0,0,0,0,0,40000,0,0,0,80000,40000,40000,40000
06907P,華新科國泰99售05,0,0,0,0,0,0,0,0,0,40000,0,0,0,40000,0,40000,40000
06625P,華新科統一98售03,0,0,0,0,0,0,0,0,0,40000,0,0,0,40000,0,40000,40000
052086,鴻海元大96購08  ,0,0,0,0,0,0,0,0,0,40000,0,0,0,40000,0,40000,40000
052983,國巨元大96購07  ,0,0,0,0,0,0,0,0,0,40000,0,0,0,40000,0,40000,40000
052932,正文元大97購01  ,0,0,0,0,0,0,0,0,0,40000,0,0,0,40000,0,40000,40000
052020,聯茂永豐95購02  ,0,0,0,0,0,0,0,0,0,40000,0,0,0,40000,0,40000,40000
053083,中環元大99購01  ,0,0,0,0,0,0,0,0,0,40000,0,0,0,40000,0,40000,40000
052809,訊芯元大97購01  ,0,0,0,0,0,0,0,0,0,40000,0,0,0,140000,100000,40000,40000
051603,深中小群益99購03,0,0,0,0,0,0,0,0,0,40000,0,0,0,40000,0,40000,40000
053645,臺股指國票96購08,0,0,0,0,0,0,0,0,0,40000,0,0,0,40000,0,40000,40000
056284,台積電永豐97購06,0,0,0,0,0,0,0,0,0,40000,0,0,0,40000,0,40000,40000
056341,宏達電凱基9A購01,0,0,0,0,0,0,0,0,0,40000,0,0,0,40000,0,40000,40000
056387,智伸科國泰99購01,0,0,0,0,0,0,0,0,0,40000,0,0,0,52000,12000,40000,40000
052297,旭富國票96購01  ,0,0,0,0,0,0,0,0,0,40000,0,0,0,40000,0,40000,40000
053213,建準凱基96購02  ,0,0,0,0,0,0,0,0,0,40000,0,0,0,40000,0,40000,40000
053375,鴻海元大96購18  ,0,0,0,0,0,0,0,0,0,40000,0,0,0,50000,10000,40000,40000
050808,台達電凱基96購02,0,0,0,0,0,0,0,0,0,40000,0,0,0,40000,0,40000,40000
059453,奇力新永豐99購01,0,0,0,0,0,0,0,0,0,40000,0,0,0,40000,0,40000,40000
059180,祥碩元富9A購01  ,0,0,0,0,0,0,0,0,0,40000,0,0,0,40000,0,40000,40000
059219,旺宏元大99購12  ,0,0,0,0,0,0,0,0,0,40000,0,0,0,40000,0,40000,40000
059359,精元永豐99購01  ,0,0,0,0,0,0,0,0,0,40000,0,0,0,50000,10000,40000,40000
055330,上銀兆豐98購02  ,0,0,0,0,0,0,0,0,0,40000,0,0,0,51000,11000,40000,40000
05609P,國泰金凱基96售01,0,0,0,0,0,0,0,0,0,40000,0,0,0,140000,100000,40000,40000
056133,可成元大97購05  ,0,0,0,0,0,0,0,0,0,40000,0,0,0,50000,10000,40000,40000
054245,鴻海元大96購23  ,0,0,0,0,0,0,0,0,0,40000,0,0,0,40000,0,40000,40000
056540,聯詠凱基98購02  ,0,0,0,0,0,0,0,0,0,40000,0,0,0,40000,0,40000,40000
059195,國巨永豐99購04  ,0,0,0,0,0,0,0,0,0,40000,0,0,0,40000,0,40000,40000
058370,聯詠凱基99購01  ,0,0,0,0,0,0,0,0,0,40000,0,0,0,40000,0,40000,40000
056659,泰碩元大99購01  ,0,0,0,0,0,0,0,0,0,40000,0,0,0,55000,15000,40000,40000
059845,欣興富邦9A購02  ,0,0,0,0,0,0,0,0,0,40000,0,0,0,40000,0,40000,40000
057181,亞光元大98購02  ,0,0,0,0,0,0,0,0,0,40000,0,0,0,40000,0,40000,40000
057379,寶成元大98購02  ,0,0,0,0,0,0,0,0,0,40000,0,0,0,40000,0,40000,40000
058520,智易元大99購03  ,0,0,0,0,0,0,0,0,0,40000,0,0,0,146000,106000,40000,40000
058911,茂林元大99購04  ,0,0,0,0,0,0,0,0,0,40000,0,0,0,58000,18000,40000,40000
056852,矽格元富98購01  ,0,0,0,0,0,0,0,0,0,40000,0,0,0,148000,108000,40000,40000
07481P,大立光台新9A售01,0,0,0,0,0,0,0,0,0,40000,0,0,0,40000,0,40000,40000
06980P,緯穎永豐99售02  ,0,0,0,0,0,0,0,0,0,39000,0,0,0,88000,49000,39000,39000
062476,神隆國票9B購01  ,0,0,0,0,0,0,0,0,0,39000,0,0,0,39000,0,39000,39000
060705,台光電富邦9B購01,0,0,0,0,0,0,0,0,0,39000,0,0,0,57000,18000,39000,39000
060906,旺宏元大9A購07  ,0,0,0,0,0,0,0,0,0,39000,0,0,0,51000,12000,39000,39000
061830,元金2X凱基01購01,0,0,0,0,0,0,0,0,0,39000,0,0,0,40000,1000,39000,39000
055785,祥碩凱基97購02  ,0,0,0,0,0,0,0,0,0,39000,0,0,0,182000,143000,39000,39000
055104,台達電凱基98購01,0,0,0,0,0,0,0,0,0,39000,0,0,0,39000,0,39000,39000
055863,緯穎元大97購05  ,0,0,0,0,0,0,0,0,0,39000,0,0,0,59000,20000,39000,39000
051318,上銀國票96購01  ,0,0,0,0,0,0,0,0,0,39000,0,0,0,40000,1000,39000,39000
052337,臺股指日盛95購02,0,0,0,0,0,0,0,0,0,39000,0,0,0,39000,0,39000,39000
053107,旺宏兆豐97購01  ,0,0,0,0,0,0,0,0,0,39000,0,0,0,39000,0,39000,39000
057711,台積電統一9A購03,0,0,0,0,0,0,0,0,0,39000,0,0,0,39000,0,39000,39000
058877,T50反1國泰9B購01,0,0,0,0,0,0,0,0,0,39000,0,0,0,135000,96000,39000,39000
058573,鴻海群益9A購02  ,0,0,0,0,0,0,0,0,0,39000,0,0,0,71000,32000,39000,39000
058129,國巨元大99購10  ,0,0,0,0,0,0,0,0,0,39000,0,0,0,104000,65000,39000,39000
2390,云辰            ,70000,31000,39000,0,0,0,0,0,0,0,0,0,0,0,0,0,39000
4414,如興            ,156000,153000,3000,0,0,0,0,0,0,36000,39000,3000,36000,0,0,0,39000
8464,億豐            ,235553,208000,27553,0,0,0,0,0,0,11000,2000,1000,1000,10000,0,10000,38553
061849,國巨國票9B購08  ,0,0,0,0,0,0,0,0,0,38000,0,0,0,39000,1000,38000,38000
061773,和潤元大9B購01  ,0,0,0,0,0,0,0,0,0,38000,0,0,0,43000,5000,38000,38000
061058,健策國票9A購05  ,0,0,0,0,0,0,0,0,0,38000,0,0,0,127000,89000,38000,38000
061184,大立光國泰9C購01,0,0,0,0,0,0,0,0,0,38000,0,0,0,82000,44000,38000,38000
060584,玉晶光元富9A購01,0,0,0,0,0,0,0,0,0,38000,0,0,0,44000,6000,38000,38000
061918,上銀凱基9B購02  ,0,0,0,0,0,0,0,0,0,38000,0,0,0,68000,30000,38000,38000
07070P,晶相光元富99售01,0,0,0,0,0,0,0,0,0,38000,0,0,0,168000,130000,38000,38000
06673P,大立光群益98售01,0,0,0,0,0,0,0,0,0,38000,0,0,0,40000,2000,38000,38000
06685P,鴻海國泰9A售01  ,0,0,0,0,0,0,0,0,0,38000,0,0,0,174000,136000,38000,38000
02001R,富邦蘋果反一N   ,0,0,0,0,0,0,0,0,0,38000,0,0,0,121000,83000,38000,38000
0051,元大中型100     ,0,0,0,0,0,0,0,0,0,38000,0,0,0,45000,7000,38000,38000
055698,茂林國票98購03  ,0,0,0,0,0,0,0,0,0,38000,0,0,0,38000,0,38000,38000
055332,奇力新兆豐98購01,0,0,0,0,0,0,0,0,0,38000,0,0,0,38000,0,38000,38000
058123,亞光國票9A購01  ,0,0,0,0,0,0,0,0,0,38000,0,0,0,38000,0,38000,38000
058043,鴻海元大98購13  ,0,0,0,0,0,0,0,0,0,38000,0,0,0,50000,12000,38000,38000
057993,中環中信98購01  ,0,0,0,0,0,0,0,0,0,38000,0,0,0,85000,47000,38000,38000
058010,帆宣國票98購01  ,0,0,0,0,0,0,0,0,0,38000,0,0,0,38000,0,38000,38000
057985,華通元富02購03  ,0,0,0,0,0,0,0,0,0,38000,0,0,0,50000,12000,38000,38000
058994,道瓊指元大99購01,0,0,0,0,0,0,0,0,0,38000,0,0,0,38000,0,38000,38000
060170,世紀鋼永豐9A購01,0,0,0,0,0,0,0,0,0,38000,0,0,0,71000,33000,38000,38000
057178,可成元大98購03  ,0,0,0,0,0,0,0,0,0,38000,0,0,0,38000,0,38000,38000
07792P,牧德元大9A售04  ,0,0,0,0,0,0,0,0,0,38000,0,0,0,38000,0,38000,38000
06912P,台光電元大99售02,0,0,0,0,0,0,0,0,0,37000,0,0,0,52000,15000,37000,37000
061094,彩晶統一9B購02  ,0,0,0,0,0,0,0,0,0,37000,0,0,0,37000,0,37000,37000
061464,瑞昱群益9A購01  ,0,0,0,0,0,0,0,0,0,37000,0,0,0,76000,39000,37000,37000
055471,聯發科凱基97購04,0,0,0,0,0,0,0,0,0,37000,0,0,0,47000,10000,37000,37000
054930,群電凱基98購01  ,0,0,0,0,0,0,0,0,0,37000,0,0,0,37000,0,37000,37000
049254,台積電元大96購02,0,0,0,0,0,0,0,0,0,37000,0,0,0,92000,55000,37000,37000
052491,泰碩國票99購01  ,0,0,0,0,0,0,0,0,0,37000,0,0,0,40000,3000,37000,37000
059702,台積電凱基9A購14,0,0,0,0,0,0,0,0,0,37000,0,0,0,37000,0,37000,37000
057810,技嘉元大98購06  ,0,0,0,0,0,0,0,0,0,37000,0,0,0,83000,46000,37000,37000
058651,FBVIX中信9C購01 ,0,0,0,0,0,0,0,0,0,37000,0,0,0,40000,3000,37000,37000
058094,祥碩元大98購09  ,0,0,0,0,0,0,0,0,0,37000,0,0,0,275000,238000,37000,37000
061503,臻鼎國票9B購01  ,0,0,0,0,0,0,0,0,0,36000,0,0,0,36000,0,36000,36000
061141,臻鼎統一9A購01  ,0,0,0,0,0,0,0,0,0,36000,0,0,0,158000,122000,36000,36000
06090P,旺宏統一97售06  ,0,0,0,0,0,0,0,0,0,36000,0,0,0,42000,6000,36000,36000
060884,超眾中信9B購01  ,0,0,0,0,0,0,0,0,0,36000,0,0,0,36000,0,36000,36000
060785,國巨富邦9B購04  ,0,0,0,0,0,0,0,0,0,36000,0,0,0,104000,68000,36000,36000
06239P,奇力新元大97售08,0,0,0,0,0,0,0,0,0,36000,0,0,0,50000,14000,36000,36000
050124,元金2X凱基95購01,0,0,0,0,0,0,0,0,0,36000,0,0,0,36000,0,36000,36000
056368,祥碩元大98購02  ,0,0,0,0,0,0,0,0,0,36000,0,0,0,81000,45000,36000,36000
059613,泰鼎永豐99購02  ,0,0,0,0,0,0,0,0,0,36000,0,0,0,78000,42000,36000,36000
056795,鴻海麥證98購01  ,0,0,0,56000,20000,36000,0,0,0,36000,0,0,0,56000,20000,36000,36000
056992,祥碩兆豐98購01  ,0,0,0,0,0,0,0,0,0,36000,0,0,0,46000,10000,36000,36000
058782,臺股指國票99購01,0,0,0,0,0,0,0,0,0,36000,0,0,0,46000,10000,36000,36000
05911P,南亞科永豐96售03,0,0,0,0,0,0,0,0,0,36000,0,0,0,52000,16000,36000,36000
059075,FBVIX元大99購01 ,0,0,0,0,0,0,0,0,0,36000,0,0,0,101000,65000,36000,36000
056715,瀚宇博永豐98購01,0,0,0,0,0,0,0,0,0,36000,0,0,0,39000,3000,36000,36000
058519,嘉澤元大99購01  ,0,0,0,0,0,0,0,0,0,36000,0,0,0,54000,18000,36000,36000
057053,立積元大98購02  ,0,0,0,0,0,0,0,0,0,36000,0,0,0,41000,5000,36000,36000
07789P,緯穎群益9A售03  ,0,0,0,0,0,0,0,0,0,36000,0,0,0,36000,0,36000,36000
07689P,旺宏元大9A售13  ,0,0,0,0,0,0,0,0,0,36000,0,0,0,37000,1000,36000,36000
1308,亞聚            ,330000,270000,60000,0,0,0,0,0,0,-24000,0,24000,-24000,0,0,0,36000
1337,再生-KY         ,113000,77000,36000,0,0,0,0,0,0,0,0,0,0,0,0,0,36000
4763,材料-KY         ,78000,38000,40000,0,0,0,0,0,0,-4000,19000,23000,-4000,0,0,0,36000
061956,和大統一01購01  ,0,0,0,0,0,0,0,0,0,35000,0,0,0,40000,5000,35000,35000
06993P,鴻海凱基99售05  ,0,0,0,0,0,0,0,0,0,35000,0,0,0,95000,60000,35000,35000
07386P,臺股指群益99售24,0,0,0,0,0,0,0,0,0,35000,0,0,0,35000,0,35000,35000
060749,祥碩國票9A購01  ,0,0,0,0,0,0,0,0,0,35000,0,0,0,35000,0,35000,35000
060577,玉晶光中信9A購02,0,0,0,0,0,0,0,0,0,35000,0,0,0,35000,0,35000,35000
061457,TPK凱基9A購01   ,0,0,0,0,0,0,0,0,0,35000,0,0,0,60000,25000,35000,35000
06154P,超眾元大98售01  ,0,0,0,0,0,0,0,0,0,35000,0,0,0,35000,0,35000,35000
056063,大立光元大97購13,0,0,0,0,0,0,0,0,0,35000,0,0,0,35000,0,35000,35000
052206,燿華中信95購02  ,0,0,0,0,0,0,0,0,0,35000,0,0,0,35000,0,35000,35000
052344,台表科凱基98購01,0,0,0,0,0,0,0,0,0,35000,0,0,0,35000,0,35000,35000
052312,美律富邦96購02  ,0,0,0,0,0,0,0,0,0,35000,0,0,0,115000,80000,35000,35000
053355,超眾兆豐97購01  ,0,0,0,0,0,0,0,0,0,35000,0,0,0,35000,0,35000,35000
053203,智易日盛96購01  ,0,0,0,0,0,0,0,0,0,35000,0,0,0,35000,0,35000,35000
050451,嘉晶元大95購01  ,0,0,0,0,0,0,0,0,0,35000,0,0,0,35000,0,35000,35000
058488,華擎國票9A購01  ,0,0,0,0,0,0,0,0,0,35000,0,0,0,45000,10000,35000,35000
057443,臺股指統一99購04,0,0,0,0,0,0,0,0,0,35000,0,0,0,35000,0,35000,35000
059807,大立光元富99購09,55000,55000,0,0,0,0,0,0,0,35000,0,0,0,132000,97000,35000,35000
058687,聯茂凱基9A購01  ,0,0,0,0,0,0,0,0,0,35000,0,0,0,45000,10000,35000,35000
060464,台積電元大9A購11,0,0,0,0,0,0,0,0,0,35000,0,0,0,35000,0,35000,35000
056890,國巨元大98購11  ,0,0,0,0,0,0,0,0,0,35000,0,0,0,93000,58000,35000,35000
058977,SGBR2X凱基03購01,0,0,0,0,0,0,0,0,0,35000,0,0,0,85000,50000,35000,35000
058575,智邦群益99購01  ,0,0,0,0,0,0,0,0,0,35000,0,0,0,35000,0,35000,35000
1460,宏遠            ,182000,147000,35000,0,0,0,0,0,0,0,0,0,0,0,0,0,35000
1783,和康生          ,91000,56000,35000,0,0,0,0,0,0,0,0,0,0,0,0,0,35000
061590,金寶永豐9A購01  ,0,0,0,0,0,0,0,0,0,34000,0,0,0,34000,0,34000,34000
061488,奇力新兆豐9A購01,0,0,0,0,0,0,0,0,0,34000,0,0,0,68000,34000,34000,34000
061336,國巨元大9A購20  ,0,0,0,0,0,0,0,0,0,34000,0,0,0,50000,16000,34000,34000
061204,國巨元大9A購16  ,0,0,0,0,0,0,0,0,0,34000,0,0,0,65000,31000,34000,34000
060634,矽創富邦9B購01  ,0,0,0,0,0,0,0,0,0,34000,0,0,0,34000,0,34000,34000
061108,臻鼎元大9A購02  ,0,0,0,0,0,0,0,0,0,34000,0,0,0,34000,0,34000,34000
06729P,聯詠元大98售03  ,0,0,0,0,0,0,0,0,0,34000,0,0,0,34000,0,34000,34000
06727P,台光電元大98售05,0,0,0,0,0,0,0,0,0,34000,0,0,0,65000,31000,34000,34000
06516P,國巨凱基98售08  ,0,0,0,0,0,0,0,0,0,34000,0,0,0,36000,2000,34000,34000
061926,晶技凱基9B購02  ,0,0,0,0,0,0,0,0,0,34000,0,0,0,36000,2000,34000,34000
00733,富邦臺灣中小    ,0,0,0,0,0,0,0,0,0,34000,0,0,0,245000,211000,34000,34000
05606P,TPK國票97售02   ,0,0,0,0,0,0,0,0,0,34000,0,0,0,45000,11000,34000,34000
056085,聯發科統一97購01,0,0,0,0,0,0,0,0,0,34000,0,0,0,36000,2000,34000,34000
055740,智易元富97購01  ,0,0,0,0,0,0,0,0,0,34000,0,0,0,34000,0,34000,34000
055797,華通富邦98購01  ,0,0,0,0,0,0,0,0,0,34000,0,0,0,34000,0,34000,34000
055980,祥碩統一98購01  ,0,0,0,0,0,0,0,0,0,34000,0,0,0,34000,0,34000,34000
05908P,大立光元富96售05,0,0,0,0,0,0,0,0,0,34000,0,0,0,34000,0,34000,34000
057397,茂林中信9A購01  ,0,0,0,0,0,0,0,0,0,34000,0,0,0,35000,1000,34000,34000
07873P,華新科群益9B售03,0,0,0,0,0,0,0,0,0,34000,0,0,0,34000,0,34000,34000
2387,精元            ,308000,261841,46159,0,0,0,0,0,0,-13000,3000,0,3000,0,16000,-16000,33159
061122,敬鵬永豐9A購01  ,0,0,0,0,0,0,0,0,0,33000,0,0,0,61000,28000,33000,33000
061155,華新科群益9A購06,0,0,0,0,0,0,0,0,0,33000,0,0,0,48000,15000,33000,33000
060964,日月光凱基9A購01,0,0,0,0,0,0,0,0,0,33000,0,0,0,33000,0,33000,33000
060742,臺指反國票9B購02,0,0,0,0,0,0,0,0,0,33000,0,0,0,45000,12000,33000,33000
060755,鴻海元大9A購15  ,0,0,0,0,0,0,0,0,0,33000,0,0,0,68000,35000,33000,33000
061556,台積電國票9A購08,0,0,0,0,0,0,0,0,0,33000,0,0,0,40000,7000,33000,33000
055556,奇力新凱基98購03,0,0,0,0,0,0,0,0,0,33000,0,0,0,33000,0,33000,33000
059130,台灣50群益9B購05,0,0,0,0,0,0,0,0,0,33000,0,0,0,33000,0,33000,33000
054332,世芯永豐97購01  ,0,0,0,0,0,0,0,0,0,33000,0,0,0,134000,101000,33000,33000
055670,矽創群益98購02  ,0,0,0,0,0,0,0,0,0,33000,0,0,0,131000,98000,33000,33000
054716,緯穎康和97購01  ,0,0,0,0,0,0,0,0,0,33000,0,0,0,47000,14000,33000,33000
00682U,元大美元指數    ,0,0,0,0,0,0,0,0,0,33000,0,0,0,115000,82000,33000,33000
056365,欣興元大98購01  ,0,0,0,0,0,0,0,0,0,33000,0,0,0,40000,7000,33000,33000
053635,技嘉永豐96購01  ,0,0,0,0,0,0,0,0,0,33000,0,0,0,132000,99000,33000,33000
054479,緯創中信98購01  ,0,0,0,0,0,0,0,0,0,33000,0,0,0,83000,50000,33000,33000
058483,道瓊指國票9A購01,0,0,0,0,0,0,0,0,0,33000,0,0,0,33000,0,33000,33000
057000,亞德客國票99購01,0,0,0,0,0,0,0,0,0,33000,0,0,0,45000,12000,33000,33000
056496,康控國泰99購01  ,0,0,0,0,0,0,0,0,0,33000,0,0,0,38000,5000,33000,33000
057570,技嘉永豐98購02  ,0,0,0,0,0,0,0,0,0,33000,0,0,0,317000,284000,33000,33000
058193,緯穎永豐99購01  ,0,0,0,0,0,0,0,0,0,33000,0,0,0,65000,32000,33000,33000
6230,超眾            ,190000,125000,65000,0,0,0,22000,16000,6000,-38000,0,16000,-16000,11000,33000,-22000,33000
2884,玉山金          ,7079204,7051768,27436,0,0,0,0,0,0,5000,62000,0,62000,0,57000,-57000,32436
061473,台積電元大9A購33,0,0,0,0,0,0,0,0,0,32000,0,0,0,555000,523000,32000,32000
061381,台灣50群益9B購07,0,0,0,0,0,0,0,0,0,32000,0,0,0,134000,102000,32000,32000
060748,臻鼎國票9A購01  ,0,0,0,0,0,0,0,0,0,32000,0,0,0,75000,43000,32000,32000
060709,緯穎富邦9B購01  ,0,0,0,0,0,0,0,0,0,32000,0,0,0,404000,372000,32000,32000
060712,建準永豐9A購01  ,0,0,0,0,0,0,0,0,0,32000,0,0,0,55000,23000,32000,32000
060962,義隆凱基9B購01  ,0,0,0,0,0,0,0,0,0,32000,0,0,0,70000,38000,32000,32000
062141,遠東新國票9B購01,0,0,0,0,0,0,0,0,0,32000,0,0,0,70000,38000,32000,32000
06551P,貿聯元大98售05  ,0,0,0,0,0,0,0,0,0,32000,0,0,0,50000,18000,32000,32000
03658C,T50反1元大9A牛02,0,0,0,0,0,0,0,0,0,32000,0,0,0,32000,0,32000,32000
054778,世紀鋼國票99購01,0,0,0,0,0,0,0,0,0,32000,0,0,0,62000,30000,32000,32000
059153,臺股指國票99購16,0,0,0,0,0,0,0,0,0,32000,0,0,0,62000,30000,32000,32000
055916,奇鋐凱基99購01  ,0,0,0,0,0,0,0,0,0,32000,0,0,0,341000,309000,32000,32000
055996,矽力國泰99購01  ,0,0,0,0,0,0,0,0,0,32000,0,0,0,46000,14000,32000,32000
058864,欣興凱基99購04  ,0,0,0,0,0,0,0,0,0,32000,0,0,0,68000,36000,32000,32000
058920,SGBR2X元富99購06,0,0,0,0,0,0,0,0,0,32000,0,0,0,48000,16000,32000,32000
059118,晶技永豐9A購01  ,0,0,0,0,0,0,0,0,0,32000,0,0,0,32000,0,32000,32000
057482,微星元大98購03  ,0,0,0,0,0,0,0,0,0,32000,0,0,0,106000,74000,32000,32000
05717P,鴻海元大97售07  ,0,0,0,0,0,0,0,0,0,32000,0,0,0,95000,63000,32000,32000
06676P,華新科國票98售03,0,0,0,0,0,0,0,0,0,31000,0,0,0,41000,10000,31000,31000
06847P,奇力新元大98售05,0,0,0,0,0,0,0,0,0,31000,0,0,0,100000,69000,31000,31000
07227P,聯發科元富99售05,0,0,0,0,0,0,0,0,0,31000,0,0,0,147000,116000,31000,31000
07043P,國巨元大99售14  ,0,0,0,0,0,0,0,0,0,31000,0,0,0,31000,0,31000,31000
062098,億光永豐9B購01  ,0,0,0,0,0,0,0,0,0,31000,0,0,0,31000,0,31000,31000
062004,國巨國泰9C購03  ,0,0,0,0,0,0,0,0,0,31000,0,0,0,68000,37000,31000,31000
060892,超眾統一9C購01  ,0,0,0,0,0,0,0,0,0,31000,0,0,0,31000,0,31000,31000
061188,大成鋼富邦9B購01,0,0,0,0,0,0,0,0,0,31000,0,0,0,238000,207000,31000,31000
060850,康友國票9A購03  ,0,0,0,0,0,0,0,0,0,31000,0,0,0,38000,7000,31000,31000
053741,漢唐國票97購03  ,0,0,0,0,0,0,0,0,0,31000,0,0,0,51000,20000,31000,31000
052619,茂林國泰99購01  ,0,0,0,0,0,0,0,0,0,31000,0,0,0,41000,10000,31000,31000
060002,T50反1群益9A購01,0,0,0,0,0,0,0,0,0,31000,0,0,0,81000,50000,31000,31000
059206,元石油元大99購02,0,0,0,0,0,0,0,0,0,31000,0,0,0,31000,0,31000,31000
057477,智邦元大98購09  ,0,0,0,0,0,0,0,0,0,31000,0,0,0,73000,42000,31000,31000
059855,緯穎永豐99購04  ,0,0,0,0,0,0,0,0,0,31000,0,0,0,45000,14000,31000,31000
057980,聯詠永豐98購01  ,0,0,0,0,0,0,0,0,0,31000,0,0,0,41000,10000,31000,31000
060040,康控國票99購04  ,0,0,0,0,0,0,0,0,0,31000,0,0,0,34000,3000,31000,31000
057818,泰碩元大9A購01  ,0,0,0,0,0,0,0,0,0,31000,0,0,0,31000,0,31000,31000
057766,矽力凱基98購03  ,0,0,0,0,0,0,0,0,0,31000,0,0,0,37000,6000,31000,31000
3533,嘉澤            ,816000,703000,113000,0,0,0,178000,188000,-10000,-72000,149000,150000,-1000,11000,82000,-71000,31000
07816P,聯發科群益9A售02,0,0,0,0,0,0,0,0,0,31000,0,0,0,101000,70000,31000,31000
1227,佳格            ,554537,555000,-463,0,0,0,73000,0,73000,-42000,0,42000,-42000,0,0,0,30537
060603,聯發科凱基9A購12,0,0,0,0,0,0,0,0,0,30000,0,0,0,30000,0,30000,30000
060670,臺指反元大01購03,0,0,0,0,0,0,0,0,0,30000,0,0,0,30000,0,30000,30000
061135,聯發科統一9C購03,0,0,0,0,0,0,0,0,0,30000,0,0,0,30000,0,30000,30000
060923,全新永豐9A購01  ,0,0,0,0,0,0,0,0,0,30000,0,0,0,30000,0,30000,30000
061609,華新科統一9C購01,0,0,0,0,0,0,0,0,0,30000,0,0,0,195000,165000,30000,30000
061812,臺指反群益9B購02,0,0,0,0,0,0,0,0,0,30000,0,0,0,30000,0,30000,30000
061819,茂林群益9B購01  ,0,0,0,0,0,0,0,0,0,30000,0,0,0,30000,0,30000,30000
062081,華新科元大9B購06,0,0,0,0,0,0,0,0,0,30000,0,0,0,30000,0,30000,30000
062093,台積電富邦9C購11,0,0,0,0,0,0,0,0,0,30000,0,0,0,30000,0,30000,30000
06376P,上銀統一99售01  ,0,0,0,0,0,0,0,0,0,30000,0,0,0,46000,16000,30000,30000
07160P,台灣50中信03售04,0,0,0,0,0,0,0,0,0,30000,0,0,0,30000,0,30000,30000
06736P,新日興凱基98售03,0,0,0,0,0,0,0,0,0,30000,0,0,0,43000,13000,30000,30000
051829,玉晶光元大98購02,0,0,0,0,0,0,0,0,0,30000,0,0,0,30000,0,30000,30000
052067,中磊兆豐96購01  ,0,0,0,0,0,0,0,0,0,30000,0,0,0,30000,0,30000,30000
052060,旺宏國票96購02  ,0,0,0,0,0,0,0,0,0,30000,0,0,0,33000,3000,30000,30000
053728,茂林凱基97購01  ,0,0,0,0,0,0,0,0,0,30000,0,0,0,30000,0,30000,30000
053697,臻鼎元大96購02  ,0,0,0,0,0,0,0,0,0,30000,0,0,0,30000,0,30000,30000
054406,旺宏國票98購01  ,0,0,0,0,0,0,0,0,0,30000,0,0,0,35000,5000,30000,30000
054380,世芯群益97購02  ,0,0,0,0,0,0,0,0,0,30000,0,0,0,30000,0,30000,30000
055628,旺宏永豐97購01  ,0,0,0,0,0,0,0,0,0,30000,0,0,0,30000,0,30000,30000
055589,台光電元大98購04,0,0,0,0,0,0,0,0,0,30000,0,0,0,30000,0,30000,30000
043513,台灣50元大96購05,0,0,0,0,0,0,0,0,0,30000,0,0,0,30000,0,30000,30000
053304,可成凱基96購03  ,0,0,0,0,0,0,0,0,0,30000,0,0,0,30000,0,30000,30000
052392,台表科群益96購02,0,0,0,0,0,0,0,0,0,30000,0,0,0,30000,0,30000,30000
00656R,國泰中國A50反1  ,0,5000,-5000,0,0,0,0,0,0,35000,0,0,0,90000,55000,35000,30000
047292,台光電元富96購01,0,0,0,0,0,0,0,0,0,30000,0,0,0,30000,0,30000,30000
055965,泰鼎元大97購03  ,0,0,0,0,0,0,0,0,0,30000,0,0,0,30000,0,30000,30000
055067,禾聯碩永豐97購01,0,0,0,0,0,0,0,0,0,30000,0,0,0,30000,0,30000,30000
055475,臻鼎凱基97購02  ,0,0,0,0,0,0,0,0,0,30000,0,0,0,30000,0,30000,30000
059138,台積電兆豐99購04,0,0,0,0,0,0,0,0,0,30000,0,0,0,30000,0,30000,30000
059431,旺宏元大99購14  ,0,0,0,0,0,0,0,0,0,30000,0,0,0,30000,0,30000,30000
054720,禾伸堂永豐97購01,0,0,0,0,0,0,0,0,0,30000,0,0,0,130000,100000,30000,30000
053980,泰鼎元大97購02  ,0,0,0,0,0,0,0,0,0,30000,0,0,0,30000,0,30000,30000
054016,嘉晶永豐96購04  ,0,0,0,0,0,0,0,0,0,30000,0,0,0,30000,0,30000,30000
053834,卜蜂永豐96購01  ,0,0,0,0,0,0,0,0,0,30000,0,0,0,30000,0,30000,30000
053921,嘉晶國票97購03  ,0,0,0,0,0,0,0,0,0,30000,0,0,0,70000,40000,30000,30000
056067,智原元大97購01  ,0,0,0,0,0,0,0,0,0,30000,0,0,0,30000,0,30000,30000
056132,台光電元大97購03,0,0,0,0,0,0,0,0,0,30000,0,0,0,73000,43000,30000,30000
05412P,泰碩國票95售02  ,0,0,0,0,0,0,0,0,0,30000,0,0,0,30000,0,30000,30000
055822,臺股指國票97購09,0,0,0,0,0,0,0,0,0,30000,0,0,0,38000,8000,30000,30000
055829,上銀元大97購06  ,0,0,0,0,0,0,0,0,0,30000,0,0,0,30000,0,30000,30000
056963,建準永豐98購01  ,0,0,0,0,0,0,0,0,0,30000,0,0,0,30000,0,30000,30000
060058,牧德凱基9B購01  ,0,0,0,0,0,0,0,0,0,30000,0,0,0,70000,40000,30000,30000
060119,上銀富邦9B購03  ,0,0,0,0,0,0,0,0,0,30000,0,0,0,30000,0,30000,30000
060403,上銀國泰9B購01  ,0,0,0,0,0,0,0,0,0,30000,0,0,0,30000,0,30000,30000
060162,碩天永豐9A購01  ,0,0,0,0,0,0,0,0,0,30000,0,0,0,30000,0,30000,30000
058207,南茂凱基99購01  ,0,0,0,0,0,0,0,0,0,30000,0,0,0,52000,22000,30000,30000
057929,上銀群益98購02  ,0,0,0,0,0,0,0,0,0,30000,0,0,0,30000,0,30000,30000
058906,晶相光元大99購01,0,0,0,0,0,0,0,0,0,30000,0,0,0,30000,0,30000,30000
058583,臻鼎群益99購01  ,0,0,0,0,0,0,0,0,0,30000,0,0,0,128000,98000,30000,30000
058613,茂林元大99購03  ,0,0,0,0,0,0,0,0,0,30000,0,0,0,93000,63000,30000,30000
058455,玉晶光永豐99購03,0,0,0,0,0,0,0,0,0,30000,0,0,0,30000,0,30000,30000
060016,廣達康和99購01  ,0,0,0,0,0,0,0,0,0,30000,0,0,0,263000,233000,30000,30000
057533,晶相光元大98購02,0,0,0,0,0,0,0,0,0,30000,0,0,0,30000,0,30000,30000
057549,台光電凱基98購05,0,0,0,0,0,0,0,0,0,30000,0,0,0,30000,0,30000,30000
056614,智邦永豐98購01  ,0,0,0,0,0,0,0,0,0,30000,0,0,0,108000,78000,30000,30000
056553,啟碁凱基98購02  ,0,0,0,0,0,0,0,0,0,30000,0,0,0,30000,0,30000,30000
059126,臺指反中信9B購01,0,0,0,0,0,0,0,0,0,30000,0,0,0,30000,0,30000,30000
058339,康友元富99購02  ,0,0,0,0,0,0,0,0,0,30000,0,0,0,30000,0,30000,30000
059867,華邦電凱基99購02,0,0,0,0,0,0,0,0,0,30000,0,0,0,50000,20000,30000,30000
057134,茂林凱基98購02  ,0,0,0,0,0,0,0,0,0,30000,0,0,0,30000,0,30000,30000
057128,台光電凱基98購03,0,0,0,0,0,0,0,0,0,30000,0,0,0,30000,0,30000,30000
056454,欣興凱基98購02  ,0,0,0,0,0,0,0,0,0,30000,0,0,0,30000,0,30000,30000
05645P,聯發科凱基96售13,0,0,0,0,0,0,0,0,0,30000,0,0,0,30000,0,30000,30000
058510,全新元大9B購02  ,0,0,0,0,0,0,0,0,0,30000,0,0,0,60000,30000,30000,30000
058503,鴻海元大99購14  ,0,0,0,0,0,0,0,0,0,30000,0,0,0,63000,33000,30000,30000
057286,群創元大9B購05  ,0,0,0,0,0,0,0,0,0,30000,0,0,0,30000,0,30000,30000
1410,南染            ,31000,1000,30000,0,0,0,0,0,0,0,0,0,0,0,0,0,30000
07542P,台積電凱基9A售16,0,0,0,0,0,0,0,0,0,30000,0,0,0,30000,0,30000,30000
4104,佳醫            ,57000,23000,34000,0,0,0,0,0,0,-4000,1000,5000,-4000,0,0,0,30000
2702,華園            ,42000,12000,30000,0,0,0,0,0,0,0,0,0,0,0,0,0,30000
06863P,欣興凱基98售05  ,0,0,0,0,0,0,0,0,0,29000,0,0,0,49000,20000,29000,29000
06825P,臺股指國票98售01,0,0,0,0,0,0,0,0,0,29000,0,0,0,32000,3000,29000,29000
07006P,旺宏統一9B售03  ,0,0,0,0,0,0,0,0,0,29000,0,0,0,35000,6000,29000,29000
062284,華擎群益9C購03  ,0,0,0,0,0,0,0,0,0,29000,0,0,0,29000,0,29000,29000
060909,金像電元大9B購01,0,0,0,0,0,0,0,0,0,29000,0,0,0,101000,72000,29000,29000
061003,南亞科兆豐9A購01,0,0,0,0,0,0,0,0,0,29000,0,0,0,29000,0,29000,29000
055230,大毅國票98購01  ,0,0,0,0,0,0,0,0,0,29000,0,0,0,32000,3000,29000,29000
059628,智邦凱基99購04  ,0,0,0,0,0,0,0,0,0,29000,0,0,0,29000,0,29000,29000
051193,新日興兆豐96購01,0,0,0,0,0,0,0,0,0,29000,0,0,0,129000,100000,29000,29000
00675L,富邦臺灣加權正2 ,99000,118000,-19000,0,0,0,0,0,0,48000,0,0,0,153000,105000,48000,29000
053332,創意永豐96購03  ,0,0,0,0,0,0,0,0,0,29000,0,0,0,29000,0,29000,29000
052936,華通兆豐98購01  ,0,0,0,0,0,0,0,0,0,29000,0,0,0,29000,0,29000,29000
057582,亞光中信9A購02  ,0,0,0,0,0,0,0,0,0,29000,0,0,0,34000,5000,29000,29000
060393,泰鼎群益9A購01  ,0,0,0,0,0,0,0,0,0,29000,0,0,0,39000,10000,29000,29000
060111,臻鼎元大99購04  ,0,0,0,0,0,0,0,0,0,29000,0,0,0,83000,54000,29000,29000
057798,貿聯兆豐99購01  ,0,0,0,0,0,0,0,0,0,29000,0,0,0,31000,2000,29000,29000
6197,佳必琪          ,56000,41000,15000,0,0,0,0,0,0,14000,14000,0,14000,0,0,0,29000
6283,淳安            ,44000,16000,28000,0,0,0,0,0,0,1000,1000,0,1000,0,0,0,29000
1440,南紡            ,468000,486000,-18000,0,0,0,0,0,0,47000,47000,0,47000,0,0,0,29000
6581,鋼聯            ,41000,12000,29000,0,0,0,0,0,0,0,0,0,0,0,0,0,29000
060676,京元電元大9A購03,0,0,0,0,0,0,0,0,0,28000,0,0,0,50000,22000,28000,28000
060708,康友富邦9B購01  ,0,0,0,0,0,0,0,0,0,28000,0,0,0,85000,57000,28000,28000
061655,微星國票9A購01  ,0,0,0,0,0,0,0,0,0,28000,0,0,0,33000,5000,28000,28000
061308,元金2X中信9A購01,0,0,0,0,0,0,0,0,0,28000,0,0,0,100000,72000,28000,28000
05305P,華新科國泰97售01,0,0,0,0,0,0,0,0,0,28000,0,0,0,58000,30000,28000,28000
047418,智邦富邦97購01  ,0,0,0,0,0,0,0,0,0,28000,0,0,0,28000,0,28000,28000
059392,臺股指凱基99購38,0,0,0,0,0,0,0,0,0,28000,0,0,0,28000,0,28000,28000
059485,台灣50兆豐99購02,0,0,0,0,0,0,0,0,0,28000,0,0,0,52000,24000,28000,28000
054020,技嘉台新97購01  ,0,0,0,0,0,0,0,0,0,28000,0,0,0,28000,0,28000,28000
05886P,華通元富96售01  ,0,0,0,0,0,0,0,0,0,28000,0,0,0,53000,25000,28000,28000
057990,美律統一99購02  ,0,0,0,0,0,0,0,0,0,28000,0,0,0,28000,0,28000,28000
058456,京鼎永豐99購01  ,0,0,0,0,0,0,0,0,0,28000,0,0,0,68000,40000,28000,28000
059078,FBVIX元大99購06 ,0,0,0,0,0,0,0,0,0,28000,0,0,0,30000,2000,28000,28000
8033,雷虎            ,62000,34000,28000,0,0,0,0,0,0,0,0,0,0,0,0,0,28000
06120P,大立光凱基98售05,0,0,0,0,0,0,0,0,0,27000,0,0,0,27000,0,27000,27000
060744,鴻海國票9A購04  ,0,0,0,0,0,0,0,0,0,27000,0,0,0,195000,168000,27000,27000
060800,華新科第一9A購01,0,0,0,0,0,0,0,0,0,27000,0,0,0,27000,0,27000,27000
06057P,大立光凱基98售01,0,0,0,0,0,0,0,0,0,27000,0,0,0,27000,0,27000,27000
061072,南電凱基9B購01  ,0,0,0,0,0,0,0,0,0,27000,0,0,0,27000,0,27000,27000
054036,T50反1元大96購08,0,0,0,0,0,0,0,0,0,27000,0,0,0,27000,0,27000,27000
054935,華通元大98購03  ,0,0,0,0,0,0,0,0,0,27000,0,0,0,95000,68000,27000,27000
059363,超眾永豐99購02  ,0,0,0,0,0,0,0,0,0,27000,0,0,0,27000,0,27000,27000
051055,友達群益98購01  ,0,0,0,0,0,0,0,0,0,27000,0,0,0,37000,10000,27000,27000
053308,智易凱基96購02  ,0,0,0,0,0,0,0,0,0,27000,0,0,0,27000,0,27000,27000
051929,GIS中信96購01   ,0,0,0,0,0,0,0,0,0,27000,0,0,0,27000,0,27000,27000
052590,祥碩永豐96購01  ,0,0,0,0,0,0,0,0,0,27000,0,0,0,98000,71000,27000,27000
055649,華新科元富97購03,0,0,0,0,0,0,0,0,0,27000,0,0,0,27000,0,27000,27000
056232,瑞儀凱基98購01  ,0,0,0,0,0,0,0,0,0,27000,0,0,0,50000,23000,27000,27000
060030,晶相光永豐99購03,0,0,0,0,0,0,0,0,0,27000,0,0,0,27000,0,27000,27000
059851,晶相光永豐99購02,0,0,0,0,0,0,0,0,0,27000,0,0,0,27000,0,27000,27000
05851P,力山群益97售01  ,0,0,0,0,0,0,0,0,0,27000,0,0,0,117000,90000,27000,27000
057625,泰鼎國泰9A購01  ,0,0,0,0,0,0,0,0,0,27000,0,0,0,27000,0,27000,27000
056438,旺宏凱基98購05  ,0,0,0,0,0,0,0,0,0,27000,0,0,0,48000,21000,27000,27000
1524,耿鼎            ,45000,16000,29000,0,0,0,0,0,0,-2000,0,2000,-2000,0,0,0,27000
060864,可成永豐9A購01  ,0,0,0,0,0,0,0,0,0,26000,0,0,0,29000,3000,26000,26000
061249,億豐群益9A購01  ,0,0,0,0,0,0,0,0,0,26000,0,0,0,98000,72000,26000,26000
061388,台積電群益9A購05,0,0,0,0,0,0,0,0,0,26000,0,0,0,73000,47000,26000,26000
061370,晶技國泰9C購01  ,0,0,0,0,0,0,0,0,0,26000,0,0,0,36000,10000,26000,26000
061514,泰碩永豐9A購02  ,0,0,0,0,0,0,0,0,0,26000,0,0,0,31000,5000,26000,26000
061574,大毅元大9B購01  ,0,0,0,0,0,0,0,0,0,26000,0,0,0,273000,247000,26000,26000
06453P,群創元大9B售02  ,0,0,0,0,0,0,0,0,0,26000,0,0,0,39000,13000,26000,26000
052193,國巨元富95購06  ,0,0,0,0,0,0,0,0,0,26000,0,0,0,76000,50000,26000,26000
054059,欣興國票97購03  ,0,0,0,0,0,0,0,0,0,26000,0,0,0,26000,0,26000,26000
053875,GIS元大97購01   ,0,0,0,0,0,0,0,0,0,26000,0,0,0,56000,30000,26000,26000
05478P,智伸科國票96售02,0,0,0,0,0,0,0,0,0,26000,0,0,0,44000,18000,26000,26000
054593,滬深2X永昌9A購01,0,0,0,0,0,0,0,0,0,26000,0,0,0,31000,5000,26000,26000
056457,嘉澤凱基98購01  ,0,0,0,0,0,0,0,0,0,26000,0,0,0,36000,10000,26000,26000
057381,微星國泰9A購01  ,0,0,0,0,0,0,0,0,0,26000,0,0,0,26000,0,26000,26000
059787,奇力新元大9A購02,0,0,0,0,0,0,0,0,0,26000,0,0,0,26000,0,26000,26000
058342,鴻海群益9A購01  ,0,0,0,0,0,0,0,0,0,26000,0,0,0,61000,35000,26000,26000
059209,華通元大99購08  ,0,0,0,0,0,0,0,0,0,26000,0,0,0,26000,0,26000,26000
058961,台灣50兆豐9C購01,0,0,0,0,0,0,0,0,0,26000,0,0,0,26000,0,26000,26000
05866P,致伸元大96售01  ,0,0,0,0,0,0,0,0,0,26000,0,0,0,26000,0,26000,26000
060382,儒鴻凱基9A購01  ,0,0,0,0,0,0,0,0,0,26000,0,0,0,172000,146000,26000,26000
060434,台汽電永豐9A購01,0,0,0,0,0,0,0,0,0,26000,0,0,0,364000,338000,26000,26000
07926P,上銀統一9B售02  ,0,0,0,0,0,0,0,0,0,26000,0,0,0,215000,189000,26000,26000
06672P,聯發科群益98售05,0,0,0,0,0,0,0,0,0,25000,0,0,0,28000,3000,25000,25000
07408P,台積電兆豐99售06,0,0,0,0,0,0,0,0,0,25000,0,0,0,100000,75000,25000,25000
062428,超眾統一9B購01  ,0,0,0,0,0,0,0,0,0,25000,0,0,0,25000,0,25000,25000
062266,世紀鋼元大9B購02,0,0,0,0,0,0,0,0,0,25000,0,0,0,25000,0,25000,25000
062262,茂林元大9B購02  ,0,0,0,0,0,0,0,0,0,25000,0,0,0,30000,5000,25000,25000
061859,勤誠國票9B購01  ,0,0,0,0,0,0,0,0,0,25000,0,0,0,151000,126000,25000,25000
061197,矽創永豐9A購02  ,0,0,0,0,0,0,0,0,0,25000,0,0,0,137000,112000,25000,25000
060885,世紀鋼中信9A購01,0,0,0,0,0,0,0,0,0,25000,0,0,0,70000,45000,25000,25000
055727,矽力元大97購02  ,0,0,0,0,0,0,0,0,0,25000,0,0,0,25000,0,25000,25000
054861,智邦群益97購01  ,0,0,0,0,0,0,0,0,0,25000,0,0,0,35000,10000,25000,25000
052704,TPK國票97購01   ,0,0,0,0,0,0,0,0,0,25000,0,0,0,25000,0,25000,25000
052859,國巨凱基96購07  ,0,0,0,0,0,0,0,0,0,25000,0,0,0,30000,5000,25000,25000
056031,勤誠康和97購02  ,0,0,0,0,0,0,0,0,0,25000,0,0,0,25000,0,25000,25000
054408,義隆國票98購01  ,0,0,0,0,0,0,0,0,0,25000,0,0,0,25000,0,25000,25000
060263,臺指反國票9C購01,0,0,0,0,0,0,0,0,0,25000,0,0,0,25000,0,25000,25000
060258,T50反1凱基9A購06,0,0,0,0,0,0,0,0,0,25000,0,0,0,25000,0,25000,25000
058596,旺宏台新99購01  ,0,0,0,0,0,0,0,0,0,25000,0,0,0,25000,0,25000,25000
058006,台郡群益98購04  ,0,0,0,0,0,0,0,0,0,25000,0,0,0,25000,0,25000,25000
058518,玉晶光元大99購13,0,0,0,0,0,0,0,0,0,25000,0,0,0,114000,89000,25000,25000
057941,聯電國票99購01  ,0,0,0,0,0,0,0,0,0,25000,0,0,0,45000,20000,25000,25000
057937,神達群益98購02  ,0,0,0,0,0,0,0,0,0,25000,0,0,0,25000,0,25000,25000
057946,晶相光國票99購01,0,0,0,0,0,0,0,0,0,25000,0,0,0,25000,0,25000,25000
058353,國巨凱基99購09  ,0,0,0,0,0,0,0,0,0,25000,0,0,0,35000,10000,25000,25000
059116,晶豪科永豐99購01,0,0,0,0,0,0,0,0,0,25000,0,0,0,37000,12000,25000,25000
056642,旺宏凱基98購07  ,0,0,0,0,0,0,0,0,0,25000,0,0,0,45000,20000,25000,25000
057202,TPK元富98購02   ,0,0,0,0,0,0,0,0,0,25000,0,0,0,25000,0,25000,25000
07625P,台灣50凱基01售06,0,0,0,0,0,0,0,0,0,25000,0,0,0,25000,0,25000,25000
07678P,大立光群益9A售03,0,0,0,0,0,0,0,0,0,25000,0,0,0,25000,0,25000,25000
2038,海光            ,59000,36000,23000,0,0,0,0,0,0,2000,2000,0,2000,0,0,0,25000
061100,SP黃豆元大9A購04,0,0,0,0,0,0,0,0,0,24000,0,0,0,25000,1000,24000,24000
061026,南電富邦9B購01  ,0,0,0,0,0,0,0,0,0,24000,0,0,0,66000,42000,24000,24000
061137,晶技統一9B購01  ,0,0,0,0,0,0,0,0,0,24000,0,0,0,40000,16000,24000,24000
061908,台積電中信05購01,0,0,0,0,0,0,0,0,0,24000,0,0,0,124000,100000,24000,24000
061818,富邦金群益9C購01,0,0,0,0,0,0,0,0,0,24000,0,0,0,211000,187000,24000,24000
06179P,國巨群益97售04  ,0,0,0,0,0,0,0,0,0,24000,0,0,0,33000,9000,24000,24000
062450,臻鼎元大9B購02  ,0,0,0,0,0,0,0,0,0,24000,0,0,0,24000,0,24000,24000
06683P,訊芯元大98售07  ,0,0,0,0,0,0,0,0,0,24000,0,0,0,140000,116000,24000,24000
06558P,旺宏元富98售02  ,0,0,0,0,0,0,0,0,0,24000,0,0,0,26000,2000,24000,24000
055565,祥碩凱基97購01  ,0,0,0,0,0,0,0,0,0,24000,0,0,0,24000,0,24000,24000
056398,南茂永豐98購01  ,0,0,0,0,0,0,0,0,0,24000,0,0,0,59000,35000,24000,24000
052893,聯電群益98購01  ,0,0,0,0,0,0,0,0,0,24000,0,0,0,24000,0,24000,24000
03657C,T50反1元大99牛01,0,0,0,0,0,0,0,0,0,24000,0,0,0,54000,30000,24000,24000
054274,智易中信96購02  ,0,0,0,0,0,0,0,0,0,24000,0,0,0,24000,0,24000,24000
054090,瑞昱群益97購01  ,0,0,0,0,0,0,0,0,0,24000,0,0,0,42000,18000,24000,24000
055192,世芯元富97購01  ,0,0,0,0,0,0,0,0,0,24000,0,0,0,24000,0,24000,24000
055782,新日興凱基99購01,0,0,0,0,0,0,0,0,0,24000,0,0,0,70000,46000,24000,24000
053955,華通永豐96購04  ,0,0,0,0,0,0,0,0,0,24000,0,0,0,24000,0,24000,24000
055369,友訊元大97購01  ,0,0,0,0,0,0,0,0,0,24000,0,0,0,60000,36000,24000,24000
056459,茂林凱基99購01  ,0,0,0,0,0,0,0,0,0,24000,0,0,0,44000,20000,24000,24000
059784,台光電元大9A購01,0,0,0,0,0,0,0,0,0,24000,0,0,0,25000,1000,24000,24000
2420,新巨            ,80000,55000,25000,0,0,0,0,0,0,-1000,1000,2000,-1000,0,0,0,24000
07864P,可成元大9B售01  ,0,0,0,0,0,0,0,0,0,24000,0,0,0,45000,21000,24000,24000
1773,勝一            ,46000,22000,24000,0,0,0,0,0,0,0,6000,6000,0,0,0,0,24000
06611P,祥碩國票98售01  ,0,0,0,0,0,0,0,0,0,23000,0,0,0,110000,87000,23000,23000
062226,臻鼎統一9B購01  ,0,0,0,0,0,0,0,0,0,23000,0,0,0,25000,2000,23000,23000
061852,大立光國票9B購02,0,0,0,0,0,0,0,0,0,23000,0,0,0,23000,0,23000,23000
06150P,奇力新元大97售06,0,0,0,0,0,0,0,0,0,23000,0,0,0,63000,40000,23000,23000
061479,泰碩元大9A購02  ,0,0,0,0,0,0,0,0,0,23000,0,0,0,90000,67000,23000,23000
061407,鴻海國票9A購07  ,0,0,0,0,0,0,0,0,0,23000,0,0,0,54000,31000,23000,23000
061076,台達電兆豐9A購01,0,0,0,0,0,0,0,0,0,23000,0,0,0,148000,125000,23000,23000
060986,聯發科元大9A購07,0,0,0,0,0,0,0,0,0,23000,0,0,0,38000,15000,23000,23000
055551,致茂凱基98購01  ,0,0,0,0,0,0,0,0,0,23000,0,0,0,30000,7000,23000,23000
055925,上銀群益97購01  ,0,0,0,0,0,0,0,0,0,23000,0,0,0,23000,0,23000,23000
054974,台表科元大98購02,0,0,0,0,0,0,0,0,0,23000,0,0,0,124000,101000,23000,23000
054799,超眾群益98購01  ,0,0,0,0,0,0,0,0,0,23000,0,0,0,23000,0,23000,23000
055830,上銀元大97購07  ,0,0,0,0,0,0,0,0,0,23000,0,0,0,25000,2000,23000,23000
055861,矽力元大97購03  ,0,0,0,0,0,0,0,0,0,23000,0,0,0,33000,10000,23000,23000
006205,富邦上証        ,0,0,0,0,0,0,0,0,0,23000,130000,20000,110000,1028000,1115000,-87000,23000
056312,茂林元大98購01  ,0,0,0,0,0,0,0,0,0,23000,0,0,0,23000,0,23000,23000
055645,技嘉元富97購01  ,0,0,0,0,0,0,0,0,0,23000,0,0,0,28000,5000,23000,23000
055607,華通康和97購01  ,0,0,0,0,0,0,0,0,0,23000,0,0,0,23000,0,23000,23000
057583,啟碁中信9A購01  ,0,0,0,0,0,0,0,0,0,23000,0,0,0,33000,10000,23000,23000
058757,道瓊銀群益9A購02,0,0,0,0,0,0,0,0,0,23000,0,0,0,23000,0,23000,23000
056406,建準國票99購01  ,0,0,0,0,0,0,0,0,0,23000,0,0,0,25000,2000,23000,23000
059962,S&P正2凱基99購02,0,0,0,0,0,0,0,0,0,23000,0,0,0,23000,0,23000,23000
058103,台積電永豐98購06,0,0,0,0,0,0,0,0,0,23000,0,0,0,23000,0,23000,23000
058828,大毅永豐99購01  ,0,0,0,0,0,0,0,0,0,23000,0,0,0,24000,1000,23000,23000
3311,閎暉            ,33000,11000,22000,0,0,0,0,0,0,1000,1000,0,1000,0,0,0,23000
06085P,義隆台新97售01  ,0,0,0,0,0,0,0,0,0,22000,0,0,0,22000,0,22000,22000
061134,大成鋼統一9C購01,0,0,0,0,0,0,0,0,0,22000,0,0,0,24000,2000,22000,22000
06144P,台光電永豐97售01,0,0,0,0,0,0,0,0,0,22000,0,0,0,42000,20000,22000,22000
061246,玉晶光群益9A購08,0,0,0,0,0,0,0,0,0,22000,0,0,0,39000,17000,22000,22000
061309,鴻海統一9C購05  ,0,0,0,0,0,0,0,0,0,22000,0,0,0,22000,0,22000,22000
06583P,可成凱基98售07  ,0,0,0,0,0,0,0,0,0,22000,0,0,0,54000,32000,22000,22000
06888P,日月光元大98售02,0,0,0,0,0,0,0,0,0,22000,0,0,0,52000,30000,22000,22000
006206,元大上證50      ,6000,13000,-7000,0,0,0,0,0,0,29000,0,0,0,143000,114000,29000,22000
051227,技嘉群益97購01  ,0,0,0,0,0,0,0,0,0,22000,0,0,0,22000,0,22000,22000
049004,聯發科中信96購01,0,0,0,0,0,0,0,0,0,22000,0,0,0,122000,100000,22000,22000
054346,世芯國票97購01  ,0,0,0,0,0,0,0,0,0,22000,0,0,0,22000,0,22000,22000
059334,A50正2國票9A購02,0,0,0,0,0,0,0,0,0,22000,0,0,0,22000,0,22000,22000
057863,美律凱基9A購01  ,0,0,0,0,0,0,0,0,0,22000,0,0,0,24000,2000,22000,22000
056422,全新統一98購02  ,0,0,0,0,0,0,0,0,0,22000,0,0,0,70000,48000,22000,22000
056709,華通永豐98購01  ,0,0,0,0,0,0,0,0,0,22000,0,0,0,32000,10000,22000,22000
056771,嘉晶元大99購01  ,0,0,0,0,0,0,0,0,0,22000,0,0,0,36000,14000,22000,22000
057696,聯電群益9A購01  ,0,0,0,0,0,0,0,0,0,22000,0,0,0,22000,0,22000,22000
058347,玉晶光群益9B購01,0,0,0,0,0,0,0,0,0,22000,0,0,0,65000,43000,22000,22000
057566,欣興富邦99購01  ,0,0,0,0,0,0,0,0,0,22000,0,0,0,22000,0,22000,22000
058389,聯茂國票9A購01  ,0,0,0,0,0,0,0,0,0,22000,0,0,0,22000,0,22000,22000
059771,台積電群益99購11,0,0,0,0,0,0,0,0,0,22000,0,0,0,113000,91000,22000,22000
07413P,國巨元大99售33  ,0,0,0,0,0,0,0,0,0,21000,0,0,0,35000,14000,21000,21000
07172P,臺股指國票99售09,0,0,0,0,0,0,0,0,0,21000,0,0,0,132000,111000,21000,21000
07109P,聯發科中信9B售02,0,0,0,0,0,0,0,0,0,21000,0,0,0,21000,0,21000,21000
062527,美律統一01購01  ,0,0,0,0,0,0,0,0,0,21000,0,0,0,24000,3000,21000,21000
061317,旺宏凱基9A購05  ,0,0,0,0,0,0,0,0,0,21000,0,0,0,21000,0,21000,21000
061292,玉晶光統一01購06,0,0,0,0,0,0,0,0,0,21000,0,0,0,29000,8000,21000,21000
06177P,玉晶光元大98售07,0,0,0,0,0,0,0,0,0,21000,0,0,0,25000,4000,21000,21000
060717,康控永豐9A購01  ,0,0,0,0,0,0,0,0,0,21000,0,0,0,68000,47000,21000,21000
055510,GIS元大97購03   ,0,0,0,0,0,0,0,0,0,21000,0,0,0,71000,50000,21000,21000
055795,茂林國泰98購01  ,0,0,0,0,0,0,0,0,0,21000,0,0,0,22000,1000,21000,21000
055759,技嘉群益98購02  ,0,0,0,0,0,0,0,0,0,21000,0,0,0,22000,1000,21000,21000
056051,T50反1元大97購05,0,0,0,0,0,0,0,0,0,21000,0,0,0,21000,0,21000,21000
051503,玉晶光統一97購01,0,0,0,0,0,0,0,0,0,21000,0,0,0,28000,7000,21000,21000
048236,A50正2國票97購02,0,0,0,0,0,0,0,0,0,21000,0,0,0,57000,36000,21000,21000
03039X,元展36          ,0,0,0,0,0,0,0,0,0,21000,0,0,0,39000,18000,21000,21000
056288,健鼎永豐97購01  ,0,0,0,0,0,0,0,0,0,21000,0,0,0,21000,0,21000,21000
056297,台光電元大97購04,0,0,0,0,0,0,0,0,0,21000,0,0,0,46000,25000,21000,21000
053593,晶技元大98購01  ,0,0,0,0,0,0,0,0,0,21000,0,0,0,91000,70000,21000,21000
058319,大毅永豐9A購01  ,0,0,0,0,0,0,0,0,0,21000,0,0,0,54000,33000,21000,21000
057056,立積元大99購02  ,0,0,0,0,0,0,0,0,0,21000,0,0,0,21000,0,21000,21000
057121,立積康和98購01  ,0,0,0,0,0,0,0,0,0,21000,0,0,0,94000,73000,21000,21000
060405,中租國泰9C購01  ,0,0,0,0,0,0,0,0,0,21000,0,0,0,21000,0,21000,21000
058592,聯發科統一9C購01,0,0,0,0,0,0,0,0,0,21000,0,0,0,21000,0,21000,21000
058862,聯發科凱基99購08,0,0,0,0,0,0,0,0,0,21000,0,0,0,21000,0,21000,21000
05889P,群創元大98售02  ,0,0,0,0,0,0,0,0,0,21000,0,0,0,21000,0,21000,21000
057959,欣興元大98購14  ,0,0,0,0,0,0,0,0,0,21000,0,0,0,32000,11000,21000,21000
060563,智邦富邦9A購01  ,0,0,0,0,0,0,0,0,0,20000,0,0,0,22000,2000,20000,20000
060554,中租凱基9A購01  ,0,0,0,0,0,0,0,0,0,20000,0,0,0,30000,10000,20000,20000
061120,台積電永豐9A購03,0,0,0,0,0,0,0,0,0,20000,0,0,0,20000,0,20000,20000
061028,聚陽永豐9A購01  ,0,0,0,0,0,0,0,0,0,20000,0,0,0,87000,67000,20000,20000
061038,TPK永豐9A購01   ,0,0,0,0,0,0,0,0,0,20000,0,0,0,20000,0,20000,20000
061750,台達電台新9B購01,0,0,0,0,0,0,0,0,0,20000,0,0,0,32000,12000,20000,20000
061841,晶技凱基9C購01  ,0,0,0,0,0,0,0,0,0,20000,0,0,0,20000,0,20000,20000
061647,南六元大9A購03  ,0,0,0,0,0,0,0,0,0,20000,0,0,0,20000,0,20000,20000
061327,台郡凱基9A購02  ,0,0,0,0,0,0,0,0,0,20000,0,0,0,20000,0,20000,20000
061369,T50反1國泰9B購03,0,0,0,0,0,0,0,0,0,20000,0,0,0,80000,60000,20000,20000
061485,鴻海兆豐9A購01  ,0,0,0,0,0,0,0,0,0,20000,0,0,0,25000,5000,20000,20000
06248P,國巨統一97售07  ,0,0,0,0,0,0,0,0,0,20000,0,0,0,26000,6000,20000,20000
062250,台積電元大9B購02,0,0,0,0,0,0,0,0,0,20000,0,0,0,20000,0,20000,20000
062202,國巨國票9C購04  ,0,0,0,0,0,0,0,0,0,20000,0,0,0,20000,0,20000,20000
062188,貿聯元大9B購02  ,0,0,0,0,0,0,0,0,0,20000,0,0,0,20000,0,20000,20000
06204P,鴻海群益97售04  ,0,0,0,0,0,0,0,0,0,20000,0,0,0,20000,0,20000,20000
07133P,臺股指元大9A售27,0,0,0,0,0,0,0,0,0,20000,0,0,0,50000,30000,20000,20000
06955P,臻鼎元富99售01  ,0,0,0,0,0,0,0,0,0,20000,0,0,0,20000,0,20000,20000
07428P,華新科國票9A售01,0,0,0,0,0,0,0,0,0,20000,0,0,0,20000,0,20000,20000
07265P,大立光元大99售16,0,0,0,0,0,0,0,0,0,20000,0,0,0,120000,100000,20000,20000
07256P,臺股指凱基99售36,0,0,0,0,0,0,0,0,0,20000,0,0,0,20000,0,20000,20000
07310P,大立光凱基99售12,0,0,0,0,0,0,0,0,0,20000,0,0,0,20000,0,20000,20000
06837P,上銀統一9A售02  ,0,0,0,0,0,0,0,0,0,20000,0,0,0,20000,0,20000,20000
06689P,鴻海中信9C售02  ,0,0,0,0,0,0,0,0,0,20000,0,0,0,20000,0,20000,20000
06584P,欣興凱基98售03  ,0,0,0,0,0,0,0,0,0,20000,0,0,0,20000,0,20000,20000
06447P,上銀元大98售01  ,0,0,0,0,0,0,0,0,0,20000,0,0,0,46000,26000,20000,20000
06539P,聯發科凱基98售12,0,0,0,0,0,0,0,0,0,20000,0,0,0,30000,10000,20000,20000
06505P,康控國票99售02  ,0,0,0,0,0,0,0,0,0,20000,0,0,0,20000,0,20000,20000
054451,上銀亞東98購01  ,0,0,0,0,0,0,0,0,0,20000,0,0,0,20000,0,20000,20000
054409,亞光國票97購02  ,0,0,0,0,0,0,0,0,0,20000,0,0,0,20000,0,20000,20000
054428,禾伸堂富邦98購01,0,0,0,0,0,0,0,0,0,20000,0,0,0,20000,0,20000,20000
056038,可成凱基97購01  ,0,0,0,0,0,0,0,0,0,20000,0,0,0,40000,20000,20000,20000
056375,玉晶光統一01購01,0,0,0,0,0,0,0,0,0,20000,0,0,0,20000,0,20000,20000
056260,鴻海統一98購07  ,0,0,0,0,0,0,0,0,0,20000,0,0,0,20000,0,20000,20000
052922,國巨永豐96購01  ,0,0,0,0,0,0,0,0,0,20000,0,0,0,20000,0,20000,20000
052854,聯詠日盛96購01  ,0,0,0,0,0,0,0,0,0,20000,0,0,0,20000,0,20000,20000
051729,華新國票96購01  ,0,0,0,0,0,0,0,0,0,20000,0,0,0,20000,0,20000,20000
051657,台郡元富98購01  ,0,0,0,0,0,0,0,0,0,20000,0,0,0,100000,80000,20000,20000
052719,致新凱基96購01  ,0,0,0,0,0,0,0,0,0,20000,0,0,0,20000,0,20000,20000
052789,台積電麥證96購01,0,0,0,20000,0,20000,0,0,0,20000,0,0,0,20000,0,20000,20000
052780,玉晶光國票96購04,0,0,0,0,0,0,0,0,0,20000,0,0,0,20000,0,20000,20000
052660,京元電國票97購01,0,0,0,0,0,0,0,0,0,20000,0,0,0,20000,0,20000,20000
052588,玉晶光永豐98購01,0,0,0,0,0,0,0,0,0,20000,0,0,0,20000,0,20000,20000
052147,上緯控群益95購01,0,0,0,0,0,0,0,0,0,20000,0,0,0,20000,0,20000,20000
052943,奇力新國票96購02,0,0,0,0,0,0,0,0,0,20000,0,0,0,20000,0,20000,20000
051924,聯茂日盛95購01  ,0,0,0,0,0,0,0,0,0,20000,0,0,0,20000,0,20000,20000
052972,義隆群益96購04  ,0,0,0,0,0,0,0,0,0,20000,0,0,0,20000,0,20000,20000
051406,泰鼎永豐96購01  ,0,0,0,0,0,0,0,0,0,20000,0,0,0,50000,30000,20000,20000
047885,元金2X富邦99購01,0,0,0,0,0,0,0,0,0,20000,0,0,0,20000,0,20000,20000
050420,鴻海凱基95購03  ,0,0,0,0,0,0,0,0,0,20000,0,0,0,20000,0,20000,20000
053188,旺宏統一97購03  ,0,0,0,0,0,0,0,0,0,20000,0,0,0,20000,0,20000,20000
053281,茂林元大96購02  ,0,0,0,0,0,0,0,0,0,20000,0,0,0,20000,0,20000,20000
053285,臺股指元大96購08,0,0,0,0,0,0,0,0,0,20000,0,0,0,20000,0,20000,20000
052326,滬深反中信99購01,0,0,0,0,0,0,0,0,0,20000,0,0,0,70000,50000,20000,20000
053436,聯茂日盛96購01  ,0,0,0,0,0,0,0,0,0,20000,0,0,0,20000,0,20000,20000
049946,智邦兆豐95購01  ,0,0,0,0,0,0,0,0,0,20000,0,0,0,20000,0,20000,20000
04496P,國巨國泰96售02  ,0,0,0,0,0,0,0,0,0,20000,0,0,0,20000,0,20000,20000
03675C,臺股指元大04牛02,0,0,0,0,0,0,0,0,0,20000,0,0,0,20000,0,20000,20000
055695,大毅國票98購03  ,0,0,0,0,0,0,0,0,0,20000,0,0,0,23000,3000,20000,20000
055807,勤誠永豐97購01  ,0,0,0,0,0,0,0,0,0,20000,0,0,0,20000,0,20000,20000
055821,勤誠國票98購01  ,0,0,0,0,0,0,0,0,0,20000,0,0,0,20000,0,20000,20000
054916,聯發科凱基98購04,0,0,0,0,0,0,0,0,0,20000,0,0,0,20000,0,20000,20000
054927,帆宣凱基97購01  ,0,0,0,0,0,0,0,0,0,20000,0,0,0,20000,0,20000,20000
055182,京鼎統一98購01  ,0,0,0,0,0,0,0,0,0,20000,0,0,0,20000,0,20000,20000
054354,技嘉富邦97購01  ,0,0,0,0,0,0,0,0,0,20000,0,0,0,380000,360000,20000,20000
054062,TPK國票96購02   ,0,0,0,0,0,0,0,0,0,20000,0,0,0,100000,80000,20000,20000
055297,啟碁元大97購01  ,0,0,0,0,0,0,0,0,0,20000,0,0,0,25000,5000,20000,20000
055301,台虹元大97購01  ,0,0,0,0,0,0,0,0,0,20000,0,0,0,70000,50000,20000,20000
055982,T50反1元富97購01,0,0,0,0,0,0,0,0,0,20000,0,0,0,20000,0,20000,20000
059520,台表科永豐99購02,0,0,0,0,0,0,0,0,0,20000,0,0,0,20000,0,20000,20000
059400,滬深2X元富9C購04,0,0,0,0,0,0,0,0,0,20000,0,0,0,30000,10000,20000,20000
059410,滬深2X國票9A購04,0,0,0,0,0,0,0,0,0,20000,0,0,0,20000,0,20000,20000
058577,南亞科群益99購02,0,0,0,0,0,0,0,0,0,20000,0,0,0,21000,1000,20000,20000
058265,奇力新永豐9A購01,0,0,0,0,0,0,0,0,0,20000,0,0,0,20000,0,20000,20000
058086,鴻海元大98購14  ,0,0,0,0,0,0,0,0,0,20000,0,0,0,30000,10000,20000,20000
058114,台積電第一01購01,0,0,0,0,0,0,0,0,0,20000,0,0,0,20000,0,20000,20000
056837,國巨元富98購02  ,0,0,0,0,0,0,0,0,0,20000,0,0,0,40000,20000,20000,20000
060424,中租永豐9A購01  ,0,0,0,0,0,0,0,0,0,20000,0,0,0,20000,0,20000,20000
060477,和潤元大9A購01  ,0,0,0,0,0,0,0,0,0,20000,0,0,0,104000,84000,20000,20000
060323,華通群益9C購01  ,0,0,0,0,0,0,0,0,0,20000,0,0,0,20000,0,20000,20000
060183,南亞科元富9A購01,0,0,0,0,0,0,0,0,0,20000,0,0,0,30000,10000,20000,20000
057821,晶相光元大98購03,0,0,0,0,0,0,0,0,0,20000,0,0,0,20000,0,20000,20000
057824,日月光元大98購01,0,0,0,0,0,0,0,0,0,20000,0,0,0,37000,17000,20000,20000
060148,臺股指國票9A購08,0,0,0,0,0,0,0,0,0,20000,0,0,0,30000,10000,20000,20000
057176,全新元大99購02  ,0,0,0,0,0,0,0,0,0,20000,0,0,0,30000,10000,20000,20000
056415,聯發科中信98購04,0,0,0,0,0,0,0,0,0,20000,0,0,0,30000,10000,20000,20000
059977,鴻海元大99購40  ,0,0,0,0,0,0,0,0,0,20000,0,0,0,50000,30000,20000,20000
059906,臺指反元大9C購04,0,0,0,0,0,0,0,0,0,20000,0,0,0,20000,0,20000,20000
059920,宏達電元大99購07,0,0,0,0,0,0,0,0,0,20000,0,0,0,84000,64000,20000,20000
057022,智邦凱基98購04  ,0,0,0,0,0,0,0,0,0,20000,0,0,0,50000,30000,20000,20000
058505,台積電元大99購08,0,0,0,0,0,0,0,0,0,20000,0,0,0,20000,0,20000,20000
057659,台表科兆豐98購01,0,0,0,0,0,0,0,0,0,20000,0,0,0,222000,202000,20000,20000
057231,美律凱基98購05  ,0,0,0,0,0,0,0,0,0,20000,0,0,0,50000,30000,20000,20000
058343,台積電群益99購02,0,0,0,0,0,0,0,0,0,20000,0,0,0,20000,0,20000,20000
058363,全新凱基9A購02  ,0,0,0,0,0,0,0,0,0,20000,0,0,0,20000,0,20000,20000
058791,鴻海元大99購17  ,0,0,0,0,0,0,0,0,0,20000,0,0,0,50000,30000,20000,20000
059079,SGBR2X元大99購01,0,0,0,0,0,0,0,0,0,20000,0,0,0,20000,0,20000,20000
059100,元油2X統一9C購02,0,0,0,0,0,0,0,0,0,20000,0,0,0,20000,0,20000,20000
056557,世紀鋼凱基98購02,0,0,0,0,0,0,0,0,0,20000,0,0,0,20000,0,20000,20000
056551,台郡凱基98購04  ,0,0,0,0,0,0,0,0,0,20000,0,0,0,50000,30000,20000,20000
057433,上銀國票98購04  ,0,0,0,0,0,0,0,0,0,20000,0,0,0,20000,0,20000,20000
060019,彰銀康和99購01  ,0,0,0,0,0,0,0,0,0,20000,0,0,0,20000,0,20000,20000
058369,亞光凱基99購02  ,0,0,0,0,0,0,0,0,0,20000,0,0,0,20000,0,20000,20000
2537,聯上發          ,303000,280000,23000,0,0,0,0,0,0,-3000,0,3000,-3000,0,0,0,20000
1734,杏輝            ,72000,55000,17000,0,0,0,0,0,0,3000,3000,0,3000,0,0,0,20000
07917P,可成永豐9B售01  ,0,0,0,0,0,0,0,0,0,20000,0,0,0,53000,33000,20000,20000
07807P,聯茂永豐9A售02  ,0,0,0,0,0,0,0,0,0,20000,0,0,0,20000,0,20000,20000
07786P,南電中信9C售01  ,0,0,0,0,0,0,0,0,0,20000,0,0,0,30000,10000,20000,20000
07756P,台灣50國票04售01,0,0,0,0,0,0,0,0,0,20000,0,0,0,20000,0,20000,20000
07622P,華新科統一9B售02,0,0,0,0,0,0,0,0,0,20000,0,0,0,20000,0,20000,20000
06468P,華新科統一98售02,0,0,0,0,0,0,0,0,0,19000,0,0,0,36000,17000,19000,19000
06428P,國巨元大97售17  ,0,0,0,0,0,0,0,0,0,19000,0,0,0,34000,15000,19000,19000
06645P,上銀元大98售05  ,0,0,0,0,0,0,0,0,0,19000,0,0,0,49000,30000,19000,19000
06889P,臺股指元大98售13,0,0,0,0,0,0,0,0,0,19000,0,0,0,130000,111000,19000,19000
07112P,聯發科群益99售05,0,0,0,0,0,0,0,0,0,19000,0,0,0,19000,0,19000,19000
061505,力成國票9A購03  ,0,0,0,0,0,0,0,0,0,19000,0,0,0,57000,38000,19000,19000
061384,T50反1群益9A購04,0,0,0,0,0,0,0,0,0,19000,0,0,0,350000,331000,19000,19000
061079,台積電兆豐9A購02,0,0,0,0,0,0,0,0,0,19000,0,0,0,30000,11000,19000,19000
060874,中鋼中信02購01  ,0,0,0,0,0,0,0,0,0,19000,0,0,0,20000,1000,19000,19000
059258,台灣50群益99購01,0,0,0,0,0,0,0,0,0,19000,0,0,0,19000,0,19000,19000
055174,精元統一97購01  ,0,0,0,0,0,0,0,0,0,19000,0,0,0,108000,89000,19000,19000
054745,智易凱基97購01  ,0,0,0,0,0,0,0,0,0,19000,0,0,0,69000,50000,19000,19000
052371,元金2X元大95購01,0,0,0,0,0,0,0,0,0,19000,0,0,0,20000,1000,19000,19000
047004,台積電統一99購01,0,0,0,0,0,0,0,0,0,19000,0,0,0,21000,2000,19000,19000
059120,致伸永豐99購01  ,0,0,0,0,0,0,0,0,0,19000,0,0,0,31000,12000,19000,19000
057270,遠東新元大98購01,0,0,0,0,0,0,0,0,0,19000,0,0,0,59000,40000,19000,19000
058516,健鼎元大99購02  ,0,0,0,0,0,0,0,0,0,19000,0,0,0,37000,18000,19000,19000
057057,立積元大9A購01  ,0,0,0,0,0,0,0,0,0,19000,0,0,0,19000,0,19000,19000
056712,京鼎永豐98購01  ,0,0,0,0,0,0,0,0,0,19000,0,0,0,49000,30000,19000,19000
058688,矽創凱基9A購01  ,0,0,0,0,0,0,0,0,0,19000,0,0,0,19000,0,19000,19000
057763,康控凱基99購02  ,0,0,0,0,0,0,0,0,0,19000,0,0,0,25000,6000,19000,19000
060454,葡萄王元大9A購01,0,0,0,0,0,0,0,0,0,19000,0,0,0,70000,51000,19000,19000
07662P,台積電兆豐9A售03,0,0,0,0,0,0,0,0,0,19000,0,0,0,19000,0,19000,19000
4576,大銀微系統      ,46000,27000,19000,0,0,0,0,0,0,0,0,0,0,0,0,0,19000
060733,和大統一9C購01  ,0,0,0,0,0,0,0,0,0,18000,0,0,0,28000,10000,18000,18000
061483,TPK元大9A購01   ,0,0,0,0,0,0,0,0,0,18000,0,0,0,39000,21000,18000,18000
061294,奇力新麥證9A購01,0,0,0,30000,12000,18000,0,0,0,18000,0,0,0,30000,12000,18000,18000
07186P,臺股指統一9C售02,0,0,0,0,0,0,0,0,0,18000,0,0,0,18000,0,18000,18000
07190P,臺股指富邦9C售02,0,0,0,0,0,0,0,0,0,18000,0,0,0,20000,2000,18000,18000
07242P,台灣50凱基9A售03,0,0,0,0,0,0,0,0,0,18000,0,0,0,30000,12000,18000,18000
062215,華通統一9B購01  ,0,0,0,0,0,0,0,0,0,18000,0,0,0,74000,56000,18000,18000
06378P,國巨統一97售08  ,0,0,0,0,0,0,0,0,0,18000,0,0,0,23000,5000,18000,18000
020011,統一微波高息20N ,0,0,0,0,0,0,0,0,0,18000,0,0,0,21000,3000,18000,18000
053443,智邦凱基97購01  ,0,0,0,0,0,0,0,0,0,18000,0,0,0,23000,5000,18000,18000
056286,奇鋐永豐97購01  ,0,0,0,0,0,0,0,0,0,18000,0,0,0,68000,50000,18000,18000
055157,晶豪科元大97購01,0,0,0,0,0,0,0,0,0,18000,0,0,0,103000,85000,18000,18000
059290,全新元富99購01  ,0,0,0,0,0,0,0,0,0,18000,0,0,0,25000,7000,18000,18000
060422,台勝科永豐9A購01,0,0,0,0,0,0,0,0,0,18000,0,0,0,103000,85000,18000,18000
057836,南亞科國泰9A購01,0,0,0,0,0,0,0,0,0,18000,0,0,0,19000,1000,18000,18000
056991,牧德兆豐98購01  ,0,0,0,0,0,0,0,0,0,18000,0,0,0,18000,0,18000,18000
058958,台表科國票9A購03,0,0,0,0,0,0,0,0,0,18000,0,0,0,37000,19000,18000,18000
058601,台積電元大99購10,0,0,0,0,0,0,0,0,0,18000,0,0,0,28000,10000,18000,18000
058626,瑞昱國票9A購01  ,5000,0,5000,0,0,0,0,0,0,13000,0,0,0,20000,7000,13000,18000
057873,義隆元大98購03  ,0,0,0,0,0,0,0,0,0,18000,0,0,0,18000,0,18000,18000
059942,全新永豐99購04  ,0,0,0,0,0,0,0,0,0,18000,0,0,0,18000,0,18000,18000
058502,鴻海元大99購13  ,0,0,0,0,0,0,0,0,0,18000,0,0,0,33000,15000,18000,18000
057408,台郡群益98購01  ,0,0,0,0,0,0,0,0,0,18000,0,0,0,80000,62000,18000,18000
057568,友訊永豐99購01  ,0,0,0,0,0,0,0,0,0,18000,0,0,0,87000,69000,18000,18000
3712,永崴投控        ,78000,61000,17000,0,0,0,0,0,0,1000,1000,0,1000,0,0,0,18000
07687P,上銀元大9A售06  ,0,0,0,0,0,0,0,0,0,18000,0,0,0,18000,0,18000,18000
9925,新保            ,31000,13000,18000,0,0,0,0,0,0,0,2000,2000,0,0,0,0,18000
07217P,大立光凱基9A售05,0,0,0,0,0,0,0,0,0,17000,0,0,0,17000,0,17000,17000
06597P,國巨富邦9A售05  ,0,0,0,0,0,0,0,0,0,17000,0,0,0,137000,120000,17000,17000
06448P,華通元大99售01  ,0,0,0,0,0,0,0,0,0,17000,0,0,0,66000,49000,17000,17000
061307,和潤永豐9A購02  ,0,0,0,0,0,0,0,0,0,17000,0,0,0,120000,103000,17000,17000
061271,聯茂凱基9A購04  ,0,0,0,0,0,0,0,0,0,17000,0,0,0,27000,10000,17000,17000
061657,智原國票9A購01  ,0,0,0,0,0,0,0,0,0,17000,0,0,0,27000,10000,17000,17000
061164,燿華兆豐9B購01  ,0,0,0,0,0,0,0,0,0,17000,0,0,0,103000,86000,17000,17000
059265,美律中信01購01  ,0,0,0,0,0,0,0,0,0,17000,0,0,0,26000,9000,17000,17000
059567,台積電凱基9A購12,0,0,0,0,0,0,0,0,0,17000,0,0,0,17000,0,17000,17000
056144,GIS元大98購01   ,0,0,0,0,0,0,0,0,0,17000,0,0,0,135000,118000,17000,17000
054298,台表科元大97購03,0,0,0,0,0,0,0,0,0,17000,0,0,0,130000,113000,17000,17000
054738,聯發科凱基97購01,0,0,0,0,0,0,0,0,0,17000,0,0,0,51000,34000,17000,17000
054396,日電貿永豐96購02,0,0,0,0,0,0,0,0,0,17000,0,0,0,17000,0,17000,17000
051926,聯電中信97購01  ,0,0,0,0,0,0,0,0,0,17000,0,0,0,17000,0,17000,17000
051531,國巨國票96購04  ,0,0,0,0,0,0,0,0,0,17000,0,0,0,17000,0,17000,17000
058761,欣興群益99購02  ,0,0,0,0,0,0,0,0,0,17000,0,0,0,26000,9000,17000,17000
057353,玉晶光統一99購01,0,0,0,0,0,0,0,0,0,17000,0,0,0,22000,5000,17000,17000
057267,康控兆豐99購01  ,0,0,0,0,0,0,0,0,0,17000,0,0,0,17000,0,17000,17000
057207,立積元富98購02  ,0,0,0,0,0,0,0,0,0,17000,0,0,0,123000,106000,17000,17000
058144,聯茂元大99購02  ,0,0,0,0,0,0,0,0,0,17000,0,0,0,95000,78000,17000,17000
058838,國巨中信99購03  ,0,0,0,0,0,0,0,0,0,17000,0,0,0,20000,3000,17000,17000
056851,瑞儀元富98購01  ,0,0,0,0,0,0,0,0,0,17000,0,0,0,130000,113000,17000,17000
056904,大立光元大99購05,0,0,0,0,0,0,0,0,0,17000,0,0,0,17000,0,17000,17000
060387,盛群凱基9A購01  ,0,0,0,0,0,0,0,0,0,17000,0,0,0,17000,0,17000,17000
6558,興能高          ,151000,141000,10000,0,0,0,0,0,0,7000,7000,0,7000,0,0,0,17000
07544P,大立光凱基9A售09,0,0,0,0,0,0,0,0,0,17000,0,0,0,37000,20000,17000,17000
07814P,華通群益9A售06  ,0,0,0,0,0,0,0,0,0,17000,0,0,0,34000,17000,17000,17000
07905P,大立光群益9B售04,0,0,0,0,0,0,0,0,0,17000,0,0,0,17000,0,17000,17000
1108,幸福            ,57000,40000,17000,0,0,0,0,0,0,0,0,0,0,0,0,0,17000
4994,傳奇            ,62000,45000,17000,0,0,0,0,0,0,0,0,0,0,0,0,0,17000
061142,南電統一9A購01  ,0,0,0,0,0,0,0,0,0,16000,0,0,0,18000,2000,16000,16000
060682,牧德元大9A購03  ,0,0,0,0,0,0,0,0,0,16000,0,0,0,66000,50000,16000,16000
060777,茂林凱基9C購01  ,0,0,0,0,0,0,0,0,0,16000,0,0,0,36000,20000,16000,16000
060680,玉晶光元大9C購03,0,0,0,0,0,0,0,0,0,16000,0,0,0,31000,15000,16000,16000
061371,嘉澤國泰9C購01  ,0,0,0,0,0,0,0,0,0,16000,0,0,0,19000,3000,16000,16000
06590P,大立光元大98售13,0,0,0,0,0,0,0,0,0,16000,0,0,0,16000,0,16000,16000
06851P,鈺齊元大98售01  ,0,0,0,0,0,0,0,0,0,16000,0,0,0,163000,147000,16000,16000
062286,台郡群益9B購01  ,0,0,0,0,0,0,0,0,0,16000,0,0,0,108000,92000,16000,16000
061946,鴻海群益9B購03  ,0,0,0,0,0,0,0,0,0,16000,0,0,0,25000,9000,16000,16000
061986,晶豪科元大9B購01,0,0,0,0,0,0,0,0,0,16000,0,0,0,132000,116000,16000,16000
04906P,欣興國票95售01  ,0,0,0,0,0,0,0,0,0,16000,0,0,0,40000,24000,16000,16000
00851,台新全球AI      ,0,0,0,0,0,0,0,0,0,16000,0,0,0,22000,6000,16000,16000
051907,台積電元大97購05,0,0,0,0,0,0,0,0,0,16000,0,0,0,16000,0,16000,16000
051597,T50反1中信99購02,0,0,0,0,0,0,0,0,0,16000,0,0,0,16000,0,16000,16000
056295,國巨元大97購16  ,0,0,0,0,0,0,0,0,0,16000,0,0,0,32000,16000,16000,16000
056367,祥碩元大98購01  ,0,0,0,0,0,0,0,0,0,16000,0,0,0,16000,0,16000,16000
054065,樺漢國票97購01  ,0,0,0,0,0,0,0,0,0,16000,0,0,0,16000,0,16000,16000
055875,光罩元富97購02  ,0,0,0,0,0,0,0,0,0,16000,0,0,0,103000,87000,16000,16000
055814,晶豪科國票97購02,0,0,0,0,0,0,0,0,0,16000,0,0,0,44000,28000,16000,16000
055962,晶豪科元大97購02,0,0,0,0,0,0,0,0,0,16000,0,0,0,76000,60000,16000,16000
05500P,臺股指中信96售04,0,0,0,0,0,0,0,0,0,16000,0,0,0,21000,5000,16000,16000
05528P,臺股指群益96售01,0,0,0,0,0,0,0,0,0,16000,0,0,0,51000,35000,16000,16000
060231,台積電元大9A購08,0,0,0,0,0,0,0,0,0,16000,0,0,0,16000,0,16000,16000
057847,聯茂永豐98購01  ,0,0,0,0,0,0,0,0,0,16000,0,0,0,68000,52000,16000,16000
060038,台積電國票99購13,0,0,0,0,0,0,0,0,0,16000,0,0,0,66000,50000,16000,16000
060130,瀚宇博永豐99購02,0,0,0,0,0,0,0,0,0,16000,0,0,0,16000,0,16000,16000
058848,台積電群益99購07,0,0,0,0,0,0,0,0,0,16000,0,0,0,16000,0,16000,16000
058809,國巨統一9B購03  ,0,0,0,0,0,0,0,0,0,16000,0,0,0,70000,54000,16000,16000
057334,技嘉國票98購02  ,0,0,0,0,0,0,0,0,0,16000,0,0,0,121000,105000,16000,16000
057063,立積國泰9A購01  ,0,0,0,0,0,0,0,0,0,16000,0,0,0,54000,38000,16000,16000
056450,可成凱基98購05  ,0,0,0,0,0,0,0,0,0,16000,0,0,0,16000,0,16000,16000
058793,鴻海元大99購19  ,0,0,0,0,0,0,0,0,0,16000,0,0,0,16000,0,16000,16000
059125,台積電第一03購02,0,0,0,0,0,0,0,0,0,16000,0,0,0,21000,5000,16000,16000
059090,台新金元大99購01,0,0,0,0,0,0,0,0,0,16000,0,0,0,16000,0,16000,16000
058396,力山元大99購01  ,0,0,0,0,0,0,0,0,0,16000,0,0,0,16000,0,16000,16000
1615,大山            ,37000,21000,16000,0,0,0,0,0,0,0,1000,1000,0,0,0,0,16000
8374,羅昇            ,28000,13000,15000,0,0,0,0,0,0,1000,1000,0,1000,0,0,0,16000
8499,鼎炫-KY         ,27000,10000,17000,0,0,0,0,0,0,-1000,0,1000,-1000,0,0,0,16000
061947,旺宏群益9B購02  ,0,0,0,0,0,0,0,0,0,15000,0,0,0,172000,157000,15000,15000
06206P,台積電凱基97售11,0,0,0,0,0,0,0,0,0,15000,0,0,0,15000,0,15000,15000
062469,旺宏凱基9B購05  ,0,0,0,0,0,0,0,0,0,15000,0,0,0,15000,0,15000,15000
07216P,大立光凱基99售08,0,0,0,0,0,0,0,0,0,15000,0,0,0,15000,0,15000,15000
061621,健策群益9A購05  ,0,0,0,0,0,0,0,0,0,15000,0,0,0,47000,32000,15000,15000
06172P,台虹永豐97售02  ,0,0,0,0,0,0,0,0,0,15000,0,0,0,15000,0,15000,15000
056138,群創元大9B購01  ,0,0,0,0,0,0,0,0,0,15000,0,0,0,15000,0,15000,15000
056169,鴻海元富97購08  ,0,0,0,0,0,0,0,0,0,15000,0,0,0,63000,48000,15000,15000
059519,台郡永豐99購01  ,0,0,0,0,0,0,0,0,0,15000,0,0,0,15000,0,15000,15000
059474,元石油群益99購01,0,0,0,0,0,0,0,0,0,15000,0,0,0,17000,2000,15000,15000
056483,TPK元大98購01   ,0,0,0,0,0,0,0,0,0,15000,0,0,0,88000,73000,15000,15000
059177,臺股指凱基99購28,0,0,0,0,0,0,0,0,0,15000,0,0,0,15000,0,15000,15000
055803,鎧勝永豐97購01  ,0,0,0,0,0,0,0,0,0,15000,0,0,0,15000,0,15000,15000
055232,泰碩國票98購01  ,0,0,0,0,0,0,0,0,0,15000,0,0,0,15000,0,15000,15000
054758,南亞國票9A購01  ,0,0,0,0,0,0,0,0,0,15000,0,0,0,15000,0,15000,15000
054784,順德群益9A購01  ,0,0,0,0,0,0,0,0,0,15000,0,0,0,15000,0,15000,15000
053809,上銀群益96購02  ,0,0,0,0,0,0,0,0,0,15000,0,0,0,15000,0,15000,15000
054003,鴻海統一96購13  ,0,0,0,0,0,0,0,0,0,15000,0,0,0,15000,0,15000,15000
054674,台光電台新97購01,0,0,0,0,0,0,0,0,0,15000,0,0,0,15000,0,15000,15000
054550,旺宏凱基98購02  ,0,0,0,0,0,0,0,0,0,15000,0,0,0,25000,10000,15000,15000
055593,華新科元大97購10,0,0,0,0,0,0,0,0,0,15000,0,0,0,15000,0,15000,15000
055638,上銀元富97購01  ,0,0,0,0,0,0,0,0,0,15000,0,0,0,15000,0,15000,15000
053584,友達元大9B購02  ,0,0,0,0,0,0,0,0,0,15000,0,0,0,20000,5000,15000,15000
052837,友達國泰97購01  ,0,0,0,0,0,0,0,0,0,15000,0,0,0,15000,0,15000,15000
052562,南亞科日盛96購01,0,0,0,0,0,0,0,0,0,15000,0,0,0,15000,0,15000,15000
00713,元大台灣高息低波,14000,0,14000,0,0,0,0,0,0,1000,0,0,0,9000,8000,1000,15000
051154,國巨國泰96購03  ,0,0,0,0,0,0,0,0,0,15000,0,0,0,15000,0,15000,15000
045053,聯發科元富98購01,0,0,0,0,0,0,0,0,0,15000,0,0,0,20000,5000,15000,15000
052305,GIS永豐95購03   ,0,0,0,0,0,0,0,0,0,15000,0,0,0,15000,0,15000,15000
052260,為升富邦97購02  ,0,0,0,0,0,0,0,0,0,15000,0,0,0,15000,0,15000,15000
059687,卜蜂永豐99購01  ,0,0,0,0,0,0,0,0,0,15000,0,0,0,30000,15000,15000,15000
057474,T50反1元大98購09,0,0,0,0,0,0,0,0,0,15000,0,0,0,34000,19000,15000,15000
058767,亞德客兆豐99購01,0,0,0,0,0,0,0,0,0,15000,0,0,0,15000,0,15000,15000
059949,啟碁永豐99購01  ,0,0,0,0,0,0,0,0,0,15000,0,0,0,20000,5000,15000,15000
056408,奇鋐國票99購01  ,0,0,0,0,0,0,0,0,0,15000,0,0,0,15000,0,15000,15000
058882,晶相光永豐99購01,0,0,0,0,0,0,0,0,0,15000,0,0,0,15000,0,15000,15000
056893,智邦元大98購02  ,0,0,0,0,0,0,0,0,0,15000,0,0,0,84000,69000,15000,15000
059020,元油2X統一9B購02,0,0,0,0,0,0,0,0,0,15000,0,0,0,15000,0,15000,15000
058137,玉晶光元大99購11,0,0,0,0,0,0,0,0,0,15000,0,0,0,165000,150000,15000,15000
05807P,泰鼎永豐96售03  ,0,0,0,0,0,0,0,0,0,15000,0,0,0,15000,0,15000,15000
058007,南電群益98購02  ,0,0,0,0,0,0,0,0,0,15000,0,0,0,88000,73000,15000,15000
058034,神達永豐98購02  ,0,0,0,0,0,0,0,0,0,15000,0,0,0,15000,0,15000,15000
06014P,聯發科富邦97售02,0,0,0,0,0,0,0,0,0,15000,0,0,0,15000,0,15000,15000
060308,劍麟永豐9A購01  ,0,0,0,0,0,0,0,0,0,15000,0,0,0,15000,0,15000,15000
060309,佳世達永豐9A購01,0,0,0,0,0,0,0,0,0,15000,0,0,0,15000,0,15000,15000
060264,華新科國票9A購02,0,0,0,0,0,0,0,0,0,15000,0,0,0,15000,0,15000,15000
060486,中租富邦9A購01  ,0,0,0,0,0,0,0,0,0,15000,0,0,0,15000,0,15000,15000
8442,威宏-KY         ,20000,1000,19000,0,0,0,0,0,0,-4000,0,4000,-4000,0,0,0,15000
07972P,大立光統一9C售05,0,0,0,0,0,0,0,0,0,15000,0,0,0,15000,0,15000,15000
07801P,上銀永豐9A售02  ,0,0,0,0,0,0,0,0,0,15000,0,0,0,15000,0,15000,15000
06137P,玉晶光永豐97售04,0,0,0,0,0,0,0,0,0,14000,0,0,0,75000,61000,14000,14000
060738,矽格統一9C購01  ,0,0,0,0,0,0,0,0,0,14000,0,0,0,14000,0,14000,14000
07027P,台積電群益99售04,0,0,0,0,0,0,0,0,0,14000,0,0,0,155000,141000,14000,14000
06490P,鴻海富邦99售02  ,0,0,0,0,0,0,0,0,0,14000,0,0,0,14000,0,14000,14000
062561,瀚宇博凱基9B購01,0,0,0,0,0,0,0,0,0,14000,0,0,0,14000,0,14000,14000
062204,京元電國票9C購01,0,0,0,0,0,0,0,0,0,14000,0,0,0,22000,8000,14000,14000
062186,晶技元大9B購05  ,0,0,0,0,0,0,0,0,0,14000,0,0,0,24000,10000,14000,14000
062271,華通群益9C購02  ,0,0,0,0,0,0,0,0,0,14000,0,0,0,20000,6000,14000,14000
06208P,台郡凱基97售03  ,0,0,0,0,0,0,0,0,0,14000,0,0,0,15000,1000,14000,14000
053175,矽力群益96購01  ,0,0,0,0,0,0,0,0,0,14000,0,0,0,14000,0,14000,14000
051087,國巨元大97購01  ,0,0,0,0,0,0,0,0,0,14000,0,0,0,14000,0,14000,14000
047993,鑽全元大96購01  ,0,0,0,0,0,0,0,0,0,14000,0,0,0,14000,0,14000,14000
056076,超眾元大97購05  ,0,0,0,0,0,0,0,0,0,14000,0,0,0,14000,0,14000,14000
060365,京鼎元富9A購01  ,0,0,0,0,0,0,0,0,0,14000,0,0,0,14000,0,14000,14000
057734,訊芯國泰9A購01  ,0,0,0,0,0,0,0,0,0,14000,0,0,0,45000,31000,14000,14000
058108,台郡台新99購01  ,0,0,0,0,0,0,0,0,0,14000,0,0,0,14000,0,14000,14000
058215,貿聯群益99購02  ,0,0,0,0,0,0,0,0,0,14000,0,0,0,98000,84000,14000,14000
056844,欣興元富98購03  ,0,0,0,0,0,0,0,0,0,14000,0,0,0,60000,46000,14000,14000
057427,華通兆豐99購01  ,0,0,0,0,0,0,0,0,0,14000,0,0,0,20000,6000,14000,14000
057211,鴻海群益98購05  ,0,0,0,0,0,0,0,0,0,14000,0,0,0,157000,143000,14000,14000
05878P,創意群益98售01  ,0,0,0,0,0,0,0,0,0,14000,0,0,0,15000,1000,14000,14000
056580,泰鼎元大9A購01  ,0,0,0,0,0,0,0,0,0,14000,0,0,0,114000,100000,14000,14000
07702P,台積電中信9A售06,0,0,0,0,0,0,0,0,0,14000,0,0,0,16000,2000,14000,14000
062063,世紀鋼統一9C購01,0,0,0,0,0,0,0,0,0,13000,0,0,0,23000,10000,13000,13000
06342P,世芯統一98售01  ,0,0,0,0,0,0,0,0,0,13000,0,0,0,159000,146000,13000,13000
07225P,台積電元大99售33,0,0,0,0,0,0,0,0,0,13000,0,0,0,15000,2000,13000,13000
07373P,A50正2元大99售01,0,0,0,0,0,0,0,0,0,13000,0,0,0,14000,1000,13000,13000
060782,道瓊指富邦9C購01,0,0,0,0,0,0,0,0,0,13000,0,0,0,28000,15000,13000,13000
061087,國巨統一01購04  ,0,0,0,0,0,0,0,0,0,13000,0,0,0,117000,104000,13000,13000
060958,儒鴻凱基9A購02  ,0,0,0,0,0,0,0,0,0,13000,0,0,0,154000,141000,13000,13000
061475,漢唐元大9A購01  ,0,0,0,0,0,0,0,0,0,13000,0,0,0,203000,190000,13000,13000
061906,統一中信9B購01  ,0,0,0,0,0,0,0,0,0,13000,0,0,0,14000,1000,13000,13000
055023,億光國泰98購01  ,0,0,0,0,0,0,0,0,0,13000,0,0,0,23000,10000,13000,13000
055912,宏達電凱基98購03,0,0,0,0,0,0,0,0,0,13000,0,0,0,57000,44000,13000,13000
05122P,鴻海永昌96售06  ,0,0,0,0,0,0,0,0,0,13000,0,0,0,13000,0,13000,13000
050202,建準群益95購01  ,0,0,0,0,0,0,0,0,0,13000,0,0,0,13000,0,13000,13000
00645,富邦日本        ,0,0,0,0,0,0,0,0,0,13000,0,0,0,67000,54000,13000,13000
053134,南亞科國票97購01,0,0,0,0,0,0,0,0,0,13000,0,0,0,38000,25000,13000,13000
053340,建準國票97購01  ,0,0,0,0,0,0,0,0,0,13000,0,0,0,13000,0,13000,13000
053347,茂林國票98購01  ,0,0,0,0,0,0,0,0,0,13000,0,0,0,54000,41000,13000,13000
052713,智邦凱基96購01  ,0,0,0,0,0,0,0,0,0,13000,0,0,0,13000,0,13000,13000
051749,矽力國泰97購01  ,0,0,0,0,0,0,0,0,0,13000,0,0,0,13000,0,13000,13000
053485,矽創國票97購04  ,0,0,0,0,0,0,0,0,0,13000,0,0,0,51000,38000,13000,13000
053638,信邦永豐96購01  ,0,0,0,0,0,0,0,0,0,13000,0,0,0,62000,49000,13000,13000
053769,香港反元大99購01,0,0,0,0,0,0,0,0,0,13000,0,0,0,13000,0,13000,13000
057509,聯發科統一9A購03,0,0,0,0,0,0,0,0,0,13000,0,0,0,16000,3000,13000,13000
058765,緯穎群益99購03  ,0,0,0,0,0,0,0,0,0,13000,0,0,0,39000,26000,13000,13000
057467,祥碩永豐98購04  ,0,0,0,0,0,0,0,0,0,13000,0,0,0,434000,421000,13000,13000
057323,智邦群益98購01  ,0,0,0,0,0,0,0,0,0,13000,0,0,0,53000,40000,13000,13000
059031,元石油中信03購01,0,0,0,0,0,0,0,0,0,13000,0,0,0,13000,0,13000,13000
058963,華新科兆豐99購05,0,0,0,0,0,0,0,0,0,13000,0,0,0,13000,0,13000,13000
058839,瑞儀中信99購02  ,0,0,0,0,0,0,0,0,0,13000,0,0,0,23000,10000,13000,13000
058133,華新科元大9A購02,0,0,0,0,0,0,0,0,0,13000,0,0,0,13000,0,13000,13000
057975,台積電永豐98購05,0,0,0,0,0,0,0,0,0,13000,0,0,0,13000,0,13000,13000
060342,台積電統一02購01,0,0,0,0,0,0,0,0,0,13000,0,0,0,30000,17000,13000,13000
9908,大台北          ,20000,12000,8000,0,0,0,0,0,0,5000,5000,0,5000,0,0,0,13000
6715,嘉基            ,39000,26000,13000,0,0,0,0,0,0,0,0,0,0,0,0,0,13000
061775,臺指反國票9B購04,0,0,0,0,0,0,0,0,0,12000,0,0,0,42000,30000,12000,12000
061651,世紀鋼元大9C購02,0,0,0,0,0,0,0,0,0,12000,0,0,0,62000,50000,12000,12000
06141P,大立光日盛97售01,0,0,0,0,0,0,0,0,0,12000,0,0,0,18000,6000,12000,12000
061000,旺宏兆豐9A購02  ,0,0,0,0,0,0,0,0,0,12000,0,0,0,22000,10000,12000,12000
060736,旺宏統一01購01  ,0,0,0,0,0,0,0,0,0,12000,0,0,0,15000,3000,12000,12000
060586,玉晶光元富9A購03,0,0,0,0,0,0,0,0,0,12000,0,0,0,20000,8000,12000,12000
07059P,華通國票9A售02  ,0,0,0,0,0,0,0,0,0,12000,0,0,0,81000,69000,12000,12000
06550P,健策元大99售01  ,0,0,0,0,0,0,0,0,0,12000,0,0,0,12000,0,12000,12000
06630P,國巨群益98售08  ,0,0,0,0,0,0,0,0,0,12000,0,0,0,40000,28000,12000,12000
06751P,旺宏凱基98售10  ,0,0,0,0,0,0,0,0,0,12000,0,0,0,12000,0,12000,12000
061973,上銀元大9B購01  ,0,0,0,0,0,0,0,0,0,12000,0,0,0,50000,38000,12000,12000
053448,智易凱基96購03  ,0,0,0,0,0,0,0,0,0,12000,0,0,0,32000,20000,12000,12000
052695,台表科中信98購01,0,0,0,0,0,0,0,0,0,12000,0,0,0,154000,142000,12000,12000
053400,緯穎中信9A購01  ,0,0,0,0,0,0,0,0,0,12000,0,0,0,23000,11000,12000,12000
049255,旺宏元大97購02  ,0,0,0,0,0,0,0,0,0,12000,0,0,0,12000,0,12000,12000
055060,聯陽永豐97購01  ,0,0,0,0,0,0,0,0,0,12000,0,0,0,164000,152000,12000,12000
055240,京元電元富97購01,0,0,0,0,0,0,0,0,0,12000,0,0,0,98000,86000,12000,12000
054755,世紀鋼凱基98購01,0,0,0,0,0,0,0,0,0,12000,0,0,0,14000,2000,12000,12000
054710,東元元富97購01  ,0,0,0,0,0,0,0,0,0,12000,0,0,0,183000,171000,12000,12000
056962,技嘉永豐98購01  ,0,0,0,0,0,0,0,0,0,12000,0,0,0,49000,37000,12000,12000
058085,景碩群益9A購01  ,0,0,0,0,0,0,0,0,0,12000,0,0,0,101000,89000,12000,12000
058960,臺股指國票99購05,0,0,0,0,0,0,0,0,0,12000,0,0,0,12000,0,12000,12000
056516,晶豪科兆豐98購01,0,0,0,0,0,0,0,0,0,12000,0,0,0,12000,0,12000,12000
058746,華通凱基9A購02  ,0,0,0,0,0,0,0,0,0,12000,0,0,0,12000,0,12000,12000
059198,華新科永豐99購06,0,0,0,0,0,0,0,0,0,12000,0,0,0,12000,0,12000,12000
057595,健鼎兆豐98購01  ,0,0,0,0,0,0,0,0,0,12000,0,0,0,42000,30000,12000,12000
057598,鴻海群益98購07  ,0,0,0,0,0,0,0,0,0,12000,0,0,0,12000,0,12000,12000
07587P,台灣50國票9A售11,0,0,0,0,0,0,0,0,0,12000,0,0,0,12000,0,12000,12000
6177,達麗            ,67000,55000,12000,0,0,0,0,0,0,0,0,0,0,0,0,0,12000
2605,新興            ,239000,167000,72000,0,0,0,0,0,0,-60000,0,60000,-60000,0,0,0,12000
2430,燦坤            ,23000,12000,11000,0,0,0,0,0,0,1000,1000,0,1000,0,0,0,12000
062299,台積電第一9B購01,0,0,0,0,0,0,0,0,0,11000,0,0,0,51000,40000,11000,11000
062354,台達電元大9B購01,0,0,0,0,0,0,0,0,0,11000,0,0,0,11000,0,11000,11000
06667P,鴻海凱基98售11  ,0,0,0,0,0,0,0,0,0,11000,0,0,0,175000,164000,11000,11000
06602P,國巨統一99售02  ,0,0,0,0,0,0,0,0,0,11000,0,0,0,44000,33000,11000,11000
06546P,聯發科元大98售05,0,0,0,0,0,0,0,0,0,11000,0,0,0,11000,0,11000,11000
06938P,南電元大98售03  ,0,0,0,0,0,0,0,0,0,11000,0,0,0,12000,1000,11000,11000
06058P,玉晶光凱基97售04,0,0,0,0,0,0,0,0,0,11000,0,0,0,185000,174000,11000,11000
060637,玉晶光永豐9A購03,0,0,0,0,0,0,0,0,0,11000,0,0,0,11000,0,11000,11000
061428,南六元大9A購01  ,0,0,0,0,0,0,0,0,0,11000,0,0,0,35000,24000,11000,11000
061286,大立光統一9A購05,0,0,0,0,0,0,0,0,0,11000,0,0,0,11000,0,11000,11000
061637,華新科元大9A購22,0,0,0,0,0,0,0,0,0,11000,0,0,0,50000,39000,11000,11000
054773,台郡國票98購01  ,0,0,0,0,0,0,0,0,0,11000,0,0,0,49000,38000,11000,11000
055110,美律凱基98購02  ,0,0,0,0,0,0,0,0,0,11000,0,0,0,11000,0,11000,11000
054880,華泰統一97購01  ,0,0,0,0,0,0,0,0,0,11000,0,0,0,59000,48000,11000,11000
054952,大毅元大97購02  ,0,0,0,0,0,0,0,0,0,11000,0,0,0,11000,0,11000,11000
059395,T50反1元富99購03,0,0,0,0,0,0,0,0,0,11000,0,0,0,51000,40000,11000,11000
05937P,台積電凱基96售21,0,0,0,0,0,0,0,0,0,11000,0,0,0,11000,0,11000,11000
04993P,上銀兆豐96售01  ,0,0,0,0,0,0,0,0,0,11000,0,0,0,11000,0,11000,11000
052413,上証反中信97購01,0,0,0,0,0,0,0,0,0,11000,0,0,0,11000,0,11000,11000
050615,奇力新元大95購03,0,0,0,0,0,0,0,0,0,11000,0,0,0,11000,0,11000,11000
051382,玉晶光群益98購02,0,0,0,0,0,0,0,0,0,11000,0,0,0,11000,0,11000,11000
052706,台虹國票97購01  ,0,0,0,0,0,0,0,0,0,11000,0,0,0,11000,0,11000,11000
052887,華通中信96購01  ,0,0,0,0,0,0,0,0,0,11000,0,0,0,11000,0,11000,11000
053621,臺股指群益96購07,0,0,0,0,0,0,0,0,0,11000,0,0,0,12000,1000,11000,11000
05631P,國巨富邦9A售01  ,0,0,0,0,0,0,0,0,0,11000,0,0,0,11000,0,11000,11000
058385,創意中信99購01  ,0,0,0,0,0,0,0,0,0,11000,0,0,0,77000,66000,11000,11000
059678,鴻海國泰9A購03  ,0,0,0,0,0,0,0,0,0,11000,0,0,0,44000,33000,11000,11000
059972,S&P正2元大99購03,0,0,0,0,0,0,0,0,0,11000,0,0,0,31000,20000,11000,11000
059881,臺股指凱基99購46,0,0,0,0,0,0,0,0,0,11000,0,0,0,13000,2000,11000,11000
056705,超眾國泰99購01  ,0,0,0,0,0,0,0,0,0,11000,0,0,0,43000,32000,11000,11000
058884,世紀鋼永豐99購02,0,0,0,0,0,0,0,0,0,11000,0,0,0,21000,10000,11000,11000
059066,道瓊指國票04購01,0,0,0,0,0,0,0,0,0,11000,0,0,0,11000,0,11000,11000
057872,旺宏元大99購06  ,0,0,0,0,0,0,0,0,0,11000,0,0,0,11000,0,11000,11000
056980,建準群益98購02  ,0,0,0,0,0,0,0,0,0,11000,0,0,0,201000,190000,11000,11000
057795,鴻海兆豐99購02  ,0,0,0,0,0,0,0,0,0,11000,0,0,0,20000,9000,11000,11000
057809,英業達元大98購01,0,0,0,0,0,0,0,0,0,11000,0,0,0,11000,0,11000,11000
060156,光磊永豐9A購01  ,0,0,0,0,0,0,0,0,0,11000,0,0,0,70000,59000,11000,11000
058721,立積元富9C購01  ,0,0,0,0,0,0,0,0,0,11000,0,0,0,146000,135000,11000,11000
060412,儒鴻永豐9A購01  ,0,0,0,0,0,0,0,0,0,11000,0,0,0,100000,89000,11000,11000
060476,瑞祺元大9A購02  ,0,0,0,0,0,0,0,0,0,11000,0,0,0,11000,0,11000,11000
2331,精英            ,108000,139000,-31000,0,0,0,0,0,0,42000,48000,6000,42000,0,0,0,11000
07586P,FBVIX台新9A售01 ,0,0,0,0,0,0,0,0,0,11000,0,0,0,11000,0,11000,11000
07504P,聯詠元大9A售02  ,0,0,0,0,0,0,0,0,0,11000,0,0,0,21000,10000,11000,11000
1446,宏和            ,31000,22000,9000,0,0,0,0,0,0,2000,2000,0,2000,0,0,0,11000
061641,玉晶光元大9A購17,0,0,0,0,0,0,0,0,0,10000,0,0,0,105000,95000,10000,10000
061690,旺宏群益9A購05  ,0,0,0,0,0,0,0,0,0,10000,0,0,0,10000,0,10000,10000
061625,聯茂群益9A購02  ,0,0,0,0,0,0,0,0,0,10000,0,0,0,138000,128000,10000,10000
061896,景碩永豐9B購01  ,0,0,0,0,0,0,0,0,0,10000,0,0,0,10000,0,10000,10000
061284,友達統一9C購01  ,0,0,0,0,0,0,0,0,0,10000,0,0,0,10000,0,10000,10000
061281,台積電統一9C購05,0,0,0,0,0,0,0,0,0,10000,0,0,0,10000,0,10000,10000
061290,玉晶光統一01購04,0,0,0,0,0,0,0,0,0,10000,0,0,0,10000,0,10000,10000
06136P,華新科國泰99售02,0,0,0,0,0,0,0,0,0,10000,0,0,0,20000,10000,10000,10000
061245,晶技群益9A購01  ,0,0,0,0,0,0,0,0,0,10000,0,0,0,10000,0,10000,10000
061193,玉晶光永豐9B購02,0,0,0,0,0,0,0,0,0,10000,0,0,0,10000,0,10000,10000
06140P,華新科群益97售06,0,0,0,0,0,0,0,0,0,10000,0,0,0,11000,1000,10000,10000
061494,聯發科國票9A購04,0,0,0,0,0,0,0,0,0,10000,0,0,0,11000,1000,10000,10000
061532,和大統一9C購02  ,0,0,0,0,0,0,0,0,0,10000,0,0,0,10000,0,10000,10000
060605,大立光凱基9C購01,0,0,0,0,0,0,0,0,0,10000,0,0,0,10000,0,10000,10000
060610,玉晶光凱基9B購02,0,0,0,0,0,0,0,0,0,10000,0,0,0,13000,3000,10000,10000
060628,和大富邦9B購01  ,0,0,0,0,0,0,0,0,0,10000,0,0,0,12000,2000,10000,10000
060618,玉晶光元大9A購02,0,0,0,0,0,0,0,0,0,10000,0,0,0,10000,0,10000,10000
060589,台灣50台新9B購06,0,0,0,0,0,0,0,0,0,10000,0,0,0,10000,0,10000,10000
060585,玉晶光元富9A購02,0,0,0,0,0,0,0,0,0,10000,0,0,0,10000,0,10000,10000
060509,宏達電元大9A購02,0,0,0,0,0,0,0,0,0,10000,0,0,0,78000,68000,10000,10000
060507,聯發科元大9A購03,0,0,0,0,0,0,0,0,0,10000,0,0,0,10000,0,10000,10000
060794,景碩永豐9A購02  ,0,0,0,0,0,0,0,0,0,10000,0,0,0,10000,0,10000,10000
060792,信錦永豐9A購01  ,0,0,0,0,0,0,0,0,0,10000,0,0,0,10000,0,10000,10000
06100P,台積電日盛97售03,0,0,0,0,0,0,0,0,0,10000,0,0,0,10000,0,10000,10000
060979,國巨元大9A購14  ,0,0,0,0,0,0,0,0,0,10000,0,0,0,10000,0,10000,10000
060954,國泰金群益9A購02,0,0,0,0,0,0,0,0,0,10000,0,0,0,98000,88000,10000,10000
061031,神隆永豐9A購02  ,0,0,0,0,0,0,0,0,0,10000,0,0,0,176000,166000,10000,10000
061055,康控群益9A購01  ,0,0,0,0,0,0,0,0,0,10000,0,0,0,95000,85000,10000,10000
061150,國巨群益9A購09  ,0,0,0,0,0,0,0,0,0,10000,0,0,0,10000,0,10000,10000
061167,臻鼎兆豐9B購01  ,0,0,0,0,0,0,0,0,0,10000,0,0,0,10000,0,10000,10000
06996P,臺股指凱基99售17,0,0,0,0,0,0,0,0,0,10000,0,0,0,10000,0,10000,10000
07051P,大立光中信99售02,0,0,0,0,0,0,0,0,0,10000,0,0,0,10000,0,10000,10000
07108P,FBVIX台新99售02 ,0,0,0,0,0,0,0,0,0,10000,0,0,0,10000,0,10000,10000
07150P,和碩元大99售01  ,0,0,0,0,0,0,0,0,0,10000,0,0,0,10000,0,10000,10000
06554P,臺股指元大99售06,0,0,0,0,0,0,0,0,0,10000,0,0,0,10000,0,10000,10000
06556P,臺股指元大99售08,0,0,0,0,0,0,0,0,0,10000,0,0,0,10000,0,10000,10000
06578P,華新科國票98售02,0,0,0,0,0,0,0,0,0,10000,0,0,0,10000,0,10000,10000
06529P,貿聯富邦99售03  ,0,0,0,0,0,0,0,0,0,10000,0,0,0,176000,166000,10000,10000
06746P,聯發科群益99售02,0,0,0,0,0,0,0,0,0,10000,0,0,0,19000,9000,10000,10000
06782P,大立光元大99售07,0,0,0,0,0,0,0,0,0,10000,0,0,0,10000,0,10000,10000
06839P,玉晶光統一9A售05,0,0,0,0,0,0,0,0,0,10000,0,0,0,15000,5000,10000,10000
06840P,臺股指統一98售04,0,0,0,0,0,0,0,0,0,10000,0,0,0,10000,0,10000,10000
06791P,聯發科凱基98售16,0,0,0,0,0,0,0,0,0,10000,0,0,0,10000,0,10000,10000
06800P,台灣50群益9A售02,0,0,0,0,0,0,0,0,0,10000,0,0,0,29000,19000,10000,10000
06813P,友訊元富98售03  ,0,0,0,0,0,0,0,0,0,10000,0,0,0,10000,0,10000,10000
06900P,FBVIX國票12售01 ,0,0,0,0,0,0,0,0,0,10000,0,0,0,10000,0,10000,10000
062352,南六群益9B購02  ,0,0,0,0,0,0,0,0,0,10000,0,0,0,10000,0,10000,10000
062294,盛群永豐9B購01  ,0,0,0,0,0,0,0,0,0,10000,0,0,0,10000,0,10000,10000
062296,南六永豐9B購02  ,0,0,0,0,0,0,0,0,0,10000,0,0,0,10000,0,10000,10000
062324,上銀統一9B購04  ,0,0,0,0,0,0,0,0,0,10000,0,0,0,10000,0,10000,10000
061989,晶技元大9B購04  ,0,0,0,0,0,0,0,0,0,10000,0,0,0,60000,50000,10000,10000
061941,道瓊指群益9B購01,0,0,0,0,0,0,0,0,0,10000,0,0,0,10000,0,10000,10000
062037,華新凱基9B購01  ,0,0,0,0,0,0,0,0,0,10000,0,0,0,10000,0,10000,10000
062120,國巨台新9B購01  ,0,0,0,0,0,0,0,0,0,10000,0,0,0,10000,0,10000,10000
062137,華新科群益9B購04,0,0,0,0,0,0,0,0,0,10000,0,0,0,10000,0,10000,10000
062138,力成群益9B購01  ,0,0,0,0,0,0,0,0,0,10000,0,0,0,10000,0,10000,10000
062228,南六統一02購01  ,0,0,0,0,0,0,0,0,0,10000,0,0,0,35000,25000,10000,10000
062181,義隆元大9B購03  ,0,0,0,0,0,0,0,0,0,10000,0,0,0,15000,5000,10000,10000
062212,臻鼎台新9B購01  ,0,0,0,0,0,0,0,0,0,10000,0,0,0,10000,0,10000,10000
056308,TPK元大97購02   ,0,0,0,0,0,0,0,0,0,10000,0,0,0,10000,0,10000,10000
056333,台積電日盛9B購01,0,0,0,0,0,0,0,0,0,10000,0,0,0,320000,310000,10000,10000
056380,麗豐元富98購01  ,0,0,0,0,0,0,0,0,0,10000,0,0,0,10000,0,10000,10000
05635P,健策台新96售02  ,0,0,0,0,0,0,0,0,0,10000,0,0,0,10000,0,10000,10000
055631,創意永豐98購01  ,0,0,0,0,0,0,0,0,0,10000,0,0,0,80000,70000,10000,10000
055626,力山永豐97購01  ,0,0,0,0,0,0,0,0,0,10000,0,0,0,10000,0,10000,10000
053792,百和元大96購01  ,0,0,0,0,0,0,0,0,0,10000,0,0,0,10000,0,10000,10000
05358P,大立光元大95售09,0,0,0,0,0,0,0,0,0,10000,0,0,0,10000,0,10000,10000
053628,微星兆豐96購01  ,0,0,0,0,0,0,0,0,0,10000,0,0,0,10000,0,10000,10000
053679,緯創富邦96購01  ,0,0,0,0,0,0,0,0,0,10000,0,0,0,10000,0,10000,10000
053694,創意元大96購03  ,0,0,0,0,0,0,0,0,0,10000,0,0,0,10000,0,10000,10000
053719,可成凱基96購08  ,0,0,0,0,0,0,0,0,0,10000,0,0,0,45000,35000,10000,10000
054373,富邦金中信97購01,0,0,0,0,0,0,0,0,0,10000,0,0,0,10000,0,10000,10000
054410,國巨元大96購14  ,0,0,0,0,0,0,0,0,0,10000,0,0,0,10000,0,10000,10000
052866,大立光凱基96購12,0,0,0,0,0,0,0,0,0,10000,0,0,0,10000,0,10000,10000
052822,泰碩永豐97購01  ,0,0,0,0,0,0,0,0,0,10000,0,0,0,128000,118000,10000,10000
052926,旺宏元大98購02  ,0,0,0,0,0,0,0,0,0,10000,0,0,0,10000,0,10000,10000
051752,緯穎富邦96購01  ,0,0,0,0,0,0,0,0,0,10000,0,0,0,10000,0,10000,10000
051736,旺宏國票96購01  ,0,0,0,0,0,0,0,0,0,10000,0,0,0,10000,0,10000,10000
052682,上銀元大97購01  ,0,0,0,0,0,0,0,0,0,10000,0,0,0,10000,0,10000,10000
052741,聯發科元大96購08,0,0,0,0,0,0,0,0,0,10000,0,0,0,10000,0,10000,10000
052530,台郡元大96購04  ,0,0,0,0,0,0,0,0,0,10000,0,0,0,10000,0,10000,10000
052604,建準元大97購01  ,0,2000,-2000,0,0,0,0,0,0,12000,0,0,0,72000,60000,12000,10000
052659,上証2X國票99購01,0,0,0,0,0,0,0,0,0,10000,0,0,0,25000,15000,10000,10000
053474,聯發科元大97購06,0,0,0,0,0,0,0,0,0,10000,0,0,0,165000,155000,10000,10000
052119,漢唐國票96購01  ,0,0,0,0,0,0,0,0,0,10000,0,0,0,10000,0,10000,10000
053445,可成凱基96購04  ,0,0,0,0,0,0,0,0,0,10000,0,0,0,10000,0,10000,10000
052010,兆豐金中信95購01,0,0,0,0,0,0,0,0,0,10000,0,0,0,10000,0,10000,10000
053066,欣興群益96購02  ,0,0,0,0,0,0,0,0,0,10000,0,0,0,10000,0,10000,10000
051471,國巨凱基97購01  ,0,0,0,0,0,0,0,0,0,10000,0,0,0,10000,0,10000,10000
03497P,金像電凱基02售06,0,0,0,0,0,0,0,0,0,10000,0,0,0,10000,0,10000,10000
04787P,台積電永昌96售04,0,0,0,0,0,0,0,0,0,10000,0,0,0,10000,0,10000,10000
047769,大立光元大96購01,0,0,0,0,0,0,0,0,0,10000,0,0,0,10000,0,10000,10000
050254,大立光富邦96購02,0,0,0,0,0,0,0,0,0,10000,0,0,0,10000,0,10000,10000
050522,聯發科元大95購03,0,0,0,0,0,0,0,0,0,10000,0,0,0,31000,21000,10000,10000
05119P,聯發科國泰96售02,0,0,0,0,0,0,0,0,0,10000,0,0,0,10000,0,10000,10000
050952,健策群益96購01  ,0,0,0,0,0,0,0,0,0,10000,0,0,0,10000,0,10000,10000
050896,華新科元大96購02,0,0,0,0,0,0,0,0,0,10000,0,0,0,10000,0,10000,10000
006207,FH滬深          ,0,0,0,0,0,0,0,0,0,10000,0,0,0,167000,157000,10000,10000
050180,華新科元大95購08,0,0,0,0,0,0,0,0,0,10000,0,0,0,10000,0,10000,10000
00865B,國泰US短期公債  ,0,0,0,0,0,0,0,0,0,10000,0,0,0,110000,100000,10000,10000
01002T,土銀國泰R1      ,10000,0,10000,0,0,0,0,0,0,0,0,0,0,0,0,0,10000
052428,嘉晶永豐95購01  ,0,0,0,0,0,0,0,0,0,10000,0,0,0,10000,0,10000,10000
052429,禾伸堂永豐95購02,0,0,0,0,0,0,0,0,0,10000,0,0,0,10000,0,10000,10000
052527,泰鼎元大96購02  ,0,0,0,0,0,0,0,0,0,10000,0,0,0,10000,0,10000,10000
052450,嘉澤元大95購03  ,0,0,0,0,0,0,0,0,0,10000,0,0,0,10000,0,10000,10000
053405,台達電兆豐96購01,0,0,0,0,0,0,0,0,0,10000,0,0,0,10000,0,10000,10000
053406,國巨兆豐96購02  ,0,0,0,0,0,0,0,0,0,10000,0,0,0,10000,0,10000,10000
053439,台積電凱基96購11,0,0,0,0,0,0,0,0,0,10000,0,0,0,20000,10000,10000,10000
052341,泰鼎凱基96購02  ,0,0,0,0,0,0,0,0,0,10000,0,0,0,10000,0,10000,10000
053383,京元電元大97購01,0,0,0,0,0,0,0,0,0,10000,0,0,0,10000,0,10000,10000
051539,瀚宇博國票97購01,0,0,0,0,0,0,0,0,0,10000,0,0,0,25000,15000,10000,10000
050031,嘉澤元大95購01  ,0,0,0,0,0,0,0,0,0,10000,0,0,0,10000,0,10000,10000
049269,超眾元大96購02  ,0,0,0,0,0,0,0,0,0,10000,0,0,0,10000,0,10000,10000
04831P,聯詠富邦96售01  ,0,0,0,0,0,0,0,0,0,10000,0,0,0,10000,0,10000,10000
048346,智易元大95購01  ,0,0,0,0,0,0,0,0,0,10000,0,0,0,10000,0,10000,10000
053142,緯穎永豐96購01  ,0,0,0,0,0,0,0,0,0,10000,0,0,0,10000,0,10000,10000
05315P,鴻海永昌96售08  ,0,0,0,0,0,0,0,0,0,10000,0,0,0,290000,280000,10000,10000
053160,台表科元大96購03,0,0,0,0,0,0,0,0,0,10000,0,0,0,10000,0,10000,10000
053162,緯穎元大97購01  ,0,0,0,0,0,0,0,0,0,10000,0,0,0,10000,0,10000,10000
046937,聯電元大99購01  ,0,0,0,0,0,0,0,0,0,10000,0,0,0,30000,20000,10000,10000
059510,華新科永豐99購07,0,0,0,0,0,0,0,0,0,10000,0,0,0,10000,0,10000,10000
059501,可成元富99購01  ,0,0,0,0,0,0,0,0,0,10000,0,0,0,20000,10000,10000,10000
059611,台積電永豐99購05,0,0,0,0,0,0,0,0,0,10000,0,0,0,40000,30000,10000,10000
059168,奇力新凱基99購05,0,0,0,0,0,0,0,0,0,10000,0,0,0,10000,0,10000,10000
056217,A50正2中信99購02,0,0,0,0,0,0,0,0,0,10000,0,0,0,10000,0,10000,10000
059157,元石油凱基9C購01,0,0,0,0,0,0,0,0,0,10000,0,0,0,10000,0,10000,10000
059230,滬深2X國票9B購02,0,0,0,0,0,0,0,0,0,10000,0,0,0,10000,0,10000,10000
059249,大立光凱基99購05,0,0,0,0,0,0,0,0,0,10000,0,0,0,10000,0,10000,10000
054971,帆宣元大97購02  ,0,0,0,0,0,0,0,0,0,10000,0,0,0,216000,206000,10000,10000
055905,可成兆豐97購03  ,0,0,0,0,0,0,0,0,0,10000,0,0,0,10000,0,10000,10000
056179,康友元富97購02  ,0,0,0,0,0,0,0,0,0,10000,0,0,0,10000,0,10000,10000
055966,茂林元大99購01  ,0,0,0,0,0,0,0,0,0,10000,0,0,0,40000,30000,10000,10000
055296,康舒元大97購02  ,0,0,0,0,0,0,0,0,0,10000,0,0,0,10000,0,10000,10000
055281,台光電元大98購03,0,0,0,0,0,0,0,0,0,10000,0,0,0,10000,0,10000,10000
055320,建準國票98購01  ,0,0,0,0,0,0,0,0,0,10000,0,0,0,52000,42000,10000,10000
055374,明泰元大97購01  ,0,0,0,0,0,0,0,0,0,10000,0,0,0,10000,0,10000,10000
055527,旺宏群益99購03  ,0,0,0,0,0,0,0,0,0,10000,0,0,0,18000,8000,10000,10000
05551P,電子類元大96售01,0,0,0,0,0,0,0,0,0,10000,0,0,0,10000,0,10000,10000
055466,台達電凱基97購03,0,0,0,0,0,0,0,0,0,10000,0,0,0,10000,0,10000,10000
054902,億光康和97購01  ,0,0,0,0,0,0,0,0,0,10000,0,0,0,60000,50000,10000,10000
055135,聯發科富邦99購05,0,0,0,0,0,0,0,0,0,10000,0,0,0,45000,35000,10000,10000
055193,世芯元富97購02  ,0,0,0,0,0,0,0,0,0,10000,0,0,0,10000,0,10000,10000
054282,泰鼎群益98購02  ,0,0,0,0,0,0,0,0,0,10000,0,0,0,10000,0,10000,10000
054756,世紀鋼凱基99購01,0,0,0,0,0,0,0,0,0,10000,0,0,0,10000,0,10000,10000
054700,致新永豐97購01  ,0,0,0,0,0,0,0,0,0,10000,0,0,0,60000,50000,10000,10000
054042,華泰元大96購01  ,0,0,0,0,0,0,0,0,0,10000,0,0,0,10000,0,10000,10000
053881,南亞科中信97購01,0,0,0,0,0,0,0,0,0,10000,0,0,0,10000,0,10000,10000
056073,智伸科元大97購01,0,0,0,0,0,0,0,0,0,10000,0,0,0,10000,0,10000,10000
056104,義隆永豐97購01  ,0,0,0,0,0,0,0,0,0,10000,0,0,0,10000,0,10000,10000
054656,深中小元大97購01,0,0,0,0,0,0,0,0,0,10000,0,0,0,10000,0,10000,10000
060429,南六永豐9A購01  ,0,0,0,0,0,0,0,0,0,10000,0,0,0,11000,1000,10000,10000
060343,台積電統一9C購02,0,0,0,0,0,0,0,0,0,10000,0,0,0,10000,0,10000,10000
060267,上緯控國票9C購01,0,0,0,0,0,0,0,0,0,10000,0,0,0,10000,0,10000,10000
060273,T50反1元大9A購03,0,0,0,0,0,0,0,0,0,10000,0,0,0,10000,0,10000,10000
060204,矽創元富9A購01  ,0,0,0,0,0,0,0,0,0,10000,0,0,0,10000,0,10000,10000
060202,康友元富9A購01  ,0,0,0,0,0,0,0,0,0,10000,0,0,0,30000,20000,10000,10000
060101,大立光元大99購31,0,0,0,0,0,0,0,0,0,10000,0,0,0,10000,0,10000,10000
06008P,燿華統一96售04  ,0,0,0,0,0,0,0,0,0,10000,0,0,0,10000,0,10000,10000
060090,台積電元大99購55,0,0,0,0,0,0,0,0,0,10000,0,0,0,10000,0,10000,10000
056993,GIS兆豐99購01   ,0,0,0,0,0,0,0,0,0,10000,0,0,0,20000,10000,10000,10000
057865,富邦金凱基98購01,0,0,0,0,0,0,0,0,0,10000,0,0,0,10000,0,10000,10000
057813,京元電元大98購03,0,0,0,0,0,0,0,0,0,10000,0,0,0,10000,0,10000,10000
056954,聯詠富邦9A購01  ,0,0,0,0,0,0,0,0,0,10000,0,0,0,23000,13000,10000,10000
057739,新日興富邦9B購01,0,0,0,0,0,0,0,0,0,10000,0,0,0,60000,50000,10000,10000
056791,嘉聯益群益98購01,0,0,0,0,0,0,0,0,0,10000,0,0,0,10000,0,10000,10000
058879,智邦富邦99購01  ,0,0,0,0,0,0,0,0,0,10000,0,0,0,46000,36000,10000,10000
058856,新光金兆豐99購01,0,0,0,0,0,0,0,0,0,10000,0,0,0,10000,0,10000,10000
058944,元石油群益9C購02,0,0,0,0,0,0,0,0,0,10000,0,0,0,10000,0,10000,10000
058623,國巨國票99購08  ,0,0,0,0,0,0,0,0,0,10000,0,0,0,10000,0,10000,10000
057973,神達富邦9A購01  ,0,0,0,0,0,0,0,0,0,10000,0,0,0,10000,0,10000,10000
058534,友達統一9B購01  ,0,0,0,0,0,0,0,0,0,10000,0,0,0,10000,0,10000,10000
058568,宏達電凱基9A購02,0,0,0,0,0,0,0,0,0,10000,0,0,0,10000,0,10000,10000
057995,華新科中信98購02,0,0,0,0,0,0,0,0,0,10000,0,0,0,10000,0,10000,10000
058185,國巨永豐99購01  ,0,0,0,0,0,0,0,0,0,10000,0,0,0,10000,0,10000,10000
058235,大立光元大99購08,0,0,0,0,0,0,0,0,0,10000,0,0,0,10000,0,10000,10000
058221,上銀統一99購04  ,0,0,0,0,0,0,0,0,0,10000,0,0,0,10000,0,10000,10000
057902,嘉晶永豐98購02  ,0,0,0,0,0,0,0,0,0,10000,0,0,0,10000,0,10000,10000
058576,南亞科群益99購01,0,0,0,0,0,0,0,0,0,10000,0,0,0,10000,0,10000,10000
056734,國巨凱基99購01  ,0,0,0,0,0,0,0,0,0,10000,0,0,0,10000,0,10000,10000
056467,上証2X元大98購02,0,0,0,0,0,0,0,0,0,10000,0,0,0,110000,100000,10000,10000
056697,緯穎群益98購01  ,0,0,0,0,0,0,0,0,0,10000,0,0,0,10000,0,10000,10000
056688,聯詠統一98購01  ,0,0,0,0,0,0,0,0,0,10000,0,0,0,20000,10000,10000,10000
057146,技嘉國票98購01  ,0,0,0,0,0,0,0,0,0,10000,0,0,0,10000,0,10000,10000
057161,亞德客元大98購02,0,0,0,0,0,0,0,0,0,10000,0,0,0,91000,81000,10000,10000
059869,友達凱基99購07  ,0,0,0,0,0,0,0,0,0,10000,0,0,0,10000,0,10000,10000
059979,台積電元大99購49,0,0,0,0,0,0,0,0,0,10000,0,0,0,60000,50000,10000,10000
056448,全新凱基99購01  ,0,0,0,0,0,0,0,0,0,10000,0,0,0,10000,0,10000,10000
057386,聯發科永豐98購04,0,0,0,0,0,0,0,0,0,10000,0,0,0,30000,20000,10000,10000
057214,瑞昱群益98購01  ,0,0,0,0,0,0,0,0,0,10000,0,0,0,10000,0,10000,10000
057189,康控元大98購02  ,0,0,0,0,0,0,0,0,0,10000,0,0,0,10000,0,10000,10000
057251,泰鼎統一98購02  ,0,0,0,0,0,0,0,0,0,10000,0,0,0,10000,0,10000,10000
057273,智邦元大98購05  ,0,0,0,0,0,0,0,0,0,10000,0,0,0,40000,30000,10000,10000
057280,大立光元大98購15,0,0,0,0,0,0,0,0,0,10000,0,0,0,10000,0,10000,10000
057044,旺宏元大98購08  ,0,0,0,0,0,0,0,0,0,10000,0,0,0,10000,0,10000,10000
057023,美律凱基99購02  ,0,0,0,0,0,0,0,0,0,10000,0,0,0,10000,0,10000,10000
05768P,台積電凱基96售15,0,0,0,0,0,0,0,0,0,10000,0,0,0,10000,0,10000,10000
059697,上証2X凱基9A購03,0,0,0,0,0,0,0,0,0,10000,0,0,0,10000,0,10000,10000
059649,矽力凱基99購02  ,0,0,0,0,0,0,0,0,0,10000,0,0,0,10000,0,10000,10000
059832,超眾康和99購01  ,0,0,0,0,0,0,0,0,0,10000,0,0,0,10000,0,10000,10000
057545,國巨凱基99購05  ,0,0,0,0,0,0,0,0,0,10000,0,0,0,10000,0,10000,10000
057563,旭富國泰9A購01  ,0,0,0,0,0,0,0,0,0,10000,0,0,0,10000,0,10000,10000
056637,台光電日盛9A購01,0,0,0,0,0,0,0,0,0,10000,0,0,0,20000,10000,10000,10000
056581,超眾元大99購01  ,0,0,0,0,0,0,0,0,0,10000,0,0,0,10000,0,10000,10000
056596,光磊元富98購01  ,0,0,0,0,0,0,0,0,0,10000,0,0,0,70000,60000,10000,10000
056604,鴻海富邦9A購01  ,0,0,0,0,0,0,0,0,0,10000,0,0,0,10000,0,10000,10000
058794,旺宏元大99購09  ,0,0,0,0,0,0,0,0,0,10000,0,0,0,10000,0,10000,10000
057481,技嘉元大98購04  ,0,0,0,0,0,0,0,0,0,10000,0,0,0,24000,14000,10000,10000
057448,致茂元富98購01  ,0,0,0,0,0,0,0,0,0,10000,0,0,0,10000,0,10000,10000
059083,華通元大99購07  ,0,0,0,0,0,0,0,0,0,10000,0,0,0,10000,0,10000,10000
059114,華新科永豐99購05,0,0,0,0,0,0,0,0,0,10000,0,0,0,10000,0,10000,10000
07627P,超眾凱基9A售02  ,0,0,0,0,0,0,0,0,0,10000,0,0,0,30000,20000,10000,10000
07668P,旺宏元大9A售10  ,0,0,0,0,0,0,0,0,0,10000,0,0,0,23000,13000,10000,10000
07690P,華新科元大9A售15,0,0,0,0,0,0,0,0,0,10000,0,0,0,20000,10000,10000,10000
07765P,台積電群益9A售06,0,0,0,0,0,0,0,0,0,10000,0,0,0,10000,0,10000,10000
07829P,旺宏凱基9A售07  ,0,0,0,0,0,0,0,0,0,10000,0,0,0,10000,0,10000,10000
07812P,大立光統一9A售06,0,0,0,0,0,0,0,0,0,10000,0,0,0,10000,0,10000,10000
2723,美食-KY         ,255000,220000,35000,0,0,0,0,0,0,-25000,1000,0,1000,2000,28000,-26000,10000
6184,大豐電          ,17000,7000,10000,0,0,0,0,0,0,0,0,0,0,0,0,0,10000
4999,鑫禾            ,21000,11000,10000,0,0,0,0,0,0,0,1000,1000,0,0,0,0,10000
3266,昇陽            ,76000,66000,10000,0,0,0,0,0,0,0,0,0,0,0,0,0,10000
8201,無敵            ,20000,11000,9000,0,0,0,0,0,0,1000,1000,0,1000,0,0,0,10000
8039,台虹            ,247000,240000,7000,0,0,0,0,0,0,3000,2000,2000,0,15000,12000,3000,10000
061940,世紀鋼國票9C購01,0,0,0,0,0,0,0,0,0,9000,0,0,0,16000,7000,9000,9000
06309P,光罩元富97售03  ,0,0,0,0,0,0,0,0,0,9000,0,0,0,11000,2000,9000,9000
06868P,電子類元大99售01,0,0,0,0,0,0,0,0,0,9000,0,0,0,9000,0,9000,9000
06540P,聯發科凱基98售13,0,0,0,0,0,0,0,0,0,9000,0,0,0,9000,0,9000,9000
07058P,台積電凱基9A售07,0,0,0,0,0,0,0,0,0,9000,0,0,0,10000,1000,9000,9000
07346P,FBVIX群益99售04 ,0,0,0,0,0,0,0,0,0,9000,0,0,0,10000,1000,9000,9000
060623,玉晶光元大9C購01,0,0,0,0,0,0,0,0,0,9000,0,0,0,32000,23000,9000,9000
061522,元黃金凱基01購01,0,0,0,0,0,0,0,0,0,9000,0,0,0,9000,0,9000,9000
061515,泰碩永豐9A購03  ,0,0,0,0,0,0,0,0,0,9000,0,0,0,9000,0,9000,9000
061178,晶技凱基9B購01  ,0,0,0,0,0,0,0,0,0,9000,0,0,0,9000,0,9000,9000
061361,世紀鋼兆豐9A購01,0,0,0,0,0,0,0,0,0,9000,0,0,0,24000,15000,9000,9000
061857,康友國票9B購01  ,0,0,0,0,0,0,0,0,0,9000,0,0,0,9000,0,9000,9000
061577,泰碩元大9A購03  ,0,0,0,0,0,0,0,0,0,9000,0,0,0,45000,36000,9000,9000
061559,南亞科國票9A購02,0,0,0,0,0,0,0,0,0,9000,0,0,0,12000,3000,9000,9000
054803,味全元大9A購01  ,0,0,0,0,0,0,0,0,0,9000,0,0,0,112000,103000,9000,9000
054304,台積電凱基96購23,0,0,0,0,0,0,0,0,0,9000,0,0,0,11000,2000,9000,9000
054309,禾伸堂凱基98購01,0,0,0,0,0,0,0,0,0,9000,0,0,0,9000,0,9000,9000
054359,南亞科日盛96購02,0,0,0,0,0,0,0,0,0,9000,0,0,0,9000,0,9000,9000
059145,創意國票99購02  ,0,0,0,0,0,0,0,0,0,9000,0,0,0,9000,0,9000,9000
059571,奇力新凱基99購06,0,0,0,0,0,0,0,0,0,9000,0,0,0,10000,1000,9000,9000
053211,漢唐凱基96購03  ,0,0,0,0,0,0,0,0,0,9000,0,0,0,9000,0,9000,9000
00714,群益道瓊美國地產,0,0,0,0,0,0,0,0,0,9000,0,0,0,11000,2000,9000,9000
053074,嘉晶永豐96購02  ,0,0,0,0,0,0,0,0,0,9000,0,0,0,15000,6000,9000,9000
052047,建準凱基96購01  ,0,0,0,0,0,0,0,0,0,9000,0,0,0,58000,49000,9000,9000
052624,微星亞東97購01  ,0,0,0,0,0,0,0,0,0,9000,0,0,0,10000,1000,9000,9000
053754,英業達元富96購02,0,0,0,0,0,0,0,0,0,9000,0,0,0,29000,20000,9000,9000
053651,台光電凱基98購01,0,0,0,0,0,0,0,0,0,9000,0,0,0,9000,0,9000,9000
059113,群光永豐99購01  ,0,0,0,0,0,0,0,0,0,9000,0,0,0,9000,0,9000,9000
058037,台灣50元大9B購02,0,0,0,0,0,0,0,0,0,9000,0,0,0,40000,31000,9000,9000
058603,台積電元大99購12,0,0,0,0,0,0,0,0,0,9000,0,0,0,10000,1000,9000,9000
057817,景碩元大98購01  ,0,0,0,0,0,0,0,0,0,9000,0,0,0,39000,30000,9000,9000
05699P,茂林凱基96售05  ,0,0,0,0,0,0,0,0,0,9000,0,0,0,9000,0,9000,9000
060104,新日興元大99購03,0,0,0,0,0,0,0,0,0,9000,0,0,0,80000,71000,9000,9000
060190,國泰金元富9A購01,0,0,0,0,0,0,0,0,0,9000,0,0,0,64000,55000,9000,9000
6491,晶碩            ,17000,8000,9000,0,0,0,0,0,0,0,0,0,0,0,0,0,9000
2415,錩新            ,24000,16000,8000,0,0,0,0,0,0,1000,1000,0,1000,0,0,0,9000
07670P,茂林元大9A售02  ,0,0,0,0,0,0,0,0,0,9000,0,0,0,10000,1000,9000,9000
1472,三洋紡          ,15000,6000,9000,0,0,0,0,0,0,0,0,0,0,0,0,0,9000
061599,元金反中信9C購01,0,0,0,0,0,0,0,0,0,8000,0,0,0,15000,7000,8000,8000
061753,南亞科台新9B購01,0,0,0,0,0,0,0,0,0,8000,0,0,0,11000,3000,8000,8000
06151P,華新科元大97售07,0,20000,-20000,0,0,0,0,0,0,28000,0,0,0,71000,43000,28000,8000
061406,華通國票9A購06  ,0,0,0,0,0,0,0,0,0,8000,0,0,0,10000,2000,8000,8000
061434,國巨麥證9A購04  ,0,0,0,8000,0,8000,0,0,0,8000,0,0,0,8000,0,8000,8000
060600,台積電凱基9C購01,0,0,0,0,0,0,0,0,0,8000,0,0,0,8000,0,8000,8000
060737,瑞儀統一9C購01  ,0,0,0,0,0,0,0,0,0,8000,0,0,0,8000,0,8000,8000
060716,新唐永豐9A購01  ,0,0,0,0,0,0,0,0,0,8000,0,0,0,60000,52000,8000,8000
061065,神基凱基9A購01  ,0,0,0,0,0,0,0,0,0,8000,0,0,0,58000,50000,8000,8000
07439P,臺股指麥證9B售01,0,0,0,8000,0,8000,0,0,0,8000,0,0,0,8000,0,8000,8000
06545P,致茂元大98售01  ,0,0,0,0,0,0,0,0,0,8000,0,0,0,83000,75000,8000,8000
062477,聯詠國票9B購01  ,0,0,0,0,0,0,0,0,0,8000,0,0,0,8000,0,8000,8000
062497,遠東新群益9B購01,0,0,0,0,0,0,0,0,0,8000,0,0,0,8000,0,8000,8000
06230P,亞德客永豐97售03,0,0,0,0,0,0,0,0,0,8000,0,0,0,23000,15000,8000,8000
062347,台光電群益9B購02,0,0,0,0,0,0,0,0,0,8000,0,0,0,50000,42000,8000,8000
061932,上銀國票9B購01  ,0,0,0,0,0,0,0,0,0,8000,0,0,0,8000,0,8000,8000
062145,億光國票9B購01  ,0,0,0,0,0,0,0,0,0,8000,0,0,0,46000,38000,8000,8000
056355,台積電元大98購08,0,0,0,0,0,0,0,0,0,8000,0,0,0,8000,0,8000,8000
053480,祥碩元大96購02  ,0,0,0,0,0,0,0,0,0,8000,0,0,0,8000,0,8000,8000
051911,大立光元大98購02,0,0,0,0,0,0,0,0,0,8000,0,0,0,10000,2000,8000,8000
05071P,鴻海統一96售05  ,0,0,0,0,0,0,0,0,0,8000,0,0,0,8000,0,8000,8000
03444B,臺股指元大9C熊02,0,0,0,0,0,0,0,0,0,8000,0,0,0,8000,0,8000,8000
059469,智邦元大99購03  ,0,0,0,0,0,0,0,0,0,8000,0,0,0,161000,153000,8000,8000
059489,上証2X國票9A購01,0,0,0,0,0,0,0,0,0,8000,0,0,0,14000,6000,8000,8000
059162,國巨凱基99購12  ,0,0,0,0,0,0,0,0,0,8000,0,0,0,12000,4000,8000,8000
059167,聯發科凱基99購11,0,0,0,0,0,0,0,0,0,8000,0,0,0,8000,0,8000,8000
055090,國巨群益97購03  ,0,0,0,0,0,0,0,0,0,8000,0,0,0,8000,0,8000,8000
054361,技嘉凱基96購01  ,0,0,0,0,0,0,0,0,0,8000,0,0,0,9000,1000,8000,8000
054080,微星中信98購01  ,0,0,0,0,0,0,0,0,0,8000,0,0,0,8000,0,8000,8000
054204,元金2X國票9B購02,0,0,0,0,0,0,0,0,0,8000,0,0,0,8000,0,8000,8000
055713,國巨元大98購09  ,0,0,0,0,0,0,0,0,0,8000,0,0,0,9000,1000,8000,8000
060169,群電永豐9A購01  ,0,0,0,0,0,0,0,0,0,8000,0,0,0,65000,57000,8000,8000
060349,上証2X元富9A購04,0,0,0,0,0,0,0,0,0,8000,0,0,0,8000,0,8000,8000
060401,世紀鋼國票9B購01,0,0,0,0,0,0,0,0,0,8000,0,0,0,211000,203000,8000,8000
057856,聯鈞國票99購03  ,0,0,0,0,0,0,0,0,0,8000,0,0,0,8000,0,8000,8000
056984,嘉晶群益98購01  ,0,0,0,0,0,0,0,0,0,8000,0,0,0,113000,105000,8000,8000
05692P,聯發科中信9A售02,0,0,0,0,0,0,0,0,0,8000,0,0,0,252000,244000,8000,8000
057764,台表科凱基9A購01,0,0,0,0,0,0,0,0,0,8000,0,0,0,10000,2000,8000,8000
057899,台積電永豐98購04,0,0,0,0,0,0,0,0,0,8000,0,0,0,18000,10000,8000,8000
057573,京鼎永豐98購02  ,0,0,0,0,0,0,0,0,0,8000,0,0,0,68000,60000,8000,8000
059692,聯詠永豐99購01  ,0,0,0,0,0,0,0,0,0,8000,0,0,0,50000,42000,8000,8000
058512,宏達電元大99購04,0,0,0,0,0,0,0,0,0,8000,0,0,0,68000,60000,8000,8000
057004,滬深反中信9A購01,0,0,0,0,0,0,0,0,0,8000,0,0,0,8000,0,8000,8000
057318,台光電凱基9A購01,0,0,0,0,0,0,0,0,0,8000,0,0,0,8000,0,8000,8000
05647P,聯發科國票97售02,0,0,0,0,0,0,0,0,0,8000,0,0,0,12000,4000,8000,8000
07494P,葡萄王元大9A售03,0,0,0,0,0,0,0,0,0,8000,0,0,0,10000,2000,8000,8000
07570P,旺宏凱基9A售04  ,0,0,0,0,0,0,0,0,0,8000,0,0,0,9000,1000,8000,8000
07710P,華擎元大9A售05  ,0,0,0,0,0,0,0,0,0,8000,0,0,0,27000,19000,8000,8000
07740P,臺股指永豐9A售01,0,0,0,0,0,0,0,0,0,8000,0,0,0,20000,12000,8000,8000
062475,道瓊反國票9B購02,0,0,0,0,0,0,0,0,0,7000,0,0,0,10000,3000,7000,7000
06386P,欣興永豐97售03  ,0,0,0,0,0,0,0,0,0,7000,0,0,0,85000,78000,7000,7000
06879P,長榮航凱基98售02,0,0,0,0,0,0,0,0,0,7000,0,0,0,7000,0,7000,7000
07050P,宏達電中信9B售01,0,0,0,0,0,0,0,0,0,7000,0,0,0,7000,0,7000,7000
06949P,台表科元大99售01,0,0,0,0,0,0,0,0,0,7000,0,0,0,7000,0,7000,7000
061056,臺指反國票02購01,0,0,0,0,0,0,0,0,0,7000,0,0,0,7000,0,7000,7000
061152,微星群益9A購01  ,0,0,0,0,0,0,0,0,0,7000,0,0,0,136000,129000,7000,7000
060996,臻鼎元大9A購01  ,0,0,0,0,0,0,0,0,0,7000,0,0,0,11000,4000,7000,7000
060997,上銀兆豐9B購01  ,0,0,0,0,0,0,0,0,0,7000,0,0,0,19000,12000,7000,7000
060928,明泰永豐9A購01  ,0,0,0,0,0,0,0,0,0,7000,0,0,0,7000,0,7000,7000
060847,康控國票9A購01  ,0,0,0,0,0,0,0,0,0,7000,0,0,0,7000,0,7000,7000
060824,旺宏元大9A購06  ,0,0,0,0,0,0,0,0,0,7000,0,0,0,14000,7000,7000,7000
060621,玉晶光元大9A購05,0,0,0,0,0,0,0,0,0,7000,0,0,0,26000,19000,7000,7000
061504,祥碩國票9A購02  ,0,0,0,0,0,0,0,0,0,7000,0,0,0,15000,8000,7000,7000
053935,華通元富96購02  ,0,0,0,0,0,0,0,0,0,7000,0,0,0,7000,0,7000,7000
05434P,世紀鋼元富95售02,0,0,0,0,0,0,0,0,0,7000,0,0,0,7000,0,7000,7000
056191,世紀鋼統一97購01,0,0,0,0,0,0,0,0,0,7000,0,0,0,7000,0,7000,7000
059240,台積電凱基9A購09,0,0,0,0,0,0,0,0,0,7000,0,0,0,16000,9000,7000,7000
059242,南亞科凱基99購06,0,0,0,0,0,0,0,0,0,7000,0,0,0,7000,0,7000,7000
059619,台積電日盛9A購04,0,0,0,0,0,0,0,0,0,7000,0,0,0,12000,5000,7000,7000
047196,上銀統一97購01  ,0,0,0,0,0,0,0,0,0,7000,0,0,0,7000,0,7000,7000
052399,台光電凱基95購03,0,0,0,0,0,0,0,0,0,7000,0,0,0,7000,0,7000,7000
05306P,泰碩國泰97售01  ,0,0,0,0,0,0,0,0,0,7000,0,0,0,261000,254000,7000,7000
053460,緯穎國泰97購01  ,0,0,0,0,0,0,0,0,0,7000,0,0,0,7000,0,7000,7000
056237,智邦群益97購02  ,0,0,0,0,0,0,0,0,0,7000,0,0,0,10000,3000,7000,7000
055561,奇鋐凱基97購01  ,0,0,0,0,0,0,0,0,0,7000,0,0,0,27000,20000,7000,7000
059720,台積電元大99購43,0,0,0,0,0,0,0,0,0,7000,0,0,0,37000,30000,7000,7000
056564,亞光群益98購02  ,0,0,0,0,0,0,0,0,0,7000,0,0,0,7000,0,7000,7000
058295,欣興凱基99購02  ,0,0,0,0,0,0,0,0,0,7000,0,0,0,243000,236000,7000,7000
057878,台郡元大99購04  ,0,0,0,0,0,0,0,0,0,7000,0,0,0,22000,15000,7000,7000
058586,鴻海中信01購02  ,0,0,0,0,0,0,0,0,0,7000,0,0,0,7000,0,7000,7000
058579,聯發科群益99購04,0,0,0,0,0,0,0,0,0,7000,0,0,0,34000,27000,7000,7000
057819,新日興元大99購01,0,0,0,0,0,0,0,0,0,7000,0,0,0,7000,0,7000,7000
060133,牧德群益9B購01  ,0,0,0,0,0,0,0,0,0,7000,0,0,0,7000,0,7000,7000
07969P,臺股指元大9B售27,0,0,0,0,0,0,0,0,0,7000,0,0,0,7000,0,7000,7000
2438,翔耀            ,9000,2000,7000,0,0,0,0,0,0,0,0,0,0,0,0,0,7000
2024,志聯            ,5000,1000,4000,0,0,0,0,0,0,3000,3000,0,3000,0,0,0,7000
2707,晶華            ,28000,61000,-33000,0,0,0,40000,0,40000,0,0,0,0,0,0,0,7000
3416,融程電          ,1000,0,1000,0,0,0,0,0,0,6000,6000,0,6000,0,0,0,7000
4108,懷特            ,36000,29000,7000,0,0,0,0,0,0,0,0,0,0,0,0,0,7000
3518,柏騰            ,163000,165000,-2000,0,0,0,0,0,0,9000,9000,0,9000,0,0,0,7000
6215,和椿            ,9000,2000,7000,0,0,0,0,0,0,0,0,0,0,0,0,0,7000
2603,長榮            ,1576531,2805035,-1228504,0,0,0,0,0,0,1235000,1265000,30000,1235000,0,0,0,6496
061409,力成國票9A購02  ,0,0,0,0,0,0,0,0,0,6000,0,0,0,6000,0,6000,6000
061330,T50反1元大9A購14,0,0,0,0,0,0,0,0,0,6000,0,0,0,6000,0,6000,6000
060839,聯發科國票9A購02,0,0,0,0,0,0,0,0,0,6000,0,0,0,6000,0,6000,6000
060918,康友國泰9C購01  ,0,0,0,0,0,0,0,0,0,6000,0,0,0,302000,296000,6000,6000
060853,健策國泰9B購02  ,0,0,0,0,0,0,0,0,0,6000,0,0,0,28000,22000,6000,6000
060863,聯發科永豐9A購02,0,0,0,0,0,0,0,0,0,6000,0,0,0,6000,0,6000,6000
061024,南電國泰9B購01  ,0,0,0,0,0,0,0,0,0,6000,0,0,0,6000,0,6000,6000
07158P,FBVIX國泰9C售01 ,0,0,0,0,0,0,0,0,0,6000,0,0,0,6000,0,6000,6000
06657P,寶成元大98售01  ,0,0,0,0,0,0,0,0,0,6000,0,0,0,170000,164000,6000,6000
06487P,聯發科統一99售02,0,0,0,0,0,0,0,0,0,6000,0,0,0,6000,0,6000,6000
06417P,台積電兆豐97售03,0,0,0,0,0,0,0,0,0,6000,0,0,0,6000,0,6000,6000
062238,臻鼎凱基9C購01  ,0,0,0,0,0,0,0,0,0,6000,0,0,0,10000,4000,6000,6000
062029,牧德群益9B購03  ,0,0,0,0,0,0,0,0,0,6000,0,0,0,107000,101000,6000,6000
054425,聯發科富邦99購03,0,0,0,0,0,0,0,0,0,6000,0,0,0,6000,0,6000,6000
053661,嘉澤凱基97購01  ,0,0,0,0,0,0,0,0,0,6000,0,0,0,10000,4000,6000,6000
056360,智邦元大98購01  ,0,0,0,0,0,0,0,0,0,6000,0,0,0,32000,26000,6000,6000
052532,台積電國泰96購07,0,0,0,0,0,0,0,0,0,6000,0,0,0,6000,0,6000,6000
051577,台積電元大97購03,0,0,0,0,0,0,0,0,0,6000,0,0,0,15000,9000,6000,6000
052378,矽力元大96購01  ,0,0,0,0,0,0,0,0,0,6000,0,0,0,6000,0,6000,6000
04928P,大立光凱基95售07,0,0,0,0,0,0,0,0,0,6000,0,0,0,6000,0,6000,6000
049554,禾伸堂富邦96購01,0,0,0,0,0,0,0,0,0,6000,0,0,0,6000,0,6000,6000
03428B,臺股指凱基97熊18,0,0,0,0,0,0,0,0,0,6000,0,0,0,6000,0,6000,6000
03432B,臺股指凱基98熊13,0,0,0,0,0,0,0,0,0,6000,0,0,0,6000,0,6000,6000
048263,台積電元富95購01,0,0,0,0,0,0,0,0,0,6000,0,0,0,6000,0,6000,6000
050647,聯發科凱基96購01,0,0,0,0,0,0,0,0,0,6000,0,0,0,6000,0,6000,6000
050790,昇陽半國泰96購02,0,0,0,0,0,0,0,0,0,6000,0,0,0,6000,0,6000,6000
050485,國巨統一96購01  ,0,0,0,0,0,0,0,0,0,6000,0,0,0,29000,23000,6000,6000
059532,華新科凱基9B購03,0,0,0,0,0,0,0,0,0,6000,0,0,0,6000,0,6000,6000
059272,台灣50元大99購01,0,0,0,0,0,0,0,0,0,6000,0,0,0,6000,0,6000,6000
055955,微星元大97購01  ,0,0,0,0,0,0,0,0,0,6000,0,0,0,14000,8000,6000,6000
055098,臺股指群益97購01,0,0,0,0,0,0,0,0,0,6000,0,0,0,6000,0,6000,6000
054990,凌陽元富97購01  ,0,0,0,0,0,0,0,0,0,6000,0,0,0,6000,0,6000,6000
055444,致新台新97購01  ,0,0,0,0,0,0,0,0,0,6000,0,0,0,6000,0,6000,6000
054830,世芯國泰99購01  ,0,0,0,0,0,0,0,0,0,6000,0,0,0,11000,5000,6000,6000
05414P,台表科國票96售02,0,0,0,0,0,0,0,0,0,6000,0,0,0,20000,14000,6000,6000
054249,技嘉元大96購03  ,0,0,0,0,0,0,0,0,0,6000,0,0,0,6000,0,6000,6000
054229,超眾元富96購05  ,0,0,0,0,0,0,0,0,0,6000,0,0,0,50000,44000,6000,6000
055145,T50反1元大97購04,0,0,0,0,0,0,0,0,0,6000,0,0,0,6000,0,6000,6000
054751,GIS凱基98購01   ,0,0,0,0,0,0,0,0,0,6000,0,0,0,6000,0,6000,6000
056107,智易永豐97購02  ,0,0,0,0,0,0,0,0,0,6000,0,0,0,6000,0,6000,6000
060059,鴻海兆豐99購06  ,0,0,0,0,0,0,0,0,0,6000,0,0,0,7000,1000,6000,6000
057822,牧德元大9A購01  ,0,0,0,0,0,0,0,0,0,6000,0,0,0,6000,0,6000,6000
060468,聯鈞元大9A購02  ,0,0,0,0,0,0,0,0,0,6000,0,0,0,70000,64000,6000,6000
060300,佐登國泰9B購01  ,0,0,0,0,0,0,0,0,0,6000,0,0,0,27000,21000,6000,6000
060291,高鐵元大9A購01  ,0,0,0,0,0,0,0,0,0,6000,0,0,0,7000,1000,6000,6000
060336,南電康和9A購01  ,0,0,0,0,0,0,0,0,0,6000,0,0,0,78000,72000,6000,6000
058595,T50正2元富99購01,0,0,0,0,0,0,0,0,0,6000,0,0,0,6000,0,6000,6000
05859P,台表科國票97售04,0,0,0,0,0,0,0,0,0,6000,0,0,0,14000,8000,6000,6000
058832,立積永豐99購01  ,0,0,0,0,0,0,0,0,0,6000,0,0,0,12000,6000,6000,6000
058654,鴻海中信03購01  ,0,0,0,0,0,0,0,0,0,6000,0,0,0,6000,0,6000,6000
058649,健策永豐99購01  ,0,0,0,0,0,0,0,0,0,6000,0,0,0,6000,0,6000,6000
05682P,大立光元大98售03,0,0,0,0,0,0,0,0,0,6000,0,0,0,6000,0,6000,6000
058222,玉晶光統一9B購01,0,0,0,0,0,0,0,0,0,6000,0,0,0,15000,9000,6000,6000
058099,鴻海國泰9A購02  ,0,0,0,0,0,0,0,0,0,6000,0,0,0,11000,5000,6000,6000
058145,聯茂元大99購03  ,0,0,0,0,0,0,0,0,0,6000,0,0,0,135000,129000,6000,6000
059112,上銀永豐99購01  ,0,0,0,0,0,0,0,0,0,6000,0,0,0,6000,0,6000,6000
059213,國巨元大99購19  ,0,0,0,0,0,0,0,0,0,6000,0,0,0,55000,49000,6000,6000
057118,欣興日盛9A購01  ,0,0,0,0,0,0,0,0,0,6000,0,0,0,6000,0,6000,6000
05711P,茂林國票97售03  ,0,0,0,0,0,0,0,0,0,6000,0,0,0,6000,0,6000,6000
059934,華通永豐99購02  ,0,0,0,0,0,0,0,0,0,6000,0,0,0,6000,0,6000,6000
05990P,台積電群益96售13,0,0,0,0,0,0,0,0,0,6000,0,0,0,10000,4000,6000,6000
057669,嘉晶元大99購03  ,0,0,0,0,0,0,0,0,0,6000,0,0,0,10000,4000,6000,6000
2849,安泰銀          ,30000,24000,6000,0,0,0,0,0,0,0,0,0,0,0,0,0,6000
2029,盛餘            ,16000,10000,6000,0,0,0,0,0,0,0,0,0,0,0,0,0,6000
4919,新唐            ,176000,163000,13000,0,0,0,0,0,0,-7000,1000,0,1000,0,8000,-8000,6000
3504,揚明光          ,51000,53000,-2000,0,0,0,0,0,0,8000,8000,0,8000,0,0,0,6000
1533,車王電          ,14000,9000,5000,0,0,0,0,0,0,1000,1000,0,1000,0,0,0,6000
07553P,嘉晶元大9A售02  ,0,0,0,0,0,0,0,0,0,6000,0,0,0,52000,46000,6000,6000
07679P,台灣50凱基01售10,0,0,0,0,0,0,0,0,0,6000,0,0,0,6000,0,6000,6000
07651P,道瓊指中信01售01,0,0,0,0,0,0,0,0,0,6000,0,0,0,15000,9000,6000,6000
07620P,國巨統一9B售07  ,0,0,0,0,0,0,0,0,0,6000,0,0,0,16000,10000,6000,6000
062080,奇力新元大9B購02,0,0,0,0,0,0,0,0,0,5000,0,0,0,10000,5000,5000,5000
062113,瑞祺國票9B購01  ,0,0,0,0,0,0,0,0,0,5000,0,0,0,48000,43000,5000,5000
06356P,啟碁永豐97售01  ,0,0,0,0,0,0,0,0,0,5000,0,0,0,5000,0,5000,5000
062333,嘉晶統一9C購01  ,0,0,0,0,0,0,0,0,0,5000,0,0,0,37000,32000,5000,5000
062319,南六凱基9B購02  ,0,0,0,0,0,0,0,0,0,5000,0,0,0,14000,9000,5000,5000
062449,臻鼎元大9B購01  ,0,0,0,0,0,0,0,0,0,5000,0,0,0,5000,0,5000,5000
062402,台勝科永豐9B購02,0,0,0,0,0,0,0,0,0,5000,0,0,0,5000,0,5000,5000
062374,茂林元大9B購03  ,0,0,0,0,0,0,0,0,0,5000,0,0,0,10000,5000,5000,5000
06566P,華通永豐98售03  ,0,0,0,0,0,0,0,0,0,5000,0,0,0,62000,57000,5000,5000
06903P,技嘉凱基98售04  ,0,0,0,0,0,0,0,0,0,5000,0,0,0,224000,219000,5000,5000
06896P,信邦中信98售01  ,0,0,0,0,0,0,0,0,0,5000,0,0,0,5000,0,5000,5000
06716P,台積電元大9A售02,0,0,0,0,0,0,0,0,0,5000,0,0,0,5000,0,5000,5000
06725P,聯電元富98售01  ,0,0,0,0,0,0,0,0,0,5000,0,0,0,97000,92000,5000,5000
07361P,聯發科元大99售34,0,0,0,0,0,0,0,0,0,5000,0,0,0,5000,0,5000,5000
07215P,大立光凱基99售07,0,0,0,0,0,0,0,0,0,5000,0,0,0,5000,0,5000,5000
07202P,台灣50凱基9C售04,0,0,0,0,0,0,0,0,0,5000,0,0,0,7000,2000,5000,5000
061053,國巨群益9A購08  ,0,0,0,0,0,0,0,0,0,5000,0,0,0,5000,0,5000,5000
061171,大立光麥證9A購01,0,0,0,5000,0,5000,0,0,0,5000,0,0,0,5000,0,5000,5000
061130,牧德永豐9A購04  ,0,0,0,0,0,0,0,0,0,5000,0,0,0,10000,5000,5000,5000
061124,微星永豐9A購02  ,0,0,0,0,0,0,0,0,0,5000,0,0,0,736000,731000,5000,5000
060841,宏達電國票9B購01,0,0,0,0,0,0,0,0,0,5000,0,0,0,55000,50000,5000,5000
060774,南亞科凱基9A購01,0,0,0,0,0,0,0,0,0,5000,0,0,0,5000,0,5000,5000
060619,玉晶光元大9A購03,0,0,0,0,0,0,0,0,0,5000,0,0,0,71000,66000,5000,5000
060524,國巨中信9A購03  ,0,0,0,0,0,0,0,0,0,5000,0,0,0,15000,10000,5000,5000
060525,台積電中信01購04,0,0,0,0,0,0,0,0,0,5000,0,0,0,5000,0,5000,5000
06052P,台郡國票97售06  ,0,0,0,0,0,0,0,0,0,5000,0,0,0,5000,0,5000,5000
060593,華通麥證9A購01  ,0,0,0,9000,4000,5000,0,0,0,5000,0,0,0,9000,4000,5000,5000
061241,晶技兆豐9A購01  ,0,0,0,0,0,0,0,0,0,5000,0,0,0,88000,83000,5000,5000
061261,台積電凱基9B購03,0,0,0,0,0,0,0,0,0,5000,0,0,0,10000,5000,5000,5000
061375,華通永豐9A購02  ,0,0,0,0,0,0,0,0,0,5000,0,0,0,5000,0,5000,5000
061455,京元電凱基9B購01,0,0,0,0,0,0,0,0,0,5000,0,0,0,110000,105000,5000,5000
061723,嘉聯益永豐9A購03,0,0,0,0,0,0,0,0,0,5000,0,0,0,5000,0,5000,5000
054572,國巨元大98購03  ,0,0,0,0,0,0,0,0,0,5000,0,0,0,5000,0,5000,5000
055728,緯穎元大97購03  ,0,0,0,0,0,0,0,0,0,5000,0,0,0,5000,0,5000,5000
055114,新日興凱基98購01,0,0,0,0,0,0,0,0,0,5000,0,0,0,50000,45000,5000,5000
055176,大毅統一98購02  ,0,0,0,0,0,0,0,0,0,5000,0,0,0,6000,1000,5000,5000
055231,大毅國票98購02  ,0,0,0,0,0,0,0,0,0,5000,0,0,0,5000,0,5000,5000
054163,燿華凱基97購02  ,0,0,0,0,0,0,0,0,0,5000,0,0,0,5000,0,5000,5000
054095,同欣電群益98購03,0,0,0,0,0,0,0,0,0,5000,0,0,0,5000,0,5000,5000
054312,TPK凱基98購01   ,0,0,0,0,0,0,0,0,0,5000,0,0,0,5000,0,5000,5000
055415,禾伸堂富邦9B購01,0,0,0,0,0,0,0,0,0,5000,0,0,0,10000,5000,5000,5000
055460,華擎永豐97購01  ,0,0,0,0,0,0,0,0,0,5000,0,0,0,5000,0,5000,5000
055508,矽力元大97購01  ,0,0,0,0,0,0,0,0,0,5000,0,0,0,5000,0,5000,5000
055255,欣興統一97購02  ,0,0,0,0,0,0,0,0,0,5000,0,0,0,105000,100000,5000,5000
055933,欣興群益98購02  ,0,0,0,0,0,0,0,0,0,5000,0,0,0,10000,5000,5000,5000
056192,智邦富邦98購01  ,0,0,0,0,0,0,0,0,0,5000,0,0,0,90000,85000,5000,5000
057428,正崴兆豐98購01  ,0,0,0,0,0,0,0,0,0,5000,0,0,0,5000,0,5000,5000
050902,南電元大96購01  ,0,0,0,0,0,0,0,0,0,5000,0,0,0,5000,0,5000,5000
050894,旺宏元大96購03  ,0,0,0,0,0,0,0,0,0,5000,0,0,0,49000,44000,5000,5000
051001,緯穎元大96購02  ,0,0,0,0,0,0,0,0,0,5000,0,0,0,5000,0,5000,5000
03033X,元展30          ,0,0,0,0,0,0,0,0,0,5000,0,0,0,10000,5000,5000,5000
048696,台達電國票96購01,0,0,0,0,0,0,0,0,0,5000,0,0,0,5000,0,5000,5000
050150,國巨群益95購01  ,0,0,0,0,0,0,0,0,0,5000,0,0,0,5000,0,5000,5000
03603P,群創凱基98售04  ,0,0,0,0,0,0,0,0,0,5000,0,0,0,19000,14000,5000,5000
053132,國巨國票97購02  ,0,0,0,0,0,0,0,0,0,5000,0,0,0,25000,20000,5000,5000
045054,聯發科元富98購02,0,0,0,0,0,0,0,0,0,5000,0,0,0,5000,0,5000,5000
052278,國巨凱基95購06  ,0,0,0,0,0,0,0,0,0,5000,0,0,0,5000,0,5000,5000
053207,SP黃豆凱基96購01,0,0,0,0,0,0,0,0,0,5000,0,0,0,5000,0,5000,5000
053392,致新元大96購01  ,0,0,0,0,0,0,0,0,0,5000,0,0,0,5000,0,5000,5000
053486,T50反1兆豐96購01,0,0,0,0,0,0,0,0,0,5000,0,0,0,10000,5000,5000,5000
052022,南電永豐95購03  ,0,0,0,0,0,0,0,0,0,5000,0,0,0,5000,0,5000,5000
051939,同欣電群益97購01,0,0,0,0,0,0,0,0,0,5000,0,0,0,5000,0,5000,5000
053082,聯電元大98購03  ,0,0,0,0,0,0,0,0,0,5000,0,0,0,10000,5000,5000,5000
051970,元黃金凱基98購01,0,0,0,0,0,0,0,0,0,5000,0,0,0,5000,0,5000,5000
056347,GIS凱基9A購01   ,0,0,0,0,0,0,0,0,0,5000,0,0,0,5000,0,5000,5000
056394,晶豪科永豐98購01,0,0,0,0,0,0,0,0,0,5000,0,0,0,523000,518000,5000,5000
056029,國巨麥證98購01  ,0,0,0,5000,0,5000,0,0,0,5000,0,0,0,5000,0,5000,5000
056282,S&P反1永豐97購01,0,0,0,0,0,0,0,0,0,5000,0,0,0,5000,0,5000,5000
056233,超眾凱基97購02  ,0,0,0,0,0,0,0,0,0,5000,0,0,0,5000,0,5000,5000
054531,聯發科國泰97購02,0,0,0,0,0,0,0,0,0,5000,0,0,0,5000,0,5000,5000
053695,智易元大97購02  ,0,0,0,0,0,0,0,0,0,5000,0,0,0,5000,0,5000,5000
053791,同欣電元大96購05,0,0,0,0,0,0,0,0,0,5000,0,0,0,5000,0,5000,5000
053601,台表科元大98購01,0,0,0,0,0,0,0,0,0,5000,0,0,0,5000,0,5000,5000
053752,超眾永豐96購02  ,0,0,0,0,0,0,0,0,0,5000,0,0,0,5000,0,5000,5000
054378,楠梓電群益98購01,0,0,0,0,0,0,0,0,0,5000,0,0,0,77000,72000,5000,5000
054519,禾伸堂元大97購02,0,0,0,0,0,0,0,0,0,5000,0,0,0,5000,0,5000,5000
057673,臻鼎元大98購01  ,0,0,0,0,0,0,0,0,0,5000,0,0,0,5000,0,5000,5000
058490,元黃金群益9B購01,0,0,0,0,0,0,0,0,0,5000,0,0,0,5000,0,5000,5000
057024,義隆凱基99購01  ,0,0,0,0,0,0,0,0,0,5000,0,0,0,50000,45000,5000,5000
057018,亞德客凱基98購01,0,0,0,0,0,0,0,0,0,5000,0,0,0,5000,0,5000,5000
057048,新日興元大98購01,0,0,0,0,0,0,0,0,0,5000,0,0,0,5000,0,5000,5000
057028,台郡凱基99購02  ,0,0,0,0,0,0,0,0,0,5000,0,0,0,10000,5000,5000,5000
057088,上銀元富98購01  ,0,0,0,0,0,0,0,0,0,5000,0,0,0,5000,0,5000,5000
05730P,臺股指凱基97售03,0,0,0,0,0,0,0,0,0,5000,0,0,0,45000,40000,5000,5000
059929,華新科富邦9C購03,0,0,0,0,0,0,0,0,0,5000,0,0,0,5000,0,5000,5000
059953,聯發科康和99購01,0,0,0,0,0,0,0,0,0,5000,0,0,0,5000,0,5000,5000
059870,全新凱基99購05  ,0,0,0,0,0,0,0,0,0,5000,0,0,0,5000,0,5000,5000
05642P,玉晶光兆豐97售02,0,0,0,0,0,0,0,0,0,5000,0,0,0,5000,0,5000,5000
056411,緯穎國票99購01  ,0,0,0,0,0,0,0,0,0,5000,0,0,0,70000,65000,5000,5000
05999P,世芯元大96售01  ,0,0,0,0,0,0,0,0,0,5000,0,0,0,5000,0,5000,5000
059987,大立光元大99購28,0,0,0,0,0,0,0,0,0,5000,0,0,0,5000,0,5000,5000
059997,華航元富99購01  ,0,0,0,0,0,0,0,0,0,5000,0,0,0,5000,0,5000,5000
059998,華航元富99購02  ,0,0,0,0,0,0,0,0,0,5000,0,0,0,5000,0,5000,5000
056744,麗豐凱基9A購01  ,0,0,0,0,0,0,0,0,0,5000,0,0,0,5000,0,5000,5000
056757,T50反1元大98購07,0,0,0,0,0,0,0,0,0,5000,0,0,0,5000,0,5000,5000
058367,大立光凱基9A購01,0,0,0,0,0,0,0,0,0,5000,0,0,0,5000,0,5000,5000
058410,國巨兆豐99購03  ,0,0,0,0,0,0,0,0,0,5000,0,0,0,25000,20000,5000,5000
060018,國產康和99購01  ,0,0,0,0,0,0,0,0,0,5000,0,0,0,5000,0,5000,5000
05845P,大立光元大96售06,0,0,0,0,0,0,0,0,0,5000,0,0,0,5000,0,5000,5000
058433,台積電統一9B購04,0,0,0,0,0,0,0,0,0,5000,0,0,0,5000,0,5000,5000
059836,大立光國泰9B購02,0,0,0,0,0,0,0,0,0,5000,0,0,0,26000,21000,5000,5000
059795,鴻海國票99購07  ,0,0,0,0,0,0,0,0,0,5000,0,0,0,5000,0,5000,5000
059089,聯發科元大99購19,0,0,0,0,0,0,0,0,0,5000,0,0,0,5000,0,5000,5000
059638,大立光凱基99購11,0,0,0,0,0,0,0,0,0,5000,0,0,0,5000,0,5000,5000
056526,力山凱基98購01  ,0,0,0,0,0,0,0,0,0,5000,0,0,0,5000,0,5000,5000
058311,緯穎元大99購05  ,0,0,0,0,0,0,0,0,0,5000,0,0,0,7000,2000,5000,5000
057495,牧德元大99購04  ,0,0,0,0,0,0,0,0,0,5000,0,0,0,56000,51000,5000,5000
058326,祥碩台新99購01  ,0,0,0,0,0,0,0,0,0,5000,0,0,0,5000,0,5000,5000
058752,鈺齊凱基9A購01  ,0,0,0,0,0,0,0,0,0,5000,0,0,0,5000,0,5000,5000
058777,台光電國票9A購01,0,0,0,0,0,0,0,0,0,5000,0,0,0,6000,1000,5000,5000
058223,世芯統一9B購01  ,0,0,0,0,0,0,0,0,0,5000,0,0,0,5000,0,5000,5000
058208,百和凱基99購01  ,0,0,0,0,0,0,0,0,0,5000,0,0,0,5000,0,5000,5000
057889,致新群益99購01  ,0,0,0,0,0,0,0,0,0,5000,0,0,0,5000,0,5000,5000
056899,可成元大98購01  ,0,0,0,0,0,0,0,0,0,5000,0,0,0,5000,0,5000,5000
060335,明泰康和9A購01  ,0,0,0,0,0,0,0,0,0,5000,0,0,0,5000,0,5000,5000
060214,茂林康和9A購01  ,0,0,0,0,0,0,0,0,0,5000,0,0,0,73000,68000,5000,5000
057768,華新科中信9A購01,0,0,0,0,0,0,0,0,0,5000,0,0,0,10000,5000,5000,5000
057785,智邦國票99購02  ,0,0,0,0,0,0,0,0,0,5000,0,0,0,7000,2000,5000,5000
060053,聯發科凱基9B購02,0,0,0,0,0,0,0,0,0,5000,0,0,0,5000,0,5000,5000
060135,台灣50國票9C購02,0,0,0,0,0,0,0,0,0,5000,0,0,0,5000,0,5000,5000
058685,TPK凱基99購01   ,0,0,0,0,0,0,0,0,0,5000,0,0,0,16000,11000,5000,5000
058697,亞德客元大99購01,0,0,0,0,0,0,0,0,0,5000,0,0,0,15000,10000,5000,5000
060048,元金2X凱基99購03,0,0,0,0,0,0,0,0,0,5000,0,0,0,6000,1000,5000,5000
07470P,國巨元大9A售06  ,0,0,0,0,0,0,0,0,0,5000,0,0,0,15000,10000,5000,5000
07709P,創意元大9A售01  ,0,0,0,0,0,0,0,0,0,5000,0,0,0,5000,0,5000,5000
07806P,健策永豐9A售02  ,0,0,0,0,0,0,0,0,0,5000,0,0,0,5000,0,5000,5000
07843P,緯穎元大9A售05  ,0,0,0,0,0,0,0,0,0,5000,0,0,0,10000,5000,5000,5000
1453,大將            ,5000,0,5000,0,0,0,0,0,0,0,0,0,0,0,0,0,5000
07901P,臺股指凱基9B售04,0,0,0,0,0,0,0,0,0,5000,0,0,0,219000,214000,5000,5000
4555,氣立            ,19000,19000,0,0,0,0,0,0,0,5000,6000,1000,5000,0,0,0,5000
2425,承啟            ,94000,90000,4000,0,0,0,0,0,0,1000,1000,0,1000,0,0,0,5000
061858,南電國票9B購02  ,0,0,0,0,0,0,0,0,0,4000,0,0,0,4000,0,4000,4000
061224,道瓊反中信01購01,0,0,0,0,0,0,0,0,0,4000,0,0,0,16000,12000,4000,4000
060553,祥碩凱基9A購01  ,0,0,0,0,0,0,0,0,0,4000,0,0,0,14000,10000,4000,4000
060826,牧德元大9B購02  ,0,0,0,0,0,0,0,0,0,4000,0,0,0,22000,18000,4000,4000
060876,國巨中信9A購04  ,0,0,0,0,0,0,0,0,0,4000,0,0,0,40000,36000,4000,4000
060887,台積電統一01購01,0,0,0,0,0,0,0,0,0,4000,0,0,0,4000,0,4000,4000
061011,華通麥證9A購02  ,0,0,0,4000,0,4000,0,0,0,4000,0,0,0,4000,0,4000,4000
060940,國巨國票9B購03  ,0,0,0,0,0,0,0,0,0,4000,0,0,0,6000,2000,4000,4000
07291P,臺股指凱基99售43,0,0,0,0,0,0,0,0,0,4000,0,0,0,20000,16000,4000,4000
07121P,華新科凱基99售03,0,0,0,0,0,0,0,0,0,4000,0,0,0,4000,0,4000,4000
06713P,臺股指富邦99售04,0,0,0,0,0,0,0,0,0,4000,0,0,0,4000,0,4000,4000
06425P,TPK永豐97售02   ,0,0,0,0,0,0,0,0,0,4000,0,0,0,4000,0,4000,4000
062318,台郡凱基9B購01  ,0,0,0,0,0,0,0,0,0,4000,0,0,0,10000,6000,4000,4000
06203P,奇力新中信98售02,0,0,0,0,0,0,0,0,0,4000,0,0,0,4000,0,4000,4000
061933,光寶科國票9B購01,0,0,0,0,0,0,0,0,0,4000,0,0,0,7000,3000,4000,4000
061935,台積電國票9B購07,0,0,0,0,0,0,0,0,0,4000,0,0,0,15000,11000,4000,4000
061914,台光電中信9B購01,0,0,0,0,0,0,0,0,0,4000,0,0,0,111000,107000,4000,4000
056331,聯鈞國票99購01  ,0,0,0,0,0,0,0,0,0,4000,0,0,0,4000,0,4000,4000
049065,T50反1凱基96購04,0,0,0,0,0,0,0,0,0,4000,0,0,0,4000,0,4000,4000
03445B,臺股指元大02熊01,0,0,0,0,0,0,0,0,0,4000,0,0,0,67000,63000,4000,4000
03418B,臺股指元大95熊20,0,0,0,0,0,0,0,0,0,4000,0,0,0,7000,3000,4000,4000
00684R,元大美元指數反1 ,0,0,0,0,0,0,0,0,0,4000,0,0,0,4000,0,4000,4000
059146,貿聯國票9A購02  ,0,0,0,0,0,0,0,0,0,4000,0,0,0,4000,0,4000,4000
059148,百和國票9A購01  ,0,0,0,0,0,0,0,0,0,4000,0,0,0,42000,38000,4000,4000
059317,台積電元大99購34,0,0,0,0,0,0,0,0,0,4000,0,0,0,10000,6000,4000,4000
059429,台積電元大99購35,0,0,0,0,0,0,0,0,0,4000,0,0,0,4000,0,4000,4000
059590,台積電元大99購39,0,0,0,0,0,0,0,0,0,4000,0,0,0,4000,0,4000,4000
059553,台灣50凱基99購05,0,0,0,0,0,0,0,0,0,4000,0,0,0,4000,0,4000,4000
055420,欣興永豐98購01  ,0,0,0,0,0,0,0,0,0,4000,0,0,0,4000,0,4000,4000
054308,嘉晶凱基98購01  ,0,0,0,0,0,0,0,0,0,4000,0,0,0,4000,0,4000,4000
054213,欣興國票97購04  ,0,0,0,0,0,0,0,0,0,4000,0,0,0,7000,3000,4000,4000
055172,凱美統一97購02  ,0,0,0,0,0,0,0,0,0,4000,0,0,0,52000,48000,4000,4000
055791,臺股指凱基97購14,0,0,0,0,0,0,0,0,0,4000,0,0,0,4000,0,4000,4000
056402,智易群益98購02  ,0,0,0,0,0,0,0,0,0,4000,0,0,0,4000,0,4000,4000
060065,大立光兆豐9B購01,0,0,0,0,0,0,0,0,0,4000,0,0,0,13000,9000,4000,4000
060288,群光元大9C購01  ,0,0,0,0,0,0,0,0,0,4000,0,0,0,58000,54000,4000,4000
060455,葡萄王元大9A購02,0,0,0,0,0,0,0,0,0,4000,0,0,0,114000,110000,4000,4000
058846,鴻海群益99購03  ,0,0,0,0,0,0,0,0,0,4000,0,0,0,10000,6000,4000,4000
058940,聯發科中信9A購03,0,0,0,0,0,0,0,0,0,4000,0,0,0,4000,0,4000,4000
058051,同欣電元大98購03,0,0,0,0,0,0,0,0,0,4000,0,0,0,74000,70000,4000,4000
058357,智邦凱基99購02  ,0,0,0,0,0,0,0,0,0,4000,0,0,0,30000,26000,4000,4000
056529,中環凱基98購01  ,0,0,0,0,0,0,0,0,0,4000,0,0,0,95000,91000,4000,4000
059070,道瓊指元大99購02,0,0,0,0,0,0,0,0,0,4000,0,0,0,18000,14000,4000,4000
059650,緯穎凱基99購04  ,0,0,0,0,0,0,0,0,0,4000,0,0,0,74000,70000,4000,4000
058377,茂林凱基9A購03  ,0,0,0,0,0,0,0,0,0,4000,0,0,0,4000,0,4000,4000
056668,光磊國票99購01  ,0,0,0,0,0,0,0,0,0,4000,0,0,0,54000,50000,4000,4000
057512,華邦電台新98購01,0,0,0,0,0,0,0,0,0,4000,0,0,0,10000,6000,4000,4000
057153,祥碩國泰99購01  ,0,0,0,0,0,0,0,0,0,4000,0,0,0,14000,10000,4000,4000
056440,智邦凱基98購03  ,0,0,0,0,0,0,0,0,0,4000,0,0,0,4000,0,4000,4000
057377,康控元大99購02  ,0,0,0,0,0,0,0,0,0,4000,0,0,0,89000,85000,4000,4000
2436,偉詮電          ,114000,111000,3000,0,0,0,0,0,0,1000,1000,0,1000,0,0,0,4000
2032,新鋼            ,6000,5000,1000,0,0,0,0,0,0,3000,3000,0,3000,0,0,0,4000
1324,地球            ,4000,0,4000,0,0,0,0,0,0,0,0,0,0,0,0,0,4000
1529,樂士            ,0,0,0,0,0,0,0,0,0,4000,4000,0,4000,0,0,0,4000
07724P,臺股指凱基9A售16,0,0,0,0,0,0,0,0,0,4000,0,0,0,4000,0,4000,4000
07483P,國巨台新9A售01  ,0,0,0,0,0,0,0,0,0,4000,0,0,0,4000,0,4000,4000
062033,瀚宇博群益9B購01,0,0,0,0,0,0,0,0,0,3000,0,0,0,3000,0,3000,3000
062393,智邦富邦9B購01  ,0,0,0,0,0,0,0,0,0,3000,0,0,0,290000,287000,3000,3000
06359P,上銀群益97售03  ,0,0,0,0,0,0,0,0,0,3000,0,0,0,12000,9000,3000,3000
06439P,上銀凱基98售02  ,0,0,0,0,0,0,0,0,0,3000,0,0,0,16000,13000,3000,3000
06860P,台灣50兆豐98售01,0,0,0,0,0,0,0,0,0,3000,0,0,0,3000,0,3000,3000
06810P,國巨統一99售03  ,0,0,0,0,0,0,0,0,0,3000,0,0,0,3000,0,3000,3000
06940P,旺宏永豐98售05  ,0,20000,-20000,0,0,0,0,0,0,23000,0,0,0,25000,2000,23000,3000
06941P,國巨統一98售07  ,0,0,0,0,0,0,0,0,0,3000,0,0,0,3000,0,3000,3000
06978P,聯發科富邦9B售02,0,0,0,0,0,0,0,0,0,3000,0,0,0,3000,0,3000,3000
07014P,華通元大99售04  ,0,0,0,0,0,0,0,0,0,3000,0,0,0,332000,329000,3000,3000
07024P,臺股指永豐99售02,0,0,0,0,0,0,0,0,0,3000,0,0,0,3000,0,3000,3000
060514,南電元大9A購02  ,0,0,0,0,0,0,0,0,0,3000,0,0,0,3000,0,3000,3000
061288,大立光統一9C購01,0,0,0,0,0,0,0,0,0,3000,0,0,0,17000,14000,3000,3000
061860,臺股指國票9B購04,0,0,0,0,0,0,0,0,0,3000,0,0,0,16000,13000,3000,3000
061581,貿聯元大9A購05  ,0,0,0,0,0,0,0,0,0,3000,0,0,0,3000,0,3000,3000
05573P,仁寶元富96售02  ,0,0,0,0,0,0,0,0,0,3000,0,0,0,3000,0,3000,3000
054757,南亞國票98購01  ,0,0,0,0,0,0,0,0,0,3000,0,0,0,3000,0,3000,3000
05471P,聯電統一95售01  ,0,0,0,0,0,0,0,0,0,3000,0,0,0,3000,0,3000,3000
053825,南電群益96購02  ,0,0,0,0,0,0,0,0,0,3000,0,0,0,3000,0,3000,3000
054045,奇力新元大97購03,0,0,0,0,0,0,0,0,0,3000,0,0,0,3000,0,3000,3000
054278,晶技群益97購02  ,0,0,0,0,0,0,0,0,0,3000,0,0,0,3000,0,3000,3000
055445,旺宏統一99購01  ,0,0,0,0,0,0,0,0,0,3000,0,0,0,13000,10000,3000,3000
055280,智邦元大97購01  ,0,0,0,0,0,0,0,0,0,3000,0,0,0,3000,0,3000,3000
055322,欣興國票97購06  ,0,0,0,0,0,0,0,0,0,3000,0,0,0,3000,0,3000,3000
055934,景碩群益98購03  ,0,0,0,0,0,0,0,0,0,3000,0,0,0,3000,0,3000,3000
059386,上銀凱基99購07  ,0,0,0,0,0,0,0,0,0,3000,0,0,0,3000,0,3000,3000
059264,台光電中信99購02,0,0,0,0,0,0,0,0,0,3000,0,0,0,20000,17000,3000,3000
059151,臺股指國票99購14,0,0,0,0,0,0,0,0,0,3000,0,0,0,25000,22000,3000,3000
059142,道瓊指國票9B購02,0,0,0,0,0,0,0,0,0,3000,0,0,0,10000,7000,3000,3000
059135,臺股指群益99購10,0,0,0,0,0,0,0,0,0,3000,0,0,0,3000,0,3000,3000
00683L,元大美元指數正2 ,0,0,0,0,0,0,0,0,0,3000,0,0,0,3000,0,3000,3000
050219,台積電元富95購03,0,0,0,0,0,0,0,0,0,3000,0,0,0,13000,10000,3000,3000
03046X,元展43          ,0,0,0,0,0,0,0,0,0,3000,0,0,0,3000,0,3000,3000
051463,世芯國泰97購02  ,0,0,0,0,0,0,0,0,0,3000,0,0,0,13000,10000,3000,3000
05120P,聯發科國泰97售01,0,0,0,0,0,0,0,0,0,3000,0,0,0,3000,0,3000,3000
050698,明泰凱基96購01  ,0,0,0,0,0,0,0,0,0,3000,0,0,0,3000,0,3000,3000
036084,台灣50台新98購01,0,0,0,0,0,0,0,0,0,3000,0,0,0,3000,0,3000,3000
03648C,T50反1元大96牛07,0,0,0,0,0,0,0,0,0,3000,0,0,0,33000,30000,3000,3000
049759,元黃金富邦9A購01,0,0,0,0,0,0,0,0,0,3000,0,0,0,3000,0,3000,3000
046792,京元電元富96購01,0,0,0,0,0,0,0,0,0,3000,0,0,0,3000,0,3000,3000
053091,同欣電元大96購01,0,0,0,0,0,0,0,0,0,3000,0,0,0,3000,0,3000,3000
053337,聯電國票97購01  ,0,0,0,0,0,0,0,0,0,3000,0,0,0,3000,0,3000,3000
053270,台塑元大96購01  ,0,0,0,0,0,0,0,0,0,3000,0,0,0,3000,0,3000,3000
053423,亞光永豐96購01  ,0,0,0,0,0,0,0,0,0,3000,0,0,0,3000,0,3000,3000
055600,致伸元大97購02  ,0,0,0,0,0,0,0,0,0,3000,0,0,0,3000,0,3000,3000
054421,臺股指元大99購03,0,0,0,0,0,0,0,0,0,3000,0,0,0,3000,0,3000,3000
052031,臺股指群益95購04,0,0,0,0,0,0,0,0,0,3000,0,0,0,3000,0,3000,3000
052095,彩晶元大97購01  ,0,0,0,0,0,0,0,0,0,3000,0,0,0,115000,112000,3000,3000
052595,奇力新群益96購01,0,0,0,0,0,0,0,0,0,3000,0,0,0,3000,0,3000,3000
057378,康友元大98購02  ,0,0,0,0,0,0,0,0,0,3000,0,0,0,71000,68000,3000,3000
057324,億光群益98購01  ,0,0,0,0,0,0,0,0,0,3000,0,0,0,10000,7000,3000,3000
057337,聯發科國票99購02,0,0,0,0,0,0,0,0,0,3000,0,0,0,6000,3000,3000,3000
058487,晶技國票9A購01  ,0,0,0,0,0,0,0,0,0,3000,0,0,0,41000,38000,3000,3000
059874,大立光凱基99購15,0,0,0,0,0,0,0,0,0,3000,0,0,0,13000,10000,3000,3000
059943,信邦永豐99購01  ,0,0,0,0,0,0,0,0,0,3000,0,0,0,53000,50000,3000,3000
059212,鴻海元大99購28  ,0,0,0,0,0,0,0,0,0,3000,0,0,0,28000,25000,3000,3000
059829,超眾凱基99購05  ,0,0,0,0,0,0,0,0,0,3000,0,0,0,16000,13000,3000,3000
056485,同欣電元大98購01,0,0,0,0,0,0,0,0,0,3000,0,0,0,3000,0,3000,3000
056505,聯發科永豐98購01,0,0,0,0,0,0,0,0,0,3000,0,0,0,9000,6000,3000,3000
056508,揚明光永豐98購01,0,0,0,0,0,0,0,0,0,3000,0,0,0,3000,0,3000,3000
056566,臻鼎群益98購01  ,0,0,0,0,0,0,0,0,0,3000,0,0,0,3000,0,3000,3000
057503,世紀鋼群益98購02,0,0,0,0,0,0,0,0,0,3000,0,0,0,3000,0,3000,3000
058785,臺股指國票99購04,0,0,0,0,0,0,0,0,0,3000,0,0,0,13000,10000,3000,3000
057895,全新元富9B購01  ,0,0,0,0,0,0,0,0,0,3000,0,0,0,33000,30000,3000,3000
058571,緯穎凱基9A購02  ,0,0,0,0,0,0,0,0,0,3000,0,0,0,3000,0,3000,3000
058268,泰碩永豐9A購01  ,0,0,0,0,0,0,0,0,0,3000,0,0,0,13000,10000,3000,3000
058614,台郡元大9A購01  ,0,0,0,0,0,0,0,0,0,3000,0,0,0,3000,0,3000,3000
058665,台灣50群益9B購02,0,0,0,0,0,0,0,0,0,3000,0,0,0,3000,0,3000,3000
060294,嘉澤元大9A購01  ,0,0,0,0,0,0,0,0,0,3000,0,0,0,4000,1000,3000,3000
060209,喬山康和9A購01  ,0,0,0,0,0,0,0,0,0,3000,0,0,0,71000,68000,3000,3000
06018P,康控凱基96售03  ,0,0,0,0,0,0,0,0,0,3000,0,0,0,3000,0,3000,3000
060172,智原台新9A購01  ,0,0,0,0,0,0,0,0,0,3000,0,0,0,40000,37000,3000,3000
06007P,世芯永豐96售01  ,0,0,0,0,0,0,0,0,0,3000,0,0,0,3000,0,3000,3000
060034,立積永豐99購04  ,0,0,0,0,0,0,0,0,0,3000,0,0,0,20000,17000,3000,3000
058676,聯茂群益99購01  ,0,0,0,0,0,0,0,0,0,3000,0,0,0,8000,5000,3000,3000
057742,喬山永豐98購02  ,0,0,0,0,0,0,0,0,0,3000,0,0,0,8000,5000,3000,3000
07839P,嘉澤元大9A售04  ,0,0,0,0,0,0,0,0,0,3000,0,0,0,9000,6000,3000,3000
1532,勤美            ,128000,124000,4000,0,0,0,0,0,0,-1000,0,1000,-1000,0,0,0,3000
1436,華友聯          ,5000,2000,3000,0,0,0,0,0,0,0,0,0,0,0,0,0,3000
07916P,臺股指元大9B售22,0,0,0,0,0,0,0,0,0,3000,0,0,0,3000,0,3000,3000
2887E,台新戊特        ,0,0,0,0,0,0,0,0,0,3000,3000,0,3000,0,0,0,3000
2936,客思達-KY       ,4000,1000,3000,0,0,0,0,0,0,0,0,0,0,0,0,0,3000
061710,國巨凱基9A購18  ,0,0,0,0,0,0,0,0,0,2000,0,0,0,2000,0,2000,2000
061633,統一元大9A購01  ,0,0,0,0,0,0,0,0,0,2000,0,0,0,10000,8000,2000,2000
061891,力山永豐9B購01  ,0,0,0,0,0,0,0,0,0,2000,0,0,0,2000,0,2000,2000
061454,國巨凱基9A購16  ,0,0,0,0,0,0,0,0,0,2000,0,0,0,2000,0,2000,2000
06145P,華新科永豐97售02,0,0,0,0,0,0,0,0,0,2000,0,0,0,2000,0,2000,2000
06055P,華通凱基97售04  ,0,0,0,0,0,0,0,0,0,2000,0,0,0,3000,1000,2000,2000
060663,聯發科凱基9A購13,0,0,0,0,0,0,0,0,0,2000,0,0,0,7000,5000,2000,2000
060838,華通國票9A購05  ,0,0,0,0,0,0,0,0,0,2000,0,0,0,2000,0,2000,2000
06112P,台積電兆豐97售01,0,0,0,0,0,0,0,0,0,2000,0,0,0,2000,0,2000,2000
06110P,國巨國泰98售02  ,0,0,0,0,0,0,0,0,0,2000,0,0,0,2000,0,2000,2000
06995P,臺股指凱基99售16,0,0,0,0,0,0,0,0,0,2000,0,0,0,2000,0,2000,2000
07010P,T50正2凱基9C售01,0,0,0,0,0,0,0,0,0,2000,0,0,0,2000,0,2000,2000
06985P,華新科富邦9C售02,0,0,0,0,0,0,0,0,0,2000,0,0,0,2000,0,2000,2000
07063P,臺股指元大9A售24,0,0,0,0,0,0,0,0,0,2000,0,0,0,2000,0,2000,2000
07267P,臺股指元大99售23,0,0,0,0,0,0,0,0,0,2000,0,0,0,2000,0,2000,2000
07283P,華新科凱基99售07,0,0,0,0,0,0,0,0,0,2000,0,0,0,3000,1000,2000,2000
07239P,台灣50國票9A售04,0,0,0,0,0,0,0,0,0,2000,0,0,0,2000,0,2000,2000
06787P,臺股指元大98售04,0,0,0,0,0,0,0,0,0,2000,0,0,0,2000,0,2000,2000
06724P,台灣50國票98售01,0,0,0,0,0,0,0,0,0,2000,0,0,0,2000,0,2000,2000
06756P,臺股指永豐98售05,0,0,0,0,0,0,0,0,0,2000,0,0,0,2000,0,2000,2000
06735P,奇力新凱基98售07,0,0,0,0,0,0,0,0,0,2000,0,0,0,2000,0,2000,2000
06469P,臺股指凱基99售09,0,0,0,0,0,0,0,0,0,2000,0,0,0,2000,0,2000,2000
062466,FBVIX凱基9B購01 ,0,0,0,0,0,0,0,0,0,2000,0,0,0,91000,89000,2000,2000
062424,聯發科統一9C購08,0,0,0,0,0,0,0,0,0,2000,0,0,0,2000,0,2000,2000
062283,玉晶光群益01購01,0,0,0,0,0,0,0,0,0,2000,0,0,0,6000,4000,2000,2000
062039,聯發科凱基9B購07,0,0,0,0,0,0,0,0,0,2000,0,0,0,2000,0,2000,2000
052775,滬深2X國票99購02,0,0,0,0,0,0,0,0,0,2000,0,0,0,5000,3000,2000,2000
052094,瀚宇博元大96購02,0,0,0,0,0,0,0,0,0,2000,0,0,0,2000,0,2000,2000
054416,禾伸堂元大97購01,0,0,0,0,0,0,0,0,0,2000,0,0,0,20000,18000,2000,2000
054470,緯穎國票97購04  ,0,0,0,0,0,0,0,0,0,2000,0,0,0,14000,12000,2000,2000
05361P,聯發科富邦97售01,0,0,0,0,0,0,0,0,0,2000,0,0,0,2000,0,2000,2000
053698,中磊元大96購02  ,0,0,0,0,0,0,0,0,0,2000,0,0,0,2000,0,2000,2000
053631,欣興兆豐97購01  ,0,0,0,0,0,0,0,0,0,2000,0,0,0,2000,0,2000,2000
056275,國巨國泰98購04  ,0,0,0,0,0,0,0,0,0,2000,0,0,0,137000,135000,2000,2000
056357,台積電元大9A購01,0,0,0,0,0,0,0,0,0,2000,0,0,0,2000,0,2000,2000
052299,T50反1台新05購03,0,0,0,0,0,0,0,0,0,2000,0,0,0,55000,53000,2000,2000
052237,嘉澤國票96購02  ,0,0,0,0,0,0,0,0,0,2000,0,0,0,2000,0,2000,2000
03959P,義隆元富96售01  ,0,0,0,0,0,0,0,0,0,2000,0,0,0,2000,0,2000,2000
050012,台積電國泰95購03,0,0,0,0,0,0,0,0,0,2000,0,0,0,2000,0,2000,2000
035276,南亞科台新97購01,0,0,0,0,0,0,0,0,0,2000,0,0,0,2000,0,2000,2000
04932P,香港2X中信96售01,0,0,0,0,0,0,0,0,0,2000,0,0,0,5000,3000,2000,2000
050315,和碩兆豐95購01  ,0,0,0,0,0,0,0,0,0,2000,0,0,0,2000,0,2000,2000
050992,台積電元大97購01,0,0,0,0,0,0,0,0,0,2000,0,0,0,2000,0,2000,2000
04798P,牧德元大95售02  ,0,0,0,0,0,0,0,0,0,2000,0,0,0,2000,0,2000,2000
00743,國泰中國A150    ,191000,0,191000,0,0,0,0,0,0,-189000,0,0,0,2000,191000,-189000,2000
00685L,群益臺灣加權正2 ,0,0,0,0,0,0,0,0,0,2000,0,0,0,9000,7000,2000,2000
059253,康控凱基9B購02  ,0,0,0,0,0,0,0,0,0,2000,0,0,0,5000,3000,2000,2000
059488,大立光兆豐99購03,0,0,0,0,0,0,0,0,0,2000,0,0,0,4000,2000,2000,2000
059591,台積電元大9A購04,0,0,0,0,0,0,0,0,0,2000,0,0,0,2000,0,2000,2000
055919,景碩凱基98購02  ,0,0,0,0,0,0,0,0,0,2000,0,0,0,2000,0,2000,2000
055049,智邦永豐97購01  ,0,0,0,0,0,0,0,0,0,2000,0,0,0,102000,100000,2000,2000
056011,矽力中信99購01  ,0,0,0,0,0,0,0,0,0,2000,0,0,0,16000,14000,2000,2000
055326,緯穎國票97購06  ,0,0,0,0,0,0,0,0,0,2000,0,0,0,22000,20000,2000,2000
05530P,臺股指群益96售03,0,0,0,0,0,0,0,0,0,2000,0,0,0,2000,0,2000,2000
05533P,滬深2X富邦97售01,0,0,0,0,0,0,0,0,0,2000,0,0,0,2000,0,2000,2000
054845,智邦兆豐98購01  ,0,0,0,0,0,0,0,0,0,2000,0,0,0,2000,0,2000,2000
054345,世芯國票96購02  ,0,0,0,0,0,0,0,0,0,2000,0,0,0,2000,0,2000,2000
053969,瑞昱元大97購01  ,0,0,0,0,0,0,0,0,0,2000,0,0,0,3000,1000,2000,2000
05382P,電子類群益95售02,0,0,0,0,0,0,0,0,0,2000,0,0,0,2000,0,2000,2000
053891,欣興群益98購01  ,0,0,0,0,0,0,0,0,0,2000,0,0,0,2000,0,2000,2000
055693,南茂凱基97購01  ,0,0,0,0,0,0,0,0,0,2000,0,0,0,2000,0,2000,2000
056983,大立光群益99購02,0,0,0,0,0,0,0,0,0,2000,0,0,0,2000,0,2000,2000
056975,元油2X群益98購03,260000,258000,2000,0,0,0,0,0,0,0,0,0,0,0,0,0,2000
060099,宏達電元大99購09,0,0,0,0,0,0,0,0,0,2000,0,0,0,132000,130000,2000,2000
060100,新光金元大9C購01,0,0,0,0,0,0,0,0,0,2000,0,0,0,40000,38000,2000,2000
060143,台積電國票9B購03,0,0,0,0,0,0,0,0,0,2000,0,0,0,7000,5000,2000,2000
059748,聯發科台新99購03,0,0,0,0,0,0,0,0,0,2000,0,0,0,2000,0,2000,2000
059004,嘉晶元大99購05  ,0,0,0,0,0,0,0,0,0,2000,0,0,0,110000,108000,2000,2000
057949,南電國票99購01  ,0,0,0,0,0,0,0,0,0,2000,0,0,0,2000,0,2000,2000
058134,信邦元大99購01  ,0,0,0,0,0,0,0,0,0,2000,0,0,0,223000,221000,2000,2000
058121,國巨國票9A購01  ,0,0,0,0,0,0,0,0,0,2000,0,0,0,2000,0,2000,2000
058770,貿聯兆豐9A購01  ,0,0,0,0,0,0,0,0,0,2000,0,0,0,4000,2000,2000,2000
05829P,臺股指統一96售08,0,0,0,0,0,0,0,0,0,2000,0,0,0,2000,0,2000,2000
056558,台達電群益98購01,0,0,0,0,0,0,0,0,0,2000,0,0,0,185000,183000,2000,2000
056512,易華電永豐98購01,0,0,0,0,0,0,0,0,0,2000,0,0,0,17000,15000,2000,2000
057455,景碩國泰99購01  ,0,0,0,0,0,0,0,0,0,2000,0,0,0,2000,0,2000,2000
057452,新日興元富98購01,0,0,0,0,0,0,0,0,0,2000,0,0,0,2000,0,2000,2000
057472,T50正2元大9B購03,0,0,0,0,0,0,0,0,0,2000,0,0,0,2000,0,2000,2000
059700,鴻海凱基9A購16  ,0,0,0,0,0,0,0,0,0,2000,0,0,0,3000,1000,2000,2000
060012,電子類群益99購02,0,0,0,0,0,0,0,0,0,2000,0,0,0,2000,0,2000,2000
058428,大立光元富99購02,0,0,0,0,0,0,0,0,0,2000,0,0,0,2000,0,2000,2000
057561,大立光兆豐98購02,0,0,0,0,0,0,0,0,0,2000,0,0,0,2000,0,2000,2000
057558,致新凱基98購01  ,0,0,0,0,0,0,0,0,0,2000,0,0,0,40000,38000,2000,2000
059939,技嘉永豐99購01  ,0,0,0,0,0,0,0,0,0,2000,0,0,0,13000,11000,2000,2000
056735,國巨凱基99購02  ,0,0,0,0,0,0,0,0,0,2000,0,0,0,4000,2000,2000,2000
056721,台灣50永昌9A購01,0,0,0,0,0,0,0,0,0,2000,0,0,0,12000,10000,2000,2000
057041,國巨元大99購04  ,0,0,0,0,0,0,0,0,0,2000,0,0,0,2000,0,2000,2000
059727,大立光元大9A購01,0,0,0,0,0,0,0,0,0,2000,0,0,0,2000,0,2000,2000
057277,可成元大98購05  ,0,0,0,0,0,0,0,0,0,2000,0,0,0,2000,0,2000,2000
4190,佐登-KY         ,41000,37000,4000,0,0,0,0,0,0,-2000,6000,6000,0,0,2000,-2000,2000
4560,強信-KY         ,96000,94000,2000,0,0,0,0,0,0,0,0,0,0,0,0,0,2000
4566,時碩工業        ,41000,29000,12000,0,0,0,0,0,0,-10000,0,10000,-10000,0,0,0,2000
4571,鈞興-KY         ,2000,0,2000,0,0,0,0,0,0,0,0,0,0,0,0,0,2000
5907,大洋-KY         ,30000,28000,2000,0,0,0,0,0,0,0,0,0,0,0,0,0,2000
2882B,國泰金乙特      ,0,0,0,0,0,0,0,0,0,2000,25000,23000,2000,0,0,0,2000
2891C,中信金丙特      ,0,0,0,0,0,0,0,0,0,2000,2000,0,2000,0,0,0,2000
2838A,聯邦銀甲特      ,0,0,0,0,0,0,0,0,0,2000,2000,0,2000,0,0,0,2000
1413,宏洲            ,4000,2000,2000,0,0,0,0,0,0,0,0,0,0,0,0,0,2000
1307,三芳            ,0,2000,-2000,0,0,0,0,0,0,4000,4000,0,4000,0,0,0,2000
1235,興泰            ,2000,0,2000,0,0,0,0,0,0,0,0,0,0,0,0,0,2000
1101B,台泥乙特        ,0,0,0,0,0,0,0,0,0,2000,2000,0,2000,0,0,0,2000
1432,大魯閣          ,8000,6000,2000,0,0,0,0,0,0,0,0,0,0,0,0,0,2000
1528,恩德            ,31000,30000,1000,0,0,0,0,0,0,1000,1000,0,1000,0,0,0,2000
2012,春雨            ,2000,0,2000,0,0,0,0,0,0,0,0,0,0,0,0,0,2000
2002A,中鋼特          ,0,0,0,0,0,0,0,0,0,2000,2000,0,2000,0,0,0,2000
07830P,牧德凱基9A售03  ,0,0,0,0,0,0,0,0,0,2000,0,0,0,58000,56000,2000,2000
07760P,力山永豐9A售03  ,0,0,0,0,0,0,0,0,0,2000,0,0,0,5000,3000,2000,2000
07573P,國巨元大9A售11  ,0,0,0,0,0,0,0,0,0,2000,0,0,0,2000,0,2000,2000
07577P,華新科元大9A售09,0,0,0,0,0,0,0,0,0,2000,0,0,0,10000,8000,2000,2000
07512P,國巨元大9A售08  ,0,0,0,0,0,0,0,0,0,2000,0,0,0,2000,0,2000,2000
07640P,國巨群益9A售07  ,0,0,0,0,0,0,0,0,0,2000,0,0,0,2000,0,2000,2000
8462,柏文            ,58000,76000,-18000,0,0,0,0,0,0,20000,26000,0,26000,0,6000,-6000,2000
910322,康師傅-DR       ,3000,1000,2000,0,0,0,0,0,0,0,0,0,0,0,0,0,2000
062065,台灣50元大9B購14,0,0,0,0,0,0,0,0,0,1000,0,0,0,1000,0,1000,1000
062079,聯發科元大9B購06,0,0,0,0,0,0,0,0,0,1000,0,0,0,1000,0,1000,1000
062121,奇鋐台新9B購01  ,0,0,0,0,0,0,0,0,0,1000,0,0,0,1000,0,1000,1000
062224,玉晶光統一9C購03,0,0,0,0,0,0,0,0,0,1000,0,0,0,7000,6000,1000,1000
06328P,台積電中信01售02,0,0,0,0,0,0,0,0,0,1000,0,0,0,1000,0,1000,1000
06461P,玉晶光國泰9A售01,0,0,0,0,0,0,0,0,0,1000,0,0,0,10000,9000,1000,1000
06581P,南亞科凱基98售04,0,0,0,0,0,0,0,0,0,1000,0,0,0,1000,0,1000,1000
07198P,臺股指元大99售14,0,0,0,0,0,0,0,0,0,1000,0,0,0,1000,0,1000,1000
07248P,可成凱基99售06  ,0,0,0,0,0,0,0,0,0,1000,0,0,0,1000,0,1000,1000
07424P,大立光元大9B售01,0,0,0,0,0,0,0,0,0,1000,0,0,0,1000,0,1000,1000
07134P,臺股指元大9A售28,0,0,0,0,0,0,0,0,0,1000,0,0,0,2000,1000,1000,1000
07023P,南電永豐99售02  ,0,0,0,0,0,0,0,0,0,1000,0,0,0,48000,47000,1000,1000
061057,華新科國票9A購04,0,0,0,0,0,0,0,0,0,1000,0,0,0,1000,0,1000,1000
061078,台積電兆豐9A購01,0,0,0,0,0,0,0,0,0,1000,0,0,0,4000,3000,1000,1000
061103,聯發科元大9A購08,0,0,0,0,0,0,0,0,0,1000,0,0,0,1000,0,1000,1000
061015,旺宏麥證9A購03  ,0,0,0,5000,4000,1000,0,0,0,1000,0,0,0,5000,4000,1000,1000
060669,上証2X元大9A購03,0,0,0,0,0,0,0,0,0,1000,0,0,0,1000,0,1000,1000
060636,大毅永豐9A購02  ,0,0,0,0,0,0,0,0,0,1000,0,0,0,21000,20000,1000,1000
061499,嘉晶國票9A購03  ,0,0,0,0,0,0,0,0,0,1000,0,0,0,6000,5000,1000,1000
061208,聯發科元大9A購09,0,0,0,0,0,0,0,0,0,1000,0,0,0,51000,50000,1000,1000
061273,臺股指凱基9A購23,0,0,0,0,0,0,0,0,0,1000,0,0,0,10000,9000,1000,1000
061265,富邦金凱基9B購01,0,0,0,0,0,0,0,0,0,1000,0,0,0,2000,1000,1000,1000
061251,臺股指群益9A購02,0,0,0,0,0,0,0,0,0,1000,0,0,0,1000,0,1000,1000
061897,泰碩永豐9B購01  ,10000,0,10000,0,0,0,0,0,0,-9000,0,0,0,20000,29000,-9000,1000
06189P,華新科永豐97售03,0,0,0,0,0,0,0,0,0,1000,0,0,0,1000,0,1000,1000
061764,旺宏元大9B購01  ,0,0,0,0,0,0,0,0,0,1000,0,0,0,51000,50000,1000,1000
055732,全新元富9A購01  ,0,0,0,0,0,0,0,0,0,1000,0,0,0,1000,0,1000,1000
054665,華通元富97購02  ,0,0,0,0,0,0,0,0,0,1000,0,0,0,101000,100000,1000,1000
055676,亞德客凱基97購03,0,0,0,0,0,0,0,0,0,1000,0,0,0,1000,0,1000,1000
054542,台表科國票98購01,0,0,0,0,0,0,0,0,0,1000,0,0,0,1000,0,1000,1000
054749,聯茂凱基98購01  ,0,0,0,0,0,0,0,0,0,1000,0,0,0,1000,0,1000,1000
054306,聯發科凱基96購23,0,0,0,0,0,0,0,0,0,1000,0,0,0,1000,0,1000,1000
054241,深中小元大98購01,0,0,0,0,0,0,0,0,0,1000,0,0,0,41000,40000,1000,1000
054066,緯穎國票97購03  ,0,0,0,0,0,0,0,0,0,1000,0,0,0,18000,17000,1000,1000
055336,茂林兆豐98購01  ,0,0,0,0,0,0,0,0,0,1000,0,0,0,1000,0,1000,1000
055354,宏達電凱基98購01,0,0,0,0,0,0,0,0,0,1000,0,0,0,1000,0,1000,1000
055305,旺宏群益99購01  ,0,0,0,0,0,0,0,0,0,1000,0,0,0,2000,1000,1000,1000
055299,康友元大97購02  ,0,0,0,0,0,0,0,0,0,1000,0,0,0,1000,0,1000,1000
055419,國巨永豐97購03  ,0,0,0,0,0,0,0,0,0,1000,0,0,0,1000,0,1000,1000
056193,聯發科富邦99購08,0,0,0,0,0,0,0,0,0,1000,0,0,0,501000,500000,1000,1000
054964,智易元大99購01  ,0,0,0,0,0,0,0,0,0,1000,0,0,0,1000,0,1000,1000
055557,華新科凱基97購01,0,0,0,0,0,0,0,0,0,1000,0,0,0,1000,0,1000,1000
059443,嘉聯益元大9B購01,0,0,0,0,0,0,0,0,0,1000,0,0,0,30000,29000,1000,1000
059461,鈺齊永豐99購03  ,0,0,0,0,0,0,0,0,0,1000,0,0,0,1000,0,1000,1000
059299,欣興元富99購03  ,0,0,0,0,0,0,0,0,0,1000,0,0,0,2000,1000,1000,1000
059137,電子類群益99購01,0,0,0,0,0,0,0,0,0,1000,0,0,0,19000,18000,1000,1000
059179,祥碩元富99購01  ,0,0,0,0,0,0,0,0,0,1000,0,0,0,23000,22000,1000,1000
006204,永豐臺灣加權    ,0,0,0,0,0,0,0,0,0,1000,0,0,0,71000,70000,1000,1000
05102P,臺股指凱基96售09,0,0,0,0,0,0,0,0,0,1000,0,0,0,2000,1000,1000,1000
051101,台表科元大96購02,0,0,0,0,0,0,0,0,0,1000,0,0,0,1000,0,1000,1000
050890,南電富邦99購01  ,0,0,0,0,0,0,0,0,0,1000,0,0,0,2000,1000,1000,1000
04293P,滬深2X元大96售02,0,0,0,0,0,0,0,0,0,1000,0,0,0,1000,0,1000,1000
053092,台表科元大97購02,0,0,0,0,0,0,0,0,0,1000,0,0,0,103000,102000,1000,1000
053124,聯發科凱基96購12,0,0,0,0,0,0,0,0,0,1000,0,0,0,11000,10000,1000,1000
053129,緯穎凱基96購01  ,0,0,0,0,0,0,0,0,0,1000,0,0,0,11000,10000,1000,1000
052514,嘉澤凱基96購01  ,0,0,0,0,0,0,0,0,0,1000,0,0,0,2000,1000,1000,1000
05318P,臺股指永昌95售03,0,0,0,0,0,0,0,0,0,1000,0,20000,-20000,21000,0,21000,1000
053349,台郡國票97購02  ,0,0,0,0,0,0,0,0,0,1000,0,0,0,1000,0,1000,1000
05630P,大立光永昌96售06,0,0,0,0,0,0,0,0,0,1000,0,0,0,1000,0,1000,1000
056299,友達元大9B購04  ,0,0,0,0,0,0,0,0,0,1000,0,0,0,1000,0,1000,1000
056263,友訊統一99購01  ,0,0,0,0,0,0,0,0,0,1000,0,0,0,1000,0,1000,1000
055591,全新元大98購01  ,0,0,0,0,0,0,0,0,0,1000,0,0,0,1000,0,1000,1000
053702,智易兆豐97購02  ,0,0,0,0,0,0,0,0,0,1000,0,0,0,10000,9000,1000,1000
053693,欣興元大96購05  ,0,0,0,0,0,0,0,0,0,1000,0,0,0,1000,0,1000,1000
054442,啟碁台新96購01  ,0,0,0,0,0,0,0,0,0,1000,0,0,0,1000,0,1000,1000
054484,仁寶台新96購01  ,0,0,0,0,0,0,0,0,0,1000,0,0,0,1000,0,1000,1000
054390,智邦元富96購03  ,0,0,0,0,0,0,0,0,0,1000,0,0,0,1000,0,1000,1000
052764,景碩群益98購01  ,0,0,0,0,0,0,0,0,0,1000,0,0,0,16000,15000,1000,1000
052766,玉晶光群益9A購01,0,0,0,0,0,0,0,0,0,1000,0,0,0,1000,0,1000,1000
052565,上銀凱基96購01  ,0,0,0,0,0,0,0,0,0,1000,0,0,0,1000,0,1000,1000
052677,景碩富邦97購01  ,0,0,0,0,0,0,0,0,0,1000,0,0,0,1000,0,1000,1000
051695,元金2X中信98購01,0,0,0,0,0,0,0,0,0,1000,0,0,0,1000,0,1000,1000
051638,聯茂國票96購01  ,0,0,0,0,0,0,0,0,0,1000,0,0,0,1000,0,1000,1000
057194,南電元大98購01  ,0,0,0,0,0,0,0,0,0,1000,0,0,0,1000,0,1000,1000
057634,道瓊反元大99購01,0,0,0,0,0,0,0,0,0,1000,0,0,0,42000,41000,1000,1000
057167,台積電元大99購03,0,0,0,0,0,0,0,0,0,1000,0,0,0,1000,0,1000,1000
056769,國產元大98購01  ,0,0,0,0,0,0,0,0,0,1000,0,0,0,69000,68000,1000,1000
059861,聯發科群益9A購01,0,0,0,0,0,0,0,0,0,1000,0,0,0,11000,10000,1000,1000
059886,可成國票99購04  ,0,0,0,0,0,0,0,0,0,1000,0,0,0,2000,1000,1000,1000
057508,康控國票99購03  ,0,0,0,0,0,0,0,0,0,1000,0,0,0,121000,120000,1000,1000
059698,滬深2X凱基9A購02,0,0,0,0,0,0,0,0,0,1000,0,0,0,1000,0,1000,1000
059789,貿聯元大9A購02  ,0,0,0,0,0,0,0,0,0,1000,0,0,0,3000,2000,1000,1000
057466,泰鼎永豐98購01  ,0,0,0,0,0,0,0,0,0,1000,0,0,0,1000,0,1000,1000
057459,臺股指富邦99購03,0,0,0,0,0,0,0,0,0,1000,0,0,0,1000,0,1000,1000
056523,光寶科中信98購01,0,0,0,0,0,0,0,0,0,1000,0,0,0,1000,0,1000,1000
059714,A50正2元大9C購01,0,0,0,0,0,0,0,0,0,1000,0,0,0,1000,0,1000,1000
059639,大立光凱基9A購06,0,0,0,0,0,0,0,0,0,1000,0,0,0,1000,0,1000,1000
058355,旺宏凱基99購04  ,0,0,0,0,0,0,0,0,0,1000,0,0,0,2000,1000,1000,1000
058102,楠梓電永豐98購04,0,0,0,0,0,0,0,0,0,1000,0,0,0,1000,0,1000,1000
05787P,臺股指永昌96售04,0,0,0,0,0,0,0,0,0,1000,0,0,0,1000,0,1000,1000
058231,技嘉元大99購02  ,0,0,0,0,0,0,0,0,0,1000,0,0,0,80000,79000,1000,1000
059011,臺股指元大9A購30,0,0,0,0,0,0,0,0,0,1000,0,0,0,1000,0,1000,1000
056839,台光電元富98購02,0,0,0,0,0,0,0,0,0,1000,0,0,0,90000,89000,1000,1000
05686P,臺股指元大96售11,0,0,0,0,0,0,0,0,0,1000,0,0,0,1000,0,1000,1000
056880,緯穎國票98購02  ,0,0,0,0,0,0,0,0,0,1000,0,0,0,1000,0,1000,1000
059762,禾伸堂永豐99購02,0,0,0,0,0,0,0,0,0,1000,0,0,0,10000,9000,1000,1000
060092,瑞昱元大99購03  ,0,0,0,0,0,0,0,0,0,1000,0,0,0,52000,51000,1000,1000
058702,國巨元大99購16  ,0,0,0,0,0,0,0,0,0,1000,0,0,0,2000,1000,1000,1000
06003P,亞光康和96售02  ,0,0,0,0,0,0,0,0,0,1000,0,0,0,1000,0,1000,1000
058729,國巨永豐99購03  ,0,0,0,0,0,0,0,0,0,1000,0,0,0,1000,0,1000,1000
057794,T50反1兆豐99購02,0,0,0,0,0,0,0,0,0,1000,0,0,0,1000,0,1000,1000
057745,泰鼎永豐99購01  ,0,0,0,0,0,0,0,0,0,1000,0,0,0,1000,0,1000,1000
059645,祥碩凱基99購05  ,0,0,0,0,0,0,0,0,0,1000,0,0,0,1000,0,1000,1000
060219,聯發科凱基9A購09,0,0,0,0,0,0,0,0,0,1000,0,0,0,2000,1000,1000,1000
060329,鎧勝群益9B購01  ,0,0,0,0,0,0,0,0,0,1000,0,0,0,1000,0,1000,1000
060460,鴻海元大9A購08  ,0,0,0,0,0,0,0,0,0,1000,0,0,0,1000,0,1000,1000
060502,國巨元大9A購07  ,0,0,0,0,0,0,0,0,0,1000,0,0,0,2000,1000,1000,1000
060368,緯穎元富9A購03  ,0,0,0,0,0,0,0,0,0,1000,0,0,0,1000,0,1000,1000
910861,神州-DR         ,1000,0,1000,0,0,0,0,0,0,0,0,0,0,0,0,0,1000
9941A,裕融甲特        ,0,0,0,0,0,0,0,0,0,1000,1000,0,1000,0,0,0,1000
6674,鋐寶科技        ,2000,2000,0,0,0,0,0,0,0,1000,1000,0,1000,0,0,0,1000
07580P,緯穎元大9A售03  ,0,0,0,0,0,0,0,0,0,1000,0,0,0,15000,14000,1000,1000
07713P,台郡元大9A售03  ,0,0,0,0,0,0,0,0,0,1000,0,0,0,30000,29000,1000,1000
1724,台硝            ,0,0,0,0,0,0,0,0,0,1000,1000,0,1000,0,0,0,1000
07891P,臺股指國票9B售01,0,0,0,0,0,0,0,0,0,1000,0,0,0,1000,0,1000,1000
2881B,富邦金乙特      ,0,0,0,0,0,0,0,0,0,1000,1000,0,1000,0,0,0,1000
2891B,中信金乙特      ,0,0,0,0,0,0,0,0,0,1000,1000,0,1000,0,0,0,1000
2486,一詮            ,31000,37000,-6000,0,0,0,0,0,0,7000,7000,0,7000,0,0,0,1000
6201,亞弘電          ,0,1000,-1000,0,0,0,0,0,0,2000,2000,0,2000,0,0,0,1000
4562,穎漢            ,0,0,0,0,0,0,0,0,0,1000,1000,0,1000,0,0,0,1000
3032,偉訓            ,44000,49000,-5000,0,0,0,0,0,0,6000,6000,0,6000,0,0,0,1000
3028,增你強          ,15000,16000,-1000,0,0,0,0,0,0,2000,2000,0,2000,0,0,0,1000
3308,聯德            ,1000,0,1000,0,0,0,0,0,0,0,0,0,0,0,0,0,1000
061747,南亞科統一01購01,0,0,0,0,0,0,0,0,0,0,0,0,0,30000,30000,0,0
061726,台積電麥證9A購05,0,0,0,50000,50000,0,0,0,0,0,0,0,0,50000,50000,0,0
06178P,大立光第一99售01,0,0,0,0,0,0,0,0,0,0,0,0,0,30000,30000,0,0
061813,鴻海群益9B購02  ,0,0,0,0,0,0,0,0,0,0,0,0,0,15000,15000,0,0
061871,瑞昱元大9B購01  ,0,0,0,0,0,0,0,0,0,0,0,0,0,2000,2000,0,0
061843,億豐凱基9C購01  ,0,0,0,0,0,0,0,0,0,0,0,0,0,24000,24000,0,0
061662,瑞儀永豐9A購02  ,0,0,0,0,0,0,0,0,0,0,0,0,0,128000,128000,0,0
061719,緯穎凱基9A購06  ,0,0,0,0,0,0,0,0,0,0,0,0,0,11000,11000,0,0
06156P,大立光統一97售05,0,0,0,0,0,0,0,0,0,0,0,0,0,20000,20000,0,0
061560,友達國票9B購01  ,0,0,0,0,0,0,0,0,0,0,0,0,0,40000,40000,0,0
061546,大立光群益9A購05,0,0,0,0,0,0,0,0,0,0,0,0,0,4000,4000,0,0
061626,超眾群益9A購02  ,0,0,0,0,0,0,0,0,0,0,0,0,0,24000,24000,0,0
061235,台積電元大9A購23,0,0,0,0,0,0,0,0,0,0,0,0,0,1000,1000,0,0
061250,臺股指群益9A購01,0,0,0,0,0,0,0,0,0,0,0,0,0,2000,2000,0,0
061191,可成永豐9A購02  ,0,0,0,0,0,0,0,0,0,0,0,0,0,2000,2000,0,0
061319,聯發科凱基9A購16,0,0,0,0,0,0,0,0,0,0,0,0,0,5000,5000,0,0
061335,國巨元大9A購19  ,0,0,0,0,0,0,0,0,0,0,0,0,0,50000,50000,0,0
061337,台積電元大9A購27,0,0,0,0,0,0,0,0,0,0,0,0,0,50000,50000,0,0
061316,台積電凱基9A購24,0,0,0,0,0,0,0,0,0,0,0,0,0,1000,1000,0,0
061352,茂林元大9A購04  ,0,0,0,0,0,0,0,0,0,0,0,0,0,50000,50000,0,0
061364,國巨國票9A購09  ,0,0,0,0,0,0,0,0,0,0,0,0,0,2000,2000,0,0
061365,國巨國票9B購05  ,0,0,0,0,0,0,0,0,0,0,0,0,0,2000,2000,0,0
06148P,台積電元大97售17,0,0,0,0,0,0,0,0,0,0,0,0,0,1000,1000,0,0
060632,可成富邦9B購01  ,0,0,0,0,0,0,0,0,0,0,0,0,0,3000,3000,0,0
060595,台灣50凱基04購04,0,0,0,0,0,0,0,0,0,0,0,0,0,80000,80000,0,0
060658,台灣50凱基01購04,0,0,0,0,0,0,0,0,0,0,0,0,0,2000,2000,0,0
060653,全新群益9A購02  ,0,0,0,0,0,0,0,0,0,0,0,0,0,10000,10000,0,0
060559,世紀鋼凱基9C購01,0,0,0,0,0,0,0,0,0,0,0,0,0,1000,1000,0,0
060822,華通元大9A購05  ,0,0,0,0,0,0,0,0,0,0,0,0,0,1000,1000,0,0
060721,瑞儀永豐9A購01  ,0,0,0,0,0,0,0,0,0,0,0,0,0,127000,127000,0,0
060697,鴻海國泰9C購01  ,0,0,0,0,0,0,0,0,0,0,0,0,0,17000,17000,0,0
060759,南亞科元大9A購03,0,0,0,0,0,0,0,0,0,0,0,0,0,68000,68000,0,0
060881,玉山金中信02購01,0,0,0,0,0,0,0,0,0,0,0,0,0,4000,4000,0,0
061062,和大凱基9A購02  ,0,0,0,0,0,0,0,0,0,0,0,0,0,20000,20000,0,0
061132,志超永豐9A購01  ,0,0,0,0,0,0,0,0,0,0,0,0,0,71000,71000,0,0
07004P,大立光兆豐9A售01,0,0,0,0,0,0,0,0,0,0,0,0,0,20000,20000,0,0
07057P,大立光康和9B售02,0,0,0,0,0,0,0,0,0,0,0,0,0,10000,10000,0,0
06988P,鴻海元富99售09  ,0,0,0,0,0,0,0,0,0,0,0,0,0,3000,3000,0,0
06939P,國巨永豐98售09  ,0,0,0,0,0,0,0,0,0,0,0,0,0,72000,72000,0,0
06930P,台積電元大98售19,0,0,0,0,0,0,0,0,0,0,0,0,0,110000,110000,0,0
07062P,台積電元大99售15,0,0,0,0,0,0,0,0,0,0,0,0,0,10000,10000,0,0
07442P,華航康和9A售02  ,0,0,0,0,0,0,0,0,0,0,0,0,0,70000,70000,0,0
07388P,臺股指群益9C售07,0,0,0,0,0,0,0,0,0,0,0,0,0,3000,3000,0,0
07378P,大立光元大99售29,0,0,0,0,0,0,0,0,0,0,0,0,0,100000,100000,0,0
07356P,臺股指國票99售24,0,0,0,0,0,0,0,0,0,0,0,0,0,5000,5000,0,0
07327P,台灣50群益9A售06,0,0,0,0,0,0,0,0,0,0,0,0,0,10000,10000,0,0
07259P,滬深2X國票01售01,0,0,0,0,0,0,0,0,0,0,0,0,0,15000,15000,0,0
06564P,國巨富邦9A售04  ,0,0,0,0,0,0,0,0,0,0,0,0,0,127000,127000,0,0
06655P,TPK元大98售02   ,0,0,0,0,0,0,0,0,0,0,0,0,0,35000,35000,0,0
06652P,長榮航元大98售01,0,0,0,0,0,0,0,0,0,0,0,0,0,10000,10000,0,0
06637P,大立光凱基98售15,0,0,0,0,0,0,0,0,0,0,0,0,0,10000,10000,0,0
06437P,玉晶光國票99售01,0,0,0,0,0,0,0,0,0,0,0,0,0,4000,4000,0,0
06480P,上銀凱基98售04  ,0,0,0,0,0,0,0,0,0,0,0,0,0,5000,5000,0,0
06492P,上銀永豐98售01  ,0,0,0,0,0,0,0,0,0,0,0,0,0,20000,20000,0,0
06732P,台灣50日盛9A售01,0,0,0,0,0,0,0,0,0,0,0,0,0,100000,100000,0,0
06765P,欣興元大98售11  ,0,0,0,0,0,0,0,0,0,0,0,0,0,40000,40000,0,0
06873P,嘉晶元富98售02  ,0,0,0,0,0,0,0,0,0,0,0,0,0,75000,75000,0,0
06308P,國巨元富97售06  ,0,0,0,0,0,0,0,0,0,0,0,0,0,10000,10000,0,0
062634,玉晶光國票9B購03,0,0,0,0,0,0,0,0,0,0,0,0,0,1000,1000,0,0
062643,緯穎國票9B購01  ,0,0,0,0,0,0,0,0,0,0,0,0,0,2000,2000,0,0
062600,可成台新9B購01  ,0,0,0,0,0,0,0,0,0,0,0,0,0,2000,2000,0,0
062478,牧德國票9B購03  ,0,0,0,0,0,0,0,0,0,0,0,0,0,3000,3000,0,0
062470,智邦凱基9C購01  ,0,0,0,0,0,0,0,0,0,0,0,0,0,11000,11000,0,0
062562,瑞儀凱基9B購02  ,0,0,0,0,0,0,0,0,0,0,0,0,0,80000,80000,0,0
06255P,臺股指群益97售08,1000,0,1000,0,0,0,0,0,0,-1000,0,0,0,0,1000,-1000,0
062513,玉晶光國票9C購01,0,0,0,0,0,0,0,0,0,0,0,0,0,10000,10000,0,0
062521,玉晶光元大9C購05,0,0,0,0,0,0,0,0,0,0,0,0,0,4000,4000,0,0
062289,緯穎群益9B購01  ,0,0,0,0,0,0,0,0,0,0,0,0,0,15000,15000,0,0
062330,可成統一9B購03  ,0,0,0,0,0,0,0,0,0,0,0,0,0,25000,25000,0,0
06234P,亞德客元大97售02,0,0,0,0,0,0,0,0,0,0,0,0,0,20000,20000,0,0
062356,國巨元大9B購10  ,0,0,0,0,0,0,0,0,0,0,0,0,0,10000,10000,0,0
062364,瑞昱元大9B購04  ,0,0,0,0,0,0,0,0,0,0,0,0,0,1000,1000,0,0
062422,億光統一01購01  ,0,0,0,0,0,0,0,0,0,0,0,0,0,25000,25000,0,0
062419,台積電統一9B購15,0,0,0,0,0,0,0,0,0,0,0,0,0,2000,2000,0,0
062455,鴻海群益9C購01  ,0,0,0,0,0,0,0,0,0,0,0,0,0,5000,5000,0,0
062391,台達電富邦9C購01,0,0,0,0,0,0,0,0,0,0,0,0,0,30000,30000,0,0
06237P,台積電元大97售26,0,0,0,0,0,0,0,0,0,0,0,0,0,20000,20000,0,0
062264,南六元大9B購02  ,0,0,0,0,0,0,0,0,0,0,0,0,0,90000,90000,0,0
062259,可成元大9B購03  ,0,0,0,0,0,0,0,0,0,0,0,0,0,14000,14000,0,0
062104,上証2X國票9B購03,0,0,0,0,0,0,0,0,0,0,0,0,0,220000,220000,0,0
062149,牧德國票9B購01  ,0,0,0,0,0,0,0,0,0,0,0,0,0,6000,6000,0,0
062027,國泰金群益9B購01,0,0,0,0,0,0,0,0,0,0,0,0,0,98000,98000,0,0
061996,矽格元大9B購01  ,0,0,0,0,0,0,0,0,0,0,0,0,0,68000,68000,0,0
061999,臺股指元大9B購23,0,0,0,0,0,0,0,0,0,0,0,0,0,13000,13000,0,0
061962,台積電統一01購03,0,0,0,0,0,0,0,0,0,0,0,0,0,1000,1000,0,0
061964,台積電統一01購05,0,0,0,0,0,0,0,0,0,0,0,0,0,2000,2000,0,0
051667,光磊元大96購02  ,0,0,0,0,0,0,0,0,0,0,0,0,0,50000,50000,0,0
051673,玉晶光元大96購04,0,0,0,0,0,0,0,0,0,0,0,0,0,10000,10000,0,0
051838,國巨國泰97購01  ,0,0,0,0,0,0,0,0,0,0,0,0,0,80000,80000,0,0
052897,緯創群益96購03  ,0,0,0,0,0,0,0,0,0,0,0,0,0,64000,64000,0,0
052845,旺宏統一97購01  ,0,0,0,0,0,0,0,0,0,0,0,0,0,10000,10000,0,0
052848,聯發科統一96購03,0,0,0,0,0,0,0,0,0,0,0,0,0,160000,160000,0,0
052874,超眾凱基96購01  ,0,0,0,0,0,0,0,0,0,0,0,0,0,10000,10000,0,0
052662,華新科國票97購01,0,0,0,0,0,0,0,0,0,0,0,0,0,200000,200000,0,0
052671,祥碩群益96購01  ,0,0,0,0,0,0,0,0,0,0,0,0,0,3000,3000,0,0
052644,聯發科永豐96購01,0,0,0,0,0,0,0,0,0,0,0,0,0,63000,63000,0,0
052561,矽創國票97購01  ,0,0,0,0,0,0,0,0,0,0,0,0,0,38000,38000,0,0
052606,聯發科元大97購04,0,0,0,0,0,0,0,0,0,0,0,0,0,90000,90000,0,0
052791,友達兆豐97購01  ,0,0,0,0,0,0,0,0,0,0,0,0,0,10000,10000,0,0
052733,台郡國泰97購01  ,0,0,0,0,0,0,0,0,0,0,0,0,0,15000,15000,0,0
052130,國巨凱基9B購01  ,0,0,0,0,0,0,0,0,0,0,0,0,0,20000,20000,0,0
052072,健策統一95購02  ,0,0,0,0,0,0,0,0,0,0,0,0,0,2000,2000,0,0
053475,華新科元大96購05,0,0,0,0,0,0,0,0,0,0,0,0,0,100000,100000,0,0
053461,台郡永昌99購01  ,0,0,0,0,0,0,0,0,0,0,0,0,0,10000,10000,0,0
053451,致新凱基96購02  ,0,0,0,0,0,0,0,0,0,0,0,0,0,50000,50000,0,0
053529,國巨麥證96購01  ,0,0,0,5000,0,5000,0,0,0,0,0,0,0,5000,5000,0,0
053510,聯電群益97購01  ,0,0,0,0,0,0,0,0,0,0,0,0,0,10000,10000,0,0
051973,華新科凱基96購04,0,0,0,0,0,0,0,0,0,0,0,0,0,40000,40000,0,0
051944,智邦統一95購02  ,0,0,0,0,0,0,0,0,0,0,0,0,0,10000,10000,0,0
052025,國巨群益96購01  ,0,0,0,0,0,0,0,0,0,0,0,0,0,1000,1000,0,0
053021,國巨國泰97購04  ,0,0,0,0,0,0,0,0,0,0,0,0,0,31000,31000,0,0
053012,國巨統一96購03  ,0,0,0,0,0,0,0,0,0,0,0,0,0,67000,67000,0,0
053745,康友國票97購01  ,0,0,0,0,0,0,0,0,0,0,0,0,0,50000,50000,0,0
054437,欣興台新97購02  ,0,0,0,0,0,0,0,0,0,0,0,0,0,80000,80000,0,0
054403,同欣電永豐96購02,0,0,0,0,0,0,0,0,0,0,0,0,0,63000,63000,0,0
054458,復盛群益96購01  ,0,0,0,0,0,0,0,0,0,0,0,0,0,98000,98000,0,0
055568,緯穎凱基97購02  ,0,0,0,0,0,0,0,0,0,0,0,0,0,60000,60000,0,0
053723,奇鋐凱基98購01  ,0,0,0,0,0,0,0,0,0,0,0,0,0,20000,20000,0,0
053637,強茂永豐96購01  ,0,0,0,0,0,0,0,0,0,0,0,0,0,1000,1000,0,0
053602,台虹元大96購01  ,0,0,0,0,0,0,0,0,0,0,0,0,0,50000,50000,0,0
053580,國巨元大96購10  ,0,0,0,0,0,0,0,0,0,0,0,0,0,70000,70000,0,0
053548,旺宏凱基96購04  ,0,0,0,0,0,0,0,0,0,0,0,0,0,37000,37000,0,0
055583,國巨元大97購10  ,0,0,0,0,0,0,0,0,0,0,0,0,0,2000,2000,0,0
055609,旺宏國票99購01  ,0,0,0,0,0,0,0,0,0,0,0,0,0,50000,50000,0,0
055640,鴻海元富97購03  ,0,0,0,0,0,0,0,0,0,0,0,0,0,1917000,1917000,0,0
056261,台積電統一97購07,0,0,0,0,0,0,0,0,0,0,0,0,0,250000,250000,0,0
056307,貿聯元大97購05  ,0,0,0,0,0,0,0,0,0,0,0,0,0,68000,68000,0,0
056298,億光元大97購02  ,0,0,0,0,0,0,0,0,0,0,0,0,0,68000,68000,0,0
056366,玉晶光元大99購04,0,0,0,0,0,0,0,0,0,0,0,0,0,47000,47000,0,0
056039,宏達電凱基97購02,0,0,0,0,0,0,0,0,0,0,0,0,0,100000,100000,0,0
056385,創意國泰99購01  ,0,0,0,0,0,0,0,0,0,0,0,0,0,18000,18000,0,0
056379,玉晶光元富98購01,0,0,0,0,0,0,0,0,0,0,0,0,0,10000,10000,0,0
053356,聯發科統一96購07,0,0,0,0,0,0,0,0,0,0,0,0,0,130000,130000,0,0
053370,上証2X元大97購03,0,0,0,0,0,0,0,0,0,0,0,0,0,110000,110000,0,0
053313,世紀鋼凱基96購01,0,0,0,0,0,0,0,0,0,0,0,0,0,10000,10000,0,0
053250,百和國票97購02  ,0,0,0,0,0,0,0,0,0,0,0,0,0,38000,38000,0,0
05331P,上証2X國票96售01,0,0,0,0,0,0,0,0,0,0,0,0,0,1000,1000,0,0
053320,華新科群益97購01,0,0,0,0,0,0,0,0,0,0,0,0,0,2000,2000,0,0
053209,台積電凱基96購07,0,0,0,0,0,0,0,0,0,0,0,0,0,10000,10000,0,0
053199,旺宏日盛96購01  ,0,0,0,0,0,0,0,0,0,0,0,0,0,43000,43000,0,0
051486,玉晶光凱基97購03,0,0,0,0,0,0,0,0,0,0,0,0,0,20000,20000,0,0
053243,楠梓電國票97購02,0,0,0,0,0,0,0,0,0,0,0,0,0,38000,38000,0,0
052452,茂林元大95購03  ,0,0,0,0,0,0,0,0,0,0,0,0,0,100000,100000,0,0
052367,聯茂國票96購02  ,0,0,0,0,0,0,0,0,0,0,0,0,0,15000,15000,0,0
052387,台積電群益95購08,0,0,0,0,0,0,0,0,0,0,0,0,0,10000,10000,0,0
052409,國巨亞東95購01  ,0,0,0,0,0,0,0,0,0,0,0,0,0,110000,110000,0,0
052218,大立光日盛95購01,0,0,0,0,0,0,0,0,0,0,0,0,0,10000,10000,0,0
053407,台積電兆豐96購02,0,0,0,0,0,0,0,0,0,0,0,0,0,100000,100000,0,0
05316P,台積電永昌96售06,0,0,0,0,0,0,0,0,0,0,0,0,0,9000,9000,0,0
053170,茂林群益96購04  ,0,0,0,0,0,0,0,0,0,0,0,0,0,10000,10000,0,0
04327P,台積電國泰95售01,0,0,0,0,0,0,0,0,0,0,0,0,0,77000,77000,0,0
046384,群創凱基98購02  ,0,0,0,0,0,0,0,0,0,0,0,0,0,60000,60000,0,0
042793,台積電台新9C購01,0,0,0,0,0,0,0,0,0,0,0,0,0,3000,3000,0,0
044247,道瓊反元富97購01,0,0,0,0,0,0,0,0,0,0,0,0,0,1000,1000,0,0
049552,鴻海國泰96購01  ,0,0,0,0,0,0,0,0,0,0,0,0,0,1180000,1180000,0,0
04865P,台積電亞東95售01,0,0,0,0,0,0,0,0,0,0,0,0,0,1130000,1130000,0,0
050100,台積電永昌96購02,0,0,0,0,0,0,0,0,0,0,0,0,0,49000,49000,0,0
050774,健策元大96購02  ,0,0,0,0,0,0,0,0,0,0,0,0,0,50000,50000,0,0
050333,鴻海國泰96購06  ,0,0,0,0,0,0,0,0,0,0,0,0,0,340000,340000,0,0
050334,鴻海國泰96購07  ,0,0,0,0,0,0,0,0,0,0,0,0,0,630000,630000,0,0
050515,聯電元大96購01  ,0,0,0,0,0,0,0,0,0,0,0,0,0,10000,10000,0,0
050530,台表科元大95購04,0,0,0,0,0,0,0,0,0,0,0,0,0,30000,30000,0,0
050984,大立光國泰97購01,0,0,0,0,0,0,0,0,0,0,0,0,0,29000,29000,0,0
048001,中工元大96購01  ,0,0,0,0,0,0,0,0,0,0,0,0,0,18000,18000,0,0
047675,群創元富96購03  ,0,0,0,0,0,0,0,0,0,0,0,0,0,70000,70000,0,0
051424,緯穎國票97購01  ,0,0,0,0,0,0,0,0,0,0,0,0,0,10000,10000,0,0
051415,晶技國票96購01  ,0,0,0,0,0,0,0,0,0,0,0,0,0,2000,2000,0,0
051416,創意國票96購02  ,0,0,0,0,0,0,0,0,0,0,0,0,0,20000,20000,0,0
00625K,富邦上証+R      ,0,0,0,0,0,0,0,0,0,0,0,0,0,50000,50000,0,0
0052,富邦科技        ,0,0,0,0,0,0,0,0,0,0,0,0,0,107000,107000,0,0
006203,元大MSCI台灣    ,0,0,0,0,0,0,0,0,0,0,0,0,0,1000,1000,0,0
0057,富邦摩台        ,0,0,0,0,0,0,0,0,0,0,0,0,0,21000,21000,0,0
00636K,國泰中國A50+U   ,0,0,0,0,0,0,0,0,0,0,0,0,0,100,100,0,0
00689R,國泰20年美債反1 ,0,0,0,0,0,0,0,0,0,0,0,0,0,100000,100000,0,0
00657K,國泰日經225+U   ,0,0,0,0,0,0,0,0,0,0,0,0,0,100,100,0,0
00668K,國泰美國道瓊+U  ,0,0,0,0,0,0,0,0,0,0,0,0,0,100,100,0,0
00732,國泰RMB短期報酬 ,0,0,0,0,0,0,0,0,0,0,0,0,0,100000,100000,0,0
00711B,FH彭博新興債    ,0,0,0,0,0,0,0,0,0,0,0,0,0,120000,120000,0,0
00706L,元大S&P日圓正2  ,0,0,0,0,0,0,0,0,0,0,0,0,0,1000,1000,0,0
00707R,元大S&P日圓反1  ,0,0,0,0,0,0,0,0,0,0,0,0,0,1000,1000,0,0
00774B,新光中國政金綠債,0,0,0,0,0,0,0,0,0,0,0,0,0,2000,2000,0,0
00775B,新光投等債15+   ,0,0,0,0,0,0,0,0,0,0,0,0,0,2000,2000,0,0
05921P,同欣電元大96售06,0,0,0,0,0,0,0,0,0,0,0,0,0,60000,60000,0,0
059131,國巨群益99購07  ,0,0,0,0,0,0,0,0,0,0,0,0,0,1000,1000,0,0
058283,世紀鋼中信99購01,0,0,0,0,0,0,0,0,0,0,0,0,0,20000,20000,0,0
05618P,聯發科元富96售02,0,0,0,0,0,0,0,0,0,0,0,0,0,20000,20000,0,0
056202,國揚永豐97購01  ,0,0,0,0,0,0,0,0,0,0,0,0,0,437000,437000,0,0
059163,台積電凱基99購10,0,0,0,0,0,0,0,0,0,0,0,0,0,1000,1000,0,0
059164,旺宏凱基99購06  ,0,0,0,0,0,0,0,0,0,0,0,0,0,24000,24000,0,0
059315,鴻海元大99購30  ,0,0,0,0,0,0,0,0,0,0,0,0,0,13000,13000,0,0
059323,新日興元大99購02,0,0,0,0,0,0,0,0,0,0,0,0,0,30000,30000,0,0
059352,台灣50富邦01購01,0,0,0,0,0,0,0,0,0,0,0,0,0,6000,6000,0,0
059252,聯詠凱基99購03  ,0,0,0,0,0,0,0,0,0,0,0,0,0,5000,5000,0,0
059268,鎧勝中信01購01  ,0,0,0,0,0,0,0,0,0,0,0,0,0,10000,10000,0,0
059387,華通凱基9A購03  ,0,0,0,0,0,0,0,0,0,0,0,0,0,1000,1000,0,0
059538,健策凱基99購03  ,0,0,0,0,0,0,0,0,0,0,0,0,0,7000,7000,0,0
059507,鴻海永豐99購03  ,0,0,0,0,0,0,0,0,0,0,0,0,0,28000,28000,0,0
059493,國巨國票9B購01  ,0,0,0,0,0,0,0,0,0,0,0,0,0,5000,5000,0,0
059555,台灣50凱基9A購06,0,0,0,0,0,0,0,0,0,0,0,0,0,2000,2000,0,0
056194,聯發科富邦9B購01,0,0,0,0,0,0,0,0,0,0,0,0,0,1500000,1500000,0,0
056171,鴻海元富97購10  ,0,0,0,0,0,0,0,0,0,0,0,0,0,10000,10000,0,0
05617P,大立光統一97售02,0,0,0,0,0,0,0,0,0,0,0,0,0,10000,10000,0,0
056145,緯穎元大98購03  ,0,0,0,0,0,0,0,0,0,0,0,0,0,60000,60000,0,0
056165,矽力凱基98購02  ,0,0,0,0,0,0,0,0,0,0,0,0,0,20000,20000,0,0
056147,鴻海日盛97購05  ,0,0,0,0,0,0,0,0,0,0,0,0,0,10000,10000,0,0
05598P,國巨元富96售03  ,0,0,0,0,0,0,0,0,0,0,0,0,0,80000,80000,0,0
056018,旺宏群益97購02  ,0,0,0,0,0,0,0,0,0,0,0,0,0,10000,10000,0,0
055448,健策統一97購02  ,0,0,0,0,0,0,0,0,0,0,0,0,0,716000,716000,0,0
055519,茂林中信99購01  ,0,0,0,0,0,0,0,0,0,0,0,0,0,20000,20000,0,0
055511,大立光兆豐97購02,0,0,0,0,0,0,0,0,0,0,0,0,0,5000,5000,0,0
055513,旺宏亞東98購01  ,0,0,0,0,0,0,0,0,0,0,0,0,0,209000,209000,0,0
055359,超眾凱基97購01  ,0,0,0,0,0,0,0,0,0,0,0,0,0,25000,25000,0,0
054070,創意國泰96購02  ,0,0,0,0,0,0,0,0,0,0,0,0,0,20000,20000,0,0
054104,T50反1凱基9A購02,0,0,0,0,0,0,0,0,0,0,0,0,0,2000,2000,0,0
054137,聯詠元大97購02  ,0,0,0,0,0,0,0,0,0,0,0,0,0,5000,5000,0,0
054280,牧德群益98購01  ,0,0,0,0,0,0,0,0,0,0,0,0,0,10000,10000,0,0
054258,牧德元大97購01  ,0,0,0,0,0,0,0,0,0,0,0,0,0,16000,16000,0,0
054847,創意兆豐97購01  ,0,0,0,0,0,0,0,0,0,0,0,0,0,60000,60000,0,0
055837,致茂元大97購02  ,0,0,0,0,0,0,0,0,0,0,0,0,0,68000,68000,0,0
054908,群電康和97購01  ,0,0,0,0,0,0,0,0,0,0,0,0,0,94000,94000,0,0
05516P,台積電元大96售12,0,0,0,0,0,0,0,0,0,0,0,0,0,700000,700000,0,0
055170,光磊統一97購01  ,0,0,0,0,0,0,0,0,0,0,0,0,0,48000,48000,0,0
055122,國巨兆豐98購01  ,0,0,0,0,0,0,0,0,0,0,0,0,0,64000,64000,0,0
055183,聯鈞統一97購01  ,0,0,0,0,0,0,0,0,0,0,0,0,0,32000,32000,0,0
055125,智原兆豐97購01  ,0,0,0,0,0,0,0,0,0,0,0,0,0,200000,200000,0,0
055892,國巨統一99購01  ,0,0,0,0,0,0,0,0,0,0,0,0,0,30000,30000,0,0
054759,台化國票98購01  ,0,0,0,0,0,0,0,0,0,0,0,0,0,40000,40000,0,0
054768,泰碩國票99購02  ,0,0,0,0,0,0,0,0,0,0,0,0,0,10000,10000,0,0
054725,國巨日盛97購01  ,0,0,0,0,0,0,0,0,0,0,0,0,0,10000,10000,0,0
055775,友達凱基9A購01  ,0,0,0,0,0,0,0,0,0,0,0,0,0,5000,5000,0,0
055777,冠德凱基97購01  ,0,0,0,0,0,0,0,0,0,0,0,0,0,50000,50000,0,0
055758,旺宏群益97購01  ,0,0,0,0,0,0,0,0,0,0,0,0,0,30000,30000,0,0
053845,和大元富96購01  ,0,0,0,0,0,0,0,0,0,0,0,0,0,3000,3000,0,0
053978,創意元大96購05  ,0,0,0,0,0,0,0,0,0,0,0,0,0,1000,1000,0,0
05610P,國巨群益98售01  ,0,0,0,0,0,0,0,0,0,0,0,0,0,10000,10000,0,0
056120,聯茂群益97購02  ,0,0,0,0,0,0,0,0,0,0,0,0,0,5000,5000,0,0
056056,旺宏元大97購06  ,0,0,0,0,0,0,0,0,0,0,0,0,0,30000,30000,0,0
056071,創意元大97購02  ,0,0,0,0,0,0,0,0,0,0,0,0,0,60000,60000,0,0
056079,世紀鋼元大97購02,0,0,0,0,0,0,0,0,0,0,0,0,0,6000,6000,0,0
054655,貿聯麥證98購01  ,0,0,0,99000,99000,0,0,0,0,0,0,0,0,99000,99000,0,0
055736,宏達電元富99購01,0,0,0,0,0,0,0,0,0,0,0,0,0,50000,50000,0,0
055714,智邦元大97購03  ,0,0,0,0,0,0,0,0,0,0,0,0,0,36000,36000,0,0
060409,味全永豐9A購01  ,0,0,0,0,0,0,0,0,0,0,0,0,0,10000,10000,0,0
060420,神基永豐9A購01  ,0,0,0,0,0,0,0,0,0,0,0,0,0,20000,20000,0,0
060461,鴻海元大9A購09  ,0,0,0,0,0,0,0,0,0,0,0,0,0,15000,15000,0,0
060466,玉山金元大9A購01,0,0,0,0,0,0,0,0,0,0,0,0,0,52000,52000,0,0
06043P,創意永豐96售06  ,0,0,0,0,0,0,0,0,0,0,0,0,0,1000,1000,0,0
06029P,聯發科台新96售02,0,0,0,0,0,0,0,0,0,0,0,0,0,30000,30000,0,0
060248,日月光元大9A購01,0,0,0,0,0,0,0,0,0,0,0,0,0,18000,18000,0,0
060230,台積電元大9A購07,0,0,0,0,0,0,0,0,0,0,0,0,0,50000,50000,0,0
056921,京元電兆豐98購01,0,0,0,0,0,0,0,0,0,0,0,0,0,15000,15000,0,0
056918,台積電兆豐98購01,0,0,0,0,0,0,0,0,0,0,0,0,0,215000,215000,0,0
056933,國巨元富98購03  ,0,0,0,0,0,0,0,0,0,0,0,0,0,80000,80000,0,0
056935,華新科元富98購02,0,0,0,0,0,0,0,0,0,0,0,0,0,10000,10000,0,0
05776P,鴻海統一98售02  ,0,0,0,0,0,0,0,0,0,0,0,0,0,61000,61000,0,0
057789,上銀統一9A購01  ,0,0,0,0,0,0,0,0,0,0,0,0,0,48000,48000,0,0
058732,矽格永豐99購01  ,0,0,0,0,0,0,0,0,0,0,0,0,0,4000,4000,0,0
060043,全新群益9B購02  ,0,0,0,0,0,0,0,0,0,0,0,0,0,13000,13000,0,0
060044,大立光群益99購09,0,0,0,0,0,0,0,0,0,0,0,0,0,2000,2000,0,0
058700,鴻海元大99購15  ,0,0,0,0,0,0,0,0,0,0,0,0,0,21000,21000,0,0
058713,國巨統一9B購02  ,0,0,0,0,0,0,0,0,0,0,0,0,0,1100000,1100000,0,0
058672,可成群益9B購02  ,0,0,0,0,0,0,0,0,0,0,0,0,0,8000,8000,0,0
060145,牧德國票9A購02  ,0,0,0,0,0,0,0,0,0,0,0,0,0,3000,3000,0,0
060146,健策國票9A購03  ,0,0,0,0,0,0,0,0,0,0,0,0,0,4000,4000,0,0
056801,國巨台新98購01  ,0,0,0,0,0,0,0,0,0,0,0,0,0,40000,40000,0,0
056897,南亞科元大98購02,0,0,0,0,0,0,0,0,0,0,0,0,0,68000,68000,0,0
058980,鴻海凱基99購06  ,0,0,0,0,0,0,0,0,0,0,0,0,0,22000,22000,0,0
058983,旺宏凱基99購05  ,20000,0,20000,0,0,0,0,0,0,-20000,0,0,0,0,20000,-20000,0
059053,鴻海凱基99購07  ,0,0,0,0,0,0,0,0,0,0,0,0,0,1000,1000,0,0
059028,嘉聯益台新99購02,0,0,0,0,0,0,0,0,0,0,0,0,0,35000,35000,0,0
058605,華邦電元大99購04,0,0,0,0,0,0,0,0,0,0,0,0,0,73000,73000,0,0
058644,元黃金富邦03購01,0,0,0,0,0,0,0,0,0,0,0,0,0,1000,1000,0,0
058812,台積電統一9B購06,0,0,0,0,0,0,0,0,0,0,0,0,0,2000,2000,0,0
058817,嘉聯益台新99購01,0,0,0,0,0,0,0,0,0,0,0,0,0,100000,100000,0,0
058239,景碩元大99購03  ,0,0,0,0,0,0,0,0,0,0,0,0,0,50000,50000,0,0
058240,景碩元大99購04  ,0,0,0,0,0,0,0,0,0,0,0,0,0,50000,50000,0,0
058216,TPK群益99購01   ,0,0,0,0,0,0,0,0,0,0,0,0,0,11000,11000,0,0
058186,聯發科永豐99購01,0,0,0,0,0,0,0,0,0,0,0,0,0,5000,5000,0,0
057896,嘉晶元富98購01  ,0,0,0,0,0,0,0,0,0,0,0,0,0,10000,10000,0,0
05790P,臺股指永昌96售07,0,0,0,0,0,0,0,0,0,0,0,0,0,5000,5000,0,0
057910,華新科兆豐99購02,0,0,0,0,0,0,0,0,0,0,0,0,0,10000,10000,0,0
057877,神達元大99購01  ,0,0,0,0,0,0,0,0,0,0,0,0,0,50000,50000,0,0
058574,台積電群益99購03,0,0,0,0,0,0,0,0,0,0,0,0,0,1000,1000,0,0
057943,可成國票99購03  ,0,0,0,0,0,0,0,0,0,0,0,0,0,12000,12000,0,0
057945,京鼎國票99購03  ,0,0,0,0,0,0,0,0,0,0,0,0,0,38000,38000,0,0
058058,大立光元富9B購02,0,0,0,0,0,0,0,0,0,0,0,0,0,50000,50000,0,0
058069,美律凱基99購05  ,0,0,0,0,0,0,0,0,0,0,0,0,0,30000,30000,0,0
058162,上銀日盛9B購01  ,0,0,0,0,0,0,0,0,0,0,0,0,0,70000,70000,0,0
058009,智易國票99購01  ,0,0,0,0,0,0,0,0,0,0,0,0,0,3000,3000,0,0
057997,旺宏第一9C購01  ,0,0,0,0,0,0,0,0,0,0,0,0,0,80000,80000,0,0
057978,聯發科永豐98購05,0,0,0,0,0,0,0,0,0,0,0,0,0,1000,1000,0,0
057962,超眾元大99購03  ,0,0,0,0,0,0,0,0,0,0,0,0,0,10000,10000,0,0
057984,聯發科台新98購01,0,0,0,0,0,0,0,0,0,0,0,0,0,9000,9000,0,0
058331,鴻海元富99購02  ,0,0,0,0,0,0,0,0,0,0,0,0,0,7000,7000,0,0
058783,臺股指國票99購02,0,0,0,0,0,0,0,0,0,0,0,0,0,66000,66000,0,0
059211,鴻海元大99購27  ,0,0,0,0,0,0,0,0,0,0,0,0,0,45000,45000,0,0
059642,健策凱基99購04  ,0,0,0,0,0,0,0,0,0,0,0,0,0,2000,2000,0,0
059085,鴻海元大99購25  ,0,0,0,0,0,0,0,0,0,0,0,0,0,11000,11000,0,0
059711,滬深2X元大9C購02,0,0,0,0,0,0,0,0,0,0,0,0,0,20000,20000,0,0
057444,台泥元富98購01  ,0,0,0,0,0,0,0,0,0,0,0,0,0,98000,98000,0,0
057429,華新科兆豐98購03,0,0,0,0,0,0,0,0,0,0,0,0,0,10000,10000,0,0
059799,台灣50元富01購05,0,0,0,0,0,0,0,0,0,0,0,0,0,7000,7000,0,0
059842,台積電富邦9C購05,0,0,0,0,0,0,0,0,0,0,0,0,0,50000,50000,0,0
060011,臺股指群益9C購06,0,0,0,0,0,0,0,0,0,0,0,0,0,1000,1000,0,0
059668,台灣50元富9B購04,0,0,0,0,0,0,0,0,0,0,0,0,0,7000,7000,0,0
056579,麗豐元大99購01  ,0,0,0,0,0,0,0,0,0,0,0,0,0,164000,164000,0,0
056674,華邦電元富98購01,0,0,0,0,0,0,0,0,0,0,0,0,0,98000,98000,0,0
058371,智原凱基9A購01  ,0,0,0,0,0,0,0,0,0,0,0,0,0,6000,6000,0,0
059880,世紀鋼凱基99購02,0,0,0,0,0,0,0,0,0,0,0,0,0,50000,50000,0,0
059858,台灣50群益9A購09,0,0,0,0,0,0,0,0,0,0,0,0,0,6000,6000,0,0
059954,華新科康和99購01,0,0,0,0,0,0,0,0,0,0,0,0,0,20000,20000,0,0
059916,聯發科元大99購33,0,0,0,0,0,0,0,0,0,0,0,0,0,10000,10000,0,0
056425,聯發科日盛9A購01,0,0,0,0,0,0,0,0,0,0,0,0,0,990000,990000,0,0
056404,嘉聯益群益9A購01,0,0,0,0,0,0,0,0,0,0,0,0,0,200000,200000,0,0
059986,宏達電元大99購08,0,0,0,0,0,0,0,0,0,0,0,0,0,50000,50000,0,0
059978,國巨元大99購29  ,0,0,0,0,0,0,0,0,0,0,0,0,0,1000,1000,0,0
059959,訊芯康和99購01  ,0,0,0,0,0,0,0,0,0,0,0,0,0,68000,68000,0,0
056772,欣興元大99購01  ,0,0,0,0,0,0,0,0,0,0,0,0,0,31000,31000,0,0
057168,旺宏元大99購03  ,0,0,0,0,0,0,0,0,0,0,0,0,0,12000,12000,0,0
057171,台光電元大9B購01,0,0,0,0,0,0,0,0,0,0,0,0,0,59000,59000,0,0
057177,奇力新元大99購04,0,0,0,0,0,0,0,0,0,0,0,0,0,68000,68000,0,0
057174,南亞科元大98購05,0,0,0,0,0,0,0,0,0,0,0,0,0,68000,68000,0,0
057148,玉晶光國票99購04,0,0,0,0,0,0,0,0,0,0,0,0,0,8000,8000,0,0
057140,宏達電兆豐98購01,0,0,0,0,0,0,0,0,0,0,0,0,0,5000,5000,0,0
059721,旺宏元大99購16  ,0,0,0,0,0,0,0,0,0,0,0,0,0,31000,31000,0,0
058471,台積電日盛9C購01,0,0,0,0,0,0,0,0,0,0,0,0,0,211000,211000,0,0
056693,國產群益98購01  ,0,0,0,0,0,0,0,0,0,0,0,0,0,98000,98000,0,0
057633,緯穎永豐98購02  ,0,0,0,0,0,0,0,0,0,0,0,0,0,20000,20000,0,0
057642,南亞科元大98購07,0,0,0,0,0,0,0,0,0,0,0,0,0,68000,68000,0,0
057644,奇力新元大98購04,0,0,0,0,0,0,0,0,0,0,0,0,0,68000,68000,0,0
057662,上銀元大9A購01  ,0,0,0,0,0,0,0,0,0,0,0,0,0,50000,50000,0,0
057678,臺股指元大98購08,0,0,0,0,0,0,0,0,0,0,0,0,0,12000,12000,0,0
05849P,臺股指元大96售25,0,0,0,0,0,0,0,0,0,0,0,0,0,3000,3000,0,0
058481,玉晶光凱基9A購04,0,0,0,0,0,0,0,0,0,0,0,0,0,20000,20000,0,0
057029,緯穎凱基98購04  ,0,1000,-1000,0,0,0,0,0,0,1000,0,0,0,8000,7000,1000,0
057062,立積國泰99購01  ,0,0,0,0,0,0,0,0,0,0,0,0,0,10000,10000,0,0
057618,台光電凱基99購01,0,0,0,0,0,0,0,0,0,0,0,0,0,80000,80000,0,0
05718P,國巨元大96售09  ,0,0,0,0,0,0,0,0,0,0,0,0,0,172000,172000,0,0
057203,麗豐元富98購02  ,0,0,0,0,0,0,0,0,0,0,0,0,0,100000,100000,0,0
057239,貿聯凱基98購05  ,0,0,0,0,0,0,0,0,0,0,0,0,0,10000,10000,0,0
057310,聯發科日盛99購01,0,0,0,0,0,0,0,0,0,0,0,0,0,300000,300000,0,0
057301,嘉聯益永豐98購02,0,0,0,0,0,0,0,0,0,0,0,0,0,68000,68000,0,0
057327,玉晶光群益9A購04,0,0,0,0,0,0,0,0,0,0,0,0,0,2000,2000,0,0
057376,新日興元大98購04,0,0,0,0,0,0,0,0,0,0,0,0,0,68000,68000,0,0
059722,南亞科元大99購02,0,0,0,0,0,0,0,0,0,0,0,0,0,1000,1000,0,0
057395,旺宏中信98購03  ,0,0,0,0,0,0,0,0,0,0,0,0,0,70000,70000,0,0
3229,晟鈦            ,2000,2000,0,0,0,0,0,0,0,0,0,0,0,0,0,0,0
4989,榮科            ,37000,37000,0,0,0,0,0,0,0,0,0,0,0,0,0,0,0
6243,迅杰            ,2000,2000,0,0,0,0,0,0,0,0,0,0,0,0,0,0,0
2904,匯僑            ,5000,5000,0,0,0,0,0,0,0,0,0,0,0,0,0,0,0
2033,佳大            ,1000,1000,0,0,0,0,0,0,0,0,0,0,0,0,0,0,0
2233,宇隆            ,25000,23000,2000,0,0,0,0,0,0,-2000,0,2000,-2000,0,0,0,0
07910P,台積電統一9C售07,0,0,0,0,0,0,0,0,0,0,0,0,0,1000,1000,0,0
07954P,台表科元大9B售02,0,0,0,0,0,0,0,0,0,0,0,0,0,15000,15000,0,0
1110,東泥            ,8000,8000,0,0,0,0,0,0,0,0,0,0,0,0,0,0,0
1219,福壽            ,17000,17000,0,0,0,0,0,0,0,0,0,0,0,0,0,0,0
1236,宏亞            ,1000,1000,0,0,0,0,0,0,0,0,0,0,0,0,0,0,0
1423,利華            ,0,1000,-1000,0,0,0,0,0,0,1000,1000,0,1000,0,0,0,0
1530,亞崴            ,1000,1000,0,0,0,0,0,0,0,0,0,0,0,0,0,0,0
1516,川飛            ,1000,1000,0,0,0,0,0,0,0,0,0,0,0,0,0,0,0
1568,倉佑            ,0,1000,-1000,0,0,0,0,0,0,1000,1000,0,1000,0,0,0,0
1587,吉茂            ,3000,3000,0,0,0,0,0,0,0,0,0,0,0,0,0,0,0
1454,台富            ,2000,2000,0,0,0,0,0,0,0,0,0,0,0,0,0,0,0
07876P,台灣50國泰01售01,0,0,0,0,0,0,0,0,0,0,0,0,0,5000,5000,0,0
07538P,玉晶光元富9A售05,0,0,0,0,0,0,0,0,0,0,0,0,0,30000,30000,0,0
07511P,鴻海元大9B售02  ,0,0,0,0,0,0,0,0,0,0,0,0,0,40000,40000,0,0
07529P,國巨凱基9A售11  ,0,0,0,0,0,0,0,0,0,0,0,0,0,10000,10000,0,0
07530P,聯發科凱基9A售11,0,0,0,0,0,0,0,0,0,0,0,0,0,30000,30000,0,0
6641,基士德-KY       ,1000,1000,0,0,0,0,0,0,0,0,0,0,0,0,0,0,0
910482,聖馬丁-DR       ,0,298,-298,0,0,0,0,0,0,0,0,0,0,0,0,0,-298
061983,華新科元大9B購04,0,0,0,0,0,0,0,0,0,-1000,0,0,0,0,1000,-1000,-1000
062018,台勝科永豐9B購01,0,0,0,0,0,0,0,0,0,-1000,0,0,0,0,1000,-1000,-1000
06213P,大立光元大98售07,0,0,0,0,0,0,0,0,0,-1000,0,0,0,0,1000,-1000,-1000
062217,旺宏統一9C購01  ,0,0,0,0,0,0,0,0,0,-1000,0,0,0,0,1000,-1000,-1000
062394,大立光富邦02購01,0,0,0,0,0,0,0,0,0,-1000,0,0,0,0,1000,-1000,-1000
06244P,智易元富97售02  ,0,0,0,0,0,0,0,0,0,-1000,0,0,0,0,1000,-1000,-1000
062368,聯詠元大9B購01  ,0,0,0,0,0,0,0,0,0,-1000,0,0,0,25000,26000,-1000,-1000
062322,元金2X統一01購01,0,0,0,0,0,0,0,0,0,-1000,0,0,0,0,1000,-1000,-1000
062519,元金2X元大9B購03,0,0,0,0,0,0,0,0,0,-1000,0,0,0,0,1000,-1000,-1000
062538,台積電國泰9C購02,0,0,0,0,0,0,0,0,0,-1000,0,0,0,1000,2000,-1000,-1000
062490,聯茂永豐9B購01  ,0,0,0,0,0,0,0,0,0,-1000,0,0,0,0,1000,-1000,-1000
062575,景碩群益9B購01  ,0,0,0,0,0,0,0,0,0,-1000,0,0,0,0,1000,-1000,-1000
06753P,智邦富邦98售03  ,0,0,0,0,0,0,0,0,0,-1000,0,0,0,0,1000,-1000,-1000
06705P,臻鼎元富98售03  ,0,0,0,0,0,0,0,0,0,-1000,0,0,0,23000,24000,-1000,-1000
06686P,麗豐永豐98售02  ,0,0,0,0,0,0,0,0,0,-1000,0,0,0,79000,80000,-1000,-1000
07213P,聯發科凱基99售15,0,0,0,0,0,0,0,0,0,-1000,0,0,0,0,1000,-1000,-1000
07316P,長榮航康和99售01,0,0,0,0,0,0,0,0,0,-1000,0,0,0,0,1000,-1000,-1000
07189P,聯發科富邦9B售03,0,0,0,0,0,0,0,0,0,-1000,0,0,0,136000,137000,-1000,-1000
07180P,臺股指凱基99售22,0,0,0,0,0,0,0,0,0,-1000,0,0,0,53000,54000,-1000,-1000
061045,儒鴻第一9A購01  ,0,0,0,0,0,0,0,0,0,-1000,0,0,0,0,1000,-1000,-1000
06087P,國巨永豐97售01  ,0,0,0,0,0,0,0,0,0,-1000,0,0,0,0,1000,-1000,-1000
060520,臺指2X中信01購02,0,0,0,0,0,0,0,0,0,-1000,0,0,0,1000,2000,-1000,-1000
060627,國巨國泰9B購05  ,0,0,0,0,0,0,0,0,0,-1000,0,0,0,0,1000,-1000,-1000
061486,國巨兆豐9B購02  ,0,0,0,0,0,0,0,0,0,-1000,0,0,0,0,1000,-1000,-1000
061507,南電國票9A購05  ,0,0,0,0,0,0,0,0,0,-1000,0,0,0,0,1000,-1000,-1000
061386,道瓊銀群益9A購03,0,0,0,0,0,0,0,0,0,-1000,0,0,0,0,1000,-1000,-1000
061387,鴻海群益9A購05  ,0,0,0,0,0,0,0,0,0,-1000,0,0,0,24000,25000,-1000,-1000
06133P,帆宣元富97售02  ,0,0,0,0,0,0,0,0,0,-1000,0,0,0,0,1000,-1000,-1000
061310,華新科麥證9A購01,0,0,0,0,1000,-1000,0,0,0,-1000,0,0,0,0,1000,-1000,-1000
061255,道瓊反凱基9C購01,0,0,0,0,0,0,0,0,0,-1000,0,0,0,0,1000,-1000,-1000
061545,華新科群益9A購09,0,0,0,0,0,0,0,0,0,-1000,0,0,0,0,1000,-1000,-1000
061788,信邦群益9B購01  ,0,0,0,0,0,0,0,0,0,-1000,0,0,0,0,1000,-1000,-1000
061768,晶技元大9B購02  ,0,0,0,0,0,0,0,0,0,-1000,0,0,0,68000,69000,-1000,-1000
061742,奇鋐凱基9B購01  ,0,0,0,0,0,0,0,0,0,-1000,0,0,0,59000,60000,-1000,-1000
054625,旺宏凱基98購03  ,0,0,0,0,0,0,0,0,0,-1000,0,0,0,0,1000,-1000,-1000
056054,亞德客元大97購05,0,0,0,0,0,0,0,0,0,-1000,0,0,0,24000,25000,-1000,-1000
054532,強茂國泰98購01  ,0,0,0,0,0,0,0,0,0,-1000,0,0,0,0,1000,-1000,-1000
054563,泰碩群益99購01  ,0,0,0,0,0,0,0,0,0,-1000,0,0,0,223000,224000,-1000,-1000
055866,臺股指元大97購03,0,0,0,0,0,0,0,0,0,-1000,0,0,0,0,1000,-1000,-1000
05519P,上証2X凱基98售01,0,0,0,0,0,0,0,0,0,-1000,0,0,0,0,1000,-1000,-1000
054928,帆宣凱基98購01  ,0,0,0,0,0,0,0,0,0,-1000,0,0,0,0,1000,-1000,-1000
05580P,美律凱基96售03  ,0,0,0,0,0,0,0,0,0,-1000,0,0,0,0,1000,-1000,-1000
054275,華通群益97購03  ,0,0,0,0,0,0,0,0,0,-1000,0,0,0,0,1000,-1000,-1000
054215,創意國票97購02  ,0,0,0,0,0,0,0,0,0,-1000,0,0,0,37000,38000,-1000,-1000
055368,台積電元大97購24,0,0,0,0,0,0,0,0,0,-1000,0,0,0,0,1000,-1000,-1000
055349,京元電凱基97購02,0,0,0,0,0,0,0,0,0,-1000,0,0,0,0,1000,-1000,-1000
055306,燿華群益97購01  ,0,0,0,0,0,0,0,0,0,-1000,0,0,0,0,1000,-1000,-1000
055474,欣興凱基97購05  ,0,0,0,0,0,0,0,0,0,-1000,0,0,0,0,1000,-1000,-1000
055486,國巨元大98購06  ,0,0,0,0,0,0,0,0,0,-1000,0,0,0,0,1000,-1000,-1000
055497,開發金元大97購01,0,0,0,0,0,0,0,0,0,-1000,0,0,0,0,1000,-1000,-1000
054980,國巨元富97購01  ,0,0,0,0,0,0,0,0,0,-1000,0,0,0,0,1000,-1000,-1000
055935,創意群益97購02  ,0,0,0,0,0,0,0,0,0,-1000,0,0,0,130000,131000,-1000,-1000
059605,臺股指元大9A購42,0,0,0,0,0,0,0,0,0,-1000,0,0,0,0,1000,-1000,-1000
05933P,鴻海凱基97售03  ,0,0,0,0,0,0,0,0,0,-1000,0,0,0,0,1000,-1000,-1000
059165,南亞科凱基99購04,0,0,0,0,0,0,0,0,0,-1000,0,0,0,1000,2000,-1000,-1000
059244,聯發科凱基99購13,0,0,0,0,0,0,0,0,0,-1000,0,0,0,0,1000,-1000,-1000
03006X,元展06          ,0,0,0,0,0,0,0,0,0,-1000,0,0,0,0,1000,-1000,-1000
020000,富邦特選蘋果N   ,0,0,0,0,0,0,0,0,0,-1000,0,0,0,11000,12000,-1000,-1000
00700,富邦恒生國企    ,0,0,0,0,0,0,0,0,0,-1000,0,0,0,101000,102000,-1000,-1000
00657,國泰日經225     ,47000,0,47000,0,0,0,0,0,0,-48000,0,0,0,177000,225000,-48000,-1000
0053,元大電子        ,0,0,0,0,0,0,0,0,0,-1000,0,0,0,3000,4000,-1000,-1000
03421B,臺股指元大99熊01,0,0,0,0,0,0,0,0,0,-1000,0,0,0,0,1000,-1000,-1000
047825,道瓊反元大96購01,0,0,0,0,0,0,0,0,0,-1000,0,0,0,0,1000,-1000,-1000
048589,國巨兆豐96購01  ,0,0,0,0,0,0,0,0,0,-1000,0,0,0,20000,21000,-1000,-1000
05123P,鴻海永昌96售07  ,0,0,0,0,0,0,0,0,0,-1000,0,0,0,0,1000,-1000,-1000
05033P,T50反1元大98售01,0,0,0,0,0,0,0,0,0,-1000,0,0,0,0,1000,-1000,-1000
039212,台達電台新9A購01,0,0,0,0,0,0,0,0,0,-1000,0,0,0,0,1000,-1000,-1000
042792,T50反1台新9C購01,0,0,0,0,0,0,0,0,0,-1000,0,0,0,0,1000,-1000,-1000
052342,茂林凱基96購01  ,0,0,0,0,0,0,0,0,0,-1000,0,0,0,10000,11000,-1000,-1000
052325,高股息中信99購01,0,0,0,0,0,0,0,0,0,-1000,0,0,0,0,1000,-1000,-1000
052459,道瓊反統一95購04,0,0,0,0,0,0,0,0,0,-1000,0,0,0,0,1000,-1000,-1000
05153P,台表科群益96售01,0,0,0,0,0,0,0,0,0,-1000,0,0,0,17000,18000,-1000,-1000
05337P,臺股指國票95售06,0,0,0,0,0,0,0,0,0,-1000,0,0,0,0,1000,-1000,-1000
056253,京鼎兆豐98購01  ,0,0,0,0,0,0,0,0,0,-1000,0,0,0,0,1000,-1000,-1000
056272,嘉澤統一99購01  ,0,0,0,0,0,0,0,0,0,-1000,0,0,0,97000,98000,-1000,-1000
05556P,全新國票96售04  ,0,0,0,0,0,0,0,0,0,-1000,0,0,0,50000,51000,-1000,-1000
05557P,S&P500中信96售02,0,0,0,0,0,0,0,0,0,-1000,0,0,0,0,1000,-1000,-1000
052958,T50反1凱基99購02,0,0,0,0,0,0,0,0,0,-1000,0,0,0,0,1000,-1000,-1000
053502,智伸科兆豐97購01,0,0,0,0,0,0,0,0,0,-1000,0,0,0,38000,39000,-1000,-1000
052151,義隆富邦96購01  ,0,0,0,0,0,0,0,0,0,-1000,0,0,0,0,1000,-1000,-1000
052674,智邦國泰98購01  ,0,0,0,0,0,0,0,0,0,-1000,0,0,0,0,1000,-1000,-1000
051739,奇力新國票97購01,0,0,0,0,0,0,0,0,0,-1000,0,0,0,0,1000,-1000,-1000
057292,國巨國泰9B購01  ,0,0,0,0,0,0,0,0,0,-1000,0,0,0,84000,85000,-1000,-1000
05706P,TPK永豐96售02   ,0,0,0,0,0,0,0,0,0,-1000,0,0,0,3000,4000,-1000,-1000
058484,元金2X國票04購01,0,0,0,0,0,0,0,0,0,-1000,0,0,0,0,1000,-1000,-1000
057641,旺宏元大98購10  ,0,0,0,0,0,0,0,0,0,-1000,0,0,0,0,1000,-1000,-1000
056476,智原元大98購02  ,0,0,0,0,0,0,0,0,0,-1000,0,0,0,0,1000,-1000,-1000
056704,健策國泰99購01  ,0,0,0,0,0,0,0,0,0,-1000,0,0,0,0,1000,-1000,-1000
059973,A50正2元大99購02,0,0,0,0,0,0,0,0,0,-1000,0,0,0,5000,6000,-1000,-1000
056409,麗豐國票99購01  ,0,0,0,0,0,0,0,0,0,-1000,0,0,0,4000,5000,-1000,-1000
058390,樺漢國票9A購01  ,0,0,0,0,0,0,0,0,0,-1000,0,0,0,0,1000,-1000,-1000
057600,大立光群益99購03,0,0,0,0,0,0,0,0,0,-1000,0,0,0,60000,61000,-1000,-1000
058414,大立光兆豐99購02,0,0,0,0,0,0,0,0,0,-1000,0,0,0,6000,7000,-1000,-1000
059217,台積電元大99購30,0,0,0,0,0,0,0,0,0,-1000,0,0,0,0,1000,-1000,-1000
056588,聯發科統一9A購02,0,0,0,0,0,0,0,0,0,-1000,0,0,0,10000,11000,-1000,-1000
058451,智邦永豐9A購01  ,0,0,0,0,0,0,0,0,0,-1000,0,0,0,11000,12000,-1000,-1000
059822,聯發科凱基99購19,0,0,0,0,0,0,0,0,0,-1000,0,0,0,0,1000,-1000,-1000
059717,國巨元大99購21  ,0,0,0,0,0,0,0,0,0,-1000,0,0,0,0,1000,-1000,-1000
058304,鴻海元大99購12  ,0,0,0,0,0,0,0,0,0,-1000,0,0,0,0,1000,-1000,-1000
057983,緯穎永豐98購03  ,0,0,0,0,0,0,0,0,0,-1000,0,0,0,21000,22000,-1000,-1000
058041,FBVIX元大98購02 ,0,0,0,0,0,0,0,0,0,-1000,0,0,0,5000,6000,-1000,-1000
058088,鴻海元大9A購01  ,0,0,0,0,0,0,0,0,0,-1000,0,0,0,0,1000,-1000,-1000
057935,晶技群益98購02  ,0,0,0,0,0,0,0,0,0,-1000,0,0,0,0,1000,-1000,-1000
058189,嘉澤永豐99購01  ,40000,0,40000,0,0,0,0,0,0,-41000,0,0,0,178000,219000,-41000,-1000
058190,貿聯永豐99購01  ,0,0,0,0,0,0,0,0,0,-1000,0,0,0,0,1000,-1000,-1000
058168,國巨凱基9A購04  ,0,0,0,0,0,0,0,0,0,-1000,0,0,0,0,1000,-1000,-1000
058819,華通國泰9B購01  ,0,0,0,0,0,0,0,0,0,-1000,0,0,0,49000,50000,-1000,-1000
058650,台虹永豐9A購01  ,0,0,0,0,0,0,0,0,0,-1000,0,0,0,0,1000,-1000,-1000
058897,國巨元大99購17  ,0,0,0,0,0,0,0,0,0,-1000,0,0,0,0,1000,-1000,-1000
057718,旺宏元富02購02  ,0,0,0,0,0,0,0,0,0,-1000,0,0,0,10000,11000,-1000,-1000
056854,友達中信9A購01  ,0,1000,-1000,0,0,0,0,0,0,0,0,0,0,0,0,0,-1000
056796,國巨麥證98購02  ,0,0,0,0,1000,-1000,0,0,0,-1000,0,0,0,0,1000,-1000,-1000
056811,健策統一9B購01  ,0,0,0,0,0,0,0,0,0,-1000,0,0,0,0,1000,-1000,-1000
060131,GIS永豐99購03   ,0,0,0,0,0,0,0,0,0,-1000,0,0,0,72000,73000,-1000,-1000
060110,茂林元大99購06  ,0,0,0,0,0,0,0,0,0,-1000,0,0,0,59000,60000,-1000,-1000
058723,元石油國泰9A購01,0,0,0,0,0,0,0,0,0,-1000,0,0,0,339000,340000,-1000,-1000
057849,南茂永豐98購02  ,0,0,0,0,0,0,0,0,0,-1000,0,0,0,17000,18000,-1000,-1000
057756,瑞昱日盛99購01  ,0,0,0,0,0,0,0,0,0,-1000,0,0,0,0,1000,-1000,-1000
060174,T50反1元富04購01,0,0,0,0,0,0,0,0,0,-1000,0,0,0,0,1000,-1000,-1000
060280,元金2X元大9A購01,0,0,0,0,0,0,0,0,0,-1000,0,0,0,42000,43000,-1000,-1000
060306,台肥永豐9A購01  ,0,0,0,0,0,0,0,0,0,-1000,0,0,0,1000,2000,-1000,-1000
060317,台灣50群益02購01,0,0,0,0,0,0,0,0,0,-1000,0,0,0,0,1000,-1000,-1000
060322,卜蜂群益9A購01  ,0,0,0,0,0,0,0,0,0,-1000,0,0,0,19000,20000,-1000,-1000
060356,上銀元富9A購01  ,0,0,0,0,0,0,0,0,0,-1000,0,0,0,0,1000,-1000,-1000
8940,新天地          ,0,1000,-1000,0,0,0,0,0,0,0,0,0,0,0,0,0,-1000
8481,政伸            ,0,1000,-1000,0,0,0,0,0,0,0,0,0,0,0,0,0,-1000
8443,阿瘦            ,0,1000,-1000,0,0,0,0,0,0,0,0,0,0,0,0,0,-1000
8466,美吉吉-KY       ,0,1000,-1000,0,0,0,0,0,0,0,0,0,0,0,0,0,-1000
9937,全國            ,0,1000,-1000,0,0,0,0,0,0,0,0,0,0,0,0,0,-1000
6671,三能-KY         ,1000,1000,0,0,0,0,0,0,0,-1000,0,1000,-1000,0,0,0,-1000
6431,光麗-KY         ,1000,2000,-1000,0,0,0,0,0,0,0,0,0,0,0,0,0,-1000
6442,光聖            ,0,0,0,0,0,0,0,0,0,-1000,0,1000,-1000,0,0,0,-1000
8222,寶一            ,0,1000,-1000,0,0,0,0,0,0,0,0,0,0,0,0,0,-1000
07475P,A50正2群益9C售02,0,0,0,0,0,0,0,0,0,-1000,0,0,0,0,1000,-1000,-1000
07589P,玉晶光國票9A售02,0,0,0,0,0,0,0,0,0,-1000,0,0,0,0,1000,-1000,-1000
07861P,台灣50中信03售08,0,0,0,0,0,0,0,0,0,-1000,0,0,0,0,1000,-1000,-1000
07808P,超眾永豐9A售04  ,0,0,0,0,0,0,0,0,0,-1000,0,0,0,0,1000,-1000,-1000
07741P,滬深2X凱基9B售04,0,0,0,0,0,0,0,0,0,-1000,0,0,0,28000,29000,-1000,-1000
07759P,臺股指富邦9A售04,0,0,0,0,0,0,0,0,0,-1000,0,0,0,0,1000,-1000,-1000
1459,聯發            ,0,1000,-1000,0,0,0,0,0,0,0,0,0,0,0,0,0,-1000
1468,昶和            ,0,1000,-1000,0,0,0,0,0,0,0,0,0,0,0,0,0,-1000
1535,中宇            ,4000,5000,-1000,0,0,0,0,0,0,0,0,0,0,0,0,0,-1000
1617,榮星            ,0,2000,-2000,0,0,0,0,0,0,1000,1000,0,1000,0,0,0,-1000
1776,展宇            ,0,1000,-1000,0,0,0,0,0,0,0,0,0,0,0,0,0,-1000
1419,新紡            ,0,1000,-1000,0,0,0,0,0,0,0,0,0,0,0,0,0,-1000
07945P,上銀國票9B售02  ,0,0,0,0,0,0,0,0,0,-1000,0,0,0,11000,12000,-1000,-1000
07892P,臺股指國票9B售02,0,0,0,0,0,0,0,0,0,-1000,0,0,0,1000,2000,-1000,-1000
07933P,大立光富邦9C售06,0,0,0,0,0,0,0,0,0,-1000,0,0,0,0,1000,-1000,-1000
2243,宏旭-KY         ,0,0,0,0,0,0,0,0,0,-1000,0,1000,-1000,0,0,0,-1000
2901,欣欣            ,0,1000,-1000,0,0,0,0,0,0,0,0,0,0,0,0,0,-1000
2712,遠雄來          ,0,1000,-1000,0,0,0,0,0,0,0,0,0,0,0,0,0,-1000
2722,夏都            ,0,1000,-1000,0,0,0,0,0,0,0,0,0,0,0,0,0,-1000
2524,京城            ,41000,39000,2000,0,0,0,0,0,0,-3000,17000,20000,-3000,0,0,0,-1000
2540,愛山林          ,0,1000,-1000,0,0,0,0,0,0,0,0,0,0,0,0,0,-1000
6205,詮欣            ,0,1000,-1000,0,0,0,0,0,0,0,0,0,0,0,0,0,-1000
6281,全國電          ,6000,6000,0,0,0,0,0,0,0,-1000,0,1000,-1000,0,0,0,-1000
6117,迎廣            ,0,1000,-1000,0,0,0,0,0,0,0,0,0,0,0,0,0,-1000
4148,全宇生技-KY     ,0,1000,-1000,0,0,0,0,0,0,0,0,0,0,0,0,0,-1000
3701,大眾控          ,0,1000,-1000,0,0,0,0,0,0,0,0,0,0,0,0,0,-1000
3591,艾笛森          ,5000,8000,-3000,0,0,0,0,0,0,2000,2000,0,2000,0,0,0,-1000
061745,南電凱基9B購02  ,0,0,0,0,0,0,0,0,0,-2000,0,0,0,0,2000,-2000,-2000
061544,大毅群益9B購02  ,0,0,0,0,0,0,0,0,0,-2000,0,0,0,170000,172000,-2000,-2000
061721,道瓊反富邦9B購01,0,0,0,0,0,0,0,0,0,-2000,0,0,0,0,2000,-2000,-2000
061259,台積電凱基9A購21,0,0,0,0,0,0,0,0,0,-2000,0,0,0,0,2000,-2000,-2000
060620,玉晶光元大9A購04,0,0,0,0,0,0,0,0,0,-2000,0,0,0,50000,52000,-2000,-2000
060779,臺股指凱基9A購07,0,0,0,0,0,0,0,0,0,-2000,0,0,0,10000,12000,-2000,-2000
060912,華新科元大9A購10,0,0,0,0,0,0,0,0,0,-2000,0,0,0,13000,15000,-2000,-2000
061010,上銀麥證9A購02  ,0,0,0,11000,13000,-2000,0,0,0,-2000,0,0,0,11000,13000,-2000,-2000
060970,T50反1元大9A購08,0,0,0,0,0,0,0,0,0,-2000,0,0,0,0,2000,-2000,-2000
061111,台表科元大9A購02,0,0,0,0,0,0,0,0,0,-2000,0,0,0,389000,391000,-2000,-2000
061115,電子類元大9A購02,0,0,0,0,0,0,0,0,0,-2000,0,0,0,0,2000,-2000,-2000
06117P,臺股指日盛97售02,0,0,0,0,0,0,0,0,0,-2000,0,0,0,0,2000,-2000,-2000
07094P,華通國票9A售03  ,0,0,0,0,0,0,0,0,0,-2000,0,0,0,0,2000,-2000,-2000
07046P,大立光富邦9C售03,0,0,0,0,0,0,0,0,0,-2000,0,0,0,0,2000,-2000,-2000
07028P,大立光群益99售06,0,0,0,0,0,0,0,0,0,-2000,0,0,0,1000,3000,-2000,-2000
07194P,聯發科元大99售25,0,0,0,0,0,0,0,0,0,-2000,0,0,0,0,2000,-2000,-2000
07264P,台積電元大99售38,0,0,0,0,0,0,0,0,0,-2000,0,0,0,0,2000,-2000,-2000
06781P,大立光元大98售19,0,0,0,0,0,0,0,0,0,-2000,0,0,0,0,2000,-2000,-2000
06537P,華通凱基98售04  ,0,0,0,0,0,0,0,0,0,-2000,0,0,0,0,2000,-2000,-2000
062617,京鼎元大9B購01  ,0,0,0,0,0,0,0,0,0,-2000,0,0,0,0,2000,-2000,-2000
06307P,聚陽元富97售02  ,0,0,0,0,0,0,0,0,0,-2000,0,0,0,0,2000,-2000,-2000
062499,鴻海群益01購01  ,0,0,0,0,0,0,0,0,0,-2000,0,0,0,8000,10000,-2000,-2000
062312,大立光凱基9B購03,0,0,0,0,0,0,0,0,0,-2000,0,0,0,0,2000,-2000,-2000
062365,台光電元大9B購03,0,0,0,0,0,0,0,0,0,-2000,0,0,0,33000,35000,-2000,-2000
062179,旺宏元大9B購05  ,0,0,0,0,0,0,0,0,0,-2000,0,0,0,0,2000,-2000,-2000
062267,滬深2X群益01購05,0,0,0,0,0,0,0,0,0,-2000,0,0,0,4000,6000,-2000,-2000
062227,南六統一01購02  ,0,0,0,0,0,0,0,0,0,-2000,0,0,0,0,2000,-2000,-2000
062115,臺股指國票9B購09,0,0,0,0,0,0,0,0,0,-2000,0,0,0,0,2000,-2000,-2000
062011,上銀富邦9C購01  ,0,0,0,0,0,0,0,0,0,-2000,0,0,0,0,2000,-2000,-2000
062067,滬深2X元大9B購01,0,0,0,0,0,0,0,0,0,-2000,0,0,0,0,2000,-2000,-2000
062000,臺股指元大9B購24,0,0,0,0,0,0,0,0,0,-2000,0,0,0,0,2000,-2000,-2000
061993,祥碩元大9C購01  ,0,0,0,0,0,0,0,0,0,-2000,0,0,0,117000,119000,-2000,-2000
06191P,鴻海群益97售03  ,0,0,0,0,0,0,0,0,0,-2000,0,0,0,0,2000,-2000,-2000
052907,嘉澤國票97購01  ,0,0,0,0,0,0,0,0,0,-2000,0,0,0,0,2000,-2000,-2000
053624,A50正2兆豐97購02,0,0,0,0,0,0,0,0,0,-2000,0,0,0,0,2000,-2000,-2000
053783,聯發科元大96購17,0,0,0,0,0,0,0,0,0,-2000,0,0,0,0,2000,-2000,-2000
053732,S&P反1中信9C購01,0,0,0,0,0,0,0,0,0,-2000,0,0,0,14000,16000,-2000,-2000
052418,玉晶光兆豐96購01,0,0,0,0,0,0,0,0,0,-2000,0,0,0,0,2000,-2000,-2000
052269,T50反1日盛9B購01,0,0,0,0,0,0,0,0,0,-2000,0,0,0,0,2000,-2000,-2000
03679C,臺股指元大04牛04,0,0,0,0,0,0,0,0,0,-2000,0,0,0,0,2000,-2000,-2000
035277,景碩台新97購01  ,0,0,0,0,0,0,0,0,0,-2000,0,0,0,0,2000,-2000,-2000
03618C,高股息凱基95牛01,0,0,0,0,0,0,0,0,0,-2000,0,0,0,0,2000,-2000,-2000
049100,華新科國泰96購01,0,0,0,0,0,0,0,0,0,-2000,0,0,0,0,2000,-2000,-2000
051268,創意富邦97購01  ,0,0,0,0,0,0,0,0,0,-2000,0,0,0,0,2000,-2000,-2000
035275,台積電台新97購01,0,0,0,0,0,0,0,0,0,-2000,0,0,0,0,2000,-2000,-2000
03013X,元展13          ,0,0,0,0,0,0,0,0,0,-2000,0,0,0,0,2000,-2000,-2000
059234,台灣50凱基9C購03,0,0,0,0,0,0,0,0,0,-2000,0,0,0,0,2000,-2000,-2000
056207,茂林永豐97購03  ,0,0,0,0,0,0,0,0,0,-2000,0,0,0,0,2000,-2000,-2000
05935P,台積電凱基96售19,0,0,0,0,0,0,0,0,0,-2000,0,0,0,0,2000,-2000,-2000
059255,臺股指凱基99購33,0,0,0,0,0,0,0,0,0,-2000,0,0,0,0,2000,-2000,-2000
059574,台表科凱基99購02,0,0,0,0,0,0,0,0,0,-2000,0,0,0,0,2000,-2000,-2000
059583,台灣50元大01購10,0,0,0,0,0,0,0,0,0,-2000,0,0,0,0,2000,-2000,-2000
059526,鴻海凱基99購12  ,0,0,0,0,0,0,0,0,0,-2000,0,0,0,0,2000,-2000,-2000
059372,台灣50群益99購02,0,0,0,0,0,0,0,0,0,-2000,0,0,0,0,2000,-2000,-2000
059436,大立光元大99購18,0,0,0,0,0,0,0,0,0,-2000,0,0,0,0,2000,-2000,-2000
054987,凱美元富97購01  ,0,0,0,0,0,0,0,0,0,-2000,0,0,0,0,2000,-2000,-2000
055949,亞德客元大97購04,0,0,0,0,0,0,0,0,0,-2000,0,0,0,30000,32000,-2000,-2000
056158,新日興凱基98購02,0,0,0,0,0,0,0,0,0,-2000,0,0,0,0,2000,-2000,-2000
056184,南亞科統一97購03,0,0,0,0,0,0,0,0,0,-2000,0,0,0,0,2000,-2000,-2000
055518,華新科中信99購01,0,0,0,0,0,0,0,0,0,-2000,0,0,0,0,2000,-2000,-2000
05427P,聯發科凱基96售07,0,0,0,0,0,0,0,0,0,-2000,0,0,0,0,2000,-2000,-2000
05583P,訊芯凱基96售01  ,0,0,0,0,0,0,0,0,0,-2000,0,0,0,0,2000,-2000,-2000
055177,宏達電統一99購01,0,0,0,0,0,0,0,0,0,-2000,0,0,0,0,2000,-2000,-2000
055874,中環元富9A購01  ,0,0,0,0,0,0,0,0,0,-2000,0,0,0,774000,776000,-2000,-2000
055102,上銀凱基98購01  ,0,0,0,0,0,0,0,0,0,-2000,0,0,0,0,2000,-2000,-2000
054556,世芯凱基99購01  ,0,0,0,0,0,0,0,0,0,-2000,0,0,0,5000,7000,-2000,-2000
055780,禾伸堂凱基99購01,0,0,0,0,0,0,0,0,0,-2000,0,0,0,2000,4000,-2000,-2000
06047P,聯發科富邦99售04,0,0,0,0,0,0,0,0,0,-2000,0,0,0,4000,6000,-2000,-2000
060261,臺股指凱基9A購04,0,0,0,0,0,0,0,0,0,-2000,0,0,0,11000,13000,-2000,-2000
056941,台郡元富9B購01  ,0,0,0,0,0,0,0,0,0,-2000,0,0,0,0,2000,-2000,-2000
057832,聯發科元富02購05,0,0,0,0,0,0,0,0,0,-2000,0,0,0,6000,8000,-2000,-2000
058711,鴻海統一9A購02  ,0,0,0,0,0,0,0,0,0,-2000,0,0,0,26000,28000,-2000,-2000
060149,元金2X富邦04購01,0,0,0,0,0,0,0,0,0,-2000,0,0,0,0,2000,-2000,-2000
060087,鴻海元大99購43  ,0,0,0,0,0,0,0,0,0,-2000,0,0,0,9000,11000,-2000,-2000
057703,矽力群益98購01  ,0,0,0,0,0,0,0,0,0,-2000,0,0,0,0,2000,-2000,-2000
059756,奇力新富邦9C購01,0,0,0,0,0,0,0,0,0,-2000,0,0,0,0,2000,-2000,-2000
059014,SGBR2X元富03購01,0,0,0,0,0,0,0,0,0,-2000,0,0,0,11000,13000,-2000,-2000
059027,神達台新99購02  ,0,0,0,0,0,0,0,0,0,-2000,0,0,0,0,2000,-2000,-2000
058941,華新科中信99購03,0,0,0,0,0,0,0,0,0,-2000,0,0,0,0,2000,-2000,-2000
058932,FBVIX台新99購01 ,0,0,0,0,0,0,0,0,0,-2000,0,0,0,6000,8000,-2000,-2000
058933,FBVIX台新9B購01 ,0,0,0,0,0,0,0,0,0,-2000,0,0,0,0,2000,-2000,-2000
058659,力成中信99購01  ,0,0,0,0,0,0,0,0,0,-2000,0,0,0,16000,18000,-2000,-2000
058850,華新科群益99購03,0,0,0,0,0,0,0,0,0,-2000,0,0,0,0,2000,-2000,-2000
058631,鈺齊國票9A購01  ,0,0,0,0,0,0,0,0,0,-2000,0,0,0,0,2000,-2000,-2000
058201,華通凱基9A購01  ,0,0,0,0,0,0,0,0,0,-2000,0,0,0,0,2000,-2000,-2000
057930,旺宏群益99購04  ,0,0,0,0,0,0,0,0,0,-2000,0,0,0,0,2000,-2000,-2000
05747P,漢唐群益96售03  ,0,0,0,0,0,0,0,0,0,-2000,0,0,0,0,2000,-2000,-2000
058359,瑞昱凱基99購01  ,0,0,0,0,0,0,0,0,0,-2000,0,0,0,0,2000,-2000,-2000
059194,元金2X永豐99購01,0,0,0,0,0,0,0,0,0,-2000,0,0,0,54000,56000,-2000,-2000
058744,FBVIX凱基9C購03 ,0,0,0,0,0,0,0,0,0,-2000,0,0,0,0,2000,-2000,-2000
056527,大成鋼凱基98購03,0,0,0,0,0,0,0,0,0,-2000,0,0,0,0,2000,-2000,-2000
059705,華新科凱基9A購07,0,0,0,0,0,0,0,0,0,-2000,0,0,0,2000,4000,-2000,-2000
059673,玉山金元富99購01,0,0,0,0,0,0,0,0,0,-2000,0,0,0,0,2000,-2000,-2000
059674,玉山金元富99購02,0,0,0,0,0,0,0,0,0,-2000,0,0,0,0,2000,-2000,-2000
056583,昇陽半元大98購02,0,0,0,0,0,0,0,0,0,-2000,0,0,0,5000,7000,-2000,-2000
057562,奇鋐兆豐98購01  ,0,0,0,0,0,0,0,0,0,-2000,0,0,0,0,2000,-2000,-2000
059968,世紀鋼凱基99購03,0,0,0,0,0,0,0,0,0,-2000,0,0,0,0,2000,-2000,-2000
059921,大立光元大99購24,0,0,0,0,0,0,0,0,0,-2000,0,0,0,9000,11000,-2000,-2000
059901,滬深2X元大9C購07,0,0,0,0,0,0,0,0,0,-2000,0,0,0,6000,8000,-2000,-2000
056700,華新科國泰99購03,0,0,0,0,0,0,0,0,0,-2000,0,0,0,0,2000,-2000,-2000
056754,智易兆豐99購01  ,0,0,0,0,0,0,0,0,0,-2000,0,0,0,5000,7000,-2000,-2000
056462,訊芯凱基98購03  ,0,0,0,0,0,0,0,0,0,-2000,0,0,0,0,2000,-2000,-2000
3432,台端            ,0,3000,-3000,0,0,0,0,0,0,1000,1000,0,1000,0,0,0,-2000
3543,州巧            ,3000,5000,-2000,0,0,0,0,0,0,0,0,0,0,0,0,0,-2000
4439,冠星-KY         ,0,2000,-2000,0,0,0,0,0,0,0,0,0,0,0,0,0,-2000
3164,景岳            ,20000,23000,-3000,0,0,0,0,0,0,1000,1000,0,1000,0,0,0,-2000
5388,中磊            ,192000,201000,-9000,0,0,0,0,0,0,7000,9000,0,9000,0,2000,-2000,-2000
2488,漢平            ,25000,31000,-6000,0,0,0,0,0,0,4000,4000,0,4000,0,0,0,-2000
2482,連宇            ,0,3000,-3000,0,0,0,0,0,0,1000,1000,0,1000,0,0,0,-2000
2236,百達-KY         ,0,2000,-2000,0,0,0,0,0,0,0,0,0,0,0,0,0,-2000
2443,億麗            ,10000,12000,-2000,0,0,0,0,0,0,0,0,0,0,0,0,0,-2000
2397,友通            ,16000,19000,-3000,0,0,0,0,0,0,1000,1000,0,1000,0,0,0,-2000
2008,高興昌          ,0,2000,-2000,0,0,0,0,0,0,0,0,0,0,0,0,0,-2000
1727,中華化          ,1000,3000,-2000,0,0,0,0,0,0,0,0,0,0,0,0,0,-2000
1506,正道            ,24000,26000,-2000,0,0,0,0,0,0,0,0,0,0,0,0,0,-2000
1456,怡華            ,0,2000,-2000,0,0,0,0,0,0,0,0,0,0,0,0,0,-2000
1449,佳和            ,51000,53000,-2000,0,0,0,0,0,0,0,0,0,0,0,0,0,-2000
1438,裕豐            ,0,2000,-2000,0,0,0,0,0,0,0,0,0,0,0,0,0,-2000
07747P,晶技凱基9A售04  ,0,0,0,0,0,0,0,0,0,-2000,0,0,0,228000,230000,-2000,-2000
07704P,台積電元大9A售25,0,0,0,0,0,0,0,0,0,-2000,0,0,0,13000,15000,-2000,-2000
07609P,台灣50國票9C售04,0,0,0,0,0,0,0,0,0,-2000,0,0,0,10000,12000,-2000,-2000
07552P,技嘉元大9A售03  ,0,0,0,0,0,0,0,0,0,-2000,0,0,0,0,2000,-2000,-2000
8072,陞泰            ,0,2000,-2000,0,0,0,0,0,0,0,0,0,0,0,0,0,-2000
6464,台數科          ,0,2000,-2000,0,0,0,0,0,0,0,0,0,0,0,0,0,-2000
9955,佳龍            ,67000,69000,-2000,0,0,0,0,0,0,0,0,0,0,0,0,0,-2000
8478,東哥遊艇        ,1000,4000,-3000,0,0,0,0,0,0,1000,1000,0,1000,0,0,0,-2000
061994,瑞儀元大9B購01  ,0,0,0,0,0,0,0,0,0,-3000,0,0,0,0,3000,-3000,-3000
062161,南六凱基9C購01  ,0,0,0,0,0,0,0,0,0,-3000,0,0,0,23000,26000,-3000,-3000
062201,臺指反國票9B購05,0,0,0,0,0,0,0,0,0,-3000,0,0,0,0,3000,-3000,-3000
06323P,台郡統一97售01  ,0,0,0,0,0,0,0,0,0,-3000,0,0,0,0,3000,-3000,-3000
06271P,彩晶凱基97售01  ,0,0,0,0,0,0,0,0,0,-3000,0,0,0,0,3000,-3000,-3000
062615,亞德客元大9B購02,0,0,0,0,0,0,0,0,0,-3000,0,0,0,29000,32000,-3000,-3000
06489P,台積電元富98售06,0,0,0,0,0,0,0,0,0,-3000,0,0,0,2000,5000,-3000,-3000
06441P,台積電凱基98售08,0,0,0,0,0,0,0,0,0,-3000,0,0,0,0,3000,-3000,-3000
06616P,國巨元大98售15  ,0,0,0,0,0,0,0,0,0,-3000,0,0,0,44000,47000,-3000,-3000
06762P,智邦元大98售11  ,0,0,0,0,0,0,0,0,0,-3000,0,0,0,0,3000,-3000,-3000
07208P,台積電凱基99售14,0,0,0,0,0,0,0,0,0,-3000,0,0,0,11000,14000,-3000,-3000
07243P,台灣50凱基9A售04,0,0,0,0,0,0,0,0,0,-3000,0,0,0,7000,10000,-3000,-3000
07450P,鴻海元大9A售03  ,0,0,0,0,0,0,0,0,0,-3000,0,0,0,57000,60000,-3000,-3000
07417P,聯發科元大99售44,0,0,0,0,0,0,0,0,0,-3000,0,0,0,0,3000,-3000,-3000
06992P,玉晶光日盛9B售01,0,0,0,0,0,0,0,0,0,-3000,0,0,0,0,3000,-3000,-3000
061113,南電元大9A購03  ,0,0,0,0,0,0,0,0,0,-3000,0,0,0,0,3000,-3000,-3000
061067,貿聯凱基9A購03  ,0,0,0,0,0,0,0,0,0,-3000,0,0,0,0,3000,-3000,-3000
061014,台積電麥證9A購04,0,0,0,0,3000,-3000,0,0,0,-3000,0,0,0,0,3000,-3000,-3000
060852,京鼎國泰9B購01  ,0,0,0,0,0,0,0,0,0,-3000,0,0,0,1000,4000,-3000,-3000
060789,禾伸堂富邦9B購02,0,0,0,0,0,0,0,0,0,-3000,0,0,0,0,3000,-3000,-3000
060845,欣興國票9A購01  ,0,0,0,0,0,0,0,0,0,-3000,0,0,0,25000,28000,-3000,-3000
06074P,台積電凱基98售04,0,0,0,0,0,0,0,0,0,-3000,0,0,0,0,3000,-3000,-3000
060575,大立光中信9B購02,0,0,0,0,0,0,0,0,0,-3000,0,0,0,0,3000,-3000,-3000
061442,玉晶光永豐9A購07,0,0,0,0,0,0,0,0,0,-3000,0,0,0,0,3000,-3000,-3000
061501,嘉澤國票9A購01  ,0,0,0,0,0,0,0,0,0,-3000,0,0,0,12000,15000,-3000,-3000
061518,達方永豐9A購02  ,0,0,0,0,0,0,0,0,0,-3000,0,0,0,0,3000,-3000,-3000
061568,國巨元大9A購25  ,0,0,0,0,0,0,0,0,0,-3000,0,0,0,3000,6000,-3000,-3000
061620,禾伸堂群益9A購02,0,0,0,0,0,0,0,0,0,-3000,0,0,0,158000,161000,-3000,-3000
061821,祥碩群益9B購02  ,0,0,0,0,0,0,0,0,0,-3000,0,0,0,32000,35000,-3000,-3000
061893,鴻海永豐9B購01  ,0,0,0,0,0,0,0,0,0,-3000,0,0,0,7000,10000,-3000,-3000
05473P,聯詠統一97售02  ,0,0,0,0,0,0,0,0,0,-3000,0,0,0,0,3000,-3000,-3000
054554,大立光凱基98購02,0,0,0,0,0,0,0,0,0,-3000,0,0,0,0,3000,-3000,-3000
055891,鴻海統一9A購01  ,0,0,0,0,0,0,0,0,0,-3000,0,0,0,0,3000,-3000,-3000
05585P,臺股指凱基96售14,0,0,0,0,0,0,0,0,0,-3000,0,0,0,0,3000,-3000,-3000
055842,建準元大98購01  ,0,0,0,0,0,0,0,0,0,-3000,0,0,0,181000,184000,-3000,-3000
054259,健策元大97購03  ,0,0,0,0,0,0,0,0,0,-3000,0,0,0,0,3000,-3000,-3000
054201,聯詠富邦97購02  ,0,0,0,0,0,0,0,0,0,-3000,0,0,0,0,3000,-3000,-3000
055404,超眾元富97購01  ,0,0,0,0,0,0,0,0,0,-3000,0,0,0,150000,153000,-3000,-3000
055963,欣興元大97購04  ,0,0,0,0,0,0,0,0,0,-3000,0,0,0,10000,13000,-3000,-3000
055970,聯茂元大97購04  ,0,0,0,0,0,0,0,0,0,-3000,0,0,0,0,3000,-3000,-3000
056136,京鼎元大98購01  ,0,0,0,0,0,0,0,0,0,-3000,0,0,0,76000,79000,-3000,-3000
05925P,晶技永豐96售03  ,0,0,0,0,0,0,0,0,0,-3000,0,0,0,0,3000,-3000,-3000
059368,T50正2元富99購02,0,0,0,0,0,0,0,0,0,-3000,0,0,0,4000,7000,-3000,-3000
059182,台灣50台新9B購03,0,0,0,0,0,0,0,0,0,-3000,0,0,0,0,3000,-3000,-3000
0054,元大台商50      ,0,0,0,0,0,0,0,0,0,-3000,0,0,0,3000,6000,-3000,-3000
051074,矽力國票96購01  ,0,0,0,0,0,0,0,0,0,-3000,0,0,0,0,3000,-3000,-3000
051157,華新科富邦98購01,0,0,0,0,0,0,0,0,0,-3000,0,0,0,1000,4000,-3000,-3000
050496,鴻海富邦96購01  ,0,0,0,0,0,0,0,0,0,-3000,0,0,0,0,3000,-3000,-3000
050673,旺宏富邦96購02  ,0,0,0,0,0,0,0,0,0,-3000,0,0,0,0,3000,-3000,-3000
03677C,臺股指元大05牛02,0,0,0,0,0,0,0,0,0,-3000,0,0,0,1000,4000,-3000,-3000
053153,大立光元大99購02,0,0,0,0,0,0,0,0,0,-3000,0,0,0,0,3000,-3000,-3000
053316,友達群益9A購01  ,0,0,0,0,0,0,0,0,0,-3000,0,0,0,161000,164000,-3000,-3000
053704,國巨群益96購06  ,0,0,0,0,0,0,0,0,0,-3000,0,0,0,0,3000,-3000,-3000
051614,元金2X凱基97購01,0,0,0,0,0,0,0,0,0,-3000,0,0,0,194000,197000,-3000,-3000
056471,台光電元大99購01,0,0,0,0,0,0,0,0,0,-3000,0,0,0,7000,10000,-3000,-3000
056481,創意元大98購01  ,0,0,0,0,0,0,0,0,0,-3000,0,0,0,68000,71000,-3000,-3000
059866,國巨凱基99購18  ,0,0,0,0,0,0,0,0,0,-3000,0,0,0,0,3000,-3000,-3000
05762P,昇陽半永豐96售04,0,0,0,0,0,0,0,0,0,-3000,0,0,0,2000,5000,-3000,-3000
058368,奇鋐凱基9A購01  ,0,0,0,0,0,0,0,0,0,-3000,0,0,0,0,3000,-3000,-3000
056680,華通統一98購04  ,0,0,0,0,0,0,0,0,0,-3000,0,0,0,0,3000,-3000,-3000
059819,台積電凱基99購17,0,0,0,0,0,0,0,0,0,-3000,0,0,0,80000,83000,-3000,-3000
05656P,台表科統一96售01,0,0,0,0,0,0,0,0,0,-3000,0,0,0,29000,32000,-3000,-3000
058356,華邦電凱基99購01,0,0,0,0,0,0,0,0,0,-3000,0,0,0,43000,46000,-3000,-3000
058332,鴻海元富99購03  ,0,0,0,0,0,0,0,0,0,-3000,0,0,0,0,3000,-3000,-3000
059733,緯穎元大99購08  ,0,0,0,0,0,0,0,0,0,-3000,0,0,0,0,3000,-3000,-3000
05887P,友達元富99售03  ,0,0,0,0,0,0,0,0,0,-3000,0,0,0,0,3000,-3000,-3000
058706,聯鈞元大9C購01  ,0,0,0,0,0,0,0,0,0,-3000,0,0,0,0,3000,-3000,-3000
057807,友訊元大98購02  ,0,0,0,0,0,0,0,0,0,-3000,0,0,0,100000,103000,-3000,-3000
056910,超眾元大99購02  ,0,0,0,0,0,0,0,0,0,-3000,0,0,0,0,3000,-3000,-3000
059647,超眾凱基99購04  ,0,0,0,0,0,0,0,0,0,-3000,0,0,0,0,3000,-3000,-3000
060266,潤泰全國票9A購01,0,0,0,0,0,0,0,0,0,-3000,0,0,0,10000,13000,-3000,-3000
9906,欣巴巴          ,1000,4000,-3000,0,0,0,0,0,0,0,0,0,0,0,0,0,-3000
9929,秋雨            ,0,3000,-3000,0,0,0,0,0,0,0,0,0,0,0,0,0,-3000
8411,福貞-KY         ,0,3000,-3000,0,0,0,0,0,0,0,0,0,0,0,0,0,-3000
07508P,華新科國票9A售03,0,0,0,0,0,0,0,0,0,-3000,0,0,0,23000,26000,-3000,-3000
07717P,臺股指群益9A售06,0,0,0,0,0,0,0,0,0,-3000,0,0,0,0,3000,-3000,-3000
07857P,國巨永豐9A售05  ,0,0,0,0,0,0,0,0,0,-3000,0,0,0,0,3000,-3000,-3000
1443,立益            ,1000,4000,-3000,0,0,0,0,0,0,0,0,0,0,0,0,0,-3000
07912P,玉晶光統一9B售02,0,0,0,0,0,0,0,0,0,-3000,0,0,0,0,3000,-3000,-3000
2373,震旦行          ,0,3000,-3000,0,0,0,0,0,0,0,0,0,0,0,0,0,-3000
2115,六暉-KY         ,1000,1000,0,0,0,0,0,0,0,-3000,0,3000,-3000,0,0,0,-3000
2302,麗正            ,0,3000,-3000,0,0,0,0,0,0,0,0,0,0,0,0,0,-3000
4755,三福化          ,0,4000,-4000,0,0,0,0,0,0,1000,1000,0,1000,0,0,0,-3000
4930,燦星網          ,0,3000,-3000,0,0,0,0,0,0,0,0,0,0,0,0,0,-3000
3167,大量            ,5000,11000,-6000,0,0,0,0,0,0,3000,3000,0,3000,0,0,0,-3000
3058,立德            ,0,4000,-4000,0,0,0,0,0,0,1000,1000,0,1000,0,0,0,-3000
3383,新世紀          ,0,3000,-3000,0,0,0,0,0,0,0,0,0,0,0,0,0,-3000
3593,力銘            ,0,3000,-3000,0,0,0,0,0,0,0,0,0,0,0,0,0,-3000
06152P,玉晶光元大98售06,0,0,0,0,0,0,0,0,0,-4000,0,0,0,0,4000,-4000,-4000
061234,國巨元大9A購18  ,0,0,0,0,0,0,0,0,0,-4000,0,0,0,28000,32000,-4000,-4000
061229,緯穎中信9B購01  ,0,0,0,0,0,0,0,0,0,-4000,0,0,0,19000,23000,-4000,-4000
060591,富邦金台新9A購01,0,0,0,0,0,0,0,0,0,-4000,0,0,0,0,4000,-4000,-4000
06050P,玉晶光國票98售01,0,0,0,0,0,0,0,0,0,-4000,0,0,0,0,4000,-4000,-4000
060790,日月光富邦9A購01,0,0,0,0,0,0,0,0,0,-4000,0,0,0,3000,7000,-4000,-4000
061008,群創兆豐9A購02  ,0,0,0,0,0,0,0,0,0,-4000,0,0,0,2000,6000,-4000,-4000
060985,聯發科元大9A購06,0,0,0,0,0,0,0,0,0,-4000,0,0,0,0,4000,-4000,-4000
060946,世紀鋼國票9A購02,0,0,0,0,0,0,0,0,0,-4000,0,0,0,30000,34000,-4000,-4000
061033,台光電永豐9A購01,0,0,0,0,0,0,0,0,0,-4000,0,0,0,0,4000,-4000,-4000
06927P,台灣50元大9B售03,0,0,0,0,0,0,0,0,0,-4000,0,0,0,85000,89000,-4000,-4000
06983P,台積電國泰9A售02,0,0,0,0,0,0,0,0,0,-4000,0,0,0,7000,11000,-4000,-4000
07410P,鴻海元大99售44  ,0,0,0,0,0,0,0,0,0,-4000,0,0,0,124000,128000,-4000,-4000
07238P,台灣50國票99售07,0,0,0,0,0,0,0,0,0,-4000,0,0,0,0,4000,-4000,-4000
07260P,台灣50元大9A售01,0,0,0,0,0,0,0,0,0,-4000,0,0,0,0,4000,-4000,-4000
06682P,玉晶光元大99售08,0,0,0,0,0,0,0,0,0,-4000,0,0,0,0,4000,-4000,-4000
06803P,臺股指群益98售09,0,0,0,0,0,0,0,0,0,-4000,0,0,0,11000,15000,-4000,-4000
06423P,亞光台新97售01  ,0,0,0,0,0,0,0,0,0,-4000,0,0,0,0,4000,-4000,-4000
06483P,聯發科凱基98售10,0,0,0,0,0,0,0,0,0,-4000,0,0,0,0,4000,-4000,-4000
062591,新日興統一9C購01,0,0,0,0,0,0,0,0,0,-4000,0,0,0,0,4000,-4000,-4000
062501,台積電群益9C購03,0,0,0,0,0,0,0,0,0,-4000,0,0,0,0,4000,-4000,-4000
062306,華通凱基9B購01  ,0,0,0,0,0,0,0,0,0,-4000,0,0,0,0,4000,-4000,-4000
062446,聯詠元大9B購02  ,0,0,0,0,0,0,0,0,0,-4000,0,0,0,19000,23000,-4000,-4000
062180,瑞昱元大9B購03  ,0,0,0,0,0,0,0,0,0,-4000,0,0,0,2000,6000,-4000,-4000
062088,緯穎元大9B購04  ,0,0,0,0,0,0,0,0,0,-4000,0,0,0,65000,69000,-4000,-4000
053503,臻鼎兆豐97購01  ,0,0,0,0,0,0,0,0,0,-4000,0,0,0,0,4000,-4000,-4000
05450P,臺股指元大95售27,0,0,0,0,0,0,0,0,0,-4000,0,0,0,0,4000,-4000,-4000
054445,技嘉兆豐96購01  ,0,0,0,0,0,0,0,0,0,-4000,0,0,0,0,4000,-4000,-4000
03038X,元展35          ,0,0,0,0,0,0,0,0,0,-4000,0,0,0,0,4000,-4000,-4000
00661,元大日經225     ,0,0,0,0,0,0,0,0,0,-4000,0,0,0,0,4000,-4000,-4000
00690,兆豐藍籌30      ,0,0,0,0,0,0,0,0,0,-4000,0,0,0,220000,224000,-4000,-4000
03012X,元展12          ,0,0,0,0,0,0,0,0,0,-4000,0,0,0,0,4000,-4000,-4000
059246,奇力新凱基9A購02,0,0,0,0,0,0,0,0,0,-4000,0,0,0,0,4000,-4000,-4000
059160,華通凱基99購03  ,0,0,0,0,0,0,0,0,0,-4000,0,0,0,5000,9000,-4000,-4000
05927P,正文永豐96售03  ,0,0,0,0,0,0,0,0,0,-4000,0,0,0,0,4000,-4000,-4000
059296,大立光元富99購06,0,0,0,0,0,0,0,0,0,-4000,0,0,0,13000,17000,-4000,-4000
059475,元石油群益99購02,0,0,0,0,0,0,0,0,0,-4000,0,0,0,0,4000,-4000,-4000
05523P,聯發科國票96售04,0,0,0,0,0,0,0,0,0,-4000,0,0,0,0,4000,-4000,-4000
05421P,鴻海元大96售12  ,0,0,0,0,0,0,0,0,0,-4000,0,0,0,100000,104000,-4000,-4000
05521P,創意永豐96售01  ,0,0,0,0,0,0,0,0,0,-4000,0,0,0,0,4000,-4000,-4000
056070,新日興元大97購04,0,0,0,0,0,0,0,0,0,-4000,0,0,0,0,4000,-4000,-4000
06026P,華通台新97售01  ,0,0,0,0,0,0,0,0,0,-4000,0,0,0,0,4000,-4000,-4000
060199,台郡元富9A購01  ,0,0,0,0,0,0,0,0,0,-4000,0,0,0,0,4000,-4000,-4000
060235,瑞昱元大9A購01  ,0,0,0,0,0,0,0,0,0,-4000,0,0,0,33000,37000,-4000,-4000
057843,晶技永豐98購02  ,0,0,0,0,0,0,0,0,0,-4000,0,0,0,0,4000,-4000,-4000
057787,TPK國票99購01   ,0,0,0,0,0,0,0,0,0,-4000,0,0,0,54000,58000,-4000,-4000
058967,可成麥證99購01  ,0,0,0,0,4000,-4000,0,0,0,-4000,0,0,0,0,4000,-4000,-4000
058986,華新科凱基9A購03,0,0,0,0,0,0,0,0,0,-4000,0,0,0,2000,6000,-4000,-4000
056812,泰鼎統一98購01  ,0,0,0,0,0,0,0,0,0,-4000,0,0,0,0,4000,-4000,-4000
058217,新唐群益99購01  ,0,0,0,0,0,0,0,0,0,-4000,0,0,0,0,4000,-4000,-4000
058362,聯發科凱基99購06,0,0,0,0,0,0,0,0,0,-4000,0,0,0,0,4000,-4000,-4000
058310,大立光元大99購10,0,0,0,0,0,0,0,0,0,-4000,0,0,0,0,4000,-4000,-4000
058298,聯茂凱基99購05  ,0,0,0,0,0,0,0,0,0,-4000,0,0,0,41000,45000,-4000,-4000
056484,聯茂元大98購02  ,0,0,0,0,0,0,0,0,0,-4000,0,0,0,1000,5000,-4000,-4000
059088,台積電元大99購27,0,0,0,0,0,0,0,0,0,-4000,0,0,0,0,4000,-4000,-4000
059637,大立光凱基01購01,0,0,0,0,0,0,0,0,0,-4000,0,0,0,10000,14000,-4000,-4000
059850,日電貿永豐99購01,0,0,0,0,0,0,0,0,0,-4000,0,0,0,20000,24000,-4000,-4000
059793,滬深2X國票99購03,0,0,0,0,0,0,0,0,0,-4000,0,0,0,0,4000,-4000,-4000
058374,玉晶光凱基9A購03,0,0,0,0,0,0,0,0,0,-4000,0,0,0,0,4000,-4000,-4000
057670,欣興元大99購02  ,0,0,0,0,0,0,0,0,0,-4000,0,0,0,236000,240000,-4000,-4000
057081,大立光統一98購07,0,0,0,0,0,0,0,0,0,-4000,0,0,0,0,4000,-4000,-4000
057221,華通國票98購03  ,0,0,0,0,0,0,0,0,0,-4000,0,0,0,0,4000,-4000,-4000
059922,大立光元大99購25,0,0,0,0,0,0,0,0,0,-4000,0,0,0,16000,20000,-4000,-4000
059944,欣興永豐99購03  ,0,0,0,0,0,0,0,0,0,-4000,0,0,0,67000,71000,-4000,-4000
057133,京鼎凱基98購02  ,0,0,0,0,0,0,0,0,0,-4000,0,0,0,20000,24000,-4000,-4000
3494,誠研            ,0,4000,-4000,0,0,0,0,0,0,0,0,0,0,0,0,0,-4000
4141,龍燈-KY         ,13000,17000,-4000,0,0,0,0,0,0,0,0,0,0,0,0,0,-4000
4557,永新-KY         ,0,4000,-4000,0,0,0,0,0,0,0,0,0,0,0,0,0,-4000
5284,jpp-KY          ,1000,5000,-4000,0,0,0,0,0,0,0,0,0,0,0,0,0,-4000
6136,富爾特          ,7000,4000,3000,0,0,0,0,0,0,-7000,0,7000,-7000,0,0,0,-4000
2483,百容            ,1000,6000,-5000,0,0,0,0,0,0,1000,1000,0,1000,0,0,0,-4000
2491,吉祥全          ,1000,5000,-4000,0,0,0,0,0,0,0,0,0,0,0,0,0,-4000
2616,山隆            ,0,3000,-3000,0,0,0,0,0,0,-1000,0,1000,-1000,0,0,0,-4000
2701,萬企            ,0,4000,-4000,0,0,0,0,0,0,0,0,0,0,0,0,0,-4000
2910,統領            ,0,4000,-4000,0,0,0,0,0,0,0,0,0,0,0,0,0,-4000
2881A,富邦特          ,0,4000,-4000,0,0,0,0,0,0,0,0,0,0,0,0,0,-4000
1521,大億            ,0,3000,-3000,0,0,0,0,0,0,-1000,0,1000,-1000,0,0,0,-4000
1725,元禎            ,0,3000,-3000,0,0,0,0,0,0,-1000,0,1000,-1000,0,0,0,-4000
1713,國化            ,0,0,0,0,0,0,0,0,0,-4000,0,4000,-4000,0,0,0,-4000
1902,台紙            ,151000,150000,1000,0,0,0,0,0,0,-5000,0,5000,-5000,0,0,0,-4000
07535P,上銀元富9A售03  ,0,0,0,0,0,0,0,0,0,-4000,0,0,0,46000,50000,-4000,-4000
4764,雙鍵            ,3000,4800,-1800,0,0,0,0,0,0,-3000,0,3000,-3000,0,0,0,-4800
06209P,旺宏統一97售07  ,0,0,0,0,0,0,0,0,0,-5000,0,0,0,0,5000,-5000,-5000
062154,國巨凱基9C購02  ,0,0,0,0,0,0,0,0,0,-5000,0,0,0,0,5000,-5000,-5000
062170,健策永豐9B購04  ,0,0,0,0,0,0,0,0,0,-5000,0,0,0,14000,19000,-5000,-5000
062140,元金2X國票9B購03,0,0,0,0,0,0,0,0,0,-5000,0,0,0,0,5000,-5000,-5000
062151,世紀鋼國票01購01,0,0,0,0,0,0,0,0,0,-5000,0,0,0,0,5000,-5000,-5000
061976,國巨元大9B購01  ,0,0,0,0,0,0,0,0,0,-5000,0,0,0,113000,118000,-5000,-5000
061913,宏碁中信9B購01  ,0,0,0,0,0,0,0,0,0,-5000,0,0,0,0,5000,-5000,-5000
062043,牧德凱基9B購04  ,0,0,0,0,0,0,0,0,0,-5000,0,0,0,2000,7000,-5000,-5000
062434,華通元大9B購04  ,0,0,0,0,0,0,0,0,0,-5000,0,0,0,0,5000,-5000,-5000
062295,康友永豐9B購01  ,0,0,0,0,0,0,0,0,0,-5000,0,0,0,0,5000,-5000,-5000
062358,國巨元大9B購12  ,0,0,0,0,0,0,0,0,0,-5000,0,0,0,0,5000,-5000,-5000
062493,元金反中信9B購01,0,0,0,0,0,0,0,0,0,-5000,0,0,0,0,5000,-5000,-5000
06834P,訊芯群益99售02  ,0,0,0,0,0,0,0,0,0,-5000,0,0,0,0,5000,-5000,-5000
06859P,元金2X中信9C售01,0,0,0,0,0,0,0,0,0,-5000,0,0,0,25000,30000,-5000,-5000
07274P,上証2X群益01售01,0,0,0,0,0,0,0,0,0,-5000,0,0,0,0,5000,-5000,-5000
07301P,臺股指元大9A售34,0,0,0,0,0,0,0,0,0,-5000,0,0,0,0,5000,-5000,-5000
07295P,滬深2X元富9C售09,0,0,0,0,0,0,0,0,0,-5000,0,0,0,0,5000,-5000,-5000
07197P,臺股指元大99售13,0,0,0,0,0,0,0,0,0,-5000,0,0,0,30000,35000,-5000,-5000
07207P,台積電凱基99售13,0,0,0,0,0,0,0,0,0,-5000,0,0,0,0,5000,-5000,-5000
07374P,鴻海元大99售41  ,0,0,0,0,0,0,0,0,0,-5000,0,0,0,55000,60000,-5000,-5000
07376P,聯發科元大99售39,0,0,0,0,0,0,0,0,0,-5000,0,0,0,0,5000,-5000,-5000
06997P,台灣50中信03售01,0,0,0,0,0,0,0,0,0,-5000,0,0,0,0,5000,-5000,-5000
061047,大立光第一9A購01,0,0,0,0,0,0,0,0,0,-5000,0,0,0,5000,10000,-5000,-5000
061035,亞光永豐9A購01  ,0,0,0,0,0,0,0,0,0,-5000,0,0,0,0,5000,-5000,-5000
060972,T50反1元大9A購10,0,0,0,0,0,0,0,0,0,-5000,0,0,0,0,5000,-5000,-5000
060999,國巨兆豐9A購01  ,0,0,0,0,0,0,0,0,0,-5000,0,0,0,0,5000,-5000,-5000
060872,高股息中信02購01,0,0,0,0,0,0,0,0,0,-5000,0,0,0,0,5000,-5000,-5000
06089P,矽創永豐97售01  ,0,0,0,0,0,0,0,0,0,-5000,0,0,0,0,5000,-5000,-5000
060894,奇力新凱基9A購03,0,0,0,0,0,0,0,0,0,-5000,0,0,0,0,5000,-5000,-5000
060778,臺股指凱基9A購06,0,0,0,0,0,0,0,0,0,-5000,0,0,0,45000,50000,-5000,-5000
06054P,臺股指中信9A售01,0,0,0,0,0,0,0,0,0,-5000,0,0,0,5000,10000,-5000,-5000
060615,T50反1元大9A購07,0,0,0,0,0,0,0,0,0,-5000,0,0,0,0,5000,-5000,-5000
060655,國巨統一9B購06  ,0,0,0,0,0,0,0,0,0,-5000,0,0,0,0,5000,-5000,-5000
060662,旺宏凱基9A購03  ,0,0,0,0,0,0,0,0,0,-5000,0,0,0,0,5000,-5000,-5000
061277,智邦台新9A購01  ,0,0,0,0,0,0,0,0,0,-5000,0,0,0,10000,15000,-5000,-5000
061839,華新科凱基05購04,0,0,0,0,0,0,0,0,0,-5000,0,0,0,0,5000,-5000,-5000
061760,臺指反元大01購06,0,0,0,0,0,0,0,0,0,-5000,0,0,0,0,5000,-5000,-5000
061598,南電永豐9A購04  ,0,0,0,0,0,0,0,0,0,-5000,0,0,0,0,5000,-5000,-5000
061573,義隆元大9A購02  ,0,0,0,0,0,0,0,0,0,-5000,0,0,0,0,5000,-5000,-5000
061562,群創國票9B購01  ,0,0,0,0,0,0,0,0,0,-5000,0,0,0,0,5000,-5000,-5000
056075,瀚宇博元大97購03,0,0,0,0,0,0,0,0,0,-5000,0,0,0,68000,73000,-5000,-5000
055774,台光電凱基97購02,0,0,0,0,0,0,0,0,0,-5000,0,0,0,5000,10000,-5000,-5000
054760,台化國票9A購01  ,0,0,0,0,0,0,0,0,0,-5000,0,0,0,0,5000,-5000,-5000
05403P,台積電富邦95售08,0,0,0,0,0,0,0,0,0,-5000,0,0,0,0,5000,-5000,-5000
053855,康友國泰98購01  ,0,0,0,0,0,0,0,0,0,-5000,0,0,0,0,5000,-5000,-5000
05579P,友達凱基98售03  ,0,0,0,0,0,0,0,0,0,-5000,0,0,0,0,5000,-5000,-5000
054296,世芯元大97購01  ,0,0,0,0,0,0,0,0,0,-5000,0,0,0,0,5000,-5000,-5000
054872,瀚宇博群益98購01,0,0,0,0,0,0,0,0,0,-5000,0,0,0,98000,103000,-5000,-5000
054840,T50反1兆豐98購01,0,0,0,0,0,0,0,0,0,-5000,0,0,0,0,5000,-5000,-5000
055243,國巨統一97購04  ,0,0,0,0,0,0,0,0,0,-5000,0,0,0,0,5000,-5000,-5000
055264,國巨永豐98購01  ,0,0,0,0,0,0,0,0,0,-5000,0,0,0,0,5000,-5000,-5000
055352,奇力新凱基97購01,0,0,0,0,0,0,0,0,0,-5000,0,0,0,0,5000,-5000,-5000
055408,力成國泰98購01  ,0,0,0,0,0,0,0,0,0,-5000,0,0,0,5000,10000,-5000,-5000
055384,緯穎元大98購02  ,0,0,0,0,0,0,0,0,0,-5000,0,0,0,0,5000,-5000,-5000
055392,凱美統一97購03  ,0,0,0,0,0,0,0,0,0,-5000,0,0,0,0,5000,-5000,-5000
055428,友達群益9C購01  ,0,5000,-5000,0,0,0,0,0,0,0,0,0,0,0,0,0,-5000
055988,矽力元富97購01  ,0,0,0,0,0,0,0,0,0,-5000,0,0,0,0,5000,-5000,-5000
055923,矽力凱基98購01  ,0,0,0,0,0,0,0,0,0,-5000,0,0,0,20000,25000,-5000,-5000
055091,微星群益97購01  ,0,0,0,0,0,0,0,0,0,-5000,0,0,0,98000,103000,-5000,-5000
055068,亞翔永豐97購01  ,0,0,0,0,0,0,0,0,0,-5000,0,0,0,0,5000,-5000,-5000
059482,貿聯群益99購05  ,0,0,0,0,0,0,0,0,0,-5000,0,0,0,0,5000,-5000,-5000
059516,TPK永豐99購01   ,0,0,0,0,0,0,0,0,0,-5000,0,0,0,41000,46000,-5000,-5000
059541,T50正2康和99購01,0,0,0,0,0,0,0,0,0,-5000,0,0,0,10000,15000,-5000,-5000
059543,可成亞東99購02  ,0,0,0,0,0,0,0,0,0,-5000,0,0,0,0,5000,-5000,-5000
059254,台表科凱基9A購02,0,0,0,0,0,0,0,0,0,-5000,0,0,0,8000,13000,-5000,-5000
059324,智易元大99購04  ,0,0,0,0,0,0,0,0,0,-5000,0,0,0,0,5000,-5000,-5000
00763U,街口道瓊銅      ,0,0,0,0,0,0,0,0,0,-5000,0,0,0,36000,41000,-5000,-5000
00736,國泰新興市場    ,190000,63000,127000,0,0,0,0,0,0,-132000,0,0,0,163000,295000,-132000,-5000
051428,玉晶光統一96購01,0,0,0,0,0,0,0,0,0,-5000,0,0,0,1394000,1399000,-5000,-5000
03052X,元展49          ,0,0,0,0,0,0,0,0,0,-5000,0,0,0,0,5000,-5000,-5000
03437B,臺股指元富9C熊01,0,0,0,0,0,0,0,0,0,-5000,0,0,0,0,5000,-5000,-5000
051488,健策凱基96購04  ,0,0,0,0,0,0,0,0,0,-5000,0,0,0,0,5000,-5000,-5000
053220,瀚宇博凱基98購01,0,0,0,0,0,0,0,0,0,-5000,0,0,0,0,5000,-5000,-5000
05013P,台積電元大96售05,0,0,0,0,0,0,0,0,0,-5000,0,0,0,0,5000,-5000,-5000
050049,華通群益96購01  ,0,0,0,0,0,0,0,0,0,-5000,0,0,0,0,5000,-5000,-5000
054516,國巨元大97購02  ,0,0,0,0,0,0,0,0,0,-5000,0,0,0,0,5000,-5000,-5000
053570,京元電統一96購01,0,0,0,0,0,0,0,0,0,-5000,0,0,0,0,5000,-5000,-5000
056245,嘉澤群益97購01  ,0,0,0,0,0,0,0,0,0,-5000,0,0,0,26000,31000,-5000,-5000
05350P,可成元富98售04  ,0,0,0,0,0,0,0,0,0,-5000,0,0,0,0,5000,-5000,-5000
052049,緯創凱基97購01  ,0,0,0,0,0,0,0,0,0,-5000,0,0,0,20000,25000,-5000,-5000
05189P,新光金凱基97售02,0,0,0,0,0,0,0,0,0,-5000,0,0,0,40000,45000,-5000,-5000
053029,國巨第一96購01  ,0,0,0,0,0,0,0,0,0,-5000,0,0,0,0,5000,-5000,-5000
052984,漢唐元大96購01  ,0,0,0,0,0,0,0,0,0,-5000,0,0,0,5000,10000,-5000,-5000
051682,元黃金凱基97購01,0,0,0,0,0,0,0,0,0,-5000,0,0,0,0,5000,-5000,-5000
057136,立積凱基98購02  ,0,0,0,0,0,0,0,0,0,-5000,0,0,0,0,5000,-5000,-5000
056767,大毅元大99購01  ,0,0,0,0,0,0,0,0,0,-5000,0,0,0,276000,281000,-5000,-5000
059915,聯發科元大99購32,0,0,0,0,0,0,0,0,0,-5000,0,0,0,0,5000,-5000,-5000
059919,宏達電元大99購06,0,0,0,0,0,0,0,0,0,-5000,0,0,0,71000,76000,-5000,-5000
059879,GIS凱基99購03   ,0,0,0,0,0,0,0,0,0,-5000,0,0,0,35000,40000,-5000,-5000
059889,華新科國票99購04,0,0,0,0,0,0,0,0,0,-5000,0,0,0,0,5000,-5000,-5000
056412,上証2X中信9A購02,0,0,0,0,0,0,0,0,0,-5000,0,0,0,4000,9000,-5000,-5000
057216,聯發科群益99購01,0,0,0,0,0,0,0,0,0,-5000,0,0,0,10000,15000,-5000,-5000
057329,緯穎群益98購02  ,0,0,0,0,0,0,0,0,0,-5000,0,0,0,59000,64000,-5000,-5000
057619,玉晶光凱基98購02,0,0,0,0,0,0,0,0,0,-5000,0,0,0,20000,25000,-5000,-5000
057672,茂林元大98購02  ,0,0,0,0,0,0,0,0,0,-5000,0,0,0,50000,55000,-5000,-5000
057629,泰碩永豐98購02  ,0,0,0,0,0,0,0,0,0,-5000,0,0,0,0,5000,-5000,-5000
05757P,旺宏永豐96售03  ,0,0,0,0,0,0,0,0,0,-5000,0,0,0,0,5000,-5000,-5000
057591,鴻海兆豐99購01  ,0,0,0,0,0,0,0,0,0,-5000,0,0,0,0,5000,-5000,-5000
056594,台積電元富98購03,0,0,0,0,0,0,0,0,0,-5000,0,0,0,42000,47000,-5000,-5000
059780,滬深2X元大9C購06,0,0,0,0,0,0,0,0,0,-5000,0,0,0,0,5000,-5000,-5000
05980P,台積電永昌96售09,0,0,0,0,0,0,0,0,0,-5000,0,0,0,10000,15000,-5000,-5000
059828,健策凱基99購05  ,0,0,0,0,0,0,0,0,0,-5000,0,0,0,7000,12000,-5000,-5000
056503,楠梓電永豐98購01,0,0,0,0,0,0,0,0,0,-5000,0,0,0,0,5000,-5000,-5000
059117,禾伸堂永豐99購01,0,0,0,0,0,0,0,0,0,-5000,0,0,0,40000,45000,-5000,-5000
056568,台表科群益98購01,0,0,0,0,0,0,0,0,0,-5000,0,0,0,76000,81000,-5000,-5000
058349,滬深2X日盛9A購01,0,0,0,0,0,0,0,0,0,-5000,0,0,0,0,5000,-5000,-5000
058741,欣興日盛99購01  ,0,0,0,0,0,0,0,0,0,-5000,0,0,0,6000,11000,-5000,-5000
05876P,聯發科群益96售03,0,0,0,0,0,0,0,0,0,-5000,0,0,0,2000,7000,-5000,-5000
059197,可成永豐99購02  ,0,0,0,0,0,0,0,0,0,-5000,0,0,0,0,5000,-5000,-5000
058164,FBVIX凱基03購02 ,0,0,0,0,0,0,0,0,0,-5000,0,0,0,0,5000,-5000,-5000
058165,FBVIX凱基9C購01 ,0,0,0,0,0,0,0,0,0,-5000,0,0,0,0,5000,-5000,-5000
058244,神達元大99購02  ,0,0,0,0,0,0,0,0,0,-5000,0,0,0,68000,73000,-5000,-5000
058277,FBVIX中信03購01 ,0,0,0,0,0,0,0,0,0,-5000,0,0,0,0,5000,-5000,-5000
057892,上証2X元富02購01,0,0,0,0,0,0,0,0,0,-5000,0,0,0,0,5000,-5000,-5000
057954,宏碁元大99購01  ,0,0,0,0,0,0,0,0,0,-5000,0,0,0,0,5000,-5000,-5000
058001,FBVIX群益9B購02 ,0,0,0,0,0,0,0,0,0,-5000,0,0,0,0,5000,-5000,-5000
058002,FBVIX群益9C購01 ,0,0,0,0,0,0,0,0,0,-5000,0,0,0,0,5000,-5000,-5000
058003,FBVIX群益9C購02 ,0,0,0,0,0,0,0,0,0,-5000,0,0,0,0,5000,-5000,-5000
058567,華新科凱基9A購02,0,0,0,0,0,0,0,0,0,-5000,0,0,0,10000,15000,-5000,-5000
056819,奇力新永豐98購01,0,0,0,0,0,0,0,0,0,-5000,0,0,0,0,5000,-5000,-5000
056892,旺宏元大9A購02  ,0,0,0,0,0,0,0,0,0,-5000,0,0,0,0,5000,-5000,-5000
05902P,華通國票96售02  ,0,0,0,0,0,0,0,0,0,-5000,0,0,0,14000,19000,-5000,-5000
058854,樺漢群益9B購01  ,0,0,0,0,0,0,0,0,0,-5000,0,0,0,100000,105000,-5000,-5000
058636,亞光兆豐9A購01  ,0,0,0,0,0,0,0,0,0,-5000,0,0,0,0,5000,-5000,-5000
05778P,台積電統一96售05,0,0,0,0,0,0,0,0,0,-5000,0,0,0,0,5000,-5000,-5000
057758,鴻海凱基99購03  ,0,0,0,0,0,0,0,0,0,-5000,0,0,0,0,5000,-5000,-5000
057778,大立光群益98購02,0,0,0,0,0,0,0,0,0,-5000,0,0,0,0,5000,-5000,-5000
058708,臺股指元大9A購21,0,0,0,0,0,0,0,0,0,-5000,0,0,0,0,5000,-5000,-5000
060088,國巨元大99購30  ,0,0,0,0,0,0,0,0,0,-5000,0,0,0,20000,25000,-5000,-5000
060086,鴻海元大99購42  ,0,0,0,0,0,0,0,0,0,-5000,0,0,0,0,5000,-5000,-5000
060164,合勤控永豐9A購01,0,0,0,0,0,0,0,0,0,-5000,0,0,0,5000,10000,-5000,-5000
060315,易華電永豐9A購01,0,0,0,0,0,0,0,0,0,-5000,0,0,0,35000,40000,-5000,-5000
060481,巨大元大9A購01  ,0,0,0,0,0,0,0,0,0,-5000,0,0,0,5000,10000,-5000,-5000
060370,滬深2X元富04購01,0,0,0,0,0,0,0,0,0,-5000,0,0,0,0,5000,-5000,-5000
6165,捷泰            ,38000,43000,-5000,0,0,0,0,0,0,0,0,0,0,0,0,0,-5000
5608,四維航          ,34000,37000,-3000,0,0,0,0,0,0,-2000,0,2000,-2000,0,0,0,-5000
3011,今皓            ,0,5000,-5000,0,0,0,0,0,0,0,0,0,0,0,0,0,-5000
2911,麗嬰房          ,0,8000,-8000,0,0,0,0,0,0,3000,3000,0,3000,0,0,0,-5000
2613,中櫃            ,0,5000,-5000,0,0,0,0,0,0,0,0,0,0,0,0,0,-5000
2516,新建            ,2000,9000,-7000,0,0,0,0,0,0,2000,2000,0,2000,0,0,0,-5000
2069,運錩            ,4000,10000,-6000,0,0,0,0,0,0,1000,1000,0,1000,0,0,0,-5000
07752P,台灣50元大9C售33,0,0,0,0,0,0,0,0,0,-5000,0,0,0,10000,15000,-5000,-5000
1525,江申            ,1000,0,1000,0,0,0,0,5000,-5000,-1000,0,1000,-1000,0,0,0,-5000
1558,伸興            ,0,5000,-5000,0,0,0,0,0,0,0,0,0,0,0,0,0,-5000
1232,大統益          ,1000,7000,-6000,0,0,0,0,0,0,1000,1000,0,1000,0,0,0,-5000
08637P,台灣50中信96售03,0,0,0,0,0,0,0,0,0,-5000,0,0,0,5000,10000,-5000,-5000
07998P,聯電凱基9C售01  ,0,0,0,0,0,0,0,0,0,-5000,0,0,0,0,5000,-5000,-5000
6573,虹揚-KY         ,23300,29300,-6000,0,0,0,0,0,0,1000,1000,0,1000,0,0,0,-5000
6024,群益期          ,22000,27400,-5400,0,0,0,0,0,0,0,0,0,0,0,0,0,-5400
061636,聯發科元大9A購11,0,0,0,0,0,0,0,0,0,-6000,0,0,0,1000,7000,-6000,-6000
061853,晶技國票9B購02  ,0,0,0,0,0,0,0,0,0,-6000,0,0,0,6000,12000,-6000,-6000
061850,國巨國票9C購02  ,0,0,0,0,0,0,0,0,0,-6000,0,0,0,0,6000,-6000,-6000
061506,瑞祺國票9A購02  ,0,0,0,0,0,0,0,0,0,-6000,0,0,0,55000,61000,-6000,-6000
061400,可成兆豐9B購02  ,0,0,0,0,0,0,0,0,0,-6000,0,0,0,1000,7000,-6000,-6000
060648,鴻海第一9A購01  ,0,0,0,0,0,0,0,0,0,-6000,0,0,0,0,6000,-6000,-6000
060780,祥碩國泰9B購01  ,0,0,0,0,0,0,0,0,0,-6000,0,0,0,8000,14000,-6000,-6000
060808,欣興群益9A購01  ,0,0,0,0,0,0,0,0,0,-6000,0,0,0,0,6000,-6000,-6000
060992,健策元大9A購05  ,0,0,0,0,0,0,0,0,0,-6000,0,0,0,150000,156000,-6000,-6000
07013P,玉晶光群益9A售06,0,0,0,0,0,0,0,0,0,-6000,0,0,0,10000,16000,-6000,-6000
07016P,聯發科元大99售10,0,0,0,0,0,0,0,0,0,-6000,0,0,0,2000,8000,-6000,-6000
06631P,玉晶光群益9A售03,0,0,0,0,0,0,0,0,0,-6000,0,0,0,10000,16000,-6000,-6000
06327P,台積電中信01售01,0,0,0,0,0,0,0,0,0,-6000,0,0,0,0,6000,-6000,-6000
062313,聯詠凱基9C購01  ,0,0,0,0,0,0,0,0,0,-6000,0,0,0,0,6000,-6000,-6000
062412,道瓊指中信9C購05,0,0,0,0,0,0,0,0,0,-6000,0,0,0,0,6000,-6000,-6000
062444,大立光元大9C購01,0,0,0,0,0,0,0,0,0,-6000,0,0,0,0,6000,-6000,-6000
061957,上銀統一01購01  ,0,0,0,0,0,0,0,0,0,-6000,0,0,0,0,6000,-6000,-6000
061952,臺股指群益9B購01,0,0,0,0,0,0,0,0,0,-6000,0,0,0,0,6000,-6000,-6000
062144,華通國票9B購01  ,0,0,0,0,0,0,0,0,0,-6000,0,0,0,0,6000,-6000,-6000
052937,國巨兆豐97購01  ,0,0,0,0,0,0,0,0,0,-6000,0,0,0,47000,53000,-6000,-6000
056246,祥碩群益97購01  ,0,0,0,0,0,0,0,0,0,-6000,0,0,0,0,6000,-6000,-6000
055604,訊芯元大98購02  ,0,0,0,0,0,0,0,0,0,-6000,0,0,0,0,6000,-6000,-6000
056378,欣興元富98購01  ,0,0,0,0,0,0,0,0,0,-6000,0,0,0,0,6000,-6000,-6000
053735,矽力中信97購01  ,0,0,0,0,0,0,0,0,0,-6000,0,0,0,0,6000,-6000,-6000
053643,漢唐國票97購02  ,0,0,0,0,0,0,0,0,0,-6000,0,0,0,0,6000,-6000,-6000
03857P,聯發科元富99售02,0,0,0,0,0,0,0,0,0,-6000,0,0,0,0,6000,-6000,-6000
051192,緯創兆豐96購01  ,0,0,0,0,0,0,0,0,0,-6000,0,0,0,4000,10000,-6000,-6000
050220,台積電元富96購01,0,0,0,0,0,0,0,0,0,-6000,0,0,0,0,6000,-6000,-6000
059596,大立光元大99購20,0,0,0,0,0,0,0,0,0,-6000,0,0,0,0,6000,-6000,-6000
055932,玉山金群益99購01,0,0,0,0,0,0,0,0,0,-6000,0,0,0,0,6000,-6000,-6000
055008,隆達元富97購01  ,0,0,0,0,0,0,0,0,0,-6000,0,0,0,0,6000,-6000,-6000
056026,智易群益97購01  ,0,0,0,0,0,0,0,0,0,-6000,0,0,0,94000,100000,-6000,-6000
055429,華新科群益99購01,0,0,0,0,0,0,0,0,0,-6000,0,0,0,0,6000,-6000,-6000
054129,技嘉元大96購02  ,0,0,0,0,0,0,0,0,0,-6000,0,0,0,4000,10000,-6000,-6000
055211,A50反1凱基9A購01,0,0,0,0,0,0,0,0,0,-6000,0,0,0,0,6000,-6000,-6000
055227,聯發科國票98購02,0,0,0,0,0,0,0,0,0,-6000,0,0,0,12000,18000,-6000,-6000
05463P,創意國票96售04  ,0,0,0,0,0,0,0,0,0,-6000,0,0,0,0,6000,-6000,-6000
054649,聯茂群益97購01  ,0,0,0,0,0,0,0,0,0,-6000,0,0,0,28000,34000,-6000,-6000
060376,瑞祺元富9A購01  ,0,0,0,0,0,0,0,0,0,-6000,0,0,0,136000,142000,-6000,-6000
060253,昇陽半元大9C購01,0,0,0,0,0,0,0,0,0,-6000,0,0,0,0,6000,-6000,-6000
060166,佐登永豐9A購01  ,0,0,0,0,0,0,0,0,0,-6000,0,0,0,21000,27000,-6000,-6000
06012P,世芯國票96售01  ,0,0,0,0,0,0,0,0,0,-6000,0,0,0,4000,10000,-6000,-6000
058692,華邦電國票9B購01,0,0,0,0,0,0,0,0,0,-6000,0,0,0,0,6000,-6000,-6000
05782P,聯詠元富96售02  ,0,0,0,0,0,0,0,0,0,-6000,0,0,0,0,6000,-6000,-6000
058632,世紀鋼國票9A購01,0,0,0,0,0,0,0,0,0,-6000,0,0,0,0,6000,-6000,-6000
05895P,奇力新群益96售03,0,0,0,0,0,0,0,0,0,-6000,0,0,0,0,6000,-6000,-6000
059016,晶相光元富99購03,0,0,0,0,0,0,0,0,0,-6000,0,0,0,0,6000,-6000,-6000
05679P,台表科群益96售05,0,0,0,0,0,0,0,0,0,-6000,0,0,0,9000,15000,-6000,-6000
057947,和碩國票99購01  ,0,0,0,0,0,0,0,0,0,-6000,0,0,0,0,6000,-6000,-6000
059707,健策凱基9A購03  ,0,0,0,0,0,0,0,0,0,-6000,0,0,0,2000,8000,-6000,-6000
059672,滬深2X元富99購06,0,0,0,0,0,0,0,0,0,-6000,0,0,0,0,6000,-6000,-6000
059648,台表科凱基99購03,0,0,0,0,0,0,0,0,0,-6000,0,0,0,0,6000,-6000,-6000
058424,滬深2X元富99購04,0,0,0,0,0,0,0,0,0,-6000,0,0,0,99000,105000,-6000,-6000
058477,億光凱基9A購01  ,0,0,0,0,0,0,0,0,0,-6000,0,0,0,0,6000,-6000,-6000
057250,大立光統一98購08,0,0,0,0,0,0,0,0,0,-6000,0,0,0,0,6000,-6000,-6000
057281,大立光元大98購16,0,0,0,0,0,0,0,0,0,-6000,0,0,0,0,6000,-6000,-6000
056426,上証2X凱基9A購01,0,0,0,0,0,0,0,0,0,-6000,0,0,0,0,6000,-6000,-6000
059956,玉山金康和99購01,0,0,0,0,0,0,0,0,0,-6000,0,0,0,4000,10000,-6000,-6000
6405,悅城            ,0,6000,-6000,0,0,0,0,0,0,0,0,0,0,0,0,0,-6000
3015,全漢            ,54000,68000,-14000,0,0,0,0,0,0,8000,8000,0,8000,0,0,0,-6000
3686,達能            ,0,6000,-6000,0,0,0,0,0,0,0,0,0,0,0,0,0,-6000
3528,安馳            ,0,6000,-6000,0,0,0,0,0,0,0,0,0,0,0,0,0,-6000
2433,互盛電          ,2000,18000,-16000,0,0,0,0,0,0,10000,10000,0,10000,0,0,0,-6000
2704,國賓            ,15000,21000,-6000,0,0,0,0,0,0,0,0,0,0,0,0,0,-6000
08002P,大毅國票9B售03  ,0,0,0,0,0,0,0,0,0,-6000,0,0,0,0,6000,-6000,-6000
1234,黑松            ,1000,4000,-3000,0,0,0,0,0,0,-3000,0,3000,-3000,0,0,0,-6000
07951P,智邦元大9B售05  ,0,0,0,0,0,0,0,0,0,-6000,0,0,0,23000,29000,-6000,-6000
1435,中福            ,8000,14000,-6000,0,0,0,0,0,0,0,0,0,0,0,0,0,-6000
1626,艾美特-KY       ,4000,14000,-10000,0,0,0,0,0,0,4000,4000,0,4000,0,0,0,-6000
07537P,玉晶光元富9A售04,0,0,0,0,0,0,0,0,0,-6000,0,0,0,0,6000,-6000,-6000
07555P,玉晶光元大9A售07,0,0,0,0,0,0,0,0,0,-6000,0,0,0,10000,16000,-6000,-6000
07500P,微星元大9A售01  ,0,0,0,0,0,0,0,0,0,-6000,0,0,0,197000,203000,-6000,-6000
07638P,長榮航國票9A售01,0,0,0,0,0,0,0,0,0,-6000,0,0,0,4000,10000,-6000,-6000
6579,研揚            ,0,6000,-6000,0,0,0,0,0,0,0,0,0,0,0,0,0,-6000
6655,科定            ,2000,8000,-6000,0,0,0,0,0,0,0,0,0,0,0,0,0,-6000
6541,泰福-KY         ,43000,54000,-11000,0,0,0,0,0,0,5000,5000,0,5000,0,0,0,-6000
9944,新麗            ,0,7000,-7000,0,0,0,0,0,0,1000,1000,0,1000,0,0,0,-6000
8463,潤泰材          ,50000,56000,-6000,0,0,0,0,0,0,0,0,0,0,0,0,0,-6000
06207P,聯發科凱基97售07,0,0,0,0,0,0,0,0,0,-7000,0,0,0,0,7000,-7000,-7000
062645,國巨國泰9B購08  ,0,0,0,0,0,0,0,0,0,-7000,0,0,0,1000,8000,-7000,-7000
06486P,麗豐元大98售02  ,0,0,0,0,0,0,0,0,0,-7000,0,0,0,336000,343000,-7000,-7000
06750P,聯發科元富02售03,0,0,0,0,0,0,0,0,0,-7000,0,0,0,0,7000,-7000,-7000
06960P,國巨凱基99售08  ,0,0,0,0,0,0,0,0,0,-7000,0,0,0,1000,8000,-7000,-7000
07103P,南電元大99售04  ,0,0,0,0,0,0,0,0,0,-7000,0,0,0,24000,31000,-7000,-7000
060633,玉晶光富邦02購01,0,0,0,0,0,0,0,0,0,-7000,0,0,0,169000,176000,-7000,-7000
060594,國巨麥證9A購01  ,0,0,0,0,7000,-7000,0,0,0,-7000,0,0,0,0,7000,-7000,-7000
061467,嘉澤群益9A購01  ,0,0,0,0,0,0,0,0,0,-7000,0,0,0,3000,10000,-7000,-7000
061611,南六統一01購01  ,0,0,0,0,0,0,0,0,0,-7000,0,0,0,8000,15000,-7000,-7000
053950,緯穎富邦97購02  ,0,0,0,0,0,0,0,0,0,-7000,0,0,0,0,7000,-7000,-7000
054061,晶技國票97購03  ,0,0,0,0,0,0,0,0,0,-7000,0,0,0,14000,21000,-7000,-7000
054276,國巨群益96購07  ,0,0,0,0,0,0,0,0,0,-7000,0,0,0,0,7000,-7000,-7000
055521,S&P反1群益01購01,0,0,0,0,0,0,0,0,0,-7000,0,0,0,0,7000,-7000,-7000
05529P,臺股指群益96售02,0,0,0,0,0,0,0,0,0,-7000,0,0,0,0,7000,-7000,-7000
055900,瀚宇博中信97購01,0,0,0,0,0,0,0,0,0,-7000,0,0,0,0,7000,-7000,-7000
059564,鴻海凱基9A購15  ,0,0,0,0,0,0,0,0,0,-7000,0,0,0,0,7000,-7000,-7000
059154,可成日盛99購02  ,0,0,0,0,0,0,0,0,0,-7000,0,0,0,0,7000,-7000,-7000
02001L,富邦蘋果正二N   ,0,0,0,0,0,0,0,0,0,-7000,0,0,0,0,7000,-7000,-7000
00666R,富邦恒生國企反1 ,0,1000,-1000,0,0,0,0,0,0,-6000,0,0,0,105000,111000,-6000,-7000
051536,玉晶光國票97購01,0,0,0,0,0,0,0,0,0,-7000,0,0,0,37000,44000,-7000,-7000
054418,茂林元大97購01  ,0,0,0,0,0,0,0,0,0,-7000,0,0,0,0,7000,-7000,-7000
056240,嘉晶群益97購02  ,0,0,0,0,0,0,0,0,0,-7000,0,0,0,161000,168000,-7000,-7000
057111,立積群益98購02  ,0,0,0,0,0,0,0,0,0,-7000,0,0,0,0,7000,-7000,-7000
057355,彩晶統一98購03  ,0,0,0,0,0,0,0,0,0,-7000,0,0,0,5000,12000,-7000,-7000
056657,華邦電元大99購01,0,0,0,0,0,0,0,0,0,-7000,0,0,0,0,7000,-7000,-7000
059199,欣興永豐99購02  ,0,0,0,0,0,0,0,0,0,-7000,0,0,0,3000,10000,-7000,-7000
059190,欣興富邦9A購01  ,0,0,0,0,0,0,0,0,0,-7000,0,0,0,2000,9000,-7000,-7000
057462,光磊永豐98購02  ,0,0,0,0,0,0,0,0,0,-7000,0,0,0,59000,66000,-7000,-7000
058578,聯發科群益99購03,0,0,0,0,0,0,0,0,0,-7000,0,0,0,0,7000,-7000,-7000
058110,光寶科元富98購01,0,0,0,0,0,0,0,0,0,-7000,0,0,0,0,7000,-7000,-7000
059050,元油2X凱基9B購08,0,0,0,0,0,0,0,0,0,-7000,0,0,0,3000,10000,-7000,-7000
058630,日月光國票9A購01,0,0,0,0,0,0,0,0,0,-7000,0,0,0,10000,17000,-7000,-7000
057837,康控國泰99購02  ,0,0,0,0,0,0,0,0,0,-7000,0,0,0,0,7000,-7000,-7000
6666,羅麗芬-KY       ,7000,14000,-7000,0,0,0,0,0,0,0,0,0,0,0,0,0,-7000
07655P,台灣50凱基01售09,0,0,0,0,0,0,0,0,0,-7000,0,0,0,25000,32000,-7000,-7000
07486P,上証2X國票9B售02,0,0,0,0,0,0,0,0,0,-7000,0,0,0,5000,12000,-7000,-7000
07965P,玉晶光群益01售02,0,0,0,0,0,0,0,0,0,-7000,0,0,0,0,7000,-7000,-7000
07913P,友達元大01售01  ,0,0,0,0,0,0,0,0,0,-7000,0,0,0,0,7000,-7000,-7000
07992P,玉晶光群益01售04,0,0,0,0,0,0,0,0,0,-7000,0,0,0,0,7000,-7000,-7000
2543,皇昌            ,0,7000,-7000,0,0,0,0,0,0,0,0,0,0,0,0,0,-7000
2358,廷鑫            ,4000,13000,-9000,0,0,0,0,0,0,2000,2000,0,2000,0,0,0,-7000
6152,百一            ,0,7000,-7000,0,0,0,0,0,0,0,0,0,0,0,0,0,-7000
4912,聯德控股-KY     ,2000,9000,-7000,0,0,0,0,0,0,0,0,0,0,0,0,0,-7000
5533,皇鼎            ,2000,9000,-7000,0,0,0,0,0,0,0,0,0,0,0,0,0,-7000
061543,南亞科群益9A購01,0,0,0,0,0,0,0,0,0,-8000,0,0,0,2000,10000,-8000,-8000
061674,聯發科元大9A購12,0,0,0,0,0,0,0,0,0,-8000,0,0,0,0,8000,-8000,-8000
061701,友達國票9B購02  ,0,0,0,0,0,0,0,0,0,-8000,0,0,0,0,8000,-8000,-8000
061847,力山國票9B購01  ,0,0,0,0,0,0,0,0,0,-8000,0,0,0,0,8000,-8000,-8000
061466,創意群益9A購01  ,0,0,0,0,0,0,0,0,0,-8000,0,0,0,176000,184000,-8000,-8000
061410,緯穎國票9A購03  ,0,0,0,0,0,0,0,0,0,-8000,0,0,0,18000,26000,-8000,-8000
060565,大立光富邦01購01,0,0,0,0,0,0,0,0,0,-8000,0,0,0,0,8000,-8000,-8000
060987,華新科元大9A購11,0,0,0,0,0,0,0,0,0,-8000,0,0,0,70000,78000,-8000,-8000
060910,聯發科元大9A購05,0,0,0,0,0,0,0,0,0,-8000,0,0,0,28000,36000,-8000,-8000
060859,鴻海永豐9A購01  ,0,0,0,0,0,0,0,0,0,-8000,0,0,0,0,8000,-8000,-8000
061176,聯發科凱基9A購14,0,0,0,0,0,0,0,0,0,-8000,0,0,0,0,8000,-8000,-8000
07220P,台灣50中信03售05,0,0,0,0,0,0,0,0,0,-8000,0,0,0,2000,10000,-8000,-8000
06757P,台灣50元大9B售01,0,0,0,0,0,0,0,0,0,-8000,0,0,0,2000,10000,-8000,-8000
06485P,玉晶光群益9A售02,0,0,0,0,0,0,0,0,0,-8000,0,0,0,0,8000,-8000,-8000
06636P,可成凱基98售08  ,0,0,0,0,0,0,0,0,0,-8000,0,0,0,0,8000,-8000,-8000
06644P,亞德客元大98售03,0,0,0,0,0,0,0,0,0,-8000,0,0,0,0,8000,-8000,-8000
06305P,臺股指元大97售11,0,0,0,0,0,0,0,0,0,-8000,0,0,0,0,8000,-8000,-8000
06368P,台積電凱基97售15,0,0,0,0,0,0,0,0,0,-8000,0,0,0,0,8000,-8000,-8000
062454,華通群益9C購03  ,0,0,0,0,0,0,0,0,0,-8000,0,0,0,0,8000,-8000,-8000
062089,矽創元大9B購02  ,0,0,0,0,0,0,0,0,0,-8000,0,0,0,50000,58000,-8000,-8000
062111,台勝科國票9B購01,0,0,0,0,0,0,0,0,0,-8000,0,0,0,18000,26000,-8000,-8000
054506,矽格永豐96購01  ,0,0,0,0,0,0,0,0,0,-8000,0,0,0,0,8000,-8000,-8000
055562,欣興凱基97購06  ,0,0,0,0,0,0,0,0,0,-8000,0,0,0,0,8000,-8000,-8000
053780,南亞科元大96購03,0,0,0,0,0,0,0,0,0,-8000,0,0,0,68000,76000,-8000,-8000
051688,大立光凱基97購02,0,0,0,0,0,0,0,0,0,-8000,0,0,0,0,8000,-8000,-8000
05163P,聯發科統一96售02,0,0,0,0,0,0,0,0,0,-8000,0,0,0,66000,74000,-8000,-8000
03686P,大立光統一98售02,0,0,0,0,0,0,0,0,0,-8000,0,0,0,0,8000,-8000,-8000
053158,茂林元大96購01  ,0,0,0,0,0,0,0,0,0,-8000,0,0,0,83000,91000,-8000,-8000
051058,景碩群益96購01  ,0,0,0,0,0,0,0,0,0,-8000,0,0,0,3000,11000,-8000,-8000
047687,元金2X富邦96購01,0,0,0,0,0,0,0,0,0,-8000,0,0,0,9000,17000,-8000,-8000
059295,大立光元富99購05,0,0,0,0,0,0,0,0,0,-8000,0,0,0,15000,23000,-8000,-8000
059573,健策凱基9A購02  ,0,0,0,0,0,0,0,0,0,-8000,0,0,0,7000,15000,-8000,-8000
059563,鴻海凱基9A購14  ,0,0,0,0,0,0,0,0,0,-8000,0,0,0,0,8000,-8000,-8000
055271,鴻海元大98購03  ,0,0,0,0,0,0,0,0,0,-8000,0,0,0,58000,66000,-8000,-8000
054055,全新國票99購02  ,0,0,0,0,0,0,0,0,0,-8000,0,0,0,0,8000,-8000,-8000
055788,緯穎凱基97購04  ,0,0,0,0,0,0,0,0,0,-8000,0,0,0,58000,66000,-8000,-8000
057760,聯發科凱基98購18,0,0,0,0,0,0,0,0,0,-8000,0,0,0,0,8000,-8000,-8000
060116,世紀鋼元大99購07,0,0,0,0,0,0,0,0,0,-8000,0,0,0,2000,10000,-8000,-8000
060351,滬深2X元富9A購01,0,0,0,0,0,0,0,0,0,-8000,0,0,0,8000,16000,-8000,-8000
060475,瑞祺元大9A購01  ,0,0,0,0,0,0,0,0,0,-8000,0,0,0,0,8000,-8000,-8000
056835,聯電元富99購01  ,0,0,0,0,0,0,0,0,0,-8000,0,0,0,272000,280000,-8000,-8000
056898,全新元大98購02  ,0,0,0,0,0,0,0,0,0,-8000,0,0,0,0,8000,-8000,-8000
058545,義隆富邦9C購01  ,0,0,0,0,0,0,0,0,0,-8000,0,0,0,15000,23000,-8000,-8000
05907P,聯發科元富96售05,0,0,0,0,0,0,0,0,0,-8000,0,0,0,0,8000,-8000,-8000
059097,世紀鋼元大99購05,0,0,0,0,0,0,0,0,0,-8000,0,0,0,2000,10000,-8000,-8000
059099,元油2X統一9C購01,0,0,0,0,0,0,0,0,0,-8000,0,0,0,0,8000,-8000,-8000
058284,滬深反群益01購01,0,0,0,0,0,0,0,0,0,-8000,0,0,0,0,8000,-8000,-8000
058289,奇鋐國票9A購01  ,0,0,0,0,0,0,0,0,0,-8000,0,0,0,2000,10000,-8000,-8000
058415,祥碩兆豐99購01  ,0,0,0,0,0,0,0,0,0,-8000,0,0,0,3000,11000,-8000,-8000
059803,S&P正2元富9B購03,0,0,0,0,0,0,0,0,0,-8000,0,0,0,3000,11000,-8000,-8000
057655,奇力新中信98購05,0,0,0,0,0,0,0,0,0,-8000,0,0,0,0,8000,-8000,-8000
057143,台郡兆豐98購01  ,0,0,0,0,0,0,0,0,0,-8000,0,0,0,0,8000,-8000,-8000
057163,上銀元大98購04  ,0,0,0,0,0,0,0,0,0,-8000,0,0,0,60000,68000,-8000,-8000
5525,順天            ,0,8000,-8000,0,0,0,0,0,0,0,0,0,0,0,0,0,-8000
4155,訊映            ,53000,60000,-7000,0,0,0,0,0,0,-1000,0,1000,-1000,0,0,0,-8000
2477,美隆電          ,12000,24000,-12000,0,0,0,0,0,0,4000,4000,0,4000,0,0,0,-8000
1414,東和            ,0,9000,-9000,0,0,0,0,0,0,1000,1000,0,1000,0,0,0,-8000
1618,合機            ,0,8000,-8000,0,0,0,0,0,0,0,0,0,0,0,0,0,-8000
1445,大宇            ,0,8000,-8000,0,0,0,0,0,0,0,0,0,0,0,0,0,-8000
07539P,玉山金台新9A售01,0,0,0,0,0,0,0,0,0,-8000,0,0,0,0,8000,-8000,-8000
07788P,華新科群益9A售08,0,0,0,0,0,0,0,0,0,-8000,0,0,0,3000,11000,-8000,-8000
07794P,智邦國票9A售03  ,0,0,0,0,0,0,0,0,0,-8000,0,0,0,69000,77000,-8000,-8000
062091,世紀鋼元大9B購01,0,0,0,0,0,0,0,0,0,-9000,0,0,0,41000,50000,-9000,-9000
062047,緯穎凱基9B購01  ,0,0,0,0,0,0,0,0,0,-9000,0,0,0,50000,59000,-9000,-9000
06677P,牧德國票98售02  ,0,0,0,0,0,0,0,0,0,-9000,0,0,0,80000,89000,-9000,-9000
07235P,T50正2元大9C售02,0,0,0,0,0,0,0,0,0,-9000,0,0,0,5000,14000,-9000,-9000
07456P,華新科元大9A售06,0,0,0,0,0,0,0,0,0,-9000,0,0,0,69000,78000,-9000,-9000
07135P,臺股指元大9A售29,0,0,0,0,0,0,0,0,0,-9000,0,0,0,3000,12000,-9000,-9000
07148P,富邦金元大99售01,0,0,0,0,0,0,0,0,0,-9000,0,0,0,0,9000,-9000,-9000
06971P,台光電元大99售03,0,0,0,0,0,0,0,0,0,-9000,0,0,0,19000,28000,-9000,-9000
061403,滬深2X國票9A購06,0,0,0,0,0,0,0,0,0,-9000,0,0,0,0,9000,-9000,-9000
061814,聯發科群益9B購04,0,0,0,0,0,0,0,0,0,-9000,0,0,0,1000,10000,-9000,-9000
06161P,聯發科群益97售03,0,0,0,0,0,0,0,0,0,-9000,0,0,0,2000,11000,-9000,-9000
054143,茂林元大96購04  ,0,0,0,0,0,0,0,0,0,-9000,0,0,0,0,9000,-9000,-9000
053880,智邦中信96購01  ,0,0,0,0,0,0,0,0,0,-9000,0,0,0,0,9000,-9000,-9000
059377,台積電群益99購09,0,0,0,0,0,0,0,0,0,-9000,0,0,0,6000,15000,-9000,-9000
059133,臺股指群益99購08,0,0,0,0,0,0,0,0,0,-9000,0,0,0,0,9000,-9000,-9000
03019X,元展19          ,0,0,0,0,0,0,0,0,0,-9000,0,0,0,0,9000,-9000,-9000
01004T,土銀富邦R2      ,0,9000,-9000,0,0,0,0,0,0,0,0,0,0,0,0,0,-9000
04479P,同欣電中信96售02,0,0,0,0,0,0,0,0,0,-9000,0,0,0,11000,20000,-9000,-9000
053758,華新科國泰97購02,0,0,0,0,0,0,0,0,0,-9000,0,0,0,11000,20000,-9000,-9000
055623,貿聯國泰99購01  ,0,0,0,0,0,0,0,0,0,-9000,0,0,0,10000,19000,-9000,-9000
056737,國巨凱基9A購01  ,0,0,0,0,0,0,0,0,0,-9000,0,0,0,0,9000,-9000,-9000
056428,台達電凱基99購01,0,0,0,0,0,0,0,0,0,-9000,0,0,0,11000,20000,-9000,-9000
057654,A50正2中信98購01,0,0,0,0,0,0,0,0,0,-9000,0,0,0,1000,10000,-9000,-9000
057422,欣興凱基98購04  ,0,0,0,0,0,0,0,0,0,-9000,0,0,0,0,9000,-9000,-9000
057248,台積電統一98購08,0,0,0,0,0,0,0,0,0,-9000,0,0,0,0,9000,-9000,-9000
059788,華新科元大9A購05,0,0,0,0,0,0,0,0,0,-9000,0,0,0,0,9000,-9000,-9000
058759,義隆群益99購01  ,0,0,0,0,0,0,0,0,0,-9000,0,0,0,0,9000,-9000,-9000
056543,京鼎凱基98購01  ,0,0,0,0,0,0,0,0,0,-9000,0,0,0,11000,20000,-9000,-9000
05813P,臺股指國票96售06,0,0,0,0,0,0,0,0,0,-9000,0,0,0,26000,35000,-9000,-9000
060326,群光群益9A購01  ,0,0,0,0,0,0,0,0,0,-9000,0,0,0,131000,140000,-9000,-9000
057757,鴻海凱基98購13  ,0,0,0,0,0,0,0,0,0,-9000,0,0,0,4000,13000,-9000,-9000
057799,世紀鋼兆豐98購01,0,0,0,0,0,0,0,0,0,-9000,0,0,0,0,9000,-9000,-9000
07841P,臻鼎元大9A售04  ,0,0,0,0,0,0,0,0,0,-9000,0,0,0,50000,59000,-9000,-9000
07474P,滬深2X群益9C售03,0,0,0,0,0,0,0,0,0,-9000,0,0,0,8000,17000,-9000,-9000
07675P,全新永豐9A售02  ,0,0,0,0,0,0,0,0,0,-9000,0,0,0,11000,20000,-9000,-9000
07637P,國巨國票9A售08  ,0,0,0,0,0,0,0,0,0,-9000,0,0,0,57000,66000,-9000,-9000
1463,強盛            ,16000,26000,-10000,0,0,0,0,0,0,1000,1000,0,1000,0,0,0,-9000
1416,廣豐            ,0,12000,-12000,0,0,0,0,0,0,3000,3000,0,3000,0,0,0,-9000
2468,華經            ,0,9000,-9000,0,0,0,0,0,0,0,0,0,0,0,0,0,-9000
2462,良得電          ,0,9000,-9000,0,0,0,0,0,0,0,0,0,0,0,0,0,-9000
2427,三商電          ,0,9000,-9000,0,0,0,0,0,0,0,0,0,0,0,0,0,-9000
4438,廣越            ,0,7000,-7000,0,0,0,0,0,0,-2000,0,2000,-2000,0,0,0,-9000
6128,上福            ,3000,12000,-9000,0,0,0,0,0,0,0,0,0,0,0,0,0,-9000
8482,商億-KY         ,0,9000,-9000,0,0,0,0,0,0,0,0,0,0,0,0,0,-9000
8473,山林水          ,1000,6298,-5298,0,0,0,0,0,0,-4000,0,4000,-4000,0,0,0,-9298
8454,富邦媒          ,143200,138000,5200,0,0,0,0,0,0,-15000,1000,16000,-15000,0,0,0,-9800
061741,新光金凱基9B購01,0,0,0,0,0,0,0,0,0,-10000,0,0,0,0,10000,-10000,-10000
061848,國巨國票9B購07  ,0,0,0,0,0,0,0,0,0,-10000,0,0,0,0,10000,-10000,-10000
061842,牧德凱基9C購01  ,0,0,0,0,0,0,0,0,0,-10000,0,0,0,2000,12000,-10000,-10000
06182P,群創兆豐97售03  ,0,0,0,0,0,0,0,0,0,-10000,0,0,0,0,10000,-10000,-10000
061399,喬山兆豐9B購01  ,0,0,0,0,0,0,0,0,0,-10000,0,0,0,0,10000,-10000,-10000
061396,台灣50台新9C購03,0,0,0,0,0,0,0,0,0,-10000,0,0,0,10000,20000,-10000,-10000
061535,群創統一9C購01  ,0,0,0,0,0,0,0,0,0,-10000,0,0,0,0,10000,-10000,-10000
061517,瑞祺永豐9A購03  ,0,0,0,0,0,0,0,0,0,-10000,0,0,0,68000,78000,-10000,-10000
061341,華新科元大9A購16,0,0,0,0,0,0,0,0,0,-10000,0,0,0,0,10000,-10000,-10000
061027,儒鴻永豐9A購02  ,0,0,0,0,0,0,0,0,0,-10000,0,0,0,0,10000,-10000,-10000
061030,喬山永豐9A購01  ,0,0,0,0,0,0,0,0,0,-10000,0,0,0,0,10000,-10000,-10000
061080,華邦電兆豐9B購01,0,0,0,0,0,0,0,0,0,-10000,0,0,0,0,10000,-10000,-10000
060875,華通中信02購01  ,0,0,0,0,0,0,0,0,0,-10000,0,0,0,0,10000,-10000,-10000
06101P,聯發科日盛97售03,0,0,0,0,0,0,0,0,0,-10000,0,0,0,0,10000,-10000,-10000
060613,T50反1元大9A購05,0,0,0,0,0,0,0,0,0,-10000,0,0,0,0,10000,-10000,-10000
060599,國巨凱基9C購01  ,0,0,0,0,0,0,0,0,0,-10000,0,0,0,1000,11000,-10000,-10000
060843,大立光國票9A購06,0,0,0,0,0,0,0,0,0,-10000,0,0,0,0,10000,-10000,-10000
06958P,FBVIX凱基9C售02 ,0,0,0,0,0,0,0,0,0,-10000,0,0,0,0,10000,-10000,-10000
06923P,鴻海群益98售09  ,0,0,0,0,0,0,0,0,0,-10000,0,0,0,0,10000,-10000,-10000
07165P,臺股指群益99售16,0,0,0,0,0,0,0,0,0,-10000,0,0,0,0,10000,-10000,-10000
07455P,聯發科元大9A售01,0,0,0,0,0,0,0,0,0,-10000,0,0,0,0,10000,-10000,-10000
07452P,國巨元大9A售05  ,0,0,0,0,0,0,0,0,0,-10000,0,0,0,1000,11000,-10000,-10000
07391P,台灣50國泰02售01,0,0,0,0,0,0,0,0,0,-10000,0,0,0,20000,30000,-10000,-10000
07369P,台積電凱基99售20,0,0,0,0,0,0,0,0,0,-10000,0,0,0,0,10000,-10000,-10000
07359P,台積電元大99售45,0,0,0,0,0,0,0,0,0,-10000,0,0,0,0,10000,-10000,-10000
06691P,臺股指群益9C售05,0,0,0,0,0,0,0,0,0,-10000,0,0,0,0,10000,-10000,-10000
06767P,台積電永昌99售03,0,0,0,0,0,0,0,0,0,-10000,0,0,0,35000,45000,-10000,-10000
06778P,台積電元大99售06,0,0,0,0,0,0,0,0,0,-10000,0,0,0,0,10000,-10000,-10000
06739P,聯詠兆豐98售02  ,0,0,0,0,0,0,0,0,0,-10000,0,0,0,0,10000,-10000,-10000
06790P,台積電凱基9A售04,0,0,0,0,0,0,0,0,0,-10000,0,0,0,57000,67000,-10000,-10000
06908P,健策國泰99售02  ,0,0,0,0,0,0,0,0,0,-10000,0,0,0,0,10000,-10000,-10000
06641P,智邦兆豐99售01  ,0,0,0,0,0,0,0,0,0,-10000,0,0,0,0,10000,-10000,-10000
06523P,台積電麥證98售02,0,0,0,0,10000,-10000,0,0,0,-10000,0,0,0,0,10000,-10000,-10000
06557P,台積電兆豐98售02,0,0,0,0,0,0,0,0,0,-10000,0,0,0,0,10000,-10000,-10000
06585P,鴻海元大99售04  ,0,0,0,0,0,0,0,0,0,-10000,0,0,0,0,10000,-10000,-10000
06440P,台積電凱基98售07,0,0,0,0,0,0,0,0,0,-10000,0,0,0,0,10000,-10000,-10000
06458P,玉晶光統一9A售02,0,0,0,0,0,0,0,0,0,-10000,0,0,0,0,10000,-10000,-10000
06459P,亞德客元富98售01,0,0,0,0,0,0,0,0,0,-10000,0,0,0,0,10000,-10000,-10000
062040,玉晶光凱基01購01,0,0,0,0,0,0,0,0,0,-10000,0,0,0,0,10000,-10000,-10000
062006,瑞昱國泰9C購01  ,0,0,0,0,0,0,0,0,0,-10000,0,0,0,24000,34000,-10000,-10000
061931,力山國票9B購02  ,0,0,0,0,0,0,0,0,0,-10000,0,0,0,38000,48000,-10000,-10000
06192P,高股息中信98售01,0,0,0,0,0,0,0,0,0,-10000,0,0,0,0,10000,-10000,-10000
062156,美律凱基9B購01  ,0,0,0,0,0,0,0,0,0,-10000,0,0,0,50000,60000,-10000,-10000
062152,國巨麥證9C購01  ,0,0,0,0,10000,-10000,0,0,0,-10000,0,0,0,0,10000,-10000,-10000
062135,國巨群益9B購05  ,0,0,0,0,0,0,0,0,0,-10000,0,0,0,0,10000,-10000,-10000
062178,上銀元大9B購03  ,0,0,0,0,0,0,0,0,0,-10000,0,0,0,3000,13000,-10000,-10000
062218,燿華統一01購01  ,0,0,0,0,0,0,0,0,0,-10000,0,0,0,20000,30000,-10000,-10000
062272,鴻海群益9B購05  ,0,0,0,0,0,0,0,0,0,-10000,0,0,0,1000,11000,-10000,-10000
062278,聯發科群益9C購01,0,0,0,0,0,0,0,0,0,-10000,0,0,0,270000,280000,-10000,-10000
062421,台積電統一9C購09,0,0,0,0,0,0,0,0,0,-10000,0,0,0,0,10000,-10000,-10000
062357,國巨元大9B購11  ,0,0,0,0,0,0,0,0,0,-10000,0,0,0,0,10000,-10000,-10000
06370P,貿聯凱基97售03  ,0,0,0,0,0,0,0,0,0,-10000,0,0,0,0,10000,-10000,-10000
06344P,臺股指統一99售03,0,0,0,0,0,0,0,0,0,-10000,0,0,0,0,10000,-10000,-10000
06355P,聯茂永豐97售02  ,0,0,0,0,0,0,0,0,0,-10000,0,0,0,0,10000,-10000,-10000
06269P,群創凱基98售10  ,0,0,0,0,0,0,0,0,0,-10000,0,0,0,0,10000,-10000,-10000
06273P,台表科凱基97售04,0,0,0,0,0,0,0,0,0,-10000,0,0,0,0,10000,-10000,-10000
062608,智易凱基9B購01  ,0,0,0,0,0,0,0,0,0,-10000,0,0,0,0,10000,-10000,-10000
062613,臺指反元大02購10,0,0,0,0,0,0,0,0,0,-10000,0,0,0,0,10000,-10000,-10000
062472,大立光凱基9B購04,0,0,0,0,0,0,0,0,0,-10000,0,0,0,0,10000,-10000,-10000
062510,台積電國票01購01,0,0,0,0,0,0,0,0,0,-10000,0,0,0,1000,11000,-10000,-10000
062563,緯穎凱基9B購03  ,0,0,0,0,0,0,0,0,0,-10000,0,0,0,4000,14000,-10000,-10000
062532,聯詠統一9C購01  ,0,0,0,0,0,0,0,0,0,-10000,0,0,0,0,10000,-10000,-10000
055637,亞德客元富97購01,0,0,0,0,0,0,0,0,0,-10000,0,0,0,0,10000,-10000,-10000
055646,漢唐元富97購01  ,0,0,0,0,0,0,0,0,0,-10000,0,0,0,0,10000,-10000,-10000
055648,可成元富97購01  ,0,0,0,0,0,0,0,0,0,-10000,0,0,0,20000,30000,-10000,-10000
056277,上銀富邦99購02  ,0,0,0,0,0,0,0,0,0,-10000,0,0,0,0,10000,-10000,-10000
056324,南亞科兆豐98購01,0,0,0,0,0,0,0,0,0,-10000,0,0,0,0,10000,-10000,-10000
053765,智邦富邦96購01  ,0,0,0,0,0,0,0,0,0,-10000,0,0,0,0,10000,-10000,-10000
053627,宏碁兆豐97購01  ,0,0,0,0,0,0,0,0,0,-10000,0,0,0,0,10000,-10000,-10000
053701,台積電兆豐96購05,0,0,0,0,0,0,0,0,0,-10000,0,0,0,0,10000,-10000,-10000
051845,世紀鋼富邦96購01,0,0,0,0,0,0,0,0,0,-10000,0,0,0,0,10000,-10000,-10000
052876,GIS凱基96購03   ,0,0,0,0,0,0,0,0,0,-10000,0,0,0,0,10000,-10000,-10000
052838,新唐國泰98購01  ,0,0,0,0,0,0,0,0,0,-10000,0,0,0,0,10000,-10000,-10000
052629,訊芯中信99購01  ,0,0,0,0,0,0,0,0,0,-10000,0,0,0,0,10000,-10000,-10000
052647,晶技永豐97購01  ,0,0,0,0,0,0,0,0,0,-10000,0,0,0,0,10000,-10000,-10000
052611,力成元大96購02  ,0,0,0,0,0,0,0,0,0,-10000,0,0,0,0,10000,-10000,-10000
052689,玉晶光元大98購03,0,0,0,0,0,0,0,0,0,-10000,0,0,0,0,10000,-10000,-10000
052795,健策兆豐97購01  ,0,0,0,0,0,0,0,0,0,-10000,0,0,0,0,10000,-10000,-10000
052979,上銀元大96購02  ,0,0,0,0,0,0,0,0,0,-10000,0,0,0,0,10000,-10000,-10000
05201P,玉晶光國泰97售02,0,0,0,0,0,0,0,0,0,-10000,0,0,0,0,10000,-10000,-10000
052077,可成元富98購02  ,0,0,0,0,0,0,0,0,0,-10000,0,0,0,0,10000,-10000,-10000
052152,創意富邦98購01  ,0,0,0,0,0,0,0,0,0,-10000,0,0,0,0,10000,-10000,-10000
053494,南亞科兆豐96購02,0,0,0,0,0,0,0,0,0,-10000,0,0,0,65000,75000,-10000,-10000
053490,為升兆豐97購01  ,0,0,0,0,0,0,0,0,0,-10000,0,0,0,0,10000,-10000,-10000
053497,新光金兆豐97購01,0,0,0,0,0,0,0,0,0,-10000,0,0,0,0,10000,-10000,-10000
03669C,滬深2X元富09牛01,0,0,0,0,0,0,0,0,0,-10000,0,0,0,0,10000,-10000,-10000
053137,旺宏富邦98購01  ,0,0,0,0,0,0,0,0,0,-10000,0,0,0,0,10000,-10000,-10000
053103,瀚宇博元富96購01,0,0,0,0,0,0,0,0,0,-10000,0,0,0,0,10000,-10000,-10000
049700,瀚宇博元大97購01,0,0,0,0,0,0,0,0,0,-10000,0,0,0,0,10000,-10000,-10000
03604P,群創凱基98售05  ,0,0,0,0,0,0,0,0,0,-10000,0,0,0,0,10000,-10000,-10000
049485,台積電元大96購03,0,0,0,0,0,0,0,0,0,-10000,0,0,0,0,10000,-10000,-10000
048687,旺宏群益96購01  ,0,0,0,0,0,0,0,0,0,-10000,0,0,0,0,10000,-10000,-10000
053216,京鼎凱基96購02  ,0,0,0,0,0,0,0,0,0,-10000,0,0,0,0,10000,-10000,-10000
053293,聯發科中信9B購01,0,0,0,0,0,0,0,0,0,-10000,0,0,0,50000,60000,-10000,-10000
053380,南亞科元大97購01,0,0,0,0,0,0,0,0,0,-10000,0,0,0,0,10000,-10000,-10000
053344,嘉晶國票97購02  ,0,0,0,0,0,0,0,0,0,-10000,0,0,0,0,10000,-10000,-10000
053438,玉晶光麥證97購02,0,0,0,0,10000,-10000,0,0,0,-10000,0,0,0,0,10000,-10000,-10000
052220,T50反1凱基98購01,0,0,0,0,0,0,0,0,0,-10000,0,0,0,0,10000,-10000,-10000
052454,力成元大95購02  ,0,0,0,0,0,0,0,0,0,-10000,0,0,0,0,10000,-10000,-10000
00662,富邦NASDAQ      ,41000,0,41000,0,0,0,0,0,0,-51000,0,528000,-528000,572000,95000,477000,-10000
047937,元金2X國票97購02,0,0,0,0,0,0,0,0,0,-10000,0,0,0,0,10000,-10000,-10000
051393,新光金兆豐96購01,0,0,0,0,0,0,0,0,0,-10000,0,0,0,0,10000,-10000,-10000
05124P,華新科富邦97售02,0,0,0,0,0,0,0,0,0,-10000,0,0,0,0,10000,-10000,-10000
051276,SGBR2X中信97購01,0,0,0,0,0,0,0,0,0,-10000,0,0,0,0,10000,-10000,-10000
051281,健策兆豐96購01  ,0,0,0,0,0,0,0,0,0,-10000,0,0,0,0,10000,-10000,-10000
051300,台光電凱基96購02,0,0,0,0,0,0,0,0,0,-10000,0,0,0,0,10000,-10000,-10000
050566,高股息中信97購02,0,0,0,0,0,0,0,0,0,-10000,0,0,0,0,10000,-10000,-10000
050374,上緯控元大95購01,0,0,0,0,0,0,0,0,0,-10000,0,0,0,0,10000,-10000,-10000
050271,上緯控元大96購01,0,0,0,0,0,0,0,0,0,-10000,0,0,0,0,10000,-10000,-10000
05916P,聯發科元大96售20,0,0,0,0,0,0,0,0,0,-10000,0,0,0,21000,31000,-10000,-10000
059235,鴻海凱基99購08  ,0,0,0,0,0,0,0,0,0,-10000,0,0,0,0,10000,-10000,-10000
059237,鴻海凱基9A購10  ,0,0,0,0,0,0,0,0,0,-10000,0,0,0,0,10000,-10000,-10000
059186,華通富邦9A購01  ,0,0,0,0,0,0,0,0,0,-10000,0,0,0,0,10000,-10000,-10000
059224,大立光元大99購15,0,0,0,0,0,0,0,0,0,-10000,0,0,0,0,10000,-10000,-10000
059284,緯穎永豐99購03  ,0,0,0,0,0,0,0,0,0,-10000,0,0,0,9000,19000,-10000,-10000
059267,群創中信01購02  ,0,0,0,0,0,0,0,0,0,-10000,0,0,0,0,10000,-10000,-10000
05922P,京元電兆豐96售01,0,0,0,0,0,0,0,0,0,-10000,0,0,0,5000,15000,-10000,-10000
05931P,鴻海凱基96售15  ,0,0,0,0,0,0,0,0,0,-10000,0,0,0,0,10000,-10000,-10000
059382,台灣50凱基99購02,0,0,0,0,0,0,0,0,0,-10000,0,0,0,7000,17000,-10000,-10000
059492,國巨國票9A購06  ,0,0,0,0,0,0,0,0,0,-10000,0,0,0,0,10000,-10000,-10000
059500,鴻海元富99購11  ,0,0,0,0,0,0,0,0,0,-10000,0,0,0,3000,13000,-10000,-10000
059597,大立光元大99購21,0,0,0,0,0,0,0,0,0,-10000,0,0,0,0,10000,-10000,-10000
059612,奇鋐永豐99購02  ,0,0,0,0,0,0,0,0,0,-10000,0,0,0,0,10000,-10000,-10000
059568,台積電凱基9A購13,0,0,0,0,0,0,0,0,0,-10000,0,0,0,10000,20000,-10000,-10000
055285,華新科元大99購03,0,0,0,0,0,0,0,0,0,-10000,0,0,0,0,10000,-10000,-10000
055378,晶相光元大97購02,0,0,0,0,0,0,0,0,0,-10000,0,0,0,0,10000,-10000,-10000
055383,GIS元大97購02   ,0,0,0,0,0,0,0,0,0,-10000,0,0,0,0,10000,-10000,-10000
055346,國巨凱基98購02  ,0,0,0,0,0,0,0,0,0,-10000,0,0,0,0,10000,-10000,-10000
055492,華新科元大97購08,0,0,0,0,0,0,0,0,0,-10000,0,0,0,0,10000,-10000,-10000
055414,奇力新富邦9B購01,0,0,0,0,0,0,0,0,0,-10000,0,0,0,0,10000,-10000,-10000
054945,正崴元大97購01  ,0,0,0,0,0,0,0,0,0,-10000,0,0,0,0,10000,-10000,-10000
055022,精元國泰99購01  ,0,0,0,0,0,0,0,0,0,-10000,0,0,0,0,10000,-10000,-10000
055027,牧德國泰99購01  ,0,0,0,0,0,0,0,0,0,-10000,0,0,0,0,10000,-10000,-10000
055909,大成鋼凱基98購02,0,0,0,0,0,0,0,0,0,-10000,0,0,0,36000,46000,-10000,-10000
056170,鴻海元富97購09  ,0,0,0,0,0,0,0,0,0,-10000,0,0,0,0,10000,-10000,-10000
056004,南電永豐97購02  ,0,0,0,0,0,0,0,0,0,-10000,0,0,0,0,10000,-10000,-10000
053887,聯茂兆豐97購02  ,0,0,0,0,0,0,0,0,0,-10000,0,0,0,0,10000,-10000,-10000
053916,漢唐國票97購04  ,0,0,0,0,0,0,0,0,0,-10000,0,0,0,0,10000,-10000,-10000
054021,義隆台新96購01  ,0,0,0,0,0,0,0,0,0,-10000,0,0,0,4000,14000,-10000,-10000
054027,欣興凱基96購04  ,0,0,0,0,0,0,0,0,0,-10000,0,0,0,5000,15000,-10000,-10000
054793,牧德群益9A購01  ,0,0,0,0,0,0,0,0,0,-10000,0,0,0,0,10000,-10000,-10000
053811,國巨群益98購02  ,0,0,0,0,0,0,0,0,0,-10000,0,0,0,30000,40000,-10000,-10000
05574P,英業達元富96售01,0,0,0,0,0,0,0,0,0,-10000,0,0,0,0,10000,-10000,-10000
055761,創意群益97購01  ,0,0,0,0,0,0,0,0,0,-10000,0,0,0,0,10000,-10000,-10000
05472P,國巨統一96售02  ,0,0,0,0,0,0,0,0,0,-10000,0,0,0,6000,16000,-10000,-10000
05458P,台積電凱基97售02,0,0,0,0,0,0,0,0,0,-10000,0,0,0,0,10000,-10000,-10000
054621,華新科兆豐98購01,0,0,0,0,0,0,0,0,0,-10000,0,0,0,0,10000,-10000,-10000
055735,宏達電元富98購01,0,0,0,0,0,0,0,0,0,-10000,0,0,0,0,10000,-10000,-10000
055747,康舒元富97購01  ,0,0,0,0,0,0,0,0,0,-10000,0,0,0,10000,20000,-10000,-10000
054607,台積電永豐97購03,0,0,0,0,0,0,0,0,0,-10000,0,0,0,0,10000,-10000,-10000
054103,T50反1凱基99購04,0,0,0,0,0,0,0,0,0,-10000,0,0,0,0,10000,-10000,-10000
054085,華新科統一96購04,0,0,0,0,0,0,0,0,0,-10000,0,0,0,0,10000,-10000,-10000
054220,國巨統一97購02  ,0,0,0,0,0,0,0,0,0,-10000,0,0,0,196000,206000,-10000,-10000
054180,亞泥康和96購01  ,0,0,0,0,0,0,0,0,0,-10000,0,0,0,0,10000,-10000,-10000
054315,訊芯凱基98購01  ,0,0,0,0,0,0,0,0,0,-10000,0,0,0,0,10000,-10000,-10000
054325,奇力新台新97購03,0,0,0,0,0,0,0,0,0,-10000,0,0,0,0,10000,-10000,-10000
054335,緯穎永豐96購02  ,0,0,0,0,0,0,0,0,0,-10000,0,0,0,0,10000,-10000,-10000
054848,群創兆豐98購01  ,0,0,0,0,0,0,0,0,0,-10000,0,0,0,0,10000,-10000,-10000
054331,世芯永豐96購03  ,0,0,0,0,0,0,0,0,0,-10000,0,0,0,10000,20000,-10000,-10000
055841,南亞科元大97購04,0,0,0,0,0,0,0,0,0,-10000,0,0,0,0,10000,-10000,-10000
054933,南港元大97購01  ,0,0,0,0,0,0,0,0,0,-10000,0,0,0,0,10000,-10000,-10000
055787,聯茂凱基99購01  ,0,0,0,0,0,0,0,0,0,-10000,0,0,0,0,10000,-10000,-10000
055189,台虹統一97購01  ,0,0,0,0,0,0,0,0,0,-10000,0,0,0,0,10000,-10000,-10000
055119,力成凱基98購01  ,0,0,0,0,0,0,0,0,0,-10000,0,0,0,0,10000,-10000,-10000
055120,南港兆豐97購01  ,0,0,0,0,0,0,0,0,0,-10000,0,0,0,0,10000,-10000,-10000
055136,聯發科富邦99購06,0,0,0,0,0,0,0,0,0,-10000,0,0,0,0,10000,-10000,-10000
055159,玉晶光元大98購05,0,0,0,0,0,0,0,0,0,-10000,0,0,0,0,10000,-10000,-10000
057796,鴻海兆豐99購03  ,0,0,0,0,0,0,0,0,0,-10000,0,0,0,0,10000,-10000,-10000
056967,奇鋐永豐98購01  ,0,0,0,0,0,0,0,0,0,-10000,0,0,0,0,10000,-10000,-10000
057771,鴻海群益99購01  ,0,0,0,0,0,0,0,0,0,-10000,0,0,0,10000,20000,-10000,-10000
057772,台積電群益99購01,0,0,0,0,0,0,0,0,0,-10000,0,0,0,10000,20000,-10000,-10000
057737,國巨富邦99購02  ,0,0,0,0,0,0,0,0,0,-10000,0,0,0,0,10000,-10000,-10000
056925,群創兆豐98購03  ,0,0,0,0,0,0,0,0,0,-10000,0,0,0,0,10000,-10000,-10000
056937,智原元富98購01  ,0,0,0,0,0,0,0,0,0,-10000,0,0,0,0,10000,-10000,-10000
060074,台積電元富99購04,0,0,0,0,0,0,0,0,0,-10000,0,0,0,0,10000,-10000,-10000
060070,國巨元富99購02  ,0,0,0,0,0,0,0,0,0,-10000,0,0,0,0,10000,-10000,-10000
058671,旺宏群益9A購01  ,0,0,0,0,0,0,0,0,0,-10000,0,0,0,0,10000,-10000,-10000
058735,南茂永豐99購01  ,0,0,0,0,0,0,0,0,0,-10000,0,0,0,0,10000,-10000,-10000
060340,國巨統一01購02  ,0,0,0,0,0,0,0,0,0,-10000,0,0,0,0,10000,-10000,-10000
060247,牧德元大9A購02  ,0,0,0,0,0,0,0,0,0,-10000,0,0,0,0,10000,-10000,-10000
060167,禾聯碩永豐9A購01,0,0,0,0,0,0,0,0,0,-10000,0,0,0,0,10000,-10000,-10000
06017P,亞光凱基96售04  ,0,0,0,0,0,0,0,0,0,-10000,0,0,0,10000,20000,-10000,-10000
060161,牧德永豐9A購02  ,0,0,0,0,0,0,0,0,0,-10000,0,0,0,0,10000,-10000,-10000
060234,凱美元大9C購01  ,0,0,0,0,0,0,0,0,0,-10000,0,0,0,0,10000,-10000,-10000
060217,國巨凱基9A購10  ,0,0,0,0,0,0,0,0,0,-10000,0,0,0,0,10000,-10000,-10000
060459,鴻海元大9A購07  ,0,0,0,0,0,0,0,0,0,-10000,0,0,0,0,10000,-10000,-10000
058115,台光電中信99購01,0,0,0,0,0,0,0,0,0,-10000,0,0,0,0,10000,-10000,-10000
058109,台灣50元富9B購01,0,0,0,0,0,0,0,0,0,-10000,0,0,0,0,10000,-10000,-10000
058095,昇陽半元大98購03,0,0,0,0,0,0,0,0,0,-10000,0,0,0,2000,12000,-10000,-10000
058080,台積電群益98購06,0,0,0,0,0,0,0,0,0,-10000,0,0,0,7000,17000,-10000,-10000
058063,旺宏中信98購04  ,0,0,0,0,0,0,0,0,0,-10000,0,0,0,0,10000,-10000,-10000
058053,上銀統一9B購01  ,0,0,0,0,0,0,0,0,0,-10000,0,0,0,48000,58000,-10000,-10000
058533,玉晶光元富99購01,0,0,0,0,0,0,0,0,0,-10000,0,0,0,0,10000,-10000,-10000
057996,臻鼎中信98購01  ,0,0,0,0,0,0,0,0,0,-10000,0,0,0,20000,30000,-10000,-10000
058036,南電永豐98購01  ,0,0,0,0,0,0,0,0,0,-10000,0,0,0,0,10000,-10000,-10000
058212,華新科群益9A購01,0,0,0,0,0,0,0,0,0,-10000,0,0,0,0,10000,-10000,-10000
058246,帆宣元大99購01  ,0,0,0,0,0,0,0,0,0,-10000,0,0,0,340000,350000,-10000,-10000
058209,臺股指凱基01購01,0,0,0,0,0,0,0,0,0,-10000,0,0,0,0,10000,-10000,-10000
057713,美律統一99購01  ,0,0,0,0,0,0,0,0,0,-10000,0,0,0,0,10000,-10000,-10000
05974P,國巨富邦97售03  ,0,0,0,0,0,0,0,0,0,-10000,0,0,0,20000,30000,-10000,-10000
059052,為升凱基99購01  ,0,0,0,0,0,0,0,0,0,-10000,0,0,0,0,10000,-10000,-10000
059032,元石油群益9C購03,0,0,0,0,0,0,0,0,0,-10000,0,0,0,0,10000,-10000,-10000
058993,滬深反元大9C購01,0,0,0,0,0,0,0,0,0,-10000,0,0,0,0,10000,-10000,-10000
058810,國巨統一9B購04  ,0,0,0,0,0,0,0,0,0,-10000,0,0,0,0,10000,-10000,-10000
058895,鴻海元大99購20  ,0,0,0,0,0,0,0,0,0,-10000,0,0,0,0,10000,-10000,-10000
056555,矽創凱基98購01  ,0,0,0,0,0,0,0,0,0,-10000,0,0,0,0,10000,-10000,-10000
057478,智邦元大99購01  ,0,0,0,0,0,0,0,0,0,-10000,0,0,0,0,10000,-10000,-10000
057440,台積電統一98購10,0,0,0,0,0,0,0,0,0,-10000,0,0,0,0,10000,-10000,-10000
059091,中信金元大99購01,0,0,0,0,0,0,0,0,0,-10000,0,0,0,0,10000,-10000,-10000
059095,訊芯元大99購01  ,0,0,0,0,0,0,0,0,0,-10000,0,0,0,78000,88000,-10000,-10000
05649P,矽創國票97售03  ,0,0,0,0,0,0,0,0,0,-10000,0,0,0,22000,32000,-10000,-10000
056486,樺漢元大98購04  ,0,0,0,0,0,0,0,0,0,-10000,0,0,0,0,10000,-10000,-10000
058753,元石油群益9B購03,0,0,0,0,0,0,0,0,0,-10000,0,0,0,0,10000,-10000,-10000
060020,康控康和99購01  ,0,0,0,0,0,0,0,0,0,-10000,0,0,0,21000,31000,-10000,-10000
059188,京元電富邦9B購01,0,0,0,0,0,0,0,0,0,-10000,0,0,0,100000,110000,-10000,-10000
057494,玉晶光元大99購09,0,0,0,0,0,0,0,0,0,-10000,0,0,0,17000,27000,-10000,-10000
058333,鴻海元富99購04  ,0,0,0,0,0,0,0,0,0,-10000,0,0,0,0,10000,-10000,-10000
058325,昇陽半永豐99購01,0,0,0,0,0,0,0,0,0,-10000,0,0,0,0,10000,-10000,-10000
059783,旺宏元大99購17  ,0,0,0,0,0,0,0,0,0,-10000,0,0,0,0,10000,-10000,-10000
059811,高股息凱基99購02,0,0,0,0,0,0,0,0,0,-10000,0,0,0,2000,12000,-10000,-10000
059840,鴻海富邦9A購02  ,0,0,0,0,0,0,0,0,0,-10000,0,0,0,0,10000,-10000,-10000
058444,國巨富邦9B購01  ,0,0,0,0,0,0,0,0,0,-10000,0,0,0,0,10000,-10000,-10000
058413,義隆兆豐99購01  ,0,0,0,0,0,0,0,0,0,-10000,0,0,0,0,10000,-10000,-10000
058380,臺股指凱基99購15,0,0,0,0,0,0,0,0,0,-10000,0,0,0,0,10000,-10000,-10000
057571,泰碩永豐98購01  ,0,0,0,0,0,0,0,0,0,-10000,0,0,0,0,10000,-10000,-10000
056634,為升兆豐99購01  ,0,0,0,0,0,0,0,0,0,-10000,0,0,0,0,10000,-10000,-10000
057257,台泥兆豐99購01  ,0,0,0,0,0,0,0,0,0,-10000,0,0,0,2000,12000,-10000,-10000
05722P,玉晶光國票97售03,0,0,0,0,0,0,0,0,0,-10000,0,0,0,25000,35000,-10000,-10000
057269,鈺齊兆豐98購01  ,0,0,0,0,0,0,0,0,0,-10000,0,0,0,0,10000,-10000,-10000
057262,友達兆豐98購03  ,0,0,0,0,0,0,0,0,0,-10000,0,0,0,0,10000,-10000,-10000
057263,可成兆豐99購01  ,0,0,0,0,0,0,0,0,0,-10000,0,0,0,0,10000,-10000,-10000
057264,新光金兆豐98購01,0,0,0,0,0,0,0,0,0,-10000,0,0,0,0,10000,-10000,-10000
057304,為升兆豐99購02  ,0,0,0,0,0,0,0,0,0,-10000,0,0,0,0,10000,-10000,-10000
057305,南亞科兆豐98購02,0,0,0,0,0,0,0,0,0,-10000,0,0,0,0,10000,-10000,-10000
057416,T50反1凱基9C購01,0,0,0,0,0,0,0,0,0,-10000,0,0,0,0,10000,-10000,-10000
057394,台積電中信9C購02,0,0,0,0,0,0,0,0,0,-10000,0,0,0,0,10000,-10000,-10000
057665,技嘉元大99購01  ,0,0,0,0,0,0,0,0,0,-10000,0,0,0,15000,25000,-10000,-10000
05848P,臺股指元大96售24,0,0,0,0,0,0,0,0,0,-10000,0,0,0,0,10000,-10000,-10000
058498,世紀鋼群益99購01,0,0,0,0,0,0,0,0,0,-10000,0,0,0,59000,69000,-10000,-10000
058513,宏達電元大99購05,0,0,0,0,0,0,0,0,0,-10000,0,0,0,0,10000,-10000,-10000
057073,康控永豐98購01  ,0,0,0,0,0,0,0,0,0,-10000,0,0,0,0,10000,-10000,-10000
056414,國巨中信98購02  ,0,0,0,0,0,0,0,0,0,-10000,0,0,0,0,10000,-10000,-10000
056405,聯茂群益98購01  ,0,0,0,0,0,0,0,0,0,-10000,0,0,0,36000,46000,-10000,-10000
059966,台積電凱基99購19,0,0,0,0,0,0,0,0,0,-10000,0,0,0,0,10000,-10000,-10000
059981,聯發科元大99購36,0,0,0,0,0,0,0,0,0,-10000,0,0,0,50000,60000,-10000,-10000
059885,台積電國票99購12,0,0,0,0,0,0,0,0,0,-10000,0,0,0,11000,21000,-10000,-10000
05987P,健策統一96售02  ,0,0,0,0,0,0,0,0,0,-10000,0,0,0,0,10000,-10000,-10000
059917,華新科元大99購19,0,0,0,0,0,0,0,0,0,-10000,0,0,0,0,10000,-10000,-10000
059947,貿聯永豐99購03  ,0,0,0,0,0,0,0,0,0,-10000,0,0,0,0,10000,-10000,-10000
056749,滬深2X兆豐99購01,0,0,0,0,0,0,0,0,0,-10000,0,0,0,0,10000,-10000,-10000
056751,和大兆豐98購01  ,0,0,0,0,0,0,0,0,0,-10000,0,0,0,0,10000,-10000,-10000
056753,群創兆豐98購02  ,0,0,0,0,0,0,0,0,0,-10000,0,0,0,0,10000,-10000,-10000
05669P,嘉晶永豐96售03  ,0,0,0,0,0,0,0,0,0,-10000,0,0,0,0,10000,-10000,-10000
056732,國巨凱基98購07  ,0,0,0,0,0,0,0,0,0,-10000,0,0,0,0,10000,-10000,-10000
056474,華新科元大99購05,0,0,0,0,0,0,0,0,0,-10000,0,0,0,0,10000,-10000,-10000
057142,力成兆豐98購01  ,0,0,0,0,0,0,0,0,0,-10000,0,0,0,0,10000,-10000,-10000
057110,立積群益98購01  ,0,0,0,0,0,0,0,0,0,-10000,0,0,0,100000,110000,-10000,-10000
057108,潤泰全群益98購01,0,0,0,0,0,0,0,0,0,-10000,0,0,0,0,10000,-10000,-10000
057130,全新凱基98購03  ,0,0,0,0,0,0,0,0,0,-10000,0,0,0,10000,20000,-10000,-10000
056763,國巨元大99購02  ,0,0,0,0,0,0,0,0,0,-10000,0,0,0,1000,11000,-10000,-10000
9958,世紀鋼          ,939000,717000,222000,0,0,0,0,0,0,-232000,37000,25000,12000,47000,291000,-244000,-10000
3312,弘憶股          ,88000,93000,-5000,0,0,0,0,0,0,-5000,0,5000,-5000,0,0,0,-10000
07978P,茂林群益9B售02  ,0,0,0,0,0,0,0,0,0,-10000,0,0,0,0,10000,-10000,-10000
07989P,玉晶光凱基9B售07,0,0,0,0,0,0,0,0,0,-10000,0,0,0,0,10000,-10000,-10000
07942P,健策凱基9B售03  ,0,0,0,0,0,0,0,0,0,-10000,0,0,0,5000,15000,-10000,-10000
07628P,臺股指凱基9A售09,0,0,0,0,0,0,0,0,0,-10000,0,0,0,10000,20000,-10000,-10000
07617P,聯發科中信9C售04,0,0,0,0,0,0,0,0,0,-10000,0,0,0,0,10000,-10000,-10000
07642P,華通凱基9A售05  ,0,0,0,0,0,0,0,0,0,-10000,0,0,0,0,10000,-10000,-10000
07507P,國巨國票9B售02  ,0,0,0,0,0,0,0,0,0,-10000,0,0,0,50000,60000,-10000,-10000
07461P,臺股指元大9B售04,0,0,0,0,0,0,0,0,0,-10000,0,0,0,0,10000,-10000,-10000
07540P,鴻海凱基9A售21  ,0,0,0,0,0,0,0,0,0,-10000,0,0,0,0,10000,-10000,-10000
07787P,國巨凱基9A售17  ,0,0,0,0,0,0,0,0,0,-10000,0,0,0,0,10000,-10000,-10000
062498,華通群益9C購04  ,0,0,0,0,0,0,0,0,0,-11000,0,0,0,0,11000,-11000,-11000
062302,聯詠中信05購02  ,0,0,0,0,0,0,0,0,0,-11000,0,0,0,0,11000,-11000,-11000
062390,元黃金富邦9C購01,0,0,0,0,0,0,0,0,0,-11000,0,0,0,0,11000,-11000,-11000
062193,瑞昱第一9B購01  ,0,0,0,0,0,0,0,0,0,-11000,0,0,0,3000,14000,-11000,-11000
06454P,緯穎元大98售04  ,0,0,0,0,0,0,0,0,0,-11000,0,0,0,150000,161000,-11000,-11000
060945,緯穎國票9A購02  ,0,0,0,0,0,0,0,0,0,-11000,0,0,0,31000,42000,-11000,-11000
061174,鴻海凱基9A購23  ,0,0,0,0,0,0,0,0,0,-11000,0,0,0,0,11000,-11000,-11000
061311,元黃金凱基9A購03,0,0,0,0,0,0,0,0,0,-11000,0,0,0,1000,12000,-11000,-11000
061182,南六凱基9A購01  ,0,0,0,0,0,0,0,0,0,-11000,0,0,0,1000,12000,-11000,-11000
061498,大立光國票9A購10,0,0,0,0,0,0,0,0,0,-11000,0,0,0,0,11000,-11000,-11000
061851,智邦國票9B購01  ,0,0,0,0,0,0,0,0,0,-11000,0,0,0,0,11000,-11000,-11000
061793,上銀永豐9B購01  ,0,0,0,0,0,0,0,0,0,-11000,0,0,0,0,11000,-11000,-11000
061676,新光金元大9A購03,0,0,0,0,0,0,0,0,0,-11000,0,0,0,0,11000,-11000,-11000
054893,帆宣統一99購01  ,0,0,0,0,0,0,0,0,0,-11000,0,0,0,41000,52000,-11000,-11000
056126,台郡國票98購02  ,0,0,0,0,0,0,0,0,0,-11000,0,0,0,0,11000,-11000,-11000
05594P,旺宏國票96售04  ,0,0,0,0,0,0,0,0,0,-11000,0,0,0,0,11000,-11000,-11000
055312,台虹群益99購01  ,0,0,0,0,0,0,0,0,0,-11000,0,0,0,46000,57000,-11000,-11000
055248,可成統一97購02  ,0,0,0,0,0,0,0,0,0,-11000,0,0,0,0,11000,-11000,-11000
00742,新光內需收益    ,0,0,0,0,0,0,0,0,0,-11000,0,0,0,126000,137000,-11000,-11000
053194,緯穎統一99購01  ,0,0,0,0,0,0,0,0,0,-11000,0,0,0,0,11000,-11000,-11000
050014,國巨富邦98購01  ,0,0,0,0,0,0,0,0,0,-11000,0,0,0,0,11000,-11000,-11000
053582,英業達元大97購01,0,0,0,0,0,0,0,0,0,-11000,0,0,0,32000,43000,-11000,-11000
056281,深中小永豐97購01,0,0,0,0,0,0,0,0,0,-11000,0,0,0,21000,32000,-11000,-11000
059918,華新科元大99購20,0,0,0,0,0,0,0,0,0,-11000,0,0,0,0,11000,-11000,-11000
05989P,健策元富96售01  ,0,0,0,0,0,0,0,0,0,-11000,0,0,0,0,11000,-11000,-11000
057367,技嘉元大98購02  ,0,0,0,0,0,0,0,0,0,-11000,0,0,0,47000,58000,-11000,-11000
057526,智邦元大98購10  ,0,0,0,0,0,0,0,0,0,-11000,0,0,0,118000,129000,-11000,-11000
058957,貿聯國票9A購01  ,0,0,0,0,0,0,0,0,0,-11000,0,0,0,50000,61000,-11000,-11000
059065,南電凱基9A購01  ,0,0,0,0,0,0,0,0,0,-11000,0,0,0,1000,12000,-11000,-11000
059051,和大凱基9A購01  ,0,0,0,0,0,0,0,0,0,-11000,0,0,0,0,11000,-11000,-11000
057719,欣興元富02購01  ,0,0,0,0,0,0,0,0,0,-11000,0,0,0,52000,63000,-11000,-11000
056781,元油2X群益9B購02,0,0,0,0,0,0,0,0,0,-11000,0,0,0,0,11000,-11000,-11000
058274,世紀鋼永豐99購01,0,0,0,0,0,0,0,0,0,-11000,0,0,0,49000,60000,-11000,-11000
060479,億豐元大9A購01  ,0,0,0,0,0,0,0,0,0,-11000,0,0,0,2000,13000,-11000,-11000
060427,聯茂永豐9A購01  ,0,0,0,0,0,0,0,0,0,-11000,0,0,0,74000,85000,-11000,-11000
060224,台灣50元大9A購09,0,0,0,0,0,0,0,0,0,-11000,0,0,0,0,11000,-11000,-11000
06024P,台郡國票97售05  ,0,0,0,0,0,0,0,0,0,-11000,0,0,0,0,11000,-11000,-11000
060338,鴻海統一9C購02  ,0,0,0,0,0,0,0,0,0,-11000,0,0,0,0,11000,-11000,-11000
058712,鴻海統一9B購03  ,0,0,0,0,0,0,0,0,0,-11000,0,0,0,5000,16000,-11000,-11000
07732P,台灣50台新9A售05,0,0,0,0,0,0,0,0,0,-11000,0,0,0,0,11000,-11000,-11000
07824P,國巨元大9A售24  ,0,0,0,0,0,0,0,0,0,-11000,0,0,0,0,11000,-11000,-11000
3021,鴻名            ,2000,12000,-10000,0,0,0,0,0,0,-1000,0,1000,-1000,0,0,0,-11000
3024,憶聲            ,0,11000,-11000,0,0,0,0,0,0,0,0,0,0,0,0,0,-11000
6115,鎰勝            ,3000,14000,-11000,0,0,0,0,0,0,0,0,0,0,0,0,0,-11000
5906,台南-KY         ,0,11000,-11000,0,0,0,0,0,0,0,0,0,0,0,0,0,-11000
6164,華興            ,0,11000,-11000,0,0,0,0,0,0,0,0,0,0,0,0,0,-11000
2630,亞航            ,0,11000,-11000,0,0,0,0,0,0,0,0,0,0,0,0,0,-11000
8103,瀚荃            ,0,12000,-12000,0,0,0,0,0,0,1000,1000,0,1000,0,0,0,-11000
061752,瑞昱台新9B購01  ,0,0,0,0,0,0,0,0,0,-12000,0,0,0,0,12000,-12000,-12000
06190P,玉晶光永豐97售05,0,0,0,0,0,0,0,0,0,-12000,0,0,0,0,12000,-12000,-12000
061242,玉晶光兆豐9B購02,0,0,0,0,0,0,0,0,0,-12000,0,0,0,0,12000,-12000,-12000
061301,華新科永豐9A購03,0,0,0,0,0,0,0,0,0,-12000,0,0,0,0,12000,-12000,-12000
060506,京元電元大9A購02,0,0,0,0,0,0,0,0,0,-12000,0,0,0,5000,17000,-12000,-12000
07131P,緯穎元大99售06  ,0,0,0,0,0,0,0,0,0,-12000,0,0,0,10000,22000,-12000,-12000
062055,鴻海統一9C購07  ,0,0,0,0,0,0,0,0,0,-12000,0,0,0,0,12000,-12000,-12000
062500,國巨群益01購01  ,0,0,0,0,0,0,0,0,0,-12000,0,0,0,0,12000,-12000,-12000
049553,鴻海國泰96購02  ,0,0,0,0,0,0,0,0,0,-12000,0,0,0,1215000,1227000,-12000,-12000
046629,群創統一98購01  ,0,0,0,0,0,0,0,0,0,-12000,0,0,0,0,12000,-12000,-12000
052383,臺股指元大95購29,0,0,0,0,0,0,0,0,0,-12000,0,0,0,0,12000,-12000,-12000
00731,FH富時高息低波  ,0,0,0,0,0,0,0,0,0,-12000,0,0,0,12000,24000,-12000,-12000
055350,聯發科凱基97購02,0,0,0,0,0,0,0,0,0,-12000,0,0,0,10000,22000,-12000,-12000
059473,T50反1群益99購03,0,0,0,0,0,0,0,0,0,-12000,0,0,0,0,12000,-12000,-12000
059450,和大永豐99購01  ,0,0,0,0,0,0,0,0,0,-12000,0,0,0,0,12000,-12000,-12000
059326,康友元大99購01  ,0,0,0,0,0,0,0,0,0,-12000,0,0,0,16000,28000,-12000,-12000
059144,嘉晶國票9A購02  ,0,0,0,0,0,0,0,0,0,-12000,0,0,0,4000,16000,-12000,-12000
054811,裕隆元大9A購01  ,0,0,0,0,0,0,0,0,0,-12000,0,0,0,0,12000,-12000,-12000
054231,國巨群益98購03  ,0,0,0,0,0,0,0,0,0,-12000,0,0,0,22000,34000,-12000,-12000
058719,智邦元富99購01  ,0,0,0,0,0,0,0,0,0,-12000,0,0,0,89000,101000,-12000,-12000
060057,欣興凱基9B購01  ,0,0,0,0,0,0,0,0,0,-12000,0,0,0,0,12000,-12000,-12000
060091,技嘉元大99購03  ,0,0,0,0,0,0,0,0,0,-12000,0,0,0,36000,48000,-12000,-12000
056947,國巨統一9A購01  ,0,0,0,0,0,0,0,0,0,-12000,0,0,0,0,12000,-12000,-12000
060222,貿聯凱基9A購02  ,0,0,0,0,0,0,0,0,0,-12000,0,0,0,0,12000,-12000,-12000
058178,國巨國泰9A購02  ,0,0,0,0,0,0,0,0,0,-12000,0,0,0,23000,35000,-12000,-12000
057994,技嘉中信98購01  ,0,0,0,0,0,0,0,0,0,-12000,0,0,0,8000,20000,-12000,-12000
058997,鴻海元大99購21  ,0,0,0,0,0,0,0,0,0,-12000,0,0,0,7000,19000,-12000,-12000
056611,國巨永豐98購03  ,0,0,0,0,0,0,0,0,0,-12000,0,0,0,111000,123000,-12000,-12000
058453,可成永豐99購01  ,0,0,0,0,0,0,0,0,0,-12000,0,0,0,0,12000,-12000,-12000
059121,瑞儀永豐99購01  ,0,0,0,0,0,0,0,0,0,-12000,0,0,0,5000,17000,-12000,-12000
057437,可成國票99購01  ,0,0,0,0,0,0,0,0,0,-12000,0,0,0,0,12000,-12000,-12000
057282,大立光元大99購06,0,0,0,0,0,0,0,0,0,-12000,0,0,0,8000,20000,-12000,-12000
057191,祥碩元大98購05  ,0,0,0,0,0,0,0,0,0,-12000,0,0,0,85000,97000,-12000,-12000
059871,義隆凱基99購03  ,0,0,0,0,0,0,0,0,0,-12000,0,0,0,11000,23000,-12000,-12000
9918,欣天然          ,0,1000,-1000,0,0,0,0,0,0,-11000,0,11000,-11000,0,0,0,-12000
2428,興勤            ,111000,111000,0,0,0,0,0,0,0,-12000,1000,5000,-4000,1000,9000,-8000,-12000
2114,鑫永銓          ,6000,15000,-9000,0,0,0,0,0,0,-3000,0,3000,-3000,0,0,0,-12000
5706,鳳凰            ,2000,14000,-12000,0,0,0,0,0,0,0,0,0,0,0,0,0,-12000
07975P,國巨元大9B售15  ,0,0,0,0,0,0,0,0,0,-12000,0,0,0,49000,61000,-12000,-12000
1731,美吾華          ,53000,60000,-7000,0,0,0,0,0,0,-5000,0,5000,-5000,0,0,0,-12000
062053,華通統一9C購02  ,0,0,0,0,0,0,0,0,0,-13000,0,0,0,45000,58000,-13000,-13000
062143,大成鋼國票9B購01,0,0,0,0,0,0,0,0,0,-13000,0,0,0,16000,29000,-13000,-13000
07317P,T50正2凱基9B售02,0,0,0,0,0,0,0,0,0,-13000,0,0,0,0,13000,-13000,-13000
07402P,瑞昱凱基99售02  ,0,0,0,0,0,0,0,0,0,-13000,0,0,0,112000,125000,-13000,-13000
06501P,臺股指元大9A售06,0,0,0,0,0,0,0,0,0,-13000,0,0,0,0,13000,-13000,-13000
06838P,台積電統一99售05,0,0,0,0,0,0,0,0,0,-13000,0,0,0,0,13000,-13000,-13000
060547,瑞昱凱基9A購01  ,0,0,0,0,0,0,0,0,0,-13000,0,0,0,30000,43000,-13000,-13000
060555,台表科凱基9A購03,0,0,0,0,0,0,0,0,0,-13000,0,0,0,0,13000,-13000,-13000
060583,南亞科元富9A購05,0,0,0,0,0,0,0,0,0,-13000,0,0,0,0,13000,-13000,-13000
061125,億光永豐9A購01  ,0,0,0,0,0,0,0,0,0,-13000,0,0,0,36000,49000,-13000,-13000
061002,瑞昱兆豐9B購01  ,0,0,0,0,0,0,0,0,0,-13000,0,0,0,12000,25000,-13000,-13000
061243,麗豐兆豐9A購01  ,0,0,0,0,0,0,0,0,0,-13000,0,0,0,0,13000,-13000,-13000
061739,奇力新凱基9C購01,0,0,0,0,0,0,0,0,0,-13000,0,0,0,0,13000,-13000,-13000
06167P,欣興國票97售05  ,0,0,0,0,0,0,0,0,0,-13000,0,0,0,0,13000,-13000,-13000
054543,元金2X中信01購01,0,0,0,0,0,0,0,0,0,-13000,0,0,0,0,13000,-13000,-13000
054641,祥碩中信98購01  ,0,0,0,0,0,0,0,0,0,-13000,0,0,0,54000,67000,-13000,-13000
056200,大毅永豐98購01  ,0,0,0,0,0,0,0,0,0,-13000,0,0,0,10000,23000,-13000,-13000
059263,瑞昱中信01購01  ,0,0,0,0,0,0,0,0,0,-13000,0,0,0,21000,34000,-13000,-13000
00737,國泰AI+Robo     ,1000,18000,-17000,0,0,0,0,0,0,4000,0,0,0,194000,190000,4000,-13000
051325,台光電台新96購01,0,0,0,0,0,0,0,0,0,-13000,0,0,0,4000,17000,-13000,-13000
043442,大立光台新01購01,0,0,0,0,0,0,0,0,0,-13000,0,0,0,2000,15000,-13000,-13000
051847,香港反中信99購01,0,0,0,0,0,0,0,0,0,-13000,0,0,0,0,13000,-13000,-13000
059946,健策永豐99購05  ,0,0,0,0,0,0,0,0,0,-13000,0,0,0,0,13000,-13000,-13000
057152,緯穎國票99購03  ,0,0,0,0,0,0,0,0,0,-13000,0,0,0,15000,28000,-13000,-13000
057449,華新科元富99購02,0,0,0,0,0,0,0,0,0,-13000,0,0,0,20000,33000,-13000,-13000
056532,技嘉凱基98購01  ,0,0,0,0,0,0,0,0,0,-13000,0,0,0,28000,41000,-13000,-13000
059082,華通元大99購06  ,0,0,0,0,0,0,0,0,0,-13000,0,0,0,2000,15000,-13000,-13000
059704,聯發科凱基9A購08,0,0,0,0,0,0,0,0,0,-13000,0,0,0,0,13000,-13000,-13000
058969,亞德客永豐99購01,0,0,0,0,0,0,0,0,0,-13000,0,0,0,24000,37000,-13000,-13000
058014,上銀凱基99購02  ,0,0,0,0,0,0,0,0,0,-13000,0,0,0,0,13000,-13000,-13000
060083,和大元大99購02  ,0,0,0,0,0,0,0,0,0,-13000,0,0,0,19000,32000,-13000,-13000
1708,東鹼            ,21000,33000,-12000,0,0,0,0,0,0,-1000,0,1000,-1000,0,0,0,-13000
07950P,智邦元大9B售04  ,0,0,0,0,0,0,0,0,0,-13000,0,0,0,20000,33000,-13000,-13000
3346,麗清            ,17000,30000,-13000,0,0,0,0,0,0,0,0,0,0,0,0,0,-13000
2637,慧洋-KY         ,300000,313000,-13000,0,0,0,0,0,0,0,0,0,0,0,0,0,-13000
9188,精熙-DR         ,0,13000,-13000,0,0,0,0,0,0,0,0,0,0,0,0,0,-13000
061362,台塑國票9B購01  ,0,0,0,0,0,0,0,0,0,-14000,0,0,0,0,14000,-14000,-14000
060533,臺股指中信9B購05,0,0,0,0,0,0,0,0,0,-14000,0,0,0,0,14000,-14000,-14000
060837,上銀國票9A購04  ,0,0,0,0,0,0,0,0,0,-14000,0,0,0,0,14000,-14000,-14000
060747,聯鈞國票9A購02  ,0,0,0,0,0,0,0,0,0,-14000,0,0,0,0,14000,-14000,-14000
06928P,鴻海元大99售10  ,0,0,0,0,0,0,0,0,0,-14000,0,0,0,66000,80000,-14000,-14000
062233,神隆凱基9B購01  ,0,0,0,0,0,0,0,0,0,-14000,0,0,0,3000,17000,-14000,-14000
062001,臺股指元大9B購25,0,0,0,0,0,0,0,0,0,-14000,0,0,0,10000,24000,-14000,-14000
062307,華通凱基9C購01  ,0,0,0,0,0,0,0,0,0,-14000,0,0,0,2000,16000,-14000,-14000
046906,新光金凱基99購02,0,0,0,0,0,0,0,0,0,-14000,0,0,0,0,14000,-14000,-14000
059281,創意永豐99購02  ,0,0,0,0,0,0,0,0,0,-14000,0,0,0,83000,97000,-14000,-14000
055692,緯穎凱基97購03  ,0,0,0,0,0,0,0,0,0,-14000,0,0,0,10000,24000,-14000,-14000
054064,台郡國票97購04  ,0,0,0,0,0,0,0,0,0,-14000,0,0,0,0,14000,-14000,-14000
054828,正崴國泰99購01  ,0,0,0,0,0,0,0,0,0,-14000,0,0,0,10000,24000,-14000,-14000
058701,鴻海元大99購16  ,0,0,0,0,0,0,0,0,0,-14000,0,0,0,16000,30000,-14000,-14000
060275,元黃金元大9A購01,0,0,0,0,0,0,0,0,0,-14000,0,0,0,31000,45000,-14000,-14000
058040,FBVIX元大98購01 ,0,0,0,0,0,0,0,0,0,-14000,0,0,0,0,14000,-14000,-14000
058008,禾伸堂國票99購02,0,0,0,0,0,0,0,0,0,-14000,0,0,0,58000,72000,-14000,-14000
058196,台塑中信99購01  ,0,0,0,0,0,0,0,0,0,-14000,0,0,0,116000,130000,-14000,-14000
059772,可成群益9A購05  ,0,0,0,0,0,0,0,0,0,-14000,0,0,0,0,14000,-14000,-14000
058464,矽創兆豐9A購01  ,0,0,0,0,0,0,0,0,0,-14000,0,0,0,5000,19000,-14000,-14000
059087,台積電元大99購26,0,0,0,0,0,0,0,0,0,-14000,0,0,0,0,14000,-14000,-14000
057165,國巨元大99購05  ,0,0,0,0,0,0,0,0,0,-14000,0,0,0,0,14000,-14000,-14000
057173,南亞科元大98購04,0,0,0,0,0,0,0,0,0,-14000,0,0,0,101000,115000,-14000,-14000
05646P,聯發科國票96售05,0,0,0,0,0,0,0,0,0,-14000,0,0,0,0,14000,-14000,-14000
059860,台積電群益9A購02,0,0,0,0,0,0,0,0,0,-14000,0,0,0,53000,67000,-14000,-14000
056449,義隆凱基98購03  ,0,0,0,0,0,0,0,0,0,-14000,0,0,0,0,14000,-14000,-14000
9902,台火            ,3000,30000,-27000,0,0,0,0,0,0,13000,13000,0,13000,0,0,0,-14000
8367,建新國際        ,0,10000,-10000,0,0,0,0,0,0,-4000,0,4000,-4000,0,0,0,-14000
3002,歐格            ,0,9000,-9000,0,0,0,0,0,0,-5000,0,5000,-5000,0,0,0,-14000
2429,銘旺科          ,2000,16000,-14000,0,0,0,0,0,0,0,0,0,0,0,0,0,-14000
3055,蔚華科          ,10000,17000,-7000,0,0,0,0,0,0,-7000,0,7000,-7000,0,0,0,-14000
3027,盛達            ,15000,29000,-14000,0,0,0,0,0,0,0,0,0,0,0,0,0,-14000
3669,圓展            ,157000,172000,-15000,0,0,0,0,0,0,1000,1000,0,1000,0,0,0,-14000
6133,金橋            ,1000,15000,-14000,0,0,0,0,0,0,0,0,0,0,0,0,0,-14000
6183,關貿            ,2000,14000,-12000,0,0,0,0,0,0,-2000,0,2000,-2000,0,0,0,-14000
1474,弘裕            ,13000,20000,-7000,0,0,0,0,0,0,-7000,0,7000,-7000,0,0,0,-14000
07466P,亞德客元大9A售02,0,0,0,0,0,0,0,0,0,-14000,0,0,0,65000,79000,-14000,-14000
1786,科妍            ,11214,27000,-15786,0,0,0,0,0,0,1000,3000,2000,1000,0,0,0,-14786
062341,台表科麥證9C購01,0,0,0,50000,84000,-34000,0,0,0,-15000,0,0,0,69000,84000,-15000,-15000
062438,台光電元大9B購04,0,0,0,0,0,0,0,0,0,-15000,0,0,0,0,15000,-15000,-15000
06256P,臺股指群益97售09,0,0,0,0,0,0,0,0,0,-15000,0,0,0,2000,17000,-15000,-15000
06282P,聯鈞永豐97售02  ,0,0,0,0,0,0,0,0,0,-15000,0,0,0,25000,40000,-15000,-15000
061961,台積電統一01購02,0,0,0,0,0,0,0,0,0,-15000,0,0,0,10000,25000,-15000,-15000
061945,華通群益9B購04  ,0,0,0,0,0,0,0,0,0,-15000,0,0,0,5000,20000,-15000,-15000
062276,瑞昱群益9B購01  ,0,0,0,0,0,0,0,0,0,-15000,0,0,0,9000,24000,-15000,-15000
06999P,玉晶光國票9B售01,0,0,0,0,0,0,0,0,0,-15000,0,0,0,0,15000,-15000,-15000
07445P,大立光凱基9A售08,0,0,0,0,0,0,0,0,0,-15000,0,0,0,0,15000,-15000,-15000
07305P,T50正2群益99售02,0,0,0,0,0,0,0,0,0,-15000,0,0,0,5000,20000,-15000,-15000
06869P,金融類元大99售01,0,0,0,0,0,0,0,0,0,-15000,0,0,0,0,15000,-15000,-15000
06633P,國巨國票99售01  ,0,0,0,0,0,0,0,0,0,-15000,0,0,0,8000,23000,-15000,-15000
060819,國巨統一9C購04  ,0,0,0,0,0,0,0,0,0,-15000,0,0,0,0,15000,-15000,-15000
061154,可成群益9B購04  ,0,0,0,0,0,0,0,0,0,-15000,0,0,0,0,15000,-15000,-15000
061036,晶技永豐9A購03  ,0,0,0,0,0,0,0,0,0,-15000,0,0,0,0,15000,-15000,-15000
061267,玉山金凱基9B購01,0,0,0,0,0,0,0,0,0,-15000,0,0,0,0,15000,-15000,-15000
061218,臺股指元大9A購55,0,0,0,0,0,0,0,0,0,-15000,0,0,0,44000,59000,-15000,-15000
061541,旺宏群益9A購03  ,0,0,0,0,0,0,0,0,0,-15000,0,0,0,0,15000,-15000,-15000
061689,國巨群益9A購12  ,0,0,0,0,0,0,0,0,0,-15000,0,0,0,24000,39000,-15000,-15000
061696,南茂群益9A購01  ,0,0,0,0,0,0,0,0,0,-15000,0,0,0,98000,113000,-15000,-15000
061809,聯發科統一9C購05,0,0,0,0,0,0,0,0,0,-15000,0,0,0,0,15000,-15000,-15000
055872,亞泥元富97購01  ,0,0,0,0,0,0,0,0,0,-15000,0,0,0,1000,16000,-15000,-15000
059312,元石油元大99購05,0,0,0,0,0,0,0,0,0,-15000,0,0,0,5000,20000,-15000,-15000
055387,世紀鋼元大97購01,0,0,0,0,0,0,0,0,0,-15000,0,0,0,0,15000,-15000,-15000
055024,興勤國泰98購01  ,0,0,0,0,0,0,0,0,0,-15000,0,0,0,0,15000,-15000,-15000
048874,玉晶光國票96購01,0,0,0,0,0,0,0,0,0,-15000,0,0,0,0,15000,-15000,-15000
050797,聯發科中信99購01,0,0,0,0,0,0,0,0,0,-15000,0,0,0,0,15000,-15000,-15000
00735,國泰臺韓科技    ,0,0,0,0,0,0,0,0,0,-15000,0,0,0,217000,232000,-15000,-15000
052886,世紀鋼兆豐96購01,0,0,0,0,0,0,0,0,0,-15000,0,0,0,0,15000,-15000,-15000
05212P,台積電國票96售04,0,0,0,0,0,0,0,0,0,-15000,0,0,0,1000,16000,-15000,-15000
053018,旺宏元富96購02  ,0,0,0,0,0,0,0,0,0,-15000,0,0,0,0,15000,-15000,-15000
055627,亞德客永豐97購02,0,0,0,0,0,0,0,0,0,-15000,0,0,0,53000,68000,-15000,-15000
054513,元金2X元大96購01,0,0,0,0,0,0,0,0,0,-15000,0,0,0,0,15000,-15000,-15000
056421,鴻海統一98購08  ,0,0,0,0,0,0,0,0,0,-15000,0,0,0,0,15000,-15000,-15000
059876,智易凱基99購02  ,0,0,0,0,0,0,0,0,0,-15000,0,0,0,0,15000,-15000,-15000
056469,國巨元大99購01  ,0,0,0,0,0,0,0,0,0,-15000,0,0,0,35000,50000,-15000,-15000
057125,國巨凱基98購12  ,0,0,0,0,0,0,0,0,0,-15000,0,0,0,0,15000,-15000,-15000
057365,智邦元大98購07  ,0,0,0,0,0,0,0,0,0,-15000,0,0,0,34000,49000,-15000,-15000
057354,聯鈞統一99購03  ,0,0,0,0,0,0,0,0,0,-15000,0,0,0,20000,35000,-15000,-15000
057689,南亞科凱基99購02,0,0,0,0,0,0,0,0,0,-15000,0,0,0,4000,19000,-15000,-15000
058802,矽創元大99購02  ,0,0,0,0,0,0,0,0,0,-15000,0,0,0,10000,25000,-15000,-15000
057596,聯茂兆豐99購01  ,0,0,0,0,0,0,0,0,0,-15000,0,0,0,15000,30000,-15000,-15000
058195,鈺齊永豐99購01  ,0,0,0,0,0,0,0,0,0,-15000,0,0,0,0,15000,-15000,-15000
059743,開發金元富99購01,0,0,0,0,0,0,0,0,0,-15000,0,0,0,0,15000,-15000,-15000
058962,元油2X兆豐9A購02,0,0,0,0,0,0,0,0,0,-15000,0,0,0,0,15000,-15000,-15000
060394,欣興麥證9A購01  ,0,0,0,4000,19000,-15000,0,0,0,-15000,0,0,0,4000,19000,-15000,-15000
060485,華新科富邦9C購04,0,0,0,0,0,0,0,0,0,-15000,0,0,0,0,15000,-15000,-15000
06004P,奇力新永豐96售02,0,0,0,0,0,0,0,0,0,-15000,0,0,0,0,15000,-15000,-15000
060079,台郡台新99購03  ,0,0,0,0,0,0,0,0,0,-15000,0,0,0,0,15000,-15000,-15000
060105,牧德元大9B購01  ,0,0,0,0,0,0,0,0,0,-15000,0,0,0,3000,18000,-15000,-15000
056944,鴻海統一98購11  ,0,0,0,0,0,0,0,0,0,-15000,0,0,0,0,15000,-15000,-15000
057792,群創統一99購01  ,0,0,0,0,0,0,0,0,0,-15000,0,0,0,0,15000,-15000,-15000
057831,聯發科元富02購04,0,0,0,0,0,0,0,0,0,-15000,0,0,0,0,15000,-15000,-15000
2007,燁興            ,0,15000,-15000,0,0,0,0,0,0,0,0,0,0,0,0,0,-15000
1541,錩泰            ,41000,56000,-15000,0,0,0,0,0,0,0,0,0,0,0,0,0,-15000
1608,華榮            ,84000,98000,-14000,0,0,0,0,0,0,-1000,0,1000,-1000,0,0,0,-15000
1465,偉全            ,0,15000,-15000,0,0,0,0,0,0,0,0,0,0,0,0,0,-15000
07611P,大立光國票9A售05,0,0,0,0,0,0,0,0,0,-15000,0,0,0,0,15000,-15000,-15000
07774P,台灣50群益9A售16,0,0,0,0,0,0,0,0,0,-15000,0,0,0,135000,150000,-15000,-15000
3305,昇貿            ,0,15000,-15000,0,0,0,0,0,0,0,0,0,0,0,0,0,-15000
2460,建通            ,0,10000,-10000,0,0,0,0,0,0,-5000,0,5000,-5000,0,0,0,-15000
6582,申豐            ,189000,204000,-15000,0,0,0,0,0,0,0,0,0,0,0,0,0,-15000
061827,台灣50凱基02購01,0,0,0,0,0,0,0,0,0,-16000,0,0,0,0,16000,-16000,-16000
061524,華通凱基9A購07  ,0,0,0,0,0,0,0,0,0,-16000,0,0,0,0,16000,-16000,-16000
060713,聯詠永豐9A購01  ,0,0,0,0,0,0,0,0,0,-16000,0,0,0,76000,92000,-16000,-16000
060668,上証2X元大9A購02,0,0,0,0,0,0,0,0,0,-16000,0,0,0,0,16000,-16000,-16000
06654P,欣興元大98售08  ,0,0,0,0,0,0,0,0,0,-16000,0,0,0,177000,193000,-16000,-16000
07174P,臺股指國票99售11,0,0,0,0,0,0,0,0,0,-16000,0,0,0,399000,415000,-16000,-16000
07181P,臺股指凱基99售23,0,0,0,0,0,0,0,0,0,-16000,0,0,0,7000,23000,-16000,-16000
062035,瑞祺群益9B購01  ,0,0,0,0,0,0,0,0,0,-16000,0,0,0,85000,101000,-16000,-16000
062520,晶豪科元大9B購02,0,0,0,0,0,0,0,0,0,-16000,0,0,0,8000,24000,-16000,-16000
053639,禾伸堂永豐96購01,0,0,0,0,0,0,0,0,0,-16000,0,0,0,0,16000,-16000,-16000
055647,義隆元富97購01  ,0,0,0,0,0,0,0,0,0,-16000,0,0,0,0,16000,-16000,-16000
052202,矽力統一96購01  ,0,0,0,0,0,0,0,0,0,-16000,0,0,0,0,16000,-16000,-16000
052782,超眾國票96購02  ,0,0,0,0,0,0,0,0,0,-16000,0,0,0,0,16000,-16000,-16000
047417,台塑富邦97購01  ,0,0,0,0,0,0,0,0,0,-16000,0,0,0,0,16000,-16000,-16000
05499P,聯詠元富95售02  ,0,0,0,0,0,0,0,0,0,-16000,0,0,0,0,16000,-16000,-16000
059340,鴻海凱基9A購12  ,0,0,0,0,0,0,0,0,0,-16000,0,0,0,0,16000,-16000,-16000
05395P,旺宏元大96售06  ,0,0,0,0,0,0,0,0,0,-16000,0,0,0,0,16000,-16000,-16000
056906,玉晶光元大9B購01,0,0,0,0,0,0,0,0,0,-16000,0,0,0,100000,116000,-16000,-16000
060399,康友國票9A購02  ,0,0,0,0,0,0,0,0,0,-16000,0,0,0,0,16000,-16000,-16000
060229,楠梓電元大9C購01,0,0,0,0,0,0,0,0,0,-16000,0,0,0,62000,78000,-16000,-16000
058175,旺宏凱基99購03  ,0,0,0,0,0,0,0,0,0,-16000,0,0,0,0,16000,-16000,-16000
056603,嘉聯益國泰9A購01,0,0,0,0,0,0,0,0,0,-16000,0,0,0,87000,103000,-16000,-16000
056664,上証反中信9B購01,0,0,0,0,0,0,0,0,0,-16000,0,0,0,100000,116000,-16000,-16000
059689,南亞科永豐99購02,0,0,0,0,0,0,0,0,0,-16000,0,0,0,16000,32000,-16000,-16000
058290,南電國票9A購01  ,0,0,0,0,0,0,0,0,0,-16000,0,0,0,0,16000,-16000,-16000
05721P,全新群益98售02  ,0,0,0,0,0,0,0,0,0,-16000,0,0,0,4000,20000,-16000,-16000
056777,矽力元大98購02  ,0,0,0,0,0,0,0,0,0,-16000,0,0,0,38000,54000,-16000,-16000
2528,皇普            ,6000,20000,-14000,0,0,0,0,0,0,-2000,2000,4000,-2000,0,0,0,-16000
3419,譁裕            ,46000,64000,-18000,0,0,0,0,0,0,2000,2000,0,2000,0,0,0,-16000
07761P,智邦永豐9A售03  ,0,0,0,0,0,0,0,0,0,-16000,0,0,0,0,16000,-16000,-16000
07653P,華新科群益9A售05,0,0,0,0,0,0,0,0,0,-16000,0,0,0,192000,208000,-16000,-16000
1614,三洋電          ,0,16000,-16000,0,0,0,0,0,0,0,0,0,0,0,0,0,-16000
062016,美食永豐9B購01  ,0,0,0,0,0,0,0,0,0,-17000,0,0,0,0,17000,-17000,-17000
061927,玉晶光凱基9C購01,0,0,0,0,0,0,0,0,0,-17000,0,0,0,2000,19000,-17000,-17000
06604P,聯發科元富02售02,0,0,0,0,0,0,0,0,0,-17000,0,0,0,0,17000,-17000,-17000
06475P,牧德永豐98售03  ,0,0,0,0,0,0,0,0,0,-17000,0,0,0,0,17000,-17000,-17000
060513,緯穎元大9B購01  ,0,0,0,0,0,0,0,0,0,-17000,0,0,0,120000,137000,-17000,-17000
061195,健策永豐9B購02  ,0,0,0,0,0,0,0,0,0,-17000,0,0,0,28000,45000,-17000,-17000
061892,亞德客永豐9B購01,0,0,0,0,0,0,0,0,0,-17000,0,0,0,5000,22000,-17000,-17000
061875,華新科元大9B購03,0,0,0,0,0,0,0,0,0,-17000,0,0,0,0,17000,-17000,-17000
054158,國巨日盛99購01  ,0,0,0,0,0,0,0,0,0,-17000,0,0,0,42000,59000,-17000,-17000
054151,瑞昱國泰97購01  ,0,0,0,0,0,0,0,0,0,-17000,0,0,0,0,17000,-17000,-17000
052313,聯電元大98購01  ,0,0,0,0,0,0,0,0,0,-17000,0,0,0,17000,34000,-17000,-17000
056343,高鐵凱基98購02  ,0,0,0,0,0,0,0,0,0,-17000,0,0,0,0,17000,-17000,-17000
057289,力成元大98購03  ,0,0,0,0,0,0,0,0,0,-17000,0,0,0,101000,118000,-17000,-17000
056561,台光電群益98購02,0,0,0,0,0,0,0,0,0,-17000,0,0,0,0,17000,-17000,-17000
059685,T50正2永豐99購02,0,0,0,0,0,0,0,0,0,-17000,0,0,0,10000,27000,-17000,-17000
056641,華通凱基98購03  ,0,0,0,0,0,0,0,0,0,-17000,0,0,0,4000,21000,-17000,-17000
057559,可成兆豐99購02  ,0,0,0,0,0,0,0,0,0,-17000,0,0,0,0,17000,-17000,-17000
058022,樺漢凱基99購02  ,0,0,0,0,0,0,0,0,0,-17000,0,0,0,33000,50000,-17000,-17000
060159,健和興永豐9A購01,0,0,0,0,0,0,0,0,0,-17000,0,0,0,20000,37000,-17000,-17000
1441,大東            ,0,18000,-18000,0,0,0,0,0,0,1000,1000,0,1000,0,0,0,-17000
1256,鮮活果汁-KY     ,1000,18000,-17000,0,0,0,0,0,0,0,0,0,0,0,0,0,-17000
07880P,可成群益9B售05  ,0,0,0,0,0,0,0,0,0,-17000,0,0,0,169000,186000,-17000,-17000
3013,晟銘電          ,11000,17000,-6000,0,0,0,0,0,0,-11000,1000,12000,-11000,0,0,0,-17000
6172,互億            ,11000,31000,-20000,0,0,0,0,0,0,3000,3000,0,3000,0,0,0,-17000
2466,冠西電          ,0,18000,-18000,0,0,0,0,0,0,1000,1000,0,1000,0,0,0,-17000
2506,太設            ,3000,20000,-17000,0,0,0,0,0,0,0,0,0,0,0,0,0,-17000
6449,鈺邦            ,5000,24000,-19000,0,0,0,0,0,0,2000,2000,0,2000,0,0,0,-17000
8480,泰昇-KY         ,15000,32562,-17562,0,0,0,0,0,0,0,0,0,0,0,0,0,-17562
061594,玉晶光永豐9A購08,0,0,0,0,0,0,0,0,0,-18000,0,0,0,0,18000,-18000,-18000
061210,玉山金元大9A購02,0,0,0,0,0,0,0,0,0,-18000,0,0,0,50000,68000,-18000,-18000
060963,禾伸堂凱基9A購01,0,0,0,0,0,0,0,0,0,-18000,0,0,0,39000,57000,-18000,-18000
062022,緯穎永豐9B購01  ,0,1000,-1000,0,0,0,0,0,0,-17000,0,0,0,26000,43000,-17000,-18000
062038,鴻海凱基9B購05  ,0,0,0,0,0,0,0,0,0,-18000,0,0,0,33000,51000,-18000,-18000
062070,金寶元大9B購01  ,0,0,0,0,0,0,0,0,0,-18000,0,0,0,37000,55000,-18000,-18000
062281,奇鋐群益9B購01  ,0,0,0,0,0,0,0,0,0,-18000,0,0,0,5000,23000,-18000,-18000
056320,京鼎群益99購01  ,0,0,0,0,0,0,0,0,0,-18000,0,0,0,215000,233000,-18000,-18000
053560,漢唐國泰98購01  ,0,0,0,0,0,0,0,0,0,-18000,0,0,0,0,18000,-18000,-18000
052796,和碩兆豐96購01  ,0,0,0,0,0,0,0,0,0,-18000,0,0,0,62000,80000,-18000,-18000
054100,致伸國票97購03  ,0,0,0,0,0,0,0,0,0,-18000,0,0,0,84000,102000,-18000,-18000
054352,世芯國泰98購01  ,0,0,0,0,0,0,0,0,0,-18000,0,0,0,93000,111000,-18000,-18000
060505,友達元大9C購05  ,0,0,0,0,0,0,0,0,0,-18000,0,0,0,50000,68000,-18000,-18000
060451,中石化元大9C購02,0,0,0,0,0,0,0,0,0,-18000,0,0,0,79000,97000,-18000,-18000
056905,欣興元大98購03  ,0,0,0,0,0,0,0,0,0,-18000,0,0,0,30000,48000,-18000,-18000
057882,華通群益9A購03  ,0,0,0,0,0,0,0,0,0,-18000,0,0,0,0,18000,-18000,-18000
058808,大成鋼統一9B購01,0,0,0,0,0,0,0,0,0,-18000,0,0,0,0,18000,-18000,-18000
059077,FBVIX元大99購05 ,0,0,0,0,0,0,0,0,0,-18000,0,0,0,2000,20000,-18000,-18000
058797,大毅元大99購03  ,0,0,0,0,0,0,0,0,0,-18000,0,0,0,135000,153000,-18000,-18000
057370,可成元大98購07  ,0,0,0,0,0,0,0,0,0,-18000,0,0,0,10000,28000,-18000,-18000
9905,大華            ,1000,19000,-18000,0,0,0,0,0,0,0,0,0,0,0,0,0,-18000
2496,卓越            ,0,18000,-18000,0,0,0,0,0,0,0,0,0,0,0,0,0,-18000
2597,潤弘            ,2000,19000,-17000,0,0,0,0,0,0,-1000,0,1000,-1000,0,0,0,-18000
2305,全友            ,9000,27000,-18000,0,0,0,0,0,0,0,0,0,0,0,0,0,-18000
3057,喬鼎            ,0,18000,-18000,0,0,0,0,0,0,0,0,0,0,0,0,0,-18000
3694,海華            ,6000,24000,-18000,0,0,0,0,0,0,0,0,0,0,0,0,0,-18000
07708P,玉晶光元大9A售13,0,0,0,0,0,0,0,0,0,-18000,0,0,0,12000,30000,-18000,-18000
07495P,鴻海元大9A售04  ,0,0,0,0,0,0,0,0,0,-18000,0,0,0,2000,20000,-18000,-18000
07909P,台積電統一9B售12,0,0,0,0,0,0,0,0,0,-18000,0,0,0,0,18000,-18000,-18000
1539,巨庭            ,0,18000,-18000,0,0,0,0,0,0,0,0,0,0,0,0,0,-18000
1810,和成            ,5000,33000,-28000,0,0,0,0,0,0,10000,10000,0,10000,0,0,0,-18000
4552,力達-KY         ,4000,24560,-20560,0,0,0,0,0,0,2000,2000,0,2000,0,0,0,-18560
062619,台表科元大9B購03,0,0,0,0,0,0,0,0,0,-19000,0,0,0,17000,36000,-19000,-19000
062437,廣達元大9B購01  ,0,0,0,0,0,0,0,0,0,-19000,0,0,0,0,19000,-19000,-19000
062369,創意元大9B購01  ,0,0,0,0,0,0,0,0,0,-19000,0,0,0,0,19000,-19000,-19000
06706P,智原台新98售02  ,0,0,0,0,0,0,0,0,0,-19000,0,0,0,100000,119000,-19000,-19000
060967,鈺齊凱基9A購02  ,0,0,0,0,0,0,0,0,0,-19000,0,0,0,0,19000,-19000,-19000
060921,中橡永豐9A購02  ,0,0,0,0,0,0,0,0,0,-19000,0,0,0,0,19000,-19000,-19000
061275,臺股指凱基9A購25,0,0,0,0,0,0,0,0,0,-19000,0,0,0,393000,412000,-19000,-19000
061604,台光電凱基9B購01,0,0,0,0,0,0,0,0,0,-19000,0,0,0,49000,68000,-19000,-19000
05587P,鴻海凱基96售12  ,0,0,0,0,0,0,0,0,0,-19000,0,0,0,1000,20000,-19000,-19000
055862,矽力元大97購04  ,0,0,0,0,0,0,0,0,0,-19000,0,0,0,31000,50000,-19000,-19000
054695,世芯永豐98購01  ,0,0,0,0,0,0,0,0,0,-19000,0,0,0,0,19000,-19000,-19000
059624,鴻海凱基01購01  ,0,0,0,0,0,0,0,0,0,-19000,0,0,0,0,19000,-19000,-19000
05541P,鴻海統一96售08  ,0,0,0,0,0,0,0,0,0,-19000,0,0,0,1000,20000,-19000,-19000
053800,華通凱基97購03  ,0,0,0,0,0,0,0,0,0,-19000,0,0,0,45000,64000,-19000,-19000
00709,富邦歐洲        ,0,0,0,0,0,0,0,0,0,-19000,0,0,0,131000,150000,-19000,-19000
00688L,國泰20年美債正2 ,0,0,0,0,0,0,0,0,0,-19000,0,0,0,108000,127000,-19000,-19000
059694,創意永豐99購03  ,0,0,0,0,0,0,0,0,0,-19000,0,0,0,68000,87000,-19000,-19000
059732,超眾元大9A購01  ,0,0,0,0,0,0,0,0,0,-19000,0,0,0,29000,48000,-19000,-19000
057802,卜蜂元大98購01  ,0,1000,-1000,0,0,0,0,0,0,-18000,0,0,0,192000,210000,-18000,-19000
060109,茂林元大99購05  ,0,0,0,0,0,0,0,0,0,-19000,0,0,0,73000,92000,-19000,-19000
060050,鴻海凱基9B購01  ,0,0,0,0,0,0,0,0,0,-19000,0,0,0,60000,79000,-19000,-19000
060344,聯發科統一01購01,0,0,0,0,0,0,0,0,0,-19000,0,0,0,0,19000,-19000,-19000
4737,華廣            ,1000,22000,-21000,0,0,0,0,0,0,2000,2000,0,2000,0,0,0,-19000
4144,康聯-KY         ,1000,20000,-19000,0,0,0,0,0,0,0,0,0,0,0,0,0,-19000
1806,冠軍            ,1000,24000,-23000,0,0,0,0,0,0,4000,4000,0,4000,0,0,0,-19000
1616,億泰            ,0,19000,-19000,0,0,0,0,0,0,0,0,0,0,0,0,0,-19000
07900P,臺股指凱基9B售03,0,0,0,0,0,0,0,0,0,-19000,0,0,0,0,19000,-19000,-19000
1203,味王            ,2000,21000,-19000,0,0,0,0,0,0,0,0,0,0,0,0,0,-19000
07503P,禾伸堂元大9A售01,0,0,0,0,0,0,0,0,0,-19000,0,0,0,4000,23000,-19000,-19000
6477,安集            ,10000,32000,-22000,0,0,0,0,0,0,3000,3000,0,3000,0,0,0,-19000
061589,世紀鋼富邦9B購01,0,0,0,0,0,0,0,0,0,-20000,0,0,0,30000,50000,-20000,-20000
061561,義隆國票9A購02  ,0,0,0,0,0,0,0,0,0,-20000,0,0,0,0,20000,-20000,-20000
06155P,智邦統一97售02  ,0,0,0,0,0,0,0,0,0,-20000,0,0,0,11000,31000,-20000,-20000
061566,華通元大9A購10  ,0,0,0,0,0,0,0,0,0,-20000,0,0,0,133000,153000,-20000,-20000
061879,超眾元大9C購01  ,0,0,0,0,0,0,0,0,0,-20000,0,0,0,90000,110000,-20000,-20000
061840,長榮航凱基9C購01,0,0,0,0,0,0,0,0,0,-20000,0,0,0,0,20000,-20000,-20000
061855,台郡國票9B購01  ,0,0,0,0,0,0,0,0,0,-20000,0,0,0,30000,50000,-20000,-20000
061807,元金2X統一9B購01,0,0,0,0,0,0,0,0,0,-20000,0,0,0,0,20000,-20000,-20000
061792,和大永豐9B購01  ,0,0,0,0,0,0,0,0,0,-20000,0,0,0,0,20000,-20000,-20000
061717,力成凱基9B購01  ,0,0,0,0,0,0,0,0,0,-20000,0,0,0,85000,105000,-20000,-20000
061754,晶技麥證9B購01  ,0,0,0,0,20000,-20000,0,0,0,-20000,0,0,0,0,20000,-20000,-20000
061209,聯發科元大9A購10,0,0,0,0,0,0,0,0,0,-20000,0,0,0,0,20000,-20000,-20000
061223,T50反1中信01購01,0,0,0,0,0,0,0,0,0,-20000,0,0,0,0,20000,-20000,-20000
061461,元金2X群益9A購01,0,0,0,0,0,0,0,0,0,-20000,0,0,0,0,20000,-20000,-20000
060950,T50反1群益9A購03,0,0,0,0,0,0,0,0,0,-20000,0,0,0,0,20000,-20000,-20000
060947,台積電統一9C購03,0,0,0,0,0,0,0,0,0,-20000,0,0,0,0,20000,-20000,-20000
061048,國巨中信9A購05  ,0,0,0,0,0,0,0,0,0,-20000,0,0,0,0,20000,-20000,-20000
060572,景碩永豐9A購01  ,0,0,0,0,0,0,0,0,0,-20000,0,0,0,38000,58000,-20000,-20000
060752,上銀元大9A購04  ,0,0,0,0,0,0,0,0,0,-20000,0,0,0,30000,50000,-20000,-20000
060828,高股息國票9A購01,0,0,0,0,0,0,0,0,0,-20000,0,0,0,0,20000,-20000,-20000
06878P,台灣50日盛9B售01,0,0,0,0,0,0,0,0,0,-20000,0,0,0,0,20000,-20000,-20000
06854P,鴻海富邦99售05  ,0,0,0,0,0,0,0,0,0,-20000,0,0,0,0,20000,-20000,-20000
06473P,鴻海元大99售03  ,0,0,0,0,0,0,0,0,0,-20000,0,0,0,50000,70000,-20000,-20000
06466P,台積電統一9B售01,0,0,0,0,0,0,0,0,0,-20000,0,0,0,0,20000,-20000,-20000
06543P,鴻海元大98售08  ,0,0,0,0,0,0,0,0,0,-20000,0,0,0,59000,79000,-20000,-20000
06571P,欣興永豐98售03  ,0,0,0,0,0,0,0,0,0,-20000,0,0,0,0,20000,-20000,-20000
07079P,台積電群益99售06,0,0,0,0,0,0,0,0,0,-20000,0,0,0,0,20000,-20000,-20000
06972P,聯發科元大99售04,0,0,0,0,0,0,0,0,0,-20000,0,0,0,10000,30000,-20000,-20000
07306P,台灣50凱基9A售09,0,0,0,0,0,0,0,0,0,-20000,0,0,0,0,20000,-20000,-20000
07241P,台灣50國票9A售05,0,0,0,0,0,0,0,0,0,-20000,0,0,0,100000,120000,-20000,-20000
07233P,台灣50元大99售04,0,0,0,0,0,0,0,0,0,-20000,0,0,0,0,20000,-20000,-20000
07183P,臺股指凱基99售25,0,0,0,0,0,0,0,0,0,-20000,0,0,0,3000,23000,-20000,-20000
07451P,鴻海元大9B售01  ,0,0,0,0,0,0,0,0,0,-20000,0,0,0,48000,68000,-20000,-20000
07407P,欣興凱基99售07  ,0,0,0,0,0,0,0,0,0,-20000,0,0,0,60000,80000,-20000,-20000
07322P,鴻海元大99售33  ,0,0,0,0,0,0,0,0,0,-20000,0,0,0,49000,69000,-20000,-20000
07323P,鴻海元大99售34  ,0,0,0,0,0,0,0,0,0,-20000,0,0,0,0,20000,-20000,-20000
07357P,鴻海元大99售38  ,0,0,0,0,0,0,0,0,0,-20000,0,0,0,100000,120000,-20000,-20000
062314,玉晶光凱基9B購06,0,0,0,0,0,0,0,0,0,-20000,0,0,0,9000,29000,-20000,-20000
06372P,聯發科元大97售21,0,0,0,0,0,0,0,0,0,-20000,0,0,0,0,20000,-20000,-20000
062560,奇鋐凱基9B購02  ,0,1000,-1000,0,0,0,0,0,0,-19000,0,0,0,18000,37000,-19000,-20000
062488,台光電永豐9B購02,0,0,0,0,0,0,0,0,0,-20000,0,0,0,0,20000,-20000,-20000
061955,FANG+統一9B購01 ,0,0,0,0,0,0,0,0,0,-20000,0,0,0,0,20000,-20000,-20000
047676,臺股指元富99購01,0,0,0,0,0,0,0,0,0,-20000,0,0,0,0,20000,-20000,-20000
048192,華通元大96購01  ,0,0,0,0,0,0,0,0,0,-20000,0,0,0,0,20000,-20000,-20000
03433B,臺股指元大9C熊01,0,0,0,0,0,0,0,0,0,-20000,0,0,0,216000,236000,-20000,-20000
051510,新光金中信97購01,0,0,0,0,0,0,0,0,0,-20000,0,0,0,0,20000,-20000,-20000
050171,臺指反元大97購03,0,0,0,0,0,0,0,0,0,-20000,0,0,0,0,20000,-20000,-20000
053122,美律凱基98購01  ,0,0,0,0,0,0,0,0,0,-20000,0,0,0,0,20000,-20000,-20000
053799,矽創中信9A購01  ,0,0,0,0,0,0,0,0,0,-20000,0,0,0,0,20000,-20000,-20000
053688,燿華元大96購05  ,0,0,0,0,0,0,0,0,0,-20000,0,0,0,0,20000,-20000,-20000
053760,牧德國泰98購01  ,0,0,0,0,0,0,0,0,0,-20000,0,0,0,0,20000,-20000,-20000
056291,聯茂永豐97購03  ,0,0,0,0,0,0,0,0,0,-20000,0,0,0,15000,35000,-20000,-20000
056399,上証2X群益9C購01,0,0,0,0,0,0,0,0,0,-20000,0,0,0,0,20000,-20000,-20000
055598,欣興元大97購03  ,0,0,0,0,0,0,0,0,0,-20000,0,0,0,0,20000,-20000,-20000
055599,TPK元大97購01   ,0,0,0,0,0,0,0,0,0,-20000,0,0,0,0,20000,-20000,-20000
052806,玉晶光元大98購04,0,0,0,0,0,0,0,0,0,-20000,0,0,0,0,20000,-20000,-20000
052626,上証2X中信9A購01,0,0,0,0,0,0,0,0,0,-20000,0,0,0,0,20000,-20000,-20000
052585,友達永豐97購01  ,0,0,0,0,0,0,0,0,0,-20000,0,0,0,0,20000,-20000,-20000
052536,聯茂國泰97購01  ,0,0,0,0,0,0,0,0,0,-20000,0,0,0,10000,30000,-20000,-20000
051570,和碩富邦97購01  ,0,0,0,0,0,0,0,0,0,-20000,0,0,0,30000,50000,-20000,-20000
052107,台積電統一95購06,0,0,0,0,0,0,0,0,0,-20000,0,0,0,0,20000,-20000,-20000
052112,滬深2X中信99購01,0,0,0,0,0,0,0,0,0,-20000,0,0,0,0,20000,-20000,-20000
052994,群創台新99購01  ,0,0,0,0,0,0,0,0,0,-20000,0,0,0,0,20000,-20000,-20000
051928,大立光中信96購03,0,0,0,0,0,0,0,0,0,-20000,0,0,0,0,20000,-20000,-20000
053080,力山元大96購02  ,0,0,0,0,0,0,0,0,0,-20000,0,0,0,0,20000,-20000,-20000
053081,上銀元大97購02  ,0,0,0,0,0,0,0,0,0,-20000,0,0,0,0,20000,-20000,-20000
055435,佳世達中信99購01,0,0,0,0,0,0,0,0,0,-20000,0,0,0,0,20000,-20000,-20000
055411,國巨富邦9A購02  ,0,0,0,0,0,0,0,0,0,-20000,0,0,0,0,20000,-20000,-20000
055406,大毅國泰99購01  ,0,0,0,0,0,0,0,0,0,-20000,0,0,0,48000,68000,-20000,-20000
055468,智邦凱基97購04  ,0,0,0,0,0,0,0,0,0,-20000,0,0,0,0,20000,-20000,-20000
055555,全新凱基9A購01  ,0,0,0,0,0,0,0,0,0,-20000,0,0,0,0,20000,-20000,-20000
055515,聚陽中信9A購01  ,0,0,0,0,0,0,0,0,0,-20000,0,0,0,0,20000,-20000,-20000
055338,GIS兆豐97購01   ,0,0,0,0,0,0,0,0,0,-20000,0,0,0,0,20000,-20000,-20000
055005,晶相光元富97購01,0,0,0,0,0,0,0,0,0,-20000,0,0,0,0,20000,-20000,-20000
055026,健和興國泰98購01,0,0,0,0,0,0,0,0,0,-20000,0,0,0,100000,120000,-20000,-20000
054977,SP黃豆元富9B購01,0,0,0,0,0,0,0,0,0,-20000,0,0,0,0,20000,-20000,-20000
055052,凱美永豐97購01  ,0,0,0,0,0,0,0,0,0,-20000,0,0,0,0,20000,-20000,-20000
056002,嘉晶永豐97購01  ,0,0,0,0,0,0,0,0,0,-20000,0,0,0,20000,40000,-20000,-20000
056137,聯鈞元大9A購01  ,0,0,0,0,0,0,0,0,0,-20000,0,0,0,0,20000,-20000,-20000
056168,鴻海元富97購07  ,0,0,0,0,0,0,0,0,0,-20000,0,0,0,0,20000,-20000,-20000
056150,台光電凱基98購02,0,0,0,0,0,0,0,0,0,-20000,0,0,0,0,20000,-20000,-20000
059540,新光金日盛99購01,0,0,0,0,0,0,0,0,0,-20000,0,0,0,0,20000,-20000,-20000
059551,T50正2康和99購02,0,0,0,0,0,0,0,0,0,-20000,0,0,0,0,20000,-20000,-20000
059471,華新科元大99購17,0,0,0,0,0,0,0,0,0,-20000,0,0,0,0,20000,-20000,-20000
059347,京鼎凱基99購02  ,0,0,0,0,0,0,0,0,0,-20000,0,0,0,1000,21000,-20000,-20000
054694,聯鈞永豐97購01  ,0,0,0,0,0,0,0,0,0,-20000,0,0,0,0,20000,-20000,-20000
055682,智原凱基98購02  ,0,0,0,0,0,0,0,0,0,-20000,0,0,0,0,20000,-20000,-20000
054623,華新科第一97購01,0,0,0,0,0,0,0,0,0,-20000,0,0,0,0,20000,-20000,-20000
056074,茂林元大97購04  ,0,0,0,0,0,0,0,0,0,-20000,0,0,0,0,20000,-20000,-20000
056049,奇力新國票98購01,0,0,0,0,0,0,0,0,0,-20000,0,0,0,0,20000,-20000,-20000
053958,京元電永豐96購01,0,0,0,0,0,0,0,0,0,-20000,0,0,0,0,20000,-20000,-20000
053883,大立光中信98購02,0,0,0,0,0,0,0,0,0,-20000,0,0,0,0,20000,-20000,-20000
054735,漢唐凱基98購01  ,0,0,0,0,0,0,0,0,0,-20000,0,0,0,57000,77000,-20000,-20000
054739,義隆凱基98購02  ,0,0,0,0,0,0,0,0,0,-20000,0,0,0,0,20000,-20000,-20000
05578P,鴻海凱基96售11  ,0,0,0,0,0,0,0,0,0,-20000,0,0,0,0,20000,-20000,-20000
054883,億光統一97購01  ,0,0,0,0,0,0,0,0,0,-20000,0,0,0,0,20000,-20000,-20000
055166,台積電統一97購05,0,0,0,0,0,0,0,0,0,-20000,0,0,0,0,20000,-20000,-20000
055152,旺宏元大98購04  ,0,0,0,0,0,0,0,0,0,-20000,0,0,0,0,20000,-20000,-20000
054253,宏達電元大97購03,0,0,0,0,0,0,0,0,0,-20000,0,0,0,0,20000,-20000,-20000
054075,GIS富邦97購02   ,0,0,0,0,0,0,0,0,0,-20000,0,0,0,0,20000,-20000,-20000
060355,元金2X元富9C購01,0,0,0,0,0,0,0,0,0,-20000,0,0,0,158000,178000,-20000,-20000
060426,盛群永豐9A購01  ,0,0,0,0,0,0,0,0,0,-20000,0,0,0,0,20000,-20000,-20000
060052,宏碁凱基99購01  ,0,0,0,0,0,0,0,0,0,-20000,0,0,0,68000,88000,-20000,-20000
060151,旺宏富邦9A購02  ,0,0,0,0,0,0,0,0,0,-20000,0,0,0,0,20000,-20000,-20000
06006P,欣興永豐96售04  ,0,0,0,0,0,0,0,0,0,-20000,0,0,0,0,20000,-20000,-20000
058282,聯茂中信99購01  ,0,0,0,0,0,0,0,0,0,-20000,0,0,0,0,20000,-20000,-20000
058044,鴻海元大99購07  ,0,0,0,0,0,0,0,0,0,-20000,0,0,0,6000,26000,-20000,-20000
058537,彩晶統一9B購01  ,0,0,0,0,0,0,0,0,0,-20000,0,0,0,0,20000,-20000,-20000
057981,臻鼎永豐98購01  ,0,0,0,0,0,0,0,0,0,-20000,0,0,0,0,20000,-20000,-20000
058061,貿聯元富9B購01  ,0,0,0,0,0,0,0,0,0,-20000,0,0,0,20000,40000,-20000,-20000
058127,FBVIX元大9C購01 ,0,0,0,0,0,0,0,0,0,-20000,0,0,0,0,20000,-20000,-20000
058138,晶相光元大9C購01,0,0,0,0,0,0,0,0,0,-20000,0,0,0,0,20000,-20000,-20000
058904,晶技元大99購05  ,0,0,0,0,0,0,0,0,0,-20000,0,0,0,10000,30000,-20000,-20000
059003,中壽元大99購01  ,0,0,0,0,0,0,0,0,0,-20000,0,0,0,0,20000,-20000,-20000
060014,中鋼康和99購01  ,0,0,0,0,0,0,0,0,0,-20000,0,0,0,0,20000,-20000,-20000
059786,全新元大99購06  ,0,0,0,0,0,0,0,0,0,-20000,0,0,0,2000,22000,-20000,-20000
057516,和鑫元富98購01  ,0,0,0,0,0,0,0,0,0,-20000,0,0,0,85000,105000,-20000,-20000
058338,康友元富99購01  ,0,0,0,0,0,0,0,0,0,-20000,0,0,0,40000,60000,-20000,-20000
058364,奇力新凱基99購04,0,0,0,0,0,0,0,0,0,-20000,0,0,0,20000,40000,-20000,-20000
059109,台積電富邦9C購03,0,0,0,0,0,0,0,0,0,-20000,0,0,0,0,20000,-20000,-20000
057431,京鼎兆豐98購02  ,0,0,0,0,0,0,0,0,0,-20000,0,0,0,0,20000,-20000,-20000
057399,滬深反群益9C購01,0,0,0,0,0,0,0,0,0,-20000,0,0,0,0,20000,-20000,-20000
057366,智邦元大98購08  ,0,0,0,0,0,0,0,0,0,-20000,0,0,0,78000,98000,-20000,-20000
057657,國巨兆豐98購04  ,0,0,0,0,0,0,0,0,0,-20000,0,0,0,0,20000,-20000,-20000
057637,上銀元大98購07  ,0,0,0,0,0,0,0,0,0,-20000,0,0,0,10000,30000,-20000,-20000
057078,國巨統一9A購02  ,0,0,0,0,0,0,0,0,0,-20000,0,0,0,0,20000,-20000,-20000
057054,立積元大98購03  ,0,0,0,0,0,0,0,0,0,-20000,0,0,0,60000,80000,-20000,-20000
059729,群創元大9C購05  ,0,0,0,0,0,0,0,0,0,-20000,0,0,0,30000,50000,-20000,-20000
057093,臻鼎元富98購02  ,0,0,0,0,0,0,0,0,0,-20000,0,0,0,0,20000,-20000,-20000
059952,旺宏康和99購01  ,0,0,0,0,0,0,0,0,0,-20000,0,0,0,0,20000,-20000,-20000
07505P,台勝科元大9A售01,0,0,0,0,0,0,0,0,0,-20000,0,0,0,81000,101000,-20000,-20000
07489P,國巨國票9A售07  ,0,0,0,0,0,0,0,0,0,-20000,0,0,0,100000,120000,-20000,-20000
07497P,鴻海元大9A售06  ,0,0,0,0,0,0,0,0,0,-20000,0,0,0,132000,152000,-20000,-20000
07545P,玉晶光凱基9A售07,0,0,0,0,0,0,0,0,0,-20000,0,0,0,0,20000,-20000,-20000
07599P,台灣50凱基04售05,0,0,0,0,0,0,0,0,0,-20000,0,0,0,0,20000,-20000,-20000
07720P,臺股指群益9A售09,0,0,0,0,0,0,0,0,0,-20000,0,0,0,41000,61000,-20000,-20000
07784P,華新科富邦9B售04,0,0,0,0,0,0,0,0,0,-20000,0,0,0,0,20000,-20000,-20000
07790P,台灣50元大9A售19,0,0,0,0,0,0,0,0,0,-20000,0,0,0,0,20000,-20000,-20000
07983P,茂林群益9B售03  ,0,0,0,0,0,0,0,0,0,-20000,0,0,0,0,20000,-20000,-20000
1603,華電            ,5000,24000,-19000,0,0,0,0,0,0,-1000,0,1000,-1000,0,0,0,-20000
3056,總太            ,150000,157000,-7000,0,0,0,0,0,0,-13000,0,13000,-13000,0,0,0,-20000
4766,南寶            ,28000,47000,-19000,0,0,0,0,0,0,-1000,0,1000,-1000,0,0,0,-20000
062068,滬深2X元大9B購02,0,0,0,0,0,0,0,0,0,-21000,0,0,0,0,21000,-21000,-21000
06314P,GIS元富97售02   ,0,0,0,0,0,0,0,0,0,-21000,0,0,0,0,21000,-21000,-21000
07228P,台灣50群益9B售06,0,0,0,0,0,0,0,0,0,-21000,0,0,0,126000,147000,-21000,-21000
06726P,欣興元富98售04  ,0,0,0,0,0,0,0,0,0,-21000,0,0,0,27000,48000,-21000,-21000
060624,玉晶光元大9C購02,0,0,0,0,0,0,0,0,0,-21000,0,0,0,44000,65000,-21000,-21000
060983,南亞科元大9A購06,0,0,0,0,0,0,0,0,0,-21000,0,0,0,0,21000,-21000,-21000
061340,義隆元大9A購01  ,0,0,0,0,0,0,0,0,0,-21000,0,0,0,50000,71000,-21000,-21000
07458P,長榮航元大9A售01,0,0,0,0,0,0,0,0,0,-21000,0,0,0,0,21000,-21000,-21000
054771,茂林國票98購02  ,0,0,0,0,0,0,0,0,0,-21000,0,0,0,0,21000,-21000,-21000
055710,亞德客元大97購03,0,0,0,0,0,0,0,0,0,-21000,0,0,0,32000,53000,-21000,-21000
059313,元石油元大99購06,0,0,0,0,0,0,0,0,0,-21000,0,0,0,53000,74000,-21000,-21000
059325,超眾元大99購05  ,0,0,0,0,0,0,0,0,0,-21000,0,0,0,0,21000,-21000,-21000
059275,可成元大99購05  ,0,0,0,0,0,0,0,0,0,-21000,0,0,0,2000,23000,-21000,-21000
059425,SGBR2X元大9A購02,0,0,0,0,0,0,0,0,0,-21000,0,0,0,165000,186000,-21000,-21000
056228,可成凱基97購03  ,0,0,0,0,0,0,0,0,0,-21000,0,0,0,9000,30000,-21000,-21000
04869P,鴻海元富95售02  ,0,0,0,0,0,0,0,0,0,-21000,0,0,0,1487000,1508000,-21000,-21000
056686,可成統一98購01  ,0,0,0,0,0,0,0,0,0,-21000,0,0,0,46000,67000,-21000,-21000
057426,元油2X兆豐9B購01,0,0,0,0,0,0,0,0,0,-21000,0,0,0,0,21000,-21000,-21000
057268,臻鼎兆豐99購01  ,0,0,0,0,0,0,0,0,0,-21000,0,0,0,0,21000,-21000,-21000
058314,欣興富邦9B購01  ,0,0,0,0,0,0,0,0,0,-21000,0,0,0,10000,31000,-21000,-21000
060013,S&P正2康和99購01,0,0,0,0,0,0,0,0,0,-21000,0,0,0,0,21000,-21000,-21000
058166,鴻海凱基9A購01  ,0,0,0,0,0,0,0,0,0,-21000,0,0,0,0,21000,-21000,-21000
058220,世芯國票9A購01  ,0,0,0,0,0,0,0,0,0,-21000,0,0,0,171000,192000,-21000,-21000
058238,奇鋐元大99購02  ,0,0,0,0,0,0,0,0,0,-21000,0,0,0,3000,24000,-21000,-21000
056989,鴻海兆豐98購02  ,0,0,0,0,0,0,0,0,0,-21000,0,0,0,29000,50000,-21000,-21000
4572,駐龍            ,1000,22000,-21000,0,0,0,0,0,0,0,0,0,0,0,0,0,-21000
2607,榮運            ,79000,107000,-28000,0,0,0,0,0,0,7000,7000,0,7000,0,0,0,-21000
2509,全坤建          ,0,21000,-21000,0,0,0,0,0,0,0,0,0,0,0,0,0,-21000
2476,鉅祥            ,13000,34000,-21000,0,0,0,0,0,0,0,0,0,0,0,0,0,-21000
1517,利奇            ,0,22000,-22000,0,0,0,0,0,0,1000,1000,0,1000,0,0,0,-21000
1447,力鵬            ,87000,122000,-35000,0,0,0,0,0,0,14000,14000,0,14000,0,0,0,-21000
1323,永裕            ,1000,22000,-21000,0,0,0,0,0,0,0,0,0,0,0,0,0,-21000
07946P,華通統一9B售02  ,0,0,0,0,0,0,0,0,0,-21000,0,0,0,16000,37000,-21000,-21000
061465,聯詠群益9A購01  ,0,0,0,0,0,0,0,0,0,-22000,0,0,0,104000,126000,-22000,-22000
061446,鴻海中信04購01  ,0,0,0,0,0,0,0,0,0,-22000,0,0,0,19000,41000,-22000,-22000
061414,牧德群益9B購02  ,0,0,0,0,0,0,0,0,0,-22000,0,0,0,0,22000,-22000,-22000
061867,旺宏元大9B購02  ,0,0,0,0,0,0,0,0,0,-22000,0,0,0,50000,72000,-22000,-22000
06921P,台光電凱基98售06,0,0,0,0,0,0,0,0,0,-22000,0,0,0,20000,42000,-22000,-22000
06661P,玉晶光永豐98售05,0,0,0,0,0,0,0,0,0,-22000,0,0,0,10000,32000,-22000,-22000
062290,聯發科富邦9C購04,0,0,0,0,0,0,0,0,0,-22000,0,0,0,44000,66000,-22000,-22000
052434,茂林國泰97購01  ,0,0,0,0,0,0,0,0,0,-22000,0,0,0,26000,48000,-22000,-22000
05271P,國巨富邦97售01  ,0,0,0,0,0,0,0,0,0,-22000,0,0,0,0,22000,-22000,-22000
055989,矽力元富9A購01  ,0,0,0,0,0,0,0,0,0,-22000,0,0,0,0,22000,-22000,-22000
055036,中工富邦9B購01  ,0,0,0,0,0,0,0,0,0,-22000,0,0,0,0,22000,-22000,-22000
055311,健策群益98購02  ,0,0,0,0,0,0,0,0,0,-22000,0,0,0,16000,38000,-22000,-22000
055449,超眾統一9A購01  ,0,0,0,0,0,0,0,0,0,-22000,0,0,0,8000,30000,-22000,-22000
056124,華通國票98購02  ,0,0,0,0,0,0,0,0,0,-22000,0,0,0,48000,70000,-22000,-22000
053932,華新科統一96購03,0,0,0,0,0,0,0,0,0,-22000,0,0,0,0,22000,-22000,-22000
058259,訊連國泰9B購01  ,0,0,0,0,0,0,0,0,0,-22000,0,0,0,0,22000,-22000,-22000
05898P,旺宏凱基96售06  ,0,0,0,0,0,0,0,0,0,-22000,0,0,0,0,22000,-22000,-22000
056794,上銀麥證98購01  ,0,0,0,0,22000,-22000,0,0,0,-22000,0,0,0,0,22000,-22000,-22000
058457,創意永豐99購01  ,0,0,0,0,0,0,0,0,0,-22000,0,0,0,9000,31000,-22000,-22000
056605,台積電富邦9B購02,0,0,0,0,0,0,0,0,0,-22000,0,0,0,0,22000,-22000,-22000
05755P,臺股指中信99售04,0,0,0,0,0,0,0,0,0,-22000,0,0,0,0,22000,-22000,-22000
057493,聯詠元大98購02  ,0,0,0,0,0,0,0,0,0,-22000,0,0,0,5000,27000,-22000,-22000
057320,玉晶光凱基98購01,0,0,0,0,0,0,0,0,0,-22000,0,0,0,22000,44000,-22000,-22000
057017,和大凱基98購01  ,0,0,0,0,0,0,0,0,0,-22000,0,0,0,0,22000,-22000,-22000
07890P,南電國票9B售01  ,0,0,0,0,0,0,0,0,0,-22000,0,0,0,5000,27000,-22000,-22000
07799P,南電國票9A售04  ,0,0,0,0,0,0,0,0,0,-22000,0,0,0,0,22000,-22000,-22000
07645P,華通元大9A售06  ,0,0,0,0,0,0,0,0,0,-22000,0,0,0,0,22000,-22000,-22000
07496P,鴻海元大9A售05  ,0,0,0,0,0,0,0,0,0,-22000,0,0,0,0,22000,-22000,-22000
07467P,上銀元大9A售03  ,0,0,0,0,0,0,0,0,0,-22000,0,0,0,0,22000,-22000,-22000
2530,華建            ,3000,26000,-23000,0,0,0,0,0,0,1000,1000,0,1000,0,0,0,-22000
6166,凌華            ,118500,137000,-18500,0,0,0,0,0,0,-4000,0,2000,-2000,0,2000,-2000,-22500
062417,鴻海統一9C購08  ,0,0,0,0,0,0,0,0,0,-23000,0,0,0,16000,39000,-23000,-23000
062485,華通國泰01購01  ,0,0,0,0,0,0,0,0,0,-23000,0,0,0,8000,31000,-23000,-23000
06497P,大立光凱基98售11,0,0,0,0,0,0,0,0,0,-23000,0,0,0,7000,30000,-23000,-23000
07163P,臺股指群益99售14,0,0,0,0,0,0,0,0,0,-23000,0,0,0,43000,66000,-23000,-23000
06170P,禾伸堂元富97售02,0,0,0,0,0,0,0,0,0,-23000,0,0,0,0,23000,-23000,-23000
061093,華新科統一9B購03,0,0,0,0,0,0,0,0,0,-23000,0,0,0,0,23000,-23000,-23000
06080P,景碩群益98售02  ,0,0,0,0,0,0,0,0,0,-23000,0,0,0,0,23000,-23000,-23000
059229,臺股指元大99購22,0,0,0,0,0,0,0,0,0,-23000,0,0,0,2000,25000,-23000,-23000
055635,緯穎永豐97購01  ,0,0,0,0,0,0,0,0,0,-23000,0,0,0,0,23000,-23000,-23000
056330,玉晶光國票99購03,0,0,0,0,0,0,0,0,0,-23000,0,0,0,0,23000,-23000,-23000
057578,可成中信99購01  ,0,0,0,0,0,0,0,0,0,-23000,0,0,0,20000,43000,-23000,-23000
057699,可成群益9A購02  ,0,0,0,0,0,0,0,0,0,-23000,0,0,0,0,23000,-23000,-23000
058581,大立光群益99購05,0,0,0,0,0,0,0,0,0,-23000,0,0,0,14000,37000,-23000,-23000
058079,鴻海群益98購08  ,0,0,0,0,0,0,0,0,0,-23000,0,0,0,31000,54000,-23000,-23000
057998,玉晶光麥證9A購01,0,0,0,57000,80000,-23000,0,0,0,-23000,0,0,0,57000,80000,-23000,-23000
060212,華航康和9A購01  ,0,0,0,0,0,0,0,0,0,-23000,0,0,0,5000,28000,-23000,-23000
1808,潤隆            ,107000,119000,-12000,0,0,0,0,0,0,-11000,0,11000,-11000,0,0,0,-23000
9930,中聯資源        ,1000,25000,-24000,0,0,0,0,0,0,1000,1000,0,1000,0,0,0,-23000
061139,玉晶光統一9C購02,0,0,0,0,0,0,0,0,0,-24000,0,0,0,22000,46000,-24000,-24000
061007,聯詠兆豐9A購01  ,0,0,0,0,0,0,0,0,0,-24000,0,0,0,93000,117000,-24000,-24000
061302,晶技永豐9A購04  ,0,0,0,0,0,0,0,0,0,-24000,0,0,0,0,24000,-24000,-24000
07120P,聯發科凱基99售09,0,0,0,0,0,0,0,0,0,-24000,0,0,0,43000,67000,-24000,-24000
07223P,鴻海元大99售29  ,0,0,0,0,0,0,0,0,0,-24000,0,0,0,0,24000,-24000,-24000
06653P,美食元大98售02  ,0,0,0,0,0,0,0,0,0,-24000,0,0,0,173000,197000,-24000,-24000
06698P,玉晶光國票99售05,0,0,0,0,0,0,0,0,0,-24000,0,0,0,0,24000,-24000,-24000
062557,台光電凱基9B購02,0,0,0,0,0,0,0,0,0,-24000,0,0,0,0,24000,-24000,-24000
062325,鴻海統一9B購05  ,0,0,0,0,0,0,0,0,0,-24000,0,0,0,26000,50000,-24000,-24000
062277,廣達群益9B購01  ,0,0,0,0,0,0,0,0,0,-24000,0,0,0,0,24000,-24000,-24000
054791,泰碩群益99購02  ,0,0,0,0,0,0,0,0,0,-24000,0,0,0,186000,210000,-24000,-24000
055894,欣興統一97購03  ,0,0,0,0,0,0,0,0,0,-24000,0,0,0,20000,44000,-24000,-24000
060125,強茂永豐99購01  ,0,0,0,0,0,0,0,0,0,-24000,0,0,0,13000,37000,-24000,-24000
060032,利勤永豐99購01  ,0,0,0,0,0,0,0,0,0,-24000,0,0,0,3000,27000,-24000,-24000
058346,嘉晶群益99購01  ,0,0,0,0,0,0,0,0,0,-24000,0,0,0,25000,49000,-24000,-24000
058480,新日興凱基9A購01,0,0,0,0,0,0,0,0,0,-24000,0,0,0,3000,27000,-24000,-24000
056740,大立光凱基98購13,0,0,0,0,0,0,0,0,0,-24000,0,0,0,0,24000,-24000,-24000
059995,南亞科元富99購01,0,0,0,0,0,0,0,0,0,-24000,0,0,0,36000,60000,-24000,-24000
8070,長華*           ,1000,20000,-19000,0,0,0,0,0,0,-5000,0,5000,-5000,0,0,0,-24000
1817,凱撒衛          ,0,19000,-19000,0,0,0,0,0,0,-5000,0,5000,-5000,0,0,0,-24000
07940P,國巨群益9B售06  ,0,0,0,0,0,0,0,0,0,-24000,0,0,0,0,24000,-24000,-24000
07858P,旺宏永豐9A售03  ,0,0,0,0,0,0,0,0,0,-24000,0,0,0,20000,44000,-24000,-24000
6209,今國光          ,61000,90000,-29000,0,0,0,0,0,0,5000,5000,0,5000,0,0,0,-24000
3062,建漢            ,159000,208000,-49000,0,0,0,0,0,0,25000,25000,0,25000,0,0,0,-24000
062134,國巨群益9B購04  ,0,0,0,0,0,0,0,0,0,-25000,0,0,0,10000,35000,-25000,-25000
062057,華邦電統一01購01,0,0,0,0,0,0,0,0,0,-25000,0,0,0,10000,35000,-25000,-25000
062534,力成統一01購01  ,0,0,0,0,0,0,0,0,0,-25000,0,0,0,0,25000,-25000,-25000
062528,全新統一9C購01  ,0,0,0,0,0,0,0,0,0,-25000,0,0,0,0,25000,-25000,-25000
062529,可成統一9C購03  ,0,0,0,0,0,0,0,0,0,-25000,0,0,0,0,25000,-25000,-25000
061280,國巨統一9C購06  ,0,0,0,0,0,0,0,0,0,-25000,0,0,0,0,25000,-25000,-25000
061424,華新科元大9A購18,0,0,0,0,0,0,0,0,0,-25000,0,0,0,0,25000,-25000,-25000
060767,世紀鋼元大9A購02,0,0,0,0,0,0,0,0,0,-25000,0,0,0,21000,46000,-25000,-25000
060673,旺宏元大9A購04  ,0,0,0,0,0,0,0,0,0,-25000,0,0,0,53000,78000,-25000,-25000
060539,道瓊反凱基9A購01,0,0,0,0,0,0,0,0,0,-25000,0,0,0,90000,115000,-25000,-25000
054261,智伸科元大96購03,0,0,0,0,0,0,0,0,0,-25000,0,0,0,0,25000,-25000,-25000
055763,鎧勝群益97購01  ,0,0,0,0,0,0,0,0,0,-25000,0,0,0,30000,55000,-25000,-25000
054609,正崴永豐97購01  ,0,0,0,0,0,0,0,0,0,-25000,0,0,0,0,25000,-25000,-25000
05464P,華通康和95售02  ,0,0,0,0,0,0,0,0,0,-25000,0,0,0,0,25000,-25000,-25000
059250,大立光凱基99購06,0,0,0,0,0,0,0,0,0,-25000,0,0,0,0,25000,-25000,-25000
059566,台積電凱基9A購11,0,0,0,0,0,0,0,0,0,-25000,0,0,0,33000,58000,-25000,-25000
05958P,聯發科國票97售04,0,0,0,0,0,0,0,0,0,-25000,0,0,0,0,25000,-25000,-25000
053642,瀚宇博永豐96購01,0,0,0,0,0,0,0,0,0,-25000,0,0,0,5000,30000,-25000,-25000
051381,玉晶光群益98購01,0,0,0,0,0,0,0,0,0,-25000,0,0,0,17000,42000,-25000,-25000
051266,國巨富邦99購01  ,0,0,0,0,0,0,0,0,0,-25000,0,0,0,0,25000,-25000,-25000
060004,臺指反群益9A購01,0,0,0,0,0,0,0,0,0,-25000,0,0,0,0,25000,-25000,-25000
056435,台積電凱基98購09,0,0,0,0,0,0,0,0,0,-25000,0,0,0,0,25000,-25000,-25000
057033,A50反1元大9B購02,0,0,0,0,0,0,0,0,0,-25000,0,0,0,25000,50000,-25000,-25000
057375,欣興元大98購09  ,0,0,0,0,0,0,0,0,0,-25000,0,0,0,0,25000,-25000,-25000
058795,可成元大99購03  ,0,0,0,0,0,0,0,0,0,-25000,0,0,0,0,25000,-25000,-25000
059129,麗豐中信99購01  ,0,0,0,0,0,0,0,0,0,-25000,0,0,0,15000,40000,-25000,-25000
058666,上証反群益01購01,0,0,0,0,0,0,0,0,0,-25000,0,0,0,0,25000,-25000,-25000
057963,緯穎元大98購08  ,0,0,0,0,0,0,0,0,0,-25000,0,0,0,40000,65000,-25000,-25000
058936,國喬中信99購01  ,0,0,0,0,0,0,0,0,0,-25000,0,0,0,58000,83000,-25000,-25000
056783,國巨群益99購01  ,0,0,0,0,0,0,0,0,0,-25000,0,0,0,19000,44000,-25000,-25000
2414,精技            ,5000,41000,-36000,0,0,0,0,0,0,11000,11000,0,11000,0,0,0,-25000
07793P,同欣電元大9A售02,0,0,0,0,0,0,0,0,0,-25000,0,0,0,0,25000,-25000,-25000
07641P,上銀凱基9A售05  ,0,0,0,0,0,0,0,0,0,-25000,0,0,0,5000,30000,-25000,-25000
6668,中揚光          ,69000,93000,-24000,0,0,0,0,0,0,-1000,0,1000,-1000,0,0,0,-25000
060927,嘉晶永豐9A購01  ,0,0,0,0,0,0,0,0,0,-26000,0,0,0,10000,36000,-26000,-26000
061448,旺宏中信9A購02  ,0,0,0,0,0,0,0,0,0,-26000,0,0,0,10000,36000,-26000,-26000
061886,力山國泰01購01  ,0,0,0,0,0,0,0,0,0,-26000,0,0,0,14000,40000,-26000,-26000
062480,茂林國票9B購01  ,0,0,0,0,0,0,0,0,0,-26000,0,0,0,37000,63000,-26000,-26000
06395P,台積電元大97售29,0,0,0,0,0,0,0,0,0,-26000,0,0,0,1000,27000,-26000,-26000
062007,台光電國泰9C購01,0,0,0,0,0,0,0,0,0,-26000,0,0,0,50000,76000,-26000,-26000
061930,臺股指凱基9B購05,0,0,0,0,0,0,0,0,0,-26000,0,0,0,94000,120000,-26000,-26000
06880P,鈺齊凱基98售03  ,0,0,0,0,0,0,0,0,0,-26000,0,0,0,0,26000,-26000,-26000
052235,聯發科國票96購02,0,0,0,0,0,0,0,0,0,-26000,0,0,0,54000,80000,-26000,-26000
059247,可成凱基99購05  ,0,0,0,0,0,0,0,0,0,-26000,0,0,0,0,26000,-26000,-26000
056203,興富發永豐97購01,0,0,0,0,0,0,0,0,0,-26000,0,0,0,80000,106000,-26000,-26000
055388,華通統一97購03  ,0,0,0,0,0,0,0,0,0,-26000,0,0,0,5000,31000,-26000,-26000
054687,建準永豐97購02  ,0,0,0,0,0,0,0,0,0,-26000,0,0,0,0,26000,-26000,-26000
055229,大毅國票97購02  ,0,0,0,0,0,0,0,0,0,-26000,0,0,0,40000,66000,-26000,-26000
056821,日電貿永豐98購01,0,0,0,0,0,0,0,0,0,-26000,0,0,0,42000,68000,-26000,-26000
060238,強茂元大9C購01  ,0,0,0,0,0,0,0,0,0,-26000,0,0,0,12000,38000,-26000,-26000
057456,道瓊銀富邦9C購01,0,0,0,0,0,0,0,0,0,-26000,0,0,0,33000,59000,-26000,-26000
6698,旭暉應材        ,7000,15000,-8000,0,0,0,0,0,0,-18000,0,18000,-18000,0,0,0,-26000
07804P,美律永豐9A售02  ,0,0,0,0,0,0,0,0,0,-26000,0,0,0,0,26000,-26000,-26000
07811P,華新科統一9A售02,0,0,0,0,0,0,0,0,0,-26000,0,0,0,0,26000,-26000,-26000
07849P,大立光群益9A售06,0,0,0,0,0,0,0,0,0,-26000,0,0,0,0,26000,-26000,-26000
1531,高林股          ,2000,28000,-26000,0,0,0,0,0,0,0,0,0,0,0,0,0,-26000
2031,新光鋼          ,89000,126000,-37000,0,0,0,0,0,0,11000,21000,10000,11000,0,0,0,-26000
3025,星通            ,1000,16000,-15000,0,0,0,0,0,0,-11000,0,11000,-11000,0,0,0,-26000
4545,銘鈺            ,6000,32000,-26000,0,0,0,0,0,0,0,0,0,0,0,0,0,-26000
062229,南六統一9B購01  ,0,0,0,0,0,0,0,0,0,-27000,0,0,0,0,27000,-27000,-27000
062511,台光電國票9B購02,0,0,0,0,0,0,0,0,0,-27000,0,0,0,0,27000,-27000,-27000
062543,華通富邦9C購01  ,0,0,0,0,0,0,0,0,0,-27000,0,0,0,10000,37000,-27000,-27000
061648,緯穎元大9A購04  ,0,0,0,0,0,0,0,0,0,-27000,0,0,0,10000,37000,-27000,-27000
061617,微星群益9A購02  ,0,0,0,0,0,0,0,0,0,-27000,0,0,0,0,27000,-27000,-27000
061431,鈺齊元大9A購01  ,0,0,0,0,0,0,0,0,0,-27000,0,0,0,10000,37000,-27000,-27000
061020,超眾國票9A購02  ,0,0,0,0,0,0,0,0,0,-27000,0,0,0,21000,48000,-27000,-27000
061018,台積電國票9B購05,0,0,0,0,0,0,0,0,0,-27000,0,0,0,0,27000,-27000,-27000
061175,台積電凱基9A購19,0,0,0,0,0,0,0,0,0,-27000,0,0,0,0,27000,-27000,-27000
054235,欣興群益96購06  ,0,0,0,0,0,0,0,0,0,-27000,0,0,0,0,27000,-27000,-27000
059509,奇力新永豐99購02,0,0,0,0,0,0,0,0,0,-27000,0,0,0,10000,37000,-27000,-27000
056255,華新科元富97購05,0,0,0,0,0,0,0,0,0,-27000,0,0,0,40000,67000,-27000,-27000
059681,華新科國泰9B購02,0,0,0,0,0,0,0,0,0,-27000,0,0,0,2000,29000,-27000,-27000
056689,玉晶光統一9A購03,0,0,0,0,0,0,0,0,0,-27000,0,0,0,0,27000,-27000,-27000
060416,神隆永豐9A購01  ,0,0,0,0,0,0,0,0,0,-27000,0,0,0,88000,115000,-27000,-27000
056778,元石油群益9B購01,0,0,0,0,0,0,0,0,0,-27000,0,0,0,0,27000,-27000,-27000
059023,可成統一9B購02  ,0,0,0,0,0,0,0,0,0,-27000,0,0,0,118000,145000,-27000,-27000
058822,樺漢國泰9B購01  ,0,0,0,0,0,0,0,0,0,-27000,0,0,0,98000,125000,-27000,-27000
058005,茂林群益98購04  ,0,0,0,0,0,0,0,0,0,-27000,0,0,0,14000,41000,-27000,-27000
2497,怡利電          ,0,28000,-28000,0,0,0,0,0,0,1000,1000,0,1000,0,0,0,-27000
2816,旺旺保          ,10000,44000,-34000,0,0,0,0,0,0,7000,7000,0,7000,0,0,0,-27000
2850,新產            ,10000,32000,-22000,0,0,0,0,0,0,-5000,0,5000,-5000,0,0,0,-27000
1732,毛寶            ,17000,30000,-13000,0,0,0,0,0,0,-14000,0,14000,-14000,0,0,0,-27000
061638,國泰金元大9A購03,0,0,0,0,0,0,0,0,0,-28000,0,0,0,0,28000,-28000,-28000
061640,智原元大9A購01  ,0,0,0,0,0,0,0,0,0,-28000,0,0,0,31000,59000,-28000,-28000
061823,勤誠群益9B購01  ,0,0,0,0,0,0,0,0,0,-28000,0,0,0,17000,45000,-28000,-28000
062514,玉晶光國票9C購02,0,0,0,0,0,0,0,0,0,-28000,0,0,0,10000,38000,-28000,-28000
06214P,國巨國票98售04  ,0,0,0,0,0,0,0,0,0,-28000,0,0,0,0,28000,-28000,-28000
06549P,大立光元大98售11,0,0,0,0,0,0,0,0,0,-28000,0,0,0,0,28000,-28000,-28000
06419P,國巨統一97售09  ,0,0,0,0,0,0,0,0,0,-28000,0,0,0,0,28000,-28000,-28000
07363P,大立光元大99售26,0,0,0,0,0,0,0,0,0,-28000,0,0,0,1000,29000,-28000,-28000
054161,友訊凱基98購01  ,0,0,0,0,0,0,0,0,0,-28000,0,0,0,22000,50000,-28000,-28000
054111,緯穎凱基97購01  ,0,0,0,0,0,0,0,0,0,-28000,0,0,0,34000,62000,-28000,-28000
055171,凱美統一97購01  ,0,0,0,0,0,0,0,0,0,-28000,0,0,0,20000,48000,-28000,-28000
055858,聯茂元大97購03  ,0,0,0,0,0,0,0,0,0,-28000,0,0,0,45000,73000,-28000,-28000
053865,欣興元大97購02  ,0,0,0,0,0,0,0,0,0,-28000,0,0,0,39000,67000,-28000,-28000
059755,宏達電國泰9A購01,0,0,0,0,0,0,0,0,0,-28000,0,0,0,0,28000,-28000,-28000
060060,台積電兆豐99購05,0,0,0,0,0,0,0,0,0,-28000,0,0,0,32000,60000,-28000,-28000
058703,台積電元大99購16,0,0,0,0,0,0,0,0,0,-28000,0,0,0,30000,58000,-28000,-28000
058438,大立光統一9B購01,0,0,0,0,0,0,0,0,0,-28000,0,0,0,0,28000,-28000,-28000
07997P,上銀凱基9B售04  ,0,0,0,0,0,0,0,0,0,-28000,0,0,0,0,28000,-28000,-28000
1220,台榮            ,0,28000,-28000,0,0,0,0,0,0,0,0,0,0,0,0,0,-28000
2706,第一店          ,0,28000,-28000,0,0,0,0,0,0,0,0,0,0,0,0,0,-28000
2748,雲品            ,9000,17000,-8000,0,0,0,0,20000,-20000,0,0,0,0,0,0,0,-28000
2495,普安            ,1000,33000,-32000,0,0,0,0,0,0,4000,4000,0,4000,0,0,0,-28000
5283,禾聯碩          ,2000,28000,-26000,0,0,0,5000,0,5000,-7000,0,7000,-7000,0,0,0,-28000
8249,菱光            ,0,32000,-32000,0,0,0,0,0,0,4000,4000,0,4000,0,0,0,-28000
060677,京元電元大9A購04,0,0,0,0,0,0,0,0,0,-29000,0,0,0,120000,149000,-29000,-29000
054925,神達凱基97購01  ,0,0,0,0,0,0,0,0,0,-29000,0,0,0,18000,47000,-29000,-29000
053583,漢唐元大96購03  ,0,0,0,0,0,0,0,0,0,-29000,0,0,0,250000,279000,-29000,-29000
057385,光罩永豐99購01  ,0,0,0,0,0,0,0,0,0,-29000,0,0,0,589000,618000,-29000,-29000
057770,亞德客群益98購01,0,0,0,0,0,0,0,0,0,-29000,0,0,0,7000,36000,-29000,-29000
060472,中租元大9A購02  ,0,0,0,0,0,0,0,0,0,-29000,0,0,0,13000,42000,-29000,-29000
059038,健策群益9A購02  ,0,0,0,0,0,0,0,0,0,-29000,0,0,0,229000,258000,-29000,-29000
058937,仁寶中信99購01  ,0,0,0,0,0,0,0,0,0,-29000,0,0,0,90000,119000,-29000,-29000
3679,新至陞          ,10000,38000,-28000,0,0,0,0,0,0,-1000,0,1000,-1000,0,0,0,-29000
2227,裕日車          ,9000,38000,-29000,0,0,0,0,0,0,0,0,0,0,0,0,0,-29000
08818P,台灣50凱基01售18,0,0,0,0,0,0,0,0,0,-29000,0,0,0,0,29000,-29000,-29000
1339,昭輝            ,3000,32000,-29000,0,0,0,0,0,0,0,0,0,0,0,0,0,-29000
07943P,瑞昱元大9B售02  ,0,0,0,0,0,0,0,0,0,-29000,0,0,0,12000,41000,-29000,-29000
1726,永記            ,0,28000,-28000,0,0,0,0,0,0,-1000,0,1000,-1000,0,0,0,-29000
1737,臺鹽            ,18000,39000,-21000,0,0,0,0,0,0,-8000,0,8000,-8000,0,0,0,-29000
07468P,聯電元大9A售02  ,0,0,0,0,0,0,0,0,0,-29000,0,0,0,215000,244000,-29000,-29000
060532,欣興中信9A購01  ,0,0,0,0,0,0,0,0,0,-30000,0,0,0,40000,70000,-30000,-30000
06102P,智邦凱基97售03  ,0,0,0,0,0,0,0,0,0,-30000,0,0,0,0,30000,-30000,-30000
061075,亞德客兆豐9A購01,0,0,0,0,0,0,0,0,0,-30000,0,0,0,40000,70000,-30000,-30000
061878,茂林元大9B購01  ,0,0,0,0,0,0,0,0,0,-30000,0,0,0,20000,50000,-30000,-30000
061700,瑞昱國票9A購02  ,0,0,0,0,0,0,0,0,0,-30000,0,0,0,0,30000,-30000,-30000
061490,茂林兆豐9B購01  ,0,0,0,0,0,0,0,0,0,-30000,0,0,0,10000,40000,-30000,-30000
07101P,台郡元大99售06  ,0,0,0,0,0,0,0,0,0,-30000,0,0,0,0,30000,-30000,-30000
06967P,台郡台新99售02  ,0,0,0,0,0,0,0,0,0,-30000,0,0,0,0,30000,-30000,-30000
06911P,鴻海元大99售09  ,0,0,0,0,0,0,0,0,0,-30000,0,0,0,199000,229000,-30000,-30000
062099,牧德永豐9B購01  ,0,0,0,0,0,0,0,0,0,-30000,0,0,0,0,30000,-30000,-30000
06254P,臺股指群益97售07,0,0,0,0,0,0,0,0,0,-30000,0,0,0,31000,61000,-30000,-30000
062464,T50反1凱基9C購03,0,0,0,0,0,0,0,0,0,-30000,0,0,0,0,30000,-30000,-30000
06336P,鴻海元大98售05  ,0,0,0,0,0,0,0,0,0,-30000,0,0,0,15000,45000,-30000,-30000
062593,健策統一9B購03  ,0,0,0,0,0,0,0,0,0,-30000,0,0,0,0,30000,-30000,-30000
062621,緯穎元大9B購05  ,0,0,0,0,0,0,0,0,0,-30000,0,0,0,11000,41000,-30000,-30000
053713,漢唐凱基96購04  ,0,0,0,0,0,0,0,0,0,-30000,0,0,0,50000,80000,-30000,-30000
054383,傳奇群益97購01  ,0,0,0,0,0,0,0,0,0,-30000,0,0,0,0,30000,-30000,-30000
055573,國巨統一97購06  ,0,0,0,0,0,0,0,0,0,-30000,0,0,0,150000,180000,-30000,-30000
054480,和碩中信98購01  ,0,0,0,0,0,0,0,0,0,-30000,0,0,0,92000,122000,-30000,-30000
055601,茂林元大97購03  ,0,0,0,0,0,0,0,0,0,-30000,0,0,0,0,30000,-30000,-30000
052578,大立光統一97購01,0,0,0,0,0,0,0,0,0,-30000,0,0,0,0,30000,-30000,-30000
051694,A50正2中信96購03,0,0,0,0,0,0,0,0,0,-30000,0,0,0,0,30000,-30000,-30000
053049,T50反1國票98購01,0,0,0,0,0,0,0,0,0,-30000,0,0,0,180000,210000,-30000,-30000
052076,可成元富98購01  ,0,0,0,0,0,0,0,0,0,-30000,0,0,0,0,30000,-30000,-30000
049117,矽格統一96購01  ,0,0,0,0,0,0,0,0,0,-30000,0,0,0,0,30000,-30000,-30000
049272,世紀鋼元大96購02,0,0,0,0,0,0,0,0,0,-30000,0,0,0,10000,40000,-30000,-30000
053117,大立光中信9A購02,0,0,0,0,0,0,0,0,0,-30000,0,0,0,0,30000,-30000,-30000
046061,中石化凱基98購01,0,0,0,0,0,0,0,0,0,-30000,0,0,0,20000,50000,-30000,-30000
04633P,旺宏群益96售04  ,0,0,0,0,0,0,0,0,0,-30000,0,0,0,10000,40000,-30000,-30000
047969,台達電富邦97購01,0,0,0,0,0,0,0,0,0,-30000,0,0,0,0,30000,-30000,-30000
055817,京鼎國票99購01  ,0,0,0,0,0,0,0,0,0,-30000,0,0,0,0,30000,-30000,-30000
055225,華邦電國票99購01,0,0,0,0,0,0,0,0,0,-30000,0,0,0,0,30000,-30000,-30000
055147,鴻海元大97購11  ,0,0,0,0,0,0,0,0,0,-30000,0,0,0,0,30000,-30000,-30000
054185,喬山永豐96購02  ,0,0,0,0,0,0,0,0,0,-30000,0,0,0,0,30000,-30000,-30000
054223,大立光統一98購04,0,0,0,0,0,0,0,0,0,-30000,0,0,0,0,30000,-30000,-30000
054344,景碩國票97購04  ,0,0,0,0,0,0,0,0,0,-30000,0,0,0,0,30000,-30000,-30000
054360,智邦凱基96購03  ,0,0,0,0,0,0,0,0,0,-30000,0,0,0,20000,50000,-30000,-30000
055773,瑞昱凱基97購03  ,0,0,0,0,0,0,0,0,0,-30000,0,0,0,0,30000,-30000,-30000
056122,勤誠群益97購02  ,0,0,0,0,0,0,0,0,0,-30000,0,0,0,20000,50000,-30000,-30000
059266,緯創中信01購01  ,0,0,0,0,0,0,0,0,0,-30000,0,0,0,10000,40000,-30000,-30000
055343,國巨凱基97購03  ,0,0,0,0,0,0,0,0,0,-30000,0,0,0,20000,50000,-30000,-30000
055344,國巨凱基97購04  ,0,0,0,0,0,0,0,0,0,-30000,0,0,0,0,30000,-30000,-30000
056010,力成中信97購01  ,0,0,0,0,0,0,0,0,0,-30000,0,0,0,0,30000,-30000,-30000
056175,可成元富97購03  ,0,0,0,0,0,0,0,0,0,-30000,0,0,0,0,30000,-30000,-30000
059063,康控凱基99購04  ,0,0,0,0,0,0,0,0,0,-30000,0,0,0,0,30000,-30000,-30000
056813,聯茂統一99購01  ,0,0,0,0,0,0,0,0,0,-30000,0,0,0,6000,36000,-30000,-30000
056885,元油2X元大99購03,0,0,0,0,0,0,0,0,0,-30000,0,0,0,0,30000,-30000,-30000
059731,康控元大99購04  ,0,0,0,0,0,0,0,0,0,-30000,0,0,0,0,30000,-30000,-30000
060470,台勝科元大9A購03,0,0,0,0,0,0,0,0,0,-30000,0,0,0,30000,60000,-30000,-30000
060496,滬深2X元大9A購05,0,0,0,0,0,0,0,0,0,-30000,0,0,0,0,30000,-30000,-30000
060298,鎧勝元大9C購01  ,0,0,0,0,0,0,0,0,0,-30000,0,0,0,0,30000,-30000,-30000
05697P,友達凱基96售01  ,0,0,0,0,0,0,0,0,0,-30000,0,0,0,0,30000,-30000,-30000
058736,鈺齊永豐99購02  ,0,0,0,0,0,0,0,0,0,-30000,0,0,0,0,30000,-30000,-30000
057363,華通元大99購02  ,0,0,0,0,0,0,0,0,0,-30000,0,0,0,0,30000,-30000,-30000
057188,佐登元大98購01  ,0,0,0,0,0,0,0,0,0,-30000,0,0,0,21000,51000,-30000,-30000
058508,聯發科元大99購11,0,0,0,0,0,0,0,0,0,-30000,0,0,0,0,30000,-30000,-30000
056461,樺漢凱基98購02  ,0,0,0,0,0,0,0,0,0,-30000,0,0,0,0,30000,-30000,-30000
056477,欣興元大98購02  ,0,0,0,0,0,0,0,0,0,-30000,0,0,0,63000,93000,-30000,-30000
059691,大立光永豐99購02,0,0,0,0,0,0,0,0,0,-30000,0,0,0,0,30000,-30000,-30000
059663,旭富元大9C購02  ,0,0,0,0,0,0,0,0,0,-30000,0,0,0,18000,48000,-30000,-30000
058408,華通兆豐99購02  ,0,0,0,0,0,0,0,0,0,-30000,0,0,0,1000,31000,-30000,-30000
057468,台郡永豐98購01  ,0,0,0,0,0,0,0,0,0,-30000,0,0,0,10000,40000,-30000,-30000
059115,美食永豐99購01  ,0,0,0,0,0,0,0,0,0,-30000,0,0,0,0,30000,-30000,-30000
058749,康控凱基99購03  ,0,0,0,0,0,0,0,0,0,-30000,0,0,0,0,30000,-30000,-30000
07869P,台灣50群益9C售04,0,0,0,0,0,0,0,0,0,-30000,0,0,0,0,30000,-30000,-30000
07823P,國巨元大9A售23  ,0,0,0,0,0,0,0,0,0,-30000,0,0,0,35000,65000,-30000,-30000
1721,三晃            ,2000,32000,-30000,0,0,0,0,0,0,0,0,0,0,0,0,0,-30000
07893P,臺股指國票9B售03,0,0,0,0,0,0,0,0,0,-30000,0,0,0,0,30000,-30000,-30000
07994P,臺股指群益9B售04,0,0,0,0,0,0,0,0,0,-30000,0,0,0,0,30000,-30000,-30000
2405,浩鑫            ,11000,41000,-30000,0,0,0,0,0,0,0,0,0,0,0,0,0,-30000
3047,訊舟            ,134000,164000,-30000,0,0,0,0,0,0,0,0,0,0,0,0,0,-30000
6216,居易            ,0,26000,-26000,0,0,0,0,0,0,-4000,1000,5000,-4000,0,0,0,-30000
5288,豐祥-KY         ,8000,38000,-30000,0,0,0,0,0,0,0,0,0,0,0,0,0,-30000
061987,大立光元大9B購03,0,0,0,0,0,0,0,0,0,-31000,0,0,0,0,31000,-31000,-31000
061374,力山永豐9A購04  ,0,0,0,0,0,0,0,0,0,-31000,0,0,0,4000,35000,-31000,-31000
061342,華新科元大9A購17,0,0,0,0,0,0,0,0,0,-31000,0,0,0,68000,99000,-31000,-31000
061215,健策元大9A購06  ,0,0,0,0,0,0,0,0,0,-31000,0,0,0,72000,103000,-31000,-31000
055943,瑞昱麥證97購01  ,0,0,0,0,31000,-31000,0,0,0,-31000,0,0,0,0,31000,-31000,-31000
055545,國巨凱基97購06  ,0,0,0,0,0,0,0,0,0,-31000,0,0,0,7000,38000,-31000,-31000
054579,聯茂元大97購01  ,0,0,0,0,0,0,0,0,0,-31000,0,0,0,4000,35000,-31000,-31000
056321,創意群益98購02  ,0,0,0,0,0,0,0,0,0,-31000,0,0,0,52000,83000,-31000,-31000
056423,奇鋐統一98購01  ,0,0,0,0,0,0,0,0,0,-31000,0,0,0,0,31000,-31000,-31000
056434,國巨凱基98購03  ,0,0,0,0,0,0,0,0,0,-31000,0,0,0,11000,42000,-31000,-31000
059923,緯穎元大99購09  ,0,0,0,0,0,0,0,0,0,-31000,0,0,0,63000,94000,-31000,-31000
057060,緯穎元大98購05  ,0,0,0,0,0,0,0,0,0,-31000,0,0,0,0,31000,-31000,-31000
057295,可成永豐98購02  ,0,0,0,0,0,0,0,0,0,-31000,0,0,0,0,31000,-31000,-31000
060147,臺股指國票9A購07,0,0,0,0,0,0,0,0,0,-31000,0,0,0,20000,51000,-31000,-31000
060250,台表科元大9A購01,0,0,0,0,0,0,0,0,0,-31000,0,0,0,70000,101000,-31000,-31000
060471,台勝科元大9B購01,0,0,0,0,0,0,0,0,0,-31000,0,0,0,0,31000,-31000,-31000
058213,欣興群益99購01  ,0,0,0,0,0,0,0,0,0,-31000,0,0,0,5000,36000,-31000,-31000
058025,聯茂國泰99購01  ,0,0,0,0,0,0,0,0,0,-31000,0,0,0,5000,36000,-31000,-31000
056820,欣興永豐98購02  ,0,0,0,0,0,0,0,0,0,-31000,0,0,0,0,31000,-31000,-31000
059029,旺宏兆豐99購01  ,0,0,0,0,0,0,0,0,0,-31000,0,0,0,261000,292000,-31000,-31000
07982P,全新群益9B售04  ,0,0,0,0,0,0,0,0,0,-31000,0,0,0,0,31000,-31000,-31000
9927,泰銘            ,1000,32000,-31000,0,0,0,0,0,0,0,0,0,0,0,0,0,-31000
061189,可成富邦9B購02  ,0,0,0,0,0,0,0,0,0,-32000,0,0,0,8000,40000,-32000,-32000
060699,華新科國泰9B購03,0,0,0,0,0,0,0,0,0,-32000,0,0,0,0,32000,-32000,-32000
060692,鴻海麥證9A購01  ,0,0,0,0,32000,-32000,0,0,0,-32000,0,0,0,0,32000,-32000,-32000
062075,智邦元大9B購03  ,0,0,0,0,0,0,0,0,0,-32000,0,0,0,109000,141000,-32000,-32000
062620,台表科元大9B購04,0,0,0,0,0,0,0,0,0,-32000,0,0,0,39000,71000,-32000,-32000
06293P,臺股指國票97售07,0,0,0,0,0,0,0,0,0,-32000,0,0,0,0,32000,-32000,-32000
062317,祥碩凱基9B購03  ,0,0,0,0,0,0,0,0,0,-32000,0,0,0,95000,127000,-32000,-32000
06891P,緯穎富邦99售03  ,0,0,0,0,0,0,0,0,0,-32000,0,0,0,0,32000,-32000,-32000
055665,亞德客群益97購01,0,0,0,0,0,0,0,0,0,-32000,0,0,0,10000,42000,-32000,-32000
048270,T50反1富邦99購01,0,0,0,0,0,0,0,0,0,-32000,0,0,0,0,32000,-32000,-32000
03047X,元展44          ,0,0,0,0,0,0,0,0,0,-32000,0,0,0,0,32000,-32000,-32000
046628,大立光統一98購01,0,0,0,0,0,0,0,0,0,-32000,0,0,0,104000,136000,-32000,-32000
054250,漢唐元大96購04  ,0,0,0,0,0,0,0,0,0,-32000,0,0,0,97000,129000,-32000,-32000
059544,創意亞東99購01  ,0,0,0,0,0,0,0,0,0,-32000,0,0,0,4000,36000,-32000,-32000
059041,南茂群益99購02  ,0,0,0,0,0,0,0,0,0,-32000,0,0,0,98000,130000,-32000,-32000
059765,嘉聯益永豐99購02,0,0,0,0,0,0,0,0,0,-32000,0,0,0,16000,48000,-32000,-32000
057987,大立光元富98購02,0,0,0,0,0,0,0,0,0,-32000,0,0,0,211000,243000,-32000,-32000
058565,鴻海凱基9A購07  ,0,0,0,0,0,0,0,0,0,-32000,0,0,0,0,32000,-32000,-32000
060500,鴻海元大9A購12  ,0,0,0,0,0,0,0,0,0,-32000,0,0,0,0,32000,-32000,-32000
057046,奇力新元大99購03,0,0,0,0,0,0,0,0,0,-32000,0,0,0,0,32000,-32000,-32000
057032,A50反1元大9B購01,0,0,0,0,0,0,0,0,0,-32000,0,0,0,12000,44000,-32000,-32000
056635,亞德客日盛99購01,0,0,0,0,0,0,0,0,0,-32000,0,0,0,0,32000,-32000,-32000
058462,台積電兆豐99購01,0,0,0,0,0,0,0,0,0,-32000,0,0,0,26000,58000,-32000,-32000
07851P,聯發科國票9A售05,0,0,0,0,0,0,0,0,0,-32000,0,0,0,0,32000,-32000,-32000
5258,虹堡            ,46000,80000,-34000,0,0,0,0,0,0,2000,5000,3000,2000,0,0,0,-32000
06744P,嘉聯益永豐98售03,0,0,0,0,0,0,0,0,0,-33000,0,0,0,105000,138000,-33000,-33000
07130P,台郡元大9B售01  ,0,0,0,0,0,0,0,0,0,-33000,0,0,0,127000,160000,-33000,-33000
062338,鴻海麥證9B購01  ,0,0,0,3000,33000,-30000,0,0,0,-33000,0,0,0,3000,36000,-33000,-33000
062654,技嘉永豐9B購01  ,0,0,0,0,0,0,0,0,0,-33000,0,0,0,2000,35000,-33000,-33000
061958,鴻海統一01購01  ,0,0,0,0,0,0,0,0,0,-33000,0,0,0,21000,54000,-33000,-33000
055443,台虹國票98購01  ,0,0,0,0,0,0,0,0,0,-33000,0,0,0,38000,71000,-33000,-33000
054300,華通凱基96購07  ,0,0,0,0,0,0,0,0,0,-33000,0,0,0,0,33000,-33000,-33000
056095,臻鼎元富9A購01  ,0,0,0,0,0,0,0,0,0,-33000,0,0,0,0,33000,-33000,-33000
00635U,元大S&P黃金     ,0,1000,-1000,0,0,0,0,0,0,-32000,0,100000,-100000,469000,401000,68000,-33000
055584,國巨元大97購11  ,0,0,0,0,0,0,0,0,0,-33000,0,0,0,23000,56000,-33000,-33000
053542,超眾永豐96購01  ,0,0,0,0,0,0,0,0,0,-33000,0,0,0,0,33000,-33000,-33000
057530,奇鋐元大99購01  ,0,0,0,0,0,0,0,0,0,-33000,0,0,0,2000,35000,-33000,-33000
05758P,光罩永豐96售02  ,0,0,0,0,0,0,0,0,0,-33000,0,0,0,10000,43000,-33000,-33000
058788,喬山元大99購01  ,0,0,0,0,0,0,0,0,0,-33000,0,0,0,11000,44000,-33000,-33000
058792,鴻海元大99購18  ,0,0,0,0,0,0,0,0,0,-33000,0,0,0,0,33000,-33000,-33000
059990,健策元大9A購01  ,0,0,0,0,0,0,0,0,0,-33000,0,0,0,19000,52000,-33000,-33000
060227,和大元大9A購01  ,0,0,0,0,0,0,0,0,0,-33000,0,0,0,53000,86000,-33000,-33000
060185,聯發科元富04購01,0,0,0,0,0,0,0,0,0,-33000,0,0,0,30000,63000,-33000,-33000
057748,華通國票98購04  ,0,0,0,0,0,0,0,0,0,-33000,0,0,0,10000,43000,-33000,-33000
8114,振樺電          ,2000,36000,-34000,0,0,0,0,0,0,1000,1000,0,1000,0,0,0,-33000
07192P,聯發科元大99售23,0,0,0,0,0,0,0,0,0,-34000,0,0,0,0,34000,-34000,-34000
07300P,臺股指元大9A售33,0,0,0,0,0,0,0,0,0,-34000,0,0,0,0,34000,-34000,-34000
06544P,鴻海元大98售09  ,0,0,0,0,0,0,0,0,0,-34000,0,0,0,19000,53000,-34000,-34000
060560,欣興國泰9C購01  ,0,0,0,0,0,0,0,0,0,-34000,0,0,0,2000,36000,-34000,-34000
061232,和大元大9A購03  ,0,0,0,0,0,0,0,0,0,-34000,0,0,0,16000,50000,-34000,-34000
050601,台表科國泰96購01,0,0,0,0,0,0,0,0,0,-34000,0,0,0,6000,40000,-34000,-34000
054294,世芯元大96購02  ,0,0,0,0,0,0,0,0,0,-34000,0,0,0,0,34000,-34000,-34000
05524P,瀚宇博國票97售02,0,0,0,0,0,0,0,0,0,-34000,0,0,0,122000,156000,-34000,-34000
055958,台光電元大97購02,0,0,0,0,0,0,0,0,0,-34000,0,0,0,50000,84000,-34000,-34000
058943,元石油群益9C購01,0,0,0,0,0,0,0,0,0,-34000,0,0,0,86000,120000,-34000,-34000
056419,欣興元富98購02  ,0,0,0,0,0,0,0,0,0,-34000,0,0,0,14000,48000,-34000,-34000
058763,和碩群益99購01  ,0,0,0,0,0,0,0,0,0,-34000,0,0,0,303000,337000,-34000,-34000
056589,康控統一98購01  ,0,0,0,0,0,0,0,0,0,-34000,0,0,0,14000,48000,-34000,-34000
8422,可寧衛          ,1000,24000,-23000,0,0,0,0,0,0,-11000,0,11000,-11000,0,0,0,-34000
061474,瑞昱元大9A購04  ,0,0,0,0,0,0,0,0,0,-35000,0,0,0,35000,70000,-35000,-35000
06068P,玉晶光康和97售01,0,0,0,0,0,0,0,0,0,-35000,0,0,0,74000,109000,-35000,-35000
061162,南電群益9A購02  ,0,0,0,0,0,0,0,0,0,-35000,0,0,0,5000,40000,-35000,-35000
06477P,緯穎國票99售02  ,0,0,0,0,0,0,0,0,0,-35000,0,0,0,0,35000,-35000,-35000
06748P,智邦台新98售02  ,0,0,0,0,0,0,0,0,0,-35000,0,0,0,80000,115000,-35000,-35000
056182,台光電統一97購03,0,0,0,0,0,0,0,0,0,-35000,0,0,0,15000,50000,-35000,-35000
055381,茂林元大97購02  ,0,0,0,0,0,0,0,0,0,-35000,0,0,0,36000,71000,-35000,-35000
055505,新唐元大97購02  ,0,0,0,0,0,0,0,0,0,-35000,0,0,0,5000,40000,-35000,-35000
059614,致新永豐99購01  ,0,0,0,0,0,0,0,0,0,-35000,0,0,0,2000,37000,-35000,-35000
050892,聯電元大96購02  ,0,0,0,0,0,0,0,0,0,-35000,0,0,0,40000,75000,-35000,-35000
053598,日月光元大96購04,0,0,0,0,0,0,0,0,0,-35000,0,0,0,25000,60000,-35000,-35000
054504,聯鈞永豐96購01  ,0,0,0,0,0,0,0,0,0,-35000,0,0,0,45000,80000,-35000,-35000
055668,欣興群益97購01  ,0,0,0,0,0,0,0,0,0,-35000,0,0,0,0,35000,-35000,-35000
059713,滬深2X元大9C購04,0,0,0,0,0,0,0,0,0,-35000,0,0,0,0,35000,-35000,-35000
059909,鴻海元大99購36  ,0,0,0,0,0,0,0,0,0,-35000,0,0,0,0,35000,-35000,-35000
059938,凱美永豐99購01  ,0,0,0,0,0,0,0,0,0,-35000,0,0,0,0,35000,-35000,-35000
059884,鴻海國票99購09  ,0,0,0,0,0,0,0,0,0,-35000,0,0,0,15000,50000,-35000,-35000
057288,聯茂元大98購03  ,0,0,0,0,0,0,0,0,0,-35000,0,0,0,30000,65000,-35000,-35000
056838,旺宏元富98購01  ,0,0,0,0,0,0,0,0,0,-35000,0,0,0,0,35000,-35000,-35000
058042,鴻海元大98購12  ,0,0,0,0,0,0,0,0,0,-35000,0,0,0,5000,40000,-35000,-35000
057876,隆達元大98購01  ,0,0,0,0,0,0,0,0,0,-35000,0,0,0,0,35000,-35000,-35000
057804,為升元大98購01  ,0,0,0,0,0,0,0,0,0,-35000,0,0,0,322000,357000,-35000,-35000
3030,德律            ,181000,214000,-33000,0,0,0,0,0,0,-2000,1000,3000,-2000,0,0,0,-35000
3501,維熹            ,3000,30000,-27000,0,0,0,0,0,0,-8000,0,8000,-8000,0,0,0,-35000
4540,全球傳動        ,50000,85000,-35000,0,0,0,0,0,0,0,0,0,0,0,0,0,-35000
2832,台產            ,4000,29000,-25000,0,0,0,0,0,0,-10000,0,10000,-10000,0,0,0,-35000
07885P,長榮航凱基9B售01,0,0,0,0,0,0,0,0,0,-35000,0,0,0,0,35000,-35000,-35000
07835P,台表科群益9A售02,0,0,0,0,0,0,0,0,0,-35000,0,0,0,3000,38000,-35000,-35000
07730P,臺股指凱基9A售22,0,0,0,0,0,0,0,0,0,-35000,0,0,0,2000,37000,-35000,-35000
07903P,台積電群益9B售03,0,0,0,0,0,0,0,0,0,-35000,0,0,0,40000,75000,-35000,-35000
06587P,國巨元大98售13  ,0,0,0,0,0,0,0,0,0,-36000,0,0,0,0,36000,-36000,-36000
062002,鴻海國泰01購01  ,0,0,0,0,0,0,0,0,0,-36000,0,0,0,21000,57000,-36000,-36000
061998,緯穎元大9B購03  ,0,0,0,0,0,0,0,0,0,-36000,0,0,0,17000,53000,-36000,-36000
060770,宏達電麥證9A購01,0,0,0,0,36000,-36000,0,0,0,-36000,0,0,0,0,36000,-36000,-36000
05639P,欣興統一97售01  ,0,0,0,0,0,0,0,0,0,-36000,0,0,0,298000,334000,-36000,-36000
053768,S&P反1元大99購01,0,0,0,0,0,0,0,0,0,-36000,0,0,0,50000,86000,-36000,-36000
05052P,友達群益97售01  ,0,0,0,0,0,0,0,0,0,-36000,0,0,0,102000,138000,-36000,-36000
055844,大毅元大98購01  ,0,0,0,0,0,0,0,0,0,-36000,0,0,0,26000,62000,-36000,-36000
057841,茂林富邦9A購02  ,0,0,0,0,0,0,0,0,0,-36000,0,0,0,50000,86000,-36000,-36000
058004,大立光群益98購03,0,0,0,0,0,0,0,0,0,-36000,0,0,0,9000,45000,-36000,-36000
05727P,新光金日盛96售02,0,0,0,0,0,0,0,0,0,-36000,0,0,0,2000,38000,-36000,-36000
059730,晶相光元大9C購02,0,0,0,0,0,0,0,0,0,-36000,0,0,0,0,36000,-36000,-36000
057684,聯茂日盛99購01  ,0,0,0,0,0,0,0,0,0,-36000,0,0,0,0,36000,-36000,-36000
057158,義隆永豐99購01  ,0,0,0,0,0,0,0,0,0,-36000,0,0,0,5000,41000,-36000,-36000
07981P,上銀群益9B售04  ,0,0,0,0,0,0,0,0,0,-36000,0,0,0,0,36000,-36000,-36000
2611,志信            ,2000,34000,-32000,0,0,0,0,0,0,-4000,0,4000,-4000,0,0,0,-36000
5007,三星            ,2000,38000,-36000,0,0,0,0,0,0,0,0,0,0,0,0,0,-36000
4952,凌通            ,11000,47000,-36000,0,0,0,0,0,0,0,0,0,0,0,0,0,-36000
060576,欣興中信9B購01  ,0,0,0,0,0,0,0,0,0,-37000,0,0,0,30000,67000,-37000,-37000
060537,台灣50凱基9B購01,0,0,0,0,0,0,0,0,0,-37000,0,0,0,12000,49000,-37000,-37000
061112,台表科元大9A購03,0,0,0,0,0,0,0,0,0,-37000,0,0,0,208000,245000,-37000,-37000
061432,世紀鋼元大9A購05,0,0,0,0,0,0,0,0,0,-37000,0,0,0,59000,96000,-37000,-37000
061650,南電元大9A購07  ,0,0,0,0,0,0,0,0,0,-37000,0,0,0,22000,59000,-37000,-37000
061558,旺宏國票9B購02  ,0,0,0,0,0,0,0,0,0,-37000,0,0,0,10000,47000,-37000,-37000
062028,晶技群益9B購01  ,0,0,0,0,0,0,0,0,0,-37000,0,0,0,104000,141000,-37000,-37000
062252,華邦電元大9C購01,0,0,0,0,0,0,0,0,0,-37000,0,0,0,0,37000,-37000,-37000
06265P,美律凱基97售01  ,0,0,0,0,0,0,0,0,0,-37000,0,0,0,4000,41000,-37000,-37000
062367,禾伸堂元大9B購02,0,0,0,0,0,0,0,0,0,-37000,0,0,0,46000,83000,-37000,-37000
06467P,旺宏統一98售01  ,0,0,0,0,0,0,0,0,0,-37000,0,0,0,189000,226000,-37000,-37000
06679P,旺宏元大98售09  ,0,0,0,0,0,0,0,0,0,-37000,0,0,0,25000,62000,-37000,-37000
054923,晶技凱基98購01  ,0,0,0,0,0,0,0,0,0,-37000,0,0,0,14000,51000,-37000,-37000
053341,聯發科國票97購03,0,0,0,0,0,0,0,0,0,-37000,0,0,0,0,37000,-37000,-37000
058610,欣興元大99購05  ,0,0,0,0,0,0,0,0,0,-37000,0,0,0,25000,62000,-37000,-37000
060467,神基元大9A購01  ,0,0,0,0,0,0,0,0,0,-37000,0,0,0,68000,105000,-37000,-37000
3004,豐達科          ,35000,72000,-37000,0,0,0,0,0,0,0,0,0,0,0,0,0,-37000
2852,第一保          ,1000,47000,-46000,0,0,0,0,0,0,9000,9000,0,9000,0,0,0,-37000
2399,映泰            ,96000,137000,-41000,0,0,0,0,0,0,4000,4000,0,4000,0,0,0,-37000
1560,中砂            ,39000,69000,-30000,0,0,0,0,0,0,-7000,0,7000,-7000,0,0,0,-37000
062279,晶豪科群益9B購01,0,0,0,0,0,0,0,0,0,-38000,0,0,0,20000,58000,-38000,-38000
061963,台積電統一01購04,0,0,0,0,0,0,0,0,0,-38000,0,0,0,5000,43000,-38000,-38000
060978,國巨元大9A購13  ,0,0,0,0,0,0,0,0,0,-38000,0,0,0,17000,55000,-38000,-38000
060944,國泰金國票9A購01,0,0,0,0,0,0,0,0,0,-38000,0,0,0,0,38000,-38000,-38000
053244,光磊國票97購01  ,0,0,0,0,0,0,0,0,0,-38000,0,0,0,0,38000,-38000,-38000
052362,瑞昱國票96購02  ,0,0,0,0,0,0,0,0,0,-38000,0,0,0,0,38000,-38000,-38000
053173,矽格群益97購01  ,0,0,0,0,0,0,0,0,0,-38000,0,0,0,20000,58000,-38000,-38000
00681R,元大美債20反1   ,0,0,0,0,0,0,0,0,0,-38000,0,0,0,1000,39000,-38000,-38000
051727,S&P反1國票97購01,0,0,0,0,0,0,0,0,0,-38000,0,0,0,5000,43000,-38000,-38000
055703,緯穎富邦98購01  ,0,0,0,0,0,0,0,0,0,-38000,0,0,0,5000,43000,-38000,-38000
054766,智原國票98購01  ,0,0,0,0,0,0,0,0,0,-38000,0,0,0,0,38000,-38000,-38000
055094,智易群益98購01  ,0,0,0,0,0,0,0,0,0,-38000,0,0,0,89000,127000,-38000,-38000
060449,元金2X元大9A購02,0,0,0,0,0,0,0,0,0,-38000,0,0,0,22000,60000,-38000,-38000
060492,元黃金元富9A購01,0,0,0,0,0,0,0,0,0,-38000,0,0,0,2000,40000,-38000,-38000
058733,同欣電永豐99購02,0,0,0,0,0,0,0,0,0,-38000,0,0,0,586000,624000,-38000,-38000
058878,旭富國泰9B購01  ,0,0,0,0,0,0,0,0,0,-38000,0,0,0,113000,151000,-38000,-38000
057151,易華電國票99購01,0,0,0,0,0,0,0,0,0,-38000,0,0,0,2000,40000,-38000,-38000
057100,國巨中信9A購02  ,0,0,0,0,0,0,0,0,0,-38000,0,0,0,42000,80000,-38000,-38000
07898P,國巨國泰9C售02  ,0,0,0,0,0,0,0,0,0,-38000,0,0,0,128000,166000,-38000,-38000
2109,華豐            ,0,38000,-38000,0,0,0,0,0,0,0,0,0,0,0,0,0,-38000
2020,美亞            ,51000,96000,-45000,0,0,0,0,0,0,7000,7000,0,7000,0,0,0,-38000
3705,永信            ,162000,181000,-19000,0,0,0,0,0,0,-19000,0,19000,-19000,0,0,0,-38000
061109,臻鼎元大9A購03  ,0,0,0,0,0,0,0,0,0,-39000,0,0,0,52000,91000,-39000,-39000
061202,和大元大9A購02  ,0,0,0,0,0,0,0,0,0,-39000,0,0,0,48000,87000,-39000,-39000
061924,聯發科凱基9C購01,0,0,0,0,0,0,0,0,0,-39000,0,0,0,1000,40000,-39000,-39000
062442,華新科元大9C購02,0,0,0,0,0,0,0,0,0,-39000,0,0,0,0,39000,-39000,-39000
06681P,致茂元大98售02  ,0,0,0,0,0,0,0,0,0,-39000,0,0,0,50000,89000,-39000,-39000
06882P,聯發科群益98售07,0,0,0,0,0,0,0,0,0,-39000,0,0,0,19000,58000,-39000,-39000
06542P,台光電國票98售05,0,0,0,0,0,0,0,0,0,-39000,0,0,0,36000,75000,-39000,-39000
07341P,台積電凱基99售18,0,0,0,0,0,0,0,0,0,-39000,0,0,0,0,39000,-39000,-39000
056204,嘉澤永豐97購01  ,0,0,0,0,0,0,0,0,0,-39000,0,0,0,6000,45000,-39000,-39000
00771,元大US高息特別股,0,0,0,0,0,0,0,0,0,-39000,0,0,0,0,39000,-39000,-39000
049842,道瓊反中信98購01,0,0,0,0,0,0,0,0,0,-39000,0,0,0,16000,55000,-39000,-39000
052230,大立光凱基96購09,0,0,0,0,0,0,0,0,0,-39000,0,0,0,10000,49000,-39000,-39000
058523,聯茂元大99購08  ,0,0,0,0,0,0,0,0,0,-39000,0,0,0,30000,69000,-39000,-39000
057417,國巨凱基9A購03  ,0,0,0,0,0,0,0,0,0,-39000,0,0,0,14000,53000,-39000,-39000
3583,辛耘            ,13000,52000,-39000,0,0,0,0,0,0,0,0,0,0,0,0,0,-39000
3038,全台            ,300000,313000,-13000,0,0,0,0,0,0,-26000,4000,30000,-26000,0,0,0,-39000
3321,同泰            ,59000,98000,-39000,0,0,0,0,0,0,0,0,0,0,0,0,0,-39000
2423,固緯            ,3000,40000,-37000,0,0,0,0,0,0,-2000,1000,3000,-2000,0,0,0,-39000
07889P,旭富國票9B售01  ,0,0,0,0,0,0,0,0,0,-39000,0,0,0,120000,159000,-39000,-39000
07711P,世芯元大9A售07  ,0,0,0,0,0,0,0,0,0,-39000,0,0,0,239000,278000,-39000,-39000
07751P,世紀鋼凱基9A售02,0,0,0,0,0,0,0,0,0,-39000,0,0,0,15000,54000,-39000,-39000
07454P,台積電元大9A售06,0,0,0,0,0,0,0,0,0,-40000,0,0,0,0,40000,-40000,-40000
062415,聯茂中信9C購01  ,0,0,0,0,0,0,0,0,0,-40000,0,0,0,0,40000,-40000,-40000
062596,緯穎統一01購02  ,0,0,0,0,0,0,0,0,0,-40000,0,0,0,0,40000,-40000,-40000
061960,國巨統一01購05  ,0,0,0,0,0,0,0,0,0,-40000,0,0,0,16000,56000,-40000,-40000
061706,旭富國票9A購02  ,0,0,0,0,0,0,0,0,0,-40000,0,0,0,25000,65000,-40000,-40000
061733,聯發科中信01購01,0,0,0,0,0,0,0,0,0,-40000,0,0,0,0,40000,-40000,-40000
061005,可成兆豐9A購01  ,0,0,0,0,0,0,0,0,0,-40000,0,0,0,88000,128000,-40000,-40000
060851,國巨國泰9C購01  ,0,0,0,0,0,0,0,0,0,-40000,0,0,0,145000,185000,-40000,-40000
053368,京元電富邦98購01,0,0,0,0,0,0,0,0,0,-40000,0,0,0,120000,160000,-40000,-40000
050424,鴻海凱基96購03  ,0,0,0,0,0,0,0,0,0,-40000,0,0,0,0,40000,-40000,-40000
05213P,台積電國票96售05,0,0,0,0,0,0,0,0,0,-40000,0,0,0,10000,50000,-40000,-40000
059183,T50反1台新03購02,0,0,0,0,0,0,0,0,0,-40000,0,0,0,0,40000,-40000,-40000
054795,合勤控群益98購01,0,0,0,0,0,0,0,0,0,-40000,0,0,0,0,40000,-40000,-40000
054634,FB上証中信99購01,0,0,0,0,0,0,0,0,0,-40000,0,0,0,0,40000,-40000,-40000
054092,大立光群益97購01,0,0,0,0,0,0,0,0,0,-40000,0,0,0,0,40000,-40000,-40000
057314,全新麥證98購01  ,0,0,0,0,40000,-40000,0,0,0,-40000,0,0,0,0,40000,-40000,-40000
057097,致新元富98購01  ,0,0,0,0,0,0,0,0,0,-40000,0,0,0,10000,50000,-40000,-40000
056479,玉晶光元大99購05,0,0,0,0,0,0,0,0,0,-40000,0,0,0,11000,51000,-40000,-40000
059883,T50反1國票99購02,0,0,0,0,0,0,0,0,0,-40000,0,0,0,0,40000,-40000,-40000
056560,旺宏群益98購03  ,0,0,0,0,0,0,0,0,0,-40000,0,0,0,10000,50000,-40000,-40000
056684,旺宏統一98購02  ,0,0,0,0,0,0,0,0,0,-40000,0,0,0,20000,60000,-40000,-40000
059854,台表科永豐99購03,0,0,0,0,0,0,0,0,0,-40000,0,0,0,20000,60000,-40000,-40000
058913,元油2X元富01購01,0,0,0,0,0,0,0,0,0,-40000,0,0,0,0,40000,-40000,-40000
058648,聯陽永豐99購01  ,0,0,0,0,0,0,0,0,0,-40000,0,0,0,112000,152000,-40000,-40000
058163,道瓊反凱基9B購01,0,0,0,0,0,0,0,0,0,-40000,0,0,0,0,40000,-40000,-40000
057957,嘉晶元大98購01  ,0,0,0,0,0,0,0,0,0,-40000,0,0,0,16000,56000,-40000,-40000
058157,華通台新99購01  ,0,0,0,0,0,0,0,0,0,-40000,0,0,0,0,40000,-40000,-40000
058737,鴻海第一01購01  ,0,0,0,0,0,0,0,0,0,-40000,0,0,0,0,40000,-40000,-40000
056995,華新科日盛99購01,0,0,0,0,0,0,0,0,0,-40000,0,0,0,81000,121000,-40000,-40000
056920,友達兆豐98購02  ,0,0,0,0,0,0,0,0,0,-40000,0,0,0,0,40000,-40000,-40000
060473,中租元大9A購03  ,0,0,0,0,0,0,0,0,0,-40000,0,0,0,10000,50000,-40000,-40000
07462P,臺股指元大9B售05,0,0,0,0,0,0,0,0,0,-40000,0,0,0,14000,54000,-40000,-40000
6525,捷敏-KY         ,1000,41000,-40000,0,0,0,0,0,0,0,0,0,0,0,0,0,-40000
062116,元金2X第一9B購01,0,0,0,0,0,0,0,0,0,-41000,0,0,0,40000,81000,-41000,-41000
062383,大立光國泰01購01,0,0,0,0,0,0,0,0,0,-41000,0,0,0,0,41000,-41000,-41000
062384,聯詠國泰9C購01  ,0,0,0,0,0,0,0,0,0,-41000,0,0,0,6000,47000,-41000,-41000
06465P,國巨統一98售04  ,0,0,0,0,0,0,0,0,0,-41000,0,0,0,92000,133000,-41000,-41000
06865P,亞德客元大98售04,0,0,0,0,0,0,0,0,0,-41000,0,0,0,0,41000,-41000,-41000
053924,京鼎國票97購01  ,0,0,0,0,0,0,0,0,0,-41000,0,0,0,0,41000,-41000,-41000
053040,全新凱基98購01  ,0,0,0,0,0,0,0,0,0,-41000,0,0,0,59000,100000,-41000,-41000
053224,矽力凱基96購02  ,0,0,0,0,0,0,0,0,0,-41000,0,0,0,20000,61000,-41000,-41000
053149,京元電元大96購02,0,0,0,0,0,0,0,0,0,-41000,0,0,0,100000,141000,-41000,-41000
060469,台勝科元大9A購02,0,0,0,0,0,0,0,0,0,-41000,0,0,0,19000,60000,-41000,-41000
057744,健策永豐98購02  ,0,0,0,0,0,0,0,0,0,-41000,0,0,0,0,41000,-41000,-41000
060113,祥碩元大9B購01  ,0,0,0,0,0,0,0,0,0,-41000,0,0,0,21000,62000,-41000,-41000
059820,南亞科凱基99購07,0,0,0,0,0,0,0,0,0,-41000,0,0,0,0,41000,-41000,-41000
056623,禾伸堂永豐98購01,0,0,0,0,0,0,0,0,0,-41000,0,0,0,1000,42000,-41000,-41000
056610,鴻海永豐98購01  ,0,0,0,0,0,0,0,0,0,-41000,0,0,0,18000,59000,-41000,-41000
2009,第一銅          ,10000,53000,-43000,0,0,0,0,0,0,2000,2000,0,2000,0,0,0,-41000
2017,官田鋼          ,3000,47000,-44000,0,0,0,0,0,0,3000,3000,0,3000,0,0,0,-41000
4164,承業醫          ,30000,67000,-37000,0,0,0,0,0,0,-4000,2000,6000,-4000,0,0,0,-41000
06243P,亞光元富97售01  ,0,0,0,0,0,0,0,0,0,-42000,0,0,0,24000,66000,-42000,-42000
062109,聯詠國票9C購01  ,0,0,0,0,0,0,0,0,0,-42000,0,0,0,9000,51000,-42000,-42000
061974,光寶科元大9B購01,0,0,0,0,0,0,0,0,0,-42000,0,0,0,81000,123000,-42000,-42000
051544,T50反1康和98購01,0,0,0,0,0,0,0,0,0,-42000,0,0,0,0,42000,-42000,-42000
054638,國泰金中信99購01,0,0,0,0,0,0,0,0,0,-42000,0,0,0,0,42000,-42000,-42000
059311,元石油元大99購04,0,0,0,0,0,0,0,0,0,-42000,0,0,0,9000,51000,-42000,-42000
058494,可成群益9B購01  ,0,0,0,0,0,0,0,0,0,-42000,0,0,0,3000,45000,-42000,-42000
057730,聯鈞國泰9A購01  ,0,0,0,0,0,0,0,0,0,-42000,0,0,0,51000,93000,-42000,-42000
058104,國巨統一9A購04  ,0,0,0,0,0,0,0,0,0,-42000,0,0,0,58000,100000,-42000,-42000
05853P,欣興群益96售05  ,0,0,0,0,0,0,0,0,0,-42000,0,0,0,103000,145000,-42000,-42000
5285,界霖            ,16000,58000,-42000,0,0,0,0,0,0,0,0,0,0,0,0,0,-42000
6277,宏正            ,17000,57000,-40000,0,0,0,0,0,0,-2000,4000,6000,-2000,0,0,0,-42000
1537,廣隆            ,3000,43000,-40000,0,0,0,0,0,0,-2000,0,2000,-2000,0,0,0,-42000
08000P,奇鋐凱基9B售03  ,0,0,0,0,0,0,0,0,0,-42000,0,0,0,0,42000,-42000,-42000
8104,錸寶            ,114000,159000,-45000,0,0,0,0,0,0,3000,3000,0,3000,0,0,0,-42000
062165,聯茂國泰01購01  ,0,0,0,0,0,0,0,0,0,-43000,0,0,0,26000,69000,-43000,-43000
062539,可成國泰01購01  ,0,0,0,0,0,0,0,0,0,-43000,0,0,0,0,43000,-43000,-43000
07161P,臺股指群益99售12,0,0,0,0,0,0,0,0,0,-43000,0,0,0,10000,53000,-43000,-43000
060646,南電永豐9A購01  ,0,0,0,0,0,0,0,0,0,-43000,0,0,0,28000,71000,-43000,-43000
060886,國巨統一01購03  ,0,0,0,0,0,0,0,0,0,-43000,0,0,0,1000,44000,-43000,-43000
054776,矽創國票98購01  ,0,0,0,0,0,0,0,0,0,-43000,0,0,0,0,43000,-43000,-43000
053557,聯茂凱基96購04  ,0,0,0,0,0,0,0,0,0,-43000,0,0,0,6000,49000,-43000,-43000
053569,漢唐統一98購01  ,0,0,0,0,0,0,0,0,0,-43000,0,0,0,7000,50000,-43000,-43000
057886,聯詠群益98購01  ,0,0,0,0,0,0,0,0,0,-43000,0,0,0,15000,58000,-43000,-43000
056978,技嘉群益99購01  ,0,0,0,0,0,0,0,0,0,-43000,0,0,0,119000,162000,-43000,-43000
059872,華新科凱基01購01,0,0,0,0,0,0,0,0,0,-43000,0,0,0,143000,186000,-43000,-43000
056430,鴻海凱基98購06  ,0,0,0,0,0,0,0,0,0,-43000,0,0,0,6000,49000,-43000,-43000
9943,好樂迪          ,3000,46000,-43000,0,0,0,0,0,0,0,0,0,0,0,0,0,-43000
07590P,玉晶光國票9A售03,0,0,0,0,0,0,0,0,0,-43000,0,0,0,0,43000,-43000,-43000
4306,炎洲            ,36000,93000,-57000,0,0,0,0,0,0,14000,14000,0,14000,0,0,0,-43000
060981,旺宏元大9A購08  ,0,0,0,0,0,0,0,0,0,-44000,0,0,0,15000,59000,-44000,-44000
06096P,全新永豐97售02  ,0,0,0,0,0,0,0,0,0,-44000,0,0,0,9000,53000,-44000,-44000
06103P,漢唐凱基97售02  ,0,0,0,0,0,0,0,0,0,-44000,0,0,0,0,44000,-44000,-44000
061279,鴻海統一9C購04  ,0,0,0,0,0,0,0,0,0,-44000,0,0,0,39000,83000,-44000,-44000
061425,華新科元大9A購19,0,0,0,0,0,0,0,0,0,-44000,0,0,0,0,44000,-44000,-44000
056354,國巨元大98購10  ,0,0,0,0,0,0,0,0,0,-44000,0,0,0,1000,45000,-44000,-44000
051600,新日興兆豐96購02,0,0,0,0,0,0,0,0,0,-44000,0,0,0,50000,94000,-44000,-44000
054718,可成永豐97購01  ,0,0,0,0,0,0,0,0,0,-44000,0,0,0,0,44000,-44000,-44000
059468,智邦元大99購02  ,0,0,0,0,0,0,0,0,0,-44000,0,0,0,20000,64000,-44000,-44000
056025,嘉晶群益97購01  ,0,0,0,0,0,0,0,0,0,-44000,0,0,0,99000,143000,-44000,-44000
057094,祥碩元富98購01  ,0,0,0,0,0,0,0,0,0,-44000,0,0,0,0,44000,-44000,-44000
056676,國產元富98購01  ,0,0,0,0,0,0,0,0,0,-44000,0,0,0,183000,227000,-44000,-44000
057791,可成統一99購01  ,0,0,0,0,0,0,0,0,0,-44000,0,0,0,25000,69000,-44000,-44000
058091,欣興元大99購03  ,0,0,0,0,0,0,0,0,0,-44000,0,0,0,20000,64000,-44000,-44000
058965,祥碩兆豐99購02  ,0,0,0,0,0,0,0,0,0,-44000,0,0,0,34000,78000,-44000,-44000
3059,華晶科          ,59000,77000,-18000,0,0,0,0,44000,-44000,18000,18000,0,18000,0,0,0,-44000
2362,藍天            ,50000,106000,-56000,0,0,0,0,5000,-5000,17000,21000,4000,17000,0,0,0,-44000
060545,台積電凱基9B購02,0,0,0,0,0,0,0,0,0,-45000,0,0,0,65000,110000,-45000,-45000
060803,台灣50群益9A購13,0,0,0,0,0,0,0,0,0,-45000,0,0,0,7000,52000,-45000,-45000
06832P,玉晶光凱基98售03,0,0,0,0,0,0,0,0,0,-45000,0,0,0,24000,69000,-45000,-45000
06730P,祥碩元大98售07  ,0,0,0,0,0,0,0,0,0,-45000,0,0,0,0,45000,-45000,-45000
062524,鴻海統一9C購09  ,0,0,0,0,0,0,0,0,0,-45000,0,0,0,0,45000,-45000,-45000
062321,力成台新9B購01  ,0,0,0,0,0,0,0,0,0,-45000,0,0,0,5000,50000,-45000,-45000
059626,台積電凱基01購01,0,0,0,0,0,0,0,0,0,-45000,0,0,0,0,45000,-45000,-45000
054351,華新科國泰97購03,0,0,0,0,0,0,0,0,0,-45000,0,0,0,0,45000,-45000,-45000
055834,國巨元大97購13  ,0,0,0,0,0,0,0,0,0,-45000,0,0,0,7000,52000,-45000,-45000
055809,T50反1國票98購02,0,0,0,0,0,0,0,0,0,-45000,0,0,0,0,45000,-45000,-45000
054527,國巨統一97購03  ,0,0,0,0,0,0,0,0,0,-45000,0,0,0,235000,280000,-45000,-45000
059037,宏達電群益99購02,0,0,0,0,0,0,0,0,0,-45000,0,0,0,98000,143000,-45000,-45000
060063,可成兆豐9B購01  ,0,0,0,0,0,0,0,0,0,-45000,0,0,0,0,45000,-45000,-45000
060089,台積電元大99購54,0,0,0,0,0,0,0,0,0,-45000,0,0,0,55000,100000,-45000,-45000
060314,元翎永豐9A購01  ,0,0,0,0,0,0,0,0,0,-45000,0,0,0,0,45000,-45000,-45000
060296,和碩元大9A購01  ,0,0,0,0,0,0,0,0,0,-45000,0,0,0,75000,120000,-45000,-45000
060260,京鼎凱基9C購01  ,0,0,0,0,0,0,0,0,0,-45000,0,0,0,1000,46000,-45000,-45000
056685,光罩統一98購03  ,0,0,0,0,0,0,0,0,0,-45000,0,0,0,0,45000,-45000,-45000
058429,欣興元富99購01  ,0,0,0,0,0,0,0,0,0,-45000,0,0,0,2000,47000,-45000,-45000
059074,元油2X元大9C購15,0,0,0,0,0,0,0,0,0,-45000,0,0,0,6000,51000,-45000,-45000
05963P,貿聯國票97售02  ,0,0,0,0,0,0,0,0,0,-45000,0,0,0,18000,63000,-45000,-45000
058352,鴻海凱基9A購05  ,0,0,0,0,0,0,0,0,0,-45000,0,0,0,18000,63000,-45000,-45000
057480,技嘉元大98購03  ,0,0,0,0,0,0,0,0,0,-45000,0,0,0,12000,57000,-45000,-45000
059964,元金2X凱基99購02,0,0,0,0,0,0,0,0,0,-45000,0,0,0,55000,100000,-45000,-45000
057077,國巨統一98購06  ,0,0,0,0,0,0,0,0,0,-45000,0,0,0,0,45000,-45000,-45000
3607,谷崧            ,3000,48000,-45000,0,0,0,0,0,0,0,0,0,0,0,0,0,-45000
6235,華孚            ,5000,51000,-46000,0,0,0,0,0,0,1000,1000,0,1000,0,0,0,-45000
6192,巨路            ,3000,44000,-41000,0,0,0,0,0,0,-4000,0,4000,-4000,0,0,0,-45000
07729P,臺股指凱基9A售21,0,0,0,0,0,0,0,0,0,-45000,0,0,0,10000,55000,-45000,-45000
8101,華冠            ,69000,114000,-45000,0,0,0,0,0,0,0,0,0,0,0,0,0,-45000
06702P,智邦元富98售01  ,0,0,0,0,0,0,0,0,0,-46000,0,0,0,106000,152000,-46000,-46000
07252P,台灣50凱基99售01,0,0,0,0,0,0,0,0,0,-46000,0,0,0,30000,76000,-46000,-46000
051722,玉晶光永豐97購01,0,0,0,0,0,0,0,0,0,-46000,0,0,0,10000,56000,-46000,-46000
054188,欣興永豐96購03  ,0,0,0,0,0,0,0,0,0,-46000,0,0,0,100000,146000,-46000,-46000
059459,訊芯永豐99購04  ,0,0,0,0,0,0,0,0,0,-46000,0,0,0,35000,81000,-46000,-46000
056534,京元電凱基98購01,0,0,0,0,0,0,0,0,0,-46000,0,0,0,8000,54000,-46000,-46000
057470,易華電永豐98購02,0,0,0,0,0,0,0,0,0,-46000,0,0,0,1000,47000,-46000,-46000
058105,旺宏統一9A購02  ,0,0,0,0,0,0,0,0,0,-46000,0,0,0,16000,62000,-46000,-46000
058218,緯穎群益99購01  ,0,0,0,0,0,0,0,0,0,-46000,0,0,0,8000,54000,-46000,-46000
058224,世芯統一9B購02  ,0,0,0,0,0,0,0,0,0,-46000,0,0,0,84000,130000,-46000,-46000
1104,環泥            ,41000,87000,-46000,0,0,0,0,0,0,0,0,0,0,0,0,0,-46000
2015,豐興            ,32000,78000,-46000,0,0,0,0,0,0,0,0,0,0,0,0,0,-46000
2013,中鋼構          ,5000,51000,-46000,0,0,0,0,0,0,0,0,0,0,0,0,0,-46000
2374,佳能            ,6000,57000,-51000,0,0,0,0,0,0,5000,5000,0,5000,0,0,0,-46000
07247P,聯發科凱基9A售06,0,0,0,0,0,0,0,0,0,-47000,0,0,0,5000,52000,-47000,-47000
06936P,瑞儀元大98售01  ,0,0,0,0,0,0,0,0,0,-47000,0,0,0,115000,162000,-47000,-47000
06427P,鴻海元大97售13  ,0,0,0,0,0,0,0,0,0,-47000,0,0,0,59000,106000,-47000,-47000
060719,瀚宇博永豐9A購01,0,0,0,0,0,0,0,0,0,-47000,0,0,0,3000,50000,-47000,-47000
061144,玉晶光中信9B購02,0,0,0,0,0,0,0,0,0,-47000,0,0,0,180000,227000,-47000,-47000
061520,健策中信9A購01  ,0,0,0,0,0,0,0,0,0,-47000,0,0,0,0,47000,-47000,-47000
061260,台積電凱基9A購23,0,0,0,0,0,0,0,0,0,-47000,0,0,0,3000,50000,-47000,-47000
055689,台郡凱基99購01  ,0,0,0,0,0,0,0,0,0,-47000,0,0,0,10000,57000,-47000,-47000
058090,聯發科元大98購16,0,0,0,0,0,0,0,0,0,-47000,0,0,0,10000,57000,-47000,-47000
059008,鈺齊元大99購03  ,0,0,0,0,0,0,0,0,0,-47000,0,0,0,3000,50000,-47000,-47000
058989,茂林凱基99購02  ,0,0,0,0,0,0,0,0,0,-47000,0,0,0,0,47000,-47000,-47000
058637,晶技兆豐99購01  ,0,0,0,0,0,0,0,0,0,-47000,0,0,0,6000,53000,-47000,-47000
058849,奇力新群益99購02,0,0,0,0,0,0,0,0,0,-47000,0,0,0,195000,242000,-47000,-47000
057525,光磊元大99購01  ,0,0,0,0,0,0,0,0,0,-47000,0,0,0,3000,50000,-47000,-47000
057589,超眾國票9A購01  ,0,0,0,0,0,0,0,0,0,-47000,0,0,0,0,47000,-47000,-47000
057374,禾伸堂元大99購03,0,0,0,0,0,0,0,0,0,-47000,0,0,0,320000,367000,-47000,-47000
059955,美食康和99購01  ,0,0,0,0,0,0,0,0,0,-47000,0,0,0,31000,78000,-47000,-47000
056746,超眾凱基99購01  ,0,0,0,0,0,0,0,0,0,-47000,0,0,0,10000,57000,-47000,-47000
2107,厚生            ,95000,137000,-42000,0,0,0,0,0,0,-5000,0,5000,-5000,0,0,0,-47000
2539,櫻花建          ,3000,49000,-46000,0,0,0,0,0,0,-1000,0,1000,-1000,0,0,0,-47000
6224,聚鼎            ,31000,72000,-41000,0,0,0,0,0,0,-6000,1000,7000,-6000,0,0,0,-47000
1540,喬福            ,1000,48000,-47000,0,0,0,0,0,0,0,0,0,0,0,0,0,-47000
061669,崇越中信9A購01  ,0,0,0,0,0,0,0,0,0,-48000,0,0,0,85000,133000,-48000,-48000
061069,嘉聯益凱基9A購01,0,0,0,0,0,0,0,0,0,-48000,0,0,0,34000,82000,-48000,-48000
060866,世芯永豐9B購01  ,0,0,0,0,0,0,0,0,0,-48000,0,0,0,27000,75000,-48000,-48000
060818,上銀統一9C購01  ,0,0,0,0,0,0,0,0,0,-48000,0,0,0,47000,95000,-48000,-48000
06586P,鴻海元大9C售01  ,0,0,0,0,0,0,0,0,0,-48000,0,0,0,148000,196000,-48000,-48000
062177,上銀元大9B購02  ,0,0,0,0,0,0,0,0,0,-48000,0,0,0,0,48000,-48000,-48000
062003,國巨國泰01購01  ,0,0,0,0,0,0,0,0,0,-48000,0,0,0,33000,81000,-48000,-48000
062083,健策元大9C購03  ,0,0,0,0,0,0,0,0,0,-48000,0,0,0,104000,152000,-48000,-48000
054881,光罩統一97購01  ,0,0,0,0,0,0,0,0,0,-48000,0,0,0,0,48000,-48000,-48000
056156,禾伸堂凱基98購04,0,0,0,0,0,0,0,0,0,-48000,0,0,0,13000,61000,-48000,-48000
054478,可成中信97購01  ,0,0,0,0,0,0,0,0,0,-48000,0,0,0,2000,50000,-48000,-48000
056041,禾伸堂凱基98購03,0,0,0,0,0,0,0,0,0,-48000,0,0,0,0,48000,-48000,-48000
048652,巨大元大96購01  ,0,0,0,0,0,0,0,0,0,-48000,0,0,0,20000,68000,-48000,-48000
057357,超眾統一98購01  ,0,0,0,0,0,0,0,0,0,-48000,0,0,0,0,48000,-48000,-48000
057249,華邦電統一9A購01,0,0,0,0,0,0,0,0,0,-48000,0,0,0,0,48000,-48000,-48000
059830,台郡凱基99購05  ,0,0,0,0,0,0,0,0,0,-48000,0,0,0,20000,68000,-48000,-48000
057450,國泰金元富98購01,0,0,0,0,0,0,0,0,0,-48000,0,0,0,50000,98000,-48000,-48000
057486,美律元大98購04  ,0,0,0,0,0,0,0,0,0,-48000,0,0,0,20000,68000,-48000,-48000
058951,南電群益99購01  ,0,0,0,0,0,0,0,0,0,-48000,0,0,0,2000,50000,-48000,-48000
058035,旭富永豐98購02  ,0,0,0,0,0,0,0,0,0,-48000,0,0,0,110000,158000,-48000,-48000
060395,儒鴻國票9A購01  ,0,0,0,0,0,0,0,0,0,-48000,0,0,0,23000,71000,-48000,-48000
1437,勤益控          ,4000,52000,-48000,0,0,0,0,0,0,0,0,0,0,0,0,0,-48000
1503,士電            ,16000,61000,-45000,0,0,0,0,0,0,-3000,1000,4000,-3000,0,0,0,-48000
1702,南僑            ,69000,110000,-41000,0,0,0,0,0,0,-7000,0,7000,-7000,0,0,0,-48000
07660P,聯茂凱基9A售03  ,0,0,0,0,0,0,0,0,0,-48000,0,0,0,30000,78000,-48000,-48000
07667P,亞德客元大9A售05,0,0,0,0,0,0,0,0,0,-48000,0,0,0,17000,65000,-48000,-48000
062066,元黃金元大9B購01,0,0,0,0,0,0,0,0,0,-49000,0,0,0,1000,50000,-49000,-49000
06242P,大立光元富9A售02,0,0,0,0,0,0,0,0,0,-49000,0,0,0,4000,53000,-49000,-49000
060683,泰鼎元大9A購02  ,0,0,0,0,0,0,0,0,0,-49000,0,0,0,105000,154000,-49000,-49000
061713,華邦電凱基9A購01,0,0,0,0,0,0,0,0,0,-49000,0,0,0,20000,69000,-49000,-49000
052617,景碩國泰98購01  ,0,0,0,0,0,0,0,0,0,-49000,0,0,0,0,49000,-49000,-49000
052686,華新科元大96購03,0,0,0,0,0,0,0,0,0,-49000,0,0,0,0,49000,-49000,-49000
054913,億光凱基97購01  ,0,0,0,0,0,0,0,0,0,-49000,0,0,0,0,49000,-49000,-49000
060194,旭富元富9A購01  ,0,0,0,0,0,0,0,0,0,-49000,0,0,0,172000,221000,-49000,-49000
05783P,嘉澤元富96售01  ,0,0,0,0,0,0,0,0,0,-49000,0,0,0,381000,430000,-49000,-49000
057729,華新科國泰99購04,0,0,0,0,0,0,0,0,0,-49000,0,0,0,0,49000,-49000,-49000
058907,健策元大99購04  ,0,0,0,0,0,0,0,0,0,-49000,0,0,0,35000,84000,-49000,-49000
05880P,創意康和96售01  ,0,0,0,0,0,0,0,0,0,-49000,0,0,0,1000,50000,-49000,-49000
058768,南港兆豐99購01  ,0,0,0,0,0,0,0,0,0,-49000,0,0,0,121000,170000,-49000,-49000
058798,大立光元大99購11,0,0,0,0,0,0,0,0,0,-49000,0,0,0,0,49000,-49000,-49000
059205,元石油元大99購01,0,0,0,0,0,0,0,0,0,-49000,0,0,0,25000,74000,-49000,-49000
059847,喬山永豐99購01  ,0,0,0,0,0,0,0,0,0,-49000,0,0,0,0,49000,-49000,-49000
05723P,華通永豐96售03  ,0,0,0,0,0,0,0,0,0,-49000,0,0,0,0,49000,-49000,-49000
058517,景碩元大99購06  ,0,0,0,0,0,0,0,0,0,-49000,0,0,0,1000,50000,-49000,-49000
059993,上銀元富99購01  ,0,0,0,0,0,0,0,0,0,-49000,0,0,0,0,49000,-49000,-49000
08653P,台灣50凱基96售07,0,0,0,0,0,0,0,0,0,-49000,0,0,0,0,49000,-49000,-49000
2022,聚亨            ,5000,54000,-49000,0,0,0,0,0,0,0,0,0,0,0,0,0,-49000
061716,瑞儀凱基9B購01  ,0,0,0,0,0,0,0,0,0,-50000,0,0,0,38000,88000,-50000,-50000
061584,勤誠元大9A購01  ,0,0,0,0,0,0,0,0,0,-50000,0,0,0,154000,204000,-50000,-50000
061731,旺宏統一9B購06  ,0,0,0,0,0,0,0,0,0,-50000,0,0,0,0,50000,-50000,-50000
061766,華新科元大9B購02,0,0,0,0,0,0,0,0,0,-50000,0,0,0,5000,55000,-50000,-50000
061799,奇鋐永豐9B購01  ,0,0,0,0,0,0,0,0,0,-50000,0,0,0,12000,62000,-50000,-50000
061402,矽創兆豐9B購01  ,0,0,0,0,0,0,0,0,0,-50000,0,0,0,10000,60000,-50000,-50000
060823,旺宏元大9A購05  ,0,0,0,0,0,0,0,0,0,-50000,0,0,0,22000,72000,-50000,-50000
060508,聯發科元大9A購04,0,0,0,0,0,0,0,0,0,-50000,0,0,0,0,50000,-50000,-50000
060854,台積電富邦9C購08,0,0,0,0,0,0,0,0,0,-50000,0,0,0,20000,70000,-50000,-50000
060916,金像電國泰9C購01,0,0,0,0,0,0,0,0,0,-50000,0,0,0,324000,374000,-50000,-50000
060982,旺宏元大9A購09  ,0,0,0,0,0,0,0,0,0,-50000,0,0,0,0,50000,-50000,-50000
061995,超眾元大01購01  ,0,0,0,0,0,0,0,0,0,-50000,0,0,0,0,50000,-50000,-50000
061991,牧德元大9C購01  ,0,0,0,0,0,0,0,0,0,-50000,0,0,0,0,50000,-50000,-50000
062090,南電元大9B購02  ,0,0,0,0,0,0,0,0,0,-50000,0,0,0,0,50000,-50000,-50000
062255,聯發科元大9B購07,0,0,0,0,0,0,0,0,0,-50000,0,0,0,0,50000,-50000,-50000
062189,康控元大9B購02  ,0,0,0,0,0,0,0,0,0,-50000,0,0,0,0,50000,-50000,-50000
06398P,禾伸堂凱基97售02,0,0,0,0,0,0,0,0,0,-50000,0,0,0,0,50000,-50000,-50000
06915P,晶技元富98售02  ,0,0,0,0,0,0,0,0,0,-50000,0,0,0,0,50000,-50000,-50000
06946P,T50正2元大9C售01,0,0,0,0,0,0,0,0,0,-50000,0,0,0,0,50000,-50000,-50000
07031P,台灣50中信03售02,0,0,0,0,0,0,0,0,0,-50000,0,0,0,0,50000,-50000,-50000
07290P,台灣50凱基9A售08,0,0,0,0,0,0,0,0,0,-50000,0,0,0,0,50000,-50000,-50000
054890,聯鈞統一99購01  ,0,0,0,0,0,0,0,0,0,-50000,0,0,0,50000,100000,-50000,-50000
054921,文曄凱基97購01  ,0,0,0,0,0,0,0,0,0,-50000,0,0,0,0,50000,-50000,-50000
054640,健策中信9B購01  ,0,0,0,0,0,0,0,0,0,-50000,0,0,0,0,50000,-50000,-50000
055779,國泰金凱基97購02,0,0,0,0,0,0,0,0,0,-50000,0,0,0,0,50000,-50000,-50000
053804,富邦金凱基96購01,0,0,0,0,0,0,0,0,0,-50000,0,0,0,0,50000,-50000,-50000
054807,台化元大9A購02  ,0,0,0,0,0,0,0,0,0,-50000,0,0,0,0,50000,-50000,-50000
055953,上銀元大97購09  ,0,0,0,0,0,0,0,0,0,-50000,0,0,0,0,50000,-50000,-50000
055019,福懋科元富97購01,0,0,0,0,0,0,0,0,0,-50000,0,0,0,0,50000,-50000,-50000
055358,臻鼎凱基97購01  ,0,0,0,0,0,0,0,0,0,-50000,0,0,0,0,50000,-50000,-50000
059174,訊芯凱基99購01  ,0,0,0,0,0,0,0,0,0,-50000,0,0,0,25000,75000,-50000,-50000
052011,欣興中信96購01  ,0,0,0,0,0,0,0,0,0,-50000,0,0,0,0,50000,-50000,-50000
052939,富邦金兆豐96購01,0,0,0,0,0,0,0,0,0,-50000,0,0,0,0,50000,-50000,-50000
051898,富邦金國泰97購01,0,0,0,0,0,0,0,0,0,-50000,0,0,0,0,50000,-50000,-50000
056230,可成凱基98購03  ,0,0,0,0,0,0,0,0,0,-50000,0,0,0,0,50000,-50000,-50000
056239,宏達電群益98購01,0,0,0,0,0,0,0,0,0,-50000,0,0,0,0,50000,-50000,-50000
053744,台郡國票97購03  ,0,0,0,0,0,0,0,0,0,-50000,0,0,0,5000,55000,-50000,-50000
053721,國泰金凱基97購01,0,0,0,0,0,0,0,0,0,-50000,0,0,0,0,50000,-50000,-50000
049335,聯電統一97購01  ,0,0,0,0,0,0,0,0,0,-50000,0,0,0,0,50000,-50000,-50000
050161,鴻海國泰96購03  ,0,0,0,0,0,0,0,0,0,-50000,0,0,0,0,50000,-50000,-50000
052307,潤泰全國泰96購01,0,0,0,0,0,0,0,0,0,-50000,0,0,0,0,50000,-50000,-50000
050378,上証2X群益98購02,0,0,0,0,0,0,0,0,0,-50000,0,0,0,0,50000,-50000,-50000
00672L,元大S&P原油正2  ,0,50000,-50000,0,0,0,0,0,0,0,0,0,0,40000,40000,0,-50000
059980,台積電元大99購50,0,0,0,0,0,0,0,0,0,-50000,0,0,0,0,50000,-50000,-50000
059988,大立光元大9A購02,0,0,0,0,0,0,0,0,0,-50000,0,0,0,0,50000,-50000,-50000
056417,欣興中信98購01  ,0,0,0,0,0,0,0,0,0,-50000,0,0,0,107000,157000,-50000,-50000
056743,貿聯凱基98購04  ,0,0,0,0,0,0,0,0,0,-50000,0,0,0,0,50000,-50000,-50000
056470,旺宏元大99購01  ,0,0,0,0,0,0,0,0,0,-50000,0,0,0,0,50000,-50000,-50000
057109,信邦群益98購01  ,0,0,0,0,0,0,0,0,0,-50000,0,0,0,0,50000,-50000,-50000
057164,國巨元大98購14  ,0,0,0,0,0,0,0,0,0,-50000,0,0,0,0,50000,-50000,-50000
058521,日月光元大99購01,0,0,0,0,0,0,0,0,0,-50000,0,0,0,0,50000,-50000,-50000
057072,日月光永豐98購01,0,0,0,0,0,0,0,0,0,-50000,0,0,0,0,50000,-50000,-50000
057421,智原凱基98購04  ,0,0,0,0,0,0,0,0,0,-50000,0,0,0,0,50000,-50000,-50000
058421,國泰金麥證01購01,0,0,0,0,50000,-50000,0,0,0,-50000,0,0,0,0,50000,-50000,-50000
056544,貿聯凱基98購03  ,0,0,0,0,0,0,0,0,0,-50000,0,0,0,0,50000,-50000,-50000
056549,嘉聯益凱基98購04,0,0,0,0,0,0,0,0,0,-50000,0,0,0,0,50000,-50000,-50000
058814,南亞科台新99購01,0,0,0,0,0,0,0,0,0,-50000,0,0,0,0,50000,-50000,-50000
056902,大立光元大98購12,0,0,0,0,0,0,0,0,0,-50000,0,0,0,20000,70000,-50000,-50000
056903,大立光元大99購04,0,0,0,0,0,0,0,0,0,-50000,0,0,0,0,50000,-50000,-50000
058249,緯穎元大99購04  ,0,0,0,0,0,0,0,0,0,-50000,0,0,0,30000,80000,-50000,-50000
057893,亞德客元富98購03,0,0,0,0,0,0,0,0,0,-50000,0,0,0,0,50000,-50000,-50000
057915,台泥凱基98購01  ,0,0,0,0,0,0,0,0,0,-50000,0,0,0,0,50000,-50000,-50000
057733,嘉聯益國泰99購01,0,0,0,0,0,0,0,0,0,-50000,0,0,0,0,50000,-50000,-50000
058739,喬山中信99購01  ,0,0,0,0,0,0,0,0,0,-50000,0,0,0,0,50000,-50000,-50000
058696,元油2X元大9C購04,0,0,0,0,0,0,0,0,0,-50000,0,0,0,0,50000,-50000,-50000
060186,義隆元富9A購01  ,0,0,0,0,0,0,0,0,0,-50000,0,0,0,23000,73000,-50000,-50000
060241,國泰金元大9A購01,0,0,0,0,0,0,0,0,0,-50000,0,0,0,0,50000,-50000,-50000
060254,世紀鋼元大9A購01,0,0,0,0,0,0,0,0,0,-50000,0,0,0,3000,53000,-50000,-50000
060346,華新科統一01購01,0,0,0,0,0,0,0,0,0,-50000,0,0,0,2000,52000,-50000,-50000
07358P,鴻海元大99售39  ,0,0,0,0,0,0,0,0,0,-51000,0,0,0,50000,101000,-51000,-51000
061614,亞德客群益9A購01,0,0,0,0,0,0,0,0,0,-51000,0,0,0,11000,62000,-51000,-51000
061666,友達中信01購01  ,0,0,0,0,0,0,0,0,0,-51000,0,0,0,0,51000,-51000,-51000
049871,T50反1台新9A購02,0,0,0,0,0,0,0,0,0,-51000,0,0,0,0,51000,-51000,-51000
056301,開發金元大9A購01,0,0,0,0,0,0,0,0,0,-51000,0,0,0,20000,71000,-51000,-51000
059539,緯穎凱基99購03  ,0,0,0,0,0,0,0,0,0,-51000,0,0,0,13000,64000,-51000,-51000
054632,緯穎凱基9A購01  ,0,0,0,0,0,0,0,0,0,-51000,0,0,0,0,51000,-51000,-51000
054662,同欣電元大97購02,0,0,0,0,0,0,0,0,0,-51000,0,0,0,90000,141000,-51000,-51000
060278,道瓊反元大9A購03,0,0,0,0,0,0,0,0,0,-51000,0,0,0,9000,60000,-51000,-51000
057774,台光電群益99購02,0,0,0,0,0,0,0,0,0,-51000,0,0,0,0,51000,-51000,-51000
058180,華新科國泰9A購01,0,0,0,0,0,0,0,0,0,-51000,0,0,0,165000,216000,-51000,-51000
058077,超眾凱基98購02  ,0,0,0,0,0,0,0,0,0,-51000,0,0,0,27000,78000,-51000,-51000
058322,玉晶光永豐99購02,0,0,0,0,0,0,0,0,0,-51000,0,0,0,9000,60000,-51000,-51000
059669,台灣50元富9B購05,0,0,0,0,0,0,0,0,0,-51000,0,0,0,6000,57000,-51000,-51000
059806,聯發科元富99購08,0,0,0,0,0,0,0,0,0,-51000,0,0,0,0,51000,-51000,-51000
058402,欣興元大99購04  ,0,0,0,0,0,0,0,0,0,-51000,0,0,0,105000,156000,-51000,-51000
2514,龍邦            ,16000,67000,-51000,0,0,0,0,0,0,0,0,0,0,0,0,0,-51000
061615,鴻海群益9A購06  ,0,0,0,0,0,0,0,0,0,-52000,0,0,0,139000,191000,-52000,-52000
061572,奇力新元大9A購04,0,0,0,0,0,0,0,0,0,-52000,0,0,0,11000,63000,-52000,-52000
061287,大立光統一9B購06,0,0,0,0,0,0,0,0,0,-52000,0,0,0,0,52000,-52000,-52000
060698,旺宏國泰9C購01  ,0,0,0,0,0,0,0,0,0,-52000,0,0,0,10000,62000,-52000,-52000
06867P,訊芯元大98售08  ,0,0,0,0,0,0,0,0,0,-52000,0,0,0,90000,142000,-52000,-52000
062231,台光電麥證9C購01,0,0,0,0,52000,-52000,0,0,0,-52000,0,0,0,0,52000,-52000,-52000
062507,臺股指群益9B購02,0,0,0,0,0,0,0,0,0,-52000,0,0,0,0,52000,-52000,-52000
06320P,上銀統一97售04  ,0,0,0,0,0,0,0,0,0,-52000,0,0,0,27000,79000,-52000,-52000
06338P,亞德客統一97售02,0,0,0,0,0,0,0,0,0,-52000,0,0,0,59000,111000,-52000,-52000
05570P,聯發科統一96售04,0,0,0,0,0,0,0,0,0,-52000,0,0,0,19000,71000,-52000,-52000
059341,台積電凱基99購15,0,0,0,0,0,0,0,0,0,-52000,0,0,0,13000,65000,-52000,-52000
046942,友達元大99購01  ,0,0,0,0,0,0,0,0,0,-52000,0,0,0,17000,69000,-52000,-52000
059643,日月光凱基99購02,0,0,0,0,0,0,0,0,0,-52000,0,0,0,17000,69000,-52000,-52000
058912,祥碩元大99購01  ,0,0,0,0,0,0,0,0,0,-52000,0,0,0,192000,244000,-52000,-52000
057738,旺宏富邦9A購01  ,0,0,0,0,0,0,0,0,0,-52000,0,0,0,10000,62000,-52000,-52000
060228,亞德客元大9A購01,0,0,0,0,0,0,0,0,0,-52000,0,0,0,33000,85000,-52000,-52000
1338,廣華-KY         ,49000,98000,-49000,0,0,0,0,0,0,-3000,0,3000,-3000,0,0,0,-52000
1442,名軒            ,26000,59000,-33000,0,0,0,0,0,0,-19000,0,19000,-19000,0,0,0,-52000
07777P,創意元大9A售03  ,0,0,0,0,0,0,0,0,0,-52000,0,0,0,22000,74000,-52000,-52000
07817P,同欣電群益9A售02,0,0,0,0,0,0,0,0,0,-52000,0,0,0,13000,65000,-52000,-52000
062456,台積電群益9B購05,0,0,0,0,0,0,0,0,0,-53000,0,0,0,1000,54000,-53000,-53000
06737P,台郡凱基98售07  ,0,0,0,0,0,0,0,0,0,-53000,0,0,0,20000,73000,-53000,-53000
060868,致伸永豐9A購01  ,0,0,0,0,0,0,0,0,0,-53000,0,0,0,1000,54000,-53000,-53000
048653,巨大元大96購02  ,0,0,0,0,0,0,0,0,0,-53000,0,0,0,21000,74000,-53000,-53000
056250,瑞昱兆豐97購02  ,0,0,0,0,0,0,0,0,0,-53000,0,0,0,0,53000,-53000,-53000
054216,聯茂國票97購03  ,0,0,0,0,0,0,0,0,0,-53000,0,0,0,38000,91000,-53000,-53000
057727,華邦電國泰9A購01,0,0,0,0,0,0,0,0,0,-53000,0,0,0,100000,153000,-53000,-53000
058909,神達元大99購03  ,0,0,0,0,0,0,0,0,0,-53000,0,0,0,7000,60000,-53000,-53000
059064,緯穎凱基99購02  ,0,0,0,0,0,0,0,0,0,-53000,0,0,0,76000,129000,-53000,-53000
058258,世芯國泰9A購01  ,0,0,0,0,0,0,0,0,0,-53000,0,0,0,360000,413000,-53000,-53000
059640,聯詠凱基99購04  ,0,0,0,0,0,0,0,0,0,-53000,0,0,0,5000,58000,-53000,-53000
058328,世紀鋼統一9B購01,0,0,0,0,0,0,0,0,0,-53000,0,0,0,20000,73000,-53000,-53000
057413,臺股指群益9C購04,0,0,0,0,0,0,0,0,0,-53000,0,0,0,12000,65000,-53000,-53000
057349,聯發科統一98購04,0,0,0,0,0,0,0,0,0,-53000,0,0,0,90000,143000,-53000,-53000
056770,國產元大98購02  ,0,0,0,0,0,0,0,0,0,-53000,0,0,0,15000,68000,-53000,-53000
9924,福興            ,13000,65000,-52000,0,0,0,0,0,0,-1000,0,1000,-1000,0,0,0,-53000
060932,南六永豐9A購02  ,0,0,0,0,0,0,0,0,0,-54000,0,0,0,30000,84000,-54000,-54000
060835,亞德客國票9A購01,0,0,0,0,0,0,0,0,0,-54000,0,0,0,19000,73000,-54000,-54000
060678,聯詠元大9A購03  ,0,0,0,0,0,0,0,0,0,-54000,0,0,0,23000,77000,-54000,-54000
061212,聯鈞元大9A購04  ,0,0,0,0,0,0,0,0,0,-54000,0,0,0,36000,90000,-54000,-54000
061222,台灣50中信9A購02,0,0,0,0,0,0,0,0,0,-54000,0,0,0,10000,64000,-54000,-54000
06846P,美律元大98售05  ,0,0,0,0,0,0,0,0,0,-54000,0,0,0,0,54000,-54000,-54000
062203,燿華國票9C購01  ,0,0,0,0,0,0,0,0,0,-54000,0,0,0,0,54000,-54000,-54000
056352,鴻海元大99購01  ,0,0,0,0,0,0,0,0,0,-54000,0,0,0,100000,154000,-54000,-54000
060242,潤泰全元大9C購01,0,0,0,0,0,0,0,0,0,-54000,0,0,0,0,54000,-54000,-54000
060189,宏達電元富9B購03,0,0,0,0,0,0,0,0,0,-54000,0,0,0,0,54000,-54000,-54000
4536,拓凱            ,153000,206000,-53000,0,0,0,40000,36000,4000,-5000,0,0,0,0,5000,-5000,-54000
062158,禾伸堂凱基9B購01,0,0,0,0,0,0,0,0,0,-55000,0,0,0,0,55000,-55000,-55000
061942,亞德客群益9B購01,0,0,0,0,0,0,0,0,0,-55000,0,0,0,11000,66000,-55000,-55000
06752P,訊芯凱基98售05  ,0,0,0,0,0,0,0,0,0,-55000,0,0,0,0,55000,-55000,-55000
061576,華新科元大9A購21,0,0,0,0,0,0,0,0,0,-55000,0,0,0,0,55000,-55000,-55000
061597,南六永豐9A購04  ,0,0,0,0,0,0,0,0,0,-55000,0,0,0,101000,156000,-55000,-55000
061873,友達元大9C購07  ,0,0,0,0,0,0,0,0,0,-55000,0,0,0,0,55000,-55000,-55000
060654,大毅群益9B購01  ,0,0,0,0,0,0,0,0,0,-55000,0,0,0,107000,162000,-55000,-55000
060622,玉晶光元大9B購02,0,0,0,0,0,0,0,0,0,-55000,0,0,0,0,55000,-55000,-55000
060926,宏達電永豐9A購01,0,0,0,0,0,0,0,0,0,-55000,0,0,0,0,55000,-55000,-55000
06021P,世紀鋼元富96售03,0,0,0,0,0,0,0,0,0,-55000,0,0,0,175000,230000,-55000,-55000
058738,FBVIX中信03購04 ,0,0,0,0,0,0,0,0,0,-55000,0,0,0,9000,64000,-55000,-55000
059742,富邦金元富99購01,0,0,0,0,0,0,0,0,0,-55000,0,0,0,0,55000,-55000,-55000
058154,泰碩統一9A購01  ,0,0,0,0,0,0,0,0,0,-55000,0,0,0,0,55000,-55000,-55000
058113,百和元富98購01  ,0,0,0,0,0,0,0,0,0,-55000,0,0,0,30000,85000,-55000,-55000
057627,和大永豐98購01  ,0,0,0,0,0,0,0,0,0,-55000,0,0,0,0,55000,-55000,-55000
057650,力成元大98購04  ,0,0,0,0,0,0,0,0,0,-55000,0,0,0,0,55000,-55000,-55000
2636,台驊投控        ,3000,57000,-54000,0,0,0,0,0,0,-1000,0,1000,-1000,0,0,0,-55000
1589,永冠-KY         ,49000,54000,-5000,0,0,0,0,0,0,-50000,13000,63000,-50000,0,0,0,-55000
07990P,緯穎凱基9B售02  ,0,0,0,0,0,0,0,0,0,-55000,0,0,0,3000,58000,-55000,-55000
07967P,力山元大9B售03  ,0,0,0,0,0,0,0,0,0,-55000,0,0,0,14000,69000,-55000,-55000
061704,景碩國票9A購01  ,0,0,0,0,0,0,0,0,0,-56000,0,0,0,49000,105000,-56000,-56000
061698,智邦國票9A購04  ,0,0,0,0,0,0,0,0,0,-56000,0,0,0,8000,64000,-56000,-56000
061296,台積電國泰9C購01,0,0,0,0,0,0,0,0,0,-56000,0,0,0,82000,138000,-56000,-56000
07104P,聯發科元富99售04,0,0,0,0,0,0,0,0,0,-56000,0,0,0,9000,65000,-56000,-56000
062009,聯發科國泰01購01,0,0,0,0,0,0,0,0,0,-56000,0,0,0,55000,111000,-56000,-56000
062094,台積電富邦9C購12,0,0,0,0,0,0,0,0,0,-56000,0,0,0,0,56000,-56000,-56000
062559,嘉晶凱基9B購02  ,0,0,0,0,0,0,0,0,0,-56000,0,0,0,91000,147000,-56000,-56000
049539,元油2X群益9A購01,0,0,0,0,0,0,0,0,0,-56000,0,0,0,0,56000,-56000,-56000
00660,元大歐洲50      ,0,0,0,0,0,0,0,0,0,-56000,0,0,0,2000,58000,-56000,-56000
054806,台化元大9A購01  ,0,0,0,0,0,0,0,0,0,-56000,0,0,0,0,56000,-56000,-56000
057009,信邦中信99購01  ,0,0,0,0,0,0,0,0,0,-56000,0,0,0,174000,230000,-56000,-56000
057369,奇力新元大99購05,0,0,0,0,0,0,0,0,0,-56000,0,0,0,18000,74000,-56000,-56000
057120,茂林康和98購01  ,0,0,0,0,0,0,0,0,0,-56000,0,0,0,12000,68000,-56000,-56000
059201,祥碩永豐99購02  ,0,0,0,0,0,0,0,0,0,-56000,0,0,0,119000,175000,-56000,-56000
058772,茂林兆豐9A購01  ,0,0,0,0,0,0,0,0,0,-56000,0,0,0,1000,57000,-56000,-56000
057451,大立光元富9B購01,0,0,0,0,0,0,0,0,0,-56000,0,0,0,32000,88000,-56000,-56000
058225,旺宏元富99購01  ,0,0,0,0,0,0,0,0,0,-56000,0,0,0,0,56000,-56000,-56000
060488,台灣50群益9C購01,0,0,0,0,0,0,0,0,0,-56000,0,0,0,1000,57000,-56000,-56000
1452,宏益            ,0,38000,-38000,0,0,0,0,0,0,-18000,0,18000,-18000,0,0,0,-56000
062124,大立光統一9B購09,0,0,0,0,0,0,0,0,0,-57000,0,0,0,0,57000,-57000,-57000
062184,奇鋐元大9B購02  ,0,0,0,0,0,0,0,0,0,-57000,0,0,0,0,57000,-57000,-57000
06849P,欣興元大98售12  ,0,0,0,0,0,0,0,0,0,-57000,0,0,0,59000,116000,-57000,-57000
06624P,訊芯元大98售06  ,0,0,0,0,0,0,0,0,0,-57000,0,0,0,25000,82000,-57000,-57000
059278,群創元大9A購04  ,0,0,0,0,0,0,0,0,0,-57000,0,0,0,161000,218000,-57000,-57000
059503,大立光富邦9B購04,0,0,0,0,0,0,0,0,0,-57000,0,0,0,10000,67000,-57000,-57000
052681,T50反1元大98購02,0,0,0,0,0,0,0,0,0,-57000,0,0,0,37000,94000,-57000,-57000
060236,精元元大9C購01  ,0,0,0,0,0,0,0,0,0,-57000,0,0,0,5000,62000,-57000,-57000
058720,旭富元富99購01  ,0,0,0,0,0,0,0,0,0,-57000,0,0,0,81000,138000,-57000,-57000
057816,欣興元大98購13  ,0,0,0,0,0,0,0,0,0,-57000,0,0,0,18000,75000,-57000,-57000
059047,元油2X凱基9A購10,0,0,0,0,0,0,0,0,0,-57000,0,0,0,173000,230000,-57000,-57000
058908,貿聯元大99購03  ,0,0,0,0,0,0,0,0,0,-57000,0,0,0,43000,100000,-57000,-57000
057424,訊芯凱基98購04  ,0,0,0,0,0,0,0,0,0,-57000,0,0,0,0,57000,-57000,-57000
057307,瀚宇博兆豐99購01,0,0,0,0,0,0,0,0,0,-57000,0,0,0,57000,114000,-57000,-57000
06263P,燿華凱基97售04  ,0,0,0,0,0,0,0,0,0,-58000,0,0,0,1000,59000,-58000,-58000
060913,宏達電元大9A購03,0,0,0,0,0,0,0,0,0,-58000,0,0,0,10000,68000,-58000,-58000
061013,台積電麥證9A購03,0,0,0,0,58000,-58000,0,0,0,-58000,0,0,0,0,58000,-58000,-58000
060700,華新科國泰9C購01,0,0,0,0,0,0,0,0,0,-58000,0,0,0,101000,159000,-58000,-58000
056302,大立光元大97購17,0,0,0,0,0,0,0,0,0,-58000,0,0,0,10000,68000,-58000,-58000
056247,台郡群益97購01  ,0,0,0,0,0,0,0,0,0,-58000,0,0,0,10000,68000,-58000,-58000
053186,健策中信9C購01  ,0,0,0,0,0,0,0,0,0,-58000,0,0,0,17000,75000,-58000,-58000
059504,台灣50永豐99購08,0,0,0,0,0,0,0,0,0,-58000,0,0,0,0,58000,-58000,-58000
055059,健和興永豐97購01,0,0,0,0,0,0,0,0,0,-58000,0,0,0,0,58000,-58000,-58000
055776,宏達電凱基98購02,0,0,0,0,0,0,0,0,0,-58000,0,0,0,0,58000,-58000,-58000
057649,嘉聯益元大99購04,0,0,0,0,0,0,0,0,0,-58000,0,0,0,10000,68000,-58000,-58000
059814,SP黃豆凱基9A購02,0,0,0,0,0,0,0,0,0,-58000,0,0,0,0,58000,-58000,-58000
058439,玉晶光統一01購02,0,0,0,0,0,0,0,0,0,-58000,0,0,0,74000,132000,-58000,-58000
058550,南亞科永豐99購01,0,0,0,0,0,0,0,0,0,-58000,0,0,0,10000,68000,-58000,-58000
2010,春源            ,17000,75000,-58000,0,0,0,0,0,0,0,0,0,0,0,0,0,-58000
2431,聯昌            ,13000,71000,-58000,0,0,0,0,0,0,0,0,0,0,0,0,0,-58000
061206,旺宏元大9A購12  ,0,0,0,0,0,0,0,0,0,-59000,0,0,0,11000,70000,-59000,-59000
062071,華通元大9B購02  ,0,0,0,0,0,0,0,0,0,-59000,0,0,0,62000,121000,-59000,-59000
05624P,同欣電中信98售01,0,0,0,0,0,0,0,0,0,-59000,0,0,0,0,59000,-59000,-59000
058017,漢唐凱基99購01  ,0,0,0,0,0,0,0,0,0,-59000,0,0,0,160000,219000,-59000,-59000
060085,華通元大99購10  ,0,0,0,0,0,0,0,0,0,-59000,0,0,0,6000,65000,-59000,-59000
060285,聯電元大9C購01  ,0,0,0,0,0,0,0,0,0,-59000,0,0,0,1000,60000,-59000,-59000
060328,可成群益9A購06  ,0,0,0,0,0,0,0,0,0,-59000,0,0,0,0,59000,-59000,-59000
060421,華擎永豐9A購01  ,0,0,0,0,0,0,0,0,0,-59000,0,0,0,41000,100000,-59000,-59000
059203,勤誠永豐99購02  ,0,0,0,0,0,0,0,0,0,-59000,0,0,0,2000,61000,-59000,-59000
2062,橋椿            ,2000,63000,-61000,0,0,0,0,0,0,2000,2000,0,2000,0,0,0,-59000
2615,萬海            ,248000,281000,-33000,0,0,0,0,0,0,-26000,0,26000,-26000,0,0,0,-59000
2897,王道銀行        ,53000,145000,-92000,0,0,0,0,0,0,33000,33000,0,33000,0,0,0,-59000
07976P,聯發科群益9C售02,0,0,0,0,0,0,0,0,0,-59000,0,0,0,30000,89000,-59000,-59000
062243,臺指反元大02購04,0,0,0,0,0,0,0,0,0,-60000,0,0,0,0,60000,-60000,-60000
062618,祥碩元大9B購04  ,0,0,0,0,0,0,0,0,0,-60000,0,0,0,41000,101000,-60000,-60000
06514P,國巨凱基98售05  ,0,0,0,0,0,0,0,0,0,-60000,0,0,0,41000,101000,-60000,-60000
06507P,台表科國票99售01,0,0,0,0,0,0,0,0,0,-60000,0,0,0,0,60000,-60000,-60000
06845P,億光元大98售02  ,0,0,0,0,0,0,0,0,0,-60000,0,0,0,10000,70000,-60000,-60000
061233,國巨元大9A購17  ,0,0,0,0,0,0,0,0,0,-60000,0,0,0,0,60000,-60000,-60000
061205,旺宏元大9A購11  ,0,0,0,0,0,0,0,0,0,-60000,0,0,0,0,60000,-60000,-60000
061592,義隆永豐9A購03  ,0,0,0,0,0,0,0,0,0,-60000,0,0,0,0,60000,-60000,-60000
061582,麗豐元大9A購01  ,0,0,0,0,0,0,0,0,0,-60000,0,0,0,8000,68000,-60000,-60000
051902,T50反1元大97購01,0,0,0,0,0,0,0,0,0,-60000,0,0,0,20000,80000,-60000,-60000
049947,S&P反1中信97購01,0,0,0,0,0,0,0,0,0,-60000,0,0,0,0,60000,-60000,-60000
05024P,華通國票96售01  ,0,0,0,0,0,0,0,0,0,-60000,0,0,0,0,60000,-60000,-60000
054726,台積電日盛97購01,0,0,0,0,0,0,0,0,0,-60000,0,0,0,0,60000,-60000,-60000
053947,義隆富邦97購01  ,0,0,0,0,0,0,0,0,0,-60000,0,0,0,43000,103000,-60000,-60000
054866,宏盛群益98購01  ,0,0,0,0,0,0,0,0,0,-60000,0,0,0,0,60000,-60000,-60000
054894,GIS統一97購01   ,0,0,0,0,0,0,0,0,0,-60000,0,0,0,50000,110000,-60000,-60000
055340,華新科日盛97購01,0,0,0,0,0,0,0,0,0,-60000,0,0,0,0,60000,-60000,-60000
059466,國巨元大99購26  ,0,0,0,0,0,0,0,0,0,-60000,0,0,0,0,60000,-60000,-60000
059073,元油2X元大9C購14,0,0,0,0,0,0,0,0,0,-60000,0,0,0,0,60000,-60000,-60000
059076,FBVIX元大99購04 ,0,0,0,0,0,0,0,0,0,-60000,0,0,0,0,60000,-60000,-60000
059086,國巨元大99購18  ,0,0,0,0,0,0,0,0,0,-60000,0,0,0,94000,154000,-60000,-60000
056776,聯茂元大99購01  ,0,0,0,0,0,0,0,0,0,-60000,0,0,0,0,60000,-60000,-60000
060310,瑞昱永豐9A購01  ,0,0,0,0,0,0,0,0,0,-60000,0,0,0,0,60000,-60000,-60000
060287,燿華元大9A購01  ,0,0,0,0,0,0,0,0,0,-60000,0,0,0,0,60000,-60000,-60000
060160,聯陽永豐9A購01  ,1000,0,1000,0,0,0,0,0,0,-61000,0,0,0,18000,79000,-61000,-60000
060093,友達元大03購01  ,0,0,0,0,0,0,0,0,0,-60000,0,0,0,10000,70000,-60000,-60000
060072,國巨元富99購04  ,0,0,0,0,0,0,0,0,0,-60000,0,0,0,30000,90000,-60000,-60000
058625,旺宏國票9A購01  ,0,0,0,0,0,0,0,0,0,-60000,0,0,0,0,60000,-60000,-60000
058611,欣興元大99購06  ,0,0,0,0,0,0,0,0,0,-60000,0,0,0,5000,65000,-60000,-60000
2923,鼎固-KY         ,4000,64000,-60000,0,0,0,0,0,0,0,0,0,0,0,0,0,-60000
3617,碩天            ,4000,61000,-57000,0,0,0,0,0,0,-3000,1000,4000,-3000,0,0,0,-60000
6206,飛捷            ,9000,67000,-58000,0,0,0,0,0,0,-2000,0,2000,-2000,0,0,0,-60000
6605,帝寶            ,20000,80000,-60000,0,0,0,0,0,0,0,0,0,0,0,0,0,-60000
2727,王品            ,16001,77000,-60999,0,0,0,0,0,0,0,0,0,0,0,0,0,-60999
061304,創意永豐9A購02  ,0,0,0,0,0,0,0,0,0,-61000,0,0,0,38000,99000,-61000,-61000
06783P,亞光元大98售03  ,0,0,0,0,0,0,0,0,0,-61000,0,0,0,101000,162000,-61000,-61000
07211P,南亞科凱基99售05,0,0,0,0,0,0,0,0,0,-61000,0,0,0,17000,78000,-61000,-61000
062505,祥碩群益9B購03  ,0,0,0,0,0,0,0,0,0,-61000,0,0,0,20000,81000,-61000,-61000
062183,奇鋐元大9B購01  ,0,0,0,0,0,0,0,0,0,-61000,0,0,0,70000,131000,-61000,-61000
062200,臺指反國票03購01,0,0,0,0,0,0,0,0,0,-61000,0,0,0,0,61000,-61000,-61000
053111,緯創兆豐97購01  ,0,0,0,0,0,0,0,0,0,-61000,0,0,0,15000,76000,-61000,-61000
058237,嘉晶元大99購04  ,0,0,0,0,0,0,0,0,0,-61000,0,0,0,30000,91000,-61000,-61000
057179,可成元大98購04  ,0,0,0,0,0,0,0,0,0,-61000,0,0,0,11000,72000,-61000,-61000
056407,嘉晶國票99購01  ,0,0,0,0,0,0,0,0,0,-61000,0,0,0,44000,105000,-61000,-61000
1340,勝悅-KY         ,4000,66000,-62000,0,0,0,0,0,0,1000,1000,0,1000,0,0,0,-61000
1582,信錦            ,31000,64000,-33000,0,0,0,0,0,0,-28000,1000,25000,-24000,0,4000,-4000,-61000
07798P,同欣電國票9A售01,0,0,0,0,0,0,0,0,0,-61000,0,0,0,95000,156000,-61000,-61000
07853P,國巨凱基9A售19  ,0,0,0,0,0,0,0,0,0,-61000,0,0,0,19000,80000,-61000,-61000
9911,櫻花            ,17000,48000,-31000,0,0,0,0,0,0,-30000,1000,31000,-30000,0,0,0,-61000
061363,儒鴻國票9B購01  ,0,0,0,0,0,0,0,0,0,-62000,0,0,0,0,62000,-62000,-62000
061437,燿華凱基9A購01  ,0,0,0,0,0,0,0,0,0,-62000,0,0,0,8000,70000,-62000,-62000
042953,鴻海台新01購01  ,0,0,0,0,0,0,0,0,0,-62000,0,0,0,0,62000,-62000,-62000
059171,祥碩凱基99購04  ,0,0,0,0,0,0,0,0,0,-62000,0,0,0,41000,103000,-62000,-62000
059238,台積電凱基99購11,0,0,0,0,0,0,0,0,0,-62000,0,0,0,0,62000,-62000,-62000
057038,元油2X元大9B購06,0,0,0,0,0,0,0,0,0,-62000,0,0,0,0,62000,-62000,-62000
058930,華新科統一9B購01,0,0,0,0,0,0,0,0,0,-62000,0,0,0,0,62000,-62000,-62000
07802P,瑞昱永豐9A售03  ,0,0,0,0,0,0,0,0,0,-62000,0,0,0,0,62000,-62000,-62000
3094,聯傑            ,76000,130000,-54000,0,0,0,0,0,0,-8000,0,8000,-8000,0,0,0,-62000
061133,玉晶光第一9A購01,0,0,0,0,0,0,0,0,0,-63000,0,0,0,55000,118000,-63000,-63000
062087,瑞祺元大9B購02  ,0,0,0,0,0,0,0,0,0,-63000,0,0,0,5000,68000,-63000,-63000
062332,大立光統一9B購11,0,0,0,0,0,0,0,0,0,-63000,0,0,0,147000,210000,-63000,-63000
053035,台表科兆豐97購01,0,0,0,0,0,0,0,0,0,-63000,0,0,0,5000,68000,-63000,-63000
058181,華新科國泰9B購01,0,0,0,0,0,0,0,0,0,-63000,0,0,0,0,63000,-63000,-63000
058132,義隆元大99購03  ,0,0,0,0,0,0,0,0,0,-63000,0,0,0,40000,103000,-63000,-63000
057725,台達電國泰9A購01,0,0,0,0,0,0,0,0,0,-63000,0,0,0,90000,153000,-63000,-63000
060196,泰鼎元富9A購01  ,0,0,0,0,0,0,0,0,0,-63000,0,0,0,0,63000,-63000,-63000
057638,上銀元大99購01  ,0,0,0,0,0,0,0,0,0,-63000,0,0,0,0,63000,-63000,-63000
2608,嘉里大榮        ,141000,200000,-59000,0,0,0,0,0,0,-4000,0,4000,-4000,0,0,0,-63000
07842P,力成元大9A售01  ,0,0,0,0,0,0,0,0,0,-63000,0,0,0,46000,109000,-63000,-63000
07996P,亞德客凱基9B售03,0,0,0,0,0,0,0,0,0,-63000,0,0,0,0,63000,-63000,-63000
062106,華邦電國票9B購02,0,0,0,0,0,0,0,0,0,-64000,0,0,0,25000,89000,-64000,-64000
061166,玉晶光兆豐9B購01,0,0,0,0,0,0,0,0,0,-64000,0,0,0,12000,76000,-64000,-64000
061377,聯發科永豐9A購04,0,0,0,0,0,0,0,0,0,-64000,0,0,0,0,64000,-64000,-64000
061333,華通元大9A購08  ,0,0,0,0,0,0,0,0,0,-64000,0,0,0,4000,68000,-64000,-64000
059403,T50反1台新03購03,0,0,0,0,0,0,0,0,0,-64000,0,0,0,0,64000,-64000,-64000
057084,立積統一9B購01  ,0,0,0,0,0,0,0,0,0,-64000,0,0,0,62000,126000,-64000,-64000
057316,國巨凱基99購04  ,0,0,0,0,0,0,0,0,0,-64000,0,0,0,0,64000,-64000,-64000
057828,緯穎元大99購02  ,0,0,0,0,0,0,0,0,0,-64000,0,0,0,12000,76000,-64000,-64000
07977P,華新科群益01售01,0,0,0,0,0,0,0,0,0,-64000,0,0,0,0,64000,-64000,-64000
1903,士紙            ,4000,68000,-64000,0,0,0,0,0,0,0,0,0,0,0,0,0,-64000
9942,茂順            ,0,64000,-64000,0,0,0,0,0,0,0,0,0,0,0,0,0,-64000
06326P,鴻海中信01售01  ,0,0,0,0,0,0,0,0,0,-65000,0,0,0,0,65000,-65000,-65000
06734P,智邦凱基98售05  ,0,0,0,0,0,0,0,0,0,-65000,0,0,0,0,65000,-65000,-65000
055348,旺宏凱基97購01  ,0,0,0,0,0,0,0,0,0,-65000,0,0,0,155000,220000,-65000,-65000
060009,南亞科群益99購03,0,0,0,0,0,0,0,0,0,-65000,0,0,0,0,65000,-65000,-65000
059878,聯茂凱基99購07  ,0,0,0,0,0,0,0,0,0,-65000,0,0,0,69000,134000,-65000,-65000
056699,光罩國泰99購01  ,0,0,0,0,0,0,0,0,0,-65000,0,0,0,40000,105000,-65000,-65000
05979P,華新科中信96售02,0,0,0,0,0,0,0,0,0,-65000,0,0,0,0,65000,-65000,-65000
1225,福懋油          ,16000,79000,-63000,0,0,0,0,0,0,-2000,0,2000,-2000,0,0,0,-65000
07554P,玉晶光元大9A售06,0,0,0,0,0,0,0,0,0,-65000,0,0,0,0,65000,-65000,-65000
2546,根基            ,13000,78000,-65000,0,0,0,0,0,0,0,0,0,0,0,0,0,-65000
2459,敦吉            ,14000,80000,-66000,0,0,0,0,0,0,1000,1000,0,1000,0,0,0,-65000
3380,明泰            ,469000,576000,-107000,0,0,0,0,0,0,42000,46000,10000,36000,20000,14000,6000,-65000
055153,台光電元大98購02,0,0,0,0,0,0,0,0,0,-66000,0,0,0,48000,114000,-66000,-66000
03442B,臺股指元大9A熊48,0,0,0,0,0,0,0,0,0,-66000,0,0,0,103000,169000,-66000,-66000
056677,智伸科元富98購01,0,0,0,0,0,0,0,0,0,-66000,0,0,0,158000,224000,-66000,-66000
06044P,同欣電永豐96售03,0,0,0,0,0,0,0,0,0,-66000,0,0,0,0,66000,-66000,-66000
3622,洋華            ,0,66000,-66000,0,0,0,0,0,0,0,0,0,0,0,0,0,-66000
1809,中釉            ,34000,100000,-66000,0,0,0,0,0,0,0,0,0,0,0,0,0,-66000
062386,京鼎國泰9C購01  ,0,0,0,0,0,0,0,0,0,-67000,0,0,0,88000,155000,-67000,-67000
060550,可成凱基9A購02  ,0,0,0,0,0,0,0,0,0,-67000,0,0,0,0,67000,-67000,-67000
054411,光磊元大97購02  ,0,0,0,0,0,0,0,0,0,-67000,0,0,0,1000,68000,-67000,-67000
055173,瑞昱統一97購01  ,0,0,0,0,0,0,0,0,0,-67000,0,0,0,1000,68000,-67000,-67000
058693,旭富國票9A購01  ,0,0,0,0,0,0,0,0,0,-67000,0,0,0,2000,69000,-67000,-67000
058226,世芯元富99購01  ,0,0,0,0,0,0,0,0,0,-67000,0,0,0,83000,150000,-67000,-67000
058926,勤誠元富99購01  ,0,0,0,0,0,0,0,0,0,-67000,0,0,0,326000,393000,-67000,-67000
056847,佐登元富98購01  ,0,0,0,0,0,0,0,0,0,-67000,0,0,0,100000,167000,-67000,-67000
059951,台塑康和99購01  ,0,0,0,0,0,0,0,0,0,-67000,0,0,0,1000,68000,-67000,-67000
057647,欣興元大98購10  ,0,0,0,0,0,0,0,0,0,-67000,0,0,0,65000,132000,-67000,-67000
1612,宏泰            ,6000,73000,-67000,0,0,0,0,0,0,0,0,0,0,0,0,0,-67000
07904P,聯發科群益9B售05,0,0,0,0,0,0,0,0,0,-67000,0,0,0,2000,69000,-67000,-67000
3454,晶睿            ,23000,91000,-68000,0,0,0,0,0,0,1000,1000,0,1000,0,0,0,-67000
2908,特力            ,39000,106000,-67000,0,0,0,0,0,0,0,0,0,0,0,0,0,-67000
060511,群創元大9B購08  ,0,0,0,0,0,0,0,0,0,-68000,0,0,0,0,68000,-68000,-68000
061095,台積電台新9B購03,0,0,0,0,0,0,0,0,0,-68000,0,0,0,273000,341000,-68000,-68000
061019,大毅國票9A購01  ,0,0,0,0,0,0,0,0,0,-68000,0,0,0,37000,105000,-68000,-68000
060990,新光金元大9B購03,0,0,0,0,0,0,0,0,0,-68000,0,0,0,0,68000,-68000,-68000
061348,聯鈞元大9A購05  ,0,0,0,0,0,0,0,0,0,-68000,0,0,0,0,68000,-68000,-68000
061358,世紀鋼元大9A購04,0,0,0,0,0,0,0,0,0,-68000,0,0,0,26000,94000,-68000,-68000
061668,信邦中信9B購01  ,0,0,0,0,0,0,0,0,0,-68000,0,0,0,133000,201000,-68000,-68000
061744,超眾凱基9B購02  ,0,0,0,0,0,0,0,0,0,-68000,0,0,0,0,68000,-68000,-68000
062353,亞德客元大9B購01,0,0,0,0,0,0,0,0,0,-68000,0,0,0,3000,71000,-68000,-68000
062537,聯電國泰9C購01  ,0,0,0,0,0,0,0,0,0,-68000,0,0,0,0,68000,-68000,-68000
062187,台勝科元大9B購02,0,0,0,0,0,0,0,0,0,-68000,0,0,0,0,68000,-68000,-68000
062086,瑞祺元大9B購01  ,0,0,0,0,0,0,0,0,0,-68000,0,0,0,0,68000,-68000,-68000
054919,興富發凱基97購01,0,0,0,0,0,0,0,0,0,-68000,0,0,0,0,68000,-68000,-68000
055846,大立光元大97購09,0,0,0,0,0,0,0,0,0,-68000,0,0,0,0,68000,-68000,-68000
054260,貿聯元大96購03  ,0,0,0,0,0,0,0,0,0,-68000,0,0,0,0,68000,-68000,-68000
054050,創意元大96購06  ,0,0,0,0,0,0,0,0,0,-68000,0,0,0,0,68000,-68000,-68000
053871,臻鼎元大96購03  ,0,0,0,0,0,0,0,0,0,-68000,0,0,0,0,68000,-68000,-68000
056139,貿聯元大97購04  ,0,0,0,0,0,0,0,0,0,-68000,0,0,0,0,68000,-68000,-68000
056143,訊芯元大97購04  ,0,0,0,0,0,0,0,0,0,-68000,0,0,0,0,68000,-68000,-68000
059623,聯電凱基99購02  ,0,0,0,0,0,0,0,0,0,-68000,0,0,0,0,68000,-68000,-68000
055603,超眾元大97購04  ,0,0,0,0,0,0,0,0,0,-68000,0,0,0,0,68000,-68000,-68000
056304,創意元大97購03  ,0,0,0,0,0,0,0,0,0,-68000,0,0,0,0,68000,-68000,-68000
060017,全新康和99購01  ,0,0,0,0,0,0,0,0,0,-68000,0,0,0,0,68000,-68000,-68000
059693,智原永豐99購01  ,0,0,0,0,0,0,0,0,0,-68000,0,0,0,0,68000,-68000,-68000
056571,燿華元大98購02  ,0,0,0,0,0,0,0,0,0,-68000,0,0,0,0,68000,-68000,-68000
057489,奇力新元大99購06,0,0,0,0,0,0,0,0,0,-68000,0,0,0,0,68000,-68000,-68000
059021,台積電統一9B購07,0,0,0,0,0,0,0,0,0,-68000,0,0,0,10000,78000,-68000,-68000
058263,大成鋼永豐99購01,0,0,0,0,0,0,0,0,0,-68000,0,0,0,0,68000,-68000,-68000
060103,聯詠元大99購01  ,0,0,0,0,0,0,0,0,0,-68000,0,0,0,51000,119000,-68000,-68000
057746,同欣電永豐98購02,0,0,0,0,0,0,0,0,0,-68000,0,0,0,13000,81000,-68000,-68000
056959,鴻海永豐98購03  ,0,0,0,0,0,0,0,0,0,-68000,0,0,0,0,68000,-68000,-68000
060474,中租元大9B購01  ,0,0,0,0,0,0,0,0,0,-68000,0,0,0,5000,73000,-68000,-68000
2471,資通            ,57000,114000,-57000,0,0,0,0,0,0,-11000,1000,12000,-11000,0,0,0,-68000
6214,精誠            ,97000,224000,-127000,0,0,0,0,0,0,59000,110000,51000,59000,0,0,0,-68000
07919P,創意永豐9B售01  ,0,0,0,0,0,0,0,0,0,-68000,0,0,0,79000,147000,-68000,-68000
062261,嘉晶元大9B購02  ,0,0,0,0,0,0,0,0,0,-69000,0,0,0,20000,89000,-69000,-69000
07334P,臺股指國票99售19,0,0,0,0,0,0,0,0,0,-69000,0,0,0,438000,507000,-69000,-69000
07081P,南電群益9A售01  ,0,0,0,0,0,0,0,0,0,-69000,0,0,0,75000,144000,-69000,-69000
060573,力成永豐9A購01  ,0,0,0,0,0,0,0,0,0,-69000,0,0,0,72000,141000,-69000,-69000
053893,京鼎群益97購02  ,0,0,0,0,0,0,0,0,0,-69000,0,0,0,0,69000,-69000,-69000
060297,和碩元大9A購02  ,0,0,0,0,0,0,0,0,0,-69000,0,0,0,54000,123000,-69000,-69000
059760,楠梓電永豐99購01,0,0,0,0,0,0,0,0,0,-69000,0,0,0,0,69000,-69000,-69000
059833,緯穎康和99購01  ,0,0,0,0,0,0,0,0,0,-69000,0,0,0,23000,92000,-69000,-69000
057658,玉晶光兆豐99購02,0,0,0,0,0,0,0,0,0,-69000,0,0,0,68000,137000,-69000,-69000
061262,智邦凱基9A購02  ,0,0,0,0,0,0,0,0,0,-70000,0,0,0,17000,87000,-70000,-70000
062222,華新科統一9B購04,0,0,0,0,0,0,0,0,0,-70000,0,0,0,0,70000,-70000,-70000
062160,南六凱基9B購01  ,0,0,0,0,0,0,0,0,0,-70000,0,0,0,0,70000,-70000,-70000
061975,華通元大9B購01  ,0,0,0,0,0,0,0,0,0,-70000,0,0,0,125000,195000,-70000,-70000
062285,台勝科群益9B購01,0,0,0,0,0,0,0,0,0,-70000,0,0,0,0,70000,-70000,-70000
054742,京鼎凱基99購01  ,0,0,0,0,0,0,0,0,0,-70000,0,0,0,0,70000,-70000,-70000
055707,聯鈞永豐98購01  ,0,0,0,0,0,0,0,0,0,-70000,0,0,0,10000,80000,-70000,-70000
054642,訊芯中信9A購01  ,0,0,0,0,0,0,0,0,0,-70000,0,0,0,0,70000,-70000,-70000
056094,大立光元富97購03,0,0,0,0,0,0,0,0,0,-70000,0,0,0,29000,99000,-70000,-70000
056083,億光統一97購03  ,0,0,0,0,0,0,0,0,0,-70000,0,0,0,56000,126000,-70000,-70000
055097,福懋科群益97購01,0,0,0,0,0,0,0,0,0,-70000,0,0,0,0,70000,-70000,-70000
055337,超眾兆豐98購01  ,0,0,0,0,0,0,0,0,0,-70000,0,0,0,0,70000,-70000,-70000
051696,新日興中信96購01,0,0,0,0,0,0,0,0,0,-70000,0,0,0,0,70000,-70000,-70000
057197,立積台新98購01  ,0,0,0,0,0,0,0,0,0,-70000,0,0,0,0,70000,-70000,-70000
057960,聯鈞元大98購02  ,0,0,0,0,0,0,0,0,0,-70000,0,0,0,95000,165000,-70000,-70000
057848,台表科永豐98購02,0,0,0,0,0,0,0,0,0,-70000,0,0,0,0,70000,-70000,-70000
07558P,玉晶光元大9A售10,0,0,0,0,0,0,0,0,0,-70000,0,0,0,12000,82000,-70000,-70000
07561P,玉晶光永豐9A售02,0,0,0,0,0,0,0,0,0,-70000,0,0,0,0,70000,-70000,-70000
07463P,台積電國票9A售05,0,0,0,0,0,0,0,0,0,-70000,0,0,0,0,70000,-70000,-70000
07673P,電子類元大9A售01,0,0,0,0,0,0,0,0,0,-70000,0,0,0,0,70000,-70000,-70000
6139,亞翔            ,60000,138000,-78000,0,0,0,0,0,0,8000,8000,0,8000,0,0,0,-70000
2617,台航            ,125000,190000,-65000,0,0,0,0,0,0,-5000,0,5000,-5000,0,0,0,-70000
2851,中再保          ,12000,80000,-68000,0,0,0,0,0,0,-2000,0,2000,-2000,0,0,0,-70000
062340,力成麥證9B購01  ,0,0,0,14000,85000,-71000,0,0,0,-71000,0,0,0,14000,85000,-71000,-71000
07034P,大立光元富99售03,0,0,0,0,0,0,0,0,0,-71000,0,0,0,6000,77000,-71000,-71000
061430,致新元大9A購01  ,0,0,0,0,0,0,0,0,0,-71000,0,0,0,144000,215000,-71000,-71000
061482,健策元大9C購01  ,0,0,0,0,0,0,0,0,0,-71000,0,0,0,17000,88000,-71000,-71000
061824,聯電麥證9B購01  ,0,0,0,14000,85000,-71000,0,0,0,-71000,0,0,0,14000,85000,-71000,-71000
061624,中租群益9A購01  ,0,0,0,0,0,0,0,0,0,-71000,0,0,0,0,71000,-71000,-71000
052529,力成元大95購03  ,0,0,0,0,0,0,0,0,0,-71000,0,0,0,0,71000,-71000,-71000
055675,亞德客凱基97購02,0,0,0,0,0,0,0,0,0,-71000,0,0,0,2000,73000,-71000,-71000
058210,臺股指凱基9C購04,0,0,0,0,0,0,0,0,0,-71000,0,0,0,0,71000,-71000,-71000
2905,三商            ,83000,149000,-66000,0,0,0,0,0,0,-5000,0,5000,-5000,0,0,0,-71000
2359,所羅門          ,47000,121000,-74000,0,0,0,0,0,0,3000,3000,0,3000,0,0,0,-71000
07644P,南電凱基9A售03  ,0,0,0,0,0,0,0,0,0,-71000,0,0,0,59000,130000,-71000,-71000
061579,京鼎元大9A購02  ,0,0,0,0,0,0,0,0,0,-72000,0,0,0,54000,126000,-72000,-72000
061881,緯穎元大9B購02  ,0,0,0,0,0,0,0,0,0,-72000,0,0,0,71000,143000,-72000,-72000
061419,國巨元大9A購21  ,0,0,0,0,0,0,0,0,0,-72000,0,0,0,0,72000,-72000,-72000
060582,玉晶光群益9C購01,0,0,0,0,0,0,0,0,0,-72000,0,0,0,3000,75000,-72000,-72000
06506P,台郡國票99售02  ,0,0,0,0,0,0,0,0,0,-72000,0,0,0,102000,174000,-72000,-72000
06374P,台表科元大97售06,0,0,0,0,0,0,0,0,0,-72000,0,0,0,63000,135000,-72000,-72000
062017,京鼎永豐9B購01  ,0,0,0,0,0,0,0,0,0,-72000,0,0,0,42000,114000,-72000,-72000
054808,東元元大9A購01  ,0,0,0,0,0,0,0,0,0,-72000,0,0,0,211000,283000,-72000,-72000
059327,南茂元大99購01  ,0,0,0,0,0,0,0,0,0,-72000,0,0,0,0,72000,-72000,-72000
05242P,群創國泰97售01  ,0,0,0,0,0,0,0,0,0,-72000,0,0,0,65000,137000,-72000,-72000
00651R,FH香港反1       ,0,0,0,0,0,0,0,0,0,-72000,0,0,0,111000,183000,-72000,-72000
057611,技嘉元富98購02  ,0,0,0,0,0,0,0,0,0,-72000,0,0,0,54000,126000,-72000,-72000
056515,燿華兆豐99購01  ,0,0,0,0,0,0,0,0,0,-72000,0,0,0,20000,92000,-72000,-72000
07472P,和碩元大9A售03  ,0,0,0,0,0,0,0,0,0,-72000,0,0,0,1000,73000,-72000,-72000
2731,雄獅            ,11000,83000,-72000,0,0,0,0,0,0,0,0,0,0,0,0,0,-72000
062062,貿聯統一01購01  ,0,0,0,0,0,0,0,0,0,-73000,0,0,0,0,73000,-73000,-73000
061990,台勝科元大9C購01,0,0,0,0,0,0,0,0,0,-73000,0,0,0,0,73000,-73000,-73000
062414,臻鼎中信01購01  ,0,0,0,0,0,0,0,0,0,-73000,0,0,0,0,73000,-73000,-73000
06569P,可成永豐98售01  ,0,0,0,0,0,0,0,0,0,-73000,0,0,0,0,73000,-73000,-73000
061416,聯茂群益9A購01  ,0,0,0,0,0,0,0,0,0,-73000,0,0,0,101000,174000,-73000,-73000
061326,新日興凱基9B購01,0,0,0,0,0,0,0,0,0,-73000,0,0,0,0,73000,-73000,-73000
00640L,富邦日本正2     ,0,0,0,0,0,0,0,0,0,-73000,0,0,0,700000,773000,-73000,-73000
051872,矽力凱基96購01  ,0,0,0,0,0,0,0,0,0,-73000,0,0,0,17000,90000,-73000,-73000
059424,SGBR2X元大9A購01,0,0,0,0,0,0,0,0,0,-73000,0,0,0,203000,276000,-73000,-73000
054582,致新元大97購01  ,0,0,0,0,0,0,0,0,0,-73000,0,0,0,13000,86000,-73000,-73000
057016,中石化凱基9B購01,0,0,0,0,0,0,0,0,0,-73000,0,0,0,200000,273000,-73000,-73000
057712,南亞科統一9A購01,0,0,0,0,0,0,0,0,0,-73000,0,0,0,27000,100000,-73000,-73000
060251,易華電元大9C購01,0,0,0,0,0,0,0,0,0,-73000,0,0,0,0,73000,-73000,-73000
1592,英瑞-KY         ,19000,92000,-73000,0,0,0,0,0,0,0,0,0,0,0,0,0,-73000
8131,福懋科          ,48000,100000,-52000,0,0,0,0,0,0,-21000,2000,23000,-21000,1000,1000,0,-73000
061707,超眾國票9B購01  ,0,0,0,0,0,0,0,0,0,-74000,0,0,0,21000,95000,-74000,-74000
061181,牧德凱基9A購01  ,0,0,0,0,0,0,0,0,0,-74000,0,0,0,52000,126000,-74000,-74000
054673,京鼎國泰98購01  ,0,0,0,0,0,0,0,0,0,-74000,0,0,0,35000,109000,-74000,-74000
054152,漢唐國泰98購02  ,0,0,0,0,0,0,0,0,0,-74000,0,0,0,0,74000,-74000,-74000
055667,致茂群益98購01  ,0,0,0,0,0,0,0,0,0,-74000,0,0,0,0,74000,-74000,-74000
057815,信邦元大98購01  ,0,0,0,0,0,0,0,0,0,-74000,0,0,0,26000,100000,-74000,-74000
056625,致伸永豐98購01  ,0,0,0,0,0,0,0,0,0,-74000,0,0,0,0,74000,-74000,-74000
2545,皇翔            ,13000,97000,-84000,0,0,0,0,0,0,10000,10000,0,10000,0,0,0,-74000
060735,鴻海統一9C購03  ,0,0,0,0,0,0,0,0,0,-75000,0,0,0,0,75000,-75000,-75000
061697,世紀鋼群益9A購03,0,0,0,0,0,0,0,0,0,-75000,0,0,0,10000,85000,-75000,-75000
061314,滬深2X凱基9B購06,0,0,0,0,0,0,0,0,0,-75000,0,0,0,0,75000,-75000,-75000
06843P,鴻海元大98售11  ,0,0,0,0,0,0,0,0,0,-75000,0,0,0,42000,117000,-75000,-75000
062609,帆宣凱基9B購01  ,0,0,0,0,0,0,0,0,0,-75000,0,0,0,0,75000,-75000,-75000
062546,新日興永豐9B購01,0,0,0,0,0,0,0,0,0,-75000,0,0,0,0,75000,-75000,-75000
054457,強茂群益96購01  ,0,0,0,0,0,0,0,0,0,-75000,0,0,0,0,75000,-75000,-75000
052654,友達統一97購01  ,0,0,0,0,0,0,0,0,0,-75000,0,0,0,120000,195000,-75000,-75000
053904,漢唐凱基97購01  ,0,0,0,0,0,0,0,0,0,-75000,0,0,0,25000,100000,-75000,-75000
059346,新日興凱基99購03,0,0,0,0,0,0,0,0,0,-75000,0,0,0,0,75000,-75000,-75000
057240,茂林凱基9A購01  ,0,0,0,0,0,0,0,0,0,-75000,0,0,0,25000,100000,-75000,-75000
057938,台表科群益98購02,0,0,0,0,0,0,0,0,0,-75000,0,0,0,114000,189000,-75000,-75000
3003,健和興          ,70000,164000,-94000,0,0,0,0,0,0,19000,15000,0,15000,11000,7000,4000,-75000
1709,和益            ,91000,168000,-77000,0,0,0,0,0,0,2000,2000,0,2000,0,0,0,-75000
9940,信義            ,27000,102000,-75000,0,0,0,0,0,0,0,3000,3000,0,0,0,0,-75000
062127,台勝科統一01購02,0,0,0,0,0,0,0,0,0,-76000,0,0,0,25000,101000,-76000,-76000
061553,南電群益9A購03  ,0,0,0,0,0,0,0,0,0,-76000,0,0,0,25000,101000,-76000,-76000
058160,奇鋐元富99購01  ,0,0,0,0,0,0,0,0,0,-76000,0,0,0,12000,88000,-76000,-76000
060198,祥碩元富9A購02  ,0,0,0,0,0,0,0,0,0,-76000,0,0,0,534000,610000,-76000,-76000
1730,花仙子          ,30000,106000,-76000,0,0,0,0,0,0,0,0,0,0,0,0,0,-76000
07879P,瑞昱群益9C售01  ,0,0,0,0,0,0,0,0,0,-76000,0,0,0,45000,121000,-76000,-76000
07749P,台郡凱基9A售01  ,0,0,0,0,0,0,0,0,0,-76000,0,0,0,0,76000,-76000,-76000
2444,兆勁            ,3000,79000,-76000,0,0,0,0,0,0,0,0,0,0,0,0,0,-76000
3018,同開            ,128000,202000,-74000,0,0,0,0,0,0,-2000,0,2000,-2000,0,0,0,-76000
060710,上銀永豐9A購01  ,0,0,0,0,0,0,0,0,0,-77000,0,0,0,0,77000,-77000,-77000
061023,茂林國泰9B購02  ,0,0,0,0,0,0,0,0,0,-77000,0,0,0,39000,116000,-77000,-77000
052167,亞泥元大96購01  ,0,0,0,0,0,0,0,0,0,-77000,0,0,0,191000,268000,-77000,-77000
05088P,大立光富邦99售01,0,0,0,0,0,0,0,0,0,-77000,0,0,0,0,77000,-77000,-77000
060277,道瓊反元大9A購02,0,0,0,0,0,0,0,0,0,-77000,0,0,0,19000,96000,-77000,-77000
057195,南茂元大98購01  ,0,0,0,0,0,0,0,0,0,-77000,0,0,0,103000,180000,-77000,-77000
05830P,滬深2X元富99售03,0,0,0,0,0,0,0,0,0,-77000,0,0,0,10000,87000,-77000,-77000
3356,奇偶            ,12000,90000,-78000,0,0,0,0,0,0,1000,1000,0,1000,0,0,0,-77000
2228,劍麟            ,16000,92000,-76000,0,0,0,0,0,0,-1000,0,0,0,0,1000,-1000,-77000
07722P,玉晶光凱基9A售10,0,0,0,0,0,0,0,0,0,-77000,0,0,0,30000,107000,-77000,-77000
060722,矽格永豐9A購01  ,0,0,0,0,0,0,0,0,0,-78000,0,0,0,0,78000,-78000,-78000
060846,欣興國票9A購02  ,0,0,0,0,0,0,0,0,0,-78000,0,0,0,0,78000,-78000,-78000
06626P,大立光統一9A售01,0,0,0,0,0,0,0,0,0,-78000,0,0,0,0,78000,-78000,-78000
056267,文曄統一97購02  ,0,0,0,0,0,0,0,0,0,-78000,0,0,0,0,78000,-78000,-78000
056939,康控元富98購01  ,0,0,0,0,0,0,0,0,0,-78000,0,0,0,20000,98000,-78000,-78000
058970,鴻海永豐99購02  ,0,0,0,0,0,0,0,0,0,-78000,0,0,0,0,78000,-78000,-78000
3033,威健            ,43000,134000,-91000,0,0,0,0,0,0,13000,14000,1000,13000,0,0,0,-78000
6120,達運            ,292000,385000,-93000,0,0,0,0,0,0,15000,15000,0,15000,0,0,0,-78000
6592,和潤企業        ,318000,408000,-90000,0,0,0,0,0,0,12000,0,1000,-1000,25000,12000,13000,-78000
2345,智邦            ,1807589,1835300,-27711,0,0,0,6000,4000,2000,-53000,105000,125000,-20000,41000,74000,-33000,-78711
061985,富邦金元大9B購01,0,0,0,0,0,0,0,0,0,-79000,0,0,0,75000,154000,-79000,-79000
06072P,牧德永豐97售01  ,0,0,0,0,0,0,0,0,0,-79000,0,0,0,0,79000,-79000,-79000
060512,祥碩元大9A購02  ,0,0,0,0,0,0,0,0,0,-79000,0,0,0,75000,154000,-79000,-79000
060522,鴻海中信9A購03  ,0,0,0,0,0,0,0,0,0,-79000,0,0,0,6000,85000,-79000,-79000
061351,智伸科元大9A購01,0,0,0,0,0,0,0,0,0,-79000,0,0,0,41000,120000,-79000,-79000
050915,健策中信98購01  ,0,0,0,0,0,0,0,0,0,-79000,0,0,0,126000,205000,-79000,-79000
057805,華通元大98購06  ,0,0,0,0,0,0,0,0,0,-79000,0,0,0,41000,120000,-79000,-79000
07744P,奇力新凱基9A售05,0,0,0,0,0,0,0,0,0,-79000,0,0,0,10000,89000,-79000,-79000
061570,瑞昱元大9A購05  ,0,0,0,0,0,0,0,0,0,-80000,0,0,0,22000,102000,-80000,-80000
060641,聯鈞永豐9A購01  ,0,0,0,0,0,0,0,0,0,-80000,0,0,0,0,80000,-80000,-80000
060696,道瓊反國泰9C購01,0,0,0,0,0,0,0,0,0,-80000,0,0,0,0,80000,-80000,-80000
061051,臺股指中信9A購06,0,0,0,0,0,0,0,0,0,-80000,0,0,0,0,80000,-80000,-80000
062058,瑞昱統一01購01  ,0,0,0,0,0,0,0,0,0,-80000,0,0,0,0,80000,-80000,-80000
062637,智易國票9B購01  ,0,0,0,0,0,0,0,0,0,-80000,0,0,0,0,80000,-80000,-80000
06779P,智邦元大98售12  ,0,0,0,0,0,0,0,0,0,-80000,0,0,0,0,80000,-80000,-80000
06720P,智邦亞東99售01  ,0,0,0,0,0,0,0,0,0,-80000,0,0,0,0,80000,-80000,-80000
06933P,禾伸堂元大98售03,0,0,0,0,0,0,0,0,0,-80000,0,0,0,26000,106000,-80000,-80000
04817P,創意國票95售02  ,0,0,0,0,0,0,0,0,0,-80000,0,0,0,0,80000,-80000,-80000
052546,友達中信98購01  ,0,0,0,0,0,0,0,0,0,-80000,0,0,0,0,80000,-80000,-80000
052779,欣興國票97購01  ,0,0,0,0,0,0,0,0,0,-80000,0,0,0,50000,130000,-80000,-80000
052843,鴻海統一96購09  ,0,0,0,0,0,0,0,0,0,-80000,0,0,0,0,80000,-80000,-80000
059559,T50反1凱基99購07,0,0,0,0,0,0,0,0,0,-80000,0,0,0,0,80000,-80000,-80000
05956P,漢唐國票96售02  ,0,0,0,0,0,0,0,0,0,-80000,0,0,0,0,80000,-80000,-80000
055291,京鼎元大97購02  ,0,0,0,0,0,0,0,0,0,-80000,0,0,0,68000,148000,-80000,-80000
055538,鴻海日盛97購04  ,0,0,0,0,0,0,0,0,0,-80000,0,0,0,0,80000,-80000,-80000
055437,禾伸堂中信99購01,0,0,0,0,0,0,0,0,0,-80000,0,0,0,20000,100000,-80000,-80000
054098,嘉晶國票97購04  ,0,0,0,0,0,0,0,0,0,-80000,0,0,0,0,80000,-80000,-80000
058985,可成凱基99購03  ,0,0,0,0,0,0,0,0,0,-80000,0,0,0,20000,100000,-80000,-80000
058161,T50反1日盛03購01,0,0,0,0,0,0,0,0,0,-80000,0,0,0,0,80000,-80000,-80000
057511,健策統一98購02  ,0,0,0,0,0,0,0,0,0,-80000,0,0,0,71000,151000,-80000,-80000
058525,台虹元大99購02  ,0,0,0,0,0,0,0,0,0,-80000,0,0,0,12000,92000,-80000,-80000
057170,瑞昱元大98購01  ,0,0,0,0,0,0,0,0,0,-80000,0,0,0,92000,172000,-80000,-80000
1439,中和            ,35000,115000,-80000,0,0,0,0,0,0,0,0,0,0,0,0,0,-80000
2612,中航            ,0,73000,-73000,0,0,0,0,0,0,-7000,0,7000,-7000,0,0,0,-80000
4722,國精化          ,1000,82000,-81000,0,0,0,0,0,0,1000,1000,0,1000,0,0,0,-80000
6531,愛普            ,44000,120000,-76000,0,0,0,0,0,0,-4000,0,4000,-4000,0,0,0,-80000
06521P,矽力元大98售01  ,0,0,0,0,0,0,0,0,0,-81000,0,0,0,0,81000,-81000,-81000
062013,奇鋐富邦9B購01  ,0,0,0,0,0,0,0,0,0,-81000,0,0,0,30000,111000,-81000,-81000
061950,日月光群益9B購01,0,0,0,0,0,0,0,0,0,-81000,0,0,0,0,81000,-81000,-81000
060571,京元電永豐9A購01,0,0,0,0,0,0,0,0,0,-81000,0,0,0,13000,94000,-81000,-81000
061478,奇鋐元大9A購01  ,0,0,0,0,0,0,0,0,0,-81000,0,0,0,50000,131000,-81000,-81000
05915P,聯發科元大96售19,0,0,0,0,0,0,0,0,0,-81000,0,0,0,7000,88000,-81000,-81000
056318,鴻海群益98購02  ,0,0,0,0,0,0,0,0,0,-81000,0,0,0,49000,130000,-81000,-81000
057368,微星元大98購02  ,0,0,0,0,0,0,0,0,0,-81000,0,0,0,5000,86000,-81000,-81000
060891,世芯統一9A購01  ,0,0,0,0,0,0,0,0,0,-82000,0,0,0,93000,175000,-82000,-82000
060871,台灣50中信01購03,0,0,0,0,0,0,0,0,0,-82000,0,0,0,45000,127000,-82000,-82000
06887P,華新科元大98售04,0,0,0,0,0,0,0,0,0,-82000,0,0,0,0,82000,-82000,-82000
06984P,上銀富邦9B售01  ,0,0,0,0,0,0,0,0,0,-82000,0,0,0,0,82000,-82000,-82000
053496,義隆兆豐96購02  ,0,0,0,0,0,0,0,0,0,-82000,0,0,0,0,82000,-82000,-82000
05942P,奇力新凱基96售04,0,0,0,0,0,0,0,0,0,-82000,0,0,0,0,82000,-82000,-82000
056492,全新國泰9A購01  ,0,0,0,0,0,0,0,0,0,-82000,0,0,0,10000,92000,-82000,-82000
057894,華通元富02購02  ,0,0,0,0,0,0,0,0,0,-82000,0,0,0,9000,91000,-82000,-82000
059039,致伸群益99購01  ,0,0,0,0,0,0,0,0,0,-82000,0,0,0,28000,110000,-82000,-82000
4564,元翎            ,67000,149000,-82000,0,0,0,0,0,0,0,0,0,0,0,0,0,-82000
2380,虹光            ,6000,88000,-82000,0,0,0,0,0,0,0,0,0,0,0,0,0,-82000
07560P,台積電國泰9B售01,0,0,0,0,0,0,0,0,0,-82000,0,0,0,55000,137000,-82000,-82000
06332P,世紀鋼群益98售01,0,0,0,0,0,0,0,0,0,-83000,0,0,0,115000,198000,-83000,-83000
060991,京鼎元大9A購01  ,0,0,0,0,0,0,0,0,0,-83000,0,0,0,50000,133000,-83000,-83000
060612,世紀鋼凱基9A購01,0,0,0,0,0,0,0,0,0,-83000,0,0,0,1000,84000,-83000,-83000
060695,同欣電麥證9A購01,0,0,0,416000,499000,-83000,0,0,0,-83000,0,0,0,416000,499000,-83000,-83000
060814,健策凱基9B購01  ,0,0,0,0,0,0,0,0,0,-83000,0,0,0,7000,90000,-83000,-83000
061865,力山元大9B購01  ,0,0,0,0,0,0,0,0,0,-83000,0,0,0,14000,97000,-83000,-83000
061900,志超永豐9B購01  ,0,0,0,0,0,0,0,0,0,-83000,0,0,0,0,83000,-83000,-83000
055605,緯穎元大97購02  ,0,0,0,0,0,0,0,0,0,-83000,0,0,0,10000,93000,-83000,-83000
057603,樺漢群益98購02  ,0,0,0,0,0,0,0,0,0,-83000,0,0,0,0,83000,-83000,-83000
07695P,台郡元大9A售02  ,0,0,0,0,0,0,0,0,0,-83000,0,0,0,5000,88000,-83000,-83000
061293,聯茂統一9A購01  ,0,0,0,0,0,0,0,0,0,-84000,0,0,0,0,84000,-84000,-84000
061248,健策群益9A購03  ,0,0,0,0,0,0,0,0,0,-84000,0,0,0,1000,85000,-84000,-84000
061194,聯鈞永豐9A購02  ,0,0,0,0,0,0,0,0,0,-84000,0,0,0,0,84000,-84000,-84000
060948,可成第一9A購01  ,0,0,0,0,0,0,0,0,0,-84000,0,0,0,16000,100000,-84000,-84000
061138,晶技統一9C購01  ,0,0,0,0,0,0,0,0,0,-84000,0,0,0,105000,189000,-84000,-84000
047673,瑞昱元富96購01  ,0,0,0,0,0,0,0,0,0,-84000,0,0,0,56000,140000,-84000,-84000
056599,臻鼎元富98購01  ,0,0,0,0,0,0,0,0,0,-84000,0,0,0,109000,193000,-84000,-84000
05640P,旺宏元富96售03  ,0,0,0,0,0,0,0,0,0,-84000,0,0,0,0,84000,-84000,-84000
060313,淘帝永豐9A購01  ,0,0,0,0,0,0,0,0,0,-84000,0,0,0,116000,200000,-84000,-84000
07819P,旺宏國票9B售01  ,0,0,0,0,0,0,0,0,0,-84000,0,0,0,74000,158000,-84000,-84000
6189,豐藝            ,0,84000,-84000,0,0,0,0,0,0,0,1000,1000,0,0,0,0,-84000
4526,東台            ,1000,87000,-86000,0,0,0,0,0,0,2000,2000,0,2000,0,0,0,-84000
060723,致新永豐9A購01  ,0,0,0,0,0,0,0,0,0,-85000,0,0,0,85000,170000,-85000,-85000
060523,鴻海中信9C購03  ,0,0,0,0,0,0,0,0,0,-85000,0,0,0,0,85000,-85000,-85000
060521,鴻海中信01購03  ,0,0,0,0,0,0,0,0,0,-85000,0,0,0,160000,245000,-85000,-85000
061258,華通凱基9A購06  ,0,0,0,0,0,0,0,0,0,-85000,0,0,0,15000,100000,-85000,-85000
06153P,健策元大97售04  ,0,0,0,0,0,0,0,0,0,-85000,0,0,0,65000,150000,-85000,-85000
062503,玉晶光群益01購03,0,0,0,0,0,0,0,0,0,-85000,0,0,0,5000,90000,-85000,-85000
062457,京元電群益9B購01,0,0,0,0,0,0,0,0,0,-85000,0,0,0,0,85000,-85000,-85000
062304,臺指反凱基9B購01,0,0,0,0,0,0,0,0,0,-85000,0,0,0,0,85000,-85000,-85000
07312P,台灣50元大99售10,0,0,0,0,0,0,0,0,0,-85000,0,0,0,0,85000,-85000,-85000
00686R,群益臺灣加權反1 ,0,0,0,0,0,0,0,0,0,-85000,0,0,0,143000,228000,-85000,-85000
051483,玉晶光凱基96購02,0,0,0,0,0,0,0,0,0,-85000,0,0,0,13000,98000,-85000,-85000
059634,可成凱基99購07  ,0,0,0,0,0,0,0,0,0,-85000,0,0,0,15000,100000,-85000,-85000
055233,康友國票98購01  ,0,0,0,0,0,0,0,0,0,-85000,0,0,0,0,85000,-85000,-85000
060303,宏達電富邦9B購01,0,0,0,0,0,0,0,0,0,-85000,0,0,0,0,85000,-85000,-85000
2375,凱美            ,358000,447000,-89000,0,0,0,0,0,0,4000,1000,0,1000,17000,14000,3000,-85000
062128,祥碩統一01購01  ,0,0,0,0,0,0,0,0,0,-86000,0,0,0,350000,436000,-86000,-86000
061344,禾伸堂元大9A購02,0,0,0,0,0,0,0,0,0,-86000,0,0,0,146000,232000,-86000,-86000
061796,興勤永豐9B購01  ,0,0,0,0,0,0,0,0,0,-86000,0,0,0,0,86000,-86000,-86000
059385,滬深2X凱基9C購03,0,0,0,0,0,0,0,0,0,-86000,0,0,0,0,86000,-86000,-86000
055473,禾伸堂凱基97購01,0,0,0,0,0,0,0,0,0,-86000,0,0,0,0,86000,-86000,-86000
060240,富邦金元大9A購01,0,0,0,0,0,0,0,0,0,-86000,0,0,0,78000,164000,-86000,-86000
060350,元黃金元富9B購01,0,0,0,0,0,0,0,0,0,-86000,0,0,0,1000,87000,-86000,-86000
060122,亞德客永豐99購02,0,0,0,0,0,0,0,0,0,-86000,0,0,0,1000,87000,-86000,-86000
057325,可成群益9A購01  ,0,0,0,0,0,0,0,0,0,-86000,0,0,0,11000,97000,-86000,-86000
1321,大洋            ,5000,91000,-86000,0,0,0,0,0,0,0,0,0,0,0,0,0,-86000
8429,金麗-KY         ,8000,95000,-87000,0,0,0,0,0,0,1000,1000,0,1000,0,0,0,-86000
9941,裕融            ,52000,140000,-88000,0,0,0,0,0,0,2000,4000,2000,2000,0,0,0,-86000
061303,玉晶光永豐9B購03,0,0,0,0,0,0,0,0,0,-87000,0,0,0,9000,96000,-87000,-87000
061227,日月光中信9B購01,0,0,0,0,0,0,0,0,0,-87000,0,0,0,0,87000,-87000,-87000
062573,大毅群益9B購03  ,0,0,0,0,0,0,0,0,0,-87000,0,0,0,0,87000,-87000,-87000
07088P,訊芯永豐99售02  ,0,0,0,0,0,0,0,0,0,-87000,0,0,0,240000,327000,-87000,-87000
056582,易華電元大98購01,0,0,0,0,0,0,0,0,0,-87000,0,0,0,0,87000,-87000,-87000
058454,嘉晶永豐99購01  ,0,0,0,0,0,0,0,0,0,-87000,0,0,0,52000,139000,-87000,-87000
059036,可成群益9B購03  ,0,0,0,0,0,0,0,0,0,-87000,0,0,0,5000,92000,-87000,-87000
07182P,臺股指凱基99售24,0,0,0,0,0,0,0,0,0,-88000,0,0,0,7000,95000,-88000,-88000
053915,光罩國票96購02  ,0,0,0,0,0,0,0,0,0,-88000,0,0,0,110000,198000,-88000,-88000
050227,大立光中信96購01,0,0,0,0,0,0,0,0,0,-88000,0,0,0,42000,130000,-88000,-88000
059656,T50反1元大99購11,0,0,0,0,0,0,0,0,0,-88000,0,0,0,6000,94000,-88000,-88000
058397,大成鋼元大99購02,0,0,0,0,0,0,0,0,0,-88000,0,0,0,87000,175000,-88000,-88000
07686P,祥碩凱基9A售02  ,0,0,0,0,0,0,0,0,0,-88000,0,0,0,7000,95000,-88000,-88000
2239,英利-KY         ,9000,97000,-88000,0,0,0,0,0,0,0,0,0,0,0,0,0,-88000
5515,建國            ,0,74000,-74000,0,0,0,0,0,0,-14000,0,14000,-14000,0,0,0,-88000
07257P,臺股指凱基99售37,0,0,0,0,0,0,0,0,0,-89000,0,0,0,31000,120000,-89000,-89000
07404P,華新科凱基99售10,0,0,0,0,0,0,0,0,0,-89000,0,0,0,90000,179000,-89000,-89000
06470P,臺股指凱基99售10,0,0,0,0,0,0,0,0,0,-89000,0,0,0,0,89000,-89000,-89000
062129,世紀鋼統一02購01,0,0,0,0,0,0,0,0,0,-89000,0,0,0,0,89000,-89000,-89000
062265,南茂元大9B購01  ,0,0,0,0,0,0,0,0,0,-89000,0,0,0,1000,90000,-89000,-89000
062232,聯詠麥證9C購01  ,0,0,0,0,89000,-89000,0,0,0,-89000,0,0,0,0,89000,-89000,-89000
061887,祥碩國泰9C購01  ,0,0,0,0,0,0,0,0,0,-89000,0,0,0,287000,376000,-89000,-89000
05496P,聯詠統一95售04  ,0,0,0,0,0,0,0,0,0,-89000,0,0,0,0,89000,-89000,-89000
056196,聯茂富邦98購02  ,0,0,0,0,0,0,0,0,0,-89000,0,0,0,21000,110000,-89000,-89000
059675,大立光元富99購08,0,0,0,0,0,0,0,0,0,-89000,0,0,0,0,89000,-89000,-89000
05977P,旺宏永豐96售06  ,0,0,0,0,0,0,0,0,0,-89000,0,0,0,121000,210000,-89000,-89000
056706,元油2X富邦9B購01,0,0,0,0,0,0,0,0,0,-89000,0,0,0,0,89000,-89000,-89000
07634P,金像電元大9A售01,0,0,0,0,0,0,0,0,0,-89000,0,0,0,521000,610000,-89000,-89000
1304,台聚            ,154000,231000,-77000,0,0,0,0,0,0,-12000,0,12000,-12000,0,0,0,-89000
061492,超眾兆豐9B購01  ,0,0,0,0,0,0,0,0,0,-90000,0,0,0,60000,150000,-90000,-90000
061452,大成鋼凱基9A購01,0,0,0,0,0,0,0,0,0,-90000,0,0,0,0,90000,-90000,-90000
06077P,GIS凱基97售02   ,0,0,0,0,0,0,0,0,0,-90000,0,0,0,30000,120000,-90000,-90000
061046,上銀第一9A購01  ,0,0,0,0,0,0,0,0,0,-90000,0,0,0,10000,100000,-90000,-90000
060855,華新科富邦01購01,0,0,0,0,0,0,0,0,0,-90000,0,0,0,0,90000,-90000,-90000
062401,信邦永豐9B購01  ,0,0,0,0,0,0,0,0,0,-90000,0,0,0,63000,153000,-90000,-90000
055244,國巨統一98購01  ,0,0,0,0,0,0,0,0,0,-90000,0,0,0,33000,123000,-90000,-90000
059523,滬深2X凱基9C購04,0,0,0,0,0,0,0,0,0,-90000,0,0,0,0,90000,-90000,-90000
054834,帆宣中信97購01  ,0,0,0,0,0,0,0,0,0,-90000,0,0,0,0,90000,-90000,-90000
054420,緯穎元大96購08  ,0,0,0,0,0,0,0,0,0,-90000,0,0,0,57000,147000,-90000,-90000
056745,聯茂凱基99購03  ,0,0,0,0,0,0,0,0,0,-90000,0,0,0,0,90000,-90000,-90000
057632,傳奇永豐98購01  ,0,0,0,0,0,0,0,0,0,-90000,0,0,0,0,90000,-90000,-90000
057039,元油2X元大9B購07,0,0,0,0,0,0,0,0,0,-90000,0,0,0,0,90000,-90000,-90000
058445,旺宏富邦9C購01  ,0,0,0,0,0,0,0,0,0,-90000,0,0,0,280000,370000,-90000,-90000
057539,南茂元大98購02  ,0,0,0,0,0,0,0,0,0,-90000,0,0,0,114000,204000,-90000,-90000
056651,聯茂凱基98購04  ,0,0,0,0,0,0,0,0,0,-90000,0,0,0,0,90000,-90000,-90000
056538,國泰金凱基98購01,0,0,0,0,0,0,0,0,0,-90000,0,0,0,10000,100000,-90000,-90000
057479,致茂元大98購03  ,0,0,0,0,0,0,0,0,0,-90000,0,0,0,0,90000,-90000,-90000
057469,康友永豐98購02  ,0,0,0,0,0,0,0,0,0,-90000,0,0,0,10000,100000,-90000,-90000
058800,健策元大99購03  ,0,0,0,0,0,0,0,0,0,-90000,0,0,0,28000,118000,-90000,-90000
058745,元金2X凱基9C購02,0,0,0,0,0,0,0,0,0,-90000,0,0,0,0,90000,-90000,-90000
058885,元石油元大9C購02,0,0,0,0,0,0,0,0,0,-90000,0,0,0,0,90000,-90000,-90000
058241,景碩元大99購05  ,0,0,0,0,0,0,0,0,0,-90000,0,0,0,10000,100000,-90000,-90000
058730,玉晶光永豐9A購01,0,0,0,0,0,0,0,0,0,-90000,0,0,0,8000,98000,-90000,-90000
058731,貿聯永豐99購02  ,0,0,0,0,0,0,0,0,0,-90000,0,0,0,0,90000,-90000,-90000
062540,茂林國泰9C購01  ,0,0,0,0,0,0,0,0,0,-91000,0,0,0,0,91000,-91000,-91000
061722,健策永豐9B購03  ,0,0,0,0,0,0,0,0,0,-91000,0,0,0,51000,142000,-91000,-91000
059848,智邦永豐99購01  ,0,0,0,0,0,0,0,0,0,-91000,0,0,0,17000,108000,-91000,-91000
1467,南緯            ,11000,104000,-93000,0,0,0,0,0,0,2000,2000,0,2000,0,0,0,-91000
062169,禾伸堂永豐9B購01,0,0,0,0,0,0,0,0,0,-92000,0,0,0,85000,177000,-92000,-92000
054339,聯詠統一96購02  ,0,0,0,0,0,0,0,0,0,-92000,0,0,0,0,92000,-92000,-92000
053997,健策群益97購02  ,0,0,0,0,0,0,0,0,0,-92000,0,0,0,0,92000,-92000,-92000
054750,聯茂凱基98購02  ,0,0,0,0,0,0,0,0,0,-92000,0,0,0,0,92000,-92000,-92000
059338,滬深2X凱基9C購02,0,0,0,0,0,0,0,0,0,-92000,0,0,0,0,92000,-92000,-92000
057529,嘉晶元大99購02  ,0,0,0,0,0,0,0,0,0,-92000,0,0,0,44000,136000,-92000,-92000
057599,技嘉群益9A購01  ,0,0,0,0,0,0,0,0,0,-92000,0,0,0,106000,198000,-92000,-92000
057347,國巨統一9A購03  ,0,0,0,0,0,0,0,0,0,-92000,0,0,0,556000,648000,-92000,-92000
2316,楠梓電          ,497000,532000,-35000,0,0,0,0,0,0,-57000,3000,0,3000,15000,75000,-60000,-92000
2882A,國泰特          ,0,1000,-1000,0,0,0,0,0,0,-91000,40000,131000,-91000,0,0,0,-92000
062315,健策凱基9C購01  ,0,0,0,0,0,0,0,0,0,-93000,0,0,0,9000,102000,-93000,-93000
07026P,超眾凱基99售03  ,0,0,0,0,0,0,0,0,0,-93000,0,0,0,266000,359000,-93000,-93000
060402,神隆國泰9B購01  ,0,0,0,0,0,0,0,0,0,-93000,0,0,0,29000,122000,-93000,-93000
058956,健策國票9A購02  ,0,0,0,0,0,0,0,0,0,-93000,0,0,0,0,93000,-93000,-93000
2369,菱生            ,254000,376000,-122000,0,0,0,0,0,0,29000,29000,0,29000,0,0,0,-93000
2419,仲琦            ,10000,108000,-98000,0,0,0,0,0,0,5000,5000,0,5000,0,0,0,-93000
6108,競國            ,6000,101000,-95000,0,0,0,0,0,0,2000,2000,0,2000,0,0,0,-93000
5534,長虹            ,38000,121666,-83666,0,0,0,0,0,0,-10000,0,10000,-10000,0,0,0,-93666
07089P,臺指2X中信01售01,0,0,0,0,0,0,0,0,0,-94000,0,0,0,0,94000,-94000,-94000
07263P,台積電元大99售37,0,0,0,0,0,0,0,0,0,-94000,0,0,0,5000,99000,-94000,-94000
062122,國巨統一02購01  ,0,0,0,0,0,0,0,0,0,-94000,0,0,0,150000,244000,-94000,-94000
060867,智伸科永豐9A購01,0,0,0,0,0,0,0,0,0,-94000,0,0,0,0,94000,-94000,-94000
059561,滬深2X凱基9C購05,0,0,0,0,0,0,0,0,0,-94000,0,0,0,0,94000,-94000,-94000
053827,漢唐麥證9A購01  ,0,0,0,50000,144000,-94000,0,0,0,-94000,0,0,0,50000,144000,-94000,-94000
058100,聯茂國泰99購02  ,0,0,0,0,0,0,0,0,0,-94000,0,0,0,6000,100000,-94000,-94000
061687,大成鋼群益9A購01,0,0,0,0,0,0,0,0,0,-95000,0,0,0,0,95000,-95000,-95000
061826,台郡麥證9B購01  ,0,0,0,0,95000,-95000,0,0,0,-95000,0,0,0,0,95000,-95000,-95000
062349,新日興群益9B購02,0,0,0,0,0,0,0,0,0,-95000,0,0,0,1000,96000,-95000,-95000
062377,力成元大9B購01  ,0,0,0,0,0,0,0,0,0,-95000,0,0,0,15000,110000,-95000,-95000
06953P,景碩統一9A售01  ,0,0,0,0,0,0,0,0,0,-95000,0,0,0,0,95000,-95000,-95000
058875,台表科國票9A購02,0,0,0,0,0,0,0,0,0,-95000,0,0,0,7000,102000,-95000,-95000
060432,達方永豐9A購01  ,0,0,0,0,0,0,0,0,0,-95000,0,0,0,20000,115000,-95000,-95000
060333,金寶康和9A購01  ,0,0,0,0,0,0,0,0,0,-95000,0,0,0,0,95000,-95000,-95000
058722,台郡元富99購01  ,0,0,0,0,0,0,0,0,0,-95000,0,0,0,101000,196000,-95000,-95000
060025,台積電富邦9C購06,0,0,0,0,0,0,0,0,0,-95000,0,0,0,25000,120000,-95000,-95000
059080,亞泥元大99購01  ,0,0,0,0,0,0,0,0,0,-95000,0,0,0,9000,104000,-95000,-95000
2450,神腦            ,0,90000,-90000,0,0,0,0,0,0,-5000,0,5000,-5000,0,0,0,-95000
07536P,華新科元富9A售04,0,0,0,0,0,0,0,0,0,-95000,0,0,0,84000,179000,-95000,-95000
07815P,美律群益9A售04  ,0,0,0,0,0,0,0,0,0,-95000,0,0,0,4000,99000,-95000,-95000
06595P,祥碩元大98售03  ,0,0,0,0,0,0,0,0,0,-96000,0,0,0,357000,453000,-96000,-96000
062176,元金2X元大9B購01,0,0,0,0,0,0,0,0,0,-96000,0,0,0,4000,100000,-96000,-96000
061295,台積電國泰9B購02,0,0,0,0,0,0,0,0,0,-96000,0,0,0,49000,145000,-96000,-96000
060898,世芯凱基9A購03  ,0,0,0,0,0,0,0,0,0,-96000,0,0,0,11000,107000,-96000,-96000
053892,景碩群益96購02  ,0,0,0,0,0,0,0,0,0,-96000,0,0,0,2000,98000,-96000,-96000
055986,祥碩元富97購01  ,0,0,0,0,0,0,0,0,0,-96000,0,0,0,0,96000,-96000,-96000
048651,美利達元大96購05,0,0,0,0,0,0,0,0,0,-96000,0,0,0,5000,101000,-96000,-96000
058315,TPK富邦9C購01   ,0,0,0,0,0,0,0,0,0,-96000,0,0,0,9000,105000,-96000,-96000
056787,健鼎群益98購01  ,0,0,0,0,0,0,0,0,0,-96000,0,0,0,30000,126000,-96000,-96000
07469P,台達電元大9A售01,0,0,0,0,0,0,0,0,0,-96000,0,0,0,16000,112000,-96000,-96000
2207,和泰車          ,198731,319000,-120269,0,0,0,22000,0,22000,2000,2000,0,2000,0,0,0,-96269
060761,南亞科元大9A購05,0,0,0,0,0,0,0,0,0,-97000,0,0,0,10000,107000,-97000,-97000
061256,亞德客凱基9B購01,0,0,0,0,0,0,0,0,0,-97000,0,0,0,5000,102000,-97000,-97000
049463,華新科富邦97購01,0,0,0,0,0,0,0,0,0,-97000,0,0,0,2000,99000,-97000,-97000
056065,奇鋐元大97購01  ,0,0,0,0,0,0,0,0,0,-97000,0,0,0,35000,132000,-97000,-97000
054826,復盛元大9A購01  ,0,0,0,0,0,0,0,0,0,-97000,0,0,0,0,97000,-97000,-97000
056822,佐登永豐98購01  ,0,0,0,0,0,0,0,0,0,-97000,0,0,0,3000,100000,-97000,-97000
060480,億豐元大9A購02  ,0,0,0,0,0,0,0,0,0,-97000,0,0,0,3000,100000,-97000,-97000
059989,嘉晶元大9A購01  ,0,0,0,0,0,0,0,0,0,-97000,0,0,0,20000,117000,-97000,-97000
1109,信大            ,9000,106000,-97000,0,0,0,0,0,0,0,0,0,0,0,0,0,-97000
06125P,楠梓電元富99售01,0,0,0,0,0,0,0,0,0,-98000,0,0,0,0,98000,-98000,-98000
061789,群創群益9B購01  ,0,0,0,0,0,0,0,0,0,-98000,0,0,0,0,98000,-98000,-98000
061790,中租群益9B購01  ,0,0,0,0,0,0,0,0,0,-98000,0,0,0,0,98000,-98000,-98000
060809,康友群益9A購01  ,0,0,0,0,0,0,0,0,0,-98000,0,0,0,53000,151000,-98000,-98000
062032,崇越群益9B購01  ,0,0,0,0,0,0,0,0,0,-98000,0,0,0,0,98000,-98000,-98000
05593P,鴻海國票97售03  ,0,0,0,0,0,0,0,0,0,-98000,0,0,0,196000,294000,-98000,-98000
059533,富邦金凱基99購01,0,0,0,0,0,0,0,0,0,-98000,0,0,0,28000,126000,-98000,-98000
053519,力成群益96購02  ,0,0,0,0,0,0,0,0,0,-98000,0,0,0,1000,99000,-98000,-98000
060008,華邦電群益9A購01,0,0,0,0,0,0,0,0,0,-98000,0,0,0,125000,223000,-98000,-98000
057502,訊芯群益98購02  ,0,0,0,0,0,0,0,0,0,-98000,0,0,0,0,98000,-98000,-98000
058762,貿聯群益99購03  ,0,0,0,0,0,0,0,0,0,-98000,0,0,0,0,98000,-98000,-98000
058422,百和麥證99購01  ,0,0,0,0,98000,-98000,0,0,0,-98000,0,0,0,0,98000,-98000,-98000
060165,上緯控永豐9A購01,0,0,0,0,0,0,0,0,0,-98000,0,0,0,6000,104000,-98000,-98000
058669,上銀群益99購01  ,0,0,0,0,0,0,0,0,0,-98000,0,0,0,0,98000,-98000,-98000
057700,新日興群益9A購01,0,0,0,0,0,0,0,0,0,-98000,0,0,0,0,98000,-98000,-98000
058950,國巨群益99購06  ,0,0,0,0,0,0,0,0,0,-98000,0,0,0,39000,137000,-98000,-98000
057888,貿聯群益98購02  ,0,0,0,0,0,0,0,0,0,-98000,0,0,0,0,98000,-98000,-98000
05905P,晶技統一97售01  ,0,0,0,0,0,0,0,0,0,-99000,0,0,0,30000,129000,-99000,-99000
060168,台表科永豐9A購01,0,0,0,0,0,0,0,0,0,-99000,0,0,0,30000,129000,-99000,-99000
060245,聯陽元大9C購01  ,0,0,0,0,0,0,0,0,0,-99000,0,0,0,130000,229000,-99000,-99000
06199P,聯發科元大97售17,0,0,0,0,0,0,0,0,0,-100000,0,0,0,0,100000,-100000,-100000
062371,健策元大9B購08  ,0,0,0,0,0,0,0,0,0,-100000,0,0,0,0,100000,-100000,-100000
062541,臻鼎國泰01購01  ,0,0,0,0,0,0,0,0,0,-100000,0,0,0,0,100000,-100000,-100000
06436P,台光電國票98售04,0,0,0,0,0,0,0,0,0,-100000,0,0,0,29000,129000,-100000,-100000
06684P,緯穎元大98售06  ,0,0,0,0,0,0,0,0,0,-100000,0,0,0,0,100000,-100000,-100000
07084P,S&P正2元富9B售02,0,0,0,0,0,0,0,0,0,-100000,0,0,0,0,100000,-100000,-100000
060869,超眾永豐9A購02  ,0,0,0,0,0,0,0,0,0,-100000,0,0,0,0,100000,-100000,-100000
061767,信邦元大9B購01  ,0,0,0,0,0,0,0,0,0,-100000,0,0,0,18000,118000,-100000,-100000
061845,SP黃豆國票9B購02,0,0,0,0,0,0,0,0,0,-100000,0,0,0,0,100000,-100000,-100000
061890,元金2X永豐9B購01,0,0,0,0,0,0,0,0,0,-100000,0,0,0,15000,115000,-100000,-100000
061345,玉晶光元大9A購14,0,0,0,0,0,0,0,0,0,-100000,0,0,0,0,100000,-100000,-100000
05214P,台積電國票97售02,0,0,0,0,0,0,0,0,0,-100000,0,0,0,0,100000,-100000,-100000
056314,力成元大97購01  ,0,0,0,0,0,0,0,0,0,-100000,0,0,0,0,100000,-100000,-100000
053183,大立光元富96購03,0,0,0,0,0,0,0,0,0,-100000,0,0,0,100000,200000,-100000,-100000
055093,京鼎群益98購01  ,0,0,0,0,0,0,0,0,0,-100000,0,0,0,0,100000,-100000,-100000
055979,聯鈞統一97購03  ,0,0,0,0,0,0,0,0,0,-100000,0,0,0,0,100000,-100000,-100000
055287,日電貿元大97購01,0,0,0,0,0,0,0,0,0,-100000,0,0,0,47000,147000,-100000,-100000
055288,日電貿元大97購02,0,0,0,0,0,0,0,0,0,-100000,0,0,0,46000,146000,-100000,-100000
055396,瑞儀統一97購01  ,0,0,0,0,0,0,0,0,0,-100000,0,0,0,0,100000,-100000,-100000
055398,超眾統一97購03  ,0,0,0,0,0,0,0,0,0,-100000,0,0,0,0,100000,-100000,-100000
054860,台積電群益98購01,0,0,0,0,0,0,0,0,0,-100000,0,0,0,0,100000,-100000,-100000
055818,晶相光國票97購02,0,0,0,0,0,0,0,0,0,-100000,0,0,0,0,100000,-100000,-100000
054922,文曄凱基98購01  ,0,0,0,0,0,0,0,0,0,-100000,0,0,0,0,100000,-100000,-100000
054910,信錦凱基97購01  ,0,0,0,0,0,0,0,0,0,-100000,0,0,0,0,100000,-100000,-100000
054574,美律元大99購01  ,0,0,0,0,0,0,0,0,0,-100000,0,0,0,0,100000,-100000,-100000
056121,勤誠群益97購01  ,0,0,0,0,0,0,0,0,0,-100000,0,0,0,35000,135000,-100000,-100000
055688,力成凱基98購02  ,0,0,0,0,0,0,0,0,0,-100000,0,0,0,0,100000,-100000,-100000
053957,瑞昱永豐96購01  ,0,0,0,0,0,0,0,0,0,-100000,0,0,0,0,100000,-100000,-100000
060408,和潤國泰9C購01  ,0,0,0,0,0,0,0,0,0,-100000,0,0,0,63000,163000,-100000,-100000
056960,光罩永豐98購01  ,0,0,0,0,0,0,0,0,0,-100000,0,0,0,4000,104000,-100000,-100000
057777,可成群益9A購03  ,0,0,0,0,0,0,0,0,0,-100000,0,0,0,5000,105000,-100000,-100000
060045,嘉晶群益99購02  ,0,0,0,0,0,0,0,0,0,-100000,0,0,0,84000,184000,-100000,-100000
057964,緯穎元大99購03  ,0,0,0,0,0,0,0,0,0,-100000,0,0,0,15000,115000,-100000,-100000
057966,金融類元大98購01,0,0,0,0,0,0,0,0,0,-100000,0,0,0,0,100000,-100000,-100000
056524,欣興中信98購02  ,0,0,0,0,0,0,0,0,0,-100000,0,0,0,17000,117000,-100000,-100000
059985,華新科元大99購22,0,0,0,0,0,0,0,0,0,-100000,0,0,0,0,100000,-100000,-100000
057346,鴻海統一98購13  ,0,0,0,0,0,0,0,0,0,-100000,0,0,0,0,100000,-100000,-100000
07928P,國巨統一9B售09  ,0,0,0,0,0,0,0,0,0,-100000,0,0,0,0,100000,-100000,-100000
1604,聲寶            ,22000,123000,-101000,0,0,0,0,0,0,1000,1000,0,1000,0,0,0,-100000
07840P,康控元大9A售02  ,0,0,0,0,0,0,0,0,0,-100000,0,0,0,9000,109000,-100000,-100000
4137,麗豐-KY         ,43000,139000,-96000,0,0,0,0,0,0,-4000,0,0,0,1000,5000,-4000,-100000
060754,華通元大9A購04  ,0,0,0,0,0,0,0,0,0,-101000,0,0,0,5000,106000,-101000,-101000
06763P,技嘉元大98售05  ,0,0,0,0,0,0,0,0,0,-101000,0,0,0,67000,168000,-101000,-101000
062598,華通台新9B購02  ,0,0,0,0,0,0,0,0,0,-101000,0,0,0,0,101000,-101000,-101000
054148,矽創元大96購03  ,0,0,0,0,0,0,0,0,0,-101000,0,0,0,0,101000,-101000,-101000
046928,奇鋐富邦97購01  ,0,0,0,0,0,0,0,0,0,-101000,0,0,0,0,101000,-101000,-101000
060037,鴻海國票99購10  ,0,0,0,0,0,0,0,0,0,-101000,0,0,0,0,101000,-101000,-101000
3050,鈺德            ,33000,134000,-101000,0,0,0,0,0,0,0,0,0,0,0,0,0,-101000
2705,六福            ,0,101000,-101000,0,0,0,0,0,0,0,0,0,0,0,0,0,-101000
1733,五鼎            ,147000,233000,-86000,0,0,0,0,0,0,-15000,3000,18000,-15000,0,0,0,-101000
2103,台橡            ,459000,524000,-65000,0,0,0,0,36314,-36314,0,0,0,0,0,0,0,-101314
060953,富邦金群益9A購01,0,0,0,0,0,0,0,0,0,-102000,0,0,0,204000,306000,-102000,-102000
056266,開發金統一9A購01,0,0,0,0,0,0,0,0,0,-102000,0,0,0,29000,131000,-102000,-102000
058684,健策凱基99購02  ,0,0,0,0,0,0,0,0,0,-102000,0,0,0,0,102000,-102000,-102000
060347,大立光統一02購01,0,0,0,0,0,0,0,0,0,-102000,0,0,0,15000,117000,-102000,-102000
9946,三發地產        ,0,102170,-102170,0,0,0,0,0,0,0,0,0,0,0,0,0,-102170
060977,亞德客元大9A購04,0,0,0,0,0,0,0,0,0,-103000,0,0,0,21000,124000,-103000,-103000
060890,大立光統一01購01,0,0,0,0,0,0,0,0,0,-103000,0,0,0,0,103000,-103000,-103000
061077,國巨兆豐9B購01  ,0,0,0,0,0,0,0,0,0,-103000,0,0,0,41000,144000,-103000,-103000
061491,嘉聯益兆豐9B購01,0,0,0,0,0,0,0,0,0,-103000,0,0,0,0,103000,-103000,-103000
061743,祥碩凱基9B購02  ,0,0,0,0,0,0,0,0,0,-103000,0,0,0,386000,489000,-103000,-103000
061593,智原永豐9A購01  ,0,0,0,0,0,0,0,0,0,-103000,0,0,0,0,103000,-103000,-103000
062133,大成鋼群益9B購01,0,0,0,0,0,0,0,0,0,-103000,0,0,0,0,103000,-103000,-103000
06801P,技嘉群益99售02  ,0,0,0,0,0,0,0,0,0,-103000,0,0,0,42000,145000,-103000,-103000
054874,帆宣群益99購02  ,0,0,0,0,0,0,0,0,0,-103000,0,0,0,1000,104000,-103000,-103000
060114,緯穎元大99購10  ,0,0,0,0,0,0,0,0,0,-103000,0,0,0,7000,110000,-103000,-103000
057405,麗豐群益98購01  ,0,0,0,0,0,0,0,0,0,-103000,0,0,0,0,103000,-103000,-103000
057279,國揚元大98購01  ,0,0,0,0,0,0,0,0,0,-103000,0,0,0,27000,130000,-103000,-103000
07854P,台積電凱基9A售28,0,0,0,0,0,0,0,0,0,-103000,0,0,0,0,103000,-103000,-103000
062522,同欣電元大9B購02,0,0,0,0,0,0,0,0,0,-104000,0,0,0,0,104000,-104000,-104000
054614,玉晶光永豐97購03,0,0,0,0,0,0,0,0,0,-104000,0,0,0,0,104000,-104000,-104000
05971P,世紀鋼永豐96售04,0,0,0,0,0,0,0,0,0,-104000,0,0,0,5000,109000,-104000,-104000
057575,世紀鋼永豐98購02,0,0,0,0,0,0,0,0,0,-104000,0,0,0,10000,114000,-104000,-104000
061822,和潤群益9B購01  ,0,0,0,0,0,0,0,0,0,-105000,0,0,0,0,105000,-105000,-105000
055748,GIS元富97購01   ,0,0,0,0,0,0,0,0,0,-105000,0,0,0,40000,145000,-105000,-105000
052054,台表科凱基96購01,0,0,0,0,0,0,0,0,0,-105000,0,0,0,60000,165000,-105000,-105000
057579,長榮航中信9A購01,0,0,0,0,0,0,0,0,0,-105000,0,0,0,45000,150000,-105000,-105000
05982P,漢唐國票96售03  ,0,0,0,0,0,0,0,0,0,-105000,0,0,0,0,105000,-105000,-105000
059103,旭富元富99購03  ,0,0,0,0,0,0,0,0,0,-105000,0,0,0,87000,192000,-105000,-105000
057624,新日興國泰99購01,0,0,0,0,0,0,0,0,0,-105000,0,0,0,0,105000,-105000,-105000
060452,儒鴻元大9A購01  ,0,0,0,0,0,0,0,0,0,-105000,0,0,0,45000,150000,-105000,-105000
060290,興富發元大9C購01,0,0,0,0,0,0,0,0,0,-105000,0,0,0,0,105000,-105000,-105000
058081,技嘉群益9A購03  ,0,0,0,0,0,0,0,0,0,-105000,0,0,0,130000,235000,-105000,-105000
07895P,美律元大9B售01  ,0,0,0,0,0,0,0,0,0,-105000,0,0,0,0,105000,-105000,-105000
9917,中保科          ,64000,168000,-104000,0,0,0,0,0,0,-1000,0,1000,-1000,0,0,0,-105000
062355,華通元大9B購03  ,0,0,0,0,0,0,0,0,0,-106000,0,0,0,2000,108000,-106000,-106000
062230,緯穎統一01購01  ,0,0,0,0,0,0,0,0,0,-106000,0,0,0,47000,153000,-106000,-106000
06431P,新日興元大97售05,0,0,0,0,0,0,0,0,0,-106000,0,0,0,1000,107000,-106000,-106000
058646,聯茂富邦9A購01  ,0,0,0,0,0,0,0,0,0,-106000,0,0,0,86000,192000,-106000,-106000
056911,緯穎元大99購01  ,0,0,0,0,0,0,0,0,0,-106000,0,0,0,20000,126000,-106000,-106000
07986P,大成鋼統一9B售02,0,0,0,0,0,0,0,0,0,-106000,0,0,0,0,106000,-106000,-106000
1473,台南            ,3000,109000,-106000,0,0,0,0,0,0,0,0,0,0,0,0,0,-106000
07491P,臺股指國票9A售09,0,0,0,0,0,0,0,0,0,-106000,0,0,0,60000,166000,-106000,-106000
2888A,新光金甲特      ,0,0,0,0,0,0,0,0,0,-106000,0,106000,-106000,0,0,0,-106000
2395,研華            ,458452,515104,-56652,0,0,0,0,0,0,-50000,5000,55000,-50000,0,0,0,-106652
056391,大立光富邦9C購01,0,0,0,0,0,0,0,0,0,-107000,0,0,0,0,107000,-107000,-107000
057724,亞德客國泰99購01,0,0,0,0,0,0,0,0,0,-107000,0,0,0,514000,621000,-107000,-107000
056724,臻鼎中信9A購01  ,0,0,0,0,0,0,0,0,0,-107000,0,0,0,179000,286000,-107000,-107000
059907,道瓊指元大99購03,0,0,0,0,0,0,0,0,0,-107000,0,0,0,18000,125000,-107000,-107000
059695,聯鈞永豐99購02  ,0,0,0,0,0,0,0,0,0,-107000,0,0,0,0,107000,-107000,-107000
062166,致新國泰01購01  ,0,0,0,0,0,0,0,0,0,-108000,0,0,0,4000,112000,-108000,-108000
061709,SP黃豆凱基01購02,0,0,0,0,0,0,0,0,0,-108000,0,0,0,0,108000,-108000,-108000
057198,智伸科統一9B購01,0,0,0,0,0,0,0,0,0,-108000,0,0,0,0,108000,-108000,-108000
058914,元油2X元富01購02,0,0,0,0,0,0,0,0,0,-108000,0,0,0,0,108000,-108000,-108000
061925,禾伸堂凱基9C購01,0,0,0,0,0,0,0,0,0,-109000,0,0,0,47000,156000,-109000,-109000
062082,嘉晶元大9B購01  ,0,0,0,0,0,0,0,0,0,-109000,0,0,0,60000,169000,-109000,-109000
055256,日電貿統一99購01,0,0,0,0,0,0,0,0,0,-109000,0,0,0,0,109000,-109000,-109000
06567P,鴻海永豐98售02  ,0,0,0,0,0,0,0,0,0,-110000,0,0,0,0,110000,-110000,-110000
061025,創意富邦9B購01  ,0,0,0,0,0,0,0,0,0,-110000,0,0,0,0,110000,-110000,-110000
054053,聯茂元大96購01  ,0,0,0,0,0,0,0,0,0,-110000,0,0,0,0,110000,-110000,-110000
054263,聯茂元大96購02  ,0,0,0,0,0,0,0,0,0,-110000,0,0,0,10000,120000,-110000,-110000
054377,臺股指中信99購09,0,0,0,0,0,0,0,0,0,-110000,0,0,0,0,110000,-110000,-110000
053072,國巨台新97購01  ,0,0,0,0,0,0,0,0,0,-110000,0,0,0,5000,115000,-110000,-110000
046881,智原富邦99購01  ,0,0,0,0,0,0,0,0,0,-110000,0,0,0,10000,120000,-110000,-110000
048754,瀚宇博元富97購01,0,0,0,0,0,0,0,0,0,-110000,0,0,0,0,110000,-110000,-110000
00753L,中信中國50正2   ,591000,217000,374000,0,0,0,0,0,0,-484000,0,0,0,699000,1183000,-484000,-110000
058807,和大統一9B購01  ,0,0,0,0,0,0,0,0,0,-110000,0,0,0,0,110000,-110000,-110000
058214,世芯群益9A購01  ,0,0,0,0,0,0,0,0,0,-110000,0,0,0,456000,566000,-110000,-110000
056766,義隆元大98購01  ,0,0,0,0,0,0,0,0,0,-110000,0,0,0,0,110000,-110000,-110000
2913,農林            ,92000,223000,-131000,0,0,0,0,0,0,21000,21000,0,21000,0,0,0,-110000
8215,明基材          ,265000,383000,-118000,0,0,0,0,0,0,8000,8000,0,8000,0,0,0,-110000
061123,燿華永豐9A購01  ,0,0,0,0,0,0,0,0,0,-111000,0,0,0,5000,116000,-111000,-111000
060922,金像電永豐9A購01,85000,0,85000,0,0,0,0,0,0,-196000,0,0,0,26000,222000,-196000,-111000
056273,祥碩統一97購02  ,0,0,0,0,0,0,0,0,0,-111000,0,0,0,0,111000,-111000,-111000
2453,凌群            ,80000,175000,-95000,0,0,0,0,0,0,-16000,1000,17000,-16000,0,0,0,-111000
3029,零壹            ,138000,231000,-93000,0,0,0,0,0,0,-18000,5000,23000,-18000,0,0,0,-111000
07932P,國巨元大9B售04  ,0,0,0,0,0,0,0,0,0,-111000,0,0,0,0,111000,-111000,-111000
061190,力山永豐9A購02  ,0,0,0,0,0,0,0,0,0,-112000,0,0,0,0,112000,-112000,-112000
062388,旭富國泰01購01  ,0,0,0,0,0,0,0,0,0,-112000,0,0,0,30000,142000,-112000,-112000
03649C,T50反1凱基99牛05,0,0,0,0,0,0,0,0,0,-112000,0,0,0,0,112000,-112000,-112000
059930,健策富邦9B購01  ,0,0,0,0,0,0,0,0,0,-112000,0,0,0,4000,116000,-112000,-112000
07502P,美食元大9A售01  ,0,0,0,0,0,0,0,0,0,-112000,0,0,0,0,112000,-112000,-112000
2527,宏璟            ,21000,122000,-101000,0,0,0,0,0,0,-11000,0,11000,-11000,0,0,0,-112000
062012,燿華富邦9C購01  ,0,0,0,0,0,0,0,0,0,-113000,0,0,0,98000,211000,-113000,-113000
060679,聯詠元大9A購04  ,0,0,0,0,0,0,0,0,0,-113000,0,0,0,66000,179000,-113000,-113000
054943,群光元大97購01  ,0,0,0,0,0,0,0,0,0,-113000,0,0,0,0,113000,-113000,-113000
060022,勤誠康和99購01  ,0,0,0,0,0,0,0,0,0,-113000,0,0,0,78000,191000,-113000,-113000
2467,志聖            ,103000,222000,-119000,0,0,0,0,0,0,6000,6000,0,6000,0,0,0,-113000
1417,嘉裕            ,15000,128000,-113000,0,0,0,0,0,0,0,0,0,0,0,0,0,-113000
062172,南六永豐9B購01  ,0,0,0,0,0,0,0,0,0,-114000,0,0,0,0,114000,-114000,-114000
060121,新光金富邦99購01,0,0,0,0,0,0,0,0,0,-114000,0,0,0,0,114000,-114000,-114000
060311,盟立永豐9A購01  ,0,0,0,0,0,0,0,0,0,-114000,0,0,0,0,114000,-114000,-114000
07878P,智邦群益9C售01  ,0,0,0,0,0,0,0,0,0,-114000,0,0,0,17000,131000,-114000,-114000
061649,緯穎元大9A購06  ,0,0,0,0,0,0,0,0,0,-115000,0,0,0,53000,168000,-115000,-115000
054912,群光凱基97購01  ,0,0,0,0,0,0,0,0,0,-115000,0,0,0,0,115000,-115000,-115000
061101,道瓊銀元大9A購02,0,0,0,0,0,0,0,0,0,-116000,0,0,0,330000,446000,-116000,-116000
06721P,臺股指中信9A售03,0,0,0,0,0,0,0,0,0,-116000,0,0,0,16000,132000,-116000,-116000
056092,亞德客元富97購02,0,0,0,0,0,0,0,0,0,-116000,0,0,0,44000,160000,-116000,-116000
4916,事欣科          ,9000,125000,-116000,0,0,0,0,0,0,0,0,0,0,0,0,0,-116000
6443,元晶            ,5000,121000,-116000,0,0,0,0,0,0,0,0,0,0,0,0,0,-116000
07122P,欣興凱基99售05  ,0,0,0,0,0,0,0,0,0,-117000,0,0,0,11000,128000,-117000,-117000
061922,瑞昱凱基9B購01  ,0,0,0,0,0,0,0,0,0,-117000,0,0,0,3000,120000,-117000,-117000
058062,上銀中信98購01  ,0,0,0,0,0,0,0,0,0,-117000,0,0,0,5000,122000,-117000,-117000
059671,滬深2X元富99購05,0,0,0,0,0,0,0,0,0,-117000,0,0,0,0,117000,-117000,-117000
058796,可成元大99購04  ,0,0,0,0,0,0,0,0,0,-117000,0,0,0,0,117000,-117000,-117000
5264,鎧勝-KY         ,180000,286000,-106000,0,0,0,0,0,0,-11000,6000,3000,3000,7000,21000,-14000,-117000
07471P,南亞科元大9A售01,0,0,0,0,0,0,0,0,0,-117000,0,0,0,136000,253000,-117000,-117000
06619P,聯發科元大98售06,0,0,0,0,0,0,0,0,0,-118000,0,0,0,223000,341000,-118000,-118000
060558,億豐凱基9A購01  ,0,0,0,0,0,0,0,0,0,-118000,0,0,0,43000,161000,-118000,-118000
061394,FBVIX統一9B購01 ,0,0,0,0,0,0,0,0,0,-118000,0,0,0,3000,121000,-118000,-118000
053095,台光電統一98購01,0,0,0,0,0,0,0,0,0,-118000,0,0,0,133000,251000,-118000,-118000
060312,潤泰全永豐9A購01,0,0,0,0,0,0,0,0,0,-118000,0,0,0,0,118000,-118000,-118000
061699,燿華國票9A購01  ,0,0,0,0,0,0,0,0,0,-119000,0,0,0,32000,151000,-119000,-119000
061771,玉晶光元大9C購04,0,0,0,0,0,0,0,0,0,-119000,0,0,0,10000,129000,-119000,-119000
054164,強茂凱基98購01  ,0,0,0,0,0,0,0,0,0,-119000,0,0,0,45000,164000,-119000,-119000
060191,亞光元富9A購02  ,0,0,0,0,0,0,0,0,0,-119000,0,0,0,5000,124000,-119000,-119000
060450,南亞元大9A購02  ,0,0,0,0,0,0,0,0,0,-119000,0,0,0,0,119000,-119000,-119000
059818,鴻海凱基99購14  ,0,0,0,0,0,0,0,0,0,-119000,0,0,0,0,119000,-119000,-119000
058406,聯茂元大99購06  ,0,0,0,0,0,0,0,0,0,-119000,0,0,0,13000,132000,-119000,-119000
056747,致新凱基99購01  ,0,0,0,0,0,0,0,0,0,-119000,0,0,0,7000,126000,-119000,-119000
05731P,創意統一96售03  ,0,0,0,0,0,0,0,0,0,-119000,0,0,0,99000,218000,-119000,-119000
061762,台塑元大9B購01  ,0,0,0,0,0,0,0,0,0,-120000,0,0,0,52000,172000,-120000,-120000
061765,義隆元大9B購01  ,0,0,0,0,0,0,0,0,0,-120000,0,0,0,0,120000,-120000,-120000
060671,亞德客元大9A購03,0,0,0,0,0,0,0,0,0,-120000,0,0,0,36000,156000,-120000,-120000
062506,巨大群益9C購01  ,0,0,0,0,0,0,0,0,0,-120000,0,0,0,0,120000,-120000,-120000
055385,昇陽半元大98購01,0,0,0,0,0,0,0,0,0,-120000,0,0,0,0,120000,-120000,-120000
058393,元油2X元大99購13,0,0,0,0,0,0,0,0,0,-120000,0,0,0,0,120000,-120000,-120000
05978P,麗豐永豐96售02  ,0,0,0,0,0,0,0,0,0,-120000,0,0,0,25000,145000,-120000,-120000
056572,義隆元大99購01  ,0,0,0,0,0,0,0,0,0,-120000,0,0,0,2000,122000,-120000,-120000
060252,緯穎元大9A購02  ,0,0,0,0,0,0,0,0,0,-120000,0,0,0,21000,141000,-120000,-120000
07955P,大成鋼群益9B售02,0,0,0,0,0,0,0,0,0,-120000,0,0,0,23000,143000,-120000,-120000
062400,晶豪科永豐9B購02,0,0,0,0,0,0,0,0,0,-121000,0,0,0,231000,352000,-121000,-121000
062360,華邦電元大9B購01,0,0,0,0,0,0,0,0,0,-121000,0,0,0,113000,234000,-121000,-121000
060626,貿聯元大9A購04  ,0,0,0,0,0,0,0,0,0,-121000,0,0,0,11000,132000,-121000,-121000
056949,義隆統一98購01  ,0,0,0,0,0,0,0,0,0,-121000,0,0,0,10000,131000,-121000,-121000
1231,聯華食          ,13000,55000,-42000,0,0,0,0,0,0,-79000,0,79000,-79000,0,0,0,-121000
5607,遠雄港          ,25000,139000,-114000,0,0,0,0,0,0,-7000,0,7000,-7000,0,0,0,-121000
8213,志超            ,254000,398000,-144000,0,0,0,0,0,0,23000,14000,0,14000,9000,0,9000,-121000
4426,利勤            ,33824,155084,-121260,0,0,0,0,0,0,0,0,0,0,0,0,0,-121260
062275,燿華群益9B購01  ,0,0,0,0,0,0,0,0,0,-122000,0,0,0,0,122000,-122000,-122000
06982P,義隆凱基99售02  ,0,0,0,0,0,0,0,0,0,-122000,0,0,0,112000,234000,-122000,-122000
055085,大毅國票97購01  ,0,0,0,0,0,0,0,0,0,-122000,0,0,0,47000,169000,-122000,-122000
060411,達新永豐9A購01  ,0,0,0,0,0,0,0,0,0,-122000,0,0,0,214000,336000,-122000,-122000
058852,貿聯群益99購04  ,0,0,0,0,0,0,0,0,0,-122000,0,0,0,0,122000,-122000,-122000
07944P,華新科元大9B售08,10000,0,10000,0,0,0,0,0,0,-132000,0,0,0,35000,167000,-132000,-122000
056101,光磊永豐98購01  ,0,0,0,0,0,0,0,0,0,-123000,0,0,0,0,123000,-123000,-123000
058883,旭富永豐99購01  ,0,0,0,0,0,0,0,0,0,-123000,0,0,0,0,123000,-123000,-123000
06000P,GIS元大96售04   ,0,0,0,0,0,0,0,0,0,-123000,0,0,0,0,123000,-123000,-123000
057569,光磊永豐98購03  ,0,0,0,0,0,0,0,0,0,-123000,0,0,0,0,123000,-123000,-123000
07862P,聯發科凱基9B售05,0,0,0,0,0,0,0,0,0,-123000,0,0,0,0,123000,-123000,-123000
055327,致新國票98購01  ,0,0,0,0,0,0,0,0,0,-124000,0,0,0,0,124000,-124000,-124000
03662C,FBVIX凱基03牛01 ,0,0,0,0,0,0,0,0,0,-124000,0,0,0,13000,137000,-124000,-124000
058399,美律元大99購05  ,0,0,0,0,0,0,0,0,0,-124000,0,0,0,347000,471000,-124000,-124000
060339,國巨統一01購01  ,0,0,0,0,0,0,0,0,0,-124000,0,0,0,0,124000,-124000,-124000
3209,全科            ,107000,221000,-114000,0,0,0,0,0,0,-10000,0,10000,-10000,0,0,0,-124000
4976,佳凌            ,38000,162000,-124000,0,0,0,0,0,0,0,0,0,0,0,0,0,-124000
07319P,台積電凱基01售02,0,0,0,0,0,0,0,0,0,-125000,0,0,0,0,125000,-125000,-125000
062379,致新元大9B購01  ,0,0,0,0,0,0,0,0,0,-125000,0,0,0,0,125000,-125000,-125000
053294,聯發科中信9C購01,0,0,0,0,0,0,0,0,0,-125000,0,0,0,58000,183000,-125000,-125000
059298,大立光元富9C購02,0,0,0,0,0,0,0,0,0,-125000,0,0,0,48000,173000,-125000,-125000
059259,FBVIX中信03購06 ,0,0,0,0,0,0,0,0,0,-126000,0,0,0,7000,133000,-126000,-126000
060453,儒鴻元大9A購02  ,0,0,0,0,0,0,0,0,0,-126000,0,0,0,0,126000,-126000,-126000
058820,致茂國泰9B購01  ,0,0,0,0,0,0,0,0,0,-126000,0,0,0,203000,329000,-126000,-126000
058345,台光電群益99購03,0,0,0,0,0,0,0,0,0,-126000,0,0,0,22000,148000,-126000,-126000
062406,臻鼎永豐9B購01  ,0,0,0,0,0,0,0,0,0,-128000,0,0,0,0,128000,-128000,-128000
06262P,國巨凱基97售07  ,0,0,0,0,0,0,0,0,0,-128000,0,0,0,0,128000,-128000,-128000
07100P,華航元大99售01  ,0,0,0,0,0,0,0,0,0,-128000,0,0,0,77000,205000,-128000,-128000
061040,康友永豐9A購01  ,0,0,0,0,0,0,0,0,0,-128000,0,0,0,50000,178000,-128000,-128000
058616,台虹元大9A購01  ,0,0,0,0,0,0,0,0,0,-128000,0,0,0,27000,155000,-128000,-128000
055806,致新永豐97購02  ,0,0,0,0,0,0,0,0,0,-129000,0,0,0,0,129000,-129000,-129000
053055,聯詠國票97購01  ,0,0,0,0,0,0,0,0,0,-129000,0,0,0,271000,400000,-129000,-129000
058656,燿華中信99購01  ,0,0,0,0,0,0,0,0,0,-129000,0,0,0,131000,260000,-129000,-129000
060106,旭富元大99購02  ,0,0,0,0,0,0,0,0,0,-129000,0,0,0,117000,246000,-129000,-129000
061043,百和永豐9A購01  ,0,0,0,0,0,0,0,0,0,-130000,0,0,0,0,130000,-130000,-130000
061828,T50反1凱基02購01,0,0,0,0,0,0,0,0,0,-130000,0,0,0,0,130000,-130000,-130000
06766P,玉晶光元大99售10,0,0,0,0,0,0,0,0,0,-130000,0,0,0,23000,153000,-130000,-130000
06885P,國巨國票99售06  ,0,0,0,0,0,0,0,0,0,-130000,0,0,0,0,130000,-130000,-130000
06373P,聯發科元大97售22,0,0,0,0,0,0,0,0,0,-130000,0,0,0,0,130000,-130000,-130000
062030,旭富群益9B購01  ,0,0,0,0,0,0,0,0,0,-130000,0,0,0,15000,145000,-130000,-130000
054546,玉晶光中信9B購01,0,0,0,0,0,0,0,0,0,-130000,0,0,0,943000,1073000,-130000,-130000
054789,高鐵群益98購01  ,0,0,0,0,0,0,0,0,0,-130000,0,0,0,0,130000,-130000,-130000
056148,臺股指日盛97購03,0,0,0,0,0,0,0,0,0,-130000,0,0,0,0,130000,-130000,-130000
056807,元油2X統一9B購01,0,0,0,0,0,0,0,0,0,-130000,0,0,0,0,130000,-130000,-130000
059068,台虹國票9A購01  ,0,0,0,0,0,0,0,0,0,-130000,0,0,0,78000,208000,-130000,-130000
060827,健策元大9A購02  ,0,0,0,0,0,0,0,0,0,-131000,0,0,0,45000,176000,-131000,-131000
03680C,臺股指凱基9A牛26,0,0,0,0,0,0,0,0,0,-131000,0,0,0,891000,1022000,-131000,-131000
060436,巨大永豐9A購01  ,0,0,0,0,0,0,0,0,0,-131000,0,0,0,25000,156000,-131000,-131000
057691,健策凱基99購01  ,0,0,0,0,0,0,0,0,0,-131000,0,0,0,2000,133000,-131000,-131000
06853P,華擎元富98售03  ,0,0,0,0,0,0,0,0,0,-132000,0,0,0,130000,262000,-132000,-132000
055235,金寶台新98購01  ,0,0,0,0,0,0,0,0,0,-132000,0,0,0,83000,215000,-132000,-132000
054827,宏全元大9A購01  ,0,0,0,0,0,0,0,0,0,-132000,0,0,0,68000,200000,-132000,-132000
057438,禾伸堂國票99購01,0,0,0,0,0,0,0,0,0,-132000,0,0,0,16000,148000,-132000,-132000
060418,中橡永豐9A購01  ,0,0,0,0,0,0,0,0,0,-132000,0,0,0,0,132000,-132000,-132000
3041,揚智            ,643000,792000,-149000,0,0,0,0,0,0,17000,17000,0,17000,0,0,0,-132000
1515,力山            ,391000,336000,55000,0,0,0,0,0,0,-187000,2000,169000,-167000,24000,44000,-20000,-132000
060457,中橡元大9A購02  ,0,0,0,0,0,0,0,0,0,-133000,0,0,0,22000,155000,-133000,-133000
058602,台積電元大99購11,0,0,0,0,0,0,0,0,0,-133000,0,0,0,17000,150000,-133000,-133000
057936,健策群益99購01  ,0,0,0,0,0,0,0,0,0,-133000,0,0,0,14000,147000,-133000,-133000
07968P,國巨元大9B售09  ,0,0,0,0,0,0,0,0,0,-133000,0,0,0,26000,159000,-133000,-133000
2501,國建            ,13000,146000,-133000,0,0,0,0,0,0,0,0,0,0,0,0,0,-133000
2329,華泰            ,310000,466000,-156000,0,0,0,0,0,0,23000,40000,0,40000,0,17000,-17000,-133000
06627P,華新科元富99售01,0,0,0,0,0,0,0,0,0,-134000,0,0,0,61000,195000,-134000,-134000
060914,健策元大9A購03  ,0,0,0,0,0,0,0,0,0,-134000,0,0,0,53000,187000,-134000,-134000
055127,台虹兆豐97購01  ,0,0,0,0,0,0,0,0,0,-134000,0,0,0,0,134000,-134000,-134000
056827,元油2X富邦02購01,0,0,0,0,0,0,0,0,0,-134000,0,0,0,0,134000,-134000,-134000
2328,廣宇            ,219000,263000,-44000,0,0,0,0,0,0,-90000,4000,94000,-90000,0,0,0,-134000
5531,鄉林            ,56000,198000,-142000,0,0,0,0,0,0,8000,8000,0,8000,0,0,0,-134000
07867P,晶技元大9B售01  ,0,0,0,0,0,0,0,0,0,-134000,0,0,0,83000,217000,-134000,-134000
060976,SP黃豆元大9A購03,0,0,0,0,0,0,0,0,0,-135000,0,0,0,0,135000,-135000,-135000
054330,世芯永豐96購02  ,0,0,0,0,0,0,0,0,0,-135000,0,0,0,24000,159000,-135000,-135000
05571P,大立光統一96售03,0,0,0,0,0,0,0,0,0,-135000,0,0,0,129000,264000,-135000,-135000
05691P,聯發科中信98售01,0,0,0,0,0,0,0,0,0,-135000,0,0,0,115000,250000,-135000,-135000
07532P,台灣50中信01售02,0,0,0,0,0,0,0,0,0,-135000,0,0,0,0,135000,-135000,-135000
07672P,南電元大9A售05  ,0,0,0,0,0,0,0,0,0,-135000,0,0,0,59000,194000,-135000,-135000
2836,高雄銀          ,53000,164000,-111000,0,0,0,0,0,0,-24000,0,24000,-24000,0,0,0,-135000
8404,百和興業-KY     ,36756,163540,-126784,0,0,0,0,0,0,-9000,0,9000,-9000,0,0,0,-135784
060602,京元電凱基9A購01,0,0,0,0,0,0,0,0,0,-136000,0,0,0,0,136000,-136000,-136000
061644,健策元大9C購02  ,0,0,0,0,0,0,0,0,0,-136000,0,0,0,9000,145000,-136000,-136000
062195,聚陽中信9C購01  ,0,0,0,0,0,0,0,0,0,-136000,0,0,0,60000,196000,-136000,-136000
060195,旭富元富9A購02  ,0,0,0,0,0,0,0,0,0,-136000,0,0,0,70000,206000,-136000,-136000
058947,SGBR2X群益9B購02,0,0,0,0,0,0,0,0,0,-136000,0,0,0,178000,314000,-136000,-136000
057283,欣興元大98購07  ,0,0,0,0,0,0,0,0,0,-136000,0,0,0,27000,163000,-136000,-136000
059948,正文永豐99購01  ,0,0,0,0,0,0,0,0,0,-137000,0,0,0,76000,213000,-137000,-137000
059882,臺股指凱基9C購06,0,0,0,0,0,0,0,0,0,-137000,0,0,0,240000,377000,-137000,-137000
060366,健策元富9A購01  ,0,0,0,0,0,0,0,0,0,-137000,0,0,0,20000,157000,-137000,-137000
06396P,新日興康和97售01,0,0,0,0,0,0,0,0,0,-138000,0,0,0,29000,167000,-138000,-138000
06899P,嘉澤群益98售01  ,0,0,0,0,0,0,0,0,0,-138000,0,0,0,160000,298000,-138000,-138000
061780,國巨群益9C購01  ,0,0,0,0,0,0,0,0,0,-138000,0,0,0,5000,143000,-138000,-138000
055207,致新中信99購01  ,0,0,0,0,0,0,0,0,0,-138000,0,0,0,10000,148000,-138000,-138000
053537,玉晶光永豐98購02,0,0,0,0,0,0,0,0,0,-138000,0,0,0,70000,208000,-138000,-138000
06005P,晶豪科永豐96售04,0,0,0,0,0,0,0,0,0,-138000,0,0,0,164000,302000,-138000,-138000
058182,日電貿國泰9A購01,0,0,0,0,0,0,0,0,0,-138000,0,0,0,20000,158000,-138000,-138000
057298,旭富永豐98購01  ,0,0,0,0,0,0,0,0,0,-138000,0,0,0,34000,172000,-138000,-138000
5225,東科-KY         ,34000,172000,-138000,0,0,0,0,0,0,0,0,0,0,0,0,0,-138000
3702A,大聯大甲特      ,0,4000,-4000,0,0,0,0,0,0,-134000,0,134000,-134000,0,0,0,-138000
061795,智邦永豐9B購01  ,0,0,0,0,0,0,0,0,0,-139000,0,0,0,87000,226000,-139000,-139000
4942,嘉彰            ,124000,265000,-141000,0,0,0,0,0,0,2000,2000,0,2000,0,0,0,-139000
07714P,世紀鋼元大9A售03,0,0,0,0,0,0,0,0,0,-139000,0,0,0,34000,173000,-139000,-139000
1711,永光            ,68000,213000,-145000,0,0,0,0,0,0,6000,6000,0,6000,0,0,0,-139000
061659,信邦永豐9A購01  ,0,0,0,0,0,0,0,0,0,-140000,0,0,0,20000,160000,-140000,-140000
061679,健策元大9B購04  ,0,0,0,0,0,0,0,0,0,-140000,0,0,0,0,140000,-140000,-140000
06617P,智邦元大98售03  ,0,0,0,0,0,0,0,0,0,-140000,0,0,0,10000,150000,-140000,-140000
052542,友達元富98購01  ,0,0,0,0,0,0,0,0,0,-140000,0,0,0,60000,200000,-140000,-140000
058532,禾伸堂元富99購01,0,0,0,0,0,0,0,0,0,-140000,0,0,0,110000,250000,-140000,-140000
056856,華通群益9A購01  ,0,0,0,0,0,0,0,0,0,-140000,0,0,0,64000,204000,-140000,-140000
060379,T50反1凱基9A購07,0,0,0,0,0,0,0,0,0,-140000,0,0,0,0,140000,-140000,-140000
060404,台勝科國泰9B購01,0,0,0,0,0,0,0,0,0,-140000,0,0,0,66000,206000,-140000,-140000
2351,順德            ,31000,172000,-141000,0,0,0,0,0,0,1000,1000,0,1000,0,0,0,-140000
2392,正崴            ,417000,405000,12000,0,0,0,0,161000,-161000,9000,10000,0,10000,1000,2000,-1000,-140000
053297,鎧勝中信98購01  ,0,0,0,0,0,0,0,0,0,-141000,0,0,0,27000,168000,-141000,-141000
060281,卜蜂元大9C購01  ,0,0,0,0,0,0,0,0,0,-141000,0,0,0,43000,184000,-141000,-141000
060126,創意永豐99購04  ,0,0,0,0,0,0,0,0,0,-141000,0,0,0,84000,225000,-141000,-141000
3703,欣陸            ,76000,217000,-141000,0,0,0,0,0,0,0,0,0,0,0,0,0,-141000
3048,益登            ,35000,132000,-97000,0,0,0,0,0,0,-44000,1000,45000,-44000,0,0,0,-141000
07757P,國巨國票9B售04  ,0,0,0,0,0,0,0,0,0,-141000,0,0,0,184000,325000,-141000,-141000
07884P,華新科凱基9B售08,0,0,0,0,0,0,0,0,0,-141000,0,0,0,32000,173000,-141000,-141000
06249P,億光統一97售02  ,0,0,0,0,0,0,0,0,0,-142000,0,0,0,0,142000,-142000,-142000
061654,旺宏國票9A購02  ,0,0,0,0,0,0,0,0,0,-142000,0,0,0,0,142000,-142000,-142000
061451,南電中信9A購03  ,0,0,0,0,0,0,0,0,0,-142000,0,0,0,36000,178000,-142000,-142000
3149,正達            ,45000,187000,-142000,0,0,0,0,0,0,0,0,0,0,0,0,0,-142000
3563,牧德            ,204935,321000,-116065,0,0,0,0,19000,-19000,-7000,47000,52000,-5000,13000,15000,-2000,-142065
061149,華通群益9A購05  ,0,0,0,0,0,0,0,0,0,-143000,0,0,0,10000,153000,-143000,-143000
07067P,旺宏台新99售02  ,0,0,0,0,0,0,0,0,0,-143000,0,0,0,79000,222000,-143000,-143000
057779,禾伸堂群益98購02,0,0,0,0,0,0,0,0,0,-143000,0,0,0,42000,185000,-143000,-143000
059005,嘉晶元大99購06  ,0,0,0,0,0,0,0,0,0,-143000,0,0,0,655000,798000,-143000,-143000
07039P,南電台新99售01  ,0,0,0,0,0,0,0,0,0,-144000,0,0,0,0,144000,-144000,-144000
06421P,嘉澤統一97售02  ,0,0,0,0,0,0,0,0,0,-144000,0,0,0,54000,198000,-144000,-144000
060897,健策凱基9A購04  ,0,0,0,0,0,0,0,0,0,-144000,0,0,0,19000,163000,-144000,-144000
054349,同欣電國票97購02,0,0,0,0,0,0,0,0,0,-144000,0,0,0,117000,261000,-144000,-144000
057499,奇鋐群益98購01  ,0,0,0,0,0,0,0,0,0,-144000,0,0,0,2000,146000,-144000,-144000
07958P,華擎群益9B售01  ,0,0,0,0,0,0,0,0,0,-144000,0,0,0,0,144000,-144000,-144000
07234P,台灣50元大9B售04,0,0,0,0,0,0,0,0,0,-145000,0,0,0,120000,265000,-145000,-145000
054898,台肥康和97購01  ,0,0,0,0,0,0,0,0,0,-145000,0,0,0,59000,204000,-145000,-145000
05976P,國巨凱基96售14  ,0,0,0,0,0,0,0,0,0,-145000,0,0,0,15000,160000,-145000,-145000
057904,矽力永豐98購01  ,0,0,0,0,0,0,0,0,0,-145000,0,0,0,53000,198000,-145000,-145000
1305,華夏            ,466000,691248,-225248,0,0,0,0,0,0,80000,80000,0,80000,0,0,0,-145248
00730,富邦臺灣優質高息,0,0,0,0,0,0,0,0,0,-146000,0,0,0,999000,1145000,-146000,-146000
059061,晶技凱基9A購01  ,0,0,0,0,0,0,0,0,0,-146000,0,0,0,19000,165000,-146000,-146000
1457,宜進            ,34000,176000,-142000,0,0,0,0,0,0,-4000,0,4000,-4000,0,0,0,-146000
06935P,神達元大98售02  ,0,0,0,0,0,0,0,0,0,-148000,0,0,0,152000,300000,-148000,-148000
062214,金寶統一01購01  ,0,0,0,0,0,0,0,0,0,-148000,0,0,0,0,148000,-148000,-148000
060908,金像電元大9A購03,0,0,0,0,0,0,0,0,0,-148000,0,0,0,177000,325000,-148000,-148000
054043,漢唐元大97購01  ,0,0,0,0,0,0,0,0,0,-148000,0,0,0,95000,243000,-148000,-148000
2548,華固            ,139000,283000,-144000,0,0,0,0,0,0,-4000,4000,8000,-4000,0,0,0,-148000
061772,健策元大9B購06  ,0,0,0,0,0,0,0,0,0,-149000,0,0,0,11000,160000,-149000,-149000
06669P,緯穎凱基98售05  ,0,0,0,0,0,0,0,0,0,-149000,0,0,0,1000,150000,-149000,-149000
053900,T50反1日盛99購01,0,0,0,0,0,0,0,0,0,-149000,0,0,0,0,149000,-149000,-149000
055181,日電貿統一97購01,0,0,0,0,0,0,0,0,0,-149000,0,0,0,50000,199000,-149000,-149000
056197,友訊永豐97購01  ,0,0,0,0,0,0,0,0,0,-149000,0,0,0,257000,406000,-149000,-149000
07727P,臺股指凱基9A售19,0,0,0,0,0,0,0,0,0,-149000,0,0,0,0,149000,-149000,-149000
2303,聯電            ,17150075,16753036,397039,0,0,0,0,0,0,-547000,6000,106000,-100000,49000,496000,-447000,-149961
062392,國巨富邦02購01  ,0,0,0,0,0,0,0,0,0,-150000,0,0,0,10000,160000,-150000,-150000
054219,楠梓電統一97購01,0,0,0,0,0,0,0,0,0,-150000,0,0,0,0,150000,-150000,-150000
053864,義隆元大96購01  ,0,0,0,0,0,0,0,0,0,-150000,0,0,0,8000,158000,-150000,-150000
054690,新興永豐97購01  ,0,0,0,0,0,0,0,0,0,-150000,0,0,0,50000,200000,-150000,-150000
053246,聯詠國票97購02  ,0,0,0,0,0,0,0,0,0,-150000,0,0,0,0,150000,-150000,-150000
056488,致新元大99購01  ,0,0,0,0,0,0,0,0,0,-150000,0,0,0,41000,191000,-150000,-150000
056463,台虹凱基98購02  ,0,0,0,0,0,0,0,0,0,-150000,0,0,0,78000,228000,-150000,-150000
07762P,聯發科永豐9A售03,0,0,0,0,0,0,0,0,0,-150000,0,0,0,0,150000,-150000,-150000
07771P,義隆國票9A售01  ,0,0,0,0,0,0,0,0,0,-150000,0,0,0,24000,174000,-150000,-150000
056673,中石化元富9B購01,0,0,0,0,0,0,0,0,0,-151000,0,0,0,100000,251000,-151000,-151000
07520P,臺股指元大9B售11,0,0,0,0,0,0,0,0,0,-151000,0,0,0,0,151000,-151000,-151000
07930P,聯發科統一9B售06,0,0,0,0,0,0,0,0,0,-151000,0,0,0,0,151000,-151000,-151000
062486,瑞昱富邦9B購01  ,0,0,0,0,0,0,0,0,0,-152000,0,0,0,43000,195000,-152000,-152000
060027,元金2X永豐99購02,0,0,0,0,0,0,0,0,0,-152000,0,0,0,5000,157000,-152000,-152000
4551,智伸科          ,194000,310000,-116000,0,0,0,33000,70000,-37000,1000,3000,2000,1000,1000,1000,0,-152000
3008,大立光          ,146070,316201,-170131,0,0,0,11000,0,11000,7000,11000,3000,8000,0,1000,-1000,-152131
060540,南亞凱基9A購01  ,0,0,0,0,0,0,0,0,0,-153000,0,0,0,0,153000,-153000,-153000
053889,致茂群益97購01  ,0,0,0,0,0,0,0,0,0,-153000,0,0,0,96000,249000,-153000,-153000
2609,陽明            ,61000,214000,-153000,0,0,0,0,0,0,0,0,0,0,0,0,0,-153000
07060P,台表科國票9A售01,0,0,0,0,0,0,0,0,0,-154000,0,0,0,113000,267000,-154000,-154000
059932,世紀鋼富邦9A購02,0,0,0,0,0,0,0,0,0,-154000,0,0,0,396000,550000,-154000,-154000
058612,健策元大99購02  ,0,0,0,0,0,0,0,0,0,-154000,0,0,0,13000,167000,-154000,-154000
062409,巨大永豐9B購02  ,0,0,0,0,0,0,0,0,0,-155000,0,0,0,11000,166000,-155000,-155000
061200,道瓊反元大9A購06,0,0,0,0,0,0,0,0,0,-155000,0,0,0,0,155000,-155000,-155000
057927,勤誠凱基98購01  ,0,0,0,0,0,0,0,0,0,-155000,0,0,0,0,155000,-155000,-155000
07546P,玉晶光凱基9A售09,0,0,0,0,0,0,0,0,0,-155000,0,0,0,1550000,1705000,-155000,-155000
2231,為升            ,125980,274000,-148020,0,0,0,0,0,0,-7000,4000,0,4000,7000,18000,-11000,-155020
054499,台光電永豐96購02,0,0,0,0,0,0,0,0,0,-156000,0,0,0,2000,158000,-156000,-156000
058975,台灣50凱基01購02,0,0,0,0,0,0,0,0,0,-156000,0,0,0,6000,162000,-156000,-156000
058495,元大金群益9B購01,0,0,0,0,0,0,0,0,0,-156000,0,0,0,100000,256000,-156000,-156000
9945,潤泰新          ,504716,677000,-172284,0,0,0,0,0,0,16000,24000,8000,16000,0,0,0,-156284
059351,台虹凱基99購01  ,0,0,0,0,0,0,0,0,0,-157000,0,0,0,40000,197000,-157000,-157000
057092,健策元富98購01  ,0,0,0,0,0,0,0,0,0,-157000,0,0,0,98000,255000,-157000,-157000
4746,台耀            ,828000,714000,114000,0,0,0,0,266000,-266000,-5000,7000,12000,-5000,0,0,0,-157000
062504,旭富群益9B購02  ,0,0,0,0,0,0,0,0,0,-158000,0,0,0,0,158000,-158000,-158000
058905,京鼎元大99購01  ,0,0,0,0,0,0,0,0,0,-158000,0,0,0,9000,167000,-158000,-158000
056780,元油2X群益9A購03,0,0,0,0,0,0,0,0,0,-158000,0,0,0,0,158000,-158000,-158000
2838,聯邦銀          ,144136,265000,-120864,0,0,0,0,0,0,-38000,0,38000,-38000,0,0,0,-158864
061476,大毅元大9A購02  ,0,0,0,0,0,0,0,0,0,-159000,0,0,0,286000,445000,-159000,-159000
1201,味全            ,144000,302000,-158000,0,0,0,0,0,0,-1000,0,0,0,0,1000,-1000,-159000
1906,寶隆            ,4000,163000,-159000,0,0,0,0,0,0,0,0,0,0,0,0,0,-159000
2929,淘帝-KY         ,36000,198443,-162443,0,0,0,0,0,0,3000,0,0,0,3000,0,3000,-159443
054835,致新中信97購01  ,0,0,0,0,0,0,0,0,0,-160000,0,0,0,0,160000,-160000,-160000
057605,旺宏統一99購03  ,0,0,0,0,0,0,0,0,0,-160000,0,0,0,0,160000,-160000,-160000
07726P,臺股指凱基9A售18,0,0,0,0,0,0,0,0,0,-160000,0,0,0,0,160000,-160000,-160000
060707,台郡富邦9A購01  ,0,0,0,0,0,0,0,0,0,-161000,0,0,0,61000,222000,-161000,-161000
062220,台光電統一01購01,0,0,0,0,0,0,0,0,0,-161000,0,0,0,34000,195000,-161000,-161000
07178P,臺股指凱基99售20,0,0,0,0,0,0,0,0,0,-161000,0,0,0,25000,186000,-161000,-161000
05805P,義隆永豐96售02  ,0,0,0,0,0,0,0,0,0,-161000,0,0,0,20000,181000,-161000,-161000
1325,恆大            ,4000,114000,-110000,0,0,0,0,0,0,-51000,8000,62000,-54000,3000,0,3000,-161000
07106P,國巨統一9B售05  ,0,0,0,0,0,0,0,0,0,-162000,0,0,0,30000,192000,-162000,-162000
061612,南六統一9A購01  ,0,0,0,0,0,0,0,0,0,-162000,0,0,0,40000,202000,-162000,-162000
04462P,全新元富96售01  ,0,0,0,0,0,0,0,0,0,-162000,0,0,0,61000,223000,-162000,-162000
07218P,臺股指凱基99售31,0,0,0,0,0,0,0,0,0,-163000,0,0,0,27000,190000,-163000,-163000
062594,祥碩統一01購02  ,0,0,0,0,0,0,0,0,0,-163000,0,0,0,0,163000,-163000,-163000
055716,致茂元大97購01  ,0,0,0,0,0,0,0,0,0,-163000,0,0,0,69000,232000,-163000,-163000
056141,聯茂元大97購05  ,0,0,0,0,0,0,0,0,0,-163000,0,0,0,50000,213000,-163000,-163000
060374,儒鴻元富9A購01  ,0,0,0,0,0,0,0,0,0,-163000,0,0,0,97000,260000,-163000,-163000
058531,華通元富99購01  ,0,0,0,0,0,0,0,0,0,-163000,0,0,0,54000,217000,-163000,-163000
056480,京鼎元大98購02  ,0,0,0,0,0,0,0,0,0,-163000,0,0,0,5000,168000,-163000,-163000
2206,三陽工業        ,54000,226000,-172000,0,0,0,0,0,0,9000,9000,0,9000,0,0,0,-163000
059307,T50反1元大99購06,0,0,0,0,0,0,0,0,0,-164000,0,0,0,130000,294000,-164000,-164000
058698,華通元大99購05  ,0,0,0,0,0,0,0,0,0,-164000,0,0,0,19000,183000,-164000,-164000
3673,TPK-KY          ,248000,378000,-130000,0,0,0,0,0,0,-34000,3000,11000,-8000,4000,30000,-26000,-164000
062359,旺宏元大9C購02  ,0,0,0,0,0,0,0,0,0,-165000,0,0,0,0,165000,-165000,-165000
055391,光罩統一97購02  ,0,0,0,0,0,0,0,0,0,-165000,0,0,0,0,165000,-165000,-165000
056044,同欣電凱基97購03,0,0,0,0,0,0,0,0,0,-165000,0,0,0,160000,325000,-165000,-165000
059019,元石油統一9B購03,0,0,0,0,0,0,0,0,0,-165000,0,0,0,363000,528000,-165000,-165000
07164P,臺股指群益99售15,0,0,0,0,0,0,0,0,0,-166000,0,0,0,0,166000,-166000,-166000
061086,FBVIX統一01購01 ,0,0,0,0,0,0,0,0,0,-166000,0,0,0,0,166000,-166000,-166000
056946,國巨統一98購05  ,0,0,0,0,0,0,0,0,0,-166000,0,0,0,2000,168000,-166000,-166000
2536,宏普            ,49000,211000,-162000,0,0,0,0,0,0,-4000,8000,12000,-4000,0,0,0,-166000
2413,環科            ,44000,211000,-167000,0,0,0,0,0,0,0,1000,1000,0,0,0,0,-167000
1522,堤維西          ,16000,188000,-172000,0,0,0,0,0,0,5000,7000,0,7000,0,2000,-2000,-167000
06509P,鴻海群益98售03  ,0,0,0,0,0,0,0,0,0,-169000,0,0,0,60000,229000,-169000,-169000
059348,日月光凱基99購01,0,0,0,0,0,0,0,0,0,-169000,0,0,0,0,169000,-169000,-169000
062411,玉晶光第一9B購01,0,0,0,0,0,0,0,0,0,-170000,0,0,0,10000,180000,-170000,-170000
060616,宏碁元大9A購02  ,0,0,0,0,0,0,0,0,0,-170000,0,0,0,50000,220000,-170000,-170000
05545P,台表科國泰98售01,0,0,0,0,0,0,0,0,0,-170000,0,0,0,40000,210000,-170000,-170000
056855,祥碩中信98購02  ,0,0,0,0,0,0,0,0,0,-170000,0,0,0,904000,1074000,-170000,-170000
053198,亞德客日盛96購01,0,0,0,0,0,0,0,0,0,-171000,0,0,0,2000,173000,-171000,-171000
054502,泰碩永豐96購01  ,0,0,0,0,0,0,0,0,0,-171000,0,0,0,30000,201000,-171000,-171000
058348,台表科群益99購01,0,0,0,0,0,0,0,0,0,-171000,0,0,0,146000,317000,-171000,-171000
062483,致新國票9B購01  ,0,0,0,0,0,0,0,0,0,-172000,0,0,0,8000,180000,-172000,-172000
054528,台光電統一96購02,0,0,0,0,0,0,0,0,0,-172000,0,0,0,0,172000,-172000,-172000
058522,聯茂元大99購07  ,0,0,0,0,0,0,0,0,0,-172000,0,0,0,155000,327000,-172000,-172000
3060,銘異            ,109000,293000,-184000,0,0,0,0,0,0,12000,12000,0,12000,0,0,0,-172000
3682,亞太電          ,548000,720987,-172987,0,0,0,0,0,0,0,0,0,0,0,0,0,-172987
062060,奇鋐統一9C購01  ,0,0,0,0,0,0,0,0,0,-173000,0,0,0,11000,184000,-173000,-173000
06701P,臺股指統一99售06,0,0,0,0,0,0,0,0,0,-173000,0,0,0,44000,217000,-173000,-173000
053291,旺宏中信9A購01  ,50000,50000,0,0,0,0,0,0,0,-173000,0,0,0,0,173000,-173000,-173000
055798,聯茂富邦98購01  ,0,0,0,0,0,0,0,0,0,-173000,0,0,0,0,173000,-173000,-173000
07179P,臺股指凱基99售21,0,0,0,0,0,0,0,0,0,-174000,0,0,0,0,174000,-174000,-174000
4960,誠美材          ,42000,204000,-162000,0,0,0,0,0,0,-12000,2000,14000,-12000,0,0,0,-174000
07593P,臺股指凱基9A售08,0,0,0,0,0,0,0,0,0,-174000,0,0,0,20000,194000,-174000,-174000
062303,台表科中信01購01,0,0,0,0,0,0,0,0,0,-175000,0,0,0,224000,399000,-175000,-175000
061600,聯電凱基9B購01  ,0,0,0,0,0,0,0,0,0,-175000,0,0,0,60000,235000,-175000,-175000
061732,智邦中信9B購01  ,0,0,0,0,0,0,0,0,0,-175000,0,0,0,0,175000,-175000,-175000
059343,宏達電凱基99購04,0,0,0,0,0,0,0,0,0,-175000,0,0,0,0,175000,-175000,-175000
056241,緯創群益97購01  ,0,0,0,0,0,0,0,0,0,-175000,0,0,0,91000,266000,-175000,-175000
057967,聯發科國泰9A購02,0,0,0,0,0,0,0,0,0,-175000,0,0,0,10000,185000,-175000,-175000
1217,愛之味          ,192000,367000,-175000,0,0,0,0,0,0,0,0,0,0,0,0,0,-175000
2511,太子            ,14000,203000,-189000,0,0,0,0,0,0,14000,14000,0,14000,0,0,0,-175000
050854,世紀鋼國票97購01,0,0,0,0,0,0,0,0,0,-176000,0,0,0,28000,204000,-176000,-176000
4961,天鈺            ,51000,202000,-151000,0,0,0,0,0,0,-26000,1000,27000,-26000,0,0,0,-177000
053350,台表科國票97購02,0,0,0,0,0,0,0,0,0,-178000,0,0,0,3000,181000,-178000,-178000
060430,和潤永豐9A購01  ,0,0,0,0,0,0,0,0,0,-178000,0,0,0,60000,238000,-178000,-178000
060233,宏碁元大9A購01  ,0,0,0,0,0,0,0,0,0,-178000,0,0,0,68000,246000,-178000,-178000
1464,得力            ,67000,248000,-181000,0,0,0,0,0,0,3000,3000,0,3000,0,0,0,-178000
07400P,國巨凱基99售20  ,0,0,0,0,0,0,0,0,0,-179000,0,0,0,32000,211000,-179000,-179000
056396,祥碩永豐98購01  ,0,0,0,0,0,0,0,0,0,-179000,0,0,0,241000,420000,-179000,-179000
060158,廣達永豐9A購01  ,0,0,0,0,0,0,0,0,0,-179000,0,0,0,26000,205000,-179000,-179000
07694P,超眾元大9A售05  ,0,0,0,0,0,0,0,0,0,-179000,0,0,0,262000,441000,-179000,-179000
05634P,玉晶光台新97售01,0,0,0,0,0,0,0,0,0,-180000,0,0,0,0,180000,-180000,-180000
053450,同欣電凱基96購02,0,0,0,0,0,0,0,0,0,-180000,0,0,0,10000,190000,-180000,-180000
059617,A50正2群益01購02,0,0,0,0,0,0,0,0,0,-180000,0,0,0,0,180000,-180000,-180000
058054,台積電統一9C購01,0,0,0,0,0,0,0,0,0,-180000,0,0,0,17000,197000,-180000,-180000
062382,燿華國泰9C購01  ,0,0,0,0,0,0,0,0,0,-181000,0,0,0,142000,323000,-181000,-181000
061147,上証2X群益9C購06,0,0,0,0,0,0,0,0,0,-181000,0,0,0,0,181000,-181000,-181000
058925,旭富元富99購02  ,0,0,0,0,0,0,0,0,0,-181000,0,0,0,138000,319000,-181000,-181000
1507,永大            ,15000,196000,-181000,0,0,0,0,0,0,0,0,0,0,0,0,0,-181000
06742P,可成富邦99售02  ,0,0,0,0,0,0,0,0,0,-182000,0,0,0,0,182000,-182000,-182000
054079,鴻海中信98購02  ,0,0,0,0,0,0,0,0,0,-182000,0,0,0,0,182000,-182000,-182000
058569,健策凱基9A購01  ,0,0,0,0,0,0,0,0,0,-182000,0,0,0,20000,202000,-182000,-182000
07629P,臺股指凱基9A售10,0,0,0,0,0,0,0,0,0,-182000,0,0,0,3000,185000,-182000,-182000
2360,致茂            ,234000,462017,-228017,0,0,0,0,0,0,46000,6000,0,6000,49000,9000,40000,-182017
058801,致伸元大99購01  ,0,0,0,0,0,0,0,0,0,-183000,0,0,0,2000,185000,-183000,-183000
056683,台積電統一98購05,0,0,0,0,0,0,0,0,0,-183000,0,0,0,0,183000,-183000,-183000
6414,樺漢            ,172000,317200,-145200,0,0,0,0,0,0,-38000,13000,46000,-33000,3000,8000,-5000,-183200
062292,旭富永豐9B購01  ,0,0,0,0,0,0,0,0,0,-184000,0,0,0,0,184000,-184000,-184000
060569,台積電永豐9A購01,0,0,0,0,0,0,0,0,0,-184000,0,0,0,10000,194000,-184000,-184000
1313,聯成            ,319000,503000,-184000,0,0,0,0,0,0,0,0,0,0,0,0,0,-184000
056021,興富發群益97購01,0,0,0,0,0,0,0,0,0,-185000,0,0,0,0,185000,-185000,-185000
062327,燿華統一9B購02  ,0,0,0,0,0,0,0,0,0,-186000,0,0,0,0,186000,-186000,-186000
062190,瀚宇博元大9B購01,0,0,0,0,0,0,0,0,0,-186000,0,0,0,29000,215000,-186000,-186000
062425,可成統一01購01  ,0,0,0,0,0,0,0,0,0,-187000,0,0,0,25000,212000,-187000,-187000
061516,力成永豐9A購02  ,0,0,0,0,0,0,0,0,0,-187000,0,0,0,17000,204000,-187000,-187000
061412,儒鴻群益9A購01  ,0,0,0,0,0,0,0,0,0,-187000,0,0,0,55000,242000,-187000,-187000
058271,訊連永豐99購01  ,0,0,0,0,0,0,0,0,0,-187000,0,0,0,88000,275000,-187000,-187000
2406,國碩            ,299000,487000,-188000,0,0,0,0,0,0,1000,1000,0,1000,0,0,0,-187000
059369,滬深2X元富9C購01,0,0,0,0,0,0,0,0,0,-188000,0,0,0,0,188000,-188000,-188000
05644P,大立光中信9A售03,0,0,0,0,0,0,0,0,0,-188000,0,0,0,60000,248000,-188000,-188000
061550,聯鈞群益9A購03  ,0,0,0,0,0,0,0,0,0,-189000,0,0,0,15000,204000,-189000,-189000
03446B,臺股指元大9B熊26,0,0,0,0,0,0,0,0,0,-189000,0,0,0,11000,200000,-189000,-189000
07304P,臺股指元大9A售37,0,0,0,0,0,0,0,0,0,-190000,0,0,0,312000,502000,-190000,-190000
051594,和碩元大96購01  ,0,0,0,0,0,0,0,0,0,-190000,0,0,0,100000,290000,-190000,-190000
060047,道瓊反凱基99購01,0,0,0,0,0,0,0,0,0,-190000,0,0,0,62000,252000,-190000,-190000
9802,鈺齊-KY         ,148000,290000,-142000,0,0,0,0,50000,-50000,2000,0,1000,-1000,4000,1000,3000,-190000
062372,旭富元大9B購01  ,0,0,0,0,0,0,0,0,0,-191000,0,0,0,86000,277000,-191000,-191000
058557,健策第一01購01  ,0,0,0,0,0,0,0,0,0,-191000,0,0,0,43000,234000,-191000,-191000
058156,超眾統一9A購02  ,0,0,0,0,0,0,0,0,0,-191000,0,0,0,25000,216000,-191000,-191000
07509P,牧德國票9A售03  ,0,0,0,0,0,0,0,0,0,-191000,0,0,0,32000,223000,-191000,-191000
062234,廣達凱基9B購01  ,0,15000,-15000,0,0,0,0,0,0,-177000,0,0,0,149000,326000,-177000,-192000
058203,信邦凱基99購01  ,0,0,0,0,0,0,0,0,0,-192000,0,0,0,20000,212000,-192000,-192000
058773,和碩兆豐99購01  ,0,0,0,0,0,0,0,0,0,-192000,0,0,0,10000,202000,-192000,-192000
1707,葡萄王          ,124000,315000,-191000,0,0,0,0,0,0,-1000,0,2000,-2000,2000,1000,1000,-192000
06504P,麗豐國票99售02  ,0,0,0,0,0,0,0,0,0,-194000,0,0,0,0,194000,-194000,-194000
061646,力成元大9A購02  ,0,0,0,0,0,0,0,0,0,-194000,0,0,0,243000,437000,-194000,-194000
061091,奇力新統一9C購02,0,0,0,0,0,0,0,0,0,-194000,0,0,0,104000,298000,-194000,-194000
00717,富邦美國特別股  ,0,0,0,0,0,0,0,0,0,-194000,0,0,0,617000,811000,-194000,-194000
2601,益航            ,313000,508000,-195000,0,0,0,0,0,0,0,0,0,0,0,0,0,-195000
061429,南六元大9A購02  ,0,0,0,0,0,0,0,0,0,-196000,0,0,0,25000,221000,-196000,-196000
061254,道瓊反凱基9A購02,0,0,0,0,0,0,0,0,0,-197000,0,0,0,10000,207000,-197000,-197000
061688,華通群益9A購07  ,0,0,0,0,0,0,0,0,0,-198000,0,0,0,126000,324000,-198000,-198000
060756,鴻海元大9A購16  ,0,0,0,0,0,0,0,0,0,-198000,0,0,0,58000,256000,-198000,-198000
051423,GIS國票97購01   ,0,0,0,0,0,0,0,0,0,-198000,0,0,0,127000,325000,-198000,-198000
051791,智伸科國票96購01,0,0,0,0,0,0,0,0,0,-198000,0,0,0,0,198000,-198000,-198000
057504,技嘉麥證98購01  ,0,0,0,76000,429000,-353000,0,0,0,-198000,0,0,0,258000,456000,-198000,-198000
059297,大立光元富9C購01,0,0,0,0,0,0,0,0,0,-199000,0,0,0,92000,291000,-199000,-199000
057747,致新永豐98購01  ,0,0,0,0,0,0,0,0,0,-199000,0,0,0,0,199000,-199000,-199000
4106,雃博            ,666000,865000,-199000,0,0,0,0,0,0,0,0,0,0,0,0,0,-199000
4904,遠傳            ,642229,869000,-226771,0,0,0,0,0,0,27000,30000,0,30000,0,3000,-3000,-199771
061173,T50反1凱基04購01,0,0,0,0,0,0,0,0,0,-200000,0,0,0,0,200000,-200000,-200000
07226P,貿聯富邦9B售01  ,0,0,0,0,0,0,0,0,0,-200000,0,0,0,0,200000,-200000,-200000
07392P,台積電國泰02售01,0,0,0,0,0,0,0,0,0,-200000,0,0,0,0,200000,-200000,-200000
07381P,鴻海群益99售05  ,0,0,0,0,0,0,0,0,0,-200000,0,0,0,0,200000,-200000,-200000
062102,T50反1國票9B購07,0,0,0,0,0,0,0,0,0,-200000,0,0,0,0,200000,-200000,-200000
062410,台積電第一9B購02,0,0,0,0,0,0,0,0,0,-200000,0,0,0,0,200000,-200000,-200000
06365P,鴻海凱基97售09  ,0,0,0,0,0,0,0,0,0,-200000,0,0,0,0,200000,-200000,-200000
059536,新光金凱基99購05,0,0,0,0,0,0,0,0,0,-200000,0,0,0,0,200000,-200000,-200000
055509,訊芯元大97購03  ,0,0,0,0,0,0,0,0,0,-200000,0,0,0,0,200000,-200000,-200000
054682,東元永豐97購01  ,0,0,0,0,0,0,0,0,0,-200000,0,0,0,0,200000,-200000,-200000
053882,聯發科中信98購02,0,0,0,0,0,0,0,0,0,-200000,0,0,0,0,200000,-200000,-200000
056970,TPK永豐98購01   ,0,0,0,0,0,0,0,0,0,-200000,0,0,0,55000,255000,-200000,-200000
060371,A50正2元富01購01,0,0,0,0,0,0,0,0,0,-200000,0,0,0,0,200000,-200000,-200000
07476P,鴻海群益9A售04  ,0,0,0,0,0,0,0,0,0,-200000,0,0,0,0,200000,-200000,-200000
057752,臺股指國票98購08,0,0,0,0,0,0,0,0,0,-201000,0,0,0,17000,218000,-201000,-201000
062567,祥碩中信9C購01  ,0,0,0,0,0,0,0,0,0,-202000,0,0,0,0,202000,-202000,-202000
056084,漢唐統一97購03  ,0,0,0,0,0,0,0,0,0,-202000,0,0,0,145000,347000,-202000,-202000
051292,牧德統一97購01  ,0,0,0,0,0,0,0,0,0,-202000,0,0,0,0,202000,-202000,-202000
059908,元金2X元大99購01,0,0,0,0,0,0,0,0,0,-202000,0,0,0,55000,257000,-202000,-202000
07931P,國巨元大9B售03  ,0,0,0,0,0,0,0,0,0,-202000,0,0,0,0,202000,-202000,-202000
07923P,元金2X凱基02售02,0,0,0,0,0,0,0,0,0,-202000,0,0,0,0,202000,-202000,-202000
062164,禾伸堂國泰01購01,0,0,0,0,0,0,0,0,0,-203000,0,0,0,0,203000,-203000,-203000
059754,訊芯群益9A購01  ,0,0,0,0,0,0,0,0,0,-203000,0,0,0,0,203000,-203000,-203000
059262,致茂中信01購01  ,0,0,0,0,0,0,0,0,0,-204000,0,0,0,5000,209000,-204000,-204000
3443,創意            ,192015,431000,-238985,0,0,0,0,0,0,34000,8000,2000,6000,35000,7000,28000,-204985
055205,京鼎中信99購01  ,0,0,0,0,0,0,0,0,0,-205000,0,0,0,610000,815000,-205000,-205000
058139,臻鼎元大99購01  ,0,0,0,0,0,0,0,0,0,-205000,0,0,0,50000,255000,-205000,-205000
058758,台積電群益99購05,0,0,0,0,0,0,0,0,0,-205000,0,0,0,5000,210000,-205000,-205000
059101,康控統一9A購01  ,0,0,0,0,0,0,0,0,0,-205000,0,0,0,99000,304000,-205000,-205000
03566P,臺股指日盛03售01,0,0,0,0,0,0,0,0,0,-206000,0,0,0,0,206000,-206000,-206000
062448,健策元大9C購04  ,0,0,0,0,0,0,0,0,0,-207000,0,0,0,4000,211000,-207000,-207000
2472,立隆電          ,171000,387000,-216000,0,0,0,0,0,0,9000,27000,18000,9000,0,0,0,-207000
061081,宏碁兆豐9A購01  ,0,0,0,0,0,0,0,0,0,-208000,0,0,0,50000,258000,-208000,-208000
058248,聯茂元大99購05  ,0,0,0,0,0,0,0,0,0,-208000,0,0,0,18000,226000,-208000,-208000
2538,基泰            ,23000,238000,-215000,0,0,0,0,0,0,7000,7000,0,7000,0,0,0,-208000
07658P,國泰金凱基9A售01,0,0,0,0,0,0,0,0,0,-208000,0,0,0,76000,284000,-208000,-208000
8011,台通            ,518000,737000,-219000,0,0,0,0,0,0,11000,11000,0,11000,0,0,0,-208000
058247,聯茂元大99購04  ,0,0,0,0,0,0,0,0,0,-209000,0,0,0,0,209000,-209000,-209000
058833,台表科永豐99購01,0,0,0,0,0,0,0,0,0,-209000,0,0,0,75000,284000,-209000,-209000
060352,滬深2X元富9A購02,0,0,0,0,0,0,0,0,0,-209000,0,0,0,10000,219000,-209000,-209000
060031,旭富永豐99購02  ,0,0,0,0,0,0,0,0,0,-209000,0,0,0,235000,444000,-209000,-209000
062408,致新永豐9B購01  ,0,0,0,0,0,0,0,0,0,-210000,0,0,0,0,210000,-210000,-210000
055690,矽力凱基97購02  ,0,0,0,0,0,0,0,0,0,-211000,0,0,0,29000,240000,-211000,-211000
2457,飛宏            ,27000,242000,-215000,0,0,0,0,0,0,4000,4000,0,4000,0,0,0,-211000
07032P,聯發科統一9C售02,0,0,0,0,0,0,0,0,0,-212000,0,0,0,10000,222000,-212000,-212000
060611,同欣電凱基9A購02,0,0,0,0,0,0,0,0,0,-212000,0,0,0,777000,989000,-212000,-212000
059931,緯穎富邦9A購01  ,0,0,0,0,0,0,0,0,0,-212000,0,0,0,35000,247000,-212000,-212000
060243,潤泰全元大9C購02,0,0,0,0,0,0,0,0,0,-212000,0,0,0,0,212000,-212000,-212000
059460,GIS永豐99購02   ,0,0,0,0,0,0,0,0,0,-213000,0,0,0,23000,236000,-213000,-213000
058245,訊連元大99購01  ,0,0,0,0,0,0,0,0,0,-213000,0,0,0,0,213000,-213000,-213000
6251,定穎            ,1369000,1584000,-215000,0,0,0,0,0,0,2000,2000,0,2000,0,0,0,-213000
055263,華新科富邦9A購01,0,0,0,0,0,0,0,0,0,-214000,0,0,0,0,214000,-214000,-214000
057683,技嘉日盛98購01  ,0,0,0,0,0,0,0,0,0,-214000,0,0,0,232000,446000,-214000,-214000
061398,力成中信9A購01  ,0,0,0,0,0,0,0,0,0,-215000,0,0,0,236000,451000,-215000,-215000
057958,禾伸堂元大99購05,0,0,0,0,0,0,0,0,0,-215000,0,0,0,86000,301000,-215000,-215000
057767,緯穎凱基98購06  ,0,0,0,0,0,0,0,0,0,-215000,0,0,0,35000,250000,-215000,-215000
060128,健策永豐99購06  ,0,0,0,0,0,0,0,0,0,-215000,0,0,0,20000,235000,-215000,-215000
062453,聚陽群益9C購01  ,0,0,0,0,0,0,0,0,0,-216000,0,0,0,85000,301000,-216000,-216000
054709,宏達電統一97購01,0,0,0,0,0,0,0,0,0,-216000,0,0,0,400000,616000,-216000,-216000
1611,中電            ,69000,282000,-213000,0,0,0,0,0,0,-3000,0,3000,-3000,0,0,0,-216000
5871,中租-KY         ,4144163,4335094,-190931,0,0,0,0,12000,-12000,-14000,10000,29000,-19000,5000,0,5000,-216931
062300,T50反1中信03購02,0,0,0,0,0,0,0,0,0,-217000,0,0,0,0,217000,-217000,-217000
060821,SP黃豆元大9A購02,0,0,0,0,0,0,0,0,0,-217000,0,0,0,103000,320000,-217000,-217000
058405,訊連元大99購02  ,0,0,0,0,0,0,0,0,0,-217000,0,0,0,50000,267000,-217000,-217000
061357,寶成元大9A購01  ,0,0,0,0,0,0,0,0,0,-218000,0,0,0,96000,314000,-218000,-218000
07009P,臺股指中信9B售01,0,0,0,0,0,0,0,0,0,-218000,0,0,0,0,218000,-218000,-218000
07082P,美律元大99售06  ,0,10000,-10000,0,0,0,0,0,0,-208000,0,0,0,22000,230000,-208000,-218000
059957,中信金康和99購01,0,0,0,0,0,0,0,0,0,-218000,0,0,0,5000,223000,-218000,-218000
052113,漢唐中信98購01  ,0,0,0,0,0,0,0,0,0,-219000,0,0,0,381000,600000,-219000,-219000
05970P,超眾永豐96售03  ,0,0,0,0,0,0,0,0,0,-219000,0,0,0,32000,251000,-219000,-219000
07367P,鴻海凱基99售17  ,0,0,0,0,0,0,0,0,0,-220000,0,0,0,0,220000,-220000,-220000
059143,國巨國票9A購04  ,0,0,0,0,0,0,0,0,0,-220000,0,0,0,25000,245000,-220000,-220000
057103,禾伸堂中信9A購01,0,0,0,0,0,0,0,0,0,-220000,0,0,0,20000,240000,-220000,-220000
057138,亞德客兆豐98購01,0,0,0,0,0,0,0,0,0,-220000,0,0,0,2000,222000,-220000,-220000
07991P,鴻海群益9C售02  ,0,0,0,0,0,0,0,0,0,-221000,0,0,0,0,221000,-221000,-221000
07659P,中租凱基9A售02  ,0,0,0,0,0,0,0,0,0,-221000,0,0,0,0,221000,-221000,-221000
061022,健策國泰9B購03  ,0,0,0,0,0,0,0,0,0,-222000,0,0,0,242000,464000,-222000,-222000
2535,達欣工          ,15000,256000,-241000,0,0,0,0,0,0,18000,40000,22000,18000,0,0,0,-223000
060666,聯茂凱基9A購02  ,0,0,0,0,0,0,0,0,0,-224000,0,0,0,17000,241000,-224000,-224000
054318,台虹凱基98購01  ,0,0,0,0,0,0,0,0,0,-224000,0,0,0,20000,244000,-224000,-224000
055746,同欣電元富97購01,0,0,0,0,0,0,0,0,0,-225000,0,0,0,242000,467000,-225000,-225000
2034,允強            ,25000,248000,-223000,0,0,0,0,0,0,-2000,0,2000,-2000,0,0,0,-225000
6288,聯嘉            ,101000,326000,-225000,0,0,0,0,0,0,0,4000,4000,0,0,0,0,-225000
2379,瑞昱            ,1671486,1904255,-232769,0,0,0,91000,61000,30000,-23000,57000,69000,-12000,14000,25000,-11000,-225769
061583,矽創元大9A購01  ,0,0,0,0,0,0,0,0,0,-226000,0,0,0,23000,249000,-226000,-226000
05348P,美律元富98售01  ,0,0,0,0,0,0,0,0,0,-226000,0,0,0,37000,263000,-226000,-226000
056996,矽力日盛99購01  ,0,0,0,0,0,0,0,0,0,-226000,0,0,0,325000,551000,-226000,-226000
060645,台表科永豐9A購02,0,0,0,0,0,0,0,0,0,-229000,0,0,0,75000,304000,-229000,-229000
07559P,祥碩元大9A售03  ,0,0,0,0,0,0,0,0,0,-229000,0,0,0,83000,312000,-229000,-229000
051849,旺宏中信98購01  ,0,0,0,0,0,0,0,0,0,-230000,0,0,0,107000,337000,-230000,-230000
06914P,南茂元大98售03  ,0,0,0,0,0,0,0,0,0,-231000,0,0,0,57000,288000,-231000,-231000
059816,聯電凱基99購03  ,0,0,0,0,0,0,0,0,0,-231000,0,0,0,0,231000,-231000,-231000
1905,華紙            ,308000,540000,-232000,0,0,0,0,0,0,1000,1000,0,1000,0,0,0,-231000
06456P,聯發科統一98售03,0,0,0,0,0,0,0,0,0,-232000,0,0,0,10000,242000,-232000,-232000
060282,聚陽元大9A購01  ,0,0,0,0,0,0,0,0,0,-232000,0,0,0,210000,442000,-232000,-232000
062380,巨大元大9B購01  ,0,0,0,0,0,0,0,0,0,-233000,0,0,0,184000,417000,-233000,-233000
060684,同欣電元大9A購01,0,0,0,0,0,0,0,0,0,-233000,0,0,0,183000,416000,-233000,-233000
1451,年興            ,12000,239000,-227000,0,0,0,0,0,0,-6000,0,6000,-6000,0,0,0,-233000
07647P,健策國票9A售04  ,0,0,0,0,0,0,0,0,0,-233000,0,0,0,124000,357000,-233000,-233000
4532,瑞智            ,116000,344000,-228000,0,0,0,0,0,0,-5000,0,5000,-5000,0,0,0,-233000
06789P,鴻海凱基98售12  ,0,0,0,0,0,0,0,0,0,-234000,0,0,0,55000,289000,-234000,-234000
056829,台積電富邦9A購01,0,0,0,0,0,0,0,0,0,-234000,0,0,0,0,234000,-234000,-234000
9934,成霖            ,11000,247000,-236000,0,0,0,0,0,0,2000,2000,0,2000,0,0,0,-234000
060816,世紀鋼凱基9C購02,0,0,0,0,0,0,0,0,0,-235000,0,0,0,2000,237000,-235000,-235000
061803,巨大永豐9B購01  ,0,0,0,0,0,0,0,0,0,-235000,0,0,0,125000,360000,-235000,-235000
00665L,富邦恒生國企正2 ,0,182000,-182000,0,0,0,0,0,0,-53000,0,0,0,174000,227000,-53000,-235000
8016,矽創            ,99000,283000,-184000,0,0,0,0,30000,-30000,-21000,1000,0,1000,1000,23000,-22000,-235000
062334,健策統一9B購02  ,0,0,0,0,0,0,0,0,0,-236000,0,0,0,10000,246000,-236000,-236000
07482P,南亞科元富9A售04,0,0,0,0,0,0,0,0,0,-236000,0,0,0,200000,436000,-236000,-236000
062482,台表科國票9B購01,0,0,0,0,0,0,0,0,0,-237000,0,0,0,8000,245000,-237000,-237000
07805P,義隆永豐9A售02  ,0,0,0,0,0,0,0,0,0,-237000,0,0,0,54000,291000,-237000,-237000
060596,元黃金凱基9A購02,0,0,0,0,0,0,0,0,0,-239000,0,0,0,26000,265000,-239000,-239000
061146,台表科中信9A購02,0,0,0,0,0,0,0,0,0,-239000,0,0,0,276000,515000,-239000,-239000
058830,健策永豐99購02  ,0,0,0,0,0,0,0,0,0,-239000,0,0,0,0,239000,-239000,-239000
058754,元油2X群益99購02,0,139000,-139000,0,0,0,0,0,0,-100000,0,0,0,0,100000,-100000,-239000
07820P,臺股指國票9A售11,0,0,0,0,0,0,0,0,0,-239000,0,0,0,0,239000,-239000,-239000
060957,SP黃豆凱基9A購04,0,0,0,0,0,0,0,0,0,-240000,0,0,0,0,240000,-240000,-240000
061415,健策群益9A購04  ,0,0,0,0,0,0,0,0,0,-240000,0,0,0,8000,248000,-240000,-240000
00673R,元大S&P原油反1  ,0,0,0,0,0,0,0,0,0,-240000,0,0,0,202000,442000,-240000,-240000
057523,大成鋼元大99購01,0,0,0,0,0,0,0,0,0,-240000,0,0,0,270000,510000,-240000,-240000
059928,道瓊銀富邦03購01,0,0,0,0,0,0,0,0,0,-240000,0,0,0,330000,570000,-240000,-240000
07803P,南亞科永豐9A售02,0,0,0,0,0,0,0,0,0,-240000,0,0,0,22000,262000,-240000,-240000
07780P,美律凱基9A售02  ,0,0,0,0,0,0,0,0,0,-240000,0,0,0,0,240000,-240000,-240000
060807,新光金群益9A購01,0,0,0,0,0,0,0,0,0,-242000,0,0,0,216000,458000,-242000,-242000
056127,致新國票98購02  ,0,0,0,0,0,0,0,0,0,-242000,0,0,0,56000,298000,-242000,-242000
058929,可成統一9C購01  ,0,0,0,0,0,0,0,0,0,-242000,0,0,0,202000,444000,-242000,-242000
6282,康舒            ,159000,417000,-258000,0,0,0,0,0,0,16000,16000,0,16000,2000,2000,0,-242000
061092,可成統一9C購02  ,0,0,0,0,0,0,0,0,0,-244000,0,0,0,150000,394000,-244000,-244000
062378,台表科元大9C購01,0,0,0,0,0,0,0,0,0,-244000,0,0,0,118000,362000,-244000,-244000
059641,群創凱基99購06  ,0,0,0,0,0,0,0,0,0,-244000,0,0,0,0,244000,-244000,-244000
060541,正隆凱基9A購01  ,0,0,0,0,0,0,0,0,0,-245000,0,0,0,10000,255000,-245000,-245000
055080,正崴中信99購01  ,0,0,0,0,0,0,0,0,0,-245000,0,0,0,0,245000,-245000,-245000
056710,漢唐永豐98購01  ,0,0,0,0,0,0,0,0,0,-245000,0,0,0,105000,350000,-245000,-245000
07531P,大立光國泰9B售03,0,0,0,0,0,0,0,0,0,-245000,0,0,0,356000,601000,-245000,-245000
2912,統一超          ,828446,1094299,-265853,0,0,0,0,0,0,20000,20000,0,20000,0,0,0,-245853
061318,智邦凱基9B購01  ,0,0,0,0,0,0,0,0,0,-246000,0,0,0,242000,488000,-246000,-246000
053056,同欣電國票97購01,0,0,0,0,0,0,0,0,0,-246000,0,0,0,114000,360000,-246000,-246000
058497,新日興群益9B購01,0,0,0,0,0,0,0,0,0,-246000,0,0,0,102000,348000,-246000,-246000
058535,玉晶光統一9A購06,0,0,0,0,0,0,0,0,0,-246000,0,0,0,1000,247000,-246000,-246000
061680,崇越元大9A購01  ,0,0,0,0,0,0,0,0,0,-247000,0,0,0,1000,248000,-247000,-247000
060861,漢唐永豐9A購01  ,0,0,0,0,0,0,0,0,0,-247000,0,0,0,241000,488000,-247000,-247000
056584,鴻海統一9B購01  ,0,0,0,0,0,0,0,0,0,-248000,0,0,0,341000,589000,-248000,-248000
07821P,臺股指國票9A售12,0,0,0,0,0,0,0,0,0,-248000,0,0,0,337000,585000,-248000,-248000
062566,嘉晶中信9C購01  ,0,0,0,0,0,0,0,0,0,-249000,0,0,0,0,249000,-249000,-249000
2903,遠百            ,593000,619000,-26000,0,0,0,0,0,0,-223000,0,223000,-223000,0,0,0,-249000
2402,毅嘉            ,34000,281000,-247000,0,0,0,0,0,0,-2000,1000,3000,-2000,0,0,0,-249000
07258P,台灣50台新9A售01,0,0,0,0,0,0,0,0,0,-250000,0,0,0,100000,350000,-250000,-250000
057393,台積電中信02購01,0,0,0,0,0,0,0,0,0,-250000,0,0,0,0,250000,-250000,-250000
06934P,聯鈞元大98售03  ,0,0,0,0,0,0,0,0,0,-251000,0,0,0,221000,472000,-251000,-251000
058358,技嘉凱基9A購01  ,0,0,0,0,0,0,0,0,0,-251000,0,0,0,66000,317000,-251000,-251000
060433,億豐永豐9A購01  ,0,0,0,0,0,0,0,0,0,-251000,0,0,0,0,251000,-251000,-251000
061039,台表科永豐9A購03,0,0,0,0,0,0,0,0,0,-252000,0,0,0,13000,265000,-252000,-252000
048189,臺指反元大96購06,0,0,0,0,0,0,0,0,0,-252000,0,0,0,243000,495000,-252000,-252000
059056,技嘉凱基99購02  ,0,0,0,0,0,0,0,0,0,-253000,0,0,0,35000,288000,-253000,-253000
2049,上銀            ,705105,936146,-231041,0,0,0,12000,18000,-6000,-16000,62000,66000,-4000,6000,18000,-12000,-253041
062052,華通統一01購01  ,0,0,0,0,0,0,0,0,0,-254000,0,0,0,104000,358000,-254000,-254000
057547,技嘉凱基99購01  ,0,0,0,0,0,0,0,0,0,-254000,0,0,0,12000,266000,-254000,-254000
060795,世芯永豐9A購02  ,0,0,0,0,0,0,0,0,0,-256000,0,0,0,153000,409000,-256000,-256000
054693,神基永豐97購01  ,0,0,0,0,0,0,0,0,0,-256000,0,0,0,61000,317000,-256000,-256000
8163,達方            ,98000,354000,-256000,0,0,0,0,0,0,-1000,2000,10000,-8000,7000,0,7000,-257000
053398,和鑫中信99購01  ,0,0,0,0,0,0,0,0,0,-259000,0,0,0,0,259000,-259000,-259000
06959P,鴻海凱基9A售02  ,0,0,0,0,0,0,0,0,0,-260000,0,0,0,0,260000,-260000,-260000
056337,聯發科凱基98購06,0,0,0,0,0,0,0,0,0,-260000,0,0,0,0,260000,-260000,-260000
053648,台積電凱基97購04,0,0,0,0,0,0,0,0,0,-260000,0,0,0,11000,271000,-260000,-260000
059709,上証2X元大9C購01,0,0,0,0,0,0,0,0,0,-260000,0,0,0,5000,265000,-260000,-260000
057773,技嘉群益9A購02  ,0,0,0,0,0,0,0,0,0,-260000,0,0,0,329000,589000,-260000,-260000
07657P,技嘉凱基9A售03  ,0,0,0,0,0,0,0,0,0,-261000,0,0,0,13000,274000,-261000,-261000
06780P,義隆元大98售02  ,1000,0,1000,0,0,0,0,0,0,-263000,0,0,0,214000,477000,-263000,-262000
061915,T50反1凱基02購02,0,0,0,0,0,0,0,0,0,-262000,0,0,0,14000,276000,-262000,-262000
054970,帆宣元大97購01  ,0,0,0,0,0,0,0,0,0,-262000,0,0,0,18000,280000,-262000,-262000
07706P,長榮航元大9A售03,0,0,0,0,0,0,0,0,0,-262000,0,0,0,0,262000,-262000,-262000
5243,乙盛-KY         ,147000,399000,-252000,0,0,0,0,0,0,-10000,1000,11000,-10000,0,0,0,-262000
057085,立積統一9B購02  ,0,0,0,0,0,0,0,0,0,-263000,0,0,0,130000,393000,-263000,-263000
07071P,立積元富99售01  ,0,0,0,0,0,0,0,0,0,-264000,0,0,0,304000,568000,-264000,-264000
055705,微星永豐97購01  ,0,0,0,0,0,0,0,0,0,-264000,0,0,0,145000,409000,-264000,-264000
060129,祥碩永豐99購03  ,0,0,0,0,0,0,0,0,0,-264000,0,0,0,95000,359000,-264000,-264000
2059,川湖            ,41000,271000,-230000,0,0,0,0,0,0,-34000,6000,39000,-33000,0,1000,-1000,-264000
057919,技嘉凱基98購03  ,2000,0,2000,0,0,0,0,0,0,-267000,0,0,0,224000,491000,-267000,-265000
2312,金寶            ,2447000,2791000,-344000,0,0,0,0,0,0,79000,32000,0,32000,65000,18000,47000,-265000
3016,嘉晶            ,647000,1186000,-539000,0,0,0,0,0,0,274000,21000,24000,-3000,369000,92000,277000,-265000
2006,東和鋼鐵        ,116000,255000,-139000,0,0,0,0,100000,-100000,-26000,0,26000,-26000,0,0,0,-265000
061660,禾伸堂永豐9A購01,0,0,0,0,0,0,0,0,0,-266000,0,0,0,162000,428000,-266000,-266000
058125,元油2X元大9C購01,0,0,0,0,0,0,0,0,0,-266000,0,0,0,0,266000,-266000,-266000
07473P,祥碩元大9A售01  ,0,0,0,0,0,0,0,0,0,-266000,0,0,0,224000,490000,-266000,-266000
054130,漢唐元大97購02  ,0,0,0,0,0,0,0,0,0,-267000,0,0,0,196000,463000,-267000,-267000
06674P,祥碩群益98售02  ,0,0,0,0,0,0,0,0,0,-270000,0,0,0,121000,391000,-270000,-270000
054567,拓凱群益98購01  ,0,0,0,0,0,0,0,0,0,-270000,0,0,0,125000,395000,-270000,-270000
057720,日電貿元富98購01,0,0,0,0,0,0,0,0,0,-270000,0,0,0,0,270000,-270000,-270000
058806,道瓊銀統一9B購01,0,0,0,0,0,0,0,0,0,-270000,0,0,0,10000,280000,-270000,-270000
062403,健策永豐9B購06  ,0,0,0,0,0,0,0,0,0,-271000,0,0,0,0,271000,-271000,-271000
062481,同欣電國票9B購01,0,0,0,0,0,0,0,0,0,-272000,0,0,0,8000,280000,-272000,-272000
047420,全新富邦97購01  ,0,0,0,0,0,0,0,0,0,-272000,0,0,0,0,272000,-272000,-272000
059782,A50正2元大9C購04,0,0,0,0,0,0,0,0,0,-273000,0,0,0,21000,294000,-273000,-273000
060447,A50正2元大9A購02,0,0,0,0,0,0,0,0,0,-273000,0,0,0,1000,274000,-273000,-273000
1444,力麗            ,117000,411000,-294000,0,0,0,0,0,0,21000,21000,0,21000,0,0,0,-273000
057328,京鼎群益99購02  ,0,0,0,0,0,0,0,0,0,-275000,0,0,0,25000,300000,-275000,-275000
054772,康控國票98購02  ,0,0,0,0,0,0,0,0,0,-276000,0,0,0,4000,280000,-276000,-276000
055824,臺股指國票97購11,0,0,0,0,0,0,0,0,0,-276000,0,0,0,0,276000,-276000,-276000
058131,義隆元大99購02  ,0,0,0,0,0,0,0,0,0,-276000,0,0,0,1000,277000,-276000,-276000
061042,致新永豐9A購02  ,0,0,0,0,0,0,0,0,0,-277000,0,0,0,0,277000,-277000,-277000
058269,世芯永豐9A購01  ,0,0,0,0,0,0,0,0,0,-277000,0,0,0,62000,339000,-277000,-277000
9907,統一實          ,197000,474000,-277000,0,0,0,0,0,0,0,0,0,0,0,0,0,-277000
061417,力成群益9A購01  ,0,0,0,0,0,0,0,0,0,-278000,0,0,0,226000,504000,-278000,-278000
058547,世紀鋼富邦9A購01,0,0,0,0,0,0,0,0,0,-278000,0,0,0,48000,326000,-278000,-278000
059710,上証2X元大9C購02,0,0,0,0,0,0,0,0,0,-278000,0,0,0,0,278000,-278000,-278000
5521,工信            ,89000,375000,-286000,0,0,0,0,0,0,7000,7000,0,7000,0,0,0,-279000
060765,世芯元大9A購01  ,0,0,0,0,0,0,0,0,0,-280000,0,0,0,58000,338000,-280000,-280000
057402,嘉晶群益98購02  ,0,0,0,0,0,0,0,0,0,-281000,0,0,0,20000,301000,-281000,-281000
2820,華票            ,38000,291000,-253000,0,0,0,0,0,0,-28000,0,28000,-28000,0,0,0,-281000
2451,創見            ,37000,308520,-271520,0,0,0,0,0,0,-10000,4000,2000,2000,0,12000,-12000,-281520
07956P,鴻海群益9B售06  ,0,0,0,0,0,0,0,0,0,-283000,0,0,0,0,283000,-283000,-283000
057483,微星元大98購04  ,0,0,0,0,0,0,0,0,0,-284000,0,0,0,225000,509000,-284000,-284000
05440P,緯穎國票96售02  ,0,0,0,0,0,0,0,0,0,-285000,0,0,0,0,285000,-285000,-285000
059899,上証2X元大9C購04,0,0,0,0,0,0,0,0,0,-285000,0,0,0,6000,291000,-285000,-285000
1723,中碳            ,34000,319000,-285000,0,0,0,0,0,0,0,0,0,0,0,0,0,-285000
3005,神基            ,393000,615000,-222000,0,0,0,0,3000,-3000,-60000,2000,27000,-25000,8000,43000,-35000,-285000
06937P,GIS元大98售03   ,0,0,0,0,0,0,0,0,0,-287000,0,0,0,0,287000,-287000,-287000
2023,燁輝            ,181000,481000,-300000,0,0,0,0,0,0,13000,13000,0,13000,0,0,0,-287000
07420P,可成元大99售07  ,0,0,0,0,0,0,0,0,0,-289000,0,0,0,11000,300000,-289000,-289000
6416,瑞祺電通        ,228000,174000,54000,0,0,0,0,276000,-276000,-67000,26000,72000,-46000,2000,23000,-21000,-289000
2388,威盛            ,242000,531900,-289900,0,0,0,0,0,0,0,0,0,0,0,0,0,-289900
050911,光磊中信98購01  ,0,0,0,0,0,0,0,0,0,-290000,0,0,0,0,290000,-290000,-290000
05994P,奇鋐元大96售02  ,0,0,0,0,0,0,0,0,0,-290000,0,0,0,20000,310000,-290000,-290000
06662P,玉晶光中信9A售01,0,0,0,0,0,0,0,0,0,-291000,0,0,0,348000,639000,-291000,-291000
058774,台郡兆豐9A購01  ,0,0,0,0,0,0,0,0,0,-291000,0,0,0,55000,346000,-291000,-291000
060763,聯鈞元大9A購03  ,0,0,0,0,0,0,0,0,0,-292000,0,0,0,55000,347000,-292000,-292000
060937,T50反1國票9A購10,0,0,0,0,0,0,0,0,0,-292000,0,0,0,148000,440000,-292000,-292000
061435,元金2X凱基9C購03,0,0,0,0,0,0,0,0,0,-292000,0,0,0,0,292000,-292000,-292000
061656,華新科國票9A購08,0,0,0,0,0,0,0,0,0,-292000,0,0,0,8000,300000,-292000,-292000
061613,南六統一9C購01  ,0,0,0,0,0,0,0,0,0,-292000,0,0,0,42000,334000,-292000,-292000
054311,世芯凱基96購02  ,0,0,0,0,0,0,0,0,0,-293000,0,0,0,71000,364000,-293000,-293000
059397,T50反1元富99購05,0,0,0,0,0,0,0,0,0,-293000,0,0,0,39000,332000,-293000,-293000
053396,漢唐中信9A購01  ,0,0,0,0,0,0,0,0,0,-294000,0,0,0,6000,300000,-294000,-294000
059904,A50正2元大9C購05,0,0,0,0,0,0,0,0,0,-294000,0,0,0,1000,295000,-294000,-294000
06614P,祥碩永豐98售03  ,0,0,0,0,0,0,0,0,0,-295000,0,0,0,5000,300000,-295000,-295000
059999,緯穎元富99購01  ,0,0,0,0,0,0,0,0,0,-296000,0,0,0,31000,327000,-296000,-296000
060107,旭富元大99購03  ,0,0,0,0,0,0,0,0,0,-296000,0,0,0,58000,354000,-296000,-296000
062185,禾伸堂元大9B購01,0,0,0,0,0,0,0,0,0,-297000,0,0,0,0,297000,-297000,-297000
058204,世芯凱基9A購01  ,0,0,0,0,0,0,0,0,0,-297000,0,0,0,254000,551000,-297000,-297000
062045,崇越凱基9B購01  ,0,0,0,0,0,0,0,0,0,-298000,0,0,0,41000,339000,-298000,-298000
07630P,臺股指凱基9A售11,0,0,0,0,0,0,0,0,0,-298000,0,0,0,211000,509000,-298000,-298000
07173P,臺股指國票99售10,0,0,0,0,0,0,0,0,0,-299000,0,0,0,482000,781000,-299000,-299000
060907,金像電元大9A購02,0,0,0,0,0,0,0,0,0,-299000,0,0,0,241000,540000,-299000,-299000
00693U,街口S&P黃豆     ,46000,0,46000,0,0,0,0,0,0,-345000,0,0,0,0,345000,-345000,-299000
05569P,漢唐統一97售01  ,0,0,0,0,0,0,0,0,0,-299000,0,0,0,19000,318000,-299000,-299000
06852P,臺股指元大98售11,0,0,0,0,0,0,0,0,0,-300000,0,0,0,1659000,1959000,-300000,-300000
053488,中石化兆豐97購01,0,0,0,0,0,0,0,0,0,-300000,0,0,0,0,300000,-300000,-300000
052863,友達凱基98購02  ,0,0,0,0,0,0,0,0,0,-300000,0,0,0,100000,400000,-300000,-300000
07922P,大立光群益9B售05,0,0,0,0,0,0,0,0,0,-300000,0,0,0,300000,600000,-300000,-300000
9939,宏全            ,53000,339000,-286000,0,0,0,0,0,0,-15000,12000,28000,-16000,1000,0,1000,-301000
06901P,亞德客凱基98售02,0,0,0,0,0,0,0,0,0,-302000,0,0,0,6000,308000,-302000,-302000
060929,健策永豐9A購01  ,0,0,0,0,0,0,0,0,0,-302000,0,0,0,5000,307000,-302000,-302000
058588,致茂中信9B購01  ,0,0,0,0,0,0,0,0,0,-302000,0,0,0,38000,340000,-302000,-302000
06603P,立積統一99售01  ,0,0,0,0,0,0,0,0,0,-304000,0,0,0,151000,455000,-304000,-304000
2408,南亞科          ,4926001,4470000,456001,0,0,0,0,546000,-546000,-215000,229000,310000,-81000,63000,197000,-134000,-304999
057875,京鼎元大98購03  ,0,0,0,0,0,0,0,0,0,-305000,0,0,0,50000,355000,-305000,-305000
061032,金像電永豐9A購03,0,0,0,0,0,0,0,0,0,-306000,0,0,0,487000,793000,-306000,-306000
061548,聯詠群益9A購02  ,0,0,0,0,0,0,0,0,0,-306000,0,0,0,20000,326000,-306000,-306000
061802,勤誠永豐9B購01  ,0,0,0,0,0,0,0,0,0,-306000,0,0,0,5000,311000,-306000,-306000
2313,華通            ,8784600,7384000,1400600,0,0,0,1886000,3165000,-1279000,-428000,1563000,2119000,-556000,398000,270000,128000,-306400
062407,同欣電永豐9B購01,0,0,0,0,0,0,0,0,0,-307000,0,0,0,3000,310000,-307000,-307000
052223,聯電凱基96購02  ,0,0,0,0,0,0,0,0,0,-308000,0,0,0,90000,398000,-308000,-308000
06600P,貿聯永豐98售01  ,0,0,0,0,0,0,0,0,0,-309000,0,0,0,10000,319000,-309000,-309000
060715,日電貿永豐9A購01,0,0,0,0,0,0,0,0,0,-311000,0,0,0,10000,321000,-311000,-311000
2489,瑞軒            ,161000,473000,-312000,0,0,0,0,0,0,1000,1000,0,1000,0,0,0,-311000
057390,台表科永豐98購01,0,0,0,0,0,0,0,0,0,-312000,0,0,0,20000,332000,-312000,-312000
060993,健策元大9B購03  ,0,0,0,0,0,0,0,0,0,-313000,0,0,0,0,313000,-313000,-313000
055360,台表科凱基97購02,0,0,0,0,0,0,0,0,0,-313000,0,0,0,72000,385000,-313000,-313000
06059P,泰碩元大97售02  ,0,0,0,0,0,0,0,0,0,-314000,0,0,0,106000,420000,-314000,-314000
062487,中興電永豐9B購01,0,0,0,0,0,0,0,0,0,-314000,0,0,0,47000,361000,-314000,-314000
2520,冠德            ,120000,594000,-474000,0,0,0,0,0,0,160000,200000,40000,160000,0,0,0,-314000
3042,晶技            ,3094000,1535000,1559000,0,0,0,82000,1020000,-938000,-935000,90000,1006000,-916000,31000,50000,-19000,-314000
3052,夆典            ,65000,351000,-286000,0,0,0,0,0,0,-28000,0,28000,-28000,0,0,0,-314000
07591P,台灣50元大9A售16,0,0,0,0,0,0,0,0,0,-314000,0,0,0,11000,325000,-314000,-314000
061074,儒鴻兆豐9B購01  ,0,0,0,0,0,0,0,0,0,-315000,0,0,0,60000,375000,-315000,-315000
059903,S&P正2元大99購02,0,0,0,0,0,0,0,0,0,-315000,0,0,0,135000,450000,-315000,-315000
1762,中化生          ,1363000,1259000,104000,0,0,0,0,430000,-430000,10000,30000,20000,10000,0,0,0,-316000
062459,聯詠群益9B購01  ,0,0,0,0,0,0,0,0,0,-317000,0,0,0,0,317000,-317000,-317000
054381,世芯群益98購01  ,0,0,0,0,0,0,0,0,0,-317000,0,0,0,239000,556000,-317000,-317000
058337,日月光元富99購01,0,0,0,0,0,0,0,0,0,-317000,0,0,0,72000,389000,-317000,-317000
058270,上緯控永豐99購01,0,0,0,0,0,0,0,0,0,-317000,0,0,0,126000,443000,-317000,-317000
060381,元黃金凱基9A購01,0,0,0,0,0,0,0,0,0,-317000,0,0,0,77000,394000,-317000,-317000
2889,國票金          ,339000,653000,-314000,0,0,0,0,0,0,-3000,14000,17000,-3000,0,0,0,-317000
061628,緯穎群益9A購04  ,0,0,0,0,0,0,0,0,0,-318000,0,0,0,4000,322000,-318000,-318000
055987,台表科元富97購01,0,0,0,0,0,0,0,0,0,-318000,0,0,0,72000,390000,-318000,-318000
061107,世芯元大9A購05  ,0,0,0,0,0,0,0,0,0,-319000,0,0,0,41000,360000,-319000,-319000
8028,昇陽半導體      ,156000,445000,-289000,0,0,0,0,0,0,-30000,0,6000,-6000,0,24000,-24000,-319000
061484,華通兆豐9B購01  ,0,0,0,0,0,0,0,0,0,-320000,0,0,0,0,320000,-320000,-320000
053048,同欣電麥證96購01,0,0,0,0,320000,-320000,0,0,0,-320000,0,0,0,0,320000,-320000,-320000
059581,日月光元富99購02,0,0,0,0,0,0,0,0,0,-322000,0,0,0,108000,430000,-322000,-322000
060734,華通統一9C購01  ,0,0,0,0,0,0,0,0,0,-323000,0,0,0,21000,344000,-323000,-323000
061917,亞德客凱基9B購02,0,0,0,0,0,0,0,0,0,-323000,0,0,0,0,323000,-323000,-323000
060163,健策永豐9B購01  ,0,0,0,0,0,0,0,0,0,-323000,0,0,0,12000,335000,-323000,-323000
058194,勤誠永豐99購01  ,0,0,0,0,0,0,0,0,0,-323000,0,0,0,0,323000,-323000,-323000
2845,遠東銀          ,44000,367000,-323000,0,0,0,0,0,0,0,0,0,0,0,0,0,-323000
060746,玉晶光國票9B購02,0,0,0,0,0,0,0,0,0,-324000,0,0,0,420000,744000,-324000,-324000
6226,光鼎            ,48000,389000,-341000,0,0,0,0,0,0,17000,17000,0,17000,0,0,0,-324000
07459P,緯穎元大9A售01  ,0,0,0,0,0,0,0,0,0,-325000,0,0,0,106000,431000,-325000,-325000
5519,隆大            ,38000,363000,-325000,0,0,0,0,0,0,0,0,0,0,0,0,0,-325000
061627,台表科群益9A購01,0,0,0,0,0,0,0,0,0,-326000,0,0,0,158000,484000,-326000,-326000
07899P,和大凱基9B售01  ,0,0,0,0,0,0,0,0,0,-326000,0,0,0,34000,360000,-326000,-326000
06286P,世芯國票97售02  ,0,0,0,0,0,0,0,0,0,-329000,0,0,0,135000,464000,-329000,-329000
07612P,國巨國泰9B售06  ,0,0,0,0,0,0,0,0,0,-329000,0,0,0,62000,391000,-329000,-329000
058660,樺漢中信9A購01  ,0,0,0,0,0,0,0,0,0,-330000,0,0,0,0,330000,-330000,-330000
057317,技嘉凱基98購02  ,0,0,0,0,0,0,0,0,0,-332000,0,0,0,77000,409000,-332000,-332000
1319,東陽            ,239000,492000,-253000,0,0,0,0,71370,-71370,-9000,4000,13000,-9000,0,0,0,-333370
057903,聯鈞永豐99購01  ,0,0,0,0,0,0,0,0,0,-334000,0,0,0,46000,380000,-334000,-334000
07648P,祥碩國票9B售01  ,0,0,0,0,0,0,0,0,0,-334000,0,0,0,0,334000,-334000,-334000
07763P,嘉澤永豐9A售02  ,0,0,0,0,0,0,0,0,0,-334000,0,0,0,17000,351000,-334000,-334000
07875P,祥碩群益9B售01  ,0,0,0,0,0,0,0,0,0,-334000,0,0,0,20000,354000,-334000,-334000
060966,台表科凱基9B購01,0,0,0,0,0,0,0,0,0,-335000,0,0,0,733000,1068000,-335000,-335000
052137,台表科凱基96購02,0,0,0,0,0,0,0,0,0,-335000,0,0,0,0,335000,-335000,-335000
3702,大聯大          ,864286,1285000,-420714,0,0,0,0,0,0,85000,155000,43000,112000,0,27000,-27000,-335714
060766,世芯元大9A購02  ,0,0,0,0,0,0,0,0,0,-340000,0,0,0,30000,370000,-340000,-340000
052609,智易元大97購01  ,0,0,0,0,0,0,0,0,0,-340000,0,0,0,0,340000,-340000,-340000
056087,世芯統一97購01  ,0,0,0,0,0,0,0,0,0,-341000,0,0,0,38000,379000,-341000,-341000
8105,凌巨            ,72000,415000,-343000,0,0,0,0,0,0,1000,1000,0,1000,0,0,0,-342000
07870P,鴻海群益9B售01  ,0,0,0,0,0,0,0,0,0,-343000,0,0,0,4000,347000,-343000,-343000
06884P,台郡群益98售03  ,0,0,0,0,0,0,0,0,0,-344000,0,0,0,15000,359000,-344000,-344000
055940,致新群益98購01  ,0,0,0,0,0,0,0,0,0,-347000,0,0,0,213000,560000,-347000,-347000
6202,盛群            ,423000,774961,-351961,0,0,0,0,0,0,3000,3000,0,3000,0,0,0,-348961
07105P,大毅元富99售02  ,0,0,0,0,0,0,0,0,0,-350000,0,0,0,113000,463000,-350000,-350000
054363,世芯凱基97購01  ,0,0,0,0,0,0,0,0,0,-351000,0,0,0,20000,371000,-351000,-351000
060203,緯穎元富9A購01  ,0,0,0,0,0,0,0,0,0,-353000,0,0,0,34000,387000,-353000,-353000
061801,祥碩永豐9B購01  ,0,0,0,0,0,0,0,0,0,-355000,0,0,0,69000,424000,-355000,-355000
00655L,國泰中國A50正2  ,563000,469000,94000,0,0,0,0,0,0,-449000,0,0,0,3818000,4267000,-449000,-355000
6213,聯茂            ,975000,562000,413000,0,0,0,0,577000,-577000,-192000,86000,259000,-173000,39000,58000,-19000,-356000
8110,華東            ,57000,431000,-374000,0,0,0,0,0,0,18000,26000,8000,18000,0,0,0,-356000
060917,台表科國泰9B購01,0,0,0,0,0,0,0,0,0,-358000,0,0,0,426000,784000,-358000,-358000
060833,道瓊反國票9A購01,0,0,0,0,0,0,0,0,0,-360000,0,0,0,0,360000,-360000,-360000
060775,世芯凱基9A購02  ,0,0,0,0,0,0,0,0,0,-363000,0,0,0,195000,558000,-363000,-363000
061547,禾伸堂群益9A購01,0,0,0,0,0,0,0,0,0,-365000,0,0,0,156000,521000,-365000,-365000
061610,力成統一9C購01  ,0,0,0,0,0,0,0,0,0,-366000,0,0,0,271000,637000,-366000,-366000
06608P,立積群益99售02  ,0,0,0,0,0,0,0,0,0,-367000,0,0,0,213000,580000,-367000,-367000
055755,禾伸堂兆豐97購02,0,0,0,0,0,0,0,0,0,-368000,0,0,0,36000,404000,-368000,-368000
2547,日勝生          ,183000,572000,-389000,0,0,0,0,0,0,20000,20000,0,20000,0,0,0,-369000
2841,台開            ,65000,475000,-410000,0,0,0,0,0,0,39000,39000,0,39000,0,0,0,-371000
060259,潤泰全凱基9C購01,0,0,0,0,0,0,0,0,0,-372000,0,0,0,15000,387000,-372000,-372000
07351P,鴻海國票99售08  ,0,0,0,0,0,0,0,0,0,-374000,0,0,0,62000,436000,-374000,-374000
2634,漢翔            ,121000,495000,-374000,0,0,0,0,0,0,0,0,0,0,0,0,0,-374000
062474,台表科凱基9C購01,0,0,0,0,0,0,0,0,0,-376000,0,0,0,80000,456000,-376000,-376000
06067P,華新科康和97售01,0,0,0,0,0,0,0,0,0,-376000,0,0,0,169000,545000,-376000,-376000
060994,世芯元大9A購03  ,0,0,0,0,0,0,0,0,0,-376000,0,0,0,45000,421000,-376000,-376000
2385,群光            ,1989716,2344000,-354284,0,0,0,0,6000,-6000,-16000,17000,10000,7000,0,23000,-23000,-376284
3704,合勤控          ,89000,442000,-353000,0,0,0,0,0,0,-24000,1000,0,1000,3000,28000,-25000,-377000
2534,宏盛            ,138000,518000,-380000,0,0,0,0,0,0,2000,4000,2000,2000,0,0,0,-378000
054097,淘帝國票97購01  ,0,0,0,0,0,0,0,0,0,-380000,0,0,0,0,380000,-380000,-380000
057300,訊連永豐98購01  ,0,0,0,0,0,0,0,0,0,-380000,0,0,0,0,380000,-380000,-380000
06283P,祥碩永豐97售01  ,0,0,0,0,0,0,0,0,0,-383000,0,0,0,0,383000,-383000,-383000
07370P,南亞科凱基99售08,0,0,0,0,0,0,0,0,0,-384000,0,0,0,462000,846000,-384000,-384000
061395,健策統一9C購02  ,0,0,0,0,0,0,0,0,0,-384000,0,0,0,160000,544000,-384000,-384000
061001,智邦兆豐9B購01  ,0,0,0,0,0,0,0,0,0,-386000,0,0,0,100000,486000,-386000,-386000
1718,中纖            ,140000,530000,-390000,0,0,0,0,0,0,2000,2000,0,2000,0,0,0,-388000
2105,正新            ,841571,1228600,-387029,0,0,0,0,21000,-21000,20000,20000,0,20000,0,0,0,-388029
2357,華碩            ,1975846,2509310,-533464,0,0,0,140000,0,140000,3000,11000,2000,9000,0,6000,-6000,-390464
054217,台表科國票97購05,0,0,0,0,0,0,0,0,0,-393000,0,0,0,8000,401000,-393000,-393000
051490,世芯凱基96購01  ,0,0,0,0,0,0,0,0,0,-393000,0,0,0,61000,454000,-393000,-393000
4906,正文            ,532000,898000,-366000,0,0,0,0,0,0,-28000,54000,21000,33000,6000,67000,-61000,-394000
054833,京鼎中信97購01  ,0,0,0,0,0,0,0,0,0,-395000,0,0,0,0,395000,-395000,-395000
057707,臺股指群益98購07,0,0,0,0,0,0,0,0,0,-395000,0,0,0,85000,480000,-395000,-395000
3036,文曄            ,83000,390000,-307000,0,0,0,0,0,0,-89000,2000,105000,-103000,15000,1000,14000,-396000
055334,禾伸堂兆豐97購01,0,0,0,0,0,0,0,0,0,-398000,0,0,0,226000,624000,-398000,-398000
07636P,鴻海國票9A售05  ,0,0,0,0,0,0,0,0,0,-400000,0,0,0,0,400000,-400000,-400000
07488P,鴻海國票9A售02  ,0,0,0,0,0,0,0,0,0,-400000,0,0,0,0,400000,-400000,-400000
055885,大成鋼統一97購02,0,0,0,0,0,0,0,0,0,-401000,0,0,0,0,401000,-401000,-401000
060391,華擎群益9C購01  ,0,0,0,0,0,0,0,0,0,-401000,0,0,0,115000,516000,-401000,-401000
059155,台表科日盛99購01,0,0,0,0,0,0,0,0,0,-402000,0,0,0,540000,942000,-402000,-402000
060965,中租凱基9B購01  ,0,0,0,0,0,0,0,0,0,-403000,0,0,0,72000,475000,-403000,-403000
062050,亞德客統一9C購01,0,0,0,0,0,0,0,0,0,-403000,0,0,0,11000,414000,-403000,-403000
06337P,祥碩元大97售05  ,0,0,0,0,0,0,0,0,0,-405000,0,0,0,154000,559000,-405000,-405000
060456,正隆元大9A購01  ,0,0,0,0,0,0,0,0,0,-407000,0,0,0,114000,521000,-407000,-407000
060428,瑞祺永豐9A購01  ,0,0,0,0,0,0,0,0,0,-408000,0,0,0,30000,438000,-408000,-408000
056211,南港國票98購01  ,0,0,0,0,0,0,0,0,0,-410000,0,0,0,100000,510000,-410000,-410000
061427,旭富元大9A購02  ,0,0,0,0,0,0,0,0,0,-412000,0,0,0,369000,781000,-412000,-412000
061196,世芯永豐9A購06  ,0,0,0,0,0,0,0,0,0,-412000,0,0,0,533000,945000,-412000,-412000
053999,台表科群益96購06,0,0,0,0,0,0,0,0,0,-412000,0,0,0,0,412000,-412000,-412000
058927,勤誠元富99購02  ,0,0,0,0,0,0,0,0,0,-412000,0,0,0,90000,502000,-412000,-412000
061216,世芯元大9A購06  ,0,0,0,0,0,0,0,0,0,-413000,0,0,0,97000,510000,-413000,-413000
00650L,FH香港正2       ,28000,0,28000,0,0,0,0,0,0,-441000,0,0,0,160000,601000,-441000,-413000
07635P,世芯永豐9A售05  ,0,0,0,0,0,0,0,0,0,-413000,0,0,0,75000,488000,-413000,-413000
1409,新纖            ,242000,672000,-430000,0,0,0,0,0,0,17000,17000,0,17000,0,0,0,-413000
3019,亞光            ,372000,762000,-390000,0,0,0,0,3000,-3000,-26000,13000,4000,9000,2000,37000,-35000,-419000
062473,同欣電凱基9B購01,0,0,0,0,0,0,0,0,0,-420000,0,0,0,21000,441000,-420000,-420000
062125,嘉晶統一9B購01  ,0,0,0,0,0,0,0,0,0,-420000,0,0,0,102000,522000,-420000,-420000
06668P,祥碩凱基98售02  ,0,0,0,0,0,0,0,0,0,-420000,0,0,0,251000,671000,-420000,-420000
060788,嘉晶富邦9B購01  ,0,0,0,0,0,0,0,0,0,-422000,0,0,0,26000,448000,-422000,-422000
2542,興富發          ,1427082,1845000,-417918,0,0,0,0,0,0,-5000,29000,37000,-8000,3000,0,3000,-422918
057626,技嘉富邦9A購01  ,0,0,0,0,0,0,0,0,0,-423000,0,0,0,342000,765000,-423000,-423000
2201,裕隆            ,1035000,1508000,-473000,0,0,0,0,0,0,48000,15000,0,15000,33000,0,33000,-425000
07677P,祥碩永豐9A售01  ,0,0,0,0,0,0,0,0,0,-426000,0,0,0,0,426000,-426000,-426000
2014,中鴻            ,157000,625000,-468000,0,0,0,0,0,0,36000,36000,0,36000,0,0,0,-432000
05555P,健策群益98售01  ,0,0,0,0,0,0,0,0,0,-434000,0,0,0,125000,559000,-434000,-434000
1103,嘉泥            ,106000,540000,-434000,0,0,0,0,0,0,-1000,0,1000,-1000,0,0,0,-435000
058327,大毅統一9B購01  ,0,0,0,0,0,0,0,0,0,-436000,0,0,0,1093000,1529000,-436000,-436000
2464,盟立            ,54000,400000,-346000,0,0,0,0,0,0,-91000,6000,100000,-94000,8000,5000,3000,-437000
060856,健策富邦9B購02  ,0,0,0,0,0,0,0,0,0,-438000,0,0,0,6000,444000,-438000,-438000
03840P,台積電統一99售02,0,0,0,0,0,0,0,0,0,-439000,0,0,0,0,439000,-439000,-439000
2461,光群雷          ,31000,490000,-459000,0,0,0,0,0,0,20000,20000,0,20000,0,0,0,-439000
6191,精成科          ,89000,557000,-468000,0,0,0,0,0,0,28000,28000,0,28000,0,0,0,-440000
2855,統一證          ,79000,523000,-444000,0,0,0,0,0,0,0,0,0,0,0,0,0,-444000
054843,中環兆豐97購01  ,0,0,0,0,0,0,0,0,0,-448000,0,0,0,55000,503000,-448000,-448000
058392,元油2X元大99購12,0,0,0,0,0,0,0,0,0,-448000,0,0,0,0,448000,-448000,-448000
1455,集盛            ,33000,484000,-451000,0,0,0,0,0,0,0,0,0,0,0,0,0,-451000
053573,臺股指統一99購01,0,0,0,0,0,0,0,0,0,-452000,0,0,0,156000,608000,-452000,-452000
058398,中環元大99購02  ,0,0,0,0,0,0,0,0,0,-453000,0,0,0,147000,600000,-453000,-453000
058836,FBVIX中信03購05 ,0,0,0,0,0,0,0,0,0,-454000,0,0,0,8000,462000,-454000,-454000
8112,至上            ,2084000,2465000,-381000,0,0,0,0,0,0,-74000,2000,76000,-74000,0,0,0,-455000
06833P,矽力群益99售01  ,0,0,0,0,0,0,0,0,0,-456000,0,0,0,0,456000,-456000,-456000
061907,裕隆中信9B購01  ,0,0,0,0,0,0,0,0,0,-457000,0,0,0,30000,487000,-457000,-457000
1712,興農            ,46000,600000,-554000,0,0,0,0,0,0,95000,139000,44000,95000,0,0,0,-459000
053939,台表科元富96購03,0,0,0,0,0,0,0,0,0,-464000,0,0,0,50000,514000,-464000,-464000
055579,健策統一9A購01  ,0,0,0,0,0,0,0,0,0,-465000,0,0,0,6000,471000,-465000,-465000
059560,T50反1凱基99購08,0,0,0,0,0,0,0,0,0,-469000,0,0,0,0,469000,-469000,-469000
4725,信昌化          ,25000,495000,-470000,0,0,0,0,0,0,0,0,0,0,0,0,0,-470000
3338,泰碩            ,313000,528000,-215000,0,0,0,0,104000,-104000,-152000,50000,144000,-94000,3000,61000,-58000,-471000
060870,旭富群益9A購01  ,0,0,0,0,0,0,0,0,0,-472000,0,0,0,82000,554000,-472000,-472000
060157,致茂永豐9A購02  ,0,0,0,0,0,0,0,0,0,-474000,0,0,0,117000,591000,-474000,-474000
07575P,瑞昱元大9A售02  ,0,0,0,0,0,0,0,0,0,-477000,0,0,0,292000,769000,-477000,-477000
3035,智原            ,308000,422000,-114000,0,0,0,30000,420000,-390000,26000,28000,8000,20000,13000,7000,6000,-478000
060820,上証2X元大9A購04,0,0,0,0,0,0,0,0,0,-480000,0,0,0,0,480000,-480000,-480000
059353,滬深2X富邦9A購02,0,0,0,0,0,0,0,0,0,-480000,0,0,0,0,480000,-480000,-480000
053073,技嘉康和96購01  ,0,0,0,0,0,0,0,0,0,-480000,0,0,0,143000,623000,-480000,-480000
1303,南亞            ,1713248,2506240,-792992,0,0,0,280000,0,280000,31000,52000,16000,36000,0,5000,-5000,-481992
051728,道瓊反國票97購01,0,0,0,0,0,0,0,0,0,-483000,0,0,0,120000,603000,-483000,-483000
062282,禾伸堂群益9B購01,0,0,0,0,0,0,0,0,0,-485000,0,0,0,33000,518000,-485000,-485000
055197,致新元富97購02  ,0,0,0,0,0,0,0,0,0,-485000,0,0,0,70000,555000,-485000,-485000
056986,超眾群益98購03  ,0,0,0,0,0,0,0,0,0,-490000,0,0,0,0,490000,-490000,-490000
057105,致茂群益9A購01  ,0,0,0,0,0,0,0,0,0,-491000,0,0,0,23000,514000,-491000,-491000
059781,A50正2元大9C購03,0,0,0,0,0,0,0,0,0,-493000,0,0,0,0,493000,-493000,-493000
054698,同欣電永豐97購01,0,0,0,0,0,0,0,0,0,-498000,0,0,0,0,498000,-498000,-498000
054879,大成鋼統一97購01,0,0,0,0,0,0,0,0,0,-499000,0,0,0,0,499000,-499000,-499000
060324,台積電群益9B購02,0,0,0,0,0,0,0,0,0,-499000,0,0,0,0,499000,-499000,-499000
3040,遠見            ,0,500000,-500000,0,0,0,0,0,0,0,0,0,0,0,0,0,-500000
5522,遠雄            ,57000,463000,-406000,0,0,0,0,0,0,-100000,0,100000,-100000,0,0,0,-506000
07700P,臺股指元大9A售53,0,0,0,0,0,0,0,0,0,-508000,0,0,0,20000,528000,-508000,-508000
061201,FBVIX元大01購03 ,0,0,0,0,0,0,0,0,0,-511000,0,0,0,0,511000,-511000,-511000
062395,台表科富邦9C購01,0,0,0,0,0,0,0,0,0,-512000,0,0,0,98000,610000,-512000,-512000
8021,尖點            ,115000,635000,-520000,0,0,0,0,0,0,1000,1000,0,1000,0,0,0,-519000
055196,致新元富97購01  ,0,0,0,0,0,0,0,0,0,-520000,0,0,0,70000,590000,-520000,-520000
061231,聚陽元大9A購02  ,0,0,0,0,0,0,0,0,0,-528000,0,0,0,196000,724000,-528000,-528000
3376,新日興          ,664000,473000,191000,0,0,0,30000,704000,-674000,-46000,64000,63000,1000,14000,61000,-47000,-529000
058468,聯茂中信99購02  ,0,0,0,0,0,0,0,0,0,-530000,0,0,0,55000,585000,-530000,-530000
07921P,鴻海群益9B售04  ,0,0,0,0,0,0,0,0,0,-530000,0,0,0,41000,571000,-530000,-530000
055619,同欣電國票98購02,0,0,0,0,0,0,0,0,0,-532000,0,0,0,243000,775000,-532000,-532000
058727,嘉晶富邦9A購01  ,0,0,0,0,0,0,0,0,0,-532000,0,0,0,121000,653000,-532000,-532000
1536,和大            ,283467,759000,-475533,0,0,0,0,43000,-43000,-14000,3000,10000,-7000,1000,8000,-7000,-532533
062146,大毅國票9B購01  ,0,0,0,0,0,0,0,0,0,-534000,0,0,0,1000,535000,-534000,-534000
06670P,鴻海群益98售06  ,0,0,0,0,0,0,0,0,0,-535000,0,0,0,74000,609000,-535000,-535000
060783,亞德客富邦9B購01,0,0,0,0,0,0,0,0,0,-540000,0,0,0,50000,590000,-540000,-540000
057096,緯穎元富98購01  ,0,0,0,0,0,0,0,0,0,-540000,0,0,0,314000,854000,-540000,-540000
061411,T50反1群益9A購05,0,0,0,0,0,0,0,0,0,-543000,0,0,0,146000,689000,-543000,-543000
058928,國巨統一9C購01  ,0,0,0,0,0,0,0,0,0,-547000,0,0,0,15000,562000,-547000,-547000
4935,茂林-KY         ,227000,416000,-189000,0,0,0,0,205000,-205000,-156000,17000,152000,-135000,19000,40000,-21000,-550000
061159,同欣電群益9A購01,0,0,0,0,0,0,0,0,0,-552000,0,0,0,684000,1236000,-552000,-552000
060380,T50反1凱基9A購08,0,0,0,0,0,0,0,0,0,-554000,0,0,0,0,554000,-554000,-554000
2104,國際中橡        ,301000,880000,-579000,0,0,0,0,0,0,19000,17000,0,17000,3000,1000,2000,-560000
059766,同欣電永豐99購03,0,0,0,0,0,0,0,0,0,-562000,0,0,0,77000,639000,-562000,-562000
062350,台表科群益9B購01,0,0,0,0,0,0,0,0,0,-566000,0,0,0,141000,707000,-566000,-566000
03443B,臺股指凱基9A熊27,0,0,0,0,0,0,0,0,0,-568000,0,0,0,849000,1417000,-568000,-568000
2365,昆盈            ,154000,722000,-568000,0,0,0,0,0,0,-3000,1000,4000,-3000,0,0,0,-571000
060417,正隆永豐9A購01  ,0,0,0,0,0,0,0,0,0,-572000,0,0,0,260000,832000,-572000,-572000
1101,台泥            ,3227585,3878931,-651346,0,0,0,0,45000,-45000,120000,142000,0,142000,4000,26000,-22000,-576346
060320,元金2X群益02購01,0,0,0,0,0,0,0,0,0,-580000,0,0,0,87000,667000,-580000,-580000
2915,潤泰全          ,870493,1393479,-522986,0,0,0,0,0,0,-62000,22000,48000,-26000,21000,57000,-36000,-584986
06638P,鴻海統一99售02  ,0,0,0,0,0,0,0,0,0,-585000,0,0,0,0,585000,-585000,-585000
056586,光罩統一98購02  ,0,0,0,0,0,0,0,0,0,-586000,0,0,0,424000,1010000,-586000,-586000
052888,台表科中信9A購01,0,0,0,0,0,0,0,0,0,-587000,0,0,0,280000,867000,-587000,-587000
6153,嘉聯益          ,569000,1245000,-676000,0,0,0,0,0,0,89000,181000,0,181000,70000,162000,-92000,-587000
060915,旭富元大9A購01  ,0,0,0,0,0,0,0,0,0,-588000,0,0,0,218000,806000,-588000,-588000
2606,裕民            ,303000,878000,-575000,0,0,0,0,0,0,-14000,0,14000,-14000,0,0,0,-589000
2371,大同            ,943270,1429000,-485730,0,0,0,0,0,0,-109000,42000,151000,-109000,0,0,0,-594730
061244,和碩兆豐9A購01  ,0,0,0,0,0,0,0,0,0,-598000,0,0,0,8000,606000,-598000,-598000
07206P,鴻海凱基9A售11  ,0,0,0,0,0,0,0,0,0,-600000,0,0,0,0,600000,-600000,-600000
061185,嘉晶國泰9B購01  ,0,0,0,0,0,0,0,0,0,-604000,0,0,0,96000,700000,-604000,-604000
059976,道瓊銀元大99購01,0,0,0,0,0,0,0,0,0,-604000,0,0,0,69000,673000,-604000,-604000
07244P,鴻海凱基9A售13  ,0,0,0,0,0,0,0,0,0,-605000,0,0,0,0,605000,-605000,-605000
061186,牧德國泰9C購01  ,0,0,0,0,0,0,0,0,0,-611000,0,0,0,49000,660000,-611000,-611000
1310,台苯            ,100000,688000,-588000,0,0,0,0,0,0,-24000,0,24000,-24000,0,0,0,-612000
062297,億豐永豐9B購01  ,0,0,0,0,0,0,0,0,0,-613000,0,0,0,15000,628000,-613000,-613000
07204P,鴻海凱基99售10  ,0,0,0,0,0,0,0,0,0,-614000,0,0,0,0,614000,-614000,-614000
8996,高力            ,125000,634000,-509000,0,0,0,0,0,0,-105000,9000,114000,-105000,0,0,0,-614000
1710,東聯            ,433000,1088000,-655000,0,0,0,0,0,0,30000,30000,0,30000,0,0,0,-625000
062036,致新群益9B購01  ,0,0,0,0,0,0,0,0,0,-627000,0,0,0,152000,779000,-627000,-627000
052602,聯電元大97購01  ,0,0,0,0,0,0,0,0,0,-628000,0,0,0,507000,1135000,-628000,-628000
1802,台玻            ,320000,961000,-641000,0,0,0,0,0,0,9000,9000,0,9000,0,0,0,-632000
3045,台灣大          ,490534,1203000,-712466,0,0,0,0,0,0,78000,78000,0,78000,0,0,0,-634466
060601,技嘉凱基9A購02  ,0,0,0,0,0,0,0,0,0,-647000,0,0,0,223000,870000,-647000,-647000
061540,台積電群益9A購07,0,0,0,0,0,0,0,0,0,-649000,0,0,0,401000,1050000,-649000,-649000
07344P,鴻海富邦9A售03  ,0,0,0,0,0,0,0,0,0,-650000,0,0,0,18000,668000,-650000,-650000
038489,T50反1台新9A購01,0,0,0,0,0,0,0,0,0,-650000,0,0,0,0,650000,-650000,-650000
061380,巨大永豐9A購02  ,0,0,0,0,0,0,0,0,0,-657000,0,0,0,150000,807000,-657000,-657000
060772,FBVIX凱基9A購03 ,0,0,0,0,0,0,0,0,0,-658000,0,0,0,1000,659000,-658000,-658000
9933,中鼎            ,503000,1130000,-627000,0,0,0,0,0,0,-33000,0,33000,-33000,0,0,0,-660000
2515,中工            ,292000,875000,-583000,0,0,0,0,0,0,-78000,0,78000,-78000,0,0,0,-661000
07315P,台積電台新99售06,0,0,0,0,0,0,0,0,0,-665000,0,0,0,0,665000,-665000,-665000
4927,泰鼎-KY         ,1001000,434000,567000,0,0,0,40000,951000,-911000,-321000,14000,123000,-109000,25000,237000,-212000,-665000
061450,嘉晶中信9A購01  ,0,0,0,0,0,0,0,0,0,-680000,0,0,0,80000,760000,-680000,-680000
060367,緯穎元富9A購02  ,0,0,0,0,0,0,0,0,0,-685000,0,0,0,45000,730000,-685000,-685000
07874P,長榮航群益9B售01,0,0,0,0,0,0,0,0,0,-686000,0,0,0,119000,805000,-686000,-686000
08004P,大毅永豐9B售02  ,0,0,0,0,0,0,0,0,0,-690000,0,0,0,0,690000,-690000,-690000
3515,華擎            ,546000,817200,-271200,0,0,0,0,230000,-230000,-194000,37000,19000,18000,43000,255000,-212000,-695200
060796,世芯永豐9A購03  ,0,0,0,0,0,0,0,0,0,-697000,0,0,0,179000,876000,-697000,-697000
6005,群益證          ,257000,955000,-698000,0,0,0,0,0,0,0,0,0,0,0,0,0,-698000
3406,玉晶光          ,275005,697000,-421995,0,0,0,61000,118170,-57170,-219000,294000,446000,-152000,37000,104000,-67000,-698165
2498,宏達電          ,507000,1320000,-813000,0,0,0,0,0,0,108000,121000,8000,113000,61000,66000,-5000,-705000
1326,台化            ,1719889,2419802,-699913,0,0,0,0,0,0,-17000,23000,30000,-7000,0,10000,-10000,-716913
2101,南港            ,89000,797000,-708000,0,0,0,0,4000,-4000,-7000,9000,0,9000,30000,46000,-16000,-719000
061527,牧德凱基9A購02  ,0,0,0,0,0,0,0,0,0,-721000,0,0,0,178000,899000,-721000,-721000
3711,日月光投控      ,2108639,2881000,-772361,0,0,0,0,0,0,47000,25000,4000,21000,30000,4000,26000,-725361
2809,京城銀          ,403000,1160000,-757000,0,0,0,0,0,0,9000,9000,0,9000,0,0,0,-748000
2354,鴻準            ,882944,1572947,-690003,0,0,0,0,10000,-10000,-50000,6000,56000,-50000,0,0,0,-750003
00652,富邦印度        ,1000,0,1000,0,0,0,0,0,0,-753000,0,0,0,0,753000,-753000,-752000
1312,國喬            ,672000,1414000,-742000,0,0,0,0,0,0,-11000,3000,14000,-11000,0,0,0,-753000
06656P,GIS元大98售02   ,0,0,0,0,0,0,0,0,0,-766000,0,0,0,19000,785000,-766000,-766000
2812,台中銀          ,226000,862000,-636000,0,0,0,0,0,0,-134000,0,134000,-134000,0,0,0,-770000
6285,啟碁            ,303000,1017000,-714000,0,0,0,30000,62000,-32000,-24000,4000,25000,-21000,0,3000,-3000,-770000
2610,華航            ,2440701,3234000,-793299,0,0,0,0,0,0,22000,42000,0,42000,0,20000,-20000,-771299
056283,鴻海永豐97購03  ,0,0,0,0,0,0,0,0,0,-772000,0,0,0,0,772000,-772000,-772000
062049,亞德客統一01購01,0,0,0,0,0,0,0,0,0,-777000,0,0,0,35000,812000,-777000,-777000
1907,永豐餘          ,343000,1058000,-715000,0,0,0,0,0,0,-62000,0,62000,-62000,0,0,0,-777000
6176,瑞儀            ,633000,1273619,-640619,0,0,0,231000,332000,-101000,-37000,27000,2000,25000,1000,63000,-62000,-778619
060776,世芯凱基9B購01  ,0,0,0,0,0,0,0,0,0,-783000,0,0,0,405000,1188000,-783000,-783000
2401,凌陽            ,663200,1473000,-809800,0,0,0,0,0,0,24000,24000,0,24000,0,0,0,-785800
062387,健策國泰01購01  ,0,0,0,0,0,0,0,0,0,-796000,0,0,0,234000,1030000,-796000,-796000
062034,同欣電群益9B購01,0,0,0,0,0,0,0,0,0,-801000,0,0,0,19000,820000,-801000,-801000
059825,嘉晶凱基99購02  ,0,0,0,0,0,0,0,0,0,-814000,0,0,0,82000,896000,-814000,-814000
2442,新美齊          ,93000,918193,-825193,0,0,0,0,0,0,5000,5000,0,5000,0,0,0,-820193
07597P,臺股指中信01售02,0,0,0,0,0,0,0,0,0,-829000,0,0,0,805000,1634000,-829000,-829000
054015,晶豪科永豐96購03,0,0,0,0,0,0,0,0,0,-832000,0,0,0,120000,952000,-832000,-832000
6196,帆宣            ,543000,1199000,-656000,0,0,0,0,46000,-46000,-130000,2000,74000,-72000,8000,66000,-58000,-832000
056638,臺股指日盛98購01,0,0,0,0,0,0,0,0,0,-845000,0,0,0,667000,1512000,-845000,-845000
1402,遠東新          ,2307564,3304386,-996822,0,0,0,192000,0,192000,-41000,102000,12000,90000,0,131000,-131000,-845822
00674R,元大S&P黃金反1  ,0,0,0,0,0,0,0,0,0,-848000,0,0,0,2000,850000,-848000,-848000
057940,和大國票99購01  ,0,0,0,0,0,0,0,0,0,-867000,0,0,0,91000,958000,-867000,-867000
2340,光磊            ,247000,1078000,-831000,0,0,0,0,0,0,-40000,14000,74000,-60000,28000,8000,20000,-871000
07366P,國巨康和99售02  ,0,0,0,0,0,0,0,0,0,-873000,0,0,0,662000,1535000,-873000,-873000
062362,致茂元大9B購01  ,0,0,0,0,0,0,0,0,0,-900000,0,0,0,0,900000,-900000,-900000
00648R,元大S&P500反1   ,60000,0,60000,0,0,0,0,0,0,-979000,0,0,0,252000,1231000,-979000,-919000
07920P,大立光中信01售01,0,0,0,0,0,0,0,0,0,-938000,0,0,0,0,938000,-938000,-938000
2891,中信金          ,17404744,18552969,-1148225,0,0,0,0,0,0,188000,133000,0,133000,55000,0,55000,-960225
056626,同欣電永豐98購01,0,0,0,0,0,0,0,0,0,-965000,0,0,0,30000,995000,-965000,-965000
1314,中石化          ,2288000,3441000,-1153000,0,0,0,0,0,0,166000,65000,78000,-13000,179000,0,179000,-987000
05375P,健策國票96售02  ,0,0,0,0,0,0,0,0,0,-998000,0,0,0,0,998000,-998000,-998000
07680P,鴻海凱基9A售24  ,0,0,0,0,0,0,0,0,0,-998000,0,0,0,0,998000,-998000,-998000
07779P,鴻海凱基9B售04  ,0,0,0,0,0,0,0,0,0,-1003000,0,0,0,0,1003000,-1003000,-1003000
058188,華擎永豐99購01  ,0,0,0,0,0,0,0,0,0,-1004000,0,0,0,102000,1106000,-1004000,-1004000
5469,瀚宇博          ,459000,1302000,-843000,0,0,0,0,0,0,-161000,2000,131000,-129000,35000,67000,-32000,-1004000
061373,華通富邦9A購02  ,0,0,0,0,0,0,0,0,0,-1029000,0,0,0,137000,1166000,-1029000,-1029000
00715L,街口布蘭特油正2 ,0,0,0,0,0,0,0,0,0,-1050000,0,0,0,0,1050000,-1050000,-1050000
048383,元金2X國票99購01,0,0,0,0,0,0,0,0,0,-1059000,0,0,0,20000,1079000,-1059000,-1059000
2481,強茂            ,2252000,533000,1719000,0,0,0,0,2762000,-2762000,-34000,2000,29000,-27000,10000,17000,-7000,-1077000
2355,敬鵬            ,168000,1251000,-1083000,0,0,0,0,0,0,3000,5000,2000,3000,0,0,0,-1080000
1102,亞泥            ,2238823,3143000,-904177,0,0,0,0,141682,-141682,-85000,10000,86000,-76000,24000,33000,-9000,-1130859
2027,大成鋼          ,508000,1853000,-1345000,0,0,0,0,0,0,207000,87000,0,87000,216000,96000,120000,-1138000
3049,和鑫            ,555000,1771000,-1216000,0,0,0,0,0,0,54000,31000,0,31000,23000,0,23000,-1162000
2633,台灣高鐵        ,364709,1523000,-1158291,0,0,0,0,0,0,-6000,19000,2000,17000,0,23000,-23000,-1164291
1504,東元            ,436000,1592000,-1156000,0,0,0,0,0,0,-13000,9000,0,9000,0,22000,-22000,-1169000
07281P,鴻海凱基99售13  ,0,0,0,0,0,0,0,0,0,-1185000,0,0,0,13000,1198000,-1185000,-1185000
3545,敦泰            ,3631000,4848000,-1217000,0,0,0,0,0,0,6000,6000,0,6000,0,0,0,-1211000
055063,玉晶光永豐99購01,0,0,0,0,0,0,0,0,0,-1218000,0,0,0,0,1218000,-1218000,-1218000
062389,台表科國泰01購01,0,0,0,0,0,0,0,0,0,-1224000,0,0,0,317000,1541000,-1224000,-1224000
062337,台表科統一01購01,0,0,0,0,0,0,0,0,0,-1329000,0,0,0,116000,1445000,-1329000,-1329000
00708L,元大S&P黃金正2  ,0,712000,-712000,0,0,0,0,0,0,-617000,0,0,0,2504000,3121000,-617000,-1329000
2332,友訊            ,516000,1663000,-1147000,0,0,0,0,0,0,-227000,45000,38000,7000,7000,241000,-234000,-1374000
5876,上海商銀        ,1068190,2472000,-1403810,0,0,0,0,0,0,9000,11000,2000,9000,0,0,0,-1394810
061066,嘉晶凱基9B購01  ,0,0,0,0,0,0,0,0,0,-1400000,0,0,0,138000,1538000,-1400000,-1400000
2439,美律            ,191000,1418000,-1227000,0,0,0,0,2000,-2000,-176000,26000,60000,-34000,8000,150000,-142000,-1405000
062601,富邦金台新9B購01,0,0,0,0,0,0,0,0,0,-1417000,0,0,0,0,1417000,-1417000,-1417000
2412,中華電          ,1468059,2923545,-1455486,0,0,0,0,50000,-50000,38000,40000,1000,39000,0,1000,-1000,-1467486
06950P,鴻海統一9B售02  ,0,0,0,0,0,0,0,0,0,-1468000,0,0,0,5000,1473000,-1468000,-1468000
2352,佳世達          ,599000,2097000,-1498000,0,0,0,0,15000,-15000,-6000,12000,18000,-6000,0,0,0,-1519000
061607,台表科凱基9B購02,0,0,0,0,0,0,0,0,0,-1583000,0,0,0,529000,2112000,-1583000,-1583000
3044,健鼎            ,341000,1948388,-1607388,0,0,0,0,5000,-5000,17000,37000,18000,19000,0,2000,-2000,-1595388
07619P,鴻海統一9A售03  ,0,0,0,0,0,0,0,0,0,-1617000,0,0,0,0,1617000,-1617000,-1617000
2456,奇力新          ,775000,1834000,-1059000,0,0,0,0,347000,-347000,-252000,39000,182000,-143000,9000,118000,-109000,-1658000
6456,GIS-KY          ,1206000,2821000,-1615000,0,0,0,39000,2000,37000,-86000,164000,110000,54000,40000,180000,-140000,-1664000
3450,聯鈞            ,401000,1316000,-915000,0,0,0,0,770000,-770000,7000,58000,0,58000,41000,92000,-51000,-1678000
2349,錸德            ,4000,0,4000,0,0,0,0,1740000,-1740000,0,0,0,0,0,0,0,-1736000
1909,榮成            ,203066,1937161,-1734095,0,0,0,0,0,0,-9000,9000,16000,-7000,0,2000,-2000,-1743095
6269,台郡            ,1187000,2476000,-1289000,0,0,0,0,185000,-185000,-318000,92000,364000,-272000,6000,52000,-46000,-1792000
2323,中環            ,1030000,2855000,-1825000,0,0,0,0,0,0,32500,130000,104000,26000,435500,429000,6500,-1792500
2367,燿華            ,1358000,3289000,-1931000,0,0,0,0,0,0,35000,9000,0,9000,190000,164000,26000,-1896000
3706,神達            ,1045250,2335000,-1289750,0,0,0,0,500000,-500000,-164000,8000,20000,-12000,16000,168000,-152000,-1953750
2449,京元電子        ,1975000,3648972,-1673972,0,0,0,0,0,0,-289000,169000,175000,-6000,25000,308000,-283000,-1962972
047962,T50反1中信96購02,0,0,0,0,0,0,0,0,0,-1980000,0,0,0,295000,2275000,-1980000,-1980000
2458,義隆            ,1772000,1436000,336000,0,0,0,0,2415000,-2415000,-12000,154000,96000,58000,19000,89000,-70000,-2091000
4133,亞諾法          ,882000,3034000,-2152000,0,0,0,0,0,0,45000,45000,0,45000,0,0,0,-2107000
00671R,富邦NASDAQ反1   ,0,128000,-128000,0,0,0,0,0,0,-2056000,0,0,0,57000,2113000,-2056000,-2184000
058200,世芯康和99購01  ,0,0,0,0,0,0,0,0,0,-2191000,0,0,0,788000,2979000,-2191000,-2191000
2002,中鋼            ,2969808,5307570,-2337762,0,0,0,0,0,0,74000,72000,0,72000,2000,0,2000,-2263762
2308,台達電          ,1991387,4331000,-2339613,0,0,0,38000,18000,20000,33000,67000,8000,59000,19000,45000,-26000,-2286613
00633L,富邦上証正2     ,304000,1830000,-1526000,0,0,0,0,0,0,-814000,0,122000,-122000,5004000,5696000,-692000,-2340000
2614,東森            ,3088000,5446000,-2358000,0,0,0,0,0,0,3000,3000,0,3000,0,0,0,-2355000
2327,國巨            ,1805134,4022616,-2217482,0,0,0,0,260000,-260000,45000,175000,123000,52000,142000,149000,-7000,-2432482
00642U,元大S&P石油     ,20000,15000,5000,0,0,0,0,0,0,-2508000,0,0,0,1060000,3568000,-2508000,-2503000
6116,彩晶            ,1043000,3504000,-2461000,0,0,0,0,0,0,-59000,86000,14000,72000,2000,133000,-131000,-2520000
1605,華新            ,761000,3361000,-2600000,0,0,0,0,24000,-24000,-108000,21000,18000,3000,2000,113000,-111000,-2732000
2882,國泰金          ,3182706,5706288,-2523582,0,0,0,0,0,0,-291047,0,292047,-292047,23000,22000,1000,-2814629
1301,台塑            ,2969085,5673000,-2703915,0,0,0,0,144000,-144000,0,16000,12000,4000,16000,20000,-4000,-2847915
2801,彰銀            ,2498078,5894710,-3396632,0,0,0,0,0,0,71000,17000,14000,3000,68000,0,68000,-3325632
2834,臺企銀          ,2549304,6312000,-3762696,0,0,0,0,0,0,12000,14000,2000,12000,2000,2000,0,-3750696
1216,統一            ,4140630,6962614,-2821984,0,0,0,0,1048000,-1048000,23000,28000,3000,25000,0,2000,-2000,-3846984
2301,光寶科          ,3551140,7510410,-3959270,0,0,0,0,126657,-126657,-37000,242000,219000,23000,5000,65000,-60000,-4122927
2890,永豐金          ,5238066,9528356,-4290290,0,0,0,0,0,0,-49000,2000,53000,-51000,2000,0,2000,-4339290
00669R,國泰美國道瓊反1 ,79000,293000,-214000,0,0,0,0,0,0,-4516000,0,0,0,1865000,6381000,-4516000,-4730000
5880,合庫金          ,2451289,7230000,-4778711,0,0,0,0,0,0,-31000,1000,48000,-47000,16000,0,16000,-4809711
2888,新光金          ,3804742,9680599,-5875857,0,0,0,0,0,0,633000,20000,2000,18000,664000,49000,615000,-5242857
2880,華南金          ,2021625,7334000,-5312375,0,0,0,0,0,0,26000,26000,0,26000,0,0,0,-5286375
2892,第一金          ,2897480,8284253,-5386773,0,0,0,0,0,0,-25000,34000,55000,-21000,0,4000,-4000,-5411773
2886,兆豐金          ,8398546,13731300,-5332754,0,0,0,0,500000,-500000,220000,247000,0,247000,0,27000,-27000,-5612754
2883,開發金          ,4598523,10342400,-5743877,0,0,0,0,0,0,41000,23000,16000,7000,68000,34000,34000,-5702877
2823,中壽            ,2597807,10652895,-8055088,0,0,0,0,0,0,680000,3000,3000,0,680000,0,680000,-7375088
2618,長榮航          ,1503075,8838358,-7335283,0,0,0,0,0,0,-237000,263000,18000,245000,0,482000,-482000,-7572283
2324,仁寶            ,4720189,13672455,-8952266,0,0,0,0,39000,-39000,-170000,6000,125000,-119000,0,51000,-51000,-9161266
2317,鴻海            ,10962874,19767033,-8804159,0,0,0,36000,0,36000,-1310000,153000,370000,-217000,403000,1496000,-1093000,-10078159
2337,旺宏            ,5432350,13643793,-8211443,0,0,0,2000,2222000,-2220000,-604000,20000,419000,-399000,161000,366000,-205000,-11035443
00637L,元大滬深300正2  ,4230000,12377000,-8147000,0,0,0,30000,0,30000,-4056000,0,353000,-353000,24250000,27953000,-3703000,-12173000
4938,和碩            ,2240335,17669755,-15429420,0,0,0,1300000,95000,1205000,-13000,67000,91000,-24000,54000,43000,11000,-14237420
2409,友達            ,8245674,28430366,-20184692,0,0,0,0,0,0,191000,851000,34000,817000,88000,714000,-626000,-19993692
2885,元大金          ,5514919,21917385,-16402466,0,0,0,0,0,0,-4678000,52000,4730000,-4678000,0,0,0,-21080466
00653L,富邦印度正2     ,563000,342000,221000,0,0,0,0,0,0,-21701000,0,0,0,32000,21733000,-21701000,-21480000
00632R,元大台灣50反1   ,59354000,135029000,-75675000,0,0,0,0,0,0,-6704000,3600000,400000,3200000,55810000,65714000,-9904000,-82379000
00677U,富邦VIX         ,7649000,82193000,-74544000,0,0,0,0,0,0,-36098000,2323000,8129000,-5806000,10202000,40494000,-30292000,-110642000
