證券代號,證券名稱,外陸資買進股數(不含外資自營商),外陸資賣出股數(不含外資自營商),外陸資買賣超股數(不含外資自營商),外資自營商買進股數,外資自營商賣出股數,外資自營商買賣超股數,投信買進股數,投信賣出股數,投信買賣超股數,自營商買賣超股數,自營商買進股數(自行買賣),自營商賣出股數(自行買賣),自營商買賣超股數(自行買賣),自營商買進股數(避險),自營商賣出股數(避險),自營商買賣超股數(避險),三大法人買賣超股數
00637L,元大滬深300正2  ,19608000,6024000,13584000,0,0,0,0,0,0,24241000,1310000,372000,938000,47880000,24577000,23303000,37825000
00677U,富邦VIX         ,18588000,3733000,14855000,0,0,0,0,0,0,7699000,1500000,100000,1400000,6299000,0,6299000,22554000
3481,群創            ,45149000,31765000,13384000,0,0,0,4782000,0,4782000,-3824000,1959000,1714000,245000,931000,5000000,-4069000,14342000
053856,台積電富邦98購01,0,0,0,0,0,0,0,0,0,9742000,0,0,0,9747000,5000,9742000,9742000
00633L,富邦上証正2     ,3624000,751000,2873000,0,0,0,0,0,0,4361000,25000,0,25000,8292000,3956000,4336000,7234000
00861,元大全球未來通訊,532000,4000,528000,0,0,0,0,0,0,6590000,0,0,0,6879000,289000,6590000,7118000
051133,台積電永豐95購02,0,0,0,0,0,0,0,0,0,6866000,0,0,0,7714000,848000,6866000,6866000
2888,新光金          ,9945000,5900000,4045000,0,0,0,0,0,0,1478000,61000,223000,-162000,1951000,311000,1640000,5523000
053564,台積電富邦99購01,0,0,0,0,0,0,0,0,0,5340000,0,0,0,5343000,3000,5340000,5340000
2449,京元電子        ,6059365,3976000,2083365,0,0,0,0,0,0,2012000,744000,38000,706000,1394000,88000,1306000,4095365
2313,華通            ,4215000,2401000,1814000,0,0,0,1161000,180000,981000,1154000,427000,312000,115000,1146000,107000,1039000,3949000
052150,台積電富邦95購07,0,0,0,0,0,0,0,0,0,3423000,0,0,0,3709000,286000,3423000,3423000
2492,華新科          ,3962582,1451000,2511582,0,0,0,653000,18000,635000,160000,143000,160000,-17000,300000,123000,177000,3306582
2327,國巨            ,3740182,1264071,2476111,0,0,0,370000,10000,360000,291000,296000,178000,118000,255000,82000,173000,3127111
2345,智邦            ,4152686,1555000,2597686,0,0,0,408000,100000,308000,123000,356000,76000,280000,68000,225000,-157000,3028686
051259,鴻海永昌96購03  ,0,0,0,0,0,0,0,0,0,3019000,0,0,0,4818000,1799000,3019000,3019000
00655L,國泰中國A50正2  ,472000,24000,448000,0,0,0,0,0,0,2399000,0,160000,-160000,4138000,1579000,2559000,2847000
051733,中環國票96購02  ,0,0,0,0,0,0,0,0,0,2681000,0,0,0,2800000,119000,2681000,2681000
00673R,元大S&P原油反1  ,124000,1191000,-1067000,0,0,0,0,0,0,3568000,0,0,0,4881000,1313000,3568000,2501000
044291,群創凱基93購06  ,0,0,0,0,0,0,0,0,0,2395000,0,0,0,2645000,250000,2395000,2395000
2456,奇力新          ,2314000,1316000,998000,0,0,0,567000,0,567000,739000,578000,114000,464000,328000,53000,275000,2304000
053657,元大金凱基96購01,0,0,0,0,0,0,0,0,0,2241000,0,0,0,2296000,55000,2241000,2241000
2368,金像電          ,3920000,2813000,1107000,0,0,0,1120000,785000,335000,791000,792000,1000,791000,0,0,0,2233000
052103,台積電兆豐95購06,0,0,0,0,0,0,0,0,0,2194000,0,0,0,2269000,75000,2194000,2194000
2454,聯發科          ,5901264,3815042,2086222,0,0,0,52000,109000,-57000,119000,199000,227000,-28000,271000,124000,147000,2148222
3661,世芯-KY         ,3326000,1366000,1960000,0,0,0,0,55000,-55000,186000,42000,23000,19000,268000,101000,167000,2091000
06229P,欣興凱基97售07  ,0,0,0,0,0,0,0,0,0,2063000,0,0,0,2382000,319000,2063000,2063000
06426P,T50正2元大9B售01,0,0,0,0,0,0,0,0,0,2017000,0,0,0,2044000,27000,2017000,2017000
06006P,欣興永豐96售04  ,0,0,0,0,0,0,0,0,0,1999000,0,0,0,2055000,56000,1999000,1999000
0050,元大台灣50      ,48000,0,48000,0,0,0,101000,0,101000,1786000,1441000,18000,1423000,1009000,646000,363000,1935000
053244,光磊國票97購01  ,0,0,0,0,0,0,0,0,0,1921000,0,0,0,1921000,0,1921000,1921000
2371,大同            ,2846000,1082000,1764000,0,0,0,0,0,0,14000,100000,86000,14000,0,0,0,1778000
053029,國巨第一96購01  ,0,0,0,0,0,0,0,0,0,1746000,0,0,0,2020000,274000,1746000,1746000
2376,技嘉            ,3499000,4626000,-1127000,0,0,0,1438000,0,1438000,1411000,527000,61000,466000,1187000,242000,945000,1722000
3189,景碩            ,4151000,1798000,2353000,0,0,0,0,1167000,-1167000,375000,146000,16000,130000,289000,44000,245000,1561000
6213,聯茂            ,1674407,603000,1071407,0,0,0,195000,24000,171000,303000,265000,23000,242000,141000,80000,61000,1545407
053675,臺股指元富96購02,0,0,0,0,0,0,0,0,0,1542000,0,0,0,2780000,1238000,1542000,1542000
053470,華邦電元大96購02,0,0,0,0,0,0,0,0,0,1540000,0,0,0,1602000,62000,1540000,1540000
050755,和大元富94購01  ,0,0,0,0,0,0,0,0,0,1522000,0,0,0,1538000,16000,1522000,1522000
054497,國巨永豐96購05  ,0,0,0,0,0,0,0,0,0,1519000,0,0,0,1655000,136000,1519000,1519000
047586,聯發科永豐94購01,0,0,0,0,0,0,0,0,0,1495000,0,0,0,1495000,0,1495000,1495000
03493P,世紀鋼元大02售02,0,0,0,0,0,0,0,0,0,1438000,0,0,0,1438000,0,1438000,1438000
054072,台積電富邦98購02,0,0,0,0,0,0,0,0,0,1421000,0,0,0,1574000,153000,1421000,1421000
06337P,祥碩元大97售05  ,0,0,0,0,0,0,0,0,0,1411000,0,0,0,1536000,125000,1411000,1411000
00708L,元大S&P黃金正2  ,0,0,0,0,0,0,0,0,0,1367000,0,0,0,1797000,430000,1367000,1367000
0056,元大高股息      ,1000,1000,0,0,0,0,120000,0,120000,1232000,30000,0,30000,1202000,0,1202000,1352000
041973,台灣50中信94購01,0,0,0,0,0,0,0,0,0,1313000,0,0,0,1545000,232000,1313000,1313000
051405,世芯永豐95購01  ,0,0,0,0,0,0,0,0,0,1310000,0,0,0,2834000,1524000,1310000,1310000
051786,A50正2國票95購02,0,0,0,0,0,0,0,0,0,1307000,0,0,0,1317000,10000,1307000,1307000
8046,南電            ,1142000,1135000,7000,0,0,0,435000,0,435000,848000,444000,5000,439000,497000,88000,409000,1290000
08590P,智邦凱基9C售04  ,0,0,0,0,0,0,0,0,0,1287000,0,0,0,1287000,0,1287000,1287000
00636,國泰中國A50     ,1202000,0,1202000,0,0,0,0,0,0,80005,10000,180000,-170000,933000,682995,250005,1282005
006205,富邦上証        ,1430000,1000,1429000,0,0,0,0,0,0,-155000,0,60000,-60000,1810000,1905000,-95000,1274000
05283P,健鼎元大95售04  ,0,0,0,0,0,0,0,0,0,1233000,0,0,0,1244000,11000,1233000,1233000
6269,台郡            ,2069000,1326000,743000,0,0,0,97000,40000,57000,406000,343000,154000,189000,234000,17000,217000,1206000
00643,群益深証中小    ,1540000,0,1540000,0,0,0,0,0,0,-337000,0,0,0,544000,881000,-337000,1203000
00738U,元大道瓊白銀    ,0,2000,-2000,0,0,0,0,0,0,1203000,0,9000,-9000,1221000,9000,1212000,1201000
052852,國巨元富96購02  ,0,0,0,0,0,0,0,0,0,1194000,0,0,0,2223000,1029000,1194000,1194000
051888,國巨元富95購05  ,0,0,0,0,0,0,0,0,0,1189000,0,0,0,1231000,42000,1189000,1189000
2455,全新            ,821000,184000,637000,0,0,0,413000,0,413000,129000,67000,7000,60000,125000,56000,69000,1179000
051505,台積電元富95購05,0,0,0,0,0,0,0,0,0,1157000,0,0,0,3364000,2207000,1157000,1157000
00850,元大臺灣ESG永續 ,0,2000,-2000,0,0,0,0,0,0,1151000,0,0,0,1366000,215000,1151000,1149000
053157,日月光元大96購03,0,0,0,0,0,0,0,0,0,1119000,0,0,0,1119000,0,1119000,1119000
00653L,富邦印度正2     ,0,0,0,0,0,0,0,0,0,1103000,0,0,0,1135000,32000,1103000,1103000
052442,中環元大95購02  ,0,0,0,0,0,0,0,0,0,1093000,0,0,0,1500000,407000,1093000,1093000
052385,滬深2X群益99購05,0,0,0,0,0,0,0,0,0,1091000,0,0,0,1433000,342000,1091000,1091000
055518,華新科中信99購01,0,0,0,0,0,0,0,0,0,1087000,0,0,0,2459000,1372000,1087000,1087000
050100,台積電永昌96購02,0,0,0,0,0,0,0,0,0,1085000,0,0,0,2101000,1016000,1085000,1085000
055002,群創元富99購04  ,0,0,0,0,0,0,0,0,0,1084000,0,0,0,1156000,72000,1084000,1084000
2498,宏達電          ,1409070,338000,1071070,0,0,0,0,0,0,7000,30000,24000,6000,26000,25000,1000,1078070
2603,長榮            ,1928597,1240187,688410,0,0,0,240000,0,240000,135000,105000,37000,68000,67000,0,67000,1063410
036805,國巨元富93購02  ,0,0,0,0,0,0,0,0,0,1058000,0,0,0,1093000,35000,1058000,1058000
04874P,高股息中信97售01,0,0,0,0,0,0,0,0,0,1050000,0,0,0,1050000,0,1050000,1050000
054118,國巨永豐96購04  ,0,0,0,0,0,0,0,0,0,1041000,0,0,0,1115000,74000,1041000,1041000
050223,聯茂元富94購02  ,0,0,0,0,0,0,0,0,0,1031000,0,0,0,1031000,0,1031000,1031000
055882,嘉聯益元富97購01,0,0,0,0,0,0,0,0,0,1030000,0,0,0,1070000,40000,1030000,1030000
056830,友達富邦99購01  ,0,0,0,0,0,0,0,0,0,1007000,0,0,0,1058000,51000,1007000,1007000
053457,旺宏國泰98購03  ,0,0,0,0,0,0,0,0,0,990000,0,0,0,1172000,182000,990000,990000
3037,欣興            ,2096000,4626000,-2530000,0,0,0,3000000,18000,2982000,536000,293000,86000,207000,604000,275000,329000,988000
00639,富邦深100       ,1064000,5000,1059000,0,0,0,0,0,0,-71183,0,0,0,1053817,1125000,-71183,987817
06222P,致茂元富97售02  ,0,0,0,0,0,0,0,0,0,986000,0,0,0,996000,10000,986000,986000
054038,T50反1元大98購04,0,0,0,0,0,0,0,0,0,982000,0,0,0,1042000,60000,982000,982000
042116,元油2X國票97購01,0,0,0,0,0,0,0,0,0,969000,0,0,0,969000,0,969000,969000
2324,仁寶            ,2809000,1912000,897000,0,0,0,37000,0,37000,32000,36000,4000,32000,0,0,0,966000
05316P,台積電永昌96售06,0,0,0,0,0,0,0,0,0,956000,0,0,0,976000,20000,956000,956000
050714,深中小群益98購01,0,0,0,0,0,0,0,0,0,942000,0,0,0,1003000,61000,942000,942000
045870,元油2X元富96購02,0,0,0,0,0,0,0,0,0,937000,0,0,0,1003000,66000,937000,937000
055193,世芯元富97購02  ,0,0,0,0,0,0,0,0,0,932000,0,0,0,1443000,511000,932000,932000
03875P,滬深2X國票05售01,0,0,0,0,0,0,0,0,0,923000,0,0,0,952000,29000,923000,923000
049076,佳世達凱基94購01,0,0,0,0,0,0,0,0,0,922000,0,0,0,922000,0,922000,922000
06490P,鴻海富邦99售02  ,0,0,0,0,0,0,0,0,0,917000,0,0,0,1348000,431000,917000,917000
055166,台積電統一97購05,0,0,0,0,0,0,0,0,0,916000,0,0,0,1053000,137000,916000,916000
054689,華新科永豐97購01,0,0,0,0,0,0,0,0,0,911000,0,0,0,1188000,277000,911000,911000
045089,中磊元大94購01  ,0,0,0,0,0,0,0,0,0,903000,0,0,0,903000,0,903000,903000
050190,麗豐元大95購02  ,0,0,0,0,0,0,0,0,0,899000,0,0,0,899000,0,899000,899000
053812,台積電群益96購09,0,0,0,0,0,0,0,0,0,898000,0,0,0,1050000,152000,898000,898000
055426,旺宏群益99購02  ,0,0,0,0,0,0,0,0,0,896000,0,0,0,911000,15000,896000,896000
050725,光磊國票96購01  ,0,0,0,0,0,0,0,0,0,890000,0,0,0,890000,0,890000,890000
00739,元大MSCI A股    ,719000,0,719000,0,0,0,0,0,0,170000,0,0,0,442000,272000,170000,889000
050170,臺指反元大97購02,0,0,0,0,0,0,0,0,0,885000,0,0,0,885000,0,885000,885000
048269,瀚宇博國泰95購01,0,0,0,0,0,0,0,0,0,883000,0,0,0,903000,20000,883000,883000
056713,華擎永豐98購01  ,0,0,0,0,0,0,0,0,0,868000,0,0,0,984000,116000,868000,868000
050171,臺指反元大97購03,0,0,0,0,0,0,0,0,0,866000,0,0,0,926000,60000,866000,866000
054158,國巨日盛99購01  ,0,0,0,0,0,0,0,0,0,866000,0,0,0,1220000,354000,866000,866000
055578,群創統一98購03  ,0,0,0,0,0,0,0,0,0,856000,0,0,0,856000,0,856000,856000
054556,世芯凱基99購01  ,0,0,0,0,0,0,0,0,0,855000,0,0,0,993000,138000,855000,855000
054790,禾伸堂群益98購01,0,0,0,0,0,0,0,0,0,851000,0,0,0,1030000,179000,851000,851000
055281,台光電元大98購03,0,0,0,0,0,0,0,0,0,846000,0,0,0,846000,0,846000,846000
051056,華新科群益95購03,0,0,0,0,0,0,0,0,0,845000,0,0,0,845000,0,845000,845000
3443,創意            ,534000,155000,379000,0,0,0,250000,16000,234000,231000,97000,31000,66000,192000,27000,165000,844000
1227,佳格            ,992000,151000,841000,0,0,0,0,0,0,1000,1000,0,1000,0,0,0,842000
054206,鴻海國票99購01  ,0,0,0,0,0,0,0,0,0,838000,0,0,0,866000,28000,838000,838000
056093,大毅元富97購01  ,0,0,0,0,0,0,0,0,0,829000,0,0,0,864000,35000,829000,829000
042481,嘉聯益統一92購01,0,0,0,0,0,0,0,0,0,828000,0,0,0,828000,0,828000,828000
3711,日月光投控      ,4702000,3843000,859000,0,0,0,45000,0,45000,-78000,170000,35000,135000,23000,236000,-213000,826000
044347,上証2X元大94購01,0,0,0,0,0,0,0,0,0,825000,0,0,0,850000,25000,825000,825000
044457,滬深2X國票97購01,0,0,0,0,0,0,0,0,0,825000,0,0,0,951000,126000,825000,825000
052913,鴻海元富96購05  ,0,0,0,0,0,0,0,0,0,813000,0,0,0,965000,152000,813000,813000
052664,麗豐國票96購02  ,0,0,0,0,0,0,0,0,0,811000,0,0,0,912000,101000,811000,811000
054713,國巨中信9B購01  ,0,0,0,0,0,0,0,0,0,805000,0,0,0,1954000,1149000,805000,805000
04742P,瑞昱統一94售01  ,0,0,0,0,0,0,0,0,0,801000,0,0,0,801000,0,801000,801000
053512,台積電群益96購06,0,0,0,0,0,0,0,0,0,801000,0,0,0,1001000,200000,801000,801000
052653,臺股指永豐97購01,0,0,0,0,0,0,0,0,0,798000,0,0,0,818000,20000,798000,798000
2317,鴻海            ,11152120,11170800,-18680,0,0,0,120000,70000,50000,764000,110000,8000,102000,1342000,680000,662000,795320
2889,國票金          ,845000,57000,788000,0,0,0,0,0,0,5000,5000,0,5000,0,0,0,793000
056955,台灣50永豐98購01,0,0,0,0,0,0,0,0,0,788000,0,0,0,1007000,219000,788000,788000
049054,禾伸堂永豐94購01,0,0,0,0,0,0,0,0,0,786000,0,0,0,798000,12000,786000,786000
044190,聯詠富邦93購01  ,0,0,0,0,0,0,0,0,0,785000,0,0,0,940000,155000,785000,785000
055645,技嘉元富97購01  ,0,0,0,0,0,0,0,0,0,777000,0,0,0,1633000,856000,777000,777000
054727,台積電日盛97購02,0,0,0,0,0,0,0,0,0,772000,0,0,0,1197000,425000,772000,772000
047454,滬深2X群益96購03,0,0,0,0,0,0,0,0,0,765000,0,0,0,765000,0,765000,765000
050614,聯發科元大95購04,0,0,0,0,0,0,0,0,0,762000,0,0,0,1133000,371000,762000,762000
2338,光罩            ,993000,403000,590000,0,0,0,0,0,0,156000,1000,0,1000,214000,59000,155000,746000
050172,臺指反元大98購02,0,0,0,0,0,0,0,0,0,739000,0,0,0,1153000,414000,739000,739000
9958,世紀鋼          ,460000,140000,320000,0,0,0,250000,0,250000,163000,1000,4000,-3000,171000,5000,166000,733000
055734,奇力新元富97購02,0,0,0,0,0,0,0,0,0,730000,0,0,0,972000,242000,730000,730000
050883,嘉聯益國泰96購01,0,0,0,0,0,0,0,0,0,728000,0,0,0,758000,30000,728000,728000
044464,滬深2X群益95購01,0,0,0,0,0,0,0,0,0,726000,0,0,0,815000,89000,726000,726000
050395,大立光元富94購10,0,0,0,0,0,0,0,0,0,723000,0,0,0,798000,75000,723000,723000
055249,大毅統一99購01  ,0,0,0,0,0,0,0,0,0,722000,0,0,0,1282000,560000,722000,722000
051732,華通國票97購01  ,0,0,0,0,0,0,0,0,0,715000,0,0,0,745000,30000,715000,715000
054534,台積電富邦98購03,0,0,0,0,0,0,0,0,0,712000,0,0,0,772000,60000,712000,712000
056270,群創統一98購04  ,0,0,0,0,0,0,0,0,0,712000,0,0,0,762000,50000,712000,712000
049007,玉晶光中信96購01,0,0,0,0,0,0,0,0,0,703000,0,0,0,762000,59000,703000,703000
054145,嘉聯益元大98購01,0,0,0,0,0,0,0,0,0,691000,0,0,0,691000,0,691000,691000
054843,中環兆豐97購01  ,0,0,0,0,0,0,0,0,0,686000,0,0,0,719000,33000,686000,686000
06081P,深中小元大97售02,0,0,0,0,0,0,0,0,0,681000,0,0,0,1006000,325000,681000,681000
03899P,滬深2X群益95售03,0,0,0,0,0,0,0,0,0,680000,0,0,0,680000,0,680000,680000
053361,友達元富99購01  ,0,0,0,0,0,0,0,0,0,677000,0,0,0,695000,18000,677000,677000
052006,康友富邦98購01  ,0,0,0,0,0,0,0,0,0,672000,0,0,0,768000,96000,672000,672000
044255,群創元大93購01  ,0,0,0,0,0,0,0,0,0,670000,0,0,0,708000,38000,670000,670000
052467,嘉聯益統一96購01,0,0,0,0,0,0,0,0,0,668000,0,0,0,668000,0,668000,668000
2809,京城銀          ,753000,125000,628000,0,0,0,0,0,0,36000,51000,15000,36000,0,0,0,664000
047062,鴻海凱基93購24  ,0,0,0,0,0,0,0,0,0,660000,0,0,0,660000,0,660000,660000
054100,致伸國票97購03  ,0,0,0,0,0,0,0,0,0,655000,0,0,0,722000,67000,655000,655000
053790,嘉聯益元大99購02,0,0,0,0,0,0,0,0,0,649000,0,0,0,649000,0,649000,649000
056005,臺股指永豐97購04,0,0,0,0,0,0,0,0,0,647000,0,0,0,713000,66000,647000,647000
048007,明基材元大96購01,0,0,0,0,0,0,0,0,0,646000,0,0,0,786000,140000,646000,646000
045522,滬深2X永豐94購01,0,0,0,0,0,0,0,0,0,644000,0,0,0,664000,20000,644000,644000
3049,和鑫            ,1140000,525000,615000,0,0,0,0,0,0,25000,7000,2000,5000,85000,65000,20000,640000
051579,宏碁元大95購01  ,0,0,0,0,0,0,0,0,0,639000,0,0,0,644000,5000,639000,639000
056356,台積電元大99購01,0,0,0,0,0,0,0,0,0,630000,0,0,0,960000,330000,630000,630000
051023,S&P反1統一95購02,0,0,0,0,0,0,0,0,0,630000,0,0,0,650000,20000,630000,630000
054811,裕隆元大9A購01  ,0,0,0,0,0,0,0,0,0,627000,0,0,0,721000,94000,627000,627000
053532,台積電永豐96購03,0,0,0,0,0,0,0,0,0,619000,0,0,0,937000,318000,619000,619000
055723,康控元大97購04  ,0,0,0,0,0,0,0,0,0,617000,0,0,0,677000,60000,617000,617000
052324,康友元大96購02  ,0,0,0,0,0,0,0,0,0,616000,0,0,0,788000,172000,616000,616000
3034,聯詠            ,2042000,1880000,162000,0,0,0,115000,148000,-33000,485000,266000,1000,265000,246000,26000,220000,614000
056831,元油2X元富98購11,0,0,0,0,0,0,0,0,0,611000,0,0,0,623000,12000,611000,611000
054572,國巨元大98購03  ,0,0,0,0,0,0,0,0,0,606000,0,0,0,696000,90000,606000,606000
054968,佐登元大97購01  ,0,0,0,0,0,0,0,0,0,606000,0,0,0,617000,11000,606000,606000
056417,欣興中信98購01  ,0,0,0,0,0,0,0,0,0,605000,0,0,0,665000,60000,605000,605000
049125,禾伸堂元富94購01,0,0,0,0,0,0,0,0,0,603000,0,0,0,889000,286000,603000,603000
00852L,國泰美國道瓊正2 ,0,0,0,0,0,0,0,0,0,601000,0,0,0,753000,152000,601000,601000
04049P,大立光元大95售02,0,0,0,0,0,0,0,0,0,600000,0,0,0,692000,92000,600000,600000
054241,深中小元大98購01,0,0,0,0,0,0,0,0,0,600000,0,0,0,600000,0,600000,600000
2867,三商壽          ,1419000,724000,695000,0,0,0,0,0,0,-99000,1000,100000,-99000,0,0,0,596000
054670,康友元富97購01  ,0,0,0,0,0,0,0,0,0,595000,0,0,0,641000,46000,595000,595000
052193,國巨元富95購06  ,0,0,0,0,0,0,0,0,0,595000,0,0,0,981000,386000,595000,595000
05980P,台積電永昌96售09,0,0,0,0,0,0,0,0,0,590000,0,0,0,1526000,936000,590000,590000
039908,元油反富邦92購01,0,0,0,0,0,0,0,0,0,589000,0,0,0,589000,0,589000,589000
050757,聯發科元富94購03,0,0,0,0,0,0,0,0,0,589000,0,0,0,619000,30000,589000,589000
053192,創意統一96購01  ,0,0,0,0,0,0,0,0,0,587000,0,0,0,597000,10000,587000,587000
053691,聯發科元大96購16,0,0,0,0,0,0,0,0,0,585000,0,0,0,610000,25000,585000,585000
052826,嘉聯益永豐96購01,0,0,0,0,0,0,0,0,0,584000,0,0,0,594000,10000,584000,584000
00665L,富邦恒生國企正2 ,390000,2000,388000,0,0,0,0,0,0,195000,0,0,0,242000,47000,195000,583000
051668,智邦元大95購02  ,0,0,0,0,0,0,0,0,0,582000,0,0,0,981000,399000,582000,582000
053021,國巨國泰97購04  ,0,0,0,0,0,0,0,0,0,582000,0,0,0,582000,0,582000,582000
055073,易華電永豐97購01,0,0,0,0,0,0,0,0,0,581000,0,0,0,581000,0,581000,581000
053951,T50反1台新06購02,0,0,0,0,0,0,0,0,0,579000,0,0,0,607000,28000,579000,579000
3653,健策            ,508000,272000,236000,0,0,0,66000,38000,28000,312000,108000,20000,88000,345000,121000,224000,576000
053754,英業達元富96購02,0,0,0,0,0,0,0,0,0,570000,0,0,0,627000,57000,570000,570000
054395,華新科永豐96購03,0,0,0,0,0,0,0,0,0,567000,0,0,0,919000,352000,567000,567000
3090,日電貿          ,581000,346000,235000,0,0,0,0,0,0,331000,0,3000,-3000,364000,30000,334000,566000
04227P,滬深2X永豐94售04,0,0,0,0,0,0,0,0,0,565000,0,0,0,580000,15000,565000,565000
050715,台積電群益96購01,0,0,0,0,0,0,0,0,0,565000,0,0,0,571000,6000,565000,565000
052314,鴻海元大96購11  ,0,0,0,0,0,0,0,0,0,564000,0,0,0,1595000,1031000,564000,564000
049243,佳世達元富96購02,0,0,0,0,0,0,0,0,0,562000,0,0,0,660000,98000,562000,562000
052738,聯電元大98購02  ,0,0,0,0,0,0,0,0,0,561000,0,0,0,593000,32000,561000,561000
048733,台勝科麥證95購02,0,0,0,586000,26000,560000,0,0,0,560000,0,0,0,586000,26000,560000,560000
052363,廣達國票96購01  ,0,0,0,0,0,0,0,0,0,559000,0,0,0,599000,40000,559000,559000
051168,訊連元大95購02  ,0,0,0,0,0,0,0,0,0,558000,0,0,0,875000,317000,558000,558000
049740,禾伸堂群益94購01,0,0,0,0,0,0,0,0,0,556000,0,0,0,628000,72000,556000,556000
4725,信昌化          ,695000,139000,556000,0,0,0,0,0,0,0,0,0,0,0,0,0,556000
046999,康控富邦99購01  ,0,0,0,0,0,0,0,0,0,554000,0,0,0,564000,10000,554000,554000
055825,臺股指國票97購12,0,0,0,0,0,0,0,0,0,551000,0,0,0,551000,0,551000,551000
044201,群創國票95購01  ,0,0,0,0,0,0,0,0,0,551000,0,0,0,774000,223000,551000,551000
052986,聯發科元大97購05,0,0,0,0,0,0,0,0,0,550000,0,0,0,786000,236000,550000,550000
051238,中環元大96購01  ,0,0,0,0,0,0,0,0,0,548000,0,0,0,848000,300000,548000,548000
055881,康控元富97購01  ,0,0,0,0,0,0,0,0,0,546000,0,0,0,670000,124000,546000,546000
05782P,聯詠元富96售02  ,0,0,0,0,0,0,0,0,0,546000,0,0,0,596000,50000,546000,546000
055145,T50反1元大97購04,0,0,0,0,0,0,0,0,0,544000,0,0,0,544000,0,544000,544000
045472,嘉聯益元大93購02,0,0,0,0,0,0,0,0,0,543000,0,0,0,543000,0,543000,543000
06212P,華新科元大97售11,0,0,0,0,0,0,0,0,0,541000,0,0,0,731000,190000,541000,541000
054682,東元永豐97購01  ,0,0,0,0,0,0,0,0,0,540000,0,0,0,540000,0,540000,540000
051765,健鼎元大95購03  ,0,0,0,0,0,0,0,0,0,533000,0,0,0,533000,0,533000,533000
053813,友達群益9A購03  ,0,0,0,0,0,0,0,0,0,533000,0,0,0,1180000,647000,533000,533000
0061,元大寶滬深      ,304000,0,304000,0,0,0,0,0,0,224000,10000,40000,-30000,350000,96000,254000,528000
042724,群創群益93購01  ,0,0,0,0,0,0,0,0,0,525000,0,0,0,525000,0,525000,525000
046480,群創元富96購01  ,0,0,0,0,0,0,0,0,0,525000,0,0,0,525000,0,525000,525000
06217P,鴻海元富97售05  ,0,0,0,0,0,0,0,0,0,525000,0,0,0,540000,15000,525000,525000
2461,光群雷          ,562000,33000,529000,0,0,0,0,0,0,-4000,0,4000,-4000,0,0,0,525000
055263,華新科富邦9A購01,0,0,0,0,0,0,0,0,0,524000,0,0,0,674000,150000,524000,524000
047893,嘉聯益兆豐94購01,0,0,0,0,0,0,0,0,0,524000,0,0,0,524000,0,524000,524000
044405,材料凱基93購01  ,0,0,0,0,0,0,0,0,0,520000,0,0,0,520000,0,520000,520000
051226,英業達群益95購01,0,0,0,0,0,0,0,0,0,520000,0,0,0,540000,20000,520000,520000
052655,群創統一97購01  ,0,0,0,0,0,0,0,0,0,520000,0,0,0,620000,100000,520000,520000
055056,億光永豐97購01  ,0,0,0,0,0,0,0,0,0,511000,0,0,0,524000,13000,511000,511000
056072,群創元大97購01  ,0,0,0,0,0,0,0,0,0,508000,0,0,0,820000,312000,508000,508000
054802,高股息元大97購01,0,0,0,0,0,0,0,0,0,507000,0,0,0,512000,5000,507000,507000
06151P,華新科元大97售07,0,0,0,0,0,0,0,0,0,506000,0,0,0,633000,127000,506000,506000
6670,復盛應用        ,503073,72000,431073,0,0,0,0,0,0,70000,10000,2000,8000,62000,0,62000,501073
050196,嘉聯益元大97購01,0,0,0,0,0,0,0,0,0,501000,0,0,0,501000,0,501000,501000
04286P,滬深2X中信96售01,0,0,0,0,0,0,0,0,0,500000,0,0,0,500000,0,500000,500000
044487,元油2X元大94購01,0,0,0,0,0,0,0,0,0,500000,0,0,0,500000,0,500000,500000
048847,A50群益98購01   ,0,0,0,0,0,0,0,0,0,500000,0,0,0,531000,31000,500000,500000
052899,和大國票97購01  ,0,0,0,0,0,0,0,0,0,499000,0,0,0,499000,0,499000,499000
052144,鴻海群益95購10  ,0,0,0,0,0,0,0,0,0,499000,0,0,0,499000,0,499000,499000
053747,滬深2X永豐96購05,0,0,0,0,0,0,0,0,0,499000,0,0,0,499000,0,499000,499000
054036,T50反1元大96購08,0,0,0,0,0,0,0,0,0,499000,0,0,0,499000,0,499000,499000
08084P,台表科元大9B售06,0,0,0,0,0,0,0,0,0,499000,0,0,0,499000,0,499000,499000
050344,鴻海元富96購01  ,0,0,0,0,0,0,0,0,0,498000,0,0,0,561000,63000,498000,498000
056182,台光電統一97購03,0,0,0,0,0,0,0,0,0,497000,0,0,0,500000,3000,497000,497000
056822,佐登永豐98購01  ,0,0,0,0,0,0,0,0,0,495000,0,0,0,591000,96000,495000,495000
048865,世紀鋼群益94購01,0,0,0,0,0,0,0,0,0,494000,0,0,0,528000,34000,494000,494000
1590,亞德客-KY       ,849002,456000,393002,0,0,0,50000,61000,-11000,109000,9000,4000,5000,122000,18000,104000,491002
055685,日月光凱基97購02,0,0,0,0,0,0,0,0,0,491000,0,0,0,491000,0,491000,491000
055034,建準富邦99購01  ,0,0,0,0,0,0,0,0,0,490000,0,0,0,510000,20000,490000,490000
052975,嘉聯益群益96購01,0,0,0,0,0,0,0,0,0,490000,0,0,0,526000,36000,490000,490000
051894,嘉聯益元富95購03,0,0,0,0,0,0,0,0,0,489000,0,0,0,525000,36000,489000,489000
054427,潤泰全富邦97購01,0,0,0,0,0,0,0,0,0,489000,0,0,0,499000,10000,489000,489000
052425,華通台新95購02  ,0,0,0,0,0,0,0,0,0,488000,0,0,0,765000,277000,488000,488000
2393,億光            ,1381000,775000,606000,0,0,0,0,0,0,-120000,2000,109000,-107000,76000,89000,-13000,486000
052036,臺股指群益95購09,0,0,0,0,0,0,0,0,0,485000,0,0,0,485000,0,485000,485000
055891,鴻海統一9A購01  ,0,0,0,0,0,0,0,0,0,484000,0,0,0,1060000,576000,484000,484000
054685,國巨永豐97購02  ,0,0,0,0,0,0,0,0,0,483000,0,0,0,714000,231000,483000,483000
051142,臺股指永豐95購02,0,0,0,0,0,0,0,0,0,483000,0,0,0,693000,210000,483000,483000
8131,福懋科          ,416000,126000,290000,0,0,0,0,0,0,193000,1000,7000,-6000,214000,15000,199000,483000
056256,聯茂元富97購03  ,0,0,0,0,0,0,0,0,0,480000,0,0,0,520000,40000,480000,480000
051982,深中小元大95購01,0,0,0,0,0,0,0,0,0,480000,0,0,0,480000,0,480000,480000
054532,強茂國泰98購01  ,0,0,0,0,0,0,0,0,0,477000,0,0,0,613000,136000,477000,477000
055590,聯發科元大98購02,0,0,0,0,0,0,0,0,0,475000,0,0,0,1516000,1041000,475000,475000
054434,友達台新96購03  ,0,0,0,0,0,0,0,0,0,475000,0,0,0,475000,0,475000,475000
044290,群創凱基93購05  ,0,250000,-250000,0,0,0,0,0,0,724000,0,0,0,724000,0,724000,474000
050055,道瓊反凱基95購01,0,0,0,0,0,0,0,0,0,474000,0,0,0,594000,120000,474000,474000
053781,友達元大9B購03  ,0,0,0,0,0,0,0,0,0,474000,0,0,0,628000,154000,474000,474000
048889,牧德元富94購03  ,0,0,0,0,0,0,0,0,0,473000,0,0,0,549000,76000,473000,473000
049499,康控元大96購01  ,0,0,0,0,0,0,0,0,0,470000,0,0,0,499000,29000,470000,470000
052101,滬深2X兆豐96購01,0,0,0,0,0,0,0,0,0,470000,0,0,0,470000,0,470000,470000
051319,光磊國票96購02  ,0,0,0,0,0,0,0,0,0,468000,0,0,0,468000,0,468000,468000
6288,聯嘉            ,549000,79000,470000,0,0,0,0,0,0,-2000,1000,3000,-2000,0,0,0,468000
1789,神隆            ,534000,68000,466000,0,0,0,0,0,0,1000,1000,0,1000,0,0,0,467000
08469P,富邦金凱基9C售01,0,0,0,0,0,0,0,0,0,464000,0,0,0,464000,0,464000,464000
047051,可成國票94購01  ,0,0,0,0,0,0,0,0,0,460000,0,0,0,470000,10000,460000,460000
2606,裕民            ,501000,175000,326000,0,0,0,0,0,0,134000,136000,0,136000,0,2000,-2000,460000
056201,華新科永豐98購01,0,0,0,0,0,0,0,0,0,459000,0,0,0,485000,26000,459000,459000
046294,台勝科統一92購01,0,0,0,0,0,0,0,0,0,459000,0,0,0,459000,0,459000,459000
056592,台積電元富98購01,0,0,0,0,0,0,0,0,0,458000,0,0,0,662000,204000,458000,458000
4119,旭富            ,580000,324527,255473,0,0,0,163000,0,163000,39000,19000,2000,17000,36000,14000,22000,457473
00692,富邦公司治理    ,0,0,0,0,0,0,0,0,0,457000,0,0,0,1503000,1046000,457000,457000
054860,台積電群益98購01,0,0,0,0,0,0,0,0,0,456000,0,0,0,551000,95000,456000,456000
055857,嘉聯益元大97購04,0,0,0,0,0,0,0,0,0,454000,0,0,0,455000,1000,454000,454000
054329,華新科永豐96購02,0,0,0,0,0,0,0,0,0,454000,0,0,0,467000,13000,454000,454000
6239,力成            ,1685000,1300000,385000,0,0,0,15000,0,15000,53000,67000,10000,57000,9000,13000,-4000,453000
054652,裕隆麥證97購01  ,0,0,0,454000,4000,450000,0,0,0,450000,0,0,0,454000,4000,450000,450000
045213,A50正2元大95購01,0,0,0,0,0,0,0,0,0,450000,0,0,0,450000,0,450000,450000
051159,力山元大96購01  ,0,0,0,0,0,0,0,0,0,450000,0,0,0,450000,0,450000,450000
050309,亞泥兆豐94購01  ,0,0,0,0,0,0,0,0,0,450000,0,0,0,450000,0,450000,450000
049933,GIS元大95購01   ,0,0,0,0,0,0,0,0,0,450000,0,0,0,450000,0,450000,450000
3673,TPK-KY          ,976000,588000,388000,0,0,0,0,0,0,62000,5000,25000,-20000,87000,5000,82000,450000
054456,華泰群益99購01  ,0,0,0,0,0,0,0,0,0,449000,0,0,0,551000,102000,449000,449000
051712,嘉聯益群益95購01,0,0,0,0,0,0,0,0,0,449000,0,0,0,449000,0,449000,449000
051912,健鼎元大96購01  ,0,0,0,0,0,0,0,0,0,446000,0,0,0,466000,20000,446000,446000
046568,臻鼎元富95購01  ,0,0,0,0,0,0,0,0,0,445000,0,0,0,465000,20000,445000,445000
050363,臺指反元大98購04,0,0,0,0,0,0,0,0,0,445000,0,0,0,517000,72000,445000,445000
053763,T50反1富邦98購01,0,0,0,0,0,0,0,0,0,445000,0,0,0,453000,8000,445000,445000
2404,漢唐            ,516000,169000,347000,0,0,0,1000,0,1000,96000,25000,0,25000,72000,1000,71000,444000
047285,鴻海統一95購02  ,0,0,0,0,0,0,0,0,0,440000,0,0,0,596000,156000,440000,440000
050268,智原元大95購03  ,0,0,0,0,0,0,0,0,0,440000,0,0,0,450000,10000,440000,440000
054419,嘉聯益元大98購02,0,0,0,0,0,0,0,0,0,439000,0,0,0,498000,59000,439000,439000
2201,裕隆            ,2074000,2920000,-846000,0,0,0,1400000,0,1400000,-115000,21000,0,21000,166000,302000,-136000,439000
048704,台表科國票95購01,0,0,0,0,0,0,0,0,0,436000,0,0,0,455000,19000,436000,436000
3231,緯創            ,3026000,2764000,262000,0,0,0,0,0,0,173000,123000,3000,120000,53000,0,53000,435000
056616,台光電永豐98購01,0,0,0,0,0,0,0,0,0,434000,0,0,0,623000,189000,434000,434000
048010,嘉聯益富邦97購01,0,0,0,0,0,0,0,0,0,433000,0,0,0,726000,293000,433000,433000
052815,滬深2X永豐97購01,0,0,0,0,0,0,0,0,0,433000,0,0,0,503000,70000,433000,433000
051322,國泰金國票96購01,0,0,0,0,0,0,0,0,0,432000,0,0,0,460000,28000,432000,432000
055926,國巨群益98購06  ,0,0,0,0,0,0,0,0,0,431000,0,0,0,821000,390000,431000,431000
056596,光磊元富98購01  ,0,0,0,0,0,0,0,0,0,430000,0,0,0,479000,49000,430000,430000
05301P,矽力元大95售02  ,0,0,0,0,0,0,0,0,0,430000,0,0,0,490000,60000,430000,430000
020000,富邦特選蘋果N   ,0,0,0,0,0,0,0,0,0,429000,0,0,0,537000,108000,429000,429000
2408,南亞科          ,3738000,3173000,565000,0,0,0,0,507000,-507000,371000,183000,59000,124000,355000,108000,247000,429000
052284,日月光凱基96購01,0,0,0,0,0,0,0,0,0,428000,0,0,0,428000,0,428000,428000
6456,GIS-KY          ,617000,182000,435000,0,0,0,0,0,0,-7000,2000,0,2000,18000,27000,-9000,428000
04594P,緯穎元大94售04  ,0,0,0,0,0,0,0,0,0,426000,0,0,0,426000,0,426000,426000
06193P,台積電元富97售04,0,0,0,0,0,0,0,0,0,425000,0,0,0,2413000,1988000,425000,425000
06441P,台積電凱基98售08,0,0,0,0,0,0,0,0,0,425000,0,0,0,425000,0,425000,425000
056051,T50反1元大97購05,0,0,0,0,0,0,0,0,0,424000,0,0,0,1115000,691000,424000,424000
054264,超眾元大97購02  ,0,0,0,0,0,0,0,0,0,424000,0,0,0,607000,183000,424000,424000
03253P,台灣50國泰03售02,0,0,0,0,0,0,0,0,0,421000,0,0,0,1512000,1091000,421000,421000
054345,世芯國票96購02  ,0,0,0,0,0,0,0,0,0,420000,0,0,0,420000,0,420000,420000
053095,台光電統一98購01,0,0,0,0,0,0,0,0,0,418000,0,0,0,428000,10000,418000,418000
4142,國光生          ,1031000,610000,421000,0,0,0,0,0,0,-3000,0,3000,-3000,0,0,0,418000
056095,臻鼎元富9A購01  ,0,0,0,0,0,0,0,0,0,416000,0,0,0,451000,35000,416000,416000
055275,台積電元大97購19,0,0,0,0,0,0,0,0,0,415000,0,0,0,784000,369000,415000,415000
1312,國喬            ,532000,115000,417000,0,0,0,0,0,0,-2000,0,2000,-2000,0,0,0,415000
053268,日月光群益96購01,0,0,0,0,0,0,0,0,0,412000,0,0,0,638000,226000,412000,412000
05589P,大立光中信9A售01,0,0,0,0,0,0,0,0,0,410000,0,0,0,420000,10000,410000,410000
06231P,台積電永豐97售05,0,0,0,0,0,0,0,0,0,410000,0,0,0,410000,0,410000,410000
043909,台光電凱基93購01,0,0,0,0,0,0,0,0,0,408000,0,0,0,409000,1000,408000,408000
044254,深中小元大94購01,0,0,0,0,0,0,0,0,0,405000,0,0,0,405000,0,405000,405000
01003T,兆豐新光R1      ,425710,21000,404710,0,0,0,0,0,0,0,0,0,0,0,0,0,404710
055239,帆宣台新97購01  ,0,0,0,0,0,0,0,0,0,404000,0,0,0,446000,42000,404000,404000
054528,台光電統一96購02,0,0,0,0,0,0,0,0,0,403000,0,0,0,403000,0,403000,403000
05973P,聯詠元大96售06  ,0,0,0,0,0,0,0,0,0,402000,0,0,0,456000,54000,402000,402000
054130,漢唐元大97購02  ,0,0,0,0,0,0,0,0,0,401000,0,0,0,680000,279000,401000,401000
04568P,瑞昱兆豐94售02  ,0,0,0,0,0,0,0,0,0,400000,0,0,0,400000,0,400000,400000
052285,康控凱基95購02  ,0,0,0,0,0,0,0,0,0,400000,0,0,0,400000,0,400000,400000
056670,樺漢國票99購01  ,0,0,0,0,0,0,0,0,0,399000,0,0,0,431000,32000,399000,399000
051249,潤泰全元大95購01,0,0,0,0,0,0,0,0,0,399000,0,0,0,506000,107000,399000,399000
050452,智原元大95購04  ,0,0,0,0,0,0,0,0,0,399000,0,0,0,599000,200000,399000,399000
05296P,牧德凱基96售01  ,0,0,0,0,0,0,0,0,0,399000,0,0,0,399000,0,399000,399000
045886,華邦電元大92購04,0,0,0,0,0,0,0,0,0,398000,0,0,0,398000,0,398000,398000
047293,全新元富93購03  ,0,0,0,0,0,0,0,0,0,398000,0,0,0,471000,73000,398000,398000
054359,南亞科日盛96購02,0,0,0,0,0,0,0,0,0,398000,0,0,0,1025000,627000,398000,398000
055812,台積電國票99購02,0,0,0,0,0,0,0,0,0,397000,0,0,0,397000,0,397000,397000
050895,聯發科元大97購01,0,0,0,0,0,0,0,0,0,397000,0,0,0,510000,113000,397000,397000
053131,華通國票97購03  ,0,0,0,0,0,0,0,0,0,395000,0,0,0,400000,5000,395000,395000
050456,聯茂元大94購09  ,0,0,0,0,0,0,0,0,0,394000,0,0,0,499000,105000,394000,394000
050743,京鼎永豐94購02  ,0,0,0,0,0,0,0,0,0,394000,0,0,0,459000,65000,394000,394000
046852,燿華元大93購02  ,0,0,0,0,0,0,0,0,0,393000,0,0,0,393000,0,393000,393000
050117,麗豐元大96購02  ,0,0,0,0,0,0,0,0,0,393000,0,0,0,403000,10000,393000,393000
051157,華新科富邦98購01,0,0,0,0,0,0,0,0,0,390000,0,0,0,513000,123000,390000,390000
054188,欣興永豐96購03  ,0,0,0,0,0,0,0,0,0,390000,0,0,0,510000,120000,390000,390000
053981,康控元大96購05  ,0,0,0,0,0,0,0,0,0,390000,0,0,0,410000,20000,390000,390000
053335,易華電永豐96購01,0,0,0,0,0,0,0,0,0,389000,0,0,0,449000,60000,389000,389000
052698,深中小國票99購01,0,0,0,0,0,0,0,0,0,385000,0,0,0,403000,18000,385000,385000
051031,康友元富95購02  ,0,0,0,0,0,0,0,0,0,382000,0,0,0,490000,108000,382000,382000
050624,鈺齊元大94購01  ,0,0,0,0,0,0,0,0,0,381000,0,0,0,382000,1000,381000,381000
052613,易華電元大96購01,0,0,0,0,0,0,0,0,0,380000,0,0,0,380000,0,380000,380000
056423,奇鋐統一98購01  ,0,0,0,0,0,0,0,0,0,376000,0,0,0,444000,68000,376000,376000
056764,友達元大9A購03  ,0,0,0,0,0,0,0,0,0,376000,0,0,0,507000,131000,376000,376000
047395,聯茂元大94購01  ,0,0,0,0,0,0,0,0,0,376000,0,0,0,408000,32000,376000,376000
054853,TPK國票98購02   ,0,0,0,0,0,0,0,0,0,375000,0,0,0,400000,25000,375000,375000
2887,台新金          ,4941000,4711000,230000,0,0,0,93000,0,93000,51000,51000,0,51000,0,0,0,374000
053337,聯電國票97購01  ,0,0,0,0,0,0,0,0,0,373000,0,0,0,485000,112000,373000,373000
056275,國巨國泰98購04  ,0,0,0,0,0,0,0,0,0,371000,0,0,0,890000,519000,371000,371000
055003,群創元富99購05  ,0,0,0,0,0,0,0,0,0,370000,0,0,0,602000,232000,370000,370000
2618,長榮航          ,2103000,1428000,675000,0,0,0,26000,0,26000,-331000,12000,428000,-416000,85000,0,85000,370000
055007,晶相光元富9A購02,0,0,0,0,0,0,0,0,0,367000,0,0,0,397000,30000,367000,367000
05620P,大立光富邦9B售01,0,0,0,0,0,0,0,0,0,366000,0,0,0,374000,8000,366000,366000
055325,佐登國票98購01  ,0,0,0,0,0,0,0,0,0,365000,0,0,0,590000,225000,365000,365000
04702P,臺股指元富94售08,0,0,0,0,0,0,0,0,0,365000,0,0,0,502000,137000,365000,365000
050332,鴻海國泰96購05  ,0,0,0,0,0,0,0,0,0,365000,0,0,0,365000,0,365000,365000
054073,群創富邦96購03  ,0,0,0,0,0,0,0,0,0,365000,0,0,0,384000,19000,365000,365000
053114,聯茂兆豐97購01  ,0,0,0,0,0,0,0,0,0,365000,0,0,0,652000,287000,365000,365000
051885,易華電永豐95購02,0,0,0,0,0,0,0,0,0,365000,0,0,0,365000,0,365000,365000
2838,聯邦銀          ,503000,139000,364000,0,0,0,0,0,0,1000,1000,0,1000,0,0,0,365000
051193,新日興兆豐96購01,0,0,0,0,0,0,0,0,0,364000,0,0,0,364000,0,364000,364000
2439,美律            ,626000,284000,342000,0,0,0,0,0,0,22000,12000,16000,-4000,35000,9000,26000,364000
05146P,鴻海元大95售10  ,0,0,0,0,0,0,0,0,0,363000,0,0,0,569000,206000,363000,363000
2360,致茂            ,567032,305000,262032,0,0,0,92000,40000,52000,48000,0,5000,-5000,56000,3000,53000,362032
056113,新日興兆豐98購01,0,0,0,0,0,0,0,0,0,362000,0,0,0,632000,270000,362000,362000
047785,嘉聯益第一93購01,0,0,0,0,0,0,0,0,0,362000,0,0,0,363000,1000,362000,362000
6166,凌華            ,522000,147000,375000,0,0,0,0,0,0,-13000,0,4000,-4000,0,9000,-9000,362000
051993,和碩元大95購03  ,0,0,0,0,0,0,0,0,0,361000,0,0,0,466000,105000,361000,361000
05499P,聯詠元富95售02  ,0,0,0,0,0,0,0,0,0,360000,0,0,0,360000,0,360000,360000
049940,臺股指元大94購21,0,0,0,0,0,0,0,0,0,360000,0,0,0,363000,3000,360000,360000
044496,群創元大93購02  ,0,0,0,0,0,0,0,0,0,356000,0,0,0,694000,338000,356000,356000
046877,燿華國泰94購01  ,0,0,0,0,0,0,0,0,0,355000,0,0,0,375000,20000,355000,355000
051446,中壽元大96購01  ,0,0,0,0,0,0,0,0,0,355000,0,0,0,500000,145000,355000,355000
049875,台積電永豐94購04,0,0,0,0,0,0,0,0,0,355000,0,0,0,364000,9000,355000,355000
047431,儒鴻元大93購06  ,0,0,0,0,0,0,0,0,0,352000,0,0,0,810000,458000,352000,352000
00703,台新MSCI中國    ,0,0,0,0,0,0,0,0,0,351000,0,0,0,571000,220000,351000,351000
051944,智邦統一95購02  ,0,0,0,0,0,0,0,0,0,351000,0,0,0,353000,2000,351000,351000
056413,上証反中信9A購01,0,0,0,0,0,0,0,0,0,350000,0,0,0,440000,90000,350000,350000
043650,喬山國泰93購02  ,0,0,0,0,0,0,0,0,0,350000,0,0,0,350000,0,350000,350000
049637,元石油凱基94購01,0,0,0,0,0,0,0,0,0,350000,0,0,0,350000,0,350000,350000
06386P,欣興永豐97售03  ,0,0,0,0,0,0,0,0,0,350000,0,0,0,370000,20000,350000,350000
050562,瑞昱元富94購02  ,0,0,0,0,0,0,0,0,0,349000,0,0,0,421000,72000,349000,349000
050470,智邦台新94購01  ,0,0,0,0,0,0,0,0,0,349000,0,0,0,349000,0,349000,349000
051097,嘉聯益元大96購02,0,0,0,0,0,0,0,0,0,349000,0,0,0,399000,50000,349000,349000
05435P,鴻海群益95售12  ,0,0,0,0,0,0,0,0,0,349000,0,0,0,410000,61000,349000,349000
05705P,上証2X永豐96售03,0,0,0,0,0,0,0,0,0,349000,0,0,0,420000,71000,349000,349000
051488,健策凱基96購04  ,0,0,0,0,0,0,0,0,0,348000,0,0,0,445000,97000,348000,348000
056179,康友元富97購02  ,0,0,0,0,0,0,0,0,0,345000,0,0,0,397000,52000,345000,345000
053724,聯詠凱基96購04  ,0,0,0,0,0,0,0,0,0,345000,0,0,0,400000,55000,345000,345000
2884,玉山金          ,2744613,2445711,298902,0,0,0,104000,0,104000,-58000,0,0,0,31000,89000,-58000,344902
053437,啟碁日盛96購01  ,0,0,0,0,0,0,0,0,0,344000,0,0,0,389000,45000,344000,344000
051216,為升元富95購01  ,0,0,0,0,0,0,0,0,0,343000,0,0,0,343000,0,343000,343000
3376,新日興          ,558000,621000,-63000,0,0,0,240000,27000,213000,192000,81000,70000,11000,238000,57000,181000,342000
05555P,健策群益98售01  ,0,0,0,0,0,0,0,0,0,341000,0,0,0,346000,5000,341000,341000
051494,中環兆豐95購01  ,0,0,0,0,0,0,0,0,0,341000,0,0,0,341000,0,341000,341000
052755,滬深2X群益9A購01,0,0,0,0,0,0,0,0,0,341000,0,0,0,442000,101000,341000,341000
056325,群創兆豐9A購01  ,0,0,0,0,0,0,0,0,0,340000,0,0,0,340000,0,340000,340000
056559,華通群益98購02  ,0,0,0,0,0,0,0,0,0,340000,0,0,0,340000,0,340000,340000
05243P,鴻海元大95售19  ,0,0,0,0,0,0,0,0,0,340000,0,0,0,451000,111000,340000,340000
053978,創意元大96購05  ,0,0,0,0,0,0,0,0,0,340000,0,0,0,448000,108000,340000,340000
2845,遠東銀          ,676000,361000,315000,0,0,0,0,0,0,25000,25000,0,25000,0,0,0,340000
051918,聯茂元大95購01  ,0,0,0,0,0,0,0,0,0,339000,0,0,0,585000,246000,339000,339000
4968,立積            ,603000,315000,288000,0,0,0,0,0,0,51000,62000,15000,47000,4000,0,4000,339000
05662P,景碩元富96售01  ,0,0,0,0,0,0,0,0,0,338000,0,0,0,559000,221000,338000,338000
049946,智邦兆豐95購01  ,0,0,0,0,0,0,0,0,0,338000,0,0,0,365000,27000,338000,338000
045172,欣興兆豐94購01  ,0,0,0,0,0,0,0,0,0,337000,0,0,0,337000,0,337000,337000
052966,光磊群益96購01  ,0,0,0,0,0,0,0,0,0,336000,0,0,0,336000,0,336000,336000
05442P,鴻海元大96售13  ,0,0,0,0,0,0,0,0,0,335000,0,0,0,537000,202000,335000,335000
044853,亞光國泰93購01  ,0,0,0,0,0,0,0,0,0,334000,0,0,0,334000,0,334000,334000
050304,台光電中信94購01,0,0,0,0,0,0,0,0,0,334000,0,0,0,832000,498000,334000,334000
053846,友達元富99購02  ,0,0,0,0,0,0,0,0,0,334000,0,0,0,586000,252000,334000,334000
06317P,臺股指元富97售04,0,0,0,0,0,0,0,0,0,334000,0,0,0,344000,10000,334000,334000
044408,聯茂凱基93購02  ,0,0,0,0,0,0,0,0,0,333000,0,0,0,433000,100000,333000,333000
053242,聯電國票96購04  ,0,0,0,0,0,0,0,0,0,333000,0,0,0,442000,109000,333000,333000
049259,聯發科元大94購04,0,0,0,0,0,0,0,0,0,332000,0,0,0,428000,96000,332000,332000
06069P,台積電永豐97售01,0,0,0,0,0,0,0,0,0,332000,0,0,0,381000,49000,332000,332000
00634R,富邦上証反1     ,3684000,291000,3393000,0,0,0,0,0,0,-3062000,0,3885000,-3885000,3356000,2533000,823000,331000
052853,友達日盛99購01  ,0,0,0,0,0,0,0,0,0,330000,0,0,0,330000,0,330000,330000
054884,友達統一99購01  ,0,0,0,0,0,0,0,0,0,329000,0,0,0,469000,140000,329000,329000
049900,台積電元富94購06,0,0,0,0,0,0,0,0,0,329000,0,0,0,1146000,817000,329000,329000
055159,玉晶光元大98購05,0,0,0,0,0,0,0,0,0,327000,0,0,0,342000,15000,327000,327000
056362,聯發科元大99購01,0,0,0,0,0,0,0,0,0,327000,0,0,0,912000,585000,327000,327000
051202,智邦麥證95購01  ,0,0,0,337000,11000,326000,0,0,0,326000,0,0,0,337000,11000,326000,326000
051916,和碩元大95購02  ,0,0,0,0,0,0,0,0,0,325000,0,0,0,464000,139000,325000,325000
056110,嘉聯益永豐97購02,0,0,0,0,0,0,0,0,0,323000,0,0,0,354000,31000,323000,323000
047685,嘉聯益國泰95購01,0,0,0,0,0,0,0,0,0,323000,0,0,0,458000,135000,323000,323000
053413,台積電國票99購01,0,0,0,0,0,0,0,0,0,323000,0,0,0,329000,6000,323000,323000
055039,神達富邦99購01  ,0,0,0,0,0,0,0,0,0,322000,0,0,0,337000,15000,322000,322000
053559,台積電國泰98購01,0,0,0,0,0,0,0,0,0,322000,0,0,0,333000,11000,322000,322000
054377,臺股指中信99購09,0,0,0,0,0,0,0,0,0,322000,0,0,0,430000,108000,322000,322000
055538,鴻海日盛97購04  ,0,0,0,0,0,0,0,0,0,321000,0,0,0,652000,331000,321000,321000
046980,智邦兆豐94購01  ,0,0,0,0,0,0,0,0,0,321000,0,0,0,351000,30000,321000,321000
051840,康友國泰97購02  ,0,0,0,0,0,0,0,0,0,321000,0,0,0,998000,677000,321000,321000
3005,神基            ,682000,784000,-102000,0,0,0,1000,0,1000,422000,285000,0,285000,157000,20000,137000,321000
046370,全新麥證93購01  ,0,0,0,320000,0,320000,0,0,0,320000,0,0,0,320000,0,320000,320000
046542,技嘉台新92購01  ,0,0,0,0,0,0,0,0,0,320000,0,0,0,320000,0,320000,320000
047678,景碩台新93購01  ,0,0,0,0,0,0,0,0,0,320000,0,0,0,360000,40000,320000,320000
6230,超眾            ,196000,278000,-82000,0,0,0,160000,0,160000,241000,42000,34000,8000,269000,36000,233000,319000
055860,啟碁元大97購04  ,0,0,0,0,0,0,0,0,0,318000,0,0,0,339000,21000,318000,318000
053887,聯茂兆豐97購02  ,0,0,0,0,0,0,0,0,0,318000,0,0,0,588000,270000,318000,318000
055579,健策統一9A購01  ,0,0,0,0,0,0,0,0,0,317000,0,0,0,1355000,1038000,317000,317000
043040,永冠元富94購01  ,0,0,0,0,0,0,0,0,0,315000,0,0,0,315000,0,315000,315000
052841,群創富邦96購02  ,0,0,0,0,0,0,0,0,0,315000,0,0,0,315000,0,315000,315000
00783,富邦中証500     ,201000,0,201000,0,0,0,0,0,0,112000,0,0,0,1238000,1126000,112000,313000
052070,GIS兆豐95購03   ,0,0,0,0,0,0,0,0,0,313000,0,0,0,313000,0,313000,313000
051696,新日興中信96購01,0,0,0,0,0,0,0,0,0,313000,0,0,0,982000,669000,313000,313000
05449P,臺股指元大95售26,0,0,0,0,0,0,0,0,0,313000,0,0,0,424000,111000,313000,313000
054288,華邦電元大96購05,0,0,0,0,0,0,0,0,0,313000,0,0,0,330000,17000,313000,313000
045000,鴻海富邦93購01  ,0,0,0,0,0,0,0,0,0,312000,0,0,0,312000,0,312000,312000
053686,台積電元大97購08,0,0,0,0,0,0,0,0,0,311000,0,0,0,331000,20000,311000,311000
052492,易華電國票96購02,0,0,0,0,0,0,0,0,0,311000,0,0,0,311000,0,311000,311000
055153,台光電元大98購02,0,0,0,0,0,0,0,0,0,310000,0,0,0,374000,64000,310000,310000
054725,國巨日盛97購01  ,0,0,0,0,0,0,0,0,0,310000,0,0,0,311000,1000,310000,310000
046020,滬深2X元大95購02,0,0,0,0,0,0,0,0,0,310000,0,0,0,315000,5000,310000,310000
048346,智易元大95購01  ,0,0,0,0,0,0,0,0,0,310000,0,0,0,310000,0,310000,310000
052350,鴻海統一96購06  ,0,0,0,0,0,0,0,0,0,310000,0,0,0,310000,0,310000,310000
06137P,玉晶光永豐97售04,0,0,0,0,0,0,0,0,0,310000,0,0,0,310000,0,310000,310000
06335P,台積電麥證97售02,0,0,0,310000,0,310000,0,0,0,310000,0,0,0,310000,0,310000,310000
055285,華新科元大99購03,0,0,0,0,0,0,0,0,0,309000,0,0,0,368000,59000,309000,309000
049247,光寶科元大94購02,0,0,0,0,0,0,0,0,0,309000,0,0,0,384000,75000,309000,309000
052830,台光電群益96購01,0,0,0,0,0,0,0,0,0,309000,0,0,0,458000,149000,309000,309000
006206,元大上證50      ,240000,0,240000,0,0,0,0,0,0,68000,50000,50000,0,299000,231000,68000,308000
056384,玉晶光國泰9A購02,0,0,0,0,0,0,0,0,0,307000,0,0,0,405000,98000,307000,307000
051759,全新元大95購04  ,0,0,0,0,0,0,0,0,0,307000,0,0,0,394000,87000,307000,307000
054153,宏達電國泰97購01,0,0,0,0,0,0,0,0,0,307000,0,0,0,329000,22000,307000,307000
054268,健策第一96購01  ,0,0,0,0,0,0,0,0,0,306000,0,0,0,814000,508000,306000,306000
056166,微星台新97購01  ,0,0,0,0,0,0,0,0,0,304000,0,0,0,407000,103000,304000,304000
03266P,寶成國票04售01  ,0,0,0,0,0,0,0,0,0,304000,0,0,0,325000,21000,304000,304000
055488,華邦電元大98購01,0,0,0,0,0,0,0,0,0,303000,0,0,0,348000,45000,303000,303000
052685,技嘉元大96購01  ,0,0,0,0,0,0,0,0,0,303000,0,0,0,332000,29000,303000,303000
047388,京元電元大95購01,0,0,0,0,0,0,0,0,0,302000,0,0,0,435000,133000,302000,302000
056458,日月光凱基98購02,0,0,0,0,0,0,0,0,0,301000,0,0,0,366000,65000,301000,301000
044532,康控富邦93購01  ,0,0,0,0,0,0,0,0,0,301000,0,0,0,411000,110000,301000,301000
04857P,美律元富94售01  ,0,0,0,0,0,0,0,0,0,301000,0,0,0,323000,22000,301000,301000
052181,南茂元大95購05  ,0,0,0,0,0,0,0,0,0,301000,0,0,0,800000,499000,301000,301000
056544,貿聯凱基98購03  ,0,0,0,0,0,0,0,0,0,300000,0,0,0,300000,0,300000,300000
042902,光寶科元大94購01,0,0,0,0,0,0,0,0,0,300000,0,0,0,303000,3000,300000,300000
047802,滬深2X凱基95購03,0,0,0,0,0,0,0,0,0,300000,0,0,0,301000,1000,300000,300000
048840,上海銀凱基94購02,0,0,0,0,0,0,0,0,0,300000,0,0,0,300000,0,300000,300000
051994,瀚宇博元大96購01,0,0,0,0,0,0,0,0,0,300000,0,0,0,300000,0,300000,300000
053944,亞泥富邦97購01  ,0,0,0,0,0,0,0,0,0,300000,0,0,0,300000,0,300000,300000
056467,上証2X元大98購02,0,0,0,0,0,0,0,0,0,299000,0,0,0,317000,18000,299000,299000
03025P,國巨元大01售12  ,0,0,0,0,0,0,0,0,0,299000,0,0,0,299000,0,299000,299000
054272,華通中信98購01  ,0,0,0,0,0,0,0,0,0,299000,0,0,0,306000,7000,299000,299000
055741,健策元富97購01  ,0,0,0,0,0,0,0,0,0,296000,0,0,0,515000,219000,296000,296000
052102,台泥兆豐96購01  ,0,0,0,0,0,0,0,0,0,296000,0,0,0,316000,20000,296000,296000
050151,台積電群益94購12,0,0,0,0,0,0,0,0,0,296000,0,0,0,328000,32000,296000,296000
2006,東和鋼鐵        ,260000,117000,143000,0,0,0,0,0,0,153000,153000,0,153000,0,0,0,296000
053001,力山永豐96購01  ,0,0,0,0,0,0,0,0,0,295000,0,0,0,300000,5000,295000,295000
050062,聯發科凱基94購08,0,0,0,0,0,0,0,0,0,293000,0,0,0,303000,10000,293000,293000
053334,訊芯永豐96購01  ,0,0,0,0,0,0,0,0,0,293000,0,0,0,313000,20000,293000,293000
056601,鈺齊元富98購01  ,0,0,0,0,0,0,0,0,0,292000,0,0,0,345000,53000,292000,292000
050613,台光電元大94購09,0,0,0,0,0,0,0,0,0,292000,0,0,0,460000,168000,292000,292000
05403P,台積電富邦95售08,0,0,0,0,0,0,0,0,0,292000,0,0,0,293000,1000,292000,292000
052807,貿聯元大98購01  ,0,0,0,0,0,0,0,0,0,292000,0,0,0,355000,63000,292000,292000
055844,大毅元大98購01  ,0,0,0,0,0,0,0,0,0,291000,0,0,0,1010000,719000,291000,291000
050536,亞泥凱基95購01  ,0,0,0,0,0,0,0,0,0,290000,0,0,0,293000,3000,290000,290000
051582,聯發科元大97購02,0,0,0,0,0,0,0,0,0,290000,0,0,0,856000,566000,290000,290000
053917,友達國票97購03  ,0,0,0,0,0,0,0,0,0,290000,0,0,0,300000,10000,290000,290000
056515,燿華兆豐99購01  ,0,0,0,0,0,0,0,0,0,289000,0,0,0,314000,25000,289000,289000
03398P,瑞昱中信06售03  ,0,0,0,0,0,0,0,0,0,289000,0,0,0,289000,0,289000,289000
052080,康友元富98購02  ,0,0,0,0,0,0,0,0,0,289000,0,0,0,325000,36000,289000,289000
053238,麗豐永豐96購01  ,0,0,0,0,0,0,0,0,0,289000,0,0,0,339000,50000,289000,289000
046645,技嘉國泰94購01  ,0,0,0,0,0,0,0,0,0,288000,0,0,0,1588000,1300000,288000,288000
05267P,欣興元大95售08  ,0,0,0,0,0,0,0,0,0,288000,0,0,0,382000,94000,288000,288000
055894,欣興統一97購03  ,0,0,0,0,0,0,0,0,0,286000,0,0,0,286000,0,286000,286000
049442,滬深2X統一99購01,0,0,0,0,0,0,0,0,0,286000,0,0,0,286000,0,286000,286000
052884,台積電兆豐96購01,0,0,0,0,0,0,0,0,0,286000,0,0,0,376000,90000,286000,286000
04414P,牧德元富94售04  ,0,0,0,0,0,0,0,0,0,284000,0,0,0,998000,714000,284000,284000
049960,嘉聯益統一94購01,0,0,0,0,0,0,0,0,0,283000,0,0,0,283000,0,283000,283000
3450,聯鈞            ,342000,127000,215000,0,0,0,0,0,0,68000,38000,0,38000,42000,12000,30000,283000
051429,智邦元富95購01  ,0,0,0,0,0,0,0,0,0,282000,0,0,0,903000,621000,282000,282000
053637,強茂永豐96購01  ,0,0,0,0,0,0,0,0,0,282000,0,0,0,370000,88000,282000,282000
2312,金寶            ,386000,1405000,-1019000,0,0,0,0,0,0,1301000,748000,13000,735000,652000,86000,566000,282000
053668,鴻海統一97購01  ,0,0,0,0,0,0,0,0,0,281000,0,0,0,281000,0,281000,281000
051830,健策元大97購01  ,0,0,0,0,0,0,0,0,0,281000,0,0,0,394000,113000,281000,281000
04380P,欣興元大94售02  ,0,0,0,0,0,0,0,0,0,280000,0,0,0,280000,0,280000,280000
04235P,鴻海群益93售08  ,0,0,0,0,0,0,0,0,0,280000,0,0,0,300000,20000,280000,280000
049283,滬深2X中信95購10,0,0,0,0,0,0,0,0,0,280000,0,0,0,310000,30000,280000,280000
051932,康控國票96購02  ,0,0,0,0,0,0,0,0,0,280000,0,0,0,290000,10000,280000,280000
047749,富邦金元富93購01,0,0,0,0,0,0,0,0,0,278000,0,0,0,278000,0,278000,278000
051085,鴻海元大95購03  ,0,0,0,0,0,0,0,0,0,278000,0,0,0,738000,460000,278000,278000
052097,GIS元大95購05   ,0,0,0,0,0,0,0,0,0,278000,0,0,0,300000,22000,278000,278000
055536,嘉聯益群益99購02,0,0,0,0,0,0,0,0,0,277000,0,0,0,348000,71000,277000,277000
056847,佐登元富98購01  ,0,0,0,0,0,0,0,0,0,275000,0,0,0,299000,24000,275000,275000
056392,玉晶光富邦9C購01,0,0,0,0,0,0,0,0,0,274000,0,0,0,274000,0,274000,274000
056404,嘉聯益群益9A購01,0,0,0,0,0,0,0,0,0,274000,0,0,0,404000,130000,274000,274000
055573,國巨統一97購06  ,0,0,0,0,0,0,0,0,0,274000,0,0,0,376000,102000,274000,274000
05532P,臺股指群益96售05,0,0,0,0,0,0,0,0,0,274000,0,0,0,332000,58000,274000,274000
051545,裕隆康和95購01  ,0,0,0,0,0,0,0,0,0,274000,0,0,0,678000,404000,274000,274000
048767,欣興凱基94購01  ,0,0,0,0,0,0,0,0,0,274000,0,0,0,274000,0,274000,274000
054492,嘉聯益台新96購01,0,0,0,0,0,0,0,0,0,274000,0,0,0,295000,21000,274000,274000
056250,瑞昱兆豐97購02  ,0,0,0,0,0,0,0,0,0,272000,0,0,0,390000,118000,272000,272000
06338P,亞德客統一97售02,0,0,0,0,0,0,0,0,0,272000,0,0,0,370000,98000,272000,272000
055004,群創元富99購06  ,0,0,0,0,0,0,0,0,0,271000,0,0,0,306000,35000,271000,271000
03388P,元油2X元富98售02,0,0,0,0,0,0,0,0,0,271000,0,0,0,420000,149000,271000,271000
049911,智邦元大94購05  ,0,0,0,0,0,0,0,0,0,271000,0,0,0,407000,136000,271000,271000
051827,智邦元大95購04  ,0,0,0,0,0,0,0,0,0,271000,0,0,0,859000,588000,271000,271000
052726,鴻海元富96購03  ,0,0,0,0,0,0,0,0,0,271000,0,0,0,321000,50000,271000,271000
055268,和大元大97購01  ,0,0,0,0,0,0,0,0,0,270000,0,0,0,270000,0,270000,270000
045053,聯發科元富98購01,0,0,0,0,0,0,0,0,0,270000,0,0,0,510000,240000,270000,270000
048030,聯發科凱基93購27,0,0,0,0,0,0,0,0,0,270000,0,0,0,270000,0,270000,270000
050061,聯發科凱基94購07,0,0,0,0,0,0,0,0,0,270000,0,0,0,640000,370000,270000,270000
050759,貿聯元富94購02  ,0,0,0,0,0,0,0,0,0,270000,0,0,0,319000,49000,270000,270000
1909,榮成            ,450000,222000,228000,0,0,0,2000,0,2000,40000,44000,4000,40000,0,0,0,270000
3515,華擎            ,524000,130000,394000,0,0,0,0,129000,-129000,5000,71000,5000,66000,15000,76000,-61000,270000
050201,光磊群益94購01  ,0,0,0,0,0,0,0,0,0,269000,0,0,0,308000,39000,269000,269000
08703P,華碩凱基01售02  ,0,0,0,0,0,0,0,0,0,269000,0,0,0,355000,86000,269000,269000
055501,創意元大97購01  ,0,0,0,0,0,0,0,0,0,268000,0,0,0,466000,198000,268000,268000
045861,智邦統一93購02  ,0,0,0,0,0,0,0,0,0,267000,0,0,0,588000,321000,267000,267000
052306,鴻海國泰97購05  ,0,0,0,0,0,0,0,0,0,267000,0,0,0,267000,0,267000,267000
055451,台積電元富97購02,0,0,0,0,0,0,0,0,0,266000,0,0,0,379000,113000,266000,266000
056297,台光電元大97購04,0,0,0,0,0,0,0,0,0,265000,0,0,0,338000,73000,265000,265000
056313,聯茂元大98購01  ,0,0,0,0,0,0,0,0,0,265000,0,0,0,321000,56000,265000,265000
046934,智邦元富96購01  ,0,0,0,0,0,0,0,0,0,265000,0,0,0,464000,199000,265000,265000
056398,南茂永豐98購01  ,0,0,0,0,0,0,0,0,0,264000,0,0,0,556000,292000,264000,264000
053005,微星永豐96購01  ,0,0,0,0,0,0,0,0,0,264000,0,0,0,389000,125000,264000,264000
055148,鴻海元大98購02  ,0,0,0,0,0,0,0,0,0,262000,0,0,0,422000,160000,262000,262000
048791,智原元大94購02  ,0,0,0,0,0,0,0,0,0,262000,0,0,0,462000,200000,262000,262000
052961,國巨凱基97購02  ,0,0,0,0,0,0,0,0,0,262000,0,0,0,272000,10000,262000,262000
053967,華邦電元大96購03,0,0,0,0,0,0,0,0,0,262000,0,0,0,268000,6000,262000,262000
056161,康控凱基98購02  ,0,0,0,0,0,0,0,0,0,261000,0,0,0,305000,44000,261000,261000
04911P,美律元富94售02  ,0,0,0,0,0,0,0,0,0,261000,0,0,0,261000,0,261000,261000
044507,燿華凱基93購03  ,0,0,0,0,0,0,0,0,0,260000,0,0,0,269000,9000,260000,260000
053880,智邦中信96購01  ,0,0,0,0,0,0,0,0,0,260000,0,0,0,291000,31000,260000,260000
056318,鴻海群益98購02  ,0,0,0,0,0,0,0,0,0,259000,0,0,0,286000,27000,259000,259000
050893,鴻海元大96購03  ,0,0,0,0,0,0,0,0,0,258000,0,0,0,386000,128000,258000,258000
053785,聯詠元大96購05  ,0,0,0,0,0,0,0,0,0,258000,0,0,0,290000,32000,258000,258000
006207,FH滬深          ,93000,2000,91000,0,0,0,0,0,0,163000,0,0,0,592000,429000,163000,254000
050579,聯發科國票95購04,0,0,0,0,0,0,0,0,0,254000,0,0,0,464000,210000,254000,254000
055160,玉晶光元大99購03,0,0,0,0,0,0,0,0,0,253000,0,0,0,470000,217000,253000,253000
054962,玉晶光元大99購02,0,0,0,0,0,0,0,0,0,253000,0,0,0,267000,14000,253000,253000
1802,台玻            ,442000,186000,256000,0,0,0,0,0,0,-3000,0,3000,-3000,0,0,0,253000
055691,訊芯凱基97購02  ,0,0,0,0,0,0,0,0,0,252000,0,0,0,252000,0,252000,252000
051155,聯發科國泰96購01,0,0,0,0,0,0,0,0,0,252000,0,0,0,393000,141000,252000,252000
046241,聯發科中信94購02,0,0,0,0,0,0,0,0,0,251000,0,0,0,455000,204000,251000,251000
046649,致伸國泰94購01  ,0,0,0,0,0,0,0,0,0,250000,0,0,0,300000,50000,250000,250000
043051,天鈺國泰93購01  ,0,0,0,0,0,0,0,0,0,250000,0,0,0,250000,0,250000,250000
051017,聯發科凱基95購04,0,0,0,0,0,0,0,0,0,250000,0,0,0,260000,10000,250000,250000
050362,深中小元大94購04,0,0,0,0,0,0,0,0,0,250000,0,0,0,250000,0,250000,250000
049372,華新科元大95購04,0,0,0,0,0,0,0,0,0,250000,0,0,0,294000,44000,250000,250000
050986,上証2X永昌97購01,0,0,0,0,0,0,0,0,0,250000,0,0,0,250000,0,250000,250000
054019,燿華台新96購01  ,0,0,0,0,0,0,0,0,0,250000,0,0,0,281000,31000,250000,250000
05118P,超眾元大96售04  ,0,0,0,0,0,0,0,0,0,249000,0,0,0,694000,445000,249000,249000
05400P,台積電永豐95售05,0,0,0,0,0,0,0,0,0,249000,0,0,0,608000,359000,249000,249000
05566P,景碩永豐96售01  ,0,0,0,0,0,0,0,0,0,248000,0,0,0,258000,10000,248000,248000
044819,新日興兆豐93購02,0,0,0,0,0,0,0,0,0,247000,0,0,0,318000,71000,247000,247000
05272P,臻鼎中信97售03  ,0,0,0,0,0,0,0,0,0,247000,0,0,0,257000,10000,247000,247000
050352,欣興群益95購01  ,0,0,0,0,0,0,0,0,0,246000,0,0,0,250000,4000,246000,246000
055170,光磊統一97購01  ,0,0,0,0,0,0,0,0,0,245000,0,0,0,245000,0,245000,245000
054560,全新群益98購03  ,0,0,0,0,0,0,0,0,0,244000,0,0,0,272000,28000,244000,244000
050284,台泥凱基94購01  ,0,0,0,0,0,0,0,0,0,244000,0,0,0,344000,100000,244000,244000
052722,群創統一97購02  ,0,0,0,0,0,0,0,0,0,244000,0,0,0,244000,0,244000,244000
056600,聯茂元富98購01  ,0,0,0,0,0,0,0,0,0,243000,0,0,0,542000,299000,243000,243000
08465P,玉晶光兆豐01售02,0,0,0,0,0,0,0,0,0,243000,0,0,0,243000,0,243000,243000
2101,南港            ,762000,536000,226000,0,0,0,0,0,0,17000,0,2000,-2000,28000,9000,19000,243000
049799,旺宏元大96購01  ,0,0,0,0,0,0,0,0,0,242000,0,0,0,246000,4000,242000,242000
055259,玉晶光統一9A購01,0,0,0,0,0,0,0,0,0,241000,0,0,0,424000,183000,241000,241000
042326,元油2X國票94購01,0,0,0,0,0,0,0,0,0,241000,0,0,0,270000,29000,241000,241000
049889,欣興國泰96購01  ,0,0,0,0,0,0,0,0,0,241000,0,0,0,241000,0,241000,241000
053582,英業達元大97購01,0,0,0,0,0,0,0,0,0,241000,0,0,0,291000,50000,241000,241000
05977P,旺宏永豐96售06  ,0,0,0,0,0,0,0,0,0,241000,0,0,0,291000,50000,241000,241000
047005,南亞科統一93購03,0,0,0,0,0,0,0,0,0,240000,0,0,0,250000,10000,240000,240000
049686,T50反1元大94購02,0,0,0,0,0,0,0,0,0,240000,0,0,0,688000,448000,240000,240000
052212,可成元大95購11  ,0,0,0,0,0,0,0,0,0,240000,0,0,0,260000,20000,240000,240000
052233,台郡凱基96購01  ,0,0,0,0,0,0,0,0,0,240000,0,0,0,250000,10000,240000,240000
051790,貿聯國票95購03  ,0,0,0,0,0,0,0,0,0,240000,0,0,0,246000,6000,240000,240000
055152,旺宏元大98購04  ,0,0,0,0,0,0,0,0,0,239000,0,0,0,493000,254000,239000,239000
054623,華新科第一97購01,0,0,0,0,0,0,0,0,0,239000,0,0,0,413000,174000,239000,239000
051463,世芯國泰97購02  ,0,0,0,0,0,0,0,0,0,239000,0,0,0,417000,178000,239000,239000
055659,百和元富97購01  ,0,0,0,0,0,0,0,0,0,238000,0,0,0,238000,0,238000,238000
049776,全新統一95購02  ,0,0,0,0,0,0,0,0,0,238000,0,0,0,254000,16000,238000,238000
00631L,元大台灣50正2   ,0,0,0,0,0,0,0,0,0,237000,0,0,0,674000,437000,237000,237000
048880,昇陽半國票94購01,0,0,0,0,0,0,0,0,0,237000,0,0,0,237000,0,237000,237000
053882,聯發科中信98購02,0,0,0,0,0,0,0,0,0,237000,0,0,0,330000,93000,237000,237000
2412,中華電          ,1108000,885000,223000,0,0,0,46000,38000,8000,6000,7000,1000,6000,0,0,0,237000
053567,群創富邦97購01  ,0,0,0,0,0,0,0,0,0,236000,0,0,0,281000,45000,236000,236000
053187,國巨統一96購05  ,0,0,0,0,0,0,0,0,0,236000,0,0,0,359000,123000,236000,236000
054633,臺股指凱基9A購02,0,0,0,0,0,0,0,0,0,235000,0,0,0,290000,55000,235000,235000
054123,易華電永豐96購03,0,0,0,0,0,0,0,0,0,235000,0,0,0,247000,12000,235000,235000
2049,上銀            ,516000,545445,-29445,0,0,0,149000,0,149000,115000,29000,8000,21000,114000,20000,94000,234555
055129,鈺齊兆豐97購01  ,0,0,0,0,0,0,0,0,0,234000,0,0,0,246000,12000,234000,234000
044382,嘉聯益群益94購01,0,0,0,0,0,0,0,0,0,233000,0,0,0,238000,5000,233000,233000
050325,台積電永豐94購05,0,0,0,0,0,0,0,0,0,233000,0,0,0,233000,0,233000,233000
053581,台積電元大96購14,0,0,0,0,0,0,0,0,0,233000,0,0,0,433000,200000,233000,233000
053751,康控永豐96購02  ,0,0,0,0,0,0,0,0,0,233000,0,0,0,233000,0,233000,233000
055650,華新科元富98購01,0,0,0,0,0,0,0,0,0,232000,0,0,0,327000,95000,232000,232000
055175,建準統一97購01  ,0,0,0,0,0,0,0,0,0,232000,0,0,0,232000,0,232000,232000
053433,友達日盛99購06  ,0,0,0,0,0,0,0,0,0,232000,0,0,0,447000,215000,232000,232000
05418P,瑞昱永豐95售02  ,0,0,0,0,0,0,0,0,0,232000,0,0,0,232000,0,232000,232000
03314P,台積電元大02售16,0,0,0,0,0,0,0,0,0,231000,0,0,0,460000,229000,231000,231000
049055,聯詠永豐94購01  ,0,0,0,0,0,0,0,0,0,231000,0,0,0,283000,52000,231000,231000
05549P,臺股指元大96售03,0,0,0,0,0,0,0,0,0,230000,0,0,0,290000,60000,230000,230000
050142,聯發科元富9A購01,0,0,0,0,0,0,0,0,0,230000,0,0,0,375000,145000,230000,230000
049996,元油2X永豐94購05,0,0,0,0,0,0,0,0,0,230000,0,0,0,300000,70000,230000,230000
04864P,欣興元大94售10  ,0,0,0,0,0,0,0,0,0,230000,0,0,0,242000,12000,230000,230000
054262,瀚宇博元大96購03,0,0,0,0,0,0,0,0,0,230000,0,0,0,366000,136000,230000,230000
053032,國巨兆豐97購02  ,0,0,0,0,0,0,0,0,0,230000,0,0,0,245000,15000,230000,230000
052184,台光電群益95購03,0,0,0,0,0,0,0,0,0,230000,0,0,0,303000,73000,230000,230000
06272P,台郡凱基97售04  ,0,0,0,0,0,0,0,0,0,230000,0,0,0,260000,30000,230000,230000
051427,聯發科統一95購04,0,0,0,0,0,0,0,0,0,229000,0,0,0,230000,1000,229000,229000
054675,美律台新98購01  ,0,0,0,0,0,0,0,0,0,228000,0,0,0,228000,0,228000,228000
054546,玉晶光中信9B購01,0,0,0,0,0,0,0,0,0,228000,0,0,0,273000,45000,228000,228000
06011P,貿聯元富96售04  ,0,0,0,0,0,0,0,0,0,228000,0,0,0,230000,2000,228000,228000
055429,華新科群益99購01,0,0,0,0,0,0,0,0,0,227000,0,0,0,260000,33000,227000,227000
051879,健策台新96購01  ,0,0,0,0,0,0,0,0,0,227000,0,0,0,227000,0,227000,227000
053860,台積電元大98購03,0,0,0,0,0,0,0,0,0,227000,0,0,0,332000,105000,227000,227000
053797,台積電中信98購01,0,0,0,0,0,0,0,0,0,227000,0,0,0,230000,3000,227000,227000
055406,大毅國泰99購01  ,0,0,0,0,0,0,0,0,0,226000,0,0,0,226000,0,226000,226000
054848,群創兆豐98購01  ,0,0,0,0,0,0,0,0,0,226000,0,0,0,380000,154000,226000,226000
047569,世紀鋼國票94購02,0,0,0,0,0,0,0,0,0,226000,0,0,0,301000,75000,226000,226000
048665,欣興統一93購07  ,0,0,0,0,0,0,0,0,0,226000,0,0,0,226000,0,226000,226000
048848,滬深2X群益98購02,0,0,0,0,0,0,0,0,0,226000,0,0,0,423000,197000,226000,226000
054696,嘉聯益永豐97購01,0,0,0,0,0,0,0,0,0,225000,0,0,0,225000,0,225000,225000
056200,大毅永豐98購01  ,0,0,0,0,0,0,0,0,0,225000,0,0,0,479000,254000,225000,225000
051616,鴻海凱基96購08  ,0,0,0,0,0,0,0,0,0,225000,0,0,0,230000,5000,225000,225000
05205P,緯穎元大95售03  ,0,0,0,0,0,0,0,0,0,225000,0,0,0,245000,20000,225000,225000
048194,華邦電元大94購04,0,0,0,0,0,0,0,0,0,225000,0,0,0,225000,0,225000,225000
054207,國巨國票98購01  ,0,0,0,0,0,0,0,0,0,225000,0,0,0,225000,0,225000,225000
054385,矽創群益98購01  ,0,0,0,0,0,0,0,0,0,225000,0,0,0,336000,111000,225000,225000
052785,滬深2X中信99購03,0,0,0,0,0,0,0,0,0,225000,0,0,0,305000,80000,225000,225000
055823,臺股指國票97購10,0,0,0,0,0,0,0,0,0,224000,0,0,0,234000,10000,224000,224000
05807P,泰鼎永豐96售03  ,0,0,0,0,0,0,0,0,0,224000,0,0,0,268000,44000,224000,224000
055792,臺股指凱基97購15,0,0,0,0,0,0,0,0,0,223000,0,0,0,223000,0,223000,223000
04106P,滬深2X永豐93售02,0,0,0,0,0,0,0,0,0,223000,0,0,0,225000,2000,223000,223000
046557,亞泥凱基93購02  ,0,0,0,0,0,0,0,0,0,222000,0,0,0,322000,100000,222000,222000
053798,台積電中信98購02,0,0,0,0,0,0,0,0,0,222000,0,0,0,232000,10000,222000,222000
053818,富邦金群益98購01,0,0,0,0,0,0,0,0,0,222000,0,0,0,342000,120000,222000,222000
053518,聯茂群益96購03  ,0,0,0,0,0,0,0,0,0,222000,0,0,0,222000,0,222000,222000
053649,台積電凱基97購05,0,0,0,0,0,0,0,0,0,221000,0,0,0,222000,1000,221000,221000
043938,華邦電兆豐93購01,0,0,0,0,0,0,0,0,0,220000,0,0,0,240000,20000,220000,220000
050708,臺股指凱基96購06,0,0,0,0,0,0,0,0,0,220000,0,0,0,399000,179000,220000,220000
051943,台積電麥證95購03,0,0,0,270000,50000,220000,0,0,0,220000,0,0,0,270000,50000,220000,220000
054797,臻鼎群益97購01  ,0,0,0,0,0,0,0,0,0,219000,0,0,0,241000,22000,219000,219000
054820,新日興元大97購01,0,0,0,0,0,0,0,0,0,219000,0,0,0,341000,122000,219000,219000
055338,GIS兆豐97購01   ,0,0,0,0,0,0,0,0,0,219000,0,0,0,229000,10000,219000,219000
049091,訊連凱基94購01  ,0,0,0,0,0,0,0,0,0,219000,0,0,0,221000,2000,219000,219000
047828,華新元大93購03  ,0,0,0,0,0,0,0,0,0,218000,0,0,0,219000,1000,218000,218000
053188,旺宏統一97購03  ,0,0,0,0,0,0,0,0,0,218000,0,0,0,218000,0,218000,218000
3035,智原            ,542000,404000,138000,0,0,0,250000,300000,-50000,130000,21000,6000,15000,125000,10000,115000,218000
055058,大毅永豐97購01  ,0,0,0,0,0,0,0,0,0,216000,0,0,0,334000,118000,216000,216000
047867,旺宏永豐93購02  ,0,0,0,0,0,0,0,0,0,216000,0,0,0,257000,41000,216000,216000
050998,訊連元大95購01  ,10000,0,10000,0,0,0,0,0,0,206000,0,0,0,404000,198000,206000,216000
06259P,臺股指群益97售12,0,0,0,0,0,0,0,0,0,216000,0,0,0,222000,6000,216000,216000
054812,鴻海元大97購08  ,0,0,0,0,0,0,0,0,0,215000,0,0,0,475000,260000,215000,215000
044061,聯發科元大92購03,0,0,0,0,0,0,0,0,0,215000,0,0,0,215000,0,215000,215000
046626,台光電統一94購01,0,0,0,0,0,0,0,0,0,215000,0,0,0,225000,10000,215000,215000
044964,旺宏中信94購01  ,0,0,0,0,0,0,0,0,0,215000,0,0,0,367000,152000,215000,215000
052298,易華電國票96購01,0,0,0,0,0,0,0,0,0,215000,0,0,0,215000,0,215000,215000
052500,元翎永豐95購01  ,0,0,0,0,0,0,0,0,0,215000,0,0,0,225000,10000,215000,215000
051844,宏達電富邦96購01,0,0,0,0,0,0,0,0,0,214000,0,0,0,214000,0,214000,214000
050101,台積電永昌96購03,0,0,0,0,0,0,0,0,0,213000,0,0,0,347000,134000,213000,213000
050092,鴻海永豐94購04  ,0,0,0,0,0,0,0,0,0,213000,0,0,0,271000,58000,213000,213000
052585,友達永豐97購01  ,0,0,0,0,0,0,0,0,0,212000,0,0,0,222000,10000,212000,212000
055311,健策群益98購02  ,0,0,0,0,0,0,0,0,0,211000,0,0,0,648000,437000,211000,211000
052079,康友元富98購01  ,0,0,0,0,0,0,0,0,0,211000,0,0,0,381000,170000,211000,211000
051252,健鼎元大95購01  ,0,0,0,0,0,0,0,0,0,211000,0,0,0,211000,0,211000,211000
3682,亞太電          ,310000,99000,211000,0,0,0,0,0,0,0,0,0,0,0,0,0,211000
055646,漢唐元富97購01  ,0,0,0,0,0,0,0,0,0,210000,0,0,0,210000,0,210000,210000
051568,智邦富邦95購01  ,0,0,0,0,0,0,0,0,0,210000,0,0,0,373000,163000,210000,210000
052745,欣興元大96購04  ,0,0,0,0,0,0,0,0,0,210000,0,0,0,310000,100000,210000,210000
053919,可成國票97購02  ,0,0,0,0,0,0,0,0,0,210000,0,0,0,272000,62000,210000,210000
055938,矽力群益97購01  ,0,0,0,0,0,0,0,0,0,209000,0,0,0,714000,505000,209000,209000
051559,宏達電國泰96購01,0,0,0,0,0,0,0,0,0,209000,0,0,0,210000,1000,209000,209000
053373,台泥元大96購01  ,0,0,0,0,0,0,0,0,0,209000,0,0,0,209000,0,209000,209000
051890,智邦元富95購03  ,0,0,0,0,0,0,0,0,0,209000,0,0,0,460000,251000,209000,209000
046263,智邦凱基92購05  ,0,0,0,0,0,0,0,0,0,208000,0,0,0,218000,10000,208000,208000
055604,訊芯元大98購02  ,0,0,0,0,0,0,0,0,0,206000,0,0,0,269000,63000,206000,206000
055030,帆宣國泰99購02  ,0,0,0,0,0,0,0,0,0,206000,0,0,0,428000,222000,206000,206000
046066,長榮航凱基94購01,0,0,0,0,0,0,0,0,0,206000,0,0,0,410000,204000,206000,206000
056222,台積電凱基9A購01,0,0,0,0,0,0,0,0,0,205000,0,0,0,205000,0,205000,205000
050947,聯發科群益95購01,0,0,0,0,0,0,0,0,0,205000,0,0,0,205000,0,205000,205000
052798,滬深2X元大96購07,0,0,0,0,0,0,0,0,0,205000,0,0,0,255000,50000,205000,205000
054581,訊芯元大97購02  ,0,0,0,0,0,0,0,0,0,204000,0,0,0,492000,288000,204000,204000
047119,臻鼎元大93購01  ,0,0,0,0,0,0,0,0,0,204000,0,0,0,210000,6000,204000,204000
056378,欣興元富98購01  ,0,0,0,0,0,0,0,0,0,203000,0,0,0,276000,73000,203000,203000
050065,冠德凱基94購01  ,0,0,0,0,0,0,0,0,0,203000,0,0,0,203000,0,203000,203000
056163,嘉聯益凱基98購03,0,0,0,0,0,0,0,0,0,202000,0,0,0,550000,348000,202000,202000
055266,京鼎永豐97購01  ,0,0,0,0,0,0,0,0,0,202000,0,0,0,202000,0,202000,202000
047418,智邦富邦97購01  ,0,0,0,0,0,0,0,0,0,202000,0,0,0,694000,492000,202000,202000
052891,台泥群益96購01  ,0,0,0,0,0,0,0,0,0,202000,0,0,0,213000,11000,202000,202000
06371P,茂林國票98售04  ,0,0,0,0,0,0,0,0,0,202000,0,0,0,290000,88000,202000,202000
056614,智邦永豐98購01  ,0,0,0,0,0,0,0,0,0,201000,0,0,0,301000,100000,201000,201000
052972,義隆群益96購04  ,0,0,0,0,0,0,0,0,0,201000,0,0,0,375000,174000,201000,201000
052818,智邦永豐96購01  ,0,0,0,0,0,0,0,0,0,201000,0,0,0,396000,195000,201000,201000
052547,光磊兆豐96購01  ,0,0,0,0,0,0,0,0,0,201000,0,0,0,313000,112000,201000,201000
052297,旭富國票96購01  ,0,0,0,0,0,0,0,0,0,201000,0,0,0,252000,51000,201000,201000
054389,為升元富96購02  ,0,0,0,0,0,0,0,0,0,201000,0,0,0,331000,130000,201000,201000
06379P,群創統一97售05  ,0,0,0,0,0,0,0,0,0,201000,0,0,0,229000,28000,201000,201000
056355,台積電元大98購08,0,0,0,0,0,0,0,0,0,200000,0,0,0,220000,20000,200000,200000
054949,奇力新元大98購01,0,0,0,0,0,0,0,0,0,200000,0,0,0,200000,0,200000,200000
050611,鴻海元大95購02  ,0,0,0,0,0,0,0,0,0,200000,0,0,0,457000,257000,200000,200000
047903,滬深2X元大96購01,0,0,0,0,0,0,0,0,0,200000,0,0,0,200000,0,200000,200000
04496P,國巨國泰96售02  ,0,0,0,0,0,0,0,0,0,200000,0,0,0,200000,0,200000,200000
03579P,玉晶光台新02售02,0,0,0,0,0,0,0,0,0,200000,0,0,0,200000,0,200000,200000
03635C,滬深2X元富99牛01,0,0,0,0,0,0,0,0,0,200000,0,0,0,300000,100000,200000,200000
041427,滬深2X國票93購01,0,0,0,0,0,0,0,0,0,200000,0,0,0,200000,0,200000,200000
044635,世紀鋼元大92購02,0,0,0,0,0,0,0,0,0,200000,0,0,0,200000,0,200000,200000
047765,瑞昱元大93購12  ,0,0,0,0,0,0,0,0,0,200000,0,0,0,201000,1000,200000,200000
042942,永冠國票94購01  ,0,0,0,0,0,0,0,0,0,200000,0,0,0,200000,0,200000,200000
045312,矽創元大93購02  ,0,0,0,0,0,0,0,0,0,200000,0,0,0,200000,0,200000,200000
050255,GIS富邦95購01   ,0,0,0,0,0,0,0,0,0,200000,0,0,0,200000,0,200000,200000
05000P,臺股指永豐95售01,0,0,0,0,0,0,0,0,0,200000,0,0,0,230000,30000,200000,200000
048260,鴻海元富93購06  ,0,0,0,0,0,0,0,0,0,200000,0,0,0,200000,0,200000,200000
053043,嘉晶凱基96購01  ,0,0,0,0,0,0,0,0,0,200000,0,0,0,200000,0,200000,200000
08422P,玉晶光群益02售03,0,0,0,0,0,0,0,0,0,200000,0,0,0,200000,0,200000,200000
052135,聯發科凱基9B購01,0,0,0,0,0,0,0,0,0,199000,0,0,0,454000,255000,199000,199000
05609P,國泰金凱基96售01,0,0,0,0,0,0,0,0,0,198000,0,0,0,208000,10000,198000,198000
049910,智邦元大94購04  ,0,0,0,0,0,0,0,0,0,198000,0,0,0,304000,106000,198000,198000
1210,大成            ,444000,246000,198000,0,0,0,0,0,0,0,2000,2000,0,0,0,0,198000
050489,聯詠元富94購01  ,0,0,0,0,0,0,0,0,0,197000,0,0,0,288000,91000,197000,197000
052443,台積電元大95購23,0,0,0,0,0,0,0,0,0,197000,0,0,0,506000,309000,197000,197000
056257,聯茂元富97購04  ,0,0,0,0,0,0,0,0,0,196000,0,0,0,235000,39000,196000,196000
054850,上海銀兆豐97購01,0,0,0,0,0,0,0,0,0,196000,0,0,0,206000,10000,196000,196000
054522,康友元大96購07  ,0,0,0,0,0,0,0,0,0,196000,0,0,0,228000,32000,196000,196000
055255,欣興統一97購02  ,0,0,0,0,0,0,0,0,0,196000,0,0,0,614000,418000,196000,196000
048810,玉晶光第一94購01,0,0,0,0,0,0,0,0,0,196000,0,0,0,196000,0,196000,196000
050261,國巨元大95購04  ,0,0,0,0,0,0,0,0,0,196000,0,0,0,376000,180000,196000,196000
051562,玉晶光國泰97購05,0,0,0,0,0,0,0,0,0,196000,0,0,0,356000,160000,196000,196000
053196,康控元富96購01  ,0,0,0,0,0,0,0,0,0,196000,0,0,0,266000,70000,196000,196000
053750,致伸永豐96購02  ,0,0,0,0,0,0,0,0,0,196000,0,0,0,260000,64000,196000,196000
6226,光鼎            ,225000,29000,196000,0,0,0,0,0,0,0,0,0,0,0,0,0,196000
4938,和碩            ,2451000,2359000,92000,0,0,0,0,0,0,104000,131000,6000,125000,88000,109000,-21000,196000
055432,臻鼎群益97購02  ,0,0,0,0,0,0,0,0,0,195000,0,0,0,259000,64000,195000,195000
051891,智邦元富95購04  ,0,0,0,0,0,0,0,0,0,195000,0,0,0,394000,199000,195000,195000
3006,晶豪科          ,226500,90000,136500,0,0,0,0,0,0,58000,58000,0,58000,16000,16000,0,194500
055342,鴻海凱基97購04  ,0,0,0,0,0,0,0,0,0,194000,0,0,0,209000,15000,194000,194000
043652,微星國泰93購01  ,0,0,0,0,0,0,0,0,0,194000,0,0,0,212000,18000,194000,194000
047658,全新麥證93購02  ,0,0,0,248000,54000,194000,0,0,0,194000,0,0,0,248000,54000,194000,194000
03651C,臺股指凱基97牛17,0,0,0,0,0,0,0,0,0,194000,0,0,0,278000,84000,194000,194000
051656,嘉聯益元富95購02,0,0,0,0,0,0,0,0,0,194000,0,0,0,194000,0,194000,194000
053779,台光電元大96購02,0,0,0,0,0,0,0,0,0,194000,0,0,0,255000,61000,194000,194000
05748P,臺股指群益99售02,0,0,0,0,0,0,0,0,0,194000,0,0,0,305000,111000,194000,194000
3026,禾伸堂          ,252000,317000,-65000,0,0,0,206000,0,206000,53000,50000,0,50000,85000,82000,3000,194000
055226,聯發科國票97購05,0,0,0,0,0,0,0,0,0,193000,0,0,0,203000,10000,193000,193000
045055,聯發科元富98購03,0,0,0,0,0,0,0,0,0,193000,0,0,0,196000,3000,193000,193000
05824P,臺股指凱基96售21,0,0,0,0,0,0,0,0,0,193000,0,0,0,203000,10000,193000,193000
054661,嘉聯益元大97購03,0,0,0,0,0,0,0,0,0,192000,0,0,0,316000,124000,192000,192000
054744,晶相光凱基99購01,0,0,0,0,0,0,0,0,0,192000,0,0,0,271000,79000,192000,192000
050926,禾伸堂凱基95購01,0,0,0,0,0,0,0,0,0,192000,0,0,0,219000,27000,192000,192000
05966P,矽力凱基96售03  ,0,0,0,0,0,0,0,0,0,192000,0,0,0,192000,0,192000,192000
06280P,臺股指凱基97售12,0,0,0,0,0,0,0,0,0,191000,0,0,0,191000,0,191000,191000
054637,智邦中信98購01  ,0,0,0,0,0,0,0,0,0,190000,0,0,0,235000,45000,190000,190000
046845,燿華永豐93購01  ,0,0,0,0,0,0,0,0,0,190000,0,0,0,200000,10000,190000,190000
04402P,TPK兆豐95售01   ,0,0,0,0,0,0,0,0,0,190000,0,0,0,200000,10000,190000,190000
045292,鴻海元大93購03  ,0,0,0,0,0,0,0,0,0,190000,0,0,0,200000,10000,190000,190000
050559,聯發科統一94購10,0,0,0,0,0,0,0,0,0,190000,0,0,0,588000,398000,190000,190000
051642,鈺齊台新95購01  ,0,0,0,0,0,0,0,0,0,190000,0,0,0,190000,0,190000,190000
050461,GIS元大95購04   ,0,0,0,0,0,0,0,0,0,190000,0,0,0,200000,10000,190000,190000
051237,鴻海元大97購01  ,0,0,0,0,0,0,0,0,0,190000,0,0,0,640000,450000,190000,190000
049285,宏碁兆豐94購01  ,0,0,0,0,0,0,0,0,0,190000,0,0,0,300000,110000,190000,190000
049219,聯發科國票95購01,0,0,0,0,0,0,0,0,0,190000,0,0,0,240000,50000,190000,190000
054141,TPK元大96購02   ,0,0,0,0,0,0,0,0,0,190000,0,0,0,200000,10000,190000,190000
051985,智邦元大95購05  ,0,0,0,0,0,0,0,0,0,190000,0,0,0,521000,331000,190000,190000
053025,燿華富邦98購02  ,0,0,0,0,0,0,0,0,0,190000,0,0,0,227000,37000,190000,190000
08582P,臺股指元大9C售30,0,0,0,0,0,0,0,0,0,190000,0,0,0,190000,0,190000,190000
8028,昇陽半導體      ,237000,243000,-6000,0,0,0,159000,0,159000,37000,5000,3000,2000,50000,15000,35000,190000
048248,聯發科兆豐95購01,0,0,0,0,0,0,0,0,0,189000,0,0,0,190000,1000,189000,189000
048493,微星元大93購04  ,0,0,0,0,0,0,0,0,0,189000,0,0,0,249000,60000,189000,189000
053169,貿聯群益97購01  ,0,0,0,0,0,0,0,0,0,189000,0,0,0,201000,12000,189000,189000
055072,康友永豐97購02  ,0,0,0,0,0,0,0,0,0,188000,0,0,0,188000,0,188000,188000
055216,友達凱基98購05  ,0,0,0,0,0,0,0,0,0,188000,0,0,0,188000,0,188000,188000
055169,光罩統一99購01  ,0,0,0,0,0,0,0,0,0,188000,0,0,0,291000,103000,188000,188000
051119,光寶科群益95購01,0,0,0,0,0,0,0,0,0,188000,0,0,0,188000,0,188000,188000
051128,台表科群益95購02,0,0,0,0,0,0,0,0,0,188000,0,0,0,200000,12000,188000,188000
052333,嘉聯益兆豐96購01,0,0,0,0,0,0,0,0,0,188000,0,0,0,188000,0,188000,188000
054337,智邦統一96購01  ,0,0,0,0,0,0,0,0,0,188000,0,0,0,198000,10000,188000,188000
05346P,臺股指統一95售06,0,0,0,0,0,0,0,0,0,188000,0,0,0,381000,193000,188000,188000
055138,大毅永豐97購02  ,0,0,0,0,0,0,0,0,0,187000,0,0,0,261000,74000,187000,187000
054686,順德永豐97購01  ,0,0,0,0,0,0,0,0,0,187000,0,0,0,187000,0,187000,187000
056068,欣興元大97購05  ,0,0,0,0,0,0,0,0,0,187000,0,0,0,262000,75000,187000,187000
045054,聯發科元富98購02,0,0,0,0,0,0,0,0,0,187000,0,0,0,465000,278000,187000,187000
049569,光磊統一94購02  ,0,0,0,0,0,0,0,0,0,187000,0,0,0,277000,90000,187000,187000
05270P,台表科元大95售05,0,0,0,0,0,0,0,0,0,187000,0,0,0,187000,0,187000,187000
055425,聚陽群益99購01  ,0,0,0,0,0,0,0,0,0,186000,0,0,0,208000,22000,186000,186000
054342,亞光元富99購01  ,0,0,0,0,0,0,0,0,0,186000,0,0,0,191000,5000,186000,186000
054624,台積電凱基98購03,0,0,0,0,0,0,0,0,0,185000,0,0,0,185000,0,185000,185000
043916,群創凱基93購01  ,0,0,0,0,0,0,0,0,0,184000,0,0,0,257000,73000,184000,184000
050976,台光電統一95購01,0,0,0,0,0,0,0,0,0,184000,0,0,0,383000,199000,184000,184000
054886,大毅統一97購01  ,0,0,0,0,0,0,0,0,0,183000,0,0,0,203000,20000,183000,183000
056147,鴻海日盛97購05  ,0,0,0,0,0,0,0,0,0,183000,0,0,0,1113000,930000,183000,183000
00752,中信中國50      ,0,0,0,0,0,0,0,0,0,183000,0,0,0,623000,440000,183000,183000
049638,A50反1凱基94購01,0,0,0,0,0,0,0,0,0,183000,0,0,0,183000,0,183000,183000
3038,全台            ,213000,22000,191000,0,0,0,0,0,0,-8000,1000,9000,-8000,0,0,0,183000
06427P,鴻海元大97售13  ,0,0,0,0,0,0,0,0,0,183000,0,0,0,260000,77000,183000,183000
055931,冠德群益97購02  ,0,0,0,0,0,0,0,0,0,182000,0,0,0,282000,100000,182000,182000
055530,聯發科群益98購01,0,0,0,0,0,0,0,0,0,182000,0,0,0,307000,125000,182000,182000
053205,台光電麥證96購01,0,0,0,309000,114000,195000,0,0,0,182000,0,0,0,313000,131000,182000,182000
054702,智邦第一97購01  ,0,0,0,0,0,0,0,0,0,181000,0,0,0,318000,137000,181000,181000
056524,欣興中信98購02  ,0,0,0,0,0,0,0,0,0,181000,0,0,0,183000,2000,181000,181000
045414,康控群益94購02  ,0,0,0,0,0,0,0,0,0,181000,0,0,0,252000,71000,181000,181000
047654,鴻海兆豐93購01  ,0,0,0,0,0,0,0,0,0,181000,0,0,0,211000,30000,181000,181000
051235,鴻海元大95購06  ,0,0,0,0,0,0,0,0,0,181000,0,0,0,598000,417000,181000,181000
050341,光寶科元富94購01,0,0,0,0,0,0,0,0,0,181000,0,0,0,184000,3000,181000,181000
048584,欣興富邦95購01  ,0,0,0,0,0,0,0,0,0,181000,0,0,0,181000,0,181000,181000
053385,聯詠元大96購02  ,0,0,0,0,0,0,0,0,0,181000,0,0,0,304000,123000,181000,181000
06370P,貿聯凱基97售03  ,0,0,0,0,0,0,0,0,0,181000,0,0,0,200000,19000,181000,181000
2419,仲琦            ,448000,267000,181000,0,0,0,0,0,0,0,0,0,0,0,0,0,181000
056370,台郡元大98購03  ,0,0,0,0,0,0,0,0,0,180000,0,0,0,200000,20000,180000,180000
047264,貿聯國票93購02  ,0,0,0,0,0,0,0,0,0,180000,0,0,0,180000,0,180000,180000
052122,新光金國票96購01,0,0,0,0,0,0,0,0,0,180000,0,0,0,230000,50000,180000,180000
053794,燿華亞東96購01  ,0,0,0,0,0,0,0,0,0,180000,0,0,0,180000,0,180000,180000
054509,上証反元大99購01,0,0,0,0,0,0,0,0,0,180000,0,0,0,396000,216000,180000,180000
053937,光磊元富96購01  ,0,0,0,0,0,0,0,0,0,180000,0,0,0,232000,52000,180000,180000
052968,燿華群益98購01  ,0,0,0,0,0,0,0,0,0,180000,0,0,0,186000,6000,180000,180000
052936,華通兆豐98購01  ,0,0,0,0,0,0,0,0,0,180000,0,0,0,180000,0,180000,180000
08218P,滬深2X凱基96售01,0,0,0,0,0,0,0,0,0,180000,0,0,0,210000,30000,180000,180000
1315,達新            ,251000,70000,181000,0,0,0,0,0,0,-1000,0,1000,-1000,0,0,0,180000
053663,臺股指凱基96購24,0,0,0,0,0,0,0,0,0,179000,0,0,0,179000,0,179000,179000
053212,友達凱基99購04  ,0,0,0,0,0,0,0,0,0,179000,0,0,0,215000,36000,179000,179000
055836,華邦電元大97購04,0,0,0,0,0,0,0,0,0,178000,0,0,0,178000,0,178000,178000
046650,台表科國泰94購01,0,0,0,0,0,0,0,0,0,178000,0,0,0,178000,0,178000,178000
042317,台灣50永豐96購01,0,0,0,0,0,0,0,0,0,178000,0,0,0,272000,94000,178000,178000
05120P,聯發科國泰97售01,0,0,0,0,0,0,0,0,0,178000,0,0,0,178000,0,178000,178000
053299,台泥凱基96購01  ,0,0,0,0,0,0,0,0,0,178000,0,0,0,237000,59000,178000,178000
052621,台郡富邦97購01  ,0,0,0,0,0,0,0,0,0,178000,0,0,0,195000,17000,178000,178000
5215,科嘉-KY         ,148000,42000,106000,0,0,0,72000,0,72000,0,0,0,0,0,0,0,178000
056703,群創國泰9A購01  ,0,0,0,0,0,0,0,0,0,177000,0,0,0,197000,20000,177000,177000
00650L,FH香港正2       ,0,0,0,0,0,0,0,0,0,177000,0,0,0,509000,332000,177000,177000
05021P,瑞昱凱基95售01  ,0,0,0,0,0,0,0,0,0,177000,0,0,0,180000,3000,177000,177000
050006,華擎永豐94購03  ,0,0,0,0,0,0,0,0,0,177000,0,0,0,324000,147000,177000,177000
055150,台積電元大98購04,0,0,0,0,0,0,0,0,0,176000,0,0,0,422000,246000,176000,176000
055195,昇陽半元富97購02,0,0,0,0,0,0,0,0,0,176000,0,0,0,200000,24000,176000,176000
04036P,臻鼎群益93售03  ,0,0,0,0,0,0,0,0,0,176000,0,0,0,176000,0,176000,176000
052849,可成統一97購01  ,0,0,0,0,0,0,0,0,0,176000,0,0,0,200000,24000,176000,176000
054874,帆宣群益99購02  ,0,0,0,0,0,0,0,0,0,174000,0,0,0,207000,33000,174000,174000
056512,易華電永豐98購01,0,0,0,0,0,0,0,0,0,174000,0,0,0,174000,0,174000,174000
048687,旺宏群益96購01  ,0,0,0,0,0,0,0,0,0,174000,0,0,0,184000,10000,174000,174000
5876,上海商銀        ,1075000,838000,237000,0,0,0,0,0,0,-63000,0,50000,-50000,16000,29000,-13000,174000
054705,欣興亞東97購01  ,0,0,0,0,0,0,0,0,0,173000,0,0,0,173000,0,173000,173000
052084,台泥元大95購01  ,0,0,0,0,0,0,0,0,0,173000,0,0,0,218000,45000,173000,173000
048870,義隆國票96購01  ,0,0,0,0,0,0,0,0,0,173000,0,0,0,173000,0,173000,173000
052674,智邦國泰98購01  ,0,0,0,0,0,0,0,0,0,173000,0,0,0,181000,8000,173000,173000
052525,聯詠元大95購06  ,0,0,0,0,0,0,0,0,0,173000,0,0,0,235000,62000,173000,173000
052989,麗豐元大98購01  ,0,0,0,0,0,0,0,0,0,173000,0,0,0,211000,38000,173000,173000
053851,鴻海國泰98購03  ,0,0,0,0,0,0,0,0,0,173000,0,0,0,173000,0,173000,173000
06278P,臺股指凱基97售10,0,0,0,0,0,0,0,0,0,173000,0,0,0,184000,11000,173000,173000
046703,瑞昱元富95購01  ,0,0,0,0,0,0,0,0,0,172000,0,0,0,208000,36000,172000,172000
053629,玉山金兆豐96購01,0,0,0,0,0,0,0,0,0,172000,0,0,0,182000,10000,172000,172000
05550P,臺股指元大96售07,0,0,0,0,0,0,0,0,0,171000,0,0,0,175000,4000,171000,171000
056111,力成永豐97購01  ,0,0,0,0,0,0,0,0,0,171000,0,0,0,344000,173000,171000,171000
05402P,台郡永豐95售02  ,0,0,0,0,0,0,0,0,0,171000,0,0,0,171000,0,171000,171000
056273,祥碩統一97購02  ,0,0,0,0,0,0,0,0,0,170000,0,0,0,224000,54000,170000,170000
056399,上証2X群益9C購01,0,0,0,0,0,0,0,0,0,170000,0,0,0,180000,10000,170000,170000
056561,台光電群益98購02,0,0,0,0,0,0,0,0,0,170000,0,0,0,227000,57000,170000,170000
054927,帆宣凱基97購01  ,0,0,0,0,0,0,0,0,0,170000,0,0,0,211000,41000,170000,170000
045795,瀚宇博兆豐94購01,0,0,0,0,0,0,0,0,0,170000,0,0,0,170000,0,170000,170000
050699,京鼎凱基96購01  ,0,0,0,0,0,0,0,0,0,170000,0,0,0,180000,10000,170000,170000
048642,聯發科元大94購02,0,0,0,0,0,0,0,0,0,170000,0,0,0,690000,520000,170000,170000
048126,TPK元大94購02   ,0,0,0,0,0,0,0,0,0,170000,0,0,0,170000,0,170000,170000
054356,可成兆豐97購01  ,0,0,0,0,0,0,0,0,0,170000,0,0,0,212000,42000,170000,170000
6257,矽格            ,381000,129000,252000,0,0,0,0,0,0,-82000,0,87000,-87000,12000,7000,5000,170000
4564,元翎            ,275000,105000,170000,0,0,0,0,0,0,0,0,0,0,0,0,0,170000
054566,貿聯群益97購02  ,0,0,0,0,0,0,0,0,0,169000,0,0,0,198000,29000,169000,169000
048026,瑞昱凱基94購01  ,0,0,0,0,0,0,0,0,0,169000,0,0,0,324000,155000,169000,169000
04783P,貿聯元富94售01  ,0,0,0,0,0,0,0,0,0,169000,0,0,0,199000,30000,169000,169000
047824,臺股指凱基93購18,0,0,0,0,0,0,0,0,0,169000,0,0,0,169000,0,169000,169000
05062P,大立光富邦98售03,0,0,0,0,0,0,0,0,0,169000,0,0,0,175000,6000,169000,169000
049707,華通麥證94購02  ,0,0,0,199000,32000,167000,0,0,0,169000,0,0,0,201000,32000,169000,169000
053940,康友元富96購01  ,0,0,0,0,0,0,0,0,0,169000,0,0,0,245000,76000,169000,169000
05884P,旺宏統一96售01  ,0,0,0,0,0,0,0,0,0,169000,0,0,0,289000,120000,169000,169000
054859,鴻海群益97購02  ,0,0,0,0,0,0,0,0,0,168000,0,0,0,168000,0,168000,168000
00635U,元大S&P黃金     ,0,0,0,0,0,0,0,0,0,168000,0,0,0,183000,15000,168000,168000
052895,台積電群益96購04,0,0,0,0,0,0,0,0,0,168000,0,0,0,354000,186000,168000,168000
049240,華通元富94購01  ,0,0,0,0,0,0,0,0,0,167000,0,0,0,299000,132000,167000,167000
052390,聯詠群益95購03  ,0,0,0,0,0,0,0,0,0,167000,0,0,0,211000,44000,167000,167000
055014,達興元富97購01  ,0,0,0,0,0,0,0,0,0,166000,0,0,0,166000,0,166000,166000
056627,訊芯永豐98購01  ,0,0,0,0,0,0,0,0,0,166000,0,0,0,276000,110000,166000,166000
045694,智邦兆豐93購05  ,0,0,0,0,0,0,0,0,0,166000,0,0,0,229000,63000,166000,166000
048860,玉晶光群益96購03,0,0,0,0,0,0,0,0,0,166000,0,0,0,192000,26000,166000,166000
049612,香港反中信96購01,0,0,0,0,0,0,0,0,0,166000,0,0,0,174000,8000,166000,166000
051637,嘉聯益國票96購01,0,0,0,0,0,0,0,0,0,166000,0,0,0,226000,60000,166000,166000
052878,台虹凱基96購01  ,0,0,0,0,0,0,0,0,0,166000,0,0,0,175000,9000,166000,166000
055695,大毅國票98購03  ,0,0,0,0,0,0,0,0,0,165000,0,0,0,220000,55000,165000,165000
046984,友達日盛93購01  ,0,0,0,0,0,0,0,0,0,165000,0,0,0,165000,0,165000,165000
044340,TPK統一93購01   ,0,0,0,0,0,0,0,0,0,165000,0,0,0,165000,0,165000,165000
050709,嘉聯益第一96購01,0,0,0,0,0,0,0,0,0,165000,0,0,0,165000,0,165000,165000
052354,健策群益96購02  ,0,0,0,0,0,0,0,0,0,165000,0,0,0,383000,218000,165000,165000
053484,國巨國票97購03  ,0,0,0,0,0,0,0,0,0,165000,0,0,0,281000,116000,165000,165000
6165,捷泰            ,194000,29000,165000,0,0,0,0,0,0,0,0,0,0,0,0,0,165000
055371,正崴元大97購02  ,0,0,0,0,0,0,0,0,0,164000,0,0,0,317000,153000,164000,164000
048807,崇越中信94購01  ,0,0,0,0,0,0,0,0,0,164000,0,0,0,170000,6000,164000,164000
05031P,台光電元富95售01,0,0,0,0,0,0,0,0,0,164000,0,0,0,284000,120000,164000,164000
04820P,聯茂永豐94售02  ,0,0,0,0,0,0,0,0,0,164000,0,0,0,215000,51000,164000,164000
052935,康友元大96購03  ,0,0,0,0,0,0,0,0,0,164000,0,0,0,351000,187000,164000,164000
052926,旺宏元大98購02  ,0,0,0,0,0,0,0,0,0,164000,0,0,0,218000,54000,164000,164000
06313P,訊芯元富97售01  ,0,0,0,0,0,0,0,0,0,164000,0,0,0,235000,71000,164000,164000
055271,鴻海元大98購03  ,0,0,0,0,0,0,0,0,0,163000,0,0,0,268000,105000,163000,163000
055015,帆宣元富97購01  ,0,0,0,0,0,0,0,0,0,163000,0,0,0,339000,176000,163000,163000
056418,台光電元富98購01,0,0,0,0,0,0,0,0,0,163000,0,0,0,332000,169000,163000,163000
044403,新日興凱基92購01,0,0,0,0,0,0,0,0,0,163000,0,0,0,183000,20000,163000,163000
047004,台積電統一99購01,0,0,0,0,0,0,0,0,0,163000,0,0,0,183000,20000,163000,163000
051086,鴻海元大96購04  ,0,0,0,0,0,0,0,0,0,163000,0,0,0,346000,183000,163000,163000
052794,群創兆豐97購01  ,0,0,0,0,0,0,0,0,0,163000,0,0,0,163000,0,163000,163000
053892,景碩群益96購02  ,0,0,0,0,0,0,0,0,0,163000,0,0,0,213000,50000,163000,163000
06256P,臺股指群益97售09,0,0,0,0,0,0,0,0,0,163000,0,0,0,165000,2000,163000,163000
1717,長興            ,239000,86000,153000,0,0,0,0,0,0,10000,10000,0,10000,0,0,0,163000
2905,三商            ,190000,27000,163000,0,0,0,0,0,0,0,0,0,0,0,0,0,163000
054752,易華電凱基97購02,0,0,0,0,0,0,0,0,0,162000,0,0,0,250000,88000,162000,162000
045162,玉晶光國泰94購04,0,0,0,0,0,0,0,0,0,162000,0,0,0,162000,0,162000,162000
051059,康普群益95購01  ,0,0,0,0,0,0,0,0,0,162000,0,0,0,162000,0,162000,162000
049583,台積電元大95購04,0,0,0,0,0,0,0,0,0,162000,0,0,0,679000,517000,162000,162000
052386,鴻海群益96購02  ,0,0,0,0,0,0,0,0,0,162000,0,0,0,347000,185000,162000,162000
052210,華夏元大95購01  ,0,0,0,0,0,0,0,0,0,162000,0,0,0,200000,38000,162000,162000
055063,玉晶光永豐99購01,0,0,0,0,0,0,0,0,0,161000,0,0,0,233000,72000,161000,161000
04619P,華新統一94售02  ,0,0,0,0,0,0,0,0,0,161000,0,0,0,161000,0,161000,161000
053018,旺宏元富96購02  ,0,0,0,0,0,0,0,0,0,161000,0,0,0,180000,19000,161000,161000
053636,全新永豐96購02  ,0,0,0,0,0,0,0,0,0,161000,0,0,0,161000,0,161000,161000
055402,正文元富97購02  ,0,0,0,0,0,0,0,0,0,160000,0,0,0,176000,16000,160000,160000
05651P,大立光元大97售02,0,0,0,0,0,0,0,0,0,160000,0,0,0,166000,6000,160000,160000
047110,智邦元大93購05  ,0,0,0,0,0,0,0,0,0,160000,0,0,0,190000,30000,160000,160000
03839P,華通統一93售02  ,0,0,0,0,0,0,0,0,0,160000,0,0,0,160000,0,160000,160000
03146P,台灣50群益03售01,0,0,0,0,0,0,0,0,0,160000,0,0,0,170000,10000,160000,160000
051420,康控國票95購05  ,0,0,0,0,0,0,0,0,0,160000,0,0,0,160000,0,160000,160000
051396,健鼎兆豐95購01  ,0,0,0,0,0,0,0,0,0,160000,0,0,0,220000,60000,160000,160000
052793,健鼎兆豐96購01  ,0,0,0,0,0,0,0,0,0,160000,0,0,0,160000,0,160000,160000
051999,勤誠元大95購01  ,0,0,0,0,0,0,0,0,0,160000,0,0,0,170000,10000,160000,160000
05704P,矽力群益96售04  ,0,0,0,0,0,0,0,0,0,160000,0,0,0,194000,34000,160000,160000
05641P,貿聯元富96售02  ,0,0,0,0,0,0,0,0,0,159000,0,0,0,169000,10000,159000,159000
055632,群創永豐98購01  ,0,0,0,0,0,0,0,0,0,159000,0,0,0,182000,23000,159000,159000
052715,可成凱基96購01  ,0,0,0,0,0,0,0,0,0,159000,0,0,0,200000,41000,159000,159000
05437P,聯詠永豐95售02  ,0,0,0,0,0,0,0,0,0,159000,0,0,0,159000,0,159000,159000
06332P,世紀鋼群益98售01,0,0,0,0,0,0,0,0,0,159000,0,0,0,165000,6000,159000,159000
055096,緯穎群益97購01  ,0,0,0,0,0,0,0,0,0,158000,0,0,0,285000,127000,158000,158000
056791,嘉聯益群益98購01,0,0,0,0,0,0,0,0,0,158000,0,0,0,297000,139000,158000,158000
055800,欣興永豐97購02  ,0,0,0,0,0,0,0,0,0,158000,0,0,0,178000,20000,158000,158000
05596P,可成統一96售01  ,0,0,0,0,0,0,0,0,0,158000,0,0,0,158000,0,158000,158000
050677,光寶科統一94購01,0,0,0,0,0,0,0,0,0,158000,0,0,0,161000,3000,158000,158000
051028,台光電元富95購02,0,0,0,0,0,0,0,0,0,158000,0,0,0,524000,366000,158000,158000
053670,台積電統一96購09,0,0,0,0,0,0,0,0,0,158000,0,0,0,230000,72000,158000,158000
053736,友達麥證96購01  ,0,0,0,264000,106000,158000,0,0,0,158000,0,0,0,264000,106000,158000,158000
052855,群創日盛99購01  ,0,0,0,0,0,0,0,0,0,158000,0,0,0,158000,0,158000,158000
055655,群創元富99購07  ,0,0,0,0,0,0,0,0,0,157000,0,0,0,554000,397000,157000,157000
00680L,元大美債20正2   ,0,0,0,0,0,0,0,0,0,157000,0,0,0,157000,0,157000,157000
050005,京鼎永豐94購01  ,0,0,0,0,0,0,0,0,0,157000,0,0,0,167000,10000,157000,157000
052796,和碩兆豐96購01  ,0,0,0,0,0,0,0,0,0,157000,0,0,0,187000,30000,157000,157000
053847,美律元富96購02  ,0,0,0,0,0,0,0,0,0,157000,0,0,0,164000,7000,157000,157000
054000,訊芯群益96購02  ,0,0,0,0,0,0,0,0,0,157000,0,0,0,288000,131000,157000,157000
055454,華邦電元富97購02,0,0,0,0,0,0,0,0,0,156000,0,0,0,165000,9000,156000,156000
056565,欣興群益98購03  ,0,0,0,0,0,0,0,0,0,156000,0,0,0,189000,33000,156000,156000
053284,樺漢元大97購01  ,0,0,0,0,0,0,0,0,0,156000,0,0,0,256000,100000,156000,156000
056694,欣興群益98購04  ,0,0,0,0,0,0,0,0,0,155000,0,0,0,197000,42000,155000,155000
056130,新日興麥證97購01,0,0,0,200000,45000,155000,0,0,0,155000,0,0,0,200000,45000,155000,155000
046466,台虹凱基92購01  ,0,0,0,0,0,0,0,0,0,155000,0,0,0,155000,0,155000,155000
046298,聯發科富邦94購01,0,0,0,0,0,0,0,0,0,155000,0,0,0,388000,233000,155000,155000
047826,台泥元大93購01  ,0,0,0,0,0,0,0,0,0,155000,0,0,0,255000,100000,155000,155000
053983,樺漢元大97購02  ,0,0,0,0,0,0,0,0,0,155000,0,0,0,366000,211000,155000,155000
052505,友達日盛9B購02  ,0,0,0,0,0,0,0,0,0,155000,0,0,0,307000,152000,155000,155000
2316,楠梓電          ,362000,229000,133000,0,0,0,0,0,0,22000,1000,0,1000,29000,8000,21000,155000
056160,智易凱基97購03  ,0,0,0,0,0,0,0,0,0,154000,0,0,0,154000,0,154000,154000
050072,京鼎凱基94購02  ,0,0,0,0,0,0,0,0,0,154000,0,0,0,154000,0,154000,154000
049825,台積電凱基94購26,0,0,0,0,0,0,0,0,0,154000,0,0,0,174000,20000,154000,154000
048829,欣興凱基94購02  ,0,0,0,0,0,0,0,0,0,154000,0,0,0,156000,2000,154000,154000
052593,台積電群益96購02,0,0,0,0,0,0,0,0,0,154000,0,0,0,318000,164000,154000,154000
056149,亞光康和97購01  ,0,0,0,0,0,0,0,0,0,153000,0,0,0,153000,0,153000,153000
055842,建準元大98購01  ,0,0,0,0,0,0,0,0,0,153000,0,0,0,158000,5000,153000,153000
049491,聯發科元大95購01,0,0,0,0,0,0,0,0,0,153000,0,0,0,440000,287000,153000,153000
050512,台泥元大94購01  ,0,0,0,0,0,0,0,0,0,153000,0,0,0,267000,114000,153000,153000
053278,禾伸堂元大96購01,0,0,0,0,0,0,0,0,0,153000,0,0,0,226000,73000,153000,153000
2027,大成鋼          ,251000,212000,39000,0,0,0,0,0,0,114000,53000,10000,43000,127000,56000,71000,153000
056499,鴻海富邦98購02  ,0,0,0,0,0,0,0,0,0,152000,0,0,0,252000,100000,152000,152000
054590,嘉聯益國泰98購01,0,0,0,0,0,0,0,0,0,152000,0,0,0,387000,235000,152000,152000
045634,友達凱基93購02  ,0,0,0,0,0,0,0,0,0,152000,0,0,0,152000,0,152000,152000
04855P,上証2X元富94售02,0,0,0,0,0,0,0,0,0,152000,0,0,0,190000,38000,152000,152000
048527,鴻海國票94購02  ,0,0,0,0,0,0,0,0,0,152000,0,0,0,172000,20000,152000,152000
055343,國巨凱基97購03  ,0,0,0,0,0,0,0,0,0,151000,0,0,0,151000,0,151000,151000
050077,臺股指凱基99購02,0,0,0,0,0,0,0,0,0,151000,0,0,0,160000,9000,151000,151000
052937,國巨兆豐97購01  ,0,0,0,0,0,0,0,0,0,151000,0,0,0,746000,595000,151000,151000
052254,康友永豐95購03  ,0,0,0,0,0,0,0,0,0,151000,0,0,0,217000,66000,151000,151000
052016,神基永豐95購01  ,0,0,0,0,0,0,0,0,0,151000,0,0,0,151000,0,151000,151000
055492,華新科元大97購08,0,0,0,0,0,0,0,0,0,150000,0,0,0,266000,116000,150000,150000
054654,全新麥證99購01  ,0,0,0,150000,0,150000,0,0,0,150000,0,0,0,150000,0,150000,150000
056698,T50反1國泰9A購01,0,0,0,0,0,0,0,0,0,150000,0,0,0,150000,0,150000,150000
055981,臺股指統一97購03,0,0,0,0,0,0,0,0,0,150000,0,0,0,150000,0,150000,150000
048016,啟碁國票94購01  ,0,0,0,0,0,0,0,0,0,150000,0,0,0,150000,0,150000,150000
047481,可成凱基93購08  ,0,0,0,0,0,0,0,0,0,150000,0,0,0,150000,0,150000,150000
03189P,玉晶光元大03售05,0,0,0,0,0,0,0,0,0,150000,0,0,0,171000,21000,150000,150000
043870,光磊元大92購01  ,0,0,0,0,0,0,0,0,0,150000,0,0,0,150000,0,150000,150000
051578,智邦元大96購01  ,0,0,0,0,0,0,0,0,0,150000,0,0,0,300000,150000,150000,150000
04900P,矽格中信94售02  ,0,0,0,0,0,0,0,0,0,150000,0,0,0,150000,0,150000,150000
050865,欣興永豐95購01  ,0,0,0,0,0,0,0,0,0,150000,0,0,0,150000,0,150000,150000
050331,鈺齊永豐94購02  ,0,0,0,0,0,0,0,0,0,150000,0,0,0,150000,0,150000,150000
053687,智邦元大96購02  ,0,0,0,0,0,0,0,0,0,150000,0,0,0,308000,158000,150000,150000
053654,聯發科凱基98購01,0,0,0,0,0,0,0,0,0,150000,0,0,0,180000,30000,150000,150000
054124,達方永豐96購02  ,0,0,0,0,0,0,0,0,0,150000,0,0,0,150000,0,150000,150000
08341P,國泰金台新9C售01,0,0,0,0,0,0,0,0,0,150000,0,0,0,150000,0,150000,150000
05736P,臺股指統一96售06,0,0,0,0,0,0,0,0,0,150000,0,0,0,150000,0,150000,150000
05819P,臺股指凱基96售16,0,0,0,0,0,0,0,0,0,150000,0,0,0,150000,0,150000,150000
056668,光磊國票99購01  ,0,0,0,0,0,0,0,0,0,149000,0,0,0,149000,0,149000,149000
054684,裕隆永豐97購01  ,0,20000,-20000,0,0,0,0,0,0,169000,0,0,0,794000,625000,169000,149000
055725,嘉聯益元大98購03,0,0,0,0,0,0,0,0,0,149000,0,0,0,296000,147000,149000,149000
044013,友達凱基93購01  ,0,0,0,0,0,0,0,0,0,149000,0,0,0,164000,15000,149000,149000
044750,鴻海凱基93購07  ,0,0,0,0,0,0,0,0,0,149000,0,0,0,170000,21000,149000,149000
05359P,嘉澤元大95售02  ,0,0,0,0,0,0,0,0,0,149000,0,0,0,149000,0,149000,149000
06080P,景碩群益98售02  ,0,0,0,0,0,0,0,0,0,149000,0,0,0,180000,31000,149000,149000
054693,神基永豐97購01  ,0,0,0,0,0,0,0,0,0,148000,0,0,0,368000,220000,148000,148000
054754,昇陽半凱基98購02,0,0,0,0,0,0,0,0,0,148000,0,0,0,200000,52000,148000,148000
056683,台積電統一98購05,0,0,0,0,0,0,0,0,0,148000,0,0,0,148000,0,148000,148000
055872,亞泥元富97購01  ,0,0,0,0,0,0,0,0,0,148000,0,0,0,158000,10000,148000,148000
05580P,美律凱基96售03  ,0,0,0,0,0,0,0,0,0,148000,0,0,0,168000,20000,148000,148000
050534,臻鼎兆豐94購01  ,0,0,0,0,0,0,0,0,0,148000,0,0,0,148000,0,148000,148000
047912,台郡麥證94購01  ,0,0,0,330000,182000,148000,0,0,0,148000,0,0,0,330000,182000,148000,148000
054322,國巨台新96購02  ,0,0,0,0,0,0,0,0,0,148000,0,0,0,148000,0,148000,148000
052444,友訊元大95購01  ,0,0,0,0,0,0,0,0,0,148000,0,0,0,148000,0,148000,148000
056007,上銀中信97購02  ,0,0,0,0,0,0,0,0,0,147000,0,0,0,159000,12000,147000,147000
05640P,旺宏元富96售03  ,0,0,0,0,0,0,0,0,0,147000,0,0,0,147000,0,147000,147000
047788,欣興群益93購05  ,0,0,0,0,0,0,0,0,0,147000,0,0,0,885000,738000,147000,147000
045449,嘉聯益國泰94購01,0,0,0,0,0,0,0,0,0,147000,0,0,0,177000,30000,147000,147000
051915,日月光元大96購01,0,0,0,0,0,0,0,0,0,147000,0,0,0,220000,73000,147000,147000
055895,群創統一97購04  ,0,0,0,0,0,0,0,0,0,146000,0,0,0,226000,80000,146000,146000
056206,泰鼎永豐97購01  ,0,0,0,0,0,0,0,0,0,146000,0,0,0,176000,30000,146000,146000
054565,玉晶光群益99購02,0,0,0,0,0,0,0,0,0,146000,0,0,0,208000,62000,146000,146000
050558,台積電統一94購14,0,0,0,0,0,0,0,0,0,146000,0,0,0,196000,50000,146000,146000
051933,嘉聯益國票97購03,0,0,0,0,0,0,0,0,0,146000,0,0,0,146000,0,146000,146000
056235,鴻海群益97購07  ,0,0,0,0,0,0,0,0,0,145000,0,0,0,243000,98000,145000,145000
050521,聯發科元大94購15,0,0,0,0,0,0,0,0,0,145000,0,0,0,189000,44000,145000,145000
047354,訊芯凱基94購01  ,0,0,0,0,0,0,0,0,0,145000,0,0,0,284000,139000,145000,145000
046574,泰鼎國泰94購01  ,0,0,0,0,0,0,0,0,0,145000,0,0,0,245000,100000,145000,145000
05289P,鴻海永豐95售05  ,0,0,0,0,0,0,0,0,0,145000,0,0,0,320000,175000,145000,145000
053830,台積電台新96購02,0,0,0,0,0,0,0,0,0,145000,0,0,0,155000,10000,145000,145000
06115P,台積電統一97售04,0,0,0,0,0,0,0,0,0,145000,0,0,0,145000,0,145000,145000
05745P,富邦金兆豐96售02,0,0,0,0,0,0,0,0,0,145000,0,0,0,195000,50000,145000,145000
2383,台光電          ,1070000,896000,174000,0,0,0,10000,25000,-15000,-14000,192000,126000,66000,16000,96000,-80000,145000
050856,智邦台新95購01  ,0,0,0,0,0,0,0,0,0,144000,0,0,0,182000,38000,144000,144000
05168P,鴻海元大95售14  ,0,0,0,0,0,0,0,0,0,144000,0,0,0,185000,41000,144000,144000
050514,聯電元大94購01  ,0,0,0,0,0,0,0,0,0,144000,0,0,0,145000,1000,144000,144000
050950,健鼎群益96購01  ,0,0,0,0,0,0,0,0,0,143000,0,0,0,154000,11000,143000,143000
051718,上証2X永豐95購01,0,0,0,0,0,0,0,0,0,143000,0,0,0,181000,38000,143000,143000
052178,台郡元大96購03  ,0,0,0,0,0,0,0,0,0,143000,0,0,0,173000,30000,143000,143000
056254,為升元富97購01  ,0,0,0,0,0,0,0,0,0,142000,0,0,0,142000,0,142000,142000
055450,台積電元富97購01,0,0,0,0,0,0,0,0,0,142000,0,0,0,503000,361000,142000,142000
050797,聯發科中信99購01,0,0,0,0,0,0,0,0,0,142000,0,0,0,162000,20000,142000,142000
2913,農林            ,179000,55000,124000,0,0,0,0,0,0,18000,2000,0,2000,16000,0,16000,142000
054950,奇力新元大98購02,0,0,0,0,0,0,0,0,0,141000,0,0,0,141000,0,141000,141000
046858,群創元大94購02  ,0,0,0,0,0,0,0,0,0,141000,0,0,0,669000,528000,141000,141000
04388P,滬深2X凱基95售05,0,0,0,0,0,0,0,0,0,141000,0,0,0,141000,0,141000,141000
041210,群創元富93購01  ,0,0,0,0,0,0,0,0,0,141000,0,0,0,141000,0,141000,141000
00656R,國泰中國A50反1  ,999000,15000,984000,0,0,0,0,0,0,-843000,157000,0,157000,692000,1692000,-1000000,141000
050257,為升元大94購07  ,0,0,0,0,0,0,0,0,0,141000,0,0,0,141000,0,141000,141000
051094,健策元大96購03  ,0,0,0,0,0,0,0,0,0,141000,0,0,0,236000,95000,141000,141000
053133,華邦電國票97購01,0,0,0,0,0,0,0,0,0,141000,0,0,0,171000,30000,141000,141000
054439,健策台新96購03  ,0,0,0,0,0,0,0,0,0,141000,0,0,0,389000,248000,141000,141000
054861,智邦群益97購01  ,0,0,0,0,0,0,0,0,0,140000,0,0,0,216000,76000,140000,140000
055042,得力永豐97購01  ,0,0,0,0,0,0,0,0,0,140000,0,0,0,140000,0,140000,140000
056375,玉晶光統一01購01,0,0,0,0,0,0,0,0,0,140000,0,0,0,150000,10000,140000,140000
056874,友達凱基98購08  ,0,0,0,0,0,0,0,0,0,140000,0,0,0,210000,70000,140000,140000
046081,康舒凱基92購01  ,0,0,0,0,0,0,0,0,0,140000,0,0,0,140000,0,140000,140000
047055,旭富國票93購01  ,0,0,0,0,0,0,0,0,0,140000,0,0,0,160000,20000,140000,140000
047219,美律麥證94購01  ,0,0,0,270000,80000,190000,0,0,0,140000,0,0,0,270000,130000,140000,140000
051468,智邦日盛95購01  ,0,0,0,0,0,0,0,0,0,140000,0,0,0,188000,48000,140000,140000
049040,亞光兆豐95購01  ,0,0,0,0,0,0,0,0,0,140000,0,0,0,144000,4000,140000,140000
054375,貿聯中信99購01  ,0,0,0,0,0,0,0,0,0,140000,0,0,0,140000,0,140000,140000
054090,瑞昱群益97購01  ,0,0,0,0,0,0,0,0,0,140000,0,0,0,161000,21000,140000,140000
1440,南紡            ,221000,61000,160000,0,0,0,0,0,0,-20000,0,20000,-20000,0,0,0,140000
05712P,友達統一97售03  ,0,0,0,0,0,0,0,0,0,140000,0,0,0,160000,20000,140000,140000
056288,健鼎永豐97購01  ,0,0,0,0,0,0,0,0,0,139000,0,0,0,308000,169000,139000,139000
047017,鴻海元大93購08  ,0,0,0,0,0,0,0,0,0,139000,0,0,0,140000,1000,139000,139000
051366,康友國泰97購01  ,0,0,0,0,0,0,0,0,0,139000,0,0,0,636000,497000,139000,139000
053770,元金2X元大98購01,0,15000,-15000,0,0,0,0,0,0,154000,0,0,0,257000,103000,154000,139000
055986,祥碩元富97購01  ,0,0,0,0,0,0,0,0,0,138000,0,0,0,206000,68000,138000,138000
054584,貿聯元富97購01  ,0,0,0,0,0,0,0,0,0,138000,0,0,0,240000,102000,138000,138000
054680,華新科康和97購02,0,0,0,0,0,0,0,0,0,138000,0,0,0,682000,544000,138000,138000
055399,超眾統一99購01  ,0,0,0,0,0,0,0,0,0,138000,0,0,0,148000,10000,138000,138000
046806,瀚宇博元大93購03,0,0,0,0,0,0,0,0,0,138000,0,0,0,200000,62000,138000,138000
050229,鴻海麥證94購02  ,0,0,0,161000,20000,141000,0,0,0,138000,0,0,0,161000,23000,138000,138000
048667,旺宏永豐94購02  ,0,0,0,0,0,0,0,0,0,138000,0,0,0,192000,54000,138000,138000
054628,可成凱基98購01  ,0,0,0,0,0,0,0,0,0,137000,0,0,0,137000,0,137000,137000
054614,玉晶光永豐97購03,0,0,0,0,0,0,0,0,0,137000,0,0,0,263000,126000,137000,137000
055085,大毅國票97購01  ,0,0,0,0,0,0,0,0,0,137000,0,0,0,195000,58000,137000,137000
05692P,聯發科中信9A售02,0,0,0,0,0,0,0,0,0,137000,0,0,0,152000,15000,137000,137000
056765,友達元大9B購05  ,0,0,0,0,0,0,0,0,0,137000,0,0,0,320000,183000,137000,137000
00648R,元大S&P500反1   ,54000,0,54000,0,0,0,0,0,0,83000,0,0,0,219000,136000,83000,137000
053631,欣興兆豐97購01  ,0,0,0,0,0,0,0,0,0,137000,0,0,0,157000,20000,137000,137000
054256,創意元大96購07  ,0,0,0,0,0,0,0,0,0,137000,0,0,0,196000,59000,137000,137000
052225,台積電凱基96購03,0,0,0,0,0,0,0,0,0,137000,0,0,0,137000,0,137000,137000
6120,達運            ,243000,106000,137000,0,0,0,0,0,0,0,3000,0,3000,0,3000,-3000,137000
056289,合勤控永豐97購01,0,0,0,0,0,0,0,0,0,136000,0,0,0,136000,0,136000,136000
056199,美律永豐97購01  ,0,0,0,0,0,0,0,0,0,136000,0,0,0,136000,0,136000,136000
056106,晶相光永豐97購02,0,0,0,0,0,0,0,0,0,136000,0,0,0,136000,0,136000,136000
054866,宏盛群益98購01  ,0,0,0,0,0,0,0,0,0,136000,0,0,0,161000,25000,136000,136000
051664,鴻海元大96購07  ,0,0,0,0,0,0,0,0,0,136000,0,0,0,136000,0,136000,136000
050164,揚明光國泰95購01,0,0,0,0,0,0,0,0,0,136000,0,0,0,136000,0,136000,136000
052289,為升元富95購02  ,0,0,0,0,0,0,0,0,0,136000,0,0,0,246000,110000,136000,136000
05285P,同欣電群益95售02,0,0,0,0,0,0,0,0,0,136000,0,0,0,152000,16000,136000,136000
053424,欣興永豐96購02  ,0,0,0,0,0,0,0,0,0,136000,0,0,0,295000,159000,136000,136000
054577,世芯元大98購01  ,0,0,0,0,0,0,0,0,0,135000,0,0,0,317000,182000,135000,135000
054742,京鼎凱基99購01  ,0,0,0,0,0,0,0,0,0,135000,0,0,0,167000,32000,135000,135000
055261,帆宣統一98購01  ,0,0,0,0,0,0,0,0,0,135000,0,0,0,152000,17000,135000,135000
055200,和大群益98購01  ,0,0,0,0,0,0,0,0,0,135000,0,0,0,149000,14000,135000,135000
055874,中環元富9A購01  ,0,0,0,0,0,0,0,0,0,135000,0,0,0,302000,167000,135000,135000
051000,台郡元大96購01  ,0,0,0,0,0,0,0,0,0,135000,0,0,0,176000,41000,135000,135000
053765,智邦富邦96購01  ,0,0,0,0,0,0,0,0,0,135000,0,0,0,194000,59000,135000,135000
052616,鴻海國泰98購02  ,0,0,0,0,0,0,0,0,0,135000,0,0,0,135000,0,135000,135000
2495,普安            ,146000,11000,135000,0,0,0,0,0,0,0,0,0,0,0,0,0,135000
056584,鴻海統一9B購01  ,0,0,0,0,0,0,0,0,0,134000,0,0,0,186000,52000,134000,134000
050554,百和凱基95購01  ,0,0,0,0,0,0,0,0,0,134000,0,0,0,243000,109000,134000,134000
054580,樺漢元大98購01  ,0,0,0,0,0,0,0,0,0,133000,0,0,0,133000,0,133000,133000
051126,訊連群益95購01  ,0,0,0,0,0,0,0,0,0,133000,0,0,0,458000,325000,133000,133000
048547,訊芯永豐93購03  ,0,0,0,0,0,0,0,0,0,133000,0,0,0,133000,0,133000,133000
5434,崇越            ,107000,108000,-1000,0,0,0,0,0,0,134000,135000,1000,134000,0,0,0,133000
2534,宏盛            ,167600,38000,129600,0,0,0,0,0,0,3000,1000,0,1000,2000,0,2000,132600
041452,滬深2X元富93購01,0,0,0,0,0,0,0,0,0,132000,0,0,0,150000,18000,132000,132000
05036P,義隆元大95售03  ,0,0,0,0,0,0,0,0,0,132000,0,0,0,132000,0,132000,132000
050508,上証2X元大97購01,0,0,0,0,0,0,0,0,0,132000,0,0,0,132000,0,132000,132000
049672,臺股指富邦94購01,0,0,0,0,0,0,0,0,0,132000,0,0,0,132000,0,132000,132000
050834,啟碁凱基95購01  ,0,0,0,0,0,0,0,0,0,132000,0,0,0,183000,51000,132000,132000
3030,德律            ,196000,64000,132000,0,0,0,0,0,0,0,0,0,0,0,0,0,132000
055427,技嘉群益98購01  ,0,0,0,0,0,0,0,0,0,131000,0,0,0,516000,385000,131000,131000
046680,上証反群益95購01,0,0,0,0,0,0,0,0,0,131000,0,0,0,131000,0,131000,131000
04345P,景碩國泰94售02  ,0,0,0,0,0,0,0,0,0,131000,0,0,0,142000,11000,131000,131000
045311,GIS元大94購01   ,0,0,0,0,0,0,0,0,0,131000,0,0,0,131000,0,131000,131000
044396,燿華凱基93購02  ,0,0,0,0,0,0,0,0,0,131000,0,0,0,131000,0,131000,131000
047848,可成統一93購01  ,0,0,0,0,0,0,0,0,0,131000,0,0,0,215000,84000,131000,131000
049843,康友中信95購01  ,0,0,0,0,0,0,0,0,0,131000,0,0,0,197000,66000,131000,131000
053898,康友群益97購01  ,0,0,0,0,0,0,0,0,0,131000,0,0,0,161000,30000,131000,131000
047146,智邦群益93購01  ,0,0,0,0,0,0,0,0,0,130000,0,0,0,130000,0,130000,130000
047380,統一元大93購01  ,0,0,0,0,0,0,0,0,0,130000,0,0,0,141000,11000,130000,130000
049956,國巨統一94購05  ,0,0,0,0,0,0,0,0,0,130000,0,0,0,152000,22000,130000,130000
052115,T50反1國票95購03,0,0,0,0,0,0,0,0,0,130000,0,0,0,248000,118000,130000,130000
048629,滬深2X元大96購04,0,0,0,0,0,0,0,0,0,130000,0,0,0,180000,50000,130000,130000
052041,鴻海日盛95購02  ,0,0,0,0,0,0,0,0,0,130000,0,0,0,130000,0,130000,130000
3576,聯合再生        ,238000,108000,130000,0,0,0,0,0,0,0,0,0,0,0,0,0,130000
055049,智邦永豐97購01  ,0,0,0,0,0,0,0,0,0,129000,0,0,0,264000,135000,129000,129000
055785,祥碩凱基97購02  ,0,0,0,0,0,0,0,0,0,129000,0,0,0,136000,7000,129000,129000
04869P,鴻海元富95售02  ,0,0,0,0,0,0,0,0,0,129000,0,0,0,154000,25000,129000,129000
045685,康控元大95購01  ,0,0,0,0,0,0,0,0,0,129000,0,0,0,134000,5000,129000,129000
053104,台表科元富96購02,0,0,0,0,0,0,0,0,0,129000,0,0,0,129000,0,129000,129000
053753,啟碁永豐96購01  ,0,0,0,0,0,0,0,0,0,129000,0,0,0,182000,53000,129000,129000
06249P,億光統一97售02  ,0,0,0,0,0,0,0,0,0,129000,0,0,0,129000,0,129000,129000
056172,鴻海元富97購11  ,0,0,0,0,0,0,0,0,0,128000,0,0,0,133000,5000,128000,128000
054786,全新群益99購02  ,0,0,0,0,0,0,0,0,0,128000,0,0,0,156000,28000,128000,128000
055176,大毅統一98購02  ,0,0,0,0,0,0,0,0,0,128000,0,0,0,139000,11000,128000,128000
055613,全新國票98購01  ,0,0,0,0,0,0,0,0,0,128000,0,0,0,140000,12000,128000,128000
048056,全新國泰94購02  ,0,0,0,0,0,0,0,0,0,128000,0,0,0,293000,165000,128000,128000
053738,群創麥證96購01  ,0,0,0,129000,1000,128000,0,0,0,128000,0,0,0,129000,1000,128000,128000
053425,京鼎永豐96購01  ,0,0,0,0,0,0,0,0,0,128000,0,0,0,138000,10000,128000,128000
053311,同欣電凱基96購01,0,0,0,0,0,0,0,0,0,128000,0,0,0,140000,12000,128000,128000
054437,欣興台新97購02  ,0,0,0,0,0,0,0,0,0,128000,0,0,0,195000,67000,128000,128000
2103,台橡            ,209000,81000,128000,0,0,0,0,0,0,0,0,0,0,0,0,0,128000
055942,臺股指群益9C購01,0,0,0,0,0,0,0,0,0,127000,0,0,0,193000,66000,127000,127000
056835,聯電元富99購01  ,0,0,0,0,0,0,0,0,0,127000,0,0,0,167000,40000,127000,127000
047109,華邦電元大94購01,0,0,0,0,0,0,0,0,0,127000,0,0,0,128000,1000,127000,127000
5471,松翰            ,148000,22000,126000,0,0,0,0,0,0,1000,1000,0,1000,0,0,0,127000
056181,百和元富97購02  ,0,0,0,0,0,0,0,0,0,126000,0,0,0,129000,3000,126000,126000
056132,台光電元大97購03,0,0,0,0,0,0,0,0,0,126000,0,0,0,146000,20000,126000,126000
047075,群創兆豐93購01  ,0,0,0,0,0,0,0,0,0,126000,0,0,0,126000,0,126000,126000
046184,台光電凱基93購08,0,0,0,0,0,0,0,0,0,126000,0,0,0,126000,0,126000,126000
051448,聯詠元大95購02  ,0,0,0,0,0,0,0,0,0,126000,0,0,0,155000,29000,126000,126000
053864,義隆元大96購01  ,0,0,0,0,0,0,0,0,0,126000,0,0,0,190000,64000,126000,126000
052163,康舒永豐95購02  ,0,0,0,0,0,0,0,0,0,126000,0,0,0,136000,10000,126000,126000
056351,鴻海元大98購06  ,0,0,0,0,0,0,0,0,0,125000,0,0,0,215000,90000,125000,125000
055928,南亞科群益97購02,0,0,0,0,0,0,0,0,0,125000,0,0,0,131000,6000,125000,125000
055540,京鼎台新97購01  ,0,0,0,0,0,0,0,0,0,125000,0,0,0,163000,38000,125000,125000
054922,文曄凱基98購01  ,0,0,0,0,0,0,0,0,0,125000,0,0,0,138000,13000,125000,125000
047640,聯發科元大93購17,0,0,0,0,0,0,0,0,0,125000,0,0,0,135000,10000,125000,125000
047182,智邦元大93購07  ,0,0,0,0,0,0,0,0,0,125000,0,0,0,137000,12000,125000,125000
047548,友達凱基99購03  ,0,0,0,0,0,0,0,0,0,125000,0,0,0,125000,0,125000,125000
043344,可成富邦93購01  ,0,0,0,0,0,0,0,0,0,125000,0,0,0,125000,0,125000,125000
04511P,臺股指元大94售06,0,0,0,0,0,0,0,0,0,125000,0,0,0,145000,20000,125000,125000
05095P,景碩元大95售01  ,0,0,0,0,0,0,0,0,0,125000,0,0,0,125000,0,125000,125000
049325,智邦元富94購02  ,0,0,0,0,0,0,0,0,0,125000,0,0,0,345000,220000,125000,125000
051311,瑞昱麥證95購01  ,0,0,0,365000,251000,114000,0,0,0,125000,0,0,0,376000,251000,125000,125000
051755,台積電元大96購08,0,0,0,0,0,0,0,0,0,125000,0,0,0,185000,60000,125000,125000
06175P,台積電元大97售21,0,0,0,0,0,0,0,0,0,125000,0,0,0,174000,49000,125000,125000
054678,麗豐台新98購02  ,0,0,0,0,0,0,0,0,0,124000,0,0,0,144000,20000,124000,124000
044433,華新科元大92購06,0,0,0,0,0,0,0,0,0,124000,0,0,0,150000,26000,124000,124000
050785,全新國泰96購01  ,0,0,0,0,0,0,0,0,0,124000,0,0,0,192000,68000,124000,124000
051907,台積電元大97購05,0,0,0,0,0,0,0,0,0,124000,0,0,0,230000,106000,124000,124000
054412,智邦元大96購03  ,0,0,0,0,0,0,0,0,0,124000,0,0,0,201000,77000,124000,124000
055633,牧德永豐97購02  ,0,0,0,0,0,0,0,0,0,123000,0,0,0,123000,0,123000,123000
056244,群創群益98購09  ,0,0,0,0,0,0,0,0,0,123000,0,0,0,446000,323000,123000,123000
049407,台積電日盛94購02,0,0,0,0,0,0,0,0,0,123000,0,0,0,123000,0,123000,123000
048797,美律國泰95購02  ,0,0,0,0,0,0,0,0,0,123000,0,0,0,168000,45000,123000,123000
056883,美食康和98購01  ,0,0,0,0,0,0,0,0,0,122000,0,0,0,299000,177000,122000,122000
055083,康友中信97購01  ,0,0,0,0,0,0,0,0,0,122000,0,0,0,122000,0,122000,122000
050346,康友元富94購03  ,0,0,0,0,0,0,0,0,0,122000,0,0,0,125000,3000,122000,122000
048431,瑞昱國票94購01  ,0,0,0,0,0,0,0,0,0,122000,0,0,0,130000,8000,122000,122000
054346,世芯國票97購01  ,0,0,0,0,0,0,0,0,0,122000,0,0,0,225000,103000,122000,122000
054192,國巨中信98購01  ,0,0,0,0,0,0,0,0,0,122000,0,0,0,232000,110000,122000,122000
053161,康友元大96購04  ,0,0,0,0,0,0,0,0,0,122000,0,0,0,277000,155000,122000,122000
055849,聯詠元大97購05  ,0,0,0,0,0,0,0,0,0,121000,0,0,0,163000,42000,121000,121000
049143,智邦元大94購02  ,0,0,0,0,0,0,0,0,0,121000,0,0,0,239000,118000,121000,121000
053941,國巨國泰96購05  ,0,0,0,0,0,0,0,0,0,121000,0,0,0,386000,265000,121000,121000
054445,技嘉兆豐96購01  ,0,0,0,0,0,0,0,0,0,121000,0,0,0,268000,147000,121000,121000
06019P,緯穎凱基96售03  ,0,0,0,0,0,0,0,0,0,121000,0,0,0,126000,5000,121000,121000
056717,康友永豐98購01  ,0,0,0,0,0,0,0,0,0,120000,0,0,0,229000,109000,120000,120000
056528,為升凱基98購01  ,0,0,0,0,0,0,0,0,0,120000,0,0,0,120000,0,120000,120000
054916,聯發科凱基98購04,0,0,0,0,0,0,0,0,0,120000,0,0,0,220000,100000,120000,120000
054957,興富發元大97購01,0,0,0,0,0,0,0,0,0,120000,0,0,0,170000,50000,120000,120000
054601,奇鋐台新98購01  ,0,0,0,0,0,0,0,0,0,120000,0,0,0,130000,10000,120000,120000
055151,台積電元大98購05,0,0,0,0,0,0,0,0,0,120000,0,0,0,802000,682000,120000,120000
04313P,國巨元富95售03  ,0,0,0,0,0,0,0,0,0,120000,0,0,0,150000,30000,120000,120000
049584,台積電元大96購04,0,0,0,0,0,0,0,0,0,120000,0,0,0,331000,211000,120000,120000
051439,川湖元大95購01  ,0,0,0,0,0,0,0,0,0,120000,0,0,0,149000,29000,120000,120000
053971,聯發科元大97購09,0,0,0,0,0,0,0,0,0,120000,0,0,0,130000,10000,120000,120000
052931,麗豐元大97購01  ,0,0,0,0,0,0,0,0,0,120000,0,0,0,120000,0,120000,120000
052043,瑞昱日盛95購01  ,0,0,0,0,0,0,0,0,0,120000,0,0,0,439000,319000,120000,120000
052379,鈺齊元大95購04  ,0,0,0,0,0,0,0,0,0,120000,0,0,0,130000,10000,120000,120000
2511,太子            ,165532,56000,109532,0,0,0,0,0,0,10000,10000,0,10000,0,0,0,119532
055490,台光電元大97購01,0,0,0,0,0,0,0,0,0,119000,0,0,0,139000,20000,119000,119000
054674,台光電台新97購01,0,0,0,0,0,0,0,0,0,119000,0,0,0,120000,1000,119000,119000
055089,金寶群益98購01  ,0,0,0,0,0,0,0,0,0,119000,0,0,0,264000,145000,119000,119000
04646P,TPK凱基94售03   ,0,0,0,0,0,0,0,0,0,119000,0,0,0,120000,1000,119000,119000
048614,欣興凱基93購05  ,0,0,0,0,0,0,0,0,0,119000,0,0,0,119000,0,119000,119000
052228,聯發科凱基96購06,0,0,0,0,0,0,0,0,0,119000,0,0,0,136000,17000,119000,119000
052589,群創永豐97購01  ,0,0,0,0,0,0,0,0,0,119000,0,0,0,119000,0,119000,119000
9907,統一實          ,157000,38000,119000,0,0,0,0,0,0,0,0,0,0,0,0,0,119000
054833,京鼎中信97購01  ,0,0,0,0,0,0,0,0,0,118000,0,0,0,120000,2000,118000,118000
055875,光罩元富97購02  ,0,0,0,0,0,0,0,0,0,118000,0,0,0,138000,20000,118000,118000
046933,台泥元富93購01  ,0,0,0,0,0,0,0,0,0,118000,0,0,0,196000,78000,118000,118000
053252,華邦電國泰98購01,0,0,0,0,0,0,0,0,0,118000,0,0,0,118000,0,118000,118000
06039P,亞光台新96售03  ,0,0,0,0,0,0,0,0,0,118000,0,0,0,118000,0,118000,118000
054952,大毅元大97購02  ,0,0,0,0,0,0,0,0,0,117000,0,0,0,120000,3000,117000,117000
055013,訊連元富97購01  ,0,0,0,0,0,0,0,0,0,117000,0,0,0,670000,553000,117000,117000
05497P,聯詠統一96售01  ,0,0,0,0,0,0,0,0,0,117000,0,0,0,187000,70000,117000,117000
046949,群創元大99購01  ,0,0,0,0,0,0,0,0,0,117000,0,0,0,370000,253000,117000,117000
046656,華邦電元大93購02,0,0,0,0,0,0,0,0,0,117000,0,0,0,117000,0,117000,117000
052355,為升永豐95購02  ,0,0,0,0,0,0,0,0,0,117000,0,0,0,237000,120000,117000,117000
05491P,茂林元大95售04  ,0,0,0,0,0,0,0,0,0,116000,0,0,0,391000,275000,116000,116000
054883,億光統一97購01  ,0,0,0,0,0,0,0,0,0,116000,0,0,0,156000,40000,116000,116000
054641,祥碩中信98購01  ,0,0,0,0,0,0,0,0,0,116000,0,0,0,146000,30000,116000,116000
056767,大毅元大99購01  ,0,0,0,0,0,0,0,0,0,116000,0,0,0,363000,247000,116000,116000
047830,智邦元大93購08  ,0,0,0,0,0,0,0,0,0,116000,0,0,0,315000,199000,116000,116000
047895,台積電群益94購04,0,0,0,0,0,0,0,0,0,116000,0,0,0,389000,273000,116000,116000
050855,華通台新95購01  ,0,0,0,0,0,0,0,0,0,116000,0,0,0,116000,0,116000,116000
051645,光寶科永豐95購01,0,0,0,0,0,0,0,0,0,116000,0,0,0,206000,90000,116000,116000
051630,力山國票96購01  ,0,0,0,0,0,0,0,0,0,116000,0,0,0,116000,0,116000,116000
052148,康友群益95購03  ,0,0,0,0,0,0,0,0,0,116000,0,0,0,136000,20000,116000,116000
053353,玉晶光兆豐97購03,0,0,0,0,0,0,0,0,0,116000,0,0,0,134000,18000,116000,116000
054304,台積電凱基96購23,0,0,0,0,0,0,0,0,0,116000,0,0,0,116000,0,116000,116000
06460P,亞德客元富98售02,0,0,0,0,0,0,0,0,0,116000,0,0,0,116000,0,116000,116000
06467P,旺宏統一98售01  ,0,0,0,0,0,0,0,0,0,116000,0,0,0,116000,0,116000,116000
3535,晶彩科          ,139000,23000,116000,0,0,0,0,0,0,0,0,0,0,0,0,0,116000
054960,新日興元大97購02,0,0,0,0,0,0,0,0,0,115000,0,0,0,222000,107000,115000,115000
055124,建準兆豐97購01  ,0,0,0,0,0,0,0,0,0,115000,0,0,0,115000,0,115000,115000
04754P,宏達電元富94售02,0,0,0,0,0,0,0,0,0,115000,0,0,0,120000,5000,115000,115000
04649P,臺股指凱基94售08,0,0,0,0,0,0,0,0,0,115000,0,0,0,115000,0,115000,115000
051137,聯詠永豐95購01  ,0,0,0,0,0,0,0,0,0,115000,0,0,0,125000,10000,115000,115000
052846,智邦統一97購01  ,0,0,0,0,0,0,0,0,0,115000,0,0,0,115000,0,115000,115000
06377P,華通統一97售04  ,0,0,0,0,0,0,0,0,0,115000,0,0,0,120000,5000,115000,115000
06395P,台積電元大97售29,0,0,0,0,0,0,0,0,0,115000,0,0,0,215000,100000,115000,115000
055628,旺宏永豐97購01  ,0,0,0,0,0,0,0,0,0,114000,0,0,0,138000,24000,114000,114000
055717,聯發科元大97購19,0,0,0,0,0,0,0,0,0,114000,0,0,0,402000,288000,114000,114000
056440,智邦凱基98購03  ,0,0,0,0,0,0,0,0,0,114000,0,0,0,214000,100000,114000,114000
043390,康控元大93購01  ,0,0,0,0,0,0,0,0,0,114000,0,0,0,114000,0,114000,114000
04256P,美律國票93售03  ,0,0,0,0,0,0,0,0,0,114000,0,0,0,114000,0,114000,114000
044995,大立光國泰94購01,0,0,0,0,0,0,0,0,0,114000,0,0,0,165000,51000,114000,114000
050860,喬山永豐95購01  ,0,0,0,0,0,0,0,0,0,114000,0,0,0,114000,0,114000,114000
054022,南亞康和96購01  ,0,0,0,0,0,0,0,0,0,114000,0,0,0,154000,40000,114000,114000
053619,和碩群益96購01  ,0,0,0,0,0,0,0,0,0,114000,0,0,0,136000,22000,114000,114000
2442,新美齊          ,134000,20000,114000,0,0,0,0,0,0,0,0,0,0,0,0,0,114000
055777,冠德凱基97購01  ,0,0,0,0,0,0,0,0,0,113000,0,0,0,145000,32000,113000,113000
048427,百和元富95購01  ,0,0,0,0,0,0,0,0,0,113000,0,0,0,149000,36000,113000,113000
050252,聯發科國泰95購01,0,0,0,0,0,0,0,0,0,113000,0,0,0,335000,222000,113000,113000
050982,台積電國泰96購04,0,0,0,0,0,0,0,0,0,113000,0,0,0,116000,3000,113000,113000
2723,美食-KY         ,481000,390000,91000,0,0,0,0,0,0,22000,0,0,0,40000,18000,22000,113000
3596,智易            ,304000,140000,164000,0,0,0,0,45000,-45000,-6000,1000,6000,-5000,15000,16000,-1000,113000
055081,健鼎中信97購01  ,0,0,0,0,0,0,0,0,0,112000,0,0,0,117000,5000,112000,112000
053697,臻鼎元大96購02  ,0,0,0,0,0,0,0,0,0,112000,0,0,0,147000,35000,112000,112000
053249,致伸國票97購02  ,0,0,0,0,0,0,0,0,0,112000,0,0,0,112000,0,112000,112000
052929,可成元大96購02  ,0,0,0,0,0,0,0,0,0,112000,0,0,0,112000,0,112000,112000
06187P,國巨統一97售05  ,0,0,0,0,0,0,0,0,0,112000,0,0,0,112000,0,112000,112000
6669,緯穎            ,663854,457000,206854,0,0,0,35000,125000,-90000,-5000,28000,70000,-42000,46000,9000,37000,111854
055280,智邦元大97購01  ,0,0,0,0,0,0,0,0,0,111000,0,0,0,207000,96000,111000,111000
045362,A50正2兆豐93購02,0,0,0,0,0,0,0,0,0,111000,0,0,0,116000,5000,111000,111000
047928,禾伸堂凱基93購04,0,0,0,0,0,0,0,0,0,111000,0,0,0,151000,40000,111000,111000
051678,鈺齊元大95購02  ,0,0,0,0,0,0,0,0,0,111000,0,0,0,112000,1000,111000,111000
051101,台表科元大96購02,0,0,0,0,0,0,0,0,0,111000,0,0,0,112000,1000,111000,111000
054226,燿華元富96購02  ,0,0,0,0,0,0,0,0,0,111000,0,0,0,126000,15000,111000,111000
054973,台郡元大98購02  ,0,0,0,0,0,0,0,0,0,110000,0,0,0,171000,61000,110000,110000
054543,元金2X中信01購01,0,0,0,0,0,0,0,0,0,110000,0,0,0,110000,0,110000,110000
054733,鴻海凱基98購04  ,0,0,0,0,0,0,0,0,0,110000,0,0,0,110000,0,110000,110000
05606P,TPK國票97售02   ,0,0,0,0,0,0,0,0,0,110000,0,0,0,110000,0,110000,110000
056464,臺股指凱基99購06,0,0,0,0,0,0,0,0,0,110000,0,0,0,110000,0,110000,110000
047866,得力永豐93購01  ,0,0,0,0,0,0,0,0,0,110000,0,0,0,110000,0,110000,110000
046707,友達康和93購01  ,0,0,0,0,0,0,0,0,0,110000,0,0,0,120000,10000,110000,110000
041602,T50反1台新93購01,0,0,0,0,0,0,0,0,0,110000,0,0,0,110000,0,110000,110000
050674,瑞昱富邦94購02  ,0,0,0,0,0,0,0,0,0,110000,0,0,0,121000,11000,110000,110000
048335,和大元大93購03  ,0,0,0,0,0,0,0,0,0,110000,0,0,0,110000,0,110000,110000
051651,易華電永豐95購01,0,0,0,0,0,0,0,0,0,110000,0,0,0,110000,0,110000,110000
051707,欣興群益95購02  ,0,0,0,0,0,0,0,0,0,110000,0,0,0,121000,11000,110000,110000
051643,瑞昱康和95購01  ,0,0,0,0,0,0,0,0,0,110000,0,0,0,117000,7000,110000,110000
051580,宏碁元大95購02  ,0,0,0,0,0,0,0,0,0,110000,0,0,0,110000,0,110000,110000
048240,嘉聯益國票94購03,0,0,0,0,0,0,0,0,0,110000,0,0,0,115000,5000,110000,110000
050985,易華電國泰96購02,0,0,0,0,0,0,0,0,0,110000,0,0,0,110000,0,110000,110000
049390,元油2X中信96購01,0,0,0,0,0,0,0,0,0,110000,0,0,0,110000,0,110000,110000
053257,華通富邦97購01  ,0,0,0,0,0,0,0,0,0,110000,0,0,0,110000,0,110000,110000
053863,聯發科元大96購18,0,0,0,0,0,0,0,0,0,110000,0,0,0,170000,60000,110000,110000
052270,力成日盛95購01  ,0,0,0,0,0,0,0,0,0,110000,0,0,0,110000,0,110000,110000
05803P,臺股指兆豐96售03,0,0,0,0,0,0,0,0,0,110000,0,0,0,110000,0,110000,110000
056143,訊芯元大97購04  ,0,0,0,0,0,0,0,0,0,109000,0,0,0,144000,35000,109000,109000
055995,華擎國泰99購01  ,0,0,0,0,0,0,0,0,0,109000,0,0,0,134000,25000,109000,109000
054825,康友元大97購01  ,0,0,0,0,0,0,0,0,0,109000,0,0,0,159000,50000,109000,109000
05520P,聯詠凱基96售01  ,0,0,0,0,0,0,0,0,0,109000,0,0,0,110000,1000,109000,109000
046506,全新元大92購05  ,0,0,0,0,0,0,0,0,0,109000,0,0,0,109000,0,109000,109000
049888,智邦國泰96購01  ,0,0,0,0,0,0,0,0,0,109000,0,0,0,159000,50000,109000,109000
049906,光寶科元大94購03,0,0,0,0,0,0,0,0,0,109000,0,0,0,111000,2000,109000,109000
049118,元油2X元富94購03,0,0,0,0,0,0,0,0,0,109000,0,0,0,142000,33000,109000,109000
053034,上海銀兆豐96購01,0,0,0,0,0,0,0,0,0,109000,0,0,0,121000,12000,109000,109000
2850,新產            ,148000,39000,109000,0,0,0,0,0,0,0,0,0,0,0,0,0,109000
055306,燿華群益97購01  ,0,0,0,0,0,0,0,0,0,108000,0,0,0,108000,0,108000,108000
055890,鴻海統一99購01  ,0,0,0,0,0,0,0,0,0,108000,0,0,0,118000,10000,108000,108000
042387,台積電永昌93購02,0,0,0,0,0,0,0,0,0,108000,0,0,0,109000,1000,108000,108000
046716,欣興國泰93購03  ,0,0,0,0,0,0,0,0,0,108000,0,0,0,118000,10000,108000,108000
049697,群創元大98購01  ,0,0,0,0,0,0,0,0,0,108000,0,0,0,464000,356000,108000,108000
049745,國巨永豐94購04  ,0,0,0,0,0,0,0,0,0,108000,0,0,0,264000,156000,108000,108000
051704,智邦群益95購02  ,0,0,0,0,0,0,0,0,0,108000,0,0,0,155000,47000,108000,108000
053150,聯發科元大96購11,0,0,0,0,0,0,0,0,0,108000,0,0,0,118000,10000,108000,108000
052134,智邦凱基95購09  ,0,0,0,0,0,0,0,0,0,108000,0,0,0,224000,116000,108000,108000
053786,新日興元大96購02,0,0,0,0,0,0,0,0,0,108000,0,0,0,120000,12000,108000,108000
05761P,嘉澤永豐96售01  ,0,0,0,0,0,0,0,0,0,108000,0,0,0,135000,27000,108000,108000
06145P,華新科永豐97售02,0,0,0,0,0,0,0,0,0,108000,0,0,0,118000,10000,108000,108000
055553,聯發科凱基97購05,0,0,0,0,0,0,0,0,0,107000,0,0,0,126000,19000,107000,107000
054777,昇陽半國票98購01,0,0,0,0,0,0,0,0,0,107000,0,0,0,129000,22000,107000,107000
047213,新日興富邦97購01,0,0,0,0,0,0,0,0,0,107000,0,0,0,348000,241000,107000,107000
048484,大立光國泰95購02,0,0,0,0,0,0,0,0,0,107000,0,0,0,131000,24000,107000,107000
048856,高鐵群益94購01  ,0,0,0,0,0,0,0,0,0,107000,0,0,0,118000,11000,107000,107000
053410,啟碁兆豐96購01  ,0,0,0,0,0,0,0,0,0,107000,0,0,0,107000,0,107000,107000
053888,和大群益97購01  ,0,0,0,0,0,0,0,0,0,107000,0,0,0,132000,25000,107000,107000
052132,旺宏凱基9B購01  ,0,0,0,0,0,0,0,0,0,107000,0,0,0,109000,2000,107000,107000
052860,旺宏凱基96購03  ,0,0,0,0,0,0,0,0,0,107000,0,0,0,165000,58000,107000,107000
046889,燿華群益93購02  ,0,0,0,0,0,0,0,0,0,106000,0,0,0,106000,0,106000,106000
048286,滬深2X兆豐94購04,0,0,0,0,0,0,0,0,0,106000,0,0,0,106000,0,106000,106000
054146,康友元大96購06  ,0,0,0,0,0,0,0,0,0,106000,0,0,0,167000,61000,106000,106000
054119,燿華永豐96購05  ,0,0,0,0,0,0,0,0,0,106000,0,0,0,106000,0,106000,106000
054112,台積電麥證96購02,0,0,0,249000,143000,106000,0,0,0,106000,0,0,0,249000,143000,106000,106000
053404,致新群益96購01  ,0,0,0,0,0,0,0,0,0,106000,0,0,0,257000,151000,106000,106000
055976,台積電統一99購03,0,0,0,0,0,0,0,0,0,105000,0,0,0,203000,98000,105000,105000
047522,微星元大93購02  ,0,0,0,0,0,0,0,0,0,105000,0,0,0,105000,0,105000,105000
047460,富邦金群益95購01,0,0,0,0,0,0,0,0,0,105000,0,0,0,105000,0,105000,105000
044817,可成兆豐93購01  ,0,0,0,0,0,0,0,0,0,105000,0,0,0,205000,100000,105000,105000
048627,T50反1元大96購02,0,0,0,0,0,0,0,0,0,105000,0,0,0,150000,45000,105000,105000
048812,上証2X凱基96購01,0,0,0,0,0,0,0,0,0,105000,0,0,0,105000,0,105000,105000
050862,燿華永豐95購04  ,0,0,0,0,0,0,0,0,0,105000,0,0,0,105000,0,105000,105000
050333,鴻海國泰96購06  ,0,0,0,0,0,0,0,0,0,105000,0,0,0,115000,10000,105000,105000
053232,友達永豐97購02  ,0,0,0,0,0,0,0,0,0,105000,0,0,0,190000,85000,105000,105000
8104,錸寶            ,117000,12000,105000,0,0,0,0,0,0,0,0,0,0,0,0,0,105000
056380,麗豐元富98購01  ,0,0,0,0,0,0,0,0,0,104000,0,0,0,314000,210000,104000,104000
04378P,大立光元大94售05,0,0,0,0,0,0,0,0,0,104000,0,0,0,104000,0,104000,104000
046208,滬深2X元富95購03,0,0,0,0,0,0,0,0,0,104000,0,0,0,104000,0,104000,104000
048794,易華電元大97購01,0,0,0,0,0,0,0,0,0,104000,0,0,0,114000,10000,104000,104000
048979,晶相光元大94購03,0,0,0,0,0,0,0,0,0,104000,0,0,0,254000,150000,104000,104000
049284,瑞昱中信94購02  ,0,0,0,0,0,0,0,0,0,104000,0,0,0,104000,0,104000,104000
04993P,上銀兆豐96售01  ,0,0,0,0,0,0,0,0,0,104000,0,0,0,119000,15000,104000,104000
053098,國巨元富96購04  ,0,0,0,0,0,0,0,0,0,104000,0,0,0,477000,373000,104000,104000
05757P,旺宏永豐96售03  ,0,0,0,0,0,0,0,0,0,104000,0,0,0,104000,0,104000,104000
055474,欣興凱基97購05  ,0,0,0,0,0,0,0,0,0,103000,0,0,0,236000,133000,103000,103000
047239,瀚宇博凱基94購01,0,0,0,0,0,0,0,0,0,103000,0,0,0,190000,87000,103000,103000
049488,智邦元大95購01  ,0,0,0,0,0,0,0,0,0,103000,0,0,0,167000,64000,103000,103000
03085P,台積電元大01售34,0,0,0,0,0,0,0,0,0,103000,0,0,0,103000,0,103000,103000
049720,欣興凱基94購05  ,0,0,0,0,0,0,0,0,0,103000,0,0,0,104000,1000,103000,103000
050742,新日興永豐94購01,0,0,0,0,0,0,0,0,0,103000,0,0,0,492000,389000,103000,103000
052591,康友永豐97購01  ,0,0,0,0,0,0,0,0,0,103000,0,0,0,125000,22000,103000,103000
06468P,華新科統一98售02,0,0,0,0,0,0,0,0,0,103000,0,0,0,125000,22000,103000,103000
054837,欣興第一97購01  ,0,0,0,0,0,0,0,0,0,102000,0,0,0,102000,0,102000,102000
056070,新日興元大97購04,0,0,0,0,0,0,0,0,0,102000,0,0,0,373000,271000,102000,102000
00641R,富邦日本反1     ,102000,0,102000,0,0,0,0,0,0,0,0,0,0,100000,100000,0,102000
03643C,臺股指元富99牛04,0,0,0,0,0,0,0,0,0,102000,0,0,0,130000,28000,102000,102000
047780,友達中信96購01  ,0,0,0,0,0,0,0,0,0,102000,0,0,0,122000,20000,102000,102000
047559,彩晶凱基94購03  ,0,0,0,0,0,0,0,0,0,102000,0,0,0,102000,0,102000,102000
04974P,聯發科凱基96售02,0,0,0,0,0,0,0,0,0,102000,0,0,0,152000,50000,102000,102000
050220,台積電元富96購01,0,0,0,0,0,0,0,0,0,102000,0,0,0,120000,18000,102000,102000
050149,東元群益94購01  ,0,0,0,0,0,0,0,0,0,102000,0,0,0,200000,98000,102000,102000
052179,康友元大95購03  ,0,0,0,0,0,0,0,0,0,102000,0,0,0,372000,270000,102000,102000
053495,聯發科兆豐96購02,0,0,0,0,0,0,0,0,0,102000,0,0,0,108000,6000,102000,102000
8163,達方            ,225000,120000,105000,0,0,0,0,0,0,-3000,9000,13000,-4000,7000,6000,1000,102000
054813,鴻海元大97購09  ,0,0,0,0,0,0,0,0,0,101000,0,0,0,571000,470000,101000,101000
055713,國巨元大98購09  ,0,0,0,0,0,0,0,0,0,101000,0,0,0,240000,139000,101000,101000
055140,晶相光永豐97購01,0,0,0,0,0,0,0,0,0,101000,0,0,0,111000,10000,101000,101000
055278,旺宏元大98購05  ,0,0,0,0,0,0,0,0,0,101000,0,0,0,438000,337000,101000,101000
046476,鴻海統一96購01  ,0,0,0,0,0,0,0,0,0,101000,0,0,0,328000,227000,101000,101000
047925,可成凱基94購01  ,0,0,0,0,0,0,0,0,0,101000,0,0,0,101000,0,101000,101000
03736P,南電元大93售02  ,0,0,0,0,0,0,0,0,0,101000,0,0,0,101000,0,101000,101000
054240,訊芯群益96購03  ,0,0,0,0,0,0,0,0,0,101000,0,0,0,157000,56000,101000,101000
05239P,欣興永豐95售03  ,0,0,0,0,0,0,0,0,0,101000,0,0,0,101000,0,101000,101000
055299,康友元大97購02  ,0,0,0,0,0,0,0,0,0,100000,0,0,0,170000,70000,100000,100000
054888,泰碩統一97購01  ,0,0,0,0,0,0,0,0,0,100000,0,0,0,120000,20000,100000,100000
054902,億光康和97購01  ,0,0,0,0,0,0,0,0,0,100000,0,0,0,170000,70000,100000,100000
05492P,聯茂元大95售02  ,0,0,0,0,0,0,0,0,0,100000,0,0,0,147000,47000,100000,100000
056136,京鼎元大98購01  ,0,0,0,0,0,0,0,0,0,100000,0,0,0,100000,0,100000,100000
056267,文曄統一97購02  ,0,0,0,0,0,0,0,0,0,100000,0,0,0,100000,0,100000,100000
056369,彩晶元大01購01  ,0,0,0,0,0,0,0,0,0,100000,0,0,0,100000,0,100000,100000
055913,中信金凱基97購01,0,0,0,0,0,0,0,0,0,100000,0,0,0,100000,0,100000,100000
056588,聯發科統一9A購02,0,0,0,0,0,0,0,0,0,100000,0,0,0,235000,135000,100000,100000
056659,泰碩元大99購01  ,0,0,0,0,0,0,0,0,0,100000,0,0,0,100000,0,100000,100000
056707,鴻海富邦99購03  ,0,0,0,0,0,0,0,0,0,100000,0,0,0,215000,115000,100000,100000
042679,群創元大92購02  ,0,0,0,0,0,0,0,0,0,100000,0,0,0,100000,0,100000,100000
045207,智易國泰93購02  ,0,0,0,0,0,0,0,0,0,100000,0,0,0,100000,0,100000,100000
045165,台虹國泰93購01  ,0,0,0,0,0,0,0,0,0,100000,0,0,0,200000,100000,100000,100000
044875,玉晶光統一93購01,0,0,0,0,0,0,0,0,0,100000,0,0,0,112000,12000,100000,100000
03967P,聯發科國票93售04,0,0,0,0,0,0,0,0,0,100000,0,0,0,100000,0,100000,100000
03039P,玉晶光國票02售04,0,0,0,0,0,0,0,0,0,100000,0,0,0,250000,150000,100000,100000
047778,美利達元大93購01,0,0,0,0,0,0,0,0,0,100000,0,0,0,100000,0,100000,100000
047750,開發金元富93購01,0,0,0,0,0,0,0,0,0,100000,0,0,0,100000,0,100000,100000
044722,滬深2X永豐93購01,0,0,0,0,0,0,0,0,0,100000,0,0,0,100000,0,100000,100000
044675,廣宇凱基93購02  ,0,0,0,0,0,0,0,0,0,100000,0,0,0,100000,0,100000,100000
04459P,元油2X元富94售08,0,0,0,0,0,0,0,0,0,100000,0,0,0,101000,1000,100000,100000
044428,卜蜂富邦92購01  ,0,0,0,0,0,0,0,0,0,100000,0,0,0,100000,0,100000,100000
04457P,同欣電統一94售01,0,0,0,0,0,0,0,0,0,100000,0,0,0,100000,0,100000,100000
04376P,漢唐元大94售04  ,0,0,0,0,0,0,0,0,0,100000,0,0,0,108000,8000,100000,100000
045258,漢唐凱基93購01  ,0,0,0,0,0,0,0,0,0,100000,0,0,0,100000,0,100000,100000
043460,台積電元大93購01,0,0,0,0,0,0,0,0,0,100000,0,0,0,100000,0,100000,100000
045480,滬深2X中信94購01,0,0,0,0,0,0,0,0,0,100000,0,0,0,100000,0,100000,100000
047904,臺指反元大96購01,0,0,0,0,0,0,0,0,0,100000,0,0,0,200000,100000,100000,100000
047620,貿聯凱基93購01  ,0,0,0,0,0,0,0,0,0,100000,0,0,0,100000,0,100000,100000
046943,聯發科元大93購06,0,0,0,0,0,0,0,0,0,100000,0,0,0,100000,0,100000,100000
048036,隆達凱基93購01  ,0,0,0,0,0,0,0,0,0,100000,0,0,0,100000,0,100000,100000
045586,創意元大93購03  ,0,0,0,0,0,0,0,0,0,100000,0,0,0,100000,0,100000,100000
047029,日月光元大93購01,0,0,0,0,0,0,0,0,0,100000,0,0,0,100000,0,100000,100000
047356,貿聯兆豐94購01  ,0,0,0,0,0,0,0,0,0,100000,0,0,0,100000,0,100000,100000
050520,凌陽元大94購02  ,0,0,0,0,0,0,0,0,0,100000,0,0,0,100000,0,100000,100000
050119,瀚宇博元大95購03,0,0,0,0,0,0,0,0,0,100000,0,0,0,100000,0,100000,100000
049039,富邦金兆豐94購01,0,0,0,0,0,0,0,0,0,100000,0,0,0,100000,0,100000,100000
050966,日月光永豐95購01,0,0,0,0,0,0,0,0,0,100000,0,0,0,100000,0,100000,100000
050830,嘉聯益凱基95購01,0,0,0,0,0,0,0,0,0,100000,0,0,0,100000,0,100000,100000
049833,正文凱基94購05  ,0,0,0,0,0,0,0,0,0,100000,0,0,0,100000,0,100000,100000
049959,創意統一95購02  ,0,0,0,0,0,0,0,0,0,100000,0,0,0,100000,0,100000,100000
051589,健鼎元大95購02  ,0,0,0,0,0,0,0,0,0,100000,0,0,0,100000,0,100000,100000
051430,瑞昱元富95購02  ,0,0,0,0,0,0,0,0,0,100000,0,0,0,106000,6000,100000,100000
051479,兆豐金凱基95購01,0,0,0,0,0,0,0,0,0,100000,0,0,0,100000,0,100000,100000
049258,美律元大94購03  ,0,0,0,0,0,0,0,0,0,100000,0,0,0,100000,0,100000,100000
049123,可成元富94購01  ,0,0,0,0,0,0,0,0,0,100000,0,0,0,100000,0,100000,100000
049185,南電凱基94購03  ,0,0,0,0,0,0,0,0,0,100000,0,0,0,100000,0,100000,100000
048459,嘉聯益凱基93購04,0,0,0,0,0,0,0,0,0,100000,0,0,0,100000,0,100000,100000
051260,鴻海永昌96購04  ,0,0,0,0,0,0,0,0,0,100000,0,0,0,101000,1000,100000,100000
050710,元黃金中信96購01,0,0,0,0,0,0,0,0,0,100000,0,0,0,100000,0,100000,100000
051198,鴻海麥證95購02  ,0,0,0,100000,0,100000,0,0,0,100000,0,0,0,100000,0,100000,100000
04876P,台光電中信94售02,0,0,0,0,0,0,0,0,0,100000,0,0,0,100000,0,100000,100000
051223,台化群益95購01  ,0,0,0,0,0,0,0,0,0,100000,0,0,0,100000,0,100000,100000
052381,臺股指元大95購22,0,0,0,0,0,0,0,0,0,100000,0,0,0,100000,0,100000,100000
052504,鴻海日盛95購03  ,0,0,0,0,0,0,0,0,0,100000,0,0,0,100000,0,100000,100000
052463,聯電統一96購01  ,0,0,0,0,0,0,0,0,0,100000,0,0,0,100000,0,100000,100000
052259,深100富邦95購01 ,0,0,0,0,0,0,0,0,0,100000,0,0,0,100000,0,100000,100000
051989,華固元大95購02  ,0,0,0,0,0,0,0,0,0,100000,0,0,0,300000,200000,100000,100000
051758,瑞昱元大95購01  ,0,0,0,0,0,0,0,0,0,100000,0,0,0,118000,18000,100000,100000
051835,百和元大95購03  ,0,0,0,0,0,0,0,0,0,100000,0,0,0,200000,100000,100000,100000
052532,台積電國泰96購07,0,0,0,0,0,0,0,0,0,100000,0,0,0,117000,17000,100000,100000
052629,訊芯中信99購01  ,0,0,0,0,0,0,0,0,0,100000,0,0,0,150000,50000,100000,100000
052797,樺漢兆豐96購01  ,0,0,0,0,0,0,0,0,0,100000,0,0,0,150000,50000,100000,100000
053177,華邦電統一96購01,0,0,0,0,0,0,0,0,0,100000,0,0,0,100000,0,100000,100000
054127,台積電元大96購21,0,0,0,0,0,0,0,0,0,100000,0,0,0,200000,100000,100000,100000
054195,亞泥國泰98購01  ,0,0,0,0,0,0,0,0,0,100000,0,0,0,150000,50000,100000,100000
053478,京鼎元大96購01  ,0,0,0,0,0,0,0,0,0,100000,0,0,0,165000,65000,100000,100000
05338P,臺股指國票95售07,0,0,0,0,0,0,0,0,0,100000,0,0,0,100000,0,100000,100000
053351,A50正2兆豐97購01,0,0,0,0,0,0,0,0,0,100000,0,0,0,100000,0,100000,100000
053689,台光電元大96購01,0,0,0,0,0,0,0,0,0,100000,0,0,0,128000,28000,100000,100000
08612P,嘉晶凱基9C售03  ,0,0,0,0,0,0,0,0,0,100000,0,0,0,100000,0,100000,100000
05714P,群創統一97售03  ,0,0,0,0,0,0,0,0,0,100000,0,0,0,100000,0,100000,100000
05715P,創意元富96售05  ,0,0,0,0,0,0,0,0,0,100000,0,0,0,100000,0,100000,100000
056016,鴻海群益97購06  ,0,0,0,0,0,0,0,0,0,99000,0,0,0,99000,0,99000,99000
056107,智易永豐97購02  ,0,0,0,0,0,0,0,0,0,99000,0,0,0,118000,19000,99000,99000
046591,康舒元大92購01  ,0,0,0,0,0,0,0,0,0,99000,0,0,0,99000,0,99000,99000
046726,台新金元大93購01,0,0,0,0,0,0,0,0,0,99000,0,0,0,99000,0,99000,99000
04072P,臺股指凱基93售08,0,0,0,0,0,0,0,0,0,99000,0,0,0,100000,1000,99000,99000
00675L,富邦臺灣加權正2 ,0,0,0,0,0,0,0,0,0,99000,0,0,0,130000,31000,99000,99000
049591,開發金元大98購01,0,0,0,0,0,0,0,0,0,99000,0,0,0,100000,1000,99000,99000
051145,台積電凱基95購05,0,0,0,0,0,0,0,0,0,99000,0,0,0,99000,0,99000,99000
05133P,臺股指日盛95售01,0,0,0,0,0,0,0,0,0,99000,0,0,0,149000,50000,99000,99000
049848,聯發科群益94購06,0,0,0,0,0,0,0,0,0,99000,0,0,0,191000,92000,99000,99000
049427,瑞昱兆豐94購01  ,0,0,0,0,0,0,0,0,0,99000,0,0,0,100000,1000,99000,99000
053659,智原凱基97購01  ,0,0,0,0,0,0,0,0,0,99000,0,0,0,99000,0,99000,99000
053547,台積電凱基96購14,0,0,0,0,0,0,0,0,0,99000,0,0,0,230000,131000,99000,99000
05740P,宏達電元富96售01,0,0,0,0,0,0,0,0,0,99000,0,0,0,100000,1000,99000,99000
06169P,華新科元富97售02,0,0,0,0,0,0,0,0,0,99000,0,0,0,125000,26000,99000,99000
06106P,國巨群益97售02  ,0,0,0,0,0,0,0,0,0,99000,0,0,0,140000,41000,99000,99000
5269,祥碩            ,315000,158000,157000,0,0,0,38000,75000,-37000,-21000,14000,38000,-24000,10000,7000,3000,99000
056372,訊芯元大98購04  ,0,0,0,0,0,0,0,0,0,98000,0,0,0,100000,2000,98000,98000
055032,億光富邦99購01  ,0,0,0,0,0,0,0,0,0,98000,0,0,0,130000,32000,98000,98000
054800,訊芯群益99購01  ,0,0,0,0,0,0,0,0,0,98000,0,0,0,108000,10000,98000,98000
054789,高鐵群益98購01  ,0,0,0,0,0,0,0,0,0,98000,0,0,0,98000,0,98000,98000
055524,鴻海群益98購01  ,0,0,0,0,0,0,0,0,0,98000,0,0,0,98000,0,98000,98000
044834,旺宏元大93購02  ,0,0,0,0,0,0,0,0,0,98000,0,0,0,98000,0,98000,98000
047357,欣興麥證93購01  ,0,0,0,99000,1000,98000,0,0,0,98000,0,0,0,99000,1000,98000,98000
046300,嘉聯益富邦94購01,0,0,0,0,0,0,0,0,0,98000,0,0,0,104000,6000,98000,98000
046375,友達凱基98購01  ,0,0,0,0,0,0,0,0,0,98000,0,0,0,98000,0,98000,98000
051437,百和元富95購02  ,0,0,0,0,0,0,0,0,0,98000,0,0,0,98000,0,98000,98000
051706,國泰金群益95購01,0,0,0,0,0,0,0,0,0,98000,0,0,0,98000,0,98000,98000
051346,仁寶元大95購01  ,0,0,0,0,0,0,0,0,0,98000,0,0,0,100000,2000,98000,98000
052067,中磊兆豐96購01  ,0,0,0,0,0,0,0,0,0,98000,0,0,0,108000,10000,98000,98000
050735,亞光台新94購01  ,0,0,0,0,0,0,0,0,0,98000,0,0,0,108000,10000,98000,98000
051217,聯發科元富95購01,0,0,0,0,0,0,0,0,0,98000,0,0,0,98000,0,98000,98000
053586,建準元大96購01  ,0,0,0,0,0,0,0,0,0,98000,0,0,0,111000,13000,98000,98000
053469,光磊元大97購01  ,0,0,0,0,0,0,0,0,0,98000,0,0,0,158000,60000,98000,98000
052546,友達中信98購01  ,0,0,0,0,0,0,0,0,0,98000,0,0,0,122000,24000,98000,98000
052352,力成元富95購01  ,0,0,0,0,0,0,0,0,0,98000,0,0,0,98000,0,98000,98000
3605,宏致            ,182000,77000,105000,0,0,0,0,0,0,-7000,0,7000,-7000,0,0,0,98000
05763P,致新永豐96售01  ,0,0,0,0,0,0,0,0,0,98000,0,0,0,137000,39000,98000,98000
055651,富邦金元富97購01,0,0,0,0,0,0,0,0,0,97000,0,0,0,132000,35000,97000,97000
055139,欣興永豐97購01  ,0,0,0,0,0,0,0,0,0,97000,0,0,0,97000,0,97000,97000
046426,臻鼎元大92購13  ,0,0,0,0,0,0,0,0,0,97000,0,0,0,110000,13000,97000,97000
050951,緯創群益96購01  ,0,0,0,0,0,0,0,0,0,97000,0,0,0,108000,11000,97000,97000
052000,鈺齊元大95購03  ,0,0,0,0,0,0,0,0,0,97000,0,0,0,191000,94000,97000,97000
052610,貿聯元大97購01  ,0,0,0,0,0,0,0,0,0,97000,0,0,0,110000,13000,97000,97000
052688,新日興元大96購01,0,0,0,0,0,0,0,0,0,97000,0,0,0,217000,120000,97000,97000
052790,智邦兆豐97購01  ,0,0,0,0,0,0,0,0,0,97000,0,0,0,105000,8000,97000,97000
055078,亞泥中信98購01  ,0,0,0,0,0,0,0,0,0,96000,0,0,0,118000,22000,96000,96000
054559,台光電群益99購01,0,0,0,0,0,0,0,0,0,96000,0,0,0,124000,28000,96000,96000
047922,聯發科凱基94購01,0,0,0,0,0,0,0,0,0,96000,0,0,0,96000,0,96000,96000
00678,群益NBI生技     ,0,0,0,0,0,0,0,0,0,96000,0,0,0,550000,454000,96000,96000
045293,鴻海元大94購01  ,0,0,0,0,0,0,0,0,0,96000,0,0,0,331000,235000,96000,96000
050979,鴻海元富96購02  ,0,0,0,0,0,0,0,0,0,96000,0,0,0,126000,30000,96000,96000
051619,智邦凱基95購07  ,0,0,0,0,0,0,0,0,0,96000,0,0,0,235000,139000,96000,96000
05035P,聯發科元大95售06,0,0,0,0,0,0,0,0,0,96000,0,0,0,386000,290000,96000,96000
049769,和鑫元富96購01  ,0,0,0,0,0,0,0,0,0,96000,0,0,0,103000,7000,96000,96000
052863,友達凱基98購02  ,0,0,0,0,0,0,0,0,0,96000,0,0,0,96000,0,96000,96000
053089,貿聯元大97購02  ,0,0,0,0,0,0,0,0,0,96000,0,0,0,98000,2000,96000,96000
052213,富邦金元大95購01,0,0,0,0,0,0,0,0,0,96000,0,0,0,106000,10000,96000,96000
6412,群電            ,159000,64000,95000,0,0,0,0,0,0,1000,1000,0,1000,0,0,0,96000
055461,TPK永豐97購01   ,0,0,0,0,0,0,0,0,0,95000,0,0,0,152000,57000,95000,95000
05530P,臺股指群益96售03,0,0,0,0,0,0,0,0,0,95000,0,0,0,100000,5000,95000,95000
055775,友達凱基9A購01  ,0,0,0,0,0,0,0,0,0,95000,0,0,0,100000,5000,95000,95000
056727,滬深反凱基9B購01,0,0,0,0,0,0,0,0,0,95000,0,0,0,95000,0,95000,95000
051096,日月光元大95購01,0,0,0,0,0,0,0,0,0,95000,0,0,0,100000,5000,95000,95000
049872,聯發科台新94購03,0,0,0,0,0,0,0,0,0,95000,0,0,0,98000,3000,95000,95000
051737,瑞昱國票96購01  ,0,0,0,0,0,0,0,0,0,95000,0,0,0,105000,10000,95000,95000
053279,景碩元大97購01  ,0,0,0,0,0,0,0,0,0,95000,0,0,0,326000,231000,95000,95000
053857,宏達電富邦97購02,0,0,0,0,0,0,0,0,0,95000,0,0,0,100000,5000,95000,95000
6214,精誠            ,89000,53000,36000,0,0,0,0,0,0,59000,61000,2000,59000,0,0,0,95000
056521,群創日盛98購01  ,0,0,0,0,0,0,0,0,0,94000,0,0,0,94000,0,94000,94000
054520,健鼎元大96購02  ,0,0,0,0,0,0,0,0,0,94000,0,0,0,109000,15000,94000,94000
04526P,美律凱基94售03  ,0,0,0,0,0,0,0,0,0,94000,0,0,0,94000,0,94000,94000
043884,臻鼎元大92購01  ,0,0,0,0,0,0,0,0,0,94000,0,0,0,100000,6000,94000,94000
04517P,宏達電群益95售01,0,0,0,0,0,0,0,0,0,94000,0,0,0,100000,6000,94000,94000
049238,元油2X元富96購08,0,0,0,0,0,0,0,0,0,94000,0,0,0,94000,0,94000,94000
053699,臺股指元大96購22,0,0,0,0,0,0,0,0,0,94000,0,0,0,270000,176000,94000,94000
052372,台泥元大95購02  ,0,0,0,0,0,0,0,0,0,94000,0,0,0,194000,100000,94000,94000
054756,世紀鋼凱基99購01,0,0,0,0,0,0,0,0,0,93000,0,0,0,120000,27000,93000,93000
055099,可成日盛97購01  ,0,0,0,0,0,0,0,0,0,93000,0,0,0,100000,7000,93000,93000
054838,京鼎第一97購01  ,0,0,0,0,0,0,0,0,0,93000,0,0,0,93000,0,93000,93000
055664,和大群益98購02  ,0,0,0,0,0,0,0,0,0,93000,0,0,0,93000,0,93000,93000
055850,聯詠元大97購06  ,0,0,0,0,0,0,0,0,0,93000,0,0,0,209000,116000,93000,93000
046903,友達凱基99購01  ,0,0,0,0,0,0,0,0,0,93000,0,0,0,93000,0,93000,93000
047296,日月光元富96購01,0,0,0,0,0,0,0,0,0,93000,0,0,0,143000,50000,93000,93000
05209P,鴻海凱基96售09  ,0,0,0,0,0,0,0,0,0,93000,0,0,0,153000,60000,93000,93000
050176,正崴元大94購03  ,0,0,0,0,0,0,0,0,0,93000,0,0,0,108000,15000,93000,93000
051866,聯發科凱基96購05,0,0,0,0,0,0,0,0,0,93000,0,0,0,99000,6000,93000,93000
053630,奇鋐兆豐97購01  ,0,0,0,0,0,0,0,0,0,93000,0,0,0,93000,0,93000,93000
053855,康友國泰98購01  ,0,0,0,0,0,0,0,0,0,93000,0,0,0,633000,540000,93000,93000
053904,漢唐凱基97購01  ,0,0,0,0,0,0,0,0,0,93000,0,0,0,200000,107000,93000,93000
054372,南亞科中信96購01,0,0,0,0,0,0,0,0,0,93000,0,0,0,94000,1000,93000,93000
054507,鈺齊永豐96購01  ,0,0,0,0,0,0,0,0,0,93000,0,0,0,213000,120000,93000,93000
3041,揚智            ,220000,127000,93000,0,0,0,0,0,0,0,0,0,0,0,0,0,93000
05900P,臺股指凱基99售05,0,0,0,0,0,0,0,0,0,93000,0,0,0,95000,2000,93000,93000
06100P,台積電日盛97售03,0,0,0,0,0,0,0,0,0,93000,0,0,0,333000,240000,93000,93000
3003,健和興          ,130000,33000,97000,0,0,0,0,0,0,-4000,1000,0,1000,0,5000,-5000,93000
055308,聯發科群益97購04,0,0,0,0,0,0,0,0,0,92000,0,0,0,208000,116000,92000,92000
055420,欣興永豐98購01  ,0,0,0,0,0,0,0,0,0,92000,0,0,0,385000,293000,92000,92000
054914,億光凱基98購01  ,0,0,0,0,0,0,0,0,0,92000,0,0,0,175000,83000,92000,92000
049922,禾伸堂元大95購01,0,0,0,0,0,0,0,0,0,92000,0,0,0,322000,230000,92000,92000
049271,百和元大94購01  ,0,0,0,0,0,0,0,0,0,92000,0,0,0,192000,100000,92000,92000
050345,創意元富94購02  ,0,0,0,0,0,0,0,0,0,92000,0,0,0,98000,6000,92000,92000
049651,訊芯凱基94購04  ,0,0,0,0,0,0,0,0,0,92000,0,0,0,93000,1000,92000,92000
053893,京鼎群益97購02  ,0,0,0,0,0,0,0,0,0,92000,0,0,0,92000,0,92000,92000
054176,亞光台新96購01  ,0,0,0,0,0,0,0,0,0,92000,0,0,0,92000,0,92000,92000
05328P,臺股指凱基95售12,0,0,0,0,0,0,0,0,0,92000,0,0,0,100000,8000,92000,92000
052560,康舒國票97購01  ,0,0,0,0,0,0,0,0,0,92000,0,0,0,92000,0,92000,92000
3563,牧德            ,98000,181000,-83000,0,0,0,120000,13000,107000,68000,53000,7000,46000,38000,16000,22000,92000
054845,智邦兆豐98購01  ,0,0,0,0,0,0,0,0,0,91000,0,0,0,177000,86000,91000,91000
05452P,亞德客群益95售02,0,0,0,0,0,0,0,0,0,91000,0,0,0,114000,23000,91000,91000
056430,鴻海凱基98購06  ,0,0,0,0,0,0,0,0,0,91000,0,0,0,91000,0,91000,91000
047193,南電元大94購02  ,0,0,0,0,0,0,0,0,0,91000,0,0,0,164000,73000,91000,91000
049579,鴻海元大94購06  ,0,0,0,0,0,0,0,0,0,91000,0,0,0,91000,0,91000,91000
050203,美律群益94購04  ,0,0,0,0,0,0,0,0,0,91000,0,0,0,101000,10000,91000,91000
052861,台光電凱基96購03,0,0,0,0,0,0,0,0,0,91000,0,0,0,188000,97000,91000,91000
053426,創意永豐96購04  ,0,0,0,0,0,0,0,0,0,91000,0,0,0,145000,54000,91000,91000
056810,群創統一9A購01  ,0,0,0,0,0,0,0,0,0,90000,0,0,0,120000,30000,90000,90000
055958,台光電元大97購02,0,0,0,0,0,0,0,0,0,90000,0,0,0,100000,10000,90000,90000
055944,日月光麥證97購01,0,0,0,210000,120000,90000,0,0,0,90000,0,0,0,210000,120000,90000,90000
054653,聯發科麥證97購02,0,0,0,90000,0,90000,0,0,0,90000,0,0,0,90000,0,90000,90000
054864,聯發科群益97購02,0,0,0,0,0,0,0,0,0,90000,0,0,0,90000,0,90000,90000
055367,台積電元大97購23,0,0,0,0,0,0,0,0,0,90000,0,0,0,150000,60000,90000,90000
055233,康友國票98購01  ,0,0,0,0,0,0,0,0,0,90000,0,0,0,90000,0,90000,90000
046962,群創中信95購03  ,0,0,0,0,0,0,0,0,0,90000,0,0,0,90000,0,90000,90000
046722,智邦元大93購02  ,0,0,0,0,0,0,0,0,0,90000,0,0,0,101000,11000,90000,90000
046788,貿聯永豐93購01  ,0,0,0,0,0,0,0,0,0,90000,0,0,0,90000,0,90000,90000
051515,聯發科凱基95購10,0,0,0,0,0,0,0,0,0,90000,0,0,0,90000,0,90000,90000
048129,力成元大93購02  ,0,0,0,0,0,0,0,0,0,90000,0,0,0,90000,0,90000,90000
048872,玉晶光國票94購02,0,0,0,0,0,0,0,0,0,90000,0,0,0,177000,87000,90000,90000
051089,旺宏元大96購04  ,0,0,0,0,0,0,0,0,0,90000,0,0,0,169000,79000,90000,90000
049198,聯鈞永豐94購01  ,0,0,0,0,0,0,0,0,0,90000,0,0,0,100000,10000,90000,90000
048402,聯茂兆豐95購01  ,0,0,0,0,0,0,0,0,0,90000,0,0,0,90000,0,90000,90000
053925,群創國票98購01  ,0,0,0,0,0,0,0,0,0,90000,0,0,0,202000,112000,90000,90000
054009,欣興元富96購03  ,0,0,0,0,0,0,0,0,0,90000,0,0,0,110000,20000,90000,90000
053984,康友元大96購05  ,0,0,0,0,0,0,0,0,0,90000,0,0,0,183000,93000,90000,90000
051715,和碩台新95購01  ,0,0,0,0,0,0,0,0,0,90000,0,0,0,140000,50000,90000,90000
05224P,華通統一95售03  ,0,0,0,0,0,0,0,0,0,90000,0,0,0,103000,13000,90000,90000
08602P,台灣50凱基96售04,0,0,0,0,0,0,0,0,0,90000,0,0,0,90000,0,90000,90000
06182P,群創兆豐97售03  ,0,0,0,0,0,0,0,0,0,90000,0,0,0,100000,10000,90000,90000
06230P,亞德客永豐97售03,0,0,0,0,0,0,0,0,0,90000,0,0,0,90000,0,90000,90000
05986P,大立光統一97售03,0,0,0,0,0,0,0,0,0,90000,0,0,0,90000,0,90000,90000
055182,京鼎統一98購01  ,0,0,0,0,0,0,0,0,0,89000,0,0,0,89000,0,89000,89000
056316,訊芯元大98購03  ,0,0,0,0,0,0,0,0,0,89000,0,0,0,100000,11000,89000,89000
05619P,創意元富96售02  ,0,0,0,0,0,0,0,0,0,89000,0,0,0,89000,0,89000,89000
056396,祥碩永豐98購01  ,0,0,0,0,0,0,0,0,0,89000,0,0,0,240000,151000,89000,89000
047770,聯詠元大93購10  ,0,0,0,0,0,0,0,0,0,89000,0,0,0,100000,11000,89000,89000
043958,臻鼎元富94購01  ,0,0,0,0,0,0,0,0,0,89000,0,0,0,121000,32000,89000,89000
041409,創意中信93購01  ,0,0,0,0,0,0,0,0,0,89000,0,0,0,95000,6000,89000,89000
051124,創意群益95購01  ,0,0,0,0,0,0,0,0,0,89000,0,0,0,160000,71000,89000,89000
050515,聯電元大96購01  ,0,0,0,0,0,0,0,0,0,89000,0,0,0,140000,51000,89000,89000
051735,台積電國票96購06,0,0,0,0,0,0,0,0,0,89000,0,0,0,252000,163000,89000,89000
054236,貿聯群益96購01  ,0,0,0,0,0,0,0,0,0,89000,0,0,0,114000,25000,89000,89000
053548,旺宏凱基96購04  ,0,0,0,0,0,0,0,0,0,89000,0,0,0,151000,62000,89000,89000
05948P,茂林元大96售03  ,0,0,0,0,0,0,0,0,0,89000,0,0,0,90000,1000,89000,89000
056059,美律元大98購02  ,0,0,0,0,0,0,0,0,0,88000,0,0,0,98000,10000,88000,88000
054710,東元元富97購01  ,0,0,0,0,0,0,0,0,0,88000,0,0,0,137000,49000,88000,88000
046291,友達統一94購01  ,0,0,0,0,0,0,0,0,0,88000,0,0,0,88000,0,88000,88000
04868P,可成統一94售03  ,0,0,0,0,0,0,0,0,0,88000,0,0,0,88000,0,88000,88000
048140,T50反1統一93購05,0,0,0,0,0,0,0,0,0,88000,0,0,0,88000,0,88000,88000
051438,喬山元大95購03  ,0,0,0,0,0,0,0,0,0,88000,0,0,0,98000,10000,88000,88000
051703,台積電群益95購04,0,0,0,0,0,0,0,0,0,88000,0,0,0,88000,0,88000,88000
048918,上証2X永豐94購01,0,0,0,0,0,0,0,0,0,88000,0,0,0,108000,20000,88000,88000
053651,台光電凱基98購01,0,0,0,0,0,0,0,0,0,88000,0,0,0,88000,0,88000,88000
053209,台積電凱基96購07,0,0,0,0,0,0,0,0,0,88000,0,0,0,88000,0,88000,88000
05744P,台表科元大96售04,0,0,0,0,0,0,0,0,0,88000,0,0,0,138000,50000,88000,88000
2206,三陽工業        ,113000,25000,88000,0,0,0,0,0,0,0,0,0,0,0,0,0,88000
6278,台表科          ,718000,887000,-169000,0,0,0,215000,30000,185000,72000,3000,0,3000,82000,13000,69000,88000
055161,貿聯元大98購03  ,0,0,0,0,0,0,0,0,0,87000,0,0,0,130000,43000,87000,87000
055516,上銀中信97購01  ,0,0,0,0,0,0,0,0,0,87000,0,0,0,98000,11000,87000,87000
055739,健鼎元富97購01  ,0,0,0,0,0,0,0,0,0,87000,0,0,0,97000,10000,87000,87000
056395,玉晶光永豐9B購01,0,0,0,0,0,0,0,0,0,87000,0,0,0,169000,82000,87000,87000
056426,上証2X凱基9A購01,0,0,0,0,0,0,0,0,0,87000,0,0,0,87000,0,87000,87000
04276P,聯發科凱基93售33,0,0,0,0,0,0,0,0,0,87000,0,0,0,91000,4000,87000,87000
04957P,上証2X凱基96售02,0,0,0,0,0,0,0,0,0,87000,0,0,0,87000,0,87000,87000
051598,瑞昱兆豐95購01  ,0,0,0,0,0,0,0,0,0,87000,0,0,0,107000,20000,87000,87000
051514,智邦凱基95購05  ,0,0,0,0,0,0,0,0,0,87000,0,0,0,307000,220000,87000,87000
049976,台積電凱基94購28,0,0,0,0,0,0,0,0,0,87000,0,0,0,87000,0,87000,87000
053330,燿華永豐96購03  ,0,0,0,0,0,0,0,0,0,87000,0,0,0,87000,0,87000,87000
053455,台光電元富96購02,0,0,0,0,0,0,0,0,0,87000,0,0,0,276000,189000,87000,87000
054032,上銀中信96購01  ,0,0,0,0,0,0,0,0,0,87000,0,0,0,199000,112000,87000,87000
052042,台積電日盛95購02,0,0,0,0,0,0,0,0,0,87000,0,0,0,505000,418000,87000,87000
052476,台光電群益98購01,0,0,0,0,0,0,0,0,0,87000,0,0,0,198000,111000,87000,87000
4915,致伸            ,459000,372000,87000,0,0,0,1000,0,1000,-1000,3000,0,3000,12000,16000,-4000,87000
056388,勤誠國泰99購01  ,0,0,0,0,0,0,0,0,0,86000,0,0,0,86000,0,86000,86000
00654R,富邦印度反1     ,10000,16000,-6000,0,0,0,0,0,0,92000,0,0,0,93000,1000,92000,86000
049968,麗豐國票95購01  ,0,0,0,0,0,0,0,0,0,86000,0,0,0,116000,30000,86000,86000
049086,晶相光凱基94購01,0,0,0,0,0,0,0,0,0,86000,0,0,0,86000,0,86000,86000
050493,聯發科永昌96購01,0,0,0,0,0,0,0,0,0,86000,0,0,0,301000,215000,86000,86000
051032,南電元富95購01  ,0,0,0,0,0,0,0,0,0,86000,0,0,0,86000,0,86000,86000
049148,全新元大95購01  ,0,0,0,0,0,0,0,0,0,86000,0,0,0,299000,213000,86000,86000
048637,鴻海元大96購01  ,0,0,0,0,0,0,0,0,0,86000,0,0,0,86000,0,86000,86000
053185,友達中信99購01  ,0,0,0,0,0,0,0,0,0,86000,0,0,0,116000,30000,86000,86000
055458,燿華永豐98購01  ,0,0,0,0,0,0,0,0,0,85000,0,0,0,85000,0,85000,85000
04244P,可成元大93售12  ,0,0,0,0,0,0,0,0,0,85000,0,0,0,85000,0,85000,85000
049030,凌華群益94購01  ,0,0,0,0,0,0,0,0,0,85000,0,0,0,85000,0,85000,85000
050162,中環國泰95購01  ,0,0,0,0,0,0,0,0,0,85000,0,0,0,245000,160000,85000,85000
050944,智邦群益95購01  ,0,0,0,0,0,0,0,0,0,85000,0,0,0,117000,32000,85000,85000
051343,鴻海元大95購07  ,0,0,0,0,0,0,0,0,0,85000,0,0,0,95000,10000,85000,85000
054282,泰鼎群益98購02  ,0,0,0,0,0,0,0,0,0,85000,0,0,0,137000,52000,85000,85000
1229,聯華            ,147000,62000,85000,0,0,0,0,0,0,0,0,0,0,0,0,0,85000
05749P,臺股指群益99售03,0,0,0,0,0,0,0,0,0,85000,0,0,0,115000,30000,85000,85000
05964P,華通凱基96售06  ,0,0,0,0,0,0,0,0,0,85000,0,0,0,130000,45000,85000,85000
054673,京鼎國泰98購01  ,0,0,0,0,0,0,0,0,0,84000,0,0,0,84000,0,84000,84000
048703,康控國票95購01  ,0,0,0,0,0,0,0,0,0,84000,0,0,0,84000,0,84000,84000
046220,滬深2X元大95購03,0,0,0,0,0,0,0,0,0,84000,0,0,0,109000,25000,84000,84000
052076,可成元富98購01  ,0,0,0,0,0,0,0,0,0,84000,0,0,0,94000,10000,84000,84000
049256,瑞昱元大94購04  ,0,0,0,0,0,0,0,0,0,84000,0,0,0,142000,58000,84000,84000
049585,旺宏元大95購02  ,0,0,0,0,0,0,0,0,0,84000,0,0,0,106000,22000,84000,84000
053837,貿聯永豐96購02  ,0,0,0,0,0,0,0,0,0,84000,0,0,0,134000,50000,84000,84000
052809,訊芯元大97購01  ,0,0,0,0,0,0,0,0,0,84000,0,0,0,330000,246000,84000,84000
051826,智邦元大95購03  ,0,0,0,0,0,0,0,0,0,84000,0,0,0,614000,530000,84000,84000
06299P,可成元大97售04  ,0,0,0,0,0,0,0,0,0,84000,0,0,0,84000,0,84000,84000
054816,聯發科元大97購12,0,0,0,0,0,0,0,0,0,83000,0,0,0,193000,110000,83000,83000
055644,致茂元富97購01  ,0,0,0,0,0,0,0,0,0,83000,0,0,0,369000,286000,83000,83000
056419,欣興元富98購02  ,0,0,0,0,0,0,0,0,0,83000,0,0,0,152000,69000,83000,83000
047547,友達凱基99購02  ,0,0,0,0,0,0,0,0,0,83000,0,0,0,83000,0,83000,83000
03896P,長榮航凱基95售01,0,0,0,0,0,0,0,0,0,83000,0,0,0,179000,96000,83000,83000
042993,葡萄王元大94購01,0,0,0,0,0,0,0,0,0,83000,0,0,0,83000,0,83000,83000
050451,嘉晶元大95購01  ,0,0,0,0,0,0,0,0,0,83000,0,0,0,93000,10000,83000,83000
051215,大立光統一95購03,0,0,0,0,0,0,0,0,0,83000,0,0,0,190000,107000,83000,83000
051359,中信金元大95購01,0,0,0,0,0,0,0,0,0,83000,0,0,0,309000,226000,83000,83000
051621,欣興凱基95購02  ,0,0,0,0,0,0,0,0,0,83000,0,0,0,83000,0,83000,83000
052164,啟碁永豐95購01  ,0,0,0,0,0,0,0,0,0,83000,0,0,0,91000,8000,83000,83000
053341,聯發科國票97購03,0,0,0,0,0,0,0,0,0,83000,0,0,0,228000,145000,83000,83000
053357,可成統一96購02  ,0,0,0,0,0,0,0,0,0,83000,0,0,0,203000,120000,83000,83000
3532,台勝科          ,176000,64000,112000,0,0,0,0,0,0,-29000,1000,13000,-12000,2000,19000,-17000,83000
3588,通嘉            ,100000,17000,83000,0,0,0,0,0,0,0,0,0,0,0,0,0,83000
055503,健策元大98購05  ,0,0,0,0,0,0,0,0,0,82000,0,0,0,429000,347000,82000,82000
04172P,大立光凱基93售34,0,0,0,0,0,0,0,0,0,82000,0,0,0,82000,0,82000,82000
047416,台泥富邦94購01  ,0,0,0,0,0,0,0,0,0,82000,0,0,0,300000,218000,82000,82000
047576,技嘉群益94購01  ,0,0,0,0,0,0,0,0,0,82000,0,0,0,405000,323000,82000,82000
048131,全新國票94購02  ,0,0,0,0,0,0,0,0,0,82000,0,0,0,90000,8000,82000,82000
051281,健策兆豐96購01  ,0,0,0,0,0,0,0,0,0,82000,0,0,0,98000,16000,82000,82000
052432,康友永豐95購04  ,0,0,0,0,0,0,0,0,0,82000,0,0,0,115000,33000,82000,82000
053063,力山群益98購01  ,0,0,0,0,0,0,0,0,0,82000,0,0,0,82000,0,82000,82000
06475P,牧德永豐98售03  ,0,0,0,0,0,0,0,0,0,82000,0,0,0,82000,0,82000,82000
054858,台肥群益97購01  ,0,0,0,0,0,0,0,0,0,81000,0,0,0,82000,1000,81000,81000
047484,聯詠凱基93購03  ,0,0,0,0,0,0,0,0,0,81000,0,0,0,106000,25000,81000,81000
044852,華邦電國泰93購02,0,0,0,0,0,0,0,0,0,81000,0,0,0,181000,100000,81000,81000
048607,上銀凱基93購11  ,0,0,0,0,0,0,0,0,0,81000,0,0,0,81000,0,81000,81000
04891P,友達元大94售01  ,0,0,0,0,0,0,0,0,0,81000,0,0,0,115000,34000,81000,81000
049074,光罩凱基94購02  ,0,0,0,0,0,0,0,0,0,81000,0,0,0,108000,27000,81000,81000
050928,日月光凱基95購01,0,0,0,0,0,0,0,0,0,81000,0,0,0,81000,0,81000,81000
050010,鈺齊永豐94購01  ,0,0,0,0,0,0,0,0,0,81000,0,0,0,91000,10000,81000,81000
052205,台積電中信95購09,0,0,0,0,0,0,0,0,0,81000,0,0,0,83000,2000,81000,81000
054969,亞翔元大97購01  ,0,0,0,0,0,0,0,0,0,80000,0,0,0,90000,10000,80000,80000
054635,台達電中信98購01,0,0,0,0,0,0,0,0,0,80000,0,0,0,100000,20000,80000,80000
054587,玉晶光國泰99購01,0,0,0,0,0,0,0,0,0,80000,0,0,0,145000,65000,80000,80000
055589,台光電元大98購04,0,0,0,0,0,0,0,0,0,80000,0,0,0,100000,20000,80000,80000
056661,臺股指元大9A購08,0,0,0,0,0,0,0,0,0,80000,0,0,0,90000,10000,80000,80000
055816,新日興國票98購01,0,0,0,0,0,0,0,0,0,80000,0,0,0,106000,26000,80000,80000
042196,元油2X元大93購02,0,0,0,0,0,0,0,0,0,80000,0,0,0,90000,10000,80000,80000
04109P,臺股指永昌93售04,0,0,0,0,0,0,0,0,0,80000,0,0,0,80000,0,80000,80000
04404P,玉晶光國票94售01,0,0,0,0,0,0,0,0,0,80000,0,0,0,80000,0,80000,80000
047723,廣宇群益94購01  ,0,0,0,0,0,0,0,0,0,80000,0,0,0,80000,0,80000,80000
045525,智邦永豐92購01  ,0,0,0,0,0,0,0,0,0,80000,0,0,0,80000,0,80000,80000
04474P,聯發科元大94售03,0,0,0,0,0,0,0,0,0,80000,0,0,0,140000,60000,80000,80000
047329,聯茂元大93購04  ,0,0,0,0,0,0,0,0,0,80000,0,0,0,80000,0,80000,80000
046883,友達第一93購01  ,0,0,0,0,0,0,0,0,0,80000,0,0,0,80000,0,80000,80000
046187,友達凱基93購03  ,0,0,0,0,0,0,0,0,0,80000,0,0,0,80000,0,80000,80000
050224,台泥中信94購01  ,0,0,0,0,0,0,0,0,0,80000,0,0,0,120000,40000,80000,80000
050992,台積電元大97購01,0,0,0,0,0,0,0,0,0,80000,0,0,0,115000,35000,80000,80000
048500,樺漢元大93購03  ,0,0,0,0,0,0,0,0,0,80000,0,0,0,80000,0,80000,80000
053183,大立光元富96購03,0,0,0,0,0,0,0,0,0,80000,0,0,0,80000,0,80000,80000
052725,為升元富96購01  ,0,0,0,0,0,0,0,0,0,80000,0,0,0,80000,0,80000,80000
052740,聯發科元大96購07,0,0,0,0,0,0,0,0,0,80000,0,0,0,210000,130000,80000,80000
053717,聯發科凱基96購17,0,0,0,0,0,0,0,0,0,80000,0,0,0,689000,609000,80000,80000
053694,創意元大96購03  ,0,0,0,0,0,0,0,0,0,80000,0,0,0,121000,41000,80000,80000
054474,鴻海中信96購03  ,0,0,0,0,0,0,0,0,0,80000,0,0,0,80000,0,80000,80000
06228P,亞德客凱基97售04,0,0,0,0,0,0,0,0,0,80000,0,0,0,163000,83000,80000,80000
06017P,亞光凱基96售04  ,0,0,0,0,0,0,0,0,0,80000,0,0,0,80000,0,80000,80000
055482,聚陽元大97購02  ,0,0,0,0,0,0,0,0,0,79000,0,0,0,80000,1000,79000,79000
055562,欣興凱基97購06  ,0,0,0,0,0,0,0,0,0,79000,0,0,0,130000,51000,79000,79000
046226,聯發科元大92購11,0,0,0,0,0,0,0,0,0,79000,0,0,0,99000,20000,79000,79000
047646,貿聯元大94購01  ,0,0,0,0,0,0,0,0,0,79000,0,0,0,79000,0,79000,79000
047789,景碩群益93購01  ,0,0,0,0,0,0,0,0,0,79000,0,0,0,129000,50000,79000,79000
044104,鴻海中信95購03  ,0,0,0,0,0,0,0,0,0,79000,0,0,0,210000,131000,79000,79000
050334,鴻海國泰96購07  ,0,0,0,0,0,0,0,0,0,79000,0,0,0,79000,0,79000,79000
051114,鈺齊中信95購01  ,0,0,0,0,0,0,0,0,0,79000,0,0,0,315000,236000,79000,79000
050519,旺宏元大95購03  ,0,0,0,0,0,0,0,0,0,79000,0,0,0,174000,95000,79000,79000
053926,晶相光國票97購01,0,0,0,0,0,0,0,0,0,79000,0,0,0,79000,0,79000,79000
053829,力成麥證96購01  ,0,0,0,99000,20000,79000,0,0,0,79000,0,0,0,99000,20000,79000,79000
052723,新唐統一97購01  ,0,0,0,0,0,0,0,0,0,79000,0,0,0,79000,0,79000,79000
052605,聯發科元大96購06,0,0,0,0,0,0,0,0,0,79000,0,0,0,99000,20000,79000,79000
052131,台積電凱基96購01,0,0,0,0,0,0,0,0,0,79000,0,0,0,79000,0,79000,79000
3702,大聯大          ,703000,741000,-38000,0,0,0,70000,0,70000,47000,317000,270000,47000,0,0,0,79000
6706,惠特            ,28000,64000,-36000,0,0,0,100000,0,100000,15000,15000,0,15000,0,0,0,79000
055611,燿華國票98購02  ,0,0,0,0,0,0,0,0,0,78000,0,0,0,88000,10000,78000,78000
055357,欣興凱基97購04  ,0,0,0,0,0,0,0,0,0,78000,0,0,0,129000,51000,78000,78000
054990,凌陽元富97購01  ,0,0,0,0,0,0,0,0,0,78000,0,0,0,98000,20000,78000,78000
056128,和大中信99購01  ,0,0,0,0,0,0,0,0,0,78000,0,0,0,78000,0,78000,78000
056371,樺漢元大98購03  ,0,0,0,0,0,0,0,0,0,78000,0,0,0,125000,47000,78000,78000
046290,儒鴻統一93購01  ,0,0,0,0,0,0,0,0,0,78000,0,0,0,285000,207000,78000,78000
046248,技嘉群益93購02  ,0,0,0,0,0,0,0,0,0,78000,0,0,0,168000,90000,78000,78000
046939,燿華元大96購01  ,0,0,0,0,0,0,0,0,0,78000,0,0,0,92000,14000,78000,78000
047313,華新科元大93購08,0,0,0,0,0,0,0,0,0,78000,0,0,0,80000,2000,78000,78000
050522,聯發科元大95購03,0,0,0,0,0,0,0,0,0,78000,0,0,0,692000,614000,78000,78000
050118,臻鼎元大94購01  ,0,0,0,0,0,0,0,0,0,78000,0,0,0,78000,0,78000,78000
049780,智易統一94購02  ,0,0,0,0,0,0,0,0,0,78000,0,0,0,80000,2000,78000,78000
049951,全新群益94購03  ,0,0,0,0,0,0,0,0,0,78000,0,0,0,86000,8000,78000,78000
050307,欣興中信95購01  ,0,0,0,0,0,0,0,0,0,78000,0,0,0,80000,2000,78000,78000
052013,台積電永豐95購04,0,0,0,0,0,0,0,0,0,78000,0,0,0,691000,613000,78000,78000
051829,玉晶光元大98購02,0,0,0,0,0,0,0,0,0,78000,0,0,0,137000,59000,78000,78000
052312,美律富邦96購02  ,0,0,0,0,0,0,0,0,0,78000,0,0,0,128000,50000,78000,78000
053598,日月光元大96購04,0,0,0,0,0,0,0,0,0,78000,0,0,0,78000,0,78000,78000
053345,欣興國票97購02  ,0,0,0,0,0,0,0,0,0,78000,0,0,0,103000,25000,78000,78000
054466,欣興凱基97購03  ,0,0,0,0,0,0,0,0,0,78000,0,0,0,117000,39000,78000,78000
054410,國巨元大96購14  ,0,0,0,0,0,0,0,0,0,78000,0,0,0,136000,58000,78000,78000
06240P,奇力新元富97售03,0,0,0,0,0,0,0,0,0,78000,0,0,0,78000,0,78000,78000
055843,美律元大97購02  ,0,0,0,0,0,0,0,0,0,77000,0,0,0,78000,1000,77000,77000
056639,國產康和98購01  ,0,0,0,0,0,0,0,0,0,77000,0,0,0,227000,150000,77000,77000
055052,凱美永豐97購01  ,0,0,0,0,0,0,0,0,0,77000,0,0,0,77000,0,77000,77000
055079,台光電中信97購01,0,0,0,0,0,0,0,0,0,77000,0,0,0,168000,91000,77000,77000
055141,牧德永豐98購02  ,0,0,0,0,0,0,0,0,0,77000,0,0,0,97000,20000,77000,77000
05569P,漢唐統一97售01  ,0,0,0,0,0,0,0,0,0,77000,0,0,0,95000,18000,77000,77000
047002,鴻海統一93購04  ,0,0,0,0,0,0,0,0,0,77000,0,0,0,137000,60000,77000,77000
054137,聯詠元大97購02  ,0,0,0,0,0,0,0,0,0,77000,0,0,0,318000,241000,77000,77000
053409,和碩兆豐96購02  ,0,0,0,0,0,0,0,0,0,77000,0,0,0,97000,20000,77000,77000
051860,為升凱基95購01  ,0,0,0,0,0,0,0,0,0,77000,0,0,0,77000,0,77000,77000
05930P,景碩康和96售01  ,0,0,0,0,0,0,0,0,0,77000,0,0,0,77000,0,77000,77000
055758,旺宏群益97購01  ,0,0,0,0,0,0,0,0,0,76000,0,0,0,91000,15000,76000,76000
055764,臺股指群益97購02,0,0,0,0,0,0,0,0,0,76000,0,0,0,152000,76000,76000,76000
043236,台灣50兆豐93購02,0,0,0,0,0,0,0,0,0,76000,0,0,0,79000,3000,76000,76000
049985,華擎凱基94購01  ,0,0,0,0,0,0,0,0,0,76000,0,0,0,103000,27000,76000,76000
049423,臺股指凱基95購02,0,0,0,0,0,0,0,0,0,76000,0,0,0,123000,47000,76000,76000
049408,旺宏日盛94購01  ,0,0,0,0,0,0,0,0,0,76000,0,0,0,274000,198000,76000,76000
050804,和大日盛95購01  ,0,0,0,0,0,0,0,0,0,76000,0,0,0,76000,0,76000,76000
050995,貿聯元大95購02  ,0,0,0,0,0,0,0,0,0,76000,0,0,0,191000,115000,76000,76000
048924,光罩永豐94購01  ,0,0,0,0,0,0,0,0,0,76000,0,0,0,76000,0,76000,76000
051221,嘉聯益元富95購01,0,0,0,0,0,0,0,0,0,76000,0,0,0,76000,0,76000,76000
051793,臻鼎國票95購02  ,0,0,0,0,0,0,0,0,0,76000,0,0,0,76000,0,76000,76000
053075,欣興永豐96購01  ,0,0,0,0,0,0,0,0,0,76000,0,0,0,76000,0,76000,76000
053112,中磊兆豐97購01  ,0,0,0,0,0,0,0,0,0,76000,0,0,0,76000,0,76000,76000
054054,光磊國票97購02  ,0,0,0,0,0,0,0,0,0,76000,0,0,0,76000,0,76000,76000
054233,聯發科群益96購04,0,0,0,0,0,0,0,0,0,76000,0,0,0,81000,5000,76000,76000
05615P,臺股指康和96售04,0,0,0,0,0,0,0,0,0,75000,0,0,0,100000,25000,75000,75000
056615,燿華永豐98購02  ,0,0,0,0,0,0,0,0,0,75000,0,0,0,102000,27000,75000,75000
055400,緯穎統一97購01  ,0,0,0,0,0,0,0,0,0,75000,0,0,0,85000,10000,75000,75000
046712,勤誠永豐93購01  ,0,0,0,0,0,0,0,0,0,75000,0,0,0,75000,0,75000,75000
03177P,國巨群益01售12  ,0,0,0,0,0,0,0,0,0,75000,0,0,0,75000,0,75000,75000
04249P,大立光統一94售04,0,0,0,0,0,0,0,0,0,75000,0,0,0,75000,0,75000,75000
045101,玉晶光中信94購01,0,0,0,0,0,0,0,0,0,75000,0,0,0,362000,287000,75000,75000
046319,新日興元大92購03,0,0,0,0,0,0,0,0,0,75000,0,0,0,101000,26000,75000,75000
04692P,大立光群益94售06,0,0,0,0,0,0,0,0,0,75000,0,0,0,75000,0,75000,75000
047286,美律統一93購02  ,0,0,0,0,0,0,0,0,0,75000,0,0,0,75000,0,75000,75000
047445,創意元大93購04  ,0,0,0,0,0,0,0,0,0,75000,0,0,0,115000,40000,75000,75000
047046,台積電國票94購01,0,0,0,0,0,0,0,0,0,75000,0,0,0,164000,89000,75000,75000
051584,可成元大95購08  ,0,0,0,0,0,0,0,0,0,75000,0,0,0,80000,5000,75000,75000
054344,景碩國票97購04  ,0,0,0,0,0,0,0,0,0,75000,0,0,0,358000,283000,75000,75000
06453P,群創元大9B售02  ,0,0,0,0,0,0,0,0,0,75000,0,0,0,90000,15000,75000,75000
055061,聯詠永豐97購01  ,0,0,0,0,0,0,0,0,0,74000,0,0,0,254000,180000,74000,74000
056237,智邦群益97購02  ,0,0,0,0,0,0,0,0,0,74000,0,0,0,151000,77000,74000,74000
055858,聯茂元大97購03  ,0,0,0,0,0,0,0,0,0,74000,0,0,0,398000,324000,74000,74000
047033,日月光中信95購01,0,0,0,0,0,0,0,0,0,74000,0,0,0,104000,30000,74000,74000
03765P,大立光元富96售01,0,0,0,0,0,0,0,0,0,74000,0,0,0,74000,0,74000,74000
050764,鴻海元大94購27  ,0,0,0,0,0,0,0,0,0,74000,0,0,0,614000,540000,74000,74000
04888P,臺股指凱基95售03,0,0,0,0,0,0,0,0,0,74000,0,0,0,373000,299000,74000,74000
049649,信邦凱基94購01  ,0,0,0,0,0,0,0,0,0,74000,0,0,0,200000,126000,74000,74000
051135,建準永豐95購01  ,0,0,0,0,0,0,0,0,0,74000,0,0,0,77000,3000,74000,74000
054341,燿華元富96購03  ,0,0,0,0,0,0,0,0,0,74000,0,0,0,74000,0,74000,74000
051958,貿聯台新95購01  ,0,0,0,0,0,0,0,0,0,74000,0,0,0,74000,0,74000,74000
06465P,國巨統一98售04  ,0,0,0,0,0,0,0,0,0,74000,0,0,0,74000,0,74000,74000
056010,力成中信97購01  ,0,0,0,0,0,0,0,0,0,73000,0,0,0,310000,237000,73000,73000
055029,帆宣國泰99購01  ,0,0,0,0,0,0,0,0,0,73000,0,0,0,581000,508000,73000,73000
054994,建準元富97購01  ,0,0,0,0,0,0,0,0,0,73000,0,0,0,73000,0,73000,73000
054649,聯茂群益97購01  ,0,0,0,0,0,0,0,0,0,73000,0,0,0,184000,111000,73000,73000
04190P,大立光兆豐94售03,0,0,0,0,0,0,0,0,0,73000,0,0,0,73000,0,73000,73000
047767,聯發科元大93購20,0,0,0,0,0,0,0,0,0,73000,0,0,0,194000,121000,73000,73000
047808,智邦凱基93購07  ,0,0,0,0,0,0,0,0,0,73000,0,0,0,108000,35000,73000,73000
047040,台勝科群益93購01,0,0,0,0,0,0,0,0,0,73000,0,0,0,73000,0,73000,73000
049322,志超凱基94購02  ,0,0,0,0,0,0,0,0,0,73000,0,0,0,73000,0,73000,73000
052521,友達元大9B購01  ,0,0,0,0,0,0,0,0,0,73000,0,0,0,79000,6000,73000,73000
054228,貿聯元富96購03  ,0,0,0,0,0,0,0,0,0,73000,0,0,0,188000,115000,73000,73000
054134,強茂元大96購01  ,0,0,0,0,0,0,0,0,0,73000,0,0,0,183000,110000,73000,73000
05395P,旺宏元大96售06  ,0,0,0,0,0,0,0,0,0,73000,0,0,0,73000,0,73000,73000
053406,國巨兆豐96購02  ,0,0,0,0,0,0,0,0,0,73000,0,0,0,73000,0,73000,73000
05742P,可成元大96售04  ,0,0,0,0,0,0,0,0,0,73000,0,0,0,171000,98000,73000,73000
06139P,台積電中信99售02,0,0,0,0,0,0,0,0,0,73000,0,0,0,148000,75000,73000,73000
054877,百和群益98購01  ,0,0,0,0,0,0,0,0,0,72000,0,0,0,122000,50000,72000,72000
054880,華泰統一97購01  ,0,0,0,0,0,0,0,0,0,72000,0,0,0,184000,112000,72000,72000
055507,樺漢元大98購02  ,0,0,0,0,0,0,0,0,0,72000,0,0,0,335000,263000,72000,72000
056003,智伸科永豐97購02,0,0,0,0,0,0,0,0,0,72000,0,0,0,72000,0,72000,72000
047571,滬深2X群益99購01,0,0,0,0,0,0,0,0,0,72000,0,0,0,505000,433000,72000,72000
048055,燿華國泰95購02  ,0,0,0,0,0,0,0,0,0,72000,0,0,0,87000,15000,72000,72000
044510,台光電凱基93購04,0,0,0,0,0,0,0,0,0,72000,0,0,0,72000,0,72000,72000
049735,台光電群益94購03,0,0,0,0,0,0,0,0,0,72000,0,0,0,103000,31000,72000,72000
053236,群創永豐97購02  ,0,0,0,0,0,0,0,0,0,72000,0,0,0,72000,0,72000,72000
052666,瑞昱群益96購01  ,0,0,0,0,0,0,0,0,0,72000,0,0,0,72000,0,72000,72000
05286P,矽力統一95售02  ,0,0,0,0,0,0,0,0,0,72000,0,0,0,72000,0,72000,72000
06070P,漢唐永豐97售01  ,0,0,0,0,0,0,0,0,0,72000,0,0,0,90000,18000,72000,72000
06044P,同欣電永豐96售03,0,0,0,0,0,0,0,0,0,72000,0,0,0,72000,0,72000,72000
8341,日友            ,90000,14000,76000,0,0,0,0,0,0,-4000,0,4000,-4000,0,0,0,72000
4306,炎洲            ,82000,11000,71000,0,0,0,0,0,0,1000,1000,0,1000,0,0,0,72000
4961,天鈺            ,87000,14000,73000,0,0,0,0,0,0,-1000,0,0,0,0,1000,-1000,72000
6531,愛普            ,267000,160000,107000,0,0,0,0,0,0,-35000,10000,45000,-35000,0,0,0,72000
056454,欣興凱基98購02  ,0,0,0,0,0,0,0,0,0,71000,0,0,0,130000,59000,71000,71000
056697,緯穎群益98購01  ,0,0,0,0,0,0,0,0,0,71000,0,0,0,141000,70000,71000,71000
044364,超眾中信94購01  ,0,0,0,0,0,0,0,0,0,71000,0,0,0,121000,50000,71000,71000
050360,T50反1元大94購06,0,0,0,0,0,0,0,0,0,71000,0,0,0,100000,29000,71000,71000
050688,大立光日盛94購03,0,0,0,0,0,0,0,0,0,71000,0,0,0,71000,0,71000,71000
048780,臺股指凱基94購03,0,0,0,0,0,0,0,0,0,71000,0,0,0,96000,25000,71000,71000
050207,百和群益95購01  ,0,0,0,0,0,0,0,0,0,71000,0,0,0,176000,105000,71000,71000
051753,華通元大96購03  ,0,0,0,0,0,0,0,0,0,71000,0,0,0,71000,0,71000,71000
052215,樺漢元大96購02  ,0,0,0,0,0,0,0,0,0,71000,0,0,0,91000,20000,71000,71000
053222,聯茂凱基96購03  ,0,0,0,0,0,0,0,0,0,71000,0,0,0,71000,0,71000,71000
053467,鴻海元大96購20  ,0,0,0,0,0,0,0,0,0,71000,0,0,0,81000,10000,71000,71000
05370P,矽創元富95售01  ,0,0,0,0,0,0,0,0,0,71000,0,0,0,92000,21000,71000,71000
054178,中磊台新97購01  ,0,0,0,0,0,0,0,0,0,71000,0,0,0,90000,19000,71000,71000
054163,燿華凱基97購02  ,0,0,0,0,0,0,0,0,0,71000,0,0,0,71000,0,71000,71000
6672,騰輝電子-KY     ,85000,14000,71000,0,0,0,0,0,0,0,0,0,0,0,0,0,71000
06264P,友達凱基98售06  ,0,0,0,0,0,0,0,0,0,71000,0,0,0,115000,44000,71000,71000
056841,友達元富98購03  ,0,0,0,0,0,0,0,0,0,70000,0,0,0,98000,28000,70000,70000
05643P,大立光中信98售01,0,0,0,0,0,0,0,0,0,70000,0,0,0,70000,0,70000,70000
05579P,友達凱基98售03  ,0,0,0,0,0,0,0,0,0,70000,0,0,0,70000,0,70000,70000
055774,台光電凱基97購02,0,0,0,0,0,0,0,0,0,70000,0,0,0,74000,4000,70000,70000
055184,群創統一98購02  ,0,0,0,0,0,0,0,0,0,70000,0,0,0,70000,0,70000,70000
055208,京鼎康和97購02  ,0,0,0,0,0,0,0,0,0,70000,0,0,0,70000,0,70000,70000
054667,神基元富97購01  ,2000,3000,-1000,0,0,0,0,0,0,71000,0,0,0,218000,147000,71000,70000
054632,緯穎凱基9A購01  ,0,0,0,0,0,0,0,0,0,70000,0,0,0,236000,166000,70000,70000
054567,拓凱群益98購01  ,0,0,0,0,0,0,0,0,0,70000,0,0,0,70000,0,70000,70000
054783,國巨群益98購04  ,0,0,0,0,0,0,0,0,0,70000,0,0,0,317000,247000,70000,70000
054723,鴻海日盛97購01  ,0,0,0,0,0,0,0,0,0,70000,0,0,0,70000,0,70000,70000
045365,智邦兆豐93購04  ,0,0,0,0,0,0,0,0,0,70000,0,0,0,70000,0,70000,70000
03546P,欣興群益02售12  ,0,0,0,0,0,0,0,0,0,70000,0,0,0,70000,0,70000,70000
048689,台光電群益94購01,0,0,0,0,0,0,0,0,0,70000,0,0,0,76000,6000,70000,70000
046582,聯發科元大92購23,0,0,0,0,0,0,0,0,0,70000,0,0,0,70000,0,70000,70000
048211,大立光日盛93購01,0,0,0,0,0,0,0,0,0,70000,0,0,0,70000,0,70000,70000
051617,台積電凱基95購14,0,0,0,0,0,0,0,0,0,70000,0,0,0,70000,0,70000,70000
049459,全新元富95購02  ,0,0,0,0,0,0,0,0,0,70000,0,0,0,220000,150000,70000,70000
049916,台光電元大94購06,0,0,0,0,0,0,0,0,0,70000,0,0,0,100000,30000,70000,70000
050087,美食台新94購01  ,0,0,0,0,0,0,0,0,0,70000,0,0,0,100000,30000,70000,70000
050040,鴻海中信94購04  ,0,0,0,0,0,0,0,0,0,70000,0,0,0,81000,11000,70000,70000
050356,緯穎群益94購05  ,0,0,0,0,0,0,0,0,0,70000,0,0,0,105000,35000,70000,70000
051152,鴻海國泰97購01  ,0,0,0,0,0,0,0,0,0,70000,0,0,0,80000,10000,70000,70000
049546,正崴群益94購01  ,0,0,0,0,0,0,0,0,0,70000,0,0,0,81000,11000,70000,70000
048996,中環第一94購01  ,0,0,0,0,0,0,0,0,0,70000,0,0,0,90000,20000,70000,70000
049126,玉晶光元富94購02,0,0,0,0,0,0,0,0,0,70000,0,0,0,109000,39000,70000,70000
048556,技嘉元大93購03  ,0,0,0,0,0,0,0,0,0,70000,0,0,0,405000,335000,70000,70000
048368,燿華統一93購01  ,0,0,0,0,0,0,0,0,0,70000,0,0,0,70000,0,70000,70000
054289,聯發科元大97購11,0,0,0,0,0,0,0,0,0,70000,0,0,0,110000,40000,70000,70000
053859,台積電元大97購09,0,0,0,0,0,0,0,0,0,70000,0,0,0,370000,300000,70000,70000
053389,彩晶元大98購01  ,0,0,0,0,0,0,0,0,0,70000,0,0,0,210000,140000,70000,70000
053501,明泰兆豐96購01  ,0,0,0,0,0,0,0,0,0,70000,0,0,0,70000,0,70000,70000
053534,微星永豐96購02  ,0,0,0,0,0,0,0,0,0,70000,0,0,0,368000,298000,70000,70000
051938,旭富群益95購01  ,0,0,0,0,0,0,0,0,0,70000,0,0,0,368000,298000,70000,70000
06152P,玉晶光元大98售06,0,0,0,0,0,0,0,0,0,70000,0,0,0,168000,98000,70000,70000
2314,台揚            ,98000,29000,69000,0,0,0,0,0,0,1000,1000,0,1000,0,0,0,70000
055012,茂林元富97購01  ,0,0,0,0,0,0,0,0,0,69000,0,0,0,260000,191000,69000,69000
055369,友訊元大97購01  ,0,0,0,0,0,0,0,0,0,69000,0,0,0,75000,6000,69000,69000
055390,國巨統一98購03  ,0,0,0,0,0,0,0,0,0,69000,0,0,0,79000,10000,69000,69000
056284,台積電永豐97購06,0,0,0,0,0,0,0,0,0,69000,0,0,0,69000,0,69000,69000
056345,嘉聯益凱基99購01,0,0,0,0,0,0,0,0,0,69000,0,0,0,338000,269000,69000,69000
056745,聯茂凱基99購03  ,0,0,0,0,0,0,0,0,0,69000,0,0,0,69000,0,69000,69000
046550,燿華日盛92購01  ,0,0,0,0,0,0,0,0,0,69000,0,0,0,69000,0,69000,69000
047287,貿聯統一95購01  ,0,0,0,0,0,0,0,0,0,69000,0,0,0,69000,0,69000,69000
046409,富邦金元大92購02,0,0,0,0,0,0,0,0,0,69000,0,0,0,81000,12000,69000,69000
048410,和碩群益93購01  ,0,0,0,0,0,0,0,0,0,69000,0,0,0,109000,40000,69000,69000
048571,美利達元大96購03,0,0,0,0,0,0,0,0,0,69000,0,0,0,69000,0,69000,69000
048945,訊連永豐94購01  ,0,0,0,0,0,0,0,0,0,69000,0,0,0,141000,72000,69000,69000
050458,台郡元大94購03  ,0,0,0,0,0,0,0,0,0,69000,0,0,0,80000,11000,69000,69000
05303P,華通國泰97售01  ,0,0,0,0,0,0,0,0,0,69000,0,0,0,69000,0,69000,69000
054370,台積電中信9A購01,0,0,0,0,0,0,0,0,0,69000,0,0,0,110000,41000,69000,69000
053966,旺宏元大96購08  ,0,0,0,0,0,0,0,0,0,69000,0,0,0,298000,229000,69000,69000
05869P,旺宏凱基96售05  ,0,0,0,0,0,0,0,0,0,69000,0,0,0,119000,50000,69000,69000
056205,貿聯永豐97購01  ,0,0,0,0,0,0,0,0,0,68000,0,0,0,68000,0,68000,68000
056065,奇鋐元大97購01  ,0,0,0,0,0,0,0,0,0,68000,0,0,0,68000,0,68000,68000
055835,華邦電元大97購03,0,0,0,0,0,0,0,0,0,68000,0,0,0,68000,0,68000,68000
056057,華邦電元大97購05,0,0,0,0,0,0,0,0,0,68000,0,0,0,68000,0,68000,68000
056031,勤誠康和97購02  ,0,0,0,0,0,0,0,0,0,68000,0,0,0,68000,0,68000,68000
055183,聯鈞統一97購01  ,0,0,0,0,0,0,0,0,0,68000,0,0,0,116000,48000,68000,68000
055279,華邦電元大97購02,0,0,0,0,0,0,0,0,0,68000,0,0,0,68000,0,68000,68000
055595,宏達電元大98購02,0,0,0,0,0,0,0,0,0,68000,0,0,0,68000,0,68000,68000
055111,宏盛凱基97購01  ,0,0,0,0,0,0,0,0,0,68000,0,0,0,68000,0,68000,68000
054760,台化國票9A購01  ,0,0,0,0,0,0,0,0,0,68000,0,0,0,68000,0,68000,68000
054819,裕民元大9A購01  ,0,0,0,0,0,0,0,0,0,68000,0,0,0,68000,0,68000,68000
047931,日月光凱基93購01,0,0,0,0,0,0,0,0,0,68000,0,0,0,68000,0,68000,68000
047292,台光電元富96購01,0,0,0,0,0,0,0,0,0,68000,0,0,0,70000,2000,68000,68000
047385,華邦電元大94購02,0,0,0,0,0,0,0,0,0,68000,0,0,0,68000,0,68000,68000
04723P,美律凱基94售06  ,0,0,0,0,0,0,0,0,0,68000,0,0,0,68000,0,68000,68000
045168,欣興中信93購02  ,0,0,0,0,0,0,0,0,0,68000,0,0,0,88000,20000,68000,68000
00711B,FH彭博新興債    ,0,0,0,0,0,0,0,0,0,68000,0,0,0,178000,110000,68000,68000
044511,全新凱基92購01  ,0,0,0,0,0,0,0,0,0,68000,0,0,0,78000,10000,68000,68000
045516,聯茂統一94購01  ,0,0,0,0,0,0,0,0,0,68000,0,0,0,68000,0,68000,68000
050474,鴻海永豐94購05  ,0,0,0,0,0,0,0,0,0,68000,0,0,0,68000,0,68000,68000
051236,鴻海元大96購05  ,0,0,0,0,0,0,0,0,0,68000,0,0,0,68000,0,68000,68000
051246,美律元大96購01  ,0,0,0,0,0,0,0,0,0,68000,0,0,0,68000,0,68000,68000
051187,晶相光永豐95購01,0,0,0,0,0,0,0,0,0,68000,0,0,0,68000,0,68000,68000
050997,麗豐元大95購03  ,0,0,0,0,0,0,0,0,0,68000,0,0,0,68000,0,68000,68000
050646,美律凱基96購01  ,0,0,0,0,0,0,0,0,0,68000,0,0,0,68000,0,68000,68000
050901,樺漢元大95購02  ,0,0,0,0,0,0,0,0,0,68000,0,0,0,82000,14000,68000,68000
049138,台積電元大94購05,0,0,0,0,0,0,0,0,0,68000,0,0,0,357000,289000,68000,68000
049905,為升元大94購05  ,0,0,0,0,0,0,0,0,0,68000,0,0,0,68000,0,68000,68000
049042,玉晶光兆豐95購01,0,0,0,0,0,0,0,0,0,68000,0,0,0,187000,119000,68000,68000
050806,華新科日盛95購01,0,0,0,0,0,0,0,0,0,68000,0,0,0,249000,181000,68000,68000
050020,為升元大94購06  ,0,0,0,0,0,0,0,0,0,68000,0,0,0,68000,0,68000,68000
051409,美律國票96購01  ,0,0,0,0,0,0,0,0,0,68000,0,0,0,74000,6000,68000,68000
051356,全新元大96購04  ,0,0,0,0,0,0,0,0,0,68000,0,0,0,68000,0,68000,68000
051342,光寶科元大95購01,0,0,0,0,0,0,0,0,0,68000,0,0,0,122000,54000,68000,68000
054042,華泰元大96購01  ,0,0,0,0,0,0,0,0,0,68000,0,0,0,81000,13000,68000,68000
053954,貿聯康和96購01  ,0,0,0,0,0,0,0,0,0,68000,0,0,0,68000,0,68000,68000
053375,鴻海元大96購18  ,0,0,0,0,0,0,0,0,0,68000,0,0,0,68000,0,68000,68000
053783,聯發科元大96購17,0,0,0,0,0,0,0,0,0,68000,0,0,0,88000,20000,68000,68000
053585,友達元大9C購03  ,0,0,0,0,0,0,0,0,0,68000,0,0,0,221000,153000,68000,68000
053106,鴻海兆豐98購01  ,0,0,0,0,0,0,0,0,0,68000,0,0,0,78000,10000,68000,68000
053156,緯創元大96購02  ,0,0,0,0,0,0,0,0,0,68000,0,0,0,68000,0,68000,68000
052923,台積電永豐96購02,0,0,0,0,0,0,0,0,0,68000,0,0,0,68000,0,68000,68000
052536,聯茂國泰97購01  ,0,0,0,0,0,0,0,0,0,68000,0,0,0,71000,3000,68000,68000
052569,聯發科凱基96購08,0,0,0,0,0,0,0,0,0,68000,0,0,0,68000,0,68000,68000
051908,國泰金元大96購02,0,0,0,0,0,0,0,0,0,68000,0,0,0,68000,0,68000,68000
052221,東元凱基95購01  ,0,0,0,0,0,0,0,0,0,68000,0,0,0,68000,0,68000,68000
4737,華廣            ,77000,8000,69000,0,0,0,0,0,0,-1000,0,1000,-1000,0,0,0,68000
054607,台積電永豐97購03,0,0,0,0,0,0,0,0,0,67000,0,0,0,211000,144000,67000,67000
055698,茂林國票98購03  ,0,0,0,0,0,0,0,0,0,67000,0,0,0,111000,44000,67000,67000
055322,欣興國票97購06  ,0,0,0,0,0,0,0,0,0,67000,0,0,0,78000,11000,67000,67000
056156,禾伸堂凱基98購04,0,0,0,0,0,0,0,0,0,67000,0,0,0,106000,39000,67000,67000
056566,臻鼎群益98購01  ,0,0,0,0,0,0,0,0,0,67000,0,0,0,197000,130000,67000,67000
044200,群創國票93購01  ,0,0,0,0,0,0,0,0,0,67000,0,0,0,67000,0,67000,67000
049528,台積電中信94購01,0,0,0,0,0,0,0,0,0,67000,0,0,0,127000,60000,67000,67000
049024,玉晶光群益97購01,0,0,0,0,0,0,0,0,0,67000,0,0,0,78000,11000,67000,67000
049084,欣興凱基94購03  ,0,0,0,0,0,0,0,0,0,67000,0,0,0,67000,0,67000,67000
051297,台積電凱基95購07,0,0,0,0,0,0,0,0,0,67000,0,0,0,97000,30000,67000,67000
050664,全新台新94購02  ,0,0,0,0,0,0,0,0,0,67000,0,0,0,331000,264000,67000,67000
048867,台積電兆豐95購01,0,0,0,0,0,0,0,0,0,67000,0,0,0,87000,20000,67000,67000
053066,欣興群益96購02  ,0,0,0,0,0,0,0,0,0,67000,0,0,0,93000,26000,67000,67000
053965,聯電元大98購04  ,0,0,0,0,0,0,0,0,0,67000,0,0,0,582000,515000,67000,67000
054189,貿聯永豐96購03  ,0,0,0,0,0,0,0,0,0,67000,0,0,0,77000,10000,67000,67000
055765,臺股指群益97購03,0,0,0,0,0,0,0,0,0,66000,0,0,0,66000,0,66000,66000
055745,臻鼎元富97購01  ,0,0,0,0,0,0,0,0,0,66000,0,0,0,86000,20000,66000,66000
055531,華新科群益98購03,0,0,0,0,0,0,0,0,0,66000,0,0,0,99000,33000,66000,66000
055006,晶相光元富9A購01,0,0,0,0,0,0,0,0,0,66000,0,0,0,114000,48000,66000,66000
043944,欣興兆豐93購02  ,0,0,0,0,0,0,0,0,0,66000,0,0,0,66000,0,66000,66000
04025P,宏達電國泰94售01,0,0,0,0,0,0,0,0,0,66000,0,0,0,105000,39000,66000,66000
04268P,南電元富93售03  ,0,0,0,0,0,0,0,0,0,66000,0,0,0,66000,0,66000,66000
049554,禾伸堂富邦96購01,0,0,0,0,0,0,0,0,0,66000,0,0,0,118000,52000,66000,66000
048598,瑞昱國票93購03  ,0,0,0,0,0,0,0,0,0,66000,0,0,0,76000,10000,66000,66000
054400,健策永豐96購02  ,0,0,0,0,0,0,0,0,0,66000,0,0,0,287000,221000,66000,66000
054327,亞光台新96購02  ,0,0,0,0,0,0,0,0,0,66000,0,0,0,76000,10000,66000,66000
053520,康友群益96購01  ,0,0,0,0,0,0,0,0,0,66000,0,0,0,141000,75000,66000,66000
052663,奇鋐國票97購01  ,0,0,0,0,0,0,0,0,0,66000,0,0,0,76000,10000,66000,66000
052155,百和台新95購01  ,0,0,0,0,0,0,0,0,0,66000,0,0,0,76000,10000,66000,66000
054801,康友群益97購02  ,0,0,0,0,0,0,0,0,0,65000,0,0,0,102000,37000,65000,65000
055230,大毅國票98購01  ,0,0,0,0,0,0,0,0,0,65000,0,0,0,70000,5000,65000,65000
055968,祥碩元大97購04  ,0,0,0,0,0,0,0,0,0,65000,0,0,0,67000,2000,65000,65000
056376,玉晶光統一98購01,0,0,0,0,0,0,0,0,0,65000,0,0,0,263000,198000,65000,65000
056262,台積電統一98購04,0,0,0,0,0,0,0,0,0,65000,0,0,0,65000,0,65000,65000
04947P,聯詠元大94售05  ,0,0,0,0,0,0,0,0,0,65000,0,0,0,65000,0,65000,65000
048378,貿聯元富93購01  ,0,0,0,0,0,0,0,0,0,65000,0,0,0,80000,15000,65000,65000
051240,台積電元大95購12,0,0,0,0,0,0,0,0,0,65000,0,0,0,222000,157000,65000,65000
051640,GIS國票96購03   ,0,0,0,0,0,0,0,0,0,65000,0,0,0,66000,1000,65000,65000
051773,元大金中信95購02,0,0,0,0,0,0,0,0,0,65000,0,0,0,65000,0,65000,65000
054336,台積電統一96購11,0,0,0,0,0,0,0,0,0,65000,0,0,0,276000,211000,65000,65000
054253,宏達電元大97購03,0,0,0,0,0,0,0,0,0,65000,0,0,0,68000,3000,65000,65000
053968,華邦電元大97購01,0,0,0,0,0,0,0,0,0,65000,0,0,0,72000,7000,65000,65000
055832,台達電元大97購02,0,0,0,0,0,0,0,0,0,64000,0,0,0,115000,51000,64000,64000
055234,昇陽半國票98購02,0,0,0,0,0,0,0,0,0,64000,0,0,0,84000,20000,64000,64000
055422,康控永豐97購01  ,0,0,0,0,0,0,0,0,0,64000,0,0,0,252000,188000,64000,64000
055528,華邦電群益97購01,0,0,0,0,0,0,0,0,0,64000,0,0,0,74000,10000,64000,64000
054907,帆宣康和97購01  ,0,0,0,0,0,0,0,0,0,64000,0,0,0,70000,6000,64000,64000
045907,鴻海中信94購02  ,0,0,0,0,0,0,0,0,0,64000,0,0,0,94000,30000,64000,64000
041528,國泰金中信93購01,0,0,0,0,0,0,0,0,0,64000,0,0,0,80000,16000,64000,64000
046628,大立光統一98購01,0,0,0,0,0,0,0,0,0,64000,0,0,0,109000,45000,64000,64000
051495,玉晶光第一95購02,0,0,0,0,0,0,0,0,0,64000,0,0,0,64000,0,64000,64000
049668,大立光國泰96購02,0,0,0,0,0,0,0,0,0,64000,0,0,0,256000,192000,64000,64000
051232,貿聯群益95購02  ,0,0,0,0,0,0,0,0,0,64000,0,0,0,84000,20000,64000,64000
051106,華通統一95購02  ,0,0,0,0,0,0,0,0,0,64000,0,0,0,65000,1000,64000,64000
053994,微星群益96購01  ,0,0,0,0,0,0,0,0,0,64000,0,0,0,74000,10000,64000,64000
053652,友達凱基98購04  ,0,0,0,0,0,0,0,0,0,64000,0,0,0,74000,10000,64000,64000
051967,康友永豐95購02  ,0,0,0,0,0,0,0,0,0,64000,0,0,0,74000,10000,64000,64000
052019,創意永豐95購02  ,0,0,0,0,0,0,0,0,0,64000,0,0,0,68000,4000,64000,64000
053152,大立光元大99購01,0,0,0,0,0,0,0,0,0,64000,0,0,0,106000,42000,64000,64000
054899,南港康和97購01  ,0,0,0,0,0,0,0,0,0,63000,0,0,0,67000,4000,63000,63000
054621,華新科兆豐98購01,0,0,0,0,0,0,0,0,0,63000,0,0,0,95000,32000,63000,63000
054555,欣興凱基98購01  ,0,0,0,0,0,0,0,0,0,63000,0,0,0,159000,96000,63000,63000
056033,T50正2凱基99購02,0,0,0,0,0,0,0,0,0,63000,0,0,0,133000,70000,63000,63000
056260,鴻海統一98購07  ,0,0,0,0,0,0,0,0,0,63000,0,0,0,63000,0,63000,63000
056693,國產群益98購01  ,0,0,0,0,0,0,0,0,0,63000,0,0,0,64000,1000,63000,63000
03418B,臺股指元大95熊20,0,0,0,0,0,0,0,0,0,63000,0,0,0,133000,70000,63000,63000
050445,鴻海元大94購21  ,0,0,0,0,0,0,0,0,0,63000,0,0,0,593000,530000,63000,63000
050416,高股息凱基96購02,0,0,0,0,0,0,0,0,0,63000,0,0,0,65000,2000,63000,63000
051065,台積電國票96購01,0,0,0,0,0,0,0,0,0,63000,0,0,0,64000,1000,63000,63000
050990,T50反1元大95購01,0,0,0,0,0,0,0,0,0,63000,0,0,0,519000,456000,63000,63000
052107,台積電統一95購06,0,0,0,0,0,0,0,0,0,63000,0,0,0,458000,395000,63000,63000
053164,台光電群益96購02,0,0,0,0,0,0,0,0,0,63000,0,0,0,85000,22000,63000,63000
052970,美律群益96購01  ,0,0,0,0,0,0,0,0,0,63000,0,0,0,86000,23000,63000,63000
053446,欣興凱基96購02  ,0,0,0,0,0,0,0,0,0,63000,0,0,0,103000,40000,63000,63000
054108,台積電凱基96購22,0,0,0,0,0,0,0,0,0,63000,0,0,0,77000,14000,63000,63000
056833,和大元富9B購01  ,0,0,0,0,0,0,0,0,0,62000,0,0,0,62000,0,62000,62000
056453,禾伸堂凱基99購02,0,0,0,0,0,0,0,0,0,62000,0,0,0,170000,108000,62000,62000
056496,康控國泰99購01  ,0,0,0,0,0,0,0,0,0,62000,0,0,0,152000,90000,62000,62000
056269,新日興統一98購01,0,0,0,0,0,0,0,0,0,62000,0,0,0,464000,402000,62000,62000
056131,鴻海元大97購12  ,0,0,0,0,0,0,0,0,0,62000,0,0,0,255000,193000,62000,62000
055988,矽力元富97購01  ,0,0,0,0,0,0,0,0,0,62000,0,0,0,64000,2000,62000,62000
055044,信錦永豐97購01  ,0,0,0,0,0,0,0,0,0,62000,0,0,0,62000,0,62000,62000
046870,大立光統一95購01,0,0,0,0,0,0,0,0,0,62000,0,0,0,71000,9000,62000,62000
04464P,可成元富94售04  ,0,0,0,0,0,0,0,0,0,62000,0,0,0,72000,10000,62000,62000
050202,建準群益95購01  ,0,0,0,0,0,0,0,0,0,62000,0,0,0,86000,24000,62000,62000
05006P,華通元富95售01  ,0,0,0,0,0,0,0,0,0,62000,0,0,0,164000,102000,62000,62000
050717,京鼎群益96購01  ,0,0,0,0,0,0,0,0,0,62000,0,0,0,72000,10000,62000,62000
051300,台光電凱基96購02,0,0,0,0,0,0,0,0,0,62000,0,0,0,62000,0,62000,62000
054460,和大凱基97購01  ,0,0,0,0,0,0,0,0,0,62000,0,0,0,64000,2000,62000,62000
05186P,鈺齊中信95售02  ,0,0,0,0,0,0,0,0,0,62000,0,0,0,62000,0,62000,62000
052217,台光電日盛95購01,0,0,0,0,0,0,0,0,0,62000,0,0,0,85000,23000,62000,62000
6177,達麗            ,73000,11000,62000,0,0,0,0,0,0,0,0,0,0,0,0,0,62000
3698,隆達            ,151000,81000,70000,0,0,0,0,0,0,-8000,4000,2000,2000,0,10000,-10000,62000
8463,潤泰材          ,89000,27000,62000,0,0,0,0,0,0,0,0,0,0,0,0,0,62000
2538,基泰            ,71000,10000,61000,0,0,0,0,0,0,1000,1000,0,1000,0,0,0,62000
055469,台光電凱基97購01,0,0,0,0,0,0,0,0,0,61000,0,0,0,61000,0,61000,61000
055298,啟碁元大97購02  ,0,0,0,0,0,0,0,0,0,61000,0,0,0,75000,14000,61000,61000
056603,嘉聯益國泰9A購01,0,0,0,0,0,0,0,0,0,61000,0,0,0,61000,0,61000,61000
045230,嘉聯益元大93購01,0,0,0,0,0,0,0,0,0,61000,0,0,0,61000,0,61000,61000
045457,光磊元大93購01  ,0,0,0,0,0,0,0,0,0,61000,0,0,0,61000,0,61000,61000
045436,友達統一93購02  ,0,0,0,0,0,0,0,0,0,61000,0,0,0,61000,0,61000,61000
044988,玉晶光統一95購01,0,0,0,0,0,0,0,0,0,61000,0,0,0,87000,26000,61000,61000
04963P,鴻海元大94售25  ,0,0,0,0,0,0,0,0,0,61000,0,0,0,159000,98000,61000,61000
048878,康控國票95購02  ,0,0,0,0,0,0,0,0,0,61000,0,0,0,88000,27000,61000,61000
050161,鴻海國泰96購03  ,0,0,0,0,0,0,0,0,0,61000,0,0,0,74000,13000,61000,61000
050254,大立光富邦96購02,0,0,0,0,0,0,0,0,0,61000,0,0,0,76000,15000,61000,61000
051547,健鼎康和95購01  ,0,0,0,0,0,0,0,0,0,61000,0,0,0,61000,0,61000,61000
052322,力成元大96購01  ,0,0,0,0,0,0,0,0,0,61000,0,0,0,105000,44000,61000,61000
052053,泰鼎凱基96購01  ,0,0,0,0,0,0,0,0,0,61000,0,0,0,61000,0,61000,61000
054027,欣興凱基96購04  ,0,0,0,0,0,0,0,0,0,61000,0,0,0,61000,0,61000,61000
05946P,和碩中信96售01  ,0,0,0,0,0,0,0,0,0,61000,0,0,0,64000,3000,61000,61000
6533,晶心科          ,92000,31000,61000,0,0,0,0,0,0,0,0,0,0,0,0,0,61000
05653P,華邦電統一96售02,0,0,0,0,0,0,0,0,0,60000,0,0,0,152000,92000,60000,60000
056839,台光電元富98購02,0,0,0,0,0,0,0,0,0,60000,0,0,0,73000,13000,60000,60000
056742,玉晶光凱基9A購01,0,0,0,0,0,0,0,0,0,60000,0,0,0,72000,12000,60000,60000
055754,和大兆豐97購01  ,0,0,0,0,0,0,0,0,0,60000,0,0,0,60000,0,60000,60000
056141,聯茂元大97購05  ,0,0,0,0,0,0,0,0,0,60000,0,0,0,151000,91000,60000,60000
056150,台光電凱基98購02,0,0,0,0,0,0,0,0,0,60000,0,0,0,60000,0,60000,60000
056353,鴻海元大99購02  ,0,0,0,0,0,0,0,0,0,60000,0,0,0,185000,125000,60000,60000
055028,佐登國泰98購01  ,0,0,0,0,0,0,0,0,0,60000,0,0,0,70000,10000,60000,60000
055026,健和興國泰98購01,0,0,0,0,0,0,0,0,0,60000,0,0,0,60000,0,60000,60000
054989,精元元富97購01  ,0,0,0,0,0,0,0,0,0,60000,0,0,0,60000,0,60000,60000
03689P,TPK元富93售01   ,0,0,0,0,0,0,0,0,0,60000,0,0,0,60000,0,60000,60000
04150P,燿華康和93售01  ,0,0,0,0,0,0,0,0,0,60000,0,0,0,60000,0,60000,60000
04189P,台積電兆豐94售02,0,0,0,0,0,0,0,0,0,60000,0,0,0,60000,0,60000,60000
044055,智邦元大92購03  ,0,0,0,0,0,0,0,0,0,60000,0,0,0,60000,0,60000,60000
044763,瀚宇博凱基93購01,0,0,0,0,0,0,0,0,0,60000,0,0,0,100000,40000,60000,60000
04664P,臺股指國票94售03,0,0,0,0,0,0,0,0,0,60000,0,0,0,60000,0,60000,60000
045592,台郡元大92購04  ,0,0,0,0,0,0,0,0,0,60000,0,0,0,60000,0,60000,60000
046043,日月光元大92購02,0,0,0,0,0,0,0,0,0,60000,0,0,0,60000,0,60000,60000
047027,新光金元大95購01,0,0,0,0,0,0,0,0,0,60000,0,0,0,100000,40000,60000,60000
047352,和鑫凱基94購02  ,0,0,0,0,0,0,0,0,0,60000,0,0,0,60000,0,60000,60000
047433,鴻海元大93購16  ,0,0,0,0,0,0,0,0,0,60000,0,0,0,190000,130000,60000,60000
051400,國巨永豐95購01  ,0,0,0,0,0,0,0,0,0,60000,0,0,0,138000,78000,60000,60000
051410,京元電國票96購01,0,0,0,0,0,0,0,0,0,60000,0,0,0,60000,0,60000,60000
051638,聯茂國票96購01  ,0,0,0,0,0,0,0,0,0,60000,0,0,0,100000,40000,60000,60000
050269,欣興元大94購09  ,0,0,0,0,0,0,0,0,0,60000,0,0,0,255000,195000,60000,60000
049908,鴻海元大94購08  ,0,0,0,0,0,0,0,0,0,60000,0,0,0,63000,3000,60000,60000
050021,鴻海元大94購10  ,0,0,0,0,0,0,0,0,0,60000,0,0,0,90000,30000,60000,60000
050980,欣興元富95購02  ,0,0,0,0,0,0,0,0,0,60000,0,0,0,60000,0,60000,60000
049675,台光電國票95購01,0,0,0,0,0,0,0,0,0,60000,0,0,0,60000,0,60000,60000
051123,和鑫群益95購01  ,0,0,0,0,0,0,0,0,0,60000,0,0,0,62000,2000,60000,60000
048441,台積電凱基93購29,0,0,0,0,0,0,0,0,0,60000,0,0,0,90000,30000,60000,60000
049205,聯發科群益94購05,0,0,0,0,0,0,0,0,0,60000,0,0,0,60000,0,60000,60000
049281,嘉聯益國票95購01,0,0,0,0,0,0,0,0,0,60000,0,0,0,60000,0,60000,60000
050892,聯電元大96購02  ,0,0,0,0,0,0,0,0,0,60000,0,0,0,89000,29000,60000,60000
048998,玉晶光國票95購03,0,0,0,0,0,0,0,0,0,60000,0,0,0,164000,104000,60000,60000
049736,宏達電群益95購03,0,0,0,0,0,0,0,0,0,60000,0,0,0,60000,0,60000,60000
054503,京鼎永豐96購04  ,0,0,0,0,0,0,0,0,0,60000,0,0,0,60000,0,60000,60000
054315,訊芯凱基98購01  ,0,0,0,0,0,0,0,0,0,60000,0,0,0,60000,0,60000,60000
053447,京鼎凱基96購03  ,0,0,0,0,0,0,0,0,0,60000,0,0,0,60000,0,60000,60000
053398,和鑫中信99購01  ,0,0,0,0,0,0,0,0,0,60000,0,0,0,60000,0,60000,60000
053219,祥碩凱基96購01  ,0,0,0,0,0,0,0,0,0,60000,0,0,0,61000,1000,60000,60000
053558,訊芯凱基96購02  ,0,0,0,0,0,0,0,0,0,60000,0,0,0,124000,64000,60000,60000
053577,上証2X元大96購02,0,0,0,0,0,0,0,0,0,60000,0,0,0,60000,0,60000,60000
053777,台積電元大96購20,0,0,0,0,0,0,0,0,0,60000,0,0,0,310000,250000,60000,60000
052051,京鼎凱基95購01  ,0,0,0,0,0,0,0,0,0,60000,0,0,0,60000,0,60000,60000
051877,嘉聯益國票97購02,0,0,0,0,0,0,0,0,0,60000,0,0,0,60000,0,60000,60000
051756,台積電元大97購04,0,0,0,0,0,0,0,0,0,60000,0,0,0,254000,194000,60000,60000
052360,FB上証國票96購01,0,0,0,0,0,0,0,0,0,60000,0,0,0,160000,100000,60000,60000
053082,聯電元大98購03  ,0,0,0,0,0,0,0,0,0,60000,0,0,0,561000,501000,60000,60000
052679,致伸富邦98購01  ,0,0,0,0,0,0,0,0,0,60000,0,0,0,60000,0,60000,60000
052598,滬深2X元大96購05,0,0,0,0,0,0,0,0,0,60000,0,0,0,100000,40000,60000,60000
052779,欣興國票97購01  ,0,0,0,0,0,0,0,0,0,60000,0,0,0,60000,0,60000,60000
8481,政伸            ,61000,1000,60000,0,0,0,0,0,0,0,0,0,0,0,0,0,60000
05944P,富邦金中信96售01,0,0,0,0,0,0,0,0,0,60000,0,0,0,60000,0,60000,60000
05921P,同欣電元大96售06,0,0,0,0,0,0,0,0,0,60000,0,0,0,60000,0,60000,60000
06020P,燿華元富96售04  ,0,0,0,0,0,0,0,0,0,60000,0,0,0,60000,0,60000,60000
05836P,臺股指元富96售08,0,0,0,0,0,0,0,0,0,60000,0,0,0,60000,0,60000,60000
06177P,玉晶光元大98售07,0,0,0,0,0,0,0,0,0,60000,0,0,0,60000,0,60000,60000
06038P,國泰金台新96售01,0,0,0,0,0,0,0,0,0,60000,0,0,0,60000,0,60000,60000
06457P,玉晶光統一98售02,0,0,0,0,0,0,0,0,0,60000,0,0,0,60000,0,60000,60000
1592,英瑞-KY         ,65000,5000,60000,0,0,0,0,0,0,0,0,0,0,0,0,0,60000
055118,嘉聯益凱基98購02,0,0,0,0,0,0,0,0,0,59000,0,0,0,195000,136000,59000,59000
055231,大毅國票98購02  ,0,0,0,0,0,0,0,0,0,59000,0,0,0,62000,3000,59000,59000
047245,聯發科群益94購03,0,0,0,0,0,0,0,0,0,59000,0,0,0,210000,151000,59000,59000
045716,智邦凱基92購02  ,0,0,0,0,0,0,0,0,0,59000,0,0,0,61000,2000,59000,59000
048442,友訊凱基94購01  ,0,0,0,0,0,0,0,0,0,59000,0,0,0,109000,50000,59000,59000
051298,智邦凱基95購03  ,0,0,0,0,0,0,0,0,0,59000,0,0,0,79000,20000,59000,59000
048291,台積電群益93購09,0,0,0,0,0,0,0,0,0,59000,0,0,0,352000,293000,59000,59000
050267,奇鋐元大94購03  ,0,0,0,0,0,0,0,0,0,59000,0,0,0,59000,0,59000,59000
052762,欣興群益96購01  ,0,0,0,0,0,0,0,0,0,59000,0,0,0,59000,0,59000,59000
053748,燿華永豐96購04  ,0,0,0,0,0,0,0,0,0,59000,0,0,0,71000,12000,59000,59000
053872,臻鼎元大96購04  ,0,0,0,0,0,0,0,0,0,59000,0,0,0,74000,15000,59000,59000
053681,臺股指富邦96購02,0,0,0,0,0,0,0,0,0,59000,0,0,0,71000,12000,59000,59000
053444,奇力新凱基96購03,0,0,0,0,0,0,0,0,0,59000,0,0,0,317000,258000,59000,59000
1702,南僑            ,63000,5000,58000,0,0,0,0,0,0,1000,1000,0,1000,0,0,0,59000
05981P,可成永昌98售02  ,0,0,0,0,0,0,0,0,0,59000,0,0,0,75000,16000,59000,59000
055547,台積電凱基97購13,0,0,0,0,0,0,0,0,0,58000,0,0,0,68000,10000,58000,58000
054984,華泰元富97購01  ,0,0,0,0,0,0,0,0,0,58000,0,0,0,227000,169000,58000,58000
054549,台積電凱基98購01,0,0,0,0,0,0,0,0,0,58000,0,0,0,68000,10000,58000,58000
056248,康友群益97購04  ,0,0,0,0,0,0,0,0,0,58000,0,0,0,78000,20000,58000,58000
055839,瑞昱元大97購04  ,0,0,0,0,0,0,0,0,0,58000,0,0,0,68000,10000,58000,58000
055954,南港元大97購02  ,0,0,0,0,0,0,0,0,0,58000,0,0,0,164000,106000,58000,58000
045703,技嘉日盛92購01  ,0,0,0,0,0,0,0,0,0,58000,0,0,0,125000,67000,58000,58000
047322,日月光元大93購04,0,0,0,0,0,0,0,0,0,58000,0,0,0,68000,10000,58000,58000
050569,英業達中信94購01,0,0,0,0,0,0,0,0,0,58000,0,0,0,58000,0,58000,58000
047574,和大群益93購03  ,0,0,0,0,0,0,0,0,0,58000,0,0,0,58000,0,58000,58000
04475P,欣興元大94售03  ,0,0,0,0,0,0,0,0,0,58000,0,0,0,103000,45000,58000,58000
045470,康控元大94購03  ,0,0,0,0,0,0,0,0,0,58000,0,0,0,78000,20000,58000,58000
00753L,中信中國50正2   ,0,0,0,0,0,0,0,0,0,58000,0,0,0,237000,179000,58000,58000
03364P,金像電元大02售05,0,0,0,0,0,0,0,0,0,58000,0,0,0,58000,0,58000,58000
048351,旺宏台新94購02  ,0,0,0,0,0,0,0,0,0,58000,0,0,0,58000,0,58000,58000
051163,鴻海元大95購04  ,0,0,0,0,0,0,0,0,0,58000,0,0,0,68000,10000,58000,58000
048850,聯電群益96購01  ,0,0,0,0,0,0,0,0,0,58000,0,0,0,91000,33000,58000,58000
053414,臻鼎國票97購01  ,0,0,0,0,0,0,0,0,0,58000,0,0,0,58000,0,58000,58000
053376,鴻海元大96購19  ,0,0,0,0,0,0,0,0,0,58000,0,0,0,168000,110000,58000,58000
053293,聯發科中信9B購01,0,0,0,0,0,0,0,0,0,58000,0,0,0,60000,2000,58000,58000
053688,燿華元大96購05  ,0,0,0,0,0,0,0,0,0,58000,0,0,0,127000,69000,58000,58000
053566,大立光富邦99購03,0,0,0,0,0,0,0,0,0,58000,0,0,0,60000,2000,58000,58000
053734,友達中信98購02  ,0,0,0,0,0,0,0,0,0,58000,0,0,0,447000,389000,58000,58000
054475,鴻海中信96購04  ,0,0,0,0,0,0,0,0,0,58000,0,0,0,78000,20000,58000,58000
054442,啟碁台新96購01  ,0,0,0,0,0,0,0,0,0,58000,0,0,0,120000,62000,58000,58000
054180,亞泥康和96購01  ,0,0,0,0,0,0,0,0,0,58000,0,0,0,58000,0,58000,58000
052603,鴻海元大96購15  ,0,0,0,0,0,0,0,0,0,58000,0,0,0,68000,10000,58000,58000
053019,禾伸堂元富96購01,0,0,0,0,0,0,0,0,0,58000,0,0,0,143000,85000,58000,58000
052447,聯發科元大96購04,0,0,0,0,0,0,0,0,0,58000,0,0,0,68000,10000,58000,58000
056017,台積電群益97購04,0,0,0,0,0,0,0,0,0,57000,0,0,0,536000,479000,57000,57000
05613P,臻鼎台新96售01  ,0,0,0,0,0,0,0,0,0,57000,0,0,0,60000,3000,57000,57000
056881,台灣50康和9A購01,0,0,0,0,0,0,0,0,0,57000,0,0,0,57000,0,57000,57000
055570,華通統一98購03  ,0,0,0,0,0,0,0,0,0,57000,0,0,0,266000,209000,57000,57000
044081,鴻海國票92購01  ,0,0,0,0,0,0,0,0,0,57000,0,0,0,57000,0,57000,57000
047648,智伸科元大93購05,0,0,0,0,0,0,0,0,0,57000,0,0,0,57000,0,57000,57000
047742,友達統一93購04  ,0,0,0,0,0,0,0,0,0,57000,0,0,0,57000,0,57000,57000
049003,智邦中信95購01  ,0,0,0,0,0,0,0,0,0,57000,0,0,0,87000,30000,57000,57000
049703,訊芯元大95購01  ,0,0,0,0,0,0,0,0,0,57000,0,0,0,80000,23000,57000,57000
049846,台泥群益94購01  ,0,0,0,0,0,0,0,0,0,57000,0,0,0,70000,13000,57000,57000
050753,百和統一94購01  ,0,0,0,0,0,0,0,0,0,57000,0,0,0,113000,56000,57000,57000
052188,欣興群益95購03  ,0,0,0,0,0,0,0,0,0,57000,0,0,0,57000,0,57000,57000
052885,高鐵兆豐98購01  ,0,0,0,0,0,0,0,0,0,57000,0,0,0,62000,5000,57000,57000
054213,欣興國票97購04  ,0,0,0,0,0,0,0,0,0,57000,0,0,0,111000,54000,57000,57000
05913P,國巨元大96售11  ,0,0,0,0,0,0,0,0,0,57000,0,0,0,62000,5000,57000,57000
06339P,上銀統一97售06  ,0,0,0,0,0,0,0,0,0,57000,0,0,0,62000,5000,57000,57000
2342,茂矽            ,81000,24000,57000,0,0,0,0,0,0,0,0,0,0,0,0,0,57000
056169,鴻海元富97購08  ,0,0,0,0,0,0,0,0,0,56000,0,0,0,58000,2000,56000,56000
055943,瑞昱麥證97購01  ,0,0,0,90000,45000,45000,0,0,0,56000,0,0,0,101000,45000,56000,56000
047782,燿華國泰95購01  ,0,0,0,0,0,0,0,0,0,56000,0,0,0,56000,0,56000,56000
03652C,臺股指元大03牛01,0,0,0,0,0,0,0,0,0,56000,0,0,0,56000,0,56000,56000
04756P,大立光元富94售08,0,0,0,0,0,0,0,0,0,56000,0,0,0,56000,0,56000,56000
049487,智邦元大94購03  ,0,0,0,0,0,0,0,0,0,56000,0,0,0,132000,76000,56000,56000
046896,臻鼎群益94購01  ,0,0,0,0,0,0,0,0,0,56000,0,0,0,116000,60000,56000,56000
050306,聯發科中信97購01,0,0,0,0,0,0,0,0,0,56000,0,0,0,117000,61000,56000,56000
051380,禾伸堂群益95購01,0,0,0,0,0,0,0,0,0,56000,0,0,0,70000,14000,56000,56000
051650,矽力永豐95購01  ,0,0,0,0,0,0,0,0,0,56000,0,0,0,58000,2000,56000,56000
054249,技嘉元大96購03  ,0,0,0,0,0,0,0,0,0,56000,0,0,0,608000,552000,56000,56000
054414,全新元大97購02  ,0,0,0,0,0,0,0,0,0,56000,0,0,0,212000,156000,56000,56000
054387,台積電統一98購02,0,0,0,0,0,0,0,0,0,56000,0,0,0,191000,135000,56000,56000
053850,嘉澤元富96購03  ,0,0,0,0,0,0,0,0,0,56000,0,0,0,151000,95000,56000,56000
053698,中磊元大96購02  ,0,0,0,0,0,0,0,0,0,56000,0,0,0,56000,0,56000,56000
052993,欣興台新97購01  ,0,0,0,0,0,0,0,0,0,56000,0,0,0,72000,16000,56000,56000
052607,大立光元大96購03,0,0,0,0,0,0,0,0,0,56000,0,0,0,65000,9000,56000,56000
3016,嘉晶            ,196000,153000,43000,0,0,0,0,0,0,13000,0,0,0,15000,2000,13000,56000
3437,榮創            ,105000,49000,56000,0,0,0,0,0,0,0,0,0,0,0,0,0,56000
056000,佳世達永豐97購01,0,0,0,0,0,0,0,0,0,55000,0,0,0,55000,0,55000,55000
055730,建準元富97購02  ,0,0,0,0,0,0,0,0,0,55000,0,0,0,55000,0,55000,55000
055803,鎧勝永豐97購01  ,0,0,0,0,0,0,0,0,0,55000,0,0,0,55000,0,55000,55000
055464,聚陽凱基97購01  ,0,0,0,0,0,0,0,0,0,55000,0,0,0,55000,0,55000,55000
055670,矽創群益98購02  ,0,0,0,0,0,0,0,0,0,55000,0,0,0,179000,124000,55000,55000
055277,旺宏元大97購04  ,0,0,0,0,0,0,0,0,0,55000,0,0,0,148000,93000,55000,55000
050438,欣興凱基94購09  ,0,0,0,0,0,0,0,0,0,55000,0,0,0,55000,0,55000,55000
04506P,旺宏元大94售06  ,0,0,0,0,0,0,0,0,0,55000,0,0,0,79000,24000,55000,55000
03148P,聯電群益03售04  ,0,0,0,0,0,0,0,0,0,55000,0,0,0,55000,0,55000,55000
044426,欣興國泰93購02  ,0,0,0,0,0,0,0,0,0,55000,0,0,0,55000,0,55000,55000
043730,旭富國泰93購01  ,0,0,0,0,0,0,0,0,0,55000,0,0,0,140000,85000,55000,55000
051685,台光電凱基95購01,0,0,0,0,0,0,0,0,0,55000,0,0,0,70000,15000,55000,55000
049451,富邦金統一94購03,0,0,0,0,0,0,0,0,0,55000,0,0,0,215000,160000,55000,55000
049765,上証2X元富94購01,0,0,0,0,0,0,0,0,0,55000,0,0,0,55000,0,55000,55000
050453,創意元大95購03  ,0,0,0,0,0,0,0,0,0,55000,0,0,0,68000,13000,55000,55000
051166,可成元大95購02  ,0,0,0,0,0,0,0,0,0,55000,0,0,0,58000,3000,55000,55000
05265P,正崴元大95售03  ,0,0,0,0,0,0,0,0,0,55000,0,0,0,55000,0,55000,55000
052859,國巨凱基96購07  ,0,0,0,0,0,0,0,0,0,55000,0,0,0,66000,11000,55000,55000
053013,台積電統一97購01,0,0,0,0,0,0,0,0,0,55000,0,0,0,55000,0,55000,55000
052969,建準群益97購01  ,0,0,0,0,0,0,0,0,0,55000,0,0,0,71000,16000,55000,55000
053096,康控統一96購01  ,0,0,0,0,0,0,0,0,0,55000,0,0,0,55000,0,55000,55000
052218,大立光日盛95購01,0,0,0,0,0,0,0,0,0,55000,0,0,0,55000,0,55000,55000
051730,為升國票96購02  ,0,0,0,0,0,0,0,0,0,55000,0,0,0,55000,0,55000,55000
053591,大立光元大99購03,0,0,0,0,0,0,0,0,0,55000,0,0,0,127000,72000,55000,55000
053759,晶相光國泰98購01,0,0,0,0,0,0,0,0,0,55000,0,0,0,75000,20000,55000,55000
053458,聯詠國泰97購01  ,0,0,0,0,0,0,0,0,0,55000,0,0,0,105000,50000,55000,55000
054185,喬山永豐96購02  ,0,0,0,0,0,0,0,0,0,55000,0,0,0,55000,0,55000,55000
054062,TPK國票96購02   ,0,0,0,0,0,0,0,0,0,55000,0,0,0,55000,0,55000,55000
053957,瑞昱永豐96購01  ,0,0,0,0,0,0,0,0,0,55000,0,0,0,55000,0,55000,55000
3059,華晶科          ,103000,49000,54000,0,0,0,0,0,0,1000,1000,0,1000,0,0,0,55000
2727,王品            ,70000,14000,56000,0,0,0,0,0,0,-1000,0,1000,-1000,0,0,0,55000
2227,裕日車          ,21000,1000,20000,0,0,0,0,0,0,35000,35000,0,35000,0,0,0,55000
06420P,大立光統一98售06,0,0,0,0,0,0,0,0,0,55000,0,0,0,55000,0,55000,55000
05855P,滬深2X中信9C售01,0,0,0,0,0,0,0,0,0,55000,0,0,0,55000,0,55000,55000
055185,晶相光統一97購01,0,0,0,0,0,0,0,0,0,54000,0,0,0,54000,0,54000,54000
055770,欣興麥證97購01  ,0,0,0,54000,0,54000,0,0,0,54000,0,0,0,54000,0,54000,54000
050431,聯發科凱基94購18,0,0,0,0,0,0,0,0,0,54000,0,0,0,395000,341000,54000,54000
050586,康友國票94購01  ,0,0,0,0,0,0,0,0,0,54000,0,0,0,56000,2000,54000,54000
048534,貿聯國票94購01  ,0,0,0,0,0,0,0,0,0,54000,0,0,0,60000,6000,54000,54000
05158P,華通永豐95售01  ,0,0,0,0,0,0,0,0,0,54000,0,0,0,54000,0,54000,54000
053354,康控兆豐97購02  ,0,0,0,0,0,0,0,0,0,54000,0,0,0,247000,193000,54000,54000
051789,嘉澤國票96購01  ,0,0,0,0,0,0,0,0,0,54000,0,0,0,54000,0,54000,54000
052200,台光電統一95購02,0,0,0,0,0,0,0,0,0,54000,0,0,0,100000,46000,54000,54000
053176,矽力群益96購02  ,0,0,0,0,0,0,0,0,0,54000,0,0,0,162000,108000,54000,54000
3454,晶睿            ,60000,5000,55000,0,0,0,0,0,0,-1000,0,1000,-1000,0,0,0,54000
056008,全新中信9B購01  ,0,0,0,0,0,0,0,0,0,53000,0,0,0,179000,126000,53000,53000
055674,南港康和97購02  ,0,0,0,0,0,0,0,0,0,53000,0,0,0,151000,98000,53000,53000
055001,京鼎元富97購01  ,0,0,0,0,0,0,0,0,0,53000,0,0,0,63000,10000,53000,53000
055093,京鼎群益98購01  ,0,0,0,0,0,0,0,0,0,53000,0,0,0,53000,0,53000,53000
046937,聯電元大99購01  ,0,0,0,0,0,0,0,0,0,53000,0,0,0,60000,7000,53000,53000
046293,聯發科統一94購01,0,0,0,0,0,0,0,0,0,53000,0,0,0,67000,14000,53000,53000
046706,智邦台新93購01  ,0,0,0,0,0,0,0,0,0,53000,0,0,0,53000,0,53000,53000
049937,臺股指元大94購18,0,0,0,0,0,0,0,0,0,53000,0,0,0,53000,0,53000,53000
050039,鴻海中信94購03  ,0,0,0,0,0,0,0,0,0,53000,0,0,0,108000,55000,53000,53000
051062,超眾群益95購02  ,0,0,0,0,0,0,0,0,0,53000,0,0,0,202000,149000,53000,53000
052606,聯發科元大97購04,0,0,0,0,0,0,0,0,0,53000,0,0,0,364000,311000,53000,53000
052146,泰碩群益95購01  ,0,0,0,0,0,0,0,0,0,53000,0,0,0,53000,0,53000,53000
05320P,華通凱基96售03  ,0,0,0,0,0,0,0,0,0,53000,0,0,0,130000,77000,53000,53000
053490,為升兆豐97購01  ,0,0,0,0,0,0,0,0,0,53000,0,0,0,53000,0,53000,53000
053861,台光電元大98購01,0,0,0,0,0,0,0,0,0,53000,0,0,0,75000,22000,53000,53000
054186,高鐵永豐96購01  ,0,0,0,0,0,0,0,0,0,53000,0,0,0,55000,2000,53000,53000
054179,上海銀台新97購01,0,0,0,0,0,0,0,0,0,53000,0,0,0,80000,27000,53000,53000
054425,聯發科富邦99購03,0,0,0,0,0,0,0,0,0,53000,0,0,0,85000,32000,53000,53000
054247,華邦電元大96購04,0,0,0,0,0,0,0,0,0,53000,0,0,0,179000,126000,53000,53000
06031P,新光金兆豐96售02,0,0,0,0,0,0,0,0,0,53000,0,0,0,53000,0,53000,53000
2537,聯上發          ,330000,277000,53000,0,0,0,0,0,0,0,0,0,0,0,0,0,53000
054716,緯穎康和97購01  ,0,0,0,0,0,0,0,0,0,52000,0,0,0,52000,0,52000,52000
055961,國泰金元大97購01,0,0,0,0,0,0,0,0,0,52000,0,0,0,68000,16000,52000,52000
056513,臻鼎亞東99購01  ,0,0,0,0,0,0,0,0,0,52000,0,0,0,52000,0,52000,52000
045887,台光電元大92購07,0,0,0,0,0,0,0,0,0,52000,0,0,0,52000,0,52000,52000
047049,聯發科國票94購01,0,0,0,0,0,0,0,0,0,52000,0,0,0,219000,167000,52000,52000
051211,道瓊反統一95購01,0,0,0,0,0,0,0,0,0,52000,0,0,0,100000,48000,52000,52000
04859P,台達電群益94售04,0,0,0,0,0,0,0,0,0,52000,0,0,0,60000,8000,52000,52000
049462,康友元富94購01  ,0,0,0,0,0,0,0,0,0,52000,0,0,0,55000,3000,52000,52000
049809,聯詠元大94購04  ,0,0,0,0,0,0,0,0,0,52000,0,0,0,64000,12000,52000,52000
050919,台積電凱基95購03,0,0,0,0,0,0,0,0,0,52000,0,0,0,68000,16000,52000,52000
050189,旭富元大94購01  ,0,0,0,0,0,0,0,0,0,52000,0,0,0,99000,47000,52000,52000
054297,台郡元大98購01  ,0,0,0,0,0,0,0,0,0,52000,0,0,0,78000,26000,52000,52000
054379,光磊群益98購01  ,0,0,0,0,0,0,0,0,0,52000,0,0,0,58000,6000,52000,52000
05447P,臺股指元大95售24,0,0,0,0,0,0,0,0,0,52000,0,0,0,78000,26000,52000,52000
053814,美律群益97購02  ,0,0,0,0,0,0,0,0,0,52000,0,0,0,54000,2000,52000,52000
053764,A50正2富邦99購01,0,0,0,0,0,0,0,0,0,52000,0,0,0,52000,0,52000,52000
051713,大立光台新95購03,0,0,0,0,0,0,0,0,0,52000,0,0,0,52000,0,52000,52000
05923P,旺宏元富96售05  ,0,0,0,0,0,0,0,0,0,52000,0,0,0,52000,0,52000,52000
06323P,台郡統一97售01  ,0,0,0,0,0,0,0,0,0,52000,0,0,0,130000,78000,52000,52000
3530,晶相光          ,108000,64000,44000,0,0,0,0,0,0,8000,1000,0,1000,22000,15000,7000,52000
6141,柏承            ,122000,71000,51000,0,0,0,0,0,0,1000,1000,0,1000,0,0,0,52000
056462,訊芯凱基98購03  ,0,0,0,0,0,0,0,0,0,51000,0,0,0,52000,1000,51000,51000
056651,聯茂凱基98購04  ,0,0,0,0,0,0,0,0,0,51000,0,0,0,195000,144000,51000,51000
056686,可成統一98購01  ,0,0,0,0,0,0,0,0,0,51000,0,0,0,51000,0,51000,51000
054761,台光電國票98購02,0,0,0,0,0,0,0,0,0,51000,0,0,0,70000,19000,51000,51000
055069,帆宣永豐97購01  ,20000,0,20000,0,0,0,0,0,0,31000,0,0,0,225000,194000,31000,51000
055610,光磊國票98購01  ,0,0,0,0,0,0,0,0,0,51000,0,0,0,65000,14000,51000,51000
04628P,欣興元大95售01  ,0,0,0,0,0,0,0,0,0,51000,0,0,0,53000,2000,51000,51000
047822,臺股指凱基93購16,0,0,0,0,0,0,0,0,0,51000,0,0,0,2616000,2565000,51000,51000
00771,元大US高息特別股,0,0,0,0,0,0,0,0,0,51000,0,0,0,72000,21000,51000,51000
045090,瀚宇博元大93購01,0,0,0,0,0,0,0,0,0,51000,0,0,0,51000,0,51000,51000
052099,臺股指富邦95購02,0,0,0,0,0,0,0,0,0,51000,0,0,0,104000,53000,51000,51000
050133,鈺齊凱基94購01  ,0,0,0,0,0,0,0,0,0,51000,0,0,0,111000,60000,51000,51000
050518,台積電元大94購28,0,0,0,0,0,0,0,0,0,51000,0,0,0,281000,230000,51000,51000
048249,嘉澤兆豐94購01  ,0,0,0,0,0,0,0,0,0,51000,0,0,0,94000,43000,51000,51000
048977,晶相光元大94購01,0,0,0,0,0,0,0,0,0,51000,0,0,0,127000,76000,51000,51000
049122,元油2X元富94購07,0,0,0,0,0,0,0,0,0,51000,0,0,0,650000,599000,51000,51000
05204P,TPK元大95售03   ,0,0,0,0,0,0,0,0,0,51000,0,0,0,53000,2000,51000,51000
051996,康友元大95購01  ,0,0,0,0,0,0,0,0,0,51000,0,0,0,214000,163000,51000,51000
054232,台積電群益96購12,0,0,0,0,0,0,0,0,0,51000,0,0,0,151000,100000,51000,51000
06190P,玉晶光永豐97售05,0,0,0,0,0,0,0,0,0,51000,0,0,0,80000,29000,51000,51000
05783P,嘉澤元富96售01  ,0,0,0,0,0,0,0,0,0,51000,0,0,0,63000,12000,51000,51000
05774P,臺股指凱基99售04,0,0,0,0,0,0,0,0,0,51000,0,0,0,207000,156000,51000,51000
05724P,致茂永豐96售01  ,0,0,0,0,0,0,0,0,0,51000,0,0,0,51000,0,51000,51000
055496,高鐵元大97購02  ,0,0,0,0,0,0,0,0,0,50000,0,0,0,60000,10000,50000,50000
055272,國巨元大98購04  ,0,0,0,0,0,0,0,0,0,50000,0,0,0,128000,78000,50000,50000
055333,晶豪科兆豐97購01,0,0,0,0,0,0,0,0,0,50000,0,0,0,50000,0,50000,50000
055098,臺股指群益97購01,0,0,0,0,0,0,0,0,0,50000,0,0,0,50000,0,50000,50000
055011,元翎元富97購01  ,0,0,0,0,0,0,0,0,0,50000,0,0,0,150000,100000,50000,50000
055020,上証2X國泰98購01,0,0,0,0,0,0,0,0,0,50000,0,0,0,50000,0,50000,50000
054775,復盛國票98購01  ,0,0,0,0,0,0,0,0,0,50000,0,0,0,109000,59000,50000,50000
054730,上証2X凱基98購02,0,0,0,0,0,0,0,0,0,50000,0,0,0,50000,0,50000,50000
05465P,台表科永豐95售03,0,0,0,0,0,0,0,0,0,50000,0,0,0,50000,0,50000,50000
056676,國產元富98購01  ,0,0,0,0,0,0,0,0,0,50000,0,0,0,70000,20000,50000,50000
05680P,聯發科元大96售12,0,0,0,0,0,0,0,0,0,50000,0,0,0,50000,0,50000,50000
056928,旺宏台新98購01  ,0,0,0,0,0,0,0,0,0,50000,0,0,0,50000,0,50000,50000
056919,英業達兆豐98購01,0,0,0,0,0,0,0,0,0,50000,0,0,0,50000,0,50000,50000
056542,緯創凱基98購01  ,0,0,0,0,0,0,0,0,0,50000,0,0,0,50000,0,50000,50000
05595P,友達統一96售02  ,0,0,0,0,0,0,0,0,0,50000,0,0,0,50000,0,50000,50000
056028,GIS群益97購02   ,0,0,0,0,0,0,0,0,0,50000,0,0,0,50000,0,50000,50000
055859,啟碁元大97購03  ,0,0,0,0,0,0,0,0,0,50000,0,0,0,55000,5000,50000,50000
055861,矽力元大97購03  ,0,0,0,0,0,0,0,0,0,50000,0,0,0,131000,81000,50000,50000
056333,台積電日盛9B購01,0,0,0,0,0,0,0,0,0,50000,0,0,0,50000,0,50000,50000
045001,旺宏富邦94購01  ,0,0,0,0,0,0,0,0,0,50000,0,0,0,50000,0,50000,50000
044818,可成兆豐93購02  ,0,0,0,0,0,0,0,0,0,50000,0,0,0,50000,0,50000,50000
03799P,京元電元大94售01,0,0,0,0,0,0,0,0,0,50000,0,0,0,50000,0,50000,50000
03808P,旺宏國泰94售02  ,0,0,0,0,0,0,0,0,0,50000,0,0,0,50000,0,50000,50000
03810P,大立光富邦98售01,0,0,0,0,0,0,0,0,0,50000,0,0,0,50000,0,50000,50000
03219P,台積電康和02售01,0,0,0,0,0,0,0,0,0,50000,0,0,0,50000,0,50000,50000
03987P,亞光群益93售02  ,0,0,0,0,0,0,0,0,0,50000,0,0,0,50000,0,50000,50000
039900,上証2X國泰92購01,0,0,0,0,0,0,0,0,0,50000,0,0,0,50000,0,50000,50000
047751,玉山金元富93購01,0,0,0,0,0,0,0,0,0,50000,0,0,0,50000,0,50000,50000
043665,和鑫元大93購01  ,0,0,0,0,0,0,0,0,0,50000,0,0,0,50000,0,50000,50000
042909,順德元大94購01  ,0,0,0,0,0,0,0,0,0,50000,0,0,0,50000,0,50000,50000
047949,燿華台新93購01  ,0,0,0,0,0,0,0,0,0,50000,0,0,0,50000,0,50000,50000
045758,易華電國泰94購01,0,0,0,0,0,0,0,0,0,50000,0,0,0,50000,0,50000,50000
04633P,旺宏群益96售04  ,0,0,0,0,0,0,0,0,0,50000,0,0,0,60000,10000,50000,50000
048061,鴻海統一95購03  ,0,0,0,0,0,0,0,0,0,50000,0,0,0,138000,88000,50000,50000
04726P,TPK凱基94售04   ,0,0,0,0,0,0,0,0,0,50000,0,0,0,50000,0,50000,50000
047123,中石化中信95購01,0,0,0,0,0,0,0,0,0,50000,0,0,0,50000,0,50000,50000
047382,鴻海元大93購15  ,0,0,0,0,0,0,0,0,0,50000,0,0,0,70000,20000,50000,50000
047467,滬深2X中信95購06,0,0,0,0,0,0,0,0,0,50000,0,0,0,50000,0,50000,50000
047524,瑞昱元大93購10  ,0,0,0,0,0,0,0,0,0,50000,0,0,0,60000,10000,50000,50000
04750P,臺股指元大94售26,0,0,0,0,0,0,0,0,0,50000,0,0,0,50000,0,50000,50000
047514,亞光國票94購01  ,0,0,0,0,0,0,0,0,0,50000,0,0,0,50000,0,50000,50000
050401,鎧勝中信94購01  ,0,0,0,0,0,0,0,0,0,50000,0,0,0,50000,0,50000,50000
048635,鴻海元大94購04  ,0,0,0,0,0,0,0,0,0,50000,0,0,0,96000,46000,50000,50000
049730,滬深2X群益94購02,0,0,0,0,0,0,0,0,0,50000,0,0,0,50000,0,50000,50000
051250,大立光元大98購01,0,0,0,0,0,0,0,0,0,50000,0,0,0,57000,7000,50000,50000
048923,國巨永豐94購02  ,0,0,0,0,0,0,0,0,0,50000,0,0,0,92000,42000,50000,50000
049547,新光金群益94購01,0,0,0,0,0,0,0,0,0,50000,0,0,0,50000,0,50000,50000
050367,鴻海元大94購20  ,0,0,0,0,0,0,0,0,0,50000,0,0,0,50000,0,50000,50000
050078,臺指反統一97購01,0,0,0,0,0,0,0,0,0,50000,0,0,0,50000,0,50000,50000
050076,百和凱基94購02  ,0,0,0,0,0,0,0,0,0,50000,0,0,0,108000,58000,50000,50000
052066,華邦電兆豐96購01,0,0,0,0,0,0,0,0,0,50000,0,0,0,100000,50000,50000,50000
049964,強茂元富94購01  ,0,0,0,0,0,0,0,0,0,50000,0,0,0,50000,0,50000,50000
051593,和碩元大95購01  ,0,0,0,0,0,0,0,0,0,50000,0,0,0,50000,0,50000,50000
051681,日月光兆豐95購01,0,0,0,0,0,0,0,0,0,50000,0,0,0,50000,0,50000,50000
051519,國泰金凱基95購02,2000,0,2000,0,0,0,0,0,0,48000,0,0,0,68000,20000,48000,50000
051476,聯發科凱基95購09,0,0,0,0,0,0,0,0,0,50000,0,0,0,50000,0,50000,50000
054397,創意永豐96購05  ,0,0,0,0,0,0,0,0,0,50000,0,0,0,99000,49000,50000,50000
054424,大成鋼富邦97購02,0,0,0,0,0,0,0,0,0,50000,0,0,0,50000,0,50000,50000
054160,華泰凱基98購01  ,0,0,0,0,0,0,0,0,0,50000,0,0,0,50000,0,50000,50000
053976,亞光元大96購02  ,0,0,0,0,0,0,0,0,0,50000,0,0,0,53000,3000,50000,50000
053693,欣興元大96購05  ,0,0,0,0,0,0,0,0,0,50000,0,0,0,340000,290000,50000,50000
053262,華邦電群益96購02,0,0,0,0,0,0,0,0,0,50000,0,0,0,62000,12000,50000,50000
052027,智原群益95購01  ,0,0,0,0,0,0,0,0,0,50000,0,0,0,50000,0,50000,50000
052461,和大統一95購01  ,0,0,0,0,0,0,0,0,0,50000,0,0,0,50000,0,50000,50000
052615,鴻海國泰98購01  ,0,0,0,0,0,0,0,0,0,50000,0,0,0,50000,0,50000,50000
052746,泰碩元大97購01  ,0,0,0,0,0,0,0,0,0,50000,0,0,0,50000,0,50000,50000
052769,達興群益96購01  ,0,0,0,0,0,0,0,0,0,50000,0,0,0,50000,0,50000,50000
053163,上証2X群益9A購02,0,0,0,0,0,0,0,0,0,50000,0,0,0,50000,0,50000,50000
052981,鴻海元大97購05  ,0,0,0,0,0,0,0,0,0,50000,0,0,0,105000,55000,50000,50000
052881,康控凱基97購01  ,0,0,0,0,0,0,0,0,0,50000,0,0,0,50000,0,50000,50000
05793P,臺股指中信99售08,0,0,0,0,0,0,0,0,0,50000,0,0,0,95000,45000,50000,50000
05889P,群創元大98售02  ,0,0,0,0,0,0,0,0,0,50000,0,0,0,50000,0,50000,50000
05972P,瑞昱元大96售01  ,0,0,0,0,0,0,0,0,0,50000,0,0,0,50000,0,50000,50000
06223P,漢唐元富97售02  ,0,0,0,0,0,0,0,0,0,50000,0,0,0,50000,0,50000,50000
2841,台開            ,195000,149000,46000,0,0,0,0,0,0,4000,4000,0,4000,0,0,0,50000
06561P,台灣50國泰9A售01,0,0,0,0,0,0,0,0,0,50000,0,0,0,56000,6000,50000,50000
08966P,臺指反元大04售07,0,0,0,0,0,0,0,0,0,50000,0,0,0,50000,0,50000,50000
8039,台虹            ,277000,267000,10000,0,0,0,0,0,0,40000,2000,8000,-6000,46000,0,46000,50000
055791,臺股指凱基97購14,0,0,0,0,0,0,0,0,0,49000,0,0,0,61000,12000,49000,49000
055990,矽創元富97購01  ,0,0,0,0,0,0,0,0,0,49000,0,0,0,97000,48000,49000,49000
05674P,瑞昱群益96售02  ,0,0,0,0,0,0,0,0,0,49000,0,0,0,49000,0,49000,49000
055341,台達電凱基97購02,0,0,0,0,0,0,0,0,0,49000,0,0,0,59000,10000,49000,49000
048705,GIS國票95購01   ,0,0,0,0,0,0,0,0,0,49000,0,0,0,84000,35000,49000,49000
045963,新光金凱基93購01,0,0,0,0,0,0,0,0,0,49000,0,0,0,50000,1000,49000,49000
047840,新日興元大93購03,0,0,0,0,0,0,0,0,0,49000,0,0,0,53000,4000,49000,49000
046794,智伸科元富93購01,0,0,0,0,0,0,0,0,0,49000,0,0,0,50000,1000,49000,49000
044478,友達統一93購01  ,0,0,0,0,0,0,0,0,0,49000,0,0,0,49000,0,49000,49000
044526,訊芯凱基93購02  ,0,0,0,0,0,0,0,0,0,49000,0,0,0,50000,1000,49000,49000
00866,新光Shiller CAPE,0,0,0,0,0,0,0,0,0,49000,0,0,0,75000,26000,49000,49000
05015P,臺股指元大95售06,0,0,0,0,0,0,0,0,0,49000,0,0,0,69000,20000,49000,49000
050765,鴻海元大96購02  ,0,0,0,0,0,0,0,0,0,49000,0,0,0,404000,355000,49000,49000
050774,健策元大96購02  ,0,0,0,0,0,0,0,0,0,49000,0,0,0,130000,81000,49000,49000
049814,超眾元大95購04  ,0,0,0,0,0,0,0,0,0,49000,0,0,0,50000,1000,49000,49000
051118,台塑群益95購01  ,0,0,0,0,0,0,0,0,0,49000,0,0,0,60000,11000,49000,49000
05121P,創意國泰96售01  ,0,0,0,0,0,0,0,0,0,49000,0,0,0,70000,21000,49000,49000
049142,智邦元大94購01  ,0,0,0,0,0,0,0,0,0,49000,0,0,0,70000,21000,49000,49000
052810,易華電元大96購02,0,0,0,0,0,0,0,0,0,49000,0,0,0,55000,6000,49000,49000
052411,嘉聯益亞東95購02,0,0,0,0,0,0,0,0,0,49000,0,0,0,97000,48000,49000,49000
051897,台光電國泰97購01,0,0,0,0,0,0,0,0,0,49000,0,0,0,69000,20000,49000,49000
053757,聯發科國泰96購04,0,0,0,0,0,0,0,0,0,49000,0,0,0,88000,39000,49000,49000
05368P,可成元富95售03  ,0,0,0,0,0,0,0,0,0,49000,0,0,0,49000,0,49000,49000
054088,華新群益98購02  ,0,0,0,0,0,0,0,0,0,49000,0,0,0,50000,1000,49000,49000
06303P,臺股指元大97售09,0,0,0,0,0,0,0,0,0,49000,0,0,0,49000,0,49000,49000
05723P,華通永豐96售03  ,0,0,0,0,0,0,0,0,0,49000,0,0,0,52000,3000,49000,49000
055373,聯詠元大97購03  ,0,0,0,0,0,0,0,0,0,48000,0,0,0,112000,64000,48000,48000
055452,台積電元富97購03,0,0,0,0,0,0,0,0,0,48000,0,0,0,98000,50000,48000,48000
054687,建準永豐97購02  ,0,0,0,0,0,0,0,0,0,48000,0,0,0,49000,1000,48000,48000
054757,南亞國票98購01  ,0,0,0,0,0,0,0,0,0,48000,0,0,0,48000,0,48000,48000
056218,億光中信98購01  ,0,0,0,0,0,0,0,0,0,48000,0,0,0,48000,0,48000,48000
056091,百和統一97購01  ,0,0,0,0,0,0,0,0,0,48000,0,0,0,104000,56000,48000,48000
00682U,元大美元指數    ,0,0,0,0,0,0,0,0,0,48000,0,0,0,88000,40000,48000,48000
04161P,全新國泰94售01  ,0,0,0,0,0,0,0,0,0,48000,0,0,0,50000,2000,48000,48000
046159,群創群益98購04  ,0,0,0,0,0,0,0,0,0,48000,0,0,0,48000,0,48000,48000
046178,聯發科日盛92購01,0,0,0,0,0,0,0,0,0,48000,0,0,0,74000,26000,48000,48000
047266,嘉聯益國票94購02,0,0,0,0,0,0,0,0,0,48000,0,0,0,48000,0,48000,48000
051253,緯創元大95購02  ,0,0,0,0,0,0,0,0,0,48000,0,0,0,72000,24000,48000,48000
049593,群創元大9A購01  ,0,0,0,0,0,0,0,0,0,48000,0,0,0,457000,409000,48000,48000
051131,玉山金台新95購01,0,0,0,0,0,0,0,0,0,48000,0,0,0,48000,0,48000,48000
051183,建準永豐95購02  ,0,0,0,0,0,0,0,0,0,48000,0,0,0,48000,0,48000,48000
050712,和碩中信94購01  ,0,0,0,0,0,0,0,0,0,48000,0,0,0,48000,0,48000,48000
04978P,台表科凱基94售02,0,0,0,0,0,0,0,0,0,48000,0,0,0,60000,12000,48000,48000
050780,台表科元大96購01,0,0,0,0,0,0,0,0,0,48000,0,0,0,100000,52000,48000,48000
049078,瑞昱凱基94購02  ,0,0,0,0,0,0,0,0,0,48000,0,0,0,152000,104000,48000,48000
054041,鴻海元大96購22  ,0,0,0,0,0,0,0,0,0,48000,0,0,0,68000,20000,48000,48000
053503,臻鼎兆豐97購01  ,0,0,0,0,0,0,0,0,0,48000,0,0,0,88000,40000,48000,48000
052337,臺股指日盛95購02,0,0,0,0,0,0,0,0,0,48000,0,0,0,56000,8000,48000,48000
052473,臻鼎亞東95購01  ,0,0,0,0,0,0,0,0,0,48000,0,0,0,48000,0,48000,48000
052681,T50反1元大98購02,0,0,0,0,0,0,0,0,0,48000,0,0,0,50000,2000,48000,48000
052597,茂林群益96購01  ,0,0,0,0,0,0,0,0,0,48000,0,0,0,48000,0,48000,48000
053189,聯發科統一96購05,0,0,0,0,0,0,0,0,0,48000,0,0,0,48000,0,48000,48000
053107,旺宏兆豐97購01  ,0,0,0,0,0,0,0,0,0,48000,0,0,0,58000,10000,48000,48000
053076,貿聯永豐96購01  ,0,0,0,0,0,0,0,0,0,48000,0,0,0,68000,20000,48000,48000
05862P,大立光國泰98售01,0,0,0,0,0,0,0,0,0,48000,0,0,0,158000,110000,48000,48000
06308P,國巨元富97售06  ,0,0,0,0,0,0,0,0,0,48000,0,0,0,53000,5000,48000,48000
4739,康普            ,68000,20000,48000,0,0,0,0,0,0,0,0,0,0,0,0,0,48000
056582,易華電元大98購01,0,0,0,0,0,0,0,0,0,47000,0,0,0,122000,75000,47000,47000
054720,禾伸堂永豐97購01,0,0,0,0,0,0,0,0,0,47000,0,0,0,68000,21000,47000,47000
055478,訊芯凱基97購01  ,0,0,0,0,0,0,0,0,0,47000,0,0,0,59000,12000,47000,47000
055584,國巨元大97購11  ,0,0,0,0,0,0,0,0,0,47000,0,0,0,93000,46000,47000,47000
055556,奇力新凱基98購03,0,0,0,0,0,0,0,0,0,47000,0,0,0,59000,12000,47000,47000
055552,瑞昱凱基97購02  ,0,0,0,0,0,0,0,0,0,47000,0,0,0,144000,97000,47000,47000
046572,貿聯國泰94購01  ,0,0,0,0,0,0,0,0,0,47000,0,0,0,87000,40000,47000,47000
047993,鑽全元大96購01  ,0,0,0,0,0,0,0,0,0,47000,0,0,0,47000,0,47000,47000
048218,上銀凱基93購07  ,0,0,0,0,0,0,0,0,0,47000,0,0,0,187000,140000,47000,47000
051362,台郡元大95購04  ,0,0,0,0,0,0,0,0,0,47000,0,0,0,68000,21000,47000,47000
051185,強茂永豐95購03  ,0,0,0,0,0,0,0,0,0,47000,0,0,0,47000,0,47000,47000
05269P,臻鼎元大95售05  ,0,0,0,0,0,0,0,0,0,47000,0,0,0,90000,43000,47000,47000
051872,矽力凱基96購01  ,0,0,0,0,0,0,0,0,0,47000,0,0,0,65000,18000,47000,47000
051714,健鼎台新95購01  ,0,0,0,0,0,0,0,0,0,47000,0,0,0,47000,0,47000,47000
052004,泰碩國泰97購03  ,0,0,0,0,0,0,0,0,0,47000,0,0,0,67000,20000,47000,47000
053417,上銀永豐96購02  ,0,0,0,0,0,0,0,0,0,47000,0,0,0,185000,138000,47000,47000
054175,高鐵台新97購01  ,0,0,0,0,0,0,0,0,0,47000,0,0,0,60000,13000,47000,47000
053993,旺宏群益98購02  ,0,0,0,0,0,0,0,0,0,47000,0,0,0,118000,71000,47000,47000
053901,T50反1凱基99購03,0,0,0,0,0,0,0,0,0,47000,0,0,0,125000,78000,47000,47000
054293,健策元大98購02  ,0,0,0,0,0,0,0,0,0,47000,0,0,0,229000,182000,47000,47000
3031,佰鴻            ,87000,41000,46000,0,0,0,0,0,0,1000,1000,0,1000,0,0,0,47000
06265P,美律凱基97售01  ,0,0,0,0,0,0,0,0,0,47000,0,0,0,57000,10000,47000,47000
1304,台聚            ,156000,129000,27000,0,0,0,0,0,0,20000,23000,3000,20000,0,0,0,47000
055320,建準國票98購01  ,0,0,0,0,0,0,0,0,0,46000,0,0,0,46000,0,46000,46000
054965,健策元大98購04  ,0,0,0,0,0,0,0,0,0,46000,0,0,0,285000,239000,46000,46000
056317,華通群益99購02  ,0,0,0,0,0,0,0,0,0,46000,0,0,0,46000,0,46000,46000
044693,滬深2X元大94購01,0,0,0,0,0,0,0,0,0,46000,0,0,0,67000,21000,46000,46000
043049,奇鋐國泰93購01  ,0,0,0,0,0,0,0,0,0,46000,0,0,0,46000,0,46000,46000
048959,凌華康和94購01  ,0,0,0,0,0,0,0,0,0,46000,0,0,0,46000,0,46000,46000
048089,智邦凱基93購10  ,0,0,0,0,0,0,0,0,0,46000,0,0,0,67000,21000,46000,46000
054059,欣興國票97購03  ,0,0,0,0,0,0,0,0,0,46000,0,0,0,60000,14000,46000,46000
052702,群創國票97購03  ,0,0,0,0,0,0,0,0,0,46000,0,0,0,46000,0,46000,46000
05877P,大立光群益96售06,0,0,0,0,0,0,0,0,0,46000,0,0,0,49000,3000,46000,46000
3055,蔚華科          ,69000,23000,46000,0,0,0,0,0,0,0,0,0,0,0,0,0,46000
056543,京鼎凱基98購01  ,0,0,0,0,0,0,0,0,0,45000,0,0,0,71000,26000,45000,45000
056792,訊芯群益98購01  ,0,0,0,0,0,0,0,0,0,45000,0,0,0,57000,12000,45000,45000
054666,強茂元富97購01  ,0,0,0,0,0,0,0,0,0,45000,0,0,0,50000,5000,45000,45000
054588,玉晶光國泰99購02,0,0,0,0,0,0,0,0,0,45000,0,0,0,80000,35000,45000,45000
055462,華邦電日盛97購01,0,0,0,0,0,0,0,0,0,45000,0,0,0,87000,42000,45000,45000
046646,冠德國泰94購01  ,0,0,0,0,0,0,0,0,0,45000,0,0,0,45000,0,45000,45000
047994,亞德客元大93購03,0,0,0,0,0,0,0,0,0,45000,0,0,0,60000,15000,45000,45000
045832,建準群益92購01  ,0,0,0,0,0,0,0,0,0,45000,0,0,0,45000,0,45000,45000
047410,上銀元富96購01  ,0,0,0,0,0,0,0,0,0,45000,0,0,0,227000,182000,45000,45000
050091,喬山永豐94購02  ,0,0,0,0,0,0,0,0,0,45000,0,0,0,50000,5000,45000,45000
048782,亞泥元大94購01  ,0,0,0,0,0,0,0,0,0,45000,0,0,0,68000,23000,45000,45000
049667,大立光國泰96購01,0,0,0,0,0,0,0,0,0,45000,0,0,0,107000,62000,45000,45000
05280P,華通元大95售08  ,0,0,0,0,0,0,0,0,0,45000,0,0,0,107000,62000,45000,45000
052819,義隆永豐96購01  ,0,0,0,0,0,0,0,0,0,45000,0,0,0,80000,35000,45000,45000
052523,奇力新元大97購01,0,0,0,0,0,0,0,0,0,45000,0,0,0,480000,435000,45000,45000
053090,新唐元大96購01  ,0,0,0,0,0,0,0,0,0,45000,0,0,0,60000,15000,45000,45000
053004,燿華永豐96購01  ,0,0,0,0,0,0,0,0,0,45000,0,0,0,45000,0,45000,45000
051852,啟碁群益95購01  ,0,0,0,0,0,0,0,0,0,45000,0,0,0,45000,0,45000,45000
052417,聯發科兆豐9B購01,0,0,0,0,0,0,0,0,0,45000,0,0,0,85000,40000,45000,45000
054159,T50正2凱基99購01,0,0,0,0,0,0,0,0,0,45000,0,0,0,50000,5000,45000,45000
054267,上銀第一96購01  ,0,0,0,0,0,0,0,0,0,45000,0,0,0,45000,0,45000,45000
054468,台郡凱基98購01  ,0,0,0,0,0,0,0,0,0,45000,0,0,0,53000,8000,45000,45000
053439,台積電凱基96購11,0,0,0,0,0,0,0,0,0,45000,0,0,0,45000,0,45000,45000
053493,智邦兆豐97購02  ,0,0,0,0,0,0,0,0,0,45000,0,0,0,78000,33000,45000,45000
4532,瑞智            ,52000,7000,45000,0,0,0,0,0,0,0,0,0,0,0,0,0,45000
06312P,樺漢元富97售02  ,0,0,0,0,0,0,0,0,0,45000,0,0,0,50000,5000,45000,45000
06218P,鴻海元富97售06  ,0,0,0,0,0,0,0,0,0,45000,0,0,0,45000,0,45000,45000
06124P,超眾元大97售03  ,0,0,0,0,0,0,0,0,0,45000,0,0,0,115000,70000,45000,45000
2705,六福            ,45000,0,45000,0,0,0,0,0,0,0,0,0,0,0,0,0,45000
2023,燁輝            ,150000,106000,44000,0,0,0,0,0,0,1000,1000,0,1000,0,0,0,45000
054982,國巨元富97購03  ,0,0,0,0,0,0,0,0,0,44000,0,0,0,736000,692000,44000,44000
05625P,國巨國票97售01  ,0,0,0,0,0,0,0,0,0,44000,0,0,0,50000,6000,44000,44000
055787,聯茂凱基99購01  ,0,0,0,0,0,0,0,0,0,44000,0,0,0,64000,20000,44000,44000
049501,台郡元大95購01  ,0,0,0,0,0,0,0,0,0,44000,0,0,0,76000,32000,44000,44000
04696P,亞德客國泰95售02,0,0,0,0,0,0,0,0,0,44000,0,0,0,144000,100000,44000,44000
048372,美利達統一93購01,0,0,0,0,0,0,0,0,0,44000,0,0,0,44000,0,44000,44000
051455,樺漢元大96購01  ,0,0,0,0,0,0,0,0,0,44000,0,0,0,124000,80000,44000,44000
053952,南亞科台新96購01,0,0,0,0,0,0,0,0,0,44000,0,0,0,60000,16000,44000,44000
052183,華邦電群益95購01,0,0,0,0,0,0,0,0,0,44000,0,0,0,44000,0,44000,44000
052257,燿華國泰96購01  ,0,0,0,0,0,0,0,0,0,44000,0,0,0,128000,84000,44000,44000
056229,可成凱基97購04  ,0,0,0,0,0,0,0,0,0,43000,0,0,0,131000,88000,43000,43000
056311,泰鼎元大98購01  ,0,0,0,0,0,0,0,0,0,43000,0,0,0,160000,117000,43000,43000
056646,奇鋐凱基99購02  ,0,0,0,0,0,0,0,0,0,43000,0,0,0,51000,8000,43000,43000
047202,欣興元富96購01  ,0,0,0,0,0,0,0,0,0,43000,0,0,0,73000,30000,43000,43000
041990,A50正2國票97購01,0,0,0,0,0,0,0,0,0,43000,0,0,0,53000,10000,43000,43000
03973P,高鐵元大93售01  ,0,0,0,0,0,0,0,0,0,43000,0,0,0,43000,0,43000,43000
051548,鈺齊康和95購01  ,0,0,0,0,0,0,0,0,0,43000,0,0,0,43000,0,43000,43000
050026,友達元大96購01  ,0,0,0,0,0,0,0,0,0,43000,0,0,0,43000,0,43000,43000
049743,全新台新94購01  ,0,0,0,0,0,0,0,0,0,43000,0,0,0,158000,115000,43000,43000
051088,台積電元大95購09,0,0,0,0,0,0,0,0,0,43000,0,0,0,215000,172000,43000,43000
053137,旺宏富邦98購01  ,0,0,0,0,0,0,0,0,0,43000,0,0,0,199000,156000,43000,43000
05446P,緯穎元大95售04  ,0,0,0,0,0,0,0,0,0,43000,0,0,0,43000,0,43000,43000
054290,奇力新元大96購05,0,0,0,0,0,0,0,0,0,43000,0,0,0,50000,7000,43000,43000
06239P,奇力新元大97售08,0,0,0,0,0,0,0,0,0,43000,0,0,0,43000,0,43000,43000
056533,友達凱基9A購02  ,0,0,0,0,0,0,0,0,0,42000,0,0,0,42000,0,42000,42000
056945,鴻海統一98購12  ,0,0,0,0,0,0,0,0,0,42000,0,0,0,103000,61000,42000,42000
056071,創意元大97購02  ,0,0,0,0,0,0,0,0,0,42000,0,0,0,155000,113000,42000,42000
055077,臺股指永豐97購02,0,0,0,0,0,0,0,0,0,42000,0,0,0,42000,0,42000,42000
054951,大毅元大97購01  ,0,0,0,0,0,0,0,0,0,42000,0,0,0,169000,127000,42000,42000
055456,上銀富邦99購01  ,0,0,0,0,0,0,0,0,0,42000,0,0,0,104000,62000,42000,42000
03926P,麗豐元大93售02  ,0,0,0,0,0,0,0,0,0,42000,0,0,0,42000,0,42000,42000
047954,漢唐永豐93購02  ,0,0,0,0,0,0,0,0,0,42000,0,0,0,42000,0,42000,42000
049595,麗豐元大95購01  ,0,0,0,0,0,0,0,0,0,42000,0,0,0,202000,160000,42000,42000
049733,旺宏群益94購03  ,0,0,0,0,0,0,0,0,0,42000,0,0,0,44000,2000,42000,42000
048594,泰鼎群益93購02  ,0,0,0,0,0,0,0,0,0,42000,0,0,0,51000,9000,42000,42000
048557,瑞昱元大94購01  ,0,0,0,0,0,0,0,0,0,42000,0,0,0,58000,16000,42000,42000
051618,智邦凱基95購06  ,0,0,0,0,0,0,0,0,0,42000,0,0,0,246000,204000,42000,42000
050253,百和國泰96購01  ,0,0,0,0,0,0,0,0,0,42000,0,0,0,404000,362000,42000,42000
054259,健策元大97購03  ,0,0,0,0,0,0,0,0,0,42000,0,0,0,207000,165000,42000,42000
053662,矽力凱基97購01  ,0,0,0,0,0,0,0,0,0,42000,0,0,0,51000,9000,42000,42000
05288P,寶成元富95售02  ,0,0,0,0,0,0,0,0,0,42000,0,0,0,57000,15000,42000,42000
052256,台泥國泰96購01  ,0,0,0,0,0,0,0,0,0,42000,0,0,0,64000,22000,42000,42000
052247,深中小永豐95購01,0,0,0,0,0,0,0,0,0,42000,0,0,0,42000,0,42000,42000
052159,瑞昱永豐95購01  ,0,0,0,0,0,0,0,0,0,42000,0,0,0,77000,35000,42000,42000
06201P,可成元大97售01  ,0,0,0,0,0,0,0,0,0,42000,0,0,0,67000,25000,42000,42000
2702,華園            ,61000,19000,42000,0,0,0,0,0,0,0,1000,1000,0,0,0,0,42000
2014,中鴻            ,167000,129000,38000,0,0,0,0,0,0,4000,4000,0,4000,0,0,0,42000
1449,佳和            ,43000,1000,42000,0,0,0,0,0,0,0,0,0,0,0,0,0,42000
4540,全球傳動        ,50000,8000,42000,0,0,0,0,0,0,0,0,0,0,0,0,0,42000
055673,旺宏日盛97購01  ,0,0,0,0,0,0,0,0,0,41000,0,0,0,50000,9000,41000,41000
056170,鴻海元富97購09  ,0,0,0,0,0,0,0,0,0,41000,0,0,0,71000,30000,41000,41000
047196,上銀統一97購01  ,0,0,0,0,0,0,0,0,0,41000,0,0,0,553000,512000,41000,41000
03852P,華邦電凱基93售05,0,0,0,0,0,0,0,0,0,41000,0,0,0,47000,6000,41000,41000
044270,群創中信95購02  ,0,0,0,0,0,0,0,0,0,41000,0,0,0,73000,32000,41000,41000
051431,群創元富99購02  ,0,0,0,0,0,0,0,0,0,41000,0,0,0,51000,10000,41000,41000
049695,新光金元大9A購01,0,0,0,0,0,0,0,0,0,41000,0,0,0,141000,100000,41000,41000
049154,玉晶光元大95購02,0,0,0,0,0,0,0,0,0,41000,0,0,0,78000,37000,41000,41000
051139,康友永豐95購01  ,0,0,0,0,0,0,0,0,0,41000,0,0,0,41000,0,41000,41000
05247P,上銀群益95售01  ,0,0,0,0,0,0,0,0,0,41000,0,0,0,41000,0,41000,41000
052037,全新國泰96購02  ,0,0,0,0,0,0,0,0,0,41000,0,0,0,128000,87000,41000,41000
052912,日月光統一96購01,0,0,0,0,0,0,0,0,0,41000,0,0,0,41000,0,41000,41000
052576,聯茂凱基96購01  ,0,0,0,0,0,0,0,0,0,41000,0,0,0,41000,0,41000,41000
052709,光寶科日盛96購01,0,0,0,0,0,0,0,0,0,41000,0,0,0,135000,94000,41000,41000
052777,燿華國票98購01  ,0,0,0,0,0,0,0,0,0,41000,0,0,0,72000,31000,41000,41000
053784,奇力新元大97購02,0,0,0,0,0,0,0,0,0,41000,0,0,0,180000,139000,41000,41000
054250,漢唐元大96購04  ,0,0,0,0,0,0,0,0,0,41000,0,0,0,68000,27000,41000,41000
4414,如興            ,132000,92000,40000,0,0,0,0,0,0,1000,1000,0,1000,0,0,0,41000
9919,康那香          ,82000,40000,42000,0,0,0,0,0,0,-1000,0,1000,-1000,0,0,0,41000
06330P,南亞科群益97售03,0,0,0,0,0,0,0,0,0,41000,0,0,0,63000,22000,41000,41000
05857P,旺宏中信98售02  ,0,0,0,0,0,0,0,0,0,41000,0,0,0,41000,0,41000,41000
05778P,台積電統一96售05,0,0,0,0,0,0,0,0,0,41000,0,0,0,50000,9000,41000,41000
056164,聯茂凱基98購03  ,0,0,0,0,0,0,0,0,0,40000,0,0,0,50000,10000,40000,40000
056162,祥碩凱基97購03  ,0,0,0,0,0,0,0,0,0,40000,0,0,0,48000,8000,40000,40000
05574P,英業達元富96售01,0,0,0,0,0,0,0,0,0,40000,0,0,0,40000,0,40000,40000
055885,大成鋼統一97購02,0,0,0,0,0,0,0,0,0,40000,0,0,0,305000,265000,40000,40000
055877,奇鋐元富97購01  ,0,0,0,0,0,0,0,0,0,40000,0,0,0,80000,40000,40000,40000
055817,京鼎國票99購01  ,0,0,0,0,0,0,0,0,0,40000,0,0,0,60000,20000,40000,40000
056026,智易群益97購01  ,0,0,0,0,0,0,0,0,0,40000,0,0,0,40000,0,40000,40000
05603P,聯發科元大96售09,0,0,0,0,0,0,0,0,0,40000,0,0,0,149000,109000,40000,40000
056487,康友元大98購01  ,0,0,0,0,0,0,0,0,0,40000,0,0,0,238000,198000,40000,40000
055684,京鼎凱基97購01  ,0,0,0,0,0,0,0,0,0,40000,0,0,0,85000,45000,40000,40000
055459,建準永豐97購03  ,0,0,0,0,0,0,0,0,0,40000,0,0,0,40000,0,40000,40000
055368,台積電元大97購24,0,0,0,0,0,0,0,0,0,40000,0,0,0,706000,666000,40000,40000
05508P,華通統一97售01  ,0,0,0,0,0,0,0,0,0,40000,0,0,0,40000,0,40000,40000
05509P,智邦元富96售02  ,0,0,0,0,0,0,0,0,0,40000,0,0,0,50000,10000,40000,40000
055022,精元國泰99購01  ,0,0,0,0,0,0,0,0,0,40000,0,0,0,40000,0,40000,40000
054525,奇鋐元富96購01  ,0,0,0,0,0,0,0,0,0,40000,0,0,0,60000,20000,40000,40000
054517,高鐵元大96購01  ,0,0,0,0,0,0,0,0,0,40000,0,0,0,40000,0,40000,40000
054642,訊芯中信9A購01  ,0,0,0,0,0,0,0,0,0,40000,0,0,0,120000,80000,40000,40000
054604,麗豐台新98購01  ,0,0,0,0,0,0,0,0,0,40000,0,0,0,40000,0,40000,40000
054677,智易台新98購02  ,0,0,0,0,0,0,0,0,0,40000,0,0,0,73000,33000,40000,40000
042805,智邦統一93購01  ,0,0,0,0,0,0,0,0,0,40000,0,0,0,40000,0,40000,40000
043671,GIS元大93購03   ,0,0,0,0,0,0,0,0,0,40000,0,0,0,40000,0,40000,40000
043921,台表科凱基93購01,0,0,0,0,0,0,0,0,0,40000,0,0,0,42000,2000,40000,40000
043835,宏達電國票92購01,0,0,0,0,0,0,0,0,0,40000,0,0,0,40000,0,40000,40000
045435,鴻海統一94購01  ,0,0,0,0,0,0,0,0,0,40000,0,0,0,56000,16000,40000,40000
044697,美律元大93購02  ,0,0,0,0,0,0,0,0,0,40000,0,0,0,50000,10000,40000,40000
046793,聯發科元富99購01,0,0,0,0,0,0,0,0,0,40000,0,0,0,140000,100000,40000,40000
00640L,富邦日本正2     ,55000,0,55000,0,0,0,0,0,0,-15000,0,0,0,302000,317000,-15000,40000
047221,日月光麥證93購01,0,0,0,50000,10000,40000,0,0,0,40000,0,0,0,50000,10000,40000,40000
047250,日月光群益94購01,0,0,0,0,0,0,0,0,0,40000,0,0,0,131000,91000,40000,40000
047301,啟碁國泰94購01  ,0,0,0,0,0,0,0,0,0,40000,0,0,0,43000,3000,40000,40000
050432,聯發科凱基94購19,0,0,0,0,0,0,0,0,0,40000,0,0,0,50000,10000,40000,40000
047626,全新國票94購01  ,0,0,0,0,0,0,0,0,0,40000,0,0,0,52000,12000,40000,40000
047988,志超群益93購02  ,0,0,0,0,0,0,0,0,0,40000,0,0,0,40000,0,40000,40000
047638,瑞昱元大93購11  ,0,0,0,0,0,0,0,0,0,40000,0,0,0,50000,10000,40000,40000
048038,樺漢凱基93購03  ,0,0,0,0,0,0,0,0,0,40000,0,0,0,40000,0,40000,40000
048040,百和凱基93購07  ,0,0,0,0,0,0,0,0,0,40000,0,0,0,85000,45000,40000,40000
045856,南亞科國泰94購01,0,0,0,0,0,0,0,0,0,40000,0,0,0,54000,14000,40000,40000
046028,微星元大92購01  ,0,0,0,0,0,0,0,0,0,40000,0,0,0,40000,0,40000,40000
051072,強茂國票95購02  ,0,0,0,0,0,0,0,0,0,40000,0,0,0,40000,0,40000,40000
05099P,台積電凱基95售06,0,0,0,0,0,0,0,0,0,40000,0,0,0,65000,25000,40000,40000
050464,華通國泰95購01  ,0,0,0,0,0,0,0,0,0,40000,0,0,0,40000,0,40000,40000
050492,漢唐國泰96購01  ,0,0,0,0,0,0,0,0,0,40000,0,0,0,40000,0,40000,40000
049620,美食群益94購01  ,0,0,0,0,0,0,0,0,0,40000,0,0,0,40000,0,40000,40000
049158,元油2X中信94購03,0,0,0,0,0,0,0,0,0,40000,0,0,0,50000,10000,40000,40000
049152,大立光元大95購06,0,0,0,0,0,0,0,0,0,40000,0,0,0,215000,175000,40000,40000
051604,喬山群益95購01  ,0,0,0,0,0,0,0,0,0,40000,0,0,0,40000,0,40000,40000
050260,鴻海元大94購15  ,0,0,0,0,0,0,0,0,0,40000,0,0,0,74000,34000,40000,40000
050778,瑞儀元大96購01  ,0,0,0,0,0,0,0,0,0,40000,0,0,0,40000,0,40000,40000
049790,滬深2X元大97購04,0,0,0,0,0,0,0,0,0,40000,0,0,0,40000,0,40000,40000
049800,瑞昱元大94購05  ,0,0,0,0,0,0,0,0,0,40000,0,0,0,50000,10000,40000,40000
049458,SP黃豆元富96購01,0,0,0,0,0,0,0,0,0,40000,0,0,0,40000,0,40000,40000
050517,台積電元大94購27,0,0,0,0,0,0,0,0,0,40000,0,0,0,349000,309000,40000,40000
050150,國巨群益95購01  ,0,0,0,0,0,0,0,0,0,40000,0,0,0,140000,100000,40000,40000
049867,日月光兆豐94購01,0,0,0,0,0,0,0,0,0,40000,0,0,0,40000,0,40000,40000
048137,力成國票93購01  ,0,0,0,0,0,0,0,0,0,40000,0,0,0,40000,0,40000,40000
053603,臺股指元大96購20,0,0,0,0,0,0,0,0,0,40000,0,0,0,40000,0,40000,40000
053487,台泥兆豐97購01  ,0,0,0,0,0,0,0,0,0,40000,0,0,0,67000,27000,40000,40000
053430,樺漢永豐96購01  ,0,0,0,0,0,0,0,0,0,40000,0,0,0,40000,0,40000,40000
053221,彩晶凱基98購01  ,0,0,0,0,0,0,0,0,0,40000,0,0,0,40000,0,40000,40000
052654,友達統一97購01  ,0,0,0,0,0,0,0,0,0,40000,0,0,0,40000,0,40000,40000
052033,臺股指群益95購06,0,0,0,0,0,0,0,0,0,40000,0,0,0,45000,5000,40000,40000
051895,聯茂元富95購02  ,0,0,0,0,0,0,0,0,0,40000,0,0,0,50000,10000,40000,40000
051896,柏文元富95購01  ,0,0,0,0,0,0,0,0,0,40000,0,0,0,50000,10000,40000,40000
051862,旺宏凱基95購05  ,0,0,0,0,0,0,0,0,0,40000,0,0,0,42000,2000,40000,40000
06438P,玉晶光國票99售02,0,0,0,0,0,0,0,0,0,40000,0,0,0,40000,0,40000,40000
06127P,泰碩元富97售01  ,0,0,0,0,0,0,0,0,0,40000,0,0,0,40000,0,40000,40000
6414,樺漢            ,50000,39000,11000,0,0,0,38000,0,38000,-9000,2000,7000,-5000,17000,21000,-4000,40000
054918,華新科凱基98購02,0,0,0,0,0,0,0,0,0,39000,0,0,0,53000,14000,39000,39000
055297,啟碁元大97購01  ,0,0,0,0,0,0,0,0,0,39000,0,0,0,50000,11000,39000,39000
047614,台郡群益93購02  ,0,0,0,0,0,0,0,0,0,39000,0,0,0,140000,101000,39000,39000
047916,台積電凱基93購22,0,0,0,0,0,0,0,0,0,39000,0,0,0,39000,0,39000,39000
050594,康友永豐94購01  ,0,0,0,0,0,0,0,0,0,39000,0,0,0,44000,5000,39000,39000
050173,旺宏元大96購02  ,0,0,0,0,0,0,0,0,0,39000,0,0,0,55000,16000,39000,39000
049586,正崴元大94購01  ,0,0,0,0,0,0,0,0,0,39000,0,0,0,81000,42000,39000,39000
050724,國巨國票96購01  ,0,0,0,0,0,0,0,0,0,39000,0,0,0,45000,6000,39000,39000
052660,京元電國票97購01,0,0,0,0,0,0,0,0,0,39000,0,0,0,95000,56000,39000,39000
053276,友達元大9C購01  ,0,0,0,0,0,0,0,0,0,39000,0,0,0,139000,100000,39000,39000
05369P,可成元富95售04  ,0,0,0,0,0,0,0,0,0,39000,0,0,0,39000,0,39000,39000
053737,華新科麥證96購01,0,0,0,90000,51000,39000,0,0,0,39000,0,0,0,90000,51000,39000,39000
3708,上緯投控        ,104000,23000,81000,0,0,0,0,42000,-42000,0,0,0,0,0,0,0,39000
3029,零壹            ,118000,76000,42000,0,0,0,0,0,0,-3000,2000,5000,-3000,0,0,0,39000
3356,奇偶            ,45000,6000,39000,0,0,0,0,0,0,0,0,0,0,0,0,0,39000
8454,富邦媒          ,72000,33000,39000,0,0,0,0,0,0,0,0,0,0,0,0,0,39000
06419P,國巨統一97售09  ,0,0,0,0,0,0,0,0,0,39000,0,0,0,69000,30000,39000,39000
1722,台肥            ,310000,265000,45000,0,0,0,0,0,0,-6000,0,0,0,0,6000,-6000,39000
3019,亞光            ,375000,231000,144000,0,0,0,0,116000,-116000,11000,66000,36000,30000,25000,44000,-19000,39000
2436,偉詮電          ,49000,9000,40000,0,0,0,0,0,0,-1000,0,1000,-1000,0,0,0,39000
055236,建準台新98購01  ,0,0,0,0,0,0,0,0,0,38000,0,0,0,76000,38000,38000,38000
05514P,康舒永豐96售01  ,0,0,0,0,0,0,0,0,0,38000,0,0,0,38000,0,38000,38000
055163,訊芯元大98購01  ,0,0,0,0,0,0,0,0,0,38000,0,0,0,320000,282000,38000,38000
055550,華邦電凱基97購03,0,0,0,0,0,0,0,0,0,38000,0,0,0,40000,2000,38000,38000
054936,鴻海元大97購10  ,0,0,0,0,0,0,0,0,0,38000,0,0,0,68000,30000,38000,38000
056415,聯發科中信98購04,0,0,0,0,0,0,0,0,0,38000,0,0,0,60000,22000,38000,38000
056918,台積電兆豐98購01,0,0,0,0,0,0,0,0,0,38000,0,0,0,60000,22000,38000,38000
055994,聯發科國泰99購02,0,0,0,0,0,0,0,0,0,38000,0,0,0,174000,136000,38000,38000
056064,大立光元大97購14,0,0,0,0,0,0,0,0,0,38000,0,0,0,48000,10000,38000,38000
056292,統一元大97購01  ,0,0,0,0,0,0,0,0,0,38000,0,0,0,64000,26000,38000,38000
050378,上証2X群益98購02,0,0,0,0,0,0,0,0,0,38000,0,0,0,40000,2000,38000,38000
046246,嘉聯益亞東93購01,0,0,0,0,0,0,0,0,0,38000,0,0,0,38000,0,38000,38000
04353P,全新永豐94售01  ,0,0,0,0,0,0,0,0,0,38000,0,0,0,48000,10000,38000,38000
050642,和大凱基94購03  ,0,0,0,0,0,0,0,0,0,38000,0,0,0,68000,30000,38000,38000
048631,遠東新元大93購01,0,0,0,0,0,0,0,0,0,38000,0,0,0,68000,30000,38000,38000
048324,訊芯凱基93購03  ,0,0,0,0,0,0,0,0,0,38000,0,0,0,48000,10000,38000,38000
051280,台積電兆豐95購04,0,0,0,0,0,0,0,0,0,38000,0,0,0,38000,0,38000,38000
051309,卜蜂麥證95購01  ,0,0,0,48000,10000,38000,0,0,0,38000,0,0,0,48000,10000,38000,38000
051529,東元國票96購01  ,0,0,0,0,0,0,0,0,0,38000,0,0,0,58000,20000,38000,38000
04907P,超眾國票95售01  ,0,0,0,0,0,0,0,0,0,38000,0,0,0,38000,0,38000,38000
050033,日月光元大94購01,0,0,0,0,0,0,0,0,0,38000,0,0,0,78000,40000,38000,38000
049797,台積電元大94購17,0,0,0,0,0,0,0,0,0,38000,0,0,0,67000,29000,38000,38000
049793,為升元大94購04  ,0,0,0,0,0,0,0,0,0,38000,0,0,0,38000,0,38000,38000
053366,樺漢國泰98購01  ,0,0,0,0,0,0,0,0,0,38000,0,0,0,69000,31000,38000,38000
054080,微星中信98購01  ,0,0,0,0,0,0,0,0,0,38000,0,0,0,88000,50000,38000,38000
052854,聯詠日盛96購01  ,0,0,0,0,0,0,0,0,0,38000,0,0,0,53000,15000,38000,38000
052953,百和國票97購01  ,0,0,0,0,0,0,0,0,0,38000,0,0,0,38000,0,38000,38000
053006,玉晶光永豐96購03,0,0,0,0,0,0,0,0,0,38000,0,0,0,64000,26000,38000,38000
051845,世紀鋼富邦96購01,0,0,0,0,0,0,0,0,0,38000,0,0,0,40000,2000,38000,38000
052490,禾伸堂國票95購01,0,0,0,0,0,0,0,0,0,38000,0,0,0,38000,0,38000,38000
2515,中工            ,364000,328000,36000,0,0,0,0,0,0,2000,1000,0,1000,1000,0,1000,38000
2499,東貝            ,56000,18000,38000,0,0,0,0,0,0,0,0,0,0,0,0,0,38000
1589,永冠-KY         ,130000,106000,24000,0,0,0,0,0,0,14000,58000,40000,18000,0,4000,-4000,38000
1439,中和            ,53000,15000,38000,0,0,0,0,0,0,0,0,0,0,0,0,0,38000
06247P,同欣電元富97售02,0,0,0,0,0,0,0,0,0,38000,0,0,0,55000,17000,38000,38000
06196P,元上證元大97售01,0,0,0,0,0,0,0,0,0,38000,0,0,0,62000,24000,38000,38000
3712,永崴投控        ,47000,9000,38000,0,0,0,0,0,0,0,0,0,0,0,0,0,38000
056776,聯茂元大99購01  ,0,0,0,0,0,0,0,0,0,37000,0,0,0,100000,63000,37000,37000
056754,智易兆豐99購01  ,0,0,0,0,0,0,0,0,0,37000,0,0,0,86000,49000,37000,37000
054928,帆宣凱基98購01  ,0,0,0,0,0,0,0,0,0,37000,0,0,0,37000,0,37000,37000
054972,聯茂元大97購02  ,0,0,0,0,0,0,0,0,0,37000,0,0,0,446000,409000,37000,37000
054788,華新科群益98購02,0,0,0,0,0,0,0,0,0,37000,0,0,0,75000,38000,37000,37000
054803,味全元大9A購01  ,0,0,0,0,0,0,0,0,0,37000,0,0,0,59000,22000,37000,37000
054669,凌華元富97購01  ,0,0,0,0,0,0,0,0,0,37000,0,0,0,47000,10000,37000,37000
044284,聯電凱基92購01  ,0,0,0,0,0,0,0,0,0,37000,0,0,0,53000,16000,37000,37000
044928,玉晶光國泰93購01,0,0,0,0,0,0,0,0,0,37000,0,0,0,60000,23000,37000,37000
049544,台積電群益94購08,0,0,0,0,0,0,0,0,0,37000,0,0,0,40000,3000,37000,37000
049324,臺股指凱基94購06,0,0,0,0,0,0,0,0,0,37000,0,0,0,70000,33000,37000,37000
051511,鈺齊中信97購01  ,0,0,0,0,0,0,0,0,0,37000,0,0,0,189000,152000,37000,37000
053122,美律凱基98購01  ,0,0,0,0,0,0,0,0,0,37000,0,0,0,157000,120000,37000,37000
054477,聯發科中信9C購02,0,0,0,0,0,0,0,0,0,37000,0,0,0,61000,24000,37000,37000
054498,燿華永豐96購06  ,0,0,0,0,0,0,0,0,0,37000,0,0,0,53000,16000,37000,37000
053712,台光電凱基96購04,0,0,0,0,0,0,0,0,0,37000,0,0,0,47000,10000,37000,37000
053801,台積電凱基96購18,0,0,0,0,0,0,0,0,0,37000,0,0,0,68000,31000,37000,37000
06093P,華通元富97售03  ,0,0,0,0,0,0,0,0,0,37000,0,0,0,41000,4000,37000,37000
1808,潤隆            ,54000,17000,37000,0,0,0,0,0,0,0,0,0,0,0,0,0,37000
2911,麗嬰房          ,42000,5000,37000,0,0,0,0,0,0,0,0,0,0,0,0,0,37000
2363,矽統            ,129000,89000,40000,0,0,0,0,0,0,-3000,0,3000,-3000,0,0,0,37000
00830,國泰費城半導體  ,0,0,0,0,0,0,0,0,0,36845,0,0,0,63000,26155,36845,36845
054937,國巨元大97購03  ,0,0,0,0,0,0,0,0,0,36000,0,0,0,77000,41000,36000,36000
054919,興富發凱基97購01,0,0,0,0,0,0,0,0,0,36000,0,0,0,54000,18000,36000,36000
055499,大立光元大98購05,0,0,0,0,0,0,0,0,0,36000,0,0,0,48000,12000,36000,36000
055690,矽力凱基97購02  ,0,0,0,0,0,0,0,0,0,36000,0,0,0,36000,0,36000,36000
055648,可成元富97購01  ,0,0,0,0,0,0,0,0,0,36000,0,0,0,46000,10000,36000,36000
056299,友達元大9B購04  ,0,0,0,0,0,0,0,0,0,36000,0,0,0,82000,46000,36000,36000
046796,南電元富93購01  ,0,0,0,0,0,0,0,0,0,36000,0,0,0,36000,0,36000,36000
047721,GIS凱基93購04   ,0,0,0,0,0,0,0,0,0,36000,0,0,0,36000,0,36000,36000
047224,台光電凱基94購01,0,0,0,0,0,0,0,0,0,36000,0,0,0,36000,0,36000,36000
049986,嘉澤凱基94購02  ,0,0,0,0,0,0,0,0,0,36000,0,0,0,72000,36000,36000,36000
05011P,南電國泰96售01  ,0,0,0,0,0,0,0,0,0,36000,0,0,0,40000,4000,36000,36000
049241,智邦元富94購01  ,0,0,0,0,0,0,0,0,0,36000,0,0,0,232000,196000,36000,36000
053588,聯發科元大97購07,0,0,0,0,0,0,0,0,0,36000,0,0,0,288000,252000,36000,36000
053274,旺宏元大98購03  ,0,0,0,0,0,0,0,0,0,36000,0,0,0,42000,6000,36000,36000
053411,深中小國票9B購01,0,0,0,0,0,0,0,0,0,36000,0,0,0,456000,420000,36000,36000
053407,台積電兆豐96購02,0,0,0,0,0,0,0,0,0,36000,0,0,0,52000,16000,36000,36000
054488,禾伸堂台新96購01,0,0,0,0,0,0,0,0,0,36000,0,0,0,115000,79000,36000,36000
054285,國巨元大98購02  ,0,0,0,0,0,0,0,0,0,36000,0,0,0,216000,180000,36000,36000
054001,康友群益96購02  ,0,0,0,0,0,0,0,0,0,36000,0,0,0,56000,20000,36000,36000
052343,同欣電凱基95購03,0,0,0,0,0,0,0,0,0,36000,0,0,0,57000,21000,36000,36000
2637,慧洋-KY         ,145000,109000,36000,0,0,0,0,0,0,0,0,0,0,0,0,0,36000
1718,中纖            ,208000,172000,36000,0,0,0,0,0,0,0,0,0,0,0,0,0,36000
1444,力麗            ,168000,138000,30000,0,0,0,0,0,0,6000,6000,0,6000,0,0,0,36000
06459P,亞德客元富98售01,0,0,0,0,0,0,0,0,0,36000,0,0,0,101000,65000,36000,36000
3052,夆典            ,81000,45000,36000,0,0,0,0,0,0,0,0,0,0,0,0,0,36000
8215,明基材          ,311000,281000,30000,0,0,0,0,0,0,6000,6000,0,6000,0,0,0,36000
056363,華新科元大99購04,0,0,0,0,0,0,0,0,0,35000,0,0,0,74000,39000,35000,35000
056272,嘉澤統一99購01  ,0,0,0,0,0,0,0,0,0,35000,0,0,0,40000,5000,35000,35000
056102,億光永豐97購02  ,0,0,0,0,0,0,0,0,0,35000,0,0,0,100000,65000,35000,35000
056788,日月光群益98購01,0,0,0,0,0,0,0,0,0,35000,0,0,0,68000,33000,35000,35000
05507P,聯茂凱基96售02  ,0,0,0,0,0,0,0,0,0,35000,0,0,0,108000,73000,35000,35000
054658,道瓊銀元大9A購01,0,0,0,0,0,0,0,0,0,35000,0,0,0,35000,0,35000,35000
047080,仁寶康和93購01  ,0,0,0,0,0,0,0,0,0,35000,0,0,0,35000,0,35000,35000
046968,台積電群益94購03,0,0,0,0,0,0,0,0,0,35000,0,0,0,46000,11000,35000,35000
047696,聯發科國票94購02,0,0,0,0,0,0,0,0,0,35000,0,0,0,195000,160000,35000,35000
046694,智邦凱基93購01  ,0,0,0,0,0,0,0,0,0,35000,0,0,0,93000,58000,35000,35000
03644C,臺股指元大94牛28,0,0,0,0,0,0,0,0,0,35000,0,0,0,46000,11000,35000,35000
048914,川湖台新94購01  ,0,0,0,0,0,0,0,0,0,35000,0,0,0,35000,0,35000,35000
05050P,華通群益96售02  ,0,0,0,0,0,0,0,0,0,35000,0,0,0,35000,0,35000,35000
048132,冠德國票94購01  ,0,0,0,0,0,0,0,0,0,35000,0,0,0,35000,0,35000,35000
049341,旺宏統一95購01  ,0,0,0,0,0,0,0,0,0,35000,0,0,0,39000,4000,35000,35000
052242,台達電台新96購01,0,0,0,0,0,0,0,0,0,35000,0,0,0,54000,19000,35000,35000
052290,鴻海元富97購01  ,0,0,0,0,0,0,0,0,0,35000,0,0,0,45000,10000,35000,35000
051974,華新科凱基96購05,0,0,0,0,0,0,0,0,0,35000,0,0,0,75000,40000,35000,35000
052964,台表科凱基96購03,0,0,0,0,0,0,0,0,0,35000,0,0,0,55000,20000,35000,35000
05295P,緯創凱基95售01  ,0,0,0,0,0,0,0,0,0,35000,0,0,0,35000,0,35000,35000
052889,致伸麥證97購01  ,0,0,0,35000,0,35000,0,0,0,35000,0,0,0,35000,0,35000,35000
05276P,GIS永豐95售02   ,0,0,0,0,0,0,0,0,0,35000,0,0,0,35000,0,35000,35000
05268P,玉晶光元大98售01,0,0,0,0,0,0,0,0,0,35000,0,0,0,251000,216000,35000,35000
052640,台表科凱基97購01,0,0,0,0,0,0,0,0,0,35000,0,0,0,40000,5000,35000,35000
052561,矽創國票97購01  ,0,0,0,0,0,0,0,0,0,35000,0,0,0,50000,15000,35000,35000
054056,華新科國票96購02,0,0,0,0,0,0,0,0,0,35000,0,0,0,68000,33000,35000,35000
054129,技嘉元大96購02  ,0,0,0,0,0,0,0,0,0,35000,0,0,0,911000,876000,35000,35000
08897P,國巨群益01售10  ,0,0,0,0,0,0,0,0,0,35000,0,0,0,55000,20000,35000,35000
1711,永光            ,38000,3000,35000,0,0,0,0,0,0,0,0,0,0,0,0,0,35000
2374,佳能            ,70000,35000,35000,0,0,0,0,0,0,0,0,0,0,0,0,0,35000
05804P,美律永豐96售01  ,0,0,0,0,0,0,0,0,0,35000,0,0,0,35000,0,35000,35000
05840P,臺股指富邦96售07,0,0,0,0,0,0,0,0,0,35000,0,0,0,35000,0,35000,35000
054639,台新金中信99購01,0,0,0,0,0,0,0,0,0,34000,0,0,0,74000,40000,34000,34000
054535,旺宏富邦97購02  ,0,0,0,0,0,0,0,0,0,34000,0,0,0,62000,28000,34000,34000
054767,日電貿國票98購01,0,0,0,0,0,0,0,0,0,34000,0,0,0,34000,0,34000,34000
055687,瀚宇博凱基97購01,0,0,0,0,0,0,0,0,0,34000,0,0,0,34000,0,34000,34000
056681,鴻海統一98購09  ,0,0,0,0,0,0,0,0,0,34000,0,0,0,85000,51000,34000,34000
047652,滬深2X兆豐94購03,0,0,0,0,0,0,0,0,0,34000,0,0,0,34000,0,34000,34000
047965,景碩中信93購01  ,0,0,0,0,0,0,0,0,0,34000,0,0,0,100000,66000,34000,34000
045568,上証2X元大95購01,0,0,0,0,0,0,0,0,0,34000,0,0,0,34000,0,34000,34000
047289,啟碁統一97購01  ,0,0,0,0,0,0,0,0,0,34000,0,0,0,34000,0,34000,34000
047545,智邦凱基93購05  ,0,0,0,0,0,0,0,0,0,34000,0,0,0,67000,33000,34000,34000
050566,高股息中信97購02,0,0,0,0,0,0,0,0,0,34000,0,0,0,35000,1000,34000,34000
050050,國泰金群益94購02,0,0,0,0,0,0,0,0,0,34000,0,0,0,50000,16000,34000,34000
049874,全新康和94購01  ,0,0,0,0,0,0,0,0,0,34000,0,0,0,63000,29000,34000,34000
05151P,台光電群益95售02,0,0,0,0,0,0,0,0,0,34000,0,0,0,45000,11000,34000,34000
049654,臺股指凱基94購15,0,0,0,0,0,0,0,0,0,34000,0,0,0,34000,0,34000,34000
051020,健策凱基96購02  ,0,0,0,0,0,0,0,0,0,34000,0,0,0,114000,80000,34000,34000
048373,A50正2元富95購01,0,0,0,0,0,0,0,0,0,34000,0,0,0,34000,0,34000,34000
053889,致茂群益97購01  ,0,0,0,0,0,0,0,0,0,34000,0,0,0,115000,81000,34000,34000
053085,華新科元大97購04,0,0,0,0,0,0,0,0,0,34000,0,0,0,34000,0,34000,34000
051968,勤誠永豐95購01  ,0,0,0,0,0,0,0,0,0,34000,0,0,0,84000,50000,34000,34000
052313,聯電元大98購01  ,0,0,0,0,0,0,0,0,0,34000,0,0,0,95000,61000,34000,34000
05800P,台積電兆豐96售04,0,0,0,0,0,0,0,0,0,34000,0,0,0,55000,21000,34000,34000
05943P,欣興凱基96售03  ,0,0,0,0,0,0,0,0,0,34000,0,0,0,36000,2000,34000,34000
06111P,上銀兆豐98售01  ,0,0,0,0,0,0,0,0,0,34000,0,0,0,38000,4000,34000,34000
06195P,台積電元富97售06,0,0,0,0,0,0,0,0,0,34000,0,0,0,1937000,1903000,34000,34000
2441,超豐            ,119000,86000,33000,0,0,0,0,0,0,1000,1000,0,1000,0,0,0,34000
2426,鼎元            ,50000,16000,34000,0,0,0,0,0,0,0,1000,1000,0,0,0,0,34000
2832,台產            ,55000,21000,34000,0,0,0,0,0,0,0,0,0,0,0,0,0,34000
8112,至上            ,316000,286000,30000,0,0,0,1000,0,1000,3000,3000,0,3000,0,0,0,34000
8114,振樺電          ,42000,10000,32000,0,0,0,0,0,0,2000,2000,0,2000,0,0,0,34000
056674,華邦電元富98購01,0,0,0,0,0,0,0,0,0,33000,0,0,0,70000,37000,33000,33000
055587,智邦元大97購02  ,0,0,0,0,0,0,0,0,0,33000,0,0,0,141000,108000,33000,33000
054771,茂林國票98購02  ,0,0,0,0,0,0,0,0,0,33000,0,0,0,33000,0,33000,33000
054539,欣興國票98購01  ,0,0,0,0,0,0,0,0,0,33000,0,0,0,33000,0,33000,33000
050415,力成永豐94購01  ,0,0,0,0,0,0,0,0,0,33000,0,0,0,80000,47000,33000,33000
047447,台郡元大94購02  ,0,0,0,0,0,0,0,0,0,33000,0,0,0,44000,11000,33000,33000
046289,群創兆豐92購03  ,0,0,0,0,0,0,0,0,0,33000,0,0,0,33000,0,33000,33000
044124,燿華凱基93購01  ,0,0,0,0,0,0,0,0,0,33000,0,0,0,127000,94000,33000,33000
044134,訊芯凱基93購01  ,0,0,0,0,0,0,0,0,0,33000,0,0,0,93000,60000,33000,33000
04262P,景碩群益93售03  ,0,0,0,0,0,0,0,0,0,33000,0,0,0,33000,0,33000,33000
048503,百和元大93購02  ,0,0,0,0,0,0,0,0,0,33000,0,0,0,133000,100000,33000,33000
051121,裕民群益97購01  ,0,0,0,0,0,0,0,0,0,33000,0,0,0,33000,0,33000,33000
051671,和鑫元大96購02  ,0,0,0,0,0,0,0,0,0,33000,0,0,0,68000,35000,33000,33000
052124,京鼎國票95購01  ,0,0,0,0,0,0,0,0,0,33000,0,0,0,53000,20000,33000,33000
050782,台積電國泰96購03,0,0,0,0,0,0,0,0,0,33000,0,0,0,33000,0,33000,33000
049837,臺股指凱基96購02,0,0,0,0,0,0,0,0,0,33000,0,0,0,33000,0,33000,33000
050970,康舒永豐95購01  ,0,0,0,0,0,0,0,0,0,33000,0,0,0,68000,35000,33000,33000
052321,華擎元大95購01  ,0,0,0,0,0,0,0,0,0,33000,0,0,0,54000,21000,33000,33000
052441,亞泥元大95購01  ,0,0,0,0,0,0,0,0,0,33000,0,0,0,33000,0,33000,33000
051843,聯發科富邦99購01,0,0,0,0,0,0,0,0,0,33000,0,0,0,1497000,1464000,33000,33000
052535,日月光國泰96購01,0,0,0,0,0,0,0,0,0,33000,0,0,0,33000,0,33000,33000
053429,彩晶永豐96購01  ,0,0,0,0,0,0,0,0,0,33000,0,0,0,33000,0,33000,33000
053377,台積電元大98購01,0,0,0,0,0,0,0,0,0,33000,0,0,0,181000,148000,33000,33000
3645,達邁            ,126000,66000,60000,0,0,0,0,0,0,-27000,0,27000,-27000,0,0,0,33000
06508P,台灣50統一98售01,0,0,0,0,0,0,0,0,0,33000,0,0,0,221000,188000,33000,33000
06073P,健策永豐97售01  ,0,0,0,0,0,0,0,0,0,33000,0,0,0,33000,0,33000,33000
05892P,大立光中信98售03,0,0,0,0,0,0,0,0,0,33000,0,0,0,37000,4000,33000,33000
05794P,華邦電群益96售04,0,0,0,0,0,0,0,0,0,33000,0,0,0,33000,0,33000,33000
054985,光罩元富97購01  ,0,0,0,0,0,0,0,0,0,32000,0,0,0,78000,46000,32000,32000
055597,禾伸堂元大98購02,0,0,0,0,0,0,0,0,0,32000,0,0,0,107000,75000,32000,32000
05519P,上証2X凱基98售01,0,0,0,0,0,0,0,0,0,32000,0,0,0,65000,33000,32000,32000
055417,健策富邦98購02  ,0,0,0,0,0,0,0,0,0,32000,0,0,0,60000,28000,32000,32000
05607P,華通日盛96售01  ,0,0,0,0,0,0,0,0,0,32000,0,0,0,52000,20000,32000,32000
03399P,欣興中信02售03  ,0,0,0,0,0,0,0,0,0,32000,0,0,0,76000,44000,32000,32000
04083P,欣興統一94售01  ,0,0,0,0,0,0,0,0,0,32000,0,0,0,35000,3000,32000,32000
045695,英業達兆豐93購01,0,0,0,0,0,0,0,0,0,32000,0,0,0,32000,0,32000,32000
050965,揚明光永豐96購01,0,0,0,0,0,0,0,0,0,32000,0,0,0,32000,0,32000,32000
049437,可成國泰96購01  ,0,0,0,0,0,0,0,0,0,32000,0,0,0,67000,35000,32000,32000
049892,國巨富邦96購01  ,0,0,0,0,0,0,0,0,0,32000,0,0,0,76000,44000,32000,32000
05027P,南電群益95售01  ,0,0,0,0,0,0,0,0,0,32000,0,0,0,32000,0,32000,32000
051053,台光電群益95購01,0,0,0,0,0,0,0,0,0,32000,0,0,0,32000,0,32000,32000
049646,旺宏凱基94購01  ,0,0,0,0,0,0,0,0,0,32000,0,0,0,32000,0,32000,32000
049582,台積電元大95購03,0,0,0,0,0,0,0,0,0,32000,0,0,0,101000,69000,32000,32000
050496,鴻海富邦96購01  ,0,0,0,0,0,0,0,0,0,32000,0,0,0,32000,0,32000,32000
048496,南亞科元大93購05,0,0,0,0,0,0,0,0,0,32000,0,0,0,100000,68000,32000,32000
05090P,國巨元大95售05  ,0,0,0,0,0,0,0,0,0,32000,0,0,0,302000,270000,32000,32000
053332,創意永豐96購03  ,0,0,0,0,0,0,0,0,0,32000,0,0,0,289000,257000,32000,32000
054067,百和國票97購03  ,0,0,0,0,0,0,0,0,0,32000,0,0,0,32000,0,32000,32000
054248,燿華元大97購02  ,0,0,0,0,0,0,0,0,0,32000,0,0,0,186000,154000,32000,32000
054495,滬深2X永豐97購02,0,0,0,0,0,0,0,0,0,32000,0,0,0,32000,0,32000,32000
052766,玉晶光群益9A購01,0,0,0,0,0,0,0,0,0,32000,0,0,0,42000,10000,32000,32000
052806,玉晶光元大98購04,0,0,0,0,0,0,0,0,0,32000,0,0,0,105000,73000,32000,32000
053101,創意元富96購03  ,0,0,0,0,0,0,0,0,0,32000,0,0,0,294000,262000,32000,32000
053092,台表科元大97購02,0,0,0,0,0,0,0,0,0,32000,0,0,0,100000,68000,32000,32000
052274,大立光群益95購03,0,0,0,0,0,0,0,0,0,32000,0,0,0,50000,18000,32000,32000
052252,大立光永豐95購03,0,0,0,0,0,0,0,0,0,32000,0,0,0,32000,0,32000,32000
2102,泰豐            ,121000,89000,32000,0,0,0,0,0,0,0,0,0,0,0,0,0,32000
4551,智伸科          ,67000,45000,22000,0,0,0,0,0,0,10000,10000,2000,8000,4000,2000,2000,32000
3036,文曄            ,163000,199000,-36000,0,0,0,0,0,0,68000,24000,3000,21000,47000,0,47000,32000
056787,健鼎群益98購01  ,0,0,0,0,0,0,0,0,0,31000,0,0,0,52000,21000,31000,31000
056488,致新元大99購01  ,0,0,0,0,0,0,0,0,0,31000,0,0,0,150000,119000,31000,31000
056556,南電凱基98購01  ,0,0,0,0,0,0,0,0,0,31000,0,0,0,136000,105000,31000,31000
056649,智易凱基98購01  ,0,0,0,0,0,0,0,0,0,31000,0,0,0,68000,37000,31000,31000
05540P,亞德客凱基96售01,0,0,0,0,0,0,0,0,0,31000,0,0,0,328000,297000,31000,31000
055389,國巨統一98購02  ,0,0,0,0,0,0,0,0,0,31000,0,0,0,99000,68000,31000,31000
055155,奇力新元大99購01,0,0,0,0,0,0,0,0,0,31000,0,0,0,31000,0,31000,31000
055463,國喬凱基97購01  ,0,0,0,0,0,0,0,0,0,31000,0,0,0,31000,0,31000,31000
055023,億光國泰98購01  ,0,0,0,0,0,0,0,0,0,31000,0,0,0,189000,158000,31000,31000
055092,開發金群益9B購01,0,0,0,0,0,0,0,0,0,31000,0,0,0,151000,120000,31000,31000
054768,泰碩國票99購02  ,0,0,0,0,0,0,0,0,0,31000,0,0,0,57000,26000,31000,31000
050390,聯發科統一94購09,0,0,0,0,0,0,0,0,0,31000,0,0,0,180000,149000,31000,31000
050578,聯發科國票95購03,0,0,0,0,0,0,0,0,0,31000,0,0,0,31000,0,31000,31000
04275P,南亞科凱基93售08,0,0,0,0,0,0,0,0,0,31000,0,0,0,31000,0,31000,31000
043641,深中小國票94購01,0,0,0,0,0,0,0,0,0,31000,0,0,0,31000,0,31000,31000
051279,喬山兆豐96購01  ,0,0,0,0,0,0,0,0,0,31000,0,0,0,31000,0,31000,31000
051372,樺漢富邦96購01  ,0,0,0,0,0,0,0,0,0,31000,0,0,0,32000,1000,31000,31000
052311,台積電富邦95購09,0,0,0,0,0,0,0,0,0,31000,0,0,0,31000,0,31000,31000
052750,臺股指元大96購04,0,0,0,0,0,0,0,0,0,31000,0,0,0,71000,40000,31000,31000
054305,光磊凱基98購01  ,0,0,0,0,0,0,0,0,0,31000,0,0,0,31000,0,31000,31000
053908,貿聯凱基98購01  ,0,0,0,0,0,0,0,0,0,31000,0,0,0,31000,0,31000,31000
053318,全新群益99購01  ,0,0,0,0,0,0,0,0,0,31000,0,0,0,228000,197000,31000,31000
053665,臺股指凱基96購26,0,0,0,0,0,0,0,0,0,31000,0,0,0,32000,1000,31000,31000
6235,華孚            ,39000,7000,32000,0,0,0,0,0,0,-1000,0,1000,-1000,0,0,0,31000
6591,動力-KY         ,100000,71000,29000,0,0,0,0,0,0,2000,7000,5000,2000,0,0,0,31000
06172P,台虹永豐97售02  ,0,0,0,0,0,0,0,0,0,31000,0,0,0,31000,0,31000,31000
054650,南亞麥證97購01  ,0,0,0,30000,0,30000,0,0,0,30000,0,0,0,30000,0,30000,30000
054668,傳奇元富97購03  ,0,0,0,0,0,0,0,0,0,30000,0,0,0,30000,0,30000,30000
054857,信錦群益97購01  ,0,0,0,0,0,0,0,0,0,30000,0,0,0,30000,0,30000,30000
055554,聯發科凱基97購06,0,0,0,0,0,0,0,0,0,30000,0,0,0,51000,21000,30000,30000
055405,華泰國泰98購01  ,0,0,0,0,0,0,0,0,0,30000,0,0,0,30000,0,30000,30000
055348,旺宏凱基97購01  ,0,0,0,0,0,0,0,0,0,30000,0,0,0,30000,0,30000,30000
056662,臺股指元大9A購09,0,0,0,0,0,0,0,0,0,30000,0,0,0,30000,0,30000,30000
056599,臻鼎元富98購01  ,0,0,0,0,0,0,0,0,0,30000,0,0,0,146000,116000,30000,30000
056585,台積電統一9A購01,0,0,0,0,0,0,0,0,0,30000,0,0,0,65000,35000,30000,30000
05677P,玉晶光群益98售03,0,0,0,0,0,0,0,0,0,30000,0,0,0,40000,10000,30000,30000
056699,光罩國泰99購01  ,0,0,0,0,0,0,0,0,0,30000,0,0,0,30000,0,30000,30000
056909,嘉聯益元大99購03,0,0,0,0,0,0,0,0,0,30000,0,0,0,88000,58000,30000,30000
055869,臺股指元大97購08,0,0,0,0,0,0,0,0,0,30000,0,0,0,30000,0,30000,30000
045369,康控兆豐93購01  ,0,0,0,0,0,0,0,0,0,30000,0,0,0,30000,0,30000,30000
045361,鈺齊凱基93購01  ,0,0,0,0,0,0,0,0,0,30000,0,0,0,40000,10000,30000,30000
045379,智邦元大93購01  ,0,0,0,0,0,0,0,0,0,30000,0,0,0,32000,2000,30000,30000
04269P,華通國票93售03  ,0,0,0,0,0,0,0,0,0,30000,0,0,0,310000,280000,30000,30000
044129,群創凱基93購02  ,0,0,0,0,0,0,0,0,0,30000,0,0,0,30000,0,30000,30000
044462,漢唐兆豐93購01  ,0,0,0,0,0,0,0,0,0,30000,0,0,0,40000,10000,30000,30000
047740,樺漢永豐93購01  ,0,0,0,0,0,0,0,0,0,30000,0,0,0,30000,0,30000,30000
046758,聯發科凱基93購05,0,0,0,0,0,0,0,0,0,30000,0,0,0,30000,0,30000,30000
047797,臺股指群益93購08,0,0,0,0,0,0,0,0,0,30000,0,0,0,30000,0,30000,30000
047768,大立光元大95購01,0,0,0,0,0,0,0,0,0,30000,0,0,0,37000,7000,30000,30000
03199P,台積電統一01售16,0,0,0,0,0,0,0,0,0,30000,0,0,0,110000,80000,30000,30000
03020X,元展20          ,0,0,0,0,0,0,0,0,0,30000,0,0,0,30000,0,30000,30000
03902P,義隆國票94售01  ,0,0,0,0,0,0,0,0,0,30000,0,0,0,30000,0,30000,30000
03581P,台積電群益03售04,0,0,0,0,0,0,0,0,0,30000,0,0,0,30000,0,30000,30000
050570,聯發科中信97購02,0,0,0,0,0,0,0,0,0,30000,0,0,0,30000,0,30000,30000
050414,泰鼎永豐94購04  ,0,0,0,0,0,0,0,0,0,30000,0,0,0,80000,50000,30000,30000
048740,富邦金統一94購01,0,0,0,0,0,0,0,0,0,30000,0,0,0,30000,0,30000,30000
049517,台光電國票94購02,0,0,0,0,0,0,0,0,0,30000,0,0,0,30000,0,30000,30000
048764,台光電凱基94購03,0,0,0,0,0,0,0,0,0,30000,0,0,0,30000,0,30000,30000
047507,台塑國票93購01  ,0,0,0,0,0,0,0,0,0,30000,0,0,0,30000,0,30000,30000
047308,鴻海元大93購12  ,0,0,0,0,0,0,0,0,0,30000,0,0,0,50000,20000,30000,30000
048031,全新凱基93購02  ,0,0,0,0,0,0,0,0,0,30000,0,0,0,48000,18000,30000,30000
047944,中石化元富96購01,0,0,0,0,0,0,0,0,0,30000,0,0,0,30000,0,30000,30000
047801,臺股指兆豐93購01,0,0,0,0,0,0,0,0,0,30000,0,0,0,30000,0,30000,30000
046854,可成元大93購04  ,0,0,0,0,0,0,0,0,0,30000,0,0,0,30000,0,30000,30000
046197,日月光凱基92購04,0,0,0,0,0,0,0,0,0,30000,0,0,0,50000,20000,30000,30000
046299,大立光富邦93購04,0,0,0,0,0,0,0,0,0,30000,0,0,0,30000,0,30000,30000
045968,貿聯凱基92購03  ,0,0,0,0,0,0,0,0,0,30000,0,0,0,30000,0,30000,30000
050259,鴻海元大94購14  ,0,0,0,0,0,0,0,0,0,30000,0,0,0,30000,0,30000,30000
052091,緯創元大95購04  ,0,0,0,0,0,0,0,0,0,30000,0,0,0,30000,0,30000,30000
050211,貿聯國票95購01  ,0,0,0,0,0,0,0,0,0,30000,0,0,0,40000,10000,30000,30000
051646,華通永豐96購01  ,0,0,0,0,0,0,0,0,0,30000,0,0,0,30000,0,30000,30000
051533,健鼎國票96購02  ,0,0,0,0,0,0,0,0,0,30000,0,0,0,60000,30000,30000,30000
05155P,聯發科兆豐95售03,0,0,0,0,0,0,0,0,0,30000,0,0,0,50000,20000,30000,30000
049898,緯穎統一95購01  ,0,0,0,0,0,0,0,0,0,30000,0,0,0,30000,0,30000,30000
04909P,鴻海統一94售10  ,0,0,0,0,0,0,0,0,0,30000,0,0,0,30000,0,30000,30000
04988P,楠梓電元大94售01,0,0,0,0,0,0,0,0,0,30000,0,0,0,30000,0,30000,30000
050024,旺宏元大94購09  ,0,0,0,0,0,0,0,0,0,30000,0,0,0,37000,7000,30000,30000
050127,台積電凱基94購31,0,0,0,0,0,0,0,0,0,30000,0,0,0,30000,0,30000,30000
050955,達方群益97購01  ,0,0,0,0,0,0,0,0,0,30000,0,0,0,31000,1000,30000,30000
04984P,臺股指康和94售04,0,0,0,0,0,0,0,0,0,30000,0,0,0,50000,20000,30000,30000
048261,鴻海元富95購01  ,0,0,0,0,0,0,0,0,0,30000,0,0,0,55000,25000,30000,30000
048348,矽力元大93購03  ,0,0,0,0,0,0,0,0,0,30000,0,0,0,30000,0,30000,30000
048275,A50正2永豐93購01,0,0,0,0,0,0,0,0,0,30000,0,0,0,30000,0,30000,30000
048467,南電康和93購01  ,0,0,0,0,0,0,0,0,0,30000,0,0,0,30000,0,30000,30000
048439,上銀凱基93購09  ,0,0,0,0,0,0,0,0,0,30000,0,0,0,30000,0,30000,30000
050882,華泰國泰96購01  ,0,0,0,0,0,0,0,0,0,30000,0,0,0,30000,0,30000,30000
049217,智邦國票95購01  ,0,0,0,0,0,0,0,0,0,30000,0,0,0,36000,6000,30000,30000
048901,矽格國泰95購01  ,0,0,0,0,0,0,0,0,0,30000,0,0,0,44000,14000,30000,30000
050696,台光電凱基96購01,0,0,0,0,0,0,0,0,0,30000,0,0,0,30000,0,30000,30000
051064,鴻海國票95購01  ,0,0,0,0,0,0,0,0,0,30000,0,0,0,30000,0,30000,30000
05334P,臺股指國票95售03,0,0,0,0,0,0,0,0,0,30000,0,0,0,30000,0,30000,30000
053498,大立光兆豐96購03,0,0,0,0,0,0,0,0,0,30000,0,0,0,30000,0,30000,30000
053910,嘉聯益凱基98購01,0,0,0,0,0,0,0,0,0,30000,0,0,0,191000,161000,30000,30000
053999,台表科群益96購06,0,0,0,0,0,0,0,0,0,30000,0,0,0,30000,0,30000,30000
054097,淘帝國票97購01  ,0,0,0,0,0,0,0,0,0,30000,0,0,0,30000,0,30000,30000
054150,國巨國泰97購05  ,0,0,0,0,0,0,0,0,0,30000,0,0,0,30000,0,30000,30000
054284,和大元大96購03  ,0,0,0,0,0,0,0,0,0,30000,0,0,0,30000,0,30000,30000
054274,智易中信96購02  ,0,0,0,0,0,0,0,0,0,30000,0,0,0,30000,0,30000,30000
054275,華通群益97購03  ,0,0,0,0,0,0,0,0,0,30000,0,0,0,30000,0,30000,30000
05422P,大立光中信97售02,0,0,0,0,0,0,0,0,0,30000,0,0,0,31000,1000,30000,30000
054494,訊芯台新96購01  ,0,0,0,0,0,0,0,0,0,30000,0,0,0,40000,10000,30000,30000
054428,禾伸堂富邦98購01,0,0,0,0,0,0,0,0,0,30000,0,0,0,30000,0,30000,30000
054429,中石化台新97購01,0,0,0,0,0,0,0,0,0,30000,0,0,0,30000,0,30000,30000
052768,泰鼎群益96購01  ,0,0,0,0,0,0,0,0,0,30000,0,0,0,50000,20000,30000,30000
052579,亞泥元富96購01  ,0,0,0,0,0,0,0,0,0,30000,0,0,0,40000,10000,30000,30000
052590,祥碩永豐96購01  ,0,0,0,0,0,0,0,0,0,30000,0,0,0,30000,0,30000,30000
05260P,和碩元富95售02  ,0,0,0,0,0,0,0,0,0,30000,0,0,0,30000,0,30000,30000
053102,祥碩元富96購01  ,0,0,0,0,0,0,0,0,0,30000,0,0,0,30000,0,30000,30000
053121,上証2X凱基9C購01,0,0,0,0,0,0,0,0,0,30000,0,0,0,42000,12000,30000,30000
052280,聯發科凱基95購11,0,0,0,0,0,0,0,0,0,30000,0,0,0,50000,20000,30000,30000
052455,樺漢元大96購03  ,0,0,0,0,0,0,0,0,0,30000,0,0,0,30000,0,30000,30000
052382,臺股指元大95購23,0,0,0,0,0,0,0,0,0,30000,0,0,0,30000,0,30000,30000
051898,富邦金國泰97購01,0,0,0,0,0,0,0,0,0,30000,0,0,0,30000,0,30000,30000
051738,全新國票96購02  ,0,0,0,0,0,0,0,0,0,30000,0,0,0,60000,30000,30000,30000
05195P,南茂康和95售01  ,0,0,0,0,0,0,0,0,0,30000,0,0,0,30000,0,30000,30000
05202P,鴻海元大95售16  ,0,0,0,0,0,0,0,0,0,30000,0,0,0,30000,0,30000,30000
06214P,國巨國票98售04  ,0,0,0,0,0,0,0,0,0,30000,0,0,0,90000,60000,30000,30000
06103P,漢唐凱基97售02  ,0,0,0,0,0,0,0,0,0,30000,0,0,0,30000,0,30000,30000
06107P,美律群益98售02  ,0,0,0,0,0,0,0,0,0,30000,0,0,0,30000,0,30000,30000
06129P,玉晶光元富97售06,0,0,0,0,0,0,0,0,0,30000,0,0,0,35000,5000,30000,30000
05811P,臺股指國票96售04,0,0,0,0,0,0,0,0,0,30000,0,0,0,30000,0,30000,30000
05938P,旺宏凱基96售07  ,0,0,0,0,0,0,0,0,0,30000,0,0,0,30000,0,30000,30000
08539P,元油2X國票99售01,0,0,0,0,0,0,0,0,0,30000,0,0,0,30000,0,30000,30000
6283,淳安            ,37000,5000,32000,0,0,0,0,0,0,-2000,0,2000,-2000,0,0,0,30000
6209,今國光          ,71000,39000,32000,0,0,0,0,0,0,-2000,0,2000,-2000,0,0,0,30000
3056,總太            ,115000,84000,31000,0,0,0,0,0,0,-1000,0,1000,-1000,0,0,0,30000
01002T,土銀國泰R1      ,29926,0,29926,0,0,0,0,0,0,0,0,0,0,0,0,0,29926
055862,矽力元大97購04  ,0,0,0,0,0,0,0,0,0,29000,0,0,0,94000,65000,29000,29000
056062,大立光元大97購12,0,0,0,0,0,0,0,0,0,29000,0,0,0,37000,8000,29000,29000
055910,瑞昱凱基98購01  ,0,0,0,0,0,0,0,0,0,29000,0,0,0,29000,0,29000,29000
056231,嘉聯益凱基97購02,0,0,0,0,0,0,0,0,0,29000,0,0,0,82000,53000,29000,29000
055339,緯穎兆豐98購01  ,0,0,0,0,0,0,0,0,0,29000,0,0,0,54000,25000,29000,29000
054905,國揚康和97購01  ,0,0,0,0,0,0,0,0,0,29000,0,0,0,61000,32000,29000,29000
055054,群光永豐97購01  ,0,0,0,0,0,0,0,0,0,29000,0,0,0,29000,0,29000,29000
00688L,國泰20年美債正2 ,0,0,0,0,0,0,0,0,0,29000,0,0,0,129000,100000,29000,29000
03827P,矽創國票94售01  ,0,0,0,0,0,0,0,0,0,29000,0,0,0,47000,18000,29000,29000
046629,群創統一98購01  ,0,0,0,0,0,0,0,0,0,29000,0,0,0,59000,30000,29000,29000
045401,大立光兆豐93購01,0,0,0,0,0,0,0,0,0,29000,0,0,0,40000,11000,29000,29000
047113,聯發科元大93購12,0,0,0,0,0,0,0,0,0,29000,0,0,0,101000,72000,29000,29000
051068,台積電國票97購01,4000,0,4000,0,0,0,0,0,0,25000,0,0,0,25000,0,25000,29000
050648,全新凱基96購01  ,0,0,0,0,0,0,0,0,0,29000,0,0,0,29000,0,29000,29000
049272,世紀鋼元大96購02,0,0,0,0,0,0,0,0,0,29000,0,0,0,105000,76000,29000,29000
049717,微星凱基94購01  ,0,0,0,0,0,0,0,0,0,29000,0,0,0,69000,40000,29000,29000
051525,日月光凱基95購02,0,0,0,0,0,0,0,0,0,29000,0,0,0,30000,1000,29000,29000
051459,臺股指元大95購19,0,0,0,0,0,0,0,0,0,29000,0,0,0,42000,13000,29000,29000
050228,中磊中信96購01  ,0,0,0,0,0,0,0,0,0,29000,0,0,0,29000,0,29000,29000
051904,深100元大95購01 ,0,0,0,0,0,0,0,0,0,29000,0,0,0,34000,5000,29000,29000
052325,高股息中信99購01,0,0,0,0,0,0,0,0,0,29000,0,0,0,30000,1000,29000,29000
052194,旺宏元富95購04  ,0,0,0,0,0,0,0,0,0,29000,0,0,0,199000,170000,29000,29000
052211,台積電元大95購22,0,0,0,0,0,0,0,0,0,29000,0,0,0,199000,170000,29000,29000
052641,聯詠台新96購01  ,0,0,0,0,0,0,0,0,0,29000,0,0,0,39000,10000,29000,29000
054261,智伸科元大96購03,0,0,0,0,0,0,0,0,0,29000,0,0,0,130000,101000,29000,29000
054122,康友永豐96購01  ,0,0,0,0,0,0,0,0,0,29000,0,0,0,200000,171000,29000,29000
053625,國巨兆豐96購03  ,0,0,0,0,0,0,0,0,0,29000,0,0,0,121000,92000,29000,29000
5225,東科-KY         ,39000,11000,28000,0,0,0,0,0,0,1000,1000,0,1000,0,0,0,29000
6698,旭暉應材        ,17000,28000,-11000,0,0,0,6000,0,6000,34000,35000,1000,34000,0,0,0,29000
9943,好樂迪          ,30000,1000,29000,0,0,0,0,0,0,0,0,0,0,0,0,0,29000
05719P,可成元大96售03  ,0,0,0,0,0,0,0,0,0,29000,0,0,0,32000,3000,29000,29000
06130P,玉晶光元富97售07,0,0,0,0,0,0,0,0,0,29000,0,0,0,29000,0,29000,29000
06203P,奇力新中信98售02,0,0,0,0,0,0,0,0,0,29000,0,0,0,30000,1000,29000,29000
055215,智邦凱基98購02  ,0,0,0,0,0,0,0,0,0,28000,0,0,0,82000,54000,28000,28000
04597P,為升凱基94售02  ,0,0,0,0,0,0,0,0,0,28000,0,0,0,38000,10000,28000,28000
04599P,南亞科凱基94售03,0,0,0,0,0,0,0,0,0,28000,0,0,0,28000,0,28000,28000
046001,友達統一93購03  ,0,0,0,0,0,0,0,0,0,28000,0,0,0,28000,0,28000,28000
04695P,正崴康和94售01  ,0,0,0,0,0,0,0,0,0,28000,0,0,0,28000,0,28000,28000
047804,鴻海凱基93購26  ,0,0,0,0,0,0,0,0,0,28000,0,0,0,50000,22000,28000,28000
043396,世紀鋼元大93購01,0,0,0,0,0,0,0,0,0,28000,0,0,0,29000,1000,28000,28000
044584,世紀鋼凱基93購05,0,0,0,0,0,0,0,0,0,28000,0,0,0,28000,0,28000,28000
040721,大立光富邦92購01,0,0,0,0,0,0,0,0,0,28000,0,0,0,28000,0,28000,28000
051428,玉晶光統一96購01,0,0,0,0,0,0,0,0,0,28000,0,0,0,63000,35000,28000,28000
05143P,臻鼎台新95售01  ,0,0,0,0,0,0,0,0,0,28000,0,0,0,28000,0,28000,28000
05093P,可成元大95售03  ,0,0,0,0,0,0,0,0,0,28000,0,0,0,31000,3000,28000,28000
050115,群創元大96購01  ,0,0,0,0,0,0,0,0,0,28000,0,0,0,82000,54000,28000,28000
048133,臻鼎國票94購01  ,0,0,0,0,0,0,0,0,0,28000,0,0,0,48000,20000,28000,28000
049727,台積電中信94購02,0,0,0,0,0,0,0,0,0,28000,0,0,0,38000,10000,28000,28000
050368,國巨元大94購14  ,0,0,0,0,0,0,0,0,0,28000,0,0,0,46000,18000,28000,28000
04958P,和大凱基94售04  ,0,0,0,0,0,0,0,0,0,28000,0,0,0,40000,12000,28000,28000
049588,聯發科元大94購06,0,0,0,0,0,0,0,0,0,28000,0,0,0,177000,149000,28000,28000
054136,亞光元大96購04  ,0,0,0,0,0,0,0,0,0,28000,0,0,0,74000,46000,28000,28000
05393P,鴻海統一95售14  ,0,0,0,0,0,0,0,0,0,28000,0,0,0,78000,50000,28000,28000
053173,矽格群益97購01  ,0,0,0,0,0,0,0,0,0,28000,0,0,0,44000,16000,28000,28000
052204,台泥中信96購01  ,0,0,0,0,0,0,0,0,0,28000,0,0,0,70000,42000,28000,28000
052383,臺股指元大95購29,0,0,0,0,0,0,0,0,0,28000,0,0,0,32000,4000,28000,28000
052491,泰碩國票99購01  ,0,0,0,0,0,0,0,0,0,28000,0,0,0,55000,27000,28000,28000
06142P,台虹康和97售02  ,0,0,0,0,0,0,0,0,0,28000,0,0,0,39000,11000,28000,28000
05764P,世紀鋼永豐96售03,0,0,0,0,0,0,0,0,0,28000,0,0,0,28000,0,28000,28000
1786,科妍            ,40000,12000,28000,0,0,0,0,0,0,0,3000,3000,0,0,0,0,28000
2897,王道銀行        ,72000,45000,27000,0,0,0,0,0,0,1000,1000,0,1000,0,0,0,28000
05521P,創意永豐96售01  ,0,0,0,0,0,0,0,0,0,27000,0,0,0,27000,0,27000,27000
055434,樺漢群益97購01  ,0,0,0,0,0,0,0,0,0,27000,0,0,0,27000,0,27000,27000
055922,台郡凱基98購03  ,0,0,0,0,0,0,0,0,0,27000,0,0,0,27000,0,27000,27000
055873,聚陽元富97購01  ,0,0,0,0,0,0,0,0,0,27000,0,0,0,45000,18000,27000,27000
05682P,大立光元大98售03,0,0,0,0,0,0,0,0,0,27000,0,0,0,37000,10000,27000,27000
056537,冠德凱基98購01  ,0,0,0,0,0,0,0,0,0,27000,0,0,0,27000,0,27000,27000
00706L,元大S&P日圓正2  ,0,0,0,0,0,0,0,0,0,27000,0,0,0,31000,4000,27000,27000
045734,全新國票93購01  ,0,0,0,0,0,0,0,0,0,27000,0,0,0,48000,21000,27000,27000
04867P,美律統一94售03  ,0,0,0,0,0,0,0,0,0,27000,0,0,0,51000,24000,27000,27000
050620,和碩元大94購04  ,0,0,0,0,0,0,0,0,0,27000,0,0,0,119000,92000,27000,27000
050500,台積電凱基94購36,0,0,0,0,0,0,0,0,0,27000,0,0,0,27000,0,27000,27000
04851P,創意永豐94售02  ,0,0,0,0,0,0,0,0,0,27000,0,0,0,27000,0,27000,27000
050093,國巨永豐94購05  ,0,0,0,0,0,0,0,0,0,27000,0,0,0,144000,117000,27000,27000
052177,京鼎元大95購02  ,0,0,0,0,0,0,0,0,0,27000,0,0,0,152000,125000,27000,27000
052526,智伸科元大96購02,0,0,0,0,0,0,0,0,0,27000,0,0,0,71000,44000,27000,27000
053927,牧德國票97購01  ,0,0,0,0,0,0,0,0,0,27000,0,0,0,41000,14000,27000,27000
054351,華新科國泰97購03,0,0,0,0,0,0,0,0,0,27000,0,0,0,142000,115000,27000,27000
06496P,台灣50日盛98售01,0,0,0,0,0,0,0,0,0,27000,0,0,0,531000,504000,27000,27000
05894P,友達群益98售02  ,0,0,0,0,0,0,0,0,0,27000,0,0,0,30000,3000,27000,27000
06150P,奇力新元大97售06,0,0,0,0,0,0,0,0,0,27000,0,0,0,52000,25000,27000,27000
056285,可成永豐97購02  ,0,0,0,0,0,0,0,0,0,26000,0,0,0,26000,0,26000,26000
056198,台光電永豐97購02,0,0,0,0,0,0,0,0,0,26000,0,0,0,68000,42000,26000,26000
05552P,聯詠群益96售01  ,0,0,0,0,0,0,0,0,0,26000,0,0,0,35000,9000,26000,26000
055229,大毅國票97購02  ,0,0,0,0,0,0,0,0,0,26000,0,0,0,95000,69000,26000,26000
054865,可成群益97購01  ,0,0,0,0,0,0,0,0,0,26000,0,0,0,77000,51000,26000,26000
054893,帆宣統一99購01  ,0,0,0,0,0,0,0,0,0,26000,0,0,0,54000,28000,26000,26000
054533,泰碩國泰98購01  ,0,0,0,0,0,0,0,0,0,26000,0,0,0,46000,20000,26000,26000
048677,智伸科國泰94購01,0,0,0,0,0,0,0,0,0,26000,0,0,0,26000,0,26000,26000
047470,聯發科中信94購03,0,0,0,0,0,0,0,0,0,26000,0,0,0,26000,0,26000,26000
048052,力成中信93購01  ,0,0,0,0,0,0,0,0,0,26000,0,0,0,26000,0,26000,26000
00766L,台新MSCI中國正2 ,0,0,0,0,0,0,0,0,0,26000,0,0,0,466000,440000,26000,26000
03417B,臺股指凱基95熊19,0,0,0,0,0,0,0,0,0,26000,0,0,0,41000,15000,26000,26000
044518,京鼎凱基92購01  ,0,0,0,0,0,0,0,0,0,26000,0,0,0,36000,10000,26000,26000
046790,康友永豐93購01  ,0,0,0,0,0,0,0,0,0,26000,0,0,0,26000,0,26000,26000
050036,矽格元大94購03  ,0,0,0,0,0,0,0,0,0,26000,0,0,0,54000,28000,26000,26000
049052,台積電永豐94購02,0,0,0,0,0,0,0,0,0,26000,0,0,0,26000,0,26000,26000
051594,和碩元大96購01  ,0,0,0,0,0,0,0,0,0,26000,0,0,0,80000,54000,26000,26000
051576,台積電元大97購02,0,0,0,0,0,0,0,0,0,26000,0,0,0,187000,161000,26000,26000
048403,聯發科群益93購10,0,0,0,0,0,0,0,0,0,26000,0,0,0,36000,10000,26000,26000
051287,台積電統一95購05,0,0,0,0,0,0,0,0,0,26000,0,0,0,26000,0,26000,26000
049635,臺股指群益94購08,0,0,0,0,0,0,0,0,0,26000,0,0,0,27000,1000,26000,26000
051214,大立光統一95購02,0,0,0,0,0,0,0,0,0,26000,0,0,0,64000,38000,26000,26000
051026,健策統一96購01  ,0,0,0,0,0,0,0,0,0,26000,0,0,0,26000,0,26000,26000
051007,台光電麥證95購01,0,0,0,42000,16000,26000,0,0,0,26000,0,0,0,42000,16000,26000,26000
052595,奇力新群益96購01,0,0,0,0,0,0,0,0,0,26000,0,0,0,97000,71000,26000,26000
053190,聯發科統一99購01,0,0,0,0,0,0,0,0,0,26000,0,0,0,26000,0,26000,26000
053124,聯發科凱基96購12,0,0,0,0,0,0,0,0,0,26000,0,0,0,124000,98000,26000,26000
052294,創意國票96購03  ,0,0,0,0,0,0,0,0,0,26000,0,0,0,68000,42000,26000,26000
052378,矽力元大96購01  ,0,0,0,0,0,0,0,0,0,26000,0,0,0,46000,20000,26000,26000
05956P,漢唐國票96售02  ,0,0,0,0,0,0,0,0,0,26000,0,0,0,26000,0,26000,26000
05766P,A50正2凱基99售01,0,0,0,0,0,0,0,0,0,26000,0,0,0,229000,203000,26000,26000
1734,杏輝            ,6000,6000,0,0,0,0,0,0,0,26000,0,4000,-4000,30000,0,30000,26000
2881A,富邦特          ,25000,0,25000,0,0,0,0,0,0,1000,1000,0,1000,0,0,0,26000
5706,鳳凰            ,28000,2000,26000,0,0,0,0,0,0,0,0,0,0,0,0,0,26000
6224,聚鼎            ,41000,17000,24000,0,0,0,0,0,0,2000,4000,2000,2000,0,0,0,26000
4566,時碩工業        ,43000,17000,26000,0,0,0,0,0,0,0,0,0,0,0,0,0,26000
4164,承業醫          ,45000,23000,22000,0,0,0,0,0,0,4000,5000,1000,4000,0,0,0,26000
055017,緯穎元富97購01  ,0,0,0,0,0,0,0,0,0,25000,0,0,0,191000,166000,25000,25000
055669,緯穎群益97購02  ,0,0,0,0,0,0,0,0,0,25000,0,0,0,61000,36000,25000,25000
056271,嘉澤統一97購01  ,0,0,0,0,0,0,0,0,0,25000,0,0,0,82000,57000,25000,25000
055854,群創元大98購04  ,0,0,0,0,0,0,0,0,0,25000,0,0,0,225000,200000,25000,25000
055755,禾伸堂兆豐97購02,0,0,0,0,0,0,0,0,0,25000,0,0,0,45000,20000,25000,25000
055924,深中小群益9B購01,0,0,0,0,0,0,0,0,0,25000,0,0,0,25000,0,25000,25000
055973,亞德客統一97購01,0,0,0,0,0,0,0,0,0,25000,0,0,0,397000,372000,25000,25000
056610,鴻海永豐98購01  ,0,0,0,0,0,0,0,0,0,25000,0,0,0,136000,111000,25000,25000
056612,台積電永豐98購01,0,0,0,0,0,0,0,0,0,25000,0,0,0,402000,377000,25000,25000
056669,貿聯國票99購01  ,0,0,0,0,0,0,0,0,0,25000,0,0,0,57000,32000,25000,25000
056443,南亞科凱基98購03,0,0,0,0,0,0,0,0,0,25000,0,0,0,60000,35000,25000,25000
056840,友達元富98購02  ,0,0,0,0,0,0,0,0,0,25000,0,0,0,35000,10000,25000,25000
05703P,矽力群益96售03  ,0,0,0,0,0,0,0,0,0,25000,0,0,0,81000,56000,25000,25000
042556,台灣50中信96購04,0,0,0,0,0,0,0,0,0,25000,0,0,0,86000,61000,25000,25000
04158P,南電永豐93售04  ,0,0,0,0,0,0,0,0,0,25000,0,0,0,25000,0,25000,25000
046383,群創凱基98購01  ,0,0,0,0,0,0,0,0,0,25000,0,0,0,25000,0,25000,25000
046458,大立光凱基92購11,0,0,0,0,0,0,0,0,0,25000,0,0,0,25000,0,25000,25000
046158,聯發科群益92購02,0,0,0,0,0,0,0,0,0,25000,0,0,0,25000,0,25000,25000
048008,聯發科富邦95購02,0,0,0,0,0,0,0,0,0,25000,0,0,0,25000,0,25000,25000
047227,華新科凱基94購01,0,0,0,0,0,0,0,0,0,25000,0,0,0,31000,6000,25000,25000
047546,瑞昱凱基93購06  ,0,0,0,0,0,0,0,0,0,25000,0,0,0,60000,35000,25000,25000
049516,光罩國票94購02  ,0,0,0,0,0,0,0,0,0,25000,0,0,0,25000,0,25000,25000
050396,欣興元富94購02  ,0,0,0,0,0,0,0,0,0,25000,0,0,0,30000,5000,25000,25000
051066,台積電國票96購02,0,0,0,0,0,0,0,0,0,25000,0,0,0,25000,0,25000,25000
04959P,可成凱基94售14  ,0,0,0,0,0,0,0,0,0,25000,0,0,0,34000,9000,25000,25000
050455,貿聯元大94購02  ,0,0,0,0,0,0,0,0,0,25000,0,0,0,40000,15000,25000,25000
050890,南電富邦99購01  ,0,0,0,0,0,0,0,0,0,25000,0,0,0,25000,0,25000,25000
049203,智邦群益94購01  ,0,0,0,0,0,0,0,0,0,25000,0,0,0,47000,22000,25000,25000
051683,A50正2凱基97購01,0,0,0,0,0,0,0,0,0,25000,0,0,0,25000,0,25000,25000
051506,台積電元富95購06,0,0,0,0,0,0,0,0,0,25000,0,0,0,812000,787000,25000,25000
050018,高股息元大94購02,0,0,0,0,0,0,0,0,0,25000,0,0,0,30000,5000,25000,25000
04999P,南電永豐95售01  ,0,0,0,0,0,0,0,0,0,25000,0,0,0,30000,5000,25000,25000
049957,智邦統一94購01  ,0,0,0,0,0,0,0,0,0,25000,0,0,0,258000,233000,25000,25000
048237,致茂國票94購01  ,0,0,0,0,0,0,0,0,0,25000,0,0,0,70000,45000,25000,25000
051350,台積電元大95購14,0,0,0,0,0,0,0,0,0,25000,0,0,0,157000,132000,25000,25000
049926,智易元大95購02  ,0,0,0,0,0,0,0,0,0,25000,0,0,0,25000,0,25000,25000
050128,旺宏凱基94購04  ,0,0,0,0,0,0,0,0,0,25000,0,0,0,25000,0,25000,25000
052424,泰碩國票97購01  ,0,0,0,0,0,0,0,0,0,25000,0,0,0,48000,23000,25000,25000
05231P,GIS群益95售03   ,0,0,0,0,0,0,0,0,0,25000,0,0,0,25000,0,25000,25000
052003,泰碩國泰97購02  ,0,0,0,0,0,0,0,0,0,25000,0,0,0,47000,22000,25000,25000
053139,滬深2X永豐98購01,0,0,0,0,0,0,0,0,0,25000,0,0,0,25000,0,25000,25000
052956,聯發科日盛96購01,0,0,0,0,0,0,0,0,0,25000,0,0,0,55000,30000,25000,25000
052967,智邦群益96購01  ,0,0,0,0,0,0,0,0,0,25000,0,0,0,143000,118000,25000,25000
053020,貿聯元富96購01  ,0,0,0,0,0,0,0,0,0,25000,0,0,0,35000,10000,25000,25000
053702,智易兆豐97購02  ,0,0,0,0,0,0,0,0,0,25000,0,0,0,25000,0,25000,25000
053528,南電中信9A購01  ,0,0,0,0,0,0,0,0,0,25000,0,0,0,25000,0,25000,25000
2485,兆赫            ,41000,17000,24000,0,0,0,0,0,0,1000,1000,0,1000,0,0,0,25000
2388,威盛            ,137000,112000,25000,0,0,0,0,0,0,0,0,0,0,0,0,0,25000
06026P,華通台新97售01  ,0,0,0,0,0,0,0,0,0,25000,0,0,0,25000,0,25000,25000
06205P,台積電群益97售03,0,0,0,0,0,0,0,0,0,25000,0,0,0,25000,0,25000,25000
05700P,臻鼎凱基96售02  ,0,0,0,0,0,0,0,0,0,24000,0,0,0,25000,1000,24000,24000
056294,上銀元大97購11  ,0,0,0,0,0,0,0,0,0,24000,0,0,0,97000,73000,24000,24000
056255,華新科元富97購05,0,0,0,0,0,0,0,0,0,24000,0,0,0,261000,237000,24000,24000
05636P,國巨永豐96售03  ,0,0,0,0,0,0,0,0,0,24000,0,0,0,24000,0,24000,24000
055715,智邦元大97購04  ,0,0,0,0,0,0,0,0,0,24000,0,0,0,143000,119000,24000,24000
055168,光罩統一98購01  ,0,0,0,0,0,0,0,0,0,24000,0,0,0,30000,6000,24000,24000
055024,興勤國泰98購01  ,0,0,0,0,0,0,0,0,0,24000,0,0,0,24000,0,24000,24000
047865,健鼎康和93購01  ,0,0,0,0,0,0,0,0,0,24000,0,0,0,24000,0,24000,24000
045893,貿聯元大92購04  ,0,0,0,0,0,0,0,0,0,24000,0,0,0,24000,0,24000,24000
045555,友達國票93購01  ,0,0,0,0,0,0,0,0,0,24000,0,0,0,24000,0,24000,24000
04283P,麗豐永豐93售03  ,0,0,0,0,0,0,0,0,0,24000,0,0,0,25000,1000,24000,24000
050064,華新科凱基94購08,0,0,0,0,0,0,0,0,0,24000,0,0,0,47000,23000,24000,24000
05083P,麗豐永豐95售02  ,0,0,0,0,0,0,0,0,0,24000,0,0,0,53000,29000,24000,24000
051662,大立光永昌96購03,0,0,0,0,0,0,0,0,0,24000,0,0,0,79000,55000,24000,24000
051591,玉晶光元大97購01,0,0,0,0,0,0,0,0,0,24000,0,0,0,151000,127000,24000,24000
048941,牧德永豐94購02  ,0,0,0,0,0,0,0,0,0,24000,0,0,0,100000,76000,24000,24000
048851,台達電群益94購01,0,0,0,0,0,0,0,0,0,24000,0,0,0,50000,26000,24000,24000
053956,旺宏永豐96購04  ,0,0,0,0,0,0,0,0,0,24000,0,0,0,48000,24000,24000,24000
053970,聯發科元大97購08,0,0,0,0,0,0,0,0,0,24000,0,0,0,24000,0,24000,24000
053028,康控富邦98購01  ,0,0,0,0,0,0,0,0,0,24000,0,0,0,50000,26000,24000,24000
053194,緯穎統一99購01  ,0,0,0,0,0,0,0,0,0,24000,0,0,0,52000,28000,24000,24000
05916P,聯發科元大96售20,0,0,0,0,0,0,0,0,0,24000,0,0,0,34000,10000,24000,24000
05853P,欣興群益96售05  ,0,0,0,0,0,0,0,0,0,24000,0,0,0,45000,21000,24000,24000
2062,橋椿            ,26000,3000,23000,0,0,0,0,0,0,1000,1000,0,1000,0,0,0,24000
1560,中砂            ,84000,60000,24000,0,0,0,0,0,0,0,0,0,0,0,0,0,24000
6184,大豐電          ,24000,0,24000,0,0,0,0,0,0,0,0,0,0,0,0,0,24000
6504,南六            ,37000,57000,-20000,0,0,0,0,0,0,44000,29000,0,29000,15000,0,15000,24000
055027,牧德國泰99購01  ,0,0,0,0,0,0,0,0,0,23000,0,0,0,569000,546000,23000,23000
054568,訊芯群益97購01  ,0,0,0,0,0,0,0,0,0,23000,0,0,0,40000,17000,23000,23000
055641,鴻海元富97購04  ,0,0,0,0,0,0,0,0,0,23000,0,0,0,43000,20000,23000,23000
055889,鴻海統一97購05  ,0,0,0,0,0,0,0,0,0,23000,0,0,0,23000,0,23000,23000
056803,群創台新99購02  ,0,0,0,0,0,0,0,0,0,23000,0,0,0,23000,0,23000,23000
04410P,大立光統一94售05,0,0,0,0,0,0,0,0,0,23000,0,0,0,23000,0,23000,23000
042994,葡萄王元大94購02,0,0,0,0,0,0,0,0,0,23000,0,0,0,53000,30000,23000,23000
044671,台積電兆豐93購01,0,0,0,0,0,0,0,0,0,23000,0,0,0,58000,35000,23000,23000
046182,燿華凱基93購04  ,0,0,0,0,0,0,0,0,0,23000,0,0,0,35000,12000,23000,23000
047580,TPK群益94購01   ,0,0,0,0,0,0,0,0,0,23000,0,0,0,23000,0,23000,23000
045635,建準凱基93購02  ,0,0,0,0,0,0,0,0,0,23000,0,0,0,23000,0,23000,23000
049691,可成元大94購06  ,0,0,0,0,0,0,0,0,0,23000,0,0,0,23000,0,23000,23000
051014,智邦凱基95購01  ,0,0,0,0,0,0,0,0,0,23000,0,0,0,70000,47000,23000,23000
049189,訊芯康和94購01  ,0,0,0,0,0,0,0,0,0,23000,0,0,0,62000,39000,23000,23000
049169,統一凱基94購01  ,0,0,0,0,0,0,0,0,0,23000,0,0,0,23000,0,23000,23000
048263,台積電元富95購01,0,0,0,0,0,0,0,0,0,23000,0,0,0,42000,19000,23000,23000
048404,大立光群益93購11,0,0,0,0,0,0,0,0,0,23000,0,0,0,66000,43000,23000,23000
048105,滬深2X群益99購02,0,0,0,0,0,0,0,0,0,23000,0,0,0,23000,0,23000,23000
050513,亞泥元大94購02  ,0,0,0,0,0,0,0,0,0,23000,0,0,0,113000,90000,23000,23000
052581,訊芯元富98購01  ,0,0,0,0,0,0,0,0,0,23000,0,0,0,70000,47000,23000,23000
052749,日月光元大96購02,0,0,0,0,0,0,0,0,0,23000,0,0,0,419000,396000,23000,23000
051776,上証2X群益99購01,0,0,0,0,0,0,0,0,0,23000,0,0,0,23000,0,23000,23000
051846,S&P反1中信96購02,0,0,0,0,0,0,0,0,0,23000,0,0,0,80000,57000,23000,23000
051823,矽力元富95購02  ,0,0,0,0,0,0,0,0,0,23000,0,0,0,26000,3000,23000,23000
053977,新日興元大96購03,0,0,0,0,0,0,0,0,0,23000,0,0,0,28000,5000,23000,23000
05445P,聯詠元大95售05  ,0,0,0,0,0,0,0,0,0,23000,0,0,0,23000,0,23000,23000
053340,建準國票97購01  ,0,0,0,0,0,0,0,0,0,23000,0,0,0,23000,0,23000,23000
6168,宏齊            ,46000,23000,23000,0,0,0,0,0,0,0,0,0,0,0,0,0,23000
2608,嘉里大榮        ,33000,10000,23000,0,0,0,0,0,0,0,0,0,0,0,0,0,23000
05821P,臺股指凱基96售18,0,0,0,0,0,0,0,0,0,23000,0,0,0,136000,113000,23000,23000
05813P,臺股指國票96售06,0,0,0,0,0,0,0,0,0,23000,0,0,0,29000,6000,23000,23000
05886P,華通元富96售01  ,0,0,0,0,0,0,0,0,0,23000,0,0,0,24000,1000,23000,23000
056503,楠梓電永豐98購01,0,0,0,0,0,0,0,0,0,22000,0,0,0,22000,0,22000,22000
055888,鴻海統一97購04  ,0,0,0,0,0,0,0,0,0,22000,0,0,0,22000,0,22000,22000
055925,上銀群益97購01  ,0,0,0,0,0,0,0,0,0,22000,0,0,0,58000,36000,22000,22000
056018,旺宏群益97購02  ,0,0,0,0,0,0,0,0,0,22000,0,0,0,22000,0,22000,22000
056121,勤誠群益97購01  ,0,0,0,0,0,0,0,0,0,22000,0,0,0,22000,0,22000,22000
055561,奇鋐凱基97購01  ,0,0,0,0,0,0,0,0,0,22000,0,0,0,22000,0,22000,22000
054708,華通統一97購02  ,0,0,0,0,0,0,0,0,0,22000,0,0,0,22000,0,22000,22000
055102,上銀凱基98購01  ,0,0,0,0,0,0,0,0,0,22000,0,0,0,353000,331000,22000,22000
054834,帆宣中信97購01  ,0,0,0,0,0,0,0,0,0,22000,0,0,0,29000,7000,22000,22000
046286,高鐵兆豐93購01  ,0,0,0,0,0,0,0,0,0,22000,0,0,0,22000,0,22000,22000
050379,易華電群益96購01,0,0,0,0,0,0,0,0,0,22000,0,0,0,22000,0,22000,22000
047419,聯發科富邦95購01,0,0,0,0,0,0,0,0,0,22000,0,0,0,25000,3000,22000,22000
046718,群創富邦93購02  ,0,0,0,0,0,0,0,0,0,22000,0,0,0,22000,0,22000,22000
043605,創意元大93購01  ,0,0,0,0,0,0,0,0,0,22000,0,0,0,22000,0,22000,22000
04371P,臺股指凱基94售01,0,0,0,0,0,0,0,0,0,22000,0,0,0,22000,0,22000,22000
043854,華新科富邦93購01,0,0,0,0,0,0,0,0,0,22000,0,0,0,22000,0,22000,22000
04132P,瑞昱群益93售04  ,0,0,0,0,0,0,0,0,0,22000,0,0,0,22000,0,22000,22000
045115,玉晶光永豐94購01,0,0,0,0,0,0,0,0,0,22000,0,0,0,51000,29000,22000,22000
050155,華新科群益95購01,0,0,0,0,0,0,0,0,0,22000,0,0,0,25000,3000,22000,22000
050069,禾伸堂凱基94購04,0,0,0,0,0,0,0,0,0,22000,0,0,0,51000,29000,22000,22000
048154,旺宏兆豐94購01  ,0,0,0,0,0,0,0,0,0,22000,0,0,0,62000,40000,22000,22000
049380,欣興元大94購04  ,0,0,0,0,0,0,0,0,0,22000,0,0,0,44000,22000,22000,22000
051632,全新國票96購01  ,0,0,0,0,0,0,0,0,0,22000,0,0,0,33000,11000,22000,22000
048213,群創麥證93購02  ,0,0,0,22000,0,22000,0,0,0,22000,0,0,0,22000,0,22000,22000
04832P,為升元大94售09  ,0,0,0,0,0,0,0,0,0,22000,0,0,0,22000,0,22000,22000
050900,台郡元大95購02  ,0,0,0,0,0,0,0,0,0,22000,0,0,0,30000,8000,22000,22000
051038,健策台新95購01  ,0,0,0,0,0,0,0,0,0,22000,0,0,0,46000,24000,22000,22000
05117P,瑞昱群益95售02  ,0,0,0,0,0,0,0,0,0,22000,0,0,0,22000,0,22000,22000
048821,光磊凱基95購01  ,0,0,0,0,0,0,0,0,0,22000,0,0,0,128000,106000,22000,22000
05349P,可成元富98售03  ,0,0,0,0,0,0,0,0,0,22000,0,0,0,22000,0,22000,22000
054265,GIS元大96購03   ,0,0,0,0,0,0,0,0,0,22000,0,0,0,100000,78000,22000,22000
053997,健策群益97購02  ,0,0,0,0,0,0,0,0,0,22000,0,0,0,390000,368000,22000,22000
051798,國巨永豐95購03  ,0,0,0,0,0,0,0,0,0,22000,0,0,0,30000,8000,22000,22000
051710,和碩群益95購01  ,0,0,0,0,0,0,0,0,0,22000,0,0,0,22000,0,22000,22000
052506,日月光日盛95購01,0,0,0,0,0,0,0,0,0,22000,0,0,0,22000,0,22000,22000
052393,康友群益95購05  ,0,0,0,0,0,0,0,0,0,22000,0,0,0,55000,33000,22000,22000
052396,台積電凱基97購01,0,0,0,0,0,0,0,0,0,22000,0,0,0,22000,0,22000,22000
052965,廣宇群益97購01  ,0,0,0,0,0,0,0,0,0,22000,0,0,0,22000,0,22000,22000
06163P,聯詠群益97售01  ,0,0,0,0,0,0,0,0,0,22000,0,0,0,22000,0,22000,22000
06065P,大立光台新97售01,0,0,0,0,0,0,0,0,0,22000,0,0,0,22000,0,22000,22000
2015,豐興            ,99000,77000,22000,0,0,0,0,0,0,0,0,0,0,0,0,0,22000
00743,國泰中國A150    ,80000,0,80000,0,0,0,0,0,0,-58742,0,0,0,11000,69742,-58742,21258
054862,群光群益97購01  ,0,0,0,0,0,0,0,0,0,21000,0,0,0,21000,0,21000,21000
054882,台光電統一97購02,0,0,0,0,0,0,0,0,0,21000,0,0,0,61000,40000,21000,21000
055116,康控凱基98購01  ,0,0,0,0,0,0,0,0,0,21000,0,0,0,21000,0,21000,21000
055048,台積電永豐97購04,0,0,0,0,0,0,0,0,0,21000,0,0,0,21000,0,21000,21000
054782,國巨群益97購01  ,0,0,0,0,0,0,0,0,0,21000,0,0,0,50000,29000,21000,21000
054784,順德群益9A購01  ,0,0,0,0,0,0,0,0,0,21000,0,0,0,21000,0,21000,21000
055638,上銀元富97購01  ,0,0,0,0,0,0,0,0,0,21000,0,0,0,253000,232000,21000,21000
055618,麗豐國票98購01  ,0,0,0,0,0,0,0,0,0,21000,0,0,0,21000,0,21000,21000
055212,和大凱基97購02  ,0,0,0,0,0,0,0,0,0,21000,0,0,0,30000,9000,21000,21000
056300,聯發科元大97購23,0,0,0,0,0,0,0,0,0,21000,0,0,0,550000,529000,21000,21000
00865B,國泰US短期公債  ,0,0,0,0,0,0,0,0,0,21000,16000,0,16000,5000,0,5000,21000
047724,智邦群益93購03  ,0,0,0,0,0,0,0,0,0,21000,0,0,0,41000,20000,21000,21000
046782,建準永豐93購01  ,0,0,0,0,0,0,0,0,0,21000,0,0,0,21000,0,21000,21000
047755,麗豐元富93購01  ,0,0,0,0,0,0,0,0,0,21000,0,0,0,41000,20000,21000,21000
04717P,和大凱基94售02  ,0,0,0,0,0,0,0,0,0,21000,0,0,0,21000,0,21000,21000
046581,聯發科元大92購22,0,0,0,0,0,0,0,0,0,21000,0,0,0,21000,0,21000,21000
050411,聯發科永豐94購05,0,0,0,0,0,0,0,0,0,21000,0,0,0,178000,157000,21000,21000
045824,嘉聯益凱基93購02,0,0,0,0,0,0,0,0,0,21000,0,0,0,21000,0,21000,21000
051203,微星麥證95購01  ,0,0,0,41000,20000,21000,0,0,0,21000,0,0,0,41000,20000,21000,21000
050649,華新科凱基96購01,0,0,0,0,0,0,0,0,0,21000,0,0,0,47000,26000,21000,21000
050682,南亞科元富94購02,0,0,0,0,0,0,0,0,0,21000,0,0,0,44000,23000,21000,21000
049237,元油2X元富96購07,0,0,0,0,0,0,0,0,0,21000,0,0,0,47000,26000,21000,21000
048460,盛群凱基94購01  ,0,0,0,0,0,0,0,0,0,21000,0,0,0,61000,40000,21000,21000
048575,旺宏國泰94購04  ,0,0,0,0,0,0,0,0,0,21000,0,0,0,27000,6000,21000,21000
048245,台積電兆豐93購07,0,0,0,0,0,0,0,0,0,21000,0,0,0,21000,0,21000,21000
050833,台郡凱基95購01  ,0,0,0,0,0,0,0,0,0,21000,0,0,0,21000,0,21000,21000
052977,奇力新麥證97購01,0,0,0,96000,129000,-33000,0,0,0,21000,0,0,0,150000,129000,21000,21000
05306P,泰碩國泰97售01  ,0,0,0,0,0,0,0,0,0,21000,0,0,0,21000,0,21000,21000
052357,揚明光永豐95購03,0,0,0,0,0,0,0,0,0,21000,0,0,0,21000,0,21000,21000
051854,鴻海麥證95購04  ,0,0,0,21000,0,21000,0,0,0,21000,0,0,0,21000,0,21000,21000
051940,康舒群益95購01  ,0,0,0,0,0,0,0,0,0,21000,0,0,0,21000,0,21000,21000
051970,元黃金凱基98購01,0,0,0,0,0,0,0,0,0,21000,0,0,0,21000,0,21000,21000
054128,台積電元大97購10,0,0,0,0,0,0,0,0,0,21000,0,0,0,148000,127000,21000,21000
054316,矽創凱基97購01  ,0,0,0,0,0,0,0,0,0,21000,0,0,0,77000,56000,21000,21000
053324,康舒群益96購01  ,0,0,0,0,0,0,0,0,0,21000,0,0,0,21000,0,21000,21000
053776,台積電元大96購19,0,0,0,0,0,0,0,0,0,21000,0,0,0,21000,0,21000,21000
3062,建漢            ,59000,47000,12000,0,0,0,0,0,0,9000,9000,0,9000,0,0,0,21000
6558,興能高          ,80300,73000,7300,0,0,0,0,0,0,13000,14000,1000,13000,0,0,0,20300
056253,京鼎兆豐98購01  ,0,0,0,0,0,0,0,0,0,20000,0,0,0,20000,0,20000,20000
056175,可成元富97購03  ,0,0,0,0,0,0,0,0,0,20000,0,0,0,30000,10000,20000,20000
055893,大立光統一97購07,0,0,0,0,0,0,0,0,0,20000,0,0,0,20000,0,20000,20000
055824,臺股指國票97購11,0,0,0,0,0,0,0,0,0,20000,0,0,0,20000,0,20000,20000
055753,貿聯第一98購01  ,0,0,0,0,0,0,0,0,0,20000,0,0,0,20000,0,20000,20000
056514,訊芯亞東99購01  ,0,0,0,0,0,0,0,0,0,20000,0,0,0,44000,24000,20000,20000
056448,全新凱基99購01  ,0,0,0,0,0,0,0,0,0,20000,0,0,0,20000,0,20000,20000
056687,元大金統一98購01,0,0,0,0,0,0,0,0,0,20000,0,0,0,30000,10000,20000,20000
055346,國巨凱基98購02  ,0,0,0,0,0,0,0,0,0,20000,0,0,0,64000,44000,20000,20000
055350,聯發科凱基97購02,0,0,0,0,0,0,0,0,0,20000,0,0,0,30000,10000,20000,20000
055637,亞德客元富97購01,0,0,0,0,0,0,0,0,0,20000,0,0,0,70000,50000,20000,20000
05564P,玉晶光元大97售02,0,0,0,0,0,0,0,0,0,20000,0,0,0,90000,70000,20000,20000
055686,致伸凱基97購02  ,0,0,0,0,0,0,0,0,0,20000,0,0,0,20000,0,20000,20000
055548,旺宏凱基97購02  ,0,0,0,0,0,0,0,0,0,20000,0,0,0,21000,1000,20000,20000
055537,康友群益97購03  ,0,0,0,0,0,0,0,0,0,20000,0,0,0,20000,0,20000,20000
055487,國巨元大98購07  ,0,0,0,0,0,0,0,0,0,20000,0,0,0,40000,20000,20000,20000
054787,華新科群益97購04,0,0,0,0,0,0,0,0,0,20000,0,0,0,20000,0,20000,20000
05473P,聯詠統一97售02  ,0,0,0,0,0,0,0,0,0,20000,0,0,0,20000,0,20000,20000
054746,貿聯凱基98購02  ,0,0,0,0,0,0,0,0,0,20000,0,0,0,50000,30000,20000,20000
054586,健鼎國泰99購01  ,0,0,0,0,0,0,0,0,0,20000,0,0,0,20000,0,20000,20000
054629,華新科凱基98購01,30000,0,30000,0,0,0,0,0,0,-10000,0,0,0,52000,62000,-10000,20000
054603,智易台新98購01  ,0,0,0,0,0,0,0,0,0,20000,0,0,0,75000,55000,20000,20000
054626,建準凱基98購01  ,0,0,0,0,0,0,0,0,0,20000,0,0,0,20000,0,20000,20000
055035,興勤富邦98購01  ,0,0,0,0,0,0,0,0,0,20000,0,0,0,20000,0,20000,20000
055010,佐登元富97購01  ,0,0,0,0,0,0,0,0,0,20000,0,0,0,20000,0,20000,20000
054999,玉晶光元富97購03,0,0,0,0,0,0,0,0,0,20000,0,0,0,140000,120000,20000,20000
055136,聯發科富邦99購06,0,0,0,0,0,0,0,0,0,20000,0,0,0,20000,0,20000,20000
054846,瑞昱兆豐97購01  ,0,0,0,0,0,0,0,0,0,20000,0,0,0,52000,32000,20000,20000
054958,亞光元大97購03  ,0,0,0,0,0,0,0,0,0,20000,0,0,0,20000,0,20000,20000
045781,聯詠元大92購03  ,0,0,0,0,0,0,0,0,0,20000,0,0,0,20000,0,20000,20000
048014,貿聯國票93購03  ,0,0,0,0,0,0,0,0,0,20000,0,0,0,30000,10000,20000,20000
047958,矽創永豐93購02  ,0,0,0,0,0,0,0,0,0,20000,0,0,0,20000,0,20000,20000
047945,滬深2X統一94購01,0,0,0,0,0,0,0,0,0,20000,0,0,0,186000,166000,20000,20000
046257,A50正2國票94購01,0,0,0,0,0,0,0,0,0,20000,0,0,0,122000,102000,20000,20000
046215,大立光統一92購03,0,0,0,0,0,0,0,0,0,20000,0,0,0,20000,0,20000,20000
046118,高鐵元大92購01  ,0,0,0,0,0,0,0,0,0,20000,0,0,0,20000,0,20000,20000
046432,宏達電中信94購01,0,0,0,0,0,0,0,0,0,20000,0,0,0,20000,0,20000,20000
04596P,臺股指元大94售14,0,0,0,0,0,0,0,0,0,20000,0,0,0,40000,20000,20000,20000
046067,富邦金凱基92購02,0,0,0,0,0,0,0,0,0,20000,0,0,0,20000,0,20000,20000
04607P,A50中信94售01   ,0,0,0,0,0,0,0,0,0,20000,0,0,0,20000,0,20000,20000
046970,聯詠群益93購01  ,0,0,0,0,0,0,0,0,0,20000,0,0,0,55000,35000,20000,20000
050544,聯發科凱基95購02,0,0,0,0,0,0,0,0,0,20000,0,0,0,30000,10000,20000,20000
050370,台積電元大94購24,0,0,0,0,0,0,0,0,0,20000,0,0,0,186000,166000,20000,20000
049525,華新科兆豐94購01,0,0,0,0,0,0,0,0,0,20000,0,0,0,30000,10000,20000,20000
049479,矽格永豐94購01  ,0,0,0,0,0,0,0,0,0,20000,0,0,0,30000,10000,20000,20000
048712,樺漢台新94購01  ,0,0,0,0,0,0,0,0,0,20000,0,0,0,20000,0,20000,20000
046604,康控群益93購02  ,0,0,0,0,0,0,0,0,0,20000,0,0,0,20000,0,20000,20000
046512,和鑫元大92購01  ,0,0,0,0,0,0,0,0,0,20000,0,0,0,20000,0,20000,20000
047173,群創永豐93購01  ,0,0,0,0,0,0,0,0,0,20000,0,0,0,20000,0,20000,20000
047240,樺漢凱基93購01  ,0,0,0,0,0,0,0,0,0,20000,0,0,0,20000,0,20000,20000
047422,滬深2X兆豐94購02,0,0,0,0,0,0,0,0,0,20000,0,0,0,20000,0,20000,20000
047417,台塑富邦97購01  ,0,0,0,0,0,0,0,0,0,20000,0,0,0,20000,0,20000,20000
047309,鴻海元大93購13  ,0,0,0,0,0,0,0,0,0,20000,0,0,0,30000,10000,20000,20000
047305,卜蜂元大93購02  ,0,0,0,0,0,0,0,0,0,20000,0,0,0,20000,0,20000,20000
047390,富邦金元大93購01,0,0,0,0,0,0,0,0,0,20000,0,0,0,20000,0,20000,20000
046816,智邦凱基93購02  ,0,0,0,0,0,0,0,0,0,20000,0,0,0,20000,0,20000,20000
046846,智伸科永豐93購01,0,0,0,0,0,0,0,0,0,20000,0,0,0,20000,0,20000,20000
046831,大立光群益94購01,0,0,0,0,0,0,0,0,0,20000,0,0,0,28000,8000,20000,20000
046749,為升凱基93購01  ,0,0,0,0,0,0,0,0,0,20000,0,0,0,20000,0,20000,20000
047702,鴻海凱基94購13  ,0,0,0,0,0,0,0,0,0,20000,0,0,0,20000,0,20000,20000
046737,鴻海群益93購04  ,0,0,0,0,0,0,0,0,0,20000,0,0,0,20000,0,20000,20000
046695,瑞昱凱基93購03  ,0,0,0,0,0,0,0,0,0,20000,0,0,0,30000,10000,20000,20000
045542,鎧勝群益93購01  ,0,0,0,0,0,0,0,0,0,20000,0,0,0,20000,0,20000,20000
04554P,可成中信94售01  ,0,0,0,0,0,0,0,0,0,20000,0,0,0,20000,0,20000,20000
045511,同欣電凱基92購02,0,0,0,0,0,0,0,0,0,20000,0,0,0,20000,0,20000,20000
044468,台積電群益93購01,0,0,0,0,0,0,0,0,0,20000,0,0,0,94000,74000,20000,20000
044010,華通凱基93購01  ,0,0,0,0,0,0,0,0,0,20000,0,0,0,65000,45000,20000,20000
04382P,美律國泰95售01  ,0,0,0,0,0,0,0,0,0,20000,0,0,0,20000,0,20000,20000
043892,矽創元大92購01  ,0,0,0,0,0,0,0,0,0,20000,0,0,0,20000,0,20000,20000
04391P,玉晶光凱基95售03,0,0,0,0,0,0,0,0,0,20000,0,0,0,20000,0,20000,20000
043774,瑞昱兆豐92購01  ,0,0,0,0,0,0,0,0,0,20000,0,0,0,20000,0,20000,20000
04343P,啟碁永豐93售02  ,0,0,0,0,0,0,0,0,0,20000,0,0,0,20000,0,20000,20000
044440,臺股指元大92購07,0,0,0,0,0,0,0,0,0,20000,0,0,0,20000,0,20000,20000
044241,華新科統一92購01,0,0,0,0,0,0,0,0,0,20000,0,0,0,20000,0,20000,20000
04082P,智邦統一93售03  ,0,0,0,0,0,0,0,0,0,20000,0,0,0,20000,0,20000,20000
04118P,上銀凱基93售06  ,0,0,0,0,0,0,0,0,0,20000,0,0,0,20000,0,20000,20000
03332P,台積電元大02售17,0,0,0,0,0,0,0,0,0,20000,0,0,0,20000,0,20000,20000
04186P,創意元富93售04  ,0,0,0,0,0,0,0,0,0,20000,0,0,0,20000,0,20000,20000
045038,臻鼎群益93購01  ,0,0,0,0,0,0,0,0,0,20000,0,0,0,20000,0,20000,20000
04491P,光磊康和94售01  ,0,0,0,0,0,0,0,0,0,20000,0,0,0,90000,70000,20000,20000
04488P,聯發科凱基94售05,0,0,0,0,0,0,0,0,0,20000,0,0,0,20000,0,20000,20000
044943,旺宏群益93購03  ,0,0,0,0,0,0,0,0,0,20000,0,0,0,20000,0,20000,20000
042227,元油2X永豐93購01,0,0,0,0,0,0,0,0,0,20000,0,0,0,20000,0,20000,20000
044801,微星凱基93購01  ,0,0,0,0,0,0,0,0,0,20000,0,0,0,30000,10000,20000,20000
050786,健策國泰96購01  ,0,0,0,0,0,0,0,0,0,20000,0,0,0,20000,0,20000,20000
050787,致伸國泰96購01  ,0,0,0,0,0,0,0,0,0,20000,0,0,0,20000,0,20000,20000
049858,百和群益94購05  ,0,0,0,0,0,0,0,0,0,20000,0,0,0,50000,30000,20000,20000
049333,深中小統一94購03,0,0,0,0,0,0,0,0,0,20000,0,0,0,30000,10000,20000,20000
049445,遠東新統一94購01,0,0,0,0,0,0,0,0,0,20000,0,0,0,30000,10000,20000,20000
049811,聯鈞元大94購01  ,0,0,0,0,0,0,0,0,0,20000,0,0,0,36000,16000,20000,20000
048179,臻鼎富邦97購01  ,0,0,0,0,0,0,0,0,0,20000,0,0,0,20000,0,20000,20000
050124,元金2X凱基95購01,0,0,0,0,0,0,0,0,0,20000,0,0,0,20000,0,20000,20000
050137,臺指反國票96購01,0,0,0,0,0,0,0,0,0,20000,0,0,0,20000,0,20000,20000
04809P,台光電群益94售04,0,0,0,0,0,0,0,0,0,20000,0,0,0,32000,12000,20000,20000
048239,嘉澤國票93購01  ,0,0,0,0,0,0,0,0,0,20000,0,0,0,20000,0,20000,20000
050181,富邦金元大94購02,0,0,0,0,0,0,0,0,0,20000,0,0,0,131000,111000,20000,20000
05135P,鴻海凱基96售07  ,0,0,0,0,0,0,0,0,0,20000,0,0,0,40000,20000,20000,20000
051375,道瓊反群益9A購01,0,0,0,0,0,0,0,0,0,20000,0,0,0,20000,0,20000,20000
051383,京鼎群益96購02  ,0,0,0,0,0,0,0,0,0,20000,0,0,0,20000,0,20000,20000
051501,康友群益95購02  ,0,0,0,0,0,0,0,0,0,20000,0,0,0,130000,110000,20000,20000
05147P,鴻海元大95售11  ,0,0,0,0,0,0,0,0,0,20000,0,0,0,230000,210000,20000,20000
05152P,玉晶光群益96售05,0,0,0,0,0,0,0,0,0,20000,0,0,0,40000,20000,20000,20000
04861P,中磊群益94售02  ,0,0,0,0,0,0,0,0,0,20000,0,0,0,20000,0,20000,20000
048600,嘉澤國票94購01  ,0,0,0,0,0,0,0,0,0,20000,0,0,0,20000,0,20000,20000
048514,嘉澤凱基93購06  ,0,0,0,0,0,0,0,0,0,20000,0,0,0,32000,12000,20000,20000
048471,旭富永豐93購01  ,0,0,0,0,0,0,0,0,0,20000,0,0,0,20000,0,20000,20000
048313,南亞科凱基93購06,0,0,0,0,0,0,0,0,0,20000,0,0,0,40000,20000,20000,20000
048341,全新元大94購03  ,0,0,0,0,0,0,0,0,0,20000,0,0,0,30000,10000,20000,20000
05132P,鴻海元富95售07  ,0,0,0,0,0,0,0,0,0,20000,0,0,0,20000,0,20000,20000
049242,佳世達元富96購01,0,0,0,0,0,0,0,0,0,20000,0,0,0,20000,0,20000,20000
049260,華新科元大96購01,0,0,0,0,0,0,0,0,0,20000,0,0,0,27000,7000,20000,20000
04922P,日月光凱基94售02,0,0,0,0,0,0,0,0,0,20000,0,0,0,20000,0,20000,20000
049105,亞泥富邦94購01  ,0,0,0,0,0,0,0,0,0,20000,0,0,0,20000,0,20000,20000
048661,瑞昱統一93購05  ,0,0,0,0,0,0,0,0,0,20000,0,0,0,20000,0,20000,20000
049759,元黃金富邦9A購01,0,0,0,0,0,0,0,0,0,20000,0,0,0,20000,0,20000,20000
051257,光寶科國泰96購01,0,0,0,0,0,0,0,0,0,20000,0,0,0,33000,13000,20000,20000
053824,樺漢群益96購02  ,0,0,0,0,0,0,0,0,0,20000,0,0,0,20000,0,20000,20000
053828,貿聯麥證96購01  ,0,0,0,30000,10000,20000,0,0,0,20000,0,0,0,30000,10000,20000,20000
053845,和大元富96購01  ,0,0,0,0,0,0,0,0,0,20000,0,0,0,20000,0,20000,20000
053554,欣興凱基97購02  ,0,0,0,0,0,0,0,0,0,20000,0,0,0,20000,0,20000,20000
053286,臺股指元大96購14,0,0,0,0,0,0,0,0,0,20000,0,0,0,20000,0,20000,20000
05348P,美律元富98售01  ,0,0,0,0,0,0,0,0,0,20000,0,0,0,20000,0,20000,20000
053459,康控國泰97購01  ,0,0,0,0,0,0,0,0,0,20000,0,0,0,30000,10000,20000,20000
054348,康控國票97購03  ,0,0,0,0,0,0,0,0,0,20000,0,0,0,30000,10000,20000,20000
054505,揚明光永豐97購02,0,0,0,0,0,0,0,0,0,20000,0,0,0,22000,2000,20000,20000
054133,奇力新元大97購04,0,0,0,0,0,0,0,0,0,20000,0,0,0,28000,8000,20000,20000
054152,漢唐國泰98購02  ,0,0,0,0,0,0,0,0,0,20000,0,0,0,110000,90000,20000,20000
054156,聯電亞東98購01  ,0,0,0,0,0,0,0,0,0,20000,0,0,0,20000,0,20000,20000
054147,GIS元大96購02   ,0,0,0,0,0,0,0,0,0,20000,0,0,0,162000,142000,20000,20000
053955,華通永豐96購04  ,0,0,0,0,0,0,0,0,0,20000,0,0,0,20000,0,20000,20000
051980,樺漢凱基96購01  ,0,0,0,0,0,0,0,0,0,20000,0,0,0,20000,0,20000,20000
051850,臻鼎中信96購01  ,0,0,0,0,0,0,0,0,0,20000,0,0,0,40000,20000,20000,20000
052398,瑞昱凱基95購06  ,0,0,0,0,0,0,0,0,0,20000,0,0,0,80000,60000,20000,20000
053155,晶技元大97購02  ,0,0,0,0,0,0,0,0,0,20000,0,0,0,20000,0,20000,20000
052907,嘉澤國票97購01  ,0,0,0,0,0,0,0,0,0,20000,0,0,0,20000,0,20000,20000
052939,富邦金兆豐96購01,0,0,0,0,0,0,0,0,0,20000,0,0,0,126000,106000,20000,20000
052716,欣興凱基96購01  ,0,0,0,0,0,0,0,0,0,20000,0,0,0,20000,0,20000,20000
052804,淘帝元大96購01  ,0,0,0,0,0,0,0,0,0,20000,0,0,0,20000,0,20000,20000
052835,滬深2X國泰98購01,0,0,0,0,0,0,0,0,0,20000,0,0,0,20000,0,20000,20000
9939,宏全            ,165000,166000,-1000,0,0,0,0,0,0,21000,4000,0,4000,17000,0,17000,20000
910322,康師傅-DR       ,20000,0,20000,0,0,0,0,0,0,0,0,0,0,0,0,0,20000
3504,揚明光          ,54000,31000,23000,0,0,0,0,0,0,-3000,0,0,0,2000,5000,-3000,20000
4766,南寶            ,23000,3000,20000,0,0,0,0,0,0,0,0,0,0,0,0,0,20000
06503P,臺股指中信9A售02,0,0,0,0,0,0,0,0,0,20000,0,0,0,20000,0,20000,20000
06471P,臺股指凱基99售11,0,0,0,0,0,0,0,0,0,20000,0,0,0,20000,0,20000,20000
06529P,貿聯富邦99售03  ,0,0,0,0,0,0,0,0,0,20000,0,0,0,30000,10000,20000,20000
2477,美隆電          ,28000,6000,22000,0,0,0,0,0,0,-2000,0,2000,-2000,0,0,0,20000
06390P,美律國票97售03  ,0,0,0,0,0,0,0,0,0,20000,0,0,0,29000,9000,20000,20000
06449P,台積電元大98售09,0,0,0,0,0,0,0,0,0,20000,0,0,0,21000,1000,20000,20000
06376P,上銀統一99售01  ,0,0,0,0,0,0,0,0,0,20000,0,0,0,20000,0,20000,20000
06359P,上銀群益97售03  ,0,0,0,0,0,0,0,0,0,20000,0,0,0,20000,0,20000,20000
05878P,創意群益98售01  ,0,0,0,0,0,0,0,0,0,20000,0,0,0,20000,0,20000,20000
055084,國巨第一97購01  ,0,0,0,0,0,0,0,0,0,19000,0,0,0,30000,11000,19000,19000
056712,京鼎永豐98購01  ,0,0,0,0,0,0,0,0,0,19000,0,0,0,19000,0,19000,19000
056844,欣興元富98購03  ,0,0,0,0,0,0,0,0,0,19000,0,0,0,109000,90000,19000,19000
05699P,茂林凱基96售05  ,0,0,0,0,0,0,0,0,0,19000,0,0,0,24000,5000,19000,19000
056497,GIS國泰99購01   ,0,0,0,0,0,0,0,0,0,19000,0,0,0,40000,21000,19000,19000
056495,泰鼎國泰99購01  ,0,0,0,0,0,0,0,0,0,19000,0,0,0,39000,20000,19000,19000
056402,智易群益98購02  ,0,0,0,0,0,0,0,0,0,19000,0,0,0,52000,33000,19000,19000
056573,華新科元大99購06,0,0,0,0,0,0,0,0,0,19000,0,0,0,93000,74000,19000,19000
055932,玉山金群益99購01,0,0,0,0,0,0,0,0,0,19000,0,0,0,22000,3000,19000,19000
03673P,康控元富92售02  ,0,0,0,0,0,0,0,0,0,19000,0,0,0,19000,0,19000,19000
03645C,臺股指凱基96牛27,0,0,0,0,0,0,0,0,0,19000,0,0,0,27000,8000,19000,19000
04263P,南電群益93售03  ,0,0,0,0,0,0,0,0,0,19000,0,0,0,24000,5000,19000,19000
044944,技嘉群益93購01  ,0,0,0,0,0,0,0,0,0,19000,0,0,0,19000,0,19000,19000
00713,元大台灣高息低波,0,4000,-4000,0,0,0,0,0,0,23000,0,0,0,27000,4000,23000,19000
04735P,聯茂兆豐94售01  ,0,0,0,0,0,0,0,0,0,19000,0,0,0,20000,1000,19000,19000
047255,訊芯群益93購01  ,0,0,0,0,0,0,0,0,0,19000,0,0,0,31000,12000,19000,19000
048758,美利達元富96購02,0,0,0,0,0,0,0,0,0,19000,0,0,0,20000,1000,19000,19000
050385,貿聯國票95購02  ,0,0,0,0,0,0,0,0,0,19000,0,0,0,30000,11000,19000,19000
048075,美利達元富93購02,0,0,0,0,0,0,0,0,0,19000,0,0,0,20000,1000,19000,19000
046108,A50正2元大95購02,0,0,0,0,0,0,0,0,0,19000,0,0,0,24000,5000,19000,19000
046919,大毅永豐93購01  ,0,0,0,0,0,0,0,0,0,19000,0,0,0,43000,24000,19000,19000
051206,大立光麥證95購02,0,0,0,19000,0,19000,0,0,0,19000,0,0,0,19000,0,19000,19000
050704,復盛凱基94購03  ,0,0,0,0,0,0,0,0,0,19000,0,0,0,45000,26000,19000,19000
049751,牧德永豐95購01  ,0,0,0,0,0,0,0,0,0,19000,0,0,0,19000,0,19000,19000
051336,智原永豐95購01  ,0,0,0,0,0,0,0,0,0,19000,0,0,0,175000,156000,19000,19000
04852P,臻鼎永豐94售02  ,0,0,0,0,0,0,0,0,0,19000,0,0,0,40000,21000,19000,19000
051489,世芯凱基95購01  ,0,0,0,0,0,0,0,0,0,19000,0,0,0,223000,204000,19000,19000
051490,世芯凱基96購01  ,0,0,0,0,0,0,0,0,0,19000,0,0,0,129000,110000,19000,19000
051655,欣興元富95購04  ,0,0,0,0,0,0,0,0,0,19000,0,0,0,83000,64000,19000,19000
048121,亞德客元大93購05,0,0,0,0,0,0,0,0,0,19000,0,0,0,30000,11000,19000,19000
048102,矽力凱基94購01  ,0,0,0,0,0,0,0,0,0,19000,0,0,0,30000,11000,19000,19000
048163,南亞科台新93購01,0,0,0,0,0,0,0,0,0,19000,0,0,0,68000,49000,19000,19000
052573,智伸科凱基97購01,0,0,0,0,0,0,0,0,0,19000,0,0,0,19000,0,19000,19000
052232,貿聯凱基96購02  ,0,0,0,0,0,0,0,0,0,19000,0,0,0,19000,0,19000,19000
051991,泰碩元大95購02  ,0,0,0,0,0,0,0,0,0,19000,0,0,0,25000,6000,19000,19000
053289,臺股指元大96購17,0,0,0,0,0,0,0,0,0,19000,0,0,0,19000,0,19000,19000
053343,宏達電國票97購02,0,0,0,0,0,0,0,0,0,19000,0,0,0,29000,10000,19000,19000
053639,禾伸堂永豐96購01,0,0,0,0,0,0,0,0,0,19000,0,0,0,19000,0,19000,19000
05887P,友達元富99售03  ,0,0,0,0,0,0,0,0,0,19000,0,0,0,24000,5000,19000,19000
06108P,奇力新群益97售05,0,0,0,0,0,0,0,0,0,19000,0,0,0,40000,21000,19000,19000
06211P,鴻海元大98售04  ,0,0,0,0,0,0,0,0,0,19000,0,0,0,137000,118000,19000,19000
2731,雄獅            ,50000,31000,19000,0,0,0,0,0,0,0,0,0,0,0,0,0,19000
06486P,麗豐元大98售02  ,0,0,0,0,0,0,0,0,0,19000,0,0,0,130000,111000,19000,19000
1537,廣隆            ,31000,12000,19000,0,0,0,0,0,0,0,0,0,0,0,0,0,19000
4976,佳凌            ,39000,20000,19000,0,0,0,0,0,0,0,0,0,0,0,0,0,19000
9917,中保科          ,183000,163615,19385,0,0,0,0,0,0,-1000,0,1000,-1000,0,0,0,18385
055957,瑞昱元大97購06  ,0,0,0,0,0,0,0,0,0,18000,0,0,0,96000,78000,18000,18000
056168,鴻海元富97購07  ,0,0,0,0,0,0,0,0,0,18000,0,0,0,43000,25000,18000,18000
056083,億光統一97購03  ,0,0,0,0,0,0,0,0,0,18000,0,0,0,61000,43000,18000,18000
05627P,致伸國票97售01  ,0,0,0,0,0,0,0,0,0,18000,0,0,0,18000,0,18000,18000
05670P,台積電國票98售01,0,0,0,0,0,0,0,0,0,18000,0,0,0,76000,58000,18000,18000
054873,帆宣群益99購01  ,0,0,0,0,0,0,0,0,0,18000,0,0,0,47000,29000,18000,18000
054817,聯發科元大97購13,0,0,0,0,0,0,0,0,0,18000,0,0,0,68000,50000,18000,18000
055581,和大元大97購04  ,0,0,0,0,0,0,0,0,0,18000,0,0,0,18000,0,18000,18000
055727,矽力元大97購02  ,0,0,0,0,0,0,0,0,0,18000,0,0,0,40000,22000,18000,18000
055395,泰鼎統一97購01  ,0,0,0,0,0,0,0,0,0,18000,0,0,0,90000,72000,18000,18000
050549,慧洋凱基95購01  ,0,0,0,0,0,0,0,0,0,18000,0,0,0,18000,0,18000,18000
047151,台積電國票94購02,0,0,0,0,0,0,0,0,0,18000,0,0,0,23000,5000,18000,18000
03602C,臺股指元大93牛01,0,0,0,0,0,0,0,0,0,18000,0,0,0,18000,0,18000,18000
03828P,致茂中信95售01  ,0,0,0,0,0,0,0,0,0,18000,0,0,0,18000,0,18000,18000
051608,新日興群益96購01,0,0,0,0,0,0,0,0,0,18000,0,0,0,40000,22000,18000,18000
049971,台郡國票95購01  ,0,0,0,0,0,0,0,0,0,18000,0,0,0,40000,22000,18000,18000
048530,大立光國票93購04,0,0,0,0,0,0,0,0,0,18000,0,0,0,18000,0,18000,18000
049269,超眾元大96購02  ,0,0,0,0,0,0,0,0,0,18000,0,0,0,45000,27000,18000,18000
050320,台表科國票94購01,0,0,0,0,0,0,0,0,0,18000,0,0,0,18000,0,18000,18000
051052,台積電群益95購01,0,0,0,0,0,0,0,0,0,18000,0,0,0,18000,0,18000,18000
053614,台積電群益96購08,0,0,0,0,0,0,0,0,0,18000,0,0,0,44000,26000,18000,18000
053840,燿華統一96購02  ,0,0,0,0,0,0,0,0,0,18000,0,0,0,18000,0,18000,18000
054052,日月光元大96購06,0,0,0,0,0,0,0,0,0,18000,0,0,0,20000,2000,18000,18000
054452,華通亞東96購01  ,0,0,0,0,0,0,0,0,0,18000,0,0,0,20000,2000,18000,18000
8499,鼎炫-KY         ,25000,7000,18000,0,0,0,0,0,0,0,0,0,0,0,0,0,18000
3413,京鼎            ,97000,70000,27000,0,0,0,16000,32000,-16000,7000,31000,4000,27000,0,20000,-20000,18000
3014,聯陽            ,112000,95000,17000,0,0,0,0,0,0,1000,4000,3000,1000,0,0,0,18000
05960P,欣興統一96售01  ,0,0,0,0,0,0,0,0,0,18000,0,0,0,85000,67000,18000,18000
055232,泰碩國票98購01  ,0,0,0,0,0,0,0,0,0,17000,0,0,0,106000,89000,17000,17000
055612,台光電國票97購04,0,0,0,0,0,0,0,0,0,17000,0,0,0,17000,0,17000,17000
056124,華通國票98購02  ,0,0,0,0,0,0,0,0,0,17000,0,0,0,17000,0,17000,17000
056213,建準國票98購02  ,0,0,0,0,0,0,0,0,0,17000,0,0,0,17000,0,17000,17000
055786,彩晶凱基99購02  ,0,0,0,0,0,0,0,0,0,17000,0,0,0,17000,0,17000,17000
055805,矽力永豐97購01  ,0,0,0,0,0,0,0,0,0,17000,0,0,0,88000,71000,17000,17000
042093,台灣50群益94購02,0,0,0,0,0,0,0,0,0,17000,0,0,0,117000,100000,17000,17000
00663L,國泰臺灣加權正2 ,0,0,0,0,0,0,0,0,0,17000,0,0,0,28000,11000,17000,17000
045456,鴻海元大93購04  ,0,0,0,0,0,0,0,0,0,17000,0,0,0,107000,90000,17000,17000
044530,台積電富邦94購01,0,0,0,0,0,0,0,0,0,17000,0,0,0,17000,0,17000,17000
047222,鴻海凱基94購04  ,0,0,0,0,0,0,0,0,0,17000,0,0,0,100000,83000,17000,17000
049527,國巨中信95購01  ,0,0,0,0,0,0,0,0,0,17000,0,0,0,30000,13000,17000,17000
045636,京元電凱基92購03,0,0,0,0,0,0,0,0,0,17000,0,0,0,17000,0,17000,17000
05104P,智邦台新95售02  ,0,0,0,0,0,0,0,0,0,17000,0,0,0,53000,36000,17000,17000
048861,牧德群益94購01  ,0,0,0,0,0,0,0,0,0,17000,0,0,0,22000,5000,17000,17000
049266,和碩元大94購01  ,0,0,0,0,0,0,0,0,0,17000,0,0,0,31000,14000,17000,17000
049172,鴻海凱基94購14  ,0,0,0,0,0,0,0,0,0,17000,0,0,0,48000,31000,17000,17000
05144P,美律永豐95售02  ,0,0,0,0,0,0,0,0,0,17000,0,0,0,17000,0,17000,17000
051408,台積電國票95購03,0,0,0,0,0,0,0,0,0,17000,0,0,0,23000,6000,17000,17000
049044,和碩兆豐94購01  ,0,0,0,0,0,0,0,0,0,17000,0,0,0,17000,0,17000,17000
049449,宏碁統一94購01  ,0,0,0,0,0,0,0,0,0,17000,0,0,0,17000,0,17000,17000
054432,台積電台新96購05,0,0,0,0,0,0,0,0,0,17000,0,0,0,109000,92000,17000,17000
053821,群創群益98購08  ,0,0,0,0,0,0,0,0,0,17000,0,0,0,17000,0,17000,17000
051953,矽力元富95購03  ,0,0,0,0,0,0,0,0,0,17000,0,0,0,437000,420000,17000,17000
052349,鴻海統一95購15  ,0,0,0,0,0,0,0,0,0,17000,0,0,0,70000,53000,17000,17000
052838,新唐國泰98購01  ,0,0,0,0,0,0,0,0,0,17000,0,0,0,20000,3000,17000,17000
05278P,台郡元富95售02  ,0,0,0,0,0,0,0,0,0,17000,0,0,0,35000,18000,17000,17000
052713,智邦凱基96購01  ,0,0,0,0,0,0,0,0,0,17000,0,0,0,67000,50000,17000,17000
053069,同欣電群益98購01,0,0,0,0,0,0,0,0,0,17000,0,0,0,117000,100000,17000,17000
06024P,台郡國票97售05  ,0,0,0,0,0,0,0,0,0,17000,0,0,0,30000,13000,17000,17000
06010P,國泰金元富96售01,0,0,0,0,0,0,0,0,0,17000,0,0,0,30000,13000,17000,17000
06128P,玉晶光元富97售05,0,0,0,0,0,0,0,0,0,17000,0,0,0,17000,0,17000,17000
2820,華票            ,153000,119000,34000,0,0,0,0,0,0,-17000,1000,18000,-17000,0,0,0,17000
2707,晶華            ,24000,7000,17000,0,0,0,0,0,0,0,0,0,0,0,0,0,17000
2528,皇普            ,14000,2000,12000,0,0,0,0,0,0,5000,7000,2000,5000,0,0,0,17000
3312,弘憶股          ,59000,42000,17000,0,0,0,0,0,0,0,0,0,0,0,0,0,17000
4763,材料-KY         ,5000,8000,-3000,0,0,0,20000,0,20000,0,0,0,0,0,0,0,17000
6112,聚碩            ,23000,6000,17000,0,0,0,0,0,0,0,0,0,0,0,0,0,17000
055956,瑞昱元大97購05  ,0,0,0,0,0,0,0,0,0,16000,0,0,0,84000,68000,16000,16000
055905,可成兆豐97購03  ,0,0,0,0,0,0,0,0,0,16000,0,0,0,44000,28000,16000,16000
056215,華新科國票97購03,0,0,0,0,0,0,0,0,0,16000,0,0,0,19000,3000,16000,16000
056202,國揚永豐97購01  ,0,0,0,0,0,0,0,0,0,16000,0,0,0,16000,0,16000,16000
056227,奇力新凱基98購04,0,0,0,0,0,0,0,0,0,16000,0,0,0,52000,36000,16000,16000
056450,可成凱基98購05  ,0,0,0,0,0,0,0,0,0,16000,0,0,0,80000,64000,16000,16000
055468,智邦凱基97購04  ,0,0,0,0,0,0,0,0,0,16000,0,0,0,23000,7000,16000,16000
054722,傳奇永豐97購01  ,0,0,0,0,0,0,0,0,0,16000,0,0,0,16000,0,16000,16000
054836,勤誠中信97購01  ,0,0,0,0,0,0,0,0,0,16000,0,0,0,16000,0,16000,16000
046351,智邦群益92購01  ,0,0,0,0,0,0,0,0,0,16000,0,0,0,16000,0,16000,16000
05041P,大立光凱基95售09,0,0,0,0,0,0,0,0,0,16000,0,0,0,24000,8000,16000,16000
050433,華新科凱基94購11,0,0,0,0,0,0,0,0,0,16000,0,0,0,30000,14000,16000,16000
047098,大毅國泰94購01  ,0,0,0,0,0,0,0,0,0,16000,0,0,0,16000,0,16000,16000
043601,亞光元大93購01  ,0,0,0,0,0,0,0,0,0,16000,0,0,0,16000,0,16000,16000
044304,臻鼎兆豐93購01  ,0,0,0,0,0,0,0,0,0,16000,0,0,0,16000,0,16000,16000
042752,台灣50元大96購03,0,0,0,0,0,0,0,0,0,16000,0,0,0,18000,2000,16000,16000
044998,玉晶光國泰94購01,0,0,0,0,0,0,0,0,0,16000,0,0,0,16000,0,16000,16000
04499P,滬深2X統一94售03,0,0,0,0,0,0,0,0,0,16000,0,0,0,35000,19000,16000,16000
049450,友達統一94購02  ,0,0,0,0,0,0,0,0,0,16000,0,0,0,16000,0,16000,16000
051536,玉晶光國票97購01,0,0,0,0,0,0,0,0,0,16000,0,0,0,23000,7000,16000,16000
048976,華擎元大94購01  ,0,0,0,0,0,0,0,0,0,16000,0,0,0,16000,0,16000,16000
050888,群創富邦95購01  ,0,0,0,0,0,0,0,0,0,16000,0,0,0,16000,0,16000,16000
048516,麗豐凱基93購02  ,0,0,0,0,0,0,0,0,0,16000,0,0,0,16000,0,16000,16000
051229,亞光群益95購01  ,0,0,0,0,0,0,0,0,0,16000,0,0,0,37000,21000,16000,16000
052522,聯發科元大96購05,0,0,0,0,0,0,0,0,0,16000,0,0,0,16000,0,16000,16000
052387,台積電群益95購08,0,0,0,0,0,0,0,0,0,16000,0,0,0,328000,312000,16000,16000
053369,T50反1元大96購06,0,0,0,0,0,0,0,0,0,16000,0,0,0,46000,30000,16000,16000
053536,明泰永豐96購01  ,0,0,0,0,0,0,0,0,0,16000,0,0,0,41000,25000,16000,16000
054450,聯茂第一96購01  ,0,0,0,0,0,0,0,0,0,16000,0,0,0,16000,0,16000,16000
054303,國巨凱基96購15  ,0,0,0,0,0,0,0,0,0,16000,0,0,0,17000,1000,16000,16000
054238,聯茂群益96購04  ,0,0,0,0,0,0,0,0,0,16000,0,0,0,16000,0,16000,16000
054053,聯茂元大96購01  ,0,0,0,0,0,0,0,0,0,16000,0,0,0,101000,85000,16000,16000
054089,台積電群益96購11,0,0,0,0,0,0,0,0,0,16000,0,0,0,32000,16000,16000,16000
8404,百和興業-KY     ,50000,36000,14000,0,0,0,0,0,0,2000,2000,0,2000,0,0,0,16000
3013,晟銘電          ,19000,3000,16000,0,0,0,0,0,0,0,0,0,0,0,0,0,16000
054970,帆宣元大97購01  ,0,0,0,0,0,0,0,0,0,15000,0,0,0,172000,157000,15000,15000
054818,奇力新元大97購05,0,0,0,0,0,0,0,0,0,15000,0,0,0,15000,0,15000,15000
054589,聯鈞國泰99購01  ,0,0,0,0,0,0,0,0,0,15000,0,0,0,45000,30000,15000,15000
055722,聯鈞元大97購03  ,0,0,0,0,0,0,0,0,0,15000,0,0,0,15000,0,15000,15000
055323,貿聯國票98購01  ,0,0,0,0,0,0,0,0,0,15000,0,0,0,40000,25000,15000,15000
056506,晶豪科永豐98購02,0,0,0,0,0,0,0,0,0,15000,0,0,0,35000,20000,15000,15000
056611,國巨永豐98購03  ,0,0,0,0,0,0,0,0,0,15000,0,0,0,36000,21000,15000,15000
056609,楠梓電永豐98購02,0,0,0,0,0,0,0,0,0,15000,0,0,0,15000,0,15000,15000
056621,宏達電永豐98購01,0,0,0,0,0,0,0,0,0,15000,0,0,0,15000,0,15000,15000
05669P,嘉晶永豐96售03  ,0,0,0,0,0,0,0,0,0,15000,0,0,0,15000,0,15000,15000
056837,國巨元富98購02  ,0,0,0,0,0,0,0,0,0,15000,0,0,0,69000,54000,15000,15000
056204,嘉澤永豐97購01  ,0,0,0,0,0,0,0,0,0,15000,0,0,0,35000,20000,15000,15000
044898,旺宏凱基93購01  ,0,0,0,0,0,0,0,0,0,15000,0,0,0,45000,30000,15000,15000
03882P,鴻海元大93售10  ,0,0,0,0,0,0,0,0,0,15000,0,0,0,1020000,1005000,15000,15000
03693P,上緯控永豐93售01,0,0,0,0,0,0,0,0,0,15000,0,0,0,15000,0,15000,15000
00733,富邦臺灣中小    ,0,0,0,0,0,0,0,0,0,15000,0,0,0,215000,200000,15000,15000
03147P,台灣50群益03售02,0,0,0,0,0,0,0,0,0,15000,0,0,0,15000,0,15000,15000
03111P,元油2X富邦97售01,0,0,0,0,0,0,0,0,0,15000,0,0,0,105000,90000,15000,15000
041421,滬深2X凱基93購01,0,0,0,0,0,0,0,0,0,15000,0,0,0,15000,0,15000,15000
043728,美律國泰93購01  ,0,0,0,0,0,0,0,0,0,15000,0,0,0,15000,0,15000,15000
04536P,長榮航統一94售01,0,0,0,0,0,0,0,0,0,15000,0,0,0,15000,0,15000,15000
044531,欣興富邦93購01  ,0,0,0,0,0,0,0,0,0,15000,0,0,0,15000,0,15000,15000
046699,臻鼎凱基93購03  ,0,0,0,0,0,0,0,0,0,15000,0,0,0,40000,25000,15000,15000
046746,儒鴻凱基93購03  ,0,0,0,0,0,0,0,0,0,15000,0,0,0,35000,20000,15000,15000
046575,GIS國泰93購01   ,0,0,0,0,0,0,0,0,0,15000,0,0,0,15000,0,15000,15000
04738P,揚明光永豐94售03,0,0,0,0,0,0,0,0,0,15000,0,0,0,15000,0,15000,15000
047403,香港2X統一93購01,0,0,0,0,0,0,0,0,0,15000,0,0,0,15000,0,15000,15000
047523,瑞昱元大93購09  ,0,0,0,0,0,0,0,0,0,15000,0,0,0,50000,35000,15000,15000
046396,矽創國泰93購01  ,0,0,0,0,0,0,0,0,0,15000,0,0,0,80000,65000,15000,15000
048070,聯發科元富99購03,0,0,0,0,0,0,0,0,0,15000,0,0,0,30000,15000,15000,15000
04685P,訊芯元大94售02  ,0,0,0,0,0,0,0,0,0,15000,0,0,0,48000,33000,15000,15000
047588,大立光永豐94購01,0,0,0,0,0,0,0,0,0,15000,0,0,0,15000,0,15000,15000
051225,台積電群益95購02,0,0,0,0,0,0,0,0,0,15000,0,0,0,477000,462000,15000,15000
050993,聯發科元大95購05,0,0,0,0,0,0,0,0,0,15000,0,0,0,15000,0,15000,15000
048276,旺宏永豐94購01  ,0,0,0,0,0,0,0,0,0,15000,0,0,0,15000,0,15000,15000
049749,創意永豐94購01  ,0,0,0,0,0,0,0,0,0,15000,0,0,0,15000,0,15000,15000
049103,易華電國泰96購01,0,0,0,0,0,0,0,0,0,15000,0,0,0,30000,15000,15000,15000
04913P,聯詠元富94售02  ,0,0,0,0,0,0,0,0,0,15000,0,0,0,15000,0,15000,15000
049130,臺指反元大98購01,0,0,0,0,0,0,0,0,0,15000,0,0,0,30000,15000,15000,15000
049245,和鑫元富95購01  ,0,0,0,0,0,0,0,0,0,15000,0,0,0,158000,143000,15000,15000
051522,玉晶光凱基95購05,0,0,0,0,0,0,0,0,0,15000,0,0,0,15000,0,15000,15000
051388,大立光麥證95購03,0,0,0,20000,5000,15000,0,0,0,15000,0,0,0,20000,5000,15000,15000
049913,微星元大94購01  ,0,0,0,0,0,0,0,0,0,15000,0,0,0,178000,163000,15000,15000
050141,國巨統一94購07  ,0,0,0,0,0,0,0,0,0,15000,0,0,0,15000,0,15000,15000
050035,聯茂元大94購07  ,0,0,0,0,0,0,0,0,0,15000,0,0,0,115000,100000,15000,15000
054473,鴻海中信96購02  ,0,0,0,0,0,0,0,0,0,15000,0,0,0,237000,222000,15000,15000
053533,光罩永豐96購03  ,0,0,0,0,0,0,0,0,0,15000,0,0,0,30000,15000,15000,15000
053250,百和國票97購02  ,0,0,0,0,0,0,0,0,0,15000,0,0,0,24000,9000,15000,15000
053247,麗豐國票97購01  ,0,0,0,0,0,0,0,0,0,15000,0,0,0,15000,0,15000,15000
053216,京鼎凱基96購02  ,0,0,0,0,0,0,0,0,0,15000,0,0,0,108000,93000,15000,15000
053725,晶相光凱基96購01,0,0,0,0,0,0,0,0,0,15000,0,0,0,135000,120000,15000,15000
053618,新唐群益96購01  ,0,0,0,0,0,0,0,0,0,15000,0,0,0,15000,0,15000,15000
053705,滬深2X凱基99購01,0,0,0,0,0,0,0,0,0,15000,0,0,0,55000,40000,15000,15000
052503,大成鋼日盛95購02,0,0,0,0,0,0,0,0,0,15000,0,0,0,15000,0,15000,15000
052485,深中小國票96購01,0,0,0,0,0,0,0,0,0,15000,0,0,0,15000,0,15000,15000
052176,景碩元大96購01  ,0,0,0,0,0,0,0,0,0,15000,0,0,0,15000,0,15000,15000
051849,旺宏中信98購01  ,0,0,0,0,0,0,0,0,0,15000,0,0,0,47000,32000,15000,15000
052604,建準元大97購01  ,0,0,0,0,0,0,0,0,0,15000,0,0,0,20000,5000,15000,15000
052717,正文凱基96購01  ,0,0,0,0,0,0,0,0,0,15000,0,0,0,15000,0,15000,15000
052736,T50反1元大96購05,0,0,0,0,0,0,0,0,0,15000,0,0,0,15000,0,15000,15000
052800,國巨元大96購05  ,0,0,0,0,0,0,0,0,0,15000,0,0,0,30000,15000,15000,15000
052824,揚明光永豐96購02,0,0,0,0,0,0,0,0,0,15000,0,0,0,15000,0,15000,15000
053113,瀚宇博兆豐97購01,0,0,0,0,0,0,0,0,0,15000,0,0,0,86000,71000,15000,15000
053026,奇力新富邦98購01,0,0,0,0,0,0,0,0,0,15000,0,0,0,17000,2000,15000,15000
2017,官田鋼          ,15000,0,15000,0,0,0,0,0,0,0,0,0,0,0,0,0,15000
06492P,上銀永豐98售01  ,0,0,0,0,0,0,0,0,0,15000,0,0,0,15000,0,15000,15000
06391P,上銀中信97售03  ,0,0,0,0,0,0,0,0,0,15000,0,0,0,15000,0,15000,15000
06025P,臺股指元大99售02,0,0,0,0,0,0,0,0,0,15000,0,0,0,15000,0,15000,15000
05909P,康友元富96售02  ,0,0,0,0,0,0,0,0,0,15000,0,0,0,15000,0,15000,15000
056629,昇陽半永豐98購01,0,0,0,0,0,0,0,0,0,14000,0,0,0,40000,26000,14000,14000
05571P,大立光統一96售03,0,0,0,0,0,0,0,0,0,14000,0,0,0,14000,0,14000,14000
054573,漢唐元大98購01  ,0,0,0,0,0,0,0,0,0,14000,0,0,0,254000,240000,14000,14000
046039,新日興元大92購02,0,0,0,0,0,0,0,0,0,14000,0,0,0,30000,16000,14000,14000
046398,群創富邦93購01  ,0,0,0,0,0,0,0,0,0,14000,0,0,0,14000,0,14000,14000
047434,台積電元大93購21,0,0,0,0,0,0,0,0,0,14000,0,0,0,14000,0,14000,14000
046501,友達元大92購05  ,0,0,0,0,0,0,0,0,0,14000,0,0,0,14000,0,14000,14000
050632,國巨群益94購07  ,0,0,0,0,0,0,0,0,0,14000,0,0,0,30000,16000,14000,14000
043731,泰鼎國泰92購01  ,0,0,0,0,0,0,0,0,0,14000,0,0,0,14000,0,14000,14000
044247,道瓊反元富97購01,0,0,0,0,0,0,0,0,0,14000,0,0,0,15000,1000,14000,14000
044850,南亞科統一94購01,0,0,0,0,0,0,0,0,0,14000,0,0,0,52000,38000,14000,14000
050034,智伸科元大94購01,0,0,0,0,0,0,0,0,0,14000,0,0,0,50000,36000,14000,14000
050914,健鼎中信95購01  ,0,0,0,0,0,0,0,0,0,14000,0,0,0,37000,23000,14000,14000
048092,聯發科凱基93購29,0,0,0,0,0,0,0,0,0,14000,0,0,0,20000,6000,14000,14000
048159,聯詠兆豐93購03  ,0,0,0,0,0,0,0,0,0,14000,0,0,0,102000,88000,14000,14000
04938P,亞德客國票95售01,0,0,0,0,0,0,0,0,0,14000,0,0,0,32000,18000,14000,14000
049847,旺宏群益94購04  ,0,0,0,0,0,0,0,0,0,14000,0,0,0,24000,10000,14000,14000
051535,新日興國票96購01,0,0,0,0,0,0,0,0,0,14000,0,0,0,26000,12000,14000,14000
051423,GIS國票97購01   ,0,0,0,0,0,0,0,0,0,14000,0,0,0,52000,38000,14000,14000
051266,國巨富邦99購01  ,0,0,0,0,0,0,0,0,0,14000,0,0,0,301000,287000,14000,14000
048793,超眾元大95購02  ,0,0,0,0,0,0,0,0,0,14000,0,0,0,146000,132000,14000,14000
052757,華邦電群益96購01,0,0,0,0,0,0,0,0,0,14000,0,0,0,14000,0,14000,14000
051931,美律國票96購02  ,0,0,0,0,0,0,0,0,0,14000,0,0,0,20000,6000,14000,14000
053628,微星兆豐96購01  ,0,0,0,0,0,0,0,0,0,14000,0,0,0,30000,16000,14000,14000
054421,臺股指元大99購03,0,0,0,0,0,0,0,0,0,14000,0,0,0,14000,0,14000,14000
05388P,南亞科元大95售04,0,0,0,0,0,0,0,0,0,14000,0,0,0,14000,0,14000,14000
05992P,華通元大96售05  ,0,0,0,0,0,0,0,0,0,14000,0,0,0,14000,0,14000,14000
05995P,T50正2中信9C售01,0,0,0,0,0,0,0,0,0,14000,0,0,0,20000,6000,14000,14000
05710P,禾伸堂國票97售02,0,0,0,0,0,0,0,0,0,14000,0,0,0,17000,3000,14000,14000
06281P,臺股指凱基97售13,0,0,0,0,0,0,0,0,0,14000,0,0,0,14000,0,14000,14000
06310P,精元元富97售02  ,0,0,0,0,0,0,0,0,0,14000,0,0,0,14000,0,14000,14000
06185P,台表科元大97售05,0,0,0,0,0,0,0,0,0,14000,0,0,0,14000,0,14000,14000
9930,中聯資源        ,14000,0,14000,0,0,0,0,0,0,0,0,0,0,0,0,0,14000
3583,辛耘            ,42000,28000,14000,0,0,0,0,0,0,0,0,0,0,0,0,0,14000
054519,禾伸堂元大97購02,0,0,0,0,0,0,0,0,0,13000,0,0,0,21000,8000,13000,13000
055662,上銀中信99購01  ,0,0,0,0,0,0,0,0,0,13000,0,0,0,90000,77000,13000,13000
055383,GIS元大97購02   ,0,0,0,0,0,0,0,0,0,13000,0,0,0,98000,85000,13000,13000
055243,國巨統一97購04  ,0,0,0,0,0,0,0,0,0,13000,0,0,0,53000,40000,13000,13000
056655,旺宏元大99購02  ,0,0,0,0,0,0,0,0,0,13000,0,0,0,21000,8000,13000,13000
056549,嘉聯益凱基98購04,0,0,0,0,0,0,0,0,0,13000,0,0,0,64000,51000,13000,13000
056785,可成群益99購01  ,0,0,0,0,0,0,0,0,0,13000,0,0,0,55000,42000,13000,13000
056335,微星凱基98購01  ,0,0,0,0,0,0,0,0,0,13000,0,0,0,118000,105000,13000,13000
05575P,玉晶光元富96售01,0,0,0,0,0,0,0,0,0,13000,0,0,0,18000,5000,13000,13000
040508,上証2X國泰93購01,0,0,0,0,0,0,0,0,0,13000,0,0,0,13000,0,13000,13000
03208P,國巨中信02售02  ,0,0,0,0,0,0,0,0,0,13000,0,0,0,13000,0,13000,13000
044264,大立光富邦93購03,0,0,0,0,0,0,0,0,0,13000,0,0,0,23000,10000,13000,13000
04547P,高鐵元大94售01  ,0,0,0,0,0,0,0,0,0,13000,0,0,0,15000,2000,13000,13000
047676,臺股指元富99購01,0,0,0,0,0,0,0,0,0,13000,0,0,0,25000,12000,13000,13000
048708,智邦亞東94購01  ,0,0,0,0,0,0,0,0,0,13000,0,0,0,13000,0,13000,13000
047217,臺股指中信93購05,0,0,0,0,0,0,0,0,0,13000,0,0,0,13000,0,13000,13000
047518,儒鴻元大93購07  ,0,0,0,0,0,0,0,0,0,13000,0,0,0,34000,21000,13000,13000
04630P,嘉聯益元大95售02,0,0,0,0,0,0,0,0,0,13000,0,0,0,13000,0,13000,13000
051224,華通群益96購03  ,0,0,0,0,0,0,0,0,0,13000,0,0,0,13000,0,13000,13000
050353,華擎群益95購01  ,0,0,0,0,0,0,0,0,0,13000,0,0,0,34000,21000,13000,13000
050681,南亞科元富94購01,0,0,0,0,0,0,0,0,0,13000,0,0,0,34000,21000,13000,13000
051071,聯發科國票96購01,0,0,0,0,0,0,0,0,0,13000,0,0,0,93000,80000,13000,13000
049255,旺宏元大97購02  ,0,0,0,0,0,0,0,0,0,13000,0,0,0,37000,24000,13000,13000
049265,揚明光元大94購03,0,0,0,0,0,0,0,0,0,13000,0,0,0,13000,0,13000,13000
049293,友訊群益95購01  ,0,0,0,0,0,0,0,0,0,13000,0,0,0,33000,20000,13000,13000
051566,鴻海富邦95購05  ,0,0,0,0,0,0,0,0,0,13000,0,0,0,13000,0,13000,13000
052105,南亞科兆豐95購01,0,0,0,0,0,0,0,0,0,13000,0,0,0,20000,7000,13000,13000
052061,樺漢國票96購01  ,0,0,0,0,0,0,0,0,0,13000,0,0,0,28000,15000,13000,13000
049880,健策永豐94購02  ,0,0,0,0,0,0,0,0,0,13000,0,0,0,237000,224000,13000,13000
048109,旺宏群益94購02  ,0,0,0,0,0,0,0,0,0,13000,0,0,0,13000,0,13000,13000
053905,華新科凱基96購10,0,0,0,0,0,0,0,0,0,13000,0,0,0,16000,3000,13000,13000
054311,世芯凱基96購02  ,0,0,0,0,0,0,0,0,0,13000,0,0,0,104000,91000,13000,13000
053749,揚明光永豐97購01,0,0,0,0,0,0,0,0,0,13000,0,0,0,54000,41000,13000,13000
053322,京鼎群益97購01  ,0,0,0,0,0,0,0,0,0,13000,0,0,0,13000,0,13000,13000
052423,宏達電國票96購02,0,0,0,0,0,0,0,0,0,13000,0,0,0,20000,7000,13000,13000
3705,永信            ,32000,19000,13000,0,0,0,0,0,0,0,0,0,0,0,0,0,13000
06276P,臺股指凱基97售08,0,0,0,0,0,0,0,0,0,13000,0,0,0,13000,0,13000,13000
06257P,臺股指群益97售10,0,0,0,0,0,0,0,0,0,13000,0,0,0,13000,0,13000,13000
05926P,智易永豐96售02  ,0,0,0,0,0,0,0,0,0,13000,0,0,0,13000,0,13000,13000
1313,聯成            ,225000,213000,12000,0,0,0,0,0,0,1000,1000,0,1000,0,0,0,13000
1524,耿鼎            ,16000,3000,13000,0,0,0,0,0,0,0,0,0,0,0,0,0,13000
2539,櫻花建          ,14000,1000,13000,0,0,0,0,0,0,0,0,0,0,0,0,0,13000
2489,瑞軒            ,192000,180000,12000,0,0,0,0,0,0,1000,1000,0,1000,0,0,0,13000
055965,泰鼎元大97購03  ,0,0,0,0,0,0,0,0,0,12000,0,0,0,198000,186000,12000,12000
056330,玉晶光國票99購03,0,0,0,0,0,0,0,0,0,12000,0,0,0,32000,20000,12000,12000
056367,祥碩元大98購01  ,0,0,0,0,0,0,0,0,0,12000,0,0,0,85000,73000,12000,12000
056115,奇力新群益97購06,0,0,0,0,0,0,0,0,0,12000,0,0,0,605000,593000,12000,12000
056088,台郡統一97購02  ,0,0,0,0,0,0,0,0,0,12000,0,0,0,78000,66000,12000,12000
05652P,臻鼎群益96售01  ,0,0,0,0,0,0,0,0,0,12000,0,0,0,32000,20000,12000,12000
056558,台達電群益98購01,0,0,0,0,0,0,0,0,0,12000,0,0,0,32000,20000,12000,12000
056406,建準國票99購01  ,0,0,0,0,0,0,0,0,0,12000,0,0,0,32000,20000,12000,12000
055416,欣興富邦98購01  ,0,0,0,0,0,0,0,0,0,12000,0,0,0,52000,40000,12000,12000
055305,旺宏群益99購01  ,0,0,0,0,0,0,0,0,0,12000,0,0,0,12000,0,12000,12000
055437,禾伸堂中信99購01,0,0,0,0,0,0,0,0,0,12000,0,0,0,86000,74000,12000,12000
055585,國巨元大98購08  ,0,0,0,0,0,0,0,0,0,12000,0,0,0,28000,16000,12000,12000
054631,台郡凱基98購02  ,0,0,0,0,0,0,0,0,0,12000,0,0,0,12000,0,12000,12000
046068,國泰金凱基92購02,0,0,0,0,0,0,0,0,0,12000,0,0,0,22000,10000,12000,12000
046979,台泥兆豐93購01  ,0,0,0,0,0,0,0,0,0,12000,0,0,0,12000,0,12000,12000
045796,廣達中信93購01  ,0,0,0,0,0,0,0,0,0,12000,0,0,0,94000,82000,12000,12000
047347,台積電凱基93購14,0,0,0,0,0,0,0,0,0,12000,0,0,0,12000,0,12000,12000
047087,亞泥元富93購01  ,0,0,0,0,0,0,0,0,0,12000,0,0,0,12000,0,12000,12000
047052,大毅國票93購01  ,0,0,0,0,0,0,0,0,0,12000,0,0,0,12000,0,12000,12000
050397,力成元富94購01  ,0,0,0,0,0,0,0,0,0,12000,0,0,0,72000,60000,12000,12000
044509,台光電凱基93購03,0,0,0,0,0,0,0,0,0,12000,0,0,0,12000,0,12000,12000
042826,欣興兆豐93購01  ,0,0,0,0,0,0,0,0,0,12000,0,0,0,12000,0,12000,12000
04191P,儒鴻永豐93售02  ,0,0,0,0,0,0,0,0,0,12000,0,0,0,247000,235000,12000,12000
044941,鴻海群益93購01  ,0,0,0,0,0,0,0,0,0,12000,0,0,0,12000,0,12000,12000
04520P,欣興群益94售02  ,0,0,0,0,0,0,0,0,0,12000,0,0,0,32000,20000,12000,12000
04223P,友達統一93售05  ,0,0,0,0,0,0,0,0,0,12000,0,0,0,12000,0,12000,12000
050158,上海銀群益96購01,0,0,0,0,0,0,0,0,0,12000,0,0,0,13000,1000,12000,12000
050075,南電凱基94購04  ,0,0,0,0,0,0,0,0,0,12000,0,0,0,23000,11000,12000,12000
051348,國巨元大95購07  ,0,0,0,0,0,0,0,0,0,12000,0,0,0,12000,0,12000,12000
049738,神基群益94購01  ,0,0,0,0,0,0,0,0,0,12000,0,0,0,334000,322000,12000,12000
04971P,矽力元富94售02  ,0,0,0,0,0,0,0,0,0,12000,0,0,0,32000,20000,12000,12000
048651,美利達元大96購05,0,0,0,0,0,0,0,0,0,12000,0,0,0,68000,56000,12000,12000
051179,臺股指凱基95購04,0,0,0,0,0,0,0,0,0,12000,0,0,0,42000,30000,12000,12000
048910,和鑫富邦98購01  ,0,0,0,0,0,0,0,0,0,12000,0,0,0,40000,28000,12000,12000
050463,百和元大94購04  ,0,0,0,0,0,0,0,0,0,12000,0,0,0,70000,58000,12000,12000
052276,力成群益96購01  ,0,0,0,0,0,0,0,0,0,12000,0,0,0,18000,6000,12000,12000
051962,晶相光永豐95購02,0,0,0,0,0,0,0,0,0,12000,0,0,0,55000,43000,12000,12000
052696,玉晶光麥證97購01,0,0,0,21000,10000,11000,0,0,0,12000,0,0,0,23000,11000,12000,12000
052995,上銀康和96購01  ,0,0,0,0,0,0,0,0,0,12000,0,0,0,12000,0,12000,12000
053237,揚明光永豐96購03,0,0,0,0,0,0,0,0,0,12000,0,0,0,12000,0,12000,12000
053256,上銀富邦98購01  ,0,0,0,0,0,0,0,0,0,12000,0,0,0,124000,112000,12000,12000
054314,嘉聯益凱基97購01,0,0,0,0,0,0,0,0,0,12000,0,0,0,12000,0,12000,12000
053998,泰鼎群益98購01  ,0,0,0,0,0,0,0,0,0,12000,0,0,0,43000,31000,12000,12000
054026,台積電凱基97購08,0,0,0,0,0,0,0,0,0,12000,0,0,0,12000,0,12000,12000
054074,健策富邦98購01  ,0,0,0,0,0,0,0,0,0,12000,0,0,0,15000,3000,12000,12000
2929,淘帝-KY         ,96000,84000,12000,0,0,0,0,0,0,0,1000,1000,0,0,0,0,12000
08388P,台灣50中信03售09,0,0,0,0,0,0,0,0,0,12000,0,0,0,12000,0,12000,12000
05955P,台光電國票97售02,0,0,0,0,0,0,0,0,0,12000,0,0,0,12000,0,12000,12000
06004P,奇力新永豐96售02,0,0,0,0,0,0,0,0,0,12000,0,0,0,12000,0,12000,12000
06042P,華新科永豐96售04,0,0,0,0,0,0,0,0,0,12000,0,0,0,32000,20000,12000,12000
05720P,可成中信98售01  ,0,0,0,0,0,0,0,0,0,12000,0,0,0,12000,0,12000,12000
05790P,臺股指永昌96售07,0,0,0,0,0,0,0,0,0,12000,520000,0,520000,22000,530000,-508000,12000
06246P,茂林元富97售03  ,0,0,0,0,0,0,0,0,0,12000,0,0,0,113000,101000,12000,12000
06410P,祥碩統一97售01  ,0,0,0,0,0,0,0,0,0,12000,0,0,0,32000,20000,12000,12000
06348P,鈺齊元富97售02  ,0,0,0,0,0,0,0,0,0,12000,0,0,0,12000,0,12000,12000
3346,麗清            ,14000,2000,12000,0,0,0,0,0,0,0,0,0,0,0,0,0,12000
054712,上証2X中信98購02,0,0,0,0,0,0,0,0,0,11000,0,0,0,11000,0,11000,11000
054903,億光康和97購02  ,0,0,0,0,0,0,0,0,0,11000,0,0,0,70000,59000,11000,11000
055571,鴻海統一97購03  ,0,0,0,0,0,0,0,0,0,11000,0,0,0,11000,0,11000,11000
055565,祥碩凱基97購01  ,0,0,0,0,0,0,0,0,0,11000,0,0,0,42000,31000,11000,11000
055529,華邦電群益97購02,0,0,0,0,0,0,0,0,0,11000,0,0,0,11000,0,11000,11000
055527,旺宏群益99購03  ,0,0,0,0,0,0,0,0,0,11000,0,0,0,11000,0,11000,11000
055303,鈺齊元大97購01  ,0,0,0,0,0,0,0,0,0,11000,0,0,0,12000,1000,11000,11000
055202,神達群益97購01  ,0,0,0,0,0,0,0,0,0,11000,0,0,0,11000,0,11000,11000
056394,晶豪科永豐98購01,0,0,0,0,0,0,0,0,0,11000,0,0,0,11000,0,11000,11000
056784,南亞科群益98購01,0,0,0,0,0,0,0,0,0,11000,0,0,0,17000,6000,11000,11000
056692,燿華群益98購03  ,0,0,0,0,0,0,0,0,0,11000,0,0,0,38000,27000,11000,11000
056323,旺宏兆豐98購01  ,0,0,0,0,0,0,0,0,0,11000,0,0,0,11000,0,11000,11000
055937,康舒群益97購01  ,0,0,0,0,0,0,0,0,0,11000,0,0,0,11000,0,11000,11000
055898,訊芯第一97購01  ,0,0,0,0,0,0,0,0,0,11000,0,0,0,12000,1000,11000,11000
055930,可成群益98購01  ,0,0,0,0,0,0,0,0,0,11000,0,0,0,21000,10000,11000,11000
055780,禾伸堂凱基99購01,0,0,0,0,0,0,0,0,0,11000,0,0,0,43000,32000,11000,11000
04518P,高鐵群益95售01  ,0,0,0,0,0,0,0,0,0,11000,0,0,0,11000,0,11000,11000
045087,玉晶光元大95購01,0,0,0,0,0,0,0,0,0,11000,0,0,0,13000,2000,11000,11000
04163P,可成統一93售03  ,0,0,0,0,0,0,0,0,0,11000,0,0,0,126000,115000,11000,11000
043775,友達兆豐92購01  ,0,0,0,0,0,0,0,0,0,11000,0,0,0,11000,0,11000,11000
046663,亞光元大93購02  ,0,0,0,0,0,0,0,0,0,11000,0,0,0,11000,0,11000,11000
046804,群創元大94購01  ,0,0,0,0,0,0,0,0,0,11000,0,0,0,32000,21000,11000,11000
050552,禾伸堂凱基94購05,0,0,0,0,0,0,0,0,0,11000,0,0,0,101000,90000,11000,11000
05056P,訊芯群益95售01  ,0,0,0,0,0,0,0,0,0,11000,0,0,0,11000,0,11000,11000
050376,百和元大95購01  ,0,0,0,0,0,0,0,0,0,11000,0,0,0,11000,0,11000,11000
047457,旺宏群益95購01  ,0,0,0,0,0,0,0,0,0,11000,0,0,0,156000,145000,11000,11000
046894,日月光群益93購01,0,0,0,0,0,0,0,0,0,11000,0,0,0,11000,0,11000,11000
04782P,智伸科統一96售01,0,0,0,0,0,0,0,0,0,11000,0,0,0,97000,86000,11000,11000
046451,中環凱基93購02  ,0,0,0,0,0,0,0,0,0,11000,0,0,0,11000,0,11000,11000
051212,國巨統一95購01  ,0,0,0,0,0,0,0,0,0,11000,0,0,0,11000,0,11000,11000
051099,台郡元大95購03  ,0,0,0,0,0,0,0,0,0,11000,0,0,0,102000,91000,11000,11000
050697,冠德凱基96購01  ,0,0,0,0,0,0,0,0,0,11000,0,0,0,11000,0,11000,11000
050327,泰鼎永豐94購03  ,0,0,0,0,0,0,0,0,0,11000,0,0,0,51000,40000,11000,11000
048655,A50正2元富96購01,0,0,0,0,0,0,0,0,0,11000,0,0,0,11000,0,11000,11000
051284,上銀統一95購02  ,0,0,0,0,0,0,0,0,0,11000,0,0,0,144000,133000,11000,11000
048295,泰鼎群益93購01  ,0,0,0,0,0,0,0,0,0,11000,0,0,0,39000,28000,11000,11000
048387,台達電國票94購01,0,0,0,0,0,0,0,0,0,11000,0,0,0,11000,0,11000,11000
048483,可成國泰95購01  ,0,0,0,0,0,0,0,0,0,11000,0,0,0,48000,37000,11000,11000
048570,鈺齊元大93購01  ,0,0,0,0,0,0,0,0,0,11000,0,0,0,12000,1000,11000,11000
051382,玉晶光群益98購02,0,0,0,0,0,0,0,0,0,11000,0,0,0,11000,0,11000,11000
049952,強茂群益94購01  ,0,0,0,0,0,0,0,0,0,11000,0,0,0,11000,0,11000,11000
049949,燿華群益96購01  ,0,0,0,0,0,0,0,0,0,11000,0,0,0,11000,0,11000,11000
051590,玉晶光元大96購02,0,0,0,0,0,0,0,0,0,11000,0,0,0,75000,64000,11000,11000
051701,華通群益97購01  ,0,0,0,0,0,0,0,0,0,11000,0,0,0,44000,33000,11000,11000
051456,鈺齊元大95購01  ,0,0,0,0,0,0,0,0,0,11000,0,0,0,12000,1000,11000,11000
048118,百和群益94購03  ,0,0,0,0,0,0,0,0,0,11000,0,0,0,111000,100000,11000,11000
049036,燿華兆豐95購01  ,0,0,0,0,0,0,0,0,0,11000,0,0,0,23000,12000,11000,11000
04933P,中石化中信96售01,0,0,0,0,0,0,0,0,0,11000,0,0,0,11000,0,11000,11000
054066,緯穎國票97購03  ,0,0,0,0,0,0,0,0,0,11000,0,0,0,19000,8000,11000,11000
054278,晶技群益97購02  ,0,0,0,0,0,0,0,0,0,11000,0,0,0,11000,0,11000,11000
054243,國喬元大96購01  ,0,0,0,0,0,0,0,0,0,11000,0,0,0,11000,0,11000,11000
053260,喬山群益96購01  ,0,0,0,0,0,0,0,0,0,11000,0,0,0,11000,0,11000,11000
053809,上銀群益96購02  ,0,0,0,0,0,0,0,0,0,11000,0,0,0,36000,25000,11000,11000
053680,臺股指富邦96購01,0,0,0,0,0,0,0,0,0,11000,0,0,0,11000,0,11000,11000
053022,欣興國泰98購01  ,0,0,0,0,0,0,0,0,0,11000,0,0,0,11000,0,11000,11000
052801,友達元大9A購01  ,0,0,0,0,0,0,0,0,0,11000,0,0,0,226000,215000,11000,11000
051838,國巨國泰97購01  ,0,0,0,0,0,0,0,0,0,11000,0,0,0,11000,0,11000,11000
052260,為升富邦97購02  ,0,0,0,0,0,0,0,0,0,11000,0,0,0,75000,64000,11000,11000
052316,台積電元大96購10,0,0,0,0,0,0,0,0,0,11000,0,0,0,145000,134000,11000,11000
052371,元金2X元大95購01,0,0,0,0,0,0,0,0,0,11000,0,0,0,11000,0,11000,11000
05235P,健鼎康和95售02  ,0,0,0,0,0,0,0,0,0,11000,0,0,0,44000,33000,11000,11000
3694,海華            ,12000,1000,11000,0,0,0,0,0,0,0,0,0,0,0,0,0,11000
6115,鎰勝            ,11000,0,11000,0,0,0,0,0,0,0,0,0,0,0,0,0,11000
9940,信義            ,34000,23000,11000,0,0,0,0,0,0,0,0,0,0,0,0,0,11000
6491,晶碩            ,38000,27000,11000,0,0,0,0,0,0,0,0,0,0,0,0,0,11000
06347P,祥碩元富97售02  ,0,0,0,0,0,0,0,0,0,11000,0,0,0,229000,218000,11000,11000
06446P,大立光凱基98售10,0,0,0,0,0,0,0,0,0,11000,0,0,0,11000,0,11000,11000
06292P,臺股指國票97售06,0,0,0,0,0,0,0,0,0,11000,0,0,0,11000,0,11000,11000
06109P,華新科群益97售05,0,0,0,0,0,0,0,0,0,11000,0,0,0,68000,57000,11000,11000
05795P,華邦電群益96售05,0,0,0,0,0,0,0,0,0,11000,0,0,0,61000,50000,11000,11000
5907,大洋-KY         ,73000,62324,10676,0,0,0,0,0,0,0,0,0,0,0,0,0,10676
055731,美律元富97購01  ,0,0,0,0,0,0,0,0,0,10000,0,0,0,10000,0,10000,10000
055747,康舒元富97購01  ,0,0,0,0,0,0,0,0,0,10000,0,0,0,10000,0,10000,10000
055871,群創台新97購02  ,0,0,0,0,0,0,0,0,0,10000,0,0,0,10000,0,10000,10000
056322,臺股指群益98購01,0,0,0,0,0,0,0,0,0,10000,0,0,0,30000,20000,10000,10000
056357,台積電元大9A購01,0,0,0,0,0,0,0,0,0,10000,0,0,0,265000,255000,10000,10000
056340,可成凱基98購04  ,0,0,0,0,0,0,0,0,0,10000,0,0,0,30000,20000,10000,10000
056225,聯發科凱基97購09,0,0,0,0,0,0,0,0,0,10000,0,0,0,16000,6000,10000,10000
056212,台光電國票98購03,0,0,0,0,0,0,0,0,0,10000,0,0,0,44000,34000,10000,10000
056188,晶相光統一99購01,0,0,0,0,0,0,0,0,0,10000,0,0,0,10000,0,10000,10000
056167,力成台新97購01  ,0,0,0,0,0,0,0,0,0,10000,0,0,0,10000,0,10000,10000
056144,GIS元大98購01   ,0,0,0,0,0,0,0,0,0,10000,0,0,0,78000,68000,10000,10000
056766,義隆元大98購01  ,0,0,0,0,0,0,0,0,0,10000,0,0,0,43000,33000,10000,10000
056795,鴻海麥證98購01  ,0,0,0,10000,0,10000,0,0,0,10000,0,0,0,10000,0,10000,10000
056798,華新科麥證98購01,0,0,0,10000,0,10000,0,0,0,10000,0,0,0,10000,0,10000,10000
056959,鴻海永豐98購03  ,0,0,0,0,0,0,0,0,0,10000,0,0,0,110000,100000,10000,10000
056387,智伸科國泰99購01,0,0,0,0,0,0,0,0,0,10000,0,0,0,10000,0,10000,10000
056436,台積電凱基98購10,0,0,0,0,0,0,0,0,0,10000,0,0,0,20000,10000,10000,10000
056508,揚明光永豐98購01,0,0,0,0,0,0,0,0,0,10000,0,0,0,10000,0,10000,10000
056493,晶技國泰99購01  ,0,0,0,0,0,0,0,0,0,10000,0,0,0,23000,13000,10000,10000
056456,群創凱基9B購01  ,0,0,0,0,0,0,0,0,0,10000,0,0,0,20000,10000,10000,10000
056560,旺宏群益98購03  ,0,0,0,0,0,0,0,0,0,10000,0,0,0,20000,10000,10000,10000
056527,大成鋼凱基98購03,0,0,0,0,0,0,0,0,0,10000,0,0,0,10000,0,10000,10000
056634,為升兆豐99購01  ,0,0,0,0,0,0,0,0,0,10000,0,0,0,20000,10000,10000,10000
05663P,創意元富96售04  ,0,0,0,0,0,0,0,0,0,10000,0,0,0,10000,0,10000,10000
056595,台積電元富98購04,0,0,0,0,0,0,0,0,0,10000,0,0,0,11000,1000,10000,10000
056608,力山永豐98購01  ,0,0,0,0,0,0,0,0,0,10000,0,0,0,10000,0,10000,10000
055173,瑞昱統一97購01  ,0,0,0,0,0,0,0,0,0,10000,0,0,0,10000,0,10000,10000
055174,精元統一97購01  ,0,0,0,0,0,0,0,0,0,10000,0,0,0,10000,0,10000,10000
055240,京元電元富97購01,0,0,0,0,0,0,0,0,0,10000,0,0,0,318000,308000,10000,10000
055222,臺股指凱基97購05,0,0,0,0,0,0,0,0,0,10000,0,0,0,10000,0,10000,10000
055269,和大元大97購02  ,0,0,0,0,0,0,0,0,0,10000,0,0,0,10000,0,10000,10000
055424,聚陽群益98購01  ,0,0,0,0,0,0,0,0,0,10000,0,0,0,121000,111000,10000,10000
055370,旺宏元大97購05  ,0,0,0,0,0,0,0,0,0,10000,0,0,0,22000,12000,10000,10000
055546,台積電凱基97購12,0,0,0,0,0,0,0,0,0,10000,0,0,0,10000,0,10000,10000
055567,訊芯凱基98購02  ,0,0,0,0,0,0,0,0,0,10000,0,0,0,10000,0,10000,10000
055549,旺宏凱基97購03  ,0,0,0,0,0,0,0,0,0,10000,0,0,0,10000,0,10000,10000
055472,大立光凱基97購07,0,0,0,0,0,0,0,0,0,10000,0,0,0,20000,10000,10000,10000
055680,美律凱基99購01  ,0,0,0,0,0,0,0,0,0,10000,0,0,0,10000,0,10000,10000
055682,智原凱基98購02  ,0,0,0,0,0,0,0,0,0,10000,0,0,0,10000,0,10000,10000
054913,億光凱基97購01  ,0,0,0,0,0,0,0,0,0,10000,0,0,0,210000,200000,10000,10000
054953,華新科元大97購05,0,0,0,0,0,0,0,0,0,10000,0,0,0,10000,0,10000,10000
05487P,台表科凱基95售02,0,0,0,0,0,0,0,0,0,10000,0,0,0,10000,0,10000,10000
055091,微星群益97購01  ,0,0,0,0,0,0,0,0,0,10000,0,0,0,21000,11000,10000,10000
055066,佐登永豐97購01  ,0,0,0,0,0,0,0,0,0,10000,0,0,0,10000,0,10000,10000
055119,力成凱基98購01  ,0,0,0,0,0,0,0,0,0,10000,0,0,0,10000,0,10000,10000
054792,揚明光群益97購01,0,0,0,0,0,0,0,0,0,10000,0,0,0,10000,0,10000,10000
05475P,聯茂亞東95售01  ,0,0,0,0,0,0,0,0,0,10000,0,0,0,10000,0,10000,10000
054763,宏達電國票99購01,0,0,0,0,0,0,0,0,0,10000,0,0,0,10000,0,10000,10000
054600,中壽台新97購01  ,0,0,0,0,0,0,0,0,0,10000,0,0,0,40000,30000,10000,10000
054513,元金2X元大96購01,0,0,0,0,0,0,0,0,0,10000,0,0,0,10000,0,10000,10000
046453,台積電凱基92購21,0,0,0,0,0,0,0,0,0,10000,0,0,0,10000,0,10000,10000
046457,可成凱基92購09  ,0,0,0,0,0,0,0,0,0,10000,0,0,0,10000,0,10000,10000
046445,台化麥證92購01  ,0,0,0,10000,0,10000,0,0,0,10000,0,0,0,10000,0,10000,10000
046472,亞光永豐92購01  ,0,0,0,0,0,0,0,0,0,10000,0,0,0,10000,0,10000,10000
046390,旺宏統一94購02  ,0,0,0,0,0,0,0,0,0,10000,0,0,0,10000,0,10000,10000
046374,台積電凱基92購20,0,0,0,0,0,0,0,0,0,10000,0,0,0,10000,0,10000,10000
046315,淘帝元大92購01  ,0,0,0,0,0,0,0,0,0,10000,0,0,0,10000,0,10000,10000
046335,矽創元大92購04  ,0,0,0,0,0,0,0,0,0,10000,0,0,0,10000,0,10000,10000
046119,國泰金元大92購02,0,0,0,0,0,0,0,0,0,10000,0,0,0,10000,0,10000,10000
046082,矽力凱基92購01  ,0,0,0,0,0,0,0,0,0,10000,0,0,0,20000,10000,10000,10000
046124,健策元大92購04  ,0,0,0,0,0,0,0,0,0,10000,0,0,0,26000,16000,10000,10000
046137,遠東新統一92購01,0,0,0,0,0,0,0,0,0,10000,0,0,0,10000,0,10000,10000
046183,瑞昱凱基92購02  ,0,0,0,0,0,0,0,0,0,10000,0,0,0,10000,0,10000,10000
046242,大立光中信93購02,0,0,0,0,0,0,0,0,0,10000,0,0,0,10000,0,10000,10000
046288,創意兆豐92購03  ,0,0,0,0,0,0,0,0,0,10000,0,0,0,10000,0,10000,10000
046986,台積電凱基93購09,0,0,0,0,0,0,0,0,0,10000,0,0,0,10000,0,10000,10000
045843,燿華台新92購01  ,0,0,0,0,0,0,0,0,0,10000,0,0,0,10000,0,10000,10000
045850,嘉澤永豐92購01  ,0,0,0,0,0,0,0,0,0,10000,0,0,0,10000,0,10000,10000
046989,可成凱基93購03  ,0,0,0,0,0,0,0,0,0,10000,0,0,0,10000,0,10000,10000
047007,大立光統一93購05,0,0,0,0,0,0,0,0,0,10000,0,0,0,10000,0,10000,10000
04605P,台積電兆豐94售03,0,0,0,0,0,0,0,0,0,10000,0,0,0,20000,10000,10000,10000
046003,欣興統一92購02  ,0,0,0,0,0,0,0,0,0,10000,0,0,0,10000,0,10000,10000
045897,泰鼎元大93購04  ,0,0,0,0,0,0,0,0,0,10000,0,0,0,40000,30000,10000,10000
047870,嘉澤永豐93購02  ,0,0,0,0,0,0,0,0,0,10000,0,0,0,10000,0,10000,10000
047583,深中小永豐94購01,0,0,0,0,0,0,0,0,0,10000,0,0,0,10000,0,10000,10000
047953,台積電永豐93購04,0,0,0,0,0,0,0,0,0,10000,0,0,0,10000,0,10000,10000
047608,聯發科第一95購01,0,0,0,0,0,0,0,0,0,10000,0,0,0,10000,0,10000,10000
04691P,智邦群益94售02  ,0,0,0,0,0,0,0,0,0,10000,0,0,0,10000,0,10000,10000
046901,英業達凱基93購02,0,0,0,0,0,0,0,0,0,10000,0,0,0,10000,0,10000,10000
046890,瑞昱群益93購02  ,0,0,0,0,0,0,0,0,0,10000,0,0,0,10000,0,10000,10000
046878,康友國泰94購01  ,0,0,0,0,0,0,0,0,0,10000,0,0,0,10000,0,10000,10000
046940,瑞昱元大93購07  ,0,0,0,0,0,0,0,0,0,10000,0,0,0,10000,0,10000,10000
046941,瑞昱元大93購08  ,0,0,0,0,0,0,0,0,0,10000,0,0,0,10000,0,10000,10000
045791,台表科元大93購04,0,0,0,0,0,0,0,0,0,10000,0,0,0,10000,0,10000,10000
045721,中信金凱基92購01,0,0,0,0,0,0,0,0,0,10000,0,0,0,10000,0,10000,10000
045645,祥碩凱基93購03  ,0,0,0,0,0,0,0,0,0,10000,0,0,0,10000,0,10000,10000
045649,超眾凱基93購04  ,0,0,0,0,0,0,0,0,0,10000,0,0,0,10000,0,10000,10000
045679,欣興元大94購01  ,0,0,0,0,0,0,0,0,0,10000,0,0,0,20000,10000,10000,10000
04567P,臺股指凱基95售01,0,0,0,0,0,0,0,0,0,10000,0,0,0,10000,0,10000,10000
045675,友達元大93購01  ,0,0,0,0,0,0,0,0,0,10000,0,0,0,10000,0,10000,10000
04744P,臻鼎元富94售04  ,0,0,0,0,0,0,0,0,0,10000,0,0,0,10000,0,10000,10000
047527,高鐵元大93購02  ,0,0,0,0,0,0,0,0,0,10000,0,0,0,10000,0,10000,10000
047530,智伸科元大93購04,0,0,0,0,0,0,0,0,0,10000,0,0,0,10000,0,10000,10000
047494,華邦電元富96購01,0,0,0,0,0,0,0,0,0,10000,0,0,0,10000,0,10000,10000
047355,世紀鋼凱基94購01,0,0,0,0,0,0,0,0,0,10000,0,0,0,10000,0,10000,10000
047290,台積電元富93購04,0,0,0,0,0,0,0,0,0,10000,0,0,0,20000,10000,10000,10000
047066,力成凱基93購04  ,0,0,0,0,0,0,0,0,0,10000,0,0,0,10000,0,10000,10000
047070,華通兆豐93購01  ,0,0,0,0,0,0,0,0,0,10000,0,0,0,10000,0,10000,10000
046503,京元電元大92購08,0,0,0,0,0,0,0,0,0,10000,0,0,0,10000,0,10000,10000
046538,大立光群益93購06,0,0,0,0,0,0,0,0,0,10000,0,0,0,25000,15000,10000,10000
047127,臻鼎中信95購01  ,0,0,0,0,0,0,0,0,0,10000,0,0,0,30000,20000,10000,10000
047149,聯鈞群益93購01  ,0,0,0,0,0,0,0,0,0,10000,0,0,0,10000,0,10000,10000
047184,漢唐元大94購02  ,0,0,0,0,0,0,0,0,0,10000,0,0,0,10000,0,10000,10000
049505,臺股指元大94購16,0,0,0,0,0,0,0,0,0,10000,0,0,0,10000,0,10000,10000
048756,志超元富96購02  ,0,0,0,0,0,0,0,0,0,10000,0,0,0,10000,0,10000,10000
050568,為升中信97購01  ,0,0,0,0,0,0,0,0,0,10000,0,0,0,10000,0,10000,10000
050573,光寶科國票94購01,0,0,0,0,0,0,0,0,0,10000,0,0,0,10000,0,10000,10000
05054P,臻鼎群益95售02  ,0,0,0,0,0,0,0,0,0,10000,0,0,0,20000,10000,10000,10000
050530,台表科元大95購04,0,0,0,0,0,0,0,0,0,10000,0,0,0,40000,30000,10000,10000
050392,群創統一96購01  ,0,0,0,0,0,0,0,0,0,10000,0,0,0,10000,0,10000,10000
046755,瑞昱凱基93購05  ,0,0,0,0,0,0,0,0,0,10000,0,0,0,30000,20000,10000,10000
046774,瑞昱台新93購01  ,0,0,0,0,0,0,0,0,0,10000,0,0,0,10000,0,10000,10000
047701,鴻海凱基94購12  ,0,0,0,0,0,0,0,0,0,10000,0,0,0,20000,10000,10000,10000
047711,華新科凱基94購03,0,0,0,0,0,0,0,0,0,10000,0,0,0,13000,3000,10000,10000
04665P,臺股指國票94售04,0,0,0,0,0,0,0,0,0,10000,0,0,0,10000,0,10000,10000
04670P,臺股指國票94售09,0,0,0,0,0,0,0,0,0,10000,0,0,0,10000,0,10000,10000
044513,義隆凱基93購02  ,0,0,0,0,0,0,0,0,0,10000,0,0,0,10000,0,10000,10000
045554,友達國票92購02  ,0,0,0,0,0,0,0,0,0,10000,0,0,0,10000,0,10000,10000
044049,元金2X元大94購03,0,0,0,0,0,0,0,0,0,10000,0,0,0,20000,10000,10000,10000
043992,康控元大93購02  ,0,0,0,0,0,0,0,0,0,10000,0,0,0,10000,0,10000,10000
04333P,儒鴻凱基93售06  ,0,0,0,0,0,0,0,0,0,10000,0,0,0,21000,11000,10000,10000
045376,友訊元大93購01  ,0,0,0,0,0,0,0,0,0,10000,0,0,0,10000,0,10000,10000
042796,永冠元大93購01  ,0,0,0,0,0,0,0,0,0,10000,0,0,0,10000,0,10000,10000
042803,天鈺元大93購01  ,0,0,0,0,0,0,0,0,0,10000,0,0,0,10000,0,10000,10000
044101,聯茂國泰92購01  ,0,0,0,0,0,0,0,0,0,10000,0,0,0,10000,0,10000,10000
04412P,欣興元富94售01  ,0,0,0,0,0,0,0,0,0,10000,0,0,0,10000,0,10000,10000
044377,南茂兆豐93購01  ,0,0,0,0,0,0,0,0,0,10000,0,0,0,10000,0,10000,10000
04437P,滬深2X群益98售03,0,0,0,0,0,0,0,0,0,10000,0,0,0,10000,0,10000,10000
042040,大立光群益93購01,0,0,0,0,0,0,0,0,0,10000,0,0,0,23000,13000,10000,10000
03250P,日月光元富07售02,0,0,0,0,0,0,0,0,0,10000,0,0,0,10000,0,10000,10000
03305P,台達電台新02售01,0,0,0,0,0,0,0,0,0,10000,0,0,0,10000,0,10000,10000
03136P,大立光康和01售01,0,0,0,0,0,0,0,0,0,10000,0,0,0,10000,0,10000,10000
04017P,臺股指麥證93售02,0,0,0,10000,0,10000,0,0,0,10000,0,0,0,10000,0,10000,10000
041308,群創群益92購01  ,0,0,0,0,0,0,0,0,0,10000,0,0,0,10000,0,10000,10000
045070,全新元大93購02  ,0,0,0,0,0,0,0,0,0,10000,0,0,0,10000,0,10000,10000
045060,世紀鋼富邦93購01,0,0,0,0,0,0,0,0,0,10000,0,0,0,10000,0,10000,10000
044997,信邦國泰93購01  ,0,0,0,0,0,0,0,0,0,10000,0,0,0,10000,0,10000,10000
042089,台灣50中信94購03,0,0,0,0,0,0,0,0,0,10000,0,0,0,36000,26000,10000,10000
044922,玉晶光永豐93購01,0,0,0,0,0,0,0,0,0,10000,0,0,0,10000,0,10000,10000
042255,群創國票92購01  ,0,0,0,0,0,0,0,0,0,10000,0,0,0,10000,0,10000,10000
04260P,亞德客群益93售01,0,0,0,0,0,0,0,0,0,10000,0,0,0,10000,0,10000,10000
04476P,玉晶光元大94售05,0,0,0,0,0,0,0,0,0,10000,0,0,0,10000,0,10000,10000
03641C,臺股指凱基95牛18,0,0,0,0,0,0,0,0,0,10000,0,0,0,10000,0,10000,10000
03552P,上銀元富08售02  ,0,0,0,0,0,0,0,0,0,10000,0,0,0,10000,0,10000,10000
03501P,奇鋐國票03售02  ,0,0,0,0,0,0,0,0,0,10000,0,0,0,10000,0,10000,10000
035275,台積電台新97購01,0,0,0,0,0,0,0,0,0,10000,0,0,0,10000,0,10000,10000
049352,泰鼎永豐95購01  ,0,0,0,0,0,0,0,0,0,10000,0,0,0,30000,20000,10000,10000
049796,國巨元大94購10  ,0,0,0,0,0,0,0,0,0,10000,0,0,0,10000,0,10000,10000
04979P,臺股指凱基96售07,0,0,0,0,0,0,0,0,0,10000,0,0,0,10000,0,10000,10000
049857,緯穎群益94購03  ,0,0,0,0,0,0,0,0,0,10000,0,0,0,20000,10000,10000,10000
049836,矽創凱基94購02  ,0,0,0,0,0,0,0,0,0,10000,0,0,0,10000,0,10000,10000
050801,元金2X群益98購01,0,0,0,0,0,0,0,0,0,10000,0,0,0,10000,0,10000,10000
050825,嘉澤凱基95購01  ,0,0,0,0,0,0,0,0,0,10000,0,0,0,23000,13000,10000,10000
050846,緯創國票96購01  ,0,0,0,0,0,0,0,0,0,10000,0,0,0,20000,10000,10000,10000
050934,喬山國票96購01  ,0,0,0,0,0,0,0,0,0,10000,0,0,0,10000,0,10000,10000
05094P,大立光元大95售07,0,0,0,0,0,0,0,0,0,10000,0,0,0,10000,0,10000,10000
05001P,華通統一95售01  ,0,0,0,0,0,0,0,0,0,10000,0,0,0,10000,0,10000,10000
04903P,全新永豐94售05  ,0,0,0,0,0,0,0,0,0,10000,0,0,0,10000,0,10000,10000
049025,華擎群益94購01  ,0,0,0,0,0,0,0,0,0,10000,0,0,0,10000,0,10000,10000
048162,矽力麥證93購01  ,0,0,0,20000,10000,10000,0,0,0,10000,0,0,0,20000,10000,10000,10000
050766,燿華元大96購02  ,0,0,0,0,0,0,0,0,0,10000,0,0,0,10000,0,10000,10000
049893,日月光富邦98購01,0,0,0,0,0,0,0,0,0,10000,0,0,0,20000,10000,10000,10000
049895,國巨統一94購04  ,0,0,0,0,0,0,0,0,0,10000,0,0,0,10000,0,10000,10000
048120,台泥元大93購02  ,0,0,0,0,0,0,0,0,0,10000,0,0,0,10000,0,10000,10000
051464,彩晶國泰96購01  ,0,0,0,0,0,0,0,0,0,10000,0,0,0,10000,0,10000,10000
051491,貿聯凱基95購01  ,0,0,0,0,0,0,0,0,0,10000,0,0,0,10000,0,10000,10000
051486,玉晶光凱基97購03,0,0,0,0,0,0,0,0,0,10000,0,0,0,10000,0,10000,10000
051474,智邦凱基95購04  ,0,0,0,0,0,0,0,0,0,10000,0,0,0,30000,20000,10000,10000
051513,台積電凱基95購13,0,0,0,0,0,0,0,0,0,10000,0,0,0,10000,0,10000,10000
051663,鴻海元大95購18  ,0,0,0,0,0,0,0,0,0,10000,0,0,0,10000,0,10000,10000
05159P,聯發科永豐95售04,0,0,0,0,0,0,0,0,0,10000,0,0,0,10000,0,10000,10000
051567,台積電富邦95購06,0,0,0,0,0,0,0,0,0,10000,0,0,0,10000,0,10000,10000
051583,可成元大95購07  ,0,0,0,0,0,0,0,0,0,10000,0,0,0,10000,0,10000,10000
051386,富邦金麥證96購01,0,0,0,10000,0,10000,0,0,0,10000,0,0,0,10000,0,10000,10000
052060,旺宏國票96購02  ,0,0,0,0,0,0,0,0,0,10000,0,0,0,23000,13000,10000,10000
05206P,南茂元大95售01  ,0,0,0,0,0,0,0,0,0,10000,0,0,0,20000,10000,10000,10000
050296,亞光凱基94購03  ,0,0,0,0,0,0,0,0,0,10000,0,0,0,10000,0,10000,10000
048553,光磊元大93購03  ,0,0,0,0,0,0,0,0,0,10000,0,0,0,112000,102000,10000,10000
048508,元上證凱基94購02,0,0,0,0,0,0,0,0,0,10000,0,0,0,10000,0,10000,10000
048488,大立光富邦93購05,0,0,0,0,0,0,0,0,0,10000,0,0,0,17000,7000,10000,10000
048456,利勤凱基95購01  ,0,0,0,0,0,0,0,0,0,10000,0,0,0,10000,0,10000,10000
048452,緯創凱基93購04  ,0,0,0,0,0,0,0,0,0,10000,0,0,0,10000,0,10000,10000
051282,GIS兆豐95購02   ,0,0,0,0,0,0,0,0,0,10000,0,0,0,10000,0,10000,10000
051321,建準國票96購01  ,0,0,0,0,0,0,0,0,0,10000,0,0,0,10000,0,10000,10000
048658,鴻海統一93購09  ,0,0,0,0,0,0,0,0,0,10000,0,0,0,10000,0,10000,10000
048647,正文元大93購01  ,0,0,0,0,0,0,0,0,0,10000,0,0,0,10000,0,10000,10000
048938,玉晶光永豐95購02,0,0,0,0,0,0,0,0,0,10000,0,0,0,12000,2000,10000,10000
048946,崇越永豐94購01  ,0,0,0,0,0,0,0,0,0,10000,0,0,0,10000,0,10000,10000
049760,滬深2X國泰95購02,0,0,0,0,0,0,0,0,0,10000,0,0,0,10000,0,10000,10000
049771,GIS元富94購02   ,0,0,0,0,0,0,0,0,0,10000,0,0,0,10000,0,10000,10000
049127,上海銀元富94購01,0,0,0,0,0,0,0,0,0,10000,0,0,0,10000,0,10000,10000
049106,大立光富邦94購01,0,0,0,0,0,0,0,0,0,10000,0,0,0,10000,0,10000,10000
049120,元油2X元富94購05,0,0,0,0,0,0,0,0,0,10000,0,0,0,100000,90000,10000,10000
050737,聯詠康和94購01  ,0,0,0,0,0,0,0,0,0,10000,0,0,0,10000,0,10000,10000
050657,宏達電麥證94購01,0,0,0,10000,0,10000,0,0,0,10000,0,0,0,10000,0,10000,10000
05106P,鴻海永豐95售02  ,0,0,0,0,0,0,0,0,0,10000,0,0,0,30000,20000,10000,10000
051078,力山富邦97購01  ,0,0,0,0,0,0,0,0,0,10000,0,0,0,10000,0,10000,10000
051196,喬山麥證95購01  ,0,0,0,10000,0,10000,0,0,0,10000,0,0,0,10000,0,10000,10000
051149,可成凱基95購04  ,0,0,0,0,0,0,0,0,0,10000,0,0,0,20000,10000,10000,10000
051205,華新科麥證95購02,0,0,0,10000,0,10000,0,0,0,10000,0,0,0,10000,0,10000,10000
051218,聯發科元富9B購02,0,0,0,0,0,0,0,0,0,10000,0,0,0,10000,0,10000,10000
049680,臺股指國票94購13,0,0,0,0,0,0,0,0,0,10000,0,0,0,10000,0,10000,10000
048891,傳奇元富97購02  ,0,0,0,0,0,0,0,0,0,10000,0,0,0,10000,0,10000,10000
049615,香港2X群益98購01,0,0,0,0,0,0,0,0,0,10000,0,0,0,10000,0,10000,10000
049644,台積電凱基94購21,0,0,0,0,0,0,0,0,0,10000,0,0,0,10000,0,10000,10000
050477,矽力永豐94購01  ,0,0,0,0,0,0,0,0,0,10000,0,0,0,25000,15000,10000,10000
050507,聯詠凱基94購06  ,0,0,0,0,0,0,0,0,0,10000,0,0,0,10000,0,10000,10000
048832,玉晶光凱基95購02,0,0,0,0,0,0,0,0,0,10000,0,0,0,10000,0,10000,10000
048778,聯茂凱基94購04  ,0,0,0,0,0,0,0,0,0,10000,0,0,0,10000,0,10000,10000
052347,GIS凱基95購05   ,0,0,0,0,0,0,0,0,0,10000,0,0,0,12000,2000,10000,10000
052433,滬深2X國泰96購02,0,0,0,0,0,0,0,0,0,10000,0,0,0,10000,0,10000,10000
052513,大立光凱基95購13,0,0,0,0,0,0,0,0,0,10000,0,0,0,10000,0,10000,10000
052282,宏達電凱基95購05,0,0,0,0,0,0,0,0,0,10000,0,0,0,10000,0,10000,10000
052307,潤泰全國泰96購01,0,0,0,0,0,0,0,0,0,10000,0,0,0,10000,0,10000,10000
052303,聯發科永豐95購05,0,0,0,0,0,0,0,0,0,10000,0,0,0,10000,0,10000,10000
052165,訊芯永豐95購03  ,0,0,0,0,0,0,0,0,0,10000,0,0,0,10000,0,10000,10000
052240,臻鼎國票96購03  ,0,0,0,0,0,0,0,0,0,10000,0,0,0,10000,0,10000,10000
052226,旺宏凱基95購06  ,0,0,0,0,0,0,0,0,0,10000,0,0,0,23000,13000,10000,10000
052206,燿華中信95購02  ,0,0,0,0,0,0,0,0,0,10000,0,0,0,10000,0,10000,10000
051719,鴻海永豐95購04  ,0,0,0,0,0,0,0,0,0,10000,0,0,0,10000,0,10000,10000
051722,玉晶光永豐97購01,0,0,0,0,0,0,0,0,0,10000,0,0,0,10000,0,10000,10000
051741,可成國票97購01  ,0,0,0,0,0,0,0,0,0,10000,0,0,0,10000,0,10000,10000
051787,燿華國票96購02  ,0,0,0,0,0,0,0,0,0,10000,0,0,0,30000,20000,10000,10000
051764,欣興元大95購07  ,0,0,0,0,0,0,0,0,0,10000,0,0,0,10000,0,10000,10000
051785,臻鼎兆豐96購01  ,0,0,0,0,0,0,0,0,0,10000,0,0,0,23000,13000,10000,10000
052010,兆豐金中信95購01,0,0,0,0,0,0,0,0,0,10000,0,0,0,50000,40000,10000,10000
052787,國巨中信96購02  ,0,0,0,0,0,0,0,0,0,10000,0,0,0,30000,20000,10000,10000
052856,滬深2X凱基98購01,0,0,0,0,0,0,0,0,0,10000,0,0,0,10000,0,10000,10000
052867,晶技凱基96購01  ,0,0,0,0,0,0,0,0,0,10000,0,0,0,10000,0,10000,10000
052727,仁寶元富96購01  ,0,0,0,0,0,0,0,0,0,10000,0,0,0,30000,20000,10000,10000
053023,泰鼎國泰97購01  ,0,0,0,0,0,0,0,0,0,10000,0,0,0,10000,0,10000,10000
052998,拓凱康和96購01  ,0,0,0,0,0,0,0,0,0,10000,0,0,0,20000,10000,10000,10000
052978,貿聯麥證97購01  ,0,0,0,20000,10000,10000,0,0,0,10000,0,0,0,20000,10000,10000,10000
052963,智邦凱基96購02  ,0,0,0,0,0,0,0,0,0,10000,0,0,0,18000,8000,10000,10000
05294P,亞光凱基95售02  ,0,0,0,0,0,0,0,0,0,10000,0,0,0,10000,0,10000,10000
052871,群創凱基98購07  ,0,0,0,0,0,0,0,0,0,10000,0,0,0,20000,10000,10000,10000
053108,南亞科兆豐96購01,0,0,0,0,0,0,0,0,0,10000,0,0,0,40000,30000,10000,10000
053105,鴻海兆豐97購01  ,0,0,0,0,0,0,0,0,0,10000,0,0,0,10000,0,10000,10000
053084,國巨元大98購01  ,0,0,0,0,0,0,0,0,0,10000,0,0,0,18000,8000,10000,10000
053068,智伸科群益96購01,0,0,0,0,0,0,0,0,0,10000,0,0,0,10000,0,10000,10000
05364P,臺股指富邦95售04,0,0,0,0,0,0,0,0,0,10000,0,0,0,10000,0,10000,10000
053589,宏達電元大97購02,0,0,0,0,0,0,0,0,0,10000,0,0,0,10000,0,10000,10000
053832,聯發科台新96購01,0,0,0,0,0,0,0,0,0,10000,0,0,0,10000,0,10000,10000
053853,康控國泰97購02  ,0,0,0,0,0,0,0,0,0,10000,0,0,0,20000,10000,10000,10000
053873,力成元大96購03  ,0,0,0,0,0,0,0,0,0,10000,0,0,0,10000,0,10000,10000
053721,國泰金凱基97購01,0,0,0,0,0,0,0,0,0,10000,0,0,0,10000,0,10000,10000
053275,燿華元大97購01  ,0,0,0,0,0,0,0,0,0,10000,0,0,0,31000,21000,10000,10000
05323P,瑞昱凱基96售02  ,0,0,0,0,0,0,0,0,0,10000,0,0,0,10000,0,10000,10000
053241,元油反國票9A購01,0,0,0,0,0,0,0,0,0,10000,0,0,0,10000,0,10000,10000
053223,台郡凱基96購02  ,0,0,0,0,0,0,0,0,0,10000,0,0,0,10000,0,10000,10000
053204,旺宏麥證96購01  ,0,0,0,32000,20000,12000,0,0,0,10000,0,0,0,32000,22000,10000,10000
05329P,臺股指凱基95售13,0,0,0,0,0,0,0,0,0,10000,0,0,0,20000,10000,10000,10000
053297,鎧勝中信98購01  ,0,0,0,0,0,0,0,0,0,10000,0,0,0,10000,0,10000,10000
053346,群創國票97購04  ,0,0,0,0,0,0,0,0,0,10000,0,0,0,80000,70000,10000,10000
053519,力成群益96購02  ,0,0,0,0,0,0,0,0,0,10000,0,0,0,10000,0,10000,10000
054191,香港2X中信98購01,0,0,0,0,0,0,0,0,0,10000,0,0,0,10000,0,10000,10000
054286,台積電元大96購22,0,0,0,0,0,0,0,0,0,10000,0,0,0,110000,100000,10000,10000
054365,遠東新中信96購01,0,0,0,0,0,0,0,0,0,10000,0,0,0,10000,0,10000,10000
054461,台積電凱基97購09,0,0,0,0,0,0,0,0,0,10000,0,0,0,25000,15000,10000,10000
054501,強茂永豐96購02  ,0,0,0,0,0,0,0,0,0,10000,0,0,0,10000,0,10000,10000
05406P,台光電凱基95售02,0,0,0,0,0,0,0,0,0,10000,0,0,0,10000,0,10000,10000
054161,友訊凱基98購01  ,0,0,0,0,0,0,0,0,0,10000,0,0,0,20000,10000,10000,10000
053891,欣興群益98購01  ,0,0,0,0,0,0,0,0,0,10000,0,0,0,10000,0,10000,10000
053938,彩晶元富96購01  ,0,0,0,0,0,0,0,0,0,10000,0,0,0,10000,0,10000,10000
6451,訊芯-KY         ,141000,173000,-32000,0,0,0,5000,0,5000,37000,1000,3000,-2000,46000,7000,39000,10000
3679,新至陞          ,20000,10000,10000,0,0,0,0,0,0,0,0,0,0,0,0,0,10000
8033,雷虎            ,10000,0,10000,0,0,0,0,0,0,0,0,0,0,0,0,0,10000
8103,瀚荃            ,11000,1000,10000,0,0,0,0,0,0,0,0,0,0,0,0,0,10000
05829P,臺股指統一96售08,0,0,0,0,0,0,0,0,0,10000,0,0,0,10000,0,10000,10000
05852P,嘉晶群益96售01  ,0,0,0,0,0,0,0,0,0,10000,0,0,0,20000,10000,10000,10000
05725P,嘉聯益永豐96售02,0,0,0,0,0,0,0,0,0,10000,0,0,0,10000,0,10000,10000
05747P,漢唐群益96售03  ,0,0,0,0,0,0,0,0,0,10000,0,0,0,10000,0,10000,10000
05755P,臺股指中信99售04,0,0,0,0,0,0,0,0,0,10000,0,0,0,10000,0,10000,10000
06043P,創意永豐96售06  ,0,0,0,0,0,0,0,0,0,10000,0,0,0,11000,1000,10000,10000
05997P,嘉聯益群益96售02,0,0,0,0,0,0,0,0,0,10000,0,0,0,10000,0,10000,10000
05987P,健策統一96售02  ,0,0,0,0,0,0,0,0,0,10000,0,0,0,16000,6000,10000,10000
05967P,臺股指麥證96售02,0,0,0,10000,0,10000,0,0,0,10000,0,0,0,10000,0,10000,10000
05982P,漢唐國票96售03  ,0,0,0,0,0,0,0,0,0,10000,0,0,0,10000,0,10000,10000
06096P,全新永豐97售02  ,0,0,0,0,0,0,0,0,0,10000,0,0,0,60000,50000,10000,10000
06112P,台積電兆豐97售01,0,0,0,0,0,0,0,0,0,10000,0,0,0,30000,20000,10000,10000
06047P,聯發科富邦99售04,0,0,0,0,0,0,0,0,0,10000,0,0,0,10000,0,10000,10000
06092P,嘉聯益統一97售01,0,0,0,0,0,0,0,0,0,10000,0,0,0,10000,0,10000,10000
06220P,廣宇元富97售02  ,0,0,0,0,0,0,0,0,0,10000,0,0,0,10000,0,10000,10000
06166P,大立光國票98售01,0,0,0,0,0,0,0,0,0,10000,0,0,0,10000,0,10000,10000
06334P,臺股指群益9C售03,0,0,0,0,0,0,0,0,0,10000,0,0,0,10000,0,10000,10000
06284P,台積電國票98售03,0,0,0,0,0,0,0,0,0,10000,0,0,0,10000,0,10000,10000
06432P,上銀群益98售01  ,0,0,0,0,0,0,0,0,0,10000,0,0,0,10000,0,10000,10000
06433P,大立光群益99售01,0,0,0,0,0,0,0,0,0,10000,0,0,0,10000,0,10000,10000
06384P,訊芯元富97售03  ,0,0,0,0,0,0,0,0,0,10000,0,0,0,10000,0,10000,10000
1321,大洋            ,16000,6000,10000,0,0,0,0,0,0,0,0,0,0,0,0,0,10000
1218,泰山            ,44000,34000,10000,0,0,0,0,0,0,0,0,0,0,0,0,0,10000
06463P,大立光富邦9A售01,0,0,0,0,0,0,0,0,0,10000,0,0,0,15000,5000,10000,10000
054868,國泰金群益9A購01,0,0,0,0,0,0,0,0,0,9000,0,0,0,13000,4000,9000,9000
055362,GIS凱基97購03   ,0,0,0,0,0,0,0,0,0,9000,0,0,0,82000,73000,9000,9000
055290,玉晶光元大98購08,0,0,0,0,0,0,0,0,0,9000,0,0,0,10000,1000,9000,9000
056069,新日興元大97購03,0,0,0,0,0,0,0,0,0,9000,0,0,0,121000,112000,9000,9000
055820,矽力國票98購02  ,0,0,0,0,0,0,0,0,0,9000,0,0,0,49000,40000,9000,9000
055983,全新元富9A購02  ,0,0,0,0,0,0,0,0,0,9000,0,0,0,60000,51000,9000,9000
056060,宏達電元大99購01,0,0,0,0,0,0,0,0,0,9000,0,0,0,20000,11000,9000,9000
056056,旺宏元大97購06  ,0,0,0,0,0,0,0,0,0,9000,0,0,0,225000,216000,9000,9000
05604P,聯發科元大96售10,0,0,0,0,0,0,0,0,0,9000,0,0,0,121000,112000,9000,9000
039382,聯發科國泰92購01,0,0,0,0,0,0,0,0,0,9000,0,0,0,9000,0,9000,9000
03415B,臺股指元大93熊49,0,0,0,0,0,0,0,0,0,9000,0,0,0,29000,20000,9000,9000
044879,上証2X群益93購01,0,0,0,0,0,0,0,0,0,9000,0,0,0,10000,1000,9000,9000
04038P,聯茂群益93售03  ,0,0,0,0,0,0,0,0,0,9000,0,0,0,10000,1000,9000,9000
045537,華新群益94購01  ,0,0,0,0,0,0,0,0,0,9000,0,0,0,10000,1000,9000,9000
047773,超眾元大96購01  ,0,0,0,0,0,0,0,0,0,9000,0,0,0,49000,40000,9000,9000
047783,聯茂國泰94購02  ,0,0,0,0,0,0,0,0,0,9000,0,0,0,19000,10000,9000,9000
050532,矽創元大94購03  ,0,0,0,0,0,0,0,0,0,9000,0,0,0,19000,10000,9000,9000
048757,美利達元富96購01,0,0,0,0,0,0,0,0,0,9000,0,0,0,20000,11000,9000,9000
048051,大立光中信94購03,0,0,0,0,0,0,0,0,0,9000,0,0,0,20000,11000,9000,9000
046069,禾伸堂凱基92購01,0,0,0,0,0,0,0,0,0,9000,0,0,0,21000,12000,9000,9000
049770,康控元富95購01  ,0,0,0,0,0,0,0,0,0,9000,0,0,0,9000,0,9000,9000
048954,裕民康和94購01  ,0,0,0,0,0,0,0,0,0,9000,0,0,0,17000,8000,9000,9000
048943,智伸科永豐94購01,0,0,0,0,0,0,0,0,0,9000,0,0,0,9000,0,9000,9000
048586,美利達富邦93購01,0,0,0,0,0,0,0,0,0,9000,0,0,0,20000,11000,9000,9000
051357,可成元大95購05  ,0,0,0,0,0,0,0,0,0,9000,0,0,0,10000,1000,9000,9000
048223,微星凱基93購02  ,0,0,0,0,0,0,0,0,0,9000,0,0,0,61000,52000,9000,9000
050204,華新科群益94購05,0,0,0,0,0,0,0,0,0,9000,0,0,0,63000,54000,9000,9000
050053,訊芯群益94購03  ,0,0,0,0,0,0,0,0,0,9000,0,0,0,9000,0,9000,9000
049436,義隆國泰96購02  ,0,0,0,0,0,0,0,0,0,9000,0,0,0,74000,65000,9000,9000
054459,鈺齊群益96購01  ,0,0,0,0,0,0,0,0,0,9000,0,0,0,60000,51000,9000,9000
05431P,台光電統一97售01,0,0,0,0,0,0,0,0,0,9000,0,0,0,10000,1000,9000,9000
053381,友達元大9A購02  ,0,0,0,0,0,0,0,0,0,9000,0,0,0,158000,149000,9000,9000
053309,泰鼎凱基96購03  ,0,0,0,0,0,0,0,0,0,9000,0,0,0,29000,20000,9000,9000
053731,矽創凱基96購03  ,0,0,0,0,0,0,0,0,0,9000,0,0,0,20000,11000,9000,9000
053836,亞光永豐96購02  ,0,0,0,0,0,0,0,0,0,9000,0,0,0,37000,28000,9000,9000
053065,大立光群益96購01,0,0,0,0,0,0,0,0,0,9000,0,0,0,38000,29000,9000,9000
053048,同欣電麥證96購01,0,0,0,61000,52000,9000,0,0,0,9000,0,0,0,61000,52000,9000,9000
052292,緯穎元富95購02  ,0,0,0,0,0,0,0,0,0,9000,0,0,0,9000,0,9000,9000
052429,禾伸堂永豐95購02,0,0,0,0,0,0,0,0,0,9000,0,0,0,118000,109000,9000,9000
1726,永記            ,12000,3000,9000,0,0,0,0,0,0,0,0,0,0,0,0,0,9000
2882A,國泰特          ,9000,0,9000,0,0,0,0,0,0,0,0,0,0,0,0,0,9000
06345P,臺股指統一9A售01,0,0,0,0,0,0,0,0,0,9000,0,0,0,10000,1000,9000,9000
06285P,台積電國票98售04,0,0,0,0,0,0,0,0,0,9000,0,0,0,125000,116000,9000,9000
06241P,大立光元富9A售01,0,0,0,0,0,0,0,0,0,9000,0,0,0,14000,5000,9000,9000
05929P,宏達電康和96售01,0,0,0,0,0,0,0,0,0,9000,0,0,0,10000,1000,9000,9000
05805P,義隆永豐96售02  ,0,0,0,0,0,0,0,0,0,9000,0,0,0,10000,1000,9000,9000
3419,譁裕            ,12000,3000,9000,0,0,0,0,0,0,0,0,0,0,0,0,0,9000
055970,聯茂元大97購04  ,0,0,0,0,0,0,0,0,0,8000,0,0,0,29000,21000,8000,8000
055732,全新元富9A購01  ,0,0,0,0,0,0,0,0,0,8000,0,0,0,100000,92000,8000,8000
056140,康控元大98購01  ,0,0,0,0,0,0,0,0,0,8000,0,0,0,772000,764000,8000,8000
056433,鴻海凱基98購09  ,0,0,0,0,0,0,0,0,0,8000,0,0,0,65000,57000,8000,8000
056691,元油2X群益9B購01,0,0,0,0,0,0,0,0,0,8000,0,0,0,78000,70000,8000,8000
055273,華泰元大97購01  ,0,0,0,0,0,0,0,0,0,8000,0,0,0,68000,60000,8000,8000
055223,和大國票98購01  ,0,0,0,0,0,0,0,0,0,8000,0,0,0,22000,14000,8000,8000
054906,神達康和97購01  ,0,0,0,0,0,0,0,0,0,8000,0,0,0,8000,0,8000,8000
054558,劍麟群益99購01  ,0,0,0,0,0,0,0,0,0,8000,0,0,0,19000,11000,8000,8000
054611,全新永豐97購01  ,0,0,0,0,0,0,0,0,0,8000,0,0,0,68000,60000,8000,8000
045934,燿華群益93購01  ,0,0,0,0,0,0,0,0,0,8000,0,0,0,20000,12000,8000,8000
045936,富邦金群益94購01,0,0,0,0,0,0,0,0,0,8000,0,0,0,8000,0,8000,8000
045891,健鼎元大92購01  ,0,0,0,0,0,0,0,0,0,8000,0,0,0,8000,0,8000,8000
046212,台積電統一92購07,0,0,0,0,0,0,0,0,0,8000,0,0,0,8000,0,8000,8000
047637,旺宏元大94購03  ,0,0,0,0,0,0,0,0,0,8000,0,0,0,71000,63000,8000,8000
047918,智邦凱基93購08  ,0,0,0,0,0,0,0,0,0,8000,0,0,0,28000,20000,8000,8000
050419,鴻海凱基95購02  ,0,0,0,0,0,0,0,0,0,8000,0,0,0,13000,5000,8000,8000
050636,上証2X國票94購01,0,0,0,0,0,0,0,0,0,8000,0,0,0,8000,0,8000,8000
047280,泰鼎永豐93購01  ,0,0,0,0,0,0,0,0,0,8000,0,0,0,32000,24000,8000,8000
044516,景碩凱基93購02  ,0,0,0,0,0,0,0,0,0,8000,0,0,0,20000,12000,8000,8000
043457,鴻海元大93購01  ,0,0,0,0,0,0,0,0,0,8000,0,0,0,18000,10000,8000,8000
041916,大立光中信93購01,0,0,0,0,0,0,0,0,0,8000,0,0,0,10000,2000,8000,8000
049394,T50反1群益94購01,0,0,0,0,0,0,0,0,0,8000,0,0,0,8000,0,8000,8000
049379,智原元大95購01  ,0,0,0,0,0,0,0,0,0,8000,0,0,0,10000,2000,8000,8000
049851,致伸群益94購03  ,0,0,0,0,0,0,0,0,0,8000,0,0,0,8000,0,8000,8000
050114,群創元大95購01  ,0,0,0,0,0,0,0,0,0,8000,0,0,0,110000,102000,8000,8000
048195,聯發科元大93購23,0,0,0,0,0,0,0,0,0,8000,0,0,0,11000,3000,8000,8000
051581,聯發科元大95購12,0,0,0,0,0,0,0,0,0,8000,0,0,0,68000,60000,8000,8000
051528,亞泥國票96購01  ,0,0,0,0,0,0,0,0,0,8000,0,0,0,48000,40000,8000,8000
048334,A50正2元大96購01,0,0,0,0,0,0,0,0,0,8000,0,0,0,58000,50000,8000,8000
049742,日月光群益94購02,0,0,0,0,0,0,0,0,0,8000,0,0,0,19000,11000,8000,8000
048981,牧德元大94購01  ,0,0,0,0,0,0,0,0,0,8000,0,0,0,39000,31000,8000,8000
049128,滬深2X元大97購03,0,0,0,0,0,0,0,0,0,8000,0,0,0,8000,0,8000,8000
049187,義隆台新94購01  ,0,0,0,0,0,0,0,0,0,8000,0,0,0,10000,2000,8000,8000
048864,昇陽半群益94購01,0,0,0,0,0,0,0,0,0,8000,0,0,0,20000,12000,8000,8000
050729,聯鈞國票94購01  ,0,0,0,0,0,0,0,0,0,8000,0,0,0,29000,21000,8000,8000
050713,矽格麥證94購01  ,0,0,0,11000,3000,8000,0,0,0,8000,0,0,0,11000,3000,8000,8000
053143,昇陽半永豐96購03,0,0,0,0,0,0,0,0,0,8000,0,0,0,106000,98000,8000,8000
053031,華新科第一96購01,0,0,0,0,0,0,0,0,0,8000,0,0,0,8000,0,8000,8000
052580,高鐵元富96購01  ,0,0,0,0,0,0,0,0,0,8000,0,0,0,10000,2000,8000,8000
053745,康友國票97購01  ,0,0,0,0,0,0,0,0,0,8000,0,0,0,58000,50000,8000,8000
053787,健策元大97購02  ,0,0,0,0,0,0,0,0,0,8000,0,0,0,180000,172000,8000,8000
053378,台積電元大98購02,0,0,0,0,0,0,0,0,0,8000,0,0,0,126000,118000,8000,8000
053287,臺股指元大96購15,0,0,0,0,0,0,0,0,0,8000,0,0,0,8000,0,8000,8000
05350P,可成元富98售04  ,0,0,0,0,0,0,0,0,0,8000,0,0,0,8000,0,8000,8000
053394,鴻海中信9A購01  ,0,0,0,0,0,0,0,0,0,8000,0,0,0,8000,0,8000,8000
054309,禾伸堂凱基98購01,0,0,0,0,0,0,0,0,0,8000,0,0,0,11000,3000,8000,8000
054266,緯穎元大96購07  ,0,0,0,0,0,0,0,0,0,8000,0,0,0,148000,140000,8000,8000
054457,強茂群益96購01  ,0,0,0,0,0,0,0,0,0,8000,0,0,0,106000,98000,8000,8000
054381,世芯群益98購01  ,0,0,0,0,0,0,0,0,0,8000,0,0,0,181000,173000,8000,8000
05441P,華通元大95售09  ,0,0,0,0,0,0,0,0,0,8000,0,0,0,8000,0,8000,8000
054193,鴻海麥證96購02  ,0,0,0,8000,0,8000,0,0,0,8000,0,0,0,8000,0,8000,8000
3050,鈺德            ,17000,9000,8000,0,0,0,0,0,0,0,0,0,0,0,0,0,8000
3669,圓展            ,14000,30000,-16000,0,0,0,32000,0,32000,-8000,0,8000,-8000,0,0,0,8000
5305,敦南            ,80000,72000,8000,0,0,0,0,0,0,0,0,0,0,0,0,0,8000
05971P,世紀鋼永豐96售04,0,0,0,0,0,0,0,0,0,8000,0,0,0,8000,0,8000,8000
05961P,鴻海群益97售01  ,0,0,0,0,0,0,0,0,0,8000,0,0,0,20000,12000,8000,8000
06356P,啟碁永豐97售01  ,0,0,0,0,0,0,0,0,0,8000,0,0,0,8000,0,8000,8000
06385P,聯發科永豐97售02,0,0,0,0,0,0,0,0,0,8000,0,0,0,8000,0,8000,8000
06434P,超眾群益98售02  ,0,0,0,0,0,0,0,0,0,8000,0,0,0,20000,12000,8000,8000
06431P,新日興元大97售05,0,0,0,0,0,0,0,0,0,8000,0,0,0,8000,0,8000,8000
06088P,建準永豐97售01  ,0,0,0,0,0,0,0,0,0,8000,0,0,0,10000,2000,8000,8000
06072P,牧德永豐97售01  ,0,0,0,0,0,0,0,0,0,8000,0,0,0,8000,0,8000,8000
2527,宏璟            ,11000,3000,8000,0,0,0,0,0,0,0,0,0,0,0,0,0,8000
2028,威致            ,7000,0,7000,0,0,0,0,0,0,1000,1000,0,1000,0,0,0,8000
1760,寶齡富錦        ,15000,8000,7000,0,0,0,0,0,0,1000,1000,0,1000,0,0,0,8000
1529,樂士            ,0,2000,-2000,0,0,0,0,0,0,10000,10000,0,10000,0,0,0,8000
1307,三芳            ,11000,3000,8000,0,0,0,0,0,0,0,0,0,0,0,0,0,8000
08164P,滬深2X中信95售04,0,0,0,0,0,0,0,0,0,8000,0,0,0,18000,10000,8000,8000
054804,南亞元大9A購01  ,0,0,0,0,0,0,0,0,0,7000,0,0,0,30000,23000,7000,7000
054734,燿華凱基97購03  ,0,0,0,0,0,0,0,0,0,7000,0,0,0,7000,0,7000,7000
054896,聯茂日盛97購01  ,0,0,0,0,0,0,0,0,0,7000,0,0,0,522000,515000,7000,7000
055304,瑞昱第一98購01  ,0,0,0,0,0,0,0,0,0,7000,0,0,0,26000,19000,7000,7000
055330,上銀兆豐98購02  ,0,0,0,0,0,0,0,0,0,7000,0,0,0,7000,0,7000,7000
055467,國巨凱基97購05  ,0,0,0,0,0,0,0,0,0,7000,0,0,0,54000,47000,7000,7000
056492,全新國泰9A購01  ,0,0,0,0,0,0,0,0,0,7000,0,0,0,20000,13000,7000,7000
05592P,可成群益96售03  ,0,0,0,0,0,0,0,0,0,7000,0,0,0,7000,0,7000,7000
056019,燿華群益97購02  ,0,0,0,0,0,0,0,0,0,7000,0,0,0,7000,0,7000,7000
03074P,大立光國泰03售05,0,0,0,0,0,0,0,0,0,7000,0,0,0,7000,0,7000,7000
03553P,可成元富08售03  ,0,0,0,0,0,0,0,0,0,7000,0,0,0,7000,0,7000,7000
044500,超眾元大92購03  ,0,0,0,0,0,0,0,0,0,7000,0,0,0,7000,0,7000,7000
045499,技嘉凱基92購02  ,0,0,0,0,0,0,0,0,0,7000,0,0,0,7000,0,7000,7000
046657,燿華元大93購01  ,0,0,0,0,0,0,0,0,0,7000,0,0,0,14000,7000,7000,7000
047688,亞德客富邦95購01,0,0,0,0,0,0,0,0,0,7000,0,0,0,39000,32000,7000,7000
047310,鴻海元大93購14  ,0,0,0,0,0,0,0,0,0,7000,0,0,0,17000,10000,7000,7000
046549,康友永豐92購02  ,0,0,0,0,0,0,0,0,0,7000,0,0,0,7000,0,7000,7000
046612,群創麥證93購01  ,0,0,0,7000,0,7000,0,0,0,7000,0,0,0,7000,0,7000,7000
050375,矽創元大94購02  ,0,0,0,0,0,0,0,0,0,7000,0,0,0,7000,0,7000,7000
050372,全新元大96購03  ,0,0,0,0,0,0,0,0,0,7000,0,0,0,110000,103000,7000,7000
047885,元金2X富邦99購01,0,0,0,0,0,0,0,0,0,7000,0,0,0,7000,0,7000,7000
046866,台積電統一94購03,0,0,0,0,0,0,0,0,0,7000,0,0,0,10000,3000,7000,7000
046194,禾伸堂凱基92購02,0,0,0,0,0,0,0,0,0,7000,0,0,0,21000,14000,7000,7000
047022,聯發科元大93購07,0,0,0,0,0,0,0,0,0,7000,0,0,0,7000,0,7000,7000
051058,景碩群益96購01  ,0,0,0,0,0,0,0,0,0,7000,0,0,0,84000,77000,7000,7000
051092,禾伸堂元大95購02,0,0,0,0,0,0,0,0,0,7000,0,0,0,159000,152000,7000,7000
048905,旺宏富邦96購01  ,0,0,0,0,0,0,0,0,0,7000,0,0,0,30000,23000,7000,7000
049599,樺漢元大95購01  ,0,0,0,0,0,0,0,0,0,7000,0,0,0,123000,116000,7000,7000
04912P,可成元富94售06  ,0,0,0,0,0,0,0,0,0,7000,0,0,0,17000,10000,7000,7000
049121,元油2X元富94購06,0,0,0,0,0,0,0,0,0,7000,0,0,0,17000,10000,7000,7000
048424,揚明光元富95購01,0,0,0,0,0,0,0,0,0,7000,0,0,0,7000,0,7000,7000
04854P,鴻海國泰96售04  ,0,0,0,0,0,0,0,0,0,7000,0,0,0,67000,60000,7000,7000
048450,聯詠凱基93購09  ,0,0,0,0,0,0,0,0,0,7000,0,0,0,35000,28000,7000,7000
051558,元金2X國泰97購01,0,0,0,0,0,0,0,0,0,7000,0,0,0,82000,75000,7000,7000
051485,玉晶光凱基97購02,0,0,0,0,0,0,0,0,0,7000,0,0,0,32000,25000,7000,7000
050243,華新科凱基94購10,0,0,0,0,0,0,0,0,0,7000,0,0,0,72000,65000,7000,7000
050174,技嘉元大94購01  ,2000,0,2000,0,0,0,0,0,0,5000,0,0,0,220000,215000,5000,7000
050194,臻鼎元大94購03  ,0,0,0,0,0,0,0,0,0,7000,0,0,0,10000,3000,7000,7000
048158,大立光兆豐95購01,0,0,0,0,0,0,0,0,0,7000,0,0,0,82000,75000,7000,7000
04991P,台表科元大94售05,0,0,0,0,0,0,0,0,0,7000,0,0,0,7000,0,7000,7000
050796,燿華中信95購01  ,0,0,0,0,0,0,0,0,0,7000,0,0,0,7000,0,7000,7000
050850,訊連國票96購01  ,0,0,0,0,0,0,0,0,0,7000,0,0,0,7000,0,7000,7000
053903,燿華凱基97購01  ,0,0,0,0,0,0,0,0,0,7000,0,0,0,7000,0,7000,7000
053899,矽創群益96購02  ,0,0,0,0,0,0,0,0,0,7000,0,0,0,10000,3000,7000,7000
053491,鴻海兆豐97購02  ,0,0,0,0,0,0,0,0,0,7000,0,0,0,10000,3000,7000,7000
053475,華新科元大96購05,0,0,0,0,0,0,0,0,0,7000,0,0,0,7000,0,7000,7000
053303,建準凱基96購03  ,0,0,0,0,0,0,0,0,0,7000,0,0,0,7000,0,7000,7000
053315,漢唐群益96購02  ,0,0,0,0,0,0,0,0,0,7000,0,0,0,88000,81000,7000,7000
053584,友達元大9B購02  ,0,0,0,0,0,0,0,0,0,7000,0,0,0,57000,50000,7000,7000
05366P,鴻海元富95售12  ,0,0,0,0,0,0,0,0,0,7000,0,0,0,107000,100000,7000,7000
052658,友達元富9C購01  ,0,0,0,0,0,0,0,0,0,7000,0,0,0,9000,2000,7000,7000
053024,國巨富邦97購02  ,0,0,0,0,0,0,0,0,0,7000,0,0,0,325000,318000,7000,7000
053145,元黃金元大96購02,0,0,0,0,0,0,0,0,0,7000,0,0,0,7000,0,7000,7000
051906,國巨元大95購09  ,0,0,0,0,0,0,0,0,0,7000,0,0,0,16000,9000,7000,7000
06483P,聯發科凱基98售10,0,0,0,0,0,0,0,0,0,7000,0,0,0,7000,0,7000,7000
06553P,訊芯元大98售05  ,0,0,0,0,0,0,0,0,0,7000,0,0,0,7000,0,7000,7000
2034,允強            ,42000,33000,9000,0,0,0,0,0,0,-2000,0,2000,-2000,0,0,0,7000
06173P,華通元大97售02  ,0,0,0,0,0,0,0,0,0,7000,0,0,0,23000,16000,7000,7000
06189P,華新科永豐97售03,0,0,0,0,0,0,0,0,0,7000,0,0,0,87000,80000,7000,7000
06331P,南亞科群益97售04,0,0,0,0,0,0,0,0,0,7000,0,0,0,10000,3000,7000,7000
05893P,國巨兆豐96售04  ,0,0,0,0,0,0,0,0,0,7000,0,0,0,73000,66000,7000,7000
5906,台南-KY         ,7000,0,7000,0,0,0,0,0,0,0,0,0,0,0,0,0,7000
3593,力銘            ,8000,1000,7000,0,0,0,0,0,0,0,0,0,0,0,0,0,7000
9908,大台北          ,8000,1000,7000,0,0,0,0,0,0,0,0,0,0,0,0,0,7000
8497,格威傳媒        ,10000,3000,7000,0,0,0,0,0,0,0,0,0,0,0,0,0,7000
055935,創意群益97購02  ,0,0,0,0,0,0,0,0,0,6000,0,0,0,336000,330000,6000,6000
055878,泰碩元富97購02  ,0,0,0,0,0,0,0,0,0,6000,0,0,0,6000,0,6000,6000
056718,GIS永豐98購01   ,0,0,0,0,0,0,0,0,0,6000,0,0,0,57000,51000,6000,6000
05694P,台積電凱基96售09,0,0,0,0,0,0,0,0,0,6000,0,0,0,106000,100000,6000,6000
056907,群創元大9C購04  ,0,0,0,0,0,0,0,0,0,6000,0,0,0,432000,426000,6000,6000
055473,禾伸堂凱基97購01,0,0,0,0,0,0,0,0,0,6000,0,0,0,12000,6000,6000,6000
055309,冠德群益97購01  ,0,0,0,0,0,0,0,0,0,6000,0,0,0,18000,12000,6000,6000
055143,臻鼎永豐97購01  ,0,0,0,0,0,0,0,0,0,6000,0,0,0,167000,161000,6000,6000
055188,亞翔統一97購01  ,0,0,0,0,0,0,0,0,0,6000,0,0,0,28000,22000,6000,6000
054844,華邦電兆豐98購01,0,0,0,0,0,0,0,0,0,6000,0,0,0,6000,0,6000,6000
05513P,玉山金台新96售01,0,0,0,0,0,0,0,0,0,6000,0,0,0,6000,0,6000,6000
055095,啟碁群益98購01  ,0,0,0,0,0,0,0,0,0,6000,0,0,0,106000,100000,6000,6000
054697,凌華永豐97購01  ,0,0,0,0,0,0,0,0,0,6000,0,0,0,10000,4000,6000,6000
054779,台塑群益98購01  ,0,0,0,0,0,0,0,0,0,6000,0,0,0,11000,5000,6000,6000
054563,泰碩群益99購01  ,0,0,0,0,0,0,0,0,0,6000,0,0,0,90000,84000,6000,6000
045737,友達群益94購01  ,0,0,0,0,0,0,0,0,0,6000,0,0,0,6000,0,6000,6000
047855,美律國票94購01  ,0,0,0,0,0,0,0,0,0,6000,0,0,0,23000,17000,6000,6000
047612,瑞昱群益93購03  ,0,0,0,0,0,0,0,0,0,6000,0,0,0,21000,15000,6000,6000
047082,元上證永豐93購01,0,0,0,0,0,0,0,0,0,6000,0,0,0,6000,0,6000,6000
046578,聯電元大92購01  ,0,0,0,0,0,0,0,0,0,6000,0,0,0,10000,4000,6000,6000
04671P,華通統一94售01  ,0,0,0,0,0,0,0,0,0,6000,0,0,0,6000,0,6000,6000
045503,群創凱基93購09  ,0,0,0,0,0,0,0,0,0,6000,0,0,0,6000,0,6000,6000
04537P,新光金統一94售01,0,0,0,0,0,0,0,0,0,6000,0,0,0,6000,0,6000,6000
03873P,智伸科群益93售03,0,0,0,0,0,0,0,0,0,6000,0,0,0,6000,0,6000,6000
04267P,康控元富93售04  ,0,0,0,0,0,0,0,0,0,6000,0,0,0,6000,0,6000,6000
04247P,宏達電永豐93售02,0,0,0,0,0,0,0,0,0,6000,0,0,0,6000,0,6000,6000
03180P,台灣50元大01售39,0,0,0,0,0,0,0,0,0,6000,0,0,0,6000,0,6000,6000
03243P,台積電統一02售08,0,0,0,0,0,0,0,0,0,6000,0,0,0,6000,0,6000,6000
04052P,上銀國泰94售01  ,0,0,0,0,0,0,0,0,0,6000,0,0,0,6000,0,6000,6000
00714,群益道瓊美國地產,0,13000,-13000,0,0,0,0,0,0,19000,0,0,0,119000,100000,19000,6000
050842,旺宏國票97購01  ,0,0,0,0,0,0,0,0,0,6000,0,0,0,6000,0,6000,6000
049354,致新永豐94購01  ,0,0,0,0,0,0,0,0,0,6000,0,0,0,6000,0,6000,6000
049048,玉晶光台新94購01,0,0,0,0,0,0,0,0,0,6000,0,0,0,44000,38000,6000,6000
048111,奇力新群益93購06,0,0,0,0,0,0,0,0,0,6000,0,0,0,6000,0,6000,6000
051518,富邦金凱基95購01,0,0,0,0,0,0,0,0,0,6000,0,0,0,6000,0,6000,6000
05141P,華通台新96售01  ,0,0,0,0,0,0,0,0,0,6000,0,0,0,16000,10000,6000,6000
051665,台積電元大96購07,0,0,0,0,0,0,0,0,0,6000,0,0,0,36000,30000,6000,6000
048430,瑞昱國票93購02  ,0,0,0,0,0,0,0,0,0,6000,0,0,0,6000,0,6000,6000
048369,友達統一93購06  ,0,0,0,0,0,0,0,0,0,6000,0,0,0,6000,0,6000,6000
048277,建準永豐93購02  ,0,0,0,0,0,0,0,0,0,6000,0,0,0,6000,0,6000,6000
049164,滬深2X日盛94購01,0,0,0,0,0,0,0,0,0,6000,0,0,0,6000,0,6000,6000
048664,華新科統一94購01,0,0,0,0,0,0,0,0,0,6000,0,0,0,76000,70000,6000,6000
048912,牧德富邦94購01  ,0,0,0,0,0,0,0,0,0,6000,0,0,0,6000,0,6000,6000
049682,友達統一94購03  ,0,0,0,0,0,0,0,0,0,6000,0,0,0,6000,0,6000,6000
05100P,智邦凱基95售02  ,0,0,0,0,0,0,0,0,0,6000,0,0,0,6000,0,6000,6000
051049,亞德客群益95購01,0,0,0,0,0,0,0,0,0,6000,0,0,0,6000,0,6000,6000
052141,百和凱基95購02  ,0,0,0,0,0,0,0,0,0,6000,0,0,0,6000,0,6000,6000
052440,上証2X元大95購02,0,0,0,0,0,0,0,0,0,6000,0,0,0,6000,0,6000,6000
052512,全新凱基96購03  ,0,0,0,0,0,0,0,0,0,6000,0,0,0,6000,0,6000,6000
052305,GIS永豐95購03   ,0,0,0,0,0,0,0,0,0,6000,0,0,0,43000,37000,6000,6000
053064,國巨群益96購04  ,0,0,0,0,0,0,0,0,0,6000,0,0,0,30000,24000,6000,6000
052976,台表科群益96購03,0,0,0,0,0,0,0,0,0,6000,0,0,0,6000,0,6000,6000
052875,樺漢凱基96購02  ,0,0,0,0,0,0,0,0,0,6000,0,0,0,6000,0,6000,6000
052952,矽創國票97購02  ,0,0,0,0,0,0,0,0,0,6000,0,0,0,58000,52000,6000,6000
052928,美律元大98購01  ,0,0,0,0,0,0,0,0,0,6000,0,0,0,13000,7000,6000,6000
052699,友達國票97購01  ,0,0,0,0,0,0,0,0,0,6000,0,0,0,6000,0,6000,6000
052583,友達台新96購02  ,0,0,0,0,0,0,0,0,0,6000,0,0,0,6000,0,6000,6000
052751,臺股指元大96購05,0,0,0,0,0,0,0,0,0,6000,0,0,0,6000,0,6000,6000
05282P,可成元大95售09  ,0,0,0,0,0,0,0,0,0,6000,0,0,0,18000,12000,6000,6000
052822,泰碩永豐97購01  ,0,0,0,0,0,0,0,0,0,6000,0,0,0,6000,0,6000,6000
053660,群創凱基98購08  ,0,0,0,0,0,0,0,0,0,6000,0,0,0,6000,0,6000,6000
053826,光磊麥證97購01  ,0,0,0,45000,39000,6000,0,0,0,6000,0,0,0,45000,39000,6000,6000
053543,臺股指永豐96購02,0,0,0,0,0,0,0,0,0,6000,0,0,0,6000,0,6000,6000
054197,台積電永昌96購07,0,0,0,0,0,0,0,0,0,6000,0,0,0,2984000,2978000,6000,6000
054109,南亞科凱基96購05,0,0,0,0,0,0,0,0,0,6000,0,0,0,6000,0,6000,6000
054326,宏達電台新97購02,0,0,0,0,0,0,0,0,0,6000,0,0,0,6000,0,6000,6000
8480,泰昇-KY         ,8000,2000,6000,0,0,0,0,0,0,0,0,0,0,0,0,0,6000
6641,基士德-KY       ,8000,2000,6000,0,0,0,0,0,0,0,0,0,0,0,0,0,6000
3622,洋華            ,27000,21000,6000,0,0,0,0,0,0,0,0,0,0,0,0,0,6000
4141,龍燈-KY         ,30000,24000,6000,0,0,0,0,0,0,0,0,0,0,0,0,0,6000
4562,穎漢            ,7000,1000,6000,0,0,0,0,0,0,0,0,0,0,0,0,0,6000
05907P,聯發科元富96售05,0,0,0,0,0,0,0,0,0,6000,0,0,0,6000,0,6000,6000
05989P,健策元富96售01  ,0,0,0,0,0,0,0,0,0,6000,0,0,0,6000,0,6000,6000
05727P,新光金日盛96售02,0,0,0,0,0,0,0,0,0,6000,0,0,0,18000,12000,6000,6000
06054P,臺股指中信9A售01,0,0,0,0,0,0,0,0,0,6000,0,0,0,8000,2000,6000,6000
2373,震旦行          ,14000,8000,6000,0,0,0,0,0,0,0,0,0,0,0,0,0,6000
1445,大宇            ,6000,0,6000,0,0,0,0,0,0,0,0,0,0,0,0,0,6000
1435,中福            ,6000,0,6000,0,0,0,0,0,0,0,0,0,0,0,0,0,6000
054597,南亞台新97購01  ,0,0,0,0,0,0,0,0,0,5000,0,0,0,88000,83000,5000,5000
054618,訊芯永豐97購01  ,0,0,0,0,0,0,0,0,0,5000,0,0,0,45000,40000,5000,5000
054785,建準群益98購01  ,0,0,0,0,0,0,0,0,0,5000,0,0,0,16000,11000,5000,5000
054743,聯鈞凱基99購01  ,0,0,0,0,0,0,0,0,0,5000,0,0,0,5000,0,5000,5000
05474P,智邦亞東95售01  ,0,0,0,0,0,0,0,0,0,5000,0,0,0,5000,0,5000,5000
05511P,T50反1台新06售01,0,0,0,0,0,0,0,0,0,5000,0,0,0,5000,0,5000,5000
054872,瀚宇博群益98購01,0,0,0,0,0,0,0,0,0,5000,0,0,0,11000,6000,5000,5000
055409,元黃金富邦01購01,0,0,0,0,0,0,0,0,0,5000,0,0,0,5000,0,5000,5000
055465,和大凱基97購03  ,0,0,0,0,0,0,0,0,0,5000,0,0,0,5000,0,5000,5000
055615,宏達電國票99購02,0,0,0,0,0,0,0,0,0,5000,0,0,0,5000,0,5000,5000
056498,A50正2富邦9B購01,0,0,0,0,0,0,0,0,0,5000,0,0,0,5000,0,5000,5000
056437,台積電凱基98購11,0,0,0,0,0,0,0,0,0,5000,0,0,0,5000,0,5000,5000
05642P,玉晶光兆豐97售02,0,0,0,0,0,0,0,0,0,5000,0,0,0,5000,0,5000,5000
056631,臺股指永豐98購03,0,0,0,0,0,0,0,0,0,5000,0,0,0,5000,0,5000,5000
056580,泰鼎元大9A購01  ,0,0,0,0,0,0,0,0,0,5000,0,0,0,143000,138000,5000,5000
055852,聯鈞元大98購01  ,0,0,0,0,0,0,0,0,0,5000,0,0,0,5000,0,5000,5000
05605P,嘉聯益元大97售02,0,0,0,0,0,0,0,0,0,5000,0,0,0,5000,0,5000,5000
056178,嘉澤元富97購02  ,0,0,0,0,0,0,0,0,0,5000,0,0,0,5000,0,5000,5000
056249,鴻海兆豐97購05  ,0,0,0,0,0,0,0,0,0,5000,0,0,0,5000,0,5000,5000
056354,國巨元大98購10  ,0,0,0,0,0,0,0,0,0,5000,0,0,0,28000,23000,5000,5000
00625K,富邦上証+R      ,0,0,0,0,0,0,0,0,0,5000,0,0,0,55000,50000,5000,5000
006204,永豐臺灣加權    ,0,0,0,0,0,0,0,0,0,5000,0,0,0,5000,0,5000,5000
0054,元大台商50      ,0,0,0,0,0,0,0,0,0,5000,0,0,0,6000,1000,5000,5000
03257P,聯電永豐02售01  ,0,0,0,0,0,0,0,0,0,5000,0,0,0,5000,0,5000,5000
042527,台灣50永豐94購01,0,0,0,0,0,0,0,0,0,5000,0,0,0,5000,0,5000,5000
04253P,聯發科元富93售01,0,0,0,0,0,0,0,0,0,5000,0,0,0,5000,0,5000,5000
042168,台灣50凱基96購01,0,0,0,0,0,0,0,0,0,5000,0,0,0,5000,0,5000,5000
04234P,華通群益94售02  ,0,0,0,0,0,0,0,0,0,5000,0,0,0,10000,5000,5000,5000
044963,台積電中信96購01,0,0,0,0,0,0,0,0,0,5000,0,0,0,45000,40000,5000,5000
045108,康友群益93購02  ,0,0,0,0,0,0,0,0,0,5000,0,0,0,5000,0,5000,5000
039319,華新科國泰92購01,0,0,0,0,0,0,0,0,0,5000,0,0,0,5000,0,5000,5000
03421B,臺股指元大99熊01,0,0,0,0,0,0,0,0,0,5000,0,0,0,20000,15000,5000,5000
03756P,創意永豐93售01  ,0,0,0,0,0,0,0,0,0,5000,0,0,0,5000,0,5000,5000
04379P,大立光元大94售06,0,0,0,0,0,0,0,0,0,5000,0,0,0,5000,0,5000,5000
04436P,聯發科中信96售02,0,0,0,0,0,0,0,0,0,5000,0,0,0,15000,10000,5000,5000
044217,華新科凱基93購03,0,0,0,0,0,0,0,0,0,5000,0,0,0,5000,0,5000,5000
044024,祥碩凱基93購01  ,0,0,0,0,0,0,0,0,0,5000,0,0,0,5000,0,5000,5000
042767,世紀鋼元大92購01,0,0,0,0,0,0,0,0,0,5000,0,0,0,5000,0,5000,5000
045501,國泰金凱基92購01,0,0,0,0,0,0,0,0,0,5000,0,0,0,5000,0,5000,5000
046683,宏達電群益93購02,0,0,0,0,0,0,0,0,0,5000,0,0,0,5000,0,5000,5000
046668,嘉澤元大93購01  ,0,0,0,0,0,0,0,0,0,5000,0,0,0,85000,80000,5000,5000
04769P,高股息元大94售01,0,0,0,0,0,0,0,0,0,5000,0,0,0,6000,1000,5000,5000
047303,寶滬深元大96購01,0,0,0,0,0,0,0,0,0,5000,0,0,0,5000,0,5000,5000
047413,台積電永昌93購05,0,0,0,0,0,0,0,0,0,5000,0,0,0,6000,1000,5000,5000
047429,聯茂亞東93購01  ,0,0,0,0,0,0,0,0,0,5000,0,0,0,5000,0,5000,5000
049484,台積電元大95購02,0,0,0,0,0,0,0,0,0,5000,0,0,0,5000,0,5000,5000
050409,華通永豐94購01  ,0,0,0,0,0,0,0,0,0,5000,0,0,0,5000,0,5000,5000
050437,聯詠凱基94購04  ,0,0,0,0,0,0,0,0,0,5000,0,0,0,15000,10000,5000,5000
050564,臻鼎元富94購08  ,0,0,0,0,0,0,0,0,0,5000,0,0,0,5000,0,5000,5000
047627,華新科國票94購03,0,0,0,0,0,0,0,0,0,5000,0,0,0,5000,0,5000,5000
047591,訊芯永豐93購02  ,0,0,0,0,0,0,0,0,0,5000,0,0,0,16000,11000,5000,5000
047836,國泰金元大93購01,0,0,0,0,0,0,0,0,0,5000,0,0,0,5000,0,5000,5000
047861,臺股指國票93購16,0,0,0,0,0,0,0,0,0,5000,0,0,0,5000,0,5000,5000
045730,鴻海第一92購01  ,0,0,0,0,0,0,0,0,0,5000,0,0,0,5000,0,5000,5000
045875,仁寶元富92購01  ,0,0,0,0,0,0,0,0,0,5000,0,0,0,5000,0,5000,5000
048071,創意元富93購03  ,0,0,0,0,0,0,0,0,0,5000,0,0,0,5000,0,5000,5000
046427,樺漢元大92購02  ,0,0,0,0,0,0,0,0,0,5000,0,0,0,5000,0,5000,5000
051035,百和兆豐95購01  ,0,0,0,0,0,0,0,0,0,5000,0,0,0,5000,0,5000,5000
051079,鴻海富邦96購02  ,0,0,0,0,0,0,0,0,0,5000,0,0,0,5000,0,5000,5000
051164,鴻海元大95購05  ,0,0,0,0,0,0,0,0,0,5000,0,0,0,5000,0,5000,5000
048906,強茂富邦95購01  ,0,0,0,0,0,0,0,0,0,5000,0,0,0,5000,0,5000,5000
048844,訊芯凱基94購02  ,0,0,0,0,0,0,0,0,0,5000,0,0,0,6000,1000,5000,5000
048852,旺宏群益96購02  ,0,0,0,0,0,0,0,0,0,5000,0,0,0,5000,0,5000,5000
049712,為升凱基94購03  ,0,0,0,0,0,0,0,0,0,5000,0,0,0,5000,0,5000,5000
049139,台積電元大94購06,0,0,0,0,0,0,0,0,0,5000,0,0,0,256000,251000,5000,5000
048279,聯鈞永豐93購01  ,0,0,0,0,0,0,0,0,0,5000,0,0,0,5000,0,5000,5000
048390,國巨國票94購02  ,0,0,0,0,0,0,0,0,0,5000,0,0,0,5000,0,5000,5000
051471,國巨凱基97購01  ,0,0,0,0,0,0,0,0,0,5000,0,0,0,5000,0,5000,5000
051483,玉晶光凱基96購02,0,0,0,0,0,0,0,0,0,5000,0,0,0,32000,27000,5000,5000
050238,瑞昱凱基94購05  ,0,0,0,0,0,0,0,0,0,5000,0,0,0,254000,249000,5000,5000
048225,全新凱基93購03  ,0,0,0,0,0,0,0,0,0,5000,0,0,0,6000,1000,5000,5000
048220,鴻海凱基93購35  ,0,0,0,0,0,0,0,0,0,5000,0,0,0,15000,10000,5000,5000
049958,華新科統一94購08,0,0,0,0,0,0,0,0,0,5000,0,0,0,5000,0,5000,5000
051384,康友群益95購01  ,0,0,0,0,0,0,0,0,0,5000,0,0,0,80000,75000,5000,5000
052114,華固中信95購01  ,0,0,0,0,0,0,0,0,0,5000,0,0,0,5000,0,5000,5000
052090,聯發科元大97購03,0,0,0,0,0,0,0,0,0,5000,0,0,0,70000,65000,5000,5000
050311,上銀兆豐95購01  ,0,0,0,0,0,0,0,0,0,5000,0,0,0,5000,0,5000,5000
049016,國巨群益94購02  ,0,0,0,0,0,0,0,0,0,5000,0,0,0,21000,16000,5000,5000
049915,瑞昱元大94購07  ,0,0,0,0,0,0,0,0,0,5000,0,0,0,120000,115000,5000,5000
049398,微星群益94購02  ,0,0,0,0,0,0,0,0,0,5000,0,0,0,21000,16000,5000,5000
049448,光磊統一94購01  ,0,0,0,0,0,0,0,0,0,5000,0,0,0,210000,205000,5000,5000
049803,華新科元大95購07,0,0,0,0,0,0,0,0,0,5000,0,0,0,11000,6000,5000,5000
049831,日月光凱基94購01,0,0,0,0,0,0,0,0,0,5000,0,0,0,5000,0,5000,5000
05084P,嘉聯益永豐95售02,0,0,0,0,0,0,0,0,0,5000,0,0,0,5000,0,5000,5000
050956,鈺齊群益95購01  ,0,0,0,0,0,0,0,0,0,5000,0,0,0,205000,200000,5000,5000
054079,鴻海中信98購02  ,0,0,0,0,0,0,0,0,0,5000,0,0,0,30000,25000,5000,5000
054125,元油反元大96購09,0,0,0,0,0,0,0,0,0,5000,0,0,0,5000,0,5000,5000
053906,宏達電凱基96購02,0,0,0,0,0,0,0,0,0,5000,0,0,0,5000,0,5000,5000
053915,光罩國票96購02  ,0,0,0,0,0,0,0,0,0,5000,0,0,0,15000,10000,5000,5000
053972,華新科元大96購06,0,0,0,0,0,0,0,0,0,5000,0,0,0,5000,0,5000,5000
053488,中石化兆豐97購01,0,0,0,0,0,0,0,0,0,5000,0,0,0,5000,0,5000,5000
053314,A50正2群益9A購01,0,0,0,0,0,0,0,0,0,5000,0,0,0,15000,10000,5000,5000
053218,TPK凱基96購01   ,0,0,0,0,0,0,0,0,0,5000,0,0,0,6000,1000,5000,5000
053552,華新科凱基96購08,0,0,0,0,0,0,0,0,0,5000,0,0,0,19000,14000,5000,5000
05361P,聯發科富邦97售01,0,0,0,0,0,0,0,0,0,5000,0,0,0,5000,0,5000,5000
052786,S&P500中信96購01,0,0,0,0,0,0,0,0,0,5000,0,0,0,5000,0,5000,5000
052734,台表科國泰98購02,0,0,0,0,0,0,0,0,0,5000,0,0,0,6000,1000,5000,5000
052519,旺宏元大95購05  ,0,0,0,0,0,0,0,0,0,5000,0,0,0,14000,9000,5000,5000
052950,超眾國票98購01  ,0,0,0,0,0,0,0,0,0,5000,0,0,0,5000,0,5000,5000
052275,日月光群益95購01,0,0,0,0,0,0,0,0,0,5000,0,0,0,5000,0,5000,5000
052239,泰鼎國票97購01  ,0,0,0,0,0,0,0,0,0,5000,0,0,0,31000,26000,5000,5000
052508,矽力日盛95購02  ,0,0,0,0,0,0,0,0,0,5000,0,0,0,61000,56000,5000,5000
052369,矽力國票96購02  ,0,0,0,0,0,0,0,0,0,5000,0,0,0,32000,27000,5000,5000
05241P,鴻海國泰97售04  ,0,0,0,0,0,0,0,0,0,5000,0,0,0,5000,0,5000,5000
052038,國巨永昌96購01  ,0,0,0,0,0,0,0,0,0,5000,0,0,0,5000,0,5000,5000
052055,緯穎凱基95購03  ,0,0,0,0,0,0,0,0,0,5000,0,0,0,98000,93000,5000,5000
052031,臺股指群益95購04,0,0,0,0,0,0,0,0,0,5000,0,0,0,12000,7000,5000,5000
052035,臺股指群益95購08,0,0,0,0,0,0,0,0,0,5000,0,0,0,22000,17000,5000,5000
051979,群創凱基97購01  ,0,0,0,0,0,0,0,0,0,5000,0,0,0,5000,0,5000,5000
051837,國巨國泰96購04  ,0,0,0,0,0,0,0,0,0,5000,0,0,0,5000,0,5000,5000
1528,恩德            ,8000,3000,5000,0,0,0,0,0,0,0,0,0,0,0,0,0,5000
2402,毅嘉            ,34000,31000,3000,0,0,0,0,0,0,2000,2000,0,2000,0,0,0,5000
2472,立隆電          ,68000,51000,17000,0,0,0,0,0,0,-12000,7000,19000,-12000,0,0,0,5000
2423,固緯            ,10000,5000,5000,0,0,0,0,0,0,0,0,0,0,0,0,0,5000
3004,豐達科          ,15000,10000,5000,0,0,0,0,0,0,0,0,0,0,0,0,0,5000
3015,全漢            ,8000,3000,5000,0,0,0,0,0,0,0,0,0,0,0,0,0,5000
06216P,上銀元富97售03  ,0,0,0,0,0,0,0,0,0,5000,0,0,0,32000,27000,5000,5000
06162P,大立光群益97售02,0,0,0,0,0,0,0,0,0,5000,0,0,0,5000,0,5000,5000
06314P,GIS元富97售02   ,0,0,0,0,0,0,0,0,0,5000,0,0,0,5000,0,5000,5000
06260P,臺股指群益97售13,0,0,0,0,0,0,0,0,0,5000,0,0,0,10000,5000,5000,5000
06406P,可成元富97售04  ,0,0,0,0,0,0,0,0,0,5000,0,0,0,25000,20000,5000,5000
06375P,矽力元大97售06  ,0,0,0,0,0,0,0,0,0,5000,0,0,0,104000,99000,5000,5000
05779P,台積電統一96售06,0,0,0,0,0,0,0,0,0,5000,0,0,0,5000,0,5000,5000
05787P,臺股指永昌96售04,0,0,0,0,0,0,0,0,0,5000,230000,0,230000,295000,520000,-225000,5000
05849P,臺股指元大96售25,0,0,0,0,0,0,0,0,0,5000,0,0,0,130000,125000,5000,5000
06030P,友達兆豐96售02  ,0,0,0,0,0,0,0,0,0,5000,0,0,0,26000,21000,5000,5000
06014P,聯發科富邦97售02,0,0,0,0,0,0,0,0,0,5000,0,0,0,26000,21000,5000,5000
4572,駐龍            ,5000,0,5000,0,0,0,0,0,0,0,0,0,0,0,0,0,5000
4148,全宇生技-KY     ,5000,0,5000,0,0,0,0,0,0,0,0,0,0,0,0,0,5000
3057,喬鼎            ,9000,4000,5000,0,0,0,0,0,0,0,0,0,0,0,0,0,5000
4919,新唐            ,72000,62000,10000,0,0,0,0,0,0,-5000,1000,11000,-10000,10000,5000,5000,5000
4943,康控-KY         ,364000,357000,7000,0,0,0,0,0,0,-2000,0,0,0,33000,35000,-2000,5000
6189,豐藝            ,13000,8000,5000,0,0,0,0,0,0,0,0,0,0,0,0,0,5000
8105,凌巨            ,117000,115000,2000,0,0,0,0,0,0,3000,3000,0,3000,0,0,0,5000
1709,和益            ,49150,45000,4150,0,0,0,0,0,0,0,0,0,0,0,0,0,4150
05629P,聯發科永昌99售02,0,0,0,0,0,0,0,0,0,4000,0,0,0,54000,50000,4000,4000
055941,百和群益98購02  ,0,0,0,0,0,0,0,0,0,4000,0,0,0,23000,19000,4000,4000
056460,同欣電凱基99購01,0,0,0,0,0,0,0,0,0,4000,0,0,0,39000,35000,4000,4000
056484,聯茂元大98購02  ,0,0,0,0,0,0,0,0,0,4000,0,0,0,97000,93000,4000,4000
056902,大立光元大98購12,0,0,0,0,0,0,0,0,0,4000,0,0,0,10000,6000,4000,4000
056877,群創凱基99購04  ,0,0,0,0,0,0,0,0,0,4000,0,0,0,4000,0,4000,4000
055681,奇鋐凱基98購03  ,0,0,0,0,0,0,0,0,0,4000,0,0,0,54000,50000,4000,4000
055345,國巨凱基98購01  ,0,0,0,0,0,0,0,0,0,4000,0,0,0,4000,0,4000,4000
055156,華新科元大99購02,0,0,0,0,0,0,0,0,0,4000,0,0,0,46000,42000,4000,4000
055264,國巨永豐98購01  ,0,0,0,0,0,0,0,0,0,4000,0,0,0,14000,10000,4000,4000
054602,聯詠台新97購01  ,0,0,0,0,0,0,0,0,0,4000,0,0,0,4000,0,4000,4000
054550,旺宏凱基98購02  ,0,0,0,0,0,0,0,0,0,4000,0,0,0,4000,0,4000,4000
046324,健策元大92購05  ,0,0,0,0,0,0,0,0,0,4000,0,0,0,19000,15000,4000,4000
046078,致伸凱基92購04  ,0,0,0,0,0,0,0,0,0,4000,0,0,0,4000,0,4000,4000
045786,台勝科元大92購02,0,0,0,0,0,0,0,0,0,4000,0,0,0,4000,0,4000,4000
046872,全新元富93購02  ,0,0,0,0,0,0,0,0,0,4000,0,0,0,22000,18000,4000,4000
04693P,超眾群益95售01  ,0,0,0,0,0,0,0,0,0,4000,0,0,0,20000,16000,4000,4000
047374,麗豐國票93購01  ,0,0,0,0,0,0,0,0,0,4000,0,0,0,4000,0,4000,4000
047404,香港2X統一94購01,0,0,0,0,0,0,0,0,0,4000,0,0,0,4000,0,4000,4000
047397,啟碁元大93購05  ,0,0,0,0,0,0,0,0,0,4000,0,0,0,4000,0,4000,4000
047714,禾伸堂凱基93購03,0,0,0,0,0,0,0,0,0,4000,0,0,0,21000,17000,4000,4000
046770,聯發科國泰94購01,0,0,0,0,0,0,0,0,0,4000,0,0,0,232000,228000,4000,4000
04399P,樺漢群益94售01  ,0,0,0,0,0,0,0,0,0,4000,0,0,0,10000,6000,4000,4000
04350P,欣興國票94售01  ,0,0,0,0,0,0,0,0,0,4000,0,0,0,4000,0,4000,4000
044773,創意元大93購02  ,0,0,0,0,0,0,0,0,0,4000,0,0,0,4000,0,4000,4000
03921P,亞光凱基94售01  ,0,0,0,0,0,0,0,0,0,4000,0,0,0,4000,0,4000,4000
04489P,大立光凱基94售03,0,0,0,0,0,0,0,0,0,4000,0,0,0,4000,0,4000,4000
044855,南電國泰93購01  ,0,0,0,0,0,0,0,0,0,4000,0,0,0,4000,0,4000,4000
04187P,麗豐元富93售02  ,0,0,0,0,0,0,0,0,0,4000,0,0,0,10000,6000,4000,4000
04008P,京元電國票93售01,0,0,0,0,0,0,0,0,0,4000,0,0,0,4000,0,4000,4000
00647L,元大S&P500正2   ,0,0,0,0,0,0,0,0,0,4000,0,0,0,5000,1000,4000,4000
00683L,元大美元指數正2 ,0,0,0,0,0,0,0,0,0,4000,0,0,0,44000,40000,4000,4000
03956P,欣興統一93售02  ,0,0,0,0,0,0,0,0,0,4000,0,0,0,10000,6000,4000,4000
051378,奇力新群益95購01,0,0,0,0,0,0,0,0,0,4000,0,0,0,34000,30000,4000,4000
051540,力成國票95購01  ,0,0,0,0,0,0,0,0,0,4000,0,0,0,4000,0,4000,4000
051394,奇鋐兆豐95購01  ,0,0,0,0,0,0,0,0,0,4000,0,0,0,4000,0,4000,4000
05131P,聯詠統一97售01  ,0,0,0,0,0,0,0,0,0,4000,0,0,0,14000,10000,4000,4000
048257,台積電統一93購07,0,0,0,0,0,0,0,0,0,4000,0,0,0,4000,0,4000,4000
048771,嘉澤凱基94購01  ,0,0,0,0,0,0,0,0,0,4000,0,0,0,14000,10000,4000,4000
049590,華新科元大94購01,0,0,0,0,0,0,0,0,0,4000,0,0,0,17000,13000,4000,4000
049607,台積電兆豐94購04,0,0,0,0,0,0,0,0,0,4000,0,0,0,52000,48000,4000,4000
051258,鈺齊國泰97購01  ,0,0,0,0,0,0,0,0,0,4000,0,0,0,25000,21000,4000,4000
051029,緯創元富95購01  ,0,0,0,0,0,0,0,0,0,4000,0,0,0,4000,0,4000,4000
050673,旺宏富邦96購02  ,0,0,0,0,0,0,0,0,0,4000,0,0,0,22000,18000,4000,4000
051899,欣興國泰97購01  ,0,0,0,0,0,0,0,0,0,4000,0,0,0,4000,0,4000,4000
052328,台表科中信99購01,0,0,0,0,0,0,0,0,0,4000,0,0,0,24000,20000,4000,4000
052892,大成鋼群益96購01,0,0,0,0,0,0,0,0,0,4000,0,0,0,30000,26000,4000,4000
053109,聯發科兆豐96購01,0,0,0,0,0,0,0,0,0,4000,0,0,0,4000,0,4000,4000
053168,晶技群益98購01  ,0,0,0,0,0,0,0,0,0,4000,0,0,0,4000,0,4000,4000
05257P,欣興凱基95售04  ,0,0,0,0,0,0,0,0,0,4000,0,0,0,14000,10000,4000,4000
052670,茂林群益96購02  ,0,0,0,0,0,0,0,0,0,4000,0,0,0,4000,0,4000,4000
053730,樺漢凱基98購01  ,0,0,0,0,0,0,0,0,0,4000,0,0,0,23000,19000,4000,4000
053442,光罩凱基96購01  ,0,0,0,0,0,0,0,0,0,4000,0,0,0,5000,1000,4000,4000
053989,奇力新兆豐97購01,0,0,0,0,0,0,0,0,0,4000,0,0,0,67000,63000,4000,4000
054157,國巨亞東96購01  ,0,0,0,0,0,0,0,0,0,4000,0,0,0,4000,0,4000,4000
054496,為升永豐96購01  ,0,0,0,0,0,0,0,0,0,4000,0,0,0,4000,0,4000,4000
06157P,聯鈞統一97售02  ,0,0,0,0,0,0,0,0,0,4000,0,0,0,4000,0,4000,4000
06160P,台達電群益97售01,0,0,0,0,0,0,0,0,0,4000,0,0,0,92000,88000,4000,4000
6582,申豐            ,7000,3000,4000,0,0,0,0,0,0,0,0,0,0,0,0,0,4000
6573,虹揚-KY         ,5000,1000,4000,0,0,0,0,0,0,0,0,0,0,0,0,0,4000
9944,新麗            ,3000,0,3000,0,0,0,0,0,0,1000,4000,3000,1000,0,0,0,4000
3060,銘異            ,8000,3000,5000,0,0,0,0,0,0,-1000,0,1000,-1000,0,0,0,4000
3416,融程電          ,5000,1000,4000,0,0,0,0,0,0,0,0,0,0,0,0,0,4000
4576,大銀微系統      ,6000,2000,4000,0,0,0,0,0,0,0,0,0,0,0,0,0,4000
4545,銘鈺            ,4000,0,4000,0,0,0,0,0,0,0,0,0,0,0,0,0,4000
054885,建準統一98購01  ,0,0,0,0,0,0,0,0,0,3000,0,0,0,3000,0,3000,3000
055224,鴻海國票99購02  ,0,0,0,0,0,0,0,0,0,3000,0,0,0,3000,0,3000,3000
055327,致新國票98購01  ,0,0,0,0,0,0,0,0,0,3000,0,0,0,77000,74000,3000,3000
055602,康控元大97購03  ,0,0,0,0,0,0,0,0,0,3000,0,0,0,286000,283000,3000,3000
055582,亞德客元大97購01,0,0,0,0,0,0,0,0,0,3000,0,0,0,298000,295000,3000,3000
055509,訊芯元大97購03  ,0,0,0,0,0,0,0,0,0,3000,0,0,0,209000,206000,3000,3000
056967,奇鋐永豐98購01  ,0,0,0,0,0,0,0,0,0,3000,0,0,0,3000,0,3000,3000
056457,嘉澤凱基98購01  ,0,0,0,0,0,0,0,0,0,3000,0,0,0,34000,31000,3000,3000
056530,旺宏凱基98購06  ,0,0,0,0,0,0,0,0,0,3000,0,0,0,4000,1000,3000,3000
056151,建準凱基97購01  ,0,0,0,0,0,0,0,0,0,3000,0,0,0,3000,0,3000,3000
03001P,玉晶光群益02售17,0,0,0,0,0,0,0,0,0,3000,0,0,0,3000,0,3000,3000
00700,富邦恒生國企    ,0,0,0,0,0,0,0,0,0,3000,0,0,0,103000,100000,3000,3000
00685L,群益臺灣加權正2 ,0,0,0,0,0,0,0,0,0,3000,0,0,0,16000,13000,3000,3000
03050X,元展47          ,0,0,0,0,0,0,0,0,0,3000,0,0,0,5000,2000,3000,3000
044908,玉晶光凱基93購01,0,0,0,0,0,0,0,0,0,3000,0,0,0,46000,43000,3000,3000
044777,超眾元大93購01  ,0,0,0,0,0,0,0,0,0,3000,0,0,0,3000,0,3000,3000
03904P,啟碁統一93售01  ,0,0,0,0,0,0,0,0,0,3000,0,0,0,10000,7000,3000,3000
043513,台灣50元大96購05,0,0,0,0,0,0,0,0,0,3000,0,0,0,13000,10000,3000,3000
043660,華新科元大93購01,0,0,0,0,0,0,0,0,0,3000,0,0,0,7000,4000,3000,3000
043895,鴻海群益92購01  ,0,0,0,0,0,0,0,0,0,3000,0,0,0,3000,0,3000,3000
044289,群創凱基93購04  ,0,0,0,0,0,0,0,0,0,3000,0,0,0,10000,7000,3000,3000
044475,國巨元富95購02  ,0,0,0,0,0,0,0,0,0,3000,0,0,0,3000,0,3000,3000
047408,嘉晶統一95購01  ,0,0,0,0,0,0,0,0,0,3000,0,0,0,3000,0,3000,3000
047306,儒鴻元大93購03  ,0,0,0,0,0,0,0,0,0,3000,0,0,0,3000,0,3000,3000
046588,大立光元大93購13,0,0,0,0,0,0,0,0,0,3000,0,0,0,3000,0,3000,3000
050616,潤泰全元大94購01,0,0,0,0,0,0,0,0,0,3000,0,0,0,3000,0,3000,3000
049534,華擎永豐94購02  ,0,0,0,0,0,0,0,0,0,3000,0,0,0,3000,0,3000,3000
04951P,緯創中信94售01  ,0,0,0,0,0,0,0,0,0,3000,0,0,0,3000,0,3000,3000
045752,全新國泰93購01  ,0,0,0,0,0,0,0,0,0,3000,0,0,0,66000,63000,3000,3000
047592,長華永豐93購01  ,0,0,0,0,0,0,0,0,0,3000,0,0,0,3000,0,3000,3000
046072,台勝科凱基92購03,0,0,0,0,0,0,0,0,0,3000,0,0,0,3000,0,3000,3000
047026,大毅元大93購02  ,0,0,0,0,0,0,0,0,0,3000,0,0,0,3000,0,3000,3000
050686,欣興兆豐96購01  ,0,0,0,0,0,0,0,0,0,3000,0,0,0,3000,0,3000,3000
051051,鴻海群益95購04  ,0,0,0,0,0,0,0,0,0,3000,0,0,0,3000,0,3000,3000
05086P,鴻海凱基95售13  ,0,0,0,0,0,0,0,0,0,3000,0,0,0,10000,7000,3000,3000
05119P,聯發科國泰96售02,0,0,0,0,0,0,0,0,0,3000,0,0,0,8000,5000,3000,3000
051233,力成群益97購01  ,0,0,0,0,0,0,0,0,0,3000,0,0,0,19000,16000,3000,3000
049670,鈺齊國泰96購01  ,0,0,0,0,0,0,0,0,0,3000,0,0,0,3000,0,3000,3000
048875,晶相光國票94購01,0,0,0,0,0,0,0,0,0,3000,0,0,0,23000,20000,3000,3000
049568,台積電統一94購08,0,0,0,0,0,0,0,0,0,3000,0,0,0,3000,0,3000,3000
048795,復盛元大94購01  ,0,0,0,0,0,0,0,0,0,3000,0,0,0,6000,3000,3000,3000
048271,可成富邦95購02  ,0,0,0,0,0,0,0,0,0,3000,0,0,0,3000,0,3000,3000
048417,國巨統一94購01  ,0,0,0,0,0,0,0,0,0,3000,0,0,0,3000,0,3000,3000
048332,台積電富邦94購02,0,0,0,0,0,0,0,0,0,3000,0,0,0,3000,0,3000,3000
048453,嘉澤凱基93購05  ,0,0,0,0,0,0,0,0,0,3000,0,0,0,22000,19000,3000,3000
049188,可成台新94購01  ,0,0,0,0,0,0,0,0,0,3000,0,0,0,3000,0,3000,3000
049220,聯發科國票95購02,0,0,0,0,0,0,0,0,0,3000,0,0,0,38000,35000,3000,3000
048950,達方永豐94購01  ,0,0,0,0,0,0,0,0,0,3000,0,0,0,3000,0,3000,3000
048978,晶相光元大94購02,0,0,0,0,0,0,0,0,0,3000,0,0,0,104000,101000,3000,3000
051399,玉晶光台新96購01,0,0,0,0,0,0,0,0,0,3000,0,0,0,14000,11000,3000,3000
052063,臺股指國票95購10,0,0,0,0,0,0,0,0,0,3000,0,0,0,3000,0,3000,3000
049989,臻鼎凱基94購02  ,0,0,0,0,0,0,0,0,0,3000,0,0,0,3000,0,3000,3000
050233,香港2X凱基96購01,0,0,0,0,0,0,0,0,0,3000,0,0,0,15000,12000,3000,3000
050952,健策群益96購01  ,0,0,0,0,0,0,0,0,0,3000,0,0,0,21000,18000,3000,3000
050760,矽力元富94購03  ,0,0,0,0,0,0,0,0,0,3000,0,0,0,3000,0,3000,3000
049369,義隆元大95購01  ,0,0,0,0,0,0,0,0,0,3000,0,0,0,3000,0,3000,3000
049026,晶相光群益94購01,0,0,0,0,0,0,0,0,0,3000,0,0,0,3000,0,3000,3000
048086,鴻海凱基93購33  ,0,0,0,0,0,0,0,0,0,3000,0,0,0,23000,20000,3000,3000
054287,台積電元大97購11,0,0,0,0,0,0,0,0,0,3000,0,0,0,154000,151000,3000,3000
053386,聯詠元大96購03  ,0,0,0,0,0,0,0,0,0,3000,0,0,0,70000,67000,3000,3000
053596,嘉澤元大96購01  ,0,0,0,0,0,0,0,0,0,3000,0,0,0,22000,19000,3000,3000
053666,臺股指凱基96購29,0,0,0,0,0,0,0,0,0,3000,0,0,0,237000,234000,3000,3000
052531,台積電國泰96購06,0,0,0,0,0,0,0,0,0,3000,0,0,0,3000,0,3000,3000
052731,宏達電國泰98購01,0,0,0,0,0,0,0,0,0,3000,0,0,0,20000,17000,3000,3000
053116,華新科中信96購01,0,0,0,0,0,0,0,0,0,3000,0,0,0,25000,22000,3000,3000
051812,臻鼎凱基95購03  ,0,0,0,0,0,0,0,0,0,3000,0,0,0,5000,2000,3000,3000
051956,滬深2X台新96購01,0,0,0,0,0,0,0,0,0,3000,0,0,0,3000,0,3000,3000
4106,雃博            ,5000,2000,3000,0,0,0,0,0,0,0,0,0,0,0,0,0,3000
3704,合勤控          ,212000,212000,0,0,0,0,0,0,0,3000,4000,1000,3000,0,0,0,3000
3257,虹冠電          ,5000,2000,3000,0,0,0,0,0,0,0,0,0,0,0,0,0,3000
6409,旭隼            ,8000,5000,3000,0,0,0,0,0,0,0,0,0,0,0,0,0,3000
4912,聯德控股-KY     ,4000,1000,3000,0,0,0,0,0,0,0,0,0,0,0,0,0,3000
4764,雙鍵            ,5000,2000,3000,0,0,0,0,0,0,0,0,0,0,0,0,0,3000
6579,研揚            ,3000,0,3000,0,0,0,0,0,0,0,0,0,0,0,0,0,3000
6525,捷敏-KY         ,16000,13000,3000,0,0,0,0,0,0,0,0,0,0,0,0,0,3000
06148P,台積電元大97售17,0,0,0,0,0,0,0,0,0,3000,0,0,0,55000,52000,3000,3000
06045P,臺股指永豐96售03,0,0,0,0,0,0,0,0,0,3000,0,0,0,3000,0,3000,3000
05994P,奇鋐元大96售02  ,0,0,0,0,0,0,0,0,0,3000,0,0,0,3000,0,3000,3000
05902P,華通國票96售02  ,0,0,0,0,0,0,0,0,0,3000,0,0,0,13000,10000,3000,3000
05903P,聯發科統一96售09,0,0,0,0,0,0,0,0,0,3000,0,0,0,20000,17000,3000,3000
1615,大山            ,8000,5000,3000,0,0,0,0,0,0,0,0,0,0,0,0,0,3000
1773,勝一            ,7000,4000,3000,0,0,0,0,0,0,0,0,0,0,0,0,0,3000
1521,大億            ,3000,0,3000,0,0,0,0,0,0,0,0,0,0,0,0,0,3000
2415,錩新            ,5000,0,5000,0,0,0,0,0,0,-2000,0,2000,-2000,0,0,0,3000
2380,虹光            ,3000,0,3000,0,0,0,0,0,0,0,0,0,0,0,0,0,3000
2038,海光            ,5000,2000,3000,0,0,0,0,0,0,0,0,0,0,0,0,0,3000
056187,京鼎統一97購01  ,0,0,0,0,0,0,0,0,0,2000,0,0,0,2000,0,2000,2000
056341,宏達電凱基9A購01,0,0,0,0,0,0,0,0,0,2000,0,0,0,2000,0,2000,2000
056365,欣興元大98購01  ,0,0,0,0,0,0,0,0,0,2000,0,0,0,50000,48000,2000,2000
056226,聯發科凱基97購10,0,0,0,0,0,0,0,0,0,2000,0,0,0,70000,68000,2000,2000
055991,鈺齊元富97購01  ,0,0,0,0,0,0,0,0,0,2000,0,0,0,2000,0,2000,2000
055822,臺股指國票97購09,0,0,0,0,0,0,0,0,0,2000,0,0,0,2000,0,2000,2000
055864,臺股指元大97購01,0,0,0,0,0,0,0,0,0,2000,0,0,0,2000,0,2000,2000
056451,可成凱基99購01  ,0,0,0,0,0,0,0,0,0,2000,0,0,0,22000,20000,2000,2000
056781,元油2X群益9B購02,0,0,0,0,0,0,0,0,0,2000,0,0,0,2000,0,2000,2000
05553P,智原群益96售01  ,0,0,0,0,0,0,0,0,0,2000,0,0,0,2000,0,2000,2000
055351,聯發科凱基97購03,0,0,0,0,0,0,0,0,0,2000,0,0,0,23000,21000,2000,2000
05525P,奇力新群益96售02,0,0,0,0,0,0,0,0,0,2000,0,0,0,12000,10000,2000,2000
055064,碩天永豐97購01  ,0,0,0,0,0,0,0,0,0,2000,0,0,0,2000,0,2000,2000
054780,中石化群益99購01,0,0,0,0,0,0,0,0,0,2000,0,0,0,32000,30000,2000,2000
054765,亞光國票98購02  ,0,0,0,0,0,0,0,0,0,2000,0,0,0,2000,0,2000,2000
054805,台苯元大9A購01  ,0,0,0,0,0,0,0,0,0,2000,0,0,0,25000,23000,2000,2000
046021,台泥元大92購01  ,0,0,0,0,0,0,0,0,0,2000,0,0,0,12000,10000,2000,2000
046113,旺宏元大93購04  ,0,0,0,0,0,0,0,0,0,2000,0,0,0,2000,0,2000,2000
046115,京元電元大92購04,0,0,0,0,0,0,0,0,0,2000,0,0,0,2000,0,2000,2000
046200,上海銀凱基93購01,0,0,0,0,0,0,0,0,0,2000,0,0,0,2000,0,2000,2000
046444,矽力日盛92購01  ,0,0,0,0,0,0,0,0,0,2000,0,0,0,2000,0,2000,2000
047632,儒鴻元大93購08  ,0,0,0,0,0,0,0,0,0,2000,0,0,0,2000,0,2000,2000
047604,智原國泰95購01  ,0,0,0,0,0,0,0,0,0,2000,0,0,0,2000,0,2000,2000
047959,南電永豐93購03  ,0,0,0,0,0,0,0,0,0,2000,0,0,0,2000,0,2000,2000
047639,聯發科元大93購16,0,0,0,0,0,0,0,0,0,2000,0,0,0,2000,0,2000,2000
048000,義隆元大93購03  ,0,0,0,0,0,0,0,0,0,2000,0,0,0,62000,60000,2000,2000
048001,中工元大96購01  ,0,0,0,0,0,0,0,0,0,2000,0,0,0,16000,14000,2000,2000
047809,瑞昱凱基93購08  ,0,0,0,0,0,0,0,0,0,2000,0,0,0,78000,76000,2000,2000
04557P,茂林群益94售03  ,0,0,0,0,0,0,0,0,0,2000,0,0,0,2000,0,2000,2000
046856,健鼎元大93購01  ,0,0,0,0,0,0,0,0,0,2000,0,0,0,2000,0,2000,2000
048050,元油反中信93購01,0,0,0,0,0,0,0,0,0,2000,0,0,0,2000,0,2000,2000
048762,寶齡凱基94購01  ,0,0,0,0,0,0,0,0,0,2000,0,0,0,2000,0,2000,2000
049477,泰鼎永豐94購01  ,0,0,0,0,0,0,0,0,0,2000,0,0,0,22000,20000,2000,2000
049504,臺股指元大94購15,0,0,0,0,0,0,0,0,0,2000,0,0,0,2000,0,2000,2000
050404,元大金麥證94購01,0,0,0,13000,11000,2000,0,0,0,2000,0,0,0,13000,11000,2000,2000
050444,卜蜂元大94購03  ,0,0,0,0,0,0,0,0,0,2000,0,0,0,22000,20000,2000,2000
047275,宏達電永豐93購01,0,0,0,0,0,0,0,0,0,2000,0,0,0,2000,0,2000,2000
047400,欣興永豐93購03  ,0,0,0,0,0,0,0,0,0,2000,0,0,0,2000,0,2000,2000
047435,台積電元大94購01,0,0,0,0,0,0,0,0,0,2000,0,0,0,2000,0,2000,2000
047451,世紀鋼元大93購04,0,0,0,0,0,0,0,0,0,2000,0,0,0,2000,0,2000,2000
044466,和大群益93購01  ,0,0,0,0,0,0,0,0,0,2000,0,0,0,2000,0,2000,2000
046677,矽創元大93購03  ,0,0,0,0,0,0,0,0,0,2000,0,0,0,2000,0,2000,2000
044711,台郡元大93購01  ,0,0,0,0,0,0,0,0,0,2000,0,0,0,3000,1000,2000,2000
046786,欣興永豐93購02  ,0,0,0,0,0,0,0,0,0,2000,0,0,0,2000,0,2000,2000
046802,聯電元大93購01  ,0,0,0,0,0,0,0,0,0,2000,0,0,0,10000,8000,2000,2000
044298,南電凱基93購01  ,0,0,0,0,0,0,0,0,0,2000,0,0,0,2000,0,2000,2000
043580,大立光元富94購01,0,0,0,0,0,0,0,0,0,2000,0,0,0,2000,0,2000,2000
03498P,矽創凱基02售02  ,0,0,0,0,0,0,0,0,0,2000,0,0,0,2000,0,2000,2000
04510P,臺股指元大94售05,0,0,0,0,0,0,0,0,0,2000,0,0,0,2000,0,2000,2000
03029X,元展26          ,0,0,0,0,0,0,0,0,0,2000,0,0,0,2000,0,2000,2000
03275P,台積電台新02售02,0,0,0,0,0,0,0,0,0,2000,0,0,0,2000,0,2000,2000
04014P,聯發科元大93售18,0,0,0,0,0,0,0,0,0,2000,0,0,0,602000,600000,2000,2000
00652,富邦印度        ,4000,0,4000,0,0,0,0,0,0,-2000,0,0,0,0,2000,-2000,2000
00709,富邦歐洲        ,0,0,0,0,0,0,0,0,0,2000,0,0,0,102000,100000,2000,2000
00851,台新全球AI      ,0,0,0,0,0,0,0,0,0,2000,0,0,0,13000,11000,2000,2000
03959P,義隆元富96售01  ,0,0,0,0,0,0,0,0,0,2000,0,0,0,12000,10000,2000,2000
049083,大立光凱基94購02,0,0,0,0,0,0,0,0,0,2000,0,0,0,2000,0,2000,2000
048184,達運群益93購01  ,0,0,0,0,0,0,0,0,0,2000,0,0,0,2000,0,2000,2000
049930,上海銀元大94購02,0,0,0,0,0,0,0,0,0,2000,0,0,0,21000,19000,2000,2000
050939,健鼎國票96購01  ,0,0,0,0,0,0,0,0,0,2000,0,0,0,5000,3000,2000,2000
050023,國巨元大94購12  ,0,0,0,0,0,0,0,0,0,2000,0,0,0,38000,36000,2000,2000
050205,牧德群益94購02  ,0,0,0,0,0,0,0,0,0,2000,0,0,0,40000,38000,2000,2000
051358,台新金元大95購01,0,0,0,0,0,0,0,0,0,2000,0,0,0,2000,0,2000,2000
051361,泰鼎元大95購01  ,0,0,0,0,0,0,0,0,0,2000,0,0,0,12000,10000,2000,2000
051607,緯創群益96購02  ,0,0,0,0,0,0,0,0,0,2000,0,0,0,2000,0,2000,2000
048934,日電貿永豐94購01,0,0,0,0,0,0,0,0,0,2000,0,0,0,2000,0,2000,2000
048663,聯發科統一96購01,0,0,0,0,0,0,0,0,0,2000,0,0,0,2000,0,2000,2000
048988,聯茂元大94購02  ,0,0,0,0,0,0,0,0,0,2000,0,0,0,2000,0,2000,2000
049211,昇陽半群益94購03,0,0,0,0,0,0,0,0,0,2000,0,0,0,2000,0,2000,2000
049273,臺股指元大94購08,0,0,0,0,0,0,0,0,0,2000,0,0,0,3000,1000,2000,2000
04977P,力成凱基96售01  ,0,0,0,0,0,0,0,0,0,2000,0,0,0,2000,0,2000,2000
050887,台積電富邦95購05,0,0,0,0,0,0,0,0,0,2000,0,0,0,2000,0,2000,2000
048589,國巨兆豐96購01  ,0,0,0,0,0,0,0,0,0,2000,0,0,0,2000,0,2000,2000
051339,智易永豐95購02  ,0,0,0,0,0,0,0,0,0,2000,0,0,0,29000,27000,2000,2000
051286,國巨統一97購01  ,0,0,0,0,0,0,0,0,0,2000,0,0,0,4000,2000,2000,2000
049600,緯穎元大95購02  ,0,0,0,0,0,0,0,0,0,2000,0,0,0,3000,1000,2000,2000
051251,信邦元大95購01  ,0,0,0,0,0,0,0,0,0,2000,0,0,0,82000,80000,2000,2000
051192,緯創兆豐96購01  ,0,0,0,0,0,0,0,0,0,2000,0,0,0,50000,48000,2000,2000
05115P,T50反1群益95售02,0,0,0,0,0,0,0,0,0,2000,0,0,0,2000,0,2000,2000
051138,訊連永豐95購01  ,0,0,0,0,0,0,0,0,0,2000,0,0,0,2000,0,2000,2000
051030,康友元富95購01  ,0,0,0,0,0,0,0,0,0,2000,0,0,0,11000,9000,2000,2000
051033,台積電兆豐95購03,0,0,0,0,0,0,0,0,0,2000,0,0,0,12000,10000,2000,2000
052356,聯詠永豐95購03  ,0,0,0,0,0,0,0,0,0,2000,0,0,0,2000,0,2000,2000
052453,崇越元大95購01  ,0,0,0,0,0,0,0,0,0,2000,0,0,0,15000,13000,2000,2000
053000,臺股指康和96購02,0,0,0,0,0,0,0,0,0,2000,0,0,0,2000,0,2000,2000
052754,上証2X群益9A購01,0,0,0,0,0,0,0,0,0,2000,0,0,0,2000,0,2000,2000
052791,友達兆豐97購01  ,0,0,0,0,0,0,0,0,0,2000,0,0,0,2000,0,2000,2000
053710,華通凱基96購05  ,0,0,0,0,0,0,0,0,0,2000,0,0,0,3000,1000,2000,2000
053811,國巨群益98購02  ,0,0,0,0,0,0,0,0,0,2000,0,0,0,2000,0,2000,2000
053300,大成鋼凱基96購02,0,0,0,0,0,0,0,0,0,2000,0,0,0,2000,0,2000,2000
053412,台達電國票97購02,0,0,0,0,0,0,0,0,0,2000,0,0,0,6000,4000,2000,2000
053480,祥碩元大96購02  ,0,0,0,0,0,0,0,0,0,2000,0,0,0,12000,10000,2000,2000
053500,新日興兆豐97購01,0,0,0,0,0,0,0,0,0,2000,0,0,0,2000,0,2000,2000
054210,台光電國票97購03,0,0,0,0,0,0,0,0,0,2000,0,0,0,18000,16000,2000,2000
054384,瀚宇博群益96購02,0,0,0,0,0,0,0,0,0,2000,0,0,0,11000,9000,2000,2000
054367,鴻海中信98購03  ,0,0,0,0,0,0,0,0,0,2000,0,0,0,2000,0,2000,2000
053922,亞光國票96購01  ,0,0,0,0,0,0,0,0,0,2000,0,0,0,5000,3000,2000,2000
2305,全友            ,2000,0,2000,0,0,0,0,0,0,0,0,0,0,0,0,0,2000
2233,宇隆            ,9000,11000,-2000,0,0,0,0,0,0,4000,9000,5000,4000,0,0,0,2000
2328,廣宇            ,169000,164000,5000,0,0,0,0,0,0,-3000,1000,4000,-3000,0,0,0,2000
2936,客思達-KY       ,2000,0,2000,0,0,0,0,0,0,0,0,0,0,0,0,0,2000
2852,第一保          ,2000,0,2000,0,0,0,0,0,0,0,0,0,0,0,0,0,2000
2540,愛山林          ,2000,0,2000,0,0,0,0,0,0,0,0,0,0,0,0,0,2000
2506,太設            ,2000,0,2000,0,0,0,0,0,0,0,0,0,0,0,0,0,2000
2488,漢平            ,15000,14000,1000,0,0,0,0,0,0,1000,1000,0,1000,0,0,0,2000
2611,志信            ,4000,2000,2000,0,0,0,0,0,0,0,0,0,0,0,0,0,2000
1525,江申            ,3000,0,3000,0,0,0,0,1000,-1000,0,0,0,0,0,0,0,2000
1568,倉佑            ,5000,3000,2000,0,0,0,0,0,0,0,0,0,0,0,0,0,2000
1467,南緯            ,1000,0,1000,0,0,0,0,0,0,1000,1000,0,1000,0,0,0,2000
1614,三洋電          ,6000,4000,2000,0,0,0,0,0,0,0,0,0,0,0,0,0,2000
1323,永裕            ,3000,1000,2000,0,0,0,0,0,0,0,0,0,0,0,0,0,2000
05954P,旺宏國票97售03  ,0,0,0,0,0,0,0,0,0,2000,0,0,0,2000,0,2000,2000
05785P,臺股指元大96售19,0,0,0,0,0,0,0,0,0,2000,0,0,0,2000,0,2000,2000
06159P,牧德元富97售02  ,0,0,0,0,0,0,0,0,0,2000,0,0,0,7000,5000,2000,2000
06048P,大立光富邦96售05,0,0,0,0,0,0,0,0,0,2000,0,0,0,2000,0,2000,2000
06398P,禾伸堂凱基97售02,0,0,0,0,0,0,0,0,0,2000,0,0,0,12000,10000,2000,2000
6666,羅麗芬-KY       ,6000,4000,2000,0,0,0,0,0,0,0,0,0,0,0,0,0,2000
8467,波力-KY         ,2000,0,2000,0,0,0,0,0,0,0,0,0,0,0,0,0,2000
8473,山林水          ,2000,0,2000,0,0,0,0,0,0,0,0,0,0,0,0,0,2000
6024,群益期          ,6000,4000,2000,0,0,0,0,0,0,0,0,0,0,0,0,0,2000
5515,建國            ,1000,0,1000,0,0,0,0,0,0,1000,1000,0,1000,0,0,0,2000
6281,全國電          ,2000,0,2000,0,0,0,0,0,0,0,0,0,0,0,0,0,2000
3296,勝德            ,0,1000,-1000,0,0,0,0,0,0,3000,3000,0,3000,0,0,0,2000
3229,晟鈦            ,2000,0,2000,0,0,0,0,0,0,0,0,0,0,0,0,0,2000
3058,立德            ,3000,1000,2000,0,0,0,0,0,0,0,0,0,0,0,0,0,2000
3032,偉訓            ,4000,2000,2000,0,0,0,0,0,0,0,0,0,0,0,0,0,2000
3617,碩天            ,12000,10000,2000,0,0,0,0,0,0,0,0,0,0,0,0,0,2000
1337,再生-KY         ,3000,1080,1920,0,0,0,0,0,0,0,0,0,0,0,0,0,1920
054795,合勤控群益98購01,0,0,0,0,0,0,0,0,0,1000,0,0,0,21000,20000,1000,1000
054889,京鼎統一99購01  ,0,0,0,0,0,0,0,0,0,1000,0,0,0,1000,0,1000,1000
054954,華新科元大97購06,0,0,0,0,0,0,0,0,0,1000,0,0,0,1000,0,1000,1000
05494P,華邦電統一95售02,0,0,0,0,0,0,0,0,0,1000,0,0,0,1000,0,1000,1000
055260,晶相光統一98購01,0,0,0,0,0,0,0,0,0,1000,0,0,0,49000,48000,1000,1000
055545,國巨凱基97購06  ,0,0,0,0,0,0,0,0,0,1000,0,0,0,1000,0,1000,1000
055563,智易凱基97購02  ,0,0,0,0,0,0,0,0,0,1000,0,0,0,1000,0,1000,1000
055598,欣興元大97購03  ,0,0,0,0,0,0,0,0,0,1000,0,0,0,1000,0,1000,1000
056763,國巨元大99購02  ,0,0,0,0,0,0,0,0,0,1000,0,0,0,16000,15000,1000,1000
056796,國巨麥證98購02  ,0,0,0,6000,5000,1000,0,0,0,1000,0,0,0,6000,5000,1000,1000
056851,瑞儀元富98購01  ,0,0,0,0,0,0,0,0,0,1000,0,0,0,1000,0,1000,1000
05702P,矽創凱基96售02  ,0,0,0,0,0,0,0,0,0,1000,0,0,0,1000,0,1000,1000
056903,大立光元大99購04,0,0,0,0,0,0,0,0,0,1000,0,0,0,8000,7000,1000,1000
056468,鴻海元大98購07  ,0,0,0,0,0,0,0,0,0,1000,0,0,0,61000,60000,1000,1000
056400,道瓊反群益9C購01,0,0,0,0,0,0,0,0,0,1000,0,0,0,3000,2000,1000,1000
056523,光寶科中信98購01,0,0,0,0,0,0,0,0,0,1000,0,0,0,34000,33000,1000,1000
055781,聯詠凱基98購01  ,0,0,0,0,0,0,0,0,0,1000,0,0,0,11000,10000,1000,1000
055985,聯鈞元富97購01  ,0,0,0,0,0,0,0,0,0,1000,0,0,0,11000,10000,1000,1000
056041,禾伸堂凱基98購03,0,0,0,0,0,0,0,0,0,1000,0,0,0,1000,0,1000,1000
056366,玉晶光元大99購04,0,0,0,0,0,0,0,0,0,1000,0,0,0,2000,1000,1000,1000
056314,力成元大97購01  ,0,0,0,0,0,0,0,0,0,1000,0,0,0,2000,1000,1000,1000
056104,義隆永豐97購01  ,0,0,0,0,0,0,0,0,0,1000,0,0,0,70000,69000,1000,1000
03026X,元展23          ,0,0,0,0,0,0,0,0,0,1000,0,0,0,11000,10000,1000,1000
00657,國泰日經225     ,0,0,0,0,0,0,0,0,0,1000,0,0,0,103000,102000,1000,1000
00684R,元大美元指數反1 ,0,0,0,0,0,0,0,0,0,1000,0,0,0,41000,40000,1000,1000
04010P,上銀元大93售07  ,0,0,0,0,0,0,0,0,0,1000,0,0,0,1000,0,1000,1000
04117P,聯發科元大93售21,0,0,0,0,0,0,0,0,0,1000,0,0,0,401000,400000,1000,1000
041462,揚明光元大93購01,0,0,0,0,0,0,0,0,0,1000,0,0,0,1000,0,1000,1000
03087P,聯發科元大01售24,0,0,0,0,0,0,0,0,0,1000,0,0,0,1000,0,1000,1000
042037,台灣50群益93購03,0,0,0,0,0,0,0,0,0,1000,0,0,0,71000,70000,1000,1000
044942,國巨群益94購01  ,0,0,0,0,0,0,0,0,0,1000,0,0,0,1000,0,1000,1000
045122,臺股指元大93購08,0,0,0,0,0,0,0,0,0,1000,0,0,0,1000,0,1000,1000
042538,新光金國泰92購01,0,0,0,0,0,0,0,0,0,1000,0,0,0,1000,0,1000,1000
042501,台灣50凱基96購06,0,0,0,0,0,0,0,0,0,1000,0,0,0,1000,0,1000,1000
039212,台達電台新9A購01,0,0,0,0,0,0,0,0,0,1000,0,0,0,1000,0,1000,1000
03903P,美律永豐93售01  ,0,0,0,0,0,0,0,0,0,1000,0,0,0,1000,0,1000,1000
03821P,上海銀統一95售01,0,0,0,0,0,0,0,0,0,1000,0,0,0,61000,60000,1000,1000
03795P,智邦元大93售03  ,0,0,0,0,0,0,0,0,0,1000,0,0,0,1000,0,1000,1000
03549P,聯發科凱基02售10,0,0,0,0,0,0,0,0,0,1000,0,0,0,1000,0,1000,1000
03569P,台積電元大02售41,0,0,0,0,0,0,0,0,0,1000,0,0,0,1000,0,1000,1000
036084,台灣50台新98購01,0,0,0,0,0,0,0,0,0,1000,0,0,0,1000,0,1000,1000
045400,康友富邦93購01  ,0,0,0,0,0,0,0,0,0,1000,0,0,0,1000,0,1000,1000
044296,嘉聯益凱基93購01,0,0,0,0,0,0,0,0,0,1000,0,0,0,1000,0,1000,1000
044088,國巨元富95購01  ,0,0,0,0,0,0,0,0,0,1000,0,0,0,1000,0,1000,1000
043018,新光金元大93購01,0,0,0,0,0,0,0,0,0,1000,0,0,0,2000,1000,1000,1000
04296P,技嘉元大93售01  ,0,0,0,0,0,0,0,0,0,1000,0,0,0,8000,7000,1000,1000
04454P,大立光富邦98售02,0,0,0,0,0,0,0,0,0,1000,0,0,0,1000,0,1000,1000
044608,奇力新富邦93購01,0,0,0,0,0,0,0,0,0,1000,0,0,0,1000,0,1000,1000
047508,旺宏國票94購01  ,0,0,0,0,0,0,0,0,0,1000,0,0,0,1000,0,1000,1000
047461,大立光群益93購09,0,0,0,0,0,0,0,0,0,1000,0,0,0,1000,0,1000,1000
047398,智易台新93購01  ,0,0,0,0,0,0,0,0,0,1000,0,0,0,1000,0,1000,1000
046505,聯發科元大92購20,0,0,0,0,0,0,0,0,0,1000,0,0,0,1000,0,1000,1000
047147,嘉晶群益93購02  ,0,0,0,0,0,0,0,0,0,1000,0,0,0,1000,0,1000,1000
050387,鴻海統一94購08  ,0,0,0,0,0,0,0,0,0,1000,0,0,0,1000,0,1000,1000
050593,台表科永豐94購03,0,0,0,0,0,0,0,0,0,1000,0,0,0,1000,0,1000,1000
049497,茂林元大94購04  ,0,0,0,0,0,0,0,0,0,1000,0,0,0,3000,2000,1000,1000
048748,國巨元富96購01  ,0,0,0,0,0,0,0,0,0,1000,0,0,0,1000,0,1000,1000
048732,台勝科麥證95購01,0,0,0,1000,0,1000,0,0,0,1000,0,0,0,1000,0,1000,1000
04801P,矽力元大94售02  ,0,0,0,0,0,0,0,0,0,1000,0,0,0,2000,1000,1000,1000
046945,大毅元大93購01  ,0,0,0,0,0,0,0,0,0,1000,0,0,0,1000,0,1000,1000
045629,智邦凱基92購01  ,0,0,0,0,0,0,0,0,0,1000,0,0,0,1000,0,1000,1000
045615,樺漢群益92購01  ,0,0,0,0,0,0,0,0,0,1000,0,0,0,1000,0,1000,1000
045677,聯發科元大92購10,0,0,0,0,0,0,0,0,0,1000,0,0,0,1000,0,1000,1000
045757,台表科國泰93購03,0,0,0,0,0,0,0,0,0,1000,0,0,0,28000,27000,1000,1000
045736,台積電群益94購01,0,0,0,0,0,0,0,0,0,1000,0,0,0,1000,0,1000,1000
047634,亞德客元大93購01,0,0,0,0,0,0,0,0,0,1000,0,0,0,1000,0,1000,1000
047636,台達電元大93購03,0,0,0,0,0,0,0,0,0,1000,0,0,0,1000,0,1000,1000
046431,中環第一92購01  ,0,0,0,0,0,0,0,0,0,1000,0,0,0,1000,0,1000,1000
046309,聯發科元大92購14,0,0,0,0,0,0,0,0,0,1000,0,0,0,1000,0,1000,1000
046336,致新元大92購02  ,0,0,0,0,0,0,0,0,0,1000,0,0,0,1000,0,1000,1000
046346,旺宏兆豐92購02  ,0,0,0,0,0,0,0,0,0,1000,0,0,0,1000,0,1000,1000
046146,南亞科第一92購01,0,0,0,0,0,0,0,0,0,1000,0,0,0,1000,0,1000,1000
046225,南亞科元大92購05,0,0,0,0,0,0,0,0,0,1000,0,0,0,1000,0,1000,1000
045992,鴻海富邦94購01  ,0,0,0,0,0,0,0,0,0,1000,0,0,0,1000,0,1000,1000
04601P,大立光凱基94售07,0,0,0,0,0,0,0,0,0,1000,0,0,0,1000,0,1000,1000
04603P,訊芯凱基94售03  ,0,0,0,0,0,0,0,0,0,1000,0,0,0,1000,0,1000,1000
04590P,元石油元大97售01,0,0,0,0,0,0,0,0,0,1000,0,0,0,1000,0,1000,1000
048054,鴻海國泰95購01  ,0,0,0,0,0,0,0,0,0,1000,0,0,0,1000,0,1000,1000
051104,鈺齊元大96購01  ,0,0,0,0,0,0,0,0,0,1000,0,0,0,32000,31000,1000,1000
050324,訊芯台新94購01  ,0,0,0,0,0,0,0,0,0,1000,0,0,0,1000,0,1000,1000
050700,健策凱基96購01  ,0,0,0,0,0,0,0,0,0,1000,0,0,0,122000,121000,1000,1000
050694,國巨凱基96購03  ,0,0,0,0,0,0,0,0,0,1000,0,0,0,101000,100000,1000,1000
050728,新日興國票94購01,0,0,0,0,0,0,0,0,0,1000,0,0,0,1000,0,1000,1000
050748,道瓊銀統一94購04,0,0,0,0,0,0,0,0,0,1000,0,0,0,1000,0,1000,1000
051239,國巨元大96購02  ,0,0,0,0,0,0,0,0,0,1000,0,0,0,1000,0,1000,1000
049629,臺股指群益94購02,0,0,0,0,0,0,0,0,0,1000,0,0,0,2000,1000,1000,1000
048911,玉晶光富邦96購01,0,0,0,0,0,0,0,0,0,1000,0,0,0,1000,0,1000,1000
048789,大立光元大95購04,0,0,0,0,0,0,0,0,0,1000,0,0,0,1000,0,1000,1000
049577,台達電元大94購08,0,0,0,0,0,0,0,0,0,1000,0,0,0,1000,0,1000,1000
05047P,強茂永豐95售02  ,0,0,0,0,0,0,0,0,0,1000,0,0,0,1000,0,1000,1000
048284,臺股指中信95購04,0,0,0,0,0,0,0,0,0,1000,0,0,0,1000,0,1000,1000
04837P,華新科元大94售05,0,0,0,0,0,0,0,0,0,1000,0,0,0,1000,0,1000,1000
048610,華新科凱基94購04,0,0,0,0,0,0,0,0,0,1000,0,0,0,1000,0,1000,1000
048563,明泰元大94購01  ,0,0,0,0,0,0,0,0,0,1000,0,0,0,1000,0,1000,1000
048502,百和元大93購01  ,0,0,0,0,0,0,0,0,0,1000,0,0,0,101000,100000,1000,1000
048515,貿聯凱基93購03  ,0,0,0,0,0,0,0,0,0,1000,0,0,0,1000,0,1000,1000
049135,台達電元大94購03,0,0,0,0,0,0,0,0,0,1000,0,0,0,1000,0,1000,1000
049175,台積電凱基94購12,0,0,0,0,0,0,0,0,0,1000,0,0,0,1000,0,1000,1000
049277,臺股指元大94購12,0,0,0,0,0,0,0,0,0,1000,0,0,0,1000,0,1000,1000
049308,台達電凱基94購04,0,0,0,0,0,0,0,0,0,1000,0,0,0,1000,0,1000,1000
049208,台郡群益94購01  ,0,0,0,0,0,0,0,0,0,1000,0,0,0,1000,0,1000,1000
049215,國巨國票94購03  ,0,0,0,0,0,0,0,0,0,1000,0,0,0,1000,0,1000,1000
049249,台達電元大94購05,0,0,0,0,0,0,0,0,0,1000,0,0,0,1000,0,1000,1000
048986,訊連元大94購01  ,0,0,0,0,0,0,0,0,0,1000,0,0,0,4000,3000,1000,1000
04894P,世紀鋼元大94售02,0,0,0,0,0,0,0,0,0,1000,0,0,0,1000,0,1000,1000
051661,華新科永昌96購01,0,0,0,0,0,0,0,0,0,1000,0,0,0,1000,0,1000,1000
050210,華新科國票94購08,0,0,0,0,0,0,0,0,0,1000,0,0,0,13000,12000,1000,1000
050960,台光電永豐95購01,0,0,0,0,0,0,0,0,0,1000,0,0,0,1000,0,1000,1000
050954,樺漢群益95購01  ,0,0,0,0,0,0,0,0,0,1000,0,0,0,22000,21000,1000,1000
050812,台積電凱基95購01,0,0,0,0,0,0,0,0,0,1000,0,0,0,1000,0,1000,1000
049374,大立光元大94購12,0,0,0,0,0,0,0,0,0,1000,0,0,0,1000,0,1000,1000
049359,台達電元大94購06,0,0,0,0,0,0,0,0,0,1000,0,0,0,1000,0,1000,1000
049350,麗豐康和94購01  ,0,0,0,0,0,0,0,0,0,1000,0,0,0,1000,0,1000,1000
049314,京鼎凱基94購01  ,0,0,0,0,0,0,0,0,0,1000,0,0,0,1000,0,1000,1000
049794,台達電元大94購10,0,0,0,0,0,0,0,0,0,1000,0,0,0,1000,0,1000,1000
049463,華新科富邦97購01,0,0,0,0,0,0,0,0,0,1000,0,0,0,91000,90000,1000,1000
049899,台積電元富94購05,0,0,0,0,0,0,0,0,0,1000,0,0,0,402000,401000,1000,1000
049072,台積電凱基94購08,0,0,0,0,0,0,0,0,0,1000,0,0,0,1000,0,1000,1000
050166,彩晶國泰95購01  ,0,0,0,0,0,0,0,0,0,1000,0,0,0,1000,0,1000,1000
050917,瀚宇博兆豐96購01,0,0,0,0,0,0,0,0,0,1000,0,0,0,1000,0,1000,1000
049010,台表科麥證95購01,0,0,0,1000,0,1000,0,0,0,1000,0,0,0,1000,0,1000,1000
050107,鴻海元大94購12  ,0,0,0,0,0,0,0,0,0,1000,0,0,0,2000,1000,1000,1000
050060,光磊凱基94購03  ,0,0,0,0,0,0,0,0,0,1000,0,0,0,1000,0,1000,1000
050056,國巨凱基94購04  ,0,0,0,0,0,0,0,0,0,1000,0,0,0,90000,89000,1000,1000
05401P,聯茂永豐95售03  ,0,0,0,0,0,0,0,0,0,1000,0,0,0,5000,4000,1000,1000
05404P,台積電群益95售06,0,0,0,0,0,0,0,0,0,1000,0,0,0,1000,0,1000,1000
054091,晶豪科群益96購01,0,0,0,0,0,0,0,0,0,1000,0,0,0,1000,0,1000,1000
054500,美律永豐96購02  ,0,0,0,0,0,0,0,0,0,1000,0,0,0,1000,0,1000,1000
054230,上銀群益96購03  ,0,0,0,0,0,0,0,0,0,1000,0,0,0,1000,0,1000,1000
053538,京鼎永豐96購03  ,0,0,0,0,0,0,0,0,0,1000,0,0,0,1000,0,1000,1000
053530,聯發科康和96購01,0,0,0,0,0,0,0,0,0,1000,0,0,0,1000,0,1000,1000
053408,友達兆豐98購01  ,0,0,0,0,0,0,0,0,0,1000,0,0,0,1000,0,1000,1000
053312,緯穎凱基96購02  ,0,0,0,0,0,0,0,0,0,1000,0,0,0,6000,5000,1000,1000
053285,臺股指元大96購08,0,0,0,0,0,0,0,0,0,1000,0,0,0,1000,0,1000,1000
053774,台達電元大96購04,0,0,0,0,0,0,0,0,0,1000,0,0,0,1000,0,1000,1000
053772,大成鋼元大96購02,0,0,0,0,0,0,0,0,0,1000,0,0,0,1000,0,1000,1000
053655,全新凱基98購02  ,0,0,0,0,0,0,0,0,0,1000,0,0,0,6000,5000,1000,1000
052805,晶技元大97購01  ,0,0,0,0,0,0,0,0,0,1000,0,0,0,1000,0,1000,1000
052756,國巨群益96購02  ,0,0,0,0,0,0,0,0,0,1000,0,0,0,1000,0,1000,1000
052759,京元電群益96購01,0,0,0,0,0,0,0,0,0,1000,0,0,0,1000,0,1000,1000
052747,京鼎元大97購01  ,0,0,0,0,0,0,0,0,0,1000,0,0,0,72000,71000,1000,1000
052761,可成群益96購02  ,0,0,0,0,0,0,0,0,0,1000,0,0,0,21000,20000,1000,1000
052541,大立光統一95購06,0,0,0,0,0,0,0,0,0,1000,0,0,0,1000,0,1000,1000
052644,聯發科永豐96購01,0,0,0,0,0,0,0,0,0,1000,0,0,0,104000,103000,1000,1000
052626,上証2X中信9A購01,0,0,0,0,0,0,0,0,0,1000,0,0,0,1000,0,1000,1000
052996,聯電康和96購01  ,0,0,0,0,0,0,0,0,0,1000,0,0,0,1000,0,1000,1000
052934,中磊元大96購01  ,0,0,0,0,0,0,0,0,0,1000,0,0,0,46000,45000,1000,1000
05292P,台積電凱基95售16,0,0,0,0,0,0,0,0,0,1000,0,0,0,1000,0,1000,1000
053171,中磊群益96購01  ,0,0,0,0,0,0,0,0,0,1000,0,0,0,32000,31000,1000,1000
053140,燿華永豐96購02  ,0,0,0,0,0,0,0,0,0,1000,0,0,0,1000,0,1000,1000
052493,上証2X中信97購02,0,0,0,0,0,0,0,0,0,1000,0,0,0,1000,0,1000,1000
052388,旺宏群益96購05  ,0,0,0,0,0,0,0,0,0,1000,0,0,0,21000,20000,1000,1000
052273,新光金群益95購02,0,0,0,0,0,0,0,0,0,1000,0,0,0,1000,0,1000,1000
052170,台積電元大95購20,0,0,0,0,0,0,0,0,0,1000,0,0,0,127000,126000,1000,1000
051930,國泰金兆豐97購01,0,0,0,0,0,0,0,0,0,1000,0,0,0,1000,0,1000,1000
052005,矽力國泰97購02  ,0,0,0,0,0,0,0,0,0,1000,0,0,0,36000,35000,1000,1000
052058,臺股指凱基95購16,0,0,0,0,0,0,0,0,0,1000,0,0,0,194000,193000,1000,1000
051751,聯茂富邦95購01  ,0,0,0,0,0,0,0,0,0,1000,0,0,0,1000,0,1000,1000
1219,福壽            ,2000,2000,0,0,0,0,0,0,0,1000,1000,0,1000,0,0,0,1000
06484P,聯發科凱基98售11,0,0,0,0,0,0,0,0,0,1000,0,0,0,1000,0,1000,1000
06437P,玉晶光國票99售01,0,0,0,0,0,0,0,0,0,1000,0,0,0,3000,2000,1000,1000
1721,三晃            ,1000,0,1000,0,0,0,0,0,0,0,0,0,0,0,0,0,1000
1903,士紙            ,0,0,0,0,0,0,0,0,0,1000,1000,0,1000,0,0,0,1000
2012,春雨            ,0,0,0,0,0,0,0,0,0,1000,1000,0,1000,0,0,0,1000
1436,華友聯          ,9000,8000,1000,0,0,0,0,0,0,0,0,0,0,0,0,0,1000
1410,南染            ,3000,2000,1000,0,0,0,0,0,0,0,0,0,0,0,0,0,1000
1531,高林股          ,2000,1000,1000,0,0,0,0,0,0,0,0,0,0,0,0,0,1000
1539,巨庭            ,1000,0,1000,0,0,0,0,0,0,0,0,0,0,0,0,0,1000
2739,寒舍            ,1000,0,1000,0,0,0,0,0,0,0,0,0,0,0,0,0,1000
2501,國建            ,241000,239000,2000,0,0,0,0,0,0,-1000,0,1000,-1000,0,0,0,1000
2838A,聯邦銀甲特      ,0,0,0,0,0,0,0,0,0,1000,1000,0,1000,0,0,0,1000
2701,萬企            ,1000,0,1000,0,0,0,0,0,0,0,0,0,0,0,0,0,1000
2906,高林            ,1000,0,1000,0,0,0,0,0,0,0,0,0,0,0,0,0,1000
2329,華泰            ,192000,137000,55000,0,0,0,0,0,0,-54000,3000,0,3000,6000,63000,-57000,1000
2450,神腦            ,3000,2000,1000,0,0,0,0,0,0,0,0,0,0,0,0,0,1000
2471,資通            ,13000,2000,11000,0,0,0,0,0,0,-10000,0,10000,-10000,0,0,0,1000
06417P,台積電兆豐97售03,0,0,0,0,0,0,0,0,0,1000,0,0,0,12000,11000,1000,1000
06421P,嘉澤統一97售02  ,0,0,0,0,0,0,0,0,0,1000,0,0,0,269000,268000,1000,1000
06341P,大立光統一97售08,0,0,0,0,0,0,0,0,0,1000,0,0,0,1000,0,1000,1000
06261P,上銀凱基97售03  ,0,0,0,0,0,0,0,0,0,1000,0,0,0,1000,0,1000,1000
06301P,臺股指元大97售04,0,0,0,0,0,0,0,0,0,1000,0,0,0,79000,78000,1000,1000
06333P,臺股指群益9C售02,0,0,0,0,0,0,0,0,0,1000,0,0,0,2000,1000,1000,1000
06050P,玉晶光國票98售01,0,0,0,0,0,0,0,0,0,1000,0,0,0,29000,28000,1000,1000
05990P,台積電群益96售13,0,0,0,0,0,0,0,0,0,1000,0,0,0,20000,19000,1000,1000
3528,安馳            ,5000,3000,2000,0,0,0,0,0,0,-1000,0,1000,-1000,0,0,0,1000
4439,冠星-KY         ,1000,0,1000,0,0,0,0,0,0,0,0,0,0,0,0,0,1000
3432,台端            ,2000,1000,1000,0,0,0,0,0,0,0,0,0,0,0,0,0,1000
6202,盛群            ,115000,114000,1000,0,0,0,0,0,0,0,0,0,0,0,0,0,1000
6205,詮欣            ,1000,0,1000,0,0,0,0,0,0,0,0,0,0,0,0,0,1000
8222,寶一            ,1000,0,1000,0,0,0,0,0,0,0,0,0,0,0,0,0,1000
6581,鋼聯            ,1000,0,1000,0,0,0,0,0,0,0,0,0,0,0,0,0,1000
8926,台汽電          ,287000,407000,-120000,0,0,0,0,0,0,121000,121000,0,121000,0,0,0,1000
8940,新天地          ,1000,0,1000,0,0,0,0,0,0,0,0,0,0,0,0,0,1000
9918,欣天然          ,0,0,0,0,0,0,0,0,0,1000,1000,0,1000,0,0,0,1000
9912,偉聯            ,1000,0,1000,0,0,0,0,0,0,0,0,0,0,0,0,0,1000
00636K,國泰中國A50+U   ,0,0,0,0,0,0,0,0,0,100,0,0,0,200,100,100,100
056195,群創富邦98購01  ,0,0,0,0,0,0,0,0,0,0,0,0,0,4000,4000,0,0
05617P,大立光統一97售02,0,0,0,0,0,0,0,0,0,0,0,0,0,20000,20000,0,0
056153,華新科凱基97購02,0,0,0,0,0,0,0,0,0,0,0,0,0,8000,8000,0,0
056309,合勤控元大97購01,0,0,0,0,0,0,0,0,0,0,0,0,0,68000,68000,0,0
056327,樺漢兆豐98購01  ,0,0,0,0,0,0,0,0,0,0,0,0,0,10000,10000,0,0
056368,祥碩元大98購02  ,0,0,0,0,0,0,0,0,0,0,0,0,0,124000,124000,0,0
056228,可成凱基97購03  ,0,0,0,0,0,0,0,0,0,0,0,0,0,20000,20000,0,0
056234,GIS麥證97購01   ,0,0,0,0,2000,-2000,0,0,0,0,0,0,0,2000,2000,0,0
056232,瑞儀凱基98購01  ,0,0,0,0,0,0,0,0,0,0,0,0,0,10000,10000,0,0
056246,祥碩群益97購01  ,0,0,0,0,0,0,0,0,0,0,0,0,0,8000,8000,0,0
056024,大立光群益97購05,0,0,0,0,0,0,0,0,0,0,0,0,0,13000,13000,0,0
056058,建準元大97購02  ,0,0,0,0,0,0,0,0,0,0,0,0,0,1000,1000,0,0
056063,大立光元大97購13,0,0,0,0,0,0,0,0,0,0,0,0,0,10000,10000,0,0
056021,興富發群益97購01,0,0,0,0,0,0,0,0,0,0,0,0,0,10000,10000,0,0
055963,欣興元大97購04  ,0,0,0,0,0,0,0,0,0,0,0,0,0,68000,68000,0,0
055795,茂林國泰98購01  ,0,0,0,0,0,0,0,0,0,0,0,0,0,20000,20000,0,0
05587P,鴻海凱基96售12  ,0,0,0,0,0,0,0,0,0,0,0,0,0,20000,20000,0,0
055845,大立光元大97購08,0,0,0,0,0,0,0,0,0,0,0,0,0,7000,7000,0,0
055848,大立光元大97購11,0,0,0,0,0,0,0,0,0,0,0,0,0,3000,3000,0,0
056540,聯詠凱基98購02  ,0,0,0,0,0,0,0,0,0,0,0,0,0,10000,10000,0,0
056548,瀚宇博凱基98購02,0,0,0,0,0,0,0,0,0,0,0,0,0,10000,10000,0,0
056570,旺宏元大98購07  ,0,0,0,0,0,0,0,0,0,0,0,0,0,6000,6000,0,0
056641,華通凱基98購03  ,0,0,0,0,0,0,0,0,0,0,0,0,0,17000,17000,0,0
056644,宏達電凱基98購04,0,0,0,0,0,0,0,0,0,0,0,0,0,5000,5000,0,0
056607,貿聯富邦99購02  ,0,0,0,0,0,0,0,0,0,0,0,0,0,10000,10000,0,0
056438,旺宏凱基98購05  ,0,0,0,0,0,0,0,0,0,0,0,0,0,1000,1000,0,0
056475,宏達電元大99購02,0,0,0,0,0,0,0,0,0,0,0,0,0,31000,31000,0,0
056480,京鼎元大98購02  ,0,0,0,0,0,0,0,0,0,0,0,0,0,4000,4000,0,0
05645P,聯發科凱基96售13,0,0,0,0,0,0,0,0,0,0,0,0,0,24000,24000,0,0
056516,晶豪科兆豐98購01,0,0,0,0,0,0,0,0,0,0,0,0,0,23000,23000,0,0
056892,旺宏元大9A購02  ,0,0,0,0,0,0,0,0,0,0,0,0,0,3000,3000,0,0
057018,亞德客凱基98購01,0,0,0,0,0,0,0,0,0,0,0,0,0,20000,20000,0,0
056723,國巨中信9A購01  ,0,0,0,0,0,0,0,0,0,0,0,0,0,44000,44000,0,0
056768,宏達電元大99購03,0,0,0,0,0,0,0,0,0,0,0,0,0,6000,6000,0,0
055623,貿聯國泰99購01  ,0,0,0,0,0,0,0,0,0,0,0,0,0,35000,35000,0,0
055557,華新科凱基97購01,0,0,0,0,0,0,0,0,0,0,0,0,0,8000,8000,0,0
055470,南亞科凱基97購01,0,0,0,0,0,0,0,0,0,0,0,0,0,1000,1000,0,0
055471,聯發科凱基97購04,0,0,0,0,0,0,0,0,0,0,0,0,0,43000,43000,0,0
055498,大立光元大97購07,0,0,0,0,0,0,0,0,0,0,0,0,0,257000,257000,0,0
055228,聯發科國票98購03,0,0,0,0,0,0,0,0,0,0,0,0,0,1000,1000,0,0
055147,鴻海元大97購11  ,0,0,0,0,0,0,0,0,0,0,0,0,0,100000,100000,0,0
055353,華新科凱基98購03,0,0,0,0,0,0,0,0,0,0,0,0,0,8000,8000,0,0
055329,百和國票98購01  ,0,0,0,0,0,0,0,0,0,0,0,0,0,10000,10000,0,0
055296,康舒元大97購02  ,0,0,0,0,0,0,0,0,0,0,0,0,0,26000,26000,0,0
05535P,台積電元大97售06,0,0,0,0,0,0,0,0,0,0,0,0,0,392000,392000,0,0
055375,京鼎元大97購03  ,0,0,0,0,0,0,0,0,0,0,0,0,0,227000,227000,0,0
054910,信錦凱基97購01  ,0,0,0,0,0,0,0,0,0,0,0,0,0,10000,10000,0,0
054939,台積電元大97購15,0,0,0,0,0,0,0,0,0,0,0,0,0,300000,300000,0,0
054924,景碩凱基98購01  ,0,0,0,0,0,0,0,0,0,0,0,0,0,1000,1000,0,0
05482P,鴻海凱基95售22  ,0,0,0,0,0,0,0,0,0,0,0,0,0,10000,10000,0,0
05481P,鴻海凱基95售21  ,0,0,0,0,0,0,0,0,0,0,0,0,0,20000,20000,0,0
054814,台積電元大97購13,0,0,0,0,0,0,0,0,0,0,0,0,0,345000,345000,0,0
054815,台積電元大97購14,0,0,0,0,0,0,0,0,0,0,0,0,0,10000,10000,0,0
05477P,華新科群益95售06,0,0,0,0,0,0,0,0,0,0,0,0,0,10000,10000,0,0
054736,南亞科凱基98購01,0,0,0,0,0,0,0,0,0,0,0,0,0,13000,13000,0,0
05472P,國巨統一96售02  ,0,0,0,0,0,0,0,0,0,0,0,0,0,200000,200000,0,0
05457P,鴻海凱基95售20  ,0,0,0,0,0,0,0,0,0,0,0,0,0,10000,10000,0,0
054616,智伸科永豐97購01,0,0,0,0,0,0,0,0,0,0,0,0,0,70000,70000,0,0
054625,旺宏凱基98購03  ,0,0,0,0,0,0,0,0,0,0,0,0,0,1000,1000,0,0
054655,貿聯麥證98購01  ,0,0,0,20000,20000,0,0,0,0,0,0,0,0,20000,20000,0,0
00645,富邦日本        ,0,0,0,0,0,0,0,0,0,0,0,0,0,60000,60000,0,0
00657K,國泰日經225+U   ,0,0,0,0,0,0,0,0,0,0,0,0,0,100,100,0,0
00660,元大歐洲50      ,0,0,0,0,0,0,0,0,0,0,0,0,0,5000,5000,0,0
00668K,國泰美國道瓊+U  ,0,0,0,0,0,0,0,0,0,0,0,0,0,100,100,0,0
03012X,元展12          ,0,0,0,0,0,0,0,0,0,0,0,0,0,1000,1000,0,0
020008,元大特股高息N   ,0,0,0,0,0,0,0,0,0,0,0,0,0,15000,15000,0,0
00707R,元大S&P日圓反1  ,0,0,0,0,0,0,0,0,0,0,0,0,0,1000,1000,0,0
00767,FH美國金融股    ,0,0,0,0,0,0,0,0,0,0,0,0,0,1000,1000,0,0
00770,國泰北美科技    ,0,0,0,0,0,0,0,0,0,0,0,0,0,6000,6000,0,0
00732,國泰RMB短期報酬 ,0,0,0,0,0,0,0,0,0,0,0,0,0,100000,100000,0,0
00774B,新光中國政金綠債,0,0,0,0,0,0,0,0,0,0,0,0,0,2000,2000,0,0
00775B,新光投等債15+   ,0,0,0,0,0,0,0,0,0,0,0,0,0,2000,2000,0,0
00776,新光ICE美國權值 ,0,0,0,0,0,0,0,0,0,0,0,0,0,1000,1000,0,0
04198P,滬深2X群益95售04,0,0,0,0,0,0,0,0,0,0,0,0,0,30000,30000,0,0
04178P,聯茂元大93售07  ,0,0,0,0,0,0,0,0,0,0,0,0,0,10000,10000,0,0
03304P,欣興元富02售02  ,0,0,0,0,0,0,0,0,0,0,0,0,0,1000,1000,0,0
041455,國巨元富93購05  ,0,0,0,0,0,0,0,0,0,0,0,0,0,1000,1000,0,0
03622P,台光電中信92售01,0,0,0,0,0,0,0,0,0,0,0,0,0,44000,44000,0,0
04478P,元油2X中信95售03,0,0,0,0,0,0,0,0,0,0,0,0,0,20000,20000,0,0
044820,臻鼎兆豐93購02  ,0,0,0,0,0,0,0,0,0,0,0,0,0,20000,20000,0,0
03892P,元油2X中信95售01,0,0,0,0,0,0,0,0,0,0,0,0,0,30000,30000,0,0
03770P,聯發科元大93售05,0,0,0,0,0,0,0,0,0,0,0,0,0,600000,600000,0,0
044900,建準凱基93購01  ,0,0,0,0,0,0,0,0,0,0,0,0,0,10000,10000,0,0
045088,康控元大94購02  ,0,0,0,0,0,0,0,0,0,0,0,0,0,10000,10000,0,0
044999,滬深2X永昌93購02,0,0,0,0,0,0,0,0,0,0,0,0,0,1000,1000,0,0
044614,聯茂兆豐92購02  ,0,0,0,0,0,0,0,0,0,0,0,0,0,1000,1000,0,0
04555P,元油2X群益95售01,0,0,0,0,0,0,0,0,0,0,0,0,0,1000,1000,0,0
045515,滬深2X統一92購01,0,0,0,0,0,0,0,0,0,0,0,0,0,1000,1000,0,0
04446P,元油2X凱基94售03,0,0,0,0,0,0,0,0,0,0,0,0,0,43000,43000,0,0
044508,微星凱基92購02  ,0,0,0,0,0,0,0,0,0,0,0,0,0,10000,10000,0,0
044705,群創元大93購03  ,0,0,0,0,0,0,0,0,0,0,0,0,0,22000,22000,0,0
046791,台郡統一96購01  ,0,0,0,0,0,0,0,0,0,0,0,0,0,78000,78000,0,0
046771,聯發科國泰94購02,0,0,0,0,0,0,0,0,0,0,0,0,0,130000,130000,0,0
046757,漢唐凱基93購02  ,0,0,0,0,0,0,0,0,0,0,0,0,0,4000,4000,0,0
04778P,可成凱基94售10  ,0,0,0,0,0,0,0,0,0,0,0,0,0,73000,73000,0,0
047763,旺宏元大94購04  ,0,0,0,0,0,0,0,0,0,0,0,0,0,5000,5000,0,0
046814,鴻海凱基93購20  ,0,0,0,0,0,0,0,0,0,0,0,0,0,40000,40000,0,0
04772P,欣興元大94售08  ,0,0,0,0,0,0,0,0,0,0,0,0,0,18000,18000,0,0
046740,大立光群益95購01,0,0,0,0,0,0,0,0,0,0,0,0,0,23000,23000,0,0
046692,鴻海凱基93購15  ,0,0,0,0,0,0,0,0,0,0,0,0,0,30000,30000,0,0
046715,美律國泰94購01  ,0,0,0,0,0,0,0,0,0,0,0,0,0,10000,10000,0,0
04308P,京元電凱基93售06,0,0,0,0,0,0,0,0,0,0,0,0,0,1000,1000,0,0
04322P,可成元大94售01  ,0,0,0,0,0,0,0,0,0,0,0,0,0,16000,16000,0,0
044187,泰鼎國泰93購01  ,0,0,0,0,0,0,0,0,0,0,0,0,0,35000,35000,0,0
04528P,智原凱基94售01  ,0,0,0,0,0,0,0,0,0,0,0,0,0,1000,1000,0,0
04344P,台達電國泰94售01,0,0,0,0,0,0,0,0,0,0,0,0,0,165000,165000,0,0
043467,全新元大93購01  ,0,0,0,0,0,0,0,0,0,0,0,0,0,2000,2000,0,0
043757,欣興元大93購01  ,0,0,0,0,0,0,0,0,0,0,0,0,0,100000,100000,0,0
043764,康友元大92購03  ,0,0,0,0,0,0,0,0,0,0,0,0,0,4000,4000,0,0
048058,大立光國泰95購01,0,0,0,0,0,0,0,0,0,0,0,0,0,13000,13000,0,0
045906,鴻海中信94購01  ,0,0,0,0,0,0,0,0,0,0,0,0,0,70000,70000,0,0
045882,滬深2X元大95購01,0,0,0,0,0,0,0,0,0,0,0,0,0,100000,100000,0,0
046275,台表科凱基94購01,0,0,0,0,0,0,0,0,0,0,0,0,0,2000,2000,0,0
046269,禾伸堂凱基92購03,0,0,0,0,0,0,0,0,0,0,0,0,0,35000,35000,0,0
046287,禾伸堂兆豐92購01,0,0,0,0,0,0,0,0,0,0,0,0,0,10000,10000,0,0
046209,全新元富92購01  ,0,0,0,0,0,0,0,0,0,0,0,0,0,10000,10000,0,0
046149,宏達電國票93購01,0,0,0,0,0,0,0,0,0,0,0,0,0,40000,40000,0,0
046339,訊芯中信92購01  ,0,0,0,0,0,0,0,0,0,0,0,0,0,20000,20000,0,0
046377,聯發科凱基92購03,0,0,0,0,0,0,0,0,0,0,0,0,0,30000,30000,0,0
046310,聯發科元大92購15,0,0,0,0,0,0,0,0,0,0,0,0,0,10000,10000,0,0
046465,GIS凱基95購01   ,0,0,0,0,0,0,0,0,0,0,0,0,0,2000,2000,0,0
046433,康友中信92購01  ,0,0,0,0,0,0,0,0,0,0,0,0,0,20000,20000,0,0
047998,美律元大93購06  ,0,0,0,0,0,0,0,0,0,0,0,0,0,42000,42000,0,0
04763P,臺股指凱基96售05,0,0,0,0,0,0,0,0,0,0,0,0,0,20000,20000,0,0
047879,台積電中信93購04,0,0,0,0,0,0,0,0,0,0,0,0,0,20000,20000,0,0
047911,晶技麥證94購01  ,0,0,0,20000,20000,0,0,0,0,0,0,0,0,20000,20000,0,0
045743,台郡群益93購01  ,0,0,0,0,0,0,0,0,0,0,0,0,0,11000,11000,0,0
045718,瑞昱凱基92購01  ,0,0,0,0,0,0,0,0,0,0,0,0,0,10000,10000,0,0
045814,可成麥證93購01  ,0,0,0,20000,20000,0,0,0,0,0,0,0,0,20000,20000,0,0
046942,友達元大99購01  ,0,0,0,0,0,0,0,0,0,0,0,0,0,5000,5000,0,0
046855,嘉晶元大94購01  ,0,0,0,0,0,0,0,0,0,0,0,0,0,10000,10000,0,0
048684,上海銀富邦93購02,0,0,0,0,0,0,0,0,0,0,0,0,0,2000,2000,0,0
047544,台積電凱基93購17,0,0,0,0,0,0,0,0,0,0,0,0,0,1000,1000,0,0
049489,美律元大94購05  ,0,0,0,0,0,0,0,0,0,0,0,0,0,6000,6000,0,0
049485,台積電元大96購03,0,0,0,0,0,0,0,0,0,0,0,0,0,4000,4000,0,0
049507,和大凱基94購01  ,0,0,0,0,0,0,0,0,0,0,0,0,0,1000,1000,0,0
050371,台積電元大94購25,0,0,0,0,0,0,0,0,0,0,0,0,0,173000,173000,0,0
050528,瑞儀元大94購02  ,0,0,0,0,0,0,0,0,0,0,0,0,0,68000,68000,0,0
050609,鴻海元大94購23  ,0,0,0,0,0,0,0,0,0,0,0,0,0,137000,137000,0,0
050641,上証反凱基96購01,0,0,0,0,0,0,0,0,0,0,0,0,0,250000,250000,0,0
050400,臻鼎中信97購01  ,0,0,0,0,0,0,0,0,0,0,0,0,0,20000,20000,0,0
050441,和碩凱基94購01  ,0,0,0,0,0,0,0,0,0,0,0,0,0,79000,79000,0,0
050537,鴻海凱基95購05  ,0,0,0,0,0,0,0,0,0,0,0,0,0,1000,1000,0,0
050538,鴻海凱基95購06  ,0,0,0,0,0,0,0,0,0,0,0,0,0,9000,9000,0,0
050547,華新科凱基95購01,0,0,0,0,0,0,0,0,0,0,0,0,0,11000,11000,0,0
047115,可成元大93購06  ,0,0,0,0,0,0,0,0,0,0,0,0,0,194000,194000,0,0
04724P,可成凱基94售08  ,0,0,0,0,0,0,0,0,0,0,0,0,0,23000,23000,0,0
046491,滬深2X富邦95購02,0,0,0,0,0,0,0,0,0,0,0,0,0,10000,10000,0,0
046509,中壽元大92購01  ,0,0,0,0,0,0,0,0,0,0,0,0,0,30000,30000,0,0
046576,S&P反1富邦93購01,0,0,0,0,0,0,0,0,0,0,0,0,0,10000,10000,0,0
046608,超眾兆豐93購02  ,0,0,0,0,0,0,0,0,0,0,0,0,0,10000,10000,0,0
046600,鴻海群益94購01  ,0,0,0,0,0,0,0,0,0,0,0,0,0,5000,5000,0,0
047387,美律元大93購05  ,0,0,0,0,0,0,0,0,0,0,0,0,0,118000,118000,0,0
047521,台積電元大94購03,0,0,0,0,0,0,0,0,0,0,0,0,0,26000,26000,0,0
050097,可成國泰96購02  ,0,0,0,0,0,0,0,0,0,0,0,0,0,10000,10000,0,0
05009P,大立光元富95售06,0,0,0,0,0,0,0,0,0,0,0,0,0,1000,1000,0,0
050116,嘉澤元大94購03  ,0,0,0,0,0,0,0,0,0,0,0,0,0,2000,2000,0,0
050126,國巨凱基94購08  ,0,0,0,0,0,0,0,0,0,0,0,0,0,75000,75000,0,0
048098,嘉澤凱基93購04  ,0,0,0,0,0,0,0,0,0,0,0,0,0,5000,5000,0,0
05051P,鴻海群益95售05  ,0,0,0,0,0,0,0,0,0,0,0,0,0,10000,10000,0,0
049011,元油2X群益94購01,0,0,0,0,0,0,0,0,0,0,0,0,0,4890000,4890000,0,0
049031,矽格群益94購01  ,0,0,0,0,0,0,0,0,0,0,0,0,0,11000,11000,0,0
04819P,嘉澤永豐94售01  ,0,0,0,0,0,0,0,0,0,0,0,0,0,1000,1000,0,0
050768,聯發科元大94購16,0,0,0,0,0,0,0,0,0,0,0,0,0,20000,20000,0,0
049456,上海銀統一94購03,0,0,0,0,0,0,0,0,0,0,0,0,0,10000,10000,0,0
049418,大立光凱基94購05,0,0,0,0,0,0,0,0,0,0,0,0,0,2000,2000,0,0
049792,元油2X元大94購08,0,0,0,0,0,0,0,0,0,0,0,0,0,100000,100000,0,0
049323,百和凱基94購01  ,0,0,0,0,0,0,0,0,0,0,0,0,0,12000,12000,0,0
049345,富邦金統一94購02,0,0,0,0,0,0,0,0,0,0,0,0,0,30000,30000,0,0
049357,微星富邦94購01  ,0,0,0,0,0,0,0,0,0,0,0,0,0,10000,10000,0,0
049370,可成元大94購03  ,0,0,0,0,0,0,0,0,0,0,0,0,0,50000,50000,0,0
049378,聯詠元大94購02  ,0,0,0,0,0,0,0,0,0,0,0,0,0,10000,10000,0,0
049397,台達電群益94購03,0,0,0,0,0,0,0,0,0,0,0,0,0,10000,10000,0,0
049387,緯穎元大94購03  ,0,0,0,0,0,0,0,0,0,0,0,0,0,6000,6000,0,0
049385,茂林元大94購03  ,0,0,0,0,0,0,0,0,0,0,0,0,0,1000,1000,0,0
050818,華新科凱基95購02,0,0,0,0,0,0,0,0,0,0,0,0,0,43000,43000,0,0
050793,大立光富邦96購03,0,0,0,0,0,0,0,0,0,0,0,0,0,20000,20000,0,0
049819,百和元大94購02  ,0,0,0,0,0,0,0,0,0,0,0,0,0,105000,105000,0,0
050921,旺宏凱基95購02  ,0,0,0,0,0,0,0,0,0,0,0,0,0,12000,12000,0,0
050967,嘉聯益永豐95購01,0,0,0,0,0,0,0,0,0,0,0,0,0,20000,20000,0,0
050187,群創元大94購03  ,0,0,0,0,0,0,0,0,0,0,0,0,0,139000,139000,0,0
049963,聯發科元富94購02,0,0,0,0,0,0,0,0,0,0,0,0,0,45000,45000,0,0
049983,智原凱基94購02  ,0,0,0,0,0,0,0,0,0,0,0,0,0,90000,90000,0,0
048205,臺股指元大93購39,0,0,0,0,0,0,0,0,0,0,0,0,0,10000,10000,0,0
048236,A50正2國票97購02,0,3000,-3000,0,0,0,0,0,0,3000,0,0,0,3000,0,3000,0
051352,南亞科元大95購02,0,0,0,0,0,0,0,0,0,0,0,0,0,87000,87000,0,0
05134P,鴻海凱基96售06  ,0,0,0,0,0,0,0,0,0,0,0,0,0,10000,10000,0,0
052078,大立光元富95購10,0,0,0,0,0,0,0,0,0,0,0,0,0,2000,2000,0,0
050302,百和凱基94購03  ,0,0,0,0,0,0,0,0,0,0,0,0,0,50000,50000,0,0
050276,百和元大94購03  ,0,0,0,0,0,0,0,0,0,0,0,0,0,100000,100000,0,0
051669,建準元大95購01  ,0,0,0,0,0,0,0,0,0,0,0,0,0,101000,101000,0,0
051679,百和元大95購02  ,0,0,0,0,0,0,0,0,0,0,0,0,0,100000,100000,0,0
051433,中磊元富95購01  ,0,0,0,0,0,0,0,0,0,0,0,0,0,8000,8000,0,0
051461,聯詠國泰96購01  ,0,0,0,0,0,0,0,0,0,0,0,0,0,30000,30000,0,0
051452,貿聯元大95購04  ,0,0,0,0,0,0,0,0,0,0,0,0,0,52000,52000,0,0
051484,玉晶光凱基97購01,0,0,0,0,0,0,0,0,0,0,0,0,0,2000,2000,0,0
048965,佳世達元大94購01,0,0,0,0,0,0,0,0,0,0,0,0,0,1000,1000,0,0
048980,嘉澤元大94購02  ,0,0,0,0,0,0,0,0,0,0,0,0,0,17000,17000,0,0
049228,台塑富邦94購01  ,0,0,0,0,0,0,0,0,0,0,0,0,0,30000,30000,0,0
049304,元油2X凱基95購05,0,0,0,0,0,0,0,0,0,0,0,0,0,10000,10000,0,0
049291,華通群益94購04  ,0,0,0,0,0,0,0,0,0,0,0,0,0,42000,42000,0,0
049156,緯穎元大96購01  ,0,0,0,0,0,0,0,0,0,0,0,0,0,1000,1000,0,0
048494,瑞昱元大93購13  ,0,0,0,0,0,0,0,0,0,0,0,0,0,75000,75000,0,0
048495,南亞科元大93購04,0,0,0,0,0,0,0,0,0,0,0,0,0,1000,1000,0,0
04835P,鴻海元大94售18  ,0,0,0,0,0,0,0,0,0,0,0,0,0,140000,140000,0,0
048568,緯穎元大93購06  ,0,0,0,0,0,0,0,0,0,0,0,0,0,14000,14000,0,0
048619,台表科凱基93購07,0,0,0,0,0,0,0,0,0,0,0,0,0,4000,4000,0,0
048593,華新科群益93購04,0,0,0,0,0,0,0,0,0,0,0,0,0,15000,15000,0,0
048603,中磊國票94購02  ,0,0,0,0,0,0,0,0,0,0,0,0,0,9000,9000,0,0
048340,聯發科元大93購25,0,0,0,0,0,0,0,0,0,0,0,0,0,110000,110000,0,0
048311,台積電凱基93購28,0,0,0,0,0,0,0,0,0,0,0,0,0,10000,10000,0,0
048328,滬深2X永昌94購01,0,0,0,0,0,0,0,0,0,0,0,0,0,1000,1000,0,0
051264,道瓊反富邦97購01,0,0,0,0,0,0,0,0,0,0,0,0,0,200000,200000,0,0
051313,緯創麥證95購02  ,0,0,0,20000,20000,0,0,0,0,0,0,0,0,20000,20000,0,0
051334,宏達電永豐95購01,0,0,0,0,0,0,0,0,0,0,0,0,0,10000,10000,0,0
051324,康友國票96購01  ,0,0,0,0,0,0,0,0,0,0,0,0,0,50000,50000,0,0
051327,元油2X永豐95購02,0,0,0,0,0,0,0,0,0,0,0,0,0,10000,10000,0,0
048256,鴻海統一93購08  ,0,0,0,0,0,0,0,0,0,0,0,0,0,20000,20000,0,0
050499,台達電凱基94購11,0,0,0,0,0,0,0,0,0,0,0,0,0,60000,60000,0,0
05049P,矽創永豐95售01  ,0,0,0,0,0,0,0,0,0,0,0,0,0,116000,116000,0,0
050495,大立光永昌96購01,0,0,0,0,0,0,0,0,0,0,0,0,0,20000,20000,0,0
048817,光寶科凱基94購02,0,0,0,0,0,0,0,0,0,0,0,0,0,1000,1000,0,0
048790,大立光元大95購05,0,0,0,0,0,0,0,0,0,0,0,0,0,7000,7000,0,0
048825,華新科凱基94購05,0,0,0,0,0,0,0,0,0,0,0,0,0,25000,25000,0,0
049664,聯發科永豐94購03,0,0,0,0,0,0,0,0,0,0,0,0,0,68000,68000,0,0
04964P,鴻海元大94售26  ,0,0,0,0,0,0,0,0,0,0,0,0,0,40000,40000,0,0
049681,旺宏統一94購04  ,0,0,0,0,0,0,0,0,0,0,0,0,0,50000,50000,0,0
049692,可成元大94購07  ,0,0,0,0,0,0,0,0,0,0,0,0,0,14000,14000,0,0
050660,欣興元大96購02  ,0,0,0,0,0,0,0,0,0,0,0,0,0,20000,20000,0,0
050343,鴻海元富94購01  ,0,0,0,0,0,0,0,0,0,0,0,0,0,17000,17000,0,0
050366,鴻海元大94購19  ,0,0,0,0,0,0,0,0,0,0,0,0,0,53000,53000,0,0
05098P,鴻海凱基95售15  ,0,0,0,0,0,0,0,0,0,0,0,0,0,30000,30000,0,0
051095,貿聯元大95購03  ,0,0,0,0,0,0,0,0,0,0,0,0,0,10000,10000,0,0
051061,中磊群益95購01  ,0,0,0,0,0,0,0,0,0,0,0,0,0,19000,19000,0,0
051130,百和群益96購01  ,0,0,0,0,0,0,0,0,0,0,0,0,0,100000,100000,0,0
051188,鴻海兆豐95購01  ,0,0,0,0,0,0,0,0,0,0,0,0,0,10000,10000,0,0
051747,貿聯國泰96購01  ,0,0,0,0,0,0,0,0,0,0,0,0,0,20000,20000,0,0
05178P,大立光凱基96售05,0,0,0,0,0,0,0,0,0,0,0,0,0,30000,30000,0,0
051869,康控凱基96購01  ,0,0,0,0,0,0,0,0,0,0,0,0,0,10000,10000,0,0
05187P,力山凱基95售01  ,0,0,0,0,0,0,0,0,0,0,0,0,0,36000,36000,0,0
052133,華邦電凱基9B購01,0,0,0,0,0,0,0,0,0,0,0,0,0,27000,27000,0,0
052052,嘉澤凱基95購02  ,0,0,0,0,0,0,0,0,0,0,0,0,0,6000,6000,0,0
052047,建準凱基96購01  ,0,0,0,0,0,0,0,0,0,0,0,0,0,1000,1000,0,0
051905,道瓊銀元大95購01,0,0,0,0,0,0,0,0,0,0,0,0,0,61000,61000,0,0
051910,大立光元大97購01,0,0,0,0,0,0,0,0,0,0,0,0,0,7000,7000,0,0
051973,華新科凱基96購04,0,0,0,0,0,0,0,0,0,0,0,0,0,5000,5000,0,0
051984,台塑元大95購01  ,0,0,0,0,0,0,0,0,0,0,0,0,0,14000,14000,0,0
052255,T50反1國泰96購01,0,0,0,0,0,0,0,0,0,0,0,0,0,396000,396000,0,0
052413,上証反中信97購01,0,0,0,0,0,0,0,0,0,0,0,0,0,20000,20000,0,0
052370,滬深2X元大95購04,0,0,0,0,0,0,0,0,0,0,0,0,0,120000,120000,0,0
052359,百和永豐95購01  ,0,0,0,0,0,0,0,0,0,0,0,0,0,100000,100000,0,0
052416,滬深2X兆豐96購02,0,0,0,0,0,0,0,0,0,0,0,0,0,100000,100000,0,0
053151,華新科元大96購04,0,0,0,0,0,0,0,0,0,0,0,0,0,6000,6000,0,0
053153,大立光元大99購02,0,0,0,0,0,0,0,0,0,0,0,0,0,13000,13000,0,0
053146,滬深2X元大96購08,0,0,0,0,0,0,0,0,0,0,0,0,0,11000,11000,0,0
053126,健策凱基97購02  ,0,0,0,0,0,0,0,0,0,0,0,0,0,24000,24000,0,0
053134,南亞科國票97購01,0,0,0,0,0,0,0,0,0,0,0,0,0,3000,3000,0,0
05318P,臺股指永昌95售03,0,0,0,0,0,0,0,0,0,0,0,0,0,50000,50000,0,0
053080,力山元大96購02  ,0,0,0,0,0,0,0,0,0,0,0,0,0,60000,60000,0,0
052955,國巨日盛96購01  ,0,0,0,0,0,0,0,0,0,0,0,0,0,88000,88000,0,0
052888,台表科中信9A購01,0,0,0,0,0,0,0,0,0,0,0,0,0,102000,102000,0,0
052870,玉晶光凱基96購03,0,0,0,0,0,0,0,0,0,0,0,0,0,48000,48000,0,0
052896,宏達電群益96購01,0,0,0,0,0,0,0,0,0,0,0,0,0,10000,10000,0,0
053008,達方永豐96購01  ,0,0,0,0,0,0,0,0,0,0,0,0,0,150000,150000,0,0
053016,鈺齊統一96購01  ,0,0,0,0,0,0,0,0,0,0,0,0,0,148000,148000,0,0
052988,智易元大96購02  ,0,0,0,0,0,0,0,0,0,0,0,0,0,10000,10000,0,0
052633,國巨凱基96購05  ,0,0,0,0,0,0,0,0,0,0,0,0,0,20000,20000,0,0
052537,力成富邦95購01  ,0,0,0,0,0,0,0,0,0,0,0,0,0,5000,5000,0,0
052527,泰鼎元大96購02  ,0,0,0,0,0,0,0,0,0,0,0,0,0,15000,15000,0,0
052517,滬深2X元大95購05,0,0,0,0,0,0,0,0,0,0,0,0,0,1000,1000,0,0
052570,華新科凱基96購06,0,0,0,0,0,0,0,0,0,0,0,0,0,5000,5000,0,0
052729,國巨國泰97購03  ,0,0,0,0,0,0,0,0,0,0,0,0,0,29000,29000,0,0
052710,玉晶光日盛96購01,0,0,0,0,0,0,0,0,0,0,0,0,0,5000,5000,0,0
052712,旺宏凱基96購02  ,0,0,0,0,0,0,0,0,0,0,0,0,0,63000,63000,0,0
052839,上海銀國泰97購01,0,0,0,0,0,0,0,0,0,0,0,0,0,2000,2000,0,0
053650,華邦電凱基98購01,0,0,0,0,0,0,0,0,0,0,0,0,0,200000,200000,0,0
053684,台積電元大96購17,0,0,0,0,0,0,0,0,0,0,0,0,0,299000,299000,0,0
053685,台積電元大96購18,0,0,0,0,0,0,0,0,0,0,0,0,0,150000,150000,0,0
053627,宏碁兆豐97購01  ,0,0,0,0,0,0,0,0,0,0,0,0,0,10000,10000,0,0
053719,可成凱基96購08  ,0,0,0,0,0,0,0,0,0,0,0,0,0,20000,20000,0,0
053819,大立光群益96購04,0,0,0,0,0,0,0,0,0,0,0,0,0,13000,13000,0,0
053791,同欣電元大96購05,0,0,0,0,0,0,0,0,0,0,0,0,0,5000,5000,0,0
053869,嘉澤元大96購02  ,0,0,0,0,0,0,0,0,0,0,0,0,0,10000,10000,0,0
05321P,鴻海凱基95售17  ,0,0,0,0,0,0,0,0,0,0,0,0,0,30000,30000,0,0
053319,可成群益96購04  ,0,0,0,0,0,0,0,0,0,0,0,0,0,10000,10000,0,0
053384,聯發科元大96購13,0,0,0,0,0,0,0,0,0,0,0,0,0,1132000,1132000,0,0
053382,友達元大9C購02  ,0,0,0,0,0,0,0,0,0,0,0,0,0,52000,52000,0,0
053502,智伸科兆豐97購01,0,0,0,0,0,0,0,0,0,0,0,0,0,10000,10000,0,0
053505,瑞儀兆豐97購01  ,0,0,0,0,0,0,0,0,0,0,0,0,0,10000,10000,0,0
054260,貿聯元大96購03  ,0,0,0,0,0,0,0,0,0,0,0,0,0,10000,10000,0,0
05426P,聯發科凱基95售12,0,0,0,0,0,0,0,0,0,0,0,0,0,33000,33000,0,0
054255,亞光元大96購05  ,0,0,0,0,0,0,0,0,0,0,0,0,0,100000,100000,0,0
054453,上海銀亞東96購01,0,0,0,0,0,0,0,0,0,0,0,0,0,2000,2000,0,0
054484,仁寶台新96購01  ,0,0,0,0,0,0,0,0,0,0,0,0,0,38000,38000,0,0
053963,百和永豐96購01  ,0,0,0,0,0,0,0,0,0,0,0,0,0,136000,136000,0,0
053923,亞光國票97購01  ,0,0,0,0,0,0,0,0,0,0,0,0,0,20000,20000,0,0
053902,S&P反1凱基97購01,0,0,0,0,0,0,0,0,0,0,0,0,0,264000,264000,0,0
05387P,鴻海元大95售21  ,0,0,0,0,0,0,0,0,0,0,0,0,0,52000,52000,0,0
8488,吉源-KY         ,1000,1000,0,0,0,0,0,0,0,0,0,0,0,0,0,0,0
8442,威宏-KY         ,4000,5000,-1000,0,0,0,0,0,0,1000,1000,0,1000,0,0,0,0
6215,和椿            ,2000,2000,0,0,0,0,0,0,0,0,0,0,0,0,0,0,0
6172,互億            ,1000,1000,0,0,0,0,0,0,0,0,0,0,0,0,0,0,0
6128,上福            ,2000,2000,0,0,0,0,0,0,0,0,0,0,0,0,0,0,0
6133,金橋            ,0,0,0,0,0,0,0,0,0,0,1000,1000,0,0,0,0,0
5007,三星            ,2000,2000,0,0,0,0,0,0,0,0,0,0,0,0,0,0,0
4989,榮科            ,3000,3000,0,0,0,0,0,0,0,0,0,0,0,0,0,0,0
3164,景岳            ,1000,1000,0,0,0,0,0,0,0,0,0,0,0,0,0,0,0
3054,立萬利          ,1000,1000,0,0,0,0,0,0,0,0,0,0,0,0,0,0,0
4722,國精化          ,1000,1000,0,0,0,0,0,0,0,0,0,0,0,0,0,0,0
4133,亞諾法          ,23000,23000,0,0,0,0,0,0,0,0,0,0,0,0,0,0,0
05932P,鴻海凱基96售16  ,0,0,0,0,0,0,0,0,0,0,0,0,0,20000,20000,0,0
05933P,鴻海凱基97售03  ,0,0,0,0,0,0,0,0,0,0,0,0,0,20000,20000,0,0
05918P,大立光元大96售11,0,0,0,0,0,0,0,0,0,0,0,0,0,6000,6000,0,0
05872P,大立光凱基96售15,0,0,0,0,0,0,0,0,0,0,0,0,0,5000,5000,0,0
05865P,大立光元大96售09,0,0,0,0,0,0,0,0,0,0,0,0,0,4000,4000,0,0
05786P,臺股指永昌96售03,0,0,0,0,0,0,0,0,0,0,260000,0,260000,280000,540000,-260000,0
05788P,臺股指永昌96售05,0,0,0,0,0,0,0,0,0,0,390000,0,390000,150000,540000,-390000,0
05768P,台積電凱基96售15,0,0,0,0,0,0,0,0,0,0,0,0,0,140000,140000,0,0
05769P,台積電凱基96售16,0,0,0,0,0,0,0,0,0,0,0,0,0,50000,50000,0,0
05771P,大立光凱基96售13,0,0,0,0,0,0,0,0,0,0,0,0,0,1000,1000,0,0
05851P,力山群益97售01  ,0,0,0,0,0,0,0,0,0,0,0,0,0,10000,10000,0,0
05845P,大立光元大96售06,0,0,0,0,0,0,0,0,0,0,0,0,0,50000,50000,0,0
05846P,大立光元大96售07,0,0,0,0,0,0,0,0,0,0,0,0,0,50000,50000,0,0
05741P,聯發科元大96售14,0,0,0,0,0,0,0,0,0,0,0,0,0,121000,121000,0,0
05709P,大立光國票97售01,0,0,0,0,0,0,0,0,0,0,0,0,0,1000,1000,0,0
057051,群創元大9B購03  ,0,0,0,0,0,0,0,0,0,0,0,0,0,48000,48000,0,0
057042,台積電元大98購10,0,0,0,0,0,0,0,0,0,0,0,0,0,212000,212000,0,0
06095P,燿華永豐97售01  ,0,0,0,0,0,0,0,0,0,0,0,0,0,8000,8000,0,0
06147P,國巨元大97售05  ,0,0,0,0,0,0,0,0,0,0,0,0,0,50000,50000,0,0
06206P,台積電凱基97售11,0,0,0,0,0,0,0,0,0,0,0,0,0,63000,63000,0,0
06208P,台郡凱基97售03  ,0,0,0,0,0,0,0,0,0,0,0,0,0,3000,3000,0,0
06188P,大立光元富97售01,0,0,0,0,0,0,0,0,0,0,0,0,0,5000,5000,0,0
06191P,鴻海群益97售03  ,0,0,0,0,0,0,0,0,0,0,0,0,0,60000,60000,0,0
06267P,大立光凱基97售12,0,0,0,0,0,0,0,0,0,0,0,0,0,5000,5000,0,0
06354P,大立光永豐97售04,0,0,0,0,0,0,0,0,0,0,0,0,0,6000,6000,0,0
06415P,台積電群益97售07,0,0,0,0,0,0,0,0,0,0,0,0,0,10000,10000,0,0
06399P,台表科凱基97售05,0,0,0,0,0,0,0,0,0,0,0,0,0,60000,60000,0,0
06403P,鴻海元富97售15  ,0,0,0,0,0,0,0,0,0,0,0,0,0,40000,40000,0,0
06445P,大立光凱基98售09,0,0,0,0,0,0,0,0,0,0,0,0,0,2000,2000,0,0
2462,良得電          ,4000,4000,0,0,0,0,0,0,0,0,0,0,0,0,0,0,0
2024,志聯            ,2000,2000,0,0,0,0,0,0,0,0,0,0,0,0,0,0,0
2033,佳大            ,1000,1000,0,0,0,0,0,0,0,0,0,0,0,0,0,0,0
2901,欣欣            ,1000,1000,0,0,0,0,0,0,0,0,0,0,0,0,0,0,0
2613,中櫃            ,1000,1000,0,0,0,0,0,0,0,0,0,0,0,0,0,0,0
1533,車王電          ,2000,2000,0,0,0,0,0,0,0,0,0,0,0,0,0,0,0
1423,利華            ,3000,3000,0,0,0,0,0,0,0,0,0,0,0,0,0,0,0
1472,三洋紡          ,0,1000,-1000,0,0,0,0,0,0,1000,1000,0,1000,0,0,0,0
1454,台富            ,2000,2000,0,0,0,0,0,0,0,0,0,0,0,0,0,0,0
06493P,聯發科永豐98售02,0,0,0,0,0,0,0,0,0,0,0,0,0,99000,99000,0,0
06497P,大立光凱基98售11,0,0,0,0,0,0,0,0,0,0,0,0,0,1000,1000,0,0
06567P,鴻海永豐98售02  ,0,0,0,0,0,0,0,0,0,0,0,0,0,20000,20000,0,0
06587P,國巨元大98售13  ,0,0,0,0,0,0,0,0,0,0,0,0,0,25000,25000,0,0
06543P,鴻海元大98售08  ,0,0,0,0,0,0,0,0,0,0,0,0,0,50000,50000,0,0
06544P,鴻海元大98售09  ,0,0,0,0,0,0,0,0,0,0,0,0,0,417000,417000,0,0
1225,福懋油          ,1000,1000,0,0,0,0,0,0,0,0,0,0,0,0,0,0,0
1325,恆大            ,0,3000,-3000,0,0,0,0,0,0,3000,0,0,0,3000,0,3000,0
1110,東泥            ,1000,1000,0,0,0,0,0,0,0,0,0,0,0,0,0,0,0
054643,上証2X群益9B購01,0,0,0,0,0,0,0,0,0,-1000,0,0,0,0,1000,-1000,-1000
054665,華通元富97購02  ,0,0,0,0,0,0,0,0,0,-1000,0,0,0,20000,21000,-1000,-1000
054703,聯發科第一97購01,0,0,0,0,0,0,0,0,0,-1000,0,0,0,0,1000,-1000,-1000
054796,康普群益98購01  ,0,0,0,0,0,0,0,0,0,-1000,0,0,0,0,1000,-1000,-1000
054869,新光金群益97購01,0,0,0,0,0,0,0,0,0,-1000,0,0,0,0,1000,-1000,-1000
054944,精元元大97購01  ,0,0,0,0,0,0,0,0,0,-1000,0,0,0,2000,3000,-1000,-1000
055101,台肥凱基97購01  ,0,0,0,0,0,0,0,0,0,-1000,0,0,0,0,1000,-1000,-1000
055038,華航富邦99購01  ,0,0,0,0,0,0,0,0,0,-1000,0,0,0,2000,3000,-1000,-1000
055047,南港永豐97購01  ,0,0,0,0,0,0,0,0,0,-1000,0,0,0,0,1000,-1000,-1000
055053,瑞昱永豐97購01  ,0,0,0,0,0,0,0,0,0,-1000,0,0,0,10000,11000,-1000,-1000
05539P,鎧勝永豐96售01  ,0,0,0,0,0,0,0,0,0,-1000,0,0,0,0,1000,-1000,-1000
055344,國巨凱基97購04  ,0,0,0,0,0,0,0,0,0,-1000,0,0,0,10000,11000,-1000,-1000
05527P,聯茂群益96售01  ,0,0,0,0,0,0,0,0,0,-1000,0,0,0,10000,11000,-1000,-1000
055447,華新科統一97購04,0,0,0,0,0,0,0,0,0,-1000,0,0,0,171000,172000,-1000,-1000
055560,大立光凱基97購10,0,0,0,0,0,0,0,0,0,-1000,0,0,0,0,1000,-1000,-1000
05556P,全新國票96售04  ,0,0,0,0,0,0,0,0,0,-1000,0,0,0,15000,16000,-1000,-1000
05565P,鎧勝元大96售01  ,0,0,0,0,0,0,0,0,0,-1000,0,0,0,0,1000,-1000,-1000
055719,可成元大97購03  ,0,0,0,0,0,0,0,0,0,-1000,0,0,0,0,1000,-1000,-1000
056725,鴻海國票99購03  ,0,0,0,0,0,0,0,0,0,-1000,0,0,0,0,1000,-1000,-1000
056820,欣興永豐98購02  ,0,0,0,0,0,0,0,0,0,-1000,0,0,0,94000,95000,-1000,-1000
057038,元油2X元大9B購06,0,0,0,0,0,0,0,0,0,-1000,0,0,0,0,1000,-1000,-1000
056993,GIS兆豐99購01   ,0,0,0,0,0,0,0,0,0,-1000,0,0,0,0,1000,-1000,-1000
056953,智邦富邦98購02  ,0,0,0,0,0,0,0,0,0,-1000,0,0,0,0,1000,-1000,-1000
056904,大立光元大99購05,0,0,0,0,0,0,0,0,0,-1000,0,0,0,5000,6000,-1000,-1000
056900,可成元大98購02  ,0,0,0,0,0,0,0,0,0,-1000,0,0,0,20000,21000,-1000,-1000
056940,嘉聯益元富98購01,0,0,0,0,0,0,0,0,0,-1000,0,0,0,0,1000,-1000,-1000
056479,玉晶光元大99購05,0,0,0,0,0,0,0,0,0,-1000,0,0,0,16000,17000,-1000,-1000
056441,燿華凱基98購01  ,0,0,0,0,0,0,0,0,0,-1000,0,0,0,6000,7000,-1000,-1000
056613,旺宏永豐98購01  ,0,0,0,0,0,0,0,0,0,-1000,0,0,0,24000,25000,-1000,-1000
056665,上証2X國票99購02,0,0,0,0,0,0,0,0,0,-1000,0,0,0,0,1000,-1000,-1000
056640,元油2X凱基9A購01,0,0,0,0,0,0,0,0,0,-1000,0,0,0,0,1000,-1000,-1000
055811,國巨國票98購05  ,0,0,0,0,0,0,0,0,0,-1000,0,0,0,0,1000,-1000,-1000
055900,瀚宇博中信97購01,0,0,0,0,0,0,0,0,0,-1000,0,0,0,0,1000,-1000,-1000
056347,GIS凱基9A購01   ,0,0,0,0,0,0,0,0,0,-1000,0,0,0,12000,13000,-1000,-1000
056320,京鼎群益99購01  ,0,0,0,0,0,0,0,0,0,-1000,0,0,0,10000,11000,-1000,-1000
047336,臺股指元大93購31,0,0,0,0,0,0,0,0,0,-1000,0,0,0,0,1000,-1000,-1000
047339,臺股指元大93購34,0,0,0,0,0,0,0,0,0,-1000,0,0,0,1000,2000,-1000,-1000
046540,創意群益92購04  ,0,0,0,0,0,0,0,0,0,-1000,0,0,0,0,1000,-1000,-1000
046521,台郡元大92購06  ,0,0,0,0,0,0,0,0,0,-1000,0,0,0,0,1000,-1000,-1000
047249,欣興群益93購03  ,0,0,0,0,0,0,0,0,0,-1000,0,0,0,0,1000,-1000,-1000
047121,訊芯元大93購03  ,0,0,0,0,0,0,0,0,0,-1000,0,0,0,0,1000,-1000,-1000
050553,緯穎凱基94購06  ,0,0,0,0,0,0,0,0,0,-1000,0,0,0,0,1000,-1000,-1000
050393,樺漢統一94購01  ,0,0,0,0,0,0,0,0,0,-1000,0,0,0,30000,31000,-1000,-1000
049493,可成元大94購05  ,0,0,0,0,0,0,0,0,0,-1000,0,0,0,0,1000,-1000,-1000
048695,滬深2X國票95購03,0,0,0,0,0,0,0,0,0,-1000,0,0,0,0,1000,-1000,-1000
048019,GIS麥證94購01   ,0,0,0,0,1000,-1000,0,0,0,-1000,0,0,0,0,1000,-1000,-1000
047946,南亞科統一93購04,0,0,0,0,0,0,0,0,0,-1000,0,0,0,0,1000,-1000,-1000
047872,貿聯永豐93購02  ,0,0,0,0,0,0,0,0,0,-1000,0,0,0,0,1000,-1000,-1000
047892,康控兆豐94購01  ,0,0,0,0,0,0,0,0,0,-1000,0,0,0,0,1000,-1000,-1000
047860,臺股指國票93購15,0,0,0,0,0,0,0,0,0,-1000,0,0,0,0,1000,-1000,-1000
047635,華新元大93購01  ,0,0,0,0,0,0,0,0,0,-1000,0,0,0,0,1000,-1000,-1000
046411,新光金元大92購01,0,0,0,0,0,0,0,0,0,-1000,0,0,0,0,1000,-1000,-1000
045948,臺股指兆豐92購01,0,0,0,0,0,0,0,0,0,-1000,0,0,0,0,1000,-1000,-1000
04598P,光罩凱基94售03  ,0,0,0,0,0,0,0,0,0,-1000,0,0,0,0,1000,-1000,-1000
047013,超眾元富96購01  ,0,0,0,0,0,0,0,0,0,-1000,0,0,0,0,1000,-1000,-1000
047000,和大統一93購01  ,0,0,0,0,0,0,0,0,0,-1000,0,0,0,0,1000,-1000,-1000
04586P,光罩永豐94售02  ,0,0,0,0,0,0,0,0,0,-1000,0,0,0,0,1000,-1000,-1000
046976,國巨永豐93購02  ,0,0,0,0,0,0,0,0,0,-1000,0,0,0,2000,3000,-1000,-1000
04370P,聯茂凱基94售05  ,0,0,0,0,0,0,0,0,0,-1000,0,0,0,0,1000,-1000,-1000
04357P,智易永豐94售01  ,0,0,0,0,0,0,0,0,0,-1000,0,0,0,0,1000,-1000,-1000
04336P,台達電元大93售04,0,0,0,0,0,0,0,0,0,-1000,0,0,0,0,1000,-1000,-1000
043381,大立光元大93購02,0,0,0,0,0,0,0,0,0,-1000,0,0,0,0,1000,-1000,-1000
045386,新光金元大93購02,0,0,0,0,0,0,0,0,0,-1000,0,0,0,0,1000,-1000,-1000
044258,超眾元大92購02  ,0,0,0,0,0,0,0,0,0,-1000,0,0,0,0,1000,-1000,-1000
044305,瀚宇博兆豐93購01,0,0,0,0,0,0,0,0,0,-1000,0,0,0,0,1000,-1000,-1000
042953,鴻海台新01購01  ,0,0,0,0,0,0,0,0,0,-1000,0,0,0,8000,9000,-1000,-1000
042915,大立光元大93購01,0,0,0,0,0,0,0,0,0,-1000,0,0,0,0,1000,-1000,-1000
04291P,鴻海富邦93售04  ,0,0,0,0,0,0,0,0,0,-1000,0,0,0,599000,600000,-1000,-1000
042929,台積電中信95購02,0,0,0,0,0,0,0,0,0,-1000,0,0,0,0,1000,-1000,-1000
042705,台積電亞東93購01,0,0,0,0,0,0,0,0,0,-1000,0,0,0,0,1000,-1000,-1000
042903,金寶元大94購01  ,0,0,0,0,0,0,0,0,0,-1000,0,0,0,50000,51000,-1000,-1000
047730,矽力群益93購02  ,0,0,0,0,0,0,0,0,0,-1000,0,0,0,10000,11000,-1000,-1000
047704,智邦凱基93購06  ,0,0,0,0,0,0,0,0,0,-1000,0,0,0,102000,103000,-1000,-1000
045013,大立光元大93購04,0,0,0,0,0,0,0,0,0,-1000,0,0,0,0,1000,-1000,-1000
045106,玉晶光群益95購01,0,0,0,0,0,0,0,0,0,-1000,0,0,0,24000,25000,-1000,-1000
044935,玉晶光元大93購03,0,0,0,0,0,0,0,0,0,-1000,0,0,0,0,1000,-1000,-1000
04264P,宏碁統一93售01  ,0,0,0,0,0,0,0,0,0,-1000,0,0,0,0,1000,-1000,-1000
042280,元石油富邦96購01,0,0,0,0,0,0,0,0,0,-1000,0,0,0,0,1000,-1000,-1000
03481P,欣興群益02售08  ,0,0,0,0,0,0,0,0,0,-1000,0,0,0,0,1000,-1000,-1000
03394P,聯電國泰04售01  ,0,0,0,0,0,0,0,0,0,-1000,0,0,0,0,1000,-1000,-1000
03868P,統一凱基93售02  ,0,0,0,0,0,0,0,0,0,-1000,0,0,0,0,1000,-1000,-1000
038489,T50反1台新9A購01,0,0,0,0,0,0,0,0,0,-1000,0,0,0,0,1000,-1000,-1000
03583P,微星元大02售03  ,0,0,0,0,0,0,0,0,0,-1000,0,0,0,0,1000,-1000,-1000
04157P,鎧勝永豐93售02  ,0,0,0,0,0,0,0,0,0,-1000,0,0,0,0,1000,-1000,-1000
04121P,宏碁凱基93售02  ,0,0,0,0,0,0,0,0,0,-1000,0,0,0,0,1000,-1000,-1000
04021P,寶滬深元富93售01,0,0,0,0,0,0,0,0,0,-1000,0,0,0,2000,3000,-1000,-1000
03237P,大立光元大02售04,0,0,0,0,0,0,0,0,0,-1000,0,0,0,0,1000,-1000,-1000
04176P,台達電元大94售01,0,0,0,0,0,0,0,0,0,-1000,0,0,0,0,1000,-1000,-1000
03078X,元展73          ,0,0,0,0,0,0,0,0,0,-1000,0,0,0,0,1000,-1000,-1000
00774C,新光中政金綠債+R,0,0,0,0,0,0,0,0,0,-1000,0,0,0,0,1000,-1000,-1000
00735,國泰臺韓科技    ,0,0,0,0,0,0,0,0,0,-1000,0,0,0,102000,103000,-1000,-1000
0051,元大中型100     ,0,0,0,0,0,0,0,0,0,-1000,0,0,0,0,1000,-1000,-1000
051184,聯發科永豐95購03,0,0,0,0,0,0,0,0,0,-1000,0,0,0,0,1000,-1000,-1000
051039,台表科康和95購01,0,0,0,0,0,0,0,0,0,-1000,0,0,0,0,1000,-1000,-1000
05108P,欣興中信95售02  ,0,0,0,0,0,0,0,0,0,-1000,0,0,0,30000,31000,-1000,-1000
051102,訊芯元大96購01  ,0,0,0,0,0,0,0,0,0,-1000,0,0,0,0,1000,-1000,-1000
051057,信邦群益95購01  ,0,0,0,0,0,0,0,0,0,-1000,0,0,0,10000,11000,-1000,-1000
050359,T50反1元大94購05,0,0,0,0,0,0,0,0,0,-1000,0,0,0,0,1000,-1000,-1000
050650,大立光凱基96購01,0,0,0,0,0,0,0,0,0,-1000,0,0,0,0,1000,-1000,-1000
049656,臺股指凱基94購17,0,0,0,0,0,0,0,0,0,-1000,0,0,0,0,1000,-1000,-1000
048874,玉晶光國票96購01,0,0,0,0,0,0,0,0,0,-1000,0,0,0,20000,21000,-1000,-1000
048835,牧德凱基94購02  ,0,0,0,0,0,0,0,0,0,-1000,0,0,0,6000,7000,-1000,-1000
049597,泰鼎元大96購01  ,0,0,0,0,0,0,0,0,0,-1000,0,0,0,0,1000,-1000,-1000
048779,美利達凱基94購01,0,0,0,0,0,0,0,0,0,-1000,0,0,0,0,1000,-1000,-1000
050483,樺漢國票94購01  ,0,0,0,0,0,0,0,0,0,-1000,0,0,0,39000,40000,-1000,-1000
051289,大立光統一96購01,0,0,0,0,0,0,0,0,0,-1000,0,0,0,0,1000,-1000,-1000
04856P,光磊元富94售01  ,0,0,0,0,0,0,0,0,0,-1000,0,0,0,0,1000,-1000,-1000
048579,華新富邦93購01  ,0,0,0,0,0,0,0,0,0,-1000,0,0,0,0,1000,-1000,-1000
050875,訊芯永豐95購01  ,0,0,0,0,0,0,0,0,0,-1000,0,0,0,0,1000,-1000,-1000
048485,泰鼎國泰94購02  ,0,0,0,0,0,0,0,0,0,-1000,0,0,0,0,1000,-1000,-1000
049778,宏達電統一94購02,0,0,0,0,0,0,0,0,0,-1000,0,0,0,0,1000,-1000,-1000
048646,上緯控元大93購01,0,0,0,0,0,0,0,0,0,-1000,0,0,0,0,1000,-1000,-1000
051449,玉晶光元大96購01,0,0,0,0,0,0,0,0,0,-1000,0,0,0,0,1000,-1000,-1000
051447,新光金元大97購01,0,0,0,0,0,0,0,0,0,-1000,0,0,0,0,1000,-1000,-1000
051691,台表科凱基95購01,0,0,0,0,0,0,0,0,0,-1000,0,0,0,0,1000,-1000,-1000
051672,玉晶光元大96購03,0,0,0,0,0,0,0,0,0,-1000,0,0,0,0,1000,-1000,-1000
051349,國巨元大95購08  ,0,0,0,0,0,0,0,0,0,-1000,0,0,0,2000,3000,-1000,-1000
052127,日月光國票96購01,0,0,0,0,0,0,0,0,0,-1000,0,0,0,49000,50000,-1000,-1000
052128,聯發科日盛95購03,0,0,0,0,0,0,0,0,0,-1000,0,0,0,0,1000,-1000,-1000
051340,健策永豐95購03  ,0,0,0,0,0,0,0,0,0,-1000,0,0,0,384000,385000,-1000,-1000
048204,訊芯元大93購06  ,0,0,0,0,0,0,0,0,0,-1000,0,0,0,0,1000,-1000,-1000
050185,和鑫元大95購02  ,0,0,0,0,0,0,0,0,0,-1000,0,0,0,0,1000,-1000,-1000
050198,緯穎元大94購09  ,0,0,0,0,0,0,0,0,0,-1000,0,0,0,1000,2000,-1000,-1000
050237,智邦凱基94購03  ,0,0,0,0,0,0,0,0,0,-1000,0,0,0,5000,6000,-1000,-1000
049353,茂林永豐94購03  ,0,0,0,0,0,0,0,0,0,-1000,0,0,0,0,1000,-1000,-1000
049414,台積電凱基94購18,0,0,0,0,0,0,0,0,0,-1000,0,0,0,0,1000,-1000,-1000
049430,國巨國票95購02  ,0,0,0,0,0,0,0,0,0,-1000,0,0,0,0,1000,-1000,-1000
048176,美利達國泰94購01,0,0,0,0,0,0,0,0,0,-1000,0,0,0,0,1000,-1000,-1000
049939,臺股指元大94購20,0,0,0,0,0,0,0,0,0,-1000,0,0,0,0,1000,-1000,-1000
048136,聯茂國票93購04  ,0,0,0,0,0,0,0,0,0,-1000,0,0,0,0,1000,-1000,-1000
050911,光磊中信98購01  ,0,0,0,0,0,0,0,0,0,-1000,0,0,0,0,1000,-1000,-1000
054114,新光金台新97購01,0,0,0,0,0,0,0,0,0,-1000,0,0,0,0,1000,-1000,-1000
054386,鴻海統一98購03  ,0,0,0,0,0,0,0,0,0,-1000,0,0,0,160000,161000,-1000,-1000
054392,華通永豐96購05  ,0,0,0,0,0,0,0,0,0,-1000,0,0,0,0,1000,-1000,-1000
05424P,台達電亞東96售02,0,0,0,0,0,0,0,0,0,-1000,0,0,0,0,1000,-1000,-1000
054225,華新元富96購01  ,0,0,0,0,0,0,0,0,0,-1000,0,0,0,0,1000,-1000,-1000
054319,世紀鋼凱基96購02,0,0,0,0,0,0,0,0,0,-1000,0,0,0,0,1000,-1000,-1000
053544,華新凱基96購01  ,0,0,0,0,0,0,0,0,0,-1000,0,0,0,0,1000,-1000,-1000
053397,國泰金中信96購01,0,0,0,0,0,0,0,0,0,-1000,0,0,0,0,1000,-1000,-1000
053443,智邦凱基97購01  ,0,0,0,0,0,0,0,0,0,-1000,0,0,0,63000,64000,-1000,-1000
053438,玉晶光麥證97購02,0,0,0,11000,13000,-2000,0,0,0,-1000,0,0,0,12000,13000,-1000,-1000
053313,世紀鋼凱基96購01,0,0,0,0,0,0,0,0,0,-1000,0,0,0,0,1000,-1000,-1000
053839,華通統一96購01  ,0,0,0,0,0,0,0,0,0,-1000,0,0,0,0,1000,-1000,-1000
053715,美律凱基96購04  ,0,0,0,0,0,0,0,0,0,-1000,0,0,0,0,1000,-1000,-1000
053780,南亞科元大96購03,0,0,0,0,0,0,0,0,0,-1000,0,0,0,20000,21000,-1000,-1000
053623,臺股指群益96購09,0,0,0,0,0,0,0,0,0,-1000,0,0,0,20000,21000,-1000,-1000
053550,聯發科凱基96購15,0,0,0,0,0,0,0,0,0,-1000,0,0,0,0,1000,-1000,-1000
053644,台表科國票97購03,0,0,0,0,0,0,0,0,0,-1000,0,0,0,42000,43000,-1000,-1000
052566,國巨凱基96購04  ,0,0,0,0,0,0,0,0,0,-1000,0,0,0,0,1000,-1000,-1000
052524,新光金元大9B購01,0,0,0,0,0,0,0,0,0,-1000,0,0,0,0,1000,-1000,-1000
052637,欣興凱基97購01  ,0,0,0,0,0,0,0,0,0,-1000,0,0,0,0,1000,-1000,-1000
052662,華新科國票97購01,0,0,0,0,0,0,0,0,0,-1000,0,0,0,8000,9000,-1000,-1000
052991,台積電台新96購01,0,0,0,0,0,0,0,0,0,-1000,0,0,0,0,1000,-1000,-1000
052957,T50反1凱基99購01,0,0,0,0,0,0,0,0,0,-1000,0,0,0,0,1000,-1000,-1000
052909,上銀統一96購01  ,0,0,0,0,0,0,0,0,0,-1000,0,0,0,0,1000,-1000,-1000
052946,智原國票97購02  ,0,0,0,0,0,0,0,0,0,-1000,0,0,0,0,1000,-1000,-1000
052465,聯詠統一95購02  ,0,0,0,0,0,0,0,0,0,-1000,0,0,0,0,1000,-1000,-1000
052346,訊芯凱基95購01  ,0,0,0,0,0,0,0,0,0,-1000,0,0,0,68000,69000,-1000,-1000
052401,智原凱基95購01  ,0,0,0,0,0,0,0,0,0,-1000,0,0,0,0,1000,-1000,-1000
052281,全新凱基97購01  ,0,0,0,0,0,0,0,0,0,-1000,0,0,0,0,1000,-1000,-1000
051925,瀚宇博第一95購01,0,0,0,0,0,0,0,0,0,-1000,0,0,0,0,1000,-1000,-1000
052011,欣興中信96購01  ,0,0,0,0,0,0,0,0,0,-1000,0,0,0,10000,11000,-1000,-1000
051828,微星元大95購03  ,0,0,0,0,0,0,0,0,0,-1000,0,0,0,0,1000,-1000,-1000
051834,南電元大96購02  ,0,0,0,0,0,0,0,0,0,-1000,0,0,0,0,1000,-1000,-1000
051766,泰鼎元大95購02  ,0,0,0,0,0,0,0,0,0,-1000,0,0,0,0,1000,-1000,-1000
051769,矽力元大95購01  ,0,0,0,0,0,0,0,0,0,-1000,0,0,0,4000,5000,-1000,-1000
051736,旺宏國票96購01  ,0,0,0,0,0,0,0,0,0,-1000,0,0,0,0,1000,-1000,-1000
1235,興泰            ,0,0,0,0,0,0,0,0,0,-1000,0,1000,-1000,0,0,0,-1000
1256,鮮活果汁-KY     ,13000,14000,-1000,0,0,0,0,0,0,0,0,0,0,0,0,0,-1000
1232,大統益          ,5000,6000,-1000,0,0,0,0,0,0,0,0,0,0,0,0,0,-1000
06533P,上証2X中信9B售01,0,0,0,0,0,0,0,0,0,-1000,0,0,0,0,1000,-1000,-1000
06564P,國巨富邦9A售04  ,0,0,0,0,0,0,0,0,0,-1000,0,0,0,0,1000,-1000,-1000
06566P,華通永豐98售03  ,0,0,0,0,0,0,0,0,0,-1000,0,0,0,136000,137000,-1000,-1000
1535,中宇            ,0,1000,-1000,0,0,0,0,0,0,0,0,0,0,0,0,0,-1000
1516,川飛            ,0,1000,-1000,0,0,0,0,0,0,0,0,0,0,0,0,0,-1000
1466,聚隆            ,0,0,0,0,0,0,0,0,0,-1000,0,1000,-1000,0,0,0,-1000
1817,凱撒衛          ,0,1000,-1000,0,0,0,0,0,0,0,0,0,0,0,0,0,-1000
1713,國化            ,0,0,0,0,0,0,0,0,0,-1000,0,1000,-1000,0,0,0,-1000
1617,榮星            ,0,1000,-1000,0,0,0,0,0,0,0,0,0,0,0,0,0,-1000
2546,根基            ,10000,11000,-1000,0,0,0,0,0,0,0,0,0,0,0,0,0,-1000
2597,潤弘            ,1000,3000,-2000,0,0,0,0,0,0,1000,1000,0,1000,0,0,0,-1000
2939,凱羿-KY         ,40000,41000,-1000,0,0,0,0,0,0,0,0,0,0,0,0,0,-1000
2239,英利-KY         ,0,1000,-1000,0,0,0,0,0,0,0,0,0,0,0,0,0,-1000
2243,宏旭-KY         ,1000,2000,-1000,0,0,0,0,0,0,0,0,0,0,0,0,0,-1000
06234P,亞德客元大97售02,0,0,0,0,0,0,0,0,0,-1000,0,0,0,372000,373000,-1000,-1000
06251P,臺股指永昌97售03,0,0,0,0,0,0,0,0,0,-1000,0,0,0,1000,2000,-1000,-1000
06254P,臺股指群益97售07,0,0,0,0,0,0,0,0,0,-1000,0,0,0,0,1000,-1000,-1000
06340P,鴻海統一98售06  ,0,0,0,0,0,0,0,0,0,-1000,0,0,0,5000,6000,-1000,-1000
06161P,聯發科群益97售03,0,0,0,0,0,0,0,0,0,-1000,0,0,0,9000,10000,-1000,-1000
06085P,義隆台新97售01  ,0,0,0,0,0,0,0,0,0,-1000,0,0,0,0,1000,-1000,-1000
06116P,臺股指日盛97售01,0,0,0,0,0,0,0,0,0,-1000,0,0,0,0,1000,-1000,-1000
06097P,茂林永豐97售01  ,0,0,0,0,0,0,0,0,0,-1000,0,0,0,0,1000,-1000,-1000
06131P,京鼎元富97售02  ,0,0,0,0,0,0,0,0,0,-1000,0,0,0,5000,6000,-1000,-1000
05756P,臺股指中信99售05,0,0,0,0,0,0,0,0,0,-1000,0,0,0,0,1000,-1000,-1000
05750P,臺股指群益99售04,0,0,0,0,0,0,0,0,0,-1000,0,0,0,0,1000,-1000,-1000
05758P,光罩永豐96售02  ,0,0,0,0,0,0,0,0,0,-1000,0,0,0,0,1000,-1000,-1000
05847P,大立光元大96售08,0,0,0,0,0,0,0,0,0,-1000,0,0,0,23000,24000,-1000,-1000
05880P,創意康和96售01  ,0,0,0,0,0,0,0,0,0,-1000,0,0,0,0,1000,-1000,-1000
05908P,大立光元富96售05,0,0,0,0,0,0,0,0,0,-1000,0,0,0,10000,11000,-1000,-1000
05988P,光磊元富96售02  ,0,0,0,0,0,0,0,0,0,-1000,0,0,0,0,1000,-1000,-1000
06029P,聯發科台新96售02,0,0,0,0,0,0,0,0,0,-1000,0,0,0,4000,5000,-1000,-1000
4720,德淵            ,0,0,0,0,0,0,0,0,0,-1000,0,1000,-1000,0,0,0,-1000
4555,氣立            ,0,1000,-1000,0,0,0,0,0,0,0,0,0,0,0,0,0,-1000
4557,永新-KY         ,0,1000,-1000,0,0,0,0,0,0,0,0,0,0,0,0,0,-1000
3591,艾笛森          ,1000,2000,-1000,0,0,0,0,0,0,0,0,0,0,0,0,0,-1000
3040,遠見            ,0,1000,-1000,0,0,0,0,0,0,0,0,0,0,0,0,0,-1000
3025,星通            ,4000,5000,-1000,0,0,0,0,0,0,0,0,0,0,0,0,0,-1000
3266,昇陽            ,2000,1000,1000,0,0,0,0,0,0,-2000,1000,3000,-2000,0,0,0,-1000
3494,誠研            ,0,1000,-1000,0,0,0,0,0,0,0,0,0,0,0,0,0,-1000
5284,jpp-KY          ,0,1000,-1000,0,0,0,0,0,0,0,0,0,0,0,0,0,-1000
6431,光麗-KY         ,0,1000,-1000,0,0,0,0,0,0,0,0,0,0,0,0,0,-1000
8443,阿瘦            ,0,1000,-1000,0,0,0,0,0,0,0,0,0,0,0,0,0,-1000
8466,美吉吉-KY       ,2000,3000,-1000,0,0,0,0,0,0,0,0,0,0,0,0,0,-1000
8374,羅昇            ,0,1000,-1000,0,0,0,0,0,0,0,0,0,0,0,0,0,-1000
8201,無敵            ,3000,3000,0,0,0,0,0,0,0,-1000,0,1000,-1000,0,0,0,-1000
6671,三能-KY         ,0,1000,-1000,0,0,0,0,0,0,0,0,0,0,0,0,0,-1000
9906,欣巴巴          ,0,1000,-1000,0,0,0,0,0,0,0,0,0,0,0,0,0,-1000
9931,欣高            ,0,1000,-1000,0,0,0,0,0,0,0,0,0,0,0,0,0,-1000
05634P,玉晶光台新97售01,0,0,0,0,0,0,0,0,0,-2000,0,0,0,0,2000,-2000,-2000
05616P,台光電永豐96售01,0,0,0,0,0,0,0,0,0,-2000,0,0,0,1000,3000,-2000,-2000
055804,祥碩永豐97購02  ,0,0,0,0,0,0,0,0,0,-2000,0,0,0,57000,59000,-2000,-2000
055797,華通富邦98購01  ,0,0,0,0,0,0,0,0,0,-2000,0,0,0,0,2000,-2000,-2000
056563,華新科群益98購04,0,0,0,0,0,0,0,0,0,-2000,0,0,0,18000,20000,-2000,-2000
05658P,日月光元富96售02,0,0,0,0,0,0,0,0,0,-2000,0,0,0,20000,22000,-2000,-2000
056432,鴻海凱基98購08  ,0,0,0,0,0,0,0,0,0,-2000,0,0,0,50000,52000,-2000,-2000
056446,聯發科凱基98購08,0,0,0,0,0,0,0,0,0,-2000,0,0,0,25000,27000,-2000,-2000
056783,國巨群益99購01  ,0,0,0,0,0,0,0,0,0,-2000,0,0,0,33000,35000,-2000,-2000
056778,元石油群益9B購01,0,0,0,0,0,0,0,0,0,-2000,0,0,0,0,2000,-2000,-2000
055689,台郡凱基99購01  ,0,0,0,0,0,0,0,0,0,-2000,0,0,0,0,2000,-2000,-2000
055693,南茂凱基97購01  ,0,0,0,0,0,0,0,0,0,-2000,0,0,0,0,2000,-2000,-2000
055630,聯詠永豐97購02  ,0,0,0,0,0,0,0,0,0,-2000,0,0,0,68000,70000,-2000,-2000
054808,東元元大9A購01  ,0,0,0,0,0,0,0,0,0,-2000,0,0,0,198000,200000,-2000,-2000
05476P,聯發科群益95售06,0,0,0,0,0,0,0,0,0,-2000,0,0,0,0,2000,-2000,-2000
054672,華新科國泰99購01,0,0,0,0,0,0,0,0,0,-2000,0,0,0,88000,90000,-2000,-2000
0057,富邦摩台        ,0,0,0,0,0,0,0,0,0,-2000,0,0,0,20000,22000,-2000,-2000
00689R,國泰20年美債反1 ,0,0,0,0,0,0,0,0,0,-2000,0,0,0,100000,102000,-2000,-2000
00736,國泰新興市場    ,0,0,0,0,0,0,0,0,0,-2000,0,0,0,103000,105000,-2000,-2000
020011,統一微波高息20N ,0,0,0,0,0,0,0,0,0,-2000,0,0,0,0,2000,-2000,-2000
03155P,玉晶光群益01售08,0,0,0,0,0,0,0,0,0,-2000,0,0,0,0,2000,-2000,-2000
044844,國巨統一93購04  ,0,0,0,0,0,0,0,0,0,-2000,0,0,0,1000,3000,-2000,-2000
03832P,臺股指中信95售03,0,0,0,0,0,0,0,0,0,-2000,0,0,0,0,2000,-2000,-2000
04252P,台達電元富93售02,0,0,0,0,0,0,0,0,0,-2000,0,0,0,0,2000,-2000,-2000
043971,友達富邦92購01  ,0,0,0,0,0,0,0,0,0,-2000,0,0,0,0,2000,-2000,-2000
047014,元油反元大99購01,0,0,0,0,0,0,0,0,0,-2000,0,0,0,2000,4000,-2000,-2000
048068,南亞科元富95購01,0,0,0,0,0,0,0,0,0,-2000,0,0,0,18000,20000,-2000,-2000
046391,上海銀統一94購01,0,0,0,0,0,0,0,0,0,-2000,0,0,0,10000,12000,-2000,-2000
046422,健策元大92購06  ,0,0,0,0,0,0,0,0,0,-2000,0,0,0,5000,7000,-2000,-2000
048697,華新科國票94購06,0,0,0,0,0,0,0,0,0,-2000,0,0,0,25000,27000,-2000,-2000
049496,和鑫元大95購01  ,0,0,0,0,0,0,0,0,0,-2000,0,0,0,0,2000,-2000,-2000
050046,矽力兆豐94購01  ,0,0,0,0,0,0,0,0,0,-2000,0,0,0,0,2000,-2000,-2000
050978,鴻海元富95購03  ,0,0,0,0,0,0,0,0,0,-2000,0,0,0,166000,168000,-2000,-2000
050923,南亞科凱基95購03,0,0,0,0,0,0,0,0,0,-2000,0,0,0,0,2000,-2000,-2000
051341,訊連永豐95購02  ,0,0,0,0,0,0,0,0,0,-2000,0,0,0,0,2000,-2000,-2000
051347,國巨元大95購06  ,0,0,0,0,0,0,0,0,0,-2000,0,0,0,0,2000,-2000,-2000
052121,全新國票96購03  ,0,0,0,0,0,0,0,0,0,-2000,0,0,0,20000,22000,-2000,-2000
050313,大立光兆豐94購05,0,0,0,0,0,0,0,0,0,-2000,0,0,0,0,2000,-2000,-2000
051586,國泰金元大96購01,0,0,0,0,0,0,0,0,0,-2000,0,0,0,68000,70000,-2000,-2000
04896P,上証2X中信95售01,0,0,0,0,0,0,0,0,0,-2000,0,0,0,0,2000,-2000,-2000
049166,元油2X凱基97購02,0,0,0,0,0,0,0,0,0,-2000,0,0,0,0,2000,-2000,-2000
049274,臺股指元大94購09,0,0,0,0,0,0,0,0,0,-2000,0,0,0,0,2000,-2000,-2000
048428,滬深2X國票93購05,0,0,0,0,0,0,0,0,0,-2000,0,0,0,0,2000,-2000,-2000
051314,嘉聯益麥證96購01,0,0,0,0,2000,-2000,0,0,0,-2000,0,0,0,0,2000,-2000,-2000
048281,矽力永豐93購02  ,0,0,0,0,0,0,0,0,0,-2000,0,0,0,58000,60000,-2000,-2000
048766,禾伸堂凱基94購01,0,0,0,0,0,0,0,0,0,-2000,0,0,0,21000,23000,-2000,-2000
048882,智原統一96購01  ,0,0,0,0,0,0,0,0,0,-2000,0,0,0,10000,12000,-2000,-2000
050996,隆達元大95購01  ,0,0,0,0,0,0,0,0,0,-2000,0,0,0,0,2000,-2000,-2000
05184P,緯穎元富95售01  ,0,0,0,0,0,0,0,0,0,-2000,0,0,0,0,2000,-2000,-2000
051831,緯穎元大96購04  ,0,0,0,0,0,0,0,0,0,-2000,0,0,0,9000,11000,-2000,-2000
051966,台表科永豐95購01,0,0,0,0,0,0,0,0,0,-2000,0,0,0,30000,32000,-2000,-2000
052171,台積電元大95購21,0,0,0,0,0,0,0,0,0,-2000,0,0,0,350000,352000,-2000,-2000
052230,大立光凱基96購09,0,0,0,0,0,0,0,0,0,-2000,0,0,0,0,2000,-2000,-2000
052231,景碩凱基96購01  ,0,0,0,0,0,0,0,0,0,-2000,0,0,0,0,2000,-2000,-2000
052438,瑞儀富邦95購01  ,0,0,0,0,0,0,0,0,0,-2000,0,0,0,0,2000,-2000,-2000
052898,樺漢群益96購01  ,0,0,0,0,0,0,0,0,0,-2000,0,0,0,0,2000,-2000,-2000
053182,大立光元富96購02,0,0,0,0,0,0,0,0,0,-2000,0,0,0,0,2000,-2000,-2000
05317P,臺股指永昌95售02,0,0,0,0,0,0,0,0,0,-2000,0,0,0,0,2000,-2000,-2000
052516,臺股指凱基95購20,0,0,0,0,0,0,0,0,0,-2000,0,0,0,185000,187000,-2000,-2000
052739,國巨元大96購04  ,0,0,0,0,0,0,0,0,0,-2000,0,0,0,0,2000,-2000,-2000
053744,台郡國票97購03  ,0,0,0,0,0,0,0,0,0,-2000,0,0,0,10000,12000,-2000,-2000
053871,臻鼎元大96購03  ,0,0,0,0,0,0,0,0,0,-2000,0,0,0,15000,17000,-2000,-2000
05351P,臺股指元富95售05,0,0,0,0,0,0,0,0,0,-2000,0,0,0,0,2000,-2000,-2000
054220,國巨統一97購02  ,0,0,0,0,0,0,0,0,0,-2000,0,0,0,21000,23000,-2000,-2000
054406,旺宏國票98購01  ,0,0,0,0,0,0,0,0,0,-2000,0,0,0,0,2000,-2000,-2000
05414P,台表科國票96售02,0,0,0,0,0,0,0,0,0,-2000,0,0,0,0,2000,-2000,-2000
053931,楠梓電統一96購01,0,0,0,0,0,0,0,0,0,-2000,0,0,0,30000,32000,-2000,-2000
053936,旺宏元富96購04  ,0,0,0,0,0,0,0,0,0,-2000,0,0,0,0,2000,-2000,-2000
053982,臻鼎元大96購05  ,0,0,0,0,0,0,0,0,0,-2000,0,0,0,172000,174000,-2000,-2000
9937,全國            ,0,0,0,0,0,0,0,0,0,-2000,0,2000,-2000,0,0,0,-2000
8101,華冠            ,27000,29000,-2000,0,0,0,0,0,0,0,0,0,0,0,0,0,-2000
6674,鋐寶科技        ,0,0,0,0,0,0,0,0,0,-2000,0,2000,-2000,0,0,0,-2000
8478,東哥遊艇        ,2000,4000,-2000,0,0,0,0,0,0,0,0,0,0,0,0,0,-2000
6206,飛捷            ,20000,27000,-7000,0,0,0,0,0,0,5000,5000,0,5000,0,0,0,-2000
6201,亞弘電          ,0,1000,-1000,0,0,0,0,0,0,-1000,0,1000,-1000,0,0,0,-2000
3501,維熹            ,12000,14000,-2000,0,0,0,0,0,0,0,0,0,0,0,0,0,-2000
3046,建碁            ,2000,3000,-1000,0,0,0,0,0,0,-1000,0,1000,-1000,0,0,0,-2000
4571,鈞興-KY         ,0,1000,-1000,0,0,0,0,0,0,-1000,0,1000,-1000,0,0,0,-2000
05917P,宏達電元大96售02,0,0,0,0,0,0,0,0,0,-2000,0,0,0,0,2000,-2000,-2000
057058,祥碩元大98購04  ,0,0,0,0,0,0,0,0,0,-2000,0,0,0,0,2000,-2000,-2000
06117P,臺股指日盛97售02,0,0,0,0,0,0,0,0,0,-2000,0,0,0,0,2000,-2000,-2000
06104P,大立光凱基97售04,0,0,0,0,0,0,0,0,0,-2000,0,0,0,2000,4000,-2000,-2000
06091P,華新科統一97售01,0,0,0,0,0,0,0,0,0,-2000,0,0,0,80000,82000,-2000,-2000
06149P,台積電元大97售18,0,0,0,0,0,0,0,0,0,-2000,0,0,0,151000,153000,-2000,-2000
06180P,禾伸堂群益97售01,0,0,0,0,0,0,0,0,0,-2000,0,0,0,41000,43000,-2000,-2000
06294P,臺股指國票97售08,0,0,0,0,0,0,0,0,0,-2000,0,0,0,0,2000,-2000,-2000
06367P,台積電凱基97售14,0,0,0,0,0,0,0,0,0,-2000,0,0,0,45000,47000,-2000,-2000
2069,運錩            ,0,2000,-2000,0,0,0,0,0,0,0,0,0,0,0,0,0,-2000
2910,統領            ,0,0,0,0,0,0,0,0,0,-2000,0,2000,-2000,0,0,0,-2000
2923,鼎固-KY         ,0,1000,-1000,0,0,0,0,0,0,-1000,0,1000,-1000,0,0,0,-2000
2712,遠雄來          ,0,2000,-2000,0,0,0,0,0,0,0,0,0,0,0,0,0,-2000
2706,第一店          ,2000,4000,-2000,0,0,0,0,0,0,0,0,0,0,0,0,0,-2000
2642,宅配通          ,112000,114000,-2000,0,0,0,0,0,0,0,0,0,0,0,0,0,-2000
1710,東聯            ,95000,97000,-2000,0,0,0,0,0,0,0,0,0,0,0,0,0,-2000
1783,和康生          ,0,2000,-2000,0,0,0,0,0,0,0,0,0,0,0,0,0,-2000
1762,中化生          ,27000,24000,3000,0,0,0,0,0,0,-5000,0,5000,-5000,0,0,0,-2000
1906,寶隆            ,0,2000,-2000,0,0,0,0,0,0,0,0,0,0,0,0,0,-2000
2020,美亞            ,0,2000,-2000,0,0,0,0,0,0,0,0,0,0,0,0,0,-2000
1603,華電            ,0,2000,-2000,0,0,0,0,0,0,0,0,0,0,0,0,0,-2000
1540,喬福            ,2000,4000,-2000,0,0,0,0,0,0,0,0,0,0,0,0,0,-2000
1532,勤美            ,24000,26000,-2000,0,0,0,0,0,0,0,0,0,0,0,0,0,-2000
06506P,台郡國票99售02  ,0,0,0,0,0,0,0,0,0,-2000,0,0,0,0,2000,-2000,-2000
1312A,國喬特          ,0,0,0,0,0,0,0,0,0,-2000,1000,3000,-2000,0,0,0,-2000
08674P,嘉晶元富07售02  ,0,0,0,0,0,0,0,0,0,-2000,0,0,0,0,2000,-2000,-2000
054651,台化麥證97購01  ,0,0,0,7000,10000,-3000,0,0,0,-3000,0,0,0,7000,10000,-3000,-3000
054613,大立光永豐97購02,0,0,0,0,0,0,0,0,0,-3000,0,0,0,23000,26000,-3000,-3000
054741,亞光凱基99購01  ,0,0,0,0,0,0,0,0,0,-3000,0,0,0,0,3000,-3000,-3000
055115,日月光凱基98購01,0,0,0,0,0,0,0,0,0,-3000,0,0,0,77000,80000,-3000,-3000
055502,群創元大9C購03  ,0,0,0,0,0,0,0,0,0,-3000,0,0,0,0,3000,-3000,-3000
056678,力成元富98購01  ,0,0,0,0,0,0,0,0,0,-3000,0,0,0,0,3000,-3000,-3000
056891,國巨元大99購03  ,0,0,0,0,0,0,0,0,0,-3000,0,0,0,109000,112000,-3000,-3000
057004,滬深反中信9A購01,0,0,0,0,0,0,0,0,0,-3000,0,0,0,0,3000,-3000,-3000
056379,玉晶光元富98購01,0,0,0,0,0,0,0,0,0,-3000,0,0,0,0,3000,-3000,-3000
05578P,鴻海凱基96售11  ,0,0,0,0,0,0,0,0,0,-3000,0,0,0,30000,33000,-3000,-3000
055851,智原元大98購01  ,0,0,0,0,0,0,0,0,0,-3000,0,0,0,11000,14000,-3000,-3000
056352,鴻海元大99購01  ,0,0,0,0,0,0,0,0,0,-3000,0,0,0,114000,117000,-3000,-3000
05626P,景碩國票97售03  ,0,0,0,0,0,0,0,0,0,-3000,0,0,0,87000,90000,-3000,-3000
048755,志超元富96購01  ,0,0,0,0,0,0,0,0,0,-3000,0,0,0,2000,5000,-3000,-3000
047537,聯發科日盛93購01,0,0,0,0,0,0,0,0,0,-3000,0,0,0,0,3000,-3000,-3000
050525,嘉晶元大95購02  ,0,0,0,0,0,0,0,0,0,-3000,0,0,0,0,3000,-3000,-3000
046579,台積電元大92購32,0,0,0,0,0,0,0,0,0,-3000,0,0,0,18000,21000,-3000,-3000
047314,大立光元大93購22,0,0,0,0,0,0,0,0,0,-3000,0,0,0,0,3000,-3000,-3000
046328,臻鼎元大92購09  ,0,0,0,0,0,0,0,0,0,-3000,0,0,0,0,3000,-3000,-3000
046973,矽力群益93購01  ,0,0,0,0,0,0,0,0,0,-3000,0,0,0,12000,15000,-3000,-3000
046969,聯發科群益93購05,0,0,0,0,0,0,0,0,0,-3000,0,0,0,7000,10000,-3000,-3000
047982,奇力新群益93購05,0,0,0,0,0,0,0,0,0,-3000,0,0,0,0,3000,-3000,-3000
047917,台積電凱基94購01,0,0,0,0,0,0,0,0,0,-3000,0,0,0,0,3000,-3000,-3000
044623,奇力新元大92購01,0,0,0,0,0,0,0,0,0,-3000,0,0,0,0,3000,-3000,-3000
04226P,宏達電元富93售01,0,0,0,0,0,0,0,0,0,-3000,0,0,0,72000,75000,-3000,-3000
04514P,元石油中信97售01,0,0,0,0,0,0,0,0,0,-3000,0,0,0,17000,20000,-3000,-3000
044862,台表科兆豐93購01,0,0,0,0,0,0,0,0,0,-3000,0,0,0,7000,10000,-3000,-3000
03437P,道瓊銀凱基05售03,0,0,0,0,0,0,0,0,0,-3000,0,0,0,0,3000,-3000,-3000
03033X,元展30          ,0,0,0,0,0,0,0,0,0,-3000,0,0,0,0,3000,-3000,-3000
03126P,旭富凱基01售04  ,0,0,0,0,0,0,0,0,0,-3000,0,0,0,0,3000,-3000,-3000
03352P,臺股指麥證02售01,0,0,0,0,0,0,0,0,0,-3000,0,0,0,0,3000,-3000,-3000
04003P,麗豐凱基94售03  ,0,0,0,0,0,0,0,0,0,-3000,0,0,0,0,3000,-3000,-3000
03022X,富展01          ,0,0,0,0,0,0,0,0,0,-3000,0,0,0,0,3000,-3000,-3000
00668,國泰美國道瓊    ,0,0,0,0,0,0,0,0,0,-3000,0,0,0,3000,6000,-3000,-3000
00702,國泰標普低波高息,0,0,0,0,0,0,0,0,0,-3000,0,0,0,0,3000,-3000,-3000
051069,智邦國票96購01  ,0,0,0,0,0,0,0,0,0,-3000,0,0,0,109000,112000,-3000,-3000
051254,健策元大96購04  ,0,0,0,0,0,0,0,0,0,-3000,0,0,0,6000,9000,-3000,-3000
049580,國巨元大94購07  ,0,0,0,0,0,0,0,0,0,-3000,0,0,0,6000,9000,-3000,-3000
048838,牧德凱基94購07  ,0,0,0,0,0,0,0,0,0,-3000,0,0,0,1000,4000,-3000,-3000
048633,台達電元大94購02,0,0,0,0,0,0,0,0,0,-3000,0,0,0,1000,4000,-3000,-3000
049140,台積電元大94購07,0,0,0,0,0,0,0,0,0,-3000,0,0,0,151000,154000,-3000,-3000
048982,牧德元大94購02  ,0,0,0,0,0,0,0,0,0,-3000,0,0,0,0,3000,-3000,-3000
051435,聯茂元富95購01  ,0,0,0,0,0,0,0,0,0,-3000,0,0,0,7000,10000,-3000,-3000
051487,健策凱基96購03  ,0,0,0,0,0,0,0,0,0,-3000,0,0,0,195000,198000,-3000,-3000
050283,T50反1凱基9A購01,0,0,0,0,0,0,0,0,0,-3000,0,0,0,0,3000,-3000,-3000
051351,台積電元大95購15,0,0,0,0,0,0,0,0,0,-3000,0,0,0,94000,97000,-3000,-3000
05020P,廣達中信95售01  ,0,0,0,0,0,0,0,0,0,-3000,0,0,0,0,3000,-3000,-3000
050927,聯詠凱基95購01  ,0,0,0,0,0,0,0,0,0,-3000,0,0,0,23000,26000,-3000,-3000
049406,T50反1日盛97購01,0,0,0,0,0,0,0,0,0,-3000,0,0,0,0,3000,-3000,-3000
049934,緯穎元大94購08  ,0,0,0,0,0,0,0,0,0,-3000,0,0,0,22000,25000,-3000,-3000
053974,大立光元大96購10,0,0,0,0,0,0,0,0,0,-3000,0,0,0,0,3000,-3000,-3000
054029,瀚宇博凱基96購02,0,0,0,0,0,0,0,0,0,-3000,0,0,0,0,3000,-3000,-3000
054104,T50反1凱基9A購02,0,0,0,0,0,0,0,0,0,-3000,0,0,0,84000,87000,-3000,-3000
054107,上銀凱基97購01  ,0,0,0,0,0,0,0,0,0,-3000,0,0,0,50000,53000,-3000,-3000
054391,宏達電元富96購04,0,0,0,0,0,0,0,0,0,-3000,0,0,0,0,3000,-3000,-3000
053296,貿聯中信98購01  ,0,0,0,0,0,0,0,0,0,-3000,0,0,0,0,3000,-3000,-3000
053199,旺宏日盛96購01  ,0,0,0,0,0,0,0,0,0,-3000,0,0,0,20000,23000,-3000,-3000
053015,緯創統一96購01  ,0,0,0,0,0,0,0,0,0,-3000,0,0,0,48000,51000,-3000,-3000
051957,旺宏台新95購02  ,0,0,0,0,0,0,0,0,0,-3000,0,0,0,0,3000,-3000,-3000
051892,台光電元富95購03,0,0,0,0,0,0,0,0,0,-3000,0,0,0,117000,120000,-3000,-3000
051799,台積電永豐96購01,0,0,0,0,0,0,0,0,0,-3000,0,0,0,0,3000,-3000,-3000
1220,台榮            ,0,3000,-3000,0,0,0,0,0,0,0,0,0,0,0,0,0,-3000
06527P,T50正2富邦9C售01,0,0,0,0,0,0,0,0,0,-3000,0,0,0,0,3000,-3000,-3000
1452,宏益            ,0,3000,-3000,0,0,0,0,0,0,0,0,0,0,0,0,0,-3000
1340,勝悅-KY         ,0,3000,-3000,0,0,0,0,0,0,0,0,0,0,0,0,0,-3000
1618,合機            ,6000,10000,-4000,0,0,0,0,0,0,1000,1000,0,1000,0,0,0,-3000
1720,生達            ,7000,8000,-1000,0,0,0,0,0,0,-2000,0,2000,-2000,0,0,0,-3000
2636,台驊投控        ,2000,5000,-3000,0,0,0,0,0,0,0,0,0,0,0,0,0,-3000
2491,吉祥全          ,0,3000,-3000,0,0,0,0,0,0,0,0,0,0,0,0,0,-3000
2466,冠西電          ,0,4000,-4000,0,0,0,0,0,0,1000,1000,0,1000,0,0,0,-3000
06305P,臺股指元大97售11,0,0,0,0,0,0,0,0,0,-3000,0,0,0,11000,14000,-3000,-3000
06082P,華通統一98售01  ,0,0,0,0,0,0,0,0,0,-3000,0,0,0,34000,37000,-3000,-3000
06125P,楠梓電元富99售01,0,0,0,0,0,0,0,0,0,-3000,0,0,0,0,3000,-3000,-3000
05822P,臺股指凱基96售19,0,0,0,0,0,0,0,0,0,-3000,0,0,0,0,3000,-3000,-3000
05860P,旺宏康和96售01  ,0,0,0,0,0,0,0,0,0,-3000,0,0,0,0,3000,-3000,-3000
05899P,臺股指凱基96售30,0,0,0,0,0,0,0,0,0,-3000,0,0,0,0,3000,-3000,-3000
4438,廣越            ,5000,7000,-2000,0,0,0,0,0,0,-1000,1000,2000,-1000,0,0,0,-3000
6285,啟碁            ,91000,55000,36000,0,0,0,0,2000,-2000,-37000,2000,0,2000,1000,40000,-39000,-3000
4999,鑫禾            ,0,3000,-3000,0,0,0,0,0,0,0,0,0,0,0,0,0,-3000
8411,福貞-KY         ,0,4000,-4000,0,0,0,0,0,0,1000,1000,0,1000,0,0,0,-3000
8367,建新國際        ,4000,3000,1000,0,0,0,0,0,0,-4000,1000,5000,-4000,0,0,0,-3000
05608P,聯發科凱基96售10,0,0,0,0,0,0,0,0,0,-4000,0,0,0,0,4000,-4000,-4000
055971,矽力元大97購05  ,0,0,0,0,0,0,0,0,0,-4000,0,0,0,37000,41000,-4000,-4000
05601P,鴻海元大97售04  ,0,0,0,0,0,0,0,0,0,-4000,0,0,0,195000,199000,-4000,-4000
055984,大立光元富97購02,0,0,0,0,0,0,0,0,0,-4000,0,0,0,0,4000,-4000,-4000
056401,國巨群益98購07  ,0,0,0,0,0,0,0,0,0,-4000,0,0,0,18000,22000,-4000,-4000
056410,康控國票99購01  ,0,0,0,0,0,0,0,0,0,-4000,0,0,0,27000,31000,-4000,-4000
056490,台積電國泰99購01,0,0,0,0,0,0,0,0,0,-4000,0,0,0,83000,87000,-4000,-4000
056529,中環凱基98購01  ,0,0,0,0,0,0,0,0,0,-4000,0,0,0,16000,20000,-4000,-4000
056780,元油2X群益9A購03,0,0,0,0,0,0,0,0,0,-4000,0,0,0,0,4000,-4000,-4000
055620,樺漢國票98購01  ,0,0,0,0,0,0,0,0,0,-4000,0,0,0,26000,30000,-4000,-4000
055328,鈺齊國票98購01  ,0,0,0,0,0,0,0,0,0,-4000,0,0,0,50000,54000,-4000,-4000
054822,祥碩元大97購01  ,0,0,0,0,0,0,0,0,0,-4000,0,0,0,12000,16000,-4000,-4000
054823,祥碩元大97購02  ,0,0,0,0,0,0,0,0,0,-4000,0,0,0,6000,10000,-4000,-4000
054751,GIS凱基98購01   ,0,0,0,0,0,0,0,0,0,-4000,0,0,0,0,4000,-4000,-4000
0052,富邦科技        ,3000,1000,2000,0,0,0,0,0,0,-6000,0,0,0,28000,34000,-6000,-4000
0053,元大電子        ,0,0,0,0,0,0,0,0,0,-4000,0,0,0,1000,5000,-4000,-4000
045150,聯發科凱基93購03,0,0,0,0,0,0,0,0,0,-4000,0,0,0,41000,45000,-4000,-4000
04453P,聯發科富邦94售04,0,0,0,0,0,0,0,0,0,-4000,0,0,0,0,4000,-4000,-4000
046734,華通國票93購02  ,0,0,0,0,0,0,0,0,0,-4000,0,0,0,2000,6000,-4000,-4000
04338P,亞光元大93售04  ,0,0,0,0,0,0,0,0,0,-4000,0,0,0,100000,104000,-4000,-4000
04417P,光罩國泰95售02  ,0,0,0,0,0,0,0,0,0,-4000,0,0,0,0,4000,-4000,-4000
047019,台積電元大93購14,0,0,0,0,0,0,0,0,0,-4000,0,0,0,8000,12000,-4000,-4000
046487,鴻海永昌92購01  ,0,0,0,0,0,0,0,0,0,-4000,0,0,0,150000,154000,-4000,-4000
049480,同欣電永豐94購01,0,0,0,0,0,0,0,0,0,-4000,0,0,0,0,4000,-4000,-4000
048185,台郡群益93購04  ,0,0,0,0,0,0,0,0,0,-4000,0,0,0,101000,105000,-4000,-4000
049396,元油2X群益97購03,0,0,0,0,0,0,0,0,0,-4000,0,0,0,0,4000,-4000,-4000
050853,南電國票96購01  ,0,0,0,0,0,0,0,0,0,-4000,0,0,0,0,4000,-4000,-4000
05002P,台積電統一95售03,0,0,0,0,0,0,0,0,0,-4000,0,0,0,0,4000,-4000,-4000
050777,臻鼎元大94購05  ,0,0,0,0,0,0,0,0,0,-4000,0,0,0,0,4000,-4000,-4000
050197,矽格元大94購04  ,0,0,0,0,0,0,0,0,0,-4000,0,0,0,4000,8000,-4000,-4000
052073,矽力統一95購03  ,0,0,0,0,0,0,0,0,0,-4000,0,0,0,6000,10000,-4000,-4000
051553,牧德永豐96購02  ,0,0,0,0,0,0,0,0,0,-4000,0,0,0,40000,44000,-4000,-4000
051453,智伸科元大95購02,0,0,0,0,0,0,0,0,0,-4000,0,0,0,34000,38000,-4000,-4000
048985,茂林元大94購01  ,0,0,0,0,0,0,0,0,0,-4000,0,0,0,0,4000,-4000,-4000
049713,鴻海凱基94購17  ,0,0,0,0,0,0,0,0,0,-4000,0,0,0,128000,132000,-4000,-4000
048788,華新科元大95購02,0,0,0,0,0,0,0,0,0,-4000,0,0,0,22000,26000,-4000,-4000
048803,大立光富邦96購01,0,0,0,0,0,0,0,0,0,-4000,0,0,0,0,4000,-4000,-4000
050481,泰鼎國票96購01  ,0,0,0,0,0,0,0,0,0,-4000,0,0,0,32000,36000,-4000,-4000
049631,臺股指群益94購04,0,0,0,0,0,0,0,0,0,-4000,0,0,0,6000,10000,-4000,-4000
051011,國巨凱基95購03  ,0,0,0,0,0,0,0,0,0,-4000,0,0,0,6000,10000,-4000,-4000
051175,國巨凱基95購04  ,0,0,0,0,0,0,0,0,0,-4000,0,0,0,6000,10000,-4000,-4000
051839,和鑫國泰96購01  ,0,0,0,0,0,0,0,0,0,-4000,0,0,0,6000,10000,-4000,-4000
052482,茂林群益95購01  ,0,0,0,0,0,0,0,0,0,-4000,0,0,0,0,4000,-4000,-4000
052405,聯茂凱基95購01  ,0,0,0,0,0,0,0,0,0,-4000,0,0,0,0,4000,-4000,-4000
052235,聯發科國票96購02,0,0,0,0,0,0,0,0,0,-4000,0,0,0,5000,9000,-4000,-4000
05218P,大立光永昌96售04,0,0,0,0,0,0,0,0,0,-4000,0,0,0,180000,184000,-4000,-4000
05299P,旺宏元大95售04  ,0,0,0,0,0,0,0,0,0,-4000,0,0,0,0,4000,-4000,-4000
052707,景碩台新96購01  ,0,0,0,0,0,0,0,0,0,-4000,0,0,0,120000,124000,-4000,-4000
052693,微星中信96購01  ,0,0,0,0,0,0,0,0,0,-4000,0,0,0,21000,25000,-4000,-4000
053494,南亞科兆豐96購02,0,0,0,0,0,0,0,0,0,-4000,0,0,0,20000,24000,-4000,-4000
053449,超眾凱基98購01  ,0,0,0,0,0,0,0,0,0,-4000,0,0,0,39000,43000,-4000,-4000
054187,亞光永豐96購03  ,0,0,0,0,0,0,0,0,0,-4000,0,0,0,0,4000,-4000,-4000
053948,大立光富邦99購04,0,0,0,0,0,0,0,0,0,-4000,0,0,0,33000,37000,-4000,-4000
6715,嘉基            ,46000,81000,-35000,0,0,0,33000,0,33000,-2000,16000,18000,-2000,0,0,0,-4000
6442,光聖            ,1000,5000,-4000,0,0,0,0,0,0,0,0,0,0,0,0,0,-4000
6216,居易            ,3000,7000,-4000,0,0,0,0,0,0,0,0,0,0,0,0,0,-4000
3028,增你強          ,15000,19000,-4000,0,0,0,0,0,0,0,0,0,0,0,0,0,-4000
06023P,超眾國票96售03  ,0,0,0,0,0,0,0,0,0,-4000,0,0,0,9000,13000,-4000,-4000
057097,致新元富98購01  ,0,0,0,0,0,0,0,0,0,-4000,0,0,0,0,4000,-4000,-4000
06226P,聯發科麥證97售03,0,0,0,16000,20000,-4000,0,0,0,-4000,0,0,0,16000,20000,-4000,-4000
06362P,臺股指麥證97售01,0,0,0,0,4000,-4000,0,0,0,-4000,0,0,0,0,4000,-4000,-4000
2397,友通            ,1000,5000,-4000,0,0,0,0,0,0,0,0,0,0,0,0,0,-4000
1432,大魯閣          ,0,4000,-4000,0,0,0,0,0,0,0,0,0,0,0,0,0,-4000
1437,勤益控          ,3000,7000,-4000,0,0,0,0,0,0,0,0,0,0,0,0,0,-4000
1541,錩泰            ,18000,17000,1000,0,0,0,0,0,0,-5000,0,5000,-5000,0,0,0,-4000
1503,士電            ,0,4000,-4000,0,0,0,0,0,0,0,0,0,0,0,0,0,-4000
1339,昭輝            ,55000,59000,-4000,0,0,0,0,0,0,0,0,0,0,0,0,0,-4000
1215,卜蜂            ,100000,74000,26000,0,0,0,0,30000,-30000,0,0,0,0,0,0,0,-4000
054593,滬深2X永昌9A購01,0,0,0,0,0,0,0,0,0,-5000,0,0,0,0,5000,-5000,-5000
054676,牧德台新98購01  ,0,0,0,0,0,0,0,0,0,-5000,0,0,0,3000,8000,-5000,-5000
054976,上証2X元富9A購01,0,0,0,0,0,0,0,0,0,-5000,0,0,0,0,5000,-5000,-5000
055121,鴻海兆豐97購03  ,0,0,0,0,0,0,0,0,0,-5000,0,0,0,0,5000,-5000,-5000
055107,旺宏凱基98購04  ,0,0,0,0,0,0,0,0,0,-5000,0,0,0,75000,80000,-5000,-5000
055401,亞光元富9A購01  ,0,0,0,0,0,0,0,0,0,-5000,0,0,0,0,5000,-5000,-5000
055541,聚陽凱基98購01  ,0,0,0,0,0,0,0,0,0,-5000,0,0,0,0,5000,-5000,-5000
05681P,大立光元大96售05,0,0,0,0,0,0,0,0,0,-5000,0,0,0,4000,9000,-5000,-5000
05665P,台積電凱基96售08,0,0,0,0,0,0,0,0,0,-5000,0,0,0,10000,15000,-5000,-5000
056098,矽創元富97購02  ,0,0,0,0,0,0,0,0,0,-5000,0,0,0,76000,81000,-5000,-5000
056112,勤誠永豐97購02  ,0,0,0,0,0,0,0,0,0,-5000,0,0,0,0,5000,-5000,-5000
056192,智邦富邦98購01  ,0,0,0,0,0,0,0,0,0,-5000,0,0,0,126000,131000,-5000,-5000
04752P,大立光群益94售07,0,0,0,0,0,0,0,0,0,-5000,0,0,0,0,5000,-5000,-5000
050561,上証2X元富97購01,0,0,0,0,0,0,0,0,0,-5000,0,0,0,0,5000,-5000,-5000
047137,健策凱基94購01  ,0,0,0,0,0,0,0,0,0,-5000,0,0,0,9000,14000,-5000,-5000
047459,全新群益93購02  ,0,0,0,0,0,0,0,0,0,-5000,0,0,0,13000,18000,-5000,-5000
048080,元石油凱基96購01,0,0,0,0,0,0,0,0,0,-5000,0,0,0,0,5000,-5000,-5000
04600P,可成凱基94售07  ,0,0,0,0,0,0,0,0,0,-5000,0,0,0,0,5000,-5000,-5000
047898,嘉澤群益93購02  ,0,0,0,0,0,0,0,0,0,-5000,0,0,0,25000,30000,-5000,-5000
047972,康控富邦95購01  ,0,0,0,0,0,0,0,0,0,-5000,0,0,0,0,5000,-5000,-5000
047596,元油反元富97購01,0,0,0,0,0,0,0,0,0,-5000,0,0,0,25000,30000,-5000,-5000
046946,益航元大94購01  ,0,0,0,0,0,0,0,0,0,-5000,0,0,0,12000,17000,-5000,-5000
046915,禾伸堂台新93購01,0,0,0,0,0,0,0,0,0,-5000,0,0,0,1000,6000,-5000,-5000
044376,日月光兆豐92購01,0,0,0,0,0,0,0,0,0,-5000,0,0,0,15000,20000,-5000,-5000
042919,GIS元大93購01   ,0,0,0,0,0,0,0,0,0,-5000,0,0,0,0,5000,-5000,-5000
043391,康控元大94購01  ,0,0,0,0,0,0,0,0,0,-5000,0,0,0,5000,10000,-5000,-5000
045547,滬深2X國票95購01,0,0,0,0,0,0,0,0,0,-5000,0,0,0,0,5000,-5000,-5000
04490P,聯發科台新94售02,0,0,0,0,0,0,0,0,0,-5000,0,0,0,0,5000,-5000,-5000
04497P,元油2X富邦97售03,0,0,0,0,0,0,0,0,0,-5000,0,0,0,0,5000,-5000,-5000
03428B,臺股指凱基97熊18,0,0,0,0,0,0,0,0,0,-5000,0,0,0,0,5000,-5000,-5000
044784,華邦電中信96購01,0,0,0,0,0,0,0,0,0,-5000,0,0,0,0,5000,-5000,-5000
03647P,京元電元富95售02,0,0,0,0,0,0,0,0,0,-5000,0,0,0,0,5000,-5000,-5000
04085P,欣興元富93售01  ,0,0,0,0,0,0,0,0,0,-5000,0,0,0,15000,20000,-5000,-5000
03296P,台積電統一02售13,0,0,0,0,0,0,0,0,0,-5000,0,0,0,5000,10000,-5000,-5000
050670,牧德永豐94購03  ,0,0,0,0,0,0,0,0,0,-5000,0,0,0,45000,50000,-5000,-5000
050711,TPK中信94購01   ,0,0,0,0,0,0,0,0,0,-5000,0,0,0,0,5000,-5000,-5000
051242,台積電元大96購06,0,0,0,0,0,0,0,0,0,-5000,0,0,0,177000,182000,-5000,-5000
051230,聯詠群益95購01  ,0,0,0,0,0,0,0,0,0,-5000,0,0,0,20000,25000,-5000,-5000
050504,全新凱基94購03  ,0,0,0,0,0,0,0,0,0,-5000,0,0,0,91000,96000,-5000,-5000
050468,矽格中信94購01  ,0,0,0,0,0,0,0,0,0,-5000,0,0,0,0,5000,-5000,-5000
049268,聯茂元大94購03  ,0,0,0,0,0,0,0,0,0,-5000,0,0,0,5000,10000,-5000,-5000
049246,大成鋼元大94購02,0,0,0,0,0,0,0,0,0,-5000,0,0,0,15000,20000,-5000,-5000
048569,台虹元大93購03  ,0,0,0,0,0,0,0,0,0,-5000,0,0,0,50000,55000,-5000,-5000
050881,大立光元富95購04,0,0,0,0,0,0,0,0,0,-5000,0,0,0,0,5000,-5000,-5000
051467,GIS富邦96購01   ,0,0,0,0,0,0,0,0,0,-5000,0,0,0,145000,150000,-5000,-5000
052065,臺股指國票95購12,0,0,0,0,0,0,0,0,0,-5000,0,0,0,0,5000,-5000,-5000
050234,國巨凱基94購10  ,0,0,0,0,0,0,0,0,0,-5000,0,0,0,37000,42000,-5000,-5000
05023P,和碩凱基95售01  ,0,0,0,0,0,0,0,0,0,-5000,0,0,0,0,5000,-5000,-5000
049969,泰鼎國票95購01  ,0,0,0,0,0,0,0,0,0,-5000,0,0,0,0,5000,-5000,-5000
050758,聯發科元富9B購01,0,0,0,0,0,0,0,0,0,-5000,0,0,0,0,5000,-5000,-5000
049907,鴻海元大94購07  ,0,0,0,0,0,0,0,0,0,-5000,0,0,0,13000,18000,-5000,-5000
050037,金融類元大94購03,0,0,0,0,0,0,0,0,0,-5000,0,0,0,0,5000,-5000,-5000
050509,元油2X元大94購09,0,0,0,0,0,0,0,0,0,-5000,0,0,0,0,5000,-5000,-5000
054148,矽創元大96購03  ,0,0,0,0,0,0,0,0,0,-5000,0,0,0,102000,107000,-5000,-5000
054135,大立光元大97購04,0,0,0,0,0,0,0,0,0,-5000,0,0,0,203000,208000,-5000,-5000
053441,旺宏凱基98購01  ,0,0,0,0,0,0,0,0,0,-5000,0,0,0,6000,11000,-5000,-5000
053461,台郡永昌99購01  ,0,0,0,0,0,0,0,0,0,-5000,0,0,0,0,5000,-5000,-5000
053545,上銀凱基96購03  ,0,0,0,0,0,0,0,0,0,-5000,0,0,0,20000,25000,-5000,-5000
053823,茂林群益96購06  ,0,0,0,0,0,0,0,0,0,-5000,0,0,0,1000,6000,-5000,-5000
053695,智易元大97購02  ,0,0,0,0,0,0,0,0,0,-5000,0,0,0,0,5000,-5000,-5000
05352P,臺股指元富95售06,0,0,0,0,0,0,0,0,0,-5000,0,0,0,0,5000,-5000,-5000
052577,台積電統一96購01,0,0,0,0,0,0,0,0,0,-5000,0,0,0,0,5000,-5000,-5000
05259P,臺股指凱基96售12,0,0,0,0,0,0,0,0,0,-5000,0,0,0,50000,55000,-5000,-5000
053132,國巨國票97購02  ,0,0,0,0,0,0,0,0,0,-5000,0,0,0,62000,67000,-5000,-5000
05304P,國巨國泰97售02  ,0,0,0,0,0,0,0,0,0,-5000,0,0,0,0,5000,-5000,-5000
052149,電子類群益95購01,0,0,0,0,0,0,0,0,0,-5000,0,0,0,10000,15000,-5000,-5000
05189P,新光金凱基97售02,0,0,0,0,0,0,0,0,0,-5000,0,0,0,0,5000,-5000,-5000
051972,廣達凱基95購02  ,0,0,0,0,0,0,0,0,0,-5000,0,0,0,0,5000,-5000,-5000
05212P,台積電國票96售04,0,0,0,0,0,0,0,0,0,-5000,0,0,0,60000,65000,-5000,-5000
06555P,臺股指元大99售07,0,0,0,0,0,0,0,0,0,-5000,0,0,0,0,5000,-5000,-5000
06494P,鴻海永昌98售03  ,0,0,0,0,0,0,0,0,0,-5000,0,0,0,19000,24000,-5000,-5000
06474P,鴻海富邦98售03  ,0,0,0,0,0,0,0,0,0,-5000,0,0,0,30000,35000,-5000,-5000
06355P,聯茂永豐97售02  ,0,0,0,0,0,0,0,0,0,-5000,0,0,0,10000,15000,-5000,-5000
06425P,TPK永豐97售02   ,0,0,0,0,0,0,0,0,0,-5000,0,0,0,0,5000,-5000,-5000
06099P,鴻海日盛97售03  ,0,0,0,0,0,0,0,0,0,-5000,0,0,0,0,5000,-5000,-5000
05717P,鴻海元大97售07  ,0,0,0,0,0,0,0,0,0,-5000,0,0,0,0,5000,-5000,-5000
057082,玉晶光統一9A購04,0,0,0,0,0,0,0,0,0,-5000,0,0,0,0,5000,-5000,-5000
05837P,臺股指富邦96售04,0,0,0,0,0,0,0,0,0,-5000,0,0,0,0,5000,-5000,-5000
05773P,臺股指凱基99售03,0,0,0,0,0,0,0,0,0,-5000,0,0,0,0,5000,-5000,-5000
05984P,台積電統一98售01,0,0,0,0,0,0,0,0,0,-5000,0,0,0,19000,24000,-5000,-5000
05871P,全新凱基96售04  ,0,0,0,0,0,0,0,0,0,-5000,0,0,0,0,5000,-5000,-5000
05906P,國巨元富96售05  ,0,0,0,0,0,0,0,0,0,-5000,0,0,0,0,5000,-5000,-5000
5288,豐祥-KY         ,7000,13000,-6000,0,0,0,0,0,0,1000,1000,0,1000,0,0,0,-5000
9905,大華            ,3000,8000,-5000,0,0,0,0,0,0,0,0,0,0,0,0,0,-5000
056211,南港國票98購01  ,0,0,0,0,0,0,0,0,0,-6000,0,0,0,23000,29000,-6000,-6000
056133,可成元大97購05  ,0,0,0,0,0,0,0,0,0,-6000,0,0,0,137000,143000,-6000,-6000
056223,華邦電凱基97購04,0,0,0,0,0,0,0,0,0,-6000,0,0,0,0,6000,-6000,-6000
056043,力成凱基97購01  ,0,0,0,0,0,0,0,0,0,-6000,0,0,0,103000,109000,-6000,-6000
056520,鴻海日盛99購01  ,0,0,0,0,0,0,0,0,0,-6000,0,0,0,8000,14000,-6000,-6000
056481,創意元大98購01  ,0,0,0,0,0,0,0,0,0,-6000,0,0,0,17000,23000,-6000,-6000
056397,彩晶永豐99購01  ,0,0,0,0,0,0,0,0,0,-6000,0,0,0,0,6000,-6000,-6000
056789,和碩群益98購01  ,0,0,0,0,0,0,0,0,0,-6000,0,0,0,22000,28000,-6000,-6000
056890,國巨元大98購11  ,0,0,0,0,0,0,0,0,0,-6000,0,0,0,85000,91000,-6000,-6000
056886,元油2X元大99購04,0,0,0,0,0,0,0,0,0,-6000,0,0,0,0,6000,-6000,-6000
055617,TPK國票98購04   ,0,0,0,0,0,0,0,0,0,-6000,0,0,0,30000,36000,-6000,-6000
055625,亞光富邦98購01  ,0,0,0,0,0,0,0,0,0,-6000,0,0,0,0,6000,-6000,-6000
054724,鴻海日盛97購02  ,0,0,0,0,0,0,0,0,0,-6000,0,0,0,40000,46000,-6000,-6000
04033P,啟碁凱基93售04  ,0,0,0,0,0,0,0,0,0,-6000,0,0,0,0,6000,-6000,-6000
04148P,GIS凱基93售05   ,0,0,0,0,0,0,0,0,0,-6000,0,0,0,0,6000,-6000,-6000
0055,元大MSCI金融    ,0,0,0,0,0,0,0,0,0,-6000,0,0,0,1000,7000,-6000,-6000
00666R,富邦恒生國企反1 ,0,0,0,0,0,0,0,0,0,-6000,0,0,0,80000,86000,-6000,-6000
044972,元金2X國票96購01,0,0,0,0,0,0,0,0,0,-6000,0,0,0,0,6000,-6000,-6000
046633,健策元富93購01  ,0,0,0,0,0,0,0,0,0,-6000,0,0,0,0,6000,-6000,-6000
045438,台郡統一94購01  ,0,0,0,0,0,0,0,0,0,-6000,0,0,0,0,6000,-6000,-6000
042941,永冠國票93購01  ,0,0,0,0,0,0,0,0,0,-6000,0,0,0,0,6000,-6000,-6000
04314P,聯茂元富93售01  ,0,0,0,0,0,0,0,0,0,-6000,0,0,0,10000,16000,-6000,-6000
045996,南電富邦94購01  ,0,0,0,0,0,0,0,0,0,-6000,0,0,0,0,6000,-6000,-6000
046185,正崴凱基93購02  ,0,0,0,0,0,0,0,0,0,-6000,0,0,0,0,6000,-6000,-6000
04616P,臺股指群益95售02,0,0,0,0,0,0,0,0,0,-6000,0,0,0,13000,19000,-6000,-6000
047353,台郡凱基93購03  ,0,0,0,0,0,0,0,0,0,-6000,0,0,0,0,6000,-6000,-6000
050577,美律國票94購03  ,0,0,0,0,0,0,0,0,0,-6000,0,0,0,0,6000,-6000,-6000
04755P,大立光元富94售07,0,0,0,0,0,0,0,0,0,-6000,0,0,0,0,6000,-6000,-6000
048719,亞光永豐94購01  ,0,0,0,0,0,0,0,0,0,-6000,0,0,0,9000,15000,-6000,-6000
05010P,台郡元富95售01  ,0,0,0,0,0,0,0,0,0,-6000,0,0,0,12000,18000,-6000,-6000
049903,大立光元富94購06,0,0,0,0,0,0,0,0,0,-6000,0,0,0,0,6000,-6000,-6000
049904,矽力元富94購01  ,0,0,0,0,0,0,0,0,0,-6000,0,0,0,5000,11000,-6000,-6000
04904P,奇力新永豐94售05,0,0,0,0,0,0,0,0,0,-6000,0,0,0,0,6000,-6000,-6000
050219,台積電元富95購03,0,0,0,0,0,0,0,0,0,-6000,0,0,0,18000,24000,-6000,-6000
050180,華新科元大95購08,0,0,0,0,0,0,0,0,0,-6000,0,0,0,0,6000,-6000,-6000
050315,和碩兆豐95購01  ,0,0,0,0,0,0,0,0,0,-6000,0,0,0,110000,116000,-6000,-6000
051472,台積電凱基95購09,0,0,0,0,0,0,0,0,0,-6000,0,0,0,55000,61000,-6000,-6000
051440,鴻海元大95購12  ,0,0,0,0,0,0,0,0,0,-6000,0,0,0,4000,10000,-6000,-6000
051527,台郡凱基95購03  ,0,0,0,0,0,0,0,0,0,-6000,0,0,0,0,6000,-6000,-6000
048973,禾伸堂元大94購01,0,0,0,0,0,0,0,0,0,-6000,0,0,0,21000,27000,-6000,-6000
051245,南亞科元大95購01,0,0,0,0,0,0,0,0,0,-6000,0,0,0,0,6000,-6000,-6000
049669,訊芯國泰95購01  ,0,0,0,0,0,0,0,0,0,-6000,0,0,0,6000,12000,-6000,-6000
048876,牧德國票95購02  ,0,0,0,0,0,0,0,0,0,-6000,0,0,0,6000,12000,-6000,-6000
048926,燿華永豐95購01  ,0,0,0,0,0,0,0,0,0,-6000,0,0,0,0,6000,-6000,-6000
050684,台郡元富94購02  ,0,0,0,0,0,0,0,0,0,-6000,0,0,0,10000,16000,-6000,-6000
051010,美律日盛95購01  ,0,0,0,0,0,0,0,0,0,-6000,0,0,0,0,6000,-6000,-6000
051876,宏達電國票96購01,0,0,0,0,0,0,0,0,0,-6000,0,0,0,120000,126000,-6000,-6000
05230P,京元電群益95售01,0,0,0,0,0,0,0,0,0,-6000,0,0,0,0,6000,-6000,-6000
052877,矽創凱基96購01  ,0,0,0,0,0,0,0,0,0,-6000,0,0,0,0,6000,-6000,-6000
052919,鈺齊富邦98購01  ,0,0,0,0,0,0,0,0,0,-6000,0,0,0,15000,21000,-6000,-6000
052858,華通凱基97購02  ,0,0,0,0,0,0,0,0,0,-6000,0,0,0,0,6000,-6000,-6000
053590,新光金元大9A購02,0,0,0,0,0,0,0,0,0,-6000,0,0,0,20000,26000,-6000,-6000
053865,欣興元大97購02  ,0,0,0,0,0,0,0,0,0,-6000,0,0,0,58000,64000,-6000,-6000
053428,中磊永豐96購02  ,0,0,0,0,0,0,0,0,0,-6000,0,0,0,10000,16000,-6000,-6000
054065,樺漢國票97購01  ,0,0,0,0,0,0,0,0,0,-6000,0,0,0,54000,60000,-6000,-6000
054417,牧德元大96購01  ,0,0,0,0,0,0,0,0,0,-6000,0,0,0,11000,17000,-6000,-6000
054471,T50反1中信9C購01,0,0,0,0,0,0,0,0,0,-6000,0,0,0,0,6000,-6000,-6000
9942,茂順            ,24000,30000,-6000,0,0,0,0,0,0,0,0,0,0,0,0,0,-6000
8070,長華*           ,7000,3000,4000,0,0,0,0,0,0,-10000,5000,15000,-10000,0,0,0,-6000
6655,科定            ,0,6000,-6000,0,0,0,0,0,0,0,0,0,0,0,0,0,-6000
5388,中磊            ,181000,183000,-2000,0,0,0,0,3000,-3000,-1000,10000,0,10000,0,11000,-11000,-6000
5258,虹堡            ,28000,34000,-6000,0,0,0,0,0,0,0,0,0,0,0,0,0,-6000
4994,傳奇            ,20000,23000,-3000,0,0,0,0,0,0,-3000,0,3000,-3000,0,0,0,-6000
4952,凌通            ,9000,15000,-6000,0,0,0,0,0,0,0,0,0,0,0,0,0,-6000
6477,安集            ,24000,30000,-6000,0,0,0,0,0,0,0,0,0,0,0,0,0,-6000
05799P,臺股指群益96售13,0,0,0,0,0,0,0,0,0,-6000,0,0,0,0,6000,-6000,-6000
057087,台郡統一99購01  ,0,0,0,0,0,0,0,0,0,-6000,0,0,0,0,6000,-6000,-6000
06207P,聯發科凱基97售07,0,0,0,0,0,0,0,0,0,-6000,0,0,0,0,6000,-6000,-6000
06165P,臺股指凱基9A售03,0,0,0,0,0,0,0,0,0,-6000,0,0,0,2000,8000,-6000,-6000
06435P,臺股指群益98售02,0,0,0,0,0,0,0,0,0,-6000,0,0,0,0,6000,-6000,-6000
06242P,大立光元富9A售02,0,0,0,0,0,0,0,0,0,-6000,0,0,0,3000,9000,-6000,-6000
06572P,台積電永昌99售01,0,0,0,0,0,0,0,0,0,-6000,0,0,0,599000,605000,-6000,-6000
06558P,旺宏元富98售02  ,0,0,0,0,0,0,0,0,0,-6000,0,0,0,0,6000,-6000,-6000
06521P,矽力元大98售01  ,0,0,0,0,0,0,0,0,0,-6000,0,0,0,10000,16000,-6000,-6000
1582,信錦            ,108000,114000,-6000,0,0,0,0,0,0,0,0,0,0,0,0,0,-6000
1732,毛寶            ,0,6000,-6000,0,0,0,0,0,0,0,0,0,0,0,0,0,-6000
2413,環科            ,2000,9000,-7000,0,0,0,0,0,0,1000,1000,0,1000,0,0,0,-6000
2468,華經            ,9000,15000,-6000,0,0,0,0,0,0,0,0,0,0,0,0,0,-6000
2427,三商電          ,3000,9000,-6000,0,0,0,0,0,0,0,0,0,0,0,0,0,-6000
2908,特力            ,1000,7000,-6000,0,0,0,0,0,0,0,0,0,0,0,0,0,-6000
054656,深中小元大97購01,0,0,0,0,0,0,0,0,0,-7000,0,0,0,0,7000,-7000,-7000
055108,智邦凱基98購01  ,0,0,0,0,0,0,0,0,0,-7000,0,0,0,12000,19000,-7000,-7000
054981,國巨元富97購02  ,0,0,0,0,0,0,0,0,0,-7000,0,0,0,99000,106000,-7000,-7000
054849,日月光兆豐97購01,0,0,0,0,0,0,0,0,0,-7000,0,0,0,0,7000,-7000,-7000
054863,億光群益97購01  ,0,0,0,0,0,0,0,0,0,-7000,0,0,0,21000,28000,-7000,-7000
055699,康控國票97購04  ,0,0,0,0,0,0,0,0,0,-7000,0,0,0,117000,124000,-7000,-7000
05688P,臺股指元大96售13,0,0,0,0,0,0,0,0,0,-7000,0,0,0,85000,92000,-7000,-7000
057009,信邦中信99購01  ,0,0,0,0,0,0,0,0,0,-7000,0,0,0,0,7000,-7000,-7000
056753,群創兆豐98購02  ,0,0,0,0,0,0,0,0,0,-7000,0,0,0,23000,30000,-7000,-7000
05664P,國巨凱基96售09  ,0,0,0,0,0,0,0,0,0,-7000,0,0,0,0,7000,-7000,-7000
055744,茂林元富97購02  ,0,0,0,0,0,0,0,0,0,-7000,0,0,0,133000,140000,-7000,-7000
05610P,國巨群益98售01  ,0,0,0,0,0,0,0,0,0,-7000,0,0,0,33000,40000,-7000,-7000
05061P,鴻海富邦96售03  ,0,0,0,0,0,0,0,0,0,-7000,0,0,0,2789000,2796000,-7000,-7000
047485,景碩凱基94購01  ,0,0,0,0,0,0,0,0,0,-7000,0,0,0,0,7000,-7000,-7000
046302,亞德客元大92購02,0,0,0,0,0,0,0,0,0,-7000,0,0,0,3000,10000,-7000,-7000
046978,復盛永豐93購01  ,0,0,0,0,0,0,0,0,0,-7000,0,0,0,0,7000,-7000,-7000
046987,智邦凱基93購04  ,0,0,0,0,0,0,0,0,0,-7000,0,0,0,54000,61000,-7000,-7000
046863,康友元大93購01  ,0,0,0,0,0,0,0,0,0,-7000,0,0,0,3000,10000,-7000,-7000
045385,華新科元大93購04,0,0,0,0,0,0,0,0,0,-7000,0,0,0,0,7000,-7000,-7000
044698,奇力新元大93購01,0,0,0,0,0,0,0,0,0,-7000,0,0,0,0,7000,-7000,-7000
044861,玉晶光兆豐93購01,0,0,0,0,0,0,0,0,0,-7000,0,0,0,13000,20000,-7000,-7000
045074,華新科元大93購03,0,0,0,0,0,0,0,0,0,-7000,0,0,0,0,7000,-7000,-7000
04243P,大立光永昌93售08,0,0,0,0,0,0,0,0,0,-7000,0,0,0,0,7000,-7000,-7000
01007T,兆豐國泰R2      ,0,7000,-7000,0,0,0,0,0,0,0,0,0,0,0,0,0,-7000
03351P,台積電麥證02售07,0,0,0,0,0,0,0,0,0,-7000,0,0,0,0,7000,-7000,-7000
042062,台灣50兆豐92購01,0,0,0,0,0,0,0,0,0,-7000,0,0,0,5000,12000,-7000,-7000
05070P,鴻海統一96售04  ,0,0,0,0,0,0,0,0,0,-7000,0,0,0,63000,70000,-7000,-7000
04956P,臺股指日盛94售02,0,0,0,0,0,0,0,0,0,-7000,0,0,0,208000,215000,-7000,-7000
048639,漢唐元大93購07  ,0,0,0,0,0,0,0,0,0,-7000,0,0,0,10000,17000,-7000,-7000
049694,華新科元大95購06,0,0,0,0,0,0,0,0,0,-7000,0,0,0,0,7000,-7000,-7000
048577,GIS國泰94購01   ,0,0,0,0,0,0,0,0,0,-7000,0,0,0,0,7000,-7000,-7000
051292,牧德統一97購01  ,0,0,0,0,0,0,0,0,0,-7000,0,0,0,30000,37000,-7000,-7000
05149P,緯穎國泰96售01  ,0,0,0,0,0,0,0,0,0,-7000,0,0,0,0,7000,-7000,-7000
051677,達方元大95購01  ,0,0,0,0,0,0,0,0,0,-7000,0,0,0,170000,177000,-7000,-7000
050251,樺漢凱基94購02  ,0,0,0,0,0,0,0,0,0,-7000,0,0,0,33000,40000,-7000,-7000
049017,旺宏群益96購03  ,0,0,0,0,0,0,0,0,0,-7000,0,0,0,64000,71000,-7000,-7000
049901,瑞昱元富94購01  ,0,0,0,0,0,0,0,0,0,-7000,0,0,0,0,7000,-7000,-7000
049415,智邦凱基94購02  ,0,0,0,0,0,0,0,0,0,-7000,0,0,0,31000,38000,-7000,-7000
049363,旺宏元大94購07  ,0,0,0,0,0,0,0,0,0,-7000,0,0,0,23000,30000,-7000,-7000
054511,香港反元大98購01,0,0,0,0,0,0,0,0,0,-7000,0,0,0,0,7000,-7000,-7000
054390,智邦元富96購03  ,0,0,0,0,0,0,0,0,0,-7000,0,0,0,561000,568000,-7000,-7000
053517,崇越群益97購01  ,0,0,0,0,0,0,0,0,0,-7000,0,0,0,109000,116000,-7000,-7000
053338,台光電國票97購01,0,0,0,0,0,0,0,0,0,-7000,0,0,0,35000,42000,-7000,-7000
05371P,臺股指中信95售10,0,0,0,0,0,0,0,0,0,-7000,0,0,0,0,7000,-7000,-7000
053703,緯穎兆豐96購01  ,0,0,0,0,0,0,0,0,0,-7000,0,0,0,0,7000,-7000,-7000
053707,A50正2凱基99購02,0,0,0,0,0,0,0,0,0,-7000,0,0,0,0,7000,-7000,-7000
052223,聯電凱基96購02  ,0,0,0,0,0,0,0,0,0,-7000,0,0,0,67000,74000,-7000,-7000
051792,泰鼎國票96購02  ,0,0,0,0,0,0,0,0,0,-7000,0,0,0,9000,16000,-7000,-7000
051934,緯穎國票96購01  ,0,0,0,0,0,0,0,0,0,-7000,0,0,0,0,7000,-7000,-7000
2524,京城            ,8000,33000,-25000,0,0,0,0,0,0,18000,18000,0,18000,0,0,0,-7000
1612,宏泰            ,0,6000,-6000,0,0,0,0,0,0,-1000,0,1000,-1000,0,0,0,-7000
1526,日馳            ,6000,13000,-7000,0,0,0,0,0,0,0,0,0,0,0,0,0,-7000
1413,宏洲            ,1000,8000,-7000,0,0,0,0,0,0,0,0,0,0,0,0,0,-7000
06542P,台光電國票98售05,0,0,0,0,0,0,0,0,0,-7000,0,0,0,0,7000,-7000,-7000
06309P,光罩元富97售03  ,0,0,0,0,0,0,0,0,0,-7000,0,0,0,0,7000,-7000,-7000
06227P,大立光群益97售04,0,0,0,0,0,0,0,0,0,-7000,0,0,0,1000,8000,-7000,-7000
05726P,易華電永豐96售02,0,0,0,0,0,0,0,0,0,-7000,0,0,0,4000,11000,-7000,-7000
05844P,旺宏元大96售07  ,0,0,0,0,0,0,0,0,0,-7000,0,0,0,339000,346000,-7000,-7000
056177,嘉澤元富97購01  ,0,0,0,0,0,0,0,0,0,-8000,0,0,0,23000,31000,-8000,-8000
055776,宏達電凱基98購02,0,0,0,0,0,0,0,0,0,-8000,0,0,0,0,8000,-8000,-8000
05600P,玉晶光台新96售04,0,0,0,0,0,0,0,0,0,-8000,0,0,0,0,8000,-8000,-8000
05593P,鴻海國票97售03  ,0,0,0,0,0,0,0,0,0,-8000,0,0,0,0,8000,-8000,-8000
056642,旺宏凱基98購07  ,0,0,0,0,0,0,0,0,0,-8000,0,0,0,0,8000,-8000,-8000
056477,欣興元大98購02  ,0,0,0,0,0,0,0,0,0,-8000,0,0,0,86000,94000,-8000,-8000
057012,康控中信98購01  ,0,0,0,0,0,0,0,0,0,-8000,0,0,0,0,8000,-8000,-8000
056964,聯發科永豐98購03,0,0,0,0,0,0,0,0,0,-8000,0,0,0,5000,13000,-8000,-8000
056880,緯穎國票98購02  ,0,0,0,0,0,0,0,0,0,-8000,0,0,0,0,8000,-8000,-8000
055649,華新科元富97購03,0,0,0,0,0,0,0,0,0,-8000,0,0,0,331000,339000,-8000,-8000
055248,可成統一97購02  ,0,0,0,0,0,0,0,0,0,-8000,0,0,0,92000,100000,-8000,-8000
05461P,台積電亞東97售01,0,0,0,0,0,0,0,0,0,-8000,0,0,0,0,8000,-8000,-8000
054591,GIS國泰98購01   ,0,0,0,0,0,0,0,0,0,-8000,0,0,0,0,8000,-8000,-8000
04230P,臺股指中信95售06,0,0,0,0,0,0,0,0,0,-8000,0,0,0,7000,15000,-8000,-8000
046631,創意元富93購01  ,0,0,0,0,0,0,0,0,0,-8000,0,0,0,0,8000,-8000,-8000
047703,台積電凱基93購19,0,0,0,0,0,0,0,0,0,-8000,0,0,0,0,8000,-8000,-8000
046753,台積電凱基93購04,0,0,0,0,0,0,0,0,0,-8000,0,0,0,16000,24000,-8000,-8000
046785,禾伸堂永豐93購01,0,0,0,0,0,0,0,0,0,-8000,0,0,0,31000,39000,-8000,-8000
043753,聯發科元大92購02,0,0,0,0,0,0,0,0,0,-8000,0,0,0,17000,25000,-8000,-8000
045768,大立光元富95購02,0,0,0,0,0,0,0,0,0,-8000,0,0,0,5000,13000,-8000,-8000
04578P,微星富邦96售01  ,0,0,0,0,0,0,0,0,0,-8000,0,0,0,10000,18000,-8000,-8000
047960,鈺齊永豐93購01  ,0,0,0,0,0,0,0,0,0,-8000,0,0,0,2000,10000,-8000,-8000
046134,致新國泰93購02  ,0,0,0,0,0,0,0,0,0,-8000,0,0,0,91000,99000,-8000,-8000
047059,智邦日盛93購01  ,0,0,0,0,0,0,0,0,0,-8000,0,0,0,12000,20000,-8000,-8000
04931P,臻鼎元富94售09  ,0,0,0,0,0,0,0,0,0,-8000,0,0,0,0,8000,-8000,-8000
051674,臻鼎元大95購02  ,0,0,0,0,0,0,0,0,0,-8000,0,0,0,0,8000,-8000,-8000
048618,超眾凱基93購08  ,0,0,0,0,0,0,0,0,0,-8000,0,0,0,0,8000,-8000,-8000
048955,慧洋康和94購01  ,0,0,0,0,0,0,0,0,0,-8000,0,0,0,0,8000,-8000,-8000
049587,美律元大95購01  ,0,0,0,0,0,0,0,0,0,-8000,0,0,0,0,8000,-8000,-8000
04889P,華通元大94售03  ,0,0,0,0,0,0,0,0,0,-8000,0,0,0,56000,64000,-8000,-8000
050652,大立光凱基96購03,0,0,0,0,0,0,0,0,0,-8000,0,0,0,2000,10000,-8000,-8000
05111P,台積電統一95售04,0,0,0,0,0,0,0,0,0,-8000,0,0,0,0,8000,-8000,-8000
051734,台積電國票95購04,0,0,0,0,0,0,0,0,0,-8000,0,0,0,195000,203000,-8000,-8000
05219P,鴻海元大95售17  ,0,0,0,0,0,0,0,0,0,-8000,0,0,0,281000,289000,-8000,-8000
05250P,臻鼎國票96售01  ,0,0,0,0,0,0,0,0,0,-8000,0,0,0,0,8000,-8000,-8000
052985,美律元大96購02  ,0,0,0,0,0,0,0,0,0,-8000,0,0,0,3000,11000,-8000,-8000
053645,臺股指國票96購08,0,0,0,0,0,0,0,0,0,-8000,0,0,0,0,8000,-8000,-8000
054143,茂林元大96購04  ,0,0,0,0,0,0,0,0,0,-8000,0,0,0,30000,38000,-8000,-8000
05842P,台積電元大96售15,0,0,0,0,0,0,0,0,0,-8000,0,0,0,153000,161000,-8000,-8000
05975P,國巨日盛99售02  ,0,0,0,0,0,0,0,0,0,-8000,0,0,0,20000,28000,-8000,-8000
06071P,大立光永豐97售01,0,0,0,0,0,0,0,0,0,-8000,0,0,0,0,8000,-8000,-8000
06436P,台光電國票98售04,0,0,0,0,0,0,0,0,0,-8000,0,0,0,0,8000,-8000,-8000
1708,東鹼            ,0,9000,-9000,0,0,0,0,0,0,1000,1000,0,1000,0,0,0,-8000
1810,和成            ,0,8000,-8000,0,0,0,0,0,0,0,0,0,0,0,0,0,-8000
2530,華建            ,4000,13000,-9000,0,0,0,0,0,0,1000,1000,0,1000,0,0,0,-8000
2536,宏普            ,40000,48000,-8000,0,0,0,0,0,0,0,0,0,0,0,0,0,-8000
2482,連宇            ,8000,15000,-7000,0,0,0,0,0,0,-1000,0,1000,-1000,0,0,0,-8000
3002,歐格            ,2000,10000,-8000,0,0,0,0,0,0,0,0,0,0,0,0,0,-8000
6449,鈺邦            ,14000,19000,-5000,0,0,0,0,0,0,-3000,1000,4000,-3000,0,0,0,-8000
6192,巨路            ,7000,15000,-8000,0,0,0,0,0,0,0,0,0,0,0,0,0,-8000
3027,盛達            ,3000,11000,-8000,0,0,0,0,0,0,0,0,0,0,0,0,0,-8000
3167,大量            ,5000,13000,-8000,0,0,0,0,0,0,0,0,0,0,0,0,0,-8000
4560,強信-KY         ,94000,102000,-8000,0,0,0,0,0,0,0,0,0,0,0,0,0,-8000
9927,泰銘            ,4000,12000,-8000,0,0,0,0,0,0,0,0,0,0,0,0,0,-8000
9136,巨騰-DR         ,2000,10000,-8000,0,0,0,0,0,0,0,0,0,0,0,0,0,-8000
054809,大成鋼元大97購01,0,0,0,0,0,0,0,0,0,-9000,0,0,0,30000,39000,-9000,-9000
055326,緯穎國票97購06  ,0,0,0,0,0,0,0,0,0,-9000,0,0,0,0,9000,-9000,-9000
05696P,南亞科凱基96售01,0,0,0,0,0,0,0,0,0,-9000,0,0,0,1000,10000,-9000,-9000
056409,麗豐國票99購01  ,0,0,0,0,0,0,0,0,0,-9000,0,0,0,25000,34000,-9000,-9000
056657,華邦電元大99購01,0,0,0,0,0,0,0,0,0,-9000,0,0,0,24000,33000,-9000,-9000
056552,台表科凱基99購01,0,0,0,0,0,0,0,0,0,-9000,0,0,0,2000,11000,-9000,-9000
056575,禾伸堂元大99購01,0,0,0,0,0,0,0,0,0,-9000,0,0,0,183000,192000,-9000,-9000
055779,國泰金凱基97購02,0,0,0,0,0,0,0,0,0,-9000,0,0,0,0,9000,-9000,-9000
055818,晶相光國票97購02,0,0,0,0,0,0,0,0,0,-9000,0,0,0,50000,59000,-9000,-9000
056184,南亞科統一97購03,0,0,0,0,0,0,0,0,0,-9000,0,0,0,0,9000,-9000,-9000
056338,聯發科凱基99購01,0,0,0,0,0,0,0,0,0,-9000,0,0,0,45000,54000,-9000,-9000
046583,聯發科元大92購24,0,0,0,0,0,0,0,0,0,-9000,0,0,0,1000,10000,-9000,-9000
050408,臻鼎台新94購02  ,0,0,0,0,0,0,0,0,0,-9000,0,0,0,38000,47000,-9000,-9000
046180,裕隆凱基93購01  ,0,0,0,0,0,0,0,0,0,-9000,0,0,0,1000,10000,-9000,-9000
046991,健策凱基93購04  ,0,0,0,0,0,0,0,0,0,-9000,0,0,0,99000,108000,-9000,-9000
048037,台表科凱基93購05,0,0,0,0,0,0,0,0,0,-9000,0,0,0,3000,12000,-9000,-9000
048033,大立光凱基93購28,0,0,0,0,0,0,0,0,0,-9000,0,0,0,10000,19000,-9000,-9000
04325P,創意元大93售06  ,0,0,0,0,0,0,0,0,0,-9000,0,0,0,1000,10000,-9000,-9000
044437,台郡元大92購02  ,0,0,0,0,0,0,0,0,0,-9000,0,0,0,2000,11000,-9000,-9000
044463,全新兆豐93購01  ,0,0,0,0,0,0,0,0,0,-9000,0,0,0,20000,29000,-9000,-9000
03450P,元油2X元富98售05,0,0,0,0,0,0,0,0,0,-9000,0,0,0,1000,10000,-9000,-9000
04160P,儒鴻中信93售01  ,0,0,0,0,0,0,0,0,0,-9000,0,0,0,50000,59000,-9000,-9000
049561,道瓊銀統一96購01,0,0,0,0,0,0,0,0,0,-9000,0,0,0,0,9000,-9000,-9000
048883,玉晶光統一94購01,0,0,0,0,0,0,0,0,0,-9000,0,0,0,0,9000,-9000,-9000
049231,鴻海富邦95購02  ,0,0,0,0,0,0,0,0,0,-9000,0,0,0,0,9000,-9000,-9000
049210,昇陽半群益94購02,0,0,0,0,0,0,0,0,0,-9000,0,0,0,2000,11000,-9000,-9000
04927P,大立光凱基95售06,0,0,0,0,0,0,0,0,0,-9000,0,0,0,11000,20000,-9000,-9000
049298,矽格群益95購01  ,0,0,0,0,0,0,0,0,0,-9000,0,0,0,3000,12000,-9000,-9000
048305,深100凱基96購01 ,0,0,0,0,0,0,0,0,0,-9000,0,0,0,4000,13000,-9000,-9000
048308,儒鴻凱基93購05  ,0,0,0,0,0,0,0,0,0,-9000,0,0,0,11000,20000,-9000,-9000
051444,聯發科元大95購11,0,0,0,0,0,0,0,0,0,-9000,0,0,0,11000,20000,-9000,-9000
050270,景碩元大94購01  ,0,0,0,0,0,0,0,0,0,-9000,0,0,0,49000,58000,-9000,-9000
049334,上銀統一94購01  ,0,0,0,0,0,0,0,0,0,-9000,0,0,0,1000,10000,-9000,-9000
054113,奇力新台新97購01,0,0,0,0,0,0,0,0,0,-9000,0,0,0,7000,16000,-9000,-9000
054218,S&P反1統一98購02,0,0,0,0,0,0,0,0,0,-9000,0,0,0,20000,29000,-9000,-9000
054208,台積電國票97購07,0,0,0,0,0,0,0,0,0,-9000,0,0,0,4000,13000,-9000,-9000
054270,寶滬深中信98購01,0,0,0,0,0,0,0,0,0,-9000,0,0,0,1000,10000,-9000,-9000
053575,聯詠元富96購01  ,0,0,0,0,0,0,0,0,0,-9000,0,0,0,1000,10000,-9000,-9000
053037,國巨凱基96購08  ,0,0,0,0,0,0,0,0,0,-9000,0,0,0,12000,21000,-9000,-9000
053052,旺宏國票97購02  ,0,0,0,0,0,0,0,0,0,-9000,0,0,0,51000,60000,-9000,-9000
052652,台虹永豐96購01  ,0,0,0,0,0,0,0,0,0,-9000,0,0,0,0,9000,-9000,-9000
051818,國巨統一95購02  ,0,0,0,0,0,0,0,0,0,-9000,0,0,0,11000,20000,-9000,-9000
4144,康聯-KY         ,4000,11000,-7000,0,0,0,0,0,0,-2000,0,2000,-2000,0,0,0,-9000
3130,一零四          ,30000,39000,-9000,0,0,0,0,0,0,0,0,0,0,0,0,0,-9000
3311,閎暉            ,5000,14000,-9000,0,0,0,0,0,0,0,0,0,0,0,0,0,-9000
6277,宏正            ,1000,10000,-9000,0,0,0,0,0,0,0,0,0,0,0,0,0,-9000
4916,事欣科          ,20000,29000,-9000,0,0,0,0,0,0,0,0,0,0,0,0,0,-9000
3022,威強電          ,6000,15000,-9000,0,0,0,0,0,0,0,0,0,0,0,0,0,-9000
2430,燦坤            ,0,9000,-9000,0,0,0,0,0,0,0,0,0,0,0,0,0,-9000
2013,中鋼構          ,9000,18000,-9000,0,0,0,0,0,0,0,0,0,0,0,0,0,-9000
1626,艾美特-KY       ,12000,21000,-9000,0,0,0,0,0,0,0,0,0,0,0,0,0,-9000
07480P,FBVIX凱基94售01 ,0,0,0,0,0,0,0,0,0,-9000,0,0,0,1000,10000,-9000,-9000
06378P,國巨統一97售08  ,0,0,0,0,0,0,0,0,0,-9000,0,0,0,58000,67000,-9000,-9000
06094P,台達電中信97售01,0,0,0,0,0,0,0,0,0,-9000,0,0,0,73000,82000,-9000,-9000
06032P,健策群益97售03  ,0,0,0,0,0,0,0,0,0,-9000,0,0,0,32000,41000,-9000,-9000
057071,華擎永豐98購02  ,0,0,0,0,0,0,0,0,0,-9000,0,0,0,0,9000,-9000,-9000
057073,康控永豐98購01  ,0,0,0,0,0,0,0,0,0,-9000,0,0,0,10000,19000,-9000,-9000
056337,聯發科凱基98購06,0,0,0,0,0,0,0,0,0,-10000,0,0,0,0,10000,-10000,-10000
056304,創意元大97購03  ,0,0,0,0,0,0,0,0,0,-10000,0,0,0,10000,20000,-10000,-10000
056224,聯發科凱基97購08,0,0,0,0,0,0,0,0,0,-10000,0,0,0,0,10000,-10000,-10000
056296,旺宏元大97購07  ,0,0,0,0,0,0,0,0,0,-10000,0,0,0,95000,105000,-10000,-10000
05611P,康控群益96售02  ,0,0,0,0,0,0,0,0,0,-10000,0,0,0,0,10000,-10000,-10000
056097,訊芯元富97購02  ,0,0,0,0,0,0,0,0,0,-10000,0,0,0,0,10000,-10000,-10000
056085,聯發科統一97購01,0,0,0,0,0,0,0,0,0,-10000,0,0,0,0,10000,-10000,-10000
055826,中石化元大97購01,0,0,0,0,0,0,0,0,0,-10000,0,0,0,0,10000,-10000,-10000
055880,神達元富97購02  ,0,0,0,0,0,0,0,0,0,-10000,0,0,0,0,10000,-10000,-10000
055748,GIS元富97購01   ,0,0,0,0,0,0,0,0,0,-10000,0,0,0,2000,12000,-10000,-10000
055919,景碩凱基98購02  ,0,0,0,0,0,0,0,0,0,-10000,0,0,0,21000,31000,-10000,-10000
056571,燿華元大98購02  ,0,0,0,0,0,0,0,0,0,-10000,0,0,0,104000,114000,-10000,-10000
056577,玉晶光元大99購06,0,0,0,0,0,0,0,0,0,-10000,0,0,0,0,10000,-10000,-10000
056654,元油2X元大98購02,0,0,0,0,0,0,0,0,0,-10000,0,0,0,30000,40000,-10000,-10000
05659P,A50正2中信97售01,0,0,0,0,0,0,0,0,0,-10000,0,0,0,0,10000,-10000,-10000
056447,聯發科凱基98購09,0,0,0,0,0,0,0,0,0,-10000,0,0,0,33000,43000,-10000,-10000
056471,台光電元大99購01,0,0,0,0,0,0,0,0,0,-10000,0,0,0,0,10000,-10000,-10000
056494,緯創國泰99購01  ,0,0,0,0,0,0,0,0,0,-10000,0,0,0,0,10000,-10000,-10000
056989,鴻海兆豐98購02  ,0,0,0,0,0,0,0,0,0,-10000,0,0,0,0,10000,-10000,-10000
056950,亞光統一99購01  ,0,0,0,0,0,0,0,0,0,-10000,0,0,0,0,10000,-10000,-10000
056942,昇陽半元富98購01,0,0,0,0,0,0,0,0,0,-10000,0,0,0,30000,40000,-10000,-10000
057016,中石化凱基9B購01,0,0,0,0,0,0,0,0,0,-10000,0,0,0,0,10000,-10000,-10000
057036,元油2X元大9B購04,0,0,0,0,0,0,0,0,0,-10000,0,0,0,0,10000,-10000,-10000
056911,緯穎元大99購01  ,0,0,0,0,0,0,0,0,0,-10000,0,0,0,170000,180000,-10000,-10000
056914,臺股指元大99購09,0,0,0,0,0,0,0,0,0,-10000,0,0,0,0,10000,-10000,-10000
05676P,欣興群益96售04  ,0,0,0,0,0,0,0,0,0,-10000,0,0,0,0,10000,-10000,-10000
056739,美律凱基98購04  ,0,0,0,0,0,0,0,0,0,-10000,0,0,0,10000,20000,-10000,-10000
05673P,台積電群益96售05,0,0,0,0,0,0,0,0,0,-10000,0,0,0,55000,65000,-10000,-10000
056852,矽格元富98購01  ,0,0,0,0,0,0,0,0,0,-10000,0,0,0,0,10000,-10000,-10000
056848,泰鼎元富98購01  ,0,0,0,0,0,0,0,0,0,-10000,0,0,0,0,10000,-10000,-10000
055324,TPK國票98購03   ,0,0,0,0,0,0,0,0,0,-10000,0,0,0,26000,36000,-10000,-10000
055366,國巨元大98購05  ,0,0,0,0,0,0,0,0,0,-10000,0,0,0,11000,21000,-10000,-10000
055218,彩晶凱基99購01  ,0,0,0,0,0,0,0,0,0,-10000,0,0,0,0,10000,-10000,-10000
055274,華泰元大97購02  ,0,0,0,0,0,0,0,0,0,-10000,0,0,0,13000,23000,-10000,-10000
05526P,茂林群益96售03  ,0,0,0,0,0,0,0,0,0,-10000,0,0,0,0,10000,-10000,-10000
055205,京鼎中信99購01  ,0,0,0,0,0,0,0,0,0,-10000,0,0,0,0,10000,-10000,-10000
055606,矽創元大97購01  ,0,0,0,0,0,0,0,0,0,-10000,0,0,0,182000,192000,-10000,-10000
05570P,聯發科統一96售04,0,0,0,0,0,0,0,0,0,-10000,0,0,0,0,10000,-10000,-10000
05572P,群創統一96售02  ,0,0,0,0,0,0,0,0,0,-10000,0,0,0,0,10000,-10000,-10000
055679,華通凱基99購01  ,0,0,0,0,0,0,0,0,0,-10000,0,0,0,0,10000,-10000,-10000
055476,台郡凱基97購02  ,0,0,0,0,0,0,0,0,0,-10000,0,0,0,5000,15000,-10000,-10000
055441,緯穎國票98購01  ,0,0,0,0,0,0,0,0,0,-10000,0,0,0,0,10000,-10000,-10000
054521,TPK元大96購03   ,0,0,0,0,0,0,0,0,0,-10000,0,0,0,200000,210000,-10000,-10000
054620,南茂永豐97購01  ,0,0,0,0,0,0,0,0,0,-10000,0,0,0,0,10000,-10000,-10000
054596,聯發科麥證97購01,0,0,0,0,10000,-10000,0,0,0,-10000,0,0,0,0,10000,-10000,-10000
05466P,旺宏富邦97售01  ,0,0,0,0,0,0,0,0,0,-10000,0,0,0,0,10000,-10000,-10000
054842,台達電兆豐98購01,0,0,0,0,0,0,0,0,0,-10000,0,0,0,10000,20000,-10000,-10000
054856,得力群益99購01  ,0,0,0,0,0,0,0,0,0,-10000,0,0,0,0,10000,-10000,-10000
054867,華航群益99購01  ,0,0,0,0,0,0,0,0,0,-10000,0,0,0,1000,11000,-10000,-10000
054890,聯鈞統一99購01  ,0,0,0,0,0,0,0,0,0,-10000,0,0,0,0,10000,-10000,-10000
054974,台表科元大98購02,0,0,0,0,0,0,0,0,0,-10000,0,0,0,68000,78000,-10000,-10000
054940,台積電元大97購16,0,0,0,0,0,0,0,0,0,-10000,0,0,0,270000,280000,-10000,-10000
054926,神達凱基98購01  ,0,0,0,0,0,0,0,0,0,-10000,0,0,0,0,10000,-10000,-10000
054998,玉晶光元富97購02,0,0,0,0,0,0,0,0,0,-10000,0,0,0,0,10000,-10000,-10000
055031,南港富邦99購01  ,0,0,0,0,0,0,0,0,0,-10000,0,0,0,0,10000,-10000,-10000
05505P,聯發科凱基96售09,0,0,0,0,0,0,0,0,0,-10000,0,0,0,0,10000,-10000,-10000
055068,亞翔永豐97購01  ,0,0,0,0,0,0,0,0,0,-10000,0,0,0,0,10000,-10000,-10000
03999P,鴻海凱基94售11  ,0,0,0,0,0,0,0,0,0,-10000,0,0,0,0,10000,-10000,-10000
03103P,聯發科元富01售02,0,0,0,0,0,0,0,0,0,-10000,0,0,0,0,10000,-10000,-10000
04165P,南亞科元富95售03,0,0,0,0,0,0,0,0,0,-10000,0,0,0,0,10000,-10000,-10000
04194P,欣興永豐93售05  ,0,0,0,0,0,0,0,0,0,-10000,0,0,0,0,10000,-10000,-10000
03171P,台積電中信05售07,0,0,0,0,0,0,0,0,0,-10000,0,0,0,0,10000,-10000,-10000
03021P,玉晶光群益02售25,0,0,0,0,0,0,0,0,0,-10000,0,0,0,0,10000,-10000,-10000
03955P,華通統一93售04  ,0,0,0,0,0,0,0,0,0,-10000,0,0,0,100000,110000,-10000,-10000
03430B,臺股指元大9B熊01,0,0,0,0,0,0,0,0,0,-10000,0,0,0,0,10000,-10000,-10000
03492P,創意元大02售03  ,0,0,0,0,0,0,0,0,0,-10000,0,0,0,0,10000,-10000,-10000
03788P,聯發科群益94售02,0,0,0,0,0,0,0,0,0,-10000,0,0,0,0,10000,-10000,-10000
04477P,南電元大94售04  ,0,0,0,0,0,0,0,0,0,-10000,0,0,0,10000,20000,-10000,-10000
04236P,華新科群益93售03,0,0,0,0,0,0,0,0,0,-10000,0,0,0,0,10000,-10000,-10000
04237P,超眾群益93售02  ,0,0,0,0,0,0,0,0,0,-10000,0,0,0,0,10000,-10000,-10000
045184,京元電統一93購01,0,0,0,0,0,0,0,0,0,-10000,0,0,0,0,10000,-10000,-10000
04254P,亞德客國票93售03,0,0,0,0,0,0,0,0,0,-10000,0,0,0,0,10000,-10000,-10000
042502,上銀凱基93購01  ,0,0,0,0,0,0,0,0,0,-10000,0,0,0,40000,50000,-10000,-10000
042414,漢唐元大92購01  ,0,0,0,0,0,0,0,0,0,-10000,0,0,0,0,10000,-10000,-10000
045016,創意元大94購01  ,0,0,0,0,0,0,0,0,0,-10000,0,0,0,0,10000,-10000,-10000
044901,聯發科凱基93購01,0,0,0,0,0,0,0,0,0,-10000,0,0,0,10000,20000,-10000,-10000
044927,聯詠國泰94購01  ,0,0,0,0,0,0,0,0,0,-10000,0,0,0,30000,40000,-10000,-10000
044302,智邦兆豐93購02  ,0,0,0,0,0,0,0,0,0,-10000,0,0,0,0,10000,-10000,-10000
042927,道瓊反中信94購01,0,0,0,0,0,0,0,0,0,-10000,0,0,0,0,10000,-10000,-10000
044105,聯詠中信95購01  ,0,0,0,0,0,0,0,0,0,-10000,0,0,0,20000,30000,-10000,-10000
045454,上銀元大93購01  ,0,0,0,0,0,0,0,0,0,-10000,0,0,0,10000,20000,-10000,-10000
04533P,臺股指凱基94售05,0,0,0,0,0,0,0,0,0,-10000,0,0,0,0,10000,-10000,-10000
043695,臻鼎兆豐92購01  ,0,0,0,0,0,0,0,0,0,-10000,0,0,0,0,10000,-10000,-10000
04383P,泰鼎國泰95售01  ,0,0,0,0,0,0,0,0,0,-10000,0,0,0,0,10000,-10000,-10000
047758,康舒元富93購01  ,0,0,0,0,0,0,0,0,0,-10000,0,0,0,0,10000,-10000,-10000
047747,致茂元富93購01  ,0,0,0,0,0,0,0,0,0,-10000,0,0,0,0,10000,-10000,-10000
047748,漢唐元富93購02  ,0,0,0,0,0,0,0,0,0,-10000,0,0,0,0,10000,-10000,-10000
047647,麗豐元大93購03  ,0,0,0,0,0,0,0,0,0,-10000,0,0,0,0,10000,-10000,-10000
047650,矽力元大93購01  ,0,0,0,0,0,0,0,0,0,-10000,0,0,0,0,10000,-10000,-10000
047674,群創元富96購02  ,0,0,0,0,0,0,0,0,0,-10000,0,0,0,0,10000,-10000,-10000
046618,南亞科凱基93購01,0,0,0,0,0,0,0,0,0,-10000,0,0,0,0,10000,-10000,-10000
045505,旭富凱基92購01  ,0,0,0,0,0,0,0,0,0,-10000,0,0,0,0,10000,-10000,-10000
044567,華通凱基93購03  ,0,0,0,0,0,0,0,0,0,-10000,0,0,0,6000,16000,-10000,-10000
04452P,超眾國泰95售01  ,0,0,0,0,0,0,0,0,0,-10000,0,0,0,100000,110000,-10000,-10000
048018,南亞科麥證93購01,0,0,0,21000,30000,-9000,0,0,0,-10000,0,0,0,21000,31000,-10000,-10000
045818,鴻海凱基93購10  ,0,0,0,0,0,0,0,0,0,-10000,0,0,0,0,10000,-10000,-10000
045820,京元電凱基92購04,0,0,0,0,0,0,0,0,0,-10000,0,0,0,40000,50000,-10000,-10000
045717,微星凱基92購03  ,0,0,0,0,0,0,0,0,0,-10000,0,0,0,0,10000,-10000,-10000
045579,全新元大93購03  ,0,0,0,0,0,0,0,0,0,-10000,0,0,0,0,10000,-10000,-10000
047599,大立光統一93購08,0,0,0,0,0,0,0,0,0,-10000,0,0,0,57000,67000,-10000,-10000
047601,上海銀中信93購01,0,0,0,0,0,0,0,0,0,-10000,0,0,0,0,10000,-10000,-10000
047584,元金2X永豐95購01,0,0,0,0,0,0,0,0,0,-10000,0,0,0,0,10000,-10000,-10000
047617,瑞昱凱基93購07  ,0,0,0,0,0,0,0,0,0,-10000,0,0,0,0,10000,-10000,-10000
047897,可成群益94購01  ,0,0,0,0,0,0,0,0,0,-10000,0,0,0,170000,180000,-10000,-10000
04697P,臺股指元富94售03,0,0,0,0,0,0,0,0,0,-10000,0,0,0,0,10000,-10000,-10000
046981,智伸科兆豐94購01,0,0,0,0,0,0,0,0,0,-10000,0,0,0,0,10000,-10000,-10000
046972,同欣電群益93購01,0,0,0,0,0,0,0,0,0,-10000,0,0,0,0,10000,-10000,-10000
046961,大立光中信95購02,0,0,0,0,0,0,0,0,0,-10000,0,0,0,22000,32000,-10000,-10000
04595P,臺股指元大94售13,5000,0,5000,0,0,0,0,0,0,-15000,0,0,0,400000,415000,-15000,-10000
046062,遠東新凱基92購02,0,0,0,0,0,0,0,0,0,-10000,0,0,0,0,10000,-10000,-10000
046080,同欣電凱基92購03,0,0,0,0,0,0,0,0,0,-10000,0,0,0,10000,20000,-10000,-10000
046070,景碩凱基92購03  ,0,0,0,0,0,0,0,0,0,-10000,0,0,0,0,10000,-10000,-10000
048083,台達電凱基93購04,0,0,0,0,0,0,0,0,0,-10000,0,0,0,0,10000,-10000,-10000
04806P,臻鼎元富94售06  ,0,0,0,0,0,0,0,0,0,-10000,0,0,0,0,10000,-10000,-10000
04623P,台積電元大94售13,0,0,0,0,0,0,0,0,0,-10000,0,0,0,0,10000,-10000,-10000
046231,創意元大92購07  ,0,0,0,0,0,0,0,0,0,-10000,0,0,0,0,10000,-10000,-10000
046292,聯發科統一92購02,0,0,0,0,0,0,0,0,0,-10000,0,0,0,0,10000,-10000,-10000
04624P,台積電元大94售14,0,0,0,0,0,0,0,0,0,-10000,0,0,0,0,10000,-10000,-10000
046428,矽力元大92購02  ,0,0,0,0,0,0,0,0,0,-10000,0,0,0,30000,40000,-10000,-10000
050531,訊芯元大95購02  ,0,0,0,0,0,0,0,0,0,-10000,0,0,0,0,10000,-10000,-10000
050421,鴻海凱基95購04  ,0,0,0,0,0,0,0,0,0,-10000,0,0,0,0,10000,-10000,-10000
050545,奇力新凱基95購01,0,0,0,0,0,0,0,0,0,-10000,0,0,0,0,10000,-10000,-10000
050574,微星國票94購01  ,0,0,0,0,0,0,0,0,0,-10000,0,0,0,40000,50000,-10000,-10000
048675,台達電國泰94購02,0,0,0,0,0,0,0,0,0,-10000,0,0,0,0,10000,-10000,-10000
04946P,華通元大94售04  ,0,0,0,0,0,0,0,0,0,-10000,0,0,0,100000,110000,-10000,-10000
049503,矽創元大94購01  ,0,0,0,0,0,0,0,0,0,-10000,0,0,0,0,10000,-10000,-10000
046556,道瓊指凱基92購01,0,0,0,0,0,0,0,0,0,-10000,0,0,0,0,10000,-10000,-10000
047039,晶技群益93購02  ,0,0,0,0,0,0,0,0,0,-10000,0,0,0,0,10000,-10000,-10000
047107,上銀元大93購04  ,0,0,0,0,0,0,0,0,0,-10000,0,0,0,10000,20000,-10000,-10000
047235,嘉澤凱基93購01  ,0,0,0,0,0,0,0,0,0,-10000,0,0,0,3000,13000,-10000,-10000
047207,晶技國泰94購01  ,0,0,0,0,0,0,0,0,0,-10000,0,0,0,0,10000,-10000,-10000
047487,南電凱基94購01  ,0,0,0,0,0,0,0,0,0,-10000,0,0,0,0,10000,-10000,-10000
047496,旺宏台新93購02  ,0,0,0,0,0,0,0,0,0,-10000,0,0,0,0,10000,-10000,-10000
047500,裕隆永豐93購01  ,0,0,0,0,0,0,0,0,0,-10000,0,0,0,0,10000,-10000,-10000
047520,鴻海元大93購17  ,0,0,0,0,0,0,0,0,0,-10000,0,0,0,10000,20000,-10000,-10000
047516,深中小第一93購01,0,0,0,0,0,0,0,0,0,-10000,0,0,0,0,10000,-10000,-10000
047476,鴻海凱基94購08  ,0,0,0,0,0,0,0,0,0,-10000,0,0,0,5000,15000,-10000,-10000
047317,聯詠元大93購06  ,0,0,0,0,0,0,0,0,0,-10000,0,0,0,0,10000,-10000,-10000
04733P,康控兆豐95售01  ,0,0,0,0,0,0,0,0,0,-10000,0,0,0,0,10000,-10000,-10000
047321,日月光元大93購03,0,0,0,0,0,0,0,0,0,-10000,0,0,0,10000,20000,-10000,-10000
047298,聯茂元富96購01  ,0,0,0,0,0,0,0,0,0,-10000,0,0,0,0,10000,-10000,-10000
049321,緯穎凱基94購02  ,0,0,0,0,0,0,0,0,0,-10000,0,0,0,0,10000,-10000,-10000
049815,緯穎元大94購06  ,0,0,0,0,0,0,0,0,0,-10000,0,0,0,2000,12000,-10000,-10000
049816,緯穎元大94購07  ,0,0,0,0,0,0,0,0,0,-10000,0,0,0,7000,17000,-10000,-10000
050789,矽創國泰96購01  ,0,0,0,0,0,0,0,0,0,-10000,0,0,0,20000,30000,-10000,-10000
049845,台積電麥證94購01,0,0,0,32000,40000,-8000,0,0,0,-10000,0,0,0,32000,42000,-10000,-10000
050964,晶技永豐95購02  ,0,0,0,0,0,0,0,0,0,-10000,0,0,0,0,10000,-10000,-10000
049925,創意元大95購02  ,0,0,0,0,0,0,0,0,0,-10000,0,0,0,0,10000,-10000,-10000
048155,瑞昱兆豐93購01  ,0,0,0,0,0,0,0,0,0,-10000,0,0,0,10000,20000,-10000,-10000
049050,崇越康和94購01  ,0,0,0,0,0,0,0,0,0,-10000,0,0,0,0,10000,-10000,-10000
049034,台達電兆豐94購01,0,0,0,0,0,0,0,0,0,-10000,0,0,0,0,10000,-10000,-10000
049082,晶豪科凱基94購01,0,0,0,0,0,0,0,0,0,-10000,0,0,0,0,10000,-10000,-10000
049053,可成永豐94購01  ,0,0,0,0,0,0,0,0,0,-10000,0,0,0,0,10000,-10000,-10000
050085,國泰金元富94購01,0,0,0,0,0,0,0,0,0,-10000,0,0,0,40000,50000,-10000,-10000
050287,台達電凱基94購10,0,0,0,0,0,0,0,0,0,-10000,0,0,0,0,10000,-10000,-10000
052093,麗豐元大96購04  ,0,0,0,0,0,0,0,0,0,-10000,0,0,0,0,10000,-10000,-10000
051345,鴻海元大95購09  ,0,0,0,0,0,0,0,0,0,-10000,0,0,0,0,10000,-10000,-10000
051389,台達電兆豐95購01,0,0,0,0,0,0,0,0,0,-10000,0,0,0,0,10000,-10000,-10000
050240,聯發科凱基94購13,0,0,0,0,0,0,0,0,0,-10000,0,0,0,0,10000,-10000,-10000
049966,旺宏國票95購02  ,0,0,0,0,0,0,0,0,0,-10000,0,0,0,0,10000,-10000,-10000
049981,臺企銀凱基94購01,0,0,0,0,0,0,0,0,0,-10000,0,0,0,0,10000,-10000,-10000
048221,鴻海凱基95購01  ,0,0,0,0,0,0,0,0,0,-10000,0,0,0,31000,41000,-10000,-10000
051424,緯穎國票97購01  ,0,0,0,0,0,0,0,0,0,-10000,0,0,0,0,10000,-10000,-10000
051493,台郡凱基95購02  ,0,0,0,0,0,0,0,0,0,-10000,0,0,0,0,10000,-10000,-10000
051552,牧德永豐95購03  ,0,0,0,0,0,0,0,0,0,-10000,0,0,0,10000,20000,-10000,-10000
05157P,全新台新96售01  ,0,0,0,0,0,0,0,0,0,-10000,0,0,0,0,10000,-10000,-10000
051625,聯發科麥證95購01,0,0,0,10000,20000,-10000,0,0,0,-10000,0,0,0,10000,20000,-10000,-10000
051629,上証2X國票95購04,0,0,0,0,0,0,0,0,0,-10000,0,0,0,0,10000,-10000,-10000
051636,嘉晶國票95購02  ,0,0,0,0,0,0,0,0,0,-10000,0,0,0,0,10000,-10000,-10000
048283,亞德客中信94購01,0,0,0,0,0,0,0,0,0,-10000,0,0,0,20000,30000,-10000,-10000
048333,大立光富邦95購01,0,0,0,0,0,0,0,0,0,-10000,0,0,0,0,10000,-10000,-10000
048357,漢唐永豐93購04  ,0,0,0,0,0,0,0,0,0,-10000,0,0,0,0,10000,-10000,-10000
048416,台達電統一93購02,0,0,0,0,0,0,0,0,0,-10000,0,0,0,0,10000,-10000,-10000
051325,台光電台新96購01,0,0,0,0,0,0,0,0,0,-10000,0,0,0,0,10000,-10000,-10000
048624,美律台新93購01  ,0,0,0,0,0,0,0,0,0,-10000,0,0,0,0,10000,-10000,-10000
048583,智原富邦98購01  ,0,0,0,0,0,0,0,0,0,-10000,0,0,0,1000,11000,-10000,-10000
048551,鴻海元大94購02  ,0,0,0,0,0,0,0,0,0,-10000,0,0,0,0,10000,-10000,-10000
048437,義隆麥證93購01  ,0,0,0,0,10000,-10000,0,0,0,-10000,0,0,0,0,10000,-10000,-10000
04929P,同欣電凱基95售01,0,0,0,0,0,0,0,0,0,-10000,0,0,0,0,10000,-10000,-10000
049270,台表科元大95購02,0,0,0,0,0,0,0,0,0,-10000,0,0,0,2000,12000,-10000,-10000
049262,大立光元大94購09,0,0,0,0,0,0,0,0,0,-10000,0,0,0,0,10000,-10000,-10000
049132,大成鋼元大94購01,0,0,0,0,0,0,0,0,0,-10000,0,0,0,0,10000,-10000,-10000
049111,元油2X統一94購03,0,0,0,0,0,0,0,0,0,-10000,0,0,0,0,10000,-10000,-10000
04915P,鴻海永昌96售02  ,0,0,0,0,0,0,0,0,0,-10000,0,0,0,31000,41000,-10000,-10000
049179,高鐵凱基94購01  ,0,0,0,0,0,0,0,0,0,-10000,0,0,0,0,10000,-10000,-10000
048975,玉晶光元大94購03,0,0,0,0,0,0,0,0,0,-10000,0,0,0,10000,20000,-10000,-10000
048666,康控統一93購01  ,0,0,0,0,0,0,0,0,0,-10000,0,0,0,10000,20000,-10000,-10000
049708,滬深2X凱基94購02,0,0,0,0,0,0,0,0,0,-10000,0,0,0,0,10000,-10000,-10000
048989,矽格元大94購02  ,0,0,0,0,0,0,0,0,0,-10000,0,0,0,5000,15000,-10000,-10000
049619,宏達電群益95購02,0,0,0,0,0,0,0,0,0,-10000,0,0,0,0,10000,-10000,-10000
050874,康控永豐95購01  ,0,0,0,0,0,0,0,0,0,-10000,0,0,0,0,10000,-10000,-10000
051210,S&P反1統一97購01,0,0,0,0,0,0,0,0,0,-10000,0,0,0,0,10000,-10000,-10000
049571,華固統一94購02  ,0,0,0,0,0,0,0,0,0,-10000,0,0,0,0,10000,-10000,-10000
04882P,鴻海凱基94售19  ,0,0,0,0,0,0,0,0,0,-10000,0,0,0,0,10000,-10000,-10000
050472,和大永豐94購01  ,0,0,0,0,0,0,0,0,0,-10000,0,0,0,0,10000,-10000,-10000
048842,矽格凱基94購01  ,0,0,0,0,0,0,0,0,0,-10000,0,0,0,0,10000,-10000,-10000
050446,鴻海元大94購22  ,0,0,0,0,0,0,0,0,0,-10000,0,0,0,393000,403000,-10000,-10000
050454,嘉澤元大94購04  ,0,0,0,0,0,0,0,0,0,-10000,0,0,0,18000,28000,-10000,-10000
050497,臺指反凱基96購02,0,0,0,0,0,0,0,0,0,-10000,0,0,0,0,10000,-10000,-10000
051146,旺宏凱基95購04  ,0,0,0,0,0,0,0,0,0,-10000,0,0,0,0,10000,-10000,-10000
051024,南亞科統一95購01,0,0,0,0,0,0,0,0,0,-10000,0,0,0,0,10000,-10000,-10000
051090,光磊元大96購01  ,0,0,0,0,0,0,0,0,0,-10000,0,0,0,0,10000,-10000,-10000
05107P,鴻海兆豐96售02  ,0,0,0,0,0,0,0,0,0,-10000,0,0,0,0,10000,-10000,-10000
050716,可成群益96購01  ,0,0,0,0,0,0,0,0,0,-10000,0,0,0,0,10000,-10000,-10000
050321,GIS國票95購02   ,0,0,0,0,0,0,0,0,0,-10000,0,0,0,0,10000,-10000,-10000
05072P,聯電元富95售02  ,0,0,0,0,0,0,0,0,0,-10000,0,0,0,0,10000,-10000,-10000
051045,南茂永豐95購01  ,0,0,0,0,0,0,0,0,0,-10000,0,0,0,0,10000,-10000,-10000
05085P,鴻海日盛95售01  ,0,0,0,0,0,0,0,0,0,-10000,0,0,0,0,10000,-10000,-10000
051822,和碩元富95購01  ,0,0,0,0,0,0,0,0,0,-10000,0,0,0,0,10000,-10000,-10000
05183P,台積電元富95售07,0,0,0,0,0,0,0,0,0,-10000,0,0,0,0,10000,-10000,-10000
051855,道瓊反凱基97購01,0,0,0,0,0,0,0,0,0,-10000,0,0,0,0,10000,-10000,-10000
051744,嘉聯益國票97購01,0,0,0,0,0,0,0,0,0,-10000,0,0,0,0,10000,-10000,-10000
051795,T50反1台新05購02,0,0,0,0,0,0,0,0,0,-10000,0,0,0,0,10000,-10000,-10000
051796,和碩康和95購01  ,0,0,0,0,0,0,0,0,0,-10000,0,0,0,100000,110000,-10000,-10000
051779,大立光群益95購02,0,0,0,0,0,0,0,0,0,-10000,0,0,0,0,10000,-10000,-10000
05191P,鴻海台新95售01  ,0,0,0,0,0,0,0,0,0,-10000,0,0,0,20000,30000,-10000,-10000
052056,緯穎凱基95購04  ,0,0,0,0,0,0,0,0,0,-10000,0,0,0,0,10000,-10000,-10000
052029,矽力群益95購02  ,0,0,0,0,0,0,0,0,0,-10000,0,0,0,7000,17000,-10000,-10000
052017,奇鋐永豐95購01  ,0,0,0,0,0,0,0,0,0,-10000,0,0,0,0,10000,-10000,-10000
052018,京鼎永豐95購02  ,0,0,0,0,0,0,0,0,0,-10000,0,0,0,0,10000,-10000,-10000
052480,麗豐群益95購01  ,0,0,0,0,0,0,0,0,0,-10000,0,0,0,10000,20000,-10000,-10000
052446,聯發科元大96購03,0,0,0,0,0,0,0,0,0,-10000,0,0,0,7000,17000,-10000,-10000
052407,樺漢凱基95購01  ,0,0,0,0,0,0,0,0,0,-10000,0,0,0,0,10000,-10000,-10000
052421,元油反國票9B購01,0,0,0,0,0,0,0,0,0,-10000,0,0,0,0,10000,-10000,-10000
052374,瑞昱元大95購02  ,0,0,0,0,0,0,0,0,0,-10000,0,0,0,85000,95000,-10000,-10000
052236,聯發科國票96購03,0,0,0,0,0,0,0,0,0,-10000,0,0,0,0,10000,-10000,-10000
052642,滬深2X永豐96購03,0,0,0,0,0,0,0,0,0,-10000,0,0,0,62000,72000,-10000,-10000
05258P,臺股指凱基96售11,0,0,0,0,0,0,0,0,0,-10000,0,0,0,0,10000,-10000,-10000
052575,茂林凱基96購04  ,0,0,0,0,0,0,0,0,0,-10000,0,0,0,0,10000,-10000,-10000
052857,大成鋼凱基96購01,0,0,0,0,0,0,0,0,0,-10000,0,0,0,0,10000,-10000,-10000
05284P,鴻海兆豐95售04  ,0,0,0,0,0,0,0,0,0,-10000,0,0,0,0,10000,-10000,-10000
052780,玉晶光國票96購04,0,0,0,0,0,0,0,0,0,-10000,0,0,0,0,10000,-10000,-10000
053038,華邦電凱基97購01,0,0,0,0,0,0,0,0,0,-10000,0,0,0,0,10000,-10000,-10000
053100,美律元富96購01  ,0,0,0,0,0,0,0,0,0,-10000,0,0,0,0,10000,-10000,-10000
053195,玉晶光元富96購02,0,0,0,0,0,0,0,0,0,-10000,0,0,0,3000,13000,-10000,-10000
05298P,上銀元大95售03  ,0,0,0,0,0,0,0,0,0,-10000,0,0,0,10000,20000,-10000,-10000
053014,旺宏統一97購02  ,0,0,0,0,0,0,0,0,0,-10000,0,0,0,2000,12000,-10000,-10000
053549,南亞科凱基96購02,0,0,0,0,0,0,0,0,0,-10000,0,0,0,33000,43000,-10000,-10000
053553,聯詠凱基96購03  ,0,0,0,0,0,0,0,0,0,-10000,0,0,0,10000,20000,-10000,-10000
053604,臺股指元大96購21,0,0,0,0,0,0,0,0,0,-10000,0,0,0,11000,21000,-10000,-10000
053607,大立光第一96購01,0,0,0,0,0,0,0,0,0,-10000,0,0,0,0,10000,-10000,-10000
053632,新唐兆豐96購01  ,0,0,0,0,0,0,0,0,0,-10000,0,0,0,0,10000,-10000,-10000
053696,日月光元大96購05,0,0,0,0,0,0,0,0,0,-10000,0,0,0,0,10000,-10000,-10000
05386P,臺股指永豐95售05,0,0,0,0,0,0,0,0,0,-10000,0,0,0,0,10000,-10000,-10000
053387,緯創元大97購01  ,0,0,0,0,0,0,0,0,0,-10000,0,0,0,0,10000,-10000,-10000
053214,冠德凱基96購02  ,0,0,0,0,0,0,0,0,0,-10000,0,0,0,0,10000,-10000,-10000
053230,達方台新97購01  ,0,0,0,0,0,0,0,0,0,-10000,0,0,0,0,10000,-10000,-10000
053492,華邦電兆豐97購01,0,0,0,0,0,0,0,0,0,-10000,0,0,0,10000,20000,-10000,-10000
053483,嘉澤第一96購01  ,0,0,0,0,0,0,0,0,0,-10000,0,0,0,10000,20000,-10000,-10000
054205,華新國票97購02  ,0,0,0,0,0,0,0,0,0,-10000,0,0,0,0,10000,-10000,-10000
054350,美律國泰98購01  ,0,0,0,0,0,0,0,0,0,-10000,0,0,0,10000,20000,-10000,-10000
054448,矽力兆豐96購01  ,0,0,0,0,0,0,0,0,0,-10000,0,0,0,20000,30000,-10000,-10000
054051,貿聯元大97購03  ,0,0,0,0,0,0,0,0,0,-10000,0,0,0,10000,20000,-10000,-10000
05407P,超眾凱基95售04  ,0,0,0,0,0,0,0,0,0,-10000,0,0,0,10000,20000,-10000,-10000
054144,康控元大97購02  ,0,0,0,0,0,0,0,0,0,-10000,0,0,0,0,10000,-10000,-10000
054151,瑞昱國泰97購01  ,0,0,0,0,0,0,0,0,0,-10000,0,0,0,10000,20000,-10000,-10000
054177,牧德台新97購01  ,0,0,0,0,0,0,0,0,0,-10000,0,0,0,20000,30000,-10000,-10000
053913,華新國票97購01  ,0,0,0,0,0,0,0,0,0,-10000,0,0,0,0,10000,-10000,-10000
054040,中石化元大9C購01,0,0,0,0,0,0,0,0,0,-10000,0,0,0,0,10000,-10000,-10000
054016,嘉晶永豐96購04  ,0,0,0,0,0,0,0,0,0,-10000,0,0,0,0,10000,-10000,-10000
057069,台積電永豐98購02,0,0,0,0,0,0,0,0,0,-10000,0,0,0,0,10000,-10000,-10000
057060,緯穎元大98購05  ,0,0,0,0,0,0,0,0,0,-10000,0,0,0,48000,58000,-10000,-10000
057088,上銀元富98購01  ,0,0,0,0,0,0,0,0,0,-10000,0,0,0,0,10000,-10000,-10000
057079,台積電統一9A購02,0,0,0,0,0,0,0,0,0,-10000,0,0,0,0,10000,-10000,-10000
05713P,大立光統一96售05,0,0,0,0,0,0,0,0,0,-10000,0,0,0,0,10000,-10000,-10000
05825P,臺股指凱基96售22,0,0,0,0,0,0,0,0,0,-10000,0,0,0,188000,198000,-10000,-10000
05789P,臺股指永昌96售06,0,0,0,0,0,0,0,0,0,-10000,520000,0,520000,0,530000,-530000,-10000
06002P,華通康和96售01  ,0,0,0,0,0,0,0,0,0,-10000,0,0,0,0,10000,-10000,-10000
05970P,超眾永豐96售03  ,0,0,0,0,0,0,0,0,0,-10000,0,0,0,10000,20000,-10000,-10000
05958P,聯發科國票97售04,0,0,0,0,0,0,0,0,0,-10000,0,0,0,0,10000,-10000,-10000
05911P,南亞科永豐96售03,0,0,0,0,0,0,0,0,0,-10000,0,0,0,0,10000,-10000,-10000
05952P,台積電國票97售06,0,0,0,0,0,0,0,0,0,-10000,0,0,0,9000,19000,-10000,-10000
05953P,台積電國票98售02,0,0,0,0,0,0,0,0,0,-10000,0,0,0,6000,16000,-10000,-10000
06059P,泰碩元大97售02  ,0,0,0,0,0,0,0,0,0,-10000,0,0,0,0,10000,-10000,-10000
06167P,欣興國票97售05  ,0,0,0,0,0,0,0,0,0,-10000,0,0,0,0,10000,-10000,-10000
06179P,國巨群益97售04  ,0,0,0,0,0,0,0,0,0,-10000,0,0,0,0,10000,-10000,-10000
06343P,臺股指統一98售01,0,0,0,0,0,0,0,0,0,-10000,0,0,0,0,10000,-10000,-10000
06422P,勤誠統一98售01  ,0,0,0,0,0,0,0,0,0,-10000,0,0,0,0,10000,-10000,-10000
06271P,彩晶凱基97售01  ,0,0,0,0,0,0,0,0,0,-10000,0,0,0,0,10000,-10000,-10000
06273P,台表科凱基97售04,0,0,0,0,0,0,0,0,0,-10000,0,0,0,6000,16000,-10000,-10000
06593P,欣興元大98售05  ,0,0,0,0,0,0,0,0,0,-10000,0,0,0,0,10000,-10000,-10000
06595P,祥碩元大98售03  ,0,0,0,0,0,0,0,0,0,-10000,0,0,0,0,10000,-10000,-10000
06532P,友達元富98售04  ,0,0,0,0,0,0,0,0,0,-10000,0,0,0,0,10000,-10000,-10000
06485P,玉晶光群益9A售02,0,0,0,0,0,0,0,0,0,-10000,0,0,0,0,10000,-10000,-10000
06505P,康控國票99售02  ,0,0,0,0,0,0,0,0,0,-10000,0,0,0,0,10000,-10000,-10000
06452P,大立光元大98售08,0,0,0,0,0,0,0,0,0,-10000,0,0,0,18000,28000,-10000,-10000
08672P,聯發科統一01售09,0,0,0,0,0,0,0,0,0,-10000,0,0,0,0,10000,-10000,-10000
1419,新紡            ,0,10000,-10000,0,0,0,0,0,0,0,0,0,0,0,0,0,-10000
1438,裕豐            ,0,9000,-9000,0,0,0,0,0,0,-1000,0,1000,-1000,0,0,0,-10000
2358,廷鑫            ,7000,17000,-10000,0,0,0,0,0,0,0,0,0,0,0,0,0,-10000
2616,山隆            ,0,10000,-10000,0,0,0,0,0,0,0,0,0,0,0,0,0,-10000
4536,拓凱            ,7000,17000,-10000,0,0,0,0,0,0,0,0,0,0,0,0,0,-10000
9924,福興            ,14000,24000,-10000,0,0,0,0,0,0,0,0,0,0,0,0,0,-10000
054523,GIS元大96購05   ,0,0,0,0,0,0,0,0,0,-11000,0,0,0,0,11000,-11000,-11000
054575,聯鈞元大97購01  ,0,0,0,0,0,0,0,0,0,-11000,0,0,0,36000,47000,-11000,-11000
055697,牧德國票98購01  ,0,0,0,0,0,0,0,0,0,-11000,0,0,0,121000,132000,-11000,-11000
055179,大立光統一97購04,0,0,0,0,0,0,0,0,0,-11000,0,0,0,159000,170000,-11000,-11000
055360,台表科凱基97購02,0,0,0,0,0,0,0,0,0,-11000,0,0,0,2000,13000,-11000,-11000
056675,聯發科元富02購01,0,0,0,0,0,0,0,0,0,-11000,0,0,0,0,11000,-11000,-11000
056905,欣興元大98購03  ,0,0,0,0,0,0,0,0,0,-11000,0,0,0,60000,71000,-11000,-11000
056564,亞光群益98購02  ,0,0,0,0,0,0,0,0,0,-11000,0,0,0,0,11000,-11000,-11000
055953,上銀元大97購09  ,0,0,0,0,0,0,0,0,0,-11000,0,0,0,22000,33000,-11000,-11000
055974,上銀統一97購05  ,0,0,0,0,0,0,0,0,0,-11000,0,0,0,67000,78000,-11000,-11000
056230,可成凱基98購03  ,0,0,0,0,0,0,0,0,0,-11000,0,0,0,59000,70000,-11000,-11000
056241,緯創群益97購01  ,0,0,0,0,0,0,0,0,0,-11000,0,0,0,0,11000,-11000,-11000
047332,訊芯元大93購04  ,0,0,0,0,0,0,0,0,0,-11000,0,0,0,100000,111000,-11000,-11000
047383,鴻海元大95購01  ,0,0,0,0,0,0,0,0,0,-11000,0,0,0,35000,46000,-11000,-11000
047529,嘉晶元大94購02  ,0,0,0,0,0,0,0,0,0,-11000,0,0,0,1000,12000,-11000,-11000
047188,聯詠元大93購04  ,0,0,0,0,0,0,0,0,0,-11000,0,0,0,0,11000,-11000,-11000
04948P,瑞儀元大94售03  ,0,0,0,0,0,0,0,0,0,-11000,0,0,0,0,11000,-11000,-11000
048688,瑞昱群益94購01  ,0,0,0,0,0,0,0,0,0,-11000,0,0,0,0,11000,-11000,-11000
048735,美利達麥證95購01,0,0,0,0,11000,-11000,0,0,0,-11000,0,0,0,0,11000,-11000,-11000
04614P,光罩群益94售02  ,0,0,0,0,0,0,0,0,0,-11000,0,0,0,0,11000,-11000,-11000
047981,南亞科群益93購02,0,0,0,0,0,0,0,0,0,-11000,0,0,0,0,11000,-11000,-11000
046862,台郡元大94購01  ,0,0,0,0,0,0,0,0,0,-11000,0,0,0,0,11000,-11000,-11000
044588,元金2X統一93購01,0,0,0,0,0,0,0,0,0,-11000,0,0,0,10000,21000,-11000,-11000
046674,訊芯元大93購01  ,0,0,0,0,0,0,0,0,0,-11000,0,0,0,0,11000,-11000,-11000
04420P,奇鋐永豐94售01  ,0,0,0,0,0,0,0,0,0,-11000,0,0,0,0,11000,-11000,-11000
00728,第一金工業30    ,0,0,0,0,0,0,0,0,0,-11000,0,0,0,617000,628000,-11000,-11000
048786,瑞昱元大94購02  ,0,0,0,0,0,0,0,0,0,-11000,0,0,0,126000,137000,-11000,-11000
051241,台積電元大95購13,0,0,0,0,0,0,0,0,0,-11000,0,0,0,172000,183000,-11000,-11000
051317,亞德客國票96購01,0,0,0,0,0,0,0,0,0,-11000,0,0,0,38000,49000,-11000,-11000
051588,聯詠元大95購03  ,0,0,0,0,0,0,0,0,0,-11000,0,0,0,4000,15000,-11000,-11000
051564,和碩國泰96購01  ,0,0,0,0,0,0,0,0,0,-11000,0,0,0,16000,27000,-11000,-11000
051503,玉晶光統一97購01,0,0,0,0,0,0,0,0,0,-11000,0,0,0,11000,22000,-11000,-11000
049950,南亞科群益94購02,0,0,0,0,0,0,0,0,0,-11000,0,0,0,13000,24000,-11000,-11000
049948,聯發科麥證94購01,0,0,0,15000,26000,-11000,0,0,0,-11000,0,0,0,15000,26000,-11000,-11000
050193,臻鼎元大94購02  ,0,0,0,0,0,0,0,0,0,-11000,0,0,0,10000,21000,-11000,-11000
05025P,聯發科群益95售02,0,0,0,0,0,0,0,0,0,-11000,0,0,0,0,11000,-11000,-11000
050130,華新科凱基94購09,0,0,0,0,0,0,0,0,0,-11000,0,0,0,13000,24000,-11000,-11000
050129,聯發科凱基94購11,0,0,0,0,0,0,0,0,0,-11000,0,0,0,2000,13000,-11000,-11000
049909,國巨元大95購01  ,0,0,0,0,0,0,0,0,0,-11000,0,0,0,7000,18000,-11000,-11000
049820,世紀鋼元大96購03,0,0,0,0,0,0,0,0,0,-11000,0,0,0,0,11000,-11000,-11000
05405P,大立光群益95售04,0,0,0,0,0,0,0,0,0,-11000,0,0,0,0,11000,-11000,-11000
05423P,聯電亞東95售02  ,0,0,0,0,0,0,0,0,0,-11000,0,0,0,0,11000,-11000,-11000
053405,台達電兆豐96購01,0,0,0,0,0,0,0,0,0,-11000,0,0,0,20000,31000,-11000,-11000
053466,華通元大98購01  ,0,0,0,0,0,0,0,0,0,-11000,0,0,0,0,11000,-11000,-11000
053246,聯詠國票97購02  ,30000,0,30000,0,0,0,0,0,0,-41000,0,0,0,20000,61000,-41000,-11000
053305,聯詠凱基96購02  ,0,0,0,0,0,0,0,0,0,-11000,0,0,0,0,11000,-11000,-11000
053294,聯發科中信9C購01,0,0,0,0,0,0,0,0,0,-11000,0,0,0,37000,48000,-11000,-11000
052277,台達電凱基97購01,0,0,0,0,0,0,0,0,0,-11000,0,0,0,1000,12000,-11000,-11000
052243,致茂康和95購01  ,0,0,0,0,0,0,0,0,0,-11000,0,0,0,288000,299000,-11000,-11000
052353,高鐵群益97購01  ,0,0,0,0,0,0,0,0,0,-11000,0,0,0,0,11000,-11000,-11000
051750,華通富邦96購01  ,0,0,0,0,0,0,0,0,0,-11000,0,0,0,0,11000,-11000,-11000
4552,力達-KY         ,7000,18000,-11000,0,0,0,0,0,0,0,0,0,0,0,0,0,-11000
2514,龍邦            ,3000,14000,-11000,0,0,0,0,0,0,0,0,0,0,0,0,0,-11000
2431,聯昌            ,8000,19000,-11000,0,0,0,0,0,0,0,0,0,0,0,0,0,-11000
1441,大東            ,2000,13000,-11000,0,0,0,0,0,0,0,0,0,0,0,0,0,-11000
1701,中化            ,91000,100000,-9000,0,0,0,0,0,0,-2000,0,2000,-2000,0,0,0,-11000
06407P,創意元富97售02  ,0,0,0,0,0,0,0,0,0,-11000,0,0,0,10000,21000,-11000,-11000
06365P,鴻海凱基97售09  ,0,0,0,0,0,0,0,0,0,-11000,0,0,0,20000,31000,-11000,-11000
06140P,華新科群益97售06,0,0,0,0,0,0,0,0,0,-11000,0,0,0,11000,22000,-11000,-11000
05949P,台積電國票96售09,0,0,0,0,0,0,0,0,0,-11000,0,0,0,19000,30000,-11000,-11000
05633P,台表科群益96售04,0,0,0,0,0,0,0,0,0,-12000,0,0,0,0,12000,-12000,-12000
056134,可成元大97購06  ,0,0,0,0,0,0,0,0,0,-12000,0,0,0,50000,62000,-12000,-12000
056055,國巨元大97購15  ,0,0,0,0,0,0,0,0,0,-12000,0,0,0,10000,22000,-12000,-12000
056518,美律國票99購01  ,0,0,0,0,0,0,0,0,0,-12000,0,0,0,28000,40000,-12000,-12000
05639P,欣興統一97售01  ,0,0,0,0,0,0,0,0,0,-12000,0,0,0,0,12000,-12000,-12000
056859,台積電群益98購02,0,0,0,0,0,0,0,0,0,-12000,0,0,0,203000,215000,-12000,-12000
05693P,滬深2X凱基98售02,0,0,0,0,0,0,0,0,0,-12000,0,0,0,6000,18000,-12000,-12000
056714,晶相光永豐98購02,0,0,0,0,0,0,0,0,0,-12000,0,0,0,81000,93000,-12000,-12000
055374,明泰元大97購01  ,0,0,0,0,0,0,0,0,0,-12000,0,0,0,98000,110000,-12000,-12000
055711,上銀元大97購04  ,0,0,0,0,0,0,0,0,0,-12000,0,0,0,227000,239000,-12000,-12000
055647,義隆元富97購01  ,0,0,0,0,0,0,0,0,0,-12000,0,0,0,0,12000,-12000,-12000
054542,台表科國票98購01,0,0,0,0,0,0,0,0,0,-12000,0,0,0,0,12000,-12000,-12000
054758,南亞國票9A購01  ,0,0,0,0,0,0,0,0,0,-12000,0,0,0,0,12000,-12000,-12000
03567P,可成凱基02售06  ,0,0,0,0,0,0,0,0,0,-12000,0,0,0,0,12000,-12000,-12000
03639P,祥碩凱基93售05  ,0,0,0,0,0,0,0,0,0,-12000,0,0,0,0,12000,-12000,-12000
03932P,欣興統一93售01  ,0,0,0,0,0,0,0,0,0,-12000,0,0,0,0,12000,-12000,-12000
047697,台郡國票94購02  ,0,0,0,0,0,0,0,0,0,-12000,0,0,0,0,12000,-12000,-12000
045630,技嘉凱基93購02  ,0,0,0,0,0,0,0,0,0,-12000,0,0,0,72000,84000,-12000,-12000
04563P,可成凱基94售05  ,0,0,0,0,0,0,0,0,0,-12000,0,0,0,5000,17000,-12000,-12000
046235,台表科元大92購03,0,0,0,0,0,0,0,0,0,-12000,0,0,0,0,12000,-12000,-12000
048747,華通元富97購01  ,0,0,0,0,0,0,0,0,0,-12000,0,0,0,141000,153000,-12000,-12000
048706,緯穎國票94購01  ,0,0,0,0,0,0,0,0,0,-12000,0,0,0,0,12000,-12000,-12000
049492,聯發科元大95購02,0,0,0,0,0,0,0,0,0,-12000,0,0,0,775000,787000,-12000,-12000
049518,宏達電國票95購02,0,0,0,0,0,0,0,0,0,-12000,0,0,0,0,12000,-12000,-12000
050604,上証2X永昌94購01,0,0,0,0,0,0,0,0,0,-12000,0,0,0,34000,46000,-12000,-12000
046499,技嘉元大92購02  ,0,0,0,0,0,0,0,0,0,-12000,0,0,0,459000,471000,-12000,-12000
047511,義隆國票93購02  ,0,0,0,0,0,0,0,0,0,-12000,0,0,0,0,12000,-12000,-12000
050814,微星凱基95購01  ,0,0,0,0,0,0,0,0,0,-12000,0,0,0,0,12000,-12000,-12000
051523,牧德凱基95購02  ,0,0,0,0,0,0,0,0,0,-12000,0,0,0,23000,35000,-12000,-12000
051688,大立光凱基97購02,0,0,0,0,0,0,0,0,0,-12000,0,0,0,0,12000,-12000,-12000
05087P,GIS國泰96售01   ,0,0,0,0,0,0,0,0,0,-12000,0,0,0,12000,24000,-12000,-12000
048983,牧德元大95購01  ,0,0,0,0,0,0,0,0,0,-12000,0,0,0,9000,21000,-12000,-12000
048992,昇陽半元大94購02,0,0,0,0,0,0,0,0,0,-12000,0,0,0,140000,152000,-12000,-12000
048995,宏全元大94購01  ,0,0,0,0,0,0,0,0,0,-12000,0,0,0,0,12000,-12000,-12000
051220,大立光元富95購08,0,0,0,0,0,0,0,0,0,-12000,0,0,0,0,12000,-12000,-12000
050351,華新科群益95購02,0,0,0,0,0,0,0,0,0,-12000,0,0,0,232000,244000,-12000,-12000
051848,元金2X中信98購02,0,0,0,0,0,0,0,0,0,-12000,0,0,0,0,12000,-12000,-12000
051870,台郡凱基95購04  ,0,0,0,0,0,0,0,0,0,-12000,0,0,0,0,12000,-12000,-12000
05213P,台積電國票96售05,0,0,0,0,0,0,0,0,0,-12000,0,0,0,0,12000,-12000,-12000
052220,T50反1凱基98購01,0,0,0,0,0,0,0,0,0,-12000,0,0,0,0,12000,-12000,-12000
052974,瀚宇博群益96購01,0,0,0,0,0,0,0,0,0,-12000,0,0,0,0,12000,-12000,-12000
053193,超眾統一97購01  ,0,0,0,0,0,0,0,0,0,-12000,0,0,0,0,12000,-12000,-12000
052543,聯詠元富95購01  ,0,0,0,0,0,0,0,0,0,-12000,0,0,0,10000,22000,-12000,-12000
05340P,臺股指國票95售08,0,0,0,0,0,0,0,0,0,-12000,0,0,0,12000,24000,-12000,-12000
053509,華新群益98購01  ,0,0,0,0,0,0,0,0,0,-12000,0,0,0,0,12000,-12000,-12000
053535,宏達電永豐96購02,0,0,0,0,0,0,0,0,0,-12000,0,0,0,0,12000,-12000,-12000
05358P,大立光元大95售09,0,0,0,0,0,0,0,0,0,-12000,0,0,0,0,12000,-12000,-12000
053616,奇力新群益97購01,0,0,0,0,0,0,0,0,0,-12000,0,0,0,0,12000,-12000,-12000
05429P,鴻海統一95售16  ,0,0,0,0,0,0,0,0,0,-12000,0,0,0,0,12000,-12000,-12000
054102,百和國票97購04  ,0,0,0,0,0,0,0,0,0,-12000,0,0,0,0,12000,-12000,-12000
054082,楠梓電元富96購01,0,0,0,0,0,0,0,0,0,-12000,0,0,0,0,12000,-12000,-12000
054006,智易統一97購01  ,0,0,0,0,0,0,0,0,0,-12000,0,0,0,20000,32000,-12000,-12000
053916,漢唐國票97購04  ,0,0,0,0,0,0,0,0,0,-12000,0,0,0,10000,22000,-12000,-12000
053911,臺股指凱基96購31,0,0,0,0,0,0,0,0,0,-12000,0,0,0,91000,103000,-12000,-12000
05978P,麗豐永豐96售02  ,0,0,0,0,0,0,0,0,0,-12000,0,0,0,0,12000,-12000,-12000
057040,國巨元大98購12  ,0,0,0,0,0,0,0,0,0,-12000,0,0,0,121000,133000,-12000,-12000
057048,新日興元大98購01,0,0,0,0,0,0,0,0,0,-12000,0,0,0,0,12000,-12000,-12000
06122P,亞光元大98售01  ,0,0,0,0,0,0,0,0,0,-12000,0,0,0,178000,190000,-12000,-12000
06342P,世芯統一98售01  ,0,0,0,0,0,0,0,0,0,-12000,0,0,0,0,12000,-12000,-12000
06513P,鴻海凱基98售10  ,0,0,0,0,0,0,0,0,0,-12000,0,0,0,60000,72000,-12000,-12000
3023,信邦            ,216000,384000,-168000,0,0,0,0,0,0,156000,168000,32000,136000,26000,6000,20000,-12000
3024,憶聲            ,20000,32000,-12000,0,0,0,0,0,0,0,0,0,0,0,0,0,-12000
6183,關貿            ,1000,13000,-12000,0,0,0,0,0,0,0,0,0,0,0,0,0,-12000
910861,神州-DR         ,0,12000,-12000,0,0,0,0,0,0,0,0,0,0,0,0,0,-12000
9941,裕融            ,14000,26000,-12000,0,0,0,0,0,0,0,0,0,0,0,0,0,-12000
6592,和潤企業        ,103000,130000,-27000,0,0,0,0,0,0,15000,15000,0,15000,0,0,0,-12000
8271,宇瞻            ,184000,196000,-12000,0,0,0,0,0,0,0,0,0,0,0,0,0,-12000
054807,台化元大9A購02  ,0,0,0,0,0,0,0,0,0,-13000,0,0,0,0,13000,-13000,-13000
055586,旺宏元大98購06  ,0,0,0,0,0,0,0,0,0,-13000,0,0,0,57000,70000,-13000,-13000
055376,群創元大01購01  ,0,0,0,0,0,0,0,0,0,-13000,0,0,0,71000,84000,-13000,-13000
055382,台郡元大99購01  ,0,0,0,0,0,0,0,0,0,-13000,0,0,0,0,13000,-13000,-13000
056986,超眾群益98購03  ,0,0,0,0,0,0,0,0,0,-13000,0,0,0,16000,29000,-13000,-13000
056424,泰碩統一98購01  ,0,0,0,0,0,0,0,0,0,-13000,0,0,0,102000,115000,-13000,-13000
055980,祥碩統一98購01  ,0,0,0,0,0,0,0,0,0,-13000,0,0,0,309000,322000,-13000,-13000
055955,微星元大97購01  ,0,0,0,0,0,0,0,0,0,-13000,0,0,0,238000,251000,-13000,-13000
055915,大立光凱基98購07,0,0,0,0,0,0,0,0,0,-13000,0,0,0,0,13000,-13000,-13000
056287,亞光永豐97購02  ,0,0,0,0,0,0,0,0,0,-13000,0,0,0,10000,23000,-13000,-13000
045837,群創群益98購02  ,0,0,0,0,0,0,0,0,0,-13000,0,0,0,0,13000,-13000,-13000
04700P,臺股指元富94售06,0,0,0,0,0,0,0,0,0,-13000,0,0,0,0,13000,-13000,-13000
04574P,台達電統一94售05,0,0,0,0,0,0,0,0,0,-13000,0,0,0,0,13000,-13000,-13000
046929,大立光統一93購03,0,0,0,0,0,0,0,0,0,-13000,0,0,0,7000,20000,-13000,-13000
01010T,京城樂富R1      ,0,0,0,0,0,0,0,0,0,-13000,0,13000,-13000,0,0,0,-13000
050365,中石化元大94購02,0,0,0,0,0,0,0,0,0,-13000,0,0,0,0,13000,-13000,-13000
050867,聯鈞永豐95購01  ,0,0,0,0,0,0,0,0,0,-13000,0,0,0,5000,18000,-13000,-13000
051147,南亞科凱基95購05,0,0,0,0,0,0,0,0,0,-13000,0,0,0,2000,15000,-13000,-13000
04885P,大立光凱基94售19,0,0,0,0,0,0,0,0,0,-13000,0,0,0,0,13000,-13000,-13000
048873,玉晶光國票95購02,0,0,0,0,0,0,0,0,0,-13000,0,0,0,95000,108000,-13000,-13000
050263,旺宏元大94購10  ,0,0,0,0,0,0,0,0,0,-13000,0,0,0,7000,20000,-13000,-13000
049982,嘉晶凱基94購01  ,0,0,0,0,0,0,0,0,0,-13000,0,0,0,0,13000,-13000,-13000
048127,麗豐元大94購01  ,0,0,0,0,0,0,0,0,0,-13000,0,0,0,232000,245000,-13000,-13000
054441,力成台新96購01  ,0,0,0,0,0,0,0,0,0,-13000,0,0,0,39000,52000,-13000,-13000
054383,傳奇群益97購01  ,0,0,0,0,0,0,0,0,0,-13000,0,0,0,0,13000,-13000,-13000
053572,彩晶統一96購01  ,0,0,0,0,0,0,0,0,0,-13000,0,0,0,0,13000,-13000,-13000
052586,晶豪科永豐96購01,0,0,0,0,0,0,0,0,0,-13000,0,0,0,12000,25000,-13000,-13000
052719,致新凱基96購01  ,0,0,0,0,0,0,0,0,0,-13000,0,0,0,157000,170000,-13000,-13000
053009,大成鋼統一96購02,0,0,0,0,0,0,0,0,0,-13000,0,0,0,287000,300000,-13000,-13000
052180,緯穎元大96購05  ,0,0,0,0,0,0,0,0,0,-13000,0,0,0,203000,216000,-13000,-13000
05174P,元金2X富邦9B售01,0,0,0,0,0,0,0,0,0,-13000,0,0,0,0,13000,-13000,-13000
051760,奇力新元大95購04,0,0,0,0,0,0,0,0,0,-13000,0,0,0,0,13000,-13000,-13000
4977,眾達-KY         ,387000,714000,-327000,0,0,0,228000,0,228000,86000,126000,40000,86000,0,0,0,-13000
5234,達興材料        ,57000,70000,-13000,0,0,0,0,0,0,0,0,0,0,0,0,0,-13000
5608,四維航          ,2000,15000,-13000,0,0,0,0,0,0,0,0,0,0,0,0,0,-13000
06499P,臺股指元大9A售04,0,0,0,0,0,0,0,0,0,-13000,0,0,0,0,13000,-13000,-13000
05817P,可成凱基96售07  ,0,0,0,0,0,0,0,0,0,-13000,0,0,0,60000,73000,-13000,-13000
056116,義隆群益97購02  ,0,0,0,0,0,0,0,0,0,-14000,0,0,0,109000,123000,-14000,-14000
056459,茂林凱基99購01  ,0,0,0,0,0,0,0,0,0,-14000,0,0,0,0,14000,-14000,-14000
056574,亞光元大99購03  ,0,0,0,0,0,0,0,0,0,-14000,0,0,0,0,14000,-14000,-14000
056620,華新科永豐98購02,0,0,0,0,0,0,0,0,0,-14000,0,0,0,8000,22000,-14000,-14000
056966,嘉晶永豐98購01  ,0,0,0,0,0,0,0,0,0,-14000,0,0,0,0,14000,-14000,-14000
056730,元油2X凱基9A購04,0,0,0,0,0,0,0,0,0,-14000,0,0,0,0,14000,-14000,-14000
05675P,美律群益97售01  ,0,0,0,0,0,0,0,0,0,-14000,0,0,0,36000,50000,-14000,-14000
055276,台積電元大97購20,0,0,0,0,0,0,0,0,0,-14000,0,0,0,101000,115000,-14000,-14000
05545P,台表科國泰98售01,0,0,0,0,0,0,0,0,0,-14000,0,0,0,0,14000,-14000,-14000
055635,緯穎永豐97購01  ,0,0,0,0,0,0,0,0,0,-14000,0,0,0,107000,121000,-14000,-14000
054912,群光凱基97購01  ,0,0,0,0,0,0,0,0,0,-14000,0,0,0,0,14000,-14000,-14000
044966,台表科中信94購01,0,0,0,0,0,0,0,0,0,-14000,0,0,0,1000,15000,-14000,-14000
046813,聯電凱基96購01  ,0,0,0,0,0,0,0,0,0,-14000,0,0,0,22000,36000,-14000,-14000
04421P,玉晶光永豐94售02,0,0,0,0,0,0,0,0,0,-14000,0,0,0,0,14000,-14000,-14000
043156,大立光統一94購01,0,0,0,0,0,0,0,0,0,-14000,0,0,0,106000,120000,-14000,-14000
04384P,上証2X中信96售01,0,0,0,0,0,0,0,0,0,-14000,0,0,0,6000,20000,-14000,-14000
046947,禾伸堂元大93購01,0,0,0,0,0,0,0,0,0,-14000,0,0,0,1000,15000,-14000,-14000
050617,神基元大94購01  ,0,0,0,0,0,0,0,0,0,-14000,0,0,0,191000,205000,-14000,-14000
048742,瀚宇博統一94購01,0,0,0,0,0,0,0,0,0,-14000,0,0,0,13000,27000,-14000,-14000
050022,鴻海元大94購11  ,0,0,0,0,0,0,0,0,0,-14000,0,0,0,31000,45000,-14000,-14000
050949,亞光群益96購01  ,0,0,0,0,0,0,0,0,0,-14000,0,0,0,6000,20000,-14000,-14000
051365,瀚宇博國泰97購01,0,0,0,0,0,0,0,0,0,-14000,0,0,0,0,14000,-14000,-14000
051473,台積電凱基95購10,0,0,0,0,0,0,0,0,0,-14000,0,0,0,6000,20000,-14000,-14000
049574,新日興統一94購03,0,0,0,0,0,0,0,0,0,-14000,0,0,0,22000,36000,-14000,-14000
049564,聯電統一94購03  ,0,0,0,0,0,0,0,0,0,-14000,0,0,0,10000,24000,-14000,-14000
049636,上証反凱基9A購01,0,0,0,0,0,0,0,0,0,-14000,0,0,0,200000,214000,-14000,-14000
051087,國巨元大97購01  ,0,0,0,0,0,0,0,0,0,-14000,0,0,0,0,14000,-14000,-14000
052293,泰碩國票95購03  ,0,0,0,0,0,0,0,0,0,-14000,0,0,0,0,14000,-14000,-14000
052345,矽力凱基95購01  ,0,0,0,0,0,0,0,0,0,-14000,0,0,0,16000,30000,-14000,-14000
052422,聯電國票96購03  ,0,0,0,0,0,0,0,0,0,-14000,0,0,0,46000,60000,-14000,-14000
052452,茂林元大95購03  ,0,0,0,0,0,0,0,0,0,-14000,0,0,0,19000,33000,-14000,-14000
052908,大成鋼統一96購01,0,0,0,0,0,0,0,0,0,-14000,0,0,0,30000,44000,-14000,-14000
052574,茂林凱基96購02  ,0,0,0,0,0,0,0,0,0,-14000,0,0,0,18000,32000,-14000,-14000
053708,道瓊反凱基98購01,0,0,0,0,0,0,0,0,0,-14000,0,0,0,0,14000,-14000,-14000
053718,全新凱基97購02  ,0,0,0,0,0,0,0,0,0,-14000,0,0,0,47000,61000,-14000,-14000
053273,國巨元大96購08  ,0,0,0,0,0,0,0,0,0,-14000,0,0,0,71000,85000,-14000,-14000
054398,牧德永豐96購03  ,0,0,0,0,0,0,0,0,0,-14000,0,0,0,40000,54000,-14000,-14000
054371,台積電中信9C購01,0,0,0,0,0,0,0,0,0,-14000,0,0,0,152000,166000,-14000,-14000
053914,國巨國票96購08  ,0,0,0,0,0,0,0,0,0,-14000,0,0,0,0,14000,-14000,-14000
06320P,上銀統一97售04  ,0,0,0,0,0,0,0,0,0,-14000,0,0,0,10000,24000,-14000,-14000
06158P,玉晶光元富97售08,0,0,0,0,0,0,0,0,0,-14000,0,0,0,16000,30000,-14000,-14000
06473P,鴻海元大99售03  ,0,0,0,0,0,0,0,0,0,-14000,0,0,0,52000,66000,-14000,-14000
2401,凌陽            ,157000,234000,-77000,0,0,0,0,0,0,63000,65000,2000,63000,0,0,0,-14000
6197,佳必琪          ,40000,54000,-14000,0,0,0,0,0,0,0,0,0,0,0,0,0,-14000
3305,昇貿            ,3000,17000,-14000,0,0,0,0,0,0,0,0,0,0,0,0,0,-14000
055000,玉晶光元富97購04,0,0,0,0,0,0,0,0,0,-15000,0,0,0,5000,20000,-15000,-15000
054753,復盛凱基98購01  ,0,0,0,0,0,0,0,0,0,-15000,0,0,0,30000,45000,-15000,-15000
05470P,康控元大95售05  ,0,0,0,0,0,0,0,0,0,-15000,0,0,0,0,15000,-15000,-15000
055592,奇力新元大97購07,0,0,0,0,0,0,0,0,0,-15000,0,0,0,169000,184000,-15000,-15000
055480,元上證元大97購02,0,0,0,0,0,0,0,0,0,-15000,0,0,0,3000,18000,-15000,-15000
055887,上銀統一97購03  ,0,0,0,0,0,0,0,0,0,-15000,0,0,0,0,15000,-15000,-15000
055865,臺股指元大97購02,0,0,0,0,0,0,0,0,0,-15000,0,0,0,5000,20000,-15000,-15000
048682,奇力新富邦96購01,0,0,0,0,0,0,0,0,0,-15000,0,0,0,0,15000,-15000,-15000
049498,茂林元大95購01  ,0,0,0,0,0,0,0,0,0,-15000,0,0,0,34000,49000,-15000,-15000
050615,奇力新元大95購03,0,0,0,0,0,0,0,0,0,-15000,0,0,0,8000,23000,-15000,-15000
047312,聯發科元大93購13,0,0,0,0,0,0,0,0,0,-15000,0,0,0,5000,20000,-15000,-15000
04730P,臺股指中信96售02,0,0,0,0,0,0,0,0,0,-15000,0,0,0,0,15000,-15000,-15000
04655P,臺股指凱基94售14,0,0,0,0,0,0,0,0,0,-15000,0,0,0,0,15000,-15000,-15000
047261,聯詠國票93購02  ,0,0,0,0,0,0,0,0,0,-15000,0,0,0,0,15000,-15000,-15000
045854,貿聯富邦93購01  ,0,0,0,0,0,0,0,0,0,-15000,0,0,0,55000,70000,-15000,-15000
046959,技嘉中信93購01  ,0,0,0,0,0,0,0,0,0,-15000,0,0,0,0,15000,-15000,-15000
043784,鴻海凱基94購01  ,0,0,0,0,0,0,0,0,0,-15000,0,0,0,9000,24000,-15000,-15000
043019,華晶科元大94購01,0,0,0,0,0,0,0,0,0,-15000,0,0,0,0,15000,-15000,-15000
047673,瑞昱元富96購01  ,0,0,0,0,0,0,0,0,0,-15000,0,0,0,186000,201000,-15000,-15000
04466P,大立光元富94售04,0,0,0,0,0,0,0,0,0,-15000,0,0,0,0,15000,-15000,-15000
044600,上銀國泰93購01  ,0,0,0,0,0,0,0,0,0,-15000,0,0,0,0,15000,-15000,-15000
04462P,全新元富96售01  ,0,0,0,0,0,0,0,0,0,-15000,0,0,0,5000,20000,-15000,-15000
045517,元油2X元富98購01,0,0,0,0,0,0,0,0,0,-15000,0,0,0,80000,95000,-15000,-15000
03372P,台積電元大02售25,0,0,0,0,0,0,0,0,0,-15000,0,0,0,0,15000,-15000,-15000
03953P,易華電凱基94售01,0,0,0,0,0,0,0,0,0,-15000,0,0,0,0,15000,-15000,-15000
051083,A50正2元大98購01,0,0,0,0,0,0,0,0,0,-15000,0,0,0,35000,50000,-15000,-15000
051077,台郡國泰96購02  ,0,0,0,0,0,0,0,0,0,-15000,0,0,0,15000,30000,-15000,-15000
05123P,鴻海永昌96售07  ,0,0,0,0,0,0,0,0,0,-15000,0,0,0,1060000,1075000,-15000,-15000
049598,超眾元大95購03  ,0,0,0,0,0,0,0,0,0,-15000,0,0,0,5000,20000,-15000,-15000
049009,南亞科麥證94購01,0,0,0,1000,15000,-14000,0,0,0,-15000,0,0,0,1000,16000,-15000,-15000
049705,緯穎元大94購05  ,0,0,0,0,0,0,0,0,0,-15000,0,0,0,0,15000,-15000,-15000
049773,臺股指元富94購02,0,0,0,0,0,0,0,0,0,-15000,0,0,0,10000,25000,-15000,-15000
049229,台化富邦94購01  ,0,0,0,0,0,0,0,0,0,-15000,0,0,0,0,15000,-15000,-15000
048552,鴻海元大94購03  ,0,0,0,0,0,0,0,0,0,-15000,0,0,0,40000,55000,-15000,-15000
048418,瑞昱統一93購04  ,0,0,0,0,0,0,0,0,0,-15000,0,0,0,155000,170000,-15000,-15000
04839P,大立光元大94售17,0,0,0,0,0,0,0,0,0,-15000,0,0,0,0,15000,-15000,-15000
051509,鴻海中信97購01  ,0,0,0,0,0,0,0,0,0,-15000,0,0,0,0,15000,-15000,-15000
051611,鈺齊群益95購02  ,0,0,0,0,0,0,0,0,0,-15000,0,0,0,160000,175000,-15000,-15000
049977,瑞昱凱基94購03  ,0,0,0,0,0,0,0,0,0,-15000,0,0,0,183000,198000,-15000,-15000
048226,大立光凱基93購35,0,0,0,0,0,0,0,0,0,-15000,0,0,0,0,15000,-15000,-15000
049453,新日興統一94購01,0,0,0,0,0,0,0,0,0,-15000,0,0,0,73000,88000,-15000,-15000
049319,GIS凱基94購03   ,0,0,0,0,0,0,0,0,0,-15000,0,0,0,2000,17000,-15000,-15000
05345P,臺股指統一95售05,0,0,0,0,0,0,0,0,0,-15000,0,0,0,0,15000,-15000,-15000
053805,奇鋐凱基98購02  ,0,0,0,0,0,0,0,0,0,-15000,0,0,0,0,15000,-15000,-15000
053579,華通元大97購01  ,0,0,0,0,0,0,0,0,0,-15000,0,0,0,0,15000,-15000,-15000
052594,友訊群益98購01  ,0,0,0,0,0,0,0,0,0,-15000,0,0,0,285000,300000,-15000,-15000
052634,華邦電凱基96購01,0,0,0,0,0,0,0,0,0,-15000,0,0,0,10000,25000,-15000,-15000
052905,潤泰全國票97購01,0,0,0,0,0,0,0,0,0,-15000,0,0,0,15000,30000,-15000,-15000
053054,禾伸堂國票97購01,0,0,0,0,0,0,0,0,0,-15000,0,0,0,35000,50000,-15000,-15000
052365,聯詠國票95購02  ,0,0,0,0,0,0,0,0,0,-15000,0,0,0,30000,45000,-15000,-15000
05217P,鴻海統一95售08  ,0,0,0,0,0,0,0,0,0,-15000,0,0,0,0,15000,-15000,-15000
052166,元油反元大95購01,0,0,0,0,0,0,0,0,0,-15000,0,0,0,0,15000,-15000,-15000
051803,矽創永豐95購03  ,0,0,0,0,0,0,0,0,0,-15000,0,0,0,0,15000,-15000,-15000
5285,界霖            ,10000,25000,-15000,0,0,0,0,0,0,0,0,0,0,0,0,0,-15000
8429,金麗-KY         ,33000,49000,-16000,0,0,0,0,0,0,1000,1000,0,1000,0,0,0,-15000
2476,鉅祥            ,2000,17000,-15000,0,0,0,0,0,0,0,0,0,0,0,0,0,-15000
06500P,臺股指元大9A售05,0,0,0,0,0,0,0,0,0,-15000,0,0,0,0,15000,-15000,-15000
06523P,台積電麥證98售02,0,0,0,0,15000,-15000,0,0,0,-15000,0,0,0,0,15000,-15000,-15000
06580P,元油2X凱基9A售06,0,0,0,0,0,0,0,0,0,-15000,0,0,0,0,15000,-15000,-15000
06105P,國巨國票98售02  ,0,0,0,0,0,0,0,0,0,-15000,0,0,0,0,15000,-15000,-15000
06052P,台郡國票97售06  ,0,0,0,0,0,0,0,0,0,-15000,0,0,0,0,15000,-15000,-15000
06075P,智邦凱基97售02  ,0,0,0,0,0,0,0,0,0,-15000,0,0,0,45000,60000,-15000,-15000
05942P,奇力新凱基96售04,0,0,0,0,0,0,0,0,0,-15000,0,0,0,100000,115000,-15000,-15000
05573P,仁寶元富96售02  ,0,0,0,0,0,0,0,0,0,-16000,0,0,0,0,16000,-16000,-16000
056157,聯詠凱基97購03  ,0,0,0,0,0,0,0,0,0,-16000,0,0,0,4000,20000,-16000,-16000
056777,矽力元大98購02  ,0,0,0,0,0,0,0,0,0,-16000,0,0,0,10000,26000,-16000,-16000
056671,台灣50元富9A購01,0,1000,-1000,0,0,0,0,0,0,-15000,0,0,0,600000,615000,-15000,-16000
056551,台郡凱基98購04  ,0,0,0,0,0,0,0,0,0,-16000,0,0,0,0,16000,-16000,-16000
056470,旺宏元大99購01  ,0,0,0,0,0,0,0,0,0,-16000,0,0,0,19000,35000,-16000,-16000
056434,國巨凱基98購03  ,0,0,0,0,0,0,0,0,0,-16000,0,0,0,10000,26000,-16000,-16000
055526,台積電群益97購02,0,0,0,0,0,0,0,0,0,-16000,0,0,0,100000,116000,-16000,-16000
055414,奇力新富邦9B購01,0,0,0,0,0,0,0,0,0,-16000,0,0,0,74000,90000,-16000,-16000
054638,國泰金中信99購01,0,0,0,0,0,0,0,0,0,-16000,0,0,0,0,16000,-16000,-16000
03841P,聯發科統一93售02,0,0,0,0,0,0,0,0,0,-16000,0,0,0,0,16000,-16000,-16000
044863,矽創兆豐93購01  ,0,0,0,0,0,0,0,0,0,-16000,0,0,0,0,16000,-16000,-16000
046775,聯發科台新93購01,0,0,0,0,0,0,0,0,0,-16000,0,0,0,0,16000,-16000,-16000
046303,台積電元大92購25,0,0,0,0,0,0,0,0,0,-16000,0,0,0,14000,30000,-16000,-16000
046944,奇力新元大96購01,0,0,0,0,0,0,0,0,0,-16000,0,0,0,55000,71000,-16000,-16000
050587,緯穎國票94購02  ,0,0,0,0,0,0,0,0,0,-16000,0,0,0,21000,37000,-16000,-16000
049335,聯電統一97購01  ,0,0,0,0,0,0,0,0,0,-16000,0,0,0,10000,26000,-16000,-16000
049835,緯穎凱基94購05  ,0,0,0,0,0,0,0,0,0,-16000,0,0,0,29000,45000,-16000,-16000
050184,信邦元大94購01  ,0,0,0,0,0,0,0,0,0,-16000,0,0,0,12000,28000,-16000,-16000
051425,昇陽半國票97購01,0,0,0,0,0,0,0,0,0,-16000,0,0,0,75000,91000,-16000,-16000
051318,上銀國票96購01  ,0,0,0,0,0,0,0,0,0,-16000,0,0,0,0,16000,-16000,-16000
051312,國泰金麥證95購01,0,0,0,98000,114000,-16000,0,0,0,-16000,0,0,0,98000,114000,-16000,-16000
048636,鴻海元大94購05  ,0,0,0,0,0,0,0,0,0,-16000,0,0,0,33000,49000,-16000,-16000
04893P,創意元大94售03  ,0,0,0,0,0,0,0,0,0,-16000,0,0,0,14000,30000,-16000,-16000
050907,臺股指元大95購14,0,0,0,0,0,0,0,0,0,-16000,0,0,0,0,16000,-16000,-16000
049589,奇力新元大95購02,0,0,0,0,0,0,0,0,0,-16000,0,0,0,7000,23000,-16000,-16000
048859,玉晶光群益96購02,0,0,0,0,0,0,0,0,0,-16000,0,0,0,0,16000,-16000,-16000
05171P,臺股指元大95售15,0,0,0,0,0,0,0,0,0,-16000,0,0,0,0,16000,-16000,-16000
052449,創意元大95購04  ,0,0,0,0,0,0,0,0,0,-16000,0,0,0,30000,46000,-16000,-16000
053154,聯詠元大96購01  ,0,0,0,0,0,0,0,0,0,-16000,0,0,0,366000,382000,-16000,-16000
052530,台郡元大96購04  ,0,0,0,0,0,0,0,0,0,-16000,0,0,0,89000,105000,-16000,-16000
052783,台郡國票97購01  ,0,0,0,0,0,0,0,0,0,-16000,0,0,0,0,16000,-16000,-16000
05367P,鴻海元富95售13  ,0,0,0,0,0,0,0,0,0,-16000,0,0,0,4000,20000,-16000,-16000
053391,嘉聯益元大99購01,0,0,0,0,0,0,0,0,0,-16000,0,0,0,334000,350000,-16000,-16000
054470,緯穎國票97購04  ,0,0,0,0,0,0,0,0,0,-16000,0,0,0,0,16000,-16000,-16000
05891P,聯發科中信98售03,0,0,0,0,0,0,0,0,0,-16000,0,0,0,0,16000,-16000,-16000
05841P,華通元大96售04  ,0,0,0,0,0,0,0,0,0,-16000,0,0,0,26000,42000,-16000,-16000
05730P,臺股指凱基97售03,0,0,0,0,0,0,0,0,0,-16000,0,0,0,14000,30000,-16000,-16000
06327P,台積電中信01售01,0,0,0,0,0,0,0,0,0,-16000,0,0,0,5000,21000,-16000,-16000
06248P,國巨統一97售07  ,0,0,0,0,0,0,0,0,0,-16000,0,0,0,6000,22000,-16000,-16000
1446,宏和            ,12000,28000,-16000,0,0,0,0,0,0,0,0,0,0,0,0,0,-16000
911868,同方友友-DR     ,0,16000,-16000,0,0,0,0,0,0,0,0,0,0,0,0,0,-16000
054634,FB上証中信99購01,0,0,0,0,0,0,0,0,0,-17000,0,0,0,0,17000,-17000,-17000
056425,聯發科日盛9A購01,0,0,0,0,0,0,0,0,0,-17000,0,0,0,8000,25000,-17000,-17000
056772,欣興元大99購01  ,0,0,0,0,0,0,0,0,0,-17000,0,0,0,35000,52000,-17000,-17000
056123,鈺齊群益97購01  ,0,0,0,0,0,0,0,0,0,-17000,0,0,0,12000,29000,-17000,-17000
056290,正文永豐98購01  ,0,0,0,0,0,0,0,0,0,-17000,0,0,0,65000,82000,-17000,-17000
046861,和碩元大93購01  ,0,0,0,0,0,0,0,0,0,-17000,0,0,0,0,17000,-17000,-17000
045640,嘉晶凱基93購01  ,0,0,0,0,0,0,0,0,0,-17000,0,0,0,0,17000,-17000,-17000
04645P,禾伸堂凱基94售03,0,0,0,0,0,0,0,0,0,-17000,0,0,0,0,17000,-17000,-17000
044285,鴻海凱基93購06  ,0,0,0,0,0,0,0,0,0,-17000,0,0,0,0,17000,-17000,-17000
04164P,滬深2X元富93售03,0,0,0,0,0,0,0,0,0,-17000,0,0,0,16000,33000,-17000,-17000
049307,上銀凱基94購03  ,0,0,0,0,0,0,0,0,0,-17000,0,0,0,50000,67000,-17000,-17000
048345,緯創元大94購01  ,0,0,0,0,0,0,0,0,0,-17000,0,0,0,0,17000,-17000,-17000
049861,正崴兆豐94購01  ,0,0,0,0,0,0,0,0,0,-17000,0,0,0,130000,147000,-17000,-17000
050788,台郡國泰96購01  ,0,0,0,0,0,0,0,0,0,-17000,0,0,0,9000,26000,-17000,-17000
049384,致伸元大94購02  ,0,0,0,0,0,0,0,0,0,-17000,0,0,0,0,17000,-17000,-17000
054300,華通凱基96購07  ,0,0,0,0,0,0,0,0,0,-17000,0,0,0,27000,44000,-17000,-17000
054092,大立光群益97購01,0,0,0,0,0,0,0,0,0,-17000,0,0,0,0,17000,-17000,-17000
054171,台郡凱基97購01  ,0,0,0,0,0,0,0,0,0,-17000,0,0,0,2000,19000,-17000,-17000
05221P,玉晶光元大95售04,0,0,0,0,0,0,0,0,0,-17000,0,0,0,0,17000,-17000,-17000
3048,益登            ,25000,42000,-17000,0,0,0,0,0,0,0,0,0,0,0,0,0,-17000
1463,強盛            ,1000,27000,-26000,0,0,0,0,0,0,9000,9000,0,9000,0,0,0,-17000
1737,臺鹽            ,8000,25000,-17000,0,0,0,0,0,0,0,0,0,0,0,0,0,-17000
2387,精元            ,178000,193000,-15000,0,0,0,0,0,0,-2000,2000,0,2000,0,4000,-4000,-17000
06153P,健策元大97售04  ,0,0,0,0,0,0,0,0,0,-17000,0,0,0,6000,23000,-17000,-17000
05753P,臺股指中信99售02,0,0,0,0,0,0,0,0,0,-17000,0,0,0,0,17000,-17000,-17000
05770P,聯發科凱基96售16,0,0,0,0,0,0,0,0,0,-17000,0,0,0,23000,40000,-17000,-17000
05915P,聯發科元大96售19,0,0,0,0,0,0,0,0,0,-17000,0,0,0,27000,44000,-17000,-17000
06036P,台表科凱基96售04,0,0,0,0,0,0,0,0,0,-17000,0,0,0,60000,77000,-17000,-17000
055738,玉山金元富97購01,0,0,0,0,0,0,0,0,0,-18000,0,0,0,62000,80000,-18000,-18000
055807,勤誠永豐97購01  ,0,0,0,0,0,0,0,0,0,-18000,0,0,0,23000,41000,-18000,-18000
055975,鴻海統一98購05  ,0,0,0,0,0,0,0,0,0,-18000,0,0,0,199000,217000,-18000,-18000
055997,矽創國泰99購01  ,0,0,0,0,0,0,0,0,0,-18000,0,0,0,65000,83000,-18000,-18000
056828,國巨富邦9A購03  ,0,0,0,0,0,0,0,0,0,-18000,0,0,0,10000,28000,-18000,-18000
056908,牧德元大99購03  ,0,0,0,0,0,0,0,0,0,-18000,0,0,0,70000,88000,-18000,-18000
056606,華新科富邦9A購02,0,0,0,0,0,0,0,0,0,-18000,0,0,0,163000,181000,-18000,-18000
054579,聯茂元大97購01  ,0,0,0,0,0,0,0,0,0,-18000,0,0,0,7000,25000,-18000,-18000
054583,玉晶光統一97購02,0,0,0,0,0,0,0,0,0,-18000,0,0,0,88000,106000,-18000,-18000
054750,聯茂凱基98購02  ,0,0,0,0,0,0,0,0,0,-18000,0,0,0,68000,86000,-18000,-18000
054978,堤維西元富97購01,0,0,0,0,0,0,0,0,0,-18000,0,0,0,0,18000,-18000,-18000
00730,富邦臺灣優質高息,0,0,0,0,0,0,0,0,0,-18000,0,0,0,165000,183000,-18000,-18000
00681R,元大美債20反1   ,0,0,0,0,0,0,0,0,0,-18000,0,0,0,0,18000,-18000,-18000
042904,金寶元大94購02  ,0,0,0,0,0,0,0,0,0,-18000,0,0,0,0,18000,-18000,-18000
048063,聯發科統一93購03,0,0,0,0,0,0,0,0,0,-18000,0,0,0,2000,20000,-18000,-18000
046881,智原富邦99購01  ,0,0,0,0,0,0,0,0,0,-18000,0,0,0,10000,28000,-18000,-18000
047929,景碩凱基93購03  ,0,0,0,0,0,0,0,0,0,-18000,0,0,0,0,18000,-18000,-18000
04792P,智邦元大94售06  ,0,0,0,0,0,0,0,0,0,-18000,0,0,0,162000,180000,-18000,-18000
046552,晶技麥證92購01  ,0,0,0,0,18000,-18000,0,0,0,-18000,0,0,0,0,18000,-18000,-18000
049310,台積電凱基94購15,0,0,0,0,0,0,0,0,0,-18000,0,0,0,0,18000,-18000,-18000
049921,大立光元大94購16,0,0,0,0,0,0,0,0,0,-18000,0,0,0,0,18000,-18000,-18000
051543,鈺齊國票96購01  ,0,0,0,0,0,0,0,0,0,-18000,0,0,0,38000,56000,-18000,-18000
050317,和鑫國票95購02  ,0,0,0,0,0,0,0,0,0,-18000,0,0,0,0,18000,-18000,-18000
04834P,鴻海元大94售17  ,0,0,0,0,0,0,0,0,0,-18000,0,0,0,230000,248000,-18000,-18000
048443,旺宏凱基93購08  ,0,0,0,0,0,0,0,0,0,-18000,0,0,0,2000,20000,-18000,-18000
050502,聯發科凱基94購21,0,0,0,0,0,0,0,0,0,-18000,0,0,0,50000,68000,-18000,-18000
050480,健策國票95購04  ,0,0,0,0,0,0,0,0,0,-18000,0,0,0,1000,19000,-18000,-18000
048802,聯發科富邦94購03,0,0,0,0,0,0,0,0,0,-18000,0,0,0,2000,20000,-18000,-18000
048881,美律統一94購02  ,0,0,0,0,0,0,0,0,0,-18000,0,0,0,0,18000,-18000,-18000
048892,台郡元富97購01  ,0,0,0,0,0,0,0,0,0,-18000,0,0,0,7000,25000,-18000,-18000
052320,緯創元大95購05  ,0,0,0,0,0,0,0,0,0,-18000,0,0,0,9000,27000,-18000,-18000
052364,全新國票95購02  ,0,0,0,0,0,0,0,0,0,-18000,0,0,0,38000,56000,-18000,-18000
052022,南電永豐95購03  ,0,0,0,0,0,0,0,0,0,-18000,0,0,0,0,18000,-18000,-18000
051923,聯發科日盛95購02,0,0,0,0,0,0,0,0,0,-18000,0,0,0,3000,21000,-18000,-18000
053877,奇力新亞東96購01,0,0,0,0,0,0,0,0,0,-18000,0,0,0,0,18000,-18000,-18000
054318,台虹凱基98購01  ,0,0,0,0,0,0,0,0,0,-18000,0,0,0,100000,118000,-18000,-18000
054355,上海銀富邦98購01,0,0,0,0,0,0,0,0,0,-18000,0,0,0,2000,20000,-18000,-18000
054467,隆達凱基97購01  ,0,0,0,0,0,0,0,0,0,-18000,0,0,0,50000,68000,-18000,-18000
054418,茂林元大97購01  ,0,0,0,0,0,0,0,0,0,-18000,0,0,0,28000,46000,-18000,-18000
053468,鴻海元大98購01  ,0,0,0,0,0,0,0,0,0,-18000,0,0,0,2000,20000,-18000,-18000
05382P,電子類群益95售02,0,0,0,0,0,0,0,0,0,-18000,0,0,0,0,18000,-18000,-18000
06087P,國巨永豐97售01  ,0,0,0,0,0,0,0,0,0,-18000,0,0,0,12000,30000,-18000,-18000
06058P,玉晶光凱基97售04,0,0,0,0,0,0,0,0,0,-18000,0,0,0,0,18000,-18000,-18000
2029,盛餘            ,4000,20000,-16000,0,0,0,0,0,0,-2000,0,2000,-2000,0,0,0,-18000
6142,友勁            ,0,53000,-53000,0,0,0,0,0,0,35000,35000,0,35000,0,0,0,-18000
6605,帝寶            ,2000,20000,-18000,0,0,0,0,0,0,0,0,0,0,0,0,0,-18000
1319,東陽            ,101977,120000,-18023,0,0,0,0,0,0,0,1000,1000,0,0,0,0,-18023
055082,台郡中信97購01  ,0,0,0,0,0,0,0,0,0,-19000,0,0,0,2000,21000,-19000,-19000
054718,可成永豐97購01  ,0,0,0,0,0,0,0,0,0,-19000,0,0,0,0,19000,-19000,-19000
055440,矽力國票98購01  ,0,0,0,0,0,0,0,0,0,-19000,0,0,0,31000,50000,-19000,-19000
055724,祥碩元大97購03  ,0,0,0,0,0,0,0,0,0,-19000,0,0,0,6000,25000,-19000,-19000
056576,晶技元大99購02  ,0,0,0,0,0,0,0,0,0,-19000,0,0,0,0,19000,-19000,-19000
057013,聯發科麥證98購01,0,0,0,0,19000,-19000,0,0,0,-19000,0,0,0,0,19000,-19000,-19000
047181,智邦元大93購06  ,0,0,0,0,0,0,0,0,0,-19000,0,0,0,71000,90000,-19000,-19000
047274,華新科永豐93購02,0,0,0,0,0,0,0,0,0,-19000,0,0,0,33000,52000,-19000,-19000
047975,緯創兆豐93購01  ,0,0,0,0,0,0,0,0,0,-19000,0,0,0,1000,20000,-19000,-19000
047023,聯發科元大93購08,0,0,0,0,0,0,0,0,0,-19000,0,0,0,1000,20000,-19000,-19000
046175,瀚宇博永豐92購02,0,0,0,0,0,0,0,0,0,-19000,0,0,0,0,19000,-19000,-19000
044184,南亞科國泰93購01,0,0,0,0,0,0,0,0,0,-19000,0,0,0,0,19000,-19000,-19000
044165,聯發科元大92購04,0,0,0,0,0,0,0,0,0,-19000,0,0,0,1000,20000,-19000,-19000
045500,聯發科凱基93購04,0,0,0,0,0,0,0,0,0,-19000,0,0,0,39000,58000,-19000,-19000
049173,鴻海凱基94購15  ,0,0,0,0,0,0,0,0,0,-19000,0,0,0,21000,40000,-19000,-19000
050188,貿聯元大96購01  ,0,0,0,0,0,0,0,0,0,-19000,0,0,0,136000,155000,-19000,-19000
051466,玉晶光富邦97購01,0,0,0,0,0,0,0,0,0,-19000,0,0,0,1000,20000,-19000,-19000
051441,鴻海元大95購13  ,0,0,0,0,0,0,0,0,0,-19000,0,0,0,1000,20000,-19000,-19000
050771,華新科元大94購06,0,0,0,0,0,0,0,0,0,-19000,0,0,0,12000,31000,-19000,-19000
048191,亞德客元大93購06,0,0,0,0,0,0,0,0,0,-19000,0,0,0,1000,20000,-19000,-19000
049828,華新科凱基94購06,0,0,0,0,0,0,0,0,0,-19000,0,0,0,18000,37000,-19000,-19000
050959,元金2X永豐95購02,0,0,0,0,0,0,0,0,0,-19000,0,0,0,1000,20000,-19000,-19000
053661,嘉澤凱基97購01  ,0,0,0,0,0,0,0,0,0,-19000,0,0,0,12000,31000,-19000,-19000
053565,台光電富邦98購01,0,0,0,0,0,0,0,0,0,-19000,0,0,0,1000,20000,-19000,-19000
053587,京元電元大98購01,0,0,0,0,0,0,0,0,0,-19000,0,0,0,380000,399000,-19000,-19000
053506,南茂兆豐97購01  ,0,0,0,0,0,0,0,0,0,-19000,0,0,0,20000,39000,-19000,-19000
051947,矽力統一95購01  ,0,0,0,0,0,0,0,0,0,-19000,0,0,0,3000,22000,-19000,-19000
05249P,臻鼎國票95售01  ,0,0,0,0,0,0,0,0,0,-19000,0,0,0,0,19000,-19000,-19000
052565,上銀凱基96購01  ,0,0,0,0,0,0,0,0,0,-19000,0,0,0,107000,126000,-19000,-19000
052622,貿聯兆豐97購01  ,0,0,0,0,0,0,0,0,0,-19000,0,0,0,17000,36000,-19000,-19000
053093,緯穎元大96購06  ,0,0,0,0,0,0,0,0,0,-19000,0,0,0,166000,185000,-19000,-19000
05291P,鴻海凱基95售16  ,0,0,0,0,0,0,0,0,0,-19000,0,0,0,157000,176000,-19000,-19000
1451,年興            ,1000,20000,-19000,0,0,0,0,0,0,0,0,0,0,0,0,0,-19000
2467,志聖            ,43000,62000,-19000,0,0,0,0,0,0,0,0,0,0,0,0,0,-19000
06061P,訊芯統一97售01  ,0,0,0,0,0,0,0,0,0,-19000,0,0,0,0,19000,-19000,-19000
06358P,力成中信97售02  ,0,0,0,0,0,0,0,0,0,-19000,0,0,0,112000,131000,-19000,-19000
6136,富爾特          ,1000,20000,-19000,0,0,0,0,0,0,0,0,0,0,0,0,0,-19000
6139,亞翔            ,91000,71000,20000,0,0,0,0,0,0,-39000,0,38000,-38000,4000,5000,-1000,-19000
056978,技嘉群益99購01  ,0,0,0,0,0,0,0,0,0,-20000,0,0,0,0,20000,-20000,-20000
056912,臺股指元大99購04,0,0,0,0,0,0,0,0,0,-20000,0,0,0,0,20000,-20000,-20000
056929,華新科台新98購01,0,0,0,0,0,0,0,0,0,-20000,0,0,0,0,20000,-20000,-20000
05687P,臺股指元大96售12,0,0,0,0,0,0,0,0,0,-20000,0,0,0,0,20000,-20000,-20000
05686P,臺股指元大96售11,0,0,0,0,0,0,0,0,0,-20000,0,0,0,20000,40000,-20000,-20000
056535,全新凱基99購02  ,0,0,0,0,0,0,0,0,0,-20000,0,0,0,39000,59000,-20000,-20000
056500,大立光富邦9B購02,0,0,0,0,0,0,0,0,0,-20000,0,0,0,92000,112000,-20000,-20000
05602P,國巨元大96售06  ,0,0,0,0,0,0,0,0,0,-20000,0,0,0,20000,40000,-20000,-20000
056044,同欣電凱基97購03,0,0,0,0,0,0,0,0,0,-20000,0,0,0,0,20000,-20000,-20000
055979,聯鈞統一97購03  ,0,0,0,0,0,0,0,0,0,-20000,0,0,0,0,20000,-20000,-20000
056360,智邦元大98購01  ,0,0,0,0,0,0,0,0,0,-20000,0,0,0,115000,135000,-20000,-20000
056066,奇鋐元大98購02  ,0,0,0,0,0,0,0,0,0,-20000,0,0,0,0,20000,-20000,-20000
056142,超眾元大97購06  ,0,0,0,0,0,0,0,0,0,-20000,0,0,0,25000,45000,-20000,-20000
055634,訊芯永豐97購02  ,0,0,0,0,0,0,0,0,0,-20000,0,0,0,30000,50000,-20000,-20000
055315,晶技麥證97購01  ,0,0,0,10000,30000,-20000,0,0,0,-20000,0,0,0,10000,30000,-20000,-20000
054794,貿聯群益98購01  ,0,0,0,0,0,0,0,0,0,-20000,0,0,0,215000,235000,-20000,-20000
054562,亞光群益98購01  ,0,0,0,0,0,0,0,0,0,-20000,0,0,0,10000,30000,-20000,-20000
054531,聯發科國泰97購02,0,0,0,0,0,0,0,0,0,-20000,0,0,0,0,20000,-20000,-20000
055113,大立光凱基98購06,0,0,0,0,0,0,0,0,0,-20000,0,0,0,30000,50000,-20000,-20000
055114,新日興凱基98購01,0,0,0,0,0,0,0,0,0,-20000,0,0,0,3000,23000,-20000,-20000
055037,宏盛富邦99購01  ,0,0,0,0,0,0,0,0,0,-20000,0,0,0,0,20000,-20000,-20000
044673,上銀凱基93購04  ,0,0,0,0,0,0,0,0,0,-20000,0,0,0,0,20000,-20000,-20000
046619,可成凱基93購01  ,0,0,0,0,0,0,0,0,0,-20000,0,0,0,0,20000,-20000,-20000
046623,臻鼎凱基93購02  ,0,0,0,0,0,0,0,0,0,-20000,0,0,0,0,20000,-20000,-20000
046653,鴻海元大93購05  ,0,0,0,0,0,0,0,0,0,-20000,0,0,0,0,20000,-20000,-20000
046654,鴻海元大93購06  ,0,0,0,0,0,0,0,0,0,-20000,0,0,0,0,20000,-20000,-20000
04674P,全新統一95售01  ,0,0,0,0,0,0,0,0,0,-20000,0,0,0,0,20000,-20000,-20000
047670,矽力永豐93購01  ,0,0,0,0,0,0,0,0,0,-20000,0,0,0,0,20000,-20000,-20000
046735,聯發科國票93購01,0,0,0,0,0,0,0,0,0,-20000,0,0,0,0,20000,-20000,-20000
04444P,玉晶光永豐94售06,0,0,0,0,0,0,0,0,0,-20000,0,0,0,0,20000,-20000,-20000
04366P,全新元富95售01  ,0,0,0,0,0,0,0,0,0,-20000,0,0,0,0,20000,-20000,-20000
043940,京元電兆豐92購01,0,0,0,0,0,0,0,0,0,-20000,0,0,0,10000,30000,-20000,-20000
045290,華通元大93購01  ,0,0,0,0,0,0,0,0,0,-20000,0,0,0,0,20000,-20000,-20000
045216,鴻海元大93購02  ,0,0,0,0,0,0,0,0,0,-20000,0,0,0,0,20000,-20000,-20000
045280,儒鴻富邦94購01  ,0,0,0,0,0,0,0,0,0,-20000,0,0,0,0,20000,-20000,-20000
045479,T50反1中信95購01,0,0,0,0,0,0,0,0,0,-20000,0,0,0,0,20000,-20000,-20000
040160,SP黃豆元富95購01,0,0,0,0,0,0,0,0,0,-20000,0,0,0,0,20000,-20000,-20000
04261P,大立光群益93售12,0,0,0,0,0,0,0,0,0,-20000,0,0,0,10000,30000,-20000,-20000
04513P,元石油中信94售01,0,0,0,0,0,0,0,0,0,-20000,0,0,0,0,20000,-20000,-20000
03648C,T50反1元大96牛07,0,0,0,0,0,0,0,0,0,-20000,0,0,0,450000,470000,-20000,-20000
046186,南亞科凱基92購03,0,0,0,0,0,0,0,0,0,-20000,0,0,0,0,20000,-20000,-20000
046223,華通元大92購04  ,0,0,0,0,0,0,0,0,0,-20000,0,0,0,0,20000,-20000,-20000
046416,聯詠元大92購05  ,0,0,0,0,0,0,0,0,0,-20000,0,0,0,0,20000,-20000,-20000
046308,廣達元大92購02  ,0,0,0,0,0,0,0,0,0,-20000,0,0,0,0,20000,-20000,-20000
046356,智伸科群益93購01,0,0,0,0,0,0,0,0,0,-20000,0,0,0,40000,60000,-20000,-20000
046318,聯詠元大92購04  ,0,0,0,0,0,0,0,0,0,-20000,0,0,0,0,20000,-20000,-20000
047016,鴻海元大93購07  ,0,0,0,0,0,0,0,0,0,-20000,0,0,0,0,20000,-20000,-20000
047018,鴻海元大93購09  ,0,0,0,0,0,0,0,0,0,-20000,0,0,0,0,20000,-20000,-20000
045898,康控元大93購04  ,0,0,0,0,0,0,0,0,0,-20000,0,0,0,84000,104000,-20000,-20000
046024,鴻海元大92購11  ,0,0,0,0,0,0,0,0,0,-20000,0,0,0,0,20000,-20000,-20000
047999,聯發科元大93購22,0,0,0,0,0,0,0,0,0,-20000,0,0,0,0,20000,-20000,-20000
047909,超眾元大93購03  ,0,0,0,0,0,0,0,0,0,-20000,0,0,0,0,20000,-20000,-20000
046948,聯詠元大93購03  ,0,0,0,0,0,0,0,0,0,-20000,0,0,0,0,20000,-20000,-20000
048035,聯詠凱基93購06  ,0,0,0,0,0,0,0,0,0,-20000,0,0,0,0,20000,-20000,-20000
047189,聯詠元大93購05  ,0,0,0,0,0,0,0,0,0,-20000,0,0,0,0,20000,-20000,-20000
047135,可成凱基93購05  ,0,0,0,0,0,0,0,0,0,-20000,0,0,0,0,20000,-20000,-20000
047271,華通永豐93購01  ,0,0,0,0,0,0,0,0,0,-20000,0,0,0,0,20000,-20000,-20000
04652P,臺股指凱基94售11,0,0,0,0,0,0,0,0,0,-20000,0,0,0,0,20000,-20000,-20000
046513,景碩元大92購02  ,0,0,0,0,0,0,0,0,0,-20000,0,0,0,0,20000,-20000,-20000
046495,鴻海元大92購15  ,0,0,0,0,0,0,0,0,0,-20000,0,0,0,0,20000,-20000,-20000
047079,GIS兆豐94購01   ,0,0,0,0,0,0,0,0,0,-20000,0,0,0,0,20000,-20000,-20000
050634,華新科群益96購01,0,0,0,0,0,0,0,0,0,-20000,0,0,0,0,20000,-20000,-20000
050639,GIS國票96購01   ,0,0,0,0,0,0,0,0,0,-20000,0,0,0,0,20000,-20000,-20000
050423,鴻海凱基96購02  ,0,0,0,0,0,0,0,0,0,-20000,0,0,0,0,20000,-20000,-20000
050386,智伸科國票94購01,0,0,0,0,0,0,0,0,0,-20000,0,0,0,0,20000,-20000,-20000
049473,光罩永豐94購03  ,0,0,0,0,0,0,0,0,0,-20000,0,0,0,0,20000,-20000,-20000
049535,臻鼎永豐94購01  ,0,0,0,0,0,0,0,0,0,-20000,0,0,0,0,20000,-20000,-20000
048678,統一富邦93購01  ,0,0,0,0,0,0,0,0,0,-20000,0,0,0,39000,59000,-20000,-20000
048711,台郡台新94購01  ,0,0,0,0,0,0,0,0,0,-20000,0,0,0,0,20000,-20000,-20000
050948,華固群益95購01  ,0,0,0,0,0,0,0,0,0,-20000,0,0,0,0,20000,-20000,-20000
050843,富邦金國票96購01,0,0,0,0,0,0,0,0,0,-20000,0,0,0,0,20000,-20000,-20000
04930P,國巨統一94售08  ,0,0,0,0,0,0,0,0,0,-20000,0,0,0,180000,200000,-20000,-20000
049338,台達電統一94購04,0,0,0,0,0,0,0,0,0,-20000,0,0,0,20000,40000,-20000,-20000
049375,大立光元大94購13,0,0,0,0,0,0,0,0,0,-20000,0,0,0,0,20000,-20000,-20000
049455,上海銀統一94購02,0,0,0,0,0,0,0,0,0,-20000,0,0,0,0,20000,-20000,-20000
049447,聯電統一94購01  ,0,0,0,0,0,0,0,0,0,-20000,0,0,0,0,20000,-20000,-20000
049891,T50反1富邦94購02,0,0,0,0,0,0,0,0,0,-20000,0,0,0,499000,519000,-20000,-20000
049014,台達電群益94購02,0,0,0,0,0,0,0,0,0,-20000,0,0,0,0,20000,-20000,-20000
050048,百和國票94購01  ,0,0,0,0,0,0,0,0,0,-20000,0,0,0,0,20000,-20000,-20000
050058,國巨凱基94購06  ,0,0,0,0,0,0,0,0,0,-20000,0,0,0,0,20000,-20000,-20000
050059,旺宏凱基94購03  ,0,0,0,0,0,0,0,0,0,-20000,0,0,0,2000,22000,-20000,-20000
051442,正崴元大95購02  ,0,0,0,0,0,0,0,0,0,-20000,0,0,0,0,20000,-20000,-20000
051445,可成元大95購06  ,0,0,0,0,0,0,0,0,0,-20000,0,0,0,0,20000,-20000,-20000
05140P,台表科國票96售01,0,0,0,0,0,0,0,0,0,-20000,0,0,0,0,20000,-20000,-20000
051563,泰鼎國泰96購01  ,0,0,0,0,0,0,0,0,0,-20000,0,0,0,0,20000,-20000,-20000
051524,貿聯凱基95購02  ,0,0,0,0,0,0,0,0,0,-20000,0,0,0,55000,75000,-20000,-20000
05162P,玉晶光國票96售03,0,0,0,0,0,0,0,0,0,-20000,0,0,0,10000,30000,-20000,-20000
049947,S&P反1中信97購01,0,0,0,0,0,0,0,0,0,-20000,0,0,0,0,20000,-20000,-20000
050291,聯發科凱基94購16,0,0,0,0,0,0,0,0,0,-20000,0,0,0,0,20000,-20000,-20000
048944,茂林永豐94購01  ,0,0,0,0,0,0,0,0,0,-20000,0,0,0,0,20000,-20000,-20000
048638,台光電元大94購01,0,0,0,0,0,0,0,0,0,-20000,0,0,0,0,20000,-20000,-20000
049706,世紀鋼元大95購02,0,0,0,0,0,0,0,0,0,-20000,0,0,0,0,20000,-20000,-20000
048567,台郡元大93購03  ,0,0,0,0,0,0,0,0,0,-20000,0,0,0,0,20000,-20000,-20000
04831P,聯詠富邦96售01  ,0,0,0,0,0,0,0,0,0,-20000,0,0,0,0,20000,-20000,-20000
048296,康控群益93購03  ,0,0,0,0,0,0,0,0,0,-20000,0,0,0,0,20000,-20000,-20000
051293,鴻海元富95購05  ,0,0,0,0,0,0,0,0,0,-20000,0,0,0,40000,60000,-20000,-20000
048887,牧德元富94購01  ,0,0,0,0,0,0,0,0,0,-20000,0,0,0,0,20000,-20000,-20000
049622,聯詠群益94購02  ,0,0,0,0,0,0,0,0,0,-20000,0,0,0,10000,30000,-20000,-20000
049685,T50反1元大94購01,0,0,0,0,0,0,0,0,0,-20000,0,0,0,199000,219000,-20000,-20000
049688,台光電元大94購04,0,0,0,0,0,0,0,0,0,-20000,0,0,0,52000,72000,-20000,-20000
05122P,鴻海永昌96售06  ,0,0,0,0,0,0,0,0,0,-20000,0,0,0,576000,596000,-20000,-20000
048811,鴻海日盛94購01  ,0,0,0,0,0,0,0,0,0,-20000,0,0,0,45000,65000,-20000,-20000
048787,義隆元大94購02  ,0,0,0,0,0,0,0,0,0,-20000,0,0,0,11000,31000,-20000,-20000
048839,牧德凱基95購01  ,0,0,0,0,0,0,0,0,0,-20000,0,0,0,60000,80000,-20000,-20000
048869,光罩國票94購01  ,0,0,0,0,0,0,0,0,0,-20000,0,0,0,10000,30000,-20000,-20000
050448,義隆元大94購04  ,0,0,0,0,0,0,0,0,0,-20000,0,0,0,0,20000,-20000,-20000
05044P,亞德客永豐95售01,0,0,0,0,0,0,0,0,0,-20000,0,0,0,0,20000,-20000,-20000
051009,緯創麥證95購01  ,0,0,0,0,20000,-20000,0,0,0,-20000,0,0,0,0,20000,-20000,-20000
051041,大立光永豐95購01,0,0,0,0,0,0,0,0,0,-20000,0,0,0,0,20000,-20000,-20000
051197,光寶科麥證95購01,0,0,0,1000,20000,-19000,0,0,0,-20000,0,0,0,1000,21000,-20000,-20000
050721,台泥國票94購01  ,0,0,0,0,0,0,0,0,0,-20000,0,0,0,60000,80000,-20000,-20000
052924,旺宏永豐96購01  ,0,0,0,0,0,0,0,0,0,-20000,0,0,0,0,20000,-20000,-20000
052901,台達電國票97購01,0,0,0,0,0,0,0,0,0,-20000,0,0,0,10000,30000,-20000,-20000
05312P,臺股指群益95售11,0,0,0,0,0,0,0,0,0,-20000,0,0,0,27000,47000,-20000,-20000
053138,華邦電富邦96購01,0,0,0,0,0,0,0,0,0,-20000,0,0,0,88000,108000,-20000,-20000
052683,鴻海元大97購03  ,0,0,0,0,0,0,0,0,0,-20000,0,0,0,0,20000,-20000,-20000
05253P,智邦凱基95售08  ,0,0,0,0,0,0,0,0,0,-20000,0,0,0,0,20000,-20000,-20000
052737,滬深2X元大96購06,0,0,0,0,0,0,0,0,0,-20000,0,0,0,1000,21000,-20000,-20000
052415,台表科麥證95購02,0,0,0,0,20000,-20000,0,0,0,-20000,0,0,0,0,20000,-20000,-20000
052344,台表科凱基98購01,0,0,0,0,0,0,0,0,0,-20000,0,0,0,0,20000,-20000,-20000
052380,臺股指元大95購21,0,0,0,0,0,0,0,0,0,-20000,0,0,0,67000,87000,-20000,-20000
052169,鴻海元大97購02  ,0,0,0,0,0,0,0,0,0,-20000,0,0,0,0,20000,-20000,-20000
052185,奇力新群益95購03,0,0,0,0,0,0,0,0,0,-20000,0,0,0,8000,28000,-20000,-20000
052025,國巨群益96購01  ,0,0,0,0,0,0,0,0,0,-20000,0,0,0,0,20000,-20000,-20000
052059,臺股指凱基95購17,0,0,0,0,0,0,0,0,0,-20000,0,0,0,0,20000,-20000,-20000
052129,鴻海凱基97購02  ,0,0,0,0,0,0,0,0,0,-20000,0,0,0,0,20000,-20000,-20000
053497,新光金兆豐97購01,0,0,0,0,0,0,0,0,0,-20000,0,0,0,130000,150000,-20000,-20000
053298,SP黃豆凱基99購01,0,0,0,0,0,0,0,0,0,-20000,0,0,0,10000,30000,-20000,-20000
053875,GIS元大97購01   ,0,0,0,0,0,0,0,0,0,-20000,0,0,0,23000,43000,-20000,-20000
053854,聯茂國泰97購02  ,0,0,0,0,0,0,0,0,0,-20000,0,0,0,6000,26000,-20000,-20000
053788,泰鼎元大97購01  ,0,0,0,0,0,0,0,0,0,-20000,0,0,0,9000,29000,-20000,-20000
054413,台光電元大96購03,0,0,0,0,0,0,0,0,0,-20000,0,0,0,0,20000,-20000,-20000
054469,同欣電凱基97購01,0,0,0,0,0,0,0,0,0,-20000,0,0,0,0,20000,-20000,-20000
054476,聯發科中信96購03,0,0,0,0,0,0,0,0,0,-20000,0,0,0,0,20000,-20000,-20000
05448P,臺股指元大95售25,0,0,0,0,0,0,0,0,0,-20000,0,0,0,0,20000,-20000,-20000
054204,元金2X國票9B購02,0,0,0,0,0,0,0,0,0,-20000,0,0,0,0,20000,-20000,-20000
05421P,鴻海元大96售12  ,0,0,0,0,0,0,0,0,0,-20000,0,0,0,287000,307000,-20000,-20000
054165,亞光凱基96購02  ,0,0,0,0,0,0,0,0,0,-20000,0,0,0,0,20000,-20000,-20000
5525,順天            ,6000,26000,-20000,0,0,0,0,0,0,0,0,0,0,0,0,0,-20000
4526,東台            ,1000,21000,-20000,0,0,0,0,0,0,0,0,0,0,0,0,0,-20000
8482,商億-KY         ,84000,104000,-20000,0,0,0,0,0,0,0,0,0,0,0,0,0,-20000
06368P,台積電凱基97售15,0,0,0,0,0,0,0,0,0,-20000,0,0,0,0,20000,-20000,-20000
06283P,祥碩永豐97售01  ,0,0,0,0,0,0,0,0,0,-20000,0,0,0,100000,120000,-20000,-20000
06138P,台積電中信99售01,0,0,0,0,0,0,0,0,0,-20000,0,0,0,0,20000,-20000,-20000
06171P,台積電統一97售06,0,0,0,0,0,0,0,0,0,-20000,0,0,0,0,20000,-20000,-20000
05991P,聯茂群益96售05  ,0,0,0,0,0,0,0,0,0,-20000,0,0,0,0,20000,-20000,-20000
05920P,力成元大96售04  ,0,0,0,0,0,0,0,0,0,-20000,0,0,0,0,20000,-20000,-20000
05863P,滬深2X元大96售09,0,0,0,0,0,0,0,0,0,-20000,0,0,0,0,20000,-20000,-20000
05858P,矽力中信96售01  ,0,0,0,0,0,0,0,0,0,-20000,0,0,0,29000,49000,-20000,-20000
05784P,臺股指元大96售18,0,0,0,0,0,0,0,0,0,-20000,0,0,0,0,20000,-20000,-20000
05854P,華新科凱基96售09,0,0,0,0,0,0,0,0,0,-20000,0,0,0,0,20000,-20000,-20000
05808P,臺股指國票96售01,0,0,0,0,0,0,0,0,0,-20000,0,0,0,18000,38000,-20000,-20000
05838P,臺股指富邦96售05,0,0,0,0,0,0,0,0,0,-20000,0,0,0,0,20000,-20000,-20000
2359,所羅門          ,9000,29000,-20000,0,0,0,0,0,0,0,0,0,0,0,0,0,-20000
2633,台灣高鐵        ,722000,767000,-45000,0,0,0,0,0,0,25000,0,0,0,33000,8000,25000,-20000
1305,華夏            ,47000,67000,-20000,0,0,0,0,0,0,0,0,0,0,0,0,0,-20000
06607P,友達台新98售02  ,0,0,0,0,0,0,0,0,0,-20000,0,0,0,0,20000,-20000,-20000
06498P,臺股指元大9A售03,0,0,0,0,0,0,0,0,0,-20000,0,0,0,0,20000,-20000,-20000
054829,亞光國泰99購01  ,0,0,0,0,0,0,0,0,0,-21000,0,0,0,0,21000,-21000,-21000
05469P,台積電元大95售24,0,0,0,0,0,0,0,0,0,-21000,0,0,0,466000,487000,-21000,-21000
055380,智易元大98購02  ,0,0,0,0,0,0,0,0,0,-21000,0,0,0,0,21000,-21000,-21000
055721,聯詠元大97購04  ,0,0,0,0,0,0,0,0,0,-21000,0,0,0,35000,56000,-21000,-21000
056295,國巨元大97購16  ,0,0,0,0,0,0,0,0,0,-21000,0,0,0,149000,170000,-21000,-21000
056045,勤誠凱基97購01  ,0,0,0,0,0,0,0,0,0,-21000,0,0,0,67000,88000,-21000,-21000
056023,晶豪科群益97購01,0,0,0,0,0,0,0,0,0,-21000,0,0,0,0,21000,-21000,-21000
047543,鴻海凱基94購09  ,0,0,0,0,0,0,0,0,0,-21000,0,0,0,11000,32000,-21000,-21000
049537,元石油群益97購01,0,0,0,0,0,0,0,0,0,-21000,0,0,0,1000,22000,-21000,-21000
04703P,樺漢統一95售01  ,0,0,0,0,0,0,0,0,0,-21000,0,0,0,0,21000,-21000,-21000
047307,儒鴻元大93購04  ,0,0,0,0,0,0,0,0,0,-21000,0,0,0,0,21000,-21000,-21000
047318,聯詠元大93購07  ,0,0,0,0,0,0,0,0,0,-21000,0,0,0,0,21000,-21000,-21000
047437,旺宏元大94購02  ,0,0,0,0,0,0,0,0,0,-21000,0,0,0,53000,74000,-21000,-21000
045669,華通元大93購02  ,0,0,0,0,0,0,0,0,0,-21000,0,0,0,14000,35000,-21000,-21000
047919,技嘉凱基93購06  ,0,0,0,0,0,0,0,0,0,-21000,0,0,0,0,21000,-21000,-21000
042558,瑞昱中信94購01  ,0,0,0,0,0,0,0,0,0,-21000,0,0,0,0,21000,-21000,-21000
00674R,元大S&P黃金反1  ,0,0,0,0,0,0,0,0,0,-21000,0,0,0,0,21000,-21000,-21000
00662,富邦NASDAQ      ,0,0,0,0,0,0,0,0,0,-21000,0,0,0,9000,30000,-21000,-21000
044401,亞光凱基93購01  ,0,0,0,0,0,0,0,0,0,-21000,0,0,0,0,21000,-21000,-21000
050740,旺宏永豐94購03  ,0,0,0,0,0,0,0,0,0,-21000,0,0,0,96000,117000,-21000,-21000
050326,正崴永豐94購03  ,0,0,0,0,0,0,0,0,0,-21000,0,0,0,0,21000,-21000,-21000
048834,牧德凱基94購01  ,0,0,0,0,0,0,0,0,0,-21000,0,0,0,1000,22000,-21000,-21000
05124P,華新科富邦97售02,0,0,0,0,0,0,0,0,0,-21000,0,0,0,0,21000,-21000,-21000
048293,聯詠群益93購04  ,0,0,0,0,0,0,0,0,0,-21000,0,0,0,10000,31000,-21000,-21000
048937,玉晶光永豐95購01,0,0,0,0,0,0,0,0,0,-21000,0,0,0,367000,388000,-21000,-21000
049294,南亞科群益94購01,0,0,0,0,0,0,0,0,0,-21000,0,0,0,8000,29000,-21000,-21000
049980,奇力新凱基94購04,0,0,0,0,0,0,0,0,0,-21000,0,0,0,0,21000,-21000,-21000
051492,臻鼎凱基95購01  ,0,0,0,0,0,0,0,0,0,-21000,0,0,0,19000,40000,-21000,-21000
048100,貿聯凱基93購02  ,0,0,0,0,0,0,0,0,0,-21000,0,0,0,84000,105000,-21000,-21000
049443,元石油統一94購02,0,0,0,0,0,0,0,0,0,-21000,0,0,0,0,21000,-21000,-21000
050831,超眾凱基95購01  ,0,0,0,0,0,0,0,0,0,-21000,0,0,0,30000,51000,-21000,-21000
053975,大立光元大98購04,0,0,0,0,0,0,0,0,0,-21000,0,0,0,200000,221000,-21000,-21000
054234,可成群益96購05  ,0,0,0,0,0,0,0,0,0,-21000,0,0,0,10000,31000,-21000,-21000
054347,上緯控國票96購02,0,0,0,0,0,0,0,0,0,-21000,0,0,0,0,21000,-21000,-21000
053810,台達電群益96購01,0,0,0,0,0,0,0,0,0,-21000,0,0,0,30000,51000,-21000,-21000
053592,亞光元大96購01  ,0,0,0,0,0,0,0,0,0,-21000,0,0,0,0,21000,-21000,-21000
053692,聯詠元大96購04  ,0,0,0,0,0,0,0,0,0,-21000,0,0,0,0,21000,-21000,-21000
053263,華邦電群益96購03,0,0,0,0,0,0,0,0,0,-21000,0,0,0,0,21000,-21000,-21000
052781,瀚宇博國票97購03,0,0,0,0,0,0,0,0,0,-21000,0,0,0,40000,61000,-21000,-21000
052784,緯穎國票97購02  ,0,0,0,0,0,0,0,0,0,-21000,0,0,0,20000,41000,-21000,-21000
052816,上銀永豐96購01  ,0,0,0,0,0,0,0,0,0,-21000,0,0,0,75000,96000,-21000,-21000
06428P,國巨元大97售17  ,0,0,0,0,0,0,0,0,0,-21000,0,0,0,37000,58000,-21000,-21000
056276,同欣電國泰98購01,0,0,0,0,0,0,0,0,0,-22000,0,0,0,0,22000,-22000,-22000
056431,鴻海凱基98購07  ,0,0,0,0,0,0,0,0,0,-22000,0,0,0,222000,244000,-22000,-22000
055533,大立光群益97購03,0,0,0,0,0,0,0,0,0,-22000,0,0,0,7000,29000,-22000,-22000
054759,台化國票98購01  ,0,0,0,0,0,0,0,0,0,-22000,0,0,0,0,22000,-22000,-22000
054781,台化群益99購01  ,0,0,0,0,0,0,0,0,0,-22000,0,0,0,0,22000,-22000,-22000
047736,聯發科台新94購01,0,0,0,0,0,0,0,0,0,-22000,0,0,0,102000,124000,-22000,-22000
044633,台郡元大92購03  ,0,0,0,0,0,0,0,0,0,-22000,0,0,0,0,22000,-22000,-22000
044611,正崴兆豐92購01  ,0,0,0,0,0,0,0,0,0,-22000,0,0,0,0,22000,-22000,-22000
04162P,南亞科統一94售02,0,0,0,0,0,0,0,0,0,-22000,0,0,0,0,22000,-22000,-22000
03240P,臺股指元大02售05,0,0,0,0,0,0,0,0,0,-22000,0,0,0,0,22000,-22000,-22000
03874P,臺股指群益95售01,0,0,0,0,0,0,0,0,0,-22000,0,0,0,0,22000,-22000,-22000
03497P,金像電凱基02售06,0,0,0,0,0,0,0,0,0,-22000,0,0,0,278000,300000,-22000,-22000
04941P,台達電台新94售02,0,0,0,0,0,0,0,0,0,-22000,0,0,0,0,22000,-22000,-22000
049340,鴻海統一94購03  ,0,0,0,0,0,0,0,0,0,-22000,0,0,0,10000,32000,-22000,-22000
05005P,台表科統一95售01,0,0,0,0,0,0,0,0,0,-22000,0,0,0,44000,66000,-22000,-22000
051421,彩晶國票95購01  ,0,0,0,0,0,0,0,0,0,-22000,0,0,0,0,22000,-22000,-22000
050191,和碩元大94購02  ,0,0,0,0,0,0,0,0,0,-22000,0,0,0,0,22000,-22000,-22000
049653,緯穎凱基94購03  ,0,0,0,0,0,0,0,0,0,-22000,0,0,0,0,22000,-22000,-22000
051100,同欣電元大95購01,0,0,0,0,0,0,0,0,0,-22000,0,0,0,2000,24000,-22000,-22000
051075,智邦國泰97購01  ,0,0,0,0,0,0,0,0,0,-22000,0,0,0,83000,105000,-22000,-22000
052792,大立光兆豐96購01,0,0,0,0,0,0,0,0,0,-22000,0,0,0,0,22000,-22000,-22000
052635,奇力新凱基98購01,0,0,0,0,0,0,0,0,0,-22000,0,0,0,0,22000,-22000,-22000
053321,智原群益96購02  ,0,0,0,0,0,0,0,0,0,-22000,0,0,0,11000,33000,-22000,-22000
053580,國巨元大96購10  ,0,0,0,0,0,0,0,0,0,-22000,0,0,0,146000,168000,-22000,-22000
054479,緯創中信98購01  ,0,0,0,0,0,0,0,0,0,-22000,0,0,0,0,22000,-22000,-22000
054064,台郡國票97購04  ,0,0,0,0,0,0,0,0,0,-22000,0,0,0,20000,42000,-22000,-22000
06134P,緯穎元富97售03  ,0,0,0,0,0,0,0,0,0,-22000,0,0,0,0,22000,-22000,-22000
05731P,創意統一96售03  ,0,0,0,0,0,0,0,0,0,-22000,0,0,0,60000,82000,-22000,-22000
06487P,聯發科統一99售02,0,0,0,0,0,0,0,0,0,-22000,0,0,0,0,22000,-22000,-22000
06516P,國巨凱基98售08  ,0,0,0,0,0,0,0,0,0,-22000,0,0,0,0,22000,-22000,-22000
3209,全科            ,12000,36000,-24000,0,0,0,0,0,0,2000,2000,0,2000,0,0,0,-22000
5531,鄉林            ,19000,42000,-23000,0,0,0,0,0,0,1000,1000,0,1000,0,0,0,-22000
6152,百一            ,19000,41000,-22000,0,0,0,0,0,0,0,0,0,0,0,0,0,-22000
055639,上銀元富97購02  ,0,0,0,0,0,0,0,0,0,-23000,0,0,0,270000,293000,-23000,-23000
056414,國巨中信98購02  ,0,0,0,0,0,0,0,0,0,-23000,0,0,0,44000,67000,-23000,-23000
056486,樺漢元大98購04  ,0,0,0,0,0,0,0,0,0,-23000,0,0,0,65000,88000,-23000,-23000
056656,華邦電元大98購02,0,0,0,0,0,0,0,0,0,-23000,0,0,0,0,23000,-23000,-23000
056882,華邦電康和98購01,0,0,0,0,0,0,0,0,0,-23000,0,0,0,0,23000,-23000,-23000
055993,致茂國泰99購01  ,0,0,0,0,0,0,0,0,0,-23000,0,0,0,0,23000,-23000,-23000
055829,上銀元大97購06  ,0,0,0,0,0,0,0,0,0,-23000,0,0,0,59000,82000,-23000,-23000
03612C,臺股指元大95牛01,0,0,0,0,0,0,0,0,0,-23000,0,0,0,1000,24000,-23000,-23000
04669P,臺股指國票94售08,0,0,0,0,0,0,0,0,0,-23000,0,0,0,0,23000,-23000,-23000
047781,上銀國泰94購02  ,0,0,0,0,0,0,0,0,0,-23000,0,0,0,0,23000,-23000,-23000
047896,京元電群益93購01,0,0,0,0,0,0,0,0,0,-23000,0,0,0,0,23000,-23000,-23000
050526,貿聯元大95購01  ,0,0,0,0,0,0,0,0,0,-23000,0,0,0,92000,115000,-23000,-23000
048990,台表科元大94購01,0,0,0,0,0,0,0,0,0,-23000,0,0,0,2000,25000,-23000,-23000
051402,玉晶光永豐95購04,0,0,0,0,0,0,0,0,0,-23000,0,0,0,84000,107000,-23000,-23000
049808,聯詠元大94購03  ,0,0,0,0,0,0,0,0,0,-23000,0,0,0,0,23000,-23000,-23000
049824,鴻海凱基94購18  ,0,0,0,0,0,0,0,0,0,-23000,0,0,0,97000,120000,-23000,-23000
054021,義隆台新96購01  ,0,0,0,0,0,0,0,0,0,-23000,0,0,0,62000,85000,-23000,-23000
054369,鴻海中信9C購01  ,0,0,0,0,0,0,0,0,0,-23000,0,0,0,139000,162000,-23000,-23000
053771,華新元大97購01  ,0,0,0,0,0,0,0,0,0,-23000,0,0,0,0,23000,-23000,-23000
053769,香港反元大99購01,0,0,0,0,0,0,0,0,0,-23000,0,0,0,0,23000,-23000,-23000
052874,超眾凱基96購01  ,0,0,0,0,0,0,0,0,0,-23000,0,0,0,0,23000,-23000,-23000
051954,矽力元富95購04  ,0,0,0,0,0,0,0,0,0,-23000,0,0,0,24000,47000,-23000,-23000
8422,可寧衛          ,6000,33000,-27000,0,0,0,0,0,0,4000,4000,0,4000,0,0,0,-23000
2106,建大            ,70000,95000,-25000,0,0,0,0,0,0,2000,2000,0,2000,0,0,0,-23000
2420,新巨            ,17000,40000,-23000,0,0,0,0,0,0,0,0,0,0,0,0,0,-23000
057094,祥碩元富98購01  ,0,0,0,0,0,0,0,0,0,-23000,0,0,0,0,23000,-23000,-23000
05927P,正文永豐96售03  ,0,0,0,0,0,0,0,0,0,-23000,0,0,0,8000,31000,-23000,-23000
055834,國巨元大97購13  ,0,0,0,0,0,0,0,0,0,-24000,0,0,0,78000,102000,-24000,-24000
056933,國巨元富98購03  ,0,0,0,0,0,0,0,0,0,-24000,0,0,0,0,24000,-24000,-24000
056849,瀚宇博元富98購01,0,0,0,0,0,0,0,0,0,-24000,0,0,0,0,24000,-24000,-24000
056679,元油2X統一98購01,0,0,0,0,0,0,0,0,0,-24000,0,0,0,0,24000,-24000,-24000
056546,致伸凱基98購01  ,0,0,0,0,0,0,0,0,0,-24000,0,0,0,10000,34000,-24000,-24000
056461,樺漢凱基98購02  ,0,0,0,0,0,0,0,0,0,-24000,0,0,0,4000,28000,-24000,-24000
056408,奇鋐國票99購01  ,0,0,0,0,0,0,0,0,0,-24000,0,0,0,37000,61000,-24000,-24000
055700,緯穎國泰98購02  ,0,0,0,0,0,0,0,0,0,-24000,0,0,0,7000,31000,-24000,-24000
055438,鴻海國票98購01  ,0,0,0,0,0,0,0,0,0,-24000,0,0,0,9000,33000,-24000,-24000
055494,華新科元大98購01,0,0,0,0,0,0,0,0,0,-24000,0,0,0,96000,120000,-24000,-24000
054946,億光元大97購01  ,0,0,0,0,0,0,0,0,0,-24000,0,0,0,35000,59000,-24000,-24000
050590,晶技永豐95購01  ,0,0,0,0,0,0,0,0,0,-24000,0,0,0,0,24000,-24000,-24000
04687P,全新凱基94售02  ,0,0,0,0,0,0,0,0,0,-24000,0,0,0,0,24000,-24000,-24000
046998,同欣電國泰94購01,0,0,0,0,0,0,0,0,0,-24000,0,0,0,0,24000,-24000,-24000
047761,亞德客元大93購02,0,0,0,0,0,0,0,0,0,-24000,0,0,0,1000,25000,-24000,-24000
04534P,臻鼎元富94售03  ,0,0,0,0,0,0,0,0,0,-24000,0,0,0,0,24000,-24000,-24000
048130,美利達元大96購01,0,0,0,0,0,0,0,0,0,-24000,0,0,0,0,24000,-24000,-24000
051404,牧德永豐96購01  ,0,0,0,0,0,0,0,0,0,-24000,0,0,0,20000,44000,-24000,-24000
051575,國巨元大96購03  ,0,0,0,0,0,0,0,0,0,-24000,0,0,0,182000,206000,-24000,-24000
052075,旺宏元富95購03  ,0,0,0,0,0,0,0,0,0,-24000,0,0,0,8000,32000,-24000,-24000
048939,華擎永豐94購01  ,0,0,0,0,0,0,0,0,0,-24000,0,0,0,1000,25000,-24000,-24000
048320,聯詠凱基93購08  ,0,0,0,0,0,0,0,0,0,-24000,0,0,0,5000,29000,-24000,-24000
048909,聯詠富邦94購01  ,0,0,0,0,0,0,0,0,0,-24000,0,0,0,10000,34000,-24000,-24000
053111,緯創兆豐97購01  ,0,0,0,0,0,0,0,0,0,-24000,0,0,0,0,24000,-24000,-24000
052602,聯電元大97購01  ,0,0,0,0,0,0,0,0,0,-24000,0,0,0,137000,161000,-24000,-24000
052799,上銀元大96購01  ,0,0,0,0,0,0,0,0,0,-24000,0,0,0,49000,73000,-24000,-24000
053643,漢唐國票97購02  ,0,0,0,0,0,0,0,0,0,-24000,0,0,0,0,24000,-24000,-24000
053451,致新凱基96購02  ,0,0,0,0,0,0,0,0,0,-24000,0,0,0,0,24000,-24000,-24000
054048,國泰金元大96購04,0,0,0,0,0,0,0,0,0,-24000,0,0,0,0,24000,-24000,-24000
054170,泰鼎凱基98購01  ,0,0,0,0,0,0,0,0,0,-24000,0,0,0,0,24000,-24000,-24000
06164P,臺股指凱基97售04,0,0,0,0,0,0,0,0,0,-24000,0,0,0,12000,36000,-24000,-24000
06328P,台積電中信01售02,0,0,0,0,0,0,0,0,0,-24000,0,0,0,0,24000,-24000,-24000
2382,廣達            ,1831000,2634000,-803000,0,0,0,25000,0,25000,754000,820000,103000,717000,58000,21000,37000,-24000
2493,揚博            ,3000,27000,-24000,0,0,0,0,0,0,0,0,0,0,0,0,0,-24000
1504,東元            ,919000,915000,4000,0,0,0,0,0,0,-28000,11000,39000,-28000,0,0,0,-24000
5283,禾聯碩          ,2000,30000,-28000,0,0,0,0,0,0,4000,0,0,0,5000,1000,4000,-24000
054992,南亞科元富97購02,0,0,0,0,0,0,0,0,0,-25000,0,0,0,0,25000,-25000,-25000
055718,可成元大97購02  ,0,0,0,0,0,0,0,0,0,-25000,0,0,0,95000,120000,-25000,-25000
055334,禾伸堂兆豐97購01,0,0,0,0,0,0,0,0,0,-25000,0,0,0,257000,282000,-25000,-25000
056538,國泰金凱基98購01,0,0,0,0,0,0,0,0,0,-25000,0,0,0,0,25000,-25000,-25000
056869,國巨日盛99購03  ,0,0,0,0,0,0,0,0,0,-25000,0,0,0,0,25000,-25000,-25000
05597P,鴻海元富96售06  ,0,0,0,0,0,0,0,0,0,-25000,0,0,0,0,25000,-25000,-25000
055960,義隆元大97購01  ,0,0,0,0,0,0,0,0,0,-25000,0,0,0,25000,50000,-25000,-25000
043442,大立光台新01購01,0,0,0,0,0,0,0,0,0,-25000,0,0,0,0,25000,-25000,-25000
043912,華新科凱基93購01,0,0,0,0,0,0,0,0,0,-25000,0,0,0,0,25000,-25000,-25000
044119,台郡兆豐92購01  ,0,0,0,0,0,0,0,0,0,-25000,0,0,0,10000,35000,-25000,-25000
046700,台郡凱基93購02  ,0,0,0,0,0,0,0,0,0,-25000,0,0,0,1000,26000,-25000,-25000
046417,聯詠元大92購06  ,0,0,0,0,0,0,0,0,0,-25000,0,0,0,0,25000,-25000,-25000
046450,鴻海凱基93購12  ,0,0,0,0,0,0,0,0,0,-25000,0,0,0,10000,35000,-25000,-25000
04949P,致新元大94售04  ,0,0,0,0,0,0,0,0,0,-25000,0,0,0,9000,34000,-25000,-25000
047063,漢唐凱基95購01  ,0,0,0,0,0,0,0,0,0,-25000,0,0,0,0,25000,-25000,-25000
04711P,台光電元大94售05,0,0,0,0,0,0,0,0,0,-25000,0,0,0,0,25000,-25000,-25000
048768,景碩凱基94購02  ,0,0,0,0,0,0,0,0,0,-25000,0,0,0,15000,40000,-25000,-25000
051021,啟碁凱基95購02  ,0,0,0,0,0,0,0,0,0,-25000,0,0,0,16000,41000,-25000,-25000
048391,友訊國票94購01  ,0,0,0,0,0,0,0,0,0,-25000,0,0,0,0,25000,-25000,-25000
049714,國巨凱基94購02  ,0,0,0,0,0,0,0,0,0,-25000,0,0,0,5000,30000,-25000,-25000
049302,聯茂日盛94購01  ,0,0,0,0,0,0,0,0,0,-25000,0,0,0,0,25000,-25000,-25000
05026P,貿聯群益95售01  ,0,0,0,0,0,0,0,0,0,-25000,0,0,0,16000,41000,-25000,-25000
050009,昇陽半永豐94購02,0,0,0,0,0,0,0,0,0,-25000,0,0,0,75000,100000,-25000,-25000
051670,欣興元大95購06  ,0,0,0,0,0,0,0,0,0,-25000,0,0,0,198000,223000,-25000,-25000
051434,中磊元富95購02  ,0,0,0,0,0,0,0,0,0,-25000,0,0,0,13000,38000,-25000,-25000
048193,旺宏元大94購05  ,0,0,0,0,0,0,0,0,0,-25000,0,0,0,5000,30000,-25000,-25000
05012P,台積電元大95售07,0,0,0,0,0,0,0,0,0,-25000,0,0,0,0,25000,-25000,-25000
05080P,亞光永豐95售02  ,0,0,0,0,0,0,0,0,0,-25000,0,0,0,0,25000,-25000,-25000
050790,昇陽半國泰96購02,0,0,0,0,0,0,0,0,0,-25000,0,0,0,34000,59000,-25000,-25000
050933,南亞國票95購01  ,0,0,0,0,0,0,0,0,0,-25000,0,0,0,0,25000,-25000,-25000
049313,晶技凱基94購01  ,0,0,0,0,0,0,0,0,0,-25000,0,0,0,0,25000,-25000,-25000
054071,泰鼎國泰97購02  ,0,0,0,0,0,0,0,0,0,-25000,0,0,0,0,25000,-25000,-25000
054435,華新科台新97購02,0,0,0,0,0,0,0,0,0,-25000,0,0,0,0,25000,-25000,-25000
054465,亞光凱基97購01  ,0,0,0,0,0,0,0,0,0,-25000,0,0,0,0,25000,-25000,-25000
054472,道瓊反中信9A購01,0,0,0,0,0,0,0,0,0,-25000,0,0,0,0,25000,-25000,-25000
053401,臺股指中信99購01,0,0,0,0,0,0,0,0,0,-25000,0,0,0,68000,93000,-25000,-25000
053507,百和兆豐96購01  ,0,0,0,0,0,0,0,0,0,-25000,0,0,0,46000,71000,-25000,-25000
053259,卜蜂群益97購01  ,0,0,0,0,0,0,0,0,0,-25000,0,0,0,0,25000,-25000,-25000
053551,可成凱基96購05  ,0,0,0,0,0,0,0,0,0,-25000,0,0,0,39000,64000,-25000,-25000
052682,上銀元大97購01  ,0,0,0,0,0,0,0,0,0,-25000,0,0,0,0,25000,-25000,-25000
053123,京元電凱基96購01,0,0,0,0,0,0,0,0,0,-25000,0,0,0,60000,85000,-25000,-25000
05313P,臺股指群益95售12,0,0,0,0,0,0,0,0,0,-25000,0,0,0,0,25000,-25000,-25000
053127,貿聯凱基97購01  ,0,0,0,0,0,0,0,0,0,-25000,0,0,0,10000,35000,-25000,-25000
053174,同欣電群益98購02,0,0,0,0,0,0,0,0,0,-25000,0,0,0,15000,40000,-25000,-25000
051988,台光電元大95購01,0,0,0,0,0,0,0,0,0,-25000,0,0,0,52000,77000,-25000,-25000
051995,矽力元大95購03  ,0,0,0,0,0,0,0,0,0,-25000,0,0,0,11000,36000,-25000,-25000
051752,緯穎富邦96購01  ,0,0,0,0,0,0,0,0,0,-25000,0,0,0,36000,61000,-25000,-25000
051847,香港反中信99購01,0,0,0,0,0,0,0,0,0,-25000,0,0,0,0,25000,-25000,-25000
052208,力成麥證95購01  ,0,0,0,55000,80000,-25000,0,0,0,-25000,0,0,0,55000,80000,-25000,-25000
05223P,臻鼎凱基95售02  ,0,0,0,0,0,0,0,0,0,-25000,0,0,0,0,25000,-25000,-25000
052375,奇力新元大96購02,0,0,0,0,0,0,0,0,0,-25000,0,0,0,501000,526000,-25000,-25000
1414,東和            ,2000,27000,-25000,0,0,0,0,0,0,0,0,0,0,0,0,0,-25000
1611,中電            ,24000,49000,-25000,0,0,0,0,0,0,0,0,0,0,0,0,0,-25000
2484,希華            ,24000,49000,-25000,0,0,0,0,0,0,0,0,0,0,0,0,0,-25000
06269P,群創凱基98售10  ,0,0,0,0,0,0,0,0,0,-25000,0,0,0,15000,40000,-25000,-25000
06083P,華通統一98售02  ,0,0,0,0,0,0,0,0,0,-25000,0,0,0,0,25000,-25000,-25000
05873P,華通群益97售02  ,0,0,0,0,0,0,0,0,0,-25000,0,0,0,25000,50000,-25000,-25000
06000P,GIS元大96售04   ,0,0,0,0,0,0,0,0,0,-25000,0,0,0,0,25000,-25000,-25000
06013P,世芯國泰97售03  ,0,0,0,0,0,0,0,0,0,-25000,0,0,0,117000,142000,-25000,-25000
05843P,台積電元大96售16,0,0,0,0,0,0,0,0,0,-25000,0,0,0,106000,131000,-25000,-25000
056020,義隆群益97購01  ,0,0,0,0,0,0,0,0,0,-26000,0,0,0,178000,204000,-26000,-26000
056159,牧德凱基99購01  ,0,0,0,0,0,0,0,0,0,-26000,0,0,0,2000,28000,-26000,-26000
056782,鴻海群益98購04  ,0,0,0,0,0,0,0,0,0,-26000,0,0,0,123000,149000,-26000,-26000
056442,瑞昱凱基98購02  ,0,0,0,0,0,0,0,0,0,-26000,0,0,0,67000,93000,-26000,-26000
056502,A50正2永豐98購01,0,0,0,0,0,0,0,0,0,-26000,0,0,0,21000,47000,-26000,-26000
055157,晶豪科元大97購01,0,0,0,0,0,0,0,0,0,-26000,0,0,0,47000,73000,-26000,-26000
054774,同欣電國票98購01,0,0,0,0,0,0,0,0,0,-26000,0,0,0,70000,96000,-26000,-26000
054726,台積電日盛97購01,0,0,0,0,0,0,0,0,0,-26000,0,0,0,399000,425000,-26000,-26000
054615,牧德永豐98購01  ,0,0,0,0,0,0,0,0,0,-26000,0,0,0,10000,36000,-26000,-26000
047273,奇力新永豐93購03,0,0,0,0,0,0,0,0,0,-26000,0,0,0,0,26000,-26000,-26000
046204,致新凱基93購01  ,0,0,0,0,0,0,0,0,0,-26000,0,0,0,0,26000,-26000,-26000
045958,技嘉凱基93購04  ,0,0,0,0,0,0,0,0,0,-26000,0,0,0,0,26000,-26000,-26000
04939P,國巨國票95售03  ,0,0,0,0,0,0,0,0,0,-26000,0,0,0,120000,146000,-26000,-26000
050791,聯發科富邦96購01,0,0,0,0,0,0,0,0,0,-26000,0,0,0,15000,41000,-26000,-26000
050081,聯發科統一94購07,0,0,0,0,0,0,0,0,0,-26000,0,0,0,129000,155000,-26000,-26000
048273,南電富邦97購01  ,0,0,0,0,0,0,0,0,0,-26000,0,0,0,16000,42000,-26000,-26000
051914,健策元大96購06  ,0,0,0,0,0,0,0,0,0,-26000,0,0,0,145000,171000,-26000,-26000
053739,A50正2國票9A購01,0,0,0,0,0,0,0,0,0,-26000,0,0,0,0,26000,-26000,-26000
053808,大成鋼群益97購01,0,0,0,0,0,0,0,0,0,-26000,0,0,0,0,26000,-26000,-26000
054373,富邦金中信97購01,0,0,0,0,0,0,0,0,0,-26000,0,0,0,54000,80000,-26000,-26000
054310,牧德凱基98購01  ,0,0,0,0,0,0,0,0,0,-26000,0,0,0,75000,101000,-26000,-26000
057044,旺宏元大98購08  ,0,0,0,0,0,0,0,0,0,-26000,0,0,0,9000,35000,-26000,-26000
057046,奇力新元大99購03,0,0,0,0,0,0,0,0,0,-26000,0,0,0,398000,424000,-26000,-26000
054854,台積電麥證97購01,0,0,0,71000,98000,-27000,0,0,0,-27000,0,0,0,71000,98000,-27000,-27000
056411,緯穎國票99購01  ,0,0,0,0,0,0,0,0,0,-27000,0,0,0,8000,35000,-27000,-27000
05630P,大立光永昌96售06,0,0,0,0,0,0,0,0,0,-27000,0,0,0,0,27000,-27000,-27000
050402,緯穎中信96購01  ,0,0,0,0,0,0,0,0,0,-27000,0,0,0,18000,45000,-27000,-27000
00731,FH富時高息低波  ,0,0,0,0,0,0,0,0,0,-27000,0,0,0,38000,65000,-27000,-27000
00762,元大全球AI      ,0,0,0,0,0,0,0,0,0,-27000,0,0,0,13000,40000,-27000,-27000
04853P,易華電永豐94售03,0,0,0,0,0,0,0,0,0,-27000,0,0,0,0,27000,-27000,-27000
049613,華通中信94購01  ,0,0,0,0,0,0,0,0,0,-27000,0,0,0,73000,100000,-27000,-27000
049855,台表科群益94購01,0,0,0,0,0,0,0,0,0,-27000,0,0,0,10000,37000,-27000,-27000
050946,瑞昱群益95購01  ,0,0,0,0,0,0,0,0,0,-27000,0,0,0,43000,70000,-27000,-27000
050922,南亞科凱基95購02,0,0,0,0,0,0,0,0,0,-27000,0,0,0,0,27000,-27000,-27000
054257,揚明光元大96購02,0,0,0,0,0,0,0,0,0,-27000,0,0,0,45000,72000,-27000,-27000
053728,茂林凱基97購01  ,0,0,0,0,0,0,0,0,0,-27000,0,0,0,3000,30000,-27000,-27000
053266,全新群益98購01  ,0,0,0,0,0,0,0,0,0,-27000,0,0,0,19000,46000,-27000,-27000
053251,世紀鋼國票97購02,0,0,0,0,0,0,0,0,0,-27000,0,0,0,21000,48000,-27000,-27000
05310P,智原永豐95售04  ,0,0,0,0,0,0,0,0,0,-27000,0,0,0,0,27000,-27000,-27000
05287P,鴻海元富95售09  ,0,0,0,0,0,0,0,0,0,-27000,0,0,0,45000,72000,-27000,-27000
9955,佳龍            ,10000,33000,-23000,0,0,0,0,0,0,-4000,0,4000,-4000,0,0,0,-27000
05621P,聯電中信96售01  ,0,0,0,0,0,0,0,0,0,-28000,0,0,0,26000,54000,-28000,-28000
056029,國巨麥證98購01  ,0,0,0,32000,60000,-28000,0,0,0,-28000,0,0,0,32000,60000,-28000,-28000
056746,超眾凱基99購01  ,0,0,0,0,0,0,0,0,0,-28000,0,0,0,0,28000,-28000,-28000
054704,玉晶光第一97購01,0,0,0,0,0,0,0,0,0,-28000,0,0,0,12000,40000,-28000,-28000
055319,國巨國票98購03  ,0,0,0,0,0,0,0,0,0,-28000,0,0,0,23000,51000,-28000,-28000
055594,華新科元大98購02,0,0,0,0,0,0,0,0,0,-28000,0,0,0,6000,34000,-28000,-28000
03591P,台積電國票03售10,0,0,0,0,0,0,0,0,0,-28000,0,0,0,0,28000,-28000,-28000
042516,健策凱基93購01  ,0,0,0,0,0,0,0,0,0,-28000,0,0,0,11000,39000,-28000,-28000
047684,景碩國泰94購01  ,0,0,0,0,0,0,0,0,0,-28000,0,0,0,20000,48000,-28000,-28000
044402,景碩凱基93購01  ,0,0,0,0,0,0,0,0,0,-28000,0,0,0,0,28000,-28000,-28000
044224,超眾凱基93購01  ,0,0,0,0,0,0,0,0,0,-28000,0,0,0,70000,98000,-28000,-28000
047042,佐登群益93購01  ,0,0,0,0,0,0,0,0,0,-28000,0,0,0,2000,30000,-28000,-28000
046906,新光金凱基99購02,0,0,0,0,0,0,0,0,0,-28000,0,0,0,0,28000,-28000,-28000
048002,景碩元大93購04  ,0,0,0,0,0,0,0,0,0,-28000,0,0,0,13000,41000,-28000,-28000
049432,聯詠國票95購01  ,0,0,0,0,0,0,0,0,0,-28000,0,0,0,0,28000,-28000,-28000
05165P,欣興元富95售03  ,0,0,0,0,0,0,0,0,0,-28000,0,0,0,0,28000,-28000,-28000
051708,創意群益95購02  ,0,0,0,0,0,0,0,0,0,-28000,0,0,0,27000,55000,-28000,-28000
049962,台光電元富94購01,0,0,0,0,0,0,0,0,0,-28000,0,0,0,152000,180000,-28000,-28000
051042,中磊永豐95購01  ,0,0,0,0,0,0,0,0,0,-28000,0,0,0,0,28000,-28000,-28000
048339,友達元大95購01  ,0,0,0,0,0,0,0,0,0,-28000,0,0,0,22000,50000,-28000,-28000
052771,GIS群益96購01   ,0,0,0,0,0,0,0,0,0,-28000,0,0,0,10000,38000,-28000,-28000
053292,美律中信98購01  ,0,0,0,0,0,0,0,0,0,-28000,0,0,0,78000,106000,-28000,-28000
053599,崇越元大96購01  ,0,0,0,0,0,0,0,0,0,-28000,0,0,0,0,28000,-28000,-28000
054510,S&P反1元大98購01,0,0,0,0,0,0,0,0,0,-28000,0,0,0,369000,397000,-28000,-28000
05963P,貿聯國票97售02  ,0,0,0,0,0,0,0,0,0,-28000,0,0,0,0,28000,-28000,-28000
06143P,鴻海永豐97售02  ,0,0,0,0,0,0,0,0,0,-28000,0,0,0,4000,32000,-28000,-28000
1309,台達化          ,90000,118000,-28000,0,0,0,0,0,0,0,0,0,0,0,0,0,-28000
055677,喬山凱基97購01  ,0,0,0,0,0,0,0,0,0,-29000,0,0,0,0,29000,-29000,-29000
055419,國巨永豐97購03  ,0,0,0,0,0,0,0,0,0,-29000,0,0,0,0,29000,-29000,-29000
05484P,台積電凱基95售18,0,0,0,0,0,0,0,0,0,-29000,0,0,0,23000,52000,-29000,-29000
056817,國巨永豐98購04  ,0,0,0,0,0,0,0,0,0,-29000,0,0,0,0,29000,-29000,-29000
056871,新日興日盛99購01,0,0,0,0,0,0,0,0,0,-29000,0,0,0,0,29000,-29000,-29000
056970,TPK永豐98購01   ,0,0,0,0,0,0,0,0,0,-29000,0,0,0,0,29000,-29000,-29000
047997,南亞科元大93購03,0,0,0,0,0,0,0,0,0,-29000,0,0,0,38000,67000,-29000,-29000
047094,聯發科麥證93購02,0,0,0,350000,379000,-29000,0,0,0,-29000,0,0,0,650000,679000,-29000,-29000
047504,滬深2X國票9A購01,0,0,0,0,0,0,0,0,0,-29000,0,0,0,12000,41000,-29000,-29000
048533,景碩國票94購01  ,0,0,0,0,0,0,0,0,0,-29000,0,0,0,20000,49000,-29000,-29000
049204,京元電群益94購02,0,0,0,0,0,0,0,0,0,-29000,0,0,0,0,29000,-29000,-29000
048784,台積電元大94購04,0,0,0,0,0,0,0,0,0,-29000,0,0,0,248000,277000,-29000,-29000
051127,同欣電群益95購01,0,0,0,0,0,0,0,0,0,-29000,0,0,0,55000,84000,-29000,-29000
050250,台郡凱基94購03  ,0,0,0,0,0,0,0,0,0,-29000,0,0,0,11000,40000,-29000,-29000
051647,華新科永豐95購02,0,0,0,0,0,0,0,0,0,-29000,0,0,0,109000,138000,-29000,-29000
050079,元油2X統一94購06,0,0,0,0,0,0,0,0,0,-29000,0,0,0,22000,51000,-29000,-29000
05413P,台郡國票96售02  ,0,0,0,0,0,0,0,0,0,-29000,0,0,0,21000,50000,-29000,-29000
053947,義隆富邦97購01  ,0,0,0,0,0,0,0,0,0,-29000,0,0,0,13000,42000,-29000,-29000
053595,創意元大96購02  ,0,0,0,0,0,0,0,0,0,-29000,0,0,0,105000,134000,-29000,-29000
053611,聯茂麥證96購01  ,0,0,0,21000,50000,-29000,0,0,0,-29000,0,0,0,21000,50000,-29000,-29000
053560,漢唐國泰98購01  ,0,0,0,0,0,0,0,0,0,-29000,0,0,0,1000,30000,-29000,-29000
052782,超眾國票96購02  ,0,0,0,0,0,0,0,0,0,-29000,0,0,0,77000,106000,-29000,-29000
052552,智邦國票97購01  ,0,0,0,0,0,0,0,0,0,-29000,0,0,0,76000,105000,-29000,-29000
1231,聯華食          ,1000,30000,-29000,0,0,0,0,0,0,0,0,0,0,0,0,0,-29000
1416,廣豐            ,2000,30000,-28000,0,0,0,0,0,0,-1000,0,1000,-1000,0,0,0,-29000
2836,高雄銀          ,51000,81000,-30000,0,0,0,0,0,0,1000,1000,0,1000,0,0,0,-29000
06353P,電子類富邦99售02,0,0,0,0,0,0,0,0,0,-29000,0,0,0,88000,117000,-29000,-29000
05998P,台積電元大97售12,0,0,0,0,0,0,0,0,0,-29000,0,0,0,284000,313000,-29000,-29000
3149,正達            ,6000,35000,-29000,0,0,0,0,0,0,0,0,0,0,0,0,0,-29000
2231,為升            ,16000,15000,1000,0,0,0,0,22393,-22393,-8000,4000,0,4000,2000,14000,-12000,-29393
056774,和鑫元大98購01  ,0,0,0,0,0,0,0,0,0,-30000,0,0,0,0,30000,-30000,-30000
056421,鴻海統一98購08  ,0,0,0,0,0,0,0,0,0,-30000,0,0,0,42000,72000,-30000,-30000
056578,智易元大99購02  ,0,0,0,0,0,0,0,0,0,-30000,0,0,0,0,30000,-30000,-30000
055917,禾伸堂凱基98購02,0,0,0,0,0,0,0,0,0,-30000,0,0,0,1000,31000,-30000,-30000
056109,彩晶永豐98購01  ,0,0,0,0,0,0,0,0,0,-30000,0,0,0,0,30000,-30000,-30000
056103,聯發科永豐97購03,0,0,0,0,0,0,0,0,0,-30000,0,0,0,75000,105000,-30000,-30000
054943,群光元大97購01  ,0,0,0,0,0,0,0,0,0,-30000,0,0,0,50000,80000,-30000,-30000
054971,帆宣元大97購02  ,0,0,0,0,0,0,0,0,0,-30000,0,0,0,377000,407000,-30000,-30000
054925,神達凱基97購01  ,0,0,0,0,0,0,0,0,0,-30000,0,0,0,20000,50000,-30000,-30000
055672,國巨日盛97購02  ,0,0,0,0,0,0,0,0,0,-30000,0,0,0,59000,89000,-30000,-30000
055614,華新科國票97購02,0,0,0,0,0,0,0,0,0,-30000,0,0,0,68000,98000,-30000,-30000
047288,台郡統一93購01  ,0,0,0,0,0,0,0,0,0,-30000,0,0,0,0,30000,-30000,-30000
047131,鴻海凱基94購03  ,0,0,0,0,0,0,0,0,0,-30000,0,0,0,20000,50000,-30000,-30000
05053P,新日興群益95售01,0,0,0,0,0,0,0,0,0,-30000,0,0,0,10000,40000,-30000,-30000
050572,大立光中信97購01,0,0,0,0,0,0,0,0,0,-30000,0,0,0,0,30000,-30000,-30000
050610,鴻海元大94購24  ,0,0,0,0,0,0,0,0,0,-30000,0,0,0,130000,160000,-30000,-30000
048672,日電貿永豐93購02,0,0,0,0,0,0,0,0,0,-30000,0,0,0,0,30000,-30000,-30000
048728,台達電麥證94購01,0,0,0,10000,40000,-30000,0,0,0,-30000,0,0,0,10000,40000,-30000,-30000
048744,儒鴻元富97購01  ,0,0,0,0,0,0,0,0,0,-30000,0,0,0,190000,220000,-30000,-30000
047832,漢唐元大94購03  ,0,0,0,0,0,0,0,0,0,-30000,0,0,0,0,30000,-30000,-30000
04571P,華新科國泰95售03,0,0,0,0,0,0,0,0,0,-30000,0,0,0,0,30000,-30000,-30000
047015,上銀元大93購03  ,0,0,0,0,0,0,0,0,0,-30000,0,0,0,0,30000,-30000,-30000
046960,台新金中信95購01,0,0,0,0,0,0,0,0,0,-30000,0,0,0,0,30000,-30000,-30000
046988,南亞科凱基93購02,0,0,0,0,0,0,0,0,0,-30000,0,0,0,0,30000,-30000,-30000
046195,聯詠凱基92購08  ,0,0,0,0,0,0,0,0,0,-30000,0,0,0,0,30000,-30000,-30000
04615P,華新科群益94售03,0,0,0,0,0,0,0,0,0,-30000,0,0,0,0,30000,-30000,-30000
04422P,玉晶光永豐94售03,0,0,0,0,0,0,0,0,0,-30000,0,0,0,84000,114000,-30000,-30000
04438P,微星群益94售01  ,0,0,0,0,0,0,0,0,0,-30000,0,0,0,0,30000,-30000,-30000
04320P,亞德客元大93售07,0,0,0,0,0,0,0,0,0,-30000,0,0,0,20000,50000,-30000,-30000
042997,新光鋼元大94購01,0,0,0,0,0,0,0,0,0,-30000,0,0,0,200000,230000,-30000,-30000
04341P,美律永豐93售03  ,0,0,0,0,0,0,0,0,0,-30000,0,0,0,0,30000,-30000,-30000
045380,漢唐元大93購03  ,0,0,0,0,0,0,0,0,0,-30000,0,0,0,0,30000,-30000,-30000
046664,聯詠元大93購01  ,0,0,0,0,0,0,0,0,0,-30000,0,0,0,0,30000,-30000,-30000
046642,南電永豐93購01  ,0,0,0,0,0,0,0,0,0,-30000,0,0,0,30000,60000,-30000,-30000
04463P,可成元富94售03  ,0,0,0,0,0,0,0,0,0,-30000,0,0,0,0,30000,-30000,-30000
044578,緯創凱基93購02  ,0,0,0,0,0,0,0,0,0,-30000,0,0,0,0,30000,-30000,-30000
04241P,欣興國泰95售02  ,0,0,0,0,0,0,0,0,0,-30000,0,0,0,0,30000,-30000,-30000
03368P,臺股指元大02售11,0,0,0,0,0,0,0,0,0,-30000,0,0,0,0,30000,-30000,-30000
04102P,臺股指國票93售09,0,0,0,0,0,0,0,0,0,-30000,0,0,0,0,30000,-30000,-30000
050044,聯詠兆豐94購02  ,0,0,0,0,0,0,0,0,0,-30000,0,0,0,20000,50000,-30000,-30000
048125,和鑫元大96購01  ,0,0,0,0,0,0,0,0,0,-30000,0,0,0,38000,68000,-30000,-30000
049878,宏達電永豐94購01,0,0,0,0,0,0,0,0,0,-30000,0,0,0,0,30000,-30000,-30000
049331,元石油統一94購01,0,0,0,0,0,0,0,0,0,-30000,0,0,0,0,30000,-30000,-30000
049343,華新科統一94購03,0,0,0,0,0,0,0,0,0,-30000,0,0,0,63000,93000,-30000,-30000
050027,義隆元大94購03  ,0,0,0,0,0,0,0,0,0,-30000,0,0,0,0,30000,-30000,-30000
050815,南亞科凱基95購01,0,0,0,0,0,0,0,0,0,-30000,0,0,0,0,30000,-30000,-30000
051633,可成國票96購03  ,0,0,0,0,0,0,0,0,0,-30000,0,0,0,60000,90000,-30000,-30000
051597,T50反1中信99購02,0,0,0,0,0,0,0,0,0,-30000,0,0,0,0,30000,-30000,-30000
051411,聯發科國票95購05,0,0,0,0,0,0,0,0,0,-30000,0,0,0,35000,65000,-30000,-30000
051481,聯詠凱基95購02  ,0,0,0,0,0,0,0,0,0,-30000,0,0,0,0,30000,-30000,-30000
051539,瀚宇博國票97購01,0,0,0,0,0,0,0,0,0,-30000,0,0,0,10000,40000,-30000,-30000
050318,景碩國票94購02  ,0,0,0,0,0,0,0,0,0,-30000,0,0,0,43000,73000,-30000,-30000
052096,力成元大95購01  ,0,0,0,0,0,0,0,0,0,-30000,0,0,0,0,30000,-30000,-30000
051074,矽力國票96購01  ,0,0,0,0,0,0,0,0,0,-30000,0,0,0,0,30000,-30000,-30000
04884P,聯發科凱基94售20,0,0,0,0,0,0,0,0,0,-30000,0,0,0,0,30000,-30000,-30000
050484,世紀鋼國票95購02,0,0,0,0,0,0,0,0,0,-30000,0,0,0,0,30000,-30000,-30000
049690,義隆元大95購02  ,0,0,0,0,0,0,0,0,0,-30000,0,0,0,0,30000,-30000,-30000
049601,矽創元大95購02  ,0,0,0,0,0,0,0,0,0,-30000,0,0,0,21000,51000,-30000,-30000
048888,牧德元富94購02  ,0,0,0,0,0,0,0,0,0,-30000,0,0,0,0,30000,-30000,-30000
049230,台達電富邦96購01,0,0,0,0,0,0,0,0,0,-30000,0,0,0,0,30000,-30000,-30000
049762,華邦電國泰95購01,0,0,0,0,0,0,0,0,0,-30000,0,0,0,70000,100000,-30000,-30000
049725,台郡國票94購03  ,0,0,0,0,0,0,0,0,0,-30000,0,0,0,6000,36000,-30000,-30000
050896,華新科元大96購02,0,0,0,0,0,0,0,0,0,-30000,0,0,0,11000,41000,-30000,-30000
048657,大成鋼統一93購04,0,0,0,0,0,0,0,0,0,-30000,0,0,0,0,30000,-30000,-30000
048602,上緯控國票96購01,0,0,0,0,0,0,0,0,0,-30000,0,0,0,0,30000,-30000,-30000
051306,嘉聯益凱基96購01,0,0,0,0,0,0,0,0,0,-30000,0,0,0,0,30000,-30000,-30000
04824P,亞泥中信94售02  ,0,0,0,0,0,0,0,0,0,-30000,0,0,0,0,30000,-30000,-30000
052649,康控永豐96購01  ,0,0,0,0,0,0,0,0,0,-30000,0,0,0,0,30000,-30000,-30000
052732,新唐國泰97購01  ,0,0,0,0,0,0,0,0,0,-30000,0,0,0,0,30000,-30000,-30000
053118,大立光中信9C購01,0,0,0,0,0,0,0,0,0,-30000,0,0,0,0,30000,-30000,-30000
052145,京元電群益95購02,0,0,0,0,0,0,0,0,0,-30000,0,0,0,0,30000,-30000,-30000
051729,華新國票96購01  ,0,0,0,0,0,0,0,0,0,-30000,0,0,0,0,30000,-30000,-30000
052216,康友元大96購01  ,0,0,0,0,0,0,0,0,0,-30000,0,0,0,0,30000,-30000,-30000
052249,大成鋼永豐95購01,0,0,0,0,0,0,0,0,0,-30000,0,0,0,36000,66000,-30000,-30000
05356P,臺股指元富95售10,0,0,0,0,0,0,0,0,0,-30000,0,0,0,0,30000,-30000,-30000
053848,聯發科元富96購03,0,0,0,0,0,0,0,0,0,-30000,0,0,0,0,30000,-30000,-30000
053206,聯發科麥證96購02,0,0,0,30000,60000,-30000,0,0,0,-30000,0,0,0,30000,60000,-30000,-30000
053540,健策永豐96購01  ,0,0,0,0,0,0,0,0,0,-30000,0,0,0,248000,278000,-30000,-30000
053450,同欣電凱基96購02,0,0,0,0,0,0,0,0,0,-30000,0,0,0,0,30000,-30000,-30000
053460,緯穎國泰97購01  ,0,0,0,0,0,0,0,0,0,-30000,0,0,0,1000,31000,-30000,-30000
053964,上銀元大96購05  ,0,0,0,0,0,0,0,0,0,-30000,0,0,0,64000,94000,-30000,-30000
054216,聯茂國票97購03  ,0,0,0,0,0,0,0,0,0,-30000,0,0,0,28000,58000,-30000,-30000
054360,智邦凱基96購03  ,0,0,0,0,0,0,0,0,0,-30000,0,0,0,111000,141000,-30000,-30000
2107,厚生            ,21000,53000,-32000,0,0,0,0,0,0,2000,2000,0,2000,0,0,0,-30000
2425,承啟            ,161000,192000,-31000,0,0,0,0,0,0,1000,2000,1000,1000,0,0,0,-30000
06578P,華新科國票98售02,0,0,0,0,0,0,0,0,0,-30000,0,0,0,0,30000,-30000,-30000
06351P,臺股指台新99售03,0,0,0,0,0,0,0,0,0,-30000,0,0,0,0,30000,-30000,-30000
06144P,台光電永豐97售01,0,0,0,0,0,0,0,0,0,-30000,0,0,0,0,30000,-30000,-30000
06060P,玉晶光元大97售03,0,0,0,0,0,0,0,0,0,-30000,0,0,0,0,30000,-30000,-30000
055564,茂林凱基98購01  ,0,0,0,0,0,0,0,0,0,-31000,0,0,0,5000,36000,-31000,-31000
055384,緯穎元大98購02  ,0,0,0,0,0,0,0,0,0,-31000,0,0,0,87000,118000,-31000,-31000
055364,矽創凱基97購03  ,0,0,0,0,0,0,0,0,0,-31000,0,0,0,10000,41000,-31000,-31000
055221,矽創凱基97購02  ,0,0,0,0,0,0,0,0,0,-31000,0,0,0,57000,88000,-31000,-31000
054538,台光電國票98購01,0,0,0,0,0,0,0,0,0,-31000,0,0,0,0,31000,-31000,-31000
056445,聯發科凱基98購07,0,0,0,0,0,0,0,0,0,-31000,0,0,0,40000,71000,-31000,-31000
056695,景碩群益99購01  ,0,0,0,0,0,0,0,0,0,-31000,0,0,0,52000,83000,-31000,-31000
040215,上証反凱基95購01,0,0,0,0,0,0,0,0,0,-31000,0,0,0,8000,39000,-31000,-31000
04644P,全新凱基94售01  ,0,0,0,0,0,0,0,0,0,-31000,0,0,0,0,31000,-31000,-31000
049515,同欣電凱基94購01,0,0,0,0,0,0,0,0,0,-31000,0,0,0,10000,41000,-31000,-31000
049508,上銀凱基94購04  ,0,0,0,0,0,0,0,0,0,-31000,0,0,0,30000,61000,-31000,-31000
047284,華通統一93購03  ,0,0,0,0,0,0,0,0,0,-31000,0,0,0,0,31000,-31000,-31000
048394,正崴國票94購01  ,0,0,0,0,0,0,0,0,0,-31000,0,0,0,110000,141000,-31000,-31000
048611,宏達電凱基93購04,0,0,0,0,0,0,0,0,0,-31000,0,0,0,0,31000,-31000,-31000
05139P,臺股指凱基95售06,0,0,0,0,0,0,0,0,0,-31000,0,0,0,369000,400000,-31000,-31000
049316,茂林凱基94購02  ,0,0,0,0,0,0,0,0,0,-31000,0,0,0,20000,51000,-31000,-31000
049870,南電兆豐94購01  ,0,0,0,0,0,0,0,0,0,-31000,0,0,0,0,31000,-31000,-31000
049013,川湖群益94購01  ,0,0,0,0,0,0,0,0,0,-31000,0,0,0,0,31000,-31000,-31000
054430,上銀台新96購02  ,0,0,0,0,0,0,0,0,0,-31000,0,0,0,0,31000,-31000,-31000
054024,中鋼康和96購01  ,0,0,0,0,0,0,0,0,0,-31000,0,0,0,62000,93000,-31000,-31000
054149,達方元大96購01  ,0,0,0,0,0,0,0,0,0,-31000,0,0,0,0,31000,-31000,-31000
054049,亞光元大96購03  ,0,0,0,0,0,0,0,0,0,-31000,0,0,0,0,31000,-31000,-31000
053523,T50反1中信9A購01,0,0,0,0,0,0,0,0,0,-31000,0,0,0,30000,61000,-31000,-31000
053477,大立光元大97購03,0,0,0,0,0,0,0,0,0,-31000,0,0,0,204000,235000,-31000,-31000
053211,漢唐凱基96購03  ,0,0,0,0,0,0,0,0,0,-31000,0,0,0,20000,51000,-31000,-31000
053302,國巨凱基96購10  ,0,0,0,0,0,0,0,0,0,-31000,0,0,0,132000,163000,-31000,-31000
051780,矽力群益95購01  ,0,0,0,0,0,0,0,0,0,-31000,0,0,0,17000,48000,-31000,-31000
052910,鴻海統一96購10  ,0,0,0,0,0,0,0,0,0,-31000,0,0,0,118000,149000,-31000,-31000
05275P,國巨凱基95售05  ,0,0,0,0,0,0,0,0,0,-31000,0,0,0,0,31000,-31000,-31000
05823P,臺股指凱基96售20,0,0,0,0,0,0,0,0,0,-31000,0,0,0,75000,106000,-31000,-31000
2433,互盛電          ,6000,4000,2000,0,0,0,0,0,0,-33000,0,33000,-33000,0,0,0,-31000
2614,東森            ,146000,177000,-31000,0,0,0,0,0,0,0,0,0,0,0,0,0,-31000
3033,威健            ,5000,36000,-31000,0,0,0,0,0,0,0,0,0,0,0,0,0,-31000
9902,台火            ,0,31000,-31000,0,0,0,0,0,0,0,0,0,0,0,0,0,-31000
056861,美律群益99購01  ,0,0,0,0,0,0,0,0,0,-32000,0,0,0,9000,41000,-32000,-32000
056672,元油2X元富98購10,0,0,0,0,0,0,0,0,0,-32000,0,0,0,0,32000,-32000,-32000
055908,GIS日盛97購01   ,0,0,0,0,0,0,0,0,0,-32000,0,0,0,79000,111000,-32000,-32000
054931,緯穎凱基98購01  ,0,0,0,0,0,0,0,0,0,-32000,0,0,0,114000,146000,-32000,-32000
054851,樺漢兆豐97購01  ,0,0,0,0,0,0,0,0,0,-32000,0,0,0,55000,87000,-32000,-32000
055493,華新科元大97購09,0,0,0,0,0,0,0,0,0,-32000,0,0,0,60000,92000,-32000,-32000
04807P,聯茂元富94售01  ,0,0,0,0,0,0,0,0,0,-32000,0,0,0,5000,37000,-32000,-32000
04043P,復盛元富93售02  ,0,0,0,0,0,0,0,0,0,-32000,0,0,0,78000,110000,-32000,-32000
006208,富邦台50        ,0,0,0,0,0,0,0,0,0,-32000,0,0,0,459000,491000,-32000,-32000
044636,創意統一94購01  ,0,0,0,0,0,0,0,0,0,-32000,0,0,0,0,32000,-32000,-32000
044493,京元電元大92購02,0,0,0,0,0,0,0,0,0,-32000,0,0,0,10000,42000,-32000,-32000
051360,緯創元大95購03  ,0,0,0,0,0,0,0,0,0,-32000,0,0,0,68000,100000,-32000,-32000
050494,可成永昌96購01  ,0,0,0,0,0,0,0,0,0,-32000,0,0,0,0,32000,-32000,-32000
051005,緯創中信95購02  ,0,0,0,0,0,0,0,0,0,-32000,0,0,0,0,32000,-32000,-32000
052983,國巨元大96購07  ,0,0,0,0,0,0,0,0,0,-32000,0,0,0,94000,126000,-32000,-32000
053053,京元電國票97購02,0,0,0,0,0,0,0,0,0,-32000,0,0,0,20000,52000,-32000,-32000
053474,聯發科元大97購06,0,0,0,0,0,0,0,0,0,-32000,0,0,0,335000,367000,-32000,-32000
054008,大立光元富96購06,0,0,0,0,0,0,0,0,0,-32000,0,0,0,15000,47000,-32000,-32000
054506,矽格永豐96購01  ,0,0,0,0,0,0,0,0,0,-32000,0,0,0,4000,36000,-32000,-32000
9925,新保            ,12000,44000,-32000,0,0,0,0,0,0,0,0,0,0,0,0,0,-32000
2849,安泰銀          ,2000,14000,-12000,0,0,0,0,0,0,-20000,0,20000,-20000,0,0,0,-32000
05772P,景碩凱基96售02  ,0,0,0,0,0,0,0,0,0,-32000,0,0,0,50000,82000,-32000,-32000
055485,國巨元大97購09  ,0,0,0,0,0,0,0,0,0,-33000,0,0,0,30000,63000,-33000,-33000
055331,國巨兆豐99購01  ,0,0,0,0,0,0,0,0,0,-33000,0,0,0,0,33000,-33000,-33000
054662,同欣電元大97購02,0,0,0,0,0,0,0,0,0,-33000,0,0,0,0,33000,-33000,-33000
05468P,鴻海元大96售14  ,0,0,0,0,0,0,0,0,0,-33000,0,0,0,303000,336000,-33000,-33000
055918,和鑫凱基97購01  ,0,0,0,0,0,0,0,0,0,-33000,0,0,0,60000,93000,-33000,-33000
055989,矽力元富9A購01  ,0,0,0,0,0,0,0,0,0,-33000,0,0,0,2000,35000,-33000,-33000
055801,景碩永豐97購02  ,0,0,0,0,0,0,0,0,0,-33000,0,0,0,27000,60000,-33000,-33000
056233,超眾凱基97購02  ,0,0,0,0,0,0,0,0,0,-33000,0,0,0,3000,36000,-33000,-33000
056319,智原群益98購02  ,0,0,0,0,0,0,0,0,0,-33000,0,0,0,0,33000,-33000,-33000
056474,華新科元大99購05,0,0,0,0,0,0,0,0,0,-33000,0,0,0,27000,60000,-33000,-33000
056896,南亞科元大98購01,0,0,0,0,0,0,0,0,0,-33000,0,0,0,19000,52000,-33000,-33000
03544P,鴻海群益02售07  ,0,0,0,0,0,0,0,0,0,-33000,0,0,0,0,33000,-33000,-33000
046446,技嘉麥證92購01  ,0,0,0,1000,34000,-33000,0,0,0,-33000,0,0,0,1000,34000,-33000,-33000
04629P,康控元大94售05  ,0,0,0,0,0,0,0,0,0,-33000,0,0,0,0,33000,-33000,-33000
048003,旭富元大93購01  ,0,0,0,0,0,0,0,0,0,-33000,0,0,0,116000,149000,-33000,-33000
047295,欣興元富96購02  ,0,0,0,0,0,0,0,0,0,-33000,0,0,0,50000,83000,-33000,-33000
049624,嘉澤群益94購01  ,0,0,0,0,0,0,0,0,0,-33000,0,0,0,0,33000,-33000,-33000
048572,美利達元大96購04,0,0,0,0,0,0,0,0,0,-33000,0,0,0,0,33000,-33000,-33000
050264,聯發科元大94購13,0,0,0,0,0,0,0,0,0,-33000,0,0,0,340000,373000,-33000,-33000
049019,美律群益94購02  ,0,0,0,0,0,0,0,0,0,-33000,0,0,0,52000,85000,-33000,-33000
049917,華新科元大94購02,0,0,0,0,0,0,0,0,0,-33000,0,0,0,15000,48000,-33000,-33000
048107,華通群益93購02  ,0,0,0,0,0,0,0,0,0,-33000,0,0,0,10000,43000,-33000,-33000
050779,超眾元大96購03  ,0,0,0,0,0,0,0,0,0,-33000,0,0,0,360000,393000,-33000,-33000
050984,大立光國泰97購01,0,0,0,0,0,0,0,0,0,-33000,0,0,0,100000,133000,-33000,-33000
053489,上銀兆豐97購01  ,0,0,0,0,0,0,0,0,0,-33000,0,0,0,1000,34000,-33000,-33000
053485,矽創國票97購04  ,0,0,0,0,0,0,0,0,0,-33000,0,0,0,10000,43000,-33000,-33000
05374P,台積電國票96售07,0,0,0,0,0,0,0,0,0,-33000,0,0,0,0,33000,-33000,-33000
052772,台虹群益96購01  ,0,0,0,0,0,0,0,0,0,-33000,0,0,0,0,33000,-33000,-33000
052691,GIS元大96購01   ,0,0,0,0,0,0,0,0,0,-33000,0,0,0,22000,55000,-33000,-33000
05251P,喬山台新95售02  ,0,0,0,0,0,0,0,0,0,-33000,0,0,0,0,33000,-33000,-33000
051791,智伸科國票96購01,0,0,0,0,0,0,0,0,0,-33000,0,0,0,0,33000,-33000,-33000
052271,力成日盛95購02  ,0,0,0,0,0,0,0,0,0,-33000,0,0,0,0,33000,-33000,-33000
052229,奇力新凱基96購01,0,0,0,0,0,0,0,0,0,-33000,0,0,0,14000,47000,-33000,-33000
05797P,臺股指群益96售11,0,0,0,0,0,0,0,0,0,-33000,0,0,0,6000,39000,-33000,-33000
1457,宜進            ,11000,44000,-33000,0,0,0,0,0,0,0,0,0,0,0,0,0,-33000
056935,華新科元富98購02,0,0,0,0,0,0,0,0,0,-34000,0,0,0,50000,84000,-34000,-34000
056281,深中小永豐97購01,0,0,0,0,0,0,0,0,0,-34000,0,0,0,10000,44000,-34000,-34000
055737,開發金元富97購01,0,0,0,0,0,0,0,0,0,-34000,0,0,0,20000,54000,-34000,-34000
055667,致茂群益98購01  ,0,0,0,0,0,0,0,0,0,-34000,0,0,0,94000,128000,-34000,-34000
050425,國巨凱基94購12  ,0,0,0,0,0,0,0,0,0,-34000,0,0,0,2000,36000,-34000,-34000
04805P,創意元富94售01  ,0,0,0,0,0,0,0,0,0,-34000,0,0,0,10000,44000,-34000,-34000
042433,元油2X永豐96購01,0,0,0,0,0,0,0,0,0,-34000,0,0,0,0,34000,-34000,-34000
00686R,群益臺灣加權反1 ,0,0,0,0,0,0,0,0,0,-34000,0,0,0,2000,36000,-34000,-34000
047774,台表科元大95購01,0,0,0,0,0,0,0,0,0,-34000,0,0,0,10000,44000,-34000,-34000
050936,國巨國票95購04  ,0,0,0,0,0,0,0,0,0,-34000,0,0,0,16000,50000,-34000,-34000
049425,喬山兆豐95購01  ,0,0,0,0,0,0,0,0,0,-34000,0,0,0,36000,70000,-34000,-34000
051416,創意國票96購02  ,0,0,0,0,0,0,0,0,0,-34000,0,0,0,88000,122000,-34000,-34000
050467,力成中信94購01  ,0,0,0,0,0,0,0,0,0,-34000,0,0,0,138000,172000,-34000,-34000
051195,台郡中信95購01  ,0,0,0,0,0,0,0,0,0,-34000,0,0,0,0,34000,-34000,-34000
050744,健策永豐94購04  ,0,0,0,0,0,0,0,0,0,-34000,0,0,0,289000,323000,-34000,-34000
052437,聯發科富邦99購02,0,0,0,0,0,0,0,0,0,-34000,0,0,0,30000,64000,-34000,-34000
053755,亞光元富96購01  ,0,0,0,0,0,0,0,0,0,-34000,0,0,0,2000,36000,-34000,-34000
053792,百和元大96購01  ,0,0,0,0,0,0,0,0,0,-34000,0,0,0,110000,144000,-34000,-34000
1234,黑松            ,9000,43000,-34000,0,0,0,0,0,0,0,0,0,0,0,0,0,-34000
05914P,友達元大96售04  ,0,0,0,0,0,0,0,0,0,-34000,0,0,0,22000,56000,-34000,-34000
06364P,鴻海凱基97售08  ,0,0,0,0,0,0,0,0,0,-34000,0,0,0,11000,45000,-34000,-34000
8249,菱光            ,7000,37000,-30000,0,0,0,0,0,0,-4000,0,4000,-4000,0,0,0,-34000
4104,佳醫            ,10000,43000,-33000,0,0,0,0,0,0,-1000,0,1000,-1000,0,0,0,-34000
054644,A50正2群益9B購01,0,0,0,0,0,0,0,0,0,-35000,0,0,0,11000,46000,-35000,-35000
055992,智原台新97購02  ,0,0,0,0,0,0,0,0,0,-35000,0,0,0,87000,122000,-35000,-35000
055977,南亞科統一97購01,0,0,0,0,0,0,0,0,0,-35000,0,0,0,0,35000,-35000,-35000
055951,大成鋼元大97購02,0,0,0,0,0,0,0,0,0,-35000,0,0,0,0,35000,-35000,-35000
05628P,茂林國票97售02  ,0,0,0,0,0,0,0,0,0,-35000,0,0,0,5000,40000,-35000,-35000
056994,緯穎兆豐98購02  ,0,0,0,0,0,0,0,0,0,-35000,0,0,0,0,35000,-35000,-35000
044950,玉晶光群益94購01,0,0,0,0,0,0,0,0,0,-35000,0,0,0,26000,61000,-35000,-35000
03671P,大立光凱基95售02,0,0,0,0,0,0,0,0,0,-35000,0,0,0,0,35000,-35000,-35000
047910,全新麥證94購01  ,0,0,0,232000,267000,-35000,0,0,0,-35000,0,0,0,232000,267000,-35000,-35000
050637,欣興國票94購02  ,0,0,0,0,0,0,0,0,0,-35000,0,0,0,0,35000,-35000,-35000
050676,道瓊銀統一96購02,0,0,0,0,0,0,0,0,0,-35000,0,0,0,0,35000,-35000,-35000
048521,華通統一93購05  ,0,0,0,0,0,0,0,0,0,-35000,0,0,0,0,35000,-35000,-35000
051507,彩晶元富95購01  ,0,0,0,0,0,0,0,0,0,-35000,0,0,0,25000,60000,-35000,-35000
051684,瑞昱凱基95購02  ,0,0,0,0,0,0,0,0,0,-35000,0,0,0,109000,144000,-35000,-35000
050280,國巨日盛94購01  ,0,0,0,0,0,0,0,0,0,-35000,0,0,0,54000,89000,-35000,-35000
049997,聯發科永豐94購04,0,0,0,0,0,0,0,0,0,-35000,0,0,0,108000,143000,-35000,-35000
049890,嘉澤國泰95購01  ,0,0,0,0,0,0,0,0,0,-35000,0,0,0,0,35000,-35000,-35000
053746,彰銀康和96購01  ,0,0,0,0,0,0,0,0,0,-35000,0,0,0,0,35000,-35000,-35000
052367,聯茂國票96購02  ,0,0,0,0,0,0,0,0,0,-35000,0,0,0,90000,125000,-35000,-35000
052695,台表科中信98購01,0,0,0,0,0,0,0,0,0,-35000,0,0,0,21000,56000,-35000,-35000
053130,聯發科麥證96購01,0,0,0,70000,105000,-35000,0,0,0,-35000,0,0,0,70000,105000,-35000,-35000
06448P,華通元大99售01  ,0,0,0,0,0,0,0,0,0,-35000,0,0,0,57000,92000,-35000,-35000
06202P,大立光元大98售06,0,0,0,0,0,0,0,0,0,-35000,0,0,0,34000,69000,-35000,-35000
05922P,京元電兆豐96售01,0,0,0,0,0,0,0,0,0,-35000,0,0,0,0,35000,-35000,-35000
05775P,台積電國泰98售02,0,0,0,0,0,0,0,0,0,-35000,0,0,0,0,35000,-35000,-35000
1733,五鼎            ,2000,37000,-35000,0,0,0,0,0,0,0,2000,2000,0,0,0,0,-35000
057039,元油2X元大9B購07,0,0,0,0,0,0,0,0,0,-36000,0,0,0,0,36000,-36000,-36000
056823,智伸科永豐98購01,0,0,0,0,0,0,0,0,0,-36000,0,0,0,0,36000,-36000,-36000
055952,上銀元大97購08  ,0,0,0,0,0,0,0,0,0,-36000,0,0,0,65000,101000,-36000,-36000
055782,新日興凱基99購01,0,0,0,0,0,0,0,0,0,-36000,0,0,0,30000,66000,-36000,-36000
054881,光罩統一97購01  ,0,0,0,0,0,0,0,0,0,-36000,0,0,0,0,36000,-36000,-36000
055714,智邦元大97購03  ,0,0,0,0,0,0,0,0,0,-36000,0,0,0,165000,201000,-36000,-36000
055710,亞德客元大97購03,0,0,0,0,0,0,0,0,0,-36000,0,0,0,131000,167000,-36000,-36000
049494,華新科元大95購05,0,0,0,0,0,0,0,0,0,-36000,0,0,0,8000,44000,-36000,-36000
045632,正崴凱基93購01  ,0,0,0,0,0,0,0,0,0,-36000,0,0,0,1000,37000,-36000,-36000
03416B,臺股指凱基95熊05,0,0,0,0,0,0,0,0,0,-36000,0,0,0,0,36000,-36000,-36000
046620,智伸科凱基93購01,0,0,0,0,0,0,0,0,0,-36000,0,0,0,4000,40000,-36000,-36000
050028,華新科元大94購03,0,0,0,0,0,0,0,0,0,-36000,0,0,0,4000,40000,-36000,-36000
050012,台積電國泰95購03,0,0,0,0,0,0,0,0,0,-36000,0,0,0,0,36000,-36000,-36000
051639,康友國票96購02  ,0,0,0,0,0,0,0,0,0,-36000,0,0,0,356000,392000,-36000,-36000
049113,大立光統一94購06,0,0,0,0,0,0,0,0,0,-36000,0,0,0,0,36000,-36000,-36000
050322,世紀鋼國票95購01,0,0,0,0,0,0,0,0,0,-36000,0,0,0,0,36000,-36000,-36000
051093,聯詠元大95購01  ,0,0,0,0,0,0,0,0,0,-36000,0,0,0,0,36000,-36000,-36000
050491,旺宏國泰96購01  ,0,0,0,0,0,0,0,0,0,-36000,0,0,0,1000,37000,-36000,-36000
05311P,臺股指群益95售10,0,0,0,0,0,0,0,0,0,-36000,0,0,0,38000,74000,-36000,-36000
051801,牧德永豐95購04  ,0,0,0,0,0,0,0,0,0,-36000,0,0,0,23000,59000,-36000,-36000
051919,台郡元大96購02  ,0,0,0,0,0,0,0,0,0,-36000,0,0,0,20000,56000,-36000,-36000
053677,同欣電國泰97購01,0,0,0,0,0,0,0,0,0,-36000,0,0,0,34000,70000,-36000,-36000
053897,台郡群益96購01  ,0,0,0,0,0,0,0,0,0,-36000,0,0,0,26000,62000,-36000,-36000
054095,同欣電群益98購03,0,0,0,0,0,0,0,0,0,-36000,0,0,0,128000,164000,-36000,-36000
1316,上曜            ,8000,44000,-36000,0,0,0,0,0,0,0,0,0,0,0,0,0,-36000
2612,中航            ,5000,41000,-36000,0,0,0,0,0,0,0,0,0,0,0,0,0,-36000
2207,和泰車          ,165000,171000,-6000,0,0,0,0,30000,-30000,0,0,0,0,0,0,0,-36000
06336P,鴻海元大98售05  ,0,0,0,0,0,0,0,0,0,-36000,0,0,0,0,36000,-36000,-36000
3094,聯傑            ,19000,55000,-36000,0,0,0,0,0,0,0,0,0,0,0,0,0,-36000
9188,精熙-DR         ,0,36000,-36000,0,0,0,0,0,0,0,0,0,0,0,0,0,-36000
2548,華固            ,32660,130000,-97340,0,0,0,0,0,0,61000,59000,0,59000,2000,0,2000,-36340
055654,景碩元富97購01  ,0,0,0,0,0,0,0,0,0,-37000,0,0,0,190000,227000,-37000,-37000
055381,茂林元大97購02  ,0,0,0,0,0,0,0,0,0,-37000,0,0,0,35000,72000,-37000,-37000
055172,凱美統一97購02  ,0,0,0,0,0,0,0,0,0,-37000,0,0,0,120000,157000,-37000,-37000
054987,凱美元富97購01  ,0,0,0,0,0,0,0,0,0,-37000,0,0,0,210000,247000,-37000,-37000
054527,國巨統一97購03  ,0,0,0,0,0,0,0,0,0,-37000,0,0,0,20000,57000,-37000,-37000
056092,亞德客元富97購02,0,0,0,0,0,0,0,0,0,-37000,0,0,0,117000,154000,-37000,-37000
056452,亞光凱基98購02  ,0,0,0,0,0,0,0,0,0,-37000,0,0,0,0,37000,-37000,-37000
056555,矽創凱基98購01  ,0,0,0,0,0,0,0,0,0,-37000,0,0,0,46000,83000,-37000,-37000
035277,景碩台新97購01  ,0,0,0,0,0,0,0,0,0,-37000,0,0,0,16000,53000,-37000,-37000
054221,華新科統一96購05,0,0,0,0,0,0,0,0,0,-37000,0,0,0,24000,61000,-37000,-37000
052147,上緯控群益95購01,0,0,0,0,0,0,0,0,0,-37000,0,0,0,50000,87000,-37000,-37000
053077,同欣電永豐96購01,0,0,0,0,0,0,0,0,0,-37000,0,0,0,68000,105000,-37000,-37000
052960,中環凱基96購01  ,0,0,0,0,0,0,0,0,0,-37000,0,0,0,0,37000,-37000,-37000
052690,台表科元大97購01,0,0,0,0,0,0,0,0,0,-37000,0,0,0,0,37000,-37000,-37000
1795,美時            ,210000,243000,-33000,0,0,0,0,5000,-5000,1000,1000,0,1000,0,0,0,-37000
056469,國巨元大99購01  ,0,0,0,0,0,0,0,0,0,-38000,0,0,0,149000,187000,-38000,-38000
056407,嘉晶國票99購01  ,0,0,0,0,0,0,0,0,0,-38000,0,0,0,91000,129000,-38000,-38000
056968,揚明光永豐98購02,0,0,0,0,0,0,0,0,0,-38000,0,0,0,0,38000,-38000,-38000
055788,緯穎凱基97購04  ,0,0,0,0,0,0,0,0,0,-38000,0,0,0,0,38000,-38000,-38000
054798,超眾群益97購01  ,0,0,0,0,0,0,0,0,0,-38000,0,0,0,31000,69000,-38000,-38000
054876,群電群益97購02  ,0,0,0,0,0,0,0,0,0,-38000,0,0,0,0,38000,-38000,-38000
055178,晶豪科統一97購01,0,0,0,0,0,0,0,0,0,-38000,0,0,0,38000,76000,-38000,-38000
055489,瑞昱元大97購02  ,0,0,0,0,0,0,0,0,0,-38000,0,0,0,68000,106000,-38000,-38000
036628,統一台新99購01  ,0,0,0,0,0,0,0,0,0,-38000,0,0,0,18000,56000,-38000,-38000
044126,奇力新凱基93購01,0,0,0,0,0,0,0,0,0,-38000,0,0,0,0,38000,-38000,-38000
046932,聯詠統一93購02  ,0,0,0,0,0,0,0,0,0,-38000,0,0,0,20000,58000,-38000,-38000
047144,華通群益94購01  ,0,0,0,0,0,0,0,0,0,-38000,0,0,0,10000,48000,-38000,-38000
050350,全新群益94購04  ,0,0,0,0,0,0,0,0,0,-38000,0,0,0,134000,172000,-38000,-38000
049144,瑞昱元大94購03  ,0,0,0,0,0,0,0,0,0,-38000,0,0,0,100000,138000,-38000,-38000
048656,大立光元富93購05,0,0,0,0,0,0,0,0,0,-38000,0,0,0,0,38000,-38000,-38000
048974,日電貿元大94購01,0,0,0,0,0,0,0,0,0,-38000,0,0,0,56000,94000,-38000,-38000
051413,富邦金國票96購02,0,0,0,0,0,0,0,0,0,-38000,0,0,0,0,38000,-38000,-38000
050932,台塑國票96購01  ,0,0,0,0,0,0,0,0,0,-38000,0,0,0,41000,79000,-38000,-38000
052556,聯發科國票97購01,0,0,0,0,0,0,0,0,0,-38000,0,0,0,0,38000,-38000,-38000
052778,智原國票97購01  ,0,0,0,0,0,0,0,0,0,-38000,0,0,0,60000,98000,-38000,-38000
052990,超眾元大97購01  ,0,0,0,0,0,0,0,0,0,-38000,0,0,0,375000,413000,-38000,-38000
052045,瑞昱凱基96購01  ,0,0,0,0,0,0,0,0,0,-38000,0,0,0,21000,59000,-38000,-38000
05248P,矽創群益96售01  ,0,0,0,0,0,0,0,0,0,-38000,0,0,0,1000,39000,-38000,-38000
054217,台表科國票97購05,0,0,0,0,0,0,0,0,0,-38000,0,0,0,0,38000,-38000,-38000
053886,亞光兆豐96購01  ,0,0,0,0,0,0,0,0,0,-38000,0,0,0,28000,66000,-38000,-38000
053743,康控國票97購02  ,0,0,0,0,0,0,0,0,0,-38000,0,0,0,0,38000,-38000,-38000
2030,彰源            ,2000,40000,-38000,0,0,0,0,0,0,0,0,0,0,0,0,0,-38000
1723,中碳            ,31000,69000,-38000,0,0,0,0,0,0,0,0,0,0,0,0,0,-38000
1460,宏遠            ,12000,50000,-38000,0,0,0,0,0,0,0,0,0,0,0,0,0,-38000
1108,幸福            ,0,38000,-38000,0,0,0,0,0,0,0,0,0,0,0,0,0,-38000
2617,台航            ,2000,42000,-40000,0,0,0,0,0,0,2000,2000,0,2000,0,0,0,-38000
05839P,臺股指富邦96售06,0,0,0,0,0,0,0,0,0,-38000,0,0,0,102000,140000,-38000,-38000
055568,緯穎凱基97購02  ,0,0,0,0,0,0,0,0,0,-39000,0,0,0,0,39000,-39000,-39000
055403,泰鼎元富97購01  ,0,0,0,0,0,0,0,0,0,-39000,0,0,0,44000,83000,-39000,-39000
054827,宏全元大9A購01  ,0,0,0,0,0,0,0,0,0,-39000,0,0,0,0,39000,-39000,-39000
05577P,上銀凱基96售02  ,0,0,0,0,0,0,0,0,0,-39000,0,0,0,0,39000,-39000,-39000
056061,國泰金元大97購02,0,0,0,0,0,0,0,0,0,-39000,0,0,0,69000,108000,-39000,-39000
056074,茂林元大97購04  ,0,0,0,0,0,0,0,0,0,-39000,0,0,0,81000,120000,-39000,-39000
056557,世紀鋼凱基98購02,0,0,0,0,0,0,0,0,0,-39000,0,0,0,4000,43000,-39000,-39000
056624,景碩永豐98購01  ,0,0,0,0,0,0,0,0,0,-39000,0,0,0,14000,53000,-39000,-39000
03831P,臺股指中信95售02,0,0,0,0,0,0,0,0,0,-39000,0,0,0,101000,140000,-39000,-39000
00646,元大S&P500      ,0,9000,-9000,0,0,0,0,0,0,-30000,0,0,0,6000,36000,-30000,-39000
04032P,聯茂凱基94售02  ,0,0,0,0,0,0,0,0,0,-39000,0,0,0,5000,44000,-39000,-39000
051482,玉晶光凱基96購01,0,0,0,0,0,0,0,0,0,-39000,0,0,0,48000,87000,-39000,-39000
051537,牧德國票96購01  ,0,0,0,0,0,0,0,0,0,-39000,0,0,0,2000,41000,-39000,-39000
048210,鴻海日盛93購01  ,0,0,0,0,0,0,0,0,0,-39000,0,0,0,50000,89000,-39000,-39000
048592,漢唐群益93購04  ,0,0,0,0,0,0,0,0,0,-39000,0,0,0,0,39000,-39000,-39000
048836,牧德凱基94購03  ,0,0,0,0,0,0,0,0,0,-39000,0,0,0,11000,50000,-39000,-39000
053600,同欣電元大96購04,0,0,0,0,0,0,0,0,0,-39000,0,0,0,93000,132000,-39000,-39000
053227,晶技台新96購01  ,0,0,0,0,0,0,0,0,0,-39000,0,0,0,0,39000,-39000,-39000
054057,晶豪科國票97購01,0,0,0,0,0,0,0,0,0,-39000,0,0,0,0,39000,-39000,-39000
052464,大立光統一95購05,0,0,0,0,0,0,0,0,0,-39000,0,0,0,47000,86000,-39000,-39000
05828P,台積電統一97售02,0,0,0,0,0,0,0,0,0,-39000,0,0,0,252000,291000,-39000,-39000
06509P,鴻海群益98售03  ,0,0,0,0,0,0,0,0,0,-39000,0,0,0,10000,49000,-39000,-39000
1464,得力            ,35000,61000,-26000,0,0,0,0,0,0,-13000,0,1000,-1000,0,12000,-12000,-39000
056547,臻鼎凱基99購01  ,0,0,0,0,0,0,0,0,0,-40000,0,0,0,10000,50000,-40000,-40000
056321,創意群益98購02  ,0,0,0,0,0,0,0,0,0,-40000,0,0,0,319000,359000,-40000,-40000
056361,美律元大99購02  ,0,0,0,0,0,0,0,0,0,-40000,0,0,0,45000,85000,-40000,-40000
056039,宏達電凱基97購02,0,0,0,0,0,0,0,0,0,-40000,0,0,0,0,40000,-40000,-40000
055911,可成凱基98購02  ,0,0,0,0,0,0,0,0,0,-40000,0,0,0,0,40000,-40000,-40000
05486P,大立光凱基95售14,0,0,0,0,0,0,0,0,0,-40000,0,0,0,0,40000,-40000,-40000
055359,超眾凱基97購01  ,0,0,0,0,0,0,0,0,0,-40000,0,0,0,0,40000,-40000,-40000
055512,聯詠兆豐97購01  ,0,0,0,0,0,0,0,0,0,-40000,0,0,0,0,40000,-40000,-40000
055683,晶技凱基99購01  ,0,0,0,0,0,0,0,0,0,-40000,0,0,0,10000,50000,-40000,-40000
03197P,台積電統一01售14,0,0,0,0,0,0,0,0,0,-40000,0,0,0,100000,140000,-40000,-40000
03016P,滬深2X群益01售09,0,0,0,0,0,0,0,0,0,-40000,0,0,0,0,40000,-40000,-40000
045086,玉晶光元大94購02,0,0,0,0,0,0,0,0,0,-40000,0,0,0,119000,159000,-40000,-40000
04259P,滬深2X群益93售03,0,0,0,0,0,0,0,0,0,-40000,0,0,0,46000,86000,-40000,-40000
045220,漢唐元大94購01  ,0,0,0,0,0,0,0,0,0,-40000,0,0,0,0,40000,-40000,-40000
046621,智伸科凱基93購02,0,0,0,0,0,0,0,0,0,-40000,0,0,0,0,40000,-40000,-40000
044735,光磊國泰93購01  ,0,0,0,0,0,0,0,0,0,-40000,0,0,0,50000,90000,-40000,-40000
046756,廣達凱基93購01  ,0,0,0,0,0,0,0,0,0,-40000,0,0,0,0,40000,-40000,-40000
046767,南茂凱基93購03  ,0,0,0,0,0,0,0,0,0,-40000,0,0,0,0,40000,-40000,-40000
046719,元石油元大95購02,0,0,0,0,0,0,0,0,0,-40000,0,0,0,0,40000,-40000,-40000
047242,上銀群益93購04  ,0,0,0,0,0,0,0,0,0,-40000,0,0,0,10000,50000,-40000,-40000
047231,大立光凱基95購03,0,0,0,0,0,0,0,0,0,-40000,0,0,0,10000,50000,-40000,-40000
046564,聯詠凱基92購09  ,0,0,0,0,0,0,0,0,0,-40000,0,0,0,0,40000,-40000,-40000
048676,和鑫國泰94購02  ,0,0,0,0,0,0,0,0,0,-40000,0,0,0,60000,100000,-40000,-40000
050523,義隆元大94購05  ,0,0,0,0,0,0,0,0,0,-40000,0,0,0,0,40000,-40000,-40000
04784P,超眾元富94售01  ,0,0,0,0,0,0,0,0,0,-40000,0,0,0,60000,100000,-40000,-40000
045967,日電貿凱基92購01,0,0,0,0,0,0,0,0,0,-40000,0,0,0,0,40000,-40000,-40000
049625,智易群益95購01  ,0,0,0,0,0,0,0,0,0,-40000,0,0,0,10000,50000,-40000,-40000
051207,聯茂麥證95購01  ,0,0,0,0,40000,-40000,0,0,0,-40000,0,0,0,0,40000,-40000,-40000
048381,T50反1國票94購03,0,0,0,0,0,0,0,0,0,-40000,0,0,0,2746000,2786000,-40000,-40000
048422,瑞昱元富96購02  ,0,0,0,0,0,0,0,0,0,-40000,0,0,0,98000,138000,-40000,-40000
048349,美利達元大96購02,0,0,0,0,0,0,0,0,0,-40000,0,0,0,0,40000,-40000,-40000
049775,旺宏統一95購02  ,0,0,0,0,0,0,0,0,0,-40000,0,0,0,1000,41000,-40000,-40000
05024P,華通國票96售01  ,0,0,0,0,0,0,0,0,0,-40000,0,0,0,20000,60000,-40000,-40000
051592,健策元大96購05  ,0,0,0,0,0,0,0,0,0,-40000,0,0,0,217000,257000,-40000,-40000
050957,T50反1台新05購01,0,0,0,0,0,0,0,0,0,-40000,0,0,0,0,40000,-40000,-40000
049337,台達電統一94購03,0,0,0,0,0,0,0,0,0,-40000,0,0,0,0,40000,-40000,-40000
049033,大成鋼兆豐94購01,0,0,0,0,0,0,0,0,0,-40000,0,0,0,0,40000,-40000,-40000
049931,矽力元大94購01  ,0,0,0,0,0,0,0,0,0,-40000,0,0,0,0,40000,-40000,-40000
050169,臺指反元大97購01,0,0,0,0,0,0,0,0,0,-40000,0,0,0,0,40000,-40000,-40000
052481,利勤群益95購01  ,0,0,0,0,0,0,0,0,0,-40000,0,0,0,0,40000,-40000,-40000
052457,日月光元富95購01,0,0,0,0,0,0,0,0,0,-40000,0,0,0,0,40000,-40000,-40000
052399,台光電凱基95購03,0,0,0,0,0,0,0,0,0,-40000,0,0,0,63000,103000,-40000,-40000
052317,台積電元大96購11,0,0,0,0,0,0,0,0,0,-40000,0,0,0,62000,102000,-40000,-40000
05229P,台積電群益95售05,0,0,0,0,0,0,0,0,0,-40000,0,0,0,40000,80000,-40000,-40000
051784,國巨兆豐95購01  ,0,0,0,0,0,0,0,0,0,-40000,0,0,0,1000,41000,-40000,-40000
053078,昇陽半永豐97購02,0,0,0,0,0,0,0,0,0,-40000,0,0,0,0,40000,-40000,-40000
053165,大立光群益96購03,0,0,0,0,0,0,0,0,0,-40000,0,0,0,17000,57000,-40000,-40000
053158,茂林元大96購01  ,0,0,0,0,0,0,0,0,0,-40000,0,0,0,25000,65000,-40000,-40000
052646,淘帝永豐96購01  ,0,0,0,0,0,0,0,0,0,-40000,0,0,0,0,40000,-40000,-40000
052624,微星亞東97購01  ,0,0,0,0,0,0,0,0,0,-40000,0,0,0,10000,50000,-40000,-40000
054045,奇力新元大97購03,0,0,0,0,0,0,0,0,0,-40000,0,0,0,201000,241000,-40000,-40000
054063,聯茂國票97購02  ,0,0,0,0,0,0,0,0,0,-40000,0,0,0,0,40000,-40000,-40000
053918,美律國票97購01  ,0,0,0,0,0,0,0,0,0,-40000,0,0,0,20000,60000,-40000,-40000
053342,全新國票99購01  ,0,0,0,0,0,0,0,0,0,-40000,0,0,0,0,40000,-40000,-40000
053541,泰鼎永豐96購02  ,0,0,0,0,0,0,0,0,0,-40000,0,0,0,0,40000,-40000,-40000
053423,亞光永豐96購01  ,0,0,0,0,0,0,0,0,0,-40000,0,0,0,0,40000,-40000,-40000
053556,康控凱基97購02  ,0,0,0,0,0,0,0,0,0,-40000,0,0,0,0,40000,-40000,-40000
053804,富邦金凱基96購01,0,0,0,0,0,0,0,0,0,-40000,0,0,0,0,40000,-40000,-40000
2535,達欣工          ,25000,65000,-40000,0,0,0,0,0,0,0,0,0,0,0,0,0,-40000
05733P,臺股指統一96售03,0,0,0,0,0,0,0,0,0,-40000,0,0,0,0,40000,-40000,-40000
055616,智原國票97購03  ,0,0,0,0,0,0,0,0,0,-41000,0,0,0,0,41000,-41000,-41000
055352,奇力新凱基97購01,0,0,0,0,0,0,0,0,0,-41000,0,0,0,0,41000,-41000,-41000
054735,漢唐凱基98購01  ,0,0,0,0,0,0,0,0,0,-41000,0,0,0,100000,141000,-41000,-41000
054755,世紀鋼凱基98購01,0,0,0,0,0,0,0,0,0,-41000,0,0,0,20000,61000,-41000,-41000
055892,國巨統一99購01  ,0,0,0,0,0,0,0,0,0,-41000,0,0,0,221000,262000,-41000,-41000
056180,南茂元富97購01  ,0,0,0,0,0,0,0,0,0,-41000,0,0,0,46000,87000,-41000,-41000
056581,超眾元大99購01  ,0,0,0,0,0,0,0,0,0,-41000,0,0,0,46000,87000,-41000,-41000
056519,創意國票99購01  ,0,0,0,0,0,0,0,0,0,-41000,0,0,0,18000,59000,-41000,-41000
056701,國產國泰9A購01  ,0,0,0,0,0,0,0,0,0,-41000,0,0,0,20000,61000,-41000,-41000
046002,美律統一93購01  ,0,0,0,0,0,0,0,0,0,-41000,0,0,0,15000,56000,-41000,-41000
047020,智邦元大93購04  ,0,0,0,0,0,0,0,0,0,-41000,0,0,0,10000,51000,-41000,-41000
047117,禾伸堂元大93購02,0,0,0,0,0,0,0,0,0,-41000,0,0,0,1000,42000,-41000,-41000
046818,奇力新凱基93購04,0,0,0,0,0,0,0,0,0,-41000,0,0,0,0,41000,-41000,-41000
045163,瀚宇博國泰93購01,0,0,0,0,0,0,0,0,0,-41000,0,0,0,0,41000,-41000,-41000
049927,健策元大94購02  ,0,0,0,0,0,0,0,0,0,-41000,0,0,0,75000,116000,-41000,-41000
051500,聯茂群益95購01  ,0,0,0,0,0,0,0,0,0,-41000,0,0,0,30000,71000,-41000,-41000
050248,臻鼎凱基94購03  ,0,0,0,0,0,0,0,0,0,-41000,0,0,0,30000,71000,-41000,-41000
052088,漢唐元大95購02  ,0,0,0,0,0,0,0,0,0,-41000,0,0,0,68000,109000,-41000,-41000
053658,亞光凱基96購01  ,0,0,0,0,0,0,0,0,0,-41000,0,0,0,43000,84000,-41000,-41000
053269,同欣電群益96購01,0,0,0,0,0,0,0,0,0,-41000,0,0,0,85000,126000,-41000,-41000
053291,旺宏中信9A購01  ,0,0,0,0,0,0,0,0,0,-41000,0,0,0,35000,76000,-41000,-41000
054324,美律台新97購01  ,0,0,0,0,0,0,0,0,0,-41000,0,0,0,74000,115000,-41000,-41000
05450P,臺股指元大95售27,0,0,0,0,0,0,0,0,0,-41000,0,0,0,95000,136000,-41000,-41000
052540,華新科統一95購03,0,0,0,0,0,0,0,0,0,-41000,0,0,0,56000,97000,-41000,-41000
05201P,玉晶光國泰97售02,0,0,0,0,0,0,0,0,0,-41000,0,0,0,0,41000,-41000,-41000
051945,智邦統一95購03  ,0,0,0,0,0,0,0,0,0,-41000,0,0,0,49000,90000,-41000,-41000
05765P,臺股指永豐96售01,0,0,0,0,0,0,0,0,0,-41000,0,0,0,0,41000,-41000,-41000
2459,敦吉            ,7000,48000,-41000,0,0,0,0,0,0,0,0,0,0,0,0,0,-41000
1809,中釉            ,32000,73000,-41000,0,0,0,0,0,0,0,0,0,0,0,0,0,-41000
06538P,國巨凱基98售11  ,0,0,0,0,0,0,0,0,0,-41000,0,0,0,0,41000,-41000,-41000
056120,聯茂群益97購02  ,0,0,0,0,0,0,0,0,0,-42000,0,0,0,182000,224000,-42000,-42000
05458P,台積電凱基97售02,0,0,0,0,0,0,0,0,0,-42000,0,0,0,0,42000,-42000,-42000
054964,智易元大99購01  ,0,0,0,0,0,0,0,0,0,-42000,0,0,0,0,42000,-42000,-42000
055460,華擎永豐97購01  ,0,0,0,0,0,0,0,0,0,-42000,0,0,0,8000,50000,-42000,-42000
047695,聯發科國票93購06,0,0,0,0,0,0,0,0,0,-42000,0,0,0,0,42000,-42000,-42000
052104,英業達兆豐96購01,0,0,0,0,0,0,0,0,0,-42000,0,0,0,30000,72000,-42000,-42000
049812,致伸元大94購03  ,0,0,0,0,0,0,0,0,0,-42000,0,0,0,271000,313000,-42000,-42000
051315,同欣電麥證95購01,0,0,0,60000,102000,-42000,0,0,0,-42000,0,0,0,60000,102000,-42000,-42000
048566,上海銀元大93購04,0,0,0,0,0,0,0,0,0,-42000,0,0,0,0,42000,-42000,-42000
048902,昇陽半國泰96購01,0,0,0,0,0,0,0,0,0,-42000,0,0,0,28000,70000,-42000,-42000
050459,台表科元大94購03,0,0,0,0,0,0,0,0,0,-42000,0,0,0,2000,44000,-42000,-42000
053980,泰鼎元大97購02  ,0,0,0,0,0,0,0,0,0,-42000,0,0,0,37000,79000,-42000,-42000
054050,創意元大96購06  ,0,0,0,0,0,0,0,0,0,-42000,0,0,0,46000,88000,-42000,-42000
053379,南亞科元大96購01,0,0,0,0,0,0,0,0,0,-42000,0,0,0,22000,64000,-42000,-42000
06307P,聚陽元富97售02  ,0,0,0,0,0,0,0,0,0,-42000,0,0,0,20000,62000,-42000,-42000
8110,華東            ,56000,100000,-44000,0,0,0,0,0,0,2000,2000,0,2000,0,0,0,-42000
00737,國泰AI+Robo     ,0,0,0,0,0,0,0,0,0,-42384,0,0,0,53000,95384,-42384,-42384
056336,南亞科凱基98購02,0,0,0,0,0,0,0,0,0,-43000,0,0,0,3000,46000,-43000,-43000
056374,聯發科統一9B購01,0,0,0,0,0,0,0,0,0,-43000,0,0,0,68000,111000,-43000,-43000
056625,致伸永豐98購01  ,0,0,0,0,0,0,0,0,0,-43000,0,0,0,69000,112000,-43000,-43000
045018,矽創元大93購01  ,0,0,0,0,0,0,0,0,0,-43000,0,0,0,23000,66000,-43000,-43000
043907,鴻海凱基93購01  ,0,0,0,0,0,0,0,0,0,-43000,0,0,0,30000,73000,-43000,-43000
048895,光罩國泰95購01  ,100000,0,100000,0,0,0,0,0,0,-143000,0,0,0,20000,163000,-143000,-43000
050335,正崴國泰96購01  ,0,0,0,0,0,0,0,0,0,-43000,0,0,0,43000,86000,-43000,-43000
048991,昇陽半元大94購01,0,0,0,0,0,0,0,0,0,-43000,0,0,0,0,43000,-43000,-43000
051649,中磊永豐95購02  ,0,0,0,0,0,0,0,0,0,-43000,0,0,0,0,43000,-43000,-43000
051603,深中小群益99購03,0,0,0,0,0,0,0,0,0,-43000,0,0,0,280000,323000,-43000,-43000
053333,新唐永豐96購01  ,0,0,0,0,0,0,0,0,0,-43000,0,0,0,25000,68000,-43000,-43000
054101,茂林國票97購04  ,0,0,0,0,0,0,0,0,0,-43000,0,0,0,110000,153000,-43000,-43000
053969,瑞昱元大97購01  ,0,0,0,0,0,0,0,0,0,-43000,0,0,0,200000,243000,-43000,-43000
054491,瀚宇博台新96購02,0,0,0,0,0,0,0,0,0,-43000,0,0,0,0,43000,-43000,-43000
9933,中鼎            ,284000,327000,-43000,0,0,0,0,0,0,0,0,0,0,0,0,0,-43000
3607,谷崧            ,0,43000,-43000,0,0,0,0,0,0,0,0,0,0,0,0,0,-43000
5533,皇鼎            ,3000,46000,-43000,0,0,0,0,0,0,0,0,0,0,0,0,0,-43000
06387P,緯穎永豐97售02  ,0,0,0,0,0,0,0,0,0,-43000,0,0,0,42000,85000,-43000,-43000
1731,美吾華          ,10000,45000,-35000,0,0,0,0,0,0,-8000,0,8000,-8000,0,0,0,-43000
2367,燿華            ,977000,897000,80000,0,0,0,0,0,0,-123000,1000,0,1000,33000,157000,-124000,-43000
2496,卓越            ,3000,46000,-43000,0,0,0,0,0,0,0,0,0,0,0,0,0,-43000
2748,雲品            ,8000,1000,7000,0,0,0,0,50000,-50000,0,0,0,0,0,0,0,-43000
9945,潤泰新          ,188722,269000,-80278,0,0,0,0,0,0,37000,17000,0,17000,20000,0,20000,-43278
056306,晶相光元大98購01,0,0,0,0,0,0,0,0,0,-44000,0,0,0,43000,87000,-44000,-44000
056114,台達電群益97購02,0,0,0,0,0,0,0,0,0,-44000,0,0,0,0,44000,-44000,-44000
055902,同欣電中信99購01,0,0,0,0,0,0,0,0,0,-44000,0,0,0,98000,142000,-44000,-44000
055486,國巨元大98購06  ,0,0,0,0,0,0,0,0,0,-44000,0,0,0,95000,139000,-44000,-44000
046724,聯發科元大93購02,0,0,0,0,0,0,0,0,0,-44000,0,0,0,1000,45000,-44000,-44000
049511,奇力新凱基94購03,0,0,0,0,0,0,0,0,0,-44000,0,0,0,9000,53000,-44000,-44000
047030,日月光元大93購02,0,0,0,0,0,0,0,0,0,-44000,0,0,0,10000,54000,-44000,-44000
04592P,台積電元大94售10,0,0,0,0,0,0,0,0,0,-44000,0,0,0,0,44000,-44000,-44000
051556,台表科永豐96購01,0,0,0,0,0,0,0,0,0,-44000,0,0,0,0,44000,-44000,-44000
049224,致新國票95購01  ,0,0,0,0,0,0,0,0,0,-44000,0,0,0,20000,64000,-44000,-44000
050661,景碩元大94購02  ,0,0,0,0,0,0,0,0,0,-44000,0,0,0,100000,144000,-44000,-44000
053912,T50反1國票97購02,0,0,0,0,0,0,0,0,0,-44000,0,0,0,190000,234000,-44000,-44000
05331P,上証2X國票96售01,0,0,0,0,0,0,0,0,0,-44000,0,0,0,30000,74000,-44000,-44000
053735,矽力中信97購01  ,0,0,0,0,0,0,0,0,0,-44000,0,0,0,26000,70000,-44000,-44000
051788,奇力新國票97購02,0,0,0,0,0,0,0,0,0,-44000,0,0,0,8000,52000,-44000,-44000
052368,力成國票96購01  ,0,0,0,0,0,0,0,0,0,-44000,0,0,0,6000,50000,-44000,-44000
053081,上銀元大97購02  ,0,0,0,0,0,0,0,0,0,-44000,0,0,0,42000,86000,-44000,-44000
3533,嘉澤            ,235000,176000,59000,0,0,0,0,18000,-18000,-85000,23000,112000,-89000,6000,2000,4000,-44000
1507,永大            ,26000,70000,-44000,0,0,0,0,0,0,0,0,0,0,0,0,0,-44000
06552P,茂林元大99售02  ,0,0,0,0,0,0,0,0,0,-44000,0,0,0,0,44000,-44000,-44000
055702,美律富邦98購01  ,0,0,0,0,0,0,0,0,0,-45000,0,0,0,0,45000,-45000,-45000
056483,TPK元大98購01   ,0,0,0,0,0,0,0,0,0,-45000,0,0,0,69000,114000,-45000,-45000
056939,康控元富98購01  ,0,0,0,0,0,0,0,0,0,-45000,0,0,0,0,45000,-45000,-45000
046379,奇力新凱基93購03,0,0,0,0,0,0,0,0,0,-45000,0,0,0,0,45000,-45000,-45000
05037P,華新科元大95售09,0,0,0,0,0,0,0,0,0,-45000,0,0,0,65000,110000,-45000,-45000
041870,A50正2凱基96購01,0,0,0,0,0,0,0,0,0,-45000,0,0,0,7000,52000,-45000,-45000
049233,聯發科統一94購04,0,0,0,0,0,0,0,0,0,-45000,0,0,0,32000,77000,-45000,-45000
049177,美律凱基94購02  ,0,0,0,0,0,0,0,0,0,-45000,0,0,0,0,45000,-45000,-45000
051267,美律富邦96購01  ,0,0,0,0,0,0,0,0,0,-45000,0,0,0,0,45000,-45000,-45000
051615,華通凱基96購01  ,0,0,0,0,0,0,0,0,0,-45000,0,0,0,5000,50000,-45000,-45000
051363,矽創元大95購03  ,0,0,0,0,0,0,0,0,0,-45000,0,0,0,5000,50000,-45000,-45000
048247,聯發科兆豐93購03,0,0,0,0,0,0,0,0,0,-45000,0,0,0,77000,122000,-45000,-45000
050969,台郡永豐95購01  ,0,0,0,0,0,0,0,0,0,-45000,0,0,0,0,45000,-45000,-45000
048128,超眾元大95購01  ,0,0,0,0,0,0,0,0,0,-45000,0,0,0,30000,75000,-45000,-45000
053867,創意元大96購04  ,0,0,0,0,0,0,0,0,0,-45000,0,0,0,28000,73000,-45000,-45000
053473,聯發科元大96購15,0,0,0,0,0,0,0,0,0,-45000,0,0,0,108000,153000,-45000,-45000
054182,台積電康和96購01,0,0,0,0,0,0,0,0,0,-45000,0,0,0,0,45000,-45000,-45000
06480P,上銀凱基98售04  ,0,0,0,0,0,0,0,0,0,-45000,0,0,0,0,45000,-45000,-45000
2453,凌群            ,30000,75000,-45000,0,0,0,0,0,0,0,0,0,0,0,0,0,-45000
6415,矽力-KY         ,385000,378000,7000,0,0,0,23000,77000,-54000,2000,2000,12000,-10000,16000,4000,12000,-45000
056682,鴻海統一98購10  ,0,0,0,0,0,0,0,0,0,-46000,0,0,0,0,46000,-46000,-46000
055190,華新科元富97購01,0,0,0,0,0,0,0,0,0,-46000,0,0,0,91000,137000,-46000,-46000
04654P,臺股指凱基94售13,0,0,0,0,0,0,0,0,0,-46000,0,0,0,0,46000,-46000,-46000
046869,聯發科統一95購01,0,0,0,0,0,0,0,0,0,-46000,0,0,0,27000,73000,-46000,-46000
050653,聯鈞凱基96購01  ,0,0,0,0,0,0,0,0,0,-46000,0,0,0,4000,50000,-46000,-46000
048837,牧德凱基94購04  ,0,0,0,0,0,0,0,0,0,-46000,0,0,0,21000,67000,-46000,-46000
054155,美律第一96購01  ,0,0,0,0,0,0,0,0,0,-46000,0,0,0,0,46000,-46000,-46000
053350,台表科國票97購02,0,0,0,0,0,0,0,0,0,-46000,0,0,0,0,46000,-46000,-46000
053248,智伸科國票97購01,0,0,0,0,0,0,0,0,0,-46000,0,0,0,0,46000,-46000,-46000
053224,矽力凱基96購02  ,0,0,0,0,0,0,0,0,0,-46000,0,0,0,10000,56000,-46000,-46000
053056,同欣電國票97購01,0,0,0,0,0,0,0,0,0,-46000,0,0,0,35000,81000,-46000,-46000
052795,健策兆豐97購01  ,0,0,0,0,0,0,0,0,0,-46000,0,0,0,152000,198000,-46000,-46000
6541,泰福-KY         ,3000,49000,-46000,0,0,0,0,0,0,0,0,0,0,0,0,0,-46000
055361,樺漢凱基97購01  ,0,0,0,0,0,0,0,0,0,-47000,0,0,0,15000,62000,-47000,-47000
055065,神達永豐97購01  ,0,0,0,0,0,0,0,0,0,-47000,0,0,0,37000,84000,-47000,-47000
056805,元石油統一9B購01,0,0,0,0,0,0,0,0,0,-47000,0,0,0,0,47000,-47000,-47000
056473,奇力新元大99購02,0,0,0,0,0,0,0,0,0,-47000,0,0,0,486000,533000,-47000,-47000
056509,晶相光永豐98購01,0,0,0,0,0,0,0,0,0,-47000,0,0,0,85000,132000,-47000,-47000
047901,復盛群益93購01  ,0,0,0,0,0,0,0,0,0,-47000,0,0,0,22000,69000,-47000,-47000
046537,聯發科群益93購02,0,0,0,0,0,0,0,0,0,-47000,0,0,0,23000,70000,-47000,-47000
048843,台郡凱基94購01  ,0,0,0,0,0,0,0,0,0,-47000,0,0,0,3000,50000,-47000,-47000
051204,正崴麥證95購01  ,0,0,0,0,47000,-47000,0,0,0,-47000,0,0,0,0,47000,-47000,-47000
050361,T50反1元大94購07,0,0,0,0,0,0,0,0,0,-47000,0,0,0,5000,52000,-47000,-47000
051329,智邦永豐95購01  ,0,0,0,0,0,0,0,0,0,-47000,0,0,0,68000,115000,-47000,-47000
049410,統一凱基94購02  ,0,0,0,0,0,0,0,0,0,-47000,0,0,0,67000,114000,-47000,-47000
052072,健策統一95購02  ,0,0,0,0,0,0,0,0,0,-47000,0,0,0,262000,309000,-47000,-47000
052864,奇力新凱基96購02,0,0,0,0,0,0,0,0,0,-47000,0,0,0,21000,68000,-47000,-47000
052903,致茂國票97購01  ,0,0,0,0,0,0,0,0,0,-47000,0,0,0,24000,71000,-47000,-47000
051802,同欣電永豐95購02,0,0,0,0,0,0,0,0,0,-47000,0,0,0,58000,105000,-47000,-47000
053427,鎧勝永豐96購02  ,0,0,0,0,0,0,0,0,0,-47000,0,0,0,0,47000,-47000,-47000
054482,大成鋼台新96購01,0,0,0,0,0,0,0,0,0,-47000,0,0,0,0,47000,-47000,-47000
2228,劍麟            ,19000,66000,-47000,0,0,0,0,0,0,0,0,0,0,0,0,0,-47000
1442,名軒            ,14000,62000,-48000,0,0,0,0,0,0,1000,1000,0,1000,0,0,0,-47000
05850P,台積電兆豐96售06,0,0,0,0,0,0,0,0,0,-47000,0,0,0,11000,58000,-47000,-47000
056684,旺宏統一98購02  ,0,0,0,0,0,0,0,0,0,-48000,0,0,0,0,48000,-48000,-48000
056264,聯發科統一98購02,0,0,0,0,0,0,0,0,0,-48000,0,0,0,0,48000,-48000,-48000
054963,牧德元大97購02  ,0,0,0,0,0,0,0,0,0,-48000,0,0,0,342000,390000,-48000,-48000
054895,南電統一97購01  ,0,0,0,0,0,0,0,0,0,-48000,0,0,0,202000,250000,-48000,-48000
054762,奇力新國票99購01,0,0,0,0,0,0,0,0,0,-48000,0,0,0,46000,94000,-48000,-48000
055349,京元電凱基97購02,0,0,0,0,0,0,0,0,0,-48000,0,0,0,35000,83000,-48000,-48000
055508,矽力元大97購01  ,0,0,0,0,0,0,0,0,0,-48000,0,0,0,10000,58000,-48000,-48000
047112,聯發科元大93購11,0,0,0,0,0,0,0,0,0,-48000,0,0,0,15000,63000,-48000,-48000
047232,禾伸堂凱基93購02,0,0,0,0,0,0,0,0,0,-48000,0,0,0,7000,55000,-48000,-48000
047443,智原元大94購01  ,0,0,0,0,0,0,0,0,0,-48000,0,0,0,2000,50000,-48000,-48000
047616,鴻海凱基94購10  ,0,0,0,0,0,0,0,0,0,-48000,0,0,0,20000,68000,-48000,-48000
042644,貿聯兆豐92購01  ,0,0,0,0,0,0,0,0,0,-48000,0,0,0,0,48000,-48000,-48000
03420B,臺股指元大95熊31,0,0,0,0,0,0,0,0,0,-48000,0,0,0,0,48000,-48000,-48000
044768,深中小元大94購02,0,0,0,0,0,0,0,0,0,-48000,0,0,0,32000,80000,-48000,-48000
051634,大立光國票96購03,0,0,0,0,0,0,0,0,0,-48000,0,0,0,8000,56000,-48000,-48000
051422,超眾國票96購01  ,0,0,0,0,0,0,0,0,0,-48000,0,0,0,30000,78000,-48000,-48000
050099,台積電永昌96購01,0,0,0,0,0,0,0,0,0,-48000,0,0,0,16000,64000,-48000,-48000
051332,奇力新永豐95購01,0,0,0,0,0,0,0,0,0,-48000,0,0,0,20000,68000,-48000,-48000
048498,嘉澤元大94購01  ,0,0,0,0,0,0,0,0,0,-48000,0,0,0,22000,70000,-48000,-48000
049257,南亞科元大94購03,0,0,0,0,0,0,0,0,0,-48000,0,0,0,3000,51000,-48000,-48000
050342,華通元富94購02  ,0,0,0,0,0,0,0,0,0,-48000,0,0,0,318000,366000,-48000,-48000
050678,美律統一94購04  ,0,0,0,0,0,0,0,0,0,-48000,0,0,0,0,48000,-48000,-48000
051213,華新科統一95購01,0,0,0,0,0,0,0,0,0,-48000,0,0,0,17000,65000,-48000,-48000
054215,創意國票97購02  ,0,0,0,0,0,0,0,0,0,-48000,0,0,0,30000,78000,-48000,-48000
054190,矽創永豐96購01  ,0,0,0,0,0,0,0,0,0,-48000,0,0,0,68000,116000,-48000,-48000
054084,旺宏統一97購05  ,0,0,0,0,0,0,0,0,0,-48000,0,0,0,0,48000,-48000,-48000
053876,可成永昌98購01  ,0,0,0,0,0,0,0,0,0,-48000,0,0,0,138000,186000,-48000,-48000
053615,光罩群益96購01  ,0,0,0,0,0,0,0,0,0,-48000,0,0,0,0,48000,-48000,-48000
052262,華新亞東95購02  ,0,0,0,0,0,0,0,0,0,-48000,0,0,0,0,48000,-48000,-48000
053036,聯電凱基98購01  ,0,0,0,0,0,0,0,0,0,-48000,0,0,0,97000,145000,-48000,-48000
05722P,玉晶光國票97售03,0,0,0,0,0,0,0,0,0,-48000,0,0,0,151000,199000,-48000,-48000
2480,敦陽科          ,3000,51000,-48000,0,0,0,0,0,0,0,0,0,0,0,0,0,-48000
054961,玉晶光元大99購01,0,0,0,0,0,0,0,0,0,-49000,0,0,0,158000,207000,-49000,-49000
05657P,樺漢統一97售01  ,0,0,0,0,0,0,0,0,0,-49000,0,0,0,10000,59000,-49000,-49000
045173,A50正2國票95購01,0,0,0,0,0,0,0,0,0,-49000,0,0,0,1000,50000,-49000,-49000
04104P,臺股指國票93售11,0,0,0,0,0,0,0,0,0,-49000,0,0,0,32000,81000,-49000,-49000
04455P,台積電統一94售07,0,0,0,0,0,0,0,0,0,-49000,0,0,0,0,49000,-49000,-49000
047441,聯發科元大93購15,0,0,0,0,0,0,0,0,0,-49000,0,0,0,101000,150000,-49000,-49000
049165,元油2X凱基97購01,0,0,0,0,0,0,0,0,0,-49000,0,0,0,1000,50000,-49000,-49000
049149,華新科元大95購03,0,0,0,0,0,0,0,0,0,-49000,0,0,0,27000,76000,-49000,-49000
049150,新光金元大96購01,0,0,0,0,0,0,0,0,0,-49000,0,0,0,0,49000,-49000,-49000
050314,晶技兆豐94購01  ,0,0,0,0,0,0,0,0,0,-49000,0,0,0,0,49000,-49000,-49000
051344,鴻海元大95購08  ,0,0,0,0,0,0,0,0,0,-49000,0,0,0,1131000,1180000,-49000,-49000
052765,新日興群益97購01,0,0,0,0,0,0,0,0,0,-49000,0,0,0,251000,300000,-49000,-49000
052269,T50反1日盛9B購01,0,0,0,0,0,0,0,0,0,-49000,0,0,0,4000,53000,-49000,-49000
052278,國巨凱基95購06  ,0,0,0,0,0,0,0,0,0,-49000,0,0,0,0,49000,-49000,-49000
052450,嘉澤元大95購03  ,0,0,0,0,0,0,0,0,0,-49000,0,0,0,24000,73000,-49000,-49000
054440,TPK台新98購01   ,0,0,0,0,0,0,0,0,0,-49000,0,0,0,0,49000,-49000,-49000
1409,新纖            ,260000,326000,-66000,0,0,0,0,0,0,17000,17000,0,17000,0,0,0,-49000
1338,廣華-KY         ,3000,52000,-49000,0,0,0,0,0,0,0,0,0,0,0,0,0,-49000
8462,柏文            ,3000,20000,-17000,0,0,0,0,26000,-26000,-6000,0,6000,-6000,0,0,0,-49000
056554,GIS凱基99購01   ,0,0,0,0,0,0,0,0,0,-50000,0,0,0,2000,52000,-50000,-50000
05668P,滬深2X永豐96售04,0,0,0,0,0,0,0,0,0,-50000,0,0,0,25000,75000,-50000,-50000
05685P,臺股指元大96售10,0,0,0,0,0,0,0,0,0,-50000,0,0,0,65000,115000,-50000,-50000
05695P,台積電凱基96售10,0,0,0,0,0,0,0,0,0,-50000,0,0,0,0,50000,-50000,-50000
056293,上銀元大97購10  ,0,0,0,0,0,0,0,0,0,-50000,0,0,0,18000,68000,-50000,-50000
056350,上銀元大98購02  ,0,0,0,0,0,0,0,0,0,-50000,0,0,0,12000,62000,-50000,-50000
055964,正文元大97購02  ,0,0,0,0,0,0,0,0,0,-50000,0,0,0,130000,180000,-50000,-50000
054967,神達元大97購01  ,0,0,0,0,0,0,0,0,0,-50000,0,0,0,57000,107000,-50000,-50000
054879,大成鋼統一97購01,0,0,0,0,0,0,0,0,0,-50000,0,0,0,0,50000,-50000,-50000
055074,台虹永豐97購01  ,0,0,0,0,0,0,0,0,0,-50000,0,0,0,0,50000,-50000,-50000
055090,國巨群益97購03  ,0,0,0,0,0,0,0,0,0,-50000,0,0,0,0,50000,-50000,-50000
054764,亞光國票98購01  ,0,0,0,0,0,0,0,0,0,-50000,0,0,0,0,50000,-50000,-50000
054806,台化元大9A購01  ,0,0,0,0,0,0,0,0,0,-50000,0,0,0,0,50000,-50000,-50000
054574,美律元大99購01  ,0,0,0,0,0,0,0,0,0,-50000,0,0,0,0,50000,-50000,-50000
054663,同欣電元大97購03,0,0,0,0,0,0,0,0,0,-50000,0,0,0,40000,90000,-50000,-50000
054630,聯鈞凱基98購01  ,0,0,0,0,0,0,0,0,0,-50000,0,0,0,0,50000,-50000,-50000
055506,台郡元大99購02  ,0,0,0,0,0,0,0,0,0,-50000,0,0,0,20000,70000,-50000,-50000
055445,旺宏統一99購01  ,0,0,0,0,0,0,0,0,0,-50000,0,0,0,3000,53000,-50000,-50000
05522P,友達元富96售02  ,0,0,0,0,0,0,0,0,0,-50000,0,0,0,0,50000,-50000,-50000
047389,義隆元大94購01  ,0,0,0,0,0,0,0,0,0,-50000,0,0,0,36000,86000,-50000,-50000
047568,創意國票93購03  ,0,0,0,0,0,0,0,0,0,-50000,0,0,0,0,50000,-50000,-50000
050618,緯創元大95購01  ,0,0,0,0,0,0,0,0,0,-50000,0,0,0,0,50000,-50000,-50000
050565,矽格元富94購01  ,0,0,0,0,0,0,0,0,0,-50000,0,0,0,0,50000,-50000,-50000
050595,緯穎永豐94購03  ,0,0,0,0,0,0,0,0,0,-50000,0,0,0,14000,64000,-50000,-50000
047923,聯發科凱基94購02,0,0,0,0,0,0,0,0,0,-50000,0,0,0,30000,80000,-50000,-50000
048045,上銀永豐93購02  ,0,0,0,0,0,0,0,0,0,-50000,0,0,0,55000,105000,-50000,-50000
048048,大立光永豐93購03,0,0,0,0,0,0,0,0,0,-50000,0,0,0,0,50000,-50000,-50000
04575P,新日興統一94售02,0,0,0,0,0,0,0,0,0,-50000,0,0,0,30000,80000,-50000,-50000
045760,鴻海統一93購02  ,0,0,0,0,0,0,0,0,0,-50000,0,0,0,0,50000,-50000,-50000
045810,緯穎國票92購01  ,0,0,0,0,0,0,0,0,0,-50000,0,0,0,0,50000,-50000,-50000
046222,上銀元大92購08  ,0,0,0,0,0,0,0,0,0,-50000,0,0,0,0,50000,-50000,-50000
046053,滬深2X群益94購01,0,0,0,0,0,0,0,0,0,-50000,0,0,0,11000,61000,-50000,-50000
046983,南茂兆豐94購01  ,0,0,0,0,0,0,0,0,0,-50000,0,0,0,0,50000,-50000,-50000
04449P,智邦凱基94售01  ,0,0,0,0,0,0,0,0,0,-50000,0,0,0,0,50000,-50000,-50000
04469P,元油2X元大94售05,0,0,0,0,0,0,0,0,0,-50000,0,0,0,0,50000,-50000,-50000
046673,樺漢元大93購01  ,0,0,0,0,0,0,0,0,0,-50000,0,0,0,0,50000,-50000,-50000
046670,彩晶元大93購02  ,0,0,0,0,0,0,0,0,0,-50000,0,0,0,0,50000,-50000,-50000
047757,達運元富93購01  ,0,0,0,0,0,0,0,0,0,-50000,0,0,0,0,50000,-50000,-50000
046787,和鑫永豐93購01  ,0,0,0,0,0,0,0,0,0,-50000,0,0,0,0,50000,-50000,-50000
04316P,華新科國票94售05,0,0,0,0,0,0,0,0,0,-50000,0,0,0,0,50000,-50000,-50000
044299,南電凱基93購02  ,0,0,0,0,0,0,0,0,0,-50000,0,0,0,0,50000,-50000,-50000
04428P,台光電元大94售02,0,0,0,0,0,0,0,0,0,-50000,0,0,0,32000,82000,-50000,-50000
044930,元黃金富邦93購01,0,0,0,0,0,0,0,0,0,-50000,0,0,0,0,50000,-50000,-50000
03454P,台積電凱基03售14,0,0,0,0,0,0,0,0,0,-50000,0,0,0,0,50000,-50000,-50000
03458P,玉晶光凱基03售08,0,0,0,0,0,0,0,0,0,-50000,0,0,0,0,50000,-50000,-50000
052111,智原元富95購01  ,0,0,0,0,0,0,0,0,0,-50000,0,0,0,50000,100000,-50000,-50000
05137P,華新科凱基96售03,0,0,0,0,0,0,0,0,0,-50000,0,0,0,0,50000,-50000,-50000
048215,A50正2凱基95購01,0,0,0,0,0,0,0,0,0,-50000,0,0,0,0,50000,-50000,-50000
04821P,臺股指永豐94售01,0,0,0,0,0,0,0,0,0,-50000,0,0,0,0,50000,-50000,-50000
050016,緯穎富邦95購01  ,0,0,0,0,0,0,0,0,0,-50000,0,0,0,24000,74000,-50000,-50000
050175,台光電元大94購08,0,0,0,0,0,0,0,0,0,-50000,0,0,0,56000,106000,-50000,-50000
051414,新光金國票95購04,0,0,0,0,0,0,0,0,0,-50000,0,0,0,10000,60000,-50000,-50000
051406,泰鼎永豐96購01  ,0,0,0,0,0,0,0,0,0,-50000,0,0,0,25000,75000,-50000,-50000
051480,大立光凱基97購01,0,0,0,0,0,0,0,0,0,-50000,0,0,0,0,50000,-50000,-50000
05160P,國巨國票96售03  ,0,0,0,0,0,0,0,0,0,-50000,0,0,0,0,50000,-50000,-50000
05016P,臺股指元大95售07,0,0,0,0,0,0,0,0,0,-50000,0,0,0,0,50000,-50000,-50000
050152,聯發科群益94購07,0,0,0,0,0,0,0,0,0,-50000,0,0,0,0,50000,-50000,-50000
049018,光罩群益94購01  ,0,0,0,0,0,0,0,0,0,-50000,0,0,0,76000,126000,-50000,-50000
048139,南電國票94購02  ,0,0,0,0,0,0,0,0,0,-50000,0,0,0,10000,60000,-50000,-50000
049884,訊芯永豐94購01  ,0,0,0,0,0,0,0,0,0,-50000,0,0,0,0,50000,-50000,-50000
049788,智伸科兆豐95購01,0,0,0,0,0,0,0,0,0,-50000,0,0,0,0,50000,-50000,-50000
050822,亞光凱基95購01  ,0,0,0,0,0,0,0,0,0,-50000,0,0,0,0,50000,-50000,-50000
049731,A50正2群益94購02,0,0,0,0,0,0,0,0,0,-50000,0,0,0,0,50000,-50000,-50000
050880,大立光元富95購03,0,0,0,0,0,0,0,0,0,-50000,0,0,0,6000,56000,-50000,-50000
048545,嘉澤永豐93購03  ,0,0,0,0,0,0,0,0,0,-50000,0,0,0,68000,118000,-50000,-50000
048616,智伸科凱基93購07,0,0,0,0,0,0,0,0,0,-50000,0,0,0,0,50000,-50000,-50000
048270,T50反1富邦99購01,0,0,0,0,0,0,0,0,0,-50000,0,0,0,0,50000,-50000,-50000
051082,上証2X元大98購01,0,0,0,0,0,0,0,0,0,-50000,0,0,0,0,50000,-50000,-50000
051156,鴻海富邦97購01  ,0,0,0,0,0,0,0,0,0,-50000,0,0,0,0,50000,-50000,-50000
054376,聯茂中信97購01  ,0,0,0,0,0,0,0,0,0,-50000,0,0,0,96000,146000,-50000,-50000
05416P,喬山永豐95售04  ,0,0,0,0,0,0,0,0,0,-50000,0,0,0,0,50000,-50000,-50000
05394P,聯詠中信95售02  ,0,0,0,0,0,0,0,0,0,-50000,0,0,0,0,50000,-50000,-50000
053990,晶技兆豐96購01  ,0,0,0,0,0,0,0,0,0,-50000,0,0,0,0,50000,-50000,-50000
054035,聯詠麥證96購01  ,0,0,0,20000,70000,-50000,0,0,0,-50000,0,0,0,20000,70000,-50000,-50000
053874,台表科元大96購05,0,0,0,0,0,0,0,0,0,-50000,0,0,0,0,50000,-50000,-50000
053858,台達電元大96購05,0,0,0,0,0,0,0,0,0,-50000,0,0,0,85000,135000,-50000,-50000
05383P,鴻海富邦95售06  ,0,0,0,0,0,0,0,0,0,-50000,0,0,0,0,50000,-50000,-50000
053802,南亞科凱基96購04,0,0,0,0,0,0,0,0,0,-50000,0,0,0,0,50000,-50000,-50000
053527,創意中信97購01  ,0,0,0,0,0,0,0,0,0,-50000,0,0,0,58000,108000,-50000,-50000
052489,義隆國票96購02  ,0,0,0,0,0,0,0,0,0,-50000,0,0,0,10000,60000,-50000,-50000
052286,力成凱基95購02  ,0,0,0,0,0,0,0,0,0,-50000,0,0,0,30000,80000,-50000,-50000
052196,TPK元富95購01   ,0,0,0,0,0,0,0,0,0,-50000,0,0,0,0,50000,-50000,-50000
051981,南茂凱基96購01  ,0,0,0,0,0,0,0,0,0,-50000,0,0,0,0,50000,-50000,-50000
051903,T50反1元大97購02,0,0,0,0,0,0,0,0,0,-50000,0,0,0,0,50000,-50000,-50000
052028,健策群益95購02  ,0,0,0,0,0,0,0,0,0,-50000,0,0,0,208000,258000,-50000,-50000
052648,茂林永豐96購01  ,0,0,0,0,0,0,0,0,0,-50000,0,0,0,0,50000,-50000,-50000
052915,創意元富96購01  ,0,0,0,0,0,0,0,0,0,-50000,0,0,0,296000,346000,-50000,-50000
052941,康控兆豐97購01  ,0,0,0,0,0,0,0,0,0,-50000,0,0,0,124000,174000,-50000,-50000
9911,櫻花            ,98000,117000,-19000,0,0,0,0,31000,-31000,0,0,0,0,0,0,0,-50000
06551P,貿聯元大98售05  ,0,0,0,0,0,0,0,0,0,-50000,0,0,0,0,50000,-50000,-50000
06557P,台積電兆豐98售02,0,0,0,0,0,0,0,0,0,-50000,0,0,0,0,50000,-50000,-50000
06183P,大立光元大97售05,0,0,0,0,0,0,0,0,0,-50000,0,0,0,0,50000,-50000,-50000
055199,國喬群益97購01  ,0,0,0,0,0,0,0,0,0,-51000,0,0,0,0,51000,-51000,-51000
055837,致茂元大97購02  ,0,0,0,0,0,0,0,0,0,-51000,0,0,0,0,51000,-51000,-51000
047653,上銀兆豐94購01  ,0,0,0,0,0,0,0,0,0,-51000,0,0,0,5000,56000,-51000,-51000
050869,健策永豐95購01  ,0,0,0,0,0,0,0,0,0,-51000,0,0,0,268000,319000,-51000,-51000
048855,華新科群益94購02,0,0,0,0,0,0,0,0,0,-51000,0,0,0,85000,136000,-51000,-51000
04833P,鴻海元大94售16  ,0,0,0,0,0,0,0,0,0,-51000,0,0,0,20000,71000,-51000,-51000
048329,台積電永昌93購07,0,0,0,0,0,0,0,0,0,-51000,0,0,0,24000,75000,-51000,-51000
050752,美律統一94購05  ,0,0,0,0,0,0,0,0,0,-51000,0,0,0,50000,101000,-51000,-51000
048153,台積電兆豐94購01,0,0,0,0,0,0,0,0,0,-51000,0,0,0,12000,63000,-51000,-51000
053149,京元電元大96購02,0,0,0,0,0,0,0,0,0,-51000,0,0,0,234000,285000,-51000,-51000
052559,茂林國票97購01  ,0,0,0,0,0,0,0,0,0,-51000,0,0,0,10000,61000,-51000,-51000
052844,台積電統一96購02,0,0,0,0,0,0,0,0,0,-51000,0,0,0,29000,80000,-51000,-51000
052026,漢唐群益95購01  ,0,0,0,0,0,0,0,0,0,-51000,0,0,0,33000,84000,-51000,-51000
051726,南茂永豐95購03  ,0,0,0,0,0,0,0,0,0,-51000,0,0,0,0,51000,-51000,-51000
052397,燿華凱基96購02  ,0,0,0,0,0,0,0,0,0,-51000,0,0,0,0,51000,-51000,-51000
054214,京鼎國票97購02  ,0,0,0,0,0,0,0,0,0,-51000,0,0,0,0,51000,-51000,-51000
054298,台表科元大97購03,0,0,0,0,0,0,0,0,0,-51000,0,0,0,0,51000,-51000,-51000
1473,台南            ,17000,68000,-51000,0,0,0,0,0,0,0,0,0,0,0,0,0,-51000
056715,瀚宇博永豐98購01,0,0,0,0,0,0,0,0,0,-52000,0,0,0,93000,145000,-52000,-52000
056857,國巨群益99購02  ,0,0,0,0,0,0,0,0,0,-52000,0,0,0,108000,160000,-52000,-52000
056550,瑞儀凱基99購01  ,0,0,0,0,0,0,0,0,0,-52000,0,0,0,0,52000,-52000,-52000
056568,台表科群益98購01,0,0,0,0,0,0,0,0,0,-52000,0,0,0,0,52000,-52000,-52000
055245,凱美統一99購01  ,0,0,0,0,0,0,0,0,0,-52000,0,0,0,88000,140000,-52000,-52000
055005,晶相光元富97購01,0,0,0,0,0,0,0,0,0,-52000,0,0,0,41000,93000,-52000,-52000
03890P,聯詠國泰94售02  ,0,0,0,0,0,0,0,0,0,-52000,0,0,0,0,52000,-52000,-52000
045206,創意國泰93購02  ,0,0,0,0,0,0,0,0,0,-52000,0,0,0,118000,170000,-52000,-52000
04228P,貿聯永豐93售03  ,0,0,0,0,0,0,0,0,0,-52000,0,0,0,48000,100000,-52000,-52000
047799,技嘉兆豐93購01  ,0,0,0,0,0,0,0,0,0,-52000,0,0,0,90000,142000,-52000,-52000
048668,奇力新永豐93購04,0,0,0,0,0,0,0,0,0,-52000,0,0,0,20000,72000,-52000,-52000
048700,和鑫國票95購01  ,0,0,0,0,0,0,0,0,0,-52000,0,0,0,0,52000,-52000,-52000
050836,緯穎凱基95購01  ,0,0,0,0,0,0,0,0,0,-52000,0,0,0,46000,98000,-52000,-52000
050239,廣達凱基94購01  ,0,0,0,0,0,0,0,0,0,-52000,0,0,0,20000,72000,-52000,-52000
050687,上銀日盛94購01  ,0,0,0,0,0,0,0,0,0,-52000,0,0,0,87000,139000,-52000,-52000
054212,聯詠國票97購03  ,0,0,0,0,0,0,0,0,0,-52000,0,0,0,10000,62000,-52000,-52000
054478,可成中信97購01  ,0,0,0,0,0,0,0,0,0,-52000,0,0,0,50000,102000,-52000,-52000
052478,大立光群益95購05,0,0,0,0,0,0,0,0,0,-52000,0,0,0,13000,65000,-52000,-52000
053162,緯穎元大97購01  ,0,0,0,0,0,0,0,0,0,-52000,0,0,0,129000,181000,-52000,-52000
052921,大成鋼永豐96購01,0,0,0,0,0,0,0,0,0,-52000,0,0,0,0,52000,-52000,-52000
06423P,亞光台新97售01  ,0,0,0,0,0,0,0,0,0,-52000,0,0,0,11000,63000,-52000,-52000
05867P,友達兆豐97售02  ,0,0,0,0,0,0,0,0,0,-52000,0,0,0,0,52000,-52000,-52000
054855,得力群益98購01  ,0,0,0,0,0,0,0,0,0,-53000,0,0,0,31000,84000,-53000,-53000
055265,玉晶光永豐98購03,0,0,0,0,0,0,0,0,0,-53000,0,0,0,21000,74000,-53000,-53000
056504,國巨永豐98購02  ,0,0,0,0,0,0,0,0,0,-53000,0,0,0,54000,107000,-53000,-53000
056858,國巨群益99購03  ,0,0,0,0,0,0,0,0,0,-53000,0,0,0,0,53000,-53000,-53000
055950,華新元大97購02  ,0,0,0,0,0,0,0,0,0,-53000,0,0,0,0,53000,-53000,-53000
047618,義隆凱基94購02  ,0,0,0,0,0,0,0,0,0,-53000,0,0,0,30000,83000,-53000,-53000
045797,健策中信93購01  ,0,0,0,0,0,0,0,0,0,-53000,0,0,0,115000,168000,-53000,-53000
050792,可成富邦96購01  ,0,0,0,0,0,0,0,0,0,-53000,0,0,0,288000,341000,-53000,-53000
050168,緯創富邦95購01  ,0,0,0,0,0,0,0,0,0,-53000,0,0,0,0,53000,-53000,-53000
052982,鴻海元大97購06  ,0,0,0,0,0,0,0,0,0,-53000,0,0,0,30000,83000,-53000,-53000
051987,廣達元大95購01  ,0,0,0,0,0,0,0,0,0,-53000,0,0,0,130000,183000,-53000,-53000
054462,旺宏凱基96購08  ,0,0,0,0,0,0,0,0,0,-53000,0,0,0,44000,97000,-53000,-53000
054504,聯鈞永豐96購01  ,0,0,0,0,0,0,0,0,0,-53000,0,0,0,0,53000,-53000,-53000
054328,台化康和96購01  ,0,0,0,0,0,0,0,0,0,-53000,0,0,0,0,53000,-53000,-53000
054132,聯發科元大97購10,0,0,0,0,0,0,0,0,0,-53000,0,0,0,34000,87000,-53000,-53000
053672,嘉澤元富96購02  ,0,0,0,0,0,0,0,0,0,-53000,0,0,0,7000,60000,-53000,-53000
1608,華榮            ,5000,58000,-53000,0,0,0,0,0,0,0,0,0,0,0,0,0,-53000
055866,臺股指元大97購03,0,0,0,0,0,0,0,0,0,-54000,0,0,0,60000,114000,-54000,-54000
056073,智伸科元大97購01,0,0,0,0,0,0,0,0,0,-54000,0,0,0,65000,119000,-54000,-54000
056895,技嘉元大98購01  ,0,0,0,0,0,0,0,0,0,-54000,0,0,0,145000,199000,-54000,-54000
055293,晶相光元大97購01,0,0,0,0,0,0,0,0,0,-54000,0,0,0,127000,181000,-54000,-54000
055591,全新元大98購01  ,0,0,0,0,0,0,0,0,0,-54000,0,0,0,29000,83000,-54000,-54000
054828,正崴國泰99購01  ,0,0,0,0,0,0,0,0,0,-54000,0,0,0,40000,94000,-54000,-54000
048049,滬深反中信96購01,0,0,0,0,0,0,0,0,0,-54000,0,0,0,137000,191000,-54000,-54000
047368,南電群益93購01  ,0,0,0,0,0,0,0,0,0,-54000,0,0,0,0,54000,-54000,-54000
046528,聯詠中信94購01  ,0,0,0,0,0,0,0,0,0,-54000,0,0,0,21000,75000,-54000,-54000
046652,上銀元大93購02  ,0,0,0,0,0,0,0,0,0,-54000,0,0,0,0,54000,-54000,-54000
043231,鴻海中信95購01  ,0,0,0,0,0,0,0,0,0,-54000,0,0,0,108000,162000,-54000,-54000
048258,國泰金統一93購01,0,0,0,0,0,0,0,0,0,-54000,0,0,0,67000,121000,-54000,-54000
049700,瀚宇博元大97購01,0,0,0,0,0,0,0,0,0,-54000,0,0,0,14000,68000,-54000,-54000
052191,超眾群益96購01  ,0,0,0,0,0,0,0,0,0,-54000,0,0,0,99000,153000,-54000,-54000
052319,可成元大95購12  ,0,0,0,0,0,0,0,0,0,-54000,0,0,0,183000,237000,-54000,-54000
053035,台表科兆豐97購01,0,0,0,0,0,0,0,0,0,-54000,0,0,0,0,54000,-54000,-54000
1455,集盛            ,8000,62000,-54000,0,0,0,0,0,0,0,0,0,0,0,0,0,-54000
2457,飛宏            ,44000,100000,-56000,0,0,0,0,0,0,2000,3000,1000,2000,0,0,0,-54000
2059,川湖            ,42000,97000,-55000,0,0,0,0,0,0,1000,0,0,0,1000,0,1000,-54000
5264,鎧勝-KY         ,145000,201000,-56000,0,0,0,0,0,0,2000,1000,0,1000,3000,2000,1000,-54000
054569,GIS群益98購01   ,0,0,0,0,0,0,0,0,0,-55000,0,0,0,0,55000,-55000,-55000
054688,兆赫永豐97購01  ,0,0,0,0,0,0,0,0,0,-55000,0,0,0,0,55000,-55000,-55000
055599,TPK元大97購01   ,0,0,0,0,0,0,0,0,0,-55000,0,0,0,3000,58000,-55000,-55000
055658,南電元富97購01  ,0,0,0,0,0,0,0,0,0,-55000,0,0,0,125000,180000,-55000,-55000
055363,緯穎凱基98購03  ,0,0,0,0,0,0,0,0,0,-55000,0,0,0,8000,63000,-55000,-55000
05666P,聯發科凱基96售14,0,0,0,0,0,0,0,0,0,-55000,0,0,0,19000,74000,-55000,-55000
056359,旺宏元大9A購01  ,0,0,0,0,0,0,0,0,0,-55000,0,0,0,42000,97000,-55000,-55000
04532P,臺股指凱基94售04,0,0,0,0,0,0,0,0,0,-55000,0,0,0,0,55000,-55000,-55000
045567,滬深2X富邦93購01,0,0,0,0,0,0,0,0,0,-55000,0,0,0,0,55000,-55000,-55000
045069,美律元大93購03  ,0,0,0,0,0,0,0,0,0,-55000,0,0,0,0,55000,-55000,-55000
04760P,旺宏凱基94售02  ,0,0,0,0,0,0,0,0,0,-55000,0,0,0,56000,111000,-55000,-55000
046061,中石化凱基98購01,0,0,0,0,0,0,0,0,0,-55000,0,0,0,5000,60000,-55000,-55000
049734,瑞昱群益94購02  ,0,0,0,0,0,0,0,0,0,-55000,0,0,0,25000,80000,-55000,-55000
050680,上銀元富94購01  ,0,0,0,0,0,0,0,0,0,-55000,0,0,0,205000,260000,-55000,-55000
051108,鴻海統一96購02  ,0,0,0,0,0,0,0,0,0,-55000,0,0,0,3000,58000,-55000,-55000
048814,上銀凱基94購01  ,0,0,0,0,0,0,0,0,0,-55000,0,0,0,0,55000,-55000,-55000
048765,奇力新凱基94購01,0,0,0,0,0,0,0,0,0,-55000,0,0,0,0,55000,-55000,-55000
049062,華新科日盛94購01,0,0,0,0,0,0,0,0,0,-55000,0,0,0,4000,59000,-55000,-55000
049807,新光金元大96購02,0,0,0,0,0,0,0,0,0,-55000,0,0,0,0,55000,-55000,-55000
049377,聯詠元大94購01  ,0,0,0,0,0,0,0,0,0,-55000,0,0,0,19000,74000,-55000,-55000
050200,致新元大94購01  ,0,0,0,0,0,0,0,0,0,-55000,0,0,0,0,55000,-55000,-55000
053057,聯電國泰97購02  ,0,0,0,0,0,0,0,0,0,-55000,0,0,0,73000,128000,-55000,-55000
052403,麗豐凱基96購01  ,0,0,0,0,0,0,0,0,0,-55000,0,0,0,5000,60000,-55000,-55000
052130,國巨凱基9B購01  ,0,0,0,0,0,0,0,0,0,-55000,0,0,0,81000,136000,-55000,-55000
051889,智邦元富95購02  ,0,0,0,0,0,0,0,0,0,-55000,0,0,0,273000,328000,-55000,-55000
053761,健策國泰98購01  ,0,0,0,0,0,0,0,0,0,-55000,0,0,0,1432000,1487000,-55000,-55000
053529,國巨麥證96購01  ,0,0,0,108000,115000,-7000,0,0,0,-55000,0,0,0,113000,168000,-55000,-55000
054047,富邦金元大97購01,0,0,0,0,0,0,0,0,0,-55000,0,0,0,116000,171000,-55000,-55000
054037,T50反1元大96購09,0,0,0,0,0,0,0,0,0,-55000,0,0,0,450000,505000,-55000,-55000
053883,大立光中信98購02,0,0,0,0,0,0,0,0,0,-55000,0,0,0,0,55000,-55000,-55000
054301,楠梓電凱基98購01,0,0,0,0,0,0,0,0,0,-55000,0,0,0,0,55000,-55000,-55000
054486,漢唐台新96購01  ,0,0,0,0,0,0,0,0,0,-55000,0,0,0,0,55000,-55000,-55000
9802,鈺齊-KY         ,118000,151000,-33000,0,0,0,0,23000,-23000,1000,1000,0,1000,21000,21000,0,-55000
05791P,臺股指中信99售06,0,0,0,0,0,0,0,0,0,-55000,0,0,0,0,55000,-55000,-55000
056332,台郡國票99購01  ,0,0,0,0,0,0,0,0,0,-56000,0,0,0,0,56000,-56000,-56000
056154,宏達電凱基97購03,0,0,0,0,0,0,0,0,0,-56000,0,0,0,10000,66000,-56000,-56000
056405,聯茂群益98購01  ,0,0,0,0,0,0,0,0,0,-56000,0,0,0,124000,180000,-56000,-56000
056870,全新日盛9A購01  ,0,0,0,0,0,0,0,0,0,-56000,0,0,0,0,56000,-56000,-56000
056960,光罩永豐98購01  ,0,0,0,0,0,0,0,0,0,-56000,0,0,0,0,56000,-56000,-56000
056685,光罩統一98購03  ,0,0,0,0,0,0,0,0,0,-56000,0,0,0,204000,260000,-56000,-56000
055186,正文統一97購01  ,0,0,0,0,0,0,0,0,0,-56000,0,0,0,0,56000,-56000,-56000
055442,矽創國票98購02  ,0,0,0,0,0,0,0,0,0,-56000,0,0,0,0,56000,-56000,-56000
046859,智伸科元大93購03,0,0,0,0,0,0,0,0,0,-56000,0,0,0,3000,59000,-56000,-56000
045643,臻鼎凱基93購01  ,0,0,0,0,0,0,0,0,0,-56000,0,0,0,60000,116000,-56000,-56000
047246,華新科群益93購01,0,0,0,0,0,0,0,0,0,-56000,0,0,0,7000,63000,-56000,-56000
00690,兆豐藍籌30      ,0,0,0,0,0,0,0,0,0,-56000,0,0,0,152000,208000,-56000,-56000
051381,玉晶光群益98購01,0,0,0,0,0,0,0,0,0,-56000,0,0,0,71000,127000,-56000,-56000
049877,南亞科永豐94購01,0,0,0,0,0,0,0,0,0,-56000,0,0,0,16000,72000,-56000,-56000
050110,京元電元大94購03,0,0,0,0,0,0,0,0,0,-56000,0,0,0,0,56000,-56000,-56000
049617,光罩群益94購03  ,0,0,0,0,0,0,0,0,0,-56000,0,0,0,30000,86000,-56000,-56000
050877,美律統一95購01  ,0,0,0,0,0,0,0,0,0,-56000,0,0,0,0,56000,-56000,-56000
054420,緯穎元大96購08  ,0,0,0,0,0,0,0,0,0,-56000,0,0,0,147000,203000,-56000,-56000
053265,南亞科群益96購02,0,0,0,0,0,0,0,0,0,-56000,0,0,0,68000,124000,-56000,-56000
053690,南亞科元大96購02,0,0,0,0,0,0,0,0,0,-56000,0,0,0,7000,63000,-56000,-56000
052342,茂林凱基96購01  ,0,0,0,0,0,0,0,0,0,-56000,0,0,0,0,56000,-56000,-56000
05993P,國巨元大96售13  ,0,0,0,0,0,0,0,0,0,-56000,0,0,0,0,56000,-56000,-56000
05974P,國巨富邦97售03  ,0,0,0,0,0,0,0,0,0,-56000,0,0,0,29000,85000,-56000,-56000
06450P,聯發科元大98售03,0,0,0,0,0,0,0,0,0,-56000,0,0,0,4000,60000,-56000,-56000
06382P,大毅元富97售02  ,0,0,0,0,0,0,0,0,0,-56000,0,0,0,165000,221000,-56000,-56000
06466P,台積電統一9B售01,0,0,0,0,0,0,0,0,0,-56000,0,0,0,0,56000,-56000,-56000
9938,百和            ,52000,76000,-24000,0,0,0,100000,51000,49000,-81000,0,60000,-60000,33000,54000,-21000,-56000
055696,華新科國票98購01,0,0,0,0,0,0,0,0,0,-57000,0,0,0,35000,92000,-57000,-57000
055171,凱美統一97購01  ,0,0,0,0,0,0,0,0,0,-57000,0,0,0,60000,117000,-57000,-57000
055289,泰碩元大98購01  ,0,0,0,0,0,0,0,0,0,-57000,0,0,0,0,57000,-57000,-57000
054929,群電凱基97購01  ,0,0,0,0,0,0,0,0,0,-57000,0,0,0,0,57000,-57000,-57000
05501P,健策國票97售01  ,0,0,0,0,0,0,0,0,0,-57000,0,0,0,736000,793000,-57000,-57000
056938,泰碩元富98購01  ,0,0,0,0,0,0,0,0,0,-57000,0,0,0,0,57000,-57000,-57000
056572,義隆元大99購01  ,0,0,0,0,0,0,0,0,0,-57000,0,0,0,158000,215000,-57000,-57000
056126,台郡國票98購02  ,0,0,0,0,0,0,0,0,0,-57000,0,0,0,3000,60000,-57000,-57000
055830,上銀元大97購07  ,0,0,0,0,0,0,0,0,0,-57000,0,0,0,89000,146000,-57000,-57000
045015,玉晶光元大94購01,0,0,0,0,0,0,0,0,0,-57000,0,0,0,19000,76000,-57000,-57000
04472P,中環元大94售01  ,0,0,0,0,0,0,0,0,0,-57000,0,0,0,0,57000,-57000,-57000
047741,鴻海統一93購06  ,0,0,0,0,0,0,0,0,0,-57000,0,0,0,0,57000,-57000,-57000
047725,廣達群益93購01  ,0,0,0,0,0,0,0,0,0,-57000,0,0,0,20000,77000,-57000,-57000
044269,群創中信95購01  ,0,0,0,0,0,0,0,0,0,-57000,0,0,0,771000,828000,-57000,-57000
049327,台郡元富94購01  ,0,0,0,0,0,0,0,0,0,-57000,0,0,0,10000,67000,-57000,-57000
052984,漢唐元大96購01  ,0,0,0,0,0,0,0,0,0,-57000,0,0,0,0,57000,-57000,-57000
053778,旺宏元大97購03  ,0,0,0,0,0,0,0,0,0,-57000,0,0,0,122000,179000,-57000,-57000
06547P,大立光元大98售09,0,0,0,0,0,0,0,0,0,-57000,0,0,0,0,57000,-57000,-57000
2365,昆盈            ,0,57000,-57000,0,0,0,0,0,0,0,0,0,0,0,0,0,-57000
2545,皇翔            ,10000,67000,-57000,0,0,0,0,0,0,0,0,0,0,0,0,0,-57000
06366P,鴻海凱基97售10  ,0,0,0,0,0,0,0,0,0,-57000,0,0,0,20000,77000,-57000,-57000
056775,康控元大99購01  ,0,0,0,0,0,0,0,0,0,-58000,0,0,0,319000,377000,-58000,-58000
056816,華通永豐98購02  ,0,0,0,0,0,0,0,0,0,-58000,0,0,0,0,58000,-58000,-58000
054679,台積電康和99購01,0,0,0,0,0,0,0,0,0,-58000,0,0,0,20000,78000,-58000,-58000
054544,統一中信97購01  ,0,0,0,0,0,0,0,0,0,-58000,0,0,0,64000,122000,-58000,-58000
054551,聯發科凱基98購02,0,0,0,0,0,0,0,0,0,-58000,0,0,0,2000,60000,-58000,-58000
055262,台虹國泰98購01  ,0,0,0,0,0,0,0,0,0,-58000,0,0,0,0,58000,-58000,-58000
055388,華通統一97購03  ,0,0,0,0,0,0,0,0,0,-58000,0,0,0,50000,108000,-58000,-58000
055314,華邦電中信99購01,0,0,0,0,0,0,0,0,0,-58000,0,0,0,30000,88000,-58000,-58000
05562P,鴻海元大96售16  ,0,0,0,0,0,0,0,0,0,-58000,0,0,0,40000,98000,-58000,-58000
047818,台郡凱基93購04  ,0,0,0,0,0,0,0,0,0,-58000,0,0,0,0,58000,-58000,-58000
047871,健策永豐93購02  ,0,0,0,0,0,0,0,0,0,-58000,0,0,0,123000,181000,-58000,-58000
052113,漢唐中信98購01  ,0,0,0,0,0,0,0,0,0,-58000,0,0,0,5000,63000,-58000,-58000
051084,華通元大95購06  ,0,0,0,0,0,0,0,0,0,-58000,0,0,0,54000,112000,-58000,-58000
050685,緯穎元富94購02  ,0,0,0,0,0,0,0,0,0,-58000,0,0,0,235000,293000,-58000,-58000
053578,華新元大98購01  ,0,0,0,0,0,0,0,0,0,-58000,0,0,0,0,58000,-58000,-58000
053295,奇力新中信96購01,0,0,0,0,0,0,0,0,0,-58000,0,0,0,12000,70000,-58000,-58000
054131,南亞科元大96購04,0,0,0,0,0,0,0,0,0,-58000,0,0,0,23000,81000,-58000,-58000
053099,正崴元富96購01  ,0,0,0,0,0,0,0,0,0,-58000,0,0,0,0,58000,-58000,-58000
051871,同欣電凱基95購02,0,0,0,0,0,0,0,0,0,-58000,0,0,0,10000,68000,-58000,-58000
051761,富邦金元大96購01,0,0,0,0,0,0,0,0,0,-58000,0,0,0,0,58000,-58000,-58000
051927,國巨中信96購01  ,0,0,0,0,0,0,0,0,0,-58000,0,0,0,32000,90000,-58000,-58000
4942,嘉彰            ,28000,86000,-58000,0,0,0,0,0,0,0,0,0,0,0,0,0,-58000
1598,岱宇            ,8000,67582,-59582,0,0,0,0,0,0,1000,1000,0,1000,0,0,0,-58582
056941,台郡元富9B購01  ,0,0,0,0,0,0,0,0,0,-59000,0,0,0,0,59000,-59000,-59000
056926,日月光兆豐98購01,0,0,0,0,0,0,0,0,0,-59000,0,0,0,0,59000,-59000,-59000
056893,智邦元大98購02  ,0,0,0,0,0,0,0,0,0,-59000,0,0,0,108000,167000,-59000,-59000
056567,瀚宇博群益98購02,0,0,0,0,0,0,0,0,0,-59000,0,0,0,0,59000,-59000,-59000
056633,鴻海永昌98購02  ,0,0,0,0,0,0,0,0,0,-59000,0,0,0,573000,632000,-59000,-59000
056135,緯創元大98購01  ,0,0,0,0,0,0,0,0,0,-59000,0,0,0,0,59000,-59000,-59000
050585,矽格國票94購01  ,0,0,0,0,0,0,0,0,0,-59000,0,0,0,0,59000,-59000,-59000
04301P,微星中信93售01  ,0,0,0,0,0,0,0,0,0,-59000,0,0,0,0,59000,-59000,-59000
046729,智伸科元大93購01,0,0,0,0,0,0,0,0,0,-59000,0,0,0,6000,65000,-59000,-59000
03665P,華邦電永豐92售01,0,0,0,0,0,0,0,0,0,-59000,0,0,0,1000,60000,-59000,-59000
049618,美律群益94購03  ,0,0,0,0,0,0,0,0,0,-59000,0,0,0,10000,69000,-59000,-59000
04848P,康控凱基94售02  ,0,0,0,0,0,0,0,0,0,-59000,0,0,0,0,59000,-59000,-59000
048379,台郡元富96購01  ,0,0,0,0,0,0,0,0,0,-59000,0,0,0,10000,69000,-59000,-59000
049826,光磊凱基94購02  ,0,0,0,0,0,0,0,0,0,-59000,0,0,0,56000,115000,-59000,-59000
052445,南亞科元大95購05,0,0,0,0,0,0,0,0,0,-59000,0,0,0,4000,63000,-59000,-59000
052207,台郡中信95購02  ,0,0,0,0,0,0,0,0,0,-59000,0,0,0,26000,85000,-59000,-59000
054194,國巨麥證96購02  ,0,0,0,40000,99000,-59000,0,0,0,-59000,0,0,0,40000,99000,-59000,-59000
053962,聯茂永豐96購01  ,0,0,0,0,0,0,0,0,0,-59000,0,0,0,115000,174000,-59000,-59000
1558,伸興            ,8000,30000,-22000,0,0,0,0,0,0,-37000,0,37000,-37000,0,0,0,-59000
3010,華立            ,36000,95000,-59000,0,0,0,0,0,0,0,0,0,0,0,0,0,-59000
06136P,華新科國泰99售02,0,0,0,0,0,0,0,0,0,-59000,0,0,0,320000,379000,-59000,-59000
055768,臺股指群益97購06,0,0,0,0,0,0,0,0,0,-60000,0,0,0,50000,110000,-60000,-60000
056037,美律凱基98購03  ,0,0,0,0,0,0,0,0,0,-60000,0,0,0,0,60000,-60000,-60000
056587,聯發科統一9A購01,0,0,0,0,0,0,0,0,0,-60000,0,0,0,0,60000,-60000,-60000
056510,正文永豐98購02  ,0,0,0,0,0,0,0,0,0,-60000,0,0,0,0,60000,-60000,-60000
05698P,群創凱基96售01  ,0,0,0,0,0,0,0,0,0,-60000,0,0,0,50000,110000,-60000,-60000
057022,智邦凱基98購04  ,0,0,0,0,0,0,0,0,0,-60000,0,0,0,35000,95000,-60000,-60000
055443,台虹國票98購01  ,0,0,0,0,0,0,0,0,0,-60000,0,0,0,0,60000,-60000,-60000
055251,華新科統一99購01,0,0,0,0,0,0,0,0,0,-60000,0,0,0,100000,160000,-60000,-60000
054605,鴻海永豐97購01  ,0,0,0,0,0,0,0,0,0,-60000,0,0,0,0,60000,-60000,-60000
054766,智原國票98購01  ,0,0,0,0,0,0,0,0,0,-60000,0,0,0,0,60000,-60000,-60000
054769,創意國票98購01  ,0,0,0,0,0,0,0,0,0,-60000,0,0,0,104000,164000,-60000,-60000
055117,臻鼎凱基98購02  ,0,0,0,0,0,0,0,0,0,-60000,0,0,0,2000,62000,-60000,-60000
03526P,欣興凱基02售13  ,0,0,0,0,0,0,0,0,0,-60000,0,0,0,0,60000,-60000,-60000
045149,聯發科凱基93購02,0,0,0,0,0,0,0,0,0,-60000,0,0,0,20000,80000,-60000,-60000
03946P,麗豐群益93售02  ,0,0,0,0,0,0,0,0,0,-60000,0,0,0,0,60000,-60000,-60000
04138P,智邦國票93售02  ,0,0,0,0,0,0,0,0,0,-60000,0,0,0,0,60000,-60000,-60000
04203P,超眾元大93售04  ,0,0,0,0,0,0,0,0,0,-60000,0,0,0,0,60000,-60000,-60000
047699,亞德客凱基93購04,0,0,0,0,0,0,0,0,0,-60000,0,0,0,1000,61000,-60000,-60000
046688,超眾國票93購03  ,0,0,0,0,0,0,0,0,0,-60000,0,0,0,0,60000,-60000,-60000
04430P,晶相光元大94售04,0,0,0,0,0,0,0,0,0,-60000,0,0,0,0,60000,-60000,-60000
04372P,臺股指凱基94售02,0,0,0,0,0,0,0,0,0,-60000,0,0,0,0,60000,-60000,-60000
050588,矽創國票95購01  ,0,0,0,0,0,0,0,0,0,-60000,0,0,0,0,60000,-60000,-60000
048707,南電國票95購01  ,0,0,0,0,0,0,0,0,0,-60000,0,0,0,0,60000,-60000,-60000
047558,臻鼎凱基93購06  ,0,0,0,0,0,0,0,0,0,-60000,0,0,0,10000,70000,-60000,-60000
050374,上緯控元大95購01,0,0,0,0,0,0,0,0,0,-60000,0,0,0,0,60000,-60000,-60000
049519,新光金國票95購03,0,0,0,0,0,0,0,0,0,-60000,0,0,0,0,60000,-60000,-60000
049529,華新科中信95購01,0,0,0,0,0,0,0,0,0,-60000,0,0,0,176000,236000,-60000,-60000
047095,聯詠麥證93購01  ,0,0,0,20000,80000,-60000,0,0,0,-60000,0,0,0,20000,80000,-60000,-60000
047376,南電國票94購01  ,0,0,0,0,0,0,0,0,0,-60000,0,0,0,0,60000,-60000,-60000
04745P,祥碩元大94售04  ,0,0,0,0,0,0,0,0,0,-60000,0,0,0,100000,160000,-60000,-60000
047578,新光金群益93購01,0,0,0,0,0,0,0,0,0,-60000,0,0,0,0,60000,-60000,-60000
045658,儒鴻國泰93購01  ,0,0,0,0,0,0,0,0,0,-60000,0,0,0,0,60000,-60000,-60000
048027,京元電凱基93購03,0,0,0,0,0,0,0,0,0,-60000,0,0,0,203000,263000,-60000,-60000
046905,新光金凱基99購01,0,0,0,0,0,0,0,0,0,-60000,0,0,0,0,60000,-60000,-60000
045914,超眾國票93購01  ,0,0,0,0,0,0,0,0,0,-60000,0,0,0,0,60000,-60000,-60000
046201,台郡凱基92購01  ,0,0,0,0,0,0,0,0,0,-60000,0,0,0,0,60000,-60000,-60000
046344,超眾國票94購01  ,0,0,0,0,0,0,0,0,0,-60000,0,0,0,37000,97000,-60000,-60000
046403,技嘉元大92購01  ,0,0,0,0,0,0,0,0,0,-60000,0,0,0,10000,70000,-60000,-60000
050852,矽創國票95購02  ,0,0,0,0,0,0,0,0,0,-60000,0,0,0,0,60000,-60000,-60000
050761,華通元大94購05  ,0,0,0,0,0,0,0,0,0,-60000,0,0,0,245000,305000,-60000,-60000
05211P,國巨國票96售05  ,0,0,0,0,0,0,0,0,0,-60000,0,0,0,0,60000,-60000,-60000
050209,華通國票95購01  ,0,0,0,0,0,0,0,0,0,-60000,0,0,0,0,60000,-60000,-60000
04998P,京元電永豐95售01,0,0,0,0,0,0,0,0,0,-60000,0,0,0,1000,61000,-60000,-60000
048388,華通國票94購01  ,0,0,0,0,0,0,0,0,0,-60000,0,0,0,0,60000,-60000,-60000
048401,南電國票93購03  ,0,0,0,0,0,0,0,0,0,-60000,0,0,0,0,60000,-60000,-60000
048599,和鑫國票96購01  ,0,0,0,0,0,0,0,0,0,-60000,0,0,0,0,60000,-60000,-60000
049766,滬深2X元富94購02,0,0,0,0,0,0,0,0,0,-60000,0,0,0,1300000,1360000,-60000,-60000
04919P,聯詠凱基94售05  ,0,0,0,0,0,0,0,0,0,-60000,0,0,0,10000,70000,-60000,-60000
049214,台達電國票95購01,0,0,0,0,0,0,0,0,0,-60000,0,0,0,0,60000,-60000,-60000
051209,百和麥證95購01  ,0,0,0,20000,80000,-60000,0,0,0,-60000,0,0,0,20000,80000,-60000,-60000
050749,道瓊銀統一96購03,0,0,0,0,0,0,0,0,0,-60000,0,0,0,0,60000,-60000,-60000
050722,聯電國票96購01  ,0,0,0,0,0,0,0,0,0,-60000,0,0,0,0,60000,-60000,-60000
053961,揚明光永豐96購04,0,0,0,0,0,0,0,0,0,-60000,0,0,0,0,60000,-60000,-60000
054407,美律國票97購02  ,0,0,0,0,0,0,0,0,0,-60000,0,0,0,0,60000,-60000,-60000
054349,同欣電國票97購02,0,0,0,0,0,0,0,0,0,-60000,0,0,0,0,60000,-60000,-60000
05325P,臺股指凱基95售09,0,0,0,0,0,0,0,0,0,-60000,0,0,0,0,60000,-60000,-60000
053243,楠梓電國票97購02,0,0,0,0,0,0,0,0,0,-60000,0,0,0,0,60000,-60000,-60000
052299,T50反1台新05購03,0,0,0,0,0,0,0,0,0,-60000,0,0,0,0,60000,-60000,-60000
052263,聯電亞東95購01  ,0,0,0,0,0,0,0,0,0,-60000,0,0,0,0,60000,-60000,-60000
052501,茂林永豐95購04  ,0,0,0,0,0,0,0,0,0,-60000,0,0,0,70000,130000,-60000,-60000
052366,聯詠國票96購01  ,0,0,0,0,0,0,0,0,0,-60000,0,0,0,0,60000,-60000,-60000
05237P,為升永豐95售01  ,0,0,0,0,0,0,0,0,0,-60000,0,0,0,0,60000,-60000,-60000
052048,景碩凱基95購01  ,0,0,0,0,0,0,0,0,0,-60000,0,0,0,0,60000,-60000,-60000
051817,元金2X統一95購01,0,0,0,0,0,0,0,0,0,-60000,0,0,0,0,60000,-60000,-60000
053051,楠梓電國票97購01,0,0,0,0,0,0,0,0,0,-60000,0,0,0,0,60000,-60000,-60000
052902,鴻海國票97購04  ,0,0,0,0,0,0,0,0,0,-60000,0,0,0,52000,112000,-60000,-60000
052882,南電凱基96購02  ,0,0,0,0,0,0,0,0,0,-60000,0,0,0,0,60000,-60000,-60000
052869,新日興凱基96購01,0,0,0,0,0,0,0,0,0,-60000,0,0,0,27000,87000,-60000,-60000
052851,滬深2X元富96購02,0,0,0,0,0,0,0,0,0,-60000,0,0,0,63000,123000,-60000,-60000
052764,景碩群益98購01  ,0,0,0,0,0,0,0,0,0,-60000,0,0,0,28000,88000,-60000,-60000
052721,友達統一96購01  ,0,0,0,0,0,0,0,0,0,-60000,0,0,0,0,60000,-60000,-60000
052703,貿聯國票97購01  ,0,0,0,0,0,0,0,0,0,-60000,0,0,0,0,60000,-60000,-60000
052614,聯電國泰97購01  ,0,0,0,0,0,0,0,0,0,-60000,0,0,0,0,60000,-60000,-60000
05266P,華新科元大95售11,0,0,0,0,0,0,0,0,0,-60000,0,0,0,0,60000,-60000,-60000
057068,國巨永豐98購06  ,0,0,0,0,0,0,0,0,0,-60000,0,0,0,0,60000,-60000,-60000
2331,精英            ,11000,63000,-52000,0,0,0,0,0,0,-8000,1000,9000,-8000,0,0,0,-60000
1447,力鵬            ,43000,103000,-60000,0,0,0,0,0,0,0,0,0,0,0,0,0,-60000
4960,誠美材          ,0,60000,-60000,0,0,0,0,0,0,0,0,0,0,0,0,0,-60000
8011,台通            ,22000,82000,-60000,0,0,0,0,0,0,0,0,0,0,0,0,0,-60000
054714,和鑫台新98購01  ,0,0,0,0,0,0,0,0,0,-61000,0,0,0,290000,351000,-61000,-61000
055197,致新元富97購02  ,0,0,0,0,0,0,0,0,0,-61000,0,0,0,92000,153000,-61000,-61000
056868,奇力新麥證98購01,0,0,0,0,61000,-61000,0,0,0,-61000,0,0,0,0,61000,-61000,-61000
05649P,矽創國票97售03  ,0,0,0,0,0,0,0,0,0,-61000,0,0,0,12000,73000,-61000,-61000
048331,臺指反富邦97購01,0,0,0,0,0,0,0,0,0,-61000,0,0,0,0,61000,-61000,-61000
050111,全新元大95購02  ,0,0,0,0,0,0,0,0,0,-61000,0,0,0,78000,139000,-61000,-61000
048149,泰鼎元富95購01  ,0,0,0,0,0,0,0,0,0,-61000,0,0,0,0,61000,-61000,-61000
051873,緯穎凱基95購02  ,0,0,0,0,0,0,0,0,0,-61000,0,0,0,85000,146000,-61000,-61000
053481,同欣電元大97購01,0,0,0,0,0,0,0,0,0,-61000,0,0,0,26000,87000,-61000,-61000
054200,美律富邦97購02  ,0,0,0,0,0,0,0,0,0,-61000,0,0,0,0,61000,-61000,-61000
4956,光鋐            ,6000,67000,-61000,0,0,0,0,0,0,0,0,0,0,0,0,0,-61000
05830P,滬深2X元富99售03,0,0,0,0,0,0,0,0,0,-61000,0,0,0,21000,82000,-61000,-61000
06090P,旺宏統一97售06  ,0,0,0,0,0,0,0,0,0,-61000,0,0,0,250000,311000,-61000,-61000
056937,智原元富98購01  ,0,0,0,0,0,0,0,0,0,-62000,0,0,0,0,62000,-62000,-62000
056910,超眾元大99購02  ,0,0,0,0,0,0,0,0,0,-62000,0,0,0,77000,139000,-62000,-62000
055254,聯詠統一97購03  ,0,0,0,0,0,0,0,0,0,-62000,0,0,0,100000,162000,-62000,-62000
04137P,元油反國票97售01,0,0,0,0,0,0,0,0,0,-62000,0,0,0,0,62000,-62000,-62000
044965,大立光中信95購01,0,0,0,0,0,0,0,0,0,-62000,0,0,0,30000,92000,-62000,-62000
03629C,元油2X元富98牛06,0,0,0,0,0,0,0,0,0,-62000,0,0,0,105000,167000,-62000,-62000
049056,玉晶光永豐95購03,0,0,0,0,0,0,0,0,0,-62000,0,0,0,78000,140000,-62000,-62000
050847,創意國票96購01  ,0,0,0,0,0,0,0,0,0,-62000,0,0,0,0,62000,-62000,-62000
051577,台積電元大97購03,0,0,0,0,0,0,0,0,0,-62000,0,0,0,166000,228000,-62000,-62000
051450,世芯元大95購02  ,0,0,0,0,0,0,0,0,0,-62000,0,0,0,119000,181000,-62000,-62000
053472,漢唐元大96購02  ,0,0,0,0,0,0,0,0,0,-62000,0,0,0,167000,229000,-62000,-62000
053201,美律日盛96購01  ,0,0,0,0,0,0,0,0,0,-62000,0,0,0,0,62000,-62000,-62000
06078P,臺股指凱基9A售01,0,0,0,0,0,0,0,0,0,-62000,0,0,0,12000,74000,-62000,-62000
06213P,大立光元大98售07,0,0,0,0,0,0,0,0,0,-62000,0,0,0,54000,116000,-62000,-62000
06245P,健策元富97售03  ,0,0,0,0,0,0,0,0,0,-62000,0,0,0,5000,67000,-62000,-62000
055619,同欣電國票98購02,0,0,0,0,0,0,0,0,0,-63000,0,0,0,17000,80000,-63000,-63000
056931,智原台新98購01  ,0,0,0,0,0,0,0,0,0,-63000,0,0,0,0,63000,-63000,-63000
056049,奇力新國票98購01,0,0,0,0,0,0,0,0,0,-63000,0,0,0,35000,98000,-63000,-63000
056030,華通日盛97購01  ,0,0,0,0,0,0,0,0,0,-63000,0,0,0,0,63000,-63000,-63000
036804,國巨元富93購01  ,0,0,0,0,0,0,0,0,0,-63000,0,0,0,157000,220000,-63000,-63000
044022,健策凱基93購02  ,0,0,0,0,0,0,0,0,0,-63000,0,0,0,41000,104000,-63000,-63000
047399,華通康和93購01  ,0,0,0,0,0,0,0,0,0,-63000,0,0,0,0,63000,-63000,-63000
047541,深中小凱基94購01,0,0,0,0,0,0,0,0,0,-63000,0,0,0,0,63000,-63000,-63000
04932P,香港2X中信96售01,0,0,0,0,0,0,0,0,0,-63000,0,0,0,0,63000,-63000,-63000
054094,創意群益96購02  ,0,0,0,0,0,0,0,0,0,-63000,0,0,0,278000,341000,-63000,-63000
05409P,京元電元富95售05,0,0,0,0,0,0,0,0,0,-63000,0,0,0,60000,123000,-63000,-63000
4190,佐登-KY         ,53000,101000,-48000,0,0,0,0,0,0,-15000,3000,2000,1000,1000,17000,-16000,-63000
9934,成霖            ,6000,85000,-79000,0,0,0,0,0,0,16000,16000,0,16000,0,0,0,-63000
055742,健策元富97購02  ,0,0,0,0,0,0,0,0,0,-64000,0,0,0,249000,313000,-64000,-64000
056328,訊芯兆豐98購01  ,0,0,0,0,0,0,0,0,0,-64000,0,0,0,298000,362000,-64000,-64000
054515,華通元大98購02  ,0,0,0,0,0,0,0,0,0,-64000,0,0,0,16000,80000,-64000,-64000
049523,微星兆豐94購02  ,0,0,0,0,0,0,0,0,0,-64000,0,0,0,3000,67000,-64000,-64000
048059,欣興國泰95購01  ,0,0,0,0,0,0,0,0,0,-64000,0,0,0,205000,269000,-64000,-64000
049438,嘉晶國泰96購01  ,0,0,0,0,0,0,0,0,0,-64000,0,0,0,6000,70000,-64000,-64000
050823,信邦凱基95購01  ,0,0,0,0,0,0,0,0,0,-64000,0,0,0,125000,189000,-64000,-64000
052085,聯電元大95購01  ,0,15000,-15000,0,0,0,0,0,0,-49000,0,0,0,68000,117000,-49000,-64000
048894,光罩國泰94購01  ,0,0,0,0,0,0,0,0,0,-64000,0,0,0,233000,297000,-64000,-64000
053671,可成統一96購03  ,0,0,0,0,0,0,0,0,0,-64000,0,0,0,4000,68000,-64000,-64000
052894,國巨群益96購03  ,0,0,0,0,0,0,0,0,0,-64000,0,0,0,186000,250000,-64000,-64000
06118P,上証2X凱基98售03,0,0,0,0,0,0,0,0,0,-64000,0,0,0,6000,70000,-64000,-64000
2348,海悅            ,9000,23000,-14000,0,0,0,0,50000,-50000,0,0,0,0,0,0,0,-64000
055307,瑞昱群益97購02  ,0,0,0,0,0,0,0,0,0,-65000,0,0,0,89000,154000,-65000,-65000
056594,台積電元富98購03,0,0,0,0,0,0,0,0,0,-65000,0,0,0,377000,442000,-65000,-65000
056536,義隆凱基98購04  ,0,0,0,0,0,0,0,0,0,-65000,0,0,0,0,65000,-65000,-65000
056534,京元電凱基98購01,0,0,0,0,0,0,0,0,0,-65000,0,0,0,23000,88000,-65000,-65000
04639P,臺股指群益94售14,0,0,0,0,0,0,0,0,0,-65000,0,0,0,27000,92000,-65000,-65000
047047,旺宏國票95購01  ,0,0,0,0,0,0,0,0,0,-65000,0,0,0,158000,223000,-65000,-65000
03763P,聯發科元富96售01,0,0,0,0,0,0,0,0,0,-65000,0,0,0,0,65000,-65000,-65000
03064X,元展59          ,0,0,0,0,0,0,0,0,0,-65000,0,0,0,0,65000,-65000,-65000
051178,大立光凱基95購10,0,0,0,0,0,0,0,0,0,-65000,0,0,0,20000,85000,-65000,-65000
051310,台達電麥證95購01,0,0,0,25000,90000,-65000,0,0,0,-65000,0,0,0,25000,90000,-65000,-65000
048535,超眾國票94購02  ,0,0,0,0,0,0,0,0,0,-65000,0,0,0,10000,75000,-65000,-65000
051687,大立光凱基95購12,0,0,0,0,0,0,0,0,0,-65000,0,0,0,25000,90000,-65000,-65000
051657,台郡元富98購01  ,0,0,0,0,0,0,0,0,0,-65000,0,0,0,65000,130000,-65000,-65000
049885,緯穎永豐94購01  ,0,0,0,0,0,0,0,0,0,-65000,0,0,0,21000,86000,-65000,-65000
049023,玉晶光群益96購04,0,0,0,0,0,0,0,0,0,-65000,0,0,0,161000,226000,-65000,-65000
05315P,鴻海永昌96售08  ,0,0,0,0,0,0,0,0,0,-65000,0,0,0,472000,537000,-65000,-65000
053062,緯穎富邦97購01  ,0,0,0,0,0,0,0,0,0,-65000,0,0,0,40000,105000,-65000,-65000
053215,禾伸堂凱基96購01,0,0,0,0,0,0,0,0,0,-65000,0,0,0,30000,95000,-65000,-65000
053363,旺宏國泰98購02  ,0,0,0,0,0,0,0,0,0,-65000,0,0,0,15000,80000,-65000,-65000
054237,茂林群益97購01  ,0,0,0,0,0,0,0,0,0,-65000,0,0,0,154000,219000,-65000,-65000
054362,亞光凱基96購03  ,0,0,0,0,0,0,0,0,0,-65000,0,0,0,0,65000,-65000,-65000
2704,國賓            ,3000,68000,-65000,0,0,0,0,0,0,0,0,0,0,0,0,0,-65000
05957P,友達國票97售04  ,0,0,0,0,0,0,0,0,0,-65000,0,0,0,30000,95000,-65000,-65000
06041P,全新永豐96售03  ,0,0,0,0,0,0,0,0,0,-65000,0,0,0,0,65000,-65000,-65000
3018,同開            ,80000,145000,-65000,0,0,0,0,0,0,0,0,0,0,0,0,0,-65000
055387,世紀鋼元大97購01,0,0,0,0,0,0,0,0,0,-66000,0,0,0,2000,68000,-66000,-66000
054606,台積電永豐97購02,0,0,0,0,0,0,0,0,0,-66000,0,0,0,278000,344000,-66000,-66000
054799,超眾群益98購01  ,0,0,0,0,0,0,0,0,0,-66000,0,0,0,62000,128000,-66000,-66000
047766,聯發科元大93購19,0,0,0,0,0,0,0,0,0,-66000,0,0,0,104000,170000,-66000,-66000
048691,智伸科群益94購01,0,0,0,0,0,0,0,0,0,-66000,0,0,0,0,66000,-66000,-66000
049894,嘉聯益富邦98購01,0,0,0,0,0,0,0,0,0,-66000,0,0,0,134000,200000,-66000,-66000
048435,致新國票93購01  ,0,0,0,0,0,0,0,0,0,-66000,0,0,0,0,66000,-66000,-66000
050854,世紀鋼國票97購01,0,0,0,0,0,0,0,0,0,-66000,0,0,0,0,66000,-66000,-66000
054382,康控群益96購03  ,0,0,0,0,0,0,0,0,0,-66000,0,0,0,123000,189000,-66000,-66000
052833,康控群益96購01  ,0,0,0,0,0,0,0,0,0,-66000,0,0,0,174000,240000,-66000,-66000
052836,旺宏國泰98購01  ,0,0,0,0,0,0,0,0,0,-66000,0,0,0,12000,78000,-66000,-66000
052514,嘉澤凱基96購01  ,0,0,0,0,0,0,0,0,0,-66000,0,0,0,12000,78000,-66000,-66000
06209P,旺宏統一97售07  ,0,0,0,0,0,0,0,0,0,-66000,0,0,0,0,66000,-66000,-66000
2516,新建            ,4000,70000,-66000,0,0,0,0,0,0,0,0,0,0,0,0,0,-66000
2010,春源            ,3000,69000,-66000,0,0,0,0,0,0,0,0,0,0,0,0,0,-66000
2474,可成            ,669000,760000,-91000,0,0,0,4000,0,4000,21000,9000,8000,1000,41000,21000,20000,-66000
1536,和大            ,97000,131000,-34000,0,0,0,0,28000,-28000,-4000,18000,13000,5000,15000,24000,-9000,-66000
1806,冠軍            ,9000,75000,-66000,0,0,0,0,0,0,0,0,0,0,0,0,0,-66000
1308,亞聚            ,42000,108000,-66000,0,0,0,0,0,0,0,0,0,0,0,0,0,-66000
054548,鴻海凱基98購03  ,0,0,0,0,0,0,0,0,0,-67000,0,0,0,1000,68000,-67000,-67000
055104,台達電凱基98購01,0,0,0,0,0,0,0,0,0,-67000,0,0,0,1000,68000,-67000,-67000
056298,億光元大97購02  ,0,0,0,0,0,0,0,0,0,-67000,0,0,0,20000,87000,-67000,-67000
050608,台達電元大94購12,0,0,0,0,0,0,0,0,0,-67000,0,0,0,1000,68000,-67000,-67000
047177,上銀元大93購05  ,0,0,0,0,0,0,0,0,0,-67000,0,0,0,0,67000,-67000,-67000
045662,華邦電統一94購02,0,0,0,0,0,0,0,0,0,-67000,0,0,0,13000,80000,-67000,-67000
042787,新日興兆豐93購01,0,0,0,0,0,0,0,0,0,-67000,0,0,0,6000,73000,-67000,-67000
052044,華通凱基97購01  ,0,0,0,0,0,0,0,0,0,-67000,0,0,0,110000,177000,-67000,-67000
052601,大成鋼元大96購01,0,0,0,0,0,0,0,0,0,-67000,0,0,0,19000,86000,-67000,-67000
054464,奇力新凱基98購02,0,0,0,0,0,0,0,0,0,-67000,0,0,0,53000,120000,-67000,-67000
1109,信大            ,49000,107000,-58000,0,0,0,0,0,0,-9000,0,9000,-9000,0,0,0,-67000
1712,興農            ,12000,84000,-72000,0,0,0,0,0,0,5000,5000,0,5000,0,0,0,-67000
056346,聯茂凱基99購02  ,0,0,0,0,0,0,0,0,0,-68000,0,0,0,0,68000,-68000,-68000
055773,瑞昱凱基97購03  ,0,0,0,0,0,0,0,0,0,-68000,0,0,0,8000,76000,-68000,-68000
054547,鴻海凱基98購02  ,0,0,0,0,0,0,0,0,0,-68000,0,0,0,0,68000,-68000,-68000
046717,世紀鋼國泰94購01,0,0,0,0,0,0,0,0,0,-68000,0,0,0,0,68000,-68000,-68000
047642,宏達電元大93購08,0,0,0,0,0,0,0,0,0,-68000,0,0,0,0,68000,-68000,-68000
047845,美利達元大93購02,0,0,0,0,0,0,0,0,0,-68000,0,0,0,0,68000,-68000,-68000
051244,正崴元大95購01  ,0,0,0,0,0,0,0,0,0,-68000,0,0,0,0,68000,-68000,-68000
048769,聯鈞凱基94購01  ,0,0,0,0,0,0,0,0,0,-68000,0,0,0,0,68000,-68000,-68000
048445,瑞昱凱基93購11  ,0,0,0,0,0,0,0,0,0,-68000,0,0,0,0,68000,-68000,-68000
048994,南電元大94購03  ,0,0,0,0,0,0,0,0,0,-68000,0,0,0,0,68000,-68000,-68000
048951,宏全永豐94購01  ,0,0,0,0,0,0,0,0,0,-68000,0,0,0,100000,168000,-68000,-68000
050112,高鐵元大94購02  ,0,0,0,0,0,0,0,0,0,-68000,0,0,0,6000,74000,-68000,-68000
050030,嘉晶元大94購03  ,0,0,0,0,0,0,0,0,0,-68000,0,0,0,0,68000,-68000,-68000
050292,可成凱基94購11  ,0,0,0,0,0,0,0,0,0,-68000,0,0,0,0,68000,-68000,-68000
054358,矽創兆豐96購01  ,0,0,0,0,0,0,0,0,0,-68000,0,0,0,48000,116000,-68000,-68000
053985,矽創元大96購02  ,0,0,0,0,0,0,0,0,0,-68000,0,0,0,192000,260000,-68000,-68000
053634,劍麟永豐96購01  ,0,0,0,0,0,0,0,0,0,-68000,0,0,0,0,68000,-68000,-68000
052511,聯發科凱基95購14,0,0,0,0,0,0,0,0,0,-68000,0,0,0,0,68000,-68000,-68000
2451,創見            ,137000,206000,-69000,0,0,0,0,0,0,1000,1000,0,1000,0,0,0,-68000
2351,順德            ,7000,72000,-65000,0,0,0,0,0,0,-3000,0,0,0,0,3000,-3000,-68000
055302,達方元大97購01  ,0,0,0,0,0,0,0,0,0,-69000,0,0,0,0,69000,-69000,-69000
055759,技嘉群益98購02  ,0,0,0,0,0,0,0,0,0,-69000,0,0,0,482000,551000,-69000,-69000
056076,超眾元大97購05  ,0,0,0,0,0,0,0,0,0,-69000,0,0,0,103000,172000,-69000,-69000
047833,全新元大94購02  ,0,0,0,0,0,0,0,0,0,-69000,0,0,0,14000,83000,-69000,-69000
046938,致茂元大93購02  ,0,0,0,0,0,0,0,0,0,-69000,0,0,0,0,69000,-69000,-69000
047572,深中小群益95購01,0,0,0,0,0,0,0,0,0,-69000,0,0,0,1000,70000,-69000,-69000
00757,統一FANG+       ,0,0,0,0,0,0,0,0,0,-69000,0,0,0,201000,270000,-69000,-69000
052119,漢唐國票96購01  ,0,0,0,0,0,0,0,0,0,-69000,0,0,0,0,69000,-69000,-69000
051470,玉晶光日盛95購01,0,0,0,0,0,0,0,0,0,-69000,0,0,0,127000,196000,-69000,-69000
050849,智伸科國票95購01,0,0,0,0,0,0,0,0,0,-69000,0,0,0,2000,71000,-69000,-69000
049157,矽創元大95購01  ,0,0,0,0,0,0,0,0,0,-69000,0,0,0,13000,82000,-69000,-69000
052948,景碩國票97購02  ,0,0,0,0,0,0,0,0,0,-69000,0,0,0,30000,99000,-69000,-69000
1730,花仙子          ,71000,140000,-69000,0,0,0,0,0,0,0,0,0,0,0,0,0,-69000
8261,富鼎            ,32000,95000,-63000,0,0,0,0,0,0,-6000,0,6000,-6000,0,0,0,-69000
056373,上銀統一99購02  ,0,0,0,0,0,0,0,0,0,-70000,0,0,0,0,70000,-70000,-70000
056243,創意群益97購03  ,0,0,0,0,0,0,0,0,0,-70000,0,0,0,276000,346000,-70000,-70000
056924,亞光兆豐98購01  ,0,0,0,0,0,0,0,0,0,-70000,0,0,0,0,70000,-70000,-70000
055358,臻鼎凱基97購01  ,0,0,0,0,0,0,0,0,0,-70000,0,0,0,10000,80000,-70000,-70000
055511,大立光兆豐97購02,0,0,0,0,0,0,0,0,0,-70000,0,0,0,0,70000,-70000,-70000
055519,茂林中信99購01  ,0,0,0,0,0,0,0,0,0,-70000,0,0,0,242000,312000,-70000,-70000
04512P,臺股指元大94售07,0,0,0,0,0,0,0,0,0,-70000,0,0,0,0,70000,-70000,-70000
047680,上証反中信96購01,0,0,0,0,0,0,0,0,0,-70000,0,0,0,30000,100000,-70000,-70000
042916,佐登元大94購01  ,0,0,0,0,0,0,0,0,0,-70000,0,0,0,30000,100000,-70000,-70000
047880,聯發科國泰94購03,0,0,0,0,0,0,0,0,0,-70000,0,0,0,80000,150000,-70000,-70000
049206,大立光群益94購04,0,0,0,0,0,0,0,0,0,-70000,0,0,0,0,70000,-70000,-70000
048952,川湖康和94購01  ,0,0,0,0,0,0,0,0,0,-70000,0,0,0,0,70000,-70000,-70000
051263,深中小富邦96購01,0,0,0,0,0,0,0,0,0,-70000,0,0,0,0,70000,-70000,-70000
050479,上証2X國票95購02,0,0,0,0,0,0,0,0,0,-70000,0,0,0,0,70000,-70000,-70000
051692,深中小統一95購01,0,0,0,0,0,0,0,0,0,-70000,0,0,0,90000,160000,-70000,-70000
050312,大立光兆豐94購04,0,0,0,0,0,0,0,0,0,-70000,0,0,0,0,70000,-70000,-70000
052534,貿聯國泰96購02  ,0,0,0,0,0,0,0,0,0,-70000,0,0,0,0,70000,-70000,-70000
052706,台虹國票97購01  ,0,0,0,0,0,0,0,0,0,-70000,0,0,0,0,70000,-70000,-70000
052718,新唐凱基96購01  ,0,0,0,0,0,0,0,0,0,-70000,0,0,0,0,70000,-70000,-70000
052190,創意群益95購03  ,0,0,0,0,0,0,0,0,0,-70000,0,0,0,30000,100000,-70000,-70000
05176P,台積電凱基95售11,0,0,0,0,0,0,0,0,0,-70000,0,0,0,0,70000,-70000,-70000
05363P,臺股指富邦95售03,0,0,0,0,0,0,0,0,0,-70000,0,0,0,0,70000,-70000,-70000
053870,正文元大96購01  ,0,0,0,0,0,0,0,0,0,-70000,0,0,0,30000,100000,-70000,-70000
054031,中鋼中信98購01  ,0,0,0,0,0,0,0,0,0,-70000,0,0,0,20000,90000,-70000,-70000
054172,易華電凱基98購01,0,0,0,0,0,0,0,0,0,-70000,0,0,0,10000,80000,-70000,-70000
054277,亞光群益97購01  ,0,0,0,0,0,0,0,0,0,-70000,0,0,0,0,70000,-70000,-70000
054366,和大中信98購01  ,0,0,0,0,0,0,0,0,0,-70000,0,0,0,30000,100000,-70000,-70000
2634,漢翔            ,243746,327110,-83364,0,0,0,0,0,0,13000,13000,0,13000,0,0,0,-70364
2882,國泰金          ,2689560,3114000,-424440,0,0,0,79000,116272,-37272,391000,0,0,0,479000,88000,391000,-70712
055045,台肥永豐97購01  ,0,0,0,0,0,0,0,0,0,-71000,0,0,0,0,71000,-71000,-71000
056806,元油2X統一98購02,5000,0,5000,0,0,0,0,0,0,-76000,0,0,0,4000,80000,-76000,-71000
056617,美律永豐98購01  ,0,0,0,0,0,0,0,0,0,-71000,0,0,0,100000,171000,-71000,-71000
056637,台光電日盛9A購01,0,0,0,0,0,0,0,0,0,-71000,0,0,0,115000,186000,-71000,-71000
056100,楠梓電永豐97購02,0,0,0,0,0,0,0,0,0,-71000,0,0,0,10000,81000,-71000,-71000
048022,儒鴻凱基93購04  ,0,0,0,0,0,0,0,0,0,-71000,0,0,0,0,71000,-71000,-71000
041991,元油2X國票98購01,0,0,0,0,0,0,0,0,0,-71000,0,0,0,150000,221000,-71000,-71000
048350,世紀鋼元大95購01,0,0,0,0,0,0,0,0,0,-71000,0,0,0,0,71000,-71000,-71000
049309,台達電凱基94購05,0,0,0,0,0,0,0,0,0,-71000,0,0,0,47000,118000,-71000,-71000
051998,昇陽半元大96購02,0,0,0,0,0,0,0,0,0,-71000,0,0,0,0,71000,-71000,-71000
053159,同欣電元大96購02,0,0,0,0,0,0,0,0,0,-71000,0,0,0,0,71000,-71000,-71000
2108,南帝            ,12000,83000,-71000,0,0,0,0,0,0,0,0,0,0,0,0,0,-71000
056855,祥碩中信98購02  ,0,0,0,0,0,0,0,0,0,-72000,0,0,0,15000,87000,-72000,-72000
056726,友達日盛9A購01  ,0,0,0,0,0,0,0,0,0,-72000,0,0,0,39000,111000,-72000,-72000
054821,貿聯元大9A購01  ,0,0,0,0,0,0,0,0,0,-72000,0,0,0,55000,127000,-72000,-72000
055149,國巨元大97購06  ,0,0,0,0,0,0,0,0,0,-72000,0,0,0,16000,88000,-72000,-72000
047984,禾伸堂群益93購01,0,0,0,0,0,0,0,0,0,-72000,0,0,0,0,72000,-72000,-72000
047505,元金2X國票9B購01,0,0,0,0,0,0,0,0,0,-72000,0,0,0,0,72000,-72000,-72000
049170,亞德客凱基94購01,0,0,0,0,0,0,0,0,0,-72000,0,0,0,21000,93000,-72000,-72000
04898P,瑞儀中信95售01  ,0,0,0,0,0,0,0,0,0,-72000,0,0,0,39000,111000,-72000,-72000
051387,新光金麥證96購01,0,0,0,0,72000,-72000,0,0,0,-72000,0,0,0,0,72000,-72000,-72000
051705,富邦金群益97購01,0,0,0,0,0,0,0,0,0,-72000,0,0,0,150000,222000,-72000,-72000
049434,茂林國票95購01  ,0,0,0,0,0,0,0,0,0,-72000,0,0,0,0,72000,-72000,-72000
049896,聯發科統一94購06,0,0,0,0,0,0,0,0,0,-72000,0,0,0,24000,96000,-72000,-72000
049897,華新科統一94購07,0,0,0,0,0,0,0,0,0,-72000,0,0,0,0,72000,-72000,-72000
054198,台積電永昌96購08,0,0,0,0,0,0,0,0,0,-72000,0,0,0,554000,626000,-72000,-72000
054034,景碩中信96購01  ,0,0,0,0,0,0,0,0,0,-72000,0,0,0,0,72000,-72000,-72000
06003P,亞光康和96售02  ,0,0,0,0,0,0,0,0,0,-72000,0,0,0,9000,81000,-72000,-72000
055386,致新元大97購02  ,0,0,0,0,0,0,0,0,0,-73000,0,0,0,101000,174000,-73000,-73000
049914,瑞昱元大94購06  ,0,0,0,0,0,0,0,0,0,-73000,0,0,0,7000,80000,-73000,-73000
048640,南亞科元大93購06,0,0,0,0,0,0,0,0,0,-73000,0,0,0,0,73000,-73000,-73000
049627,嘉聯益群益94購02,0,0,0,0,0,0,0,0,0,-73000,0,0,0,0,73000,-73000,-73000
054343,世紀鋼元富96購02,0,0,0,0,0,0,0,0,0,-73000,0,0,0,1000,74000,-73000,-73000
053304,可成凱基96購03  ,0,0,0,0,0,0,0,0,0,-73000,0,0,0,10000,83000,-73000,-73000
053245,全新國票97購01  ,0,0,0,0,0,0,0,0,0,-73000,0,0,0,30000,103000,-73000,-73000
053471,正崴元大96購01  ,0,0,0,0,0,0,0,0,0,-73000,0,0,0,0,73000,-73000,-73000
052922,國巨永豐96購01  ,0,0,0,0,0,0,0,0,0,-73000,0,0,0,23000,96000,-73000,-73000
057064,華新科富邦9B購01,0,0,0,0,0,0,0,0,0,-73000,0,0,0,0,73000,-73000,-73000
06477P,緯穎國票99售02  ,0,0,0,0,0,0,0,0,0,-73000,0,0,0,0,73000,-73000,-73000
2330,台積電          ,16018364,15904886,113478,0,0,0,129000,105000,24000,-211000,159000,281000,-122000,215000,304000,-89000,-73522
055660,台光電兆豐97購01,0,0,0,0,0,0,0,0,0,-74000,0,0,0,36000,110000,-74000,-74000
054831,緯穎國泰98購01  ,0,0,0,0,0,0,0,0,0,-74000,0,0,0,0,74000,-74000,-74000
056598,京元電元富98購01,0,0,0,0,0,0,0,0,0,-74000,0,0,0,162000,236000,-74000,-74000
056146,台虹元大98購01  ,0,0,0,0,0,0,0,0,0,-74000,0,0,0,0,74000,-74000,-74000
056052,T50反1元大97購06,0,0,0,0,0,0,0,0,0,-74000,0,0,0,947000,1021000,-74000,-74000
045908,矽創中信92購01  ,0,0,0,0,0,0,0,0,0,-74000,0,0,0,20000,94000,-74000,-74000
044602,大立光國泰93購01,0,0,0,0,0,0,0,0,0,-74000,0,0,0,76000,150000,-74000,-74000
050841,國巨國票96購02  ,0,0,0,0,0,0,0,0,0,-74000,0,0,0,0,74000,-74000,-74000
052661,奇力新國票97購03,0,0,0,0,0,0,0,0,0,-74000,0,0,0,0,74000,-74000,-74000
06300P,緯穎元大97售04  ,0,0,0,0,0,0,0,0,0,-74000,0,0,0,11000,85000,-74000,-74000
3518,柏騰            ,61000,133000,-72000,0,0,0,0,0,0,-2000,1000,3000,-2000,0,0,0,-74000
056279,新日興富邦99購01,0,0,0,0,0,0,0,0,0,-75000,0,0,0,20000,95000,-75000,-75000
056242,緯創群益9A購01  ,0,0,0,0,0,0,0,0,0,-75000,0,0,0,0,75000,-75000,-75000
056597,宏碁元富98購01  ,0,0,0,0,0,0,0,0,0,-75000,0,0,0,25000,100000,-75000,-75000
056444,南亞科凱基99購01,0,0,0,0,0,0,0,0,0,-75000,0,0,0,1000,76000,-75000,-75000
056866,矽創群益98購03  ,0,0,0,0,0,0,0,0,0,-75000,0,0,0,0,75000,-75000,-75000
055238,茂林台新97購01  ,0,0,0,0,0,0,0,0,0,-75000,0,0,0,99000,174000,-75000,-75000
045448,宏達電國泰93購02,0,0,0,0,0,0,0,0,0,-75000,0,0,0,0,75000,-75000,-75000
047128,新日興日盛93購01,0,0,0,0,0,0,0,0,0,-75000,0,0,0,22000,97000,-75000,-75000
050602,訊芯國泰96購01  ,0,0,0,0,0,0,0,0,0,-75000,0,0,0,17000,92000,-75000,-75000
050391,大立光統一94購07,0,0,0,0,0,0,0,0,0,-75000,0,0,0,1000,76000,-75000,-75000
050945,致茂群益95購01  ,0,0,0,0,0,0,0,0,0,-75000,0,0,0,57000,132000,-75000,-75000
052123,泰碩國票95購01  ,0,0,0,0,0,0,0,0,0,-75000,0,0,0,5000,80000,-75000,-75000
048641,美律元大94購01  ,0,0,0,0,0,0,0,0,0,-75000,0,0,0,83000,158000,-75000,-75000
054222,大立光統一98購03,0,0,0,0,0,0,0,0,0,-75000,0,0,0,15000,90000,-75000,-75000
06022P,緯穎永豐96售03  ,0,0,0,0,0,0,0,0,0,-75000,0,0,0,0,75000,-75000,-75000
05529P,臺股指群益96售02,0,0,0,0,0,0,0,0,0,-76000,0,0,0,200000,276000,-76000,-76000
055535,緯創群益98購01  ,0,0,0,0,0,0,0,0,0,-76000,0,0,0,37000,113000,-76000,-76000
055510,GIS元大97購03   ,0,0,0,0,0,0,0,0,0,-76000,0,0,0,14000,90000,-76000,-76000
054617,超眾永豐97購01  ,0,0,0,0,0,0,0,0,0,-76000,0,0,0,125000,201000,-76000,-76000
050581,美食國票94購02  ,0,0,0,0,0,0,0,0,0,-76000,0,0,0,214000,290000,-76000,-76000
050627,華通中信94購02  ,0,0,0,0,0,0,0,0,0,-76000,0,0,0,12000,88000,-76000,-76000
04287P,A50正2中信96售01,0,0,0,0,0,0,0,0,0,-76000,0,0,0,145000,221000,-76000,-76000
049117,矽格統一96購01  ,0,0,0,0,0,0,0,0,0,-76000,0,0,0,0,76000,-76000,-76000
048560,聯發科元大94購01,0,0,0,0,0,0,0,0,0,-76000,0,0,0,0,76000,-76000,-76000
048558,漢唐元大93購06  ,0,0,0,0,0,0,0,0,0,-76000,0,0,0,0,76000,-76000,-76000
054499,台光電永豐96購02,0,0,0,0,0,0,0,0,0,-76000,0,0,0,2000,78000,-76000,-76000
052886,世紀鋼兆豐96購01,0,0,0,0,0,0,0,0,0,-76000,0,0,0,4000,80000,-76000,-76000
06322P,超眾統一97售04  ,0,0,0,0,0,0,0,0,0,-76000,0,0,0,12000,88000,-76000,-76000
2601,益航            ,274000,337000,-63000,0,0,0,0,0,0,-13000,1000,14000,-13000,0,0,0,-76000
06476P,臺股指永豐98售01,0,0,0,0,0,0,0,0,0,-76000,0,0,0,0,76000,-76000,-76000
054835,致新中信97購01  ,0,0,0,0,0,0,0,0,0,-77000,0,0,0,270000,347000,-77000,-77000
055706,大立光永豐97購03,0,0,0,0,0,0,0,0,0,-77000,0,0,0,100000,177000,-77000,-77000
055378,晶相光元大97購02,0,0,0,0,0,0,0,0,0,-77000,0,0,0,107000,184000,-77000,-77000
056158,新日興凱基98購02,0,0,0,0,0,0,0,0,0,-77000,0,0,0,73000,150000,-77000,-77000
04544P,欣興富邦96售02  ,0,0,0,0,0,0,0,0,0,-77000,0,0,0,0,77000,-77000,-77000
044512,奇力新凱基93購02,0,0,0,0,0,0,0,0,0,-77000,0,0,0,0,77000,-77000,-77000
050442,復盛凱基94購01  ,0,0,0,0,0,0,0,0,0,-77000,0,0,0,2000,79000,-77000,-77000
046122,晶技元大92購01  ,0,0,0,0,0,0,0,0,0,-77000,0,0,0,0,77000,-77000,-77000
046954,同欣電國票93購01,0,0,0,0,0,0,0,0,0,-77000,0,0,0,0,77000,-77000,-77000
048099,健策凱基93購06  ,0,0,0,0,0,0,0,0,0,-77000,0,0,0,39000,116000,-77000,-77000
052533,聯發科國泰96購03,0,0,0,0,0,0,0,0,0,-77000,0,0,0,38000,115000,-77000,-77000
052209,深中小元大95購02,0,0,0,0,0,0,0,0,0,-77000,0,0,0,3000,80000,-77000,-77000
054292,欣興元大96購06  ,0,0,0,0,0,0,0,0,0,-77000,0,0,0,448000,525000,-77000,-77000
053400,緯穎中信9A購01  ,0,0,0,0,0,0,0,0,0,-77000,0,0,0,7000,84000,-77000,-77000
053640,上緯控永豐96購01,0,0,0,0,0,0,0,0,0,-77000,0,0,0,0,77000,-77000,-77000
057002,友達國票98購01  ,0,0,0,0,0,0,0,0,0,-78000,0,0,0,0,78000,-78000,-78000
056517,茂林兆豐99購01  ,0,0,0,0,0,0,0,0,0,-78000,0,0,0,24000,102000,-78000,-78000
055220,緯穎凱基98購02  ,0,0,0,0,0,0,0,0,0,-78000,0,0,0,84000,162000,-78000,-78000
055525,國巨群益98購05  ,0,0,0,0,0,0,0,0,0,-78000,0,0,0,95000,173000,-78000,-78000
055575,華新科統一98購01,0,0,0,0,0,0,0,0,0,-78000,0,0,0,162000,240000,-78000,-78000
049994,聯茂台新94購02  ,0,0,0,0,0,0,0,0,0,-78000,0,0,0,0,78000,-78000,-78000
051243,微星元大95購01  ,0,0,0,0,0,0,0,0,0,-78000,0,0,0,222000,300000,-78000,-78000
054219,楠梓電統一97購01,0,0,0,0,0,0,0,0,0,-78000,0,0,0,0,78000,-78000,-78000
052214,智伸科元大96購01,0,0,0,0,0,0,0,0,0,-78000,0,0,0,27000,105000,-78000,-78000
06326P,鴻海中信01售01  ,0,0,0,0,0,0,0,0,0,-78000,0,0,0,28000,106000,-78000,-78000
3042,晶技            ,448000,607000,-159000,0,0,0,0,0,0,81000,67000,0,67000,16000,2000,14000,-78000
056545,TPK凱基98購02   ,0,0,0,0,0,0,0,0,0,-79000,0,0,0,0,79000,-79000,-79000
050422,鴻海凱基96購01  ,0,0,0,0,0,0,0,0,0,-79000,0,0,0,110000,189000,-79000,-79000
051182,旺宏永豐95購01  ,0,0,0,0,0,0,0,0,0,-79000,0,0,0,10000,89000,-79000,-79000
051073,同欣電國票96購01,0,0,0,0,0,0,0,0,0,-79000,0,0,0,39000,118000,-79000,-79000
048476,同欣電永豐93購01,0,0,0,0,0,0,0,0,0,-79000,0,0,0,37000,116000,-79000,-79000
051572,上銀元大95購01  ,0,0,0,0,0,0,0,0,0,-79000,0,0,0,31000,110000,-79000,-79000
051419,麗豐國票96購01  ,0,0,0,0,0,0,0,0,0,-79000,0,0,0,20000,99000,-79000,-79000
052402,健策凱基97購01  ,0,0,0,0,0,0,0,0,0,-79000,0,0,0,51000,130000,-79000,-79000
052015,漢唐永豐95購02  ,0,0,0,0,0,0,0,0,0,-79000,0,0,0,0,79000,-79000,-79000
052827,昇陽半永豐97購01,0,0,0,0,0,0,0,0,0,-79000,0,0,0,197000,276000,-79000,-79000
054096,佳世達國票97購01,0,0,0,0,0,0,0,0,0,-79000,0,0,0,1000,80000,-79000,-79000
053421,南亞科永豐96購01,0,0,0,0,0,0,0,0,0,-79000,0,0,0,21000,100000,-79000,-79000
05999P,世芯元大96售01  ,0,0,0,0,0,0,0,0,0,-79000,0,0,0,137000,216000,-79000,-79000
05820P,臺股指凱基96售17,0,0,0,0,0,0,0,0,0,-79000,0,0,0,2000,81000,-79000,-79000
055783,群創凱基99購03  ,0,0,0,0,0,0,0,0,0,-80000,0,0,0,0,80000,-80000,-80000
055821,勤誠國票98購01  ,0,0,0,0,0,0,0,0,0,-80000,0,0,0,55000,135000,-80000,-80000
055574,美律統一97購01  ,0,0,0,0,0,0,0,0,0,-80000,0,0,0,48000,128000,-80000,-80000
055720,宏達電元大97購05,0,0,0,0,0,0,0,0,0,-80000,0,0,0,0,80000,-80000,-80000
055070,聯茂永豐97購01  ,0,0,0,0,0,0,0,0,0,-80000,0,0,0,0,80000,-80000,-80000
054773,台郡國票98購01  ,0,0,0,0,0,0,0,0,0,-80000,0,0,0,20000,100000,-80000,-80000
045664,元油2X元富96購01,0,0,0,0,0,0,0,0,0,-80000,0,0,0,0,80000,-80000,-80000
047989,深中小元大96購02,0,0,0,0,0,0,0,0,0,-80000,0,0,0,0,80000,-80000,-80000
045873,元油2X元富98購04,0,0,0,0,0,0,0,0,0,-80000,0,0,0,115000,195000,-80000,-80000
04340P,易華電元大94售02,0,0,0,0,0,0,0,0,0,-80000,0,0,0,0,80000,-80000,-80000
04035P,全新群益93售03  ,0,0,0,0,0,0,0,0,0,-80000,0,0,0,0,80000,-80000,-80000
03826P,瀚宇博元大95售01,0,0,0,0,0,0,0,0,0,-80000,0,0,0,0,80000,-80000,-80000
03483P,聯發科國泰04售01,0,0,0,0,0,0,0,0,0,-80000,0,0,0,0,80000,-80000,-80000
051609,貿聯群益95購03  ,0,0,0,0,0,0,0,0,0,-80000,0,0,0,0,80000,-80000,-80000
049067,元油2X凱基94購02,0,0,0,0,0,0,0,0,0,-80000,0,0,0,0,80000,-80000,-80000
049866,景碩兆豐94購01  ,0,0,0,0,0,0,0,0,0,-80000,0,0,0,100000,180000,-80000,-80000
048863,超眾群益94購01  ,0,0,0,0,0,0,0,0,0,-80000,0,0,0,0,80000,-80000,-80000
053773,上銀元大96購04  ,0,0,0,0,0,0,0,0,0,-80000,0,0,0,73000,153000,-80000,-80000
054099,TPK國票98購01   ,0,0,0,0,0,0,0,0,0,-80000,0,0,0,10000,90000,-80000,-80000
05436P,台積電群益95售07,0,0,0,0,0,0,0,0,0,-80000,0,0,0,0,80000,-80000,-80000
052587,景碩永豐97購01  ,0,0,0,0,0,0,0,0,0,-80000,0,0,0,30000,110000,-80000,-80000
053110,大立光兆豐97購01,0,0,0,0,0,0,0,0,0,-80000,0,0,0,0,80000,-80000,-80000
05495P,大立光統一95售07,0,0,0,0,0,0,0,0,0,-81000,0,0,0,10000,91000,-81000,-81000
055430,宏達電群益97購01,0,0,0,0,0,0,0,0,0,-81000,0,0,0,0,81000,-81000,-81000
055317,金寶國票98購01  ,0,0,0,0,0,0,0,0,0,-81000,0,0,0,345000,426000,-81000,-81000
056579,麗豐元大99購01  ,0,0,0,0,0,0,0,0,0,-81000,0,0,0,16000,97000,-81000,-81000
056420,台表科元富98購01,0,0,0,0,0,0,0,0,0,-81000,0,0,0,32000,113000,-81000,-81000
045022,聯電亞東93購01  ,0,0,0,0,0,0,0,0,0,-81000,0,0,0,0,81000,-81000,-81000
04120P,智邦凱基93售09  ,0,0,0,0,0,0,0,0,0,-81000,0,0,0,0,81000,-81000,-81000
04776P,聯發科凱基94售06,0,0,0,0,0,0,0,0,0,-81000,0,0,0,0,81000,-81000,-81000
048626,矽創台新93購01  ,0,0,0,0,0,0,0,0,0,-81000,0,0,0,46000,127000,-81000,-81000
049197,信邦永豐94購01  ,0,0,0,0,0,0,0,0,0,-81000,0,0,0,144000,225000,-81000,-81000
049216,華邦電國票95購01,0,0,0,0,0,0,0,0,0,-81000,0,0,0,0,81000,-81000,-81000
05089P,亞德客元大95售01,0,0,0,0,0,0,0,0,0,-81000,0,0,0,1000,82000,-81000,-81000
04970P,中環元富94售02  ,0,0,0,0,0,0,0,0,0,-81000,0,0,0,0,81000,-81000,-81000
048203,矽力元大93購02  ,0,0,0,0,0,0,0,0,0,-81000,0,0,0,10000,91000,-81000,-81000
048114,景碩群益93購02  ,0,0,0,0,0,0,0,0,0,-81000,0,0,0,15000,96000,-81000,-81000
051690,超眾凱基95購03  ,0,0,0,0,0,0,0,0,0,-81000,0,0,0,0,81000,-81000,-81000
054363,世芯凱基97購01  ,0,0,0,0,0,0,0,0,0,-81000,0,0,0,107000,188000,-81000,-81000
053456,大立光元富96購04,0,0,0,0,0,0,0,0,0,-81000,0,0,0,117000,198000,-81000,-81000
06488P,台積電元富98售05,0,0,0,0,0,0,0,0,0,-81000,0,0,0,309000,390000,-81000,-81000
1604,聲寶            ,7000,88000,-81000,0,0,0,0,0,0,0,0,0,0,0,0,0,-81000
2464,盟立            ,56000,137000,-81000,0,0,0,0,0,0,0,0,0,0,0,0,0,-81000
056961,凱美永豐98購01  ,0,0,0,0,0,0,0,0,0,-82000,0,0,0,116000,198000,-82000,-82000
046671,彩晶元大93購03  ,0,0,0,0,0,0,0,0,0,-82000,0,0,0,43000,125000,-82000,-82000
047847,鴻海統一93購07  ,0,0,0,0,0,0,0,0,0,-82000,0,0,0,150000,232000,-82000,-82000
051534,景碩國票97購01  ,0,0,0,0,0,0,0,0,0,-82000,0,0,0,52000,134000,-82000,-82000
048628,T50反1元大96購03,0,0,0,0,0,0,0,0,0,-82000,0,0,0,30000,112000,-82000,-82000
055907,台虹兆豐98購01  ,0,0,0,0,0,0,0,0,0,-83000,0,0,0,0,83000,-83000,-83000
054778,世紀鋼國票99購01,0,0,0,0,0,0,0,0,0,-83000,0,0,0,20000,103000,-83000,-83000
045618,元油2X永豐98購01,0,0,0,0,0,0,0,0,0,-83000,0,0,0,8000,91000,-83000,-83000
050557,台積電統一94購13,0,0,0,0,0,0,0,0,0,-83000,0,0,0,0,83000,-83000,-83000
048265,創意元富93購05  ,0,0,0,0,0,0,0,0,0,-83000,0,0,0,0,83000,-83000,-83000
05154P,台積電兆豐95售05,0,0,0,0,0,0,0,0,0,-83000,0,0,0,35000,118000,-83000,-83000
049312,亞光凱基94購02  ,0,0,0,0,0,0,0,0,0,-83000,0,0,0,3000,86000,-83000,-83000
053510,聯電群益97購01  ,0,0,0,0,0,0,0,0,0,-83000,0,0,0,86000,169000,-83000,-83000
053843,訊芯統一96購01  ,0,0,0,0,0,0,0,0,0,-83000,0,0,0,107000,190000,-83000,-83000
053816,聯發科群益96購02,0,0,0,0,0,0,0,0,0,-83000,0,0,0,0,83000,-83000,-83000
05895P,奇力新群益96售03,0,0,0,0,0,0,0,0,0,-83000,0,0,0,30000,113000,-83000,-83000
06170P,禾伸堂元富97售02,0,0,0,0,0,0,0,0,0,-83000,0,0,0,116000,199000,-83000,-83000
4426,利勤            ,92000,176000,-84000,0,0,0,0,0,0,1000,2000,1000,1000,0,0,0,-83000
054776,矽創國票98購01  ,0,0,0,0,0,0,0,0,0,-84000,0,0,0,16000,100000,-84000,-84000
054582,致新元大97購01  ,0,0,0,0,0,0,0,0,0,-84000,0,0,0,1000,85000,-84000,-84000
055760,新日興群益98購02,0,0,0,0,0,0,0,0,0,-84000,0,0,0,411000,495000,-84000,-84000
05618P,聯發科元富96售02,0,0,0,0,0,0,0,0,0,-84000,0,0,0,27000,111000,-84000,-84000
056539,新光金凱基9A購01,0,0,0,0,0,0,0,0,0,-84000,0,0,0,0,84000,-84000,-84000
046240,中鋼中信94購01  ,0,0,0,0,0,0,0,0,0,-84000,0,0,0,30000,114000,-84000,-84000
050750,上銀統一94購02  ,0,0,0,0,0,0,0,0,0,-84000,0,0,0,31000,115000,-84000,-84000
048962,宏全康和94購01  ,0,0,0,0,0,0,0,0,0,-84000,0,0,0,0,84000,-84000,-84000
051120,南亞科群益95購01,0,0,0,0,0,0,0,0,0,-84000,0,0,0,56000,140000,-84000,-84000
051001,緯穎元大96購02  ,0,0,0,0,0,0,0,0,0,-84000,0,0,0,201000,285000,-84000,-84000
2208,台船            ,265000,349000,-84000,0,0,0,0,0,0,0,0,0,0,0,0,0,-84000
055763,鎧勝群益97購01  ,0,0,0,0,0,0,0,0,0,-85000,0,0,0,0,85000,-85000,-85000
054791,泰碩群益99購02  ,0,0,0,0,0,0,0,0,0,-85000,0,0,0,55000,140000,-85000,-85000
054975,福懋科元大97購01,0,0,0,0,0,0,0,0,0,-85000,0,0,0,0,85000,-85000,-85000
054824,同欣電元大97購04,0,0,0,0,0,0,0,0,0,-85000,0,0,0,85000,170000,-85000,-85000
00693U,街口S&P黃豆     ,22000,0,22000,0,0,0,0,0,0,-107000,70000,0,70000,23000,200000,-177000,-85000
04962P,易華電凱基96售01,0,0,0,0,0,0,0,0,0,-85000,0,0,0,3000,88000,-85000,-85000
050104,元石油元大97購02,0,0,0,0,0,0,0,0,0,-85000,0,0,0,0,85000,-85000,-85000
053255,貿聯國泰97購01  ,0,0,0,0,0,0,0,0,0,-85000,0,0,0,95000,180000,-85000,-85000
05262P,台積電元大95售19,0,0,0,0,0,0,0,0,0,-85000,0,0,0,0,85000,-85000,-85000
06120P,大立光凱基98售05,0,0,0,0,0,0,0,0,0,-85000,0,0,0,0,85000,-85000,-85000
05931P,鴻海凱基96售15  ,0,0,0,0,0,0,0,0,0,-85000,0,0,0,0,85000,-85000,-85000
054541,康控國票98購01  ,0,0,0,0,0,0,0,0,0,-86000,0,0,0,90000,176000,-86000,-86000
055244,國巨統一98購01  ,0,0,0,0,0,0,0,0,0,-86000,0,0,0,111000,197000,-86000,-86000
055841,南亞科元大97購04,0,0,0,0,0,0,0,0,0,-86000,0,0,0,5000,91000,-86000,-86000
056724,臻鼎中信9A購01  ,0,0,0,0,0,0,0,0,0,-86000,0,0,0,20000,106000,-86000,-86000
044689,超眾凱基93購03  ,0,0,0,0,0,0,0,0,0,-86000,0,0,0,5000,91000,-86000,-86000
049965,矽創元富94購01  ,0,0,0,0,0,0,0,0,0,-86000,0,0,0,10000,96000,-86000,-86000
048217,亞德客凱基93購06,0,0,0,0,0,0,0,0,0,-86000,0,0,0,1000,87000,-86000,-86000
048288,T50反1群益93購05,0,0,0,0,0,0,0,0,0,-86000,0,0,0,0,86000,-86000,-86000
052684,旺宏元大98購01  ,0,0,0,0,0,0,0,0,0,-86000,0,0,0,73000,159000,-86000,-86000
05173P,臺股指元大95售17,0,0,0,0,0,0,0,0,0,-86000,0,0,0,0,86000,-86000,-86000
054117,宏全康和96購01  ,0,0,0,0,0,0,0,0,0,-86000,0,0,0,0,86000,-86000,-86000
054043,漢唐元大97購01  ,0,0,0,0,0,0,0,0,0,-86000,0,0,0,0,86000,-86000,-86000
05848P,臺股指元大96售24,0,0,0,0,0,0,0,0,0,-86000,0,0,0,15000,101000,-86000,-86000
06102P,智邦凱基97售03  ,0,0,0,0,0,0,0,0,0,-86000,0,0,0,35000,121000,-86000,-86000
2444,兆勁            ,4000,90000,-86000,0,0,0,0,0,0,0,0,0,0,0,0,0,-86000
2392,正崴            ,123000,345000,-222000,0,0,0,0,0,0,136000,3000,0,3000,158000,25000,133000,-86000
4746,台耀            ,10000,96000,-86000,0,0,0,0,0,0,0,0,0,0,0,0,0,-86000
055292,聯鈞元大97購02  ,0,0,0,0,0,0,0,0,0,-87000,0,0,0,10000,97000,-87000,-87000
054948,聯發科元大97購14,0,0,0,0,0,0,0,0,0,-87000,0,0,0,103000,190000,-87000,-87000
045161,玉晶光國泰94購03,0,0,0,0,0,0,0,0,0,-87000,0,0,0,391000,478000,-87000,-87000
049280,創意國票95購01  ,0,0,0,0,0,0,0,0,0,-87000,0,0,0,0,87000,-87000,-87000
048091,漢唐凱基93購03  ,0,0,0,0,0,0,0,0,0,-87000,0,0,0,0,87000,-87000,-87000
054490,臻鼎台新96購02  ,0,0,0,0,0,0,0,0,0,-87000,0,0,0,49000,136000,-87000,-87000
053264,南亞科群益96購01,0,0,0,0,0,0,0,0,0,-87000,0,0,0,68000,155000,-87000,-87000
052327,聯詠中信95購03  ,0,0,0,0,0,0,0,0,0,-87000,0,0,0,48000,135000,-87000,-87000
052813,T50正2永豐96購01,0,0,0,0,0,0,0,0,0,-87000,0,0,0,24000,111000,-87000,-87000
1515,力山            ,109000,194000,-85000,0,0,0,0,0,0,-2000,1000,0,1000,5000,8000,-3000,-87000
056901,華新科元大98購03,0,0,0,0,0,0,0,0,0,-88000,0,0,0,4000,92000,-88000,-88000
056268,新日興統一97購01,0,0,0,0,0,0,0,0,0,-88000,0,0,0,42000,130000,-88000,-88000
00676R,富邦臺灣加權反1 ,0,0,0,0,0,0,0,0,0,-88000,0,0,0,339000,427000,-88000,-88000
04375P,卜蜂元大94售01  ,0,0,0,0,0,0,0,0,0,-88000,0,0,0,0,88000,-88000,-88000
047154,新光金國票95購01,0,0,0,0,0,0,0,0,0,-88000,0,0,0,0,88000,-88000,-88000
049119,元油2X元富94購04,0,0,0,0,0,0,0,0,0,-88000,0,0,0,13000,101000,-88000,-88000
048936,玉晶光永豐94購05,0,0,0,0,0,0,0,0,0,-88000,0,0,0,56000,144000,-88000,-88000
051261,鴻海永昌96購05  ,0,0,0,0,0,0,0,0,0,-88000,0,0,0,231000,319000,-88000,-88000
051291,聯詠統一95購01  ,0,0,0,0,0,0,0,0,0,-88000,0,0,0,72000,160000,-88000,-88000
051255,康控元大96購04  ,0,0,0,0,0,0,0,0,0,-88000,0,0,0,0,88000,-88000,-88000
050337,南電國泰95購01  ,0,0,0,0,0,0,0,0,0,-88000,0,0,0,33000,121000,-88000,-88000
052687,國泰金元大96購03,0,0,0,0,0,0,0,0,0,-88000,0,0,0,111000,199000,-88000,-88000
054209,台積電國票97購08,0,0,0,0,0,0,0,0,0,-88000,0,0,0,202000,290000,-88000,-88000
6191,精成科          ,102000,192000,-90000,0,0,0,0,0,0,2000,2000,0,2000,0,0,0,-88000
055828,上銀元大97購05  ,0,0,0,0,0,0,0,0,0,-89000,0,0,0,75000,164000,-89000,-89000
055603,超眾元大97購04  ,0,0,0,0,0,0,0,0,0,-89000,0,0,0,23000,112000,-89000,-89000
045957,技嘉凱基93購03  ,0,0,0,0,0,0,0,0,0,-89000,0,0,0,32000,121000,-89000,-89000
050870,旭富永豐95購01  ,0,0,0,0,0,0,0,0,0,-89000,0,0,0,60000,149000,-89000,-89000
050447,廣達元大94購01  ,0,0,0,0,0,0,0,0,0,-89000,0,0,0,70000,159000,-89000,-89000
049724,南電第一94購01  ,0,0,0,0,0,0,0,0,0,-89000,0,0,0,0,89000,-89000,-89000
050915,健策中信98購01  ,0,0,0,0,0,0,0,0,0,-89000,0,0,0,81000,170000,-89000,-89000
049038,高鐵兆豐94購01  ,0,0,0,0,0,0,0,0,0,-89000,0,0,0,22000,111000,-89000,-89000
049049,玉晶光康和94購02,0,0,0,0,0,0,0,0,0,-89000,0,0,0,40000,129000,-89000,-89000
052705,超眾國票97購01  ,0,0,0,0,0,0,0,0,0,-89000,0,0,0,70000,159000,-89000,-89000
055194,昇陽半元富97購01,0,0,0,0,0,0,0,0,0,-90000,0,0,0,193000,283000,-90000,-90000
055978,大立光統一98購05,0,0,0,0,0,0,0,0,0,-90000,0,0,0,15000,105000,-90000,-90000
056416,華新科中信98購01,0,0,0,0,0,0,0,0,0,-90000,0,0,0,1000,91000,-90000,-90000
048028,聯發科凱基93購25,0,0,0,0,0,0,0,0,0,-90000,0,0,0,30000,120000,-90000,-90000
050640,致新國票94購01  ,0,0,0,0,0,0,0,0,0,-90000,0,0,0,0,90000,-90000,-90000
050429,漢唐凱基94購04  ,0,0,0,0,0,0,0,0,0,-90000,0,0,0,10000,100000,-90000,-90000
048698,宏達電國票95購01,0,0,0,0,0,0,0,0,0,-90000,0,0,0,0,90000,-90000,-90000
047655,聯發科兆豐93購02,0,0,0,0,0,0,0,0,0,-90000,0,0,0,0,90000,-90000,-90000
03444P,道瓊銀群益02售04,0,0,0,0,0,0,0,0,0,-90000,0,0,0,18000,108000,-90000,-90000
048197,義隆元大93購04  ,0,0,0,0,0,0,0,0,0,-90000,0,0,0,0,90000,-90000,-90000
050301,矽創凱基94購03  ,0,0,0,0,0,0,0,0,0,-90000,0,0,0,10000,100000,-90000,-90000
050281,台積電日盛94購03,0,0,0,0,0,0,0,0,0,-90000,0,0,0,100000,190000,-90000,-90000
048964,劍麟元大94購01  ,0,0,0,0,0,0,0,0,0,-90000,0,0,0,10000,100000,-90000,-90000
048529,京元電國票94購01,0,0,0,0,0,0,0,0,0,-90000,0,0,0,0,90000,-90000,-90000
05068P,鴻海統一95售06  ,0,0,0,0,0,0,0,0,0,-90000,0,0,0,42000,132000,-90000,-90000
051070,正崴國票96購01  ,0,0,0,0,0,0,0,0,0,-90000,0,0,0,0,90000,-90000,-90000
052554,正崴國票97購01  ,0,0,0,0,0,0,0,0,0,-90000,0,0,0,0,90000,-90000,-90000
053039,聯發科凱基96購11,0,0,0,0,0,0,0,0,0,-90000,0,0,0,115000,205000,-90000,-90000
052944,宏達電國票97購01,0,0,0,0,0,0,0,0,0,-90000,0,0,0,20000,110000,-90000,-90000
052244,廣達康和95購01  ,0,0,0,0,0,0,0,0,0,-90000,0,0,0,0,90000,-90000,-90000
051983,道瓊反元大95購01,0,0,0,0,0,0,0,0,0,-90000,0,0,0,0,90000,-90000,-90000
053521,緯穎群益96購02  ,0,0,0,0,0,0,0,0,0,-90000,0,0,0,30000,120000,-90000,-90000
053742,創意國票97購01  ,0,0,0,0,0,0,0,0,0,-90000,0,0,0,0,90000,-90000,-90000
053676,新光金國泰98購02,0,0,0,0,0,0,0,0,0,-90000,0,0,0,27000,117000,-90000,-90000
2362,藍天            ,334000,89000,245000,0,0,0,0,310000,-310000,-25000,1000,26000,-25000,0,0,0,-90000
06033P,可成凱基96售09  ,0,0,0,0,0,0,0,0,0,-90000,0,0,0,0,90000,-90000,-90000
056897,南亞科元大98購02,0,0,0,0,0,0,0,0,0,-91000,0,0,0,35000,126000,-91000,-91000
05480P,滬深2X凱基96售05,0,0,0,0,0,0,0,0,0,-91000,0,0,0,105000,196000,-91000,-91000
044563,亞德客凱基92購01,0,0,0,0,0,0,0,0,0,-91000,0,0,0,1000,92000,-91000,-91000
045308,泰鼎元大93購02  ,0,0,0,0,0,0,0,0,0,-91000,0,0,0,9000,100000,-91000,-91000
048935,玉晶光永豐94購04,0,0,0,0,0,0,0,0,0,-91000,0,0,0,100000,191000,-91000,-91000
049167,元油2X凱基97購03,0,0,0,0,0,0,0,0,0,-91000,0,0,0,0,91000,-91000,-91000
049902,大立光元富94購05,0,0,0,0,0,0,0,0,0,-91000,0,0,0,0,91000,-91000,-91000
050159,超眾群益94購03  ,0,0,0,0,0,0,0,0,0,-91000,0,0,0,0,91000,-91000,-91000
049785,華新科兆豐95購01,0,0,0,0,0,0,0,0,0,-91000,0,0,0,45000,136000,-91000,-91000
052943,奇力新國票96購02,0,0,0,0,0,0,0,0,0,-91000,0,0,0,47000,138000,-91000,-91000
053045,國巨中信97購01  ,0,0,0,0,0,0,0,0,0,-91000,0,0,0,537000,628000,-91000,-91000
2888A,新光金甲特      ,9000,0,9000,0,0,0,0,0,0,-100000,0,100000,-100000,0,0,0,-91000
2022,聚亨            ,10000,101000,-91000,0,0,0,0,0,0,0,0,0,0,0,0,0,-91000
054622,漢唐第一97購01  ,0,0,0,0,0,0,0,0,0,-92000,0,0,0,0,92000,-92000,-92000
055164,矽創元大98購01  ,0,0,0,0,0,0,0,0,0,-92000,0,0,0,182000,274000,-92000,-92000
056920,友達兆豐98購02  ,0,0,0,0,0,0,0,0,0,-92000,0,0,0,8000,100000,-92000,-92000
055876,美食元富9A購01  ,0,0,0,0,0,0,0,0,0,-92000,0,0,0,693000,785000,-92000,-92000
04737P,正崴永豐94售02  ,0,0,0,0,0,0,0,0,0,-92000,0,0,0,0,92000,-92000,-92000
049417,奇力新凱基94購02,0,0,0,0,0,0,0,0,0,-92000,0,0,0,37000,129000,-92000,-92000
051003,中環中信97購01  ,0,0,0,0,0,0,0,0,0,-92000,0,0,0,130000,222000,-92000,-92000
053229,南電台新97購01  ,0,0,0,0,0,0,0,0,0,-92000,0,0,0,36000,128000,-92000,-92000
05888P,友達元大97售01  ,0,0,0,0,0,0,0,0,0,-92000,0,0,0,0,92000,-92000,-92000
06215P,康控永豐97售02  ,0,0,0,0,0,0,0,0,0,-92000,0,0,0,10000,102000,-92000,-92000
056429,華通凱基98購02  ,0,0,0,0,0,0,0,0,0,-93000,0,0,0,37000,130000,-93000,-93000
056619,強茂永豐98購01  ,0,0,0,0,0,0,0,0,0,-93000,0,0,0,20000,113000,-93000,-93000
054516,國巨元大97購02  ,0,0,0,0,0,0,0,0,0,-93000,0,0,0,78000,171000,-93000,-93000
052068,瑞儀兆豐96購01  ,0,0,0,0,0,0,0,0,0,-93000,0,0,0,17000,110000,-93000,-93000
051392,玉山金兆豐95購01,0,0,0,0,0,0,0,0,0,-93000,0,0,0,106000,199000,-93000,-93000
054202,樺漢富邦97購01  ,0,0,0,0,0,0,0,0,0,-93000,0,0,0,110000,203000,-93000,-93000
054446,美食兆豐97購01  ,0,0,0,0,0,0,0,0,0,-93000,0,0,0,196000,289000,-93000,-93000
052627,中壽中信98購01  ,0,0,0,0,0,0,0,0,0,-93000,0,0,0,0,93000,-93000,-93000
051937,廣達群益95購01  ,0,0,0,0,0,0,0,0,0,-93000,0,0,0,45000,138000,-93000,-93000
051763,新光金元大98購01,0,0,0,0,0,0,0,0,0,-93000,0,0,0,0,93000,-93000,-93000
05180P,玉晶光凱基95售04,0,0,0,0,0,0,0,0,0,-93000,0,0,0,300000,393000,-93000,-93000
055431,和鑫群益98購01  ,0,0,0,0,0,0,0,0,0,-94000,0,0,0,63000,157000,-94000,-94000
056422,全新統一98購02  ,0,0,0,0,0,0,0,0,0,-94000,0,0,0,100000,194000,-94000,-94000
055923,矽力凱基98購01  ,0,0,0,0,0,0,0,0,0,-94000,0,0,0,47000,141000,-94000,-94000
056190,昇陽半統一97購01,0,0,0,0,0,0,0,0,0,-94000,0,0,0,113000,207000,-94000,-94000
047442,聯詠元大93購09  ,0,0,0,0,0,0,0,0,0,-94000,0,0,0,0,94000,-94000,-94000
048066,樺漢統一93購01  ,0,0,0,0,0,0,0,0,0,-94000,0,0,0,6000,100000,-94000,-94000
045866,南茂統一94購01  ,0,0,0,0,0,0,0,0,0,-94000,0,0,0,0,94000,-94000,-94000
048227,亞光凱基93購05  ,0,0,0,0,0,0,0,0,0,-94000,0,0,0,0,94000,-94000,-94000
049311,漢唐凱基94購03  ,0,0,0,0,0,0,0,0,0,-94000,0,0,0,0,94000,-94000,-94000
049047,台達電台新94購01,0,0,0,0,0,0,0,0,0,-94000,0,0,0,0,94000,-94000,-94000
051875,聯發科兆豐95購04,0,0,0,0,0,0,0,0,0,-94000,0,0,0,0,94000,-94000,-94000
052767,智伸科群益98購01,0,0,0,0,0,0,0,0,0,-94000,0,0,0,0,94000,-94000,-94000
053091,同欣電元大96購01,0,0,0,0,0,0,0,0,0,-94000,0,0,0,12000,106000,-94000,-94000
05856P,A50正2中信99售01,0,0,0,0,0,0,0,0,0,-94000,0,0,0,3000,97000,-94000,-94000
056127,致新國票98購02  ,0,0,0,0,0,0,0,0,0,-95000,0,0,0,20000,115000,-95000,-95000
05583P,訊芯凱基96售01  ,0,0,0,0,0,0,0,0,0,-95000,0,0,0,5000,100000,-95000,-95000
055126,嘉澤兆豐97購01  ,0,0,0,0,0,0,0,0,0,-95000,0,0,0,38000,133000,-95000,-95000
055127,台虹兆豐97購01  ,0,0,0,0,0,0,0,0,0,-95000,0,0,0,5000,100000,-95000,-95000
047405,香港2X統一96購01,0,0,0,0,0,0,0,0,0,-95000,0,0,0,5000,100000,-95000,-95000
04456P,日月光統一94售01,0,0,0,0,0,0,0,0,0,-95000,0,0,0,70000,165000,-95000,-95000
03429B,臺股指元富97熊07,0,0,0,0,0,0,0,0,0,-95000,0,0,0,0,95000,-95000,-95000
03412P,滬深2X群益98售01,0,0,0,0,0,0,0,0,0,-95000,0,0,0,257000,352000,-95000,-95000
050135,禾伸堂兆豐95購01,0,0,0,0,0,0,0,0,0,-95000,0,0,0,20000,115000,-95000,-95000
050783,旺宏國泰96購02  ,0,0,0,0,0,0,0,0,0,-95000,0,0,0,0,95000,-95000,-95000
050879,樺漢統一95購02  ,0,0,0,0,0,0,0,0,0,-95000,0,0,0,97000,192000,-95000,-95000
053070,訊芯群益96購01  ,0,0,0,0,0,0,0,0,0,-95000,0,0,0,104000,199000,-95000,-95000
051725,緯穎永豐95購02  ,0,0,0,0,0,0,0,0,0,-95000,0,0,0,3000,98000,-95000,-95000
05427P,聯發科凱基96售07,0,0,0,0,0,0,0,0,0,-95000,0,0,0,200000,295000,-95000,-95000
053418,旺宏永豐96購02  ,0,0,0,0,0,0,0,0,0,-95000,0,0,0,250000,345000,-95000,-95000
053396,漢唐中信9A購01  ,0,0,0,0,0,0,0,0,0,-95000,0,0,0,0,95000,-95000,-95000
054540,泰鼎國票99購01  ,0,0,0,0,0,0,0,0,0,-96000,0,0,0,16000,112000,-96000,-96000
05654P,台光電統一96售01,0,0,0,0,0,0,0,0,0,-96000,0,0,0,20000,116000,-96000,-96000
056969,智易永豐98購01  ,0,0,0,0,0,0,0,0,0,-96000,0,0,0,0,96000,-96000,-96000
050031,嘉澤元大95購01  ,0,0,0,0,0,0,0,0,0,-96000,0,0,0,32000,128000,-96000,-96000
051641,矽創國票96購01  ,0,0,0,0,0,0,0,0,0,-96000,0,0,0,0,96000,-96000,-96000
053701,台積電兆豐96購05,0,0,0,0,0,0,0,0,0,-96000,0,0,0,13000,109000,-96000,-96000
053667,鴻海統一96購12  ,0,0,0,0,0,0,0,0,0,-96000,0,0,0,0,96000,-96000,-96000
054244,華新元大96購01  ,0,0,0,0,0,0,0,0,0,-96000,0,0,0,4000,100000,-96000,-96000
05885P,牧德統一96售01  ,0,0,0,0,0,0,0,0,0,-96000,0,0,0,81000,177000,-96000,-96000
056709,華通永豐98購01  ,0,0,0,0,0,0,0,0,0,-97000,0,0,0,77000,174000,-97000,-97000
055796,南電國泰98購01  ,0,0,0,0,0,0,0,0,0,-97000,0,0,0,101000,198000,-97000,-97000
056078,勤誠元大97購01  ,0,0,0,0,0,0,0,0,0,-97000,0,0,0,21000,118000,-97000,-97000
055123,億光兆豐97購01  ,0,0,0,0,0,0,0,0,0,-97000,0,0,0,110000,207000,-97000,-97000
054909,福懋科康和97購01,0,0,0,0,0,0,0,0,0,-97000,0,0,0,210000,307000,-97000,-97000
042930,大立光中信94購01,0,0,0,0,0,0,0,0,0,-97000,0,0,0,0,97000,-97000,-97000
047519,台達電元大93購02,0,0,0,0,0,0,0,0,0,-97000,0,0,0,1000,98000,-97000,-97000
047542,華通凱基94購02  ,0,0,0,0,0,0,0,0,0,-97000,0,0,0,10000,107000,-97000,-97000
048021,滬深反凱基93購02,0,0,0,0,0,0,0,0,0,-97000,0,0,0,0,97000,-97000,-97000
051623,和碩凱基96購02  ,0,0,0,0,0,0,0,0,0,-97000,0,0,0,37000,134000,-97000,-97000
051602,南茂兆豐96購01  ,0,0,0,0,0,0,0,0,0,-97000,0,0,0,0,97000,-97000,-97000
051401,華新科永豐95購01,0,0,0,0,0,0,0,0,0,-97000,0,0,0,73000,170000,-97000,-97000
049998,奇力新永豐94購03,0,0,0,0,0,0,0,0,0,-97000,0,0,0,11000,108000,-97000,-97000
050258,為升元大94購08  ,0,0,0,0,0,0,0,0,0,-97000,0,0,0,38000,135000,-97000,-97000
048548,緯穎永豐93購02  ,0,0,0,0,0,0,0,0,0,-97000,0,0,0,1000,98000,-97000,-97000
050732,台虹國票94購01  ,0,0,0,0,0,0,0,0,0,-97000,0,0,0,40000,137000,-97000,-97000
053326,瀚宇博台新96購01,0,0,0,0,0,0,0,0,0,-97000,0,0,0,0,97000,-97000,-97000
052669,群創群益98購06  ,0,0,0,0,0,0,0,0,0,-97000,0,0,0,130000,227000,-97000,-97000
06016P,京元電凱基96售03,0,0,0,0,0,0,0,0,0,-97000,0,0,0,25000,122000,-97000,-97000
055601,茂林元大97購03  ,0,0,0,0,0,0,0,0,0,-98000,0,0,0,11000,109000,-98000,-98000
055534,晶技群益97購03  ,0,0,0,0,0,0,0,0,0,-98000,0,0,0,0,98000,-98000,-98000
056339,聯發科凱基99購02,0,0,0,0,0,0,0,0,0,-98000,0,0,0,7000,105000,-98000,-98000
046644,台達電國泰93購01,0,0,0,0,0,0,0,0,0,-98000,0,0,0,0,98000,-98000,-98000
046647,高鐵國泰93購01  ,0,0,0,0,0,0,0,0,0,-98000,0,0,0,0,98000,-98000,-98000
049267,瀚宇博元大95購02,0,0,0,0,0,0,0,0,0,-98000,0,0,0,29000,127000,-98000,-98000
050298,智伸科凱基94購02,0,0,0,0,0,0,0,0,0,-98000,0,0,0,0,98000,-98000,-98000
049967,華新科國票94購07,0,0,0,0,0,0,0,0,0,-98000,0,0,0,89000,187000,-98000,-98000
052763,晶技群益97購01  ,0,0,0,0,0,0,0,0,0,-98000,0,0,0,0,98000,-98000,-98000
052932,正文元大97購01  ,0,0,0,0,0,0,0,0,0,-98000,0,0,0,2000,100000,-98000,-98000
051928,大立光中信96購03,0,0,0,0,0,0,0,0,0,-98000,0,0,0,16000,114000,-98000,-98000
051924,聯茂日盛95購01  ,0,0,0,0,0,0,0,0,0,-98000,0,0,0,69000,167000,-98000,-98000
052389,聯發科群益95購05,0,0,0,0,0,0,0,0,0,-98000,0,0,0,0,98000,-98000,-98000
053642,瀚宇博永豐96購01,0,0,0,0,0,0,0,0,0,-98000,0,0,0,35000,133000,-98000,-98000
053815,聯發科群益96購01,0,0,0,0,0,0,0,0,0,-98000,0,0,0,0,98000,-98000,-98000
054312,TPK凱基98購01   ,0,0,0,0,0,0,0,0,0,-98000,0,0,0,0,98000,-98000,-98000
056680,華通統一98購04  ,0,0,0,0,0,0,0,0,0,-99000,0,0,0,22000,121000,-99000,-99000
055588,瑞昱元大97購03  ,0,0,0,0,0,0,0,0,0,-99000,0,0,0,133000,232000,-99000,-99000
055435,佳世達中信99購01,0,0,0,0,0,0,0,0,0,-99000,0,0,0,1000,100000,-99000,-99000
047995,台達電元大96購01,0,0,0,0,0,0,0,0,0,-99000,0,0,0,1000,100000,-99000,-99000
051560,玉晶光國泰97購03,0,0,0,0,0,0,0,0,0,-99000,0,0,0,370000,469000,-99000,-99000
048650,台表科元大93購05,0,0,0,0,0,0,0,0,0,-99000,0,0,0,3000,102000,-99000,-99000
05381P,聯詠群益95售02  ,0,0,0,0,0,0,0,0,0,-99000,0,0,0,11000,110000,-99000,-99000
053568,智伸科富邦98購01,0,0,0,0,0,0,0,0,0,-99000,0,0,0,10000,109000,-99000,-99000
053374,台達電元大96購03,0,0,0,0,0,0,0,0,0,-99000,0,0,0,1000,100000,-99000,-99000
052742,可成元大96購01  ,0,0,0,0,0,0,0,0,0,-99000,0,0,0,0,99000,-99000,-99000
08671P,友訊國票01售01  ,0,0,0,0,0,0,0,0,0,-99000,0,0,0,0,99000,-99000,-99000
3047,訊舟            ,6000,107000,-101000,0,0,0,0,0,0,2000,2000,0,2000,0,0,0,-99000
055520,矽力中信97購02  ,0,0,0,0,0,0,0,0,0,-100000,0,0,0,205000,305000,-100000,-100000
055286,晶技元大98購03  ,0,0,0,0,0,0,0,0,0,-100000,0,0,0,0,100000,-100000,-100000
055033,漢唐富邦98購01  ,0,0,0,0,0,0,0,0,0,-100000,0,0,0,0,100000,-100000,-100000
054524,華通元富96購03  ,0,0,0,0,0,0,0,0,0,-100000,0,0,0,0,100000,-100000,-100000
054564,玉晶光群益99購01,0,0,0,0,0,0,0,0,0,-100000,0,0,0,33000,133000,-100000,-100000
056752,國巨兆豐98購02  ,0,0,0,0,0,0,0,0,0,-100000,0,0,0,0,100000,-100000,-100000
056794,上銀麥證98購01  ,0,0,0,0,100000,-100000,0,0,0,-100000,0,0,0,0,100000,-100000,-100000
05697P,友達凱基96售01  ,0,0,0,0,0,0,0,0,0,-100000,0,0,0,0,100000,-100000,-100000
056992,祥碩兆豐98購01  ,0,0,0,0,0,0,0,0,0,-100000,0,0,0,0,100000,-100000,-100000
056602,嘉澤國泰99購01  ,0,0,0,0,0,0,0,0,0,-100000,0,0,0,0,100000,-100000,-100000
056125,旺宏國票98購02  ,0,0,0,0,0,0,0,0,0,-100000,0,0,0,7000,107000,-100000,-100000
056216,智原第一97購01  ,0,0,0,0,0,0,0,0,0,-100000,0,0,0,0,100000,-100000,-100000
055794,聯發科國泰99購01,0,0,0,0,0,0,0,0,0,-100000,0,0,0,0,100000,-100000,-100000
055906,大立光兆豐97購03,0,0,0,0,0,0,0,0,0,-100000,0,0,0,0,100000,-100000,-100000
056034,華通凱基98購01  ,0,0,0,0,0,0,0,0,0,-100000,0,0,0,32000,132000,-100000,-100000
047643,新光金元大95購02,0,0,0,0,0,0,0,0,0,-100000,0,0,0,0,100000,-100000,-100000
047628,新光金國票95購02,0,0,0,0,0,0,0,0,0,-100000,0,0,0,0,100000,-100000,-100000
047838,亞光元大93購03  ,0,0,0,0,0,0,0,0,0,-100000,0,0,0,0,100000,-100000,-100000
045994,康控富邦94購01  ,0,0,0,0,0,0,0,0,0,-100000,0,0,0,10000,110000,-100000,-100000
04626P,聯發科元大94售07,0,0,0,0,0,0,0,0,0,-100000,0,0,0,0,100000,-100000,-100000
046332,同欣電元大92購01,0,0,0,0,0,0,0,0,0,-100000,0,0,0,0,100000,-100000,-100000
046314,宏達電元大92購05,0,0,0,0,0,0,0,0,0,-100000,0,0,0,0,100000,-100000,-100000
047549,聯發科凱基93購12,0,0,0,0,0,0,0,0,0,-100000,0,0,0,0,100000,-100000,-100000
049469,元金2X永豐94購01,0,0,0,0,0,0,0,0,0,-100000,0,0,0,0,100000,-100000,-100000
050524,宏達電元大95購04,0,0,0,0,0,0,0,0,0,-100000,0,0,0,150000,250000,-100000,-100000
047187,亞光元大94購01  ,0,0,0,0,0,0,0,0,0,-100000,0,0,0,0,100000,-100000,-100000
044643,滬深2X群益96購01,0,0,0,0,0,0,0,0,0,-100000,0,0,0,0,100000,-100000,-100000
04548P,大立光元大94售14,0,0,0,0,0,0,0,0,0,-100000,0,0,0,0,100000,-100000,-100000
046798,元油2X元大96購01,0,0,0,0,0,0,0,0,0,-100000,0,0,0,0,100000,-100000,-100000
043765,GIS元大93購04   ,0,0,0,0,0,0,0,0,0,-100000,0,0,0,0,100000,-100000,-100000
03819P,聯詠統一93售03  ,0,0,0,0,0,0,0,0,0,-100000,0,0,0,0,100000,-100000,-100000
04265P,滬深2X元富93售04,0,0,0,0,0,0,0,0,0,-100000,0,0,0,224000,324000,-100000,-100000
04503P,元油2X元富98售09,0,0,0,0,0,0,0,0,0,-100000,0,0,0,0,100000,-100000,-100000
045093,台表科元大93購02,0,0,0,0,0,0,0,0,0,-100000,0,0,0,0,100000,-100000,-100000
04006P,滬深2X國票9B售01,0,0,0,0,0,0,0,0,0,-100000,0,0,0,0,100000,-100000,-100000
03359P,金像電群益02售04,0,0,0,0,0,0,0,0,0,-100000,0,0,0,0,100000,-100000,-100000
048653,巨大元大96購02  ,0,0,0,0,0,0,0,0,0,-100000,0,0,0,0,100000,-100000,-100000
049225,達方國票94購01  ,0,0,0,0,0,0,0,0,0,-100000,0,0,0,0,100000,-100000,-100000
048622,南電凱基93購07  ,0,0,0,0,0,0,0,0,0,-100000,0,0,0,0,100000,-100000,-100000
048292,微星群益93購01  ,0,0,0,0,0,0,0,0,0,-100000,0,0,0,0,100000,-100000,-100000
048315,聯發科凱基93購32,0,0,0,0,0,0,0,0,0,-100000,0,0,0,0,100000,-100000,-100000
050665,南電台新94購01  ,0,0,0,0,0,0,0,0,0,-100000,0,0,0,0,100000,-100000,-100000
051109,美律統一95購02  ,0,0,0,0,0,0,0,0,0,-100000,0,0,0,50000,150000,-100000,-100000
050460,GIS元大95購03   ,0,0,0,0,0,0,0,0,0,-100000,0,0,0,0,100000,-100000,-100000
051248,華固元大95購01  ,0,0,0,0,0,0,0,0,0,-100000,0,0,0,0,100000,-100000,-100000
049609,全新兆豐95購01  ,0,0,0,0,0,0,0,0,0,-100000,0,0,0,0,100000,-100000,-100000
050297,欣興凱基94購08  ,0,0,0,0,0,0,0,0,0,-100000,0,0,0,0,100000,-100000,-100000
050987,台泥富邦95購01  ,0,0,0,0,0,0,0,0,0,-100000,0,0,0,0,100000,-100000,-100000
050845,奇鋐國票95購02  ,0,0,0,0,0,0,0,0,0,-100000,0,0,0,0,100000,-100000,-100000
04940P,台積電國票95售02,0,0,0,0,0,0,0,0,0,-100000,0,0,0,0,100000,-100000,-100000
050063,聯發科凱基94購09,0,0,0,0,0,0,0,0,0,-100000,0,0,0,0,100000,-100000,-100000
050773,京鼎元大94購02  ,0,0,0,0,0,0,0,0,0,-100000,0,0,0,13000,113000,-100000,-100000
052774,京元電亞東96購01,0,0,0,0,0,0,0,0,0,-100000,0,0,0,0,100000,-100000,-100000
05273P,國巨群益95售02  ,0,0,0,0,0,0,0,0,0,-100000,0,0,0,0,100000,-100000,-100000
052392,台表科群益96購02,0,0,0,0,0,0,0,0,0,-100000,0,0,0,12000,112000,-100000,-100000
052156,滬深2X永豐95購03,0,0,0,0,0,0,0,0,0,-100000,0,0,0,0,100000,-100000,-100000
051814,鈺齊凱基95購01  ,0,0,0,0,0,0,0,0,0,-100000,0,0,0,10000,110000,-100000,-100000
05330P,臺股指凱基95售14,0,0,0,0,0,0,0,0,0,-100000,0,0,0,1000,101000,-100000,-100000
053210,華邦電凱基97購02,0,0,0,0,0,0,0,0,0,-100000,0,0,0,0,100000,-100000,-100000
053283,同欣電元大96購03,0,0,0,0,0,0,0,0,0,-100000,0,0,0,29000,129000,-100000,-100000
053526,正崴中信96購01  ,0,0,0,0,0,0,0,0,0,-100000,0,0,0,0,100000,-100000,-100000
053669,台積電統一96購08,0,0,0,0,0,0,0,0,0,-100000,0,0,0,67000,167000,-100000,-100000
053866,景碩元大97購02  ,0,0,0,0,0,0,0,0,0,-100000,0,0,0,18000,118000,-100000,-100000
054013,聯發科永豐96購02,0,0,0,0,0,0,0,0,0,-100000,0,0,0,0,100000,-100000,-100000
053933,大立光統一96購06,0,0,0,0,0,0,0,0,0,-100000,0,0,0,0,100000,-100000,-100000
054594,國巨麥證97購01  ,0,0,0,16000,117000,-101000,0,0,0,-101000,0,0,0,16000,117000,-101000,-101000
055103,南港凱基97購01  ,0,0,0,0,0,0,0,0,0,-101000,0,0,0,0,101000,-101000,-101000
044620,上銀元大92購04  ,0,0,0,0,0,0,0,0,0,-101000,0,0,0,0,101000,-101000,-101000
048084,華通凱基93購05  ,0,0,0,0,0,0,0,0,0,-101000,0,0,0,21000,122000,-101000,-101000
049798,台積電元大94購18,0,0,0,0,0,0,0,0,0,-101000,0,0,0,394000,495000,-101000,-101000
051551,新日興永豐95購01,0,0,0,0,0,0,0,0,0,-101000,0,0,0,230000,331000,-101000,-101000
051526,超眾凱基95購02  ,0,0,0,0,0,0,0,0,0,-101000,0,0,0,136000,237000,-101000,-101000
051465,鴻海富邦97購02  ,0,0,0,0,0,0,0,0,0,-101000,0,0,0,0,101000,-101000,-101000
054447,國泰金兆豐96購01,0,0,0,0,0,0,0,0,0,-101000,0,0,0,138000,239000,-101000,-101000
053799,矽創中信9A購01  ,0,0,0,0,0,0,0,0,0,-101000,0,0,0,53000,154000,-101000,-101000
052400,聯詠凱基97購01  ,0,0,0,0,0,0,0,0,0,-101000,0,0,0,21000,122000,-101000,-101000
052744,聯詠元大97購01  ,0,0,0,0,0,0,0,0,0,-101000,0,0,0,43000,144000,-101000,-101000
052979,上銀元大96購02  ,0,0,0,0,0,0,0,0,0,-101000,0,0,0,96000,197000,-101000,-101000
8213,志超            ,68000,164000,-96000,0,0,0,0,0,0,-5000,3000,8000,-5000,0,0,0,-101000
2912,統一超          ,139284,242000,-102716,0,0,0,0,0,0,1000,1000,0,1000,0,0,0,-101716
05490P,鴻海元大95售23  ,0,0,0,0,0,0,0,0,0,-102000,0,0,0,175000,277000,-102000,-102000
054938,國巨元大97購04  ,0,0,0,0,0,0,0,0,0,-102000,0,0,0,120000,222000,-102000,-102000
055300,緯穎元大98購01  ,0,0,0,0,0,0,0,0,0,-102000,0,0,0,277000,379000,-102000,-102000
05637P,聯電元大96售04  ,0,0,0,0,0,0,0,0,0,-102000,0,0,0,25000,127000,-102000,-102000
046448,亞德客凱基92購03,0,0,0,0,0,0,0,0,0,-102000,0,0,0,1000,103000,-102000,-102000
050971,緯穎永豐95購01  ,0,0,0,0,0,0,0,0,0,-102000,0,0,0,74000,176000,-102000,-102000
051103,緯穎元大96購03  ,0,0,0,0,0,0,0,0,0,-102000,0,0,0,0,102000,-102000,-102000
049108,玉晶光富邦96購02,0,0,0,0,0,0,0,0,0,-102000,0,0,0,22000,124000,-102000,-102000
053012,國巨統一96購03  ,0,0,0,0,0,0,0,0,0,-102000,0,0,0,67000,169000,-102000,-102000
054252,奇力新元大96購04,0,0,0,0,0,0,0,0,0,-102000,0,0,0,146000,248000,-102000,-102000
2355,敬鵬            ,99000,202000,-103000,0,0,0,0,0,0,1000,1000,0,1000,0,0,0,-102000
06089P,矽創永豐97售01  ,0,0,0,0,0,0,0,0,0,-102000,0,0,0,64000,166000,-102000,-102000
8021,尖點            ,126000,231000,-105000,0,0,0,0,0,0,3000,3000,0,3000,0,0,0,-102000
055967,臻鼎元大97購01  ,0,0,0,0,0,0,0,0,0,-103000,0,0,0,144000,247000,-103000,-103000
04731P,臺股指中信96售03,0,0,0,0,0,0,0,0,0,-103000,0,0,0,5000,108000,-103000,-103000
050439,新日興凱基94購01,0,0,0,0,0,0,0,0,0,-103000,0,0,0,243000,346000,-103000,-103000
04257P,景碩國票93售01  ,0,0,0,0,0,0,0,0,0,-103000,0,0,0,0,103000,-103000,-103000
048781,臺股指凱基96購01,0,0,0,0,0,0,0,0,0,-103000,0,0,0,142000,245000,-103000,-103000
050829,臻鼎凱基96購01  ,0,0,0,0,0,0,0,0,0,-103000,0,0,0,0,103000,-103000,-103000
054263,聯茂元大96購02  ,0,0,0,0,0,0,0,0,0,-103000,0,0,0,25000,128000,-103000,-103000
053935,華通元富96購02  ,0,0,0,0,0,0,0,0,0,-103000,0,0,0,0,103000,-103000,-103000
053270,台塑元大96購01  ,0,0,0,0,0,0,0,0,0,-103000,0,0,0,22000,125000,-103000,-103000
05263P,台積電元大96售09,0,0,0,0,0,0,0,0,0,-103000,0,0,0,15000,118000,-103000,-103000
06361P,聯發科群益97售06,0,0,0,0,0,0,0,0,0,-103000,0,0,0,2000,105000,-103000,-103000
1522,堤維西          ,71000,174000,-103000,0,0,0,0,0,0,0,0,0,0,0,0,0,-103000
056381,台虹元富98購01  ,0,0,0,0,0,0,0,0,0,-104000,0,0,0,5000,109000,-104000,-104000
044016,義隆凱基93購01  ,0,0,0,0,0,0,0,0,0,-104000,0,0,0,28000,132000,-104000,-104000
048731,創意麥證94購01  ,0,0,0,57000,161000,-104000,0,0,0,-104000,0,0,0,57000,161000,-104000,-104000
048652,巨大元大96購01  ,0,0,0,0,0,0,0,0,0,-104000,0,0,0,0,104000,-104000,-104000
053079,世紀鋼永豐96購01,0,0,0,0,0,0,0,0,0,-104000,0,0,0,64000,168000,-104000,-104000
053184,世紀鋼元富96購01,0,0,0,0,0,0,0,0,0,-104000,0,0,0,0,104000,-104000,-104000
051771,上銀中信95購01  ,0,0,0,0,0,0,0,0,0,-104000,0,0,0,1000,105000,-104000,-104000
053395,致茂中信96購01  ,0,0,0,0,0,0,0,0,0,-104000,0,0,0,20000,124000,-104000,-104000
056266,開發金統一9A購01,0,0,0,0,0,0,0,0,0,-105000,0,0,0,100000,205000,-105000,-105000
047304,元油2X元大96購02,0,0,0,0,0,0,0,0,0,-105000,0,0,0,0,105000,-105000,-105000
047852,矽創元富93購01  ,0,0,0,0,0,0,0,0,0,-105000,0,0,0,0,105000,-105000,-105000
047690,美律富邦97購01  ,0,0,0,0,0,0,0,0,0,-105000,0,0,0,0,105000,-105000,-105000
048511,美律凱基93購07  ,0,0,0,0,0,0,0,0,0,-105000,0,0,0,9000,114000,-105000,-105000
051227,技嘉群益97購01  ,0,0,0,0,0,0,0,0,0,-105000,0,0,0,575000,680000,-105000,-105000
051027,楠梓電元富95購01,0,0,0,0,0,0,0,0,0,-105000,0,0,0,0,105000,-105000,-105000
050329,超眾永豐94購03  ,0,0,0,0,0,0,0,0,0,-105000,0,0,0,0,105000,-105000,-105000
048157,美律兆豐93購01  ,0,0,0,0,0,0,0,0,0,-105000,0,0,0,0,105000,-105000,-105000
051355,聯發科元大96購01,0,0,0,0,0,0,0,0,0,-105000,0,0,0,0,105000,-105000,-105000
050008,超眾永豐94購02  ,0,0,0,0,0,0,0,0,0,-105000,0,0,0,0,105000,-105000,-105000
056428,台達電凱基99購01,0,0,0,0,0,0,0,0,0,-106000,0,0,0,0,106000,-106000,-106000
056898,全新元大98購02  ,0,0,0,0,0,0,0,0,0,-106000,0,0,0,17000,123000,-106000,-106000
03242P,聯電統一02售04  ,0,0,0,0,0,0,0,0,0,-106000,0,0,0,31000,137000,-106000,-106000
049779,創意統一95購01  ,0,0,0,0,0,0,0,0,0,-106000,0,0,0,0,106000,-106000,-106000
052704,TPK國票97購01   ,0,0,0,0,0,0,0,0,0,-106000,0,0,0,0,106000,-106000,-106000
056916,台達電兆豐98購02,0,0,0,0,0,0,0,0,0,-107000,0,0,0,3000,110000,-107000,-107000
056648,牧德凱基99購02  ,0,0,0,0,0,0,0,0,0,-107000,0,0,0,0,107000,-107000,-107000
056011,矽力中信99購01  ,0,0,0,0,0,0,0,0,0,-107000,0,0,0,534000,641000,-107000,-107000
055831,台達電元大97購01,0,0,0,0,0,0,0,0,0,-107000,0,0,0,76000,183000,-107000,-107000
055295,瀚宇博元大97購02,0,0,0,0,0,0,0,0,0,-107000,0,0,0,35000,142000,-107000,-107000
054941,凱美元大97購01  ,0,0,0,0,0,0,0,0,0,-107000,0,0,0,0,107000,-107000,-107000
054826,復盛元大9A購01  ,0,0,0,0,0,0,0,0,0,-107000,0,0,0,21000,128000,-107000,-107000
047089,聯詠元富93購03  ,0,0,0,0,0,0,0,0,0,-107000,0,0,0,0,107000,-107000,-107000
049058,茂林永豐94購02  ,0,0,0,0,0,0,0,0,0,-107000,0,0,0,5000,112000,-107000,-107000
053531,國泰金康和96購01,0,0,0,0,0,0,0,0,0,-107000,0,0,0,0,107000,-107000,-107000
054945,正崴元大97購01  ,0,0,0,0,0,0,0,0,0,-108000,0,0,0,0,108000,-108000,-108000
05543P,鴻海元富96售04  ,0,0,0,0,0,0,0,0,0,-108000,0,0,0,1000,109000,-108000,-108000
046030,南亞科元大92購04,0,0,0,0,0,0,0,0,0,-108000,0,0,0,0,108000,-108000,-108000
04768P,大立光國泰96售03,0,0,0,0,0,0,0,0,0,-108000,0,0,0,22000,130000,-108000,-108000
049413,台達電凱基94購06,0,0,0,0,0,0,0,0,0,-108000,0,0,0,0,108000,-108000,-108000
048595,儒鴻國票96購01  ,0,0,0,0,0,0,0,0,0,-108000,0,0,0,61000,169000,-108000,-108000
05332P,臺股指國票95售01,0,0,0,0,0,0,0,0,0,-108000,0,0,0,32000,140000,-108000,-108000
06321P,台積電統一98售03,0,0,0,0,0,0,0,0,0,-108000,0,0,0,0,108000,-108000,-108000
055640,鴻海元富97購03  ,0,0,0,0,0,0,0,0,0,-109000,0,0,0,81000,190000,-109000,-109000
055335,健策兆豐98購01  ,0,0,0,0,0,0,0,0,0,-109000,0,0,0,86000,195000,-109000,-109000
05516P,台積電元大96售12,0,0,0,0,0,0,0,0,0,-109000,0,0,0,11000,120000,-109000,-109000
056247,台郡群益97購01  ,0,0,0,0,0,0,0,0,0,-109000,0,0,0,0,109000,-109000,-109000
056906,玉晶光元大9B購01,0,0,0,0,0,0,0,0,0,-109000,0,0,0,0,109000,-109000,-109000
05814P,臺股指國票96售07,0,0,0,0,0,0,0,0,0,-109000,0,0,0,0,109000,-109000,-109000
2417,圓剛            ,0,87000,-87000,0,0,0,0,0,0,-22000,1000,23000,-22000,0,0,0,-109000
056864,新日興群益99購01,0,0,0,0,0,0,0,0,0,-110000,0,0,0,100000,210000,-110000,-110000
056015,華通群益99購01  ,0,0,0,0,0,0,0,0,0,-110000,0,0,0,0,110000,-110000,-110000
054878,和大統一97購02  ,0,0,0,0,0,0,0,0,0,-110000,0,0,0,0,110000,-110000,-110000
054598,鴻海台新98購01  ,0,0,0,0,0,0,0,0,0,-110000,0,0,0,0,110000,-110000,-110000
044465,元油2X群益97購01,0,0,0,0,0,0,0,0,0,-110000,0,0,0,0,110000,-110000,-110000
047629,深中小元大96購01,0,0,0,0,0,0,0,0,0,-110000,0,0,0,0,110000,-110000,-110000
047941,義隆國票94購02  ,0,0,0,0,0,0,0,0,0,-110000,0,0,0,0,110000,-110000,-110000
050690,台達電凱基96購01,0,0,0,0,0,0,0,0,0,-110000,0,0,0,0,110000,-110000,-110000
050871,麗豐永豐95購01  ,0,0,0,0,0,0,0,0,0,-110000,0,0,0,0,110000,-110000,-110000
05013P,台積電元大96售05,0,0,0,0,0,0,0,0,0,-110000,0,0,0,0,110000,-110000,-110000
050918,南亞科日盛95購01,0,0,0,0,0,0,0,0,0,-110000,0,0,0,30000,140000,-110000,-110000
04995P,台達電凱基96售03,0,0,0,0,0,0,0,0,0,-110000,0,0,0,0,110000,-110000,-110000
051397,聯茂兆豐95購03  ,0,0,0,0,0,0,0,0,0,-110000,0,0,0,20000,130000,-110000,-110000
053729,聯茂凱基96購05  ,0,0,0,0,0,0,0,0,0,-110000,0,0,0,0,110000,-110000,-110000
05397P,大立光凱基96售08,0,0,0,0,0,0,0,0,0,-110000,0,0,0,100000,210000,-110000,-110000
052900,大成鋼國票97購01,0,0,0,0,0,0,0,0,0,-110000,0,0,0,0,110000,-110000,-110000
051913,緯創元大96購01  ,0,0,0,0,0,0,0,0,0,-110000,0,0,0,0,110000,-110000,-110000
2486,一詮            ,0,110000,-110000,0,0,0,0,0,0,0,0,0,0,0,0,0,-110000
1902,台紙            ,7000,119000,-112000,0,0,0,0,0,0,2000,2000,0,2000,0,0,0,-110000
057095,祥碩元富98購02  ,0,0,0,0,0,0,0,0,0,-110000,0,0,0,0,110000,-110000,-110000
4958,臻鼎-KY         ,1135000,1284000,-149000,0,0,0,10000,21000,-11000,50000,51000,6000,45000,17000,12000,5000,-110000
054701,宏全永豐97購01  ,0,0,0,0,0,0,0,0,0,-111000,0,0,0,0,111000,-111000,-111000
056972,祥碩永豐98購02  ,0,0,0,0,0,0,0,0,0,-111000,0,0,0,0,111000,-111000,-111000
050784,美律國泰96購01  ,0,0,0,0,0,0,0,0,0,-111000,0,0,0,19000,130000,-111000,-111000
051115,華通麥證96購01  ,0,0,0,44000,155000,-111000,0,0,0,-111000,0,0,0,44000,155000,-111000,-111000
048506,華通群益94購03  ,0,0,0,0,0,0,0,0,0,-111000,0,0,0,0,111000,-111000,-111000
051939,同欣電群益97購01,0,0,0,0,0,0,0,0,0,-111000,0,0,0,93000,204000,-111000,-111000
05801P,正崴兆豐96售01  ,0,0,0,0,0,0,0,0,0,-111000,0,0,0,0,111000,-111000,-111000
055146,華通元大98購04  ,0,0,0,0,0,0,0,0,0,-112000,0,0,0,21000,133000,-112000,-112000
04433P,上証2X國票95售01,0,0,0,0,0,0,0,0,0,-112000,0,0,0,1121000,1233000,-112000,-112000
04439P,聯發科群益94售04,0,0,0,0,0,0,0,0,0,-112000,0,0,0,0,112000,-112000,-112000
044605,超眾國泰93購02  ,0,0,0,0,0,0,0,0,0,-112000,0,0,0,110000,222000,-112000,-112000
04019P,聯茂永豐93售01  ,0,0,0,0,0,0,0,0,0,-112000,0,0,0,0,112000,-112000,-112000
048525,華通國票94購02  ,0,0,0,0,0,0,0,0,0,-112000,0,0,0,10000,122000,-112000,-112000
051856,亞德客凱基95購01,0,0,0,0,0,0,0,0,0,-112000,0,0,0,54000,166000,-112000,-112000
053175,矽力群益96購01  ,0,0,0,0,0,0,0,0,0,-112000,0,0,0,39000,151000,-112000,-112000
054028,臻鼎凱基96購03  ,0,0,0,0,0,0,0,0,0,-112000,0,0,0,0,112000,-112000,-112000
057091,華新科元富9A購01,0,0,0,0,0,0,0,0,0,-112000,0,0,0,0,112000,-112000,-112000
055448,健策統一97購02  ,0,0,0,0,0,0,0,0,0,-113000,0,0,0,186000,299000,-113000,-113000
056863,義隆群益98購01  ,0,0,0,0,0,0,0,0,0,-113000,0,0,0,0,113000,-113000,-113000
055934,景碩群益98購03  ,0,0,0,0,0,0,0,0,0,-113000,0,0,0,290000,403000,-113000,-113000
03027P,玉晶光元大01售09,0,0,0,0,0,0,0,0,0,-113000,0,0,0,0,113000,-113000,-113000
050443,復盛凱基94購02  ,0,0,0,0,0,0,0,0,0,-113000,0,0,0,100000,213000,-113000,-113000
048338,正崴元大93購01  ,0,0,0,0,0,0,0,0,0,-113000,0,0,0,10000,123000,-113000,-113000
051338,揚明光永豐95購02,0,0,0,0,0,0,0,0,0,-113000,0,0,0,28000,141000,-113000,-113000
049864,聯發科兆豐94購01,0,0,0,0,0,0,0,0,0,-113000,0,0,0,53000,166000,-113000,-113000
053017,世紀鋼統一96購02,0,0,0,0,0,0,0,0,0,-113000,0,0,0,22000,135000,-113000,-113000
052250,光磊永豐95購01  ,0,0,0,0,0,0,0,0,0,-113000,0,0,0,207000,320000,-113000,-113000
052296,TPK國票96購01   ,0,0,0,0,0,0,0,0,0,-113000,0,0,0,556000,669000,-113000,-113000
06238P,台積電元大98售07,0,0,0,0,0,0,0,0,0,-113000,0,0,0,90000,203000,-113000,-113000
056145,緯穎元大98購03  ,0,0,0,0,0,0,0,0,0,-114000,0,0,0,55000,169000,-114000,-114000
055253,大立光統一97購06,0,0,0,0,0,0,0,0,0,-114000,0,0,0,48000,162000,-114000,-114000
047469,華通中信93購01  ,0,0,0,0,0,0,0,0,0,-114000,0,0,0,6000,120000,-114000,-114000
045572,元油2X元大98購01,0,0,0,0,0,0,0,0,0,-114000,0,0,0,208000,322000,-114000,-114000
03958P,嘉聯益統一93售01,0,0,0,0,0,0,0,0,0,-114000,0,0,0,6000,120000,-114000,-114000
053709,台達電凱基96購04,0,0,0,0,0,0,0,0,0,-114000,0,0,0,0,114000,-114000,-114000
6443,元晶            ,18000,132000,-114000,0,0,0,0,0,0,0,0,0,0,0,0,0,-114000
055605,緯穎元大97購02  ,0,0,0,0,0,0,0,0,0,-115000,0,0,0,154000,269000,-115000,-115000
055799,致茂永豐97購02  ,0,0,0,0,0,0,0,0,0,-115000,0,0,0,0,115000,-115000,-115000
05683P,矽創元大96售01  ,0,0,0,0,0,0,0,0,0,-115000,0,0,0,148000,263000,-115000,-115000
056525,T50反1凱基99購06,0,0,0,0,0,0,0,0,0,-115000,0,0,0,86000,201000,-115000,-115000
056491,南亞科國泰99購01,0,0,0,0,0,0,0,0,0,-115000,0,0,0,0,115000,-115000,-115000
04813P,智邦元大94售07  ,0,0,0,0,0,0,0,0,0,-115000,0,0,0,44000,159000,-115000,-115000
048432,全新國票95購01  ,0,0,0,0,0,0,0,0,0,-115000,0,0,0,110000,225000,-115000,-115000
050662,智易元大96購01  ,0,0,0,0,0,0,0,0,0,-115000,0,0,0,5000,120000,-115000,-115000
052341,泰鼎凱基96購02  ,0,0,0,0,0,0,0,0,0,-115000,0,0,0,0,115000,-115000,-115000
052477,美律群益98購01  ,0,0,0,0,0,0,0,0,0,-115000,0,0,0,0,115000,-115000,-115000
052832,益航群益96購01  ,0,0,0,0,0,0,0,0,0,-115000,0,0,0,125000,240000,-115000,-115000
03960P,新日興元富96售02,0,0,0,0,0,0,0,0,0,-116000,0,0,0,42000,158000,-116000,-116000
048480,FB上証中信94購01,0,0,0,0,0,0,0,0,0,-116000,0,0,0,200000,316000,-116000,-116000
05028P,康控永豐95售02  ,0,0,0,0,0,0,0,0,0,-116000,0,0,0,0,116000,-116000,-116000
05238P,禾伸堂永豐95售01,0,0,0,0,0,0,0,0,0,-116000,0,0,0,0,116000,-116000,-116000
053920,新光金國票98購01,0,0,0,0,0,0,0,0,0,-116000,0,0,0,0,116000,-116000,-116000
05411P,台積電國票96售08,0,0,0,0,0,0,0,0,0,-116000,0,0,0,0,116000,-116000,-116000
2390,云辰            ,53000,169000,-116000,0,0,0,0,0,0,0,1000,1000,0,0,0,0,-116000
5534,長虹            ,13542,131000,-117458,0,0,0,0,0,0,1000,1000,0,1000,0,0,0,-116458
056067,智原元大97購01  ,0,0,0,0,0,0,0,0,0,-117000,0,0,0,204000,321000,-117000,-117000
054552,聯發科凱基98購03,0,0,0,0,0,0,0,0,0,-117000,0,0,0,73000,190000,-117000,-117000
052077,可成元富98購02  ,0,0,0,0,0,0,0,0,0,-117000,0,0,0,14000,131000,-117000,-117000
050848,日月光國票95購01,0,0,0,0,0,0,0,0,0,-117000,0,0,0,18000,135000,-117000,-117000
048824,聯發科凱基94購03,0,0,0,0,0,0,0,0,0,-117000,0,0,0,0,117000,-117000,-117000
051969,世紀鋼永豐95購01,0,0,0,0,0,0,0,0,0,-117000,0,0,0,10000,127000,-117000,-117000
05502P,台表科國票97售01,0,0,0,0,0,0,0,0,0,-118000,0,0,0,5000,123000,-118000,-118000
056747,致新凱基99購01  ,0,0,0,0,0,0,0,0,0,-118000,0,0,0,20000,138000,-118000,-118000
056761,元油2X元大98購07,0,0,0,0,0,0,0,0,0,-118000,0,0,0,0,118000,-118000,-118000
047689,瑞昱富邦97購01  ,0,0,0,0,0,0,0,0,0,-118000,0,0,0,20000,138000,-118000,-118000
051222,世紀鋼元富95購01,0,0,0,0,0,0,0,0,0,-118000,0,0,0,163000,281000,-118000,-118000
049301,致新群益95購01  ,0,0,0,0,0,0,0,0,0,-118000,0,0,0,0,118000,-118000,-118000
049404,訊芯群益94購02  ,0,0,0,0,0,0,0,0,0,-118000,0,0,0,0,118000,-118000,-118000
052057,臺股指凱基95購15,0,0,0,0,0,0,0,0,0,-118000,0,0,0,72000,190000,-118000,-118000
052608,欣興元大97購01  ,0,0,0,0,0,0,0,0,0,-118000,0,0,0,483000,601000,-118000,-118000
056705,超眾國泰99購01  ,0,0,0,0,0,0,0,0,0,-119000,0,0,0,49000,168000,-119000,-119000
056696,茂林群益98購02  ,0,0,0,0,0,0,0,0,0,-119000,0,0,0,79000,198000,-119000,-119000
056779,元油2X群益9A購02,0,0,0,0,0,0,0,0,0,-119000,0,0,0,0,119000,-119000,-119000
056391,大立光富邦9C購01,0,0,0,0,0,0,0,0,0,-119000,0,0,0,16000,135000,-119000,-119000
056245,嘉澤群益97購01  ,0,0,0,0,0,0,0,0,0,-119000,0,0,0,14000,133000,-119000,-119000
055542,亞德客凱基97購01,0,0,0,0,0,0,0,0,0,-119000,0,0,0,1000,120000,-119000,-119000
047114,全新元大94購01  ,0,0,0,0,0,0,0,0,0,-119000,0,0,0,17000,136000,-119000,-119000
050231,聯發科麥證94購03,0,0,0,90000,209000,-119000,0,0,0,-119000,0,0,0,90000,209000,-119000,-119000
051596,超眾元大95購05  ,0,0,0,0,0,0,0,0,0,-119000,0,0,0,226000,345000,-119000,-119000
048630,南亞元大93購01  ,0,0,0,0,0,0,0,0,0,-119000,0,0,0,0,119000,-119000,-119000
054335,緯穎永豐96購02  ,0,0,0,0,0,0,0,0,0,-119000,0,0,0,49000,168000,-119000,-119000
05924P,超眾元富96售04  ,0,0,0,0,0,0,0,0,0,-119000,0,0,0,0,119000,-119000,-119000
055270,上銀元大97購03  ,0,0,0,0,0,0,0,0,0,-120000,0,0,0,44000,164000,-120000,-120000
05504P,台積電凱基96售04,0,0,0,0,0,0,0,0,0,-120000,0,0,0,0,120000,-120000,-120000
054991,南亞科元富97購01,0,0,0,0,0,0,0,0,0,-120000,0,0,0,13000,133000,-120000,-120000
054576,健策元大98購03  ,0,0,0,0,0,0,0,0,0,-120000,0,0,0,222000,342000,-120000,-120000
054694,聯鈞永豐97購01  ,0,0,0,0,0,0,0,0,0,-120000,0,0,0,80000,200000,-120000,-120000
054749,聯茂凱基98購01  ,0,0,0,0,0,0,0,0,0,-120000,0,0,0,0,120000,-120000,-120000
056760,元油2X元大98購06,0,0,0,0,0,0,0,0,0,-120000,0,0,0,0,120000,-120000,-120000
056751,和大兆豐98購01  ,0,0,0,0,0,0,0,0,0,-120000,0,0,0,0,120000,-120000,-120000
056965,全新永豐98購01  ,0,0,0,0,0,0,0,0,0,-120000,0,0,0,16000,136000,-120000,-120000
047057,瀚宇博國票93購01,0,0,0,0,0,0,0,0,0,-120000,0,0,0,0,120000,-120000,-120000
047595,元石油元富97購01,0,0,0,0,0,0,0,0,0,-120000,0,0,0,0,120000,-120000,-120000
047839,景碩元大93購03  ,0,0,0,0,0,0,0,0,0,-120000,0,0,0,0,120000,-120000,-120000
04589P,祥碩永豐94售01  ,0,0,0,0,0,0,0,0,0,-120000,0,0,0,30000,150000,-120000,-120000
04233P,儒鴻兆豐93售01  ,0,0,0,0,0,0,0,0,0,-120000,0,0,0,21000,141000,-120000,-120000
044805,旭富凱基93購01  ,0,0,0,0,0,0,0,0,0,-120000,0,0,0,30000,150000,-120000,-120000
050663,麗豐元大96購03  ,0,0,0,0,0,0,0,0,0,-120000,0,0,0,0,120000,-120000,-120000
051016,京元電凱基95購03,0,0,0,0,0,0,0,0,0,-120000,0,0,0,0,120000,-120000,-120000
051700,深中小群益99購04,0,0,0,0,0,0,0,0,0,-120000,0,0,0,103000,223000,-120000,-120000
049854,超眾群益94購02  ,0,0,0,0,0,0,0,0,0,-120000,0,0,0,0,120000,-120000,-120000
053563,台積電富邦97購01,0,0,0,0,0,0,0,0,0,-120000,0,0,0,399000,519000,-120000,-120000
053852,南亞科國泰98購01,0,0,0,0,0,0,0,0,0,-120000,0,0,0,10000,130000,-120000,-120000
05815P,台積電凱基97售06,0,0,0,0,0,0,0,0,0,-120000,0,0,0,140000,260000,-120000,-120000
056214,義隆國票99購01  ,0,0,0,0,0,0,0,0,0,-121000,0,0,0,78000,199000,-121000,-121000
054647,禾伸堂群益99購01,0,0,0,0,0,0,0,0,0,-121000,0,0,0,494000,615000,-121000,-121000
055716,致茂元大97購01  ,0,0,0,0,0,0,0,0,0,-121000,0,0,0,5000,126000,-121000,-121000
04034P,技嘉群益93售03  ,0,0,0,0,0,0,0,0,0,-121000,0,0,0,0,121000,-121000,-121000
047787,正崴群益93購01  ,0,0,0,0,0,0,0,0,0,-121000,0,0,0,0,121000,-121000,-121000
044759,新日興凱基93購01,0,0,0,0,0,0,0,0,0,-121000,0,0,0,64000,185000,-121000,-121000
049289,樺漢兆豐94購01  ,0,0,0,0,0,0,0,0,0,-121000,0,0,0,0,121000,-121000,-121000
053844,GIS統一96購01   ,0,0,0,0,0,0,0,0,0,-121000,0,0,0,0,121000,-121000,-121000
052667,漢唐群益96購01  ,0,0,0,0,0,0,0,0,0,-121000,0,0,0,94000,215000,-121000,-121000
051863,技嘉凱基95購01  ,0,0,0,0,0,0,0,0,0,-121000,0,0,0,375000,496000,-121000,-121000
051833,昇陽半元大96購01,0,0,0,0,0,0,0,0,0,-121000,0,0,0,31000,152000,-121000,-121000
051723,嘉澤永豐95購01  ,0,0,0,0,0,0,0,0,0,-121000,0,0,0,14000,135000,-121000,-121000
6155,鈞寶            ,161000,283000,-122000,0,0,0,0,0,0,1000,1000,0,1000,0,0,0,-121000
054932,台肥元大97購01  ,0,0,0,0,0,0,0,0,0,-122000,0,0,0,50000,172000,-122000,-122000
046965,復盛中信93購01  ,0,0,0,0,0,0,0,0,0,-122000,0,0,0,0,122000,-122000,-122000
049342,聯發科統一94購05,0,0,0,0,0,0,0,0,0,-122000,0,0,0,48000,170000,-122000,-122000
052435,滬深2X富邦96購05,0,0,0,0,0,0,0,0,0,-122000,0,0,0,1000,123000,-122000,-122000
054396,日電貿永豐96購02,0,0,0,0,0,0,0,0,0,-122000,0,0,0,0,122000,-122000,-122000
054110,群創凱基98購09  ,0,0,0,0,0,0,0,0,0,-122000,0,0,0,0,122000,-122000,-122000
055122,國巨兆豐98購01  ,0,0,0,0,0,0,0,0,0,-123000,0,0,0,53000,176000,-123000,-123000
05471P,聯電統一95售01  ,0,0,0,0,0,0,0,0,0,-123000,0,0,0,0,123000,-123000,-123000
05538P,玉晶光國票97售02,0,0,0,0,0,0,0,0,0,-123000,0,0,0,0,123000,-123000,-123000
056278,全新富邦98購02  ,0,0,0,0,0,0,0,0,0,-123000,0,0,0,210000,333000,-123000,-123000
04786P,鴻海永昌96售01  ,0,0,0,0,0,0,0,0,0,-123000,0,0,0,0,123000,-123000,-123000
047343,台達電中信95購01,0,0,0,0,0,0,0,0,0,-123000,0,0,0,5000,128000,-123000,-123000
049079,聯發科凱基94購04,0,0,0,0,0,0,0,0,0,-123000,0,0,0,20000,143000,-123000,-123000
049978,瑞昱凱基94購04  ,0,0,0,0,0,0,0,0,0,-123000,0,0,0,68000,191000,-123000,-123000
048509,上証反凱基99購02,0,0,0,0,0,0,0,0,0,-123000,0,0,0,25000,148000,-123000,-123000
051004,台新金中信95購02,0,0,0,0,0,0,0,0,0,-123000,0,0,0,40000,163000,-123000,-123000
054085,華新科統一96購04,0,0,0,0,0,0,0,0,0,-123000,0,0,0,0,123000,-123000,-123000
053383,京元電元大97購01,0,0,0,0,0,0,0,0,0,-123000,0,0,0,307000,430000,-123000,-123000
052528,茂林元大95購05  ,0,0,0,0,0,0,0,0,0,-123000,0,0,0,104000,227000,-123000,-123000
053166,聯詠群益96購02  ,0,0,0,0,0,0,0,0,0,-123000,0,0,0,51000,174000,-123000,-123000
4906,正文            ,255000,298000,-43000,0,0,0,0,0,0,-80000,1000,9000,-8000,55000,127000,-72000,-123000
4137,麗豐-KY         ,152000,286000,-134000,0,0,0,0,0,0,11000,0,0,0,15000,4000,11000,-123000
1736,喬山            ,48000,159000,-111000,0,0,0,0,0,0,-12000,0,0,0,2000,14000,-12000,-123000
050603,致新國泰96購01  ,0,0,0,0,0,0,0,0,0,-124000,0,0,0,105000,229000,-124000,-124000
049545,台積電群益94購09,0,0,0,0,0,0,0,0,0,-124000,0,0,0,234000,358000,-124000,-124000
050988,廣達富邦95購01  ,0,0,0,0,0,0,0,0,0,-124000,0,0,0,157000,281000,-124000,-124000
052167,亞泥元大96購01  ,0,0,0,0,0,0,0,0,0,-124000,0,0,0,28000,152000,-124000,-124000
06068P,玉晶光康和97售01,0,0,0,0,0,0,0,0,0,-124000,0,0,0,56000,180000,-124000,-124000
3703,欣陸            ,32000,156000,-124000,0,0,0,0,0,0,0,0,0,0,0,0,0,-124000
4927,泰鼎-KY         ,465000,629000,-164000,0,0,0,0,0,0,40000,5000,0,5000,85000,50000,35000,-124000
056047,台積電兆豐97購02,0,0,0,0,0,0,0,0,0,-125000,0,0,0,85000,210000,-125000,-125000
050560,聯詠統一94購02  ,0,0,0,0,0,0,0,0,0,-125000,0,0,0,10000,135000,-125000,-125000
047444,晶技元大93購03  ,0,0,0,0,0,0,0,0,0,-125000,0,0,0,0,125000,-125000,-125000
047480,全新凱基93購01  ,0,0,0,0,0,0,0,0,0,-125000,0,0,0,42000,167000,-125000,-125000
047939,亞德客國票93購02,0,0,0,0,0,0,0,0,0,-125000,0,0,0,20000,145000,-125000,-125000
047003,鴻海統一93購05  ,0,0,0,0,0,0,0,0,0,-125000,0,0,0,100000,225000,-125000,-125000
00712,FH富時不動產    ,75000,1000,74000,0,0,0,0,0,0,-199000,0,0,0,93000,292000,-199000,-125000
050974,大成鋼統一95購01,0,0,0,0,0,0,0,0,0,-125000,0,0,0,97000,222000,-125000,-125000
050218,世紀鋼統一94購02,0,0,0,0,0,0,0,0,0,-125000,0,0,0,20000,145000,-125000,-125000
048645,創意元大94購02  ,0,0,0,0,0,0,0,0,0,-125000,0,0,0,32000,157000,-125000,-125000
052227,瑞昱凱基95購05  ,0,0,0,0,0,0,0,0,0,-125000,0,0,0,109000,234000,-125000,-125000
051832,復盛元大95購01  ,0,0,0,0,0,0,0,0,0,-125000,0,0,0,2000,127000,-125000,-125000
053862,南亞科元大97購02,0,0,0,0,0,0,0,0,0,-125000,0,0,0,0,125000,-125000,-125000
054120,奇力新永豐96購01,0,0,0,0,0,0,0,0,0,-125000,0,0,0,683000,808000,-125000,-125000
06405P,億光元富97售02  ,0,0,0,0,0,0,0,0,0,-125000,0,0,0,10000,135000,-125000,-125000
047681,滬深反中信95購01,0,0,0,0,0,0,0,0,0,-126000,0,0,0,578000,704000,-126000,-126000
049486,旺宏元大94購08  ,0,0,0,0,0,0,0,0,0,-126000,0,0,0,6000,132000,-126000,-126000
053641,正文永豐96購01  ,0,0,0,0,0,0,0,0,0,-126000,0,0,0,0,126000,-126000,-126000
052668,聯發科群益97購01,0,0,0,0,0,0,0,0,0,-126000,0,0,0,90000,216000,-126000,-126000
2031,新光鋼          ,164000,281000,-117000,0,0,0,0,0,0,-9000,0,9000,-9000,0,0,0,-126000
2428,興勤            ,37000,163000,-126000,0,0,0,0,0,0,0,0,0,0,0,0,0,-126000
054739,義隆凱基98購02  ,0,0,0,0,0,0,0,0,0,-127000,0,0,0,30000,157000,-127000,-127000
054830,世芯國泰99購01  ,0,0,0,0,0,0,0,0,0,-127000,0,0,0,124000,251000,-127000,-127000
050628,美律中信94購02  ,0,0,0,0,0,0,0,0,0,-127000,0,0,0,60000,187000,-127000,-127000
045763,南亞科統一93購01,0,0,0,0,0,0,0,0,0,-127000,0,0,0,0,127000,-127000,-127000
050282,T50反1凱基97購01,0,0,0,0,0,0,0,0,0,-127000,0,0,0,0,127000,-127000,-127000
052309,健策國泰97購01  ,0,0,0,0,0,0,0,0,0,-127000,0,0,0,524000,651000,-127000,-127000
2851,中再保          ,22000,149000,-127000,0,0,0,0,0,0,0,0,0,0,0,0,0,-127000
06416P,大立光群益97售06,0,0,0,0,0,0,0,0,0,-127000,0,0,0,3000,130000,-127000,-127000
06174P,國巨元大97售07  ,0,0,0,0,0,0,0,0,0,-127000,0,0,0,35000,162000,-127000,-127000
05729P,臺股指凱基97售02,0,0,0,0,0,0,0,0,0,-127000,0,0,0,20000,147000,-127000,-127000
5519,隆大            ,37000,144000,-107000,0,0,0,0,0,0,-20000,0,20000,-20000,0,0,0,-127000
055385,昇陽半元大98購01,0,0,0,0,0,0,0,0,0,-128000,0,0,0,130000,258000,-128000,-128000
053055,聯詠國票97購01  ,0,0,0,0,0,0,0,0,0,-128000,0,0,0,0,128000,-128000,-128000
054142,致伸元大97購01  ,0,0,0,0,0,0,0,0,0,-128000,0,0,0,0,128000,-128000,-128000
054308,嘉晶凱基98購01  ,0,0,0,0,0,0,0,0,0,-128000,0,0,0,51000,179000,-128000,-128000
5243,乙盛-KY         ,49000,178000,-129000,0,0,0,0,0,0,1000,2000,1000,1000,0,0,0,-128000
055377,揚明光元大98購01,0,0,0,0,0,0,0,0,0,-129000,0,0,0,0,129000,-129000,-129000
056099,上銀永豐97購02  ,0,0,0,0,0,0,0,0,0,-129000,0,0,0,733000,862000,-129000,-129000
048243,儒鴻兆豐94購01  ,0,0,0,0,0,0,0,0,0,-129000,0,0,0,1000,130000,-129000,-129000
050769,聯發科元大94購17,0,0,0,0,0,0,0,0,0,-129000,0,0,0,32000,161000,-129000,-129000
049297,日電貿群益95購01,0,0,0,0,0,0,0,0,0,-129000,0,0,0,40000,169000,-129000,-129000
049145,南亞科元大94購01,0,0,0,0,0,0,0,0,0,-129000,0,0,0,3000,132000,-129000,-129000
049134,為升元大95購01  ,0,0,0,0,0,0,0,0,0,-129000,0,0,0,39000,168000,-129000,-129000
048828,禾伸堂凱基94購02,0,0,0,0,0,0,0,0,0,-129000,0,0,0,77000,206000,-129000,-129000
05261P,鴻海元大95售20  ,0,0,0,0,0,0,0,0,0,-129000,0,0,0,706000,835000,-129000,-129000
05701P,彩晶凱基96售01  ,0,0,0,0,0,0,0,0,0,-130000,0,0,0,0,130000,-130000,-130000
055167,友訊統一97購01  ,0,0,0,0,0,0,0,0,0,-130000,0,0,0,0,130000,-130000,-130000
046630,京元電元富95購03,0,0,0,0,0,0,0,0,0,-130000,0,0,0,98000,228000,-130000,-130000
04311P,奇力新統一95售01,0,0,0,0,0,0,0,0,0,-130000,0,0,0,0,130000,-130000,-130000
04103P,臺股指國票93售10,0,0,0,0,0,0,0,0,0,-130000,0,0,0,59000,189000,-130000,-130000
04210P,鴻海凱基93售36  ,0,0,0,0,0,0,0,0,0,-130000,0,0,0,0,130000,-130000,-130000
049549,瀚宇博群益94購01,0,0,0,0,0,0,0,0,0,-130000,0,0,0,0,130000,-130000,-130000
049741,創意群益94購02  ,0,0,0,0,0,0,0,0,0,-130000,0,0,0,0,130000,-130000,-130000
050754,元金2X元富9B購01,0,0,0,0,0,0,0,0,0,-130000,0,0,0,0,130000,-130000,-130000
05018P,臺股指元大95售09,0,0,0,0,0,0,0,0,0,-130000,0,0,0,0,130000,-130000,-130000
053355,超眾兆豐97購01  ,0,0,0,0,0,0,0,0,0,-130000,0,0,0,10000,140000,-130000,-130000
053436,聯茂日盛96購01  ,0,0,0,0,0,0,0,0,0,-130000,0,0,0,466000,596000,-130000,-130000
057084,立積統一9B購01  ,0,0,0,0,0,0,0,0,0,-130000,0,0,0,0,130000,-130000,-130000
06018P,康控凱基96售03  ,0,0,0,0,0,0,0,0,0,-130000,0,0,0,11000,141000,-130000,-130000
055676,亞德客凱基97購03,0,0,0,0,0,0,0,0,0,-131000,0,0,0,288000,419000,-131000,-131000
054770,健策國票98購01  ,0,0,0,0,0,0,0,0,0,-131000,0,0,0,230000,361000,-131000,-131000
056915,上銀兆豐99購01  ,0,0,0,0,0,0,0,0,0,-131000,0,0,0,44000,175000,-131000,-131000
056802,友達台新98購01  ,0,0,0,0,0,0,0,0,0,-131000,0,0,0,20000,151000,-131000,-131000
051624,智邦麥證95購02  ,0,0,0,40000,171000,-131000,0,0,0,-131000,0,0,0,40000,171000,-131000,-131000
054069,亞光國泰98購01  ,0,0,0,0,0,0,0,0,0,-131000,0,0,0,253000,384000,-131000,-131000
05196P,台積電永豐95售03,0,0,0,0,0,0,0,0,0,-131000,0,0,0,0,131000,-131000,-131000
051926,聯電中信97購01  ,0,0,0,0,0,0,0,0,0,-131000,0,0,0,20000,151000,-131000,-131000
06046P,健策統一96售03  ,0,0,0,0,0,0,0,0,0,-131000,0,0,0,55000,186000,-131000,-131000
056808,台積電統一98購06,0,0,0,0,0,0,0,0,0,-132000,0,0,0,73000,205000,-132000,-132000
056472,美律元大99購03  ,0,0,0,0,0,0,0,0,0,-132000,0,0,0,21000,153000,-132000,-132000
053722,新光金凱基9C購01,0,0,0,0,0,0,0,0,0,-132000,0,0,0,24000,156000,-132000,-132000
2395,研華            ,249000,341000,-92000,0,0,0,0,45000,-45000,5000,5000,0,5000,0,0,0,-132000
056390,台積電富邦9B購01,0,0,0,0,0,0,0,0,0,-133000,0,0,0,7000,140000,-133000,-133000
044961,聯電中信94購01  ,0,0,0,0,0,0,0,0,0,-133000,0,0,0,83000,216000,-133000,-133000
049567,鴻海統一94購05  ,0,0,0,0,0,0,0,0,0,-133000,0,0,0,3000,136000,-133000,-133000
052959,聯電凱基97購01  ,0,0,0,0,0,0,0,0,0,-133000,0,0,0,40000,173000,-133000,-133000
056485,同欣電元大98購01,0,0,0,0,0,0,0,0,0,-134000,0,0,0,224000,358000,-134000,-134000
050230,聯發科麥證94購02,0,0,0,117000,260000,-143000,0,0,0,-134000,0,0,0,126000,260000,-134000,-134000
052092,貿聯元大96購02  ,0,0,0,0,0,0,0,0,0,-134000,0,0,0,56000,190000,-134000,-134000
054246,國巨元大96購12  ,0,0,0,0,0,0,0,0,0,-134000,0,0,0,219000,353000,-134000,-134000
2377,微星            ,473000,667000,-194000,0,0,0,75000,0,75000,-15000,34000,12000,22000,32000,69000,-37000,-134000
5469,瀚宇博          ,399000,561000,-162000,0,0,0,0,0,0,28000,4000,0,4000,70000,46000,24000,-134000
057007,奇力新中信98購04,0,0,0,0,0,0,0,0,0,-135000,0,0,0,0,135000,-135000,-135000
055790,南電凱基97購01  ,0,0,0,0,0,0,0,0,0,-135000,0,0,0,20000,155000,-135000,-135000
055021,亞德客國泰98購01,0,0,0,0,0,0,0,0,0,-135000,0,0,0,213000,348000,-135000,-135000
055246,美律統一98購01  ,0,0,0,0,0,0,0,0,0,-135000,0,0,0,53000,188000,-135000,-135000
051462,世芯國泰97購01  ,0,0,0,0,0,0,0,0,0,-135000,0,0,0,255000,390000,-135000,-135000
053713,漢唐凱基96購04  ,0,0,0,0,0,0,0,0,0,-135000,0,0,0,30000,165000,-135000,-135000
055484,華通元大97購04  ,0,0,0,0,0,0,0,0,0,-136000,0,0,0,10000,146000,-136000,-136000
055743,TPK元富98購01   ,0,0,0,0,0,0,0,0,0,-136000,0,0,0,80000,216000,-136000,-136000
056087,世芯統一97購01  ,0,0,0,0,0,0,0,0,0,-136000,0,0,0,737000,873000,-136000,-136000
056689,玉晶光統一9A購03,0,0,0,0,0,0,0,0,0,-136000,0,0,0,36000,172000,-136000,-136000
047493,旺宏元富96購01  ,0,0,0,0,0,0,0,0,0,-136000,0,0,0,50000,186000,-136000,-136000
052069,聯茂兆豐96購01  ,0,0,0,0,0,0,0,0,0,-136000,0,0,0,0,136000,-136000,-136000
048582,國泰金富邦93購01,0,0,0,0,0,0,0,0,0,-136000,0,0,0,8000,144000,-136000,-136000
053103,瀚宇博元富96購01,0,0,0,0,0,0,0,0,0,-136000,0,0,0,45000,181000,-136000,-136000
9935,慶豐富          ,131000,327000,-196000,0,0,0,0,0,0,60000,65000,0,65000,6000,11000,-5000,-136000
054683,川湖永豐97購01  ,0,0,0,0,0,0,0,0,0,-137000,0,0,0,1000,138000,-137000,-137000
047167,農林康和93購01  ,0,0,0,0,0,0,0,0,0,-137000,0,0,0,25000,162000,-137000,-137000
046864,和大統一97購01  ,0,0,0,0,0,0,0,0,0,-137000,0,0,0,173000,310000,-137000,-137000
052404,臻鼎凱基95購05  ,0,0,0,0,0,0,0,0,0,-137000,0,0,0,31000,168000,-137000,-137000
054296,世芯元大97購01  ,0,0,0,0,0,0,0,0,0,-137000,0,0,0,167000,304000,-137000,-137000
1101B,台泥乙特        ,0,117000,-117000,0,0,0,0,0,0,-20000,38000,58000,-20000,0,0,0,-137000
055631,創意永豐98購01  ,0,0,0,0,0,0,0,0,0,-138000,0,0,0,106000,244000,-138000,-138000
052376,聯詠元大95購04  ,0,0,0,0,0,0,0,0,0,-138000,0,0,0,0,138000,-138000,-138000
051825,中環元大95購01  ,0,0,0,0,0,0,0,0,0,-138000,0,0,0,21000,159000,-138000,-138000
051868,貿聯凱基96購01  ,0,0,0,0,0,0,0,0,0,-138000,0,0,0,101000,239000,-138000,-138000
051721,玉晶光永豐96購02,0,0,0,0,0,0,0,0,0,-138000,0,0,0,0,138000,-138000,-138000
052845,旺宏統一97購01  ,0,0,0,0,0,0,0,0,0,-138000,0,0,0,8000,146000,-138000,-138000
4155,訊映            ,104000,211000,-107000,0,0,0,0,0,0,-31000,2000,33000,-31000,0,0,0,-138000
055257,景碩統一97購01  ,0,0,0,0,0,0,0,0,0,-139000,0,0,0,9000,148000,-139000,-139000
056386,TPK國泰99購01   ,0,0,0,0,0,0,0,0,0,-139000,0,0,0,45000,184000,-139000,-139000
051112,台郡統一95購01  ,0,0,0,0,0,0,0,0,0,-139000,0,0,0,0,139000,-139000,-139000
052310,聯電富邦95購01  ,0,0,0,0,0,0,0,0,0,-139000,0,0,0,6000,145000,-139000,-139000
1103,嘉泥            ,223000,291000,-68000,0,0,0,0,0,0,-71000,0,71000,-71000,0,0,0,-139000
056971,麗豐永豐98購01  ,0,0,0,0,0,0,0,0,0,-140000,0,0,0,31000,171000,-140000,-140000
055692,緯穎凱基97購03  ,0,0,0,0,0,0,0,0,0,-140000,0,0,0,0,140000,-140000,-140000
05479P,華新科台新96售01,0,0,0,0,0,0,0,0,0,-140000,0,0,0,8000,148000,-140000,-140000
054935,華通元大98購03  ,0,0,0,0,0,0,0,0,0,-140000,0,0,0,60000,200000,-140000,-140000
047483,新光金凱基99購04,0,0,0,0,0,0,0,0,0,-140000,0,0,0,200000,340000,-140000,-140000
04051P,友達中信94售02  ,0,0,0,0,0,0,0,0,0,-140000,0,0,0,10000,150000,-140000,-140000
044362,元油2X中信94購01,0,0,0,0,0,0,0,0,0,-140000,0,0,0,0,140000,-140000,-140000
04770P,鴻海元大94售09  ,0,0,0,0,0,0,0,0,0,-140000,0,0,0,0,140000,-140000,-140000
051160,亞德客元大95購02,0,0,0,0,0,0,0,0,0,-140000,0,0,0,236000,376000,-140000,-140000
050876,復盛永豐95購01  ,0,0,0,0,0,0,0,0,0,-140000,0,0,0,21000,161000,-140000,-140000
050098,嘉聯益國泰95購02,0,0,0,0,0,0,0,0,0,-140000,0,0,0,375000,515000,-140000,-140000
054280,牧德群益98購01  ,0,0,0,0,0,0,0,0,0,-140000,0,0,0,21000,161000,-140000,-140000
055106,台積電凱基98購05,0,0,0,0,0,0,0,0,0,-141000,0,0,0,135000,276000,-141000,-141000
056797,台積電麥證98購01,0,0,0,470000,611000,-141000,0,0,0,-141000,0,0,0,470000,611000,-141000,-141000
03857P,聯發科元富99售02,0,0,0,0,0,0,0,0,0,-141000,0,0,0,59000,200000,-141000,-141000
047194,世紀鋼元大96購01,0,0,0,0,0,0,0,0,0,-141000,0,0,0,19000,160000,-141000,-141000
049153,大立光元大96購02,0,0,0,0,0,0,0,0,0,-141000,0,0,0,15000,156000,-141000,-141000
053716,京元電凱基97購01,0,0,0,0,0,0,0,0,0,-141000,0,0,0,0,141000,-141000,-141000
053465,聯電元大96購05  ,0,0,0,0,0,0,0,0,0,-142000,0,0,0,181000,323000,-142000,-142000
1217,愛之味          ,135000,299000,-164000,0,0,0,0,0,0,22000,22000,0,22000,0,0,0,-142000
056943,華通統一99購01  ,0,0,0,0,0,0,0,0,0,-143000,0,0,0,0,143000,-143000,-143000
054934,金寶元大97購01  ,0,0,0,0,0,0,0,0,0,-143000,0,0,0,19000,162000,-143000,-143000
05563P,台積電元大97售07,0,0,0,0,0,0,0,0,0,-143000,0,0,0,4000,147000,-143000,-143000
050179,全新元大96購02  ,0,0,0,0,0,0,0,0,0,-143000,0,0,0,38000,181000,-143000,-143000
054070,創意國泰96購02  ,0,0,0,0,0,0,0,0,0,-143000,0,0,0,104000,247000,-143000,-143000
053148,華邦電元大96購01,0,0,0,0,0,0,0,0,0,-143000,0,0,0,399000,542000,-143000,-143000
055120,南港兆豐97購01  ,0,0,0,0,0,0,0,0,0,-144000,0,0,0,103000,247000,-144000,-144000
047482,新光金凱基99購03,0,0,0,0,0,0,0,0,0,-144000,0,0,0,24000,168000,-144000,-144000
049046,同欣電兆豐94購01,0,0,0,0,0,0,0,0,0,-144000,0,0,0,94000,238000,-144000,-144000
052862,正崴凱基96購01  ,0,0,0,0,0,0,0,0,0,-144000,0,0,0,0,144000,-144000,-144000
05415P,台積電台新95售04,0,0,0,0,0,0,0,0,0,-144000,0,0,0,5000,149000,-144000,-144000
054986,藍天元富97購01  ,0,0,0,0,0,0,0,0,0,-145000,0,0,0,0,145000,-145000,-145000
054942,凱美元大97購02  ,0,0,0,0,0,0,0,0,0,-145000,0,0,0,51000,196000,-145000,-145000
055708,茂林永豐97購02  ,0,0,0,0,0,0,0,0,0,-145000,0,0,0,0,145000,-145000,-145000
04953P,台積電群益94售13,0,0,0,0,0,0,0,0,0,-145000,0,0,0,28000,173000,-145000,-145000
048231,台表科凱基93購06,0,0,0,0,0,0,0,0,0,-145000,0,0,0,14000,159000,-145000,-145000
048928,華新科永豐94購02,0,0,0,0,0,0,0,0,0,-145000,0,0,0,236000,381000,-145000,-145000
2375,凱美            ,318000,556000,-238000,0,0,0,0,0,0,93000,0,0,0,172000,79000,93000,-145000
056532,技嘉凱基98購01  ,0,0,0,0,0,0,0,0,0,-146000,0,0,0,10000,156000,-146000,-146000
056623,禾伸堂永豐98購01,0,0,0,0,0,0,0,0,0,-146000,0,0,0,80000,226000,-146000,-146000
044934,玉晶光元大93購01,0,0,0,0,0,0,0,0,0,-146000,0,0,0,6000,152000,-146000,-146000
048196,聯發科元大93購24,0,0,0,0,0,0,0,0,0,-146000,0,0,0,100000,246000,-146000,-146000
056586,光罩統一98購02  ,0,0,0,0,0,0,0,0,0,-147000,0,0,0,0,147000,-147000,-147000
049974,聯發科日盛94購02,0,0,0,0,0,0,0,0,0,-147000,0,0,0,50000,197000,-147000,-147000
048259,新日興統一93購01,0,0,0,0,0,0,0,0,0,-147000,0,0,0,210000,357000,-147000,-147000
049641,台達電凱基94購08,0,0,0,0,0,0,0,0,0,-147000,0,0,0,25000,172000,-147000,-147000
053635,技嘉永豐96購01  ,0,0,0,0,0,0,0,0,0,-147000,0,0,0,379000,526000,-147000,-147000
055517,國巨中信97購03  ,0,0,0,0,0,0,0,0,0,-148000,0,0,0,3000,151000,-148000,-148000
051040,漢唐永豐95購01  ,0,0,0,0,0,0,0,0,0,-148000,0,0,0,66000,214000,-148000,-148000
051353,聯發科元大95購08,0,0,0,0,0,0,0,0,0,-148000,0,0,0,400000,548000,-148000,-148000
06235P,國巨元大97售12  ,0,0,0,0,0,0,0,0,0,-148000,0,0,0,0,148000,-148000,-148000
056786,亞光群益98購03  ,0,0,0,0,0,0,0,0,0,-149000,0,0,0,11000,160000,-149000,-149000
050106,台達電元大94購11,0,0,0,0,0,0,0,0,0,-149000,0,0,0,1000,150000,-149000,-149000
053950,緯穎富邦97購02  ,0,0,0,0,0,0,0,0,0,-149000,0,0,0,0,149000,-149000,-149000
2332,友訊            ,86000,235000,-149000,0,0,0,0,0,0,0,2000,2000,0,0,0,0,-149000
6108,競國            ,34000,183000,-149000,0,0,0,0,0,0,0,0,0,0,0,0,0,-149000
056860,正崴群益98購01  ,0,0,0,0,0,0,0,0,0,-150000,0,0,0,9000,159000,-150000,-150000
055237,晶豪科台新97購01,0,0,0,0,0,0,0,0,0,-150000,0,0,0,0,150000,-150000,-150000
04550P,超眾元大94售01  ,0,0,0,0,0,0,0,0,0,-150000,0,0,0,0,150000,-150000,-150000
04337P,台積電元大93售25,0,0,0,0,0,0,0,0,0,-150000,0,0,0,0,150000,-150000,-150000
047386,南亞科元大93購01,0,0,0,0,0,0,0,0,0,-150000,0,0,0,0,150000,-150000,-150000
04604P,華新科國票95售01,0,0,0,0,0,0,0,0,0,-150000,0,0,0,0,150000,-150000,-150000
046317,亞光元大92購04  ,0,0,0,0,0,0,0,0,0,-150000,0,0,0,0,150000,-150000,-150000
053419,光罩永豐96購01  ,0,0,0,0,0,0,0,0,0,-150000,0,0,0,0,150000,-150000,-150000
052650,台郡永豐96購01  ,0,0,0,0,0,0,0,0,0,-150000,0,0,0,0,150000,-150000,-150000
052906,緯創國票97購01  ,0,0,0,0,0,0,0,0,0,-150000,0,0,0,210000,360000,-150000,-150000
052140,鈺齊凱基95購02  ,0,0,0,0,0,0,0,0,0,-150000,0,0,0,60000,210000,-150000,-150000
052014,光罩永豐95購01  ,0,0,0,0,0,0,0,0,0,-150000,0,0,0,10000,160000,-150000,-150000
05732P,臺股指統一96售02,0,0,0,0,0,0,0,0,0,-150000,0,0,0,0,150000,-150000,-150000
05754P,臺股指中信99售03,0,0,0,0,0,0,0,0,0,-150000,0,0,0,30000,180000,-150000,-150000
056836,國巨元富98購01  ,0,0,0,0,0,0,0,0,0,-151000,0,0,0,56000,207000,-151000,-151000
056593,台積電元富98購02,0,0,0,0,0,0,0,0,0,-151000,0,0,0,285000,436000,-151000,-151000
045627,聯電凱基93購03  ,0,0,0,0,0,0,0,0,0,-151000,0,0,0,135000,286000,-151000,-151000
048606,聯發科日盛93購02,0,0,0,0,0,0,0,0,0,-151000,0,0,0,730000,881000,-151000,-151000
053228,康友台新97購01  ,0,0,0,0,0,0,0,0,0,-151000,0,0,0,48000,199000,-151000,-151000
053827,漢唐麥證9A購01  ,0,0,0,18000,169000,-151000,0,0,0,-151000,0,0,0,18000,169000,-151000,-151000
054173,奇力新台新97購02,0,0,0,0,0,0,0,0,0,-151000,0,0,0,0,151000,-151000,-151000
054352,世芯國泰98購01  ,0,0,0,0,0,0,0,0,0,-151000,0,0,0,111000,262000,-151000,-151000
3008,大立光          ,168931,326400,-157469,0,0,0,2000,9000,-7000,13000,8000,2000,6000,7000,0,7000,-151469
047908,南亞科元大93購02,0,0,0,0,0,0,0,0,0,-152000,0,0,0,0,152000,-152000,-152000
050340,鴻海統一94購07  ,0,0,0,0,0,0,0,0,0,-152000,0,0,0,0,152000,-152000,-152000
051573,鴻海元大95購15  ,0,0,0,0,0,0,0,0,0,-152000,0,0,0,50000,202000,-152000,-152000
056846,晶相光元富98購01,0,0,0,0,0,0,0,0,0,-153000,0,0,0,43000,196000,-153000,-153000
056221,鴻海凱基99購01  ,0,0,0,0,0,0,0,0,0,-153000,0,0,0,10000,163000,-153000,-153000
055551,致茂凱基98購01  ,0,0,0,0,0,0,0,0,0,-153000,0,0,0,43000,196000,-153000,-153000
055457,聚陽永豐97購01  ,0,0,0,0,0,0,0,0,0,-153000,0,0,0,37000,190000,-153000,-153000
054870,新日興群益98購01,0,0,0,0,0,0,0,0,0,-153000,0,0,0,87000,240000,-153000,-153000
055421,玉晶光永豐98購04,0,0,0,0,0,0,0,0,0,-154000,0,0,0,205000,359000,-154000,-154000
056856,華通群益9A購01  ,0,0,0,0,0,0,0,0,0,-154000,0,0,0,0,154000,-154000,-154000
056704,健策國泰99購01  ,0,0,0,0,0,0,0,0,0,-154000,0,0,0,605000,759000,-154000,-154000
056862,聯發科群益98購03,0,0,0,0,0,0,0,0,0,-154000,0,0,0,0,154000,-154000,-154000
057006,國巨中信98購03  ,0,0,0,0,0,0,0,0,0,-154000,0,0,0,0,154000,-154000,-154000
053885,全新兆豐96購01  ,0,0,0,0,0,0,0,0,0,-154000,0,0,0,385000,539000,-154000,-154000
053569,漢唐統一98購01  ,0,0,0,0,0,0,0,0,0,-154000,0,0,0,0,154000,-154000,-154000
051946,健策統一98購01  ,0,0,0,0,0,0,0,0,0,-154000,0,0,0,501000,655000,-154000,-154000
05904P,大立光統一96售07,0,0,0,0,0,0,0,0,0,-154000,0,0,0,0,154000,-154000,-154000
056186,智原統一97購01  ,0,0,0,0,0,0,0,0,0,-155000,0,0,0,0,155000,-155000,-155000
055396,瑞儀統一97購01  ,0,0,0,0,0,0,0,0,0,-155000,0,0,0,70000,225000,-155000,-155000
055661,亞德客中信98購01,0,0,0,0,0,0,0,0,0,-155000,0,0,0,0,155000,-155000,-155000
047197,美律統一94購01  ,0,0,0,0,0,0,0,0,0,-155000,0,0,0,0,155000,-155000,-155000
048754,瀚宇博元富97購01,0,0,0,0,0,0,0,0,0,-155000,0,0,0,0,155000,-155000,-155000
04272P,元上證凱基94售01,0,0,0,0,0,0,0,0,0,-155000,0,0,0,10000,165000,-155000,-155000
051520,新光金凱基97購01,0,0,0,0,0,0,0,0,0,-155000,0,0,0,0,155000,-155000,-155000
049988,貿聯凱基94購02  ,0,0,0,0,0,0,0,0,0,-155000,0,0,0,60000,215000,-155000,-155000
2405,浩鑫            ,8000,163000,-155000,0,0,0,0,0,0,0,0,0,0,0,0,0,-155000
054715,中橡康和97購01  ,0,0,0,0,0,0,0,0,0,-156000,0,0,0,10000,166000,-156000,-156000
056308,TPK元大97購02   ,0,0,0,0,0,0,0,0,0,-156000,0,0,0,0,156000,-156000,-156000
051841,南茂國泰96購01  ,0,0,0,0,0,0,0,0,0,-156000,0,0,0,0,156000,-156000,-156000
054138,晶技元大98購02  ,0,0,0,0,0,0,0,0,0,-156000,0,0,0,0,156000,-156000,-156000
056946,國巨統一98購05  ,0,0,0,0,0,0,0,0,0,-157000,0,0,0,0,157000,-157000,-157000
048726,儒鴻麥證95購01  ,0,0,0,163000,320000,-157000,0,0,0,-157000,0,0,0,163000,320000,-157000,-157000
048192,華通元大96購01  ,0,0,0,0,0,0,0,0,0,-157000,0,0,0,140000,297000,-157000,-157000
048446,南亞科凱基93購07,0,0,0,0,0,0,0,0,0,-157000,0,0,0,1000,158000,-157000,-157000
051861,鴻海凱基98購01  ,0,0,0,0,0,0,0,0,0,-157000,0,0,0,59000,216000,-157000,-157000
052201,超眾統一96購01  ,0,0,0,0,0,0,0,0,0,-157000,0,0,0,79000,236000,-157000,-157000
052714,義隆凱基96購02  ,0,0,0,0,0,0,0,0,0,-157000,0,0,0,0,157000,-157000,-157000
05897P,國巨凱基96售12  ,0,0,0,0,0,0,0,0,0,-157000,0,0,0,0,157000,-157000,-157000
05718P,國巨元大96售09  ,0,0,0,0,0,0,0,0,0,-157000,0,0,0,0,157000,-157000,-157000
049444,元石油統一94購03,0,0,0,0,0,0,0,0,0,-158000,0,0,0,0,158000,-158000,-158000
054011,旺宏永豐96購05  ,0,0,0,0,0,0,0,0,0,-158000,0,0,0,6000,164000,-158000,-158000
054403,同欣電永豐96購02,0,0,0,0,0,0,0,0,0,-158000,0,0,0,0,158000,-158000,-158000
05347P,滬深2X元富9B售02,0,0,0,0,0,0,0,0,0,-158000,0,0,0,0,158000,-158000,-158000
056589,康控統一98購01  ,0,0,0,0,0,0,0,0,0,-159000,0,0,0,120000,279000,-159000,-159000
050541,智邦凱基94購04  ,0,0,0,0,0,0,0,0,0,-159000,0,0,0,61000,220000,-159000,-159000
2481,強茂            ,163000,270000,-107000,0,0,0,0,0,0,-52000,1000,0,1000,15000,68000,-53000,-159000
049440,T50反1統一94購04,0,0,0,0,0,0,0,0,0,-160000,0,0,0,5000,165000,-160000,-160000
049557,南電元富94購02  ,0,0,0,0,0,0,0,0,0,-160000,0,0,0,0,160000,-160000,-160000
053602,台虹元大96購01  ,0,0,0,0,0,0,0,0,0,-160000,0,0,0,0,160000,-160000,-160000
056710,漢唐永豐98購01  ,0,0,0,0,0,0,0,0,0,-161000,0,0,0,0,161000,-161000,-161000
056080,世紀鋼元大97購03,0,0,0,0,0,0,0,0,0,-161000,0,0,0,0,161000,-161000,-161000
056075,瀚宇博元大97購03,0,0,0,0,0,0,0,0,0,-161000,0,0,0,15000,176000,-161000,-161000
055733,奇力新元富97購01,0,0,0,0,0,0,0,0,0,-161000,0,0,0,336000,497000,-161000,-161000
055075,南電永豐97購01  ,0,0,0,0,0,0,0,0,0,-161000,0,0,0,146000,307000,-161000,-161000
2353,宏碁            ,1958000,2045000,-87000,0,0,0,0,0,0,-74000,13000,28000,-15000,22000,81000,-59000,-161000
2009,第一銅          ,1000,163000,-162000,0,0,0,0,0,0,1000,1000,0,1000,0,0,0,-161000
055365,華通元大97購03  ,0,0,0,0,0,0,0,0,0,-162000,0,0,0,131000,293000,-162000,-162000
054251,聯發科元大96購21,0,0,0,0,0,0,0,0,0,-162000,0,0,0,100000,262000,-162000,-162000
05767P,國巨凱基96售11  ,0,0,0,0,0,0,0,0,0,-162000,0,0,0,0,162000,-162000,-162000
6282,康舒            ,135000,289000,-154000,0,0,0,0,0,0,-8000,4000,2000,2000,9000,19000,-10000,-162000
05760P,京鼎永豐96售02  ,0,0,0,0,0,0,0,0,0,-163000,0,0,0,0,163000,-163000,-163000
2340,光磊            ,548000,641050,-93050,0,0,0,0,0,0,-70000,12000,38000,-26000,412000,456000,-44000,-163050
055312,台虹群益99購01  ,0,0,0,0,0,0,0,0,0,-164000,0,0,0,0,164000,-164000,-164000
048897,日電貿國泰95購01,0,0,0,0,0,0,0,0,0,-164000,0,0,0,21000,185000,-164000,-164000
049075,光磊凱基94購01  ,0,0,0,0,0,0,0,0,0,-164000,0,0,0,45000,209000,-164000,-164000
05420P,大立光國泰97售03,0,0,0,0,0,0,0,0,0,-164000,0,0,0,0,164000,-164000,-164000
054076,義隆第一96購01  ,0,0,0,0,0,0,0,0,0,-164000,0,0,0,0,164000,-164000,-164000
05234P,美食康和95售01  ,0,0,0,0,0,0,0,0,0,-164000,0,0,0,81000,245000,-164000,-164000
06155P,智邦統一97售02  ,0,0,0,0,0,0,0,0,0,-164000,0,0,0,30000,194000,-164000,-164000
1904,正隆            ,487005,652000,-164995,0,0,0,0,0,0,0,3000,3000,0,0,0,0,-164995
055728,緯穎元大97購03  ,0,0,0,0,0,0,0,0,0,-165000,0,0,0,50000,215000,-165000,-165000
046474,創意永豐92購03  ,0,0,0,0,0,0,0,0,0,-165000,0,0,0,0,165000,-165000,-165000
051150,宏達電凱基95購02,0,0,0,0,0,0,0,0,0,-165000,0,0,0,0,165000,-165000,-165000
050899,旭富元大95購01  ,0,0,0,0,0,0,0,0,0,-165000,0,0,0,259000,424000,-165000,-165000
052241,台郡國票96購01  ,0,0,0,0,0,0,0,0,0,-165000,0,0,0,0,165000,-165000,-165000
054254,晶豪科元大96購02,0,0,0,0,0,0,0,0,0,-165000,0,0,0,15000,180000,-165000,-165000
055283,聯發科元大97購16,0,0,0,0,0,0,0,0,0,-166000,0,0,0,337000,503000,-166000,-166000
054698,同欣電永豐97購01,0,0,0,0,0,0,0,0,0,-166000,0,0,0,0,166000,-166000,-166000
045883,元油2X元大95購07,0,0,0,0,0,0,0,0,0,-166000,0,0,0,30000,196000,-166000,-166000
056921,京元電兆豐98購01,0,0,0,0,0,0,0,0,0,-167000,0,0,0,0,167000,-167000,-167000
048122,台達電元大96購02,0,0,0,0,0,0,0,0,0,-167000,0,0,0,1000,168000,-167000,-167000
053432,世紀鋼永豐96購02,0,0,0,0,0,0,0,0,0,-167000,0,0,0,12000,179000,-167000,-167000
05584P,臺股指凱基96售13,0,0,0,0,0,0,0,0,0,-168000,0,0,0,68000,236000,-168000,-168000
054810,中橡元大9A購01  ,0,0,0,0,0,0,0,0,0,-168000,0,0,0,0,168000,-168000,-168000
055355,大立光凱基97購05,0,0,0,0,0,0,0,0,0,-168000,0,0,0,44000,212000,-168000,-168000
046792,京元電元富96購01,0,0,0,0,0,0,0,0,0,-168000,0,0,0,15000,183000,-168000,-168000
052108,鴻海元富95購11  ,0,0,0,0,0,0,0,0,0,-168000,0,0,0,0,168000,-168000,-168000
053542,超眾永豐96購01  ,0,0,0,0,0,0,0,0,0,-168000,0,0,0,147000,315000,-168000,-168000
053884,緯穎第一96購01  ,0,0,0,0,0,0,0,0,0,-168000,0,0,0,40000,208000,-168000,-168000
052741,聯發科元大96購08,0,0,0,0,0,0,0,0,0,-168000,0,0,0,11000,179000,-168000,-168000
052770,聯茂群益96購02  ,0,0,0,0,0,0,0,0,0,-168000,0,0,0,301000,469000,-168000,-168000
053135,信邦國票96購01  ,0,0,0,0,0,0,0,0,0,-168000,0,0,0,1000,169000,-168000,-168000
053186,健策中信9C購01  ,0,0,0,0,0,0,0,0,0,-168000,0,0,0,95000,263000,-168000,-168000
2891,中信金          ,4348000,4816000,-468000,0,0,0,219000,0,219000,81000,1000,0,1000,80000,0,80000,-168000
055808,世紀鋼永豐97購01,0,0,0,0,0,0,0,0,0,-169000,0,0,0,0,169000,-169000,-169000
056949,義隆統一98購01  ,0,0,0,0,0,0,0,0,0,-169000,0,0,0,0,169000,-169000,-169000
056962,技嘉永豐98購01  ,0,0,0,0,0,0,0,0,0,-169000,0,0,0,100000,269000,-169000,-169000
04471P,華通元大95售03  ,0,0,0,0,0,0,0,0,0,-169000,0,0,0,0,169000,-169000,-169000
052571,新光金凱基98購02,0,0,0,0,0,0,0,0,0,-169000,0,0,0,0,169000,-169000,-169000
05835P,臺股指元富96售07,0,0,0,0,0,0,0,0,0,-169000,0,0,0,60000,229000,-169000,-169000
055798,聯茂富邦98購01  ,0,0,0,0,0,0,0,0,0,-170000,0,0,0,210000,380000,-170000,-170000
055294,智易元大98購01  ,0,0,0,0,0,0,0,0,0,-170000,0,0,0,0,170000,-170000,-170000
055211,A50反1凱基9A購01,0,0,0,0,0,0,0,0,0,-170000,0,0,0,122000,292000,-170000,-170000
045288,元油2X元大95購02,0,0,0,0,0,0,0,0,0,-170000,0,0,0,0,170000,-170000,-170000
04690P,國巨群益94售06  ,0,0,0,0,0,0,0,0,0,-170000,0,0,0,0,170000,-170000,-170000
048298,華通麥證94購01  ,0,0,0,10000,183000,-173000,0,0,0,-170000,0,0,0,13000,183000,-170000,-170000
053044,南茂凱基96購02  ,0,0,0,0,0,0,0,0,0,-170000,0,0,0,0,170000,-170000,-170000
052920,景碩台新96購02  ,0,0,0,0,0,0,0,0,0,-170000,0,0,0,73000,243000,-170000,-170000
052246,超眾康和95購01  ,0,0,0,0,0,0,0,0,0,-170000,0,0,0,30000,200000,-170000,-170000
053434,國泰金日盛96購01,0,0,0,0,0,0,0,0,0,-170000,0,0,0,0,170000,-170000,-170000
1434,福懋            ,95000,268000,-173000,0,0,0,0,0,0,3000,3000,0,3000,0,0,0,-170000
05631P,國巨富邦9A售01  ,0,0,0,0,0,0,0,0,0,-171000,0,0,0,0,171000,-171000,-171000
053231,奇力新康和96購01,0,0,0,0,0,0,0,0,0,-171000,0,0,0,0,171000,-171000,-171000
05746P,台積電群益96售07,0,0,0,0,0,0,0,0,0,-171000,0,0,0,34000,205000,-171000,-171000
055477,同欣電凱基98購01,0,0,0,0,0,0,0,0,0,-172000,0,0,0,11000,183000,-172000,-172000
046362,華通永豐92購02  ,0,0,0,0,0,0,0,0,0,-172000,0,0,0,34000,206000,-172000,-172000
048745,儒鴻元富97購02  ,0,0,0,0,0,0,0,0,0,-172000,0,0,0,187000,359000,-172000,-172000
049146,南亞科元大94購02,0,0,0,0,0,0,0,0,0,-172000,0,0,0,4000,176000,-172000,-172000
049318,樺漢凱基94購01  ,0,0,0,0,0,0,0,0,0,-172000,0,0,0,0,172000,-172000,-172000
04950P,上証2X中信96售02,0,0,0,0,0,0,0,0,0,-173000,0,0,0,10000,183000,-173000,-173000
00710B,FH彭博高收益債  ,0,0,0,0,0,0,0,0,0,-173000,0,0,0,21000,194000,-173000,-173000
049115,創意統一94購03  ,0,0,0,0,0,0,0,0,0,-173000,0,0,0,48000,221000,-173000,-173000
049299,矽創群益94購01  ,0,0,0,0,0,0,0,0,0,-173000,0,0,0,0,173000,-173000,-173000
053181,滬深2X元富99購02,0,0,0,0,0,0,0,0,0,-173000,0,0,0,35000,208000,-173000,-173000
06063P,玉晶光元富97售01,0,0,0,0,0,0,0,0,0,-173000,0,0,0,58000,231000,-173000,-173000
055313,南電群益97購01  ,0,0,0,0,0,0,0,0,0,-174000,0,0,0,294000,468000,-174000,-174000
056936,禾伸堂元富98購01,0,0,0,0,0,0,0,0,0,-174000,0,0,0,2000,176000,-174000,-174000
045235,致茂中信93購01  ,0,0,0,0,0,0,0,0,0,-174000,0,0,0,71000,245000,-174000,-174000
050405,新光金麥證94購01,0,0,0,0,174000,-174000,0,0,0,-174000,0,0,0,0,174000,-174000,-174000
05568P,台積電統一96售03,0,0,0,0,0,0,0,0,0,-175000,0,0,0,0,175000,-175000,-175000
05181P,健策凱基95售01  ,0,0,0,0,0,0,0,0,0,-175000,0,0,0,100000,275000,-175000,-175000
054333,茂林永豐96購03  ,0,0,0,0,0,0,0,0,0,-175000,0,0,0,106000,281000,-175000,-175000
048590,貿聯兆豐94購02  ,0,0,0,0,0,0,0,0,0,-176000,0,0,0,24000,200000,-176000,-176000
054046,義隆元大96購02  ,0,0,0,0,0,0,0,0,0,-176000,0,0,0,169000,345000,-176000,-176000
06383P,聯茂元富97售01  ,0,0,0,0,0,0,0,0,0,-176000,0,0,0,9000,185000,-176000,-176000
055187,彩晶統一98購01  ,0,0,0,0,0,0,0,0,0,-177000,0,0,0,50000,227000,-177000,-177000
047072,義隆兆豐94購01  ,0,0,0,0,0,0,0,0,0,-177000,0,0,0,0,177000,-177000,-177000
3321,同泰            ,28000,21000,7000,0,0,0,0,184000,-184000,0,0,0,0,0,0,0,-177000
055404,超眾元富97購01  ,0,0,0,0,0,0,0,0,0,-178000,0,0,0,0,178000,-178000,-178000
05489P,臺股指凱基95售22,0,0,0,0,0,0,0,0,0,-178000,0,0,0,15000,193000,-178000,-178000
056658,美食元大98購01  ,0,0,0,0,0,0,0,0,0,-178000,0,0,0,249000,427000,-178000,-178000
046191,新光金凱基98購01,0,0,0,0,0,0,0,0,0,-178000,0,0,0,0,178000,-178000,-178000
049739,大立光群益94購05,0,0,0,0,0,0,0,0,0,-178000,0,0,0,2000,180000,-178000,-178000
054380,世芯群益97購02  ,0,0,0,0,0,0,0,0,0,-178000,0,0,0,228000,406000,-178000,-178000
054671,國巨國泰98購01  ,0,0,0,0,0,0,0,0,0,-179000,0,0,0,199000,378000,-179000,-179000
055621,國巨國泰98購03  ,0,0,0,0,0,0,0,0,0,-179000,0,0,0,11000,190000,-179000,-179000
047458,聯發科群益93購08,0,0,0,0,0,0,0,0,0,-179000,0,0,0,50000,229000,-179000,-179000
054354,技嘉富邦97購01  ,0,0,0,0,0,0,0,0,0,-179000,0,0,0,623000,802000,-179000,-179000
053435,新光金日盛96購01,0,0,0,0,0,0,0,0,0,-179000,0,0,0,0,179000,-179000,-179000
055332,奇力新兆豐98購01,0,0,0,0,0,0,0,0,0,-180000,0,0,0,10000,190000,-180000,-180000
05528P,臺股指群益96售01,0,0,0,0,0,0,0,0,0,-180000,0,0,0,0,180000,-180000,-180000
055855,牧德元大99購02  ,0,0,0,0,0,0,0,0,0,-180000,0,0,0,139000,319000,-180000,-180000
046799,儒鴻元大93購01  ,0,0,0,0,0,0,0,0,0,-180000,0,0,0,70000,250000,-180000,-180000
04136P,智邦元大93售09  ,0,0,0,0,0,0,0,0,0,-180000,0,0,0,69000,249000,-180000,-180000
048536,南電國票93購04  ,0,0,0,0,0,0,0,0,0,-180000,0,0,0,0,180000,-180000,-180000
048475,台郡永豐93購02  ,0,0,0,0,0,0,0,0,0,-180000,0,0,0,0,180000,-180000,-180000
053930,S&P反1統一98購01,0,0,0,0,0,0,0,0,0,-180000,0,0,0,10000,190000,-180000,-180000
056171,鴻海元富97購10  ,0,0,0,0,0,0,0,0,0,-181000,0,0,0,504000,685000,-181000,-181000
054020,技嘉台新97購01  ,0,0,0,0,0,0,0,0,0,-181000,0,0,0,183000,364000,-181000,-181000
054258,牧德元大97購01  ,0,0,0,0,0,0,0,0,0,-181000,0,0,0,31000,212000,-181000,-181000
056054,亞德客元大97購05,0,0,0,0,0,0,0,0,0,-182000,0,0,0,31000,213000,-182000,-182000
056583,昇陽半元大98購02,0,0,0,0,0,0,0,0,0,-182000,0,0,0,80000,262000,-182000,-182000
055412,旺宏富邦99購01  ,0,0,0,0,0,0,0,0,0,-182000,0,0,0,0,182000,-182000,-182000
05060P,台達電富邦97售02,0,0,0,0,0,0,0,0,0,-182000,0,0,0,147000,329000,-182000,-182000
053142,緯穎永豐96購01  ,0,0,0,0,0,0,0,0,0,-182000,0,0,0,25000,207000,-182000,-182000
06012P,世芯國票96售01  ,0,0,0,0,0,0,0,0,0,-182000,0,0,0,509000,691000,-182000,-182000
046486,樺漢國泰94購01  ,0,0,0,0,0,0,0,0,0,-183000,0,0,0,11000,194000,-183000,-183000
050226,華新科中信94購01,0,0,0,0,0,0,0,0,0,-183000,0,0,0,58000,241000,-183000,-183000
2520,冠德            ,351000,376000,-25000,0,0,0,0,150000,-150000,-8000,1000,2000,-1000,0,7000,-7000,-183000
050601,台表科國泰96購01,0,0,0,0,0,0,0,0,0,-184000,0,0,0,55000,239000,-184000,-184000
053942,超眾國泰96購02  ,0,0,0,0,0,0,0,0,0,-184000,0,0,0,74000,258000,-184000,-184000
1527,鑽全            ,7000,192000,-185000,0,0,0,0,0,0,1000,1000,0,1000,0,0,0,-184000
054920,智原凱基98購01  ,0,0,0,0,0,0,0,0,0,-185000,0,0,0,0,185000,-185000,-185000
056449,義隆凱基98購03  ,0,0,0,0,0,0,0,0,0,-185000,0,0,0,34000,219000,-185000,-185000
056813,聯茂統一99購01  ,0,0,0,0,0,0,0,0,0,-185000,0,0,0,40000,225000,-185000,-185000
047206,元金2X國泰94購01,0,0,0,0,0,0,0,0,0,-185000,0,0,0,215000,400000,-185000,-185000
047864,信邦康和93購01  ,0,0,0,0,0,0,0,0,0,-185000,0,0,0,233000,418000,-185000,-185000
05419P,矽力永豐95售02  ,0,0,0,0,0,0,0,0,0,-185000,0,0,0,0,185000,-185000,-185000
049522,華通兆豐94購02  ,0,0,0,0,0,0,0,0,0,-186000,0,0,0,2000,188000,-186000,-186000
049346,新光金統一95購01,0,0,0,0,0,0,0,0,0,-186000,0,0,0,15000,201000,-186000,-186000
049389,元石油中信97購02,0,0,0,0,0,0,0,0,0,-186000,0,0,0,42000,228000,-186000,-186000
048336,光磊元大93購02  ,0,0,0,0,0,0,0,0,0,-186000,0,0,0,18000,204000,-186000,-186000
049226,元石油富邦95購01,0,0,0,0,0,0,0,0,0,-186000,0,0,0,0,186000,-186000,-186000
051804,新光金日盛95購01,0,0,0,0,0,0,0,0,0,-186000,0,0,0,111000,297000,-186000,-186000
052173,廣達元大95購02  ,0,0,0,0,0,0,0,0,0,-186000,0,0,0,64000,250000,-186000,-186000
057043,台積電元大99購02,0,0,0,0,0,0,0,0,0,-186000,0,0,0,0,186000,-186000,-186000
056463,台虹凱基98購02  ,0,0,0,0,0,0,0,0,0,-187000,0,0,0,35000,222000,-187000,-187000
050003,景碩永豐94購01  ,0,0,0,0,0,0,0,0,0,-187000,0,0,0,78000,265000,-187000,-187000
2607,榮運            ,28000,162000,-134000,0,0,0,0,0,0,-53000,0,53000,-53000,0,0,0,-187000
056590,樺漢統一9A購01  ,0,0,0,0,0,0,0,0,0,-188000,0,0,0,73000,261000,-188000,-188000
056721,台灣50永昌9A購01,0,0,0,0,0,0,0,0,0,-188000,0,0,0,149000,337000,-188000,-188000
056239,宏達電群益98購01,0,0,0,0,0,0,0,0,0,-188000,0,0,0,0,188000,-188000,-188000
055288,日電貿元大97購02,0,0,0,0,0,0,0,0,0,-188000,0,0,0,90000,278000,-188000,-188000
00670L,富邦NASDAQ正2   ,0,14000,-14000,0,0,0,0,0,0,-174000,0,0,0,127000,301000,-174000,-188000
049869,訊芯兆豐94購01  ,0,0,0,0,0,0,0,0,0,-188000,0,0,0,76000,264000,-188000,-188000
052623,台郡兆豐96購01  ,0,0,0,0,0,0,0,0,0,-188000,0,0,0,0,188000,-188000,-188000
2104,國際中橡        ,265000,460000,-195000,0,0,0,0,0,0,7000,2000,0,2000,5000,0,5000,-188000
055337,超眾兆豐98購01  ,0,0,0,0,0,0,0,0,0,-189000,0,0,0,30000,219000,-189000,-189000
051063,台郡群益95購01  ,0,0,0,0,0,0,0,0,0,-189000,0,0,0,21000,210000,-189000,-189000
050471,國泰金台新94購01,0,0,0,0,0,0,0,0,0,-189000,0,0,0,0,189000,-189000,-189000
045371,元石油元大95購01,0,0,0,0,0,0,0,0,0,-190000,0,0,0,0,190000,-190000,-190000
047598,深中小統一94購01,0,0,0,0,0,0,0,0,0,-190000,0,0,0,0,190000,-190000,-190000
049366,聯發科元大94購05,0,0,0,0,0,0,0,0,0,-190000,0,0,0,0,190000,-190000,-190000
054281,世芯群益97購01  ,0,0,0,0,0,0,0,0,0,-190000,0,0,0,205000,395000,-190000,-190000
054748,正文凱基98購01  ,0,0,0,0,0,0,0,0,0,-191000,0,0,0,0,191000,-191000,-191000
056207,茂林永豐97購03  ,0,0,0,0,0,0,0,0,0,-191000,0,0,0,70000,261000,-191000,-191000
050121,南電元大95購02  ,0,0,0,0,0,0,0,0,0,-191000,0,0,0,6000,197000,-191000,-191000
049570,華新科統一94購04,0,0,0,0,0,0,0,0,0,-191000,0,0,0,174000,365000,-191000,-191000
053996,晶相光群益97購01,0,0,0,0,0,0,0,0,0,-191000,0,0,0,225000,416000,-191000,-191000
1707,葡萄王          ,33000,223450,-190450,0,0,0,0,0,0,-1000,0,1000,-1000,0,0,0,-191450
2609,陽明            ,123000,314532,-191532,0,0,0,0,0,0,0,0,0,0,0,0,0,-191532
047450,南茂元大93購05  ,0,0,0,0,0,0,0,0,0,-192000,0,0,0,205000,397000,-192000,-192000
055025,華新科國泰98購02,0,0,0,0,0,0,0,0,0,-193000,0,0,0,120000,313000,-193000,-193000
051299,致茂凱基95購01  ,0,0,0,0,0,0,0,0,0,-193000,0,0,0,0,193000,-193000,-193000
052942,聯發科中信97購04,0,0,0,0,0,0,0,0,0,-194000,0,0,0,175000,369000,-194000,-194000
055624,聯發科富邦99購07,0,0,0,0,0,0,0,0,0,-195000,0,0,0,172000,367000,-195000,-195000
055694,光罩國票98購01  ,0,0,0,0,0,0,0,0,0,-195000,0,0,0,110000,305000,-195000,-195000
047212,宏達電富邦97購01,0,0,0,0,0,0,0,0,0,-195000,0,0,0,5000,200000,-195000,-195000
048337,致茂元大93購04  ,0,0,0,0,0,0,0,0,0,-195000,0,0,0,10000,205000,-195000,-195000
053945,國巨富邦98購02  ,0,0,0,0,0,0,0,0,0,-195000,0,0,0,541000,736000,-195000,-195000
055392,凱美統一97購03  ,0,0,0,0,0,0,0,0,0,-196000,0,0,0,173000,369000,-196000,-196000
055109,正崴凱基98購01  ,0,0,0,0,0,0,0,0,0,-196000,0,0,0,0,196000,-196000,-196000
056173,廣達元富97購01  ,0,0,0,0,0,0,0,0,0,-196000,0,0,0,0,196000,-196000,-196000
056027,樺漢群益97購02  ,0,0,0,0,0,0,0,0,0,-196000,0,0,0,2000,198000,-196000,-196000
056951,牧德統一99購01  ,0,0,0,0,0,0,0,0,0,-196000,0,0,0,0,196000,-196000,-196000
049490,京元電元大95購02,0,0,0,0,0,0,0,0,0,-196000,0,0,0,174000,370000,-196000,-196000
043538,元石油國票97購01,0,0,0,0,0,0,0,0,0,-196000,0,0,0,0,196000,-196000,-196000
051680,國泰金第一95購01,0,0,0,0,0,0,0,0,0,-196000,0,0,0,0,196000,-196000,-196000
05826P,臺股指凱基96售23,0,0,0,0,0,0,0,0,0,-196000,0,0,0,60000,256000,-196000,-196000
046950,隆達元大93購01  ,0,0,0,0,0,0,0,0,0,-197000,0,0,0,3000,200000,-197000,-197000
048898,晶相光國泰96購01,0,0,0,0,0,0,0,0,0,-197000,0,0,0,311000,508000,-197000,-197000
053894,創意群益96購01  ,0,0,0,0,0,0,0,0,0,-197000,0,0,0,268000,465000,-197000,-197000
046460,聯鈞凱基93購02  ,0,0,0,0,0,0,0,0,0,-198000,0,0,0,0,198000,-198000,-198000
048499,達運元大96購01  ,0,0,0,0,0,0,0,0,0,-198000,0,0,0,120000,318000,-198000,-198000
05215P,台積電台新95售03,0,0,0,0,0,0,0,0,0,-198000,0,0,0,0,198000,-198000,-198000
9914,美利達          ,182000,236000,-54000,0,0,0,0,119000,-119000,-25000,7000,31000,-24000,0,1000,-1000,-198000
055762,智伸科群益97購01,0,0,0,0,0,0,0,0,0,-199000,0,0,0,0,199000,-199000,-199000
051948,滬深2X元富9B購01,0,0,0,0,0,0,0,0,0,-199000,0,0,0,152000,351000,-199000,-199000
053583,漢唐元大96購03  ,0,0,0,0,0,0,0,0,0,-199000,0,0,0,68000,267000,-199000,-199000
8016,矽創            ,190000,446000,-256000,0,0,0,52000,39000,13000,44000,35000,0,35000,16000,7000,9000,-199000
06056P,台積電凱基98售02,0,0,0,0,0,0,0,0,0,-199000,0,0,0,1000,200000,-199000,-199000
055982,T50反1元富97購01,0,0,0,0,0,0,0,0,0,-200000,0,0,0,0,200000,-200000,-200000
056884,元油2X元大99購02,0,0,0,0,0,0,0,0,0,-200000,0,0,0,0,200000,-200000,-200000
054947,興勤元大97購01  ,0,0,0,0,0,0,0,0,0,-200000,0,0,0,0,200000,-200000,-200000
055521,S&P反1群益01購01,0,0,0,0,0,0,0,0,0,-200000,0,0,0,0,200000,-200000,-200000
046380,神基凱基93購01  ,0,0,0,0,0,0,0,0,0,-200000,0,0,0,0,200000,-200000,-200000
047921,南亞科凱基93購05,0,0,0,0,0,0,0,0,0,-200000,0,0,0,0,200000,-200000,-200000
04349P,美律國票94售02  ,0,0,0,0,0,0,0,0,0,-200000,0,0,0,0,200000,-200000,-200000
04288P,台積電中信95售06,0,0,0,0,0,0,0,0,0,-200000,0,0,0,0,200000,-200000,-200000
047734,欣興兆豐94購02  ,0,0,0,0,0,0,0,0,0,-200000,0,0,0,0,200000,-200000,-200000
047651,復盛元大93購01  ,0,0,0,0,0,0,0,0,0,-200000,0,0,0,0,200000,-200000,-200000
042281,元油2X富邦96購02,0,0,0,0,0,0,0,0,0,-200000,0,0,0,0,200000,-200000,-200000
048470,神基永豐93購01  ,0,0,0,0,0,0,0,0,0,-200000,0,0,0,0,200000,-200000,-200000
049719,義隆凱基94購03  ,0,0,0,0,0,0,0,0,0,-200000,0,0,0,0,200000,-200000,-200000
052094,瀚宇博元大96購02,0,0,0,0,0,0,0,0,0,-200000,0,0,0,0,200000,-200000,-200000
052089,聯發科元大96購02,0,0,0,0,0,0,0,0,0,-200000,0,0,0,0,200000,-200000,-200000
053653,京元電凱基96購02,0,0,0,0,0,0,0,0,0,-200000,0,0,0,2000,202000,-200000,-200000
054169,上緯控凱基98購01,0,0,0,0,0,0,0,0,0,-200000,0,0,0,3000,203000,-200000,-200000
051990,泰碩元大95購01  ,0,0,0,0,0,0,0,0,0,-200000,0,0,0,100000,300000,-200000,-200000
051881,上証2X永豐95購02,0,0,0,0,0,0,0,0,0,-200000,0,0,0,0,200000,-200000,-200000
05225P,鴻海統一95售09  ,0,0,0,0,0,0,0,0,0,-200000,0,0,0,100000,300000,-200000,-200000
055189,台虹統一97購01  ,0,0,0,0,0,0,0,0,0,-201000,0,0,0,0,201000,-201000,-201000
049935,南電元大94購08  ,0,0,0,0,0,0,0,0,0,-201000,0,0,0,0,201000,-201000,-201000
05874P,台積電群益96售10,0,0,0,0,0,0,0,0,0,-201000,0,0,0,48000,249000,-201000,-201000
055653,聯詠元富01購02  ,0,0,0,0,0,0,0,0,0,-202000,0,0,0,18000,220000,-202000,-202000
055761,創意群益97購01  ,20000,0,20000,0,0,0,0,0,0,-222000,0,0,0,207000,429000,-222000,-202000
051186,創意永豐95購01  ,0,0,0,0,0,0,0,0,0,-202000,0,0,0,116000,318000,-202000,-202000
053986,矽創第一96購01  ,0,0,0,0,0,0,0,0,0,-202000,0,0,0,0,202000,-202000,-202000
053496,義隆兆豐96購02  ,0,0,0,0,0,0,0,0,0,-202000,0,0,0,15000,217000,-202000,-202000
056811,健策統一9B購01  ,0,0,0,0,0,0,0,0,0,-203000,0,0,0,253000,456000,-203000,-203000
053352,義隆兆豐96購01  ,0,0,0,0,0,0,0,0,0,-203000,0,0,0,0,203000,-203000,-203000
053979,健策元大98購01  ,0,0,0,0,0,0,0,0,0,-203000,0,0,0,202000,405000,-203000,-203000
052823,創意永豐96購02  ,0,0,0,0,0,0,0,0,0,-203000,0,0,0,116000,319000,-203000,-203000
06076P,大立光凱基98售03,0,0,0,0,0,0,0,0,0,-203000,0,0,0,0,203000,-203000,-203000
2399,映泰            ,52000,255000,-203000,0,0,0,0,0,0,0,1000,1000,0,0,0,0,-203000
6416,瑞祺電通        ,109000,174000,-65000,0,0,0,0,50000,-50000,-88000,0,88000,-88000,0,0,0,-203000
055688,力成凱基98購02  ,0,0,0,0,0,0,0,0,0,-204000,0,0,0,163000,367000,-204000,-204000
055181,日電貿統一97購01,0,0,0,0,0,0,0,0,0,-204000,0,0,0,31000,235000,-204000,-204000
046011,欣興元富95購01  ,0,0,0,0,0,0,0,0,0,-204000,0,0,0,175000,379000,-204000,-204000
053059,聯發科永昌99購01,0,0,0,0,0,0,0,0,0,-204000,0,0,0,78000,282000,-204000,-204000
053180,同欣電統一96購01,0,0,0,0,0,0,0,0,0,-205000,0,0,0,53000,258000,-205000,-205000
05244P,台積電元大95售17,0,0,0,0,0,0,0,0,0,-205000,0,0,0,570000,775000,-205000,-205000
051774,聯茂中信96購01  ,0,0,0,0,0,0,0,0,0,-205000,0,0,0,0,205000,-205000,-205000
051748,超眾國泰96購01  ,0,0,0,0,0,0,0,0,0,-205000,0,0,0,206000,411000,-205000,-205000
052008,創意第一95購01  ,0,0,0,0,0,0,0,0,0,-205000,0,0,0,100000,305000,-205000,-205000
044639,京元電元富94購01,0,0,0,0,0,0,0,0,0,-206000,0,0,0,186000,392000,-206000,-206000
049250,華通元大95購04  ,0,0,0,0,0,0,0,0,0,-206000,0,0,0,33000,239000,-206000,-206000
052553,技嘉國票96購01  ,0,0,0,0,0,0,0,0,0,-206000,0,0,0,295000,501000,-206000,-206000
2369,菱生            ,31000,241000,-210000,0,0,0,0,0,0,4000,4000,0,4000,0,0,0,-206000
055838,致茂元大97購03  ,0,0,0,0,0,0,0,0,0,-207000,0,0,0,30000,237000,-207000,-207000
05103P,臺股指凱基96售10,0,0,0,0,0,0,0,0,0,-207000,0,0,0,5000,212000,-207000,-207000
049783,元油2X兆豐95購01,0,0,0,0,0,0,0,0,0,-207000,0,0,0,23000,230000,-207000,-207000
056643,奇力新凱基99購01,0,0,0,0,0,0,0,0,0,-208000,0,0,0,30000,238000,-208000,-208000
055125,智原兆豐97購01  ,0,0,0,0,0,0,0,0,0,-208000,0,0,0,143000,351000,-208000,-208000
041824,元油2X國票96購01,0,0,0,0,0,0,0,0,0,-208000,0,0,0,0,208000,-208000,-208000
055316,上銀國票98購01  ,0,0,0,0,0,0,0,0,0,-209000,0,0,0,50000,259000,-209000,-209000
056004,南電永豐97購02  ,0,0,0,0,0,0,0,0,0,-209000,0,0,0,26000,235000,-209000,-209000
04890P,台積電元大95售05,0,0,0,0,0,0,0,0,0,-209000,0,0,0,160000,369000,-209000,-209000
051268,創意富邦97購01  ,0,0,0,0,0,0,0,0,0,-209000,0,0,0,31000,240000,-209000,-209000
1519,華城            ,129000,406000,-277000,0,0,0,0,50000,-50000,118000,118000,0,118000,0,0,0,-209000
056315,同欣電元大97購05,0,0,0,0,0,0,0,0,0,-210000,0,0,0,96000,306000,-210000,-210000
054659,亞光元大97購02  ,0,0,0,0,0,0,0,0,0,-210000,0,0,0,0,210000,-210000,-210000
03945P,欣興群益94售01  ,0,0,0,0,0,0,0,0,0,-210000,0,0,0,0,210000,-210000,-210000
048254,深中小統一93購01,0,0,0,0,0,0,0,0,0,-210000,0,0,0,0,210000,-210000,-210000
049761,亞德客國泰95購03,0,0,0,0,0,0,0,0,0,-210000,0,0,0,0,210000,-210000,-210000
053454,創意統一96購02  ,0,0,0,0,0,0,0,0,0,-210000,0,0,0,149000,359000,-210000,-210000
05585P,臺股指凱基96售14,0,0,0,0,0,0,0,0,0,-211000,0,0,0,10000,221000,-211000,-211000
047798,臺股指群益93購09,0,0,0,0,0,0,0,0,0,-211000,0,0,0,0,211000,-211000,-211000
2505,國揚            ,42000,244000,-202000,0,0,0,0,0,0,-9000,1000,4000,-3000,10000,16000,-6000,-211000
8150,南茂            ,1036000,1313900,-277900,0,0,0,0,0,0,66000,2000,0,2000,172000,108000,64000,-211900
055746,同欣電元富97購01,0,0,0,0,0,0,0,0,0,-212000,0,0,0,80000,292000,-212000,-212000
055214,聯電凱基97購02  ,0,0,0,0,0,0,0,0,0,-212000,0,0,0,245000,457000,-212000,-212000
054988,凱美元富97購02  ,0,0,0,0,0,0,0,0,0,-213000,0,0,0,20000,233000,-213000,-213000
03414B,臺股指凱基99熊01,0,0,0,0,0,0,0,0,0,-213000,0,0,0,105000,318000,-213000,-213000
03642C,臺股指元大94牛27,0,0,0,0,0,0,0,0,0,-213000,0,0,0,0,213000,-213000,-213000
048576,義隆國泰95購01  ,0,0,0,0,0,0,0,0,0,-213000,0,0,0,9000,222000,-213000,-213000
052694,開發金中信98購01,0,0,0,0,0,0,0,0,0,-213000,0,0,0,0,213000,-213000,-213000
055154,聯發科元大98購01,0,0,0,0,0,0,0,0,0,-214000,0,0,0,376000,590000,-214000,-214000
056652,上証反元大9B購01,0,0,0,0,0,0,0,0,0,-215000,0,0,0,0,215000,-215000,-215000
047010,聯詠統一93購05  ,0,0,0,0,0,0,0,0,0,-215000,0,0,0,68000,283000,-215000,-215000
052788,開發金中信98購02,0,0,0,0,0,0,0,0,0,-215000,0,0,0,0,215000,-215000,-215000
052291,鴻海元富97購02  ,0,0,0,0,0,0,0,0,0,-215000,0,0,0,0,215000,-215000,-215000
056403,茂林群益98購01  ,0,0,0,0,0,0,0,0,0,-216000,0,0,0,135000,351000,-216000,-216000
056818,正崴永豐98購01  ,0,0,0,0,0,0,0,0,0,-216000,0,0,0,39000,255000,-216000,-216000
047557,麗豐凱基94購02  ,0,0,0,0,0,0,0,0,0,-216000,0,0,0,126000,342000,-216000,-216000
045484,聯電亞東94購01  ,0,0,0,0,0,0,0,0,0,-216000,0,0,0,0,216000,-216000,-216000
048591,台郡兆豐94購01  ,0,0,0,0,0,0,0,0,0,-216000,0,0,0,0,216000,-216000,-216000
04828P,聯發科凱基94售15,0,0,0,0,0,0,0,0,0,-216000,0,0,0,6000,222000,-216000,-216000
050767,京元電元大96購01,0,0,0,0,0,0,0,0,0,-216000,0,0,0,183000,399000,-216000,-216000
051842,大成鋼富邦97購01,0,0,0,0,0,0,0,0,0,-216000,0,0,0,92000,308000,-216000,-216000
044003,聯發科兆豐93購01,0,0,0,0,0,0,0,0,0,-217000,0,0,0,153000,370000,-217000,-217000
00651R,FH香港反1       ,0,9000,-9000,0,0,0,0,0,0,-208000,0,0,0,162000,370000,-208000,-217000
052197,台郡元富95購03  ,0,0,0,0,0,0,0,0,0,-217000,0,0,0,0,217000,-217000,-217000
045585,欣興元大93購03  ,0,0,0,0,0,0,0,0,0,-218000,0,0,0,0,218000,-218000,-218000
052980,上銀元大96購03  ,0,0,0,0,0,0,0,0,0,-218000,0,0,0,7000,225000,-218000,-218000
05375P,健策國票96售02  ,0,0,0,0,0,0,0,0,0,-218000,0,0,0,0,218000,-218000,-218000
048743,美利達統一94購01,0,0,0,0,0,0,0,0,0,-219000,0,0,0,0,219000,-219000,-219000
053766,友達富邦97購01  ,5000,0,5000,0,0,0,0,0,0,-224000,0,0,0,132000,356000,-224000,-219000
054891,聯鈞統一99購02  ,0,0,0,0,0,0,0,0,0,-220000,0,0,0,0,220000,-220000,-220000
054518,亞光元大97購01  ,0,0,0,0,0,0,0,0,0,-220000,0,0,0,0,220000,-220000,-220000
053610,矽力中信98購01  ,0,0,0,0,0,0,0,0,0,-220000,0,0,0,47000,267000,-220000,-220000
054103,T50反1凱基99購04,0,0,0,0,0,0,0,0,0,-220000,0,0,0,0,220000,-220000,-220000
052893,聯電群益98購01  ,0,0,0,0,0,0,0,0,0,-220000,0,0,0,211000,431000,-220000,-220000
052466,聯詠統一95購03  ,0,0,0,0,0,0,0,0,0,-220000,0,0,0,0,220000,-220000,-220000
1104,環泥            ,1000,141000,-140000,0,0,0,0,0,0,-80000,0,80000,-80000,0,0,0,-220000
054711,禾伸堂元富97購01,0,0,0,0,0,0,0,0,0,-221000,0,0,0,304000,525000,-221000,-221000
04023P,臺股指元富99售02,0,0,0,0,0,0,0,0,0,-221000,0,0,0,0,221000,-221000,-221000
045189,大立光元富98購01,0,0,0,0,0,0,0,0,0,-221000,0,0,0,5000,226000,-221000,-221000
048314,京元電凱基93購04,0,0,0,0,0,0,0,0,0,-221000,0,0,0,60000,281000,-221000,-221000
048429,旺宏國票94購02  ,0,0,0,0,0,0,0,0,0,-221000,0,0,0,211000,432000,-221000,-221000
053003,國巨永豐96購02  ,0,0,0,0,0,0,0,0,0,-222000,0,0,0,15000,237000,-222000,-222000
052568,漢唐凱基96購02  ,0,0,0,0,0,0,0,0,0,-222000,0,0,0,0,222000,-222000,-222000
054239,台郡群益96購02  ,60000,0,60000,0,0,0,0,0,0,-282000,0,0,0,1000,283000,-282000,-222000
054841,亞德客兆豐97購01,0,0,0,0,0,0,0,0,0,-223000,0,0,0,0,223000,-223000,-223000
050430,京元電凱基94購03,0,0,0,0,0,0,0,0,0,-223000,0,0,0,17000,240000,-223000,-223000
053782,京元電元大98購02,0,0,0,0,0,0,0,0,0,-223000,0,0,0,10000,233000,-223000,-223000
053094,聯電統一97購02  ,0,0,0,0,0,0,0,0,0,-223000,0,0,0,122000,345000,-223000,-223000
054793,牧德群益9A購01  ,0,0,0,0,0,0,0,0,0,-224000,0,0,0,140000,364000,-224000,-224000
056009,奇力新中信98購03,0,0,0,0,0,0,0,0,0,-224000,0,0,0,197000,421000,-224000,-224000
055949,亞德客元大97購04,0,0,0,0,0,0,0,0,0,-224000,0,0,0,159000,383000,-224000,-224000
056240,嘉晶群益97購02  ,0,0,0,0,0,0,0,0,0,-224000,0,0,0,0,224000,-224000,-224000
03427P,聯電元大02售11  ,0,0,0,0,0,0,0,0,0,-224000,0,0,0,16000,240000,-224000,-224000
050358,致新群益94購01  ,0,0,0,0,0,0,0,0,0,-224000,0,0,0,0,224000,-224000,-224000
054608,致茂永豐97購01  ,0,0,0,0,0,0,0,0,0,-225000,0,0,0,20000,245000,-225000,-225000
055572,鴻海統一98購04  ,0,0,0,0,0,0,0,0,0,-225000,0,0,0,70000,295000,-225000,-225000
051369,新光金富邦9A購01,0,0,0,0,0,0,0,0,0,-225000,0,0,0,70000,295000,-225000,-225000
053368,京元電富邦98購01,0,0,0,0,0,0,0,0,0,-225000,0,0,0,4000,229000,-225000,-225000
049022,聯詠群益94購01  ,0,0,0,0,0,0,0,0,0,-226000,0,0,0,94000,320000,-226000,-226000
048555,技嘉元大93購02  ,0,0,0,0,0,0,0,0,0,-226000,0,0,0,320000,546000,-226000,-226000
050623,致新元大94購05  ,0,0,0,0,0,0,0,0,0,-227000,0,0,0,40000,267000,-227000,-227000
04863P,技嘉元大94售02  ,0,0,0,0,0,0,0,0,0,-227000,0,0,0,0,227000,-227000,-227000
050975,楠梓電統一95購01,0,0,0,0,0,0,0,0,0,-227000,0,0,0,0,227000,-227000,-227000
051853,京元電亞東95購01,0,0,0,0,0,0,0,0,0,-227000,0,0,0,0,227000,-227000,-227000
055515,聚陽中信9A購01  ,0,0,0,0,0,0,0,0,0,-228000,0,0,0,70000,298000,-228000,-228000
056312,茂林元大98購01  ,0,0,0,0,0,0,0,0,0,-228000,0,0,0,26000,254000,-228000,-228000
055868,臺股指元大97購07,0,0,0,0,0,0,0,0,0,-228000,0,0,0,22000,250000,-228000,-228000
055840,南亞科元大97購03,0,0,0,0,0,0,0,0,0,-228000,0,0,0,6000,234000,-228000,-228000
05163P,聯發科統一96售02,0,0,0,0,0,0,0,0,0,-228000,0,0,0,27000,255000,-228000,-228000
049623,創意群益94購01  ,0,0,0,0,0,0,0,0,0,-228000,0,0,0,113000,341000,-228000,-228000
053453,新光金統一98購01,0,0,0,0,0,0,0,0,0,-228000,0,0,0,10000,238000,-228000,-228000
054338,全新統一96購01  ,0,0,0,0,0,0,0,0,0,-228000,0,0,0,20000,248000,-228000,-228000
4967,十銓            ,138000,313000,-175000,0,0,0,0,0,0,-53000,0,53000,-53000,0,0,0,-228000
046921,日電貿永豐93購01,0,0,0,0,0,0,0,0,0,-229000,0,0,0,15000,244000,-229000,-229000
054353,世紀鋼國泰98購01,0,0,0,0,0,0,0,0,0,-229000,0,0,0,100000,329000,-229000,-229000
056825,深中小富邦9B購01,0,0,0,0,0,0,0,0,0,-230000,0,0,0,0,230000,-230000,-230000
045287,元油2X元大95購01,0,0,0,0,0,0,0,0,0,-230000,0,0,0,0,230000,-230000,-230000
053601,台表科元大98購01,0,0,0,0,0,0,0,0,0,-230000,0,0,0,38000,268000,-230000,-230000
2547,日勝生          ,76000,306000,-230000,0,0,0,0,0,0,0,0,0,0,0,0,0,-230000
047663,亞德客永豐93購03,0,0,0,0,0,0,0,0,0,-231000,0,0,0,58000,289000,-231000,-231000
05901P,臺股指凱基9C售01,0,0,0,0,0,0,0,0,0,-231000,0,0,0,139000,370000,-231000,-231000
040760,T50反1凱基95購01,0,0,0,0,0,0,0,0,0,-232000,0,0,0,0,232000,-232000,-232000
056482,貿聯元大99購01  ,0,0,0,0,0,0,0,0,0,-233000,0,0,0,440000,673000,-233000,-233000
056079,世紀鋼元大97購02,0,0,0,0,0,0,0,0,0,-233000,0,0,0,16000,249000,-233000,-233000
053820,大立光群益96購05,0,0,0,0,0,0,0,0,0,-233000,0,0,0,10000,243000,-233000,-233000
054458,復盛群益96購01  ,0,0,0,0,0,0,0,0,0,-233000,0,0,0,23000,256000,-233000,-233000
051824,華通元大95購07  ,0,0,0,0,0,0,0,0,0,-233000,0,0,0,16000,249000,-233000,-233000
052847,漢唐統一99購01  ,0,0,0,0,0,0,0,0,0,-233000,0,0,0,0,233000,-233000,-233000
4935,茂林-KY         ,211000,619000,-408000,0,0,0,97000,0,97000,78000,87000,71000,16000,76000,14000,62000,-233000
054737,京元電凱基99購01,0,0,0,0,0,0,0,0,0,-234000,0,0,0,1000,235000,-234000,-234000
05063P,聯電元大96售03  ,0,0,0,0,0,0,0,0,0,-234000,0,0,0,1000,235000,-234000,-234000
050535,台表科群益94購02,0,0,0,0,0,0,0,0,0,-234000,0,0,0,0,234000,-234000,-234000
046795,瀚宇博元富93購01,0,0,0,0,0,0,0,0,0,-236000,0,0,0,100000,336000,-236000,-236000
055671,世紀鋼群益97購01,0,0,0,0,0,0,0,0,0,-237000,0,0,0,26000,263000,-237000,-237000
055901,超眾中信97購01  ,0,0,0,0,0,0,0,0,0,-237000,0,0,0,0,237000,-237000,-237000
051047,深中小群益99購01,0,0,0,0,0,0,0,0,0,-237000,0,0,0,103000,340000,-237000,-237000
052172,致茂元大95購01  ,0,0,0,0,0,0,0,0,0,-237000,0,0,0,0,237000,-237000,-237000
05796P,臺股指群益96售10,0,0,0,0,0,0,0,0,0,-237000,0,0,0,10000,247000,-237000,-237000
055067,禾聯碩永豐97購01,0,0,0,0,0,0,0,0,0,-238000,0,0,0,60000,298000,-238000,-238000
045410,華邦電群益94購01,0,0,0,0,0,0,0,0,0,-238000,0,0,0,2000,240000,-238000,-238000
050647,聯發科凱基96購01,0,0,0,0,0,0,0,0,0,-238000,0,0,0,12000,250000,-238000,-238000
2002,中鋼            ,2510000,2864000,-354000,0,0,0,113000,0,113000,3000,0,0,0,13000,10000,3000,-238000
055340,華新科日盛97購01,0,0,0,0,0,0,0,0,0,-239000,0,0,0,663000,902000,-239000,-239000
049466,創意台新94購01  ,0,0,0,0,0,0,0,0,0,-239000,0,0,0,46000,285000,-239000,-239000
08795P,聯發科凱基01售11,0,0,0,0,0,0,0,0,0,-239000,0,0,0,49000,288000,-239000,-239000
054980,國巨元富97購01  ,0,180000,-180000,0,0,0,0,0,0,-60000,0,0,0,489000,549000,-60000,-240000
056865,樺漢群益98購01  ,0,0,0,0,0,0,0,0,0,-240000,0,0,0,0,240000,-240000,-240000
054055,全新國票99購02  ,0,0,0,0,0,0,0,0,0,-240000,0,0,0,27000,267000,-240000,-240000
056507,創意永豐98購02  ,0,0,0,0,0,0,0,0,0,-241000,0,0,0,108000,349000,-241000,-241000
043748,漢唐元大93購01  ,0,0,0,0,0,0,0,0,0,-241000,0,0,0,96000,337000,-241000,-241000
049028,麗豐群益94購01  ,0,0,0,0,0,0,0,0,0,-241000,0,0,0,6000,247000,-241000,-241000
06204P,鴻海群益97售04  ,0,0,0,0,0,0,0,0,0,-241000,0,0,0,5000,246000,-241000,-241000
055886,上銀統一97購02  ,0,0,0,0,0,0,0,0,0,-242000,0,0,0,1000,243000,-242000,-242000
055491,奇力新元大98購03,0,0,0,0,0,0,0,0,0,-242000,0,0,0,0,242000,-242000,-242000
050199,南電元大94購09  ,0,0,0,0,0,0,0,0,0,-242000,0,0,0,8000,250000,-242000,-242000
2357,華碩            ,554000,851000,-297000,0,0,0,0,0,0,55000,56000,1000,55000,0,0,0,-242000
05638P,國巨統一96售04  ,0,0,0,0,0,0,0,0,0,-243000,0,0,0,308000,551000,-243000,-243000
050543,聯發科凱基95購01,0,0,0,0,0,0,0,0,0,-243000,0,0,0,187000,430000,-243000,-243000
053415,聯茂國票97購01  ,0,0,0,0,0,0,0,0,0,-243000,0,0,0,167000,410000,-243000,-243000
052339,光寶科凱基95購01,0,0,0,0,0,0,0,0,0,-243000,0,0,0,0,243000,-243000,-243000
6552,易華電          ,135000,302000,-167000,0,0,0,0,0,0,-76000,1000,0,1000,0,77000,-77000,-243000
4934,太極            ,111002,355000,-243998,0,0,0,0,0,0,0,0,0,0,0,0,0,-243998
053281,茂林元大96購02  ,0,0,0,0,0,0,0,0,0,-244000,0,0,0,61000,305000,-244000,-244000
054578,世芯元大99購01  ,0,0,0,0,0,0,0,0,0,-245000,0,0,0,40000,285000,-245000,-245000
03777P,華通中信95售01  ,0,0,0,0,0,0,0,0,0,-245000,0,0,0,0,245000,-245000,-245000
051858,上銀凱基95購01  ,0,0,0,0,0,0,0,0,0,-245000,0,0,0,23000,268000,-245000,-245000
1905,華紙            ,36000,285000,-249000,0,0,0,0,0,0,4000,4000,0,4000,0,0,0,-245000
048670,華新科永豐93購03,0,0,0,0,0,0,0,0,0,-246000,0,0,0,48000,294000,-246000,-246000
053392,致新元大96購01  ,0,0,0,0,0,0,0,0,0,-246000,0,0,0,30000,276000,-246000,-246000
057052,華擎元大98購01  ,0,0,0,0,0,0,0,0,0,-246000,0,0,0,0,246000,-246000,-246000
054933,南港元大97購01  ,0,0,0,0,0,0,0,0,0,-247000,0,0,0,57000,304000,-247000,-247000
047968,南電國泰94購01  ,0,0,0,0,0,0,0,0,0,-247000,0,0,0,117000,364000,-247000,-247000
3338,泰碩            ,231000,549000,-318000,0,0,0,1000,0,1000,70000,81000,8000,73000,10000,13000,-3000,-247000
055097,福懋科群益97購01,0,0,0,0,0,0,0,0,0,-248000,0,0,0,10000,258000,-248000,-248000
056628,矽創永豐98購01  ,0,0,0,0,0,0,0,0,0,-248000,0,0,0,180000,428000,-248000,-248000
042561,南電兆豐92購01  ,0,0,0,0,0,0,0,0,0,-248000,0,0,0,285000,533000,-248000,-248000
051911,大立光元大98購02,0,0,0,0,0,0,0,0,0,-248000,0,0,0,130000,378000,-248000,-248000
5203,訊連            ,62000,316000,-254000,0,0,0,10000,0,10000,-4000,0,1000,-1000,41000,44000,-3000,-248000
055196,致新元富97購01  ,0,0,0,0,0,0,0,0,0,-249000,0,0,0,0,249000,-249000,-249000
042912,凌陽元大94購01  ,0,0,0,0,0,0,0,0,0,-249000,0,0,0,149000,398000,-249000,-249000
055321,大立光國票98購02,0,0,0,0,0,0,0,0,0,-250000,0,0,0,0,250000,-250000,-250000
046221,台化元大92購02  ,0,0,0,0,0,0,0,0,0,-250000,0,0,0,0,250000,-250000,-250000
050383,超眾兆豐95購01  ,0,0,0,0,0,0,0,0,0,-250000,0,0,0,110000,360000,-250000,-250000
052116,T50反1國票97購01,0,0,0,0,0,0,0,0,0,-250000,0,0,0,10000,260000,-250000,-250000
051107,鴻海統一95購05  ,0,0,0,0,0,0,0,0,0,-250000,0,0,0,0,250000,-250000,-250000
052677,景碩富邦97購01  ,0,0,0,0,0,0,0,0,0,-250000,0,0,0,55000,305000,-250000,-250000
049136,華通元大95購01  ,0,0,0,0,0,0,0,0,0,-251000,0,0,0,139000,390000,-251000,-251000
2542,興富發          ,367725,613000,-245275,0,0,0,0,0,0,-6000,4000,10000,-6000,0,0,0,-251275
048634,華通元大94購01  ,0,0,0,0,0,0,0,0,0,-252000,0,0,0,92000,344000,-252000,-252000
053525,台積電中信96購04,0,0,0,0,0,0,0,0,0,-252000,0,0,0,233000,485000,-252000,-252000
053380,南亞科元大97購01,0,0,0,0,0,0,0,0,0,-252000,0,0,0,70000,322000,-252000,-252000
055596,新光金元大9B購02,0,0,0,0,0,0,0,0,0,-253000,0,0,0,0,253000,-253000,-253000
06286P,世芯國票97售02  ,0,0,0,0,0,0,0,0,0,-253000,0,0,0,58000,311000,-253000,-253000
044407,聯茂凱基93購01  ,0,0,0,0,0,0,0,0,0,-254000,0,0,0,0,254000,-254000,-254000
04363P,儒鴻元富94售01  ,0,0,0,0,0,0,0,0,0,-254000,0,0,0,84000,338000,-254000,-254000
048142,聯電統一93購01  ,0,0,0,0,0,0,0,0,0,-254000,0,0,0,0,254000,-254000,-254000
06113P,台積電群益97售01,0,0,0,0,0,0,0,0,0,-254000,0,0,0,10000,264000,-254000,-254000
056077,矽力元大97購07  ,0,0,0,0,0,0,0,0,0,-255000,0,0,0,24000,279000,-255000,-255000
049306,元油2X凱基96購01,0,0,0,0,0,0,0,0,0,-255000,0,0,0,0,255000,-255000,-255000
048662,京元電統一93購04,0,0,0,0,0,0,0,0,0,-255000,0,0,0,61000,316000,-255000,-255000
051941,樺漢群益95購02  ,0,0,0,0,0,0,0,0,0,-255000,0,0,0,0,255000,-255000,-255000
056720,世紀鋼永豐98購01,0,0,0,0,0,0,0,0,0,-256000,0,0,0,42000,298000,-256000,-256000
050177,聯發科元大94購11,0,0,0,0,0,0,0,0,0,-256000,0,0,0,115000,371000,-256000,-256000
054394,奇力新永豐96購03,0,0,0,0,0,0,0,0,0,-256000,0,0,0,10000,266000,-256000,-256000
056189,樺漢統一97購02  ,0,0,0,0,0,0,0,0,0,-258000,0,0,0,48000,306000,-258000,-258000
055008,隆達元富97購01  ,0,0,0,0,0,0,0,0,0,-258000,0,0,0,95000,353000,-258000,-258000
8081,致新            ,91000,326000,-235000,0,0,0,0,116000,-116000,93000,0,1000,-1000,101000,7000,94000,-258000
055998,臺股指富邦99購01,0,0,0,0,0,0,0,0,0,-259000,0,0,0,317000,576000,-259000,-259000
049290,元油2X群益94購02,0,0,0,0,0,0,0,0,0,-259000,0,0,0,0,259000,-259000,-259000
06198P,台積電元大98售06,0,0,0,0,0,0,0,0,0,-259000,0,0,0,491000,750000,-259000,-259000
056129,義隆麥證97購01  ,0,0,0,0,260000,-260000,0,0,0,-260000,0,0,0,0,260000,-260000,-260000
056807,元油2X統一9B購01,0,0,0,0,0,0,0,0,0,-260000,0,0,0,0,260000,-260000,-260000
04395P,台積電群益94售06,0,0,0,0,0,0,0,0,0,-260000,0,0,0,0,260000,-260000,-260000
051201,台積電麥證95購02,0,0,0,50000,310000,-260000,0,0,0,-260000,0,0,0,50000,310000,-260000,-260000
050866,景碩永豐95購01  ,0,0,0,0,0,0,0,0,0,-260000,0,0,0,0,260000,-260000,-260000
051370,聯詠富邦97購01  ,0,0,0,0,0,0,0,0,0,-260000,0,0,0,75000,335000,-260000,-260000
050286,為升凱基94購05  ,0,0,0,0,0,0,0,0,0,-260000,0,0,0,40000,300000,-260000,-260000
056194,聯發科富邦9B購01,0,0,0,0,0,0,0,0,0,-261000,0,0,0,98000,359000,-261000,-261000
03638C,T50反1元大94牛03,0,0,0,0,0,0,0,0,0,-261000,0,0,0,139000,400000,-261000,-261000
04826P,華新科麥證95售01,0,0,0,140000,401000,-261000,0,0,0,-261000,0,0,0,140000,401000,-261000,-261000
052448,新光金元大96購03,0,0,0,0,0,0,0,0,0,-261000,0,0,0,20000,281000,-261000,-261000
056265,國泰金統一97購01,0,0,0,0,0,0,0,0,0,-262000,0,0,0,126000,388000,-262000,-262000
056762,亞德客元大98購01,0,0,0,0,0,0,0,0,0,-262000,0,0,0,161000,423000,-262000,-262000
03576P,台灣50元富06售01,0,0,0,0,0,0,0,0,0,-262000,0,0,0,440000,702000,-262000,-262000
04131P,裕隆群益93售01  ,0,0,0,0,0,0,0,0,0,-262000,0,0,0,0,262000,-262000,-262000
056744,麗豐凱基9A購01  ,0,0,0,0,0,0,0,0,0,-263000,0,0,0,0,263000,-263000,-263000
055287,日電貿元大97購01,0,0,0,0,0,0,0,0,0,-263000,0,0,0,244000,507000,-263000,-263000
049191,元油2X永豐95購01,0,0,0,0,0,0,0,0,0,-263000,0,0,0,137000,400000,-263000,-263000
053258,上証2X群益9A購03,0,0,0,0,0,0,0,0,0,-263000,0,0,0,0,263000,-263000,-263000
051550,日電貿永豐95購01,0,0,0,0,0,0,0,0,0,-264000,0,0,0,66000,330000,-264000,-264000
051749,矽力國泰97購01  ,0,0,0,0,0,0,0,0,0,-264000,0,0,0,60000,324000,-264000,-264000
057078,國巨統一9A購02  ,0,0,0,0,0,0,0,0,0,-264000,0,0,0,0,264000,-264000,-264000
056700,華新科國泰99購03,0,0,0,0,0,0,0,0,0,-265000,0,0,0,116000,381000,-265000,-265000
056476,智原元大98購02  ,0,0,0,0,0,0,0,0,0,-265000,0,0,0,203000,468000,-265000,-265000
047974,新光金兆豐93購01,0,0,0,0,0,0,0,0,0,-265000,0,0,0,0,265000,-265000,-265000
04758P,國巨凱基94售03  ,0,0,0,0,0,0,0,0,0,-265000,0,0,0,0,265000,-265000,-265000
05684P,臺股指元大96售09,0,0,0,0,0,0,0,0,0,-266000,0,0,0,38000,304000,-266000,-266000
056210,矽創永豐97購02  ,0,0,0,0,0,0,0,0,0,-266000,0,0,0,61000,327000,-266000,-266000
052414,聯電麥證95購01  ,0,0,0,30000,296000,-266000,0,0,0,-266000,0,0,0,30000,296000,-266000,-266000
6452,康友-KY         ,107000,191000,-84000,0,0,0,0,0,0,-182000,10000,0,10000,11000,203000,-192000,-266000
056089,同欣電統一98購01,0,0,0,0,0,0,0,0,0,-267000,0,0,0,0,267000,-267000,-267000
047536,正崴日盛93購01  ,0,0,0,0,0,0,0,0,0,-267000,0,0,0,46000,313000,-267000,-267000
03769P,聯發科元大93售04,0,0,0,0,0,0,0,0,0,-267000,0,0,0,408000,675000,-267000,-267000
9921,巨大            ,241000,484087,-243087,0,0,0,0,30000,-30000,5000,5000,0,5000,0,0,0,-268087
056196,聯茂富邦98購02  ,0,0,0,0,0,0,0,0,0,-269000,0,0,0,0,269000,-269000,-269000
053638,信邦永豐96購01  ,0,0,0,0,0,0,0,0,0,-269000,0,0,0,30000,299000,-269000,-269000
046727,新光金元大93購03,0,0,0,0,0,0,0,0,0,-270000,0,0,0,0,270000,-270000,-270000
050548,華固凱基95購01  ,0,0,0,0,0,0,0,0,0,-270000,0,0,0,29000,299000,-270000,-270000
049004,聯發科中信96購01,0,0,0,0,0,0,0,0,0,-270000,0,0,0,40000,310000,-270000,-270000
048465,南電台新93購01  ,0,0,0,0,0,0,0,0,0,-270000,0,0,0,0,270000,-270000,-270000
047028,新日興元大93購02,0,0,0,0,0,0,0,0,0,-271000,0,0,0,92000,363000,-271000,-271000
03636C,元油2X元富04牛01,0,0,0,0,0,0,0,0,0,-271000,0,0,0,20000,291000,-271000,-271000
050770,全新元大94購04  ,0,0,0,0,0,0,0,0,0,-271000,0,0,0,0,271000,-271000,-271000
2605,新興            ,137000,208000,-71000,0,0,0,0,200000,-200000,0,0,0,0,0,0,0,-271000
049532,同欣電台新94購01,0,0,0,0,0,0,0,0,0,-272000,0,0,0,5000,277000,-272000,-272000
052917,大立光富邦99購02,0,0,0,0,0,0,0,0,0,-272000,0,0,0,67000,339000,-272000,-272000
06454P,緯穎元大98售04  ,0,0,0,0,0,0,0,0,0,-272000,0,0,0,134000,406000,-272000,-272000
00671R,富邦NASDAQ反1   ,30000,0,30000,0,0,0,0,0,0,-303000,0,0,0,596000,899000,-303000,-273000
053356,聯發科統一96購07,0,0,0,0,0,0,0,0,0,-273000,0,0,0,180000,453000,-273000,-273000
053331,玉晶光永豐97購02,0,0,0,0,0,0,0,0,0,-273000,0,0,0,85000,358000,-273000,-273000
054339,聯詠統一96購02  ,0,0,0,0,0,0,0,0,0,-274000,0,0,0,0,274000,-274000,-274000
045231,南電元大94購01  ,0,0,0,0,0,0,0,0,0,-276000,0,0,0,7000,283000,-276000,-276000
048609,京元電凱基93購07,0,0,0,0,0,0,0,0,0,-276000,0,0,0,0,276000,-276000,-276000
053073,技嘉康和96購01  ,0,0,0,0,0,0,0,0,0,-276000,0,0,0,461000,737000,-276000,-276000
052326,滬深反中信99購01,0,0,0,0,0,0,0,0,0,-276000,0,0,0,40000,316000,-276000,-276000
1201,味全            ,78000,354000,-276000,0,0,0,0,0,0,0,0,0,0,0,0,0,-276000
055802,新日興永豐97購01,0,0,0,0,0,0,0,0,0,-277000,0,0,0,512000,789000,-277000,-277000
055252,新光金統一98購02,0,0,0,0,0,0,0,0,0,-277000,0,0,0,0,277000,-277000,-277000
055433,嘉聯益群益99購01,0,0,0,0,0,0,0,0,0,-277000,0,0,0,467000,744000,-277000,-277000
055449,超眾統一9A購01  ,0,0,0,0,0,0,0,0,0,-277000,0,0,0,58000,335000,-277000,-277000
055301,台虹元大97購01  ,0,0,0,0,0,0,0,0,0,-278000,0,0,0,0,278000,-278000,-278000
056923,奇力新兆豐99購02,0,0,0,0,0,0,0,0,0,-278000,0,0,0,0,278000,-278000,-278000
050719,世紀鋼群益96購01,0,0,0,0,0,0,0,0,0,-278000,0,0,0,6000,284000,-278000,-278000
04434P,玉晶光國票96售02,0,0,0,0,0,0,0,0,0,-279000,0,0,0,195000,474000,-279000,-279000
054847,創意兆豐97購01  ,0,0,0,0,0,0,0,0,0,-280000,0,0,0,201000,481000,-280000,-280000
05467P,聯電元大95售02  ,0,0,0,0,0,0,0,0,0,-281000,0,0,0,5000,286000,-281000,-281000
055712,金寶元大97購02  ,0,0,0,0,0,0,0,0,0,-281000,0,0,0,115000,396000,-281000,-281000
055806,致新永豐97購02  ,0,0,0,0,0,0,0,0,0,-281000,0,0,0,68000,349000,-281000,-281000
048893,南電元富94購01  ,0,0,0,0,0,0,0,0,0,-281000,0,0,0,0,281000,-281000,-281000
052925,日電貿永豐96購01,0,0,0,0,0,0,0,0,0,-281000,0,0,0,125000,406000,-281000,-281000
050633,義隆群益96購02  ,0,0,0,0,0,0,0,0,0,-282000,0,0,0,10000,292000,-282000,-282000
046443,超眾兆豐93購01  ,0,0,0,0,0,0,0,0,0,-282000,0,0,0,0,282000,-282000,-282000
055336,茂林兆豐98購01  ,0,0,0,0,0,0,0,0,0,-283000,0,0,0,163000,446000,-283000,-283000
054017,茂林永豐96購02  ,0,0,0,0,0,0,0,0,0,-283000,0,0,0,71000,354000,-283000,-283000
04159P,滬深2X中信95售08,0,0,0,0,0,0,0,0,0,-285000,0,0,0,0,285000,-285000,-285000
049563,華新統一95購01  ,0,0,0,0,0,0,0,0,0,-286000,0,0,0,80000,366000,-286000,-286000
3406,玉晶光          ,577000,895000,-318000,0,0,0,0,14000,-14000,46000,43000,25000,18000,55000,27000,28000,-286000
05536P,奇力新元大96售03,0,0,0,0,0,0,0,0,0,-288000,0,0,0,0,288000,-288000,-288000
055726,台表科元大98購03,0,0,0,0,0,0,0,0,0,-288000,0,0,0,50000,338000,-288000,-288000
049367,全新元大96購01  ,0,0,0,0,0,0,0,0,0,-288000,0,0,0,99000,387000,-288000,-288000
056176,創意元富97購01  ,0,0,0,0,0,0,0,0,0,-289000,0,0,0,100000,389000,-289000,-289000
03917P,鴻海凱基94售07  ,0,0,0,0,0,0,0,0,0,-289000,0,0,0,60000,349000,-289000,-289000
055652,聯詠元富01購01  ,0,0,0,0,0,0,0,0,0,-290000,0,0,0,0,290000,-290000,-290000
045732,儒鴻國票93購01  ,0,0,0,0,0,0,0,0,0,-290000,0,0,0,0,290000,-290000,-290000
051762,國泰金元大95購01,0,0,0,0,0,0,0,0,0,-290000,0,0,0,71000,361000,-290000,-290000
053513,義隆群益96購05  ,0,0,0,0,0,0,0,0,0,-291000,0,0,0,177000,468000,-291000,-291000
053562,玉晶光國泰98購02,0,0,0,0,0,0,0,0,0,-292000,0,0,0,113000,405000,-292000,-292000
054487,京元電台新97購01,0,0,0,0,0,0,0,0,0,-292000,0,0,0,1000,293000,-292000,-292000
053170,茂林群益96購04  ,0,0,0,0,0,0,0,0,0,-292000,0,0,0,19000,311000,-292000,-292000
052483,超眾群益95購03  ,0,0,0,0,0,0,0,0,0,-294000,0,0,0,45000,339000,-294000,-294000
048725,京元電日盛94購01,0,0,0,0,0,0,0,0,0,-295000,0,0,0,121000,416000,-295000,-295000
04748P,臺股指元大94售23,0,0,0,0,0,0,0,0,0,-295000,0,0,0,0,295000,-295000,-295000
050516,華通元大95購05  ,0,0,0,0,0,0,0,0,0,-295000,0,0,0,10000,305000,-295000,-295000
054695,世芯永豐98購01  ,0,0,0,0,0,0,0,0,0,-296000,0,0,0,230000,526000,-296000,-296000
056755,聯茂兆豐98購01  ,0,0,0,0,0,0,0,0,0,-298000,0,0,0,302000,600000,-298000,-298000
046602,新日興群益94購01,0,0,0,0,0,0,0,0,0,-298000,0,0,0,255000,553000,-298000,-298000
051902,T50反1元大97購01,0,0,0,0,0,0,0,0,0,-298000,0,0,0,60000,358000,-298000,-298000
056541,智原凱基98購03  ,0,0,0,0,0,0,0,0,0,-300000,0,0,0,0,300000,-300000,-300000
055543,為升凱基97購01  ,0,0,0,0,0,0,0,0,0,-300000,0,0,0,42000,342000,-300000,-300000
045073,可成元大93購01  ,0,0,0,0,0,0,0,0,0,-300000,0,0,0,0,300000,-300000,-300000
041978,貿聯中信93購01  ,0,0,0,0,0,0,0,0,0,-300000,0,0,0,0,300000,-300000,-300000
049315,上緯控凱基94購03,0,0,0,0,0,0,0,0,0,-300000,0,0,0,0,300000,-300000,-300000
048234,美利達凱基93購03,0,0,0,0,0,0,0,0,0,-300000,0,0,0,0,300000,-300000,-300000
048455,上緯控凱基94購01,0,0,0,0,0,0,0,0,0,-300000,0,0,0,0,300000,-300000,-300000
051512,超眾麥證95購01  ,0,0,0,60000,361000,-301000,0,0,0,-301000,0,0,0,60000,361000,-301000,-301000
06007P,世芯永豐96售01  ,0,0,0,0,0,0,0,0,0,-301000,0,0,0,17000,318000,-301000,-301000
056139,貿聯元大97購04  ,0,0,0,0,0,0,0,0,0,-302000,0,0,0,163000,465000,-302000,-302000
053620,臺股指群益96購06,0,0,0,0,0,0,0,0,0,-303000,0,0,0,16000,319000,-303000,-303000
06028P,智邦台新97售01  ,0,0,0,0,0,0,0,0,0,-304000,0,0,0,42000,346000,-304000,-304000
055019,福懋科元富97購01,0,0,0,0,0,0,0,0,0,-305000,0,0,0,49000,354000,-305000,-305000
050469,聯電台新94購01  ,0,0,0,0,0,0,0,0,0,-305000,0,0,0,0,305000,-305000,-305000
053570,京元電統一96購01,0,0,0,0,0,0,0,0,0,-306000,0,0,0,61000,367000,-306000,-306000
055966,茂林元大99購01  ,0,0,0,0,0,0,0,0,0,-307000,0,0,0,199000,506000,-307000,-307000
053673,超眾元富96購03  ,0,0,0,0,0,0,0,0,0,-307000,0,0,0,149000,456000,-307000,-307000
054493,同欣電台新96購01,0,0,0,0,0,0,0,0,0,-307000,0,0,0,5000,312000,-307000,-307000
6668,中揚光          ,55000,51000,4000,0,0,0,0,270000,-270000,-41000,0,41000,-41000,0,0,0,-307000
049212,T50反1國票94購04,0,0,0,0,0,0,0,0,0,-308000,0,0,0,0,308000,-308000,-308000
052377,景碩元大96購02  ,0,0,0,0,0,0,0,0,0,-308000,0,0,0,129000,437000,-308000,-308000
044188,超眾國泰93購01  ,0,0,0,0,0,0,0,0,0,-310000,0,0,0,48000,358000,-310000,-310000
047722,南電凱基94購02  ,0,0,0,0,0,0,0,0,0,-310000,0,0,0,150000,460000,-310000,-310000
056947,國巨統一9A購01  ,0,0,0,0,0,0,0,0,0,-311000,0,0,0,0,311000,-311000,-311000
048272,新光金富邦98購01,0,0,0,0,0,0,0,0,0,-311000,0,0,0,0,311000,-311000,-311000
05515P,台積電群益96售03,0,0,0,0,0,0,0,0,0,-312000,0,0,0,38000,350000,-312000,-312000
05453P,智邦群益95售03  ,0,0,0,0,0,0,0,0,0,-315000,0,0,0,0,315000,-315000,-315000
056236,台積電群益97購06,0,0,0,0,0,0,0,0,0,-315000,0,0,0,845000,1160000,-315000,-315000
050756,京元電元富94購03,0,0,0,0,0,0,0,0,0,-315000,0,0,0,1000,316000,-315000,-315000
06123P,玉晶光元大97售04,0,0,0,0,0,0,0,0,0,-315000,0,0,0,7000,322000,-315000,-315000
053235,智原永豐96購01  ,0,0,0,0,0,0,0,0,0,-316000,0,0,0,0,316000,-316000,-316000
056922,全新兆豐99購01  ,0,0,0,0,0,0,0,0,0,-317000,0,0,0,0,317000,-317000,-317000
055411,國巨富邦9A購02  ,0,0,0,0,0,0,0,0,0,-317000,0,0,0,407000,724000,-317000,-317000
052253,康控永豐95購04  ,0,0,0,0,0,0,0,0,0,-317000,0,0,0,0,317000,-317000,-317000
055940,致新群益98購01  ,0,0,0,0,0,0,0,0,0,-318000,0,0,0,162000,480000,-318000,-318000
051997,康友元大95購02  ,0,0,0,0,0,0,0,0,0,-320000,0,0,0,374000,694000,-320000,-320000
053120,復盛中信9A購01  ,0,0,0,0,0,0,0,0,0,-320000,0,0,0,0,320000,-320000,-320000
046685,世紀鋼群益93購02,0,0,0,0,0,0,0,0,0,-321000,0,0,0,0,321000,-321000,-321000
048143,聯發科統一94購03,0,0,0,0,0,0,0,0,0,-321000,0,0,0,205000,526000,-321000,-321000
053524,聯電中信97購02  ,0,0,0,0,0,0,0,0,0,-321000,0,0,0,148000,469000,-321000,-321000
047372,創意國票94購01  ,0,0,0,0,0,0,0,0,0,-322000,0,0,0,100000,422000,-322000,-322000
056165,矽力凱基98購02  ,0,0,0,0,0,0,0,0,0,-323000,0,0,0,20000,343000,-323000,-323000
049539,元油2X群益9A購01,0,0,0,0,0,0,0,0,0,-324000,0,0,0,10000,334000,-324000,-324000
052152,創意富邦98購01  ,0,0,0,0,0,0,0,0,0,-324000,0,0,0,200000,524000,-324000,-324000
051395,聯詠兆豐95購01  ,0,0,0,0,0,0,0,0,0,-325000,0,0,0,130000,455000,-325000,-325000
055446,奇力新統一9A購01,0,0,0,0,0,0,0,0,0,-326000,0,0,0,560000,886000,-326000,-326000
056821,日電貿永豐98購01,0,0,0,0,0,0,0,0,0,-327000,0,0,0,19000,346000,-327000,-327000
053399,創意中信96購01  ,0,0,0,0,0,0,0,0,0,-327000,0,0,0,70000,397000,-327000,-327000
047466,新光金國泰95購01,0,0,0,0,0,0,0,0,0,-328000,0,0,0,9000,337000,-328000,-328000
6176,瑞儀            ,314000,568000,-254000,0,0,0,0,0,0,-74000,0,79000,-79000,8000,3000,5000,-328000
047862,超眾台新93購01  ,0,0,0,0,0,0,0,0,0,-329000,0,0,0,0,329000,-329000,-329000
048246,京元電兆豐93購02,0,0,0,0,0,0,0,0,0,-329000,0,0,0,169000,498000,-329000,-329000
052335,新光金日盛95購02,0,0,0,0,0,0,0,0,0,-329000,0,0,0,0,329000,-329000,-329000
049361,華通元大94購02  ,0,0,0,0,0,0,0,0,0,-330000,0,0,0,65000,395000,-330000,-330000
051821,京元電元富95購04,0,0,0,0,0,0,0,0,0,-330000,0,0,0,0,330000,-330000,-330000
05256P,義隆凱基95售02  ,0,0,0,0,0,0,0,0,0,-330000,0,0,0,0,330000,-330000,-330000
056035,鴻海凱基97購06  ,0,0,0,0,0,0,0,0,0,-331000,0,0,0,0,331000,-331000,-331000
055128,致新兆豐97購01  ,0,0,0,0,0,0,0,0,0,-331000,0,0,0,10000,341000,-331000,-331000
054166,日電貿凱基98購01,0,0,0,0,0,0,0,0,0,-331000,0,0,0,32000,363000,-331000,-331000
3044,健鼎            ,930000,1339374,-409374,0,0,0,0,0,0,78000,49000,1000,48000,45000,15000,30000,-331374
04746P,臺股指元大94售17,0,0,0,0,0,0,0,0,0,-332000,0,0,0,0,332000,-332000,-332000
054900,金寶康和97購01  ,0,0,0,0,0,0,0,0,0,-333000,0,0,0,255000,588000,-333000,-333000
04427P,滬深2X元大97售02,0,0,0,0,0,0,0,0,0,-334000,0,0,0,197000,531000,-334000,-334000
2903,遠百            ,259000,586000,-327000,0,0,0,0,0,0,-7000,3000,10000,-7000,0,0,0,-334000
056819,奇力新永豐98購01,0,0,0,0,0,0,0,0,0,-335000,0,0,0,135000,470000,-335000,-335000
053071,南電群益96購01  ,0,0,0,0,0,0,0,0,0,-335000,0,0,0,0,335000,-335000,-335000
055394,健策統一97購01  ,0,0,0,0,0,0,0,0,0,-336000,0,0,0,231000,567000,-336000,-336000
051673,玉晶光元大96購04,0,0,0,0,0,0,0,0,0,-336000,0,0,0,174000,510000,-336000,-336000
052563,京元電日盛96購01,0,0,0,0,0,0,0,0,0,-336000,0,0,0,118000,454000,-336000,-336000
054648,智原群益98購01  ,0,0,0,0,0,0,0,0,0,-337000,0,0,0,11000,348000,-337000,-337000
054408,義隆國票98購01  ,0,0,0,0,0,0,0,0,0,-338000,0,0,0,0,338000,-338000,-338000
1514,亞力            ,47000,568000,-521000,0,0,0,0,0,0,183000,183000,0,183000,0,0,0,-338000
06110P,國巨國泰98售02  ,0,0,0,0,0,0,0,0,0,-338000,0,0,0,272000,610000,-338000,-338000
051301,聯發科凱基95購08,0,0,0,0,0,0,0,0,0,-340000,0,0,0,0,340000,-340000,-340000
049159,同欣電中信96購01,0,0,0,0,0,0,0,0,0,-340000,0,0,0,128000,468000,-340000,-340000
051113,聯電元富95購01  ,0,0,0,0,0,0,0,0,0,-340000,0,0,0,145000,485000,-340000,-340000
053896,麗豐群益97購01  ,0,0,0,0,0,0,0,0,0,-342000,0,0,0,94000,436000,-342000,-342000
056238,聯發科群益98購02,0,0,0,0,0,0,0,0,0,-343000,0,0,0,98000,441000,-343000,-343000
049236,元油2X元富96購06,0,0,0,0,0,0,0,0,0,-344000,0,0,0,226000,570000,-344000,-344000
051600,新日興兆豐96購02,0,0,0,0,0,0,0,0,0,-344000,0,0,0,58000,402000,-344000,-344000
053574,奇力新元富99購01,0,0,0,0,0,0,0,0,0,-344000,0,0,0,95000,439000,-344000,-344000
045749,智邦富邦93購01  ,0,0,0,0,0,0,0,0,0,-345000,0,0,0,545000,890000,-345000,-345000
056501,貿聯富邦99購01  ,0,0,0,0,0,0,0,0,0,-346000,0,0,0,92000,438000,-346000,-346000
055284,全新元大99購01  ,0,0,0,0,0,0,0,0,0,-346000,0,0,0,3000,349000,-346000,-346000
056305,群創元大9A購03  ,0,0,0,0,0,0,0,0,0,-347000,0,0,0,574000,921000,-347000,-347000
056118,聯詠群益97購03  ,0,0,0,0,0,0,0,0,0,-348000,0,0,0,22000,370000,-348000,-348000
050968,超眾永豐95購01  ,0,0,0,0,0,0,0,0,0,-348000,0,0,0,107000,455000,-348000,-348000
054426,國泰金富邦97購02,0,0,0,0,0,0,0,0,0,-348000,0,0,0,191000,539000,-348000,-348000
056185,全新統一98購01  ,0,0,0,0,0,0,0,0,0,-349000,0,0,0,0,349000,-349000,-349000
05076P,深中小群益99售02,0,0,0,0,0,0,0,0,0,-349000,0,0,0,620000,969000,-349000,-349000
051457,寶成元大95購01  ,0,0,0,0,0,0,0,0,0,-349000,0,0,0,70000,419000,-349000,-349000
054463,瑞昱凱基97購01  ,0,0,0,0,0,0,0,0,0,-349000,0,0,0,11000,360000,-349000,-349000
054700,致新永豐97購01  ,0,0,0,0,0,0,0,0,0,-350000,0,0,0,0,350000,-350000,-350000
049137,華通元大95購02  ,0,0,0,0,0,0,0,0,0,-350000,0,0,0,117000,467000,-350000,-350000
050902,南電元大96購01  ,0,0,0,0,0,0,0,0,0,-350000,0,0,0,0,350000,-350000,-350000
052439,寶成富邦97購01  ,0,0,0,0,0,0,0,0,0,-350000,0,0,0,50000,400000,-350000,-350000
055569,聚陽統一98購01  ,0,0,0,0,0,0,0,0,0,-352000,0,0,0,186000,538000,-352000,-352000
055282,聯發科元大97購15,0,0,0,0,0,0,0,0,0,-354000,0,0,0,650000,1004000,-354000,-354000
056105,智原永豐97購01  ,0,0,0,0,0,0,0,0,0,-355000,0,0,0,0,355000,-355000,-355000
056048,同欣電兆豐97購01,0,0,0,0,0,0,0,0,0,-355000,0,0,0,10000,365000,-355000,-355000
054334,超眾永豐96購04  ,0,0,0,0,0,0,0,0,0,-355000,0,0,0,2000,357000,-355000,-355000
05245P,台積電元大95售18,0,0,0,0,0,0,0,0,0,-356000,0,0,0,38000,394000,-356000,-356000
03686P,大立光統一98售02,0,0,0,0,0,0,0,0,0,-357000,0,0,0,113000,470000,-357000,-357000
055247,聯發科統一98購01,0,0,0,0,0,0,0,0,0,-358000,0,0,0,54000,412000,-358000,-358000
055627,亞德客永豐97購02,0,0,0,0,0,0,0,0,0,-358000,0,0,0,10000,368000,-358000,-358000
049852,康控群益94購03  ,0,0,0,0,0,0,0,0,0,-360000,0,0,0,0,360000,-360000,-360000
08484P,台灣50中信96售01,0,0,0,0,0,0,0,0,0,-360000,0,0,0,0,360000,-360000,-360000
056812,泰鼎統一98購01  ,0,0,0,0,0,0,0,0,0,-363000,0,0,0,0,363000,-363000,-363000
047509,技嘉國票93購01  ,0,0,0,0,0,0,0,0,0,-363000,0,0,0,11000,374000,-363000,-363000
050913,全新中信97購01  ,0,0,0,0,0,0,0,0,0,-363000,0,0,0,1000,364000,-363000,-363000
052456,滬深2X元富9B購03,0,0,0,0,0,0,0,0,0,-364000,0,0,0,73000,437000,-364000,-364000
2354,鴻準            ,817000,1202000,-385000,0,0,0,0,0,0,20000,20000,0,20000,0,0,0,-365000
056632,鴻海永昌98購01  ,0,0,0,0,0,0,0,0,0,-370000,0,0,0,153000,523000,-370000,-370000
055657,超眾元富97購02  ,0,0,0,0,0,0,0,0,0,-370000,0,0,0,0,370000,-370000,-370000
050576,南亞科國票95購01,0,0,0,0,0,0,0,0,0,-370000,0,0,0,0,370000,-370000,-370000
056385,創意國泰99購01  ,0,0,0,0,0,0,0,0,0,-372000,0,0,0,0,372000,-372000,-372000
051451,世芯元大95購03  ,0,0,0,0,0,0,0,0,0,-372000,0,0,0,125000,497000,-372000,-372000
052351,中環元富95購01  ,0,0,0,0,0,0,0,0,0,-374000,0,0,0,263000,637000,-374000,-374000
055600,致伸元大97購02  ,0,0,0,0,0,0,0,0,0,-375000,0,0,0,0,375000,-375000,-375000
04146P,可成凱基93售14  ,0,0,0,0,0,0,0,0,0,-375000,0,0,0,0,375000,-375000,-375000
04682P,臺股指統一96售01,0,0,0,0,0,0,0,0,0,-376000,0,0,0,0,376000,-376000,-376000
052814,上証2X永豐96購02,0,0,0,0,0,0,0,0,0,-379000,0,0,0,129000,508000,-379000,-379000
2352,佳世達          ,543000,931000,-388000,0,0,0,0,0,0,9000,9000,0,9000,0,0,0,-379000
047379,元油2X元大96購03,0,0,0,0,0,0,0,0,0,-380000,0,0,0,0,380000,-380000,-380000
04747P,臺股指元大94售22,0,0,0,0,0,0,0,0,0,-381000,0,0,0,569000,950000,-381000,-381000
055580,南茂統一97購01  ,0,0,0,0,0,0,0,0,0,-382000,0,0,0,0,382000,-382000,-382000
056562,奇力新群益98購01,0,0,0,0,0,0,0,0,0,-383000,0,0,0,789000,1172000,-383000,-383000
039550,滬深反凱基94購01,0,0,0,0,0,0,0,0,0,-383000,0,0,0,100000,483000,-383000,-383000
05079P,可成永豐95售01  ,0,0,0,0,0,0,0,0,0,-383000,0,0,0,10000,393000,-383000,-383000
056326,TPK兆豐98購01   ,0,0,0,0,0,0,0,0,0,-385000,0,0,0,70000,455000,-385000,-385000
054012,廣達永豐96購01  ,0,0,0,0,0,0,0,0,0,-385000,0,0,0,13000,398000,-385000,-385000
2204,中華            ,122000,521000,-399000,0,0,0,0,0,0,14000,14000,0,14000,0,0,0,-385000
2812,台中銀          ,739000,1148000,-409000,0,0,0,23000,0,23000,1000,1000,0,1000,0,0,0,-385000
046931,聯詠統一93購01  ,0,0,0,0,0,0,0,0,0,-390000,0,0,0,119000,509000,-390000,-390000
05759P,智邦永豐96售02  ,0,0,0,0,0,0,0,0,0,-391000,0,0,0,150000,541000,-391000,-391000
054294,世芯元大96購02  ,0,0,0,0,0,0,0,0,0,-392000,0,0,0,166000,558000,-392000,-392000
053825,南電群益96購02  ,0,0,0,0,0,0,0,0,0,-393000,0,0,0,258000,651000,-393000,-393000
048167,旺宏永豐93購04  ,0,0,0,0,0,0,0,0,0,-395000,0,0,0,459000,854000,-395000,-395000
056291,聯茂永豐97購03  ,0,0,0,0,0,0,0,0,0,-396000,0,0,0,162000,558000,-396000,-396000
055729,金寶元富99購01  ,0,0,0,0,0,0,0,0,0,-396000,0,0,0,108000,504000,-396000,-396000
05496P,聯詠統一95售04  ,0,0,0,0,0,0,0,0,0,-396000,0,0,0,89000,485000,-396000,-396000
00664R,國泰臺灣加權反1 ,0,0,0,0,0,0,0,0,0,-396000,0,0,0,809000,1205000,-396000,-396000
046116,京元電元大92購05,0,0,0,0,0,0,0,0,0,-398000,0,0,0,0,398000,-398000,-398000
050462,寶成元大94購01  ,0,0,0,0,0,0,0,0,0,-398000,0,0,0,0,398000,-398000,-398000
2421,建準            ,172000,502000,-330000,0,0,0,0,0,0,-68216,20000,13000,7000,5000,80216,-75216,-398216
055819,晶相光國票98購01,0,0,0,0,0,0,0,0,0,-399000,0,0,0,42000,441000,-399000,-399000
046369,同欣電日盛92購01,0,0,0,0,0,0,0,0,0,-400000,0,0,0,0,400000,-400000,-400000
03639C,元油2X元大9B牛01,0,0,0,0,0,0,0,0,0,-400000,0,0,0,0,400000,-400000,-400000
052001,寶成元大95購02  ,0,0,0,0,0,0,0,0,0,-400000,0,0,0,0,400000,-400000,-400000
055870,智原台新97購01  ,0,0,0,0,0,0,0,0,0,-402000,0,0,0,0,402000,-402000,-402000
055397,超眾統一97購02  ,0,0,0,0,0,0,0,0,0,-403000,0,0,0,0,403000,-403000,-403000
051697,康友中信95購02  ,0,0,0,0,0,0,0,0,0,-403000,0,0,0,67000,470000,-403000,-403000
054483,聯電台新96購01  ,0,0,0,0,0,0,0,0,0,-404000,0,0,0,116000,520000,-404000,-404000
055076,福懋科永豐97購01,0,0,0,0,0,0,0,0,0,-405000,0,0,0,1000,406000,-405000,-405000
046800,儒鴻元大93購02  ,0,0,0,0,0,0,0,0,0,-405000,0,0,0,3000,408000,-405000,-405000
049863,京元電兆豐94購01,0,0,0,0,0,0,0,0,0,-405000,0,0,0,27000,432000,-405000,-405000
05612P,台積電元大96售13,0,0,0,0,0,0,0,0,0,-406000,0,0,0,200000,606000,-406000,-406000
056209,超眾永豐97購02  ,0,0,0,0,0,0,0,0,0,-409000,0,0,0,88000,497000,-409000,-409000
05004P,健策統一95售01  ,0,0,0,0,0,0,0,0,0,-409000,0,0,0,246000,655000,-409000,-409000
055142,健策永豐98購01  ,0,0,0,0,0,0,0,0,0,-410000,0,0,0,380000,790000,-410000,-410000
051391,聯發科兆豐95購02,0,0,0,0,0,0,0,0,0,-410000,0,0,0,20000,430000,-410000,-410000
055705,微星永豐97購01  ,0,0,0,0,0,0,0,0,0,-413000,0,0,0,27000,440000,-413000,-413000
053958,京元電永豐96購01,0,0,0,0,0,0,0,0,0,-413000,0,0,0,60000,473000,-413000,-413000
055863,緯穎元大97購05  ,0,0,0,0,0,0,0,0,0,-414000,0,0,0,121000,535000,-414000,-414000
053178,南亞科統一98購01,0,0,0,0,0,0,0,0,0,-414000,0,0,0,51000,465000,-414000,-414000
057049,新日興元大98購02,0,0,0,0,0,0,0,0,0,-414000,0,0,0,0,414000,-414000,-414000
00669R,國泰美國道瓊反1 ,0,0,0,0,0,0,0,0,0,-415000,0,270000,-270000,354000,499000,-145000,-415000
056096,超眾元富9A購01  ,0,0,0,0,0,0,0,0,0,-416000,0,0,0,75000,491000,-416000,-416000
051654,致新永豐95購01  ,0,0,0,0,0,0,0,0,0,-417000,0,0,0,0,417000,-417000,-417000
8464,億豐            ,381000,828000,-447000,0,0,0,60000,30000,30000,0,0,0,0,0,0,0,-417000
044717,旺宏統一94購01  ,0,0,0,0,0,0,0,0,0,-418000,0,0,0,90000,508000,-418000,-418000
050983,新光金國泰97購01,0,0,0,0,0,0,0,0,0,-418000,0,0,0,50000,468000,-418000,-418000
055771,台積電日盛97購04,0,0,0,0,0,0,0,0,0,-419000,0,0,0,10000,429000,-419000,-419000
053083,中環元大99購01  ,0,0,0,0,0,0,0,0,0,-419000,0,0,0,167000,586000,-419000,-419000
053349,台郡國票97購02  ,0,0,0,0,0,0,0,0,0,-419000,0,0,0,28000,447000,-419000,-419000
055235,金寶台新98購01  ,0,0,0,0,0,0,0,0,0,-420000,0,0,0,148000,568000,-420000,-420000
055256,日電貿統一99購01,0,0,0,0,0,0,0,0,0,-421000,0,0,0,69000,490000,-421000,-421000
055593,華新科元大97購10,0,0,0,0,0,0,0,0,0,-421000,0,0,0,26000,447000,-421000,-421000
047759,復盛元富93購01  ,0,0,0,0,0,0,0,0,0,-421000,0,0,0,0,421000,-421000,-421000
049744,亞德客永豐94購01,0,0,0,0,0,0,0,0,0,-421000,0,0,0,175000,596000,-421000,-421000
052675,新光金國泰98購01,0,0,0,0,0,0,0,0,0,-421000,0,0,0,1000,422000,-421000,-421000
6005,群益證          ,219000,640000,-421000,0,0,0,0,0,0,0,0,0,0,0,0,0,-421000
043656,上証反元大94購01,0,0,0,0,0,0,0,0,0,-423000,0,0,0,0,423000,-423000,-423000
049059,超眾永豐94購01  ,0,0,0,0,0,0,0,0,0,-423000,0,0,0,0,423000,-423000,-423000
053097,超眾統一96購03  ,0,0,0,0,0,0,0,0,0,-423000,0,0,0,0,423000,-423000,-423000
056277,上銀富邦99購02  ,0,0,0,0,0,0,0,0,0,-424000,0,0,0,310000,734000,-424000,-424000
055896,南電統一97購02  ,0,0,0,0,0,0,0,0,0,-425000,0,0,0,157000,582000,-425000,-425000
053371,滬深2X元大99購01,0,0,0,0,0,0,0,0,0,-426000,0,0,0,110000,536000,-426000,-426000
049381,欣興元大94購05  ,0,0,0,0,0,0,0,0,0,-427000,0,0,0,0,427000,-427000,-427000
053198,亞德客日盛96購01,0,0,0,0,0,0,0,0,0,-427000,0,0,0,1000,428000,-427000,-427000
055207,致新中信99購01  ,0,0,0,0,0,0,0,0,0,-432000,0,0,0,0,432000,-432000,-432000
050131,新光金凱基94購01,0,0,0,0,0,0,0,0,0,-433000,0,0,0,10000,443000,-433000,-433000
5521,工信            ,21000,454000,-433000,0,0,0,0,0,0,0,0,0,0,0,0,0,-433000
054966,貿聯元大98購02  ,0,0,0,0,0,0,0,0,0,-436000,0,0,0,10000,446000,-436000,-436000
05039P,鴻海凱基95售10  ,0,0,0,0,0,0,0,0,0,-436000,0,0,0,30000,466000,-436000,-436000
054983,國巨元富97購04  ,0,0,0,0,0,0,0,0,0,-437000,0,0,0,221000,658000,-437000,-437000
055455,健策國泰98購02  ,0,0,0,0,0,0,0,0,0,-439000,0,0,0,523000,962000,-439000,-439000
2615,萬海            ,9000,319619,-310619,0,0,0,0,130000,-130000,1000,1000,0,1000,0,0,0,-439619
046797,T50反1元大96購01,0,0,0,0,0,0,0,0,0,-440000,0,0,0,0,440000,-440000,-440000
8210,勤誠            ,132000,440500,-308500,0,0,0,0,80000,-80000,-52000,3000,39000,-36000,2000,18000,-16000,-440500
1476,儒鴻            ,342000,699001,-357001,0,0,0,0,112000,-112000,27000,38000,9000,29000,4000,6000,-2000,-442001
056626,同欣電永豐98購01,0,0,0,0,0,0,0,0,0,-446000,0,0,0,123000,569000,-446000,-446000
054299,南電元大96購03  ,0,0,0,0,0,0,0,0,0,-446000,0,0,0,123000,569000,-446000,-446000
056511,超眾永豐98購01  ,0,0,0,0,0,0,0,0,0,-447000,0,0,0,62000,509000,-447000,-447000
049452,新光金統一94購02,0,0,0,0,0,0,0,0,0,-447000,0,0,0,0,447000,-447000,-447000
048559,京元電元大93購03,0,0,0,0,0,0,0,0,0,-447000,0,0,0,0,447000,-447000,-447000
054201,聯詠富邦97購02  ,0,0,0,0,0,0,0,0,0,-448000,0,0,0,274000,722000,-448000,-448000
06154P,超眾元大98售01  ,0,0,0,0,0,0,0,0,0,-448000,0,0,0,110000,558000,-448000,-448000
056854,友達中信9A購01  ,0,0,0,0,0,0,0,0,0,-449000,0,0,0,0,449000,-449000,-449000
049676,美食國票94購01  ,0,0,0,0,0,0,0,0,0,-450000,0,0,0,0,450000,-450000,-450000
054364,智伸科凱基96購01,0,0,0,0,0,0,0,0,0,-450000,0,0,0,3000,453000,-450000,-450000
05551P,電子類元大96售01,0,0,0,0,0,0,0,0,0,-452000,0,0,0,182000,634000,-452000,-452000
5522,遠雄            ,328896,645000,-316104,0,0,0,0,0,0,-137000,47000,184000,-137000,0,0,0,-453104
055391,光罩統一97購02  ,0,0,0,0,0,0,0,0,0,-455000,0,0,0,135000,590000,-455000,-455000
3545,敦泰            ,110000,572000,-462000,0,0,0,0,0,0,2000,2000,0,2000,0,0,0,-460000
054295,世芯元大96購03  ,0,0,0,0,0,0,0,0,0,-461000,0,0,0,131000,592000,-461000,-461000
053626,台積電兆豐96購03,0,0,0,0,0,0,0,0,0,-463000,0,0,0,248000,711000,-463000,-463000
052142,滬深2X群益99購04,0,0,0,0,0,0,0,0,0,-463000,0,0,0,0,463000,-463000,-463000
04672P,台積電統一94售09,0,0,0,0,0,0,0,0,0,-464000,0,0,0,7000,471000,-464000,-464000
049420,日電貿凱基94購01,0,0,0,0,0,0,0,0,0,-467000,0,0,0,0,467000,-467000,-467000
047882,超眾國泰94購01  ,0,0,0,0,0,0,0,0,0,-470000,0,0,0,280000,750000,-470000,-470000
047973,華通兆豐94購01  ,0,0,0,0,0,0,0,0,0,-474000,0,0,0,52000,526000,-474000,-474000
052195,健策元富95購01  ,0,0,0,0,0,0,0,0,0,-475000,0,0,0,314000,789000,-475000,-475000
04886P,臺股指凱基94售20,0,0,0,0,0,0,0,0,0,-478000,0,0,0,62000,540000,-478000,-478000
05934P,國巨凱基96售13  ,0,0,0,0,0,0,0,0,0,-479000,0,0,0,55000,534000,-479000,-479000
045871,元油2X元富96購03,0,0,0,0,0,0,0,0,0,-480000,0,0,0,30000,510000,-480000,-480000
041527,T50反1中信96購01,0,0,0,0,0,0,0,0,0,-481000,0,0,0,25000,506000,-481000,-481000
049795,華通元大96購02  ,0,0,0,0,0,0,0,0,0,-481000,0,0,0,40000,521000,-481000,-481000
055629,華新科永豐97購04,0,0,0,0,0,0,0,0,0,-484000,0,0,0,6000,490000,-484000,-484000
047967,南亞科國泰95購01,0,0,0,0,0,0,0,0,0,-485000,0,0,0,322000,807000,-485000,-485000
052676,聯發科永昌98購01,0,0,0,0,0,0,0,0,0,-485000,0,0,0,1280000,1765000,-485000,-485000
056191,世紀鋼統一97購01,0,0,0,0,0,0,0,0,0,-486000,0,0,0,0,486000,-486000,-486000
056829,台積電富邦9A購01,0,0,0,0,0,0,0,0,0,-488000,0,0,0,670000,1158000,-488000,-488000
051499,康控群益95購02  ,0,0,0,0,0,0,0,0,0,-488000,0,0,0,11000,499000,-488000,-488000
053841,美律統一96購01  ,0,0,0,0,0,0,0,0,0,-489000,0,0,0,148000,637000,-489000,-489000
055675,亞德客凱基97購02,0,0,0,0,0,0,0,0,0,-490000,0,0,0,1000,491000,-490000,-490000
051516,全新凱基96購02  ,0,0,0,0,0,0,0,0,0,-490000,0,0,0,10000,500000,-490000,-490000
048178,上銀富邦95購02  ,0,0,0,0,0,0,0,0,0,-490000,0,0,0,274000,764000,-490000,-490000
2881,富邦金          ,3314000,3938000,-624000,0,0,0,68000,0,68000,66000,101000,11000,90000,17000,41000,-24000,-490000
055444,致新台新97購01  ,0,0,0,0,0,0,0,0,0,-492000,0,0,0,2000,494000,-492000,-492000
050751,聯電統一94購05  ,0,0,0,0,0,0,0,0,0,-492000,0,0,0,30000,522000,-492000,-492000
1326,台化            ,574000,1126000,-552000,0,0,0,51000,6000,45000,15000,2000,1000,1000,14000,0,14000,-492000
047421,聯茂富邦97購01  ,0,0,0,0,0,0,0,0,0,-494000,0,0,0,20000,514000,-494000,-494000
056688,聯詠統一98購01  ,0,0,0,0,0,0,0,0,0,-495000,0,0,0,0,495000,-495000,-495000
045782,欣興元大93購04  ,0,0,0,0,0,0,0,0,0,-495000,0,0,0,0,495000,-495000,-495000
055927,南亞科群益97購01,0,0,0,0,0,0,0,0,0,-496000,0,0,0,1100000,1596000,-496000,-496000
05290P,國巨永豐95售04  ,0,0,0,0,0,0,0,0,0,-496000,0,0,0,0,496000,-496000,-496000
048940,晶相光永豐94購01,0,0,0,0,0,0,0,0,0,-497000,0,0,0,2000,499000,-497000,-497000
2385,群光            ,438000,918000,-480000,0,0,0,2000,0,2000,-19000,1000,20000,-19000,0,0,0,-497000
050527,嘉聯益元大96購01,0,0,0,0,0,0,0,0,0,-499000,0,0,0,0,499000,-499000,-499000
044514,亞光凱基93購02  ,0,0,0,0,0,0,0,0,0,-499000,0,0,0,0,499000,-499000,-499000
050776,康控元大96購03  ,0,0,0,0,0,0,0,0,0,-499000,0,0,0,10000,509000,-499000,-499000
06573P,台積電永昌99售02,0,0,0,0,0,0,0,0,0,-499000,0,0,0,0,499000,-499000,-499000
050941,T50反1群益95購01,0,0,0,0,0,0,0,0,0,-500000,0,0,0,0,500000,-500000,-500000
05034P,台積電元大95售08,0,0,0,0,0,0,0,0,0,-500000,0,0,0,250000,750000,-500000,-500000
055133,致新康和97購01  ,0,0,0,0,0,0,0,0,0,-501000,0,0,0,185000,686000,-501000,-501000
057092,健策元富98購01  ,0,0,0,0,0,0,0,0,0,-501000,0,0,0,0,501000,-501000,-501000
051777,聯發科群益95購04,0,0,0,0,0,0,0,0,0,-503000,0,0,0,158000,661000,-503000,-503000
053537,玉晶光永豐98購02,0,0,0,0,0,0,0,0,0,-504000,0,0,0,52000,556000,-504000,-504000
048426,超眾元富93購01  ,0,0,0,0,0,0,0,0,0,-505000,0,0,0,6000,511000,-505000,-505000
2478,大毅            ,404000,799000,-395000,0,0,0,30000,0,30000,-141000,15000,25000,-10000,91000,222000,-131000,-506000
053522,臺股指群益99購01,0,0,0,0,0,0,0,0,0,-509000,0,0,0,131000,640000,-509000,-509000
054361,技嘉凱基96購01  ,0,0,0,0,0,0,0,0,0,-509000,0,0,0,101000,610000,-509000,-509000
2379,瑞昱            ,468376,1021000,-552624,0,0,0,0,33000,-33000,74000,34000,1000,33000,60000,19000,41000,-511624
051367,可成富邦97購01  ,0,0,0,0,0,0,0,0,0,-512000,0,0,0,80000,592000,-512000,-512000
048512,全新凱基93購04  ,0,0,0,0,0,0,0,0,0,-513000,0,0,0,69000,582000,-513000,-513000
047969,台達電富邦97購01,0,0,0,0,0,0,0,0,0,-514000,0,0,0,65000,579000,-514000,-514000
056635,亞德客日盛99購01,0,0,0,0,0,0,0,0,0,-516000,0,0,0,51000,567000,-516000,-516000
055996,矽力國泰99購01  ,0,0,0,0,0,0,0,0,0,-518000,0,0,0,346000,864000,-518000,-518000
05091P,台積電元大95售11,0,0,0,0,0,0,0,0,0,-519000,0,0,0,1023000,1542000,-519000,-519000
055191,牧德元富97購01  ,0,0,0,0,0,0,0,0,0,-520000,0,0,0,61000,581000,-520000,-520000
052914,奇力新元富96購01,0,0,0,0,0,0,0,0,0,-525000,0,0,0,869000,1394000,-525000,-525000
054699,復盛永豐97購01  ,0,0,0,0,0,0,0,0,0,-526000,0,0,0,60000,586000,-526000,-526000
2890,永豐金          ,2732000,3438000,-706000,0,0,0,97000,0,97000,81000,83000,2000,81000,0,0,0,-528000
1605,華新            ,677000,1358000,-681000,0,0,0,0,0,0,153000,150000,80000,70000,119000,36000,83000,-528000
054229,超眾元富96購05  ,0,0,0,0,0,0,0,0,0,-530000,0,0,0,1000,531000,-530000,-530000
9910,豐泰            ,342000,878300,-536300,0,0,0,0,0,0,3000,28000,25000,3000,0,0,0,-533300
052550,鴻海國票97購02  ,0,0,0,0,0,0,0,0,0,-534000,0,0,0,0,534000,-534000,-534000
055041,致新富邦97購01  ,0,0,0,0,0,0,0,0,0,-536000,0,0,0,0,536000,-536000,-536000
04294P,台積電元大95售01,0,0,0,0,0,0,0,0,0,-537000,0,0,0,80000,617000,-537000,-537000
2855,統一證          ,197000,734000,-537000,0,0,0,0,0,0,0,0,0,0,0,0,0,-537000
051959,台郡台新95購03  ,0,0,0,0,0,0,0,0,0,-539000,0,0,0,0,539000,-539000,-539000
06517P,國巨凱基98售09  ,0,0,0,0,0,0,0,0,0,-541000,0,0,0,0,541000,-541000,-541000
051667,光磊元大96購02  ,0,0,0,0,0,0,0,0,0,-542000,0,0,0,357000,899000,-542000,-542000
08637P,台灣50中信96售03,0,0,0,0,0,0,0,0,0,-544000,0,0,0,806000,1350000,-544000,-544000
056618,京元電永豐98購01,0,0,0,0,0,0,0,0,0,-545000,0,0,0,132000,677000,-545000,-545000
056954,聯詠富邦9A購01  ,0,0,0,0,0,0,0,0,0,-550000,0,0,0,67000,617000,-550000,-550000
051614,元金2X凱基97購01,0,0,0,0,0,0,0,0,0,-552000,0,0,0,0,552000,-552000,-552000
051283,亞德客統一95購01,0,0,0,0,0,0,0,0,0,-552000,0,0,0,108000,660000,-552000,-552000
050730,復盛國票94購01  ,0,0,0,0,0,0,0,0,0,-552000,0,0,0,40000,592000,-552000,-552000
054979,南港元富97購01  ,0,0,0,0,0,0,0,0,0,-553000,0,0,0,26000,579000,-553000,-553000
00715L,街口布蘭特油正2 ,0,0,0,0,0,0,0,0,0,-556000,0,0,0,0,556000,-556000,-556000
049279,元油2X國票94購02,0,0,0,0,0,0,0,0,0,-559000,0,0,0,0,559000,-559000,-559000
05014P,臺股指元大95售05,0,0,0,0,0,0,0,0,0,-560000,0,0,0,0,560000,-560000,-560000
055413,全新富邦98購01  ,0,0,0,0,0,0,0,0,0,-561000,0,0,0,144000,705000,-561000,-561000
054044,京元電元大96購03,0,0,0,0,0,0,0,0,0,-562000,0,0,0,20000,582000,-562000,-562000
055379,牧德元大97購03  ,0,0,0,0,0,0,0,0,0,-563000,0,0,0,161000,724000,-563000,-563000
055704,亞德客永豐97購04,0,0,0,0,0,0,0,0,0,-570000,0,0,0,0,570000,-570000,-570000
052468,超眾統一96購02  ,0,0,0,0,0,0,0,0,0,-572000,0,0,0,0,572000,-572000,-572000
055131,茂林康和97購01  ,0,0,0,0,0,0,0,0,0,-575000,0,0,0,0,575000,-575000,-575000
054121,奇鋐永豐96購02  ,0,0,0,0,0,0,0,0,0,-577000,0,0,0,58000,635000,-577000,-577000
050533,致新元大94購03  ,0,0,0,0,0,0,0,0,0,-578000,0,0,0,2000,580000,-578000,-578000
047495,新日興元富96購01,0,0,0,0,0,0,0,0,0,-578000,0,0,0,348000,926000,-578000,-578000
049386,嘉聯益元大95購01,0,0,0,0,0,0,0,0,0,-578000,0,0,0,1000,579000,-578000,-578000
055495,長榮航元大97購01,0,0,0,0,0,0,0,0,0,-579000,0,0,0,410000,989000,-579000,-579000
053514,麗豐群益96購01  ,0,0,0,0,0,0,0,0,0,-579000,0,0,0,3000,582000,-579000,-579000
055398,超眾統一97購03  ,0,0,0,0,0,0,0,0,0,-582000,0,0,0,0,582000,-582000,-582000
9946,三發地產        ,569000,1170000,-601000,0,0,0,0,0,0,18740,19000,260,18740,0,0,0,-582260
051390,京元電兆豐95購01,0,0,0,0,0,0,0,0,0,-584000,0,0,0,100000,684000,-584000,-584000
06225P,華新科元富97售04,0,0,0,0,0,0,0,0,0,-585000,0,0,0,93000,678000,-585000,-585000
051570,和碩富邦97購01  ,0,0,0,0,0,0,0,0,0,-588000,0,0,0,163000,751000,-588000,-588000
048156,正崴兆豐93購01  ,0,0,0,0,0,0,0,0,0,-589000,0,0,0,0,589000,-589000,-589000
053752,超眾永豐96購02  ,0,0,0,0,0,0,0,0,0,-589000,0,0,0,25000,614000,-589000,-589000
056982,華新科群益98購05,0,0,0,0,0,0,0,0,0,-591000,0,0,0,0,591000,-591000,-591000
04785P,鴻海永豐94售03  ,0,0,0,0,0,0,0,0,0,-591000,0,0,0,20000,611000,-591000,-591000
051231,健策群益97購01  ,0,0,0,0,0,0,0,0,0,-591000,0,0,0,336000,927000,-591000,-591000
057089,奇力新元富98購01,0,0,0,0,0,0,0,0,0,-591000,0,0,0,0,591000,-591000,-591000
056001,美食永豐97購01  ,0,0,0,0,0,0,0,0,0,-592000,0,0,0,100000,692000,-592000,-592000
06034P,世芯凱基96售03  ,0,0,0,0,0,0,0,0,0,-593000,0,0,0,38000,631000,-593000,-593000
055018,緯穎元富97購02  ,0,0,0,0,0,0,0,0,0,-595000,0,0,0,648000,1243000,-595000,-595000
2347,聯強            ,476000,1346000,-870000,0,0,0,0,0,0,274000,274000,0,274000,0,0,0,-596000
053463,可成富邦98購01  ,0,0,0,0,0,0,0,0,0,-597000,0,0,0,3000,600000,-597000,-597000
04980P,臺股指凱基96售08,0,0,0,0,0,0,0,0,0,-598000,0,0,0,60000,658000,-598000,-598000
03557P,欣興元大02售17  ,0,0,0,0,0,0,0,0,0,-599000,0,0,0,100000,699000,-599000,-599000
050511,元油2X元大94購11,0,0,0,0,0,0,0,0,0,-599000,0,0,0,0,599000,-599000,-599000
2406,國碩            ,34000,636000,-602000,0,0,0,0,0,0,0,0,0,0,0,0,0,-602000
052451,旭富元大95購02  ,0,0,0,0,0,0,0,0,0,-604000,0,0,0,388000,992000,-604000,-604000
048073,南電元富93購02  ,0,0,0,0,0,0,0,0,0,-607000,0,0,0,28000,635000,-607000,-607000
047160,台郡國票94購01  ,0,0,0,0,0,0,0,0,0,-607000,0,0,0,21000,628000,-607000,-607000
050671,超眾永豐94購04  ,0,0,0,0,0,0,0,0,0,-607000,0,0,0,109000,716000,-607000,-607000
050377,華通第一94購01  ,0,0,0,0,0,0,0,0,0,-608000,0,0,0,2000,610000,-608000,-608000
055703,緯穎富邦98購01  ,0,0,0,0,0,0,0,0,0,-609000,0,0,0,70000,679000,-609000,-609000
2915,潤泰全          ,73000,650000,-577000,0,0,0,0,0,0,-32000,3000,12000,-9000,0,23000,-23000,-609000
055198,奇力新第一97購01,0,0,0,0,0,0,0,0,0,-616000,0,0,0,123000,739000,-616000,-616000
047737,義隆麥證94購01  ,0,0,0,0,620000,-620000,0,0,0,-620000,0,0,0,0,620000,-620000,-620000
6271,同欣電          ,310000,720000,-410000,0,0,0,21000,314000,-293000,78000,179000,202000,-23000,105000,4000,101000,-625000
054449,中環第一96購01  ,0,0,0,0,0,0,0,0,0,-628000,0,0,0,10000,638000,-628000,-628000
056193,聯發科富邦99購08,0,0,0,0,0,0,0,0,0,-630000,0,0,0,425000,1055000,-630000,-630000
03267P,台灣50元大02售06,0,0,0,0,0,0,0,0,0,-633000,0,0,0,0,633000,-633000,-633000
6196,帆宣            ,244000,761000,-517000,0,0,0,0,0,0,-117000,1000,50000,-49000,27000,95000,-68000,-634000
04015P,可成元大93售10  ,0,0,0,0,0,0,0,0,0,-644000,0,0,0,0,644000,-644000,-644000
1513,中興電          ,138000,836000,-698000,0,0,0,84000,50000,34000,11000,51000,40000,11000,0,0,0,-653000
054717,亞德客永豐97購01,0,0,0,0,0,0,0,0,0,-654000,0,0,0,272000,926000,-654000,-654000
055310,聯詠群益97購02  ,0,0,0,0,0,0,0,0,0,-658000,0,0,0,141000,799000,-658000,-658000
2105,正新            ,342000,1002000,-660000,0,0,0,0,0,0,1000,1000,0,1000,0,0,0,-659000
05650P,台積電富邦96售01,0,0,0,0,0,0,0,0,0,-675000,0,0,0,122000,797000,-675000,-675000
055555,全新凱基9A購01  ,0,0,0,0,0,0,0,0,0,-676000,0,0,0,16000,692000,-676000,-676000
050049,華通群益96購01  ,0,0,0,0,0,0,0,0,0,-681000,0,0,0,22000,703000,-681000,-681000
055192,世芯元富97購01  ,0,0,0,0,0,0,0,0,0,-682000,0,0,0,482000,1164000,-682000,-682000
047886,京元電富邦95購01,0,0,0,0,0,0,0,0,0,-683000,0,0,0,61000,744000,-683000,-683000
9105,泰金寶-DR       ,689000,1374000,-685000,0,0,0,0,0,0,0,0,0,0,0,0,0,-685000
054545,奇力新中信98購01,0,0,0,0,0,0,0,0,0,-692000,0,0,0,68000,760000,-692000,-692000
056660,臺股指元大9A購07,0,0,0,0,0,0,0,0,0,-692000,0,0,0,1000,693000,-692000,-692000
045872,元油2X元富98購03,0,0,0,0,0,0,0,0,0,-694000,0,0,0,0,694000,-694000,-694000
05029P,鴻海元富95售04  ,0,0,0,0,0,0,0,0,0,-700000,0,0,0,0,700000,-700000,-700000
054640,健策中信9B購01  ,0,0,0,0,0,0,0,0,0,-701000,0,0,0,360000,1061000,-701000,-701000
047540,技嘉麥證93購01  ,0,0,0,453000,1153000,-700000,0,0,0,-701000,0,0,0,453000,1154000,-701000,-701000
044960,京元電兆豐93購01,0,0,0,0,0,0,0,0,0,-713000,0,0,0,108000,821000,-713000,-713000
2301,光寶科          ,1041000,1703821,-662821,0,0,0,0,0,0,-52000,13000,6000,7000,15000,74000,-59000,-714821
1609,大亞            ,130000,714000,-584000,0,0,0,0,0,0,-132000,3000,135000,-132000,0,0,0,-716000
049114,玉晶光統一94購02,0,0,0,0,0,0,0,0,0,-719000,0,0,0,240000,959000,-719000,-719000
1477,聚陽            ,90000,828100,-738100,0,0,0,0,100000,-100000,114000,113000,2000,111000,6000,3000,3000,-724100
03413B,臺股指凱基94熊19,0,0,0,0,0,0,0,0,0,-728000,0,0,0,696000,1424000,-728000,-728000
3017,奇鋐            ,743000,1452000,-709000,0,0,0,0,0,0,-25000,2000,0,2000,52000,79000,-27000,-734000
045663,元油2X元富94購01,0,0,0,0,0,0,0,0,0,-741000,0,0,0,0,741000,-741000,-741000
054332,世芯永豐97購01  ,0,0,0,0,0,0,0,0,0,-744000,0,0,0,183000,927000,-744000,-744000
055833,華通元大98購05  ,0,0,0,0,0,0,0,0,0,-746000,0,0,0,0,746000,-746000,-746000
04373P,滬深2X元大97售01,0,0,0,0,0,0,0,0,0,-746000,0,0,0,1286000,2032000,-746000,-746000
04935P,鴻海中信96售01  ,0,0,0,0,0,0,0,0,0,-766000,0,0,0,50000,816000,-766000,-766000
4904,遠傳            ,606000,1475000,-869000,0,0,0,0,3000,-3000,104000,105000,1000,104000,0,0,0,-768000
1907,永豐餘          ,191000,939000,-748000,0,0,0,0,0,0,-24000,3000,27000,-24000,0,0,0,-772000
04796P,聯發科元大94售10,0,0,0,0,0,0,0,0,0,-773000,0,0,0,12000,785000,-773000,-773000
3380,明泰            ,279000,972000,-693000,0,0,0,0,0,0,-83000,168000,220000,-52000,0,31000,-31000,-776000
04767P,台積電國泰95售04,0,0,0,0,0,0,0,0,0,-795000,0,0,0,32000,827000,-795000,-795000
2892,第一金          ,1815000,2710000,-895000,0,0,0,93000,0,93000,5000,6000,1000,5000,0,0,0,-797000
049576,元油2X元大94購06,0,0,0,0,0,0,0,0,0,-801000,0,0,0,40000,841000,-801000,-801000
056439,華邦電凱基98購02,0,0,0,0,0,0,0,0,0,-804000,0,0,0,241000,1045000,-804000,-804000
04875P,台積電中信94售04,0,0,0,0,0,0,0,0,0,-809000,0,0,0,0,809000,-809000,-809000
053992,中環群益96購01  ,0,0,0,0,0,0,0,0,0,-810000,0,0,0,385000,1195000,-810000,-810000
00717,富邦美國特別股  ,0,0,0,0,0,0,0,0,0,-814911,0,0,0,168000,982911,-814911,-814911
055250,華新科統一97購02,0,0,0,0,0,0,0,0,0,-818000,0,0,0,218000,1036000,-818000,-818000
055144,T50反1元大97購03,0,0,0,0,0,0,0,0,0,-823000,0,0,0,564000,1387000,-823000,-823000
053115,滬深2X中信97購01,0,0,0,0,0,0,0,0,0,-823000,0,0,0,191000,1014000,-823000,-823000
3706,神達            ,175000,1024000,-849000,0,0,0,0,0,0,22000,22000,0,22000,0,0,0,-827000
051316,T50反1國票95購02,0,0,0,0,0,0,0,0,0,-830000,0,0,0,0,830000,-830000,-830000
1402,遠東新          ,2012476,3397000,-1384524,0,0,0,34000,0,34000,510000,516000,0,516000,3000,9000,-6000,-840524
053197,超眾元富96購02  ,0,0,0,0,0,0,0,0,0,-846000,0,0,0,91000,937000,-846000,-846000
1102,亞泥            ,3068000,3835026,-767026,0,0,0,0,0,0,-82000,0,0,0,1000,83000,-82000,-849026
052020,聯茂永豐95購02  ,0,0,0,0,0,0,0,0,0,-865000,0,0,0,20000,885000,-865000,-865000
054374,信邦中信96購01  ,0,0,0,0,0,0,0,0,0,-866000,0,0,0,20000,886000,-866000,-866000
5607,遠雄港          ,211000,1080643,-869643,0,0,0,0,0,0,1000,1000,0,1000,0,0,0,-868643
049657,滬深2X台新94購01,0,0,0,0,0,0,0,0,0,-869000,0,0,0,0,869000,-869000,-869000
056505,聯發科永豐98購01,0,0,0,0,0,0,0,0,0,-881000,0,0,0,1520000,2401000,-881000,-881000
053561,玉晶光國泰98購01,0,0,0,0,0,0,0,0,0,-881000,0,0,0,149000,1030000,-881000,-881000
04787P,台積電永昌96售04,0,0,0,0,0,0,0,0,0,-889000,0,0,0,450000,1339000,-889000,-889000
1303,南亞            ,727000,1684000,-957000,0,0,0,63000,0,63000,2000,4000,2000,2000,0,0,0,-892000
2409,友達            ,19801000,27443688,-7642688,0,0,0,7951000,240000,7711000,-977000,1359000,449000,910000,295000,2182000,-1887000,-908688
3045,台灣大          ,895000,1869000,-974000,0,0,0,6000,0,6000,56000,57000,1000,56000,0,0,0,-912000
049538,元油2X群益98購01,0,0,0,0,0,0,0,0,0,-914000,0,0,0,15000,929000,-914000,-914000
049763,美食國泰96購01  ,0,0,0,0,0,0,0,0,0,-915000,0,0,0,5000,920000,-915000,-915000
051585,美食元大95購01  ,0,0,0,0,0,0,0,0,0,-917000,0,0,0,0,917000,-917000,-917000
3665,貿聯-KY         ,175000,1020210,-845210,0,0,0,169000,286000,-117000,24000,22000,5000,17000,16000,9000,7000,-938210
04327P,台積電國泰95售01,0,0,0,0,0,0,0,0,0,-940000,0,0,0,139000,1079000,-940000,-940000
053946,全新富邦97購02  ,0,0,0,0,0,0,0,0,0,-941000,0,0,0,302000,1243000,-941000,-941000
06194P,台積電元富97售05,0,0,0,0,0,0,0,0,0,-943000,0,0,0,559000,1502000,-943000,-943000
8996,高力            ,151000,1201000,-1050000,0,0,0,0,0,0,106000,106000,0,106000,0,0,0,-944000
05780P,台積電統一96售07,0,0,0,0,0,0,0,0,0,-950000,0,0,0,77000,1027000,-950000,-950000
6153,嘉聯益          ,696000,612000,84000,0,0,0,0,0,0,-1047000,70000,98000,-28000,29000,1048000,-1019000,-963000
054411,光磊元大97購02  ,0,0,0,0,0,0,0,0,0,-981000,0,0,0,91000,1072000,-981000,-981000
056605,台積電富邦9B購02,0,0,0,0,0,0,0,0,0,-983000,0,0,0,344000,1327000,-983000,-983000
06440P,台積電凱基98售07,0,0,0,0,0,0,0,0,0,-985000,0,0,0,188000,1173000,-985000,-985000
056086,奇力新統一98購01,0,0,0,0,0,0,0,0,0,-988000,0,0,0,90000,1078000,-988000,-988000
055415,禾伸堂富邦9B購01,0,0,0,0,0,0,0,0,0,-991000,0,0,0,106000,1097000,-991000,-991000
048813,元黃金凱基94購01,0,0,0,0,0,0,0,0,0,-998000,0,0,0,0,998000,-998000,-998000
2458,義隆            ,680000,2005710,-1325710,0,0,0,0,0,0,316000,99000,2000,97000,223000,4000,219000,-1009710
2610,華航            ,2044000,3080000,-1036000,0,0,0,0,0,0,23000,23000,0,23000,0,0,0,-1013000
2880,華南金          ,1730000,2863000,-1133000,0,0,0,84000,0,84000,7000,7000,0,7000,0,0,0,-1042000
05170P,世芯元大95售01  ,0,0,0,0,0,0,0,0,0,-1043000,0,0,0,274000,1317000,-1043000,-1043000
04289P,臺股指中信95售07,0,0,0,0,0,0,0,0,0,-1045000,0,0,0,32000,1077000,-1045000,-1045000
053452,臺股指凱基97購01,0,0,0,0,0,0,0,0,0,-1059000,0,0,0,411000,1470000,-1059000,-1059000
048885,中環元富94購01  ,0,0,0,0,0,0,0,0,0,-1063000,0,0,0,15000,1078000,-1063000,-1063000
051277,聯發科中信9A購01,0,0,0,0,0,0,0,0,0,-1072000,0,0,0,297000,1369000,-1072000,-1072000
050991,元油2X元大96購04,0,0,0,0,0,0,0,0,0,-1096000,0,0,0,15000,1111000,-1096000,-1096000
054330,世芯永豐96購02  ,0,0,0,0,0,0,0,0,0,-1106000,0,0,0,101000,1207000,-1106000,-1106000
03033P,微星國票03售01  ,0,0,0,0,0,0,0,0,0,-1113000,0,0,0,0,1113000,-1113000,-1113000
2414,精技            ,2000,1157311,-1155311,0,0,0,0,0,0,27000,27000,0,27000,0,0,0,-1128311
054331,世芯永豐96購03  ,0,0,0,0,0,0,0,0,0,-1131000,0,0,0,558000,1689000,-1131000,-1131000
05777P,台積電統一96售04,0,0,0,0,0,0,0,0,0,-1138000,0,0,0,0,1138000,-1138000,-1138000
1301,台塑            ,884410,2045000,-1160590,0,0,0,10000,16000,-6000,24000,30000,8000,22000,2000,0,2000,-1142590
06181P,國巨中信97售02  ,0,0,0,0,0,0,0,0,0,-1195000,0,0,0,0,1195000,-1195000,-1195000
052733,台郡國泰97購01  ,0,0,0,0,0,0,0,0,0,-1208000,0,0,0,630000,1838000,-1208000,-1208000
056101,光磊永豐98購01  ,0,0,0,0,0,0,0,0,0,-1233000,0,0,0,446000,1679000,-1233000,-1233000
054081,聯電元富96購01  ,30000,0,30000,0,0,0,0,0,0,-1266000,0,0,0,455000,1721000,-1266000,-1236000
07866P,上証2X國票97售01,0,0,0,0,0,0,0,0,0,-1247000,0,0,0,167000,1414000,-1247000,-1247000
9904,寶成            ,1459000,2760000,-1301000,0,0,0,24000,0,24000,24000,0,1000,-1000,25000,0,25000,-1253000
5871,中租-KY         ,974000,2260514,-1286514,0,0,0,0,0,0,8000,8000,0,8000,0,0,0,-1278514
6251,定穎            ,172000,1817000,-1645000,0,0,0,0,0,0,363000,366000,3000,363000,0,0,0,-1282000
056756,T50反1元大98購06,0,0,0,0,0,0,0,0,0,-1352000,0,0,0,0,1352000,-1352000,-1352000
056307,貿聯元大97購05  ,0,0,0,0,0,0,0,0,0,-1358000,0,0,0,30000,1388000,-1358000,-1358000
053949,康控富邦9A購01  ,0,0,0,0,0,0,0,0,0,-1377000,0,0,0,499000,1876000,-1377000,-1377000
1310,台苯            ,506000,1885000,-1379000,0,0,0,0,0,0,1000,1000,0,1000,0,0,0,-1378000
03650C,T50反1元大98牛05,0,0,0,0,0,0,0,0,0,-1383000,0,0,0,0,1383000,-1383000,-1383000
00638R,元大滬深300反1  ,118000,0,118000,0,0,0,0,0,0,-1561000,0,0,0,513000,2074000,-1561000,-1443000
6505,台塑化          ,691000,2291000,-1600000,0,0,0,7000,0,7000,135000,2000,0,2000,133000,0,133000,-1458000
1714,和桐            ,933000,2439000,-1506000,0,0,0,0,0,0,-10000,1000,11000,-10000,0,0,0,-1516000
1101,台泥            ,6409000,8821942,-2412942,0,0,0,44000,0,44000,818000,1053000,100000,953000,21000,156000,-135000,-1550942
2349,錸德            ,320000,691000,-371000,0,0,0,0,1200000,-1200000,0,0,0,0,0,0,0,-1571000
055701,亞德客富邦99購01,0,0,0,0,0,0,0,0,0,-1667000,0,0,0,388000,2055000,-1667000,-1667000
2886,兆豐金          ,2473000,4262000,-1789000,0,0,0,98000,0,98000,3000,7000,4000,3000,0,0,0,-1688000
5880,合庫金          ,2163000,3996581,-1833581,0,0,0,86000,0,86000,0,5000,5000,0,0,0,0,-1747581
2308,台達電          ,2721177,4616000,-1894823,0,0,0,0,0,0,94000,37000,17000,20000,84000,10000,74000,-1800823
04751P,智邦兆豐95售02  ,0,0,0,0,0,0,0,0,0,-1817000,0,0,0,0,1817000,-1817000,-1817000
2823,中壽            ,1867000,3728352,-1861352,0,0,0,0,0,0,7000,1000,0,1000,8000,2000,6000,-1854352
00701,國泰股利精選30  ,2000,0,2000,0,0,0,0,0,0,-1903100,0,0,0,80000,1983100,-1903100,-1901100
2504,國產            ,1254000,3822000,-2568000,0,0,0,0,0,0,136000,165000,33000,132000,21000,17000,4000,-2432000
1216,統一            ,2480760,5100000,-2619240,0,0,0,73000,0,73000,46000,28000,0,28000,20000,2000,18000,-2500240
03840P,台積電統一99售02,0,0,0,0,0,0,0,0,0,-2767000,0,0,0,0,2767000,-2767000,-2767000
045829,滬深2X群益95購02,0,0,0,0,0,0,0,0,0,-2864000,0,0,0,100000,2964000,-2864000,-2864000
051368,國泰金富邦97購01,0,0,0,0,0,0,0,0,0,-3048000,0,0,0,50000,3098000,-3048000,-3048000
6116,彩晶            ,1047000,4286000,-3239000,0,0,0,0,0,0,113000,8000,42000,-34000,208000,61000,147000,-3126000
2801,彰銀            ,2050000,2349000,-299000,0,0,0,56000,0,56000,-2992000,7000,7000,0,8000,3000000,-2992000,-3235000
2448,晶電            ,2379000,4196000,-1817000,0,0,0,0,1275000,-1275000,-205000,215000,420000,-205000,0,0,0,-3297000
2337,旺宏            ,3864000,7400000,-3536000,0,0,0,0,559000,-559000,209000,218000,145000,73000,535000,399000,136000,-3886000
2356,英業達          ,553000,5103000,-4550000,0,0,0,0,0,0,366000,381000,0,381000,2000,17000,-15000,-4184000
00632R,元大台灣50反1   ,220000,4754000,-4534000,0,0,0,0,0,0,228000,860000,1692000,-832000,7300000,6240000,1060000,-4306000
1314,中石化          ,1402000,6106000,-4704000,0,0,0,0,0,0,-99000,6000,242000,-236000,140000,3000,137000,-4803000
2834,臺企銀          ,1498000,6872400,-5374400,0,0,0,48000,0,48000,51000,51000,0,51000,0,0,0,-5275400
2883,開發金          ,2805000,8734000,-5929000,0,0,0,128000,0,128000,80000,1000,2000,-1000,103000,22000,81000,-5721000
2885,元大金          ,2303000,8963000,-6660000,0,0,0,102000,0,102000,-506000,255000,2000,253000,25000,784000,-759000,-7064000
2323,中環            ,2483000,9541000,-7058000,0,0,0,0,0,0,-59000,40000,280000,-240000,935000,754000,181000,-7117000
2303,聯電            ,35347000,49018000,-13671000,0,0,0,3483000,900000,2583000,694000,509000,1133000,-624000,1408000,90000,1318000,-10394000
2344,華邦電          ,5311000,20347000,-15036000,0,0,0,0,991000,-991000,793000,445000,51000,394000,437000,38000,399000,-15234000
00642U,元大S&P石油     ,27000,1232000,-1205000,0,0,0,0,0,0,-17914000,355000,0,355000,663000,18932000,-18269000,-19119000
2816,旺旺保          ,19000,35748312,-35729312,0,0,0,0,0,0,0,0,0,0,0,0,0,-35729312
00672L,元大S&P原油正2  ,5286000,7756000,-2470000,0,0,0,0,0,0,-108130000,200000,0,200000,4950000,113280000,-108330000,-110600000
