證券代號,證券名稱,外陸資買進股數(不含外資自營商),外陸資賣出股數(不含外資自營商),外陸資買賣超股數(不含外資自營商),外資自營商買進股數,外資自營商賣出股數,外資自營商買賣超股數,投信買進股數,投信賣出股數,投信買賣超股數,自營商買賣超股數,自營商買進股數(自行買賣),自營商賣出股數(自行買賣),自營商買賣超股數(自行買賣),自營商買進股數(避險),自營商賣出股數(避險),自營商買賣超股數(避險),三大法人買賣超股數
00637L,元大滬深300正2  ,15267000,13720000,1547000,0,0,0,0,0,0,20101000,0,0,0,34799000,14698000,20101000,21648000
00677U,富邦VIX         ,18779000,3777000,15002000,0,0,0,0,0,0,4308000,400000,405000,-5000,12760000,8447000,4313000,19310000
2888,新光金          ,17768657,2203843,15564814,0,0,0,17000,0,17000,-277000,2000,206000,-204000,164000,237000,-73000,15304814
2303,聯電            ,19607692,7432000,12175692,0,0,0,1530000,11000,1519000,70000,5000,0,5000,338000,273000,65000,13764692
2409,友達            ,21370872,9674954,11695918,0,0,0,1170000,0,1170000,-52000,613000,38000,575000,103000,730000,-627000,12813918
3481,群創            ,34115136,22021882,12093254,0,0,0,0,0,0,57000,43000,64000,-21000,583000,505000,78000,12150254
00632R,元大台灣50反1   ,8338000,0,8338000,0,0,0,0,0,0,2770000,2744000,3816000,-1072000,20692000,16850000,3842000,11108000
2317,鴻海            ,28087754,18580820,9506934,0,0,0,301000,31000,270000,686000,61000,60000,1000,870000,185000,685000,10462934
2884,玉山金          ,24215656,15824565,8391091,0,0,0,0,0,0,825000,196000,2000,194000,637000,6000,631000,9216091
0050,元大台灣50      ,5866035,288000,5578035,0,0,0,0,89000,-89000,2439000,226000,0,226000,2962000,749000,2213000,7928035
2002,中鋼            ,12249872,4733035,7516837,0,0,0,0,0,0,243000,117000,0,117000,126000,0,126000,7759837
2885,元大金          ,13684304,6418013,7266291,0,0,0,32000,6000,26000,-45536,78000,123000,-45000,0,536,-536,7246755
2454,聯發科          ,10070934,3929627,6141307,0,0,0,433000,5000,428000,164000,104000,44000,60000,169000,65000,104000,6733307
2881,富邦金          ,7823512,2931400,4892112,0,0,0,0,0,0,-8000,15000,0,15000,8000,31000,-23000,4884112
00633L,富邦上証正2     ,4193000,446000,3747000,0,0,0,0,0,0,867197,0,0,0,4283197,3416000,867197,4614197
2330,台積電          ,19133365,14919240,4214125,0,0,0,241000,33000,208000,84000,64000,63000,1000,247000,164000,83000,4506125
3017,奇鋐            ,5568000,1407000,4161000,0,0,0,0,0,0,207000,77000,1000,76000,580000,449000,131000,4368000
2892,第一金          ,9179588,4953048,4226540,0,0,0,0,0,0,2000,2000,0,2000,0,0,0,4228540
3231,緯創            ,7875288,4320500,3554788,0,0,0,1579000,800000,779000,-151000,5000,0,5000,67000,223000,-156000,4182788
6456,GIS-KY          ,4283000,2493000,1790000,0,0,0,1621000,0,1621000,653000,402000,193000,209000,602000,158000,444000,4064000
3189,景碩            ,3826000,2685000,1141000,0,0,0,3242000,0,3242000,-368000,46000,106000,-60000,165000,473000,-308000,4015000
5880,合庫金          ,6438544,2546355,3892189,0,0,0,0,1000,-1000,21000,21000,0,21000,0,0,0,3912189
2371,大同            ,3772000,1612000,2160000,0,0,0,0,0,0,1628000,1634000,6000,1628000,0,0,0,3788000
058380,臺股指凱基99購15,0,0,0,0,0,0,0,0,0,3396000,0,0,0,3738000,342000,3396000,3396000
00861,元大全球未來通訊,2000,25000,-23000,0,0,0,0,0,0,3235000,468000,0,468000,2837000,70000,2767000,3212000
2356,英業達          ,3958000,2295000,1663000,0,0,0,1485000,0,1485000,-59000,30000,0,30000,72000,161000,-89000,3089000
3406,玉晶光          ,3123000,1154003,1968997,0,0,0,711000,0,711000,352000,182000,53000,129000,278000,55000,223000,3031997
4142,國光生          ,3229000,1535000,1694000,0,0,0,0,188000,-188000,1525000,1000,63000,-62000,1587000,0,1587000,3031000
2542,興富發          ,3364000,741213,2622787,0,0,0,0,0,0,53000,3000,15000,-12000,108000,43000,65000,2675787
052959,聯電凱基97購01  ,0,0,0,0,0,0,0,0,0,2482000,0,0,0,2500000,18000,2482000,2482000
00646,元大S&P500      ,205000,0,205000,0,0,0,0,0,0,2255000,302000,0,302000,2051000,98000,1953000,2460000
00655L,國泰中國A50正2  ,1834000,61000,1773000,0,0,0,0,0,0,612000,0,0,0,2689000,2077000,612000,2385000
1101,台泥            ,6379032,4806779,1572253,0,0,0,418000,0,418000,310000,366000,1000,365000,3000,58000,-55000,2300253
9945,潤泰新          ,2420000,252032,2167968,0,0,0,0,0,0,5000,11000,6000,5000,0,0,0,2172968
2382,廣達            ,4306744,2469000,1837744,0,0,0,0,3000,-3000,337000,368000,13000,355000,8000,26000,-18000,2171744
2458,義隆            ,3872030,2988000,884030,0,0,0,1853000,220000,1633000,-388000,124000,267000,-143000,60000,305000,-245000,2129030
2887,台新金          ,11289381,9231000,2058381,0,0,0,0,0,0,62000,197000,38000,159000,0,97000,-97000,2120381
054546,玉晶光中信9B購01,0,0,0,0,0,0,0,0,0,2094000,0,0,0,4576000,2482000,2094000,2094000
9904,寶成            ,20401940,18328000,2073940,0,0,0,0,0,0,-24000,6000,4000,2000,0,26000,-26000,2049940
051277,聯發科中信9A購01,0,0,0,0,0,0,0,0,0,2027000,0,0,0,2027000,0,2027000,2027000
057555,玉晶光凱基9A購02,0,0,0,0,0,0,0,0,0,2008000,0,0,0,2008000,0,2008000,2008000
2324,仁寶            ,6606370,5125000,1481370,0,0,0,6000,0,6000,520000,605000,4000,601000,13000,94000,-81000,2007370
6269,台郡            ,1884000,1158000,726000,0,0,0,1296000,0,1296000,-19000,152000,31000,121000,74000,214000,-140000,2003000
1303,南亞            ,2736868,786843,1950025,0,0,0,0,0,0,24000,18000,2000,16000,8000,0,8000,1974025
00676R,富邦臺灣加權反1 ,0,0,0,0,0,0,0,0,0,1967000,0,0,0,2840000,873000,1967000,1967000
00636,國泰中國A50     ,912000,11000,901000,0,0,0,0,0,0,826696,0,20000,-20000,912696,66000,846696,1727696
6176,瑞儀            ,1573000,895644,677356,0,0,0,467000,71000,396000,630000,715000,24000,691000,30000,91000,-61000,1703356
2313,華通            ,5158000,4464000,694000,0,0,0,1418000,0,1418000,-456000,988000,1263000,-275000,534000,715000,-181000,1656000
2308,台達電          ,3837692,2476976,1360716,0,0,0,325000,0,325000,-61000,22000,0,22000,18000,101000,-83000,1624716
062591,新日興統一9C購01,0,0,0,0,0,0,0,0,0,1610000,0,0,0,3165000,1555000,1610000,1610000
00653L,富邦印度正2     ,786000,474000,312000,0,0,0,0,0,0,1269000,0,0,0,5130000,3861000,1269000,1581000
063134,裕隆統一01購01  ,0,0,0,0,0,0,0,0,0,1540000,0,0,0,2322000,782000,1540000,1540000
057266,TPK兆豐98購02   ,0,0,0,0,0,0,0,0,0,1537000,0,0,0,2693000,1156000,1537000,1537000
3673,TPK-KY          ,1618000,863000,755000,0,0,0,0,0,0,778000,330000,59000,271000,998000,491000,507000,1533000
0056,元大高股息      ,36000,40000,-4000,0,0,0,0,0,0,1535000,100000,200000,-100000,1942000,307000,1635000,1531000
062667,立積群益9B購01  ,0,0,0,0,0,0,0,0,0,1520000,0,0,0,1892000,372000,1520000,1520000
2104,國際中橡        ,1942210,454000,1488210,0,0,0,0,0,0,22000,2000,0,2000,20000,0,20000,1510210
6153,嘉聯益          ,1779000,1058000,721000,0,0,0,0,0,0,762000,47000,31000,16000,942000,196000,746000,1483000
2823,中壽            ,4096777,2547832,1548945,0,0,0,3785,0,3785,-86000,4000,2000,2000,60000,148000,-88000,1466730
062163,大毅國泰01購01  ,0,0,0,0,0,0,0,0,0,1451000,0,0,0,1807000,356000,1451000,1451000
2323,中環            ,5810000,5376000,434000,0,0,0,0,75000,-75000,1083000,1001000,22000,979000,104000,0,104000,1442000
058312,大毅國泰9B購01  ,0,0,0,0,0,0,0,0,0,1429000,0,0,0,1552000,123000,1429000,1429000
2606,裕民            ,1597000,172000,1425000,0,0,0,0,0,0,-2000,2000,7000,-5000,3000,0,3000,1423000
00664R,國泰臺灣加權反1 ,0,0,0,0,0,0,0,0,0,1409000,0,0,0,2501000,1092000,1409000,1409000
2347,聯強            ,2469000,1804195,664805,0,0,0,508000,1000,507000,208000,691000,436000,255000,0,47000,-47000,1379805
2834,臺企銀          ,4804927,3301910,1503017,0,0,0,0,0,0,-153000,16000,4000,12000,0,165000,-165000,1350017
052044,華通凱基97購01  ,30000,0,30000,0,0,0,0,0,0,1314000,0,0,0,1314000,0,1314000,1344000
00850,元大臺灣ESG永續 ,540000,1000,539000,0,0,0,0,0,0,772000,0,0,0,1121000,349000,772000,1311000
3576,聯合再生        ,1761000,474153,1286847,0,0,0,0,0,0,0,0,0,0,0,0,0,1286847
1216,統一            ,5488008,4206921,1281087,0,0,0,0,0,0,2000,2000,0,2000,0,0,0,1283087
4956,光鋐            ,2904000,1663000,1241000,0,0,0,0,0,0,-1000,0,1000,-1000,0,0,0,1240000
4958,臻鼎-KY         ,1929000,2679000,-750000,0,0,0,1305000,1000,1304000,673000,710000,19000,691000,56000,74000,-18000,1227000
2880,華南金          ,3150344,1909604,1240740,0,0,0,0,0,0,-28000,0,28000,-28000,0,0,0,1212740
1515,力山            ,1418000,169000,1249000,0,0,0,46000,0,46000,-83000,26000,118000,-92000,45000,36000,9000,1212000
1905,華紙            ,1251000,49000,1202000,0,0,0,0,0,0,9000,9000,0,9000,0,0,0,1211000
1434,福懋            ,1712544,547000,1165544,0,0,0,0,0,0,4000,4000,0,4000,0,0,0,1169544
2610,華航            ,1713000,578000,1135000,0,0,0,0,0,0,32000,13000,0,13000,19000,0,19000,1167000
2883,開發金          ,9603488,8564426,1039062,0,0,0,17979,0,17979,88000,2000,0,2000,204000,118000,86000,1145041
053082,聯電元大98購03  ,0,0,0,0,0,0,0,0,0,1142000,0,0,0,1142000,0,1142000,1142000
1760,寶齡富錦        ,2540000,1219000,1321000,0,0,0,0,183000,-183000,0,0,0,0,0,0,0,1138000
058216,TPK群益99購01   ,0,0,0,0,0,0,0,0,0,1133000,0,0,0,1381000,248000,1133000,1133000
06879P,長榮航凱基98售02,0,0,0,0,0,0,0,0,0,1132000,0,0,0,1132000,0,1132000,1132000
061796,興勤永豐9B購01  ,0,0,0,0,0,0,0,0,0,1109000,0,0,0,1109000,0,1109000,1109000
2520,冠德            ,1959000,896000,1063000,0,0,0,35000,0,35000,4000,5000,0,5000,0,1000,-1000,1102000
6116,彩晶            ,2535000,1323000,1212000,0,0,0,0,0,0,-115000,3000,10000,-7000,42000,150000,-108000,1097000
2357,華碩            ,1210820,468770,742050,0,0,0,152000,0,152000,202000,315000,107000,208000,0,6000,-6000,1096050
057207,立積元富98購02  ,0,0,0,0,0,0,0,0,0,1095000,0,0,0,1193000,98000,1095000,1095000
07648P,祥碩國票9B售01  ,0,0,0,0,0,0,0,0,0,1079000,0,0,0,1266000,187000,1079000,1079000
063237,微星元大9B購02  ,0,0,0,0,0,0,0,0,0,1056000,0,0,0,1200000,144000,1056000,1056000
053033,智易兆豐97購01  ,0,0,0,0,0,0,0,0,0,1030000,0,0,0,1030000,0,1030000,1030000
058836,FBVIX中信03購05 ,0,0,0,0,0,0,0,0,0,1021000,0,0,0,1054000,33000,1021000,1021000
2312,金寶            ,1419000,457000,962000,0,0,0,0,0,0,48000,1000,0,1000,47000,0,47000,1010000
1909,榮成            ,1300000,483000,817000,0,0,0,200000,0,200000,-7000,21000,28000,-7000,0,0,0,1010000
057717,友訊元富98購02  ,0,0,0,0,0,0,0,0,0,1002000,0,0,0,1100000,98000,1002000,1002000
053691,聯發科元大96購16,0,0,0,0,0,0,0,0,0,991000,0,0,0,991000,0,991000,991000
07459P,緯穎元大9A售01  ,0,0,0,0,0,0,0,0,0,989000,0,0,0,1139000,150000,989000,989000
062747,立積永豐9B購01  ,0,0,0,0,0,0,0,0,0,989000,0,0,0,989000,0,989000,989000
3049,和鑫            ,1605000,641000,964000,0,0,0,0,0,0,19000,1000,0,1000,18000,0,18000,983000
062542,南電國泰9C購01  ,0,0,0,0,0,0,0,0,0,981000,0,0,0,1135000,154000,981000,981000
5521,工信            ,1039000,64000,975000,0,0,0,0,0,0,3000,3000,0,3000,0,0,0,978000
063135,國巨統一9B購16  ,0,0,0,0,0,0,0,0,0,955000,0,0,0,1160000,205000,955000,955000
051787,燿華國票96購02  ,0,0,0,0,0,0,0,0,0,950000,0,0,0,950000,0,950000,950000
062850,友訊永豐9B購01  ,0,0,0,0,0,0,0,0,0,947000,0,0,0,947000,0,947000,947000
063441,台達電統一9C購01,0,0,0,0,0,0,0,0,0,939000,0,0,0,1344000,405000,939000,939000
055245,凱美統一99購01  ,0,0,0,0,0,0,0,0,0,935000,0,0,0,941000,6000,935000,935000
2352,佳世達          ,1201000,283000,918000,0,0,0,0,6000,-6000,11000,11000,0,11000,0,0,0,923000
4133,亞諾法          ,2610000,1693000,917000,0,0,0,0,0,0,0,0,0,0,0,0,0,917000
062528,全新統一9C購01  ,0,0,0,0,0,0,0,0,0,913000,0,0,0,913000,0,913000,913000
055639,上銀元富97購02  ,0,0,0,0,0,0,0,0,0,901000,0,0,0,968000,67000,901000,901000
063181,聚陽凱基9B購01  ,0,0,0,0,0,0,0,0,0,894000,0,0,0,924000,30000,894000,894000
00639,富邦深100       ,80000,0,80000,0,0,0,0,0,0,812000,190000,0,190000,1774000,1152000,622000,892000
1309,台達化          ,1838000,940000,898000,0,0,0,0,12000,-12000,3000,3000,0,3000,0,0,0,889000
060034,立積永豐99購04  ,0,0,0,0,0,0,0,0,0,889000,0,0,0,1186000,297000,889000,889000
063257,牧德國泰01購01  ,0,0,0,0,0,0,0,0,0,868000,0,0,0,987000,119000,868000,868000
061024,南電國泰9B購01  ,0,0,0,0,0,0,0,0,0,864000,0,0,0,1423000,559000,864000,864000
2867,三商壽          ,1048000,179000,869000,0,0,0,0,7000,-7000,1000,1000,0,1000,0,0,0,863000
4938,和碩            ,2067108,2765000,-697892,0,0,0,856000,2000,854000,699000,723000,8000,715000,47000,63000,-16000,855108
057780,台郡群益98購02  ,0,0,0,0,0,0,0,0,0,846000,0,0,0,881000,35000,846000,846000
063075,祥碩永豐9B購04  ,0,0,0,0,0,0,0,0,0,834000,0,0,0,953000,119000,834000,834000
058428,大立光元富99購02,0,0,0,0,0,0,0,0,0,830000,0,0,0,924000,94000,830000,830000
062882,新日興兆豐9C購01,0,0,0,0,0,0,0,0,0,821000,0,0,0,890000,69000,821000,821000
056584,鴻海統一9B購01  ,0,0,0,0,0,0,0,0,0,815000,0,0,0,1962000,1147000,815000,815000
059849,興勤永豐99購01  ,0,0,0,0,0,0,0,0,0,815000,0,0,0,815000,0,815000,815000
4915,致伸            ,1401000,876000,525000,0,0,0,280000,0,280000,0,0,0,0,117000,117000,0,805000
060234,凱美元大9C購01  ,0,0,0,0,0,0,0,0,0,799000,0,0,0,1265000,466000,799000,799000
3090,日電貿          ,866000,199000,667000,0,0,0,0,0,0,130000,1000,1000,0,260000,130000,130000,797000
00651R,FH香港反1       ,78000,28000,50000,0,0,0,0,0,0,745000,0,0,0,2473000,1728000,745000,795000
057568,友訊永豐99購01  ,0,0,0,0,0,0,0,0,0,793000,0,0,0,793000,0,793000,793000
058516,健鼎元大99購02  ,0,0,0,0,0,0,0,0,0,792000,0,0,0,850000,58000,792000,792000
3450,聯鈞            ,1254000,459000,795000,0,0,0,19000,0,19000,-31000,40000,0,40000,99000,170000,-71000,783000
061151,友訊群益9A購01  ,0,0,0,0,0,0,0,0,0,776000,0,0,0,796000,20000,776000,776000
00640L,富邦日本正2     ,0,0,0,0,0,0,0,0,0,775000,0,0,0,1174000,399000,775000,775000
047564,滬深2X國票99購01,0,0,0,0,0,0,0,0,0,763000,0,0,0,973000,210000,763000,763000
06674P,祥碩群益98售02  ,0,0,0,0,0,0,0,0,0,757000,0,0,0,795000,38000,757000,757000
00631L,元大台灣50正2   ,1064000,759000,305000,0,0,0,0,0,0,452000,16000,205000,-189000,1393000,752000,641000,757000
00648R,元大S&P500反1   ,0,0,0,0,0,0,0,0,0,754000,0,0,0,1042000,288000,754000,754000
3030,德律            ,1072000,310000,762000,0,0,0,0,0,0,-21000,0,21000,-21000,0,0,0,741000
052869,新日興凱基96購01,0,0,0,0,0,0,0,0,0,734000,0,0,0,734000,0,734000,734000
055896,南電統一97購02  ,0,0,0,0,0,0,0,0,0,732000,0,0,0,1070000,338000,732000,732000
060654,大毅群益9B購01  ,0,0,0,0,0,0,0,0,0,731000,0,0,0,759000,28000,731000,731000
061187,瀚宇博國泰9C購01,0,0,0,0,0,0,0,0,0,731000,0,0,0,785000,54000,731000,731000
062748,祥碩永豐9B購02  ,0,0,0,0,0,0,0,0,0,728000,0,0,0,744000,16000,728000,728000
6191,精成科          ,1002000,286000,716000,0,0,0,0,0,0,7000,21000,14000,7000,0,0,0,723000
058515,健鼎元大99購01  ,0,0,0,0,0,0,0,0,0,707000,0,0,0,770000,63000,707000,707000
061186,牧德國泰9C購01  ,0,0,0,0,0,0,0,0,0,707000,0,0,0,1126000,419000,707000,707000
054992,南亞科元富97購02,0,0,0,0,0,0,0,0,0,705000,0,0,0,705000,0,705000,705000
062541,臻鼎國泰01購01  ,0,0,0,0,0,0,0,0,0,704000,0,0,0,946000,242000,704000,704000
061416,聯茂群益9A購01  ,0,0,0,0,0,0,0,0,0,702000,0,0,0,714000,12000,702000,702000
052153,GIS富邦96購02   ,0,0,0,0,0,0,0,0,0,700000,0,0,0,700000,0,700000,700000
062766,台郡凱基9B購02  ,0,0,0,0,0,0,0,0,0,692000,0,0,0,790000,98000,692000,692000
062981,祥碩元富9B購01  ,0,0,0,0,0,0,0,0,0,689000,0,0,0,878000,189000,689000,689000
054894,GIS統一97購01   ,0,0,0,0,0,0,0,0,0,688000,0,0,0,1836000,1148000,688000,688000
055174,精元統一97購01  ,0,0,0,0,0,0,0,0,0,688000,0,0,0,755000,67000,688000,688000
056671,台灣50元富9A購01,0,0,0,0,0,0,0,0,0,686000,0,0,0,686000,0,686000,686000
050496,鴻海富邦96購01  ,0,0,0,0,0,0,0,0,0,685000,0,0,0,685000,0,685000,685000
3702,大聯大          ,1373108,624000,749108,0,0,0,0,4000,-4000,-62000,32000,40000,-8000,0,54000,-54000,683108
057609,友訊元富98購01  ,0,0,0,0,0,0,0,0,0,682000,0,0,0,800000,118000,682000,682000
060937,T50反1國票9A購10,0,0,0,0,0,0,0,0,0,680000,0,0,0,1010000,330000,680000,680000
058741,欣興日盛99購01  ,0,0,0,0,0,0,0,0,0,678000,0,0,0,680000,2000,678000,678000
062408,致新永豐9B購01  ,0,0,0,0,0,0,0,0,0,678000,0,0,0,792000,114000,678000,678000
2201,裕隆            ,1306000,435000,871000,0,0,0,0,0,0,-194000,4000,0,4000,19000,217000,-198000,677000
2603,長榮            ,3139000,5307382,-2168382,0,0,0,1600000,0,1600000,1245000,1545000,120000,1425000,0,180000,-180000,676618
058972,新日興永豐9A購01,0,0,0,0,0,0,0,0,0,673000,0,0,0,926000,253000,673000,673000
062808,祥碩統一9C購01  ,0,0,0,0,0,0,0,0,0,672000,0,0,0,2170000,1498000,672000,672000
058327,大毅統一9B購01  ,0,0,0,0,0,0,0,0,0,668000,0,0,0,1844000,1176000,668000,668000
050660,欣興元大96購02  ,0,0,0,0,0,0,0,0,0,665000,0,0,0,665000,0,665000,665000
9933,中鼎            ,7770000,7113000,657000,0,0,0,0,0,0,1000,2000,1000,1000,0,0,0,658000
056241,緯創群益97購01  ,0,0,0,0,0,0,0,0,0,653000,0,0,0,772000,119000,653000,653000
058788,喬山元大99購01  ,0,0,0,0,0,0,0,0,0,651000,0,0,0,661000,10000,651000,651000
063454,瑞儀統一9B購01  ,0,0,0,0,0,0,0,0,0,644000,0,0,0,934000,290000,644000,644000
058379,臺股指凱基99購14,0,0,0,0,0,0,0,0,0,639000,0,0,0,688000,49000,639000,639000
062126,創意統一9B購01  ,0,0,0,0,0,0,0,0,0,634000,0,0,0,840000,206000,634000,634000
063536,美食統一01購01  ,0,0,0,0,0,0,0,0,0,629000,0,0,0,838000,209000,629000,629000
1789,神隆            ,990000,347000,643000,0,0,0,0,0,0,-15000,1000,0,1000,5000,21000,-16000,628000
063227,祥碩群益9B購06  ,0,0,0,0,0,0,0,0,0,624000,0,0,0,725000,101000,624000,624000
060700,華新科國泰9C購01,0,0,0,0,0,0,0,0,0,622000,0,0,0,691000,69000,622000,622000
061451,南電中信9A購03  ,0,0,0,0,0,0,0,0,0,620000,0,0,0,886000,266000,620000,620000
2340,光磊            ,762000,147000,615000,0,0,0,0,0,0,1000,5000,0,5000,37000,41000,-4000,616000
060561,台積電富邦04購01,0,0,0,0,0,0,0,0,0,616000,0,0,0,646000,30000,616000,616000
3048,益登            ,775000,157000,618000,0,0,0,0,0,0,-6000,5000,11000,-6000,0,0,0,612000
058721,立積元富9C購01  ,0,0,0,0,0,0,0,0,0,610000,0,0,0,1270000,660000,610000,610000
055796,南電國泰98購01  ,0,0,0,0,0,0,0,0,0,607000,0,0,0,644000,37000,607000,607000
051259,鴻海永昌96購03  ,0,0,0,0,0,0,0,0,0,604000,0,0,0,604000,0,604000,604000
06891P,緯穎富邦99售03  ,0,0,0,0,0,0,0,0,0,604000,0,0,0,604000,0,604000,604000
2812,台中銀          ,797000,181000,616000,0,0,0,0,57000,-57000,36000,36000,0,36000,0,0,0,595000
059101,康控統一9A購01  ,0,0,0,0,0,0,0,0,0,586000,0,0,0,981000,395000,586000,586000
058497,新日興群益9B購01,0,0,0,0,0,0,0,0,0,586000,0,0,0,727000,141000,586000,586000
5876,上海商銀        ,1978684,1477000,501684,0,0,0,0,0,0,80000,21000,0,21000,69000,10000,59000,581684
063149,聯發科元富05購02,0,0,0,0,0,0,0,0,0,580000,0,0,0,580000,0,580000,580000
061157,聯鈞群益9A購02  ,0,0,0,0,0,0,0,0,0,579000,0,0,0,832000,253000,579000,579000
061808,聯發科統一01購02,0,0,0,0,0,0,0,0,0,578000,0,0,0,632000,54000,578000,578000
2481,強茂            ,2436000,2525000,-89000,0,0,0,533000,144000,389000,277000,799000,582000,217000,147000,87000,60000,577000
061772,健策元大9B購06  ,0,0,0,0,0,0,0,0,0,574000,0,0,0,597000,23000,574000,574000
061042,致新永豐9A購02  ,0,0,0,0,0,0,0,0,0,573000,0,0,0,613000,40000,573000,573000
056724,臻鼎中信9A購01  ,0,0,0,0,0,0,0,0,0,571000,0,0,0,708000,137000,571000,571000
058139,臻鼎元大99購01  ,0,0,0,0,0,0,0,0,0,568000,0,0,0,572000,4000,568000,568000
063347,祥碩統一01購03  ,0,0,0,0,0,0,0,0,0,567000,0,0,0,853000,286000,567000,567000
058926,勤誠元富99購01  ,0,0,0,0,0,0,0,0,0,566000,0,0,0,667000,101000,566000,566000
057931,正崴群益98購02  ,0,0,0,0,0,0,0,0,0,566000,0,0,0,576000,10000,566000,566000
020012,富邦行動通訊N   ,0,0,0,0,0,0,0,0,0,562000,0,0,0,569000,7000,562000,562000
3034,聯詠            ,828228,808668,19560,0,0,0,185000,0,185000,356000,376000,60000,316000,60000,20000,40000,560560
060946,世紀鋼國票9A購02,0,0,0,0,0,0,0,0,0,560000,0,0,0,726000,166000,560000,560000
062647,南電國泰9C購02  ,0,0,0,0,0,0,0,0,0,560000,0,0,0,920000,360000,560000,560000
056232,瑞儀凱基98購01  ,0,0,0,0,0,0,0,0,0,555000,0,0,0,625000,70000,555000,555000
060628,和大富邦9B購01  ,0,0,0,0,0,0,0,0,0,546000,0,0,0,694000,148000,546000,546000
057206,立積元富98購01  ,0,0,0,0,0,0,0,0,0,540000,0,0,0,899000,359000,540000,540000
058771,神達兆豐99購01  ,0,0,0,0,0,0,0,0,0,536000,0,0,0,607000,71000,536000,536000
2301,光寶科          ,2405648,3089931,-684283,0,0,0,750000,2000,748000,470000,502000,0,502000,1000,33000,-32000,533717
063453,創意統一9C購01  ,0,0,0,0,0,0,0,0,0,532000,0,0,0,532000,0,532000,532000
058957,貿聯國票9A購01  ,0,0,0,0,0,0,0,0,0,530000,0,0,0,533000,3000,530000,530000
062855,嘉澤永豐9B購02  ,0,0,0,0,0,0,0,0,0,528000,0,0,0,550000,22000,528000,528000
3029,零壹            ,589000,61000,528000,0,0,0,0,0,0,-2000,0,2000,-2000,0,0,0,526000
00708L,元大S&P黃金正2  ,0,0,0,0,0,0,0,0,0,526000,0,0,0,1104000,578000,526000,526000
063133,喬山統一01購01  ,0,0,0,0,0,0,0,0,0,526000,0,0,0,554000,28000,526000,526000
058120,台灣50國票99購03,0,0,0,0,0,0,0,0,0,525000,0,0,0,525000,0,525000,525000
059281,創意永豐99購02  ,0,0,0,0,0,0,0,0,0,525000,0,0,0,642000,117000,525000,525000
062719,微星凱基9B購01  ,0,0,0,0,0,0,0,0,0,525000,0,0,0,525000,0,525000,525000
062121,奇鋐台新9B購01  ,0,0,0,0,0,0,0,0,0,524000,0,0,0,524000,0,524000,524000
2385,群光            ,1266628,714927,551701,0,0,0,0,0,0,-33000,7000,0,7000,0,40000,-40000,518701
061418,世紀鋼群益9A購02,0,0,0,0,0,0,0,0,0,518000,0,0,0,813000,295000,518000,518000
062486,瑞昱富邦9B購01  ,0,0,0,0,0,0,0,0,0,517000,0,0,0,951000,434000,517000,517000
8213,志超            ,870000,337000,533000,0,0,0,0,6000,-6000,-14000,0,0,0,28000,42000,-14000,513000
059256,臺股指凱基99購34,0,0,0,0,0,0,0,0,0,509000,0,0,0,559000,50000,509000,509000
058270,上緯控永豐99購01,0,0,0,0,0,0,0,0,0,508000,0,0,0,592000,84000,508000,508000
07677P,祥碩永豐9A售01  ,0,0,0,0,0,0,0,0,0,507000,0,0,0,556000,49000,507000,507000
056693,國產群益98購01  ,0,0,0,0,0,0,0,0,0,507000,0,0,0,605000,98000,507000,507000
058819,華通國泰9B購01  ,0,0,0,0,0,0,0,0,0,506000,0,0,0,665000,159000,506000,506000
058854,樺漢群益9B購01  ,0,0,0,0,0,0,0,0,0,505000,0,0,0,1192000,687000,505000,505000
055257,景碩統一97購01  ,0,0,0,0,0,0,0,0,0,503000,0,0,0,837000,334000,503000,503000
063112,祥碩兆豐9B購01  ,0,0,0,0,0,0,0,0,0,503000,0,0,0,511000,8000,503000,503000
058054,台積電統一9C購01,0,0,0,0,0,0,0,0,0,501000,0,0,0,739000,238000,501000,501000
057154,易華電國泰99購01,0,0,0,0,0,0,0,0,0,500000,0,0,0,500000,0,500000,500000
055679,華通凱基99購01  ,0,0,0,0,0,0,0,0,0,499000,0,0,0,509000,10000,499000,499000
062201,臺指反國票9B購05,0,0,0,0,0,0,0,0,0,499000,0,0,0,499000,0,499000,499000
055813,聯發科國票98購04,0,0,0,0,0,0,0,0,0,496000,0,0,0,496000,0,496000,496000
063449,全新統一9B購02  ,0,0,0,0,0,0,0,0,0,495000,0,0,0,1086000,591000,495000,495000
062702,可成元大9C購01  ,0,0,0,0,0,0,0,0,0,493000,0,0,0,516000,23000,493000,493000
054740,強茂凱基99購01  ,0,0,0,0,0,0,0,0,0,490000,0,0,0,490000,0,490000,490000
056059,美律元大98購02  ,0,1000,-1000,0,0,0,0,0,0,491000,0,0,0,491000,0,491000,490000
062069,喬山元大9B購01  ,0,0,0,0,0,0,0,0,0,490000,0,0,0,592000,102000,490000,490000
060232,友訊元大9C購01  ,0,0,0,0,0,0,0,0,0,488000,0,0,0,513000,25000,488000,488000
00701,國泰股利精選30  ,10000,0,10000,0,0,0,0,0,0,474000,0,0,0,783000,309000,474000,484000
057887,智原群益98購04  ,0,0,0,0,0,0,0,0,0,482000,0,0,0,532000,50000,482000,482000
062807,和碩統一9B購01  ,0,0,0,0,0,0,0,0,0,482000,0,0,0,630000,148000,482000,482000
063344,臺企銀統一9C購01,0,0,0,0,0,0,0,0,0,477000,0,0,0,477000,0,477000,477000
059039,致伸群益99購01  ,0,0,0,0,0,0,0,0,0,477000,0,0,0,547000,70000,477000,477000
061372,世紀鋼國泰9C購01,0,0,0,0,0,0,0,0,0,477000,0,0,0,912000,435000,477000,477000
058996,台達電元大99購02,0,0,0,0,0,0,0,0,0,475000,0,0,0,712000,237000,475000,475000
062834,立積群益9B購02  ,0,0,0,0,0,0,0,0,0,475000,0,0,0,685000,210000,475000,475000
00670L,富邦NASDAQ正2   ,280000,29000,251000,0,0,0,0,0,0,221000,57000,0,57000,285000,121000,164000,472000
052986,聯發科元大97購05,0,0,0,0,0,0,0,0,0,471000,0,0,0,834000,363000,471000,471000
059350,樺漢凱基9A購01  ,0,0,0,0,0,0,0,0,0,470000,0,0,0,679000,209000,470000,470000
2006,東和鋼鐵        ,625000,156000,469000,0,0,0,0,0,0,-1000,1000,2000,-1000,0,0,0,468000
058429,欣興元富99購01  ,0,0,0,0,0,0,0,0,0,468000,0,0,0,479000,11000,468000,468000
056939,康控元富98購01  ,0,0,0,0,0,0,0,0,0,467000,0,0,0,682000,215000,467000,467000
062976,嘉澤元富9B購01  ,0,0,0,0,0,0,0,0,0,466000,0,0,0,479000,13000,466000,466000
061996,矽格元大9B購01  ,0,0,0,0,0,0,0,0,0,465000,0,0,0,692000,227000,465000,465000
057725,台達電國泰9A購01,0,0,0,0,0,0,0,0,0,463000,0,0,0,463000,0,463000,463000
056477,欣興元大98購02  ,0,0,0,0,0,0,0,0,0,458000,0,0,0,468000,10000,458000,458000
063452,創意統一01購01  ,0,0,0,0,0,0,0,0,0,457000,0,0,0,477000,20000,457000,457000
061667,友達中信9A購02  ,0,0,0,0,0,0,0,0,0,457000,0,0,0,515000,58000,457000,457000
059519,台郡永豐99購01  ,0,0,0,0,0,0,0,0,0,456000,0,0,0,484000,28000,456000,456000
062980,康控元富9B購01  ,0,0,0,0,0,0,0,0,0,456000,0,0,0,781000,325000,456000,456000
07719P,臺股指群益9A售08,0,0,0,0,0,0,0,0,0,455000,0,0,0,536000,81000,455000,455000
062837,復盛群益9B購01  ,0,0,0,0,0,0,0,0,0,455000,0,0,0,518000,63000,455000,455000
059307,T50反1元大99購06,0,0,0,0,0,0,0,0,0,454000,0,0,0,509000,55000,454000,454000
057158,義隆永豐99購01  ,0,0,0,0,0,0,0,0,0,453000,0,0,0,493000,40000,453000,453000
056492,全新國泰9A購01  ,0,0,0,0,0,0,0,0,0,452000,0,0,0,457000,5000,452000,452000
06102P,智邦凱基97售03  ,0,0,0,0,0,0,0,0,0,450000,0,0,0,450000,0,450000,450000
063143,嘉澤統一9B購02  ,0,0,0,0,0,0,0,0,0,447000,0,0,0,691000,244000,447000,447000
057110,立積群益98購01  ,0,0,0,0,0,0,0,0,0,446000,0,0,0,563000,117000,446000,446000
058761,欣興群益99購02  ,0,0,0,0,0,0,0,0,0,446000,0,0,0,561000,115000,446000,446000
063054,健鼎統一01購01  ,0,0,0,0,0,0,0,0,0,444000,0,0,0,1361000,917000,444000,444000
062348,聯發科群益9B購06,0,0,0,0,0,0,0,0,0,443000,0,0,0,534000,91000,443000,443000
056398,南茂永豐98購01  ,0,0,0,0,0,0,0,0,0,440000,0,0,0,795000,355000,440000,440000
06668P,祥碩凱基98售02  ,0,0,0,0,0,0,0,0,0,435000,0,0,0,795000,360000,435000,435000
062712,晶技麥證9B購02  ,0,0,0,435000,0,435000,0,0,0,435000,0,0,0,435000,0,435000,435000
053932,華新科統一96購03,0,0,0,0,0,0,0,0,0,431000,0,0,0,437000,6000,431000,431000
057151,易華電國票99購01,0,0,0,0,0,0,0,0,0,431000,0,0,0,431000,0,431000,431000
061304,創意永豐9A購02  ,0,0,0,0,0,0,0,0,0,431000,0,0,0,435000,4000,431000,431000
061951,南電群益9B購01  ,0,0,0,0,0,0,0,0,0,430000,0,0,0,482000,52000,430000,430000
061768,晶技元大9B購02  ,0,0,0,0,0,0,0,0,0,426000,0,0,0,428000,2000,426000,426000
063581,同欣電國泰9C購01,0,0,0,0,0,0,0,0,0,424000,0,0,0,466000,42000,424000,424000
055244,國巨統一98購01  ,0,0,0,0,0,0,0,0,0,423000,0,0,0,437000,14000,423000,423000
00752,中信中國50      ,0,0,0,0,0,0,0,0,0,422000,0,0,0,880000,458000,422000,422000
057085,立積統一9B購02  ,0,0,0,0,0,0,0,0,0,422000,0,0,0,771000,349000,422000,422000
058733,同欣電永豐99購02,0,0,0,0,0,0,0,0,0,421000,0,0,0,446000,25000,421000,421000
063488,金像電國泰01購01,0,0,0,0,0,0,0,0,0,420000,0,0,0,480000,60000,420000,420000
5264,鎧勝-KY         ,1463000,1529000,-66000,0,0,0,230000,0,230000,251000,98000,0,98000,181000,28000,153000,415000
8215,明基材          ,499000,88000,411000,0,0,0,0,0,0,0,0,0,0,0,0,0,411000
057616,聯電凱基99購01  ,0,0,0,0,0,0,0,0,0,411000,0,0,0,417000,6000,411000,411000
2103,台橡            ,534000,127000,407000,0,0,0,0,0,0,2000,2000,0,2000,0,0,0,409000
050227,大立光中信96購01,0,0,0,0,0,0,0,0,0,409000,0,0,0,420000,11000,409000,409000
059607,台積電富邦9C購04,0,0,0,0,0,0,0,0,0,409000,0,0,0,766000,357000,409000,409000
057969,緯穎國泰99購01  ,0,0,0,0,0,0,0,0,0,409000,0,0,0,458000,49000,409000,409000
056860,正崴群益98購01  ,0,0,0,0,0,0,0,0,0,409000,0,0,0,423000,14000,409000,409000
3682,亞太電          ,900000,492000,408000,0,0,0,0,0,0,0,0,0,0,0,0,0,408000
063207,聯茂統一01購01  ,0,0,0,0,0,0,0,0,0,408000,0,0,0,441000,33000,408000,408000
062295,康友永豐9B購01  ,0,0,0,0,0,0,0,0,0,406000,0,0,0,536000,130000,406000,406000
056068,欣興元大97購05  ,0,0,0,0,0,0,0,0,0,405000,0,0,0,430000,25000,405000,405000
062955,立積永豐9B購02  ,0,0,0,0,0,0,0,0,0,404000,0,0,0,655000,251000,404000,404000
062686,群創統一9C購03  ,0,0,0,0,0,0,0,0,0,404000,0,0,0,449000,45000,404000,404000
2889,國票金          ,648971,278000,370971,0,0,0,31000,0,31000,0,0,0,0,0,0,0,401971
060557,南電凱基9A購02  ,0,0,0,0,0,0,0,0,0,401000,0,0,0,531000,130000,401000,401000
061373,華通富邦9A購02  ,0,0,0,0,0,0,0,0,0,401000,0,0,0,735000,334000,401000,401000
07798P,同欣電國票9A售01,0,0,0,0,0,0,0,0,0,400000,0,0,0,400000,0,400000,400000
056114,台達電群益97購02,0,0,0,0,0,0,0,0,0,400000,0,0,0,498000,98000,400000,400000
05493P,華新科富邦99售02,0,0,0,0,0,0,0,0,0,400000,0,0,0,400000,0,400000,400000
055846,大立光元大97購09,0,0,0,0,0,0,0,0,0,400000,0,0,0,400000,0,400000,400000
054365,遠東新中信96購01,0,0,0,0,0,0,0,0,0,400000,0,0,0,400000,0,400000,400000
056989,鴻海兆豐98購02  ,0,0,0,0,0,0,0,0,0,400000,0,0,0,400000,0,400000,400000
061241,晶技兆豐9A購01  ,0,0,0,0,0,0,0,0,0,400000,0,0,0,475000,75000,400000,400000
062062,貿聯統一01購01  ,0,0,0,0,0,0,0,0,0,400000,0,0,0,602000,202000,400000,400000
9921,巨大            ,813000,248000,565000,0,0,0,0,150000,-150000,-16000,8000,3000,5000,5000,26000,-21000,399000
060398,立積國票9B購01  ,0,0,0,0,0,0,0,0,0,398000,0,0,0,403000,5000,398000,398000
060186,義隆元富9A購01  ,0,0,0,0,0,0,0,0,0,397000,0,0,0,423000,26000,397000,397000
062886,中興電群益9B購01,0,0,0,0,0,0,0,0,0,394000,0,0,0,492000,98000,394000,394000
057972,群創富邦9C購01  ,0,0,0,0,0,0,0,0,0,393000,0,0,0,499000,106000,393000,393000
062034,同欣電群益9B購01,0,0,0,0,0,0,0,0,0,392000,0,0,0,398000,6000,392000,392000
063432,金寶元富9B購01  ,0,0,0,0,0,0,0,0,0,391000,0,0,0,627000,236000,391000,391000
060189,宏達電元富9B購03,0,0,0,0,0,0,0,0,0,391000,0,0,0,391000,0,391000,391000
060851,國巨國泰9C購01  ,0,0,0,0,0,0,0,0,0,391000,0,0,0,616000,225000,391000,391000
058007,南電群益98購02  ,0,0,0,0,0,0,0,0,0,389000,0,0,0,459000,70000,389000,389000
060123,光罩永豐99購02  ,0,0,0,0,0,0,0,0,0,389000,0,0,0,422000,33000,389000,389000
061183,友達國泰9B購02  ,0,0,0,0,0,0,0,0,0,386000,0,0,0,408000,22000,386000,386000
057283,欣興元大98購07  ,0,0,0,0,0,0,0,0,0,385000,0,0,0,408000,23000,385000,385000
059932,世紀鋼富邦9A購02,0,0,0,0,0,0,0,0,0,385000,0,0,0,431000,46000,385000,385000
2369,菱生            ,885000,501000,384000,0,0,0,0,0,0,0,0,0,0,0,0,0,384000
055259,玉晶光統一9A購01,0,0,0,0,0,0,0,0,0,384000,0,0,0,561000,177000,384000,384000
060058,牧德凱基9B購01  ,0,0,0,0,0,0,0,0,0,384000,0,0,0,386000,2000,384000,384000
061574,大毅元大9B購01  ,0,0,0,0,0,0,0,0,0,383000,0,0,0,388000,5000,383000,383000
054826,復盛元大9A購01  ,0,0,0,0,0,0,0,0,0,382000,0,0,0,480000,98000,382000,382000
059293,宏達電元富9B購01,0,0,0,0,0,0,0,0,0,381000,0,0,0,401000,20000,381000,381000
063137,瑞昱統一01購02  ,0,0,0,0,0,0,0,0,0,380000,0,0,0,380000,0,380000,380000
062425,可成統一01購01  ,0,0,0,0,0,0,0,0,0,379000,0,0,0,389000,10000,379000,379000
061696,南茂群益9A購01  ,0,0,0,0,0,0,0,0,0,379000,0,0,0,634000,255000,379000,379000
054585,禾伸堂國泰99購01,0,0,0,0,0,0,0,0,0,377000,0,0,0,382000,5000,377000,377000
055196,致新元富97購01  ,0,0,0,0,0,0,0,0,0,377000,0,0,0,431000,54000,377000,377000
060528,友達中信9C購01  ,0,0,0,0,0,0,0,0,0,377000,0,0,0,407000,30000,377000,377000
062019,嘉澤永豐9B購01  ,0,0,0,0,0,0,0,0,0,377000,0,0,0,394000,17000,377000,377000
3016,嘉晶            ,1579000,1240000,339000,0,0,0,0,0,0,36000,2000,22000,-20000,129000,73000,56000,375000
056949,義隆統一98購01  ,0,0,0,0,0,0,0,0,0,375000,0,0,0,375000,0,375000,375000
07303P,臺股指元大9A售36,0,0,0,0,0,0,0,0,0,374000,0,0,0,399000,25000,374000,374000
058762,貿聯群益99購03  ,0,0,0,0,0,0,0,0,0,371000,0,0,0,518000,147000,371000,371000
060155,友訊永豐9A購01  ,0,0,0,0,0,0,0,0,0,370000,0,0,0,370000,0,370000,370000
062028,晶技群益9B購01  ,0,0,0,0,0,0,0,0,0,370000,0,0,0,428000,58000,370000,370000
057582,亞光中信9A購02  ,0,0,0,0,0,0,0,0,0,369000,0,0,0,721000,352000,369000,369000
062060,奇鋐統一9C購01  ,0,0,0,0,0,0,0,0,0,369000,0,0,0,369000,0,369000,369000
060259,潤泰全凱基9C購01,0,0,0,0,0,0,0,0,0,368000,0,0,0,418000,50000,368000,368000
053865,欣興元大97購02  ,0,0,0,0,0,0,0,0,0,367000,0,0,0,368000,1000,367000,367000
060746,玉晶光國票9B購02,0,0,0,0,0,0,0,0,0,367000,0,0,0,662000,295000,367000,367000
062205,奇力新國票9C購01,0,0,0,0,0,0,0,0,0,366000,0,0,0,366000,0,366000,366000
059836,大立光國泰9B購02,0,0,0,0,0,0,0,0,0,365000,0,0,0,459000,94000,365000,365000
062485,華通國泰01購01  ,0,0,0,0,0,0,0,0,0,364000,0,0,0,446000,82000,364000,364000
063281,京元電元大9B購01,0,0,0,0,0,0,0,0,0,364000,0,0,0,434000,70000,364000,364000
6278,台表科          ,1020000,1180783,-160783,0,0,0,434000,217000,217000,307000,291000,20000,271000,80000,44000,36000,363217
054908,群電康和97購01  ,0,0,0,0,0,0,0,0,0,363000,0,0,0,386000,23000,363000,363000
4967,十銓            ,1099000,736000,363000,0,0,0,0,0,0,-1000,0,1000,-1000,0,0,0,362000
063311,喬山群益9B購01  ,0,0,0,0,0,0,0,0,0,361000,0,0,0,361000,0,361000,361000
060033,臻鼎永豐99購01  ,0,0,0,0,0,0,0,0,0,360000,0,0,0,418000,58000,360000,360000
063434,和潤元富9B購01  ,0,0,0,0,0,0,0,0,0,359000,0,0,0,359000,0,359000,359000
063322,台郡群益9B購02  ,0,0,0,0,0,0,0,0,0,358000,0,0,0,776000,418000,358000,358000
055847,大立光元大97購10,0,0,0,0,0,0,0,0,0,358000,0,0,0,368000,10000,358000,358000
060865,創意永豐9A購01  ,0,0,0,0,0,0,0,0,0,358000,0,0,0,418000,60000,358000,358000
063055,創意統一9B購02  ,0,0,0,0,0,0,0,0,0,357000,0,0,0,668000,311000,357000,357000
058725,美律富邦9A購01  ,0,0,0,0,0,0,0,0,0,354000,0,0,0,354000,0,354000,354000
060653,全新群益9A購02  ,0,0,0,0,0,0,0,0,0,353000,0,0,0,491000,138000,353000,353000
063063,泰鼎元富9B購01  ,0,0,0,0,0,0,0,0,0,353000,0,0,0,379000,26000,353000,353000
060616,宏碁元大9A購02  ,0,0,0,0,0,0,0,0,0,351000,0,0,0,363000,12000,351000,351000
062589,友達統一9C購03  ,0,0,0,0,0,0,0,0,0,351000,0,0,0,351000,0,351000,351000
060924,大毅永豐9A購03  ,0,0,0,0,0,0,0,0,0,351000,0,0,0,351000,0,351000,351000
061126,京元電永豐9A購02,0,0,0,0,0,0,0,0,0,350000,0,0,0,350000,0,350000,350000
06467P,旺宏統一98售01  ,0,0,0,0,0,0,0,0,0,349000,0,0,0,349000,0,349000,349000
061441,大毅永豐9A購04  ,0,0,0,0,0,0,0,0,0,349000,0,0,0,350000,1000,349000,349000
052851,滬深2X元富96購02,0,0,0,0,0,0,0,0,0,348000,0,0,0,348000,0,348000,348000
060144,全新國票9B購01  ,0,0,0,0,0,0,0,0,0,346000,0,0,0,368000,22000,346000,346000
056844,欣興元富98購03  ,0,0,0,0,0,0,0,0,0,346000,0,0,0,375000,29000,346000,346000
057136,立積凱基98購02  ,0,0,0,0,0,0,0,0,0,346000,0,0,0,362000,16000,346000,346000
07597P,臺股指中信01售02,0,0,0,0,0,0,0,0,0,345000,0,0,0,659000,314000,345000,345000
054378,楠梓電群益98購01,0,0,0,0,0,0,0,0,0,344000,0,0,0,415000,71000,344000,344000
063142,奇力新統一9C購04,0,0,0,0,0,0,0,0,0,344000,0,0,0,345000,1000,344000,344000
9136,巨騰-DR         ,343000,0,343000,0,0,0,0,0,0,0,0,0,0,0,0,0,343000
060707,台郡富邦9A購01  ,0,0,0,0,0,0,0,0,0,342000,0,0,0,592000,250000,342000,342000
060437,宏全永豐9A購01  ,0,0,0,0,0,0,0,0,0,342000,0,0,0,342000,0,342000,342000
062946,祥碩國泰9C購02  ,0,0,0,0,0,0,0,0,0,342000,0,0,0,347000,5000,342000,342000
062549,中租永豐9B購01  ,0,0,0,0,0,0,0,0,0,342000,0,0,0,406000,64000,342000,342000
061264,全新凱基9B購01  ,0,0,0,0,0,0,0,0,0,342000,0,0,0,373000,31000,342000,342000
060896,晶技凱基9A購02  ,0,0,0,0,0,0,0,0,0,341000,0,0,0,458000,117000,341000,341000
060911,大毅元大9A購01  ,0,0,0,0,0,0,0,0,0,340000,0,0,0,400000,60000,340000,340000
060305,得力永豐9A購01  ,0,0,0,0,0,0,0,0,0,340000,0,0,0,340000,0,340000,340000
062820,禾伸堂兆豐9B購01,0,0,0,0,0,0,0,0,0,339000,0,0,0,470000,131000,339000,339000
2704,國賓            ,99000,38000,61000,0,0,0,0,0,0,277000,277000,0,277000,0,0,0,338000
060722,矽格永豐9A購01  ,0,0,0,0,0,0,0,0,0,338000,0,0,0,499000,161000,338000,338000
06155P,智邦統一97售02  ,0,0,0,0,0,0,0,0,0,337000,0,0,0,340000,3000,337000,337000
053173,矽格群益97購01  ,0,0,0,0,0,0,0,0,0,336000,0,0,0,408000,72000,336000,336000
06852P,臺股指元大98售11,0,0,0,0,0,0,0,0,0,336000,0,0,0,435000,99000,336000,336000
060043,全新群益9B購02  ,0,0,0,0,0,0,0,0,0,335000,0,0,0,350000,15000,335000,335000
058318,致茂永豐9A購01  ,0,0,0,0,0,0,0,0,0,334000,0,0,0,494000,160000,334000,334000
061370,晶技國泰9C購01  ,0,0,0,0,0,0,0,0,0,334000,0,0,0,371000,37000,334000,334000
062029,牧德群益9B購03  ,0,0,0,0,0,0,0,0,0,334000,0,0,0,334000,0,334000,334000
061572,奇力新元大9A購04,0,0,0,0,0,0,0,0,0,331000,0,0,0,337000,6000,331000,331000
057084,立積統一9B購01  ,0,0,0,0,0,0,0,0,0,330000,0,0,0,348000,18000,330000,330000
063395,金像電群益9B購02,0,0,0,0,0,0,0,0,0,329000,0,0,0,432000,103000,329000,329000
062984,致新元富9B購01  ,0,0,0,0,0,0,0,0,0,329000,0,0,0,458000,129000,329000,329000
062409,巨大永豐9B購02  ,0,0,0,0,0,0,0,0,0,329000,0,0,0,369000,40000,329000,329000
061620,禾伸堂群益9A購02,0,0,0,0,0,0,0,0,0,328000,0,0,0,329000,1000,328000,328000
054803,味全元大9A購01  ,0,0,0,0,0,0,0,0,0,327000,0,0,0,327000,0,327000,327000
058023,南電凱基98購02  ,0,0,0,0,0,0,0,0,0,326000,0,0,0,338000,12000,326000,326000
063323,同欣電群益9B購03,0,0,0,0,0,0,0,0,0,325000,0,0,0,340000,15000,325000,325000
058908,貿聯元大99購03  ,0,0,0,0,0,0,0,0,0,325000,0,0,0,355000,30000,325000,325000
057819,新日興元大99購01,0,0,0,0,0,0,0,0,0,325000,0,0,0,426000,101000,325000,325000
2845,遠東銀          ,676000,278341,397659,0,0,0,0,75000,-75000,2000,2000,0,2000,0,0,0,324659
063563,國巨元大9C購07  ,0,0,0,0,0,0,0,0,0,323000,0,0,0,502000,179000,323000,323000
6139,亞翔            ,377000,55000,322000,0,0,0,0,0,0,0,0,0,0,0,0,0,322000
1904,正隆            ,338000,290000,48000,0,0,0,300000,0,300000,-27000,3000,40000,-37000,20000,10000,10000,321000
057532,智原元大98購03  ,0,0,0,0,0,0,0,0,0,321000,0,0,0,354000,33000,321000,321000
061948,美食群益9B購01  ,0,0,0,0,0,0,0,0,0,321000,0,0,0,371000,50000,321000,321000
03064X,元展59          ,0,0,0,0,0,0,0,0,0,320000,0,0,0,320000,0,320000,320000
060233,宏碁元大9A購01  ,0,0,0,0,0,0,0,0,0,319000,0,0,0,381000,62000,319000,319000
062496,矽創中信9B購01  ,0,0,0,0,0,0,0,0,0,319000,0,0,0,457000,138000,319000,319000
059298,大立光元富9C購02,0,0,0,0,0,0,0,0,0,318000,0,0,0,459000,141000,318000,318000
058691,友訊國票9A購01  ,0,0,0,0,0,0,0,0,0,317000,0,0,0,317000,0,317000,317000
059865,國巨凱基01購01  ,0,0,0,0,0,0,0,0,0,317000,0,0,0,446000,129000,317000,317000
062286,台郡群益9B購01  ,0,0,0,0,0,0,0,0,0,317000,0,0,0,369000,52000,317000,317000
062635,創意國票9B購01  ,0,0,0,0,0,0,0,0,0,317000,0,0,0,389000,72000,317000,317000
060781,台郡國泰9B購01  ,0,0,0,0,0,0,0,0,0,317000,0,0,0,377000,60000,317000,317000
00692,富邦公司治理    ,10000,10000,0,0,0,0,0,0,0,316000,0,0,0,1505000,1189000,316000,316000
058085,景碩群益9A購01  ,0,0,0,0,0,0,0,0,0,316000,0,0,0,342000,26000,316000,316000
061284,友達統一9C購01  ,0,0,0,0,0,0,0,0,0,316000,0,0,0,316000,0,316000,316000
062884,康控兆豐9C購01  ,0,0,0,0,0,0,0,0,0,316000,0,0,0,525000,209000,316000,316000
059016,晶相光元富99購03,0,0,0,0,0,0,0,0,0,314000,0,0,0,314000,0,314000,314000
059107,南茂國泰9A購01  ,0,0,0,0,0,0,0,0,0,314000,0,0,0,327000,13000,314000,314000
061640,智原元大9A購01  ,0,0,0,0,0,0,0,0,0,314000,0,0,0,515000,201000,314000,314000
063074,創意永豐9B購02  ,0,0,0,0,0,0,0,0,0,313000,0,0,0,371000,58000,313000,313000
055631,創意永豐98購01  ,0,0,0,0,0,0,0,0,0,311000,0,0,0,311000,0,311000,311000
052704,TPK國票97購01   ,0,0,0,0,0,0,0,0,0,310000,0,0,0,360000,50000,310000,310000
062663,聯發科群益9B購07,0,0,0,0,0,0,0,0,0,310000,0,0,0,325000,15000,310000,310000
062025,台達電群益9B購01,0,0,0,0,0,0,0,0,0,310000,0,0,0,548000,238000,310000,310000
062427,嘉澤統一01購01  ,0,0,0,0,0,0,0,0,0,310000,0,0,0,346000,36000,310000,310000
059355,國巨富邦9B購03  ,0,0,0,0,0,0,0,0,0,309000,0,0,0,317000,8000,309000,309000
060115,南電元大99購06  ,0,0,0,0,0,0,0,0,0,309000,0,0,0,333000,24000,309000,309000
063438,聚陽統一9C購01  ,0,0,0,0,0,0,0,0,0,308000,0,0,0,594000,286000,308000,308000
061903,宏全永豐9B購01  ,0,0,0,0,0,0,0,0,0,308000,0,0,0,308000,0,308000,308000
060193,群創元富9A購01  ,0,0,0,0,0,0,0,0,0,307000,0,0,0,472000,165000,307000,307000
058610,欣興元大99購05  ,0,0,0,0,0,0,0,0,0,307000,0,0,0,366000,59000,307000,307000
052542,友達元富98購01  ,0,0,0,0,0,0,0,0,0,306000,0,0,0,306000,0,306000,306000
058589,群創中信01購01  ,0,0,0,0,0,0,0,0,0,305000,0,0,0,353000,48000,305000,305000
058241,景碩元大99購05  ,0,0,0,0,0,0,0,0,0,305000,0,0,0,459000,154000,305000,305000
062023,寶成永豐9B購01  ,0,0,0,0,0,0,0,0,0,305000,0,0,0,305000,0,305000,305000
062863,聯茂國票9B購01  ,0,0,0,0,0,0,0,0,0,305000,0,0,0,369000,64000,305000,305000
062084,台郡元大9B購04  ,0,0,0,0,0,0,0,0,0,304000,0,0,0,414000,110000,304000,304000
063511,南電群益9B購02  ,0,0,0,0,0,0,0,0,0,304000,0,0,0,324000,20000,304000,304000
054212,聯詠國票97購03  ,0,0,0,0,0,0,0,0,0,303000,0,0,0,303000,0,303000,303000
054733,鴻海凱基98購04  ,0,0,0,0,0,0,0,0,0,303000,0,0,0,303000,0,303000,303000
062797,瑞昱統一9B購01  ,0,0,0,0,0,0,0,0,0,302000,0,0,0,952000,650000,302000,302000
062108,晶豪科國票9B購01,0,0,0,0,0,0,0,0,0,301000,0,0,0,370000,69000,301000,301000
054708,華通統一97購02  ,0,0,0,0,0,0,0,0,0,300000,0,0,0,345000,45000,300000,300000
060251,易華電元大9C購01,0,0,0,0,0,0,0,0,0,300000,0,0,0,320000,20000,300000,300000
060485,華新科富邦9C購04,0,0,0,0,0,0,0,0,0,300000,0,0,0,300000,0,300000,300000
056358,友訊元大99購01  ,0,0,0,0,0,0,0,0,0,299000,0,0,0,299000,0,299000,299000
060514,南電元大9A購02  ,0,0,0,0,0,0,0,0,0,299000,0,0,0,371000,72000,299000,299000
062058,瑞昱統一01購01  ,0,0,0,0,0,0,0,0,0,299000,0,0,0,299000,0,299000,299000
061004,友達兆豐9A購01  ,0,0,0,0,0,0,0,0,0,299000,0,0,0,299000,0,299000,299000
054258,牧德元大97購01  ,0,0,0,0,0,0,0,0,0,298000,0,0,0,300000,2000,298000,298000
060708,康友富邦9B購01  ,0,0,0,0,0,0,0,0,0,298000,0,0,0,318000,20000,298000,298000
062574,美食群益9B購02  ,0,0,0,0,0,0,0,0,0,298000,0,0,0,393000,95000,298000,298000
2905,三商            ,351000,61000,290000,0,0,0,5000,0,5000,2000,2000,0,2000,0,0,0,297000
060763,聯鈞元大9A購03  ,0,0,0,0,0,0,0,0,0,297000,0,0,0,553000,256000,297000,297000
4977,眾達-KY         ,537000,233000,304000,0,0,0,0,0,0,-8000,2000,10000,-8000,0,0,0,296000
063374,嘉澤永豐9B購04  ,0,0,0,0,0,0,0,0,0,294000,0,0,0,294000,0,294000,294000
07891P,臺股指國票9B售01,0,0,0,0,0,0,0,0,0,294000,0,0,0,323000,29000,294000,294000
054446,美食兆豐97購01  ,0,0,0,0,0,0,0,0,0,294000,0,0,0,459000,165000,294000,294000
058101,台積電富邦9C購01,0,0,0,0,0,0,0,0,0,294000,0,0,0,294000,0,294000,294000
062849,中興電永豐9B購02,0,0,0,0,0,0,0,0,0,294000,0,0,0,294000,0,294000,294000
055893,大立光統一97購07,0,0,0,0,0,0,0,0,0,293000,0,0,0,317000,24000,293000,293000
059188,京元電富邦9B購01,0,0,0,0,0,0,0,0,0,293000,0,0,0,896000,603000,293000,293000
061055,康控群益9A購01  ,0,0,0,0,0,0,0,0,0,293000,0,0,0,952000,659000,293000,293000
054527,國巨統一97購03  ,0,0,0,0,0,0,0,0,0,292000,0,0,0,295000,3000,292000,292000
057105,致茂群益9A購01  ,0,0,0,0,0,0,0,0,0,292000,0,0,0,487000,195000,292000,292000
056813,聯茂統一99購01  ,0,0,0,0,0,0,0,0,0,291000,0,0,0,344000,53000,291000,291000
057495,牧德元大99購04  ,0,0,0,0,0,0,0,0,0,291000,0,0,0,319000,28000,291000,291000
07652P,臺股指中信9A售07,0,0,0,0,0,0,0,0,0,290000,0,0,0,560000,270000,290000,290000
058438,大立光統一9B購01,0,0,0,0,0,0,0,0,0,290000,0,0,0,290000,0,290000,290000
058372,欣興凱基99購03  ,0,0,0,0,0,0,0,0,0,290000,0,0,0,290000,0,290000,290000
060532,欣興中信9A購01  ,0,0,0,0,0,0,0,0,0,290000,0,0,0,324000,34000,290000,290000
062801,宏達電統一01購01,0,0,0,0,0,0,0,0,0,289000,0,0,0,417000,128000,289000,289000
047571,滬深2X群益99購01,0,0,0,0,0,0,0,0,0,288000,0,0,0,288000,0,288000,288000
057603,樺漢群益98購02  ,0,0,0,0,0,0,0,0,0,288000,0,0,0,386000,98000,288000,288000
062212,臻鼎台新9B購01  ,0,0,0,0,0,0,0,0,0,288000,0,0,0,320000,32000,288000,288000
054947,興勤元大97購01  ,0,0,0,0,0,0,0,0,0,287000,0,0,0,337000,50000,287000,287000
061390,大立光群益9A購04,0,0,0,0,0,0,0,0,0,287000,0,0,0,287000,0,287000,287000
061458,臻鼎凱基9A購02  ,0,0,0,0,0,0,0,0,0,287000,0,0,0,302000,15000,287000,287000
057567,嘉聯益富邦9A購01,0,0,0,0,0,0,0,0,0,286000,0,0,0,644000,358000,286000,286000
061533,友達統一9C購02  ,0,0,0,0,0,0,0,0,0,286000,0,0,0,341000,55000,286000,286000
062786,立積元大9C購03  ,0,0,0,0,0,0,0,0,0,286000,0,0,0,593000,307000,286000,286000
056378,欣興元富98購01  ,0,0,0,0,0,0,0,0,0,285000,0,0,0,285000,0,285000,285000
059510,華新科永豐99購07,0,0,0,0,0,0,0,0,0,285000,0,0,0,295000,10000,285000,285000
1402,遠東新          ,1860593,1649208,211385,0,0,0,0,1000,-1000,74000,31000,0,31000,64000,21000,43000,284385
060157,致茂永豐9A購02  ,0,0,0,0,0,0,0,0,0,284000,0,0,0,352000,68000,284000,284000
062851,建準永豐9B購02  ,0,0,0,0,0,0,0,0,0,284000,0,0,0,295000,11000,284000,284000
063494,金像電富邦9B購01,0,0,0,0,0,0,0,0,0,283000,0,0,0,283000,0,283000,283000
00852L,國泰美國道瓊正2 ,5000,3000,2000,0,0,0,0,0,0,280000,0,0,0,4006000,3726000,280000,282000
057912,美律日盛99購01  ,0,0,0,0,0,0,0,0,0,282000,0,0,0,520000,238000,282000,282000
063072,裕隆永豐9B購01  ,0,0,0,0,0,0,0,0,0,282000,0,0,0,340000,58000,282000,282000
061856,台郡國票9B購02  ,0,0,0,0,0,0,0,0,0,282000,0,0,0,445000,163000,282000,282000
5434,崇越            ,390000,112754,277246,0,0,0,0,0,0,4000,6000,0,6000,0,2000,-2000,281246
06617P,智邦元大98售03  ,0,0,0,0,0,0,0,0,0,281000,0,0,0,381000,100000,281000,281000
062999,聯茂國票9C購01  ,0,0,0,0,0,0,0,0,0,281000,0,0,0,295000,14000,281000,281000
059139,全新兆豐9A購01  ,0,0,0,0,0,0,0,0,0,280000,0,0,0,489000,209000,280000,280000
063282,奇力新元大9B購06,0,0,0,0,0,0,0,0,0,280000,0,0,0,290000,10000,280000,280000
063200,瑞昱統一9C購01  ,0,0,0,0,0,0,0,0,0,280000,0,0,0,281000,1000,280000,280000
054188,欣興永豐96購03  ,0,0,0,0,0,0,0,0,0,279000,0,0,0,338000,59000,279000,279000
063100,聚陽群益9C購02  ,0,0,0,0,0,0,0,0,0,279000,0,0,0,282000,3000,279000,279000
056189,樺漢統一97購02  ,0,0,0,0,0,0,0,0,0,278000,0,0,0,975000,697000,278000,278000
058851,大立光群益99購07,0,0,0,0,0,0,0,0,0,278000,0,0,0,283000,5000,278000,278000
058714,美律統一9B購01  ,0,0,0,0,0,0,0,0,0,278000,0,0,0,545000,267000,278000,278000
061109,臻鼎元大9A購03  ,0,0,0,0,0,0,0,0,0,278000,0,0,0,390000,112000,278000,278000
060890,大立光統一01購01,0,0,0,0,0,0,0,0,0,278000,0,0,0,288000,10000,278000,278000
059090,台新金元大99購01,0,0,0,0,0,0,0,0,0,277000,0,0,0,285000,8000,277000,277000
058181,華新科國泰9B購01,0,0,0,0,0,0,0,0,0,277000,0,0,0,344000,67000,277000,277000
061532,和大統一9C購02  ,0,0,0,0,0,0,0,0,0,276000,0,0,0,367000,91000,276000,276000
3698,隆達            ,479000,255000,224000,0,0,0,0,0,0,51000,29000,14000,15000,36000,0,36000,275000
056403,茂林群益98購01  ,0,0,0,0,0,0,0,0,0,275000,0,0,0,275000,0,275000,275000
063249,祥碩元大9B購06  ,0,0,0,0,0,0,0,0,0,275000,0,0,0,498000,223000,275000,275000
06751P,旺宏凱基98售10  ,0,0,0,0,0,0,0,0,0,274000,0,0,0,289000,15000,274000,274000
060185,聯發科元富04購01,0,0,0,0,0,0,0,0,0,274000,0,0,0,274000,0,274000,274000
060431,復盛永豐9A購01  ,0,0,0,0,0,0,0,0,0,274000,0,0,0,275000,1000,274000,274000
054586,健鼎國泰99購01  ,0,0,0,0,0,0,0,0,0,273000,0,0,0,273000,0,273000,273000
056906,玉晶光元大9B購01,0,0,0,0,0,0,0,0,0,273000,0,0,0,273000,0,273000,273000
063365,義隆富邦01購01  ,0,0,0,0,0,0,0,0,0,272000,0,0,0,286000,14000,272000,272000
055265,玉晶光永豐98購03,0,0,0,0,0,0,0,0,0,272000,0,0,0,272000,0,272000,272000
054922,文曄凱基98購01  ,0,0,0,0,0,0,0,0,0,272000,0,0,0,272000,0,272000,272000
059675,大立光元富99購08,0,0,0,0,0,0,0,0,0,272000,0,0,0,272000,0,272000,272000
061544,大毅群益9B購02  ,0,0,0,0,0,0,0,0,0,272000,0,0,0,685000,413000,272000,272000
060993,健策元大9B購03  ,2000,0,2000,0,0,0,0,0,0,270000,0,0,0,322000,52000,270000,272000
2027,大成鋼          ,1138000,738000,400000,0,0,0,0,0,0,-129000,2000,46000,-44000,7000,92000,-85000,271000
053887,聯茂兆豐97購02  ,0,0,0,0,0,0,0,0,0,271000,0,0,0,355000,84000,271000,271000
057083,立積統一98購01  ,0,0,0,0,0,0,0,0,0,271000,0,0,0,293000,22000,271000,271000
061476,大毅元大9A購02  ,0,0,0,0,0,0,0,0,0,271000,0,0,0,405000,134000,271000,271000
053438,玉晶光麥證97購02,0,0,0,270000,0,270000,0,0,0,270000,0,0,0,270000,0,270000,270000
062950,貿聯富邦01購01  ,0,0,0,0,0,0,0,0,0,270000,0,0,0,359000,89000,270000,270000
056811,健策統一9B購01  ,0,0,0,0,0,0,0,0,0,269000,0,0,0,300000,31000,269000,269000
058559,華新科日盛99購02,0,0,0,0,0,0,0,0,0,269000,0,0,0,269000,0,269000,269000
061858,南電國票9B購02  ,0,0,0,0,0,0,0,0,0,269000,0,0,0,282000,13000,269000,269000
054065,樺漢國票97購01  ,0,0,0,0,0,0,0,0,0,268000,0,0,0,303000,35000,268000,268000
058108,台郡台新99購01  ,0,0,0,0,0,0,0,0,0,267000,0,0,0,437000,170000,267000,267000
059696,立積永豐99購03  ,0,0,0,0,0,0,0,0,0,267000,0,0,0,271000,4000,267000,267000
063206,貿聯統一9C購02  ,0,0,0,0,0,0,0,0,0,266000,0,0,0,324000,58000,266000,266000
063648,台表科元大9C購05,0,0,0,0,0,0,0,0,0,265000,0,0,0,301000,36000,265000,265000
058309,大毅元大99購02  ,0,0,0,0,0,0,0,0,0,265000,0,0,0,281000,16000,265000,265000
060002,T50反1群益9A購01,0,0,0,0,0,0,0,0,0,265000,0,0,0,300000,35000,265000,265000
063296,可成麥證9B購01  ,0,0,0,270000,5000,265000,0,0,0,265000,0,0,0,270000,5000,265000,265000
062682,全新統一9B購01  ,0,0,0,0,0,0,0,0,0,265000,0,0,0,300000,35000,265000,265000
059296,大立光元富99購06,0,0,0,0,0,0,0,0,0,264000,0,0,0,419000,155000,264000,264000
062939,奇力新凱基9B購02,0,0,0,0,0,0,0,0,0,264000,0,0,0,264000,0,264000,264000
054381,世芯群益98購01  ,0,0,0,0,0,0,0,0,0,263000,0,0,0,298000,35000,263000,263000
057838,台郡國泰99購01  ,15000,25000,-10000,0,0,0,0,0,0,273000,0,0,0,288000,15000,273000,263000
059198,華新科永豐99購06,0,0,0,0,0,0,0,0,0,262000,0,0,0,263000,1000,262000,262000
060509,宏達電元大9A購02,0,0,0,0,0,0,0,0,0,262000,0,0,0,262000,0,262000,262000
056507,創意永豐98購02  ,0,0,0,0,0,0,0,0,0,261000,0,0,0,336000,75000,261000,261000
062888,漢唐群益9B購01  ,0,0,0,0,0,0,0,0,0,261000,0,0,0,267000,6000,261000,261000
057314,全新麥證98購01  ,0,0,0,260000,0,260000,0,0,0,260000,0,0,0,260000,0,260000,260000
046906,新光金凱基99購02,0,0,0,0,0,0,0,0,0,258000,0,0,0,298000,40000,258000,258000
062655,漢唐永豐9B購01  ,0,0,0,0,0,0,0,0,0,258000,0,0,0,283000,25000,258000,258000
061339,京元電元大9A購05,0,0,0,0,0,0,0,0,0,258000,0,0,0,331000,73000,258000,258000
047213,新日興富邦97購01,0,0,0,0,0,0,0,0,0,257000,0,0,0,420000,163000,257000,257000
057135,立積凱基98購01  ,0,0,0,0,0,0,0,0,0,256000,0,0,0,266000,10000,256000,256000
059830,台郡凱基99購05  ,0,0,0,0,0,0,0,0,0,256000,0,0,0,307000,51000,256000,256000
060942,智邦國票9A購02  ,0,0,0,0,0,0,0,0,0,256000,0,0,0,305000,49000,256000,256000
061238,晶技元大9A購02  ,0,0,0,0,0,0,0,0,0,256000,0,0,0,261000,5000,256000,256000
062147,大毅國票9B購02  ,0,0,0,0,0,0,0,0,0,256000,0,0,0,297000,41000,256000,256000
062590,亞光統一9B購01  ,0,0,0,0,0,0,0,0,0,256000,0,0,0,894000,638000,256000,256000
063466,美食元大9B購02  ,0,0,0,0,0,0,0,0,0,255000,0,0,0,259000,4000,255000,255000
062006,瑞昱國泰9C購01  ,0,0,0,0,0,0,0,0,0,255000,0,0,0,347000,92000,255000,255000
062809,同欣電統一9C購01,0,0,0,0,0,0,0,0,0,255000,0,0,0,313000,58000,255000,255000
054166,日電貿凱基98購01,0,0,0,0,0,0,0,0,0,254000,0,0,0,462000,208000,254000,254000
054912,群光凱基97購01  ,0,0,0,0,0,0,0,0,0,254000,0,0,0,264000,10000,254000,254000
059870,全新凱基99購05  ,0,0,0,0,0,0,0,0,0,254000,0,0,0,357000,103000,254000,254000
062046,矽格凱基9B購01  ,0,0,0,0,0,0,0,0,0,254000,0,0,0,423000,169000,254000,254000
060879,華新科中信9A購02,0,0,0,0,0,0,0,0,0,254000,0,0,0,254000,0,254000,254000
063569,美食元大9B購03  ,0,0,0,0,0,0,0,0,0,253000,0,0,0,259000,6000,253000,253000
063399,智原群益9B購01  ,0,0,0,0,0,0,0,0,0,253000,0,0,0,303000,50000,253000,253000
063725,聯電元大9C購03  ,0,0,0,0,0,0,0,0,0,253000,0,0,0,265000,12000,253000,253000
06765P,欣興元大98售11  ,0,0,0,0,0,0,0,0,0,253000,0,0,0,288000,35000,253000,253000
2548,華固            ,540000,348000,192000,0,0,0,0,0,0,61000,63000,2000,61000,0,0,0,253000
057197,立積台新98購01  ,0,0,0,0,0,0,0,0,0,253000,0,0,0,349000,96000,253000,253000
056961,凱美永豐98購01  ,0,0,0,0,0,0,0,0,0,253000,0,0,0,253000,0,253000,253000
060861,漢唐永豐9A購01  ,0,0,0,0,0,0,0,0,0,253000,0,0,0,262000,9000,253000,253000
062013,奇鋐富邦9B購01  ,0,0,0,0,0,0,0,0,0,253000,0,0,0,465000,212000,253000,253000
060299,友訊國泰9B購01  ,0,0,0,0,0,0,0,0,0,252000,0,0,0,252000,0,252000,252000
061395,健策統一9C購02  ,0,0,0,0,0,0,0,0,0,252000,0,0,0,317000,65000,252000,252000
057074,立積永豐98購01  ,0,0,0,0,0,0,0,0,0,251000,0,0,0,275000,24000,251000,251000
054856,得力群益99購01  ,0,0,0,0,0,0,0,0,0,250000,0,0,0,250000,0,250000,250000
060142,臺指反國票9B購01,0,0,0,0,0,0,0,0,0,250000,0,0,0,250000,0,250000,250000
056255,華新科元富97購05,0,0,0,0,0,0,0,0,0,250000,0,0,0,346000,96000,250000,250000
056331,聯鈞國票99購01  ,0,0,0,0,0,0,0,0,0,250000,0,0,0,280000,30000,250000,250000
053573,臺股指統一99購01,0,0,0,0,0,0,0,0,0,250000,0,0,0,265000,15000,250000,250000
057674,台郡元大99購03  ,0,0,0,0,0,0,0,0,0,250000,0,0,0,560000,310000,250000,250000
058618,南電元大99購02  ,0,0,0,0,0,0,0,0,0,250000,0,0,0,296000,46000,250000,250000
058637,晶技兆豐99購01  ,0,0,0,0,0,0,0,0,0,250000,0,0,0,271000,21000,250000,250000
058650,台虹永豐9A購01  ,0,0,0,0,0,0,0,0,0,250000,0,0,0,250000,0,250000,250000
060133,牧德群益9B購01  ,0,0,0,0,0,0,0,0,0,249000,0,0,0,264000,15000,249000,249000
058822,樺漢國泰9B購01  ,0,0,0,0,0,0,0,0,0,249000,0,0,0,1396000,1147000,249000,249000
058951,南電群益99購01  ,0,0,0,0,0,0,0,0,0,249000,0,0,0,494000,245000,249000,249000
061989,晶技元大9B購04  ,0,0,0,0,0,0,0,0,0,249000,0,0,0,254000,5000,249000,249000
05348P,美律元富98售01  ,0,0,0,0,0,0,0,0,0,248000,0,0,0,248000,0,248000,248000
059580,大立光元富99購07,0,0,0,0,0,0,0,0,0,248000,0,0,0,320000,72000,248000,248000
063187,全新凱基9B購02  ,0,0,0,0,0,0,0,0,0,248000,0,0,0,292000,44000,248000,248000
061237,晶技元大9A購01  ,0,0,0,0,0,0,0,0,0,248000,0,0,0,258000,10000,248000,248000
055344,國巨凱基97購04  ,0,0,0,0,0,0,0,0,0,247000,0,0,0,247000,0,247000,247000
054983,國巨元富97購04  ,0,0,0,0,0,0,0,0,0,247000,0,0,0,247000,0,247000,247000
063516,香港反凱基03購01,0,0,0,0,0,0,0,0,0,247000,0,0,0,396000,149000,247000,247000
063345,嘉晶統一9C購02  ,0,0,0,0,0,0,0,0,0,246000,0,0,0,278000,32000,246000,246000
055181,日電貿統一97購01,0,0,0,0,0,0,0,0,0,246000,0,0,0,256000,10000,246000,246000
054400,健策永豐96購02  ,0,0,0,0,0,0,0,0,0,246000,0,0,0,425000,179000,246000,246000
062081,華新科元大9B購06,0,0,0,0,0,0,0,0,0,246000,0,0,0,265000,19000,246000,246000
056139,貿聯元大97購04  ,0,0,0,0,0,0,0,0,0,245000,0,0,0,246000,1000,245000,245000
059944,欣興永豐99購03  ,0,0,0,0,0,0,0,0,0,245000,0,0,0,451000,206000,245000,245000
057118,欣興日盛9A購01  ,0,0,0,0,0,0,0,0,0,245000,0,0,0,353000,108000,245000,245000
061571,奇力新元大9A購03,0,0,0,0,0,0,0,0,0,245000,0,0,0,355000,110000,245000,245000
058984,全新凱基9A購03  ,0,0,0,0,0,0,0,0,0,244000,0,0,0,339000,95000,244000,244000
2637,慧洋-KY         ,458000,149000,309000,0,0,0,0,14000,-14000,-52000,0,0,0,0,52000,-52000,243000
056618,京元電永豐98購01,0,0,0,0,0,0,0,0,0,243000,0,0,0,243000,0,243000,243000
057380,技嘉國泰9A購01  ,0,0,0,0,0,0,0,0,0,243000,0,0,0,243000,0,243000,243000
057700,新日興群益9A購01,0,0,0,0,0,0,0,0,0,243000,0,0,0,243000,0,243000,243000
1717,長興            ,2226000,1256000,970000,0,0,0,0,2000,-2000,-726000,204000,930000,-726000,0,0,0,242000
058371,智原凱基9A購01  ,0,0,0,0,0,0,0,0,0,242000,0,0,0,268000,26000,242000,242000
055197,致新元富97購02  ,0,0,0,0,0,0,0,0,0,241000,0,0,0,241000,0,241000,241000
060104,新日興元大99購03,10000,0,10000,0,0,0,0,0,0,231000,0,0,0,462000,231000,231000,241000
061689,國巨群益9A購12  ,0,0,0,0,0,0,0,0,0,241000,0,0,0,251000,10000,241000,241000
062234,廣達凱基9B購01  ,0,0,0,0,0,0,0,0,0,241000,0,0,0,262000,21000,241000,241000
058413,義隆兆豐99購01  ,0,0,0,0,0,0,0,0,0,240000,0,0,0,337000,97000,240000,240000
057776,京元電群益98購02,0,0,0,0,0,0,0,0,0,240000,0,0,0,244000,4000,240000,240000
058672,可成群益9B購02  ,0,0,0,0,0,0,0,0,0,240000,0,0,0,305000,65000,240000,240000
063439,正隆統一01購01  ,0,0,0,0,0,0,0,0,0,239000,0,0,0,259000,20000,239000,239000
058402,欣興元大99購04  ,0,0,0,0,0,0,0,0,0,239000,0,0,0,268000,29000,239000,239000
056247,台郡群益97購01  ,0,0,0,0,0,0,0,0,0,239000,0,0,0,322000,83000,239000,239000
063244,華新科元大9B購11,0,0,0,0,0,0,0,0,0,239000,0,0,0,245000,6000,239000,239000
056624,景碩永豐98購01  ,0,0,0,0,0,0,0,0,0,238000,0,0,0,313000,75000,238000,238000
062275,燿華群益9B購01  ,0,0,0,0,0,0,0,0,0,238000,0,0,0,427000,189000,238000,238000
061488,奇力新兆豐9A購01,0,0,0,0,0,0,0,0,0,238000,0,0,0,248000,10000,238000,238000
058847,國巨群益99購05  ,0,0,0,0,0,0,0,0,0,237000,0,0,0,322000,85000,237000,237000
061527,牧德凱基9A購02  ,0,0,0,0,0,0,0,0,0,237000,0,0,0,263000,26000,237000,237000
059459,訊芯永豐99購04  ,0,0,0,0,0,0,0,0,0,236000,0,0,0,246000,10000,236000,236000
057502,訊芯群益98購02  ,0,0,0,0,0,0,0,0,0,236000,0,0,0,365000,129000,236000,236000
057203,麗豐元富98購02  ,0,0,0,0,0,0,0,0,0,236000,0,0,0,237000,1000,236000,236000
062982,同欣電元富9B購01,0,0,0,0,0,0,0,0,0,236000,0,0,0,250000,14000,236000,236000
6177,達麗            ,298000,63000,235000,0,0,0,0,0,0,0,0,0,0,0,0,0,235000
05923P,旺宏元富96售05  ,0,0,0,0,0,0,0,0,0,235000,0,0,0,235000,0,235000,235000
057199,台達電元富02購01,0,113000,-113000,0,0,0,0,0,0,348000,0,0,0,420000,72000,348000,235000
057077,國巨統一98購06  ,0,0,0,0,0,0,0,0,0,235000,0,0,0,235000,0,235000,235000
058180,華新科國泰9A購01,0,0,0,0,0,0,0,0,0,235000,0,0,0,361000,126000,235000,235000
6230,超眾            ,447000,449200,-2200,0,0,0,186000,0,186000,51000,8000,0,8000,102000,59000,43000,234800
063667,全新統一01購02  ,0,0,0,0,0,0,0,0,0,234000,0,0,0,715000,481000,234000,234000
062836,同欣電群益9B購02,0,0,0,0,0,0,0,0,0,234000,0,0,0,264000,30000,234000,234000
07098P,台積電元大99售18,0,0,0,0,0,0,0,0,0,233000,0,0,0,237000,4000,233000,233000
057403,亞光群益98購04  ,0,0,0,0,0,0,0,0,0,233000,0,0,0,261000,28000,233000,233000
063437,聚陽統一01購01  ,0,0,0,0,0,0,0,0,0,232000,0,0,0,277000,45000,232000,232000
057422,欣興凱基98購04  ,0,0,0,0,0,0,0,0,0,232000,0,0,0,254000,22000,232000,232000
2605,新興            ,251000,23000,228000,0,0,0,0,0,0,3000,3000,0,3000,0,0,0,231000
058739,喬山中信99購01  ,0,0,0,0,0,0,0,0,0,231000,0,0,0,254000,23000,231000,231000
062704,大毅元大9C購01  ,0,0,0,0,0,0,0,0,0,231000,0,0,0,464000,233000,231000,231000
6504,南六            ,600000,539000,61000,0,0,0,103000,0,103000,66000,124000,128000,-4000,96000,26000,70000,230000
055855,牧德元大99購02  ,0,0,0,0,0,0,0,0,0,230000,0,0,0,230000,0,230000,230000
060238,強茂元大9C購01  ,0,0,0,0,0,0,0,0,0,230000,0,0,0,741000,511000,230000,230000
063163,京元電永豐9B購01,0,0,0,0,0,0,0,0,0,230000,0,0,0,267000,37000,230000,230000
060841,宏達電國票9B購01,0,0,0,0,0,0,0,0,0,230000,0,0,0,230000,0,230000,230000
056559,華通群益98購02  ,0,0,0,0,0,0,0,0,0,229000,0,0,0,992000,763000,229000,229000
055700,緯穎國泰98購02  ,0,0,0,0,0,0,0,0,0,229000,0,0,0,235000,6000,229000,229000
057798,貿聯兆豐99購01  ,0,0,0,0,0,0,0,0,0,229000,0,0,0,265000,36000,229000,229000
061535,群創統一9C購01  ,0,0,0,0,0,0,0,0,0,229000,0,0,0,334000,105000,229000,229000
062085,同欣電元大9B購01,0,0,0,0,0,0,0,0,0,229000,0,0,0,244000,15000,229000,229000
063580,立積國泰9C購01  ,0,0,0,0,0,0,0,0,0,228000,0,0,0,228000,0,228000,228000
058262,大立光富邦9C購02,0,0,0,0,0,0,0,0,0,228000,0,0,0,235000,7000,228000,228000
063050,葡萄王統一01購01,0,0,0,0,0,0,0,0,0,228000,0,0,0,231000,3000,228000,228000
1722,台肥            ,443000,249101,193899,0,0,0,0,0,0,34000,2000,0,2000,34000,2000,32000,227899
063664,漢唐統一9C購01  ,0,0,0,0,0,0,0,0,0,227000,0,0,0,340000,113000,227000,227000
053095,台光電統一98購01,0,0,0,0,0,0,0,0,0,227000,0,0,0,263000,36000,227000,227000
056937,智原元富98購01  ,0,0,0,0,0,0,0,0,0,227000,0,0,0,227000,0,227000,227000
063071,華新科富邦02購01,0,0,0,0,0,0,0,0,0,227000,0,0,0,233000,6000,227000,227000
057704,台虹群益98購03  ,0,0,0,0,0,0,0,0,0,226000,0,0,0,258000,32000,226000,226000
060052,宏碁凱基99購01  ,0,0,0,0,0,0,0,0,0,226000,0,0,0,316000,90000,226000,226000
058207,南茂凱基99購01  ,0,0,0,0,0,0,0,0,0,226000,0,0,0,309000,83000,226000,226000
063209,巨大統一01購01  ,0,0,0,0,0,0,0,0,0,226000,0,0,0,470000,244000,226000,226000
062622,南電元大9B購03  ,0,0,0,0,0,0,0,0,0,226000,0,0,0,226000,0,226000,226000
060826,牧德元大9B購02  ,0,0,0,0,0,0,0,0,0,226000,0,0,0,236000,10000,226000,226000
4106,雃博            ,1202000,978000,224000,0,0,0,0,0,0,1000,2000,1000,1000,0,0,0,225000
053784,奇力新元大97購02,0,0,0,0,0,0,0,0,0,225000,0,0,0,233000,8000,225000,225000
058229,為升元大99購02  ,0,0,0,0,0,0,0,0,0,225000,0,0,0,245000,20000,225000,225000
059680,台積電國泰9A購03,0,0,0,0,0,0,0,0,0,225000,0,0,0,670000,445000,225000,225000
061468,神達群益9A購01  ,0,0,0,0,0,0,0,0,0,225000,0,0,0,233000,8000,225000,225000
062994,祥碩群益9B購05  ,0,0,0,0,0,0,0,0,0,224000,0,0,0,331000,107000,224000,224000
6209,今國光          ,241000,17000,224000,0,0,0,0,0,0,-1000,0,1000,-1000,0,0,0,223000
050077,臺股指凱基99購02,0,0,0,0,0,0,0,0,0,223000,0,0,0,223000,0,223000,223000
006208,富邦台50        ,7000,2000,5000,0,0,0,0,0,0,218000,0,0,0,535000,317000,218000,223000
058074,欣興凱基99購01  ,0,0,0,0,0,0,0,0,0,223000,0,0,0,233000,10000,223000,223000
062645,國巨國泰9B購08  ,0,0,0,0,0,0,0,0,0,223000,0,0,0,310000,87000,223000,223000
063248,創意元大9C購01  ,0,0,0,0,0,0,0,0,0,223000,0,0,0,228000,5000,223000,223000
07210P,智邦凱基99售03  ,0,0,0,0,0,0,0,0,0,222000,0,0,0,272000,50000,222000,222000
060188,華新科元富9A購03,0,0,0,0,0,0,0,0,0,222000,0,0,0,282000,60000,222000,222000
057747,致新永豐98購01  ,0,0,0,0,0,0,0,0,0,222000,0,0,0,235000,13000,222000,222000
061130,牧德永豐9A購04  ,0,0,0,0,0,0,0,0,0,222000,0,0,0,222000,0,222000,222000
056314,力成元大97購01  ,0,0,0,0,0,0,0,0,0,221000,0,0,0,221000,0,221000,221000
063013,技嘉元大9B購02  ,0,0,0,0,0,0,0,0,0,221000,0,0,0,325000,104000,221000,221000
1305,華夏            ,620520,252000,368520,0,0,0,0,150000,-150000,2000,2000,0,2000,0,0,0,220520
07963P,智邦統一9B售01  ,0,0,0,0,0,0,0,0,0,220000,0,0,0,436000,216000,220000,220000
056304,創意元大97購03  ,0,0,0,0,0,0,0,0,0,220000,0,0,0,220000,0,220000,220000
057707,臺股指群益98購07,0,0,0,0,0,0,0,0,0,220000,0,0,0,340000,120000,220000,220000
060503,技嘉元大9A購01  ,0,0,0,0,0,0,0,0,0,220000,0,0,0,248000,28000,220000,220000
061162,南電群益9A購02  ,0,0,0,0,0,0,0,0,0,220000,0,0,0,230000,10000,220000,220000
062912,新日興元大9B購01,0,0,0,0,0,0,0,0,0,220000,0,0,0,675000,455000,220000,220000
2505,國揚            ,825000,679000,146000,0,0,0,0,0,0,73000,32000,0,32000,88000,47000,41000,219000
059174,訊芯凱基99購01  ,0,0,0,0,0,0,0,0,0,219000,0,0,0,367000,148000,219000,219000
043442,大立光台新01購01,0,0,0,0,0,0,0,0,0,219000,0,0,0,325000,106000,219000,219000
048892,台郡元富97購01  ,0,0,0,0,0,0,0,0,0,219000,0,0,0,255000,36000,219000,219000
052939,富邦金兆豐96購01,0,0,0,0,0,0,0,0,0,219000,0,0,0,219000,0,219000,219000
053681,臺股指富邦96購02,0,0,0,0,0,0,0,0,0,219000,0,0,0,219000,0,219000,219000
057804,為升元大98購01  ,0,0,0,0,0,0,0,0,0,219000,0,0,0,279000,60000,219000,219000
2395,研華            ,452200,231387,220813,0,0,0,0,5000,-5000,3000,3000,0,3000,0,0,0,218813
053294,聯發科中信9C購01,0,0,0,0,0,0,0,0,0,218000,0,0,0,310000,92000,218000,218000
055172,凱美統一97購02  ,0,0,0,0,0,0,0,0,0,218000,0,0,0,218000,0,218000,218000
056846,晶相光元富98購01,0,0,0,0,0,0,0,0,0,218000,0,0,0,218000,0,218000,218000
058532,禾伸堂元富99購01,0,0,0,0,0,0,0,0,0,218000,0,0,0,219000,1000,218000,218000
063077,巨大永豐9B購03  ,0,0,0,0,0,0,0,0,0,218000,0,0,0,312000,94000,218000,218000
062099,牧德永豐9B購01  ,0,0,0,0,0,0,0,0,0,218000,0,0,0,218000,0,218000,218000
062266,世紀鋼元大9B購02,0,0,0,0,0,0,0,0,0,218000,0,0,0,271000,53000,218000,218000
0061,元大寶滬深      ,219000,4000,215000,0,0,0,0,0,0,2000,40000,40000,0,8000,6000,2000,217000
057367,技嘉元大98購02  ,0,0,0,0,0,0,0,0,0,217000,0,0,0,228000,11000,217000,217000
061560,友達國票9B購01  ,0,0,0,0,0,0,0,0,0,217000,0,0,0,217000,0,217000,217000
07559P,祥碩元大9A售03  ,0,0,0,0,0,0,0,0,0,215000,0,0,0,260000,45000,215000,215000
050797,聯發科中信99購01,0,0,0,0,0,0,0,0,0,215000,0,0,0,215000,0,215000,215000
061597,南六永豐9A購04  ,0,0,0,0,0,0,0,0,0,215000,0,0,0,448000,233000,215000,215000
061248,健策群益9A購03  ,0,0,0,0,0,0,0,0,0,215000,0,0,0,236000,21000,215000,215000
061184,大立光國泰9C購01,0,0,0,0,0,0,0,0,0,215000,0,0,0,232000,17000,215000,215000
00737,國泰AI+Robo     ,244000,3000,241000,0,0,0,0,0,0,-27000,0,0,0,160000,187000,-27000,214000
057670,欣興元大99購02  ,0,0,0,0,0,0,0,0,0,214000,0,0,0,283000,69000,214000,214000
060636,大毅永豐9A購02  ,0,0,0,0,0,0,0,0,0,214000,0,0,0,230000,16000,214000,214000
057623,友訊國泰99購01  ,0,0,0,0,0,0,0,0,0,214000,0,0,0,214000,0,214000,214000
058999,台積電元大99購24,0,0,0,0,0,0,0,0,0,214000,0,0,0,214000,0,214000,214000
061660,禾伸堂永豐9A購01,0,0,0,0,0,0,0,0,0,214000,0,0,0,424000,210000,214000,214000
08068P,宏達電國泰9C售01,0,0,0,0,0,0,0,0,0,213000,0,0,0,213000,0,213000,213000
056710,漢唐永豐98購01  ,0,0,0,0,0,0,0,0,0,213000,0,0,0,281000,68000,213000,213000
060682,牧德元大9A購03  ,0,0,0,0,0,0,0,0,0,213000,0,0,0,213000,0,213000,213000
05875P,旺宏群益98售01  ,0,0,0,0,0,0,0,0,0,213000,0,0,0,213000,0,213000,213000
060888,金像電統一9C購01,0,0,0,0,0,0,0,0,0,213000,0,0,0,322000,109000,213000,213000
061907,裕隆中信9B購01  ,0,0,0,0,0,0,0,0,0,213000,0,0,0,289000,76000,213000,213000
5305,敦南            ,268000,64000,204000,0,0,0,3000,0,3000,5000,5000,0,5000,0,0,0,212000
063641,泰鼎元大9B購04  ,0,0,0,0,0,0,0,0,0,212000,0,0,0,600000,388000,212000,212000
060506,京元電元大9A購02,0,0,0,0,0,0,0,0,0,212000,0,0,0,250000,38000,212000,212000
059453,奇力新永豐99購01,0,0,0,0,0,0,0,0,0,212000,0,0,0,212000,0,212000,212000
061901,柏文永豐9B購01  ,0,0,0,0,0,0,0,0,0,212000,0,0,0,220000,8000,212000,212000
2367,燿華            ,3573000,3791000,-218000,0,0,0,0,0,0,429000,1000,2000,-1000,1027000,597000,430000,211000
061347,創意元大9A購02  ,0,0,0,0,0,0,0,0,0,211000,0,0,0,221000,10000,211000,211000
059140,大立光兆豐9A購02,0,0,0,0,0,0,0,0,0,210000,0,0,0,358000,148000,210000,210000
061466,創意群益9A購01  ,0,0,0,0,0,0,0,0,0,210000,0,0,0,296000,86000,210000,210000
062327,燿華統一9B購02  ,0,0,0,0,0,0,0,0,0,210000,0,0,0,486000,276000,210000,210000
062158,禾伸堂凱基9B購01,0,0,0,0,0,0,0,0,0,210000,0,0,0,210000,0,210000,210000
062607,美食凱基9B購01  ,0,0,0,0,0,0,0,0,0,210000,0,0,0,230000,20000,210000,210000
2891,中信金          ,20636120,20414109,222011,0,0,0,0,13000,-13000,0,3000,3000,0,0,0,0,209011
055176,大毅統一98購02  ,0,0,0,0,0,0,0,0,0,209000,0,0,0,209000,0,209000,209000
062043,牧德凱基9B購04  ,0,0,0,0,0,0,0,0,0,209000,0,0,0,223000,14000,209000,209000
061593,智原永豐9A購01  ,1000,0,1000,0,0,0,0,0,0,208000,0,0,0,208000,0,208000,209000
061094,彩晶統一9B購02  ,0,0,0,0,0,0,0,0,0,209000,0,0,0,209000,0,209000,209000
055545,國巨凱基97購06  ,0,0,0,0,0,0,0,0,0,208000,0,0,0,210000,2000,208000,208000
056420,台表科元富98購01,0,0,0,0,0,0,0,0,0,208000,0,0,0,869000,661000,208000,208000
056422,全新統一98購02  ,0,0,0,0,0,0,0,0,0,208000,0,0,0,243000,35000,208000,208000
060641,聯鈞永豐9A購01  ,0,0,0,0,0,0,0,0,0,208000,0,0,0,288000,80000,208000,208000
057299,立積永豐98購02  ,0,0,0,0,0,0,0,0,0,208000,0,0,0,213000,5000,208000,208000
063661,聚陽統一9C購02  ,0,0,0,0,0,0,0,0,0,207000,0,0,0,242000,35000,207000,207000
049007,玉晶光中信96購01,0,0,0,0,0,0,0,0,0,207000,0,0,0,207000,0,207000,207000
056700,華新科國泰99購03,0,0,0,0,0,0,0,0,0,207000,0,0,0,207000,0,207000,207000
061769,晶技元大9B購03  ,0,0,0,0,0,0,0,0,0,207000,0,0,0,302000,95000,207000,207000
055559,大立光凱基97購09,0,0,0,0,0,0,0,0,0,206000,0,0,0,207000,1000,206000,206000
060126,創意永豐99購04  ,0,0,0,0,0,0,0,0,0,206000,0,0,0,231000,25000,206000,206000
046628,大立光統一98購01,0,0,0,0,0,0,0,0,0,206000,0,0,0,528000,322000,206000,206000
055532,中工群益98購01  ,0,0,0,0,0,0,0,0,0,206000,0,0,0,206000,0,206000,206000
063650,矽創元大9B購03  ,0,0,0,0,0,0,0,0,0,205000,0,0,0,346000,141000,205000,205000
059042,世紀鋼群益99購02,0,0,0,0,0,0,0,0,0,205000,0,0,0,215000,10000,205000,205000
058146,勤誠元大99購01  ,0,0,0,0,0,0,0,0,0,205000,0,0,0,327000,122000,205000,205000
061438,牧德凱基9B購02  ,0,0,0,0,0,0,0,0,0,205000,0,0,0,219000,14000,205000,205000
063548,同欣電兆豐9B購01,0,0,0,0,0,0,0,0,0,204000,0,0,0,214000,10000,204000,204000
058864,欣興凱基99購04  ,0,0,0,0,0,0,0,0,0,203000,0,0,0,223000,20000,203000,203000
060747,聯鈞國票9A購02  ,0,0,0,0,0,0,0,0,0,203000,0,0,0,387000,184000,203000,203000
062495,友達中信01購02  ,0,0,0,0,0,0,0,0,0,203000,0,0,0,213000,10000,203000,203000
063124,奇力新元大9B購05,0,0,0,0,0,0,0,0,0,203000,0,0,0,226000,23000,203000,203000
057507,貿聯國票98購02  ,0,0,0,0,0,0,0,0,0,202000,0,0,0,205000,3000,202000,202000
062186,晶技元大9B購05  ,0,0,0,0,0,0,0,0,0,202000,0,0,0,289000,87000,202000,202000
056560,旺宏群益98購03  ,0,0,0,0,0,0,0,0,0,201000,0,0,0,211000,10000,201000,201000
054627,義隆凱基98購01  ,0,0,0,0,0,0,0,0,0,201000,0,0,0,246000,45000,201000,201000
062450,臻鼎元大9B購02  ,0,0,0,0,0,0,0,0,0,201000,0,0,0,216000,15000,201000,201000
06939P,國巨永豐98售09  ,0,0,0,0,0,0,0,0,0,200000,0,0,0,200000,0,200000,200000
07966P,瑞祺群益9B售02  ,0,0,0,0,0,0,0,0,0,200000,0,0,0,200000,0,200000,200000
056571,燿華元大98購02  ,0,0,0,0,0,0,0,0,0,200000,0,0,0,347000,147000,200000,200000
054795,合勤控群益98購01,0,0,0,0,0,0,0,0,0,200000,0,0,0,210000,10000,200000,200000
058081,技嘉群益9A購03  ,0,0,0,0,0,0,0,0,0,200000,0,0,0,218000,18000,200000,200000
057808,旺宏元大99購05  ,0,0,0,0,0,0,0,0,0,200000,0,0,0,200000,0,200000,200000
057687,中502X凱基98購01,0,0,0,0,0,0,0,0,0,200000,0,0,0,200000,0,200000,200000
060055,宏達電凱基99購06,0,0,0,0,0,0,0,0,0,200000,0,0,0,209000,9000,200000,200000
062362,致茂元大9B購01  ,0,0,0,0,0,0,0,0,0,200000,0,0,0,250000,50000,200000,200000
063048,聯詠兆豐9B購01  ,0,0,0,0,0,0,0,0,0,200000,0,0,0,511000,311000,200000,200000
062831,嘉澤群益9B購01  ,0,0,0,0,0,0,0,0,0,200000,0,0,0,239000,39000,200000,200000
058127,FBVIX元大9C購01 ,0,0,0,0,0,0,0,0,0,199000,0,0,0,199000,0,199000,199000
059295,大立光元富99購05,0,0,0,0,0,0,0,0,0,199000,0,0,0,417000,218000,199000,199000
062877,可成兆豐9C購01  ,0,0,0,0,0,0,0,0,0,199000,0,0,0,337000,138000,199000,199000
1802,台玻            ,272000,88000,184000,0,0,0,0,0,0,14000,14000,0,14000,0,0,0,198000
054725,國巨日盛97購01  ,0,0,0,0,0,0,0,0,0,198000,0,0,0,298000,100000,198000,198000
059257,臺股指凱基99購35,0,0,0,0,0,0,0,0,0,198000,0,0,0,200000,2000,198000,198000
058663,瑞儀兆豐9A購01  ,0,0,0,0,0,0,0,0,0,198000,0,0,0,208000,10000,198000,198000
060468,聯鈞元大9A購02  ,0,0,0,0,0,0,0,0,0,198000,0,0,0,250000,52000,198000,198000
06209P,旺宏統一97售07  ,0,0,0,0,0,0,0,0,0,198000,0,0,0,198000,0,198000,198000
6141,柏承            ,340000,142000,198000,0,0,0,0,0,0,-1000,0,1000,-1000,0,0,0,197000
058617,南電元大99購01  ,0,0,0,0,0,0,0,0,0,197000,0,0,0,202000,5000,197000,197000
2421,建準            ,1614000,1470000,144000,0,0,0,0,0,0,52000,76000,0,76000,51000,75000,-24000,196000
059061,晶技凱基9A購01  ,0,0,0,0,0,0,0,0,0,196000,0,0,0,210000,14000,196000,196000
057650,力成元大98購04  ,0,0,0,0,0,0,0,0,0,196000,0,0,0,196000,0,196000,196000
061842,牧德凱基9C購01  ,0,0,0,0,0,0,0,0,0,196000,0,0,0,221000,25000,196000,196000
061129,文曄永豐9A購01  ,0,0,0,0,0,0,0,0,0,196000,0,0,0,196000,0,196000,196000
06701P,臺股指統一99售06,0,0,0,0,0,0,0,0,0,195000,0,0,0,320000,125000,195000,195000
057297,新日興永豐98購01,0,0,0,0,0,0,0,0,0,195000,0,0,0,269000,74000,195000,195000
057998,玉晶光麥證9A購01,0,0,0,350000,155000,195000,0,0,0,195000,0,0,0,350000,155000,195000,195000
061700,瑞昱國票9A購02  ,0,0,0,0,0,0,0,0,0,195000,0,0,0,290000,95000,195000,195000
061197,矽創永豐9A購02  ,0,0,0,0,0,0,0,0,0,195000,0,0,0,360000,165000,195000,195000
06234P,亞德客元大97售02,0,0,0,0,0,0,0,0,0,195000,0,0,0,195000,0,195000,195000
062883,智易兆豐9C購01  ,0,0,0,0,0,0,0,0,0,195000,0,0,0,195000,0,195000,195000
055647,義隆元富97購01  ,0,0,0,0,0,0,0,0,0,194000,0,0,0,214000,20000,194000,194000
055933,欣興群益98購02  ,0,0,0,0,0,0,0,0,0,193000,0,0,0,193000,0,193000,193000
057788,嘉聯益國票99購01,0,0,0,0,0,0,0,0,0,193000,0,0,0,193000,0,193000,193000
060308,劍麟永豐9A購01  ,0,0,0,0,0,0,0,0,0,193000,0,0,0,281000,88000,193000,193000
063373,晶技永豐9B購02  ,0,0,0,0,0,0,0,0,0,192000,0,0,0,192000,0,192000,192000
057428,正崴兆豐98購01  ,0,0,0,0,0,0,0,0,0,192000,0,0,0,300000,108000,192000,192000
055138,大毅永豐97購02  ,0,0,0,0,0,0,0,0,0,192000,0,0,0,240000,48000,192000,192000
055203,建準中信97購01  ,0,0,0,0,0,0,0,0,0,192000,0,0,0,212000,20000,192000,192000
060675,南亞科元大9A購02,0,0,0,0,0,0,0,0,0,192000,0,0,0,260000,68000,192000,192000
058153,景碩統一9B購01  ,0,0,0,0,0,0,0,0,0,192000,0,0,0,457000,265000,192000,192000
058496,文曄群益99購01  ,0,0,0,0,0,0,0,0,0,192000,0,0,0,192000,0,192000,192000
058923,華新科元富99購06,0,0,0,0,0,0,0,0,0,192000,0,0,0,238000,46000,192000,192000
052945,嘉晶國票97購01  ,0,0,0,0,0,0,0,0,0,191000,0,0,0,261000,70000,191000,191000
059942,全新永豐99購04  ,0,0,0,0,0,0,0,0,0,191000,0,0,0,191000,0,191000,191000
057347,國巨統一9A購03  ,0,0,0,0,0,0,0,0,0,191000,0,0,0,384000,193000,191000,191000
063477,訊芯元大9B購01  ,0,0,0,0,0,0,0,0,0,190000,0,0,0,368000,178000,190000,190000
061646,力成元大9A購02  ,0,0,0,0,0,0,0,0,0,190000,0,0,0,351000,161000,190000,190000
06779P,智邦元大98售12  ,0,0,0,0,0,0,0,0,0,189000,0,0,0,189000,0,189000,189000
053117,大立光中信9A購02,0,0,0,0,0,0,0,0,0,189000,0,0,0,605000,416000,189000,189000
006206,元大上證50      ,1000,100000,-99000,0,0,0,0,0,0,288000,0,0,0,516000,228000,288000,189000
057003,立積國票98購01  ,0,0,0,0,0,0,0,0,0,188000,0,0,0,220000,32000,188000,188000
059095,訊芯元大99購01  ,0,0,0,0,0,0,0,0,0,188000,0,0,0,846000,658000,188000,188000
054021,義隆台新96購01  ,0,0,0,0,0,0,0,0,0,187000,0,0,0,192000,5000,187000,187000
055533,大立光群益97購03,0,0,0,0,0,0,0,0,0,187000,0,0,0,200000,13000,187000,187000
055707,聯鈞永豐98購01  ,0,0,0,0,0,0,0,0,0,187000,0,0,0,187000,0,187000,187000
056116,義隆群益97購02  ,0,0,0,0,0,0,0,0,0,187000,0,0,0,197000,10000,187000,187000
060017,全新康和99購01  ,0,0,0,0,0,0,0,0,0,187000,0,0,0,277000,90000,187000,187000
056971,麗豐永豐98購01  ,0,0,0,0,0,0,0,0,0,187000,0,0,0,187000,0,187000,187000
062974,奇力新元富9B購01,0,0,0,0,0,0,0,0,0,187000,0,0,0,316000,129000,187000,187000
062824,國巨群益9C購03  ,0,0,0,0,0,0,0,0,0,187000,0,0,0,227000,40000,187000,187000
4414,如興            ,312000,126000,186000,0,0,0,0,0,0,0,0,0,0,0,0,0,186000
056119,欣興群益97購02  ,0,0,0,0,0,0,0,0,0,186000,0,0,0,306000,120000,186000,186000
054589,聯鈞國泰99購01  ,0,0,0,0,0,0,0,0,0,186000,0,0,0,405000,219000,186000,186000
057810,技嘉元大98購06  ,0,0,0,0,0,0,0,0,0,186000,0,0,0,206000,20000,186000,186000
060733,和大統一9C購01  ,0,0,0,0,0,0,0,0,0,186000,0,0,0,360000,174000,186000,186000
063276,和大元大9B購01  ,0,0,0,0,0,0,0,0,0,186000,0,0,0,186000,0,186000,186000
062138,力成群益9B購01  ,0,0,0,0,0,0,0,0,0,186000,0,0,0,210000,24000,186000,186000
062003,國巨國泰01購01  ,15000,0,15000,0,0,0,0,0,0,171000,0,0,0,328000,157000,171000,186000
061789,群創群益9B購01  ,0,0,0,0,0,0,0,0,0,186000,0,0,0,186000,0,186000,186000
055705,微星永豐97購01  ,0,0,0,0,0,0,0,0,0,185000,0,0,0,185000,0,185000,185000
062413,台光電中信9B購02,0,0,0,0,0,0,0,0,0,185000,0,0,0,187000,2000,185000,185000
061584,勤誠元大9A購01  ,0,0,0,0,0,0,0,0,0,185000,0,0,0,375000,190000,185000,185000
063093,國產國票9B購01  ,0,0,0,0,0,0,0,0,0,185000,0,0,0,273000,88000,185000,185000
056135,緯創元大98購01  ,0,0,0,0,0,0,0,0,0,184000,0,0,0,214000,30000,184000,184000
059975,元金2X元大99購02,0,0,0,0,0,0,0,0,0,184000,0,0,0,202000,18000,184000,184000
062328,南亞科統一9C購01,0,0,0,0,0,0,0,0,0,184000,0,0,0,275000,91000,184000,184000
063659,世紀鋼元富9B購01,0,0,0,0,0,0,0,0,0,183000,0,0,0,193000,10000,183000,183000
058026,上銀富邦9A購01  ,0,0,0,0,0,0,0,0,0,183000,0,0,0,255000,72000,183000,183000
062996,致茂國票9C購01  ,0,0,0,0,0,0,0,0,0,183000,0,0,0,194000,11000,183000,183000
061762,台塑元大9B購01  ,0,0,0,0,0,0,0,0,0,183000,0,0,0,193000,10000,183000,183000
054377,臺股指中信99購09,0,0,0,0,0,0,0,0,0,182000,0,0,0,182000,0,182000,182000
058832,立積永豐99購01  ,0,0,0,0,0,0,0,0,0,182000,0,0,0,228000,46000,182000,182000
057807,友訊元大98購02  ,0,0,0,0,0,0,0,0,0,182000,0,0,0,182000,0,182000,182000
060794,景碩永豐9A購02  ,0,0,0,0,0,0,0,0,0,182000,0,0,0,220000,38000,182000,182000
060336,南電康和9A購01  ,0,0,0,0,0,0,0,0,0,182000,0,0,0,190000,8000,182000,182000
060364,奇力新元富9A購01,0,0,0,0,0,0,0,0,0,182000,0,0,0,291000,109000,182000,182000
058943,元石油群益9C購01,0,0,0,0,0,0,0,0,0,181000,0,0,0,181000,0,181000,181000
058634,可成兆豐99購03  ,0,0,0,0,0,0,0,0,0,181000,0,0,0,211000,30000,181000,181000
063505,奇力新群益9B購03,0,0,0,0,0,0,0,0,0,181000,0,0,0,293000,112000,181000,181000
063586,燿華永豐9B購02  ,0,0,0,0,0,0,0,0,0,180000,0,0,0,833000,653000,180000,180000
052764,景碩群益98購01  ,0,0,0,0,0,0,0,0,0,180000,0,0,0,190000,10000,180000,180000
03438P,群創群益98售03  ,0,0,0,0,0,0,0,0,0,180000,0,0,0,180000,0,180000,180000
056214,義隆國票99購01  ,0,0,0,0,0,0,0,0,0,180000,0,0,0,218000,38000,180000,180000
058061,貿聯元富9B購01  ,0,0,0,0,0,0,0,0,0,180000,0,0,0,192000,12000,180000,180000
059979,台積電元大99購49,0,0,0,0,0,0,0,0,0,180000,0,0,0,180000,0,180000,180000
061518,達方永豐9A購02  ,0,0,0,0,0,0,0,0,0,180000,0,0,0,182000,2000,180000,180000
062165,聯茂國泰01購01  ,0,0,0,0,0,0,0,0,0,180000,0,0,0,466000,286000,180000,180000
07608P,台灣50國票9C售03,0,0,0,0,0,0,0,0,0,179000,0,0,0,181000,2000,179000,179000
054758,南亞國票9A購01  ,0,0,0,0,0,0,0,0,0,179000,0,0,0,189000,10000,179000,179000
060010,義隆群益99購02  ,0,0,0,0,0,0,0,0,0,179000,0,0,0,191000,12000,179000,179000
056732,國巨凱基98購07  ,0,0,0,0,0,0,0,0,0,178000,0,0,0,178000,0,178000,178000
054045,奇力新元大97購03,0,0,0,0,0,0,0,0,0,178000,0,0,0,178000,0,178000,178000
058091,欣興元大99購03  ,0,0,0,0,0,0,0,0,0,178000,0,0,0,193000,15000,178000,178000
060404,台勝科國泰9B購01,0,0,0,0,0,0,0,0,0,178000,0,0,0,211000,33000,178000,178000
060576,欣興中信9B購01  ,0,0,0,0,0,0,0,0,0,178000,0,0,0,212000,34000,178000,178000
061413,台勝科群益9A購01,0,0,0,0,0,0,0,0,0,178000,0,0,0,336000,158000,178000,178000
062913,創意元大9B購02  ,0,0,0,0,0,0,0,0,0,178000,0,0,0,218000,40000,178000,178000
059671,滬深2X元富99購05,0,0,0,0,0,0,0,0,0,177000,0,0,0,306000,129000,177000,177000
057613,瑞昱元富02購02  ,0,0,0,0,0,0,0,0,0,177000,0,0,0,219000,42000,177000,177000
058963,華新科兆豐99購05,0,0,0,0,0,0,0,0,0,177000,0,0,0,182000,5000,177000,177000
062816,華新科兆豐9B購01,0,0,0,0,0,0,0,0,0,177000,0,0,0,177000,0,177000,177000
063270,喬山兆豐9C購01  ,0,0,0,0,0,0,0,0,0,177000,0,0,0,225000,48000,177000,177000
061169,GIS兆豐9A購01   ,0,0,0,0,0,0,0,0,0,177000,0,0,0,177000,0,177000,177000
07105P,大毅元富99售02  ,0,0,0,0,0,0,0,0,0,176000,0,0,0,176000,0,176000,176000
2348,海悅            ,227000,44000,183000,0,0,0,2000,0,2000,-9000,0,9000,-9000,0,0,0,176000
055553,聯發科凱基97購05,0,0,0,0,0,0,0,0,0,176000,0,0,0,176000,0,176000,176000
055173,瑞昱統一97購01  ,0,0,0,0,0,0,0,0,0,176000,0,0,0,176000,0,176000,176000
054828,正崴國泰99購01  ,0,0,0,0,0,0,0,0,0,176000,0,0,0,464000,288000,176000,176000
062096,神隆永豐9B購01  ,0,0,0,0,0,0,0,0,0,176000,0,0,0,180000,4000,176000,176000
2489,瑞軒            ,290000,115000,175000,0,0,0,0,0,0,0,0,0,0,0,0,0,175000
07933P,大立光富邦9C售06,0,0,0,0,0,0,0,0,0,175000,0,0,0,187000,12000,175000,175000
063435,儒鴻統一01購02  ,0,0,0,0,0,0,0,0,0,175000,0,0,0,175000,0,175000,175000
056089,同欣電統一98購01,0,0,0,0,0,0,0,0,0,175000,0,0,0,175000,0,175000,175000
054554,大立光凱基98購02,0,0,0,0,0,0,0,0,0,175000,0,0,0,214000,39000,175000,175000
057773,技嘉群益9A購02  ,0,0,0,0,0,0,0,0,0,175000,0,0,0,232000,57000,175000,175000
061704,景碩國票9A購01  ,0,0,0,0,0,0,0,0,0,175000,0,0,0,175000,0,175000,175000
063381,和潤永豐9B購01  ,0,0,0,0,0,0,0,0,0,174000,0,0,0,225000,51000,174000,174000
08057P,京鼎群益9B售01  ,0,0,0,0,0,0,0,0,0,174000,0,0,0,194000,20000,174000,174000
058732,矽格永豐99購01  ,0,0,0,0,0,0,0,0,0,174000,0,0,0,697000,523000,174000,174000
060254,世紀鋼元大9A購01,0,0,0,0,0,0,0,0,0,174000,0,0,0,174000,0,174000,174000
063693,智易永豐9B購02  ,0,0,0,0,0,0,0,0,0,173000,0,0,0,173000,0,173000,173000
058145,聯茂元大99購03  ,0,0,0,0,0,0,0,0,0,173000,0,0,0,178000,5000,173000,173000
058731,貿聯永豐99購02  ,0,0,0,0,0,0,0,0,0,173000,0,0,0,193000,20000,173000,173000
057799,世紀鋼兆豐98購01,0,0,0,0,0,0,0,0,0,173000,0,0,0,175000,2000,173000,173000
8028,昇陽半導體      ,434000,241000,193000,0,0,0,0,0,0,-21000,0,21000,-21000,0,0,0,172000
056129,義隆麥證97購01  ,0,0,0,172000,0,172000,0,0,0,172000,0,0,0,172000,0,172000,172000
055058,大毅永豐97購01  ,0,0,0,0,0,0,0,0,0,172000,0,0,0,216000,44000,172000,172000
053947,義隆富邦97購01  ,0,0,0,0,0,0,0,0,0,172000,0,0,0,332000,160000,172000,172000
057663,國巨元大99購08  ,0,0,0,0,0,0,0,0,0,172000,0,0,0,172000,0,172000,172000
059852,康控永豐99購02  ,0,0,0,0,0,0,0,0,0,172000,0,0,0,215000,43000,172000,172000
060918,康友國泰9C購01  ,0,0,0,0,0,0,0,0,0,172000,0,0,0,237000,65000,172000,172000
3708,上緯投控        ,371000,180000,191000,0,0,0,0,0,0,-20000,1000,0,1000,0,21000,-21000,171000
056733,國巨凱基98購10  ,0,0,0,0,0,0,0,0,0,171000,0,0,0,171000,0,171000,171000
058586,鴻海中信01購02  ,0,0,0,0,0,0,0,0,0,171000,0,0,0,233000,62000,171000,171000
057325,可成群益9A購01  ,0,0,0,0,0,0,0,0,0,171000,0,0,0,247000,76000,171000,171000
060342,台積電統一02購01,0,0,0,0,0,0,0,0,0,171000,0,0,0,172000,1000,171000,171000
061913,宏碁中信9B購01  ,0,0,0,0,0,0,0,0,0,171000,0,0,0,219000,48000,171000,171000
056130,新日興麥證97購01,0,0,0,406000,116000,290000,0,0,0,170000,0,0,0,406000,236000,170000,170000
056577,玉晶光元大99購06,0,0,0,0,0,0,0,0,0,170000,0,0,0,174000,4000,170000,170000
006205,富邦上証        ,72000,9000,63000,0,0,0,0,0,0,107000,20000,20000,0,1421000,1314000,107000,170000
057517,矽創元富98購02  ,0,0,0,0,0,0,0,0,0,170000,0,0,0,170000,0,170000,170000
063486,聚陽國泰9C購01  ,0,0,0,0,0,0,0,0,0,169000,0,0,0,169000,0,169000,169000
063626,聚陽元大9B購03  ,0,0,0,0,0,0,0,0,0,169000,0,0,0,244000,75000,169000,169000
059290,全新元富99購01  ,0,0,0,0,0,0,0,0,0,169000,0,0,0,212000,43000,169000,169000
4960,誠美材          ,656000,487000,169000,0,0,0,0,0,0,-1000,0,1000,-1000,0,0,0,168000
058006,台郡群益98購04  ,0,0,0,0,0,0,0,0,0,168000,0,0,0,168000,0,168000,168000
055207,致新中信99購01  ,0,0,0,0,0,0,0,0,0,167000,0,0,0,232000,65000,167000,167000
054704,玉晶光第一97購01,0,0,0,0,0,0,0,0,0,167000,0,0,0,167000,0,167000,167000
059375,道瓊反群益9C購02,0,0,0,0,0,0,0,0,0,167000,0,0,0,192000,25000,167000,167000
05915P,聯發科元大96售19,0,0,0,0,0,0,0,0,0,167000,0,0,0,200000,33000,167000,167000
059036,可成群益9B購03  ,0,0,0,0,0,0,0,0,0,167000,0,0,0,193000,26000,167000,167000
057059,易華電元大99購01,0,0,0,0,0,0,0,0,0,167000,0,0,0,187000,20000,167000,167000
06811P,聯發科統一98售06,0,0,0,0,0,0,0,0,0,167000,0,0,0,167000,0,167000,167000
061505,力成國票9A購03  ,0,0,0,0,0,0,0,0,0,167000,0,0,0,197000,30000,167000,167000
08173P,金像電凱基9B售02,0,0,0,0,0,0,0,0,0,166000,0,0,0,166000,0,166000,166000
05639P,欣興統一97售01  ,0,0,0,0,0,0,0,0,0,166000,0,0,0,269000,103000,166000,166000
055417,健策富邦98購02  ,0,0,0,0,0,0,0,0,0,166000,0,0,0,167000,1000,166000,166000
056943,華通統一99購01  ,0,0,0,0,0,0,0,0,0,166000,0,0,0,333000,167000,166000,166000
060414,中興電永豐9A購01,0,0,0,0,0,0,0,0,0,166000,0,0,0,186000,20000,166000,166000
058820,致茂國泰9B購01  ,0,0,0,0,0,0,0,0,0,166000,0,0,0,176000,10000,166000,166000
060347,大立光統一02購01,0,0,0,0,0,0,0,0,0,166000,0,0,0,193000,27000,166000,166000
062052,華通統一01購01  ,0,0,0,0,0,0,0,0,0,166000,0,0,0,168000,2000,166000,166000
2801,彰銀            ,3951292,3758511,192781,0,0,0,0,0,0,-27000,3000,30000,-27000,0,0,0,165781
2908,特力            ,430000,266000,164000,0,0,0,0,0,0,1000,1000,0,1000,0,0,0,165000
2206,三陽工業        ,177000,16000,161000,0,0,0,0,4000,-4000,8000,8000,0,8000,0,0,0,165000
06454P,緯穎元大98售04  ,0,0,0,0,0,0,0,0,0,165000,0,0,0,165000,0,165000,165000
055716,致茂元大97購01  ,0,0,0,0,0,0,0,0,0,165000,0,0,0,250000,85000,165000,165000
059396,T50反1元富99購04,0,0,0,0,0,0,0,0,0,165000,0,0,0,192000,27000,165000,165000
056895,技嘉元大98購01  ,0,0,0,0,0,0,0,0,0,165000,0,0,0,165000,0,165000,165000
060667,力成凱基9A購01  ,0,0,0,0,0,0,0,0,0,165000,0,0,0,175000,10000,165000,165000
062875,瑞昱兆豐9C購01  ,0,0,0,0,0,0,0,0,0,165000,0,0,0,174000,9000,165000,165000
055114,新日興凱基98購01,0,0,0,0,0,0,0,0,0,164000,0,0,0,266000,102000,164000,164000
054788,華新科群益98購02,0,0,0,0,0,0,0,0,0,164000,0,0,0,164000,0,164000,164000
00686R,群益臺灣加權反1 ,0,0,0,0,0,0,0,0,0,164000,0,0,0,239000,75000,164000,164000
059114,華新科永豐99購05,0,0,0,0,0,0,0,0,0,164000,0,0,0,164000,0,164000,164000
062746,致伸永豐9B購01  ,0,0,0,0,0,0,0,0,0,164000,0,0,0,311000,147000,164000,164000
062117,燿華中信9B購01  ,0,0,0,0,0,0,0,0,0,164000,0,0,0,200000,36000,164000,164000
062369,創意元大9B購01  ,0,0,0,0,0,0,0,0,0,164000,0,0,0,164000,0,164000,164000
063025,超眾元大9B購01  ,0,0,0,0,0,0,0,0,0,164000,0,0,0,223000,59000,164000,164000
2239,英利-KY         ,167000,99000,68000,0,0,0,105000,0,105000,-10000,1000,11000,-10000,0,0,0,163000
2511,太子            ,327000,163000,164000,0,0,0,0,0,0,-1000,1000,2000,-1000,0,0,0,163000
056599,臻鼎元富98購01  ,0,0,0,0,0,0,0,0,0,163000,0,0,0,303000,140000,163000,163000
063502,南電永豐9B購02  ,0,0,0,0,0,0,0,0,0,163000,0,0,0,168000,5000,163000,163000
061356,南電元大9A購06  ,0,0,0,0,0,0,0,0,0,163000,0,0,0,282000,119000,163000,163000
061168,力成兆豐9A購01  ,0,0,0,0,0,0,0,0,0,163000,0,0,0,342000,179000,163000,163000
062090,南電元大9B購02  ,0,0,0,0,0,0,0,0,0,163000,0,0,0,163000,0,163000,163000
063442,金像電統一01購01,0,0,0,0,0,0,0,0,0,162000,0,0,0,162000,0,162000,162000
056578,智易元大99購02  ,0,0,0,0,0,0,0,0,0,162000,0,0,0,214000,52000,162000,162000
056200,大毅永豐98購01  ,0,0,0,0,0,0,0,0,0,162000,0,0,0,212000,50000,162000,162000
00645,富邦日本        ,0,0,0,0,0,0,0,0,0,162000,0,0,0,222000,60000,162000,162000
059708,立積凱基9A購02  ,0,0,0,0,0,0,0,0,0,162000,0,0,0,162000,0,162000,162000
061426,玉晶光元大9A購15,0,0,0,0,0,0,0,0,0,162000,0,0,0,177000,15000,162000,162000
063552,晶技國票9B購03  ,0,0,0,0,0,0,0,0,0,162000,0,0,0,163000,1000,162000,162000
057176,全新元大99購02  ,0,0,0,0,0,0,0,0,0,161000,0,0,0,361000,200000,161000,161000
059480,美律群益9A購01  ,0,0,0,0,0,0,0,0,0,161000,0,0,0,259000,98000,161000,161000
061622,臻鼎群益9A購01  ,0,25000,-25000,0,0,0,0,0,0,186000,0,0,0,256000,70000,186000,161000
062080,奇力新元大9B購02,0,0,0,0,0,0,0,0,0,161000,0,0,0,211000,50000,161000,161000
062193,瑞昱第一9B購01  ,0,0,0,0,0,0,0,0,0,161000,0,0,0,213000,52000,161000,161000
062817,富邦金兆豐9B購01,0,0,0,0,0,0,0,0,0,161000,0,0,0,214000,53000,161000,161000
063391,南電兆豐9C購01  ,0,0,0,0,0,0,0,0,0,160000,0,0,0,286000,126000,160000,160000
1337,再生-KY         ,168000,8000,160000,0,0,0,0,0,0,0,0,0,0,0,0,0,160000
053035,台表科兆豐97購01,0,0,0,0,0,0,0,0,0,160000,0,0,0,160000,0,160000,160000
058399,美律元大99購05  ,0,0,0,0,0,0,0,0,0,160000,0,0,0,160000,0,160000,160000
059886,可成國票99購04  ,0,0,0,0,0,0,0,0,0,160000,0,0,0,171000,11000,160000,160000
061693,華新科群益9B購02,0,0,0,0,0,0,0,0,0,160000,0,0,0,160000,0,160000,160000
061785,奇力新群益9B購01,0,0,0,0,0,0,0,0,0,160000,0,0,0,193000,33000,160000,160000
3532,台勝科          ,279000,156000,123000,0,0,0,50000,0,50000,-14000,3000,1000,2000,18000,34000,-16000,159000
056126,台郡國票98購02  ,0,0,0,0,0,0,0,0,0,159000,0,0,0,241000,82000,159000,159000
055357,欣興凱基97購04  ,0,0,0,0,0,0,0,0,0,159000,0,0,0,162000,3000,159000,159000
054318,台虹凱基98購01  ,0,0,0,0,0,0,0,0,0,159000,0,0,0,243000,84000,159000,159000
047196,上銀統一97購01  ,0,0,0,0,0,0,0,0,0,159000,0,0,0,159000,0,159000,159000
061286,大立光統一9A購05,0,0,0,0,0,0,0,0,0,159000,0,0,0,169000,10000,159000,159000
062916,智易元大9B購01  ,0,0,0,0,0,0,0,0,0,159000,0,0,0,164000,5000,159000,159000
062004,國巨國泰9C購03  ,0,0,0,0,0,0,0,0,0,159000,0,0,0,206000,47000,159000,159000
062481,同欣電國票9B購01,0,0,0,0,0,0,0,0,0,159000,0,0,0,159000,0,159000,159000
062320,南電凱基9B購03  ,0,0,0,0,0,0,0,0,0,159000,0,0,0,159000,0,159000,159000
07930P,聯發科統一9B售06,0,0,0,0,0,0,0,0,0,158000,0,0,0,163000,5000,158000,158000
059851,晶相光永豐99購02,0,0,0,0,0,0,0,0,0,158000,0,0,0,160000,2000,158000,158000
062540,茂林國泰9C購01  ,0,0,0,0,0,0,0,0,0,158000,0,0,0,250000,92000,158000,158000
02001R,富邦蘋果反一N   ,0,0,0,0,0,0,0,0,0,157000,0,0,0,244000,87000,157000,157000
053569,漢唐統一98購01  ,0,0,0,0,0,0,0,0,0,157000,0,0,0,157000,0,157000,157000
056486,樺漢元大98購04  ,0,0,0,0,0,0,0,0,0,157000,0,0,0,270000,113000,157000,157000
054578,世芯元大99購01  ,0,0,0,0,0,0,0,0,0,157000,0,0,0,195000,38000,157000,157000
061606,景碩凱基9A購02  ,0,0,0,0,0,0,0,0,0,157000,0,0,0,383000,226000,157000,157000
061036,晶技永豐9A購03  ,0,0,0,0,0,0,0,0,0,157000,0,0,0,157000,0,157000,157000
07646P,世芯元大9A售04  ,0,0,0,0,0,0,0,0,0,156000,0,0,0,431000,275000,156000,156000
063669,宏達電統一9C購01,0,0,0,0,0,0,0,0,0,156000,0,0,0,156000,0,156000,156000
056206,泰鼎永豐97購01  ,0,0,0,0,0,0,0,0,0,156000,0,0,0,156000,0,156000,156000
056565,欣興群益98購03  ,0,0,0,0,0,0,0,0,0,156000,0,0,0,197000,41000,156000,156000
05201P,玉晶光國泰97售02,0,0,0,0,0,0,0,0,0,156000,0,0,0,156000,0,156000,156000
060093,友達元大03購01  ,0,0,0,0,0,0,0,0,0,156000,0,0,0,238000,82000,156000,156000
061084,京元電兆豐9A購02,0,0,0,0,0,0,0,0,0,156000,0,0,0,156000,0,156000,156000
061453,台達電凱基9B購01,0,0,0,0,0,0,0,0,0,156000,0,0,0,225000,69000,156000,156000
08106P,聯發科統一9B售09,0,0,0,0,0,0,0,0,0,155000,0,0,0,180000,25000,155000,155000
2204,中華            ,215000,60000,155000,0,0,0,0,1000,-1000,1000,1000,0,1000,0,0,0,155000
054059,欣興國票97購03  ,0,0,0,0,0,0,0,0,0,155000,0,0,0,169000,14000,155000,155000
055442,矽創國票98購02  ,0,0,0,0,0,0,0,0,0,155000,0,0,0,160000,5000,155000,155000
055311,健策群益98購02  ,0,0,0,0,0,0,0,0,0,155000,0,0,0,167000,12000,155000,155000
058702,國巨元大99購16  ,0,0,0,0,0,0,0,0,0,155000,0,0,0,209000,54000,155000,155000
058140,臻鼎元大99購02  ,0,0,0,0,0,0,0,0,0,155000,0,0,0,202000,47000,155000,155000
061030,喬山永豐9A購01  ,0,0,0,0,0,0,0,0,0,155000,0,0,0,214000,59000,155000,155000
9919,康那香          ,47000,10000,37000,0,0,0,0,0,0,117000,75000,110000,-35000,261000,109000,152000,154000
056381,台虹元富98購01  ,0,0,0,0,0,0,0,0,0,154000,0,0,0,180000,26000,154000,154000
060197,臻鼎元富9A購02  ,0,0,0,0,0,0,0,0,0,154000,0,0,0,387000,233000,154000,154000
057553,景碩凱基98購03  ,0,0,0,0,0,0,0,0,0,154000,0,0,0,259000,105000,154000,154000
057739,新日興富邦9B購01,0,0,0,0,0,0,0,0,0,154000,0,0,0,906000,752000,154000,154000
062112,祥碩國票9C購01  ,0,0,0,0,0,0,0,0,0,154000,0,0,0,208000,54000,154000,154000
060222,貿聯凱基9A購02  ,0,0,0,0,0,0,0,0,0,153000,0,0,0,158000,5000,153000,153000
056478,晶技元大99購01  ,0,0,0,0,0,0,0,0,0,153000,0,0,0,193000,40000,153000,153000
046942,友達元大99購01  ,0,0,0,0,0,0,0,0,0,153000,0,0,0,153000,0,153000,153000
060677,京元電元大9A購04,0,0,0,0,0,0,0,0,0,153000,0,0,0,310000,157000,153000,153000
062294,盛群永豐9B購01  ,0,0,0,0,0,0,0,0,0,153000,0,0,0,154000,1000,153000,153000
061543,南亞科群益9A購01,0,0,0,0,0,0,0,0,0,153000,0,0,0,155000,2000,153000,153000
049023,玉晶光群益96購04,0,0,0,0,0,0,0,0,0,152000,0,0,0,152000,0,152000,152000
055373,聯詠元大97購03  ,0,0,0,0,0,0,0,0,0,152000,0,0,0,152000,0,152000,152000
055137,GIS富邦98購01   ,0,0,0,0,0,0,0,0,0,152000,0,0,0,344000,192000,152000,152000
059790,立積元大9C購02  ,0,0,0,0,0,0,0,0,0,152000,0,0,0,152000,0,152000,152000
062449,臻鼎元大9B購01  ,0,0,0,0,0,0,0,0,0,152000,0,0,0,224000,72000,152000,152000
062722,京元電凱基9B購02,0,0,0,0,0,0,0,0,0,152000,0,0,0,218000,66000,152000,152000
055393,華新科統一97購03,0,0,0,0,0,0,0,0,0,151000,0,0,0,151000,0,151000,151000
055341,台達電凱基97購02,0,0,0,0,0,0,0,0,0,151000,0,0,0,151000,0,151000,151000
063196,力成元富9B購01  ,0,0,0,0,0,0,0,0,0,151000,0,0,0,258000,107000,151000,151000
062222,華新科統一9B購04,0,0,0,0,0,0,0,0,0,151000,0,0,0,151000,0,151000,151000
062407,同欣電永豐9B購01,0,0,0,0,0,0,0,0,0,151000,0,0,0,151000,0,151000,151000
061991,牧德元大9C購01  ,0,0,0,0,0,0,0,0,0,151000,0,0,0,225000,74000,151000,151000
060909,金像電元大9B購01,0,0,0,0,0,0,0,0,0,151000,0,0,0,181000,30000,151000,151000
063539,世紀鋼統一9B購02,0,0,0,0,0,0,0,0,0,151000,0,0,0,151000,0,151000,151000
07067P,旺宏台新99售02  ,0,0,0,0,0,0,0,0,0,150000,0,0,0,170000,20000,150000,150000
055555,全新凱基9A購01  ,0,0,0,0,0,0,0,0,0,150000,0,0,0,150000,0,150000,150000
053759,晶相光國泰98購01,0,0,0,0,0,0,0,0,0,150000,0,0,0,150000,0,150000,150000
051594,和碩元大96購01  ,0,0,0,0,0,0,0,0,0,150000,0,0,0,300000,150000,150000,150000
056006,義隆亞東97購01  ,0,0,0,0,0,0,0,0,0,150000,0,0,0,150000,0,150000,150000
058213,欣興群益99購01  ,0,0,0,0,0,0,0,0,0,150000,0,0,0,301000,151000,150000,150000
061666,友達中信01購01  ,0,0,0,0,0,0,0,0,0,150000,0,0,0,168000,18000,150000,150000
060791,聯茂富邦9A購02  ,0,0,0,0,0,0,0,0,0,150000,0,0,0,150000,0,150000,150000
062249,台積電元大9B購01,0,0,0,0,0,0,0,0,0,150000,0,0,0,240000,90000,150000,150000
07877P,晶技永豐9B售01  ,0,0,0,0,0,0,0,0,0,149000,0,0,0,149000,0,149000,149000
056694,欣興群益98購04  ,0,0,0,0,0,0,0,0,0,149000,0,0,0,238000,89000,149000,149000
060240,富邦金元大9A購01,0,0,0,0,0,0,0,0,0,149000,0,0,0,160000,11000,149000,149000
060124,奇力新永豐99購03,0,0,0,0,0,0,0,0,0,149000,0,0,0,149000,0,149000,149000
060478,南電元大9A購01  ,0,0,0,0,0,0,0,0,0,149000,0,0,0,149000,0,149000,149000
062453,聚陽群益9C購01  ,0,0,0,0,0,0,0,0,0,149000,0,0,0,149000,0,149000,149000
060315,易華電永豐9A購01,0,0,0,0,0,0,0,0,0,149000,0,0,0,162000,13000,149000,149000
063593,GIS永豐9B購01   ,0,0,0,0,0,0,0,0,0,148000,0,0,0,333000,185000,148000,148000
9944,新麗            ,311000,163000,148000,0,0,0,0,0,0,0,0,0,0,0,0,0,148000
054904,興勤康和97購01  ,0,0,0,0,0,0,0,0,0,148000,0,0,0,148000,0,148000,148000
060187,華新科元富9A購02,0,0,0,0,0,0,0,0,0,148000,0,0,0,186000,38000,148000,148000
061227,日月光中信9B購01,0,0,0,0,0,0,0,0,0,148000,0,0,0,169000,21000,148000,148000
059452,全新永豐99購03  ,0,0,0,0,0,0,0,0,0,147000,0,0,0,149000,2000,147000,147000
059032,元石油群益9C購03,0,0,0,0,0,0,0,0,0,147000,0,0,0,148000,1000,147000,147000
061679,健策元大9B購04  ,0,0,0,0,0,0,0,0,0,147000,0,0,0,245000,98000,147000,147000
062350,台表科群益9B購01,0,0,0,0,0,0,0,0,0,147000,0,0,0,306000,159000,147000,147000
057048,新日興元大98購01,0,0,0,0,0,0,0,0,0,146000,0,0,0,301000,155000,146000,146000
057287,彩晶元大9C購03  ,0,0,0,0,0,0,0,0,0,146000,0,0,0,146000,0,146000,146000
062238,臻鼎凱基9C購01  ,0,0,0,0,0,0,0,0,0,146000,0,0,0,234000,88000,146000,146000
061650,南電元大9A購07  ,0,0,0,0,0,0,0,0,0,146000,0,0,0,146000,0,146000,146000
061787,華新科群益9C購01,0,0,0,0,0,0,0,0,0,146000,0,0,0,151000,5000,146000,146000
060809,康友群益9A購01  ,0,0,0,0,0,0,0,0,0,146000,0,0,0,331000,185000,146000,146000
061848,國巨國票9B購07  ,0,0,0,0,0,0,0,0,0,146000,0,0,0,148000,2000,146000,146000
056196,聯茂富邦98購02  ,0,0,0,0,0,0,0,0,0,145000,0,0,0,160000,15000,145000,145000
055579,健策統一9A購01  ,0,0,0,0,0,0,0,0,0,145000,0,0,0,606000,461000,145000,145000
055763,鎧勝群益97購01  ,0,0,0,0,0,0,0,0,0,145000,0,0,0,200000,55000,145000,145000
059509,奇力新永豐99購02,0,0,0,0,0,0,0,0,0,145000,0,0,0,145000,0,145000,145000
058604,華邦電元大99購03,0,0,0,0,0,0,0,0,0,145000,0,0,0,200000,55000,145000,145000
061561,義隆國票9A購02  ,0,0,0,0,0,0,0,0,0,145000,0,0,0,145000,0,145000,145000
061743,祥碩凱基9B購02  ,0,0,0,0,0,0,0,0,0,145000,0,0,0,210000,65000,145000,145000
058628,宏達電國票9A購01,0,0,0,0,0,0,0,0,0,144000,0,0,0,144000,0,144000,144000
5534,長虹            ,239000,96000,143000,0,0,0,0,0,0,0,1000,1000,0,0,0,0,143000
063643,臻鼎元大9B購03  ,0,0,0,0,0,0,0,0,0,143000,0,0,0,268000,125000,143000,143000
056104,義隆永豐97購01  ,0,0,0,0,0,0,0,0,0,143000,0,0,0,153000,10000,143000,143000
00783,富邦中証500     ,8000,8000,0,0,0,0,0,0,0,143000,0,0,0,1011000,868000,143000,143000
057554,新日興凱基99購02,0,0,0,0,0,0,0,0,0,143000,0,0,0,303000,160000,143000,143000
057131,奇力新凱基98購05,0,0,0,0,0,0,0,0,0,143000,0,0,0,143000,0,143000,143000
062802,宏達電統一9B購01,0,0,0,0,0,0,0,0,0,143000,0,0,0,143000,0,143000,143000
03443B,臺股指凱基9A熊27,0,84000,-84000,0,0,0,0,0,0,226000,0,0,0,1015000,789000,226000,142000
059730,晶相光元大9C購02,0,0,0,0,0,0,0,0,0,142000,0,0,0,360000,218000,142000,142000
059124,台積電第一03購01,0,0,0,0,0,0,0,0,0,142000,0,0,0,142000,0,142000,142000
060869,超眾永豐9A購02  ,0,0,0,0,0,0,0,0,0,142000,0,0,0,142000,0,142000,142000
063638,華新科元大9B購14,0,0,0,0,0,0,0,0,0,141000,0,0,0,143000,2000,141000,141000
053550,聯發科凱基96購15,0,0,0,0,0,0,0,0,0,141000,0,0,0,141000,0,141000,141000
058660,樺漢中信9A購01  ,0,0,0,0,0,0,0,0,0,141000,0,0,0,751000,610000,141000,141000
057531,禾伸堂元大99購04,0,0,0,0,0,0,0,0,0,141000,0,0,0,141000,0,141000,141000
057733,嘉聯益國泰99購01,0,0,0,0,0,0,0,0,0,141000,0,0,0,201000,60000,141000,141000
060776,世芯凱基9B購01  ,0,0,0,0,0,0,0,0,0,141000,0,0,0,198000,57000,141000,141000
061880,台郡元大9B購02  ,0,0,0,0,0,0,0,0,0,141000,0,0,0,330000,189000,141000,141000
062617,京鼎元大9B購01  ,0,0,0,0,0,0,0,0,0,141000,0,0,0,386000,245000,141000,141000
063080,裕隆凱基9B購01  ,0,0,0,0,0,0,0,0,0,141000,0,0,0,141000,0,141000,141000
6415,矽力-KY         ,665843,516061,149782,0,0,0,0,6000,-6000,-3000,2000,5000,-3000,1000,1000,0,140782
07294P,滬深2X元富9C售08,0,0,0,0,0,0,0,0,0,140000,0,0,0,140000,0,140000,140000
051073,同欣電國票96購01,0,0,0,0,0,0,0,0,0,140000,0,0,0,140000,0,140000,140000
056567,瀚宇博群益98購02,0,0,0,0,0,0,0,0,0,140000,0,0,0,337000,197000,140000,140000
055874,中環元富9A購01  ,0,0,0,0,0,0,0,0,0,140000,0,0,0,141000,1000,140000,140000
057190,立積元大9A購02  ,0,0,0,0,0,0,0,0,0,140000,0,0,0,140000,0,140000,140000
061923,友達凱基9B購04  ,0,0,0,0,0,0,0,0,0,140000,0,0,0,140000,0,140000,140000
060337,FBVIX統一9A購01 ,0,0,0,0,0,0,0,0,0,140000,0,0,0,320000,180000,140000,140000
061358,世紀鋼元大9A購04,0,0,0,0,0,0,0,0,0,140000,0,0,0,161000,21000,140000,140000
061682,南電元大9B購01  ,0,0,0,0,0,0,0,0,0,140000,0,0,0,175000,35000,140000,140000
060967,鈺齊凱基9A購02  ,0,0,0,0,0,0,0,0,0,140000,0,0,0,206000,66000,140000,140000
058378,南電凱基99購01  ,0,0,0,0,0,0,0,0,0,139000,0,0,0,141000,2000,139000,139000
057489,奇力新元大99購06,0,0,0,0,0,0,0,0,0,139000,0,0,0,139000,0,139000,139000
059728,聯鈞元大99購01  ,0,0,0,0,0,0,0,0,0,139000,0,0,0,182000,43000,139000,139000
057712,南亞科統一9A購01,0,0,0,0,0,0,0,0,0,139000,0,0,0,285000,146000,139000,139000
060381,元黃金凱基9A購01,0,0,0,0,0,0,0,0,0,139000,0,0,0,170000,31000,139000,139000
063521,國巨凱基03購01  ,0,0,0,0,0,0,0,0,0,139000,0,0,0,140000,1000,139000,139000
063195,訊連元富9B購01  ,0,0,0,0,0,0,0,0,0,139000,0,0,0,227000,88000,139000,139000
063300,華通凱基9B購05  ,0,0,0,0,0,0,0,0,0,139000,0,0,0,160000,21000,139000,139000
062740,致伸國票9B購01  ,0,0,0,0,0,0,0,0,0,139000,0,0,0,143000,4000,139000,139000
3059,華晶科          ,167000,65000,102000,0,0,0,0,0,0,36000,36000,0,36000,0,0,0,138000
062282,禾伸堂群益9B購01,0,0,0,0,0,0,0,0,0,138000,0,0,0,138000,0,138000,138000
063020,奇力新元大9B購04,0,0,0,0,0,0,0,0,0,138000,0,0,0,138000,0,138000,138000
061570,瑞昱元大9A購05  ,0,0,0,0,0,0,0,0,0,138000,0,0,0,168000,30000,138000,138000
061507,南電國票9A購05  ,0,0,0,0,0,0,0,0,0,138000,0,0,0,138000,0,138000,138000
061307,和潤永豐9A購02  ,0,0,0,0,0,0,0,0,0,138000,0,0,0,177000,39000,138000,138000
00728,第一金工業30    ,0,0,0,0,0,0,0,0,0,137000,0,0,0,354000,217000,137000,137000
056946,國巨統一98購05  ,0,0,0,0,0,0,0,0,0,137000,0,0,0,152000,15000,137000,137000
06863P,欣興凱基98售05  ,0,0,0,0,0,0,0,0,0,137000,0,0,0,205000,68000,137000,137000
057705,臺股指群益98購05,0,0,0,0,0,0,0,0,0,137000,0,0,0,137000,0,137000,137000
059951,台塑康和99購01  ,0,0,0,0,0,0,0,0,0,137000,0,0,0,137000,0,137000,137000
061124,微星永豐9A購02  ,0,0,0,0,0,0,0,0,0,137000,0,0,0,137000,0,137000,137000
060785,國巨富邦9B購04  ,0,0,0,0,0,0,0,0,0,137000,0,0,0,147000,10000,137000,137000
062751,華擎中信9C購01  ,0,0,0,0,0,0,0,0,0,137000,0,0,0,142000,5000,137000,137000
063283,華新科元大9C購03,0,0,0,0,0,0,0,0,0,137000,0,0,0,139000,2000,137000,137000
063642,茂林元大9B購08  ,0,0,0,0,0,0,0,0,0,136000,0,0,0,232000,96000,136000,136000
056523,光寶科中信98購01,0,0,0,0,0,0,0,0,0,136000,0,0,0,138000,2000,136000,136000
058797,大毅元大99購03  ,0,0,0,0,0,0,0,0,0,136000,0,0,0,239000,103000,136000,136000
059391,立積凱基9A購01  ,0,0,0,0,0,0,0,0,0,136000,0,0,0,136000,0,136000,136000
060394,欣興麥證9A購01  ,0,0,0,136000,0,136000,0,0,0,136000,0,0,0,136000,0,136000,136000
063039,大立光凱基9C購02,0,0,0,0,0,0,0,0,0,136000,0,0,0,147000,11000,136000,136000
062311,奇力新凱基9B購01,0,0,0,0,0,0,0,0,0,136000,0,0,0,136000,0,136000,136000
060850,康友國票9A購03  ,0,0,0,0,0,0,0,0,0,136000,0,0,0,136000,0,136000,136000
060995,泰鼎元大9A購03  ,0,0,0,0,0,0,0,0,0,136000,0,0,0,137000,1000,136000,136000
00739,元大MSCI A股    ,0,0,0,0,0,0,0,0,0,135999,0,0,0,349999,214000,135999,135999
06338P,亞德客統一97售02,0,0,0,0,0,0,0,0,0,135000,0,0,0,175000,40000,135000,135000
053867,創意元大96購04  ,0,0,0,0,0,0,0,0,0,135000,0,0,0,145000,10000,135000,135000
058295,欣興凱基99購02  ,0,0,0,0,0,0,0,0,0,135000,0,0,0,305000,170000,135000,135000
058345,台光電群益99購03,0,0,0,0,0,0,0,0,0,135000,0,0,0,135000,0,135000,135000
060998,華通兆豐9A購01  ,0,0,0,0,0,0,0,0,0,135000,0,0,0,346000,211000,135000,135000
061122,敬鵬永豐9A購01  ,0,0,0,0,0,0,0,0,0,135000,0,0,0,145000,10000,135000,135000
062354,台達電元大9B購01,0,0,0,0,0,0,0,0,0,135000,0,0,0,157000,22000,135000,135000
063258,緯穎國泰9C購01  ,0,0,0,0,0,0,0,0,0,135000,0,0,0,195000,60000,135000,135000
062785,世芯元大9C購01  ,0,0,0,0,0,0,0,0,0,135000,0,0,0,379000,244000,135000,135000
062878,宏達電兆豐9B購01,0,0,0,0,0,0,0,0,0,135000,0,0,0,235000,100000,135000,135000
058924,晶相光元富99購02,0,0,0,0,0,0,0,0,0,134000,0,0,0,157000,23000,134000,134000
060742,臺指反國票9B購02,0,0,0,0,0,0,0,0,0,134000,0,0,0,134000,0,134000,134000
057816,欣興元大98購13  ,0,0,0,0,0,0,0,0,0,134000,0,0,0,265000,131000,134000,134000
062250,台積電元大9B購02,0,0,0,0,0,0,0,0,0,134000,0,0,0,137000,3000,134000,134000
062406,臻鼎永豐9B購01  ,0,0,0,0,0,0,0,0,0,134000,0,0,0,215000,81000,134000,134000
060754,華通元大9A購04  ,0,0,0,0,0,0,0,0,0,133000,0,0,0,181000,48000,133000,133000
058751,南茂凱基9A購01  ,0,0,0,0,0,0,0,0,0,133000,0,0,0,151000,18000,133000,133000
058459,南電永豐99購01  ,0,0,0,0,0,0,0,0,0,133000,0,0,0,133000,0,133000,133000
062394,大立光富邦02購01,0,0,0,0,0,0,0,0,0,133000,0,0,0,133000,0,133000,133000
063069,道瓊銀富邦05購01,0,0,0,0,0,0,0,0,0,133000,0,0,0,135000,2000,133000,133000
061212,聯鈞元大9A購04  ,0,0,0,0,0,0,0,0,0,133000,0,0,0,305000,172000,133000,133000
063748,台積電國票9C購05,0,0,0,0,0,0,0,0,0,132000,0,0,0,180000,48000,132000,132000
052806,玉晶光元大98購04,0,0,0,0,0,0,0,0,0,132000,0,0,0,139000,7000,132000,132000
03649C,T50反1凱基99牛05,0,0,0,0,0,0,0,0,0,132000,0,0,0,132000,0,132000,132000
056243,創意群益97購03  ,0,0,0,0,0,0,0,0,0,132000,0,0,0,132000,0,132000,132000
056558,台達電群益98購01,0,0,0,0,0,0,0,0,0,132000,0,0,0,283000,151000,132000,132000
054846,瑞昱兆豐97購01  ,0,0,0,0,0,0,0,0,0,132000,0,0,0,142000,10000,132000,132000
057539,南茂元大98購02  ,0,0,0,0,0,0,0,0,0,132000,0,0,0,426000,294000,132000,132000
060570,南亞科永豐9A購01,0,0,0,0,0,0,0,0,0,132000,0,0,0,132000,0,132000,132000
063105,健策群益9C購01  ,0,10000,-10000,0,0,0,0,0,0,142000,0,0,0,187000,45000,142000,132000
07558P,玉晶光元大9A售10,0,0,0,0,0,0,0,0,0,131000,0,0,0,166000,35000,131000,131000
055814,晶豪科國票97購02,0,0,0,0,0,0,0,0,0,131000,0,0,0,131000,0,131000,131000
006207,FH滬深          ,5000,30000,-25000,0,0,0,0,0,0,156000,0,0,0,343000,187000,156000,131000
055408,力成國泰98購01  ,0,0,0,0,0,0,0,0,0,131000,0,0,0,134000,3000,131000,131000
053500,新日興兆豐97購01,0,0,0,0,0,0,0,0,0,131000,0,0,0,131000,0,131000,131000
2412,中華電          ,1604134,1492986,111148,0,0,0,0,0,0,19000,28000,8000,20000,0,1000,-1000,130148
055841,南亞科元大97購04,0,0,0,0,0,0,0,0,0,130000,0,0,0,160000,30000,130000,130000
056215,華新科國票97購03,0,0,0,0,0,0,0,0,0,130000,0,0,0,130000,0,130000,130000
060065,大立光兆豐9B購01,0,0,0,0,0,0,0,0,0,130000,0,0,0,161000,31000,130000,130000
058480,新日興凱基9A購01,0,0,0,0,0,0,0,0,0,130000,0,0,0,654000,524000,130000,130000
058096,南電元大98購04  ,0,0,0,0,0,0,0,0,0,130000,0,0,0,180000,50000,130000,130000
062856,世芯永豐9B購02  ,0,0,0,0,0,0,0,0,0,130000,0,0,0,137000,7000,130000,130000
061003,南亞科兆豐9A購01,0,0,0,0,0,0,0,0,0,130000,0,0,0,142000,12000,130000,130000
063493,金像電富邦01購01,0,0,0,0,0,0,0,0,0,129000,0,0,0,164000,35000,129000,129000
055444,致新台新97購01  ,0,0,0,0,0,0,0,0,0,129000,0,0,0,139000,10000,129000,129000
046191,新光金凱基98購01,0,0,0,0,0,0,0,0,0,129000,0,0,0,129000,0,129000,129000
058512,宏達電元大99購04,0,0,0,0,0,0,0,0,0,129000,0,0,0,205000,76000,129000,129000
063271,中磊兆豐9C購01  ,0,0,0,0,0,0,0,0,0,129000,0,0,0,201000,72000,129000,129000
063197,遠東新統一9C購01,0,0,0,0,0,0,0,0,0,129000,0,0,0,139000,10000,129000,129000
063417,金像電凱基9B購03,0,0,0,0,0,0,0,0,0,128000,0,0,0,162000,34000,128000,128000
054466,欣興凱基97購03  ,0,0,0,0,0,0,0,0,0,128000,0,0,0,128000,0,128000,128000
058807,和大統一9B購01  ,0,0,0,0,0,0,0,0,0,128000,0,0,0,200000,72000,128000,128000
057369,奇力新元大99購05,0,0,0,0,0,0,0,0,0,128000,0,0,0,167000,39000,128000,128000
060612,世紀鋼凱基9A購01,0,0,0,0,0,0,0,0,0,128000,0,0,0,128000,0,128000,128000
061969,大立光統一01購02,0,0,0,0,0,0,0,0,0,128000,0,0,0,153000,25000,128000,128000
063034,致茂凱基9B購01  ,0,0,0,0,0,0,0,0,0,128000,0,0,0,158000,30000,128000,128000
2836,高雄銀          ,129000,2000,127000,0,0,0,0,0,0,0,0,0,0,0,0,0,127000
053088,奇鋐元大98購01  ,0,0,0,0,0,0,0,0,0,127000,0,0,0,252000,125000,127000,127000
060531,大立光中信9A購04,0,0,0,0,0,0,0,0,0,127000,0,0,0,127000,0,127000,127000
060426,盛群永豐9A購01  ,0,0,0,0,0,0,0,0,0,127000,0,0,0,149000,22000,127000,127000
057070,美律永豐98購02  ,0,0,0,0,0,0,0,0,0,127000,0,0,0,127000,0,127000,127000
058212,華新科群益9A購01,0,0,0,0,0,0,0,0,0,127000,0,0,0,127000,0,127000,127000
061037,嘉澤永豐9A購01  ,0,0,0,0,0,0,0,0,0,127000,0,0,0,153000,26000,127000,127000
062142,喬山國票9B購01  ,0,0,0,0,0,0,0,0,0,127000,0,0,0,135000,8000,127000,127000
062522,同欣電元大9B購02,0,0,0,0,0,0,0,0,0,127000,0,0,0,182000,55000,127000,127000
063201,廣達統一01購01  ,0,0,0,0,0,0,0,0,0,127000,0,0,0,144000,17000,127000,127000
07527P,台灣50凱基9B售02,0,0,0,0,0,0,0,0,0,126000,0,0,0,251000,125000,126000,126000
06748P,智邦台新98售02  ,0,0,0,0,0,0,0,0,0,126000,0,0,0,226000,100000,126000,126000
059153,臺股指國票99購16,0,0,0,0,0,0,0,0,0,126000,0,0,0,152000,26000,126000,126000
059693,智原永豐99購01  ,0,0,0,0,0,0,0,0,0,126000,0,0,0,131000,5000,126000,126000
057178,可成元大98購03  ,0,0,0,0,0,0,0,0,0,126000,0,0,0,194000,68000,126000,126000
057088,上銀元富98購01  ,0,0,0,0,0,0,0,0,0,126000,0,0,0,126000,0,126000,126000
062862,瑞儀國票9B購01  ,0,0,0,0,0,0,0,0,0,126000,0,0,0,126000,0,126000,126000
061034,晶豪科永豐9A購01,0,0,0,0,0,0,0,0,0,126000,0,0,0,126000,0,126000,126000
060965,中租凱基9B購01  ,0,0,0,0,0,0,0,0,0,126000,0,0,0,367000,241000,126000,126000
063538,神達統一9C購01  ,0,0,0,0,0,0,0,0,0,126000,0,0,0,166000,40000,126000,126000
056434,國巨凱基98購03  ,0,0,0,0,0,0,0,0,0,125000,0,0,0,224000,99000,125000,125000
060208,卜蜂康和9A購01  ,0,0,0,0,0,0,0,0,0,125000,0,0,0,125000,0,125000,125000
059816,聯電凱基99購03  ,0,0,0,0,0,0,0,0,0,125000,0,0,0,150000,25000,125000,125000
058884,世紀鋼永豐99購02,0,0,0,0,0,0,0,0,0,125000,0,0,0,150000,25000,125000,125000
060021,立積康和99購01  ,0,0,0,0,0,0,0,0,0,125000,0,0,0,125000,0,125000,125000
060289,京元電元大9A購01,12000,0,12000,0,0,0,0,0,0,113000,0,0,0,336000,223000,113000,125000
055075,南電永豐97購01  ,0,0,0,0,0,0,0,0,0,124000,0,0,0,184000,60000,124000,124000
059853,超眾永豐99購03  ,0,0,0,0,0,0,0,0,0,124000,0,0,0,216000,92000,124000,124000
059041,南茂群益99購02  ,0,0,0,0,0,0,0,0,0,124000,0,0,0,316000,192000,124000,124000
061181,牧德凱基9A購01  ,0,0,0,0,0,0,0,0,0,124000,0,0,0,232000,108000,124000,124000
061305,帆宣永豐9A購01  ,0,0,0,0,0,0,0,0,0,124000,0,0,0,124000,0,124000,124000
062679,技嘉統一01購01  ,0,0,0,0,0,0,0,0,0,124000,0,0,0,235000,111000,124000,124000
056611,國巨永豐98購03  ,0,0,0,0,0,0,0,0,0,123000,0,0,0,123000,0,123000,123000
059181,世紀鋼元富9C購01,0,0,0,0,0,0,0,0,0,123000,0,0,0,192000,69000,123000,123000
054405,樺漢康和96購01  ,0,0,0,0,0,0,0,0,0,123000,0,0,0,123000,0,123000,123000
059488,大立光兆豐99購03,0,0,0,0,0,0,0,0,0,123000,0,0,0,159000,36000,123000,123000
057514,華新科元富99購03,0,0,0,0,0,0,0,0,0,123000,0,0,0,123000,0,123000,123000
061415,健策群益9A購04  ,0,0,0,0,0,0,0,0,0,123000,0,0,0,237000,114000,123000,123000
061407,鴻海國票9A購07  ,0,0,0,0,0,0,0,0,0,123000,0,0,0,134000,11000,123000,123000
07366P,國巨康和99售02  ,0,0,0,0,0,0,0,0,0,122000,0,0,0,764000,642000,122000,122000
056488,致新元大99購01  ,0,0,0,0,0,0,0,0,0,122000,0,0,0,161000,39000,122000,122000
00647L,元大S&P500正2   ,15000,8000,7000,0,0,0,0,0,0,115000,0,0,0,226000,111000,115000,122000
060684,同欣電元大9A購01,0,0,0,0,0,0,0,0,0,122000,0,0,0,225000,103000,122000,122000
061592,義隆永豐9A購03  ,0,0,0,0,0,0,0,0,0,122000,0,0,0,229000,107000,122000,122000
061196,世芯永豐9A購06  ,0,0,0,0,0,0,0,0,0,122000,0,0,0,281000,159000,122000,122000
061149,華通群益9A購05  ,0,0,0,0,0,0,0,0,0,122000,0,0,0,175000,53000,122000,122000
061639,晶豪科元大9A購02,0,0,0,0,0,0,0,0,0,122000,0,0,0,187000,65000,122000,122000
053279,景碩元大97購01  ,0,0,0,0,0,0,0,0,0,121000,0,0,0,121000,0,121000,121000
056279,新日興富邦99購01,0,0,0,0,0,0,0,0,0,121000,0,0,0,407000,286000,121000,121000
054943,群光元大97購01  ,0,0,0,0,0,0,0,0,0,121000,0,0,0,141000,20000,121000,121000
060430,和潤永豐9A購01  ,0,0,0,0,0,0,0,0,0,121000,0,0,0,163000,42000,121000,121000
058204,世芯凱基9A購01  ,0,0,0,0,0,0,0,0,0,121000,0,0,0,178000,57000,121000,121000
059113,群光永豐99購01  ,0,0,0,0,0,0,0,0,0,121000,0,0,0,145000,24000,121000,121000
062488,台光電永豐9B購02,0,0,0,0,0,0,0,0,0,121000,0,0,0,122000,1000,121000,121000
063091,聯電中信9B購01  ,0,0,0,0,0,0,0,0,0,121000,0,0,0,235000,114000,121000,121000
9914,美利達          ,326000,194941,131059,0,0,0,0,20000,-20000,9000,9000,0,9000,0,0,0,120059
2615,萬海            ,332000,226000,106000,0,0,0,0,0,0,14000,14000,0,14000,0,0,0,120000
07474P,滬深2X群益9C售03,0,0,0,0,0,0,0,0,0,120000,0,0,0,120000,0,120000,120000
063411,和潤國票9C購01  ,0,0,0,0,0,0,0,0,0,120000,0,0,0,142000,22000,120000,120000
060230,台積電元大9A購07,0,0,0,0,0,0,0,0,0,120000,0,0,0,150000,30000,120000,120000
052546,友達中信98購01  ,0,0,0,0,0,0,0,0,0,120000,0,0,0,150000,30000,120000,120000
054161,友訊凱基98購01  ,0,0,0,0,0,0,0,0,0,120000,0,0,0,120000,0,120000,120000
059461,鈺齊永豐99購03  ,0,0,0,0,0,0,0,0,0,120000,0,0,0,143000,23000,120000,120000
059924,世紀鋼元大99購06,0,0,0,0,0,0,0,0,0,120000,0,0,0,203000,83000,120000,120000
060036,上証2X國票99購03,0,0,0,0,0,0,0,0,0,120000,0,0,0,120000,0,120000,120000
059359,精元永豐99購01  ,0,0,0,0,0,0,0,0,0,120000,0,0,0,180000,60000,120000,120000
058588,致茂中信9B購01  ,0,0,0,0,0,0,0,0,0,120000,0,0,0,165000,45000,120000,120000
060778,臺股指凱基9A購06,0,0,0,0,0,0,0,0,0,120000,0,0,0,120000,0,120000,120000
057955,技嘉元大98購07  ,0,0,0,0,0,0,0,0,0,120000,0,0,0,216000,96000,120000,120000
062658,聯茂第一9B購01  ,0,0,0,0,0,0,0,0,0,120000,0,0,0,120000,0,120000,120000
062705,美食元大9B購01  ,0,0,0,0,0,0,0,0,0,120000,0,0,0,187000,67000,120000,120000
061391,晶技群益9A購02  ,0,0,0,0,0,0,0,0,0,120000,0,0,0,120000,0,120000,120000
063547,大立光兆豐9B購04,0,0,0,0,0,0,0,0,0,120000,0,0,0,124000,4000,120000,120000
061270,彩晶凱基9A購02  ,0,0,0,0,0,0,0,0,0,120000,0,0,0,120000,0,120000,120000
061906,統一中信9B購01  ,0,0,0,0,0,0,0,0,0,120000,0,0,0,120000,0,120000,120000
057452,新日興元富98購01,0,0,0,0,0,0,0,0,0,119000,0,0,0,147000,28000,119000,119000
059807,大立光元富99購09,0,0,0,0,0,0,0,0,0,119000,0,0,0,317000,198000,119000,119000
059864,亞德客凱基99購01,0,0,0,0,0,0,0,0,0,119000,0,0,0,170000,51000,119000,119000
063534,鴻海統一9B購07  ,0,0,0,0,0,0,0,0,0,119000,0,0,0,123000,4000,119000,119000
061044,世紀鋼永豐9A購02,0,0,0,0,0,0,0,0,0,119000,0,0,0,119000,0,119000,119000
063108,世紀鋼群益9C購01,0,0,0,0,0,0,0,0,0,119000,0,0,0,119000,0,119000,119000
063678,友達國泰9C購01  ,0,0,0,0,0,0,0,0,0,118000,0,0,0,118000,0,118000,118000
2405,浩鑫            ,130000,12000,118000,0,0,0,0,0,0,0,0,0,0,0,0,0,118000
056392,玉晶光富邦9C購01,0,0,0,0,0,0,0,0,0,118000,0,0,0,138000,20000,118000,118000
055963,欣興元大97購04  ,0,0,0,0,0,0,0,0,0,118000,0,0,0,148000,30000,118000,118000
051722,玉晶光永豐97購01,0,0,0,0,0,0,0,0,0,118000,0,0,0,118000,0,118000,118000
052447,聯發科元大96購04,0,0,0,0,0,0,0,0,0,118000,0,0,0,171000,53000,118000,118000
059360,全新永豐99購02  ,0,0,0,0,0,0,0,0,0,118000,0,0,0,122000,4000,118000,118000
062189,康控元大9B購02  ,0,0,0,0,0,0,0,0,0,118000,0,0,0,264000,146000,118000,118000
062100,矽格永豐9B購01  ,0,0,0,0,0,0,0,0,0,118000,0,0,0,248000,130000,118000,118000
061740,華新科凱基03購01,0,0,0,0,0,0,0,0,0,118000,0,0,0,120000,2000,118000,118000
063354,茂林元富9B購02  ,0,0,0,0,0,0,0,0,0,117000,0,0,0,120000,3000,117000,117000
057470,易華電永豐98購02,0,0,0,0,0,0,0,0,0,117000,0,0,0,117000,0,117000,117000
055583,國巨元大97購10  ,0,0,0,0,0,0,0,0,0,117000,0,0,0,147000,30000,117000,117000
059369,滬深2X元富9C購01,0,0,0,0,0,0,0,0,0,117000,0,0,0,117000,0,117000,117000
058005,茂林群益98購04  ,0,0,0,0,0,0,0,0,0,117000,0,0,0,119000,2000,117000,117000
058683,可成凱基9A購01  ,0,0,0,0,0,0,0,0,0,117000,0,0,0,125000,8000,117000,117000
061621,健策群益9A購05  ,0,0,0,0,0,0,0,0,0,117000,0,0,0,125000,8000,117000,117000
060306,台肥永豐9A購01  ,0,0,0,0,0,0,0,0,0,117000,0,0,0,204000,87000,117000,117000
07837P,華邦電元大9A售01,0,0,0,0,0,0,0,0,0,116000,0,0,0,150000,34000,116000,116000
054972,聯茂元大97購02  ,0,0,0,0,0,0,0,0,0,116000,0,0,0,116000,0,116000,116000
057417,國巨凱基9A購03  ,0,0,0,0,0,0,0,0,0,116000,0,0,0,116000,0,116000,116000
05590P,臺股指中信96售05,0,0,0,0,0,0,0,0,0,116000,0,0,0,138000,22000,116000,116000
052410,智邦亞東96購01  ,0,0,0,0,0,0,0,0,0,116000,0,0,0,116000,0,116000,116000
056419,欣興元富98購02  ,0,0,0,0,0,0,0,0,0,116000,0,0,0,448000,332000,116000,116000
060023,T50反1國泰9A購03,0,0,0,0,0,0,0,0,0,116000,0,0,0,120000,4000,116000,116000
057579,長榮航中信9A購01,0,0,0,0,0,0,0,0,0,116000,0,0,0,124000,8000,116000,116000
060792,信錦永豐9A購01  ,0,0,0,0,0,0,0,0,0,116000,0,0,0,116000,0,116000,116000
062122,國巨統一02購01  ,0,0,0,0,0,0,0,0,0,116000,0,0,0,133000,17000,116000,116000
054408,義隆國票98購01  ,0,0,0,0,0,0,0,0,0,115000,0,0,0,135000,20000,115000,115000
052489,義隆國票96購02  ,0,0,0,0,0,0,0,0,0,115000,0,0,0,115000,0,115000,115000
051603,深中小群益99購03,0,0,0,0,0,0,0,0,0,115000,0,0,0,115000,0,115000,115000
058439,玉晶光統一01購02,0,0,0,0,0,0,0,0,0,115000,0,0,0,115000,0,115000,115000
058950,國巨群益99購06  ,0,0,0,0,0,0,0,0,0,115000,0,0,0,181000,66000,115000,115000
058995,台達電元大99購01,0,0,0,0,0,0,0,0,0,115000,0,0,0,209000,94000,115000,115000
059009,世紀鋼元大99購04,0,0,0,0,0,0,0,0,0,115000,0,0,0,295000,180000,115000,115000
060044,大立光群益99購09,0,0,0,0,0,0,0,0,0,115000,0,0,0,127000,12000,115000,115000
062741,立積國票9B購02  ,0,0,0,0,0,0,0,0,0,115000,0,0,0,156000,41000,115000,115000
061734,全新中信9B購02  ,0,0,0,0,0,0,0,0,0,115000,0,0,0,115000,0,115000,115000
060349,上証2X元富9A購04,0,0,0,0,0,0,0,0,0,115000,0,0,0,115000,0,115000,115000
057445,華通元富02購01  ,0,0,0,0,0,0,0,0,0,114000,0,0,0,160000,46000,114000,114000
055160,玉晶光元大99購03,0,0,0,0,0,0,0,0,0,114000,0,0,0,114000,0,114000,114000
03678C,臺股指凱基01牛02,0,0,0,0,0,0,0,0,0,114000,0,0,0,145000,31000,114000,114000
055558,大立光凱基97購08,0,0,0,0,0,0,0,0,0,114000,0,0,0,149000,35000,114000,114000
058537,彩晶統一9B購01  ,0,0,0,0,0,0,0,0,0,114000,0,0,0,129000,15000,114000,114000
06157P,聯鈞統一97售02  ,0,0,0,0,0,0,0,0,0,114000,0,0,0,114000,0,114000,114000
062207,牧德國票9B購02  ,0,0,0,0,0,0,0,0,0,114000,0,0,0,114000,0,114000,114000
056462,訊芯凱基98購03  ,0,0,0,0,0,0,0,0,0,113000,0,0,0,198000,85000,113000,113000
054061,晶技國票97購03  ,0,0,0,0,0,0,0,0,0,113000,0,0,0,154000,41000,113000,113000
057647,欣興元大98購10  ,0,0,0,0,0,0,0,0,0,113000,0,0,0,338000,225000,113000,113000
057817,景碩元大98購01  ,0,0,0,0,0,0,0,0,0,113000,0,0,0,272000,159000,113000,113000
063537,華擎統一9C購03  ,0,0,0,0,0,0,0,0,0,113000,0,0,0,167000,54000,113000,113000
061357,寶成元大9A購01  ,0,0,0,0,0,0,0,0,0,113000,0,0,0,163000,50000,113000,113000
062460,京鼎群益9C購01  ,0,0,0,0,0,0,0,0,0,113000,0,0,0,420000,307000,113000,113000
060882,大立光中信9A購05,0,0,0,0,0,0,0,0,0,113000,0,0,0,113000,0,113000,113000
063644,祥碩元大9B購10  ,0,0,0,0,0,0,0,0,0,112000,0,0,0,181000,69000,112000,112000
058403,玉晶光元大99購12,0,0,0,0,0,0,0,0,0,112000,0,0,0,214000,102000,112000,112000
057626,技嘉富邦9A購01  ,0,0,0,0,0,0,0,0,0,112000,0,0,0,455000,343000,112000,112000
057971,華新科富邦9B購02,0,0,0,0,0,0,0,0,0,112000,0,0,0,142000,30000,112000,112000
058699,楠梓電元大99購02,0,0,0,0,0,0,0,0,0,112000,0,0,0,180000,68000,112000,112000
060846,欣興國票9A購02  ,0,0,0,0,0,0,0,0,0,112000,0,0,0,333000,221000,112000,112000
061245,晶技群益9A購01  ,0,0,0,0,0,0,0,0,0,112000,0,0,0,210000,98000,112000,112000
061348,聯鈞元大9A購05  ,0,0,0,0,0,0,0,0,0,112000,0,0,0,207000,95000,112000,112000
063024,祥碩元大9B購05  ,0,0,0,0,0,0,0,0,0,112000,0,0,0,125000,13000,112000,112000
063221,京元電群益9B購02,0,0,0,0,0,0,0,0,0,112000,0,0,0,167000,55000,112000,112000
4119,旭富            ,275000,223714,51286,0,0,0,0,0,0,60000,0,0,0,70000,10000,60000,111286
063573,茂林元大9B購06  ,0,0,0,0,0,0,0,0,0,111000,0,0,0,111000,0,111000,111000
056343,高鐵凱基98購02  ,0,0,0,0,0,0,0,0,0,111000,0,0,0,146000,35000,111000,111000
058952,南茂群益99購01  ,0,0,0,0,0,0,0,0,0,111000,0,0,0,131000,20000,111000,111000
061984,華新科元大9B購05,0,0,0,0,0,0,0,0,0,111000,0,0,0,111000,0,111000,111000
061547,禾伸堂群益9A購01,0,0,0,0,0,0,0,0,0,111000,0,0,0,209000,98000,111000,111000
07875P,祥碩群益9B售01  ,0,0,0,0,0,0,0,0,0,110000,0,0,0,260000,150000,110000,110000
4961,天鈺            ,168000,58000,110000,0,0,0,0,0,0,0,0,0,0,0,0,0,110000
056263,友訊統一99購01  ,0,0,0,0,0,0,0,0,0,110000,0,0,0,110000,0,110000,110000
058370,聯詠凱基99購01  ,0,0,0,0,0,0,0,0,0,110000,0,0,0,120000,10000,110000,110000
055049,智邦永豐97購01  ,0,0,0,0,0,0,0,0,0,110000,0,0,0,252000,142000,110000,110000
054757,南亞國票98購01  ,0,0,0,0,0,0,0,0,0,110000,0,0,0,120000,10000,110000,110000
055261,帆宣統一98購01  ,0,0,0,0,0,0,0,0,0,110000,0,0,0,111000,1000,110000,110000
054710,東元元富97購01  ,0,0,0,0,0,0,0,0,0,110000,0,0,0,240000,130000,110000,110000
054053,聯茂元大96購01  ,0,0,0,0,0,0,0,0,0,110000,0,0,0,120000,10000,110000,110000
051696,新日興中信96購01,0,0,0,0,0,0,0,0,0,110000,0,0,0,110000,0,110000,110000
058937,仁寶中信99購01  ,0,0,0,0,0,0,0,0,0,110000,0,0,0,130000,20000,110000,110000
057973,神達富邦9A購01  ,0,0,0,0,0,0,0,0,0,110000,0,0,0,140000,30000,110000,110000
058021,牧德凱基98購02  ,0,0,0,0,0,0,0,0,0,110000,0,0,0,110000,0,110000,110000
058109,台灣50元富9B購01,0,0,0,0,0,0,0,0,0,110000,0,0,0,110000,0,110000,110000
058611,欣興元大99購06  ,0,0,0,0,0,0,0,0,0,110000,0,0,0,146000,36000,110000,110000
057525,光磊元大99購01  ,0,0,0,0,0,0,0,0,0,110000,0,0,0,163000,53000,110000,110000
060375,葡萄王元富9A購01,0,0,0,0,0,0,0,0,0,110000,0,0,0,208000,98000,110000,110000
061798,晶豪科永豐9B購01,0,0,0,0,0,0,0,0,0,110000,0,0,0,110000,0,110000,110000
061676,新光金元大9A購03,0,0,0,0,0,0,0,0,0,110000,0,0,0,110000,0,110000,110000
061394,FBVIX統一9B購01 ,0,0,0,0,0,0,0,0,0,110000,0,0,0,110000,0,110000,110000
061432,世紀鋼元大9A購05,0,0,0,0,0,0,0,0,0,110000,0,0,0,110000,0,110000,110000
062134,國巨群益9B購04  ,0,0,0,0,0,0,0,0,0,110000,0,0,0,161000,51000,110000,110000
062405,泰鼎永豐9B購02  ,0,0,0,0,0,0,0,0,0,110000,0,0,0,165000,55000,110000,110000
062556,瑞昱凱基9B購02  ,0,0,0,0,0,0,0,0,0,110000,0,0,0,150000,40000,110000,110000
6531,愛普            ,174000,196000,-22000,0,0,0,131000,0,131000,0,0,0,0,0,0,0,109000
063445,金像電統一9B購01,0,0,0,0,0,0,0,0,0,109000,0,0,0,127000,18000,109000,109000
056428,台達電凱基99購01,0,0,0,0,0,0,0,0,0,109000,0,0,0,119000,10000,109000,109000
056519,創意國票99購01  ,0,0,0,0,0,0,0,0,0,109000,0,0,0,158000,49000,109000,109000
058369,亞光凱基99購02  ,0,0,0,0,0,0,0,0,0,109000,0,0,0,327000,218000,109000,109000
055929,聯發科群益97購05,0,0,0,0,0,0,0,0,0,109000,0,0,0,154000,45000,109000,109000
056883,美食康和98購01  ,0,0,0,0,0,0,0,0,0,109000,0,0,0,109000,0,109000,109000
060522,鴻海中信9A購03  ,0,0,0,0,0,0,0,0,0,109000,0,0,0,149000,40000,109000,109000
062483,致新國票9B購01  ,0,0,0,0,0,0,0,0,0,109000,0,0,0,131000,22000,109000,109000
063287,嘉澤元大9B購05  ,0,0,0,0,0,0,0,0,0,109000,0,0,0,159000,50000,109000,109000
062689,華擎統一02購01  ,0,0,0,0,0,0,0,0,0,109000,0,0,0,154000,45000,109000,109000
061644,健策元大9C購02  ,0,0,0,0,0,0,0,0,0,109000,0,0,0,169000,60000,109000,109000
060958,儒鴻凱基9A購02  ,0,0,0,0,0,0,0,0,0,109000,0,0,0,122000,13000,109000,109000
8422,可寧衛          ,109000,18000,91000,0,0,0,16000,0,16000,1000,1000,0,1000,0,0,0,108000
4746,台耀            ,520000,358000,162000,0,0,0,0,0,0,-54000,8000,62000,-54000,0,0,0,108000
08158P,嘉澤元富9B售03  ,0,0,0,0,0,0,0,0,0,108000,0,0,0,209000,101000,108000,108000
055919,景碩凱基98購02  ,0,0,0,0,0,0,0,0,0,108000,0,0,0,136000,28000,108000,108000
056772,欣興元大99購01  ,0,0,0,0,0,0,0,0,0,108000,0,0,0,142000,34000,108000,108000
055746,同欣電元富97購01,0,0,0,0,0,0,0,0,0,108000,0,0,0,110000,2000,108000,108000
060383,葡萄王凱基9A購01,0,0,0,0,0,0,0,0,0,108000,0,0,0,108000,0,108000,108000
061008,群創兆豐9A購02  ,0,0,0,0,0,0,0,0,0,108000,0,0,0,193000,85000,108000,108000
062784,世芯元大9B購01  ,0,0,0,0,0,0,0,0,0,108000,0,0,0,139000,31000,108000,108000
063188,TPK凱基9B購01   ,0,0,0,0,0,0,0,0,0,108000,0,0,0,663000,555000,108000,108000
055887,上銀統一97購03  ,0,0,0,0,0,0,0,0,0,107000,0,0,0,107000,0,107000,107000
060199,台郡元富9A購01  ,0,0,0,0,0,0,0,0,0,107000,0,0,0,310000,203000,107000,107000
054213,欣興國票97購04  ,0,0,0,0,0,0,0,0,0,107000,0,0,0,115000,8000,107000,107000
046793,聯發科元富99購01,0,0,0,0,0,0,0,0,0,107000,0,0,0,107000,0,107000,107000
058639,南電兆豐99購01  ,0,0,0,0,0,0,0,0,0,107000,0,0,0,260000,153000,107000,107000
062608,智易凱基9B購01  ,0,0,0,0,0,0,0,0,0,107000,0,0,0,152000,45000,107000,107000
062280,大立光群益9C購01,0,0,0,0,0,0,0,0,0,107000,0,0,0,108000,1000,107000,107000
061783,友達群益9B購01  ,0,0,0,0,0,0,0,0,0,107000,0,0,0,107000,0,107000,107000
061802,勤誠永豐9B購01  ,0,0,0,0,0,0,0,0,0,107000,0,0,0,107000,0,107000,107000
063635,漢唐元大9B購04  ,0,0,0,0,0,0,0,0,0,106000,0,0,0,106000,0,106000,106000
054307,高鐵凱基98購01  ,0,0,0,0,0,0,0,0,0,106000,0,0,0,126000,20000,106000,106000
056084,漢唐統一97購03  ,0,0,0,0,0,0,0,0,0,106000,0,0,0,134000,28000,106000,106000
060757,台積電元大9A購18,0,0,0,0,0,0,0,0,0,106000,0,0,0,106000,0,106000,106000
060432,達方永豐9A購01  ,0,0,0,0,0,0,0,0,0,106000,0,0,0,183000,77000,106000,106000
060411,達新永豐9A購01  ,0,5000,-5000,0,0,0,0,0,0,111000,0,0,0,413000,302000,111000,106000
060817,華邦電台新9A購01,0,0,0,0,0,0,0,0,0,106000,0,0,0,337000,231000,106000,106000
061765,義隆元大9B購01  ,0,0,0,0,0,0,0,0,0,106000,0,0,0,139000,33000,106000,106000
061939,中租國票9B購01  ,0,0,0,0,0,0,0,0,0,106000,0,0,0,174000,68000,106000,106000
062027,國泰金群益9B購01,0,0,0,0,0,0,0,0,0,106000,0,0,0,106000,0,106000,106000
063608,力成凱基9B購03  ,0,0,0,0,0,0,0,0,0,105000,0,0,0,155000,50000,105000,105000
08155P,聯發科元富9B售05,0,0,0,0,0,0,0,0,0,105000,0,0,0,107000,2000,105000,105000
060162,碩天永豐9A購01  ,0,0,0,0,0,0,0,0,0,105000,0,0,0,115000,10000,105000,105000
056191,世紀鋼統一97購01,0,0,0,0,0,0,0,0,0,105000,0,0,0,105000,0,105000,105000
053364,友達國泰98購01  ,0,0,0,0,0,0,0,0,0,105000,0,0,0,105000,0,105000,105000
054063,聯茂國票97購02  ,0,0,0,0,0,0,0,0,0,105000,0,0,0,105000,0,105000,105000
058613,茂林元大99購03  ,0,0,0,0,0,0,0,0,0,105000,0,0,0,128000,23000,105000,105000
058551,義隆永豐99購03  ,0,0,0,0,0,0,0,0,0,105000,0,0,0,105000,0,105000,105000
059948,正文永豐99購01  ,0,0,0,0,0,0,0,0,0,105000,0,0,0,152000,47000,105000,105000
059863,和大凱基99購01  ,0,0,0,0,0,0,0,0,0,105000,0,0,0,173000,68000,105000,105000
063162,國喬永豐9B購01  ,0,0,0,0,0,0,0,0,0,105000,0,0,0,105000,0,105000,105000
06150P,奇力新元大97售06,0,0,0,0,0,0,0,0,0,105000,0,0,0,105000,0,105000,105000
060844,大立光國票9A購07,0,0,0,0,0,0,0,0,0,105000,0,0,0,107000,2000,105000,105000
060766,世芯元大9A購02  ,0,0,0,0,0,0,0,0,0,105000,0,0,0,125000,20000,105000,105000
08134P,臺股指元大9B售40,0,0,0,0,0,0,0,0,0,104000,0,0,0,105000,1000,104000,104000
057458,TPK富邦9A購01   ,0,0,0,0,0,0,0,0,0,104000,0,0,0,104000,0,104000,104000
059127,國巨中信99購04  ,0,0,0,0,0,0,0,0,0,104000,0,0,0,119000,15000,104000,104000
058463,宏達電兆豐99購02,0,0,0,0,0,0,0,0,0,104000,0,0,0,104000,0,104000,104000
058507,美律元大9A購01  ,0,0,0,0,0,0,0,0,0,104000,0,0,0,111000,7000,104000,104000
058774,台郡兆豐9A購01  ,0,0,0,0,0,0,0,0,0,104000,0,0,0,224000,120000,104000,104000
057234,宏達電凱基98購05,0,0,0,0,0,0,0,0,0,104000,0,0,0,109000,5000,104000,104000
063129,祥碩元大9C購03  ,0,0,0,0,0,0,0,0,0,104000,0,0,0,114000,10000,104000,104000
061986,晶豪科元大9B購01,0,0,0,0,0,0,0,0,0,104000,0,0,0,194000,90000,104000,104000
062168,大毅永豐9B購01  ,0,0,0,0,0,0,0,0,0,104000,0,0,0,114000,10000,104000,104000
3645,達邁            ,153000,49000,104000,0,0,0,0,0,0,-1000,0,1000,-1000,0,0,0,103000
07858P,旺宏永豐9A售03  ,0,0,0,0,0,0,0,0,0,103000,0,0,0,105000,2000,103000,103000
055033,漢唐富邦98購01  ,0,0,0,0,0,0,0,0,0,103000,0,0,0,103000,0,103000,103000
054278,晶技群益97購02  ,0,0,0,0,0,0,0,0,0,103000,0,0,0,121000,18000,103000,103000
060731,奇力新群益9A購01,0,0,0,0,0,0,0,0,0,103000,0,0,0,103000,0,103000,103000
058608,華新科元大99購13,0,0,0,0,0,0,0,0,0,103000,0,0,0,103000,0,103000,103000
059146,貿聯國票9A購02  ,0,0,0,0,0,0,0,0,0,103000,0,0,0,103000,0,103000,103000
063575,矽格元大9B購02  ,0,0,0,0,0,0,0,0,0,102000,0,0,0,881000,779000,102000,102000
052363,廣達國票96購01  ,0,0,0,0,0,0,0,0,0,102000,0,0,0,102000,0,102000,102000
059077,FBVIX元大99購05 ,0,0,0,0,0,0,0,0,0,102000,0,0,0,102000,0,102000,102000
060424,中租永豐9A購01  ,0,0,0,0,0,0,0,0,0,102000,0,0,0,157000,55000,102000,102000
060635,義隆永豐9A購01  ,0,0,0,0,0,0,0,0,0,102000,0,0,0,115000,13000,102000,102000
061949,大立光群益9B購03,0,0,0,0,0,0,0,0,0,102000,0,0,0,233000,131000,102000,102000
060877,華邦電中信02購01,0,0,0,0,0,0,0,0,0,102000,0,0,0,102000,0,102000,102000
061715,牧德凱基9B購03  ,0,0,0,0,0,0,0,0,0,102000,0,0,0,112000,10000,102000,102000
061857,康友國票9B購01  ,0,0,0,0,0,0,0,0,0,102000,0,0,0,109000,7000,102000,102000
063620,奇力新兆豐9B購01,0,0,0,0,0,0,0,0,0,101000,0,0,0,101000,0,101000,101000
063429,南電凱基01購01  ,0,0,0,0,0,0,0,0,0,101000,0,0,0,121000,20000,101000,101000
06626P,大立光統一9A售01,0,0,0,0,0,0,0,0,0,101000,0,0,0,101000,0,101000,101000
051739,奇力新國票97購01,0,0,0,0,0,0,0,0,0,101000,0,0,0,101000,0,101000,101000
056670,樺漢國票99購01  ,0,0,0,0,0,0,0,0,0,101000,0,0,0,254000,153000,101000,101000
058410,國巨兆豐99購03  ,0,0,0,0,0,0,0,0,0,101000,0,0,0,154000,53000,101000,101000
060457,中橡元大9A購02  ,0,0,0,0,0,0,0,0,0,101000,0,0,0,165000,64000,101000,101000
059871,義隆凱基99購03  ,0,0,0,0,0,0,0,0,0,101000,0,0,0,166000,65000,101000,101000
059920,宏達電元大99購07,0,0,0,0,0,0,0,0,0,101000,0,0,0,185000,84000,101000,101000
058517,景碩元大99購06  ,0,0,0,0,0,0,0,0,0,101000,0,0,0,104000,3000,101000,101000
058251,百和元大99購03  ,0,0,0,0,0,0,0,0,0,101000,0,0,0,101000,0,101000,101000
060923,全新永豐9A購01  ,0,0,0,0,0,0,0,0,0,101000,0,0,0,101000,0,101000,101000
062537,聯電國泰9C購01  ,0,0,0,0,0,0,0,0,0,101000,0,0,0,101000,0,101000,101000
063240,聯發科元大9B購17,0,0,0,0,0,0,0,0,0,101000,0,0,0,134000,33000,101000,101000
062742,技嘉國泰01購01  ,0,0,0,0,0,0,0,0,0,101000,0,0,0,222000,121000,101000,101000
06571P,欣興永豐98售03  ,0,0,0,0,0,0,0,0,0,100000,0,0,0,110000,10000,100000,100000
07578P,高鐵元大9A售02  ,0,0,0,0,0,0,0,0,0,100000,0,0,0,100000,0,100000,100000
06927P,台灣50元大9B售03,0,0,0,0,0,0,0,0,0,100000,0,0,0,120000,20000,100000,100000
06994P,台光電凱基99售02,0,0,0,0,0,0,0,0,0,100000,0,0,0,110000,10000,100000,100000
055827,中石化元大98購01,0,0,0,0,0,0,0,0,0,100000,0,0,0,100000,0,100000,100000
06018P,康控凱基96售03  ,0,0,0,0,0,0,0,0,0,100000,0,0,0,130000,30000,100000,100000
056012,勤誠中信99購01  ,0,0,0,0,0,0,0,0,0,100000,0,0,0,100000,0,100000,100000
055142,健策永豐98購01  ,0,0,0,0,0,0,0,0,0,100000,0,0,0,112000,12000,100000,100000
054954,華新科元大97購06,0,0,0,0,0,0,0,0,0,100000,0,0,0,100000,0,100000,100000
056582,易華電元大98購01,0,0,0,0,0,0,0,0,0,100000,0,0,0,150000,50000,100000,100000
051979,群創凱基97購01  ,0,0,0,0,0,0,0,0,0,100000,0,0,0,100000,0,100000,100000
046928,奇鋐富邦97購01  ,0,0,0,0,0,0,0,0,0,100000,0,0,0,100000,0,100000,100000
049108,玉晶光富邦96購02,0,0,0,0,0,0,0,0,0,100000,0,0,0,100000,0,100000,100000
052609,智易元大97購01  ,0,0,0,0,0,0,0,0,0,100000,0,0,0,100000,0,100000,100000
053110,大立光兆豐97購01,0,0,0,0,0,0,0,0,0,100000,0,0,0,100000,0,100000,100000
053357,可成統一96購02  ,0,0,0,0,0,0,0,0,0,100000,0,0,0,100000,0,100000,100000
053770,元金2X元大98購01,0,0,0,0,0,0,0,0,0,100000,0,0,0,100000,0,100000,100000
058290,南電國票9A購01  ,0,0,0,0,0,0,0,0,0,100000,0,0,0,110000,10000,100000,100000
058513,宏達電元大99購05,0,0,0,0,0,0,0,0,0,100000,0,0,0,100000,0,100000,100000
059289,瑞昱元富99購01  ,0,0,0,0,0,0,0,0,0,100000,0,0,0,153000,53000,100000,100000
060028,國揚永豐99購01  ,0,0,0,0,0,0,0,0,0,100000,0,0,0,100000,0,100000,100000
058849,奇力新群益99購02,0,0,0,0,0,0,0,0,0,100000,0,0,0,100000,0,100000,100000
060409,味全永豐9A購01  ,0,0,0,0,0,0,0,0,0,100000,0,0,0,100000,0,100000,100000
060410,台苯永豐9A購01  ,0,0,0,0,0,0,0,0,0,100000,0,0,0,100000,0,100000,100000
056951,牧德統一99購01  ,0,0,0,0,0,0,0,0,0,100000,0,0,0,110000,10000,100000,100000
05783P,嘉澤元富96售01  ,0,0,0,0,0,0,0,0,0,100000,0,0,0,100000,0,100000,100000
057709,電子類群益98購01,0,0,0,0,0,0,0,0,0,100000,0,0,0,100000,0,100000,100000
057720,日電貿元富98購01,0,0,0,0,0,0,0,0,0,100000,0,0,0,367000,267000,100000,100000
062693,中石化元大02購01,0,0,0,0,0,0,0,0,0,100000,0,0,0,100000,0,100000,100000
062768,南電凱基9B購04  ,0,0,0,0,0,0,0,0,0,100000,0,0,0,100000,0,100000,100000
062833,世芯群益9B購01  ,0,0,0,0,0,0,0,0,0,100000,0,0,0,268000,168000,100000,100000
060905,台積電元大9A購20,0,0,0,0,0,0,0,0,0,100000,0,0,0,150000,50000,100000,100000
061194,聯鈞永豐9A購02  ,0,0,0,0,0,0,0,0,0,100000,0,0,0,160000,60000,100000,100000
061026,南電富邦9B購01  ,0,0,0,0,0,0,0,0,0,100000,0,0,0,105000,5000,100000,100000
07204P,鴻海凱基99售10  ,0,0,0,0,0,0,0,0,0,99000,0,0,0,99000,0,99000,99000
07743P,智邦凱基9A售03  ,0,0,0,0,0,0,0,0,0,99000,0,0,0,324000,225000,99000,99000
4306,炎洲            ,134000,31000,103000,0,0,0,0,0,0,-4000,1000,5000,-4000,0,0,0,99000
053072,國巨台新97購01  ,0,0,0,0,0,0,0,0,0,99000,0,0,0,149000,50000,99000,99000
054296,世芯元大97購01  ,0,0,0,0,0,0,0,0,0,99000,0,0,0,131000,32000,99000,99000
051634,大立光國票96購03,0,0,0,0,0,0,0,0,0,99000,0,0,0,99000,0,99000,99000
056649,智易凱基98購01  ,0,0,0,0,0,0,0,0,0,99000,0,0,0,129000,30000,99000,99000
055229,大毅國票97購02  ,0,0,0,0,0,0,0,0,0,99000,0,0,0,107000,8000,99000,99000
055782,新日興凱基99購01,0,0,0,0,0,0,0,0,0,99000,0,0,0,244000,145000,99000,99000
059762,禾伸堂永豐99購02,0,0,0,0,0,0,0,0,0,99000,0,0,0,99000,0,99000,99000
059570,全新凱基99購04  ,0,0,0,0,0,0,0,0,0,99000,0,0,0,159000,60000,99000,99000
060246,晶相光元大9C購03,0,0,0,0,0,0,0,0,0,99000,0,0,0,156000,57000,99000,99000
062383,大立光國泰01購01,0,0,0,0,0,0,0,0,0,99000,0,0,0,426000,327000,99000,99000
2105,正新            ,1027388,933000,94388,0,0,0,0,0,0,4000,6000,2000,4000,0,0,0,98388
2493,揚博            ,178000,67000,111000,0,0,0,0,13000,-13000,0,0,0,0,0,0,0,98000
08180P,聯發科國泰01售05,0,0,0,0,0,0,0,0,0,98000,0,0,0,98000,0,98000,98000
057457,華邦電富邦98購01,0,0,0,0,0,0,0,0,0,98000,0,0,0,98000,0,98000,98000
055736,宏達電元富99購01,0,0,0,0,0,0,0,0,0,98000,0,0,0,250000,152000,98000,98000
054160,華泰凱基98購01  ,0,0,0,0,0,0,0,0,0,98000,0,0,0,98000,0,98000,98000
058244,神達元大99購02  ,0,0,0,0,0,0,0,0,0,98000,0,0,0,166000,68000,98000,98000
058829,華新科永豐99購04,0,0,0,0,0,0,0,0,0,98000,0,0,0,279000,181000,98000,98000
061997,台郡元大9B購03  ,0,0,0,0,0,0,0,0,0,98000,0,0,0,228000,130000,98000,98000
061718,GIS凱基9B購01   ,0,0,0,0,0,0,0,0,0,98000,0,0,0,282000,184000,98000,98000
061658,聯茂富邦9A購03  ,0,0,0,0,0,0,0,0,0,98000,0,0,0,98000,0,98000,98000
060984,南亞科元大9A購07,0,0,0,0,0,0,0,0,0,98000,0,0,0,111000,13000,98000,98000
057436,義隆國票99購02  ,0,0,0,0,0,0,0,0,0,97000,0,0,0,145000,48000,97000,97000
056820,欣興永豐98購02  ,0,0,0,0,0,0,0,0,0,97000,0,0,0,97000,0,97000,97000
056298,億光元大97購02  ,0,0,0,0,0,0,0,0,0,97000,0,0,0,149000,52000,97000,97000
058099,鴻海國泰9A購02  ,0,0,0,0,0,0,0,0,0,97000,0,0,0,128000,31000,97000,97000
058032,大立光永豐98購05,0,0,0,0,0,0,0,0,0,97000,0,0,0,108000,11000,97000,97000
059299,欣興元富99購03  ,0,0,0,0,0,0,0,0,0,97000,0,0,0,113000,16000,97000,97000
059834,友達國泰9B購01  ,0,0,0,0,0,0,0,0,0,97000,0,0,0,97000,0,97000,97000
058749,康控凱基99購03  ,0,0,0,0,0,0,0,0,0,97000,0,0,0,152000,55000,97000,97000
061750,台達電台新9B購01,0,0,0,0,0,0,0,0,0,97000,0,0,0,170000,73000,97000,97000
061855,台郡國票9B購01  ,0,0,0,0,0,0,0,0,0,97000,0,0,0,193000,96000,97000,97000
061275,臺股指凱基9A購25,0,0,0,0,0,0,0,0,0,97000,0,0,0,147000,50000,97000,97000
060302,台積電富邦02購01,0,0,0,0,0,0,0,0,0,97000,0,0,0,200000,103000,97000,97000
063268,GIS中信9B購01   ,0,0,0,0,0,0,0,0,0,97000,0,0,0,1095000,998000,97000,97000
1215,卜蜂            ,266000,190000,76000,0,0,0,20000,0,20000,0,20000,0,20000,0,20000,-20000,96000
3338,泰碩            ,1015000,862000,153000,0,0,0,0,165000,-165000,108000,0,49000,-49000,213000,56000,157000,96000
063450,華新科統一02購01,0,0,0,0,0,0,0,0,0,96000,0,0,0,128000,32000,96000,96000
060227,和大元大9A購01  ,0,0,0,0,0,0,0,0,0,96000,0,0,0,182000,86000,96000,96000
055230,大毅國票98購01  ,0,0,0,0,0,0,0,0,0,96000,0,0,0,108000,12000,96000,96000
055668,欣興群益97購01  ,0,0,0,0,0,0,0,0,0,96000,0,0,0,106000,10000,96000,96000
056454,欣興凱基98購02  ,0,0,0,0,0,0,0,0,0,96000,0,0,0,96000,0,96000,96000
055380,智易元大98購02  ,0,0,0,0,0,0,0,0,0,96000,0,0,0,96000,0,96000,96000
058780,牧德國票9A購01  ,0,0,0,0,0,0,0,0,0,96000,0,0,0,134000,38000,96000,96000
060721,瑞儀永豐9A購01  ,0,0,0,0,0,0,0,0,0,96000,0,0,0,262000,166000,96000,96000
059515,牧德永豐99購01  ,0,0,0,0,0,0,0,0,0,96000,0,0,0,96000,0,96000,96000
063251,同欣電元大9B購04,0,0,0,0,0,0,0,0,0,96000,0,0,0,164000,68000,96000,96000
062945,世芯國泰01購01  ,0,0,0,0,0,0,0,0,0,96000,0,0,0,98000,2000,96000,96000
061414,牧德群益9B購02  ,0,0,0,0,0,0,0,0,0,96000,0,0,0,199000,103000,96000,96000
063524,瑞昱凱基9B購05  ,0,0,0,0,0,0,0,0,0,96000,0,0,0,96000,0,96000,96000
061351,智伸科元大9A購01,0,0,0,0,0,0,0,0,0,96000,0,0,0,96000,0,96000,96000
061105,宏達電元大9A購04,0,0,0,0,0,0,0,0,0,96000,0,0,0,164000,68000,96000,96000
6443,元晶            ,440000,345000,95000,0,0,0,0,0,0,0,0,0,0,0,0,0,95000
055731,美律元富97購01  ,0,0,0,0,0,0,0,0,0,95000,0,0,0,98000,3000,95000,95000
057391,樺漢永豐98購01  ,0,0,0,0,0,0,0,0,0,95000,0,0,0,110000,15000,95000,95000
059521,南電永豐99購03  ,0,0,0,0,0,0,0,0,0,95000,0,0,0,97000,2000,95000,95000
058982,台積電凱基99購08,0,0,0,0,0,0,0,0,0,95000,0,0,0,95000,0,95000,95000
058036,南電永豐98購01  ,0,0,0,0,0,0,0,0,0,95000,0,0,0,95000,0,95000,95000
060575,大立光中信9B購02,0,0,0,0,0,0,0,0,0,95000,0,0,0,105000,10000,95000,95000
057334,技嘉國票98購02  ,0,0,0,0,0,0,0,0,0,95000,0,0,0,113000,18000,95000,95000
060083,和大元大99購02  ,0,0,0,0,0,0,0,0,0,95000,0,0,0,257000,162000,95000,95000
062312,大立光凱基9B購03,0,0,0,0,0,0,0,0,0,95000,0,0,0,95000,0,95000,95000
062646,聯發科國泰01購02,0,22000,-22000,0,0,0,0,0,0,117000,0,0,0,169000,52000,117000,95000
063389,大立光兆豐9C購02,0,0,0,0,0,0,0,0,0,94000,0,0,0,196000,102000,94000,94000
063660,儒鴻統一9C購01  ,0,0,0,0,0,0,0,0,0,94000,0,0,0,139000,45000,94000,94000
06396P,新日興康和97售01,0,0,0,0,0,0,0,0,0,94000,0,0,0,94000,0,94000,94000
055466,台達電凱基97購03,0,0,0,0,0,0,0,0,0,94000,0,0,0,98000,4000,94000,94000
052076,可成元富98購01  ,0,0,0,0,0,0,0,0,0,94000,0,0,0,94000,0,94000,94000
043538,元石油國票97購01,0,0,0,0,0,0,0,0,0,94000,0,0,0,94000,0,94000,94000
060599,國巨凱基9C購01  ,0,0,0,0,0,0,0,0,0,94000,0,0,0,169000,75000,94000,94000
061963,台積電統一01購04,0,0,0,0,0,0,0,0,0,94000,0,0,0,150000,56000,94000,94000
060994,世芯元大9A購03  ,0,0,0,0,0,0,0,0,0,94000,0,0,0,94000,0,94000,94000
07076P,鴻海凱基9A售08  ,0,0,0,0,0,0,0,0,0,93000,0,0,0,100000,7000,93000,93000
03425B,臺股指元大9A熊01,0,0,0,0,0,0,0,0,0,93000,0,0,0,95000,2000,93000,93000
00762,元大全球AI      ,0,0,0,0,0,0,0,0,0,93000,0,0,0,113000,20000,93000,93000
056787,健鼎群益98購01  ,0,0,0,0,0,0,0,0,0,93000,0,0,0,321000,228000,93000,93000
057833,聯發科元富02購06,0,0,0,0,0,0,0,0,0,93000,0,0,0,98000,5000,93000,93000
058722,台郡元富99購01  ,0,0,0,0,0,0,0,0,0,93000,0,0,0,406000,313000,93000,93000
061117,美律國泰9C購01  ,0,0,0,0,0,0,0,0,0,93000,0,0,0,156000,63000,93000,93000
063498,金像電永豐9B購02,0,0,0,0,0,0,0,0,0,93000,0,0,0,113000,20000,93000,93000
061265,富邦金凱基9B購01,0,0,0,0,0,0,0,0,0,93000,0,0,0,100000,7000,93000,93000
061899,復盛永豐9B購01  ,0,0,0,0,0,0,0,0,0,93000,0,0,0,103000,10000,93000,93000
062428,超眾統一9B購01  ,0,0,0,0,0,0,0,0,0,93000,0,0,0,252000,159000,93000,93000
062575,景碩群益9B購01  ,0,0,0,0,0,0,0,0,0,93000,0,0,0,212000,119000,93000,93000
063041,貿聯凱基9B購01  ,0,0,0,0,0,0,0,0,0,93000,0,0,0,98000,5000,93000,93000
07782P,寶成凱基9A售02  ,0,0,0,0,0,0,0,0,0,92000,0,0,0,92000,0,92000,92000
056307,貿聯元大97購05  ,0,0,0,0,0,0,0,0,0,92000,0,0,0,94000,2000,92000,92000
060129,祥碩永豐99購03  ,0,0,0,0,0,0,0,0,0,92000,0,0,0,92000,0,92000,92000
056120,聯茂群益97購02  ,0,0,0,0,0,0,0,0,0,92000,0,0,0,97000,5000,92000,92000
054929,群電凱基97購01  ,0,0,0,0,0,0,0,0,0,92000,0,0,0,92000,0,92000,92000
00770,國泰北美科技    ,0,0,0,0,0,0,0,0,0,92000,0,0,0,249000,157000,92000,92000
060400,南電國票9A購03  ,0,0,0,0,0,0,0,0,0,92000,0,0,0,134000,42000,92000,92000
060019,彰銀康和99購01  ,0,0,0,0,0,0,0,0,0,92000,0,0,0,97000,5000,92000,92000
062321,力成台新9B購01  ,0,0,0,0,0,0,0,0,0,92000,0,0,0,108000,16000,92000,92000
062206,緯創國票9B購01  ,0,0,0,0,0,0,0,0,0,92000,0,0,0,92000,0,92000,92000
061815,奇力新群益9B購02,0,0,0,0,0,0,0,0,0,92000,0,0,0,115000,23000,92000,92000
8464,億豐            ,164284,96000,68284,0,0,0,0,0,0,23000,1000,0,1000,22000,0,22000,91284
9802,鈺齊-KY         ,415101,301000,114101,0,0,0,0,0,0,-23000,1000,19000,-18000,7000,12000,-5000,91101
6142,友勁            ,47000,43000,4000,0,0,0,0,0,0,87000,87000,0,87000,0,0,0,91000
08092P,仁寶元富9B售02  ,0,0,0,0,0,0,0,0,0,91000,0,0,0,91000,0,91000,91000
07071P,立積元富99售01  ,0,0,0,0,0,0,0,0,0,91000,0,0,0,326000,235000,91000,91000
054343,世紀鋼元富96購02,0,0,0,0,0,0,0,0,0,91000,0,0,0,208000,117000,91000,91000
056101,光磊永豐98購01  ,0,0,0,0,0,0,0,0,0,91000,0,0,0,168000,77000,91000,91000
057481,技嘉元大98購04  ,0,0,0,0,0,0,0,0,0,91000,0,0,0,91000,0,91000,91000
059166,友達凱基99購05  ,0,0,0,0,0,0,0,0,0,91000,0,0,0,91000,0,91000,91000
060559,世紀鋼凱基9C購01,0,0,0,0,0,0,0,0,0,91000,0,0,0,94000,3000,91000,91000
060099,宏達電元大99購09,0,0,0,0,0,0,0,0,0,91000,0,0,0,100000,9000,91000,91000
061033,台光電永豐9A購01,0,0,0,0,0,0,0,0,0,91000,0,0,0,109000,18000,91000,91000
061841,晶技凱基9C購01  ,0,0,0,0,0,0,0,0,0,91000,0,0,0,122000,31000,91000,91000
062501,台積電群益9C購03,0,0,0,0,0,0,0,0,0,91000,0,0,0,153000,62000,91000,91000
07545P,玉晶光凱基9A售07,0,0,0,0,0,0,0,0,0,90000,0,0,0,170000,80000,90000,90000
056280,上証2X永豐98購01,0,0,0,0,0,0,0,0,0,90000,0,0,0,100000,10000,90000,90000
055907,台虹兆豐98購01  ,0,0,0,0,0,0,0,0,0,90000,0,0,0,90000,0,90000,90000
054584,貿聯元富97購01  ,0,0,0,0,0,0,0,0,0,90000,0,0,0,98000,8000,90000,90000
055085,大毅國票97購01  ,0,0,0,0,0,0,0,0,0,90000,0,0,0,220000,130000,90000,90000
054980,國巨元富97購01  ,0,0,0,0,0,0,0,0,0,90000,0,0,0,90000,0,90000,90000
054962,玉晶光元大99購02,0,0,0,0,0,0,0,0,0,90000,0,0,0,90000,0,90000,90000
053583,漢唐元大96購03  ,0,0,0,0,0,0,0,0,0,90000,0,0,0,90000,0,90000,90000
053350,台表科國票97購02,0,0,0,0,0,0,0,0,0,90000,0,0,0,90000,0,90000,90000
055354,宏達電凱基98購01,0,0,0,0,0,0,0,0,0,90000,0,0,0,90000,0,90000,90000
052923,台積電永豐96購02,0,0,0,0,0,0,0,0,0,90000,0,0,0,90000,0,90000,90000
047885,元金2X富邦99購01,0,0,0,0,0,0,0,0,0,90000,0,0,0,100000,10000,90000,90000
059706,嘉晶凱基99購01  ,0,0,0,0,0,0,0,0,0,90000,0,0,0,90000,0,90000,90000
057140,宏達電兆豐98購01,0,0,0,0,0,0,0,0,0,90000,0,0,0,100000,10000,90000,90000
057836,南亞科國泰9A購01,0,0,0,0,0,0,0,0,0,90000,0,0,0,168000,78000,90000,90000
059123,訊芯永豐99購03  ,0,0,0,0,0,0,0,0,0,90000,0,0,0,278000,188000,90000,90000
058076,神達凱基98購02  ,0,0,0,0,0,0,0,0,0,90000,0,0,0,90000,0,90000,90000
063047,大立光兆豐9B購03,0,0,0,0,0,0,0,0,0,90000,0,0,0,117000,27000,90000,90000
063203,華新科統一9C購04,0,0,0,0,0,0,0,0,0,90000,0,0,0,91000,1000,90000,90000
060987,華新科元大9A購11,0,0,0,0,0,0,0,0,0,90000,0,0,0,146000,56000,90000,90000
060983,南亞科元大9A購06,0,0,0,0,0,0,0,0,0,90000,0,0,0,110000,20000,90000,90000
060284,南港元大01購01  ,0,0,0,0,0,0,0,0,0,90000,0,0,0,100000,10000,90000,90000
06421P,嘉澤統一97售02  ,0,0,0,0,0,0,0,0,0,89000,0,0,0,312000,223000,89000,89000
3019,亞光            ,1393000,1720000,-327000,0,0,0,0,0,0,416000,290000,86000,204000,305000,93000,212000,89000
00851,台新全球AI      ,0,0,0,0,0,0,0,0,0,89000,0,0,0,123000,34000,89000,89000
053455,台光電元富96購02,0,0,0,0,0,0,0,0,0,89000,0,0,0,101000,12000,89000,89000
059450,和大永豐99購01  ,0,0,0,0,0,0,0,0,0,89000,0,0,0,115000,26000,89000,89000
059403,T50反1台新03購03,0,0,0,0,0,0,0,0,0,89000,0,0,0,150000,61000,89000,89000
060737,瑞儀統一9C購01  ,0,0,0,0,0,0,0,0,0,89000,0,0,0,89000,0,89000,89000
057693,臺股指凱基98購11,0,0,0,0,0,0,0,0,0,89000,0,0,0,89000,0,89000,89000
061853,晶技國票9B購02  ,0,0,0,0,0,0,0,0,0,89000,0,0,0,89000,0,89000,89000
062983,緯穎元富9B購01  ,0,0,0,0,0,0,0,0,0,89000,0,0,0,89000,0,89000,89000
062577,泰鼎群益9B購01  ,0,0,0,0,0,0,0,0,0,89000,0,0,0,201000,112000,89000,89000
062597,世紀鋼統一01購01,0,0,0,0,0,0,0,0,0,89000,0,0,0,109000,20000,89000,89000
062259,可成元大9B購03  ,0,0,0,0,0,0,0,0,0,89000,0,0,0,96000,7000,89000,89000
062307,華通凱基9C購01  ,0,0,0,0,0,0,0,0,0,89000,0,0,0,92000,3000,89000,89000
062075,智邦元大9B購03  ,0,0,0,0,0,0,0,0,0,89000,0,0,0,163000,74000,89000,89000
1589,永冠-KY         ,66000,5000,61000,0,0,0,0,0,0,27000,27000,0,27000,0,0,0,88000
063307,同欣電凱基9B購02,0,0,0,0,0,0,0,0,0,88000,0,0,0,138000,50000,88000,88000
07300P,臺股指元大9A售33,0,0,0,0,0,0,0,0,0,88000,0,0,0,330000,242000,88000,88000
051898,富邦金國泰97購01,0,0,0,0,0,0,0,0,0,88000,0,0,0,88000,0,88000,88000
056642,旺宏凱基98購07  ,0,0,0,0,0,0,0,0,0,88000,0,0,0,91000,3000,88000,88000
055562,欣興凱基97購06  ,0,0,0,0,0,0,0,0,0,88000,0,0,0,88000,0,88000,88000
055657,超眾元富97購02  ,0,0,0,0,0,0,0,0,0,88000,0,0,0,478000,390000,88000,88000
054504,聯鈞永豐96購01  ,0,0,0,0,0,0,0,0,0,88000,0,0,0,88000,0,88000,88000
057111,立積群益98購02  ,0,0,0,0,0,0,0,0,0,88000,0,0,0,98000,10000,88000,88000
060415,葡萄王永豐9A購01,0,0,0,0,0,0,0,0,0,88000,0,0,0,88000,0,88000,88000
060572,景碩永豐9A購01  ,0,0,0,0,0,0,0,0,0,88000,0,0,0,117000,29000,88000,88000
060547,瑞昱凱基9A購01  ,0,0,0,0,0,0,0,0,0,88000,0,0,0,122000,34000,88000,88000
060665,康控凱基9A購01  ,0,0,0,0,0,0,0,0,0,88000,0,0,0,149000,61000,88000,88000
059169,可成凱基99購04  ,0,0,0,0,0,0,0,0,0,88000,0,0,0,96000,8000,88000,88000
058959,南茂國票9A購01  ,0,0,0,0,0,0,0,0,0,88000,0,0,0,88000,0,88000,88000
062044,健策凱基9B購02  ,0,0,0,0,0,0,0,0,0,88000,0,0,0,101000,13000,88000,88000
061509,SP黃豆富邦9C購01,0,0,0,0,0,0,0,0,0,88000,0,0,0,103000,15000,88000,88000
061064,可成凱基9B購02  ,0,0,0,0,0,0,0,0,0,88000,0,0,0,88000,0,88000,88000
061054,台積電群益9A購04,0,0,0,0,0,0,0,0,0,88000,0,0,0,93000,5000,88000,88000
061019,大毅國票9A購01  ,0,0,0,0,0,0,0,0,0,88000,0,0,0,148000,60000,88000,88000
07525P,臺股指中信9B售07,0,0,0,0,0,0,0,0,0,87000,0,0,0,90000,3000,87000,87000
07794P,智邦國票9A售03  ,0,0,0,0,0,0,0,0,0,87000,0,0,0,275000,188000,87000,87000
063443,金像電統一01購02,0,0,0,0,0,0,0,0,0,87000,0,0,0,107000,20000,87000,87000
2031,新光鋼          ,115000,16000,99000,0,0,0,0,0,0,-12000,0,12000,-12000,0,0,0,87000
2387,精元            ,848000,678000,170000,0,0,0,0,0,0,-83000,13000,0,13000,6000,102000,-96000,87000
05593P,鴻海國票97售03  ,0,0,0,0,0,0,0,0,0,87000,0,0,0,87000,0,87000,87000
056947,國巨統一9A購01  ,0,0,0,0,0,0,0,0,0,87000,0,0,0,87000,0,87000,87000
061664,上銀中信9A購01  ,0,0,0,0,0,0,0,0,0,87000,0,0,0,87000,0,87000,87000
063553,同欣電國票9B購03,0,0,0,0,0,0,0,0,0,87000,0,0,0,88000,1000,87000,87000
061827,台灣50凱基02購01,0,0,0,0,0,0,0,0,0,87000,0,0,0,88000,1000,87000,87000
063107,矽創群益9B購01  ,0,0,0,0,0,0,0,0,0,87000,0,0,0,231000,144000,87000,87000
1409,新纖            ,232000,148814,83186,0,0,0,0,0,0,3000,3000,0,3000,0,0,0,86186
057491,美食元大98購03  ,0,0,0,0,0,0,0,0,0,86000,0,0,0,86000,0,86000,86000
058406,聯茂元大99購06  ,0,0,0,0,0,0,0,0,0,86000,0,0,0,282000,196000,86000,86000
056676,國產元富98購01  ,0,0,0,0,0,0,0,0,0,86000,0,0,0,369000,283000,86000,86000
056563,華新科群益98購04,0,0,0,0,0,0,0,0,0,86000,0,0,0,90000,4000,86000,86000
055104,台達電凱基98購01,0,0,0,0,0,0,0,0,0,86000,0,0,0,132000,46000,86000,86000
035277,景碩台新97購01  ,0,0,0,0,0,0,0,0,0,86000,0,0,0,120000,34000,86000,86000
060399,康友國票9A購02  ,0,0,0,0,0,0,0,0,0,86000,0,0,0,90000,4000,86000,86000
059911,國巨元大99購27  ,0,0,0,0,0,0,0,0,0,86000,0,0,0,167000,81000,86000,86000
05958P,聯發科國票97售04,0,0,0,0,0,0,0,0,0,86000,0,0,0,120000,34000,86000,86000
059401,牧德元富99購01  ,0,0,0,0,0,0,0,0,0,86000,0,0,0,86000,0,86000,86000
058452,義隆永豐99購02  ,0,0,0,0,0,0,0,0,0,86000,0,0,0,103000,17000,86000,86000
057958,禾伸堂元大99購05,0,0,0,0,0,0,0,0,0,86000,0,0,0,136000,50000,86000,86000
062941,大立光凱基9B購07,0,0,0,0,0,0,0,0,0,86000,0,0,0,130000,44000,86000,86000
063233,國巨元大9B購19  ,0,0,0,0,0,0,0,0,0,86000,0,0,0,86000,0,86000,86000
062630,全新國票9B購02  ,0,0,0,0,0,0,0,0,0,86000,0,0,0,86000,0,86000,86000
062185,禾伸堂元大9B購01,0,0,0,0,0,0,0,0,0,86000,0,0,0,130000,44000,86000,86000
061365,國巨國票9B購05  ,0,0,0,0,0,0,0,0,0,86000,0,0,0,111000,25000,86000,86000
060843,大立光國票9A購06,0,0,0,0,0,0,0,0,0,86000,0,0,0,97000,11000,86000,86000
063616,上銀兆豐9C購01  ,0,0,0,0,0,0,0,0,0,85000,0,0,0,85000,0,85000,85000
063594,上銀中信9C購01  ,0,0,0,0,0,0,0,0,0,85000,0,0,0,85000,0,85000,85000
03669C,滬深2X元富09牛01,0,0,0,0,0,0,0,0,0,85000,0,0,0,85000,0,85000,85000
00662,富邦NASDAQ      ,0,1000,-1000,0,0,0,0,0,0,86000,68000,0,68000,161000,143000,18000,85000
052413,上証反中信97購01,0,0,0,0,0,0,0,0,0,85000,0,0,0,85000,0,85000,85000
052766,玉晶光群益9A購01,0,0,0,0,0,0,0,0,0,85000,0,0,0,137000,52000,85000,85000
053800,華通凱基97購03  ,0,0,0,0,0,0,0,0,0,85000,0,0,0,127000,42000,85000,85000
056424,泰碩統一98購01  ,0,0,0,0,0,0,0,0,0,85000,0,0,0,85000,0,85000,85000
059384,上証2X凱基9B購01,0,0,0,0,0,0,0,0,0,85000,0,0,0,85000,0,85000,85000
059862,全新群益99購04  ,0,0,0,0,0,0,0,0,0,85000,0,0,0,125000,40000,85000,85000
057878,台郡元大99購04  ,0,0,0,0,0,0,0,0,0,85000,0,0,0,120000,35000,85000,85000
057374,禾伸堂元大99購03,0,0,0,0,0,0,0,0,0,85000,0,0,0,85000,0,85000,85000
059755,宏達電國泰9A購01,0,0,0,0,0,0,0,0,0,85000,0,0,0,229000,144000,85000,85000
060285,聯電元大9C購01  ,0,0,0,0,0,0,0,0,0,85000,0,0,0,110000,25000,85000,85000
060806,華新科群益9A購03,0,0,0,0,0,0,0,0,0,85000,0,0,0,85000,0,85000,85000
061052,和大群益9A購01  ,0,0,0,0,0,0,0,0,0,85000,0,0,0,144000,59000,85000,85000
060374,儒鴻元富9A購01  ,0,0,0,0,0,0,0,0,0,85000,0,0,0,85000,0,85000,85000
03050X,元展47          ,0,0,0,0,0,0,0,0,0,84000,0,0,0,220000,136000,84000,84000
054886,大毅統一97購01  ,0,0,0,0,0,0,0,0,0,84000,0,0,0,94000,10000,84000,84000
055943,瑞昱麥證97購01  ,0,0,0,89000,5000,84000,0,0,0,84000,0,0,0,89000,5000,84000,84000
057533,晶相光元大98購02,0,0,0,0,0,0,0,0,0,84000,0,0,0,89000,5000,84000,84000
059313,元石油元大99購06,0,0,0,0,0,0,0,0,0,84000,0,0,0,100000,16000,84000,84000
058664,百和兆豐99購01  ,0,0,0,0,0,0,0,0,0,84000,0,0,0,94000,10000,84000,84000
058218,緯穎群益99購01  ,0,0,0,0,0,0,0,0,0,84000,0,0,0,94000,10000,84000,84000
063286,嘉澤元大9B購04  ,0,0,0,0,0,0,0,0,0,84000,0,0,0,132000,48000,84000,84000
063349,台郡統一9C購01  ,0,0,0,0,0,0,0,0,0,83000,0,0,0,284000,201000,83000,83000
1338,廣華-KY         ,123000,40000,83000,0,0,0,0,0,0,0,0,0,0,0,0,0,83000
054058,晶豪科國票98購01,0,0,0,0,0,0,0,0,0,83000,0,0,0,83000,0,83000,83000
058073,大立光凱基99購04,0,0,0,0,0,0,0,0,0,83000,0,0,0,83000,0,83000,83000
058308,全新元大9B購01  ,0,0,0,0,0,0,0,0,0,83000,0,0,0,83000,0,83000,83000
058876,南電國票9A購02  ,0,0,0,0,0,0,0,0,0,83000,0,0,0,86000,3000,83000,83000
059503,大立光富邦9B購04,0,0,0,0,0,0,0,0,0,83000,0,0,0,425000,342000,83000,83000
059030,奇力新兆豐99購03,0,0,0,0,0,0,0,0,0,83000,0,0,0,83000,0,83000,83000
056994,緯穎兆豐98購02  ,0,0,0,0,0,0,0,0,0,83000,0,0,0,110000,27000,83000,83000
057076,緯穎永豐98購01  ,0,0,0,0,0,0,0,0,0,83000,0,0,0,83000,0,83000,83000
060423,智易永豐9A購01  ,0,0,0,0,0,0,0,0,0,83000,0,0,0,135000,52000,83000,83000
063302,國巨凱基9C購05  ,0,0,0,0,0,0,0,0,0,83000,0,0,0,83000,0,83000,83000
062718,技嘉凱基9B購01  ,0,0,0,0,0,0,0,0,0,83000,0,0,0,95000,12000,83000,83000
062764,世芯凱基9B購02  ,0,10000,-10000,0,0,0,0,0,0,93000,0,0,0,193000,100000,93000,83000
062225,華擎統一01購01  ,0,0,0,0,0,0,0,0,0,83000,0,0,0,122000,39000,83000,83000
061283,智邦統一9A購01  ,0,2000,-2000,0,0,0,0,0,0,85000,0,0,0,325000,240000,85000,83000
061294,奇力新麥證9A購01,0,0,0,83000,0,83000,0,0,0,83000,0,0,0,83000,0,83000,83000
062423,聯發科統一9C購07,0,0,0,0,0,0,0,0,0,83000,0,0,0,556000,473000,83000,83000
061159,同欣電群益9A購01,0,0,0,0,0,0,0,0,0,83000,0,0,0,302000,219000,83000,83000
063677,台光電國泰9C購02,0,0,0,0,0,0,0,0,0,82000,0,0,0,126000,44000,82000,82000
056271,嘉澤統一97購01  ,0,0,0,0,0,0,0,0,0,82000,0,0,0,82000,0,82000,82000
055745,臻鼎元富97購01  ,0,0,0,0,0,0,0,0,0,82000,0,0,0,375000,293000,82000,82000
056963,建準永豐98購01  ,0,0,0,0,0,0,0,0,0,82000,0,0,0,87000,5000,82000,82000
059754,訊芯群益9A購01  ,0,0,0,0,0,0,0,0,0,82000,0,0,0,97000,15000,82000,82000
059694,創意永豐99購03  ,0,0,0,0,0,0,0,0,0,82000,0,0,0,82000,0,82000,82000
056992,祥碩兆豐98購01  ,0,0,0,0,0,0,0,0,0,82000,0,0,0,82000,0,82000,82000
061874,義隆元大9B購02  ,0,0,0,0,0,0,0,0,0,82000,0,0,0,95000,13000,82000,82000
061326,新日興凱基9B購01,0,0,0,0,0,0,0,0,0,82000,0,0,0,587000,505000,82000,82000
062374,茂林元大9B購03  ,0,0,0,0,0,0,0,0,0,82000,0,0,0,126000,44000,82000,82000
062907,可成元大9C購03  ,0,0,0,0,0,0,0,0,0,82000,0,0,0,113000,31000,82000,82000
1455,集盛            ,89000,16000,73000,0,0,0,0,0,0,8000,8000,0,8000,0,0,0,81000
4976,佳凌            ,213000,136000,77000,0,0,0,0,0,0,4000,4000,0,4000,0,0,0,81000
056669,貿聯國票99購01  ,0,0,0,0,0,0,0,0,0,81000,0,0,0,116000,35000,81000,81000
056107,智易永豐97購02  ,0,0,0,0,0,0,0,0,0,81000,0,0,0,91000,10000,81000,81000
051292,牧德統一97購01  ,0,0,0,0,0,0,0,0,0,81000,0,0,0,309000,228000,81000,81000
020000,富邦特選蘋果N   ,0,0,0,0,0,0,0,0,0,81000,0,0,0,96000,15000,81000,81000
056451,可成凱基99購01  ,0,0,0,0,0,0,0,0,0,81000,0,0,0,129000,48000,81000,81000
053627,宏碁兆豐97購01  ,0,0,0,0,0,0,0,0,0,81000,0,0,0,101000,20000,81000,81000
056993,GIS兆豐99購01   ,0,0,0,0,0,0,0,0,0,81000,0,0,0,91000,10000,81000,81000
057150,貿聯國票99購02  ,0,0,0,0,0,0,0,0,0,81000,0,0,0,81000,0,81000,81000
057659,台表科兆豐98購01,0,0,0,0,0,0,0,0,0,81000,0,0,0,81000,0,81000,81000
059850,日電貿永豐99購01,0,0,0,0,0,0,0,0,0,81000,0,0,0,136000,55000,81000,81000
057599,技嘉群益9A購01  ,0,0,0,0,0,0,0,0,0,81000,0,0,0,83000,2000,81000,81000
05859P,台表科國票97售04,0,0,0,0,0,0,0,0,0,81000,0,0,0,199000,118000,81000,81000
062914,嘉澤元大9B購02  ,0,0,0,0,0,0,0,0,0,81000,0,0,0,139000,58000,81000,81000
061681,南電元大9A購08  ,0,0,0,0,0,0,0,0,0,81000,0,0,0,83000,2000,81000,81000
07475P,A50正2群益9C售02,0,0,0,0,0,0,0,0,0,80000,0,0,0,80000,0,80000,80000
07472P,和碩元大9A售03  ,0,0,0,0,0,0,0,0,0,80000,0,0,0,80000,0,80000,80000
06940P,旺宏永豐98售05  ,0,0,0,0,0,0,0,0,0,80000,0,0,0,85000,5000,80000,80000
052647,晶技永豐97購01  ,0,0,0,0,0,0,0,0,0,80000,0,0,0,80000,0,80000,80000
056533,友達凱基9A購02  ,0,0,0,0,0,0,0,0,0,80000,0,0,0,80000,0,80000,80000
053889,致茂群益97購01  ,0,0,0,0,0,0,0,0,0,80000,0,0,0,130000,50000,80000,80000
051614,元金2X凱基97購01,0,0,0,0,0,0,0,0,0,80000,0,0,0,80000,0,80000,80000
056755,聯茂兆豐98購01  ,0,0,0,0,0,0,0,0,0,80000,0,0,0,100000,20000,80000,80000
059172,台郡凱基99購03  ,0,0,0,0,0,0,0,0,0,80000,0,0,0,102000,22000,80000,80000
058168,國巨凱基9A購04  ,0,0,0,0,0,0,0,0,0,80000,0,0,0,80000,0,80000,80000
059654,T50反1元大99購09,0,0,0,0,0,0,0,0,0,80000,0,0,0,100000,20000,80000,80000
059634,可成凱基99購07  ,0,0,0,0,0,0,0,0,0,80000,0,0,0,87000,7000,80000,80000
059065,南電凱基9A購01  ,0,0,0,0,0,0,0,0,0,80000,0,0,0,186000,106000,80000,80000
057654,A50正2中信98購01,0,0,0,0,0,0,0,0,0,80000,0,0,0,80000,0,80000,80000
060100,新光金元大9C購01,0,0,0,0,0,0,0,0,0,80000,0,0,0,380000,300000,80000,80000
060048,元金2X凱基99購03,0,0,0,0,0,0,0,0,0,80000,0,0,0,80000,0,80000,80000
057865,富邦金凱基98購01,0,0,0,0,0,0,0,0,0,80000,0,0,0,80000,0,80000,80000
060646,南電永豐9A購01  ,0,0,0,0,0,0,0,0,0,80000,0,0,0,130000,50000,80000,80000
060623,玉晶光元大9C購01,0,0,0,0,0,0,0,0,0,80000,0,0,0,133000,53000,80000,80000
061062,和大凱基9A購02  ,0,0,0,0,0,0,0,0,0,80000,0,0,0,205000,125000,80000,80000
061925,禾伸堂凱基9C購01,0,0,0,0,0,0,0,0,0,80000,0,0,0,110000,30000,80000,80000
062422,億光統一01購01  ,0,0,0,0,0,0,0,0,0,80000,0,0,0,80000,0,80000,80000
063205,貿聯統一9C購01  ,0,0,0,0,0,0,0,0,0,80000,0,0,0,80000,0,80000,80000
062527,美律統一01購01  ,0,0,0,0,0,0,0,0,0,80000,0,0,0,120000,40000,80000,80000
062182,華新科元大9B購07,0,0,0,0,0,0,0,0,0,80000,0,0,0,80000,0,80000,80000
6505,台塑化          ,1969124,1932000,37124,0,0,0,0,0,0,42000,42000,0,42000,0,0,0,79124
2536,宏普            ,486000,407000,79000,0,0,0,0,0,0,0,0,0,0,0,0,0,79000
063407,泰鼎國票9C購01  ,0,0,0,0,0,0,0,0,0,79000,0,0,0,90000,11000,79000,79000
063476,台表科元大9C購03,0,0,0,0,0,0,0,0,0,79000,0,0,0,219000,140000,79000,79000
058385,創意中信99購01  ,0,0,0,0,0,0,0,0,0,79000,0,0,0,87000,8000,79000,79000
055962,晶豪科元大97購02,0,0,0,0,0,0,0,0,0,79000,0,0,0,79000,0,79000,79000
056821,日電貿永豐98購01,0,0,0,0,0,0,0,0,0,79000,0,0,0,149000,70000,79000,79000
055090,國巨群益97購03  ,0,0,0,0,0,0,0,0,0,79000,0,0,0,80000,1000,79000,79000
00666R,富邦恒生國企反1 ,295000,0,295000,0,0,0,0,0,0,-216000,0,0,0,96000,312000,-216000,79000
053158,茂林元大96購01  ,0,0,0,0,0,0,0,0,0,79000,0,0,0,130000,51000,79000,79000
061970,大立光統一9C購03,0,0,0,0,0,0,0,0,0,79000,0,0,0,114000,35000,79000,79000
062551,緯穎永豐9B購02  ,0,0,0,0,0,0,0,0,0,79000,0,0,0,104000,25000,79000,79000
062220,台光電統一01購01,0,0,0,0,0,0,0,0,0,79000,0,0,0,323000,244000,79000,79000
060845,欣興國票9A購01  ,0,0,0,0,0,0,0,0,0,79000,0,0,0,126000,47000,79000,79000
1795,美時            ,331344,253000,78344,0,0,0,0,0,0,0,0,0,0,0,0,0,78344
2208,台船            ,212000,136000,76000,0,0,0,0,0,0,2000,2000,0,2000,0,0,0,78000
3376,新日興          ,721000,1446000,-725000,0,0,0,822000,0,822000,-19000,182000,108000,74000,166000,259000,-93000,78000
07789P,緯穎群益9A售03  ,0,0,0,0,0,0,0,0,0,78000,0,0,0,83000,5000,78000,78000
055331,國巨兆豐99購01  ,0,0,0,0,0,0,0,0,0,78000,0,0,0,91000,13000,78000,78000
050895,聯發科元大97購01,0,0,0,0,0,0,0,0,0,78000,0,0,0,78000,0,78000,78000
055271,鴻海元大98購03  ,0,0,0,0,0,0,0,0,0,78000,0,0,0,100000,22000,78000,78000
056783,國巨群益99購01  ,0,0,0,0,0,0,0,0,0,78000,0,0,0,98000,20000,78000,78000
060127,牧德永豐99購02  ,0,0,0,0,0,0,0,0,0,78000,0,0,0,107000,29000,78000,78000
060796,世芯永豐9A購03  ,0,0,0,0,0,0,0,0,0,78000,0,0,0,283000,205000,78000,78000
061067,貿聯凱基9A購03  ,0,0,0,0,0,0,0,0,0,78000,0,0,0,78000,0,78000,78000
061114,南電元大9A購04  ,0,0,0,0,0,0,0,0,0,78000,0,0,0,176000,98000,78000,78000
062018,台勝科永豐9B購01,0,0,0,0,0,0,0,0,0,78000,0,0,0,78000,0,78000,78000
061409,力成國票9A購02  ,0,0,0,0,0,0,0,0,0,78000,0,0,0,78000,0,78000,78000
063159,嘉澤國泰01購01  ,0,0,0,0,0,0,0,0,0,78000,0,0,0,78000,0,78000,78000
4532,瑞智            ,89000,12000,77000,0,0,0,0,0,0,0,0,0,0,0,0,0,77000
08141P,鴻海凱基9B售09  ,0,0,0,0,0,0,0,0,0,77000,0,0,0,80000,3000,77000,77000
060172,智原台新9A購01  ,0,0,0,0,0,0,0,0,0,77000,0,0,0,77000,0,77000,77000
056174,億光元富97購01  ,0,0,0,0,0,0,0,0,0,77000,0,0,0,132000,55000,77000,77000
048651,美利達元大96購05,0,0,0,0,0,0,0,0,0,77000,0,0,0,77000,0,77000,77000
052025,國巨群益96購01  ,0,0,0,0,0,0,0,0,0,77000,0,0,0,81000,4000,77000,77000
057191,祥碩元大98購05  ,0,0,0,0,0,0,0,0,0,77000,0,0,0,77000,0,77000,77000
059031,元石油中信03購01,0,0,0,0,0,0,0,0,0,77000,0,0,0,87000,10000,77000,77000
058930,華新科統一9B購01,0,0,0,0,0,0,0,0,0,77000,0,0,0,167000,90000,77000,77000
062927,同欣電國票9B購02,0,0,0,0,0,0,0,0,0,77000,0,0,0,112000,35000,77000,77000
062735,和大國票9B購01  ,0,0,0,0,0,0,0,0,0,77000,0,0,0,77000,0,77000,77000
062441,華新科元大9C購01,0,0,0,0,0,0,0,0,0,77000,0,0,0,97000,20000,77000,77000
061500,京鼎國票9B購01  ,0,0,0,0,0,0,0,0,0,77000,0,0,0,77000,0,77000,77000
2328,廣宇            ,240000,156000,84000,0,0,0,0,8000,-8000,0,0,0,0,0,0,0,76000
5531,鄉林            ,173000,99000,74000,0,0,0,0,0,0,2000,3000,1000,2000,0,0,0,76000
063679,群創國泰01購01  ,0,0,0,0,0,0,0,0,0,76000,0,0,0,127000,51000,76000,76000
054265,GIS元大96購03   ,0,0,0,0,0,0,0,0,0,76000,0,0,0,119000,43000,76000,76000
048273,南電富邦97購01  ,0,0,0,0,0,0,0,0,0,76000,0,0,0,147000,71000,76000,76000
00675L,富邦臺灣加權正2 ,95000,21000,74000,0,0,0,0,0,0,2000,0,0,0,38000,36000,2000,76000
056410,康控國票99購01  ,0,0,0,0,0,0,0,0,0,76000,0,0,0,76000,0,76000,76000
060204,矽創元富9A購01  ,0,0,0,0,0,0,0,0,0,76000,0,0,0,83000,7000,76000,76000
058911,茂林元大99購04  ,0,0,0,0,0,0,0,0,0,76000,0,0,0,101000,25000,76000,76000
059985,華新科元大99購22,0,0,0,0,0,0,0,0,0,76000,0,0,0,78000,2000,76000,76000
057684,聯茂日盛99購01  ,0,0,0,0,0,0,0,0,0,76000,0,0,0,76000,0,76000,76000
057045,美律元大99購04  ,0,0,0,0,0,0,0,0,0,76000,0,0,0,76000,0,76000,76000
062454,華通群益9C購03  ,0,0,0,0,0,0,0,0,0,76000,0,0,0,91000,15000,76000,76000
063192,技嘉台新9B購01  ,0,0,0,0,0,0,0,0,0,76000,0,0,0,118000,42000,76000,76000
06387P,緯穎永豐97售02  ,0,0,0,0,0,0,0,0,0,75000,0,0,0,100000,25000,75000,75000
063316,聯發科群益9C購03,0,0,0,0,0,0,0,0,0,75000,0,0,0,108000,33000,75000,75000
06954P,大立光元富99售01,0,0,0,0,0,0,0,0,0,75000,0,0,0,123000,48000,75000,75000
08077P,亞德客國票9B售02,0,0,0,0,0,0,0,0,0,75000,0,0,0,100000,25000,75000,75000
056537,冠德凱基98購01  ,0,0,0,0,0,0,0,0,0,75000,0,0,0,97000,22000,75000,75000
053056,同欣電國票97購01,0,0,0,0,0,0,0,0,0,75000,0,0,0,75000,0,75000,75000
055389,國巨統一98購02  ,0,0,0,0,0,0,0,0,0,75000,0,0,0,105000,30000,75000,75000
052572,群創凱基99購01  ,0,0,0,0,0,0,0,0,0,75000,0,0,0,80000,5000,75000,75000
057063,立積國泰9A購01  ,0,0,0,0,0,0,0,0,0,75000,0,0,0,75000,0,75000,75000
060114,緯穎元大99購10  ,0,0,0,0,0,0,0,0,0,75000,0,0,0,106000,31000,75000,75000
057388,奇鋐永豐98購02  ,0,0,0,0,0,0,0,0,0,75000,0,0,0,167000,92000,75000,75000
060030,晶相光永豐99購03,0,0,0,0,0,0,0,0,0,75000,0,0,0,84000,9000,75000,75000
059275,可成元大99購05  ,0,0,0,0,0,0,0,0,0,75000,0,0,0,87000,12000,75000,75000
057511,健策統一98購02  ,0,0,0,0,0,0,0,0,0,75000,0,0,0,163000,88000,75000,75000
062676,南六台新9B購01  ,0,0,0,0,0,0,0,0,0,75000,0,0,0,103000,28000,75000,75000
062832,嘉澤群益9B購02  ,0,0,0,0,0,0,0,0,0,75000,0,0,0,75000,0,75000,75000
061420,國巨元大9A購22  ,0,0,0,0,0,0,0,0,0,75000,0,0,0,75000,0,75000,75000
062119,世紀鋼中信9B購01,0,0,0,0,0,0,0,0,0,75000,0,0,0,128000,53000,75000,75000
062993,華新科群益9B購05,0,0,0,0,0,0,0,0,0,75000,0,0,0,75000,0,75000,75000
6005,群益證          ,719000,662000,57000,0,0,0,17000,0,17000,0,0,0,0,0,0,0,74000
3032,偉訓            ,99000,24000,75000,0,0,0,0,0,0,-1000,1000,2000,-1000,0,0,0,74000
07130P,台郡元大9B售01  ,0,0,0,0,0,0,0,0,0,74000,0,0,0,79000,5000,74000,74000
06487P,聯發科統一99售02,0,0,0,0,0,0,0,0,0,74000,0,0,0,282000,208000,74000,74000
058427,大毅元富99購01  ,0,0,0,0,0,0,0,0,0,74000,0,0,0,84000,10000,74000,74000
055974,上銀統一97購05  ,0,0,0,0,0,0,0,0,0,74000,0,0,0,74000,0,74000,74000
059346,新日興凱基99購03,0,0,0,0,0,0,0,0,0,74000,0,0,0,82000,8000,74000,74000
058975,台灣50凱基01購02,0,0,0,0,0,0,0,0,0,74000,0,0,0,74000,0,74000,74000
056945,鴻海統一98購12  ,0,0,0,0,0,0,0,0,0,74000,0,0,0,233000,159000,74000,74000
057936,健策群益99購01  ,0,0,0,0,0,0,0,0,0,74000,0,0,0,108000,34000,74000,74000
060699,華新科國泰9B購03,0,0,0,0,0,0,0,0,0,74000,0,0,0,89000,15000,74000,74000
063016,微星元大9C購02  ,0,0,0,0,0,0,0,0,0,74000,0,0,0,171000,97000,74000,74000
060303,宏達電富邦9B購01,0,0,0,0,0,0,0,0,0,74000,0,0,0,88000,14000,74000,74000
063551,美食國票9B購02  ,0,0,0,0,0,0,0,0,0,74000,0,0,0,74000,0,74000,74000
063542,泰鼎元富9B購02  ,0,0,0,0,0,0,0,0,0,74000,0,0,0,87000,13000,74000,74000
061706,旭富國票9A購02  ,0,0,0,0,0,0,0,0,0,74000,0,0,0,91000,17000,74000,74000
061979,友達元大9C購08  ,0,0,0,0,0,0,0,0,0,74000,0,0,0,142000,68000,74000,74000
062480,茂林國票9B購01  ,0,0,0,0,0,0,0,0,0,74000,0,0,0,83000,9000,74000,74000
06558P,旺宏元富98售02  ,0,0,0,0,0,0,0,0,0,73000,0,0,0,76000,3000,73000,73000
063682,達新永豐9B購01  ,0,0,0,0,0,0,0,0,0,73000,0,0,0,220000,147000,73000,73000
063342,台光電統一9B購02,0,0,0,0,0,0,0,0,0,73000,0,0,0,145000,72000,73000,73000
063598,國巨凱基9B購14  ,0,0,0,0,0,0,0,0,0,73000,0,0,0,73000,0,73000,73000
056829,台積電富邦9A購01,0,0,0,0,0,0,0,0,0,73000,0,0,0,127000,54000,73000,73000
060229,楠梓電元大9C購01,0,0,0,0,0,0,0,0,0,73000,0,0,0,100000,27000,73000,73000
051591,玉晶光元大97購01,0,0,0,0,0,0,0,0,0,73000,0,0,0,73000,0,73000,73000
058520,智易元大99購03  ,0,0,0,0,0,0,0,0,0,73000,0,0,0,119000,46000,73000,73000
058240,景碩元大99購04  ,0,0,0,0,0,0,0,0,0,73000,0,0,0,101000,28000,73000,73000
062349,新日興群益9B購02,0,0,0,0,0,0,0,0,0,73000,0,0,0,217000,144000,73000,73000
061141,臻鼎統一9A購01  ,0,0,0,0,0,0,0,0,0,73000,0,0,0,219000,146000,73000,73000
060328,可成群益9A購06  ,0,0,0,0,0,0,0,0,0,73000,0,0,0,91000,18000,73000,73000
063412,寶成國票9C購01  ,0,0,0,0,0,0,0,0,0,72000,0,0,0,86000,14000,72000,72000
063440,上銀統一01購02  ,0,0,0,0,0,0,0,0,0,72000,0,0,0,97000,25000,72000,72000
051600,新日興兆豐96購02,0,0,0,0,0,0,0,0,0,72000,0,0,0,202000,130000,72000,72000
056481,創意元大98購01  ,0,0,0,0,0,0,0,0,0,72000,0,0,0,82000,10000,72000,72000
058116,正崴中信99購02  ,0,0,0,0,0,0,0,0,0,72000,0,0,0,120000,48000,72000,72000
058927,勤誠元富99購02  ,0,0,0,0,0,0,0,0,0,72000,0,0,0,72000,0,72000,72000
060706,群創富邦9A購01  ,0,0,0,0,0,0,0,0,0,72000,0,0,0,172000,100000,72000,72000
057849,南茂永豐98購02  ,0,0,0,0,0,0,0,0,0,72000,0,0,0,127000,55000,72000,72000
061258,華通凱基9A購06  ,0,0,0,0,0,0,0,0,0,72000,0,0,0,91000,19000,72000,72000
062467,國巨凱基9B購08  ,0,0,0,0,0,0,0,0,0,72000,0,0,0,72000,0,72000,72000
061889,祥碩富邦9B購01  ,0,0,0,0,0,0,0,0,0,72000,0,0,0,83000,11000,72000,72000
062698,台積電元大01購01,0,0,0,0,0,0,0,0,0,72000,0,0,0,72000,0,72000,72000
06412P,南亞科日盛97售01,0,0,0,0,0,0,0,0,0,71000,0,0,0,71000,0,71000,71000
054060,晶技國票97購02  ,0,0,0,0,0,0,0,0,0,71000,0,0,0,101000,30000,71000,71000
057437,可成國票99購01  ,0,0,0,0,0,0,0,0,0,71000,0,0,0,135000,64000,71000,71000
054528,台光電統一96購02,0,0,0,0,0,0,0,0,0,71000,0,0,0,253000,182000,71000,71000
057873,義隆元大98購03  ,0,30000,-30000,0,0,0,0,0,0,101000,0,0,0,101000,0,101000,71000
060622,玉晶光元大9B購02,0,0,0,0,0,0,0,0,0,71000,0,0,0,108000,37000,71000,71000
060536,祥碩麥證9A購01  ,0,0,0,71000,0,71000,0,0,0,71000,0,0,0,71000,0,71000,71000
057729,華新科國泰99購04,0,0,0,0,0,0,0,0,0,71000,0,0,0,73000,2000,71000,71000
059007,南電元大99購05  ,0,0,0,0,0,0,0,0,0,71000,0,0,0,80000,9000,71000,71000
059436,大立光元大99購18,0,0,0,0,0,0,0,0,0,71000,0,0,0,71000,0,71000,71000
062970,智邦元富9B購01  ,0,0,0,0,0,0,0,0,0,71000,0,0,0,212000,141000,71000,71000
061961,台積電統一01購02,0,0,0,0,0,0,0,0,0,71000,0,0,0,71000,0,71000,71000
063545,華通兆豐9B購03  ,0,0,0,0,0,0,0,0,0,71000,0,0,0,96000,25000,71000,71000
063029,喬山凱基9B購01  ,0,0,0,0,0,0,0,0,0,71000,0,0,0,71000,0,71000,71000
063508,緯創群益9B購01  ,0,0,0,0,0,0,0,0,0,71000,0,0,0,81000,10000,71000,71000
061344,禾伸堂元大9A購02,0,0,0,0,0,0,0,0,0,71000,0,0,0,141000,70000,71000,71000
061512,國巨永豐9A購04  ,0,0,0,0,0,0,0,0,0,71000,0,0,0,71000,0,71000,71000
061211,玉晶光元大9A購12,0,0,0,0,0,0,0,0,0,71000,0,0,0,126000,55000,71000,71000
06405P,億光元富97售02  ,0,0,0,0,0,0,0,0,0,70000,0,0,0,70000,0,70000,70000
06546P,聯發科元大98售05,0,0,0,0,0,0,0,0,0,70000,0,0,0,70000,0,70000,70000
06584P,欣興凱基98售03  ,0,0,0,0,0,0,0,0,0,70000,0,0,0,70000,0,70000,70000
06611P,祥碩國票98售01  ,0,0,0,0,0,0,0,0,0,70000,0,0,0,70000,0,70000,70000
06721P,臺股指中信9A售03,0,0,0,0,0,0,0,0,0,70000,0,0,0,100000,30000,70000,70000
063369,聚陽永豐9B購01  ,0,0,0,0,0,0,0,0,0,70000,0,0,0,71000,1000,70000,70000
063308,緯穎凱基9B購05  ,1000,0,1000,0,0,0,0,0,0,69000,0,0,0,80000,11000,69000,70000
07230P,滬深2X群益01售02,0,0,0,0,0,0,0,0,0,70000,0,0,0,80000,10000,70000,70000
07786P,南電中信9C售01  ,0,0,0,0,0,0,0,0,0,70000,0,0,0,80000,10000,70000,70000
07889P,旭富國票9B售01  ,0,0,0,0,0,0,0,0,0,70000,0,0,0,185000,115000,70000,70000
07479P,A50正2元富9A售03,0,0,0,0,0,0,0,0,0,70000,0,0,0,80000,10000,70000,70000
3704,合勤控          ,328000,359000,-31000,0,0,0,0,0,0,101000,1000,0,1000,100000,0,100000,70000
8104,錸寶            ,160000,90000,70000,0,0,0,0,0,0,0,0,0,0,0,0,0,70000
057423,台郡凱基98購06  ,0,0,0,0,0,0,0,0,0,70000,0,0,0,70000,0,70000,70000
059255,臺股指凱基99購33,0,0,0,0,0,0,0,0,0,70000,0,0,0,70000,0,70000,70000
056543,京鼎凱基98購01  ,0,0,0,0,0,0,0,0,0,70000,0,0,0,99000,29000,70000,70000
055560,大立光凱基97購10,0,0,0,0,0,0,0,0,0,70000,0,0,0,70000,0,70000,70000
055119,力成凱基98購01  ,0,0,0,0,0,0,0,0,0,70000,0,0,0,90000,20000,70000,70000
054957,興富發元大97購01,0,0,0,0,0,0,0,0,0,70000,0,0,0,130000,60000,70000,70000
055755,禾伸堂兆豐97購02,0,0,0,0,0,0,0,0,0,70000,0,0,0,164000,94000,70000,70000
054034,景碩中信96購01  ,0,0,0,0,0,0,0,0,0,70000,0,0,0,70000,0,70000,70000
051813,GIS凱基96購02   ,0,0,0,0,0,0,0,0,0,70000,0,0,0,70000,0,70000,70000
056511,超眾永豐98購01  ,0,0,0,0,0,0,0,0,0,70000,0,0,0,98000,28000,70000,70000
058170,國巨凱基9A購06  ,0,0,0,0,0,0,0,0,0,70000,0,0,0,90000,20000,70000,70000
058961,台灣50兆豐9C購01,0,0,0,0,0,0,0,0,0,70000,0,0,0,70000,0,70000,70000
058687,聯茂凱基9A購01  ,0,0,0,0,0,0,0,0,0,70000,0,0,0,90000,20000,70000,70000
059473,T50反1群益99購03,0,0,0,0,0,0,0,0,0,70000,0,0,0,70000,0,70000,70000
057605,旺宏統一99購03  ,0,0,0,0,0,0,0,0,0,70000,0,0,0,70000,0,70000,70000
058743,可成康和99購01  ,0,0,0,0,0,0,0,0,0,70000,0,0,0,91000,21000,70000,70000
058779,大立光國票9A購02,0,0,0,0,0,0,0,0,0,70000,0,0,0,70000,0,70000,70000
060540,南亞凱基9A購01  ,0,0,0,0,0,0,0,0,0,70000,0,0,0,70000,0,70000,70000
060544,國巨凱基9B購03  ,0,0,0,0,0,0,0,0,0,70000,0,0,0,70000,0,70000,70000
060545,台積電凱基9B購02,0,0,0,0,0,0,0,0,0,70000,0,0,0,70000,0,70000,70000
061216,世芯元大9A購06  ,0,0,0,0,0,0,0,0,0,70000,0,0,0,111000,41000,70000,70000
061799,奇鋐永豐9B購01  ,0,0,0,0,0,0,0,0,0,70000,0,0,0,70000,0,70000,70000
061926,晶技凱基9B購02  ,0,0,0,0,0,0,0,0,0,70000,0,0,0,70000,0,70000,70000
060326,群光群益9A購01  ,0,0,0,0,0,0,0,0,0,70000,0,0,0,70000,0,70000,70000
061832,聯發科凱基9B購06,0,0,0,0,0,0,0,0,0,70000,0,0,0,71000,1000,70000,70000
061829,T50反1凱基9C購02,0,0,0,0,0,0,0,0,0,70000,0,0,0,80000,10000,70000,70000
062548,智易永豐9B購01  ,0,0,0,0,0,0,0,0,0,70000,0,0,0,70000,0,70000,70000
062835,瑞儀群益9B購01  ,0,0,0,0,0,0,0,0,0,70000,0,0,0,228000,158000,70000,70000
06337P,祥碩元大97售05  ,0,0,0,0,0,0,0,0,0,69000,0,0,0,290000,221000,69000,69000
055437,禾伸堂中信99購01,0,0,0,0,0,0,0,0,0,69000,0,0,0,175000,106000,69000,69000
053593,晶技元大98購01  ,0,0,0,0,0,0,0,0,0,69000,0,0,0,282000,213000,69000,69000
058408,華通兆豐99購02  ,0,0,0,0,0,0,0,0,0,69000,0,0,0,76000,7000,69000,69000
056168,鴻海元富97購07  ,0,0,0,0,0,0,0,0,0,69000,0,0,0,69000,0,69000,69000
060554,中租凱基9A購01  ,0,0,0,0,0,0,0,0,0,69000,0,0,0,69000,0,69000,69000
060384,葡萄王凱基9B購01,0,0,0,0,0,0,0,0,0,69000,0,0,0,69000,0,69000,69000
056915,上銀兆豐99購01  ,0,0,0,0,0,0,0,0,0,69000,0,0,0,69000,0,69000,69000
06902P,聯電凱基98售02  ,0,0,0,0,0,0,0,0,0,69000,0,0,0,90000,21000,69000,69000
057295,可成永豐98購02  ,0,0,0,0,0,0,0,0,0,69000,0,0,0,69000,0,69000,69000
057697,國巨群益98購09  ,0,0,0,0,0,0,0,0,0,69000,0,0,0,100000,31000,69000,69000
060242,潤泰全元大9C購01,0,0,0,0,0,0,0,0,0,69000,0,0,0,110000,41000,69000,69000
058545,義隆富邦9C購01  ,0,0,0,0,0,0,0,0,0,69000,0,0,0,280000,211000,69000,69000
062891,台汽電群益9B購01,0,0,0,0,0,0,0,0,0,69000,0,0,0,69000,0,69000,69000
061389,華新科群益9B購01,0,0,0,0,0,0,0,0,0,69000,0,0,0,69000,0,69000,69000
062146,大毅國票9B購01  ,0,0,0,0,0,0,0,0,0,69000,0,0,0,73000,4000,69000,69000
060686,康友元大9A購02  ,0,0,0,0,0,0,0,0,0,69000,0,0,0,70000,1000,69000,69000
060821,SP黃豆元大9A購02,0,0,0,0,0,0,0,0,0,69000,0,0,0,99000,30000,69000,69000
061204,國巨元大9A購16  ,0,0,0,0,0,0,0,0,0,69000,0,0,0,72000,3000,69000,69000
060959,金像電凱基9A購01,0,0,0,0,0,0,0,0,0,69000,0,0,0,94000,25000,69000,69000
063483,致新元大9B購03  ,0,0,0,0,0,0,0,0,0,68000,0,0,0,154000,86000,68000,68000
07035P,大立光元富99售04,0,0,0,0,0,0,0,0,0,68000,0,0,0,80000,12000,68000,68000
058550,南亞科永豐99購01,0,0,0,0,0,0,0,0,0,68000,0,0,0,68000,0,68000,68000
059986,宏達電元大99購08,0,0,0,0,0,0,0,0,0,68000,0,0,0,73000,5000,68000,68000
058790,楠梓電元大99購03,0,0,0,0,0,0,0,0,0,68000,0,0,0,186000,118000,68000,68000
059831,聯詠康和99購01  ,0,0,0,0,0,0,0,0,0,68000,0,0,0,72000,4000,68000,68000
057919,技嘉凱基98購03  ,0,0,0,0,0,0,0,0,0,68000,0,0,0,130000,62000,68000,68000
056899,可成元大98購01  ,0,0,0,0,0,0,0,0,0,68000,0,0,0,68000,0,68000,68000
057803,上銀元大98購08  ,0,0,0,0,0,0,0,0,0,68000,0,0,0,68000,0,68000,68000
061106,群創元大9B購09  ,0,0,0,0,0,0,0,0,0,68000,0,0,0,124000,56000,68000,68000
061873,友達元大9C購07  ,0,0,0,0,0,0,0,0,0,68000,0,0,0,68000,0,68000,68000
062604,東元凱基9B購01  ,0,0,0,0,0,0,0,0,0,68000,0,0,0,108000,40000,68000,68000
062951,鴻海永豐9B購02  ,0,0,0,0,0,0,0,0,0,68000,0,0,0,68000,0,68000,68000
063424,新日興凱基01購01,0,0,0,0,0,0,0,0,0,67000,0,0,0,121000,54000,67000,67000
2480,敦陽科          ,218000,150000,68000,0,0,0,0,0,0,-1000,5000,6000,-1000,0,0,0,67000
056817,國巨永豐98購04  ,0,0,0,0,0,0,0,0,0,67000,0,0,0,67000,0,67000,67000
057449,華新科元富99購02,0,0,0,0,0,0,0,0,0,67000,0,0,0,68000,1000,67000,67000
054582,致新元大97購01  ,0,0,0,0,0,0,0,0,0,67000,0,0,0,67000,0,67000,67000
055575,華新科統一98購01,0,0,0,0,0,0,0,0,0,67000,0,0,0,67000,0,67000,67000
053744,台郡國票97購03  ,0,0,0,0,0,0,0,0,0,67000,0,0,0,128000,61000,67000,67000
053027,玉晶光富邦98購01,0,0,0,0,0,0,0,0,0,67000,0,0,0,69000,2000,67000,67000
059763,華擎永豐99購03  ,0,0,0,0,0,0,0,0,0,67000,0,0,0,67000,0,67000,67000
057559,可成兆豐99購02  ,0,0,0,0,0,0,0,0,0,67000,0,0,0,67000,0,67000,67000
058828,大毅永豐99購01  ,0,0,0,0,0,0,0,0,0,67000,0,0,0,110000,43000,67000,67000
058580,華新科群益99購02,0,0,0,0,0,0,0,0,0,67000,0,0,0,67000,0,67000,67000
058230,國巨元大99購11  ,0,0,0,0,0,0,0,0,0,67000,0,0,0,67000,0,67000,67000
062798,台光電統一9B購01,0,0,0,0,0,0,0,0,0,67000,0,0,0,137000,70000,67000,67000
062037,華新凱基9B購01  ,0,0,0,0,0,0,0,0,0,67000,0,0,0,68000,1000,67000,67000
061879,超眾元大9C購01  ,0,0,0,0,0,0,0,0,0,67000,0,0,0,149000,82000,67000,67000
1325,恆大            ,40000,14000,26000,0,0,0,0,0,0,40000,1000,15000,-14000,54000,0,54000,66000
063371,南亞科永豐9B購01,0,0,0,0,0,0,0,0,0,66000,0,0,0,66000,0,66000,66000
07246P,旺宏凱基99售08  ,0,0,0,0,0,0,0,0,0,66000,0,0,0,86000,20000,66000,66000
07217P,大立光凱基9A售05,0,0,0,0,0,0,0,0,0,66000,0,0,0,66000,0,66000,66000
055525,國巨群益98購05  ,0,0,0,0,0,0,0,0,0,66000,0,0,0,94000,28000,66000,66000
053631,欣興兆豐97購01  ,0,0,0,0,0,0,0,0,0,66000,0,0,0,138000,72000,66000,66000
052724,力成統一97購01  ,0,0,0,0,0,0,0,0,0,66000,0,0,0,66000,0,66000,66000
00678,群益NBI生技     ,32000,14000,18000,0,0,0,0,0,0,48000,0,0,0,350000,302000,48000,66000
050338,TPK富邦96購01   ,0,0,0,0,0,0,0,0,0,66000,0,0,0,66000,0,66000,66000
056623,禾伸堂永豐98購01,0,0,0,0,0,0,0,0,0,66000,0,0,0,86000,20000,66000,66000
056743,貿聯凱基98購04  ,0,0,0,0,0,0,0,0,0,66000,0,0,0,66000,0,66000,66000
055168,光罩統一98購01  ,0,0,0,0,0,0,0,0,0,66000,0,0,0,66000,0,66000,66000
054649,聯茂群益97購01  ,0,0,0,0,0,0,0,0,0,66000,0,0,0,66000,0,66000,66000
058022,樺漢凱基99購02  ,0,0,0,0,0,0,0,0,0,66000,0,0,0,86000,20000,66000,66000
060241,國泰金元大9A購01,0,0,0,0,0,0,0,0,0,66000,0,0,0,126000,60000,66000,66000
059040,訊芯群益99購03  ,0,0,0,0,0,0,0,0,0,66000,0,0,0,380000,314000,66000,66000
057307,瀚宇博兆豐99購01,0,0,0,0,0,0,0,0,0,66000,0,0,0,324000,258000,66000,66000
060717,康控永豐9A購01  ,0,0,0,0,0,0,0,0,0,66000,0,0,0,161000,95000,66000,66000
060401,世紀鋼國票9B購01,0,0,0,0,0,0,0,0,0,66000,0,0,0,474000,408000,66000,66000
062987,祥碩中信01購01  ,0,0,0,0,0,0,0,0,0,66000,0,0,0,301000,235000,66000,66000
060314,元翎永豐9A購01  ,0,0,0,0,0,0,0,0,0,66000,0,0,0,66000,0,66000,66000
061489,高鐵兆豐9A購01  ,0,0,0,0,0,0,0,0,0,66000,0,0,0,71000,5000,66000,66000
061752,瑞昱台新9B購01  ,0,0,0,0,0,0,0,0,0,66000,0,0,0,132000,66000,66000,66000
061782,智邦群益9B購01  ,0,0,0,0,0,0,0,0,0,66000,0,0,0,104000,38000,66000,66000
062015,喬山永豐9B購01  ,0,0,0,0,0,0,0,0,0,66000,0,0,0,70000,4000,66000,66000
062478,牧德國票9B購03  ,0,0,0,0,0,0,0,0,0,66000,0,0,0,68000,2000,66000,66000
062364,瑞昱元大9B購04  ,0,0,0,0,0,0,0,0,0,66000,0,0,0,123000,57000,66000,66000
062289,緯穎群益9B購01  ,0,0,0,0,0,0,0,0,0,66000,0,0,0,68000,2000,66000,66000
062885,臻鼎兆豐9C購01  ,0,0,0,0,0,0,0,0,0,66000,0,0,0,842000,776000,66000,66000
07174P,臺股指國票99售11,0,0,0,0,0,0,0,0,0,65000,0,0,0,646000,581000,65000,65000
055690,矽力凱基97購02  ,0,0,0,0,0,0,0,0,0,65000,0,0,0,65000,0,65000,65000
056011,矽力中信99購01  ,0,0,0,0,0,0,0,0,0,65000,0,0,0,65000,0,65000,65000
054835,致新中信97購01  ,0,0,0,0,0,0,0,0,0,65000,0,0,0,68000,3000,65000,65000
03647C,T50反1元富99牛02,0,0,0,0,0,0,0,0,0,65000,0,0,0,140000,75000,65000,65000
053468,鴻海元大98購01  ,0,0,0,0,0,0,0,0,0,65000,0,0,0,65000,0,65000,65000
056536,義隆凱基98購04  ,0,0,0,0,0,0,0,0,0,65000,0,0,0,86000,21000,65000,65000
055353,華新科凱基98購03,0,0,0,0,0,0,0,0,0,65000,0,0,0,101000,36000,65000,65000
060745,京元電國票9A購01,0,0,0,0,0,0,0,0,0,65000,0,0,0,65000,0,65000,65000
059869,友達凱基99購07  ,0,0,0,0,0,0,0,0,0,65000,0,0,0,106000,41000,65000,65000
059889,華新科國票99購04,0,0,0,0,0,0,0,0,0,65000,0,0,0,88000,23000,65000,65000
062569,南電中信01購01  ,0,0,0,0,0,0,0,0,0,65000,0,0,0,230000,165000,65000,65000
060977,亞德客元大9A購04,0,0,0,0,0,0,0,0,0,65000,0,0,0,70000,5000,65000,65000
07840P,康控元大9A售02  ,0,0,0,0,0,0,0,0,0,64000,0,0,0,94000,30000,64000,64000
2362,藍天            ,80000,17000,63000,0,0,0,0,0,0,1000,1000,0,1000,0,0,0,64000
4720,德淵            ,85000,22000,63000,0,0,0,0,0,0,1000,1000,0,1000,0,0,0,64000
053970,聯發科元大97購08,0,0,0,0,0,0,0,0,0,64000,0,0,0,66000,2000,64000,64000
059199,欣興永豐99購02  ,0,0,0,0,0,0,0,0,0,64000,0,0,0,74000,10000,64000,64000
059246,奇力新凱基9A購02,0,0,0,0,0,0,0,0,0,64000,0,0,0,74000,10000,64000,64000
058239,景碩元大99購03  ,0,0,0,0,0,0,0,0,0,64000,0,0,0,139000,75000,64000,64000
060621,玉晶光元大9A購05,0,0,0,0,0,0,0,0,0,64000,0,0,0,103000,39000,64000,64000
057232,京元電凱基98購02,0,0,0,0,0,0,0,0,0,64000,0,0,0,64000,0,64000,64000
061215,健策元大9A購06  ,0,0,0,0,0,0,0,0,0,64000,0,0,0,144000,80000,64000,64000
061795,智邦永豐9B購01  ,0,0,0,0,0,0,0,0,0,64000,0,0,0,71000,7000,64000,64000
060264,華新科國票9A購02,0,0,0,0,0,0,0,0,0,64000,0,0,0,67000,3000,64000,64000
062063,世紀鋼統一9C購01,0,0,0,0,0,0,0,0,0,64000,0,0,0,104000,40000,64000,64000
062107,台光電國票9B購01,0,0,0,0,0,0,0,0,0,64000,0,0,0,72000,8000,64000,64000
062921,GIS元大9B購01   ,1000,0,1000,0,0,0,0,0,0,63000,0,0,0,180000,117000,63000,64000
062703,可成元大9C購02  ,0,0,0,0,0,0,0,0,0,64000,0,0,0,76000,12000,64000,64000
062729,神達凱基9B購02  ,0,0,0,0,0,0,0,0,0,64000,0,0,0,87000,23000,64000,64000
063288,泰鼎元大9B購02  ,0,0,0,0,0,0,0,0,0,64000,0,0,0,113000,49000,64000,64000
4155,訊映            ,72000,9000,63000,0,0,0,0,0,0,0,0,0,0,0,0,0,63000
055777,冠德凱基97購01  ,0,0,0,0,0,0,0,0,0,63000,0,0,0,103000,40000,63000,63000
056740,大立光凱基98購13,0,0,0,0,0,0,0,0,0,63000,0,0,0,101000,38000,63000,63000
05192P,玉晶光台新96售02,0,0,0,0,0,0,0,0,0,63000,0,0,0,63000,0,63000,63000
057242,台郡凱基98購05  ,0,0,0,0,0,0,0,0,0,63000,0,0,0,271000,208000,63000,63000
058194,勤誠永豐99購01  ,0,0,0,0,0,0,0,0,0,63000,0,0,0,63000,0,63000,63000
058622,國巨國票99購07  ,0,0,0,0,0,0,0,0,0,63000,0,0,0,174000,111000,63000,63000
058803,世紀鋼元大99購03,0,0,0,0,0,0,0,0,0,63000,0,0,0,170000,107000,63000,63000
059023,可成統一9B購02  ,0,0,0,0,0,0,0,0,0,63000,0,0,0,271000,208000,63000,63000
058881,全新永豐99購01  ,0,0,0,0,0,0,0,0,0,63000,0,0,0,63000,0,63000,63000
063064,台表科元富9B購01,0,0,0,0,0,0,0,0,0,63000,0,0,0,198000,135000,63000,63000
062846,國泰金富邦9C購01,0,0,0,0,0,0,0,0,0,63000,0,0,0,456000,393000,63000,63000
062124,大立光統一9B購09,0,0,0,0,0,0,0,0,0,63000,0,0,0,191000,128000,63000,63000
06090P,旺宏統一97售06  ,0,0,0,0,0,0,0,0,0,63000,0,0,0,63000,0,63000,63000
061638,國泰金元大9A購03,0,0,0,0,0,0,0,0,0,63000,0,0,0,115000,52000,63000,63000
061206,旺宏元大9A購12  ,0,0,0,0,0,0,0,0,0,63000,0,0,0,147000,84000,63000,63000
060953,富邦金群益9A購01,0,0,0,0,0,0,0,0,0,63000,0,0,0,136000,73000,63000,63000
061496,華新科國票9A購07,0,0,0,0,0,0,0,0,0,63000,0,0,0,63000,0,63000,63000
061852,大立光國票9B購02,0,0,0,0,0,0,0,0,0,63000,0,0,0,74000,11000,63000,63000
2439,美律            ,384000,261098,122902,0,0,0,0,0,0,-60000,17000,60000,-43000,25000,42000,-17000,62902
1417,嘉裕            ,74000,12000,62000,0,0,0,0,0,0,0,0,0,0,0,0,0,62000
063619,聯發科兆豐01購01,0,0,0,0,0,0,0,0,0,62000,0,0,0,95000,33000,62000,62000
054050,創意元大96購06  ,0,0,0,0,0,0,0,0,0,62000,0,0,0,80000,18000,62000,62000
00763U,街口道瓊銅      ,0,0,0,0,0,0,0,0,0,62000,0,0,0,133000,71000,62000,62000
055336,茂林兆豐98購01  ,0,0,0,0,0,0,0,0,0,62000,0,0,0,62000,0,62000,62000
056621,宏達電永豐98購01,0,0,0,0,0,0,0,0,0,62000,0,0,0,62000,0,62000,62000
056251,聯發科兆豐97購02,0,0,0,0,0,0,0,0,0,62000,0,0,0,100000,38000,62000,62000
059000,台積電元大99購25,0,0,0,0,0,0,0,0,0,62000,0,0,0,121000,59000,62000,62000
058197,國巨中信99購02  ,0,0,0,0,0,0,0,0,0,62000,0,0,0,340000,278000,62000,62000
058131,義隆元大99購02  ,0,0,0,0,0,0,0,0,0,62000,0,0,0,123000,61000,62000,62000
060322,卜蜂群益9A購01  ,0,0,0,0,0,0,0,0,0,62000,0,0,0,62000,0,62000,62000
061877,貿聯元大9B購01  ,0,0,0,0,0,0,0,0,0,62000,0,0,0,92000,30000,62000,62000
061177,大立光凱基9A購10,0,0,0,0,0,0,0,0,0,62000,0,0,0,62000,0,62000,62000
061243,麗豐兆豐9A購01  ,0,0,0,0,0,0,0,0,0,62000,0,0,0,62000,0,62000,62000
061669,崇越中信9A購01  ,0,0,0,0,0,0,0,0,0,62000,0,0,0,110000,48000,62000,62000
062171,中磊永豐9B購01  ,0,0,0,0,0,0,0,0,0,62000,0,0,0,72000,10000,62000,62000
062367,禾伸堂元大9B購02,0,0,0,0,0,0,0,0,0,62000,0,0,0,64000,2000,62000,62000
063484,達方元大9B購01  ,0,0,0,0,0,0,0,0,0,61000,0,0,0,83000,22000,61000,61000
2913,農林            ,133000,76000,57000,0,0,0,0,0,0,4000,4000,0,4000,0,0,0,61000
056776,聯茂元大99購01  ,0,0,0,0,0,0,0,0,0,61000,0,0,0,68000,7000,61000,61000
055006,晶相光元富9A購01,0,0,0,0,0,0,0,0,0,61000,0,0,0,61000,0,61000,61000
056127,致新國票98購02  ,0,0,0,0,0,0,0,0,0,61000,0,0,0,146000,85000,61000,61000
053506,南茂兆豐97購01  ,0,0,0,0,0,0,0,0,0,61000,0,0,0,136000,75000,61000,61000
03662C,FBVIX凱基03牛01 ,0,0,0,0,0,0,0,0,0,61000,0,0,0,81000,20000,61000,61000
057985,華通元富02購03  ,0,0,0,0,0,0,0,0,0,61000,0,0,0,65000,4000,61000,61000
059278,群創元大9A購04  ,0,0,0,0,0,0,0,0,0,61000,0,0,0,100000,39000,61000,61000
060105,牧德元大9B購01  ,0,0,0,0,0,0,0,0,0,61000,0,0,0,79000,18000,61000,61000
060388,世紀鋼凱基9B購01,0,0,0,0,0,0,0,0,0,61000,0,0,0,83000,22000,61000,61000
062919,聯茂元大9B購01  ,0,0,0,0,0,0,0,0,0,61000,0,0,0,86000,25000,61000,61000
061191,可成永豐9A購02  ,0,0,0,0,0,0,0,0,0,61000,0,0,0,82000,21000,61000,61000
063550,可成國票9C購01  ,0,0,0,0,0,0,0,0,0,61000,0,0,0,128000,67000,61000,61000
08090P,嘉澤統一9B售01  ,0,0,0,0,0,0,0,0,0,60000,0,0,0,69000,9000,60000,60000
1598,岱宇            ,318000,259000,59000,0,0,0,0,0,0,1000,1000,0,1000,0,0,0,60000
063591,麗豐永豐9B購02  ,0,0,0,0,0,0,0,0,0,60000,0,0,0,60000,0,60000,60000
06730P,祥碩元大98售07  ,0,0,0,0,0,0,0,0,0,60000,0,0,0,95000,35000,60000,60000
07747P,晶技凱基9A售04  ,0,0,0,0,0,0,0,0,0,60000,0,0,0,80000,20000,60000,60000
07123P,鴻海元大99售23  ,0,0,0,0,0,0,0,0,0,60000,0,0,0,60000,0,60000,60000
052112,滬深2X中信99購01,0,0,0,0,0,0,0,0,0,60000,0,0,0,60000,0,60000,60000
052367,聯茂國票96購02  ,0,0,0,0,0,0,0,0,0,60000,0,0,0,90000,30000,60000,60000
053996,晶相光群益97購01,0,0,0,0,0,0,0,0,0,60000,0,0,0,60000,0,60000,60000
05398P,康控國票96售03  ,0,0,0,0,0,0,0,0,0,60000,0,0,0,60000,0,60000,60000
053063,力山群益98購01  ,0,0,0,0,0,0,0,0,0,60000,0,0,0,71000,11000,60000,60000
052422,聯電國票96購03  ,0,0,0,0,0,0,0,0,0,60000,0,0,0,60000,0,60000,60000
055333,晶豪科兆豐97購01,0,0,0,0,0,0,0,0,0,60000,0,0,0,94000,34000,60000,60000
053013,台積電統一97購01,0,0,0,0,0,0,0,0,0,60000,0,0,0,60000,0,60000,60000
053803,聯發科凱基96購18,0,0,0,0,0,0,0,0,0,60000,0,0,0,60000,0,60000,60000
056524,欣興中信98購02  ,0,0,0,0,0,0,0,0,0,60000,0,0,0,90000,30000,60000,60000
056509,晶相光永豐98購01,0,0,0,0,0,0,0,0,0,60000,0,0,0,60000,0,60000,60000
056745,聯茂凱基99購03  ,0,0,0,0,0,0,0,0,0,60000,0,0,0,60000,0,60000,60000
056751,和大兆豐98購01  ,0,0,0,0,0,0,0,0,0,60000,0,0,0,60000,0,60000,60000
055001,京鼎元富97購01  ,0,0,0,0,0,0,0,0,0,60000,0,0,0,60000,0,60000,60000
055065,神達永豐97購01  ,0,0,0,0,0,0,0,0,0,60000,0,0,0,60000,0,60000,60000
054923,晶技凱基98購01  ,0,0,0,0,0,0,0,0,0,60000,0,0,0,68000,8000,60000,60000
056818,正崴永豐98購01  ,0,0,0,0,0,0,0,0,0,60000,0,0,0,60000,0,60000,60000
056197,友訊永豐97購01  ,0,0,0,0,0,0,0,0,0,60000,0,0,0,60000,0,60000,60000
06055P,華通凱基97售04  ,0,0,0,0,0,0,0,0,0,60000,0,0,0,60000,0,60000,60000
060504,技嘉元大9A購02  ,0,0,0,0,0,0,0,0,0,60000,0,0,0,110000,50000,60000,60000
056890,國巨元大98購11  ,0,0,0,0,0,0,0,0,0,60000,0,0,0,60000,0,60000,60000
05724P,致茂永豐96售01  ,0,0,0,0,0,0,0,0,0,60000,0,0,0,60000,0,60000,60000
057286,群創元大9B購05  ,0,0,0,0,0,0,0,0,0,60000,0,0,0,130000,70000,60000,60000
059338,滬深2X凱基9C購02,0,0,0,0,0,0,0,0,0,60000,0,0,0,60000,0,60000,60000
058594,台灣50元富9B購03,0,0,0,0,0,0,0,0,0,60000,0,0,0,60000,0,60000,60000
058160,奇鋐元富99購01  ,0,0,0,0,0,0,0,0,0,60000,0,0,0,208000,148000,60000,60000
059038,健策群益9A購02  ,0,0,0,0,0,0,0,0,0,60000,0,0,0,95000,35000,60000,60000
059096,百和元大99購04  ,0,0,0,0,0,0,0,0,0,60000,0,0,0,68000,8000,60000,60000
057552,禾伸堂凱基98購05,0,0,0,0,0,0,0,0,0,60000,0,0,0,80000,20000,60000,60000
057601,中磊群益98購01  ,0,0,0,0,0,0,0,0,0,60000,0,0,0,60000,0,60000,60000
061497,大立光國票9A購09,0,0,0,0,0,0,0,0,0,60000,0,0,0,60000,0,60000,60000
062923,緯穎元大9B購06  ,0,0,0,0,0,0,0,0,0,60000,0,0,0,60000,0,60000,60000
062968,仁寶元富9B購01  ,0,0,0,0,0,0,0,0,0,60000,0,0,0,149000,89000,60000,60000
06323P,台郡統一97售01  ,0,0,0,0,0,0,0,0,0,60000,0,0,0,60000,0,60000,60000
07553P,嘉晶元大9A售02  ,0,0,0,0,0,0,0,0,0,59000,0,0,0,111000,52000,59000,59000
06593P,欣興元大98售05  ,0,0,0,0,0,0,0,0,0,59000,0,0,0,104000,45000,59000,59000
08080P,祥碩國票9B售03  ,0,0,0,0,0,0,0,0,0,59000,0,0,0,113000,54000,59000,59000
6591,動力-KY         ,108000,48000,60000,0,0,0,0,0,0,-1000,1000,2000,-1000,0,0,0,59000
056177,嘉澤元富97購01  ,0,0,0,0,0,0,0,0,0,59000,0,0,0,61000,2000,59000,59000
054479,緯創中信98購01  ,0,0,0,0,0,0,0,0,0,59000,0,0,0,113000,54000,59000,59000
057480,技嘉元大98購03  ,0,0,0,0,0,0,0,0,0,59000,0,0,0,59000,0,59000,59000
057401,晶豪科群益99購01,0,0,0,0,0,0,0,0,0,59000,0,0,0,59000,0,59000,59000
055262,台虹國泰98購01  ,0,0,0,0,0,0,0,0,0,59000,0,0,0,60000,1000,59000,59000
054090,瑞昱群益97購01  ,0,0,0,0,0,0,0,0,0,59000,0,0,0,90000,31000,59000,59000
059097,世紀鋼元大99購05,0,0,0,0,0,0,0,0,0,59000,0,0,0,224000,165000,59000,59000
057959,欣興元大98購14  ,0,0,0,0,0,0,0,0,0,59000,0,0,0,95000,36000,59000,59000
059691,大立光永豐99購02,0,0,0,0,0,0,0,0,0,59000,0,0,0,89000,30000,59000,59000
057194,南電元大98購01  ,0,0,0,0,0,0,0,0,0,59000,0,0,0,61000,2000,59000,59000
060089,台積電元大99購54,0,0,0,0,0,0,0,0,0,59000,0,0,0,127000,68000,59000,59000
060063,可成兆豐9B購01  ,0,0,0,0,0,0,0,0,0,59000,0,0,0,73000,14000,59000,59000
057637,上銀元大98購07  ,0,0,0,0,0,0,0,0,0,59000,0,0,0,60000,1000,59000,59000
060674,瑞昱元大9A購03  ,0,0,0,0,0,0,0,0,0,59000,0,0,0,110000,51000,59000,59000
062415,聯茂中信9C購01  ,0,0,0,0,0,0,0,0,0,59000,0,0,0,59000,0,59000,59000
061849,國巨國票9B購08  ,0,0,0,0,0,0,0,0,0,59000,0,0,0,59000,0,59000,59000
061695,群創群益9A購01  ,0,0,0,0,0,0,0,0,0,59000,0,0,0,98000,39000,59000,59000
2546,根基            ,66000,8000,58000,0,0,0,0,0,0,0,0,0,0,0,0,0,58000
2062,橋椿            ,410000,353000,57000,0,0,0,0,0,0,1000,3000,2000,1000,0,0,0,58000
2472,立隆電          ,226000,168000,58000,0,0,0,0,0,0,0,6000,6000,0,0,0,0,58000
07031P,台灣50中信03售02,0,0,0,0,0,0,0,0,0,58000,0,0,0,60000,2000,58000,58000
042752,台灣50元大96購03,0,0,0,0,0,0,0,0,0,58000,0,0,0,98000,40000,58000,58000
053114,聯茂兆豐97購01  ,0,0,0,0,0,0,0,0,0,58000,0,0,0,78000,20000,58000,58000
054959,禾伸堂元大98購01,0,0,0,0,0,0,0,0,0,58000,0,0,0,58000,0,58000,58000
056586,光罩統一98購02  ,0,0,0,0,0,0,0,0,0,58000,0,0,0,208000,150000,58000,58000
056770,國產元大98購02  ,0,0,0,0,0,0,0,0,0,58000,0,0,0,58000,0,58000,58000
056308,TPK元大97購02   ,0,0,0,0,0,0,0,0,0,58000,0,0,0,196000,138000,58000,58000
060631,微星富邦9B購01  ,0,0,0,0,0,0,0,0,0,58000,0,0,0,122000,64000,58000,58000
058748,景碩凱基9A購01  ,0,0,0,0,0,0,0,0,0,58000,0,0,0,340000,282000,58000,58000
057728,瑞昱國泰99購01  ,0,0,0,0,0,0,0,0,0,58000,0,0,0,110000,52000,58000,58000
057300,訊連永豐98購01  ,0,0,0,0,0,0,0,0,0,58000,0,0,0,58000,0,58000,58000
057267,康控兆豐99購01  ,0,0,0,0,0,0,0,0,0,58000,0,0,0,100000,42000,58000,58000
057354,聯鈞統一99購03  ,0,0,0,0,0,0,0,0,0,58000,0,0,0,165000,107000,58000,58000
058674,宏達電群益99購01,0,0,0,0,0,0,0,0,0,58000,0,0,0,98000,40000,58000,58000
059291,華新科元富9B購01,0,0,0,0,0,0,0,0,0,58000,0,0,0,58000,0,58000,58000
058973,麗豐永豐99購01  ,0,0,0,0,0,0,0,0,0,58000,0,0,0,142000,84000,58000,58000
061801,祥碩永豐9B購01  ,0,0,0,0,0,0,0,0,0,58000,0,0,0,99000,41000,58000,58000
061259,台積電凱基9A購21,0,0,0,0,0,0,0,0,0,58000,0,0,0,58000,0,58000,58000
061924,聯發科凱基9C購01,0,0,0,0,0,0,0,0,0,58000,0,0,0,61000,3000,58000,58000
063116,大立光麥證9C購01,0,0,0,61000,3000,58000,0,0,0,58000,0,0,0,61000,3000,58000,58000
062469,旺宏凱基9B購05  ,0,0,0,0,0,0,0,0,0,58000,0,0,0,68000,10000,58000,58000
062281,奇鋐群益9B購01  ,0,0,0,0,0,0,0,0,0,58000,0,0,0,169000,111000,58000,58000
062098,億光永豐9B購01  ,0,0,0,0,0,0,0,0,0,58000,0,0,0,138000,80000,58000,58000
2534,宏盛            ,1343000,1286240,56760,0,0,0,0,0,0,1000,1000,0,1000,0,0,0,57760
063609,南電凱基9B購05  ,0,0,0,0,0,0,0,0,0,57000,0,0,0,61000,4000,57000,57000
063420,奇力新凱基9B購03,0,0,0,0,0,0,0,0,0,57000,0,0,0,57000,0,57000,57000
055689,台郡凱基99購01  ,0,0,0,0,0,0,0,0,0,57000,0,0,0,77000,20000,57000,57000
057614,華新科元富99購04,0,0,0,0,0,0,0,0,0,57000,0,0,0,57000,0,57000,57000
058577,南亞科群益99購02,0,0,0,0,0,0,0,0,0,57000,0,0,0,172000,115000,57000,57000
058322,玉晶光永豐99購02,0,0,0,0,0,0,0,0,0,57000,0,0,0,361000,304000,57000,57000
058775,台積電國票9A購02,0,0,0,0,0,0,0,0,0,57000,0,0,0,62000,5000,57000,57000
060595,台灣50凱基04購04,0,0,0,0,0,0,0,0,0,57000,0,0,0,57000,0,57000,57000
062073,國巨元大9B購06  ,0,0,0,0,0,0,0,0,0,57000,0,0,0,58000,1000,57000,57000
062155,國巨凱基9C購03  ,0,0,0,0,0,0,0,0,0,57000,0,0,0,57000,0,57000,57000
062030,旭富群益9B購01  ,0,0,0,0,0,0,0,0,0,57000,0,0,0,61000,4000,57000,57000
061147,上証2X群益9C購06,0,0,0,0,0,0,0,0,0,57000,0,0,0,57000,0,57000,57000
060989,國泰金元大9A購02,0,0,0,0,0,0,0,0,0,57000,0,0,0,102000,45000,57000,57000
061071,復盛凱基9A購01  ,0,0,0,0,0,0,0,0,0,57000,0,0,0,287000,230000,57000,57000
063341,燿華統一9C購01  ,0,0,0,0,0,0,0,0,0,56000,0,0,0,492000,436000,56000,56000
052619,茂林國泰99購01  ,0,0,0,0,0,0,0,0,0,56000,0,0,0,57000,1000,56000,56000
056535,全新凱基99購02  ,0,0,0,0,0,0,0,0,0,56000,0,0,0,66000,10000,56000,56000
060611,同欣電凱基9A購02,0,0,0,0,0,0,0,0,0,56000,0,0,0,92000,36000,56000,56000
06864P,健策凱基98售01  ,0,0,0,0,0,0,0,0,0,56000,0,0,0,151000,95000,56000,56000
057883,中環群益98購01  ,0,0,0,0,0,0,0,0,0,56000,0,0,0,56000,0,56000,56000
057094,祥碩元富98購01  ,0,0,0,0,0,0,0,0,0,56000,0,0,0,56000,0,56000,56000
059778,上証2X元大9C購03,0,0,0,0,0,0,0,0,0,56000,0,0,0,57000,1000,56000,56000
058093,神達元大9A購01  ,0,0,0,0,0,0,0,0,0,56000,0,0,0,129000,73000,56000,56000
061198,世紀鋼永豐9A購03,0,0,0,0,0,0,0,0,0,56000,0,0,0,56000,0,56000,56000
061232,和大元大9A購03  ,0,0,0,0,0,0,0,0,0,56000,0,0,0,178000,122000,56000,56000
060849,力成國票9A購01  ,0,0,0,0,0,0,0,0,0,56000,0,0,0,69000,13000,56000,56000
061919,國巨凱基9B購06  ,0,0,0,0,0,0,0,0,0,56000,0,0,0,56000,0,56000,56000
061938,大立光國票9B購03,0,0,0,0,0,0,0,0,0,56000,0,0,0,60000,4000,56000,56000
062279,晶豪科群益9B購01,0,0,0,0,0,0,0,0,0,56000,0,0,0,73000,17000,56000,56000
062587,國巨統一9B購13  ,0,0,0,0,0,0,0,0,0,56000,0,0,0,56000,0,56000,56000
063114,南電兆豐9B購01  ,0,0,0,0,0,0,0,0,0,56000,0,0,0,104000,48000,56000,56000
063292,致新元大9B購02  ,0,0,0,0,0,0,0,0,0,56000,0,0,0,165000,109000,56000,56000
062637,智易國票9B購01  ,0,0,0,0,0,0,0,0,0,56000,0,0,0,56000,0,56000,56000
06594P,立積元大98售01  ,0,0,0,0,0,0,0,0,0,55000,0,0,0,85000,30000,55000,55000
06702P,智邦元富98售01  ,0,0,0,0,0,0,0,0,0,55000,0,0,0,55000,0,55000,55000
06434P,超眾群益98售02  ,0,0,0,0,0,0,0,0,0,55000,0,0,0,170000,115000,55000,55000
07844P,可成國票9A售01  ,0,0,0,0,0,0,0,0,0,55000,0,0,0,106000,51000,55000,55000
052944,宏達電國票97購01,0,0,0,0,0,0,0,0,0,55000,0,0,0,55000,0,55000,55000
054349,同欣電國票97購02,0,0,0,0,0,0,0,0,0,55000,0,0,0,269000,214000,55000,55000
053485,矽創國票97購04  ,0,0,0,0,0,0,0,0,0,55000,0,0,0,160000,105000,55000,55000
00643,群益深証中小    ,166000,22000,144000,0,0,0,0,0,0,-89000,10000,30000,-20000,112000,181000,-69000,55000
055255,欣興統一97購02  ,0,0,0,0,0,0,0,0,0,55000,0,0,0,55000,0,55000,55000
055053,瑞昱永豐97購01  ,0,0,0,0,0,0,0,0,0,55000,0,0,0,55000,0,55000,55000
056375,玉晶光統一01購01,0,0,0,0,0,0,0,0,0,55000,0,0,0,60000,5000,55000,55000
057483,微星元大98購04  ,0,0,0,0,0,0,0,0,0,55000,0,0,0,55000,0,55000,55000
059312,元石油元大99購05,0,0,0,0,0,0,0,0,0,55000,0,0,0,56000,1000,55000,55000
059938,凱美永豐99購01  ,0,0,0,0,0,0,0,0,0,55000,0,0,0,68000,13000,55000,55000
059116,晶豪科永豐99購01,0,0,0,0,0,0,0,0,0,55000,0,0,0,55000,0,55000,55000
059787,奇力新元大9A購02,0,0,0,0,0,0,0,0,0,55000,0,0,0,56000,1000,55000,55000
057832,聯發科元富02購05,0,0,0,0,0,0,0,0,0,55000,0,0,0,55000,0,55000,55000
060625,華擎元大9A購01  ,0,0,0,0,0,0,0,0,0,55000,0,0,0,160000,105000,55000,55000
060397,群創國票9A購01  ,0,0,0,0,0,0,0,0,0,55000,0,0,0,93000,38000,55000,55000
062898,華通元大9B購05  ,0,0,0,0,0,0,0,0,0,55000,0,0,0,133000,78000,55000,55000
063224,泰鼎群益9B購02  ,0,0,0,0,0,0,0,0,0,55000,0,0,0,62000,7000,55000,55000
062273,國巨群益9C購02  ,0,0,0,0,0,0,0,0,0,55000,0,0,0,95000,40000,55000,55000
062166,致新國泰01購01  ,0,0,0,0,0,0,0,0,0,55000,0,0,0,57000,2000,55000,55000
062127,台勝科統一01購02,0,0,0,0,0,0,0,0,0,55000,0,0,0,55000,0,55000,55000
061578,玉晶光元大9A購16,0,0,0,0,0,0,0,0,0,55000,0,0,0,60000,5000,55000,55000
063543,技嘉台新9B購02  ,0,0,0,0,0,0,0,0,0,55000,0,0,0,55000,0,55000,55000
061800,泰鼎永豐9B購01  ,0,0,0,0,0,0,0,0,0,55000,0,0,0,85000,30000,55000,55000
061764,旺宏元大9B購01  ,0,0,0,0,0,0,0,0,0,55000,0,0,0,57000,2000,55000,55000
060982,旺宏元大9A購09  ,0,0,0,0,0,0,0,0,0,55000,0,0,0,55000,0,55000,55000
06089P,矽創永豐97售01  ,0,0,0,0,0,0,0,0,0,55000,0,0,0,55000,0,55000,55000
063610,儒鴻群益9B購02  ,0,0,0,0,0,0,0,0,0,54000,0,0,0,54000,0,54000,54000
1907,永豐餘          ,297000,251000,46000,0,0,0,0,0,0,8000,8000,0,8000,0,0,0,54000
059250,大立光凱基99購06,0,0,0,0,0,0,0,0,0,54000,0,0,0,89000,35000,54000,54000
054147,GIS元大96購02   ,0,0,0,0,0,0,0,0,0,54000,0,0,0,126000,72000,54000,54000
053997,健策群益97購02  ,0,0,0,0,0,0,0,0,0,54000,0,0,0,84000,30000,54000,54000
050890,南電富邦99購01  ,0,0,0,0,0,0,0,0,0,54000,0,0,0,54000,0,54000,54000
055323,貿聯國票98購01  ,0,0,0,0,0,0,0,0,0,54000,0,0,0,92000,38000,54000,54000
060752,上銀元大9A購04  ,0,0,0,0,0,0,0,0,0,54000,0,0,0,54000,0,54000,54000
056972,祥碩永豐98購02  ,0,0,0,0,0,0,0,0,0,54000,0,0,0,56000,2000,54000,54000
057296,智原永豐98購01  ,0,0,0,0,0,0,0,0,0,54000,0,0,0,64000,10000,54000,54000
059571,奇力新凱基99購06,0,0,0,0,0,0,0,0,0,54000,0,0,0,54000,0,54000,54000
057499,奇鋐群益98購01  ,0,0,0,0,0,0,0,0,0,54000,0,0,0,100000,46000,54000,54000
058556,百和永豐99購01  ,0,0,0,0,0,0,0,0,0,54000,0,0,0,68000,14000,54000,54000
061680,崇越元大9A購01  ,0,0,0,0,0,0,0,0,0,54000,0,0,0,85000,31000,54000,54000
061546,大立光群益9A購05,0,0,0,0,0,0,0,0,0,54000,0,0,0,76000,22000,54000,54000
061498,大立光國票9A購10,0,0,0,0,0,0,0,0,0,54000,0,0,0,75000,21000,54000,54000
063018,聯發科元大9B購14,0,0,0,0,0,0,0,0,0,54000,0,0,0,84000,30000,54000,54000
062459,聯詠群益9B購01  ,0,0,0,0,0,0,0,0,0,54000,0,0,0,54000,0,54000,54000
062033,瀚宇博群益9B購01,0,0,0,0,0,0,0,0,0,54000,0,0,0,152000,98000,54000,54000
062379,致新元大9B購01  ,0,0,0,0,0,0,0,0,0,54000,0,0,0,213000,159000,54000,54000
062821,華擎兆豐9C購01  ,0,0,0,0,0,0,0,0,0,54000,0,0,0,142000,88000,54000,54000
1536,和大            ,327000,312000,15000,0,0,0,100000,0,100000,-62000,9000,15000,-6000,31000,87000,-56000,53000
06389P,聯發科兆豐97售01,0,0,0,0,0,0,0,0,0,53000,0,0,0,83000,30000,53000,53000
054268,健策第一96購01  ,0,0,0,0,0,0,0,0,0,53000,0,0,0,53000,0,53000,53000
051536,玉晶光國票97購01,0,0,0,0,0,0,0,0,0,53000,0,0,0,297000,244000,53000,53000
058352,鴻海凱基9A購05  ,0,0,0,0,0,0,0,0,0,53000,0,0,0,55000,2000,53000,53000
055983,全新元富9A購02  ,0,0,0,0,0,0,0,0,0,53000,0,0,0,64000,11000,53000,53000
058337,日月光元富99購01,0,0,0,0,0,0,0,0,0,53000,0,0,0,208000,155000,53000,53000
058321,大立光永豐99購01,0,0,0,0,0,0,0,0,0,53000,0,0,0,82000,29000,53000,53000
059947,貿聯永豐99購03  ,0,0,0,0,0,0,0,0,0,53000,0,0,0,69000,16000,53000,53000
057243,樺漢凱基99購01  ,0,0,0,0,0,0,0,0,0,53000,0,0,0,115000,62000,53000,53000
057877,神達元大99購01  ,0,0,0,0,0,0,0,0,0,53000,0,0,0,68000,15000,53000,53000
062094,台積電富邦9C購12,0,0,0,0,0,0,0,0,0,53000,0,0,0,53000,0,53000,53000
062145,億光國票9B購01  ,0,0,0,0,0,0,0,0,0,53000,0,0,0,156000,103000,53000,53000
08178P,南亞科元大9B售01,0,0,0,0,0,0,0,0,0,52000,0,0,0,184000,132000,52000,52000
3022,威強電          ,65000,13000,52000,0,0,0,0,0,0,0,0,0,0,0,0,0,52000
058421,國泰金麥證01購01,0,0,0,52000,0,52000,0,0,0,52000,0,0,0,52000,0,52000,52000
057404,貿聯群益99購01  ,0,0,0,0,0,0,0,0,0,52000,0,0,0,52000,0,52000,52000
051488,健策凱基96購04  ,0,0,0,0,0,0,0,0,0,52000,0,0,0,53000,1000,52000,52000
053677,同欣電國泰97購01,0,0,0,0,0,0,0,0,0,52000,0,0,0,58000,6000,52000,52000
060714,晶技永豐9A購02  ,0,0,0,0,0,0,0,0,0,52000,0,0,0,63000,11000,52000,52000
060534,友達麥證9A購01  ,0,0,0,60000,8000,52000,0,0,0,52000,0,0,0,60000,8000,52000,52000
057221,華通國票98購03  ,0,0,0,0,0,0,0,0,0,52000,0,0,0,76000,24000,52000,52000
059669,台灣50元富9B購05,0,0,0,0,0,0,0,0,0,52000,0,0,0,282000,230000,52000,52000
059533,富邦金凱基99購01,0,0,0,0,0,0,0,0,0,52000,0,0,0,52000,0,52000,52000
058656,燿華中信99購01  ,0,0,0,0,0,0,0,0,0,52000,0,0,0,163000,111000,52000,52000
059297,大立光元富9C購01,0,0,0,0,0,0,0,0,0,52000,0,0,0,306000,254000,52000,52000
062007,台光電國泰9C購01,0,0,0,0,0,0,0,0,0,52000,0,0,0,63000,11000,52000,52000
062943,世芯凱基9B購03  ,0,0,0,0,0,0,0,0,0,52000,0,0,0,82000,30000,52000,52000
060312,潤泰全永豐9A購01,0,0,0,0,0,0,0,0,0,52000,0,0,0,114000,62000,52000,52000
061295,台積電國泰9B購02,0,0,0,0,0,0,0,0,0,52000,0,0,0,120000,68000,52000,52000
060805,國巨群益9A購06  ,0,0,0,0,0,0,0,0,0,52000,0,0,0,52000,0,52000,52000
2820,華票            ,190000,166000,24000,0,0,0,26000,0,26000,1000,1000,0,1000,0,0,0,51000
1527,鑽全            ,78000,28000,50000,0,0,0,0,0,0,1000,1000,0,1000,0,0,0,51000
063444,金像電統一03購01,0,0,0,0,0,0,0,0,0,51000,0,0,0,55000,4000,51000,51000
053528,南電中信9A購01  ,0,0,0,0,0,0,0,0,0,51000,0,0,0,151000,100000,51000,51000
048422,瑞昱元富96購02  ,0,0,0,0,0,0,0,0,0,51000,0,0,0,151000,100000,51000,51000
057397,茂林中信9A購01  ,0,0,0,0,0,0,0,0,0,51000,0,0,0,51000,0,51000,51000
054511,香港反元大98購01,0,0,0,0,0,0,0,0,0,51000,0,0,0,51000,0,51000,51000
056579,麗豐元大99購01  ,0,0,0,0,0,0,0,0,0,51000,0,0,0,253000,202000,51000,51000
058042,鴻海元大98購12  ,0,0,0,0,0,0,0,0,0,51000,0,0,0,58000,7000,51000,51000
058078,景碩國票99購01  ,0,0,0,0,0,0,0,0,0,51000,0,0,0,84000,33000,51000,51000
058929,可成統一9C購01  ,0,0,0,0,0,0,0,0,0,51000,0,0,0,148000,97000,51000,51000
059685,T50正2永豐99購02,0,0,0,0,0,0,0,0,0,51000,0,0,0,65000,14000,51000,51000
060090,台積電元大99購55,0,0,0,0,0,0,0,0,0,51000,0,0,0,100000,49000,51000,51000
061786,義隆群益9B購01  ,0,0,0,0,0,0,0,0,0,51000,0,0,0,52000,1000,51000,51000
061773,和潤元大9B購01  ,0,0,0,0,0,0,0,0,0,51000,0,0,0,196000,145000,51000,51000
061045,儒鴻第一9A購01  ,0,0,0,0,0,0,0,0,0,51000,0,0,0,51000,0,51000,51000
061900,志超永豐9B購01  ,0,0,0,0,0,0,0,0,0,51000,0,0,0,208000,157000,51000,51000
061985,富邦金元大9B購01,0,0,0,0,0,0,0,0,0,51000,0,0,0,88000,37000,51000,51000
062373,泰鼎元大9B購01  ,0,0,0,0,0,0,0,0,0,51000,0,0,0,103000,52000,51000,51000
063458,正隆元大9B購01  ,0,0,0,0,0,0,0,0,0,50000,0,0,0,50000,0,50000,50000
063335,道瓊銀統一9C購01,0,0,0,0,0,0,0,0,0,50000,0,0,0,50000,0,50000,50000
063472,茂林元大9B購04  ,0,0,0,0,0,0,0,0,0,50000,0,0,0,69000,19000,50000,50000
063740,矽格元大9B購03  ,0,0,0,0,0,0,0,0,0,50000,0,0,0,86000,36000,50000,50000
06450P,聯發科元大98售03,0,0,0,0,0,0,0,0,0,50000,0,0,0,50000,0,50000,50000
07651P,道瓊指中信01售01,0,0,0,0,0,0,0,0,0,50000,0,0,0,55000,5000,50000,50000
07162P,臺股指群益99售13,0,0,0,0,0,0,0,0,0,50000,0,0,0,131000,81000,50000,50000
07367P,鴻海凱基99售17  ,0,0,0,0,0,0,0,0,0,50000,0,0,0,50000,0,50000,50000
4919,新唐            ,222000,179000,43000,0,0,0,0,0,0,7000,2000,0,2000,9000,4000,5000,50000
055036,中工富邦9B購01  ,0,0,0,0,0,0,0,0,0,50000,0,0,0,70000,20000,50000,50000
054999,玉晶光元富97購03,0,0,0,0,0,0,0,0,0,50000,0,0,0,50000,0,50000,50000
054919,興富發凱基97購01,0,0,0,0,0,0,0,0,0,50000,0,0,0,50000,0,50000,50000
054855,得力群益98購01  ,0,0,0,0,0,0,0,0,0,50000,0,0,0,151000,101000,50000,50000
05466P,旺宏富邦97售01  ,0,0,0,0,0,0,0,0,0,50000,0,0,0,50000,0,50000,50000
054680,華新科康和97購02,0,0,0,0,0,0,0,0,0,50000,0,0,0,50000,0,50000,50000
054730,上証2X凱基98購02,0,0,0,0,0,0,0,0,0,50000,0,0,0,50000,0,50000,50000
056741,大立光凱基98購14,0,0,0,0,0,0,0,0,0,50000,0,0,0,50000,0,50000,50000
056685,光罩統一98購03  ,0,0,0,0,0,0,0,0,0,50000,0,0,0,50000,0,50000,50000
055819,晶相光國票98購01,0,0,0,0,0,0,0,0,0,50000,0,0,0,50000,0,50000,50000
060130,瀚宇博永豐99購02,0,0,0,0,0,0,0,0,0,50000,0,0,0,50000,0,50000,50000
047410,上銀元富96購01  ,0,0,0,0,0,0,0,0,0,50000,0,0,0,55000,5000,50000,50000
050283,T50反1凱基9A購01,0,0,0,0,0,0,0,0,0,50000,0,0,0,50000,0,50000,50000
054237,茂林群益97購01  ,0,0,0,0,0,0,0,0,0,50000,0,0,0,50000,0,50000,50000
053625,國巨兆豐96購03  ,0,0,0,0,0,0,0,0,0,50000,0,0,0,50000,0,50000,50000
053755,亞光元富96購01  ,0,0,0,0,0,0,0,0,0,50000,0,0,0,50000,0,50000,50000
053758,華新科國泰97購02,0,0,0,0,0,0,0,0,0,50000,0,0,0,60000,10000,50000,50000
053151,華新科元大96購04,0,0,0,0,0,0,0,0,0,50000,0,0,0,50000,0,50000,50000
053257,華通富邦97購01  ,0,0,0,0,0,0,0,0,0,50000,0,0,0,50000,0,50000,50000
054351,華新科國泰97購03,0,0,0,0,0,0,0,0,0,50000,0,0,0,52000,2000,50000,50000
053103,瀚宇博元富96購01,0,0,0,0,0,0,0,0,0,50000,0,0,0,50000,0,50000,50000
053005,微星永豐96購01  ,0,0,0,0,0,0,0,0,0,50000,0,0,0,50000,0,50000,50000
052807,貿聯元大98購01  ,0,0,0,0,0,0,0,0,0,50000,0,0,0,50000,0,50000,50000
056517,茂林兆豐99購01  ,0,0,0,0,0,0,0,0,0,50000,0,0,0,50000,0,50000,50000
055497,開發金元大97購01,0,0,0,0,0,0,0,0,0,50000,0,0,0,50000,0,50000,50000
060064,華新科兆豐99購07,0,0,0,0,0,0,0,0,0,50000,0,0,0,50000,0,50000,50000
060098,華新科元大99購24,0,0,0,0,0,0,0,0,0,50000,0,0,0,50000,0,50000,50000
060110,茂林元大99購06  ,0,0,0,0,0,0,0,0,0,50000,0,0,0,50000,0,50000,50000
057639,國巨元大99購07  ,0,0,0,0,0,0,0,0,0,50000,0,0,0,50000,0,50000,50000
057696,聯電群益9A購01  ,0,0,0,0,0,0,0,0,0,50000,0,0,0,50000,0,50000,50000
057678,臺股指元大98購08,0,0,0,0,0,0,0,0,0,50000,0,0,0,50000,0,50000,50000
057130,全新凱基98購03  ,0,0,0,0,0,0,0,0,0,50000,0,0,0,50000,0,50000,50000
057196,茂林台新98購01  ,0,0,0,0,0,0,0,0,0,50000,0,0,0,50000,0,50000,50000
057261,瑞昱兆豐98購01  ,0,0,0,0,0,0,0,0,0,50000,0,0,0,60000,10000,50000,50000
060581,玉晶光群益9B購02,0,0,0,0,0,0,0,0,0,50000,0,0,0,52000,2000,50000,50000
060462,鴻海元大9A購10  ,0,0,0,0,0,0,0,0,0,50000,0,0,0,52000,2000,50000,50000
057925,貿聯凱基99購01  ,0,0,0,0,0,0,0,0,0,50000,0,0,0,80000,30000,50000,50000
05789P,臺股指永昌96售06,0,0,0,0,0,0,0,0,0,50000,0,0,0,50000,0,50000,50000
058901,美律元大99購07  ,0,0,0,0,0,0,0,0,0,50000,0,0,0,183000,133000,50000,50000
057988,鈺齊元富98購02  ,0,0,0,0,0,0,0,0,0,50000,0,0,0,80000,30000,50000,50000
059311,元石油元大99購04,0,0,0,0,0,0,0,0,0,50000,0,0,0,50000,0,50000,50000
059272,台灣50元大99購01,0,0,0,0,0,0,0,0,0,50000,0,0,0,50000,0,50000,50000
057496,佐登元大98購02  ,0,0,0,0,0,0,0,0,0,50000,0,0,0,50000,0,50000,50000
058457,創意永豐99購01  ,0,0,0,0,0,0,0,0,0,50000,0,0,0,110000,60000,50000,50000
063067,緯穎麥證9B購01  ,0,0,0,50000,0,50000,0,0,0,50000,0,0,0,50000,0,50000,50000
063060,華新科元富9B購03,0,0,0,0,0,0,0,0,0,50000,0,0,0,50000,0,50000,50000
063183,國巨凱基9B購12  ,0,0,0,0,0,0,0,0,0,50000,0,0,0,50000,0,50000,50000
062778,國巨元大9B購17  ,0,0,0,0,0,0,0,0,0,50000,0,0,0,50000,0,50000,50000
062901,台積電元大9B購05,0,0,0,0,0,0,0,0,0,50000,0,0,0,50000,0,50000,50000
062887,台積電群益9C購05,0,0,0,0,0,0,0,0,0,50000,0,0,0,50000,0,50000,50000
062653,正隆永豐9B購01  ,0,0,0,0,0,0,0,0,0,50000,0,0,0,50000,0,50000,50000
062664,群創群益9B購02  ,0,0,0,0,0,0,0,0,0,50000,0,0,0,100000,50000,50000,50000
062711,台表科元大9B購05,0,0,0,0,0,0,0,0,0,50000,0,0,0,149000,99000,50000,50000
061878,茂林元大9B購01  ,0,0,0,0,0,0,0,0,0,50000,0,0,0,50000,0,50000,50000
062418,台積電統一01購06,0,0,0,0,0,0,0,0,0,50000,0,0,0,50000,0,50000,50000
061850,國巨國票9C購02  ,0,0,0,0,0,0,0,0,0,50000,0,0,0,50000,0,50000,50000
061364,國巨國票9A購09  ,0,0,0,0,0,0,0,0,0,50000,0,0,0,56000,6000,50000,50000
060980,台積電元大9A購21,0,0,0,0,0,0,0,0,0,50000,0,0,0,50000,0,50000,50000
061240,華新科兆豐9A購01,0,0,0,0,0,0,0,0,0,50000,0,0,0,50000,0,50000,50000
061207,美律元大9A購04  ,0,0,0,0,0,0,0,0,0,50000,0,0,0,64000,14000,50000,50000
061635,台積電元大9A購34,0,0,0,0,0,0,0,0,0,50000,0,0,0,50000,0,50000,50000
060885,世紀鋼中信9A購01,0,0,0,0,0,0,0,0,0,50000,0,0,0,50000,0,50000,50000
3008,大立光          ,323676,373971,-50295,0,0,0,71000,0,71000,29000,36000,4000,32000,4000,7000,-3000,49705
06534P,聯發科群益98售04,0,0,0,0,0,0,0,0,0,49000,0,0,0,61000,12000,49000,49000
063611,儒鴻群益9B購03  ,0,0,0,0,0,0,0,0,0,49000,0,0,0,49000,0,49000,49000
063633,金像電元大9B購05,0,0,0,0,0,0,0,0,0,49000,0,0,0,60000,11000,49000,49000
063657,茂林元富9B購04  ,0,0,0,0,0,0,0,0,0,49000,0,0,0,50000,1000,49000,49000
063396,金像電群益9C購01,0,0,0,0,0,0,0,0,0,49000,0,0,0,137000,88000,49000,49000
051428,玉晶光統一96購01,0,0,0,0,0,0,0,0,0,49000,0,0,0,120000,71000,49000,49000
059187,國巨富邦9B購02  ,0,0,0,0,0,0,0,0,0,49000,0,0,0,49000,0,49000,49000
056335,微星凱基98購01  ,0,0,0,0,0,0,0,0,0,49000,0,0,0,50000,1000,49000,49000
055720,宏達電元大97購05,0,0,0,0,0,0,0,0,0,49000,0,0,0,49000,0,49000,49000
059274,國巨元大99購22  ,0,0,0,0,0,0,0,0,0,49000,0,0,0,79000,30000,49000,49000
058572,百和凱基9A購01  ,0,0,0,0,0,0,0,0,0,49000,0,0,0,49000,0,49000,49000
058920,SGBR2X元富99購06,0,0,0,0,0,0,0,0,0,49000,0,0,0,69000,20000,49000,49000
061790,中租群益9B購01  ,0,0,0,0,0,0,0,0,0,49000,0,0,0,49000,0,49000,49000
061563,群創國票9B購02  ,0,0,0,0,0,0,0,0,0,49000,0,0,0,92000,43000,49000,49000
062969,旺宏元富9B購01  ,0,0,0,0,0,0,0,0,0,49000,0,0,0,62000,13000,49000,49000
063473,茂林元大9B購05  ,0,0,0,0,0,0,0,0,0,48000,0,0,0,50000,2000,48000,48000
07894P,燿華元大9B售01  ,0,0,0,0,0,0,0,0,0,48000,0,0,0,48000,0,48000,48000
08060P,嘉澤元大9B售01  ,0,0,0,0,0,0,0,0,0,48000,0,0,0,100000,52000,48000,48000
059177,臺股指凱基99購28,0,0,0,0,0,0,0,0,0,48000,0,0,0,53000,5000,48000,48000
058424,滬深2X元富99購04,0,0,0,0,0,0,0,0,0,48000,0,0,0,106000,58000,48000,48000
052342,茂林凱基96購01  ,0,0,0,0,0,0,0,0,0,48000,0,0,0,51000,3000,48000,48000
056532,技嘉凱基98購01  ,0,0,0,0,0,0,0,0,0,48000,0,0,0,48000,0,48000,48000
052733,台郡國泰97購01  ,0,0,0,0,0,0,0,0,0,48000,0,0,0,102000,54000,48000,48000
053660,群創凱基98購08  ,0,0,0,0,0,0,0,0,0,48000,0,0,0,48000,0,48000,48000
059170,康控凱基9B購01  ,0,0,0,0,0,0,0,0,0,48000,0,0,0,176000,128000,48000,48000
059643,日月光凱基99購02,0,0,0,0,0,0,0,0,0,48000,0,0,0,130000,82000,48000,48000
059292,華新科元富9B購02,0,0,0,0,0,0,0,0,0,48000,0,0,0,51000,3000,48000,48000
057132,華新科凱基98購05,0,0,0,0,0,0,0,0,0,48000,0,0,0,48000,0,48000,48000
060057,欣興凱基9B購01  ,0,0,0,0,0,0,0,0,0,48000,0,0,0,78000,30000,48000,48000
060047,道瓊反凱基99購01,0,0,0,0,0,0,0,0,0,48000,0,0,0,48000,0,48000,48000
062918,祥碩元大9C購02  ,0,0,0,0,0,0,0,0,0,48000,0,0,0,70000,22000,48000,48000
062500,國巨群益01購01  ,0,0,0,0,0,0,0,0,0,48000,0,0,0,52000,4000,48000,48000
062248,國巨元大9B購08  ,0,0,0,0,0,0,0,0,0,48000,0,0,0,48000,0,48000,48000
061596,健策永豐9A購03  ,0,0,0,0,0,0,0,0,0,48000,0,0,0,83000,35000,48000,48000
061470,鈺齊群益9A購02  ,0,0,0,0,0,0,0,0,0,48000,0,0,0,164000,116000,48000,48000
060688,世紀鋼元大9C購01,0,0,0,0,0,0,0,0,0,48000,0,0,0,109000,61000,48000,48000
060996,臻鼎元大9A購01  ,0,0,0,0,0,0,0,0,0,48000,0,0,0,61000,13000,48000,48000
2413,環科            ,53000,6000,47000,0,0,0,0,0,0,0,0,0,0,0,0,0,47000
063562,國巨元大9C購06  ,0,0,0,0,0,0,0,0,0,47000,0,0,0,47000,0,47000,47000
056026,智易群益97購01  ,0,0,0,0,0,0,0,0,0,47000,0,0,0,167000,120000,47000,47000
057748,華通國票98購04  ,0,0,0,0,0,0,0,0,0,47000,0,0,0,52000,5000,47000,47000
057843,晶技永豐98購02  ,0,0,0,0,0,0,0,0,0,47000,0,0,0,47000,0,47000,47000
057024,義隆凱基99購01  ,0,0,0,0,0,0,0,0,0,47000,0,0,0,47000,0,47000,47000
060477,和潤元大9A購01  ,0,0,0,0,0,0,0,0,0,47000,0,0,0,74000,27000,47000,47000
060417,正隆永豐9A購01  ,0,0,0,0,0,0,0,0,0,47000,0,0,0,73000,26000,47000,47000
057530,奇鋐元大99購01  ,0,0,0,0,0,0,0,0,0,47000,0,0,0,131000,84000,47000,47000
058208,百和凱基99購01  ,0,0,0,0,0,0,0,0,0,47000,0,0,0,47000,0,47000,47000
059594,奇力新元大9B購01,0,0,0,0,0,0,0,0,0,47000,0,0,0,47000,0,47000,47000
059996,美律元富99購01  ,0,0,0,0,0,0,0,0,0,47000,0,0,0,149000,102000,47000,47000
062323,上銀統一9B購03  ,0,0,0,0,0,0,0,0,0,47000,0,0,0,104000,57000,47000,47000
063173,矽格中信9B購01  ,0,0,0,0,0,0,0,0,0,47000,0,0,0,254000,207000,47000,47000
1326,台化            ,1502264,1450991,51273,0,0,0,0,0,0,-5000,11000,0,11000,0,16000,-16000,46273
08037P,台表科群益9B售02,0,0,0,0,0,0,0,0,0,46000,0,0,0,81000,35000,46000,46000
08002P,大毅國票9B售03  ,0,0,0,0,0,0,0,0,0,46000,0,0,0,89000,43000,46000,46000
8131,福懋科          ,200000,170000,30000,0,0,0,3000,0,3000,13000,0,0,0,13000,0,13000,46000
07342P,大立光凱基99售14,0,0,0,0,0,0,0,0,0,46000,0,0,0,76000,30000,46000,46000
055290,玉晶光元大98購08,0,0,0,0,0,0,0,0,0,46000,0,0,0,46000,0,46000,46000
060145,牧德國票9A購02  ,0,0,0,0,0,0,0,0,0,46000,0,0,0,89000,43000,46000,46000
056448,全新凱基99購01  ,0,0,0,0,0,0,0,0,0,46000,0,0,0,76000,30000,46000,46000
052941,康控兆豐97購01  ,0,0,0,0,0,0,0,0,0,46000,0,0,0,300000,254000,46000,46000
054235,欣興群益96購06  ,0,0,0,0,0,0,0,0,0,46000,0,0,0,46000,0,46000,46000
057612,瑞昱元富02購01  ,0,0,0,0,0,0,0,0,0,46000,0,0,0,174000,128000,46000,46000
057276,全新元大99購03  ,0,0,0,0,0,0,0,0,0,46000,0,0,0,56000,10000,46000,46000
062685,華新科統一9C購03,0,0,0,0,0,0,0,0,0,46000,0,0,0,71000,25000,46000,46000
062924,世紀鋼元大9C購04,0,0,0,0,0,0,0,0,0,46000,0,0,0,108000,62000,46000,46000
062909,大立光元大9C購04,0,0,0,0,0,0,0,0,0,46000,0,0,0,60000,14000,46000,46000
062258,奇力新元大9B購03,0,0,0,0,0,0,0,0,0,46000,0,0,0,46000,0,46000,46000
06214P,國巨國票98售04  ,0,0,0,0,0,0,0,0,0,46000,0,0,0,49000,3000,46000,46000
060281,卜蜂元大9C購01  ,0,0,0,0,0,0,0,0,0,46000,0,0,0,46000,0,46000,46000
061252,臺股指群益9A購03,0,0,0,0,0,0,0,0,0,46000,0,0,0,47000,1000,46000,46000
06374P,台表科元大97售06,0,0,0,0,0,0,0,0,0,45000,0,0,0,45000,0,45000,45000
3014,聯陽            ,344000,322000,22000,0,0,0,0,0,0,23000,25000,0,25000,0,2000,-2000,45000
08159P,日月光元富9B售01,0,0,0,0,0,0,0,0,0,45000,0,0,0,45000,0,45000,45000
054480,和碩中信98購01  ,0,0,0,0,0,0,0,0,0,45000,0,0,0,90000,45000,45000,45000
055258,玉晶光統一97購03,0,0,0,0,0,0,0,0,0,45000,0,0,0,45000,0,45000,45000
056852,矽格元富98購01  ,0,0,0,0,0,0,0,0,0,45000,0,0,0,410000,365000,45000,45000
059823,奇力新凱基99購07,0,0,0,0,0,0,0,0,0,45000,0,0,0,45000,0,45000,45000
060408,和潤國泰9C購01  ,0,0,0,0,0,0,0,0,0,45000,0,0,0,45000,0,45000,45000
060748,臻鼎國票9A購01  ,0,0,0,0,0,0,0,0,0,45000,0,0,0,88000,43000,45000,45000
060584,玉晶光元富9A購01,0,0,0,0,0,0,0,0,0,45000,0,0,0,84000,39000,45000,45000
060601,技嘉凱基9A購02  ,0,0,0,0,0,0,0,0,0,45000,0,0,0,56000,11000,45000,45000
057949,南電國票99購01  ,0,0,0,0,0,0,0,0,0,45000,0,0,0,67000,22000,45000,45000
058102,楠梓電永豐98購04,0,0,0,0,0,0,0,0,0,45000,0,0,0,45000,0,45000,45000
062458,全新群益9B購03  ,0,0,0,0,0,0,0,0,0,45000,0,0,0,218000,173000,45000,45000
060262,臺股指凱基9B購02,0,0,0,0,0,0,0,0,0,45000,0,0,0,65000,20000,45000,45000
060288,群光元大9C購01  ,0,0,0,0,0,0,0,0,0,45000,0,0,0,84000,39000,45000,45000
061733,聯發科中信01購01,0,0,0,0,0,0,0,0,0,45000,0,0,0,45000,0,45000,45000
060906,旺宏元大9A購07  ,0,0,0,0,0,0,0,0,0,45000,0,0,0,58000,13000,45000,45000
060920,超眾富邦9B購01  ,0,0,0,0,0,0,0,0,0,45000,0,0,0,166000,121000,45000,45000
061175,台積電凱基9A購19,0,0,0,0,0,0,0,0,0,45000,0,0,0,45000,0,45000,45000
061150,國巨群益9A購09  ,0,0,0,0,0,0,0,0,0,45000,0,0,0,55000,10000,45000,45000
061153,奇力新群益9A購02,0,0,0,0,0,0,0,0,0,45000,0,0,0,45000,0,45000,45000
062194,遠東新中信9C購01,0,0,0,0,0,0,0,0,0,45000,0,0,0,45000,0,45000,45000
061408,華新科國票9A購06,0,0,0,0,0,0,0,0,0,45000,0,0,0,51000,6000,45000,45000
062758,國巨凱基9B購09  ,0,0,0,0,0,0,0,0,0,45000,0,0,0,45000,0,45000,45000
062621,緯穎元大9B購05  ,0,0,0,0,0,0,0,0,0,45000,0,0,0,45000,0,45000,45000
07993P,寶成群益9B售01  ,0,0,0,0,0,0,0,0,0,44000,0,0,0,44000,0,44000,44000
1108,幸福            ,46000,2000,44000,0,0,0,0,0,0,0,0,0,0,0,0,0,44000
06934P,聯鈞元大98售03  ,0,0,0,0,0,0,0,0,0,44000,0,0,0,44000,0,44000,44000
054895,南電統一97購01  ,0,0,0,0,0,0,0,0,0,44000,0,0,0,105000,61000,44000,44000
054898,台肥康和97購01  ,0,0,0,0,0,0,0,0,0,44000,0,0,0,44000,0,44000,44000
058397,大成鋼元大99購02,0,0,0,0,0,0,0,0,0,44000,0,0,0,193000,149000,44000,44000
058390,樺漢國票9A購01  ,0,0,0,0,0,0,0,0,0,44000,0,0,0,167000,123000,44000,44000
045189,大立光元富98購01,0,0,0,0,0,0,0,0,0,44000,0,0,0,44000,0,44000,44000
058004,大立光群益98購03,0,0,0,0,0,0,0,0,0,44000,0,0,0,146000,102000,44000,44000
059618,台積電日盛99購01,0,0,0,0,0,0,0,0,0,44000,0,0,0,44000,0,44000,44000
058793,鴻海元大99購19  ,0,0,0,0,0,0,0,0,0,44000,0,0,0,55000,11000,44000,44000
056905,欣興元大98購03  ,0,0,0,0,0,0,0,0,0,44000,0,0,0,132000,88000,44000,44000
060719,瀚宇博永豐9A購01,0,0,0,0,0,0,0,0,0,44000,0,0,0,47000,3000,44000,44000
062697,國巨元大9C購01  ,0,0,0,0,0,0,0,0,0,44000,0,0,0,51000,7000,44000,44000
062301,聯詠中信05購01  ,0,0,0,0,0,0,0,0,0,44000,0,0,0,74000,30000,44000,44000
061152,微星群益9A購01  ,0,0,0,0,0,0,0,0,0,44000,0,0,0,55000,11000,44000,44000
061053,國巨群益9A購08  ,0,0,0,0,0,0,0,0,0,44000,0,0,0,59000,15000,44000,44000
060887,台積電統一01購01,0,0,0,0,0,0,0,0,0,44000,0,0,0,50000,6000,44000,44000
061818,富邦金群益9C購01,0,0,0,0,0,0,0,0,0,44000,0,0,0,60000,16000,44000,44000
6277,宏正            ,79000,36568,42432,0,0,0,0,0,0,1000,1000,0,1000,0,0,0,43432
3703,欣陸            ,78000,36000,42000,0,0,0,0,0,0,1000,1000,0,1000,0,0,0,43000
08151P,聯發科統一9B售11,0,0,0,0,0,0,0,0,0,43000,0,0,0,46000,3000,43000,43000
07368P,國巨凱基99售19  ,0,0,0,0,0,0,0,0,0,43000,0,0,0,77000,34000,43000,43000
07561P,玉晶光永豐9A售02,0,0,0,0,0,0,0,0,0,43000,0,0,0,45000,2000,43000,43000
06491P,台積電富邦99售02,0,0,0,0,0,0,0,0,0,43000,0,0,0,165000,122000,43000,43000
063474,康控元大9B購04  ,0,0,0,0,0,0,0,0,0,43000,0,0,0,214000,171000,43000,43000
063470,泰鼎元大9B購03  ,0,0,0,0,0,0,0,0,0,43000,0,0,0,61000,18000,43000,43000
063471,泰鼎元大9C購01  ,0,0,0,0,0,0,0,0,0,43000,0,0,0,53000,10000,43000,43000
063632,金像電元大9B購04,0,0,0,0,0,0,0,0,0,43000,0,0,0,50000,7000,43000,43000
055967,臻鼎元大97購01  ,0,0,0,0,0,0,0,0,0,43000,0,0,0,43000,0,43000,43000
055318,華通國票98購01  ,0,0,0,0,0,0,0,0,0,43000,0,0,0,266000,223000,43000,43000
060626,貿聯元大9A購04  ,0,0,0,0,0,0,0,0,0,43000,0,0,0,64000,21000,43000,43000
059786,全新元大99購06  ,0,0,0,0,0,0,0,0,0,43000,0,0,0,217000,174000,43000,43000
056842,全新元富98購01  ,0,0,0,0,0,0,0,0,0,43000,0,0,0,57000,14000,43000,43000
058912,祥碩元大99購01  ,0,0,0,0,0,0,0,0,0,43000,0,0,0,59000,16000,43000,43000
059939,技嘉永豐99購01  ,0,0,0,0,0,0,0,0,0,43000,0,0,0,54000,11000,43000,43000
059860,台積電群益9A購02,0,0,0,0,0,0,0,0,0,43000,0,0,0,63000,20000,43000,43000
059847,喬山永豐99購01  ,0,0,0,0,0,0,0,0,0,43000,0,0,0,53000,10000,43000,43000
061603,瑞昱凱基9A購02  ,0,0,0,0,0,0,0,0,0,43000,0,0,0,62000,19000,43000,43000
063522,技嘉凱基9B購03  ,0,0,0,0,0,0,0,0,0,43000,0,0,0,43000,0,43000,43000
060981,旺宏元大9A購08  ,0,0,0,0,0,0,0,0,0,43000,0,0,0,48000,5000,43000,43000
060986,聯發科元大9A購07,0,0,0,0,0,0,0,0,0,43000,0,0,0,45000,2000,43000,43000
062520,晶豪科元大9B購02,0,0,0,0,0,0,0,0,0,43000,0,0,0,93000,50000,43000,43000
062661,華通群益9B購05  ,0,0,0,0,0,0,0,0,0,43000,0,0,0,129000,86000,43000,43000
062900,台積電元大9B購04,0,0,0,0,0,0,0,0,0,43000,0,0,0,84000,41000,43000,43000
062826,奇力新群益9C購01,0,0,0,0,0,0,0,0,0,43000,0,0,0,43000,0,43000,43000
063299,金寶凱基9B購01  ,0,0,0,0,0,0,0,0,0,43000,0,0,0,59000,16000,43000,43000
1522,堤維西          ,53000,12000,41000,0,0,0,0,0,0,1000,1000,0,1000,0,0,0,42000
3209,全科            ,112000,68000,44000,0,0,0,0,2000,-2000,0,0,0,0,0,0,0,42000
2608,嘉里大榮        ,72000,34000,38000,0,0,0,4000,0,4000,0,0,0,0,0,0,0,42000
4934,太極            ,88000,46000,42000,0,0,0,0,0,0,0,0,0,0,0,0,0,42000
056349,道瓊銀元大9B購01,0,0,0,0,0,0,0,0,0,42000,0,0,0,42000,0,42000,42000
04980P,臺股指凱基96售08,0,0,0,0,0,0,0,0,0,42000,0,0,0,42000,0,42000,42000
056479,玉晶光元大99購05,0,0,0,0,0,0,0,0,0,42000,0,0,0,73000,31000,42000,42000
059349,台郡凱基99購04  ,0,0,0,0,0,0,0,0,0,42000,0,0,0,88000,46000,42000,42000
057656,大成鋼兆豐98購01,0,0,0,0,0,0,0,0,0,42000,0,0,0,133000,91000,42000,42000
057249,華邦電統一9A購01,0,0,0,0,0,0,0,0,0,42000,0,0,0,181000,139000,42000,42000
061971,力山元大9C購02  ,0,0,0,0,0,0,0,0,0,42000,0,0,0,115000,73000,42000,42000
061668,信邦中信9B購01  ,0,0,0,0,0,0,0,0,0,42000,0,0,0,48000,6000,42000,42000
061826,台郡麥證9B購01  ,0,0,0,82000,40000,42000,0,0,0,42000,0,0,0,82000,40000,42000,42000
062992,聯發科群益9B購09,0,0,0,0,0,0,0,0,0,42000,0,0,0,56000,14000,42000,42000
6235,華孚            ,196000,155000,41000,0,0,0,0,0,0,0,0,0,0,0,0,0,41000
2607,榮運            ,25000,0,25000,0,0,0,0,0,0,16000,16000,0,16000,0,0,0,41000
1708,東鹼            ,42000,1000,41000,0,0,0,0,0,0,0,0,0,0,0,0,0,41000
2107,厚生            ,69000,29000,40000,0,0,0,0,0,0,1000,1000,0,1000,0,0,0,41000
063647,超眾元大9B購02  ,0,0,0,0,0,0,0,0,0,41000,0,0,0,112000,71000,41000,41000
06370P,貿聯凱基97售03  ,0,0,0,0,0,0,0,0,0,41000,0,0,0,181000,140000,41000,41000
054374,信邦中信96購01  ,0,0,0,0,0,0,0,0,0,41000,0,0,0,41000,0,41000,41000
054074,健策富邦98購01  ,0,0,0,0,0,0,0,0,0,41000,0,0,0,41000,0,41000,41000
055653,聯詠元富01購02  ,0,0,0,0,0,0,0,0,0,41000,0,0,0,71000,30000,41000,41000
056540,聯詠凱基98購02  ,0,0,0,0,0,0,0,0,0,41000,0,0,0,81000,40000,41000,41000
056556,南電凱基98購01  ,0,0,0,0,0,0,0,0,0,41000,0,0,0,41000,0,41000,41000
059731,康控元大99購04  ,0,0,0,0,0,0,0,0,0,41000,0,0,0,98000,57000,41000,41000
058770,貿聯兆豐9A購01  ,0,0,0,0,0,0,0,0,0,41000,0,0,0,69000,28000,41000,41000
058581,大立光群益99購05,0,0,0,0,0,0,0,0,0,41000,0,0,0,60000,19000,41000,41000
059999,緯穎元富99購01  ,0,0,0,0,0,0,0,0,0,41000,0,0,0,115000,74000,41000,41000
059063,康控凱基99購04  ,0,0,0,0,0,0,0,0,0,41000,0,0,0,80000,39000,41000,41000
061929,嘉澤凱基9B購01  ,0,0,0,0,0,0,0,0,0,41000,0,0,0,44000,3000,41000,41000
061462,國巨群益9A購11  ,0,0,0,0,0,0,0,0,0,41000,0,0,0,99000,58000,41000,41000
061637,華新科元大9A購22,0,0,0,0,0,0,0,0,0,41000,0,0,0,60000,19000,41000,41000
062391,台達電富邦9C購01,0,0,0,0,0,0,0,0,0,41000,0,0,0,112000,71000,41000,41000
062618,祥碩元大9B購04  ,0,0,0,0,0,0,0,0,0,41000,0,0,0,53000,12000,41000,41000
07560P,台積電國泰9B售01,0,0,0,0,0,0,0,0,0,40000,0,0,0,40000,0,40000,40000
07689P,旺宏元大9A售13  ,0,0,0,0,0,0,0,0,0,40000,0,0,0,49000,9000,40000,40000
07941P,國巨凱基9B售07  ,0,0,0,0,0,0,0,0,0,40000,0,0,0,40000,0,40000,40000
07795P,美律國票9A售03  ,0,0,0,0,0,0,0,0,0,40000,0,0,0,40000,0,40000,40000
07250P,台灣50永豐99售07,0,0,0,0,0,0,0,0,0,40000,0,0,0,40000,0,40000,40000
07214P,聯發科凱基9A售04,0,0,0,0,0,0,0,0,0,40000,0,0,0,365000,325000,40000,40000
07082P,美律元大99售06  ,0,0,0,0,0,0,0,0,0,40000,0,0,0,40000,0,40000,40000
2453,凌群            ,50000,10000,40000,0,0,0,0,0,0,0,0,0,0,0,0,0,40000
08101P,超眾群益9B售02  ,0,0,0,0,0,0,0,0,0,40000,0,0,0,40000,0,40000,40000
056551,台郡凱基98購04  ,0,0,0,0,0,0,0,0,0,40000,0,0,0,44000,4000,40000,40000
054821,貿聯元大9A購01  ,0,0,0,0,0,0,0,0,0,40000,0,0,0,40000,0,40000,40000
055166,台積電統一97購05,0,0,0,0,0,0,0,0,0,40000,0,0,0,40000,0,40000,40000
055276,台積電元大97購20,0,0,0,0,0,0,0,0,0,40000,0,0,0,40000,0,40000,40000
055692,緯穎凱基97購03  ,0,0,0,0,0,0,0,0,0,40000,0,0,0,50000,10000,40000,40000
056738,國巨凱基9A購02  ,0,0,0,0,0,0,0,0,0,40000,0,0,0,50000,10000,40000,40000
056324,南亞科兆豐98購01,0,0,0,0,0,0,0,0,0,40000,0,0,0,40000,0,40000,40000
054072,台積電富邦98購02,0,0,0,0,0,0,0,0,0,40000,0,0,0,40000,0,40000,40000
054130,漢唐元大97購02  ,0,0,0,0,0,0,0,0,0,40000,0,0,0,88000,48000,40000,40000
054198,台積電永昌96購08,0,0,0,0,0,0,0,0,0,40000,0,0,0,40000,0,40000,40000
054155,美律第一96購01  ,0,0,0,0,0,0,0,0,0,40000,0,0,0,40000,0,40000,40000
050633,義隆群益96購02  ,0,0,0,0,0,0,0,0,0,40000,0,0,0,40000,0,40000,40000
04854P,鴻海國泰96售04  ,0,0,0,0,0,0,0,0,0,40000,0,0,0,85000,45000,40000,40000
054316,矽創凱基97購01  ,0,0,0,0,0,0,0,0,0,40000,0,0,0,40000,0,40000,40000
053705,滬深2X凱基99購01,0,0,0,0,0,0,0,0,0,40000,0,0,0,40000,0,40000,40000
053596,嘉澤元大96購01  ,0,0,0,0,0,0,0,0,0,40000,0,0,0,40000,0,40000,40000
052885,高鐵兆豐98購01  ,0,14000,-14000,0,0,0,0,0,0,54000,0,0,0,59000,5000,54000,40000
052835,滬深2X國泰98購01,0,0,0,0,0,0,0,0,0,40000,0,0,0,40000,0,40000,40000
053029,國巨第一96購01  ,0,0,0,0,0,0,0,0,0,40000,0,0,0,40000,0,40000,40000
059062,群創凱基99購05  ,0,0,0,0,0,0,0,0,0,40000,0,0,0,53000,13000,40000,40000
059070,道瓊指元大99購02,0,0,0,0,0,0,0,0,0,40000,0,0,0,40000,0,40000,40000
059050,元油2X凱基9B購08,0,0,0,0,0,0,0,0,0,40000,0,0,0,40000,0,40000,40000
058964,群創兆豐99購01  ,0,0,0,0,0,0,0,0,0,40000,0,0,0,40000,0,40000,40000
059597,大立光元大99購21,0,0,0,0,0,0,0,0,0,40000,0,0,0,40000,0,40000,40000
058813,旺宏統一9B購04  ,0,0,0,0,0,0,0,0,0,40000,0,0,0,40000,0,40000,40000
058557,健策第一01購01  ,0,0,0,0,0,0,0,0,0,40000,0,0,0,40000,0,40000,40000
058483,道瓊指國票9A購01,0,0,0,0,0,0,0,0,0,40000,0,0,0,40000,0,40000,40000
058531,華通元富99購01  ,0,0,0,0,0,0,0,0,0,40000,0,0,0,62000,22000,40000,40000
058135,景碩元大99購01  ,0,0,0,0,0,0,0,0,0,40000,0,0,0,133000,93000,40000,40000
058107,全新台新99購01  ,0,0,0,0,0,0,0,0,0,40000,0,0,0,40000,0,40000,40000
060075,台積電元富99購05,0,0,0,0,0,0,0,0,0,40000,0,0,0,40000,0,40000,40000
057386,聯發科永豐98購04,0,0,0,0,0,0,0,0,0,40000,0,0,0,40000,0,40000,40000
056987,南茂群益98購01  ,0,0,0,0,0,0,0,0,0,40000,0,0,0,48000,8000,40000,40000
060777,茂林凱基9C購01  ,0,0,0,0,0,0,0,0,0,40000,0,0,0,40000,0,40000,40000
057028,台郡凱基99購02  ,0,0,0,0,0,0,0,0,0,40000,0,0,0,50000,10000,40000,40000
062726,華擎凱基9B購02  ,0,0,0,0,0,0,0,0,0,40000,0,0,0,40000,0,40000,40000
062972,京元電元富9B購01,0,0,0,0,0,0,0,0,0,40000,0,0,0,232000,192000,40000,40000
062511,台光電國票9B購02,0,0,0,0,0,0,0,0,0,40000,0,0,0,40000,0,40000,40000
062564,矽創凱基9B購01  ,0,0,0,0,0,0,0,0,0,40000,0,0,0,143000,103000,40000,40000
061633,統一元大9A購01  ,0,0,0,0,0,0,0,0,0,40000,0,0,0,91000,51000,40000,40000
061732,智邦中信9B購01  ,0,0,0,0,0,0,0,0,0,40000,0,0,0,40000,0,40000,40000
061741,新光金凱基9B購01,0,0,0,0,0,0,0,0,0,40000,0,0,0,50000,10000,40000,40000
060884,超眾中信9B購01  ,0,0,0,0,0,0,0,0,0,40000,0,0,0,100000,60000,40000,40000
061108,臻鼎元大9A購02  ,0,0,0,0,0,0,0,0,0,40000,0,0,0,50000,10000,40000,40000
060295,貿聯元大9A購03  ,0,0,0,0,0,0,0,0,0,40000,0,0,0,40000,0,40000,40000
061528,超眾凱基9A購04  ,0,0,0,0,0,0,0,0,0,40000,0,0,0,68000,28000,40000,40000
061935,台積電國票9B購07,0,0,0,0,0,0,0,0,0,40000,0,0,0,41000,1000,40000,40000
062447,華擎元大9C購01  ,0,0,0,0,0,0,0,0,0,40000,0,0,0,40000,0,40000,40000
061870,智邦元大9B購02  ,0,0,0,0,0,0,0,0,0,40000,0,0,0,98000,58000,40000,40000
061822,和潤群益9B購01  ,0,0,0,0,0,0,0,0,0,40000,0,0,0,135000,95000,40000,40000
2417,圓剛            ,171000,232000,-61000,0,0,0,100000,0,100000,0,0,0,0,0,0,0,39000
2419,仲琦            ,59000,20000,39000,0,0,0,0,0,0,0,0,0,0,0,0,0,39000
4540,全球傳動        ,84000,46000,38000,0,0,0,0,0,0,1000,1000,0,1000,0,0,0,39000
07649P,金像電永豐9A售02,0,0,0,0,0,0,0,0,0,39000,0,0,0,187000,148000,39000,39000
06560P,台積電統一98售07,0,0,0,0,0,0,0,0,0,39000,0,0,0,48000,9000,39000,39000
053247,麗豐國票97購01  ,0,0,0,0,0,0,0,0,0,39000,0,0,0,39000,0,39000,39000
048192,華通元大96購01  ,0,0,0,0,0,0,0,0,0,39000,0,0,0,82000,43000,39000,39000
052113,漢唐中信98購01  ,0,0,0,0,0,0,0,0,0,39000,0,0,0,112000,73000,39000,39000
00713,元大台灣高息低波,15000,1000,14000,0,0,0,0,0,0,25000,0,0,0,25000,0,25000,39000
054552,聯發科凱基98購03,0,0,0,0,0,0,0,0,0,39000,0,0,0,39000,0,39000,39000
055858,聯茂元大97購03  ,0,0,0,0,0,0,0,0,0,39000,0,0,0,95000,56000,39000,39000
059224,大立光元大99購15,0,0,0,0,0,0,0,0,0,39000,0,0,0,39000,0,39000,39000
06859P,元金2X中信9C售01,0,0,0,0,0,0,0,0,0,39000,0,0,0,39000,0,39000,39000
056995,華新科日盛99購01,0,0,0,0,0,0,0,0,0,39000,0,0,0,141000,102000,39000,39000
059772,可成群益9A購05  ,0,0,0,0,0,0,0,0,0,39000,0,0,0,45000,6000,39000,39000
057964,緯穎元大99購03  ,0,0,0,0,0,0,0,0,0,39000,0,0,0,63000,24000,39000,39000
057547,技嘉凱基99購01  ,0,0,0,0,0,0,0,0,0,39000,0,0,0,49000,10000,39000,39000
059171,祥碩凱基99購04  ,0,0,0,0,0,0,0,0,0,39000,0,0,0,43000,4000,39000,39000
059145,創意國票99購02  ,0,0,0,0,0,0,0,0,0,39000,0,0,0,40000,1000,39000,39000
059125,台積電第一03購02,0,0,0,0,0,0,0,0,0,39000,0,0,0,89000,50000,39000,39000
062269,葡萄王群益9B購01,0,0,0,0,0,0,0,0,0,39000,0,0,0,39000,0,39000,39000
063218,台塑群益9B購01  ,0,0,0,0,0,0,0,0,0,39000,0,0,0,39000,0,39000,39000
062795,國巨統一9B購15  ,0,0,0,0,0,0,0,0,0,39000,0,0,0,39000,0,39000,39000
07402P,瑞昱凱基99售02  ,0,0,0,0,0,0,0,0,0,38000,0,0,0,38000,0,38000,38000
3705,永信            ,185000,148000,37000,0,0,0,0,0,0,1000,1000,0,1000,0,0,0,38000
5907,大洋-KY         ,40000,2000,38000,0,0,0,0,0,0,0,0,0,0,0,0,0,38000
055816,新日興國票98購01,0,0,0,0,0,0,0,0,0,38000,0,0,0,38000,0,38000,38000
054101,茂林國票97購04  ,0,0,0,0,0,0,0,0,0,38000,0,0,0,38000,0,38000,38000
054289,聯發科元大97購11,0,0,0,0,0,0,0,0,0,38000,0,0,0,49000,11000,38000,38000
054416,禾伸堂元大97購01,0,0,0,0,0,0,0,0,0,38000,0,0,0,38000,0,38000,38000
053864,義隆元大96購01  ,0,0,0,0,0,0,0,0,0,38000,0,0,0,38000,0,38000,38000
058008,禾伸堂國票99購02,0,0,0,0,0,0,0,0,0,38000,0,0,0,38000,0,38000,38000
059320,華新科元大99購15,0,0,0,0,0,0,0,0,0,38000,0,0,0,38000,0,38000,38000
057789,上銀統一9A購01  ,0,0,0,0,0,0,0,0,0,38000,0,0,0,69000,31000,38000,38000
059689,南亞科永豐99購02,0,0,0,0,0,0,0,0,0,38000,0,0,0,43000,5000,38000,38000
057937,神達群益98購02  ,0,0,0,0,0,0,0,0,0,38000,0,0,0,135000,97000,38000,38000
060454,葡萄王元大9A購01,0,0,0,0,0,0,0,0,0,38000,0,0,0,38000,0,38000,38000
062640,訊連國票9C購01  ,0,0,0,0,0,0,0,0,0,38000,0,0,0,38000,0,38000,38000
061967,旺宏統一01購04  ,0,0,0,0,0,0,0,0,0,38000,0,0,0,50000,12000,38000,38000
060365,京鼎元富9A購01  ,0,0,0,0,0,0,0,0,0,38000,0,0,0,38000,0,38000,38000
1217,愛之味          ,119000,82000,37000,0,0,0,0,0,0,0,0,0,0,0,0,0,37000
06725P,聯電元富98售01  ,0,0,0,0,0,0,0,0,0,37000,0,0,0,138000,101000,37000,37000
052942,聯發科中信97購04,0,0,0,0,0,0,0,0,0,37000,0,0,0,237000,200000,37000,37000
054215,創意國票97購02  ,0,0,0,0,0,0,0,0,0,37000,0,0,0,37000,0,37000,37000
057826,祥碩元大98購08  ,0,0,0,0,0,0,0,0,0,37000,0,0,0,56000,19000,37000,37000
059747,台達電台新99購01,0,0,0,0,0,0,0,0,0,37000,0,0,0,45000,8000,37000,37000
057373,大立光元大98購17,0,0,0,0,0,0,0,0,0,37000,0,0,0,37000,0,37000,37000
057257,台泥兆豐99購01  ,0,0,0,0,0,0,0,0,0,37000,0,0,0,72000,35000,37000,37000
060085,華通元大99購10  ,0,0,0,0,0,0,0,0,0,37000,0,0,0,53000,16000,37000,37000
061327,台郡凱基9A購02  ,0,0,0,0,0,0,0,0,0,37000,0,0,0,119000,82000,37000,37000
060926,宏達電永豐9A購01,0,0,0,0,0,0,0,0,0,37000,0,0,0,41000,4000,37000,37000
061776,晶技國票9B購01  ,0,0,0,0,0,0,0,0,0,37000,0,0,0,37000,0,37000,37000
060770,宏達電麥證9A購01,0,0,0,37000,0,37000,0,0,0,37000,0,0,0,37000,0,37000,37000
062177,上銀元大9B購02  ,0,0,0,0,0,0,0,0,0,37000,0,0,0,39000,2000,37000,37000
062573,大毅群益9B購03  ,0,0,0,0,0,0,0,0,0,37000,0,0,0,69000,32000,37000,37000
062561,瀚宇博凱基9B購01,0,0,0,0,0,0,0,0,0,37000,0,0,0,44000,7000,37000,37000
062822,力成兆豐9B購01  ,0,0,0,0,0,0,0,0,0,37000,0,0,0,40000,3000,37000,37000
063419,聯發科凱基03購01,0,0,0,0,0,0,0,0,0,36000,0,0,0,40000,4000,36000,36000
063331,瑞儀國票9C購01  ,0,0,0,0,0,0,0,0,0,36000,0,0,0,45000,9000,36000,36000
1604,聲寶            ,39000,3000,36000,0,0,0,0,0,0,0,0,0,0,0,0,0,36000
2616,山隆            ,42000,6000,36000,0,0,0,0,0,0,0,0,0,0,0,0,0,36000
045053,聯發科元富98購01,0,0,0,0,0,0,0,0,0,36000,0,0,0,53000,17000,36000,36000
055536,嘉聯益群益99購02,0,0,0,0,0,0,0,0,0,36000,0,0,0,132000,96000,36000,36000
052437,聯發科富邦99購02,308000,0,308000,0,0,0,0,0,0,-272000,0,0,0,0,272000,-272000,36000
060183,南亞科元富9A購01,0,0,0,0,0,0,0,0,0,36000,0,0,0,106000,70000,36000,36000
056162,祥碩凱基97購03  ,0,0,0,0,0,0,0,0,0,36000,0,0,0,38000,2000,36000,36000
054773,台郡國票98購01  ,0,0,0,0,0,0,0,0,0,36000,0,0,0,76000,40000,36000,36000
057093,臻鼎元富98購02  ,0,0,0,0,0,0,0,0,0,36000,0,0,0,36000,0,36000,36000
060723,致新永豐9A購01  ,0,0,0,0,0,0,0,0,0,36000,0,0,0,108000,72000,36000,36000
06058P,玉晶光凱基97售04,0,0,0,0,0,0,0,0,0,36000,0,0,0,36000,0,36000,36000
060253,昇陽半元大9C購01,0,0,0,0,0,0,0,0,0,36000,0,0,0,267000,231000,36000,36000
058199,國巨康和99購01  ,0,0,0,0,0,0,0,0,0,36000,0,0,0,36000,0,36000,36000
058196,台塑中信99購01  ,0,0,0,0,0,0,0,0,0,36000,0,0,0,66000,30000,36000,36000
058800,健策元大99購03  ,0,0,0,0,0,0,0,0,0,36000,0,0,0,38000,2000,36000,36000
063225,茂林群益9B購04  ,0,0,0,0,0,0,0,0,0,36000,0,0,0,36000,0,36000,36000
063223,牧德群益9B購04  ,0,0,0,0,0,0,0,0,0,36000,0,0,0,100000,64000,36000,36000
062565,漢唐中信9C購01  ,0,0,0,0,0,0,0,0,0,36000,0,0,0,60000,24000,36000,36000
06168P,台表科國票97售06,0,0,0,0,0,0,0,0,0,36000,0,0,0,50000,14000,36000,36000
062442,華新科元大9C購02,0,0,0,0,0,0,0,0,0,36000,0,0,0,36000,0,36000,36000
07965P,玉晶光群益01售02,0,0,0,0,0,0,0,0,0,35000,0,0,0,50000,15000,35000,35000
08055P,臺股指國票9B售20,0,0,0,0,0,0,0,0,0,35000,0,0,0,35000,0,35000,35000
055620,樺漢國票98購01  ,0,0,0,0,0,0,0,0,0,35000,0,0,0,51000,16000,35000,35000
054467,隆達凱基97購01  ,0,0,0,0,0,0,0,0,0,35000,0,0,0,105000,70000,35000,35000
060146,健策國票9A購03  ,0,0,0,0,0,0,0,0,0,35000,0,0,0,42000,7000,35000,35000
057408,台郡群益98購01  ,0,0,0,0,0,0,0,0,0,35000,0,0,0,35000,0,35000,35000
054357,可成兆豐97購02  ,0,0,0,0,0,0,0,0,0,35000,0,0,0,80000,45000,35000,35000
054332,世芯永豐97購01  ,0,0,0,0,0,0,0,0,0,35000,0,0,0,156000,121000,35000,35000
053112,中磊兆豐97購01  ,0,0,0,0,0,0,0,0,0,35000,0,0,0,35000,0,35000,35000
050485,國巨統一96購01  ,0,0,0,0,0,0,0,0,0,35000,0,0,0,40000,5000,35000,35000
054111,緯穎凱基97購01  ,0,0,0,0,0,0,0,0,0,35000,0,0,0,56000,21000,35000,35000
059641,群創凱基99購06  ,0,0,0,0,0,0,0,0,0,35000,0,0,0,35000,0,35000,35000
059919,宏達電元大99購06,0,0,0,0,0,0,0,0,0,35000,0,0,0,59000,24000,35000,35000
059118,晶技永豐9A購01  ,0,0,0,0,0,0,0,0,0,35000,0,0,0,47000,12000,35000,35000
058132,義隆元大99購03  ,0,0,0,0,0,0,0,0,0,35000,0,0,0,45000,10000,35000,35000
060243,潤泰全元大9C購02,0,0,0,0,0,0,0,0,0,35000,0,0,0,135000,100000,35000,35000
058601,台積電元大99購10,0,0,0,0,0,0,0,0,0,35000,0,0,0,36000,1000,35000,35000
060678,聯詠元大9A購03  ,0,0,0,0,0,0,0,0,0,35000,0,0,0,63000,28000,35000,35000
060101,大立光元大99購31,0,0,0,0,0,0,0,0,0,35000,0,0,0,35000,0,35000,35000
062436,國巨元大9B購14  ,0,0,0,0,0,0,0,0,0,35000,0,0,0,35000,0,35000,35000
062452,A50正2群益01購04,0,0,0,0,0,0,0,0,0,35000,0,0,0,35000,0,35000,35000
062979,茂林元富9B購01  ,0,0,0,0,0,0,0,0,0,35000,0,0,0,95000,60000,35000,35000
061823,勤誠群益9B購01  ,0,0,0,0,0,0,0,0,0,35000,0,0,0,40000,5000,35000,35000
061599,元金反中信9C購01,0,0,0,0,0,0,0,0,0,35000,0,0,0,37000,2000,35000,35000
061569,旺宏元大9A購14  ,0,0,0,0,0,0,0,0,0,35000,0,0,0,56000,21000,35000,35000
061619,大立光群益9B購01,0,0,0,0,0,0,0,0,0,35000,0,0,0,178000,143000,35000,35000
061792,和大永豐9B購01  ,0,0,0,0,0,0,0,0,0,35000,0,0,0,35000,0,35000,35000
061002,瑞昱兆豐9B購01  ,0,0,0,0,0,0,0,0,0,35000,0,0,0,35000,0,35000,35000
061028,聚陽永豐9A購01  ,0,0,0,0,0,0,0,0,0,35000,0,0,0,97000,62000,35000,35000
062260,華新科元大9B購09,0,0,0,0,0,0,0,0,0,35000,0,0,0,35000,0,35000,35000
062223,大立光統一9C購04,0,0,0,0,0,0,0,0,0,35000,0,0,0,74000,39000,35000,35000
062631,奇力新國票9B購01,0,0,0,0,0,0,0,0,0,35000,0,0,0,83000,48000,35000,35000
062620,台表科元大9B購04,0,0,0,0,0,0,0,0,0,35000,0,0,0,119000,84000,35000,35000
062725,大立光凱基9B購06,0,0,0,0,0,0,0,0,0,35000,0,0,0,36000,1000,35000,35000
6024,群益期          ,55000,20541,34459,0,0,0,0,0,0,0,0,0,0,0,0,0,34459
9941,裕融            ,85000,60000,25000,0,0,0,0,0,0,9000,9000,0,9000,0,0,0,34000
3018,同開            ,38000,4000,34000,0,0,0,0,0,0,0,0,0,0,0,0,0,34000
063353,上銀元富9B購03  ,0,0,0,0,0,0,0,0,0,34000,0,0,0,41000,7000,34000,34000
063408,茂林國票9C購02  ,0,0,0,0,0,0,0,0,0,34000,0,0,0,42000,8000,34000,34000
063612,金像電群益9B購04,0,0,0,0,0,0,0,0,0,34000,0,0,0,44000,10000,34000,34000
00668,國泰美國道瓊    ,0,0,0,0,0,0,0,0,0,34000,0,0,0,73000,39000,34000,34000
059722,南亞科元大99購02,0,0,0,0,0,0,0,0,0,34000,0,0,0,44000,10000,34000,34000
058524,超眾元大99購04  ,0,0,0,0,0,0,0,0,0,34000,0,0,0,151000,117000,34000,34000
058049,帆宣元大98購01  ,0,0,0,0,0,0,0,0,0,34000,0,0,0,34000,0,34000,34000
058272,超眾永豐9A購01  ,0,0,0,0,0,0,0,0,0,34000,0,0,0,72000,38000,34000,34000
058799,晶技元大99購04  ,0,0,0,0,0,0,0,0,0,34000,0,0,0,36000,2000,34000,34000
062858,微星國票9B購01  ,0,0,0,0,0,0,0,0,0,34000,0,0,0,59000,25000,34000,34000
062506,巨大群益9C購01  ,0,0,0,0,0,0,0,0,0,34000,0,0,0,34000,0,34000,34000
062543,華通富邦9C購01  ,0,0,0,0,0,0,0,0,0,34000,0,0,0,303000,269000,34000,34000
062381,上銀國泰9C購01  ,0,0,0,0,0,0,0,0,0,34000,0,0,0,34000,0,34000,34000
061398,力成中信9A購01  ,0,0,0,0,0,0,0,0,0,34000,0,0,0,89000,55000,34000,34000
060978,國巨元大9A購13  ,0,0,0,0,0,0,0,0,0,34000,0,0,0,62000,28000,34000,34000
061132,志超永豐9A購01  ,0,0,0,0,0,0,0,0,0,34000,0,0,0,195000,161000,34000,34000
061502,嘉澤國票9A購02  ,0,0,0,0,0,0,0,0,0,34000,0,0,0,45000,11000,34000,34000
061363,儒鴻國票9B購01  ,0,0,0,0,0,0,0,0,0,34000,0,0,0,38000,4000,34000,34000
063507,奇鋐群益9B購02  ,0,0,0,0,0,0,0,0,0,34000,0,0,0,125000,91000,34000,34000
061871,瑞昱元大9B購01  ,0,0,0,0,0,0,0,0,0,34000,0,0,0,75000,41000,34000,34000
063001,巨大國票9B購01  ,0,0,0,0,0,0,0,0,0,34000,0,0,0,52000,18000,34000,34000
3515,華擎            ,396000,366572,29428,0,0,0,81000,0,81000,-77000,10000,36000,-26000,10000,61000,-51000,33428
6558,興能高          ,266000,229000,37000,0,0,0,0,0,0,-4000,0,4000,-4000,0,0,0,33000
063601,金像電凱基01購01,0,0,0,0,0,0,0,0,0,33000,0,0,0,43000,10000,33000,33000
063686,國巨永豐9B購04  ,0,0,0,0,0,0,0,0,0,33000,0,0,0,33000,0,33000,33000
047004,台積電統一99購01,0,0,0,0,0,0,0,0,0,33000,0,0,0,33000,0,33000,33000
052700,奇鋐國票97購02  ,0,0,0,0,0,0,0,0,0,33000,0,0,0,267000,234000,33000,33000
055788,緯穎凱基97購04  ,0,0,0,0,0,0,0,0,0,33000,0,0,0,52000,19000,33000,33000
055803,鎧勝永豐97購01  ,0,0,0,0,0,0,0,0,0,33000,0,0,0,43000,10000,33000,33000
056170,鴻海元富97購09  ,0,0,0,0,0,0,0,0,0,33000,0,0,0,33000,0,33000,33000
055652,聯詠元富01購01  ,0,0,0,0,0,0,0,0,0,33000,0,0,0,50000,17000,33000,33000
056002,嘉晶永豐97購01  ,0,0,0,0,0,0,0,0,0,33000,0,0,0,81000,48000,33000,33000
056004,南電永豐97購02  ,0,0,0,0,0,0,0,0,0,33000,0,0,0,65000,32000,33000,33000
058796,可成元大99購04  ,0,0,0,0,0,0,0,0,0,33000,0,0,0,43000,10000,33000,33000
059950,百和永豐99購02  ,0,0,0,0,0,0,0,0,0,33000,0,0,0,33000,0,33000,33000
058632,世紀鋼國票9A購01,0,0,0,0,0,0,0,0,0,33000,0,0,0,33000,0,33000,33000
057119,微星康和98購01  ,0,0,0,0,0,0,0,0,0,33000,0,0,0,83000,50000,33000,33000
057284,新日興元大98購03,0,0,0,0,0,0,0,0,0,33000,0,0,0,173000,140000,33000,33000
057779,禾伸堂群益98購02,0,0,0,0,0,0,0,0,0,33000,0,0,0,47000,14000,33000,33000
058707,泰鼎元大99購02  ,0,0,0,0,0,0,0,0,0,33000,0,0,0,37000,4000,33000,33000
058711,鴻海統一9A購02  ,0,0,0,0,0,0,0,0,0,33000,0,0,0,43000,10000,33000,33000
057835,華擎元富9B購01  ,0,0,0,0,0,0,0,0,0,33000,0,0,0,107000,74000,33000,33000
061868,旺宏元大9B購03  ,0,0,0,0,0,0,0,0,0,33000,0,0,0,78000,45000,33000,33000
060922,金像電永豐9A購01,0,0,0,0,0,0,0,0,0,33000,0,0,0,48000,15000,33000,33000
060848,聯茂國票9A購02  ,0,0,0,0,0,0,0,0,0,33000,0,0,0,68000,35000,33000,33000
062800,奇力新統一01購02,0,0,0,0,0,0,0,0,0,33000,0,0,0,68000,35000,33000,33000
062670,瑞昱中信03購01  ,0,0,0,0,0,0,0,0,0,33000,0,0,0,84000,51000,33000,33000
063229,台表科群益9B購04,0,0,0,0,0,0,0,0,0,33000,0,0,0,84000,51000,33000,33000
063194,華新科台新9B購01,0,0,0,0,0,0,0,0,0,33000,0,0,0,33000,0,33000,33000
063691,聯鈞永豐9B購01  ,0,0,0,0,0,0,0,0,0,32000,0,0,0,179000,147000,32000,32000
07312P,台灣50元大99售10,0,0,0,0,0,0,0,0,0,32000,0,0,0,45000,13000,32000,32000
07855P,旺宏凱基9A售09  ,0,0,0,0,0,0,0,0,0,32000,0,0,0,91000,59000,32000,32000
8462,柏文            ,54000,19000,35000,0,0,0,0,0,0,-3000,0,0,0,0,3000,-3000,32000
2841,台開            ,208000,178000,30000,0,0,0,0,0,0,2000,2000,0,2000,0,0,0,32000
1702,南僑            ,77000,46000,31000,0,0,0,0,0,0,1000,1000,0,1000,0,0,0,32000
1810,和成            ,36000,5000,31000,0,0,0,0,0,0,1000,1000,0,1000,0,0,0,32000
056095,臻鼎元富9A購01  ,0,0,0,0,0,0,0,0,0,32000,0,0,0,32000,0,32000,32000
055032,億光富邦99購01  ,0,0,0,0,0,0,0,0,0,32000,0,0,0,69000,37000,32000,32000
054425,聯發科富邦99購03,0,0,0,0,0,0,0,0,0,32000,0,0,0,32000,0,32000,32000
055809,T50反1國票98購02,0,0,0,0,0,0,0,0,0,32000,0,0,0,32000,0,32000,32000
060170,世紀鋼永豐9A購01,0,0,0,0,0,0,0,0,0,32000,0,0,0,42000,10000,32000,32000
052703,貿聯國票97購01  ,0,0,0,0,0,0,0,0,0,32000,0,0,0,70000,38000,32000,32000
052729,國巨國泰97購03  ,0,0,0,0,0,0,0,0,0,32000,0,0,0,32000,0,32000,32000
053496,義隆兆豐96購02  ,0,0,0,0,0,0,0,0,0,32000,0,0,0,32000,0,32000,32000
055507,樺漢元大98購02  ,0,0,0,0,0,0,0,0,0,32000,0,0,0,32000,0,32000,32000
00663L,國泰臺灣加權正2 ,6000,0,6000,0,0,0,0,0,0,26000,0,0,0,45000,19000,26000,32000
057333,智邦國票99購01  ,0,0,0,0,0,0,0,0,0,32000,0,0,0,32000,0,32000,32000
057341,技嘉台新98購01  ,0,0,0,0,0,0,0,0,0,32000,0,0,0,32000,0,32000,32000
057121,立積康和98購01  ,0,0,0,0,0,0,0,0,0,32000,0,0,0,32000,0,32000,32000
058147,鈺齊元大99購01  ,0,0,0,0,0,0,0,0,0,32000,0,0,0,32000,0,32000,32000
059117,禾伸堂永豐99購01,0,0,0,0,0,0,0,0,0,32000,0,0,0,32000,0,32000,32000
059086,國巨元大99購18  ,0,0,0,0,0,0,0,0,0,32000,0,0,0,140000,108000,32000,32000
063241,聯發科元大9B購18,0,0,0,0,0,0,0,0,0,32000,0,0,0,68000,36000,32000,32000
063081,技嘉凱基9B購02  ,0,0,0,0,0,0,0,0,0,32000,0,0,0,32000,0,32000,32000
062659,台灣50群益9B購10,0,0,0,0,0,0,0,0,0,32000,0,0,0,32000,0,32000,32000
062473,同欣電凱基9B購01,0,0,0,0,0,0,0,0,0,32000,0,0,0,46000,14000,32000,32000
062499,鴻海群益01購01  ,0,0,0,0,0,0,0,0,0,32000,0,0,0,38000,6000,32000,32000
061057,華新科國票9A購04,0,0,0,0,0,0,0,0,0,32000,0,0,0,32000,0,32000,32000
061074,儒鴻兆豐9B購01  ,0,0,0,0,0,0,0,0,0,32000,0,0,0,82000,50000,32000,32000
061881,緯穎元大9B購02  ,0,0,0,0,0,0,0,0,0,32000,0,0,0,32000,0,32000,32000
063544,華新科台新9B購02,0,0,0,0,0,0,0,0,0,32000,0,0,0,52000,20000,32000,32000
061553,南電群益9A購03  ,0,0,0,0,0,0,0,0,0,32000,0,0,0,82000,50000,32000,32000
2013,中鋼構          ,44000,14000,30000,0,0,0,0,0,0,1000,1000,0,1000,0,0,0,31000
2538,基泰            ,50000,20000,30000,0,0,0,0,0,0,1000,1000,0,1000,0,0,0,31000
047690,美律富邦97購01  ,0,0,0,0,0,0,0,0,0,31000,0,0,0,31000,0,31000,31000
050196,嘉聯益元大97購01,0,0,0,0,0,0,0,0,0,31000,0,0,0,31000,0,31000,31000
052677,景碩富邦97購01  ,0,0,0,0,0,0,0,0,0,31000,0,0,0,31000,0,31000,31000
055804,祥碩永豐97購02  ,0,0,0,0,0,0,0,0,0,31000,0,0,0,92000,61000,31000,31000
056769,國產元大98購01  ,0,0,0,0,0,0,0,0,0,31000,0,0,0,139000,108000,31000,31000
055590,聯發科元大98購02,0,0,0,0,0,0,0,0,0,31000,0,0,0,41000,10000,31000,31000
059018,滬深2X統一9A購01,0,0,0,0,0,0,0,0,0,31000,0,0,0,31000,0,31000,31000
058238,奇鋐元大99購02  ,0,0,0,0,0,0,0,0,0,31000,0,0,0,123000,92000,31000,31000
058011,台虹國票99購01  ,0,0,0,0,0,0,0,0,0,31000,0,0,0,31000,0,31000,31000
057823,神達元大98購01  ,0,0,0,0,0,0,0,0,0,31000,0,0,0,31000,0,31000,31000
056962,技嘉永豐98購01  ,0,0,0,0,0,0,0,0,0,31000,0,0,0,67000,36000,31000,31000
060759,南亞科元大9A購03,0,0,0,0,0,0,0,0,0,31000,0,0,0,99000,68000,31000,31000
060760,南亞科元大9A購04,0,0,0,0,0,0,0,0,0,31000,0,0,0,112000,81000,31000,31000
060452,儒鴻元大9A購01  ,0,0,0,0,0,0,0,0,0,31000,0,0,0,41000,10000,31000,31000
061524,華通凱基9A購07  ,0,0,0,0,0,0,0,0,0,31000,0,0,0,47000,16000,31000,31000
060856,健策富邦9B購02  ,0,0,0,0,0,0,0,0,0,31000,0,0,0,44000,13000,31000,31000
062371,健策元大9B購08  ,0,0,0,0,0,0,0,0,0,31000,0,0,0,67000,36000,31000,31000
061430,致新元大9A購01  ,0,0,0,0,0,0,0,0,0,31000,0,0,0,33000,2000,31000,31000
061958,鴻海統一01購01  ,0,0,0,0,0,0,0,0,0,31000,0,0,0,35000,4000,31000,31000
062876,全新兆豐9B購01  ,0,0,0,0,0,0,0,0,0,31000,0,0,0,41000,10000,31000,31000
063160,牧德富邦9C購02  ,0,0,0,0,0,0,0,0,0,31000,0,0,0,31000,0,31000,31000
3027,盛達            ,112000,80000,32000,0,0,0,0,0,0,-2000,0,2000,-2000,0,0,0,30000
08027P,嘉晶元大9B售03  ,0,0,0,0,0,0,0,0,0,30000,0,0,0,69000,39000,30000,30000
08093P,英業達元富9B售02,0,0,0,0,0,0,0,0,0,30000,0,0,0,106000,76000,30000,30000
1210,大成            ,295000,401000,-106000,0,0,0,0,0,0,136000,136000,0,136000,0,0,0,30000
07926P,上銀統一9B售02  ,0,0,0,0,0,0,0,0,0,30000,0,0,0,30000,0,30000,30000
07377P,聯發科元大99售40,0,0,0,0,0,0,0,0,0,30000,0,0,0,30000,0,30000,30000
07425P,台灣50國票9A售10,0,0,0,0,0,0,0,0,0,30000,0,0,0,30000,0,30000,30000
063305,亞光凱基9B購01  ,0,0,0,0,0,0,0,0,0,30000,0,0,0,470000,440000,30000,30000
056643,奇力新凱基99購01,0,0,0,0,0,0,0,0,0,30000,0,0,0,30000,0,30000,30000
056657,華邦電元大99購01,0,0,0,0,0,0,0,0,0,30000,0,0,0,103000,73000,30000,30000
055054,群光永豐97購01  ,0,0,0,0,0,0,0,0,0,30000,0,0,0,30000,0,30000,30000
054900,金寶康和97購01  ,0,0,0,0,0,0,0,0,0,30000,0,0,0,30000,0,30000,30000
054859,鴻海群益97購02  ,0,0,0,0,0,0,0,0,0,30000,0,0,0,30000,0,30000,30000
056680,華通統一98購04  ,0,0,0,0,0,0,0,0,0,30000,0,0,0,30000,0,30000,30000
056209,超眾永豐97購02  ,0,0,0,0,0,0,0,0,0,30000,0,0,0,140000,110000,30000,30000
060161,牧德永豐9A購02  ,0,0,0,0,0,0,0,0,0,30000,0,0,0,70000,40000,30000,30000
059253,康控凱基9B購02  ,0,0,0,0,0,0,0,0,0,30000,0,0,0,104000,74000,30000,30000
059213,國巨元大99購19  ,0,0,0,0,0,0,0,0,0,30000,0,0,0,48000,18000,30000,30000
054580,樺漢元大98購01  ,0,0,0,0,0,0,0,0,0,30000,0,0,0,30000,0,30000,30000
057421,智原凱基98購04  ,0,0,0,0,0,0,0,0,0,30000,0,0,0,40000,10000,30000,30000
054411,光磊元大97購02  ,0,0,0,0,0,0,0,0,0,30000,0,0,0,30000,0,30000,30000
054309,禾伸堂凱基98購01,0,0,0,0,0,0,0,0,0,30000,0,0,0,30000,0,30000,30000
053231,奇力新康和96購01,0,0,0,0,0,0,0,0,0,30000,0,0,0,30000,0,30000,30000
053193,超眾統一97購01  ,0,0,0,0,0,0,0,0,0,30000,0,0,0,30000,0,30000,30000
053694,創意元大96購03  ,0,0,0,0,0,0,0,0,0,30000,0,0,0,175000,145000,30000,30000
056414,國巨中信98購02  ,0,0,0,0,0,0,0,0,0,30000,0,0,0,50000,20000,30000,30000
052940,玉晶光兆豐97購01,0,0,0,0,0,0,0,0,0,30000,0,0,0,30000,0,30000,30000
052969,建準群益97購01  ,0,0,0,0,0,0,0,0,0,30000,0,0,0,30000,0,30000,30000
052856,滬深2X凱基98購01,0,0,0,0,0,0,0,0,0,30000,0,0,0,30000,0,30000,30000
053863,聯發科元大96購18,0,0,0,0,0,0,0,0,0,30000,0,0,0,160000,130000,30000,30000
050570,聯發科中信97購02,0,0,0,0,0,0,0,0,0,30000,0,0,0,30000,0,30000,30000
053971,聯發科元大97購09,0,0,0,0,0,0,0,0,0,30000,0,0,0,30000,0,30000,30000
052133,華邦電凱基9B購01,0,0,0,0,0,0,0,0,0,30000,0,0,0,40000,10000,30000,30000
052104,英業達兆豐96購01,0,0,0,0,0,0,0,0,0,30000,0,0,0,40000,10000,30000,30000
051449,玉晶光元大96購01,0,0,0,0,0,0,0,0,0,30000,0,0,0,35000,5000,30000,30000
051688,大立光凱基97購02,0,0,0,0,0,0,0,0,0,30000,0,0,0,40000,10000,30000,30000
051902,T50反1元大97購01,0,0,0,0,0,0,0,0,0,30000,0,0,0,40000,10000,30000,30000
060419,漢翔永豐9A購01  ,0,0,0,0,0,0,0,0,0,30000,0,0,0,30000,0,30000,30000
060515,臺股指元大9B購12,0,0,0,0,0,0,0,0,0,30000,0,0,0,30000,0,30000,30000
056953,智邦富邦98購02  ,0,0,0,0,0,0,0,0,0,30000,0,0,0,30000,0,30000,30000
056927,T50反1台新02購01,0,0,0,0,0,0,0,0,0,30000,0,0,0,30000,0,30000,30000
057927,勤誠凱基98購01  ,0,0,0,0,0,0,0,0,0,30000,0,0,0,30000,0,30000,30000
05711P,茂林國票97售03  ,0,0,0,0,0,0,0,0,0,30000,0,0,0,60000,30000,30000,30000
057002,友達國票98購01  ,0,0,0,0,0,0,0,0,0,30000,0,0,0,30000,0,30000,30000
057239,貿聯凱基98購05  ,0,0,0,0,0,0,0,0,0,30000,0,0,0,30000,0,30000,30000
057708,臺股指群益98購08,0,0,0,0,0,0,0,0,0,30000,0,0,0,30000,0,30000,30000
060109,茂林元大99購05  ,0,0,0,0,0,0,0,0,0,30000,0,0,0,30000,0,30000,30000
06005P,晶豪科永豐96售04,0,0,0,0,0,0,0,0,0,30000,0,0,0,30000,0,30000,30000
058267,奇鋐永豐99購01  ,0,0,0,0,0,0,0,0,0,30000,0,0,0,74000,44000,30000,30000
058310,大立光元大99購10,0,0,0,0,0,0,0,0,0,30000,0,0,0,30000,0,30000,30000
058342,鴻海群益9A購01  ,0,0,0,0,0,0,0,0,0,30000,0,0,0,80000,50000,30000,30000
059262,致茂中信01購01  ,0,0,0,0,0,0,0,0,0,30000,0,0,0,30000,0,30000,30000
059352,台灣50富邦01購01,0,0,0,0,0,0,0,0,0,30000,0,0,0,30000,0,30000,30000
059109,台積電富邦9C購03,0,0,0,0,0,0,0,0,0,30000,0,0,0,30000,0,30000,30000
058960,臺股指國票99購05,0,0,0,0,0,0,0,0,0,30000,0,0,0,30000,0,30000,30000
059912,國巨元大99購28  ,0,0,0,0,0,0,0,0,0,30000,0,0,0,32000,2000,30000,30000
058839,瑞儀中信99購02  ,0,0,0,0,0,0,0,0,0,30000,0,0,0,46000,16000,30000,30000
063167,同欣電永豐9B購03,0,0,0,0,0,0,0,0,0,30000,0,0,0,45000,15000,30000,30000
063089,巨大凱基9C購01  ,0,0,0,0,0,0,0,0,0,30000,0,0,0,40000,10000,30000,30000
063185,聯發科凱基9C購03,0,0,0,0,0,0,0,0,0,30000,0,0,0,30000,0,30000,30000
062641,瀚宇博國票9B購01,0,0,0,0,0,0,0,0,0,30000,0,0,0,30000,0,30000,30000
061974,光寶科元大9B購01,0,0,0,0,0,0,0,0,0,30000,0,0,0,130000,100000,30000,30000
062045,崇越凱基9B購01  ,0,0,0,0,0,0,0,0,0,30000,0,0,0,30000,0,30000,30000
062070,金寶元大9B購01  ,0,0,0,0,0,0,0,0,0,30000,0,0,0,30000,0,30000,30000
062375,祥碩元大9B購03  ,0,0,0,0,0,0,0,0,0,30000,0,0,0,31000,1000,30000,30000
062262,茂林元大9B購02  ,0,0,0,0,0,0,0,0,0,30000,0,0,0,45000,15000,30000,30000
062357,國巨元大9B購11  ,0,0,0,0,0,0,0,0,0,30000,0,0,0,30000,0,30000,30000
060819,國巨統一9C購04  ,0,0,0,0,0,0,0,0,0,30000,0,0,0,30000,0,30000,30000
061072,南電凱基9B購01  ,0,0,0,0,0,0,0,0,0,30000,0,0,0,30000,0,30000,30000
061107,世芯元大9A購05  ,0,0,0,0,0,0,0,0,0,30000,0,0,0,40000,10000,30000,30000
061086,FBVIX統一01購01 ,0,0,0,0,0,0,0,0,0,30000,0,0,0,30000,0,30000,30000
061202,和大元大9A購02  ,0,0,0,0,0,0,0,0,0,30000,0,0,0,125000,95000,30000,30000
061482,健策元大9C購01  ,0,0,0,0,0,0,0,0,0,30000,0,0,0,62000,32000,30000,30000
061875,華新科元大9B購03,0,0,0,0,0,0,0,0,0,30000,0,0,0,30000,0,30000,30000
061293,聯茂統一9A購01  ,0,0,0,0,0,0,0,0,0,30000,0,0,0,79000,49000,30000,30000
07415P,台積電元大99售52,0,0,0,0,0,0,0,0,0,29000,0,0,0,30000,1000,29000,29000
1783,和康生          ,111000,82000,29000,0,0,0,0,0,0,0,0,0,0,0,0,0,29000
1730,花仙子          ,123000,94000,29000,0,0,0,0,0,0,0,0,0,0,0,0,0,29000
8482,商億-KY         ,31000,2000,29000,0,0,0,0,0,0,0,0,0,0,0,0,0,29000
4916,事欣科          ,38000,9000,29000,0,0,0,0,0,0,0,0,0,0,0,0,0,29000
054210,台光電國票97購03,0,0,0,0,0,0,0,0,0,29000,0,0,0,29000,0,29000,29000
060134,鈺齊群益9A購01  ,0,0,0,0,0,0,0,0,0,29000,0,0,0,29000,0,29000,29000
056715,瀚宇博永豐98購01,0,0,0,0,0,0,0,0,0,29000,0,0,0,56000,27000,29000,29000
057589,超眾國票9A購01  ,0,0,0,0,0,0,0,0,0,29000,0,0,0,120000,91000,29000,29000
059990,健策元大9A購01  ,0,0,0,0,0,0,0,0,0,29000,0,0,0,41000,12000,29000,29000
058979,上銀凱基99購04  ,0,0,0,0,0,0,0,0,0,29000,0,0,0,29000,0,29000,29000
058947,SGBR2X群益9B購02,0,0,0,0,0,0,0,0,0,29000,0,0,0,39000,10000,29000,29000
059120,致伸永豐99購01  ,0,0,0,0,0,0,0,0,0,29000,0,0,0,120000,91000,29000,29000
05916P,聯發科元大96售20,0,0,0,0,0,0,0,0,0,29000,0,0,0,50000,21000,29000,29000
060249,正文元大9C購01  ,0,0,0,0,0,0,0,0,0,29000,0,0,0,40000,11000,29000,29000
058264,瑞昱永豐99購01  ,0,0,0,0,0,0,0,0,0,29000,0,0,0,29000,0,29000,29000
057147,新日興國票99購01,0,0,0,0,0,0,0,0,0,29000,0,0,0,38000,9000,29000,29000
06886P,旺宏元大99售07  ,0,0,0,0,0,0,0,0,0,29000,0,0,0,53000,24000,29000,29000
057834,聯發科元富02購07,0,0,0,0,0,0,0,0,0,29000,0,0,0,31000,2000,29000,29000
062448,健策元大9C購04  ,0,0,0,0,0,0,0,0,0,29000,0,0,0,122000,93000,29000,29000
063499,金像電永豐9B購03,0,0,0,0,0,0,0,0,0,29000,0,0,0,100000,71000,29000,29000
061134,大成鋼統一9C購01,0,0,0,0,0,0,0,0,0,29000,0,0,0,55000,26000,29000,29000
061027,儒鴻永豐9A購02  ,0,0,0,0,0,0,0,0,0,29000,0,0,0,30000,1000,29000,29000
060280,元金2X元大9A購01,0,0,0,0,0,0,0,0,0,29000,0,0,0,29000,0,29000,29000
060293,緯創元大9A購01  ,0,0,0,0,0,0,0,0,0,29000,0,0,0,155000,126000,29000,29000
061746,國巨統一9C購07  ,0,0,0,0,0,0,0,0,0,29000,0,0,0,29000,0,29000,29000
062868,葡萄王中信9B購01,0,0,0,0,0,0,0,0,0,29000,0,0,0,29000,0,29000,29000
06322P,超眾統一97售04  ,0,0,0,0,0,0,0,0,0,29000,0,0,0,31000,2000,29000,29000
063158,瑞昱台新9B購02  ,0,0,0,0,0,0,0,0,0,29000,0,0,0,64000,35000,29000,29000
6120,達運            ,123000,96000,27000,0,0,0,0,0,0,1000,1000,0,1000,0,0,0,28000
6215,和椿            ,30000,2000,28000,0,0,0,0,0,0,0,0,0,0,0,0,0,28000
3712,永崴投控        ,52000,25000,27000,0,0,0,0,0,0,1000,1000,0,1000,0,0,0,28000
063451,漢翔統一9C購01  ,0,0,0,0,0,0,0,0,0,28000,0,0,0,28000,0,28000,28000
056093,大毅元富97購01  ,0,0,0,0,0,0,0,0,0,28000,0,0,0,28000,0,28000,28000
054588,玉晶光國泰99購02,0,0,0,0,0,0,0,0,0,28000,0,0,0,28000,0,28000,28000
055034,建準富邦99購01  ,0,0,0,0,0,0,0,0,0,28000,0,0,0,31000,3000,28000,28000
055844,大毅元大98購01  ,0,0,0,0,0,0,0,0,0,28000,0,0,0,37000,9000,28000,28000
058396,力山元大99購01  ,0,0,0,0,0,0,0,0,0,28000,0,0,0,28000,0,28000,28000
054080,微星中信98購01  ,0,0,0,0,0,0,0,0,0,28000,0,0,0,48000,20000,28000,28000
054064,台郡國票97購04  ,0,0,0,0,0,0,0,0,0,28000,0,0,0,110000,82000,28000,28000
057895,全新元富9B購01  ,0,0,0,0,0,0,0,0,0,28000,0,0,0,57000,29000,28000,28000
057888,貿聯群益98購02  ,0,0,0,0,0,0,0,0,0,28000,0,0,0,30000,2000,28000,28000
060744,鴻海國票9A購04  ,0,0,0,0,0,0,0,0,0,28000,0,0,0,135000,107000,28000,28000
057335,技嘉國票99購01  ,0,0,0,0,0,0,0,0,0,28000,0,0,0,171000,143000,28000,28000
059756,奇力新富邦9C購01,0,0,0,0,0,0,0,0,0,28000,0,0,0,28000,0,28000,28000
059771,台積電群益99購11,0,0,0,0,0,0,0,0,0,28000,0,0,0,38000,10000,28000,28000
059143,國巨國票9A購04  ,0,0,0,0,0,0,0,0,0,28000,0,0,0,66000,38000,28000,28000
057570,技嘉永豐98購02  ,0,0,0,0,0,0,0,0,0,28000,0,0,0,128000,100000,28000,28000
063046,聯發科兆豐9C購01,0,0,0,0,0,0,0,0,0,28000,0,0,0,28000,0,28000,28000
061972,華新元大9B購01  ,0,0,0,0,0,0,0,0,0,28000,0,0,0,68000,40000,28000,28000
061988,大立光元大9B購04,0,0,0,0,0,0,0,0,0,28000,0,0,0,28000,0,28000,28000
061431,鈺齊元大9A購01  ,0,0,0,0,0,0,0,0,0,28000,0,0,0,38000,10000,28000,28000
061424,華新科元大9A購18,0,0,0,0,0,0,0,0,0,28000,0,0,0,28000,0,28000,28000
060912,華新科元大9A購10,0,0,0,0,0,0,0,0,0,28000,0,0,0,34000,6000,28000,28000
060940,國巨國票9B購03  ,0,0,0,0,0,0,0,0,0,28000,0,0,0,29000,1000,28000,28000
061341,華新科元大9A購16,0,0,0,0,0,0,0,0,0,28000,0,0,0,28000,0,28000,28000
061355,康友元大9A購03  ,0,0,0,0,0,0,0,0,0,28000,0,0,0,31000,3000,28000,28000
061859,勤誠國票9B購01  ,0,0,0,0,0,0,0,0,0,28000,0,0,0,28000,0,28000,28000
060355,元金2X元富9C購01,0,0,0,0,0,0,0,0,0,28000,0,0,0,41000,13000,28000,28000
063385,可成中信9C購01  ,0,0,0,0,0,0,0,0,0,27000,0,0,0,57000,30000,27000,27000
051946,健策統一98購01  ,0,0,0,0,0,0,0,0,0,27000,0,0,0,32000,5000,27000,27000
049700,瀚宇博元大97購01,0,0,0,0,0,0,0,0,0,27000,0,0,0,91000,64000,27000,27000
055382,台郡元大99購01  ,0,0,0,0,0,0,0,0,0,27000,0,0,0,27000,0,27000,27000
056506,晶豪科永豐98購02,0,0,0,0,0,0,0,0,0,27000,0,0,0,57000,30000,27000,27000
054756,世紀鋼凱基99購01,0,0,0,0,0,0,0,0,0,27000,0,0,0,107000,80000,27000,27000
055667,致茂群益98購01  ,0,0,0,0,0,0,0,0,0,27000,0,0,0,27000,0,27000,27000
054642,訊芯中信9A購01  ,0,0,0,0,0,0,0,0,0,27000,0,0,0,30000,3000,27000,27000
057611,技嘉元富98購02  ,0,0,0,0,0,0,0,0,0,27000,0,0,0,37000,10000,27000,27000
059959,訊芯康和99購01  ,0,0,0,0,0,0,0,0,0,27000,0,0,0,98000,71000,27000,27000
059056,技嘉凱基99購02  ,0,0,0,0,0,0,0,0,0,27000,0,0,0,27000,0,27000,27000
05907P,聯發科元富96售05,0,0,0,0,0,0,0,0,0,27000,0,0,0,27000,0,27000,27000
058164,FBVIX凱基03購02 ,0,0,0,0,0,0,0,0,0,27000,0,0,0,27000,0,27000,27000
057699,可成群益9A購02  ,0,0,0,0,0,0,0,0,0,27000,0,0,0,38000,11000,27000,27000
059727,大立光元大9A購01,0,0,0,0,0,0,0,0,0,27000,0,0,0,27000,0,27000,27000
057928,鈺齊凱基98購02  ,0,0,0,0,0,0,0,0,0,27000,0,0,0,47000,20000,27000,27000
061464,瑞昱群益9A購01  ,0,0,0,0,0,0,0,0,0,27000,0,0,0,45000,18000,27000,27000
061568,國巨元大9A購25  ,0,0,0,0,0,0,0,0,0,27000,0,0,0,110000,83000,27000,27000
061611,南六統一01購01  ,0,0,0,0,0,0,0,0,0,27000,0,0,0,107000,80000,27000,27000
060876,國巨中信9A購04  ,0,0,0,0,0,0,0,0,0,27000,0,0,0,27000,0,27000,27000
062787,超眾元大9C購02  ,0,0,0,0,0,0,0,0,0,27000,0,0,0,47000,20000,27000,27000
063401,中租群益9B購03  ,0,0,0,0,0,0,0,0,0,26000,0,0,0,76000,50000,26000,26000
063663,台光電統一9C購01,0,0,0,0,0,0,0,0,0,26000,0,0,0,120000,94000,26000,26000
07134P,臺股指元大9A售28,0,0,0,0,0,0,0,0,0,26000,0,0,0,30000,4000,26000,26000
3356,奇偶            ,55000,30000,25000,0,0,0,0,0,0,1000,1000,0,1000,0,0,0,26000
2527,宏璟            ,23000,1000,22000,0,0,0,0,0,0,4000,4000,0,4000,0,0,0,26000
6283,淳安            ,174000,148000,26000,0,0,0,0,0,0,0,0,0,0,0,0,0,26000
5225,東科-KY         ,33000,7000,26000,0,0,0,0,0,0,0,0,0,0,0,0,0,26000
1612,宏泰            ,33000,7000,26000,0,0,0,0,0,0,0,0,0,0,0,0,0,26000
055917,禾伸堂凱基98購02,0,0,0,0,0,0,0,0,0,26000,0,0,0,26000,0,26000,26000
056484,聯茂元大98購02  ,0,0,0,0,0,0,0,0,0,26000,0,0,0,36000,10000,26000,26000
052424,泰碩國票97購01  ,0,0,0,0,0,0,0,0,0,26000,0,0,0,312000,286000,26000,26000
050400,臻鼎中信97購01  ,0,0,0,0,0,0,0,0,0,26000,0,0,0,26000,0,26000,26000
057062,立積國泰99購01  ,0,0,0,0,0,0,0,0,0,26000,0,0,0,41000,15000,26000,26000
058012,鈺齊國票99購01  ,0,0,0,0,0,0,0,0,0,26000,0,0,0,64000,38000,26000,26000
057536,康控元大99購03  ,0,0,0,0,0,0,0,0,0,26000,0,0,0,79000,53000,26000,26000
059945,嘉澤永豐99購03  ,0,0,0,0,0,0,0,0,0,26000,0,0,0,26000,0,26000,26000
057600,大立光群益99購03,0,0,0,0,0,0,0,0,0,26000,0,0,0,26000,0,26000,26000
062810,華通兆豐9B購02  ,0,0,0,0,0,0,0,0,0,26000,0,0,0,136000,110000,26000,26000
063068,聯發科國泰01購03,0,0,0,0,0,0,0,0,0,26000,0,0,0,39000,13000,26000,26000
063155,緯穎元富9B購03  ,0,0,0,0,0,0,0,0,0,26000,0,0,0,26000,0,26000,26000
063269,儒鴻兆豐9C購01  ,0,0,0,0,0,0,0,0,0,26000,0,0,0,26000,0,26000,26000
061983,華新科元大9B購04,0,0,0,0,0,0,0,0,0,26000,0,0,0,26000,0,26000,26000
062512,美食國票9B購01  ,0,0,0,0,0,0,0,0,0,26000,0,0,0,84000,58000,26000,26000
061618,友達群益9A購04  ,0,0,0,0,0,0,0,0,0,26000,0,0,0,58000,32000,26000,26000
061077,國巨兆豐9B購01  ,0,0,0,0,0,0,0,0,0,26000,0,0,0,204000,178000,26000,26000
061454,國巨凱基9A購16  ,0,0,0,0,0,0,0,0,0,26000,0,0,0,26000,0,26000,26000
061837,華新科凱基05購02,0,0,0,0,0,0,0,0,0,26000,0,0,0,30000,4000,26000,26000
6282,康舒            ,249000,252000,-3000,0,0,0,0,0,0,28000,0,4000,-4000,40000,8000,32000,25000
07100P,華航元大99售01  ,0,0,0,0,0,0,0,0,0,25000,0,0,0,25000,0,25000,25000
07077P,緯穎凱基99售01  ,0,0,0,0,0,0,0,0,0,25000,0,0,0,25000,0,25000,25000
07761P,智邦永豐9A售03  ,0,0,0,0,0,0,0,0,0,25000,0,0,0,25000,0,25000,25000
063467,大立光元大9C購06,0,0,0,0,0,0,0,0,0,25000,0,0,0,60000,35000,25000,25000
06619P,聯發科元大98售06,0,0,0,0,0,0,0,0,0,25000,0,0,0,620000,595000,25000,25000
049272,世紀鋼元大96購02,0,0,0,0,0,0,0,0,0,25000,0,0,0,25000,0,25000,25000
053767,臻鼎富邦97購02  ,0,0,0,0,0,0,0,0,0,25000,0,0,0,25000,0,25000,25000
053638,信邦永豐96購01  ,0,0,0,0,0,0,0,0,0,25000,0,0,0,25000,0,25000,25000
053641,正文永豐96購01  ,0,0,0,0,0,0,0,0,0,25000,0,0,0,25000,0,25000,25000
052981,鴻海元大97購05  ,0,0,0,0,0,0,0,0,0,25000,0,0,0,25000,0,25000,25000
053923,亞光國票97購01  ,0,0,0,0,0,0,0,0,0,25000,0,0,0,25000,0,25000,25000
053868,群創元大99購02  ,0,0,0,0,0,0,0,0,0,25000,0,0,0,25000,0,25000,25000
056133,可成元大97購05  ,0,0,0,0,0,0,0,0,0,25000,0,0,0,32000,7000,25000,25000
056366,玉晶光元大99購04,0,0,0,0,0,0,0,0,0,25000,0,0,0,52000,27000,25000,25000
058375,群創凱基9B購04  ,0,0,0,0,0,0,0,0,0,25000,0,0,0,75000,50000,25000,25000
054579,聯茂元大97購01  ,0,0,0,0,0,0,0,0,0,25000,0,0,0,25000,0,25000,25000
060128,健策永豐99購06  ,0,0,0,0,0,0,0,0,0,25000,0,0,0,39000,14000,25000,25000
059197,可成永豐99購02  ,0,0,0,0,0,0,0,0,0,25000,0,0,0,32000,7000,25000,25000
054644,A50正2群益9B購01,0,0,0,0,0,0,0,0,0,25000,0,0,0,25000,0,25000,25000
055617,TPK國票98購04   ,0,0,0,0,0,0,0,0,0,25000,0,0,0,50000,25000,25000,25000
055022,精元國泰99購01  ,0,0,0,0,0,0,0,0,0,25000,0,0,0,30000,5000,25000,25000
058863,可成凱基99購02  ,0,0,0,0,0,0,0,0,0,25000,0,0,0,34000,9000,25000,25000
060039,大立光國票99購04,0,0,0,0,0,0,0,0,0,25000,0,0,0,33000,8000,25000,25000
059873,華新科凱基99購09,0,0,0,0,0,0,0,0,0,25000,0,0,0,30000,5000,25000,25000
058464,矽創兆豐9A購01  ,0,0,0,0,0,0,0,0,0,25000,0,0,0,50000,25000,25000,25000
059318,旺宏元大99購13  ,0,0,0,0,0,0,0,0,0,25000,0,0,0,25000,0,25000,25000
058574,台積電群益99購03,0,0,0,0,0,0,0,0,0,25000,0,0,0,25000,0,25000,25000
058593,大立光統一9B購02,0,0,0,0,0,0,0,0,0,25000,0,0,0,28000,3000,25000,25000
058118,瑞昱群益99購01  ,0,0,0,0,0,0,0,0,0,25000,0,0,0,55000,30000,25000,25000
05691P,聯發科中信98售01,0,0,0,0,0,0,0,0,0,25000,0,0,0,25000,0,25000,25000
057903,聯鈞永豐99購01  ,0,0,0,0,0,0,0,0,0,25000,0,0,0,25000,0,25000,25000
060396,友達國票9A購01  ,0,0,0,0,0,0,0,0,0,25000,0,0,0,32000,7000,25000,25000
059797,大立光國票99購01,0,0,0,0,0,0,0,0,0,25000,0,0,0,25000,0,25000,25000
060086,鴻海元大99購42  ,0,0,0,0,0,0,0,0,0,25000,0,0,0,52000,27000,25000,25000
062445,大立光元大9C購02,0,0,0,0,0,0,0,0,0,25000,0,0,0,25000,0,25000,25000
063009,國巨元大9B購18  ,0,0,0,0,0,0,0,0,0,25000,0,0,0,25000,0,25000,25000
061882,矽創元大9B購01  ,0,0,0,0,0,0,0,0,0,25000,0,0,0,161000,136000,25000,25000
060913,宏達電元大9A購03,0,0,0,0,0,0,0,0,0,25000,0,0,0,93000,68000,25000,25000
061095,台積電台新9B購03,0,0,0,0,0,0,0,0,0,25000,0,0,0,35000,10000,25000,25000
061651,世紀鋼元大9C購02,0,0,0,0,0,0,0,0,0,25000,0,0,0,25000,0,25000,25000
061766,華新科元大9B購02,0,0,0,0,0,0,0,0,0,25000,0,0,0,25000,0,25000,25000
062239,台汽電凱基9B購01,0,0,0,0,0,0,0,0,0,25000,0,0,0,25000,0,25000,25000
061995,超眾元大01購01  ,0,0,0,0,0,0,0,0,0,25000,0,0,0,25000,0,25000,25000
063284,大立光元大9B購07,0,0,0,0,0,0,0,0,0,25000,0,0,0,50000,25000,25000,25000
063184,台光電凱基9B購03,0,0,0,0,0,0,0,0,0,25000,0,0,0,61000,36000,25000,25000
063210,百和統一9C購01  ,0,0,0,0,0,0,0,0,0,25000,0,0,0,25000,0,25000,25000
063076,柏文永豐9B購02  ,0,0,0,0,0,0,0,0,0,25000,0,0,0,25000,0,25000,25000
062696,國巨元大9B購16  ,0,0,0,0,0,0,0,0,0,25000,0,0,0,25000,0,25000,25000
062706,大立光元大9B購06,0,0,0,0,0,0,0,0,0,25000,0,0,0,25000,0,25000,25000
063460,智邦元大9B購08  ,0,0,0,0,0,0,0,0,0,24000,0,0,0,91000,67000,24000,24000
6412,群電            ,212000,162000,50000,0,0,0,2000,0,2000,-28000,0,0,0,2000,30000,-28000,24000
5234,達興材料        ,42000,18000,24000,0,0,0,0,0,0,0,0,0,0,0,0,0,24000
1560,中砂            ,40000,16000,24000,0,0,0,0,0,0,0,0,0,0,0,0,0,24000
08165P,台表科永豐9B售02,0,0,0,0,0,0,0,0,0,24000,0,0,0,24000,0,24000,24000
056576,晶技元大99購02  ,0,0,0,0,0,0,0,0,0,24000,0,0,0,50000,26000,24000,24000
055646,漢唐元富97購01  ,0,0,0,0,0,0,0,0,0,24000,0,0,0,24000,0,24000,24000
054742,京鼎凱基99購01  ,0,0,0,0,0,0,0,0,0,24000,0,0,0,66000,42000,24000,24000
056198,台光電永豐97購02,0,0,0,0,0,0,0,0,0,24000,0,0,0,38000,14000,24000,24000
053050,華通國票97購02  ,0,0,0,0,0,0,0,0,0,24000,0,0,0,62000,38000,24000,24000
056449,義隆凱基98購03  ,0,0,0,0,0,0,0,0,0,24000,0,0,0,33000,9000,24000,24000
053503,臻鼎兆豐97購01  ,0,0,0,0,0,0,0,0,0,24000,0,0,0,30000,6000,24000,24000
054292,欣興元大96購06  ,0,0,0,0,0,0,0,0,0,24000,0,0,0,24000,0,24000,24000
054298,台表科元大97購03,0,0,0,0,0,0,0,0,0,24000,0,0,0,37000,13000,24000,24000
048179,臻鼎富邦97購01  ,0,0,0,0,0,0,0,0,0,24000,0,0,0,24000,0,24000,24000
00714,群益道瓊美國地產,0,0,0,0,0,0,0,0,0,24000,0,0,0,25000,1000,24000,24000
060072,國巨元富99購04  ,0,0,0,0,0,0,0,0,0,24000,0,0,0,80000,56000,24000,24000
060658,台灣50凱基01購04,0,0,0,0,0,0,0,0,0,24000,0,0,0,24000,0,24000,24000
057874,可成元大99購02  ,0,0,0,0,0,0,0,0,0,24000,0,0,0,30000,6000,24000,24000
059661,大立光元大99購22,0,0,0,0,0,0,0,0,0,24000,0,0,0,30000,6000,24000,24000
062316,康控凱基9B購03  ,0,0,0,0,0,0,0,0,0,24000,0,0,0,51000,27000,24000,24000
061231,聚陽元大9A購02  ,0,0,0,0,0,0,0,0,0,24000,0,0,0,223000,199000,24000,24000
061070,超眾凱基9C購01  ,0,0,0,0,0,0,0,0,0,24000,0,0,0,85000,61000,24000,24000
062444,大立光元大9C購01,0,0,0,0,0,0,0,0,0,24000,0,0,0,50000,26000,24000,24000
061867,旺宏元大9B購02  ,0,0,0,0,0,0,0,0,0,24000,0,0,0,40000,16000,24000,24000
063529,聯茂凱基9B購02  ,0,0,0,0,0,0,0,0,0,24000,0,0,0,24000,0,24000,24000
07995P,臺股指麥證9C售01,0,0,0,28000,5000,23000,0,0,0,23000,0,0,0,28000,5000,23000,23000
1104,環泥            ,23000,0,23000,0,0,0,0,0,0,0,0,0,0,0,0,0,23000
063306,聯茂凱基9C購01  ,0,0,0,0,0,0,0,0,0,23000,0,0,0,70000,47000,23000,23000
06424P,大成鋼永豐97售01,0,0,0,0,0,0,0,0,0,23000,0,0,0,53000,30000,23000,23000
045054,聯發科元富98購02,0,0,0,0,0,0,0,0,0,23000,0,0,0,23000,0,23000,23000
054231,國巨群益98購03  ,0,0,0,0,0,0,0,0,0,23000,0,0,0,38000,15000,23000,23000
052418,玉晶光兆豐96購01,0,0,0,0,0,0,0,0,0,23000,0,0,0,23000,0,23000,23000
053561,玉晶光國泰98購01,0,0,0,0,0,0,0,0,0,23000,0,0,0,44000,21000,23000,23000
053624,A50正2兆豐97購02,0,0,0,0,0,0,0,0,0,23000,0,0,0,23000,0,23000,23000
059195,國巨永豐99購04  ,0,0,0,0,0,0,0,0,0,23000,0,0,0,23000,0,23000,23000
060151,旺宏富邦9A購02  ,0,0,0,0,0,0,0,0,0,23000,0,0,0,30000,7000,23000,23000
054712,上証2X中信98購02,0,0,0,0,0,0,0,0,0,23000,0,0,0,50000,27000,23000,23000
054700,致新永豐97購01  ,0,0,0,0,0,0,0,0,0,23000,0,0,0,23000,0,23000,23000
055222,臺股指凱基97購05,0,0,0,0,0,0,0,0,0,23000,0,0,0,23000,0,23000,23000
059637,大立光凱基01購01,0,0,0,0,0,0,0,0,0,23000,0,0,0,26000,3000,23000,23000
05959P,聯發科國票98售01,0,0,0,0,0,0,0,0,0,23000,0,0,0,32000,9000,23000,23000
059485,台灣50兆豐99購02,0,0,0,0,0,0,0,0,0,23000,0,0,0,23000,0,23000,23000
058052,南電元大98購02  ,0,0,0,0,0,0,0,0,0,23000,0,0,0,23000,0,23000,23000
058014,上銀凱基99購02  ,0,0,0,0,0,0,0,0,0,23000,0,0,0,33000,10000,23000,23000
058526,鈺齊元大99購02  ,0,0,0,0,0,0,0,0,0,23000,0,0,0,94000,71000,23000,23000
060088,國巨元大99購30  ,0,0,0,0,0,0,0,0,0,23000,0,0,0,25000,2000,23000,23000
057179,可成元大98購04  ,0,0,0,0,0,0,0,0,0,23000,0,0,0,23000,0,23000,23000
057250,大立光統一98購08,0,0,0,0,0,0,0,0,0,23000,0,0,0,23000,0,23000,23000
061616,鴻海群益9A購07  ,0,0,0,0,0,0,0,0,0,23000,0,0,0,154000,131000,23000,23000
061526,宏達電凱基9A購04,0,0,0,0,0,0,0,0,0,23000,0,0,0,76000,53000,23000,23000
061234,國巨元大9A購18  ,0,0,0,0,0,0,0,0,0,23000,0,0,0,24000,1000,23000,23000
062347,台光電群益9B購02,0,0,0,0,0,0,0,0,0,23000,0,0,0,25000,2000,23000,23000
062247,國巨元大9B購07  ,0,0,0,0,0,0,0,0,0,23000,0,0,0,33000,10000,23000,23000
061402,矽創兆豐9B購01  ,0,0,0,0,0,0,0,0,0,23000,0,0,0,23000,0,23000,23000
062072,國巨元大9B購05  ,0,0,0,0,0,0,0,0,0,23000,0,0,0,23000,0,23000,23000
062684,華新科統一01購02,0,0,0,0,0,0,0,0,0,23000,0,0,0,87000,64000,23000,23000
063038,富邦金凱基9B購02,0,0,0,0,0,0,0,0,0,23000,0,0,0,33000,10000,23000,23000
063304,大立光凱基01購02,0,0,0,0,0,0,0,0,0,22000,0,0,0,24000,2000,22000,22000
063340,英業達統一9B購01,0,0,0,0,0,0,0,0,0,22000,0,0,0,165000,143000,22000,22000
063485,巨大元大9B購04  ,0,0,0,0,0,0,0,0,0,22000,0,0,0,40000,18000,22000,22000
07667P,亞德客元大9A售05,0,0,0,0,0,0,0,0,0,22000,0,0,0,38000,16000,22000,22000
2464,盟立            ,131000,112000,19000,0,0,0,0,0,0,3000,3000,0,3000,0,0,0,22000
3686,達能            ,26000,4000,22000,0,0,0,0,0,0,0,0,0,0,0,0,0,22000
4564,元翎            ,62000,40000,22000,0,0,0,0,0,0,0,0,0,0,0,0,0,22000
054651,台化麥證97購01  ,0,0,0,22000,0,22000,0,0,0,22000,0,0,0,22000,0,22000,22000
053643,漢唐國票97購02  ,0,0,0,0,0,0,0,0,0,22000,0,0,0,59000,37000,22000,22000
055420,欣興永豐98購01  ,0,0,0,0,0,0,0,0,0,22000,0,0,0,22000,0,22000,22000
052987,華新科元大99購01,0,0,0,0,0,0,0,0,0,22000,0,0,0,22000,0,22000,22000
053834,卜蜂永豐96購01  ,0,0,0,0,0,0,0,0,0,22000,0,0,0,42000,20000,22000,22000
054057,晶豪科國票97購01,0,0,0,0,0,0,0,0,0,22000,0,0,0,60000,38000,22000,22000
04786P,鴻海永昌96售01  ,0,0,0,0,0,0,0,0,0,22000,0,0,0,22000,0,22000,22000
057161,亞德客元大98購02,0,0,0,0,0,0,0,0,0,22000,0,0,0,93000,71000,22000,22000
056967,奇鋐永豐98購01  ,0,0,0,0,0,0,0,0,0,22000,0,0,0,22000,0,22000,22000
057894,華通元富02購02  ,0,0,0,0,0,0,0,0,0,22000,0,0,0,58000,36000,22000,22000
059435,大立光元大99購17,0,0,0,0,0,0,0,0,0,22000,0,0,0,43000,21000,22000,22000
059532,華新科凱基9B購03,0,0,0,0,0,0,0,0,0,22000,0,0,0,27000,5000,22000,22000
059115,美食永豐99購01  ,0,0,0,0,0,0,0,0,0,22000,0,0,0,62000,40000,22000,22000
059967,聯發科凱基99購20,0,0,0,0,0,0,0,0,0,22000,0,0,0,22000,0,22000,22000
062665,智易群益9B購01  ,0,0,0,0,0,0,0,0,0,22000,0,0,0,22000,0,22000,22000
062048,義隆台新9B購01  ,0,0,0,0,0,0,0,0,0,22000,0,0,0,210000,188000,22000,22000
061423,廣達元大9A購01  ,0,0,0,0,0,0,0,0,0,22000,0,0,0,130000,108000,22000,22000
062554,台積電凱基9B購08,0,0,0,0,0,0,0,0,0,22000,0,0,0,22000,0,22000,22000
061834,華新科凱基02購02,0,0,0,0,0,0,0,0,0,22000,0,0,0,22000,0,22000,22000
060310,瑞昱永豐9A購01  ,0,0,0,0,0,0,0,0,0,22000,0,0,0,61000,39000,22000,22000
1710,東聯            ,128000,112000,16000,0,0,0,0,0,0,5000,5000,0,5000,0,0,0,21000
06735P,奇力新凱基98售07,0,0,0,0,0,0,0,0,0,21000,0,0,0,60000,39000,21000,21000
07251P,台灣50元富01售04,0,0,0,0,0,0,0,0,0,21000,0,0,0,21000,0,21000,21000
063333,同欣電國票9C購01,0,0,0,0,0,0,0,0,0,21000,0,0,0,73000,52000,21000,21000
063448,聯發科統一9C購11,0,0,0,0,0,0,0,0,0,21000,0,0,0,31000,10000,21000,21000
050100,台積電永昌96購02,0,0,0,0,0,0,0,0,0,21000,0,0,0,21000,0,21000,21000
01002T,土銀國泰R1      ,21000,0,21000,0,0,0,0,0,0,0,0,0,0,0,0,0,21000
042168,台灣50凱基96購01,0,0,0,0,0,0,0,0,0,21000,0,0,0,21000,0,21000,21000
051266,國巨富邦99購01  ,0,0,0,0,0,0,0,0,0,21000,0,0,0,61000,40000,21000,21000
053341,聯發科國票97購03,0,0,0,0,0,0,0,0,0,21000,0,0,0,21000,0,21000,21000
054817,聯發科元大97購13,0,0,0,0,0,0,0,0,0,21000,0,0,0,21000,0,21000,21000
060228,亞德客元大9A購01,0,0,0,0,0,0,0,0,0,21000,0,0,0,85000,64000,21000,21000
055779,國泰金凱基97購02,0,0,0,0,0,0,0,0,0,21000,0,0,0,31000,10000,21000,21000
054523,GIS元大96購05   ,0,0,0,0,0,0,0,0,0,21000,0,0,0,72000,51000,21000,21000
059922,大立光元大99購25,0,0,0,0,0,0,0,0,0,21000,0,0,0,67000,46000,21000,21000
059660,華新科元大9A購04,0,0,0,0,0,0,0,0,0,21000,0,0,0,70000,49000,21000,21000
058681,大立光康和9B購01,0,0,0,0,0,0,0,0,0,21000,0,0,0,21000,0,21000,21000
058499,滬深2X元大9C購01,0,0,0,0,0,0,0,0,0,21000,0,0,0,24000,3000,21000,21000
058319,大毅永豐9A購01  ,0,0,0,0,0,0,0,0,0,21000,0,0,0,202000,181000,21000,21000
058297,茂林凱基9A購02  ,0,0,0,0,0,0,0,0,0,21000,0,0,0,21000,0,21000,21000
056919,英業達兆豐98購01,0,0,0,0,0,0,0,0,0,21000,0,0,0,178000,157000,21000,21000
060489,世紀鋼群益9A購01,0,0,0,0,0,0,0,0,0,21000,0,0,0,154000,133000,21000,21000
057195,南茂元大98購01  ,0,0,0,0,0,0,0,0,0,21000,0,0,0,595000,574000,21000,21000
059742,富邦金元富99購01,0,0,0,0,0,0,0,0,0,21000,0,0,0,31000,10000,21000,21000
057265,聯詠兆豐98購01  ,0,0,0,0,0,0,0,0,0,21000,0,0,0,21000,0,21000,21000
058717,南電台新99購02  ,0,0,0,0,0,0,0,0,0,21000,0,0,0,23000,2000,21000,21000
061285,大立光統一9A購04,0,0,0,0,0,0,0,0,0,21000,0,0,0,21000,0,21000,21000
061908,台積電中信05購01,0,0,0,0,0,0,0,0,0,21000,0,0,0,36000,15000,21000,21000
061376,瑞昱永豐9A購02  ,0,0,0,0,0,0,0,0,0,21000,0,0,0,21000,0,21000,21000
062317,祥碩凱基9B購03  ,0,0,0,0,0,0,0,0,0,21000,0,0,0,42000,21000,21000,21000
062195,聚陽中信9C購01  ,0,0,0,0,0,0,0,0,0,21000,0,0,0,28000,7000,21000,21000
062749,元金2X中信9B購01,0,0,0,0,0,0,0,0,0,21000,0,0,0,30000,9000,21000,21000
062890,祥碩群益9B購04  ,0,0,0,0,0,0,0,0,0,21000,0,0,0,385000,364000,21000,21000
062935,華通凱基9C購02  ,0,0,0,0,0,0,0,0,0,21000,0,0,0,25000,4000,21000,21000
063387,台積電兆豐9B購03,0,0,0,0,0,0,0,0,0,20000,0,0,0,76000,56000,20000,20000
063596,嘉澤中信9B購01  ,0,0,0,0,0,0,0,0,0,20000,0,0,0,20000,0,20000,20000
06418P,T50反1統一9A售02,0,0,0,0,0,0,0,0,0,20000,0,0,0,20000,0,20000,20000
07258P,台灣50台新9A售01,0,0,0,0,0,0,0,0,0,20000,0,0,0,40000,20000,20000,20000
07305P,T50正2群益99售02,0,0,0,0,0,0,0,0,0,20000,0,0,0,40000,20000,20000,20000
07355P,臺股指國票99售23,0,0,0,0,0,0,0,0,0,20000,0,0,0,20000,0,20000,20000
06737P,台郡凱基98售07  ,0,0,0,0,0,0,0,0,0,20000,0,0,0,20000,0,20000,20000
07637P,國巨國票9A售08  ,0,0,0,0,0,0,0,0,0,20000,0,0,0,20000,0,20000,20000
07452P,國巨元大9A售05  ,0,0,0,0,0,0,0,0,0,20000,0,0,0,20000,0,20000,20000
07780P,美律凱基9A售02  ,0,0,0,0,0,0,0,0,0,20000,0,0,0,20000,0,20000,20000
07802P,瑞昱永豐9A售03  ,0,0,0,0,0,0,0,0,0,20000,0,0,0,20000,0,20000,20000
07823P,國巨元大9A售23  ,0,0,0,0,0,0,0,0,0,20000,0,0,0,20000,0,20000,20000
07847P,國巨群益9A售13  ,0,0,0,0,0,0,0,0,0,20000,0,0,0,20000,0,20000,20000
2402,毅嘉            ,77000,57000,20000,0,0,0,0,0,0,0,0,0,0,0,0,0,20000
2530,華建            ,24000,6000,18000,0,0,0,0,0,0,2000,2000,0,2000,0,0,0,20000
055780,禾伸堂凱基99購01,0,0,0,0,0,0,0,0,0,20000,0,0,0,20000,0,20000,20000
056788,日月光群益98購01,0,0,0,0,0,0,0,0,0,20000,0,0,0,20000,0,20000,20000
056157,聯詠凱基97購03  ,0,0,0,0,0,0,0,0,0,20000,0,0,0,60000,40000,20000,20000
056352,鴻海元大99購01  ,0,0,0,0,0,0,0,0,0,20000,0,0,0,22000,2000,20000,20000
056396,祥碩永豐98購01  ,0,0,0,0,0,0,0,0,0,20000,0,0,0,44000,24000,20000,20000
06021P,世紀鋼元富96售03,0,0,0,0,0,0,0,0,0,20000,0,0,0,40000,20000,20000,20000
055867,臺股指元大97購05,0,0,0,0,0,0,0,0,0,20000,0,0,0,20000,0,20000,20000
057463,華邦電永豐98購01,0,0,0,0,0,0,0,0,0,20000,0,0,0,50000,30000,20000,20000
054858,台肥群益97購01  ,0,0,0,0,0,0,0,0,0,20000,0,0,0,20000,0,20000,20000
054930,群電凱基98購01  ,0,0,0,0,0,0,0,0,0,20000,0,0,0,20000,0,20000,20000
054928,帆宣凱基98購01  ,0,0,0,0,0,0,0,0,0,20000,0,0,0,30000,10000,20000,20000
054961,玉晶光元大99購01,0,0,0,0,0,0,0,0,0,20000,0,0,0,25000,5000,20000,20000
055648,可成元富97購01  ,0,0,0,0,0,0,0,0,0,20000,0,0,0,200000,180000,20000,20000
055577,晶技統一97購02  ,0,0,0,0,0,0,0,0,0,20000,0,0,0,20000,0,20000,20000
054695,世芯永豐98購01  ,0,0,0,0,0,0,0,0,0,20000,0,0,0,45000,25000,20000,20000
056113,新日興兆豐98購01,0,0,0,0,0,0,0,0,0,20000,0,0,0,146000,126000,20000,20000
056747,致新凱基99購01  ,0,0,0,0,0,0,0,0,0,20000,0,0,0,20000,0,20000,20000
056049,奇力新國票98購01,0,0,0,0,0,0,0,0,0,20000,0,0,0,20000,0,20000,20000
055764,臺股指群益97購02,0,0,0,0,0,0,0,0,0,20000,0,0,0,20000,0,20000,20000
053398,和鑫中信99購01  ,0,0,0,0,0,0,0,0,0,20000,0,0,0,20000,0,20000,20000
053293,聯發科中信9B購01,0,0,0,0,0,0,0,0,0,20000,0,0,0,76000,56000,20000,20000
053297,鎧勝中信98購01  ,0,0,0,0,0,0,0,0,0,20000,0,0,0,240000,220000,20000,20000
053648,台積電凱基97購04,0,0,0,0,0,0,0,0,0,20000,0,0,0,20000,0,20000,20000
053688,燿華元大96購05  ,0,0,0,0,0,0,0,0,0,20000,0,0,0,20000,0,20000,20000
053703,緯穎兆豐96購01  ,0,0,0,0,0,0,0,0,0,20000,0,0,0,20000,0,20000,20000
053559,台積電國泰98購01,0,0,0,0,0,0,0,0,0,20000,0,0,0,20000,0,20000,20000
053527,創意中信97購01  ,0,0,0,0,0,0,0,0,0,20000,0,0,0,20000,0,20000,20000
054291,高鐵元大97購01  ,0,0,0,0,0,0,0,0,0,20000,0,0,0,20000,0,20000,20000
054287,台積電元大97購11,0,0,0,0,0,0,0,0,0,20000,0,0,0,20000,0,20000,20000
054385,矽創群益98購01  ,0,0,0,0,0,0,0,0,0,20000,0,0,0,20000,0,20000,20000
052689,玉晶光元大98購03,0,0,0,0,0,0,0,0,0,20000,0,0,0,20000,0,20000,20000
052533,聯發科國泰96購03,0,0,0,0,0,0,0,0,0,20000,0,0,0,20000,0,20000,20000
055472,大立光凱基97購07,0,0,0,0,0,0,0,0,0,20000,0,0,0,20000,0,20000,20000
051231,健策群益97購01  ,0,0,0,0,0,0,0,0,0,20000,0,0,0,20000,0,20000,20000
051694,A50正2中信96購03,0,0,0,0,0,0,0,0,0,20000,0,0,0,20000,0,20000,20000
051602,南茂兆豐96購01  ,0,0,0,0,0,0,0,0,0,20000,0,0,0,20000,0,20000,20000
050842,旺宏國票97購01  ,0,0,0,0,0,0,0,0,0,20000,0,0,0,40000,20000,20000,20000
048847,A50群益98購01   ,0,0,0,0,0,0,0,0,0,20000,0,0,0,20000,0,20000,20000
047595,元石油元富97購01,0,0,0,0,0,0,0,0,0,20000,0,0,0,20000,0,20000,20000
054076,義隆第一96購01  ,0,0,0,0,0,0,0,0,0,20000,0,0,0,20000,0,20000,20000
054266,緯穎元大96購07  ,0,0,0,0,0,0,0,0,0,20000,0,0,0,20000,0,20000,20000
052362,瑞昱國票96購02  ,0,0,0,0,0,0,0,0,0,20000,0,0,0,20000,0,20000,20000
058752,鈺齊凱基9A購01  ,0,0,0,0,0,0,0,0,0,20000,0,0,0,20000,0,20000,20000
057677,臺股指元大98購07,0,0,0,0,0,0,0,0,0,20000,0,0,0,20000,0,20000,20000
060060,台積電兆豐99購05,0,0,0,0,0,0,0,0,0,20000,0,0,0,20000,0,20000,20000
059769,滬深2X群益9C購01,0,0,0,0,0,0,0,0,0,20000,0,0,0,20000,0,20000,20000
05725P,嘉聯益永豐96售02,0,0,0,0,0,0,0,0,0,20000,0,0,0,20000,0,20000,20000
057208,上海銀元富98購01,0,0,0,0,0,0,0,0,0,20000,0,0,0,20000,0,20000,20000
057272,台積電元大98購14,0,0,0,0,0,0,0,0,0,20000,0,0,0,20000,0,20000,20000
056988,聚陽兆豐98購01  ,0,0,0,0,0,0,0,0,0,20000,0,0,0,20000,0,20000,20000
059743,開發金元富99購01,0,0,0,0,0,0,0,0,0,20000,0,0,0,50000,30000,20000,20000
059705,華新科凱基9A購07,0,0,0,0,0,0,0,0,0,20000,0,0,0,20000,0,20000,20000
060486,中租富邦9A購01  ,0,0,0,0,0,0,0,0,0,20000,0,0,0,20000,0,20000,20000
060755,鴻海元大9A購15  ,0,0,0,0,0,0,0,0,0,20000,0,0,0,20000,0,20000,20000
060605,大立光凱基9C購01,0,0,0,0,0,0,0,0,0,20000,0,0,0,20000,0,20000,20000
060301,國巨富邦9C購02  ,0,0,0,0,0,0,0,0,0,20000,0,0,0,20000,0,20000,20000
05790P,臺股指永昌96售07,0,0,0,0,0,0,0,0,0,20000,0,0,0,20000,0,20000,20000
060645,台表科永豐9A購02,0,0,0,0,0,0,0,0,0,20000,0,0,0,50000,30000,20000,20000
06884P,台郡群益98售03  ,0,0,0,0,0,0,0,0,0,20000,0,0,0,20000,0,20000,20000
058055,華擎統一9A購01  ,0,0,0,0,0,0,0,0,0,20000,0,0,0,20000,0,20000,20000
058070,華新科凱基98購07,0,0,0,0,0,0,0,0,0,20000,0,0,0,20000,0,20000,20000
058111,健鼎元富98購01  ,0,0,0,0,0,0,0,0,0,20000,0,0,0,130000,110000,20000,20000
05817P,可成凱基96售07  ,0,0,0,0,0,0,0,0,0,20000,0,0,0,20000,0,20000,20000
058193,緯穎永豐99購01  ,0,0,0,0,0,0,0,0,0,20000,0,0,0,30000,10000,20000,20000
058482,祥碩凱基99購02  ,0,0,0,0,0,0,0,0,0,20000,0,0,0,24000,4000,20000,20000
059431,旺宏元大99購14  ,0,0,0,0,0,0,0,0,0,20000,0,0,0,21000,1000,20000,20000
059368,T50正2元富99購02,0,0,0,0,0,0,0,0,0,20000,0,0,0,20000,0,20000,20000
058549,藍天永豐99購01  ,0,0,0,0,0,0,0,0,0,20000,0,0,0,20000,0,20000,20000
060247,牧德元大9A購02  ,0,0,0,0,0,0,0,0,0,20000,0,0,0,30000,10000,20000,20000
060236,精元元大9C購01  ,0,8000,-8000,0,0,0,0,0,0,28000,0,0,0,28000,0,28000,20000
058939,台積電中信9B購01,0,0,0,0,0,0,0,0,0,20000,0,0,0,20000,0,20000,20000
059012,臺股指元大9A購31,0,0,0,0,0,0,0,0,0,20000,0,0,0,20000,0,20000,20000
059619,台積電日盛9A購04,0,0,0,0,0,0,0,0,0,20000,0,0,0,270000,250000,20000,20000
059856,昇陽半永豐99購03,0,0,0,0,0,0,0,0,0,20000,0,0,0,20000,0,20000,20000
063045,國巨兆豐9C購02  ,0,0,0,0,0,0,0,0,0,20000,0,0,0,20000,0,20000,20000
063242,聯發科元大9B購19,0,0,0,0,0,0,0,0,0,20000,0,0,0,30000,10000,20000,20000
062813,台積電兆豐9B購01,0,0,0,0,0,0,0,0,0,20000,0,0,0,20000,0,20000,20000
062734,臺指反國票9C購03,0,0,0,0,0,0,0,0,0,20000,0,0,0,60000,40000,20000,20000
062717,華邦電凱基9C購01,0,0,0,0,0,0,0,0,0,20000,0,0,0,50000,30000,20000,20000
062173,世紀鋼永豐9B購01,0,0,0,0,0,0,0,0,0,20000,0,0,0,20000,0,20000,20000
062118,華新科中信9B購02,0,0,0,0,0,0,0,0,0,20000,0,0,0,20000,0,20000,20000
062051,上銀統一9C購02  ,0,0,0,0,0,0,0,0,0,20000,0,0,0,97000,77000,20000,20000
061380,巨大永豐9A購02  ,0,0,0,0,0,0,0,0,0,20000,0,0,0,20000,0,20000,20000
062020,智伸科永豐9B購01,0,0,0,0,0,0,0,0,0,20000,0,0,0,20000,0,20000,20000
062299,台積電第一9B購01,0,0,0,0,0,0,0,0,0,20000,0,0,0,20000,0,20000,20000
062267,滬深2X群益01購05,0,0,0,0,0,0,0,0,0,20000,0,0,0,30000,10000,20000,20000
061333,華通元大9A購08  ,0,0,0,0,0,0,0,0,0,20000,0,0,0,56000,36000,20000,20000
061316,台積電凱基9A購24,0,0,0,0,0,0,0,0,0,20000,0,0,0,70000,50000,20000,20000
063510,台表科群益9C購01,0,0,0,0,0,0,0,0,0,20000,0,0,0,20000,0,20000,20000
061501,嘉澤國票9A購01  ,0,0,0,0,0,0,0,0,0,20000,0,0,0,20000,0,20000,20000
062419,台積電統一9B購15,0,0,0,0,0,0,0,0,0,20000,0,0,0,20000,0,20000,20000
063010,國巨元大9C購02  ,0,0,0,0,0,0,0,0,0,20000,0,0,0,40000,20000,20000,20000
060333,金寶康和9A購01  ,0,0,0,0,0,0,0,0,0,20000,0,0,0,20000,0,20000,20000
061178,晶技凱基9B購01  ,0,0,0,0,0,0,0,0,0,20000,0,0,0,20000,0,20000,20000
060999,國巨兆豐9A購01  ,0,0,0,0,0,0,0,0,0,20000,0,0,0,30000,10000,20000,20000
8473,山林水          ,19000,0,19000,0,0,0,0,0,0,0,1000,1000,0,0,0,0,19000
2420,新巨            ,26000,2000,24000,0,0,0,0,5000,-5000,0,0,0,0,0,0,0,19000
2461,光群雷          ,49000,30000,19000,0,0,0,0,0,0,0,0,0,0,0,0,0,19000
1806,冠軍            ,19000,1000,18000,0,0,0,0,0,0,1000,1000,0,1000,0,0,0,19000
08131P,立積元大9B售02  ,0,0,0,0,0,0,0,0,0,19000,0,0,0,85000,66000,19000,19000
08108P,聯發科元富9B售03,0,0,0,0,0,0,0,0,0,19000,0,0,0,36000,17000,19000,19000
07120P,聯發科凱基99售09,0,0,0,0,0,0,0,0,0,19000,0,0,0,19000,0,19000,19000
07288P,台灣50凱基99售06,0,0,0,0,0,0,0,0,0,19000,0,0,0,20000,1000,19000,19000
063604,群創凱基01購02  ,0,0,0,0,0,0,0,0,0,19000,0,0,0,121000,102000,19000,19000
063446,台光電統一01購02,0,0,0,0,0,0,0,0,0,19000,0,0,0,76000,57000,19000,19000
054151,瑞昱國泰97購01  ,0,0,0,0,0,0,0,0,0,19000,0,0,0,19000,0,19000,19000
053957,瑞昱永豐96購01  ,0,0,0,0,0,0,0,0,0,19000,0,0,0,19000,0,19000,19000
00757,統一FANG+       ,0,0,0,0,0,0,0,0,0,19000,0,0,0,229000,210000,19000,19000
051001,緯穎元大96購02  ,0,0,0,0,0,0,0,0,0,19000,0,0,0,19000,0,19000,19000
00733,富邦臺灣中小    ,0,0,0,0,0,0,0,0,0,19000,0,0,0,224000,205000,19000,19000
052991,台積電台新96購01,0,0,0,0,0,0,0,0,0,19000,0,0,0,19000,0,19000,19000
055334,禾伸堂兆豐97購01,0,0,0,0,0,0,0,0,0,19000,0,0,0,20000,1000,19000,19000
052581,訊芯元富98購01  ,0,0,0,0,0,0,0,0,0,19000,0,0,0,52000,33000,19000,19000
055588,瑞昱元大97購03  ,0,0,0,0,0,0,0,0,0,19000,0,0,0,19000,0,19000,19000
056639,國產康和98購01  ,0,0,0,0,0,0,0,0,0,19000,0,0,0,36000,17000,19000,19000
054830,世芯國泰99購01  ,0,0,0,0,0,0,0,0,0,19000,0,0,0,75000,56000,19000,19000
055834,國巨元大97購13  ,0,0,0,0,0,0,0,0,0,19000,0,0,0,27000,8000,19000,19000
059639,大立光凱基9A購06,0,0,0,0,0,0,0,0,0,19000,0,0,0,25000,6000,19000,19000
058983,旺宏凱基99購05  ,40000,0,40000,0,0,0,0,0,0,-21000,0,0,0,19000,40000,-21000,19000
059162,國巨凱基99購12  ,0,0,0,0,0,0,0,0,0,19000,0,0,0,19000,0,19000,19000
058700,鴻海元大99購15  ,0,0,0,0,0,0,0,0,0,19000,0,0,0,53000,34000,19000,19000
058037,台灣50元大9B購02,0,0,0,0,0,0,0,0,0,19000,0,0,0,19000,0,19000,19000
058479,亞光凱基9A購01  ,0,0,0,0,0,0,0,0,0,19000,0,0,0,290000,271000,19000,19000
058271,訊連永豐99購01  ,0,0,0,0,0,0,0,0,0,19000,0,0,0,39000,20000,19000,19000
057162,上銀元大98購03  ,0,0,0,0,0,0,0,0,0,19000,0,0,0,19000,0,19000,19000
059782,A50正2元大9C購04,0,0,0,0,0,0,0,0,0,19000,0,0,0,30000,11000,19000,19000
057638,上銀元大99購01  ,0,0,0,0,0,0,0,0,0,19000,0,0,0,20000,1000,19000,19000
061643,嘉澤元大9A購05  ,0,0,0,0,0,0,0,0,0,19000,0,0,0,61000,42000,19000,19000
060894,奇力新凱基9A購03,0,0,0,0,0,0,0,0,0,19000,0,0,0,44000,25000,19000,19000
061516,力成永豐9A購02  ,0,0,0,0,0,0,0,0,0,19000,0,0,0,97000,78000,19000,19000
063030,華通凱基9B購03  ,0,0,0,0,0,0,0,0,0,19000,0,0,0,103000,84000,19000,19000
061336,國巨元大9A購20  ,0,0,0,0,0,0,0,0,0,19000,0,0,0,22000,3000,19000,19000
062545,嘉晶永豐9B購01  ,0,0,0,0,0,0,0,0,0,19000,0,0,0,51000,32000,19000,19000
061982,聯發科元大9B購03,0,0,0,0,0,0,0,0,0,19000,0,0,0,35000,16000,19000,19000
062151,世紀鋼國票01購01,0,0,0,0,0,0,0,0,0,19000,0,0,0,57000,38000,19000,19000
062894,道瓊銀元大9B購02,0,0,0,0,0,0,0,0,0,19000,0,0,0,19000,0,19000,19000
063461,金像電元大9B購03,0,0,0,0,0,0,0,0,0,18000,0,0,0,23000,5000,18000,18000
063629,台積電元大9B購08,0,0,0,0,0,0,0,0,0,18000,0,0,0,18000,0,18000,18000
07260P,台灣50元大9A售01,0,0,0,0,0,0,0,0,0,18000,0,0,0,20000,2000,18000,18000
07954P,台表科元大9B售02,0,0,0,0,0,0,0,0,0,18000,0,0,0,68000,50000,18000,18000
07975P,國巨元大9B售15  ,0,0,0,0,0,0,0,0,0,18000,0,0,0,40000,22000,18000,18000
08852P,台灣50台新01售01,0,0,0,0,0,0,0,0,0,18000,0,0,0,18000,0,18000,18000
1906,寶隆            ,19000,1000,18000,0,0,0,0,0,0,0,0,0,0,0,0,0,18000
2034,允強            ,55000,29000,26000,0,0,0,0,8000,-8000,0,0,0,0,0,0,0,18000
6605,帝寶            ,19000,2000,17000,0,0,0,0,0,0,1000,2000,1000,1000,0,0,0,18000
055845,大立光元大97購08,0,0,0,0,0,0,0,0,0,18000,0,0,0,44000,26000,18000,18000
060231,台積電元大9A購08,0,0,0,0,0,0,0,0,0,18000,0,0,0,18000,0,18000,18000
055935,創意群益97購02  ,0,0,0,0,0,0,0,0,0,18000,0,0,0,18000,0,18000,18000
055773,瑞昱凱基97購03  ,0,0,0,0,0,0,0,0,0,18000,0,0,0,28000,10000,18000,18000
056709,華通永豐98購01  ,0,0,0,0,0,0,0,0,0,18000,0,0,0,30000,12000,18000,18000
055665,亞德客群益97購01,0,0,0,0,0,0,0,0,0,18000,0,0,0,18000,0,18000,18000
055695,大毅國票98購03  ,0,0,0,0,0,0,0,0,0,18000,0,0,0,18000,0,18000,18000
055249,大毅統一99購01  ,0,0,0,0,0,0,0,0,0,18000,0,0,0,296000,278000,18000,18000
054370,台積電中信9A購01,0,0,0,0,0,0,0,0,0,18000,0,0,0,18000,0,18000,18000
055443,台虹國票98購01  ,0,0,0,0,0,0,0,0,0,18000,0,0,0,18000,0,18000,18000
051843,聯發科富邦99購01,0,0,0,0,0,0,0,0,0,18000,0,0,0,20000,2000,18000,18000
049004,聯發科中信96購01,0,0,0,0,0,0,0,0,0,18000,0,0,0,18000,0,18000,18000
057214,瑞昱群益98購01  ,0,0,0,0,0,0,0,0,0,18000,0,0,0,20000,2000,18000,18000
057860,金寶凱基98購01  ,0,0,0,0,0,0,0,0,0,18000,0,0,0,30000,12000,18000,18000
057027,祥碩凱基98購01  ,0,0,0,0,0,0,0,0,0,18000,0,0,0,92000,74000,18000,18000
060502,國巨元大9A購07  ,0,0,0,0,0,0,0,0,0,18000,0,0,0,18000,0,18000,18000
058626,瑞昱國票9A購01  ,0,0,0,0,0,0,0,0,0,18000,0,0,0,18000,0,18000,18000
059294,宏達電元富9B購02,0,0,0,0,0,0,0,0,0,18000,0,0,0,18000,0,18000,18000
059067,上銀國票9A購02  ,0,0,0,0,0,0,0,0,0,18000,0,0,0,18000,0,18000,18000
057550,聯發科凱基02購01,0,0,0,0,0,0,0,0,0,18000,0,0,0,20000,2000,18000,18000
057558,致新凱基98購01  ,0,0,0,0,0,0,0,0,0,18000,0,0,0,18000,0,18000,18000
062897,上銀元大9B購06  ,0,0,0,0,0,0,0,0,0,18000,0,0,0,18000,0,18000,18000
062733,巨大凱基9B購01  ,0,0,0,0,0,0,0,0,0,18000,0,0,0,40000,22000,18000,18000
062636,聯鈞國票9B購01  ,0,0,0,0,0,0,0,0,0,18000,0,0,0,98000,80000,18000,18000
063053,聯發科統一01購04,0,0,0,0,0,0,0,0,0,18000,0,0,0,18000,0,18000,18000
062191,台郡元大9B購05  ,0,0,0,0,0,0,0,0,0,18000,0,0,0,115000,97000,18000,18000
062110,華擎國票9B購01  ,0,0,0,0,0,0,0,0,0,18000,0,0,0,18000,0,18000,18000
062366,義隆元大9B購04  ,0,0,0,0,0,0,0,0,0,18000,0,0,0,32000,14000,18000,18000
060341,國巨統一9C購02  ,0,0,0,0,0,0,0,0,0,18000,0,0,0,18000,0,18000,18000
061872,友達元大9C購06  ,0,0,0,0,0,0,0,0,0,18000,0,0,0,85000,67000,18000,18000
062424,聯發科統一9C購08,0,0,0,0,0,0,0,0,0,18000,0,0,0,28000,10000,18000,18000
060842,新光金國票9B購01,0,0,0,0,0,0,0,0,0,18000,0,0,0,18000,0,18000,18000
061767,信邦元大9B購01  ,0,0,0,0,0,0,0,0,0,18000,0,0,0,168000,150000,18000,18000
061705,健策國票9A購06  ,0,0,0,0,0,0,0,0,0,18000,0,0,0,18000,0,18000,18000
061710,國巨凱基9A購18  ,0,0,0,0,0,0,0,0,0,18000,0,0,0,18000,0,18000,18000
9943,好樂迪          ,30000,5000,25000,0,0,0,0,9000,-9000,1000,1000,0,1000,0,0,0,17000
2501,國建            ,79000,64000,15000,0,0,0,0,0,0,2000,2000,0,2000,0,0,0,17000
07334P,臺股指國票99售19,0,0,0,0,0,0,0,0,0,17000,0,0,0,170000,153000,17000,17000
063665,南亞科統一01購02,0,0,0,0,0,0,0,0,0,17000,0,0,0,330000,313000,17000,17000
063489,新日興國泰01購01,0,0,0,0,0,0,0,0,0,17000,0,0,0,133000,116000,17000,17000
063359,泰鼎國泰01購01  ,0,0,0,0,0,0,0,0,0,17000,0,0,0,48000,31000,17000,17000
063699,國巨群益9B購07  ,0,0,0,0,0,0,0,0,0,17000,0,0,0,27000,10000,17000,17000
063723,儒鴻元大9B購04  ,0,0,0,0,0,0,0,0,0,17000,0,0,0,17000,0,17000,17000
06636P,可成凱基98售08  ,0,0,0,0,0,0,0,0,0,17000,0,0,0,60000,43000,17000,17000
054250,漢唐元大96購04  ,0,0,0,0,0,0,0,0,0,17000,0,0,0,63000,46000,17000,17000
053944,亞泥富邦97購01  ,0,0,0,0,0,0,0,0,0,17000,0,0,0,17000,0,17000,17000
056065,奇鋐元大97購01  ,0,0,0,0,0,0,0,0,0,17000,0,0,0,166000,149000,17000,17000
05995P,T50正2中信9C售01,0,0,0,0,0,0,0,0,0,17000,0,0,0,162000,145000,17000,17000
058698,華通元大99購05  ,0,0,0,0,0,0,0,0,0,17000,0,0,0,62000,45000,17000,17000
059264,台光電中信99購02,0,0,0,0,0,0,0,0,0,17000,0,0,0,20000,3000,17000,17000
057541,台灣50康和9A購04,0,0,0,0,0,0,0,0,0,17000,0,0,0,17000,0,17000,17000
058623,國巨國票99購08  ,0,0,0,0,0,0,0,0,0,17000,0,0,0,40000,23000,17000,17000
058658,瑞儀中信99購01  ,0,0,0,0,0,0,0,0,0,17000,0,0,0,368000,351000,17000,17000
058017,漢唐凱基99購01  ,0,0,0,0,0,0,0,0,0,17000,0,0,0,17000,0,17000,17000
060537,台灣50凱基9B購01,0,0,0,0,0,0,0,0,0,17000,0,0,0,17000,0,17000,17000
057752,臺股指國票98購08,0,0,0,0,0,0,0,0,0,17000,0,0,0,17000,0,17000,17000
061708,同欣電國票9A購02,0,0,0,0,0,0,0,0,0,17000,0,0,0,27000,10000,17000,17000
060871,台灣50中信01購03,0,0,0,0,0,0,0,0,0,17000,0,0,0,40000,23000,17000,17000
061922,瑞昱凱基9B購01  ,0,0,0,0,0,0,0,0,0,17000,0,0,0,47000,30000,17000,17000
062440,聯發科元大9B購11,0,0,0,0,0,0,0,0,0,17000,0,0,0,52000,35000,17000,17000
063028,巨大元大9B購02  ,0,0,0,0,0,0,0,0,0,17000,0,0,0,77000,60000,17000,17000
061545,華新科群益9A購09,0,0,0,0,0,0,0,0,0,17000,0,0,0,24000,7000,17000,17000
062538,台積電國泰9C購02,0,0,0,0,0,0,0,0,0,17000,0,0,0,25000,8000,17000,17000
062213,和大統一9B購02  ,0,0,0,0,0,0,0,0,0,17000,0,0,0,123000,106000,17000,17000
062291,力成富邦9B購01  ,0,0,0,0,0,0,0,0,0,17000,0,0,0,20000,3000,17000,17000
06200P,聯發科元大97售18,0,0,0,0,0,0,0,0,0,17000,0,0,0,17000,0,17000,17000
061419,國巨元大9A購21  ,0,0,0,0,0,0,0,0,0,17000,0,0,0,47000,30000,17000,17000
063119,華通元大9B購07  ,0,0,0,0,0,0,0,0,0,17000,0,0,0,37000,20000,17000,17000
062638,茂林國票9C購01  ,0,0,0,0,0,0,0,0,0,17000,0,0,0,17000,0,17000,17000
062654,技嘉永豐9B購01  ,0,0,0,0,0,0,0,0,0,17000,0,0,0,17000,0,17000,17000
063625,儒鴻元大9B購03  ,0,0,0,0,0,0,0,0,0,16000,0,0,0,16000,0,16000,16000
2506,太設            ,16000,0,16000,0,0,0,0,0,0,0,0,0,0,0,0,0,16000
08016P,臺股指凱基02售02,0,0,0,0,0,0,0,0,0,16000,0,0,0,18000,2000,16000,16000
056023,晶豪科群益97購01,0,0,0,0,0,0,0,0,0,16000,0,0,0,16000,0,16000,16000
054916,聯發科凱基98購04,0,0,0,0,0,0,0,0,0,16000,0,0,0,41000,25000,16000,16000
054760,台化國票9A購01  ,0,0,0,0,0,0,0,0,0,16000,0,0,0,16000,0,16000,16000
055894,欣興統一97購03  ,0,0,0,0,0,0,0,0,0,16000,0,0,0,284000,268000,16000,16000
056384,玉晶光國泰9A購02,0,0,0,0,0,0,0,0,0,16000,0,0,0,16000,0,16000,16000
059249,大立光凱基99購05,0,0,0,0,0,0,0,0,0,16000,0,0,0,16000,0,16000,16000
055327,致新國票98購01  ,0,0,0,0,0,0,0,0,0,16000,0,0,0,30000,14000,16000,16000
053021,國巨國泰97購04  ,0,0,0,0,0,0,0,0,0,16000,0,0,0,48000,32000,16000,16000
055519,茂林中信99購01  ,0,0,0,0,0,0,0,0,0,16000,0,0,0,21000,5000,16000,16000
056504,國巨永豐98購02  ,0,0,0,0,0,0,0,0,0,16000,0,0,0,44000,28000,16000,16000
054169,上緯控凱基98購01,0,0,0,0,0,0,0,0,0,16000,0,0,0,86000,70000,16000,16000
054121,奇鋐永豐96購02  ,0,0,0,0,0,0,0,0,0,16000,0,0,0,41000,25000,16000,16000
051466,玉晶光富邦97購01,0,0,0,0,0,0,0,0,0,16000,0,0,0,16000,0,16000,16000
057742,喬山永豐98購02  ,0,0,0,0,0,0,0,0,0,16000,0,0,0,16000,0,16000,16000
060107,旭富元大99購03  ,0,0,0,0,0,0,0,0,0,16000,0,0,0,69000,53000,16000,16000
057009,信邦中信99購01  ,0,0,0,0,0,0,0,0,0,16000,0,0,0,28000,12000,16000,16000
057371,可成元大98購08  ,0,0,0,0,0,0,0,0,0,16000,0,0,0,16000,0,16000,16000
057112,立積群益99購01  ,0,0,0,0,0,0,0,0,0,16000,0,0,0,196000,180000,16000,16000
060521,鴻海中信01購03  ,0,0,0,0,0,0,0,0,0,16000,0,0,0,16000,0,16000,16000
060472,中租元大9A購02  ,0,0,0,0,0,0,0,0,0,16000,0,0,0,16000,0,16000,16000
06837P,上銀統一9A售02  ,0,0,0,0,0,0,0,0,0,16000,0,0,0,16000,0,16000,16000
058621,華通國票9A購01  ,0,0,0,0,0,0,0,0,0,16000,0,0,0,21000,5000,16000,16000
059343,宏達電凱基99購04,0,0,0,0,0,0,0,0,0,16000,0,0,0,136000,120000,16000,16000
058798,大立光元大99購11,0,0,0,0,0,0,0,0,0,16000,0,0,0,21000,5000,16000,16000
062681,全新統一01購01  ,0,0,0,0,0,0,0,0,0,16000,0,0,0,66000,50000,16000,16000
062306,華通凱基9B購01  ,0,0,0,0,0,0,0,0,0,16000,0,0,0,32000,16000,16000,16000
062202,國巨國票9C購04  ,0,0,0,0,0,0,0,0,0,16000,0,0,0,16000,0,16000,16000
061617,微星群益9A購02  ,0,0,0,0,0,0,0,0,0,16000,0,0,0,155000,139000,16000,16000
061474,瑞昱元大9A購04  ,0,0,0,0,0,0,0,0,0,16000,0,0,0,22000,6000,16000,16000
061475,漢唐元大9A購01  ,0,0,0,0,0,0,0,0,0,16000,0,0,0,30000,14000,16000,16000
060339,國巨統一01購01  ,0,0,0,0,0,0,0,0,0,16000,0,0,0,36000,20000,16000,16000
060901,臺股指凱基9A購13,0,0,0,0,0,0,0,0,0,16000,0,0,0,28000,12000,16000,16000
061205,旺宏元大9A購11  ,0,0,0,0,0,0,0,0,0,16000,0,0,0,16000,0,16000,16000
061140,華擎統一9C購01  ,0,0,0,0,0,0,0,0,0,16000,0,0,0,16000,0,16000,16000
08078P,聯發科國票9B售04,0,0,0,0,0,0,0,0,0,15000,0,0,0,27000,12000,15000,15000
08079P,宏達電國票9B售03,0,0,0,0,0,0,0,0,0,15000,0,0,0,61000,46000,15000,15000
08123P,台表科國票9C售01,0,0,0,0,0,0,0,0,0,15000,0,0,0,15000,0,15000,15000
08199P,大毅元大9B售02  ,0,0,0,0,0,0,0,0,0,15000,0,0,0,15000,0,15000,15000
2433,互盛電          ,6000,2000,4000,0,0,0,0,0,0,11000,11000,0,11000,0,0,0,15000
3055,蔚華科          ,15000,1000,14000,0,0,0,0,0,0,1000,1000,0,1000,0,0,0,15000
063668,奇力新統一01購03,0,0,0,0,0,0,0,0,0,15000,0,0,0,15000,0,15000,15000
063423,聯詠凱基9C購02  ,0,0,0,0,0,0,0,0,0,15000,0,0,0,15000,0,15000,15000
07234P,台灣50元大9B售04,0,0,0,0,0,0,0,0,0,15000,0,0,0,15000,0,15000,15000
051467,GIS富邦96購01   ,0,0,0,0,0,0,0,0,0,15000,0,0,0,15000,0,15000,15000
051850,臻鼎中信96購01  ,0,0,0,0,0,0,0,0,0,15000,0,0,0,15000,0,15000,15000
03074X,元展69          ,0,0,0,0,0,0,0,0,0,15000,0,0,0,15000,0,15000,15000
05214P,台積電國票97售02,0,0,0,0,0,0,0,0,0,15000,0,0,0,15000,0,15000,15000
053973,晶豪科元大96購01,0,0,0,0,0,0,0,0,0,15000,0,0,0,90000,75000,15000,15000
056498,A50正2富邦9B購01,0,0,0,0,0,0,0,0,0,15000,0,0,0,15000,0,15000,15000
053904,漢唐凱基97購01  ,0,0,0,0,0,0,0,0,0,15000,0,0,0,15000,0,15000,15000
052588,玉晶光永豐98購01,0,0,0,0,0,0,0,0,0,15000,0,0,0,15000,0,15000,15000
053320,華新科群益97購01,0,0,0,0,0,0,0,0,0,15000,0,0,0,20000,5000,15000,15000
060149,元金2X富邦04購01,0,0,0,0,0,0,0,0,0,15000,0,0,0,15000,0,15000,15000
059204,台灣50元大01購02,0,0,0,0,0,0,0,0,0,15000,0,0,0,15000,0,15000,15000
059218,台積電元大99購31,0,0,0,0,0,0,0,0,0,15000,0,0,0,15000,0,15000,15000
057410,南電群益98購01  ,0,0,0,0,0,0,0,0,0,15000,0,0,0,70000,55000,15000,15000
058363,全新凱基9A購02  ,0,0,0,0,0,0,0,0,0,15000,0,0,0,95000,80000,15000,15000
054993,南亞科元富97購03,0,0,0,0,0,0,0,0,0,15000,0,0,0,15000,0,15000,15000
05671P,友達國泰97售03  ,0,0,0,0,0,0,0,0,0,15000,0,0,0,15000,0,15000,15000
055658,南電元富97購01  ,0,0,0,0,0,0,0,0,0,15000,0,0,0,35000,20000,15000,15000
059534,國泰金凱基99購01,0,0,0,0,0,0,0,0,0,15000,0,0,0,45000,30000,15000,15000
060235,瑞昱元大9A購01  ,0,0,0,0,0,0,0,0,0,15000,0,0,0,42000,27000,15000,15000
058554,瀚宇博永豐99購01,0,0,0,0,0,0,0,0,0,15000,0,0,0,15000,0,15000,15000
059327,南茂元大99購01  ,0,0,0,0,0,0,0,0,0,15000,0,0,0,32000,17000,15000,15000
059308,T50反1元大99購07,0,0,0,0,0,0,0,0,0,15000,0,0,0,15000,0,15000,15000
058470,台灣50日盛9B購02,0,0,0,0,0,0,0,0,0,15000,0,0,0,15000,0,15000,15000
058198,瑞昱亞東99購01  ,0,0,0,0,0,0,0,0,0,15000,0,0,0,15000,0,15000,15000
058236,大立光元大99購09,0,0,0,0,0,0,0,0,0,15000,0,0,0,15000,0,15000,15000
058106,神達統一98購02  ,0,0,0,0,0,0,0,0,0,15000,0,0,0,25000,10000,15000,15000
058142,瑞儀元大99購01  ,0,0,0,0,0,0,0,0,0,15000,0,0,0,108000,93000,15000,15000
057844,新日興永豐99購01,0,0,0,0,0,0,0,0,0,15000,0,0,0,39000,24000,15000,15000
060453,儒鴻元大9A購02  ,0,0,0,0,0,0,0,0,0,15000,0,0,0,45000,30000,15000,15000
060680,玉晶光元大9C購03,0,0,0,0,0,0,0,0,0,15000,0,0,0,110000,95000,15000,15000
057675,同欣電元大98購02,0,0,0,0,0,0,0,0,0,15000,0,0,0,165000,150000,15000,15000
057792,群創統一99購01  ,0,0,0,0,0,0,0,0,0,15000,0,0,0,20000,5000,15000,15000
061091,奇力新統一9C購02,0,0,0,0,0,0,0,0,0,15000,0,0,0,30000,15000,15000,15000
061047,大立光第一9A購01,0,0,0,0,0,0,0,0,0,15000,0,0,0,15000,0,15000,15000
06035P,同欣電凱基96售03,0,0,0,0,0,0,0,0,0,15000,0,0,0,15000,0,15000,15000
063007,儒鴻元大9B購01  ,0,0,0,0,0,0,0,0,0,15000,0,0,0,20000,5000,15000,15000
062432,上銀元大9B購04  ,0,0,0,0,0,0,0,0,0,15000,0,0,0,15000,0,15000,15000
061510,嘉澤富邦9C購01  ,0,0,0,0,0,0,0,0,0,15000,0,0,0,23000,8000,15000,15000
063546,國巨兆豐9C購03  ,0,0,0,0,0,0,0,0,0,15000,0,0,0,30000,15000,15000,15000
062358,國巨元大9B購12  ,0,0,0,0,0,0,0,0,0,15000,0,0,0,95000,80000,15000,15000
062365,台光電元大9B購03,0,0,0,0,0,0,0,0,0,15000,0,0,0,81000,66000,15000,15000
062557,台光電凱基9B購02,0,0,0,0,0,0,0,0,0,15000,0,0,0,57000,42000,15000,15000
061977,國巨元大9B購02  ,0,0,0,0,0,0,0,0,0,15000,0,0,0,26000,11000,15000,15000
062083,健策元大9C購03  ,0,0,0,0,0,0,0,0,0,15000,0,0,0,75000,60000,15000,15000
062814,台光電兆豐9B購01,0,0,0,0,0,0,0,0,0,15000,0,0,0,15000,0,15000,15000
06283P,祥碩永豐97售01  ,0,0,0,0,0,0,0,0,0,15000,0,0,0,15000,0,15000,15000
063082,瑞昱凱基9B購04  ,0,0,0,0,0,0,0,0,0,15000,0,0,0,85000,70000,15000,15000
06929P,鴻海元大99售11  ,0,0,0,0,0,0,0,0,0,14000,0,0,0,20000,6000,14000,14000
07722P,玉晶光凱基9A售10,0,0,0,0,0,0,0,0,0,14000,0,0,0,29000,15000,14000,14000
07471P,南亞科元大9A售01,0,0,0,0,0,0,0,0,0,14000,0,0,0,105000,91000,14000,14000
07644P,南電凱基9A售03  ,0,0,0,0,0,0,0,0,0,14000,0,0,0,54000,40000,14000,14000
06608P,立積群益99售02  ,0,0,0,0,0,0,0,0,0,14000,0,0,0,26000,12000,14000,14000
06724P,台灣50國票98售01,0,0,0,0,0,0,0,0,0,14000,0,0,0,15000,1000,14000,14000
3501,維熹            ,15000,1000,14000,0,0,0,0,0,0,0,0,0,0,0,0,0,14000
4552,力達-KY         ,36000,23000,13000,0,0,0,0,0,0,1000,1000,0,1000,0,0,0,14000
2707,晶華            ,64000,51000,13000,0,0,0,0,0,0,1000,1000,0,1000,0,0,0,14000
9925,新保            ,25000,11000,14000,0,0,0,0,0,0,0,0,0,0,0,0,0,14000
055205,京鼎中信99購01  ,0,0,0,0,0,0,0,0,0,14000,0,0,0,54000,40000,14000,14000
056070,新日興元大97購04,0,0,0,0,0,0,0,0,0,14000,0,0,0,64000,50000,14000,14000
056651,聯茂凱基98購04  ,0,0,0,0,0,0,0,0,0,14000,0,0,0,14000,0,14000,14000
055584,國巨元大97購11  ,0,0,0,0,0,0,0,0,0,14000,0,0,0,14000,0,14000,14000
057390,台表科永豐98購01,0,0,0,0,0,0,0,0,0,14000,0,0,0,50000,36000,14000,14000
055839,瑞昱元大97購04  ,0,0,0,0,0,0,0,0,0,14000,0,0,0,14000,0,14000,14000
053349,台郡國票97購02  ,0,0,0,0,0,0,0,0,0,14000,0,0,0,94000,80000,14000,14000
035275,台積電台新97購01,0,0,0,0,0,0,0,0,0,14000,0,0,0,26000,12000,14000,14000
00690,兆豐藍籌30      ,2000,2000,0,0,0,0,0,0,0,14000,0,0,0,247000,233000,14000,14000
00865B,國泰US短期公債  ,0,0,0,0,0,0,0,0,0,14000,0,0,0,114000,100000,14000,14000
056857,國巨群益99購02  ,0,0,0,0,0,0,0,0,0,14000,0,0,0,15000,1000,14000,14000
059780,滬深2X元大9C購06,0,0,0,0,0,0,0,0,0,14000,0,0,0,15000,1000,14000,14000
057143,台郡兆豐98購01  ,0,0,0,0,0,0,0,0,0,14000,0,0,0,14000,0,14000,14000
057352,大立光統一9A購02,0,0,0,0,0,0,0,0,0,14000,0,0,0,20000,6000,14000,14000
060697,鴻海國泰9C購01  ,0,0,0,0,0,0,0,0,0,14000,0,0,0,19000,5000,14000,14000
060474,中租元大9B購01  ,0,0,0,0,0,0,0,0,0,14000,0,0,0,36000,22000,14000,14000
060582,玉晶光群益9C購01,0,0,0,0,0,0,0,0,0,14000,0,0,0,39000,25000,14000,14000
057953,聚陽元大98購01  ,0,0,0,0,0,0,0,0,0,14000,0,0,0,14000,0,14000,14000
059283,康友永豐99購02  ,0,0,0,0,0,0,0,0,0,14000,0,0,0,14000,0,14000,14000
059530,華新科凱基9A購05,0,0,0,0,0,0,0,0,0,14000,0,0,0,39000,25000,14000,14000
058694,鈺齊國票9A購02  ,0,0,0,0,0,0,0,0,0,14000,0,0,0,52000,38000,14000,14000
059489,上証2X國票9A購01,0,0,0,0,0,0,0,0,0,14000,0,0,0,20000,6000,14000,14000
059131,國巨群益99購07  ,0,0,0,0,0,0,0,0,0,14000,0,0,0,15000,1000,14000,14000
059068,台虹國票9A購01  ,0,0,0,0,0,0,0,0,0,14000,0,0,0,14000,0,14000,14000
058816,祥碩台新99購02  ,0,0,0,0,0,0,0,0,0,14000,0,0,0,14000,0,14000,14000
062926,嘉澤國票9B購01  ,0,0,0,0,0,0,0,0,0,14000,0,0,0,14000,0,14000,14000
062906,全新元大9B購03  ,0,0,0,0,0,0,0,0,0,14000,0,0,0,269000,255000,14000,14000
062181,義隆元大9B購03  ,0,0,0,0,0,0,0,0,0,14000,0,0,0,41000,27000,14000,14000
062491,矽創永豐9B購01  ,0,0,0,0,0,0,0,0,0,14000,0,0,0,24000,10000,14000,14000
062290,聯發科富邦9C購04,0,0,0,0,0,0,0,0,0,14000,0,0,0,14000,0,14000,14000
061443,大立光統一9C購02,0,0,0,0,0,0,0,0,0,14000,0,0,0,116000,102000,14000,14000
061530,智邦台新9A購02  ,0,0,0,0,0,0,0,0,0,14000,0,0,0,34000,20000,14000,14000
061486,國巨兆豐9B購02  ,0,0,0,0,0,0,0,0,0,14000,0,0,0,134000,120000,14000,14000
062995,聚陽國票9C購01  ,0,0,0,0,0,0,0,0,0,14000,0,0,0,23000,9000,14000,14000
062451,瀚宇博元大9B購02,0,0,0,0,0,0,0,0,0,14000,0,0,0,160000,146000,14000,14000
061161,南六群益9A購01  ,0,0,0,0,0,0,0,0,0,14000,0,0,0,14000,0,14000,14000
06117P,臺股指日盛97售02,0,0,0,0,0,0,0,0,0,14000,0,0,0,14000,0,14000,14000
061645,超眾元大9A購06  ,0,0,0,0,0,0,0,0,0,14000,0,0,0,86000,72000,14000,14000
5533,皇鼎            ,17000,4000,13000,0,0,0,0,0,0,0,0,0,0,0,0,0,13000
2739,寒舍            ,74000,61000,13000,0,0,0,0,0,0,0,0,0,0,0,0,0,13000
4722,國精化          ,19000,6000,13000,0,0,0,0,0,0,0,0,0,0,0,0,0,13000
3416,融程電          ,20000,8000,12000,0,0,0,0,0,0,1000,0,0,0,1000,0,1000,13000
1524,耿鼎            ,14000,1000,13000,0,0,0,0,0,0,0,0,0,0,0,0,0,13000
1454,台富            ,13000,0,13000,0,0,0,0,0,0,0,0,0,0,0,0,0,13000
1321,大洋            ,23000,11000,12000,0,0,0,0,0,0,1000,1000,0,1000,0,0,0,13000
1463,強盛            ,12000,2000,10000,0,0,0,0,0,0,3000,3000,0,3000,0,0,0,13000
08051P,臺股指國票9B售16,0,0,0,0,0,0,0,0,0,13000,0,0,0,17000,4000,13000,13000
063687,金像電永豐9B購04,0,0,0,0,0,0,0,0,0,13000,0,0,0,13000,0,13000,13000
07619P,鴻海統一9A售03  ,0,0,0,0,0,0,0,0,0,13000,0,0,0,68000,55000,13000,13000
07281P,鴻海凱基99售13  ,0,0,0,0,0,0,0,0,0,13000,0,0,0,13000,0,13000,13000
00731,FH富時高息低波  ,1000,2000,-1000,0,0,0,0,0,0,14000,0,0,0,1300000,1286000,14000,13000
051838,國巨國泰97購01  ,0,0,0,0,0,0,0,0,0,13000,0,0,0,116000,103000,13000,13000
050306,聯發科中信97購01,0,0,0,0,0,0,0,0,0,13000,0,0,0,13000,0,13000,13000
052366,聯詠國票96購01  ,0,0,0,0,0,0,0,0,0,13000,0,0,0,13000,0,13000,13000
053345,欣興國票97購02  ,0,0,0,0,0,0,0,0,0,13000,0,0,0,13000,0,13000,13000
054311,世芯凱基96購02  ,0,0,0,0,0,0,0,0,0,13000,0,0,0,61000,48000,13000,13000
055476,台郡凱基97購02  ,0,0,0,0,0,0,0,0,0,13000,0,0,0,60000,47000,13000,13000
058347,玉晶光群益9B購01,0,0,0,0,0,0,0,0,0,13000,0,0,0,167000,154000,13000,13000
059238,台積電凱基99購11,0,0,0,0,0,0,0,0,0,13000,0,0,0,13000,0,13000,13000
055594,華新科元大98購02,0,0,0,0,0,0,0,0,0,13000,0,0,0,24000,11000,13000,13000
056619,強茂永豐98購01  ,0,0,0,0,0,0,0,0,0,13000,0,0,0,116000,103000,13000,13000
055740,智易元富97購01  ,0,0,0,0,0,0,0,0,0,13000,0,0,0,13000,0,13000,13000
059058,可成凱基9B購01  ,0,0,0,0,0,0,0,0,0,13000,0,0,0,23000,10000,13000,13000
058998,鴻海元大99購22  ,0,0,0,0,0,0,0,0,0,13000,0,0,0,17000,4000,13000,13000
058967,可成麥證99購01  ,0,0,0,14000,0,14000,0,0,0,13000,0,0,0,14000,1000,13000,13000
059265,美律中信01購01  ,0,0,0,0,0,0,0,0,0,13000,0,0,0,13000,0,13000,13000
058487,晶技國票9A購01  ,0,0,0,0,0,0,0,0,0,13000,0,0,0,32000,19000,13000,13000
059351,台虹凱基99購01  ,0,0,0,0,0,0,0,0,0,13000,0,0,0,75000,62000,13000,13000
057909,台光電兆豐98購01,0,0,0,0,0,0,0,0,0,13000,0,0,0,23000,10000,13000,13000
060644,泰鼎永豐9A購02  ,0,0,0,0,0,0,0,0,0,13000,0,0,0,43000,30000,13000,13000
057760,聯發科凱基98購18,0,0,0,0,0,0,0,0,0,13000,0,0,0,13000,0,13000,13000
061751,華通台新9B購01  ,0,0,0,0,0,0,0,0,0,13000,0,0,0,27000,14000,13000,13000
061143,道瓊指中信9C購04,0,0,0,0,0,0,0,0,0,13000,0,0,0,13000,0,13000,13000
061104,華新科元大9A購13,0,0,0,0,0,0,0,0,0,13000,0,0,0,23000,10000,13000,13000
061931,力山國票9B購02  ,0,0,0,0,0,0,0,0,0,13000,0,0,0,44000,31000,13000,13000
061614,亞德客群益9A購01,0,0,0,0,0,0,0,0,0,13000,0,0,0,15000,2000,13000,13000
062302,聯詠中信05購02  ,0,0,0,0,0,0,0,0,0,13000,0,0,0,38000,25000,13000,13000
062071,華通元大9B購02  ,0,0,0,0,0,0,0,0,0,13000,0,0,0,62000,49000,13000,13000
063061,華新科元富9B購04,0,0,0,0,0,0,0,0,0,13000,0,0,0,13000,0,13000,13000
07309P,聯發科凱基99售18,0,0,0,0,0,0,0,0,0,12000,0,0,0,22000,10000,12000,12000
07145P,為升元大99售03  ,0,0,0,0,0,0,0,0,0,12000,0,0,0,12000,0,12000,12000
07027P,台積電群益99售04,0,0,0,0,0,0,0,0,0,12000,0,0,0,14000,2000,12000,12000
063436,儒鴻統一01購03  ,0,0,0,0,0,0,0,0,0,12000,0,0,0,12000,0,12000,12000
063405,聯發科國票9C購03,0,0,0,0,0,0,0,0,0,12000,0,0,0,18000,6000,12000,12000
063326,正隆國票9B購01  ,0,0,0,0,0,0,0,0,0,12000,0,0,0,12000,0,12000,12000
08004P,大毅永豐9B售02  ,0,0,0,0,0,0,0,0,0,12000,0,0,0,81000,69000,12000,12000
07958P,華擎群益9B售01  ,0,0,0,0,0,0,0,0,0,12000,0,0,0,12000,0,12000,12000
08157P,大立光元富9B售06,0,0,0,0,0,0,0,0,0,12000,0,0,0,12000,0,12000,12000
1762,中化生          ,2081000,1140000,941000,0,0,0,0,931000,-931000,2000,2000,0,2000,0,0,0,12000
2351,順德            ,108000,46000,62000,0,0,0,0,50000,-50000,0,0,0,0,0,0,0,12000
4739,康普            ,110000,99000,11000,0,0,0,0,0,0,1000,1000,0,1000,0,0,0,12000
6184,大豐電          ,22000,10000,12000,0,0,0,0,0,0,0,0,0,0,0,0,0,12000
9917,中保科          ,240000,231000,9000,0,0,0,2000,0,2000,1000,1000,0,1000,0,0,0,12000
6582,申豐            ,190000,187000,3000,0,0,0,0,0,0,9000,27000,18000,9000,0,0,0,12000
06016P,京元電凱基96售03,0,0,0,0,0,0,0,0,0,12000,0,0,0,40000,28000,12000,12000
055820,矽力國票98購02  ,0,0,0,0,0,0,0,0,0,12000,0,0,0,35000,23000,12000,12000
052324,康友元大96購02  ,0,0,0,0,0,0,0,0,0,12000,0,0,0,12000,0,12000,12000
052325,高股息中信99購01,0,0,0,0,0,0,0,0,0,12000,0,0,0,12000,0,12000,12000
053960,晶技永豐96購02  ,0,0,0,0,0,0,0,0,0,12000,0,0,0,12000,0,12000,12000
051355,聯發科元大96購01,0,0,0,0,0,0,0,0,0,12000,0,0,0,12000,0,12000,12000
051486,玉晶光凱基97購03,0,0,0,0,0,0,0,0,0,12000,0,0,0,214000,202000,12000,12000
051268,創意富邦97購01  ,0,0,0,0,0,0,0,0,0,12000,0,0,0,55000,43000,12000,12000
059761,國巨永豐99購06  ,0,0,0,0,0,0,0,0,0,12000,0,0,0,12000,0,12000,12000
057170,瑞昱元大98購01  ,0,0,0,0,0,0,0,0,0,12000,0,0,0,26000,14000,12000,12000
057095,祥碩元富98購02  ,0,0,0,0,0,0,0,0,0,12000,0,0,0,12000,0,12000,12000
056922,全新兆豐99購01  ,0,0,0,0,0,0,0,0,0,12000,0,0,0,22000,10000,12000,12000
060591,富邦金台新9A購01,0,0,0,0,0,0,0,0,0,12000,0,0,0,12000,0,12000,12000
059276,可成元大99購06  ,0,0,0,0,0,0,0,0,0,12000,0,0,0,47000,35000,12000,12000
058877,T50反1國泰9B購01,0,0,0,0,0,0,0,0,0,12000,0,0,0,90000,78000,12000,12000
058874,聯鈞國票9A購01  ,0,0,0,0,0,0,0,0,0,12000,0,0,0,92000,80000,12000,12000
059563,鴻海凱基9A購14  ,0,0,0,0,0,0,0,0,0,12000,0,0,0,14000,2000,12000,12000
059954,華新科康和99購01,0,0,0,0,0,0,0,0,0,12000,0,0,0,83000,71000,12000,12000
063177,友達兆豐9B購01  ,0,0,0,0,0,0,0,0,0,12000,0,0,0,97000,85000,12000,12000
062794,鴻海統一9C購15  ,0,0,0,0,0,0,0,0,0,12000,0,0,0,46000,34000,12000,12000
062668,國巨中信9B購04  ,0,0,0,0,0,0,0,0,0,12000,0,0,0,12000,0,12000,12000
062609,帆宣凱基9B購01  ,0,0,0,0,0,0,0,0,0,12000,0,0,0,12000,0,12000,12000
062157,聯發科凱基9B購08,0,0,0,0,0,0,0,0,0,12000,0,0,0,12000,0,12000,12000
061381,台灣50群益9B購07,0,0,0,0,0,0,0,0,0,12000,0,0,0,82000,70000,12000,12000
061406,華通國票9A購06  ,0,0,0,0,0,0,0,0,0,12000,0,0,0,12000,0,12000,12000
062271,華通群益9C購02  ,0,0,0,0,0,0,0,0,0,12000,0,0,0,306000,294000,12000,12000
062588,國巨統一9B購14  ,0,0,0,0,0,0,0,0,0,12000,0,0,0,12000,0,12000,12000
061548,聯詠群益9A購02  ,0,0,0,0,0,0,0,0,0,12000,0,0,0,18000,6000,12000,12000
061940,世紀鋼國票9C購01,0,0,0,0,0,0,0,0,0,12000,0,0,0,16000,4000,12000,12000
061898,茂林永豐9B購01  ,0,0,0,0,0,0,0,0,0,12000,0,0,0,12000,0,12000,12000
061835,華新科凱基02購03,0,0,0,0,0,0,0,0,0,12000,0,0,0,12000,0,12000,12000
061137,晶技統一9B購01  ,0,0,0,0,0,0,0,0,0,12000,0,0,0,47000,35000,12000,12000
3025,星通            ,14000,3000,11000,0,0,0,0,0,0,0,0,0,0,0,0,0,11000
2936,客思達-KY       ,11000,0,11000,0,0,0,0,0,0,0,0,0,0,0,0,0,11000
1592,英瑞-KY         ,59000,48000,11000,0,0,0,0,0,0,0,0,0,0,0,0,0,11000
1439,中和            ,72000,64000,8000,0,0,0,3000,0,3000,0,0,0,0,0,0,0,11000
1437,勤益控          ,11000,0,11000,0,0,0,0,0,0,0,0,0,0,0,0,0,11000
063459,華通元大9B購08  ,0,0,0,0,0,0,0,0,0,11000,0,0,0,86000,75000,11000,11000
063652,國泰金台新9B購01,0,0,0,0,0,0,0,0,0,11000,0,0,0,11000,0,11000,11000
06667P,鴻海凱基98售11  ,0,0,0,0,0,0,0,0,0,11000,0,0,0,43000,32000,11000,11000
06482P,台積電凱基98售13,0,0,0,0,0,0,0,0,0,11000,0,0,0,11000,0,11000,11000
051422,超眾國票96購01  ,0,0,0,0,0,0,0,0,0,11000,0,0,0,12000,1000,11000,11000
0055,元大MSCI金融    ,0,0,0,0,0,0,0,0,0,11000,0,0,0,11000,0,11000,11000
05052P,友達群益97售01  ,0,0,0,0,0,0,0,0,0,11000,0,0,0,61000,50000,11000,11000
049667,大立光國泰96購01,0,0,0,0,0,0,0,0,0,11000,0,0,0,11000,0,11000,11000
049296,義隆群益96購01  ,0,0,0,0,0,0,0,0,0,11000,0,0,0,11000,0,11000,11000
045055,聯發科元富98購03,0,0,0,0,0,0,0,0,0,11000,0,0,0,11000,0,11000,11000
052798,滬深2X元大96購07,0,0,0,0,0,0,0,0,0,11000,0,0,0,11000,0,11000,11000
052838,新唐國泰98購01  ,0,0,0,0,0,0,0,0,0,11000,0,0,0,31000,20000,11000,11000
053259,卜蜂群益97購01  ,0,0,0,0,0,0,0,0,0,11000,0,0,0,16000,5000,11000,11000
059215,台積電元大99購28,0,0,0,0,0,0,0,0,0,11000,0,0,0,86000,75000,11000,11000
05596P,可成統一96售01  ,0,0,0,0,0,0,0,0,0,11000,0,0,0,11000,0,11000,11000
055973,亞德客統一97購01,0,0,0,0,0,0,0,0,0,11000,0,0,0,25000,14000,11000,11000
054573,漢唐元大98購01  ,0,0,0,0,0,0,0,0,0,11000,0,0,0,11000,0,11000,11000
056696,茂林群益98購02  ,0,0,0,0,0,0,0,0,0,11000,0,0,0,11000,0,11000,11000
059956,玉山金康和99購01,0,0,0,0,0,0,0,0,0,11000,0,0,0,162000,151000,11000,11000
059612,奇鋐永豐99購02  ,0,0,0,0,0,0,0,0,0,11000,0,0,0,49000,38000,11000,11000
058940,聯發科中信9A購03,0,0,0,0,0,0,0,0,0,11000,0,0,0,11000,0,11000,11000
058686,祥碩凱基99購03  ,0,0,0,0,0,0,0,0,0,11000,0,0,0,16000,5000,11000,11000
060245,聯陽元大9C購01  ,0,0,0,0,0,0,0,0,0,11000,0,0,0,111000,100000,11000,11000
058287,國巨國票9A購02  ,0,0,0,0,0,0,0,0,0,11000,0,0,0,53000,42000,11000,11000
058269,世芯永豐9A購01  ,0,0,0,0,0,0,0,0,0,11000,0,0,0,40000,29000,11000,11000
060539,道瓊反凱基9A購01,0,0,0,0,0,0,0,0,0,11000,0,0,0,11000,0,11000,11000
060498,華通元大9A購03  ,0,0,0,0,0,0,0,0,0,11000,0,0,0,11000,0,11000,11000
060736,旺宏統一01購01  ,0,0,0,0,0,0,0,0,0,11000,0,0,0,57000,46000,11000,11000
056892,旺宏元大9A購02  ,0,0,0,0,0,0,0,0,0,11000,0,0,0,21000,10000,11000,11000
057852,國巨國票99購05  ,0,0,0,0,0,0,0,0,0,11000,0,0,0,11000,0,11000,11000
057946,晶相光國票99購01,0,0,0,0,0,0,0,0,0,11000,0,0,0,11000,0,11000,11000
059704,聯發科凱基9A購08,0,0,0,0,0,0,0,0,0,11000,0,0,0,11000,0,11000,11000
060092,瑞昱元大99購03  ,0,0,0,0,0,0,0,0,0,11000,0,0,0,11000,0,11000,11000
060084,聯電元大99購02  ,0,0,0,0,0,0,0,0,0,11000,0,0,0,32000,21000,11000,11000
059833,緯穎康和99購01  ,0,0,0,0,0,0,0,0,0,11000,0,0,0,11000,0,11000,11000
061190,力山永豐9A購02  ,0,0,0,0,0,0,0,0,0,11000,0,0,0,72000,61000,11000,11000
061059,世芯國票9B購01  ,0,0,0,0,0,0,0,0,0,11000,0,0,0,46000,35000,11000,11000
061056,臺指反國票02購01,0,0,0,0,0,0,0,0,0,11000,0,0,0,11000,0,11000,11000
061628,緯穎群益9A購04  ,0,0,0,0,0,0,0,0,0,11000,0,0,0,50000,39000,11000,11000
060878,奇力新中信9C購01,0,0,0,0,0,0,0,0,0,11000,0,0,0,41000,30000,11000,11000
060294,嘉澤元大9A購01  ,0,0,0,0,0,0,0,0,0,11000,0,0,0,15000,4000,11000,11000
060793,微星永豐9A購01  ,0,0,0,0,0,0,0,0,0,11000,0,0,0,48000,37000,11000,11000
061552,南六群益9A購02  ,0,0,0,0,0,0,0,0,0,11000,0,0,0,63000,52000,11000,11000
062474,台表科凱基9C購01,0,0,0,0,0,0,0,0,0,11000,0,0,0,11000,0,11000,11000
062377,力成元大9B購01  ,0,0,0,0,0,0,0,0,0,11000,0,0,0,405000,394000,11000,11000
061386,道瓊銀群益9A購03,0,0,0,0,0,0,0,0,0,11000,0,0,0,11000,0,11000,11000
061993,祥碩元大9C購01  ,0,0,0,0,0,0,0,0,0,11000,0,0,0,28000,17000,11000,11000
062082,嘉晶元大9B購01  ,0,0,0,0,0,0,0,0,0,11000,0,0,0,11000,0,11000,11000
06623P,立積元大98售04  ,0,0,0,0,0,0,0,0,0,10000,0,0,0,10000,0,10000,10000
063747,國巨國票9C購06  ,0,0,0,0,0,0,0,0,0,10000,0,0,0,10000,0,10000,10000
06347P,祥碩元富97售02  ,0,0,0,0,0,0,0,0,0,10000,0,0,0,10000,0,10000,10000
063394,金像電群益9B購01,0,0,0,0,0,0,0,0,0,10000,0,0,0,10000,0,10000,10000
063400,華擎群益9B購03  ,0,0,0,0,0,0,0,0,0,10000,0,0,0,10000,0,10000,10000
07352P,台積電國票99售11,0,0,0,0,0,0,0,0,0,10000,0,0,0,10000,0,10000,10000
07612P,國巨國泰9B售06  ,0,0,0,0,0,0,0,0,0,10000,0,0,0,10000,0,10000,10000
07668P,旺宏元大9A售10  ,0,0,0,0,0,0,0,0,0,10000,0,0,0,19000,9000,10000,10000
07675P,全新永豐9A售02  ,0,0,0,0,0,0,0,0,0,10000,0,0,0,10000,0,10000,10000
07808P,超眾永豐9A售04  ,0,0,0,0,0,0,0,0,0,10000,0,0,0,11000,1000,10000,10000
07834P,聯詠群益9A售03  ,0,0,0,0,0,0,0,0,0,10000,0,0,0,20000,10000,10000,10000
07929P,旺宏統一9B售07  ,0,0,0,0,0,0,0,0,0,10000,0,0,0,10000,0,10000,10000
1340,勝悅-KY         ,13000,3000,10000,0,0,0,0,0,0,0,0,0,0,0,0,0,10000
08221P,台表科凱基9B售05,0,0,0,0,0,0,0,0,0,10000,0,0,0,20000,10000,10000,10000
2383,台光電          ,832000,1236000,-404000,0,0,0,469000,0,469000,-55000,48000,87000,-39000,23000,39000,-16000,10000
2427,三商電          ,10000,0,10000,0,0,0,0,0,0,0,0,0,0,0,0,0,10000
2851,中再保          ,32000,22000,10000,0,0,0,0,0,0,0,0,0,0,0,0,0,10000
4438,廣越            ,65000,57000,8000,0,0,0,0,0,0,2000,2000,0,2000,0,0,0,10000
3311,閎暉            ,24000,14000,10000,0,0,0,0,0,0,0,0,0,0,0,0,0,10000
8103,瀚荃            ,10000,0,10000,0,0,0,0,0,0,0,0,0,0,0,0,0,10000
9905,大華            ,10000,1000,9000,0,0,0,0,0,0,1000,1000,0,1000,0,0,0,10000
056713,華擎永豐98購01  ,0,0,0,0,0,0,0,0,0,10000,0,0,0,20000,10000,10000,10000
056720,世紀鋼永豐98購01,0,0,0,0,0,0,0,0,0,10000,0,0,0,10000,0,10000,10000
056719,台虹永豐98購01  ,0,0,0,0,0,0,0,0,0,10000,0,0,0,10000,0,10000,10000
055742,健策元富97購02  ,0,0,0,0,0,0,0,0,0,10000,0,0,0,10000,0,10000,10000
056098,矽創元富97購02  ,0,0,0,0,0,0,0,0,0,10000,0,0,0,20000,10000,10000,10000
055988,矽力元富97購01  ,0,0,0,0,0,0,0,0,0,10000,0,0,0,10000,0,10000,10000
055211,A50反1凱基9A購01,0,0,0,0,0,0,0,0,0,10000,0,0,0,10000,0,10000,10000
055228,聯發科國票98購03,0,0,0,0,0,0,0,0,0,10000,0,0,0,10000,0,10000,10000
055247,聯發科統一98購01,0,0,0,0,0,0,0,0,0,10000,0,0,0,10000,0,10000,10000
055659,百和元富97購01  ,0,0,0,0,0,0,0,0,0,10000,0,0,0,10000,0,10000,10000
055687,瀚宇博凱基97購01,0,0,0,0,0,0,0,0,0,10000,0,0,0,10000,0,10000,10000
054711,禾伸堂元富97購01,0,0,0,0,0,0,0,0,0,10000,0,0,0,10000,0,10000,10000
054716,緯穎康和97購01  ,0,0,0,0,0,0,0,0,0,10000,0,0,0,10000,0,10000,10000
054682,東元永豐97購01  ,0,0,0,0,0,0,0,0,0,10000,0,0,0,10000,0,10000,10000
054634,FB上証中信99購01,0,0,0,0,0,0,0,0,0,10000,0,0,0,10000,0,10000,10000
056644,宏達電凱基98購04,0,0,0,0,0,0,0,0,0,10000,0,0,0,10000,0,10000,10000
056608,力山永豐98購01  ,0,0,0,0,0,0,0,0,0,10000,0,0,0,10000,0,10000,10000
056616,台光電永豐98購01,0,0,0,0,0,0,0,0,0,10000,0,0,0,10000,0,10000,10000
055623,貿聯國泰99購01  ,0,0,0,0,0,0,0,0,0,10000,0,0,0,20000,10000,10000,10000
056572,義隆元大99購01  ,0,0,0,0,0,0,0,0,0,10000,0,0,0,15000,5000,10000,10000
054989,精元元富97購01  ,0,0,0,0,0,0,0,0,0,10000,0,0,0,10000,0,10000,10000
054990,凌陽元富97購01  ,0,0,0,0,0,0,0,0,0,10000,0,0,0,10000,0,10000,10000
055025,華新科國泰98購02,0,0,0,0,0,0,0,0,0,10000,0,0,0,20000,10000,10000,10000
055027,牧德國泰99購01  ,0,0,0,0,0,0,0,0,0,10000,0,0,0,10000,0,10000,10000
055069,帆宣永豐97購01  ,0,0,0,0,0,0,0,0,0,10000,0,0,0,10000,0,10000,10000
055087,瑞昱亞東97購01  ,0,0,0,0,0,0,0,0,0,10000,0,0,0,10000,0,10000,10000
055112,晶豪科凱基98購01,0,0,0,0,0,0,0,0,0,10000,0,0,0,10000,0,10000,10000
054769,創意國票98購01  ,0,0,0,0,0,0,0,0,0,10000,0,0,0,10000,0,10000,10000
054559,台光電群益99購01,0,0,0,0,0,0,0,0,0,10000,0,0,0,10000,0,10000,10000
055785,祥碩凱基97購02  ,0,0,0,0,0,0,0,0,0,10000,0,0,0,10000,0,10000,10000
054434,友達台新96購03  ,0,0,0,0,0,0,0,0,0,10000,0,0,0,10000,0,10000,10000
055774,台光電凱基97購02,0,0,0,0,0,0,0,0,0,10000,0,0,0,10000,0,10000,10000
056754,智易兆豐99購01  ,0,0,0,0,0,0,0,0,0,10000,0,0,0,10000,0,10000,10000
056792,訊芯群益98購01  ,0,0,0,0,0,0,0,0,0,10000,0,0,0,10000,0,10000,10000
055912,宏達電凱基98購03,0,0,0,0,0,0,0,0,0,10000,0,0,0,16000,6000,10000,10000
056752,國巨兆豐98購02  ,0,0,0,0,0,0,0,0,0,10000,0,0,0,10000,0,10000,10000
056323,旺宏兆豐98購01  ,0,0,0,0,0,0,0,0,0,10000,0,0,0,20000,10000,10000,10000
056327,樺漢兆豐98購01  ,0,0,0,0,0,0,0,0,0,10000,0,0,0,20000,10000,10000,10000
056277,上銀富邦99購02  ,0,0,0,0,0,0,0,0,0,10000,0,0,0,47000,37000,10000,10000
05614P,臺股指康和96售03,0,0,0,0,0,0,0,0,0,10000,0,0,0,10000,0,10000,10000
056166,微星台新97購01  ,0,0,0,0,0,0,0,0,0,10000,0,0,0,10000,0,10000,10000
056211,南港國票98購01  ,0,0,0,0,0,0,0,0,0,10000,0,0,0,10000,0,10000,10000
056222,台積電凱基9A購01,0,0,0,0,0,0,0,0,0,10000,0,0,0,10000,0,10000,10000
060171,宏達電台新9A購01,0,0,0,0,0,0,0,0,0,10000,0,0,0,10000,0,10000,10000
060202,康友元富9A購01  ,0,0,0,0,0,0,0,0,0,10000,0,0,0,20000,10000,10000,10000
060220,華新科凱基9A購08,0,0,0,0,0,0,0,0,0,10000,0,0,0,10000,0,10000,10000
057472,T50正2元大9B購03,0,0,0,0,0,0,0,0,0,10000,0,0,0,10000,0,10000,10000
055830,上銀元大97購07  ,0,0,0,0,0,0,0,0,0,10000,0,0,0,10000,0,10000,10000
057420,美食凱基98購01  ,0,0,0,0,0,0,0,0,0,10000,0,0,0,20000,10000,10000,10000
058359,瑞昱凱基99購01  ,0,0,0,0,0,0,0,0,0,10000,0,0,0,10000,0,10000,10000
058361,美律凱基99購06  ,0,0,0,0,0,0,0,0,0,10000,0,0,0,10000,0,10000,10000
053313,世紀鋼凱基96購01,0,0,0,0,0,0,0,0,0,10000,0,0,0,10000,0,10000,10000
053169,貿聯群益97購01  ,0,0,0,0,0,0,0,0,0,10000,0,0,0,10000,0,10000,10000
053399,創意中信96購01  ,0,0,0,0,0,0,0,0,0,10000,0,0,0,10000,0,10000,10000
053401,臺股指中信99購01,0,0,0,0,0,0,0,0,0,10000,0,0,0,10000,0,10000,10000
053474,聯發科元大97購06,0,0,0,0,0,0,0,0,0,10000,0,0,0,10000,0,10000,10000
053501,明泰兆豐96購01  ,0,0,0,0,0,0,0,0,0,10000,0,0,0,30000,20000,10000,10000
053530,聯發科康和96購01,0,0,0,0,0,0,0,0,0,10000,0,0,0,20000,10000,10000,10000
053712,台光電凱基96購04,0,0,0,0,0,0,0,0,0,10000,0,0,0,10000,0,10000,10000
053729,聯茂凱基96購05  ,0,0,0,0,0,0,0,0,0,10000,0,0,0,10000,0,10000,10000
053656,可成凱基96購06  ,0,0,0,0,0,0,0,0,0,10000,0,0,0,10000,0,10000,10000
052446,聯發科元大96購03,0,0,0,0,0,0,0,0,0,10000,0,0,0,10000,0,10000,10000
052659,上証2X國票99購01,0,0,0,0,0,0,0,0,0,10000,0,0,0,10000,0,10000,10000
052828,滬深2X群益9A購02,0,0,0,0,0,0,0,0,0,10000,0,0,0,10000,0,10000,10000
052800,國巨元大96購05  ,0,0,0,0,0,0,0,0,0,10000,0,0,0,10000,0,10000,10000
053942,超眾國泰96購02  ,0,0,0,0,0,0,0,0,0,10000,0,0,0,10000,0,10000,10000
052934,中磊元大96購01  ,0,0,0,0,0,0,0,0,0,10000,0,0,0,10000,0,10000,10000
053855,康友國泰98購01  ,0,0,0,0,0,0,0,0,0,10000,0,0,0,10000,0,10000,10000
052983,國巨元大96購07  ,0,0,0,0,0,0,0,0,0,10000,0,0,0,10000,0,10000,10000
055330,上銀兆豐98購02  ,0,0,0,0,0,0,0,0,0,10000,0,0,0,10000,0,10000,10000
055386,致新元大97購02  ,0,0,0,0,0,0,0,0,0,10000,0,0,0,10000,0,10000,10000
055509,訊芯元大97購03  ,0,0,0,0,0,0,0,0,0,10000,0,0,0,10000,0,10000,10000
056472,美律元大99購03  ,0,0,0,0,0,0,0,0,0,10000,0,0,0,10000,0,10000,10000
056438,旺宏凱基98購05  ,0,0,0,0,0,0,0,0,0,10000,0,0,0,10000,0,10000,10000
045837,群創群益98購02  ,0,0,0,0,0,0,0,0,0,10000,0,0,0,10000,0,10000,10000
047202,欣興元富96購01  ,0,0,0,0,0,0,0,0,0,10000,0,0,0,10000,0,10000,10000
04787P,台積電永昌96售04,0,0,0,0,0,0,0,0,0,10000,0,0,0,10000,0,10000,10000
046905,新光金凱基99購01,0,0,0,0,0,0,0,0,0,10000,0,0,0,10000,0,10000,10000
047773,超眾元大96購01  ,0,0,0,0,0,0,0,0,0,10000,0,0,0,10000,0,10000,10000
047989,深中小元大96購02,0,0,0,0,0,0,0,0,0,10000,0,0,0,10000,0,10000,10000
049584,台積電元大96購04,0,0,0,0,0,0,0,0,0,10000,0,0,0,10000,0,10000,10000
049820,世紀鋼元大96購03,0,0,0,0,0,0,0,0,0,10000,0,0,0,10000,0,10000,10000
050099,台積電永昌96購01,0,0,0,0,0,0,0,0,0,10000,0,0,0,10000,0,10000,10000
053965,聯電元大98購04  ,0,0,0,0,0,0,0,0,0,10000,0,0,0,10000,0,10000,10000
050934,喬山國票96購01  ,0,0,0,0,0,0,0,0,0,10000,0,0,0,10000,0,10000,10000
054027,欣興凱基96購04  ,0,0,0,0,0,0,0,0,0,10000,0,0,0,10000,0,10000,10000
052237,嘉澤國票96購02  ,0,0,0,0,0,0,0,0,0,10000,0,0,0,11000,1000,10000,10000
052167,亞泥元大96購01  ,0,0,0,0,0,0,0,0,0,10000,0,0,0,10000,0,10000,10000
052180,緯穎元大96購05  ,0,0,0,0,0,0,0,0,0,10000,0,0,0,10000,0,10000,10000
052049,緯創凱基97購01  ,0,0,0,0,0,0,0,0,0,10000,0,0,0,10000,0,10000,10000
052061,樺漢國票96購01  ,0,0,0,0,0,0,0,0,0,10000,0,0,0,10000,0,10000,10000
052067,中磊兆豐96購01  ,0,0,0,0,0,0,0,0,0,10000,0,0,0,10000,0,10000,10000
05422P,大立光中信97售02,0,0,0,0,0,0,0,0,0,10000,0,0,0,151000,141000,10000,10000
054062,TPK國票96購02   ,0,0,0,0,0,0,0,0,0,10000,0,0,0,10000,0,10000,10000
054138,晶技元大98購02  ,0,0,0,0,0,0,0,0,0,10000,0,0,0,10000,0,10000,10000
051930,國泰金兆豐97購01,0,0,0,0,0,0,0,0,0,10000,0,0,0,10000,0,10000,10000
054132,聯發科元大97購10,0,0,0,0,0,0,0,0,0,10000,0,0,0,10000,0,10000,10000
050952,健策群益96購01  ,0,0,0,0,0,0,0,0,0,10000,0,0,0,10000,0,10000,10000
051237,鴻海元大97購01  ,0,0,0,0,0,0,0,0,0,10000,0,0,0,10000,0,10000,10000
051155,聯發科國泰96購01,0,0,0,0,0,0,0,0,0,10000,0,0,0,10000,0,10000,10000
051535,新日興國票96購01,0,0,0,0,0,0,0,0,0,10000,0,0,0,10000,0,10000,10000
051562,玉晶光國泰97購05,0,0,0,0,0,0,0,0,0,10000,0,0,0,10000,0,10000,10000
03566P,臺股指日盛03售01,0,0,0,0,0,0,0,0,0,10000,0,0,0,10000,0,10000,10000
057672,茂林元大98購02  ,0,0,0,0,0,0,0,0,0,10000,0,0,0,80000,70000,10000,10000
059817,華通凱基99購05  ,0,0,0,0,0,0,0,0,0,10000,0,0,0,10000,0,10000,10000
059827,晶技凱基99購03  ,0,0,0,0,0,0,0,0,0,10000,0,0,0,10000,0,10000,10000
060053,聯發科凱基9B購02,0,0,0,0,0,0,0,0,0,10000,0,0,0,10000,0,10000,10000
060049,華通凱基99購06  ,0,0,0,0,0,0,0,0,0,10000,0,0,0,10000,0,10000,10000
060116,世紀鋼元大99購07,0,0,0,0,0,0,0,0,0,10000,0,0,0,10000,0,10000,10000
056870,全新日盛9A購01  ,0,0,0,0,0,0,0,0,0,10000,0,0,0,10000,0,10000,10000
057743,華擎永豐98購03  ,0,0,0,0,0,0,0,0,0,10000,0,0,0,10000,0,10000,10000
057726,華通國泰9A購01  ,0,0,0,0,0,0,0,0,0,10000,0,0,0,10000,0,10000,10000
057683,技嘉日盛98購01  ,0,0,0,0,0,0,0,0,0,10000,0,0,0,10000,0,10000,10000
056836,國巨元富98購01  ,0,0,0,0,0,0,0,0,0,10000,0,0,0,341000,331000,10000,10000
059699,華通凱基99購04  ,0,0,0,0,0,0,0,0,0,10000,0,0,0,10000,0,10000,10000
059687,卜蜂永豐99購01  ,0,0,0,0,0,0,0,0,0,10000,0,0,0,10000,0,10000,10000
059682,可成富邦9A購01  ,0,0,0,0,0,0,0,0,0,10000,0,0,0,10000,0,10000,10000
058778,聯發科國票9A購01,0,0,0,0,0,0,0,0,0,10000,0,0,0,10000,0,10000,10000
05973P,聯詠元大96售06  ,0,0,0,0,0,0,0,0,0,10000,0,0,0,10000,0,10000,10000
05712P,友達統一97售03  ,0,0,0,0,0,0,0,0,0,10000,0,0,0,10000,0,10000,10000
057134,茂林凱基98購02  ,0,0,0,0,0,0,0,0,0,10000,0,0,0,10000,0,10000,10000
057180,華新科元大99購08,0,0,0,0,0,0,0,0,0,10000,0,0,0,10000,0,10000,10000
05718P,國巨元大96售09  ,0,0,0,0,0,0,0,0,0,10000,0,0,0,10000,0,10000,10000
05714P,群創統一97售03  ,0,0,0,0,0,0,0,0,0,10000,0,0,0,10000,0,10000,10000
058783,臺股指國票99購02,0,0,0,0,0,0,0,0,0,10000,0,0,0,12000,2000,10000,10000
057218,可成群益99購03  ,0,0,0,0,0,0,0,0,0,10000,0,0,0,10000,0,10000,10000
057270,遠東新元大98購01,0,0,0,0,0,0,0,0,0,10000,0,0,0,10000,0,10000,10000
057303,喬山兆豐99購01  ,0,0,0,0,0,0,0,0,0,10000,0,0,0,10000,0,10000,10000
057316,國巨凱基99購04  ,0,0,0,0,0,0,0,0,0,10000,0,0,0,10000,0,10000,10000
057916,國巨凱基98購13  ,0,0,0,0,0,0,0,0,0,10000,0,0,0,60000,50000,10000,10000
06858P,道瓊指中信9B售01,0,0,0,0,0,0,0,0,0,10000,0,0,0,10000,0,10000,10000
060718,中磊永豐9A購01  ,0,0,0,0,0,0,0,0,0,10000,0,0,0,45000,35000,10000,10000
060451,中石化元大9C購02,0,0,0,0,0,0,0,0,0,10000,0,0,0,10000,0,10000,10000
060429,南六永豐9A購01  ,0,0,0,0,0,0,0,0,0,10000,0,0,0,25000,15000,10000,10000
060571,京元電永豐9A購01,0,0,0,0,0,0,0,0,0,10000,0,0,0,72000,62000,10000,10000
060535,群創麥證9A購01  ,0,0,0,10000,0,10000,0,0,0,10000,0,0,0,10000,0,10000,10000
058282,聯茂中信99購01  ,0,0,0,0,0,0,0,0,0,10000,0,0,0,10000,0,10000,10000
058339,康友元富99購02  ,0,0,0,0,0,0,0,0,0,10000,0,0,0,10000,0,10000,10000
058019,美律凱基99購04  ,0,0,0,0,0,0,0,0,0,10000,0,0,0,10000,0,10000,10000
058013,SP黃豆凱基9A購01,0,0,0,0,0,0,0,0,0,10000,0,0,0,10000,0,10000,10000
058662,禾伸堂兆豐99購01,0,0,0,0,0,0,0,0,0,10000,0,0,0,10000,0,10000,10000
058059,晶技元富98購01  ,0,0,0,0,0,0,0,0,0,10000,0,0,0,10000,0,10000,10000
058050,台郡元大99購05  ,0,0,0,0,0,0,0,0,0,10000,0,0,0,246000,236000,10000,10000
058171,國巨凱基9A購07  ,0,0,0,0,0,0,0,0,0,10000,0,0,0,10000,0,10000,10000
058590,南電中信9A購02  ,0,0,0,0,0,0,0,0,0,10000,0,0,0,10000,0,10000,10000
059345,禾伸堂凱基99購03,0,0,0,0,0,0,0,0,0,10000,0,0,0,10000,0,10000,10000
058612,健策元大99購02  ,0,0,0,0,0,0,0,0,0,10000,0,0,0,27000,17000,10000,10000
059456,智易永豐99購01  ,0,0,0,0,0,0,0,0,0,10000,0,0,0,10000,0,10000,10000
059387,華通凱基9A購03  ,0,0,0,0,0,0,0,0,0,10000,0,0,0,10000,0,10000,10000
059316,國巨元大99購23  ,0,0,0,0,0,0,0,0,0,10000,0,0,0,10000,0,10000,10000
05752P,台積電中信96售06,0,0,0,0,0,0,0,0,0,10000,0,0,0,10000,0,10000,10000
057498,台郡元大98購04  ,0,0,0,0,0,0,0,0,0,10000,0,0,0,60000,50000,10000,10000
05869P,旺宏凱基96售05  ,0,0,0,0,0,0,0,0,0,10000,0,0,0,10000,0,10000,10000
059486,A50正2兆豐9A購01,0,0,0,0,0,0,0,0,0,10000,0,0,0,10000,0,10000,10000
059475,元石油群益99購02,0,0,0,0,0,0,0,0,0,10000,0,0,0,10000,0,10000,10000
059528,華新科凱基99購06,0,0,0,0,0,0,0,0,0,10000,0,0,0,10000,0,10000,10000
059529,華新科凱基9A購04,0,0,0,0,0,0,0,0,0,10000,0,0,0,10000,0,10000,10000
059558,T50正2凱基9C購03,0,0,0,0,0,0,0,0,0,10000,0,0,0,10000,0,10000,10000
059553,台灣50凱基99購05,0,0,0,0,0,0,0,0,0,10000,0,0,0,10000,0,10000,10000
058948,道瓊銀群益9C購01,0,0,0,0,0,0,0,0,0,10000,0,0,0,10000,0,10000,10000
058946,SGBR2X群益9B購01,0,0,0,0,0,0,0,0,0,10000,0,0,0,10000,0,10000,10000
058882,晶相光永豐99購01,0,0,0,0,0,0,0,0,0,10000,0,0,0,10000,0,10000,10000
059069,臺指反元大9C購01,0,0,0,0,0,0,0,0,0,10000,0,0,0,10000,0,10000,10000
059064,緯穎凱基99購02  ,0,0,0,0,0,0,0,0,0,10000,0,0,0,49000,39000,10000,10000
059160,華通凱基99購03  ,0,0,0,0,0,0,0,0,0,10000,0,0,0,10000,0,10000,10000
059129,麗豐中信99購01  ,0,0,0,0,0,0,0,0,0,10000,0,0,0,20000,10000,10000,10000
059094,臻鼎元大99購03  ,0,0,0,0,0,0,0,0,0,10000,0,0,0,10000,0,10000,10000
059595,華新科元大9A購03,0,0,0,0,0,0,0,0,0,10000,0,0,0,12000,2000,10000,10000
059572,華新科凱基99購08,0,0,0,0,0,0,0,0,0,10000,0,0,0,10000,0,10000,10000
057563,旭富國泰9A購01  ,0,0,0,0,0,0,0,0,0,10000,0,0,0,10000,0,10000,10000
057598,鴻海群益98購07  ,0,0,0,0,0,0,0,0,0,10000,0,0,0,10000,0,10000,10000
059640,聯詠凱基99購04  ,0,0,0,0,0,0,0,0,0,10000,0,0,0,10000,0,10000,10000
059650,緯穎凱基99購04  ,0,0,0,0,0,0,0,0,0,10000,0,0,0,40000,30000,10000,10000
059988,大立光元大9A購02,0,0,0,0,0,0,0,0,0,10000,0,0,0,10000,0,10000,10000
059877,康控凱基99購05  ,0,0,0,0,0,0,0,0,0,10000,0,0,0,56000,46000,10000,10000
059921,大立光元大99購24,0,0,0,0,0,0,0,0,0,10000,0,0,0,50000,40000,10000,10000
059908,元金2X元大99購01,0,0,0,0,0,0,0,0,0,10000,0,0,0,11000,1000,10000,10000
062179,旺宏元大9B購05  ,0,0,0,0,0,0,0,0,0,10000,0,0,0,10000,0,10000,10000
062180,瑞昱元大9B購03  ,0,0,0,0,0,0,0,0,0,10000,0,0,0,35000,25000,10000,10000
062137,華新科群益9B購04,0,0,0,0,0,0,0,0,0,10000,0,0,0,10000,0,10000,10000
061953,台積電台新9B購04,0,0,0,0,0,0,0,0,0,10000,0,0,0,10000,0,10000,10000
062396,華通永豐9B購01  ,0,0,0,0,0,0,0,0,0,10000,0,0,0,129000,119000,10000,10000
062533,嘉澤統一9C購01  ,0,0,0,0,0,0,0,0,0,10000,0,0,0,10000,0,10000,10000
062505,祥碩群益9B購03  ,0,0,0,0,0,0,0,0,0,10000,0,0,0,10000,0,10000,10000
062236,信邦凱基9B購01  ,0,0,0,0,0,0,0,0,0,10000,0,0,0,50000,40000,10000,10000
062310,南亞科凱基9B購02,0,0,0,0,0,0,0,0,0,10000,0,0,0,10000,0,10000,10000
062674,百和中信03購01  ,0,0,0,0,0,0,0,0,0,10000,0,0,0,10000,0,10000,10000
062731,力成凱基9B購02  ,0,0,0,0,0,0,0,0,0,10000,0,0,0,50000,40000,10000,10000
062757,華通凱基9B購02  ,0,0,0,0,0,0,0,0,0,10000,0,0,0,10000,0,10000,10000
062690,華擎統一9B購01  ,0,0,0,0,0,0,0,0,0,10000,0,0,0,30000,20000,10000,10000
063212,聯發科國票9C購02,0,0,0,0,0,0,0,0,0,10000,0,0,0,10000,0,10000,10000
063234,國巨元大9C購03  ,0,0,0,0,0,0,0,0,0,10000,0,0,0,10000,0,10000,10000
063084,可成凱基9C購01  ,0,0,0,0,0,0,0,0,0,10000,0,0,0,30000,20000,10000,10000
061600,聯電凱基9B購01  ,0,0,0,0,0,0,0,0,0,10000,0,0,0,40000,30000,10000,10000
061485,鴻海兆豐9A購01  ,0,0,0,0,0,0,0,0,0,10000,0,0,0,144000,134000,10000,10000
061477,晶豪科元大9A購01,0,0,0,0,0,0,0,0,0,10000,0,0,0,160000,150000,10000,10000
06131P,京鼎元富97售02  ,0,0,0,0,0,0,0,0,0,10000,0,0,0,10000,0,10000,10000
063527,美食凱基01購01  ,0,0,0,0,0,0,0,0,0,10000,0,0,0,10000,0,10000,10000
061839,華新科凱基05購04,0,0,0,0,0,0,0,0,0,10000,0,0,0,10000,0,10000,10000
061272,超眾凱基9A購03  ,0,0,0,0,0,0,0,0,0,10000,0,0,0,30000,20000,10000,10000
061905,上証反中信03購01,0,0,0,0,0,0,0,0,0,10000,0,0,0,10000,0,10000,10000
062468,台積電凱基9B購06,0,0,0,0,0,0,0,0,0,10000,0,0,0,10000,0,10000,10000
062997,嘉晶國票9B購03  ,0,0,0,0,0,0,0,0,0,10000,0,0,0,10000,0,10000,10000
063014,技嘉元大9B購03  ,0,0,0,0,0,0,0,0,0,10000,0,0,0,185000,175000,10000,10000
062977,健策元富9B購01  ,0,0,0,0,0,0,0,0,0,10000,0,0,0,17000,7000,10000,10000
061665,旺宏中信9C購01  ,0,0,0,0,0,0,0,0,0,10000,0,0,0,20000,10000,10000,10000
061707,超眾國票9B購01  ,0,0,0,0,0,0,0,0,0,10000,0,0,0,59000,49000,10000,10000
061050,康友中信9A購01  ,0,0,0,0,0,0,0,0,0,10000,0,0,0,10000,0,10000,10000
061078,台積電兆豐9A購01,0,0,0,0,0,0,0,0,0,10000,0,0,0,10000,0,10000,10000
061015,旺宏麥證9A購03  ,0,0,0,10000,0,10000,0,0,0,10000,0,0,0,10000,0,10000,10000
060943,宏達電國票9B購02,0,0,0,0,0,0,0,0,0,10000,0,0,0,48000,38000,10000,10000
060933,南電永豐9A購02  ,0,0,0,0,0,0,0,0,0,10000,0,0,0,10000,0,10000,10000
060979,國巨元大9A購14  ,0,0,0,0,0,0,0,0,0,10000,0,0,0,10000,0,10000,10000
060957,SP黃豆凱基9A購04,0,0,0,0,0,0,0,0,0,10000,0,0,0,10000,0,10000,10000
061203,國巨元大9A購15  ,0,0,0,0,0,0,0,0,0,10000,0,0,0,10000,0,10000,10000
061208,聯發科元大9A購09,0,0,0,0,0,0,0,0,0,10000,0,0,0,12000,2000,10000,10000
061171,大立光麥證9A購01,0,0,0,10000,0,10000,0,0,0,10000,0,0,0,10000,0,10000,10000
061082,台光電兆豐9A購01,0,0,0,0,0,0,0,0,0,10000,0,0,0,10000,0,10000,10000
910322,康師傅-DR       ,9000,0,9000,0,0,0,0,0,0,0,0,0,0,0,0,0,9000
6192,巨路            ,17000,8000,9000,0,0,0,0,0,0,0,0,0,0,0,0,0,9000
6416,瑞祺電通        ,297000,397000,-100000,0,0,0,0,30000,-30000,139000,60000,98000,-38000,187000,10000,177000,9000
5283,禾聯碩          ,21000,12000,9000,0,0,0,0,0,0,0,0,0,0,0,0,0,9000
1529,樂士            ,4000,2000,2000,0,0,0,0,0,0,7000,7000,0,7000,0,0,0,9000
07946P,華通統一9B售02  ,0,0,0,0,0,0,0,0,0,9000,0,0,0,29000,20000,9000,9000
07740P,臺股指永豐9A售01,0,0,0,0,0,0,0,0,0,9000,0,0,0,10000,1000,9000,9000
07758P,台積電國票9A售06,0,0,0,0,0,0,0,0,0,9000,0,0,0,10000,1000,9000,9000
07470P,國巨元大9A售06  ,0,0,0,0,0,0,0,0,0,9000,0,0,0,20000,11000,9000,9000
063329,健策國票9C購01  ,0,0,0,0,0,0,0,0,0,9000,0,0,0,17000,8000,9000,9000
063595,燿華中信9B購02  ,0,0,0,0,0,0,0,0,0,9000,0,0,0,85000,76000,9000,9000
03433B,臺股指元大9C熊01,0,0,0,0,0,0,0,0,0,9000,0,0,0,10000,1000,9000,9000
050992,台積電元大97購01,0,0,0,0,0,0,0,0,0,9000,0,0,0,9000,0,9000,9000
00689R,國泰20年美債反1 ,0,0,0,0,0,0,0,0,0,9000,0,0,0,109000,100000,9000,9000
043513,台灣50元大96購05,0,0,0,0,0,0,0,0,0,9000,0,0,0,9000,0,9000,9000
052936,華通兆豐98購01  ,0,0,0,0,0,0,0,0,0,9000,0,0,0,9000,0,9000,9000
053153,大立光元大99購02,0,0,0,0,0,0,0,0,0,9000,0,0,0,10000,1000,9000,9000
057456,道瓊銀富邦9C購01,0,0,0,0,0,0,0,0,0,9000,0,0,0,9000,0,9000,9000
057438,禾伸堂國票99購01,0,0,0,0,0,0,0,0,0,9000,0,0,0,47000,38000,9000,9000
056300,聯發科元大97購23,0,0,0,0,0,0,0,0,0,9000,0,0,0,43000,34000,9000,9000
056383,上銀國泰99購01  ,0,0,0,0,0,0,0,0,0,9000,0,0,0,11000,2000,9000,9000
054925,神達凱基97購01  ,0,0,0,0,0,0,0,0,0,9000,0,0,0,52000,43000,9000,9000
054633,臺股指凱基9A購02,0,0,0,0,0,0,0,0,0,9000,0,0,0,9000,0,9000,9000
059957,中信金康和99購01,0,0,0,0,0,0,0,0,0,9000,0,0,0,29000,20000,9000,9000
060037,鴻海國票99購10  ,0,0,0,0,0,0,0,0,0,9000,0,0,0,16000,7000,9000,9000
059994,國巨元富99購01  ,0,0,0,0,0,0,0,0,0,9000,0,0,0,14000,5000,9000,9000
059664,立積元大9C購01  ,0,0,0,0,0,0,0,0,0,9000,0,0,0,51000,42000,9000,9000
056958,喬山永豐98購01  ,0,0,0,0,0,0,0,0,0,9000,0,0,0,9000,0,9000,9000
057935,晶技群益98購02  ,0,0,0,0,0,0,0,0,0,9000,0,0,0,9000,0,9000,9000
059723,美律元大9A購02  ,0,0,0,0,0,0,0,0,0,9000,0,0,0,79000,70000,9000,9000
061214,華擎元大9A購04  ,0,0,0,0,0,0,0,0,0,9000,0,0,0,68000,59000,9000,9000
060970,T50反1元大9A購08,0,0,0,0,0,0,0,0,0,9000,0,0,0,9000,0,9000,9000
061780,國巨群益9C購01  ,0,0,0,0,0,0,0,0,0,9000,0,0,0,117000,108000,9000,9000
060789,禾伸堂富邦9B購02,0,0,0,0,0,0,0,0,0,9000,0,0,0,9000,0,9000,9000
063023,華擎元大9B購02  ,0,0,0,0,0,0,0,0,0,9000,0,0,0,60000,51000,9000,9000
063504,國巨群益9C購06  ,0,0,0,0,0,0,0,0,0,9000,0,0,0,9000,0,9000,9000
061562,群創國票9B購01  ,0,0,0,0,0,0,0,0,0,9000,0,0,0,51000,42000,9000,9000
063042,同欣電凱基9C購01,0,0,0,0,0,0,0,0,0,9000,0,0,0,88000,79000,9000,9000
062688,華擎統一01購03  ,0,0,0,0,0,0,0,0,0,9000,0,0,0,57000,48000,9000,9000
062860,華擎國票9B購02  ,0,0,0,0,0,0,0,0,0,9000,0,0,0,17000,8000,9000,9000
061992,祥碩元大9B購02  ,0,0,0,0,0,0,0,0,0,9000,0,0,0,48000,39000,9000,9000
061417,力成群益9A購01  ,0,0,0,0,0,0,0,0,0,9000,0,0,0,186000,177000,9000,9000
063482,緯穎元大9B購09  ,0,0,0,0,0,0,0,0,0,8000,0,0,0,50000,42000,8000,8000
063607,中租凱基9B購02  ,0,0,0,0,0,0,0,0,0,8000,0,0,0,8000,0,8000,8000
06445P,大立光凱基98售09,0,0,0,0,0,0,0,0,0,8000,0,0,0,8000,0,8000,8000
07655P,台灣50凱基01售09,0,0,0,0,0,0,0,0,0,8000,0,0,0,30000,22000,8000,8000
2030,彰源            ,9000,1000,8000,0,0,0,0,0,0,0,0,0,0,0,0,0,8000
07968P,國巨元大9B售09  ,0,0,0,0,0,0,0,0,0,8000,0,0,0,8000,0,8000,8000
3679,新至陞          ,9000,1000,8000,0,0,0,0,0,0,0,0,0,0,0,0,0,8000
3701,大眾控          ,8000,0,8000,0,0,0,0,0,0,0,0,0,0,0,0,0,8000
2612,中航            ,20000,12000,8000,0,0,0,0,0,0,0,0,0,0,0,0,0,8000
2540,愛山林          ,10000,2000,8000,0,0,0,0,0,0,0,0,0,0,0,0,0,8000
056742,玉晶光凱基9A購01,0,0,0,0,0,0,0,0,0,8000,0,0,0,16000,8000,8000,8000
054862,群光群益97購01  ,0,0,0,0,0,0,0,0,0,8000,0,0,0,106000,98000,8000,8000
055108,智邦凱基98購01  ,0,0,0,0,0,0,0,0,0,8000,0,0,0,13000,5000,8000,8000
058346,嘉晶群益99購01  ,0,0,0,0,0,0,0,0,0,8000,0,0,0,8000,0,8000,8000
059214,國巨元大99購20  ,0,0,0,0,0,0,0,0,0,8000,0,0,0,23000,15000,8000,8000
053629,玉山金兆豐96購01,0,0,0,0,0,0,0,0,0,8000,0,0,0,8000,0,8000,8000
054276,國巨群益96購07  ,0,0,0,0,0,0,0,0,0,8000,0,0,0,238000,230000,8000,8000
055368,台積電元大97購24,0,0,0,0,0,0,0,0,0,8000,0,0,0,8000,0,8000,8000
055501,創意元大97購01  ,0,0,0,0,0,0,0,0,0,8000,0,0,0,8000,0,8000,8000
055459,建準永豐97購03  ,0,0,0,0,0,0,0,0,0,8000,0,0,0,47000,39000,8000,8000
055451,台積電元富97購02,0,0,0,0,0,0,0,0,0,8000,0,0,0,8000,0,8000,8000
050402,緯穎中信96購01  ,0,0,0,0,0,0,0,0,0,8000,0,0,0,20000,12000,8000,8000
054152,漢唐國泰98購02  ,0,0,0,0,0,0,0,0,0,8000,0,0,0,10000,2000,8000,8000
03657C,T50反1元大99牛01,0,0,0,0,0,0,0,0,0,8000,0,0,0,99000,91000,8000,8000
059683,康控富邦9C購01  ,0,0,0,0,0,0,0,0,0,8000,0,0,0,37000,29000,8000,8000
057269,鈺齊兆豐98購01  ,0,0,0,0,0,0,0,0,0,8000,0,0,0,10000,2000,8000,8000
057001,華邦電國票99購02,0,0,0,0,0,0,0,0,0,8000,0,0,0,10000,2000,8000,8000
057734,訊芯國泰9A購01  ,0,0,0,0,0,0,0,0,0,8000,0,0,0,8000,0,8000,8000
059822,聯發科凱基99購19,0,0,0,0,0,0,0,0,0,8000,0,0,0,8000,0,8000,8000
057853,旺宏國票99購05  ,0,0,0,0,0,0,0,0,0,8000,0,0,0,8000,0,8000,8000
056921,京元電兆豐98購01,0,0,0,0,0,0,0,0,0,8000,0,0,0,28000,20000,8000,8000
060594,國巨麥證9A購01  ,0,0,0,8000,0,8000,0,0,0,8000,0,0,0,8000,0,8000,8000
060436,巨大永豐9A購01  ,0,0,0,0,0,0,0,0,0,8000,0,0,0,10000,2000,8000,8000
060015,國巨康和99購03  ,0,0,0,0,0,0,0,0,0,8000,0,0,0,52000,44000,8000,8000
059531,華新科凱基9B購02,0,0,0,0,0,0,0,0,0,8000,0,0,0,10000,2000,8000,8000
059507,鴻海永豐99購03  ,0,0,0,0,0,0,0,0,0,8000,0,0,0,55000,47000,8000,8000
058136,景碩元大99購02  ,0,0,0,0,0,0,0,0,0,8000,0,0,0,106000,98000,8000,8000
057977,台光電永豐98購02,0,0,0,0,0,0,0,0,0,8000,0,0,0,10000,2000,8000,8000
062053,華通統一9C購02  ,0,0,0,0,0,0,0,0,0,8000,0,0,0,70000,62000,8000,8000
062049,亞德客統一01購01,0,0,0,0,0,0,0,0,0,8000,0,0,0,290000,282000,8000,8000
062315,健策凱基9C購01  ,0,0,0,0,0,0,0,0,0,8000,0,0,0,19000,11000,8000,8000
062324,上銀統一9B購04  ,0,0,0,0,0,0,0,0,0,8000,0,0,0,51000,43000,8000,8000
06256P,臺股指群益97售09,0,0,0,0,0,0,0,0,0,8000,0,0,0,8000,0,8000,8000
06271P,彩晶凱基97售01  ,0,0,0,0,0,0,0,0,0,8000,0,0,0,10000,2000,8000,8000
062673,台新金中信03購01,0,0,0,0,0,0,0,0,0,8000,0,0,0,30000,22000,8000,8000
062934,大成鋼凱基9B購02,0,0,0,0,0,0,0,0,0,8000,0,0,0,68000,60000,8000,8000
063040,聯詠凱基9B購03  ,0,0,0,0,0,0,0,0,0,8000,0,0,0,8000,0,8000,8000
063190,聯茂凱基9B購01  ,0,0,0,0,0,0,0,0,0,8000,0,0,0,8000,0,8000,8000
061319,聯發科凱基9A購16,0,0,0,0,0,0,0,0,0,8000,0,0,0,20000,12000,8000,8000
06135P,志超元富97售01  ,0,0,0,0,0,0,0,0,0,8000,0,0,0,8000,0,8000,8000
060367,緯穎元富9A購02  ,0,0,0,0,0,0,0,0,0,8000,0,0,0,165000,157000,8000,8000
6573,虹揚-KY         ,1000,1000,0,0,0,0,0,0,0,7000,7000,0,7000,0,0,0,7000
6477,安集            ,71000,64000,7000,0,0,0,0,0,0,0,0,0,0,0,0,0,7000
6164,華興            ,7000,0,7000,0,0,0,0,0,0,0,0,0,0,0,0,0,7000
8411,福貞-KY         ,0,0,0,0,0,0,0,0,0,7000,7000,0,7000,0,0,0,7000
8210,勤誠            ,277000,244000,33000,0,0,0,0,0,0,-26000,6000,14000,-8000,6000,24000,-18000,7000
1232,大統益          ,13000,4000,9000,0,0,0,0,0,0,-2000,0,2000,-2000,0,0,0,7000
1737,臺鹽            ,21000,9000,12000,0,0,0,0,5000,-5000,0,0,0,0,0,0,0,7000
1817,凱撒衛          ,7000,0,7000,0,0,0,0,0,0,0,0,0,0,0,0,0,7000
1541,錩泰            ,8000,1000,7000,0,0,0,0,0,0,0,0,0,0,0,0,0,7000
2467,志聖            ,477000,470000,7000,0,0,0,0,0,0,0,0,0,0,0,0,0,7000
07473P,祥碩元大9A售01  ,0,0,0,0,0,0,0,0,0,7000,0,0,0,87000,80000,7000,7000
054148,矽創元大96購03  ,0,0,0,0,0,0,0,0,0,7000,0,0,0,75000,68000,7000,7000
052135,聯發科凱基9B購01,0,0,0,0,0,0,0,0,0,7000,0,0,0,7000,0,7000,7000
050142,聯發科元富9A購01,0,0,0,0,0,0,0,0,0,7000,0,0,0,7000,0,7000,7000
055403,泰鼎元富97購01  ,0,0,0,0,0,0,0,0,0,7000,0,0,0,7000,0,7000,7000
052617,景碩國泰98購01  ,0,0,0,0,0,0,0,0,0,7000,0,0,0,7000,0,7000,7000
053487,台泥兆豐97購01  ,0,0,0,0,0,0,0,0,0,7000,0,0,0,12000,5000,7000,7000
060212,華航康和9A購01  ,0,0,0,0,0,0,0,0,0,7000,0,0,0,61000,54000,7000,7000
057406,茂林群益98購03  ,0,0,0,0,0,0,0,0,0,7000,0,0,0,50000,43000,7000,7000
058387,國巨國票9A購03  ,0,0,0,0,0,0,0,0,0,7000,0,0,0,108000,101000,7000,7000
056275,國巨國泰98購04  ,0,0,0,0,0,0,0,0,0,7000,0,0,0,20000,13000,7000,7000
058649,健策永豐99購01  ,0,0,0,0,0,0,0,0,0,7000,0,0,0,42000,35000,7000,7000
059259,FBVIX中信03購06 ,0,0,0,0,0,0,0,0,0,7000,0,0,0,17000,10000,7000,7000
059381,TPK亞東99購01   ,0,0,0,0,0,0,0,0,0,7000,0,0,0,20000,13000,7000,7000
060038,台積電國票99購13,0,0,0,0,0,0,0,0,0,7000,0,0,0,7000,0,7000,7000
059876,智易凱基99購02  ,0,0,0,0,0,0,0,0,0,7000,0,0,0,7000,0,7000,7000
060530,聯發科中信9C購03,0,0,0,0,0,0,0,0,0,7000,0,0,0,37000,30000,7000,7000
057876,隆達元大98購01  ,0,0,0,0,0,0,0,0,0,7000,0,0,0,9000,2000,7000,7000
057831,聯發科元富02購04,0,0,0,0,0,0,0,0,0,7000,0,0,0,7000,0,7000,7000
06865P,亞德客元大98售04,0,0,0,0,0,0,0,0,0,7000,0,0,0,7000,0,7000,7000
059814,SP黃豆凱基9A購02,0,0,0,0,0,0,0,0,0,7000,0,0,0,12000,5000,7000,7000
057765,康舒凱基98購01  ,0,0,0,0,0,0,0,0,0,7000,0,0,0,7000,0,7000,7000
057364,國巨元大98購18  ,0,0,0,0,0,0,0,0,0,7000,0,0,0,43000,36000,7000,7000
062433,上銀元大9B購05  ,0,0,0,0,0,0,0,0,0,7000,0,0,0,68000,61000,7000,7000
063541,華擎元富9B購02  ,0,0,0,0,0,0,0,0,0,7000,0,0,0,92000,85000,7000,7000
061817,高鐵群益9B購01  ,0,3000,-3000,0,0,0,0,0,0,10000,0,0,0,16000,6000,10000,7000
061625,聯茂群益9A購02  ,0,0,0,0,0,0,0,0,0,7000,0,0,0,7000,0,7000,7000
062937,旺宏凱基9B購08  ,0,0,0,0,0,0,0,0,0,7000,0,0,0,14000,7000,7000,7000
063132,台表科元大9C購02,0,0,0,0,0,0,0,0,0,7000,0,0,0,105000,98000,7000,7000
062920,康友元大9B購01  ,0,0,0,0,0,0,0,0,0,7000,0,0,0,29000,22000,7000,7000
062400,晶豪科永豐9B購02,0,0,0,0,0,0,0,0,0,7000,0,0,0,20000,13000,7000,7000
062471,國泰金凱基9B購02,0,0,0,0,0,0,0,0,0,7000,0,0,0,10000,3000,7000,7000
062361,智邦元大9B購06  ,0,0,0,0,0,0,0,0,0,7000,0,0,0,64000,57000,7000,7000
062039,聯發科凱基9B購07,0,0,0,0,0,0,0,0,0,7000,0,0,0,10000,3000,7000,7000
062128,祥碩統一01購01  ,0,0,0,0,0,0,0,0,0,7000,0,0,0,42000,35000,7000,7000
061952,臺股指群益9B購01,0,0,0,0,0,0,0,0,0,7000,0,0,0,10000,3000,7000,7000
062022,緯穎永豐9B購01  ,0,0,0,0,0,0,0,0,0,7000,0,0,0,71000,64000,7000,7000
07494P,葡萄王元大9A售03,0,0,0,0,0,0,0,0,0,6000,0,0,0,6000,0,6000,6000
07765P,台積電群益9A售06,0,0,0,0,0,0,0,0,0,6000,0,0,0,10000,4000,6000,6000
07079P,台積電群益99售06,0,0,0,0,0,0,0,0,0,6000,0,0,0,6000,0,6000,6000
07103P,南電元大99售04  ,0,0,0,0,0,0,0,0,0,6000,0,0,0,8000,2000,6000,6000
06780P,義隆元大98售02  ,0,0,0,0,0,0,0,0,0,6000,0,0,0,314000,308000,6000,6000
06919P,臺股指日盛98售02,0,0,0,0,0,0,0,0,0,6000,0,0,0,36000,30000,6000,6000
06368P,台積電凱基97售15,0,0,0,0,0,0,0,0,0,6000,0,0,0,9000,3000,6000,6000
063694,貿聯永豐9B購01  ,0,0,0,0,0,0,0,0,0,6000,0,0,0,6000,0,6000,6000
063602,金像電凱基9B購04,0,0,0,0,0,0,0,0,0,6000,0,0,0,16000,10000,6000,6000
063416,台積電凱基9B購10,0,0,0,0,0,0,0,0,0,6000,0,0,0,6000,0,6000,6000
2482,連宇            ,2000,0,2000,0,0,0,0,0,0,4000,4000,0,4000,0,0,0,6000
1436,華友聯          ,6000,0,6000,0,0,0,0,0,0,0,0,0,0,0,0,0,6000
1443,立益            ,6000,0,6000,0,0,0,0,0,0,0,0,0,0,0,0,0,6000
08096P,大立光元富9B售04,0,0,0,0,0,0,0,0,0,6000,0,0,0,7000,1000,6000,6000
8033,雷虎            ,11000,11000,0,0,0,0,0,0,0,6000,6000,0,6000,0,0,0,6000
9930,中聯資源        ,5000,0,5000,0,0,0,0,0,0,1000,1000,0,1000,0,0,0,6000
6243,迅杰            ,3000,0,3000,0,0,0,0,0,0,3000,3000,0,3000,0,0,0,6000
4952,凌通            ,11000,5000,6000,0,0,0,0,0,0,0,0,0,0,0,0,0,6000
2748,雲品            ,8000,2000,6000,0,0,0,0,0,0,0,0,0,0,0,0,0,6000
2731,雄獅            ,26000,20000,6000,0,0,0,0,0,0,0,0,0,0,0,0,0,6000
2906,高林            ,16000,10000,6000,0,0,0,0,0,0,0,0,0,0,0,0,0,6000
2923,鼎固-KY         ,6000,0,6000,0,0,0,0,0,0,0,0,0,0,0,0,0,6000
4104,佳醫            ,69000,63000,6000,0,0,0,0,0,0,0,0,0,0,0,0,0,6000
056347,GIS凱基9A購01   ,0,0,0,0,0,0,0,0,0,6000,0,0,0,18000,12000,6000,6000
056291,聯茂永豐97購03  ,0,0,0,0,0,0,0,0,0,6000,0,0,0,10000,4000,6000,6000
055957,瑞昱元大97購06  ,0,0,0,0,0,0,0,0,0,6000,0,0,0,6000,0,6000,6000
060226,道瓊反元大9A購01,0,0,0,0,0,0,0,0,0,6000,0,0,0,23000,17000,6000,6000
059248,華新科凱基99購04,0,0,0,0,0,0,0,0,0,6000,0,0,0,6000,0,6000,6000
056673,中石化元富9B購01,0,0,0,0,0,0,0,0,0,6000,0,0,0,61000,55000,6000,6000
053168,晶技群益98購01  ,0,0,0,0,0,0,0,0,0,6000,0,0,0,6000,0,6000,6000
053255,貿聯國泰97購01  ,0,0,0,0,0,0,0,0,0,6000,0,0,0,93000,87000,6000,6000
053728,茂林凱基97購01  ,0,0,0,0,0,0,0,0,0,6000,0,0,0,6000,0,6000,6000
052434,茂林國泰97購01  ,0,0,0,0,0,0,0,0,0,6000,0,0,0,46000,40000,6000,6000
054406,旺宏國票98購01  ,0,0,0,0,0,0,0,0,0,6000,0,0,0,10000,4000,6000,6000
055449,超眾統一9A購01  ,0,0,0,0,0,0,0,0,0,6000,0,0,0,6000,0,6000,6000
056512,易華電永豐98購01,0,0,0,0,0,0,0,0,0,6000,0,0,0,6000,0,6000,6000
055384,緯穎元大98購02  ,0,0,0,0,0,0,0,0,0,6000,0,0,0,30000,24000,6000,6000
052895,台積電群益96購04,0,0,0,0,0,0,0,0,0,6000,0,0,0,6000,0,6000,6000
053849,聯發科元富96購04,0,0,0,0,0,0,0,0,0,6000,0,0,0,66000,60000,6000,6000
04434P,玉晶光國票96售02,0,0,0,0,0,0,0,0,0,6000,0,0,0,6000,0,6000,6000
03039X,元展36          ,0,0,0,0,0,0,0,0,0,6000,0,0,0,8000,2000,6000,6000
058785,臺股指國票99購04,0,0,0,0,0,0,0,0,0,6000,0,0,0,10000,4000,6000,6000
056980,建準群益98購02  ,0,0,0,0,0,0,0,0,0,6000,0,0,0,16000,10000,6000,6000
057377,康控元大99購02  ,0,0,0,0,0,0,0,0,0,6000,0,0,0,243000,237000,6000,6000
060529,聯發科中信9A購04,0,0,0,0,0,0,0,0,0,6000,0,0,0,93000,87000,6000,6000
060508,聯發科元大9A購04,0,0,0,0,0,0,0,0,0,6000,0,0,0,6000,0,6000,6000
060520,臺指2X中信01購02,0,0,0,0,0,0,0,0,0,6000,0,0,0,6000,0,6000,6000
060421,華擎永豐9A購01  ,0,0,0,0,0,0,0,0,0,6000,0,0,0,8000,2000,6000,6000
059931,緯穎富邦9A購01  ,0,0,0,0,0,0,0,0,0,6000,0,0,0,256000,250000,6000,6000
057618,台光電凱基99購01,0,0,0,0,0,0,0,0,0,6000,0,0,0,41000,35000,6000,6000
060020,康控康和99購01  ,0,0,0,0,0,0,0,0,0,6000,0,0,0,150000,144000,6000,6000
05998P,台積電元大97售12,0,0,0,0,0,0,0,0,0,6000,0,0,0,6000,0,6000,6000
059624,鴻海凱基01購01  ,0,0,0,0,0,0,0,0,0,6000,0,0,0,6000,0,6000,6000
058831,茂林永豐99購01  ,0,0,0,0,0,0,0,0,0,6000,0,0,0,12000,6000,6000,6000
059151,臺股指國票99購14,0,0,0,0,0,0,0,0,0,6000,0,0,0,6000,0,6000,6000
059364,昇陽半永豐99購02,0,0,0,0,0,0,0,0,0,6000,0,0,0,11000,5000,6000,6000
058018,南亞科凱基99購03,0,0,0,0,0,0,0,0,0,6000,0,0,0,46000,40000,6000,6000
058249,緯穎元大99購04  ,0,0,0,0,0,0,0,0,0,6000,0,0,0,67000,61000,6000,6000
062552,南電永豐9B購01  ,0,0,0,0,0,0,0,0,0,6000,0,0,0,6000,0,6000,6000
063096,勤誠國票9B購02  ,0,0,0,0,0,0,0,0,0,6000,0,0,0,11000,5000,6000,6000
061697,世紀鋼群益9A購03,0,0,0,0,0,0,0,0,0,6000,0,0,0,6000,0,6000,6000
061714,華新科凱基9A購15,0,0,0,0,0,0,0,0,0,6000,0,0,0,6000,0,6000,6000
06172P,台虹永豐97售02  ,0,0,0,0,0,0,0,0,0,6000,0,0,0,6000,0,6000,6000
060839,聯發科國票9A購02,0,0,0,0,0,0,0,0,0,6000,0,0,0,6000,0,6000,6000
061005,可成兆豐9A購01  ,0,0,0,0,0,0,0,0,0,6000,0,0,0,107000,101000,6000,6000
061063,國巨凱基9A購14  ,0,0,0,0,0,0,0,0,0,6000,0,0,0,6000,0,6000,6000
061932,上銀國票9B購01  ,0,0,0,0,0,0,0,0,0,6000,0,0,0,6000,0,6000,6000
4439,冠星-KY         ,5000,0,5000,0,0,0,0,0,0,0,0,0,0,0,0,0,5000
4764,雙鍵            ,7000,2000,5000,0,0,0,0,0,0,0,0,0,0,0,0,0,5000
4725,信昌化          ,5000,0,5000,0,0,0,0,0,0,0,0,0,0,0,0,0,5000
3305,昇貿            ,6000,1000,5000,0,0,0,0,0,0,0,0,0,0,0,0,0,5000
3024,憶聲            ,17000,12000,5000,0,0,0,0,0,0,0,0,0,0,0,0,0,5000
2509,全坤建          ,6000,0,6000,0,0,0,0,0,0,-1000,0,1000,-1000,0,0,0,5000
5288,豐祥-KY         ,20000,15000,5000,0,0,0,0,0,0,0,0,0,0,0,0,0,5000
6128,上福            ,8000,3000,5000,0,0,0,0,0,0,0,0,0,0,0,0,0,5000
08107P,聯發科統一9B售10,0,0,0,0,0,0,0,0,0,5000,0,0,0,5000,0,5000,5000
08000P,奇鋐凱基9B售03  ,0,0,0,0,0,0,0,0,0,5000,0,0,0,17000,12000,5000,5000
08013P,台灣50凱基9C售09,0,0,0,0,0,0,0,0,0,5000,0,0,0,5000,0,5000,5000
1459,聯發            ,6000,1000,5000,0,0,0,0,0,0,0,0,0,0,0,0,0,5000
063585,台積電永豐9B購03,0,0,0,0,0,0,0,0,0,5000,0,0,0,5000,0,5000,5000
063688,建準永豐9B購03  ,0,0,0,0,0,0,0,0,0,5000,0,0,0,75000,70000,5000,5000
06426P,T50正2元大9B售01,0,0,0,0,0,0,0,0,0,5000,0,0,0,5000,0,5000,5000
06394P,台積電元大97售28,0,0,0,0,0,0,0,0,0,5000,0,0,0,5000,0,5000,5000
06615P,鴻海元大9C售02  ,0,0,0,0,0,0,0,0,0,5000,0,0,0,6000,1000,5000,5000
06648P,華邦電元大98售03,0,0,0,0,0,0,0,0,0,5000,0,0,0,5000,0,5000,5000
06505P,康控國票99售02  ,0,0,0,0,0,0,0,0,0,5000,0,0,0,15000,10000,5000,5000
06513P,鴻海凱基98售10  ,0,0,0,0,0,0,0,0,0,5000,0,0,0,6000,1000,5000,5000
06535P,可成群益99售02  ,0,0,0,0,0,0,0,0,0,5000,0,0,0,105000,100000,5000,5000
07006P,旺宏統一9B售03  ,0,0,0,0,0,0,0,0,0,5000,0,0,0,8000,3000,5000,5000
07030P,鈺齊群益99售01  ,0,0,0,0,0,0,0,0,0,5000,0,0,0,5000,0,5000,5000
07433P,臺股指國票9A售05,0,0,0,0,0,0,0,0,0,5000,0,0,0,5000,0,5000,5000
07744P,奇力新凱基9A售05,0,0,0,0,0,0,0,0,0,5000,0,0,0,15000,10000,5000,5000
07833P,大立光群益9B售02,0,0,0,0,0,0,0,0,0,5000,0,0,0,6000,1000,5000,5000
07451P,鴻海元大9B售01  ,0,0,0,0,0,0,0,0,0,5000,0,0,0,5000,0,5000,5000
07557P,玉晶光元大9A售09,0,0,0,0,0,0,0,0,0,5000,0,0,0,43000,38000,5000,5000
07591P,台灣50元大9A售16,0,0,0,0,0,0,0,0,0,5000,0,0,0,5000,0,5000,5000
07596P,上証2X中信01售01,0,0,0,0,0,0,0,0,0,5000,0,0,0,5000,0,5000,5000
051830,健策元大97購01  ,0,0,0,0,0,0,0,0,0,5000,0,0,0,5000,0,5000,5000
03658C,T50反1元大9A牛02,0,0,0,0,0,0,0,0,0,5000,0,0,0,5000,0,5000,5000
00681R,元大美債20反1   ,3000,0,3000,0,0,0,0,0,0,2000,0,0,0,2000,0,2000,5000
050492,漢唐國泰96購01  ,0,0,0,0,0,0,0,0,0,5000,0,0,0,5000,0,5000,5000
050601,台表科國泰96購01,0,0,0,0,0,0,0,0,0,5000,0,0,0,5000,0,5000,5000
054002,GIS群益96購03   ,0,0,0,0,0,0,0,0,0,5000,0,0,0,5000,0,5000,5000
05076P,深中小群益99售02,0,0,0,0,0,0,0,0,0,5000,0,0,0,5000,0,5000,5000
050786,健策國泰96購01  ,0,0,0,0,0,0,0,0,0,5000,0,0,0,5000,0,5000,5000
052231,景碩凱基96購01  ,0,0,0,0,0,0,0,0,0,5000,0,0,0,50000,45000,5000,5000
052308,大立光國泰97購02,0,0,0,0,0,0,0,0,0,5000,0,0,0,5000,0,5000,5000
052328,台表科中信99購01,4000,0,4000,0,0,0,0,0,0,1000,0,0,0,1000,0,1000,5000
054259,健策元大97購03  ,0,0,0,0,0,0,0,0,0,5000,0,0,0,5000,0,5000,5000
054066,緯穎國票97購03  ,0,0,0,0,0,0,0,0,0,5000,0,0,0,15000,10000,5000,5000
055385,昇陽半元大98購01,0,0,0,0,0,0,0,0,0,5000,0,0,0,5000,0,5000,5000
055395,泰鼎統一97購01  ,0,0,0,0,0,0,0,0,0,5000,0,0,0,5000,0,5000,5000
056522,T50反1中信9B購01,0,0,0,0,0,0,0,0,0,5000,0,0,0,5000,0,5000,5000
055503,健策元大98購05  ,0,0,0,0,0,0,0,0,0,5000,0,0,0,5000,0,5000,5000
055489,瑞昱元大97購02  ,0,0,0,0,0,0,0,0,0,5000,0,0,0,5000,0,5000,5000
056416,華新科中信98購01,0,0,0,0,0,0,0,0,0,5000,0,0,0,25000,20000,5000,5000
056430,鴻海凱基98購06  ,0,0,0,0,0,0,0,0,0,5000,0,0,0,10000,5000,5000,5000
054293,健策元大98購02  ,0,0,0,0,0,0,0,0,0,5000,0,0,0,5000,0,5000,5000
052317,台積電元大96購11,0,0,0,0,0,0,0,0,0,5000,0,0,0,5000,0,5000,5000
052417,聯發科兆豐9B購01,0,0,0,0,0,0,0,0,0,5000,0,0,0,5000,0,5000,5000
053115,滬深2X中信97購01,0,0,0,0,0,0,0,0,0,5000,0,0,0,5000,0,5000,5000
052663,奇鋐國票97購01  ,0,0,0,0,0,0,0,0,0,5000,0,0,0,5000,0,5000,5000
052621,台郡富邦97購01  ,0,0,0,0,0,0,0,0,0,5000,0,0,0,5000,0,5000,5000
052530,台郡元大96購04  ,0,0,0,0,0,0,0,0,0,5000,0,0,0,5000,0,5000,5000
053693,欣興元大96購05  ,0,0,0,0,0,0,0,0,0,5000,0,0,0,5000,0,5000,5000
053577,上証2X元大96購02,0,0,0,0,0,0,0,0,0,5000,0,0,0,5000,0,5000,5000
053405,台達電兆豐96購01,0,0,0,0,0,0,0,0,0,5000,0,0,0,5000,0,5000,5000
053370,上証2X元大97購03,0,0,0,0,0,0,0,0,0,5000,0,0,0,5000,0,5000,5000
056682,鴻海統一98購10  ,0,0,0,0,0,0,0,0,0,5000,0,0,0,33000,28000,5000,5000
056744,麗豐凱基9A購01  ,0,0,0,0,0,0,0,0,0,5000,0,0,0,16000,11000,5000,5000
056739,美律凱基98購04  ,0,0,0,0,0,0,0,0,0,5000,0,0,0,5000,0,5000,5000
056749,滬深2X兆豐99購01,0,0,0,0,0,0,0,0,0,5000,0,0,0,5000,0,5000,5000
055322,欣興國票97購06  ,0,0,0,0,0,0,0,0,0,5000,0,0,0,5000,0,5000,5000
055291,京鼎元大97購02  ,0,0,0,0,0,0,0,0,0,5000,0,0,0,122000,117000,5000,5000
054967,神達元大97購01  ,0,0,0,0,0,0,0,0,0,5000,0,0,0,5000,0,5000,5000
056590,樺漢統一9A購01  ,0,0,0,0,0,0,0,0,0,5000,0,0,0,7000,2000,5000,5000
056631,臺股指永豐98購03,0,0,0,0,0,0,0,0,0,5000,0,0,0,5000,0,5000,5000
056641,華通凱基98購03  ,0,0,0,0,0,0,0,0,0,5000,0,0,0,28000,23000,5000,5000
060216,鴻海凱基9A購17  ,0,0,0,0,0,0,0,0,0,5000,0,0,0,7000,2000,5000,5000
060165,上緯控永豐9A購01,0,0,0,0,0,0,0,0,0,5000,0,0,0,55000,50000,5000,5000
057453,矽創元富98購01  ,0,0,0,0,0,0,0,0,0,5000,0,0,0,25000,20000,5000,5000
055866,臺股指元大97購03,0,0,0,0,0,0,0,0,0,5000,0,0,0,5000,0,5000,5000
054472,道瓊反中信9A購01,0,0,0,0,0,0,0,0,0,5000,0,0,0,25000,20000,5000,5000
055794,聯發科國泰99購01,0,0,0,0,0,0,0,0,0,5000,0,0,0,10000,5000,5000,5000
055805,矽力永豐97購01  ,0,0,0,0,0,0,0,0,0,5000,0,0,0,52000,47000,5000,5000
05632P,大立光群益96售02,0,0,0,0,0,0,0,0,0,5000,0,0,0,5000,0,5000,5000
056178,嘉澤元富97購02  ,0,0,0,0,0,0,0,0,0,5000,0,0,0,133000,128000,5000,5000
056153,華新科凱基97購02,0,0,0,0,0,0,0,0,0,5000,0,0,0,12000,7000,5000,5000
059361,玉晶光永豐99購04,0,0,0,0,0,0,0,0,0,5000,0,0,0,5000,0,5000,5000
058587,台積電中信9C購03,0,0,0,0,0,0,0,0,0,5000,0,0,0,15000,10000,5000,5000
059260,國巨中信99購05  ,0,0,0,0,0,0,0,0,0,5000,0,0,0,5000,0,5000,5000
059047,元油2X凱基9A購10,0,0,0,0,0,0,0,0,0,5000,0,0,0,5000,0,5000,5000
058688,矽創凱基9A購01  ,0,0,0,0,0,0,0,0,0,5000,0,0,0,5000,0,5000,5000
059567,台積電凱基9A購12,0,0,0,0,0,0,0,0,0,5000,0,0,0,5000,0,5000,5000
057556,智易凱基99購01  ,0,0,0,0,0,0,0,0,0,5000,0,0,0,25000,20000,5000,5000
05760P,京鼎永豐96售02  ,0,0,0,0,0,0,0,0,0,5000,0,0,0,5000,0,5000,5000
060751,高股息元大9B購01,0,0,0,0,0,0,0,0,0,5000,0,0,0,5000,0,5000,5000
060567,華擎富邦9C購01  ,0,0,0,0,0,0,0,0,0,5000,0,0,0,5000,0,5000,5000
057954,宏碁元大99購01  ,0,0,0,0,0,0,0,0,0,5000,0,0,0,5000,0,5000,5000
057813,京元電元大98購03,0,0,0,0,0,0,0,0,0,5000,0,0,0,5000,0,5000,5000
057017,和大凱基98購01  ,0,0,0,0,0,0,0,0,0,5000,0,0,0,5000,0,5000,5000
057857,牧德國票99購01  ,0,0,0,0,0,0,0,0,0,5000,0,0,0,20000,15000,5000,5000
05729P,臺股指凱基97售02,0,0,0,0,0,0,0,0,0,5000,0,0,0,49000,44000,5000,5000
058777,台光電國票9A購01,0,0,0,0,0,0,0,0,0,5000,0,0,0,5000,0,5000,5000
059732,超眾元大9A購01  ,0,0,0,0,0,0,0,0,0,5000,0,0,0,34000,29000,5000,5000
057086,立積統一9C購01  ,0,0,0,0,0,0,0,0,0,5000,0,0,0,10000,5000,5000,5000
057187,群創元大9B購04  ,0,0,0,0,0,0,0,0,0,5000,0,0,0,5000,0,5000,5000
057096,緯穎元富98購01  ,0,0,0,0,0,0,0,0,0,5000,0,0,0,31000,26000,5000,5000
057751,神達國票99購02  ,0,0,0,0,0,0,0,0,0,5000,0,0,0,5000,0,5000,5000
059805,台積電元富99購02,0,0,0,0,0,0,0,0,0,5000,0,0,0,5000,0,5000,5000
060051,台積電凱基9B購01,0,0,0,0,0,0,0,0,0,5000,0,0,0,5000,0,5000,5000
061288,大立光統一9C購01,0,0,0,0,0,0,0,0,0,5000,0,0,0,5000,0,5000,5000
061297,台積電富邦9C購09,0,0,0,0,0,0,0,0,0,5000,0,0,0,5000,0,5000,5000
063556,儒鴻元大9B購02  ,0,0,0,0,0,0,0,0,0,5000,0,0,0,5000,0,5000,5000
061564,華擎國票9A購02  ,0,0,0,0,0,0,0,0,0,5000,0,0,0,5000,0,5000,5000
061582,麗豐元大9A購01  ,0,0,0,0,0,0,0,0,0,5000,0,0,0,88000,83000,5000,5000
060962,義隆凱基9B購01  ,1000,0,1000,0,0,0,0,0,0,4000,0,0,0,840000,836000,4000,5000
060930,超眾永豐9A購03  ,0,0,0,0,0,0,0,0,0,5000,0,0,0,5000,0,5000,5000
061239,聯發科兆豐9A購01,0,0,0,0,0,0,0,0,0,5000,0,0,0,5000,0,5000,5000
060767,世紀鋼元大9A購02,0,0,0,0,0,0,0,0,0,5000,0,0,0,20000,15000,5000,5000
061180,華擎凱基9B購01  ,0,0,0,0,0,0,0,0,0,5000,0,0,0,5000,0,5000,5000
060897,健策凱基9A購04  ,0,0,0,0,0,0,0,0,0,5000,0,0,0,56000,51000,5000,5000
060889,國泰金統一9C購01,0,0,0,0,0,0,0,0,0,5000,0,0,0,296000,291000,5000,5000
060286,佳世達元大9C購01,0,0,0,0,0,0,0,0,0,5000,0,0,0,5000,0,5000,5000
061797,聯發科永豐9B購01,0,0,0,0,0,0,0,0,0,5000,0,0,0,10000,5000,5000,5000
063150,聯發科元富05購03,0,0,0,0,0,0,0,0,0,5000,0,0,0,5000,0,5000,5000
063211,道瓊銀國票9B購01,0,0,0,0,0,0,0,0,0,5000,0,0,0,5000,0,5000,5000
062777,鴻海元大9C購03  ,0,0,0,0,0,0,0,0,0,5000,0,0,0,68000,63000,5000,5000
062675,台積電台新9B購06,0,0,0,0,0,0,0,0,0,5000,0,0,0,5000,0,5000,5000
062623,元金2X國票01購01,0,0,0,0,0,0,0,0,0,5000,0,0,0,5000,0,5000,5000
062765,祥碩凱基9B購04  ,0,0,0,0,0,0,0,0,0,5000,0,0,0,96000,91000,5000,5000
062566,嘉晶中信9C購01  ,0,0,0,0,0,0,0,0,0,5000,0,0,0,21000,16000,5000,5000
062472,大立光凱基9B購04,0,0,0,0,0,0,0,0,0,5000,0,0,0,5000,0,5000,5000
062470,智邦凱基9C購01  ,0,0,0,0,0,0,0,0,0,5000,0,0,0,5000,0,5000,5000
062303,台表科中信01購01,0,0,0,0,0,0,0,0,0,5000,0,0,0,20000,15000,5000,5000
062276,瑞昱群益9B購01  ,0,0,0,0,0,0,0,0,0,5000,0,0,0,5000,0,5000,5000
061990,台勝科元大9C購01,0,0,0,0,0,0,0,0,0,5000,0,0,0,14000,9000,5000,5000
061943,上銀群益9B購02  ,0,0,0,0,0,0,0,0,0,5000,0,0,0,10000,5000,5000,5000
062068,滬深2X元大9B購02,0,0,0,0,0,0,0,0,0,5000,0,0,0,5000,0,5000,5000
062089,矽創元大9B購02  ,0,0,0,0,0,0,0,0,0,5000,0,0,0,105000,100000,5000,5000
07556P,玉晶光元大9A售08,0,0,0,0,0,0,0,0,0,4000,0,0,0,4000,0,4000,4000
07238P,台灣50國票99售07,0,0,0,0,0,0,0,0,0,4000,0,0,0,4000,0,4000,4000
07124P,台積電元大99售21,0,0,0,0,0,0,0,0,0,4000,0,0,0,4000,0,4000,4000
06441P,台積電凱基98售08,0,0,0,0,0,0,0,0,0,4000,0,0,0,4000,0,4000,4000
063623,祥碩兆豐9B購02  ,0,0,0,0,0,0,0,0,0,4000,0,0,0,14000,10000,4000,4000
1414,東和            ,3000,0,3000,0,0,0,0,0,0,1000,1000,0,1000,0,0,0,4000
1203,味王            ,4000,0,4000,0,0,0,0,0,0,0,0,0,0,0,0,0,4000
1517,利奇            ,13000,9000,4000,0,0,0,0,0,0,0,0,0,0,0,0,0,4000
2007,燁興            ,4000,0,4000,0,0,0,0,0,0,0,0,0,0,0,0,0,4000
6136,富爾特          ,3000,0,3000,0,0,0,0,0,0,1000,1000,0,1000,0,0,0,4000
9924,福興            ,34000,26000,8000,0,0,0,0,4000,-4000,0,0,0,0,0,0,0,4000
2488,漢平            ,13000,9000,4000,0,0,0,0,0,0,0,0,0,0,0,0,0,4000
2543,皇昌            ,6000,2000,4000,0,0,0,0,0,0,0,0,0,0,0,0,0,4000
2545,皇翔            ,19000,12000,7000,0,0,0,0,4000,-4000,1000,1000,0,1000,0,0,0,4000
056264,聯發科統一98購02,0,0,0,0,0,0,0,0,0,4000,0,0,0,4000,0,4000,4000
056362,聯發科元大99購01,0,0,0,0,0,0,0,0,0,4000,0,0,0,4000,0,4000,4000
055806,致新永豐97購02  ,0,0,0,0,0,0,0,0,0,4000,0,0,0,34000,30000,4000,4000
057433,上銀國票98購04  ,0,0,0,0,0,0,0,0,0,4000,0,0,0,4000,0,4000,4000
055654,景碩元富97購01  ,0,0,0,0,0,0,0,0,0,4000,0,0,0,10000,6000,4000,4000
055606,矽創元大97購01  ,0,0,0,0,0,0,0,0,0,4000,0,0,0,4000,0,4000,4000
055717,聯發科元大97購19,0,0,0,0,0,0,0,0,0,4000,0,0,0,4000,0,4000,4000
056085,聯發科統一97購01,0,0,0,0,0,0,0,0,0,4000,0,0,0,4000,0,4000,4000
052456,滬深2X元富9B購03,0,0,0,0,0,0,0,0,0,4000,0,0,0,4000,0,4000,4000
056426,上証2X凱基9A購01,0,0,0,0,0,0,0,0,0,4000,0,0,0,10000,6000,4000,4000
053827,漢唐麥證9A購01  ,0,0,0,10000,6000,4000,0,0,0,4000,0,0,0,10000,6000,4000,4000
052893,聯電群益98購01  ,0,0,0,0,0,0,0,0,0,4000,0,0,0,71000,67000,4000,4000
053998,泰鼎群益98購01  ,0,0,0,0,0,0,0,0,0,4000,0,0,0,4000,0,4000,4000
048652,巨大元大96購01  ,0,0,0,0,0,0,0,0,0,4000,0,0,0,4000,0,4000,4000
00657,國泰日經225     ,3000,0,3000,0,0,0,0,0,0,1000,0,0,0,113000,112000,1000,4000
00742,新光內需收益    ,0,0,0,0,0,0,0,0,0,4000,0,0,0,106000,102000,4000,4000
03029X,元展26          ,0,0,0,0,0,0,0,0,0,4000,0,0,0,4000,0,4000,4000
051721,玉晶光永豐96購02,0,0,0,0,0,0,0,0,0,4000,0,0,0,14000,10000,4000,4000
060111,臻鼎元大99購04  ,0,0,0,0,0,0,0,0,0,4000,0,0,0,4000,0,4000,4000
060096,聯發科元大99購43,0,0,0,0,0,0,0,0,0,4000,0,0,0,7000,3000,4000,4000
057735,台灣50富邦9C購02,0,0,0,0,0,0,0,0,0,4000,0,0,0,4000,0,4000,4000
057718,旺宏元富02購02  ,0,0,0,0,0,0,0,0,0,4000,0,0,0,4000,0,4000,4000
060656,國巨統一9C購03  ,0,0,0,0,0,0,0,0,0,4000,0,0,0,4000,0,4000,4000
059617,A50正2群益01購02,0,0,0,0,0,0,0,0,0,4000,0,0,0,4000,0,4000,4000
059555,台灣50凱基9A購06,0,0,0,0,0,0,0,0,0,4000,0,0,0,4000,0,4000,4000
059526,鴻海凱基99購12  ,0,0,0,0,0,0,0,0,0,4000,0,0,0,6000,2000,4000,4000
058936,國喬中信99購01  ,0,0,0,0,0,0,0,0,0,4000,0,0,0,24000,20000,4000,4000
058250,台虹元大99購01  ,0,0,0,0,0,0,0,0,0,4000,0,0,0,4000,0,4000,4000
058274,世紀鋼永豐99購01,0,0,0,0,0,0,0,0,0,4000,0,0,0,9000,5000,4000,4000
062059,聯發科統一9C購06,0,0,0,0,0,0,0,0,0,4000,0,0,0,4000,0,4000,4000
062196,聯發科中信01購02,0,0,0,0,0,0,0,0,0,4000,0,0,0,5000,1000,4000,4000
06226P,聯發科麥證97售03,0,0,0,4000,0,4000,0,0,0,4000,0,0,0,4000,0,4000,4000
06219P,國巨元富97售05  ,0,0,0,0,0,0,0,0,0,4000,0,0,0,4000,0,4000,4000
062497,遠東新群益9B購01,0,0,0,0,0,0,0,0,0,4000,0,0,0,107000,103000,4000,4000
062763,華擎凱基9C購02  ,0,0,0,0,0,0,0,0,0,4000,0,0,0,4000,0,4000,4000
063171,光寶科中信9B購01,0,0,0,0,0,0,0,0,0,4000,0,0,0,21000,17000,4000,4000
060282,聚陽元大9A購01  ,0,0,0,0,0,0,0,0,0,4000,0,0,0,4000,0,4000,4000
061233,國巨元大9A購17  ,0,0,0,0,0,0,0,0,0,4000,0,0,0,54000,50000,4000,4000
060910,聯發科元大9A購05,0,0,0,0,0,0,0,0,0,4000,0,0,0,16000,12000,4000,4000
061010,上銀麥證9A購02  ,0,0,0,4000,0,4000,0,0,0,4000,0,0,0,4000,0,4000,4000
061017,國泰金麥證9A購01,0,0,0,4000,0,4000,0,0,0,4000,0,0,0,4000,0,4000,4000
061473,台積電元大9A購33,0,0,0,0,0,0,0,0,0,4000,0,0,0,4000,0,4000,4000
061444,聯發科台新9A購01,0,0,0,0,0,0,0,0,0,4000,0,0,0,4000,0,4000,4000
061847,力山國票9B購01  ,0,0,0,0,0,0,0,0,0,4000,0,0,0,35000,31000,4000,4000
2524,京城            ,6000,5000,1000,0,0,0,0,0,0,2000,2000,0,2000,0,0,0,3000
2897A,王道銀甲特      ,0,0,0,0,0,0,0,0,0,3000,3000,0,3000,0,0,0,3000
2881B,富邦金乙特      ,0,0,0,0,0,0,0,0,0,3000,3000,0,3000,0,0,0,3000
3058,立德            ,5000,3000,2000,0,0,0,0,0,0,1000,1000,0,1000,0,0,0,3000
4571,鈞興-KY         ,3000,0,3000,0,0,0,0,0,0,0,0,0,0,0,0,0,3000
9103,美德醫療-DR     ,3000,0,3000,0,0,0,0,0,0,0,0,0,0,0,0,0,3000
6172,互億            ,3000,0,3000,0,0,0,0,0,0,0,0,0,0,0,0,0,3000
6196,帆宣            ,270000,259000,11000,0,0,0,3000,0,3000,-11000,0,0,0,3000,14000,-11000,3000
2028,威致            ,3000,0,3000,0,0,0,0,0,0,0,0,0,0,0,0,0,3000
2029,盛餘            ,2000,0,2000,0,0,0,0,0,0,1000,1000,0,1000,0,0,0,3000
2038,海光            ,4000,1000,3000,0,0,0,0,0,0,0,0,0,0,0,0,0,3000
1603,華電            ,5000,2000,3000,0,0,0,0,0,0,0,0,0,0,0,0,0,3000
1725,元禎            ,3000,0,3000,0,0,0,0,0,0,0,0,0,0,0,0,0,3000
2483,百容            ,3000,0,3000,0,0,0,0,0,0,0,0,0,0,0,0,0,3000
2442,新美齊          ,262000,259000,3000,0,0,0,0,0,0,0,0,0,0,0,0,0,3000
2227,裕日車          ,3000,36000,-33000,0,0,0,25000,0,25000,11000,11000,0,11000,0,0,0,3000
1440,南紡            ,141000,143000,-2000,0,0,0,0,0,0,5000,5000,0,5000,0,0,0,3000
063475,同欣電元大9C購01,0,0,0,0,0,0,0,0,0,3000,0,0,0,13000,10000,3000,3000
06717P,可成元大98售09  ,0,0,0,0,0,0,0,0,0,3000,0,0,0,8000,5000,3000,3000
06983P,台積電國泰9A售02,0,0,0,0,0,0,0,0,0,3000,0,0,0,3000,0,3000,3000
07244P,鴻海凱基9A售13  ,0,0,0,0,0,0,0,0,0,3000,0,0,0,3000,0,3000,3000
07387P,臺股指群益99售25,0,0,0,0,0,0,0,0,0,3000,0,0,0,13000,10000,3000,3000
07674P,金融類元大9A售01,0,0,0,0,0,0,0,0,0,3000,0,0,0,3000,0,3000,3000
07707P,玉山金元大9A售03,0,0,0,0,0,0,0,0,0,3000,0,0,0,3000,0,3000,3000
05134P,鴻海凱基96售06  ,0,0,0,0,0,0,0,0,0,3000,0,0,0,3000,0,3000,3000
051424,緯穎國票97購01  ,0,0,0,0,0,0,0,0,0,3000,0,0,0,3000,0,3000,3000
03071X,元展66          ,0,0,0,0,0,0,0,0,0,3000,0,0,0,3000,0,3000,3000
039212,台達電台新9A購01,0,0,0,0,0,0,0,0,0,3000,0,0,0,9000,6000,3000,3000
03682C,臺股指凱基9C牛07,0,0,0,0,0,0,0,0,0,3000,0,0,0,117000,114000,3000,3000
00735,國泰臺韓科技    ,0,0,0,0,0,0,0,0,0,3000,0,0,0,118000,115000,3000,3000
01003T,兆豐新光R1      ,3000,0,3000,0,0,0,0,0,0,0,0,0,0,0,0,0,3000
00685L,群益臺灣加權正2 ,0,0,0,0,0,0,0,0,0,3000,0,0,0,8000,5000,3000,3000
05060P,台達電富邦97售02,0,0,0,0,0,0,0,0,0,3000,0,0,0,3000,0,3000,3000
051911,大立光元大98購02,0,0,0,0,0,0,0,0,0,3000,0,0,0,3000,0,3000,3000
053945,國巨富邦98購02  ,0,0,0,0,0,0,0,0,0,3000,0,0,0,4000,1000,3000,3000
055402,正文元富97購02  ,0,0,0,0,0,0,0,0,0,3000,0,0,0,13000,10000,3000,3000
055326,緯穎國票97購06  ,0,0,0,0,0,0,0,0,0,3000,0,0,0,3000,0,3000,3000
056457,嘉澤凱基98購01  ,0,0,0,0,0,0,0,0,0,3000,0,0,0,12000,9000,3000,3000
054361,技嘉凱基96購01  ,0,0,0,0,0,0,0,0,0,3000,0,0,0,3000,0,3000,3000
053610,矽力中信98購01  ,0,0,0,0,0,0,0,0,0,3000,0,0,0,3000,0,3000,3000
056020,義隆群益97購01  ,0,0,0,0,0,0,0,0,0,3000,0,0,0,65000,62000,3000,3000
055715,智邦元大97購04  ,0,0,0,0,0,0,0,0,0,3000,0,0,0,3000,0,3000,3000
054743,聯鈞凱基99購01  ,0,0,0,0,0,0,0,0,0,3000,0,0,0,3000,0,3000,3000
055645,技嘉元富97購01  ,0,0,0,0,0,0,0,0,0,3000,0,0,0,4000,1000,3000,3000
055601,茂林元大97購03  ,0,0,0,0,0,0,0,0,0,3000,0,0,0,3000,0,3000,3000
055135,聯發科富邦99購05,0,0,0,0,0,0,0,0,0,3000,0,0,0,3000,0,3000,3000
054577,世芯元大98購01  ,0,0,0,0,0,0,0,0,0,3000,0,0,0,88000,85000,3000,3000
055849,聯詠元大97購05  ,0,0,0,0,0,0,0,0,0,3000,0,0,0,71000,68000,3000,3000
058442,玉晶光台新99購01,0,0,0,0,0,0,0,0,0,3000,0,0,0,3000,0,3000,3000
060163,健策永豐9B購01  ,0,0,0,0,0,0,0,0,0,3000,0,0,0,4000,1000,3000,3000
059237,鴻海凱基9A購10  ,0,0,0,0,0,0,0,0,0,3000,0,0,0,5000,2000,3000,3000
058025,聯茂國泰99購01  ,0,0,0,0,0,0,0,0,0,3000,0,0,0,180000,177000,3000,3000
058221,上銀統一99購04  ,0,0,0,0,0,0,0,0,0,3000,0,0,0,4000,1000,3000,3000
058105,旺宏統一9A購02  ,0,0,0,0,0,0,0,0,0,3000,0,0,0,18000,15000,3000,3000
058591,台灣50統一9B購02,0,0,0,0,0,0,0,0,0,3000,0,0,0,3000,0,3000,3000
059353,滬深2X富邦9A購02,0,0,0,0,0,0,0,0,0,3000,0,0,0,3000,0,3000,3000
059377,台積電群益99購09,0,0,0,0,0,0,0,0,0,3000,0,0,0,3000,0,3000,3000
058910,泰鼎元大99購03  ,0,0,0,0,0,0,0,0,0,3000,0,0,0,23000,20000,3000,3000
059541,T50正2康和99購01,0,0,0,0,0,0,0,0,0,3000,0,0,0,3000,0,3000,3000
058786,元黃金元大99購01,0,0,0,0,0,0,0,0,0,3000,0,0,0,10000,7000,3000,3000
059598,欣興元大99購08  ,0,0,0,0,0,0,0,0,0,3000,0,0,0,3000,0,3000,3000
059995,南亞科元富99購01,0,0,0,0,0,0,0,0,0,3000,0,0,0,91000,88000,3000,3000
059930,健策富邦9B購01  ,0,0,0,0,0,0,0,0,0,3000,0,0,0,3000,0,3000,3000
059907,道瓊指元大99購03,0,0,0,0,0,0,0,0,0,3000,0,0,0,9000,6000,3000,3000
060663,聯發科凱基9A購13,0,0,0,0,0,0,0,0,0,3000,0,0,0,3000,0,3000,3000
057828,緯穎元大99購02  ,0,0,0,0,0,0,0,0,0,3000,0,0,0,25000,22000,3000,3000
060526,台積電中信9A購02,0,0,0,0,0,0,0,0,0,3000,0,0,0,3000,0,3000,3000
060587,牧德元富9A購01  ,0,0,0,0,0,0,0,0,0,3000,0,0,0,3000,0,3000,3000
060600,台積電凱基9C購01,0,0,0,0,0,0,0,0,0,3000,0,0,0,3000,0,3000,3000
060620,玉晶光元大9A購04,0,0,0,0,0,0,0,0,0,3000,0,0,0,90000,87000,3000,3000
060395,儒鴻國票9A購01  ,0,0,0,0,0,0,0,0,0,3000,0,0,0,3000,0,3000,3000
06067P,華新科康和97售01,0,0,0,0,0,0,0,0,0,3000,0,0,0,93000,90000,3000,3000
058765,緯穎群益99購03  ,0,0,0,0,0,0,0,0,0,3000,0,0,0,15000,12000,3000,3000
059768,上証2X群益9C購02,0,0,0,0,0,0,0,0,0,3000,0,0,0,3000,0,3000,3000
05983P,聯詠國票96售02  ,0,0,0,0,0,0,0,0,0,3000,0,0,0,3000,0,3000,3000
057120,茂林康和98購01  ,0,0,0,0,0,0,0,0,0,3000,0,0,0,3000,0,3000,3000
059715,A50正2元大9C購02,0,0,0,0,0,0,0,0,0,3000,0,0,0,3000,0,3000,3000
062421,台積電統一9C購09,0,0,0,0,0,0,0,0,0,3000,0,0,0,3000,0,3000,3000
063549,國巨國票9C購05  ,0,0,0,0,0,0,0,0,0,3000,0,0,0,48000,45000,3000,3000
061484,華通兆豐9B購01  ,0,0,0,0,0,0,0,0,0,3000,0,0,0,3000,0,3000,3000
061607,台表科凱基9B購02,0,0,0,0,0,0,0,0,0,3000,0,0,0,11000,8000,3000,3000
060960,金像電凱基9B購01,0,0,0,0,0,0,0,0,0,3000,0,0,0,134000,131000,3000,3000
061154,可成群益9B購04  ,0,0,0,0,0,0,0,0,0,3000,0,0,0,56000,53000,3000,3000
061165,美律兆豐9A購01  ,0,0,0,0,0,0,0,0,0,3000,0,0,0,3000,0,3000,3000
060779,臺股指凱基9A購07,0,0,0,0,0,0,0,0,0,3000,0,0,0,9000,6000,3000,3000
061745,南電凱基9B購02  ,0,0,0,0,0,0,0,0,0,3000,0,0,0,13000,10000,3000,3000
063043,台灣50兆豐9B購02,0,0,0,0,0,0,0,0,0,3000,0,0,0,3000,0,3000,3000
063073,瑞昱永豐9B購01  ,0,0,0,0,0,0,0,0,0,3000,0,0,0,8000,5000,3000,3000
063199,台積電統一01購07,0,0,0,0,0,0,0,0,0,3000,0,0,0,3000,0,3000,3000
063259,廣達富邦9C購01  ,0,0,0,0,0,0,0,0,0,3000,0,0,0,208000,205000,3000,3000
062770,臺股指凱基9B購14,0,0,0,0,0,0,0,0,0,3000,0,0,0,3000,0,3000,3000
06284P,台積電國票98售03,0,0,0,0,0,0,0,0,0,3000,0,0,0,3000,0,3000,3000
062739,嘉晶國票9B購02  ,0,0,0,0,0,0,0,0,0,3000,0,0,0,38000,35000,3000,3000
062270,上銀群益9B購03  ,0,0,0,0,0,0,0,0,0,3000,0,0,0,3000,0,3000,3000
062114,GIS國票9C購01   ,0,0,0,0,0,0,0,0,0,3000,0,0,0,3000,0,3000,3000
062076,美律元大9B購02  ,0,0,0,0,0,0,0,0,0,3000,0,0,0,4000,1000,3000,3000
061436,上銀凱基9A購07  ,0,0,0,0,0,0,0,0,0,3000,0,0,0,3000,0,3000,3000
061410,緯穎國票9A購03  ,0,0,0,0,0,0,0,0,0,3000,0,0,0,11000,8000,3000,3000
061968,聯發科統一01購03,0,0,0,0,0,0,0,0,0,3000,0,0,0,3000,0,3000,3000
07705P,台積電元大9A售26,0,0,0,0,0,0,0,0,0,2000,0,0,0,2000,0,2000,2000
07620P,國巨統一9B售07  ,0,0,0,0,0,0,0,0,0,2000,0,0,0,2000,0,2000,2000
07504P,聯詠元大9A售02  ,0,0,0,0,0,0,0,0,0,2000,0,0,0,2000,0,2000,2000
07856P,力成凱基9A售02  ,0,0,0,0,0,0,0,0,0,2000,0,0,0,12000,10000,2000,2000
07900P,臺股指凱基9B售03,0,0,0,0,0,0,0,0,0,2000,0,0,0,2000,0,2000,2000
07754P,日月光元大9A售02,0,0,0,0,0,0,0,0,0,2000,0,0,0,5000,3000,2000,2000
07764P,世紀鋼永豐9A售04,0,0,0,0,0,0,0,0,0,2000,0,0,0,2000,0,2000,2000
07252P,台灣50凱基99售01,0,0,0,0,0,0,0,0,0,2000,0,0,0,20000,18000,2000,2000
06782P,大立光元大99售07,0,0,0,0,0,0,0,0,0,2000,0,0,0,2000,0,2000,2000
06928P,鴻海元大99售10  ,0,0,0,0,0,0,0,0,0,2000,0,0,0,3000,1000,2000,2000
06924P,台積電群益98售07,0,0,0,0,0,0,0,0,0,2000,0,0,0,2000,0,2000,2000
07023P,南電永豐99售02  ,0,0,0,0,0,0,0,0,0,2000,0,0,0,2000,0,2000,2000
063492,台積電富邦02購02,0,0,0,0,0,0,0,0,0,2000,0,0,0,2000,0,2000,2000
1438,裕豐            ,2000,0,2000,0,0,0,0,0,0,0,0,0,0,0,0,0,2000
1445,大宇            ,2000,0,2000,0,0,0,0,0,0,0,0,0,0,0,0,0,2000
1419,新紡            ,2000,0,2000,0,0,0,0,0,0,0,0,0,0,0,0,0,2000
1233,天仁            ,1000,0,1000,0,0,0,0,0,0,1000,1000,0,1000,0,0,0,2000
1220,台榮            ,0,0,0,0,0,0,0,0,0,2000,2000,0,2000,0,0,0,2000
1101B,台泥乙特        ,0,0,0,0,0,0,0,0,0,2000,2000,0,2000,0,0,0,2000
07998P,聯電凱基9C售01  ,0,0,0,0,0,0,0,0,0,2000,0,0,0,7000,5000,2000,2000
2440,太空梭          ,2000,0,2000,0,0,0,0,0,0,0,0,0,0,0,0,0,2000
2468,華經            ,15000,13000,2000,0,0,0,0,0,0,0,0,0,0,0,0,0,2000
2471,資通            ,18000,22000,-4000,0,0,0,6000,0,6000,0,0,0,0,0,0,0,2000
2450,神腦            ,32000,30000,2000,0,0,0,0,0,0,0,0,0,0,0,0,0,2000
1618,合機            ,1000,0,1000,0,0,0,0,0,0,1000,1000,0,1000,0,0,0,2000
1521,大億            ,2000,1000,1000,0,0,0,0,0,0,1000,1000,0,1000,0,0,0,2000
2012,春雨            ,1000,0,1000,0,0,0,0,0,0,1000,1000,0,1000,0,0,0,2000
2008,高興昌          ,2000,0,2000,0,0,0,0,0,0,0,0,0,0,0,0,0,2000
5258,虹堡            ,7000,10000,-3000,0,0,0,0,0,0,5000,5000,0,5000,0,0,0,2000
8478,東哥遊艇        ,3000,1000,2000,0,0,0,0,0,0,0,0,0,0,0,0,0,2000
8072,陞泰            ,0,0,0,0,0,0,0,0,0,2000,2000,0,2000,0,0,0,2000
9937,全國            ,3000,1000,2000,0,0,0,0,0,0,0,0,0,0,0,0,0,2000
4576,大銀微系統      ,43000,41000,2000,0,0,0,0,0,0,0,0,0,0,0,0,0,2000
3607,谷崧            ,0,0,0,0,0,0,0,0,0,2000,2000,0,2000,0,0,0,2000
3622,洋華            ,2000,0,2000,0,0,0,0,0,0,0,0,0,0,0,0,0,2000
3383,新世紀          ,2000,0,2000,0,0,0,0,0,0,0,0,0,0,0,0,0,2000
2852,第一保          ,4000,2000,2000,0,0,0,0,0,0,0,0,0,0,0,0,0,2000
2838A,聯邦銀甲特      ,1000,0,1000,0,0,0,0,0,0,1000,1000,0,1000,0,0,0,2000
2539,櫻花建          ,12000,14000,-2000,0,0,0,4000,0,4000,0,0,0,0,0,0,0,2000
059173,矽力凱基99購01  ,0,0,0,0,0,0,0,0,0,2000,0,0,0,12000,10000,2000,2000
057477,智邦元大98購09  ,0,0,0,0,0,0,0,0,0,2000,0,0,0,5000,3000,2000,2000
058411,技嘉兆豐99購01  ,0,0,0,0,0,0,0,0,0,2000,0,0,0,2000,0,2000,2000
058383,道瓊指中信9C購02,0,0,0,0,0,0,0,0,0,2000,0,0,0,2000,0,2000,2000
057405,麗豐群益98購01  ,0,0,0,0,0,0,0,0,0,2000,0,0,0,17000,15000,2000,2000
054542,台表科國票98購01,0,0,0,0,0,0,0,0,0,2000,0,0,0,2000,0,2000,2000
055901,超眾中信97購01  ,0,0,0,0,0,0,0,0,0,2000,0,0,0,2000,0,2000,2000
056796,國巨麥證98購02  ,0,0,0,10000,8000,2000,0,0,0,2000,0,0,0,10000,8000,2000,2000
056775,康控元大99購01  ,0,0,0,0,0,0,0,0,0,2000,0,0,0,2000,0,2000,2000
056777,矽力元大98購02  ,0,0,0,0,0,0,0,0,0,2000,0,0,0,33000,31000,2000,2000
055980,祥碩統一98購01  ,0,0,0,0,0,0,0,0,0,2000,0,0,0,3000,1000,2000,2000
056353,鴻海元大99購02  ,0,0,0,0,0,0,0,0,0,2000,0,0,0,2000,0,2000,2000
056256,聯茂元富97購03  ,0,0,0,0,0,0,0,0,0,2000,0,0,0,2000,0,2000,2000
056180,南茂元富97購01  ,0,0,0,0,0,0,0,0,0,2000,0,0,0,2000,0,2000,2000
054952,大毅元大97購02  ,0,0,0,0,0,0,0,0,0,2000,0,0,0,2000,0,2000,2000
054891,聯鈞統一99購02  ,0,0,0,0,0,0,0,0,0,2000,0,0,0,2000,0,2000,2000
054924,景碩凱基98購01  ,0,0,0,0,0,0,0,0,0,2000,0,0,0,2000,0,2000,2000
054766,智原國票98購01  ,0,0,0,0,0,0,0,0,0,2000,0,0,0,2000,0,2000,2000
054805,台苯元大9A購01  ,0,0,0,0,0,0,0,0,0,2000,0,0,0,72000,70000,2000,2000
055595,宏達電元大98購02,0,0,0,0,0,0,0,0,0,2000,0,0,0,2000,0,2000,2000
055605,緯穎元大97購02  ,0,0,0,0,0,0,0,0,0,2000,0,0,0,2000,0,2000,2000
056564,亞光群益98購02  ,0,0,0,0,0,0,0,0,0,2000,0,0,0,2000,0,2000,2000
056542,緯創凱基98購01  ,0,0,0,0,0,0,0,0,0,2000,0,0,0,2000,0,2000,2000
055300,緯穎元大98購01  ,0,0,0,0,0,0,0,0,0,2000,0,0,0,2000,0,2000,2000
056076,超眾元大97購05  ,0,0,0,0,0,0,0,0,0,2000,0,0,0,43000,41000,2000,2000
056721,台灣50永昌9A購01,0,0,0,0,0,0,0,0,0,2000,0,0,0,2000,0,2000,2000
053565,台光電富邦98購01,0,0,0,0,0,0,0,0,0,2000,0,0,0,2000,0,2000,2000
053560,漢唐國泰98購01  ,0,0,0,0,0,0,0,0,0,2000,0,0,0,2000,0,2000,2000
053378,台積電元大98購02,0,0,0,0,0,0,0,0,0,2000,0,0,0,54000,52000,2000,2000
053176,矽力群益96購02  ,0,0,0,0,0,0,0,0,0,2000,0,0,0,2000,0,2000,2000
054344,景碩國票97購04  ,0,0,0,0,0,0,0,0,0,2000,0,0,0,2000,0,2000,2000
054388,漢唐統一97購02  ,0,0,0,0,0,0,0,0,0,2000,0,0,0,2000,0,2000,2000
05271P,國巨富邦97售01  ,0,0,0,0,0,0,0,0,0,2000,0,0,0,12000,10000,2000,2000
053098,國巨元富96購04  ,0,0,0,0,0,0,0,0,0,2000,0,0,0,674000,672000,2000,2000
055409,元黃金富邦01購01,0,0,0,0,0,0,0,0,0,2000,0,0,0,2000,0,2000,2000
056505,聯發科永豐98購01,0,0,0,0,0,0,0,0,0,2000,0,0,0,2000,0,2000,2000
056508,揚明光永豐98購01,0,0,0,0,0,0,0,0,0,2000,0,0,0,54000,52000,2000,2000
053823,茂林群益96購06  ,0,0,0,0,0,0,0,0,0,2000,0,0,0,2000,0,2000,2000
05033P,T50反1元大98售01,0,0,0,0,0,0,0,0,0,2000,0,0,0,2000,0,2000,2000
047689,瑞昱富邦97購01  ,0,0,0,0,0,0,0,0,0,2000,0,0,0,2000,0,2000,2000
006204,永豐臺灣加權    ,0,0,0,0,0,0,0,0,0,2000,0,0,0,24000,22000,2000,2000
0054,元大台商50      ,0,0,0,0,0,0,0,0,0,2000,0,0,0,4000,2000,2000,2000
020004,兆豐電菁英30N   ,0,0,0,0,0,0,0,0,0,2000,0,0,0,2000,0,2000,2000
00866,新光Shiller CAPE,0,0,0,0,0,0,0,0,0,2000,0,0,0,28000,26000,2000,2000
02001L,富邦蘋果正二N   ,0,0,0,0,0,0,0,0,0,2000,0,0,0,2000,0,2000,2000
03094X,大立光元大68展08,0,0,0,0,0,0,0,0,0,2000,0,0,0,2000,0,2000,2000
051747,貿聯國泰96購01  ,0,0,0,0,0,0,0,0,0,2000,0,0,0,2000,0,2000,2000
059734,T50正2元富99購05,0,0,0,0,0,0,0,0,0,2000,0,0,0,2000,0,2000,2000
057346,鴻海統一98購13  ,0,0,0,0,0,0,0,0,0,2000,0,0,0,34000,32000,2000,2000
057294,台灣50永豐99購01,0,0,0,0,0,0,0,0,0,2000,0,0,0,2000,0,2000,2000
05762P,昇陽半永豐96售04,0,0,0,0,0,0,0,0,0,2000,0,0,0,3000,1000,2000,2000
060077,台積電台新9B購01,0,0,0,0,0,0,0,0,0,2000,0,0,0,2000,0,2000,2000
060073,台積電元富99購03,0,0,0,0,0,0,0,0,0,2000,0,0,0,2000,0,2000,2000
060071,國巨元富99購03  ,0,0,0,0,0,0,0,0,0,2000,0,0,0,2000,0,2000,2000
058766,力山兆豐99購01  ,0,0,0,0,0,0,0,0,0,2000,0,0,0,19000,17000,2000,2000
056834,華新元富99購01  ,0,0,0,0,0,0,0,0,0,2000,0,0,0,2000,0,2000,2000
056843,冠德元富98購01  ,0,0,0,0,0,0,0,0,0,2000,0,0,0,2000,0,2000,2000
060484,聯發科富邦9C購02,0,0,0,0,0,0,0,0,0,2000,0,0,0,20000,18000,2000,2000
060578,臺股指中信9C購03,0,0,0,0,0,0,0,0,0,2000,0,0,0,2000,0,2000,2000
060550,可成凱基9A購02  ,0,0,0,0,0,0,0,0,0,2000,0,0,0,3000,1000,2000,2000
057796,鴻海兆豐99購03  ,0,0,0,0,0,0,0,0,0,2000,0,0,0,2000,0,2000,2000
057915,台泥凱基98購01  ,0,0,0,0,0,0,0,0,0,2000,0,0,0,17000,15000,2000,2000
058823,聯發科富邦9C購01,0,0,0,0,0,0,0,0,0,2000,0,0,0,2000,0,2000,2000
059302,大立光群益99購08,0,0,0,0,0,0,0,0,0,2000,0,0,0,2000,0,2000,2000
058246,帆宣元大99購01  ,0,0,0,0,0,0,0,0,0,2000,0,0,0,2000,0,2000,2000
058320,華新科永豐99購02,0,0,0,0,0,0,0,0,0,2000,0,0,0,82000,80000,2000,2000
058340,高股息群益99購01,0,0,0,0,0,0,0,0,0,2000,0,0,0,202000,200000,2000,2000
061980,聯發科元大9B購01,0,0,0,0,0,0,0,0,0,2000,0,0,0,28000,26000,2000,2000
061435,元金2X凱基9C購03,0,0,0,0,0,0,0,0,0,2000,0,0,0,17000,15000,2000,2000
062088,緯穎元大9B購04  ,0,0,0,0,0,0,0,0,0,2000,0,0,0,35000,33000,2000,2000
062120,國巨台新9B購01  ,0,0,0,0,0,0,0,0,0,2000,0,0,0,2000,0,2000,2000
062132,神隆群益9B購01  ,0,0,0,0,0,0,0,0,0,2000,0,0,0,100000,98000,2000,2000
062218,燿華統一01購01  ,0,0,0,0,0,0,0,0,0,2000,0,0,0,66000,64000,2000,2000
062343,中石化群益9B購01,0,0,0,0,0,0,0,0,0,2000,0,0,0,139000,137000,2000,2000
062487,中興電永豐9B購01,0,0,0,0,0,0,0,0,0,2000,0,0,0,2000,0,2000,2000
062562,瑞儀凱基9B購02  ,0,0,0,0,0,0,0,0,0,2000,0,0,0,90000,88000,2000,2000
062720,南亞科凱基9B購03,0,0,0,0,0,0,0,0,0,2000,0,0,0,50000,48000,2000,2000
062796,技嘉統一9C購01  ,0,0,0,0,0,0,0,0,0,2000,0,0,0,87000,85000,2000,2000
063238,漢唐元大9B購02  ,0,0,0,0,0,0,0,0,0,2000,0,0,0,65000,63000,2000,2000
062964,FBVIX元富9B購01 ,0,0,0,0,0,0,0,0,0,2000,0,0,0,2000,0,2000,2000
062949,聯發科富邦01購01,0,0,0,0,0,0,0,0,0,2000,0,0,0,15000,13000,2000,2000
061636,聯發科元大9A購11,0,0,0,0,0,0,0,0,0,2000,0,0,0,2000,0,2000,2000
060267,上緯控國票9C購01,0,0,0,0,0,0,0,0,0,2000,0,0,0,2000,0,2000,2000
06094P,台達電中信97售01,0,0,0,0,0,0,0,0,0,2000,0,0,0,2000,0,2000,2000
060929,健策永豐9A購01  ,0,0,0,0,0,0,0,0,0,2000,0,0,0,14000,12000,2000,2000
060992,健策元大9A購05  ,0,0,0,0,0,0,0,0,0,2000,0,0,0,46000,44000,2000,2000
061340,義隆元大9A購01  ,0,0,0,0,0,0,0,0,0,2000,0,0,0,14000,12000,2000,2000
061912,台積電中信05購05,0,0,0,0,0,0,0,0,0,2000,0,0,0,3000,1000,2000,2000
061894,台積電永豐9B購01,0,0,0,0,0,0,0,0,0,2000,0,0,0,2000,0,2000,2000
062461,智伸科群益9B購01,0,0,0,0,0,0,0,0,0,2000,0,0,0,2000,0,2000,2000
060366,健策元富9A購01  ,0,0,0,0,0,0,0,0,0,2000,0,0,0,2000,0,2000,2000
060908,金像電元大9A購03,0,0,0,0,0,0,0,0,0,2000,0,0,0,54000,52000,2000,2000
060335,明泰康和9A購01  ,0,0,0,0,0,0,0,0,0,2000,0,0,0,2000,0,2000,2000
2528,皇普            ,0,0,0,0,0,0,0,0,0,1000,1000,0,1000,0,0,0,1000
2611,志信            ,1000,0,1000,0,0,0,0,0,0,0,0,0,0,0,0,0,1000
2910,統領            ,2000,1000,1000,0,0,0,0,0,0,0,0,0,0,0,0,0,1000
3028,增你強          ,1000,0,1000,0,0,0,0,0,0,0,0,0,0,0,0,0,1000
3033,威健            ,11000,11000,0,0,0,0,0,0,0,1000,1000,0,1000,0,0,0,1000
3528,安馳            ,1000,0,1000,0,0,0,0,0,0,0,0,0,0,0,0,0,1000
3550,聯穎            ,0,0,0,0,0,0,0,0,0,1000,1000,0,1000,0,0,0,1000
3046,建碁            ,1000,0,1000,0,0,0,0,0,0,0,0,0,0,0,0,0,1000
4807,日成-KY         ,1000,0,1000,0,0,0,0,0,0,0,0,0,0,0,0,0,1000
4755,三福化          ,0,0,0,0,0,0,0,0,0,1000,1000,0,1000,0,0,0,1000
4557,永新-KY         ,1000,0,1000,0,0,0,0,0,0,0,0,0,0,0,0,0,1000
9931,欣高            ,1000,0,1000,0,0,0,0,0,0,0,0,0,0,0,0,0,1000
9929,秋雨            ,1000,0,1000,0,0,0,0,0,0,0,0,0,0,0,0,0,1000
9941A,裕融甲特        ,0,0,0,0,0,0,0,0,0,1000,1000,0,1000,0,0,0,1000
8374,羅昇            ,2000,1000,1000,0,0,0,0,0,0,0,0,0,0,0,0,0,1000
8467,波力-KY         ,1000,0,1000,0,0,0,0,0,0,0,0,0,0,0,0,0,1000
6115,鎰勝            ,2000,2000,0,0,0,0,0,0,0,1000,1000,0,1000,0,0,0,1000
5906,台南-KY         ,0,0,0,0,0,0,0,0,0,1000,1000,0,1000,0,0,0,1000
6201,亞弘電          ,0,0,0,0,0,0,0,0,0,1000,1000,0,1000,0,0,0,1000
6405,悅城            ,0,0,0,0,0,0,0,0,0,1000,1000,0,1000,0,0,0,1000
1724,台硝            ,0,0,0,0,0,0,0,0,0,1000,1000,0,1000,0,0,0,1000
1727,中華化          ,1000,0,1000,0,0,0,0,0,0,0,0,0,0,0,0,0,1000
2024,志聯            ,1000,0,1000,0,0,0,0,0,0,0,0,0,0,0,0,0,1000
2114,鑫永銓          ,1000,0,1000,0,0,0,0,0,0,0,0,0,0,0,0,0,1000
2069,運錩            ,2000,1000,1000,0,0,0,0,0,0,0,0,0,0,0,0,0,1000
2033,佳大            ,1000,0,1000,0,0,0,0,0,0,0,0,0,0,0,0,0,1000
1525,江申            ,2000,1000,1000,0,0,0,0,0,0,0,0,0,0,0,0,0,1000
1516,川飛            ,7000,6000,1000,0,0,0,0,0,0,0,0,0,0,0,0,0,1000
1568,倉佑            ,0,0,0,0,0,0,0,0,0,1000,1000,0,1000,0,0,0,1000
1587,吉茂            ,1000,0,1000,0,0,0,0,0,0,0,0,0,0,0,0,0,1000
1530,亞崴            ,0,0,0,0,0,0,0,0,0,1000,1000,0,1000,0,0,0,1000
1617,榮星            ,0,0,0,0,0,0,0,0,0,1000,1000,0,1000,0,0,0,1000
1721,三晃            ,3000,2000,1000,0,0,0,0,0,0,0,0,0,0,0,0,0,1000
2462,良得電          ,1000,0,1000,0,0,0,0,0,0,0,0,0,0,0,0,0,1000
2477,美隆電          ,1000,0,1000,0,0,0,0,0,0,0,0,0,0,0,0,0,1000
2495,普安            ,1000,0,1000,0,0,0,0,0,0,0,0,0,0,0,0,0,1000
2414,精技            ,2000,1000,1000,0,0,0,0,0,0,0,0,0,0,0,0,0,1000
2423,固緯            ,8000,2000,6000,0,0,0,0,5000,-5000,0,0,0,0,0,0,0,1000
2236,百達-KY         ,0,0,0,0,0,0,0,0,0,1000,1000,0,1000,0,0,0,1000
2305,全友            ,1000,0,1000,0,0,0,0,0,0,0,0,0,0,0,0,0,1000
2373,震旦行          ,1000,0,1000,0,0,0,0,0,0,0,0,0,0,0,0,0,1000
1219,福壽            ,1000,0,1000,0,0,0,0,0,0,0,0,0,0,0,0,0,1000
1235,興泰            ,0,0,0,0,0,0,0,0,0,1000,1000,0,1000,0,0,0,1000
1416,廣豐            ,1000,0,1000,0,0,0,0,0,0,0,0,0,0,0,0,0,1000
1323,永裕            ,21000,21000,0,0,0,0,0,0,0,1000,1000,0,1000,0,0,0,1000
1451,年興            ,3000,3000,0,0,0,0,0,0,0,1000,1000,0,1000,0,0,0,1000
1441,大東            ,1000,0,1000,0,0,0,0,0,0,0,0,0,0,0,0,0,1000
1468,昶和            ,1000,0,1000,0,0,0,0,0,0,0,0,0,0,0,0,0,1000
063587,漢唐永豐9B購02  ,0,0,0,0,0,0,0,0,0,1000,0,0,0,15000,14000,1000,1000
063334,復盛國票9B購01  ,0,0,0,0,0,0,0,0,0,1000,0,0,0,93000,92000,1000,1000
06481P,台積電凱基98售12,0,0,0,0,0,0,0,0,0,1000,0,0,0,1000,0,1000,1000
06437P,玉晶光國票99售01,0,0,0,0,0,0,0,0,0,1000,0,0,0,1000,0,1000,1000
063735,華新科元大9B購15,0,0,0,0,0,0,0,0,0,1000,0,0,0,6000,5000,1000,1000
07325P,台積電元大99售41,0,0,0,0,0,0,0,0,0,1000,0,0,0,1000,0,1000,1000
07803P,南亞科永豐9A售02,0,0,0,0,0,0,0,0,0,1000,0,0,0,1000,0,1000,1000
07766P,美律群益9A售03  ,0,0,0,0,0,0,0,0,0,1000,0,0,0,1000,0,1000,1000
07541P,國巨凱基9A售12  ,0,0,0,0,0,0,0,0,0,1000,0,0,0,1000,0,1000,1000
051749,矽力國泰97購01  ,0,0,0,0,0,0,0,0,0,1000,0,0,0,1000,0,1000,1000
051746,玉晶光國泰97購07,0,0,0,0,0,0,0,0,0,1000,0,0,0,1000,0,1000,1000
051560,玉晶光國泰97購03,0,0,0,0,0,0,0,0,0,1000,0,0,0,1000,0,1000,1000
03424B,臺股指元大96熊26,0,0,0,0,0,0,0,0,0,1000,0,0,0,1000,0,1000,1000
03075X,元展70          ,0,0,0,0,0,0,0,0,0,1000,0,0,0,1000,0,1000,1000
03033X,元展30          ,0,0,0,0,0,0,0,0,0,1000,0,0,0,1000,0,1000,1000
03038X,元展35          ,0,0,0,0,0,0,0,0,0,1000,0,0,0,1000,0,1000,1000
051907,台積電元大97購05,0,0,0,0,0,0,0,0,0,1000,0,0,0,1000,0,1000,1000
03026X,元展23          ,0,0,0,0,0,0,0,0,0,1000,0,0,0,1000,0,1000,1000
051861,鴻海凱基98購01  ,0,0,0,0,0,0,0,0,0,1000,0,0,0,1000,0,1000,1000
051866,聯發科凱基96購05,0,0,0,0,0,0,0,0,0,1000,0,0,0,1000,0,1000,1000
03681C,台灣50凱基02牛02,0,0,0,0,0,0,0,0,0,1000,0,0,0,1000,0,1000,1000
050984,大立光國泰97購01,0,0,0,0,0,0,0,0,0,1000,0,0,0,1000,0,1000,1000
05102P,臺股指凱基96售09,0,0,0,0,0,0,0,0,0,1000,0,0,0,1000,0,1000,1000
00707R,元大S&P日圓反1  ,0,0,0,0,0,0,0,0,0,1000,0,0,0,1000,0,1000,1000
00709,富邦歐洲        ,0,0,0,0,0,0,0,0,0,1000,0,0,0,116000,115000,1000,1000
048070,聯發科元富99購03,0,0,0,0,0,0,0,0,0,1000,0,0,0,1000,0,1000,1000
044864,道瓊反國票96購01,0,0,0,0,0,0,0,0,0,1000,0,0,0,1000,0,1000,1000
049485,台積電元大96購03,0,0,0,0,0,0,0,0,0,1000,0,0,0,5000,4000,1000,1000
053982,臻鼎元大96購05  ,0,0,0,0,0,0,0,0,0,1000,0,0,0,1000,0,1000,1000
051971,元金2X凱基97購02,0,0,0,0,0,0,0,0,0,1000,0,0,0,1000,0,1000,1000
054221,華新科統一96購05,0,0,0,0,0,0,0,0,0,1000,0,0,0,69000,68000,1000,1000
055374,明泰元大97購01  ,0,0,0,0,0,0,0,0,0,1000,0,0,0,1000,0,1000,1000
056494,緯創國泰99購01  ,0,0,0,0,0,0,0,0,0,1000,0,0,0,17000,16000,1000,1000
055471,聯發科凱基97購04,0,0,0,0,0,0,0,0,0,1000,0,0,0,1000,0,1000,1000
056458,日月光凱基98購02,0,0,0,0,0,0,0,0,0,1000,0,0,0,61000,60000,1000,1000
053073,技嘉康和96購01  ,0,0,0,0,0,0,0,0,0,1000,0,0,0,1000,0,1000,1000
052602,聯電元大97購01  ,0,0,0,0,0,0,0,0,0,1000,0,0,0,1000,0,1000,1000
052578,大立光統一97購01,0,0,0,0,0,0,0,0,0,1000,0,0,0,31000,30000,1000,1000
054346,世芯國票97購01  ,0,0,0,0,0,0,0,0,0,1000,0,0,0,11000,10000,1000,1000
05242P,群創國泰97售01  ,0,0,0,0,0,0,0,0,0,1000,0,0,0,1000,0,1000,1000
053645,臺股指國票96購08,0,0,0,0,0,0,0,0,0,1000,0,0,0,1000,0,1000,1000
054591,GIS國泰98購01   ,0,0,0,0,0,0,0,0,0,1000,0,0,0,1000,0,1000,1000
054593,滬深2X永昌9A購01,0,0,0,0,0,0,0,0,0,1000,0,0,0,1000,0,1000,1000
054696,嘉聯益永豐97購01,0,0,0,0,0,0,0,0,0,1000,0,0,0,1000,0,1000,1000
055598,欣興元大97購03  ,0,0,0,0,0,0,0,0,0,1000,0,0,0,2000,1000,1000,1000
05559P,臺股指麥證96售01,0,0,0,1000,0,1000,0,0,0,1000,0,0,0,1000,0,1000,1000
056588,聯發科統一9A購02,0,0,0,0,0,0,0,0,0,1000,0,0,0,30000,29000,1000,1000
056662,臺股指元大9A購09,0,0,0,0,0,0,0,0,0,1000,0,0,0,1000,0,1000,1000
055154,聯發科元大98購01,0,0,0,0,0,0,0,0,0,1000,0,0,0,1000,0,1000,1000
05617P,大立光統一97售02,0,0,0,0,0,0,0,0,0,1000,0,0,0,3000,2000,1000,1000
055876,美食元富9A購01  ,0,0,0,0,0,0,0,0,0,1000,0,0,0,1000,0,1000,1000
05579P,友達凱基98售03  ,0,0,0,0,0,0,0,0,0,1000,0,0,0,1000,0,1000,1000
054477,聯發科中信9C購02,0,0,0,0,0,0,0,0,0,1000,0,0,0,11000,10000,1000,1000
054516,國巨元大97購02  ,0,0,0,0,0,0,0,0,0,1000,0,0,0,1000,0,1000,1000
054421,臺股指元大99購03,0,0,0,0,0,0,0,0,0,1000,0,0,0,1000,0,1000,1000
055818,晶相光國票97購02,0,0,0,0,0,0,0,0,0,1000,0,0,0,1000,0,1000,1000
055852,聯鈞元大98購01  ,0,0,0,0,0,0,0,0,0,1000,0,0,0,1000,0,1000,1000
058414,大立光兆豐99購02,0,0,0,0,0,0,0,0,0,1000,0,0,0,1000,0,1000,1000
058348,台表科群益99購01,0,0,0,0,0,0,0,0,0,1000,0,0,0,25000,24000,1000,1000
058353,國巨凱基99購09  ,0,0,0,0,0,0,0,0,0,1000,0,0,0,1000,0,1000,1000
057488,聯發科元大99購02,0,0,0,0,0,0,0,0,0,1000,0,0,0,1000,0,1000,1000
060214,茂林康和9A購01  ,0,0,0,0,0,0,0,0,0,1000,0,0,0,17000,16000,1000,1000
060215,柏文康和9A購01  ,0,0,0,0,0,0,0,0,0,1000,0,0,0,1000,0,1000,1000
060209,喬山康和9A購01  ,0,0,0,0,0,0,0,0,0,1000,0,0,0,5000,4000,1000,1000
059234,台灣50凱基9C購03,0,0,0,0,0,0,0,0,0,1000,0,0,0,1000,0,1000,1000
058331,鴻海元富99購02  ,0,0,0,0,0,0,0,0,0,1000,0,0,0,1000,0,1000,1000
057978,聯發科永豐98購05,0,0,0,0,0,0,0,0,0,1000,0,0,0,1000,0,1000,1000
058304,鴻海元大99購12  ,0,0,0,0,0,0,0,0,0,1000,0,0,0,1000,0,1000,1000
058676,聯茂群益99購01  ,0,0,0,0,0,0,0,0,0,1000,0,0,0,10000,9000,1000,1000
058242,玉晶光元大9A購01,0,0,0,0,0,0,0,0,0,1000,0,0,0,1000,0,1000,1000
058189,嘉澤永豐99購01  ,0,0,0,0,0,0,0,0,0,1000,0,0,0,1000,0,1000,1000
058090,聯發科元大98購16,0,0,0,0,0,0,0,0,0,1000,0,0,0,1000,0,1000,1000
058134,信邦元大99購01  ,0,0,0,0,0,0,0,0,0,1000,0,0,0,101000,100000,1000,1000
059287,華通元富99購03  ,0,0,0,0,0,0,0,0,0,1000,0,0,0,1000,0,1000,1000
057509,聯發科統一9A購03,0,0,0,0,0,0,0,0,0,1000,0,0,0,3000,2000,1000,1000
058448,滬深2X永豐9A購01,0,0,0,0,0,0,0,0,0,1000,0,0,0,1000,0,1000,1000
058824,晶技富邦9A購01  ,0,0,0,0,0,0,0,0,0,1000,0,0,0,1000,0,1000,1000
059623,聯電凱基99購02  ,0,0,0,0,0,0,0,0,0,1000,0,0,0,32000,31000,1000,1000
059628,智邦凱基99購04  ,0,0,0,0,0,0,0,0,0,1000,0,0,0,1000,0,1000,1000
057596,聯茂兆豐99購01  ,0,0,0,0,0,0,0,0,0,1000,0,0,0,1000,0,1000,1000
059890,大立光國票99購03,0,0,0,0,0,0,0,0,0,1000,0,0,0,13000,12000,1000,1000
057621,崇越凱基98購01  ,0,0,0,0,0,0,0,0,0,1000,0,0,0,1000,0,1000,1000
057625,泰鼎國泰9A購01  ,0,0,0,0,0,0,0,0,0,1000,0,0,0,1000,0,1000,1000
059982,聯發科元大99購37,0,0,0,0,0,0,0,0,0,1000,0,0,0,1000,0,1000,1000
059561,滬深2X凱基9C購05,0,0,0,0,0,0,0,0,0,1000,0,0,0,1000,0,1000,1000
059137,電子類群益99購01,0,0,0,0,0,0,0,0,0,1000,0,0,0,1000,0,1000,1000
059085,鴻海元大99購25  ,0,0,0,0,0,0,0,0,0,1000,0,0,0,21000,20000,1000,1000
059051,和大凱基9A購01  ,0,0,0,0,0,0,0,0,0,1000,0,0,0,161000,160000,1000,1000
058928,國巨統一9C購01  ,0,0,0,0,0,0,0,0,0,1000,0,0,0,465000,464000,1000,1000
058955,台積電國票9A購04,0,0,0,0,0,0,0,0,0,1000,0,0,0,13000,12000,1000,1000
05788P,臺股指永昌96售05,0,0,0,0,0,0,0,0,0,1000,0,0,0,1000,0,1000,1000
057908,國泰金亞東99購01,0,0,0,0,0,0,0,0,0,1000,0,0,0,1000,0,1000,1000
06802P,緯穎群益98售03  ,0,0,0,0,0,0,0,0,0,1000,0,0,0,1000,0,1000,1000
06804P,臺股指群益98售10,0,0,0,0,0,0,0,0,0,1000,0,0,0,1000,0,1000,1000
060650,奇力新中信9A購01,0,0,0,0,0,0,0,0,0,1000,0,0,0,1000,0,1000,1000
057802,卜蜂元大98購01  ,0,0,0,0,0,0,0,0,0,1000,0,0,0,3000,2000,1000,1000
057013,聯發科麥證98購01,0,0,0,1000,0,1000,0,0,0,1000,0,0,0,1000,0,1000,1000
056879,旺宏國票99購02  ,0,0,0,0,0,0,0,0,0,1000,0,0,0,1000,0,1000,1000
056903,大立光元大99購04,0,0,0,0,0,0,0,0,0,1000,0,0,0,1000,0,1000,1000
06050P,玉晶光國票98售01,0,0,0,0,0,0,0,0,0,1000,0,0,0,55000,54000,1000,1000
060734,華通統一9C購01  ,0,0,0,0,0,0,0,0,0,1000,0,0,0,28000,27000,1000,1000
060413,東元永豐9A購01  ,0,0,0,0,0,0,0,0,0,1000,0,0,0,1000,0,1000,1000
057750,神達國票99購01  ,0,0,0,0,0,0,0,0,0,1000,0,0,0,1000,0,1000,1000
060066,欣興兆豐9B購01  ,0,0,0,0,0,0,0,0,0,1000,0,0,0,4000,3000,1000,1000
059789,貿聯元大9A購02  ,0,0,0,0,0,0,0,0,0,1000,0,0,0,1000,0,1000,1000
058782,臺股指國票99購01,0,0,0,0,0,0,0,0,0,1000,0,0,0,51000,50000,1000,1000
059748,聯發科台新99購03,0,0,0,0,0,0,0,0,0,1000,0,0,0,1000,0,1000,1000
059751,華通群益9B購03  ,0,0,0,0,0,0,0,0,0,1000,0,0,0,1000,0,1000,1000
058773,和碩兆豐99購01  ,0,0,0,0,0,0,0,0,0,1000,0,0,0,58000,57000,1000,1000
057153,祥碩國泰99購01  ,0,0,0,0,0,0,0,0,0,1000,0,0,0,16000,15000,1000,1000
061255,道瓊反凱基9C購01,0,0,0,0,0,0,0,0,0,1000,0,0,0,1000,0,1000,1000
061917,亞德客凱基9B購02,0,0,0,0,0,0,0,0,0,1000,0,0,0,1000,0,1000,1000
061313,滬深2X凱基9B購05,0,0,0,0,0,0,0,0,0,1000,0,0,0,1000,0,1000,1000
063503,香港反中信9C購01,0,25000,-25000,0,0,0,0,0,0,26000,0,0,0,26000,0,26000,1000
061494,聯發科國票9A購04,0,0,0,0,0,0,0,0,0,1000,0,0,0,4000,3000,1000,1000
061092,可成統一9C購02  ,0,0,0,0,0,0,0,0,0,1000,0,0,0,78000,77000,1000,1000
060782,道瓊指富邦9C購01,0,0,0,0,0,0,0,0,0,1000,0,0,0,1000,0,1000,1000
060893,台灣50凱基01購07,0,0,0,0,0,0,0,0,0,1000,0,0,0,1000,0,1000,1000
060818,上銀統一9C購01  ,0,0,0,0,0,0,0,0,0,1000,0,0,0,1000,0,1000,1000
061624,中租群益9A購01  ,1000,0,1000,0,0,0,0,0,0,0,0,0,0,0,0,0,1000
06176P,台積電元大97售22,0,0,0,0,0,0,0,0,0,1000,0,0,0,1000,0,1000,1000
061726,台積電麥證9A購05,0,0,0,11000,10000,1000,0,0,0,1000,0,0,0,11000,10000,1000,1000
06292P,臺股指國票97售06,0,0,0,0,0,0,0,0,0,1000,0,0,0,1000,0,1000,1000
063139,聯發科統一9B購07,0,0,0,0,0,0,0,0,0,1000,0,0,0,1000,0,1000,1000
063236,旺宏元大9B購07  ,0,0,0,0,0,0,0,0,0,1000,0,0,0,4000,3000,1000,1000
062905,聯發科元大9B購13,0,0,0,0,0,0,0,0,0,1000,0,0,0,29000,28000,1000,1000
06265P,美律凱基97售01  ,0,0,0,0,0,0,0,0,0,1000,0,0,0,1000,0,1000,1000
062484,臺股指國票9B購10,0,0,0,0,0,0,0,0,0,1000,0,0,0,1000,0,1000,1000
062331,大立光統一9B購10,0,0,0,0,0,0,0,0,0,1000,0,0,0,68000,67000,1000,1000
062129,世紀鋼統一02購01,0,0,0,0,0,0,0,0,0,1000,0,0,0,1000,0,1000,1000
062197,聯發科中信01購03,0,0,0,0,0,0,0,0,0,1000,0,0,0,31000,30000,1000,1000
062169,禾伸堂永豐9B購01,0,0,0,0,0,0,0,0,0,1000,0,0,0,3000,2000,1000,1000
062093,台積電富邦9C購11,0,0,0,0,0,0,0,0,0,1000,0,0,0,1000,0,1000,1000
062111,台勝科國票9B購01,0,0,0,0,0,0,0,0,0,1000,0,0,0,9000,8000,1000,1000
061399,喬山兆豐9B購01  ,0,0,0,0,0,0,0,0,0,1000,0,0,0,1000,0,1000,1000
008201,BP上證50        ,0,0,0,0,0,0,0,0,0,100,0,0,0,100,0,100,100
07489P,國巨國票9A售07  ,0,0,0,0,0,0,0,0,0,0,0,0,0,20000,20000,0,0
07657P,技嘉凱基9A售03  ,0,0,0,0,0,0,0,0,0,0,0,0,0,20000,20000,0,0
07678P,大立光群益9A售03,0,0,0,0,0,0,0,0,0,0,0,0,0,20000,20000,0,0
07901P,臺股指凱基9B售04,0,0,0,0,0,0,0,0,0,0,0,0,0,35000,35000,0,0
07917P,可成永豐9B售01  ,0,0,0,0,0,0,0,0,0,0,0,0,0,166000,166000,0,0
07864P,可成元大9B售01  ,0,0,0,0,0,0,0,0,0,0,0,0,0,50000,50000,0,0
07865P,可成元大9B售02  ,0,0,0,0,0,0,0,0,0,0,0,0,0,50000,50000,0,0
07381P,鴻海群益99售05  ,0,0,0,0,0,0,0,0,0,0,0,0,0,30000,30000,0,0
07416P,台積電元大99售53,0,0,0,0,0,0,0,0,0,0,0,0,0,20000,20000,0,0
07420P,可成元大99售07  ,0,0,0,0,0,0,0,0,0,0,0,0,0,100000,100000,0,0
07206P,鴻海凱基9A售11  ,0,0,0,0,0,0,0,0,0,0,0,0,0,20000,20000,0,0
07021P,台積電富邦9C售02,0,0,0,0,0,0,0,0,0,0,0,0,0,15000,15000,0,0
07053P,台灣50兆豐01售01,0,0,0,0,0,0,0,0,0,0,0,0,0,56000,56000,0,0
06906P,國巨國泰99售01  ,0,0,0,0,0,0,0,0,0,0,0,0,0,10000,10000,0,0
06757P,台灣50元大9B售01,0,0,0,0,0,0,0,0,0,0,0,0,0,20000,20000,0,0
06993P,鴻海凱基99售05  ,0,0,0,0,0,0,0,0,0,0,0,0,0,2000,2000,0,0
063736,大立光元大9B購08,0,0,0,0,0,0,0,0,0,0,0,0,0,6000,6000,0,0
063734,可成元大9B購04  ,0,0,0,0,0,0,0,0,0,0,0,0,0,16000,16000,0,0
063756,鴻海統一9B購09  ,0,0,0,0,0,0,0,0,0,0,0,0,0,4000,4000,0,0
063757,鴻海統一9C購16  ,0,0,0,0,0,0,0,0,0,0,0,0,0,5000,5000,0,0
063685,鴻海永豐9B購03  ,0,0,0,0,0,0,0,0,0,0,0,0,0,11000,11000,0,0
06367P,台積電凱基97售14,0,0,0,0,0,0,0,0,0,0,0,0,0,130000,130000,0,0
063703,晶豪科群益9B購02,0,0,0,0,0,0,0,0,0,0,0,0,0,35000,35000,0,0
063706,台虹群益9B購01  ,0,0,0,0,0,0,0,0,0,0,0,0,0,10000,10000,0,0
063710,光寶科凱基9C購01,0,0,0,0,0,0,0,0,0,0,0,0,0,11000,11000,0,0
06427P,鴻海元大97售13  ,0,0,0,0,0,0,0,0,0,0,0,0,0,15000,15000,0,0
063873,南六永豐9C購01  ,0,0,0,0,0,0,0,0,0,0,0,0,0,12000,12000,0,0
06397P,T50反1凱基9A售03,0,0,0,0,0,0,0,0,0,0,0,0,0,6000,6000,0,0
063794,亞德客凱基9C購01,0,0,0,0,0,0,0,0,0,0,0,0,0,1000,1000,0,0
063796,鴻海凱基9C購02  ,0,0,0,0,0,0,0,0,0,0,0,0,0,2000,2000,0,0
063837,亞德客元大01購01,0,0,0,0,0,0,0,0,0,0,0,0,0,1000,1000,0,0
063840,鴻海元大01購01  ,0,0,0,0,0,0,0,0,0,0,0,0,0,4000,4000,0,0
063851,健策元大01購01  ,0,0,0,0,0,0,0,0,0,0,0,0,0,18000,18000,0,0
063852,瀚宇博元大9C購01,0,0,0,0,0,0,0,0,0,0,0,0,0,32000,32000,0,0
063854,南電元大9C購01  ,0,0,0,0,0,0,0,0,0,0,0,0,0,2000,2000,0,0
06385P,聯發科永豐97售02,0,0,0,0,0,0,0,0,0,0,0,0,0,22000,22000,0,0
06504P,麗豐國票99售02  ,0,0,0,0,0,0,0,0,0,0,0,0,0,142000,142000,0,0
06453P,群創元大9B售02  ,0,0,0,0,0,0,0,0,0,0,0,0,0,9000,9000,0,0
06473P,鴻海元大99售03  ,0,0,0,0,0,0,0,0,0,0,0,0,0,30000,30000,0,0
06543P,鴻海元大98售08  ,0,0,0,0,0,0,0,0,0,0,0,0,0,56000,56000,0,0
06585P,鴻海元大99售04  ,0,0,0,0,0,0,0,0,0,0,0,0,0,15000,15000,0,0
06705P,臻鼎元富98售03  ,0,0,0,0,0,0,0,0,0,0,0,0,0,5000,5000,0,0
06644P,亞德客元大98售03,0,0,0,0,0,0,0,0,0,0,0,0,0,53000,53000,0,0
063317,大立光群益9B購06,0,0,0,0,0,0,0,0,0,0,0,0,0,147000,147000,0,0
063360,茂林國泰9C購02  ,0,0,0,0,0,0,0,0,0,0,0,0,0,51000,51000,0,0
06336P,鴻海元大98售05  ,0,0,0,0,0,0,0,0,0,0,0,0,0,15000,15000,0,0
063397,廣達群益9B購02  ,0,0,0,0,0,0,0,0,0,0,0,0,0,25000,25000,0,0
063577,台表科元大9C購04,0,0,0,0,0,0,0,0,0,0,0,0,0,4000,4000,0,0
063584,南六國泰01購01  ,0,0,0,0,0,0,0,0,0,0,0,0,0,29000,29000,0,0
063564,台積電元大9B購07,0,0,0,0,0,0,0,0,0,0,0,0,0,3000,3000,0,0
063496,儒鴻永豐9B購01  ,0,0,0,0,0,0,0,0,0,0,0,0,0,10000,10000,0,0
063561,上銀元大9B購08  ,0,0,0,0,0,0,0,0,0,0,0,0,0,45000,45000,0,0
063464,廣達元大9B購02  ,0,0,0,0,0,0,0,0,0,0,0,0,0,50000,50000,0,0
06362P,臺股指麥證97售01,0,0,0,2000,2000,0,0,0,0,0,0,0,0,2000,2000,0,0
063640,貿聯元大9B購03  ,0,0,0,0,0,0,0,0,0,0,0,0,0,12000,12000,0,0
08235P,南電國泰9C售03  ,0,0,0,0,0,0,0,0,0,0,0,0,0,34000,34000,0,0
07955P,大成鋼群益9B售02,0,0,0,0,0,0,0,0,0,0,0,0,0,199000,199000,0,0
2243,宏旭-KY         ,3000,1000,2000,0,0,0,0,0,0,-2000,0,2000,-2000,0,0,0,0
2497,怡利電          ,0,2000,-2000,0,0,0,0,0,0,2000,2000,0,2000,0,0,0,0
1726,永記            ,0,1000,-1000,0,0,0,0,0,0,1000,1000,0,1000,0,0,0,0
1626,艾美特-KY       ,4000,4000,0,0,0,0,0,0,0,0,0,0,0,0,0,0,0
1540,喬福            ,5000,2000,3000,0,0,0,0,3000,-3000,0,0,0,0,0,0,0,0
1558,伸興            ,9000,9000,0,0,0,0,0,0,0,0,0,0,0,0,0,0,0
2115,六暉-KY         ,1000,1000,0,0,0,0,0,0,0,0,0,0,0,0,0,0,0
6581,鋼聯            ,3000,3000,0,0,0,0,0,0,0,0,0,0,0,0,0,0,0
6165,捷泰            ,53000,53000,0,0,0,0,0,0,0,0,0,0,0,0,0,0,0
5284,jpp-KY          ,2000,3000,-1000,0,0,0,0,0,0,1000,1000,0,1000,0,0,0,0
5007,三星            ,17000,17000,0,0,0,0,0,0,0,0,0,0,0,0,0,0,0
8480,泰昇-KY         ,3000,3000,0,0,0,0,0,0,0,0,0,0,0,0,0,0,0
6674,鋐寶科技        ,1000,1000,0,0,0,0,0,0,0,0,0,0,0,0,0,0,0
8201,無敵            ,1000,1000,0,0,0,0,0,0,0,0,0,0,0,0,0,0,0
8070,長華*           ,5000,5000,0,0,0,0,0,0,0,0,0,0,0,0,0,0,0
3167,大量            ,4000,1000,3000,0,0,0,0,0,0,-3000,0,3000,-3000,0,0,0,0
00774B,新光中國政金綠債,0,0,0,0,0,0,0,0,0,0,0,0,0,2000,2000,0,0
00775B,新光投等債15+   ,0,0,0,0,0,0,0,0,0,0,0,0,0,2000,2000,0,0
051020,健策凱基96購02  ,0,0,0,0,0,0,0,0,0,0,0,0,0,10000,10000,0,0
00711B,FH彭博新興債    ,0,0,0,0,0,0,0,0,0,0,0,0,0,100000,100000,0,0
00702,國泰標普低波高息,0,0,0,0,0,0,0,0,0,0,0,0,0,5000,5000,0,0
00700,富邦恒生國企    ,0,0,0,0,0,0,0,0,0,0,0,0,0,106000,106000,0,0
00732,國泰RMB短期報酬 ,4000,4000,0,0,0,0,0,0,0,0,0,0,0,100000,100000,0,0
00625K,富邦上証+R      ,0,0,0,0,0,0,0,0,0,0,0,0,0,50000,50000,0,0
00636K,國泰中國A50+U   ,0,0,0,0,0,0,0,0,0,0,0,0,0,100,100,0,0
00657K,國泰日經225+U   ,0,0,0,0,0,0,0,0,0,0,0,0,0,100,100,0,0
00668K,國泰美國道瓊+U  ,0,0,0,0,0,0,0,0,0,0,0,0,0,100,100,0,0
03674C,臺股指元富9C牛02,0,0,0,0,0,0,0,0,0,0,0,0,0,3000,3000,0,0
03675C,臺股指元大04牛02,0,0,0,0,0,0,0,0,0,0,0,0,0,1000,1000,0,0
051897,台光電國泰97購01,0,0,0,0,0,0,0,0,0,0,0,0,0,10000,10000,0,0
051608,新日興群益96購01,0,0,0,0,0,0,0,0,0,0,0,0,0,500000,500000,0,0
051659,力山國泰97購01  ,0,0,0,0,0,0,0,0,0,0,0,0,0,10000,10000,0,0
05135P,鴻海凱基96售07  ,0,0,0,0,0,0,0,0,0,0,0,0,0,40000,40000,0,0
051152,鴻海國泰97購01  ,0,0,0,0,0,0,0,0,0,0,0,0,0,406000,406000,0,0
05420P,大立光國泰97售03,0,0,0,0,0,0,0,0,0,0,0,0,0,210000,210000,0,0
054233,聯發科群益96購04,0,0,0,0,0,0,0,0,0,0,0,0,0,80000,80000,0,0
054264,超眾元大97購02  ,0,0,0,0,0,0,0,0,0,0,0,0,0,10000,10000,0,0
052223,聯電凱基96購02  ,0,0,0,0,0,0,0,0,0,0,0,0,0,60000,60000,0,0
054197,台積電永昌96購07,0,0,0,0,0,0,0,0,0,0,0,0,0,506000,506000,0,0
051914,健策元大96購06  ,0,0,0,0,0,0,0,0,0,0,0,0,0,10000,10000,0,0
053977,新日興元大96購03,0,0,0,0,0,0,0,0,0,0,0,0,0,60000,60000,0,0
053978,創意元大96購05  ,0,0,0,0,0,0,0,0,0,0,0,0,0,20000,20000,0,0
050333,鴻海國泰96購06  ,0,0,0,0,0,0,0,0,0,0,0,0,0,24000,24000,0,0
046061,中石化凱基98購01,0,0,0,0,0,0,0,0,0,0,0,0,0,30000,30000,0,0
048001,中工元大96購01  ,0,0,0,0,0,0,0,0,0,0,0,0,0,15000,15000,0,0
047675,群創元富96購03  ,0,0,0,0,0,0,0,0,0,0,0,0,0,10000,10000,0,0
049252,國巨元大96購01  ,0,0,0,0,0,0,0,0,0,0,0,0,0,3000,3000,0,0
053687,智邦元大96購02  ,0,0,0,0,0,0,0,0,0,0,0,0,0,10000,10000,0,0
053704,國巨群益96購06  ,0,0,0,0,0,0,0,0,0,0,0,0,0,130000,130000,0,0
053579,華通元大97購01  ,0,0,0,0,0,0,0,0,0,0,0,0,0,5000,5000,0,0
053521,緯穎群益96購02  ,0,0,0,0,0,0,0,0,0,0,0,0,0,10000,10000,0,0
05362P,可成富邦97售02  ,0,0,0,0,0,0,0,0,0,0,0,0,0,10000,10000,0,0
053190,聯發科統一99購01,0,0,0,0,0,0,0,0,0,0,0,0,0,10000,10000,0,0
053199,旺宏日盛96購01  ,0,0,0,0,0,0,0,0,0,0,0,0,0,240000,240000,0,0
053163,上証2X群益9A購02,0,0,0,0,0,0,0,0,0,0,0,0,0,55000,55000,0,0
053258,上証2X群益9A購03,0,0,0,0,0,0,0,0,0,0,0,0,0,100000,100000,0,0
053407,台積電兆豐96購02,0,0,0,0,0,0,0,0,0,0,0,0,0,50000,50000,0,0
053461,台郡永昌99購01  ,0,0,0,0,0,0,0,0,0,0,0,0,0,65000,65000,0,0
054303,國巨凱基96購15  ,0,0,0,0,0,0,0,0,0,0,0,0,0,15000,15000,0,0
054404,新日興康和96購01,0,0,0,0,0,0,0,0,0,0,0,0,0,500000,500000,0,0
052624,微星亞東97購01  ,0,0,0,0,0,0,0,0,0,0,0,0,0,10000,10000,0,0
052625,南電亞東97購01  ,0,0,0,0,0,0,0,0,0,0,0,0,0,60000,60000,0,0
052531,台積電國泰96購06,0,0,0,0,0,0,0,0,0,0,0,0,0,15000,15000,0,0
052532,台積電國泰96購07,0,0,0,0,0,0,0,0,0,0,0,0,0,15000,15000,0,0
052696,玉晶光麥證97購01,0,0,0,163000,189000,-26000,0,0,0,0,0,0,0,208000,208000,0,0
052676,聯發科永昌98購01,40000,0,40000,0,0,0,0,0,0,-40000,0,0,0,0,40000,-40000,0
052614,聯電國泰97購01  ,0,0,0,0,0,0,0,0,0,0,0,0,0,469000,469000,0,0
053116,華新科中信96購01,0,0,0,0,0,0,0,0,0,0,0,0,0,55000,55000,0,0
052785,滬深2X中信99購03,0,0,0,0,0,0,0,0,0,0,0,0,0,20000,20000,0,0
055406,大毅國泰99購01  ,0,0,0,0,0,0,0,0,0,0,0,0,0,162000,162000,0,0
05545P,台表科國泰98售01,0,0,0,0,0,0,0,0,0,0,0,0,0,170000,170000,0,0
055530,聯發科群益98購01,20000,0,20000,0,0,0,0,0,0,-20000,0,0,0,0,20000,-20000,0
053052,旺宏國票97購02  ,0,0,0,0,0,0,0,0,0,0,0,0,0,499000,499000,0,0
053825,南電群益96購02  ,0,0,0,0,0,0,0,0,0,0,0,0,0,50000,50000,0,0
053811,國巨群益98購02  ,0,0,0,0,0,0,0,0,0,0,0,0,0,20000,20000,0,0
053815,聯發科群益96購01,0,0,0,0,0,0,0,0,0,0,0,0,0,70000,70000,0,0
053848,聯發科元富96購03,0,0,0,0,0,0,0,0,0,0,0,0,0,10000,10000,0,0
053854,聯茂國泰97購02  ,0,0,0,0,0,0,0,0,0,0,0,0,0,10000,10000,0,0
053928,智易國票97購03  ,0,0,0,0,0,0,0,0,0,0,0,0,0,38000,38000,0,0
053866,景碩元大97購02  ,0,0,0,0,0,0,0,0,0,0,0,0,0,50000,50000,0,0
053890,華新科群益98購01,0,0,0,0,0,0,0,0,0,0,0,0,0,20000,20000,0,0
053941,國巨國泰96購05  ,0,0,0,0,0,0,0,0,0,0,0,0,0,315000,315000,0,0
059241,旺宏凱基99購07  ,0,0,0,0,0,0,0,0,0,0,0,0,0,7000,7000,0,0
05924P,超眾元富96售04  ,0,0,0,0,0,0,0,0,0,0,0,0,0,1000,1000,0,0
059178,臺股指凱基99購30,0,0,0,0,0,0,0,0,0,0,0,0,0,1000,1000,0,0
059186,華通富邦9A購01  ,0,0,0,0,0,0,0,0,0,0,0,0,0,10000,10000,0,0
059203,勤誠永豐99購02  ,0,10000,-10000,0,0,0,0,0,0,10000,0,0,0,20000,10000,10000,0
055833,華通元大98購05  ,0,0,0,0,0,0,0,0,0,0,0,0,0,65000,65000,0,0
055822,臺股指國票97購09,0,0,0,0,0,0,0,0,0,0,0,0,0,1000,1000,0,0
057414,華新科日盛9A購01,0,0,0,0,0,0,0,0,0,0,0,0,0,98000,98000,0,0
056816,華通永豐98購02  ,0,0,0,0,0,0,0,0,0,0,0,0,0,33000,33000,0,0
054532,強茂國泰98購01  ,0,0,0,0,0,0,0,0,0,0,0,0,0,20000,20000,0,0
054576,健策元大98購03  ,0,0,0,0,0,0,0,0,0,0,0,0,0,10000,10000,0,0
054445,技嘉兆豐96購01  ,0,0,0,0,0,0,0,0,0,0,0,0,0,1000,1000,0,0
054558,劍麟群益99購01  ,0,0,0,0,0,0,0,0,0,0,0,0,0,1000,1000,0,0
05589P,大立光中信9A售01,0,0,0,0,0,0,0,0,0,0,0,0,0,30000,30000,0,0
055881,康控元富97購01  ,0,0,0,0,0,0,0,0,0,0,0,0,0,200000,200000,0,0
055892,國巨統一99購01  ,0,0,0,0,0,0,0,0,0,0,0,0,0,50000,50000,0,0
055955,微星元大97購01  ,0,0,0,0,0,0,0,0,0,0,0,0,0,6000,6000,0,0
055875,光罩元富97購02  ,0,0,0,0,0,0,0,0,0,0,0,0,0,10000,10000,0,0
05638P,國巨統一96售04  ,0,0,0,0,0,0,0,0,0,0,0,0,0,261000,261000,0,0
056312,茂林元大98購01  ,0,0,0,0,0,0,0,0,0,0,0,0,0,10000,10000,0,0
056296,旺宏元大97購07  ,0,0,0,0,0,0,0,0,0,0,0,0,0,50000,50000,0,0
056182,台光電統一97購03,0,0,0,0,0,0,0,0,0,0,0,0,0,20000,20000,0,0
056171,鴻海元富97購10  ,0,0,0,0,0,0,0,0,0,0,0,0,0,39000,39000,0,0
056193,聯發科富邦99購08,0,0,0,0,0,0,0,0,0,0,0,0,0,66000,66000,0,0
056213,建準國票98購02  ,0,0,0,0,0,0,0,0,0,0,0,0,0,8000,8000,0,0
056230,可成凱基98購03  ,0,0,0,0,0,0,0,0,0,0,0,0,0,1000,1000,0,0
056239,宏達電群益98購01,0,0,0,0,0,0,0,0,0,0,0,0,0,56000,56000,0,0
055146,華通元大98購04  ,0,0,0,0,0,0,0,0,0,0,0,0,0,20000,20000,0,0
055122,國巨兆豐98購01  ,0,0,0,0,0,0,0,0,0,0,0,0,0,210000,210000,0,0
054951,大毅元大97購01  ,0,0,0,0,0,0,0,0,0,0,0,0,0,10000,10000,0,0
054974,台表科元大98購02,0,0,0,0,0,0,0,0,0,0,0,0,0,60000,60000,0,0
054820,新日興元大97購01,0,0,0,0,0,0,0,0,0,0,0,0,0,2000,2000,0,0
054960,新日興元大97購02,0,0,0,0,0,0,0,0,0,0,0,0,0,150000,150000,0,0
056594,台積電元富98購03,0,0,0,0,0,0,0,0,0,0,0,0,0,10000,10000,0,0
056596,光磊元富98購01  ,0,0,0,0,0,0,0,0,0,0,0,0,0,70000,70000,0,0
056600,聯茂元富98購01  ,0,0,0,0,0,0,0,0,0,0,0,0,0,20000,20000,0,0
056614,智邦永豐98購01  ,0,0,0,0,0,0,0,0,0,0,0,0,0,10000,10000,0,0
055640,鴻海元富97購03  ,0,0,0,0,0,0,0,0,0,0,0,0,0,11000,11000,0,0
055561,奇鋐凱基97購01  ,0,0,0,0,0,0,0,0,0,0,0,0,0,190000,190000,0,0
054703,聯發科第一97購01,0,0,0,0,0,0,0,0,0,0,0,0,0,20000,20000,0,0
054656,深中小元大97購01,0,0,0,0,0,0,0,0,0,0,0,0,0,166000,166000,0,0
054671,國巨國泰98購01  ,0,0,0,0,0,0,0,0,0,0,0,0,0,10000,10000,0,0
055698,茂林國票98購03  ,0,0,0,0,0,0,0,0,0,0,0,0,0,2000,2000,0,0
055301,台虹元大97購01  ,0,0,0,0,0,0,0,0,0,0,0,0,0,38000,38000,0,0
055190,華新科元富97購01,0,0,0,0,0,0,0,0,0,0,0,0,0,483000,483000,0,0
056069,新日興元大97購03,0,0,0,0,0,0,0,0,0,0,0,0,0,70000,70000,0,0
057173,南亞科元大98購04,0,0,0,0,0,0,0,0,0,0,0,0,0,68000,68000,0,0
057174,南亞科元大98購05,0,0,0,0,0,0,0,0,0,0,0,0,0,68000,68000,0,0
057139,華新科兆豐98購02,0,0,0,0,0,0,0,0,0,0,0,0,0,1000,1000,0,0
05709P,大立光國票97售01,0,0,0,0,0,0,0,0,0,0,0,0,0,7000,7000,0,0
059681,華新科國泰9B購02,0,0,0,0,0,0,0,0,0,0,0,0,0,1000,1000,0,0
059716,鴻海元大99購35  ,0,0,0,0,0,0,0,0,0,0,0,0,0,15000,15000,0,0
059717,國巨元大99購21  ,0,0,0,0,0,0,0,0,0,0,0,0,0,8000,8000,0,0
059695,聯鈞永豐99購02  ,0,0,0,0,0,0,0,0,0,0,0,0,0,279000,279000,0,0
059745,欣興元富99購04  ,0,0,0,0,0,0,0,0,0,0,0,0,0,5000,5000,0,0
057794,T50反1兆豐99購02,0,0,0,0,0,0,0,0,0,0,0,0,0,15000,15000,0,0
057349,聯發科統一98購04,0,0,0,0,0,0,0,0,0,0,0,0,0,63000,63000,0,0
057363,華通元大99購02  ,0,0,0,0,0,0,0,0,0,0,0,0,0,2000,2000,0,0
057370,可成元大98購07  ,0,0,0,0,0,0,0,0,0,0,0,0,0,75000,75000,0,0
057273,智邦元大98購05  ,0,0,0,0,0,0,0,0,0,0,0,0,0,4000,4000,0,0
057224,和碩日盛9A購01  ,0,0,0,0,0,0,0,0,0,0,0,0,0,3000,3000,0,0
057211,鴻海群益98購05  ,0,0,0,0,0,0,0,0,0,0,0,0,0,12000,12000,0,0
060054,華新科凱基9B購04,0,0,0,0,0,0,0,0,0,0,0,0,0,10000,10000,0,0
057758,鴻海凱基99購03  ,0,0,0,0,0,0,0,0,0,0,0,0,0,6000,6000,0,0
057755,鴻海日盛98購01  ,0,0,0,0,0,0,0,0,0,0,0,0,0,25000,25000,0,0
057777,可成群益9A購03  ,0,0,0,0,0,0,0,0,0,0,0,0,0,1000,1000,0,0
058713,國巨統一9B購02  ,0,0,0,0,0,0,0,0,0,0,0,0,0,65000,65000,0,0
058742,鴻海康和99購01  ,0,0,0,0,0,0,0,0,0,0,0,0,0,3000,3000,0,0
057736,鴻海富邦99購04  ,0,0,0,0,0,0,0,0,0,0,0,0,0,2000,2000,0,0
056871,新日興日盛99購01,0,0,0,0,0,0,0,0,0,0,0,0,0,21000,21000,0,0
056858,國巨群益99購03  ,0,0,0,0,0,0,0,0,0,0,0,0,0,30000,30000,0,0
056847,佐登元富98購01  ,0,0,0,0,0,0,0,0,0,0,0,0,0,40000,40000,0,0
06042P,華新科永豐96售04,0,0,0,0,0,0,0,0,0,0,0,0,0,50000,50000,0,0
060500,鴻海元大9A購12  ,0,0,0,0,0,0,0,0,0,0,0,0,0,50000,50000,0,0
060583,南亞科元富9A購05,0,0,0,0,0,0,0,0,0,0,0,0,0,8000,8000,0,0
056893,智邦元大98購02  ,0,0,0,0,0,0,0,0,0,0,0,0,0,5000,5000,0,0
057882,華通群益9A購03  ,0,0,0,0,0,0,0,0,0,0,0,0,0,2000,2000,0,0
057032,A50反1元大9B購01,0,0,0,0,0,0,0,0,0,0,0,0,0,10000,10000,0,0
060649,國巨第一9A購01  ,0,0,0,0,0,0,0,0,0,0,0,0,0,51000,51000,0,0
06064P,台積電台新98售01,0,0,0,0,0,0,0,0,0,0,0,0,0,171000,171000,0,0
06875P,台灣50永昌9A售02,0,0,0,0,0,0,0,0,0,0,0,0,0,200000,200000,0,0
06877P,台積電兆豐98售04,0,0,0,0,0,0,0,0,0,0,0,0,0,22000,22000,0,0
06825P,臺股指國票98售01,0,0,0,0,0,0,0,0,0,0,0,0,0,1000,1000,0,0
06843P,鴻海元大98售11  ,0,0,0,0,0,0,0,0,0,0,0,0,0,4000,4000,0,0
06803P,臺股指群益98售09,0,0,0,0,0,0,0,0,0,0,0,0,0,13000,13000,0,0
057904,矽力永豐98購01  ,0,0,0,0,0,0,0,0,0,0,0,0,0,14000,14000,0,0
057910,華新科兆豐99購02,0,0,0,0,0,0,0,0,0,0,0,0,0,100000,100000,0,0
057923,晶豪科凱基98購02,0,0,0,0,0,0,0,0,0,0,0,0,0,20000,20000,0,0
058980,鴻海凱基99購06  ,0,0,0,0,0,0,0,0,0,0,0,0,0,13000,13000,0,0
058907,健策元大99購04  ,0,0,0,0,0,0,0,0,0,0,0,0,0,11000,11000,0,0
059506,滬深2X永豐99購04,0,0,0,0,0,0,0,0,0,0,0,0,0,5000,5000,0,0
059467,旺宏元大99購15  ,0,0,0,0,0,0,0,0,0,0,0,0,0,1000,1000,0,0
059468,智邦元大99購02  ,0,0,0,0,0,0,0,0,0,0,0,0,0,1000,1000,0,0
059469,智邦元大99購03  ,0,0,0,0,0,0,0,0,0,0,0,0,0,2000,2000,0,0
059471,華新科元大99購17,0,0,0,0,0,0,0,0,0,0,0,0,0,3000,3000,0,0
059493,國巨國票9B購01  ,0,0,0,0,0,0,0,0,0,0,0,0,0,3000,3000,0,0
058989,茂林凱基99購02  ,0,0,0,0,0,0,0,0,0,0,0,0,0,14000,14000,0,0
059147,矽創國票99購01  ,0,0,0,0,0,0,0,0,0,0,0,0,0,12000,12000,0,0
058795,可成元大99購03  ,0,0,0,0,0,0,0,0,0,0,0,0,0,46000,46000,0,0
059980,台積電元大99購50,0,0,0,0,0,0,0,0,0,0,0,0,0,68000,68000,0,0
059884,鴻海國票99購09  ,0,0,0,0,0,0,0,0,0,0,0,0,0,2000,2000,0,0
059915,聯發科元大99購32,0,0,0,0,0,0,0,0,0,0,0,0,0,91000,91000,0,0
059928,道瓊銀富邦03購01,0,0,0,0,0,0,0,0,0,0,0,0,0,11000,11000,0,0
059923,緯穎元大99購09  ,0,0,0,0,0,0,0,0,0,0,0,0,0,9000,9000,0,0
059663,旭富元大9C購02  ,0,0,0,0,0,0,0,0,0,0,0,0,0,10000,10000,0,0
059636,宏達電凱基99購05,0,0,0,0,0,0,0,0,0,0,0,0,0,19000,19000,0,0
058830,健策永豐99購02  ,0,0,0,0,0,0,0,0,0,0,0,0,0,1000,1000,0,0
058833,台表科永豐99購01,0,0,0,0,0,0,0,0,0,0,0,0,0,30000,30000,0,0
058462,台積電兆豐99購01,0,0,0,0,0,0,0,0,0,0,0,0,0,922000,922000,0,0
058488,華擎國票9A購01  ,0,0,0,0,0,0,0,0,0,0,0,0,0,18000,18000,0,0
058501,S&P正2元大99購01,0,0,0,0,0,0,0,0,0,0,0,0,0,95000,95000,0,0
058503,鴻海元大99購14  ,0,0,0,0,0,0,0,0,0,0,0,0,0,6000,6000,0,0
058486,大立光國票9A購01,0,0,0,0,0,0,0,0,0,0,0,0,0,30000,30000,0,0
057526,智邦元大98購10  ,0,0,0,0,0,0,0,0,0,0,0,0,0,1000,1000,0,0
057534,旭富元大98購01  ,0,0,0,0,0,0,0,0,0,0,0,0,0,40000,40000,0,0
057513,智邦台新98購01  ,0,0,0,0,0,0,0,0,0,0,0,0,0,113000,113000,0,0
057524,旺宏元大99購04  ,0,0,0,0,0,0,0,0,0,0,0,0,0,50000,50000,0,0
059334,A50正2國票9A購02,0,0,0,0,0,0,0,0,0,0,0,0,0,10000,10000,0,0
058514,潤泰全元大99購01,0,0,0,0,0,0,0,0,0,0,0,0,0,15000,15000,0,0
059404,鴻海台新99購03  ,0,0,0,0,0,0,0,0,0,0,0,0,0,5000,5000,0,0
058044,鴻海元大99購07  ,0,0,0,0,0,0,0,0,0,0,0,0,0,5000,5000,0,0
059440,康控元大9B購01  ,0,0,0,0,0,0,0,0,0,0,0,0,0,38000,38000,0,0
058565,鴻海凱基9A購07  ,0,0,0,0,0,0,0,0,0,0,0,0,0,2000,2000,0,0
058538,智邦台新99購02  ,0,0,0,0,0,0,0,0,0,0,0,0,0,3000,3000,0,0
058068,旺宏凱基98購11  ,0,0,0,0,0,0,0,0,0,0,0,0,0,7000,7000,0,0
058223,世芯統一9B購01  ,0,0,0,0,0,0,0,0,0,0,0,0,0,5000,5000,0,0
058231,技嘉元大99購02  ,0,0,0,0,0,0,0,0,0,0,0,0,0,44000,44000,0,0
058673,華新科群益9A購02,0,0,0,0,0,0,0,0,0,0,0,0,0,4000,4000,0,0
058016,智邦凱基98購06  ,0,0,0,0,0,0,0,0,0,0,0,0,0,20000,20000,0,0
057991,健策統一9C購01  ,0,0,0,0,0,0,0,0,0,0,0,0,0,10000,10000,0,0
05828P,台積電統一97售02,0,0,0,0,0,0,0,0,0,0,0,0,0,50000,50000,0,0
058311,緯穎元大99購05  ,0,0,0,0,0,0,0,0,0,0,0,0,0,74000,74000,0,0
058266,宏達電永豐99購01,0,0,0,0,0,0,0,0,0,0,0,0,0,7000,7000,0,0
058258,世芯國泰9A購01  ,0,0,0,0,0,0,0,0,0,0,0,0,0,27000,27000,0,0
058260,華新科富邦9C購01,0,0,0,0,0,0,0,0,0,0,0,0,0,20000,20000,0,0
057980,聯詠永豐98購01  ,0,0,0,0,0,0,0,0,0,0,0,0,0,39000,39000,0,0
061400,可成兆豐9B購02  ,0,0,0,0,0,0,0,0,0,0,0,0,0,2000,2000,0,0
06076P,大立光凱基98售03,0,0,0,0,0,0,0,0,0,0,0,0,0,50000,50000,0,0
061427,旭富元大9A購02  ,15000,0,15000,0,0,0,0,0,0,-15000,0,0,0,147000,162000,-15000,0
061973,上銀元大9B購01  ,0,0,0,0,0,0,0,0,0,0,0,0,0,10000,10000,0,0
062021,康控永豐9B購01  ,0,0,0,0,0,0,0,0,0,0,0,0,0,15000,15000,0,0
062005,旺宏國泰01購01  ,0,0,0,0,0,0,0,0,0,0,0,0,0,6000,6000,0,0
062102,T50反1國票9B購07,0,0,0,0,0,0,0,0,0,0,0,0,0,200000,200000,0,0
06207P,聯發科凱基97售07,0,0,0,0,0,0,0,0,0,0,0,0,0,29000,29000,0,0
062066,元黃金元大9B購01,0,0,0,0,0,0,0,0,0,0,0,0,0,1000,1000,0,0
062136,南亞科群益9B購01,0,0,0,0,0,0,0,0,0,0,0,0,0,47000,47000,0,0
062287,康友群益9B購02  ,0,0,0,0,0,0,0,0,0,0,0,0,0,8000,8000,0,0
062619,台表科元大9B購03,0,0,0,0,0,0,0,0,0,0,0,0,0,50000,50000,0,0
062606,聯電凱基9C購02  ,0,0,0,0,0,0,0,0,0,0,0,0,0,30000,30000,0,0
062724,可成凱基9B購04  ,0,0,0,0,0,0,0,0,0,0,0,0,0,1000,1000,0,0
062869,帆宣中信9B購01  ,0,0,0,0,0,0,0,0,0,0,0,0,0,4000,4000,0,0
062879,美食兆豐9B購01  ,0,0,0,0,0,0,0,0,0,0,0,0,0,20000,20000,0,0
062811,鴻海兆豐9B購01  ,0,0,0,0,0,0,0,0,0,0,0,0,0,1000,1000,0,0
06328P,台積電中信01售02,0,0,0,0,0,0,0,0,0,0,0,0,0,10000,10000,0,0
063085,嘉澤凱基9C購01  ,0,0,0,0,0,0,0,0,0,0,0,0,0,20000,20000,0,0
060827,健策元大9A購02  ,0,0,0,0,0,0,0,0,0,0,0,0,0,1000,1000,0,0
060829,T50反1國票9A購06,0,0,0,0,0,0,0,0,0,0,0,0,0,60000,60000,0,0
06087P,國巨永豐97售01  ,0,0,0,0,0,0,0,0,0,0,0,0,0,10000,10000,0,0
060859,鴻海永豐9A購01  ,0,0,0,0,0,0,0,0,0,0,0,0,0,4000,4000,0,0
060864,可成永豐9A購01  ,0,0,0,0,0,0,0,0,0,0,0,0,0,4000,4000,0,0
061156,玉晶光群益9A購07,0,0,0,0,0,0,0,0,0,0,0,0,0,60000,60000,0,0
061200,道瓊反元大9A購06,20000,0,20000,0,0,0,0,0,0,-20000,0,0,0,0,20000,-20000,0
060939,鴻海國票9A購06  ,0,0,0,0,0,0,0,0,0,0,0,0,0,9000,9000,0,0
061471,台積電元大9A購31,0,0,0,0,0,0,0,0,0,0,0,0,0,30000,30000,0,0
061559,南亞科國票9A購02,0,0,0,0,0,0,0,0,0,0,0,0,0,48000,48000,0,0
06156P,大立光統一97售05,0,0,0,0,0,0,0,0,0,0,0,0,0,20000,20000,0,0
06134P,緯穎元富97售03  ,0,0,0,0,0,0,0,0,0,0,0,0,0,60000,60000,0,0
061377,聯發科永豐9A購04,0,0,0,0,0,0,0,0,0,0,0,0,0,10000,10000,0,0
062434,華通元大9B購04  ,0,0,0,0,0,0,0,0,0,0,0,0,0,60000,60000,0,0
06184P,大立光元大97售06,0,0,0,0,0,0,0,0,0,0,0,0,0,1000,1000,0,0
061302,晶技永豐9A購04  ,0,0,0,0,0,0,0,0,0,0,0,0,0,249000,249000,0,0
3266,昇陽            ,1000,2000,-1000,0,0,0,0,0,0,0,0,0,0,0,0,0,-1000
4566,時碩工業        ,11000,12000,-1000,0,0,0,0,0,0,0,0,0,0,0,0,0,-1000
4737,華廣            ,0,1000,-1000,0,0,0,0,0,0,0,0,0,0,0,0,0,-1000
3011,今皓            ,1000,2000,-1000,0,0,0,0,0,0,0,0,0,0,0,0,0,-1000
3013,晟銘電          ,2000,3000,-1000,0,0,0,0,0,0,0,0,0,0,0,0,0,-1000
6666,羅麗芬-KY       ,0,1000,-1000,0,0,0,0,0,0,0,0,0,0,0,0,0,-1000
9926,新海            ,3000,0,3000,0,0,0,0,0,0,-4000,0,4000,-4000,0,0,0,-1000
9927,泰銘            ,12000,14000,-2000,0,0,0,0,0,0,1000,1000,0,1000,0,0,0,-1000
9912,偉聯            ,1000,2000,-1000,0,0,0,0,0,0,0,0,0,0,0,0,0,-1000
5285,界霖            ,26000,27000,-1000,0,0,0,0,0,0,0,0,0,0,0,0,0,-1000
6442,光聖            ,0,0,0,0,0,0,0,0,0,-1000,0,1000,-1000,0,0,0,-1000
2032,新鋼            ,0,2000,-2000,0,0,0,0,0,0,1000,1000,0,1000,0,0,0,-1000
1773,勝一            ,10000,11000,-1000,0,0,0,0,0,0,0,0,0,0,0,0,0,-1000
1786,科妍            ,10000,11000,-1000,0,0,0,0,0,0,0,0,0,0,0,0,0,-1000
1805,寶徠            ,0,1000,-1000,0,0,0,0,0,0,0,0,0,0,0,0,0,-1000
2002A,中鋼特          ,0,0,0,0,0,0,0,0,0,-1000,0,1000,-1000,0,0,0,-1000
1539,巨庭            ,0,1000,-1000,0,0,0,0,0,0,0,0,0,0,0,0,0,-1000
1614,三洋電          ,4000,6000,-2000,0,0,0,0,0,0,1000,1000,0,1000,0,0,0,-1000
07991P,鴻海群益9C售02  ,0,0,0,0,0,0,0,0,0,-1000,0,0,0,0,1000,-1000,-1000
08223P,臺股指凱基9B售18,0,0,0,0,0,0,0,0,0,-1000,0,0,0,0,1000,-1000,-1000
1465,偉全            ,0,1000,-1000,0,0,0,0,0,0,0,0,0,0,0,0,0,-1000
06652P,長榮航元大98售01,0,0,0,0,0,0,0,0,0,-1000,0,0,0,7000,8000,-1000,-1000
06640P,國巨兆豐99售02  ,0,0,0,0,0,0,0,0,0,-1000,0,0,0,0,1000,-1000,-1000
06616P,國巨元大98售15  ,0,0,0,0,0,0,0,0,0,-1000,0,0,0,0,1000,-1000,-1000
06602P,國巨統一99售02  ,0,0,0,0,0,0,0,0,0,-1000,0,0,0,0,1000,-1000,-1000
06723P,台灣50麥證99售01,0,0,0,0,41000,-41000,0,0,0,-1000,0,0,0,40000,41000,-1000,-1000
06451P,聯發科元大98售04,0,0,0,0,0,0,0,0,0,-1000,0,0,0,0,1000,-1000,-1000
06990P,康友元富99售03  ,0,0,0,0,0,0,0,0,0,-1000,0,0,0,0,1000,-1000,-1000
07013P,玉晶光群益9A售06,0,0,0,0,0,0,0,0,0,-1000,0,0,0,0,1000,-1000,-1000
06764P,聯發科元大98售11,0,0,0,0,0,0,0,0,0,-1000,0,0,0,0,1000,-1000,-1000
07090P,台灣50凱基01售01,0,0,0,0,0,0,0,0,0,-1000,0,0,0,0,1000,-1000,-1000
07142P,台灣50元大01售01,0,0,0,0,0,0,0,0,0,-1000,0,0,0,0,1000,-1000,-1000
07160P,台灣50中信03售04,0,0,0,0,0,0,0,0,0,-1000,0,0,0,0,1000,-1000,-1000
07166P,台灣50兆豐03售01,0,0,0,0,0,0,0,0,0,-1000,0,0,0,0,1000,-1000,-1000
07180P,臺股指凱基99售22,0,0,0,0,0,0,0,0,0,-1000,0,0,0,20000,21000,-1000,-1000
07245P,台積電凱基99售16,0,0,0,0,0,0,0,0,0,-1000,0,0,0,0,1000,-1000,-1000
07295P,滬深2X元富9C售09,0,0,0,0,0,0,0,0,0,-1000,0,0,0,0,1000,-1000,-1000
07266P,大立光元大99售19,0,0,0,0,0,0,0,0,0,-1000,0,0,0,39000,40000,-1000,-1000
07343P,高鐵康和99售01  ,0,0,0,0,0,0,0,0,0,-1000,0,0,0,0,1000,-1000,-1000
07344P,鴻海富邦9A售03  ,0,0,0,0,0,0,0,0,0,-1000,0,0,0,0,1000,-1000,-1000
07928P,國巨統一9B售09  ,0,0,0,0,0,0,0,0,0,-1000,0,0,0,0,1000,-1000,-1000
07775P,國巨群益9A售10  ,0,0,0,0,0,0,0,0,0,-1000,0,0,0,0,1000,-1000,-1000
07787P,國巨凱基9A售17  ,0,0,0,0,0,0,0,0,0,-1000,0,0,0,0,1000,-1000,-1000
056718,GIS永豐98購01   ,0,0,0,0,0,0,0,0,0,-1000,0,0,0,21000,22000,-1000,-1000
055738,玉山金元富97購01,0,0,0,0,0,0,0,0,0,-1000,0,0,0,0,1000,-1000,-1000
055221,矽創凱基97購02  ,0,0,0,0,0,0,0,0,0,-1000,0,0,0,0,1000,-1000,-1000
055008,隆達元富97購01  ,0,0,0,0,0,0,0,0,0,-1000,0,0,0,0,1000,-1000,-1000
056345,嘉聯益凱基99購01,0,0,0,0,0,0,0,0,0,-1000,0,0,0,0,1000,-1000,-1000
056360,智邦元大98購01  ,0,0,0,0,0,0,0,0,0,-1000,0,0,0,1000,2000,-1000,-1000
055904,貿聯亞東99購01  ,0,0,0,0,0,0,0,0,0,-1000,0,0,0,0,1000,-1000,-1000
057416,T50反1凱基9C購01,0,0,0,0,0,0,0,0,0,-1000,0,0,0,0,1000,-1000,-1000
057427,華通兆豐99購01  ,0,0,0,0,0,0,0,0,0,-1000,0,0,0,0,1000,-1000,-1000
055802,新日興永豐97購01,0,0,0,0,0,0,0,0,0,-1000,0,0,0,0,1000,-1000,-1000
055860,啟碁元大97購04  ,0,0,0,0,0,0,0,0,0,-1000,0,0,0,61000,62000,-1000,-1000
058367,大立光凱基9A購01,0,0,0,0,0,0,0,0,0,-1000,0,0,0,0,1000,-1000,-1000
058386,A50正2國票9B購01,0,0,0,0,0,0,0,0,0,-1000,0,0,0,0,1000,-1000,-1000
060190,國泰金元富9A購01,0,0,0,0,0,0,0,0,0,-1000,0,0,0,137000,138000,-1000,-1000
052846,智邦統一97購01  ,0,0,0,0,0,0,0,0,0,-1000,0,0,0,0,1000,-1000,-1000
053057,聯電國泰97購02  ,0,0,0,0,0,0,0,0,0,-1000,0,0,0,360000,361000,-1000,-1000
056502,A50正2永豐98購01,0,0,0,0,0,0,0,0,0,-1000,0,0,0,0,1000,-1000,-1000
056467,上証2X元大98購02,0,0,0,0,0,0,0,0,0,-1000,0,0,0,1000,2000,-1000,-1000
052779,欣興國票97購01  ,0,0,0,0,0,0,0,0,0,-1000,0,0,0,9000,10000,-1000,-1000
052775,滬深2X國票99購02,0,0,0,0,0,0,0,0,0,-1000,0,0,0,0,1000,-1000,-1000
053761,健策國泰98購01  ,0,0,0,0,0,0,0,0,0,-1000,0,0,0,148000,149000,-1000,-1000
049254,台積電元大96購02,0,0,0,0,0,0,0,0,0,-1000,0,0,0,0,1000,-1000,-1000
047418,智邦富邦97購01  ,0,0,0,0,0,0,0,0,0,-1000,0,0,0,0,1000,-1000,-1000
051934,緯穎國票96購01  ,0,0,0,0,0,0,0,0,0,-1000,0,0,0,0,1000,-1000,-1000
051471,國巨凱基97購01  ,0,0,0,0,0,0,0,0,0,-1000,0,0,0,0,1000,-1000,-1000
03414B,臺股指凱基99熊01,10000,20000,-10000,0,0,0,0,0,0,9000,0,0,0,301000,292000,9000,-1000
03650C,T50反1元大98牛05,0,0,0,0,0,0,0,0,0,-1000,0,0,0,0,1000,-1000,-1000
03444B,臺股指元大9C熊02,0,0,0,0,0,0,0,0,0,-1000,0,0,0,0,1000,-1000,-1000
0053,元大電子        ,0,0,0,0,0,0,0,0,0,-1000,0,0,0,1000,2000,-1000,-1000
006203,元大MSCI台灣    ,0,1000,-1000,0,0,0,0,0,0,0,0,0,0,1000,1000,0,-1000
03007X,元展07          ,0,0,0,0,0,0,0,0,0,-1000,0,0,0,0,1000,-1000,-1000
03012X,元展12          ,0,0,0,0,0,0,0,0,0,-1000,0,0,0,0,1000,-1000,-1000
03022X,富展01          ,0,0,0,0,0,0,0,0,0,-1000,0,0,0,0,1000,-1000,-1000
058668,元油2X群益9B購04,0,0,0,0,0,0,0,0,0,-1000,0,0,0,0,1000,-1000,-1000
058228,為升元大99購01  ,0,0,0,0,0,0,0,0,0,-1000,0,0,0,0,1000,-1000,-1000
058222,玉晶光統一9B購01,0,0,0,0,0,0,0,0,0,-1000,0,0,0,45000,46000,-1000,-1000
058214,世芯群益9A購01  ,0,0,0,0,0,0,0,0,0,-1000,0,0,0,1000,2000,-1000,-1000
058256,臺股指元大9A購20,0,0,0,0,0,0,0,0,0,-1000,0,0,0,0,1000,-1000,-1000
058089,聯發科元大98購15,0,0,0,0,0,0,0,0,0,-1000,0,0,0,0,1000,-1000,-1000
059374,A50正2群益01購01,0,0,0,0,0,0,0,0,0,-1000,0,0,0,0,1000,-1000,-1000
059627,旺宏凱基99購10  ,0,0,0,0,0,0,0,0,0,-1000,0,0,0,0,1000,-1000,-1000
059937,旺宏永豐99購03  ,0,0,0,0,0,0,0,0,0,-1000,0,0,0,0,1000,-1000,-1000
06000P,GIS元大96售04   ,0,0,0,0,0,0,0,0,0,-1000,0,0,0,0,1000,-1000,-1000
059073,元油2X元大9C購14,0,0,0,0,0,0,0,0,0,-1000,0,0,0,0,1000,-1000,-1000
058897,國巨元大99購17  ,0,0,0,0,0,0,0,0,0,-1000,0,0,0,0,1000,-1000,-1000
058890,元油2X元大9C購06,0,0,0,0,0,0,0,0,0,-1000,0,0,0,0,1000,-1000,-1000
06868P,電子類元大99售01,0,0,0,0,0,0,0,0,0,-1000,0,0,0,0,1000,-1000,-1000
060670,臺指反元大01購03,0,0,0,0,0,0,0,0,0,-1000,0,0,0,1000,2000,-1000,-1000
06060P,玉晶光元大97售03,0,0,0,0,0,0,0,0,0,-1000,0,0,0,0,1000,-1000,-1000
06062P,宏達電元富97售01,0,0,0,0,0,0,0,0,0,-1000,0,0,0,0,1000,-1000,-1000
06037P,超眾國票98售02  ,0,0,0,0,0,0,0,0,0,-1000,0,0,0,2000,3000,-1000,-1000
057703,矽力群益98購01  ,0,0,0,0,0,0,0,0,0,-1000,0,0,0,0,1000,-1000,-1000
058746,華通凱基9A購02  ,0,0,0,0,0,0,0,0,0,-1000,0,0,0,10000,11000,-1000,-1000
059795,鴻海國票99購07  ,0,0,0,0,0,0,0,0,0,-1000,0,0,0,4000,5000,-1000,-1000
059811,高股息凱基99購02,0,0,0,0,0,0,0,0,0,-1000,0,0,0,0,1000,-1000,-1000
057315,台灣50康和9A購03,0,0,0,0,0,0,0,0,0,-1000,0,0,0,0,1000,-1000,-1000
05736P,臺股指統一96售06,0,0,0,0,0,0,0,0,0,-1000,0,0,0,0,1000,-1000,-1000
05970P,超眾永豐96售03  ,0,0,0,0,0,0,0,0,0,-1000,0,0,0,5000,6000,-1000,-1000
059713,滬深2X元大9C購04,0,0,0,0,0,0,0,0,0,-1000,0,0,0,0,1000,-1000,-1000
059674,玉山金元富99購02,0,0,0,0,0,0,0,0,0,-1000,0,0,0,0,1000,-1000,-1000
059692,聯詠永豐99購01  ,0,0,0,0,0,0,0,0,0,-1000,0,0,0,29000,30000,-1000,-1000
057100,國巨中信9A購02  ,0,0,0,0,0,0,0,0,0,-1000,0,0,0,0,1000,-1000,-1000
061866,力山元大9C購01  ,0,0,0,0,0,0,0,0,0,-1000,0,0,0,71000,72000,-1000,-1000
060344,聯發科統一01購01,0,0,0,0,0,0,0,0,0,-1000,0,0,0,0,1000,-1000,-1000
060307,南港永豐9A購01  ,0,0,0,0,0,0,0,0,0,-1000,0,0,0,69000,70000,-1000,-1000
061893,鴻海永豐9B購01  ,0,0,0,0,0,0,0,0,0,-1000,0,0,0,0,1000,-1000,-1000
06188P,大立光元富97售01,0,0,0,0,0,0,0,0,0,-1000,0,0,0,1000,2000,-1000,-1000
06187P,國巨統一97售05  ,0,0,0,0,0,0,0,0,0,-1000,0,0,0,47000,48000,-1000,-1000
06244P,智易元富97售02  ,0,0,0,0,0,0,0,0,0,-1000,0,0,0,0,1000,-1000,-1000
063000,緯穎國票9B購03  ,0,0,0,0,0,0,0,0,0,-1000,0,0,0,0,1000,-1000,-1000
061315,滬深2X凱基9C購06,0,0,0,0,0,0,0,0,0,-1000,0,0,0,0,1000,-1000,-1000
063518,儒鴻凱基9B購02  ,0,0,0,0,0,0,0,0,0,-1000,0,0,0,0,1000,-1000,-1000
063533,緯穎凱基9B購06  ,0,0,0,0,0,0,0,0,0,-1000,0,0,0,0,1000,-1000,-1000
061566,華通元大9A購10  ,0,0,0,0,0,0,0,0,0,-1000,0,0,0,81000,82000,-1000,-1000
06148P,台積電元大97售17,0,0,0,0,0,0,0,0,0,-1000,0,0,0,0,1000,-1000,-1000
060963,禾伸堂凱基9A購01,0,0,0,0,0,0,0,0,0,-1000,0,0,0,0,1000,-1000,-1000
061148,道瓊反群益9A購02,0,0,0,0,0,0,0,0,0,-1000,0,0,0,0,1000,-1000,-1000
060892,超眾統一9C購01  ,0,0,0,0,0,0,0,0,0,-1000,0,0,0,0,1000,-1000,-1000
061760,臺指反元大01購06,0,0,0,0,0,0,0,0,0,-1000,0,0,0,0,1000,-1000,-1000
061648,緯穎元大9A購04  ,0,0,0,0,0,0,0,0,0,-1000,0,0,0,1000,2000,-1000,-1000
061692,聯發科群益9A購04,0,0,0,0,0,0,0,0,0,-1000,0,0,0,0,1000,-1000,-1000
06296P,燿華元大98售01  ,0,0,0,0,0,0,0,0,0,-1000,0,0,0,0,1000,-1000,-1000
063266,聯發科第一9B購01,0,0,0,0,0,0,0,0,0,-1000,0,0,0,0,1000,-1000,-1000
063245,富邦金元大9B購03,0,0,0,0,0,0,0,0,0,-1000,0,0,0,22000,23000,-1000,-1000
062789,臺股指元大9B購32,0,0,0,0,0,0,0,0,0,-1000,0,0,0,0,1000,-1000,-1000
062799,聯發科統一9C購09,0,0,0,0,0,0,0,0,0,-1000,0,0,0,1000,2000,-1000,-1000
062330,可成統一9B購03  ,0,0,0,0,0,0,0,0,0,-1000,0,0,0,0,1000,-1000,-1000
062341,台表科麥證9C購01,0,0,0,0,1000,-1000,0,0,0,-1000,0,0,0,0,1000,-1000,-1000
06257P,臺股指群益97售10,0,0,0,0,0,0,0,0,0,-1000,0,0,0,0,1000,-1000,-1000
062054,鴻海統一9C購06  ,0,0,0,0,0,0,0,0,0,-1000,0,0,0,0,1000,-1000,-1000
062097,台光電永豐9B購01,0,0,0,0,0,0,0,0,0,-1000,0,0,0,14000,15000,-1000,-1000
061942,亞德客群益9B購01,0,0,0,0,0,0,0,0,0,-1000,0,0,0,3000,4000,-1000,-1000
061946,鴻海群益9B購03  ,0,0,0,0,0,0,0,0,0,-1000,0,0,0,16000,17000,-1000,-1000
061412,儒鴻群益9A購01  ,0,0,0,0,0,0,0,0,0,-1000,0,0,0,0,1000,-1000,-1000
07673P,電子類元大9A售01,0,0,0,0,0,0,0,0,0,-2000,0,0,0,0,2000,-2000,-2000
07627P,超眾凱基9A售02  ,0,0,0,0,0,0,0,0,0,-2000,0,0,0,0,2000,-2000,-2000
07517P,台積電元大9A售17,0,0,0,0,0,0,0,0,0,-2000,0,0,0,0,2000,-2000,-2000
07306P,台灣50凱基9A售09,0,0,0,0,0,0,0,0,0,-2000,0,0,0,0,2000,-2000,-2000
07444P,聯發科凱基9A售10,0,0,0,0,0,0,0,0,0,-2000,0,0,0,0,2000,-2000,-2000
07233P,台灣50元大99售04,0,0,0,0,0,0,0,0,0,-2000,0,0,0,0,2000,-2000,-2000
07068P,欣興台新99售01  ,0,0,0,0,0,0,0,0,0,-2000,0,0,0,0,2000,-2000,-2000
06722P,臺股指中信9A售04,0,0,0,0,0,0,0,0,0,-2000,0,0,0,0,2000,-2000,-2000
06716P,台積電元大9A售02,0,0,0,0,0,0,0,0,0,-2000,0,0,0,0,2000,-2000,-2000
06655P,TPK元大98售02   ,0,0,0,0,0,0,0,0,0,-2000,0,0,0,2000,4000,-2000,-2000
063815,玉晶光群益02購01,0,0,0,0,0,0,0,0,0,-2000,0,0,0,58000,60000,-2000,-2000
063782,致新永豐9B購02  ,0,0,0,0,0,0,0,0,0,-2000,0,0,0,8000,10000,-2000,-2000
06436P,台光電國票98售04,0,0,0,0,0,0,0,0,0,-2000,0,0,0,0,2000,-2000,-2000
063654,上銀元富9B購05  ,0,0,0,0,0,0,0,0,0,-2000,0,0,0,48000,50000,-2000,-2000
063495,台光電富邦9C購01,0,0,0,0,0,0,0,0,0,-2000,0,0,0,0,2000,-2000,-2000
063421,可成凱基9C購02  ,0,0,0,0,0,0,0,0,0,-2000,0,0,0,9000,11000,-2000,-2000
1453,大將            ,0,2000,-2000,0,0,0,0,0,0,0,0,0,0,0,0,0,-2000
08174P,國巨統一9B售17  ,0,0,0,0,0,0,0,0,0,-2000,0,0,0,0,2000,-2000,-2000
08038P,臺股指群益9B售11,0,0,0,0,0,0,0,0,0,-2000,0,0,0,8000,10000,-2000,-2000
08166P,國巨中信9B售05  ,0,0,0,0,0,0,0,0,0,-2000,0,0,0,0,2000,-2000,-2000
1535,中宇            ,1000,3000,-2000,0,0,0,0,0,0,0,0,0,0,0,0,0,-2000
6579,研揚            ,1000,3000,-2000,0,0,0,0,0,0,0,0,0,0,0,0,0,-2000
6166,凌華            ,152000,154000,-2000,0,0,0,0,0,0,0,0,0,0,0,0,0,-2000
4989,榮科            ,23000,25000,-2000,0,0,0,0,0,0,0,0,0,0,0,0,0,-2000
8222,寶一            ,1000,3000,-2000,0,0,0,0,0,0,0,0,0,0,0,0,0,-2000
8442,威宏-KY         ,0,0,0,0,0,0,0,0,0,-2000,0,2000,-2000,0,0,0,-2000
2613,中櫃            ,0,2000,-2000,0,0,0,0,0,0,0,0,0,0,0,0,0,-2000
4581,光隆精密-KY     ,0,2000,-2000,0,0,0,0,0,0,0,0,0,0,0,0,0,-2000
4545,銘鈺            ,1000,2000,-1000,0,0,0,0,0,0,-1000,0,1000,-1000,0,0,0,-2000
3164,景岳            ,4000,7000,-3000,0,0,0,0,0,0,1000,1000,0,1000,0,0,0,-2000
3454,晶睿            ,17000,19000,-2000,0,0,0,0,0,0,0,0,0,0,0,0,0,-2000
3494,誠研            ,0,2000,-2000,0,0,0,0,0,0,0,0,0,0,0,0,0,-2000
00682U,元大美元指數    ,0,0,0,0,0,0,0,0,0,-2000,0,0,0,0,2000,-2000,-2000
00674R,元大S&P黃金反1  ,0,0,0,0,0,0,0,0,0,-2000,0,0,0,76000,78000,-2000,-2000
03676C,臺股指元大04牛03,0,0,0,0,0,0,0,0,0,-2000,0,0,0,0,2000,-2000,-2000
03052X,元展49          ,0,0,0,0,0,0,0,0,0,-2000,0,0,0,0,2000,-2000,-2000
05124P,華新科富邦97售02,0,0,0,0,0,0,0,0,0,-2000,0,0,0,0,2000,-2000,-2000
044247,道瓊反元富97購01,0,0,0,0,0,0,0,0,0,-2000,0,0,0,0,2000,-2000,-2000
053994,微星群益96購01  ,0,0,0,0,0,0,0,0,0,-2000,0,0,0,0,2000,-2000,-2000
053194,緯穎統一99購01  ,0,0,0,0,0,0,0,0,0,-2000,0,0,0,0,2000,-2000,-2000
056453,禾伸堂凱基99購02,0,0,0,0,0,0,0,0,0,-2000,0,0,0,8000,10000,-2000,-2000
055363,緯穎凱基98購03  ,0,0,0,0,0,0,0,0,0,-2000,0,0,0,0,2000,-2000,-2000
052890,FB上証群益9B購01,0,0,0,0,0,0,0,0,0,-2000,0,0,0,0,2000,-2000,-2000
059239,台積電凱基99購12,0,0,0,0,0,0,0,0,0,-2000,0,0,0,0,2000,-2000,-2000
058358,技嘉凱基9A購01  ,0,0,0,0,0,0,0,0,0,-2000,0,0,0,31000,33000,-2000,-2000
057446,旺宏元富02購01  ,0,0,0,0,0,0,0,0,0,-2000,0,0,0,9000,11000,-2000,-2000
054444,緯穎台新97購01  ,0,0,0,0,0,0,0,0,0,-2000,0,0,0,0,2000,-2000,-2000
056365,欣興元大98購01  ,0,0,0,0,0,0,0,0,0,-2000,0,0,0,72000,74000,-2000,-2000
056192,智邦富邦98購01  ,0,0,0,0,0,0,0,0,0,-2000,0,0,0,0,2000,-2000,-2000
056184,南亞科統一97購03,0,0,0,0,0,0,0,0,0,-2000,0,0,0,0,2000,-2000,-2000
05478P,智伸科國票96售02,0,0,0,0,0,0,0,0,0,-2000,0,0,0,0,2000,-2000,-2000
056635,亞德客日盛99購01,0,0,0,0,0,0,0,0,0,-2000,0,0,0,0,2000,-2000,-2000
056646,奇鋐凱基99購02  ,0,0,0,0,0,0,0,0,0,-2000,0,0,0,0,2000,-2000,-2000
056665,上証2X國票99購02,0,0,0,0,0,0,0,0,0,-2000,0,0,0,8000,10000,-2000,-2000
056058,建準元大97購02  ,0,0,0,0,0,0,0,0,0,-2000,0,0,0,0,2000,-2000,-2000
056035,鴻海凱基97購06  ,0,0,0,0,0,0,0,0,0,-2000,0,0,0,0,2000,-2000,-2000
056074,茂林元大97購04  ,0,0,0,0,0,0,0,0,0,-2000,0,0,0,0,2000,-2000,-2000
057073,康控永豐98購01  ,0,0,0,0,0,0,0,0,0,-2000,0,0,0,1000,3000,-2000,-2000
05977P,旺宏永豐96售06  ,0,0,0,0,0,0,0,0,0,-2000,0,0,0,13000,15000,-2000,-2000
057669,嘉晶元大99購03  ,0,0,0,0,0,0,0,0,0,-2000,0,0,0,0,2000,-2000,-2000
060118,臺指反富邦9C購01,0,0,0,0,0,0,0,0,0,-2000,0,0,0,0,2000,-2000,-2000
057714,聯發科統一98購05,0,0,0,0,0,0,0,0,0,-2000,0,0,0,0,2000,-2000,-2000
05685P,臺股指元大96售10,0,0,0,0,0,0,0,0,0,-2000,0,0,0,2000,4000,-2000,-2000
060704,台積電富邦01購01,0,0,0,0,0,0,0,0,0,-2000,0,0,0,13000,15000,-2000,-2000
060558,億豐凱基9A購01  ,0,0,0,0,0,0,0,0,0,-2000,0,0,0,0,2000,-2000,-2000
06861P,台積電國票99售08,0,0,0,0,0,0,0,0,0,-2000,0,0,0,0,2000,-2000,-2000
057795,鴻海兆豐99購02  ,0,0,0,0,0,0,0,0,0,-2000,0,0,0,0,2000,-2000,-2000
056898,全新元大98購02  ,0,0,0,0,0,0,0,0,0,-2000,0,0,0,0,2000,-2000,-2000
059491,國巨國票9A購05  ,0,0,0,0,0,0,0,0,0,-2000,0,0,0,0,2000,-2000,-2000
05899P,臺股指凱基96售30,0,0,0,0,0,0,0,0,0,-2000,0,0,0,0,2000,-2000,-2000
059099,元油2X統一9C購01,0,0,0,0,0,0,0,0,0,-2000,0,0,0,0,2000,-2000,-2000
059887,華新科國票99購02,0,0,0,0,0,0,0,0,0,-2000,0,0,0,0,2000,-2000,-2000
057548,微星凱基99購01  ,0,0,0,0,0,0,0,0,0,-2000,0,0,0,23000,25000,-2000,-2000
059427,國巨元大99購24  ,0,0,0,0,0,0,0,0,0,-2000,0,0,0,0,2000,-2000,-2000
058553,合勤控永豐99購01,0,0,0,0,0,0,0,0,0,-2000,0,0,0,0,2000,-2000,-2000
057506,聯鈞國票99購02  ,0,0,0,0,0,0,0,0,0,-2000,0,0,0,108000,110000,-2000,-2000
058237,嘉晶元大99購04  ,0,0,0,0,0,0,0,0,0,-2000,0,0,0,0,2000,-2000,-2000
058659,力成中信99購01  ,0,0,0,0,0,0,0,0,0,-2000,0,0,0,1000,3000,-2000,-2000
062014,牧德富邦9C購01  ,0,0,0,0,0,0,0,0,0,-2000,0,0,0,0,2000,-2000,-2000
061959,鴻海統一9B購04  ,0,0,0,0,0,0,0,0,0,-2000,0,0,0,39000,41000,-2000,-2000
062154,國巨凱基9C購02  ,0,0,0,0,0,0,0,0,0,-2000,0,0,0,0,2000,-2000,-2000
062187,台勝科元大9B購02,0,0,0,0,0,0,0,0,0,-2000,0,0,0,11000,13000,-2000,-2000
062476,神隆國票9B購01  ,0,0,0,0,0,0,0,0,0,-2000,0,0,0,1000,3000,-2000,-2000
062874,微星兆豐9B購01  ,0,0,0,0,0,0,0,0,0,-2000,0,0,0,12000,14000,-2000,-2000
062759,旺宏凱基9B購07  ,0,0,0,0,0,0,0,0,0,-2000,0,0,0,9000,11000,-2000,-2000
063263,高鐵永豐9B購01  ,0,0,0,0,0,0,0,0,0,-2000,0,0,0,2000,4000,-2000,-2000
063279,國巨元大9C購05  ,0,0,0,0,0,0,0,0,0,-2000,0,0,0,3000,5000,-2000,-2000
063130,聯茂元大9B購02  ,0,0,0,0,0,0,0,0,0,-2000,0,0,0,14000,16000,-2000,-2000
063106,台表科群益9B購03,0,0,0,0,0,0,0,0,0,-2000,0,0,0,60000,62000,-2000,-2000
061672,臺指反元大01購05,0,0,0,0,0,0,0,0,0,-2000,0,0,0,0,2000,-2000,-2000
061778,元金2X群益9B購02,0,0,0,0,0,0,0,0,0,-2000,0,0,0,0,2000,-2000,-2000
061738,聯發科凱基9B購04,0,0,0,0,0,0,0,0,0,-2000,0,0,0,0,2000,-2000,-2000
061713,華邦電凱基9A購01,0,0,0,0,0,0,0,0,0,-2000,0,0,0,0,2000,-2000,-2000
060867,智伸科永豐9A購01,0,0,0,0,0,0,0,0,0,-2000,0,0,0,70000,72000,-2000,-2000
060838,華通國票9A購05  ,0,0,0,0,0,0,0,0,0,-2000,0,0,0,2000,4000,-2000,-2000
061155,華新科群益9A購06,0,0,0,0,0,0,0,0,0,-2000,0,0,0,87000,89000,-2000,-2000
06119P,大立光凱基98售04,0,0,0,0,0,0,0,0,0,-2000,0,0,0,1000,3000,-2000,-2000
060931,GIS永豐9A購01   ,0,0,0,0,0,0,0,0,0,-2000,0,0,0,48000,50000,-2000,-2000
060903,臺指反元大9A購01,0,0,0,0,0,0,0,0,0,-2000,0,0,0,0,2000,-2000,-2000
060900,超眾凱基9B購01  ,0,0,0,0,0,0,0,0,0,-2000,0,0,0,9000,11000,-2000,-2000
061366,台勝科國票9A購01,0,0,0,0,0,0,0,0,0,-2000,0,0,0,65000,67000,-2000,-2000
060350,元黃金元富9B購01,0,0,0,0,0,0,0,0,0,-2000,0,0,0,0,2000,-2000,-2000
061254,道瓊反凱基9A購02,0,0,0,0,0,0,0,0,0,-2000,0,0,0,0,2000,-2000,-2000
061257,上銀凱基9A購06  ,0,0,0,0,0,0,0,0,0,-2000,0,0,0,8000,10000,-2000,-2000
060368,緯穎元富9A購03  ,0,0,0,0,0,0,0,0,0,-2000,0,0,0,0,2000,-2000,-2000
3535,晶彩科          ,330000,332000,-2000,0,0,0,0,0,0,-1000,0,1000,-1000,0,0,0,-3000
2514,龍邦            ,4000,8000,-4000,0,0,0,0,0,0,1000,1000,0,1000,0,0,0,-3000
2597,潤弘            ,1000,15000,-14000,0,0,0,0,0,0,11000,11000,0,11000,0,0,0,-3000
8466,美吉吉-KY       ,0,3000,-3000,0,0,0,0,0,0,0,0,0,0,0,0,0,-3000
9902,台火            ,0,3000,-3000,0,0,0,0,0,0,0,0,0,0,0,0,0,-3000
6108,競國            ,12000,11000,1000,0,0,0,0,4000,-4000,0,0,0,0,0,0,0,-3000
6464,台數科          ,1000,4000,-3000,0,0,0,0,0,0,0,0,0,0,0,0,0,-3000
6281,全國電          ,0,4000,-4000,0,0,0,0,0,0,1000,1000,0,1000,0,0,0,-3000
1615,大山            ,1000,4000,-3000,0,0,0,0,0,0,0,0,0,0,0,0,0,-3000
2015,豐興            ,75000,79000,-4000,0,0,0,0,0,0,1000,1000,0,1000,0,0,0,-3000
2365,昆盈            ,72000,74000,-2000,0,0,0,0,0,0,-1000,0,1000,-1000,0,0,0,-3000
08028P,臺股指元大9B售30,0,0,0,0,0,0,0,0,0,-3000,0,0,0,7000,10000,-3000,-3000
07957P,晶技群益9B售02  ,0,0,0,0,0,0,0,0,0,-3000,0,0,0,27000,30000,-3000,-3000
1256,鮮活果汁-KY     ,0,3000,-3000,0,0,0,0,0,0,0,0,0,0,0,0,0,-3000
063406,麗豐國票9C購01  ,0,0,0,0,0,0,0,0,0,-3000,0,0,0,39000,42000,-3000,-3000
063368,遠東新永豐9B購01,0,0,0,0,0,0,0,0,0,-3000,0,0,0,65000,68000,-3000,-3000
063566,台光電元大9B購08,0,0,0,0,0,0,0,0,0,-3000,0,0,0,47000,50000,-3000,-3000
06582P,可成凱基98售06  ,0,0,0,0,0,0,0,0,0,-3000,0,0,0,100000,103000,-3000,-3000
07005P,台積電統一9B售05,0,0,0,0,0,0,0,0,0,-3000,0,0,0,40000,43000,-3000,-3000
07235P,T50正2元大9C售02,0,0,0,0,0,0,0,0,0,-3000,0,0,0,0,3000,-3000,-3000
07264P,台積電元大99售38,0,0,0,0,0,0,0,0,0,-3000,0,0,0,0,3000,-3000,-3000
07211P,南亞科凱基99售05,0,0,0,0,0,0,0,0,0,-3000,0,0,0,0,3000,-3000,-3000
07405P,大立光凱基99售17,0,0,0,0,0,0,0,0,0,-3000,0,0,0,0,3000,-3000,-3000
07818P,台積電國票9C售01,0,0,0,0,0,0,0,0,0,-3000,0,0,0,0,3000,-3000,-3000
07757P,國巨國票9B售04  ,0,0,0,0,0,0,0,0,0,-3000,0,0,0,0,3000,-3000,-3000
054789,高鐵群益98購01  ,0,0,0,0,0,0,0,0,0,-3000,0,0,0,78000,81000,-3000,-3000
05625P,國巨國票97售01  ,0,0,0,0,0,0,0,0,0,-3000,0,0,0,0,3000,-3000,-3000
054556,世芯凱基99購01  ,0,0,0,0,0,0,0,0,0,-3000,0,0,0,1000,4000,-3000,-3000
059247,可成凱基99購05  ,0,0,0,0,0,0,0,0,0,-3000,0,0,0,0,3000,-3000,-3000
059223,大立光元大99購14,0,0,0,0,0,0,0,0,0,-3000,0,0,0,5000,8000,-3000,-3000
060159,健和興永豐9A購01,0,0,0,0,0,0,0,0,0,-3000,0,0,0,2000,5000,-3000,-3000
055335,健策兆豐98購01  ,0,0,0,0,0,0,0,0,0,-3000,0,0,0,20000,23000,-3000,-3000
056401,國巨群益98購07  ,0,0,0,0,0,0,0,0,0,-3000,0,0,0,50000,53000,-3000,-3000
056520,鴻海日盛99購01  ,0,0,0,0,0,0,0,0,0,-3000,0,0,0,0,3000,-3000,-3000
053391,嘉聯益元大99購01,0,0,0,0,0,0,0,0,0,-3000,0,0,0,0,3000,-3000,-3000
052191,超眾群益96購01  ,0,0,0,0,0,0,0,0,0,-3000,0,0,0,17000,20000,-3000,-3000
054238,聯茂群益96購04  ,0,0,0,0,0,0,0,0,0,-3000,0,0,0,0,3000,-3000,-3000
00706L,元大S&P日圓正2  ,0,0,0,0,0,0,0,0,0,-3000,0,0,0,1000,4000,-3000,-3000
058009,智易國票99購01  ,0,0,0,0,0,0,0,0,0,-3000,0,0,0,2000,5000,-3000,-3000
058334,鴻海元富99購05  ,0,0,0,0,0,0,0,0,0,-3000,0,0,0,34000,37000,-3000,-3000
057510,泰碩統一98購02  ,0,0,0,0,0,0,0,0,0,-3000,0,0,0,0,3000,-3000,-3000
058035,旭富永豐98購02  ,0,0,0,0,0,0,0,0,0,-3000,0,0,0,12000,15000,-3000,-3000
059645,祥碩凱基99購05  ,0,0,0,0,0,0,0,0,0,-3000,0,0,0,17000,20000,-3000,-3000
059112,上銀永豐99購01  ,0,0,0,0,0,0,0,0,0,-3000,0,0,0,39000,42000,-3000,-3000
059149,臺股指國票99購12,0,0,0,0,0,0,0,0,0,-3000,0,0,0,0,3000,-3000,-3000
05905P,晶技統一97售01  ,0,0,0,0,0,0,0,0,0,-3000,0,0,0,0,3000,-3000,-3000
057049,新日興元大98購02,0,0,0,0,0,0,0,0,0,-3000,0,0,0,0,3000,-3000,-3000
06888P,日月光元大98售02,0,0,0,0,0,0,0,0,0,-3000,0,0,0,0,3000,-3000,-3000
060524,國巨中信9A購03  ,0,0,0,0,0,0,0,0,0,-3000,0,0,0,0,3000,-3000,-3000
060761,南亞科元大9A購05,0,0,0,0,0,0,0,0,0,-3000,0,0,0,71000,74000,-3000,-3000
060386,台勝科凱基9B購01,0,0,0,0,0,0,0,0,0,-3000,0,0,0,0,3000,-3000,-3000
058718,台灣50元富03購01,0,0,0,0,0,0,0,0,0,-3000,0,0,0,0,3000,-3000,-3000
059733,緯穎元大99購08  ,0,0,0,0,0,0,0,0,0,-3000,0,0,0,1000,4000,-3000,-3000
057163,上銀元大98購04  ,0,0,0,0,0,0,0,0,0,-3000,0,0,0,0,3000,-3000,-3000
057337,聯發科國票99購02,0,0,0,0,0,0,0,0,0,-3000,0,0,0,0,3000,-3000,-3000
060311,盟立永豐9A購01  ,0,0,0,0,0,0,0,0,0,-3000,0,0,0,0,3000,-3000,-3000
061885,臺股指元大9B購19,0,0,0,0,0,0,0,0,0,-3000,0,0,0,0,3000,-3000,-3000
061504,祥碩國票9A購02  ,0,0,0,0,0,0,0,0,0,-3000,0,0,0,0,3000,-3000,-3000
060886,國巨統一01購03  ,0,0,0,0,0,0,0,0,0,-3000,0,0,0,2000,5000,-3000,-3000
061684,T50反1群益9A購06,0,0,0,0,0,0,0,0,0,-3000,0,0,0,0,3000,-3000,-3000
063079,儒鴻凱基9B購01  ,0,0,0,0,0,0,0,0,0,-3000,0,0,0,0,3000,-3000,-3000
06294P,臺股指國票97售08,0,0,0,0,0,0,0,0,0,-3000,0,0,0,2000,5000,-3000,-3000
063179,群創兆豐9B購01  ,0,0,0,0,0,0,0,0,0,-3000,0,0,0,20000,23000,-3000,-3000
062771,臺股指凱基9B購15,0,0,0,0,0,0,0,0,0,-3000,0,0,0,7000,10000,-3000,-3000
062774,儒鴻元大9C購01  ,0,0,0,0,0,0,0,0,0,-3000,0,0,0,41000,44000,-3000,-3000
062526,友達統一01購01  ,0,0,0,0,0,0,0,0,0,-3000,0,0,0,10000,13000,-3000,-3000
062284,華擎群益9C購03  ,0,0,0,0,0,0,0,0,0,-3000,0,0,0,4000,7000,-3000,-3000
061975,華通元大9B購01  ,0,0,0,0,0,0,0,0,0,-3000,0,0,0,93000,96000,-3000,-3000
061393,緯穎群益9A購01  ,0,0,0,0,0,0,0,0,0,-3000,0,0,0,0,3000,-3000,-3000
061422,台積電元大9A購30,0,0,0,0,0,0,0,0,0,-3000,0,0,0,0,3000,-3000,-3000
07389P,臺股指群益9C售08,0,0,0,0,0,0,0,0,0,-4000,0,0,0,1000,5000,-4000,-4000
07178P,臺股指凱基99售20,0,0,0,0,0,0,0,0,0,-4000,0,0,0,0,4000,-4000,-4000
07065P,臺股指元大9A售26,0,0,0,0,0,0,0,0,0,-4000,0,0,0,0,4000,-4000,-4000
07141P,台灣50國票9A售03,0,0,0,0,0,0,0,0,0,-4000,0,0,0,0,4000,-4000,-4000
06538P,國巨凱基98售11  ,0,0,0,0,0,0,0,0,0,-4000,0,0,0,6000,10000,-4000,-4000
06630P,國巨群益98售08  ,0,0,0,0,0,0,0,0,0,-4000,0,0,0,0,4000,-4000,-4000
06603P,立積統一99售01  ,0,0,0,0,0,0,0,0,0,-4000,0,0,0,59000,63000,-4000,-4000
06417P,台積電兆豐97售03,0,0,0,0,0,0,0,0,0,-4000,0,0,0,0,4000,-4000,-4000
063869,玉晶光永豐9C購01,0,0,0,0,0,0,0,0,0,-4000,0,0,0,9000,13000,-4000,-4000
063800,玉晶光凱基9C購02,0,0,0,0,0,0,0,0,0,-4000,0,0,0,41000,45000,-4000,-4000
063722,遠東新元大9B購02,0,0,0,0,0,0,0,0,0,-4000,0,0,0,0,4000,-4000,-4000
063696,T50反1群益9B購03,0,0,0,0,0,0,0,0,0,-4000,0,0,0,0,4000,-4000,-4000
1225,福懋油          ,7000,11000,-4000,0,0,0,0,0,0,0,0,0,0,0,0,0,-4000
08261P,玉晶光元大9C售08,0,0,0,0,0,0,0,0,0,-4000,0,0,0,0,4000,-4000,-4000
07972P,大立光統一9C售05,0,0,0,0,0,0,0,0,0,-4000,0,0,0,6000,10000,-4000,-4000
08145P,台灣50群益9B售11,0,0,0,0,0,0,0,0,0,-4000,0,0,0,0,4000,-4000,-4000
08095P,大立光元富9B售03,0,0,0,0,0,0,0,0,0,-4000,0,0,0,0,4000,-4000,-4000
2358,廷鑫            ,2000,7000,-5000,0,0,0,0,0,0,1000,1000,0,1000,0,0,0,-4000
2374,佳能            ,6000,10000,-4000,0,0,0,0,0,0,0,0,0,0,0,0,0,-4000
2438,翔耀            ,5000,9000,-4000,0,0,0,0,0,0,0,0,0,0,0,0,0,-4000
2443,億麗            ,2000,6000,-4000,0,0,0,0,0,0,0,0,0,0,0,0,0,-4000
2430,燦坤            ,1000,6000,-5000,0,0,0,0,0,0,1000,1000,0,1000,0,0,0,-4000
6409,旭隼            ,131000,135000,-4000,0,0,0,0,0,0,0,0,0,0,0,0,0,-4000
5546,永固-KY         ,51000,55000,-4000,0,0,0,0,0,0,0,0,0,0,0,0,0,-4000
4999,鑫禾            ,1000,7000,-6000,0,0,0,0,0,0,2000,2000,0,2000,0,0,0,-4000
8443,阿瘦            ,27000,31000,-4000,0,0,0,0,0,0,0,0,0,0,0,0,0,-4000
2617,台航            ,10000,13000,-3000,0,0,0,0,2000,-2000,1000,1000,0,1000,0,0,0,-4000
2705,六福            ,25000,29000,-4000,0,0,0,0,0,0,0,0,0,0,0,0,0,-4000
2816,旺旺保          ,8000,12000,-4000,0,0,0,0,0,0,0,0,0,0,0,0,0,-4000
2881A,富邦特          ,0,0,0,0,0,0,0,0,0,-4000,0,4000,-4000,0,0,0,-4000
020011,統一微波高息20N ,0,0,0,0,0,0,0,0,0,-4000,0,0,0,0,4000,-4000,-4000
0057,富邦摩台        ,0,0,0,0,0,0,0,0,0,-4000,0,0,0,20000,24000,-4000,-4000
03446B,臺股指元大9B熊26,0,0,0,0,0,0,0,0,0,-4000,0,0,0,21000,25000,-4000,-4000
054017,茂林永豐96購02  ,0,0,0,0,0,0,0,0,0,-4000,0,0,0,0,4000,-4000,-4000
056415,聯發科中信98購04,0,0,0,0,0,0,0,0,0,-4000,0,0,0,5000,9000,-4000,-4000
056468,鴻海元大98購07  ,0,0,0,0,0,0,0,0,0,-4000,0,0,0,108000,112000,-4000,-4000
053871,臻鼎元大96購03  ,0,0,0,0,0,0,0,0,0,-4000,0,0,0,87000,91000,-4000,-4000
055934,景碩群益98購03  ,0,0,0,0,0,0,0,0,0,-4000,0,0,0,60000,64000,-4000,-4000
055215,智邦凱基98購02  ,0,0,0,0,0,0,0,0,0,-4000,0,0,0,6000,10000,-4000,-4000
057000,亞德客國票99購01,0,0,0,0,0,0,0,0,0,-4000,0,0,0,6000,10000,-4000,-4000
057757,鴻海凱基98購13  ,0,0,0,0,0,0,0,0,0,-4000,0,0,0,7000,11000,-4000,-4000
060392,華擎群益9C購02  ,0,0,0,0,0,0,0,0,0,-4000,0,0,0,110000,114000,-4000,-4000
060695,同欣電麥證9A購01,0,0,0,9000,13000,-4000,0,0,0,-4000,0,0,0,9000,13000,-4000,-4000
059501,可成元富99購01  ,0,0,0,0,0,0,0,0,0,-4000,0,0,0,5000,9000,-4000,-4000
059662,旭富元大9C購01  ,0,0,0,0,0,0,0,0,0,-4000,0,0,0,13000,17000,-4000,-4000
058856,新光金兆豐99購01,0,0,0,0,0,0,0,0,0,-4000,0,0,0,0,4000,-4000,-4000
059866,國巨凱基99購18  ,0,0,0,0,0,0,0,0,0,-4000,0,0,0,0,4000,-4000,-4000
059363,超眾永豐99購02  ,0,0,0,0,0,0,0,0,0,-4000,0,0,0,62000,66000,-4000,-4000
059263,瑞昱中信01購01  ,0,0,0,0,0,0,0,0,0,-4000,0,0,0,22000,26000,-4000,-4000
058630,日月光國票9A購01,0,0,0,0,0,0,0,0,0,-4000,0,0,0,20000,24000,-4000,-4000
062318,台郡凱基9B購01  ,0,0,0,0,0,0,0,0,0,-4000,0,0,0,80000,84000,-4000,-4000
062546,新日興永豐9B購01,0,0,0,0,0,0,0,0,0,-4000,0,0,0,657000,661000,-4000,-4000
062744,超眾國泰9C購01  ,0,0,0,0,0,0,0,0,0,-4000,0,0,0,73000,77000,-4000,-4000
062678,華通統一9C購04  ,0,0,0,0,0,0,0,0,0,-4000,0,0,0,0,4000,-4000,-4000
063147,東元元富9B購01  ,0,0,0,0,0,0,0,0,0,-4000,0,0,0,124000,128000,-4000,-4000
061719,緯穎凱基9A購06  ,0,0,0,0,0,0,0,0,0,-4000,0,0,0,10000,14000,-4000,-4000
061781,台積電群益9C購01,0,0,0,0,0,0,0,0,0,-4000,0,0,0,18000,22000,-4000,-4000
061758,T50反1元大9B購02,0,0,0,0,0,0,0,0,0,-4000,0,0,0,0,4000,-4000,-4000
060840,可成國票9B購01  ,0,0,0,0,0,0,0,0,0,-4000,0,0,0,8000,12000,-4000,-4000
060824,旺宏元大9A購06  ,0,0,0,0,0,0,0,0,0,-4000,0,0,0,0,4000,-4000,-4000
060811,亞德客凱基9A購02,0,0,0,0,0,0,0,0,0,-4000,0,0,0,0,4000,-4000,-4000
061113,南電元大9A購03  ,0,0,0,0,0,0,0,0,0,-4000,0,0,0,158000,162000,-4000,-4000
061367,瑞祺國票9A購01  ,0,0,0,0,0,0,0,0,0,-4000,0,0,0,106000,110000,-4000,-4000
063519,聚陽凱基9B購02  ,0,0,0,0,0,0,0,0,0,-4000,0,0,0,6000,10000,-4000,-4000
061251,臺股指群益9A購02,0,0,0,0,0,0,0,0,0,-4000,0,0,0,1000,5000,-4000,-4000
061296,台積電國泰9C購01,0,0,0,0,0,0,0,0,0,-4000,0,0,0,73000,77000,-4000,-4000
2832,台產            ,37000,42000,-5000,0,0,0,0,0,0,0,0,0,0,0,0,0,-5000
3593,力銘            ,0,5000,-5000,0,0,0,0,0,0,0,0,0,0,0,0,0,-5000
911622,泰聚亨-DR       ,0,0,0,0,0,0,0,0,0,-5000,0,5000,-5000,0,0,0,-5000
6625,必應            ,0,5000,-5000,0,0,0,0,0,0,0,0,0,0,0,0,0,-5000
6224,聚鼎            ,25000,32000,-7000,0,0,0,2000,0,2000,0,0,0,0,0,0,0,-5000
2460,建通            ,1000,6000,-5000,0,0,0,0,0,0,0,0,0,0,0,0,0,-5000
2355,敬鵬            ,100000,102000,-2000,0,0,0,0,0,0,-3000,1000,0,1000,0,4000,-4000,-5000
08112P,臺股指中信01售07,0,0,0,0,0,0,0,0,0,-5000,0,0,0,0,5000,-5000,-5000
08030P,臺股指元大9B售37,0,0,0,0,0,0,0,0,0,-5000,0,0,0,0,5000,-5000,-5000
1231,聯華食          ,9000,11000,-2000,0,0,0,0,3000,-3000,0,0,0,0,0,0,0,-5000
1339,昭輝            ,124000,129000,-5000,0,0,0,0,0,0,0,0,0,0,0,0,0,-5000
063839,華通元大9C購02  ,0,0,0,0,0,0,0,0,0,-5000,0,0,0,1000,6000,-5000,-5000
063857,臺股指元大9C購10,0,0,0,0,0,0,0,0,0,-5000,0,0,0,0,5000,-5000,-5000
063862,世紀鋼國泰02購01,0,0,0,0,0,0,0,0,0,-5000,0,0,0,0,5000,-5000,-5000
06469P,臺股指凱基99售09,0,0,0,0,0,0,0,0,0,-5000,0,0,0,0,5000,-5000,-5000
06502P,A50中信98售01   ,0,0,0,0,0,0,0,0,0,-5000,0,0,0,0,5000,-5000,-5000
063646,帆宣元大9B購02  ,0,0,0,0,0,0,0,0,0,-5000,0,0,0,0,5000,-5000,-5000
07189P,聯發科富邦9B售03,0,0,0,0,0,0,0,0,0,-5000,0,0,0,0,5000,-5000,-5000
07242P,台灣50凱基9A售03,0,0,0,0,0,0,0,0,0,-5000,0,0,0,0,5000,-5000,-5000
07392P,台積電國泰02售01,0,0,0,0,0,0,0,0,0,-5000,0,0,0,2000,7000,-5000,-5000
07314P,T50正2元大9C售03,0,0,0,0,0,0,0,0,0,-5000,0,0,0,0,5000,-5000,-5000
07806P,健策永豐9A售02  ,0,0,0,0,0,0,0,0,0,-5000,0,0,0,0,5000,-5000,-5000
07932P,國巨元大9B售04  ,0,0,0,0,0,0,0,0,0,-5000,0,0,0,0,5000,-5000,-5000
07853P,國巨凱基9A售19  ,0,0,0,0,0,0,0,0,0,-5000,0,0,0,0,5000,-5000,-5000
07487P,鴻海國票9A售01  ,0,0,0,0,0,0,0,0,0,-5000,0,0,0,0,5000,-5000,-5000
07463P,台積電國票9A售05,0,0,0,0,0,0,0,0,0,-5000,0,0,0,0,5000,-5000,-5000
07534P,台灣50群益9A售12,0,0,0,0,0,0,0,0,0,-5000,0,0,0,0,5000,-5000,-5000
07604P,台灣50元大9B售09,0,0,0,0,0,0,0,0,0,-5000,0,0,0,0,5000,-5000,-5000
054596,聯發科麥證97購01,0,0,0,0,5000,-5000,0,0,0,-5000,0,0,0,0,5000,-5000,-5000
054614,玉晶光永豐97購03,0,0,0,0,0,0,0,0,0,-5000,0,0,0,5000,10000,-5000,-5000
055292,聯鈞元大97購02  ,0,0,0,0,0,0,0,0,0,-5000,0,0,0,0,5000,-5000,-5000
054831,緯穎國泰98購01  ,0,0,0,0,0,0,0,0,0,-5000,0,0,0,0,5000,-5000,-5000
055030,帆宣國泰99購02  ,0,0,0,0,0,0,0,0,0,-5000,0,0,0,40000,45000,-5000,-5000
055651,富邦金元富97購01,0,0,0,0,0,0,0,0,0,-5000,0,0,0,0,5000,-5000,-5000
054575,聯鈞元大97購01  ,0,0,0,0,0,0,0,0,0,-5000,0,0,0,0,5000,-5000,-5000
055775,友達凱基9A購01  ,0,0,0,0,0,0,0,0,0,-5000,0,0,0,5000,10000,-5000,-5000
055808,世紀鋼永豐97購01,0,0,0,0,0,0,0,0,0,-5000,0,0,0,0,5000,-5000,-5000
054455,楠梓電群益98購02,0,0,0,0,0,0,0,0,0,-5000,0,0,0,151000,156000,-5000,-5000
059217,台積電元大99購30,0,0,0,0,0,0,0,0,0,-5000,0,0,0,0,5000,-5000,-5000
055387,世紀鋼元大97購01,0,0,0,0,0,0,0,0,0,-5000,0,0,0,0,5000,-5000,-5000
055404,超眾元富97購01  ,0,0,0,0,0,0,0,0,0,-5000,0,0,0,0,5000,-5000,-5000
05349P,可成元富98售03  ,0,0,0,0,0,0,0,0,0,-5000,0,0,0,0,5000,-5000,-5000
053137,旺宏富邦98購01  ,0,0,0,0,0,0,0,0,0,-5000,0,0,0,0,5000,-5000,-5000
053723,奇鋐凱基98購01  ,0,0,0,0,0,0,0,0,0,-5000,0,0,0,5000,10000,-5000,-5000
053609,華新中信9A購01  ,0,0,0,0,0,0,0,0,0,-5000,0,0,0,15000,20000,-5000,-5000
052615,鴻海國泰98購01  ,0,0,0,0,0,0,0,0,0,-5000,0,0,0,0,5000,-5000,-5000
054375,貿聯中信99購01  ,0,0,0,0,0,0,0,0,0,-5000,0,0,0,0,5000,-5000,-5000
054239,台郡群益96購02  ,0,0,0,0,0,0,0,0,0,-5000,0,0,0,10000,15000,-5000,-5000
052220,T50反1凱基98購01,0,0,0,0,0,0,0,0,0,-5000,0,0,0,15000,20000,-5000,-5000
052277,台達電凱基97購01,0,0,0,0,0,0,0,0,0,-5000,0,0,0,0,5000,-5000,-5000
05411P,台積電國票96售08,0,0,0,0,0,0,0,0,0,-5000,0,0,0,0,5000,-5000,-5000
03437B,臺股指元富9C熊01,0,0,0,0,0,0,0,0,0,-5000,0,0,0,10000,15000,-5000,-5000
051101,台表科元大96購02,0,0,0,0,0,0,0,0,0,-5000,0,0,0,0,5000,-5000,-5000
051482,玉晶光凱基96購01,0,0,0,0,0,0,0,0,0,-5000,0,0,0,20000,25000,-5000,-5000
051375,道瓊反群益9A購01,0,0,0,0,0,0,0,0,0,-5000,0,0,0,0,5000,-5000,-5000
051578,智邦元大96購01  ,0,0,0,0,0,0,0,0,0,-5000,0,0,0,0,5000,-5000,-5000
051490,世芯凱基96購01  ,0,0,0,0,0,0,0,0,0,-5000,0,0,0,20000,25000,-5000,-5000
0051,元大中型100     ,0,1000,-1000,0,0,0,0,0,0,-4000,0,0,0,2000,6000,-4000,-5000
00680L,元大美債20正2   ,4000,0,4000,0,0,0,0,0,0,-9000,0,0,0,2000,11000,-9000,-5000
00743,國泰中國A150    ,22000,0,22000,0,0,0,0,0,0,-27000,0,0,0,18000,45000,-27000,-5000
058670,鴻海群益9A購03  ,0,0,0,0,0,0,0,0,0,-5000,0,0,0,6000,11000,-5000,-5000
057994,技嘉中信98購01  ,0,0,0,0,0,0,0,0,0,-5000,0,0,0,8000,13000,-5000,-5000
058326,祥碩台新99購01  ,0,0,0,0,0,0,0,0,0,-5000,0,0,0,0,5000,-5000,-5000
058151,台積電統一9A購04,0,0,0,0,0,0,0,0,0,-5000,0,0,0,21000,26000,-5000,-5000
05814P,臺股指國票96售07,0,0,0,0,0,0,0,0,0,-5000,0,0,0,0,5000,-5000,-5000
057500,神達群益98購01  ,0,0,0,0,0,0,0,0,0,-5000,0,0,0,0,5000,-5000,-5000
058043,鴻海元大98購13  ,0,0,0,0,0,0,0,0,0,-5000,0,0,0,31000,36000,-5000,-5000
059415,台灣50元大9A購03,0,0,0,0,0,0,0,0,0,-5000,0,0,0,0,5000,-5000,-5000
059861,聯發科群益9A購01,0,0,0,0,0,0,0,0,0,-5000,0,0,0,5000,10000,-5000,-5000
059952,旺宏康和99購01  ,0,0,0,0,0,0,0,0,0,-5000,0,0,0,0,5000,-5000,-5000
059987,大立光元大99購28,0,0,0,0,0,0,0,0,0,-5000,0,0,0,0,5000,-5000,-5000
059656,T50反1元大99購11,0,0,0,0,0,0,0,0,0,-5000,0,0,0,0,5000,-5000,-5000
059152,臺股指國票99購15,0,0,0,0,0,0,0,0,0,-5000,0,0,0,12000,17000,-5000,-5000
059168,奇力新凱基99購05,0,0,0,0,0,0,0,0,0,-5000,0,0,0,0,5000,-5000,-5000
060602,京元電凱基9A購01,0,0,0,0,0,0,0,0,0,-5000,0,0,0,77000,82000,-5000,-5000
057930,旺宏群益99購04  ,0,0,0,0,0,0,0,0,0,-5000,0,0,0,19000,24000,-5000,-5000
056941,台郡元富9B購01  ,0,0,0,0,0,0,0,0,0,-5000,0,0,0,0,5000,-5000,-5000
057772,台積電群益99購01,0,0,0,0,0,0,0,0,0,-5000,0,0,0,4000,9000,-5000,-5000
05778P,台積電統一96售05,0,0,0,0,0,0,0,0,0,-5000,0,0,0,0,5000,-5000,-5000
060106,旭富元大99購02  ,0,0,0,0,0,0,0,0,0,-5000,0,0,0,10000,15000,-5000,-5000
060050,鴻海凱基9B購01  ,0,0,0,0,0,0,0,0,0,-5000,0,0,0,70000,75000,-5000,-5000
059785,美律元大9A購03  ,0,0,0,0,0,0,0,0,0,-5000,0,0,0,12000,17000,-5000,-5000
059819,台積電凱基99購17,0,0,0,0,0,0,0,0,0,-5000,0,0,0,0,5000,-5000,-5000
059824,大立光凱基99購13,0,0,0,0,0,0,0,0,0,-5000,0,0,0,0,5000,-5000,-5000
05708P,奇力新國票97售04,0,0,0,0,0,0,0,0,0,-5000,0,0,0,20000,25000,-5000,-5000
057138,亞德客兆豐98購01,0,0,0,0,0,0,0,0,0,-5000,0,0,0,1000,6000,-5000,-5000
06185P,台表科元大97售05,0,0,0,0,0,0,0,0,0,-5000,0,0,0,0,5000,-5000,-5000
061860,臺股指國票9B購04,0,0,0,0,0,0,0,0,0,-5000,0,0,0,0,5000,-5000,-5000
060373,元金2X元富9A購01,0,0,0,0,0,0,0,0,0,-5000,0,0,0,0,5000,-5000,-5000
060313,淘帝永豐9A購01  ,0,0,0,0,0,0,0,0,0,-5000,0,0,0,25000,30000,-5000,-5000
06190P,玉晶光永豐97售05,0,0,0,0,0,0,0,0,0,-5000,0,0,0,0,5000,-5000,-5000
062435,國巨元大9B購13  ,0,0,0,0,0,0,0,0,0,-5000,0,0,0,45000,50000,-5000,-5000
061567,華通元大9A購11  ,0,0,0,0,0,0,0,0,0,-5000,0,0,0,53000,58000,-5000,-5000
061138,晶技統一9C購01  ,0,0,0,0,0,0,0,0,0,-5000,0,0,0,35000,40000,-5000,-5000
060813,高鐵凱基9A購01  ,0,0,0,0,0,0,0,0,0,-5000,0,0,0,15000,20000,-5000,-5000
060852,京鼎國泰9B購01  ,0,0,0,0,0,0,0,0,0,-5000,0,0,0,0,5000,-5000,-5000
061690,旺宏群益9A購05  ,0,0,0,0,0,0,0,0,0,-5000,0,0,0,0,5000,-5000,-5000
062947,國巨富邦01購01  ,0,0,0,0,0,0,0,0,0,-5000,0,0,0,60000,65000,-5000,-5000
063264,健策永豐9B購07  ,0,0,0,0,0,0,0,0,0,-5000,0,0,0,5000,10000,-5000,-5000
062596,緯穎統一01購02  ,0,0,0,0,0,0,0,0,0,-5000,0,0,0,72000,77000,-5000,-5000
062902,智邦元大9B購07  ,0,0,0,0,0,0,0,0,0,-5000,0,0,0,16000,21000,-5000,-5000
062313,聯詠凱基9C購01  ,0,0,0,0,0,0,0,0,0,-5000,0,0,0,15000,20000,-5000,-5000
061392,泰鼎群益9A購02  ,0,0,0,0,0,0,0,0,0,-5000,0,0,0,10000,15000,-5000,-5000
061960,國巨統一01購05  ,0,0,0,0,0,0,0,0,0,-5000,0,0,0,15000,20000,-5000,-5000
07481P,大立光台新9A售01,0,0,0,0,0,0,0,0,0,-6000,0,0,0,0,6000,-6000,-6000
07852P,臺股指國票9A售13,0,0,0,0,0,0,0,0,0,-6000,0,0,0,0,6000,-6000,-6000
07727P,臺股指凱基9A售19,0,0,0,0,0,0,0,0,0,-6000,0,0,0,0,6000,-6000,-6000
07317P,T50正2凱基9B售02,0,0,0,0,0,0,0,0,0,-6000,0,0,0,0,6000,-6000,-6000
07293P,臺股指凱基99售45,0,0,0,0,0,0,0,0,0,-6000,0,0,0,3000,9000,-6000,-6000
063870,健策永豐01購01  ,0,0,0,0,0,0,0,0,0,-6000,0,0,0,16000,22000,-6000,-6000
063721,道瓊銀元大9B購03,0,0,0,0,0,0,0,0,0,-6000,0,0,0,70000,76000,-6000,-6000
1446,宏和            ,2000,9000,-7000,0,0,0,0,0,0,1000,1000,0,1000,0,0,0,-6000
08042P,臺股指群益9B售15,0,0,0,0,0,0,0,0,0,-6000,0,0,0,10000,16000,-6000,-6000
07971P,臺股指元大9B售29,0,0,0,0,0,0,0,0,0,-6000,0,0,0,0,6000,-6000,-6000
8114,振樺電          ,7000,13000,-6000,0,0,0,0,0,0,0,0,0,0,0,0,0,-6000
3321,同泰            ,2000,8000,-6000,0,0,0,0,0,0,0,0,0,0,0,0,0,-6000
4148,全宇生技-KY     ,4000,10000,-6000,0,0,0,0,0,0,0,0,0,0,0,0,0,-6000
2701,萬企            ,7000,14000,-7000,0,0,0,0,0,0,1000,1000,0,1000,0,0,0,-6000
020008,元大特股高息N   ,0,0,0,0,0,0,0,0,0,-6000,0,0,0,25000,31000,-6000,-6000
00684R,元大美元指數反1 ,0,0,0,0,0,0,0,0,0,-6000,0,0,0,57000,63000,-6000,-6000
054352,世芯國泰98購01  ,0,0,0,0,0,0,0,0,0,-6000,0,0,0,5000,11000,-6000,-6000
056465,臺股指凱基99購07,0,0,0,0,0,0,0,0,0,-6000,0,0,0,4000,10000,-6000,-6000
056529,中環凱基98購01  ,0,0,0,0,0,0,0,0,0,-6000,0,0,0,10000,16000,-6000,-6000
055522,道瓊反群益01購01,0,0,0,0,0,0,0,0,0,-6000,0,0,0,0,6000,-6000,-6000
058389,聯茂國票9A購01  ,0,0,0,0,0,0,0,0,0,-6000,0,0,0,8000,14000,-6000,-6000
054531,聯發科國泰97購02,0,0,0,0,0,0,0,0,0,-6000,0,0,0,20000,26000,-6000,-6000
055798,聯茂富邦98購01  ,0,0,0,0,0,0,0,0,0,-6000,0,0,0,0,6000,-6000,-6000
055060,聯陽永豐97購01  ,0,0,0,0,0,0,0,0,0,-6000,0,0,0,0,6000,-6000,-6000
054674,台光電台新97購01,0,0,0,0,0,0,0,0,0,-6000,0,0,0,4000,10000,-6000,-6000
057106,美律群益98購03  ,0,0,0,0,0,0,0,0,0,-6000,0,0,0,4000,10000,-6000,-6000
059840,鴻海富邦9A購02  ,0,0,0,0,0,0,0,0,0,-6000,0,0,0,0,6000,-6000,-6000
057770,亞德客群益98購01,0,0,0,0,0,0,0,0,0,-6000,0,0,0,0,6000,-6000,-6000
057716,神達統一98購01  ,0,0,0,0,0,0,0,0,0,-6000,0,0,0,0,6000,-6000,-6000
057041,國巨元大99購04  ,0,0,0,0,0,0,0,0,0,-6000,0,0,0,0,6000,-6000,-6000
060450,南亞元大9A購02  ,0,0,0,0,0,0,0,0,0,-6000,0,0,0,55000,61000,-6000,-6000
059087,台積電元大99購26,0,0,0,0,0,0,0,0,0,-6000,0,0,0,0,6000,-6000,-6000
059004,嘉晶元大99購05  ,0,0,0,0,0,0,0,0,0,-6000,0,0,0,81000,87000,-6000,-6000
058873,美律國票9A購02  ,0,0,0,0,0,0,0,0,0,-6000,0,0,0,113000,119000,-6000,-6000
058812,台積電統一9B購06,0,0,0,0,0,0,0,0,0,-6000,0,0,0,0,6000,-6000,-6000
059981,聯發科元大99購36,0,0,0,0,0,0,0,0,0,-6000,0,0,0,29000,35000,-6000,-6000
059872,華新科凱基01購01,0,0,0,0,0,0,0,0,0,-6000,0,0,0,14000,20000,-6000,-6000
061404,臺指反國票04購01,0,0,0,0,0,0,0,0,0,-6000,0,0,0,0,6000,-6000,-6000
062558,義隆凱基9B購02  ,0,0,0,0,0,0,0,0,0,-6000,0,0,0,56000,62000,-6000,-6000
062380,巨大元大9B購01  ,0,0,0,0,0,0,0,0,0,-6000,0,0,0,50000,56000,-6000,-6000
062780,旺宏元大01購01  ,0,0,0,0,0,0,0,0,0,-6000,0,0,0,4000,10000,-6000,-6000
060812,智邦凱基9A購01  ,0,0,0,0,0,0,0,0,0,-6000,0,0,0,0,6000,-6000,-6000
061226,台積電中信9A購05,0,0,0,0,0,0,0,0,0,-6000,0,0,0,0,6000,-6000,-6000
06137P,玉晶光永豐97售04,0,0,0,0,0,0,0,0,0,-6000,0,0,0,4000,10000,-6000,-6000
061334,華通元大9A購09  ,0,0,0,0,0,0,0,0,0,-6000,0,0,0,96000,102000,-6000,-6000
06186P,鴻海統一97售02  ,0,0,0,0,0,0,0,0,0,-6000,0,0,0,7000,13000,-6000,-6000
061308,元金2X中信9A購01,0,0,0,0,0,0,0,0,0,-6000,0,0,0,4000,10000,-6000,-6000
4141,龍燈-KY         ,1000,8000,-7000,0,0,0,0,0,0,0,0,0,0,0,0,0,-7000
4555,氣立            ,58000,58000,0,0,0,0,0,0,0,-7000,12000,19000,-7000,0,0,0,-7000
8105,凌巨            ,116000,123000,-7000,0,0,0,0,0,0,0,0,0,0,0,0,0,-7000
911616,杜康-DR         ,3000,10000,-7000,0,0,0,0,0,0,0,0,0,0,0,0,0,-7000
8367,建新國際        ,3000,11000,-8000,0,0,0,0,0,0,1000,1000,0,1000,0,0,0,-7000
07994P,臺股指群益9B售04,0,0,0,0,0,0,0,0,0,-7000,0,0,0,3000,10000,-7000,-7000
08081P,台灣50元大9B售20,0,0,0,0,0,0,0,0,0,-7000,0,0,0,0,7000,-7000,-7000
08148P,長榮航群益9B售03,0,0,0,0,0,0,0,0,0,-7000,0,0,0,0,7000,-7000,-7000
1442,名軒            ,1000,6000,-5000,0,0,0,0,0,0,-2000,1000,3000,-2000,0,0,0,-7000
1432,大魯閣          ,1000,8000,-7000,0,0,0,0,0,0,0,0,0,0,0,0,0,-7000
2429,銘旺科          ,8000,15000,-7000,0,0,0,0,0,0,0,0,0,0,0,0,0,-7000
1616,億泰            ,1000,8000,-7000,0,0,0,0,0,0,0,0,0,0,0,0,0,-7000
1503,士電            ,10000,18000,-8000,0,0,0,0,0,0,1000,1000,0,1000,0,0,0,-7000
063847,聯發科元大9C購03,0,0,0,0,0,0,0,0,0,-7000,0,0,0,28000,35000,-7000,-7000
06631P,玉晶光群益9A售03,0,0,0,0,0,0,0,0,0,-7000,0,0,0,0,7000,-7000,-7000
063639,華擎元大9C購03  ,0,0,0,0,0,0,0,0,0,-7000,0,0,0,0,7000,-7000,-7000
063310,和大群益9B購02  ,0,0,0,0,0,0,0,0,0,-7000,0,0,0,124000,131000,-7000,-7000
063328,京元電國票9C購02,0,0,0,0,0,0,0,0,0,-7000,0,0,0,87000,94000,-7000,-7000
063379,帆宣永豐9B購01  ,0,0,0,0,0,0,0,0,0,-7000,0,0,0,0,7000,-7000,-7000
07033P,大立光統一9B售03,0,0,0,0,0,0,0,0,0,-7000,0,0,0,0,7000,-7000,-7000
07741P,滬深2X凱基9B售04,0,0,0,0,0,0,0,0,0,-7000,0,0,0,0,7000,-7000,-7000
07940P,國巨群益9B售06  ,0,0,0,0,0,0,0,0,0,-7000,0,0,0,0,7000,-7000,-7000
07912P,玉晶光統一9B售02,0,0,0,0,0,0,0,0,0,-7000,0,0,0,0,7000,-7000,-7000
07890P,南電國票9B售01  ,0,0,0,0,0,0,0,0,0,-7000,0,0,0,0,7000,-7000,-7000
054610,聯發科永豐97購01,0,0,0,0,0,0,0,0,0,-7000,0,0,0,0,7000,-7000,-7000
056637,台光電日盛9A購01,0,0,0,0,0,0,0,0,0,-7000,0,0,0,0,7000,-7000,-7000
055597,禾伸堂元大98購02,0,0,0,0,0,0,0,0,0,-7000,0,0,0,7000,14000,-7000,-7000
056374,聯發科統一9B購01,0,0,0,0,0,0,0,0,0,-7000,0,0,0,2000,9000,-7000,-7000
057464,大立光永豐98購02,0,0,0,0,0,0,0,0,0,-7000,0,0,0,0,7000,-7000,-7000
053049,T50反1國票98購01,0,0,0,0,0,0,0,0,0,-7000,0,0,0,0,7000,-7000,-7000
052907,嘉澤國票97購01  ,0,0,0,0,0,0,0,0,0,-7000,0,0,0,33000,40000,-7000,-7000
00688L,國泰20年美債正2 ,15000,0,15000,0,0,0,0,0,0,-22000,0,0,0,100000,122000,-22000,-7000
049842,道瓊反中信98購01,0,0,0,0,0,0,0,0,0,-7000,0,0,0,0,7000,-7000,-7000
047769,大立光元大96購01,0,0,0,0,0,0,0,0,0,-7000,0,0,0,0,7000,-7000,-7000
060022,勤誠康和99購01  ,0,0,0,0,0,0,0,0,0,-7000,0,0,0,3000,10000,-7000,-7000
059635,華新科凱基9A購06,0,0,0,0,0,0,0,0,0,-7000,0,0,0,10000,17000,-7000,-7000
058875,台表科國票9A購02,0,0,0,0,0,0,0,0,0,-7000,0,0,0,5000,12000,-7000,-7000
057497,祥碩元大98購06  ,0,0,0,0,0,0,0,0,0,-7000,0,0,0,5000,12000,-7000,-7000
059455,玉晶光永豐99購05,0,0,0,0,0,0,0,0,0,-7000,0,0,0,2000,9000,-7000,-7000
058323,泰鼎永豐9A購01  ,0,0,0,0,0,0,0,0,0,-7000,0,0,0,30000,37000,-7000,-7000
057691,健策凱基99購01  ,0,0,0,0,0,0,0,0,0,-7000,0,0,0,38000,45000,-7000,-7000
061934,台積電國票9B購06,0,0,0,0,0,0,0,0,0,-7000,0,0,0,36000,43000,-7000,-7000
061556,台積電國票9A購08,0,0,0,0,0,0,0,0,0,-7000,0,0,0,1000,8000,-7000,-7000
061541,旺宏群益9A購03  ,0,0,0,0,0,0,0,0,0,-7000,0,0,0,7000,14000,-7000,-7000
061688,華通群益9A購07  ,0,0,0,0,0,0,0,0,0,-7000,0,0,0,4000,11000,-7000,-7000
062915,嘉澤元大9B購03  ,0,0,0,0,0,0,0,0,0,-7000,0,0,0,126000,133000,-7000,-7000
063256,鴻海國泰01購02  ,0,0,0,0,0,0,0,0,0,-7000,0,0,0,28000,35000,-7000,-7000
063252,緯穎元大9B購07  ,0,0,0,0,0,0,0,0,0,-7000,0,0,0,61000,68000,-7000,-7000
061945,華通群益9B購04  ,0,0,0,0,0,0,0,0,0,-7000,0,0,0,0,7000,-7000,-7000
062091,世紀鋼元大9B購01,0,0,0,0,0,0,0,0,0,-7000,0,0,0,110000,117000,-7000,-7000
2022,聚亨            ,5000,0,5000,0,0,0,0,0,0,-12662,1000,13662,-12662,0,0,0,-7662
2392,正崴            ,432000,270000,162000,0,0,0,0,0,0,-170000,11000,0,11000,9000,190000,-181000,-8000
2233,宇隆            ,47000,51000,-4000,0,0,0,0,0,0,-4000,5000,9000,-4000,0,0,0,-8000
1413,宏洲            ,0,8000,-8000,0,0,0,0,0,0,0,0,0,0,0,0,0,-8000
4930,燦星網          ,2000,10000,-8000,0,0,0,0,0,0,0,0,0,0,0,0,0,-8000
4526,東台            ,24000,37000,-13000,0,0,0,0,0,0,5000,5000,0,5000,0,0,0,-8000
3543,州巧            ,0,8000,-8000,0,0,0,0,0,0,0,0,0,0,0,0,0,-8000
07520P,臺股指元大9B售11,0,0,0,0,0,0,0,0,0,-8000,0,0,0,5000,13000,-8000,-8000
07616P,瑞昱中信02售01  ,0,0,0,0,0,0,0,0,0,-8000,0,0,0,0,8000,-8000,-8000
07114P,旺宏兆豐9A售01  ,0,0,0,0,0,0,0,0,0,-8000,0,0,0,4000,12000,-8000,-8000
07363P,大立光元大99售26,0,0,0,0,0,0,0,0,0,-8000,0,0,0,12000,20000,-8000,-8000
07373P,A50正2元大99售01,0,0,0,0,0,0,0,0,0,-8000,0,0,0,0,8000,-8000,-8000
07197P,臺股指元大99售13,0,0,0,0,0,0,0,0,0,-8000,0,0,0,20000,28000,-8000,-8000
063433,臻鼎元富9B購01  ,0,0,0,0,0,0,0,0,0,-8000,0,0,0,429000,437000,-8000,-8000
06599P,宏達電永豐98售02,0,0,0,0,0,0,0,0,0,-8000,0,0,0,44000,52000,-8000,-8000
063680,寶成富邦9C購01  ,0,0,0,0,0,0,0,0,0,-8000,0,0,0,24000,32000,-8000,-8000
052235,聯發科國票96購02,0,0,0,0,0,0,0,0,0,-8000,0,0,0,67000,75000,-8000,-8000
051503,玉晶光統一97購01,0,0,0,0,0,0,0,0,0,-8000,0,0,0,326000,334000,-8000,-8000
051233,力成群益97購01  ,0,0,0,0,0,0,0,0,0,-8000,0,0,0,0,8000,-8000,-8000
055349,京元電凱基97購02,0,0,0,0,0,0,0,0,0,-8000,0,0,0,0,8000,-8000,-8000
055416,欣興富邦98購01  ,0,0,0,0,0,0,0,0,0,-8000,0,0,0,5000,13000,-8000,-8000
053431,志超永豐96購01  ,0,0,0,0,0,0,0,0,0,-8000,0,0,0,5000,13000,-8000,-8000
059219,旺宏元大99購12  ,0,0,0,0,0,0,0,0,0,-8000,0,0,0,3000,11000,-8000,-8000
059190,欣興富邦9A購01  ,0,0,0,0,0,0,0,0,0,-8000,0,0,0,11000,19000,-8000,-8000
060221,大立光凱基9A購07,0,0,0,0,0,0,0,0,0,-8000,0,0,0,23000,31000,-8000,-8000
056332,台郡國票99購01  ,0,0,0,0,0,0,0,0,0,-8000,0,0,0,203000,211000,-8000,-8000
056290,正文永豐98購01  ,0,0,0,0,0,0,0,0,0,-8000,0,0,0,0,8000,-8000,-8000
054565,玉晶光群益99購02,0,0,0,0,0,0,0,0,0,-8000,0,0,0,40000,48000,-8000,-8000
055026,健和興國泰98購01,0,0,0,0,0,0,0,0,0,-8000,0,0,0,5000,13000,-8000,-8000
054771,茂林國票98購02  ,0,0,0,0,0,0,0,0,0,-8000,0,0,0,14000,22000,-8000,-8000
058727,嘉晶富邦9A購01  ,0,0,0,0,0,0,0,0,0,-8000,0,0,0,5000,13000,-8000,-8000
057875,京鼎元大98購03  ,0,0,0,0,0,0,0,0,0,-8000,0,0,0,105000,113000,-8000,-8000
058286,道瓊指國票9B購01,0,0,0,0,0,0,0,0,0,-8000,0,0,0,2000,10000,-8000,-8000
058206,祥碩凱基99購01  ,0,0,0,0,0,0,0,0,0,-8000,0,0,0,0,8000,-8000,-8000
059348,日月光凱基99購01,0,0,0,0,0,0,0,0,0,-8000,0,0,0,125000,133000,-8000,-8000
058956,健策國票9A購02  ,0,0,0,0,0,0,0,0,0,-8000,0,0,0,30000,38000,-8000,-8000
059084,鴻海元大99購24  ,0,0,0,0,0,0,0,0,0,-8000,0,0,0,177000,185000,-8000,-8000
060011,臺股指群益9C購06,0,0,0,0,0,0,0,0,0,-8000,0,0,0,1000,9000,-8000,-8000
062376,中租元大9B購02  ,0,0,0,0,0,0,0,0,0,-8000,0,0,0,82000,90000,-8000,-8000
062372,旭富元大9B購01  ,0,0,0,0,0,0,0,0,0,-8000,0,0,0,21000,29000,-8000,-8000
062592,牧德統一01購01  ,0,0,0,0,0,0,0,0,0,-8000,0,0,0,284000,292000,-8000,-8000
062325,鴻海統一9B購05  ,0,0,0,0,0,0,0,0,0,-8000,0,0,0,22000,30000,-8000,-8000
062278,聯發科群益9C購01,0,0,0,0,0,0,0,0,0,-8000,0,0,0,100000,108000,-8000,-8000
063121,友達元大9C購09  ,0,0,0,0,0,0,0,0,0,-8000,0,0,0,24000,32000,-8000,-8000
062840,臺股指群益9B購07,0,0,0,0,0,0,0,0,0,-8000,0,0,0,0,8000,-8000,-8000
06262P,國巨凱基97售07  ,0,0,0,0,0,0,0,0,0,-8000,0,0,0,5000,13000,-8000,-8000
062671,國泰金中信03購01,0,0,0,0,0,0,0,0,0,-8000,0,0,0,30000,38000,-8000,-8000
062644,中環國泰9C購01  ,0,0,0,0,0,0,0,0,0,-8000,0,0,0,0,8000,-8000,-8000
061657,智原國票9A購01  ,0,0,0,0,0,0,0,0,0,-8000,0,0,0,20000,28000,-8000,-8000
061224,道瓊反中信01購01,0,0,0,0,0,0,0,0,0,-8000,0,0,0,3000,11000,-8000,-8000
061335,國巨元大9A購19  ,0,0,0,0,0,0,0,0,0,-8000,0,0,0,20000,28000,-8000,-8000
061375,華通永豐9A購02  ,0,0,0,0,0,0,0,0,0,-8000,0,0,0,0,8000,-8000,-8000
063557,聚陽元大9B購01  ,0,0,0,0,0,0,0,0,0,-8000,0,0,0,42000,50000,-8000,-8000
06369P,台積電凱基97售16,0,0,0,0,0,0,0,0,0,-9000,0,0,0,1000,10000,-9000,-9000
063768,華新科國泰9C購03,0,0,0,0,0,0,0,0,0,-9000,0,0,0,3000,12000,-9000,-9000
06578P,華新科國票98售02,0,0,0,0,0,0,0,0,0,-9000,0,0,0,0,9000,-9000,-9000
06549P,大立光元大98售11,0,0,0,0,0,0,0,0,0,-9000,0,0,0,0,9000,-9000,-9000
06468P,華新科統一98售02,0,0,0,0,0,0,0,0,0,-9000,0,0,0,0,9000,-9000,-9000
06625P,華新科統一98售03,0,0,0,0,0,0,0,0,0,-9000,0,0,0,0,9000,-9000,-9000
06709P,臺股指台新99售06,0,0,0,0,0,0,0,0,0,-9000,0,0,0,1000,10000,-9000,-9000
06688P,鴻海中信02售01  ,0,0,0,0,0,0,0,0,0,-9000,0,0,0,0,9000,-9000,-9000
07195P,大立光元大99售12,0,0,0,0,0,0,0,0,0,-9000,0,0,0,0,9000,-9000,-9000
07196P,大立光元大99售13,0,0,0,0,0,0,0,0,0,-9000,0,0,0,0,9000,-9000,-9000
07219P,臺股指凱基99售32,0,0,0,0,0,0,0,0,0,-9000,0,0,0,1000,10000,-9000,-9000
07050P,宏達電中信9B售01,0,0,0,0,0,0,0,0,0,-9000,0,0,0,20000,29000,-9000,-9000
07781P,高鐵凱基9A售02  ,0,0,0,0,0,0,0,0,0,-9000,0,0,0,0,9000,-9000,-9000
4560,強信-KY         ,102000,111000,-9000,0,0,0,0,0,0,0,0,0,0,0,0,0,-9000
4912,聯德控股-KY     ,14000,22000,-8000,0,0,0,0,0,0,-1000,0,1000,-1000,0,0,0,-9000
8429,金麗-KY         ,12000,21000,-9000,0,0,0,0,0,0,0,0,0,0,0,0,0,-9000
6668,中揚光          ,99000,108000,-9000,0,0,0,0,0,0,0,0,0,0,0,0,0,-9000
08035P,國巨群益9C售04  ,0,0,0,0,0,0,0,0,0,-9000,0,0,0,0,9000,-9000,-9000
2465,麗臺            ,0,9000,-9000,0,0,0,0,0,0,0,0,0,0,0,0,0,-9000
1531,高林股          ,2000,11000,-9000,0,0,0,0,0,0,0,0,0,0,0,0,0,-9000
056094,大立光元富97購03,0,0,0,0,0,0,0,0,0,-9000,0,0,0,2000,11000,-9000,-9000
055760,新日興群益98購02,0,0,0,0,0,0,0,0,0,-9000,0,0,0,1000,10000,-9000,-9000
057444,台泥元富98購01  ,0,0,0,0,0,0,0,0,0,-9000,0,0,0,74000,83000,-9000,-9000
053062,緯穎富邦97購01  ,0,0,0,0,0,0,0,0,0,-9000,0,0,0,0,9000,-9000,-9000
03427B,臺股指元大9A熊02,0,0,0,0,0,0,0,0,0,-9000,0,0,0,101000,110000,-9000,-9000
052045,瑞昱凱基96購01  ,0,0,0,0,0,0,0,0,0,-9000,0,0,0,11000,20000,-9000,-9000
050282,T50反1凱基97購01,0,0,0,0,0,0,0,0,0,-9000,0,0,0,41000,50000,-9000,-9000
059918,華新科元大99購20,0,0,0,0,0,0,0,0,0,-9000,0,0,0,50000,59000,-9000,-9000
057961,茂林元大9A購01  ,0,0,0,0,0,0,0,0,0,-9000,0,0,0,63000,72000,-9000,-9000
058669,上銀群益99購01  ,0,0,0,0,0,0,0,0,0,-9000,0,0,0,0,9000,-9000,-9000
06878P,台灣50日盛9B售01,0,0,0,0,0,0,0,0,0,-9000,0,0,0,61000,70000,-9000,-9000
060715,日電貿永豐9A購01,0,0,0,0,0,0,0,0,0,-9000,0,0,0,391000,400000,-9000,-9000
058754,元油2X群益99購02,0,0,0,0,0,0,0,0,0,-9000,0,0,0,0,9000,-9000,-9000
058759,義隆群益99購01  ,0,0,0,0,0,0,0,0,0,-9000,0,0,0,23000,32000,-9000,-9000
057785,智邦國票99購02  ,0,0,0,0,0,0,0,0,0,-9000,0,0,0,0,9000,-9000,-9000
056856,華通群益9A購01  ,0,0,0,0,0,0,0,0,0,-9000,0,0,0,11000,20000,-9000,-9000
057724,亞德客國泰99購01,0,0,0,0,0,0,0,0,0,-9000,0,0,0,2000,11000,-9000,-9000
057103,禾伸堂中信9A購01,0,0,0,0,0,0,0,0,0,-9000,0,0,0,21000,30000,-9000,-9000
057165,國巨元大99購05  ,0,0,0,0,0,0,0,0,0,-9000,0,0,0,8000,17000,-9000,-9000
057375,欣興元大98購09  ,0,0,0,0,0,0,0,0,0,-9000,0,0,0,254000,263000,-9000,-9000
057365,智邦元大98購07  ,0,0,0,0,0,0,0,0,0,-9000,0,0,0,6000,15000,-9000,-9000
057260,微星兆豐98購01  ,0,0,0,0,0,0,0,0,0,-9000,0,0,0,11000,20000,-9000,-9000
061830,元金2X凱基01購01,0,0,0,0,0,0,0,0,0,-9000,0,0,0,0,9000,-9000,-9000
061256,亞德客凱基9B購01,0,0,0,0,0,0,0,0,0,-9000,0,0,0,0,9000,-9000,-9000
060945,緯穎國票9A購02  ,0,0,0,0,0,0,0,0,0,-9000,0,0,0,10000,19000,-9000,-9000
062754,台勝科麥證9B購01,0,0,0,0,9000,-9000,0,0,0,-9000,0,0,0,0,9000,-9000,-9000
063250,同欣電元大9B購03,0,0,0,0,0,0,0,0,0,-9000,0,0,0,88000,97000,-9000,-9000
063274,鈺齊兆豐9B購01  ,0,0,0,0,0,0,0,0,0,-9000,0,0,0,32000,41000,-9000,-9000
2397,友通            ,0,10000,-10000,0,0,0,0,0,0,0,0,0,0,0,0,0,-10000
08014P,微星凱基9B售02  ,0,0,0,0,0,0,0,0,0,-10000,0,0,0,0,10000,-10000,-10000
07988P,台積電台新9C售03,0,0,0,0,0,0,0,0,0,-10000,0,0,0,0,10000,-10000,-10000
07978P,茂林群益9B售02  ,0,0,0,0,0,0,0,0,0,-10000,0,0,0,0,10000,-10000,-10000
07979P,大立光凱基9B售05,0,0,0,0,0,0,0,0,0,-10000,0,0,0,0,10000,-10000,-10000
08149P,祥碩群益9B售07  ,0,0,0,0,0,0,0,0,0,-10000,0,0,0,0,10000,-10000,-10000
08140P,祥碩元大9B售07  ,0,0,0,0,0,0,0,0,0,-10000,0,0,0,54000,64000,-10000,-10000
1234,黑松            ,8000,18000,-10000,0,0,0,0,0,0,0,0,0,0,0,0,0,-10000
1472,三洋紡          ,2000,12000,-10000,0,0,0,0,0,0,0,0,0,0,0,0,0,-10000
2882A,國泰特          ,0,0,0,0,0,0,0,0,0,-10000,10000,20000,-10000,0,0,0,-10000
2887F,台新戊特二      ,0,0,0,0,0,0,0,0,0,-10000,0,10000,-10000,0,0,0,-10000
07734P,台積電富邦9C售10,0,0,0,0,0,0,0,0,0,-10000,0,0,0,0,10000,-10000,-10000
07931P,國巨元大9B售03  ,0,0,0,0,0,0,0,0,0,-10000,0,0,0,0,10000,-10000,-10000
07611P,大立光國票9A售05,0,0,0,0,0,0,0,0,0,-10000,0,0,0,0,10000,-10000,-10000
07684P,大立光凱基9A售11,0,0,0,0,0,0,0,0,0,-10000,0,0,0,10000,20000,-10000,-10000
07682P,聯發科凱基9A售15,0,0,0,0,0,0,0,0,0,-10000,0,0,0,0,10000,-10000,-10000
07537P,玉晶光元富9A售04,0,0,0,0,0,0,0,0,0,-10000,0,0,0,0,10000,-10000,-10000
07529P,國巨凱基9A售11  ,0,0,0,0,0,0,0,0,0,-10000,0,0,0,0,10000,-10000,-10000
07532P,台灣50中信01售02,0,0,0,0,0,0,0,0,0,-10000,0,0,0,0,10000,-10000,-10000
07059P,華通國票9A售02  ,0,0,0,0,0,0,0,0,0,-10000,0,0,0,10000,20000,-10000,-10000
07009P,臺股指中信9B售01,0,0,0,0,0,0,0,0,0,-10000,0,0,0,10000,20000,-10000,-10000
06953P,景碩統一9A售01  ,0,0,0,0,0,0,0,0,0,-10000,0,0,0,0,10000,-10000,-10000
06739P,聯詠兆豐98售02  ,0,0,0,0,0,0,0,0,0,-10000,0,0,0,0,10000,-10000,-10000
07205P,鴻海凱基99售11  ,0,0,0,0,0,0,0,0,0,-10000,0,0,0,0,10000,-10000,-10000
07163P,臺股指群益99售14,0,0,0,0,0,0,0,0,0,-10000,0,0,0,33000,43000,-10000,-10000
07287P,全新群益9B售01  ,0,0,0,0,0,0,0,0,0,-10000,0,0,0,0,10000,-10000,-10000
07410P,鴻海元大99售44  ,0,0,0,0,0,0,0,0,0,-10000,0,0,0,0,10000,-10000,-10000
07390P,華新科康和99售02,0,0,0,0,0,0,0,0,0,-10000,0,0,0,0,10000,-10000,-10000
07434P,臺股指國票9A售06,0,0,0,0,0,0,0,0,0,-10000,0,0,0,81000,91000,-10000,-10000
07369P,台積電凱基99售20,0,0,0,0,0,0,0,0,0,-10000,0,0,0,0,10000,-10000,-10000
07337P,台灣50凱基99售09,0,0,0,0,0,0,0,0,0,-10000,0,0,0,0,10000,-10000,-10000
07349P,大立光凱基99售16,0,0,0,0,0,0,0,0,0,-10000,0,0,0,0,10000,-10000,-10000
06698P,玉晶光國票99售05,0,0,0,0,0,0,0,0,0,-10000,0,0,0,0,10000,-10000,-10000
06707P,臺股指台新99售04,0,0,0,0,0,0,0,0,0,-10000,0,0,0,0,10000,-10000,-10000
06633P,國巨國票99售01  ,0,0,0,0,0,0,0,0,0,-10000,0,0,0,0,10000,-10000,-10000
06458P,玉晶光統一9A售02,0,0,0,0,0,0,0,0,0,-10000,0,0,0,30000,40000,-10000,-10000
06527P,T50正2富邦9C售01,0,0,0,0,0,0,0,0,0,-10000,0,0,0,0,10000,-10000,-10000
06569P,可成永豐98售01  ,0,0,0,0,0,0,0,0,0,-10000,0,0,0,55000,65000,-10000,-10000
063753,矽創國票9C購01  ,0,0,0,0,0,0,0,0,0,-10000,0,0,0,0,10000,-10000,-10000
063791,玉晶光台新9C購01,0,0,0,0,0,0,0,0,0,-10000,0,0,0,0,10000,-10000,-10000
063772,智邦富邦9B購02  ,0,0,0,0,0,0,0,0,0,-10000,0,0,0,0,10000,-10000,-10000
063872,嘉聯益永豐9C購01,0,0,0,0,0,0,0,0,0,-10000,0,0,0,4000,14000,-10000,-10000
06342P,世芯統一98售01  ,0,0,0,0,0,0,0,0,0,-10000,0,0,0,0,10000,-10000,-10000
063404,金像電國票9B購01,0,0,0,0,0,0,0,0,0,-10000,0,0,0,0,10000,-10000,-10000
063418,京元電凱基9B購03,0,0,0,0,0,0,0,0,0,-10000,0,0,0,10000,20000,-10000,-10000
06330P,南亞科群益97售03,0,0,0,0,0,0,0,0,0,-10000,0,0,0,0,10000,-10000,-10000
063364,聯發科富邦01購02,0,0,0,0,0,0,0,0,0,-10000,0,0,0,36000,46000,-10000,-10000
063358,華擎國泰01購01  ,0,0,0,0,0,0,0,0,0,-10000,0,0,0,0,10000,-10000,-10000
053999,台表科群益96購06,0,0,0,0,0,0,0,0,0,-10000,0,0,0,0,10000,-10000,-10000
050854,世紀鋼國票97購01,0,0,0,0,0,0,0,0,0,-10000,0,0,0,0,10000,-10000,-10000
054220,國巨統一97購02  ,0,0,0,0,0,0,0,0,0,-10000,0,0,0,0,10000,-10000,-10000
054170,泰鼎凱基98購01  ,0,0,0,0,0,0,0,0,0,-10000,0,0,0,0,10000,-10000,-10000
03434B,臺股指元大99熊10,0,0,0,0,0,0,0,0,0,-10000,0,0,0,0,10000,-10000,-10000
053059,聯發科永昌99購01,0,0,0,0,0,0,0,0,0,-10000,0,0,0,0,10000,-10000,-10000
054330,世芯永豐96購02  ,0,0,0,0,0,0,0,0,0,-10000,0,0,0,32000,42000,-10000,-10000
054300,華通凱基96購07  ,0,0,0,0,0,0,0,0,0,-10000,0,0,0,0,10000,-10000,-10000
054335,緯穎永豐96購02  ,0,0,0,0,0,0,0,0,0,-10000,0,0,0,50000,60000,-10000,-10000
054270,寶滬深中信98購01,0,0,0,0,0,0,0,0,0,-10000,0,0,0,0,10000,-10000,-10000
054285,國巨元大98購02  ,0,0,0,0,0,0,0,0,0,-10000,0,0,0,0,10000,-10000,-10000
053174,同欣電群益98購02,0,0,0,0,0,0,0,0,0,-10000,0,0,0,0,10000,-10000,-10000
053721,國泰金凱基97購01,0,0,0,0,0,0,0,0,0,-10000,0,0,0,0,10000,-10000,-10000
053760,牧德國泰98購01  ,0,0,0,0,0,0,0,0,0,-10000,0,0,0,0,10000,-10000,-10000
053654,聯發科凱基98購01,0,0,0,0,0,0,0,0,0,-10000,0,0,0,0,10000,-10000,-10000
056455,群創凱基9A購01  ,0,0,0,0,0,0,0,0,0,-10000,0,0,0,40000,50000,-10000,-10000
055515,聚陽中信9A購01  ,0,0,0,0,0,0,0,0,0,-10000,0,0,0,10000,20000,-10000,-10000
055500,京鼎元大97購04  ,0,0,0,0,0,0,0,0,0,-10000,0,0,0,0,10000,-10000,-10000
055343,國巨凱基97購03  ,0,0,0,0,0,0,0,0,0,-10000,0,0,0,0,10000,-10000,-10000
053797,台積電中信98購01,0,0,0,0,0,0,0,0,0,-10000,0,0,0,10000,20000,-10000,-10000
057468,台郡永豐98購01  ,0,0,0,0,0,0,0,0,0,-10000,0,0,0,0,10000,-10000,-10000
058356,華邦電凱基99購01,0,0,0,0,0,0,0,0,0,-10000,0,0,0,0,10000,-10000,-10000
058373,晶技凱基99購02  ,0,0,0,0,0,0,0,0,0,-10000,0,0,0,0,10000,-10000,-10000
057395,旺宏中信98購03  ,0,0,0,0,0,0,0,0,0,-10000,0,0,0,0,10000,-10000,-10000
060184,建準元富9A購01  ,0,0,0,0,0,0,0,0,0,-10000,0,0,0,0,10000,-10000,-10000
060198,祥碩元富9A購02  ,0,0,0,0,0,0,0,0,0,-10000,0,0,0,0,10000,-10000,-10000
059236,鴻海凱基99購09  ,0,0,0,0,0,0,0,0,0,-10000,0,0,0,3000,13000,-10000,-10000
054526,道瓊反統一98購01,0,0,0,0,0,0,0,0,0,-10000,0,0,0,0,10000,-10000,-10000
054458,復盛群益96購01  ,0,0,0,0,0,0,0,0,0,-10000,0,0,0,0,10000,-10000,-10000
055984,大立光元富97購02,0,0,0,0,0,0,0,0,0,-10000,0,0,0,0,10000,-10000,-10000
056771,嘉晶元大99購01  ,0,0,0,0,0,0,0,0,0,-10000,0,0,0,0,10000,-10000,-10000
056339,聯發科凱基99購02,0,0,0,0,0,0,0,0,0,-10000,0,0,0,0,10000,-10000,-10000
056340,可成凱基98購04  ,0,0,0,0,0,0,0,0,0,-10000,0,0,0,10000,20000,-10000,-10000
05588P,群創兆豐97售02  ,0,0,0,0,0,0,0,0,0,-10000,0,0,0,0,10000,-10000,-10000
056233,超眾凱基97購02  ,0,0,0,0,0,0,0,0,0,-10000,0,0,0,0,10000,-10000,-10000
056194,聯發科富邦9B購01,0,0,0,0,0,0,0,0,0,-10000,0,0,0,0,10000,-10000,-10000
056683,台積電統一98購05,0,0,0,0,0,0,0,0,0,-10000,0,0,0,20000,30000,-10000,-10000
056677,智伸科元富98購01,0,0,0,0,0,0,0,0,0,-10000,0,0,0,98000,108000,-10000,-10000
056714,晶相光永豐98購02,0,0,0,0,0,0,0,0,0,-10000,0,0,0,0,10000,-10000,-10000
056112,勤誠永豐97購02  ,0,0,0,0,0,0,0,0,0,-10000,0,0,0,0,10000,-10000,-10000
056082,旺宏統一99購02  ,0,0,0,0,0,0,0,0,0,-10000,0,0,0,0,10000,-10000,-10000
056087,世芯統一97購01  ,0,0,0,0,0,0,0,0,0,-10000,0,0,0,0,10000,-10000,-10000
056141,聯茂元大97購05  ,0,0,0,0,0,0,0,0,0,-10000,0,0,0,10000,20000,-10000,-10000
055320,建準國票98購01  ,0,0,0,0,0,0,0,0,0,-10000,0,0,0,0,10000,-10000,-10000
055183,聯鈞統一97購01  ,0,0,0,0,0,0,0,0,0,-10000,0,0,0,0,10000,-10000,-10000
054687,建準永豐97購02  ,0,0,0,0,0,0,0,0,0,-10000,0,0,0,0,10000,-10000,-10000
054965,健策元大98購04  ,0,0,0,0,0,0,0,0,0,-10000,0,0,0,6000,16000,-10000,-10000
055580,南茂統一97購01  ,0,0,0,0,0,0,0,0,0,-10000,0,0,0,0,10000,-10000,-10000
055637,亞德客元富97購01,0,0,0,0,0,0,0,0,0,-10000,0,0,0,0,10000,-10000,-10000
056566,臻鼎群益98購01  ,0,0,0,0,0,0,0,0,0,-10000,0,0,0,10000,20000,-10000,-10000
055573,國巨統一97購06  ,0,0,0,0,0,0,0,0,0,-10000,0,0,0,44000,54000,-10000,-10000
055566,台表科凱基97購03,0,0,0,0,0,0,0,0,0,-10000,0,0,0,5000,15000,-10000,-10000
054759,台化國票98購01  ,0,0,0,0,0,0,0,0,0,-10000,0,0,0,0,10000,-10000,-10000
058781,康友國票9A購01  ,0,0,0,0,0,0,0,0,0,-10000,0,0,0,70000,80000,-10000,-10000
057128,台光電凱基98購03,0,0,0,0,0,0,0,0,0,-10000,0,0,0,20000,30000,-10000,-10000
059721,旺宏元大99購16  ,0,0,0,0,0,0,0,0,0,-10000,0,0,0,0,10000,-10000,-10000
057737,國巨富邦99購02  ,0,0,0,0,0,0,0,0,0,-10000,0,0,0,0,10000,-10000,-10000
057744,健策永豐98購02  ,0,0,0,0,0,0,0,0,0,-10000,0,0,0,1000,11000,-10000,-10000
058723,元石油國泰9A購01,0,0,0,0,0,0,0,0,0,-10000,0,0,0,80000,90000,-10000,-10000
058747,友達凱基9A購03  ,0,0,0,0,0,0,0,0,0,-10000,0,0,0,30000,40000,-10000,-10000
058738,FBVIX中信03購04 ,0,0,0,0,0,0,0,0,0,-10000,0,0,0,0,10000,-10000,-10000
059825,嘉晶凱基99購02  ,0,0,0,0,0,0,0,0,0,-10000,0,0,0,0,10000,-10000,-10000
060108,泰鼎元大99購04  ,0,0,0,0,0,0,0,0,0,-10000,0,0,0,1000,11000,-10000,-10000
06051P,嘉聯益國票97售04,0,0,0,0,0,0,0,0,0,-10000,0,0,0,0,10000,-10000,-10000
060552,群創凱基9B購05  ,0,0,0,0,0,0,0,0,0,-10000,0,0,0,23000,33000,-10000,-10000
060573,力成永豐9A購01  ,0,0,0,0,0,0,0,0,0,-10000,0,0,0,40000,50000,-10000,-10000
057896,嘉晶元富98購01  ,0,0,0,0,0,0,0,0,0,-10000,0,0,0,0,10000,-10000,-10000
057891,華新科統一9A購01,0,0,0,0,0,0,0,0,0,-10000,0,0,0,0,10000,-10000,-10000
06806P,臺股指群益98售12,0,0,0,0,0,0,0,0,0,-10000,0,0,0,0,10000,-10000,-10000
056977,國巨群益9A購01  ,0,0,0,0,0,0,0,0,0,-10000,0,0,0,0,10000,-10000,-10000
056964,聯發科永豐98購03,0,0,0,0,0,0,0,0,0,-10000,0,0,0,0,10000,-10000,-10000
057042,台積電元大98購10,0,0,0,0,0,0,0,0,0,-10000,0,0,0,0,10000,-10000,-10000
057035,元油2X元大9B購03,0,0,0,0,0,0,0,0,0,-10000,0,0,0,0,10000,-10000,-10000
057812,友達元大9A購05  ,0,0,0,0,0,0,0,0,0,-10000,0,0,0,10000,20000,-10000,-10000
058652,SGBR2X中信01購01,0,0,0,0,0,0,0,0,0,-10000,0,0,0,0,10000,-10000,-10000
058280,SGBR2X中信99購01,0,0,0,0,0,0,0,0,0,-10000,0,0,0,0,10000,-10000,-10000
058185,國巨永豐99購01  ,0,0,0,0,0,0,0,0,0,-10000,0,0,0,20000,30000,-10000,-10000
058187,泰碩永豐99購01  ,0,0,0,0,0,0,0,0,0,-10000,0,0,0,0,10000,-10000,-10000
058067,台積電第一9C購01,0,0,0,0,0,0,0,0,0,-10000,0,0,0,0,10000,-10000,-10000
058125,元油2X元大9C購01,0,0,0,0,0,0,0,0,0,-10000,0,0,0,0,10000,-10000,-10000
058126,元油2X元大9C購02,0,0,0,0,0,0,0,0,0,-10000,0,0,0,0,10000,-10000,-10000
059421,滬深2X元大99購05,0,0,0,0,0,0,0,0,0,-10000,0,0,0,0,10000,-10000,-10000
059443,嘉聯益元大9B購01,0,0,0,0,0,0,0,0,0,-10000,0,0,0,45000,55000,-10000,-10000
05943P,欣興凱基96售03  ,0,0,0,0,0,0,0,0,0,-10000,0,0,0,0,10000,-10000,-10000
058567,華新科凱基9A購02,0,0,0,0,0,0,0,0,0,-10000,0,0,0,0,10000,-10000,-10000
059266,緯創中信01購01  ,0,0,0,0,0,0,0,0,0,-10000,0,0,0,0,10000,-10000,-10000
058525,台虹元大99購02  ,0,0,0,0,0,0,0,0,0,-10000,0,0,0,0,10000,-10000,-10000
059974,臺指反元大9C購05,0,0,0,0,0,0,0,0,0,-10000,0,0,0,0,10000,-10000,-10000
059941,聯發科永豐99購04,0,0,0,0,0,0,0,0,0,-10000,0,0,0,0,10000,-10000,-10000
058835,元油2X中信9C購02,0,0,0,0,0,0,0,0,0,-10000,0,0,0,0,10000,-10000,-10000
058843,元油2X群益9C購02,0,0,0,0,0,0,0,0,0,-10000,0,0,0,0,10000,-10000,-10000
059163,台積電凱基99購10,0,0,0,0,0,0,0,0,0,-10000,0,0,0,0,10000,-10000,-10000
058997,鴻海元大99購21  ,0,0,0,0,0,0,0,0,0,-10000,0,0,0,5000,15000,-10000,-10000
058994,道瓊指元大99購01,0,0,0,0,0,0,0,0,0,-10000,0,0,0,0,10000,-10000,-10000
058919,SGBR2X元富99購05,0,0,0,0,0,0,0,0,0,-10000,0,0,0,0,10000,-10000,-10000
059544,創意亞東99購01  ,0,0,0,0,0,0,0,0,0,-10000,0,0,0,0,10000,-10000,-10000
063278,國巨元大9C購04  ,0,0,0,0,0,0,0,0,0,-10000,0,0,0,0,10000,-10000,-10000
063095,健策國票9B購02  ,0,0,0,0,0,0,0,0,0,-10000,0,0,0,0,10000,-10000,-10000
063066,同欣電麥證9B購01,0,0,0,17000,14000,3000,0,0,0,-10000,0,0,0,17000,27000,-10000,-10000
062643,緯穎國票9B購01  ,0,0,0,0,0,0,0,0,0,-10000,0,0,0,1000,11000,-10000,-10000
062782,聯發科元大9B購12,0,0,0,0,0,0,0,0,0,-10000,0,0,0,16000,26000,-10000,-10000
062812,國巨兆豐9B購03  ,0,0,0,0,0,0,0,0,0,-10000,0,0,0,1000,11000,-10000,-10000
062803,嘉晶統一9B購02  ,0,0,0,0,0,0,0,0,0,-10000,0,0,0,0,10000,-10000,-10000
062925,建準國票9B購01  ,0,0,0,0,0,0,0,0,0,-10000,0,0,0,1000,11000,-10000,-10000
062899,鴻海元大9C購04  ,0,0,0,0,0,0,0,0,0,-10000,0,0,0,0,10000,-10000,-10000
062200,臺指反國票03購01,0,0,0,0,0,0,0,0,0,-10000,0,0,0,20000,30000,-10000,-10000
06228P,亞德客凱基97售04,0,0,0,0,0,0,0,0,0,-10000,0,0,0,0,10000,-10000,-10000
062559,嘉晶凱基9B購02  ,0,0,0,0,0,0,0,0,0,-10000,0,0,0,10000,20000,-10000,-10000
062403,健策永豐9B購06  ,0,0,0,0,0,0,0,0,0,-10000,0,0,0,24000,34000,-10000,-10000
06204P,鴻海群益97售04  ,0,0,0,0,0,0,0,0,0,-10000,0,0,0,0,10000,-10000,-10000
062170,健策永豐9B購04  ,0,0,0,0,0,0,0,0,0,-10000,0,0,0,0,10000,-10000,-10000
06211P,鴻海元大98售04  ,0,0,0,0,0,0,0,0,0,-10000,0,0,0,0,10000,-10000,-10000
061976,國巨元大9B購01  ,0,0,0,0,0,0,0,0,0,-10000,0,0,0,0,10000,-10000,-10000
061987,大立光元大9B購03,0,0,0,0,0,0,0,0,0,-10000,0,0,0,0,10000,-10000,-10000
060941,台積電國票9B購04,0,0,0,0,0,0,0,0,0,-10000,0,0,0,10000,20000,-10000,-10000
060928,明泰永豐9A購01  ,0,0,0,0,0,0,0,0,0,-10000,0,0,0,0,10000,-10000,-10000
060925,華新科永豐9A購01,0,0,0,0,0,0,0,0,0,-10000,0,0,0,0,10000,-10000,-10000
060949,祥碩中信9A購01  ,0,0,0,0,0,0,0,0,0,-10000,0,0,0,11000,21000,-10000,-10000
060961,台光電凱基9A購03,0,0,0,0,0,0,0,0,0,-10000,0,0,0,0,10000,-10000,-10000
061041,南電永豐9A購03  ,0,0,0,0,0,0,0,0,0,-10000,0,0,0,0,10000,-10000,-10000
061167,臻鼎兆豐9B購01  ,0,0,0,0,0,0,0,0,0,-10000,0,0,0,10000,20000,-10000,-10000
061744,超眾凱基9B購02  ,0,0,0,0,0,0,0,0,0,-10000,0,0,0,10000,20000,-10000,-10000
061712,旺宏凱基9A購08  ,0,0,0,0,0,0,0,0,0,-10000,0,0,0,0,10000,-10000,-10000
060814,健策凱基9B購01  ,0,0,0,0,0,0,0,0,0,-10000,0,0,0,23000,33000,-10000,-10000
060881,玉山金中信02購01,0,0,0,0,0,0,0,0,0,-10000,0,0,0,238000,248000,-10000,-10000
060801,滬深2X中信01購01,0,0,0,0,0,0,0,0,0,-10000,0,0,0,0,10000,-10000,-10000
060275,元黃金元大9A購01,0,0,0,0,0,0,0,0,0,-10000,0,0,0,0,10000,-10000,-10000
060265,宏達電國票9A購02,0,0,0,0,0,0,0,0,0,-10000,0,0,0,0,10000,-10000,-10000
061263,微星凱基9A購01  ,0,0,0,0,0,0,0,0,0,-10000,0,0,0,0,10000,-10000,-10000
060320,元金2X群益02購01,0,0,0,0,0,0,0,0,0,-10000,0,0,0,0,10000,-10000,-10000
062986,T50反1中信02購01,0,0,0,0,0,0,0,0,0,-10000,0,0,0,0,10000,-10000,-10000
062464,T50反1凱基9C購03,0,0,0,0,0,0,0,0,0,-10000,0,0,0,0,10000,-10000,-10000
063037,聯發科凱基9C購02,0,0,0,0,0,0,0,0,0,-10000,0,0,0,0,10000,-10000,-10000
061338,台積電元大9A購28,0,0,0,0,0,0,0,0,0,-10000,0,0,0,0,10000,-10000,-10000
061579,京鼎元大9A購02  ,0,0,0,0,0,0,0,0,0,-10000,0,0,0,115000,125000,-10000,-10000
061587,美律富邦9A購02  ,0,0,0,0,0,0,0,0,0,-10000,0,0,0,0,10000,-10000,-10000
06152P,玉晶光元大98售06,0,0,0,0,0,0,0,0,0,-10000,0,0,0,0,10000,-10000,-10000
063656,台光電元富03購01,0,0,0,0,0,0,0,0,0,-11000,0,0,0,121000,132000,-11000,-11000
063490,儒鴻富邦9C購01  ,0,0,0,0,0,0,0,0,0,-11000,0,0,0,10000,21000,-11000,-11000
07183P,臺股指凱基99售25,0,0,0,0,0,0,0,0,0,-11000,0,0,0,0,11000,-11000,-11000
07202P,台灣50凱基9C售04,0,0,0,0,0,0,0,0,0,-11000,0,0,0,0,11000,-11000,-11000
06903P,技嘉凱基98售04  ,0,0,0,0,0,0,0,0,0,-11000,0,0,0,0,11000,-11000,-11000
06904P,TPK凱基98售03   ,0,0,0,0,0,0,0,0,0,-11000,0,0,0,0,11000,-11000,-11000
07641P,上銀凱基9A售05  ,0,0,0,0,0,0,0,0,0,-11000,0,0,0,0,11000,-11000,-11000
2849,安泰銀          ,5000,17000,-12000,0,0,0,0,0,0,1000,1000,0,1000,0,0,0,-11000
4572,駐龍            ,6000,17000,-11000,0,0,0,0,0,0,0,0,0,0,0,0,0,-11000
3617,碩天            ,28000,39000,-11000,0,0,0,0,0,0,0,5000,0,5000,0,5000,-5000,-11000
6698,旭暉應材        ,34000,49000,-15000,0,0,0,0,0,0,4000,4000,0,4000,0,0,0,-11000
8463,潤泰材          ,10000,21000,-11000,0,0,0,0,0,0,0,0,0,0,0,0,0,-11000
1452,宏益            ,0,12000,-12000,0,0,0,0,0,0,1000,1000,0,1000,0,0,0,-11000
1316,上曜            ,15000,26000,-11000,0,0,0,0,0,0,0,0,0,0,0,0,0,-11000
056659,泰碩元大99購01  ,0,0,0,0,0,0,0,0,0,-11000,0,0,0,0,11000,-11000,-11000
055931,冠德群益97購02  ,0,0,0,0,0,0,0,0,0,-11000,0,0,0,53000,64000,-11000,-11000
054420,緯穎元大96購08  ,0,0,0,0,0,0,0,0,0,-11000,0,0,0,28000,39000,-11000,-11000
060182,旺宏元富9A購01  ,0,0,0,0,0,0,0,0,0,-11000,0,0,0,0,11000,-11000,-11000
060169,群電永豐9A購01  ,0,0,0,0,0,0,0,0,0,-11000,0,0,0,42000,53000,-11000,-11000
058377,茂林凱基9A購03  ,0,0,0,0,0,0,0,0,0,-11000,0,0,0,35000,46000,-11000,-11000
056464,臺股指凱基99購06,0,0,0,0,0,0,0,0,0,-11000,0,0,0,0,11000,-11000,-11000
053443,智邦凱基97購01  ,0,0,0,0,0,0,0,0,0,-11000,0,0,0,5000,16000,-11000,-11000
052681,T50反1元大98購02,0,0,0,0,0,0,0,0,0,-11000,0,0,0,80000,91000,-11000,-11000
00730,富邦臺灣優質高息,0,0,0,0,0,0,0,0,0,-11000,0,0,0,261000,272000,-11000,-11000
059901,滬深2X元大9C購07,0,0,0,0,0,0,0,0,0,-11000,0,0,0,0,11000,-11000,-11000
060252,緯穎元大9A購02  ,0,0,0,0,0,0,0,0,0,-11000,0,0,0,35000,46000,-11000,-11000
058325,昇陽半永豐99購01,0,0,0,0,0,0,0,0,0,-11000,0,0,0,0,11000,-11000,-11000
057057,立積元大9A購01  ,0,0,0,0,0,0,0,0,0,-11000,0,0,0,109000,120000,-11000,-11000
06801P,技嘉群益99售02  ,0,0,0,0,0,0,0,0,0,-11000,0,0,0,0,11000,-11000,-11000
060716,新唐永豐9A購01  ,0,0,0,0,0,0,0,0,0,-11000,0,0,0,60000,71000,-11000,-11000
057651,矽力元大98購03  ,0,0,0,0,0,0,0,0,0,-11000,0,0,0,3000,14000,-11000,-11000
056835,聯電元富99購01  ,0,0,0,0,0,0,0,0,0,-11000,0,0,0,417000,428000,-11000,-11000
057152,緯穎國票99購03  ,0,0,0,0,0,0,0,0,0,-11000,0,0,0,0,11000,-11000,-11000
057183,玉晶光元大99購07,0,0,0,0,0,0,0,0,0,-11000,0,0,0,0,11000,-11000,-11000
057233,聯發科凱基98購14,0,0,0,0,0,0,0,0,0,-11000,0,0,0,0,11000,-11000,-11000
06179P,國巨群益97售04  ,0,0,0,0,0,0,0,0,0,-11000,0,0,0,0,11000,-11000,-11000
060799,茂林永豐9A購01  ,0,0,0,0,0,0,0,0,0,-11000,0,0,0,77000,88000,-11000,-11000
061039,台表科永豐9A購03,0,0,0,0,0,0,0,0,0,-11000,0,0,0,20000,31000,-11000,-11000
062144,華通國票9B購01  ,0,0,0,0,0,0,0,0,0,-11000,0,0,0,14000,25000,-11000,-11000
062852,聯發科永豐9B購02,0,0,0,0,0,0,0,0,0,-11000,0,0,0,7000,18000,-11000,-11000
08208P,臺股指群益9B售16,0,0,0,0,0,0,0,0,0,-12000,0,0,0,0,12000,-12000,-12000
2441,超豐            ,100000,111000,-11000,0,0,0,0,1000,-1000,0,0,0,0,0,0,0,-12000
1506,正道            ,7000,19000,-12000,0,0,0,0,0,0,0,0,0,0,0,0,0,-12000
6189,豐藝            ,0,3000,-3000,0,0,0,0,9000,-9000,0,0,0,0,0,0,0,-12000
2535,達欣工          ,4000,45000,-41000,0,0,0,0,1000,-1000,30000,30000,0,30000,0,0,0,-12000
06758P,鴻海元大98售10  ,0,0,0,0,0,0,0,0,0,-12000,0,0,0,0,12000,-12000,-12000
063814,嘉晶群益9C購01  ,0,0,0,0,0,0,0,0,0,-12000,0,0,0,0,12000,-12000,-12000
06448P,華通元大99售01  ,0,0,0,0,0,0,0,0,0,-12000,0,0,0,0,12000,-12000,-12000
03047X,元展44          ,0,0,0,0,0,0,0,0,0,-12000,0,0,0,0,12000,-12000,-12000
05174P,元金2X富邦9B售01,0,0,0,0,0,0,0,0,0,-12000,0,0,0,0,12000,-12000,-12000
053628,微星兆豐96購01  ,0,0,0,0,0,0,0,0,0,-12000,0,0,0,0,12000,-12000,-12000
057451,大立光元富9B購01,0,0,0,0,0,0,0,0,0,-12000,0,0,0,101000,113000,-12000,-12000
055795,茂林國泰98購01  ,0,0,0,0,0,0,0,0,0,-12000,0,0,0,10000,22000,-12000,-12000
056782,鴻海群益98購04  ,0,0,0,0,0,0,0,0,0,-12000,0,0,0,0,12000,-12000,-12000
056267,文曄統一97購02  ,0,0,0,0,0,0,0,0,0,-12000,0,0,0,54000,66000,-12000,-12000
056581,超眾元大99購01  ,0,0,0,0,0,0,0,0,0,-12000,0,0,0,49000,61000,-12000,-12000
055626,力山永豐97購01  ,0,0,0,0,0,0,0,0,0,-12000,0,0,0,18000,30000,-12000,-12000
054641,祥碩中信98購01  ,0,0,0,0,0,0,0,0,0,-12000,0,0,0,13000,25000,-12000,-12000
054739,義隆凱基98購02  ,0,0,0,0,0,0,0,0,0,-12000,0,0,0,98000,110000,-12000,-12000
057746,同欣電永豐98購02,0,0,0,0,0,0,0,0,0,-12000,0,0,0,0,12000,-12000,-12000
060533,臺股指中信9B購05,0,0,0,0,0,0,0,0,0,-12000,0,0,0,0,12000,-12000,-12000
058122,美律國票9A購01  ,0,0,0,0,0,0,0,0,0,-12000,0,0,0,0,12000,-12000,-12000
058069,美律凱基99購05  ,0,0,0,0,0,0,0,0,0,-12000,0,0,0,0,12000,-12000,-12000
058253,臺股指元大9A購17,0,0,0,0,0,0,0,0,0,-12000,0,0,0,10000,22000,-12000,-12000
059340,鴻海凱基9A購12  ,0,0,0,0,0,0,0,0,0,-12000,0,0,0,116000,128000,-12000,-12000
060029,嘉晶永豐99購03  ,0,0,0,0,0,0,0,0,0,-12000,0,0,0,0,12000,-12000,-12000
058977,SGBR2X凱基03購01,0,0,0,0,0,0,0,0,0,-12000,0,0,0,0,12000,-12000,-12000
062710,盛群元大9B購01  ,0,0,0,0,0,0,0,0,0,-12000,0,0,0,203000,215000,-12000,-12000
062971,英業達元富9B購01,0,0,0,0,0,0,0,0,0,-12000,0,0,0,183000,195000,-12000,-12000
063166,超眾永豐9B購01  ,0,0,0,0,0,0,0,0,0,-12000,0,0,0,100000,112000,-12000,-12000
063301,鴻海凱基9B購08  ,0,0,0,0,0,0,0,0,0,-12000,0,0,0,4000,16000,-12000,-12000
063215,台表科國票9C購02,0,0,0,0,0,0,0,0,0,-12000,0,0,0,7000,19000,-12000,-12000
063213,智伸科國票9C購01,0,0,0,0,0,0,0,0,0,-12000,0,0,0,38000,50000,-12000,-12000
062539,可成國泰01購01  ,0,0,0,0,0,0,0,0,0,-12000,0,0,0,420000,432000,-12000,-12000
060972,T50反1元大9A購10,0,0,0,0,0,0,0,0,0,-12000,0,0,0,0,12000,-12000,-12000
061085,聯茂兆豐9A購01  ,0,0,0,0,0,0,0,0,0,-12000,0,0,0,0,12000,-12000,-12000
061182,南六凱基9A購01  ,0,0,0,0,0,0,0,0,0,-12000,0,0,0,2000,14000,-12000,-12000
060260,京鼎凱基9C購01  ,0,0,0,0,0,0,0,0,0,-12000,0,0,0,122000,134000,-12000,-12000
061604,台光電凱基9B購01,0,0,0,0,0,0,0,0,0,-12000,0,0,0,28000,40000,-12000,-12000
061452,大成鋼凱基9A購01,0,0,0,0,0,0,0,0,0,-12000,0,0,0,88000,100000,-12000,-12000
061933,光寶科國票9B購01,0,0,0,0,0,0,0,0,0,-12000,0,0,0,67000,79000,-12000,-12000
06431P,新日興元大97售05,0,0,0,0,0,0,0,0,0,-13000,0,0,0,2000,15000,-13000,-13000
063780,高鐵永豐9B購02  ,0,0,0,0,0,0,0,0,0,-13000,0,0,0,0,13000,-13000,-13000
063588,華新科永豐9B購02,0,0,0,0,0,0,0,0,0,-13000,0,0,0,0,13000,-13000,-13000
063649,南六元大9C購02  ,1000,0,1000,0,0,0,0,0,0,-14000,0,0,0,223000,237000,-14000,-13000
06946P,T50正2元大9C售01,0,0,0,0,0,0,0,0,0,-13000,0,0,0,0,13000,-13000,-13000
07010P,T50正2凱基9C售01,0,0,0,0,0,0,0,0,0,-13000,0,0,0,0,13000,-13000,-13000
07228P,台灣50群益9B售06,0,0,0,0,0,0,0,0,0,-13000,0,0,0,0,13000,-13000,-13000
3015,全漢            ,10000,30000,-20000,0,0,0,6000,0,6000,1000,1000,0,1000,0,0,0,-13000
4108,懷特            ,5000,18000,-13000,0,0,0,0,0,0,0,0,0,0,0,0,0,-13000
1537,廣隆            ,5000,19000,-14000,0,0,0,1000,0,1000,0,0,0,0,0,0,0,-13000
08213P,台光電統一9B售03,0,0,0,0,0,0,0,0,0,-13000,0,0,0,11000,24000,-13000,-13000
056272,嘉澤統一99購01  ,0,0,0,0,0,0,0,0,0,-13000,0,0,0,2000,15000,-13000,-13000
056269,新日興統一98購01,0,0,0,0,0,0,0,0,0,-13000,0,0,0,232000,245000,-13000,-13000
055923,矽力凱基98購01  ,0,0,0,0,0,0,0,0,0,-13000,0,0,0,5000,18000,-13000,-13000
055859,啟碁元大97購03  ,0,0,0,0,0,0,0,0,0,-13000,0,0,0,287000,300000,-13000,-13000
052388,旺宏群益96購05  ,0,0,0,0,0,0,0,0,0,-13000,0,0,0,0,13000,-13000,-13000
06876P,台灣50兆豐9B售01,0,0,0,0,0,0,0,0,0,-13000,0,0,0,0,13000,-13000,-13000
06866P,聯發科元大98售13,0,0,0,0,0,0,0,0,0,-13000,0,0,0,0,13000,-13000,-13000
063513,聯發科麥證9B購03,0,0,0,0,13000,-13000,0,0,0,-13000,0,0,0,0,13000,-13000,-13000
060855,華新科富邦01購01,0,0,0,0,0,0,0,0,0,-13000,0,0,0,2000,15000,-13000,-13000
061728,華新科麥證9A購02,0,0,0,0,13000,-13000,0,0,0,-13000,0,0,0,0,13000,-13000,-13000
061771,玉晶光元大9C購04,0,0,0,0,0,0,0,0,0,-13000,0,0,0,65000,78000,-13000,-13000
061101,道瓊銀元大9A購02,0,0,0,0,0,0,0,0,0,-13000,0,0,0,62000,75000,-13000,-13000
061066,嘉晶凱基9B購01  ,0,0,0,0,0,0,0,0,0,-13000,0,0,0,17000,30000,-13000,-13000
062360,華邦電元大9B購01,0,0,0,0,0,0,0,0,0,-13000,0,0,0,214000,227000,-13000,-13000
062257,聯發科元大9B購09,0,0,0,0,0,0,0,0,0,-13000,0,0,0,17000,30000,-13000,-13000
1809,中釉            ,11000,25000,-14000,0,0,0,0,0,0,0,0,0,0,0,0,0,-14000
3694,海華            ,11000,25000,-14000,0,0,0,0,0,0,0,0,0,0,0,0,0,-14000
3583,辛耘            ,13000,27000,-14000,0,0,0,0,0,0,0,0,0,0,0,0,0,-14000
3050,鈺德            ,1000,15000,-14000,0,0,0,0,0,0,0,0,0,0,0,0,0,-14000
07274P,上証2X群益01售01,0,0,0,0,0,0,0,0,0,-14000,0,0,0,0,14000,-14000,-14000
06971P,台光電元大99售03,0,0,0,0,0,0,0,0,0,-14000,0,0,0,11000,25000,-14000,-14000
07045P,上銀國票9A售01  ,0,0,0,0,0,0,0,0,0,-14000,0,0,0,0,14000,-14000,-14000
07530P,聯發科凱基9A售11,0,0,0,0,0,0,0,0,0,-14000,0,0,0,0,14000,-14000,-14000
07587P,台灣50國票9A售11,0,0,0,0,0,0,0,0,0,-14000,0,0,0,0,14000,-14000,-14000
063393,華通群益9C購05  ,0,0,0,0,0,0,0,0,0,-14000,0,0,0,461000,475000,-14000,-14000
063779,華邦電永豐9B購01,0,0,0,0,0,0,0,0,0,-14000,0,0,0,0,14000,-14000,-14000
056219,T50反1日盛02購01,0,0,0,0,0,0,0,0,0,-14000,0,0,0,0,14000,-14000,-14000
056156,禾伸堂凱基98購04,0,0,0,0,0,0,0,0,0,-14000,0,0,0,6000,20000,-14000,-14000
055732,全新元富9A購01  ,0,0,0,0,0,0,0,0,0,-14000,0,0,0,1000,15000,-14000,-14000
056538,國泰金凱基98購01,0,0,0,0,0,0,0,0,0,-14000,0,0,0,6000,20000,-14000,-14000
054785,建準群益98購01  ,0,0,0,0,0,0,0,0,0,-14000,0,0,0,87000,101000,-14000,-14000
060672,鴻海元大9A購14  ,0,0,0,0,0,0,0,0,0,-14000,0,0,0,0,14000,-14000,-14000
060300,佐登國泰9B購01  ,0,0,0,0,0,0,0,0,0,-14000,0,0,0,2000,16000,-14000,-14000
060480,億豐元大9A購02  ,0,0,0,0,0,0,0,0,0,-14000,0,0,0,0,14000,-14000,-14000
060121,新光金富邦99購01,0,0,0,0,0,0,0,0,0,-14000,0,0,0,416000,430000,-14000,-14000
057241,超眾凱基99購02  ,0,0,0,0,0,0,0,0,0,-14000,0,0,0,20000,34000,-14000,-14000
058932,FBVIX台新99購01 ,0,0,0,0,0,0,0,0,0,-14000,0,0,0,0,14000,-14000,-14000
058474,鴻海凱基9A購06  ,0,0,0,0,0,0,0,0,0,-14000,0,0,0,17000,31000,-14000,-14000
060769,國巨麥證9A購02  ,0,0,0,38000,52000,-14000,0,0,0,-14000,0,0,0,38000,52000,-14000,-14000
062938,聯發科凱基9B購10,0,0,0,0,0,0,0,0,0,-14000,0,0,0,0,14000,-14000,-14000
062680,微星統一01購01  ,0,0,0,0,0,0,0,0,0,-14000,0,0,0,41000,55000,-14000,-14000
061195,健策永豐9B購02  ,0,0,0,0,0,0,0,0,0,-14000,0,0,0,0,14000,-14000,-14000
06025P,臺股指元大99售02,0,0,0,0,0,0,0,0,0,-14000,0,0,0,15000,29000,-14000,-14000
063515,香港2X凱基01購01,0,0,0,0,0,0,0,0,0,-14000,0,0,0,21000,35000,-14000,-14000
1808,潤隆            ,31394,47000,-15606,0,0,0,0,0,0,1000,1000,0,1000,0,0,0,-14606
08243P,祥碩凱基9C售02  ,0,0,0,0,0,0,0,0,0,-15000,0,0,0,0,15000,-15000,-15000
08234P,華擎元富9B售03  ,0,0,0,0,0,0,0,0,0,-15000,0,0,0,0,15000,-15000,-15000
8940,新天地          ,32000,60000,-28000,0,0,0,0,0,0,13000,13000,0,13000,0,0,0,-15000
063802,南茂凱基9C購01  ,0,0,0,0,0,0,0,0,0,-15000,0,0,0,4000,19000,-15000,-15000
06566P,華通永豐98售03  ,0,0,0,0,0,0,0,0,0,-15000,0,0,0,50000,65000,-15000,-15000
063351,億豐統一9B購01  ,0,0,0,0,0,0,0,0,0,-15000,0,0,0,0,15000,-15000,-15000
063337,國巨統一02購02  ,110000,0,110000,0,0,0,0,0,0,-125000,0,0,0,0,125000,-125000,-15000
063463,瑞昱元大9B購05  ,0,0,0,0,0,0,0,0,0,-15000,0,0,0,19000,34000,-15000,-15000
07555P,玉晶光元大9A售07,0,0,0,0,0,0,0,0,0,-15000,0,0,0,0,15000,-15000,-15000
07819P,旺宏國票9B售01  ,0,0,0,0,0,0,0,0,0,-15000,0,0,0,171000,186000,-15000,-15000
07020P,玉晶光台新99售02,0,0,0,0,0,0,0,0,0,-15000,0,0,0,0,15000,-15000,-15000
07133P,臺股指元大9A售27,0,0,0,0,0,0,0,0,0,-15000,0,0,0,5000,20000,-15000,-15000
07428P,華新科國票9A售01,0,0,0,0,0,0,0,0,0,-15000,0,0,0,0,15000,-15000,-15000
054753,復盛凱基98購01  ,0,0,0,0,0,0,0,0,0,-15000,0,0,0,55000,70000,-15000,-15000
056722,滬深反中信9B購01,0,0,0,0,0,0,0,0,0,-15000,0,0,0,0,15000,-15000,-15000
056151,建準凱基97購01  ,0,0,0,0,0,0,0,0,0,-15000,0,0,0,3000,18000,-15000,-15000
056348,S&P反1元大9A購01,0,0,0,0,0,0,0,0,0,-15000,0,0,0,0,15000,-15000,-15000
056766,義隆元大98購01  ,0,0,0,0,0,0,0,0,0,-15000,0,0,0,40000,55000,-15000,-15000
055810,T50反1國票99購01,0,0,0,0,0,0,0,0,0,-15000,0,0,0,0,15000,-15000,-15000
060200,同欣電元富9A購01,0,0,0,0,0,0,0,0,0,-15000,0,0,0,0,15000,-15000,-15000
059202,禾聯碩永豐99購01,0,0,0,0,0,0,0,0,0,-15000,0,0,0,0,15000,-15000,-15000
059211,鴻海元大99購27  ,0,0,0,0,0,0,0,0,0,-15000,0,0,0,8000,23000,-15000,-15000
054180,亞泥康和96購01  ,0,0,0,0,0,0,0,0,0,-15000,0,0,0,0,15000,-15000,-15000
03447B,臺股指凱基9B熊16,0,0,0,0,0,0,0,0,0,-15000,0,0,0,35000,50000,-15000,-15000
054363,世芯凱基97購01  ,0,0,0,0,0,0,0,0,0,-15000,0,0,0,7000,22000,-15000,-15000
054354,技嘉富邦97購01  ,0,0,0,0,0,0,0,0,0,-15000,0,0,0,5000,20000,-15000,-15000
056418,台光電元富98購01,0,0,0,0,0,0,0,0,0,-15000,0,0,0,21000,36000,-15000,-15000
055474,欣興凱基97購05  ,0,0,0,0,0,0,0,0,0,-15000,0,0,0,0,15000,-15000,-15000
059326,康友元大99購01  ,0,0,0,0,0,0,0,0,0,-15000,0,0,0,62000,77000,-15000,-15000
058289,奇鋐國票9A購01  ,0,0,0,0,0,0,0,0,0,-15000,0,0,0,22000,37000,-15000,-15000
058887,元石油元大9C購04,0,0,0,0,0,0,0,0,0,-15000,0,0,0,0,15000,-15000,-15000
058892,元油2X元大9C購08,0,0,0,0,0,0,0,0,0,-15000,0,0,0,0,15000,-15000,-15000
059138,台積電兆豐99購04,0,0,0,0,0,0,0,0,0,-15000,0,0,0,0,15000,-15000,-15000
060009,南亞科群益99購03,0,0,0,0,0,0,0,0,0,-15000,0,0,0,37000,52000,-15000,-15000
059961,T50反1凱基99購09,0,0,0,0,0,0,0,0,0,-15000,0,0,0,0,15000,-15000,-15000
059925,可成國泰9B購01  ,0,0,0,0,0,0,0,0,0,-15000,0,0,0,11000,26000,-15000,-15000
059569,旺宏凱基99購09  ,0,0,0,0,0,0,0,0,0,-15000,0,0,0,0,15000,-15000,-15000
057280,大立光元大98購15,0,0,0,0,0,0,0,0,0,-15000,0,0,0,53000,68000,-15000,-15000
057293,力成國泰99購01  ,0,0,0,0,0,0,0,0,0,-15000,0,0,0,5000,20000,-15000,-15000
057385,光罩永豐99購01  ,0,0,0,0,0,0,0,0,0,-15000,0,0,0,30000,45000,-15000,-15000
059820,南亞科凱基99購07,0,0,0,0,0,0,0,0,0,-15000,0,0,0,5000,20000,-15000,-15000
057767,緯穎凱基98購06  ,0,0,0,0,0,0,0,0,0,-15000,0,0,0,25000,40000,-15000,-15000
056837,國巨元富98購02  ,0,0,0,0,0,0,0,0,0,-15000,0,0,0,0,15000,-15000,-15000
060487,盛群富邦9B購01  ,0,0,0,0,0,0,0,0,0,-15000,0,0,0,16000,31000,-15000,-15000
060546,旺宏凱基9A購02  ,0,0,0,0,0,0,0,0,0,-15000,0,0,0,0,15000,-15000,-15000
06889P,臺股指元大98售13,0,0,0,0,0,0,0,0,0,-15000,0,0,0,20000,35000,-15000,-15000
061916,元金2X凱基02購01,0,0,0,0,0,0,0,0,0,-15000,0,0,0,15000,30000,-15000,-15000
061892,亞德客永豐9B購01,0,0,0,0,0,0,0,0,0,-15000,0,0,0,0,15000,-15000,-15000
062990,台積電群益9B購06,0,0,0,0,0,0,0,0,0,-15000,0,0,0,5000,20000,-15000,-15000
060340,國巨統一01購02  ,0,0,0,0,0,0,0,0,0,-15000,0,0,0,0,15000,-15000,-15000
061279,鴻海統一9C購04  ,0,0,0,0,0,0,0,0,0,-15000,0,0,0,10000,25000,-15000,-15000
061840,長榮航凱基9C購01,0,0,0,0,0,0,0,0,0,-15000,0,0,0,0,15000,-15000,-15000
060808,欣興群益9A購01  ,0,0,0,0,0,0,0,0,0,-15000,0,0,0,3000,18000,-15000,-15000
061753,南亞科台新9B購01,0,0,0,0,0,0,0,0,0,-15000,0,0,0,33000,48000,-15000,-15000
061717,力成凱基9B購01  ,0,0,0,0,0,0,0,0,0,-15000,0,0,0,50000,65000,-15000,-15000
06165P,臺股指凱基9A售03,0,0,0,0,0,0,0,0,0,-15000,0,0,0,0,15000,-15000,-15000
061223,T50反1中信01購01,0,0,0,0,0,0,0,0,0,-15000,0,0,0,0,15000,-15000,-15000
060768,鴻海麥證9A購02  ,0,0,0,0,15000,-15000,0,0,0,-15000,0,0,0,0,15000,-15000,-15000
061023,茂林國泰9B購02  ,0,0,0,0,0,0,0,0,0,-15000,0,0,0,0,15000,-15000,-15000
060991,京鼎元大9A購01  ,0,0,0,0,0,0,0,0,0,-15000,0,0,0,124000,139000,-15000,-15000
063168,台表科永豐9B購01,0,0,0,0,0,0,0,0,0,-15000,0,0,0,94000,109000,-15000,-15000
063131,聯茂元大9B購03  ,0,0,0,0,0,0,0,0,0,-15000,0,0,0,24000,39000,-15000,-15000
063232,裕隆元大9B購01  ,0,0,0,0,0,0,0,0,0,-15000,0,0,0,105000,120000,-15000,-15000
061981,聯發科元大9B購02,0,0,0,0,0,0,0,0,0,-15000,0,0,0,18000,33000,-15000,-15000
062032,崇越群益9B購01  ,0,0,0,0,0,0,0,0,0,-15000,0,0,0,89000,104000,-15000,-15000
062140,元金2X國票9B購03,0,0,0,0,0,0,0,0,0,-15000,0,0,0,5000,20000,-15000,-15000
062116,元金2X第一9B購01,0,0,0,0,0,0,0,0,0,-15000,0,0,0,0,15000,-15000,-15000
062510,台積電國票01購01,0,0,0,0,0,0,0,0,0,-15000,0,0,0,15000,30000,-15000,-15000
062572,元金反群益9C購01,0,0,0,0,0,0,0,0,0,-15000,0,0,0,0,15000,-15000,-15000
062482,台表科國票9B購01,0,0,0,0,0,0,0,0,0,-15000,0,0,0,0,15000,-15000,-15000
06925P,致茂群益9A售02  ,0,0,0,0,0,0,0,0,0,-16000,0,0,0,0,16000,-16000,-16000
07574P,國巨元大9A售12  ,0,0,0,0,0,0,0,0,0,-16000,0,0,0,0,16000,-16000,-16000
06720P,智邦亞東99售01  ,0,0,0,0,0,0,0,0,0,-16000,0,0,0,0,16000,-16000,-16000
06395P,台積電元大97售29,0,0,0,0,0,0,0,0,0,-16000,0,0,0,50000,66000,-16000,-16000
9907,統一實          ,94000,114000,-20000,0,0,0,0,0,0,4000,4000,0,4000,0,0,0,-16000
8021,尖點            ,55000,74000,-19000,0,0,0,0,2000,-2000,5000,5000,0,5000,0,0,0,-16000
9934,成霖            ,37000,50000,-13000,0,0,0,0,3000,-3000,0,0,0,0,0,0,0,-16000
2009,第一銅          ,6000,23000,-17000,0,0,0,0,0,0,1000,1000,0,1000,0,0,0,-16000
057479,致茂元大98購03  ,0,0,0,0,0,0,0,0,0,-16000,0,0,0,52000,68000,-16000,-16000
054481,鎧勝中信96購01  ,0,0,0,0,0,0,0,0,0,-16000,0,0,0,0,16000,-16000,-16000
056548,瀚宇博凱基98購02,0,0,0,0,0,0,0,0,0,-16000,0,0,0,3000,19000,-16000,-16000
056549,嘉聯益凱基98購04,0,0,0,0,0,0,0,0,0,-16000,0,0,0,0,16000,-16000,-16000
057809,英業達元大98購01,0,0,0,0,0,0,0,0,0,-16000,0,0,0,34000,50000,-16000,-16000
060617,華新科元大9A購08,0,0,0,0,0,0,0,0,0,-16000,0,0,0,6000,22000,-16000,-16000
059791,超眾元大99購06  ,0,0,0,0,0,0,0,0,0,-16000,0,0,0,29000,45000,-16000,-16000
059729,群創元大9C購05  ,0,0,0,0,0,0,0,0,0,-16000,0,0,0,20000,36000,-16000,-16000
057075,嘉聯益永豐98購01,0,0,0,0,0,0,0,0,0,-16000,0,0,0,102000,118000,-16000,-16000
058651,FBVIX中信9C購01 ,0,0,0,0,0,0,0,0,0,-16000,0,0,0,0,16000,-16000,-16000
058552,欣興永豐99購01  ,0,0,0,0,0,0,0,0,0,-16000,0,0,0,2000,18000,-16000,-16000
061978,旺宏元大9C購01  ,0,0,0,0,0,0,0,0,0,-16000,0,0,0,15000,31000,-16000,-16000
06105P,國巨國票98售02  ,0,0,0,0,0,0,0,0,0,-16000,0,0,0,58000,74000,-16000,-16000
061869,智邦元大9B購01  ,0,0,0,0,0,0,0,0,0,-16000,0,0,0,148000,164000,-16000,-16000
062437,廣達元大9B購01  ,0,0,0,0,0,0,0,0,0,-16000,0,0,0,49000,65000,-16000,-16000
2451,創見            ,129000,193385,-64385,0,0,0,70000,1000,69000,-21000,1000,0,1000,0,22000,-22000,-16385
1109,信大            ,0,14000,-14000,0,0,0,0,3000,-3000,0,0,0,0,0,0,0,-17000
1110,東泥            ,13000,34000,-21000,0,0,0,0,0,0,4000,4000,0,4000,0,0,0,-17000
4426,利勤            ,60000,80000,-20000,0,0,0,0,0,0,3000,0,0,0,3000,0,3000,-17000
3031,佰鴻            ,27000,45000,-18000,0,0,0,0,0,0,1000,1000,0,1000,0,0,0,-17000
2706,第一店          ,7000,24000,-17000,0,0,0,0,0,0,0,0,0,0,0,0,0,-17000
063751,祥碩國票9C購02  ,0,0,0,0,0,0,0,0,0,-17000,0,0,0,0,17000,-17000,-17000
06729P,聯詠元大98售03  ,0,0,0,0,0,0,0,0,0,-17000,0,0,0,0,17000,-17000,-17000
06501P,臺股指元大9A售06,0,0,0,0,0,0,0,0,0,-17000,0,0,0,0,17000,-17000,-17000
06483P,聯發科凱基98售10,0,0,0,0,0,0,0,0,0,-17000,0,0,0,0,17000,-17000,-17000
063628,華通元大9B購09  ,0,0,0,0,0,0,0,0,0,-17000,0,0,0,90000,107000,-17000,-17000
07730P,臺股指凱基9A售22,0,0,0,0,0,0,0,0,0,-17000,0,0,0,0,17000,-17000,-17000
055576,嘉晶統一98購01  ,0,0,0,0,0,0,0,0,0,-17000,0,0,0,16000,33000,-17000,-17000
056385,創意國泰99購01  ,0,0,0,0,0,0,0,0,0,-17000,0,0,0,120000,137000,-17000,-17000
056302,大立光元大97購17,0,0,0,0,0,0,0,0,0,-17000,0,0,0,51000,68000,-17000,-17000
059212,鴻海元大99購28  ,0,0,0,0,0,0,0,0,0,-17000,0,0,0,9000,26000,-17000,-17000
057407,超眾群益99購01  ,0,0,0,0,0,0,0,0,0,-17000,0,0,0,11000,28000,-17000,-17000
053901,T50反1凱基99購03,0,0,0,0,0,0,0,0,0,-17000,0,0,0,10000,27000,-17000,-17000
052795,健策兆豐97購01  ,0,0,0,0,0,0,0,0,0,-17000,0,0,0,0,17000,-17000,-17000
054319,世紀鋼凱基96購02,0,0,0,0,0,0,0,0,0,-17000,0,0,0,0,17000,-17000,-17000
053566,大立光富邦99購03,0,0,0,0,0,0,0,0,0,-17000,0,0,0,0,17000,-17000,-17000
03875P,滬深2X國票05售01,0,0,0,0,0,0,0,0,0,-17000,0,0,0,3000,20000,-17000,-17000
05088P,大立光富邦99售01,0,0,0,0,0,0,0,0,0,-17000,0,0,0,0,17000,-17000,-17000
058579,聯發科群益99購04,0,0,0,0,0,0,0,0,0,-17000,0,0,0,0,17000,-17000,-17000
058596,旺宏台新99購01  ,0,0,0,0,0,0,0,0,0,-17000,0,0,0,8000,25000,-17000,-17000
058473,上銀凱基9A購03  ,0,0,0,0,0,0,0,0,0,-17000,0,0,0,10000,27000,-17000,-17000
059341,台積電凱基99購15,0,0,0,0,0,0,0,0,0,-17000,0,0,0,23000,40000,-17000,-17000
058188,華擎永豐99購01  ,0,0,0,0,0,0,0,0,0,-17000,0,0,0,150000,167000,-17000,-17000
057583,啟碁中信9A購01  ,0,0,0,0,0,0,0,0,0,-17000,0,0,0,65000,82000,-17000,-17000
059940,微星永豐99購01  ,0,0,0,0,0,0,0,0,0,-17000,0,0,0,0,17000,-17000,-17000
059946,健策永豐99購05  ,0,0,0,0,0,0,0,0,0,-17000,0,0,0,0,17000,-17000,-17000
057222,鴻海國票99購04  ,0,0,0,0,0,0,0,0,0,-17000,0,0,0,2000,19000,-17000,-17000
059783,旺宏元大99購17  ,0,0,0,0,0,0,0,0,0,-17000,0,0,0,10000,27000,-17000,-17000
060095,聯發科元大99購42,0,0,0,0,0,0,0,0,0,-17000,0,0,0,10000,27000,-17000,-17000
061937,聯發科國票9B購02,0,0,0,0,0,0,0,0,0,-17000,0,0,0,0,17000,-17000,-17000
061405,亞德客國票9B購01,0,0,0,0,0,0,0,0,0,-17000,0,0,0,0,17000,-17000,-17000
061421,台積電元大9A購29,0,0,0,0,0,0,0,0,0,-17000,0,0,0,1000,18000,-17000,-17000
062055,鴻海統一9C購07  ,0,0,0,0,0,0,0,0,0,-17000,0,0,0,2000,19000,-17000,-17000
062254,台光電元大9B購02,0,0,0,0,0,0,0,0,0,-17000,0,0,0,13000,30000,-17000,-17000
063101,華通群益9B購07  ,0,0,0,0,0,0,0,0,0,-17000,0,0,0,2000,19000,-17000,-17000
063123,聯發科元大9B購16,0,0,0,0,0,0,0,0,0,-17000,0,0,0,15000,32000,-17000,-17000
062954,世芯永豐9B購03  ,0,0,0,0,0,0,0,0,0,-17000,0,0,0,15000,32000,-17000,-17000
07046P,大立光富邦9C售03,0,0,0,0,0,0,0,0,0,-18000,0,0,0,0,18000,-18000,-18000
07058P,台積電凱基9A售07,0,0,0,0,0,0,0,0,0,-18000,0,0,0,45000,63000,-18000,-18000
07359P,台積電元大99售45,0,0,0,0,0,0,0,0,0,-18000,0,0,0,0,18000,-18000,-18000
063627,上銀元大9B購09  ,0,0,0,0,0,0,0,0,0,-18000,0,0,0,0,18000,-18000,-18000
06592P,欣興元大98售04  ,0,0,0,0,0,0,0,0,0,-18000,0,0,0,5000,23000,-18000,-18000
06718P,聯詠元大98售01  ,0,0,0,0,0,0,0,0,0,-18000,0,0,0,4000,22000,-18000,-18000
3346,麗清            ,5000,23000,-18000,0,0,0,0,0,0,0,0,0,0,0,0,0,-18000
1103,嘉泥            ,15000,203000,-188000,0,0,0,0,0,0,170000,170000,0,170000,0,0,0,-18000
08150P,立積國票9C售01  ,0,0,0,0,0,0,0,0,0,-18000,0,0,0,34000,52000,-18000,-18000
08110P,臺股指中信01售05,0,0,0,0,0,0,0,0,0,-18000,0,0,0,2000,20000,-18000,-18000
1528,恩德            ,7000,26000,-19000,0,0,0,0,0,0,1000,1000,0,1000,0,0,0,-18000
052849,可成統一97購01  ,0,0,0,0,0,0,0,0,0,-18000,0,0,0,2000,20000,-18000,-18000
055776,宏達電凱基98購02,0,0,0,0,0,0,0,0,0,-18000,0,0,0,46000,64000,-18000,-18000
056142,超眾元大97購06  ,0,0,0,0,0,0,0,0,0,-18000,0,0,0,37000,55000,-18000,-18000
056044,同欣電凱基97購03,0,0,0,0,0,0,0,0,0,-18000,0,0,0,12000,30000,-18000,-18000
060556,緯穎凱基9A購04  ,0,0,0,0,0,0,0,0,0,-18000,0,0,0,27000,45000,-18000,-18000
060418,中橡永豐9A購01  ,0,0,0,0,0,0,0,0,0,-18000,0,0,0,61000,79000,-18000,-18000
056897,南亞科元大98購02,0,0,0,0,0,0,0,0,0,-18000,0,0,0,50000,68000,-18000,-18000
058834,GIS永豐99購01   ,0,0,0,0,0,0,0,0,0,-18000,0,0,0,46000,64000,-18000,-18000
058909,神達元大99購03  ,0,15000,-15000,0,0,0,0,0,0,-3000,0,0,0,216000,219000,-3000,-18000
059424,SGBR2X元大9A購01,0,0,0,0,0,0,0,0,0,-18000,0,0,0,4000,22000,-18000,-18000
063172,廣達中信9C購01  ,0,0,0,0,0,0,0,0,0,-18000,0,0,0,30000,48000,-18000,-18000
062775,大成鋼元大9B購02,0,0,0,0,0,0,0,0,0,-18000,0,0,0,150000,168000,-18000,-18000
062251,旺宏元大9B購06  ,0,0,0,0,0,0,0,0,0,-18000,0,0,0,50000,68000,-18000,-18000
062252,華邦電元大9C購01,0,0,0,0,0,0,0,0,0,-18000,0,0,0,52000,70000,-18000,-18000
063512,聯發科麥證9B購02,0,0,0,0,18000,-18000,0,0,0,-18000,0,0,0,0,18000,-18000,-18000
061575,華新科元大9A購20,0,0,0,0,0,0,0,0,0,-18000,0,0,0,50000,68000,-18000,-18000
060854,台積電富邦9C購08,0,0,0,0,0,0,0,0,0,-18000,0,0,0,7000,25000,-18000,-18000
5525,順天            ,1000,12000,-11000,0,0,0,0,7200,-7200,0,0,0,0,0,0,0,-18200
6525,捷敏-KY         ,7000,27000,-20000,0,0,0,0,0,0,1000,1000,0,1000,0,0,0,-19000
1733,五鼎            ,15000,33000,-18000,0,0,0,0,0,0,-1000,1000,2000,-1000,0,0,0,-19000
2377,微星            ,1562000,1589000,-27000,0,0,0,0,0,0,8000,9000,11000,-2000,55000,45000,10000,-19000
08056P,華通群益9B售06  ,0,0,0,0,0,0,0,0,0,-19000,0,0,0,0,19000,-19000,-19000
1457,宜進            ,1000,15000,-14000,0,0,0,0,6000,-6000,1000,1000,0,1000,0,0,0,-19000
063750,和鑫國票9B購01  ,0,0,0,0,0,0,0,0,0,-19000,0,0,0,0,19000,-19000,-19000
06438P,玉晶光國票99售02,0,0,0,0,0,0,0,0,0,-19000,0,0,0,0,19000,-19000,-19000
063582,瑞祺國泰9C購01  ,0,0,0,0,0,0,0,0,0,-19000,0,0,0,3000,22000,-19000,-19000
063559,力山元大9B購04  ,20000,0,20000,0,0,0,0,0,0,-39000,0,0,0,118000,157000,-39000,-19000
063576,台表科元大9B購08,0,0,0,0,0,0,0,0,0,-19000,0,0,0,1000,20000,-19000,-19000
07265P,大立光元大99售16,0,0,0,0,0,0,0,0,0,-19000,0,0,0,106000,125000,-19000,-19000
07879P,瑞昱群益9C售01  ,0,0,0,0,0,0,0,0,0,-19000,0,0,0,3000,22000,-19000,-19000
07539P,玉山金台新9A售01,0,0,0,0,0,0,0,0,0,-19000,0,0,0,0,19000,-19000,-19000
07618P,大立光中信9A售06,0,0,0,0,0,0,0,0,0,-19000,0,0,0,2000,21000,-19000,-19000
057465,智易永豐98購02  ,0,0,0,0,0,0,0,0,0,-19000,0,0,0,49000,68000,-19000,-19000
055490,台光電元大97購01,0,0,0,0,0,0,0,0,0,-19000,0,0,0,15000,34000,-19000,-19000
054158,國巨日盛99購01  ,0,0,0,0,0,0,0,0,0,-19000,0,0,0,1000,20000,-19000,-19000
052137,台表科凱基96購02,0,0,0,0,0,0,0,0,0,-19000,0,0,0,1000,20000,-19000,-19000
058144,聯茂元大99購02  ,0,0,0,0,0,0,0,0,0,-19000,0,0,0,50000,69000,-19000,-19000
057549,台光電凱基98購05,0,0,0,0,0,0,0,0,0,-19000,0,0,0,1000,20000,-19000,-19000
057542,上銀凱基99購01  ,0,0,0,0,0,0,0,0,0,-19000,0,0,0,0,19000,-19000,-19000
059882,臺股指凱基9C購06,0,0,0,0,0,0,0,0,0,-19000,0,0,0,47000,66000,-19000,-19000
060681,華擎元大9A購02  ,0,0,0,0,0,0,0,0,0,-19000,0,0,0,0,19000,-19000,-19000
060510,大立光元大9A購03,0,0,0,0,0,0,0,0,0,-19000,0,0,0,21000,40000,-19000,-19000
057665,技嘉元大99購01  ,0,0,0,0,0,0,0,0,0,-19000,0,0,0,66000,85000,-19000,-19000
056984,嘉晶群益98購01  ,0,0,0,0,0,0,0,0,0,-19000,0,0,0,2000,21000,-19000,-19000
061803,巨大永豐9B購01  ,0,0,0,0,0,0,0,0,0,-19000,0,0,0,46000,65000,-19000,-19000
061006,新光金兆豐9A購01,0,0,0,0,0,0,0,0,0,-19000,0,0,0,100000,119000,-19000,-19000
060966,台表科凱基9B購01,0,0,0,0,0,0,0,0,0,-19000,0,0,0,0,19000,-19000,-19000
061111,台表科元大9A購02,0,0,0,0,0,0,0,0,0,-19000,0,0,0,0,19000,-19000,-19000
063012,技嘉元大9B購01  ,0,0,0,0,0,0,0,0,0,-19000,0,0,0,185000,204000,-19000,-19000
062429,A50正2元大9B購01,0,0,0,0,0,0,0,0,0,-19000,0,0,0,1000,20000,-19000,-19000
062346,智邦群益9B購02  ,0,0,0,0,0,0,0,0,0,-19000,0,0,0,38000,57000,-19000,-19000
062293,麗豐永豐9B購01  ,0,0,0,0,0,0,0,0,0,-19000,0,0,0,5000,24000,-19000,-19000
062067,滬深2X元大9B購01,0,0,0,0,0,0,0,0,0,-19000,0,0,0,4000,23000,-19000,-19000
062599,鴻海台新9B購01  ,0,0,0,0,0,0,0,0,0,-19000,0,0,0,0,19000,-19000,-19000
07610P,大立光國票9A售04,0,0,0,0,0,0,0,0,0,-20000,0,0,0,0,20000,-20000,-20000
07640P,國巨群益9A售07  ,0,0,0,0,0,0,0,0,0,-20000,0,0,0,0,20000,-20000,-20000
07690P,華新科元大9A售15,0,0,0,0,0,0,0,0,0,-20000,0,0,0,0,20000,-20000,-20000
07708P,玉晶光元大9A售13,0,0,0,0,0,0,0,0,0,-20000,0,0,0,59000,79000,-20000,-20000
07508P,華新科國票9A售03,0,0,0,0,0,0,0,0,0,-20000,0,0,0,0,20000,-20000,-20000
07491P,臺股指國票9A售09,0,0,0,0,0,0,0,0,0,-20000,0,0,0,0,20000,-20000,-20000
07500P,微星元大9A售01  ,0,0,0,0,0,0,0,0,0,-20000,0,0,0,0,20000,-20000,-20000
07935P,臺股指國票9B售07,0,0,0,0,0,0,0,0,0,-20000,0,0,0,0,20000,-20000,-20000
07888P,大立光國票9B售01,0,0,0,0,0,0,0,0,0,-20000,0,0,0,0,20000,-20000,-20000
07704P,台積電元大9A售25,0,0,0,0,0,0,0,0,0,-20000,0,0,0,0,20000,-20000,-20000
07752P,台灣50元大9C售33,0,0,0,0,0,0,0,0,0,-20000,0,0,0,0,20000,-20000,-20000
07828P,SP黃豆凱基01售01,0,0,0,0,0,0,0,0,0,-20000,0,0,0,0,20000,-20000,-20000
07796P,聯發科國票9A售03,0,0,0,0,0,0,0,0,0,-20000,0,0,0,0,20000,-20000,-20000
07171P,臺股指國票99售08,0,0,0,0,0,0,0,0,0,-20000,0,0,0,0,20000,-20000,-20000
07362P,聯發科元大99售35,0,0,0,0,0,0,0,0,0,-20000,0,0,0,0,20000,-20000,-20000
07318P,鴻海凱基01售02  ,0,0,0,0,0,0,0,0,0,-20000,0,0,0,0,20000,-20000,-20000
07409P,台積電台新99售07,0,0,0,0,0,0,0,0,0,-20000,0,0,0,20000,40000,-20000,-20000
06926P,可成群益9A售04  ,0,0,0,0,0,0,0,0,0,-20000,0,0,0,94000,114000,-20000,-20000
063465,友達元大9C購10  ,0,0,0,0,0,0,0,0,0,-20000,0,0,0,0,20000,-20000,-20000
063651,金像電台新9B購01,0,0,0,0,0,0,0,0,0,-20000,0,0,0,0,20000,-20000,-20000
063809,矽創兆豐01購01  ,0,0,0,0,0,0,0,0,0,-20000,0,0,0,0,20000,-20000,-20000
063787,玉晶光統一01購07,0,0,0,0,0,0,0,0,0,-20000,0,0,0,13000,33000,-20000,-20000
06676P,華新科國票98售03,0,0,0,0,0,0,0,0,0,-20000,0,0,0,0,20000,-20000,-20000
06661P,玉晶光永豐98售05,0,0,0,0,0,0,0,0,0,-20000,0,0,0,6000,26000,-20000,-20000
06597P,國巨富邦9A售05  ,0,0,0,0,0,0,0,0,0,-20000,0,0,0,30000,50000,-20000,-20000
06510P,燿華永豐98售03  ,0,0,0,0,0,0,0,0,0,-20000,0,0,0,0,20000,-20000,-20000
06514P,國巨凱基98售05  ,0,0,0,0,0,0,0,0,0,-20000,0,0,0,0,20000,-20000,-20000
06457P,玉晶光統一98售02,0,0,0,0,0,0,0,0,0,-20000,0,0,0,50000,70000,-20000,-20000
08272P,鴻海元富9C售02  ,0,0,0,0,0,0,0,0,0,-20000,0,0,0,0,20000,-20000,-20000
08275P,南亞科元富9C售01,0,0,0,0,0,0,0,0,0,-20000,0,0,0,0,20000,-20000,-20000
07992P,玉晶光群益01售04,0,0,0,0,0,0,0,0,0,-20000,0,0,0,0,20000,-20000,-20000
2466,冠西電          ,2000,22000,-20000,0,0,0,0,0,0,0,0,0,0,0,0,0,-20000
2486,一詮            ,8000,28000,-20000,0,0,0,0,0,0,0,0,0,0,0,0,0,-20000
5515,建國            ,0,20000,-20000,0,0,0,0,0,0,0,0,0,0,0,0,0,-20000
9908,大台北          ,1000,15000,-14000,0,0,0,0,0,0,-6000,2000,8000,-6000,0,0,0,-20000
052224,楠梓電凱基97購01,0,0,0,0,0,0,0,0,0,-20000,0,0,0,0,20000,-20000,-20000
052203,T50反1中信99購03,0,0,0,0,0,0,0,0,0,-20000,0,0,0,110000,130000,-20000,-20000
052054,台表科凱基96購01,0,0,0,0,0,0,0,0,0,-20000,0,0,0,0,20000,-20000,-20000
054185,喬山永豐96購02  ,0,0,0,0,0,0,0,0,0,-20000,0,0,0,0,20000,-20000,-20000
054142,致伸元大97購01  ,0,0,0,0,0,0,0,0,0,-20000,0,0,0,0,20000,-20000,-20000
054016,嘉晶永豐96購04  ,0,0,0,0,0,0,0,0,0,-20000,0,0,0,0,20000,-20000,-20000
049759,元黃金富邦9A購01,0,0,0,0,0,0,0,0,0,-20000,0,0,0,0,20000,-20000,-20000
050271,上緯控元大96購01,0,0,0,0,0,0,0,0,0,-20000,0,0,0,0,20000,-20000,-20000
046881,智原富邦99購01  ,0,0,0,0,0,0,0,0,0,-20000,0,0,0,0,20000,-20000,-20000
047417,台塑富邦97購01  ,0,0,0,0,0,0,0,0,0,-20000,0,0,0,0,20000,-20000,-20000
051903,T50反1元大97購02,0,0,0,0,0,0,0,0,0,-20000,0,0,0,0,20000,-20000,-20000
051727,S&P反1國票97購01,0,0,0,0,0,0,0,0,0,-20000,0,0,0,0,20000,-20000,-20000
051510,新光金中信97購01,0,0,0,0,0,0,0,0,0,-20000,0,0,0,0,20000,-20000,-20000
051381,玉晶光群益98購01,0,0,0,0,0,0,0,0,0,-20000,0,0,0,30000,50000,-20000,-20000
0052,富邦科技        ,0,0,0,0,0,0,0,0,0,-20000,0,0,0,101000,121000,-20000,-20000
055475,臻鼎凱基97購02  ,0,0,0,0,0,0,0,0,0,-20000,0,0,0,0,20000,-20000,-20000
055435,佳世達中信99購01,0,0,0,0,0,0,0,0,0,-20000,0,0,0,0,20000,-20000,-20000
05649P,矽創國票97售03  ,0,0,0,0,0,0,0,0,0,-20000,0,0,0,0,20000,-20000,-20000
056408,奇鋐國票99購01  ,0,0,0,0,0,0,0,0,0,-20000,0,0,0,0,20000,-20000,-20000
053150,聯發科元大96購11,0,0,0,0,0,0,0,0,0,-20000,0,0,0,270000,290000,-20000,-20000
052491,泰碩國票99購01  ,0,0,0,0,0,0,0,0,0,-20000,0,0,0,0,20000,-20000,-20000
05305P,華新科國泰97售01,0,0,0,0,0,0,0,0,0,-20000,0,0,0,10000,30000,-20000,-20000
057462,光磊永豐98購02  ,0,0,0,0,0,0,0,0,0,-20000,0,0,0,47000,67000,-20000,-20000
054437,欣興台新97購02  ,0,0,0,0,0,0,0,0,0,-20000,0,0,0,0,20000,-20000,-20000
056762,亞德客元大98購01,0,0,0,0,0,0,0,0,0,-20000,0,0,0,50000,70000,-20000,-20000
055905,可成兆豐97購03  ,0,0,0,0,0,0,0,0,0,-20000,0,0,0,0,20000,-20000,-20000
056333,台積電日盛9B購01,0,0,0,0,0,0,0,0,0,-20000,0,0,0,0,20000,-20000,-20000
055246,美律統一98購01  ,0,0,0,0,0,0,0,0,0,-20000,0,0,0,0,20000,-20000,-20000
054777,昇陽半國票98購01,0,0,0,0,0,0,0,0,0,-20000,0,0,0,0,20000,-20000,-20000
054948,聯發科元大97購14,0,0,0,0,0,0,0,0,0,-20000,0,0,0,0,20000,-20000,-20000
054917,聯發科凱基98購05,0,0,0,0,0,0,0,0,0,-20000,0,0,0,0,20000,-20000,-20000
055080,正崴中信99購01  ,0,0,0,0,0,0,0,0,0,-20000,0,0,0,0,20000,-20000,-20000
055096,緯穎群益97購01  ,0,0,0,0,0,0,0,0,0,-20000,0,0,0,0,20000,-20000,-20000
055153,台光電元大98購02,0,0,0,0,0,0,0,0,0,-20000,0,0,0,176000,196000,-20000,-20000
057318,台光電凱基9A購01,0,0,0,0,0,0,0,0,0,-20000,0,0,0,0,20000,-20000,-20000
059735,T50反1元富99購06,0,0,0,0,0,0,0,0,0,-20000,0,0,0,0,20000,-20000,-20000
057104,康友中信99購01  ,0,0,0,0,0,0,0,0,0,-20000,0,0,0,0,20000,-20000,-20000
059793,滬深2X國票99購03,0,0,0,0,0,0,0,0,0,-20000,0,0,0,0,20000,-20000,-20000
057745,泰鼎永豐99購01  ,0,0,0,0,0,0,0,0,0,-20000,0,0,0,26000,46000,-20000,-20000
058767,亞德客兆豐99購01,0,0,0,0,0,0,0,0,0,-20000,0,0,0,1000,21000,-20000,-20000
060538,S&P反1凱基9A購01,0,0,0,0,0,0,0,0,0,-20000,0,0,0,0,20000,-20000,-20000
060548,友達凱基9B購03  ,0,0,0,0,0,0,0,0,0,-20000,0,0,0,0,20000,-20000,-20000
060427,聯茂永豐9A購01  ,0,0,0,0,0,0,0,0,0,-20000,0,0,0,0,20000,-20000,-20000
060435,鈺齊永豐9A購01  ,0,0,0,0,0,0,0,0,0,-20000,0,0,0,0,20000,-20000,-20000
056938,泰碩元富98購01  ,0,0,0,0,0,0,0,0,0,-20000,0,0,0,0,20000,-20000,-20000
057011,日月光中信99購01,0,0,0,0,0,0,0,0,0,-20000,0,0,0,0,20000,-20000,-20000
057023,美律凱基99購02  ,0,0,0,0,0,0,0,0,0,-20000,0,0,0,0,20000,-20000,-20000
06068P,玉晶光康和97售01,0,0,0,0,0,0,0,0,0,-20000,0,0,0,0,20000,-20000,-20000
059649,矽力凱基99購02  ,0,0,0,0,0,0,0,0,0,-20000,0,0,0,0,20000,-20000,-20000
059573,健策凱基9A購02  ,0,0,0,0,0,0,0,0,0,-20000,0,0,0,0,20000,-20000,-20000
058888,元油2X元大99購16,0,0,0,0,0,0,0,0,0,-20000,0,0,0,0,20000,-20000,-20000
058941,華新科中信99購03,0,0,0,0,0,0,0,0,0,-20000,0,0,0,0,20000,-20000,-20000
058966,元油2X日盛99購03,0,0,0,0,0,0,0,0,0,-20000,0,0,0,0,20000,-20000,-20000
058968,T50正2永豐99購01,0,0,0,0,0,0,0,0,0,-20000,0,0,0,0,20000,-20000,-20000
059472,T50正2群益99購01,0,0,0,0,0,0,0,0,0,-20000,0,0,0,0,20000,-20000,-20000
059020,元油2X統一9B購02,0,0,0,0,0,0,0,0,0,-20000,0,0,0,0,20000,-20000,-20000
059059,宏達電凱基99購03,0,0,0,0,0,0,0,0,0,-20000,0,0,0,16000,36000,-20000,-20000
059037,宏達電群益99購02,0,0,0,0,0,0,0,0,0,-20000,0,0,0,17000,37000,-20000,-20000
058048,群創元大9B購07  ,0,0,0,0,0,0,0,0,0,-20000,0,0,0,0,20000,-20000,-20000
058159,健策台新9A購01  ,0,0,0,0,0,0,0,0,0,-20000,0,0,0,3000,23000,-20000,-20000
058338,康友元富99購01  ,0,0,0,0,0,0,0,0,0,-20000,0,0,0,20000,40000,-20000,-20000
059347,京鼎凱基99購02  ,0,0,0,0,0,0,0,0,0,-20000,0,0,0,1000,21000,-20000,-20000
059323,新日興元大99購02,0,0,0,0,0,0,0,0,0,-20000,0,0,0,10000,30000,-20000,-20000
059286,S&P正2元富01購03,0,0,0,0,0,0,0,0,0,-20000,0,0,0,0,20000,-20000,-20000
062603,台化凱基9B購01  ,0,0,0,0,0,0,0,0,0,-20000,0,0,0,10000,30000,-20000,-20000
062616,玉晶光元大9C購06,0,0,0,0,0,0,0,0,0,-20000,0,0,0,0,20000,-20000,-20000
062760,漢唐凱基9B購01  ,0,0,0,0,0,0,0,0,0,-20000,0,0,0,10000,30000,-20000,-20000
062942,嘉澤凱基9B購02  ,0,0,0,0,0,0,0,0,0,-20000,0,0,0,35000,55000,-20000,-20000
062041,華擎凱基9C購01  ,0,0,0,0,0,0,0,0,0,-20000,0,0,0,0,20000,-20000,-20000
062322,元金2X統一01購01,0,0,0,0,0,0,0,0,0,-20000,0,0,0,0,20000,-20000,-20000
06254P,臺股指群益97售07,0,0,0,0,0,0,0,0,0,-20000,0,0,0,0,20000,-20000,-20000
061282,台積電統一9C購06,0,0,0,0,0,0,0,0,0,-20000,0,0,0,0,20000,-20000,-20000
061310,華新科麥證9A購01,0,0,0,0,20000,-20000,0,0,0,-20000,0,0,0,0,20000,-20000,-20000
060370,滬深2X元富04購01,0,0,0,0,0,0,0,0,0,-20000,0,0,0,0,20000,-20000,-20000
061481,嘉澤元大9A購03  ,0,0,0,0,0,0,0,0,0,-20000,0,0,0,28000,48000,-20000,-20000
061012,國巨麥證9A購03  ,0,0,0,0,20000,-20000,0,0,0,-20000,0,0,0,0,20000,-20000,-20000
061065,神基凱基9A購01  ,0,0,0,0,0,0,0,0,0,-20000,0,0,0,30000,50000,-20000,-20000
060798,旭富永豐9A購01  ,0,0,0,0,0,0,0,0,0,-20000,0,0,0,0,20000,-20000,-20000
060899,超眾凱基9A購01  ,0,0,0,0,0,0,0,0,0,-20000,0,0,0,0,20000,-20000,-20000
061737,南亞科凱基9B購01,0,0,0,0,0,0,0,0,0,-20000,0,0,0,10000,30000,-20000,-20000
07949P,滬深2X元大9B售04,0,0,0,0,0,0,0,0,0,-21000,0,0,0,0,21000,-21000,-21000
063603,友達凱基9B購05  ,0,0,0,0,0,0,0,0,0,-21000,0,0,0,21000,42000,-21000,-21000
063481,緯穎元大9B購08  ,0,0,0,0,0,0,0,0,0,-21000,0,0,0,35000,56000,-21000,-21000
06991P,矽創群益99售01  ,0,0,0,0,0,0,0,0,0,-21000,0,0,0,0,21000,-21000,-21000
07170P,臺股指國票99售07,0,0,0,0,0,0,0,0,0,-21000,0,0,0,307000,328000,-21000,-21000
07717P,臺股指群益9A售06,0,0,0,0,0,0,0,0,0,-21000,0,0,0,0,21000,-21000,-21000
054941,凱美元大97購01  ,0,0,0,0,0,0,0,0,0,-21000,0,0,0,0,21000,-21000,-21000
055568,緯穎凱基97購02  ,0,0,0,0,0,0,0,0,0,-21000,0,0,0,17000,38000,-21000,-21000
055753,貿聯第一98購01  ,0,0,0,0,0,0,0,0,0,-21000,0,0,0,0,21000,-21000,-21000
056281,深中小永豐97購01,0,0,0,0,0,0,0,0,0,-21000,0,0,0,11000,32000,-21000,-21000
054471,T50反1中信9C購01,0,0,0,0,0,0,0,0,0,-21000,0,0,0,4000,25000,-21000,-21000
057424,訊芯凱基98購04  ,0,0,0,0,0,0,0,0,0,-21000,0,0,0,0,21000,-21000,-21000
060150,華通富邦9B購01  ,0,0,0,0,0,0,0,0,0,-21000,0,0,0,0,21000,-21000,-21000
054297,台郡元大98購01  ,0,0,0,0,0,0,0,0,0,-21000,0,0,0,0,21000,-21000,-21000
055399,超眾統一99購01  ,0,0,0,0,0,0,0,0,0,-21000,0,0,0,0,21000,-21000,-21000
058569,健策凱基9A購01  ,0,0,0,0,0,0,0,0,0,-21000,0,0,0,2000,23000,-21000,-21000
059072,元油2X元大9C購13,0,0,0,0,0,0,0,0,0,-21000,0,0,0,0,21000,-21000,-21000
059867,華邦電凱基99購02,0,0,0,0,0,0,0,0,0,-21000,0,0,0,0,21000,-21000,-21000
059984,華新科元大99購21,0,0,0,0,0,0,0,0,0,-21000,0,0,0,26000,47000,-21000,-21000
060056,大立光凱基9B購01,0,0,0,0,0,0,0,0,0,-21000,0,0,0,29000,50000,-21000,-21000
057288,聯茂元大98購03  ,0,0,0,0,0,0,0,0,0,-21000,0,0,0,13000,34000,-21000,-21000
060898,世芯凱基9A購03  ,0,0,0,0,0,0,0,0,0,-21000,0,0,0,2000,23000,-21000,-21000
061020,超眾國票9A購02  ,0,0,0,0,0,0,0,0,0,-21000,0,0,0,30000,51000,-21000,-21000
061083,京元電兆豐9A購01,0,0,0,0,0,0,0,0,0,-21000,0,0,0,9000,30000,-21000,-21000
061581,貿聯元大9A購05  ,0,0,0,0,0,0,0,0,0,-21000,0,0,0,63000,84000,-21000,-21000
060361,南亞科元富9A購03,0,0,0,0,0,0,0,0,0,-21000,0,0,0,110000,131000,-21000,-21000
062477,聯詠國票9B購01  ,0,0,0,0,0,0,0,0,0,-21000,0,0,0,0,21000,-21000,-21000
062268,力山群益9B購01  ,0,0,0,0,0,0,0,0,0,-21000,0,0,0,1000,22000,-21000,-21000
07729P,臺股指凱基9A售21,0,0,0,0,0,0,0,0,0,-22000,0,0,0,40000,62000,-22000,-22000
07762P,聯發科永豐9A售03,0,0,0,0,0,0,0,0,0,-22000,0,0,0,0,22000,-22000,-22000
07292P,臺股指凱基99售44,0,0,0,0,0,0,0,0,0,-22000,0,0,0,0,22000,-22000,-22000
063567,漢唐元大9B購03  ,1000,0,1000,0,0,0,0,0,0,-23000,0,0,0,122000,145000,-23000,-22000
08069P,大立光國泰01售02,0,0,0,0,0,0,0,0,0,-22000,0,0,0,0,22000,-22000,-22000
08674P,嘉晶元富07售02  ,0,0,0,0,0,0,0,0,0,-22000,0,0,0,0,22000,-22000,-22000
6214,精誠            ,163000,181000,-18000,0,0,0,0,0,0,-4000,0,4000,-4000,0,0,0,-22000
3040,遠見            ,38000,60000,-22000,0,0,0,0,0,0,0,0,0,0,0,0,0,-22000
3149,正達            ,20000,42000,-22000,0,0,0,0,0,0,0,0,0,0,0,0,0,-22000
2882B,國泰金乙特      ,0,0,0,0,0,0,0,0,0,-22000,3000,25000,-22000,0,0,0,-22000
04731P,臺股指中信96售03,0,0,0,0,0,0,0,0,0,-22000,0,0,0,16000,38000,-22000,-22000
049335,聯電統一97購01  ,0,0,0,0,0,0,0,0,0,-22000,0,0,0,0,22000,-22000,-22000
058447,玉晶光富邦9A購02,0,0,0,0,0,0,0,0,0,-22000,0,0,0,40000,62000,-22000,-22000
057486,美律元大98購04  ,0,0,0,0,0,0,0,0,0,-22000,0,0,0,68000,90000,-22000,-22000
05624P,同欣電中信98售01,0,0,0,0,0,0,0,0,0,-22000,0,0,0,0,22000,-22000,-22000
055748,GIS元富97購01   ,0,0,0,0,0,0,0,0,0,-22000,0,0,0,94000,116000,-22000,-22000
06847P,奇力新元大98售05,0,0,0,0,0,0,0,0,0,-22000,0,0,0,2000,24000,-22000,-22000
06848P,聯詠元大98售04  ,0,0,0,0,0,0,0,0,0,-22000,0,0,0,0,22000,-22000,-22000
056936,禾伸堂元富98購01,0,0,0,0,0,0,0,0,0,-22000,0,0,0,24000,46000,-22000,-22000
058808,大成鋼統一9B購01,0,0,0,0,0,0,0,0,0,-22000,0,0,0,10000,32000,-22000,-22000
058570,臻鼎凱基9A購01  ,0,0,0,0,0,0,0,0,0,-22000,0,0,0,0,22000,-22000,-22000
058333,鴻海元富99購04  ,0,0,0,0,0,0,0,0,0,-22000,0,0,0,0,22000,-22000,-22000
057983,緯穎永豐98購03  ,0,0,0,0,0,0,0,0,0,-22000,0,0,0,76000,98000,-22000,-22000
058245,訊連元大99購01  ,0,0,0,0,0,0,0,0,0,-22000,0,0,0,50000,72000,-22000,-22000
06240P,奇力新元富97售03,0,0,0,0,0,0,0,0,0,-22000,0,0,0,100000,122000,-22000,-22000
062531,大立光統一9C購06,0,0,0,0,0,0,0,0,0,-22000,0,0,0,20000,42000,-22000,-22000
062514,玉晶光國票9C購02,0,0,0,0,0,0,0,0,0,-22000,0,0,0,8000,30000,-22000,-22000
062159,聯詠凱基9B購01  ,0,0,0,0,0,0,0,0,0,-22000,0,0,0,8000,30000,-22000,-22000
063509,超眾群益9B購03  ,0,0,0,0,0,0,0,0,0,-22000,0,0,0,0,22000,-22000,-22000
061361,世紀鋼兆豐9A購01,0,0,0,0,0,0,0,0,0,-22000,0,0,0,183000,205000,-22000,-22000
060835,亞德客國票9A購01,0,0,0,0,0,0,0,0,0,-22000,0,0,0,1000,23000,-22000,-22000
060266,潤泰全國票9A購01,0,0,0,0,0,0,0,0,0,-22000,0,0,0,24000,46000,-22000,-22000
06161P,聯發科群益97售03,0,0,0,0,0,0,0,0,0,-22000,0,0,0,31000,53000,-22000,-22000
6183,關貿            ,11000,29000,-18000,0,0,0,0,0,0,-5000,1000,6000,-5000,0,0,0,-23000
07987P,大立光統一9B售13,0,0,0,0,0,0,0,0,0,-23000,0,0,0,0,23000,-23000,-23000
08040P,臺股指群益9B售13,0,0,0,0,0,0,0,0,0,-23000,0,0,0,12000,35000,-23000,-23000
1732,毛寶            ,181000,204000,-23000,0,0,0,0,0,0,0,0,0,0,0,0,0,-23000
1903,士紙            ,8000,31000,-23000,0,0,0,0,0,0,0,0,0,0,0,0,0,-23000
2109,華豐            ,0,23000,-23000,0,0,0,0,0,0,0,0,0,0,0,0,0,-23000
06621P,欣興元大98售06  ,0,0,0,0,0,0,0,0,0,-23000,0,0,0,0,23000,-23000,-23000
07127P,精元元大99售01  ,0,0,0,0,0,0,0,0,0,-23000,0,0,0,88000,111000,-23000,-23000
07609P,台灣50國票9C售04,0,0,0,0,0,0,0,0,0,-23000,0,0,0,0,23000,-23000,-23000
055029,帆宣國泰99購01  ,0,0,0,0,0,0,0,0,0,-23000,0,0,0,18000,41000,-23000,-23000
054547,鴻海凱基98購02  ,0,0,0,0,0,0,0,0,0,-23000,0,0,0,123000,146000,-23000,-23000
059206,元石油元大99購02,0,0,0,0,0,0,0,0,0,-23000,0,0,0,0,23000,-23000,-23000
057450,國泰金元富98購01,0,0,0,0,0,0,0,0,0,-23000,0,0,0,180000,203000,-23000,-23000
054046,義隆元大96購02  ,0,0,0,0,0,0,0,0,0,-23000,0,0,0,2000,25000,-23000,-23000
05131P,聯詠統一97售01  ,0,0,0,0,0,0,0,0,0,-23000,0,0,0,60000,83000,-23000,-23000
051582,聯發科元大97購02,0,0,0,0,0,0,0,0,0,-23000,0,0,0,0,23000,-23000,-23000
03442B,臺股指元大9A熊48,0,0,0,0,0,0,0,0,0,-23000,0,0,0,103000,126000,-23000,-23000
055394,健策統一97購01  ,0,0,0,0,0,0,0,0,0,-23000,0,0,0,10000,33000,-23000,-23000
058247,聯茂元大99購04  ,0,0,0,0,0,0,0,0,0,-23000,0,0,0,52000,75000,-23000,-23000
058191,祥碩永豐99購01  ,0,0,0,0,0,0,0,0,0,-23000,0,0,0,32000,55000,-23000,-23000
058053,上銀統一9B購01  ,0,0,0,0,0,0,0,0,0,-23000,0,0,0,46000,69000,-23000,-23000
05911P,南亞科永豐96售03,0,0,0,0,0,0,0,0,0,-23000,0,0,0,4000,27000,-23000,-23000
06885P,國巨國票99售06  ,0,0,0,0,0,0,0,0,0,-23000,0,0,0,0,23000,-23000,-23000
061160,瑞祺群益9A購01  ,0,0,0,0,0,0,0,0,0,-23000,0,0,0,42000,65000,-23000,-23000
061048,國巨中信9A購05  ,0,0,0,0,0,0,0,0,0,-23000,0,0,0,22000,45000,-23000,-23000
061930,臺股指凱基9B購05,0,0,0,0,0,0,0,0,0,-23000,0,0,0,0,23000,-23000,-23000
062255,聯發科元大9B購07,0,0,0,0,0,0,0,0,0,-23000,0,0,0,46000,69000,-23000,-23000
062738,可成國票9B購02  ,0,0,0,0,0,0,0,0,0,-23000,0,0,0,10000,33000,-23000,-23000
07872P,聯發科群益9B售03,0,0,0,0,0,0,0,0,0,-24000,0,0,0,0,24000,-24000,-24000
06755P,大立光永豐98售03,0,0,0,0,0,0,0,0,0,-24000,0,0,0,0,24000,-24000,-24000
07208P,台積電凱基99售14,0,0,0,0,0,0,0,0,0,-24000,0,0,0,0,24000,-24000,-24000
063605,健策凱基9C購02  ,0,0,0,0,0,0,0,0,0,-24000,0,0,0,12000,36000,-24000,-24000
063403,鈺齊群益9B購01  ,0,0,0,0,0,0,0,0,0,-24000,0,0,0,0,24000,-24000,-24000
2484,希華            ,80000,104000,-24000,0,0,0,0,0,0,0,0,0,0,0,0,0,-24000
2415,錩新            ,32000,56000,-24000,0,0,0,0,0,0,0,0,0,0,0,0,0,-24000
07996P,亞德客凱基9B售03,0,0,0,0,0,0,0,0,0,-24000,0,0,0,210000,234000,-24000,-24000
8404,百和興業-KY     ,40000,64000,-24000,0,0,0,0,0,0,0,0,0,0,0,0,0,-24000
2727,王品            ,92000,116000,-24000,0,0,0,0,0,0,0,0,0,0,0,0,0,-24000
4551,智伸科          ,94000,90000,4000,0,0,0,10000,34000,-24000,-4000,5000,8000,-3000,0,1000,-1000,-24000
055960,義隆元大97購01  ,0,0,0,0,0,0,0,0,0,-24000,0,0,0,260000,284000,-24000,-24000
056132,台光電元大97購03,0,0,0,0,0,0,0,0,0,-24000,0,0,0,6000,30000,-24000,-24000
055295,瀚宇博元大97購02,0,0,0,0,0,0,0,0,0,-24000,0,0,0,111000,135000,-24000,-24000
057938,台表科群益98購02,0,0,0,0,0,0,0,0,0,-24000,0,0,0,0,24000,-24000,-24000
05873P,華通群益97售02  ,0,0,0,0,0,0,0,0,0,-24000,0,0,0,0,24000,-24000,-24000
058697,亞德客元大99購01,0,0,0,0,0,0,0,0,0,-24000,0,0,0,0,24000,-24000,-24000
059536,新光金凱基99購05,0,0,0,0,0,0,0,0,0,-24000,0,0,0,76000,100000,-24000,-24000
057963,緯穎元大98購08  ,0,0,0,0,0,0,0,0,0,-24000,0,0,0,31000,55000,-24000,-24000
062701,漢唐元大9B購01  ,0,0,0,0,0,0,0,0,0,-24000,0,0,0,189000,213000,-24000,-24000
062610,啟碁凱基9B購01  ,0,0,0,0,0,0,0,0,0,-24000,0,0,0,274000,298000,-24000,-24000
062235,億光凱基9B購01  ,0,0,0,0,0,0,0,0,0,-24000,0,0,0,155000,179000,-24000,-24000
060762,長榮航元大9A購02,0,0,0,0,0,0,0,0,0,-24000,0,0,0,26000,50000,-24000,-24000
061192,奇鋐永豐9A購01  ,0,0,0,0,0,0,0,0,0,-24000,0,0,0,166000,190000,-24000,-24000
2496,卓越            ,122,24222,-24100,0,0,0,0,0,0,0,0,0,0,0,0,0,-24100
4164,承業醫          ,18000,43000,-25000,0,0,0,0,0,0,0,0,0,0,0,0,0,-25000
2838,聯邦銀          ,181000,210000,-29000,0,0,0,0,0,0,4000,4000,0,4000,0,0,0,-25000
2850,新產            ,20000,10000,10000,0,0,0,0,5000,-5000,-30000,0,30000,-30000,0,0,0,-25000
3004,豐達科          ,33000,58000,-25000,0,0,0,0,0,0,0,0,0,0,0,0,0,-25000
9942,茂順            ,10000,35000,-25000,0,0,0,0,0,0,0,0,0,0,0,0,0,-25000
063377,泰鼎永豐9B購03  ,0,0,0,0,0,0,0,0,0,-25000,0,0,0,135000,160000,-25000,-25000
063781,健策永豐9B購08  ,0,0,0,0,0,0,0,0,0,-25000,0,0,0,11000,36000,-25000,-25000
063726,鴻海元大9B購04  ,0,0,0,0,0,0,0,0,0,-25000,0,0,0,33000,58000,-25000,-25000
07276P,臺股指群益99售19,0,0,0,0,0,0,0,0,0,-25000,0,0,0,35000,60000,-25000,-25000
07423P,大立光元大99售33,0,0,0,0,0,0,0,0,0,-25000,0,0,0,0,25000,-25000,-25000
07341P,台積電凱基99售18,0,0,0,0,0,0,0,0,0,-25000,0,0,0,3000,28000,-25000,-25000
056583,昇陽半元大98購02,0,0,0,0,0,0,0,0,0,-25000,0,0,0,50000,75000,-25000,-25000
057454,上銀國泰99購02  ,0,0,0,0,0,0,0,0,0,-25000,0,0,0,1000,26000,-25000,-25000
057431,京鼎兆豐98購02  ,0,0,0,0,0,0,0,0,0,-25000,0,0,0,0,25000,-25000,-25000
059254,台表科凱基9A購02,0,0,0,0,0,0,0,0,0,-25000,0,0,0,1000,26000,-25000,-25000
052837,友達國泰97購01  ,0,0,0,0,0,0,0,0,0,-25000,0,0,0,0,25000,-25000,-25000
053254,群創國泰98購02  ,0,0,0,0,0,0,0,0,0,-25000,0,0,0,0,25000,-25000,-25000
058086,鴻海元大98購14  ,0,0,0,0,0,0,0,0,0,-25000,0,0,0,13000,38000,-25000,-25000
058217,新唐群益99購01  ,0,0,0,0,0,0,0,0,0,-25000,0,0,0,0,25000,-25000,-25000
058498,世紀鋼群益99購01,0,0,0,0,0,0,0,0,0,-25000,0,0,0,60000,85000,-25000,-25000
057492,大立光元大98購18,0,0,0,0,0,0,0,0,0,-25000,0,0,0,0,25000,-25000,-25000
059875,信邦凱基99購02  ,0,0,0,0,0,0,0,0,0,-25000,0,0,0,1000,26000,-25000,-25000
059828,健策凱基99購05  ,0,0,0,0,0,0,0,0,0,-25000,0,0,0,5000,30000,-25000,-25000
057071,華擎永豐98購02  ,0,0,0,0,0,0,0,0,0,-25000,0,0,0,25000,50000,-25000,-25000
06853P,華擎元富98售03  ,0,0,0,0,0,0,0,0,0,-25000,0,0,0,88000,113000,-25000,-25000
057055,立積元大99購01  ,0,0,0,0,0,0,0,0,0,-25000,0,0,0,100000,125000,-25000,-25000
060499,鴻海元大9A購11  ,0,0,0,0,0,0,0,0,0,-25000,0,0,0,12000,37000,-25000,-25000
060461,鴻海元大9A購09  ,0,0,0,0,0,0,0,0,0,-25000,0,0,0,0,25000,-25000,-25000
061865,力山元大9B購01  ,0,0,0,0,0,0,0,0,0,-25000,0,0,0,194000,219000,-25000,-25000
062264,南六元大9B購02  ,0,0,0,0,0,0,0,0,0,-25000,0,0,0,133000,158000,-25000,-25000
06230P,亞德客永豐97售03,0,0,0,0,0,0,0,0,0,-25000,0,0,0,50000,75000,-25000,-25000
062355,華通元大9B購03  ,0,0,0,0,0,0,0,0,0,-25000,0,0,0,116000,141000,-25000,-25000
062047,緯穎凱基9B購01  ,0,0,0,0,0,0,0,0,0,-25000,0,0,0,18000,43000,-25000,-25000
062857,SP黃豆國票9C購01,0,0,0,0,0,0,0,0,0,-25000,0,0,0,0,25000,-25000,-25000
062973,聯發科元富05購01,0,0,0,0,0,0,0,0,0,-25000,0,0,0,28000,53000,-25000,-25000
063122,聯發科元大9B購15,0,0,0,0,0,0,0,0,0,-25000,0,0,0,17000,42000,-25000,-25000
06634P,欣興國票98售02  ,0,0,0,0,0,0,0,0,0,-26000,0,0,0,15000,41000,-26000,-26000
063631,燿華元大9B購06  ,0,0,0,0,0,0,0,0,0,-26000,0,0,0,119000,145000,-26000,-26000
5706,鳳凰            ,2000,28000,-26000,0,0,0,0,0,0,0,0,0,0,0,0,0,-26000
6112,聚碩            ,67000,93000,-26000,0,0,0,0,0,0,0,0,0,0,0,0,0,-26000
054418,茂林元大97購01  ,0,0,0,0,0,0,0,0,0,-26000,0,0,0,17000,43000,-26000,-26000
055468,智邦凱基97購04  ,0,0,0,0,0,0,0,0,0,-26000,0,0,0,0,26000,-26000,-26000
00660,元大歐洲50      ,0,0,0,0,0,0,0,0,0,-26000,0,0,0,82000,108000,-26000,-26000
00766L,台新MSCI中國正2 ,0,0,0,0,0,0,0,0,0,-26000,0,0,0,300000,326000,-26000,-26000
057455,景碩國泰99購01  ,0,0,0,0,0,0,0,0,0,-26000,0,0,0,87000,113000,-26000,-26000
057466,泰鼎永豐98購01  ,0,0,0,0,0,0,0,0,0,-26000,0,0,0,30000,56000,-26000,-26000
056124,華通國票98購02  ,0,0,0,0,0,0,0,0,0,-26000,0,0,0,28000,54000,-26000,-26000
057279,國揚元大98購01  ,0,0,0,0,0,0,0,0,0,-26000,0,0,0,164000,190000,-26000,-26000
059991,超眾元大9A購02  ,0,0,0,0,0,0,0,0,0,-26000,0,0,0,4000,30000,-26000,-26000
059466,國巨元大99購26  ,0,0,0,0,0,0,0,0,0,-26000,0,0,0,1000,27000,-26000,-26000
059054,國巨凱基99購11  ,0,0,0,0,0,0,0,0,0,-26000,0,0,0,48000,74000,-26000,-26000
059284,緯穎永豐99購03  ,0,0,0,0,0,0,0,0,0,-26000,0,0,0,0,26000,-26000,-26000
063065,聯發科麥證9C購01,0,0,0,0,26000,-26000,0,0,0,-26000,0,0,0,0,26000,-26000,-26000
063298,統一凱基9B購01  ,0,0,0,0,0,0,0,0,0,-26000,0,0,0,24000,50000,-26000,-26000
063294,美律麥證9B購01  ,0,0,0,0,26000,-26000,0,0,0,-26000,0,0,0,0,26000,-26000,-26000
062745,聯詠永豐9B購01  ,0,0,0,0,0,0,0,0,0,-26000,0,0,0,87000,113000,-26000,-26000
063011,台積電元大9C購01,0,0,0,0,0,0,0,0,0,-26000,0,0,0,36000,62000,-26000,-26000
061146,台表科中信9A購02,0,0,0,0,0,0,0,0,0,-26000,0,0,0,25000,51000,-26000,-26000
2547,日勝生          ,83000,111920,-28920,0,0,0,0,0,0,2000,2000,0,2000,0,0,0,-26920
8499,鼎炫-KY         ,7000,54000,-47000,0,0,0,20000,0,20000,0,0,0,0,0,0,0,-27000
1709,和益            ,52000,81000,-29000,0,0,0,0,0,0,2000,2000,0,2000,0,0,0,-27000
06570P,大立光永豐98售01,0,0,0,0,0,0,0,0,0,-27000,0,0,0,0,27000,-27000,-27000
06378P,國巨統一97售08  ,0,0,0,0,0,0,0,0,0,-27000,0,0,0,0,27000,-27000,-27000
07842P,力成元大9A售01  ,0,0,0,0,0,0,0,0,0,-27000,0,0,0,1000,28000,-27000,-27000
07756P,台灣50國票04售01,0,0,0,0,0,0,0,0,0,-27000,0,0,0,0,27000,-27000,-27000
060166,佐登永豐9A購01  ,0,0,0,0,0,0,0,0,0,-27000,0,0,0,10000,37000,-27000,-27000
05634P,玉晶光台新97售01,0,0,0,0,0,0,0,0,0,-27000,0,0,0,0,27000,-27000,-27000
04462P,全新元富96售01  ,0,0,0,0,0,0,0,0,0,-27000,0,0,0,0,27000,-27000,-27000
056433,鴻海凱基98購09  ,0,0,0,0,0,0,0,0,0,-27000,0,0,0,28000,55000,-27000,-27000
053644,台表科國票97購03,0,0,0,0,0,0,0,0,0,-27000,0,0,0,3000,30000,-27000,-27000
057072,日月光永豐98購01,0,0,0,0,0,0,0,0,0,-27000,0,0,0,57000,84000,-27000,-27000
058705,長榮航元大99購01,0,0,0,0,0,0,0,0,0,-27000,0,0,0,41000,68000,-27000,-27000
06282P,聯鈞永豐97售02  ,0,0,0,0,0,0,0,0,0,-27000,0,0,0,0,27000,-27000,-27000
07814P,華通群益9A售06  ,0,0,0,0,0,0,0,0,0,-28000,0,0,0,0,28000,-28000,-28000
06750P,聯發科元富02售03,0,0,0,0,0,0,0,0,0,-28000,0,0,0,12000,40000,-28000,-28000
063845,旺宏元大9C購03  ,0,0,0,0,0,0,0,0,0,-28000,0,0,0,0,28000,-28000,-28000
06551P,貿聯元大98售05  ,0,0,0,0,0,0,0,0,0,-28000,0,0,0,57000,85000,-28000,-28000
063384,巨大永豐9B購04  ,0,0,0,0,0,0,0,0,0,-28000,0,0,0,189000,217000,-28000,-28000
063462,金像電元大9C購01,0,0,0,0,0,0,0,0,0,-28000,0,0,0,12000,40000,-28000,-28000
2059,川湖            ,52000,80000,-28000,0,0,0,0,0,0,0,1000,1000,0,0,0,0,-28000
2444,兆勁            ,0,28000,-28000,0,0,0,0,0,0,0,0,0,0,0,0,0,-28000
08045P,健策國票9B售01  ,0,0,0,0,0,0,0,0,0,-28000,0,0,0,10000,38000,-28000,-28000
9946,三發地產        ,0,28000,-28000,0,0,0,0,0,0,0,0,0,0,0,0,0,-28000
9939,宏全            ,162000,156000,6000,0,0,0,0,2000,-2000,-32000,1000,0,1000,0,33000,-33000,-28000
6449,鈺邦            ,3000,32000,-29000,0,0,0,0,0,0,1000,2000,1000,1000,0,0,0,-28000
053979,健策元大98購01  ,0,0,0,0,0,0,0,0,0,-28000,0,0,0,0,28000,-28000,-28000
051929,GIS中信96購01   ,0,0,0,0,0,0,0,0,0,-28000,0,0,0,122000,150000,-28000,-28000
052077,可成元富98購02  ,0,0,0,0,0,0,0,0,0,-28000,0,0,0,1000,29000,-28000,-28000
057447,智邦元富02購01  ,0,0,0,0,0,0,0,0,0,-28000,0,0,0,52000,80000,-28000,-28000
056552,台表科凱基99購01,0,0,0,0,0,0,0,0,0,-28000,0,0,0,41000,69000,-28000,-28000
057357,超眾統一98購01  ,0,0,0,0,0,0,0,0,0,-28000,0,0,0,603000,631000,-28000,-28000
060501,鴻海元大9A購13  ,0,0,0,0,0,0,0,0,0,-28000,0,0,0,42000,70000,-28000,-28000
060555,台表科凱基9A購03,0,0,0,0,0,0,0,0,0,-28000,0,0,0,0,28000,-28000,-28000
060775,世芯凱基9A購02  ,0,0,0,0,0,0,0,0,0,-28000,0,0,0,4000,32000,-28000,-28000
059014,SGBR2X元富03購01,0,0,0,0,0,0,0,0,0,-28000,0,0,0,2000,30000,-28000,-28000
062167,燿華永豐9B購01  ,0,0,0,0,0,0,0,0,0,-28000,0,0,0,0,28000,-28000,-28000
06239P,奇力新元大97售08,0,0,0,0,0,0,0,0,0,-28000,0,0,0,2000,30000,-28000,-28000
061253,臺股指群益9A購04,0,0,0,0,0,0,0,0,0,-28000,0,0,0,2000,30000,-28000,-28000
060346,華新科統一01購01,0,0,0,0,0,0,0,0,0,-28000,0,0,0,47000,75000,-28000,-28000
3003,健和興          ,68000,100000,-32000,0,0,0,0,0,0,3000,4000,0,4000,0,1000,-1000,-29000
4763,材料-KY         ,5000,34000,-29000,0,0,0,0,0,0,0,1000,1000,0,0,0,0,-29000
4144,康聯-KY         ,4000,33000,-29000,0,0,0,0,0,0,0,0,0,0,0,0,0,-29000
3419,譁裕            ,3000,32000,-29000,0,0,0,0,0,0,0,0,0,0,0,0,0,-29000
08015P,可成凱基9B售05  ,0,0,0,0,0,0,0,0,0,-29000,0,0,0,100000,129000,-29000,-29000
063689,可成永豐9B購04  ,0,0,0,0,0,0,0,0,0,-29000,0,0,0,16000,45000,-29000,-29000
07055P,景碩群益9A售02  ,0,0,0,0,0,0,0,0,0,-29000,0,0,0,0,29000,-29000,-29000
07728P,臺股指凱基9A售20,0,0,0,0,0,0,0,0,0,-29000,0,0,0,59000,88000,-29000,-29000
07672P,南電元大9A售05  ,0,0,0,0,0,0,0,0,0,-29000,0,0,0,0,29000,-29000,-29000
054807,台化元大9A購02  ,0,0,0,0,0,0,0,0,0,-29000,0,0,0,171000,200000,-29000,-29000
054811,裕隆元大9A購01  ,0,0,0,0,0,0,0,0,0,-29000,0,0,0,21000,50000,-29000,-29000
055713,國巨元大98購09  ,0,0,0,0,0,0,0,0,0,-29000,0,0,0,12000,41000,-29000,-29000
055714,智邦元大97購03  ,0,0,0,0,0,0,0,0,0,-29000,0,0,0,9000,38000,-29000,-29000
05631P,國巨富邦9A售01  ,0,0,0,0,0,0,0,0,0,-29000,0,0,0,1000,30000,-29000,-29000
056169,鴻海元富97購08  ,0,0,0,0,0,0,0,0,0,-29000,0,0,0,42000,71000,-29000,-29000
055953,上銀元大97購09  ,0,0,0,0,0,0,0,0,0,-29000,0,0,0,21000,50000,-29000,-29000
059008,鈺齊元大99購03  ,0,0,0,0,0,0,0,0,0,-29000,0,0,0,90000,119000,-29000,-29000
059879,GIS凱基99購03   ,0,0,0,0,0,0,0,0,0,-29000,0,0,0,10000,39000,-29000,-29000
058203,信邦凱基99購01  ,0,0,0,0,0,0,0,0,0,-29000,0,0,0,105000,134000,-29000,-29000
060914,健策元大9A購03  ,0,0,0,0,0,0,0,0,0,-29000,0,0,0,41000,70000,-29000,-29000
062353,亞德客元大9B購01,0,0,0,0,0,0,0,0,0,-29000,0,0,0,49000,78000,-29000,-29000
062881,緯創兆豐9C購01  ,0,0,0,0,0,0,0,0,0,-29000,0,0,0,534000,563000,-29000,-29000
062904,台光電元大9B購06,0,0,0,0,0,0,0,0,0,-29000,0,0,0,21000,50000,-29000,-29000
063219,友達群益9B購03  ,0,0,0,0,0,0,0,0,0,-29000,0,0,0,62000,91000,-29000,-29000
07694P,超眾元大9A售05  ,0,0,0,0,0,0,0,0,0,-30000,0,0,0,10000,40000,-30000,-30000
07458P,長榮航元大9A售01,0,0,0,0,0,0,0,0,0,-30000,0,0,0,0,30000,-30000,-30000
07544P,大立光凱基9A售09,0,0,0,0,0,0,0,0,0,-30000,0,0,0,0,30000,-30000,-30000
07576P,可成元大9A售01  ,0,0,0,0,0,0,0,0,0,-30000,0,0,0,130000,160000,-30000,-30000
07773P,台灣50群益9A售15,0,0,0,0,0,0,0,0,0,-30000,0,0,0,0,30000,-30000,-30000
07873P,華新科群益9B售03,0,0,0,0,0,0,0,0,0,-30000,0,0,0,0,30000,-30000,-30000
07904P,聯發科群益9B售05,0,0,0,0,0,0,0,0,0,-30000,0,0,0,95000,125000,-30000,-30000
06921P,台光電凱基98售06,0,0,0,0,0,0,0,0,0,-30000,0,0,0,0,30000,-30000,-30000
06771P,台灣50中信02售01,0,0,0,0,0,0,0,0,0,-30000,0,0,0,0,30000,-30000,-30000
07319P,台積電凱基01售02,0,0,0,0,0,0,0,0,0,-30000,0,0,0,25000,55000,-30000,-30000
07419P,聯發科元大99售46,0,0,0,0,0,0,0,0,0,-30000,0,0,0,0,30000,-30000,-30000
063714,超眾凱基9B購03  ,0,0,0,0,0,0,0,0,0,-30000,0,0,0,0,30000,-30000,-30000
063816,TPK群益9C購01   ,0,0,0,0,0,0,0,0,0,-30000,0,0,0,406000,436000,-30000,-30000
063868,嘉晶永豐9C購01  ,0,0,0,0,0,0,0,0,0,-30000,0,0,0,0,30000,-30000,-30000
06690P,玉晶光群益9A售05,0,0,0,0,0,0,0,0,0,-30000,0,0,0,0,30000,-30000,-30000
063431,神隆元富9B購01  ,0,0,0,0,0,0,0,0,0,-30000,0,0,0,0,30000,-30000,-30000
063362,台表科國泰01購03,0,0,0,0,0,0,0,0,0,-30000,0,0,0,0,30000,-30000,-30000
063336,大成鋼統一9C購02,0,0,0,0,0,0,0,0,0,-30000,0,0,0,0,30000,-30000,-30000
08084P,台表科元大9B售06,0,0,0,0,0,0,0,0,0,-30000,0,0,0,25000,55000,-30000,-30000
08098P,大立光凱基9B售09,0,0,0,0,0,0,0,0,0,-30000,0,0,0,0,30000,-30000,-30000
08278P,玉晶光元富9C售02,0,0,0,0,0,0,0,0,0,-30000,0,0,0,0,30000,-30000,-30000
3047,訊舟            ,3000,33000,-30000,0,0,0,0,0,0,0,0,0,0,0,0,0,-30000
4766,南寶            ,29000,59000,-30000,0,0,0,0,0,0,0,0,0,0,0,0,0,-30000
054439,健策台新96購03  ,0,0,0,0,0,0,0,0,0,-30000,0,0,0,10000,40000,-30000,-30000
056223,華邦電凱基97購04,0,0,0,0,0,0,0,0,0,-30000,0,0,0,0,30000,-30000,-30000
056261,台積電統一97購07,0,0,0,0,0,0,0,0,0,-30000,0,0,0,0,30000,-30000,-30000
056318,鴻海群益98購02  ,0,0,0,0,0,0,0,0,0,-30000,0,0,0,10000,40000,-30000,-30000
056326,TPK兆豐98購01   ,0,0,0,0,0,0,0,0,0,-30000,0,0,0,0,30000,-30000,-30000
05629P,聯發科永昌99售02,0,0,0,0,0,0,0,0,0,-30000,0,0,0,0,30000,-30000,-30000
056297,台光電元大97購04,0,0,0,0,0,0,0,0,0,-30000,0,0,0,20000,50000,-30000,-30000
058368,奇鋐凱基9A購01  ,0,0,0,0,0,0,0,0,0,-30000,0,0,0,9000,39000,-30000,-30000
060154,堤維西永豐9A購01,0,0,0,0,0,0,0,0,0,-30000,0,0,0,0,30000,-30000,-30000
060131,GIS永豐99購03   ,0,0,0,0,0,0,0,0,0,-30000,0,0,0,20000,50000,-30000,-30000
054735,漢唐凱基98購01  ,0,0,0,0,0,0,0,0,0,-30000,0,0,0,0,30000,-30000,-30000
054626,建準凱基98購01  ,0,0,0,0,0,0,0,0,0,-30000,0,0,0,0,30000,-30000,-30000
054770,健策國票98購01  ,0,0,0,0,0,0,0,0,0,-30000,0,0,0,20000,50000,-30000,-30000
056544,貿聯凱基98購03  ,0,0,0,0,0,0,0,0,0,-30000,0,0,0,0,30000,-30000,-30000
055589,台光電元大98購04,0,0,0,0,0,0,0,0,0,-30000,0,0,0,0,30000,-30000,-30000
056664,上証反中信9B購01,0,0,0,0,0,0,0,0,0,-30000,0,0,0,0,30000,-30000,-30000
054167,揚明光凱基98購01,0,0,0,0,0,0,0,0,0,-30000,0,0,0,20000,50000,-30000,-30000
046384,群創凱基98購02  ,0,0,0,0,0,0,0,0,0,-30000,0,0,0,0,30000,-30000,-30000
051570,和碩富邦97購01  ,0,0,0,0,0,0,0,0,0,-30000,0,0,0,0,30000,-30000,-30000
051575,國巨元大96購03  ,0,0,0,0,0,0,0,0,0,-30000,0,0,0,0,30000,-30000,-30000
051745,玉晶光國泰97購06,0,0,0,0,0,0,0,0,0,-30000,0,0,0,0,30000,-30000,-30000
052458,T50反1統一97購01,0,0,0,0,0,0,0,0,0,-30000,0,0,0,0,30000,-30000,-30000
056463,台虹凱基98購02  ,0,0,0,0,0,0,0,0,0,-30000,0,0,0,0,30000,-30000,-30000
056471,台光電元大99購01,0,0,0,0,0,0,0,0,0,-30000,0,0,0,0,30000,-30000,-30000
052958,T50反1凱基99購02,0,0,0,0,0,0,0,0,0,-30000,0,0,0,0,30000,-30000,-30000
055362,GIS凱基97購03   ,0,0,0,0,0,0,0,0,0,-30000,0,0,0,0,30000,-30000,-30000
058675,康控群益9B購01  ,0,0,0,0,0,0,0,0,0,-30000,0,0,0,0,30000,-30000,-30000
057529,嘉晶元大99購02  ,0,0,0,0,0,0,0,0,0,-30000,0,0,0,0,30000,-30000,-30000
058476,旺宏凱基9A購01  ,0,0,0,0,0,0,0,0,0,-30000,0,0,0,0,30000,-30000,-30000
059848,智邦永豐99購01  ,0,0,0,0,0,0,0,0,0,-30000,0,0,0,2000,32000,-30000,-30000
060040,康控國票99購04  ,0,0,0,0,0,0,0,0,0,-30000,0,0,0,30000,60000,-30000,-30000
058806,道瓊銀統一9B購01,0,0,0,0,0,0,0,0,0,-30000,0,0,0,0,30000,-30000,-30000
059642,健策凱基99購04  ,0,0,0,0,0,0,0,0,0,-30000,0,0,0,0,30000,-30000,-30000
058993,滬深反元大9C購01,0,0,0,0,0,0,0,0,0,-30000,0,0,0,0,30000,-30000,-30000
059076,FBVIX元大99購04 ,0,0,0,0,0,0,0,0,0,-30000,0,0,0,0,30000,-30000,-30000
059537,大立光凱基99購09,0,0,0,0,0,0,0,0,0,-30000,0,0,0,0,30000,-30000,-30000
060523,鴻海中信9C購03  ,0,0,0,0,0,0,0,0,0,-30000,0,0,0,2000,32000,-30000,-30000
060471,台勝科元大9B購01,0,0,0,0,0,0,0,0,0,-30000,0,0,0,0,30000,-30000,-30000
060460,鴻海元大9A購08  ,0,0,0,0,0,0,0,0,0,-30000,0,0,0,124000,154000,-30000,-30000
06824P,台灣50國票99售02,0,0,0,0,0,0,0,0,0,-30000,0,0,0,18000,48000,-30000,-30000
057268,臻鼎兆豐99購01  ,0,0,0,0,0,0,0,0,0,-30000,0,0,0,62000,92000,-30000,-30000
057236,聯詠凱基98購03  ,0,0,0,0,0,0,0,0,0,-30000,0,0,0,0,30000,-30000,-30000
057690,美律凱基99購03  ,0,0,0,0,0,0,0,0,0,-30000,0,0,0,0,30000,-30000,-30000
063189,臻鼎凱基9B購01  ,0,0,0,0,0,0,0,0,0,-30000,0,0,0,10000,40000,-30000,-30000
062871,大成鋼兆豐9B購01,0,0,0,0,0,0,0,0,0,-30000,0,0,0,0,30000,-30000,-30000
062669,微星中信03購01  ,0,0,0,0,0,0,0,0,0,-30000,0,0,0,0,30000,-30000,-30000
062493,元金反中信9B購01,0,0,0,0,0,0,0,0,0,-30000,0,0,0,0,30000,-30000,-30000
061957,上銀統一01購01  ,0,0,0,0,0,0,0,0,0,-30000,0,0,0,99000,129000,-30000,-30000
060830,T50反1國票9A購07,0,0,0,0,0,0,0,0,0,-30000,0,0,0,0,30000,-30000,-30000
060309,佳世達永豐9A購01,0,0,0,0,0,0,0,0,0,-30000,0,0,0,0,30000,-30000,-30000
060369,滬深2X元富01購01,0,0,0,0,0,0,0,0,0,-30000,0,0,0,0,30000,-30000,-30000
06182P,群創兆豐97售03  ,0,0,0,0,0,0,0,0,0,-30000,0,0,0,10000,40000,-30000,-30000
061350,牧德元大9B購03  ,0,0,0,0,0,0,0,0,0,-30000,0,0,0,190000,220000,-30000,-30000
061450,嘉晶中信9A購01  ,0,0,0,0,0,0,0,0,0,-30000,0,0,0,1000,31000,-30000,-30000
4994,傳奇            ,5000,35800,-30800,0,0,0,0,0,0,0,0,0,0,0,0,0,-30800
2903,遠百            ,122000,156000,-34000,0,0,0,0,0,0,3000,3000,0,3000,0,0,0,-31000
08224P,臺股指凱基9B售19,0,0,0,0,0,0,0,0,0,-31000,0,0,0,0,31000,-31000,-31000
08017P,華新科國票9B售01,0,0,0,0,0,0,0,0,0,-31000,0,0,0,0,31000,-31000,-31000
2459,敦吉            ,7000,38000,-31000,0,0,0,0,0,0,0,0,0,0,0,0,0,-31000
063636,聯發科元大9B購26,0,0,0,0,0,0,0,0,0,-31000,0,0,0,22000,53000,-31000,-31000
06598P,奇力新永豐98售02,0,0,0,0,0,0,0,0,0,-31000,0,0,0,0,31000,-31000,-31000
07391P,台灣50國泰02售01,0,0,0,0,0,0,0,0,0,-31000,0,0,0,0,31000,-31000,-31000
07685P,玉晶光凱基9B售03,0,0,0,0,0,0,0,0,0,-31000,0,0,0,1000,32000,-31000,-31000
053292,美律中信98購01  ,0,0,0,0,0,0,0,0,0,-31000,0,0,0,0,31000,-31000,-31000
03857P,聯發科元富99售02,0,0,0,0,0,0,0,0,0,-31000,0,0,0,0,31000,-31000,-31000
059829,超眾凱基99購05  ,0,0,0,0,0,0,0,0,0,-31000,0,0,0,0,31000,-31000,-31000
057667,可成元大99購01  ,0,0,0,0,0,0,0,0,0,-31000,0,0,0,38000,69000,-31000,-31000
059678,鴻海國泰9A購03  ,0,0,0,0,0,0,0,0,0,-31000,0,0,0,45000,76000,-31000,-31000
057901,大立光永豐98購04,0,0,0,0,0,0,0,0,0,-31000,0,0,0,0,31000,-31000,-31000
060651,瑞儀中信9B購01  ,0,0,0,0,0,0,0,0,0,-31000,0,0,0,38000,69000,-31000,-31000
057039,元油2X元大9B購07,0,0,0,0,0,0,0,0,0,-31000,0,0,0,0,31000,-31000,-31000
057841,茂林富邦9A購02  ,0,0,0,0,0,0,0,0,0,-31000,0,0,0,0,31000,-31000,-31000
056940,嘉聯益元富98購01,0,0,0,0,0,0,0,0,0,-31000,0,0,0,10000,41000,-31000,-31000
058986,華新科凱基9A購03,0,0,0,0,0,0,0,0,0,-31000,0,0,0,0,31000,-31000,-31000
059006,樺漢元大99購01  ,0,0,0,0,0,0,0,0,0,-31000,0,0,0,166000,197000,-31000,-31000
058544,FBVIX富邦9B購01 ,0,0,0,0,0,0,0,0,0,-31000,0,0,0,0,31000,-31000,-31000
060237,友達元大9A購06  ,0,0,0,0,0,0,0,0,0,-31000,0,0,0,45000,76000,-31000,-31000
060244,大立光元大9B購02,0,0,0,0,0,0,0,0,0,-31000,0,0,0,39000,70000,-31000,-31000
058671,旺宏群益9A購01  ,0,0,0,0,0,0,0,0,0,-31000,0,0,0,0,31000,-31000,-31000
061446,鴻海中信04購01  ,0,0,0,0,0,0,0,0,0,-31000,0,0,0,2000,33000,-31000,-31000
063017,台光電元大9B購07,0,0,0,0,0,0,0,0,0,-31000,0,0,0,19000,50000,-31000,-31000
060944,國泰金國票9A購01,0,0,0,0,0,0,0,0,0,-31000,0,0,0,45000,76000,-31000,-31000
060296,和碩元大9A購01  ,0,0,0,0,0,0,0,0,0,-31000,0,0,0,69000,100000,-31000,-31000
062598,華通台新9B購02  ,0,0,0,0,0,0,0,0,0,-31000,0,0,0,109000,140000,-31000,-31000
062944,茂林凱基9B購02  ,0,0,0,0,0,0,0,0,0,-31000,0,0,0,19000,50000,-31000,-31000
07365P,超眾元大99售07  ,0,0,0,0,0,0,0,0,0,-32000,0,0,0,0,32000,-32000,-32000
1582,信錦            ,16000,45000,-29000,0,0,0,0,1000,-1000,-2000,0,0,0,0,2000,-2000,-32000
1435,中福            ,0,32000,-32000,0,0,0,0,0,0,0,0,0,0,0,0,0,-32000
4190,佐登-KY         ,9000,41000,-32000,0,0,0,0,0,0,0,1000,1000,0,0,0,0,-32000
047673,瑞昱元富96購01  ,0,0,0,0,0,0,0,0,0,-32000,0,0,0,70000,102000,-32000,-32000
053919,可成國票97購02  ,0,0,0,0,0,0,0,0,0,-32000,0,0,0,3000,35000,-32000,-32000
059189,國泰金富邦9B購01,0,0,0,0,0,0,0,0,0,-32000,0,0,0,150000,182000,-32000,-32000
060203,緯穎元富9A購01  ,0,0,0,0,0,0,0,0,0,-32000,0,0,0,61000,93000,-32000,-32000
058268,泰碩永豐9A購01  ,0,0,0,0,0,0,0,0,0,-32000,0,0,0,0,32000,-32000,-32000
058215,貿聯群益99購02  ,0,0,0,0,0,0,0,0,0,-32000,0,0,0,69000,101000,-32000,-32000
060505,友達元大9C購05  ,0,0,0,0,0,0,0,0,0,-32000,0,0,0,34000,66000,-32000,-32000
062700,台光電元大9B購05,0,0,0,0,0,0,0,0,0,-32000,0,0,0,9000,41000,-32000,-32000
06096P,全新永豐97售02  ,0,0,0,0,0,0,0,0,0,-32000,0,0,0,0,32000,-32000,-32000
061001,智邦兆豐9B購01  ,0,0,0,0,0,0,0,0,0,-32000,0,0,0,10000,42000,-32000,-32000
061641,玉晶光元大9A購17,0,0,0,0,0,0,0,0,0,-32000,0,0,0,78000,110000,-32000,-32000
061531,奇鋐台新9A購01  ,0,0,0,0,0,0,0,0,0,-32000,0,0,0,17000,49000,-32000,-32000
08115P,聯發科凱基9B售13,0,0,0,0,0,0,0,0,0,-33000,0,0,0,14000,47000,-33000,-33000
2425,承啟            ,70000,103000,-33000,0,0,0,0,0,0,0,0,0,0,0,0,0,-33000
063882,玉晶光元富9C購01,0,0,0,0,0,0,0,0,0,-33000,0,0,0,0,33000,-33000,-33000
063568,高鐵元大9B購01  ,0,0,0,0,0,0,0,0,0,-33000,0,0,0,16000,49000,-33000,-33000
058431,國巨統一9B購01  ,0,0,0,0,0,0,0,0,0,-33000,0,0,0,115000,148000,-33000,-33000
056356,台積電元大99購01,0,0,0,0,0,0,0,0,0,-33000,0,0,0,0,33000,-33000,-33000
056655,旺宏元大99購02  ,0,0,0,0,0,0,0,0,0,-33000,0,0,0,35000,68000,-33000,-33000
057906,福懋科中信99購01,0,0,0,0,0,0,0,0,0,-33000,0,0,0,0,33000,-33000,-33000
058988,大立光凱基9A購02,0,0,0,0,0,0,0,0,0,-33000,0,0,0,0,33000,-33000,-33000
058969,亞德客永豐99購01,0,0,0,0,0,0,0,0,0,-33000,0,0,0,0,33000,-33000,-33000
061349,嘉澤元大9A購02  ,0,0,0,0,0,0,0,0,0,-33000,0,0,0,84000,117000,-33000,-33000
063128,智伸科元大9B購01,0,0,0,0,0,0,0,0,0,-33000,0,0,0,36000,69000,-33000,-33000
063560,力山元大9B購05  ,0,0,0,0,0,0,0,0,0,-34000,0,0,0,18000,52000,-34000,-34000
06583P,可成凱基98售07  ,0,0,0,0,0,0,0,0,0,-34000,0,0,0,78000,112000,-34000,-34000
07113P,台積電兆豐99售03,0,0,0,0,0,0,0,0,0,-34000,0,0,0,0,34000,-34000,-34000
07595P,台灣50中信03售07,0,0,0,0,0,0,0,0,0,-34000,0,0,0,1000,35000,-34000,-34000
07531P,大立光國泰9B售03,0,0,0,0,0,0,0,0,0,-34000,0,0,0,40000,74000,-34000,-34000
2485,兆赫            ,38000,64000,-26000,0,0,0,0,0,0,-8000,0,8000,-8000,0,0,0,-34000
08225P,臺股指凱基9B售20,0,0,0,0,0,0,0,0,0,-34000,0,0,0,0,34000,-34000,-34000
3312,弘憶股          ,5000,39000,-34000,0,0,0,0,0,0,0,0,0,0,0,0,0,-34000
056550,瑞儀凱基99購01  ,0,0,0,0,0,0,0,0,0,-34000,0,0,0,11000,45000,-34000,-34000
054872,瀚宇博群益98購01,0,0,0,0,0,0,0,0,0,-34000,0,0,0,64000,98000,-34000,-34000
056330,玉晶光國票99購03,0,0,0,0,0,0,0,0,0,-34000,0,0,0,24000,58000,-34000,-34000
059209,華通元大99購08  ,0,0,0,0,0,0,0,0,0,-34000,0,0,0,16000,50000,-34000,-34000
055510,GIS元大97購03   ,0,0,0,0,0,0,0,0,0,-34000,0,0,0,0,34000,-34000,-34000
059121,瑞儀永豐99購01  ,0,0,0,0,0,0,0,0,0,-34000,0,0,0,0,34000,-34000,-34000
059613,泰鼎永豐99購02  ,0,0,0,0,0,0,0,0,0,-34000,0,0,0,5000,39000,-34000,-34000
058167,鴻海凱基9A購03  ,0,0,0,0,0,0,0,0,0,-34000,0,0,0,2000,36000,-34000,-34000
057990,美律統一99購02  ,0,0,0,0,0,0,0,0,0,-34000,0,0,0,75000,109000,-34000,-34000
056969,智易永豐98購01  ,0,0,0,0,0,0,0,0,0,-34000,0,0,0,16000,50000,-34000,-34000
057078,國巨統一9A購02  ,0,0,0,0,0,0,0,0,0,-34000,0,0,0,0,34000,-34000,-34000
060122,亞德客永豐99購02,0,0,0,0,0,0,0,0,0,-34000,0,0,0,0,34000,-34000,-34000
063243,聯發科元大9B購20,0,0,0,0,0,0,0,0,0,-34000,0,0,0,16000,50000,-34000,-34000
063253,巨大元大9B購03  ,0,0,0,0,0,0,0,0,0,-34000,0,0,0,28000,62000,-34000,-34000
062593,健策統一9B購03  ,0,0,0,0,0,0,0,0,0,-34000,0,0,0,18000,52000,-34000,-34000
062513,玉晶光國票9C購01,0,0,0,0,0,0,0,0,0,-34000,0,0,0,57000,91000,-34000,-34000
061503,臻鼎國票9B購01  ,0,0,0,0,0,0,0,0,0,-34000,0,0,0,79000,113000,-34000,-34000
08196P,上銀元大9B售07  ,0,0,0,0,0,0,0,0,0,-35000,0,0,0,0,35000,-35000,-35000
1460,宏遠            ,87000,124000,-37000,0,0,0,0,0,0,2000,2000,0,2000,0,0,0,-35000
07943P,瑞昱元大9B售02  ,0,0,0,0,0,0,0,0,0,-35000,0,0,0,10000,45000,-35000,-35000
07861P,台灣50中信03售08,0,0,0,0,0,0,0,0,0,-35000,0,0,0,0,35000,-35000,-35000
06908P,健策國泰99售02  ,0,0,0,0,0,0,0,0,0,-35000,0,0,0,0,35000,-35000,-35000
07424P,大立光元大9B售01,0,0,0,0,0,0,0,0,0,-35000,0,0,0,0,35000,-35000,-35000
07218P,臺股指凱基99售31,0,0,0,0,0,0,0,0,0,-35000,0,0,0,22000,57000,-35000,-35000
063327,燿華國票9C購02  ,0,0,0,0,0,0,0,0,0,-35000,0,0,0,269000,304000,-35000,-35000
056441,燿華凱基98購01  ,0,0,0,0,0,0,0,0,0,-35000,0,0,0,35000,70000,-35000,-35000
050673,旺宏富邦96購02  ,0,0,0,0,0,0,0,0,0,-35000,0,0,0,0,35000,-35000,-35000
054975,福懋科元大97購01,0,0,0,0,0,0,0,0,0,-35000,0,0,0,82000,117000,-35000,-35000
055124,建準兆豐97購01  ,0,0,0,0,0,0,0,0,0,-35000,0,0,0,10000,45000,-35000,-35000
05524P,瀚宇博國票97售02,0,0,0,0,0,0,0,0,0,-35000,0,0,0,1000,36000,-35000,-35000
055217,緯創凱基97購02  ,0,0,0,0,0,0,0,0,0,-35000,0,0,0,10000,45000,-35000,-35000
055989,矽力元富9A購01  ,0,0,0,0,0,0,0,0,0,-35000,0,0,0,0,35000,-35000,-35000
059766,同欣電永豐99購03,0,0,0,0,0,0,0,0,0,-35000,0,0,0,65000,100000,-35000,-35000
057740,茂林富邦9A購01  ,0,0,0,0,0,0,0,0,0,-35000,0,0,0,55000,90000,-35000,-35000
057719,欣興元富02購01  ,0,0,0,0,0,0,0,0,0,-35000,0,0,0,229000,264000,-35000,-35000
059719,台積電元大99購42,0,0,0,0,0,0,0,0,0,-35000,0,0,0,0,35000,-35000,-35000
057054,立積元大98購03  ,0,0,0,0,0,0,0,0,0,-35000,0,0,0,197000,232000,-35000,-35000
057890,滬深反統一98購01,0,0,0,0,0,0,0,0,0,-35000,0,0,0,0,35000,-35000,-35000
060455,葡萄王元大9A購02,0,0,0,0,0,0,0,0,0,-35000,0,0,0,40000,75000,-35000,-35000
057494,玉晶光元大99購09,0,0,0,0,0,0,0,0,0,-35000,0,0,0,48000,83000,-35000,-35000
057575,世紀鋼永豐98購02,0,0,0,0,0,0,0,0,0,-35000,0,0,0,0,35000,-35000,-35000
060685,康友元大9A購01  ,0,0,0,0,0,0,0,0,0,-35000,0,0,0,15000,50000,-35000,-35000
060857,旭富富邦9B購01  ,0,0,0,0,0,0,0,0,0,-35000,0,0,0,20000,55000,-35000,-35000
062221,奇力新統一01購01,0,0,0,0,0,0,0,0,0,-35000,0,0,0,0,35000,-35000,-35000
062864,臺股指國票9B購21,0,0,0,0,0,0,0,0,0,-35000,0,0,0,0,35000,-35000,-35000
07040P,台灣50元大9C售02,0,0,0,0,0,0,0,0,0,-36000,0,0,0,0,36000,-36000,-36000
07478P,南電康和9A售02  ,0,0,0,0,0,0,0,0,0,-36000,0,0,0,73000,109000,-36000,-36000
07709P,創意元大9A售01  ,0,0,0,0,0,0,0,0,0,-36000,0,0,0,0,36000,-36000,-36000
08193P,同欣電國票9C售02,0,0,0,0,0,0,0,0,0,-36000,0,0,0,0,36000,-36000,-36000
08066P,南亞科凱基9B售04,0,0,0,0,0,0,0,0,0,-36000,0,0,0,125000,161000,-36000,-36000
2010,春源            ,13000,49000,-36000,0,0,0,0,0,0,0,0,0,0,0,0,0,-36000
054767,日電貿國票98購01,0,0,0,0,0,0,0,0,0,-36000,0,0,0,0,36000,-36000,-36000
05555P,健策群益98售01  ,0,0,0,0,0,0,0,0,0,-36000,0,0,0,0,36000,-36000,-36000
056526,力山凱基98購01  ,0,0,0,0,0,0,0,0,0,-36000,0,0,0,0,36000,-36000,-36000
060016,廣達康和99購01  ,0,0,0,0,0,0,0,0,0,-36000,0,0,0,0,36000,-36000,-36000
058079,鴻海群益98購08  ,0,0,0,0,0,0,0,0,0,-36000,0,0,0,6000,42000,-36000,-36000
058077,超眾凱基98購02  ,0,0,0,0,0,0,0,0,0,-36000,0,0,0,58000,94000,-36000,-36000
06857P,超眾永豐98售02  ,0,0,0,0,0,0,0,0,0,-36000,0,0,0,40000,76000,-36000,-36000
06882P,聯發科群益98售07,0,0,0,0,0,0,0,0,0,-36000,0,0,0,0,36000,-36000,-36000
057016,中石化凱基9B購01,0,0,0,0,0,0,0,0,0,-36000,0,0,0,38000,74000,-36000,-36000
059832,超眾康和99購01  ,0,0,0,0,0,0,0,0,0,-36000,0,0,0,24000,60000,-36000,-36000
062967,上銀元富9B購01  ,0,0,0,0,0,0,0,0,0,-36000,0,0,0,66000,102000,-36000,-36000
061998,緯穎元大9B購03  ,0,0,0,0,0,0,0,0,0,-36000,0,0,0,15000,51000,-36000,-36000
07902P,玉晶光國票01售01,0,0,0,0,0,0,0,0,0,-37000,0,0,0,0,37000,-37000,-37000
053316,友達群益9A購01  ,0,0,0,0,0,0,0,0,0,-37000,0,0,0,0,37000,-37000,-37000
055097,福懋科群益97購01,0,0,0,0,0,0,0,0,0,-37000,0,0,0,0,37000,-37000,-37000
057309,南茂兆豐99購01  ,0,0,0,0,0,0,0,0,0,-37000,0,0,0,23000,60000,-37000,-37000
057523,大成鋼元大99購01,0,0,0,0,0,0,0,0,0,-37000,0,0,0,197000,234000,-37000,-37000
057578,可成中信99購01  ,0,0,0,0,0,0,0,0,0,-37000,0,0,0,33000,70000,-37000,-37000
058931,玉晶光統一9C購01,0,0,0,0,0,0,0,0,0,-37000,0,0,0,293000,330000,-37000,-37000
062190,瀚宇博元大9B購01,0,0,0,0,0,0,0,0,0,-37000,0,0,0,65000,102000,-37000,-37000
062150,南六國票9B購01  ,0,0,0,0,0,0,0,0,0,-37000,0,0,0,47000,84000,-37000,-37000
062277,廣達群益9B購01  ,0,0,0,0,0,0,0,0,0,-37000,0,0,0,10000,47000,-37000,-37000
062356,國巨元大9B購10  ,0,0,0,0,0,0,0,0,0,-37000,0,0,0,0,37000,-37000,-37000
062336,茂林統一01購02  ,0,0,0,0,0,0,0,0,0,-37000,0,0,0,40000,77000,-37000,-37000
062677,儒鴻統一01購01  ,0,0,0,0,0,0,0,0,0,-37000,0,0,0,124000,161000,-37000,-37000
062625,華通國票9B購02  ,0,0,0,0,0,0,0,0,0,-37000,0,0,0,32000,69000,-37000,-37000
060907,金像電元大9A購02,0,0,0,0,0,0,0,0,0,-37000,0,0,0,108000,145000,-37000,-37000
061439,寶成凱基9A購01  ,0,0,0,0,0,0,0,0,0,-37000,0,0,0,44000,81000,-37000,-37000
062439,聯發科元大9B購10,0,0,0,0,0,0,0,0,0,-37000,0,0,0,101000,138000,-37000,-37000
061278,和大統一9A購01  ,0,0,0,0,0,0,0,0,0,-37000,0,0,0,385000,422000,-37000,-37000
3711,日月光投控      ,3067972,3195138,-127166,0,0,0,0,3000,-3000,93000,83000,64000,19000,74000,0,74000,-37166
9910,豐泰            ,331000,368903,-37903,0,0,0,0,0,0,0,2000,2000,0,0,0,0,-37903
5519,隆大            ,19000,57000,-38000,0,0,0,0,0,0,0,0,0,0,0,0,0,-38000
08083P,健策元大9C售05  ,0,0,0,0,0,0,0,0,0,-38000,0,0,0,0,38000,-38000,-38000
07845P,南亞科元大9A售08,0,0,0,0,0,0,0,0,0,-38000,0,0,0,7000,45000,-38000,-38000
07190P,臺股指富邦9C售02,0,0,0,0,0,0,0,0,0,-38000,0,0,0,20000,58000,-38000,-38000
07259P,滬深2X國票01售01,0,0,0,0,0,0,0,0,0,-38000,0,0,0,0,38000,-38000,-38000
063315,京元電群益9B購03,0,0,0,0,0,0,0,0,0,-38000,0,0,0,60000,98000,-38000,-38000
063320,旭富群益9B購03  ,0,0,0,0,0,0,0,0,0,-38000,0,0,0,85000,123000,-38000,-38000
06654P,欣興元大98售08  ,0,0,0,0,0,0,0,0,0,-38000,0,0,0,130000,168000,-38000,-38000
056021,興富發群益97購01,0,0,0,0,0,0,0,0,0,-38000,0,0,0,129000,167000,-38000,-38000
056681,鴻海統一98購09  ,0,0,0,0,0,0,0,0,0,-38000,0,0,0,6000,44000,-38000,-38000
053584,友達元大9B購02  ,0,0,0,0,0,0,0,0,0,-38000,0,0,0,6000,44000,-38000,-38000
055432,臻鼎群益97購02  ,0,0,0,0,0,0,0,0,0,-38000,0,0,0,0,38000,-38000,-38000
058684,健策凱基99購02  ,0,0,0,0,0,0,0,0,0,-38000,0,0,0,22000,60000,-38000,-38000
058846,鴻海群益99購03  ,0,0,0,0,0,0,0,0,0,-38000,0,0,0,94000,132000,-38000,-38000
059878,聯茂凱基99購07  ,0,0,0,0,0,0,0,0,0,-38000,0,0,0,93000,131000,-38000,-38000
059288,旺宏元富99購03  ,0,0,0,0,0,0,0,0,0,-38000,0,0,0,0,38000,-38000,-38000
05971P,世紀鋼永豐96售04,0,0,0,0,0,0,0,0,0,-38000,0,0,0,0,38000,-38000,-38000
057944,新日興國票99購02,0,0,0,0,0,0,0,0,0,-38000,0,0,0,164000,202000,-38000,-38000
060597,華通凱基9A購04  ,0,0,0,0,0,0,0,0,0,-38000,0,0,0,0,38000,-38000,-38000
063008,華通元大9B購06  ,0,0,0,0,0,0,0,0,0,-38000,0,0,0,62000,100000,-38000,-38000
061362,台塑國票9B購01  ,0,0,0,0,0,0,0,0,0,-38000,0,0,0,74000,112000,-38000,-38000
062767,GIS凱基9B購02   ,0,0,0,0,0,0,0,0,0,-38000,0,0,0,49000,87000,-38000,-38000
063176,南亞科兆豐9B購01,0,0,0,0,0,0,0,0,0,-38000,0,0,0,0,38000,-38000,-38000
062530,大立光統一01購03,0,0,0,0,0,0,0,0,0,-38000,0,0,0,20000,58000,-38000,-38000
07084P,S&P正2元富9B售02,0,0,0,0,0,0,0,0,0,-39000,0,0,0,0,39000,-39000,-39000
07712P,茂林元大9A售03  ,0,0,0,0,0,0,0,0,0,-39000,0,0,0,0,39000,-39000,-39000
1720,生達            ,271000,313000,-42000,0,0,0,3000,0,3000,0,0,0,0,0,0,0,-39000
057902,嘉晶永豐98購02  ,0,0,0,0,0,0,0,0,0,-39000,0,0,0,41000,80000,-39000,-39000
059707,健策凱基9A購03  ,0,0,0,0,0,0,0,0,0,-39000,0,0,0,0,39000,-39000,-39000
056981,全新群益99購03  ,0,0,0,0,0,0,0,0,0,-39000,0,0,0,94000,133000,-39000,-39000
058576,南亞科群益99購01,0,0,0,0,0,0,0,0,0,-39000,0,0,0,61000,100000,-39000,-39000
059434,全新元大99購05  ,0,0,0,0,0,0,0,0,0,-39000,0,0,0,16000,55000,-39000,-39000
058895,鴻海元大99購20  ,0,0,0,0,0,0,0,0,0,-39000,0,0,0,2000,41000,-39000,-39000
059080,亞泥元大99購01  ,0,0,0,0,0,0,0,0,0,-39000,0,0,0,21000,60000,-39000,-39000
062378,台表科元大9C購01,0,0,0,0,0,0,0,0,0,-39000,0,0,0,39000,78000,-39000,-39000
063231,台泥元大9B購01  ,0,0,0,0,0,0,0,0,0,-39000,0,0,0,35000,74000,-39000,-39000
061678,玉晶光元大9B購04,0,0,0,0,0,0,0,0,0,-39000,0,0,0,88000,127000,-39000,-39000
07687P,上銀元大9A售06  ,0,0,0,0,0,0,0,0,0,-40000,0,0,0,10000,50000,-40000,-40000
07632P,臺股指凱基9A售14,0,0,0,0,0,0,0,0,0,-40000,0,0,0,0,40000,-40000,-40000
07636P,鴻海國票9A售05  ,0,0,0,0,0,0,0,0,0,-40000,0,0,0,0,40000,-40000,-40000
07063P,臺股指元大9A售24,0,0,0,0,0,0,0,0,0,-40000,0,0,0,0,40000,-40000,-40000
06960P,國巨凱基99售08  ,0,0,0,0,0,0,0,0,0,-40000,0,0,0,0,40000,-40000,-40000
07192P,聯發科元大99售23,0,0,0,0,0,0,0,0,0,-40000,0,0,0,30000,70000,-40000,-40000
07446P,台灣50元大9A售06,0,0,0,0,0,0,0,0,0,-40000,0,0,0,0,40000,-40000,-40000
06613P,華新科富邦9A售03,0,0,0,0,0,0,0,0,0,-40000,0,0,0,0,40000,-40000,-40000
06539P,聯發科凱基98售12,0,0,0,0,0,0,0,0,0,-40000,0,0,0,0,40000,-40000,-40000
06452P,大立光元大98售08,0,0,0,0,0,0,0,0,0,-40000,0,0,0,0,40000,-40000,-40000
063409,GIS國票9C購02   ,0,0,0,0,0,0,0,0,0,-40000,0,0,0,171000,211000,-40000,-40000
063468,聯詠元大9B購04  ,0,0,0,0,0,0,0,0,0,-40000,0,0,0,22000,62000,-40000,-40000
053891,欣興群益98購01  ,0,0,0,0,0,0,0,0,0,-40000,0,0,0,0,40000,-40000,-40000
053291,旺宏中信9A購01  ,0,0,0,0,0,0,0,0,0,-40000,0,0,0,0,40000,-40000,-40000
054280,牧德群益98購01  ,0,0,0,0,0,0,0,0,0,-40000,0,0,0,0,40000,-40000,-40000
056041,禾伸堂凱基98購03,0,0,0,0,0,0,0,0,0,-40000,0,0,0,0,40000,-40000,-40000
055315,晶技麥證97購01  ,0,0,0,0,40000,-40000,0,0,0,-40000,0,0,0,0,40000,-40000,-40000
060156,光磊永豐9A購01  ,0,0,0,0,0,0,0,0,0,-40000,0,0,0,150000,190000,-40000,-40000
056295,國巨元大97購16  ,0,0,0,0,0,0,0,0,0,-40000,0,0,0,10000,50000,-40000,-40000
056160,智易凱基97購03  ,0,0,0,0,0,0,0,0,0,-40000,0,0,0,10000,50000,-40000,-40000
055970,聯茂元大97購04  ,0,0,0,0,0,0,0,0,0,-40000,0,0,0,0,40000,-40000,-40000
059029,旺宏兆豐99購01  ,0,0,0,0,0,0,0,0,0,-40000,0,0,0,0,40000,-40000,-40000
058791,鴻海元大99購17  ,0,0,0,0,0,0,0,0,0,-40000,0,0,0,12000,52000,-40000,-40000
059538,健策凱基99購03  ,0,0,0,0,0,0,0,0,0,-40000,0,0,0,0,40000,-40000,-40000
059910,鴻海元大99購37  ,0,0,0,0,0,0,0,0,0,-40000,0,0,0,40000,80000,-40000,-40000
058519,嘉澤元大99購01  ,0,0,0,0,0,0,0,0,0,-40000,0,0,0,12000,52000,-40000,-40000
058481,玉晶光凱基9A購04,0,0,0,0,0,0,0,0,0,-40000,0,0,0,89000,129000,-40000,-40000
058110,光寶科元富98購01,0,0,0,0,0,0,0,0,0,-40000,0,0,0,50000,90000,-40000,-40000
058243,華擎元大99購01  ,0,0,0,0,0,0,0,0,0,-40000,0,0,0,53000,93000,-40000,-40000
057997,旺宏第一9C購01  ,0,0,0,0,0,0,0,0,0,-40000,0,0,0,0,40000,-40000,-40000
057225,華新凱基98購01  ,0,0,0,0,0,0,0,0,0,-40000,0,0,0,0,40000,-40000,-40000
059815,SP黃豆凱基9A購03,0,0,0,0,0,0,0,0,0,-40000,0,0,0,5000,45000,-40000,-40000
059841,國巨富邦9C購01  ,0,0,0,0,0,0,0,0,0,-40000,0,0,0,139000,179000,-40000,-40000
060097,華新科元大99購23,0,0,0,0,0,0,0,0,0,-40000,0,0,0,20000,60000,-40000,-40000
057730,聯鈞國泰9A購01  ,0,0,0,0,0,0,0,0,0,-40000,0,0,0,1103000,1143000,-40000,-40000
057778,大立光群益98購02,0,0,0,0,0,0,0,0,0,-40000,0,0,0,56000,96000,-40000,-40000
057815,信邦元大98購01  ,0,0,0,0,0,0,0,0,0,-40000,0,0,0,60000,100000,-40000,-40000
06145P,華新科永豐97售02,0,0,0,0,0,0,0,0,0,-40000,0,0,0,0,40000,-40000,-40000
063021,大立光元大9C購05,0,0,0,0,0,0,0,0,0,-40000,0,0,0,15000,55000,-40000,-40000
061846,元金2X國票9C購01,0,0,0,0,0,0,0,0,0,-40000,0,0,0,0,40000,-40000,-40000
063178,聯發科兆豐9B購04,0,0,0,0,0,0,0,0,0,-40000,0,0,0,0,40000,-40000,-40000
062818,大立光兆豐9C購01,0,0,0,0,0,0,0,0,0,-40000,0,0,0,20000,60000,-40000,-40000
062231,台光電麥證9C購01,0,0,0,0,40000,-40000,0,0,0,-40000,0,0,0,0,40000,-40000,-40000
062002,鴻海國泰01購01  ,0,0,0,0,0,0,0,0,0,-40000,0,0,0,80000,120000,-40000,-40000
061947,旺宏群益9B購02  ,0,0,0,0,0,0,0,0,0,-40000,0,0,0,0,40000,-40000,-40000
8454,富邦媒          ,156000,142947,13053,0,0,0,0,57000,-57000,3000,6000,3000,3000,0,0,0,-40947
08105P,景碩元大9B售01  ,0,0,0,0,0,0,0,0,0,-41000,0,0,0,0,41000,-41000,-41000
08194P,同欣電國票9C售03,0,0,0,0,0,0,0,0,0,-41000,0,0,0,0,41000,-41000,-41000
08211P,台表科元富9B售03,0,0,0,0,0,0,0,0,0,-41000,0,0,0,48000,89000,-41000,-41000
1307,三芳            ,54000,96000,-42000,0,0,0,0,0,0,1000,1000,0,1000,0,0,0,-41000
056610,鴻海永豐98購01  ,0,0,0,0,0,0,0,0,0,-41000,0,0,0,28000,69000,-41000,-41000
054211,奇鋐國票97購03  ,0,0,0,0,0,0,0,0,0,-41000,0,0,0,38000,79000,-41000,-41000
057797,大立光兆豐99購01,0,0,0,0,0,0,0,0,0,-41000,0,0,0,0,41000,-41000,-41000
057941,聯電國票99購01  ,0,0,0,0,0,0,0,0,0,-41000,0,0,0,25000,66000,-41000,-41000
060412,儒鴻永豐9A購01  ,0,0,0,0,0,0,0,0,0,-41000,0,0,0,10000,51000,-41000,-41000
057516,和鑫元富98購01  ,0,0,0,0,0,0,0,0,0,-41000,0,0,0,271000,312000,-41000,-41000
057571,泰碩永豐98購01  ,0,0,0,0,0,0,0,0,0,-41000,0,0,0,0,41000,-41000,-41000
061247,玉晶光群益9A購09,0,0,0,0,0,0,0,0,0,-41000,0,0,0,63000,104000,-41000,-41000
063313,南亞科群益9B購02,0,0,0,0,0,0,0,0,0,-42000,0,0,0,10000,52000,-42000,-42000
06669P,緯穎凱基98售05  ,0,0,0,0,0,0,0,0,0,-42000,0,0,0,8000,50000,-42000,-42000
06995P,臺股指凱基99售16,0,0,0,0,0,0,0,0,0,-42000,0,0,0,0,42000,-42000,-42000
059885,台積電國票99購12,0,0,0,0,0,0,0,0,0,-42000,0,0,0,0,42000,-42000,-42000
058693,旭富國票9A購01  ,0,0,0,0,0,0,0,0,0,-42000,0,0,0,5000,47000,-42000,-42000
057962,超眾元大99購03  ,0,0,0,0,0,0,0,0,0,-42000,0,0,0,14000,56000,-42000,-42000
057956,全新元大99購04  ,0,0,0,0,0,0,0,0,0,-42000,0,0,0,78000,120000,-42000,-42000
06850P,聯茂元大98售06  ,0,0,0,0,0,0,0,0,0,-42000,0,0,0,18000,60000,-42000,-42000
057302,福懋科中信98購01,0,0,0,0,0,0,0,0,0,-42000,0,0,0,0,42000,-42000,-42000
056996,矽力日盛99購01  ,0,0,0,0,0,0,0,0,0,-42000,0,0,0,10000,52000,-42000,-42000
057376,新日興元大98購04,0,0,0,0,0,0,0,0,0,-42000,0,0,0,214000,256000,-42000,-42000
061368,南六國票9A購01  ,0,0,0,0,0,0,0,0,0,-42000,0,0,0,67000,109000,-42000,-42000
061519,T50反1中信03購01,0,0,0,0,0,0,0,0,0,-42000,0,0,0,0,42000,-42000,-42000
061763,聯電元大9C購02  ,0,0,0,0,0,0,0,0,0,-42000,0,0,0,96000,138000,-42000,-42000
062135,國巨群益9B購05  ,0,0,0,0,0,0,0,0,0,-42000,0,0,0,27000,69000,-42000,-42000
06232P,智易永豐97售01  ,0,0,0,0,0,0,0,0,0,-42000,0,0,0,0,42000,-42000,-42000
06371P,茂林國票98售04  ,0,0,0,0,0,0,0,0,0,-43000,0,0,0,160000,203000,-43000,-43000
063755,上銀統一9C購03  ,0,0,0,0,0,0,0,0,0,-43000,0,0,0,0,43000,-43000,-43000
08019P,緯穎國票9B售02  ,0,0,0,0,0,0,0,0,0,-43000,0,0,0,91000,134000,-43000,-43000
9911,櫻花            ,29000,72000,-43000,0,0,0,0,0,0,0,1000,1000,0,0,0,0,-43000
054100,致伸國票97購03  ,0,0,0,0,0,0,0,0,0,-43000,0,0,0,0,43000,-43000,-43000
055358,臻鼎凱基97購01  ,0,0,0,0,0,0,0,0,0,-43000,0,0,0,20000,63000,-43000,-43000
055627,亞德客永豐97購02,0,0,0,0,0,0,0,0,0,-43000,0,0,0,0,43000,-43000,-43000
057133,京鼎凱基98購02  ,0,0,0,0,0,0,0,0,0,-43000,0,0,0,0,43000,-43000,-43000
057662,上銀元大9A購01  ,0,0,0,0,0,0,0,0,0,-43000,0,0,0,2000,45000,-43000,-43000
058200,世芯康和99購01  ,26000,0,26000,0,0,0,0,0,0,-69000,0,0,0,789000,858000,-69000,-43000
057493,聯詠元大98購02  ,0,0,0,0,0,0,0,0,0,-43000,0,0,0,50000,93000,-43000,-43000
058502,鴻海元大99購13  ,0,0,0,0,0,0,0,0,0,-43000,0,0,0,2000,45000,-43000,-43000
059943,信邦永豐99購01  ,0,0,0,0,0,0,0,0,0,-43000,0,0,0,71000,114000,-43000,-43000
062783,大立光元大9C購03,0,0,0,0,0,0,0,0,0,-43000,0,0,0,0,43000,-43000,-43000
6541,泰福-KY         ,17000,61000,-44000,0,0,0,0,0,0,0,0,0,0,0,0,0,-44000
07945P,上銀國票9B售02  ,0,0,0,0,0,0,0,0,0,-44000,0,0,0,0,44000,-44000,-44000
08161P,台表科元富9B售02,0,0,0,0,0,0,0,0,0,-44000,0,0,0,107000,151000,-44000,-44000
06517P,國巨凱基98售09  ,0,0,0,0,0,0,0,0,0,-44000,0,0,0,0,44000,-44000,-44000
07841P,臻鼎元大9A售04  ,0,0,0,0,0,0,0,0,0,-44000,0,0,0,26000,70000,-44000,-44000
07874P,長榮航群益9B售01,0,0,0,0,0,0,0,0,0,-44000,0,0,0,6000,50000,-44000,-44000
058192,訊芯永豐99購01  ,0,0,0,0,0,0,0,0,0,-44000,0,0,0,60000,104000,-44000,-44000
058150,中502X統一9B購01,0,0,0,0,0,0,0,0,0,-44000,0,0,0,1000,45000,-44000,-44000
057957,嘉晶元大98購01  ,0,0,0,0,0,0,0,0,0,-44000,0,0,0,3000,47000,-44000,-44000
058033,景碩永豐98購02  ,0,0,0,0,0,0,0,0,0,-44000,0,0,0,104000,148000,-44000,-44000
060459,鴻海元大9A購07  ,0,0,0,0,0,0,0,0,0,-44000,0,0,0,2000,46000,-44000,-44000
063230,緯穎群益9B購02  ,0,0,0,0,0,0,0,0,0,-44000,0,0,0,20000,64000,-44000,-44000
07016P,聯發科元大99售10,0,0,0,0,0,0,0,0,0,-45000,0,0,0,0,45000,-45000,-45000
06972P,聯發科元大99售04,0,0,0,0,0,0,0,0,0,-45000,0,0,0,15000,60000,-45000,-45000
06376P,上銀統一99售01  ,54000,0,54000,0,0,0,0,0,0,-99000,0,0,0,20000,119000,-99000,-45000
06377P,華通統一97售04  ,0,0,0,0,0,0,0,0,0,-45000,0,0,0,27000,72000,-45000,-45000
063670,美食統一9C購01  ,0,0,0,0,0,0,0,0,0,-45000,0,0,0,0,45000,-45000,-45000
08198P,聯發科元大9B售25,0,0,0,0,0,0,0,0,0,-45000,0,0,0,15000,60000,-45000,-45000
056040,亞光凱基98購01  ,0,0,0,0,0,0,0,0,0,-45000,0,0,0,0,45000,-45000,-45000
056276,同欣電國泰98購01,0,0,0,0,0,0,0,0,0,-45000,0,0,0,5000,50000,-45000,-45000
055390,國巨統一98購03  ,0,0,0,0,0,0,0,0,0,-45000,0,0,0,5000,50000,-45000,-45000
056534,京元電凱基98購01,0,0,0,0,0,0,0,0,0,-45000,0,0,0,39000,84000,-45000,-45000
055473,禾伸堂凱基97購01,0,0,0,0,0,0,0,0,0,-45000,0,0,0,0,45000,-45000,-45000
06839P,玉晶光統一9A售05,0,0,0,0,0,0,0,0,0,-45000,0,0,0,39000,84000,-45000,-45000
060679,聯詠元大9A購04  ,0,0,0,0,0,0,0,0,0,-45000,0,0,0,92000,137000,-45000,-45000
057805,華通元大98購06  ,0,0,0,0,0,0,0,0,0,-45000,0,0,0,52000,97000,-45000,-45000
057171,台光電元大9B購01,0,0,0,0,0,0,0,0,0,-45000,0,0,0,6000,51000,-45000,-45000
057366,智邦元大98購08  ,0,0,0,0,0,0,0,0,0,-45000,0,0,0,16000,61000,-45000,-45000
05830P,滬深2X元富99售03,0,0,0,0,0,0,0,0,0,-45000,0,0,0,60000,105000,-45000,-45000
059965,鴻海凱基99購16  ,0,0,0,0,0,0,0,0,0,-45000,0,0,0,10000,55000,-45000,-45000
059164,旺宏凱基99購06  ,0,0,0,0,0,0,0,0,0,-45000,0,0,0,0,45000,-45000,-45000
059155,台表科日盛99購01,0,0,0,0,0,0,0,0,0,-45000,0,0,0,5000,50000,-45000,-45000
062536,玉晶光麥證9B購01,0,0,0,48000,94000,-46000,0,0,0,-45000,0,0,0,49000,94000,-45000,-45000
062011,上銀富邦9C購01  ,0,0,0,0,0,0,0,0,0,-45000,0,0,0,0,45000,-45000,-45000
060862,美律永豐9A購01  ,0,0,0,0,0,0,0,0,0,-45000,0,0,0,266000,311000,-45000,-45000
060921,中橡永豐9A購02  ,0,0,0,0,0,0,0,0,0,-45000,0,0,0,0,45000,-45000,-45000
08026P,臺股指凱基9B售12,0,0,0,0,0,0,0,0,0,-46000,0,0,0,15000,61000,-46000,-46000
08058P,華新科元大9B售10,0,0,0,0,0,0,0,0,0,-46000,0,0,0,0,46000,-46000,-46000
1711,永光            ,58000,105000,-47000,0,0,0,0,0,0,1000,1000,0,1000,0,0,0,-46000
1712,興農            ,45000,91000,-46000,0,0,0,0,0,0,0,0,0,0,0,0,0,-46000
6155,鈞寶            ,9000,55000,-46000,0,0,0,0,0,0,0,0,0,0,0,0,0,-46000
063600,燿華凱基9B購04  ,0,0,0,0,0,0,0,0,0,-46000,0,0,0,0,46000,-46000,-46000
06638P,鴻海統一99售02  ,0,0,0,0,0,0,0,0,0,-46000,0,0,0,23000,69000,-46000,-46000
07026P,超眾凱基99售03  ,0,0,0,0,0,0,0,0,0,-46000,0,0,0,10000,56000,-46000,-46000
07085P,超眾元富9C售01  ,0,0,0,0,0,0,0,0,0,-46000,0,0,0,37000,83000,-46000,-46000
051561,玉晶光國泰97購04,0,0,0,0,0,0,0,0,0,-46000,0,0,0,2000,48000,-46000,-46000
059344,長榮航凱基99購01,0,0,0,0,0,0,0,0,0,-46000,0,0,0,0,46000,-46000,-46000
060402,神隆國泰9B購01  ,0,0,0,0,0,0,0,0,0,-46000,0,0,0,2000,48000,-46000,-46000
060880,中壽中信9C購01  ,0,0,0,0,0,0,0,0,0,-46000,0,0,0,444000,490000,-46000,-46000
061508,南六國泰9C購02  ,0,0,0,0,0,0,0,0,0,-46000,0,0,0,153000,199000,-46000,-46000
061266,國泰金凱基9B購01,0,0,0,0,0,0,0,0,0,-46000,0,0,0,24000,70000,-46000,-46000
062261,嘉晶元大9B購02  ,0,0,0,0,0,0,0,0,0,-46000,0,0,0,12000,58000,-46000,-46000
063614,美食群益9B購03  ,0,0,0,0,0,0,0,0,0,-47000,0,0,0,13000,60000,-47000,-47000
055383,GIS元大97購02   ,0,0,0,0,0,0,0,0,0,-47000,0,0,0,20000,67000,-47000,-47000
055350,聯發科凱基97購02,0,0,0,0,0,0,0,0,0,-47000,0,0,0,18000,65000,-47000,-47000
05677P,玉晶光群益98售03,0,0,0,0,0,0,0,0,0,-47000,0,0,0,10000,57000,-47000,-47000
055618,麗豐國票98購01  ,0,0,0,0,0,0,0,0,0,-47000,0,0,0,67000,114000,-47000,-47000
055635,緯穎永豐97購01  ,0,0,0,0,0,0,0,0,0,-47000,0,0,0,10000,57000,-47000,-47000
054755,世紀鋼凱基98購01,0,0,0,0,0,0,0,0,0,-47000,0,0,0,53000,100000,-47000,-47000
056978,技嘉群益99購01  ,0,0,0,0,0,0,0,0,0,-47000,0,0,0,142000,189000,-47000,-47000
057172,南亞科元大98購03,0,0,0,0,0,0,0,0,0,-47000,0,0,0,0,47000,-47000,-47000
060091,技嘉元大99購03  ,0,0,0,0,0,0,0,0,0,-47000,0,0,0,57000,104000,-47000,-47000
058848,台積電群益99購07,0,0,0,0,0,0,0,0,0,-47000,0,0,0,0,47000,-47000,-47000
061831,智邦凱基9B購02  ,0,0,0,0,0,0,0,0,0,-47000,0,0,0,29000,76000,-47000,-47000
060795,世芯永豐9A購02  ,0,0,0,0,0,0,0,0,0,-47000,0,0,0,48000,95000,-47000,-47000
08054P,臺股指國票9B售19,0,0,0,0,0,0,0,0,0,-48000,0,0,0,20000,68000,-48000,-48000
08087P,聯發科凱基9B售12,0,0,0,0,0,0,0,0,0,-48000,0,0,0,18000,66000,-48000,-48000
056615,燿華永豐98購02  ,0,0,0,0,0,0,0,0,0,-48000,0,0,0,0,48000,-48000,-48000
056091,百和統一97購01  ,0,0,0,0,0,0,0,0,0,-48000,0,0,0,0,48000,-48000,-48000
055701,亞德客富邦99購01,0,0,0,0,0,0,0,0,0,-48000,0,0,0,3000,51000,-48000,-48000
053805,奇鋐凱基98購02  ,0,0,0,0,0,0,0,0,0,-48000,0,0,0,32000,80000,-48000,-48000
051899,欣興國泰97購01  ,0,0,0,0,0,0,0,0,0,-48000,0,0,0,0,48000,-48000,-48000
054043,漢唐元大97購01  ,0,0,0,0,0,0,0,0,0,-48000,0,0,0,12000,60000,-48000,-48000
057682,台積電日盛9A購03,0,0,0,0,0,0,0,0,0,-48000,0,0,0,290000,338000,-48000,-48000
057948,嘉聯益國票99購02,0,0,0,0,0,0,0,0,0,-48000,0,0,0,63000,111000,-48000,-48000
062628,廣達國票9B購01  ,0,0,0,0,0,0,0,0,0,-48000,0,0,0,8000,56000,-48000,-48000
2431,聯昌            ,1000,50000,-49000,0,0,0,0,0,0,0,0,0,0,0,0,0,-49000
063355,超眾元富9B購01  ,0,0,0,0,0,0,0,0,0,-49000,0,0,0,323000,372000,-49000,-49000
063681,深中小永豐9B購01,0,0,0,0,0,0,0,0,0,-49000,0,0,0,22000,71000,-49000,-49000
06973P,臺股指元大9A售11,0,0,0,0,0,0,0,0,0,-49000,0,0,0,51000,100000,-49000,-49000
07927P,國巨統一9B售08  ,0,0,0,0,0,0,0,0,0,-49000,0,0,0,1000,50000,-49000,-49000
07711P,世芯元大9A售07  ,0,0,0,0,0,0,0,0,0,-49000,0,0,0,109000,158000,-49000,-49000
055214,聯電凱基97購02  ,0,0,0,0,0,0,0,0,0,-49000,0,0,0,1000,50000,-49000,-49000
056014,上銀群益97購02  ,0,0,0,0,0,0,0,0,0,-49000,0,0,0,0,49000,-49000,-49000
056684,旺宏統一98購02  ,0,0,0,0,0,0,0,0,0,-49000,0,0,0,25000,74000,-49000,-49000
060660,國巨凱基9B購04  ,0,0,0,0,0,0,0,0,0,-49000,0,0,0,152000,201000,-49000,-49000
058704,台積電元大99購17,0,0,0,0,0,0,0,0,0,-49000,0,0,0,0,49000,-49000,-49000
058166,鴻海凱基9A購01  ,0,0,0,0,0,0,0,0,0,-49000,0,0,0,2000,51000,-49000,-49000
061649,緯穎元大9A購06  ,0,0,0,0,0,0,0,0,0,-49000,0,0,0,42000,91000,-49000,-49000
07905P,大立光群益9B售04,0,0,0,0,0,0,0,0,0,-50000,0,0,0,0,50000,-50000,-50000
07913P,友達元大01售01  ,0,0,0,0,0,0,0,0,0,-50000,0,0,0,0,50000,-50000,-50000
07880P,可成群益9B售05  ,0,0,0,0,0,0,0,0,0,-50000,0,0,0,132000,182000,-50000,-50000
07593P,臺股指凱基9A售08,0,0,0,0,0,0,0,0,0,-50000,0,0,0,10000,60000,-50000,-50000
07064P,臺股指元大9A售25,0,0,0,0,0,0,0,0,0,-50000,0,0,0,0,50000,-50000,-50000
063729,國巨元大9C購08  ,0,0,0,0,0,0,0,0,0,-50000,0,0,0,2000,52000,-50000,-50000
063731,台積電元大9B購10,0,0,0,0,0,0,0,0,0,-50000,0,0,0,0,50000,-50000,-50000
06444P,大立光凱基98售08,0,0,0,0,0,0,0,0,0,-50000,0,0,0,0,50000,-50000,-50000
06620P,聯發科元大98售07,0,0,0,0,0,0,0,0,0,-50000,0,0,0,0,50000,-50000,-50000
06627P,華新科元富99售01,0,0,0,0,0,0,0,0,0,-50000,0,0,0,0,50000,-50000,-50000
06515P,國巨凱基98售06  ,0,0,0,0,0,0,0,0,0,-50000,0,0,0,0,50000,-50000,-50000
08010P,大成鋼元大9B售01,0,0,0,0,0,0,0,0,0,-50000,0,0,0,70000,120000,-50000,-50000
08227P,T50反1元大9B售09,0,0,0,0,0,0,0,0,0,-50000,0,0,0,0,50000,-50000,-50000
6197,佳必琪          ,148000,199000,-51000,0,0,0,0,0,0,1000,1000,0,1000,0,0,0,-50000
055710,亞德客元大97購03,0,0,0,0,0,0,0,0,0,-50000,0,0,0,0,50000,-50000,-50000
054763,宏達電國票99購01,0,0,0,0,0,0,0,0,0,-50000,0,0,0,0,50000,-50000,-50000
055611,燿華國票98購02  ,0,0,0,0,0,0,0,0,0,-50000,0,0,0,30000,80000,-50000,-50000
055586,旺宏元大98購06  ,0,0,0,0,0,0,0,0,0,-50000,0,0,0,68000,118000,-50000,-50000
055019,福懋科元富97購01,0,0,0,0,0,0,0,0,0,-50000,0,0,0,50000,100000,-50000,-50000
055921,新唐凱基98購01  ,0,0,0,0,0,0,0,0,0,-50000,0,0,0,0,50000,-50000,-50000
055911,可成凱基98購02  ,0,0,0,0,0,0,0,0,0,-50000,0,0,0,0,50000,-50000,-50000
055811,國巨國票98購05  ,0,0,0,0,0,0,0,0,0,-50000,0,0,0,22000,72000,-50000,-50000
054205,華新國票97購02  ,0,0,0,0,0,0,0,0,0,-50000,0,0,0,0,50000,-50000,-50000
054214,京鼎國票97購02  ,0,0,0,0,0,0,0,0,0,-50000,0,0,0,0,50000,-50000,-50000
03686P,大立光統一98售02,0,0,0,0,0,0,0,0,0,-50000,0,0,0,1000,51000,-50000,-50000
055359,超眾凱基97購01  ,0,0,0,0,0,0,0,0,0,-50000,0,0,0,0,50000,-50000,-50000
055365,華通元大97購03  ,0,0,0,0,0,0,0,0,0,-50000,0,0,0,83000,133000,-50000,-50000
056452,亞光凱基98購02  ,0,0,0,0,0,0,0,0,0,-50000,0,0,0,0,50000,-50000,-50000
054339,聯詠統一96購02  ,0,0,0,0,0,0,0,0,0,-50000,0,0,0,0,50000,-50000,-50000
053473,聯發科元大96購15,0,0,0,0,0,0,0,0,0,-50000,0,0,0,0,50000,-50000,-50000
058293,光寶科凱基9A購01,0,0,0,0,0,0,0,0,0,-50000,0,0,0,88000,138000,-50000,-50000
058654,鴻海中信03購01  ,0,0,0,0,0,0,0,0,0,-50000,0,0,0,11000,61000,-50000,-50000
058583,臻鼎群益99購01  ,0,0,0,0,0,0,0,0,0,-50000,0,0,0,24000,74000,-50000,-50000
058802,矽創元大99購02  ,0,0,0,0,0,0,0,0,0,-50000,0,0,0,35000,85000,-50000,-50000
059949,啟碁永豐99購01  ,0,0,0,0,0,0,0,0,0,-50000,0,0,0,51000,101000,-50000,-50000
058792,鴻海元大99購18  ,0,0,0,0,0,0,0,0,0,-50000,0,0,0,2000,52000,-50000,-50000
059476,道瓊指群益9C購01,0,0,0,0,0,0,0,0,0,-50000,0,0,0,0,50000,-50000,-50000
057137,鈺齊凱基98購01  ,0,0,0,0,0,0,0,0,0,-50000,0,0,0,0,50000,-50000,-50000
057368,微星元大98購02  ,0,0,0,0,0,0,0,0,0,-50000,0,0,0,50000,100000,-50000,-50000
05730P,臺股指凱基97售03,0,0,0,0,0,0,0,0,0,-50000,0,0,0,3000,53000,-50000,-50000
057278,可成元大98購06  ,0,0,0,0,0,0,0,0,0,-50000,0,0,0,94000,144000,-50000,-50000
06896P,信邦中信98售01  ,0,0,0,0,0,0,0,0,0,-50000,0,0,0,0,50000,-50000,-50000
057040,國巨元大98購12  ,0,0,0,0,0,0,0,0,0,-50000,0,0,0,1000,51000,-50000,-50000
057033,A50反1元大9B購02,0,0,0,0,0,0,0,0,0,-50000,0,0,0,0,50000,-50000,-50000
06070P,漢唐永豐97售01  ,0,0,0,0,0,0,0,0,0,-50000,0,0,0,0,50000,-50000,-50000
060380,T50反1凱基9A購08,0,0,0,0,0,0,0,0,0,-50000,0,0,0,0,50000,-50000,-50000
061654,旺宏國票9A購02  ,0,0,0,0,0,0,0,0,0,-50000,0,0,0,0,50000,-50000,-50000
061747,南亞科統一01購01,0,0,0,0,0,0,0,0,0,-50000,0,0,0,0,50000,-50000,-50000
061735,上銀凱基9B購01  ,0,0,0,0,0,0,0,0,0,-50000,0,0,0,0,50000,-50000,-50000
060800,華新科第一9A購01,0,0,0,0,0,0,0,0,0,-50000,0,0,0,0,50000,-50000,-50000
061102,台積電元大9A購22,0,0,0,0,0,0,0,0,0,-50000,0,0,0,0,50000,-50000,-50000
061891,力山永豐9B購01  ,0,0,0,0,0,0,0,0,0,-50000,0,0,0,50000,100000,-50000,-50000
061472,台積電元大9A購32,0,0,0,0,0,0,0,0,0,-50000,0,0,0,0,50000,-50000,-50000
061576,華新科元大9A購21,0,0,0,0,0,0,0,0,0,-50000,0,0,0,0,50000,-50000,-50000
062728,健策凱基9B購04  ,0,0,0,0,0,0,0,0,0,-50000,0,0,0,23000,73000,-50000,-50000
063285,華擎元大9B購03  ,0,0,0,0,0,0,0,0,0,-50000,0,0,0,0,50000,-50000,-50000
063087,南六凱基9C購02  ,0,0,0,0,0,0,0,0,0,-50000,0,0,0,24000,74000,-50000,-50000
062410,台積電第一9B購02,0,0,0,0,0,0,0,0,0,-50000,0,0,0,0,50000,-50000,-50000
061955,FANG+統一9B購01 ,0,0,0,0,0,0,0,0,0,-50000,0,0,0,0,50000,-50000,-50000
062192,南六元大9B購01  ,0,0,0,0,0,0,0,0,0,-50000,0,0,0,52000,102000,-50000,-50000
062156,美律凱基9B購01  ,0,0,0,0,0,0,0,0,0,-50000,0,0,0,0,50000,-50000,-50000
6491,晶碩            ,1000,59000,-58000,0,0,0,0,0,0,7000,7000,0,7000,0,0,0,-51000
8341,日友            ,51000,62000,-11000,0,0,0,0,36000,-36000,-4000,0,4000,-4000,0,0,0,-51000
8249,菱光            ,7000,59000,-52000,0,0,0,0,0,0,1000,1000,0,1000,0,0,0,-51000
2380,虹光            ,0,51000,-51000,0,0,0,0,0,0,0,0,0,0,0,0,0,-51000
063762,緯穎統一9C購01  ,0,0,0,0,0,0,0,0,0,-51000,0,0,0,0,51000,-51000,-51000
07739P,緯穎永豐9A售01  ,0,0,0,0,0,0,0,0,0,-51000,0,0,0,4000,55000,-51000,-51000
054098,嘉晶國票97購04  ,0,0,0,0,0,0,0,0,0,-51000,0,0,0,10000,61000,-51000,-51000
056321,創意群益98購02  ,0,0,0,0,0,0,0,0,0,-51000,0,0,0,52000,103000,-51000,-51000
056088,台郡統一97購02  ,0,0,0,0,0,0,0,0,0,-51000,0,0,0,160000,211000,-51000,-51000
057859,神達康和98購01  ,0,0,0,0,0,0,0,0,0,-51000,0,0,0,11000,62000,-51000,-51000
057787,TPK國票99購01   ,0,0,0,0,0,0,0,0,0,-51000,0,0,0,161000,212000,-51000,-51000
057619,玉晶光凱基98購02,0,0,0,0,0,0,0,0,0,-51000,0,0,0,8000,59000,-51000,-51000
062153,智邦麥證9B購01  ,0,0,0,106000,177000,-71000,0,0,0,-51000,0,0,0,126000,177000,-51000,-51000
062226,臻鼎統一9B購01  ,0,0,0,0,0,0,0,0,0,-51000,0,0,0,29000,80000,-51000,-51000
061816,長榮航群益9B購02,0,0,0,0,0,0,0,0,0,-51000,0,0,0,47000,98000,-51000,-51000
07772P,華新科國票9A售05,0,0,0,0,0,0,0,0,0,-52000,0,0,0,0,52000,-52000,-52000
07049P,聯發科中信99售03,0,0,0,0,0,0,0,0,0,-52000,0,0,0,5000,57000,-52000,-52000
063739,台勝科元大9B購03,0,0,0,0,0,0,0,0,0,-52000,0,0,0,0,52000,-52000,-52000
063690,健鼎永豐9B購01  ,0,0,0,0,0,0,0,0,0,-52000,0,0,0,761000,813000,-52000,-52000
063376,神達永豐9B購01  ,0,0,0,0,0,0,0,0,0,-52000,0,0,0,16000,68000,-52000,-52000
2331,精英            ,13000,65000,-52000,0,0,0,0,0,0,0,0,0,0,0,0,0,-52000
08063P,立積國票9B售03  ,0,0,0,0,0,0,0,0,0,-52000,0,0,0,13000,65000,-52000,-52000
059868,台光電凱基99購03,0,0,0,0,0,0,0,0,0,-52000,0,0,0,0,52000,-52000,-52000
059513,揚明光永豐99購01,0,0,0,0,0,0,0,0,0,-52000,0,0,0,40000,92000,-52000,-52000
059268,鎧勝中信01購01  ,0,0,0,0,0,0,0,0,0,-52000,0,0,0,0,52000,-52000,-52000
057892,上証2X元富02購01,0,0,0,0,0,0,0,0,0,-52000,0,0,0,0,52000,-52000,-52000
060470,台勝科元大9A購03,0,0,0,0,0,0,0,0,0,-52000,0,0,0,0,52000,-52000,-52000
061722,健策永豐9B購03  ,0,0,0,0,0,0,0,0,0,-52000,0,0,0,23000,75000,-52000,-52000
063558,聚陽元大9B購02  ,0,0,0,0,0,0,0,0,0,-52000,0,0,0,63000,115000,-52000,-52000
063019,聯發科元大9C購01,0,0,0,0,0,0,0,0,0,-52000,0,0,0,65000,117000,-52000,-52000
08059P,京鼎元大9B售02  ,0,0,0,0,0,0,0,0,0,-53000,0,0,0,0,53000,-53000,-53000
08184P,可成永豐9B售03  ,0,0,0,0,0,0,0,0,0,-53000,0,0,0,216000,269000,-53000,-53000
2228,劍麟            ,47000,96000,-49000,0,0,0,0,0,0,-4000,1000,0,1000,0,5000,-5000,-53000
063630,智邦元大9B購09  ,0,0,0,0,0,0,0,0,0,-53000,0,0,0,90000,143000,-53000,-53000
06503P,臺股指中信9A售02,0,0,0,0,0,0,0,0,0,-53000,0,0,0,108000,161000,-53000,-53000
07805P,義隆永豐9A售02  ,0,0,0,0,0,0,0,0,0,-53000,0,0,0,32000,85000,-53000,-53000
056286,奇鋐永豐97購01  ,0,0,0,0,0,0,0,0,0,-53000,0,0,0,120000,173000,-53000,-53000
051317,亞德客國票96購01,0,0,0,0,0,0,0,0,0,-53000,0,0,0,0,53000,-53000,-53000
060608,玉晶光凱基9A購08,0,0,0,0,0,0,0,0,0,-53000,0,0,0,165000,218000,-53000,-53000
058703,台積電元大99購16,0,0,0,0,0,0,0,0,0,-53000,0,0,0,1000,54000,-53000,-53000
058031,旺宏永豐98購04  ,0,0,0,0,0,0,0,0,0,-53000,0,0,0,0,53000,-53000,-53000
059934,華通永豐99購02  ,0,0,0,0,0,0,0,0,0,-53000,0,0,0,0,53000,-53000,-53000
059976,道瓊銀元大99購01,0,0,0,0,0,0,0,0,0,-53000,0,0,0,47000,100000,-53000,-53000
059632,聯發科凱基01購01,0,0,0,0,0,0,0,0,0,-53000,0,0,0,20000,73000,-53000,-53000
061127,美食永豐9A購01  ,0,0,0,0,0,0,0,0,0,-53000,0,0,0,70000,123000,-53000,-53000
061465,聯詠群益9A購01  ,0,0,0,0,0,0,0,0,0,-53000,0,0,0,7000,60000,-53000,-53000
061164,燿華兆豐9B購01  ,0,0,0,0,0,0,0,0,0,-53000,0,0,0,698000,751000,-53000,-53000
062709,帆宣元大9B購01  ,0,0,0,0,0,0,0,0,0,-53000,0,0,0,2000,55000,-53000,-53000
07469P,台達電元大9A售01,0,0,0,0,0,0,0,0,0,-54000,0,0,0,1000,55000,-54000,-54000
2476,鉅祥            ,0,54000,-54000,0,0,0,0,0,0,0,0,0,0,0,0,0,-54000
053630,奇鋐兆豐97購01  ,0,0,0,0,0,0,0,0,0,-54000,0,0,0,30000,84000,-54000,-54000
052847,漢唐統一99購01  ,0,0,0,0,0,0,0,0,0,-54000,0,0,0,0,54000,-54000,-54000
055848,大立光元大97購11,0,0,0,0,0,0,0,0,0,-54000,0,0,0,46000,100000,-54000,-54000
057569,光磊永豐98購03  ,0,0,0,0,0,0,0,0,0,-54000,0,0,0,82000,136000,-54000,-54000
062253,燿華元大9B購02  ,0,0,0,0,0,0,0,0,0,-54000,0,0,0,182000,236000,-54000,-54000
062109,聯詠國票9C購01  ,0,0,0,0,0,0,0,0,0,-54000,0,0,0,5000,59000,-54000,-54000
1526,日馳            ,5000,61000,-56000,0,0,0,0,0,0,1000,1000,0,1000,0,0,0,-55000
1313,聯成            ,163000,222000,-59000,0,0,0,0,0,0,4000,4000,0,4000,0,0,0,-55000
2636,台驊投控        ,50000,58000,-8000,0,0,0,0,2000,-2000,-45000,0,45000,-45000,0,0,0,-55000
07518P,臺股指元大9B售09,0,0,0,0,0,0,0,0,0,-55000,0,0,0,0,55000,-55000,-55000
07626P,台灣50凱基04售07,0,0,0,0,0,0,0,0,0,-55000,0,0,0,0,55000,-55000,-55000
07703P,玉晶光中信9B售03,0,0,0,0,0,0,0,0,0,-55000,0,0,0,21000,76000,-55000,-55000
07014P,華通元大99售04  ,0,0,0,0,0,0,0,0,0,-55000,0,0,0,41000,96000,-55000,-55000
07284P,大立光凱基99售10,0,0,0,0,0,0,0,0,0,-55000,0,0,0,45000,100000,-55000,-55000
058445,旺宏富邦9C購01  ,0,0,0,0,0,0,0,0,0,-55000,0,0,0,30000,85000,-55000,-55000
056380,麗豐元富98購01  ,0,0,0,0,0,0,0,0,0,-55000,0,0,0,0,55000,-55000,-55000
056573,華新科元大99購06,0,0,0,0,0,0,0,0,0,-55000,0,0,0,0,55000,-55000,-55000
052561,矽創國票97購01  ,0,0,0,0,0,0,0,0,0,-55000,0,0,0,38000,93000,-55000,-55000
059564,鴻海凱基9A購15  ,0,0,0,0,0,0,0,0,0,-55000,0,0,0,2000,57000,-55000,-55000
058905,京鼎元大99購01  ,0,0,0,0,0,0,0,0,0,-55000,0,0,0,59000,114000,-55000,-55000
058098,T50反1國泰9A購02,0,0,0,0,0,0,0,0,0,-55000,0,0,0,0,55000,-55000,-55000
058571,緯穎凱基9A購02  ,0,0,0,0,0,0,0,0,0,-55000,0,0,0,20000,75000,-55000,-55000
060061,旺宏兆豐99購02  ,0,0,0,0,0,0,0,0,0,-55000,0,0,0,0,55000,-55000,-55000
060511,群創元大9B購08  ,0,0,0,0,0,0,0,0,0,-55000,0,0,0,21000,76000,-55000,-55000
060463,台積電元大9A購10,0,0,0,0,0,0,0,0,0,-55000,0,0,0,0,55000,-55000,-55000
060816,世紀鋼凱基9C購02,0,0,0,0,0,0,0,0,0,-55000,0,0,0,0,55000,-55000,-55000
061595,智易永豐9A購02  ,0,0,0,0,0,0,0,0,0,-55000,0,0,0,20000,75000,-55000,-55000
061345,玉晶光元大9A購14,0,0,0,0,0,0,0,0,0,-55000,0,0,0,8000,63000,-55000,-55000
061897,泰碩永豐9B購01  ,0,0,0,0,0,0,0,0,0,-55000,0,0,0,58000,113000,-55000,-55000
06465P,國巨統一98售04  ,0,0,0,0,0,0,0,0,0,-56000,0,0,0,107000,163000,-56000,-56000
063749,聯發科國票9C購04,0,0,0,0,0,0,0,0,0,-56000,0,0,0,0,56000,-56000,-56000
063727,鴻海元大9C購05  ,0,0,0,0,0,0,0,0,0,-56000,0,0,0,31000,87000,-56000,-56000
063759,義隆統一9C購01  ,0,0,0,0,0,0,0,0,0,-56000,0,0,0,65000,121000,-56000,-56000
055439,台表科國票98購02,0,0,0,0,0,0,0,0,0,-56000,0,0,0,0,56000,-56000,-56000
052047,建準凱基96購01  ,0,0,0,0,0,0,0,0,0,-56000,0,0,0,14000,70000,-56000,-56000
056689,玉晶光統一9A購03,0,0,0,0,0,0,0,0,0,-56000,0,0,0,219000,275000,-56000,-56000
055801,景碩永豐97購02  ,0,0,0,0,0,0,0,0,0,-56000,0,0,0,376000,432000,-56000,-56000
057604,鴻海統一9C購01  ,0,0,0,0,0,0,0,0,0,-56000,0,0,0,2000,58000,-56000,-56000
061820,康控群益9B購02  ,0,0,0,0,0,0,0,0,0,-56000,0,0,0,355000,411000,-56000,-56000
061950,日月光群益9B購01,0,0,0,0,0,0,0,0,0,-56000,0,0,0,77000,133000,-56000,-56000
062732,南六凱基9B購03  ,0,0,0,0,0,0,0,0,0,-56000,0,0,0,5000,61000,-56000,-56000
063280,燿華元大9B購05  ,0,0,0,0,0,0,0,0,0,-56000,0,0,0,167000,223000,-56000,-56000
1227,佳格            ,277000,333420,-56420,0,0,0,0,0,0,0,2000,2000,0,0,0,0,-56420
07999P,台達電凱基9B售02,0,0,0,0,0,0,0,0,0,-57000,0,0,0,49000,106000,-57000,-57000
063634,台光電元大9B購09,0,0,0,0,0,0,0,0,0,-57000,0,0,0,111000,168000,-57000,-57000
05620P,大立光富邦9B售01,0,0,0,0,0,0,0,0,0,-57000,0,0,0,220000,277000,-57000,-57000
055093,京鼎群益98購01  ,0,0,0,0,0,0,0,0,0,-57000,0,0,0,83000,140000,-57000,-57000
055381,茂林元大97購02  ,0,0,0,0,0,0,0,0,0,-57000,0,0,0,8000,65000,-57000,-57000
059917,華新科元大99購19,0,0,0,0,0,0,0,0,0,-57000,0,0,0,11000,68000,-57000,-57000
058985,可成凱基99購03  ,0,0,0,0,0,0,0,0,0,-57000,0,0,0,38000,95000,-57000,-57000
059315,鴻海元大99購30  ,0,0,0,0,0,0,0,0,0,-57000,0,0,0,38000,95000,-57000,-57000
063191,台表科凱基9B購03,0,0,0,0,0,0,0,0,0,-57000,0,0,0,78000,135000,-57000,-57000
063120,台光電元大9C購01,0,0,0,0,0,0,0,0,0,-57000,0,0,0,48000,105000,-57000,-57000
062776,鴻海元大9B購03  ,0,0,0,0,0,0,0,0,0,-57000,0,0,0,11000,68000,-57000,-57000
060338,鴻海統一9C購02  ,0,0,0,0,0,0,0,0,0,-57000,0,0,0,0,57000,-57000,-57000
2207,和泰車          ,220536,286092,-65556,0,0,0,0,0,0,8000,8000,0,8000,0,0,0,-57556
053186,健策中信9C購01  ,0,0,0,0,0,0,0,0,0,-58000,0,0,0,179000,237000,-58000,-58000
050493,聯發科永昌96購01,0,0,0,0,0,0,0,0,0,-58000,0,0,0,11000,69000,-58000,-58000
050915,健策中信98購01  ,0,0,0,0,0,0,0,0,0,-58000,0,0,0,24000,82000,-58000,-58000
055014,達興元富97購01  ,0,0,0,0,0,0,0,0,0,-58000,0,0,0,0,58000,-58000,-58000
055603,超眾元大97購04  ,0,0,0,0,0,0,0,0,0,-58000,0,0,0,10000,68000,-58000,-58000
054717,亞德客永豐97購01,0,0,0,0,0,0,0,0,0,-58000,0,0,0,0,58000,-58000,-58000
058440,玉晶光統一99購02,0,0,0,0,0,0,0,0,0,-58000,0,0,0,304000,362000,-58000,-58000
059165,南亞科凱基99購04,0,0,0,0,0,0,0,0,0,-58000,0,0,0,20000,78000,-58000,-58000
058913,元油2X元富01購01,0,0,0,0,0,0,0,0,0,-58000,0,0,0,0,58000,-58000,-58000
059511,宏達電永豐99購02,0,0,0,0,0,0,0,0,0,-58000,0,0,0,9000,67000,-58000,-58000
057574,中磊永豐98購01  ,0,0,0,0,0,0,0,0,0,-58000,0,0,0,37000,95000,-58000,-58000
060604,宏達電凱基9B購01,0,0,0,0,0,0,0,0,0,-58000,0,0,0,26000,84000,-58000,-58000
057862,智邦凱基99購01  ,0,0,0,0,0,0,0,0,0,-58000,0,0,0,7000,65000,-58000,-58000
057872,旺宏元大99購06  ,0,0,0,0,0,0,0,0,0,-58000,0,0,0,20000,78000,-58000,-58000
056894,佳世達元大99購01,0,0,0,0,0,0,0,0,0,-58000,0,0,0,0,58000,-58000,-58000
060079,台郡台新99購03  ,0,0,0,0,0,0,0,0,0,-58000,0,0,0,155000,213000,-58000,-58000
061087,國巨統一01購04  ,0,0,0,0,0,0,0,0,0,-58000,0,0,0,9000,67000,-58000,-58000
061007,聯詠兆豐9A購01  ,0,0,0,0,0,0,0,0,0,-58000,0,0,0,211000,269000,-58000,-58000
063104,大立光群益9C購02,0,0,0,0,0,0,0,0,0,-58000,0,0,0,10000,68000,-58000,-58000
1608,華榮            ,15000,75000,-60000,0,0,0,0,0,0,1000,1000,0,1000,0,0,0,-59000
5471,松翰            ,1278000,1107000,171000,0,0,0,0,230000,-230000,0,0,0,0,0,0,0,-59000
063637,聯發科元大9C購02,0,0,0,0,0,0,0,0,0,-59000,0,0,0,1000,60000,-59000,-59000
06999P,玉晶光國票9B售01,0,0,0,0,0,0,0,0,0,-59000,0,0,0,0,59000,-59000,-59000
06744P,嘉聯益永豐98售03,0,0,0,0,0,0,0,0,0,-59000,0,0,0,10000,69000,-59000,-59000
054569,GIS群益98購01   ,0,0,0,0,0,0,0,0,0,-59000,0,0,0,78000,137000,-59000,-59000
03840P,台積電統一99售02,0,0,0,0,0,0,0,0,0,-59000,0,0,0,0,59000,-59000,-59000
057060,緯穎元大98購05  ,0,0,0,0,0,0,0,0,0,-59000,0,0,0,5000,64000,-59000,-59000
060577,玉晶光中信9A購02,0,0,0,0,0,0,0,0,0,-59000,0,0,0,3000,62000,-59000,-59000
062730,致伸凱基9B購01  ,0,0,0,0,0,0,0,0,0,-59000,0,0,0,234000,293000,-59000,-59000
062601,富邦金台新9B購01,0,0,0,0,0,0,0,0,0,-59000,0,0,0,134000,193000,-59000,-59000
060687,GIS元大9A購01   ,0,0,0,0,0,0,0,0,0,-59000,0,0,0,10000,69000,-59000,-59000
07417P,聯發科元大99售44,0,0,0,0,0,0,0,0,0,-60000,0,0,0,0,60000,-60000,-60000
07588P,滬深2X國票9C售01,0,0,0,0,0,0,0,0,0,-60000,0,0,0,0,60000,-60000,-60000
063737,大立光元大9C購07,0,0,0,0,0,0,0,0,0,-60000,0,0,0,6000,66000,-60000,-60000
063697,香港反群益9C購01,0,0,0,0,0,0,0,0,0,-60000,0,0,0,0,60000,-60000,-60000
063846,智邦元大9C購01  ,0,0,0,0,0,0,0,0,0,-60000,0,0,0,7000,67000,-60000,-60000
06685P,鴻海國泰9A售01  ,0,0,0,0,0,0,0,0,0,-60000,0,0,0,0,60000,-60000,-60000
6715,嘉基            ,12000,72000,-60000,0,0,0,0,0,0,0,0,0,0,0,0,0,-60000
3038,全台            ,446000,365000,81000,0,0,0,0,188000,-188000,47000,47000,0,47000,0,0,0,-60000
053107,旺宏兆豐97購01  ,0,0,0,0,0,0,0,0,0,-60000,0,0,0,0,60000,-60000,-60000
055458,燿華永豐98購01  ,0,0,0,0,0,0,0,0,0,-60000,0,0,0,0,60000,-60000,-60000
057490,可成元大98購10  ,0,0,0,0,0,0,0,0,0,-60000,0,0,0,78000,138000,-60000,-60000
056029,國巨麥證98購01  ,0,0,0,0,60000,-60000,0,0,0,-60000,0,0,0,0,60000,-60000,-60000
055569,聚陽統一98購01  ,0,0,0,0,0,0,0,0,0,-60000,0,0,0,0,60000,-60000,-60000
056617,美律永豐98購01  ,0,0,0,0,0,0,0,0,0,-60000,0,0,0,8000,68000,-60000,-60000
055094,智易群益98購01  ,0,0,0,0,0,0,0,0,0,-60000,0,0,0,0,60000,-60000,-60000
060562,旺宏富邦9C購02  ,0,0,0,0,0,0,0,0,0,-60000,0,0,0,20000,80000,-60000,-60000
056968,揚明光永豐98購02,0,0,0,0,0,0,0,0,0,-60000,0,0,0,0,60000,-60000,-60000
060664,聯詠凱基9A購01  ,0,0,0,0,0,0,0,0,0,-60000,0,0,0,53000,113000,-60000,-60000
060113,祥碩元大9B購01  ,0,0,0,0,0,0,0,0,0,-60000,0,0,0,0,60000,-60000,-60000
057660,訊芯兆豐98購02  ,0,0,0,0,0,0,0,0,0,-60000,0,0,0,0,60000,-60000,-60000
057793,群創統一99購02  ,0,0,0,0,0,0,0,0,0,-60000,0,0,0,0,60000,-60000,-60000
058758,台積電群益99購05,0,0,0,0,0,0,0,0,0,-60000,0,0,0,2000,62000,-60000,-60000
057164,國巨元大98購14  ,0,0,0,0,0,0,0,0,0,-60000,0,0,0,0,60000,-60000,-60000
05947P,大成鋼元大96售03,0,0,0,0,0,0,0,0,0,-60000,0,0,0,40000,100000,-60000,-60000
058605,華邦電元大99購04,0,0,0,0,0,0,0,0,0,-60000,0,0,0,69000,129000,-60000,-60000
057974,上銀永豐98購02  ,0,0,0,0,0,0,0,0,0,-60000,0,0,0,0,60000,-60000,-60000
061910,台積電中信05購03,0,0,0,0,0,0,0,0,0,-60000,0,0,0,0,60000,-60000,-60000
062893,元金2X元大9C購01,0,0,0,0,0,0,0,0,0,-60000,0,0,0,0,60000,-60000,-60000
06138P,台積電中信99售01,0,0,0,0,0,0,0,0,0,-60000,0,0,0,0,60000,-60000,-60000
8163,達方            ,157000,216000,-59000,0,0,0,0,0,0,-2000,18000,6000,12000,0,14000,-14000,-61000
9955,佳龍            ,24000,86000,-62000,0,0,0,0,0,0,1000,1000,0,1000,0,0,0,-61000
08129P,聯發科元大9B售23,0,0,0,0,0,0,0,0,0,-61000,0,0,0,44000,105000,-61000,-61000
063321,泰鼎群益9B購03  ,0,0,0,0,0,0,0,0,0,-61000,0,0,0,122000,183000,-61000,-61000
07164P,臺股指群益99售15,0,0,0,0,0,0,0,0,0,-61000,0,0,0,36000,97000,-61000,-61000
056705,超眾國泰99購01  ,0,0,0,0,0,0,0,0,0,-61000,0,0,0,27000,88000,-61000,-61000
055527,旺宏群益99購03  ,0,0,0,0,0,0,0,0,0,-61000,0,0,0,0,61000,-61000,-61000
057216,聯發科群益99購01,0,0,0,0,0,0,0,0,0,-61000,0,0,0,14000,75000,-61000,-61000
057721,華擎元富98購02  ,0,0,0,0,0,0,0,0,0,-61000,0,0,0,39000,100000,-61000,-61000
060467,神基元大9A購01  ,0,0,0,0,0,0,0,0,0,-61000,0,0,0,129000,190000,-61000,-61000
062917,旭富元大9C購03  ,0,0,0,0,0,0,0,0,0,-61000,0,0,0,42000,103000,-61000,-61000
06123P,玉晶光元大97售04,0,0,0,0,0,0,0,0,0,-61000,0,0,0,0,61000,-61000,-61000
08144P,臺股指凱基02售03,0,0,0,0,0,0,0,0,0,-62000,0,0,0,0,62000,-62000,-62000
08009P,華擎統一9B售02  ,0,0,0,0,0,0,0,0,0,-62000,0,0,0,2000,64000,-62000,-62000
08192P,大毅國票9B售05  ,0,0,0,0,0,0,0,0,0,-62000,0,0,0,100000,162000,-62000,-62000
056712,京鼎永豐98購01  ,0,0,0,0,0,0,0,0,0,-62000,0,0,0,0,62000,-62000,-62000
060738,矽格統一9C購01  ,0,0,0,0,0,0,0,0,0,-62000,0,0,0,46000,108000,-62000,-62000
06010P,國泰金元富96售01,0,0,0,0,0,0,0,0,0,-62000,0,0,0,58000,120000,-62000,-62000
1467,南緯            ,247000,312000,-65000,0,0,0,0,0,0,2000,2000,0,2000,0,0,0,-63000
08034P,台積電兆豐9B售02,0,0,0,0,0,0,0,0,0,-63000,0,0,0,10000,73000,-63000,-63000
08070P,晶技國泰9C售02  ,0,0,0,0,0,0,0,0,0,-63000,0,0,0,0,63000,-63000,-63000
07835P,台表科群益9A售02,0,0,0,0,0,0,0,0,0,-63000,0,0,0,0,63000,-63000,-63000
07884P,華新科凱基9B售08,0,0,0,0,0,0,0,0,0,-63000,0,0,0,0,63000,-63000,-63000
056054,亞德客元大97購05,0,0,0,0,0,0,0,0,0,-63000,0,0,0,20000,83000,-63000,-63000
056625,致伸永豐98購01  ,0,0,0,0,0,0,0,0,0,-63000,0,0,0,48000,111000,-63000,-63000
059242,南亞科凱基99購06,0,0,0,0,0,0,0,0,0,-63000,0,0,0,28000,91000,-63000,-63000
052003,泰碩國泰97購02  ,0,0,0,0,0,0,0,0,0,-63000,0,0,0,33000,96000,-63000,-63000
057636,上銀元大98購06  ,0,0,0,0,0,0,0,0,0,-63000,0,0,0,1000,64000,-63000,-63000
058123,亞光國票9A購01  ,0,0,0,0,0,0,0,0,0,-63000,0,0,0,20000,83000,-63000,-63000
058248,聯茂元大99購05  ,0,0,0,0,0,0,0,0,0,-63000,0,0,0,12000,75000,-63000,-63000
060248,日月光元大9A購01,0,0,0,0,0,0,0,0,0,-63000,0,0,0,40000,103000,-63000,-63000
05755P,臺股指中信99售04,0,0,0,0,0,0,0,0,0,-63000,0,0,0,30000,93000,-63000,-63000
060764,華擎元大9A購03  ,0,0,0,0,0,0,0,0,0,-63000,0,0,0,71000,134000,-63000,-63000
061342,華新科元大9A購17,0,0,0,0,0,0,0,0,0,-63000,0,0,0,10000,73000,-63000,-63000
062550,啟碁永豐9B購01  ,0,0,0,0,0,0,0,0,0,-63000,0,0,0,0,63000,-63000,-63000
07227P,聯發科元富99售05,0,0,0,0,0,0,0,0,0,-64000,0,0,0,290000,354000,-64000,-64000
08018P,牧德國票9B售04  ,0,0,0,0,0,0,0,0,0,-64000,0,0,0,0,64000,-64000,-64000
058914,元油2X元富01購02,0,0,0,0,0,0,0,0,0,-64000,0,0,0,0,64000,-64000,-64000
058328,世紀鋼統一9B購01,0,0,0,0,0,0,0,0,0,-64000,0,0,0,102000,166000,-64000,-64000
060125,強茂永豐99購01  ,0,0,0,0,0,0,0,0,0,-64000,0,0,0,74000,138000,-64000,-64000
062352,南六群益9B購02  ,0,0,0,0,0,0,0,0,0,-64000,0,0,0,17000,81000,-64000,-64000
062859,玉晶光國票01購02,0,0,0,0,0,0,0,0,0,-64000,0,0,0,172000,236000,-64000,-64000
061580,華擎元大9A購06  ,0,0,0,0,0,0,0,0,0,-64000,0,0,0,0,64000,-64000,-64000
061110,超眾元大9A購03  ,0,0,0,0,0,0,0,0,0,-64000,0,0,0,53000,117000,-64000,-64000
08250P,GIS群益9C售02   ,0,0,0,0,0,0,0,0,0,-65000,0,0,0,0,65000,-65000,-65000
1718,中纖            ,171000,237000,-66000,0,0,0,0,0,0,1000,1000,0,1000,0,0,0,-65000
06949P,台表科元大99售01,0,0,0,0,0,0,0,0,0,-65000,0,0,0,26000,91000,-65000,-65000
063565,旺宏元大9B購08  ,0,0,0,0,0,0,0,0,0,-65000,0,0,0,7000,72000,-65000,-65000
06681P,致茂元大98售02  ,0,0,0,0,0,0,0,0,0,-65000,0,0,0,0,65000,-65000,-65000
06545P,致茂元大98售01  ,0,0,0,0,0,0,0,0,0,-65000,0,0,0,0,65000,-65000,-65000
063784,華通中信06購01  ,0,0,0,0,0,0,0,0,0,-65000,0,0,0,0,65000,-65000,-65000
04454P,大立光富邦98售02,0,0,0,0,0,0,0,0,0,-65000,0,0,0,0,65000,-65000,-65000
052777,燿華國票98購01  ,0,0,0,0,0,0,0,0,0,-65000,0,0,0,5000,70000,-65000,-65000
053582,英業達元大97購01,0,0,0,0,0,0,0,0,0,-65000,0,0,0,35000,100000,-65000,-65000
055877,奇鋐元富97購01  ,0,0,0,0,0,0,0,0,0,-65000,0,0,0,200000,265000,-65000,-65000
057727,華邦電國泰9A購01,0,0,0,0,0,0,0,0,0,-65000,0,0,0,98000,163000,-65000,-65000
057501,超眾群益98購04  ,0,0,0,0,0,0,0,0,0,-65000,0,0,0,20000,85000,-65000,-65000
061145,臻鼎中信9A購02  ,0,0,0,0,0,0,0,0,0,-65000,0,0,0,168000,233000,-65000,-65000
063514,南電麥證9C購01  ,0,0,0,10000,75000,-65000,0,0,0,-65000,0,0,0,10000,75000,-65000,-65000
062615,亞德客元大9B購02,0,0,0,0,0,0,0,0,0,-65000,0,0,0,0,65000,-65000,-65000
063214,康控國票9C購01  ,0,0,0,0,0,0,0,0,0,-65000,0,0,0,54000,119000,-65000,-65000
063261,康控富邦03購01  ,0,0,0,0,0,0,0,0,0,-65000,0,0,0,57000,122000,-65000,-65000
062319,南六凱基9B購02  ,0,0,0,0,0,0,0,0,0,-65000,0,0,0,16000,81000,-65000,-65000
062106,華邦電國票9B購02,0,0,0,0,0,0,0,0,0,-65000,0,0,0,43000,108000,-65000,-65000
07407P,欣興凱基99售07  ,0,0,0,0,0,0,0,0,0,-66000,0,0,0,118000,184000,-66000,-66000
07920P,大立光中信01售01,0,0,0,0,0,0,0,0,0,-66000,0,0,0,50000,116000,-66000,-66000
9940,信義            ,17000,84000,-67000,0,0,0,0,0,0,1000,1000,0,1000,0,0,0,-66000
2702,華園            ,35000,101000,-66000,0,0,0,0,0,0,0,0,0,0,0,0,0,-66000
2537,聯上發          ,209000,275000,-66000,0,0,0,0,0,0,0,0,0,0,0,0,0,-66000
056351,鴻海元大98購06  ,0,0,0,0,0,0,0,0,0,-66000,0,0,0,2000,68000,-66000,-66000
062161,南六凱基9C購01  ,0,0,0,0,0,0,0,0,0,-66000,0,0,0,43000,109000,-66000,-66000
062204,京元電國票9C購01,0,0,0,0,0,0,0,0,0,-66000,0,0,0,53000,119000,-66000,-66000
063086,祥碩凱基9C購01  ,0,0,0,0,0,0,0,0,0,-66000,0,0,0,65000,131000,-66000,-66000
062672,兆豐金中信03購01,0,0,0,0,0,0,0,0,0,-66000,0,0,0,46000,112000,-66000,-66000
062695,華通元大9C購01  ,0,0,0,0,0,0,0,0,0,-66000,0,0,0,18000,84000,-66000,-66000
060823,旺宏元大9A購05  ,0,0,0,0,0,0,0,0,0,-66000,0,0,0,2000,68000,-66000,-66000
2106,建大            ,64000,123000,-59000,0,0,0,0,0,0,-8000,2000,10000,-8000,0,0,0,-67000
2359,所羅門          ,10000,76000,-66000,0,0,0,0,1000,-1000,0,0,0,0,0,0,0,-67000
08219P,上銀凱基9B售08  ,0,0,0,0,0,0,0,0,0,-67000,0,0,0,0,67000,-67000,-67000
1473,台南            ,4000,71000,-67000,0,0,0,0,0,0,0,0,0,0,0,0,0,-67000
07129P,華新科元大99售14,0,0,0,0,0,0,0,0,0,-67000,0,0,0,75000,142000,-67000,-67000
06706P,智原台新98售02  ,0,0,0,0,0,0,0,0,0,-67000,0,0,0,0,67000,-67000,-67000
063645,瑞儀元大9B購02  ,0,0,0,0,0,0,0,0,0,-67000,0,0,0,0,67000,-67000,-67000
00683L,元大美元指數正2 ,0,0,0,0,0,0,0,0,0,-67000,0,0,0,5000,72000,-67000,-67000
057842,緯穎富邦99購02  ,0,0,0,0,0,0,0,0,0,-67000,0,0,0,10000,77000,-67000,-67000
061121,智邦永豐9A購02  ,0,0,0,0,0,0,0,0,0,-67000,0,0,0,36000,103000,-67000,-67000
061540,台積電群益9A購07,0,0,0,0,0,0,0,0,0,-67000,0,0,0,25000,92000,-67000,-67000
062854,日電貿永豐9B購01,0,0,0,0,0,0,0,0,0,-67000,0,0,0,447000,514000,-67000,-67000
062815,聯發科兆豐9B購03,0,0,0,0,0,0,0,0,0,-67000,0,0,0,6000,73000,-67000,-67000
062148,奇鋐國票9B購01  ,0,0,0,0,0,0,0,0,0,-67000,0,0,0,12000,79000,-67000,-67000
1476,儒鴻            ,468880,442000,26880,0,0,0,0,84000,-84000,-10000,16000,21000,-5000,0,5000,-5000,-67120
06447P,上銀元大98售01  ,0,0,0,0,0,0,0,0,0,-68000,0,0,0,0,68000,-68000,-68000
057484,南亞科元大98購06,0,0,0,0,0,0,0,0,0,-68000,0,0,0,0,68000,-68000,-68000
057471,昇陽半永豐98購02,0,0,0,0,0,0,0,0,0,-68000,0,0,0,0,68000,-68000,-68000
057044,旺宏元大98購08  ,0,0,0,0,0,0,0,0,0,-68000,0,0,0,0,68000,-68000,-68000
060405,中租國泰9C購01  ,0,0,0,0,0,0,0,0,0,-68000,0,0,0,12000,80000,-68000,-68000
058584,百和群益9A購01  ,0,0,0,0,0,0,0,0,0,-68000,0,0,0,0,68000,-68000,-68000
058047,可成元大98購11  ,0,0,0,0,0,0,0,0,0,-68000,0,0,0,15000,83000,-68000,-68000
058263,大成鋼永豐99購01,0,0,0,0,0,0,0,0,0,-68000,0,0,0,0,68000,-68000,-68000
058234,華新科元大99購12,0,0,0,0,0,0,0,0,0,-68000,0,0,0,0,68000,-68000,-68000
058148,百和元大99購01  ,0,0,0,0,0,0,0,0,0,-68000,0,0,0,0,68000,-68000,-68000
062263,康控元大9B購03  ,0,0,0,0,0,0,0,0,0,-68000,0,0,0,159000,227000,-68000,-68000
062605,上銀凱基9B購03  ,0,0,0,0,0,0,0,0,0,-68000,0,0,0,0,68000,-68000,-68000
063277,大成鋼元大9B購03,0,0,0,0,0,0,0,0,0,-68000,0,0,0,60000,128000,-68000,-68000
061118,GIS富邦9A購01   ,0,0,0,0,0,0,0,0,0,-68000,0,0,0,6000,74000,-68000,-68000
061675,華新科元大9A購23,0,0,0,0,0,0,0,0,0,-68000,0,0,0,0,68000,-68000,-68000
07710P,華擎元大9A售05  ,0,0,0,0,0,0,0,0,0,-69000,0,0,0,0,69000,-69000,-69000
056287,亞光永豐97購02  ,0,0,0,0,0,0,0,0,0,-69000,0,0,0,131000,200000,-69000,-69000
056774,和鑫元大98購01  ,0,0,0,0,0,0,0,0,0,-69000,0,0,0,31000,100000,-69000,-69000
056545,TPK凱基98購02   ,0,0,0,0,0,0,0,0,0,-69000,0,0,0,203000,272000,-69000,-69000
056691,元油2X群益9B購01,0,0,0,0,0,0,0,0,0,-69000,0,0,0,0,69000,-69000,-69000
055725,嘉聯益元大98購03,0,0,0,0,0,0,0,0,0,-69000,0,0,0,147000,216000,-69000,-69000
055726,台表科元大98購03,0,0,0,0,0,0,0,0,0,-69000,0,0,0,0,69000,-69000,-69000
046937,聯電元大99購01  ,0,0,0,0,0,0,0,0,0,-69000,0,0,0,20000,89000,-69000,-69000
057996,臻鼎中信98購01  ,0,0,0,0,0,0,0,0,0,-69000,0,0,0,23000,92000,-69000,-69000
057537,聯茂元大98購04  ,0,0,0,0,0,0,0,0,0,-69000,0,0,0,0,69000,-69000,-69000
060551,大立光凱基9B購02,0,0,0,0,0,0,0,0,0,-69000,0,0,0,0,69000,-69000,-69000
060618,玉晶光元大9A購02,0,0,0,0,0,0,0,0,0,-69000,0,0,0,0,69000,-69000,-69000
060045,嘉晶群益99購02  ,0,0,0,0,0,0,0,0,0,-69000,0,0,0,1000,70000,-69000,-69000
061274,臺股指凱基9A購24,0,0,0,0,0,0,0,0,0,-69000,0,0,0,70000,139000,-69000,-69000
063222,群創群益9B購03  ,0,0,0,0,0,0,0,0,0,-69000,0,0,0,0,69000,-69000,-69000
07150P,和碩元大99售01  ,0,0,0,0,0,0,0,0,0,-70000,0,0,0,0,70000,-70000,-70000
07382P,台積電群益9B售01,0,0,0,0,0,0,0,0,0,-70000,0,0,0,0,70000,-70000,-70000
07263P,台積電元大99售37,0,0,0,0,0,0,0,0,0,-70000,0,0,0,0,70000,-70000,-70000
063813,瑞昱群益9C購02  ,0,0,0,0,0,0,0,0,0,-70000,0,0,0,0,70000,-70000,-70000
08122P,晶技國票9C售01  ,0,0,0,0,0,0,0,0,0,-70000,0,0,0,0,70000,-70000,-70000
3588,通嘉            ,76000,148000,-72000,0,0,0,0,0,0,2000,2000,0,2000,0,0,0,-70000
3504,揚明光          ,141000,217000,-76000,0,0,0,0,0,0,6000,0,1000,-1000,7000,0,7000,-70000
046383,群創凱基98購01  ,0,0,0,0,0,0,0,0,0,-70000,0,0,0,0,70000,-70000,-70000
00703,台新MSCI中國    ,0,0,0,0,0,0,0,0,0,-70000,0,0,0,93000,163000,-70000,-70000
051382,玉晶光群益98購02,0,0,0,0,0,0,0,0,0,-70000,0,0,0,12000,82000,-70000,-70000
057918,旺宏凱基99購01  ,0,0,0,0,0,0,0,0,0,-70000,0,0,0,0,70000,-70000,-70000
059053,鴻海凱基99購07  ,0,0,0,0,0,0,0,0,0,-70000,0,0,0,3000,73000,-70000,-70000
059646,聯茂凱基99購06  ,0,0,0,0,0,0,0,0,0,-70000,0,0,0,0,70000,-70000,-70000
062237,緯創凱基9B購01  ,0,0,0,0,0,0,0,0,0,-70000,0,0,0,40000,110000,-70000,-70000
062398,建準永豐9B購01  ,0,0,0,0,0,0,0,0,0,-70000,0,0,0,11000,81000,-70000,-70000
062392,國巨富邦02購01  ,0,0,0,0,0,0,0,0,0,-70000,0,0,0,1018000,1088000,-70000,-70000
06169P,華新科元富97售02,0,0,0,0,0,0,0,0,0,-70000,0,0,0,0,70000,-70000,-70000
060847,康控國票9A購01  ,0,0,0,0,0,0,0,0,0,-70000,0,0,0,52000,122000,-70000,-70000
08663P,台灣50元大96售01,0,0,0,0,0,0,0,0,0,-71000,0,0,0,0,71000,-71000,-71000
07639P,緯穎國票9A售01  ,0,0,0,0,0,0,0,0,0,-71000,0,0,0,94000,165000,-71000,-71000
055421,玉晶光永豐98購04,0,0,0,0,0,0,0,0,0,-71000,0,0,0,103000,174000,-71000,-71000
055949,亞德客元大97購04,0,0,0,0,0,0,0,0,0,-71000,0,0,0,0,71000,-71000,-71000
059909,鴻海元大99購36  ,0,0,0,0,0,0,0,0,0,-71000,0,0,0,36000,107000,-71000,-71000
059524,FBVIX凱基9A購02 ,0,0,0,0,0,0,0,0,0,-71000,0,0,0,0,71000,-71000,-71000
059426,鴻海元大99購31  ,0,0,0,0,0,0,0,0,0,-71000,0,0,0,24000,95000,-71000,-71000
058625,旺宏國票9A購01  ,0,0,0,0,0,0,0,0,0,-71000,0,0,0,6000,77000,-71000,-71000
060774,南亞科凱基9A購01,0,0,0,0,0,0,0,0,0,-71000,0,0,0,37000,108000,-71000,-71000
060087,鴻海元大99購43  ,0,0,0,0,0,0,0,0,0,-71000,0,0,0,59000,130000,-71000,-71000
057774,台光電群益99購02,0,0,0,0,0,0,0,0,0,-71000,0,0,0,5000,76000,-71000,-71000
062694,遠東新元大9B購01,0,0,0,0,0,0,0,0,0,-71000,0,0,0,0,71000,-71000,-71000
062707,致伸元大9B購01  ,0,0,0,0,0,0,0,0,0,-71000,0,0,0,257000,328000,-71000,-71000
1319,東陽            ,82000,201132,-119132,0,0,0,0,0,0,48000,76000,20000,56000,0,8000,-8000,-71132
08231P,上銀元富9B售10  ,0,0,0,0,0,0,0,0,0,-72000,0,0,0,0,72000,-72000,-72000
08197P,聯發科元大9B售24,0,0,0,0,0,0,0,0,0,-72000,0,0,0,13000,85000,-72000,-72000
2388,威盛            ,36000,90000,-54000,0,0,0,0,18000,-18000,0,0,0,0,0,0,0,-72000
063366,台表科富邦9C購02,0,0,0,0,0,0,0,0,0,-72000,0,0,0,0,72000,-72000,-72000
063382,南茂永豐9B購01  ,0,0,0,0,0,0,0,0,0,-72000,0,0,0,188000,260000,-72000,-72000
063427,南六凱基9B購04  ,0,0,0,0,0,0,0,0,0,-72000,0,0,0,10000,82000,-72000,-72000
056497,GIS國泰99購01   ,0,0,0,0,0,0,0,0,0,-72000,0,0,0,70000,142000,-72000,-72000
060479,億豐元大9A購01  ,0,0,0,0,0,0,0,0,0,-72000,0,0,0,0,72000,-72000,-72000
060698,旺宏國泰9C購01  ,0,0,0,0,0,0,0,0,0,-72000,0,0,0,18000,90000,-72000,-72000
058701,鴻海元大99購16  ,0,0,0,0,0,0,0,0,0,-72000,0,0,0,0,72000,-72000,-72000
059913,台積電元大99購44,0,0,0,0,0,0,0,0,0,-72000,0,0,0,36000,108000,-72000,-72000
061994,瑞儀元大9B購01  ,0,0,0,0,0,0,0,0,0,-72000,0,0,0,30000,102000,-72000,-72000
061000,旺宏兆豐9A購02  ,0,0,0,0,0,0,0,0,0,-72000,0,0,0,0,72000,-72000,-72000
061021,聯電國泰9B購01  ,0,0,0,0,0,0,0,0,0,-72000,0,0,0,177000,249000,-72000,-72000
1474,弘裕            ,72000,145000,-73000,0,0,0,0,0,0,0,0,0,0,0,0,0,-73000
3530,晶相光          ,119000,147000,-28000,0,0,0,0,0,0,-45000,0,0,0,0,45000,-45000,-73000
060756,鴻海元大9A購16  ,0,0,0,0,0,0,0,0,0,-73000,0,0,0,2000,75000,-73000,-73000
057289,力成元大98購03  ,0,0,0,0,0,0,0,0,0,-73000,0,0,0,0,73000,-73000,-73000
062889,可成群益9C購01  ,0,0,0,0,0,0,0,0,0,-73000,0,0,0,1000,74000,-73000,-73000
063220,建準群益9B購01  ,0,0,0,0,0,0,0,0,0,-73000,0,0,0,120000,193000,-73000,-73000
062928,富邦金台新9B購02,0,0,0,0,0,0,0,0,0,-73000,0,0,0,32000,105000,-73000,-73000
056075,瀚宇博元大97購03,0,0,0,0,0,0,0,0,0,-74000,0,0,0,91000,165000,-74000,-74000
056872,旺宏凱基98購08  ,0,0,0,0,0,0,0,0,0,-74000,0,0,0,0,74000,-74000,-74000
060916,金像電國泰9C購01,0,0,0,0,0,0,0,0,0,-74000,0,0,0,115000,189000,-74000,-74000
3557,嘉威            ,215000,290000,-75000,0,0,0,0,0,0,0,0,0,0,0,0,0,-75000
08139P,華新科元大9B售12,0,0,0,0,0,0,0,0,0,-75000,0,0,0,0,75000,-75000,-75000
07863P,華新科凱基9B售07,0,0,0,0,0,0,0,0,0,-75000,0,0,0,5000,80000,-75000,-75000
055661,亞德客中信98購01,0,0,0,0,0,0,0,0,0,-75000,0,0,0,20000,95000,-75000,-75000
056622,高鐵永豐98購01  ,0,0,0,0,0,0,0,0,0,-75000,0,0,0,0,75000,-75000,-75000
055505,新唐元大97購02  ,0,0,0,0,0,0,0,0,0,-75000,0,0,0,30000,105000,-75000,-75000
053637,強茂永豐96購01  ,0,0,0,0,0,0,0,0,0,-75000,0,0,0,15000,90000,-75000,-75000
052069,聯茂兆豐96購01  ,0,0,0,0,0,0,0,0,0,-75000,0,0,0,0,75000,-75000,-75000
060456,正隆元大9A購01  ,0,0,0,0,0,0,0,0,0,-75000,0,0,0,96000,171000,-75000,-75000
060598,鴻海凱基9A購20  ,0,0,0,0,0,0,0,0,0,-75000,0,0,0,2000,77000,-75000,-75000
057148,玉晶光國票99購04,10000,0,10000,0,0,0,0,0,0,-85000,0,0,0,48000,133000,-85000,-75000
061076,台達電兆豐9A購01,0,0,0,0,0,0,0,0,0,-75000,0,0,0,322000,397000,-75000,-75000
060783,亞德客富邦9B購01,0,0,0,0,0,0,0,0,0,-75000,0,0,0,158000,233000,-75000,-75000
060784,鴻海富邦9C購01  ,0,0,0,0,0,0,0,0,0,-75000,0,0,0,45000,120000,-75000,-75000
061346,玉晶光元大9B購03,0,0,0,0,0,0,0,0,0,-75000,0,0,0,0,75000,-75000,-75000
03680C,臺股指凱基9A牛26,0,0,0,0,0,0,0,0,0,-76000,0,0,0,101000,177000,-76000,-76000
061139,玉晶光統一9C購02,0,0,0,0,0,0,0,0,0,-76000,0,0,0,31000,107000,-76000,-76000
06320P,上銀統一97售04  ,0,0,0,0,0,0,0,0,0,-76000,0,0,0,60000,136000,-76000,-76000
061956,和大統一01購01  ,0,0,0,0,0,0,0,0,0,-76000,0,0,0,434000,510000,-76000,-76000
07645P,華通元大9A售06  ,0,0,0,0,0,0,0,0,0,-77000,0,0,0,20000,97000,-77000,-77000
063339,智邦統一01購01  ,0,0,0,0,0,0,0,0,0,-77000,0,0,0,364000,441000,-77000,-77000
08152P,祥碩統一9B售02  ,0,0,0,0,0,0,0,0,0,-77000,0,0,0,0,77000,-77000,-77000
2426,鼎元            ,123000,200000,-77000,0,0,0,0,0,0,0,0,0,0,0,0,0,-77000
06849P,欣興元大98售12  ,0,0,0,0,0,0,0,0,0,-77000,0,0,0,8000,85000,-77000,-77000
059358,旺宏永豐99購02  ,0,0,0,0,0,0,0,0,0,-77000,0,0,0,13000,90000,-77000,-77000
062314,玉晶光凱基9B購06,0,0,0,0,0,0,0,0,0,-77000,0,0,0,202000,279000,-77000,-77000
062752,世芯中信9B購01  ,0,0,0,0,0,0,0,0,0,-77000,0,0,0,125000,202000,-77000,-77000
061555,聯電國票9B購01  ,0,0,0,0,0,0,0,0,0,-77000,0,0,0,25000,102000,-77000,-77000
07868P,健策元大9B售05  ,0,0,0,0,0,0,0,0,0,-78000,0,0,0,0,78000,-78000,-78000
00753L,中信中國50正2   ,0,0,0,0,0,0,0,0,0,-78000,0,0,0,115000,193000,-78000,-78000
05272P,臻鼎中信97售03  ,0,0,0,0,0,0,0,0,0,-78000,0,0,0,45000,123000,-78000,-78000
054841,亞德客兆豐97購01,0,0,0,0,0,0,0,0,0,-78000,0,0,0,8000,86000,-78000,-78000
056668,光磊國票99購01  ,0,0,0,0,0,0,0,0,0,-78000,0,0,0,85000,163000,-78000,-78000
060180,上証2X元富9A購02,0,0,0,0,0,0,0,0,0,-78000,0,0,0,46000,124000,-78000,-78000
059161,鴻海凱基9A購09  ,0,0,0,0,0,0,0,0,0,-78000,0,0,0,6000,84000,-78000,-78000
060560,欣興國泰9C購01  ,0,0,0,0,0,0,0,0,0,-78000,0,0,0,30000,108000,-78000,-78000
06189P,華新科永豐97售03,0,0,0,0,0,0,0,0,0,-78000,0,0,0,80000,158000,-78000,-78000
061928,群創凱基9B購06  ,0,0,0,0,0,0,0,0,0,-78000,0,0,0,60000,138000,-78000,-78000
061244,和碩兆豐9A購01  ,0,0,0,0,0,0,0,0,0,-78000,0,0,0,43000,121000,-78000,-78000
060868,致伸永豐9A購01  ,0,0,0,0,0,0,0,0,0,-78000,0,0,0,50000,128000,-78000,-78000
08229P,祥碩國票9B售04  ,0,0,0,0,0,0,0,0,0,-79000,0,0,0,0,79000,-79000,-79000
057392,福懋科永豐98購01,0,0,0,0,0,0,0,0,0,-79000,0,0,0,0,79000,-79000,-79000
054137,聯詠元大97購02  ,0,0,0,0,0,0,0,0,0,-79000,0,0,0,36000,115000,-79000,-79000
056970,TPK永豐98購01   ,0,0,0,0,0,0,0,0,0,-79000,0,0,0,178000,257000,-79000,-79000
057056,立積元大99購02  ,0,0,0,0,0,0,0,0,0,-79000,0,0,0,114000,193000,-79000,-79000
058942,南茂中信99購01  ,0,0,0,0,0,0,0,0,0,-79000,0,0,0,117000,196000,-79000,-79000
058149,百和元大99購02  ,0,0,0,0,0,0,0,0,0,-79000,0,0,0,46000,125000,-79000,-79000
060807,新光金群益9A購01,0,0,0,0,0,0,0,0,0,-79000,0,0,0,954000,1033000,-79000,-79000
061703,信邦國票9A購01  ,0,0,0,0,0,0,0,0,0,-79000,0,0,0,45000,124000,-79000,-79000
060948,可成第一9A購01  ,0,0,0,0,0,0,0,0,0,-79000,0,0,0,0,79000,-79000,-79000
062399,神基永豐9B購01  ,0,0,0,0,0,0,0,0,0,-79000,0,0,0,0,79000,-79000,-79000
1532,勤美            ,20000,94000,-74000,0,0,0,0,6000,-6000,0,0,0,0,0,0,0,-80000
07552P,技嘉元大9A售03  ,0,0,0,0,0,0,0,0,0,-80000,0,0,0,0,80000,-80000,-80000
07022P,嘉晶永豐99售02  ,0,0,0,0,0,0,0,0,0,-80000,0,0,0,0,80000,-80000,-80000
063361,台表科國泰01購02,0,0,0,0,0,0,0,0,0,-80000,0,0,0,0,80000,-80000,-80000
054201,聯詠富邦97購02  ,0,0,0,0,0,0,0,0,0,-80000,0,0,0,0,80000,-80000,-80000
00672L,元大S&P原油正2  ,0,0,0,0,0,0,0,0,0,-80000,0,0,0,70000,150000,-80000,-80000
054342,亞光元富99購01  ,0,0,0,0,0,0,0,0,0,-80000,0,0,0,0,80000,-80000,-80000
053307,泰碩凱基97購01  ,0,0,0,0,0,0,0,0,0,-80000,0,0,0,0,80000,-80000,-80000
053355,超眾兆豐97購01  ,0,0,0,0,0,0,0,0,0,-80000,0,0,0,15000,95000,-80000,-80000
053893,京鼎群益97購02  ,0,0,0,0,0,0,0,0,0,-80000,0,0,0,0,80000,-80000,-80000
055182,京鼎統一98購01  ,0,0,0,0,0,0,0,0,0,-80000,0,0,0,0,80000,-80000,-80000
054778,世紀鋼國票99購01,0,0,0,0,0,0,0,0,0,-80000,0,0,0,0,80000,-80000,-80000
059629,友達凱基99購06  ,0,0,0,0,0,0,0,0,0,-80000,0,0,0,0,80000,-80000,-80000
058810,國巨統一9B購04  ,0,0,0,0,0,0,0,0,0,-80000,0,0,0,420000,500000,-80000,-80000
057856,聯鈞國票99購03  ,0,0,0,0,0,0,0,0,0,-80000,0,0,0,0,80000,-80000,-80000
057886,聯詠群益98購01  ,0,0,0,0,0,0,0,0,0,-80000,0,0,0,48000,128000,-80000,-80000
060469,台勝科元大9A購02,0,0,0,0,0,0,0,0,0,-80000,0,0,0,0,80000,-80000,-80000
060449,元金2X元大9A購02,0,0,0,0,0,0,0,0,0,-80000,0,0,0,0,80000,-80000,-80000
057328,京鼎群益99購02  ,0,0,0,0,0,0,0,0,0,-80000,0,0,0,66000,146000,-80000,-80000
057689,南亞科凱基99購02,0,0,0,0,0,0,0,0,0,-80000,0,0,0,0,80000,-80000,-80000
060833,道瓊反國票9A購01,0,0,0,0,0,0,0,0,0,-80000,0,0,0,0,80000,-80000,-80000
06183P,大立光元大97售05,0,0,0,0,0,0,0,0,0,-80000,0,0,0,0,80000,-80000,-80000
061605,華新科凱基9A購14,0,0,0,0,0,0,0,0,0,-80000,0,0,0,0,80000,-80000,-80000
063348,祥碩統一01購04  ,0,0,0,0,0,0,0,0,0,-81000,0,0,0,181000,262000,-81000,-81000
07906P,中租群益9B售02  ,0,0,0,0,0,0,0,0,0,-81000,0,0,0,0,81000,-81000,-81000
2023,燁輝            ,129000,213000,-84000,0,0,0,0,0,0,3000,3000,0,3000,0,0,0,-81000
053449,超眾凱基98購01  ,0,0,0,0,0,0,0,0,0,-81000,0,0,0,65000,146000,-81000,-81000
058051,同欣電元大98購03,0,0,0,0,0,0,0,0,0,-81000,0,0,0,68000,149000,-81000,-81000
2231,為升            ,33000,114000,-81000,0,0,0,0,0,0,-1000,0,0,0,2000,3000,-1000,-82000
08200P,祥碩元大9B售08  ,0,0,0,0,0,0,0,0,0,-82000,0,0,0,0,82000,-82000,-82000
6226,光鼎            ,5000,87000,-82000,0,0,0,0,0,0,0,0,0,0,0,0,0,-82000
07944P,華新科元大9B售08,0,0,0,0,0,0,0,0,0,-82000,0,0,0,0,82000,-82000,-82000
056598,京元電元富98購01,0,0,0,0,0,0,0,0,0,-82000,0,0,0,0,82000,-82000,-82000
056025,嘉晶群益97購01  ,0,0,0,0,0,0,0,0,0,-82000,0,0,0,50000,132000,-82000,-82000
058900,旺宏元大99購11  ,0,0,0,0,0,0,0,0,0,-82000,0,0,0,28000,110000,-82000,-82000
058685,TPK凱基99購01   ,0,0,0,0,0,0,0,0,0,-82000,0,0,0,71000,153000,-82000,-82000
057189,康控元大98購02  ,0,0,0,0,0,0,0,0,0,-82000,0,0,0,39000,121000,-82000,-82000
060607,玉晶光凱基9A購06,0,0,0,0,0,0,0,0,0,-82000,0,0,0,1000,83000,-82000,-82000
056904,大立光元大99購05,0,0,0,0,0,0,0,0,0,-82000,0,0,0,2000,84000,-82000,-82000
063062,群創元富9B購01  ,0,0,0,0,0,0,0,0,0,-82000,0,0,0,54000,136000,-82000,-82000
07212P,聯發科凱基99售14,0,0,0,0,0,0,0,0,0,-83000,0,0,0,47000,130000,-83000,-83000
8996,高力            ,307000,271000,36000,0,0,0,0,120000,-120000,1000,2000,1000,1000,0,0,0,-83000
1201,味全            ,54000,126000,-72000,0,0,0,0,0,0,-11000,0,0,0,0,11000,-11000,-83000
056746,超眾凱基99購01  ,0,0,0,0,0,0,0,0,0,-83000,0,0,0,74000,157000,-83000,-83000
055972,GIS元大97購04   ,0,0,0,0,0,0,0,0,0,-83000,0,0,0,191000,274000,-83000,-83000
059765,嘉聯益永豐99購02,0,0,0,0,0,0,0,0,0,-83000,0,0,0,148000,231000,-83000,-83000
062504,旭富群益9B購02  ,0,0,0,0,0,0,0,0,0,-83000,0,0,0,64000,147000,-83000,-83000
061136,可成統一9A購01  ,0,0,0,0,0,0,0,0,0,-83000,0,0,0,234000,317000,-83000,-83000
2609,陽明            ,131000,215000,-84000,0,0,0,0,0,0,0,0,0,0,0,0,0,-84000
063885,南六元富9C購01  ,0,0,0,0,0,0,0,0,0,-84000,0,0,0,0,84000,-84000,-84000
056480,京鼎元大98購02  ,0,0,0,0,0,0,0,0,0,-84000,0,0,0,56000,140000,-84000,-84000
00665L,富邦恒生國企正2 ,3000,287000,-284000,0,0,0,0,0,0,200000,0,0,0,1437000,1237000,200000,-84000
059647,超眾凱基99購04  ,0,0,0,0,0,0,0,0,0,-84000,0,0,0,4000,88000,-84000,-84000
057508,康控國票99購03  ,0,0,0,0,0,0,0,0,0,-84000,0,0,0,104000,188000,-84000,-84000
05851P,力山群益97售01  ,0,0,0,0,0,0,0,0,0,-84000,0,0,0,13000,97000,-84000,-84000
062611,台灣50元大9B購18,0,0,0,0,0,0,0,0,0,-84000,0,0,0,1000,85000,-84000,-84000
063764,上銀元富9B購08  ,0,0,0,0,0,0,0,0,0,-85000,0,0,0,0,85000,-85000,-85000
063765,上銀元富9B購09  ,0,0,0,0,0,0,0,0,0,-85000,0,0,0,0,85000,-85000,-85000
063618,智邦兆豐9C購01  ,0,0,0,0,0,0,0,0,0,-85000,0,0,0,0,85000,-85000,-85000
06752P,訊芯凱基98售05  ,0,0,0,0,0,0,0,0,0,-85000,0,0,0,0,85000,-85000,-85000
08128P,聯發科元大9B售22,0,0,0,0,0,0,0,0,0,-85000,0,0,0,0,85000,-85000,-85000
04273P,上証反凱基99售01,0,0,0,0,0,0,0,0,0,-85000,0,0,0,0,85000,-85000,-85000
053875,GIS元大97購01   ,0,0,0,0,0,0,0,0,0,-85000,0,0,0,0,85000,-85000,-85000
059176,臺股指凱基99購27,0,0,0,0,0,0,0,0,0,-85000,0,0,0,63000,148000,-85000,-85000
054751,GIS凱基98購01   ,0,0,0,0,0,0,0,0,0,-85000,0,0,0,20000,105000,-85000,-85000
057317,技嘉凱基98購02  ,0,0,0,0,0,0,0,0,0,-85000,0,0,0,97000,182000,-85000,-85000
060513,緯穎元大9B購01  ,0,0,0,0,0,0,0,0,0,-85000,0,0,0,55000,140000,-85000,-85000
060416,神隆永豐9A購01  ,0,0,0,0,0,0,0,0,0,-85000,0,0,0,5000,90000,-85000,-85000
063208,鈺齊統一9C購01  ,0,0,0,0,0,0,0,0,0,-85000,0,0,0,57000,142000,-85000,-85000
062265,南茂元大9B購01  ,0,0,0,0,0,0,0,0,0,-85000,0,0,0,381000,466000,-85000,-85000
060874,中鋼中信02購01  ,0,0,0,0,0,0,0,0,0,-85000,0,0,0,10000,95000,-85000,-85000
061656,華新科國票9A購08,0,0,0,0,0,0,0,0,0,-85000,0,0,0,77000,162000,-85000,-85000
060363,美律元富9A購01  ,0,0,0,0,0,0,0,0,0,-85000,0,0,0,148000,233000,-85000,-85000
062465,臺指反凱基01購01,0,0,0,0,0,0,0,0,0,-85000,0,0,0,0,85000,-85000,-85000
057940,和大國票99購01  ,0,0,0,0,0,0,0,0,0,-86000,0,0,0,0,86000,-86000,-86000
06177P,玉晶光元大98售07,0,0,0,0,0,0,0,0,0,-86000,0,0,0,13000,99000,-86000,-86000
1310,台苯            ,89000,158000,-69000,0,0,0,0,0,0,-18000,0,0,0,0,18000,-18000,-87000
3062,建漢            ,137000,224000,-87000,0,0,0,0,0,0,0,0,0,0,0,0,0,-87000
07883P,可成凱基9B售03  ,0,0,0,0,0,0,0,0,0,-87000,0,0,0,220000,307000,-87000,-87000
059210,鴻海元大99購26  ,0,0,0,0,0,0,0,0,0,-87000,0,0,0,22000,109000,-87000,-87000
06046P,健策統一96售03  ,0,0,0,0,0,0,0,0,0,-87000,0,0,0,80000,167000,-87000,-87000
057010,景碩中信98購01  ,0,0,0,0,0,0,0,0,0,-87000,0,0,0,30000,117000,-87000,-87000
063103,技嘉群益9B購01  ,0,0,0,0,0,0,0,0,0,-87000,0,0,0,52000,139000,-87000,-87000
07839P,嘉澤元大9A售04  ,0,0,0,0,0,0,0,0,0,-88000,0,0,0,267000,355000,-88000,-88000
07670P,茂林元大9A售02  ,0,0,0,0,0,0,0,0,0,-88000,0,0,0,50000,138000,-88000,-88000
063372,漢翔永豐9B購01  ,0,0,0,0,0,0,0,0,0,-88000,0,0,0,0,88000,-88000,-88000
063447,聯發科統一9B購12,0,0,0,0,0,0,0,0,0,-88000,0,0,0,68000,156000,-88000,-88000
6672,騰輝電子-KY     ,95000,184000,-89000,0,0,0,0,0,0,1000,1000,0,1000,0,0,0,-88000
4943,康控-KY         ,485000,553000,-68000,0,0,0,0,0,0,-20000,0,0,0,62000,82000,-20000,-88000
056289,合勤控永豐97購01,0,0,0,0,0,0,0,0,0,-88000,0,0,0,49000,137000,-88000,-88000
055340,華新科日盛97購01,0,0,0,0,0,0,0,0,0,-88000,0,0,0,66000,154000,-88000,-88000
056983,大立光群益99購02,0,0,0,0,0,0,0,0,0,-88000,0,0,0,0,88000,-88000,-88000
063161,祥碩富邦9B購02  ,0,0,0,0,0,0,0,0,0,-88000,0,0,0,63000,151000,-88000,-88000
063226,康控群益9B購03  ,0,0,0,0,0,0,0,0,0,-88000,0,0,0,425000,513000,-88000,-88000
8011,台通            ,69000,158000,-89000,0,0,0,0,0,0,0,0,0,0,0,0,0,-89000
07967P,力山元大9B售03  ,0,0,0,0,0,0,0,0,0,-89000,0,0,0,20000,109000,-89000,-89000
07466P,亞德客元大9A售02,0,0,0,0,0,0,0,0,0,-89000,0,0,0,26000,115000,-89000,-89000
060758,台積電元大9A購19,0,0,0,0,0,0,0,0,0,-89000,0,0,0,63000,152000,-89000,-89000
057595,健鼎兆豐98購01  ,0,0,0,0,0,0,0,0,0,-89000,0,0,0,576000,665000,-89000,-89000
07751P,世紀鋼凱基9A售02,0,0,0,0,0,0,0,0,0,-90000,0,0,0,10000,100000,-90000,-90000
07131P,緯穎元大99售06  ,0,0,0,0,0,0,0,0,0,-90000,0,0,0,155000,245000,-90000,-90000
07953P,健策元大9B售07  ,0,0,0,0,0,0,0,0,0,-90000,0,0,0,60000,150000,-90000,-90000
052152,創意富邦98購01  ,0,0,0,0,0,0,0,0,0,-90000,0,0,0,10000,100000,-90000,-90000
04633P,旺宏群益96售04  ,0,0,0,0,0,0,0,0,0,-90000,0,0,0,0,90000,-90000,-90000
050515,聯電元大96購01  ,0,0,0,0,0,0,0,0,0,-90000,0,0,0,11000,101000,-90000,-90000
063295,京元電麥證9B購01,0,0,0,38000,128000,-90000,0,0,0,-90000,0,0,0,38000,128000,-90000,-90000
063125,華擎元大9C購02  ,0,0,0,0,0,0,0,0,0,-90000,0,0,0,60000,150000,-90000,-90000
062209,台積電台新9B購05,0,0,0,0,0,0,0,0,0,-90000,0,0,0,0,90000,-90000,-90000
062998,泰碩國票01購01  ,0,0,0,0,0,0,0,0,0,-90000,0,0,0,0,90000,-90000,-90000
061490,茂林兆豐9B購01  ,0,0,0,0,0,0,0,0,0,-90000,0,0,0,20000,110000,-90000,-90000
063022,嘉晶元大9B購04  ,0,0,0,0,0,0,0,0,0,-90000,0,0,0,116000,206000,-90000,-90000
07777P,創意元大9A售03  ,0,0,0,0,0,0,0,0,0,-91000,0,0,0,0,91000,-91000,-91000
07838P,泰碩元大9A售04  ,0,0,0,0,0,0,0,0,0,-91000,0,0,0,28000,119000,-91000,-91000
06386P,欣興永豐97售03  ,0,0,0,0,0,0,0,0,0,-91000,0,0,0,10000,101000,-91000,-91000
058374,玉晶光凱基9A購03,0,0,0,0,0,0,0,0,0,-91000,0,0,0,77000,168000,-91000,-91000
057924,健策凱基98購02  ,0,0,0,0,0,0,0,0,0,-91000,0,0,0,10000,101000,-91000,-91000
061720,智邦國泰9C購01  ,0,0,0,0,0,0,0,0,0,-91000,0,0,0,58000,149000,-91000,-91000
062334,健策統一9B購02  ,0,0,0,0,0,0,0,0,0,-91000,0,0,0,53000,144000,-91000,-91000
061429,南六元大9A購02  ,0,0,0,0,0,0,0,0,0,-91000,0,0,0,121000,212000,-91000,-91000
063314,美律群益9B購01  ,0,0,0,0,0,0,0,0,0,-92000,0,0,0,28000,120000,-92000,-92000
08190P,宏達電元富9B售04,0,0,0,0,0,0,0,0,0,-92000,0,0,0,148000,240000,-92000,-92000
054799,超眾群益98購01  ,0,0,0,0,0,0,0,0,0,-92000,0,0,0,98000,190000,-92000,-92000
063110,牧德兆豐9B購01  ,0,0,0,0,0,0,0,0,0,-92000,0,0,0,259000,351000,-92000,-92000
062911,聯詠元大9B購03  ,0,0,0,0,0,0,0,0,0,-92000,0,0,0,75000,167000,-92000,-92000
062446,聯詠元大9B購02  ,0,0,0,0,0,0,0,0,0,-92000,0,0,0,24000,116000,-92000,-92000
057298,旭富永豐98購01  ,0,0,0,0,0,0,0,0,0,-93000,0,0,0,81000,174000,-93000,-93000
05880P,創意康和96售01  ,0,0,0,0,0,0,0,0,0,-93000,0,0,0,10000,103000,-93000,-93000
061269,嘉澤凱基9A購01  ,0,0,0,0,0,0,0,0,0,-93000,0,0,0,38000,131000,-93000,-93000
062861,世芯國票9C購01  ,0,0,0,0,0,0,0,0,0,-93000,0,0,0,37000,130000,-93000,-93000
061403,滬深2X國票9A購06,0,0,0,0,0,0,0,0,0,-93000,0,0,0,0,93000,-93000,-93000
062152,國巨麥證9C購01  ,0,0,0,0,93000,-93000,0,0,0,-93000,0,0,0,0,93000,-93000,-93000
062283,玉晶光群益01購01,0,0,0,0,0,0,0,0,0,-93000,0,0,0,72000,165000,-93000,-93000
08003P,國巨國泰9B售07  ,0,0,0,0,0,0,0,0,0,-94000,0,0,0,0,94000,-94000,-94000
3010,華立            ,123000,217000,-94000,0,0,0,0,1000,-1000,1000,1000,0,1000,0,0,0,-94000
07457P,宏達電元大9A售01,0,0,0,0,0,0,0,0,0,-94000,0,0,0,33000,127000,-94000,-94000
059252,聯詠凱基99購03  ,0,0,0,0,0,0,0,0,0,-94000,0,0,0,6000,100000,-94000,-94000
051055,友達群益98購01  ,0,0,0,0,0,0,0,0,0,-94000,0,0,0,16000,110000,-94000,-94000
062389,台表科國泰01購01,0,0,0,0,0,0,0,0,0,-94000,0,0,0,0,94000,-94000,-94000
07371P,滬深2X元大99售07,0,0,0,0,0,0,0,0,0,-95000,0,0,0,5000,100000,-95000,-95000
063422,奇鋐凱基9B購04  ,0,0,0,0,0,0,0,0,0,-95000,0,0,0,46000,141000,-95000,-95000
063572,麗豐元大9B購01  ,0,0,0,0,0,0,0,0,0,-95000,0,0,0,27000,122000,-95000,-95000
3057,喬鼎            ,1000,96000,-95000,0,0,0,0,0,0,0,0,0,0,0,0,0,-95000
056001,美食永豐97購01  ,0,0,0,0,0,0,0,0,0,-95000,0,0,0,0,95000,-95000,-95000
060032,利勤永豐99購01  ,0,0,0,0,0,0,0,0,0,-95000,0,0,0,30000,125000,-95000,-95000
062340,力成麥證9B購01  ,0,0,0,0,95000,-95000,0,0,0,-95000,0,0,0,0,95000,-95000,-95000
06212P,華新科元大97售11,0,0,0,0,0,0,0,0,0,-95000,0,0,0,0,95000,-95000,-95000
062017,京鼎永豐9B購01  ,0,0,0,0,0,0,0,0,0,-95000,0,0,0,210000,305000,-95000,-95000
061843,億豐凱基9C購01  ,0,0,0,0,0,0,0,0,0,-95000,0,0,0,0,95000,-95000,-95000
061287,大立光統一9B購06,0,0,0,0,0,0,0,0,0,-95000,0,0,0,0,95000,-95000,-95000
061774,T50反1國票9B購06,0,0,0,0,0,0,0,0,0,-95000,0,0,0,10000,105000,-95000,-95000
061031,神隆永豐9A購02  ,0,0,0,0,0,0,0,0,0,-95000,0,0,0,10000,105000,-95000,-95000
08232P,聯發科元富9B售06,0,0,0,0,0,0,0,0,0,-96000,0,0,0,0,96000,-96000,-96000
063352,上銀元富9B購02  ,0,0,0,0,0,0,0,0,0,-96000,0,0,0,6000,102000,-96000,-96000
00710B,FH彭博高收益債  ,0,0,0,0,0,0,0,0,0,-96000,0,0,0,100000,196000,-96000,-96000
055388,華通統一97購03  ,0,0,0,0,0,0,0,0,0,-96000,0,0,0,100000,196000,-96000,-96000
053913,華新國票97購01  ,0,0,0,0,0,0,0,0,0,-96000,0,0,0,0,96000,-96000,-96000
058129,國巨元大99購10  ,0,0,0,0,0,0,0,0,0,-96000,0,0,0,0,96000,-96000,-96000
063528,元大金凱基9B購01,0,0,0,0,0,0,0,0,0,-96000,0,0,0,30000,126000,-96000,-96000
08201P,祥碩元大9B售09  ,0,0,0,0,0,0,0,0,0,-97000,0,0,0,70000,167000,-97000,-97000
2020,美亞            ,73000,181000,-108000,0,0,0,11000,0,11000,0,0,0,0,0,0,0,-97000
5203,訊連            ,64000,165000,-101000,0,0,0,0,0,0,4000,5000,0,5000,0,1000,-1000,-97000
056268,新日興統一97購01,0,0,0,0,0,0,0,0,0,-97000,0,0,0,1175000,1272000,-97000,-97000
057282,大立光元大99購06,0,0,0,0,0,0,0,0,0,-97000,0,0,0,50000,147000,-97000,-97000
061455,京元電凱基9B購01,0,0,0,0,0,0,0,0,0,-97000,0,0,0,58000,155000,-97000,-97000
062285,台勝科群益9B購01,0,0,0,0,0,0,0,0,0,-97000,0,0,0,75000,172000,-97000,-97000
2855,統一證          ,148000,260000,-112000,0,0,0,14000,0,14000,0,0,0,0,0,0,0,-98000
2017,官田鋼          ,20000,123000,-103000,0,0,0,0,0,0,5000,5000,0,5000,0,0,0,-98000
060158,廣達永豐9A購01  ,0,0,0,0,0,0,0,0,0,-98000,0,0,0,0,98000,-98000,-98000
052234,GIS凱基97購01   ,0,0,0,0,0,0,0,0,0,-98000,0,0,0,0,98000,-98000,-98000
057947,和碩國票99購01  ,0,0,0,0,0,0,0,0,0,-98000,0,0,0,0,98000,-98000,-98000
06899P,嘉澤群益98售01  ,0,0,0,0,0,0,0,0,0,-98000,0,0,0,252000,350000,-98000,-98000
060609,玉晶光凱基9B購01,0,0,0,0,0,0,0,0,0,-98000,0,0,0,5000,103000,-98000,-98000
058112,神達元富98購01  ,0,0,0,0,0,0,0,0,0,-98000,0,0,0,0,98000,-98000,-98000
058925,旭富元富99購02  ,0,0,0,0,0,0,0,0,0,-98000,0,0,0,2000,100000,-98000,-98000
062026,華邦電群益9B購01,0,0,0,0,0,0,0,0,0,-98000,0,0,0,40000,138000,-98000,-98000
062105,國巨國票9C購03  ,0,0,0,0,0,0,0,0,0,-98000,0,0,0,58000,156000,-98000,-98000
1464,得力            ,75000,98000,-23000,0,0,0,0,0,0,-76000,1000,0,1000,3000,80000,-77000,-99000
056028,GIS群益97購02   ,0,0,0,0,0,0,0,0,0,-99000,0,0,0,128000,227000,-99000,-99000
058540,嘉聯益國泰9A購02,0,0,0,0,0,0,0,0,0,-99000,0,0,0,12000,111000,-99000,-99000
061724,訊芯永豐9A購01  ,0,0,0,0,0,0,0,0,0,-99000,0,0,0,120000,219000,-99000,-99000
06356P,啟碁永豐97售01  ,0,0,0,0,0,0,0,0,0,-100000,0,0,0,25000,125000,-100000,-100000
06692P,瑞昱凱基98售03  ,0,0,0,0,0,0,0,0,0,-100000,0,0,0,4000,104000,-100000,-100000
06564P,國巨富邦9A售04  ,0,0,0,0,0,0,0,0,0,-100000,0,0,0,0,100000,-100000,-100000
07360P,台積電元大99售46,0,0,0,0,0,0,0,0,0,-100000,0,0,0,0,100000,-100000,-100000
07315P,台積電台新99售06,0,0,0,0,0,0,0,0,0,-100000,0,0,0,0,100000,-100000,-100000
07248P,可成凱基99售06  ,0,0,0,0,0,0,0,0,0,-100000,0,0,0,200000,300000,-100000,-100000
07070P,晶相光元富99售01,0,0,0,0,0,0,0,0,0,-100000,0,0,0,0,100000,-100000,-100000
07506P,中租元大9A售01  ,0,0,0,0,0,0,0,0,0,-100000,0,0,0,20000,120000,-100000,-100000
05917P,宏達電元大96售02,0,0,0,0,0,0,0,0,0,-100000,0,0,0,0,100000,-100000,-100000
056248,康友群益97購04  ,0,0,0,0,0,0,0,0,0,-100000,0,0,0,0,100000,-100000,-100000
054484,仁寶台新96購01  ,0,0,0,0,0,0,0,0,0,-100000,0,0,0,0,100000,-100000,-100000
03670C,元油2X元富99牛01,0,0,0,0,0,0,0,0,0,-100000,0,0,0,0,100000,-100000,-100000
055348,旺宏凱基97購01  ,0,0,0,0,0,0,0,0,0,-100000,0,0,0,0,100000,-100000,-100000
052997,國巨康和96購01  ,0,0,0,0,0,0,0,0,0,-100000,0,0,0,100000,200000,-100000,-100000
054317,昇陽半凱基98購01,0,0,0,0,0,0,0,0,0,-100000,0,0,0,50000,150000,-100000,-100000
058124,玉晶光國票9A購01,0,0,0,0,0,0,0,0,0,-100000,0,0,0,7000,107000,-100000,-100000
05813P,臺股指國票96售06,0,0,0,0,0,0,0,0,0,-100000,0,0,0,1000,101000,-100000,-100000
058100,聯茂國泰99購02  ,0,0,0,0,0,0,0,0,0,-100000,0,0,0,7000,107000,-100000,-100000
058205,神達凱基9B購01  ,0,0,0,0,0,0,0,0,0,-100000,0,0,0,0,100000,-100000,-100000
058034,神達永豐98購02  ,0,0,0,0,0,0,0,0,0,-100000,0,0,0,0,100000,-100000,-100000
058934,台灣50中信03購03,0,0,0,0,0,0,0,0,0,-100000,0,0,0,0,100000,-100000,-100000
05994P,奇鋐元大96售02  ,0,0,0,0,0,0,0,0,0,-100000,0,0,0,0,100000,-100000,-100000
059883,T50反1國票99購02,0,0,0,0,0,0,0,0,0,-100000,0,0,0,0,100000,-100000,-100000
057738,旺宏富邦9A購01  ,0,0,0,0,0,0,0,0,0,-100000,0,0,0,30000,130000,-100000,-100000
057768,華新科中信9A購01,0,0,0,0,0,0,0,0,0,-100000,0,0,0,0,100000,-100000,-100000
06167P,欣興國票97售05  ,0,0,0,0,0,0,0,0,0,-100000,0,0,0,0,100000,-100000,-100000
061290,玉晶光統一01購04,0,0,0,0,0,0,0,0,0,-100000,0,0,0,2000,102000,-100000,-100000
06245P,健策元富97售03  ,0,0,0,0,0,0,0,0,0,-100000,0,0,0,0,100000,-100000,-100000
06140P,華新科群益97售06,0,0,0,0,0,0,0,0,0,-100000,0,0,0,0,100000,-100000,-100000
061384,T50反1群益9A購04,0,0,0,0,0,0,0,0,0,-100000,0,0,0,15000,115000,-100000,-100000
062867,東元中信9B購01  ,0,0,0,0,0,0,0,0,0,-100000,0,0,0,0,100000,-100000,-100000
063174,臺股指中信01購04,0,0,0,0,0,0,0,0,0,-100000,0,0,0,35000,135000,-100000,-100000
056136,京鼎元大98購01  ,0,0,0,0,0,0,0,0,0,-101000,0,0,0,10000,111000,-101000,-101000
055235,金寶台新98購01  ,0,0,0,0,0,0,0,0,0,-101000,0,0,0,35000,136000,-101000,-101000
057820,華擎元大98購02  ,0,0,0,0,0,0,0,0,0,-101000,0,0,0,23000,124000,-101000,-101000
059024,大立光統一9B購04,0,0,0,0,0,0,0,0,0,-101000,0,0,0,65000,166000,-101000,-101000
062009,聯發科國泰01購01,0,0,0,0,0,0,0,0,0,-101000,0,0,0,15000,116000,-101000,-101000
062050,亞德客統一9C購01,0,0,0,0,0,0,0,0,0,-101000,0,0,0,43000,144000,-101000,-101000
061273,臺股指凱基9A購23,0,0,0,0,0,0,0,0,0,-101000,0,0,0,0,101000,-101000,-101000
060287,燿華元大9A購01  ,0,0,0,0,0,0,0,0,0,-101000,0,0,0,142000,243000,-101000,-101000
3023,信邦            ,376000,414713,-38713,0,0,0,0,60000,-60000,-3000,2000,0,2000,13000,18000,-5000,-101713
3052,夆典            ,5000,107000,-102000,0,0,0,0,0,0,0,0,0,0,0,0,0,-102000
1723,中碳            ,17000,119000,-102000,0,0,0,0,0,0,0,0,0,0,0,0,0,-102000
07669P,華新科元大9A售14,0,0,0,0,0,0,0,0,0,-102000,0,0,0,0,102000,-102000,-102000
063849,奇鋐元大9C購01  ,0,0,0,0,0,0,0,0,0,-102000,0,0,0,0,102000,-102000,-102000
00656R,國泰中國A50反1  ,50000,0,50000,0,0,0,0,0,0,-152000,0,0,0,416000,568000,-152000,-102000
052269,T50反1日盛9B購01,0,0,0,0,0,0,0,0,0,-102000,0,0,0,0,102000,-102000,-102000
060624,玉晶光元大9C購02,0,0,0,0,0,0,0,0,0,-102000,0,0,0,131000,233000,-102000,-102000
060735,鴻海統一9C購03  ,0,0,0,0,0,0,0,0,0,-102000,0,0,0,0,102000,-102000,-102000
058720,旭富元富99購01  ,0,0,0,0,0,0,0,0,0,-102000,0,0,0,39000,141000,-102000,-102000
060103,聯詠元大99購01  ,0,0,0,0,0,0,0,0,0,-102000,0,0,0,36000,138000,-102000,-102000
060258,T50反1凱基9A購06,0,0,0,0,0,0,0,0,0,-102000,0,0,0,20000,122000,-102000,-102000
063410,南六國票9C購01  ,0,0,0,0,0,0,0,0,0,-103000,0,0,0,24000,127000,-103000,-103000
07706P,長榮航元大9A售03,0,0,0,0,0,0,0,0,0,-103000,0,0,0,0,103000,-103000,-103000
07691P,宏達電元大9A售05,0,0,0,0,0,0,0,0,0,-103000,0,0,0,97000,200000,-103000,-103000
07455P,聯發科元大9A售01,0,0,0,0,0,0,0,0,0,-103000,0,0,0,0,103000,-103000,-103000
07370P,南亞科凱基99售08,0,0,0,0,0,0,0,0,0,-103000,0,0,0,0,103000,-103000,-103000
049255,旺宏元大97購02  ,0,0,0,0,0,0,0,0,0,-103000,0,0,0,68000,171000,-103000,-103000
053055,聯詠國票97購01  ,0,0,0,0,0,0,0,0,0,-103000,0,0,0,0,103000,-103000,-103000
058990,GIS凱基99購02   ,0,0,0,0,0,0,0,0,0,-103000,0,0,0,7000,110000,-103000,-103000
059539,緯穎凱基99購03  ,0,0,0,0,0,0,0,0,0,-103000,0,0,0,0,103000,-103000,-103000
057566,欣興富邦99購01  ,0,0,0,0,0,0,0,0,0,-103000,0,0,0,0,103000,-103000,-103000
060327,美律群益9A購02  ,0,0,0,0,0,0,0,0,0,-103000,0,0,0,22000,125000,-103000,-103000
062227,南六統一01購02  ,0,0,0,0,0,0,0,0,0,-103000,0,0,0,10000,113000,-103000,-103000
062339,瑞昱麥證9C購01  ,0,0,0,60000,143000,-83000,0,0,0,-103000,0,0,0,80000,183000,-103000,-103000
062779,台積電元大9B購03,0,0,0,0,0,0,0,0,0,-103000,0,0,0,40000,143000,-103000,-103000
07791P,奇鋐元大9A售02  ,0,0,0,0,0,0,0,0,0,-104000,0,0,0,0,104000,-104000,-104000
063318,京鼎群益9C購02  ,0,0,0,0,0,0,0,0,0,-104000,0,0,0,145000,249000,-104000,-104000
053900,T50反1日盛99購01,0,0,0,0,0,0,0,0,0,-104000,0,0,0,0,104000,-104000,-104000
056461,樺漢凱基98購02  ,0,0,0,0,0,0,0,0,0,-104000,0,0,0,214000,318000,-104000,-104000
054632,緯穎凱基9A購01  ,0,0,0,0,0,0,0,0,0,-104000,0,0,0,0,104000,-104000,-104000
057701,嘉聯益群益98購02,0,0,0,0,0,0,0,0,0,-104000,0,0,0,0,104000,-104000,-104000
057240,茂林凱基9A購01  ,0,0,0,0,0,0,0,0,0,-104000,0,0,0,71000,175000,-104000,-104000
057081,大立光統一98購07,0,0,0,0,0,0,0,0,0,-104000,0,0,0,0,104000,-104000,-104000
063198,仁寶統一01購02  ,0,0,0,0,0,0,0,0,0,-104000,0,0,0,0,104000,-104000,-104000
07255P,國巨凱基99售15  ,0,0,0,0,0,0,0,0,0,-105000,0,0,0,29000,134000,-105000,-105000
1707,葡萄王          ,41000,147000,-106000,0,0,0,0,0,0,1000,1000,0,1000,1000,1000,0,-105000
08258P,旺宏元大9C售04  ,0,0,0,0,0,0,0,0,0,-105000,0,0,0,0,105000,-105000,-105000
055220,緯穎凱基98購02  ,0,0,0,0,0,0,0,0,0,-105000,0,0,0,0,105000,-105000,-105000
056309,合勤控元大97購01,0,0,0,0,0,0,0,0,0,-105000,0,0,0,110000,215000,-105000,-105000
055479,GIS凱基97購04   ,0,0,0,0,0,0,0,0,0,-105000,0,0,0,20000,125000,-105000,-105000
051078,力山富邦97購01  ,0,0,0,0,0,0,0,0,0,-105000,0,0,0,0,105000,-105000,-105000
060619,玉晶光元大9A購03,0,0,0,0,0,0,0,0,0,-105000,0,0,0,68000,173000,-105000,-105000
059074,元油2X元大9C購15,0,0,0,0,0,0,0,0,0,-105000,0,0,0,0,105000,-105000,-105000
063144,超眾統一9C購02  ,0,0,0,0,0,0,0,0,0,-105000,0,0,0,230000,335000,-105000,-105000
07048P,台積電中信03售01,0,0,0,0,0,0,0,0,0,-106000,0,0,0,2000,108000,-106000,-106000
055572,鴻海統一98購04  ,0,0,0,0,0,0,0,0,0,-106000,0,0,0,6000,112000,-106000,-106000
059277,群創元大99購05  ,0,0,0,0,0,0,0,0,0,-106000,0,0,0,0,106000,-106000,-106000
057943,可成國票99購03  ,0,0,0,0,0,0,0,0,0,-106000,0,0,0,13000,119000,-106000,-106000
057169,微星元大98購01  ,0,0,0,0,0,0,0,0,0,-106000,0,0,0,0,106000,-106000,-106000
058750,緯穎凱基9A購03  ,0,0,0,0,0,0,0,0,0,-106000,0,0,0,0,106000,-106000,-106000
062936,鴻海凱基9B購07  ,0,0,0,0,0,0,0,0,0,-106000,0,0,0,10000,116000,-106000,-106000
062368,聯詠元大9B購01  ,0,0,0,0,0,0,0,0,0,-106000,0,0,0,20000,126000,-106000,-106000
061447,鴻海中信04購02  ,0,0,0,0,0,0,0,0,0,-106000,0,0,0,2000,108000,-106000,-106000
063380,台表科永豐9B購03,0,0,0,0,0,0,0,0,0,-107000,0,0,0,0,107000,-107000,-107000
063861,南亞科國泰02購01,0,0,0,0,0,0,0,0,0,-107000,0,0,0,0,107000,-107000,-107000
2929,淘帝-KY         ,93000,201000,-108000,0,0,0,0,0,0,1000,1000,0,1000,0,0,0,-107000
056288,健鼎永豐97購01  ,0,0,0,0,0,0,0,0,0,-107000,0,0,0,153000,260000,-107000,-107000
057320,玉晶光凱基98購01,0,0,0,0,0,0,0,0,0,-107000,0,0,0,24000,131000,-107000,-107000
058522,聯茂元大99購07  ,0,0,0,0,0,0,0,0,0,-107000,0,0,0,48000,155000,-107000,-107000
059977,鴻海元大99購40  ,0,0,0,0,0,0,0,0,0,-107000,0,0,0,12000,119000,-107000,-107000
060788,嘉晶富邦9B購01  ,0,0,0,0,0,0,0,0,0,-107000,0,0,0,51000,158000,-107000,-107000
1731,美吾華          ,2000,110000,-108000,0,0,0,0,0,0,0,0,0,0,0,0,0,-108000
00736,國泰新興市場    ,0,0,0,0,0,0,0,0,0,-108000,0,0,0,100000,208000,-108000,-108000
058533,玉晶光元富99購01,0,0,0,0,0,0,0,0,0,-108000,0,0,0,0,108000,-108000,-108000
059844,大立光富邦9C購04,0,0,0,0,0,0,0,0,0,-108000,0,0,0,21000,129000,-108000,-108000
062438,台光電元大9B購04,0,0,0,0,0,0,0,0,0,-108000,0,0,0,10000,118000,-108000,-108000
08277P,嘉晶元富9C售02  ,0,0,0,0,0,0,0,0,0,-109000,0,0,0,0,109000,-109000,-109000
06496P,台灣50日盛98售01,0,0,0,0,0,0,0,0,0,-109000,0,0,0,0,109000,-109000,-109000
07774P,台灣50群益9A售16,0,0,0,0,0,0,0,0,0,-109000,0,0,0,270000,379000,-109000,-109000
060676,京元電元大9A購03,0,0,0,0,0,0,0,0,0,-109000,0,0,0,112000,221000,-109000,-109000
060659,鴻海凱基9B購03  ,0,0,0,0,0,0,0,0,0,-109000,0,0,0,2000,111000,-109000,-109000
059082,華通元大99購06  ,0,0,0,0,0,0,0,0,0,-109000,0,0,0,15000,124000,-109000,-109000
061246,玉晶光群益9A購08,0,0,0,0,0,0,0,0,0,-109000,0,0,0,99000,208000,-109000,-109000
06553P,訊芯元大98售05  ,0,0,0,0,0,0,0,0,0,-110000,0,0,0,0,110000,-110000,-110000
2601,益航            ,315000,434000,-119000,0,0,0,0,0,0,9000,9000,0,9000,0,0,0,-110000
055531,華新科群益98購03,0,0,0,0,0,0,0,0,0,-110000,0,0,0,0,110000,-110000,-110000
055426,旺宏群益99購02  ,0,0,0,0,0,0,0,0,0,-110000,0,0,0,0,110000,-110000,-110000
055337,超眾兆豐98購01  ,0,0,0,0,0,0,0,0,0,-110000,0,0,0,10000,120000,-110000,-110000
053494,南亞科兆豐96購02,0,0,0,0,0,0,0,0,0,-110000,0,0,0,40000,150000,-110000,-110000
056146,台虹元大98購01  ,0,0,0,0,0,0,0,0,0,-110000,0,0,0,10000,120000,-110000,-110000
059078,FBVIX元大99購06 ,0,0,0,0,0,0,0,0,0,-110000,0,0,0,0,110000,-110000,-110000
059043,聯電日盛99購01  ,0,0,0,0,0,0,0,0,0,-110000,0,0,0,12000,122000,-110000,-110000
06867P,訊芯元大98售08  ,0,0,0,0,0,0,0,0,0,-110000,0,0,0,0,110000,-110000,-110000
062345,和大群益9B購01  ,0,0,0,0,0,0,0,0,0,-110000,0,0,0,146000,256000,-110000,-110000
061080,華邦電兆豐9B購01,0,0,0,0,0,0,0,0,0,-111000,0,0,0,385000,496000,-111000,-111000
061702,奇鋐國票9A購02  ,0,0,0,0,0,0,0,0,0,-111000,0,0,0,18000,129000,-111000,-111000
6168,宏齊            ,8000,121000,-113000,0,0,0,0,0,0,1000,1000,0,1000,0,0,0,-112000
06686P,麗豐永豐98售02  ,0,0,0,0,0,0,0,0,0,-112000,0,0,0,0,112000,-112000,-112000
056711,亞光永豐98購01  ,0,0,0,0,0,0,0,0,0,-112000,0,0,0,45000,157000,-112000,-112000
060593,華通麥證9A購01  ,0,0,0,62000,174000,-112000,0,0,0,-112000,0,0,0,62000,174000,-112000,-112000
060630,國巨富邦9C購03  ,0,0,0,0,0,0,0,0,0,-112000,0,0,0,128000,240000,-112000,-112000
062827,神基群益9B購01  ,0,0,0,0,0,0,0,0,0,-112000,0,0,0,0,112000,-112000,-112000
063592,瑞祺永豐9B購02  ,0,0,0,0,0,0,0,0,0,-113000,0,0,0,29000,142000,-113000,-113000
1444,力麗            ,73000,192000,-119000,0,0,0,0,0,0,6000,6000,0,6000,0,0,0,-113000
056845,揚明光元富98購01,0,0,0,0,0,0,0,0,0,-113000,0,0,0,126000,239000,-113000,-113000
058568,宏達電凱基9A購02,0,0,0,0,0,0,0,0,0,-113000,0,0,0,33000,146000,-113000,-113000
063088,緯穎凱基9B購04  ,0,0,0,0,0,0,0,0,0,-113000,0,0,0,154000,267000,-113000,-113000
062560,奇鋐凱基9B購02  ,0,0,0,0,0,0,0,0,0,-113000,0,0,0,91000,204000,-113000,-113000
063319,神達群益9B購01  ,0,0,0,0,0,0,0,0,0,-114000,0,0,0,34000,148000,-114000,-114000
06411P,晶相光永豐97售03,0,0,0,0,0,0,0,0,0,-114000,0,0,0,2000,116000,-114000,-114000
07748P,茂林凱基9A售04  ,0,0,0,0,0,0,0,0,0,-114000,0,0,0,0,114000,-114000,-114000
058494,可成群益9B購01  ,0,0,0,0,0,0,0,0,0,-114000,0,0,0,6000,120000,-114000,-114000
060565,大立光富邦01購01,0,0,0,0,0,0,0,0,0,-114000,0,0,0,136000,250000,-114000,-114000
06901P,亞德客凱基98售02,0,0,0,0,0,0,0,0,0,-114000,0,0,0,37000,151000,-114000,-114000
062456,台積電群益9B購05,0,0,0,0,0,0,0,0,0,-114000,0,0,0,0,114000,-114000,-114000
063570,嘉晶元大9C購02  ,0,0,0,0,0,0,0,0,0,-115000,0,0,0,51000,166000,-115000,-115000
1449,佳和            ,31000,146000,-115000,0,0,0,0,0,0,0,0,0,0,0,0,0,-115000
1507,永大            ,25000,136000,-111000,0,0,0,0,0,0,-4000,0,4000,-4000,0,0,0,-115000
3702A,大聯大甲特      ,5000,0,5000,0,0,0,0,100000,-100000,-20000,0,20000,-20000,0,0,0,-115000
056266,開發金統一9A購01,0,0,0,0,0,0,0,0,0,-115000,0,0,0,291000,406000,-115000,-115000
061142,南電統一9A購01  ,0,0,0,0,0,0,0,0,0,-115000,0,0,0,45000,160000,-115000,-115000
062576,華擎群益9B購02  ,0,0,0,0,0,0,0,0,0,-115000,0,0,0,3000,118000,-115000,-115000
062272,鴻海群益9B購05  ,0,0,0,0,0,0,0,0,0,-115000,0,0,0,99000,214000,-115000,-115000
060420,神基永豐9A購01  ,0,0,0,0,0,0,0,0,0,-116000,0,0,0,0,116000,-116000,-116000
07081P,南電群益9A售01  ,0,0,0,0,0,0,0,0,0,-117000,0,0,0,3000,120000,-117000,-117000
07128P,大毅元大99售04  ,0,0,0,0,0,0,0,0,0,-118000,0,0,0,2000,120000,-118000,-118000
06529P,貿聯富邦99售03  ,0,0,0,0,0,0,0,0,0,-118000,0,0,0,110000,228000,-118000,-118000
6206,飛捷            ,52000,166000,-114000,0,0,0,0,0,0,-4000,0,4000,-4000,0,0,0,-118000
056702,欣興國泰9A購01  ,0,0,0,0,0,0,0,0,0,-118000,0,0,0,10000,128000,-118000,-118000
054970,帆宣元大97購01  ,0,0,0,0,0,0,0,0,0,-118000,0,0,0,47000,165000,-118000,-118000
057642,南亞科元大98購07,0,0,0,0,0,0,0,0,0,-118000,0,0,0,0,118000,-118000,-118000
063247,信邦元大9B購02  ,0,0,0,0,0,0,0,0,0,-118000,0,0,0,50000,168000,-118000,-118000
2360,致茂            ,367000,270000,97000,0,0,0,0,200000,-200000,-16000,1000,2000,-1000,1000,16000,-15000,-119000
08127P,聯發科元大9B售21,0,0,0,0,0,0,0,0,0,-119000,0,0,0,0,119000,-119000,-119000
063350,台表科統一02購02,0,0,0,0,0,0,0,0,0,-119000,0,0,0,10000,129000,-119000,-119000
07547P,緯穎凱基9A售05  ,0,0,0,0,0,0,0,0,0,-119000,0,0,0,10000,129000,-119000,-119000
054673,京鼎國泰98購01  ,0,0,0,0,0,0,0,0,0,-119000,0,0,0,0,119000,-119000,-119000
056250,瑞昱兆豐97購02  ,0,0,0,0,0,0,0,0,0,-119000,0,0,0,31000,150000,-119000,-119000
052463,聯電統一96購01  ,0,0,0,0,0,0,0,0,0,-119000,0,0,0,0,119000,-119000,-119000
059128,友達中信99購02  ,0,0,0,0,0,0,0,0,0,-119000,0,0,0,72000,191000,-119000,-119000
062716,鴻海凱基9B購06  ,0,0,0,0,0,0,0,0,0,-119000,0,0,0,18000,137000,-119000,-119000
062479,TPK國票9B購01   ,0,0,0,0,0,0,0,0,0,-119000,0,0,0,51000,170000,-119000,-119000
063031,鴻海凱基9C購01  ,0,0,0,0,0,0,0,0,0,-119000,0,0,0,39000,158000,-119000,-119000
07122P,欣興凱基99售05  ,0,0,0,0,0,0,0,0,0,-120000,0,0,0,36000,156000,-120000,-120000
07375P,台積電元大99售48,0,0,0,0,0,0,0,0,0,-120000,0,0,0,0,120000,-120000,-120000
063390,嘉晶兆豐9B購01  ,0,0,0,0,0,0,0,0,0,-120000,0,0,0,150000,270000,-120000,-120000
08053P,臺股指國票9B售18,0,0,0,0,0,0,0,0,0,-120000,0,0,0,56000,176000,-120000,-120000
056450,可成凱基98購05  ,0,0,0,0,0,0,0,0,0,-120000,0,0,0,20000,140000,-120000,-120000
056231,嘉聯益凱基97購02,0,0,0,0,0,0,0,0,0,-120000,0,0,0,10000,130000,-120000,-120000
054540,泰鼎國票99購01  ,0,0,0,0,0,0,0,0,0,-120000,0,0,0,181000,301000,-120000,-120000
055024,興勤國泰98購01  ,0,0,0,0,0,0,0,0,0,-120000,0,0,0,0,120000,-120000,-120000
060406,瑞祺國泰9B購01  ,0,0,0,0,0,0,0,0,0,-120000,0,0,0,56000,176000,-120000,-120000
063026,南六元大9B購04  ,0,0,0,0,0,0,0,0,0,-120000,0,0,0,138000,258000,-120000,-120000
061173,T50反1凱基04購01,0,0,0,0,0,0,0,0,0,-120000,0,0,0,0,120000,-120000,-120000
063506,嘉晶群益9B購01  ,0,0,0,0,0,0,0,0,0,-121000,0,0,0,102000,223000,-121000,-121000
061896,景碩永豐9B購01  ,0,0,0,0,0,0,0,0,0,-121000,0,0,0,106000,227000,-121000,-121000
062008,南亞科國泰9C購01,0,0,0,0,0,0,0,0,0,-121000,0,0,0,288000,409000,-121000,-121000
062853,大毅永豐9B購03  ,0,0,0,0,0,0,0,0,0,-121000,0,0,0,129000,250000,-121000,-121000
063094,玉晶光國票01購03,0,0,0,0,0,0,0,0,0,-121000,0,0,0,101000,222000,-121000,-121000
08143P,聯發科凱基9C售05,0,0,0,0,0,0,0,0,0,-122000,0,0,0,0,122000,-122000,-122000
057837,康控國泰99購02  ,0,0,0,0,0,0,0,0,0,-122000,0,0,0,321000,443000,-122000,-122000
059103,旭富元富99購03  ,0,0,0,0,0,0,0,0,0,-122000,0,0,0,1000,123000,-122000,-122000
058184,鴻海永豐99購01  ,0,0,0,0,0,0,0,0,0,-122000,0,0,0,0,122000,-122000,-122000
062040,玉晶光凱基01購01,0,0,0,0,0,0,0,0,0,-122000,0,0,0,33000,155000,-122000,-122000
062309,燿華凱基9B購01  ,0,0,0,0,0,0,0,0,0,-122000,0,0,0,5000,127000,-122000,-122000
061659,信邦永豐9A購01  ,0,0,0,0,0,0,0,0,0,-122000,0,0,0,10000,132000,-122000,-122000
07509P,牧德國票9A售03  ,0,0,0,0,0,0,0,0,0,-123000,0,0,0,0,123000,-123000,-123000
054935,華通元大98購03  ,0,0,0,0,0,0,0,0,0,-123000,0,0,0,13000,136000,-123000,-123000
056911,緯穎元大99購01  ,0,0,0,0,0,0,0,0,0,-123000,0,0,0,39000,162000,-123000,-123000
060671,亞德客元大9A購03,0,0,0,0,0,0,0,0,0,-124000,0,0,0,49000,173000,-124000,-124000
06783P,亞光元大98售03  ,0,0,0,0,0,0,0,0,0,-124000,0,0,0,4000,128000,-124000,-124000
07102P,南電元大99售03  ,0,0,0,0,0,0,0,0,0,-125000,0,0,0,30000,155000,-125000,-125000
054564,玉晶光群益99購01,0,0,0,0,0,0,0,0,0,-125000,0,0,0,78000,203000,-125000,-125000
057355,彩晶統一98購03  ,0,0,0,0,0,0,0,0,0,-125000,0,0,0,0,125000,-125000,-125000
06726P,欣興元富98售04  ,0,0,0,0,0,0,0,0,0,-126000,0,0,0,0,126000,-126000,-126000
06645P,上銀元大98售05  ,0,0,0,0,0,0,0,0,0,-126000,0,0,0,0,126000,-126000,-126000
08065P,瑞昱凱基9B售03  ,0,0,0,0,0,0,0,0,0,-126000,0,0,0,20000,146000,-126000,-126000
055916,奇鋐凱基99購01  ,0,0,0,0,0,0,0,0,0,-126000,0,0,0,186000,312000,-126000,-126000
051047,深中小群益99購01,0,0,0,0,0,0,0,0,0,-126000,0,0,0,0,126000,-126000,-126000
059581,日月光元富99購02,0,0,0,0,0,0,0,0,0,-126000,0,0,0,230000,356000,-126000,-126000
062503,玉晶光群益01購03,0,0,0,0,0,0,0,0,0,-126000,0,0,0,41000,167000,-126000,-126000
6202,盛群            ,194000,328000,-134000,0,0,0,0,0,0,7000,0,0,0,16000,9000,7000,-127000
063785,華通中信06購02  ,0,0,0,0,0,0,0,0,0,-127000,0,0,0,0,127000,-127000,-127000
054863,億光群益97購01  ,0,0,0,0,0,0,0,0,0,-127000,0,0,0,0,127000,-127000,-127000
062896,中興電元大9B購01,0,0,0,0,0,0,0,0,0,-127000,0,0,0,371000,498000,-127000,-127000
062626,台積電國票9C購04,0,0,0,0,0,0,0,0,0,-127000,0,0,0,31000,158000,-127000,-127000
062666,和碩群益9B購01  ,0,0,0,0,0,0,0,0,0,-127000,0,0,0,59000,186000,-127000,-127000
061661,京鼎永豐9A購02  ,0,0,0,0,0,0,0,0,0,-127000,0,0,0,206000,333000,-127000,-127000
059235,鴻海凱基99購08  ,0,0,0,0,0,0,0,0,0,-128000,0,0,0,29000,157000,-128000,-128000
057092,健策元富98購01  ,0,0,0,0,0,0,0,0,0,-128000,0,0,0,29000,157000,-128000,-128000
063752,瑞祺國票9C購01  ,0,0,0,0,0,0,0,0,0,-129000,0,0,0,4000,133000,-129000,-129000
060586,玉晶光元富9A購03,0,0,0,0,0,0,0,0,0,-129000,0,0,0,75000,204000,-129000,-129000
063388,台光電兆豐9C購01,0,0,0,0,0,0,0,0,0,-130000,0,0,0,13000,143000,-130000,-130000
056674,華邦電元富98購01,0,0,0,0,0,0,0,0,0,-130000,0,0,0,0,130000,-130000,-130000
053396,漢唐中信9A購01  ,0,0,0,0,0,0,0,0,0,-130000,0,0,0,0,130000,-130000,-130000
060425,凌華永豐9A購01  ,0,0,0,0,0,0,0,0,0,-130000,0,0,0,55000,185000,-130000,-130000
060493,美律元富01購01  ,0,0,0,0,0,0,0,0,0,-130000,0,0,0,53000,183000,-130000,-130000
057945,京鼎國票99購03  ,0,0,0,0,0,0,0,0,0,-130000,0,0,0,11000,141000,-130000,-130000
061112,台表科元大9A購03,0,0,0,0,0,0,0,0,0,-130000,0,0,0,17000,147000,-130000,-130000
062908,晶豪科元大9B購03,0,0,0,0,0,0,0,0,0,-130000,0,0,0,185000,315000,-130000,-130000
3060,銘異            ,282000,413000,-131000,0,0,0,0,0,0,0,0,0,0,0,0,0,-131000
1734,杏輝            ,20000,152000,-132000,0,0,0,0,0,0,1000,1000,0,1000,0,0,0,-131000
062332,大立光統一9B購11,0,0,0,0,0,0,0,0,0,-131000,0,0,0,224000,355000,-131000,-131000
061558,旺宏國票9B購02  ,0,0,0,0,0,0,0,0,0,-131000,0,0,0,10000,141000,-131000,-131000
07025P,玉晶光凱基99售01,0,0,0,0,0,0,0,0,0,-132000,0,0,0,800000,932000,-132000,-132000
06736P,新日興凱基98售03,0,0,0,0,0,0,0,0,0,-132000,0,0,0,6000,138000,-132000,-132000
060194,旭富元富9A購01  ,0,0,0,0,0,0,0,0,0,-132000,0,0,0,138000,270000,-132000,-132000
060239,國揚元大9C購01  ,0,0,0,0,0,0,0,0,0,-132000,0,0,0,62000,194000,-132000,-132000
061550,聯鈞群益9A購03  ,0,0,0,0,0,0,0,0,0,-132000,0,0,0,363000,495000,-132000,-132000
063500,嘉晶永豐9B購02  ,0,0,0,0,0,0,0,0,0,-132000,0,0,0,0,132000,-132000,-132000
062687,華擎統一01購02  ,0,0,0,0,0,0,0,0,0,-132000,0,0,0,335000,467000,-132000,-132000
063293,億豐元大9B購01  ,0,0,0,0,0,0,0,0,0,-132000,0,0,0,0,132000,-132000,-132000
07361P,聯發科元大99售34,0,0,0,0,0,0,0,0,0,-133000,0,0,0,17000,150000,-133000,-133000
06525P,上証2X國泰99售01,0,0,0,0,0,0,0,0,0,-133000,0,0,0,0,133000,-133000,-133000
08104P,晶技元大9B售06  ,0,0,0,0,0,0,0,0,0,-133000,0,0,0,0,133000,-133000,-133000
054791,泰碩群益99購02  ,0,0,0,0,0,0,0,0,0,-133000,0,0,0,155000,288000,-133000,-133000
062384,聯詠國泰9C購01  ,0,0,0,0,0,0,0,0,0,-133000,0,0,0,0,133000,-133000,-133000
061174,鴻海凱基9A購23  ,0,0,0,0,0,0,0,0,0,-133000,0,0,0,2000,135000,-133000,-133000
060701,玉晶光國泰9C購01,0,0,0,0,0,0,0,0,0,-134000,0,0,0,223000,357000,-134000,-134000
062333,嘉晶統一9C購01  ,0,0,0,0,0,0,0,0,0,-134000,0,0,0,83000,217000,-134000,-134000
062699,台積電元大01購02,0,0,0,0,0,0,0,0,0,-134000,0,0,0,96000,230000,-134000,-134000
062634,玉晶光國票9B購03,0,0,0,0,0,0,0,0,0,-134000,0,0,0,29000,163000,-134000,-134000
063469,牧德元大9C購02  ,0,0,0,0,0,0,0,0,0,-135000,0,0,0,147000,282000,-135000,-135000
055684,京鼎凱基97購01  ,0,0,0,0,0,0,0,0,0,-135000,0,0,0,0,135000,-135000,-135000
055958,台光電元大97購02,0,0,0,0,0,0,0,0,0,-135000,0,0,0,0,135000,-135000,-135000
054563,泰碩群益99購01  ,0,0,0,0,0,0,0,0,0,-135000,0,0,0,145000,280000,-135000,-135000
00673R,元大S&P原油反1  ,0,0,0,0,0,0,0,0,0,-135000,0,0,0,33000,168000,-135000,-135000
07830P,牧德凱基9A售03  ,0,0,0,0,0,0,0,0,0,-136000,0,0,0,0,136000,-136000,-136000
055324,TPK國票98購03   ,0,0,0,0,0,0,0,0,0,-136000,0,0,0,0,136000,-136000,-136000
057327,玉晶光群益9A購04,0,0,0,0,0,0,0,0,0,-136000,0,0,0,16000,152000,-136000,-136000
062594,祥碩統一01購02  ,0,0,0,0,0,0,0,0,0,-136000,0,0,0,129000,265000,-136000,-136000
061699,燿華國票9A購01  ,0,0,0,0,0,0,0,0,0,-136000,0,0,0,116000,252000,-136000,-136000
061506,瑞祺國票9A購02  ,0,0,0,0,0,0,0,0,0,-136000,0,0,0,8000,144000,-136000,-136000
07919P,創意永豐9B售01  ,0,0,0,0,0,0,0,0,0,-137000,0,0,0,10000,147000,-137000,-137000
058398,中環元大99購02  ,0,0,0,0,0,0,0,0,0,-137000,0,0,0,70000,207000,-137000,-137000
062426,大立光統一02購02,0,0,0,0,0,0,0,0,0,-137000,0,0,0,25000,162000,-137000,-137000
062870,亞德客兆豐9C購01,0,0,0,0,0,0,0,0,0,-137000,0,0,0,22000,159000,-137000,-137000
063801,GIS凱基01購01   ,0,0,0,0,0,0,0,0,0,-138000,0,0,0,181000,319000,-138000,-138000
08011P,玉晶光元大9B售05,0,0,0,0,0,0,0,0,0,-138000,0,0,0,81000,219000,-138000,-138000
056470,旺宏元大99購01  ,0,0,0,0,0,0,0,0,0,-138000,0,0,0,6000,144000,-138000,-138000
061457,TPK凱基9A購01   ,0,0,0,0,0,0,0,0,0,-138000,0,0,0,343000,481000,-138000,-138000
4137,麗豐-KY         ,72000,221768,-149768,0,0,0,0,0,0,11000,30000,20000,10000,2000,1000,1000,-138768
3056,總太            ,161000,301000,-140000,0,0,0,0,0,0,1000,3000,2000,1000,0,0,0,-139000
5607,遠雄港          ,28000,170000,-142000,0,0,0,0,0,0,3000,3000,0,3000,0,0,0,-139000
2457,飛宏            ,217000,373000,-156000,0,0,0,0,0,0,17000,17000,0,17000,0,0,0,-139000
058645,康控富邦01購01  ,0,0,0,0,0,0,0,0,0,-139000,0,0,0,2000,141000,-139000,-139000
062344,力山群益9B購02  ,0,0,0,0,0,0,0,0,0,-139000,0,0,0,33000,172000,-139000,-139000
08187P,大毅群益9B售04  ,0,0,0,0,0,0,0,0,0,-140000,0,0,0,100000,240000,-140000,-140000
058104,國巨統一9A購04  ,0,0,0,0,0,0,0,0,0,-140000,0,0,0,20000,160000,-140000,-140000
059438,群創元大99購06  ,0,0,0,0,0,0,0,0,0,-140000,0,0,0,187000,327000,-140000,-140000
061354,瑞儀元大9A購01  ,0,0,0,0,0,0,0,0,0,-140000,0,0,0,5000,145000,-140000,-140000
1701,中化            ,232000,374000,-142000,0,0,0,0,0,0,1000,1000,0,1000,0,0,0,-141000
06996P,臺股指凱基99售17,0,0,0,0,0,0,0,0,0,-141000,0,0,0,2198000,2339000,-141000,-141000
061291,玉晶光統一01購05,0,0,0,0,0,0,0,0,0,-141000,0,0,0,35000,176000,-141000,-141000
061229,緯穎中信9B購01  ,0,0,0,0,0,0,0,0,0,-141000,0,0,0,209000,350000,-141000,-141000
062228,南六統一02購01  ,0,0,0,0,0,0,0,0,0,-141000,0,0,0,260000,401000,-141000,-141000
056489,S&P反1國泰9A購01,0,0,0,0,0,0,0,0,0,-142000,0,0,0,0,142000,-142000,-142000
00654R,富邦印度反1     ,9000,17000,-8000,0,0,0,0,0,0,-134000,0,0,0,0,134000,-134000,-142000
020016,統一MSCI美科技N ,0,0,0,0,0,0,0,0,0,-142000,0,0,0,36000,178000,-142000,-142000
06834P,訊芯群益99售02  ,0,0,0,0,0,0,0,0,0,-142000,0,0,0,0,142000,-142000,-142000
062781,微星元大9C購01  ,0,0,0,0,0,0,0,0,0,-142000,0,0,0,6000,148000,-142000,-142000
056638,臺股指日盛98購01,0,0,0,0,0,0,0,0,0,-143000,0,0,0,57000,200000,-143000,-143000
00693U,街口S&P黃豆     ,36000,0,36000,0,0,0,0,0,0,-180000,0,0,0,63000,243000,-180000,-144000
060387,盛群凱基9A購01  ,0,0,0,0,0,0,0,0,0,-144000,0,0,0,37000,181000,-144000,-144000
061075,亞德客兆豐9A購01,0,0,0,0,0,0,0,0,0,-144000,0,0,0,1000,145000,-144000,-144000
061824,聯電麥證9B購01  ,0,0,0,10000,154000,-144000,0,0,0,-144000,0,0,0,10000,154000,-144000,-144000
07731P,臺股指凱基9A售28,0,0,0,0,0,0,0,0,0,-145000,0,0,0,50000,195000,-145000,-145000
06677P,牧德國票98售02  ,0,0,0,0,0,0,0,0,0,-145000,0,0,0,3000,148000,-145000,-145000
9938,百和            ,129000,256000,-127000,0,0,0,0,0,0,-18000,7000,16000,-9000,0,9000,-9000,-145000
051795,T50反1台新05購02,0,0,0,0,0,0,0,0,0,-145000,0,0,0,435000,580000,-145000,-145000
05644P,大立光中信9A售03,0,0,0,0,0,0,0,0,0,-145000,0,0,0,78000,223000,-145000,-145000
055232,泰碩國票98購01  ,0,0,0,0,0,0,0,0,0,-145000,0,0,0,20000,165000,-145000,-145000
06832P,玉晶光凱基98售03,0,0,0,0,0,0,0,0,0,-145000,0,0,0,25000,170000,-145000,-145000
059855,緯穎永豐99購04  ,0,0,0,0,0,0,0,0,0,-145000,0,0,0,11000,156000,-145000,-145000
061819,茂林群益9B購01  ,0,0,0,0,0,0,0,0,0,-145000,0,0,0,220000,365000,-145000,-145000
063056,嘉澤統一9C購02  ,0,0,0,0,0,0,0,0,0,-145000,0,0,0,30000,175000,-145000,-145000
062086,瑞祺元大9B購01  ,0,0,0,0,0,0,0,0,0,-145000,0,0,0,77000,222000,-145000,-145000
2897,王道銀行        ,79000,226000,-147000,0,0,0,0,0,0,1000,1000,0,1000,0,0,0,-146000
058896,中環元大99購03  ,0,0,0,0,0,0,0,0,0,-146000,0,0,0,34000,180000,-146000,-146000
058182,日電貿國泰9A購01,0,0,0,0,0,0,0,0,0,-146000,0,0,0,110000,256000,-146000,-146000
061032,金像電永豐9A購03,0,0,0,0,0,0,0,0,0,-146000,0,0,0,217000,363000,-146000,-146000
08147P,聯發科群益9B售10,0,0,0,0,0,0,0,0,0,-147000,0,0,0,52000,199000,-147000,-147000
07121P,華新科凱基99售03,0,0,0,0,0,0,0,0,0,-147000,0,0,0,0,147000,-147000,-147000
06766P,玉晶光元大99售10,0,0,0,0,0,0,0,0,0,-148000,0,0,0,28000,176000,-148000,-148000
4942,嘉彰            ,20000,163000,-143000,0,0,0,0,5000,-5000,0,0,0,0,0,0,0,-148000
058970,鴻海永豐99購02  ,0,0,0,0,0,0,0,0,0,-148000,0,0,0,413000,561000,-148000,-148000
057329,緯穎群益98購02  ,0,0,0,0,0,0,0,0,0,-148000,0,0,0,67000,215000,-148000,-148000
062016,美食永豐9B購01  ,0,0,0,0,0,0,0,0,0,-148000,0,0,0,32000,180000,-148000,-148000
063152,健策元富9C購01  ,0,0,0,0,0,0,0,0,0,-148000,0,0,0,140000,288000,-148000,-148000
063289,台表科元大9B購07,0,0,0,0,0,0,0,0,0,-148000,0,0,0,1000,149000,-148000,-148000
08171P,嘉澤國票9C售01  ,0,0,0,0,0,0,0,0,0,-149000,0,0,0,93000,242000,-149000,-149000
1513,中興電          ,292000,268000,24000,0,0,0,0,0,0,-173000,22000,160000,-138000,36000,71000,-35000,-149000
07892P,臺股指國票9B售02,0,0,0,0,0,0,0,0,0,-149000,0,0,0,1000,150000,-149000,-149000
059665,嘉聯益元大99購06,0,0,0,0,0,0,0,0,0,-149000,0,0,0,31000,180000,-149000,-149000
07793P,同欣電元大9A售02,0,0,0,0,0,0,0,0,0,-150000,0,0,0,115000,265000,-150000,-150000
07482P,南亞科元富9A售04,0,0,0,0,0,0,0,0,0,-150000,0,0,0,150000,300000,-150000,-150000
06753P,智邦富邦98售03  ,0,0,0,0,0,0,0,0,0,-150000,0,0,0,0,150000,-150000,-150000
07989P,玉晶光凱基9B售07,0,0,0,0,0,0,0,0,0,-150000,0,0,0,5000,155000,-150000,-150000
054890,聯鈞統一99購01  ,0,0,0,0,0,0,0,0,0,-150000,0,0,0,19000,169000,-150000,-150000
055398,超眾統一97購03  ,0,0,0,0,0,0,0,0,0,-150000,0,0,0,81000,231000,-150000,-150000
052978,貿聯麥證97購01  ,0,0,0,0,150000,-150000,0,0,0,-150000,0,0,0,0,150000,-150000,-150000
053244,光磊國票97購01  ,0,0,0,0,0,0,0,0,0,-150000,0,0,0,0,150000,-150000,-150000
051423,GIS國票97購01   ,0,0,0,0,0,0,0,0,0,-150000,0,0,0,0,150000,-150000,-150000
054005,旺宏統一97購04  ,0,0,0,0,0,0,0,0,0,-150000,0,0,0,0,150000,-150000,-150000
060012,電子類群益99購02,0,0,0,0,0,0,0,0,0,-150000,0,0,0,0,150000,-150000,-150000
060046,S&P反1凱基99購02,0,0,0,0,0,0,0,0,0,-150000,0,0,0,50000,200000,-150000,-150000
057821,晶相光元大98購03,0,0,0,0,0,0,0,0,0,-150000,0,0,0,0,150000,-150000,-150000
063291,緯穎元大01購01  ,0,0,0,0,0,0,0,0,0,-150000,0,0,0,49000,199000,-150000,-150000
062639,臻鼎國票9C購01  ,0,0,0,0,0,0,0,0,0,-150000,0,0,0,55000,205000,-150000,-150000
062761,嘉晶凱基9C購01  ,0,0,0,0,0,0,0,0,0,-150000,0,0,0,70000,220000,-150000,-150000
063613,全新群益9C購01  ,0,0,0,0,0,0,0,0,0,-151000,0,0,0,40000,191000,-151000,-151000
056851,瑞儀元富98購01  ,0,0,0,0,0,0,0,0,0,-151000,0,0,0,1000,152000,-151000,-151000
060014,中鋼康和99購01  ,0,0,0,0,0,0,0,0,0,-151000,0,0,0,259000,410000,-151000,-151000
057606,健策統一98購03  ,0,0,0,0,0,0,0,0,0,-151000,0,0,0,0,151000,-151000,-151000
07867P,晶技元大9B售01  ,0,0,0,0,0,0,0,0,0,-152000,0,0,0,3000,155000,-152000,-152000
08047P,臺股指國票9B售12,0,0,0,0,0,0,0,0,0,-152000,0,0,0,0,152000,-152000,-152000
3094,聯傑            ,42000,195000,-153000,0,0,0,0,0,0,1000,1000,0,1000,0,0,0,-152000
056574,亞光元大99購03  ,0,0,0,0,0,0,0,0,0,-152000,0,0,0,388000,540000,-152000,-152000
060673,旺宏元大9A購04  ,0,0,0,0,0,0,0,0,0,-152000,0,0,0,0,152000,-152000,-152000
060422,台勝科永豐9A購01,0,0,0,0,0,0,0,0,0,-152000,0,0,0,87000,239000,-152000,-152000
061378,南六永豐9A購03  ,0,0,0,0,0,0,0,0,0,-152000,0,0,0,41000,193000,-152000,-152000
055681,奇鋐凱基98購03  ,0,0,0,0,0,0,0,0,0,-153000,0,0,0,162000,315000,-153000,-153000
059183,T50反1台新03購02,0,0,0,0,0,0,0,0,0,-153000,0,0,0,0,153000,-153000,-153000
060638,玉晶光永豐9A購04,0,0,0,0,0,0,0,0,0,-153000,0,0,0,3000,156000,-153000,-153000
057629,泰碩永豐98購02  ,0,0,0,0,0,0,0,0,0,-153000,0,0,0,39000,192000,-153000,-153000
057102,亞光中信9A購01  ,0,0,0,0,0,0,0,0,0,-153000,0,0,0,314000,467000,-153000,-153000
058646,聯茂富邦9A購01  ,0,0,0,0,0,0,0,0,0,-153000,0,0,0,110000,263000,-153000,-153000
061360,智邦兆豐9B購02  ,0,0,0,0,0,0,0,0,0,-153000,0,0,0,85000,238000,-153000,-153000
061642,創意元大9A購04  ,0,0,0,0,0,0,0,0,0,-153000,0,0,0,429000,582000,-153000,-153000
2633,台灣高鐵        ,1740788,1941695,-200907,0,0,0,0,0,0,47000,20000,0,20000,74000,47000,27000,-153907
08062P,華擎國票9B售03  ,0,0,0,0,0,0,0,0,0,-154000,0,0,0,60000,214000,-154000,-154000
06576P,台光電群益98售03,0,0,0,0,0,0,0,0,0,-154000,0,0,0,400000,554000,-154000,-154000
060990,新光金元大9B購03,0,0,0,0,0,0,0,0,0,-154000,0,0,0,107000,261000,-154000,-154000
07503P,禾伸堂元大9A售01,0,0,0,0,0,0,0,0,0,-155000,0,0,0,0,155000,-155000,-155000
2399,映泰            ,315000,469000,-154000,0,0,0,0,0,0,-1000,0,1000,-1000,0,0,0,-155000
6452,康友-KY         ,52000,182000,-130000,0,0,0,0,0,0,-25000,0,0,0,0,25000,-25000,-155000
055817,京鼎國票99購01  ,0,0,0,0,0,0,0,0,0,-155000,0,0,0,58000,213000,-155000,-155000
058095,昇陽半元大98購03,0,0,0,0,0,0,0,0,0,-155000,0,0,0,100000,255000,-155000,-155000
059282,嘉聯益永豐99購01,0,0,0,0,0,0,0,0,0,-155000,0,0,0,111000,266000,-155000,-155000
058763,和碩群益99購01  ,0,0,0,0,0,0,0,0,0,-155000,0,0,0,177000,332000,-155000,-155000
061374,力山永豐9A購04  ,0,0,0,0,0,0,0,0,0,-155000,0,0,0,7000,162000,-155000,-155000
062012,燿華富邦9C購01  ,0,0,0,0,0,0,0,0,0,-155000,0,0,0,480000,635000,-155000,-155000
053337,聯電國票97購01  ,0,0,0,0,0,0,0,0,0,-156000,0,0,0,0,156000,-156000,-156000
056954,聯詠富邦9A購01  ,0,0,0,0,0,0,0,0,0,-156000,0,0,0,309000,465000,-156000,-156000
058209,臺股指凱基01購01,0,0,0,0,0,0,0,0,0,-156000,0,0,0,201000,357000,-156000,-156000
07686P,祥碩凱基9A售02  ,0,0,0,0,0,0,0,0,0,-157000,0,0,0,43000,200000,-157000,-157000
060585,玉晶光元富9A購02,0,0,0,0,0,0,0,0,0,-157000,0,0,0,27000,184000,-157000,-157000
060610,玉晶光凱基9B購02,0,0,0,0,0,0,0,0,0,-157000,0,0,0,93000,250000,-157000,-157000
062829,泰碩群益9B購01  ,0,0,0,0,0,0,0,0,0,-157000,0,0,0,3000,160000,-157000,-157000
060316,福懋科永豐9A購01,0,0,0,0,0,0,0,0,0,-157000,0,0,0,34000,191000,-157000,-157000
063479,南六元大9B購06  ,0,0,0,0,0,0,0,0,0,-158000,0,0,0,58000,216000,-158000,-158000
055741,健策元富97購01  ,0,0,0,0,0,0,0,0,0,-158000,0,0,0,63000,221000,-158000,-158000
061677,泰碩元大9A購05  ,0,0,0,0,0,0,0,0,0,-158000,0,0,0,50000,208000,-158000,-158000
061716,瑞儀凱基9B購01  ,0,0,0,0,0,0,0,0,0,-158000,0,0,0,111000,269000,-158000,-158000
063113,聯茂兆豐9B購01  ,0,0,0,0,0,0,0,0,0,-158000,0,0,0,79000,237000,-158000,-158000
063051,仁寶統一01購01  ,0,0,0,0,0,0,0,0,0,-158000,0,0,0,0,158000,-158000,-158000
8926,台汽電          ,82000,239000,-157000,0,0,0,0,0,0,-2000,6000,0,6000,0,8000,-8000,-159000
1609,大亞            ,14000,175000,-161000,0,0,0,0,0,0,2000,2000,0,2000,0,0,0,-159000
08118P,嘉澤元富9B售02  ,0,0,0,0,0,0,0,0,0,-159000,0,0,0,100000,259000,-159000,-159000
055297,啟碁元大97購01  ,0,0,0,0,0,0,0,0,0,-159000,0,0,0,52000,211000,-159000,-159000
06047P,聯發科富邦99售04,0,0,0,0,0,0,0,0,0,-159000,0,0,0,101000,260000,-159000,-159000
060712,建準永豐9A購01  ,0,0,0,0,0,0,0,0,0,-159000,0,0,0,40000,199000,-159000,-159000
062246,力山元大9B購02  ,0,0,0,0,0,0,0,0,0,-159000,0,0,0,64000,223000,-159000,-159000
062521,玉晶光元大9C購05,0,0,0,0,0,0,0,0,0,-159000,0,0,0,70000,229000,-159000,-159000
062534,力成統一01購01  ,0,0,0,0,0,0,0,0,0,-159000,0,0,0,50000,209000,-159000,-159000
2342,茂矽            ,1096000,1257000,-161000,0,0,0,0,0,0,1000,1000,0,1000,0,0,0,-160000
07899P,和大凱基9B售01  ,0,0,0,0,0,0,0,0,0,-160000,0,0,0,66000,226000,-160000,-160000
063151,奇鋐元富9B購01  ,0,0,0,0,0,0,0,0,0,-160000,0,0,0,328000,488000,-160000,-160000
061647,南六元大9A購03  ,0,0,0,0,0,0,0,0,0,-160000,0,0,0,57000,217000,-160000,-160000
06243P,亞光元富97售01  ,0,0,0,0,0,0,0,0,0,-160000,0,0,0,0,160000,-160000,-160000
061456,玉晶光凱基9B購05,0,0,0,0,0,0,0,0,0,-160000,0,0,0,11000,171000,-160000,-160000
5871,中租-KY         ,1047822,1217552,-169730,0,0,0,0,0,0,9000,13000,2000,11000,1000,3000,-2000,-160730
2516,新建            ,0,161000,-161000,0,0,0,0,0,0,0,0,0,0,0,0,0,-161000
07088P,訊芯永豐99售02  ,0,0,0,0,0,0,0,0,0,-161000,0,0,0,0,161000,-161000,-161000
063597,健策中信9B購02  ,0,0,0,0,0,0,0,0,0,-161000,0,0,0,0,161000,-161000,-161000
06600P,貿聯永豐98售01  ,0,0,0,0,0,0,0,0,0,-161000,0,0,0,40000,201000,-161000,-161000
057053,立積元大98購02  ,0,0,0,0,0,0,0,0,0,-161000,0,0,0,119000,280000,-161000,-161000
063175,燿華兆豐9C購01  ,0,0,0,0,0,0,0,0,0,-161000,0,0,0,214000,375000,-161000,-161000
07792P,牧德元大9A售04  ,0,0,0,0,0,0,0,0,0,-162000,0,0,0,5000,167000,-162000,-162000
08088P,義隆凱基9B售03  ,0,0,0,0,0,0,0,0,0,-162000,0,0,0,29000,191000,-162000,-162000
062160,南六凱基9B購01  ,0,0,0,0,0,0,0,0,0,-162000,0,0,0,43000,205000,-162000,-162000
3653,健策            ,608000,1006996,-398996,0,0,0,249000,43000,206000,30000,114000,63000,51000,214000,235000,-21000,-162996
057383,玉晶光富邦9A購01,0,0,0,0,0,0,0,0,0,-163000,0,0,0,10000,173000,-163000,-163000
059100,元油2X統一9C購02,0,0,0,0,0,0,0,0,0,-163000,0,0,0,11000,174000,-163000,-163000
07505P,台勝科元大9A售01,0,0,0,0,0,0,0,0,0,-164000,0,0,0,202000,366000,-164000,-164000
055256,日電貿統一99購01,0,0,0,0,0,0,0,0,0,-164000,0,0,0,254000,418000,-164000,-164000
058416,鴻海麥證99購01  ,0,0,0,0,164000,-164000,0,0,0,-164000,0,0,0,0,164000,-164000,-164000
050758,聯發科元富9B購01,0,0,0,0,0,0,0,0,0,-164000,0,0,0,8000,172000,-164000,-164000
062649,緯穎富邦9B購03  ,0,0,0,0,0,0,0,0,0,-164000,0,0,0,80000,244000,-164000,-164000
6533,晶心科          ,78000,246000,-168000,0,0,0,0,0,0,3000,3000,0,3000,0,0,0,-165000
2428,興勤            ,34000,126000,-92000,0,0,0,0,0,0,-73000,0,0,0,4000,77000,-73000,-165000
2390,云辰            ,275000,441000,-166000,0,0,0,0,0,0,0,0,0,0,0,0,0,-166000
061478,奇鋐元大9A購01  ,0,0,0,0,0,0,0,0,0,-166000,0,0,0,235000,401000,-166000,-166000
06477P,緯穎國票99售02  ,0,0,0,0,0,0,0,0,0,-167000,0,0,0,44000,211000,-167000,-167000
063758,聯發科統一9B購14,0,0,0,0,0,0,0,0,0,-167000,0,0,0,0,167000,-167000,-167000
03445B,臺股指元大02熊01,0,0,0,0,0,0,0,0,0,-167000,0,0,0,15000,182000,-167000,-167000
2642,宅配通          ,63000,231000,-168000,0,0,0,0,0,0,0,0,0,0,0,0,0,-168000
056083,億光統一97購03  ,0,0,0,0,0,0,0,0,0,-168000,0,0,0,216000,384000,-168000,-168000
059516,TPK永豐99購01   ,0,0,0,0,0,0,0,0,0,-168000,0,0,0,158000,326000,-168000,-168000
057527,億光元大98購01  ,0,0,0,0,0,0,0,0,0,-168000,0,0,0,232000,400000,-168000,-168000
058573,鴻海群益9A購02  ,0,0,0,0,0,0,0,0,0,-168000,0,0,0,40000,208000,-168000,-168000
5522,遠雄            ,241000,412000,-171000,0,0,0,0,0,0,2000,2000,0,2000,0,0,0,-169000
055039,神達富邦99購01  ,0,0,0,0,0,0,0,0,0,-169000,0,0,0,231000,400000,-169000,-169000
059261,華邦電中信01購01,0,0,0,0,0,0,0,0,0,-169000,0,0,0,249000,418000,-169000,-169000
061886,力山國泰01購01  ,0,0,0,0,0,0,0,0,0,-169000,0,0,0,178000,347000,-169000,-169000
062172,南六永豐9B購01  ,0,0,0,0,0,0,0,0,0,-169000,0,0,0,2000,171000,-169000,-169000
062387,健策國泰01購01  ,0,0,0,0,0,0,0,0,0,-169000,0,0,0,75000,244000,-169000,-169000
8271,宇瞻            ,174000,340023,-166023,0,0,0,0,0,0,-3000,0,3000,-3000,0,0,0,-169023
058616,台虹元大9A購01  ,0,0,0,0,0,0,0,0,0,-170000,0,0,0,61000,231000,-170000,-170000
062224,玉晶光統一9C購03,0,0,0,0,0,0,0,0,0,-170000,0,0,0,20000,190000,-170000,-170000
061613,南六統一9C購01  ,0,0,0,0,0,0,0,0,0,-170000,0,0,0,165000,335000,-170000,-170000
060954,國泰金群益9A購02,0,0,0,0,0,0,0,0,0,-170000,0,0,0,41000,211000,-170000,-170000
5388,中磊            ,142000,297000,-155000,0,0,0,0,0,0,-16000,0,6000,-6000,1000,11000,-10000,-171000
06355P,聯茂永豐97售02  ,0,0,0,0,0,0,0,0,0,-171000,0,0,0,39000,210000,-171000,-171000
07172P,臺股指國票99售09,0,0,0,0,0,0,0,0,0,-171000,0,0,0,0,171000,-171000,-171000
061193,玉晶光永豐9B購02,0,0,0,0,0,0,0,0,0,-171000,0,0,0,81000,252000,-171000,-171000
07301P,臺股指元大9A售34,0,0,0,0,0,0,0,0,0,-172000,0,0,0,33000,205000,-172000,-172000
07069P,欣興元富99售02  ,0,0,0,0,0,0,0,0,0,-172000,0,0,0,30000,202000,-172000,-172000
07821P,臺股指國票9A售12,0,0,0,0,0,0,0,0,0,-172000,0,0,0,50000,222000,-172000,-172000
062755,茂林麥證9B購01  ,0,0,0,0,173000,-173000,0,0,0,-173000,0,0,0,0,173000,-173000,-173000
057396,健鼎中信99購01  ,0,0,0,0,0,0,0,0,0,-174000,0,0,0,1000,175000,-174000,-174000
056767,大毅元大99購01  ,0,0,0,0,0,0,0,0,0,-174000,0,0,0,16000,190000,-174000,-174000
062922,南六元大9B購03  ,0,0,0,0,0,0,0,0,0,-174000,0,0,0,138000,312000,-174000,-174000
061549,泰碩群益9A購01  ,0,0,0,0,0,0,0,0,0,-174000,0,0,0,69000,243000,-174000,-174000
1477,聚陽            ,914000,920000,-6000,0,0,0,0,118000,-118000,-51000,0,15000,-15000,12000,48000,-36000,-175000
00830,國泰費城半導體  ,19000,586000,-567000,0,0,0,0,0,0,392000,81000,0,81000,331000,20000,311000,-175000
056909,嘉聯益元大99購03,0,0,0,0,0,0,0,0,0,-175000,0,0,0,274000,449000,-175000,-175000
060692,鴻海麥證9A購01  ,0,0,0,9000,185000,-176000,0,0,0,-176000,0,0,0,9000,185000,-176000,-176000
06044P,同欣電永豐96售03,0,0,0,0,0,0,0,0,0,-176000,0,0,0,0,176000,-176000,-176000
060007,鴻海群益99購04  ,0,0,0,0,0,0,0,0,0,-176000,0,0,0,4000,180000,-176000,-176000
060932,南六永豐9A購02  ,0,0,0,0,0,0,0,0,0,-176000,0,0,0,42000,218000,-176000,-176000
2887E,台新戊特        ,0,0,0,0,0,0,0,200000,-200000,23000,23000,0,23000,0,0,0,-177000
07851P,聯發科國票9A售05,0,0,0,0,0,0,0,0,0,-177000,0,0,0,65000,242000,-177000,-177000
07580P,緯穎元大9A售03  ,0,0,0,0,0,0,0,0,0,-177000,0,0,0,164000,341000,-177000,-177000
06936P,瑞儀元大98售01  ,0,0,0,0,0,0,0,0,0,-177000,0,0,0,1000,178000,-177000,-177000
062462,GIS群益9B購01   ,0,0,0,0,0,0,0,0,0,-177000,0,0,0,377000,554000,-177000,-177000
08136P,祥碩國泰01售01  ,0,0,0,0,0,0,0,0,0,-178000,0,0,0,1164000,1342000,-178000,-178000
054075,GIS富邦97購02   ,0,0,0,0,0,0,0,0,0,-178000,0,0,0,128000,306000,-178000,-178000
061589,世紀鋼富邦9B購01,0,0,0,0,0,0,0,0,0,-178000,0,0,0,35000,213000,-178000,-178000
062651,世紀鋼富邦9C購01,0,0,0,0,0,0,0,0,0,-178000,0,0,0,72000,250000,-178000,-178000
063766,南茂元富9B購01  ,0,0,0,0,0,0,0,0,0,-179000,0,0,0,0,179000,-179000,-179000
060042,台積電群益99購12,0,0,0,0,0,0,0,0,0,-179000,0,0,0,0,179000,-179000,-179000
061463,智邦群益9A購02  ,0,0,0,0,0,0,0,0,0,-179000,0,0,0,12000,191000,-179000,-179000
06893P,致新元富98售02  ,0,0,0,0,0,0,0,0,0,-180000,0,0,0,0,180000,-180000,-180000
063260,信邦富邦9B購01  ,0,0,0,0,0,0,0,0,0,-180000,0,0,0,20000,200000,-180000,-180000
05306P,泰碩國泰97售01  ,0,0,0,0,0,0,0,0,0,-181000,0,0,0,109000,290000,-181000,-181000
060713,聯詠永豐9A購01  ,0,0,0,0,0,0,0,0,0,-181000,0,0,0,0,181000,-181000,-181000
062061,台勝科統一01購01,0,0,0,0,0,0,0,0,0,-181000,0,0,0,161000,342000,-181000,-181000
055518,華新科中信99購01,0,0,0,0,0,0,0,0,0,-182000,0,0,0,0,182000,-182000,-182000
056589,康控統一98購01  ,0,0,0,0,0,0,0,0,0,-182000,0,0,0,18000,200000,-182000,-182000
056699,光罩國泰99購01  ,0,0,0,0,0,0,0,0,0,-182000,0,0,0,103000,285000,-182000,-182000
063769,玉晶光國泰02購01,0,0,0,0,0,0,0,0,0,-183000,0,0,0,48000,231000,-183000,-183000
07807P,聯茂永豐9A售02  ,0,0,0,0,0,0,0,0,0,-183000,0,0,0,47000,230000,-183000,-183000
059005,嘉晶元大99購06  ,0,0,0,0,0,0,0,0,0,-183000,0,0,0,50000,233000,-183000,-183000
063239,建準元大9B購01  ,0,0,0,0,0,0,0,0,0,-183000,0,0,0,62000,245000,-183000,-183000
062880,大立光兆豐9B購02,0,0,0,0,0,0,0,0,0,-183000,0,0,0,263000,446000,-183000,-183000
061515,泰碩永豐9A購03  ,0,0,0,0,0,0,0,0,0,-183000,0,0,0,5000,188000,-183000,-183000
2393,億光            ,943000,900000,43000,0,0,0,0,0,0,-228000,12000,316000,-304000,97000,21000,76000,-185000
3257,虹冠電          ,103000,269000,-166000,0,0,0,0,0,0,-19000,1000,20000,-19000,0,0,0,-185000
020015,統一MSCI美低波N ,0,0,0,0,0,0,0,0,0,-186000,0,0,0,37000,223000,-186000,-186000
058456,京鼎永豐99購01  ,0,0,0,0,0,0,0,0,0,-186000,0,0,0,13000,199000,-186000,-186000
060870,旭富群益9A購01  ,0,0,0,0,0,0,0,0,0,-186000,0,0,0,13000,199000,-186000,-186000
062830,玉晶光群益01購05,0,0,0,0,0,0,0,0,0,-186000,0,0,0,81000,267000,-186000,-186000
062211,玉晶光台新9B購01,0,0,0,0,0,0,0,0,0,-186000,0,0,0,51000,237000,-186000,-186000
062338,鴻海麥證9B購01  ,0,0,0,10000,196000,-186000,0,0,0,-186000,0,0,0,10000,196000,-186000,-186000
07106P,國巨統一9B售05  ,0,0,0,0,0,0,0,0,0,-187000,0,0,0,10000,197000,-187000,-187000
058535,玉晶光統一9A購06,0,0,0,0,0,0,0,0,0,-187000,0,0,0,213000,400000,-187000,-187000
07647P,健策國票9A售04  ,0,0,0,0,0,0,0,0,0,-188000,0,0,0,0,188000,-188000,-188000
063478,GIS元大9B購03   ,0,0,0,0,0,0,0,0,0,-188000,0,0,0,70000,258000,-188000,-188000
08132P,南六元大9B售05  ,0,0,0,0,0,0,0,0,0,-188000,0,0,0,189000,377000,-188000,-188000
00712,FH富時不動產    ,21000,165000,-144000,0,0,0,0,0,0,-44000,0,0,0,27000,71000,-44000,-188000
060629,鴻海富邦9B購01  ,0,0,0,0,0,0,0,0,0,-188000,0,0,0,89000,277000,-188000,-188000
063272,GIS兆豐9C購01   ,0,0,0,0,0,0,0,0,0,-188000,0,0,0,58000,246000,-188000,-188000
061480,泰碩元大9B購01  ,0,0,0,0,0,0,0,0,0,-188000,0,0,0,6000,194000,-188000,-188000
06624P,訊芯元大98售06  ,0,0,0,0,0,0,0,0,0,-189000,0,0,0,78000,267000,-189000,-189000
055092,開發金群益9B購01,0,0,0,0,0,0,0,0,0,-189000,0,0,0,7000,196000,-189000,-189000
060008,華邦電群益9A購01,0,0,0,0,0,0,0,0,0,-189000,0,0,0,36000,225000,-189000,-189000
061479,泰碩元大9A購02  ,0,0,0,0,0,0,0,0,0,-189000,0,0,0,12000,201000,-189000,-189000
06246P,茂林元富97售03  ,0,0,0,0,0,0,0,0,0,-189000,0,0,0,266000,455000,-189000,-189000
06746P,聯發科群益99售02,0,0,0,0,0,0,0,0,0,-190000,0,0,0,47000,237000,-190000,-190000
08203P,同欣電永豐9B售04,0,0,0,0,0,0,0,0,0,-190000,0,0,0,0,190000,-190000,-190000
060634,矽創富邦9B購01  ,0,0,0,0,0,0,0,0,0,-190000,0,0,0,10000,200000,-190000,-190000
07247P,聯發科凱基9A售06,0,0,0,0,0,0,0,0,0,-191000,0,0,0,247000,438000,-191000,-191000
059395,T50反1元富99購03,0,0,0,0,0,0,0,0,0,-191000,0,0,0,15000,206000,-191000,-191000
062288,南六群益9B購01  ,0,0,0,0,0,0,0,0,0,-191000,0,0,0,64000,255000,-191000,-191000
062183,奇鋐元大9B購01  ,0,0,0,0,0,0,0,0,0,-191000,0,0,0,265000,456000,-191000,-191000
063363,鴻海富邦9B購02  ,0,0,0,0,0,0,0,0,0,-192000,0,0,0,312000,504000,-192000,-192000
053754,英業達元富96購02,0,0,0,0,0,0,0,0,0,-192000,0,0,0,0,192000,-192000,-192000
07011P,宏達電凱基99售02,0,0,0,0,0,0,0,0,0,-193000,0,0,0,246000,439000,-193000,-193000
1519,華城            ,32000,158000,-126000,0,0,0,0,0,0,-67000,0,67000,-67000,0,0,0,-193000
060642,華擎永豐9A購02  ,0,0,0,0,0,0,0,0,0,-193000,0,0,0,0,193000,-193000,-193000
061433,華通麥證9A購03  ,0,0,0,108000,301000,-193000,0,0,0,-193000,0,0,0,108000,301000,-193000,-193000
062567,祥碩中信9C購01  ,0,0,0,0,0,0,0,0,0,-193000,0,0,0,186000,379000,-193000,-193000
2474,可成            ,874255,937663,-63408,0,0,0,69000,145000,-76000,-54000,29000,36000,-7000,14000,61000,-47000,-193408
08135P,玉晶光國泰01售02,0,0,0,0,0,0,0,0,0,-194000,0,0,0,0,194000,-194000,-194000
058314,欣興富邦9B購01  ,0,0,0,0,0,0,0,0,0,-194000,0,0,0,42000,236000,-194000,-194000
055338,GIS兆豐97購01   ,0,0,0,0,0,0,0,0,0,-195000,0,0,0,520000,715000,-195000,-195000
057487,聯發科元大98購10,0,0,0,0,0,0,0,0,0,-195000,0,0,0,5000,200000,-195000,-195000
059958,鎧勝康和99購01  ,0,0,0,0,0,0,0,0,0,-195000,0,0,0,99000,294000,-195000,-195000
061662,瑞儀永豐9A購02  ,0,0,0,0,0,0,0,0,0,-195000,0,0,0,96000,291000,-195000,-195000
061081,宏碁兆豐9A購01  ,0,0,0,0,0,0,0,0,0,-195000,0,0,0,773000,968000,-195000,-195000
063701,燿華群益9B購02  ,0,0,0,0,0,0,0,0,0,-196000,0,0,0,16000,212000,-196000,-196000
060606,玉晶光凱基9A購05,0,0,0,0,0,0,0,0,0,-196000,0,0,0,0,196000,-196000,-196000
057381,微星國泰9A購01  ,0,0,0,0,0,0,0,0,0,-196000,0,0,0,125000,321000,-196000,-196000
063402,GIS群益9B購02   ,0,0,0,0,0,0,0,0,0,-197000,0,0,0,1000,198000,-197000,-197000
8039,台虹            ,153000,298000,-145000,0,0,0,0,0,0,-52000,2000,0,2000,2000,56000,-54000,-197000
061166,玉晶光兆豐9B購01,0,0,0,0,0,0,0,0,0,-197000,0,0,0,51000,248000,-197000,-197000
060283,台肥元大9C購01  ,0,0,0,0,0,0,0,0,0,-197000,0,0,0,59000,256000,-197000,-197000
062382,燿華國泰9C購01  ,0,0,0,0,0,0,0,0,0,-197000,0,0,0,269000,466000,-197000,-197000
8261,富鼎            ,119000,315000,-196000,0,0,0,0,0,0,-2000,0,2000,-2000,0,0,0,-198000
063487,國巨國泰01購02  ,0,0,0,0,0,0,0,0,0,-198000,0,0,0,40000,238000,-198000,-198000
07257P,臺股指凱基99售37,0,0,0,0,0,0,0,0,0,-198000,0,0,0,0,198000,-198000,-198000
051484,玉晶光凱基97購01,0,0,0,0,0,0,0,0,0,-198000,0,0,0,50000,248000,-198000,-198000
059425,SGBR2X元大9A購02,0,0,0,0,0,0,0,0,0,-198000,0,0,0,18000,216000,-198000,-198000
07086P,力成元富9C售01  ,0,0,0,0,0,0,0,0,0,-199000,0,0,0,0,199000,-199000,-199000
08061P,大毅國票9B售04  ,0,0,0,0,0,0,0,0,0,-199000,0,0,0,0,199000,-199000,-199000
053400,緯穎中信9A購01  ,0,0,0,0,0,0,0,0,0,-199000,0,0,0,22000,221000,-199000,-199000
2101,南港            ,168000,348000,-180000,0,0,0,0,0,0,-20000,1000,0,1000,0,21000,-21000,-200000
07213P,聯發科凱基99售15,0,0,0,0,0,0,0,0,0,-200000,0,0,0,0,200000,-200000,-200000
07763P,嘉澤永豐9A售02  ,0,0,0,0,0,0,0,0,0,-200000,0,0,0,0,200000,-200000,-200000
06683P,訊芯元大98售07  ,0,0,0,0,0,0,0,0,0,-200000,0,0,0,0,200000,-200000,-200000
054409,亞光國票97購02  ,0,0,0,0,0,0,0,0,0,-200000,0,0,0,0,200000,-200000,-200000
054369,鴻海中信9C購01  ,0,0,0,0,0,0,0,0,0,-200000,0,0,0,0,200000,-200000,-200000
056805,元石油統一9B購01,0,0,0,0,0,0,0,0,0,-200000,0,0,0,0,200000,-200000,-200000
058861,國巨凱基9A購08  ,0,0,0,0,0,0,0,0,0,-200000,0,0,0,0,200000,-200000,-200000
059098,元油2X統一9B購03,0,0,0,0,0,0,0,0,0,-200000,0,0,0,0,200000,-200000,-200000
056998,麗豐康和98購01  ,0,0,0,0,0,0,0,0,0,-200000,0,0,0,0,200000,-200000,-200000
060709,緯穎富邦9B購01  ,1000,0,1000,0,0,0,0,0,0,-201000,0,0,0,581000,782000,-201000,-200000
056917,國巨兆豐98購03  ,0,0,0,0,0,0,0,0,0,-200000,0,0,0,50000,250000,-200000,-200000
056926,日月光兆豐98購01,0,0,0,0,0,0,0,0,0,-200000,0,0,0,0,200000,-200000,-200000
057082,玉晶光統一9A購04,0,0,0,0,0,0,0,0,0,-201000,0,0,0,148000,349000,-201000,-201000
06743P,創意永豐98售03  ,0,0,0,0,0,0,0,0,0,-202000,0,0,0,48000,250000,-202000,-202000
07977P,華新科群益01售01,0,0,0,0,0,0,0,0,0,-202000,0,0,0,0,202000,-202000,-202000
6592,和潤企業        ,145000,307000,-162000,0,0,0,0,0,0,-40000,1000,0,1000,3000,44000,-41000,-202000
062113,瑞祺國票9B購01  ,0,0,0,0,0,0,0,0,0,-202000,0,0,0,59000,261000,-202000,-202000
1447,力鵬            ,149000,355000,-206000,0,0,0,0,0,0,2000,2000,0,2000,0,0,0,-204000
054229,超眾元富96購05  ,0,0,0,0,0,0,0,0,0,-204000,0,0,0,270000,474000,-204000,-204000
3005,神基            ,493000,684000,-191000,0,0,0,0,0,0,-14000,1000,0,1000,27000,42000,-15000,-205000
061483,TPK元大9A購01   ,0,0,0,0,0,0,0,0,0,-205000,0,0,0,224000,429000,-205000,-205000
06359P,上銀群益97售03  ,0,0,0,0,0,0,0,0,0,-206000,0,0,0,0,206000,-206000,-206000
057505,健策麥證98購01  ,0,0,0,2000,208000,-206000,0,0,0,-206000,0,0,0,2000,208000,-206000,-206000
063624,GIS兆豐9B購01   ,0,0,0,0,0,0,0,0,0,-207000,0,0,0,20000,227000,-207000,-207000
059200,京鼎永豐99購02  ,0,0,0,0,0,0,0,0,0,-207000,0,0,0,49000,256000,-207000,-207000
055891,鴻海統一9A購01  ,0,0,0,0,0,0,0,0,0,-208000,0,0,0,141000,349000,-208000,-208000
061590,金寶永豐9A購01  ,0,0,0,0,0,0,0,0,0,-208000,0,0,0,0,208000,-208000,-208000
062036,致新群益9B購01  ,0,0,0,0,0,0,0,0,0,-208000,0,0,0,330000,538000,-208000,-208000
062038,鴻海凱基9B購05  ,0,0,0,0,0,0,0,0,0,-208000,0,0,0,24000,232000,-208000,-208000
062188,貿聯元大9B購02  ,0,0,0,0,0,0,0,0,0,-208000,0,0,0,60000,268000,-208000,-208000
055619,同欣電國票98購02,0,0,0,0,0,0,0,0,0,-209000,0,0,0,20000,229000,-209000,-209000
07112P,聯發科群益99售05,0,0,0,0,0,0,0,0,0,-210000,0,0,0,0,210000,-210000,-210000
9105,泰金寶-DR       ,0,210000,-210000,0,0,0,0,0,0,0,0,0,0,0,0,0,-210000
055604,訊芯元大98購02  ,0,0,0,0,0,0,0,0,0,-210000,0,0,0,68000,278000,-210000,-210000
056364,亞光元大99購02  ,0,0,0,0,0,0,0,0,0,-210000,0,0,0,250000,460000,-210000,-210000
054550,旺宏凱基98購02  ,0,0,0,0,0,0,0,0,0,-210000,0,0,0,0,210000,-210000,-210000
058154,泰碩統一9A購01  ,0,0,0,0,0,0,0,0,0,-210000,0,0,0,591000,801000,-210000,-210000
060633,玉晶光富邦02購01,0,0,0,0,0,0,0,0,0,-210000,0,0,0,179000,389000,-210000,-210000
062411,玉晶光第一9B購01,0,0,0,0,0,0,0,0,0,-210000,0,0,0,110000,320000,-210000,-210000
060825,聯詠元大9A購05  ,0,0,0,0,0,0,0,0,0,-210000,0,0,0,110000,320000,-210000,-210000
061125,億光永豐9A購01  ,0,0,0,0,0,0,0,0,0,-210000,0,0,0,63000,273000,-210000,-210000
2911,麗嬰房          ,25000,240000,-215000,0,0,0,0,0,0,4000,4000,0,4000,0,0,0,-211000
08246P,亞德客群益01售01,0,0,0,0,0,0,0,0,0,-211000,0,0,0,0,211000,-211000,-211000
07080P,健策群益9A售01  ,0,0,0,0,0,0,0,0,0,-211000,0,0,0,30000,241000,-211000,-211000
07385P,緯穎群益99售04  ,0,0,0,0,0,0,0,0,0,-211000,0,0,0,6000,217000,-211000,-211000
063332,矽格國票9B購01  ,0,0,0,0,0,0,0,0,0,-212000,0,0,0,201000,413000,-212000,-212000
06622P,牧德元大98售01  ,0,0,0,0,0,0,0,0,0,-212000,0,0,0,90000,302000,-212000,-212000
057141,嘉聯益兆豐99購01,0,0,0,0,0,0,0,0,0,-212000,0,0,0,216000,428000,-212000,-212000
061673,仁寶元大9B購01  ,0,0,0,0,0,0,0,0,0,-212000,0,0,0,0,212000,-212000,-212000
061437,燿華凱基9A購01  ,0,0,0,0,0,0,0,0,0,-212000,0,0,0,10000,222000,-212000,-212000
3413,京鼎            ,482000,817000,-335000,0,0,0,20000,0,20000,102000,30000,1000,29000,86000,13000,73000,-213000
5243,乙盛-KY         ,144000,396000,-252000,0,0,0,0,2000,-2000,40000,40000,0,40000,0,0,0,-214000
06937P,GIS元大98售03   ,0,0,0,0,0,0,0,0,0,-214000,0,0,0,164000,378000,-214000,-214000
058521,日月光元大99購01,0,0,0,0,0,0,0,0,0,-214000,0,0,0,50000,264000,-214000,-214000
07089P,臺指2X中信01售01,0,0,0,0,0,0,0,0,0,-215000,0,0,0,18000,233000,-215000,-215000
057649,嘉聯益元大99購04,0,0,0,0,0,0,0,0,0,-215000,0,0,0,95000,310000,-215000,-215000
060428,瑞祺永豐9A購01  ,0,0,0,0,0,0,0,0,0,-215000,0,0,0,211000,426000,-215000,-215000
062743,微星國泰01購01  ,0,0,0,0,0,0,0,0,0,-215000,0,0,0,228000,443000,-215000,-215000
061609,華新科統一9C購01,0,0,0,0,0,0,0,0,0,-215000,0,0,0,30000,245000,-215000,-215000
08216P,聯發科群益9C售05,0,0,0,0,0,0,0,0,0,-216000,0,0,0,0,216000,-216000,-216000
1736,喬山            ,272000,366000,-94000,0,0,0,0,0,0,-122000,1000,0,1000,11000,134000,-123000,-216000
055850,聯詠元大97購06  ,0,0,0,0,0,0,0,0,0,-216000,0,0,0,78000,294000,-216000,-216000
060360,南亞科元富9A購02,0,0,0,0,0,0,0,0,0,-216000,0,0,0,121000,337000,-216000,-216000
6251,定穎            ,974000,1042000,-68000,0,0,0,0,150000,-150000,1000,1000,0,1000,0,0,0,-217000
062568,緯穎中信9C購01  ,0,0,0,0,0,0,0,0,0,-217000,0,0,0,0,217000,-217000,-217000
3036,文曄            ,171000,319000,-148000,0,0,0,0,0,0,-70000,6000,70000,-64000,2000,8000,-6000,-218000
060640,京鼎永豐9A購01  ,0,0,0,0,0,0,0,0,0,-218000,0,0,0,25000,243000,-218000,-218000
059535,玉山金凱基99購01,0,0,0,0,0,0,0,0,0,-218000,0,0,0,97000,315000,-218000,-218000
07820P,臺股指國票9A售11,0,0,0,0,0,0,0,0,0,-219000,0,0,0,0,219000,-219000,-219000
054883,億光統一97購01  ,0,0,0,0,0,0,0,0,0,-219000,0,0,0,0,219000,-219000,-219000
058809,國巨統一9B購03  ,0,0,0,0,0,0,0,0,0,-219000,0,0,0,131000,350000,-219000,-219000
061770,泰碩元大9B購02  ,0,0,0,0,0,0,0,0,0,-219000,0,0,0,2000,221000,-219000,-219000
063367,GIS富邦9B購01   ,0,0,0,0,0,0,0,0,0,-220000,0,0,0,45000,265000,-220000,-220000
057968,可成國泰9A購01  ,0,0,0,0,0,0,0,0,0,-220000,0,0,0,0,220000,-220000,-220000
056928,旺宏台新98購01  ,0,0,0,0,0,0,0,0,0,-220000,0,0,0,30000,250000,-220000,-220000
063246,嘉晶元大9C購01  ,0,0,0,0,0,0,0,0,0,-220000,0,0,0,7000,227000,-220000,-220000
00738U,元大道瓊白銀    ,122000,18000,104000,0,0,0,0,0,0,-325000,0,0,0,359000,684000,-325000,-221000
062414,臻鼎中信01購01  ,0,0,0,0,0,0,0,0,0,-221000,0,0,0,52000,273000,-221000,-221000
054164,強茂凱基98購01  ,0,0,0,0,0,0,0,0,0,-222000,0,0,0,275000,497000,-222000,-222000
059880,世紀鋼凱基99購02,0,0,0,0,0,0,0,0,0,-222000,0,0,0,61000,283000,-222000,-222000
063057,祥碩統一03購01  ,0,0,0,0,0,0,0,0,0,-222000,0,0,0,99000,321000,-222000,-222000
063578,瑞祺元大9B購03  ,0,0,0,0,0,0,0,0,0,-223000,0,0,0,2000,225000,-223000,-223000
052004,泰碩國泰97購03  ,0,0,0,0,0,0,0,0,0,-223000,0,0,0,10000,233000,-223000,-223000
052738,聯電元大98購02  ,0,0,0,0,0,0,0,0,0,-223000,0,0,0,149000,372000,-223000,-223000
050170,臺指反元大97購02,0,0,0,0,0,0,0,0,0,-224000,0,0,0,0,224000,-224000,-224000
051847,香港反中信99購01,0,0,0,0,0,0,0,0,0,-224000,0,0,0,792000,1016000,-224000,-224000
057109,信邦群益98購01  ,0,0,0,0,0,0,0,0,0,-224000,0,0,0,152000,376000,-224000,-224000
6706,惠特            ,71000,297863,-226863,0,0,0,0,0,0,2000,19000,17000,2000,0,0,0,-224863
055675,亞德客凱基97購02,0,0,0,0,0,0,0,0,0,-225000,0,0,0,10000,235000,-225000,-225000
061387,鴻海群益9A購05  ,0,0,0,0,0,0,0,0,0,-225000,0,0,0,143000,368000,-225000,-225000
063622,健策兆豐9B購01  ,0,0,0,0,0,0,0,0,0,-226000,0,0,0,11000,237000,-226000,-226000
063606,TPK凱基9C購01   ,0,0,0,0,0,0,0,0,0,-226000,0,0,0,143000,369000,-226000,-226000
059003,中壽元大99購01  ,0,0,0,0,0,0,0,0,0,-226000,0,0,0,0,226000,-226000,-226000
2939,凱羿-KY         ,44000,274000,-230000,0,0,0,0,0,0,3000,9000,6000,3000,0,0,0,-227000
061268,玉晶光凱基9B購04,0,0,0,0,0,0,0,0,0,-227000,0,0,0,1000,228000,-227000,-227000
4906,正文            ,160000,397000,-237000,0,0,0,0,0,0,8000,14000,0,14000,0,6000,-6000,-229000
06962P,華新科永豐99售01,0,0,0,0,0,0,0,0,0,-229000,0,0,0,42000,271000,-229000,-229000
053118,大立光中信9C購01,0,0,0,0,0,0,0,0,0,-230000,0,0,0,644000,874000,-230000,-230000
061289,玉晶光統一01購03,0,0,0,0,0,0,0,0,0,-230000,0,0,0,108000,338000,-230000,-230000
062184,奇鋐元大9B購02  ,0,0,0,0,0,0,0,0,0,-230000,0,0,0,196000,426000,-230000,-230000
063170,智邦第一9B購01  ,0,0,0,0,0,0,0,0,0,-230000,0,0,0,0,230000,-230000,-230000
062823,台表科兆豐9B購01,0,0,0,0,0,0,0,0,0,-230000,0,0,0,84000,314000,-230000,-230000
07683P,宏達電凱基9A售03,0,0,0,0,0,0,0,0,0,-231000,0,0,0,104000,335000,-231000,-231000
063532,GIS凱基9B購03   ,0,0,0,0,0,0,0,0,0,-231000,0,0,0,42000,273000,-231000,-231000
060390,聯鈞群益9A購01  ,0,0,0,0,0,0,0,0,0,-232000,0,0,0,781000,1013000,-232000,-232000
07579P,聯茂元大9A售01  ,0,0,0,0,0,0,0,0,0,-233000,0,0,0,0,233000,-233000,-233000
07768P,緯穎群益9A售02  ,0,0,0,0,0,0,0,0,0,-233000,0,0,0,5000,238000,-233000,-233000
061626,超眾群益9A購02  ,0,0,0,0,0,0,0,0,0,-233000,0,0,0,22000,255000,-233000,-233000
060632,可成富邦9B購01  ,0,0,0,0,0,0,0,0,0,-234000,0,0,0,220000,454000,-234000,-234000
061411,T50反1群益9A購05,0,0,0,0,0,0,0,0,0,-234000,0,0,0,42000,276000,-234000,-234000
059673,玉山金元富99購01,0,0,0,0,0,0,0,0,0,-235000,0,0,0,11000,246000,-235000,-235000
058883,旭富永豐99購01  ,0,0,0,0,0,0,0,0,0,-235000,0,0,0,0,235000,-235000,-235000
061813,鴻海群益9B購02  ,0,0,0,0,0,0,0,0,0,-236000,0,0,0,2000,238000,-236000,-236000
062991,台光電群益9B購03,0,0,0,0,0,0,0,0,0,-236000,0,0,0,122000,358000,-236000,-236000
062296,南六永豐9B購02  ,0,0,0,0,0,0,0,0,0,-239000,0,0,0,11000,250000,-239000,-239000
063666,京元電統一9C購01,0,0,0,0,0,0,0,0,0,-240000,0,0,0,11000,251000,-240000,-240000
063674,力山國泰01購02  ,0,0,0,0,0,0,0,0,0,-240000,0,0,0,14000,254000,-240000,-240000
054154,智易國泰97購01  ,0,0,0,0,0,0,0,0,0,-240000,0,0,0,0,240000,-240000,-240000
060566,聯詠富邦9C購01  ,0,0,0,0,0,0,0,0,0,-241000,0,0,0,110000,351000,-241000,-241000
060329,鎧勝群益9B購01  ,0,0,0,0,0,0,0,0,0,-241000,0,0,0,16000,257000,-241000,-241000
057442,玉晶光統一98購03,0,0,0,0,0,0,0,0,0,-242000,0,0,0,13000,255000,-242000,-242000
061573,義隆元大9A購02  ,0,0,0,0,0,0,0,0,0,-242000,0,0,0,38000,280000,-242000,-242000
063127,TPK元大9B購02   ,0,0,0,0,0,0,0,0,0,-242000,0,0,0,316000,558000,-242000,-242000
061249,億豐群益9A購01  ,0,0,0,0,0,0,0,0,0,-243000,0,0,0,0,243000,-243000,-243000
3669,圓展            ,128000,372000,-244000,0,0,0,0,0,0,0,0,0,0,0,0,0,-244000
2329,華泰            ,143000,387000,-244000,0,0,0,0,0,0,0,1000,0,1000,0,1000,-1000,-244000
053331,玉晶光永豐97購02,0,0,0,0,0,0,0,0,0,-244000,0,0,0,57000,301000,-244000,-244000
063501,旭富永豐9B購02  ,0,0,0,0,0,0,0,0,0,-245000,0,0,0,0,245000,-245000,-245000
062386,京鼎國泰9C購01  ,0,0,0,0,0,0,0,0,0,-245000,0,0,0,490000,735000,-245000,-245000
062363,燿華元大9B購03  ,0,0,0,0,0,0,0,0,0,-246000,0,0,0,184000,430000,-246000,-246000
060988,華新科元大9A購12,0,0,0,0,0,0,0,0,0,-246000,0,0,0,0,246000,-246000,-246000
2354,鴻準            ,619818,877739,-257921,0,0,0,0,1000,-1000,11000,11000,0,11000,0,0,0,-247921
061583,矽創元大9A購01  ,0,0,0,0,0,0,0,0,0,-248000,0,0,0,34000,282000,-248000,-248000
2353,宏碁            ,4272140,4143000,129140,0,0,0,0,0,0,-378000,4000,250000,-246000,146000,278000,-132000,-248860
6670,復盛應用        ,167000,264000,-97000,0,0,0,0,80000,-80000,-72000,52000,91000,-39000,0,33000,-33000,-249000
063864,健策富邦01購01  ,0,0,0,0,0,0,0,0,0,-249000,0,0,0,6000,255000,-249000,-249000
07577P,華新科元大9A售09,0,0,0,0,0,0,0,0,0,-249000,0,0,0,0,249000,-249000,-249000
051485,玉晶光凱基97購02,0,0,0,0,0,0,0,0,0,-249000,0,0,0,34000,283000,-249000,-249000
057512,華邦電台新98購01,0,0,0,0,0,0,0,0,0,-249000,0,0,0,0,249000,-249000,-249000
07653P,華新科群益9A售05,0,0,0,0,0,0,0,0,0,-250000,0,0,0,0,250000,-250000,-250000
07659P,中租凱基9A售02  ,0,0,0,0,0,0,0,0,0,-250000,0,0,0,100000,350000,-250000,-250000
06151P,華新科元大97售07,0,0,0,0,0,0,0,0,0,-250000,0,0,0,0,250000,-250000,-250000
06286P,世芯國票97售02  ,0,0,0,0,0,0,0,0,0,-250000,0,0,0,9000,259000,-250000,-250000
057181,亞光元大98購02  ,0,0,0,0,0,0,0,0,0,-251000,0,0,0,332000,583000,-251000,-251000
061521,亞光兆豐9A購02  ,0,0,0,0,0,0,0,0,0,-251000,0,0,0,460000,711000,-251000,-251000
061011,華通麥證9A購02  ,0,0,0,50000,301000,-251000,0,0,0,-251000,0,0,0,50000,301000,-251000,-251000
056379,玉晶光元富98購01,0,0,0,0,0,0,0,0,0,-252000,0,0,0,0,252000,-252000,-252000
058455,玉晶光永豐99購03,0,0,0,0,0,0,0,0,0,-253000,0,0,0,23000,276000,-253000,-253000
059500,鴻海元富99購11  ,0,0,0,0,0,0,0,0,0,-253000,0,0,0,87000,340000,-253000,-253000
2379,瑞昱            ,2041232,2224537,-183305,0,0,0,47000,30000,17000,-87000,16000,10000,6000,11000,104000,-93000,-253305
5269,祥碩            ,435079,632953,-197874,0,0,0,50000,64000,-14000,-42000,18000,34000,-16000,4000,30000,-26000,-253874
053540,健策永豐96購01  ,0,0,0,0,0,0,0,0,0,-254000,0,0,0,1000,255000,-254000,-254000
053842,聯發科統一96購08,0,0,0,0,0,0,0,0,0,-254000,0,0,0,2010000,2264000,-254000,-254000
058137,玉晶光元大99購11,0,0,0,0,0,0,0,0,0,-254000,0,0,0,50000,304000,-254000,-254000
07304P,臺股指元大9A售37,0,0,0,0,0,0,0,0,0,-255000,0,0,0,20000,275000,-255000,-255000
06216P,上銀元富97售03  ,0,0,0,0,0,0,0,0,0,-255000,0,0,0,0,255000,-255000,-255000
6552,易華電          ,90000,318000,-228000,0,0,0,0,0,0,-29000,0,1000,-1000,0,28000,-28000,-257000
1514,亞力            ,50000,313000,-263000,0,0,0,6000,0,6000,0,0,0,0,0,0,0,-257000
3596,智易            ,86000,281000,-195000,0,0,0,0,0,0,-62124,0,0,0,7000,69124,-62124,-257124
2723,美食-KY         ,190000,381000,-191000,0,0,0,5000,0,5000,-72000,4000,0,4000,15000,91000,-76000,-258000
5608,四維航          ,28000,286000,-258000,0,0,0,0,0,0,0,0,0,0,0,0,0,-258000
063760,聯詠統一9C購02  ,0,0,0,0,0,0,0,0,0,-258000,0,0,0,3000,261000,-258000,-258000
058156,超眾統一9A購02  ,0,0,0,0,0,0,0,0,0,-258000,0,0,0,448000,706000,-258000,-258000
07643P,禾伸堂凱基9A售02,0,0,0,0,0,0,0,0,0,-260000,0,0,0,0,260000,-260000,-260000
00717,富邦美國特別股  ,1000,0,1000,0,0,0,0,0,0,-261000,0,0,0,500000,761000,-261000,-260000
060476,瑞祺元大9A購02  ,0,0,0,0,0,0,0,0,0,-260000,0,0,0,17000,277000,-260000,-260000
057624,新日興國泰99購01,0,0,0,0,0,0,0,0,0,-261000,0,0,0,158000,419000,-261000,-261000
07714P,世紀鋼元大9A售03,0,0,0,0,0,0,0,0,0,-263000,0,0,0,17000,280000,-263000,-263000
06935P,神達元大98售02  ,0,0,0,0,0,0,0,0,0,-263000,0,0,0,17000,280000,-263000,-263000
063579,GIS元大9C購01   ,0,0,0,0,0,0,0,0,0,-263000,0,0,0,42000,305000,-263000,-263000
062393,智邦富邦9B購01  ,0,0,0,0,0,0,0,0,0,-263000,0,0,0,191000,454000,-263000,-263000
061615,鴻海群益9A購06  ,0,0,0,0,0,0,0,0,0,-263000,0,0,0,29000,292000,-263000,-263000
061577,泰碩元大9A購03  ,0,0,0,0,0,0,0,0,0,-265000,0,0,0,120000,385000,-265000,-265000
061170,南茂兆豐9B購01  ,0,0,0,0,0,0,0,0,0,-265000,0,0,0,404000,669000,-265000,-265000
4904,遠傳            ,1426108,1694663,-268555,0,0,0,0,0,0,3000,7000,0,7000,0,4000,-4000,-265555
05538P,玉晶光國票97售02,0,0,0,0,0,0,0,0,0,-266000,0,0,0,30000,296000,-266000,-266000
00635U,元大S&P黃金     ,2000,0,2000,0,0,0,0,0,0,-269000,0,0,0,234000,503000,-269000,-267000
056602,嘉澤國泰99購01  ,0,0,0,0,0,0,0,0,0,-267000,0,0,0,0,267000,-267000,-267000
063273,緯穎兆豐9C購01  ,0,0,0,0,0,0,0,0,0,-267000,0,0,0,63000,330000,-267000,-267000
3533,嘉澤            ,545625,501750,43875,0,0,0,0,293000,-293000,-18000,29000,36000,-7000,13000,24000,-11000,-267125
2108,南帝            ,179000,444000,-265000,0,0,0,0,4000,-4000,1000,1000,0,1000,0,0,0,-268000
1611,中電            ,31000,300000,-269000,0,0,0,0,0,0,0,0,0,0,0,0,0,-269000
063126,TPK元大9B購01   ,0,0,0,0,0,0,0,0,0,-269000,0,0,0,214000,483000,-269000,-269000
054244,華新元大96購01  ,0,0,0,0,0,0,0,0,0,-270000,0,0,0,130000,400000,-270000,-270000
059700,鴻海凱基9A購16  ,0,0,0,0,0,0,0,0,0,-270000,0,0,0,2000,272000,-270000,-270000
061514,泰碩永豐9A購02  ,0,0,0,0,0,0,0,0,0,-270000,0,0,0,1000,271000,-270000,-270000
062806,世芯統一02購01  ,0,0,0,0,0,0,0,0,0,-271000,0,0,0,250000,521000,-271000,-271000
057467,祥碩永豐98購04  ,0,0,0,0,0,0,0,0,0,-272000,0,0,0,86000,358000,-272000,-272000
061536,華擎統一9C購02  ,0,0,0,0,0,0,0,0,0,-272000,0,0,0,70000,342000,-272000,-272000
8110,華東            ,48000,320000,-272000,0,0,0,0,0,0,-1000,8000,9000,-1000,0,0,0,-273000
00771,元大US高息特別股,1000,0,1000,0,0,0,0,0,0,-274000,453000,25000,428000,31000,733000,-702000,-273000
061038,TPK永豐9A購01   ,0,0,0,0,0,0,0,0,0,-273000,0,0,0,393000,666000,-273000,-273000
059688,燿華永豐99購01  ,0,0,0,0,0,0,0,0,0,-275000,0,0,0,109000,384000,-275000,-275000
063202,南亞科統一9C購02,0,0,0,0,0,0,0,0,0,-275000,0,0,0,0,275000,-275000,-275000
062230,緯穎統一01購01  ,0,0,0,0,0,0,0,0,0,-275000,0,0,0,127000,402000,-275000,-275000
058692,華邦電國票9B購01,0,0,0,0,0,0,0,0,0,-276000,0,0,0,0,276000,-276000,-276000
3665,貿聯-KY         ,320000,689000,-369000,0,0,0,149000,0,149000,-57000,10000,10000,0,5000,62000,-57000,-277000
061814,聯發科群益9B購04,0,0,0,0,0,0,0,0,0,-277000,0,0,0,66000,343000,-277000,-277000
054347,上緯控國票96購02,0,0,0,0,0,0,0,0,0,-278000,0,0,0,0,278000,-278000,-278000
07660P,聯茂凱基9A售03  ,0,0,0,0,0,0,0,0,0,-279000,0,0,0,6000,285000,-279000,-279000
07715P,台灣50群益9A售14,0,0,0,0,0,0,0,0,0,-280000,0,0,0,190000,470000,-280000,-280000
063589,美食永豐9B購02  ,0,0,0,0,0,0,0,0,0,-280000,0,0,0,0,280000,-280000,-280000
060964,日月光凱基9A購01,0,0,0,0,0,0,0,0,0,-280000,0,0,0,0,280000,-280000,-280000
062031,臻鼎群益9B購01  ,0,0,0,0,0,0,0,0,0,-280000,0,0,0,108000,388000,-280000,-280000
07836P,大成鋼元大9A售01,0,0,0,0,0,0,0,0,0,-283000,0,0,0,100000,383000,-283000,-283000
061069,嘉聯益凱基9A購01,0,0,0,0,0,0,0,0,0,-283000,0,0,0,51000,334000,-283000,-283000
056786,亞光群益98購03  ,0,0,0,0,0,0,0,0,0,-284000,0,0,0,0,284000,-284000,-284000
061442,玉晶光永豐9A購07,0,0,0,0,0,0,0,0,0,-284000,0,0,0,20000,304000,-284000,-284000
058210,臺股指凱基9C購04,0,0,0,0,0,0,0,0,0,-285000,0,0,0,284000,569000,-285000,-285000
062214,金寶統一01購01  ,0,0,0,0,0,0,0,0,0,-285000,0,0,0,0,285000,-285000,-285000
058143,瑞儀元大99購02  ,0,0,0,0,0,0,0,0,0,-286000,0,0,0,36000,322000,-286000,-286000
057504,技嘉麥證98購01  ,0,0,0,21000,307000,-286000,0,0,0,-286000,0,0,0,21000,307000,-286000,-286000
058518,玉晶光元大99購13,0,0,0,0,0,0,0,0,0,-286000,0,0,0,21000,307000,-286000,-286000
061133,玉晶光第一9A購01,0,0,0,0,0,0,0,0,0,-286000,0,0,0,59000,345000,-286000,-286000
063343,美律統一9C購01  ,0,0,0,0,0,0,0,0,0,-287000,0,0,0,35000,322000,-287000,-287000
063817,GIS群益9C購01   ,35000,0,35000,0,0,0,0,0,0,-322000,0,0,0,0,322000,-322000,-287000
062337,台表科統一01購01,0,0,0,0,0,0,0,0,0,-287000,0,0,0,17000,304000,-287000,-287000
07635P,世芯永豐9A售05  ,0,0,0,0,0,0,0,0,0,-288000,0,0,0,10000,298000,-288000,-288000
057658,玉晶光兆豐99購02,0,0,0,0,0,0,0,0,0,-288000,0,0,0,199000,487000,-288000,-288000
058764,康友群益99購01  ,0,0,0,0,0,0,0,0,0,-288000,0,0,0,0,288000,-288000,-288000
06836P,玉晶光國票99售06,0,0,0,0,0,0,0,0,0,-288000,0,0,0,0,288000,-288000,-288000
061428,南六元大9A購01  ,0,0,0,0,0,0,0,0,0,-289000,0,0,0,196000,485000,-289000,-289000
063480,南六元大9C購01  ,0,0,0,0,0,0,0,0,0,-290000,0,0,0,14000,304000,-290000,-290000
07418P,聯發科元大99售45,0,0,0,0,0,0,0,0,0,-292000,0,0,0,12000,304000,-292000,-292000
058801,致伸元大99購01  ,0,0,0,0,0,0,0,0,0,-292000,0,0,0,453000,745000,-292000,-292000
056394,晶豪科永豐98購01,0,0,0,0,0,0,0,0,0,-293000,0,0,0,60000,353000,-293000,-293000
06982P,義隆凱基99售02  ,0,0,0,0,0,0,0,0,0,-294000,0,0,0,679000,973000,-294000,-294000
07614P,華新科群益9A售04,0,0,0,0,0,0,0,0,0,-294000,0,0,0,0,294000,-294000,-294000
063705,臻鼎群益9B購03  ,0,0,0,0,0,0,0,0,0,-294000,0,0,0,0,294000,-294000,-294000
056411,緯穎國票99購01  ,0,0,0,0,0,0,0,0,0,-294000,0,0,0,65000,359000,-294000,-294000
08103P,台灣50元大9B售23,0,0,0,0,0,0,0,0,0,-295000,0,0,0,0,295000,-295000,-295000
062804,玉晶光統一9C購04,0,0,0,0,0,0,0,0,0,-296000,0,0,0,15000,311000,-296000,-296000
6414,樺漢            ,76900,361000,-284100,0,0,0,30000,0,30000,-42000,3000,17000,-14000,35000,63000,-28000,-296100
056386,TPK國泰99購01   ,0,0,0,0,0,0,0,0,0,-297000,0,0,0,105000,402000,-297000,-297000
057581,元大金中信9A購01,0,0,0,0,0,0,0,0,0,-297000,0,0,0,31000,328000,-297000,-297000
060512,祥碩元大9A購02  ,0,0,0,0,0,0,0,0,0,-297000,0,0,0,6000,303000,-297000,-297000
057324,億光群益98購01  ,0,0,0,0,0,0,0,0,0,-297000,0,0,0,433000,730000,-297000,-297000
063398,信邦群益9B購02  ,0,0,0,0,0,0,0,0,0,-299000,0,0,0,0,299000,-299000,-299000
053882,聯發科中信98購02,0,0,0,0,0,0,0,0,0,-299000,0,0,0,16000,315000,-299000,-299000
06332P,世紀鋼群益98售01,0,0,0,0,0,0,0,0,0,-300000,0,0,0,0,300000,-300000,-300000
6288,聯嘉            ,172000,472000,-300000,0,0,0,0,0,0,0,0,0,0,0,0,0,-300000
063058,A50正2元富02購01,0,0,0,0,0,0,0,0,0,-300000,0,0,0,0,300000,-300000,-300000
061631,SP黃豆元大9A購05,0,0,0,0,0,0,0,0,0,-300000,0,0,0,0,300000,-300000,-300000
063741,GIS元大9B購04   ,0,0,0,0,0,0,0,0,0,-301000,0,0,0,131000,432000,-301000,-301000
062932,滬深2X凱基01購01,0,0,0,0,0,0,0,0,0,-301000,0,0,0,0,301000,-301000,-301000
07426P,上証2X國票9B售01,0,0,0,0,0,0,0,0,0,-302000,0,0,0,0,302000,-302000,-302000
1312,國喬            ,201000,482000,-281000,0,0,0,0,0,0,-22000,39000,46000,-7000,0,15000,-15000,-303000
061788,信邦群益9B購01  ,0,0,0,0,0,0,0,0,0,-303000,0,0,0,0,303000,-303000,-303000
063733,聯發科元大9B購27,0,0,0,0,0,0,0,0,0,-304000,0,0,0,4000,308000,-304000,-304000
056203,興富發永豐97購01,0,0,0,0,0,0,0,0,0,-304000,0,0,0,0,304000,-304000,-304000
057353,玉晶光統一99購01,0,0,0,0,0,0,0,0,0,-304000,0,0,0,230000,534000,-304000,-304000
057580,玉山金中信9A購01,0,0,0,0,0,0,0,0,0,-304000,0,0,0,0,304000,-304000,-304000
059454,亞光永豐99購01  ,0,0,0,0,0,0,0,0,0,-304000,0,0,0,235000,539000,-304000,-304000
062978,世芯元富9B購01  ,0,0,0,0,0,0,0,0,0,-304000,0,0,0,71000,375000,-304000,-304000
062819,奇鋐兆豐9B購01  ,0,0,0,0,0,0,0,0,0,-305000,0,0,0,758000,1063000,-305000,-305000
08214P,南六統一9B售03  ,0,0,0,0,0,0,0,0,0,-306000,0,0,0,293000,599000,-306000,-306000
03648C,T50反1元大96牛07,0,0,0,0,0,0,0,0,0,-306000,0,0,0,1000,307000,-306000,-306000
2014,中鴻            ,104000,415000,-311000,0,0,0,0,0,0,4000,4000,0,4000,0,0,0,-307000
2349,錸德            ,136000,380000,-244000,0,0,0,0,63000,-63000,0,0,0,0,0,0,0,-307000
054709,宏達電統一97購01,0,0,0,0,0,0,0,0,0,-308000,0,0,0,616000,924000,-308000,-308000
06479P,聯發科中信99售02,0,0,0,0,0,0,0,0,0,-309000,0,0,0,0,309000,-309000,-309000
063773,可成富邦9C購01  ,0,0,0,0,0,0,0,0,0,-310000,0,0,0,0,310000,-310000,-310000
07173P,臺股指國票99售10,0,0,0,0,0,0,0,0,0,-310000,0,0,0,255000,565000,-310000,-310000
063115,台積電麥證9B購02,0,0,0,0,310000,-310000,0,0,0,-310000,0,0,0,0,310000,-310000,-310000
06439P,上銀凱基98售02  ,0,0,0,0,0,0,0,0,0,-311000,0,0,0,0,311000,-311000,-311000
06734P,智邦凱基98售05  ,0,0,0,0,0,0,0,0,0,-311000,0,0,0,40000,351000,-311000,-311000
062602,華通麥證9C購01  ,0,0,0,0,311000,-311000,0,0,0,-311000,0,0,0,0,311000,-311000,-311000
055209,勤誠康和97購01  ,0,0,0,0,0,0,0,0,0,-312000,0,0,0,5000,317000,-312000,-312000
054134,強茂元大96購01  ,0,0,0,0,0,0,0,0,0,-312000,0,0,0,144000,456000,-312000,-312000
060297,和碩元大9A購02  ,0,0,0,0,0,0,0,0,0,-312000,0,0,0,88000,400000,-312000,-312000
061927,玉晶光凱基9C購01,0,0,0,0,0,0,0,0,0,-312000,0,0,0,42000,354000,-312000,-312000
063035,燿華凱基9B購02  ,0,0,0,0,0,0,0,0,0,-312000,0,0,0,105000,417000,-312000,-312000
055377,揚明光元大98購01,0,0,0,0,0,0,0,0,0,-313000,0,0,0,15000,328000,-313000,-313000
055287,日電貿元大97購01,0,0,0,0,0,0,0,0,0,-314000,0,0,0,184000,498000,-314000,-314000
053844,GIS統一96購01   ,0,0,0,0,0,0,0,0,0,-315000,0,0,0,198000,513000,-315000,-315000
056459,茂林凱基99購01  ,0,0,0,0,0,0,0,0,0,-315000,0,0,0,29000,344000,-315000,-315000
063290,GIS元大9B購02   ,0,0,0,0,0,0,0,0,0,-315000,0,0,0,100000,415000,-315000,-315000
058677,矽格群益99購01  ,0,0,0,0,0,0,0,0,0,-316000,0,0,0,62000,378000,-316000,-316000
06595P,祥碩元大98售03  ,0,0,0,0,0,0,0,0,0,-317000,0,0,0,28000,345000,-317000,-317000
061267,玉山金凱基9B購01,0,0,0,0,0,0,0,0,0,-318000,0,0,0,0,318000,-318000,-318000
063738,奇鋐元大9B購03  ,0,0,0,0,0,0,0,0,0,-319000,0,0,0,37000,356000,-319000,-319000
055703,緯穎富邦98購01  ,0,0,0,0,0,0,0,0,0,-319000,0,0,0,77000,396000,-319000,-319000
061520,健策中信9A購01  ,0,0,0,0,0,0,0,0,0,-319000,0,0,0,32000,351000,-319000,-319000
063392,聯電群益9B購02  ,0,0,0,0,0,0,0,0,0,-320000,0,0,0,85000,405000,-320000,-320000
05710P,禾伸堂國票97售02,0,0,0,0,0,0,0,0,0,-320000,0,0,0,0,320000,-320000,-320000
057981,臻鼎永豐98購01  ,0,0,0,0,0,0,0,0,0,-322000,0,0,0,0,322000,-322000,-322000
060031,旭富永豐99購02  ,0,0,0,0,0,0,0,0,0,-322000,0,0,0,2000,324000,-322000,-322000
062457,京元電群益9B購01,0,0,0,0,0,0,0,0,0,-322000,0,0,0,180000,502000,-322000,-322000
062523,世紀鋼元大9C購03,0,0,0,0,0,0,0,0,0,-322000,0,0,0,110000,432000,-322000,-322000
2406,國碩            ,160000,483000,-323000,0,0,0,0,0,0,-1000,0,1000,-1000,0,0,0,-324000
00875,國泰網路資安    ,1000,0,1000,0,0,0,0,0,0,-325000,0,0,0,430000,755000,-325000,-324000
06933P,禾伸堂元大98售03,0,0,0,0,0,0,0,0,0,-325000,0,0,0,0,325000,-325000,-325000
058547,世紀鋼富邦9A購01,0,0,0,0,0,0,0,0,0,-325000,0,0,0,0,325000,-325000,-325000
061303,玉晶光永豐9B購03,0,0,0,0,0,0,0,0,0,-325000,0,0,0,3000,328000,-325000,-325000
056991,牧德兆豐98購01  ,0,0,0,0,0,0,0,0,0,-327000,0,0,0,301000,628000,-327000,-327000
08209P,上銀元富9B售06  ,0,0,0,0,0,0,0,0,0,-328000,0,0,0,0,328000,-328000,-328000
057646,玉山金元大98購01,0,0,0,0,0,0,0,0,0,-328000,0,0,0,113000,441000,-328000,-328000
07633P,台灣50元大9A售18,0,0,0,0,0,0,0,0,0,-329000,0,0,0,0,329000,-329000,-329000
056986,超眾群益98購03  ,0,0,0,0,0,0,0,0,0,-329000,0,0,0,0,329000,-329000,-329000
060433,億豐永豐9A購01  ,0,0,0,0,0,0,0,0,0,-329000,0,0,0,0,329000,-329000,-329000
060639,玉晶光永豐9A購05,0,0,0,0,0,0,0,0,0,-329000,0,0,0,23000,352000,-329000,-329000
2886,兆豐金          ,5606916,5887617,-280701,0,0,0,0,0,0,-49000,3000,0,3000,0,52000,-52000,-329701
08222P,南六凱基9B售05  ,0,0,0,0,0,0,0,0,0,-330000,0,0,0,50000,380000,-330000,-330000
052468,超眾統一96購02  ,0,0,0,0,0,0,0,0,0,-330000,0,0,0,75000,405000,-330000,-330000
054590,嘉聯益國泰98購01,0,0,0,0,0,0,0,0,0,-330000,0,0,0,0,330000,-330000,-330000
056707,鴻海富邦99購03  ,0,0,0,0,0,0,0,0,0,-330000,0,0,0,0,330000,-330000,-330000
058730,玉晶光永豐9A購01,0,0,0,0,0,0,0,0,0,-330000,0,0,0,56000,386000,-330000,-330000
054819,裕民元大9A購01  ,0,0,0,0,0,0,0,0,0,-331000,0,0,0,240000,571000,-331000,-331000
060915,旭富元大9A購01  ,0,0,0,0,0,0,0,0,0,-331000,0,0,0,101000,432000,-331000,-331000
063265,瑞祺永豐9B購01  ,0,0,0,0,0,0,0,0,0,-331000,0,0,0,128000,459000,-331000,-331000
062401,信邦永豐9B購01  ,0,0,0,0,0,0,0,0,0,-332000,0,0,0,0,332000,-332000,-332000
059370,玉晶光元富99購02,0,0,0,0,0,0,0,0,0,-333000,0,0,0,174000,507000,-333000,-333000
062219,燿華統一9B購01  ,0,0,0,0,0,0,0,0,0,-333000,0,0,0,848000,1181000,-333000,-333000
063267,台表科中信01購02,0,0,0,0,0,0,0,0,0,-334000,0,0,0,0,334000,-334000,-334000
3443,創意            ,176500,309000,-132500,0,0,0,0,6000,-6000,-197000,13000,96000,-83000,4000,118000,-114000,-335500
058838,國巨中信99購03  ,0,0,0,0,0,0,0,0,0,-338000,0,0,0,288000,626000,-338000,-338000
2515,中工            ,231000,557000,-326000,0,0,0,0,0,0,-13000,3000,0,3000,8000,24000,-16000,-339000
08207P,金像電群益9B售05,0,0,0,0,0,0,0,0,0,-339000,0,0,0,8000,347000,-339000,-339000
07767P,華新科群益9A售07,0,0,0,0,0,0,0,0,0,-339000,0,0,0,0,339000,-339000,-339000
06980P,緯穎永豐99售02  ,0,0,0,0,0,0,0,0,0,-339000,0,0,0,150000,489000,-339000,-339000
057322,旺宏群益98購04  ,0,0,0,0,0,0,0,0,0,-339000,0,0,0,20000,359000,-339000,-339000
061663,南六永豐9A購05  ,0,0,0,0,0,0,0,0,0,-340000,0,0,0,34000,374000,-340000,-340000
08169P,台光電群益9B售04,0,0,0,0,0,0,0,0,0,-342000,0,0,0,0,342000,-342000,-342000
057960,聯鈞元大98購02  ,0,0,0,0,0,0,0,0,0,-342000,0,0,0,359000,701000,-342000,-342000
063228,聯茂群益9B購01  ,0,0,0,0,0,0,0,0,0,-344000,0,0,0,138000,482000,-344000,-344000
07535P,上銀元富9A售03  ,0,0,0,0,0,0,0,0,0,-345000,0,0,0,5000,350000,-345000,-345000
048270,T50反1富邦99購01,0,0,0,0,0,0,0,0,0,-345000,0,0,0,10000,355000,-345000,-345000
058735,南茂永豐99購01  ,0,0,0,0,0,0,0,0,0,-345000,0,0,0,255000,600000,-345000,-345000
061610,力成統一9C購01  ,0,0,0,0,0,0,0,0,0,-345000,0,0,0,41000,386000,-345000,-345000
6285,啟碁            ,353000,698000,-345000,0,0,0,0,0,0,-1000,2000,0,2000,7000,10000,-3000,-346000
2634,漢翔            ,216000,563000,-347000,0,0,0,0,0,0,0,3000,0,3000,0,3000,-3000,-347000
054260,貿聯元大96購03  ,0,0,0,0,0,0,0,0,0,-347000,0,0,0,6000,353000,-347000,-347000
056855,祥碩中信98購02  ,0,0,0,0,0,0,0,0,0,-347000,0,0,0,179000,526000,-347000,-347000
063118,中鋼元大9C購01  ,0,0,0,0,0,0,0,0,0,-348000,0,0,0,108000,456000,-348000,-348000
08072P,祥碩永豐9B售03  ,0,0,0,0,0,0,0,0,0,-349000,0,0,0,6000,355000,-349000,-349000
059631,京元電凱基99購02,0,0,0,0,0,0,0,0,0,-349000,0,0,0,307000,656000,-349000,-349000
060298,鎧勝元大9C購01  ,0,0,0,0,0,0,0,0,0,-349000,0,0,0,41000,390000,-349000,-349000
056555,矽創凱基98購01  ,0,0,0,0,0,0,0,0,0,-350000,0,0,0,10000,360000,-350000,-350000
056791,嘉聯益群益98購01,0,0,0,0,0,0,0,0,0,-352000,0,0,0,107000,459000,-352000,-352000
057087,台郡統一99購01  ,0,0,0,0,0,0,0,0,0,-353000,0,0,0,730000,1083000,-353000,-353000
062466,FBVIX凱基9B購01 ,0,0,0,0,0,0,0,0,0,-353000,0,0,0,102000,455000,-353000,-353000
060466,玉山金元大9A購01,0,0,0,0,0,0,0,0,0,-354000,0,0,0,79000,433000,-354000,-354000
061742,奇鋐凱基9B購01  ,0,0,0,0,0,0,0,0,0,-354000,0,0,0,200000,554000,-354000,-354000
053353,玉晶光兆豐97購03,0,0,0,0,0,0,0,0,0,-358000,0,0,0,89000,447000,-358000,-358000
058324,嘉聯益永豐9A購01,0,0,0,0,0,0,0,0,0,-358000,0,0,0,398000,756000,-358000,-358000
07746P,華新科凱基9A售11,0,0,0,0,0,0,0,0,0,-360000,0,0,0,0,360000,-360000,-360000
07948P,大成鋼凱基9B售01,0,0,0,0,0,0,0,0,0,-360000,0,0,0,40000,400000,-360000,-360000
048383,元金2X國票99購01,0,0,0,0,0,0,0,0,0,-361000,0,0,0,30000,391000,-361000,-361000
055908,GIS日盛97購01   ,0,0,0,0,0,0,0,0,0,-361000,0,0,0,70000,431000,-361000,-361000
061318,智邦凱基9B購01  ,0,0,0,0,0,0,0,0,0,-362000,0,0,0,203000,565000,-362000,-362000
2436,偉詮電          ,287000,650000,-363000,0,0,0,0,0,0,0,0,0,0,0,0,0,-363000
054088,華新群益98購02  ,0,0,0,0,0,0,0,0,0,-363000,0,0,0,72000,435000,-363000,-363000
058468,聯茂中信99購02  ,0,0,0,0,0,0,0,0,0,-363000,0,0,0,40000,403000,-363000,-363000
062388,旭富國泰01購01  ,0,0,0,0,0,0,0,0,0,-363000,0,0,0,95000,458000,-363000,-363000
4536,拓凱            ,65000,111000,-46000,0,0,0,0,259000,-259000,-59000,0,60000,-60000,1000,0,1000,-364000
07634P,金像電元大9A售01,0,0,0,0,0,0,0,0,0,-364000,0,0,0,131000,495000,-364000,-364000
06516P,國巨凱基98售08  ,0,0,0,0,0,0,0,0,0,-364000,0,0,0,36000,400000,-364000,-364000
060732,玉晶光群益9C購02,0,0,0,0,0,0,0,0,0,-364000,0,0,0,45000,409000,-364000,-364000
07104P,聯發科元富99售04,0,0,0,0,0,0,0,0,0,-367000,0,0,0,0,367000,-367000,-367000
07983P,茂林群益9B售03  ,0,0,0,0,0,0,0,0,0,-367000,0,0,0,150000,517000,-367000,-367000
057149,京鼎國票99購02  ,0,0,0,0,0,0,0,0,0,-367000,0,0,0,252000,619000,-367000,-367000
061517,瑞祺永豐9A購03  ,0,0,0,0,0,0,0,0,0,-368000,0,0,0,6000,374000,-368000,-368000
2316,楠梓電          ,137000,485000,-348000,0,0,0,0,0,0,-21000,0,0,0,0,21000,-21000,-369000
07060P,台表科國票9A售01,0,0,0,0,0,0,0,0,0,-369000,0,0,0,101000,470000,-369000,-369000
061612,南六統一9A購01  ,0,0,0,0,0,0,0,0,0,-369000,0,0,0,327000,696000,-369000,-369000
2338,光罩            ,119000,482000,-363000,0,0,0,0,0,0,-11000,0,0,0,32000,43000,-11000,-374000
1218,泰山            ,212000,586000,-374000,0,0,0,0,0,0,0,0,0,0,0,0,0,-374000
3563,牧德            ,84000,352000,-268000,0,0,0,0,50000,-50000,-57000,19000,25000,-6000,16000,67000,-51000,-375000
054768,泰碩國票99購02  ,0,0,0,0,0,0,0,0,0,-375000,0,0,0,22000,397000,-375000,-375000
061353,康控元大9A購01  ,0,0,0,0,0,0,0,0,0,-379000,0,0,0,226000,605000,-379000,-379000
055747,康舒元富97購01  ,0,0,0,0,0,0,0,0,0,-380000,0,0,0,20000,400000,-380000,-380000
08154P,上銀元富9B售04  ,0,0,0,0,0,0,0,0,0,-381000,0,0,0,60000,441000,-381000,-381000
061492,超眾兆豐9B購01  ,0,0,0,0,0,0,0,0,0,-381000,0,0,0,99000,480000,-381000,-381000
1308,亞聚            ,293000,686000,-393000,0,0,0,10000,0,10000,1000,2000,1000,1000,0,0,0,-382000
6451,訊芯-KY         ,298000,674000,-376000,0,0,0,0,0,0,-6000,4000,3000,1000,11000,18000,-7000,-382000
056496,康控國泰99購01  ,0,0,0,0,0,0,0,0,0,-382000,0,0,0,0,382000,-382000,-382000
07898P,國巨國泰9C售02  ,0,0,0,0,0,0,0,0,0,-384000,0,0,0,0,384000,-384000,-384000
07194P,聯發科元大99售25,0,0,0,0,0,0,0,0,0,-385000,0,0,0,30000,415000,-385000,-385000
061844,T50反1國票9C購02,0,0,0,0,0,0,0,0,0,-385000,0,0,0,10000,395000,-385000,-385000
060956,超眾群益9A購01  ,0,0,0,0,0,0,0,0,0,-385000,0,0,0,126000,511000,-385000,-385000
062547,玉晶光永豐9B購05,0,0,0,0,0,0,0,0,0,-385000,0,0,0,4000,389000,-385000,-385000
062229,南六統一9B購01  ,0,0,0,0,0,0,0,0,0,-387000,0,0,0,46000,433000,-387000,-387000
9935,慶豐富          ,379000,767000,-388000,0,0,0,0,0,0,0,0,0,0,0,0,0,-388000
058141,嘉聯益元大99購05,0,0,0,0,0,0,0,0,0,-390000,0,0,0,0,390000,-390000,-390000
8081,致新            ,85000,380663,-295663,0,0,0,0,0,0,-98000,1000,0,1000,13000,112000,-99000,-393663
08117P,聯發科元富9B售04,0,0,0,0,0,0,0,0,0,-395000,0,0,0,77000,472000,-395000,-395000
054099,TPK國票98購01   ,0,0,0,0,0,0,0,0,0,-397000,0,0,0,0,397000,-397000,-397000
06672P,聯發科群益98售05,0,0,0,0,0,0,0,0,0,-398000,0,0,0,0,398000,-398000,-398000
058495,元大金群益9B購01,0,0,0,0,0,0,0,0,0,-398000,0,0,0,75000,473000,-398000,-398000
4968,立積            ,909000,1279000,-370000,0,0,0,247000,0,247000,-277000,82000,36000,46000,42000,365000,-323000,-400000
055945,上証2X元大97購04,0,0,0,0,0,0,0,0,0,-400000,0,0,0,0,400000,-400000,-400000
056849,瀚宇博元富98購01,0,0,0,0,0,0,0,0,0,-403000,0,0,0,207000,610000,-403000,-403000
061634,遠東新元大9A購01,0,0,0,0,0,0,0,0,0,-403000,0,0,0,275000,678000,-403000,-403000
062203,燿華國票9C購01  ,0,0,0,0,0,0,0,0,0,-404000,0,0,0,30000,434000,-404000,-404000
057824,日月光元大98購01,0,0,0,0,0,0,0,0,0,-406000,0,0,0,0,406000,-406000,-406000
056320,京鼎群益99購01  ,0,0,0,0,0,0,0,0,0,-408000,0,0,0,48000,456000,-408000,-408000
060164,合勤控永豐9A購01,0,0,0,0,0,0,0,0,0,-408000,0,0,0,5000,413000,-408000,-408000
061144,玉晶光中信9B購02,0,0,0,0,0,0,0,0,0,-410000,0,0,0,20000,430000,-410000,-410000
051728,道瓊反國票97購01,0,0,0,0,0,0,0,0,0,-414000,0,0,0,0,414000,-414000,-414000
063262,南六富邦9C購01  ,0,0,0,0,0,0,0,0,0,-414000,0,0,0,0,414000,-414000,-414000
07950P,智邦元大9B售04  ,0,0,0,0,0,0,0,0,0,-418000,0,0,0,2000,420000,-418000,-418000
06475P,牧德永豐98售03  ,0,0,0,0,0,0,0,0,0,-419000,0,0,0,0,419000,-419000,-419000
056417,欣興中信98購01  ,0,0,0,0,0,0,0,0,0,-419000,0,0,0,452000,871000,-419000,-419000
07630P,臺股指凱基9A售11,0,0,0,0,0,0,0,0,0,-420000,0,0,0,20000,440000,-420000,-420000
063356,台表科元富02購01,0,0,0,0,0,0,0,0,0,-421000,0,0,0,85000,506000,-421000,-421000
062903,燿華元大9B購04  ,0,0,0,0,0,0,0,0,0,-421000,0,0,0,137000,558000,-421000,-421000
056395,玉晶光永豐9B購01,0,0,0,0,0,0,0,0,0,-422000,0,0,0,28000,450000,-422000,-422000
063655,華通元富9B購01  ,0,0,0,0,0,0,0,0,0,-423000,0,0,0,56000,479000,-423000,-423000
060475,瑞祺元大9A購01  ,0,0,0,0,0,0,0,0,0,-423000,0,0,0,2000,425000,-423000,-423000
055987,台表科元富97購01,0,0,0,0,0,0,0,0,0,-426000,0,0,0,0,426000,-426000,-426000
054932,台肥元大97購01  ,0,0,0,0,0,0,0,0,0,-428000,0,0,0,0,428000,-428000,-428000
062650,南電富邦01購01  ,0,0,0,0,0,0,0,0,0,-430000,0,0,0,75000,505000,-430000,-430000
061188,大成鋼富邦9B購01,0,0,0,0,0,0,0,0,0,-430000,0,0,0,245000,675000,-430000,-430000
063312,台積電群益9B購07,0,0,0,0,0,0,0,0,0,-433000,0,0,0,128000,561000,-433000,-433000
07421P,國泰金元大99售01,0,0,0,0,0,0,0,0,0,-433000,0,0,0,0,433000,-433000,-433000
055063,玉晶光永豐99購01,0,0,0,0,0,0,0,0,0,-433000,0,0,0,656000,1089000,-433000,-433000
061242,玉晶光兆豐9B購02,0,0,0,0,0,0,0,0,0,-433000,0,0,0,20000,453000,-433000,-433000
058878,旭富國泰9B購01  ,0,0,0,0,0,0,0,0,0,-435000,0,0,0,20000,455000,-435000,-435000
056144,GIS元大98購01   ,0,0,0,0,0,0,0,0,0,-437000,0,0,0,47000,484000,-437000,-437000
060195,旭富元富9A購02  ,0,0,0,0,0,0,0,0,0,-438000,0,0,0,0,438000,-438000,-438000
055433,嘉聯益群益99購01,0,0,0,0,0,0,0,0,0,-438000,0,0,0,328000,766000,-438000,-438000
063535,聯發科統一9B購13,0,0,0,0,0,0,0,0,0,-438000,0,0,0,84000,522000,-438000,-438000
063165,泰碩永豐9B購02  ,0,0,0,0,0,0,0,0,0,-438000,0,0,0,30000,468000,-438000,-438000
062215,華通統一9B購01  ,0,0,0,0,0,0,0,0,0,-438000,0,0,0,460000,898000,-438000,-438000
07032P,聯發科統一9C售02,0,0,0,0,0,0,0,0,0,-439000,0,0,0,16000,455000,-439000,-439000
062532,聯詠統一9C購01  ,0,0,0,0,0,0,0,0,0,-439000,0,0,0,164000,603000,-439000,-439000
062578,超眾群益9B購01  ,0,0,0,0,0,0,0,0,0,-441000,0,0,0,20000,461000,-441000,-441000
08121P,聯發科國票9B售05,0,0,0,0,0,0,0,0,0,-443000,0,0,0,126000,569000,-443000,-443000
061944,聯電群益9B購01  ,0,0,0,0,0,0,0,0,0,-444000,0,0,0,113000,557000,-444000,-444000
2404,漢唐            ,167000,659742,-492742,0,0,0,0,0,0,48000,78000,0,78000,6000,36000,-30000,-444742
2809,京城銀          ,181000,537000,-356000,0,0,0,0,4000,-4000,-85000,0,85000,-85000,0,0,0,-445000
00641R,富邦日本反1     ,6000,17000,-11000,0,0,0,0,0,0,-434000,0,0,0,113000,547000,-434000,-445000
054153,宏達電國泰97購01,0,0,0,0,0,0,0,0,0,-445000,0,0,0,0,445000,-445000,-445000
063049,上海銀兆豐9B購01,0,0,0,0,0,0,0,0,0,-445000,0,0,0,65000,510000,-445000,-445000
08089P,嘉澤凱基9B售03  ,0,0,0,0,0,0,0,0,0,-447000,0,0,0,106000,553000,-447000,-447000
07456P,華新科元大9A售06,0,0,0,0,0,0,0,0,0,-449000,0,0,0,0,449000,-449000,-449000
062805,台勝科統一9C購01,0,0,0,0,0,0,0,0,0,-450000,0,0,0,0,450000,-450000,-450000
07502P,美食元大9A售01  ,0,0,0,0,0,0,0,0,0,-453000,0,0,0,0,453000,-453000,-453000
062989,鴻海群益9B購07  ,0,0,0,0,0,0,0,0,0,-453000,0,0,0,2000,455000,-453000,-453000
07817P,同欣電群益9A售02,0,0,0,0,0,0,0,0,0,-458000,0,0,0,0,458000,-458000,-458000
07501P,華新科元大9A售07,0,0,0,0,0,0,0,0,0,-459000,0,0,0,0,459000,-459000,-459000
08160P,茂林元富9B售03  ,0,0,0,0,0,0,0,0,0,-460000,0,0,0,4000,464000,-460000,-460000
052313,聯電元大98購01  ,0,0,0,0,0,0,0,0,0,-464000,0,0,0,70000,534000,-464000,-464000
060290,興富發元大9C購01,0,0,0,0,0,0,0,0,0,-464000,0,0,0,85000,549000,-464000,-464000
07843P,緯穎元大9A售05  ,0,0,0,0,0,0,0,0,0,-465000,0,0,0,178000,643000,-465000,-465000
061025,創意富邦9B購01  ,0,0,0,0,0,0,0,0,0,-465000,0,0,0,45000,510000,-465000,-465000
055693,南茂凱基97購01  ,0,0,0,0,0,0,0,0,0,-467000,0,0,0,0,467000,-467000,-467000
2912,統一超          ,1530460,2003609,-473149,0,0,0,0,0,0,5000,5000,0,5000,0,0,0,-468149
057306,玉晶光兆豐99購01,0,0,0,0,0,0,0,0,0,-469000,0,0,0,9000,478000,-469000,-469000
057340,玉晶光元富98購04,0,0,0,0,0,0,0,0,0,-473000,0,0,0,24000,497000,-473000,-473000
1301,台塑            ,2535826,3621715,-1085889,0,0,0,598000,0,598000,14000,14000,0,14000,0,0,0,-473889
08168P,金像電群益9B售03,0,0,0,0,0,0,0,0,0,-475000,0,0,0,0,475000,-475000,-475000
060376,瑞祺元富9A購01  ,0,0,0,0,0,0,0,0,0,-481000,0,0,0,106000,587000,-481000,-481000
060790,日月光富邦9A購01,0,0,0,0,0,0,0,0,0,-484000,0,0,0,75000,559000,-484000,-484000
062057,華邦電統一01購01,0,0,0,0,0,0,0,0,0,-488000,0,0,0,298000,786000,-488000,-488000
053537,玉晶光永豐98購02,0,0,0,0,0,0,0,0,0,-491000,0,0,0,43000,534000,-491000,-491000
3605,宏致            ,131000,624000,-493000,0,0,0,0,0,0,0,0,0,0,0,0,0,-493000
060637,玉晶光永豐9A購03,0,0,0,0,0,0,0,0,0,-494000,0,0,0,25000,519000,-494000,-494000
062297,億豐永豐9B購01  ,0,0,0,0,0,0,0,0,0,-494000,0,0,0,3000,497000,-494000,-494000
062708,立積元大9B購01  ,0,0,0,0,0,0,0,0,0,-494000,0,0,0,396000,890000,-494000,-494000
057763,康控凱基99購02  ,0,0,0,0,0,0,0,0,0,-495000,0,0,0,315000,810000,-495000,-495000
2614,東森            ,2390000,2889000,-499000,0,0,0,0,0,0,2000,2000,0,2000,0,0,0,-497000
063554,GIS國票9C購03   ,0,0,0,0,0,0,0,0,0,-497000,0,0,0,212000,709000,-497000,-497000
051534,景碩國票97購01  ,0,0,0,0,0,0,0,0,0,-499000,0,0,0,0,499000,-499000,-499000
055699,康控國票97購04  ,0,0,0,0,0,0,0,0,0,-499000,0,0,0,0,499000,-499000,-499000
059796,台積電國票99購10,0,0,0,0,0,0,0,0,0,-499000,0,0,0,0,499000,-499000,-499000
061538,SP黃豆群益9A購03,0,0,0,0,0,0,0,0,0,-499000,0,0,0,0,499000,-499000,-499000
055288,日電貿元大97購02,0,0,0,0,0,0,0,0,0,-500000,0,0,0,187000,687000,-500000,-500000
063153,南六元富9B購01  ,0,0,0,0,0,0,0,0,0,-504000,0,0,0,118000,622000,-504000,-504000
063145,台表科統一02購01,0,0,0,0,0,0,0,0,0,-504000,0,0,0,5000,509000,-504000,-504000
06456P,聯發科統一98售03,0,0,0,0,0,0,0,0,0,-505000,0,0,0,363000,868000,-505000,-505000
063675,亞德客國泰01購01,0,0,0,0,0,0,0,0,0,-506000,0,0,0,0,506000,-506000,-506000
059559,T50反1凱基99購07,0,0,0,0,0,0,0,0,0,-506000,0,0,0,0,506000,-506000,-506000
061123,燿華永豐9A購01  ,0,0,0,0,0,0,0,0,0,-506000,0,0,0,344000,850000,-506000,-506000
061511,緯穎富邦9B購02  ,0,0,0,0,0,0,0,0,0,-508000,0,0,0,422000,930000,-508000,-508000
08210P,健策元富9B售02  ,0,0,0,0,0,0,0,0,0,-509000,0,0,0,32000,541000,-509000,-509000
05361P,聯發科富邦97售01,0,0,0,0,0,0,0,0,0,-509000,0,0,0,68000,577000,-509000,-509000
057992,大立光日盛98購01,0,0,0,0,0,0,0,0,0,-510000,0,0,0,16000,526000,-510000,-510000
051849,旺宏中信98購01  ,0,0,0,0,0,0,0,0,0,-513000,0,0,0,5000,518000,-513000,-513000
062633,亞光國票9B購01  ,0,2000,-2000,0,0,0,0,0,0,-511000,0,0,0,461000,972000,-511000,-513000
06507P,台表科國票99售01,0,0,0,0,0,0,0,0,0,-516000,0,0,0,10000,526000,-516000,-516000
08181P,華新科國泰9C售02,0,0,0,0,0,0,0,0,0,-519000,0,0,0,0,519000,-519000,-519000
061694,玉山金群益9A購01,0,0,0,0,0,0,0,0,0,-526000,0,0,0,131000,657000,-526000,-526000
049024,玉晶光群益97購01,0,0,0,0,0,0,0,0,0,-527000,0,0,0,218000,745000,-527000,-527000
1304,台聚            ,268000,236000,32000,0,0,0,0,563000,-563000,2000,2000,0,2000,0,0,0,-529000
06978P,聯發科富邦9B售02,0,0,0,0,0,0,0,0,0,-529000,0,0,0,0,529000,-529000,-529000
053799,矽創中信9A購01  ,0,0,0,0,0,0,0,0,0,-530000,0,0,0,145000,675000,-530000,-530000
056376,玉晶光統一98購01,0,0,0,0,0,0,0,0,0,-532000,0,0,0,1538000,2070000,-532000,-532000
062828,聯詠群益9B購02  ,0,0,0,0,0,0,0,0,0,-532000,0,0,0,70000,602000,-532000,-532000
062583,鴻海統一9C購12  ,0,0,0,0,0,0,0,0,0,-532000,0,0,0,0,532000,-532000,-532000
2915,潤泰全          ,1012000,1516229,-504229,0,0,0,0,0,0,-28000,1000,2000,-1000,0,27000,-27000,-532229
062455,鴻海群益9C購01  ,0,0,0,0,0,0,0,0,0,-533000,0,0,0,2000,535000,-533000,-533000
056404,嘉聯益群益9A購01,0,0,0,0,0,0,0,0,0,-534000,0,0,0,400000,934000,-534000,-534000
058523,聯茂元大99購08  ,0,0,0,0,0,0,0,0,0,-534000,0,0,0,20000,554000,-534000,-534000
061723,嘉聯益永豐9A購03,0,0,0,0,0,0,0,0,0,-534000,0,0,0,10000,544000,-534000,-534000
3518,柏騰            ,313000,848000,-535000,0,0,0,0,0,0,0,0,0,0,0,0,0,-535000
059560,T50反1凱基99購08,0,0,0,0,0,0,0,0,0,-539000,0,0,0,127000,666000,-539000,-539000
055902,同欣電中信99購01,0,0,0,0,0,0,0,0,0,-540000,0,0,0,107000,647000,-540000,-540000
2049,上銀            ,1335838,1826120,-490282,0,0,0,27000,0,27000,-80000,17000,28000,-11000,6000,75000,-69000,-543282
055602,康控元大97購03  ,0,0,0,0,0,0,0,0,0,-545000,0,0,0,0,545000,-545000,-545000
06855P,聯發科富邦9A售01,0,0,0,0,0,0,0,0,0,-547000,0,0,0,204000,751000,-547000,-547000
3006,晶豪科          ,651000,1210000,-559000,0,0,0,0,0,0,9000,26000,0,26000,46000,63000,-17000,-550000
063204,高鐵統一9C購01  ,0,0,0,0,0,0,0,0,0,-550000,0,0,0,91000,641000,-550000,-550000
063767,義隆國泰02購01  ,0,0,0,0,0,0,0,0,0,-551000,0,0,0,19000,570000,-551000,-551000
062351,瑞祺群益9C購01  ,0,0,0,0,0,0,0,0,0,-551000,0,0,0,109000,660000,-551000,-551000
4927,泰鼎-KY         ,547000,943000,-396000,0,0,0,0,113000,-113000,-45000,17000,2000,15000,38000,98000,-60000,-554000
061911,台積電中信05購04,0,0,0,0,0,0,0,0,0,-554000,0,0,0,0,554000,-554000,-554000
08036P,嘉澤群益9B售03  ,0,0,0,0,0,0,0,0,0,-556000,0,0,0,134000,690000,-556000,-556000
057475,聯電元大9A購01  ,0,0,0,0,0,0,0,0,0,-556000,0,0,0,86000,642000,-556000,-556000
063658,瑞祺元富9B購01  ,0,0,0,0,0,0,0,0,0,-557000,0,0,0,85000,642000,-557000,-557000
07575P,瑞昱元大9A售02  ,0,0,0,0,0,0,0,0,0,-563000,0,0,0,0,563000,-563000,-563000
07997P,上銀凱基9B售04  ,0,0,0,0,0,0,0,0,0,-563000,0,0,0,40000,603000,-563000,-563000
063571,TPK元大9B購03   ,0,0,0,0,0,0,0,0,0,-570000,0,0,0,242000,812000,-570000,-570000
07951P,智邦元大9B售05  ,0,0,0,0,0,0,0,0,0,-573000,0,0,0,25000,598000,-573000,-573000
061210,玉山金元大9A購02,0,0,0,0,0,0,0,0,0,-573000,0,0,0,148000,721000,-573000,-573000
061292,玉晶光統一01購06,0,0,0,0,0,0,0,0,0,-580000,0,0,0,11000,591000,-580000,-580000
1229,聯華            ,236000,821000,-585000,0,0,0,0,0,0,3000,3000,0,3000,0,0,0,-582000
1590,亞德客-KY       ,929817,1298831,-369014,0,0,0,5000,246000,-241000,27000,14000,1000,13000,15000,1000,14000,-583014
060385,台勝科凱基9A購01,0,0,0,0,0,0,0,0,0,-585000,0,0,0,0,585000,-585000,-585000
3661,世芯-KY         ,724000,1254400,-530400,0,0,0,0,0,0,-55000,57000,89000,-32000,18000,41000,-23000,-585400
060191,亞光元富9A購02  ,0,0,0,0,0,0,0,0,0,-588000,0,0,0,749000,1337000,-588000,-588000
063154,南六元富9B購02  ,0,0,0,0,0,0,0,0,0,-596000,0,0,0,5000,601000,-596000,-596000
06486P,麗豐元大98售02  ,0,0,0,0,0,0,0,0,0,-600000,0,0,0,194000,794000,-600000,-600000
062292,旭富永豐9B購01  ,0,0,0,0,0,0,0,0,0,-605000,0,0,0,5000,610000,-605000,-605000
060720,嘉聯益永豐9A購02,0,0,0,0,0,0,0,0,0,-606000,0,0,0,0,606000,-606000,-606000
06914P,南茂元大98售03  ,0,0,0,0,0,0,0,0,0,-611000,0,0,0,0,611000,-611000,-611000
5215,科嘉-KY         ,464000,682000,-218000,0,0,0,0,393000,-393000,0,0,0,0,0,0,0,-611000
062910,亞光元大9B購01  ,0,0,0,0,0,0,0,0,0,-611000,0,0,0,359000,970000,-611000,-611000
063615,瑞祺群益9B購03  ,0,0,0,0,0,0,0,0,0,-613000,0,0,0,3000,616000,-613000,-613000
062498,華通群益9C購04  ,0,0,0,0,0,0,0,0,0,-614000,0,0,0,202000,816000,-614000,-614000
063111,TPK兆豐9B購01   ,0,0,0,0,0,0,0,0,0,-615000,0,0,0,532000,1147000,-615000,-615000
06656P,GIS元大98售02   ,0,0,0,0,0,0,0,0,0,-624000,0,0,0,193000,817000,-624000,-624000
1714,和桐            ,136000,754000,-618000,0,0,0,0,10000,-10000,2000,2000,0,2000,0,0,0,-626000
062385,玉晶光國泰01購01,0,0,0,0,0,0,0,0,0,-627000,0,0,0,94000,721000,-627000,-627000
061469,瑞祺群益9A購02  ,0,0,0,0,0,0,0,0,0,-631000,0,0,0,71000,702000,-631000,-631000
3380,明泰            ,538000,1249000,-711000,0,0,0,0,0,0,75000,89000,0,89000,14000,28000,-14000,-636000
063136,智邦統一9B購02  ,0,0,0,0,0,0,0,0,0,-637000,0,0,0,334000,971000,-637000,-637000
07850P,健策群益9A售06  ,0,0,0,0,0,0,0,0,0,-638000,0,0,0,10000,648000,-638000,-638000
057633,緯穎永豐98購02  ,0,0,0,0,0,0,0,0,0,-640000,0,0,0,39000,679000,-640000,-640000
07617P,聯發科中信9C售04,0,0,0,0,0,0,0,0,0,-650000,0,0,0,0,650000,-650000,-650000
061213,群創元大9A購05  ,0,0,0,0,0,0,0,0,0,-655000,0,0,0,201000,856000,-655000,-655000
07878P,智邦群益9C售01  ,0,0,0,0,0,0,0,0,0,-659000,0,0,0,117000,776000,-659000,-659000
2375,凱美            ,295000,745000,-450000,0,0,0,0,0,0,-210000,1000,0,1000,22000,233000,-211000,-660000
058842,元油2X群益9C購01,0,0,0,0,0,0,0,0,0,-661000,0,0,0,0,661000,-661000,-661000
05722P,玉晶光國票97售03,0,0,0,0,0,0,0,0,0,-665000,0,0,0,119000,784000,-665000,-665000
056603,嘉聯益國泰9A購01,0,0,0,0,0,0,0,0,0,-668000,0,0,0,151000,819000,-668000,-668000
3026,禾伸堂          ,141000,728000,-587000,0,0,0,290000,280000,10000,-92000,0,0,0,9000,101000,-92000,-669000
06833P,矽力群益99售01  ,0,0,0,0,0,0,0,0,0,-670000,0,0,0,0,670000,-670000,-670000
8016,矽創            ,167000,851000,-684000,0,0,0,0,0,0,7000,0,0,0,25000,18000,7000,-677000
061491,嘉聯益兆豐9B購01,0,0,0,0,0,0,0,0,0,-679000,0,0,0,24000,703000,-679000,-679000
3437,榮創            ,192000,867000,-675000,0,0,0,0,0,0,-5000,3000,8000,-5000,0,0,0,-680000
08130P,義隆元大9B售05  ,0,0,0,0,0,0,0,0,0,-682000,0,0,0,134000,816000,-682000,-682000
062035,瑞祺群益9B購01  ,0,0,0,0,0,0,0,0,0,-684000,0,0,0,88000,772000,-684000,-684000
06844P,智邦元大98售13  ,0,0,0,0,0,0,0,0,0,-705000,0,0,0,51000,756000,-705000,-705000
08125P,聯茂群益9B售02  ,0,0,0,0,0,0,0,0,0,-716000,0,0,0,0,716000,-716000,-716000
058841,深中小群益01購01,0,0,0,0,0,0,0,0,0,-721000,0,0,0,300000,1021000,-721000,-721000
061035,亞光永豐9A購01  ,0,0,0,0,0,0,0,0,0,-724000,0,0,0,63000,787000,-724000,-724000
07816P,聯發科群益9A售02,0,0,0,0,0,0,0,0,0,-727000,0,0,0,0,727000,-727000,-727000
07771P,義隆國票9A售01  ,0,0,0,0,0,0,0,0,0,-730000,0,0,0,91000,821000,-730000,-730000
057202,TPK元富98購02   ,0,0,0,0,0,0,0,0,0,-735000,0,0,0,515000,1250000,-735000,-735000
055670,矽創群益98購02  ,0,0,0,0,0,0,0,0,0,-754000,0,0,0,66000,820000,-754000,-754000
063383,億豐永豐9B購02  ,0,0,0,0,0,0,0,0,0,-760000,0,0,0,0,760000,-760000,-760000
2498,宏達電          ,635000,1227000,-592000,0,0,0,0,0,0,-172000,11000,0,11000,22000,205000,-183000,-764000
6271,同欣電          ,243000,1001000,-758000,0,0,0,253000,242000,11000,-24000,65000,22000,43000,0,67000,-67000,-771000
061306,瑞祺永豐9A購02  ,0,0,0,0,0,0,0,0,0,-776000,0,0,0,29000,805000,-776000,-776000
07658P,國泰金凱基9A售01,0,0,0,0,0,0,0,0,0,-780000,0,0,0,0,780000,-780000,-780000
055744,茂林元富97購02  ,0,0,0,0,0,0,0,0,0,-780000,0,0,0,283000,1063000,-780000,-780000
5469,瀚宇博          ,600000,1359785,-759785,0,0,0,0,10000,-10000,-24000,0,10000,-10000,125000,139000,-14000,-793785
057389,玉晶光永豐98購06,0,0,0,0,0,0,0,0,0,-794000,0,0,0,90000,884000,-794000,-794000
2455,全新            ,533000,1276000,-743000,0,0,0,34000,0,34000,-93000,24000,2000,22000,27000,142000,-115000,-802000
00650L,FH香港正2       ,102000,102000,0,0,0,0,0,0,0,-808000,0,0,0,1833000,2641000,-808000,-808000
058315,TPK富邦9C購01   ,0,0,0,0,0,0,0,0,0,-811000,0,0,0,872000,1683000,-811000,-811000
08074P,緯穎元富9B售02  ,0,0,0,0,0,0,0,0,0,-814000,0,0,0,201000,1015000,-814000,-814000
2376,技嘉            ,1293000,1824000,-531000,0,0,0,188000,0,188000,-492000,60000,268000,-208000,13000,297000,-284000,-835000
054533,泰碩國泰98購01  ,0,0,0,0,0,0,0,0,0,-846000,0,0,0,143000,989000,-846000,-846000
07990P,緯穎凱基9B售02  ,0,0,0,0,0,0,0,0,0,-849000,0,0,0,149000,998000,-849000,-849000
062975,京鼎元富9B購01  ,0,0,0,0,0,0,0,0,0,-851000,0,0,0,267000,1118000,-851000,-851000
00652,富邦印度        ,5000,231000,-226000,0,0,0,0,0,0,-632000,0,0,0,73000,705000,-632000,-858000
07825P,健策國泰9B售04  ,0,0,0,0,0,0,0,0,0,-860000,0,0,0,45000,905000,-860000,-860000
063673,GIS統一9C購02   ,0,0,0,0,0,0,0,0,0,-860000,0,0,0,18000,878000,-860000,-860000
06680P,智邦元大98售06  ,0,0,0,0,0,0,0,0,0,-862000,0,0,0,94000,956000,-862000,-862000
061594,玉晶光永豐9A購08,0,0,0,0,0,0,0,0,0,-874000,0,0,0,10000,884000,-874000,-874000
2401,凌陽            ,139000,1006000,-867000,0,0,0,0,0,0,-12000,28000,40000,-12000,0,0,0,-879000
06984P,上銀富邦9B售01  ,0,0,0,0,0,0,0,0,0,-880000,0,0,0,101000,981000,-880000,-880000
07354P,臺股指國票99售22,0,0,0,0,0,0,0,0,0,-888000,0,0,0,210000,1098000,-888000,-888000
2504,國產            ,124000,1002000,-878000,0,0,0,0,0,0,-14000,3000,0,3000,77000,94000,-17000,-892000
4935,茂林-KY         ,280000,427496,-147496,0,0,0,0,745000,-745000,-11000,13000,0,13000,11000,35000,-24000,-903496
3035,智原            ,466000,1234000,-768000,0,0,0,0,16000,-16000,-123000,12000,0,12000,8000,143000,-135000,-907000
07536P,華新科元富9A售04,0,0,0,0,0,0,0,0,0,-919000,0,0,0,21000,940000,-919000,-919000
08170P,緯穎群益9B售03  ,0,0,0,0,0,0,0,0,0,-925000,0,0,0,35000,960000,-925000,-925000
07976P,聯發科群益9C售02,0,0,0,0,0,0,0,0,0,-927000,0,0,0,44000,971000,-927000,-927000
08183P,聯發科永豐9B售04,0,0,0,0,0,0,0,0,0,-934000,0,0,0,0,934000,-934000,-934000
063140,聯發科統一9B購08,0,0,0,0,0,0,0,0,0,-968000,0,0,0,13000,981000,-968000,-968000
08205P,智邦凱基9B售03  ,0,0,0,0,0,0,0,0,0,-972000,0,0,0,1000,973000,-972000,-972000
08111P,臺股指中信01售06,0,0,0,0,0,0,0,0,0,-978000,0,0,0,0,978000,-978000,-978000
055723,康控元大97購04  ,0,0,0,0,0,0,0,0,0,-986000,0,0,0,0,986000,-986000,-986000
05692P,聯發科中信9A售02,0,0,0,0,0,0,0,0,0,-987000,0,0,0,341000,1328000,-987000,-987000
07788P,華新科群益9A售08,0,0,0,0,0,0,0,0,0,-996000,0,0,0,2000,998000,-996000,-996000
060935,T50反1國票9A購08,0,0,0,0,0,0,0,0,0,-998000,0,0,0,0,998000,-998000,-998000
08094P,華新科元富9B售05,0,0,0,0,0,0,0,0,0,-1000000,0,0,0,0,1000000,-1000000,-1000000
00671R,富邦NASDAQ反1   ,8000,0,8000,0,0,0,0,0,0,-1010000,0,0,0,0,1010000,-1010000,-1002000
063774,GIS富邦9B購02   ,0,0,0,0,0,0,0,0,0,-1012000,0,0,0,0,1012000,-1012000,-1012000
00634R,富邦上証反1     ,0,412000,-412000,0,0,0,0,0,0,-604000,0,0,0,322000,926000,-604000,-1016000
047962,T50反1中信96購02,0,0,0,0,0,0,0,0,0,-1021000,0,0,0,350000,1371000,-1021000,-1021000
054567,拓凱群益98購01  ,0,0,0,0,0,0,0,0,0,-1022000,0,0,0,219000,1241000,-1022000,-1022000
08177P,金像電元大9B售02,0,0,0,0,0,0,0,0,0,-1023000,0,0,0,2000,1025000,-1023000,-1023000
07800P,華新科國泰9B售04,0,0,0,0,0,0,0,0,0,-1027000,0,0,0,0,1027000,-1027000,-1027000
062395,台表科富邦9C購01,0,0,0,0,0,0,0,0,0,-1058000,0,0,0,1000,1059000,-1058000,-1058000
058546,玉晶光富邦9B購01,0,0,0,0,0,0,0,0,0,-1063000,0,0,0,29000,1092000,-1063000,-1063000
062872,華通兆豐9C購01  ,0,0,0,0,0,0,0,0,0,-1072000,0,0,0,0,1072000,-1072000,-1072000
1504,東元            ,703000,1754922,-1051922,0,0,0,0,0,0,-28000,4000,0,4000,0,32000,-32000,-1079922
00669R,國泰美國道瓊反1 ,20000,20000,0,0,0,0,0,0,0,-1089000,0,0,0,1427000,2516000,-1089000,-1089000
07546P,玉晶光凱基9A售09,0,0,0,0,0,0,0,0,0,-1114000,0,0,0,120000,1234000,-1114000,-1114000
6213,聯茂            ,243339,1226000,-982661,0,0,0,0,33000,-33000,-119000,127000,189000,-62000,17000,74000,-57000,-1134661
1315,達新            ,325000,1452000,-1127000,0,0,0,0,0,0,-19000,1000,1000,0,9000,28000,-19000,-1146000
2314,台揚            ,307000,1455000,-1148000,0,0,0,0,0,0,0,0,0,0,0,0,0,-1148000
054640,健策中信9B購01  ,0,0,0,0,0,0,0,0,0,-1153000,0,0,0,15000,1168000,-1153000,-1153000
063583,GIS國泰01購01   ,0,0,0,0,0,0,0,0,0,-1162000,0,0,0,94000,1256000,-1162000,-1162000
062087,瑞祺元大9B購02  ,0,0,0,0,0,0,0,0,0,-1167000,0,0,0,169000,1336000,-1167000,-1167000
3545,敦泰            ,221000,1413000,-1192000,0,0,0,0,0,0,1000,1000,0,1000,0,0,0,-1191000
2408,南亞科          ,2951300,4385000,-1433700,0,0,0,0,0,0,212000,397000,152000,245000,72000,105000,-33000,-1221700
9958,世紀鋼          ,253000,1281000,-1028000,0,0,0,0,0,0,-217000,32000,10000,22000,34000,273000,-239000,-1245000
063146,南六統一9B購02  ,0,0,0,0,0,0,0,0,0,-1249000,0,0,0,315000,1564000,-1249000,-1249000
057987,大立光元富98購02,0,0,0,0,0,0,0,0,0,-1255000,0,0,0,840000,2095000,-1255000,-1255000
2363,矽統            ,870000,2128000,-1258000,0,0,0,0,0,0,1000,1000,0,1000,0,0,0,-1257000
06822P,上銀富邦99售03  ,0,0,0,0,0,0,0,0,0,-1277000,0,0,0,60000,1337000,-1277000,-1277000
063850,玉晶光元大9C購07,0,0,0,0,0,0,0,0,0,-1328000,0,0,0,53000,1381000,-1328000,-1328000
060702,玉晶光國泰9C購02,0,0,0,0,0,0,0,0,0,-1374000,0,0,0,421000,1795000,-1374000,-1374000
00715L,街口布蘭特油正2 ,0,0,0,0,0,0,0,0,0,-1413000,0,0,0,0,1413000,-1413000,-1413000
1314,中石化          ,1165000,2592000,-1427000,0,0,0,0,0,0,0,3000,0,3000,17000,20000,-3000,-1427000
2102,泰豐            ,480000,1930000,-1450000,0,0,0,0,0,0,2000,2000,0,2000,0,0,0,-1448000
06662P,玉晶光中信9A售01,0,0,0,0,0,0,0,0,0,-1455000,0,0,0,446000,1901000,-1455000,-1455000
056138,群創元大9B購01  ,0,0,0,0,0,0,0,0,0,-1488000,0,0,0,0,1488000,-1488000,-1488000
00638R,元大滬深300反1  ,0,5000,-5000,0,0,0,0,0,0,-1496000,100000,0,100000,183000,1779000,-1596000,-1501000
057012,康控中信98購01  ,0,0,0,0,0,0,0,0,0,-1520000,0,0,0,30000,1550000,-1520000,-1520000
06604P,聯發科元富02售02,0,0,0,0,0,0,0,0,0,-1533000,0,0,0,300000,1833000,-1533000,-1533000
061915,T50反1凱基02購02,0,0,0,0,0,0,0,0,0,-1540000,0,0,0,90000,1630000,-1540000,-1540000
08006P,長榮航中信03售01,0,0,0,0,0,0,0,0,0,-1598000,0,0,0,0,1598000,-1598000,-1598000
3041,揚智            ,2260827,3953827,-1693000,0,0,0,0,0,0,81000,81000,0,81000,0,0,0,-1612000
6669,緯穎            ,756701,1977405,-1220704,0,0,0,37000,300000,-263000,-154000,9000,138000,-129000,6000,31000,-25000,-1637704
054713,國巨中信9B購01  ,0,0,0,0,0,0,0,0,0,-1664000,0,0,0,0,1664000,-1664000,-1664000
2332,友訊            ,171000,663000,-492000,0,0,0,0,0,0,-1185000,12000,58000,-46000,0,1139000,-1139000,-1677000
1605,華新            ,2260000,3027000,-767000,0,0,0,0,662000,-662000,-249000,17000,38000,-21000,0,228000,-228000,-1678000
063671,GIS統一01購01   ,0,0,0,0,0,0,0,0,0,-1711000,0,0,0,165000,1876000,-1711000,-1711000
3044,健鼎            ,483000,2324926,-1841926,0,0,0,0,1000,-1000,97000,174000,12000,162000,44000,109000,-65000,-1745926
07981P,上銀群益9B售04  ,0,0,0,0,0,0,0,0,0,-1757000,0,0,0,10000,1767000,-1757000,-1757000
063346,TPK統一9C購01   ,0,0,0,0,0,0,0,0,0,-1802000,0,0,0,200000,2002000,-1802000,-1802000
2456,奇力新          ,445000,1287000,-842000,0,0,0,0,899000,-899000,-112000,21000,6000,15000,3000,130000,-127000,-1853000
2327,國巨            ,2468097,4369000,-1900903,0,0,0,0,128000,-128000,7000,86000,81000,5000,135000,133000,2000,-2021903
2492,華新科          ,1000022,2357928,-1357906,0,0,0,0,240000,-240000,-470000,54000,32000,22000,49000,541000,-492000,-2067906
6239,力成            ,891064,3200449,-2309385,0,0,0,122000,0,122000,4000,27000,2000,25000,4000,25000,-21000,-2183385
1102,亞泥            ,2588336,5075319,-2486983,0,0,0,314000,0,314000,-33000,19000,4000,15000,0,48000,-48000,-2205983
063672,GIS統一9C購01   ,0,0,0,0,0,0,0,0,0,-2319000,0,0,0,142000,2461000,-2319000,-2319000
2448,晶電            ,2371000,4470000,-2099000,0,0,0,0,109000,-109000,-489000,287000,776000,-489000,0,0,0,-2697000
3045,台灣大          ,1654274,4420509,-2766235,0,0,0,0,0,0,54000,54000,0,54000,0,0,0,-2712235
2618,長榮航          ,6352152,4091500,2260652,0,0,0,0,4873000,-4873000,-134000,5000,394000,-389000,255000,0,255000,-2746348
3706,神達            ,344000,2593000,-2249000,0,0,0,0,351000,-351000,-168000,5000,68000,-63000,11000,116000,-105000,-2768000
8112,至上            ,147000,3044000,-2897000,0,0,0,0,0,0,0,0,0,0,0,0,0,-2897000
3042,晶技            ,1087000,3846243,-2759243,0,0,0,175000,3000,172000,-335000,49000,69000,-20000,4000,319000,-315000,-2922243
00642U,元大S&P石油     ,30000,3000,27000,0,0,0,0,0,0,-3147000,0,0,0,455000,3602000,-3147000,-3120000
2882,國泰金          ,13873828,16934652,-3060824,0,0,0,0,0,0,-60000,0,0,0,73000,133000,-60000,-3120824
2345,智邦            ,3226268,6797498,-3571230,0,0,0,210000,236000,-26000,159000,280000,183000,97000,110000,48000,62000,-3438230
2478,大毅            ,1318750,5010000,-3691250,0,0,0,252000,0,252000,-721000,47000,10000,37000,29000,787000,-758000,-4160250
2344,華邦電          ,5132764,9132000,-3999236,0,0,0,0,290000,-290000,-106000,191000,246000,-55000,123000,174000,-51000,-4395236
8046,南電            ,1965000,4943000,-2978000,0,0,0,570000,929000,-359000,-1513000,166000,482000,-316000,95000,1292000,-1197000,-4850000
6257,矽格            ,1410000,6762000,-5352000,0,0,0,0,52000,-52000,-113000,315000,415000,-100000,208000,221000,-13000,-5517000
2890,永豐金          ,9071500,15031256,-5959756,0,0,0,0,5000,-5000,122000,116000,0,116000,6000,0,6000,-5842756
8150,南茂            ,4032000,9182306,-5150306,0,0,0,712000,1634000,-922000,-364000,1000,286000,-285000,333000,412000,-79000,-6436306
2449,京元電子        ,1548000,8097843,-6549843,0,0,0,0,193000,-193000,135000,256000,30000,226000,51000,142000,-91000,-6607843
2337,旺宏            ,3554000,11739000,-8185000,0,0,0,0,1115000,-1115000,538000,330000,0,330000,255000,47000,208000,-8762000
2368,金像電          ,3513000,9296000,-5783000,0,0,0,0,2027000,-2027000,-1806000,326000,1885000,-1559000,37000,284000,-247000,-9616000
3037,欣興            ,9600000,25449400,-15849400,0,0,0,3330000,2656000,674000,-1243000,1082000,1302000,-220000,430000,1453000,-1023000,-16418400
