證券代號,證券名稱,外陸資買進股數(不含外資自營商),外陸資賣出股數(不含外資自營商),外陸資買賣超股數(不含外資自營商),外資自營商買進股數,外資自營商賣出股數,外資自營商買賣超股數,投信買進股數,投信賣出股數,投信買賣超股數,自營商買賣超股數,自營商買進股數(自行買賣),自營商賣出股數(自行買賣),自營商買賣超股數(自行買賣),自營商買進股數(避險),自營商賣出股數(避險),自營商買賣超股數(避險),三大法人買賣超股數
2888,新光金          ,16918645,6126934,10791711,0,0,0,0,0,0,-597000,0,418000,-418000,182000,361000,-179000,10194711
2330,台積電          ,23638520,14900205,8738315,0,0,0,1213000,0,1213000,-1109000,214000,1265000,-1051000,590000,648000,-58000,8842315
2353,宏碁            ,9968340,3458617,6509723,0,0,0,0,0,0,116000,474000,270000,204000,0,88000,-88000,6625723
1605,華新            ,10944000,4605000,6339000,0,0,0,0,0,0,-541000,2000,231000,-229000,31000,343000,-312000,5798000
2603,長榮            ,6854964,2372570,4482394,0,0,0,1307000,0,1307000,-8000,169000,191000,-22000,14000,0,14000,5781394
4927,泰鼎-KY         ,2786000,1394000,1392000,0,0,0,3274000,0,3274000,556000,331000,82000,249000,436000,129000,307000,5222000
0056,元大高股息      ,681000,71000,610000,0,0,0,229000,0,229000,3901000,40000,300000,-260000,7211000,3050000,4161000,4740000
051446,中壽元大96購01  ,0,0,0,0,0,0,0,0,0,4599000,0,0,0,4599000,0,4599000,4599000
00875,國泰網路資安    ,0,103000,-103000,0,0,0,0,0,0,4684000,0,0,0,4860000,176000,4684000,4581000
2201,裕隆            ,2436000,2141000,295000,0,0,0,4138000,0,4138000,-227000,0,253000,-253000,26000,0,26000,4206000
2409,友達            ,18157820,17409000,748820,0,0,0,4500000,2000000,2500000,924000,693000,487000,206000,836000,118000,718000,4172820
2890,永豐金          ,11490310,9198980,2291330,0,0,0,2000000,0,2000000,-351000,10000,371000,-361000,10000,0,10000,3940330
00631L,元大台灣50正2   ,337000,352000,-15000,0,0,0,0,0,0,3768000,0,0,0,8105000,4337000,3768000,3753000
2610,華航            ,13010000,10213000,2797000,0,0,0,0,0,0,845000,29000,64000,-35000,880000,0,880000,3642000
2449,京元電子        ,6597000,4160000,2437000,0,0,0,929000,0,929000,68000,37000,326000,-289000,593000,236000,357000,3434000
0050,元大台灣50      ,90100,86000,4100,0,0,0,201000,325000,-124000,3529000,49000,0,49000,5540000,2060000,3480000,3409100
051753,華通元大96購03  ,0,0,0,0,0,0,0,0,0,3263000,0,0,0,3263000,0,3263000,3263000
2618,長榮航          ,10027790,7233646,2794144,0,0,0,0,0,0,401000,262000,440000,-178000,613000,34000,579000,3195144
00673R,元大S&P原油反1  ,85000,85000,0,0,0,0,0,0,0,3194000,0,0,0,4109000,915000,3194000,3194000
2327,國巨            ,7666000,5180000,2486000,0,0,0,594000,0,594000,103000,52000,124000,-72000,262000,87000,175000,3183000
1314,中石化          ,5155000,1887000,3268000,0,0,0,0,0,0,-320000,86000,384000,-298000,10000,32000,-22000,2948000
047285,鴻海統一95購02  ,0,0,0,0,0,0,0,0,0,2940000,0,0,0,2940000,0,2940000,2940000
2324,仁寶            ,11698020,8496433,3201587,0,0,0,30000,0,30000,-342000,8000,209000,-201000,50000,191000,-141000,2889587
00662,富邦NASDAQ      ,0,0,0,0,0,0,0,0,0,2888000,0,0,0,3047000,159000,2888000,2888000
3049,和鑫            ,4368000,1638000,2730000,0,0,0,0,0,0,50000,0,0,0,50000,0,50000,2780000
2492,華新科          ,2840000,2041000,799000,0,0,0,1000000,0,1000000,880000,343000,124000,219000,813000,152000,661000,2679000
2371,大同            ,3673000,2463000,1210000,0,0,0,0,0,0,1431000,1504000,157000,1347000,84000,0,84000,2641000
2883,開發金          ,10231870,7342334,2889536,0,0,0,0,0,0,-398000,8000,504000,-496000,99000,1000,98000,2491536
00646,元大S&P500      ,2000,2000,0,0,0,0,0,0,0,2469000,0,0,0,2910000,441000,2469000,2469000
00634R,富邦上証反1     ,258000,22000,236000,0,0,0,0,0,0,2180000,0,0,0,2238000,58000,2180000,2416000
058380,臺股指凱基99購15,0,0,0,0,0,0,0,0,0,2413000,0,0,0,2413000,0,2413000,2413000
2448,晶電            ,2485000,692000,1793000,0,0,0,230000,0,230000,383000,582000,211000,371000,24000,12000,12000,2406000
1216,統一            ,7148930,5860283,1288647,0,0,0,1156000,0,1156000,-142000,60000,201000,-141000,0,1000,-1000,2302647
2317,鴻海            ,20154654,23137964,-2983310,0,0,0,1000,10000,-9000,5283000,894000,611000,283000,5627000,627000,5000000,2290690
2345,智邦            ,3007790,1206000,1801790,0,0,0,245000,93000,152000,173000,227000,88000,139000,55000,21000,34000,2126790
6116,彩晶            ,4462000,2201000,2261000,0,0,0,0,0,0,-145000,146000,409000,-263000,133000,15000,118000,2116000
2882,國泰金          ,9845136,7409755,2435381,0,0,0,0,0,0,-363000,0,433000,-433000,117000,47000,70000,2072381
053856,台積電富邦98購01,0,0,0,0,0,0,0,0,0,2001000,0,0,0,2001000,0,2001000,2001000
2633,台灣高鐵        ,3385240,1656000,1729240,0,0,0,180000,0,180000,69000,50000,134000,-84000,168000,15000,153000,1978240
2002,中鋼            ,10339174,8058000,2281174,0,0,0,0,0,0,-321000,0,325000,-325000,10000,6000,4000,1960174
5469,瀚宇博          ,1279000,1069000,210000,0,0,0,1400000,0,1400000,270000,25000,0,25000,301000,56000,245000,1880000
2323,中環            ,2589000,1047000,1542000,0,0,0,0,0,0,325000,29000,71000,-42000,367000,0,367000,1867000
060217,國巨凱基9A購10  ,30000,0,30000,0,0,0,0,0,0,1792000,0,0,0,2508000,716000,1792000,1822000
053444,奇力新凱基96購03,0,0,0,0,0,0,0,0,0,1751000,0,0,0,1751000,0,1751000,1751000
1909,榮成            ,3128000,726000,2402000,0,0,0,1000,320000,-319000,-348000,2000,350000,-348000,0,0,0,1735000
6285,啟碁            ,1203000,924000,279000,0,0,0,1490000,0,1490000,-38000,61000,109000,-48000,28000,18000,10000,1731000
2498,宏達電          ,2226000,1535900,690100,0,0,0,0,0,0,1004000,174000,80000,94000,943000,33000,910000,1694100
00861,元大全球未來通訊,0,0,0,0,0,0,0,0,0,1655000,0,0,0,2533000,878000,1655000,1655000
057940,和大國票99購01  ,0,0,0,0,0,0,0,0,0,1599000,0,0,0,2659000,1060000,1599000,1599000
1712,興農            ,1798000,206000,1592000,0,0,0,0,0,0,-49000,0,49000,-49000,0,0,0,1543000
2104,國際中橡        ,2961000,1415770,1545230,0,0,0,0,0,0,-41000,0,48000,-48000,7000,0,7000,1504230
2823,中壽            ,6244000,4655391,1588609,0,0,0,0,0,0,-230000,0,264000,-264000,414000,380000,34000,1358609
053052,旺宏國票97購02  ,0,0,0,0,0,0,0,0,0,1310000,0,0,0,1310000,0,1310000,1310000
8150,南茂            ,1706000,919000,787000,0,0,0,0,0,0,517000,454000,29000,425000,135000,43000,92000,1304000
2515,中工            ,2593000,1307000,1286000,0,0,0,0,0,0,14000,10000,0,10000,4000,0,4000,1300000
2456,奇力新          ,2978000,2353000,625000,0,0,0,140000,0,140000,462000,100000,75000,25000,551000,114000,437000,1227000
054968,佐登元大97購01  ,0,0,0,0,0,0,0,0,0,1198000,0,0,0,1198000,0,1198000,1198000
058595,T50正2元富99購01,0,0,0,0,0,0,0,0,0,1143000,0,0,0,1143000,0,1143000,1143000
1303,南亞            ,3958442,2585751,1372691,0,0,0,10000,0,10000,-263000,6000,269000,-263000,0,0,0,1119691
00850,元大臺灣ESG永續 ,3000,1000,2000,0,0,0,0,0,0,1116000,0,0,0,2014000,898000,1116000,1118000
3576,聯合再生        ,1627000,472000,1155000,0,0,0,0,0,0,-40000,0,40000,-40000,0,0,0,1115000
2504,國產            ,1772000,740000,1032000,0,0,0,0,0,0,49000,0,0,0,49000,0,49000,1081000
055505,新唐元大97購02  ,0,0,0,0,0,0,0,0,0,1043000,0,0,0,1178000,135000,1043000,1043000
3376,新日興          ,599000,1069000,-470000,0,0,0,1400000,40000,1360000,152000,107000,111000,-4000,158000,2000,156000,1042000
2329,華泰            ,1407000,371000,1036000,0,0,0,0,0,0,-7000,0,22000,-22000,15000,0,15000,1029000
07142P,台灣50元大01售01,0,0,0,0,0,0,0,0,0,1019000,0,0,0,1019000,0,1019000,1019000
6153,嘉聯益          ,1629000,1077000,552000,0,0,0,0,0,0,458000,306000,78000,228000,339000,109000,230000,1010000
1904,正隆            ,1820000,796000,1024000,0,0,0,0,0,0,-25000,0,25000,-25000,0,0,0,999000
2887,台新金          ,10982020,9632699,1349321,0,0,0,0,0,0,-355000,0,353000,-353000,0,2000,-2000,994321
059081,和大元大99購01  ,0,0,0,0,0,0,0,0,0,975000,0,0,0,975000,0,975000,975000
057872,旺宏元大99購06  ,0,0,0,0,0,0,0,0,0,969000,0,0,0,1367000,398000,969000,969000
058421,國泰金麥證01購01,0,0,0,1009000,42000,967000,0,0,0,967000,0,0,0,1009000,42000,967000,967000
2363,矽統            ,1401000,448000,953000,0,0,0,0,0,0,1000,1000,0,1000,0,0,0,954000
2841,台開            ,1280000,332000,948000,0,0,0,0,0,0,0,0,0,0,0,0,0,948000
045053,聯發科元富98購01,0,0,0,0,0,0,0,0,0,929000,0,0,0,929000,0,929000,929000
059676,台積電台新99購05,0,0,0,0,0,0,0,0,0,926000,0,0,0,931000,5000,926000,926000
055518,華新科中信99購01,0,0,0,0,0,0,0,0,0,925000,0,0,0,925000,0,925000,925000
2105,正新            ,2236320,1903000,333320,0,0,0,618000,0,618000,-42000,40000,107000,-67000,25000,0,25000,909320
2014,中鴻            ,1820000,814000,1006000,0,0,0,0,0,0,-100000,0,100000,-100000,0,0,0,906000
6239,力成            ,2125121,1995800,129321,0,0,0,674000,0,674000,99000,31000,58000,-27000,126000,0,126000,902321
4938,和碩            ,4863740,4886500,-22760,0,0,0,1043000,0,1043000,-119000,44000,138000,-94000,32000,57000,-25000,901240
058018,南亞科凱基99購03,0,0,0,0,0,0,0,0,0,900000,0,0,0,900000,0,900000,900000
059763,華擎永豐99購03  ,0,0,0,0,0,0,0,0,0,899000,0,0,0,1018000,119000,899000,899000
054982,國巨元富97購03  ,0,0,0,0,0,0,0,0,0,896000,0,0,0,896000,0,896000,896000
2303,聯電            ,49328531,47096000,2232531,0,0,0,0,1441000,-1441000,80000,260000,437000,-177000,309000,52000,257000,871531
2421,建準            ,917000,1673000,-756000,0,0,0,1345000,0,1345000,252000,30000,18000,12000,283000,43000,240000,841000
2481,強茂            ,1145000,381000,764000,0,0,0,0,0,0,69000,22000,0,22000,47000,0,47000,833000
060288,群光元大9C購01  ,0,0,0,0,0,0,0,0,0,823000,0,0,0,869000,46000,823000,823000
00640L,富邦日本正2     ,24000,0,24000,0,0,0,0,0,0,793000,0,0,0,1824000,1031000,793000,817000
2368,金像電          ,10152000,5553000,4599000,0,0,0,100000,5830000,-5730000,1946000,2101000,155000,1946000,0,0,0,815000
052313,聯電元大98購01  ,0,0,0,0,0,0,0,0,0,812000,0,0,0,869000,57000,812000,812000
2601,益航            ,1112000,326000,786000,0,0,0,0,0,0,0,0,0,0,0,0,0,786000
054195,亞泥國泰98購01  ,0,0,0,0,0,0,0,0,0,778000,0,0,0,778000,0,778000,778000
057473,T50反1元大98購08,0,0,0,0,0,0,0,0,0,774000,0,0,0,800000,26000,774000,774000
052942,聯發科中信97購04,0,0,0,0,0,0,0,0,0,772000,0,0,0,772000,0,772000,772000
060202,康友元富9A購01  ,0,0,0,0,0,0,0,0,0,769000,0,0,0,859000,90000,769000,769000
8215,明基材          ,858000,101000,757000,0,0,0,0,0,0,0,0,0,0,0,0,0,757000
00670L,富邦NASDAQ正2   ,28000,63000,-35000,0,0,0,0,0,0,773000,0,0,0,1763000,990000,773000,738000
056822,佐登永豐98購01  ,0,0,0,0,0,0,0,0,0,730000,0,0,0,730000,0,730000,730000
07413P,國巨元大99售33  ,0,0,0,0,0,0,0,0,0,719000,0,0,0,914000,195000,719000,719000
00638R,元大滬深300反1  ,338000,9000,329000,0,0,0,0,0,0,383000,0,0,0,538000,155000,383000,712000
047410,上銀元富96購01  ,0,0,0,0,0,0,0,0,0,712000,0,0,0,762000,50000,712000,712000
057202,TPK元富98購02   ,0,0,0,0,0,0,0,0,0,705000,0,0,0,837000,132000,705000,705000
3045,台灣大          ,2854670,1661104,1193566,0,0,0,19000,293000,-274000,-215000,0,215000,-215000,0,0,0,704566
4906,正文            ,729000,127000,602000,0,0,0,0,0,0,99000,11000,10000,1000,110000,12000,98000,701000
050343,鴻海元富94購01  ,0,0,0,0,0,0,0,0,0,697000,0,0,0,1109000,412000,697000,697000
051657,台郡元富98購01  ,0,0,0,0,0,0,0,0,0,690000,0,0,0,690000,0,690000,690000
2338,光罩            ,1047000,331000,716000,0,0,0,0,0,0,-27000,0,0,0,13000,40000,-27000,689000
057475,聯電元大9A購01  ,0,0,0,0,0,0,0,0,0,683000,0,0,0,995000,312000,683000,683000
059188,京元電富邦9B購01,0,0,0,0,0,0,0,0,0,683000,0,0,0,783000,100000,683000,683000
054750,聯茂凱基98購02  ,0,0,0,0,0,0,0,0,0,680000,0,0,0,680000,0,680000,680000
055644,致茂元富97購01  ,0,0,0,0,0,0,0,0,0,680000,0,0,0,680000,0,680000,680000
5215,科嘉-KY         ,550000,362000,188000,0,0,0,575000,100000,475000,13000,13000,0,13000,0,0,0,676000
2379,瑞昱            ,1952080,1048228,903852,0,0,0,44000,175000,-131000,-100000,38000,139000,-101000,11000,10000,1000,672852
6142,友勁            ,75000,41000,34000,0,0,0,0,0,0,635000,635000,0,635000,0,0,0,669000
6120,達運            ,740000,41000,699000,0,0,0,0,0,0,-34000,0,34000,-34000,0,0,0,665000
2454,聯發科          ,3973179,3372645,600534,0,0,0,184000,92000,92000,-32000,117000,172000,-55000,32000,9000,23000,660534
059865,國巨凱基01購01  ,0,0,0,0,0,0,0,0,0,654000,0,0,0,1225000,571000,654000,654000
5305,敦南            ,695000,44000,651000,0,0,0,0,0,0,0,0,0,0,0,0,0,651000
059153,臺股指國票99購16,0,0,0,0,0,0,0,0,0,651000,0,0,0,1271000,620000,651000,651000
2308,台達電          ,3295457,2833450,462007,0,0,0,3000,0,3000,174000,202000,96000,106000,75000,7000,68000,639007
059930,健策富邦9B購01  ,0,0,0,0,0,0,0,0,0,630000,0,0,0,704000,74000,630000,630000
6005,群益證          ,1581000,1012000,569000,0,0,0,57000,0,57000,0,0,0,0,0,0,0,626000
3016,嘉晶            ,918000,452000,466000,0,0,0,0,0,0,160000,15000,11000,4000,164000,8000,156000,626000
2867,三商壽          ,1654000,892594,761406,0,0,0,0,0,0,-140000,0,140000,-140000,0,0,0,621406
044639,京元電元富94購01,0,0,0,0,0,0,0,0,0,620000,0,0,0,620000,0,620000,620000
020000,富邦特選蘋果N   ,0,0,0,0,0,0,0,0,0,618000,0,0,0,630000,12000,618000,618000
5521,工信            ,655000,43000,612000,0,0,0,0,0,0,0,0,0,0,0,0,0,612000
042752,台灣50元大96購03,0,0,0,0,0,0,0,0,0,610000,0,0,0,610000,0,610000,610000
058821,泰鼎國泰9B購01  ,0,0,0,0,0,0,0,0,0,609000,0,0,0,622000,13000,609000,609000
6269,台郡            ,1368000,2016000,-648000,0,0,0,1112000,310000,802000,453000,235000,170000,65000,391000,3000,388000,607000
060038,台積電國票99購13,0,0,0,0,0,0,0,0,0,607000,0,0,0,656000,49000,607000,607000
052852,國巨元富96購02  ,0,0,0,0,0,0,0,0,0,606000,0,0,0,606000,0,606000,606000
058848,台積電群益99購07,0,0,0,0,0,0,0,0,0,600000,0,0,0,600000,0,600000,600000
057206,立積元富98購01  ,0,0,0,0,0,0,0,0,0,600000,0,0,0,987000,387000,600000,600000
3006,晶豪科          ,687000,172000,515000,0,0,0,0,0,0,84000,71000,21000,50000,35000,1000,34000,599000
048873,玉晶光國票95購02,0,0,0,0,0,0,0,0,0,597000,0,0,0,734000,137000,597000,597000
057195,南茂元大98購01  ,0,0,0,0,0,0,0,0,0,597000,0,0,0,995000,398000,597000,597000
051722,玉晶光永豐97購01,0,5000,-5000,0,0,0,0,0,0,599000,0,0,0,893000,294000,599000,594000
00692,富邦公司治理    ,0,0,0,0,0,0,0,0,0,591000,0,0,0,2178000,1587000,591000,591000
058142,瑞儀元大99購01  ,0,0,0,0,0,0,0,0,0,584000,0,0,0,1451000,867000,584000,584000
1536,和大            ,1085000,715000,370000,0,0,0,0,0,0,212000,193000,49000,144000,73000,5000,68000,582000
059036,可成群益9B購03  ,0,0,0,0,0,0,0,0,0,582000,0,0,0,597000,15000,582000,582000
4967,十銓            ,1041000,550000,491000,0,0,0,100000,0,100000,-10000,0,10000,-10000,0,0,0,581000
07318P,鴻海凱基01售02  ,0,0,0,0,0,0,0,0,0,574000,0,0,0,605000,31000,574000,574000
2412,中華電          ,2971410,2231751,739659,0,0,0,0,100000,-100000,-66000,191000,255000,-64000,0,2000,-2000,573659
058531,華通元富99購01  ,0,0,0,0,0,0,0,0,0,572000,0,0,0,667000,95000,572000,572000
056634,為升兆豐99購01  ,6000,0,6000,0,0,0,0,0,0,565000,0,0,0,565000,0,565000,571000
054980,國巨元富97購01  ,0,0,0,0,0,0,0,0,0,565000,0,0,0,565000,0,565000,565000
059960,健策國票99購01  ,0,0,0,0,0,0,0,0,0,559000,0,0,0,571000,12000,559000,559000
058200,世芯康和99購01  ,0,0,0,0,0,0,0,0,0,558000,0,0,0,751000,193000,558000,558000
045213,A50正2元大95購01,0,0,0,0,0,0,0,0,0,551000,0,0,0,551000,0,551000,551000
058688,矽創凱基9A購01  ,0,0,0,0,0,0,0,0,0,551000,0,0,0,562000,11000,551000,551000
051107,鴻海統一95購05  ,0,0,0,0,0,0,0,0,0,550000,0,0,0,550000,0,550000,550000
054236,貿聯群益96購01  ,0,0,0,0,0,0,0,0,0,550000,0,0,0,550000,0,550000,550000
020012,富邦行動通訊N   ,0,0,0,0,0,0,0,0,0,549000,0,0,0,549000,0,549000,549000
057515,智原元富98購02  ,0,0,0,0,0,0,0,0,0,543000,0,0,0,543000,0,543000,543000
053270,台塑元大96購01  ,0,0,0,0,0,0,0,0,0,541000,0,0,0,541000,0,541000,541000
058989,茂林凱基99購02  ,0,0,0,0,0,0,0,0,0,538000,0,0,0,591000,53000,538000,538000
057527,億光元大98購01  ,0,0,0,0,0,0,0,0,0,531000,0,0,0,531000,0,531000,531000
2328,廣宇            ,724000,173000,551000,0,0,0,0,0,0,-31000,26000,83000,-57000,26000,0,26000,520000
053291,旺宏中信9A購01  ,0,0,0,0,0,0,0,0,0,515000,0,0,0,515000,0,515000,515000
057563,旭富國泰9A購01  ,0,0,0,0,0,0,0,0,0,513000,0,0,0,513000,0,513000,513000
6443,元晶            ,592000,80000,512000,0,0,0,0,0,0,0,0,0,0,0,0,0,512000
058379,臺股指凱基99購14,0,0,0,0,0,0,0,0,0,508000,0,0,0,508000,0,508000,508000
056913,臺股指元大99購05,0,0,0,0,0,0,0,0,0,508000,0,0,0,508000,0,508000,508000
1305,華夏            ,1008000,509278,498722,0,0,0,0,0,0,9000,10000,1000,9000,0,0,0,507722
07255P,國巨凱基99售15  ,0,10000,-10000,0,0,0,0,0,0,517000,0,0,0,810000,293000,517000,507000
3035,智原            ,1285000,979000,306000,0,0,0,0,0,0,197000,25000,22000,3000,198000,4000,194000,503000
059013,臺股指元大9A購32,0,0,0,0,0,0,0,0,0,502000,0,0,0,514000,12000,502000,502000
054676,牧德台新98購01  ,0,0,0,0,0,0,0,0,0,500000,0,0,0,500000,0,500000,500000
053696,日月光元大96購05,0,0,0,0,0,0,0,0,0,500000,0,0,0,500000,0,500000,500000
052451,旭富元大95購02  ,0,0,0,0,0,0,0,0,0,499000,0,0,0,499000,0,499000,499000
053514,麗豐群益96購01  ,0,0,0,0,0,0,0,0,0,499000,0,0,0,499000,0,499000,499000
053858,台達電元大96購05,0,0,0,0,0,0,0,0,0,499000,0,0,0,499000,0,499000,499000
049101,聯詠國泰95購01  ,0,0,0,0,0,0,0,0,0,499000,0,0,0,499000,0,499000,499000
050319,康控國票95購04  ,0,0,0,0,0,0,0,0,0,499000,0,0,0,499000,0,499000,499000
055614,華新科國票97購02,0,0,0,0,0,0,0,0,0,499000,0,0,0,499000,0,499000,499000
057675,同欣電元大98購02,0,0,0,0,0,0,0,0,0,491000,0,0,0,1594000,1103000,491000,491000
056257,聯茂元富97購04  ,0,0,0,0,0,0,0,0,0,489000,0,0,0,499000,10000,489000,489000
1907,永豐餘          ,1151000,730000,421000,0,0,0,27000,0,27000,39000,118000,79000,39000,0,0,0,487000
1718,中纖            ,1084000,603000,481000,0,0,0,0,0,0,0,0,0,0,0,0,0,481000
056942,昇陽半元富98購01,0,0,0,0,0,0,0,0,0,481000,0,0,0,481000,0,481000,481000
00737,國泰AI+Robo     ,293000,1000,292000,0,0,0,0,0,0,186000,0,0,0,811000,625000,186000,478000
055583,國巨元大97購10  ,0,0,0,0,0,0,0,0,0,477000,0,0,0,577000,100000,477000,477000
048628,T50反1元大96購03,0,0,0,0,0,0,0,0,0,475000,0,0,0,495000,20000,475000,475000
059817,華通凱基99購05  ,0,0,0,0,0,0,0,0,0,473000,0,0,0,475000,2000,473000,473000
059607,台積電富邦9C購04,0,0,0,0,0,0,0,0,0,464000,0,0,0,2236000,1772000,464000,464000
060034,立積永豐99購04  ,0,0,0,0,0,0,0,0,0,462000,0,0,0,462000,0,462000,462000
2031,新光鋼          ,714000,247000,467000,0,0,0,0,0,0,-9000,0,9000,-9000,0,0,0,458000
058684,健策凱基99購02  ,0,0,0,0,0,0,0,0,0,455000,0,0,0,503000,48000,455000,455000
053564,台積電富邦99購01,0,0,0,0,0,0,0,0,0,450000,0,0,0,450000,0,450000,450000
3450,聯鈞            ,864000,603000,261000,0,0,0,0,0,0,187000,153000,20000,133000,59000,5000,54000,448000
8271,宇瞻            ,788000,341000,447000,0,0,0,0,0,0,0,0,0,0,0,0,0,447000
052895,台積電群益96購04,0,0,0,0,0,0,0,0,0,445000,0,0,0,526000,81000,445000,445000
059288,旺宏元富99購03  ,0,0,0,0,0,0,0,0,0,444000,0,0,0,553000,109000,444000,444000
053018,旺宏元富96購02  ,0,0,0,0,0,0,0,0,0,443000,0,0,0,756000,313000,443000,443000
055193,世芯元富97購02  ,0,0,0,0,0,0,0,0,0,442000,0,0,0,442000,0,442000,442000
059313,元石油元大99購06,0,0,0,0,0,0,0,0,0,441000,0,0,0,762000,321000,441000,441000
6282,康舒            ,684000,298000,386000,0,0,0,0,0,0,50000,42000,29000,13000,46000,9000,37000,436000
054177,牧德台新97購01  ,0,0,0,0,0,0,0,0,0,433000,0,0,0,1324000,891000,433000,433000
057307,瀚宇博兆豐99購01,0,0,0,0,0,0,0,0,0,432000,0,0,0,432000,0,432000,432000
053760,牧德國泰98購01  ,0,0,0,0,0,0,0,0,0,430000,0,0,0,430000,0,430000,430000
058721,立積元富9C購01  ,0,0,0,0,0,0,0,0,0,430000,0,0,0,637000,207000,430000,430000
057841,茂林富邦9A購02  ,0,0,0,0,0,0,0,0,0,427000,0,0,0,537000,110000,427000,427000
048801,漢唐富邦96購02  ,0,0,0,0,0,0,0,0,0,427000,0,0,0,427000,0,427000,427000
3406,玉晶光          ,953000,570000,383000,0,0,0,0,0,0,43000,90000,54000,36000,116000,109000,7000,426000
055152,旺宏元大98購04  ,0,0,0,0,0,0,0,0,0,422000,0,0,0,422000,0,422000,422000
1714,和桐            ,1199000,781000,418000,0,0,0,0,0,0,0,0,0,0,0,0,0,418000
059290,全新元富99購01  ,0,0,0,0,0,0,0,0,0,418000,0,0,0,566000,148000,418000,418000
3033,威健            ,484000,55000,429000,0,0,0,0,0,0,-12000,0,12000,-12000,0,0,0,417000
058399,美律元大99購05  ,0,0,0,0,0,0,0,0,0,416000,0,0,0,533000,117000,416000,416000
07121P,華新科凱基99售03,0,0,0,0,0,0,0,0,0,412000,0,0,0,412000,0,412000,412000
055197,致新元富97購02  ,0,0,0,0,0,0,0,0,0,412000,0,0,0,608000,196000,412000,412000
052006,康友富邦98購01  ,0,0,0,0,0,0,0,0,0,411000,0,0,0,411000,0,411000,411000
051880,健策康和95購01  ,0,0,0,0,0,0,0,0,0,410000,0,0,0,420000,10000,410000,410000
056733,國巨凱基98購10  ,0,0,0,0,0,0,0,0,0,410000,0,0,0,440000,30000,410000,410000
1103,嘉泥            ,618000,125000,493000,0,0,0,0,0,0,-84000,0,84000,-84000,0,0,0,409000
055027,牧德國泰99購01  ,0,0,0,0,0,0,0,0,0,406000,0,0,0,406000,0,406000,406000
054711,禾伸堂元富97購01,0,0,0,0,0,0,0,0,0,404000,0,0,0,404000,0,404000,404000
057055,立積元大99購01  ,0,0,0,0,0,0,0,0,0,403000,0,0,0,408000,5000,403000,403000
059254,台表科凱基9A購02,0,0,0,0,0,0,0,0,0,401000,0,0,0,431000,30000,401000,401000
9914,美利達          ,615000,633000,-18000,0,0,0,385000,0,385000,34000,47000,17000,30000,4000,0,4000,401000
058392,元油2X元大99購12,0,0,0,0,0,0,0,0,0,400000,0,0,0,400000,0,400000,400000
056164,聯茂凱基98購03  ,0,0,0,0,0,0,0,0,0,400000,0,0,0,400000,0,400000,400000
057886,聯詠群益98購01  ,30000,0,30000,0,0,0,0,0,0,369000,0,0,0,400000,31000,369000,399000
058926,勤誠元富99購01  ,0,15000,-15000,0,0,0,0,0,0,413000,0,0,0,765000,352000,413000,398000
3698,隆達            ,536000,130000,406000,0,0,0,0,0,0,-11000,46000,57000,-11000,0,0,0,395000
050416,高股息凱基96購02,0,0,0,0,0,0,0,0,0,395000,0,0,0,395000,0,395000,395000
056574,亞光元大99購03  ,0,0,0,0,0,0,0,0,0,395000,0,0,0,587000,192000,395000,395000
055852,聯鈞元大98購01  ,0,0,0,0,0,0,0,0,0,394000,0,0,0,394000,0,394000,394000
059127,國巨中信99購04  ,0,0,0,0,0,0,0,0,0,393000,0,0,0,552000,159000,393000,393000
055196,致新元富97購01  ,0,0,0,0,0,0,0,0,0,393000,0,0,0,747000,354000,393000,393000
054582,致新元大97購01  ,0,0,0,0,0,0,0,0,0,392000,0,0,0,522000,130000,392000,392000
07291P,臺股指凱基99售43,0,0,0,0,0,0,0,0,0,391000,0,0,0,498000,107000,391000,391000
057697,國巨群益98購09  ,0,0,0,0,0,0,0,0,0,391000,0,0,0,391000,0,391000,391000
07415P,台積電元大99售52,15000,0,15000,0,0,0,0,0,0,372000,0,0,0,505000,133000,372000,387000
1440,南紡            ,674000,287000,387000,0,0,0,0,0,0,0,0,0,0,0,0,0,387000
059133,臺股指群益99購08,0,0,0,0,0,0,0,0,0,386000,0,0,0,559000,173000,386000,386000
054425,聯發科富邦99購03,0,0,0,0,0,0,0,0,0,381000,0,0,0,381000,0,381000,381000
1326,台化            ,3334907,2263147,1071760,0,0,0,8000,513000,-505000,-186000,26000,193000,-167000,19000,38000,-19000,380760
07265P,大立光元大99售16,0,0,0,0,0,0,0,0,0,378000,0,0,0,416000,38000,378000,378000
3380,明泰            ,646000,59000,587000,0,0,0,0,0,0,-211000,15000,239000,-224000,42000,29000,13000,376000
047047,旺宏國票95購01  ,0,0,0,0,0,0,0,0,0,376000,0,0,0,376000,0,376000,376000
051641,矽創國票96購01  ,0,0,0,0,0,0,0,0,0,375000,0,0,0,377000,2000,375000,375000
041973,台灣50中信94購01,0,0,0,0,0,0,0,0,0,372000,0,0,0,372000,0,372000,372000
050515,聯電元大96購01  ,0,0,0,0,0,0,0,0,0,370000,0,0,0,427000,57000,370000,370000
052561,矽創國票97購01  ,0,0,0,0,0,0,0,0,0,370000,0,0,0,371000,1000,370000,370000
058243,華擎元大99購01  ,0,0,0,0,0,0,0,0,0,365000,0,0,0,526000,161000,365000,365000
6257,矽格            ,747000,676705,70295,0,0,0,0,0,0,292000,307000,20000,287000,12000,7000,5000,362295
059820,南亞科凱基99購07,0,0,0,0,0,0,0,0,0,359000,0,0,0,385000,26000,359000,359000
058247,聯茂元大99購04  ,0,0,0,0,0,0,0,0,0,358000,0,0,0,577000,219000,358000,358000
2534,宏盛            ,872000,463000,409000,0,0,0,0,0,0,-52000,0,52000,-52000,0,0,0,357000
058273,同欣電永豐99購01,0,0,0,0,0,0,0,0,0,357000,0,0,0,357000,0,357000,357000
1609,大亞            ,990000,593000,397000,0,0,0,0,0,0,-41000,0,41000,-41000,0,0,0,356000
058555,矽創永豐9A購01  ,0,0,0,0,0,0,0,0,0,354000,0,0,0,387000,33000,354000,354000
057539,南茂元大98購02  ,0,0,0,0,0,0,0,0,0,354000,0,0,0,668000,314000,354000,354000
058464,矽創兆豐9A購01  ,0,0,0,0,0,0,0,0,0,354000,0,0,0,439000,85000,354000,354000
2426,鼎元            ,449000,82000,367000,0,0,0,0,0,0,-15000,0,15000,-15000,0,0,0,352000
059259,FBVIX中信03購06 ,0,0,0,0,0,0,0,0,0,351000,0,0,0,616000,265000,351000,351000
059867,華邦電凱基99購02,0,0,0,0,0,0,0,0,0,350000,0,0,0,572000,222000,350000,350000
053799,矽創中信9A購01  ,0,0,0,0,0,0,0,0,0,349000,0,0,0,349000,0,349000,349000
4919,新唐            ,439000,81000,358000,0,0,0,0,0,0,-10000,0,11000,-11000,1000,0,1000,348000
060204,矽創元富9A購01  ,0,0,0,0,0,0,0,0,0,346000,0,0,0,357000,11000,346000,346000
057954,宏碁元大99購01  ,0,0,0,0,0,0,0,0,0,346000,0,0,0,346000,0,346000,346000
057278,可成元大98購06  ,0,0,0,0,0,0,0,0,0,342000,0,0,0,411000,69000,342000,342000
3090,日電貿          ,948000,758000,190000,0,0,0,0,0,0,150000,0,38000,-38000,205000,17000,188000,340000
058132,義隆元大99購03  ,0,0,0,0,0,0,0,0,0,335000,0,0,0,575000,240000,335000,335000
050170,臺指反元大97購02,0,0,0,0,0,0,0,0,0,335000,0,0,0,1556000,1221000,335000,335000
07134P,臺股指元大9A售28,0,0,0,0,0,0,0,0,0,334000,0,0,0,3854000,3520000,334000,334000
053439,台積電凱基96購11,0,0,0,0,0,0,0,0,0,334000,0,0,0,334000,0,334000,334000
058970,鴻海永豐99購02  ,0,0,0,0,0,0,0,0,0,333000,0,0,0,429000,96000,333000,333000
058801,致伸元大99購01  ,0,0,0,0,0,0,0,0,0,333000,0,0,0,455000,122000,333000,333000
2356,英業達          ,3779683,3253000,526683,0,0,0,0,0,0,-194000,107000,215000,-108000,65000,151000,-86000,332683
056098,矽創元富97購02  ,0,0,0,0,0,0,0,0,0,332000,0,0,0,333000,1000,332000,332000
057813,京元電元大98購03,0,0,0,0,0,0,0,0,0,331000,0,0,0,356000,25000,331000,331000
059000,台積電元大99購25,0,0,0,0,0,0,0,0,0,328000,0,0,0,328000,0,328000,328000
2401,凌陽            ,465000,149000,316000,0,0,0,0,0,0,11000,42000,31000,11000,0,0,0,327000
056705,超眾國泰99購01  ,0,0,0,0,0,0,0,0,0,327000,0,0,0,455000,128000,327000,327000
059645,祥碩凱基99購05  ,0,0,0,0,0,0,0,0,0,325000,0,0,0,1304000,979000,325000,325000
1319,東陽            ,645000,285000,360000,0,0,0,0,0,0,-36000,27000,63000,-36000,0,0,0,324000
056842,全新元富98購01  ,0,0,0,0,0,0,0,0,0,324000,0,0,0,324000,0,324000,324000
051266,國巨富邦99購01  ,0,0,0,0,0,0,0,0,0,323000,0,0,0,323000,0,323000,323000
1451,年興            ,323000,1000,322000,0,0,0,0,0,0,0,0,0,0,0,0,0,322000
050188,貿聯元大96購01  ,0,0,0,0,0,0,0,0,0,322000,0,0,0,322000,0,322000,322000
058733,同欣電永豐99購02,0,0,0,0,0,0,0,0,0,322000,0,0,0,493000,171000,322000,322000
059080,亞泥元大99購01  ,0,0,0,0,0,0,0,0,0,321000,0,0,0,862000,541000,321000,321000
8213,志超            ,785000,267000,518000,0,0,0,0,0,0,-198000,0,198000,-198000,0,0,0,320000
050410,燿華永豐95購03  ,0,0,0,0,0,0,0,0,0,320000,0,0,0,320000,0,320000,320000
3673,TPK-KY          ,1534000,1064000,470000,0,0,0,0,0,0,-152000,10000,172000,-162000,54000,44000,10000,318000
054978,堤維西元富97購01,0,0,0,0,0,0,0,0,0,317000,0,0,0,317000,0,317000,317000
0061,元大寶滬深      ,3000,3000,0,0,0,0,0,0,0,316000,0,0,0,319000,3000,316000,316000
059854,台表科永豐99購03,0,0,0,0,0,0,0,0,0,313000,0,0,0,325000,12000,313000,313000
057972,群創富邦9C購01  ,0,0,0,0,0,0,0,0,0,313000,0,0,0,313000,0,313000,313000
058443,T50正2富邦01購01,0,0,0,0,0,0,0,0,0,311000,0,0,0,311000,0,311000,311000
1227,佳格            ,977000,609000,368000,0,0,0,0,0,0,-59000,0,59000,-59000,0,0,0,309000
058037,台灣50元大9B購02,0,0,0,0,0,0,0,0,0,308000,0,0,0,308000,0,308000,308000
053836,亞光永豐96購02  ,0,0,0,0,0,0,0,0,0,307000,0,0,0,318000,11000,307000,307000
2444,兆勁            ,324000,19000,305000,0,0,0,0,0,0,0,0,0,0,0,0,0,305000
2107,厚生            ,298000,58000,240000,0,0,0,0,0,0,65000,65000,0,65000,0,0,0,305000
051000,台郡元大96購01  ,0,0,0,0,0,0,0,0,0,305000,0,0,0,305000,0,305000,305000
2101,南港            ,583000,311000,272000,0,0,0,0,0,0,32000,0,41000,-41000,73000,0,73000,304000
055739,健鼎元富97購01  ,0,0,0,0,0,0,0,0,0,304000,0,0,0,304000,0,304000,304000
045992,鴻海富邦94購01  ,0,0,0,0,0,0,0,0,0,303000,0,0,0,303000,0,303000,303000
057812,友達元大9A購05  ,0,0,0,0,0,0,0,0,0,303000,0,0,0,303000,0,303000,303000
057691,健策凱基99購01  ,0,0,0,0,0,0,0,0,0,303000,0,0,0,328000,25000,303000,303000
07282P,聯發科凱基99售17,0,0,0,0,0,0,0,0,0,302000,0,0,0,302000,0,302000,302000
056626,同欣電永豐98購01,0,0,0,0,0,0,0,0,0,302000,0,0,0,466000,164000,302000,302000
058746,華通凱基9A購02  ,0,0,0,0,0,0,0,0,0,302000,0,0,0,518000,216000,302000,302000
056418,台光電元富98購01,0,0,0,0,0,0,0,0,0,302000,0,0,0,313000,11000,302000,302000
055446,奇力新統一9A購01,0,0,0,0,0,0,0,0,0,301000,0,0,0,301000,0,301000,301000
058210,臺股指凱基9C購04,0,0,0,0,0,0,0,0,0,300000,0,0,0,300000,0,300000,300000
057894,華通元富02購02  ,0,0,0,0,0,0,0,0,0,300000,0,0,0,322000,22000,300000,300000
050691,楠梓電凱基96購01,0,0,0,0,0,0,0,0,0,300000,0,0,0,300000,0,300000,300000
049619,宏達電群益95購02,0,0,0,0,0,0,0,0,0,300000,0,0,0,300000,0,300000,300000
050190,麗豐元大95購02  ,0,0,0,0,0,0,0,0,0,300000,0,0,0,300000,0,300000,300000
051489,世芯凱基95購01  ,0,0,0,0,0,0,0,0,0,300000,0,0,0,325000,25000,300000,300000
054214,京鼎國票97購02  ,0,0,0,0,0,0,0,0,0,300000,0,0,0,300000,0,300000,300000
055317,金寶國票98購01  ,0,0,0,0,0,0,0,0,0,300000,0,0,0,300000,0,300000,300000
055140,晶相光永豐97購01,0,0,0,0,0,0,0,0,0,300000,0,0,0,300000,0,300000,300000
058426,旺宏元富99購02  ,0,0,0,0,0,0,0,0,0,300000,0,0,0,300000,0,300000,300000
058577,南亞科群益99購02,0,0,0,0,0,0,0,0,0,300000,0,0,0,300000,0,300000,300000
056889,元油2X元大99購07,0,0,0,0,0,0,0,0,0,300000,0,0,0,300000,0,300000,300000
058668,元油2X群益9B購04,50000,0,50000,0,0,0,0,0,0,250000,0,0,0,250000,0,250000,300000
055094,智易群益98購01  ,0,0,0,0,0,0,0,0,0,299000,0,0,0,299000,0,299000,299000
1515,力山            ,710000,405000,305000,0,0,0,0,0,0,-7000,0,7000,-7000,16000,16000,0,298000
056223,華邦電凱基97購04,0,0,0,0,0,0,0,0,0,298000,0,0,0,308000,10000,298000,298000
057420,美食凱基98購01  ,0,0,0,0,0,0,0,0,0,298000,0,0,0,298000,0,298000,298000
053658,亞光凱基96購01  ,0,0,0,0,0,0,0,0,0,297000,0,0,0,402000,105000,297000,297000
051356,全新元大96購04  ,0,0,0,0,0,0,0,0,0,296000,0,0,0,306000,10000,296000,296000
051277,聯發科中信9A購01,0,0,0,0,0,0,0,0,0,295000,0,0,0,295000,0,295000,295000
00686R,群益臺灣加權反1 ,0,0,0,0,0,0,0,0,0,295000,0,0,0,745000,450000,295000,295000
057742,喬山永豐98購02  ,0,0,0,0,0,0,0,0,0,295000,0,0,0,360000,65000,295000,295000
4968,立積            ,892000,568000,324000,0,0,0,17000,0,17000,-47000,0,19000,-19000,53000,81000,-28000,294000
4725,信昌化          ,408000,115000,293000,0,0,0,0,0,0,0,0,0,0,0,0,0,293000
055131,茂林康和97購01  ,0,0,0,0,0,0,0,0,0,292000,0,0,0,340000,48000,292000,292000
6226,光鼎            ,311000,20000,291000,0,0,0,0,0,0,0,0,0,0,0,0,0,291000
059826,欣興凱基99購06  ,0,0,0,0,0,0,0,0,0,289000,0,0,0,772000,483000,289000,289000
059152,臺股指國票99購15,0,0,0,0,0,0,0,0,0,289000,0,0,0,340000,51000,289000,289000
051280,台積電兆豐95購04,0,0,0,0,0,0,0,0,0,287000,0,0,0,287000,0,287000,287000
2332,友訊            ,969000,1008000,-39000,0,0,0,0,0,0,325000,20000,0,20000,427000,122000,305000,286000
058035,旭富永豐98購02  ,0,0,0,0,0,0,0,0,0,286000,0,0,0,317000,31000,286000,286000
2393,億光            ,962000,689000,273000,0,0,0,0,0,0,12000,24000,46000,-22000,41000,7000,34000,285000
052684,旺宏元大98購01  ,0,0,0,0,0,0,0,0,0,283000,0,0,0,283000,0,283000,283000
050663,麗豐元大96購03  ,0,0,0,0,0,0,0,0,0,280000,0,0,0,280000,0,280000,280000
2880,華南金          ,5050026,4413036,636990,0,0,0,0,0,0,-357000,0,411000,-411000,54000,0,54000,279990
059397,T50反1元富99購05,0,0,0,0,0,0,0,0,0,279000,0,0,0,369000,90000,279000,279000
051031,康友元富95購02  ,0,0,0,0,0,0,0,0,0,278000,0,0,0,278000,0,278000,278000
055875,光罩元富97購02  ,0,0,0,0,0,0,0,0,0,278000,0,0,0,458000,180000,278000,278000
2501,國建            ,618000,338000,280000,0,0,0,0,0,0,-3000,55000,58000,-3000,0,0,0,277000
059631,京元電凱基99購02,0,0,0,0,0,0,0,0,0,277000,0,0,0,750000,473000,277000,277000
057494,玉晶光元大99購09,0,0,0,0,0,0,0,0,0,277000,0,0,0,386000,109000,277000,277000
5876,上海商銀        ,2592390,1975574,616816,0,0,0,0,0,0,-340299,0,347000,-347000,7000,299,6701,276517
3535,晶彩科          ,350000,75000,275000,0,0,0,0,0,0,0,0,0,0,0,0,0,275000
3026,禾伸堂          ,749000,666000,83000,0,0,0,0,0,0,192000,0,14000,-14000,229000,23000,206000,275000
055652,聯詠元富01購01  ,0,0,0,0,0,0,0,0,0,275000,0,0,0,275000,0,275000,275000
2406,國碩            ,406000,132000,274000,0,0,0,0,0,0,0,0,0,0,0,0,0,274000
060201,台表科元富9A購01,0,0,0,0,0,0,0,0,0,272000,0,0,0,350000,78000,272000,272000
00675L,富邦臺灣加權正2 ,0,20000,-20000,0,0,0,0,0,0,292000,0,0,0,485000,193000,292000,272000
054462,旺宏凱基96購08  ,0,0,0,0,0,0,0,0,0,272000,0,0,0,272000,0,272000,272000
6271,同欣電          ,435000,256000,179000,0,0,0,204000,100000,104000,-12000,32000,46000,-14000,31000,29000,2000,271000
054756,世紀鋼凱基99購01,0,0,0,0,0,0,0,0,0,271000,0,0,0,271000,0,271000,271000
053855,康友國泰98購01  ,0,0,0,0,0,0,0,0,0,270000,0,0,0,270000,0,270000,270000
1905,華紙            ,605000,336000,269000,0,0,0,0,0,0,0,0,0,0,0,0,0,269000
054363,世芯凱基97購01  ,0,0,0,0,0,0,0,0,0,269000,0,0,0,305000,36000,269000,269000
058927,勤誠元富99購02  ,0,0,0,0,0,0,0,0,0,269000,0,0,0,361000,92000,269000,269000
2349,錸德            ,802000,534000,268000,0,0,0,0,0,0,0,0,0,0,0,0,0,268000
8081,致新            ,208000,126000,82000,0,0,0,229000,0,229000,-43000,22000,3000,19000,12000,74000,-62000,268000
2605,新興            ,619000,384000,235000,0,0,0,0,0,0,33000,2000,0,2000,31000,0,31000,268000
059362,健策永豐99購03  ,0,0,0,0,0,0,0,0,0,267000,0,0,0,291000,24000,267000,267000
2390,云辰            ,458000,193000,265000,0,0,0,0,0,0,0,0,0,0,0,0,0,265000
054316,矽創凱基97購01  ,0,0,0,0,0,0,0,0,0,265000,0,0,0,267000,2000,265000,265000
6191,精成科          ,520000,258000,262000,0,0,0,0,0,0,2000,0,0,0,2000,0,2000,264000
060058,牧德凱基9B購01  ,0,0,0,0,0,0,0,0,0,264000,0,0,0,980000,716000,264000,264000
2375,凱美            ,1618000,1522000,96000,0,0,0,0,0,0,166000,0,0,0,167000,1000,166000,262000
059391,立積凱基9A購01  ,0,0,0,0,0,0,0,0,0,261000,0,0,0,311000,50000,261000,261000
057092,健策元富98購01  ,0,0,0,0,0,0,0,0,0,260000,0,0,0,343000,83000,260000,260000
3041,揚智            ,507000,248000,259000,0,0,0,0,0,0,0,0,0,0,0,0,0,259000
058215,貿聯群益99購02  ,0,0,0,0,0,0,0,0,0,259000,0,0,0,456000,197000,259000,259000
055112,晶豪科凱基98購01,0,0,0,0,0,0,0,0,0,259000,0,0,0,259000,0,259000,259000
055041,致新富邦97購01  ,0,0,0,0,0,0,0,0,0,259000,0,0,0,535000,276000,259000,259000
1809,中釉            ,303000,45000,258000,0,0,0,0,0,0,0,0,0,0,0,0,0,258000
055078,亞泥中信98購01  ,0,0,0,0,0,0,0,0,0,258000,0,0,0,258000,0,258000,258000
2357,華碩            ,1467546,1223440,244106,0,0,0,0,0,0,13000,51000,24000,27000,0,14000,-14000,257106
060017,全新康和99購01  ,0,0,0,0,0,0,0,0,0,257000,0,0,0,257000,0,257000,257000
059827,晶技凱基99購03  ,0,0,0,0,0,0,0,0,0,257000,0,0,0,375000,118000,257000,257000
055133,致新康和97購01  ,0,0,0,0,0,0,0,0,0,257000,0,0,0,257000,0,257000,257000
059025,台灣50台新9B購02,0,0,0,0,0,0,0,0,0,257000,0,0,0,257000,0,257000,257000
3443,創意            ,544000,282000,262000,0,0,0,0,0,0,-6000,0,5000,-5000,32000,33000,-1000,256000
057606,健策統一98購03  ,0,0,0,0,0,0,0,0,0,254000,0,0,0,254000,0,254000,254000
059679,國巨國泰9B購03  ,0,0,0,0,0,0,0,0,0,253000,0,0,0,771000,518000,253000,253000
6202,盛群            ,405000,143019,261981,0,0,0,0,0,0,-9000,0,9000,-9000,0,0,0,252981
058281,奇力新中信99購01,0,0,0,0,0,0,0,0,0,252000,0,0,0,252000,0,252000,252000
059870,全新凱基99購05  ,0,0,0,0,0,0,0,0,0,251000,0,0,0,253000,2000,251000,251000
05359P,嘉澤元大95售02  ,0,0,0,0,0,0,0,0,0,251000,0,0,0,269000,18000,251000,251000
051732,華通國票97購01  ,0,0,0,0,0,0,0,0,0,251000,0,0,0,251000,0,251000,251000
052832,益航群益96購01  ,0,0,0,0,0,0,0,0,0,250000,0,0,0,250000,0,250000,250000
051603,深中小群益99購03,0,0,0,0,0,0,0,0,0,250000,0,0,0,250000,0,250000,250000
04863P,技嘉元大94售02  ,0,0,0,0,0,0,0,0,0,250000,0,0,0,250000,0,250000,250000
057489,奇力新元大99購06,0,0,0,0,0,0,0,0,0,250000,0,0,0,250000,0,250000,250000
055119,力成凱基98購01  ,0,0,0,0,0,0,0,0,0,250000,0,0,0,250000,0,250000,250000
052443,台積電元大95購23,0,0,0,0,0,0,0,0,0,249000,0,0,0,249000,0,249000,249000
053949,康控富邦9A購01  ,0,0,0,0,0,0,0,0,0,248000,0,0,0,248000,0,248000,248000
056488,致新元大99購01  ,0,0,0,0,0,0,0,0,0,247000,0,0,0,362000,115000,247000,247000
057747,致新永豐98購01  ,0,0,0,0,0,0,0,0,0,246000,0,0,0,273000,27000,246000,246000
057895,全新元富9B購01  ,0,0,0,0,0,0,0,0,0,244000,0,0,0,244000,0,244000,244000
054235,欣興群益96購06  ,20000,0,20000,0,0,0,0,0,0,224000,0,0,0,394000,170000,224000,244000
055060,聯陽永豐97購01  ,0,0,0,0,0,0,0,0,0,244000,0,0,0,267000,23000,244000,244000
054311,世芯凱基96購02  ,0,0,0,0,0,0,0,0,0,242000,0,0,0,250000,8000,242000,242000
052489,義隆國票96購02  ,0,0,0,0,0,0,0,0,0,242000,0,0,0,330000,88000,242000,242000
059281,創意永豐99購02  ,0,0,0,0,0,0,0,0,0,242000,0,0,0,544000,302000,242000,242000
058170,國巨凱基9A購06  ,0,0,0,0,0,0,0,0,0,240000,0,0,0,385000,145000,240000,240000
053427,鎧勝永豐96購02  ,0,0,0,0,0,0,0,0,0,239000,0,0,0,239000,0,239000,239000
051218,聯發科元富9B購02,0,0,0,0,0,0,0,0,0,238000,0,0,0,238000,0,238000,238000
059035,旺宏群益99購06  ,0,0,0,0,0,0,0,0,0,238000,0,0,0,279000,41000,238000,238000
059524,FBVIX凱基9A購02 ,0,0,0,0,0,0,0,0,0,237000,0,0,0,438000,201000,237000,237000
059739,華通元富99購04  ,0,0,0,0,0,0,0,0,0,236000,0,0,0,452000,216000,236000,236000
2897,王道銀行        ,437000,59000,378000,0,0,0,0,0,0,-142000,0,142000,-142000,0,0,0,236000
057322,旺宏群益98購04  ,0,0,0,0,0,0,0,0,0,236000,0,0,0,350000,114000,236000,236000
058918,SGBR2X元富99購04,0,0,0,0,0,0,0,0,0,236000,0,0,0,256000,20000,236000,236000
056178,嘉澤元富97購02  ,0,0,0,0,0,0,0,0,0,234000,0,0,0,302000,68000,234000,234000
049909,國巨元大95購01  ,0,0,0,0,0,0,0,0,0,232000,0,0,0,232000,0,232000,232000
057517,矽創元富98購02  ,0,0,0,0,0,0,0,0,0,232000,0,0,0,232000,0,232000,232000
059287,華通元富99購03  ,0,0,0,0,0,0,0,0,0,232000,0,0,0,292000,60000,232000,232000
8464,億豐            ,503000,403000,100000,0,0,0,8000,0,8000,123000,124000,1000,123000,0,0,0,231000
059744,禾伸堂元富99購02,0,0,0,0,0,0,0,0,0,231000,0,0,0,492000,261000,231000,231000
053066,欣興群益96購02  ,0,0,0,0,0,0,0,0,0,230000,0,0,0,235000,5000,230000,230000
06538P,國巨凱基98售11  ,0,0,0,0,0,0,0,0,0,229000,0,0,0,229000,0,229000,229000
3437,榮創            ,269000,41000,228000,0,0,0,0,0,0,0,0,0,0,0,0,0,228000
2489,瑞軒            ,724000,439000,285000,0,0,0,0,0,0,-57000,0,57000,-57000,0,0,0,228000
059301,華新科群益99購04,0,0,0,0,0,0,0,0,0,228000,0,0,0,262000,34000,228000,228000
056967,奇鋐永豐98購01  ,0,0,0,0,0,0,0,0,0,228000,0,0,0,265000,37000,228000,228000
052943,奇力新國票96購02,0,0,0,0,0,0,0,0,0,226000,0,0,0,554000,328000,226000,226000
1736,喬山            ,445000,227000,218000,0,0,0,0,0,0,6000,0,11000,-11000,41000,24000,17000,224000
058908,貿聯元大99購03  ,0,0,0,0,0,0,0,0,0,224000,0,0,0,467000,243000,224000,224000
057740,茂林富邦9A購01  ,0,0,0,0,0,0,0,0,0,224000,0,0,0,577000,353000,224000,224000
055414,奇力新富邦9B購01,0,0,0,0,0,0,0,0,0,223000,0,0,0,223000,0,223000,223000
059047,元油2X凱基9A購10,0,0,0,0,0,0,0,0,0,223000,0,0,0,605000,382000,223000,223000
054544,統一中信97購01  ,0,0,0,0,0,0,0,0,0,222000,0,0,0,222000,0,222000,222000
00674R,元大S&P黃金反1  ,0,0,0,0,0,0,0,0,0,222000,0,0,0,437000,215000,222000,222000
059732,超眾元大9A購01  ,0,0,0,0,0,0,0,0,0,221000,0,0,0,221000,0,221000,221000
058983,旺宏凱基99購05  ,0,0,0,0,0,0,0,0,0,221000,0,0,0,227000,6000,221000,221000
1308,亞聚            ,267000,51000,216000,0,0,0,0,0,0,4000,4000,0,4000,0,0,0,220000
051506,台積電元富95購06,0,0,0,0,0,0,0,0,0,220000,0,0,0,220000,0,220000,220000
055812,台積電國票99購02,0,0,0,0,0,0,0,0,0,220000,0,0,0,220000,0,220000,220000
055881,康控元富97購01  ,0,0,0,0,0,0,0,0,0,220000,0,0,0,220000,0,220000,220000
059577,旺宏元富99購04  ,0,0,0,0,0,0,0,0,0,219000,0,0,0,265000,46000,219000,219000
058646,聯茂富邦9A購01  ,0,0,0,0,0,0,0,0,0,218000,0,0,0,218000,0,218000,218000
059745,欣興元富99購04  ,0,0,0,0,0,0,0,0,0,217000,0,0,0,367000,150000,217000,217000
07225P,台積電元大99售33,0,0,0,0,0,0,0,0,0,216000,0,0,0,221000,5000,216000,216000
6141,柏承            ,334000,118000,216000,0,0,0,0,0,0,0,0,0,0,0,0,0,216000
051653,南電永豐95購02  ,0,0,0,0,0,0,0,0,0,216000,0,0,0,216000,0,216000,216000
1592,英瑞-KY         ,304000,83000,221000,0,0,0,0,0,0,-8000,0,8000,-8000,0,0,0,213000
8105,凌巨            ,359000,125000,234000,0,0,0,0,0,0,-22000,0,22000,-22000,0,0,0,212000
058022,樺漢凱基99購02  ,0,0,0,0,0,0,0,0,0,212000,0,0,0,313000,101000,212000,212000
053386,聯詠元大96購03  ,0,0,0,0,0,0,0,0,0,210000,0,0,0,210000,0,210000,210000
052188,欣興群益95購03  ,0,0,0,0,0,0,0,0,0,210000,0,0,0,210000,0,210000,210000
2461,光群雷          ,282000,73000,209000,0,0,0,0,0,0,0,0,0,0,0,0,0,209000
053363,旺宏國泰98購02  ,0,0,0,0,0,0,0,0,0,209000,0,0,0,209000,0,209000,209000
059314,上銀元大99購03  ,0,0,0,0,0,0,0,0,0,209000,0,0,0,209000,0,209000,209000
2520,冠德            ,592000,347000,245000,0,0,0,0,75000,-75000,37000,2000,0,2000,35000,0,35000,207000
053519,力成群益96購02  ,0,0,0,0,0,0,0,0,0,207000,0,0,0,229000,22000,207000,207000
9907,統一實          ,507000,300000,207000,0,0,0,0,0,0,0,0,0,0,0,0,0,207000
045907,鴻海中信94購02  ,0,0,0,0,0,0,0,0,0,206000,0,0,0,206000,0,206000,206000
058288,南亞科國票9A購01,0,0,0,0,0,0,0,0,0,206000,0,0,0,206000,0,206000,206000
055983,全新元富9A購02  ,0,0,0,0,0,0,0,0,0,206000,0,0,0,206000,0,206000,206000
053248,智伸科國票97購01,0,0,0,0,0,0,0,0,0,204000,0,0,0,204000,0,204000,204000
056260,鴻海統一98購07  ,0,0,0,0,0,0,0,0,0,204000,0,0,0,204000,0,204000,204000
07386P,臺股指群益99售24,0,0,0,0,0,0,0,0,0,203000,0,0,0,300000,97000,203000,203000
053299,台泥凱基96購01  ,0,0,0,0,0,0,0,0,0,203000,0,0,0,203000,0,203000,203000
059729,群創元大9C購05  ,0,0,0,0,0,0,0,0,0,202000,0,0,0,206000,4000,202000,202000
059705,華新科凱基9A購07,0,0,0,0,0,0,0,0,0,202000,0,0,0,278000,76000,202000,202000
07074P,FBVIX凱基9A售01 ,0,0,0,0,0,0,0,0,0,202000,0,0,0,202000,0,202000,202000
06212P,華新科元大97售11,0,0,0,0,0,0,0,0,0,202000,0,0,0,240000,38000,202000,202000
053516,茂林群益96購05  ,0,0,0,0,0,0,0,0,0,202000,0,0,0,202000,0,202000,202000
058096,南電元大98購04  ,0,0,0,0,0,0,0,0,0,202000,0,0,0,215000,13000,202000,202000
06396P,新日興康和97售01,0,0,0,0,0,0,0,0,0,201000,0,0,0,245000,44000,201000,201000
053728,茂林凱基97購01  ,0,0,0,0,0,0,0,0,0,201000,0,0,0,202000,1000,201000,201000
053864,義隆元大96購01  ,0,0,0,0,0,0,0,0,0,201000,0,0,0,431000,230000,201000,201000
055040,台虹富邦99購01  ,0,0,0,0,0,0,0,0,0,201000,0,0,0,470000,269000,201000,201000
057061,華擎國泰9A購01  ,0,0,0,0,0,0,0,0,0,201000,0,0,0,320000,119000,201000,201000
053971,聯發科元大97購09,0,0,0,0,0,0,0,0,0,200000,0,0,0,200000,0,200000,200000
052691,GIS元大96購01   ,0,0,0,0,0,0,0,0,0,200000,0,0,0,200000,0,200000,200000
054621,華新科兆豐98購01,0,0,0,0,0,0,0,0,0,200000,0,0,0,200000,0,200000,200000
049236,元油2X元富96購06,0,0,0,0,0,0,0,0,0,200000,0,0,0,200000,0,200000,200000
054358,矽創兆豐96購01  ,0,0,0,0,0,0,0,0,0,200000,0,0,0,232000,32000,200000,200000
049785,華新科兆豐95購01,0,0,0,0,0,0,0,0,0,200000,0,0,0,200000,0,200000,200000
057236,聯詠凱基98購03  ,0,0,0,0,0,0,0,0,0,200000,0,0,0,200000,0,200000,200000
058363,全新凱基9A購02  ,0,0,0,0,0,0,0,0,0,200000,0,0,0,292000,92000,200000,200000
059387,華通凱基9A購03  ,0,0,0,0,0,0,0,0,0,200000,0,0,0,220000,20000,200000,200000
055926,國巨群益98購06  ,0,0,0,0,0,0,0,0,0,200000,0,0,0,200000,0,200000,200000
059087,台積電元大99購26,0,0,0,0,0,0,0,0,0,200000,0,0,0,200000,0,200000,200000
055021,亞德客國泰98購01,0,0,0,0,0,0,0,0,0,200000,0,0,0,200000,0,200000,200000
055513,旺宏亞東98購01  ,0,0,0,0,0,0,0,0,0,200000,0,0,0,360000,160000,200000,200000
055154,聯發科元大98購01,0,0,0,0,0,0,0,0,0,200000,0,0,0,200000,0,200000,200000
056180,南茂元富97購01  ,0,0,0,0,0,0,0,0,0,200000,0,0,0,200000,0,200000,200000
056458,日月光凱基98購02,0,0,0,0,0,0,0,0,0,200000,0,0,0,200000,0,200000,200000
056159,牧德凱基99購01  ,0,0,0,0,0,0,0,0,0,200000,0,0,0,200000,0,200000,200000
055694,光罩國票98購01  ,0,0,0,0,0,0,0,0,0,200000,0,0,0,209000,9000,200000,200000
060261,臺股指凱基9A購04,0,0,0,0,0,0,0,0,0,199000,0,0,0,300000,101000,199000,199000
052135,聯發科凱基9B購01,0,0,0,0,0,0,0,0,0,199000,0,0,0,199000,0,199000,199000
1313,聯成            ,526000,328000,198000,0,0,0,0,0,0,0,0,0,0,0,0,0,198000
049697,群創元大98購01  ,0,0,0,0,0,0,0,0,0,198000,0,0,0,198000,0,198000,198000
058955,台積電國票9A購04,0,0,0,0,0,0,0,0,0,198000,0,0,0,385000,187000,198000,198000
056823,智伸科永豐98購01,0,0,0,0,0,0,0,0,0,198000,0,0,0,198000,0,198000,198000
2538,基泰            ,206000,9000,197000,0,0,0,0,0,0,0,0,0,0,0,0,0,197000
059563,鴻海凱基9A購14  ,0,0,0,0,0,0,0,0,0,197000,0,0,0,211000,14000,197000,197000
057207,立積元富98購02  ,0,0,0,0,0,0,0,0,0,197000,0,0,0,558000,361000,197000,197000
056565,欣興群益98購03  ,0,0,0,0,0,0,0,0,0,197000,0,0,0,197000,0,197000,197000
055305,旺宏群益99購01  ,0,0,0,0,0,0,0,0,0,197000,0,0,0,238000,41000,197000,197000
07450P,鴻海元大9A售03  ,0,0,0,0,0,0,0,0,0,196000,0,0,0,200000,4000,196000,196000
07191P,台積電元大99售32,0,0,0,0,0,0,0,0,0,196000,0,0,0,206000,10000,196000,196000
058992,上証反元大99購02,0,0,0,0,0,0,0,0,0,196000,0,0,0,196000,0,196000,196000
059700,鴻海凱基9A購16  ,0,0,0,0,0,0,0,0,0,195000,0,0,0,238000,43000,195000,195000
06934P,聯鈞元大98售03  ,0,0,0,0,0,0,0,0,0,194000,0,0,0,236000,42000,194000,194000
054912,群光凱基97購01  ,0,0,0,0,0,0,0,0,0,194000,0,0,0,261000,67000,194000,194000
052325,高股息中信99購01,0,0,0,0,0,0,0,0,0,192000,0,0,0,192000,0,192000,192000
058984,全新凱基9A購03  ,0,0,0,0,0,0,0,0,0,192000,0,0,0,250000,58000,192000,192000
060009,南亞科群益99購03,0,0,0,0,0,0,0,0,0,191000,0,0,0,377000,186000,191000,191000
052523,奇力新元大97購01,0,0,0,0,0,0,0,0,0,191000,0,0,0,191000,0,191000,191000
059935,國巨永豐99購07  ,0,0,0,0,0,0,0,0,0,190000,0,0,0,203000,13000,190000,190000
06958P,FBVIX凱基9C售02 ,0,0,0,0,0,0,0,0,0,190000,0,0,0,190000,0,190000,190000
053573,臺股指統一99購01,0,0,0,0,0,0,0,0,0,190000,0,0,0,190000,0,190000,190000
04383P,泰鼎國泰95售01  ,0,0,0,0,0,0,0,0,0,190000,0,0,0,290000,100000,190000,190000
055377,揚明光元大98購01,0,0,0,0,0,0,0,0,0,190000,0,0,0,190000,0,190000,190000
07135P,臺股指元大9A售29,0,0,0,0,0,0,0,0,0,189000,0,0,0,201000,12000,189000,189000
058411,技嘉兆豐99購01  ,0,0,0,0,0,0,0,0,0,189000,0,0,0,201000,12000,189000,189000
060103,聯詠元大99購01  ,0,0,0,0,0,0,0,0,0,188000,0,0,0,414000,226000,188000,188000
3014,聯陽            ,326000,106000,220000,0,0,0,0,0,0,-32000,0,6000,-6000,1000,27000,-26000,188000
4564,元翎            ,279000,90000,189000,0,0,0,0,0,0,-2000,0,0,0,0,2000,-2000,187000
04604P,華新科國票95售01,0,0,0,0,0,0,0,0,0,187000,0,0,0,242000,55000,187000,187000
056940,嘉聯益元富98購01,0,0,0,0,0,0,0,0,0,187000,0,0,0,458000,271000,187000,187000
1733,五鼎            ,181000,28000,153000,0,0,0,0,0,0,33000,45000,12000,33000,0,0,0,186000
055746,同欣電元富97購01,0,0,0,0,0,0,0,0,0,186000,0,0,0,550000,364000,186000,186000
6108,競國            ,208000,53000,155000,0,0,0,0,0,0,30000,30000,0,30000,0,0,0,185000
049893,日月光富邦98購01,0,0,0,0,0,0,0,0,0,185000,0,0,0,185000,0,185000,185000
052714,義隆凱基96購02  ,0,0,0,0,0,0,0,0,0,185000,0,0,0,212000,27000,185000,185000
052809,訊芯元大97購01  ,0,0,0,0,0,0,0,0,0,185000,0,0,0,185000,0,185000,185000
056055,國巨元大97購15  ,0,0,0,0,0,0,0,0,0,185000,0,0,0,185000,0,185000,185000
3059,華晶科          ,278000,94000,184000,0,0,0,0,0,0,0,0,0,0,0,0,0,184000
059450,和大永豐99購01  ,0,0,0,0,0,0,0,0,0,184000,0,0,0,203000,19000,184000,184000
058469,臺股指中信9A購05,0,0,0,0,0,0,0,0,0,184000,0,0,0,184000,0,184000,184000
058704,台積電元大99購17,0,0,0,0,0,0,0,0,0,184000,0,0,0,200000,16000,184000,184000
9103,美德醫療-DR     ,275000,91000,184000,0,0,0,0,0,0,0,0,0,0,0,0,0,184000
055789,台虹凱基97購01  ,0,0,0,0,0,0,0,0,0,183000,0,0,0,247000,64000,183000,183000
054082,楠梓電元富96購01,0,0,0,0,0,0,0,0,0,182000,0,0,0,360000,178000,182000,182000
5531,鄉林            ,262000,81000,181000,0,0,0,0,0,0,0,0,0,0,0,0,0,181000
2359,所羅門          ,216000,35000,181000,0,0,0,0,0,0,0,0,0,0,0,0,0,181000
07335P,臺股指國票99售20,0,0,0,0,0,0,0,0,0,181000,0,0,0,181000,0,181000,181000
054506,矽格永豐96購01  ,0,0,0,0,0,0,0,0,0,181000,0,0,0,242000,61000,181000,181000
050892,聯電元大96購02  ,0,0,0,0,0,0,0,0,0,181000,0,0,0,943000,762000,181000,181000
058911,茂林元大99購04  ,0,0,0,0,0,0,0,0,0,181000,0,0,0,244000,63000,181000,181000
048898,晶相光國泰96購01,0,0,0,0,0,0,0,0,0,180000,0,0,0,180000,0,180000,180000
052066,華邦電兆豐96購01,0,0,0,0,0,0,0,0,0,180000,0,0,0,190000,10000,180000,180000
054700,致新永豐97購01  ,0,0,0,0,0,0,0,0,0,180000,0,0,0,180000,0,180000,180000
053130,聯發科麥證96購01,0,0,0,0,0,0,0,0,0,180000,0,0,0,180000,0,180000,180000
055920,智伸科凱基97購02,0,0,0,0,0,0,0,0,0,180000,0,0,0,370000,190000,180000,180000
3645,達邁            ,194000,51000,143000,0,0,0,0,0,0,36000,42000,6000,36000,0,0,0,179000
059065,南電凱基9A購01  ,0,0,0,0,0,0,0,0,0,179000,0,0,0,353000,174000,179000,179000
059200,京鼎永豐99購02  ,0,0,0,0,0,0,0,0,0,179000,0,0,0,439000,260000,179000,179000
055538,鴻海日盛97購04  ,0,0,0,0,0,0,0,0,0,179000,0,0,0,179000,0,179000,179000
5519,隆大            ,427000,328000,99000,0,0,0,0,0,0,79000,79000,0,79000,0,0,0,178000
059767,矽力永豐99購01  ,0,0,0,0,0,0,0,0,0,178000,0,0,0,178000,0,178000,178000
052627,中壽中信98購01  ,0,0,0,0,0,0,0,0,0,178000,0,0,0,178000,0,178000,178000
049820,世紀鋼元大96購03,0,0,0,0,0,0,0,0,0,178000,0,0,0,534000,356000,178000,178000
054934,金寶元大97購01  ,0,0,0,0,0,0,0,0,0,178000,0,0,0,178000,0,178000,178000
07354P,臺股指國票99售22,0,0,0,0,0,0,0,0,0,177000,0,0,0,245000,68000,177000,177000
058467,日月光中信9A購01,0,0,0,0,0,0,0,0,0,177000,0,0,0,355000,178000,177000,177000
1906,寶隆            ,180000,4000,176000,0,0,0,0,0,0,0,0,0,0,0,0,0,176000
053101,創意元富96購03  ,0,0,0,0,0,0,0,0,0,175000,0,0,0,284000,109000,175000,175000
055433,嘉聯益群益99購01,0,0,0,0,0,0,0,0,0,175000,0,0,0,473000,298000,175000,175000
050392,群創統一96購01  ,0,0,0,0,0,0,0,0,0,174000,0,0,0,174000,0,174000,174000
048572,美利達元大96購04,0,0,0,0,0,0,0,0,0,174000,0,0,0,174000,0,174000,174000
059662,旭富元大9C購01  ,0,0,0,0,0,0,0,0,0,173000,0,0,0,221000,48000,173000,173000
056454,欣興凱基98購02  ,0,0,0,0,0,0,0,0,0,173000,0,0,0,193000,20000,173000,173000
058706,聯鈞元大9C購01  ,0,0,0,0,0,0,0,0,0,173000,0,0,0,173000,0,173000,173000
059322,晶技元大99購06  ,0,0,0,0,0,0,0,0,0,173000,0,0,0,195000,22000,173000,173000
059170,康控凱基9B購01  ,0,0,0,0,0,0,0,0,0,172000,0,0,0,201000,29000,172000,172000
056476,智原元大98購02  ,0,0,0,0,0,0,0,0,0,172000,0,0,0,172000,0,172000,172000
057041,國巨元大99購04  ,0,0,0,0,0,0,0,0,0,171000,0,0,0,171000,0,171000,171000
060085,華通元大99購10  ,0,0,0,0,0,0,0,0,0,170000,0,0,0,229000,59000,170000,170000
053098,國巨元富96購04  ,0,0,0,0,0,0,0,0,0,170000,0,0,0,170000,0,170000,170000
053935,華通元富96購02  ,0,0,0,0,0,0,0,0,0,170000,0,0,0,185000,15000,170000,170000
06025P,臺股指元大99售02,0,0,0,0,0,0,0,0,0,169000,0,0,0,700000,531000,169000,169000
053840,燿華統一96購02  ,0,0,0,0,0,0,0,0,0,169000,0,0,0,169000,0,169000,169000
055122,國巨兆豐98購01  ,0,0,0,0,0,0,0,0,0,169000,0,0,0,179000,10000,169000,169000
07421P,國泰金元大99售01,0,0,0,0,0,0,0,0,0,168000,0,0,0,176000,8000,168000,168000
060021,立積康和99購01  ,0,0,0,0,0,0,0,0,0,167000,0,0,0,174000,7000,167000,167000
059520,台表科永豐99購02,0,0,0,0,0,0,0,0,0,166000,0,0,0,198000,32000,166000,166000
059530,華新科凱基9A購05,0,0,0,0,0,0,0,0,0,166000,0,0,0,274000,108000,166000,166000
052167,亞泥元大96購01  ,0,0,0,0,0,0,0,0,0,166000,0,0,0,166000,0,166000,166000
049744,亞德客永豐94購01,0,0,0,0,0,0,0,0,0,166000,0,0,0,166000,0,166000,166000
059501,可成元富99購01  ,0,0,0,0,0,0,0,0,0,165000,0,0,0,255000,90000,165000,165000
060161,牧德永豐9A購02  ,0,0,0,0,0,0,0,0,0,165000,0,0,0,270000,105000,165000,165000
4532,瑞智            ,285000,120000,165000,0,0,0,0,0,0,0,0,0,0,0,0,0,165000
049141,旺宏元大95購01  ,0,0,0,0,0,0,0,0,0,165000,0,0,0,165000,0,165000,165000
052492,易華電國票96購02,0,0,0,0,0,0,0,0,0,165000,0,0,0,168000,3000,165000,165000
058470,台灣50日盛9B購02,0,0,0,0,0,0,0,0,0,165000,0,0,0,165000,0,165000,165000
058771,神達兆豐99購01  ,0,0,0,0,0,0,0,0,0,165000,0,0,0,165000,0,165000,165000
057060,緯穎元大98購05  ,0,0,0,0,0,0,0,0,0,165000,0,0,0,165000,0,165000,165000
058580,華新科群益99購02,0,0,0,0,0,0,0,0,0,165000,0,0,0,332000,167000,165000,165000
059438,群創元大99購06  ,0,0,0,0,0,0,0,0,0,165000,0,0,0,165000,0,165000,165000
059811,高股息凱基99購02,0,0,0,0,0,0,0,0,0,164000,0,0,0,200000,36000,164000,164000
051888,國巨元富95購05  ,0,0,0,0,0,0,0,0,0,164000,0,0,0,189000,25000,164000,164000
059347,京鼎凱基99購02  ,1000,0,1000,0,0,0,0,0,0,163000,0,0,0,279000,116000,163000,164000
059164,旺宏凱基99購06  ,0,0,0,0,0,0,0,0,0,164000,0,0,0,214000,50000,164000,164000
059821,美律凱基99購08  ,0,0,0,0,0,0,0,0,0,163000,0,0,0,198000,35000,163000,163000
3665,貿聯-KY         ,240000,451000,-211000,0,0,0,329000,0,329000,45000,25000,10000,15000,49000,19000,30000,163000
3056,總太            ,263000,100000,163000,0,0,0,0,0,0,0,0,0,0,0,0,0,163000
054215,創意國票97購02  ,0,0,0,0,0,0,0,0,0,163000,0,0,0,258000,95000,163000,163000
059062,群創凱基99購05  ,0,0,0,0,0,0,0,0,0,163000,0,0,0,173000,10000,163000,163000
056846,晶相光元富98購01,0,0,0,0,0,0,0,0,0,163000,0,0,0,332000,169000,163000,163000
2457,飛宏            ,228000,66000,162000,0,0,0,0,0,0,0,0,0,0,0,0,0,162000
059949,啟碁永豐99購01  ,0,0,0,0,0,0,0,0,0,161000,0,0,0,190000,29000,161000,161000
057835,華擎元富9B購01  ,0,0,0,0,0,0,0,0,0,161000,0,0,0,484000,323000,161000,161000
056977,國巨群益9A購01  ,0,0,0,0,0,0,0,0,0,161000,0,0,0,161000,0,161000,161000
055345,國巨凱基98購01  ,0,0,0,0,0,0,0,0,0,161000,0,0,0,161000,0,161000,161000
059578,智邦元富99購02  ,0,0,0,0,0,0,0,0,0,160000,0,0,0,190000,30000,160000,160000
053379,南亞科元大96購01,0,0,0,0,0,0,0,0,0,160000,0,0,0,160000,0,160000,160000
048334,A50正2元大96購01,0,0,0,0,0,0,0,0,0,160000,0,0,0,160000,0,160000,160000
051403,玉晶光永豐95購05,0,0,0,0,0,0,0,0,0,160000,0,0,0,238000,78000,160000,160000
047102,潤泰全富邦95購01,0,0,0,0,0,0,0,0,0,160000,0,0,0,160000,0,160000,160000
3209,全科            ,198000,38060,159940,0,0,0,0,0,0,0,0,0,0,0,0,0,159940
043784,鴻海凱基94購01  ,0,0,0,0,0,0,0,0,0,159000,0,0,0,159000,0,159000,159000
056495,泰鼎國泰99購01  ,0,0,0,0,0,0,0,0,0,159000,0,0,0,159000,0,159000,159000
059165,南亞科凱基99購04,0,0,0,0,0,0,0,0,0,159000,0,0,0,278000,119000,159000,159000
1527,鑽全            ,197000,39000,158000,0,0,0,0,0,0,0,0,0,0,0,0,0,158000
059253,康控凱基9B購02  ,0,0,0,0,0,0,0,0,0,158000,0,0,0,186000,28000,158000,158000
058864,欣興凱基99購04  ,0,0,0,0,0,0,0,0,0,158000,0,0,0,165000,7000,158000,158000
058958,台表科國票9A購03,0,0,0,0,0,0,0,0,0,158000,0,0,0,158000,0,158000,158000
056711,亞光永豐98購01  ,0,0,0,0,0,0,0,0,0,158000,0,0,0,189000,31000,158000,158000
9958,世紀鋼          ,534000,459000,75000,0,0,0,0,0,0,83000,0,3000,-3000,181000,95000,86000,158000
056314,力成元大97購01  ,0,0,0,0,0,0,0,0,0,157000,0,0,0,306000,149000,157000,157000
03434B,臺股指元大99熊10,0,0,0,0,0,0,0,0,0,156000,0,0,0,172000,16000,156000,156000
053083,中環元大99購01  ,0,0,0,0,0,0,0,0,0,155000,0,0,0,175000,20000,155000,155000
06067P,華新科康和97售01,0,0,0,0,0,0,0,0,0,154000,0,0,0,164000,10000,154000,154000
1444,力麗            ,495000,342000,153000,0,0,0,0,0,0,0,0,0,0,0,0,0,153000
6525,捷敏-KY         ,58000,24000,34000,0,0,0,119000,0,119000,0,0,0,0,0,0,0,153000
057924,健策凱基98購02  ,0,0,0,0,0,0,0,0,0,153000,0,0,0,157000,4000,153000,153000
050173,旺宏元大96購02  ,0,0,0,0,0,0,0,0,0,153000,0,0,0,153000,0,153000,153000
059838,茂林國泰9B購01  ,0,0,0,0,0,0,0,0,0,152000,0,0,0,163000,11000,152000,152000
052822,泰碩永豐97購01  ,0,0,0,0,0,0,0,0,0,151000,0,0,0,189000,38000,151000,151000
058082,美律群益98購05  ,0,0,0,0,0,0,0,0,0,151000,0,0,0,441000,290000,151000,151000
059454,亞光永豐99購01  ,0,0,0,0,0,0,0,0,0,151000,0,0,0,151000,0,151000,151000
059710,上証2X元大9C購02,0,0,0,0,0,0,0,0,0,150000,0,0,0,150000,0,150000,150000
6166,凌華            ,297000,128000,169000,0,0,0,0,0,0,-19000,0,10000,-10000,0,9000,-9000,150000
1457,宜進            ,158000,8000,150000,0,0,0,0,0,0,0,0,0,0,0,0,0,150000
051863,技嘉凱基95購01  ,0,0,0,0,0,0,0,0,0,150000,0,0,0,150000,0,150000,150000
050590,晶技永豐95購01  ,0,0,0,0,0,0,0,0,0,150000,0,0,0,235000,85000,150000,150000
053561,玉晶光國泰98購01,0,0,0,0,0,0,0,0,0,150000,0,0,0,150000,0,150000,150000
054188,欣興永豐96購03  ,0,0,0,0,0,0,0,0,0,150000,0,0,0,150000,0,150000,150000
050960,台光電永豐95購01,0,0,0,0,0,0,0,0,0,150000,0,0,0,150000,0,150000,150000
051410,京元電國票96購01,0,0,0,0,0,0,0,0,0,150000,0,0,0,150000,0,150000,150000
051347,國巨元大95購06  ,0,0,0,0,0,0,0,0,0,150000,0,0,0,150000,0,150000,150000
07378P,大立光元大99售29,0,0,0,0,0,0,0,0,0,149000,0,0,0,150000,1000,149000,149000
050902,南電元大96購01  ,0,0,0,0,0,0,0,0,0,149000,0,0,0,180000,31000,149000,149000
053814,美律群益97購02  ,0,0,0,0,0,0,0,0,0,149000,0,0,0,149000,0,149000,149000
07402P,瑞昱凱基99售02  ,0,0,0,0,0,0,0,0,0,148000,0,0,0,389000,241000,148000,148000
054477,聯發科中信9C購02,0,0,0,0,0,0,0,0,0,148000,0,0,0,148000,0,148000,148000
058637,晶技兆豐99購01  ,0,0,0,0,0,0,0,0,0,148000,0,0,0,235000,87000,148000,148000
05421P,鴻海元大96售12  ,0,0,0,0,0,0,0,0,0,147000,0,0,0,147000,0,147000,147000
054118,國巨永豐96購04  ,0,0,0,0,0,0,0,0,0,147000,0,0,0,147000,0,147000,147000
056582,易華電元大98購01,0,0,0,0,0,0,0,0,0,147000,0,0,0,207000,60000,147000,147000
056084,漢唐統一97購03  ,0,0,0,0,0,0,0,0,0,147000,0,0,0,158000,11000,147000,147000
057120,茂林康和98購01  ,0,0,0,0,0,0,0,0,0,147000,0,0,0,207000,60000,147000,147000
059529,華新科凱基9A購04,0,0,0,0,0,0,0,0,0,146000,0,0,0,207000,61000,146000,146000
051843,聯發科富邦99購01,0,0,0,0,0,0,0,0,0,146000,0,0,0,146000,0,146000,146000
059809,貿聯元富99購01  ,0,0,0,0,0,0,0,0,0,145000,0,0,0,457000,312000,145000,145000
059886,可成國票99購04  ,0,0,0,0,0,0,0,0,0,145000,0,0,0,192000,47000,145000,145000
4190,佐登-KY         ,218000,75000,143000,0,0,0,0,0,0,2000,0,0,0,10000,8000,2000,145000
050575,南亞科國票94購01,0,0,0,0,0,0,0,0,0,145000,0,0,0,145000,0,145000,145000
050895,聯發科元大97購01,0,0,0,0,0,0,0,0,0,145000,0,0,0,145000,0,145000,145000
00739,元大MSCI A股    ,5000,0,5000,0,0,0,0,0,0,140000,0,0,0,203000,63000,140000,145000
055603,超眾元大97購04  ,0,0,0,0,0,0,0,0,0,145000,0,0,0,150000,5000,145000,145000
4916,事欣科          ,157000,13000,144000,0,0,0,0,0,0,0,0,0,0,0,0,0,144000
049406,T50反1日盛97購01,0,0,0,0,0,0,0,0,0,144000,0,0,0,144000,0,144000,144000
053340,建準國票97購01  ,0,0,0,0,0,0,0,0,0,144000,0,0,0,182000,38000,144000,144000
054845,智邦兆豐98購01  ,0,0,0,0,0,0,0,0,0,144000,0,0,0,144000,0,144000,144000
057460,楠梓電永豐98購03,0,0,0,0,0,0,0,0,0,144000,0,0,0,239000,95000,144000,144000
052934,中磊元大96購01  ,0,0,0,0,0,0,0,0,0,143000,0,0,0,147000,4000,143000,143000
054923,晶技凱基98購01  ,0,0,0,0,0,0,0,0,0,143000,0,0,0,146000,3000,143000,143000
057337,聯發科國票99購02,0,0,0,0,0,0,0,0,0,143000,0,0,0,143000,0,143000,143000
057592,美律兆豐99購01  ,0,0,0,0,0,0,0,0,0,142000,0,0,0,175000,33000,142000,142000
3419,譁裕            ,164000,23000,141000,0,0,0,0,0,0,0,0,0,0,0,0,0,141000
2383,台光電          ,1167000,1270000,-103000,0,0,0,476000,250000,226000,18000,60000,28000,32000,4000,18000,-14000,141000
058496,文曄群益99購01  ,0,0,0,0,0,0,0,0,0,141000,0,0,0,202000,61000,141000,141000
059160,華通凱基99購03  ,0,0,0,0,0,0,0,0,0,141000,0,0,0,142000,1000,141000,141000
059132,臺股指群益99購07,0,0,0,0,0,0,0,0,0,141000,0,0,0,174000,33000,141000,141000
059643,日月光凱基99購02,0,0,0,0,0,0,0,0,0,140000,0,0,0,532000,392000,140000,140000
052893,聯電群益98購01  ,0,0,0,0,0,0,0,0,0,140000,0,0,0,494000,354000,140000,140000
051404,牧德永豐96購01  ,0,0,0,0,0,0,0,0,0,140000,0,0,0,191000,51000,140000,140000
053268,日月光群益96購01,0,0,0,0,0,0,0,0,0,140000,0,0,0,140000,0,140000,140000
054629,華新科凱基98購01,0,0,0,0,0,0,0,0,0,140000,0,0,0,140000,0,140000,140000
056187,京鼎統一97購01  ,0,0,0,0,0,0,0,0,0,140000,0,0,0,140000,0,140000,140000
056243,創意群益97購03  ,0,0,0,0,0,0,0,0,0,140000,0,0,0,140000,0,140000,140000
060160,聯陽永豐9A購01  ,0,0,0,0,0,0,0,0,0,139000,0,0,0,212000,73000,139000,139000
060168,台表科永豐9A購01,0,0,0,0,0,0,0,0,0,139000,0,0,0,141000,2000,139000,139000
053675,臺股指元富96購02,0,0,0,0,0,0,0,0,0,139000,0,0,0,139000,0,139000,139000
052553,技嘉國票96購01  ,0,0,0,0,0,0,0,0,0,139000,0,0,0,139000,0,139000,139000
057491,美食元大98購03  ,0,0,0,0,0,0,0,0,0,139000,0,0,0,144000,5000,139000,139000
051918,聯茂元大95購01  ,0,0,0,0,0,0,0,0,0,138000,0,0,0,176000,38000,138000,138000
053725,晶相光凱基96購01,0,0,0,0,0,0,0,0,0,138000,0,0,0,285000,147000,138000,138000
054300,華通凱基96購07  ,0,0,0,0,0,0,0,0,0,138000,0,0,0,188000,50000,138000,138000
049199,茂林永豐95購01  ,0,0,0,0,0,0,0,0,0,138000,0,0,0,269000,131000,138000,138000
06614P,祥碩永豐98售03  ,0,0,0,0,0,0,0,0,0,137000,0,0,0,174000,37000,137000,137000
1201,味全            ,429000,292000,137000,0,0,0,0,0,0,0,0,0,0,0,0,0,137000
3504,揚明光          ,227000,90000,137000,0,0,0,0,0,0,0,0,0,0,0,0,0,137000
05118P,超眾元大96售04  ,0,0,0,0,0,0,0,0,0,137000,0,0,0,137000,0,137000,137000
057985,華通元富02購03  ,0,0,0,0,0,0,0,0,0,137000,0,0,0,207000,70000,137000,137000
058556,百和永豐99購01  ,0,0,0,0,0,0,0,0,0,137000,0,0,0,163000,26000,137000,137000
6288,聯嘉            ,1075000,931000,144000,0,0,0,0,0,0,-8000,1000,9000,-8000,0,0,0,136000
06544P,鴻海元大98售09  ,0,0,0,0,0,0,0,0,0,136000,0,0,0,136000,0,136000,136000
060234,凱美元大9C購01  ,0,0,0,0,0,0,0,0,0,136000,0,0,0,227000,91000,136000,136000
00669R,國泰美國道瓊反1 ,32000,0,32000,0,0,0,0,0,0,104000,0,0,0,7371000,7267000,104000,136000
048651,美利達元大96購05,0,0,0,0,0,0,0,0,0,135000,0,0,0,200000,65000,135000,135000
05089P,亞德客元大95售01,0,0,0,0,0,0,0,0,0,135000,0,0,0,266000,131000,135000,135000
053894,創意群益96購01  ,0,0,0,0,0,0,0,0,0,134000,0,0,0,326000,192000,134000,134000
057130,全新凱基98購03  ,0,0,0,0,0,0,0,0,0,134000,0,0,0,134000,0,134000,134000
2419,仲琦            ,215000,66000,149000,0,0,0,0,0,0,-16000,0,16000,-16000,0,0,0,133000
054466,欣興凱基97購03  ,0,0,0,0,0,0,0,0,0,133000,0,0,0,135000,2000,133000,133000
056615,燿華永豐98購02  ,0,0,0,0,0,0,0,0,0,133000,0,0,0,221000,88000,133000,133000
058750,緯穎凱基9A購03  ,0,0,0,0,0,0,0,0,0,133000,0,0,0,277000,144000,133000,133000
6197,佳必琪          ,172000,41000,131000,0,0,0,0,0,0,0,0,0,0,0,0,0,131000
060191,亞光元富9A購02  ,0,0,0,0,0,0,0,0,0,131000,0,0,0,671000,540000,131000,131000
048859,玉晶光群益96購02,0,0,0,0,0,0,0,0,0,131000,0,0,0,301000,170000,131000,131000
046384,群創凱基98購02  ,0,0,0,0,0,0,0,0,0,131000,0,0,0,132000,1000,131000,131000
053780,南亞科元大96購03,0,0,0,0,0,0,0,0,0,131000,0,0,0,131000,0,131000,131000
06459P,亞德客元富98售01,0,0,0,0,0,0,0,0,0,130000,0,0,0,130000,0,130000,130000
052575,茂林凱基96購04  ,0,60000,-60000,0,0,0,0,0,0,190000,0,0,0,190000,0,190000,130000
045428,彩晶凱基94購01  ,0,0,0,0,0,0,0,0,0,130000,0,0,0,130000,0,130000,130000
050763,楠梓電元大94購03,0,0,0,0,0,0,0,0,0,130000,0,0,0,130000,0,130000,130000
054952,大毅元大97購02  ,0,0,0,0,0,0,0,0,0,130000,0,0,0,300000,170000,130000,130000
2006,東和鋼鐵        ,576000,287000,289000,0,0,0,0,0,0,-160000,0,160000,-160000,0,0,0,129000
057969,緯穎國泰99購01  ,0,0,0,0,0,0,0,0,0,129000,0,0,0,220000,91000,129000,129000
055011,元翎元富97購01  ,0,0,0,0,0,0,0,0,0,129000,0,0,0,129000,0,129000,129000
056392,玉晶光富邦9C購01,0,0,0,0,0,0,0,0,0,129000,0,0,0,129000,0,129000,129000
055562,欣興凱基97購06  ,0,0,0,0,0,0,0,0,0,129000,0,0,0,242000,113000,129000,129000
053800,華通凱基97購03  ,0,0,0,0,0,0,0,0,0,128000,0,0,0,132000,4000,128000,128000
05852P,嘉晶群益96售01  ,0,0,0,0,0,0,0,0,0,128000,0,0,0,149000,21000,128000,128000
059348,日月光凱基99購01,0,0,0,0,0,0,0,0,0,128000,0,0,0,143000,15000,128000,128000
05264P,微星元大95售02  ,0,0,0,0,0,0,0,0,0,127000,0,0,0,378000,251000,127000,127000
059995,南亞科元富99購01,0,0,0,0,0,0,0,0,0,126000,0,0,0,526000,400000,126000,126000
050138,台表科國票95購02,0,0,0,0,0,0,0,0,0,126000,0,0,0,433000,307000,126000,126000
042953,鴻海台新01購01  ,0,0,0,0,0,0,0,0,0,126000,0,0,0,126000,0,126000,126000
051087,國巨元大97購01  ,0,0,0,0,0,0,0,0,0,125000,0,0,0,125000,0,125000,125000
00730,富邦臺灣優質高息,0,0,0,0,0,0,0,0,0,125000,0,0,0,676000,551000,125000,125000
054742,京鼎凱基99購01  ,0,0,0,0,0,0,0,0,0,125000,0,0,0,304000,179000,125000,125000
058187,泰碩永豐99購01  ,0,0,0,0,0,0,0,0,0,125000,0,0,0,183000,58000,125000,125000
057746,同欣電永豐98購02,0,0,0,0,0,0,0,0,0,125000,0,0,0,195000,70000,125000,125000
057689,南亞科凱基99購02,0,0,0,0,0,0,0,0,0,125000,0,0,0,292000,167000,125000,125000
056581,超眾元大99購01  ,0,0,0,0,0,0,0,0,0,125000,0,0,0,125000,0,125000,125000
055137,GIS富邦98購01   ,0,0,0,0,0,0,0,0,0,125000,0,0,0,200000,75000,125000,125000
057804,為升元大98購01  ,0,0,0,0,0,0,0,0,0,124000,0,0,0,124000,0,124000,124000
052764,景碩群益98購01  ,0,0,0,0,0,0,0,0,0,123000,0,0,0,123000,0,123000,123000
00651R,FH香港反1       ,0,97000,-97000,0,0,0,0,0,0,220000,0,0,0,333000,113000,220000,123000
050765,鴻海元大96購02  ,0,0,0,0,0,0,0,0,0,123000,0,0,0,123000,0,123000,123000
059569,旺宏凱基99購09  ,0,0,0,0,0,0,0,0,0,122000,0,0,0,183000,61000,122000,122000
06656P,GIS元大98售02   ,0,0,0,0,0,0,0,0,0,122000,0,0,0,122000,0,122000,122000
1417,嘉裕            ,148000,26000,122000,0,0,0,0,0,0,0,0,0,0,0,0,0,122000
056364,亞光元大99購02  ,0,0,0,0,0,0,0,0,0,122000,0,0,0,164000,42000,122000,122000
8429,金麗-KY         ,133000,12000,121000,0,0,0,0,0,0,0,0,0,0,0,0,0,121000
049629,臺股指群益94購02,0,0,0,0,0,0,0,0,0,121000,0,0,0,122000,1000,121000,121000
056352,鴻海元大99購01  ,0,0,0,0,0,0,0,0,0,121000,0,0,0,121000,0,121000,121000
056190,昇陽半統一97購01,0,0,0,0,0,0,0,0,0,121000,0,0,0,121000,0,121000,121000
059401,牧德元富99購01  ,0,0,0,0,0,0,0,0,0,121000,0,0,0,590000,469000,121000,121000
00678,群益NBI生技     ,0,0,0,0,0,0,0,0,0,120863,0,0,0,121000,137,120863,120863
03413B,臺股指凱基94熊19,0,0,0,0,0,0,0,0,0,120000,0,0,0,120000,0,120000,120000
051027,楠梓電元富95購01,0,0,0,0,0,0,0,0,0,120000,0,0,0,120000,0,120000,120000
050327,泰鼎永豐94購03  ,0,0,0,0,0,0,0,0,0,120000,0,0,0,120000,0,120000,120000
054226,燿華元富96購02  ,0,0,0,0,0,0,0,0,0,120000,0,0,0,140000,20000,120000,120000
053602,台虹元大96購01  ,0,0,0,0,0,0,0,0,0,120000,0,0,0,120000,0,120000,120000
054656,深中小元大97購01,0,0,0,0,0,0,0,0,0,120000,0,0,0,120000,0,120000,120000
052179,康友元大95購03  ,0,0,0,0,0,0,0,0,0,120000,0,0,0,120000,0,120000,120000
057163,上銀元大98購04  ,0,0,0,0,0,0,0,0,0,120000,0,0,0,120000,0,120000,120000
058017,漢唐凱基99購01  ,0,0,0,0,0,0,0,0,0,120000,0,0,0,189000,69000,120000,120000
6592,和潤企業        ,267000,122000,145000,0,0,0,0,0,0,-26000,0,26000,-26000,0,0,0,119000
2836,高雄銀          ,128000,20000,108000,0,0,0,0,0,0,11000,11000,0,11000,0,0,0,119000
1608,華榮            ,144000,25000,119000,0,0,0,0,0,0,0,0,0,0,0,0,0,119000
056505,聯發科永豐98購01,0,0,0,0,0,0,0,0,0,119000,0,0,0,149000,30000,119000,119000
058737,鴻海第一01購01  ,0,0,0,0,0,0,0,0,0,119000,0,0,0,119000,0,119000,119000
055748,GIS元富97購01   ,0,0,0,0,0,0,0,0,0,119000,0,0,0,129000,10000,119000,119000
3605,宏致            ,184000,60000,124000,0,0,0,0,0,0,-6000,0,6000,-6000,0,0,0,118000
052298,易華電國票96購01,0,0,0,0,0,0,0,0,0,118000,0,0,0,199000,81000,118000,118000
056459,茂林凱基99購01  ,0,0,0,0,0,0,0,0,0,118000,0,0,0,169000,51000,118000,118000
055732,全新元富9A購01  ,0,0,0,0,0,0,0,0,0,118000,0,0,0,128000,10000,118000,118000
03980P,群創凱基95售02  ,0,0,0,0,0,0,0,0,0,117000,0,0,0,174000,57000,117000,117000
006207,FH滬深          ,26000,8000,18000,0,0,0,0,0,0,99000,20000,20000,0,173000,74000,99000,117000
054919,興富發凱基97購01,0,0,0,0,0,0,0,0,0,117000,0,0,0,169000,52000,117000,117000
00830,國泰費城半導體  ,34000,288000,-254000,0,0,0,0,0,0,370000,236000,0,236000,960000,826000,134000,116000
055731,美律元富97購01  ,0,0,0,0,0,0,0,0,0,116000,0,0,0,216000,100000,116000,116000
9955,佳龍            ,167000,51000,116000,0,0,0,0,0,0,0,0,0,0,0,0,0,116000
4976,佳凌            ,195000,74000,121000,0,0,0,0,0,0,-6000,0,6000,-6000,0,0,0,115000
052520,南亞科元大95購06,0,0,0,0,0,0,0,0,0,115000,0,0,0,115000,0,115000,115000
053027,玉晶光富邦98購01,0,0,0,0,0,0,0,0,0,115000,0,0,0,115000,0,115000,115000
058710,臺股指元大9A購23,0,0,0,0,0,0,0,0,0,115000,0,0,0,115000,0,115000,115000
058833,台表科永豐99購01,0,0,0,0,0,0,0,0,0,115000,0,0,0,218000,103000,115000,115000
055740,智易元富97購01  ,0,0,0,0,0,0,0,0,0,115000,0,0,0,143000,28000,115000,115000
058297,茂林凱基9A購02  ,0,0,0,0,0,0,0,0,0,115000,0,0,0,123000,8000,115000,115000
4426,利勤            ,387000,277000,110000,0,0,0,0,0,0,4000,0,0,0,4000,0,4000,114000
2369,菱生            ,417000,289000,128000,0,0,0,0,0,0,-14000,0,14000,-14000,0,0,0,114000
052130,國巨凱基9B購01  ,0,0,0,0,0,0,0,0,0,114000,0,0,0,114000,0,114000,114000
055618,麗豐國票98購01  ,0,0,0,0,0,0,0,0,0,114000,0,0,0,114000,0,114000,114000
3189,景碩            ,1436000,1033000,403000,0,0,0,0,162000,-162000,-128000,44000,172000,-128000,4000,4000,0,113000
052989,麗豐元大98購01  ,0,0,0,0,0,0,0,0,0,113000,0,0,0,113000,0,113000,113000
04116P,京元電元大94售02,0,0,0,0,0,0,0,0,0,113000,0,0,0,113000,0,113000,113000
051240,台積電元大95購12,0,0,0,0,0,0,0,0,0,113000,0,0,0,113000,0,113000,113000
056618,京元電永豐98購01,0,0,0,0,0,0,0,0,0,113000,0,0,0,488000,375000,113000,113000
056672,元油2X元富98購10,113000,0,113000,0,0,0,0,0,0,0,0,0,0,0,0,0,113000
056406,建準國票99購01  ,0,0,0,0,0,0,0,0,0,113000,0,0,0,239000,126000,113000,113000
3530,晶相光          ,320000,242000,78000,0,0,0,0,0,0,34000,44000,0,44000,1000,11000,-10000,112000
4560,強信-KY         ,157000,45000,112000,0,0,0,0,0,0,0,0,0,0,0,0,0,112000
052959,聯電凱基97購01  ,0,0,0,0,0,0,0,0,0,112000,0,0,0,210000,98000,112000,112000
053625,國巨兆豐96購03  ,0,0,0,0,0,0,0,0,0,112000,0,0,0,122000,10000,112000,112000
054802,高股息元大97購01,0,0,0,0,0,0,0,0,0,112000,0,0,0,112000,0,112000,112000
053947,義隆富邦97購01  ,0,0,0,0,0,0,0,0,0,112000,0,0,0,190000,78000,112000,112000
057558,致新凱基98購01  ,0,0,0,0,0,0,0,0,0,112000,0,0,0,122000,10000,112000,112000
06586P,鴻海元大9C售01  ,0,0,0,0,0,0,0,0,0,111000,0,0,0,111000,0,111000,111000
054733,鴻海凱基98購04  ,0,0,0,0,0,0,0,0,0,111000,0,0,0,111000,0,111000,111000
044963,台積電中信96購01,0,0,0,0,0,0,0,0,0,111000,0,0,0,124000,13000,111000,111000
00710B,FH彭博高收益債  ,0,0,0,0,0,0,0,0,0,111000,0,0,0,213000,102000,111000,111000
2612,中航            ,140374,30000,110374,0,0,0,0,0,0,0,0,0,0,0,0,0,110374
07233P,台灣50元大99售04,0,0,0,0,0,0,0,0,0,110000,0,0,0,241000,131000,110000,110000
06618P,智邦元大98售04  ,0,0,0,0,0,0,0,0,0,110000,0,0,0,110000,0,110000,110000
07148P,富邦金元大99售01,0,0,0,0,0,0,0,0,0,110000,0,0,0,136000,26000,110000,110000
00650L,FH香港正2       ,0,1000,-1000,0,0,0,0,0,0,111000,0,0,0,192000,81000,111000,110000
047912,台郡麥證94購01  ,0,0,0,110000,0,110000,0,0,0,110000,0,0,0,110000,0,110000,110000
048248,聯發科兆豐95購01,0,0,0,0,0,0,0,0,0,110000,0,0,0,120000,10000,110000,110000
049607,台積電兆豐94購04,0,0,0,0,0,0,0,0,0,110000,0,0,0,110000,0,110000,110000
052990,超眾元大97購01  ,0,0,0,0,0,0,0,0,0,110000,0,0,0,134000,24000,110000,110000
053511,鴻海群益96購04  ,0,0,0,0,0,0,0,0,0,110000,0,0,0,110000,0,110000,110000
056181,百和元富97購02  ,0,0,0,0,0,0,0,0,0,110000,0,0,0,110000,0,110000,110000
055791,臺股指凱基97購14,0,0,0,0,0,0,0,0,0,110000,0,0,0,110000,0,110000,110000
056140,康控元大98購01  ,0,0,0,0,0,0,0,0,0,110000,0,0,0,110000,0,110000,110000
056848,泰鼎元富98購01  ,0,0,0,0,0,0,0,0,0,110000,0,0,0,110000,0,110000,110000
2408,南亞科          ,6848687,7515135,-666448,0,0,0,1193000,427000,766000,10000,725000,645000,80000,221000,291000,-70000,109552
052635,奇力新凱基98購01,0,0,0,0,0,0,0,0,0,109000,0,0,0,109000,0,109000,109000
03418B,臺股指元大95熊20,0,0,0,0,0,0,0,0,0,109000,0,0,0,109000,0,109000,109000
4540,全球傳動        ,136000,28000,108000,0,0,0,0,0,0,0,0,0,0,0,0,0,108000
059581,日月光元富99購02,0,0,0,0,0,0,0,0,0,108000,0,0,0,456000,348000,108000,108000
049438,嘉晶國泰96購01  ,0,0,0,0,0,0,0,0,0,108000,0,0,0,108000,0,108000,108000
053488,中石化兆豐97購01,0,0,0,0,0,0,0,0,0,108000,0,0,0,108000,0,108000,108000
059588,鴻海元大99購32  ,0,0,0,0,0,0,0,0,0,107000,0,0,0,270000,163000,107000,107000
059805,台積電元富99購02,0,0,0,0,0,0,0,0,0,107000,0,0,0,262000,155000,107000,107000
057799,世紀鋼兆豐98購01,0,0,0,0,0,0,0,0,0,107000,0,0,0,127000,20000,107000,107000
059326,康友元大99購01  ,0,0,0,0,0,0,0,0,0,107000,0,0,0,300000,193000,107000,107000
055093,京鼎群益98購01  ,0,0,0,0,0,0,0,0,0,107000,0,0,0,160000,53000,107000,107000
054525,奇鋐元富96購01  ,0,0,0,0,0,0,0,0,0,106000,0,0,0,108000,2000,106000,106000
059285,台灣50元富01購02,0,0,0,0,0,0,0,0,0,106000,0,0,0,106000,0,106000,106000
059218,台積電元大99購31,0,0,0,0,0,0,0,0,0,106000,0,0,0,107000,1000,106000,106000
052071,臺股指兆豐95購01,0,0,0,0,0,0,0,0,0,105000,0,0,0,115000,10000,105000,105000
052417,聯發科兆豐9B購01,0,0,0,0,0,0,0,0,0,105000,0,0,0,115000,10000,105000,105000
056479,玉晶光元大99購05,0,0,0,0,0,0,0,0,0,105000,0,0,0,189000,84000,105000,105000
056378,欣興元富98購01  ,0,0,0,0,0,0,0,0,0,105000,0,0,0,469000,364000,105000,105000
1455,集盛            ,258000,154000,104000,0,0,0,0,0,0,0,0,0,0,0,0,0,104000
07257P,臺股指凱基99售37,0,0,0,0,0,0,0,0,0,104000,0,0,0,431000,327000,104000,104000
053950,緯穎富邦97購02  ,0,0,0,0,0,0,0,0,0,104000,0,0,0,108000,4000,104000,104000
052884,台積電兆豐96購01,0,0,0,0,0,0,0,0,0,104000,0,0,0,104000,0,104000,104000
049784,台積電兆豐94購05,0,0,0,0,0,0,0,0,0,104000,0,0,0,104000,0,104000,104000
050644,國巨凱基96購01  ,0,0,0,0,0,0,0,0,0,104000,0,0,0,111000,7000,104000,104000
055063,玉晶光永豐99購01,0,0,0,0,0,0,0,0,0,104000,0,0,0,104000,0,104000,104000
056076,超眾元大97購05  ,0,0,0,0,0,0,0,0,0,104000,0,0,0,104000,0,104000,104000
056029,國巨麥證98購01  ,0,0,0,0,0,0,0,0,0,104000,0,0,0,104000,0,104000,104000
6505,台塑化          ,2644921,1638000,1006921,0,0,0,4000,576000,-572000,-331000,1000,332000,-331000,0,0,0,103921
05116P,台積電群益95售03,0,0,0,0,0,0,0,0,0,103000,0,0,0,105000,2000,103000,103000
057483,微星元大98購04  ,0,0,0,0,0,0,0,0,0,103000,0,0,0,371000,268000,103000,103000
057263,可成兆豐99購01  ,0,0,0,0,0,0,0,0,0,103000,0,0,0,103000,0,103000,103000
058788,喬山元大99購01  ,0,0,0,0,0,0,0,0,0,103000,0,0,0,305000,202000,103000,103000
052740,聯發科元大96購07,0,0,0,0,0,0,0,0,0,102000,0,0,0,102000,0,102000,102000
055325,佐登國票98購01  ,0,0,0,0,0,0,0,0,0,102000,0,0,0,102000,0,102000,102000
057222,鴻海國票99購04  ,0,0,0,0,0,0,0,0,0,102000,0,0,0,391000,289000,102000,102000
057070,美律永豐98購02  ,0,0,0,0,0,0,0,0,0,102000,0,0,0,170000,68000,102000,102000
08637P,台灣50中信96售03,0,0,0,0,0,0,0,0,0,101000,0,0,0,109000,8000,101000,101000
053539,智易永豐96購01  ,0,0,0,0,0,0,0,0,0,101000,0,0,0,101000,0,101000,101000
058123,亞光國票9A購01  ,0,0,0,0,0,0,0,0,0,101000,0,0,0,173000,72000,101000,101000
047342,T50反1中信99購01,0,0,0,0,0,0,0,0,0,101000,0,0,0,101000,0,101000,101000
08795P,聯發科凱基01售11,0,0,0,0,0,0,0,0,0,100000,0,0,0,100000,0,100000,100000
6672,騰輝電子-KY     ,216000,116000,100000,0,0,0,0,0,0,0,0,0,0,0,0,0,100000
059709,上証2X元大9C購01,0,0,0,0,0,0,0,0,0,100000,0,0,0,100000,0,100000,100000
059689,南亞科永豐99購02,0,0,0,0,0,0,0,0,0,100000,0,0,0,275000,175000,100000,100000
059991,超眾元大9A購02  ,0,0,0,0,0,0,0,0,0,100000,0,0,0,127000,27000,100000,100000
059979,台積電元大99購49,0,0,0,0,0,0,0,0,0,100000,0,0,0,101000,1000,100000,100000
07099P,台積電元大99售19,0,0,0,0,0,0,0,0,0,100000,0,0,0,100000,0,100000,100000
04810P,亞德客元大94售01,0,0,0,0,0,0,0,0,0,100000,0,0,0,100000,0,100000,100000
051236,鴻海元大96購05  ,0,0,0,0,0,0,0,0,0,100000,0,0,0,100000,0,100000,100000
051127,同欣電群益95購01,0,0,0,0,0,0,0,0,0,100000,0,0,0,100000,0,100000,100000
051259,鴻海永昌96購03  ,0,0,0,0,0,0,0,0,0,100000,0,0,0,210000,110000,100000,100000
051329,智邦永豐95購01  ,0,0,0,0,0,0,0,0,0,100000,0,0,0,100000,0,100000,100000
045517,元油2X元富98購01,0,0,0,0,0,0,0,0,0,100000,0,0,0,100000,0,100000,100000
050453,創意元大95購03  ,0,0,0,0,0,0,0,0,0,100000,0,0,0,100000,0,100000,100000
054271,中石化中信99購01,0,0,0,0,0,0,0,0,0,100000,0,0,0,200000,100000,100000,100000
054459,鈺齊群益96購01  ,0,0,0,0,0,0,0,0,0,100000,0,0,0,100000,0,100000,100000
054428,禾伸堂富邦98購01,0,0,0,0,0,0,0,0,0,100000,0,0,0,100000,0,100000,100000
058118,瑞昱群益99購01  ,0,0,0,0,0,0,0,0,0,100000,0,0,0,100000,0,100000,100000
057897,華通富邦99購01  ,0,0,0,0,0,0,0,0,0,100000,0,0,0,100000,0,100000,100000
052080,康友元富98購02  ,0,0,0,0,0,0,0,0,0,100000,0,0,0,100000,0,100000,100000
05203P,華新科元大95售10,0,0,0,0,0,0,0,0,0,100000,0,0,0,100000,0,100000,100000
053295,奇力新中信96購01,0,0,0,0,0,0,0,0,0,100000,0,0,0,100000,0,100000,100000
054774,同欣電國票98購01,0,0,0,0,0,0,0,0,0,100000,0,0,0,100000,0,100000,100000
052215,樺漢元大96購02  ,0,0,0,0,0,0,0,0,0,100000,0,0,0,100000,0,100000,100000
054558,劍麟群益99購01  ,0,0,0,0,0,0,0,0,0,100000,0,0,0,100000,0,100000,100000
051930,國泰金兆豐97購01,0,0,0,0,0,0,0,0,0,100000,0,0,0,100000,0,100000,100000
053181,滬深2X元富99購02,0,0,0,0,0,0,0,0,0,100000,0,0,0,100000,0,100000,100000
057066,緯穎富邦99購01  ,0,0,0,0,0,0,0,0,0,100000,0,0,0,100000,0,100000,100000
057362,元油2X元大98購12,0,0,0,0,0,0,0,0,0,100000,0,0,0,100000,0,100000,100000
057431,京鼎兆豐98購02  ,0,0,0,0,0,0,0,0,0,100000,0,0,0,110000,10000,100000,100000
056811,健策統一9B購01  ,0,0,0,0,0,0,0,0,0,100000,0,0,0,100000,0,100000,100000
058393,元油2X元大99購13,0,0,0,0,0,0,0,0,0,100000,0,0,0,100000,0,100000,100000
059277,群創元大99購05  ,0,0,0,0,0,0,0,0,0,100000,0,0,0,100000,0,100000,100000
059257,臺股指凱基99購35,0,0,0,0,0,0,0,0,0,100000,0,0,0,100000,0,100000,100000
059429,台積電元大99購35,0,0,0,0,0,0,0,0,0,100000,0,0,0,107000,7000,100000,100000
059137,電子類群益99購01,0,0,0,0,0,0,0,0,0,100000,0,0,0,100000,0,100000,100000
055032,億光富邦99購01  ,0,0,0,0,0,0,0,0,0,100000,0,0,0,100000,0,100000,100000
055448,健策統一97購02  ,0,0,0,0,0,0,0,0,0,100000,0,0,0,100000,0,100000,100000
056356,台積電元大99購01,0,0,0,0,0,0,0,0,0,100000,0,0,0,100000,0,100000,100000
056197,友訊永豐97購01  ,0,0,0,0,0,0,0,0,0,100000,0,0,0,100000,0,100000,100000
056287,亞光永豐97購02  ,0,0,0,0,0,0,0,0,0,100000,0,0,0,297000,197000,100000,100000
056087,世芯統一97購01  ,0,0,0,0,0,0,0,0,0,100000,0,0,0,100000,0,100000,100000
056768,宏達電元大99購03,0,0,0,0,0,0,0,0,0,100000,0,0,0,177000,77000,100000,100000
058795,可成元大99購03  ,0,0,0,0,0,0,0,0,0,100000,0,0,0,100000,0,100000,100000
058921,聯發科元富03購01,0,0,0,0,0,0,0,0,0,100000,0,0,0,100000,0,100000,100000
055691,訊芯凱基97購02  ,0,0,0,0,0,0,0,0,0,100000,0,0,0,100000,0,100000,100000
057615,元油2X凱基98購02,0,0,0,0,0,0,0,0,0,100000,0,0,0,100000,0,100000,100000
059646,聯茂凱基99購06  ,0,0,0,0,0,0,0,0,0,99000,0,0,0,155000,56000,99000,99000
07414P,台積電元大99售51,0,0,0,0,0,0,0,0,0,99000,0,0,0,100000,1000,99000,99000
049690,義隆元大95購02  ,0,0,0,0,0,0,0,0,0,99000,0,0,0,146000,47000,99000,99000
049462,康友元富94購01  ,0,0,0,0,0,0,0,0,0,99000,0,0,0,100000,1000,99000,99000
048305,深100凱基96購01 ,0,0,0,0,0,0,0,0,0,99000,0,0,0,99000,0,99000,99000
00663L,國泰臺灣加權正2 ,0,0,0,0,0,0,0,0,0,99000,0,0,0,205000,106000,99000,99000
059103,旭富元富99購03  ,0,0,0,0,0,0,0,0,0,99000,0,0,0,169000,70000,99000,99000
03959P,義隆元富96售01  ,0,0,0,0,0,0,0,0,0,98000,0,0,0,100000,2000,98000,98000
059410,滬深2X國票9A購04,0,0,0,0,0,0,0,0,0,98000,0,0,0,99000,1000,98000,98000
1802,台玻            ,487000,265000,222000,0,0,0,0,0,0,-125000,0,125000,-125000,0,0,0,97000
3022,威強電          ,139000,25000,114000,0,0,0,0,0,0,-17000,0,17000,-17000,0,0,0,97000
051405,世芯永豐95購01  ,0,0,0,0,0,0,0,0,0,97000,0,0,0,97000,0,97000,97000
054744,晶相光凱基99購01,0,0,0,0,0,0,0,0,0,97000,0,0,0,224000,127000,97000,97000
052781,瀚宇博國票97購03,0,0,0,0,0,0,0,0,0,97000,0,0,0,135000,38000,97000,97000
056572,義隆元大99購01  ,0,0,0,0,0,0,0,0,0,97000,0,0,0,130000,33000,97000,97000
2404,漢唐            ,378000,244000,134000,0,0,0,0,0,0,-38000,0,9000,-9000,9000,38000,-29000,96000
07365P,超眾元大99售07  ,0,0,0,0,0,0,0,0,0,96000,0,0,0,188000,92000,96000,96000
059764,健策永豐99購04  ,0,0,0,0,0,0,0,0,0,96000,0,0,0,147000,51000,96000,96000
053062,緯穎富邦97購01  ,0,0,0,0,0,0,0,0,0,96000,0,0,0,117000,21000,96000,96000
059664,立積元大9C購01  ,0,0,0,0,0,0,0,0,0,95000,0,0,0,100000,5000,95000,95000
059837,健策國泰9B購01  ,0,0,0,0,0,0,0,0,0,95000,0,0,0,95000,0,95000,95000
2905,三商            ,421000,326000,95000,0,0,0,0,0,0,0,0,0,0,0,0,0,95000
8404,百和興業-KY     ,295000,200000,95000,0,0,0,0,0,0,0,0,0,0,0,0,0,95000
052915,創意元富96購01  ,0,0,0,0,0,0,0,0,0,95000,0,0,0,178000,83000,95000,95000
056752,國巨兆豐98購02  ,0,0,0,0,0,0,0,0,0,95000,0,0,0,105000,10000,95000,95000
056231,嘉聯益凱基97購02,0,0,0,0,0,0,0,0,0,95000,0,0,0,181000,86000,95000,95000
055162,新唐元大97購01  ,0,0,0,0,0,0,0,0,0,95000,0,0,0,135000,40000,95000,95000
059923,緯穎元大99購09  ,0,0,0,0,0,0,0,0,0,94000,0,0,0,96000,2000,94000,94000
060006,華通群益9A購04  ,0,0,0,0,0,0,0,0,0,94000,0,0,0,132000,38000,94000,94000
050861,鴻海永豐95購01  ,0,0,0,0,0,0,0,0,0,94000,0,0,0,94000,0,94000,94000
054572,國巨元大98購03  ,0,0,0,0,0,0,0,0,0,94000,0,0,0,94000,0,94000,94000
058814,南亞科台新99購01,0,0,0,0,0,0,0,0,0,94000,0,0,0,94000,0,94000,94000
059431,旺宏元大99購14  ,0,0,0,0,0,0,0,0,0,94000,0,0,0,229000,135000,94000,94000
055919,景碩凱基98購02  ,0,0,0,0,0,0,0,0,0,94000,0,0,0,128000,34000,94000,94000
056779,元油2X群益9A購02,0,0,0,0,0,0,0,0,0,94000,0,0,0,94000,0,94000,94000
3036,文曄            ,390000,267003,122997,0,0,0,12000,0,12000,-41000,0,35000,-35000,0,6000,-6000,93997
07340P,鴻海凱基99售15  ,0,0,0,0,0,0,0,0,0,93000,0,0,0,100000,7000,93000,93000
1109,信大            ,100000,7000,93000,0,0,0,0,0,0,0,0,0,0,0,0,0,93000
059999,緯穎元富99購01  ,0,0,0,0,0,0,0,0,0,93000,0,0,0,112000,19000,93000,93000
059913,台積電元大99購44,0,0,0,0,0,0,0,0,0,93000,0,0,0,97000,4000,93000,93000
058671,旺宏群益9A購01  ,0,0,0,0,0,0,0,0,0,93000,0,0,0,143000,50000,93000,93000
060043,全新群益9B購02  ,0,0,0,0,0,0,0,0,0,92000,0,0,0,128000,36000,92000,92000
060128,健策永豐99購06  ,0,0,0,0,0,0,0,0,0,92000,0,0,0,104000,12000,92000,92000
059694,創意永豐99購03  ,0,0,0,0,0,0,0,0,0,92000,0,0,0,280000,188000,92000,92000
8497,格威傳媒        ,120000,28000,92000,0,0,0,0,0,0,0,0,0,0,0,0,0,92000
052759,京元電群益96購01,0,0,0,0,0,0,0,0,0,92000,0,0,0,432000,340000,92000,92000
052077,可成元富98購02  ,0,0,0,0,0,0,0,0,0,92000,0,0,0,107000,15000,92000,92000
053525,台積電中信96購04,0,0,0,0,0,0,0,0,0,92000,0,0,0,92000,0,92000,92000
053792,百和元大96購01  ,0,0,0,0,0,0,0,0,0,92000,0,0,0,92000,0,92000,92000
052920,景碩台新96購02  ,0,0,0,0,0,0,0,0,0,92000,0,0,0,92000,0,92000,92000
059191,茂林富邦9B購01  ,0,0,0,0,0,0,0,0,0,92000,0,0,0,96000,4000,92000,92000
055149,國巨元大97購06  ,0,0,0,0,0,0,0,0,0,92000,0,0,0,92000,0,92000,92000
055263,華新科富邦9A購01,0,0,0,0,0,0,0,0,0,92000,0,0,0,92000,0,92000,92000
1711,永光            ,106000,15000,91000,0,0,0,0,0,0,0,0,0,0,0,0,0,91000
059791,超眾元大99購06  ,0,0,0,0,0,0,0,0,0,91000,0,0,0,131000,40000,91000,91000
052937,國巨兆豐97購01  ,0,0,0,0,0,0,0,0,0,91000,0,0,0,101000,10000,91000,91000
048269,瀚宇博國泰95購01,0,0,0,0,0,0,0,0,0,91000,0,0,0,91000,0,91000,91000
03638C,T50反1元大94牛03,0,0,0,0,0,0,0,0,0,91000,0,0,0,502000,411000,91000,91000
055407,祥碩國泰98購01  ,0,0,0,0,0,0,0,0,0,91000,0,0,0,132000,41000,91000,91000
056193,聯發科富邦99購08,0,0,0,0,0,0,0,0,0,91000,0,0,0,91000,0,91000,91000
058031,旺宏永豐98購04  ,0,0,0,0,0,0,0,0,0,91000,0,0,0,159000,68000,91000,91000
057053,立積元大98購02  ,0,0,0,0,0,0,0,0,0,91000,0,0,0,93000,2000,91000,91000
9802,鈺齊-KY         ,462000,976000,-514000,0,0,0,510000,14000,496000,109000,53000,26000,27000,83000,1000,82000,91000
059800,T50反1元富99購09,0,0,0,0,0,0,0,0,0,90000,0,0,0,90000,0,90000,90000
048192,華通元大96購01  ,0,0,0,0,0,0,0,0,0,90000,0,0,0,90000,0,90000,90000
04821P,臺股指永豐94售01,0,0,0,0,0,0,0,0,0,90000,0,0,0,90000,0,90000,90000
051349,國巨元大95購08  ,0,0,0,0,0,0,0,0,0,90000,0,0,0,90000,0,90000,90000
049108,玉晶光富邦96購02,0,0,0,0,0,0,0,0,0,90000,0,0,0,90000,0,90000,90000
057982,帆宣永豐98購01  ,0,0,0,0,0,0,0,0,0,90000,0,0,0,90000,0,90000,90000
058231,技嘉元大99購02  ,0,0,0,0,0,0,0,0,0,90000,0,0,0,90000,0,90000,90000
052269,T50反1日盛9B購01,0,0,0,0,0,0,0,0,0,90000,0,0,0,90000,0,90000,90000
054635,台達電中信98購01,0,0,0,0,0,0,0,0,0,90000,0,0,0,90000,0,90000,90000
054697,凌華永豐97購01  ,0,0,0,0,0,0,0,0,0,90000,0,0,0,90000,0,90000,90000
057093,臻鼎元富98購02  ,0,0,0,0,0,0,0,0,0,90000,0,0,0,90000,0,90000,90000
056033,T50正2凱基99購02,0,0,0,0,0,0,0,0,0,90000,0,0,0,90000,0,90000,90000
058074,欣興凱基99購01  ,0,0,0,0,0,0,0,0,0,90000,0,0,0,139000,49000,90000,90000
055545,國巨凱基97購06  ,0,0,0,0,0,0,0,0,0,90000,0,0,0,106000,16000,90000,90000
057570,技嘉永豐98購02  ,0,0,0,0,0,0,0,0,0,90000,0,0,0,205000,115000,90000,90000
06853P,華擎元富98售03  ,0,0,0,0,0,0,0,0,0,89000,0,0,0,200000,111000,89000,89000
051800,旺宏永豐95購02  ,0,0,0,0,0,0,0,0,0,89000,0,0,0,240000,151000,89000,89000
059197,可成永豐99購02  ,0,0,0,0,0,0,0,0,0,89000,0,0,0,98000,9000,89000,89000
059358,旺宏永豐99購02  ,0,0,0,0,0,0,0,0,0,89000,0,0,0,190000,101000,89000,89000
8462,柏文            ,98000,11000,87000,0,0,0,0,0,0,1000,0,0,0,1000,0,1000,88000
2453,凌群            ,170000,82000,88000,0,0,0,0,0,0,0,0,0,0,0,0,0,88000
053672,嘉澤元富96購02  ,0,0,0,0,0,0,0,0,0,88000,0,0,0,107000,19000,88000,88000
052705,超眾國票97購01  ,0,0,0,0,0,0,0,0,0,88000,0,0,0,157000,69000,88000,88000
053553,聯詠凱基96購03  ,0,0,0,0,0,0,0,0,0,88000,0,0,0,88000,0,88000,88000
058661,臺股指中信9C購01,0,0,0,0,0,0,0,0,0,88000,0,0,0,88000,0,88000,88000
056446,聯發科凱基98購08,0,0,0,0,0,0,0,0,0,88000,0,0,0,88000,0,88000,88000
055039,神達富邦99購01  ,0,0,0,0,0,0,0,0,0,88000,0,0,0,88000,0,88000,88000
052936,華通兆豐98購01  ,0,0,0,0,0,0,0,0,0,87000,0,0,0,97000,10000,87000,87000
052183,華邦電群益95購01,0,0,0,0,0,0,0,0,0,87000,0,0,0,87000,0,87000,87000
053597,牧德元大99購01  ,0,0,0,0,0,0,0,0,0,87000,0,0,0,87000,0,87000,87000
058204,世芯凱基9A購01  ,0,0,0,0,0,0,0,0,0,87000,0,0,0,247000,160000,87000,87000
056354,國巨元大98購10  ,0,0,0,0,0,0,0,0,0,87000,0,0,0,162000,75000,87000,87000
059083,華通元大99購07  ,0,0,0,0,0,0,0,0,0,87000,0,0,0,144000,57000,87000,87000
056795,鴻海麥證98購01  ,0,0,0,87000,0,87000,0,0,0,87000,0,0,0,87000,0,87000,87000
3149,正達            ,87000,1000,86000,0,0,0,0,0,0,0,0,0,0,0,0,0,86000
052813,T50正2永豐96購01,0,0,0,0,0,0,0,0,0,86000,0,0,0,86000,0,86000,86000
054652,裕隆麥證97購01  ,0,0,0,86000,0,86000,0,0,0,86000,0,0,0,86000,0,86000,86000
051505,台積電元富95購05,0,0,0,0,0,0,0,0,0,86000,0,0,0,86000,0,86000,86000
050955,達方群益97購01  ,0,0,0,0,0,0,0,0,0,86000,0,0,0,88000,2000,86000,86000
03675C,臺股指元大04牛02,0,0,0,0,0,0,0,0,0,86000,0,0,0,86000,0,86000,86000
059404,鴻海台新99購03  ,0,0,0,0,0,0,0,0,0,86000,0,0,0,180000,94000,86000,86000
056441,燿華凱基98購01  ,0,0,0,0,0,0,0,0,0,86000,0,0,0,262000,176000,86000,86000
3028,增你強          ,86000,1000,85000,0,0,0,0,0,0,0,0,0,0,0,0,0,85000
059804,台積電元富99購01,0,0,0,0,0,0,0,0,0,85000,0,0,0,224000,139000,85000,85000
049892,國巨富邦96購01  ,0,0,0,0,0,0,0,0,0,85000,0,0,0,85000,0,85000,85000
052595,奇力新群益96購01,0,0,0,0,0,0,0,0,0,85000,0,0,0,85000,0,85000,85000
055357,欣興凱基97購04  ,0,0,0,0,0,0,0,0,0,85000,0,0,0,150000,65000,85000,85000
058659,力成中信99購01  ,0,0,0,0,0,0,0,0,0,85000,0,0,0,85000,0,85000,85000
059572,華新科凱基99購08,0,0,0,0,0,0,0,0,0,84000,0,0,0,152000,68000,84000,84000
3266,昇陽            ,84000,0,84000,0,0,0,0,0,0,0,0,0,0,0,0,0,84000
047406,香港反統一94購01,0,0,0,0,0,0,0,0,0,84000,0,0,0,84000,0,84000,84000
3712,永崴投控        ,117000,33582,83418,0,0,0,0,0,0,0,0,0,0,0,0,0,83418
3047,訊舟            ,245000,148000,97000,0,0,0,0,0,0,-14000,0,14000,-14000,0,0,0,83000
2609,陽明            ,657000,574000,83000,0,0,0,0,0,0,0,0,0,0,0,0,0,83000
2546,根基            ,85000,2000,83000,0,0,0,0,0,0,0,0,0,0,0,0,0,83000
4155,訊映            ,114000,31000,83000,0,0,0,0,0,0,0,0,0,0,0,0,0,83000
051089,旺宏元大96購04  ,0,0,0,0,0,0,0,0,0,83000,0,0,0,83000,0,83000,83000
049023,玉晶光群益96購04,0,0,0,0,0,0,0,0,0,83000,0,0,0,83000,0,83000,83000
056921,京元電兆豐98購01,0,0,0,0,0,0,0,0,0,83000,0,0,0,402000,319000,83000,83000
056160,智易凱基97購03  ,0,0,0,0,0,0,0,0,0,83000,0,0,0,84000,1000,83000,83000
056526,力山凱基98購01  ,0,0,0,0,0,0,0,0,0,83000,0,0,0,280000,197000,83000,83000
056528,為升凱基98購01  ,0,0,0,0,0,0,0,0,0,83000,0,0,0,83000,0,83000,83000
5234,達興材料        ,109000,22000,87000,0,0,0,0,0,0,-5000,0,5000,-5000,0,0,0,82000
2634,漢翔            ,345000,226000,119000,0,0,0,0,0,0,-37000,0,37000,-37000,0,0,0,82000
07458P,長榮航元大9A售01,0,0,0,0,0,0,0,0,0,82000,0,0,0,218000,136000,82000,82000
057524,旺宏元大99購04  ,0,0,0,0,0,0,0,0,0,82000,0,0,0,132000,50000,82000,82000
059451,國巨永豐99購05  ,0,0,0,0,0,0,0,0,0,82000,0,0,0,123000,41000,82000,82000
058572,百和凱基9A購01  ,0,0,0,0,0,0,0,0,0,82000,0,0,0,143000,61000,82000,82000
3050,鈺德            ,91000,10000,81000,0,0,0,0,0,0,0,0,0,0,0,0,0,81000
3031,佰鴻            ,107000,26000,81000,0,0,0,0,0,0,0,0,0,0,0,0,0,81000
053662,矽力凱基97購01  ,0,0,0,0,0,0,0,0,0,81000,0,0,0,116000,35000,81000,81000
053137,旺宏富邦98購01  ,0,0,0,0,0,0,0,0,0,81000,0,0,0,81000,0,81000,81000
053112,中磊兆豐97購01  ,0,0,0,0,0,0,0,0,0,81000,0,0,0,81000,0,81000,81000
057097,致新元富98購01  ,0,0,0,0,0,0,0,0,0,81000,0,0,0,81000,0,81000,81000
5525,順天            ,101000,25200,75800,0,0,0,0,0,0,5000,5000,0,5000,0,0,0,80800
8996,高力            ,672000,651000,21000,0,0,0,8000,0,8000,51000,51000,0,51000,0,0,0,80000
6605,帝寶            ,71000,13000,58000,0,0,0,0,0,0,22000,22000,0,22000,0,0,0,80000
2399,映泰            ,172000,92000,80000,0,0,0,0,0,0,0,0,0,0,0,0,0,80000
06922P,元上證群益9C售01,0,0,0,0,0,0,0,0,0,80000,0,0,0,80000,0,80000,80000
053383,京元電元大97購01,0,0,0,0,0,0,0,0,0,80000,0,0,0,80000,0,80000,80000
053446,欣興凱基96購02  ,0,0,0,0,0,0,0,0,0,80000,0,0,0,110000,30000,80000,80000
053825,南電群益96購02  ,0,0,0,0,0,0,0,0,0,80000,0,0,0,80000,0,80000,80000
054139,揚明光元大96購01,0,0,0,0,0,0,0,0,0,80000,0,0,0,80000,0,80000,80000
057991,健策統一9C購01  ,0,0,0,0,0,0,0,0,0,80000,0,0,0,80000,0,80000,80000
050441,和碩凱基94購01  ,0,0,0,0,0,0,0,0,0,80000,0,0,0,80000,0,80000,80000
051352,南亞科元大95購02,0,0,0,0,0,0,0,0,0,80000,0,0,0,80000,0,80000,80000
048070,聯發科元富99購03,0,0,0,0,0,0,0,0,0,80000,0,0,0,80000,0,80000,80000
048139,南電國票94購02  ,0,0,0,0,0,0,0,0,0,80000,0,0,0,80000,0,80000,80000
056808,台積電統一98購06,0,0,0,0,0,0,0,0,0,80000,0,0,0,80000,0,80000,80000
059294,宏達電元富9B購02,0,0,0,0,0,0,0,0,0,80000,0,0,0,90000,10000,80000,80000
055528,華邦電群益97購01,0,0,0,0,0,0,0,0,0,80000,0,0,0,80000,0,80000,80000
056143,訊芯元大97購04  ,0,0,0,0,0,0,0,0,0,80000,0,0,0,100000,20000,80000,80000
054954,華新科元大97購06,0,0,0,0,0,0,0,0,0,80000,0,0,0,80000,0,80000,80000
1218,泰山            ,141100,128000,13100,0,0,0,0,0,0,66000,66000,0,66000,0,0,0,79100
6414,樺漢            ,400000,245000,155000,0,0,0,2000,0,2000,-78000,45000,159000,-114000,37000,1000,36000,79000
4164,承業醫          ,100000,21000,79000,0,0,0,0,0,0,0,1000,1000,0,0,0,0,79000
4414,如興            ,757000,678000,79000,0,0,0,0,0,0,0,0,0,0,0,0,0,79000
059685,T50正2永豐99購02,0,0,0,0,0,0,0,0,0,79000,0,0,0,79000,0,79000,79000
04665P,臺股指國票94售04,0,0,0,0,0,0,0,0,0,79000,0,0,0,80000,1000,79000,79000
054410,國巨元大96購14  ,0,0,0,0,0,0,0,0,0,79000,0,0,0,79000,0,79000,79000
058160,奇鋐元富99購01  ,0,0,0,0,0,0,0,0,0,79000,0,0,0,183000,104000,79000,79000
052076,可成元富98購01  ,0,0,0,0,0,0,0,0,0,79000,0,0,0,109000,30000,79000,79000
059120,致伸永豐99購01  ,0,0,0,0,0,0,0,0,0,79000,0,0,0,117000,38000,79000,79000
050144,宏達電台新95購01,0,0,0,0,0,0,0,0,0,78000,0,0,0,78000,0,78000,78000
047211,華新科富邦99購01,0,0,0,0,0,0,0,0,0,78000,0,0,0,148000,70000,78000,78000
055022,精元國泰99購01  ,0,0,0,0,0,0,0,0,0,78000,0,0,0,78000,0,78000,78000
056176,創意元富97購01  ,0,0,0,0,0,0,0,0,0,78000,0,0,0,140000,62000,78000,78000
058950,國巨群益99購06  ,0,0,0,0,0,0,0,0,0,78000,0,0,0,478000,400000,78000,78000
1526,日馳            ,140000,58000,82000,0,0,0,0,0,0,-5000,0,5000,-5000,0,0,0,77000
052231,景碩凱基96購01  ,0,0,0,0,0,0,0,0,0,77000,0,0,0,136000,59000,77000,77000
058456,京鼎永豐99購01  ,0,0,0,0,0,0,0,0,0,77000,0,0,0,140000,63000,77000,77000
057323,智邦群益98購01  ,0,0,0,0,0,0,0,0,0,77000,0,0,0,85000,8000,77000,77000
07240P,台灣50台新94售01,0,0,0,0,0,0,0,0,0,76000,0,0,0,76000,0,76000,76000
6277,宏正            ,115000,34000,81000,0,0,0,0,0,0,-5000,0,5000,-5000,0,0,0,76000
059671,滬深2X元富99購05,0,0,0,0,0,0,0,0,0,76000,0,0,0,80000,4000,76000,76000
060278,道瓊反元大9A購03,0,0,0,0,0,0,0,0,0,76000,0,0,0,103000,27000,76000,76000
057986,華新科元富99購05,0,0,0,0,0,0,0,0,0,76000,0,0,0,76000,0,76000,76000
054499,台光電永豐96購02,0,0,0,0,0,0,0,0,0,76000,0,0,0,76000,0,76000,76000
052887,華通中信96購01  ,0,0,0,0,0,0,0,0,0,76000,0,0,0,76000,0,76000,76000
055933,欣興群益98購02  ,0,0,0,0,0,0,0,0,0,76000,0,0,0,246000,170000,76000,76000
054951,大毅元大97購01  ,0,0,0,0,0,0,0,0,0,76000,0,0,0,124000,48000,76000,76000
059611,台積電永豐99購05,0,0,0,0,0,0,0,0,0,75000,0,0,0,97000,22000,75000,75000
8261,富鼎            ,105000,30000,75000,0,0,0,0,0,0,0,0,0,0,0,0,0,75000
3029,零壹            ,242000,167000,75000,0,0,0,0,0,0,0,0,0,0,0,0,0,75000
2484,希華            ,209000,134000,75000,0,0,0,0,0,0,0,0,0,0,0,0,0,75000
054265,GIS元大96購03   ,0,0,0,0,0,0,0,0,0,75000,0,0,0,137000,62000,75000,75000
054213,欣興國票97購04  ,0,0,0,0,0,0,0,0,0,75000,0,0,0,75000,0,75000,75000
00771,元大US高息特別股,0,0,0,0,0,0,0,0,0,75000,0,0,0,80000,5000,75000,75000
053468,鴻海元大98購01  ,0,0,0,0,0,0,0,0,0,75000,0,0,0,75000,0,75000,75000
053915,光罩國票96購02  ,0,0,0,0,0,0,0,0,0,75000,0,0,0,160000,85000,75000,75000
053574,奇力新元富99購01,0,0,0,0,0,0,0,0,0,75000,0,0,0,75000,0,75000,75000
056515,燿華兆豐99購01  ,0,0,0,0,0,0,0,0,0,75000,0,0,0,95000,20000,75000,75000
057657,國巨兆豐98購04  ,0,0,0,0,0,0,0,0,0,75000,0,0,0,85000,10000,75000,75000
058309,大毅元大99購02  ,0,0,0,0,0,0,0,0,0,75000,0,0,0,136000,61000,75000,75000
052282,宏達電凱基95購05,0,0,0,0,0,0,0,0,0,74000,0,0,0,276000,202000,74000,74000
051158,嘉晶富邦96購01  ,0,0,0,0,0,0,0,0,0,74000,0,0,0,74000,0,74000,74000
055173,瑞昱統一97購01  ,0,0,0,0,0,0,0,0,0,74000,0,0,0,80000,6000,74000,74000
2739,寒舍            ,80000,7000,73000,0,0,0,0,0,0,0,0,0,0,0,0,0,73000
059946,健策永豐99購05  ,0,0,0,0,0,0,0,0,0,73000,0,0,0,73000,0,73000,73000
060182,旺宏元富9A購01  ,0,0,0,0,0,0,0,0,0,73000,0,0,0,157000,84000,73000,73000
053502,智伸科兆豐97購01,0,0,0,0,0,0,0,0,0,73000,0,0,0,379000,306000,73000,73000
056191,世紀鋼統一97購01,0,0,0,0,0,0,0,0,0,73000,0,0,0,129000,56000,73000,73000
056851,瑞儀元富98購01  ,0,0,0,0,0,0,0,0,0,73000,0,0,0,662000,589000,73000,73000
059055,旺宏凱基9B購02  ,0,0,0,0,0,0,0,0,0,73000,0,0,0,88000,15000,73000,73000
059425,SGBR2X元大9A購02,0,0,0,0,0,0,0,0,0,73000,0,0,0,207000,134000,73000,73000
059620,聯發科日盛99購02,0,0,0,0,0,0,0,0,0,72000,0,0,0,105000,33000,72000,72000
2881B,富邦金乙特      ,26000,0,26000,0,0,0,0,0,0,46000,46000,0,46000,0,0,0,72000
3708,上緯投控        ,136000,64000,72000,0,0,0,0,0,0,0,0,0,0,0,0,0,72000
2423,固緯            ,80000,8000,72000,0,0,0,0,0,0,0,0,0,0,0,0,0,72000
056958,喬山永豐98購01  ,0,0,0,0,0,0,0,0,0,72000,0,0,0,205000,133000,72000,72000
057134,茂林凱基98購02  ,0,0,0,0,0,0,0,0,0,72000,0,0,0,72000,0,72000,72000
1708,東鹼            ,91000,16000,75000,0,0,0,0,0,0,-4000,0,4000,-4000,0,0,0,71000
059933,台灣50永豐99購11,0,0,0,0,0,0,0,0,0,71000,0,0,0,71000,0,71000,71000
052581,訊芯元富98購01  ,0,0,0,0,0,0,0,0,0,71000,0,0,0,104000,33000,71000,71000
045055,聯發科元富98購03,0,0,0,0,0,0,0,0,0,71000,0,0,0,71000,0,71000,71000
056833,和大元富9B購01  ,0,0,0,0,0,0,0,0,0,71000,0,0,0,71000,0,71000,71000
057707,臺股指群益98購07,0,0,0,0,0,0,0,0,0,71000,0,0,0,154000,83000,71000,71000
9908,大台北          ,35000,20000,15000,0,0,0,0,0,0,56000,56000,0,56000,0,0,0,71000
059829,超眾凱基99購05  ,0,0,0,0,0,0,0,0,0,70000,0,0,0,75000,5000,70000,70000
06936P,瑞儀元大98售01  ,0,0,0,0,0,0,0,0,0,70000,0,0,0,93000,23000,70000,70000
051384,康友群益95購01  ,0,0,0,0,0,0,0,0,0,70000,0,0,0,70000,0,70000,70000
00762,元大全球AI      ,0,0,0,0,0,0,0,0,0,70000,0,0,0,251000,181000,70000,70000
050135,禾伸堂兆豐95購01,0,0,0,0,0,0,0,0,0,70000,0,0,0,90000,20000,70000,70000
052606,聯發科元大97購04,0,0,0,0,0,0,0,0,0,70000,0,0,0,70000,0,70000,70000
053116,華新科中信96購01,0,0,0,0,0,0,0,0,0,70000,0,0,0,70000,0,70000,70000
053931,楠梓電統一96購01,0,0,0,0,0,0,0,0,0,70000,0,0,0,70000,0,70000,70000
054046,義隆元大96購02  ,0,0,0,0,0,0,0,0,0,70000,0,0,0,90000,20000,70000,70000
057650,力成元大98購04  ,0,0,0,0,0,0,0,0,0,70000,0,0,0,70000,0,70000,70000
056317,華通群益99購02  ,0,0,0,0,0,0,0,0,0,70000,0,0,0,70000,0,70000,70000
056328,訊芯兆豐98購01  ,0,0,0,0,0,0,0,0,0,70000,0,0,0,70000,0,70000,70000
056330,玉晶光國票99購03,0,0,0,0,0,0,0,0,0,70000,0,0,0,103000,33000,70000,70000
056784,南亞科群益98購01,0,0,0,0,0,0,0,0,0,70000,0,0,0,165000,95000,70000,70000
054944,精元元大97購01  ,0,0,0,0,0,0,0,0,0,70000,0,0,0,70000,0,70000,70000
059016,晶相光元富99購03,0,0,0,0,0,0,0,0,0,70000,0,0,0,163000,93000,70000,70000
059256,臺股指凱基99購34,0,0,0,0,0,0,0,0,0,70000,0,0,0,131000,61000,70000,70000
06234P,亞德客元大97售02,0,0,0,0,0,0,0,0,0,69000,0,0,0,69000,0,69000,69000
053627,宏碁兆豐97購01  ,0,0,0,0,0,0,0,0,0,69000,0,0,0,69000,0,69000,69000
051575,國巨元大96購03  ,0,0,0,0,0,0,0,0,0,69000,0,0,0,69000,0,69000,69000
056071,創意元大97購02  ,0,0,0,0,0,0,0,0,0,69000,0,0,0,69000,0,69000,69000
058450,旺宏永豐99購01  ,0,0,0,0,0,0,0,0,0,69000,0,0,0,185000,116000,69000,69000
058550,南亞科永豐99購01,0,0,0,0,0,0,0,0,0,69000,0,0,0,159000,90000,69000,69000
058751,南茂凱基9A購01  ,0,0,0,0,0,0,0,0,0,69000,0,0,0,124000,55000,69000,69000
06654P,欣興元大98售08  ,0,0,0,0,0,0,0,0,0,68000,0,0,0,71000,3000,68000,68000
07358P,鴻海元大99售39  ,0,0,0,0,0,0,0,0,0,68000,0,0,0,110000,42000,68000,68000
050384,嘉澤國票94購02  ,0,0,0,0,0,0,0,0,0,68000,0,0,0,68000,0,68000,68000
058229,為升元大99購02  ,0,0,0,0,0,0,0,0,0,68000,0,0,0,68000,0,68000,68000
056639,國產康和98購01  ,0,0,0,0,0,0,0,0,0,68000,0,0,0,68000,0,68000,68000
056519,創意國票99購01  ,0,0,0,0,0,0,0,0,0,68000,0,0,0,270000,202000,68000,68000
054957,興富發元大97購01,0,0,0,0,0,0,0,0,0,68000,0,0,0,68000,0,68000,68000
057108,潤泰全群益98購01,0,0,0,0,0,0,0,0,0,68000,0,0,0,168000,100000,68000,68000
059115,美食永豐99購01  ,0,0,0,0,0,0,0,0,0,68000,0,0,0,82000,14000,68000,68000
3311,閎暉            ,64000,0,64000,0,0,0,0,0,0,3000,3000,0,3000,0,0,0,67000
2480,敦陽科          ,87000,64000,23000,0,0,0,0,0,0,44000,50000,6000,44000,0,0,0,67000
4766,南寶            ,203000,159000,44000,0,0,0,13000,0,13000,10000,10000,0,10000,0,0,0,67000
060022,勤誠康和99購01  ,0,0,0,0,0,0,0,0,0,67000,0,0,0,99000,32000,67000,67000
059641,群創凱基99購06  ,0,0,0,0,0,0,0,0,0,67000,0,0,0,79000,12000,67000,67000
059539,緯穎凱基99購03  ,0,0,0,0,0,0,0,0,0,67000,0,0,0,84000,17000,67000,67000
053910,嘉聯益凱基98購01,0,0,0,0,0,0,0,0,0,67000,0,0,0,97000,30000,67000,67000
051493,台郡凱基95購02  ,0,0,0,0,0,0,0,0,0,67000,0,0,0,67000,0,67000,67000
046937,聯電元大99購01  ,0,0,0,0,0,0,0,0,0,67000,0,0,0,91000,24000,67000,67000
058600,國巨元大99購15  ,0,0,0,0,0,0,0,0,0,67000,0,0,0,67000,0,67000,67000
059162,國巨凱基99購12  ,0,0,0,0,0,0,0,0,0,67000,0,0,0,125000,58000,67000,67000
056836,國巨元富98購01  ,0,0,0,0,0,0,0,0,0,67000,0,0,0,67000,0,67000,67000
055566,台表科凱基97購03,0,0,0,0,0,0,0,0,0,67000,0,0,0,67000,0,67000,67000
2102,泰豐            ,154000,88000,66000,0,0,0,0,0,0,0,0,0,0,0,0,0,66000
048707,南電國票95購01  ,0,0,0,0,0,0,0,0,0,66000,0,0,0,66000,0,66000,66000
051380,禾伸堂群益95購01,0,0,0,0,0,0,0,0,0,66000,0,0,0,66000,0,66000,66000
048271,可成富邦95購02  ,0,0,0,0,0,0,0,0,0,66000,0,0,0,66000,0,66000,66000
03677C,臺股指元大05牛02,0,0,0,0,0,0,0,0,0,66000,0,0,0,75000,9000,66000,66000
051014,智邦凱基95購01  ,0,0,0,0,0,0,0,0,0,66000,0,0,0,66000,0,66000,66000
054211,奇鋐國票97購03  ,0,0,0,0,0,0,0,0,0,66000,0,0,0,66000,0,66000,66000
054027,欣興凱基96購04  ,0,0,0,0,0,0,0,0,0,66000,0,0,0,66000,0,66000,66000
055808,世紀鋼永豐97購01,0,0,0,0,0,0,0,0,0,66000,0,0,0,66000,0,66000,66000
058521,日月光元大99購01,0,0,0,0,0,0,0,0,0,66000,0,0,0,86000,20000,66000,66000
056069,新日興元大97購03,0,0,0,0,0,0,0,0,0,66000,0,0,0,66000,0,66000,66000
057429,華新科兆豐98購03,0,0,0,0,0,0,0,0,0,66000,0,0,0,66000,0,66000,66000
059169,可成凱基99購04  ,0,0,0,0,0,0,0,0,0,66000,0,0,0,75000,9000,66000,66000
3018,同開            ,79000,14000,65000,0,0,0,0,0,0,0,0,0,0,0,0,0,65000
059648,台表科凱基99購03,0,0,0,0,0,0,0,0,0,65000,0,0,0,75000,10000,65000,65000
059786,全新元大99購06  ,0,0,0,0,0,0,0,0,0,65000,0,0,0,115000,50000,65000,65000
051721,玉晶光永豐96購02,0,0,0,0,0,0,0,0,0,65000,0,0,0,95000,30000,65000,65000
053318,全新群益99購01  ,0,0,0,0,0,0,0,0,0,65000,0,0,0,65000,0,65000,65000
051245,南亞科元大95購01,0,0,0,0,0,0,0,0,0,65000,0,0,0,65000,0,65000,65000
059121,瑞儀永豐99購01  ,0,0,0,0,0,0,0,0,0,65000,0,0,0,541000,476000,65000,65000
058324,嘉聯益永豐9A購01,0,0,0,0,0,0,0,0,0,65000,0,0,0,182000,117000,65000,65000
054391,宏達電元富96購04,0,0,0,0,0,0,0,0,0,64000,0,0,0,198000,134000,64000,64000
053123,京元電凱基96購01,0,0,0,0,0,0,0,0,0,64000,0,0,0,231000,167000,64000,64000
057820,華擎元大98購02  ,0,0,0,0,0,0,0,0,0,64000,0,0,0,132000,68000,64000,64000
057917,台積電凱基98購17,0,0,0,0,0,0,0,0,0,64000,0,0,0,64000,0,64000,64000
059389,國巨凱基99購14  ,0,0,0,0,0,0,0,0,0,64000,0,0,0,169000,105000,64000,64000
05669P,嘉晶永豐96售03  ,0,0,0,0,0,0,0,0,0,64000,0,0,0,64000,0,64000,64000
056616,台光電永豐98購01,0,0,0,0,0,0,0,0,0,64000,0,0,0,125000,61000,64000,64000
056655,旺宏元大99購02  ,0,0,0,0,0,0,0,0,0,64000,0,0,0,106000,42000,64000,64000
058797,大毅元大99購03  ,0,0,0,0,0,0,0,0,0,64000,0,0,0,106000,42000,64000,64000
044475,國巨元富95購02  ,0,0,0,0,0,0,0,0,0,63000,0,0,0,63000,0,63000,63000
058826,台積電永豐99購02,0,0,0,0,0,0,0,0,0,63000,0,0,0,77000,14000,63000,63000
058077,超眾凱基98購02  ,0,0,0,0,0,0,0,0,0,63000,0,0,0,83000,20000,63000,63000
058051,同欣電元大98購03,0,0,0,0,0,0,0,0,0,63000,0,0,0,154000,91000,63000,63000
055009,合勤控元富97購01,0,0,0,0,0,0,0,0,0,63000,0,0,0,63000,0,63000,63000
058266,宏達電永豐99購01,0,0,0,0,0,0,0,0,0,63000,0,0,0,69000,6000,63000,63000
059663,旭富元大9C購02  ,0,0,0,0,0,0,0,0,0,62000,0,0,0,149000,87000,62000,62000
060008,華邦電群益9A購01,0,0,0,0,0,0,0,0,0,62000,0,0,0,62000,0,62000,62000
059945,嘉澤永豐99購03  ,0,0,0,0,0,0,0,0,0,62000,0,0,0,201000,139000,62000,62000
5706,鳳凰            ,72000,10000,62000,0,0,0,0,0,0,0,0,0,0,0,0,0,62000
00728,第一金工業30    ,0,0,0,0,0,0,0,0,0,62000,0,0,0,682000,620000,62000,62000
052103,台積電兆豐95購06,0,0,0,0,0,0,0,0,0,62000,0,0,0,62000,0,62000,62000
054594,國巨麥證97購01  ,0,0,0,0,0,0,0,0,0,62000,0,0,0,62000,0,62000,62000
052515,矽力凱基95購02  ,0,0,0,0,0,0,0,0,0,62000,0,0,0,82000,20000,62000,62000
058340,高股息群益99購01,0,0,0,0,0,0,0,0,0,62000,0,0,0,62000,0,62000,62000
055160,玉晶光元大99購03,0,0,0,0,0,0,0,0,0,62000,0,0,0,62000,0,62000,62000
060251,易華電元大9C購01,0,0,0,0,0,0,0,0,0,61000,0,0,0,99000,38000,61000,61000
054718,可成永豐97購01  ,0,0,0,0,0,0,0,0,0,61000,0,0,0,64000,3000,61000,61000
058575,智邦群益99購01  ,0,0,0,0,0,0,0,0,0,61000,0,0,0,118000,57000,61000,61000
057466,泰鼎永豐98購01  ,0,0,0,0,0,0,0,0,0,61000,0,0,0,93000,32000,61000,61000
2208,台船            ,238451,178000,60451,0,0,0,0,0,0,0,0,0,0,0,0,0,60451
6209,今國光          ,142000,82000,60000,0,0,0,0,0,0,0,0,0,0,0,0,0,60000
2832,台產            ,70000,10000,60000,0,0,0,0,0,0,0,0,0,0,0,0,0,60000
06072P,牧德永豐97售01  ,0,0,0,0,0,0,0,0,0,60000,0,0,0,60000,0,60000,60000
059630,美律凱基99購07  ,0,0,0,0,0,0,0,0,0,60000,0,0,0,61000,1000,60000,60000
059575,臺股指凱基99購41,0,0,0,0,0,0,0,0,0,60000,0,0,0,60000,0,60000,60000
053587,京元電元大98購01,0,0,0,0,0,0,0,0,0,60000,0,0,0,60000,0,60000,60000
051801,牧德永豐95購04  ,0,0,0,0,0,0,0,0,0,60000,0,0,0,100000,40000,60000,60000
053204,旺宏麥證96購01  ,0,0,0,60000,0,60000,0,0,0,60000,0,0,0,60000,0,60000,60000
053549,南亞科凱基96購02,0,0,0,0,0,0,0,0,0,60000,0,0,0,60000,0,60000,60000
057863,美律凱基9A購01  ,0,0,0,0,0,0,0,0,0,60000,0,0,0,75000,15000,60000,60000
046572,貿聯國泰94購01  ,0,0,0,0,0,0,0,0,0,60000,0,0,0,60000,0,60000,60000
047886,京元電富邦95購01,0,0,0,0,0,0,0,0,0,60000,0,0,0,60000,0,60000,60000
047825,道瓊反元大96購01,0,0,0,0,0,0,0,0,0,60000,0,0,0,60000,0,60000,60000
051383,京鼎群益96購02  ,0,0,0,0,0,0,0,0,0,60000,0,0,0,60000,0,60000,60000
051531,國巨國票96購04  ,0,0,0,0,0,0,0,0,0,60000,0,0,0,170000,110000,60000,60000
050783,旺宏國泰96購02  ,0,0,0,0,0,0,0,0,0,60000,0,0,0,60000,0,60000,60000
057091,華新科元富9A購01,0,0,0,0,0,0,0,0,0,60000,0,0,0,60000,0,60000,60000
058293,光寶科凱基9A購01,0,0,0,0,0,0,0,0,0,60000,0,0,0,68000,8000,60000,60000
056053,和大元大97購05  ,0,0,0,0,0,0,0,0,0,60000,0,0,0,60000,0,60000,60000
056892,旺宏元大9A購02  ,0,0,0,0,0,0,0,0,0,60000,0,0,0,60000,0,60000,60000
055900,瀚宇博中信97購01,0,0,0,0,0,0,0,0,0,60000,0,0,0,60000,0,60000,60000
055118,嘉聯益凱基98購02,0,0,0,0,0,0,0,0,0,60000,0,0,0,65000,5000,60000,60000
055054,群光永豐97購01  ,0,0,0,0,0,0,0,0,0,60000,0,0,0,64000,4000,60000,60000
056734,國巨凱基99購01  ,0,0,0,0,0,0,0,0,0,60000,0,0,0,60000,0,60000,60000
055612,台光電國票97購04,0,0,0,0,0,0,0,0,0,60000,0,0,0,60000,0,60000,60000
057738,旺宏富邦9A購01  ,0,0,0,0,0,0,0,0,0,60000,0,0,0,60000,0,60000,60000
056541,智原凱基98購03  ,0,0,0,0,0,0,0,0,0,60000,0,0,0,60000,0,60000,60000
055716,致茂元大97購01  ,0,0,0,0,0,0,0,0,0,60000,0,0,0,77000,17000,60000,60000
4935,茂林-KY         ,255000,307000,-52000,0,0,0,269000,82000,187000,-76000,48000,90000,-42000,16000,50000,-34000,59000
2010,春源            ,84000,25000,59000,0,0,0,0,0,0,0,0,0,0,0,0,0,59000
1762,中化生          ,156000,97000,59000,0,0,0,0,0,0,0,0,0,0,0,0,0,59000
057795,鴻海兆豐99購02  ,0,0,0,0,0,0,0,0,0,59000,0,0,0,59000,0,59000,59000
053482,矽力元大96購03  ,0,0,0,0,0,0,0,0,0,59000,0,0,0,59000,0,59000,59000
057056,立積元大99購02  ,0,0,0,0,0,0,0,0,0,59000,0,0,0,59000,0,59000,59000
1522,堤維西          ,312000,310000,2000,0,0,0,0,0,0,56000,0,5000,-5000,67000,6000,61000,58000
054421,臺股指元大99購03,0,0,0,0,0,0,0,0,0,58000,0,0,0,58000,0,58000,58000
052922,國巨永豐96購01  ,0,0,0,0,0,0,0,0,0,58000,0,0,0,58000,0,58000,58000
057096,緯穎元富98購01  ,0,0,0,0,0,0,0,0,0,58000,0,0,0,71000,13000,58000,58000
054915,興勤凱基97購01  ,0,0,0,0,0,0,0,0,0,58000,0,0,0,178000,120000,58000,58000
058311,緯穎元大99購05  ,0,0,0,0,0,0,0,0,0,58000,0,0,0,76000,18000,58000,58000
056622,高鐵永豐98購01  ,0,0,0,0,0,0,0,0,0,58000,0,0,0,68000,10000,58000,58000
058743,可成康和99購01  ,0,0,0,0,0,0,0,0,0,58000,0,0,0,68000,10000,58000,58000
057732,牧德國泰9A購01  ,0,0,0,0,0,0,0,0,0,58000,0,0,0,58000,0,58000,58000
1439,中和            ,89000,32000,57000,0,0,0,0,0,0,0,0,0,0,0,0,0,57000
4141,龍燈-KY         ,63000,6000,57000,0,0,0,0,0,0,0,0,0,0,0,0,0,57000
2636,台驊投控        ,91000,34000,57000,0,0,0,0,0,0,0,0,0,0,0,0,0,57000
2467,志聖            ,103000,39000,64000,0,0,0,0,0,0,-7000,0,7000,-7000,0,0,0,57000
059862,全新群益99購04  ,0,0,0,0,0,0,0,0,0,57000,0,0,0,80000,23000,57000,57000
06655P,TPK元大98售02   ,0,0,0,0,0,0,0,0,0,57000,0,0,0,65000,8000,57000,57000
049007,玉晶光中信96購01,0,0,0,0,0,0,0,0,0,57000,0,0,0,57000,0,57000,57000
04452P,超眾國泰95售01  ,0,0,0,0,0,0,0,0,0,57000,0,0,0,57000,0,57000,57000
053643,漢唐國票97購02  ,0,0,0,0,0,0,0,0,0,57000,0,0,0,57000,0,57000,57000
056576,晶技元大99購02  ,0,0,0,0,0,0,0,0,0,57000,0,0,0,57000,0,57000,57000
055507,樺漢元大98購02  ,0,0,0,0,0,0,0,0,0,57000,0,0,0,57000,0,57000,57000
056906,玉晶光元大9B購01,0,0,0,0,0,0,0,0,0,57000,0,0,0,60000,3000,57000,57000
2707,晶華            ,240117,216000,24117,0,0,0,60000,0,60000,-28000,0,28000,-28000,0,0,0,56117
6533,晶心科          ,120000,62000,58000,0,0,0,0,0,0,-2000,0,2000,-2000,0,0,0,56000
1709,和益            ,68000,12000,56000,0,0,0,0,0,0,0,0,0,0,0,0,0,56000
1604,聲寶            ,79000,23000,56000,0,0,0,0,0,0,0,0,0,0,0,0,0,56000
059557,台灣50凱基9C購07,0,0,0,0,0,0,0,0,0,56000,0,0,0,56000,0,56000,56000
053451,致新凱基96購02  ,0,0,0,0,0,0,0,0,0,56000,0,0,0,56000,0,56000,56000
044530,台積電富邦94購01,0,0,0,0,0,0,0,0,0,56000,0,0,0,56000,0,56000,56000
052858,華通凱基97購02  ,0,0,0,0,0,0,0,0,0,56000,0,0,0,66000,10000,56000,56000
057121,立積康和98購01  ,0,0,0,0,0,0,0,0,0,56000,0,0,0,56000,0,56000,56000
055457,聚陽永豐97購01  ,0,0,0,0,0,0,0,0,0,56000,0,0,0,106000,50000,56000,56000
056157,聯詠凱基97購03  ,0,0,0,0,0,0,0,0,0,56000,0,0,0,66000,10000,56000,56000
059982,聯發科元大99購37,0,0,0,0,0,0,0,0,0,55000,0,0,0,87000,32000,55000,55000
06897P,FBVIX群益01售01 ,0,0,0,0,0,0,0,0,0,55000,0,0,0,55000,0,55000,55000
060224,台灣50元大9A購09,0,0,0,0,0,0,0,0,0,55000,0,0,0,55000,0,55000,55000
2514,龍邦            ,92000,37000,55000,0,0,0,0,0,0,0,0,0,0,0,0,0,55000
054417,牧德元大96購01  ,0,0,0,0,0,0,0,0,0,55000,0,0,0,55000,0,55000,55000
049443,元石油統一94購02,0,0,0,0,0,0,0,0,0,55000,0,0,0,55000,0,55000,55000
050451,嘉晶元大95購01  ,0,0,0,0,0,0,0,0,0,55000,0,0,0,55000,0,55000,55000
045054,聯發科元富98購02,0,0,0,0,0,0,0,0,0,55000,0,0,0,55000,0,55000,55000
046574,泰鼎國泰94購01  ,0,0,0,0,0,0,0,0,0,55000,0,0,0,55000,0,55000,55000
00757,統一FANG+       ,0,0,0,0,0,0,0,0,0,55000,0,0,0,256000,201000,55000,55000
00685L,群益臺灣加權正2 ,0,0,0,0,0,0,0,0,0,55000,0,0,0,77000,22000,55000,55000
053723,奇鋐凱基98購01  ,0,0,0,0,0,0,0,0,0,55000,0,0,0,55000,0,55000,55000
054069,亞光國泰98購01  ,0,0,0,0,0,0,0,0,0,55000,0,0,0,55000,0,55000,55000
051871,同欣電凱基95購02,0,0,0,0,0,0,0,0,0,55000,0,0,0,55000,0,55000,55000
058410,國巨兆豐99購03  ,0,0,0,0,0,0,0,0,0,55000,0,0,0,65000,10000,55000,55000
057644,奇力新元大98購04,0,0,0,0,0,0,0,0,0,55000,0,0,0,55000,0,55000,55000
059480,美律群益9A購01  ,0,0,0,0,0,0,0,0,0,54000,0,0,0,55000,1000,54000,54000
052343,同欣電凱基95購03,0,0,0,0,0,0,0,0,0,54000,0,0,0,54000,0,54000,54000
053983,樺漢元大97購02  ,0,0,0,0,0,0,0,0,0,54000,0,0,0,54000,0,54000,54000
058227,台灣50元大9C購01,0,0,0,0,0,0,0,0,0,54000,0,0,0,54000,0,54000,54000
058203,信邦凱基99購01  ,0,0,0,0,0,0,0,0,0,54000,0,0,0,92000,38000,54000,54000
050588,矽創國票95購01  ,0,0,0,0,0,0,0,0,0,54000,0,0,0,55000,1000,54000,54000
055892,國巨統一99購01  ,0,0,0,0,0,0,0,0,0,54000,0,0,0,54000,0,54000,54000
059415,台灣50元大9A購03,0,0,0,0,0,0,0,0,0,54000,0,0,0,54000,0,54000,54000
059282,嘉聯益永豐99購01,0,0,0,0,0,0,0,0,0,54000,0,0,0,114000,60000,54000,54000
056203,興富發永豐97購01,0,0,0,0,0,0,0,0,0,54000,0,0,0,54000,0,54000,54000
060096,聯發科元大99購43,0,0,0,0,0,0,0,0,0,53000,0,0,0,63000,10000,53000,53000
060315,易華電永豐9A購01,0,0,0,0,0,0,0,0,0,53000,0,0,0,98000,45000,53000,53000
1316,上曜            ,117000,63000,54000,0,0,0,0,0,0,-1000,0,1000,-1000,0,0,0,53000
051346,仁寶元大95購01  ,0,0,0,0,0,0,0,0,0,53000,0,0,0,103000,50000,53000,53000
054063,聯茂國票97購02  ,0,0,0,0,0,0,0,0,0,53000,0,0,0,54000,1000,53000,53000
054133,奇力新元大97購04,0,0,0,0,0,0,0,0,0,53000,0,0,0,53000,0,53000,53000
054807,台化元大9A購02  ,0,0,0,0,0,0,0,0,0,53000,0,0,0,80000,27000,53000,53000
054824,同欣電元大97購04,0,0,0,0,0,0,0,0,0,53000,0,0,0,53000,0,53000,53000
056641,華通凱基98購03  ,0,0,0,0,0,0,0,0,0,53000,0,0,0,74000,21000,53000,53000
057725,台達電國泰9A購01,0,0,0,0,0,0,0,0,0,53000,0,0,0,146000,93000,53000,53000
059064,緯穎凱基99購02  ,0,0,0,0,0,0,0,0,0,53000,0,0,0,58000,5000,53000,53000
059051,和大凱基9A購01  ,0,0,0,0,0,0,0,0,0,53000,0,0,0,143000,90000,53000,53000
057251,泰鼎統一98購02  ,0,0,0,0,0,0,0,0,0,53000,0,0,0,53000,0,53000,53000
056788,日月光群益98購01,0,0,0,0,0,0,0,0,0,53000,0,0,0,100000,47000,53000,53000
1537,廣隆            ,123000,73000,50000,0,0,0,0,0,0,2000,2000,0,2000,0,0,0,52000
2731,雄獅            ,64000,12000,52000,0,0,0,0,0,0,0,0,0,0,0,0,0,52000
046390,旺宏統一94購02  ,0,0,0,0,0,0,0,0,0,52000,0,0,0,188000,136000,52000,52000
03657C,T50反1元大99牛01,0,0,0,0,0,0,0,0,0,52000,0,0,0,182000,130000,52000,52000
059203,勤誠永豐99購02  ,0,0,0,0,0,0,0,0,0,52000,0,0,0,132000,80000,52000,52000
057662,上銀元大9A購01  ,0,0,0,0,0,0,0,0,0,52000,0,0,0,52000,0,52000,52000
057717,友訊元富98購02  ,0,0,0,0,0,0,0,0,0,52000,0,0,0,53000,1000,52000,52000
2485,兆赫            ,233000,137000,96000,0,0,0,0,0,0,-45000,0,28000,-28000,0,17000,-17000,51000
3346,麗清            ,63000,12000,51000,0,0,0,0,0,0,0,0,0,0,0,0,0,51000
06593P,欣興元大98售05  ,0,0,0,0,0,0,0,0,0,51000,0,0,0,51000,0,51000,51000
060094,聯發科元大99購41,0,0,0,0,0,0,0,0,0,51000,0,0,0,64000,13000,51000,51000
059833,緯穎康和99購01  ,0,0,0,0,0,0,0,0,0,51000,0,0,0,91000,40000,51000,51000
059513,揚明光永豐99購01,0,0,0,0,0,0,0,0,0,51000,0,0,0,59000,8000,51000,51000
059626,台積電凱基01購01,0,0,0,0,0,0,0,0,0,51000,0,0,0,116000,65000,51000,51000
053457,旺宏國泰98購03  ,0,0,0,0,0,0,0,0,0,51000,0,0,0,51000,0,51000,51000
052180,緯穎元大96購05  ,0,0,0,0,0,0,0,0,0,51000,0,0,0,348000,297000,51000,51000
055627,亞德客永豐97購02,0,0,0,0,0,0,0,0,0,51000,0,0,0,59000,8000,51000,51000
058799,晶技元大99購04  ,0,0,0,0,0,0,0,0,0,51000,0,0,0,51000,0,51000,51000
054942,凱美元大97購02  ,0,0,0,0,0,0,0,0,0,51000,0,0,0,51000,0,51000,51000
054852,奇鋐國票98購01  ,0,0,0,0,0,0,0,0,0,51000,0,0,0,108000,57000,51000,51000
054892,彩晶統一99購01  ,0,0,0,0,0,0,0,0,0,51000,0,0,0,51000,0,51000,51000
059989,嘉晶元大9A購01  ,0,0,0,0,0,0,0,0,0,50000,0,0,0,145000,95000,50000,50000
1589,永冠-KY         ,72000,61000,11000,0,0,0,0,0,0,39000,39000,0,39000,0,0,0,50000
2420,新巨            ,74000,24000,50000,0,0,0,0,0,0,0,0,0,0,0,0,0,50000
07407P,欣興凱基99售07  ,0,0,0,0,0,0,0,0,0,50000,0,0,0,176000,126000,50000,50000
053495,聯發科兆豐96購02,0,0,0,0,0,0,0,0,0,50000,0,0,0,50000,0,50000,50000
054142,致伸元大97購01  ,0,0,0,0,0,0,0,0,0,50000,0,0,0,50000,0,50000,50000
054131,南亞科元大96購04,0,0,0,0,0,0,0,0,0,50000,0,0,0,50000,0,50000,50000
054132,聯發科元大97購10,0,0,0,0,0,0,0,0,0,50000,0,0,0,50000,0,50000,50000
054047,富邦金元大97購01,0,0,0,0,0,0,0,0,0,50000,0,0,0,50000,0,50000,50000
053890,華新科群益98購01,0,0,0,0,0,0,0,0,0,50000,0,0,0,50000,0,50000,50000
053956,旺宏永豐96購04  ,0,0,0,0,0,0,0,0,0,50000,0,0,0,50000,0,50000,50000
058169,國巨凱基9A購05  ,0,0,0,0,0,0,0,0,0,50000,0,0,0,50000,0,50000,50000
057803,上銀元大98購08  ,0,0,0,0,0,0,0,0,0,50000,0,0,0,50000,0,50000,50000
057823,神達元大98購01  ,0,0,0,0,0,0,0,0,0,50000,0,0,0,50000,0,50000,50000
057945,京鼎國票99購03  ,0,0,0,0,0,0,0,0,0,50000,0,0,0,50000,0,50000,50000
057927,勤誠凱基98購01  ,0,0,0,0,0,0,0,0,0,50000,0,0,0,163000,113000,50000,50000
053423,亞光永豐96購01  ,0,0,0,0,0,0,0,0,0,50000,0,0,0,50000,0,50000,50000
053404,致新群益96購01  ,0,0,0,0,0,0,0,0,0,50000,0,0,0,50000,0,50000,50000
054749,聯茂凱基98購01  ,0,0,0,0,0,0,0,0,0,50000,0,0,0,50000,0,50000,50000
053353,玉晶光兆豐97購03,0,0,0,0,0,0,0,0,0,50000,0,0,0,50000,0,50000,50000
052747,京鼎元大97購01  ,0,0,0,0,0,0,0,0,0,50000,0,0,0,50000,0,50000,50000
052808,矽力元大96購02  ,0,0,0,0,0,0,0,0,0,50000,0,0,0,50000,0,50000,50000
053234,奇鋐永豐96購01  ,0,0,0,0,0,0,0,0,0,50000,0,0,0,56000,6000,50000,50000
053264,南亞科群益96購01,0,0,0,0,0,0,0,0,0,50000,0,0,0,50000,0,50000,50000
051762,國泰金元大95購01,0,0,0,0,0,0,0,0,0,50000,0,0,0,50000,0,50000,50000
053274,旺宏元大98購03  ,0,0,0,0,0,0,0,0,0,50000,0,0,0,50000,0,50000,50000
051749,矽力國泰97購01  ,0,0,0,0,0,0,0,0,0,50000,0,0,0,50000,0,50000,50000
051696,新日興中信96購01,0,0,0,0,0,0,0,0,0,50000,0,0,0,50000,0,50000,50000
04768P,大立光國泰96售03,0,0,0,0,0,0,0,0,0,50000,0,0,0,50000,0,50000,50000
048010,嘉聯益富邦97購01,0,0,0,0,0,0,0,0,0,50000,0,0,0,50000,0,50000,50000
047202,欣興元富96購01  ,0,0,0,0,0,0,0,0,0,50000,0,0,0,50000,0,50000,50000
05101P,大立光凱基95售11,0,0,0,0,0,0,0,0,0,50000,0,0,0,50000,0,50000,50000
050911,光磊中信98購01  ,0,0,0,0,0,0,0,0,0,50000,0,0,0,50000,0,50000,50000
042168,台灣50凱基96購01,0,0,0,0,0,0,0,0,0,50000,0,0,0,50000,0,50000,50000
051113,聯電元富95購01  ,0,0,0,0,0,0,0,0,0,50000,0,0,0,250000,200000,50000,50000
051120,南亞科群益95購01,0,0,0,0,0,0,0,0,0,50000,0,0,0,50000,0,50000,50000
050362,深中小元大94購04,0,0,0,0,0,0,0,0,0,50000,0,0,0,50000,0,50000,50000
050786,健策國泰96購01  ,0,0,0,0,0,0,0,0,0,50000,0,0,0,50000,0,50000,50000
051578,智邦元大96購01  ,0,0,0,0,0,0,0,0,0,50000,0,0,0,50000,0,50000,50000
051491,貿聯凱基95購01  ,0,0,0,0,0,0,0,0,0,50000,0,0,0,50000,0,50000,50000
054381,世芯群益98購01  ,0,0,0,0,0,0,0,0,0,50000,0,0,0,50000,0,50000,50000
054323,旺宏台新96購02  ,0,0,0,0,0,0,0,0,0,50000,0,0,0,50000,0,50000,50000
054325,奇力新台新97購03,0,0,0,0,0,0,0,0,0,50000,0,0,0,2150000,2100000,50000,50000
052917,大立光富邦99購02,0,0,0,0,0,0,0,0,0,50000,0,0,0,50000,0,50000,50000
054275,華通群益97購03  ,0,0,0,0,0,0,0,0,0,50000,0,0,0,50000,0,50000,50000
049931,矽力元大94購01  ,0,0,0,0,0,0,0,0,0,50000,0,0,0,50000,0,50000,50000
057187,群創元大9B購04  ,0,0,0,0,0,0,0,0,0,50000,0,0,0,50000,0,50000,50000
056783,國巨群益99購01  ,0,0,0,0,0,0,0,0,0,50000,0,0,0,50000,0,50000,50000
056009,奇力新中信98購03,0,0,0,0,0,0,0,0,0,50000,0,0,0,50000,0,50000,50000
055911,可成凱基98購02  ,0,0,0,0,0,0,0,0,0,50000,0,0,0,58000,8000,50000,50000
055945,上証2X元大97購04,0,0,0,0,0,0,0,0,0,50000,0,0,0,50000,0,50000,50000
056915,上銀兆豐99購01  ,0,0,0,0,0,0,0,0,0,50000,0,0,0,100000,50000,50000,50000
056993,GIS兆豐99購01   ,0,0,0,0,0,0,0,0,0,50000,0,0,0,50000,0,50000,50000
059305,台灣50元大99購02,0,0,0,0,0,0,0,0,0,50000,0,0,0,50000,0,50000,50000
059325,超眾元大99購05  ,0,0,0,0,0,0,0,0,0,50000,0,0,0,55000,5000,50000,50000
059333,滬深2X國票9A購03,0,0,0,0,0,0,0,0,0,50000,0,0,0,60000,10000,50000,50000
058815,華新科台新99購03,0,0,0,0,0,0,0,0,0,50000,0,0,0,50000,0,50000,50000
05895P,奇力新群益96售03,0,0,0,0,0,0,0,0,0,50000,0,0,0,50000,0,50000,50000
056678,力成元富98購01  ,0,0,0,0,0,0,0,0,0,50000,0,0,0,50000,0,50000,50000
055690,矽力凱基97購02  ,0,0,0,0,0,0,0,0,0,50000,0,0,0,50000,0,50000,50000
056501,貿聯富邦99購01  ,0,0,0,0,0,0,0,0,0,50000,0,0,0,50000,0,50000,50000
055604,訊芯元大98購02  ,0,0,0,0,0,0,0,0,0,50000,0,0,0,50000,0,50000,50000
055585,國巨元大98購08  ,0,0,0,0,0,0,0,0,0,50000,0,0,0,50000,0,50000,50000
055516,上銀中信97購01  ,0,0,0,0,0,0,0,0,0,50000,0,0,0,50000,0,50000,50000
056571,燿華元大98購02  ,0,0,0,0,0,0,0,0,0,50000,0,0,0,50000,0,50000,50000
057562,奇鋐兆豐98購01  ,0,0,0,0,0,0,0,0,0,50000,0,0,0,142000,92000,50000,50000
056324,南亞科兆豐98購01,0,0,0,0,0,0,0,0,0,50000,0,0,0,50000,0,50000,50000
056451,可成凱基99購01  ,0,0,0,0,0,0,0,0,0,50000,0,0,0,50000,0,50000,50000
056470,旺宏元大99購01  ,0,0,0,0,0,0,0,0,0,50000,0,0,0,50000,0,50000,50000
056422,全新統一98購02  ,0,0,0,0,0,0,0,0,0,50000,0,0,0,191000,141000,50000,50000
056757,T50反1元大98購07,0,0,0,0,0,0,0,0,0,50000,0,0,0,110000,60000,50000,50000
054988,凱美元富97購02  ,0,0,0,0,0,0,0,0,0,50000,0,0,0,50000,0,50000,50000
055277,旺宏元大97購04  ,0,0,0,0,0,0,0,0,0,50000,0,0,0,50000,0,50000,50000
055336,茂林兆豐98購01  ,0,0,0,0,0,0,0,0,0,50000,0,0,0,80000,30000,50000,50000
055349,京元電凱基97購02,0,0,0,0,0,0,0,0,0,50000,0,0,0,195000,145000,50000,50000
07281P,鴻海凱基99售13  ,0,0,0,0,0,0,0,0,0,49000,0,0,0,481000,432000,49000,49000
07223P,鴻海元大99售29  ,0,0,0,0,0,0,0,0,0,49000,0,0,0,49000,0,49000,49000
2488,漢平            ,71000,22000,49000,0,0,0,0,0,0,0,0,0,0,0,0,0,49000
059614,致新永豐99購01  ,0,0,0,0,0,0,0,0,0,49000,0,0,0,253000,204000,49000,49000
052916,華新科富邦96購01,0,0,0,0,0,0,0,0,0,49000,0,0,0,49000,0,49000,49000
048533,景碩國票94購01  ,0,0,0,0,0,0,0,0,0,49000,0,0,0,49000,0,49000,49000
050940,嘉澤國票95購01  ,0,0,0,0,0,0,0,0,0,49000,0,0,0,55000,6000,49000,49000
03416B,臺股指凱基95熊05,0,0,0,0,0,0,0,0,0,49000,0,0,0,56000,7000,49000,49000
00665L,富邦恒生國企正2 ,96000,67000,29000,0,0,0,0,0,0,20000,0,0,0,119000,99000,20000,49000
00660,元大歐洲50      ,0,0,0,0,0,0,0,0,0,49000,0,0,0,206000,157000,49000,49000
054076,義隆第一96購01  ,0,0,0,0,0,0,0,0,0,49000,0,0,0,52000,3000,49000,49000
052067,中磊兆豐96購01  ,0,0,0,0,0,0,0,0,0,49000,0,0,0,49000,0,49000,49000
054955,宏達電元大98購01,0,0,0,0,0,0,0,0,0,49000,0,0,0,49000,0,49000,49000
058474,鴻海凱基9A購06  ,0,0,0,0,0,0,0,0,0,49000,0,0,0,49000,0,49000,49000
059247,可成凱基99購05  ,0,0,0,0,0,0,0,0,0,49000,0,0,0,133000,84000,49000,49000
056911,緯穎元大99購01  ,0,0,0,0,0,0,0,0,0,49000,0,0,0,50000,1000,49000,49000
060133,牧德群益9B購01  ,0,0,0,0,0,0,0,0,0,48000,0,0,0,184000,136000,48000,48000
059888,華新科國票99購03,0,0,0,0,0,0,0,0,0,48000,0,0,0,98000,50000,48000,48000
6283,淳安            ,66000,18000,48000,0,0,0,0,0,0,0,0,0,0,0,0,0,48000
1702,南僑            ,159000,111000,48000,0,0,0,0,0,0,0,0,0,0,0,0,0,48000
053422,可成永豐96購01  ,0,0,0,0,0,0,0,0,0,48000,0,0,0,50000,2000,48000,48000
059240,台積電凱基9A購09,0,0,0,0,0,0,0,0,0,48000,0,0,0,71000,23000,48000,48000
057243,樺漢凱基99購01  ,0,0,0,0,0,0,0,0,0,48000,0,0,0,128000,80000,48000,48000
055380,智易元大98購02  ,0,0,0,0,0,0,0,0,0,48000,0,0,0,66000,18000,48000,48000
056202,國揚永豐97購01  ,0,0,0,0,0,0,0,0,0,48000,0,0,0,116000,68000,48000,48000
07435P,台積電富邦9C售07,0,0,0,0,0,0,0,0,0,47000,0,0,0,64000,17000,47000,47000
6183,關貿            ,86000,39000,47000,0,0,0,0,0,0,0,0,0,0,0,0,0,47000
2547,日勝生          ,798000,751000,47000,0,0,0,0,0,0,0,0,0,0,0,0,0,47000
2545,皇翔            ,93000,46000,47000,0,0,0,0,0,0,0,0,0,0,0,0,0,47000
2838A,聯邦銀甲特      ,5000,0,5000,0,0,0,0,0,0,42000,42000,0,42000,0,0,0,47000
3588,通嘉            ,87000,40000,47000,0,0,0,0,0,0,0,0,0,0,0,0,0,47000
060127,牧德永豐99購02  ,0,0,0,0,0,0,0,0,0,47000,0,0,0,317000,270000,47000,47000
059553,台灣50凱基99購05,0,0,0,0,0,0,0,0,0,47000,0,0,0,52000,5000,47000,47000
05246P,南電元大95售04  ,0,0,0,0,0,0,0,0,0,47000,0,0,0,47000,0,47000,47000
058211,國巨群益9A購02  ,0,0,0,0,0,0,0,0,0,47000,0,0,0,47000,0,47000,47000
055381,茂林元大97購02  ,0,0,0,0,0,0,0,0,0,47000,0,0,0,47000,0,47000,47000
055192,世芯元富97購01  ,0,0,0,0,0,0,0,0,0,47000,0,0,0,97000,50000,47000,47000
057690,美律凱基99購03  ,0,0,0,0,0,0,0,0,0,47000,0,0,0,47000,0,47000,47000
057268,臻鼎兆豐99購01  ,0,0,0,0,0,0,0,0,0,47000,0,0,0,173000,126000,47000,47000
057419,奇力新凱基98購06,0,0,0,0,0,0,0,0,0,47000,0,0,0,47000,0,47000,47000
056810,群創統一9A購01  ,0,0,0,0,0,0,0,0,0,47000,0,0,0,47000,0,47000,47000
059357,華通永豐99購01  ,0,0,0,0,0,0,0,0,0,47000,0,0,0,82000,35000,47000,47000
058614,台郡元大9A購01  ,0,0,0,0,0,0,0,0,0,47000,0,0,0,47000,0,47000,47000
060110,茂林元大99購06  ,0,0,0,0,0,0,0,0,0,46000,0,0,0,46000,0,46000,46000
060360,南亞科元富9A購02,0,0,0,0,0,0,0,0,0,46000,0,0,0,570000,524000,46000,46000
6189,豐藝            ,97000,51000,46000,0,0,0,0,0,0,0,0,0,0,0,0,0,46000
07283P,華新科凱基99售07,0,0,0,0,0,0,0,0,0,46000,0,0,0,46000,0,46000,46000
2431,聯昌            ,54000,8000,46000,0,0,0,0,0,0,0,0,0,0,0,0,0,46000
057758,鴻海凱基99購03  ,0,0,0,0,0,0,0,0,0,46000,0,0,0,100000,54000,46000,46000
057853,旺宏國票99購05  ,0,0,0,0,0,0,0,0,0,46000,0,0,0,46000,0,46000,46000
051808,美律凱基96購02  ,0,0,0,0,0,0,0,0,0,46000,0,0,0,46000,0,46000,46000
053091,同欣電元大96購01,0,0,0,0,0,0,0,0,0,46000,0,0,0,46000,0,46000,46000
049436,義隆國泰96購02  ,0,0,0,0,0,0,0,0,0,46000,0,0,0,66000,20000,46000,46000
055935,創意群益97購02  ,0,0,0,0,0,0,0,0,0,46000,0,0,0,293000,247000,46000,46000
057299,立積永豐98購02  ,0,0,0,0,0,0,0,0,0,46000,0,0,0,52000,6000,46000,46000
055404,超眾元富97購01  ,0,0,0,0,0,0,0,0,0,46000,0,0,0,50000,4000,46000,46000
1304,台聚            ,619000,574000,45000,0,0,0,0,0,0,0,0,0,0,0,0,0,45000
4526,東台            ,110000,65000,45000,0,0,0,0,0,0,0,0,0,0,0,0,0,45000
2882B,國泰金乙特      ,8000,0,8000,0,0,0,0,0,0,37000,37000,0,37000,0,0,0,45000
2493,揚博            ,59000,14000,45000,0,0,0,0,0,0,0,0,0,0,0,0,0,45000
049600,緯穎元大95購02  ,0,0,0,0,0,0,0,0,0,45000,0,0,0,50000,5000,45000,45000
05036P,義隆元大95售03  ,0,0,0,0,0,0,0,0,0,45000,0,0,0,78000,33000,45000,45000
042317,台灣50永豐96購01,0,0,0,0,0,0,0,0,0,45000,0,0,0,45000,0,45000,45000
051390,京元電兆豐95購01,0,0,0,0,0,0,0,0,0,45000,0,0,0,400000,355000,45000,45000
051086,鴻海元大96購04  ,0,0,0,0,0,0,0,0,0,45000,0,0,0,45000,0,45000,45000
054567,拓凱群益98購01  ,0,0,0,0,0,0,0,0,0,45000,0,0,0,411000,366000,45000,45000
05194P,玉晶光康和95售01,0,0,0,0,0,0,0,0,0,45000,0,0,0,45000,0,45000,45000
052790,智邦兆豐97購01  ,0,0,0,0,0,0,0,0,0,45000,0,0,0,45000,0,45000,45000
053389,彩晶元大98購01  ,0,0,0,0,0,0,0,0,0,45000,0,0,0,45000,0,45000,45000
053347,茂林國票98購01  ,0,0,0,0,0,0,0,0,0,45000,0,0,0,150000,105000,45000,45000
055034,建準富邦99購01  ,0,0,0,0,0,0,0,0,0,45000,0,0,0,45000,0,45000,45000
058982,台積電凱基99購08,0,0,0,0,0,0,0,0,0,45000,0,0,0,45000,0,45000,45000
056227,奇力新凱基98購04,0,0,0,0,0,0,0,0,0,45000,0,0,0,45000,0,45000,45000
056363,華新科元大99購04,0,0,0,0,0,0,0,0,0,45000,0,0,0,45000,0,45000,45000
056575,禾伸堂元大99購01,0,0,0,0,0,0,0,0,0,45000,0,0,0,45000,0,45000,45000
056511,超眾永豐98購01  ,0,0,0,0,0,0,0,0,0,45000,0,0,0,55000,10000,45000,45000
2464,盟立            ,162000,118000,44000,0,0,0,0,0,0,0,0,0,0,0,0,0,44000
4977,眾達-KY         ,301000,228000,73000,0,0,0,0,0,0,-29000,0,29000,-29000,0,0,0,44000
06050P,玉晶光國票98售01,0,0,0,0,0,0,0,0,0,44000,0,0,0,63000,19000,44000,44000
059629,友達凱基99購06  ,0,0,0,0,0,0,0,0,0,44000,0,0,0,129000,85000,44000,44000
059574,台表科凱基99購02,0,0,0,0,0,0,0,0,0,44000,0,0,0,45000,1000,44000,44000
057806,國巨元大98購20  ,0,0,0,0,0,0,0,0,0,44000,0,0,0,44000,0,44000,44000
052885,高鐵兆豐98購01  ,0,0,0,0,0,0,0,0,0,44000,0,0,0,508000,464000,44000,44000
057174,南亞科元大98購05,0,0,0,0,0,0,0,0,0,44000,0,0,0,44000,0,44000,44000
056876,群創凱基98購11  ,0,0,0,0,0,0,0,0,0,44000,0,0,0,44000,0,44000,44000
055882,嘉聯益元富97購01,0,0,0,0,0,0,0,0,0,44000,0,0,0,156000,112000,44000,44000
059058,可成凱基9B購01  ,0,0,0,0,0,0,0,0,0,44000,0,0,0,66000,22000,44000,44000
059760,楠梓電永豐99購01,0,0,0,0,0,0,0,0,0,43000,0,0,0,249000,206000,43000,43000
059990,健策元大9A購01  ,0,0,0,0,0,0,0,0,0,43000,0,0,0,57000,14000,43000,43000
5243,乙盛-KY         ,210000,202000,8000,0,0,0,0,0,0,35000,35000,0,35000,0,0,0,43000
2727,王品            ,97000,54000,43000,0,0,0,0,0,0,0,0,0,0,0,0,0,43000
2614,東森            ,252000,209000,43000,0,0,0,0,0,0,0,0,0,0,0,0,0,43000
3356,奇偶            ,85000,42000,43000,0,0,0,0,0,0,0,0,0,0,0,0,0,43000
1611,中電            ,109000,66000,43000,0,0,0,0,0,0,0,0,0,0,0,0,0,43000
1731,美吾華          ,50000,7000,43000,0,0,0,0,0,0,0,0,0,0,0,0,0,43000
1410,南染            ,45000,2000,43000,0,0,0,0,0,0,0,0,0,0,0,0,0,43000
054197,台積電永昌96購07,0,0,0,0,0,0,0,0,0,43000,0,0,0,43000,0,43000,43000
054737,京元電凱基99購01,0,0,0,0,0,0,0,0,0,43000,0,0,0,43000,0,43000,43000
054808,東元元大9A購01  ,0,0,0,0,0,0,0,0,0,43000,0,0,0,43000,0,43000,43000
054708,華通統一97購02  ,0,0,0,0,0,0,0,0,0,43000,0,0,0,43000,0,43000,43000
059412,臺股指國票99購18,0,0,0,0,0,0,0,0,0,43000,0,0,0,43000,0,43000,43000
059237,鴻海凱基9A購10  ,0,0,0,0,0,0,0,0,0,43000,0,0,0,95000,52000,43000,43000
059178,臺股指凱基99購30,0,0,0,0,0,0,0,0,0,43000,0,0,0,58000,15000,43000,43000
054926,神達凱基98購01  ,0,0,0,0,0,0,0,0,0,43000,0,0,0,43000,0,43000,43000
055696,華新科國票98購01,0,0,0,0,0,0,0,0,0,43000,0,0,0,43000,0,43000,43000
056580,泰鼎元大9A購01  ,0,0,0,0,0,0,0,0,0,43000,0,0,0,43000,0,43000,43000
060093,友達元大03購01  ,0,0,0,0,0,0,0,0,0,42000,0,0,0,114000,72000,42000,42000
060250,台表科元大9A購01,0,0,0,0,0,0,0,0,0,42000,0,0,0,158000,116000,42000,42000
05266P,華新科元大95售11,0,0,0,0,0,0,0,0,0,42000,0,0,0,62000,20000,42000,42000
054042,華泰元大96購01  ,0,0,0,0,0,0,0,0,0,42000,0,0,0,52000,10000,42000,42000
054290,奇力新元大96購05,0,0,0,0,0,0,0,0,0,42000,0,0,0,42000,0,42000,42000
049252,國巨元大96購01  ,0,0,0,0,0,0,0,0,0,42000,0,0,0,42000,0,42000,42000
049255,旺宏元大97購02  ,0,0,0,0,0,0,0,0,0,42000,0,0,0,116000,74000,42000,42000
048733,台勝科麥證95購02,0,0,0,42000,0,42000,0,0,0,42000,0,0,0,42000,0,42000,42000
056469,國巨元大99購01  ,0,0,0,0,0,0,0,0,0,42000,0,0,0,42000,0,42000,42000
055215,智邦凱基98購02  ,0,0,0,0,0,0,0,0,0,42000,0,0,0,50000,8000,42000,42000
057407,超眾群益99購01  ,0,0,0,0,0,0,0,0,0,42000,0,0,0,82000,40000,42000,42000
059324,智易元大99購04  ,0,0,0,0,0,0,0,0,0,42000,0,0,0,165000,123000,42000,42000
07124P,台積電元大99售21,0,0,0,0,0,0,0,0,0,41000,0,0,0,41000,0,41000,41000
051222,世紀鋼元富95購01,0,0,0,0,0,0,0,0,0,41000,0,0,0,41000,0,41000,41000
04126P,滬深2X國票95售02,0,0,0,0,0,0,0,0,0,41000,0,0,0,41000,0,41000,41000
052715,可成凱基96購01  ,0,0,0,0,0,0,0,0,0,41000,0,0,0,41000,0,41000,41000
058892,元油2X元大9C購08,0,0,0,0,0,0,0,0,0,41000,0,0,0,41000,0,41000,41000
07044P,台積電元大99售13,0,0,0,0,0,0,0,0,0,40000,0,0,0,40000,0,40000,40000
06900P,FBVIX國票12售01 ,0,0,0,0,0,0,0,0,0,40000,0,0,0,50000,10000,40000,40000
06266P,大立光凱基97售11,0,0,0,0,0,0,0,0,0,40000,0,0,0,40000,0,40000,40000
06738P,瑞昱兆豐98售02  ,0,0,0,0,0,0,0,0,0,40000,0,0,0,40000,0,40000,40000
06763P,技嘉元大98售05  ,0,0,0,0,0,0,0,0,0,40000,0,0,0,47000,7000,40000,40000
060164,合勤控永豐9A購01,0,0,0,0,0,0,0,0,0,40000,0,0,0,156000,116000,40000,40000
06196P,元上證元大97售01,0,0,0,0,0,0,0,0,0,40000,0,0,0,40000,0,40000,40000
059932,世紀鋼富邦9A購02,0,0,0,0,0,0,0,0,0,40000,0,0,0,96000,56000,40000,40000
059911,國巨元大99購27  ,0,0,0,0,0,0,0,0,0,40000,0,0,0,112000,72000,40000,40000
059665,嘉聯益元大99購06,0,0,0,0,0,0,0,0,0,40000,0,0,0,218000,178000,40000,40000
059690,建準永豐99購01  ,0,0,0,0,0,0,0,0,0,40000,0,0,0,357000,317000,40000,40000
059584,台灣50元大01購11,0,0,0,0,0,0,0,0,0,40000,0,0,0,40000,0,40000,40000
059544,創意亞東99購01  ,0,0,0,0,0,0,0,0,0,40000,0,0,0,50000,10000,40000,40000
059538,健策凱基99購03  ,0,0,0,0,0,0,0,0,0,40000,0,0,0,60000,20000,40000,40000
07299P,台灣50元大9C售13,0,0,0,0,0,0,0,0,0,40000,0,0,0,40000,0,40000,40000
5515,建國            ,52000,12000,40000,0,0,0,0,0,0,0,0,0,0,0,0,0,40000
6452,康友-KY         ,431000,355000,76000,0,0,0,0,0,0,-36000,0,10000,-10000,5000,31000,-26000,40000
052386,鴻海群益96購02  ,0,0,0,0,0,0,0,0,0,40000,0,0,0,40000,0,40000,40000
05401P,聯茂永豐95售03  ,0,0,0,0,0,0,0,0,0,40000,0,0,0,40000,0,40000,40000
053845,和大元富96購01  ,0,0,0,0,0,0,0,0,0,40000,0,0,0,40000,0,40000,40000
053787,健策元大97購02  ,0,0,0,0,0,0,0,0,0,40000,0,0,0,40000,0,40000,40000
052820,宏達電永豐96購01,0,0,0,0,0,0,0,0,0,40000,0,0,0,40000,0,40000,40000
045106,玉晶光群益95購01,0,0,0,0,0,0,0,0,0,40000,0,0,0,40000,0,40000,40000
051354,聯發科元大95購09,0,0,0,0,0,0,0,0,0,40000,0,0,0,40000,0,40000,40000
04855P,上証2X元富94售02,0,0,0,0,0,0,0,0,0,40000,0,0,0,40000,0,40000,40000
046793,聯發科元富99購01,0,0,0,0,0,0,0,0,0,40000,0,0,0,40000,0,40000,40000
051492,臻鼎凱基95購01  ,0,0,0,0,0,0,0,0,0,40000,0,0,0,40000,0,40000,40000
049130,臺指反元大98購01,0,0,0,0,0,0,0,0,0,40000,0,0,0,70000,30000,40000,40000
050280,國巨日盛94購01  ,0,0,0,0,0,0,0,0,0,40000,0,0,0,50000,10000,40000,40000
050227,大立光中信96購01,0,0,0,0,0,0,0,0,0,40000,0,0,0,40000,0,40000,40000
05044P,亞德客永豐95售01,0,0,0,0,0,0,0,0,0,40000,0,0,0,40000,0,40000,40000
050535,台表科群益94購02,0,0,0,0,0,0,0,0,0,40000,0,0,0,40000,0,40000,40000
050760,矽力元富94購03  ,0,0,0,0,0,0,0,0,0,40000,0,0,0,40000,0,40000,40000
052914,奇力新元富96購01,0,0,0,0,0,0,0,0,0,40000,0,0,0,40000,0,40000,40000
04996P,台積電凱基95售02,0,0,0,0,0,0,0,0,0,40000,0,0,0,40000,0,40000,40000
049759,元黃金富邦9A購01,0,0,0,0,0,0,0,0,0,40000,0,0,0,40000,0,40000,40000
049670,鈺齊國泰96購01  ,0,0,0,0,0,0,0,0,0,40000,0,0,0,40000,0,40000,40000
054347,上緯控國票96購02,0,0,0,0,0,0,0,0,0,40000,0,0,0,40000,0,40000,40000
054373,富邦金中信97購01,0,0,0,0,0,0,0,0,0,40000,0,0,0,40000,0,40000,40000
058459,南電永豐99購01  ,0,0,0,0,0,0,0,0,0,40000,0,0,0,52000,12000,40000,40000
055734,奇力新元富97購02,0,0,0,0,0,0,0,0,0,40000,0,0,0,40000,0,40000,40000
056423,奇鋐統一98購01  ,0,0,0,0,0,0,0,0,0,40000,0,0,0,40000,0,40000,40000
056433,鴻海凱基98購09  ,0,0,0,0,0,0,0,0,0,40000,0,0,0,40000,0,40000,40000
056743,貿聯凱基98購04  ,0,0,0,0,0,0,0,0,0,40000,0,0,0,40000,0,40000,40000
059306,台灣50元大99購03,0,0,0,0,0,0,0,0,0,40000,0,0,0,40000,0,40000,40000
059173,矽力凱基99購01  ,0,0,0,0,0,0,0,0,0,40000,0,0,0,130000,90000,40000,40000
054943,群光元大97購01  ,0,0,0,0,0,0,0,0,0,40000,0,0,0,560000,520000,40000,40000
057226,上銀凱基98購06  ,0,0,0,0,0,0,0,0,0,40000,0,0,0,50000,10000,40000,40000
054925,神達凱基97購01  ,0,0,0,0,0,0,0,0,0,40000,0,0,0,40000,0,40000,40000
057106,美律群益98購03  ,0,0,0,0,0,0,0,0,0,40000,0,0,0,40000,0,40000,40000
057110,立積群益98購01  ,0,0,0,0,0,0,0,0,0,40000,0,0,0,40000,0,40000,40000
057479,致茂元大98購03  ,0,0,0,0,0,0,0,0,0,40000,0,0,0,55000,15000,40000,40000
1104,環泥            ,4089000,4050000,39000,0,0,0,0,0,0,0,0,0,0,0,0,0,39000
1340,勝悅-KY         ,50000,11000,39000,0,0,0,0,0,0,0,0,0,0,0,0,0,39000
059606,上銀富邦9B購02  ,0,0,0,0,0,0,0,0,0,39000,0,0,0,64000,25000,39000,39000
059807,大立光元富99購09,0,0,0,0,0,0,0,0,0,39000,0,0,0,100000,61000,39000,39000
052876,GIS凱基96購03   ,0,0,0,0,0,0,0,0,0,39000,0,0,0,39000,0,39000,39000
052159,瑞昱永豐95購01  ,0,0,0,0,0,0,0,0,0,39000,0,0,0,52000,13000,39000,39000
054079,鴻海中信98購02  ,0,0,0,0,0,0,0,0,0,39000,0,0,0,39000,0,39000,39000
052406,力成凱基95購03  ,0,0,0,0,0,0,0,0,0,39000,0,0,0,90000,51000,39000,39000
053176,矽力群益96購02  ,0,0,0,0,0,0,0,0,0,39000,0,0,0,39000,0,39000,39000
059074,元油2X元大9C購15,0,0,0,0,0,0,0,0,0,39000,0,0,0,39000,0,39000,39000
054981,國巨元富97購02  ,0,0,0,0,0,0,0,0,0,39000,0,0,0,39000,0,39000,39000
5269,祥碩            ,96256,75000,21256,0,0,0,0,6000,-6000,23000,5000,9000,-4000,28000,1000,27000,38256
4952,凌通            ,48000,10000,38000,0,0,0,0,0,0,0,0,0,0,0,0,0,38000
4566,時碩工業        ,47000,9000,38000,0,0,0,0,0,0,0,0,0,0,0,0,0,38000
3305,昇貿            ,42000,4000,38000,0,0,0,0,0,0,0,0,0,0,0,0,0,38000
2617,台航            ,116000,78000,38000,0,0,0,0,0,0,0,0,0,0,0,0,0,38000
2486,一詮            ,55000,17000,38000,0,0,0,0,0,0,0,0,0,0,0,0,0,38000
1309,台達化          ,149000,111000,38000,0,0,0,0,0,0,0,0,0,0,0,0,0,38000
059766,同欣電永豐99購03,0,0,0,0,0,0,0,0,0,38000,0,0,0,141000,103000,38000,38000
052647,晶技永豐97購01  ,0,0,0,0,0,0,0,0,0,38000,0,0,0,38000,0,38000,38000
054772,康控國票98購02  ,0,0,0,0,0,0,0,0,0,38000,0,0,0,38000,0,38000,38000
053718,全新凱基97購02  ,0,0,0,0,0,0,0,0,0,38000,0,0,0,52000,14000,38000,38000
050573,光寶科國票94購01,0,0,0,0,0,0,0,0,0,38000,0,0,0,38000,0,38000,38000
050177,聯發科元大94購11,0,0,0,0,0,0,0,0,0,38000,0,0,0,38000,0,38000,38000
050261,國巨元大95購04  ,0,0,0,0,0,0,0,0,0,38000,0,0,0,38000,0,38000,38000
050320,台表科國票94購01,0,0,0,0,0,0,0,0,0,38000,0,0,0,38000,0,38000,38000
05145P,道瓊反元大98售01,0,0,0,0,0,0,0,0,0,38000,0,0,0,38000,0,38000,38000
048059,欣興國泰95購01  ,0,0,0,0,0,0,0,0,0,38000,0,0,0,38000,0,38000,38000
048705,GIS國票95購01   ,0,0,0,0,0,0,0,0,0,38000,0,0,0,38000,0,38000,38000
045479,T50反1中信95購01,0,0,0,0,0,0,0,0,0,38000,0,0,0,66000,28000,38000,38000
050845,奇鋐國票95購02  ,0,0,0,0,0,0,0,0,0,38000,0,0,0,38000,0,38000,38000
056707,鴻海富邦99購03  ,0,0,0,0,0,0,0,0,0,38000,0,0,0,38000,0,38000,38000
056292,統一元大97購01  ,0,0,0,0,0,0,0,0,0,38000,0,0,0,38000,0,38000,38000
056606,華新科富邦9A購02,0,0,0,0,0,0,0,0,0,38000,0,0,0,38000,0,38000,38000
057072,日月光永豐98購01,0,0,0,0,0,0,0,0,0,38000,0,0,0,114000,76000,38000,38000
058413,義隆兆豐99購01  ,0,0,0,0,0,0,0,0,0,38000,0,0,0,46000,8000,38000,38000
9927,泰銘            ,44000,6000,38000,0,0,0,0,0,0,0,0,0,0,0,0,0,38000
060181,華通元富9A購01  ,0,0,0,0,0,0,0,0,0,37000,0,0,0,37000,0,37000,37000
060157,致茂永豐9A購02  ,0,0,0,0,0,0,0,0,0,37000,0,0,0,37000,0,37000,37000
07288P,台灣50凱基99售06,0,0,0,0,0,0,0,0,0,37000,0,0,0,95000,58000,37000,37000
1338,廣華-KY         ,124000,108000,16000,0,0,0,0,0,0,21000,21000,0,21000,0,0,0,37000
047967,南亞科國泰95購01,0,0,0,0,0,0,0,0,0,37000,0,0,0,37000,0,37000,37000
051580,宏碁元大95購02  ,0,0,0,0,0,0,0,0,0,37000,0,0,0,37000,0,37000,37000
054398,牧德永豐96購03  ,0,0,0,0,0,0,0,0,0,37000,0,0,0,347000,310000,37000,37000
052052,嘉澤凱基95購02  ,0,0,0,0,0,0,0,0,0,37000,0,0,0,141000,104000,37000,37000
057172,南亞科元大98購03,0,0,0,0,0,0,0,0,0,37000,0,0,0,37000,0,37000,37000
059136,臺股指群益99購11,0,0,0,0,0,0,0,0,0,37000,0,0,0,38000,1000,37000,37000
058852,貿聯群益99購04  ,0,0,0,0,0,0,0,0,0,37000,0,0,0,50000,13000,37000,37000
056468,鴻海元大98購07  ,0,0,0,0,0,0,0,0,0,37000,0,0,0,37000,0,37000,37000
07309P,聯發科凱基99售18,0,0,0,0,0,0,0,0,0,36000,0,0,0,36000,0,36000,36000
058194,勤誠永豐99購01  ,0,0,0,0,0,0,0,0,0,36000,0,0,0,98000,62000,36000,36000
057882,華通群益9A購03  ,0,0,0,0,0,0,0,0,0,36000,0,0,0,61000,25000,36000,36000
052707,景碩台新96購01  ,0,0,0,0,0,0,0,0,0,36000,0,0,0,45000,9000,36000,36000
052738,聯電元大98購02  ,0,0,0,0,0,0,0,0,0,36000,0,0,0,60000,24000,36000,36000
053603,臺股指元大96購20,0,0,0,0,0,0,0,0,0,36000,0,0,0,36000,0,36000,36000
050480,健策國票95購04  ,0,0,0,0,0,0,0,0,0,36000,0,0,0,146000,110000,36000,36000
03618C,高股息凱基95牛01,0,0,0,0,0,0,0,0,0,36000,0,0,0,36000,0,36000,36000
00643,群益深証中小    ,23000,46000,-23000,0,0,0,0,0,0,59000,0,0,0,318000,259000,59000,36000
051300,台光電凱基96購02,0,0,0,0,0,0,0,0,0,36000,0,0,0,36000,0,36000,36000
055231,大毅國票98購02  ,0,0,0,0,0,0,0,0,0,36000,0,0,0,44000,8000,36000,36000
058772,茂林兆豐9A購01  ,0,0,0,0,0,0,0,0,0,36000,0,0,0,36000,0,36000,36000
056604,鴻海富邦9A購01  ,0,0,0,0,0,0,0,0,0,36000,0,0,0,36000,0,36000,36000
055923,矽力凱基98購01  ,0,0,0,0,0,0,0,0,0,36000,0,0,0,56000,20000,36000,36000
056028,GIS群益97購02   ,0,0,0,0,0,0,0,0,0,36000,0,0,0,36000,0,36000,36000
3454,晶睿            ,73000,34000,39000,0,0,0,0,0,0,-4000,0,4000,-4000,0,0,0,35000
06134P,緯穎元富97售03  ,0,0,0,0,0,0,0,0,0,35000,0,0,0,35000,0,35000,35000
059871,義隆凱基99購03  ,0,0,0,0,0,0,0,0,0,35000,0,0,0,56000,21000,35000,35000
059843,華新科富邦9B購03,0,0,0,0,0,0,0,0,0,35000,0,0,0,170000,135000,35000,35000
046064,中工凱基94購01  ,0,0,0,0,0,0,0,0,0,35000,0,0,0,35000,0,35000,35000
044364,超眾中信94購01  ,0,0,0,0,0,0,0,0,0,35000,0,0,0,35000,0,35000,35000
03619C,臺股指元大95牛02,0,0,0,0,0,0,0,0,0,35000,0,0,0,107000,72000,35000,35000
035276,南亞科台新97購01,0,0,0,0,0,0,0,0,0,35000,0,0,0,518000,483000,35000,35000
03603P,群創凱基98售04  ,0,0,0,0,0,0,0,0,0,35000,0,0,0,124000,89000,35000,35000
050797,聯發科中信99購01,0,0,0,0,0,0,0,0,0,35000,0,0,0,35000,0,35000,35000
050829,臻鼎凱基96購01  ,0,0,0,0,0,0,0,0,0,35000,0,0,0,100000,65000,35000,35000
051605,奇力新群益95購02,0,0,0,0,0,0,0,0,0,35000,0,0,0,80000,45000,35000,35000
05460P,台郡凱基95售05  ,0,0,0,0,0,0,0,0,0,35000,0,0,0,35000,0,35000,35000
052216,康友元大96購01  ,0,0,0,0,0,0,0,0,0,35000,0,0,0,35000,0,35000,35000
057914,日月光日盛9A購01,0,0,0,0,0,0,0,0,0,35000,0,0,0,35000,0,35000,35000
058116,正崴中信99購02  ,0,0,0,0,0,0,0,0,0,35000,0,0,0,88000,53000,35000,35000
058106,神達統一98購02  ,0,0,0,0,0,0,0,0,0,35000,0,0,0,35000,0,35000,35000
057828,緯穎元大99購02  ,0,0,0,0,0,0,0,0,0,35000,0,0,0,44000,9000,35000,35000
053729,聯茂凱基96購05  ,0,0,0,0,0,0,0,0,0,35000,0,0,0,51000,16000,35000,35000
053848,聯發科元富96購03,0,0,0,0,0,0,0,0,0,35000,0,0,0,35000,0,35000,35000
055994,聯發科國泰99購02,0,0,0,0,0,0,0,0,0,35000,0,0,0,35000,0,35000,35000
058516,健鼎元大99購02  ,0,0,0,0,0,0,0,0,0,35000,0,0,0,256000,221000,35000,35000
058358,技嘉凱基9A購01  ,0,0,0,0,0,0,0,0,0,35000,0,0,0,43000,8000,35000,35000
058573,鴻海群益9A購02  ,0,0,0,0,0,0,0,0,0,35000,0,0,0,160000,125000,35000,35000
057470,易華電永豐98購02,0,0,0,0,0,0,0,0,0,35000,0,0,0,80000,45000,35000,35000
058904,晶技元大99購05  ,0,0,0,0,0,0,0,0,0,35000,0,0,0,135000,100000,35000,35000
055468,智邦凱基97購04  ,0,0,0,0,0,0,0,0,0,35000,0,0,0,50000,15000,35000,35000
05609P,國泰金凱基96售01,0,0,0,0,0,0,0,0,0,35000,0,0,0,80000,45000,35000,35000
059688,燿華永豐99購01  ,0,0,0,0,0,0,0,0,0,34000,0,0,0,111000,77000,34000,34000
3501,維熹            ,49000,15000,34000,0,0,0,0,0,0,0,0,0,0,0,0,0,34000
2459,敦吉            ,48000,12000,36000,0,0,0,0,0,0,-2000,0,2000,-2000,0,0,0,34000
6491,晶碩            ,43000,9000,34000,0,0,0,0,0,0,0,0,0,0,0,0,0,34000
1447,力鵬            ,133000,99000,34000,0,0,0,0,0,0,0,0,0,0,0,0,0,34000
2358,廷鑫            ,39000,4000,35000,0,0,0,0,0,0,-1000,0,1000,-1000,0,0,0,34000
052731,宏達電國泰98購01,0,0,0,0,0,0,0,0,0,34000,0,0,0,34000,0,34000,34000
045678,華新科元大95購01,0,0,0,0,0,0,0,0,0,34000,0,0,0,34000,0,34000,34000
055469,台光電凱基97購01,0,0,0,0,0,0,0,0,0,34000,0,0,0,50000,16000,34000,34000
058055,華擎統一9A購01  ,0,0,0,0,0,0,0,0,0,34000,0,0,0,61000,27000,34000,34000
058530,為升元富99購01  ,0,0,0,0,0,0,0,0,0,34000,0,0,0,34000,0,34000,34000
059307,T50反1元大99購06,0,0,0,0,0,0,0,0,0,34000,0,0,0,674000,640000,34000,34000
059400,滬深2X元富9C購04,0,0,0,0,0,0,0,0,0,34000,0,0,0,99000,65000,34000,34000
2442,新美齊          ,371000,325124,45876,0,0,0,0,0,0,-12000,0,12000,-12000,0,0,0,33876
1452,宏益            ,64000,31000,33000,0,0,0,0,0,0,0,0,0,0,0,0,0,33000
07347P,上証2X凱基99售02,0,0,0,0,0,0,0,0,0,33000,0,0,0,33000,0,33000,33000
07328P,FBVIX國泰9B售01 ,0,0,0,0,0,0,0,0,0,33000,0,0,0,50000,17000,33000,33000
3661,世芯-KY         ,702000,608000,94000,0,0,0,15000,60000,-45000,-16000,13000,17000,-4000,3000,15000,-12000,33000
042501,台灣50凱基96購06,0,0,0,0,0,0,0,0,0,33000,0,0,0,55000,22000,33000,33000
03429B,臺股指元富97熊07,0,0,0,0,0,0,0,0,0,33000,0,0,0,33000,0,33000,33000
020008,元大特股高息N   ,0,0,0,0,0,0,0,0,0,33000,0,0,0,35000,2000,33000,33000
049430,國巨國票95購02  ,0,0,0,0,0,0,0,0,0,33000,0,0,0,33000,0,33000,33000
049439,牧德國泰96購01  ,0,0,0,0,0,0,0,0,0,33000,0,0,0,33000,0,33000,33000
054376,聯茂中信97購01  ,0,0,0,0,0,0,0,0,0,33000,0,0,0,113000,80000,33000,33000
05444P,大立光元大95售10,0,0,0,0,0,0,0,0,0,33000,0,0,0,33000,0,33000,33000
050006,華擎永豐94購03  ,0,0,0,0,0,0,0,0,0,33000,0,0,0,33000,0,33000,33000
05332P,臺股指國票95售01,0,0,0,0,0,0,0,0,0,33000,0,0,0,33000,0,33000,33000
052980,上銀元大96購03  ,0,0,0,0,0,0,0,0,0,33000,0,0,0,33000,0,33000,33000
051809,義隆凱基96購01  ,0,0,0,0,0,0,0,0,0,33000,0,0,0,48000,15000,33000,33000
059337,台灣50凱基9C購05,0,0,0,0,0,0,0,0,0,33000,0,0,0,63000,30000,33000,33000
059095,訊芯元大99購01  ,0,0,0,0,0,0,0,0,0,33000,0,0,0,209000,176000,33000,33000
058622,國巨國票99購07  ,0,0,0,0,0,0,0,0,0,33000,0,0,0,77000,44000,33000,33000
058945,S&P正2群益9C購01,0,0,0,0,0,0,0,0,0,33000,0,0,0,33000,0,33000,33000
055400,緯穎統一97購01  ,0,0,0,0,0,0,0,0,0,33000,0,0,0,35000,2000,33000,33000
3312,弘憶股          ,103070,71000,32070,0,0,0,0,0,0,0,0,0,0,0,0,0,32070
3607,谷崧            ,36000,2000,34000,0,0,0,0,0,0,-2000,0,2000,-2000,0,0,0,32000
2527,宏璟            ,61000,29000,32000,0,0,0,0,0,0,0,0,0,0,0,0,0,32000
07383P,聯發科群益99售06,0,0,0,0,0,0,0,0,0,32000,0,0,0,32000,0,32000,32000
2392,正崴            ,712000,673000,39000,0,0,0,0,0,0,-7000,15000,25000,-10000,8000,5000,3000,32000
2331,精英            ,140000,104000,36000,0,0,0,0,0,0,-4000,0,4000,-4000,0,0,0,32000
059515,牧德永豐99購01  ,0,0,0,0,0,0,0,0,0,32000,0,0,0,417000,385000,32000,32000
059842,台積電富邦9C購05,0,0,0,0,0,0,0,0,0,32000,0,0,0,32000,0,32000,32000
053249,致伸國票97購02  ,0,0,0,0,0,0,0,0,0,32000,0,0,0,38000,6000,32000,32000
054308,嘉晶凱基98購01  ,0,0,0,0,0,0,0,0,0,32000,0,0,0,32000,0,32000,32000
00682U,元大美元指數    ,0,0,0,0,0,0,0,0,0,32000,0,0,0,52000,20000,32000,32000
043442,大立光台新01購01,0,0,0,0,0,0,0,0,0,32000,0,0,0,32000,0,32000,32000
055302,達方元大97購01  ,0,0,0,0,0,0,0,0,0,32000,0,0,0,48000,16000,32000,32000
058956,健策國票9A購02  ,0,0,0,0,0,0,0,0,0,32000,0,0,0,38000,6000,32000,32000
058796,可成元大99購04  ,0,0,0,0,0,0,0,0,0,32000,0,0,0,35000,3000,32000,32000
058794,旺宏元大99購09  ,0,0,0,0,0,0,0,0,0,32000,0,0,0,32000,0,32000,32000
056897,南亞科元大98購02,0,0,0,0,0,0,0,0,0,32000,0,0,0,32000,0,32000,32000
058673,華新科群益9A購02,0,0,0,0,0,0,0,0,0,32000,0,0,0,32000,0,32000,32000
057059,易華電元大99購01,0,0,0,0,0,0,0,0,0,32000,0,0,0,80000,48000,32000,32000
057232,京元電凱基98購02,0,0,0,0,0,0,0,0,0,32000,0,0,0,136000,104000,32000,32000
9930,中聯資源        ,35000,3000,32000,0,0,0,0,0,0,0,0,0,0,0,0,0,32000
060078,旺宏台新99購03  ,0,0,0,0,0,0,0,0,0,31000,0,0,0,32000,1000,31000,31000
059711,滬深2X元大9C購02,0,0,0,0,0,0,0,0,0,31000,0,0,0,115000,84000,31000,31000
059741,聯發科元富99購07,0,0,0,0,0,0,0,0,0,31000,0,0,0,164000,133000,31000,31000
060163,健策永豐9B購01  ,0,0,0,0,0,0,0,0,0,31000,0,0,0,159000,128000,31000,31000
060252,緯穎元大9A購02  ,0,0,0,0,0,0,0,0,0,31000,0,0,0,85000,54000,31000,31000
2233,宇隆            ,54000,22000,32000,0,0,0,0,0,0,-1000,0,1000,-1000,0,0,0,31000
1449,佳和            ,60000,29000,31000,0,0,0,0,0,0,0,0,0,0,0,0,0,31000
07325P,台積電元大99售41,0,0,0,0,0,0,0,0,0,31000,0,0,0,31000,0,31000,31000
00851,台新全球AI      ,0,0,0,0,0,0,0,0,0,31000,0,0,0,141000,110000,31000,31000
048179,臻鼎富邦97購01  ,0,0,0,0,0,0,0,0,0,31000,0,0,0,31000,0,31000,31000
049922,禾伸堂元大95購01,0,0,0,0,0,0,0,0,0,31000,0,0,0,31000,0,31000,31000
049888,智邦國泰96購01  ,0,0,0,0,0,0,0,0,0,31000,0,0,0,31000,0,31000,31000
050142,聯發科元富9A購01,0,0,0,0,0,0,0,0,0,31000,0,0,0,31000,0,31000,31000
053309,泰鼎凱基96購03  ,0,0,0,0,0,0,0,0,0,31000,0,0,0,129000,98000,31000,31000
057810,技嘉元大98購06  ,0,0,0,0,0,0,0,0,0,31000,0,0,0,31000,0,31000,31000
057176,全新元大99購02  ,0,0,0,0,0,0,0,0,0,31000,0,0,0,45000,14000,31000,31000
057205,元翎元富98購01  ,0,0,0,0,0,0,0,0,0,31000,0,0,0,31000,0,31000,31000
058425,S&P正2元富01購02,0,0,0,0,0,0,0,0,0,31000,0,0,0,31000,0,31000,31000
057142,力成兆豐98購01  ,0,0,0,0,0,0,0,0,0,31000,0,0,0,41000,10000,31000,31000
059150,臺股指國票99購13,0,0,0,0,0,0,0,0,0,31000,0,0,0,101000,70000,31000,31000
059341,台積電凱基99購15,0,0,0,0,0,0,0,0,0,31000,0,0,0,48000,17000,31000,31000
058015,旺宏凱基99購02  ,0,0,0,0,0,0,0,0,0,31000,0,0,0,99000,68000,31000,31000
058454,嘉晶永豐99購01  ,0,0,0,0,0,0,0,0,0,31000,0,0,0,31000,0,31000,31000
056155,嘉晶凱基97購01  ,0,0,0,0,0,0,0,0,0,31000,0,0,0,31000,0,31000,31000
056138,群創元大9B購01  ,0,0,0,0,0,0,0,0,0,31000,0,0,0,31000,0,31000,31000
2347,聯強            ,1393579,1212000,181579,0,0,0,5000,0,5000,-156000,10000,72000,-62000,0,94000,-94000,30579
1808,潤隆            ,105000,50000,55000,0,0,0,0,0,0,-25000,0,25000,-25000,0,0,0,30000
1612,宏泰            ,50000,20000,30000,0,0,0,0,0,0,0,0,0,0,0,0,0,30000
8021,尖點            ,215000,178000,37000,0,0,0,0,0,0,-7000,0,7000,-7000,0,0,0,30000
4552,力達-KY         ,22000,23000,-1000,0,0,0,0,0,0,31000,31000,0,31000,0,0,0,30000
060004,臺指反群益9A購01,0,0,0,0,0,0,0,0,0,30000,0,0,0,30000,0,30000,30000
059876,智易凱基99購02  ,0,0,0,0,0,0,0,0,0,30000,0,0,0,50000,20000,30000,30000
057855,晶技國票99購01  ,0,0,0,0,0,0,0,0,0,30000,0,0,0,30000,0,30000,30000
053752,超眾永豐96購02  ,0,0,0,0,0,0,0,0,0,30000,0,0,0,30000,0,30000,30000
054149,達方元大96購01  ,0,0,0,0,0,0,0,0,0,30000,0,0,0,100000,70000,30000,30000
053997,健策群益97購02  ,0,0,0,0,0,0,0,0,0,30000,0,0,0,30000,0,30000,30000
053999,台表科群益96購06,0,0,0,0,0,0,0,0,0,30000,0,0,0,30000,0,30000,30000
051988,台光電元大95購01,0,0,0,0,0,0,0,0,0,30000,0,0,0,30000,0,30000,30000
052828,滬深2X群益9A購02,0,0,0,0,0,0,0,0,0,30000,0,0,0,30000,0,30000,30000
053415,聯茂國票97購01  ,0,0,0,0,0,0,0,0,0,30000,0,0,0,30000,0,30000,30000
052311,台積電富邦95購09,0,0,0,0,0,0,0,0,0,30000,0,0,0,30000,0,30000,30000
054804,南亞元大9A購01  ,0,0,0,0,0,0,0,0,0,30000,0,0,0,30000,0,30000,30000
052619,茂林國泰99購01  ,0,0,0,0,0,0,0,0,0,30000,0,0,0,30000,0,30000,30000
052668,聯發科群益97購01,0,0,0,0,0,0,0,0,0,30000,0,0,0,30000,0,30000,30000
052342,茂林凱基96購01  ,0,0,0,0,0,0,0,0,0,30000,0,0,0,30000,0,30000,30000
052532,台積電國泰96購07,0,0,0,0,0,0,0,0,0,30000,0,0,0,30000,0,30000,30000
053255,貿聯國泰97購01  ,0,0,0,0,0,0,0,0,0,30000,0,0,0,30000,0,30000,30000
051828,微星元大95購03  ,0,0,0,0,0,0,0,0,0,30000,0,0,0,100000,70000,30000,30000
053158,茂林元大96購01  ,0,0,0,0,0,0,0,0,0,30000,0,0,0,50000,20000,30000,30000
053114,聯茂兆豐97購01  ,0,0,0,0,0,0,0,0,0,30000,0,0,0,30000,0,30000,30000
053688,燿華元大96購05  ,0,0,0,0,0,0,0,0,0,30000,0,0,0,30000,0,30000,30000
051459,臺股指元大95購19,0,0,0,0,0,0,0,0,0,30000,0,0,0,30000,0,30000,30000
050346,康友元富94購03  ,0,0,0,0,0,0,0,0,0,30000,0,0,0,30000,0,30000,30000
049904,矽力元富94購01  ,0,0,0,0,0,0,0,0,0,30000,0,0,0,30000,0,30000,30000
049946,智邦兆豐95購01  ,0,0,0,0,0,0,0,0,0,30000,0,0,0,50000,20000,30000,30000
052878,台虹凱基96購01  ,0,0,0,0,0,0,0,0,0,30000,0,0,0,30000,0,30000,30000
048130,美利達元大96購01,0,0,0,0,0,0,0,0,0,30000,0,0,0,30000,0,30000,30000
047512,宏達電國票94購01,0,0,0,0,0,0,0,0,0,30000,0,0,0,30000,0,30000,30000
046944,奇力新元大96購01,0,0,0,0,0,0,0,0,0,30000,0,0,0,30000,0,30000,30000
00733,富邦臺灣中小    ,0,0,0,0,0,0,0,0,0,30000,0,0,0,231000,201000,30000,30000
00645,富邦日本        ,0,0,0,0,0,0,0,0,0,30000,0,0,0,153000,123000,30000,30000
045795,瀚宇博兆豐94購01,0,0,0,0,0,0,0,0,0,30000,0,0,0,30000,0,30000,30000
04517P,宏達電群益95售01,0,0,0,0,0,0,0,0,0,30000,0,0,0,30000,0,30000,30000
040160,SP黃豆元富95購01,0,0,0,0,0,0,0,0,0,30000,0,0,0,30000,0,30000,30000
04618P,電子類群益94售02,0,0,0,0,0,0,0,0,0,30000,0,0,0,30000,0,30000,30000
051348,國巨元大95購07  ,0,0,0,0,0,0,0,0,0,30000,0,0,0,30000,0,30000,30000
048681,漢唐富邦96購01  ,0,0,0,0,0,0,0,0,0,30000,0,0,0,30000,0,30000,30000
048287,嘉晶兆豐94購01  ,0,0,0,0,0,0,0,0,0,30000,0,0,0,30000,0,30000,30000
056767,大毅元大99購01  ,0,0,0,0,0,0,0,0,0,30000,0,0,0,30000,0,30000,30000
055820,矽力國票98購02  ,0,0,0,0,0,0,0,0,0,30000,0,0,0,30000,0,30000,30000
056417,欣興中信98購01  ,0,0,0,0,0,0,0,0,0,30000,0,0,0,30000,0,30000,30000
056429,華通凱基98購02  ,0,0,0,0,0,0,0,0,0,30000,0,0,0,30000,0,30000,30000
056402,智易群益98購02  ,0,0,0,0,0,0,0,0,0,30000,0,0,0,30000,0,30000,30000
055226,聯發科國票97購05,0,0,0,0,0,0,0,0,0,30000,0,0,0,30000,0,30000,30000
055283,聯發科元大97購16,0,0,0,0,0,0,0,0,0,30000,0,0,0,30000,0,30000,30000
055391,光罩統一97購02  ,0,0,0,0,0,0,0,0,0,30000,0,0,0,30000,0,30000,30000
055491,奇力新元大98購03,0,0,0,0,0,0,0,0,0,30000,0,0,0,30000,0,30000,30000
055023,億光國泰98購01  ,0,0,0,0,0,0,0,0,0,30000,0,0,0,30000,0,30000,30000
054953,華新科元大97購05,0,0,0,0,0,0,0,0,0,30000,0,0,0,30000,0,30000,30000
057671,群創元大9B購06  ,0,0,0,0,0,0,0,0,0,30000,0,0,0,30000,0,30000,30000
058941,華新科中信99購03,0,0,0,0,0,0,0,0,0,30000,0,0,0,30000,0,30000,30000
059215,台積電元大99購28,0,0,0,0,0,0,0,0,0,30000,0,0,0,88000,58000,30000,30000
059227,臺股指元大99購20,0,0,0,0,0,0,0,0,0,30000,0,0,0,30000,0,30000,30000
059126,臺指反中信9B購01,0,0,0,0,0,0,0,0,0,30000,0,0,0,30000,0,30000,30000
055966,茂林元大99購01  ,0,0,0,0,0,0,0,0,0,30000,0,0,0,30000,0,30000,30000
058510,全新元大9B購02  ,0,0,0,0,0,0,0,0,0,30000,0,0,0,30000,0,30000,30000
058519,嘉澤元大99購01  ,0,0,0,0,0,0,0,0,0,30000,0,0,0,30000,0,30000,30000
058262,大立光富邦9C購02,0,0,0,0,0,0,0,0,0,30000,0,0,0,41000,11000,30000,30000
057418,台光電凱基98購04,0,0,0,0,0,0,0,0,0,30000,0,0,0,30000,0,30000,30000
057372,華新科元大99購10,0,0,0,0,0,0,0,0,0,30000,0,0,0,30000,0,30000,30000
9105,泰金寶-DR       ,733000,703000,30000,0,0,0,0,0,0,0,0,0,0,0,0,0,30000
059859,國巨群益9A購03  ,0,0,0,0,0,0,0,0,0,29000,0,0,0,55000,26000,29000,29000
06551P,貿聯元大98售05  ,0,0,0,0,0,0,0,0,0,29000,0,0,0,37000,8000,29000,29000
06515P,國巨凱基98售06  ,0,0,0,0,0,0,0,0,0,29000,0,0,0,31000,2000,29000,29000
07149P,健鼎元大99售03  ,0,0,0,0,0,0,0,0,0,29000,0,0,0,29000,0,29000,29000
6168,宏齊            ,83000,45000,38000,0,0,0,0,0,0,-9000,0,9000,-9000,0,0,0,29000
2374,佳能            ,34000,5000,29000,0,0,0,0,0,0,0,0,0,0,0,0,0,29000
051360,緯創元大95購03  ,0,0,0,0,0,0,0,0,0,29000,0,0,0,29000,0,29000,29000
052682,上銀元大97購01  ,0,0,0,0,0,0,0,0,0,29000,0,0,0,29000,0,29000,29000
057421,智原凱基98購04  ,0,0,0,0,0,0,0,0,0,29000,0,0,0,49000,20000,29000,29000
057253,高股息中信99購02,0,0,0,0,0,0,0,0,0,29000,0,0,0,29000,0,29000,29000
057057,立積元大9A購01  ,0,0,0,0,0,0,0,0,0,29000,0,0,0,29000,0,29000,29000
054922,文曄凱基98購01  ,0,0,0,0,0,0,0,0,0,29000,0,0,0,50000,21000,29000,29000
059457,立積永豐99購02  ,0,0,0,0,0,0,0,0,0,29000,0,0,0,50000,21000,29000,29000
055686,致伸凱基97購02  ,0,0,0,0,0,0,0,0,0,29000,0,0,0,237000,208000,29000,29000
056553,啟碁凱基98購02  ,0,0,0,0,0,0,0,0,0,29000,0,0,0,29000,0,29000,29000
055301,台虹元大97購01  ,0,0,0,0,0,0,0,0,0,29000,0,0,0,75000,46000,29000,29000
2413,環科            ,53000,25000,28000,0,0,0,0,0,0,0,0,0,0,0,0,0,28000
07311P,台灣50元大99售09,0,0,0,0,0,0,0,0,0,28000,0,0,0,128000,100000,28000,28000
07197P,臺股指元大99售13,0,0,0,0,0,0,0,0,0,28000,0,0,0,35000,7000,28000,28000
07411P,國巨元大99售31  ,0,0,0,0,0,0,0,0,0,28000,0,0,0,80000,52000,28000,28000
1256,鮮活果汁-KY     ,39000,11000,28000,0,0,0,0,0,0,0,0,0,0,0,0,0,28000
6172,互億            ,46000,18000,28000,0,0,0,0,0,0,0,0,0,0,0,0,0,28000
4720,德淵            ,34000,6000,28000,0,0,0,0,0,0,0,0,0,0,0,0,0,28000
2939,凱羿-KY         ,51000,23000,28000,0,0,0,0,0,0,0,0,0,0,0,0,0,28000
07146P,瑞昱元大99售02  ,0,0,0,0,0,0,0,0,0,28000,0,0,0,28000,0,28000,28000
054818,奇力新元大97購05,0,0,0,0,0,0,0,0,0,28000,0,0,0,28000,0,28000,28000
057775,南亞科群益98購02,0,0,0,0,0,0,0,0,0,28000,0,0,0,219000,191000,28000,28000
054418,茂林元大97購01  ,0,0,0,0,0,0,0,0,0,28000,0,0,0,28000,0,28000,28000
049597,泰鼎元大96購01  ,0,0,0,0,0,0,0,0,0,28000,0,0,0,128000,100000,28000,28000
055276,台積電元大97購20,0,0,0,0,0,0,0,0,0,28000,0,0,0,28000,0,28000,28000
055107,旺宏凱基98購04  ,0,0,0,0,0,0,0,0,0,28000,0,0,0,28000,0,28000,28000
057616,聯電凱基99購01  ,0,0,0,0,0,0,0,0,0,28000,0,0,0,74000,46000,28000,28000
058033,景碩永豐98購02  ,0,0,0,0,0,0,0,0,0,28000,0,0,0,61000,33000,28000,28000
058889,元油2X元大9C購05,0,0,0,0,0,0,0,0,0,28000,0,0,0,28000,0,28000,28000
059371,聯鈞元富99購02  ,0,0,0,0,0,0,0,0,0,28000,0,0,0,140000,112000,28000,28000
057045,美律元大99購04  ,0,0,0,0,0,0,0,0,0,28000,0,0,0,41000,13000,28000,28000
058434,旺宏統一9B購01  ,0,0,0,0,0,0,0,0,0,28000,0,0,0,28000,0,28000,28000
058406,聯茂元大99購06  ,0,0,0,0,0,0,0,0,0,28000,0,0,0,28000,0,28000,28000
058378,南電凱基99購01  ,0,0,0,0,0,0,0,0,0,28000,0,0,0,47000,19000,28000,28000
07130P,台郡元大9B售01  ,0,0,0,0,0,0,0,0,0,27000,0,0,0,386000,359000,27000,27000
059853,超眾永豐99購03  ,0,0,0,0,0,0,0,0,0,27000,0,0,0,27000,0,27000,27000
059937,旺宏永豐99購03  ,0,0,0,0,0,0,0,0,0,27000,0,0,0,93000,66000,27000,27000
060091,技嘉元大99購03  ,0,1000,-1000,0,0,0,0,0,0,28000,0,0,0,40000,12000,28000,27000
059495,台灣50元富9C購02,0,0,0,0,0,0,0,0,0,27000,0,0,0,37000,10000,27000,27000
4961,天鈺            ,148000,121000,27000,0,0,0,0,0,0,0,0,0,0,0,0,0,27000
5608,四維航          ,30000,3000,27000,0,0,0,0,0,0,0,0,0,0,0,0,0,27000
8011,台通            ,133000,115000,18000,0,0,0,0,0,0,9000,9000,0,9000,0,0,0,27000
1806,冠軍            ,32000,5000,27000,0,0,0,0,0,0,0,0,0,0,0,0,0,27000
1437,勤益控          ,35000,8000,27000,0,0,0,0,0,0,0,0,0,0,0,0,0,27000
1540,喬福            ,46000,19000,27000,0,0,0,0,0,0,0,0,0,0,0,0,0,27000
048433,聯詠國票94購01  ,0,0,0,0,0,0,0,0,0,27000,0,0,0,27000,0,27000,27000
051412,奇力新國票96購01,0,0,0,0,0,0,0,0,0,27000,0,0,0,27000,0,27000,27000
00656R,國泰中國A50反1  ,0,44000,-44000,0,0,0,0,0,0,71000,0,0,0,131000,60000,71000,27000
00766L,台新MSCI中國正2 ,0,0,0,0,0,0,0,0,0,27000,0,0,0,251000,224000,27000,27000
052160,美律永豐95購03  ,0,0,0,0,0,0,0,0,0,27000,0,0,0,27000,0,27000,27000
053331,玉晶光永豐97購02,0,0,0,0,0,0,0,0,0,27000,0,0,0,27000,0,27000,27000
052326,滬深反中信99購01,0,0,0,0,0,0,0,0,0,27000,0,0,0,27000,0,27000,27000
054577,世芯元大98購01  ,0,0,0,0,0,0,0,0,0,27000,0,0,0,27000,0,27000,27000
051703,台積電群益95購04,0,0,0,0,0,0,0,0,0,27000,0,0,0,27000,0,27000,27000
05186P,鈺齊中信95售02  ,0,0,0,0,0,0,0,0,0,27000,0,0,0,27000,0,27000,27000
058271,訊連永豐99購01  ,0,0,0,0,0,0,0,0,0,27000,0,0,0,27000,0,27000,27000
05922P,京元電兆豐96售01,0,0,0,0,0,0,0,0,0,27000,0,0,0,41000,14000,27000,27000
055729,金寶元富99購01  ,0,0,0,0,0,0,0,0,0,27000,0,0,0,27000,0,27000,27000
056617,美律永豐98購01  ,0,0,0,0,0,0,0,0,0,27000,0,0,0,95000,68000,27000,27000
055525,國巨群益98購05  ,0,0,0,0,0,0,0,0,0,27000,0,0,0,97000,70000,27000,27000
055157,晶豪科元大97購01,0,0,0,0,0,0,0,0,0,27000,0,0,0,27000,0,27000,27000
055841,南亞科元大97購04,0,0,0,0,0,0,0,0,0,27000,0,0,0,27000,0,27000,27000
6415,矽力-KY         ,321190,290500,30690,0,0,0,0,0,0,-4000,0,3000,-3000,1000,2000,-1000,26690
8103,瀚荃            ,26000,0,26000,0,0,0,0,0,0,0,0,0,0,0,0,0,26000
6177,達麗            ,42000,16000,26000,0,0,0,0,0,0,0,0,0,0,0,0,0,26000
2702,華園            ,53000,27000,26000,0,0,0,0,0,0,0,0,0,0,0,0,0,26000
2305,全友            ,27000,1000,26000,0,0,0,0,0,0,0,0,0,0,0,0,0,26000
07252P,台灣50凱基99售01,0,0,0,0,0,0,0,0,0,26000,0,0,0,26000,0,26000,26000
053092,台表科元大97購02,0,0,0,0,0,0,0,0,0,26000,0,0,0,36000,10000,26000,26000
058239,景碩元大99購03  ,0,0,0,0,0,0,0,0,0,26000,0,0,0,34000,8000,26000,26000
057859,神達康和98購01  ,0,0,0,0,0,0,0,0,0,26000,0,0,0,89000,63000,26000,26000
057956,全新元大99購04  ,0,0,0,0,0,0,0,0,0,26000,0,0,0,52000,26000,26000,26000
049260,華新科元大96購01,0,0,0,0,0,0,0,0,0,26000,0,0,0,26000,0,26000,26000
055155,奇力新元大99購01,0,0,0,0,0,0,0,0,0,26000,0,0,0,26000,0,26000,26000
058716,華新科台新99購02,0,0,0,0,0,0,0,0,0,26000,0,0,0,26000,0,26000,26000
058915,SGBR2X元富99購01,0,0,0,0,0,0,0,0,0,26000,0,0,0,51000,25000,26000,26000
059293,宏達電元富9B購01,0,0,0,0,0,0,0,0,0,26000,0,0,0,26000,0,26000,26000
059351,台虹凱基99購01  ,0,0,0,0,0,0,0,0,0,26000,0,0,0,61000,35000,26000,26000
059452,全新永豐99購03  ,0,0,0,0,0,0,0,0,0,26000,0,0,0,61000,35000,26000,26000
058446,新光金富邦9C購01,0,0,0,0,0,0,0,0,0,26000,0,0,0,26000,0,26000,26000
056818,正崴永豐98購01  ,0,0,0,0,0,0,0,0,0,26000,0,0,0,95000,69000,26000,26000
9925,新保            ,66000,40000,26000,0,0,0,0,0,0,0,0,0,0,0,0,0,26000
1598,岱宇            ,68000,43000,25000,0,0,0,0,0,0,0,0,0,0,0,0,0,25000
2495,普安            ,29000,4000,25000,0,0,0,0,0,0,0,0,0,0,0,0,0,25000
4739,康普            ,108000,83000,25000,0,0,0,0,0,0,0,0,0,0,0,0,0,25000
060109,茂林元大99購05  ,0,0,0,0,0,0,0,0,0,25000,0,0,0,75000,50000,25000,25000
060028,國揚永豐99購01  ,0,0,0,0,0,0,0,0,0,25000,0,0,0,25000,0,25000,25000
06023P,超眾國票96售03  ,0,0,0,0,0,0,0,0,0,25000,0,0,0,225000,200000,25000,25000
060144,全新國票9B購01  ,0,0,0,0,0,0,0,0,0,25000,0,0,0,25000,0,25000,25000
051555,聯茂永豐95購01  ,0,0,0,0,0,0,0,0,0,25000,0,0,0,50000,25000,25000,25000
049434,茂林國票95購01  ,0,0,0,0,0,0,0,0,0,25000,0,0,0,25000,0,25000,25000
049585,旺宏元大95購02  ,0,0,0,0,0,0,0,0,0,25000,0,0,0,25000,0,25000,25000
050694,國巨凱基96購03  ,0,0,0,0,0,0,0,0,0,25000,0,0,0,80000,55000,25000,25000
054396,日電貿永豐96購02,0,0,0,0,0,0,0,0,0,25000,0,0,0,25000,0,25000,25000
054333,茂林永豐96購03  ,0,0,0,0,0,0,0,0,0,25000,0,0,0,25000,0,25000,25000
052861,台光電凱基96購03,0,0,0,0,0,0,0,0,0,25000,0,0,0,25000,0,25000,25000
049780,智易統一94購02  ,0,0,0,0,0,0,0,0,0,25000,0,0,0,25000,0,25000,25000
046600,鴻海群益94購01  ,0,0,0,0,0,0,0,0,0,25000,0,0,0,25000,0,25000,25000
051146,旺宏凱基95購04  ,0,0,0,0,0,0,0,0,0,25000,0,0,0,25000,0,25000,25000
046298,聯發科富邦94購01,0,0,0,0,0,0,0,0,0,25000,0,0,0,25000,0,25000,25000
050894,旺宏元大96購03  ,0,0,0,0,0,0,0,0,0,25000,0,0,0,25000,0,25000,25000
051039,台表科康和95購01,0,0,0,0,0,0,0,0,0,25000,0,0,0,25000,0,25000,25000
058109,台灣50元富9B購01,0,0,0,0,0,0,0,0,0,25000,0,0,0,25000,0,25000,25000
053719,可成凱基96購08  ,0,0,0,0,0,0,0,0,0,25000,0,0,0,49000,24000,25000,25000
054011,旺宏永豐96購05  ,0,0,0,0,0,0,0,0,0,25000,0,0,0,25000,0,25000,25000
054067,百和國票97購03  ,0,0,0,0,0,0,0,0,0,25000,0,0,0,25000,0,25000,25000
051961,泰碩永豐95購01  ,0,0,0,0,0,0,0,0,0,25000,0,0,0,50000,25000,25000,25000
052474,T50反1群益95購04,0,0,0,0,0,0,0,0,0,25000,0,0,0,25000,0,25000,25000
052685,技嘉元大96購01  ,0,0,0,0,0,0,0,0,0,25000,0,0,0,26000,1000,25000,25000
052615,鴻海國泰98購01  ,0,0,0,0,0,0,0,0,0,25000,0,0,0,25000,0,25000,25000
056837,國巨元富98購02  ,0,0,0,0,0,0,0,0,0,25000,0,0,0,25000,0,25000,25000
058528,世紀鋼元大99購02,0,0,0,0,0,0,0,0,0,25000,0,0,0,25000,0,25000,25000
056086,奇力新統一98購01,0,0,0,0,0,0,0,0,0,25000,0,0,0,25000,0,25000,25000
058545,義隆富邦9C購01  ,0,0,0,0,0,0,0,0,0,25000,0,0,0,25000,0,25000,25000
058558,鴻海日盛9A購02  ,0,0,0,0,0,0,0,0,0,25000,0,0,0,86000,61000,25000,25000
057480,技嘉元大98購03  ,0,0,0,0,0,0,0,0,0,25000,0,0,0,25000,0,25000,25000
057239,貿聯凱基98購05  ,0,0,0,0,0,0,0,0,0,25000,0,0,0,32000,7000,25000,25000
057332,旺宏國票99購03  ,0,0,0,0,0,0,0,0,0,25000,0,0,0,25000,0,25000,25000
059424,SGBR2X元大9A購01,0,0,0,0,0,0,0,0,0,25000,0,0,0,118000,93000,25000,25000
059093,旭富元大99購01  ,0,0,0,0,0,0,0,0,0,25000,0,0,0,25000,0,25000,25000
058932,FBVIX台新99購01 ,0,0,0,0,0,0,0,0,0,25000,0,0,0,55000,30000,25000,25000
055688,力成凱基98購02  ,0,0,0,0,0,0,0,0,0,25000,0,0,0,25000,0,25000,25000
056509,晶相光永豐98購01,0,0,0,0,0,0,0,0,0,25000,0,0,0,65000,40000,25000,25000
055271,鴻海元大98購03  ,0,0,0,0,0,0,0,0,0,25000,0,0,0,25000,0,25000,25000
055287,日電貿元大97購01,0,0,0,0,0,0,0,0,0,25000,0,0,0,25000,0,25000,25000
055375,京鼎元大97購03  ,0,0,0,0,0,0,0,0,0,25000,0,0,0,25000,0,25000,25000
06523P,台積電麥證98售02,0,0,0,24000,0,24000,0,0,0,24000,0,0,0,24000,0,24000,24000
059942,全新永豐99購04  ,0,0,0,0,0,0,0,0,0,24000,0,0,0,73000,49000,24000,24000
4144,康聯-KY         ,19000,3000,16000,0,0,0,0,0,0,8000,8000,0,8000,0,0,0,24000
4956,光鋐            ,36000,12000,24000,0,0,0,0,0,0,0,0,0,0,0,0,0,24000
3055,蔚華科          ,27000,2000,25000,0,0,0,0,0,0,-1000,0,1000,-1000,0,0,0,24000
1532,勤美            ,193000,167000,26000,0,0,0,0,0,0,-2000,0,2000,-2000,0,0,0,24000
07316P,長榮航康和99售01,0,0,0,0,0,0,0,0,0,24000,0,0,0,211000,187000,24000,24000
053292,美律中信98購01  ,0,0,0,0,0,0,0,0,0,24000,0,0,0,66000,42000,24000,24000
05297P,臻鼎凱基95售04  ,0,0,0,0,0,0,0,0,0,24000,0,0,0,25000,1000,24000,24000
054672,華新科國泰99購01,0,0,0,0,0,0,0,0,0,24000,0,0,0,24000,0,24000,24000
054571,楠梓電元大99購01,0,0,0,0,0,0,0,0,0,24000,0,0,0,24000,0,24000,24000
058213,欣興群益99購01  ,0,0,0,0,0,0,0,0,0,24000,0,0,0,124000,100000,24000,24000
050121,南電元大95購02  ,0,0,0,0,0,0,0,0,0,24000,0,0,0,40000,16000,24000,24000
054170,泰鼎凱基98購01  ,0,0,0,0,0,0,0,0,0,24000,0,0,0,58000,34000,24000,24000
050491,旺宏國泰96購01  ,0,0,0,0,0,0,0,0,0,24000,0,0,0,24000,0,24000,24000
04912P,可成元富94售06  ,0,0,0,0,0,0,0,0,0,24000,0,0,0,29000,5000,24000,24000
057530,奇鋐元大99購01  ,0,0,0,0,0,0,0,0,0,24000,0,0,0,25000,1000,24000,24000
059122,超眾永豐99購01  ,0,0,0,0,0,0,0,0,0,24000,0,0,0,86000,62000,24000,24000
059059,宏達電凱基99購03,0,0,0,0,0,0,0,0,0,24000,0,0,0,186000,162000,24000,24000
057422,欣興凱基98購04  ,0,0,0,0,0,0,0,0,0,24000,0,0,0,24000,0,24000,24000
057446,旺宏元富02購01  ,0,0,0,0,0,0,0,0,0,24000,0,0,0,383000,359000,24000,24000
054921,文曄凱基97購01  ,0,0,0,0,0,0,0,0,0,24000,0,0,0,24000,0,24000,24000
9911,櫻花            ,241000,265000,-24000,0,0,0,0,0,0,48000,52000,4000,48000,0,0,0,24000
07466P,亞德客元大9A售02,0,0,0,0,0,0,0,0,0,23000,0,0,0,53000,30000,23000,23000
3027,盛達            ,30000,7000,23000,0,0,0,0,0,0,0,0,0,0,0,0,0,23000
2471,資通            ,39000,17000,22000,0,0,0,0,0,0,1000,1000,0,1000,0,0,0,23000
4576,大銀微系統      ,33000,10000,23000,0,0,0,0,0,0,0,0,0,0,0,0,0,23000
8463,潤泰材          ,72000,49000,23000,0,0,0,0,0,0,0,0,0,0,0,0,0,23000
059788,華新科元大9A購05,0,0,0,0,0,0,0,0,0,23000,0,0,0,44000,21000,23000,23000
051488,健策凱基96購04  ,0,0,0,0,0,0,0,0,0,23000,0,0,0,23000,0,23000,23000
04838P,宏達電元大95售02,0,0,0,0,0,0,0,0,0,23000,0,0,0,52000,29000,23000,23000
00690,兆豐藍籌30      ,0,0,0,0,0,0,0,0,0,23000,0,0,0,43000,20000,23000,23000
051666,旺宏元大96購05  ,0,0,0,0,0,0,0,0,0,23000,0,0,0,23000,0,23000,23000
052229,奇力新凱基96購01,0,0,0,0,0,0,0,0,0,23000,0,0,0,417000,394000,23000,23000
057116,鴻海日盛9A購01  ,0,0,0,0,0,0,0,0,0,23000,0,0,0,134000,111000,23000,23000
059149,臺股指國票99購12,0,0,0,0,0,0,0,0,0,23000,0,0,0,48000,25000,23000,23000
059467,旺宏元大99購15  ,0,0,0,0,0,0,0,0,0,23000,0,0,0,55000,32000,23000,23000
058839,瑞儀中信99購02  ,0,0,0,0,0,0,0,0,0,23000,0,0,0,1001000,978000,23000,23000
056119,欣興群益97購02  ,0,0,0,0,0,0,0,0,0,23000,0,0,0,93000,70000,23000,23000
2929,淘帝-KY         ,110000,109303,697,0,0,0,0,0,0,22000,16000,0,16000,6000,0,6000,22697
4572,駐龍            ,24000,2000,22000,0,0,0,0,0,0,0,0,0,0,0,0,0,22000
1231,聯華食          ,40000,18000,22000,0,0,0,0,0,0,0,0,0,0,0,0,0,22000
07260P,台灣50元大9A售01,0,0,0,0,0,0,0,0,0,22000,0,0,0,203000,181000,22000,22000
06680P,智邦元大98售06  ,0,0,0,0,0,0,0,0,0,22000,0,0,0,22000,0,22000,22000
060258,T50反1凱基9A購06,0,0,0,0,0,0,0,0,0,22000,0,0,0,26000,4000,22000,22000
060350,元黃金元富9B購01,0,0,0,0,0,0,0,0,0,22000,0,0,0,28000,6000,22000,22000
054786,全新群益99購02  ,0,0,0,0,0,0,0,0,0,22000,0,0,0,22000,0,22000,22000
051840,康友國泰97購02  ,0,0,0,0,0,0,0,0,0,22000,0,0,0,22000,0,22000,22000
057845,晶相光永豐98購03,0,0,0,0,0,0,0,0,0,22000,0,0,0,22000,0,22000,22000
05402P,台郡永豐95售02  ,0,0,0,0,0,0,0,0,0,22000,0,0,0,54000,32000,22000,22000
051052,台積電群益95購01,0,0,0,0,0,0,0,0,0,22000,0,0,0,22000,0,22000,22000
042929,台積電中信95購02,0,0,0,0,0,0,0,0,0,22000,0,0,0,25000,3000,22000,22000
050155,華新科群益95購01,0,0,0,0,0,0,0,0,0,22000,0,0,0,22000,0,22000,22000
056198,台光電永豐97購02,0,0,0,0,0,0,0,0,0,22000,0,0,0,100000,78000,22000,22000
058912,祥碩元大99購01  ,0,0,0,0,0,0,0,0,0,22000,0,0,0,270000,248000,22000,22000
055647,義隆元富97購01  ,0,0,0,0,0,0,0,0,0,22000,0,0,0,127000,105000,22000,22000
057724,亞德客國泰99購01,0,0,0,0,0,0,0,0,0,22000,0,0,0,285000,263000,22000,22000
056520,鴻海日盛99購01  ,0,0,0,0,0,0,0,0,0,22000,0,0,0,22000,0,22000,22000
059378,台光電群益9B購01,0,0,0,0,0,0,0,0,0,22000,0,0,0,22000,0,22000,22000
059003,中壽元大99購01  ,0,0,0,0,0,0,0,0,0,22000,0,0,0,22000,0,22000,22000
058382,S&P500中信99購01,0,0,0,0,0,0,0,0,0,22000,0,0,0,22000,0,22000,22000
058551,義隆永豐99購03  ,0,0,0,0,0,0,0,0,0,22000,0,0,0,54000,32000,22000,22000
00703,台新MSCI中國    ,0,0,0,0,0,0,0,0,0,21898,0,0,0,30000,8102,21898,21898
06739P,聯詠兆豐98售02  ,0,0,0,0,0,0,0,0,0,21000,0,0,0,43000,22000,21000,21000
06889P,臺股指元大98售13,0,0,0,0,0,0,0,0,0,21000,0,0,0,31000,10000,21000,21000
07420P,可成元大99售07  ,0,0,0,0,0,0,0,0,0,21000,0,0,0,21000,0,21000,21000
00714,群益道瓊美國地產,0,0,0,0,0,0,0,0,0,21000,0,0,0,26000,5000,21000,21000
03649C,T50反1凱基99牛05,0,0,0,0,0,0,0,0,0,21000,0,0,0,31000,10000,21000,21000
03670C,元油2X元富99牛01,0,0,0,0,0,0,0,0,0,21000,0,0,0,33000,12000,21000,21000
051157,華新科富邦98購01,0,0,0,0,0,0,0,0,0,21000,0,0,0,21000,0,21000,21000
050774,健策元大96購02  ,0,0,0,0,0,0,0,0,0,21000,0,0,0,21000,0,21000,21000
05452P,亞德客群益95售02,0,0,0,0,0,0,0,0,0,21000,0,0,0,21000,0,21000,21000
052062,臺股指國票95購09,0,0,0,0,0,0,0,0,0,21000,0,0,0,21000,0,21000,21000
052839,上海銀國泰97購01,0,0,0,0,0,0,0,0,0,21000,0,0,0,21000,0,21000,21000
051700,深中小群益99購04,0,0,0,0,0,0,0,0,0,21000,0,0,0,31000,10000,21000,21000
058375,群創凱基9B購04  ,0,0,0,0,0,0,0,0,0,21000,0,0,0,22000,1000,21000,21000
055555,全新凱基9A購01  ,0,0,0,0,0,0,0,0,0,21000,0,0,0,202000,181000,21000,21000
057572,明泰永豐98購01  ,0,0,0,0,0,0,0,0,0,21000,0,0,0,188000,167000,21000,21000
058959,南茂國票9A購01  ,0,0,0,0,0,0,0,0,0,21000,0,0,0,185000,164000,21000,21000
058975,台灣50凱基01購02,0,0,0,0,0,0,0,0,0,21000,0,0,0,111000,90000,21000,21000
056288,健鼎永豐97購01  ,0,0,0,0,0,0,0,0,0,21000,0,0,0,129000,108000,21000,21000
055842,建準元大98購01  ,0,0,0,0,0,0,0,0,0,21000,0,0,0,21000,0,21000,21000
055761,創意群益97購01  ,0,0,0,0,0,0,0,0,0,21000,0,0,0,21000,0,21000,21000
1477,聚陽            ,823667,967000,-143333,0,0,0,193000,100000,93000,71000,46000,2000,44000,27000,0,27000,20667
2231,為升            ,11000,17000,-6000,0,0,0,0,0,0,26000,19000,11000,8000,19000,1000,18000,20000
2013,中鋼構          ,55000,35000,20000,0,0,0,0,0,0,0,0,0,0,0,0,0,20000
07253P,台灣50凱基9A售05,0,0,0,0,0,0,0,0,0,20000,0,0,0,20000,0,20000,20000
07251P,台灣50元富01售04,0,0,0,0,0,0,0,0,0,20000,0,0,0,20000,0,20000,20000
07226P,貿聯富邦9B售01  ,0,0,0,0,0,0,0,0,0,20000,0,0,0,35000,15000,20000,20000
07010P,T50正2凱基9C售01,0,0,0,0,0,0,0,0,0,20000,0,0,0,53000,33000,20000,20000
06731P,聯茂元大98售05  ,0,0,0,0,0,0,0,0,0,20000,0,0,0,20000,0,20000,20000
06778P,台積電元大99售06,0,0,0,0,0,0,0,0,0,20000,0,0,0,20000,0,20000,20000
06270P,致伸凱基97售03  ,0,0,0,0,0,0,0,0,0,20000,0,0,0,20000,0,20000,20000
06255P,臺股指群益97售08,0,0,0,0,0,0,0,0,0,20000,0,0,0,20000,0,20000,20000
06367P,台積電凱基97售14,0,0,0,0,0,0,0,0,0,20000,0,0,0,20000,0,20000,20000
06145P,華新科永豐97售02,0,0,0,0,0,0,0,0,0,20000,0,0,0,20000,0,20000,20000
06085P,義隆台新97售01  ,0,0,0,0,0,0,0,0,0,20000,0,0,0,30000,10000,20000,20000
059781,A50正2元大9C購03,0,0,0,0,0,0,0,0,0,20000,0,0,0,20000,0,20000,20000
059518,康控永豐99購01  ,0,0,0,0,0,0,0,0,0,20000,0,0,0,20000,0,20000,20000
059642,健策凱基99購04  ,0,0,0,0,0,0,0,0,0,20000,0,0,0,32000,12000,20000,20000
059579,聯發科元富99購06,0,0,0,0,0,0,0,0,0,20000,0,0,0,63000,43000,20000,20000
059562,上銀凱基99購09  ,0,0,0,0,0,0,0,0,0,20000,0,0,0,21000,1000,20000,20000
05318P,臺股指永昌95售03,0,0,0,0,0,0,0,0,0,20000,0,0,0,20000,0,20000,20000
053283,同欣電元大96購03,0,0,0,0,0,0,0,0,0,20000,0,0,0,20000,0,20000,20000
051916,和碩元大95購02  ,0,0,0,0,0,0,0,0,0,20000,0,0,0,20000,0,20000,20000
053199,旺宏日盛96購01  ,0,0,0,0,0,0,0,0,0,20000,0,0,0,240000,220000,20000,20000
051788,奇力新國票97購02,0,0,0,0,0,0,0,0,0,20000,0,0,0,20000,0,20000,20000
054624,台積電凱基98購03,0,0,0,0,0,0,0,0,0,20000,0,0,0,20000,0,20000,20000
053599,崇越元大96購01  ,0,0,0,0,0,0,0,0,0,20000,0,0,0,20000,0,20000,20000
054640,健策中信9B購01  ,0,0,0,0,0,0,0,0,0,20000,0,0,0,20000,0,20000,20000
053037,國巨凱基96購08  ,0,0,0,0,0,0,0,0,0,20000,0,0,0,20000,0,20000,20000
053019,禾伸堂元富96購01,0,0,0,0,0,0,0,0,0,20000,0,0,0,20000,0,20000,20000
054805,台苯元大9A購01  ,0,0,0,0,0,0,0,0,0,20000,0,0,0,30000,10000,20000,20000
052307,潤泰全國泰96購01,0,0,0,0,0,0,0,0,0,20000,0,0,0,20000,0,20000,20000
052244,廣達康和95購01  ,0,0,0,0,0,0,0,0,0,20000,0,0,0,20000,0,20000,20000
052739,國巨元大96購04  ,0,0,0,0,0,0,0,0,0,20000,0,0,0,20000,0,20000,20000
052555,漢唐國票97購01  ,0,0,0,0,0,0,0,0,0,20000,0,0,0,30000,10000,20000,20000
052843,鴻海統一96購09  ,0,0,0,0,0,0,0,0,0,20000,0,0,0,20000,0,20000,20000
051978,泰碩凱基96購01  ,0,0,0,0,0,0,0,0,0,20000,0,0,0,20000,0,20000,20000
053500,新日興兆豐97購01,0,0,0,0,0,0,0,0,0,20000,0,0,0,28000,8000,20000,20000
053966,旺宏元大96購08  ,0,0,0,0,0,0,0,0,0,20000,0,0,0,20000,0,20000,20000
053849,聯發科元富96購04,0,0,0,0,0,0,0,0,0,20000,0,0,0,20000,0,20000,20000
053815,聯發科群益96購01,0,0,0,0,0,0,0,0,0,20000,0,0,0,20000,0,20000,20000
053885,全新兆豐96購01  ,0,0,0,0,0,0,0,0,0,20000,0,0,0,20000,0,20000,20000
057860,金寶凱基98購01  ,0,0,0,0,0,0,0,0,0,20000,0,0,0,20000,0,20000,20000
057932,美律群益98購04  ,0,0,0,0,0,0,0,0,0,20000,0,0,0,20000,0,20000,20000
057817,景碩元大98購01  ,0,0,0,0,0,0,0,0,0,20000,0,0,0,28000,8000,20000,20000
057818,泰碩元大9A購01  ,0,0,0,0,0,0,0,0,0,20000,0,0,0,20000,0,20000,20000
054535,旺宏富邦97購02  ,0,0,0,0,0,0,0,0,0,20000,0,0,0,20000,0,20000,20000
054357,可成兆豐97購02  ,0,0,0,0,0,0,0,0,0,20000,0,0,0,20000,0,20000,20000
054372,南亞科中信96購01,0,0,0,0,0,0,0,0,0,20000,0,0,0,20000,0,20000,20000
054364,智伸科凱基96購01,0,0,0,0,0,0,0,0,0,20000,0,0,0,20000,0,20000,20000
054403,同欣電永豐96購02,0,0,0,0,0,0,0,0,0,20000,0,0,0,20000,0,20000,20000
054432,台積電台新96購05,0,0,0,0,0,0,0,0,0,20000,0,0,0,20000,0,20000,20000
054415,奇力新元大96購06,0,0,0,0,0,0,0,0,0,20000,0,0,0,20000,0,20000,20000
050092,鴻海永豐94購04  ,0,0,0,0,0,0,0,0,0,20000,0,0,0,20000,0,20000,20000
049762,華邦電國泰95購01,0,0,0,0,0,0,0,0,0,20000,0,0,0,20000,0,20000,20000
049796,國巨元大94購10  ,0,0,0,0,0,0,0,0,0,20000,0,0,0,20000,0,20000,20000
050814,微星凱基95購01  ,0,0,0,0,0,0,0,0,0,20000,0,0,0,20000,0,20000,20000
050687,上銀日盛94購01  ,0,0,0,0,0,0,0,0,0,20000,0,0,0,20000,0,20000,20000
050705,南電凱基96購01  ,0,0,0,0,0,0,0,0,0,20000,0,0,0,20000,0,20000,20000
049552,鴻海國泰96購01  ,0,0,0,0,0,0,0,0,0,20000,0,0,0,20000,0,20000,20000
050493,聯發科永昌96購01,0,0,0,0,0,0,0,0,0,20000,0,0,0,20000,0,20000,20000
050500,台積電凱基94購36,0,0,0,0,0,0,0,0,0,20000,0,0,0,30000,10000,20000,20000
050420,鴻海凱基95購03  ,0,0,0,0,0,0,0,0,0,20000,0,0,0,92000,72000,20000,20000
050369,台積電元大94購23,0,0,0,0,0,0,0,0,0,20000,0,0,0,20000,0,20000,20000
050576,南亞科國票95購01,0,0,0,0,0,0,0,0,0,20000,0,0,0,20000,0,20000,20000
050325,台積電永豐94購05,0,0,0,0,0,0,0,0,0,20000,0,0,0,20000,0,20000,20000
050307,欣興中信95購01  ,0,0,0,0,0,0,0,0,0,20000,0,0,0,20000,0,20000,20000
048998,玉晶光國票95購03,0,0,0,0,0,0,0,0,0,20000,0,0,0,20000,0,20000,20000
051103,緯穎元大96購03  ,0,0,0,0,0,0,0,0,0,20000,0,0,0,20000,0,20000,20000
051149,可成凱基95購04  ,0,0,0,0,0,0,0,0,0,20000,0,0,0,20000,0,20000,20000
051213,華新科統一95購01,0,0,0,0,0,0,0,0,0,20000,0,0,0,20000,0,20000,20000
051340,健策永豐95購03  ,0,0,0,0,0,0,0,0,0,20000,0,0,0,20000,0,20000,20000
051311,瑞昱麥證95購01  ,0,0,0,20000,0,20000,0,0,0,20000,0,0,0,20000,0,20000,20000
051254,健策元大96購04  ,0,0,0,0,0,0,0,0,0,20000,0,0,0,20000,0,20000,20000
04845P,台積電凱基94售33,0,0,0,0,0,0,0,0,0,20000,0,0,0,20000,0,20000,20000
045437,大立光統一94購02,0,0,0,0,0,0,0,0,0,20000,0,0,0,20000,0,20000,20000
051024,南亞科統一95購01,0,0,0,0,0,0,0,0,0,20000,0,0,0,20000,0,20000,20000
045856,南亞科國泰94購01,0,0,0,0,0,0,0,0,0,20000,0,0,0,20000,0,20000,20000
047529,嘉晶元大94購02  ,0,0,0,0,0,0,0,0,0,20000,0,0,0,20000,0,20000,20000
055827,中石化元大98購01,0,0,0,0,0,0,0,0,0,20000,0,0,0,20000,0,20000,20000
055829,上銀元大97購06  ,0,0,0,0,0,0,0,0,0,20000,0,0,0,20000,0,20000,20000
055840,南亞科元大97購03,0,0,0,0,0,0,0,0,0,20000,0,0,0,20000,0,20000,20000
056744,麗豐凱基9A購01  ,0,0,0,0,0,0,0,0,0,20000,0,0,0,20000,0,20000,20000
056754,智易兆豐99購01  ,0,0,0,0,0,0,0,0,0,20000,0,0,0,20000,0,20000,20000
056106,晶相光永豐97購02,0,0,0,0,0,0,0,0,0,20000,0,0,0,20000,0,20000,20000
056359,旺宏元大9A購01  ,0,0,0,0,0,0,0,0,0,20000,0,0,0,20000,0,20000,20000
056315,同欣電元大97購05,0,0,0,0,0,0,0,0,0,20000,0,0,0,20000,0,20000,20000
056316,訊芯元大98購03  ,0,0,0,0,0,0,0,0,0,20000,0,0,0,20000,0,20000,20000
055445,旺宏統一99購01  ,0,0,0,0,0,0,0,0,0,20000,0,0,0,20000,0,20000,20000
054971,帆宣元大97購02  ,0,0,0,0,0,0,0,0,0,20000,0,0,0,20000,0,20000,20000
055298,啟碁元大97購02  ,0,0,0,0,0,0,0,0,0,20000,0,0,0,20000,0,20000,20000
055346,國巨凱基98購02  ,0,0,0,0,0,0,0,0,0,20000,0,0,0,20000,0,20000,20000
055096,緯穎群益97購01  ,0,0,0,0,0,0,0,0,0,20000,0,0,0,20000,0,20000,20000
055653,聯詠元富01購02  ,0,0,0,0,0,0,0,0,0,20000,0,0,0,321000,301000,20000,20000
058701,鴻海元大99購16  ,0,0,0,0,0,0,0,0,0,20000,0,0,0,20000,0,20000,20000
056651,聯茂凱基98購04  ,0,0,0,0,0,0,0,0,0,20000,0,0,0,30000,10000,20000,20000
056564,亞光群益98購02  ,0,0,0,0,0,0,0,0,0,20000,0,0,0,20000,0,20000,20000
057712,南亞科統一9A購01,0,0,0,0,0,0,0,0,0,20000,0,0,0,20000,0,20000,20000
057709,電子類群益98購01,0,0,0,0,0,0,0,0,0,20000,0,0,0,20000,0,20000,20000
055608,華邦電康和97購01,0,0,0,0,0,0,0,0,0,20000,0,0,0,20000,0,20000,20000
055579,健策統一9A購01  ,0,0,0,0,0,0,0,0,0,20000,0,0,0,20000,0,20000,20000
056490,台積電國泰99購01,0,0,0,0,0,0,0,0,0,20000,0,0,0,20000,0,20000,20000
055520,矽力中信97購02  ,0,0,0,0,0,0,0,0,0,20000,0,0,0,100000,80000,20000,20000
057127,旺宏凱基98購09  ,0,0,0,0,0,0,0,0,0,20000,0,0,0,20000,0,20000,20000
057141,嘉聯益兆豐99購01,0,0,0,0,0,0,0,0,0,20000,0,0,0,20000,0,20000,20000
057149,京鼎國票99購02  ,0,0,0,0,0,0,0,0,0,20000,0,0,0,20000,0,20000,20000
057157,群創富邦98購02  ,0,0,0,0,0,0,0,0,0,20000,0,0,0,20000,0,20000,20000
058332,鴻海元富99購03  ,0,0,0,0,0,0,0,0,0,20000,0,0,0,20000,0,20000,20000
056061,國泰金元大97購02,0,0,0,0,0,0,0,0,0,20000,0,0,0,20000,0,20000,20000
058257,聯陽國泰9B購01  ,0,0,0,0,0,0,0,0,0,20000,0,0,0,20000,0,20000,20000
056793,臺股指群益98購03,0,0,0,0,0,0,0,0,0,20000,0,0,0,20000,0,20000,20000
054870,新日興群益98購01,0,0,0,0,0,0,0,0,0,20000,0,0,0,20000,0,20000,20000
057109,信邦群益98購01  ,0,0,0,0,0,0,0,0,0,20000,0,0,0,20000,0,20000,20000
057503,世紀鋼群益98購02,0,0,0,0,0,0,0,0,0,20000,0,0,0,20000,0,20000,20000
057042,台積電元大98購10,0,0,0,0,0,0,0,0,0,20000,0,0,0,20000,0,20000,20000
057291,國巨國泰9A購01  ,0,0,0,0,0,0,0,0,0,20000,0,0,0,20000,0,20000,20000
055931,冠德群益97購02  ,0,0,0,0,0,0,0,0,0,20000,0,0,0,20000,0,20000,20000
056948,旺宏統一9A購01  ,0,0,0,0,0,0,0,0,0,20000,0,0,0,20000,0,20000,20000
059295,大立光元富99購05,0,0,0,0,0,0,0,0,0,20000,0,0,0,80000,60000,20000,20000
059696,立積永豐99購03  ,0,0,0,0,0,0,0,0,0,19000,0,0,0,44000,25000,19000,19000
060146,健策國票9A購03  ,0,0,0,0,0,0,0,0,0,19000,0,0,0,19000,0,19000,19000
06844P,智邦元大98售13  ,0,0,0,0,0,0,0,0,0,19000,0,0,0,20000,1000,19000,19000
1474,弘裕            ,19000,0,19000,0,0,0,0,0,0,0,0,0,0,0,0,0,19000
1517,利奇            ,19000,0,19000,0,0,0,0,0,0,0,0,0,0,0,0,0,19000
5264,鎧勝-KY         ,506000,480000,26000,0,0,0,0,0,0,-7000,6000,46000,-40000,37000,4000,33000,19000
6666,羅麗芬-KY       ,19000,0,19000,0,0,0,0,0,0,0,0,0,0,0,0,0,19000
3679,新至陞          ,26000,9000,17000,0,0,0,0,0,0,2000,2000,0,2000,0,0,0,19000
00736,國泰新興市場    ,0,0,0,0,0,0,0,0,0,19000,0,0,0,119000,100000,19000,19000
051471,國巨凱基97購01  ,2000,0,2000,0,0,0,0,0,0,17000,0,0,0,17000,0,17000,19000
050553,緯穎凱基94購06  ,0,0,0,0,0,0,0,0,0,19000,0,0,0,19000,0,19000,19000
05443P,宏達電元大95售05,0,0,0,0,0,0,0,0,0,19000,0,0,0,65000,46000,19000,19000
057950,T50正2元大9B購04,0,0,0,0,0,0,0,0,0,19000,0,0,0,19000,0,19000,19000
054638,國泰金中信99購01,0,0,0,0,0,0,0,0,0,19000,0,0,0,30000,11000,19000,19000
053257,華通富邦97購01  ,0,0,0,0,0,0,0,0,0,19000,0,0,0,19000,0,19000,19000
059352,台灣50富邦01購01,0,0,0,0,0,0,0,0,0,19000,0,0,0,19000,0,19000,19000
056045,勤誠凱基97購01  ,0,0,0,0,0,0,0,0,0,19000,0,0,0,151000,132000,19000,19000
056667,上銀國票99購01  ,0,0,0,0,0,0,0,0,0,19000,0,0,0,19000,0,19000,19000
058934,台灣50中信03購03,0,0,0,0,0,0,0,0,0,19000,0,0,0,19000,0,19000,19000
055294,智易元大98購01  ,0,0,0,0,0,0,0,0,0,19000,0,0,0,19000,0,19000,19000
055738,玉山金元富97購01,0,0,0,0,0,0,0,0,0,19000,0,0,0,19000,0,19000,19000
3705,永信            ,138000,130000,8000,0,0,0,0,0,0,10000,10000,0,10000,0,0,0,18000
2642,宅配通          ,52000,34000,18000,0,0,0,0,0,0,0,0,0,0,0,0,0,18000
2616,山隆            ,70000,52000,18000,0,0,0,0,0,0,0,0,0,0,0,0,0,18000
6215,和椿            ,18000,0,18000,0,0,0,0,0,0,0,0,0,0,0,0,0,18000
5288,豐祥-KY         ,60000,37000,23000,0,0,0,0,0,0,-5000,0,5000,-5000,0,0,0,18000
07409P,台積電台新99售07,0,0,0,0,0,0,0,0,0,18000,0,0,0,35000,17000,18000,18000
06857P,超眾永豐98售02  ,0,0,0,0,0,0,0,0,0,18000,0,0,0,18000,0,18000,18000
059568,台積電凱基9A購13,0,0,0,0,0,0,0,0,0,18000,0,0,0,22000,4000,18000,18000
060095,聯發科元大99購42,0,0,0,0,0,0,0,0,0,18000,0,0,0,28000,10000,18000,18000
053159,同欣電元大96購02,0,0,0,0,0,0,0,0,0,18000,0,0,0,250000,232000,18000,18000
051688,大立光凱基97購02,0,0,0,0,0,0,0,0,0,18000,0,0,0,18000,0,18000,18000
051631,國巨國票96購06  ,0,0,0,0,0,0,0,0,0,18000,0,0,0,18000,0,18000,18000
052385,滬深2X群益99購05,0,0,0,0,0,0,0,0,0,18000,0,0,0,18000,0,18000,18000
053308,智易凱基96購02  ,0,0,0,0,0,0,0,0,0,18000,0,0,0,30000,12000,18000,18000
057935,晶技群益98購02  ,0,0,0,0,0,0,0,0,0,18000,0,0,0,116000,98000,18000,18000
057762,全新凱基99購03  ,0,0,0,0,0,0,0,0,0,18000,0,0,0,18000,0,18000,18000
054130,漢唐元大97購02  ,0,0,0,0,0,0,0,0,0,18000,0,0,0,28000,10000,18000,18000
054489,牧德台新97購02  ,0,0,0,0,0,0,0,0,0,18000,0,0,0,1257000,1239000,18000,18000
054457,強茂群益96購01  ,0,0,0,0,0,0,0,0,0,18000,0,0,0,18000,0,18000,18000
054532,強茂國泰98購01  ,0,0,0,0,0,0,0,0,0,18000,0,0,0,18000,0,18000,18000
049628,臺股指群益94購01,0,0,0,0,0,0,0,0,0,18000,0,0,0,20000,2000,18000,18000
03052X,元展49          ,0,0,0,0,0,0,0,0,0,18000,0,0,0,20000,2000,18000,18000
050982,台積電國泰96購04,0,0,0,0,0,0,0,0,0,18000,0,0,0,18000,0,18000,18000
05573P,仁寶元富96售02  ,0,0,0,0,0,0,0,0,0,18000,0,0,0,18000,0,18000,18000
055233,康友國票98購01  ,0,0,0,0,0,0,0,0,0,18000,0,0,0,21000,3000,18000,18000
058993,滬深反元大9C購01,0,0,0,0,0,0,0,0,0,18000,0,0,0,18000,0,18000,18000
058011,台虹國票99購01  ,0,0,0,0,0,0,0,0,0,18000,0,0,0,18000,0,18000,18000
056517,茂林兆豐99購01  ,0,0,0,0,0,0,0,0,0,18000,0,0,0,388000,370000,18000,18000
056535,全新凱基99購02  ,0,0,0,0,0,0,0,0,0,18000,0,0,0,42000,24000,18000,18000
058263,大成鋼永豐99購01,0,0,0,0,0,0,0,0,0,18000,0,0,0,82000,64000,18000,18000
056011,矽力中信99購01  ,0,0,0,0,0,0,0,0,0,18000,0,0,0,34000,16000,18000,18000
059459,訊芯永豐99購04  ,0,0,0,0,0,0,0,0,0,18000,0,0,0,226000,208000,18000,18000
058687,聯茂凱基9A購01  ,0,0,0,0,0,0,0,0,0,18000,0,0,0,48000,30000,18000,18000
9905,大華            ,18000,0,18000,0,0,0,0,0,0,0,0,0,0,0,0,0,18000
9941A,裕融甲特        ,0,0,0,0,0,0,0,0,0,18000,18000,0,18000,0,0,0,18000
2889,國票金          ,1178000,1056200,121800,0,0,0,31000,0,31000,-135000,34000,169000,-135000,0,0,0,17800
2476,鉅祥            ,30000,0,30000,0,0,0,0,0,0,-13000,0,13000,-13000,0,0,0,17000
2891C,中信金丙特      ,0,0,0,0,0,0,0,0,0,17000,17000,0,17000,0,0,0,17000
5258,虹堡            ,55000,37000,18000,0,0,0,0,0,0,-1000,0,1000,-1000,0,0,0,17000
4994,傳奇            ,110000,97000,13000,0,0,0,0,0,0,4000,1000,0,1000,3000,0,3000,17000
6235,華孚            ,47000,30000,17000,0,0,0,0,0,0,0,0,0,0,0,0,0,17000
07246P,旺宏凱基99售08  ,0,0,0,0,0,0,0,0,0,17000,0,0,0,257000,240000,17000,17000
2433,互盛電          ,34000,2000,32000,0,0,0,0,0,0,-15000,0,15000,-15000,0,0,0,17000
059573,健策凱基9A購02  ,0,0,0,0,0,0,0,0,0,17000,0,0,0,69000,52000,17000,17000
059469,智邦元大99購03  ,0,0,0,0,0,0,0,0,0,17000,0,0,0,38000,21000,17000,17000
05947P,大成鋼元大96售03,0,0,0,0,0,0,0,0,0,17000,0,0,0,58000,41000,17000,17000
059723,美律元大9A購02  ,0,0,0,0,0,0,0,0,0,17000,0,0,0,81000,64000,17000,17000
06858P,道瓊指中信9B售01,0,0,0,0,0,0,0,0,0,17000,0,0,0,17000,0,17000,17000
06873P,嘉晶元富98售02  ,0,0,0,0,0,0,0,0,0,17000,0,0,0,17000,0,17000,17000
07075P,FBVIX凱基9C售04 ,0,0,0,0,0,0,0,0,0,17000,0,0,0,17000,0,17000,17000
048460,盛群凱基94購01  ,0,0,0,0,0,0,0,0,0,17000,0,0,0,17000,0,17000,17000
051401,華新科永豐95購01,0,0,0,0,0,0,0,0,0,17000,0,0,0,19000,2000,17000,17000
053552,華新科凱基96購08,0,0,0,0,0,0,0,0,0,17000,0,0,0,17000,0,17000,17000
053754,英業達元富96購02,0,0,0,0,0,0,0,0,0,17000,0,0,0,367000,350000,17000,17000
058137,玉晶光元大99購11,0,0,0,0,0,0,0,0,0,17000,0,0,0,52000,35000,17000,17000
058138,晶相光元大9C購01,0,0,0,0,0,0,0,0,0,17000,0,0,0,17000,0,17000,17000
053286,臺股指元大96購14,0,0,0,0,0,0,0,0,0,17000,0,0,0,17000,0,17000,17000
051789,嘉澤國票96購01  ,0,0,0,0,0,0,0,0,0,17000,0,0,0,17000,0,17000,17000
051784,國巨兆豐95購01  ,0,0,0,0,0,0,0,0,0,17000,0,0,0,27000,10000,17000,17000
059434,全新元大99購05  ,0,0,0,0,0,0,0,0,0,17000,0,0,0,49000,32000,17000,17000
059319,台光電元大99購04,0,0,0,0,0,0,0,0,0,17000,0,0,0,17000,0,17000,17000
05924P,超眾元富96售04  ,0,0,0,0,0,0,0,0,0,17000,0,0,0,17000,0,17000,17000
058255,臺股指元大9A購19,0,0,0,0,0,0,0,0,0,17000,0,0,0,17000,0,17000,17000
057143,台郡兆豐98購01  ,0,0,0,0,0,0,0,0,0,17000,0,0,0,17000,0,17000,17000
056996,矽力日盛99購01  ,0,0,0,0,0,0,0,0,0,17000,0,0,0,17000,0,17000,17000
057721,華擎元富98購02  ,0,0,0,0,0,0,0,0,0,17000,0,0,0,26000,9000,17000,17000
055683,晶技凱基99購01  ,0,0,0,0,0,0,0,0,0,17000,0,0,0,17000,0,17000,17000
055703,緯穎富邦98購01  ,0,0,0,0,0,0,0,0,0,17000,0,0,0,117000,100000,17000,17000
05888P,友達元大97售01  ,0,0,0,0,0,0,0,0,0,17000,0,0,0,50000,33000,17000,17000
055206,台虹中信97購01  ,0,0,0,0,0,0,0,0,0,17000,0,0,0,17000,0,17000,17000
9924,福興            ,55000,38000,17000,0,0,0,0,0,0,0,0,0,0,0,0,0,17000
07118P,台積電凱基99售09,0,0,0,0,0,0,0,0,0,16000,0,0,0,20000,4000,16000,16000
06780P,義隆元大98售02  ,0,0,0,0,0,0,0,0,0,16000,0,0,0,158000,142000,16000,16000
059772,可成群益9A購05  ,0,0,0,0,0,0,0,0,0,16000,0,0,0,50000,34000,16000,16000
059587,華通元大9A購01  ,0,0,0,0,0,0,0,0,0,16000,0,0,0,36000,20000,16000,16000
2443,億麗            ,17000,1000,16000,0,0,0,0,0,0,0,0,0,0,0,0,0,16000
2015,豐興            ,334000,283000,51000,0,0,0,6000,0,6000,-41000,0,41000,-41000,0,0,0,16000
07310P,大立光凱基99售12,0,0,0,0,0,0,0,0,0,16000,0,0,0,16000,0,16000,16000
6164,華興            ,19000,3000,16000,0,0,0,0,0,0,0,0,0,0,0,0,0,16000
051634,大立光國票96購03,0,0,0,0,0,0,0,0,0,16000,0,0,0,16000,0,16000,16000
053149,京元電元大96購02,0,0,0,0,0,0,0,0,0,16000,0,0,0,16000,0,16000,16000
058186,聯發科永豐99購01,0,0,0,0,0,0,0,0,0,16000,0,0,0,16000,0,16000,16000
050093,國巨永豐94購05  ,0,0,0,0,0,0,0,0,0,16000,0,0,0,16000,0,16000,16000
050005,京鼎永豐94購01  ,0,0,0,0,0,0,0,0,0,16000,0,0,0,16000,0,16000,16000
050516,華通元大95購05  ,0,0,0,0,0,0,0,0,0,16000,0,0,0,16000,0,16000,16000
051462,世芯國泰97購01  ,0,0,0,0,0,0,0,0,0,16000,0,0,0,16000,0,16000,16000
05020P,廣達中信95售01  ,0,0,0,0,0,0,0,0,0,16000,0,0,0,16000,0,16000,16000
047895,台積電群益94購04,0,0,0,0,0,0,0,0,0,16000,0,0,0,16000,0,16000,16000
047383,鴻海元大95購01  ,0,0,0,0,0,0,0,0,0,16000,0,0,0,16000,0,16000,16000
00753L,中信中國50正2   ,0,0,0,0,0,0,0,0,0,16000,0,0,0,242000,226000,16000,16000
054967,神達元大97購01  ,0,0,0,0,0,0,0,0,0,16000,0,0,0,16000,0,16000,16000
055689,台郡凱基99購01  ,0,0,0,0,0,0,0,0,0,16000,0,0,0,319000,303000,16000,16000
056584,鴻海統一9B購01  ,0,0,0,0,0,0,0,0,0,16000,0,0,0,16000,0,16000,16000
058695,元油2X元大9C購03,0,0,0,0,0,0,0,0,0,16000,0,0,0,16000,0,16000,16000
055563,智易凱基97購02  ,0,0,0,0,0,0,0,0,0,16000,0,0,0,21000,5000,16000,16000
057507,貿聯國票98購02  ,0,0,0,0,0,0,0,0,0,16000,0,0,0,20000,4000,16000,16000
057632,傳奇永豐98購01  ,0,0,0,0,0,0,0,0,0,16000,0,0,0,16000,0,16000,16000
058354,台積電凱基9A購06,0,0,0,0,0,0,0,0,0,16000,0,0,0,16000,0,16000,16000
055989,矽力元富9A購01  ,0,0,0,0,0,0,0,0,0,16000,0,0,0,43000,27000,16000,16000
05598P,國巨元富96售03  ,0,0,0,0,0,0,0,0,0,16000,0,0,0,16000,0,16000,16000
059316,國巨元大99購23  ,0,0,0,0,0,0,0,0,0,16000,0,0,0,239000,223000,16000,16000
8454,富邦媒          ,46051,25000,21051,0,0,0,0,0,0,-6000,1000,7000,-6000,0,0,0,15051
3257,虹冠電          ,23000,8000,15000,0,0,0,0,0,0,0,0,0,0,0,0,0,15000
2465,麗臺            ,15000,0,15000,0,0,0,0,0,0,0,0,0,0,0,0,0,15000
07343P,高鐵康和99售01  ,0,0,0,0,0,0,0,0,0,15000,0,0,0,20000,5000,15000,15000
1416,廣豐            ,15000,0,15000,0,0,0,0,0,0,0,0,0,0,0,0,0,15000
1730,花仙子          ,36000,21000,15000,0,0,0,0,0,0,0,0,0,0,0,0,0,15000
059567,台積電凱基9A購12,0,0,0,0,0,0,0,0,0,15000,0,0,0,19000,4000,15000,15000
05976P,國巨凱基96售14  ,0,0,0,0,0,0,0,0,0,15000,0,0,0,91000,76000,15000,15000
060066,欣興兆豐9B購01  ,0,0,0,0,0,0,0,0,0,15000,0,0,0,30000,15000,15000,15000
05999P,世芯元大96售01  ,0,0,0,0,0,0,0,0,0,15000,0,0,0,15000,0,15000,15000
06419P,國巨統一97售09  ,0,0,0,0,0,0,0,0,0,15000,0,0,0,15000,0,15000,15000
06434P,超眾群益98售02  ,0,0,0,0,0,0,0,0,0,15000,0,0,0,15000,0,15000,15000
06306P,臺股指元大97售12,0,0,0,0,0,0,0,0,0,15000,0,0,0,15000,0,15000,15000
06850P,聯茂元大98售06  ,0,0,0,0,0,0,0,0,0,15000,0,0,0,15000,0,15000,15000
06961P,台積電凱基99售05,0,0,0,0,0,0,0,0,0,15000,0,0,0,15000,0,15000,15000
060158,廣達永豐9A購01  ,0,0,0,0,0,0,0,0,0,15000,0,0,0,15000,0,15000,15000
060260,京鼎凱基9C購01  ,0,0,0,0,0,0,0,0,0,15000,0,0,0,47000,32000,15000,15000
060223,台灣50元大9A購05,0,0,0,0,0,0,0,0,0,15000,0,0,0,17000,2000,15000,15000
06133P,帆宣元富97售02  ,0,0,0,0,0,0,0,0,0,15000,0,0,0,15000,0,15000,15000
04798P,牧德元大95售02  ,0,0,0,0,0,0,0,0,0,15000,0,0,0,15000,0,15000,15000
047491,旺宏統一94購03  ,0,0,0,0,0,0,0,0,0,15000,0,0,0,15000,0,15000,15000
048664,華新科統一94購01,0,0,0,0,0,0,0,0,0,15000,0,0,0,15000,0,15000,15000
051056,華新科群益95購03,0,0,0,0,0,0,0,0,0,15000,0,0,0,15000,0,15000,15000
044717,旺宏統一94購01  ,0,0,0,0,0,0,0,0,0,15000,0,0,0,15000,0,15000,15000
04289P,臺股指中信95售07,0,0,0,0,0,0,0,0,0,15000,0,0,0,15000,0,15000,15000
051576,台積電元大97購02,0,0,0,0,0,0,0,0,0,15000,0,0,0,15000,0,15000,15000
049017,旺宏群益96購03  ,0,0,0,0,0,0,0,0,0,15000,0,0,0,15000,0,15000,15000
049659,旺宏台新95購01  ,0,0,0,0,0,0,0,0,0,15000,0,0,0,15000,0,15000,15000
049599,樺漢元大95購01  ,0,0,0,0,0,0,0,0,0,15000,0,0,0,15000,0,15000,15000
049551,電子類群益94購01,0,0,0,0,0,0,0,0,0,15000,0,0,0,15000,0,15000,15000
049491,聯發科元大95購01,0,0,0,0,0,0,0,0,0,15000,0,0,0,15000,0,15000,15000
050724,國巨國票96購01  ,0,0,0,0,0,0,0,0,0,15000,0,0,0,15000,0,15000,15000
052923,台積電永豐96購02,0,0,0,0,0,0,0,0,0,15000,0,0,0,15000,0,15000,15000
05427P,聯發科凱基96售07,0,0,0,0,0,0,0,0,0,15000,0,0,0,21000,6000,15000,15000
054282,泰鼎群益98購02  ,0,0,0,0,0,0,0,0,0,15000,0,0,0,15000,0,15000,15000
054246,國巨元大96購12  ,0,0,0,0,0,0,0,0,0,15000,0,0,0,15000,0,15000,15000
057776,京元電群益98購02,0,0,0,0,0,0,0,0,0,15000,0,0,0,15000,0,15000,15000
058235,大立光元大99購08,0,0,0,0,0,0,0,0,0,15000,0,0,0,15000,0,15000,15000
057934,華新科群益98購07,0,0,0,0,0,0,0,0,0,15000,0,0,0,15000,0,15000,15000
054102,百和國票97購04  ,0,0,0,0,0,0,0,0,0,15000,0,0,0,15000,0,15000,15000
054053,聯茂元大96購01  ,0,0,0,0,0,0,0,0,0,15000,0,0,0,16000,1000,15000,15000
052174,聯發科元大95購13,0,0,0,0,0,0,0,0,0,15000,0,0,0,15000,0,15000,15000
053206,聯發科麥證96購02,0,0,0,15000,0,15000,0,0,0,15000,0,0,0,15000,0,15000,15000
054556,世芯凱基99購01  ,0,0,0,0,0,0,0,0,0,15000,0,0,0,15000,0,15000,15000
053648,台積電凱基97購04,0,0,0,0,0,0,0,0,0,15000,0,0,0,15000,0,15000,15000
054661,嘉聯益元大97購03,0,0,0,0,0,0,0,0,0,15000,0,0,0,15000,0,15000,15000
053371,滬深2X元大99購01,0,0,0,0,0,0,0,0,0,15000,0,0,0,15000,0,15000,15000
052751,臺股指元大96購05,0,0,0,0,0,0,0,0,0,15000,0,0,0,15000,0,15000,15000
059297,大立光元富9C購01,0,0,0,0,0,0,0,0,0,15000,0,0,0,21000,6000,15000,15000
059466,國巨元大99購26  ,0,0,0,0,0,0,0,0,0,15000,0,0,0,80000,65000,15000,15000
059360,全新永豐99購02  ,0,0,0,0,0,0,0,0,0,15000,0,0,0,40000,25000,15000,15000
056978,技嘉群益99購01  ,0,0,0,0,0,0,0,0,0,15000,0,0,0,18000,3000,15000,15000
055876,美食元富9A購01  ,0,0,0,0,0,0,0,0,0,15000,0,0,0,15000,0,15000,15000
058633,台灣50兆豐99購01,0,0,0,0,0,0,0,0,0,15000,0,0,0,25000,10000,15000,15000
059077,FBVIX元大99購05 ,0,0,0,0,0,0,0,0,0,15000,0,0,0,15000,0,15000,15000
055993,致茂國泰99購01  ,0,0,0,0,0,0,0,0,0,15000,0,0,0,15000,0,15000,15000
056782,鴻海群益98購04  ,0,0,0,0,0,0,0,0,0,15000,0,0,0,15000,0,15000,15000
056877,群創凱基99購04  ,0,0,0,0,0,0,0,0,0,15000,0,0,0,19000,4000,15000,15000
058400,聯發科元大99購09,0,0,0,0,0,0,0,0,0,15000,0,0,0,21000,6000,15000,15000
058422,百和麥證99購01  ,0,0,0,20000,155000,-135000,0,0,0,15000,0,0,0,170000,155000,15000,15000
054914,億光凱基98購01  ,0,0,0,0,0,0,0,0,0,15000,0,0,0,15000,0,15000,15000
057017,和大凱基98購01  ,0,0,0,0,0,0,0,0,0,15000,0,0,0,45000,30000,15000,15000
056995,華新科日盛99購01,0,0,0,0,0,0,0,0,0,15000,0,0,0,15000,0,15000,15000
05720P,可成中信98售01  ,0,0,0,0,0,0,0,0,0,15000,0,0,0,15000,0,15000,15000
057180,華新科元大99購08,0,0,0,0,0,0,0,0,0,15000,0,0,0,15000,0,15000,15000
055524,鴻海群益98購01  ,0,0,0,0,0,0,0,0,0,15000,0,0,0,15000,0,15000,15000
058076,神達凱基98購02  ,0,0,0,0,0,0,0,0,0,15000,0,0,0,15000,0,15000,15000
058064,華邦電亞東99購01,0,0,0,0,0,0,0,0,0,15000,0,0,0,15000,0,15000,15000
057713,美律統一99購01  ,0,0,0,0,0,0,0,0,0,15000,0,0,0,15000,0,15000,15000
056546,致伸凱基98購01  ,0,0,0,0,0,0,0,0,0,15000,0,0,0,15000,0,15000,15000
058715,鴻海台新99購02  ,0,0,0,0,0,0,0,0,0,15000,0,0,0,15000,0,15000,15000
05566P,景碩永豐96售01  ,0,0,0,0,0,0,0,0,0,15000,0,0,0,15000,0,15000,15000
058884,世紀鋼永豐99購02,0,0,0,0,0,0,0,0,0,15000,0,0,0,15000,0,15000,15000
058849,奇力新群益99購02,0,0,0,0,0,0,0,0,0,15000,0,0,0,15000,0,15000,15000
058760,嘉晶群益9A購01  ,0,0,0,0,0,0,0,0,0,15000,0,0,0,15000,0,15000,15000
055508,矽力元大97購01  ,0,0,0,0,0,0,0,0,0,15000,0,0,0,15000,0,15000,15000
055368,台積電元大97購24,0,0,0,0,0,0,0,0,0,15000,0,0,0,15000,0,15000,15000
055429,華新科群益99購01,0,0,0,0,0,0,0,0,0,15000,0,0,0,15000,0,15000,15000
055280,智邦元大97購01  ,0,0,0,0,0,0,0,0,0,15000,0,0,0,15000,0,15000,15000
056386,TPK國泰99購01   ,0,0,0,0,0,0,0,0,0,15000,0,0,0,15000,0,15000,15000
056368,祥碩元大98購02  ,0,0,0,0,0,0,0,0,0,15000,0,0,0,15000,0,15000,15000
056310,神達元大97購02  ,0,0,0,0,0,0,0,0,0,15000,0,0,0,15000,0,15000,15000
056206,泰鼎永豐97購01  ,0,0,0,0,0,0,0,0,0,15000,0,0,0,15000,0,15000,15000
056751,和大兆豐98購01  ,0,0,0,0,0,0,0,0,0,15000,0,0,0,25000,10000,15000,15000
056724,臻鼎中信9A購01  ,0,0,0,0,0,0,0,0,0,15000,0,0,0,15000,0,15000,15000
055801,景碩永豐97購02  ,0,0,0,0,0,0,0,0,0,15000,0,0,0,215000,200000,15000,15000
9944,新麗            ,118000,103000,15000,0,0,0,0,0,0,0,0,0,0,0,0,0,15000
07008P,台郡中信99售02  ,0,0,0,0,0,0,0,0,0,14000,0,0,0,15000,1000,14000,14000
059947,貿聯永豐99購03  ,0,0,0,0,0,0,0,0,0,14000,0,0,0,84000,70000,14000,14000
059511,宏達電永豐99購02,0,0,0,0,0,0,0,0,0,14000,0,0,0,68000,54000,14000,14000
1737,臺鹽            ,33000,19000,14000,0,0,0,0,0,0,0,0,0,0,0,0,0,14000
2114,鑫永銓          ,14000,0,14000,0,0,0,0,0,0,0,0,0,0,0,0,0,14000
07392P,台積電國泰02售01,0,0,0,0,0,0,0,0,0,14000,0,0,0,31000,17000,14000,14000
07456P,華新科元大9A售06,0,0,0,0,0,0,0,0,0,14000,0,0,0,14000,0,14000,14000
08447P,緯穎永豐9C售02  ,0,0,0,0,0,0,0,0,0,14000,0,0,0,14000,0,14000,14000
052765,新日興群益97購01,0,0,0,0,0,0,0,0,0,14000,0,0,0,14000,0,14000,14000
054717,亞德客永豐97購01,0,0,0,0,0,0,0,0,0,14000,0,0,0,37000,23000,14000,14000
054803,味全元大9A購01  ,0,0,0,0,0,0,0,0,0,14000,0,0,0,14000,0,14000,14000
053635,技嘉永豐96購01  ,0,0,0,0,0,0,0,0,0,14000,0,0,0,105000,91000,14000,14000
058088,鴻海元大9A購01  ,0,0,0,0,0,0,0,0,0,14000,0,0,0,14000,0,14000,14000
054520,健鼎元大96購02  ,0,0,0,0,0,0,0,0,0,14000,0,0,0,14000,0,14000,14000
05057P,鴻海國票96售01  ,0,0,0,0,0,0,0,0,0,14000,0,0,0,14000,0,14000,14000
046476,鴻海統一96購01  ,0,0,0,0,0,0,0,0,0,14000,0,0,0,14000,0,14000,14000
046492,旺宏富邦94購02  ,0,0,0,0,0,0,0,0,0,14000,0,0,0,14000,0,14000,14000
056414,國巨中信98購02  ,0,0,0,0,0,0,0,0,0,14000,0,0,0,14000,0,14000,14000
055440,矽力國票98購01  ,0,0,0,0,0,0,0,0,0,14000,0,0,0,14000,0,14000,14000
057744,健策永豐98購02  ,0,0,0,0,0,0,0,0,0,14000,0,0,0,82000,68000,14000,14000
058517,景碩元大99購06  ,0,0,0,0,0,0,0,0,0,14000,0,0,0,22000,8000,14000,14000
059204,台灣50元大01購02,0,0,0,0,0,0,0,0,0,14000,0,0,0,14000,0,14000,14000
1307,三芳            ,28000,15000,13000,0,0,0,0,0,0,0,0,0,0,0,0,0,13000
07359P,台積電元大99售45,0,0,0,0,0,0,0,0,0,13000,0,0,0,45000,32000,13000,13000
2428,興勤            ,140000,137000,3000,0,0,0,0,0,0,10000,2000,0,2000,12000,4000,8000,13000
2362,藍天            ,169000,127000,42000,0,0,0,0,0,0,-29000,0,29000,-29000,0,0,0,13000
2497,怡利電          ,13000,0,13000,0,0,0,0,0,0,0,0,0,0,0,0,0,13000
3030,德律            ,171000,147000,24000,0,0,0,0,0,0,-11000,0,11000,-11000,0,0,0,13000
8101,華冠            ,13000,0,13000,0,0,0,0,0,0,0,0,0,0,0,0,0,13000
059479,國巨群益99購10  ,0,0,0,0,0,0,0,0,0,13000,0,0,0,13000,0,13000,13000
059492,國巨國票9A購06  ,0,0,0,0,0,0,0,0,0,13000,0,0,0,15000,2000,13000,13000
059548,台積電群益99購10,0,0,0,0,0,0,0,0,0,13000,0,0,0,13000,0,13000,13000
059571,奇力新凱基99購06,0,0,0,0,0,0,0,0,0,13000,0,0,0,80000,67000,13000,13000
059673,玉山金元富99購01,0,0,0,0,0,0,0,0,0,13000,0,0,0,243000,230000,13000,13000
06501P,臺股指元大9A售06,0,0,0,0,0,0,0,0,0,13000,0,0,0,23000,10000,13000,13000
06124P,超眾元大97售03  ,0,0,0,0,0,0,0,0,0,13000,0,0,0,14000,1000,13000,13000
051008,大立光麥證95購01,0,0,0,13000,0,13000,0,0,0,13000,0,0,0,13000,0,13000,13000
042928,台積電中信95購01,0,0,0,0,0,0,0,0,0,13000,0,0,0,13000,0,13000,13000
04433P,上証2X國票95售01,0,0,0,0,0,0,0,0,0,13000,0,0,0,13000,0,13000,13000
051066,台積電國票96購02,0,0,0,0,0,0,0,0,0,13000,0,0,0,13000,0,13000,13000
036630,玉山金台新99購01,0,0,0,0,0,0,0,0,0,13000,0,0,0,13000,0,13000,13000
050667,國巨永豐94購06  ,0,0,0,0,0,0,0,0,0,13000,0,0,0,66000,53000,13000,13000
05296P,牧德凱基96售01  ,0,0,0,0,0,0,0,0,0,13000,0,0,0,13000,0,13000,13000
052882,南電凱基96購02  ,0,0,0,0,0,0,0,0,0,13000,0,0,0,13000,0,13000,13000
054056,華新科國票96購02,0,0,0,0,0,0,0,0,0,13000,0,0,0,13000,0,13000,13000
053852,南亞科國泰98購01,0,0,0,0,0,0,0,0,0,13000,0,0,0,13000,0,13000,13000
053660,群創凱基98購08  ,0,0,0,0,0,0,0,0,0,13000,0,0,0,15000,2000,13000,13000
053407,台積電兆豐96購02,0,0,0,0,0,0,0,0,0,13000,0,0,0,13000,0,13000,13000
052437,聯發科富邦99購02,0,0,0,0,0,0,0,0,0,13000,0,0,0,13000,0,13000,13000
059368,T50正2元富99購02,0,0,0,0,0,0,0,0,0,13000,0,0,0,20000,7000,13000,13000
056981,全新群益99購03  ,0,0,0,0,0,0,0,0,0,13000,0,0,0,59000,46000,13000,13000
058329,S&P正2元富01購01,0,0,0,0,0,0,0,0,0,13000,0,0,0,13000,0,13000,13000
057241,超眾凱基99購02  ,0,0,0,0,0,0,0,0,0,13000,0,0,0,13000,0,13000,13000
057669,嘉晶元大99購03  ,0,0,0,0,0,0,0,0,0,13000,0,0,0,13000,0,13000,13000
056557,世紀鋼凱基98購02,0,0,0,0,0,0,0,0,0,13000,0,0,0,28000,15000,13000,13000
056559,華通群益98購02  ,0,0,0,0,0,0,0,0,0,13000,0,0,0,31000,18000,13000,13000
057541,台灣50康和9A購04,0,0,0,0,0,0,0,0,0,13000,0,0,0,13000,0,13000,13000
055568,緯穎凱基97購02  ,0,0,0,0,0,0,0,0,0,13000,0,0,0,13000,0,13000,13000
055587,智邦元大97購02  ,0,0,0,0,0,0,0,0,0,13000,0,0,0,15000,2000,13000,13000
05536P,奇力新元大96售03,0,0,0,0,0,0,0,0,0,13000,0,0,0,13000,0,13000,13000
055501,創意元大97購01  ,0,0,0,0,0,0,0,0,0,13000,0,0,0,13000,0,13000,13000
056437,台積電凱基98購11,0,0,0,0,0,0,0,0,0,13000,0,0,0,13000,0,13000,13000
056714,晶相光永豐98購02,0,0,0,0,0,0,0,0,0,13000,0,0,0,40000,27000,13000,13000
06150P,奇力新元大97售06,0,0,0,0,0,0,0,0,0,12000,0,0,0,12000,0,12000,12000
06506P,台郡國票99售02  ,0,0,0,0,0,0,0,0,0,12000,0,0,0,32000,20000,12000,12000
06431P,新日興元大97售05,0,0,0,0,0,0,0,0,0,12000,0,0,0,25000,13000,12000,12000
06749P,技嘉元富98售03  ,0,0,0,0,0,0,0,0,0,12000,0,0,0,34000,22000,12000,12000
06983P,台積電國泰9A售02,0,0,0,0,0,0,0,0,0,12000,0,0,0,12000,0,12000,12000
8104,錸寶            ,45000,33000,12000,0,0,0,0,0,0,0,0,0,0,0,0,0,12000
2468,華經            ,15000,3000,12000,0,0,0,0,0,0,0,0,0,0,0,0,0,12000
2477,美隆電          ,23000,2000,21000,0,0,0,0,0,0,-9000,0,9000,-9000,0,0,0,12000
2009,第一銅          ,13000,1000,12000,0,0,0,0,0,0,0,0,0,0,0,0,0,12000
2029,盛餘            ,18000,5000,13000,0,0,0,0,0,0,-1000,0,1000,-1000,0,0,0,12000
07412P,國巨元大99售32  ,0,0,0,0,0,0,0,0,0,12000,0,0,0,12000,0,12000,12000
052802,華新科元大97購02,0,0,0,0,0,0,0,0,0,12000,0,0,0,12000,0,12000,12000
053629,玉山金兆豐96購01,0,0,0,0,0,0,0,0,0,12000,0,0,0,12000,0,12000,12000
053041,可成凱基96購02  ,0,0,0,0,0,0,0,0,0,12000,0,0,0,12000,0,12000,12000
051805,元黃金凱基97購02,0,0,0,0,0,0,0,0,0,12000,0,0,0,12000,0,12000,12000
053118,大立光中信9C購01,0,0,0,0,0,0,0,0,0,12000,0,0,0,12000,0,12000,12000
053761,健策國泰98購01  ,0,0,0,0,0,0,0,0,0,12000,0,0,0,12000,0,12000,12000
053492,華邦電兆豐97購01,0,0,0,0,0,0,0,0,0,12000,0,0,0,162000,150000,12000,12000
057773,技嘉群益9A購02  ,0,0,0,0,0,0,0,0,0,12000,0,0,0,15000,3000,12000,12000
057811,南亞科元大98購08,0,0,0,0,0,0,0,0,0,12000,0,0,0,12000,0,12000,12000
052961,國巨凱基97購02  ,0,0,0,0,0,0,0,0,0,12000,0,0,0,12000,0,12000,12000
049564,聯電統一94購03  ,0,0,0,0,0,0,0,0,0,12000,0,0,0,12000,0,12000,12000
00742,新光內需收益    ,0,0,0,0,0,0,0,0,0,12000,0,0,0,112000,100000,12000,12000
00688L,國泰20年美債正2 ,0,0,0,0,0,0,0,0,0,12000,0,0,0,114000,102000,12000,12000
039212,台達電台新9A購01,0,0,0,0,0,0,0,0,0,12000,0,0,0,12000,0,12000,12000
05675P,美律群益97售01  ,0,0,0,0,0,0,0,0,0,12000,0,0,0,12000,0,12000,12000
055387,世紀鋼元大97購01,0,0,0,0,0,0,0,0,0,12000,0,0,0,18000,6000,12000,12000
055443,台虹國票98購01  ,0,0,0,0,0,0,0,0,0,12000,0,0,0,18000,6000,12000,12000
056531,佳世達凱基98購01,0,0,0,0,0,0,0,0,0,12000,0,0,0,12000,0,12000,12000
058081,技嘉群益9A購03  ,0,0,0,0,0,0,0,0,0,12000,0,0,0,15000,3000,12000,12000
057543,華通凱基99購02  ,0,0,0,0,0,0,0,0,0,12000,0,0,0,67000,55000,12000,12000
058718,台灣50元富03購01,0,0,0,0,0,0,0,0,0,12000,0,0,0,12000,0,12000,12000
05719P,可成元大96售03  ,0,0,0,0,0,0,0,0,0,12000,0,0,0,12000,0,12000,12000
057029,緯穎凱基98購04  ,0,0,0,0,0,0,0,0,0,12000,0,0,0,12000,0,12000,12000
055964,正文元大97購02  ,0,0,0,0,0,0,0,0,0,12000,0,0,0,12000,0,12000,12000
059033,元油2X群益9C購05,0,0,0,0,0,0,0,0,0,12000,0,0,0,12000,0,12000,12000
059199,欣興永豐99購02  ,0,0,0,0,0,0,0,0,0,12000,0,0,0,77000,65000,12000,12000
059177,臺股指凱基99購28,0,0,0,0,0,0,0,0,0,12000,0,0,0,12000,0,12000,12000
9934,成霖            ,167000,155000,12000,0,0,0,0,0,0,0,0,0,0,0,0,0,12000
1101,台泥            ,6220836,7409375,-1188539,0,0,0,1609000,0,1609000,-409000,339000,505000,-166000,59000,302000,-243000,11461
6281,全國電          ,16000,1642,14358,0,0,0,0,0,0,-3000,0,3000,-3000,0,0,0,11358
8367,建新國際        ,12000,0,12000,0,0,0,0,0,0,-1000,0,1000,-1000,0,0,0,11000
4930,燦星網          ,12000,1000,11000,0,0,0,0,0,0,0,0,0,0,0,0,0,11000
2906,高林            ,4000,0,4000,0,0,0,0,0,0,7000,7000,0,7000,0,0,0,11000
2816,旺旺保          ,28000,17000,11000,0,0,0,0,0,0,0,0,0,0,0,0,0,11000
2115,六暉-KY         ,22000,11000,11000,0,0,0,0,0,0,0,0,0,0,0,0,0,11000
1503,士電            ,41000,15000,26000,0,0,0,0,0,0,-15000,0,15000,-15000,0,0,0,11000
06923P,鴻海群益98售09  ,0,0,0,0,0,0,0,0,0,11000,0,0,0,21000,10000,11000,11000
07026P,超眾凱基99售03  ,0,0,0,0,0,0,0,0,0,11000,0,0,0,11000,0,11000,11000
06782P,大立光元大99售07,0,0,0,0,0,0,0,0,0,11000,0,0,0,11000,0,11000,11000
06665P,欣興兆豐99售01  ,0,0,0,0,0,0,0,0,0,11000,0,0,0,11000,0,11000,11000
06337P,祥碩元大97售05  ,0,0,0,0,0,0,0,0,0,11000,0,0,0,11000,0,11000,11000
060247,牧德元大9A購02  ,0,0,0,0,0,0,0,0,0,11000,0,0,0,204000,193000,11000,11000
059677,大立光台新99購01,0,0,0,0,0,0,0,0,0,11000,0,0,0,11000,0,11000,11000
04634P,臺股指群益94售09,0,0,0,0,0,0,0,0,0,11000,0,0,0,11000,0,11000,11000
048379,台郡元富96購01  ,0,0,0,0,0,0,0,0,0,11000,0,0,0,11000,0,11000,11000
00865B,國泰US短期公債  ,0,0,0,0,0,0,0,0,0,11000,0,0,0,111000,100000,11000,11000
050614,聯發科元大95購04,0,0,0,0,0,0,0,0,0,11000,0,0,0,11000,0,11000,11000
05027P,南電群益95售01  ,0,0,0,0,0,0,0,0,0,11000,0,0,0,11000,0,11000,11000
054278,晶技群益97購02  ,0,0,0,0,0,0,0,0,0,11000,0,0,0,11000,0,11000,11000
049702,台表科元大95購03,0,0,0,0,0,0,0,0,0,11000,0,0,0,11000,0,11000,11000
054470,緯穎國票97購04  ,0,0,0,0,0,0,0,0,0,11000,0,0,0,13000,2000,11000,11000
054411,光磊元大97購02  ,0,0,0,0,0,0,0,0,0,11000,0,0,0,11000,0,11000,11000
058223,世芯統一9B購01  ,0,0,0,0,0,0,0,0,0,11000,0,0,0,11000,0,11000,11000
051911,大立光元大98購02,0,0,0,0,0,0,0,0,0,11000,0,0,0,11000,0,11000,11000
059236,鴻海凱基99購09  ,0,0,0,0,0,0,0,0,0,11000,0,0,0,11000,0,11000,11000
05920P,力成元大96售04  ,0,0,0,0,0,0,0,0,0,11000,0,0,0,15000,4000,11000,11000
059094,臻鼎元大99購03  ,0,0,0,0,0,0,0,0,0,11000,0,0,0,11000,0,11000,11000
059148,百和國票9A購01  ,0,0,0,0,0,0,0,0,0,11000,0,0,0,11000,0,11000,11000
058685,TPK凱基99購01   ,0,0,0,0,0,0,0,0,0,11000,0,0,0,227000,216000,11000,11000
05722P,玉晶光國票97售03,0,0,0,0,0,0,0,0,0,11000,0,0,0,11000,0,11000,11000
058330,鴻海元富99購01  ,0,0,0,0,0,0,0,0,0,11000,0,0,0,11000,0,11000,11000
058520,智易元大99購03  ,0,0,0,0,0,0,0,0,0,11000,0,0,0,101000,90000,11000,11000
058708,臺股指元大9A購21,0,0,0,0,0,0,0,0,0,11000,0,0,0,11000,0,11000,11000
057566,欣興富邦99購01  ,0,0,0,0,0,0,0,0,0,11000,0,0,0,11000,0,11000,11000
056516,晶豪科兆豐98購01,0,0,0,0,0,0,0,0,0,11000,0,0,0,11000,0,11000,11000
055493,華新科元大97購09,0,0,0,0,0,0,0,0,0,11000,0,0,0,11000,0,11000,11000
056719,台虹永豐98購01  ,0,0,0,0,0,0,0,0,0,11000,0,0,0,84000,73000,11000,11000
056444,南亞科凱基99購01,0,0,0,0,0,0,0,0,0,11000,0,0,0,11000,0,11000,11000
056408,奇鋐國票99購01  ,0,0,0,0,0,0,0,0,0,11000,0,0,0,11000,0,11000,11000
056311,泰鼎元大98購01  ,0,0,0,0,0,0,0,0,0,11000,0,0,0,11000,0,11000,11000
056271,嘉澤統一97購01  ,0,0,0,0,0,0,0,0,0,11000,0,0,0,25000,14000,11000,11000
059733,緯穎元大99購08  ,0,0,0,0,0,0,0,0,0,10000,0,0,0,27000,17000,10000,10000
059707,健策凱基9A購03  ,0,0,0,0,0,0,0,0,0,10000,0,0,0,25000,15000,10000,10000
059699,華通凱基99購04  ,0,0,0,0,0,0,0,0,0,10000,0,0,0,10000,0,10000,10000
059740,瑞昱元富99購02  ,0,0,0,0,0,0,0,0,0,10000,0,0,0,133000,123000,10000,10000
059591,台積電元大9A購04,0,0,0,0,0,0,0,0,0,10000,0,0,0,11000,1000,10000,10000
059545,台灣50群益99購04,0,0,0,0,0,0,0,0,0,10000,0,0,0,10000,0,10000,10000
059477,FBVIX群益99購01 ,0,0,0,0,0,0,0,0,0,10000,0,0,0,10000,0,10000,10000
059972,S&P正2元大99購03,0,0,0,0,0,0,0,0,0,10000,0,0,0,10000,0,10000,10000
059828,健策凱基99購05  ,0,0,0,0,0,0,0,0,0,10000,0,0,0,65000,55000,10000,10000
059860,台積電群益9A購02,0,0,0,0,0,0,0,0,0,10000,0,0,0,19000,9000,10000,10000
060345,聯發科統一9B購05,0,0,0,0,0,0,0,0,0,10000,0,0,0,10000,0,10000,10000
06037P,超眾國票98售02  ,0,0,0,0,0,0,0,0,0,10000,0,0,0,10000,0,10000,10000
06282P,聯鈞永豐97售02  ,0,0,0,0,0,0,0,0,0,10000,0,0,0,10000,0,10000,10000
06569P,可成永豐98售01  ,0,0,0,0,0,0,0,0,0,10000,0,0,0,10000,0,10000,10000
06617P,智邦元大98售03  ,0,0,0,0,0,0,0,0,0,10000,0,0,0,10000,0,10000,10000
06720P,智邦亞東99售01  ,0,0,0,0,0,0,0,0,0,10000,0,0,0,10000,0,10000,10000
06726P,欣興元富98售04  ,0,0,0,0,0,0,0,0,0,10000,0,0,0,10000,0,10000,10000
07095P,台灣50元大9C售03,0,0,0,0,0,0,0,0,0,10000,0,0,0,10000,0,10000,10000
07098P,台積電元大99售18,0,0,0,0,0,0,0,0,0,10000,0,0,0,10000,0,10000,10000
07000P,T50反1元大99售03,0,0,0,0,0,0,0,0,0,10000,0,0,0,10000,0,10000,10000
06970P,旺宏元大99售08  ,0,0,0,0,0,0,0,0,0,10000,0,0,0,10000,0,10000,10000
2427,三商電          ,14000,4000,10000,0,0,0,0,0,0,0,0,0,0,0,0,0,10000
1108,幸福            ,10000,0,10000,0,0,0,0,0,0,0,0,0,0,0,0,0,10000
07385P,緯穎群益99售04  ,0,0,0,0,0,0,0,0,0,10000,0,0,0,10000,0,10000,10000
2706,第一店          ,11000,1000,10000,0,0,0,0,0,0,0,0,0,0,0,0,0,10000
4557,永新-KY         ,17000,5000,12000,0,0,0,0,0,0,-2000,0,2000,-2000,0,0,0,10000
4438,廣越            ,19000,12000,7000,0,0,0,0,0,0,3000,3000,0,3000,0,0,0,10000
8114,振樺電          ,31000,21000,10000,0,0,0,0,0,0,0,0,0,0,0,0,0,10000
051876,宏達電國票96購01,0,0,0,0,0,0,0,0,0,10000,0,0,0,10000,0,10000,10000
053285,臺股指元大96購08,0,0,0,0,0,0,0,0,0,10000,0,0,0,10000,0,10000,10000
053279,景碩元大97購01  ,0,0,0,0,0,0,0,0,0,10000,0,0,0,10000,0,10000,10000
051844,宏達電富邦96購01,0,0,0,0,0,0,0,0,0,10000,0,0,0,10000,0,10000,10000
051823,矽力元富95購02  ,0,0,0,0,0,0,0,0,0,10000,0,0,0,10000,0,10000,10000
053207,SP黃豆凱基96購01,0,0,0,0,0,0,0,0,0,10000,0,0,0,10000,0,10000,10000
053251,世紀鋼國票97購02,0,0,0,0,0,0,0,0,0,10000,0,0,0,10000,0,10000,10000
053152,大立光元大99購01,0,0,0,0,0,0,0,0,0,10000,0,0,0,10000,0,10000,10000
053148,華邦電元大96購01,0,0,0,0,0,0,0,0,0,10000,0,0,0,10000,0,10000,10000
051636,嘉晶國票95購02  ,0,0,0,0,0,0,0,0,0,10000,0,0,0,10000,0,10000,10000
051673,玉晶光元大96購04,0,0,0,0,0,0,0,0,0,10000,0,0,0,10000,0,10000,10000
051661,華新科永昌96購01,0,0,0,0,0,0,0,0,0,10000,0,0,0,10000,0,10000,10000
053057,聯電國泰97購02  ,0,0,0,0,0,0,0,0,0,10000,0,0,0,10000,0,10000,10000
053074,嘉晶永豐96購02  ,0,0,0,0,0,0,0,0,0,10000,0,0,0,10000,0,10000,10000
054660,禾伸堂元大97購03,0,0,0,0,0,0,0,0,0,10000,0,0,0,10000,0,10000,10000
054671,國巨國泰98購01  ,0,0,0,0,0,0,0,0,0,10000,0,0,0,10000,0,10000,10000
053677,同欣電國泰97購01,0,0,0,0,0,0,0,0,0,10000,0,0,0,10000,0,10000,10000
054622,漢唐第一97購01  ,0,0,0,0,0,0,0,0,0,10000,0,0,0,10000,0,10000,10000
052805,晶技元大97購01  ,0,0,0,0,0,0,0,0,0,10000,0,0,0,10000,0,10000,10000
052733,台郡國泰97購01  ,0,0,0,0,0,0,0,0,0,10000,0,0,0,10000,0,10000,10000
052614,聯電國泰97購01  ,0,0,0,0,0,0,0,0,0,10000,0,0,0,90000,80000,10000,10000
052531,台積電國泰96購06,0,0,0,0,0,0,0,0,0,10000,0,0,0,10000,0,10000,10000
052576,聯茂凱基96購01  ,0,0,0,0,0,0,0,0,0,10000,0,0,0,13000,3000,10000,10000
052566,國巨凱基96購04  ,0,0,0,0,0,0,0,0,0,10000,0,0,0,10000,0,10000,10000
052533,聯發科國泰96購03,0,0,0,0,0,0,0,0,0,10000,0,0,0,10000,0,10000,10000
052516,臺股指凱基95購20,10000,0,10000,0,0,0,0,0,0,0,0,0,0,0,0,0,10000
052519,旺宏元大95購05  ,0,0,0,0,0,0,0,0,0,10000,0,0,0,10000,0,10000,10000
05477P,華新科群益95售06,0,0,0,0,0,0,0,0,0,10000,0,0,0,10000,0,10000,10000
052193,國巨元富95購06  ,0,0,0,0,0,0,0,0,0,10000,0,0,0,10000,0,10000,10000
052197,台郡元富95購03  ,0,0,0,0,0,0,0,0,0,10000,0,0,0,10000,0,10000,10000
058198,瑞昱亞東99購01  ,0,0,0,0,0,0,0,0,0,10000,0,0,0,10000,0,10000,10000
058184,鴻海永豐99購01  ,0,0,0,0,0,0,0,0,0,10000,0,0,0,10000,0,10000,10000
057847,聯茂永豐98購01  ,0,0,0,0,0,0,0,0,0,10000,0,0,0,10000,0,10000,10000
057891,華新科統一9A購01,0,0,0,0,0,0,0,0,0,10000,0,0,0,10000,0,10000,10000
053498,大立光兆豐96購03,0,0,0,0,0,0,0,0,0,10000,0,0,0,10000,0,10000,10000
053461,台郡永昌99購01  ,0,0,0,0,0,0,0,0,0,10000,0,0,0,10000,0,10000,10000
052105,南亞科兆豐95購01,0,0,0,0,0,0,0,0,0,10000,0,0,0,10000,0,10000,10000
052132,旺宏凱基9B購01  ,0,0,0,0,0,0,0,0,0,10000,0,0,0,10000,0,10000,10000
052120,友達國票96購01  ,0,0,0,0,0,0,0,0,0,10000,0,0,0,10000,0,10000,10000
052069,聯茂兆豐96購01  ,0,0,0,0,0,0,0,0,0,10000,0,0,0,10000,0,10000,10000
052042,台積電日盛95購02,0,0,0,0,0,0,0,0,0,10000,0,0,0,10000,0,10000,10000
053817,華新科群益97購02,0,0,0,0,0,0,0,0,0,10000,0,0,0,10000,0,10000,10000
053889,致茂群益97購01  ,0,0,0,0,0,0,0,0,0,10000,0,0,0,10000,0,10000,10000
053876,可成永昌98購01  ,0,0,0,0,0,0,0,0,0,10000,0,0,0,10000,0,10000,10000
053965,聯電元大98購04  ,0,0,0,0,0,0,0,0,0,10000,0,0,0,10000,0,10000,10000
054085,華新科統一96購04,0,0,0,0,0,0,0,0,0,10000,0,0,0,10000,0,10000,10000
054128,台積電元大97購10,0,0,0,0,0,0,0,0,0,10000,0,0,0,10000,0,10000,10000
054113,奇力新台新97購01,0,0,0,0,0,0,0,0,0,10000,0,0,0,1825000,1815000,10000,10000
054115,台塑康和96購01  ,0,0,0,0,0,0,0,0,0,10000,0,0,0,10000,0,10000,10000
054166,日電貿凱基98購01,0,0,0,0,0,0,0,0,0,10000,0,0,0,10000,0,10000,10000
054203,滬深2X國票96購03,0,0,0,0,0,0,0,0,0,10000,0,0,0,52000,42000,10000,10000
054192,國巨中信98購01  ,0,0,0,0,0,0,0,0,0,10000,0,0,0,10000,0,10000,10000
049789,世紀鋼兆豐94購01,0,0,0,0,0,0,0,0,0,10000,0,0,0,10000,0,10000,10000
049813,康控元大96購02  ,0,0,0,0,0,0,0,0,0,10000,0,0,0,10000,0,10000,10000
050039,鴻海中信94購03  ,0,0,0,0,0,0,0,0,0,10000,0,0,0,10000,0,10000,10000
054291,高鐵元大97購01  ,0,0,0,0,0,0,0,0,0,10000,0,0,0,10000,0,10000,10000
052975,嘉聯益群益96購01,0,0,0,0,0,0,0,0,0,10000,0,0,0,10000,0,10000,10000
052945,嘉晶國票97購01  ,0,0,0,0,0,0,0,0,0,10000,0,0,0,10000,0,10000,10000
050309,亞泥兆豐94購01  ,0,0,0,0,0,0,0,0,0,10000,0,0,0,10000,0,10000,10000
050226,華新科中信94購01,0,0,0,0,0,0,0,0,0,10000,0,0,0,10000,0,10000,10000
050339,鴻海統一94購06  ,0,0,0,0,0,0,0,0,0,10000,0,0,0,10000,0,10000,10000
050234,國巨凱基94購10  ,0,0,0,0,0,0,0,0,0,10000,0,0,0,10000,0,10000,10000
050253,百和國泰96購01  ,0,0,0,0,0,0,0,0,0,10000,0,0,0,10000,0,10000,10000
049297,日電貿群益95購01,0,0,0,0,0,0,0,0,0,10000,0,0,0,10000,0,10000,10000
049447,聯電統一94購01  ,0,0,0,0,0,0,0,0,0,10000,0,0,0,10000,0,10000,10000
051562,玉晶光國泰97購05,0,0,0,0,0,0,0,0,0,10000,0,0,0,27000,17000,10000,10000
048895,光罩國泰95購01  ,0,0,0,0,0,0,0,0,0,10000,0,0,0,10000,0,10000,10000
051534,景碩國票97購01  ,0,0,0,0,0,0,0,0,0,10000,0,0,0,10000,0,10000,10000
051511,鈺齊中信97購01  ,0,0,0,0,0,0,0,0,0,10000,0,0,0,10000,0,10000,10000
051522,玉晶光凱基95購05,0,0,0,0,0,0,0,0,0,10000,0,0,0,10000,0,10000,10000
050658,台郡麥證96購01  ,0,0,0,10000,0,10000,0,0,0,10000,0,0,0,10000,0,10000,10000
05046P,台光電永豐95售02,0,0,0,0,0,0,0,0,0,10000,0,0,0,10000,0,10000,10000
050526,貿聯元大95購01  ,0,0,0,0,0,0,0,0,0,10000,0,0,0,10000,0,10000,10000
050383,超眾兆豐95購01  ,0,0,0,0,0,0,0,0,0,10000,0,0,0,30000,20000,10000,10000
049494,華新科元大95購05,0,0,0,0,0,0,0,0,0,10000,0,0,0,10000,0,10000,10000
049504,臺股指元大94購15,0,0,0,0,0,0,0,0,0,10000,0,0,0,10000,0,10000,10000
049630,臺股指群益94購03,0,0,0,0,0,0,0,0,0,10000,0,0,0,10000,0,10000,10000
050695,台積電凱基94購40,0,0,0,0,0,0,0,0,0,10000,0,0,0,20000,10000,10000,10000
049478,祥碩永豐94購02  ,0,0,0,0,0,0,0,0,0,10000,0,0,0,10000,0,10000,10000
046570,旺宏國泰94購01  ,0,0,0,0,0,0,0,0,0,10000,0,0,0,10000,0,10000,10000
04657P,國巨永豐94售03  ,0,0,0,0,0,0,0,0,0,10000,0,0,0,10000,0,10000,10000
03013X,元展13          ,0,0,0,0,0,0,0,0,0,10000,0,0,0,10000,0,10000,10000
047145,鴻海群益95購01  ,0,0,0,0,0,0,0,0,0,10000,0,0,0,10000,0,10000,10000
046949,群創元大99購01  ,0,0,0,0,0,0,0,0,0,10000,0,0,0,10000,0,10000,10000
04710P,台積電元大94售16,0,0,0,0,0,0,0,0,0,10000,0,0,0,10000,0,10000,10000
04693P,超眾群益95售01  ,0,0,0,0,0,0,0,0,0,10000,0,0,0,10000,0,10000,10000
046928,奇鋐富邦97購01  ,0,0,0,0,0,0,0,0,0,10000,0,0,0,10000,0,10000,10000
046905,新光金凱基99購01,0,0,0,0,0,0,0,0,0,10000,0,0,0,10000,0,10000,10000
048390,國巨國票94購02  ,0,0,0,0,0,0,0,0,0,10000,0,0,0,10000,0,10000,10000
048389,國巨國票94購01  ,0,0,0,0,0,0,0,0,0,10000,0,0,0,10000,0,10000,10000
048588,世紀鋼中信94購01,0,0,0,0,0,0,0,0,0,10000,0,0,0,20000,10000,10000,10000
051416,創意國票96購02  ,0,0,0,0,0,0,0,0,0,10000,0,0,0,10000,0,10000,10000
051098,矽格元大95購01  ,0,0,0,0,0,0,0,0,0,10000,0,0,0,10000,0,10000,10000
051225,台積電群益95購02,0,0,0,0,0,0,0,0,0,10000,0,0,0,10000,0,10000,10000
051231,健策群益97購01  ,0,0,0,0,0,0,0,0,0,10000,0,0,0,10000,0,10000,10000
051257,光寶科國泰96購01,0,0,0,0,0,0,0,0,0,10000,0,0,0,20000,10000,10000,10000
051332,奇力新永豐95購01,0,0,0,0,0,0,0,0,0,10000,0,0,0,10000,0,10000,10000
051361,泰鼎元大95購01  ,0,0,0,0,0,0,0,0,0,10000,0,0,0,10000,0,10000,10000
046438,群創群益95購01  ,0,0,0,0,0,0,0,0,0,10000,0,0,0,10000,0,10000,10000
046385,群創凱基98購03  ,0,0,0,0,0,0,0,0,0,10000,0,0,0,10000,0,10000,10000
050948,華固群益95購01  ,0,0,0,0,0,0,0,0,0,10000,0,0,0,10000,0,10000,10000
03999P,鴻海凱基94售11  ,0,0,0,0,0,0,0,0,0,10000,0,0,0,10000,0,10000,10000
04436P,聯發科中信96售02,0,0,0,0,0,0,0,0,0,10000,0,0,0,10000,0,10000,10000
045189,大立光元富98購01,0,0,0,0,0,0,0,0,0,10000,0,0,0,10000,0,10000,10000
045836,群創群益98購01  ,0,0,0,0,0,0,0,0,0,10000,0,0,0,10000,0,10000,10000
04568P,瑞昱兆豐94售02  ,0,0,0,0,0,0,0,0,0,10000,0,0,0,10000,0,10000,10000
056264,聯發科統一98購02,0,0,0,0,0,0,0,0,0,10000,0,0,0,10000,0,10000,10000
056240,嘉晶群益97購02  ,0,0,0,0,0,0,0,0,0,10000,0,0,0,10000,0,10000,10000
056318,鴻海群益98購02  ,0,0,0,0,0,0,0,0,0,10000,0,0,0,10000,0,10000,10000
056215,華新科國票97購03,0,0,0,0,0,0,0,0,0,10000,0,0,0,10000,0,10000,10000
056200,大毅永豐98購01  ,0,0,0,0,0,0,0,0,0,10000,0,0,0,100000,90000,10000,10000
056340,可成凱基98購04  ,0,0,0,0,0,0,0,0,0,10000,0,0,0,10000,0,10000,10000
056445,聯發科凱基98購07,0,0,0,0,0,0,0,0,0,10000,0,0,0,10000,0,10000,10000
056416,華新科中信98購01,0,0,0,0,0,0,0,0,0,10000,0,0,0,10000,0,10000,10000
056430,鴻海凱基98購06  ,0,0,0,0,0,0,0,0,0,10000,0,0,0,10000,0,10000,10000
056694,欣興群益98購04  ,0,0,0,0,0,0,0,0,0,10000,0,0,0,10000,0,10000,10000
055790,南電凱基97購01  ,0,0,0,0,0,0,0,0,0,10000,0,0,0,10000,0,10000,10000
055794,聯發科國泰99購01,0,0,0,0,0,0,0,0,0,10000,0,0,0,10000,0,10000,10000
056130,新日興麥證97購01,0,0,0,10000,0,10000,0,0,0,10000,0,0,0,10000,0,10000,10000
056132,台光電元大97購03,0,0,0,0,0,0,0,0,0,10000,0,0,0,10000,0,10000,10000
056172,鴻海元富97購11  ,0,0,0,0,0,0,0,0,0,10000,0,0,0,10000,0,10000,10000
055494,華新科元大98購01,0,0,0,0,0,0,0,0,0,10000,0,0,0,10000,0,10000,10000
058477,億光凱基9A購01  ,0,0,0,0,0,0,0,0,0,10000,0,0,0,10000,0,10000,10000
055373,聯詠元大97購03  ,0,0,0,0,0,0,0,0,0,10000,0,0,0,10000,0,10000,10000
055363,緯穎凱基98購03  ,0,0,0,0,0,0,0,0,0,10000,0,0,0,10000,0,10000,10000
054949,奇力新元大98購01,0,0,0,0,0,0,0,0,0,10000,0,0,0,10000,0,10000,10000
054963,牧德元大97購02  ,0,0,0,0,0,0,0,0,0,10000,0,0,0,10000,0,10000,10000
055030,帆宣國泰99購02  ,0,0,0,0,0,0,0,0,0,10000,0,0,0,10000,0,10000,10000
055286,晶技元大98購03  ,0,0,0,0,0,0,0,0,0,10000,0,0,0,10000,0,10000,10000
055342,鴻海凱基97購04  ,0,0,0,0,0,0,0,0,0,10000,0,0,0,10000,0,10000,10000
055102,上銀凱基98購01  ,0,0,0,0,0,0,0,0,0,10000,0,0,0,10000,0,10000,10000
055127,台虹兆豐97購01  ,0,0,0,0,0,0,0,0,0,10000,0,0,0,20000,10000,10000,10000
055148,鴻海元大98購02  ,0,0,0,0,0,0,0,0,0,10000,0,0,0,10000,0,10000,10000
055135,聯發科富邦99購05,0,0,0,0,0,0,0,0,0,10000,0,0,0,10000,0,10000,10000
05518P,T50反1凱基98售03,0,0,0,0,0,0,0,0,0,10000,0,0,0,10000,0,10000,10000
055202,神達群益97購01  ,0,0,0,0,0,0,0,0,0,10000,0,0,0,10000,0,10000,10000
055194,昇陽半元富97購01,0,0,0,0,0,0,0,0,0,10000,0,0,0,10000,0,10000,10000
055195,昇陽半元富97購02,0,0,0,0,0,0,0,0,0,10000,0,0,0,10000,0,10000,10000
058032,大立光永豐98購05,0,0,0,0,0,0,0,0,0,10000,0,0,0,10000,0,10000,10000
058025,聯茂國泰99購01  ,0,0,0,0,0,0,0,0,0,10000,0,0,0,56000,46000,10000,10000
057534,旭富元大98購01  ,0,0,0,0,0,0,0,0,0,10000,0,0,0,10000,0,10000,10000
057557,聯茂凱基99購04  ,0,0,0,0,0,0,0,0,0,10000,0,0,0,16000,6000,10000,10000
057549,台光電凱基98購05,0,0,0,0,0,0,0,0,0,10000,0,0,0,10000,0,10000,10000
057550,聯發科凱基02購01,0,0,0,0,0,0,0,0,0,10000,0,0,0,10000,0,10000,10000
057668,華新科元大9A購01,0,0,0,0,0,0,0,0,0,10000,0,0,0,10000,0,10000,10000
057598,鴻海群益98購07  ,0,0,0,0,0,0,0,0,0,10000,0,0,0,10000,0,10000,10000
057745,泰鼎永豐99購01  ,0,0,0,0,0,0,0,0,0,10000,0,0,0,10000,0,10000,10000
057755,鴻海日盛98購01  ,0,0,0,0,0,0,0,0,0,10000,0,0,0,10000,0,10000,10000
05666P,聯發科凱基96售14,0,0,0,0,0,0,0,0,0,10000,0,0,0,10000,0,10000,10000
058736,鈺齊永豐99購02  ,0,0,0,0,0,0,0,0,0,10000,0,0,0,10000,0,10000,10000
055650,華新科元富98購01,0,0,0,0,0,0,0,0,0,10000,0,0,0,10000,0,10000,10000
055707,聯鈞永豐98購01  ,0,0,0,0,0,0,0,0,0,10000,0,0,0,10000,0,10000,10000
055697,牧德國票98購01  ,0,0,0,0,0,0,0,0,0,10000,0,0,0,10000,0,10000,10000
055715,智邦元大97購04  ,0,0,0,0,0,0,0,0,0,10000,0,0,0,11000,1000,10000,10000
055723,康控元大97購04  ,0,0,0,0,0,0,0,0,0,10000,0,0,0,10000,0,10000,10000
058853,日月光群益99購01,0,0,0,0,0,0,0,0,0,10000,0,0,0,10000,0,10000,10000
058845,元油2X群益9C購04,0,0,0,0,0,0,0,0,0,10000,0,0,0,10000,0,10000,10000
058811,台積電統一9A購05,0,0,0,0,0,0,0,0,0,10000,0,0,0,10000,0,10000,10000
058809,國巨統一9B購03  ,0,0,0,0,0,0,0,0,0,10000,0,0,0,10000,0,10000,10000
058527,世紀鋼元大99購01,0,0,0,0,0,0,0,0,0,10000,0,0,0,10000,0,10000,10000
056798,華新科麥證98購01,0,0,0,10000,0,10000,0,0,0,10000,0,0,0,10000,0,10000,10000
056056,旺宏元大97購06  ,0,0,0,0,0,0,0,0,0,10000,0,0,0,10000,0,10000,10000
056014,上銀群益97購02  ,0,0,0,0,0,0,0,0,0,10000,0,0,0,10000,0,10000,10000
056016,鴻海群益97購06  ,0,0,0,0,0,0,0,0,0,10000,0,0,0,10000,0,10000,10000
058305,華邦電元大99購02,0,0,0,0,0,0,0,0,0,10000,0,0,0,63000,53000,10000,10000
058431,國巨統一9B購01  ,0,0,0,0,0,0,0,0,0,10000,0,0,0,10000,0,10000,10000
05848P,臺股指元大96售24,0,0,0,0,0,0,0,0,0,10000,0,0,0,10000,0,10000,10000
057272,台積電元大98購14,0,0,0,0,0,0,0,0,0,10000,0,0,0,10000,0,10000,10000
057200,技嘉元富98購01  ,0,0,0,0,0,0,0,0,0,10000,0,0,0,10000,0,10000,10000
057186,群創元大99購04  ,0,0,0,0,0,0,0,0,0,10000,0,0,0,10000,0,10000,10000
057308,同欣電兆豐99購01,0,0,0,0,0,0,0,0,0,10000,0,0,0,10000,0,10000,10000
057390,台表科永豐98購01,0,0,0,0,0,0,0,0,0,10000,0,0,0,40000,30000,10000,10000
057516,和鑫元富98購01  ,0,0,0,0,0,0,0,0,0,10000,0,0,0,10000,0,10000,10000
057646,玉山金元大98購01,0,0,0,0,0,0,0,0,0,10000,0,0,0,10000,0,10000,10000
057111,立積群益98購02  ,0,0,0,0,0,0,0,0,0,10000,0,0,0,10000,0,10000,10000
057084,立積統一9B購01  ,0,0,0,0,0,0,0,0,0,10000,0,0,0,10000,0,10000,10000
056964,聯發科永豐98購03,0,0,0,0,0,0,0,0,0,10000,0,0,0,10000,0,10000,10000
056919,英業達兆豐98購01,0,0,0,0,0,0,0,0,0,10000,0,0,0,20000,10000,10000,10000
056923,奇力新兆豐99購02,0,0,0,0,0,0,0,0,0,10000,0,0,0,10000,0,10000,10000
055961,國泰金元大97購01,0,0,0,0,0,0,0,0,0,10000,0,0,0,10000,0,10000,10000
056908,牧德元大99購03  ,0,0,0,0,0,0,0,0,0,10000,0,0,0,10000,0,10000,10000
055938,矽力群益97購01  ,0,0,0,0,0,0,0,0,0,10000,0,0,0,10000,0,10000,10000
055907,台虹兆豐98購01  ,0,0,0,0,0,0,0,0,0,10000,0,0,0,10000,0,10000,10000
059067,上銀國票9A購02  ,0,0,0,0,0,0,0,0,0,10000,0,0,0,10000,0,10000,10000
058636,亞光兆豐9A購01  ,0,0,0,0,0,0,0,0,0,10000,0,0,0,10000,0,10000,10000
059189,國泰金富邦9B購01,0,0,0,0,0,0,0,0,0,10000,0,0,0,10000,0,10000,10000
059366,台積電台新99購04,0,0,0,0,0,0,0,0,0,10000,0,0,0,10000,0,10000,10000
8473,山林水          ,10000,1000,9000,0,0,0,0,0,0,0,0,0,0,0,0,0,9000
4306,炎洲            ,136000,123000,13000,0,0,0,0,0,0,-4000,0,4000,-4000,0,0,0,9000
5907,大洋-KY         ,35000,26000,9000,0,0,0,0,0,0,0,0,0,0,0,0,0,9000
3015,全漢            ,27000,18000,9000,0,0,0,0,0,0,0,0,0,0,0,0,0,9000
07474P,滬深2X群益9C售03,0,0,0,0,0,0,0,0,0,9000,0,0,0,9000,0,9000,9000
07362P,聯發科元大99售35,0,0,0,0,0,0,0,0,0,9000,0,0,0,10000,1000,9000,9000
2020,美亞            ,12000,3000,9000,0,0,0,0,0,0,0,0,0,0,0,0,0,9000
1786,科妍            ,31000,22000,9000,0,0,0,0,0,0,0,0,0,0,0,0,0,9000
2002A,中鋼特          ,0,0,0,0,0,0,0,0,0,9000,10000,1000,9000,0,0,0,9000
07027P,台積電群益99售04,0,0,0,0,0,0,0,0,0,9000,0,0,0,9000,0,9000,9000
060044,大立光群益99購09,0,0,0,0,0,0,0,0,0,9000,0,0,0,9000,0,9000,9000
059509,奇力新永豐99購02,0,0,0,0,0,0,0,0,0,9000,0,0,0,65000,56000,9000,9000
04578P,微星富邦96售01  ,0,0,0,0,0,0,0,0,0,9000,0,0,0,29000,20000,9000,9000
047196,上銀統一97購01  ,0,0,0,0,0,0,0,0,0,9000,0,0,0,9000,0,9000,9000
00683L,元大美元指數正2 ,0,0,0,0,0,0,0,0,0,9000,0,0,0,13000,4000,9000,9000
0053,元大電子        ,0,0,0,0,0,0,0,0,0,9000,0,0,0,9000,0,9000,9000
051591,玉晶光元大97購01,0,0,0,0,0,0,0,0,0,9000,0,0,0,9000,0,9000,9000
052907,嘉澤國票97購01  ,0,0,0,0,0,0,0,0,0,9000,0,0,0,9000,0,9000,9000
049969,泰鼎國票95購01  ,0,0,0,0,0,0,0,0,0,9000,0,0,0,9000,0,9000,9000
049803,華新科元大95購07,0,0,0,0,0,0,0,0,0,9000,0,0,0,9000,0,9000,9000
057852,國巨國票99購05  ,0,0,0,0,0,0,0,0,0,9000,0,0,0,9000,0,9000,9000
057936,健策群益99購01  ,0,0,0,0,0,0,0,0,0,9000,0,0,0,22000,13000,9000,9000
057831,聯發科元富02購04,0,0,0,0,0,0,0,0,0,9000,0,0,0,9000,0,9000,9000
052617,景碩國泰98購01  ,0,0,0,0,0,0,0,0,0,9000,0,0,0,9000,0,9000,9000
052652,台虹永豐96購01  ,0,0,0,0,0,0,0,0,0,9000,0,0,0,9000,0,9000,9000
05464P,華通康和95售02  ,0,0,0,0,0,0,0,0,0,9000,0,0,0,40000,31000,9000,9000
052987,華新科元大99購01,0,0,0,0,0,0,0,0,0,9000,0,0,0,9000,0,9000,9000
053006,玉晶光永豐96購03,0,0,0,0,0,0,0,0,0,9000,0,0,0,62000,53000,9000,9000
059428,國巨元大99購25  ,0,0,0,0,0,0,0,0,0,9000,0,0,0,27000,18000,9000,9000
059014,SGBR2X元富03購01,0,0,0,0,0,0,0,0,0,9000,0,0,0,32000,23000,9000,9000
055902,同欣電中信99購01,0,0,0,0,0,0,0,0,0,9000,0,0,0,9000,0,9000,9000
056962,技嘉永豐98購01  ,0,0,0,0,0,0,0,0,0,9000,0,0,0,123000,114000,9000,9000
058655,鴻海中信03購02  ,0,0,0,0,0,0,0,0,0,9000,0,0,0,9000,0,9000,9000
054861,智邦群益97購01  ,0,0,0,0,0,0,0,0,0,9000,0,0,0,20000,11000,9000,9000
056594,台積電元富98購03,0,0,0,0,0,0,0,0,0,9000,0,0,0,9000,0,9000,9000
055679,華通凱基99購01  ,0,0,0,0,0,0,0,0,0,9000,0,0,0,9000,0,9000,9000
05663P,創意元富96售04  ,0,0,0,0,0,0,0,0,0,9000,0,0,0,9000,0,9000,9000
057665,技嘉元大99購01  ,0,0,0,0,0,0,0,0,0,9000,0,0,0,9000,0,9000,9000
055322,欣興國票97購06  ,0,0,0,0,0,0,0,0,0,9000,0,0,0,9000,0,9000,9000
055412,旺宏富邦99購01  ,0,0,0,0,0,0,0,0,0,9000,0,0,0,9000,0,9000,9000
055805,矽力永豐97購01  ,0,0,0,0,0,0,0,0,0,9000,0,0,0,80000,71000,9000,9000
059603,臺股指元大9A購40,0,0,0,0,0,0,0,0,0,8000,0,0,0,8000,0,8000,8000
059627,旺宏凱基99購10  ,0,0,0,0,0,0,0,0,0,8000,0,0,0,23000,15000,8000,8000
059702,台積電凱基9A購14,0,0,0,0,0,0,0,0,0,8000,0,0,0,29000,21000,8000,8000
05971P,世紀鋼永豐96售04,0,0,0,0,0,0,0,0,0,8000,0,0,0,8000,0,8000,8000
059978,國巨元大99購29  ,0,0,0,0,0,0,0,0,0,8000,0,0,0,234000,226000,8000,8000
060016,廣達康和99購01  ,0,0,0,0,0,0,0,0,0,8000,0,0,0,17000,9000,8000,8000
06016P,京元電凱基96售03,0,0,0,0,0,0,0,0,0,8000,0,0,0,8000,0,8000,8000
1539,巨庭            ,10000,2000,8000,0,0,0,0,0,0,0,0,0,0,0,0,0,8000
07361P,聯發科元大99售34,0,0,0,0,0,0,0,0,0,8000,0,0,0,9000,1000,8000,8000
07294P,滬深2X元富9C售08,0,0,0,0,0,0,0,0,0,8000,0,0,0,98000,90000,8000,8000
07193P,聯發科元大99售24,0,0,0,0,0,0,0,0,0,8000,0,0,0,8000,0,8000,8000
3024,憶聲            ,51000,43000,8000,0,0,0,0,0,0,0,0,0,0,0,0,0,8000
2597,潤弘            ,9000,1000,8000,0,0,0,0,0,0,0,0,0,0,0,0,0,8000
053586,建準元大96購01  ,0,0,0,0,0,0,0,0,0,8000,0,0,0,8000,0,8000,8000
051735,台積電國票96購06,0,0,0,0,0,0,0,0,0,8000,0,0,0,8000,0,8000,8000
051907,台積電元大97購05,0,0,0,0,0,0,0,0,0,8000,0,0,0,8000,0,8000,8000
052662,華新科國票97購01,0,0,0,0,0,0,0,0,0,8000,0,0,0,8000,0,8000,8000
058099,鴻海國泰9A購02  ,0,0,0,0,0,0,0,0,0,8000,0,0,0,8000,0,8000,8000
057843,晶技永豐98購02  ,0,0,0,0,0,0,0,0,0,8000,0,0,0,8000,0,8000,8000
053916,漢唐國票97購04  ,0,0,0,0,0,0,0,0,0,8000,0,0,0,8000,0,8000,8000
052095,彩晶元大97購01  ,0,0,0,0,0,0,0,0,0,8000,0,0,0,8000,0,8000,8000
049889,欣興國泰96購01  ,0,0,0,0,0,0,0,0,0,8000,0,0,0,8000,0,8000,8000
054527,國巨統一97購03  ,0,0,0,0,0,0,0,0,0,8000,0,0,0,8000,0,8000,8000
05029P,鴻海元富95售04  ,0,0,0,0,0,0,0,0,0,8000,0,0,0,8000,0,8000,8000
051503,玉晶光統一97購01,0,0,0,0,0,0,0,0,0,8000,0,0,0,116000,108000,8000,8000
049156,緯穎元大96購01  ,0,0,0,0,0,0,0,0,0,8000,0,0,0,9000,1000,8000,8000
049584,台積電元大96購04,0,0,0,0,0,0,0,0,0,8000,0,0,0,8000,0,8000,8000
050597,聯電麥證94購01  ,0,0,0,8000,0,8000,0,0,0,8000,0,0,0,8000,0,8000,8000
00731,FH富時高息低波  ,0,0,0,0,0,0,0,0,0,8000,0,0,0,265000,257000,8000,8000
047395,聯茂元大94購01  ,0,0,0,0,0,0,0,0,0,8000,0,0,0,8000,0,8000,8000
047418,智邦富邦97購01  ,0,0,0,0,0,0,0,0,0,8000,0,0,0,8000,0,8000,8000
04787P,台積電永昌96售04,0,0,0,0,0,0,0,0,0,8000,0,0,0,8000,0,8000,8000
047690,美律富邦97購01  ,0,0,0,0,0,0,0,0,0,8000,0,0,0,8000,0,8000,8000
056413,上証反中信9A購01,0,0,0,0,0,0,0,0,0,8000,0,0,0,8000,0,8000,8000
058078,景碩國票99購01  ,0,0,0,0,0,0,0,0,0,8000,0,0,0,62000,54000,8000,8000
055722,聯鈞元大97購03  ,0,0,0,0,0,0,0,0,0,8000,0,0,0,8000,0,8000,8000
058960,臺股指國票99購05,0,0,0,0,0,0,0,0,0,8000,0,0,0,8000,0,8000,8000
057478,智邦元大99購01  ,0,0,0,0,0,0,0,0,0,8000,0,0,0,8000,0,8000,8000
057486,美律元大98購04  ,0,0,0,0,0,0,0,0,0,8000,0,0,0,22000,14000,8000,8000
05743P,創意元大96售01  ,0,0,0,0,0,0,0,0,0,8000,0,0,0,8000,0,8000,8000
057364,國巨元大98購18  ,0,0,0,0,0,0,0,0,0,8000,0,0,0,8000,0,8000,8000
058390,樺漢國票9A購01  ,0,0,0,0,0,0,0,0,0,8000,0,0,0,12000,4000,8000,8000
056021,興富發群益97購01,0,0,0,0,0,0,0,0,0,8000,0,0,0,8000,0,8000,8000
056825,深中小富邦9B購01,0,0,0,0,0,0,0,0,0,8000,0,0,0,8000,0,8000,8000
058672,可成群益9B購02  ,0,0,0,0,0,0,0,0,0,8000,0,0,0,13000,5000,8000,8000
058638,矽力兆豐99購01  ,0,0,0,0,0,0,0,0,0,8000,0,0,0,8000,0,8000,8000
059070,道瓊指元大99購02,0,0,0,0,0,0,0,0,0,8000,0,0,0,45000,37000,8000,8000
059377,台積電群益99購09,0,0,0,0,0,0,0,0,0,8000,0,0,0,8000,0,8000,8000
2530,華建            ,8000,1000,7000,0,0,0,0,0,0,0,0,0,0,0,0,0,7000
3058,立德            ,7000,0,7000,0,0,0,0,0,0,0,0,0,0,0,0,0,7000
4746,台耀            ,65000,61000,4000,0,0,0,0,0,0,3000,3000,0,3000,0,0,0,7000
4764,雙鍵            ,13000,6000,7000,0,0,0,0,0,0,0,0,0,0,0,0,0,7000
07330P,台灣50群益9A售08,0,0,0,0,0,0,0,0,0,7000,0,0,0,32000,25000,7000,7000
07417P,聯發科元大99售44,0,0,0,0,0,0,0,0,0,7000,0,0,0,7000,0,7000,7000
1535,中宇            ,6000,0,6000,0,0,0,0,0,0,1000,1000,0,1000,0,0,0,7000
1528,恩德            ,10000,3000,7000,0,0,0,0,0,0,0,0,0,0,0,0,0,7000
1727,中華化          ,11000,0,11000,0,0,0,0,0,0,-4000,0,4000,-4000,0,0,0,7000
2017,官田鋼          ,7000,0,7000,0,0,0,0,0,0,0,0,0,0,0,0,0,7000
06177P,玉晶光元大98售07,0,0,0,0,0,0,0,0,0,7000,0,0,0,7000,0,7000,7000
06605P,玉晶光元富98售03,0,0,0,0,0,0,0,0,0,7000,0,0,0,7000,0,7000,7000
06673P,大立光群益98售01,0,0,0,0,0,0,0,0,0,7000,0,0,0,7000,0,7000,7000
06684P,緯穎元大98售06  ,0,0,0,0,0,0,0,0,0,7000,0,0,0,7000,0,7000,7000
06305P,臺股指元大97售11,0,0,0,0,0,0,0,0,0,7000,0,0,0,7000,0,7000,7000
059657,華通元大99購09  ,0,0,0,0,0,0,0,0,0,7000,0,0,0,26000,19000,7000,7000
059782,A50正2元大9C購04,0,0,0,0,0,0,0,0,0,7000,0,0,0,10000,3000,7000,7000
059493,國巨國票9B購01  ,0,0,0,0,0,0,0,0,0,7000,0,0,0,145000,138000,7000,7000
047566,華新科國票94購02,0,0,0,0,0,0,0,0,0,7000,0,0,0,7000,0,7000,7000
047213,新日興富邦97購01,0,0,0,0,0,0,0,0,0,7000,0,0,0,7000,0,7000,7000
03050X,元展47          ,0,0,0,0,0,0,0,0,0,7000,0,0,0,7000,0,7000,7000
035275,台積電台新97購01,0,0,0,0,0,0,0,0,0,7000,0,0,0,22000,15000,7000,7000
03007X,元展07          ,0,0,0,0,0,0,0,0,0,7000,0,0,0,7000,0,7000,7000
048637,鴻海元大96購01  ,0,0,0,0,0,0,0,0,0,7000,0,0,0,7000,0,7000,7000
048576,義隆國泰95購01  ,0,0,0,0,0,0,0,0,0,7000,0,0,0,9000,2000,7000,7000
049517,台光電國票94購02,0,0,0,0,0,0,0,0,0,7000,0,0,0,7000,0,7000,7000
05287P,鴻海元富95售09  ,0,0,0,0,0,0,0,0,0,7000,0,0,0,7000,0,7000,7000
057879,電子類元大99購02,0,0,0,0,0,0,0,0,0,7000,0,0,0,7000,0,7000,7000
053380,南亞科元大97購01,0,0,0,0,0,0,0,0,0,7000,0,0,0,7000,0,7000,7000
053169,貿聯群益97購01  ,0,0,0,0,0,0,0,0,0,7000,0,0,0,7000,0,7000,7000
059332,台灣50國票9A購07,0,0,0,0,0,0,0,0,0,7000,0,0,0,7000,0,7000,7000
059092,聯陽元大99購01  ,0,0,0,0,0,0,0,0,0,7000,0,0,0,7000,0,7000,7000
059053,鴻海凱基99購07  ,0,0,0,0,0,0,0,0,0,7000,0,0,0,89000,82000,7000,7000
056966,嘉晶永豐98購01  ,0,0,0,0,0,0,0,0,0,7000,0,0,0,7000,0,7000,7000
056914,臺股指元大99購09,0,0,0,0,0,0,0,0,0,7000,0,0,0,7000,0,7000,7000
056898,全新元大98購02  ,0,0,0,0,0,0,0,0,0,7000,0,0,0,41000,34000,7000,7000
057313,聯發科麥證99購01,0,0,0,7000,0,7000,0,0,0,7000,0,0,0,7000,0,7000,7000
057183,玉晶光元大99購07,0,0,0,0,0,0,0,0,0,7000,0,0,0,7000,0,7000,7000
057194,南電元大98購01  ,0,0,0,0,0,0,0,0,0,7000,0,0,0,21000,14000,7000,7000
058276,道瓊指中信9C購01,0,0,0,0,0,0,0,0,0,7000,0,0,0,7000,0,7000,7000
058817,嘉聯益台新99購01,0,0,0,0,0,0,0,0,0,7000,0,0,0,104000,97000,7000,7000
055702,美律富邦98購01  ,0,0,0,0,0,0,0,0,0,7000,0,0,0,140000,133000,7000,7000
055658,南電元富97購01  ,0,0,0,0,0,0,0,0,0,7000,0,0,0,166000,159000,7000,7000
055593,華新科元大97購10,0,0,0,0,0,0,0,0,0,7000,0,0,0,7000,0,7000,7000
055553,聯發科凱基97購05,0,0,0,0,0,0,0,0,0,7000,0,0,0,7000,0,7000,7000
057589,超眾國票9A購01  ,0,0,0,0,0,0,0,0,0,7000,0,0,0,7000,0,7000,7000
057601,中磊群益98購01  ,0,0,0,0,0,0,0,0,0,7000,0,0,0,7000,0,7000,7000
057556,智易凱基99購01  ,0,0,0,0,0,0,0,0,0,7000,0,0,0,72000,65000,7000,7000
056110,嘉聯益永豐97購02,0,0,0,0,0,0,0,0,0,7000,0,0,0,86000,79000,7000,7000
055470,南亞科凱基97購01,0,0,0,0,0,0,0,0,0,7000,0,0,0,320000,313000,7000,7000
059612,奇鋐永豐99購02  ,0,0,0,0,0,0,0,0,0,6000,0,0,0,6000,0,6000,6000
059893,台積電台新9A購02,0,0,0,0,0,0,0,0,0,6000,0,0,0,16000,10000,6000,6000
059851,晶相光永豐99購02,0,0,0,0,0,0,0,0,0,6000,0,0,0,36000,30000,6000,6000
06486P,麗豐元大98售02  ,0,0,0,0,0,0,0,0,0,6000,0,0,0,6000,0,6000,6000
06885P,國巨國票99售06  ,0,0,0,0,0,0,0,0,0,6000,0,0,0,6000,0,6000,6000
060213,牧德康和9A購01  ,0,0,0,0,0,0,0,0,0,6000,0,0,0,262000,256000,6000,6000
2062,橋椿            ,13000,7000,6000,0,0,0,0,0,0,0,0,0,0,0,0,0,6000
1810,和成            ,61000,55000,6000,0,0,0,0,0,0,0,0,0,0,0,0,0,6000
1603,華電            ,21000,15000,6000,0,0,0,0,0,0,0,0,0,0,0,0,0,6000
1441,大東            ,11000,5000,6000,0,0,0,0,0,0,0,0,0,0,0,0,0,6000
1464,得力            ,179000,203000,-24000,0,0,0,0,0,0,30000,0,16000,-16000,46000,0,46000,6000
1465,偉全            ,6000,0,6000,0,0,0,0,0,0,0,0,0,0,0,0,0,6000
07419P,聯發科元大99售46,0,0,0,0,0,0,0,0,0,6000,0,0,0,8000,2000,6000,6000
07376P,聯發科元大99售39,0,0,0,0,0,0,0,0,0,6000,0,0,0,51000,45000,6000,6000
1101B,台泥乙特        ,0,0,0,0,0,0,0,0,0,6000,16000,10000,6000,0,0,0,6000
4439,冠星-KY         ,6000,0,6000,0,0,0,0,0,0,0,0,0,0,0,0,0,6000
6573,虹揚-KY         ,6000,0,6000,0,0,0,0,0,0,0,0,0,0,0,0,0,6000
2516,新建            ,9000,3000,6000,0,0,0,0,0,0,0,0,0,0,0,0,0,6000
2852,第一保          ,8000,2000,6000,0,0,0,0,0,0,0,0,0,0,0,0,0,6000
051635,大立光國票96購04,0,0,0,0,0,0,0,0,0,6000,0,0,0,6000,0,6000,6000
053273,國巨元大96購08  ,0,0,0,0,0,0,0,0,0,6000,0,0,0,6000,0,6000,6000
051736,旺宏國票96購01  ,0,0,0,0,0,0,0,0,0,6000,0,0,0,6000,0,6000,6000
05268P,玉晶光元大98售01,0,0,0,0,0,0,0,0,0,6000,0,0,0,6000,0,6000,6000
052559,茂林國票97購01  ,0,0,0,0,0,0,0,0,0,6000,0,0,0,6000,0,6000,6000
057861,台積電凱基98購16,0,0,0,0,0,0,0,0,0,6000,0,0,0,6000,0,6000,6000
052844,台積電統一96購02,0,0,0,0,0,0,0,0,0,6000,0,0,0,6000,0,6000,6000
053741,漢唐國票97購03  ,0,0,0,0,0,0,0,0,0,6000,0,0,0,6000,0,6000,6000
053948,大立光富邦99購04,0,0,0,0,0,0,0,0,0,6000,0,0,0,6000,0,6000,6000
049937,臺股指元大94購18,0,0,0,0,0,0,0,0,0,6000,0,0,0,6000,0,6000,6000
050021,鴻海元大94購10  ,0,0,0,0,0,0,0,0,0,6000,0,0,0,6000,0,6000,6000
05422P,大立光中信97售02,0,0,0,0,0,0,0,0,0,6000,0,0,0,6000,0,6000,6000
054420,緯穎元大96購08  ,0,0,0,0,0,0,0,0,0,6000,0,0,0,20000,14000,6000,6000
054383,傳奇群益97購01  ,0,0,0,0,0,0,0,0,0,6000,0,0,0,6000,0,6000,6000
049527,國巨中信95購01  ,0,0,0,0,0,0,0,0,0,6000,0,0,0,6000,0,6000,6000
050782,台積電國泰96購03,0,0,0,0,0,0,0,0,0,6000,0,0,0,6000,0,6000,6000
050608,台達電元大94購12,0,0,0,0,0,0,0,0,0,6000,0,0,0,6000,0,6000,6000
050571,美食中信95購01  ,0,0,0,0,0,0,0,0,0,6000,0,0,0,6000,0,6000,6000
048867,台積電兆豐95購01,0,0,0,0,0,0,0,0,0,6000,0,0,0,16000,10000,6000,6000
048892,台郡元富97購01  ,0,0,0,0,0,0,0,0,0,6000,0,0,0,6000,0,6000,6000
051487,健策凱基96購03  ,0,0,0,0,0,0,0,0,0,6000,0,0,0,6000,0,6000,6000
048273,南電富邦97購01  ,0,0,0,0,0,0,0,0,0,6000,0,0,0,29000,23000,6000,6000
051350,台積電元大95購14,0,0,0,0,0,0,0,0,0,6000,0,0,0,6000,0,6000,6000
046061,中石化凱基98購01,0,0,0,0,0,0,0,0,0,6000,0,0,0,6000,0,6000,6000
050836,緯穎凱基95購01  ,0,0,0,0,0,0,0,0,0,6000,0,0,0,6000,0,6000,6000
050842,旺宏國票97購01  ,0,0,0,0,0,0,0,0,0,6000,0,0,0,6000,0,6000,6000
050904,臺股指元大95購11,0,0,0,0,0,0,0,0,0,6000,0,0,0,28000,22000,6000,6000
050984,大立光國泰97購01,0,0,0,0,0,0,0,0,0,6000,0,0,0,6000,0,6000,6000
044988,玉晶光統一95購01,0,0,0,0,0,0,0,0,0,6000,0,0,0,6000,0,6000,6000
04250P,嘉晶統一95售02  ,0,0,0,0,0,0,0,0,0,6000,0,0,0,10000,4000,6000,6000
00743,國泰中國A150    ,0,0,0,0,0,0,0,0,0,6000,0,0,0,14000,8000,6000,6000
0051,元大中型100     ,0,0,0,0,0,0,0,0,0,6000,0,0,0,31000,25000,6000,6000
03674C,臺股指元富9C牛02,0,0,0,0,0,0,0,0,0,6000,0,0,0,7000,1000,6000,6000
055449,超眾統一9A購01  ,0,0,0,0,0,0,0,0,0,6000,0,0,0,6000,0,6000,6000
055482,聚陽元大97購02  ,0,0,0,0,0,0,0,0,0,6000,0,0,0,6000,0,6000,6000
055014,達興元富97購01  ,0,0,0,0,0,0,0,0,0,6000,0,0,0,6000,0,6000,6000
056749,滬深2X兆豐99購01,0,0,0,0,0,0,0,0,0,6000,0,0,0,16000,10000,6000,6000
056147,鴻海日盛97購05  ,0,0,0,0,0,0,0,0,0,6000,0,0,0,6000,0,6000,6000
057739,新日興富邦9B購01,0,0,0,0,0,0,0,0,0,6000,0,0,0,6000,0,6000,6000
055642,廣宇元富97購01  ,0,0,0,0,0,0,0,0,0,6000,0,0,0,6000,0,6000,6000
056659,泰碩元大99購01  ,0,0,0,0,0,0,0,0,0,6000,0,0,0,6000,0,6000,6000
057170,瑞昱元大98購01  ,0,0,0,0,0,0,0,0,0,6000,0,0,0,6000,0,6000,6000
057365,智邦元大98購07  ,0,0,0,0,0,0,0,0,0,6000,0,0,0,14000,8000,6000,6000
057438,禾伸堂國票99購01,0,0,0,0,0,0,0,0,0,6000,0,0,0,6000,0,6000,6000
05682P,大立光元大98售03,0,0,0,0,0,0,0,0,0,6000,0,0,0,6000,0,6000,6000
058384,大成鋼中信99購01,0,0,0,0,0,0,0,0,0,6000,0,0,0,6000,0,6000,6000
058581,大立光群益99購05,0,0,0,0,0,0,0,0,0,6000,0,0,0,7000,1000,6000,6000
05493P,華新科富邦99售02,0,0,0,0,0,0,0,0,0,6000,0,0,0,6000,0,6000,6000
059038,健策群益9A購02  ,0,0,0,0,0,0,0,0,0,6000,0,0,0,6000,0,6000,6000
059084,鴻海元大99購24  ,0,0,0,0,0,0,0,0,0,6000,0,0,0,24000,18000,6000,6000
059439,健策元大9B購01  ,0,0,0,0,0,0,0,0,0,6000,0,0,0,24000,18000,6000,6000
9937,全國            ,7000,1000,6000,0,0,0,0,0,0,0,0,0,0,0,0,0,6000
9929,秋雨            ,6000,0,6000,0,0,0,0,0,0,0,0,0,0,0,0,0,6000
910322,康師傅-DR       ,6000,0,6000,0,0,0,0,0,0,0,0,0,0,0,0,0,6000
3229,晟鈦            ,5000,0,5000,0,0,0,0,0,0,0,0,0,0,0,0,0,5000
6582,申豐            ,40000,23000,17000,0,0,0,0,0,0,-12000,3000,15000,-12000,0,0,0,5000
1312A,國喬特          ,0,0,0,0,0,0,0,0,0,5000,5000,0,5000,0,0,0,5000
07390P,華新科康和99售02,0,0,0,0,0,0,0,0,0,5000,0,0,0,5000,0,5000,5000
07184P,台灣50元富01售01,0,0,0,0,0,0,0,0,0,5000,0,0,0,5000,0,5000,5000
07199P,臺股指元大99售15,0,0,0,0,0,0,0,0,0,5000,0,0,0,5000,0,5000,5000
07212P,聯發科凱基99售14,0,0,0,0,0,0,0,0,0,5000,0,0,0,5000,0,5000,5000
07236P,台灣50國票99售05,0,0,0,0,0,0,0,0,0,5000,0,0,0,10000,5000,5000,5000
1432,大魯閣          ,5000,0,5000,0,0,0,0,0,0,0,0,0,0,0,0,0,5000
1568,倉佑            ,5000,0,5000,0,0,0,0,0,0,0,0,0,0,0,0,0,5000
1726,永記            ,7000,2000,5000,0,0,0,0,0,0,0,0,0,0,0,0,0,5000
2012,春雨            ,5000,0,5000,0,0,0,0,0,0,0,0,0,0,0,0,0,5000
2414,精技            ,33000,28000,5000,0,0,0,0,0,0,0,0,0,0,0,0,0,5000
2365,昆盈            ,26000,21000,5000,0,0,0,0,0,0,0,0,0,0,0,0,0,5000
2380,虹光            ,5000,0,5000,0,0,0,0,0,0,0,0,0,0,0,0,0,5000
060214,茂林康和9A購01  ,0,0,0,0,0,0,0,0,0,5000,0,0,0,17000,12000,5000,5000
060178,T50反1元富04購05,0,0,0,0,0,0,0,0,0,5000,0,0,0,5000,0,5000,5000
060366,健策元富9A購01  ,0,0,0,0,0,0,0,0,0,5000,0,0,0,72000,67000,5000,5000
060336,南電康和9A購01  ,0,0,0,0,0,0,0,0,0,5000,0,0,0,64000,59000,5000,5000
06867P,訊芯元大98售08  ,0,0,0,0,0,0,0,0,0,5000,0,0,0,5000,0,5000,5000
06957P,FBVIX凱基01售01 ,0,0,0,0,0,0,0,0,0,5000,0,0,0,5000,0,5000,5000
07029P,緯穎群益99售02  ,0,0,0,0,0,0,0,0,0,5000,0,0,0,15000,10000,5000,5000
06466P,台積電統一9B售01,0,0,0,0,0,0,0,0,0,5000,0,0,0,8000,3000,5000,5000
06307P,聚陽元富97售02  ,0,0,0,0,0,0,0,0,0,5000,0,0,0,5000,0,5000,5000
060011,臺股指群益9C購06,0,0,0,0,0,0,0,0,0,5000,0,0,0,21000,16000,5000,5000
060062,聯發科兆豐99購04,0,0,0,0,0,0,0,0,0,5000,0,0,0,11000,6000,5000,5000
059583,台灣50元大01購10,0,0,0,0,0,0,0,0,0,5000,0,0,0,5000,0,5000,5000
059555,台灣50凱基9A購06,0,0,0,0,0,0,0,0,0,5000,0,0,0,7000,2000,5000,5000
059722,南亞科元大99購02,0,0,0,0,0,0,0,0,0,5000,0,0,0,5000,0,5000,5000
059790,立積元大9C購02  ,0,0,0,0,0,0,0,0,0,5000,0,0,0,5000,0,5000,5000
03662C,FBVIX凱基03牛01 ,0,0,0,0,0,0,0,0,0,5000,0,0,0,8000,3000,5000,5000
047637,旺宏元大94購03  ,0,0,0,0,0,0,0,0,0,5000,0,0,0,5000,0,5000,5000
047911,晶技麥證94購01  ,0,0,0,5000,0,5000,0,0,0,5000,0,0,0,5000,0,5000,5000
00713,元大台灣高息低波,1000,3000,-2000,0,0,0,0,0,0,7000,0,0,0,12000,5000,7000,5000
046703,瑞昱元富95購01  ,0,0,0,0,0,0,0,0,0,5000,0,0,0,5000,0,5000,5000
03993P,滬深2X中信94售03,0,0,0,0,0,0,0,0,0,5000,0,0,0,5000,0,5000,5000
051187,晶相光永豐95購01,0,0,0,0,0,0,0,0,0,5000,0,0,0,5000,0,5000,5000
048346,智易元大95購01  ,0,0,0,0,0,0,0,0,0,5000,0,0,0,5000,0,5000,5000
048427,百和元富95購01  ,0,0,0,0,0,0,0,0,0,5000,0,0,0,5000,0,5000,5000
051449,玉晶光元大96購01,0,0,0,0,0,0,0,0,0,5000,0,0,0,5000,0,5000,5000
050252,聯發科國泰95購01,0,0,0,0,0,0,0,0,0,5000,0,0,0,5000,0,5000,5000
050219,台積電元富95購03,0,0,0,0,0,0,0,0,0,5000,0,0,0,5000,0,5000,5000
050686,欣興兆豐96購01  ,0,0,0,0,0,0,0,0,0,5000,0,0,0,5000,0,5000,5000
049497,茂林元大94購04  ,0,0,0,0,0,0,0,0,0,5000,0,0,0,5000,0,5000,5000
054464,奇力新凱基98購02,0,0,0,0,0,0,0,0,0,5000,0,0,0,5000,0,5000,5000
053562,玉晶光國泰98購02,0,0,0,0,0,0,0,0,0,5000,0,0,0,5000,0,5000,5000
054517,高鐵元大96購01  ,0,0,0,0,0,0,0,0,0,5000,0,0,0,5000,0,5000,5000
049985,華擎凱基94購01  ,0,0,0,0,0,0,0,0,0,5000,0,0,0,5000,0,5000,5000
052863,友達凱基98購02  ,0,0,0,0,0,0,0,0,0,5000,0,0,0,5000,0,5000,5000
052963,智邦凱基96購02  ,0,0,0,0,0,0,0,0,0,5000,0,0,0,25000,20000,5000,5000
053959,晶豪科永豐96購02,0,0,0,0,0,0,0,0,0,5000,0,0,0,5000,0,5000,5000
053989,奇力新兆豐97購01,0,0,0,0,0,0,0,0,0,5000,0,0,0,5000,0,5000,5000
053713,漢唐凱基96購04  ,0,0,0,0,0,0,0,0,0,5000,0,0,0,5000,0,5000,5000
053534,微星永豐96購02  ,0,0,0,0,0,0,0,0,0,5000,0,0,0,7000,2000,5000,5000
053483,嘉澤第一96購01  ,0,0,0,0,0,0,0,0,0,5000,0,0,0,5000,0,5000,5000
057938,台表科群益98購02,0,0,0,0,0,0,0,0,0,5000,0,0,0,17000,12000,5000,5000
057930,旺宏群益99購04  ,0,0,0,0,0,0,0,0,0,5000,0,0,0,5000,0,5000,5000
058102,楠梓電永豐98購04,0,0,0,0,0,0,0,0,0,5000,0,0,0,5000,0,5000,5000
058090,聯發科元大98購16,0,0,0,0,0,0,0,0,0,5000,0,0,0,5000,0,5000,5000
058174,台積電凱基9A購05,0,0,0,0,0,0,0,0,0,5000,0,0,0,5000,0,5000,5000
058205,神達凱基9B購01  ,0,0,0,0,0,0,0,0,0,5000,0,0,0,5000,0,5000,5000
057783,台積電國票9A購01,0,0,0,0,0,0,0,0,0,5000,0,0,0,5000,0,5000,5000
052588,玉晶光永豐98購01,0,0,0,0,0,0,0,0,0,5000,0,0,0,5000,0,5000,5000
052380,臺股指元大95購21,0,0,0,0,0,0,0,0,0,5000,0,0,0,5000,0,5000,5000
052413,上証反中信97購01,0,0,0,0,0,0,0,0,0,5000,0,0,0,5000,0,5000,5000
052637,欣興凱基97購01  ,0,0,0,0,0,0,0,0,0,5000,0,0,0,5000,0,5000,5000
052612,康舒元大97購01  ,0,0,0,0,0,0,0,0,0,5000,0,0,0,5000,0,5000,5000
05271P,國巨富邦97售01  ,0,0,0,0,0,0,0,0,0,5000,0,0,0,5000,0,5000,5000
052807,貿聯元大98購01  ,0,0,0,0,0,0,0,0,0,5000,0,0,0,5000,0,5000,5000
052811,玉晶光台新96購03,0,0,0,0,0,0,0,0,0,5000,0,0,0,15000,10000,5000,5000
053376,鴻海元大96購19  ,0,0,0,0,0,0,0,0,0,5000,0,0,0,5000,0,5000,5000
053355,超眾兆豐97購01  ,0,0,0,0,0,0,0,0,0,5000,0,0,0,10000,5000,5000,5000
054743,聯鈞凱基99購01  ,0,0,0,0,0,0,0,0,0,5000,0,0,0,5000,0,5000,5000
052205,台積電中信95購09,0,0,0,0,0,0,0,0,0,5000,0,0,0,5000,0,5000,5000
052324,康友元大96購02  ,0,0,0,0,0,0,0,0,0,5000,0,0,0,5000,0,5000,5000
051775,旺宏亞東95購01  ,0,0,0,0,0,0,0,0,0,5000,0,0,0,28000,23000,5000,5000
053229,南電台新97購01  ,0,0,0,0,0,0,0,0,0,5000,0,0,0,5000,0,5000,5000
053168,晶技群益98購01  ,0,0,0,0,0,0,0,0,0,5000,0,0,0,5000,0,5000,5000
053174,同欣電群益98購02,0,0,0,0,0,0,0,0,0,5000,0,0,0,5000,0,5000,5000
053654,聯發科凱基98購01,0,0,0,0,0,0,0,0,0,5000,0,0,0,5000,0,5000,5000
053021,國巨國泰97購04  ,0,0,0,0,0,0,0,0,0,5000,0,0,0,5000,0,5000,5000
05305P,華新科國泰97售01,0,0,0,0,0,0,0,0,0,5000,0,0,0,55000,50000,5000,5000
053032,國巨兆豐97購02  ,0,0,0,0,0,0,0,0,0,5000,0,0,0,15000,10000,5000,5000
052983,國巨元大96購07  ,0,0,0,0,0,0,0,0,0,5000,0,0,0,5000,0,5000,5000
052984,漢唐元大96購01  ,0,0,0,0,0,0,0,0,0,5000,0,0,0,5000,0,5000,5000
054643,上証2X群益9B購01,0,0,0,0,0,0,0,0,0,5000,0,0,0,5000,0,5000,5000
059441,祥碩元大99購02  ,0,0,0,0,0,0,0,0,0,5000,0,0,0,307000,302000,5000,5000
059268,鎧勝中信01購01  ,0,0,0,0,0,0,0,0,0,5000,0,0,0,5000,0,5000,5000
059086,國巨元大99購18  ,0,0,0,0,0,0,0,0,0,5000,0,0,0,16000,11000,5000,5000
059040,訊芯群益99購03  ,0,0,0,0,0,0,0,0,0,5000,0,0,0,22000,17000,5000,5000
059029,旺宏兆豐99購01  ,0,0,0,0,0,0,0,0,0,5000,0,0,0,10000,5000,5000,5000
058591,台灣50統一9B購02,0,0,0,0,0,0,0,0,0,5000,0,0,0,5000,0,5000,5000
054947,興勤元大97購01  ,0,0,0,0,0,0,0,0,0,5000,0,0,0,5000,0,5000,5000
055949,亞德客元大97購04,0,0,0,0,0,0,0,0,0,5000,0,0,0,5000,0,5000,5000
058303,華通元大99購03  ,0,0,0,0,0,0,0,0,0,5000,0,0,0,5000,0,5000,5000
058304,鴻海元大99購12  ,0,0,0,0,0,0,0,0,0,5000,0,0,0,5000,0,5000,5000
058313,台積電富邦9B購04,0,0,0,0,0,0,0,0,0,5000,0,0,0,5000,0,5000,5000
058322,玉晶光永豐99購02,0,0,0,0,0,0,0,0,0,5000,0,0,0,5000,0,5000,5000
058407,滬深2X兆豐9A購01,0,0,0,0,0,0,0,0,0,5000,0,0,0,5000,0,5000,5000
058416,鴻海麥證99購01  ,0,0,0,14000,4000,10000,0,0,0,5000,0,0,0,18000,13000,5000,5000
05684P,臺股指元大96售09,0,0,0,0,0,0,0,0,0,5000,0,0,0,125000,120000,5000,5000
055992,智原台新97購02  ,0,0,0,0,0,0,0,0,0,5000,0,0,0,5000,0,5000,5000
055971,矽力元大97購05  ,0,0,0,0,0,0,0,0,0,5000,0,0,0,5000,0,5000,5000
057371,可成元大98購08  ,0,0,0,0,0,0,0,0,0,5000,0,0,0,5000,0,5000,5000
057295,可成永豐98購02  ,0,0,0,0,0,0,0,0,0,5000,0,0,0,5000,0,5000,5000
057188,佐登元大98購01  ,0,0,0,0,0,0,0,0,0,5000,0,0,0,30000,25000,5000,5000
057267,康控兆豐99購01  ,0,0,0,0,0,0,0,0,0,5000,0,0,0,5000,0,5000,5000
057221,華通國票98購03  ,0,0,0,0,0,0,0,0,0,5000,0,0,0,5000,0,5000,5000
054888,泰碩統一97購01  ,0,0,0,0,0,0,0,0,0,5000,0,0,0,5000,0,5000,5000
056895,技嘉元大98購01  ,0,0,0,0,0,0,0,0,0,5000,0,0,0,5000,0,5000,5000
058254,臺股指元大9A購18,0,0,0,0,0,0,0,0,0,5000,0,0,0,5000,0,5000,5000
056611,國巨永豐98購03  ,0,0,0,0,0,0,0,0,0,5000,0,0,0,5000,0,5000,5000
058709,臺股指元大9A購22,0,0,0,0,0,0,0,0,0,5000,0,0,0,5000,0,5000,5000
058781,康友國票9A購01  ,0,0,0,0,0,0,0,0,0,5000,0,0,0,130000,125000,5000,5000
058882,晶相光永豐99購01,0,0,0,0,0,0,0,0,0,5000,0,0,0,21000,16000,5000,5000
058898,台積電元大99購20,0,0,0,0,0,0,0,0,0,5000,0,0,0,5000,0,5000,5000
055535,緯創群益98購01  ,0,0,0,0,0,0,0,0,0,5000,0,0,0,5000,0,5000,5000
057599,技嘉群益9A購01  ,0,0,0,0,0,0,0,0,0,5000,0,0,0,17000,12000,5000,5000
057658,玉晶光兆豐99購02,0,0,0,0,0,0,0,0,0,5000,0,0,0,5000,0,5000,5000
057535,泰鼎元大99購01  ,0,0,0,0,0,0,0,0,0,5000,0,0,0,5000,0,5000,5000
057544,鴻海凱基02購01  ,0,0,0,0,0,0,0,0,0,5000,0,0,0,5000,0,5000,5000
056137,聯鈞元大9A購01  ,0,0,0,0,0,0,0,0,0,5000,0,0,0,5000,0,5000,5000
056773,晶技元大99購03  ,0,0,0,0,0,0,0,0,0,5000,0,0,0,5000,0,5000,5000
055806,致新永豐97購02  ,0,0,0,0,0,0,0,0,0,5000,0,0,0,78000,73000,5000,5000
056339,聯發科凱基99購02,0,0,0,0,0,0,0,0,0,5000,0,0,0,5000,0,5000,5000
056349,道瓊銀元大9B購01,0,0,0,0,0,0,0,0,0,5000,0,0,0,5000,0,5000,5000
056379,玉晶光元富98購01,0,0,0,0,0,0,0,0,0,5000,0,0,0,5000,0,5000,5000
056188,晶相光統一99購01,0,0,0,0,0,0,0,0,0,5000,0,0,0,5000,0,5000,5000
056291,聯茂永豐97購03  ,0,0,0,0,0,0,0,0,0,5000,0,0,0,5000,0,5000,5000
056295,國巨元大97購16  ,0,0,0,0,0,0,0,0,0,5000,0,0,0,33000,28000,5000,5000
056283,鴻海永豐97購03  ,0,0,0,0,0,0,0,0,0,5000,0,0,0,5000,0,5000,5000
055007,晶相光元富9A購02,0,0,0,0,0,0,0,0,0,5000,0,0,0,5000,0,5000,5000
05506P,茂林凱基96售03  ,0,0,0,0,0,0,0,0,0,5000,0,0,0,5000,0,5000,5000
055486,國巨元大98購06  ,0,0,0,0,0,0,0,0,0,5000,0,0,0,5000,0,5000,5000
055460,華擎永豐97購01  ,0,0,0,0,0,0,0,0,0,5000,0,0,0,5000,0,5000,5000
05539P,鎧勝永豐96售01  ,0,0,0,0,0,0,0,0,0,5000,0,0,0,5000,0,5000,5000
055299,康友元大97購02  ,0,0,0,0,0,0,0,0,0,5000,0,0,0,5000,0,5000,5000
055290,玉晶光元大98購08,0,0,0,0,0,0,0,0,0,5000,0,0,0,5000,0,5000,5000
055285,華新科元大99購03,0,0,0,0,0,0,0,0,0,5000,0,0,0,5000,0,5000,5000
05527P,聯茂群益96售01  ,0,0,0,0,0,0,0,0,0,5000,0,0,0,5000,0,5000,5000
055264,國巨永豐98購01  ,0,0,0,0,0,0,0,0,0,5000,0,0,0,5000,0,5000,5000
055251,華新科統一99購01,0,0,0,0,0,0,0,0,0,5000,0,0,0,5000,0,5000,5000
055178,晶豪科統一97購01,0,0,0,0,0,0,0,0,0,5000,0,0,0,5000,0,5000,5000
055126,嘉澤兆豐97購01  ,0,0,0,0,0,0,0,0,0,5000,0,0,0,5000,0,5000,5000
055090,國巨群益97購03  ,0,0,0,0,0,0,0,0,0,5000,0,0,0,5000,0,5000,5000
060005,上銀群益99購03  ,0,0,0,0,0,0,0,0,0,4000,0,0,0,4000,0,4000,4000
06717P,可成元大98售09  ,0,0,0,0,0,0,0,0,0,4000,0,0,0,19000,15000,4000,4000
07103P,南電元大99售04  ,0,0,0,0,0,0,0,0,0,4000,0,0,0,6000,2000,4000,4000
06950P,鴻海統一9B售02  ,0,0,0,0,0,0,0,0,0,4000,0,0,0,4000,0,4000,4000
06929P,鴻海元大99售11  ,0,0,0,0,0,0,0,0,0,4000,0,0,0,4000,0,4000,4000
06247P,同欣電元富97售02,0,0,0,0,0,0,0,0,0,4000,0,0,0,5000,1000,4000,4000
06128P,玉晶光元富97售05,0,0,0,0,0,0,0,0,0,4000,0,0,0,4000,0,4000,4000
060185,聯發科元富04購01,0,0,0,0,0,0,0,0,0,4000,0,0,0,18000,14000,4000,4000
060210,上銀康和9A購01  ,0,0,0,0,0,0,0,0,0,4000,0,0,0,4000,0,4000,4000
060269,台灣50元大9C購21,0,0,0,0,0,0,0,0,0,4000,0,0,0,4000,0,4000,4000
1817,凱撒衛          ,4000,0,4000,0,0,0,0,0,0,0,0,0,0,0,0,0,4000
1903,士紙            ,4000,0,4000,0,0,0,0,0,0,0,0,0,0,0,0,0,4000
1467,南緯            ,29000,25000,4000,0,0,0,0,0,0,0,0,0,0,0,0,0,4000
1442,名軒            ,33000,28000,5000,0,0,0,0,0,0,-1000,0,1000,-1000,0,0,0,4000
6581,鋼聯            ,4000,0,4000,0,0,0,0,0,0,0,0,0,0,0,0,0,4000
4545,銘鈺            ,12000,8000,4000,0,0,0,0,0,0,0,0,0,0,0,0,0,4000
2936,客思達-KY       ,5000,1000,4000,0,0,0,0,0,0,0,0,0,0,0,0,0,4000
054669,凌華元富97購01  ,0,0,0,0,0,0,0,0,0,4000,0,0,0,4000,0,4000,4000
053089,貿聯元大97購02  ,0,0,0,0,0,0,0,0,0,4000,0,0,0,4000,0,4000,4000
051829,玉晶光元大98購02,0,0,0,0,0,0,0,0,0,4000,0,0,0,4000,0,4000,4000
05182P,嘉晶統一95售03  ,0,0,0,0,0,0,0,0,0,4000,0,0,0,4000,0,4000,4000
054778,世紀鋼國票99購01,0,0,0,0,0,0,0,0,0,4000,0,0,0,4000,0,4000,4000
053395,致茂中信96購01  ,0,0,0,0,0,0,0,0,0,4000,0,0,0,4000,0,4000,4000
057798,貿聯兆豐99購01  ,0,0,0,0,0,0,0,0,0,4000,0,0,0,4000,0,4000,4000
058199,國巨康和99購01  ,0,0,0,0,0,0,0,0,0,4000,0,0,0,4000,0,4000,4000
058173,台積電凱基99購04,0,0,0,0,0,0,0,0,0,4000,0,0,0,4000,0,4000,4000
057994,技嘉中信98購01  ,0,0,0,0,0,0,0,0,0,4000,0,0,0,15000,11000,4000,4000
053473,聯發科元大96購15,0,0,0,0,0,0,0,0,0,4000,0,0,0,9000,5000,4000,4000
052005,矽力國泰97購02  ,0,0,0,0,0,0,0,0,0,4000,0,0,0,4000,0,4000,4000
053782,京元電元大98購02,0,0,0,0,0,0,0,0,0,4000,0,0,0,4000,0,4000,4000
052955,國巨日盛96購01  ,0,0,0,0,0,0,0,0,0,4000,0,0,0,5000,1000,4000,4000
054516,國巨元大97購02  ,0,0,0,0,0,0,0,0,0,4000,0,0,0,4000,0,4000,4000
054220,國巨統一97購02  ,0,0,0,0,0,0,0,0,0,4000,0,0,0,4000,0,4000,4000
054204,元金2X國票9B購02,0,0,0,0,0,0,0,0,0,4000,0,0,0,4000,0,4000,4000
050714,深中小群益98購01,0,0,0,0,0,0,0,0,0,4000,0,0,0,4000,0,4000,4000
051601,群創兆豐95購02  ,0,0,0,0,0,0,0,0,0,4000,0,0,0,4000,0,4000,4000
048262,台積電元富94購01,0,0,0,0,0,0,0,0,0,4000,0,0,0,4000,0,4000,4000
04479P,同欣電中信96售02,0,0,0,0,0,0,0,0,0,4000,0,0,0,4000,0,4000,4000
05092P,全新元大95售03  ,0,0,0,0,0,0,0,0,0,4000,0,0,0,4000,0,4000,4000
050893,鴻海元大96購03  ,0,0,0,0,0,0,0,0,0,4000,0,0,0,4000,0,4000,4000
046477,台積電統一94購02,0,0,0,0,0,0,0,0,0,4000,0,0,0,4000,0,4000,4000
00866,新光Shiller CAPE,0,0,0,0,0,0,0,0,0,4000,0,0,0,30000,26000,4000,4000
006205,富邦上証        ,4000,175000,-171000,0,0,0,0,0,0,175000,40000,10000,30000,1243000,1098000,145000,4000
04769P,高股息元大94售01,0,0,0,0,0,0,0,0,0,4000,0,0,0,10000,6000,4000,4000
047737,義隆麥證94購01  ,0,0,0,4000,0,4000,0,0,0,4000,0,0,0,4000,0,4000,4000
036628,統一台新99購01  ,0,0,0,0,0,0,0,0,0,4000,0,0,0,4000,0,4000,4000
055089,金寶群益98購01  ,0,0,0,0,0,0,0,0,0,4000,0,0,0,4000,0,4000,4000
055176,大毅統一98購02  ,0,0,0,0,0,0,0,0,0,4000,0,0,0,4000,0,4000,4000
055310,聯詠群益97購02  ,0,0,0,0,0,0,0,0,0,4000,0,0,0,4000,0,4000,4000
055390,國巨統一98購03  ,0,0,0,0,0,0,0,0,0,4000,0,0,0,4000,0,4000,4000
055065,神達永豐97購01  ,0,0,0,0,0,0,0,0,0,4000,0,0,0,14000,10000,4000,4000
05619P,創意元富96售02  ,0,0,0,0,0,0,0,0,0,4000,0,0,0,4000,0,4000,4000
056353,鴻海元大99購02  ,0,0,0,0,0,0,0,0,0,4000,0,0,0,4000,0,4000,4000
056467,上証2X元大98購02,0,0,0,0,0,0,0,0,0,4000,0,0,0,4000,0,4000,4000
055814,晶豪科國票97購02,0,0,0,0,0,0,0,0,0,4000,0,0,0,4000,0,4000,4000
058046,國巨元大9A購01  ,0,0,0,0,0,0,0,0,0,4000,0,0,0,4000,0,4000,4000
058835,元油2X中信9C購02,0,0,0,0,0,0,0,0,0,4000,0,0,0,4000,0,4000,4000
056610,鴻海永豐98購01  ,0,0,0,0,0,0,0,0,0,4000,0,0,0,4000,0,4000,4000
05565P,鎧勝元大96售01  ,0,0,0,0,0,0,0,0,0,4000,0,0,0,4000,0,4000,4000
055724,祥碩元大97購03  ,0,0,0,0,0,0,0,0,0,4000,0,0,0,4000,0,4000,4000
055727,矽力元大97購02  ,0,0,0,0,0,0,0,0,0,4000,0,0,0,4000,0,4000,4000
054890,聯鈞統一99購01  ,0,0,0,0,0,0,0,0,0,4000,0,0,0,14000,10000,4000,4000
054856,得力群益99購01  ,0,0,0,0,0,0,0,0,0,4000,0,0,0,4000,0,4000,4000
054863,億光群益97購01  ,0,0,0,0,0,0,0,0,0,4000,0,0,0,47000,43000,4000,4000
057303,喬山兆豐99購01  ,0,0,0,0,0,0,0,0,0,4000,0,0,0,4000,0,4000,4000
055995,華擎國泰99購01  ,0,0,0,0,0,0,0,0,0,4000,0,0,0,4000,0,4000,4000
058355,旺宏凱基99購04  ,0,0,0,0,0,0,0,0,0,4000,0,0,0,165000,161000,4000,4000
058587,台積電中信9C購03,0,0,0,0,0,0,0,0,0,4000,0,0,0,4000,0,4000,4000
058606,聯發科元大99購13,0,0,0,0,0,0,0,0,0,4000,0,0,0,4000,0,4000,4000
059049,元油2X凱基9A購12,0,0,0,0,0,0,0,0,0,4000,0,0,0,4000,0,4000,4000
9902,台火            ,15000,11000,4000,0,0,0,0,0,0,0,0,0,0,0,0,0,4000
9918,欣天然          ,6000,2000,4000,0,0,0,0,0,0,0,0,0,0,0,0,0,4000
4999,鑫禾            ,14000,8000,6000,0,0,0,0,0,0,-3000,0,3000,-3000,0,0,0,3000
6715,嘉基            ,13000,10000,3000,0,0,0,0,0,0,0,0,0,0,0,0,0,3000
2239,英利-KY         ,15000,12000,3000,0,0,0,0,0,0,0,0,0,0,0,0,0,3000
07268P,臺股指元大99售24,0,0,0,0,0,0,0,0,0,3000,0,0,0,3000,0,3000,3000
07348P,滬深2X凱基9A售04,0,0,0,0,0,0,0,0,0,3000,0,0,0,3000,0,3000,3000
07277P,臺股指群益99售20,0,0,0,0,0,0,0,0,0,3000,0,0,0,4000,1000,3000,3000
07401P,台積電凱基99售21,0,0,0,0,0,0,0,0,0,3000,0,0,0,22000,19000,3000,3000
1324,地球            ,0,0,0,0,0,0,0,0,0,3000,3000,0,3000,0,0,0,3000
1225,福懋油          ,21000,18000,3000,0,0,0,0,0,0,0,0,0,0,0,0,0,3000
060331,台積電麥證9A購01,0,0,0,8000,0,8000,0,0,0,3000,0,0,0,8000,5000,3000,3000
06969P,上銀元大99售02  ,0,0,0,0,0,0,0,0,0,3000,0,0,0,3000,0,3000,3000
06866P,聯發科元大98售13,0,0,0,0,0,0,0,0,0,3000,0,0,0,3000,0,3000,3000
07080P,健策群益9A售01  ,0,0,0,0,0,0,0,0,0,3000,0,0,0,3000,0,3000,3000
06300P,緯穎元大97售04  ,0,0,0,0,0,0,0,0,0,3000,0,0,0,3000,0,3000,3000
06397P,T50反1凱基9A售03,0,0,0,0,0,0,0,0,0,3000,0,0,0,3000,0,3000,3000
06475P,牧德永豐98售03  ,0,0,0,0,0,0,0,0,0,3000,0,0,0,3000,0,3000,3000
06559P,玉晶光元富98售02,0,0,0,0,0,0,0,0,0,3000,0,0,0,3000,0,3000,3000
059996,美律元富99購01  ,0,0,0,0,0,0,0,0,0,3000,0,0,0,288000,285000,3000,3000
059881,臺股指凱基99購46,0,0,0,0,0,0,0,0,0,3000,0,0,0,40000,37000,3000,3000
059798,臺股指國票99購21,0,0,0,0,0,0,0,0,0,3000,0,0,0,4000,1000,3000,3000
059658,國巨元大9A購03  ,0,0,0,0,0,0,0,0,0,3000,0,0,0,6000,3000,3000,3000
059554,台灣50凱基99購08,0,0,0,0,0,0,0,0,0,3000,0,0,0,3000,0,3000,3000
059561,滬深2X凱基9C購05,0,0,0,0,0,0,0,0,0,3000,0,0,0,3000,0,3000,3000
059622,上銀凱基99購10  ,0,0,0,0,0,0,0,0,0,3000,0,0,0,5000,2000,3000,3000
059638,大立光凱基99購11,0,0,0,0,0,0,0,0,0,3000,0,0,0,3000,0,3000,3000
03039X,元展36          ,0,0,0,0,0,0,0,0,0,3000,0,0,0,8000,5000,3000,3000
04777P,聯發科凱基94售10,0,0,0,0,0,0,0,0,0,3000,0,0,0,3000,0,3000,3000
04685P,訊芯元大94售02  ,0,0,0,0,0,0,0,0,0,3000,0,0,0,3000,0,3000,3000
0057,富邦摩台        ,0,0,0,0,0,0,0,0,0,3000,0,0,0,24000,21000,3000,3000
046528,聯詠中信94購01  ,0,0,0,0,0,0,0,0,0,3000,0,0,0,3000,0,3000,3000
044088,國巨元富95購01  ,0,0,0,0,0,0,0,0,0,3000,0,0,0,3000,0,3000,3000
04824P,亞泥中信94售02  ,0,0,0,0,0,0,0,0,0,3000,0,0,0,3000,0,3000,3000
048747,華通元富97購01  ,0,0,0,0,0,0,0,0,0,3000,0,0,0,3000,0,3000,3000
051577,台積電元大97購03,0,0,0,0,0,0,0,0,0,3000,0,0,0,3000,0,3000,3000
049064,T50反1凱基96購03,0,0,0,0,0,0,0,0,0,3000,0,0,0,73000,70000,3000,3000
050767,京元電元大96購01,0,0,0,0,0,0,0,0,0,3000,0,0,0,3000,0,3000,3000
050603,致新國泰96購01  ,0,0,0,0,0,0,0,0,0,3000,0,0,0,3000,0,3000,3000
05065P,燿華元大96售03  ,0,0,0,0,0,0,0,0,0,3000,0,0,0,3000,0,3000,3000
050353,華擎群益95購01  ,0,0,0,0,0,0,0,0,0,3000,0,0,0,3000,0,3000,3000
050406,台積電台新95購02,0,0,0,0,0,0,0,0,0,3000,0,0,0,3000,0,3000,3000
050454,嘉澤元大94購04  ,0,0,0,0,0,0,0,0,0,3000,0,0,0,3000,0,3000,3000
054548,鴻海凱基98購03  ,0,0,0,0,0,0,0,0,0,3000,0,0,0,3000,0,3000,3000
054349,同欣電國票97購02,0,0,0,0,0,0,0,0,0,3000,0,0,0,3000,0,3000,3000
054331,世芯永豐96購03  ,0,0,0,0,0,0,0,0,0,3000,0,0,0,3000,0,3000,3000
050056,國巨凱基94購04  ,0,0,0,0,0,0,0,0,0,3000,0,0,0,3000,0,3000,3000
05011P,南電國泰96售01  ,0,0,0,0,0,0,0,0,0,3000,0,0,0,3000,0,3000,3000
049706,世紀鋼元大95購02,0,0,0,0,0,0,0,0,0,3000,0,0,0,29000,26000,3000,3000
049714,國巨凱基94購02  ,0,0,0,0,0,0,0,0,0,3000,0,0,0,3000,0,3000,3000
054103,T50反1凱基99購04,0,0,0,0,0,0,0,0,0,3000,0,0,0,3000,0,3000,3000
051986,燿華元大96購04  ,0,0,0,0,0,0,0,0,0,3000,0,0,0,3000,0,3000,3000
053436,聯茂日盛96購01  ,0,0,0,0,0,0,0,0,0,3000,0,0,0,32000,29000,3000,3000
053548,旺宏凱基96購04  ,0,0,0,0,0,0,0,0,0,3000,0,0,0,3000,0,3000,3000
057923,晶豪科凱基98購02,0,0,0,0,0,0,0,0,0,3000,0,0,0,3000,0,3000,3000
058154,泰碩統一9A購01  ,0,0,0,0,0,0,0,0,0,3000,0,0,0,3000,0,3000,3000
058238,奇鋐元大99購02  ,0,0,0,0,0,0,0,0,0,3000,0,0,0,7000,4000,3000,3000
054766,智原國票98購01  ,0,0,0,0,0,0,0,0,0,3000,0,0,0,53000,50000,3000,3000
054811,裕隆元大9A購01  ,0,0,0,0,0,0,0,0,0,3000,0,0,0,3000,0,3000,3000
052321,華擎元大95購01  ,0,0,0,0,0,0,0,0,0,3000,0,0,0,3000,0,3000,3000
052327,聯詠中信95購03  ,0,0,0,0,0,0,0,0,0,3000,0,0,0,3000,0,3000,3000
051781,緯穎群益96購01  ,0,0,0,0,0,0,0,0,0,3000,0,0,0,3000,0,3000,3000
053129,緯穎凱基96購01  ,0,0,0,0,0,0,0,0,0,3000,0,0,0,10000,7000,3000,3000
053024,國巨富邦97購02  ,0,0,0,0,0,0,0,0,0,3000,0,0,0,3000,0,3000,3000
053026,奇力新富邦98購01,0,0,0,0,0,0,0,0,0,3000,0,0,0,3000,0,3000,3000
054647,禾伸堂群益99購01,0,0,0,0,0,0,0,0,0,3000,0,0,0,3000,0,3000,3000
053582,英業達元大97購01,0,0,0,0,0,0,0,0,0,3000,0,0,0,3000,0,3000,3000
059012,臺股指元大9A購31,0,0,0,0,0,0,0,0,0,3000,0,0,0,3000,0,3000,3000
058618,南電元大99購02  ,0,0,0,0,0,0,0,0,0,3000,0,0,0,3000,0,3000,3000
055915,大立光凱基98購07,0,0,0,0,0,0,0,0,0,3000,0,0,0,3000,0,3000,3000
054931,緯穎凱基98購01  ,0,0,0,0,0,0,0,0,0,3000,0,0,0,3000,0,3000,3000
056982,華新科群益98購05,0,0,0,0,0,0,0,0,0,3000,0,0,0,3000,0,3000,3000
05925P,晶技永豐96售03  ,0,0,0,0,0,0,0,0,0,3000,0,0,0,3000,0,3000,3000
059226,臺股指元大99購19,0,0,0,0,0,0,0,0,0,3000,0,0,0,3000,0,3000,3000
059330,台灣50國票99購10,0,0,0,0,0,0,0,0,0,3000,0,0,0,3000,0,3000,3000
059335,台灣50凱基03購02,0,0,0,0,0,0,0,0,0,3000,0,0,0,3000,0,3000,3000
059411,臺股指國票99購17,0,0,0,0,0,0,0,0,0,3000,0,0,0,16000,13000,3000,3000
059427,國巨元大99購24  ,0,0,0,0,0,0,0,0,0,3000,0,0,0,25000,22000,3000,3000
058365,奇力新凱基9A購01,0,0,0,0,0,0,0,0,0,3000,0,0,0,3000,0,3000,3000
058408,華通兆豐99購02  ,0,0,0,0,0,0,0,0,0,3000,0,0,0,3000,0,3000,3000
057147,新日興國票99購01,0,0,0,0,0,0,0,0,0,3000,0,0,0,8000,5000,3000,3000
056077,矽力元大97購07  ,0,0,0,0,0,0,0,0,0,3000,0,0,0,3000,0,3000,3000
056891,國巨元大99購03  ,0,0,0,0,0,0,0,0,0,3000,0,0,0,3000,0,3000,3000
056875,亞光凱基98購03  ,0,0,0,0,0,0,0,0,0,3000,0,0,0,3000,0,3000,3000
056613,旺宏永豐98購01  ,0,0,0,0,0,0,0,0,0,3000,0,0,0,96000,93000,3000,3000
057625,泰鼎國泰9A購01  ,0,0,0,0,0,0,0,0,0,3000,0,0,0,3000,0,3000,3000
057753,臺股指國票98購09,0,0,0,0,0,0,0,0,0,3000,0,0,0,3000,0,3000,3000
055770,欣興麥證97購01  ,0,0,0,3000,0,3000,0,0,0,3000,0,0,0,3000,0,3000,3000
055441,緯穎國票98購01  ,0,0,0,0,0,0,0,0,0,3000,0,0,0,4000,1000,3000,3000
055339,緯穎兆豐98購01  ,0,0,0,0,0,0,0,0,0,3000,0,0,0,34000,31000,3000,3000
055279,華邦電元大97購02,0,0,0,0,0,0,0,0,0,3000,0,0,0,3000,0,3000,3000
05511P,T50反1台新06售01,0,0,0,0,0,0,0,0,0,3000,0,0,0,3000,0,3000,3000
059619,台積電日盛9A購04,0,0,0,0,0,0,0,0,0,2000,0,0,0,150000,148000,2000,2000
059585,台灣50元大9C購10,0,0,0,0,0,0,0,0,0,2000,0,0,0,2000,0,2000,2000
059813,滬深2X凱基9B購01,0,0,0,0,0,0,0,0,0,2000,0,0,0,5000,3000,2000,2000
059776,台灣50元大9C購17,0,0,0,0,0,0,0,0,0,2000,0,0,0,2000,0,2000,2000
059847,喬山永豐99購01  ,0,0,0,0,0,0,0,0,0,2000,0,0,0,84000,82000,2000,2000
060076,台灣50台新9B購05,0,0,0,0,0,0,0,0,0,2000,0,0,0,2000,0,2000,2000
06298P,聯發科元大97售20,0,0,0,0,0,0,0,0,0,2000,0,0,0,2000,0,2000,2000
06644P,亞德客元大98售03,0,0,0,0,0,0,0,0,0,2000,0,0,0,53000,51000,2000,2000
06772P,國巨中信99售01  ,0,0,0,0,0,0,0,0,0,2000,0,0,0,2000,0,2000,2000
07012P,智邦群益9A售01  ,0,0,0,0,0,0,0,0,0,2000,0,0,0,2000,0,2000,2000
07110P,台灣50群益9B售03,0,0,0,0,0,0,0,0,0,2000,0,0,0,2000,0,2000,2000
06938P,南電元大98售03  ,0,0,0,0,0,0,0,0,0,2000,0,0,0,2000,0,2000,2000
06229P,欣興凱基97售07  ,0,0,0,0,0,0,0,0,0,2000,0,0,0,2000,0,2000,2000
06088P,建準永豐97售01  ,0,0,0,0,0,0,0,0,0,2000,0,0,0,2000,0,2000,2000
06051P,嘉聯益國票97售04,0,0,0,0,0,0,0,0,0,2000,0,0,0,2000,0,2000,2000
06013P,世芯國泰97售03  ,0,0,0,0,0,0,0,0,0,2000,0,0,0,2000,0,2000,2000
1234,黑松            ,3000,1000,2000,0,0,0,0,0,0,0,0,0,0,0,0,0,2000
07324P,台積電元大99售40,0,0,0,0,0,0,0,0,0,2000,0,0,0,2000,0,2000,2000
07274P,上証2X群益01售01,0,0,0,0,0,0,0,0,0,2000,0,0,0,12000,10000,2000,2000
07214P,聯發科凱基9A售04,0,0,0,0,0,0,0,0,0,2000,0,0,0,2000,0,2000,2000
07216P,大立光凱基99售08,0,0,0,0,0,0,0,0,0,2000,0,0,0,2000,0,2000,2000
07194P,聯發科元大99售25,0,0,0,0,0,0,0,0,0,2000,0,0,0,8000,6000,2000,2000
1436,華友聯          ,2000,0,2000,0,0,0,0,0,0,0,0,0,0,0,0,0,2000
1525,江申            ,3000,1000,2000,0,0,0,0,0,0,0,0,0,0,0,0,0,2000
1533,車王電          ,16000,14000,2000,0,0,0,0,0,0,0,0,0,0,0,0,0,2000
1530,亞崴            ,3000,1000,2000,0,0,0,0,0,0,0,0,0,0,0,0,0,2000
8072,陞泰            ,3000,1000,2000,0,0,0,0,0,0,0,0,0,0,0,0,0,2000
6117,迎廣            ,1000,0,1000,0,0,0,0,0,0,1000,1000,0,1000,0,0,0,2000
6152,百一            ,3000,1000,2000,0,0,0,0,0,0,0,0,0,0,0,0,0,2000
6128,上福            ,16000,14000,2000,0,0,0,0,0,0,0,0,0,0,0,0,0,2000
3528,安馳            ,1000,0,1000,0,0,0,0,0,0,1000,1000,0,1000,0,0,0,2000
2851,中再保          ,30000,28000,2000,0,0,0,0,0,0,0,0,0,0,0,0,0,2000
2613,中櫃            ,2000,0,2000,0,0,0,0,0,0,0,0,0,0,0,0,0,2000
053598,日月光元大96購04,0,0,0,0,0,0,0,0,0,2000,0,0,0,2000,0,2000,2000
05299P,旺宏元大95售04  ,0,0,0,0,0,0,0,0,0,2000,0,0,0,2000,0,2000,2000
052979,上銀元大96購02  ,0,0,0,0,0,0,0,0,0,2000,0,0,0,2000,0,2000,2000
053040,全新凱基98購01  ,0,0,0,0,0,0,0,0,0,2000,0,0,0,2000,0,2000,2000
051640,GIS國票96購03   ,0,0,0,0,0,0,0,0,0,2000,0,0,0,2000,0,2000,2000
051849,旺宏中信98購01  ,0,0,0,0,0,0,0,0,0,2000,0,0,0,2000,0,2000,2000
052378,矽力元大96購01  ,0,0,0,0,0,0,0,0,0,2000,0,0,0,2000,0,2000,2000
052552,智邦國票97購01  ,0,0,0,0,0,0,0,0,0,2000,0,0,0,2000,0,2000,2000
052706,台虹國票97購01  ,0,0,0,0,0,0,0,0,0,2000,0,0,0,2000,0,2000,2000
052743,華新科元大97購01,0,0,0,0,0,0,0,0,0,2000,0,0,0,2000,0,2000,2000
052693,微星中信96購01  ,0,0,0,0,0,0,0,0,0,2000,0,0,0,40000,38000,2000,2000
052689,玉晶光元大98購03,0,0,0,0,0,0,0,0,0,2000,0,0,0,2000,0,2000,2000
052232,貿聯凱基96購02  ,0,0,0,0,0,0,0,0,0,2000,0,0,0,2000,0,2000,2000
054821,貿聯元大9A購01  ,0,0,0,0,0,0,0,0,0,2000,0,0,0,2000,0,2000,2000
057814,聯發科元大98購12,0,0,0,0,0,0,0,0,0,2000,0,0,0,2000,0,2000,2000
05817P,可成凱基96售07  ,0,0,0,0,0,0,0,0,0,2000,0,0,0,2000,0,2000,2000
058089,聯發科元大98購15,0,0,0,0,0,0,0,0,0,2000,0,0,0,2000,0,2000,2000
05791P,臺股指中信99售06,0,0,0,0,0,0,0,0,0,2000,0,0,0,2000,0,2000,2000
057901,大立光永豐98購04,0,0,0,0,0,0,0,0,0,2000,0,0,0,2000,0,2000,2000
057947,和碩國票99購01  ,0,0,0,0,0,0,0,0,0,2000,0,0,0,2000,0,2000,2000
057964,緯穎元大99購03  ,0,0,0,0,0,0,0,0,0,2000,0,0,0,23000,21000,2000,2000
052831,華固群益96購01  ,0,0,0,0,0,0,0,0,0,2000,0,0,0,2000,0,2000,2000
053969,瑞昱元大97購01  ,0,0,0,0,0,0,0,0,0,2000,0,0,0,2000,0,2000,2000
053749,揚明光永豐97購01,0,0,0,0,0,0,0,0,0,2000,0,0,0,2000,0,2000,2000
053922,亞光國票96購01  ,0,0,0,0,0,0,0,0,0,2000,0,0,0,3000,1000,2000,2000
054296,世芯元大97購01  ,0,0,0,0,0,0,0,0,0,2000,0,0,0,2000,0,2000,2000
052867,晶技凱基96購01  ,0,0,0,0,0,0,0,0,0,2000,0,0,0,2000,0,2000,2000
054345,世芯國票96購02  ,0,0,0,0,0,0,0,0,0,2000,0,0,0,2000,0,2000,2000
054474,鴻海中信96購03  ,0,0,0,0,0,0,0,0,0,2000,0,0,0,2000,0,2000,2000
054512,元油反元大99購03,0,0,0,0,0,0,0,0,0,2000,0,0,0,2000,0,2000,2000
05424P,台達電亞東96售02,0,0,0,0,0,0,0,0,0,2000,0,0,0,2000,0,2000,2000
050482,台郡國票94購04  ,0,0,0,0,0,0,0,0,0,2000,0,0,0,62000,60000,2000,2000
050419,鴻海凱基95購02  ,0,0,0,0,0,0,0,0,0,2000,0,0,0,2000,0,2000,2000
049484,台積電元大95購02,0,0,0,0,0,0,0,0,0,2000,0,0,0,2000,0,2000,2000
049589,奇力新元大95購02,0,0,0,0,0,0,0,0,0,2000,0,0,0,2000,0,2000,2000
051451,世芯元大95購03  ,0,0,0,0,0,0,0,0,0,2000,0,0,0,2000,0,2000,2000
051463,世芯國泰97購02  ,0,0,0,0,0,0,0,0,0,2000,0,0,0,2000,0,2000,2000
051472,台積電凱基95購09,0,0,0,0,0,0,0,0,0,2000,0,0,0,2000,0,2000,2000
051524,貿聯凱基95購02  ,0,0,0,0,0,0,0,0,0,2000,0,0,0,2000,0,2000,2000
051618,智邦凱基95購06  ,0,0,0,0,0,0,0,0,0,2000,0,0,0,2000,0,2000,2000
051424,緯穎國票97購01  ,0,0,0,0,0,0,0,0,0,2000,0,0,0,6000,4000,2000,2000
048636,鴻海元大94購05  ,0,0,0,0,0,0,0,0,0,2000,0,0,0,2000,0,2000,2000
048575,旺宏國泰94購04  ,0,0,0,0,0,0,0,0,0,2000,0,0,0,2000,0,2000,2000
048382,T50反1國票96購01,0,0,0,0,0,0,0,0,0,2000,0,0,0,2000,0,2000,2000
048221,鴻海凱基95購01  ,0,0,0,0,0,0,0,0,0,2000,0,0,0,2000,0,2000,2000
05124P,華新科富邦97售02,0,0,0,0,0,0,0,0,0,2000,0,0,0,30000,28000,2000,2000
050979,鴻海元富96購02  ,0,0,0,0,0,0,0,0,0,2000,0,0,0,2000,0,2000,2000
042556,台灣50中信96購04,0,0,0,0,0,0,0,0,0,2000,0,0,0,2000,0,2000,2000
04249P,大立光統一94售04,0,0,0,0,0,0,0,0,0,2000,0,0,0,2000,0,2000,2000
04637P,臺股指群益94售12,0,0,0,0,0,0,0,0,0,2000,0,0,0,4000,2000,2000,2000
05090P,國巨元大95售05  ,0,0,0,0,0,0,0,0,0,2000,0,0,0,2000,0,2000,2000
050988,廣達富邦95購01  ,0,0,0,0,0,0,0,0,0,2000,0,0,0,2000,0,2000,2000
051013,旺宏凱基95購03  ,0,0,0,0,0,0,0,0,0,2000,0,0,0,2000,0,2000,2000
051063,台郡群益95購01  ,0,0,0,0,0,0,0,0,0,2000,0,0,0,2000,0,2000,2000
020016,統一MSCI美科技N ,0,0,0,0,0,0,0,0,0,2000,0,0,0,2000,0,2000,2000
03006X,元展06          ,0,0,0,0,0,0,0,0,0,2000,0,0,0,2000,0,2000,2000
00735,國泰臺韓科技    ,0,0,0,0,0,0,0,0,0,2000,0,0,0,106000,104000,2000,2000
00706L,元大S&P日圓正2  ,0,0,0,0,0,0,0,0,0,2000,0,0,0,68000,66000,2000,2000
00707R,元大S&P日圓反1  ,0,0,0,0,0,0,0,0,0,2000,0,0,0,92000,90000,2000,2000
047292,台光電元富96購01,0,0,0,0,0,0,0,0,0,2000,0,0,0,2000,0,2000,2000
048081,元油反凱基96購01,0,0,0,0,0,0,0,0,0,2000,0,0,0,2000,0,2000,2000
047688,亞德客富邦95購01,0,0,0,0,0,0,0,0,0,2000,0,0,0,2000,0,2000,2000
03420B,臺股指元大95熊31,0,0,0,0,0,0,0,0,0,2000,0,0,0,7000,5000,2000,2000
03427B,臺股指元大9A熊02,0,0,0,0,0,0,0,0,0,2000,0,0,0,6000,4000,2000,2000
055104,台達電凱基98購01,0,0,0,0,0,0,0,0,0,2000,0,0,0,168000,166000,2000,2000
055268,和大元大97購01  ,0,0,0,0,0,0,0,0,0,2000,0,0,0,2000,0,2000,2000
055300,緯穎元大98購01  ,0,0,0,0,0,0,0,0,0,2000,0,0,0,2000,0,2000,2000
055431,和鑫群益98購01  ,0,0,0,0,0,0,0,0,0,2000,0,0,0,2000,0,2000,2000
055406,大毅國泰99購01  ,0,0,0,0,0,0,0,0,0,2000,0,0,0,2000,0,2000,2000
05546P,全新元大97售01  ,0,0,0,0,0,0,0,0,0,2000,0,0,0,20000,18000,2000,2000
055447,華新科統一97購04,0,0,0,0,0,0,0,0,0,2000,0,0,0,2000,0,2000,2000
055480,元上證元大97購02,0,0,0,0,0,0,0,0,0,2000,0,0,0,4000,2000,2000,2000
055811,國巨國票98購05  ,0,0,0,0,0,0,0,0,0,2000,0,0,0,2000,0,2000,2000
056721,台灣50永昌9A購01,0,0,0,0,0,0,0,0,0,2000,0,0,0,2000,0,2000,2000
056738,國巨凱基9A購02  ,0,0,0,0,0,0,0,0,0,2000,0,0,0,8000,6000,2000,2000
056135,緯創元大98購01  ,0,0,0,0,0,0,0,0,0,2000,0,0,0,2000,0,2000,2000
056344,嘉晶凱基98購02  ,0,0,0,0,0,0,0,0,0,2000,0,0,0,2000,0,2000,2000
056237,智邦群益97購02  ,0,0,0,0,0,0,0,0,0,2000,0,0,0,2000,0,2000,2000
056320,京鼎群益99購01  ,0,0,0,0,0,0,0,0,0,2000,0,0,0,155000,153000,2000,2000
05770P,聯發科凱基96售16,0,0,0,0,0,0,0,0,0,2000,0,0,0,2000,0,2000,2000
057673,臻鼎元大98購01  ,0,0,0,0,0,0,0,0,0,2000,0,0,0,2000,0,2000,2000
057595,健鼎兆豐98購01  ,0,0,0,0,0,0,0,0,0,2000,0,0,0,2000,0,2000,2000
056560,旺宏群益98購03  ,0,0,0,0,0,0,0,0,0,2000,0,0,0,2000,0,2000,2000
058041,FBVIX元大98購02 ,0,0,0,0,0,0,0,0,0,2000,0,0,0,2000,0,2000,2000
05665P,台積電凱基96售08,0,0,0,0,0,0,0,0,0,2000,0,0,0,2000,0,2000,2000
056662,臺股指元大9A購09,0,0,0,0,0,0,0,0,0,2000,0,0,0,2000,0,2000,2000
055711,上銀元大97購04  ,0,0,0,0,0,0,0,0,0,2000,0,0,0,2000,0,2000,2000
058846,鴻海群益99購03  ,0,0,0,0,0,0,0,0,0,2000,0,0,0,2000,0,2000,2000
058782,臺股指國票99購01,0,0,0,0,0,0,0,0,0,2000,0,0,0,2000,0,2000,2000
058758,台積電群益99購05,0,0,0,0,0,0,0,0,0,2000,0,0,0,2000,0,2000,2000
058900,旺宏元大99購11  ,0,0,0,0,0,0,0,0,0,2000,0,0,0,2000,0,2000,2000
058903,聯發科元大99購16,0,0,0,0,0,0,0,0,0,2000,0,0,0,2000,0,2000,2000
056893,智邦元大98購02  ,0,0,0,0,0,0,0,0,0,2000,0,0,0,6000,4000,2000,2000
058518,玉晶光元大99購13,0,0,0,0,0,0,0,0,0,2000,0,0,0,2000,0,2000,2000
058538,智邦台新99購02  ,0,0,0,0,0,0,0,0,0,2000,0,0,0,12000,10000,2000,2000
056860,正崴群益98購01  ,0,0,0,0,0,0,0,0,0,2000,0,0,0,2000,0,2000,2000
056036,鴻海凱基97購07  ,0,0,0,0,0,0,0,0,0,2000,0,0,0,124000,122000,2000,2000
05600P,玉晶光台新96售04,0,0,0,0,0,0,0,0,0,2000,0,0,0,2000,0,2000,2000
058419,聯發科麥證99購02,0,0,0,0,0,0,0,0,0,2000,0,0,0,2000,0,2000,2000
058401,華航元大9A購01  ,0,0,0,0,0,0,0,0,0,2000,0,0,0,2000,0,2000,2000
058561,T50反1凱基9A購05,0,0,0,0,0,0,0,0,0,2000,0,0,0,2000,0,2000,2000
057378,康友元大98購02  ,0,0,0,0,0,0,0,0,0,2000,0,0,0,2000,0,2000,2000
057414,華新科日盛9A購01,0,0,0,0,0,0,0,0,0,2000,0,0,0,22000,20000,2000,2000
057443,臺股指統一99購04,0,0,0,0,0,0,0,0,0,2000,0,0,0,2000,0,2000,2000
057228,友達凱基9B購01  ,0,0,0,0,0,0,0,0,0,2000,0,0,0,40000,38000,2000,2000
057271,國巨元大98購17  ,0,0,0,0,0,0,0,0,0,2000,0,0,0,2000,0,2000,2000
057288,聯茂元大98購03  ,0,0,0,0,0,0,0,0,0,2000,0,0,0,9000,7000,2000,2000
05746P,台積電群益96售07,0,0,0,0,0,0,0,0,0,2000,0,0,0,2000,0,2000,2000
058274,世紀鋼永豐99購01,0,0,0,0,0,0,0,0,0,2000,0,0,0,10000,8000,2000,2000
059228,臺股指元大99購21,0,0,0,0,0,0,0,0,0,2000,0,0,0,2000,0,2000,2000
059175,臺股指凱基99購26,0,0,0,0,0,0,0,0,0,2000,0,0,0,2000,0,2000,2000
056987,南茂群益98購01  ,0,0,0,0,0,0,0,0,0,2000,0,0,0,2000,0,2000,2000
059138,台積電兆豐99購04,0,0,0,0,0,0,0,0,0,2000,0,0,0,2000,0,2000,2000
9906,欣巴巴          ,2000,0,2000,0,0,0,0,0,0,0,0,0,0,0,0,0,2000
2540,愛山林          ,1000,0,1000,0,0,0,0,0,0,0,0,0,0,0,0,0,1000
2482,連宇            ,1000,0,1000,0,0,0,0,0,0,0,0,0,0,0,0,0,1000
2701,萬企            ,4000,3000,1000,0,0,0,0,0,0,0,0,0,0,0,0,0,1000
3021,鴻名            ,1000,0,1000,0,0,0,0,0,0,0,0,0,0,0,0,0,1000
3054,立萬利          ,1000,0,1000,0,0,0,0,0,0,0,0,0,0,0,0,0,1000
6133,金橋            ,3000,2000,1000,0,0,0,0,0,0,0,0,0,0,0,0,0,1000
6205,詮欣            ,2000,1000,1000,0,0,0,0,0,0,0,0,0,0,0,0,0,1000
5283,禾聯碩          ,10000,9000,1000,0,0,0,0,0,0,0,0,0,0,0,0,0,1000
5533,皇鼎            ,10000,9000,1000,0,0,0,0,0,0,0,0,0,0,0,0,0,1000
8374,羅昇            ,13000,12000,1000,0,0,0,0,0,0,0,0,0,0,0,0,0,1000
8466,美吉吉-KY       ,1000,0,1000,0,0,0,0,0,0,0,0,0,0,0,0,0,1000
8480,泰昇-KY         ,1000,0,1000,0,0,0,0,0,0,0,0,0,0,0,0,0,1000
8411,福貞-KY         ,4000,3000,1000,0,0,0,0,0,0,0,0,0,0,0,0,0,1000
8039,台虹            ,558000,569000,-11000,0,0,0,0,0,0,12000,12000,25000,-13000,78000,53000,25000,1000
6591,動力-KY         ,160000,155000,5000,0,0,0,0,0,0,-4000,5000,9000,-4000,0,0,0,1000
1521,大億            ,6000,0,6000,0,0,0,0,0,0,-5000,0,5000,-5000,0,0,0,1000
07202P,台灣50凱基9C售04,0,0,0,0,0,0,0,0,0,1000,0,0,0,17000,16000,1000,1000
07229P,T50正2群益9A售01,0,0,0,0,0,0,0,0,0,1000,0,0,0,1000,0,1000,1000
07273P,台灣50群益99售03,0,0,0,0,0,0,0,0,0,1000,0,0,0,117000,116000,1000,1000
07266P,大立光元大99售19,0,0,0,0,0,0,0,0,0,1000,0,0,0,11000,10000,1000,1000
07363P,大立光元大99售26,0,0,0,0,0,0,0,0,0,1000,0,0,0,31000,30000,1000,1000
1219,福壽            ,1000,0,1000,0,0,0,0,0,0,0,0,0,0,0,0,0,1000
1220,台榮            ,4000,3000,1000,0,0,0,0,0,0,0,0,0,0,0,0,0,1000
060211,智邦康和9A購01  ,0,0,0,0,0,0,0,0,0,1000,0,0,0,8000,7000,1000,1000
060231,台積電元大9A購08,0,0,0,0,0,0,0,0,0,1000,0,0,0,4000,3000,1000,1000
06086P,台積電康和97售01,0,0,0,0,0,0,0,0,0,1000,0,0,0,1000,0,1000,1000
06199P,聯發科元大97售17,0,0,0,0,0,0,0,0,0,1000,0,0,0,1000,0,1000,1000
06148P,台積電元大97售17,0,0,0,0,0,0,0,0,0,1000,0,0,0,1000,0,1000,1000
06136P,華新科國泰99售02,0,0,0,0,0,0,0,0,0,1000,0,0,0,1000,0,1000,1000
06999P,玉晶光國票9B售01,0,0,0,0,0,0,0,0,0,1000,0,0,0,1000,0,1000,1000
06849P,欣興元大98售12  ,0,0,0,0,0,0,0,0,0,1000,0,0,0,4000,3000,1000,1000
06877P,台積電兆豐98售04,0,0,0,0,0,0,0,0,0,1000,0,0,0,1000,0,1000,1000
07114P,旺宏兆豐9A售01  ,0,0,0,0,0,0,0,0,0,1000,0,0,0,9000,8000,1000,1000
07078P,鴻海群益99售02  ,0,0,0,0,0,0,0,0,0,1000,0,0,0,1000,0,1000,1000
06784P,臺股指元大98售01,0,0,0,0,0,0,0,0,0,1000,0,0,0,1000,0,1000,1000
06609P,元油2X凱基9B售06,0,0,0,0,0,0,0,0,0,1000,0,0,0,1000,0,1000,1000
06687P,A50正2中信9A售01,0,0,0,0,0,0,0,0,0,1000,0,0,0,1000,0,1000,1000
06683P,訊芯元大98售07  ,0,0,0,0,0,0,0,0,0,1000,0,0,0,1000,0,1000,1000
06408P,聯茂元富97售02  ,0,0,0,0,0,0,0,0,0,1000,0,0,0,1000,0,1000,1000
06429P,大立光元大97售15,0,0,0,0,0,0,0,0,0,1000,0,0,0,1000,0,1000,1000
06447P,上銀元大98售01  ,0,0,0,0,0,0,0,0,0,1000,0,0,0,1000,0,1000,1000
06454P,緯穎元大98售04  ,0,0,0,0,0,0,0,0,0,1000,0,0,0,11000,10000,1000,1000
059988,大立光元大9A購02,0,0,0,0,0,0,0,0,0,1000,0,0,0,1000,0,1000,1000
060025,台積電富邦9C購06,0,0,0,0,0,0,0,0,0,1000,0,0,0,1000,0,1000,1000
059952,旺宏康和99購01  ,0,0,0,0,0,0,0,0,0,1000,0,0,0,157000,156000,1000,1000
059652,台灣50元大99購07,0,0,0,0,0,0,0,0,0,1000,0,0,0,1000,0,1000,1000
059701,國巨凱基9A購09  ,0,0,0,0,0,0,0,0,0,1000,0,0,0,12000,11000,1000,1000
059565,國巨凱基99購16  ,0,0,0,0,0,0,0,0,0,1000,0,0,0,332000,331000,1000,1000
059556,台灣50凱基9A購07,0,0,0,0,0,0,0,0,0,1000,0,0,0,1000,0,1000,1000
059546,FBVIX群益99購03 ,0,0,0,0,0,0,0,0,0,1000,0,0,0,1000,0,1000,1000
03424B,臺股指元大96熊26,0,0,0,0,0,0,0,0,0,1000,0,0,0,7000,6000,1000,1000
03094X,大立光元大68展08,0,0,0,0,0,0,0,0,0,1000,0,0,0,1000,0,1000,1000
03078X,元展73          ,0,0,0,0,0,0,0,0,0,1000,0,0,0,1000,0,1000,1000
048187,臺指反元大96購04,0,0,0,0,0,0,0,0,0,1000,0,0,0,21000,20000,1000,1000
036084,台灣50台新98購01,0,0,0,0,0,0,0,0,0,1000,0,0,0,1000,0,1000,1000
04811P,上銀元大94售02  ,0,0,0,0,0,0,0,0,0,1000,0,0,0,1000,0,1000,1000
04744P,臻鼎元富94售04  ,0,0,0,0,0,0,0,0,0,1000,0,0,0,1000,0,1000,1000
03009X,元展09          ,0,0,0,0,0,0,0,0,0,1000,0,0,0,1000,0,1000,1000
020004,兆豐電菁英30N   ,0,0,0,0,0,0,0,0,0,1000,0,0,0,1000,0,1000,1000
050869,健策永豐95購01  ,0,0,0,0,0,0,0,0,0,1000,0,0,0,1000,0,1000,1000
050899,旭富元大95購01  ,0,0,0,0,0,0,0,0,0,1000,0,0,0,1000,0,1000,1000
046568,臻鼎元富95購01  ,0,0,0,0,0,0,0,0,0,1000,0,0,0,1000,0,1000,1000
046011,欣興元富95購01  ,0,0,0,0,0,0,0,0,0,1000,0,0,0,1000,0,1000,1000
046159,群創群益98購04  ,0,0,0,0,0,0,0,0,0,1000,0,0,0,1000,0,1000,1000
051067,台積電國票96購03,0,0,0,0,0,0,0,0,0,1000,0,0,0,1000,0,1000,1000
051248,華固元大95購01  ,0,0,0,0,0,0,0,0,0,1000,0,0,0,1000,0,1000,1000
051201,台積電麥證95購02,0,0,0,0,0,0,0,0,0,1000,0,0,0,1000,0,1000,1000
051305,訊連凱基96購01  ,0,0,0,0,0,0,0,0,0,1000,0,0,0,1000,0,1000,1000
04828P,聯發科凱基94售15,0,0,0,0,0,0,0,0,0,1000,0,0,0,1000,0,1000,1000
048551,鴻海元大94購02  ,0,0,0,0,0,0,0,0,0,1000,0,0,0,1000,0,1000,1000
05013P,台積電元大96售05,0,0,0,0,0,0,0,0,0,1000,0,0,0,1000,0,1000,1000
050218,世紀鋼統一94購02,0,0,0,0,0,0,0,0,0,1000,0,0,0,1000,0,1000,1000
04910P,台積電統一94售12,0,0,0,0,0,0,0,0,0,1000,0,0,0,1000,0,1000,1000
049200,元黃金群益98購01,0,0,0,0,0,0,0,0,0,1000,0,0,0,1000,0,1000,1000
04898P,瑞儀中信95售01  ,0,0,0,0,0,0,0,0,0,1000,0,0,0,1000,0,1000,1000
049583,台積電元大95購04,0,0,0,0,0,0,0,0,0,1000,0,0,0,1000,0,1000,1000
049667,大立光國泰96購01,0,0,0,0,0,0,0,0,0,1000,0,0,0,1000,0,1000,1000
049669,訊芯國泰95購01  ,0,0,0,0,0,0,0,0,0,1000,0,0,0,1000,0,1000,1000
049557,南電元富94購02  ,0,0,0,0,0,0,0,0,0,1000,0,0,0,1000,0,1000,1000
05076P,深中小群益99售02,0,0,0,0,0,0,0,0,0,1000,0,0,0,1000,0,1000,1000
054256,創意元大96購07  ,0,0,0,0,0,0,0,0,0,1000,0,0,0,1000,0,1000,1000
054309,禾伸堂凱基98購01,0,0,0,0,0,0,0,0,0,1000,0,0,0,71000,70000,1000,1000
054319,世紀鋼凱基96購02,0,0,0,0,0,0,0,0,0,1000,0,0,0,1000,0,1000,1000
052935,康友元大96購03  ,0,0,0,0,0,0,0,0,0,1000,0,0,0,1000,0,1000,1000
049777,華新科統一94購06,0,0,0,0,0,0,0,0,0,1000,0,0,0,1000,0,1000,1000
04981P,華新科亞東94售01,0,0,0,0,0,0,0,0,0,1000,0,0,0,1000,0,1000,1000
050036,矽格元大94購03  ,0,0,0,0,0,0,0,0,0,1000,0,0,0,1000,0,1000,1000
050059,旺宏凱基94購03  ,0,0,0,0,0,0,0,0,0,1000,0,0,0,1000,0,1000,1000
050049,華通群益96購01  ,0,0,0,0,0,0,0,0,0,1000,0,0,0,1000,0,1000,1000
05400P,台積電永豐95售05,0,0,0,0,0,0,0,0,0,1000,0,0,0,1000,0,1000,1000
054040,中石化元大9C購01,0,0,0,0,0,0,0,0,0,1000,0,0,0,1000,0,1000,1000
05412P,泰碩國票95售02  ,0,0,0,0,0,0,0,0,0,1000,0,0,0,1000,0,1000,1000
052821,晶技永豐96購01  ,0,0,0,0,0,0,0,0,0,1000,0,0,0,1000,0,1000,1000
052053,泰鼎凱基96購01  ,0,0,0,0,0,0,0,0,0,1000,0,0,0,1000,0,1000,1000
05209P,鴻海凱基96售09  ,0,0,0,0,0,0,0,0,0,1000,0,0,0,1000,0,1000,1000
052151,義隆富邦96購01  ,0,0,0,0,0,0,0,0,0,1000,0,0,0,1000,0,1000,1000
053490,為升兆豐97購01  ,0,0,0,0,0,0,0,0,0,1000,0,0,0,1000,0,1000,1000
057904,矽力永豐98購01  ,0,0,0,0,0,0,0,0,0,1000,0,0,0,26000,25000,1000,1000
057838,台郡國泰99購01  ,0,0,0,0,0,0,0,0,0,1000,0,0,0,1000,0,1000,1000
057876,隆達元大98購01  ,0,0,0,0,0,0,0,0,0,1000,0,0,0,1000,0,1000,1000
057786,聯發科國票98購05,0,0,0,0,0,0,0,0,0,1000,0,0,0,1000,0,1000,1000
057771,鴻海群益99購01  ,0,0,0,0,0,0,0,0,0,1000,0,0,0,1000,0,1000,1000
054822,祥碩元大97購01  ,0,0,0,0,0,0,0,0,0,1000,0,0,0,1000,0,1000,1000
05479P,華新科台新96售01,0,0,0,0,0,0,0,0,0,1000,0,0,0,1000,0,1000,1000
053287,臺股指元大96購15,0,0,0,0,0,0,0,0,0,1000,0,0,0,2000,1000,1000,1000
051946,健策統一98購01  ,0,0,0,0,0,0,0,0,0,1000,0,0,0,1000,0,1000,1000
05265P,正崴元大95售03  ,0,0,0,0,0,0,0,0,0,1000,0,0,0,1000,0,1000,1000
052622,貿聯兆豐97購01  ,0,0,0,0,0,0,0,0,0,1000,0,0,0,1000,0,1000,1000
052772,台虹群益96購01  ,0,0,0,0,0,0,0,0,0,1000,0,0,0,1000,0,1000,1000
052518,道瓊反元大95購02,0,0,0,0,0,0,0,0,0,1000,0,0,0,1000,0,1000,1000
052543,聯詠元富95購01  ,0,0,0,0,0,0,0,0,0,1000,0,0,0,1000,0,1000,1000
052375,奇力新元大96購02,0,0,0,0,0,0,0,0,0,1000,0,0,0,1000,0,1000,1000
052388,旺宏群益96購05  ,0,0,0,0,0,0,0,0,0,1000,0,0,0,1000,0,1000,1000
052392,台表科群益96購02,0,0,0,0,0,0,0,0,0,1000,0,0,0,1000,0,1000,1000
052453,崇越元大95購01  ,0,0,0,0,0,0,0,0,0,1000,0,0,0,1000,0,1000,1000
051643,瑞昱康和95購01  ,0,0,0,0,0,0,0,0,0,1000,0,0,0,1000,0,1000,1000
053155,晶技元大97購02  ,0,0,0,0,0,0,0,0,0,1000,0,0,0,1000,0,1000,1000
054644,A50正2群益9B購01,0,0,0,0,0,0,0,0,0,1000,0,0,0,1000,0,1000,1000
053580,國巨元大96購10  ,0,0,0,0,0,0,0,0,0,1000,0,0,0,1000,0,1000,1000
053681,臺股指富邦96購02,0,0,0,0,0,0,0,0,0,1000,0,0,0,1000,0,1000,1000
053705,滬深2X凱基99購01,0,0,0,0,0,0,0,0,0,1000,0,0,0,1000,0,1000,1000
054559,台光電群益99購01,0,0,0,0,0,0,0,0,0,1000,0,0,0,1000,0,1000,1000
054628,可成凱基98購01  ,0,0,0,0,0,0,0,0,0,1000,0,0,0,1000,0,1000,1000
05913P,國巨元大96售11  ,0,0,0,0,0,0,0,0,0,1000,0,0,0,1000,0,1000,1000
059142,道瓊指國票9B購02,0,0,0,0,0,0,0,0,0,1000,0,0,0,1000,0,1000,1000
059118,晶技永豐9A購01  ,0,0,0,0,0,0,0,0,0,1000,0,0,0,4000,3000,1000,1000
059114,華新科永豐99購05,0,0,0,0,0,0,0,0,0,1000,0,0,0,89000,88000,1000,1000
059002,聯發科元大99購18,0,0,0,0,0,0,0,0,0,1000,0,0,0,1000,0,1000,1000
05900P,臺股指凱基99售05,0,0,0,0,0,0,0,0,0,1000,0,0,0,1000,0,1000,1000
056912,臺股指元大99購04,0,0,0,0,0,0,0,0,0,1000,0,0,0,1000,0,1000,1000
054938,國巨元大97購04  ,0,0,0,0,0,0,0,0,0,1000,0,0,0,1000,0,1000,1000
055862,矽力元大97購04  ,0,0,0,0,0,0,0,0,0,1000,0,0,0,1000,0,1000,1000
055942,臺股指群益9C購01,0,0,0,0,0,0,0,0,0,1000,0,0,0,1000,0,1000,1000
059156,台灣50凱基01購03,0,0,0,0,0,0,0,0,0,1000,0,0,0,1000,0,1000,1000
059216,台積電元大99購29,0,0,0,0,0,0,0,0,0,1000,0,0,0,1000,0,1000,1000
059271,台灣50元大01購05,0,0,0,0,0,0,0,0,0,1000,0,0,0,1000,0,1000,1000
059272,台灣50元大99購01,0,0,0,0,0,0,0,0,0,1000,0,0,0,1000,0,1000,1000
059252,聯詠凱基99購03  ,0,0,0,0,0,0,0,0,0,1000,0,0,0,42000,41000,1000,1000
059258,台灣50群益99購01,0,0,0,0,0,0,0,0,0,1000,0,0,0,1000,0,1000,1000
059279,台灣50富邦9C購03,0,0,0,0,0,0,0,0,0,1000,0,0,0,1000,0,1000,1000
059405,台灣50國票01購01,0,0,0,0,0,0,0,0,0,1000,0,0,0,5000,4000,1000,1000
059376,國巨群益99購09  ,0,0,0,0,0,0,0,0,0,1000,0,0,0,1000,0,1000,1000
059393,臺股指凱基99購39,0,0,0,0,0,0,0,0,0,1000,0,0,0,1000,0,1000,1000
059336,台灣50凱基9A購02,0,0,0,0,0,0,0,0,0,1000,0,0,0,1000,0,1000,1000
059430,台積電元大99購36,0,0,0,0,0,0,0,0,0,1000,0,0,0,12000,11000,1000,1000
059463,台灣50元大9C購07,0,0,0,0,0,0,0,0,0,1000,0,0,0,1000,0,1000,1000
057458,TPK富邦9A購01   ,0,0,0,0,0,0,0,0,0,1000,0,0,0,1000,0,1000,1000
057006,國巨中信98購03  ,0,0,0,0,0,0,0,0,0,1000,0,0,0,1000,0,1000,1000
057052,華擎元大98購01  ,0,0,0,0,0,0,0,0,0,1000,0,0,0,1000,0,1000,1000
054891,聯鈞統一99購02  ,0,0,0,0,0,0,0,0,0,1000,0,0,0,1000,0,1000,1000
054924,景碩凱基98購01  ,0,0,0,0,0,0,0,0,0,1000,0,0,0,1000,0,1000,1000
057078,國巨統一9A購02  ,0,0,0,0,0,0,0,0,0,1000,0,0,0,1000,0,1000,1000
058574,台積電群益99購03,0,0,0,0,0,0,0,0,0,1000,0,0,0,1000,0,1000,1000
058331,鴻海元富99購02  ,0,0,0,0,0,0,0,0,0,1000,0,0,0,1000,0,1000,1000
058376,貿聯凱基9A購01  ,0,0,0,0,0,0,0,0,0,1000,0,0,0,1000,0,1000,1000
058420,聯發科麥證99購03,0,0,0,0,0,0,0,0,0,1000,0,0,0,1000,0,1000,1000
058423,臺股指麥證99購01,0,0,0,0,0,0,0,0,0,1000,0,0,0,1000,0,1000,1000
058451,智邦永豐9A購01  ,0,0,0,0,0,0,0,0,0,1000,0,0,0,1000,0,1000,1000
058502,鴻海元大99購13  ,0,0,0,0,0,0,0,0,0,1000,0,0,0,1000,0,1000,1000
05603P,聯發科元大96售09,0,0,0,0,0,0,0,0,0,1000,0,0,0,1000,0,1000,1000
056070,新日興元大97購04,0,0,0,0,0,0,0,0,0,1000,0,0,0,1000,0,1000,1000
058523,聯茂元大99購08  ,0,0,0,0,0,0,0,0,0,1000,0,0,0,4000,3000,1000,1000
056856,華通群益9A購01  ,0,0,0,0,0,0,0,0,0,1000,0,0,0,1000,0,1000,1000
058935,元油2X中信9C購03,0,0,0,0,0,0,0,0,0,1000,0,0,0,10000,9000,1000,1000
058784,臺股指國票99購03,0,0,0,0,0,0,0,0,0,1000,0,0,0,1000,0,1000,1000
058847,國巨群益99購05  ,0,0,0,0,0,0,0,0,0,1000,0,0,0,1000,0,1000,1000
058813,旺宏統一9B購04  ,0,0,0,0,0,0,0,0,0,1000,0,0,0,1000,0,1000,1000
055660,台光電兆豐97購01,0,0,0,0,0,0,0,0,0,1000,0,0,0,1000,0,1000,1000
056660,臺股指元大9A購07,0,0,0,0,0,0,0,0,0,1000,0,0,0,1000,0,1000,1000
058697,亞德客元大99購01,0,0,0,0,0,0,0,0,0,1000,0,0,0,1000,0,1000,1000
058457,創意永豐99購01  ,0,0,0,0,0,0,0,0,0,1000,0,0,0,1000,0,1000,1000
058080,台積電群益98購06,0,0,0,0,0,0,0,0,0,1000,0,0,0,1000,0,1000,1000
056484,聯茂元大98購02  ,0,0,0,0,0,0,0,0,0,1000,0,0,0,2000,1000,1000,1000
055596,新光金元大9B購02,0,0,0,0,0,0,0,0,0,1000,0,0,0,1000,0,1000,1000
055623,貿聯國泰99購01  ,0,0,0,0,0,0,0,0,0,1000,0,0,0,1000,0,1000,1000
057518,世紀鋼元富98購01,0,0,0,0,0,0,0,0,0,1000,0,0,0,1000,0,1000,1000
057576,南亞科第一9C購01,0,0,0,0,0,0,0,0,0,1000,0,0,0,1000,0,1000,1000
057555,玉晶光凱基9A購02,0,0,0,0,0,0,0,0,0,1000,0,0,0,1000,0,1000,1000
057666,奇力新元大9A購01,0,0,0,0,0,0,0,0,0,1000,0,0,0,1000,0,1000,1000
057749,華新科國票99購01,0,0,0,0,0,0,0,0,0,1000,0,0,0,1000,0,1000,1000
057735,台灣50富邦9C購02,0,0,0,0,0,0,0,0,0,1000,0,0,0,1000,0,1000,1000
056309,合勤控元大97購01,0,0,0,0,0,0,0,0,0,1000,0,0,0,1000,0,1000,1000
056275,國巨國泰98購04  ,0,0,0,0,0,0,0,0,0,1000,0,0,0,1000,0,1000,1000
056232,瑞儀凱基98購01  ,0,0,0,0,0,0,0,0,0,1000,0,0,0,1000,0,1000,1000
056393,精元永豐98購01  ,0,0,0,0,0,0,0,0,0,1000,0,0,0,1000,0,1000,1000
056401,國巨群益98購07  ,0,0,0,0,0,0,0,0,0,1000,0,0,0,1000,0,1000,1000
056127,致新國票98購02  ,0,0,0,0,0,0,0,0,0,1000,0,0,0,1000,0,1000,1000
056128,和大中信99購01  ,0,0,0,0,0,0,0,0,0,1000,0,0,0,1000,0,1000,1000
056763,國巨元大99購02  ,0,0,0,0,0,0,0,0,0,1000,0,0,0,70000,69000,1000,1000
056699,光罩國泰99購01  ,0,0,0,0,0,0,0,0,0,1000,0,0,0,1000,0,1000,1000
056702,欣興國泰9A購01  ,0,0,0,0,0,0,0,0,0,1000,0,0,0,1000,0,1000,1000
055424,聚陽群益98購01  ,0,0,0,0,0,0,0,0,0,1000,0,0,0,1000,0,1000,1000
055427,技嘉群益98購01  ,0,0,0,0,0,0,0,0,0,1000,0,0,0,1000,0,1000,1000
055378,晶相光元大97購02,0,0,0,0,0,0,0,0,0,1000,0,0,0,1000,0,1000,1000
055379,牧德元大97購03  ,0,0,0,0,0,0,0,0,0,1000,0,0,0,1000,0,1000,1000
055318,華通國票98購01  ,0,0,0,0,0,0,0,0,0,1000,0,0,0,1000,0,1000,1000
055181,日電貿統一97購01,0,0,0,0,0,0,0,0,0,1000,0,0,0,1000,0,1000,1000
055190,華新科元富97購01,0,0,0,0,0,0,0,0,0,1000,0,0,0,1000,0,1000,1000
055161,貿聯元大98購03  ,0,0,0,0,0,0,0,0,0,1000,0,0,0,1000,0,1000,1000
9912,偉聯            ,2000,1000,1000,0,0,0,0,0,0,0,0,0,0,0,0,0,1000
008201,BP上證50        ,0,0,0,0,0,0,0,0,0,100,0,0,0,100,0,100,100
1783,和康生          ,15001,15000,1,0,0,0,0,0,0,0,0,0,0,0,0,0,1
1617,榮星            ,4000,4000,0,0,0,0,0,0,0,0,0,0,0,0,0,0,0
1519,華城            ,80000,74000,6000,0,0,0,0,0,0,-6000,0,6000,-6000,0,0,0,0
1516,川飛            ,2000,2000,0,0,0,0,0,0,0,0,0,0,0,0,0,0,0
1453,大將            ,2000,2000,0,0,0,0,0,0,0,0,0,0,0,0,0,0,0
2038,海光            ,1000,1000,0,0,0,0,0,0,0,0,0,0,0,0,0,0,0
2415,錩新            ,5000,5000,0,0,0,0,0,0,0,0,0,0,0,0,0,0,0
08653P,台灣50凱基96售07,0,0,0,0,0,0,0,0,0,0,0,0,0,6000,6000,0,0
07322P,鴻海元大99售33  ,0,0,0,0,0,0,0,0,0,0,0,0,0,3000,3000,0,0
07180P,臺股指凱基99售22,0,0,0,0,0,0,0,0,0,0,0,0,0,20000,20000,0,0
6674,鋐寶科技        ,1000,1000,0,0,0,0,0,0,0,0,0,0,0,0,0,0,0
8249,菱光            ,30000,30000,0,0,0,0,0,0,0,0,0,0,0,0,0,0,0
5906,台南-KY         ,1000,1000,0,0,0,0,0,0,0,0,0,0,0,0,0,0,0
3002,歐格            ,1000,1000,0,0,0,0,0,0,0,0,0,0,0,0,0,0,0
3416,融程電          ,2000,2000,0,0,0,0,0,0,0,0,0,0,0,0,0,0,0
05954P,旺宏國票97售03  ,0,0,0,0,0,0,0,0,0,0,0,0,0,10000,10000,0,0
059542,聯發科亞東99購01,0,0,0,0,0,0,0,0,0,0,0,0,0,20000,20000,0,0
059593,聯發科元大99購29,0,0,0,0,0,0,0,0,0,0,0,0,0,9000,9000,0,0
059589,國巨元大9A購02  ,0,0,0,0,0,0,0,0,0,0,0,0,0,6000,6000,0,0
059595,華新科元大9A購03,0,0,0,0,0,0,0,0,0,0,0,0,0,39000,39000,0,0
059634,可成凱基99購07  ,0,0,0,0,0,0,0,0,0,0,0,0,0,8000,8000,0,0
059718,國巨元大9A購04  ,0,0,0,0,0,0,0,0,0,0,0,0,0,14000,14000,0,0
059725,聯發科元大99購31,0,0,0,0,0,0,0,0,0,0,0,0,0,6000,6000,0,0
059885,台積電國票99購12,0,0,0,0,0,0,0,0,0,0,0,0,0,19000,19000,0,0
059983,聯發科元大99購38,0,0,0,0,0,0,0,0,0,0,0,0,0,15000,15000,0,0
060118,臺指反富邦9C購01,0,0,0,0,0,0,0,0,0,0,0,0,0,40000,40000,0,0
06495P,華新科亞東9A售01,0,0,0,0,0,0,0,0,0,0,0,0,0,10000,10000,0,0
06453P,群創元大9B售02  ,0,0,0,0,0,0,0,0,0,0,0,0,0,90000,90000,0,0
06567P,鴻海永豐98售02  ,0,0,0,0,0,0,0,0,0,0,0,0,0,20000,20000,0,0
06355P,聯茂永豐97售02  ,0,0,0,0,0,0,0,0,0,0,0,0,0,10000,10000,0,0
06366P,鴻海凱基97售10  ,0,0,0,0,0,0,0,0,0,0,0,0,0,10000,10000,0,0
06329P,大立光兆豐97售04,0,0,0,0,0,0,0,0,0,0,0,0,0,10000,10000,0,0
06643P,大立光兆豐98售01,0,0,0,0,0,0,0,0,0,0,0,0,0,10000,10000,0,0
06733P,鴻海凱基99售02  ,0,0,0,0,0,0,0,0,0,0,0,0,0,20000,20000,0,0
06758P,鴻海元大98售10  ,0,0,0,0,0,0,0,0,0,0,0,0,0,60000,60000,0,0
06740P,台灣50國泰9A售02,0,0,0,0,0,0,0,0,0,0,0,0,0,10000,10000,0,0
07004P,大立光兆豐9A售01,0,0,0,0,0,0,0,0,0,0,0,0,0,10000,10000,0,0
07115P,T50反1日盛9C售02,0,0,0,0,0,0,0,0,0,0,0,0,0,1870000,1870000,0,0
07170P,臺股指國票99售07,0,0,0,0,0,0,0,0,0,0,0,0,0,900000,900000,0,0
06876P,台灣50兆豐9B售01,0,0,0,0,0,0,0,0,0,0,0,1000,-1000,1000,0,1000,0
06865P,亞德客元大98售04,0,0,0,0,0,0,0,0,0,0,0,0,0,84000,84000,0,0
06955P,臻鼎元富99售01  ,0,0,0,0,0,0,0,0,0,0,0,0,0,13000,13000,0,0
06919P,臺股指日盛98售02,0,0,0,0,0,0,0,0,0,0,0,0,0,9000,9000,0,0
06163P,聯詠群益97售01  ,0,0,0,0,0,0,0,0,0,0,0,0,0,20000,20000,0,0
06173P,華通元大97售02  ,0,0,0,0,0,0,0,0,0,0,0,0,0,10000,10000,0,0
06189P,華新科永豐97售03,0,0,0,0,0,0,0,0,0,0,0,0,0,20000,20000,0,0
06211P,鴻海元大98售04  ,0,0,0,0,0,0,0,0,0,0,0,0,0,8000,8000,0,0
060454,葡萄王元大9A購01,21000,0,21000,0,0,0,0,0,0,-21000,0,0,0,0,21000,-21000,0
060463,台積電元大9A購10,0,0,0,0,0,0,0,0,0,0,0,0,0,1000,1000,0,0
060464,台積電元大9A購11,0,0,0,0,0,0,0,0,0,0,0,0,0,1000,1000,0,0
060465,聯發科元大9A購02,0,0,0,0,0,0,0,0,0,0,0,0,0,14000,14000,0,0
060466,玉山金元大9A購01,0,0,0,0,0,0,0,0,0,0,0,0,0,68000,68000,0,0
060478,南電元大9A購01  ,0,0,0,0,0,0,0,0,0,0,0,0,0,13000,13000,0,0
060327,美律群益9A購02  ,0,0,0,0,0,0,0,0,0,0,0,0,0,4000,4000,0,0
060324,台積電群益9B購02,0,0,0,0,0,0,0,0,0,0,0,0,0,6000,6000,0,0
060325,旺宏群益9A購02  ,0,0,0,0,0,0,0,0,0,0,0,0,0,26000,26000,0,0
060342,台積電統一02購01,0,0,0,0,0,0,0,0,0,0,0,0,0,10000,10000,0,0
060377,鴻海台新9A購01  ,0,0,0,0,0,0,0,0,0,0,0,0,0,1000,1000,0,0
060400,南電國票9A購03  ,0,0,0,0,0,0,0,0,0,0,0,0,0,26000,26000,0,0
060423,智易永豐9A購01  ,0,0,0,0,0,0,0,0,0,0,0,0,0,1000,1000,0,0
060156,光磊永豐9A購01  ,0,0,0,0,0,0,0,0,0,0,0,0,0,29000,29000,0,0
00783,富邦中証500     ,131000,0,131000,0,0,0,0,0,0,-131000,0,0,0,732000,863000,-131000,0
04668P,臺股指國票94售07,0,0,0,0,0,0,0,0,0,0,0,0,0,60000,60000,0,0
00732,國泰RMB短期報酬 ,0,0,0,0,0,0,0,0,0,0,0,0,0,100000,100000,0,0
00774B,新光中國政金綠債,0,0,0,0,0,0,0,0,0,0,0,0,0,2000,2000,0,0
00775B,新光投等債15+   ,0,0,0,0,0,0,0,0,0,0,0,0,0,2000,2000,0,0
00636K,國泰中國A50+U   ,0,0,0,0,0,0,0,0,0,0,0,0,0,100,100,0,0
00625K,富邦上証+R      ,0,0,0,0,0,0,0,0,0,0,0,0,0,50000,50000,0,0
00684R,元大美元指數反1 ,0,0,0,0,0,0,0,0,0,0,0,0,0,30000,30000,0,0
00689R,國泰20年美債反1 ,0,0,0,0,0,0,0,0,0,0,0,0,0,100000,100000,0,0
00700,富邦恒生國企    ,0,0,0,0,0,0,0,0,0,0,0,0,0,100000,100000,0,0
00657K,國泰日經225+U   ,0,0,0,0,0,0,0,0,0,0,0,0,0,100,100,0,0
00668K,國泰美國道瓊+U  ,0,0,0,0,0,0,0,0,0,0,0,0,0,100,100,0,0
04797P,華新科元大94售04,0,0,0,0,0,0,0,0,0,0,0,0,0,500000,500000,0,0
04775P,台積電凱基94售29,0,0,0,0,0,0,0,0,0,0,0,0,0,10000,10000,0,0
03432B,臺股指凱基98熊13,0,0,0,0,0,0,0,0,0,0,0,0,0,10000,10000,0,0
04837P,華新科元大94售05,0,0,0,0,0,0,0,0,0,0,0,0,0,693000,693000,0,0
05133P,臺股指日盛95售01,0,0,0,0,0,0,0,0,0,0,0,0,0,30000,30000,0,0
04596P,臺股指元大94售14,0,0,0,0,0,0,0,0,0,0,0,0,0,100000,100000,0,0
050968,超眾永豐95購01  ,0,0,0,0,0,0,0,0,0,0,0,0,0,50000,50000,0,0
045754,大立光國泰94購03,0,0,0,0,0,0,0,0,0,0,0,0,0,100000,100000,0,0
050124,元金2X凱基95購01,0,0,0,0,0,0,0,0,0,0,0,0,0,33000,33000,0,0
049855,台表科群益94購01,0,0,0,0,0,0,0,0,0,0,0,0,0,6000,6000,0,0
054299,南電元大96購03  ,0,0,0,0,0,0,0,0,0,0,0,0,0,4000,4000,0,0
054266,緯穎元大96購07  ,0,0,0,0,0,0,0,0,0,0,0,0,0,10000,10000,0,0
05292P,台積電凱基95售16,0,0,0,0,0,0,0,0,0,0,0,0,0,410000,410000,0,0
05291P,鴻海凱基95售16  ,0,0,0,0,0,0,0,0,0,0,0,0,0,185000,185000,0,0
054322,國巨台新96購02  ,0,0,0,0,0,0,0,0,0,0,0,0,0,499000,499000,0,0
05432P,國巨元富95售07  ,0,0,0,0,0,0,0,0,0,0,0,0,0,50000,50000,0,0
054393,漢唐永豐96購01  ,0,0,0,0,0,0,0,0,0,0,0,0,0,50000,50000,0,0
054359,南亞科日盛96購02,0,0,0,0,0,0,0,0,0,0,0,0,0,100000,100000,0,0
054378,楠梓電群益98購01,0,0,0,0,0,0,0,0,0,0,0,0,0,15000,15000,0,0
05446P,緯穎元大95售04  ,0,0,0,0,0,0,0,0,0,0,0,0,0,25000,25000,0,0
054455,楠梓電群益98購02,0,0,0,0,0,0,0,0,0,0,0,0,0,100000,100000,0,0
054519,禾伸堂元大97購02,0,0,0,0,0,0,0,0,0,0,0,0,0,22000,22000,0,0
054173,奇力新台新97購02,0,0,0,0,0,0,0,0,0,0,0,0,0,1766000,1766000,0,0
05066P,康控元大95售03  ,0,0,0,0,0,0,0,0,0,0,0,0,0,7000,7000,0,0
050795,超眾富邦94購01  ,0,0,0,0,0,0,0,0,0,0,0,0,0,7000,7000,0,0
050806,華新科日盛95購01,0,0,0,0,0,0,0,0,0,0,0,0,0,40000,40000,0,0
049580,國巨元大94購07  ,0,0,0,0,0,0,0,0,0,0,0,0,0,120000,120000,0,0
050385,貿聯國票95購02  ,0,0,0,0,0,0,0,0,0,0,0,0,0,38000,38000,0,0
050371,台積電元大94購25,0,0,0,0,0,0,0,0,0,0,0,0,0,140000,140000,0,0
050448,義隆元大94購04  ,0,0,0,0,0,0,0,0,0,0,0,0,0,60000,60000,0,0
050514,聯電元大94購01  ,0,0,0,0,0,0,0,0,0,0,0,0,0,70000,70000,0,0
050523,義隆元大94購05  ,0,0,0,0,0,0,0,0,0,0,0,0,0,60000,60000,0,0
05154P,台積電兆豐95售05,0,0,0,0,0,0,0,0,0,0,0,0,0,10000,10000,0,0
050315,和碩兆豐95購01  ,0,0,0,0,0,0,0,0,0,0,0,0,0,1000,1000,0,0
050318,景碩國票94購02  ,0,0,0,0,0,0,0,0,0,0,0,0,0,50000,50000,0,0
05033P,T50反1元大98售01,0,0,0,0,0,0,0,0,0,0,0,0,0,10000,10000,0,0
053611,聯茂麥證96購01  ,0,0,0,15000,15000,0,0,0,0,0,0,0,0,15000,15000,0,0
053617,宏達電群益96購02,0,0,0,0,0,0,0,0,0,0,0,0,0,100000,100000,0,0
053014,旺宏統一97購02  ,0,0,0,0,0,0,0,0,0,0,0,0,0,50000,50000,0,0
053192,創意統一96購01  ,0,0,0,0,0,0,0,0,0,0,0,0,0,68000,68000,0,0
05161P,華新科國票96售01,0,0,0,0,0,0,0,0,0,0,0,0,0,33000,33000,0,0
051934,緯穎國票96購01  ,0,0,0,0,0,0,0,0,0,0,0,0,0,52000,52000,0,0
052390,聯詠群益95購03  ,0,0,0,0,0,0,0,0,0,0,0,0,0,98000,98000,0,0
052359,百和永豐95購01  ,0,0,0,0,0,0,0,0,0,0,0,0,0,40000,40000,0,0
052792,大立光兆豐96購01,0,0,0,0,0,0,0,0,0,0,0,0,0,10000,10000,0,0
05261P,鴻海元大95售20  ,0,0,0,0,0,0,0,0,0,0,0,0,0,180000,180000,0,0
052703,貿聯國票97購01  ,0,27000,-27000,0,0,0,0,0,0,27000,0,0,0,27000,0,27000,0
05474P,智邦亞東95售01  ,0,0,0,0,0,0,0,0,0,0,0,0,0,10000,10000,0,0
054809,大成鋼元大97購01,0,0,0,0,0,0,0,0,0,0,0,0,0,40000,40000,0,0
054838,京鼎第一97購01  ,0,0,0,0,0,0,0,0,0,0,0,0,0,40000,40000,0,0
052270,力成日盛95購01  ,0,0,0,0,0,0,0,0,0,0,0,0,0,10000,10000,0,0
057777,可成群益9A購03  ,0,0,0,0,0,0,0,0,0,0,0,0,0,11000,11000,0,0
057779,禾伸堂群益98購02,0,0,0,0,0,0,0,0,0,0,0,0,0,100000,100000,0,0
058218,緯穎群益99購01  ,0,0,0,0,0,0,0,0,0,0,0,0,0,2000,2000,0,0
058236,大立光元大99購09,0,0,0,0,0,0,0,0,0,0,0,0,0,76000,76000,0,0
058230,國巨元大99購11  ,0,0,0,0,0,0,0,0,0,0,0,0,0,5000,5000,0,0
058232,聯發科元大99購05,0,0,0,0,0,0,0,0,0,0,0,0,0,10000,10000,0,0
057797,大立光兆豐99購01,0,0,0,0,0,0,0,0,0,0,0,0,0,10000,10000,0,0
057808,旺宏元大99購05  ,0,0,0,0,0,0,0,0,0,0,0,0,0,22000,22000,0,0
058100,聯茂國泰99購02  ,0,0,0,0,0,0,0,0,0,0,0,0,0,7000,7000,0,0
058145,聯茂元大99購03  ,0,0,0,0,0,0,0,0,0,0,0,0,0,43000,43000,0,0
058135,景碩元大99購01  ,0,0,0,0,0,0,0,0,0,0,0,0,0,8000,8000,0,0
057948,嘉聯益國票99購02,0,0,0,0,0,0,0,0,0,0,0,0,0,34000,34000,0,0
057946,晶相光國票99購01,0,0,0,0,0,0,0,0,0,0,0,0,0,14000,14000,0,0
053513,義隆群益96購05  ,0,0,0,0,0,0,0,0,0,0,0,0,0,26000,26000,0,0
054066,緯穎國票97購03  ,0,0,0,0,0,0,0,0,0,0,0,0,0,2000,2000,0,0
054081,聯電元富96購01  ,0,0,0,0,0,0,0,0,0,0,0,0,0,10000,10000,0,0
054090,瑞昱群益97購01  ,0,0,0,0,0,0,0,0,0,0,0,0,0,9000,9000,0,0
055141,牧德永豐98購02  ,0,0,0,0,0,0,0,0,0,0,0,0,0,20000,20000,0,0
055292,聯鈞元大97購02  ,0,0,0,0,0,0,0,0,0,0,0,0,0,5000,5000,0,0
055744,茂林元富97購02  ,0,0,0,0,0,0,0,0,0,0,0,0,0,1000,1000,0,0
054974,台表科元大98購02,0,0,0,0,0,0,0,0,0,0,0,0,0,10000,10000,0,0
056745,聯茂凱基99購03  ,0,0,0,0,0,0,0,0,0,0,0,0,0,18000,18000,0,0
056104,義隆永豐97購01  ,0,0,0,0,0,0,0,0,0,0,0,0,0,20000,20000,0,0
056397,彩晶永豐99購01  ,0,0,0,0,0,0,0,0,0,0,0,0,0,87000,87000,0,0
05640P,旺宏元富96售03  ,0,0,0,0,0,0,0,0,0,0,0,0,0,260000,260000,0,0
056366,玉晶光元大99購04,0,0,0,0,0,0,0,0,0,0,0,0,0,4000,4000,0,0
05621P,聯電中信96售01  ,0,0,0,0,0,0,0,0,0,0,0,0,0,100000,100000,0,0
056321,創意群益98購02  ,0,0,0,0,0,0,0,0,0,0,0,0,0,29000,29000,0,0
057699,可成群益9A購02  ,0,0,0,0,0,0,0,0,0,0,0,0,0,10000,10000,0,0
057561,大立光兆豐98購02,0,0,0,0,0,0,0,0,0,0,0,0,0,10000,10000,0,0
05752P,台積電中信96售06,0,0,0,0,0,0,0,0,0,0,0,0,0,10000,10000,0,0
056568,台表科群益98購01,0,0,0,0,0,0,0,0,0,0,0,0,0,11000,11000,0,0
056499,鴻海富邦98購02  ,0,0,0,0,0,0,0,0,0,0,0,0,0,200000,200000,0,0
058065,南亞科亞東99購01,0,0,0,0,0,0,0,0,0,0,0,0,0,50000,50000,0,0
058066,可成亞東99購01  ,0,0,0,0,0,0,0,0,0,0,0,0,0,10000,10000,0,0
058458,牧德永豐9A購01  ,0,0,0,0,0,0,0,0,0,0,0,0,0,260000,260000,0,0
055527,旺宏群益99購03  ,0,0,0,0,0,0,0,0,0,0,0,0,0,14000,14000,0,0
058036,南電永豐98購01  ,0,0,0,0,0,0,0,0,0,0,0,0,0,27000,27000,0,0
05802P,臺股指兆豐96售02,0,0,0,0,0,0,0,0,0,0,0,0,0,27000,27000,0,0
05805P,義隆永豐96售02  ,0,0,0,0,0,0,0,0,0,0,0,0,0,30000,30000,0,0
058060,貿聯元富98購01  ,0,0,0,0,0,0,0,0,0,0,0,0,0,260000,260000,0,0
058019,美律凱基99購04  ,0,0,0,0,0,0,0,0,0,0,0,0,0,30000,30000,0,0
058698,華通元大99購05  ,0,0,0,0,0,0,0,0,0,0,0,0,0,10000,10000,0,0
058765,緯穎群益99購03  ,0,0,0,0,0,0,0,0,0,0,0,0,0,1000,1000,0,0
058705,長榮航元大99購01,0,0,0,0,0,0,0,0,0,0,0,0,0,100000,100000,0,0
056629,昇陽半永豐98購01,0,0,0,0,0,0,0,0,0,0,0,0,0,10000,10000,0,0
055659,百和元富97購01  ,0,0,0,0,0,0,0,0,0,0,0,0,0,70000,70000,0,0
055719,可成元大97購03  ,0,0,0,0,0,0,0,0,0,0,0,0,0,50000,50000,0,0
058802,矽創元大99購02  ,0,0,0,0,0,0,0,0,0,0,0,0,0,16000,16000,0,0
058841,深中小群益01購01,0,0,0,0,0,0,0,0,0,0,0,0,0,45000,45000,0,0
058800,健策元大99購03  ,0,0,0,0,0,0,0,0,0,0,0,0,0,3000,3000,0,0
058764,康友群益99購01  ,0,0,0,0,0,0,0,0,0,0,0,0,0,130000,130000,0,0
058933,FBVIX台新9B購01 ,0,0,0,0,0,0,0,0,0,0,0,0,0,2000,2000,0,0
058967,可成麥證99購01  ,0,0,0,9000,0,9000,0,0,0,0,0,0,0,9000,9000,0,0
05889P,群創元大98售02  ,0,0,0,0,0,0,0,0,0,0,0,0,0,160000,160000,0,0
058863,可成凱基99購02  ,0,0,0,0,0,0,0,0,0,0,0,0,0,6000,6000,0,0
058542,T50反1富邦9B購01,0,0,0,0,0,0,0,0,0,0,0,0,0,10000,10000,0,0
056786,亞光群益98購03  ,0,0,0,0,0,0,0,0,0,0,0,0,0,66000,66000,0,0
056026,智易群益97購01  ,0,0,0,0,0,0,0,0,0,0,0,0,0,1000,1000,0,0
058264,瑞昱永豐99購01  ,0,0,0,0,0,0,0,0,0,0,0,0,0,10000,10000,0,0
05850P,台積電兆豐96售06,0,0,0,0,0,0,0,0,0,0,0,0,0,10000,10000,0,0
058414,大立光兆豐99購02,0,0,0,0,0,0,0,0,0,0,0,0,0,10000,10000,0,0
058325,昇陽半永豐99購01,0,0,0,0,0,0,0,0,0,0,0,0,0,10000,10000,0,0
058361,美律凱基99購06  ,0,0,0,0,0,0,0,0,0,0,0,0,0,7000,7000,0,0
058341,T50反1群益99購01,0,0,0,0,0,0,0,0,0,0,0,0,0,65000,65000,0,0
058588,致茂中信9B購01  ,0,0,0,0,0,0,0,0,0,0,0,0,0,27000,27000,0,0
058248,聯茂元大99購05  ,0,0,0,0,0,0,0,0,0,0,0,0,0,3000,3000,0,0
054896,聯茂日盛97購01  ,0,0,0,0,0,0,0,0,0,0,0,0,0,10000,10000,0,0
057481,技嘉元大98購04  ,0,0,0,0,0,0,0,0,0,0,0,0,0,15000,15000,0,0
057279,國揚元大98購01  ,0,0,0,0,0,0,0,0,0,0,0,0,0,16000,16000,0,0
057162,上銀元大98購03  ,0,0,0,0,0,0,0,0,0,0,0,0,0,4000,4000,0,0
057164,國巨元大98購14  ,0,0,0,0,0,0,0,0,0,0,0,0,0,5000,5000,0,0
057178,可成元大98購03  ,0,0,0,0,0,0,0,0,0,0,0,0,0,3000,3000,0,0
057214,瑞昱群益98購01  ,0,0,0,0,0,0,0,0,0,0,0,0,0,8000,8000,0,0
057403,亞光群益98購04  ,0,0,0,0,0,0,0,0,0,0,0,0,0,101000,101000,0,0
057334,技嘉國票98購02  ,0,0,0,0,0,0,0,0,0,0,0,0,0,25000,25000,0,0
059456,智易永豐99購01  ,0,0,0,0,0,0,0,0,0,0,0,0,0,23000,23000,0,0
059392,臺股指凱基99購38,0,0,0,0,0,0,0,0,0,0,0,0,0,1000,1000,0,0
059381,TPK亞東99購01   ,0,0,0,0,0,0,0,0,0,0,0,0,0,10000,10000,0,0
059315,鴻海元大99購30  ,0,0,0,0,0,0,0,0,0,0,0,0,0,26000,26000,0,0
059229,臺股指元大99購22,0,0,0,0,0,0,0,0,0,0,0,0,0,10000,10000,0,0
059239,台積電凱基99購12,0,0,0,0,0,0,0,0,0,0,0,0,0,5000,5000,0,0
056899,可成元大98購01  ,0,0,0,0,0,0,0,0,0,0,0,0,0,4000,4000,0,0
055906,大立光兆豐97購03,0,0,0,0,0,0,0,0,0,0,0,0,0,10000,10000,0,0
055970,聯茂元大97購04  ,0,0,0,0,0,0,0,0,0,0,0,0,0,2000,2000,0,0
056943,華通統一99購01  ,0,0,0,0,0,0,0,0,0,0,0,0,0,60000,60000,0,0
05698P,群創凱基96售01  ,0,0,0,0,0,0,0,0,0,0,0,0,0,2000,2000,0,0
056980,建準群益98購02  ,0,0,0,0,0,0,0,0,0,0,0,0,0,10000,10000,0,0
058683,可成凱基9A購01  ,0,0,0,0,0,0,0,0,0,0,0,0,0,10000,10000,0,0
059028,嘉聯益台新99購02,0,0,0,0,0,0,0,0,0,0,0,0,0,120000,120000,0,0
058601,台積電元大99購10,0,0,0,0,0,0,0,0,0,0,0,0,0,499000,499000,0,0
059119,華擎永豐99購02  ,0,0,0,0,0,0,0,0,0,0,0,0,0,20000,20000,0,0
910861,神州-DR         ,1000,1000,0,0,0,0,0,0,0,0,0,0,0,0,0,0,0
9931,欣高            ,1000,1000,0,0,0,0,0,0,0,0,0,0,0,0,0,0,0
3383,新世紀          ,0,227,-227,0,0,0,0,0,0,0,0,0,0,0,0,0,-227
3550,聯穎            ,11000,12000,-1000,0,0,0,0,0,0,0,0,0,0,0,0,0,-1000
3686,達能            ,1000,2000,-1000,0,0,0,0,0,0,0,0,0,0,0,0,0,-1000
2901,欣欣            ,2000,3000,-1000,0,0,0,0,0,0,0,0,0,0,0,0,0,-1000
3046,建碁            ,0,1000,-1000,0,0,0,0,0,0,0,0,0,0,0,0,0,-1000
3040,遠見            ,0,1000,-1000,0,0,0,0,0,0,0,0,0,0,0,0,0,-1000
3130,一零四          ,0,0,0,0,0,0,0,0,0,-1000,0,1000,-1000,0,0,0,-1000
2908,特力            ,2000,3000,-1000,0,0,0,0,0,0,0,0,0,0,0,0,0,-1000
2910,統領            ,0,1000,-1000,0,0,0,0,0,0,0,0,0,0,0,0,0,-1000
2887F,台新戊特二      ,0,1000,-1000,0,0,0,0,0,0,0,0,0,0,0,0,0,-1000
2483,百容            ,0,1000,-1000,0,0,0,0,0,0,0,0,0,0,0,0,0,-1000
2506,太設            ,2000,3000,-1000,0,0,0,0,0,0,0,0,0,0,0,0,0,-1000
2528,皇普            ,2000,3000,-1000,0,0,0,0,0,0,0,0,0,0,0,0,0,-1000
5284,jpp-KY          ,1000,2000,-1000,0,0,0,0,0,0,0,0,0,0,0,0,0,-1000
5285,界霖            ,78000,75000,3000,0,0,0,0,0,0,-4000,0,4000,-4000,0,0,0,-1000
4737,華廣            ,11000,12000,-1000,0,0,0,0,0,0,0,0,0,0,0,0,0,-1000
4148,全宇生技-KY     ,0,4000,-4000,0,0,0,0,0,0,3000,3000,0,3000,0,0,0,-1000
4581,光隆精密-KY     ,0,1000,-1000,0,0,0,0,0,0,0,0,0,0,0,0,0,-1000
4722,國精化          ,22000,23000,-1000,0,0,0,0,0,0,0,0,0,0,0,0,0,-1000
8442,威宏-KY         ,0,1000,-1000,0,0,0,0,0,0,0,0,0,0,0,0,0,-1000
6579,研揚            ,0,1000,-1000,0,0,0,0,0,0,0,0,0,0,0,0,0,-1000
6625,必應            ,0,1000,-1000,0,0,0,0,0,0,0,0,0,0,0,0,0,-1000
07169P,臺股指國票99售06,0,0,0,0,0,0,0,0,0,-1000,0,0,0,9000,10000,-1000,-1000
07178P,臺股指凱基99售20,0,0,0,0,0,0,0,0,0,-1000,0,0,0,0,1000,-1000,-1000
07183P,臺股指凱基99售25,0,0,0,0,0,0,0,0,0,-1000,0,0,0,0,1000,-1000,-1000
07337P,台灣50凱基99售09,0,0,0,0,0,0,0,0,0,-1000,0,0,0,6000,7000,-1000,-1000
07374P,鴻海元大99售41  ,0,0,0,0,0,0,0,0,0,-1000,0,0,0,0,1000,-1000,-1000
07429P,臺股指國票9A售01,0,0,0,0,0,0,0,0,0,-1000,0,0,0,0,1000,-1000,-1000
07465P,台灣50元大9C售24,0,0,0,0,0,0,0,0,0,-1000,0,0,0,0,1000,-1000,-1000
07440P,臺股指麥證9B售02,0,0,0,20000,21000,-1000,0,0,0,-1000,0,0,0,20000,21000,-1000,-1000
2438,翔耀            ,0,1000,-1000,0,0,0,0,0,0,0,0,0,0,0,0,0,-1000
2440,太空梭          ,0,1000,-1000,0,0,0,0,0,0,0,0,0,0,0,0,0,-1000
2033,佳大            ,0,0,0,0,0,0,0,0,0,-1000,0,1000,-1000,0,0,0,-1000
2008,高興昌          ,0,1000,-1000,0,0,0,0,0,0,0,0,0,0,0,0,0,-1000
2024,志聯            ,1000,2000,-1000,0,0,0,0,0,0,0,0,0,0,0,0,0,-1000
2236,百達-KY         ,0,1000,-1000,0,0,0,0,0,0,0,0,0,0,0,0,0,-1000
1419,新紡            ,0,1000,-1000,0,0,0,0,0,0,0,0,0,0,0,0,0,-1000
1583,程泰            ,0,1000,-1000,0,0,0,0,0,0,0,0,0,0,0,0,0,-1000
060143,台積電國票9B購03,0,0,0,0,0,0,0,0,0,-1000,0,0,0,10000,11000,-1000,-1000
060148,臺股指國票9A購08,0,0,0,0,0,0,0,0,0,-1000,0,0,0,0,1000,-1000,-1000
06042P,華新科永豐96售04,0,0,0,0,0,0,0,0,0,-1000,0,0,0,0,1000,-1000,-1000
060450,南亞元大9A購02  ,0,0,0,0,0,0,0,0,0,-1000,0,0,0,0,1000,-1000,-1000
060387,盛群凱基9A購01  ,0,0,0,0,0,0,0,0,0,-1000,0,0,0,0,1000,-1000,-1000
060389,世紀鋼凱基9B購02,0,0,0,0,0,0,0,0,0,-1000,0,0,0,0,1000,-1000,-1000
060320,元金2X群益02購01,0,0,0,0,0,0,0,0,0,-1000,0,0,0,0,1000,-1000,-1000
060334,群光康和9A購01  ,0,0,0,0,0,0,0,0,0,-1000,0,0,0,0,1000,-1000,-1000
060467,神基元大9A購01  ,0,0,0,0,0,0,0,0,0,-1000,0,0,0,0,1000,-1000,-1000
06062P,宏達電元富97售01,0,0,0,0,0,0,0,0,0,-1000,0,0,0,0,1000,-1000,-1000
06084P,宏達電元富97售02,0,0,0,0,0,0,0,0,0,-1000,0,0,0,0,1000,-1000,-1000
06179P,國巨群益97售04  ,0,0,0,0,0,0,0,0,0,-1000,0,0,0,0,1000,-1000,-1000
06230P,亞德客永豐97售03,0,0,0,0,0,0,0,0,0,-1000,0,0,0,0,1000,-1000,-1000
06103P,漢唐凱基97售02  ,0,0,0,0,0,0,0,0,0,-1000,0,0,0,0,1000,-1000,-1000
06935P,神達元大98售02  ,0,0,0,0,0,0,0,0,0,-1000,0,0,0,10000,11000,-1000,-1000
06997P,台灣50中信03售01,0,0,0,0,0,0,0,0,0,-1000,0,0,0,0,1000,-1000,-1000
06891P,緯穎富邦99售03  ,0,0,0,0,0,0,0,0,0,-1000,0,0,0,0,1000,-1000,-1000
07032P,聯發科統一9C售02,0,0,0,0,0,0,0,0,0,-1000,0,0,0,4000,5000,-1000,-1000
07086P,力成元富9C售01  ,0,0,0,0,0,0,0,0,0,-1000,0,0,0,0,1000,-1000,-1000
06730P,祥碩元大98售07  ,0,0,0,0,0,0,0,0,0,-1000,0,0,0,236000,237000,-1000,-1000
06549P,大立光元大98售11,0,0,0,0,0,0,0,0,0,-1000,0,0,0,0,1000,-1000,-1000
06303P,臺股指元大97售09,0,0,0,0,0,0,0,0,0,-1000,0,0,0,2000,3000,-1000,-1000
06283P,祥碩永豐97售01  ,0,0,0,0,0,0,0,0,0,-1000,0,0,0,0,1000,-1000,-1000
06295P,國巨元大97售14  ,0,0,0,0,0,0,0,0,0,-1000,0,0,0,0,1000,-1000,-1000
06310P,精元元富97售02  ,0,0,0,0,0,0,0,0,0,-1000,0,0,0,6000,7000,-1000,-1000
06010P,國泰金元富96售01,0,0,0,0,0,0,0,0,0,-1000,0,0,0,0,1000,-1000,-1000
060010,義隆群益99購02  ,0,0,0,0,0,0,0,0,0,-1000,0,0,0,43000,44000,-1000,-1000
060012,電子類群益99購02,0,0,0,0,0,0,0,0,0,-1000,0,0,0,0,1000,-1000,-1000
059899,上証2X元大9C購04,0,0,0,0,0,0,0,0,0,-1000,0,0,0,0,1000,-1000,-1000
059901,滬深2X元大9C購07,0,0,0,0,0,0,0,0,0,-1000,0,0,0,20000,21000,-1000,-1000
059941,聯發科永豐99購04,0,0,0,0,0,0,0,0,0,-1000,0,0,0,7000,8000,-1000,-1000
059672,滬深2X元富99購06,0,0,0,0,0,0,0,0,0,-1000,0,0,0,0,1000,-1000,-1000
059801,T50反1元富99購10,0,0,0,0,0,0,0,0,0,-1000,0,0,0,1000,2000,-1000,-1000
059590,台積電元大99購39,0,0,0,0,0,0,0,0,0,-1000,0,0,0,5000,6000,-1000,-1000
059491,國巨國票9A購05  ,0,0,0,0,0,0,0,0,0,-1000,0,0,0,149000,150000,-1000,-1000
053990,晶技兆豐96購01  ,0,0,0,0,0,0,0,0,0,-1000,0,0,0,0,1000,-1000,-1000
053887,聯茂兆豐97購02  ,0,0,0,0,0,0,0,0,0,-1000,0,0,0,0,1000,-1000,-1000
053732,S&P反1中信9C購01,0,0,0,0,0,0,0,0,0,-1000,0,0,0,0,1000,-1000,-1000
052846,智邦統一97購01  ,0,0,0,0,0,0,0,0,0,-1000,0,0,0,0,1000,-1000,-1000
057913,健策日盛98購01  ,0,0,0,0,0,0,0,0,0,-1000,0,0,0,150000,151000,-1000,-1000
05786P,臺股指永昌96售03,0,0,0,0,0,0,0,0,0,-1000,0,0,0,0,1000,-1000,-1000
05787P,臺股指永昌96售04,0,0,0,0,0,0,0,0,0,-1000,0,0,0,0,1000,-1000,-1000
057842,緯穎富邦99購02  ,0,0,0,0,0,0,0,0,0,-1000,0,0,0,0,1000,-1000,-1000
057992,大立光日盛98購01,0,0,0,0,0,0,0,0,0,-1000,0,0,0,539000,540000,-1000,-1000
052274,大立光群益95購03,0,0,0,0,0,0,0,0,0,-1000,0,0,0,0,1000,-1000,-1000
052230,大立光凱基96購09,0,0,0,0,0,0,0,0,0,-1000,0,0,0,0,1000,-1000,-1000
05331P,上証2X國票96售01,0,0,0,0,0,0,0,0,0,-1000,0,0,0,0,1000,-1000,-1000
052490,禾伸堂國票95購01,0,0,0,0,0,0,0,0,0,-1000,0,0,0,17000,18000,-1000,-1000
053211,漢唐凱基96購03  ,0,0,0,0,0,0,0,0,0,-1000,0,0,0,129000,130000,-1000,-1000
053195,玉晶光元富96購02,0,0,0,0,0,0,0,0,0,-1000,0,0,0,12000,13000,-1000,-1000
053187,國巨統一96購05  ,0,0,0,0,0,0,0,0,0,-1000,0,0,0,0,1000,-1000,-1000
053079,世紀鋼永豐96購01,0,0,0,0,0,0,0,0,0,-1000,0,0,0,0,1000,-1000,-1000
053012,國巨統一96購03  ,0,0,0,0,0,0,0,0,0,-1000,0,0,0,1000,2000,-1000,-1000
052998,拓凱康和96購01  ,0,0,0,0,0,0,0,0,0,-1000,0,0,0,0,1000,-1000,-1000
054702,智邦第一97購01  ,0,0,0,0,0,0,0,0,0,-1000,0,0,0,0,1000,-1000,-1000
054623,華新科第一97購01,0,0,0,0,0,0,0,0,0,-1000,0,0,0,0,1000,-1000,-1000
051497,中磊亞東96購01  ,0,0,0,0,0,0,0,0,0,-1000,0,0,0,0,1000,-1000,-1000
049632,臺股指群益94購05,0,0,0,0,0,0,0,0,0,-1000,0,0,0,0,1000,-1000,-1000
05075P,台積電麥證95售01,0,0,0,0,1000,-1000,0,0,0,-1000,0,0,0,0,1000,-1000,-1000
054189,貿聯永豐96購03  ,0,0,0,0,0,0,0,0,0,-1000,0,0,0,0,1000,-1000,-1000
054488,禾伸堂台新96購01,0,0,0,0,0,0,0,0,0,-1000,0,0,0,0,1000,-1000,-1000
054352,世芯國泰98購01  ,0,0,0,0,0,0,0,0,0,-1000,0,0,0,0,1000,-1000,-1000
050022,鴻海元大94購11  ,0,0,0,0,0,0,0,0,0,-1000,0,0,0,1000,2000,-1000,-1000
048633,台達電元大94購02,0,0,0,0,0,0,0,0,0,-1000,0,0,0,0,1000,-1000,-1000
03026X,元展23          ,0,0,0,0,0,0,0,0,0,-1000,0,0,0,0,1000,-1000,-1000
03421B,臺股指元大99熊01,0,0,0,0,0,0,0,0,0,-1000,0,0,0,36000,37000,-1000,-1000
046882,智易富邦97購01  ,0,0,0,0,0,0,0,0,0,-1000,0,0,0,0,1000,-1000,-1000
047024,奇力新元大95購01,0,0,0,0,0,0,0,0,0,-1000,0,0,0,8000,9000,-1000,-1000
047063,漢唐凱基95購01  ,0,0,0,0,0,0,0,0,0,-1000,0,0,0,9000,10000,-1000,-1000
04707P,喬山元大94售01  ,0,0,0,0,0,0,0,0,0,-1000,0,0,0,0,1000,-1000,-1000
00657,國泰日經225     ,0,0,0,0,0,0,0,0,0,-1000,0,0,0,100000,101000,-1000,-1000
0055,元大MSCI金融    ,1000,1000,0,0,0,0,0,0,0,-1000,0,0,0,0,1000,-1000,-1000
006204,永豐臺灣加權    ,0,0,0,0,0,0,0,0,0,-1000,0,0,0,0,1000,-1000,-1000
00776,新光ICE美國權值 ,0,0,0,0,0,0,0,0,0,-1000,0,0,0,2000,3000,-1000,-1000
059141,臺股指兆豐99購01,0,0,0,0,0,0,0,0,0,-1000,0,0,0,0,1000,-1000,-1000
058630,日月光國票9A購01,0,0,0,0,0,0,0,0,0,-1000,0,0,0,7000,8000,-1000,-1000
055863,緯穎元大97購05  ,0,0,0,0,0,0,0,0,0,-1000,0,0,0,0,1000,-1000,-1000
055952,上銀元大97購08  ,0,0,0,0,0,0,0,0,0,-1000,0,0,0,0,1000,-1000,-1000
059327,南茂元大99購01  ,0,0,0,0,0,0,0,0,0,-1000,0,0,0,216000,217000,-1000,-1000
059383,台灣50凱基99購03,0,0,0,0,0,0,0,0,0,-1000,0,0,0,16000,17000,-1000,-1000
059398,滬深2X元富9C購02,0,0,0,0,0,0,0,0,0,-1000,0,0,0,0,1000,-1000,-1000
057165,國巨元大99購05  ,0,0,0,0,0,0,0,0,0,-1000,0,0,0,25000,26000,-1000,-1000
057269,鈺齊兆豐98購01  ,0,0,0,0,0,0,0,0,0,-1000,0,0,0,0,1000,-1000,-1000
054900,金寶康和97購01  ,0,0,0,0,0,0,0,0,0,-1000,0,0,0,0,1000,-1000,-1000
058744,FBVIX凱基9C購03 ,0,0,0,0,0,0,0,0,0,-1000,0,0,0,0,1000,-1000,-1000
05880P,創意康和96售01  ,0,0,0,0,0,0,0,0,0,-1000,0,0,0,0,1000,-1000,-1000
055714,智邦元大97購03  ,0,0,0,0,0,0,0,0,0,-1000,0,0,0,1000,2000,-1000,-1000
05662P,景碩元富96售01  ,0,0,0,0,0,0,0,0,0,-1000,0,0,0,3000,4000,-1000,-1000
055599,TPK元大97購01   ,0,0,0,0,0,0,0,0,0,-1000,0,0,0,0,1000,-1000,-1000
05756P,臺股指中信99售05,0,0,0,0,0,0,0,0,0,-1000,0,0,0,0,1000,-1000,-1000
057651,矽力元大98購03  ,0,0,0,0,0,0,0,0,0,-1000,0,0,0,15000,16000,-1000,-1000
056225,聯發科凱基97購09,0,0,0,0,0,0,0,0,0,-1000,0,0,0,0,1000,-1000,-1000
056175,可成元富97購03  ,0,0,0,0,0,0,0,0,0,-1000,0,0,0,9000,10000,-1000,-1000
056722,滬深反中信9B購01,0,0,0,0,0,0,0,0,0,-1000,0,0,0,0,1000,-1000,-1000
055753,貿聯第一98購01  ,0,0,0,0,0,0,0,0,0,-1000,0,0,0,0,1000,-1000,-1000
055074,台虹永豐97購01  ,0,0,0,0,0,0,0,0,0,-1000,0,0,0,0,1000,-1000,-1000
055451,台積電元富97購02,0,0,0,0,0,0,0,0,0,-1000,0,0,0,0,1000,-1000,-1000
055101,台肥凱基97購01  ,0,0,0,0,0,0,0,0,0,-1000,0,0,0,1000,2000,-1000,-1000
9926,新海            ,0,1000,-1000,0,0,0,0,0,0,0,0,0,0,0,0,0,-1000
059485,台灣50兆豐99購02,0,0,0,0,0,0,0,0,0,-2000,0,0,0,523000,525000,-2000,-2000
059475,元石油群益99購02,0,0,0,0,0,0,0,0,0,-2000,0,0,0,32000,34000,-2000,-2000
059470,華新科元大99購16,0,0,0,0,0,0,0,0,0,-2000,0,0,0,14000,16000,-2000,-2000
059596,大立光元大99購20,0,0,0,0,0,0,0,0,0,-2000,0,0,0,0,2000,-2000,-2000
059580,大立光元富99購07,0,0,0,0,0,0,0,0,0,-2000,0,0,0,18000,20000,-2000,-2000
059748,聯發科台新99購03,0,0,0,0,0,0,0,0,0,-2000,0,0,0,10000,12000,-2000,-2000
059973,A50正2元大99購02,0,0,0,0,0,0,0,0,0,-2000,0,0,0,0,2000,-2000,-2000
060042,台積電群益99購12,0,0,0,0,0,0,0,0,0,-2000,0,0,0,7000,9000,-2000,-2000
060120,聯電富邦9B購01  ,0,0,0,0,0,0,0,0,0,-2000,0,0,0,0,2000,-2000,-2000
06005P,晶豪科永豐96售04,0,0,0,0,0,0,0,0,0,-2000,0,0,0,0,2000,-2000,-2000
06599P,宏達電永豐98售02,0,0,0,0,0,0,0,0,0,-2000,0,0,0,0,2000,-2000,-2000
06703P,新日興元富98售02,0,0,0,0,0,0,0,0,0,-2000,0,0,0,0,2000,-2000,-2000
06765P,欣興元大98售11  ,0,0,0,0,0,0,0,0,0,-2000,0,0,0,1000,3000,-2000,-2000
07077P,緯穎凱基99售01  ,0,0,0,0,0,0,0,0,0,-2000,0,0,0,0,2000,-2000,-2000
07123P,鴻海元大99售23  ,0,0,0,0,0,0,0,0,0,-2000,0,0,0,10000,12000,-2000,-2000
06893P,致新元富98售02  ,0,0,0,0,0,0,0,0,0,-2000,0,0,0,0,2000,-2000,-2000
06954P,大立光元富99售01,0,0,0,0,0,0,0,0,0,-2000,0,0,0,5000,7000,-2000,-2000
06943P,致茂元富98售03  ,0,0,0,0,0,0,0,0,0,-2000,0,0,0,0,2000,-2000,-2000
06074P,台積電凱基98售04,0,0,0,0,0,0,0,0,0,-2000,0,0,0,3000,5000,-2000,-2000
060484,聯發科富邦9C購02,0,0,0,0,0,0,0,0,0,-2000,0,0,0,7000,9000,-2000,-2000
060333,金寶康和9A購01  ,0,0,0,0,0,0,0,0,0,-2000,0,0,0,0,2000,-2000,-2000
060279,SP黃豆元大9A購01,0,0,0,0,0,0,0,0,0,-2000,0,0,0,0,2000,-2000,-2000
1587,吉茂            ,0,2000,-2000,0,0,0,0,0,0,0,0,0,0,0,0,0,-2000
1616,億泰            ,0,2000,-2000,0,0,0,0,0,0,0,0,0,0,0,0,0,-2000
1468,昶和            ,0,2000,-2000,0,0,0,0,0,0,0,0,0,0,0,0,0,-2000
2032,新鋼            ,0,2000,-2000,0,0,0,0,0,0,0,0,0,0,0,0,0,-2000
07505P,台勝科元大9A售01,0,0,0,0,0,0,0,0,0,-2000,0,0,0,0,2000,-2000,-2000
1236,宏亞            ,0,2000,-2000,0,0,0,0,0,0,0,0,0,0,0,0,0,-2000
07298P,台灣50元大9C售12,0,0,0,0,0,0,0,0,0,-2000,0,0,0,0,2000,-2000,-2000
07220P,台灣50中信03售05,0,0,0,0,0,0,0,0,0,-2000,0,0,0,44000,46000,-2000,-2000
07181P,臺股指凱基99售23,0,0,0,0,0,0,0,0,0,-2000,0,0,0,0,2000,-2000,-2000
07247P,聯發科凱基9A售06,0,0,0,0,0,0,0,0,0,-2000,0,0,0,0,2000,-2000,-2000
6655,科定            ,0,2000,-2000,0,0,0,0,0,0,0,0,0,0,0,0,0,-2000
6405,悅城            ,1000,3000,-2000,0,0,0,0,0,0,0,0,0,0,0,0,0,-2000
8481,政伸            ,1000,3000,-2000,0,0,0,0,0,0,0,0,0,0,0,0,0,-2000
8488,吉源-KY         ,0,2000,-2000,0,0,0,0,0,0,0,0,0,0,0,0,0,-2000
8467,波力-KY         ,0,2000,-2000,0,0,0,0,0,0,0,0,0,0,0,0,0,-2000
4571,鈞興-KY         ,1000,0,1000,0,0,0,0,0,0,-3000,0,3000,-3000,0,0,0,-2000
4562,穎漢            ,0,2000,-2000,0,0,0,0,0,0,0,0,0,0,0,0,0,-2000
5007,三星            ,7000,9000,-2000,0,0,0,0,0,0,0,0,0,0,0,0,0,-2000
2543,皇昌            ,0,2000,-2000,0,0,0,0,0,0,0,0,0,0,0,0,0,-2000
2496,卓越            ,0,2000,-2000,0,0,0,0,0,0,0,0,0,0,0,0,0,-2000
3701,大眾控          ,0,2000,-2000,0,0,0,0,0,0,0,0,0,0,0,0,0,-2000
3432,台端            ,1000,3000,-2000,0,0,0,0,0,0,0,0,0,0,0,0,0,-2000
046797,T50反1元大96購01,0,0,0,0,0,0,0,0,0,-2000,0,0,0,0,2000,-2000,-2000
020015,統一MSCI美低波N ,0,0,0,0,0,0,0,0,0,-2000,0,0,0,0,2000,-2000,-2000
01004T,土銀富邦R2      ,0,2000,-2000,0,0,0,0,0,0,0,0,0,0,0,0,0,-2000
0054,元大台商50      ,0,0,0,0,0,0,0,0,0,-2000,0,0,0,1000,3000,-2000,-2000
03025X,元展22          ,0,0,0,0,0,0,0,0,0,-2000,0,0,0,0,2000,-2000,-2000
048422,瑞昱元富96購02  ,0,0,0,0,0,0,0,0,0,-2000,0,0,0,124000,126000,-2000,-2000
03896P,長榮航凱基95售01,0,0,0,0,0,0,0,0,0,-2000,0,0,0,0,2000,-2000,-2000
050866,景碩永豐95購01  ,0,0,0,0,0,0,0,0,0,-2000,0,0,0,0,2000,-2000,-2000
054216,聯茂國票97購03  ,0,0,0,0,0,0,0,0,0,-2000,0,0,0,0,2000,-2000,-2000
049611,緯穎兆豐95購02  ,0,0,0,0,0,0,0,0,0,-2000,0,0,0,2000,4000,-2000,-2000
050328,臻鼎永豐94購03  ,0,0,0,0,0,0,0,0,0,-2000,0,0,0,0,2000,-2000,-2000
050184,信邦元大94購01  ,0,0,0,0,0,0,0,0,0,-2000,0,0,0,0,2000,-2000,-2000
05454P,奇鋐群益95售04  ,0,0,0,0,0,0,0,0,0,-2000,0,0,0,0,2000,-2000,-2000
05172P,臺股指元大95售16,0,0,0,0,0,0,0,0,0,-2000,0,0,0,0,2000,-2000,-2000
053107,旺宏兆豐97購01  ,0,0,0,0,0,0,0,0,0,-2000,0,0,0,0,2000,-2000,-2000
05273P,國巨群益95售02  ,0,0,0,0,0,0,0,0,0,-2000,0,0,0,0,2000,-2000,-2000
05471P,聯電統一95售01  ,0,0,0,0,0,0,0,0,0,-2000,0,0,0,0,2000,-2000,-2000
054789,高鐵群益98購01  ,0,0,0,0,0,0,0,0,0,-2000,0,0,0,0,2000,-2000,-2000
058136,景碩元大99購02  ,0,0,0,0,0,0,0,0,0,-2000,0,0,0,8000,10000,-2000,-2000
057760,聯發科凱基98購18,0,0,0,0,0,0,0,0,0,-2000,0,0,0,0,2000,-2000,-2000
054104,T50反1凱基9A購02,0,0,0,0,0,0,0,0,0,-2000,0,0,0,2000,4000,-2000,-2000
055348,旺宏凱基97購01  ,0,0,0,0,0,0,0,0,0,-2000,0,0,0,0,2000,-2000,-2000
05495P,大立光統一95售07,0,0,0,0,0,0,0,0,0,-2000,0,0,0,0,2000,-2000,-2000
05583P,訊芯凱基96售01  ,0,0,0,0,0,0,0,0,0,-2000,0,0,0,0,2000,-2000,-2000
056274,彩晶統一98購02  ,0,0,0,0,0,0,0,0,0,-2000,0,0,0,4000,6000,-2000,-2000
056434,國巨凱基98購03  ,0,0,0,0,0,0,0,0,0,-2000,0,0,0,17000,19000,-2000,-2000
057537,聯茂元大98購04  ,0,0,0,0,0,0,0,0,0,-2000,0,0,0,3000,5000,-2000,-2000
058702,國巨元大99購16  ,0,0,0,0,0,0,0,0,0,-2000,0,0,0,0,2000,-2000,-2000
055704,亞德客永豐97購04,0,0,0,0,0,0,0,0,0,-2000,0,0,0,52000,54000,-2000,-2000
055705,微星永豐97購01  ,0,0,0,0,0,0,0,0,0,-2000,0,0,0,0,2000,-2000,-2000
058883,旭富永豐99購01  ,0,0,0,0,0,0,0,0,0,-2000,0,0,0,61000,63000,-2000,-2000
058245,訊連元大99購01  ,0,0,0,0,0,0,0,0,0,-2000,0,0,0,6000,8000,-2000,-2000
057462,光磊永豐98購02  ,0,0,0,0,0,0,0,0,0,-2000,0,0,0,61000,63000,-2000,-2000
057211,鴻海群益98購05  ,0,0,0,0,0,0,0,0,0,-2000,0,0,0,171000,173000,-2000,-2000
057327,玉晶光群益9A購04,0,0,0,0,0,0,0,0,0,-2000,0,0,0,147000,149000,-2000,-2000
058583,臻鼎群益99購01  ,0,0,0,0,0,0,0,0,0,-2000,0,0,0,1000,3000,-2000,-2000
058318,致茂永豐9A購01  ,0,0,0,0,0,0,0,0,0,-2000,0,0,0,0,2000,-2000,-2000
056777,矽力元大98購02  ,0,0,0,0,0,0,0,0,0,-2000,0,0,0,14000,16000,-2000,-2000
05605P,嘉聯益元大97售02,0,0,0,0,0,0,0,0,0,-2000,0,0,0,0,2000,-2000,-2000
059234,台灣50凱基9C購03,0,0,0,0,0,0,0,0,0,-2000,0,0,0,7000,9000,-2000,-2000
056900,可成元大98購02  ,0,0,0,0,0,0,0,0,0,-2000,0,0,0,1000,3000,-2000,-2000
056971,麗豐永豐98購01  ,0,0,0,0,0,0,0,0,0,-2000,0,0,0,0,2000,-2000,-2000
058631,鈺齊國票9A購01  ,0,0,0,0,0,0,0,0,0,-2000,0,0,0,2000,4000,-2000,-2000
058599,T50反1元大99購05,0,0,0,0,0,0,0,0,0,-2000,0,0,0,0,2000,-2000,-2000
059007,南電元大99購05  ,0,0,0,0,0,0,0,0,0,-2000,0,0,0,2000,4000,-2000,-2000
059054,國巨凱基99購11  ,0,0,0,0,0,0,0,0,0,-2000,0,0,0,14000,16000,-2000,-2000
059145,創意國票99購02  ,0,0,0,0,0,0,0,0,0,-2000,0,0,0,1000,3000,-2000,-2000
059125,台積電第一03購02,0,0,0,0,0,0,0,0,0,-2000,0,0,0,0,2000,-2000,-2000
3494,誠研            ,0,3000,-3000,0,0,0,0,0,0,0,0,0,0,0,0,0,-3000
2904,匯僑            ,8000,11000,-3000,0,0,0,0,0,0,0,0,0,0,0,0,0,-3000
2460,建通            ,1000,4000,-3000,0,0,0,0,0,0,0,0,0,0,0,0,0,-3000
4755,三福化          ,0,3000,-3000,0,0,0,0,0,0,0,0,0,0,0,0,0,-3000
8478,東哥遊艇        ,3000,6000,-3000,0,0,0,0,0,0,0,0,0,0,0,0,0,-3000
8940,新天地          ,0,3000,-3000,0,0,0,0,0,0,0,0,0,0,0,0,0,-3000
07367P,鴻海凱基99售17  ,0,0,0,0,0,0,0,0,0,-3000,0,0,0,0,3000,-3000,-3000
07491P,臺股指國票9A售09,0,0,0,0,0,0,0,0,0,-3000,0,0,0,0,3000,-3000,-3000
08671P,友訊國票01售01  ,0,0,0,0,0,0,0,0,0,-3000,0,0,0,0,3000,-3000,-3000
08679P,台灣50元大01售15,0,0,0,0,0,0,0,0,0,-3000,0,0,0,0,3000,-3000,-3000
2429,銘旺科          ,2000,5000,-3000,0,0,0,0,0,0,0,0,0,0,0,0,0,-3000
2373,震旦行          ,4000,2000,2000,0,0,0,0,0,0,-5000,0,5000,-5000,0,0,0,-3000
1414,東和            ,4000,7000,-3000,0,0,0,0,0,0,0,0,0,0,0,0,0,-3000
1529,樂士            ,0,3000,-3000,0,0,0,0,0,0,0,0,0,0,0,0,0,-3000
1614,三洋電          ,8000,11000,-3000,0,0,0,0,0,0,0,0,0,0,0,0,0,-3000
1735,日勝化          ,0,3000,-3000,0,0,0,0,0,0,0,0,0,0,0,0,0,-3000
060230,台積電元大9A購07,0,0,0,0,0,0,0,0,0,-3000,0,0,0,4000,7000,-3000,-3000
060205,台灣50麥證02購01,0,0,0,0,3000,-3000,0,0,0,-3000,0,0,0,0,3000,-3000,-3000
060371,A50正2元富01購01,0,0,0,0,0,0,0,0,0,-3000,0,0,0,0,3000,-3000,-3000
060447,A50正2元大9A購02,0,0,0,0,0,0,0,0,0,-3000,0,0,0,0,3000,-3000,-3000
06962P,華新科永豐99售01,0,0,0,0,0,0,0,0,0,-3000,0,0,0,10000,13000,-3000,-3000
06736P,新日興凱基98售03,0,0,0,0,0,0,0,0,0,-3000,0,0,0,1000,4000,-3000,-3000
07094P,華通國票9A售03  ,0,0,0,0,0,0,0,0,0,-3000,0,0,0,0,3000,-3000,-3000
06832P,玉晶光凱基98售03,0,0,0,0,0,0,0,0,0,-3000,0,0,0,0,3000,-3000,-3000
06751P,旺宏凱基98售10  ,0,0,0,0,0,0,0,0,0,-3000,0,0,0,0,3000,-3000,-3000
06640P,國巨兆豐99售02  ,0,0,0,0,0,0,0,0,0,-3000,0,0,0,0,3000,-3000,-3000
06426P,T50正2元大9B售01,0,0,0,0,0,0,0,0,0,-3000,0,0,0,0,3000,-3000,-3000
06274P,臺股指凱基97售06,0,0,0,0,0,0,0,0,0,-3000,0,0,0,0,3000,-3000,-3000
06568P,國巨永豐98售05  ,0,0,0,0,0,0,0,0,0,-3000,0,0,0,0,3000,-3000,-3000
06518P,奇力新兆豐99售01,0,0,0,0,0,0,0,0,0,-3000,0,0,0,0,3000,-3000,-3000
06498P,臺股指元大9A售03,0,0,0,0,0,0,0,0,0,-3000,0,0,0,0,3000,-3000,-3000
059993,上銀元富99購01  ,0,0,0,0,0,0,0,0,0,-3000,0,0,0,16000,19000,-3000,-3000
059892,台灣50台新9A購02,0,0,0,0,0,0,0,0,0,-3000,0,0,0,12000,15000,-3000,-3000
059667,矽力元大99購01  ,0,0,0,0,0,0,0,0,0,-3000,0,0,0,5000,8000,-3000,-3000
059655,T50反1元大99購10,0,0,0,0,0,0,0,0,0,-3000,0,0,0,0,3000,-3000,-3000
059697,上証2X凱基9A購03,0,0,0,0,0,0,0,0,0,-3000,0,0,0,2000,5000,-3000,-3000
059635,華新科凱基9A購06,0,0,0,0,0,0,0,0,0,-3000,0,0,0,214000,217000,-3000,-3000
059625,國巨凱基99購17  ,0,0,0,0,0,0,0,0,0,-3000,0,0,0,21000,24000,-3000,-3000
053523,T50反1中信9A購01,0,0,0,0,0,0,0,0,0,-3000,0,0,0,0,3000,-3000,-3000
057766,矽力凱基98購03  ,0,0,0,0,0,0,0,0,0,-3000,0,0,0,30000,33000,-3000,-3000
057809,英業達元大98購01,0,0,0,0,0,0,0,0,0,-3000,0,0,0,0,3000,-3000,-3000
05647P,聯發科國票97售02,0,0,0,0,0,0,0,0,0,-3000,0,0,0,5000,8000,-3000,-3000
057962,超眾元大99購03  ,0,0,0,0,0,0,0,0,0,-3000,0,0,0,2000,5000,-3000,-3000
052760,盟立群益96購01  ,0,0,0,0,0,0,0,0,0,-3000,0,0,0,0,3000,-3000,-3000
053113,瀚宇博兆豐97購01,0,0,0,0,0,0,0,0,0,-3000,0,0,0,330000,333000,-3000,-3000
048793,超眾元大95購02  ,0,0,0,0,0,0,0,0,0,-3000,0,0,0,100000,103000,-3000,-3000
04958P,和大凱基94售04  ,0,0,0,0,0,0,0,0,0,-3000,0,0,0,0,3000,-3000,-3000
04047P,華邦電元大94售03,0,0,0,0,0,0,0,0,0,-3000,0,0,0,0,3000,-3000,-3000
051281,健策兆豐96購01  ,0,0,0,0,0,0,0,0,0,-3000,0,0,0,12000,15000,-3000,-3000
03022X,富展01          ,0,0,0,0,0,0,0,0,0,-3000,0,0,0,1000,4000,-3000,-3000
04751P,智邦兆豐95售02  ,0,0,0,0,0,0,0,0,0,-3000,0,0,0,0,3000,-3000,-3000
006203,元大MSCI台灣    ,0,0,0,0,0,0,0,0,0,-3000,0,0,0,1000,4000,-3000,-3000
006206,元大上證50      ,3000,129000,-126000,0,0,0,0,0,0,123000,0,0,0,239000,116000,123000,-3000
059151,臺股指國票99購14,0,0,0,0,0,0,0,0,0,-3000,0,0,0,235000,238000,-3000,-3000
059140,大立光兆豐9A購02,0,0,0,0,0,0,0,0,0,-3000,0,0,0,3000,6000,-3000,-3000
056907,群創元大9C購04  ,0,0,0,0,0,0,0,0,0,-3000,0,0,0,0,3000,-3000,-3000
055954,南港元大97購02  ,0,0,0,0,0,0,0,0,0,-3000,0,0,0,0,3000,-3000,-3000
055916,奇鋐凱基99購01  ,0,0,0,0,0,0,0,0,0,-3000,0,0,0,0,3000,-3000,-3000
059363,超眾永豐99購02  ,0,0,0,0,0,0,0,0,0,-3000,0,0,0,27000,30000,-3000,-3000
059436,大立光元大99購18,0,0,0,0,0,0,0,0,0,-3000,0,0,0,0,3000,-3000,-3000
056051,T50反1元大97購05,0,0,0,0,0,0,0,0,0,-3000,0,0,0,17000,20000,-3000,-3000
055982,T50反1元富97購01,0,0,0,0,0,0,0,0,0,-3000,0,0,0,0,3000,-3000,-3000
057260,微星兆豐98購01  ,0,0,0,0,0,0,0,0,0,-3000,0,0,0,0,3000,-3000,-3000
056668,光磊國票99購01  ,0,0,0,0,0,0,0,0,0,-3000,0,0,0,38000,41000,-3000,-3000
057626,技嘉富邦9A購01  ,0,0,0,0,0,0,0,0,0,-3000,0,0,0,71000,74000,-3000,-3000
056265,國泰金統一97購01,0,0,0,0,0,0,0,0,0,-3000,0,0,0,0,3000,-3000,-3000
055471,聯發科凱基97購04,0,0,0,0,0,0,0,0,0,-3000,0,0,0,2000,5000,-3000,-3000
055351,聯發科凱基97購03,0,0,0,0,0,0,0,0,0,-3000,0,0,0,1000,4000,-3000,-3000
055245,凱美統一99購01  ,0,0,0,0,0,0,0,0,0,-3000,0,0,0,0,3000,-3000,-3000
059616,滬深2X群益01購04,0,0,0,0,0,0,0,0,0,-4000,0,0,0,0,4000,-4000,-4000
059752,國巨群益9B購01  ,0,0,0,0,0,0,0,0,0,-4000,0,0,0,8000,12000,-4000,-4000
059768,上証2X群益9C購02,0,0,0,0,0,0,0,0,0,-4000,0,0,0,2000,6000,-4000,-4000
060065,大立光兆豐9B購01,0,0,0,0,0,0,0,0,0,-4000,0,0,0,16000,20000,-4000,-4000
06309P,光罩元富97售03  ,0,0,0,0,0,0,0,0,0,-4000,0,0,0,0,4000,-4000,-4000
06424P,大成鋼永豐97售01,0,0,0,0,0,0,0,0,0,-4000,0,0,0,0,4000,-4000,-4000
06624P,訊芯元大98售06  ,0,0,0,0,0,0,0,0,0,-4000,0,0,0,10000,14000,-4000,-4000
07050P,宏達電中信9B售01,0,0,0,0,0,0,0,0,0,-4000,0,0,0,14000,18000,-4000,-4000
07125P,台積電元大99售22,0,0,0,0,0,0,0,0,0,-4000,0,0,0,0,4000,-4000,-4000
06975P,臺股指元大9A售13,0,0,0,0,0,0,0,0,0,-4000,0,0,0,0,4000,-4000,-4000
06094P,台達電中信97售01,0,0,0,0,0,0,0,0,0,-4000,0,0,0,0,4000,-4000,-4000
1725,元禎            ,0,4000,-4000,0,0,0,0,0,0,0,0,0,0,0,0,0,-4000
1110,東泥            ,0,4000,-4000,0,0,0,0,0,0,0,0,0,0,0,0,0,-4000
1233,天仁            ,2000,6000,-4000,0,0,0,0,0,0,0,0,0,0,0,0,0,-4000
07313P,台灣50元大99售11,0,0,0,0,0,0,0,0,0,-4000,0,0,0,0,4000,-4000,-4000
07263P,台積電元大99售37,0,0,0,0,0,0,0,0,0,-4000,0,0,0,0,4000,-4000,-4000
8443,阿瘦            ,2000,6000,-4000,0,0,0,0,0,0,0,0,0,0,0,0,0,-4000
8427,基勝-KY         ,0,4000,-4000,0,0,0,0,0,0,0,0,0,0,0,0,0,-4000
8222,寶一            ,0,4000,-4000,0,0,0,0,0,0,0,0,0,0,0,0,0,-4000
8131,福懋科          ,152000,164000,-12000,0,0,0,10000,0,10000,-2000,0,17000,-17000,21000,6000,15000,-4000
6243,迅杰            ,3000,7000,-4000,0,0,0,0,0,0,0,0,0,0,0,0,0,-4000
6442,光聖            ,0,4000,-4000,0,0,0,0,0,0,0,0,0,0,0,0,0,-4000
6641,基士德-KY       ,1000,5000,-4000,0,0,0,0,0,0,0,0,0,0,0,0,0,-4000
6184,大豐電          ,16000,20000,-4000,0,0,0,0,0,0,0,0,0,0,0,0,0,-4000
6201,亞弘電          ,1000,5000,-4000,0,0,0,0,0,0,0,0,0,0,0,0,0,-4000
2630,亞航            ,0,4000,-4000,0,0,0,0,0,0,0,0,0,0,0,0,0,-4000
4137,麗豐-KY         ,128000,134000,-6000,0,0,0,1000,0,1000,1000,0,8000,-8000,10000,1000,9000,-4000
03049X,元展46          ,0,0,0,0,0,0,0,0,0,-4000,0,0,0,0,4000,-4000,-4000
051160,亞德客元大95購02,0,0,0,0,0,0,0,0,0,-4000,0,0,0,50000,54000,-4000,-4000
048785,台積電元大96購01,0,0,0,0,0,0,0,0,0,-4000,0,0,0,2000,6000,-4000,-4000
044105,聯詠中信95購01  ,0,0,0,0,0,0,0,0,0,-4000,0,0,0,18000,22000,-4000,-4000
052978,貿聯麥證97購01  ,0,0,0,0,4000,-4000,0,0,0,-4000,0,0,0,0,4000,-4000,-4000
05316P,台積電永昌96售06,0,0,0,0,0,0,0,0,0,-4000,0,0,0,0,4000,-4000,-4000
05459P,聯詠凱基95售03  ,0,0,0,0,0,0,0,0,0,-4000,0,0,0,7000,11000,-4000,-4000
053005,微星永豐96購01  ,0,0,0,0,0,0,0,0,0,-4000,0,0,0,0,4000,-4000,-4000
052658,友達元富9C購01  ,0,0,0,0,0,0,0,0,0,-4000,0,0,0,0,4000,-4000,-4000
05230P,京元電群益95售01,0,0,0,0,0,0,0,0,0,-4000,0,0,0,0,4000,-4000,-4000
053489,上銀兆豐97購01  ,0,0,0,0,0,0,0,0,0,-4000,0,0,0,6000,10000,-4000,-4000
053431,志超永豐96購01  ,0,0,0,0,0,0,0,0,0,-4000,0,0,0,55000,59000,-4000,-4000
054003,鴻海統一96購13  ,0,0,0,0,0,0,0,0,0,-4000,0,0,0,75000,79000,-4000,-4000
053748,燿華永豐96購04  ,0,0,0,0,0,0,0,0,0,-4000,0,0,0,5000,9000,-4000,-4000
058468,聯茂中信99購02  ,0,0,0,0,0,0,0,0,0,-4000,0,0,0,16000,20000,-4000,-4000
05549P,臺股指元大96售03,0,0,0,0,0,0,0,0,0,-4000,0,0,0,0,4000,-4000,-4000
056337,聯發科凱基98購06,0,0,0,0,0,0,0,0,0,-4000,0,0,0,0,4000,-4000,-4000
056737,國巨凱基9A購01  ,0,0,0,0,0,0,0,0,0,-4000,0,0,0,2000,6000,-4000,-4000
055559,大立光凱基97購09,0,0,0,0,0,0,0,0,0,-4000,0,0,0,0,4000,-4000,-4000
057289,力成元大98購03  ,0,0,0,0,0,0,0,0,0,-4000,0,0,0,0,4000,-4000,-4000
05744P,台表科元大96售04,0,0,0,0,0,0,0,0,0,-4000,0,0,0,0,4000,-4000,-4000
057024,義隆凱基99購01  ,0,0,0,0,0,0,0,0,0,-4000,0,0,0,38000,42000,-4000,-4000
057647,欣興元大98購10  ,0,0,0,0,0,0,0,0,0,-4000,0,0,0,17000,21000,-4000,-4000
057158,義隆永豐99購01  ,0,0,0,0,0,0,0,0,0,-4000,0,0,0,0,4000,-4000,-4000
059442,祥碩元大99購03  ,0,0,0,0,0,0,0,0,0,-4000,0,0,0,310000,314000,-4000,-4000
059321,欣興元大99購07  ,0,0,0,0,0,0,0,0,0,-4000,0,0,0,8000,12000,-4000,-4000
059318,旺宏元大99購13  ,0,0,0,0,0,0,0,0,0,-4000,0,0,0,41000,45000,-4000,-4000
059260,國巨中信99購05  ,0,0,0,0,0,0,0,0,0,-4000,0,0,0,40000,44000,-4000,-4000
055904,貿聯亞東99購01  ,0,0,0,0,0,0,0,0,0,-4000,0,0,0,72000,76000,-4000,-4000
6671,三能-KY         ,1000,6000,-5000,0,0,0,0,0,0,0,0,0,0,0,0,0,-5000
07243P,台灣50凱基9A售04,0,0,0,0,0,0,0,0,0,-5000,0,0,0,0,5000,-5000,-5000
07201P,臺股指元大99售17,0,0,0,0,0,0,0,0,0,-5000,0,0,0,0,5000,-5000,-5000
07350P,台灣50國票99售11,0,0,0,0,0,0,0,0,0,-5000,0,0,0,5000,10000,-5000,-5000
07493P,台灣50元大9A售10,0,0,0,0,0,0,0,0,0,-5000,0,0,0,0,5000,-5000,-5000
07499P,台積電元大9A售12,0,0,0,0,0,0,0,0,0,-5000,0,0,0,0,5000,-5000,-5000
07441P,臺股指麥證9B售03,0,0,0,0,5000,-5000,0,0,0,-5000,0,0,0,0,5000,-5000,-5000
07377P,聯發科元大99售40,0,0,0,0,0,0,0,0,0,-5000,0,0,0,0,5000,-5000,-5000
1724,台硝            ,0,5000,-5000,0,0,0,0,0,0,0,0,0,0,0,0,0,-5000
1713,國化            ,0,5000,-5000,0,0,0,0,0,0,0,0,0,0,0,0,0,-5000
1435,中福            ,0,5000,-5000,0,0,0,0,0,0,0,0,0,0,0,0,0,-5000
06160P,台達電群益97售01,0,0,0,0,0,0,0,0,0,-5000,0,0,0,10000,15000,-5000,-5000
06254P,臺股指群益97售07,0,0,0,0,0,0,0,0,0,-5000,0,0,0,0,5000,-5000,-5000
060429,南六永豐9A購01  ,0,0,0,0,0,0,0,0,0,-5000,0,0,0,0,5000,-5000,-5000
060445,S&P反1元大9A購04,0,0,0,0,0,0,0,0,0,-5000,0,0,0,0,5000,-5000,-5000
060424,中租永豐9A購01  ,0,0,0,0,0,0,0,0,0,-5000,0,0,0,0,5000,-5000,-5000
060322,卜蜂群益9A購01  ,0,0,0,0,0,0,0,0,0,-5000,0,0,0,0,5000,-5000,-5000
060292,聯詠元大9A購01  ,0,0,0,0,0,0,0,0,0,-5000,0,0,0,121000,126000,-5000,-5000
07001P,國巨元大99售12  ,0,0,0,0,0,0,0,0,0,-5000,0,0,0,10000,15000,-5000,-5000
07161P,臺股指群益99售12,0,0,0,0,0,0,0,0,0,-5000,0,0,0,5000,10000,-5000,-5000
07053P,台灣50兆豐01售01,0,0,0,0,0,0,0,0,0,-5000,0,0,0,0,5000,-5000,-5000
06804P,臺股指群益98售10,0,0,0,0,0,0,0,0,0,-5000,0,0,0,6000,11000,-5000,-5000
06371P,茂林國票98售04  ,0,0,0,0,0,0,0,0,0,-5000,0,0,0,67000,72000,-5000,-5000
06223P,漢唐元富97售02  ,0,0,0,0,0,0,0,0,0,-5000,0,0,0,0,5000,-5000,-5000
06448P,華通元大99售01  ,0,0,0,0,0,0,0,0,0,-5000,0,0,0,0,5000,-5000,-5000
060061,旺宏兆豐99購02  ,0,0,0,0,0,0,0,0,0,-5000,0,0,0,64000,69000,-5000,-5000
060082,臺指反元大9C購06,0,0,0,0,0,0,0,0,0,-5000,0,0,0,0,5000,-5000,-5000
059962,S&P正2凱基99購02,0,0,0,0,0,0,0,0,0,-5000,0,0,0,2000,7000,-5000,-5000
059896,T50反1元大99購13,0,0,0,0,0,0,0,0,0,-5000,0,0,0,0,5000,-5000,-5000
059824,大立光凱基99購13,0,0,0,0,0,0,0,0,0,-5000,0,0,0,0,5000,-5000,-5000
059703,旺宏凱基99購11  ,0,0,0,0,0,0,0,0,0,-5000,0,0,0,0,5000,-5000,-5000
059735,T50反1元富99購06,0,0,0,0,0,0,0,0,0,-5000,0,0,0,0,5000,-5000,-5000
059552,台灣50凱基99購04,0,0,0,0,0,0,0,0,0,-5000,0,0,0,15000,20000,-5000,-5000
059502,台灣50台新9B購04,0,0,0,0,0,0,0,0,0,-5000,0,0,0,15000,20000,-5000,-5000
059541,T50正2康和99購01,0,0,0,0,0,0,0,0,0,-5000,0,0,0,15000,20000,-5000,-5000
059537,大立光凱基99購09,0,0,0,0,0,0,0,0,0,-5000,0,0,0,0,5000,-5000,-5000
054111,緯穎凱基97購01  ,0,0,0,0,0,0,0,0,0,-5000,0,0,0,22000,27000,-5000,-5000
052049,緯創凱基97購01  ,0,0,0,0,0,0,0,0,0,-5000,0,0,0,0,5000,-5000,-5000
057997,旺宏第一9C購01  ,0,0,0,0,0,0,0,0,0,-5000,0,0,0,0,5000,-5000,-5000
053348,彩晶國票97購02  ,0,0,0,0,0,0,0,0,0,-5000,0,0,0,0,5000,-5000,-5000
053303,建準凱基96購03  ,0,0,0,0,0,0,0,0,0,-5000,0,0,0,0,5000,-5000,-5000
052488,旺宏國票96購03  ,0,0,0,0,0,0,0,0,0,-5000,0,0,0,0,5000,-5000,-5000
052418,玉晶光兆豐96購01,0,0,0,0,0,0,0,0,0,-5000,0,0,0,0,5000,-5000,-5000
053683,上証2X元大96購03,0,0,0,0,0,0,0,0,0,-5000,0,0,0,0,5000,-5000,-5000
053184,世紀鋼元富96購01,0,0,0,0,0,0,0,0,0,-5000,0,0,0,0,5000,-5000,-5000
051902,T50反1元大97購01,0,0,0,0,0,0,0,0,0,-5000,0,0,0,45000,50000,-5000,-5000
054399,智易永豐96購03  ,0,0,0,0,0,0,0,0,0,-5000,0,0,0,0,5000,-5000,-5000
05445P,聯詠元大95售05  ,0,0,0,0,0,0,0,0,0,-5000,0,0,0,0,5000,-5000,-5000
05416P,喬山永豐95售04  ,0,0,0,0,0,0,0,0,0,-5000,0,0,0,0,5000,-5000,-5000
050024,旺宏元大94購09  ,0,0,0,0,0,0,0,0,0,-5000,0,0,0,0,5000,-5000,-5000
052874,超眾凱基96購01  ,0,0,0,0,0,0,0,0,0,-5000,0,0,0,0,5000,-5000,-5000
050641,上証反凱基96購01,0,0,0,0,0,0,0,0,0,-5000,0,0,0,0,5000,-5000,-5000
04904P,奇力新永豐94售05,0,0,0,0,0,0,0,0,0,-5000,0,0,0,0,5000,-5000,-5000
05153P,台表科群益96售01,0,0,0,0,0,0,0,0,0,-5000,0,0,0,0,5000,-5000,-5000
050210,華新科國票94購08,0,0,0,0,0,0,0,0,0,-5000,0,0,0,0,5000,-5000,-5000
050223,聯茂元富94購02  ,0,0,0,0,0,0,0,0,0,-5000,0,0,0,0,5000,-5000,-5000
051614,元金2X凱基97購01,0,0,0,0,0,0,0,0,0,-5000,0,0,0,17000,22000,-5000,-5000
04592P,台積電元大94售10,0,0,0,0,0,0,0,0,0,-5000,0,0,0,0,5000,-5000,-5000
04632P,台積電群益94售11,0,0,0,0,0,0,0,0,0,-5000,0,0,0,0,5000,-5000,-5000
03650C,T50反1元大98牛05,0,0,0,0,0,0,0,0,0,-5000,0,0,0,5000,10000,-5000,-5000
00666R,富邦恒生國企反1 ,0,0,0,0,0,0,0,0,0,-5000,0,0,0,81000,86000,-5000,-5000
01002T,土銀國泰R1      ,0,5000,-5000,0,0,0,0,0,0,0,0,0,0,0,0,0,-5000
03010X,元展10          ,0,0,0,0,0,0,0,0,0,-5000,0,0,0,1000,6000,-5000,-5000
059329,台灣50國票99購09,0,0,0,0,0,0,0,0,0,-5000,0,0,0,0,5000,-5000,-5000
05921P,同欣電元大96售06,0,0,0,0,0,0,0,0,0,-5000,0,0,0,45000,50000,-5000,-5000
059211,鴻海元大99購27  ,0,0,0,0,0,0,0,0,0,-5000,0,0,0,1000,6000,-5000,-5000
059426,鴻海元大99購31  ,0,0,0,0,0,0,0,0,0,-5000,0,0,0,11000,16000,-5000,-5000
058310,大立光元大99購10,0,0,0,0,0,0,0,0,0,-5000,0,0,0,0,5000,-5000,-5000
058579,聯發科群益99購04,0,0,0,0,0,0,0,0,0,-5000,0,0,0,9000,14000,-5000,-5000
058549,藍天永豐99購01  ,0,0,0,0,0,0,0,0,0,-5000,0,0,0,0,5000,-5000,-5000
056809,旺宏統一98購03  ,0,0,0,0,0,0,0,0,0,-5000,0,0,0,158000,163000,-5000,-5000
056994,緯穎兆豐98購02  ,0,0,0,0,0,0,0,0,0,-5000,0,0,0,0,5000,-5000,-5000
057342,玉晶光台新98購01,0,0,0,0,0,0,0,0,0,-5000,0,0,0,0,5000,-5000,-5000
057324,億光群益98購01  ,0,0,0,0,0,0,0,0,0,-5000,0,0,0,70000,75000,-5000,-5000
056513,臻鼎亞東99購01  ,0,0,0,0,0,0,0,0,0,-5000,0,0,0,0,5000,-5000,-5000
05660P,玉晶光第一96售01,0,0,0,0,0,0,0,0,0,-5000,0,0,0,0,5000,-5000,-5000
058712,鴻海統一9B購03  ,0,5000,-5000,0,0,0,0,0,0,0,0,0,0,45000,45000,0,-5000
055726,台表科元大98購03,0,0,0,0,0,0,0,0,0,-5000,0,0,0,7000,12000,-5000,-5000
058949,上銀群益99購02  ,0,0,0,0,0,0,0,0,0,-5000,0,0,0,0,5000,-5000,-5000
056141,聯茂元大97購05  ,0,0,0,0,0,0,0,0,0,-5000,0,0,0,4000,9000,-5000,-5000
056192,智邦富邦98購01  ,0,0,0,0,0,0,0,0,0,-5000,0,0,0,0,5000,-5000,-5000
055472,大立光凱基97購07,0,0,0,0,0,0,0,0,0,-5000,0,0,0,0,5000,-5000,-5000
05522P,友達元富96售02  ,0,0,0,0,0,0,0,0,0,-5000,0,0,0,0,5000,-5000,-5000
6213,聯茂            ,539000,600108,-61108,0,0,0,260000,373000,-113000,169079,464416,246337,218079,20000,69000,-49000,-5029
8341,日友            ,72050,72000,50,0,0,0,0,0,0,-6000,0,6000,-6000,0,0,0,-5950
4912,聯德控股-KY     ,18000,24000,-6000,0,0,0,0,0,0,0,0,0,0,0,0,0,-6000
3032,偉訓            ,22000,28000,-6000,0,0,0,0,0,0,0,0,0,0,0,0,0,-6000
3167,大量            ,4000,10000,-6000,0,0,0,0,0,0,0,0,0,0,0,0,0,-6000
3094,聯傑            ,32000,37000,-5000,0,0,0,0,0,0,-1000,0,1000,-1000,0,0,0,-6000
2704,國賓            ,5000,11000,-6000,0,0,0,0,0,0,0,0,0,0,0,0,0,-6000
2462,良得電          ,8000,14000,-6000,0,0,0,0,0,0,0,0,0,0,0,0,0,-6000
2539,櫻花建          ,30000,32000,-2000,0,0,0,0,0,0,-4000,0,4000,-4000,0,0,0,-6000
1337,再生-KY         ,21000,27000,-6000,0,0,0,0,0,0,0,0,0,0,0,0,0,-6000
1615,大山            ,6000,12000,-6000,0,0,0,0,0,0,0,0,0,0,0,0,0,-6000
2397,友通            ,12000,18000,-6000,0,0,0,0,0,0,0,0,0,0,0,0,0,-6000
07388P,臺股指群益9C售07,0,0,0,0,0,0,0,0,0,-6000,0,0,0,5000,11000,-6000,-6000
07261P,台灣50元大9A售04,0,0,0,0,0,0,0,0,0,-6000,0,0,0,112000,118000,-6000,-6000
059600,緯穎元大99購07  ,0,0,0,0,0,0,0,0,0,-6000,0,0,0,0,6000,-6000,-6000
059726,華新科元大99購18,0,0,0,0,0,0,0,0,0,-6000,0,0,0,33000,39000,-6000,-6000
05973P,聯詠元大96售06  ,0,0,0,0,0,0,0,0,0,-6000,0,0,0,0,6000,-6000,-6000
059980,台積電元大99購50,0,0,0,0,0,0,0,0,0,-6000,0,0,0,3000,9000,-6000,-6000
06653P,美食元大98售02  ,0,0,0,0,0,0,0,0,0,-6000,0,0,0,35000,41000,-6000,-6000
07057P,大立光康和9B售02,0,0,0,0,0,0,0,0,0,-6000,0,0,0,20000,26000,-6000,-6000
07039P,南電台新99售01  ,0,0,0,0,0,0,0,0,0,-6000,0,0,0,0,6000,-6000,-6000
060427,聯茂永豐9A購01  ,0,0,0,0,0,0,0,0,0,-6000,0,0,0,0,6000,-6000,-6000
060468,聯鈞元大9A購02  ,0,0,0,0,0,0,0,0,0,-6000,0,0,0,27000,33000,-6000,-6000
03821P,上海銀統一95售01,0,0,0,0,0,0,0,0,0,-6000,0,0,0,0,6000,-6000,-6000
049251,國巨元大95購02  ,48000,0,48000,0,0,0,0,0,0,-54000,0,0,0,119000,173000,-54000,-6000
050322,世紀鋼國票95購01,0,0,0,0,0,0,0,0,0,-6000,0,0,0,52000,58000,-6000,-6000
054306,聯發科凱基96購23,0,0,0,0,0,0,0,0,0,-6000,0,0,0,3000,9000,-6000,-6000
052664,麗豐國票96購02  ,0,0,0,0,0,0,0,0,0,-6000,0,0,0,0,6000,-6000,-6000
052625,南電亞東97購01  ,0,0,0,0,0,0,0,0,0,-6000,0,0,0,2000,8000,-6000,-6000
053320,華新科群益97購01,0,0,0,0,0,0,0,0,0,-6000,0,0,0,0,6000,-6000,-6000
054731,S&P反1凱基98購01,0,0,0,0,0,0,0,0,0,-6000,0,0,0,0,6000,-6000,-6000
057933,聯發科群益98購06,0,0,0,0,0,0,0,0,0,-6000,0,0,0,23000,29000,-6000,-6000
058188,華擎永豐99購01  ,0,0,0,0,0,0,0,0,0,-6000,0,0,0,40000,46000,-6000,-6000
052115,T50反1國票95購03,0,0,0,0,0,0,0,0,0,-6000,0,0,0,0,6000,-6000,-6000
053712,台光電凱基96購04,0,0,0,0,0,0,0,0,0,-6000,0,0,0,10000,16000,-6000,-6000
05498P,友達元富95售02  ,0,0,0,0,0,0,0,0,0,-6000,0,0,0,0,6000,-6000,-6000
056342,中工凱基98購01  ,0,0,0,0,0,0,0,0,0,-6000,0,0,0,0,6000,-6000,-6000
056776,聯茂元大99購01  ,0,0,0,0,0,0,0,0,0,-6000,0,0,0,6000,12000,-6000,-6000
058773,和碩兆豐99購01  ,0,0,0,0,0,0,0,0,0,-6000,0,0,0,3000,9000,-6000,-6000
058714,美律統一9B購01  ,0,0,0,0,0,0,0,0,0,-6000,0,0,0,12000,18000,-6000,-6000
058034,神達永豐98購02  ,0,0,0,0,0,0,0,0,0,-6000,0,0,0,0,6000,-6000,-6000
056079,世紀鋼元大97購02,0,0,0,0,0,0,0,0,0,-6000,0,0,0,14000,20000,-6000,-6000
058389,聯茂國票9A購01  ,0,0,0,0,0,0,0,0,0,-6000,0,0,0,10000,16000,-6000,-6000
059385,滬深2X凱基9C購03,0,0,0,0,0,0,0,0,0,-6000,0,0,0,0,6000,-6000,-6000
059011,臺股指元大9A購30,0,0,0,0,0,0,0,0,0,-6000,0,0,0,0,6000,-6000,-6000
060477,和潤元大9A購01  ,0,0,0,0,0,0,0,0,0,-7000,0,0,0,0,7000,-7000,-7000
060349,上証2X元富9A購04,0,0,0,0,0,0,0,0,0,-7000,0,0,0,0,7000,-7000,-7000
06018P,康控凱基96售03  ,0,0,0,0,0,0,0,0,0,-7000,0,0,0,0,7000,-7000,-7000
06860P,台灣50兆豐98售01,0,0,0,0,0,0,0,0,0,-7000,0,0,0,3000,10000,-7000,-7000
06821P,臺股指元富98售10,0,0,0,0,0,0,0,0,0,-7000,0,0,0,0,7000,-7000,-7000
06783P,亞光元大98售03  ,0,0,0,0,0,0,0,0,0,-7000,0,0,0,0,7000,-7000,-7000
06304P,臺股指元大97售10,0,0,0,0,0,0,0,0,0,-7000,0,0,0,0,7000,-7000,-7000
060074,台積電元富99購04,0,0,0,0,0,0,0,0,0,-7000,0,0,0,0,7000,-7000,-7000
059754,訊芯群益9A購01  ,0,0,0,0,0,0,0,0,0,-7000,0,0,0,170000,177000,-7000,-7000
059785,美律元大9A購03  ,0,0,0,0,0,0,0,0,0,-7000,0,0,0,35000,42000,-7000,-7000
059605,臺股指元大9A購42,0,0,0,0,0,0,0,0,0,-7000,0,0,0,2000,9000,-7000,-7000
059551,T50正2康和99購02,0,0,0,0,0,0,0,0,0,-7000,0,0,0,3000,10000,-7000,-7000
059487,聯發科兆豐99購03,0,0,0,0,0,0,0,0,0,-7000,0,0,0,0,7000,-7000,-7000
07267P,臺股指元大99售23,0,0,0,0,0,0,0,0,0,-7000,0,0,0,0,7000,-7000,-7000
07428P,華新科國票9A售01,0,0,0,0,0,0,0,0,0,-7000,0,0,0,0,7000,-7000,-7000
07482P,南亞科元富9A售04,0,0,0,0,0,0,0,0,0,-7000,0,0,0,0,7000,-7000,-7000
1321,大洋            ,34000,41000,-7000,0,0,0,0,0,0,0,0,0,0,0,0,0,-7000
2509,全坤建          ,13000,20000,-7000,0,0,0,0,0,0,0,0,0,0,0,0,0,-7000
6216,居易            ,9000,16000,-7000,0,0,0,0,0,0,0,0,0,0,0,0,0,-7000
053735,矽力中信97購01  ,0,0,0,0,0,0,0,0,0,-7000,0,0,0,0,7000,-7000,-7000
053428,中磊永豐96購02  ,0,0,0,0,0,0,0,0,0,-7000,0,0,0,61000,68000,-7000,-7000
057832,聯發科元富02購05,0,0,0,0,0,0,0,0,0,-7000,0,0,0,9000,16000,-7000,-7000
058234,華新科元大99購12,0,0,0,0,0,0,0,0,0,-7000,0,0,0,4000,11000,-7000,-7000
057963,緯穎元大98購08  ,0,0,0,0,0,0,0,0,0,-7000,0,0,0,18000,25000,-7000,-7000
05341P,臺股指兆豐95售02,0,0,0,0,0,0,0,0,0,-7000,0,0,0,3000,10000,-7000,-7000
053424,欣興永豐96購02  ,0,0,0,0,0,0,0,0,0,-7000,0,0,0,25000,32000,-7000,-7000
051953,矽力元富95購03  ,0,0,0,0,0,0,0,0,0,-7000,0,0,0,3000,10000,-7000,-7000
051769,矽力元大95購01  ,0,0,0,0,0,0,0,0,0,-7000,0,0,0,0,7000,-7000,-7000
054210,台光電國票97購03,0,0,0,0,0,0,0,0,0,-7000,0,0,0,2000,9000,-7000,-7000
052886,世紀鋼兆豐96購01,0,0,0,0,0,0,0,0,0,-7000,0,0,0,0,7000,-7000,-7000
051572,上銀元大95購01  ,0,0,0,0,0,0,0,0,0,-7000,0,0,0,0,7000,-7000,-7000
03829P,元大金中信95售01,0,0,0,0,0,0,0,0,0,-7000,0,0,0,0,7000,-7000,-7000
03430B,臺股指元大9B熊01,0,0,0,0,0,0,0,0,0,-7000,0,0,0,0,7000,-7000,-7000
03437B,臺股指元富9C熊01,0,0,0,0,0,0,0,0,0,-7000,0,0,0,3000,10000,-7000,-7000
058632,世紀鋼國票9A購01,0,0,0,0,0,0,0,0,0,-7000,0,0,0,0,7000,-7000,-7000
059117,禾伸堂永豐99購01,0,0,0,0,0,0,0,0,0,-7000,0,0,0,61000,68000,-7000,-7000
059090,台新金元大99購01,0,0,0,0,0,0,0,0,0,-7000,0,0,0,14000,21000,-7000,-7000
059275,可成元大99購05  ,0,0,0,0,0,0,0,0,0,-7000,0,0,0,13000,20000,-7000,-7000
057386,聯發科永豐98購04,0,0,0,0,0,0,0,0,0,-7000,0,0,0,9000,16000,-7000,-7000
057490,可成元大98購10  ,0,0,0,0,0,0,0,0,0,-7000,0,0,0,0,7000,-7000,-7000
058455,玉晶光永豐99購03,0,0,0,0,0,0,0,0,0,-7000,0,0,0,36000,43000,-7000,-7000
055586,旺宏元大98購06  ,0,0,0,0,0,0,0,0,0,-7000,0,0,0,48000,55000,-7000,-7000
05755P,臺股指中信99售04,0,0,0,0,0,0,0,0,0,-7000,0,0,0,0,7000,-7000,-7000
056179,康友元富97購02  ,0,0,0,0,0,0,0,0,0,-7000,0,0,0,8000,15000,-7000,-7000
2360,致茂            ,838907,805000,33907,0,0,0,0,40000,-40000,-1000,43000,53000,-10000,9000,0,9000,-7093
2425,承啟            ,320000,328000,-8000,0,0,0,0,0,0,0,0,0,0,0,0,0,-8000
1203,味王            ,2000,10000,-8000,0,0,0,0,0,0,0,0,0,0,0,0,0,-8000
07219P,臺股指凱基99售32,0,0,0,0,0,0,0,0,0,-8000,0,0,0,5000,13000,-8000,-8000
07192P,聯發科元大99售23,0,0,0,0,0,0,0,0,0,-8000,0,0,0,0,8000,-8000,-8000
07326P,大立光元大99售23,0,0,0,0,0,0,0,0,0,-8000,0,0,0,63000,71000,-8000,-8000
6165,捷泰            ,18000,26000,-8000,0,0,0,0,0,0,0,0,0,0,0,0,0,-8000
2723,美食-KY         ,205000,273000,-68000,0,0,0,2000,0,2000,58000,40000,0,40000,20000,2000,18000,-8000
3617,碩天            ,55000,62000,-7000,0,0,0,0,0,0,-1000,0,4000,-4000,3000,0,3000,-8000
3557,嘉威            ,83000,91000,-8000,0,0,0,0,0,0,0,0,0,0,0,0,0,-8000
059845,欣興富邦9A購02  ,0,0,0,0,0,0,0,0,0,-8000,0,0,0,368000,376000,-8000,-8000
059879,GIS凱基99購03   ,0,0,0,0,0,0,0,0,0,-8000,0,0,0,165000,173000,-8000,-8000
06848P,聯詠元大98售04  ,0,0,0,0,0,0,0,0,0,-8000,0,0,0,46000,54000,-8000,-8000
060141,T50反1國票9B購02,0,0,0,0,0,0,0,0,0,-8000,0,0,0,0,8000,-8000,-8000
060159,健和興永豐9A購01,0,0,0,0,0,0,0,0,0,-8000,0,0,0,5000,13000,-8000,-8000
060461,鴻海元大9A購09  ,0,0,0,0,0,0,0,0,0,-8000,0,0,0,120000,128000,-8000,-8000
06214P,國巨國票98售04  ,0,0,0,0,0,0,0,0,0,-8000,0,0,0,0,8000,-8000,-8000
03064X,元展59          ,0,0,0,0,0,0,0,0,0,-8000,0,0,0,2000,10000,-8000,-8000
04788P,台積電永昌96售05,0,0,0,0,0,0,0,0,0,-8000,0,0,0,0,8000,-8000,-8000
045842,T50反1台新98購01,0,0,0,0,0,0,0,0,0,-8000,0,0,0,0,8000,-8000,-8000
052865,大立光凱基96購11,0,0,0,0,0,0,0,0,0,-8000,0,0,0,0,8000,-8000,-8000
057802,卜蜂元大98購01  ,0,0,0,0,0,0,0,0,0,-8000,0,0,0,0,8000,-8000,-8000
058131,義隆元大99購02  ,0,0,0,0,0,0,0,0,0,-8000,0,0,0,105000,113000,-8000,-8000
058115,台光電中信99購01,0,0,0,0,0,0,0,0,0,-8000,0,0,0,10000,18000,-8000,-8000
053710,華通凱基96購05  ,0,0,0,0,0,0,0,0,0,-8000,0,0,0,40000,48000,-8000,-8000
056296,旺宏元大97購07  ,0,0,0,0,0,0,0,0,0,-8000,0,0,0,9000,17000,-8000,-8000
057547,技嘉凱基99購01  ,0,0,0,0,0,0,0,0,0,-8000,0,0,0,1000,9000,-8000,-8000
056504,國巨永豐98購02  ,0,0,0,0,0,0,0,0,0,-8000,0,0,0,40000,48000,-8000,-8000
058249,緯穎元大99購04  ,0,0,0,0,0,0,0,0,0,-8000,0,0,0,10000,18000,-8000,-8000
058250,台虹元大99購01  ,0,0,0,0,0,0,0,0,0,-8000,0,0,0,129000,137000,-8000,-8000
057366,智邦元大98購08  ,0,0,0,0,0,0,0,0,0,-8000,0,0,0,43000,51000,-8000,-8000
056038,可成凱基97購01  ,0,0,0,0,0,0,0,0,0,-8000,0,0,0,1000,9000,-8000,-8000
059353,滬深2X富邦9A購02,0,0,0,0,0,0,0,0,0,-8000,0,0,0,0,8000,-8000,-8000
059082,華通元大99購06  ,0,0,0,0,0,0,0,0,0,-8000,0,0,0,26000,34000,-8000,-8000
055893,大立光統一97購07,0,0,0,0,0,0,0,0,0,-8000,0,0,0,0,8000,-8000,-8000
06801P,技嘉群益99售02  ,0,0,0,0,0,0,0,0,0,-9000,0,0,0,22000,31000,-9000,-9000
059727,大立光元大9A購01,0,0,0,0,0,0,0,0,0,-9000,0,0,0,1000,10000,-9000,-9000
3583,辛耘            ,88000,97000,-9000,0,0,0,0,0,0,0,0,0,0,0,0,0,-9000
052068,瑞儀兆豐96購01  ,0,0,0,0,0,0,0,0,0,-9000,0,0,0,2000,11000,-9000,-9000
051684,瑞昱凱基95購02  ,0,0,0,0,0,0,0,0,0,-9000,0,0,0,16000,25000,-9000,-9000
050651,大立光凱基96購02,0,0,0,0,0,0,0,0,0,-9000,0,0,0,0,9000,-9000,-9000
050351,華新科群益95購02,0,0,0,0,0,0,0,0,0,-9000,0,0,0,50000,59000,-9000,-9000
00709,富邦歐洲        ,0,0,0,0,0,0,0,0,0,-9000,0,0,0,100000,109000,-9000,-9000
055968,祥碩元大97購04  ,0,0,0,0,0,0,0,0,0,-9000,0,0,0,29000,38000,-9000,-9000
059265,美律中信01購01  ,0,0,0,0,0,0,0,0,0,-9000,0,0,0,21000,30000,-9000,-9000
059212,鴻海元大99購28  ,0,0,0,0,0,0,0,0,0,-9000,0,0,0,3000,12000,-9000,-9000
059232,台灣50凱基03購01,0,0,0,0,0,0,0,0,0,-9000,0,0,0,0,9000,-9000,-9000
057477,智邦元大98購09  ,0,0,0,0,0,0,0,0,0,-9000,0,0,0,9000,18000,-9000,-9000
056578,智易元大99購02  ,0,0,0,0,0,0,0,0,0,-9000,0,0,0,32000,41000,-9000,-9000
057630,茂林永豐98購01  ,0,0,0,0,0,0,0,0,0,-9000,0,0,0,72000,81000,-9000,-9000
058961,台灣50兆豐9C購01,0,0,0,0,0,0,0,0,0,-9000,0,0,0,1000,10000,-9000,-9000
058919,SGBR2X元富99購05,0,0,0,0,0,0,0,0,0,-9000,0,0,0,27000,36000,-9000,-9000
056163,嘉聯益凱基98購03,0,0,0,0,0,0,0,0,0,-9000,0,0,0,15000,24000,-9000,-9000
055075,南電永豐97購01  ,0,0,0,0,0,0,0,0,0,-9000,0,0,0,12000,21000,-9000,-9000
4108,懷特            ,18000,28000,-10000,0,0,0,0,0,0,0,0,0,0,0,0,0,-10000
8033,雷虎            ,43000,53000,-10000,0,0,0,0,0,0,0,0,0,0,0,0,0,-10000
6477,安集            ,41000,51000,-10000,0,0,0,0,0,0,0,0,0,0,0,0,0,-10000
07211P,南亞科凱基99售05,0,0,0,0,0,0,0,0,0,-10000,0,0,0,0,10000,-10000,-10000
07244P,鴻海凱基9A售13  ,0,0,0,0,0,0,0,0,0,-10000,0,0,0,0,10000,-10000,-10000
07238P,台灣50國票99售07,0,0,0,0,0,0,0,0,0,-10000,0,0,0,10000,20000,-10000,-10000
07239P,台灣50國票9A售04,0,0,0,0,0,0,0,0,0,-10000,0,0,0,2000,12000,-10000,-10000
08163P,T50正2中信95售01,0,0,0,0,0,0,0,0,0,-10000,0,0,0,0,10000,-10000,-10000
07396P,聯發科群益9B售01,0,0,0,0,0,0,0,0,0,-10000,0,0,0,0,10000,-10000,-10000
1409,新纖            ,605000,537000,68000,0,0,0,15000,0,15000,-93000,0,93000,-93000,0,0,0,-10000
1423,利華            ,4000,14000,-10000,0,0,0,0,0,0,0,0,0,0,0,0,0,-10000
1445,大宇            ,0,10000,-10000,0,0,0,0,0,0,0,0,0,0,0,0,0,-10000
1524,耿鼎            ,16000,26000,-10000,0,0,0,0,0,0,0,0,0,0,0,0,0,-10000
05966P,矽力凱基96售03  ,0,0,0,0,0,0,0,0,0,-10000,0,0,0,0,10000,-10000,-10000
059815,SP黃豆凱基9A購03,0,0,0,0,0,0,0,0,0,-10000,0,0,0,15000,25000,-10000,-10000
059486,A50正2兆豐9A購01,0,0,0,0,0,0,0,0,0,-10000,0,0,0,0,10000,-10000,-10000
059508,聯發科永豐99購03,0,0,0,0,0,0,0,0,0,-10000,0,0,0,0,10000,-10000,-10000
059639,大立光凱基9A購06,0,0,0,0,0,0,0,0,0,-10000,0,0,0,0,10000,-10000,-10000
059861,聯發科群益9A購01,0,0,0,0,0,0,0,0,0,-10000,0,0,0,19000,29000,-10000,-10000
059905,A50正2元大9C購06,0,0,0,0,0,0,0,0,0,-10000,0,0,0,0,10000,-10000,-10000
060124,奇力新永豐99購03,0,0,0,0,0,0,0,0,0,-10000,0,0,0,57000,67000,-10000,-10000
060003,上証2X群益9B購02,0,0,0,0,0,0,0,0,0,-10000,0,0,0,0,10000,-10000,-10000
060053,聯發科凱基9B購02,0,0,0,0,0,0,0,0,0,-10000,0,0,0,0,10000,-10000,-10000
060056,大立光凱基9B購01,0,0,0,0,0,0,0,0,0,-10000,0,0,0,1000,11000,-10000,-10000
06789P,鴻海凱基98售12  ,0,0,0,0,0,0,0,0,0,-10000,0,0,0,0,10000,-10000,-10000
06779P,智邦元大98售12  ,0,0,0,0,0,0,0,0,0,-10000,0,0,0,0,10000,-10000,-10000
06773P,台灣50兆豐9A售01,0,0,0,0,0,0,0,0,0,-10000,0,0,0,0,10000,-10000,-10000
06762P,智邦元大98售11  ,0,0,0,0,0,0,0,0,0,-10000,0,0,0,0,10000,-10000,-10000
06705P,臻鼎元富98售03  ,0,0,0,0,0,0,0,0,0,-10000,0,0,0,4000,14000,-10000,-10000
06697P,台積電國票99售05,0,0,0,0,0,0,0,0,0,-10000,0,0,0,10000,20000,-10000,-10000
06638P,鴻海統一99售02  ,0,0,0,0,0,0,0,0,0,-10000,0,0,0,0,10000,-10000,-10000
06622P,牧德元大98售01  ,0,0,0,0,0,0,0,0,0,-10000,0,0,0,0,10000,-10000,-10000
06473P,鴻海元大99售03  ,0,0,0,0,0,0,0,0,0,-10000,0,0,0,10000,20000,-10000,-10000
06903P,技嘉凱基98售04  ,0,0,0,0,0,0,0,0,0,-10000,0,0,0,0,10000,-10000,-10000
06868P,電子類元大99售01,0,0,0,0,0,0,0,0,0,-10000,0,0,0,0,10000,-10000,-10000
06869P,金融類元大99售01,0,0,0,0,0,0,0,0,0,-10000,0,0,0,0,10000,-10000,-10000
06948P,FBVIX元大01售02 ,0,0,0,0,0,0,0,0,0,-10000,0,0,0,0,10000,-10000,-10000
06921P,台光電凱基98售06,0,0,0,0,0,0,0,0,0,-10000,0,0,0,0,10000,-10000,-10000
07022P,嘉晶永豐99售02  ,0,0,0,0,0,0,0,0,0,-10000,0,0,0,20000,30000,-10000,-10000
07166P,台灣50兆豐03售01,0,0,0,0,0,0,0,0,0,-10000,0,0,0,0,10000,-10000,-10000
07109P,聯發科中信9B售02,0,0,0,0,0,0,0,0,0,-10000,0,0,0,15000,25000,-10000,-10000
060470,台勝科元大9A購03,0,0,0,0,0,0,0,0,0,-10000,0,0,0,0,10000,-10000,-10000
060485,華新科富邦9C購04,0,0,0,0,0,0,0,0,0,-10000,0,0,0,3000,13000,-10000,-10000
06087P,國巨永豐97售01  ,0,0,0,0,0,0,0,0,0,-10000,0,0,0,0,10000,-10000,-10000
060354,A50正2元富9A購02,0,0,0,0,0,0,0,0,0,-10000,0,0,0,0,10000,-10000,-10000
060417,正隆永豐9A購01  ,0,0,0,0,0,0,0,0,0,-10000,0,0,0,0,10000,-10000,-10000
06038P,國泰金台新96售01,0,0,0,0,0,0,0,0,0,-10000,0,0,0,0,10000,-10000,-10000
060167,禾聯碩永豐9A購01,0,0,0,0,0,0,0,0,0,-10000,0,0,0,0,10000,-10000,-10000
00711B,FH彭博新興債    ,0,0,0,0,0,0,0,0,0,-10000,0,0,0,200000,210000,-10000,-10000
046813,聯電凱基96購01  ,0,0,0,0,0,0,0,0,0,-10000,0,0,0,2000,12000,-10000,-10000
047993,鑽全元大96購01  ,0,0,0,0,0,0,0,0,0,-10000,0,0,0,10000,20000,-10000,-10000
048189,臺指反元大96購06,0,0,0,0,0,0,0,0,0,-10000,0,0,0,0,10000,-10000,-10000
03017X,元展17          ,0,0,0,0,0,0,0,0,0,-10000,0,0,0,0,10000,-10000,-10000
048154,旺宏兆豐94購01  ,0,0,0,0,0,0,0,0,0,-10000,0,0,0,0,10000,-10000,-10000
048158,大立光兆豐95購01,0,0,0,0,0,0,0,0,0,-10000,0,0,0,0,10000,-10000,-10000
04816P,台積電兆豐94售06,0,0,0,0,0,0,0,0,0,-10000,0,0,0,0,10000,-10000,-10000
045572,元油2X元大98購01,0,0,0,0,0,0,0,0,0,-10000,0,0,0,0,10000,-10000,-10000
04400P,台積電兆豐95售02,0,0,0,0,0,0,0,0,0,-10000,0,0,0,0,10000,-10000,-10000
04496P,國巨國泰96售02  ,0,0,0,0,0,0,0,0,0,-10000,0,0,0,0,10000,-10000,-10000
04189P,台積電兆豐94售02,0,0,0,0,0,0,0,0,0,-10000,0,0,0,0,10000,-10000,-10000
04327P,台積電國泰95售01,0,0,0,0,0,0,0,0,0,-10000,0,0,0,0,10000,-10000,-10000
04605P,台積電兆豐94售03,0,0,0,0,0,0,0,0,0,-10000,0,0,0,0,10000,-10000,-10000
051003,中環中信97購01  ,0,0,0,0,0,0,0,0,0,-10000,0,0,0,0,10000,-10000,-10000
04868P,可成統一94售03  ,0,0,0,0,0,0,0,0,0,-10000,0,0,0,0,10000,-10000,-10000
051392,玉山金兆豐95購01,0,0,0,0,0,0,0,0,0,-10000,0,0,0,0,10000,-10000,-10000
051393,新光金兆豐96購01,0,0,0,0,0,0,0,0,0,-10000,0,0,0,0,10000,-10000,-10000
048589,國巨兆豐96購01  ,0,0,0,0,0,0,0,0,0,-10000,0,0,0,0,10000,-10000,-10000
051092,禾伸堂元大95購02,0,0,0,0,0,0,0,0,0,-10000,0,0,0,0,10000,-10000,-10000
051324,康友國票96購01  ,0,0,0,0,0,0,0,0,0,-10000,0,0,0,0,10000,-10000,-10000
050412,全新永豐94購04  ,0,0,0,0,0,0,0,0,0,-10000,0,0,0,0,10000,-10000,-10000
04961P,貿聯凱基94售03  ,0,0,0,0,0,0,0,0,0,-10000,0,0,0,0,10000,-10000,-10000
049511,奇力新凱基94購03,0,0,0,0,0,0,0,0,0,-10000,0,0,0,0,10000,-10000,-10000
050831,超眾凱基95購01  ,0,0,0,0,0,0,0,0,0,-10000,0,0,0,0,10000,-10000,-10000
051599,健鼎兆豐95購02  ,0,0,0,0,0,0,0,0,0,-10000,0,0,0,0,10000,-10000,-10000
050311,上銀兆豐95購01  ,0,0,0,0,0,0,0,0,0,-10000,0,0,0,0,10000,-10000,-10000
051553,牧德永豐96購02  ,0,0,0,0,0,0,0,0,0,-10000,0,0,0,90000,100000,-10000,-10000
048789,大立光元大95購04,0,0,0,0,0,0,0,0,0,-10000,0,0,0,0,10000,-10000,-10000
05144P,美律永豐95售02  ,0,0,0,0,0,0,0,0,0,-10000,0,0,0,0,10000,-10000,-10000
04893P,創意元大94售03  ,0,0,0,0,0,0,0,0,0,-10000,0,0,0,0,10000,-10000,-10000
052881,康控凱基97購01  ,0,0,0,0,0,0,0,0,0,-10000,0,0,0,10000,20000,-10000,-10000
052940,玉晶光兆豐97購01,0,0,0,0,0,0,0,0,0,-10000,0,0,0,0,10000,-10000,-10000
050003,景碩永豐94購01  ,0,0,0,0,0,0,0,0,0,-10000,0,0,0,0,10000,-10000,-10000
049972,南電國票95購02  ,0,0,0,0,0,0,0,0,0,-10000,0,0,0,0,10000,-10000,-10000
050107,鴻海元大94購12  ,0,0,0,0,0,0,0,0,0,-10000,0,0,0,10000,20000,-10000,-10000
04971P,矽力元富94售02  ,0,0,0,0,0,0,0,0,0,-10000,0,0,0,0,10000,-10000,-10000
049684,彩晶統一95購01  ,0,0,0,0,0,0,0,0,0,-10000,0,0,0,0,10000,-10000,-10000
053559,台積電國泰98購01,0,0,0,0,0,0,0,0,0,-10000,0,0,0,0,10000,-10000,-10000
054160,華泰凱基98購01  ,0,0,0,0,0,0,0,0,0,-10000,0,0,0,0,10000,-10000,-10000
054533,泰碩國泰98購01  ,0,0,0,0,0,0,0,0,0,-10000,0,0,0,320000,330000,-10000,-10000
051904,深100元大95購01 ,0,0,0,0,0,0,0,0,0,-10000,0,0,0,0,10000,-10000,-10000
054615,牧德永豐98購01  ,0,0,0,0,0,0,0,0,0,-10000,0,0,0,150000,160000,-10000,-10000
053701,台積電兆豐96購05,0,0,0,0,0,0,0,0,0,-10000,0,0,0,0,10000,-10000,-10000
053034,上海銀兆豐96購01,0,0,0,0,0,0,0,0,0,-10000,0,0,0,0,10000,-10000,-10000
05470P,康控元大95售05  ,0,0,0,0,0,0,0,0,0,-10000,0,0,0,1000,11000,-10000,-10000
053408,友達兆豐98購01  ,0,0,0,0,0,0,0,0,0,-10000,0,0,0,0,10000,-10000,-10000
053335,易華電永豐96購01,0,0,0,0,0,0,0,0,0,-10000,0,0,0,0,10000,-10000,-10000
054843,中環兆豐97購01  ,0,0,0,0,0,0,0,0,0,-10000,0,0,0,0,10000,-10000,-10000
052624,微星亞東97購01  ,0,0,0,0,0,0,0,0,0,-10000,0,0,0,0,10000,-10000,-10000
052791,友達兆豐97購01  ,0,0,0,0,0,0,0,0,0,-10000,0,0,0,0,10000,-10000,-10000
052724,力成統一97購01  ,0,0,0,0,0,0,0,0,0,-10000,0,0,0,0,10000,-10000,-10000
052483,超眾群益95購03  ,0,0,0,0,0,0,0,0,0,-10000,0,0,0,50000,60000,-10000,-10000
052389,聯發科群益95購05,0,0,0,0,0,0,0,0,0,-10000,0,0,0,7000,17000,-10000,-10000
052056,緯穎凱基95購04  ,0,0,0,0,0,0,0,0,0,-10000,0,0,0,10000,20000,-10000,-10000
052010,兆豐金中信95購01,0,0,0,0,0,0,0,0,0,-10000,0,0,0,10000,20000,-10000,-10000
054848,群創兆豐98購01  ,0,0,0,0,0,0,0,0,0,-10000,0,0,0,0,10000,-10000,-10000
053497,新光金兆豐97購01,0,0,0,0,0,0,0,0,0,-10000,0,0,0,0,10000,-10000,-10000
053988,友達亞東96購01  ,0,0,0,0,0,0,0,0,0,-10000,0,0,0,0,10000,-10000,-10000
054017,茂林永豐96購02  ,0,0,0,0,0,0,0,0,0,-10000,0,0,0,0,10000,-10000,-10000
053807,T50反1群益96購02,0,0,0,0,0,0,0,0,0,-10000,0,0,0,0,10000,-10000,-10000
053884,緯穎第一96購01  ,0,0,0,0,0,0,0,0,0,-10000,0,0,0,100000,110000,-10000,-10000
057796,鴻海兆豐99購03  ,0,0,0,0,0,0,0,0,0,-10000,0,0,0,0,10000,-10000,-10000
057794,T50反1兆豐99購02,0,0,0,0,0,0,0,0,0,-10000,0,0,0,0,10000,-10000,-10000
058209,臺股指凱基01購01,0,0,0,0,0,0,0,0,0,-10000,0,0,0,0,10000,-10000,-10000
057976,旺宏永豐98購03  ,0,0,0,0,0,0,0,0,0,-10000,0,0,0,102000,112000,-10000,-10000
057918,旺宏凱基99購01  ,0,0,0,0,0,0,0,0,0,-10000,0,0,0,0,10000,-10000,-10000
057881,SP黃豆群益9A購01,0,0,0,0,0,0,0,0,0,-10000,0,0,0,0,10000,-10000,-10000
055509,訊芯元大97購03  ,0,0,0,0,0,0,0,0,0,-10000,0,0,0,0,10000,-10000,-10000
055129,鈺齊兆豐97購01  ,0,0,0,0,0,0,0,0,0,-10000,0,0,0,0,10000,-10000,-10000
056142,超眾元大97購06  ,0,0,0,0,0,0,0,0,0,-10000,0,0,0,0,10000,-10000,-10000
056122,勤誠群益97購02  ,0,0,0,0,0,0,0,0,0,-10000,0,0,0,62000,72000,-10000,-10000
056753,群創兆豐98購02  ,0,0,0,0,0,0,0,0,0,-10000,0,0,0,0,10000,-10000,-10000
055830,上銀元大97購07  ,0,0,0,0,0,0,0,0,0,-10000,0,0,0,10000,20000,-10000,-10000
056325,群創兆豐9A購01  ,0,0,0,0,0,0,0,0,0,-10000,0,0,0,0,10000,-10000,-10000
05642P,玉晶光兆豐97售02,0,0,0,0,0,0,0,0,0,-10000,0,0,0,0,10000,-10000,-10000
056440,智邦凱基98購03  ,0,0,0,0,0,0,0,0,0,-10000,0,0,0,0,10000,-10000,-10000
058920,SGBR2X元富99購06,0,0,0,0,0,0,0,0,0,-10000,0,0,0,390000,400000,-10000,-10000
058902,聯發科元大99購15,0,0,0,0,0,0,0,0,0,-10000,0,0,0,9000,19000,-10000,-10000
058964,群創兆豐99購01  ,0,0,0,0,0,0,0,0,0,-10000,0,0,0,0,10000,-10000,-10000
058965,祥碩兆豐99購02  ,0,0,0,0,0,0,0,0,0,-10000,0,0,0,0,10000,-10000,-10000
058942,南茂中信99購01  ,0,0,0,0,0,0,0,0,0,-10000,0,0,0,0,10000,-10000,-10000
055663,崇越中信97購01  ,0,0,0,0,0,0,0,0,0,-10000,0,0,0,0,10000,-10000,-10000
055718,可成元大97購02  ,0,0,0,0,0,0,0,0,0,-10000,0,0,0,270000,280000,-10000,-10000
056534,京元電凱基98購01,0,0,0,0,0,0,0,0,0,-10000,0,0,0,120000,130000,-10000,-10000
058079,鴻海群益98購08  ,0,0,0,0,0,0,0,0,0,-10000,0,0,0,0,10000,-10000,-10000
05803P,臺股指兆豐96售03,0,0,0,0,0,0,0,0,0,-10000,0,0,0,0,10000,-10000,-10000
058024,台積電國泰9A購01,0,0,0,0,0,0,0,0,0,-10000,0,0,0,0,10000,-10000,-10000
057677,臺股指元大98購07,0,0,0,0,0,0,0,0,0,-10000,0,0,0,0,10000,-10000,-10000
057304,為升兆豐99購02  ,0,0,0,0,0,0,0,0,0,-10000,0,0,0,0,10000,-10000,-10000
057305,南亞科兆豐98購02,0,0,0,0,0,0,0,0,0,-10000,0,0,0,0,10000,-10000,-10000
057430,富邦金兆豐98購01,0,0,0,0,0,0,0,0,0,-10000,0,0,0,0,10000,-10000,-10000
057262,友達兆豐98購03  ,0,0,0,0,0,0,0,0,0,-10000,0,0,0,0,10000,-10000,-10000
05724P,致茂永豐96售01  ,0,0,0,0,0,0,0,0,0,-10000,0,0,0,0,10000,-10000,-10000
056047,台積電兆豐97購02,0,0,0,0,0,0,0,0,0,-10000,0,0,0,0,10000,-10000,-10000
056835,聯電元富99購01  ,0,0,0,0,0,0,0,0,0,-10000,0,0,0,10000,20000,-10000,-10000
056845,揚明光元富98購01,0,0,0,0,0,0,0,0,0,-10000,0,0,0,0,10000,-10000,-10000
058537,彩晶統一9B購01  ,0,0,0,0,0,0,0,0,0,-10000,0,0,0,0,10000,-10000,-10000
058377,茂林凱基9A購03  ,0,0,0,0,0,0,0,0,0,-10000,0,0,0,0,10000,-10000,-10000
058308,全新元大9B購01  ,0,0,0,0,0,0,0,0,0,-10000,0,0,0,5000,15000,-10000,-10000
059210,鴻海元大99購26  ,0,0,0,0,0,0,0,0,0,-10000,0,0,0,0,10000,-10000,-10000
059284,緯穎永豐99購03  ,0,0,0,0,0,0,0,0,0,-10000,0,0,0,0,10000,-10000,-10000
059303,國巨兆豐99購04  ,0,0,0,0,0,0,0,0,0,-10000,0,0,0,0,10000,-10000,-10000
059304,華新科兆豐99購06,0,0,0,0,0,0,0,0,0,-10000,0,0,0,0,10000,-10000,-10000
059394,臺股指凱基99購40,0,0,0,0,0,0,0,0,0,-10000,0,0,0,0,10000,-10000,-10000
059460,GIS永豐99購02   ,0,0,0,0,0,0,0,0,0,-10000,0,0,0,231000,241000,-10000,-10000
054935,華通元大98購03  ,0,0,0,0,0,0,0,0,0,-10000,0,0,0,17000,27000,-10000,-10000
058681,大立光康和9B購01,0,0,0,0,0,0,0,0,0,-10000,0,0,0,10000,20000,-10000,-10000
056979,微星群益98購01  ,0,0,0,0,0,0,0,0,0,-10000,0,0,0,0,10000,-10000,-10000
056970,TPK永豐98購01   ,0,0,0,0,0,0,0,0,0,-10000,0,0,0,0,10000,-10000,-10000
056917,國巨兆豐98購03  ,0,0,0,0,0,0,0,0,0,-10000,0,0,0,0,10000,-10000,-10000
056925,群創兆豐98購03  ,0,0,0,0,0,0,0,0,0,-10000,0,0,0,0,10000,-10000,-10000
059147,矽創國票99購01  ,0,0,0,0,0,0,0,0,0,-10000,0,0,0,20000,30000,-10000,-10000
059001,聯發科元大99購17,0,0,0,0,0,0,0,0,0,-10000,0,0,0,10000,20000,-10000,-10000
058592,聯發科統一9C購01,0,0,0,0,0,0,0,0,0,-10000,0,0,0,0,10000,-10000,-10000
9110,越南控-DR       ,0,10000,-10000,0,0,0,0,0,0,0,0,0,0,0,0,0,-10000
060221,大立光凱基9A購07,0,0,0,0,0,0,0,0,0,-11000,0,0,0,0,11000,-11000,-11000
06035P,同欣電凱基96售03,0,0,0,0,0,0,0,0,0,-11000,0,0,0,0,11000,-11000,-11000
060421,華擎永豐9A購01  ,0,0,0,0,0,0,0,0,0,-11000,0,0,0,0,11000,-11000,-11000
060356,上銀元富9A購01  ,0,0,0,0,0,0,0,0,0,-11000,0,0,0,0,11000,-11000,-11000
060344,聯發科統一01購01,0,0,0,0,0,0,0,0,0,-11000,0,0,0,0,11000,-11000,-11000
060337,FBVIX統一9A購01 ,0,0,0,0,0,0,0,0,0,-11000,0,0,0,20000,31000,-11000,-11000
06514P,國巨凱基98售05  ,0,0,0,0,0,0,0,0,0,-11000,0,0,0,0,11000,-11000,-11000
06728P,全新元大98售03  ,0,0,0,0,0,0,0,0,0,-11000,0,0,0,66000,77000,-11000,-11000
06721P,臺股指中信9A售03,0,0,0,0,0,0,0,0,0,-11000,0,0,0,0,11000,-11000,-11000
059666,台表科元大9B購01,0,0,0,0,0,0,0,0,0,-11000,0,0,0,21000,32000,-11000,-11000
1773,勝一            ,46000,57000,-11000,0,0,0,0,0,0,0,0,0,0,0,0,0,-11000
1776,展宇            ,0,11000,-11000,0,0,0,0,0,0,0,0,0,0,0,0,0,-11000
2030,彰源            ,89000,100000,-11000,0,0,0,0,0,0,0,0,0,0,0,0,0,-11000
6552,易華電          ,164000,182000,-18000,0,0,0,0,0,0,7000,0,0,0,8000,1000,7000,-11000
053940,康友元富96購01  ,0,0,0,0,0,0,0,0,0,-11000,0,0,0,6000,17000,-11000,-11000
054109,南亞科凱基96購05,0,0,0,0,0,0,0,0,0,-11000,0,0,0,287000,298000,-11000,-11000
05171P,臺股指元大95售15,0,0,0,0,0,0,0,0,0,-11000,0,0,0,0,11000,-11000,-11000
058642,旺宏麥證9A購01  ,0,0,0,0,11000,-11000,0,0,0,-11000,0,0,0,0,11000,-11000,-11000
058654,鴻海中信03購01  ,0,0,0,0,0,0,0,0,0,-11000,0,0,0,23000,34000,-11000,-11000
056909,嘉聯益元大99購03,0,0,0,0,0,0,0,0,0,-11000,0,0,0,15000,26000,-11000,-11000
059280,台灣50永豐99購06,0,0,0,0,0,0,0,0,0,-11000,0,0,0,0,11000,-11000,-11000
059262,致茂中信01購01  ,0,0,0,0,0,0,0,0,0,-11000,0,0,0,16000,27000,-11000,-11000
057277,可成元大98購05  ,0,0,0,0,0,0,0,0,0,-11000,0,0,0,4000,15000,-11000,-11000
057436,義隆國票99購02  ,0,0,0,0,0,0,0,0,0,-11000,0,0,0,17000,28000,-11000,-11000
057321,台泥群益98購01  ,0,0,0,0,0,0,0,0,0,-11000,0,0,0,51000,62000,-11000,-11000
058924,晶相光元富99購02,0,0,0,0,0,0,0,0,0,-11000,0,0,0,153000,164000,-11000,-11000
058774,台郡兆豐9A購01  ,0,0,0,0,0,0,0,0,0,-11000,0,0,0,10000,21000,-11000,-11000
056426,上証2X凱基9A購01,0,0,0,0,0,0,0,0,0,-11000,0,0,0,0,11000,-11000,-11000
05638P,國巨統一96售04  ,0,0,0,0,0,0,0,0,0,-11000,0,0,0,0,11000,-11000,-11000
056755,聯茂兆豐98購01  ,0,0,0,0,0,0,0,0,0,-11000,0,0,0,0,11000,-11000,-11000
9942,茂順            ,11000,2000,9000,0,0,0,0,0,0,-20000,0,20000,-20000,0,0,0,-11000
3622,洋華            ,25000,37000,-12000,0,0,0,0,0,0,0,0,0,0,0,0,0,-12000
3694,海華            ,10000,32000,-22000,0,0,0,0,0,0,10000,10000,0,10000,0,0,0,-12000
1732,毛寶            ,113000,126000,-13000,0,0,0,0,0,0,1000,1000,0,1000,0,0,0,-12000
07272P,台灣50元大9C售05,0,0,0,0,0,0,0,0,0,-12000,0,0,0,0,12000,-12000,-12000
059728,聯鈞元大99購01  ,0,0,0,0,0,0,0,0,0,-12000,0,0,0,39000,51000,-12000,-12000
059784,台光電元大9A購01,0,0,0,0,0,0,0,0,0,-12000,0,0,0,0,12000,-12000,-12000
06572P,台積電永昌99售01,0,0,0,0,0,0,0,0,0,-12000,0,0,0,0,12000,-12000,-12000
06878P,台灣50日盛9B售01,0,0,0,0,0,0,0,0,0,-12000,0,0,0,0,12000,-12000,-12000
06851P,鈺齊元大98售01  ,0,0,0,0,0,0,0,0,0,-12000,0,0,0,12000,24000,-12000,-12000
06847P,奇力新元大98售05,0,0,0,0,0,0,0,0,0,-12000,0,0,0,0,12000,-12000,-12000
052220,T50反1凱基98購01,0,0,0,0,0,0,0,0,0,-12000,0,0,0,20000,32000,-12000,-12000
053731,矽創凱基96購03  ,0,0,0,0,0,0,0,0,0,-12000,0,0,0,0,12000,-12000,-12000
054298,台表科元大97購03,0,0,0,0,0,0,0,0,0,-12000,0,0,0,24000,36000,-12000,-12000
050725,光磊國票96購01  ,0,0,0,0,0,0,0,0,0,-12000,0,0,0,38000,50000,-12000,-12000
051193,新日興兆豐96購01,0,0,0,0,0,0,0,0,0,-12000,0,0,0,0,12000,-12000,-12000
04839P,大立光元大94售17,0,0,0,0,0,0,0,0,0,-12000,0,0,0,0,12000,-12000,-12000
055785,祥碩凱基97購02  ,0,0,0,0,0,0,0,0,0,-12000,0,0,0,58000,70000,-12000,-12000
056358,友訊元大99購01  ,0,0,0,0,0,0,0,0,0,-12000,0,0,0,0,12000,-12000,-12000
056230,可成凱基98購03  ,0,0,0,0,0,0,0,0,0,-12000,0,0,0,13000,25000,-12000,-12000
055232,泰碩國票98購01  ,0,0,0,0,0,0,0,0,0,-12000,0,0,0,50000,62000,-12000,-12000
058878,旭富國泰9B購01  ,0,0,0,0,0,0,0,0,0,-12000,0,0,0,169000,181000,-12000,-12000
055648,可成元富97購01  ,0,0,0,0,0,0,0,0,0,-12000,0,0,0,139000,151000,-12000,-12000
056558,台達電群益98購01,0,0,0,0,0,0,0,0,0,-12000,0,0,0,98000,110000,-12000,-12000
058006,台郡群益98購04  ,0,0,0,0,0,0,0,0,0,-12000,0,0,0,100000,112000,-12000,-12000
058360,台光電凱基9A購02,0,0,0,0,0,0,0,0,0,-12000,0,0,0,0,12000,-12000,-12000
058508,聯發科元大99購11,0,0,0,0,0,0,0,0,0,-12000,0,0,0,0,12000,-12000,-12000
059278,群創元大9A購04  ,0,0,0,0,0,0,0,0,0,-12000,0,0,0,124000,136000,-12000,-12000
059458,鎧勝永豐99購01  ,0,0,0,0,0,0,0,0,0,-12000,0,0,0,0,12000,-12000,-12000
058605,華邦電元大99購04,0,0,0,0,0,0,0,0,0,-12000,0,0,0,101000,113000,-12000,-12000
059144,嘉晶國票9A購02  ,0,0,0,0,0,0,0,0,0,-12000,0,0,0,1000,13000,-12000,-12000
06996P,臺股指凱基99售17,0,0,0,0,0,0,0,0,0,-13000,0,0,0,0,13000,-13000,-13000
06718P,聯詠元大98售01  ,0,0,0,0,0,0,0,0,0,-13000,0,0,0,12000,25000,-13000,-13000
060361,南亞科元富9A購03,0,0,0,0,0,0,0,0,0,-13000,0,0,0,450000,463000,-13000,-13000
060193,群創元富9A購01  ,0,0,0,0,0,0,0,0,0,-13000,0,0,0,16000,29000,-13000,-13000
060229,楠梓電元大9C購01,0,0,0,0,0,0,0,0,0,-13000,0,0,0,3000,16000,-13000,-13000
059599,健策元大9B購02  ,0,0,0,0,0,0,0,0,0,-13000,0,0,0,15000,28000,-13000,-13000
07410P,鴻海元大99售44  ,0,0,0,0,0,0,0,0,0,-13000,0,0,0,6000,19000,-13000,-13000
07439P,臺股指麥證9B售01,0,0,0,0,13000,-13000,0,0,0,-13000,0,0,0,0,13000,-13000,-13000
07477P,國巨群益9A售04  ,0,0,0,0,0,0,0,0,0,-13000,0,0,0,0,13000,-13000,-13000
1323,永裕            ,1000,14000,-13000,0,0,0,0,0,0,0,0,0,0,0,0,0,-13000
1558,伸興            ,15000,28000,-13000,0,0,0,0,0,0,0,0,0,0,0,0,0,-13000
1446,宏和            ,13000,26000,-13000,0,0,0,0,0,0,0,0,0,0,0,0,0,-13000
3321,同泰            ,0,13000,-13000,0,0,0,0,0,0,0,0,0,0,0,0,0,-13000
03047X,元展44          ,0,0,0,0,0,0,0,0,0,-13000,0,0,0,0,13000,-13000,-13000
03658C,T50反1元大9A牛02,0,0,0,0,0,0,0,0,0,-13000,0,0,0,2000,15000,-13000,-13000
051483,玉晶光凱基96購02,0,0,0,0,0,0,0,0,0,-13000,0,0,0,405000,418000,-13000,-13000
054463,瑞昱凱基97購01  ,0,0,0,0,0,0,0,0,0,-13000,0,0,0,0,13000,-13000,-13000
057880,金融類元大99購02,0,0,0,0,0,0,0,0,0,-13000,0,0,0,0,13000,-13000,-13000
054826,復盛元大9A購01  ,0,0,0,0,0,0,0,0,0,-13000,0,0,0,1000,14000,-13000,-13000
05938P,旺宏凱基96售07  ,0,0,0,0,0,0,0,0,0,-13000,0,0,0,60000,73000,-13000,-13000
058301,元油2X元大99購10,0,0,0,0,0,0,0,0,0,-13000,0,0,0,0,13000,-13000,-13000
057604,鴻海統一9C購01  ,0,0,0,0,0,0,0,0,0,-13000,0,0,0,60000,73000,-13000,-13000
055654,景碩元富97購01  ,0,0,0,0,0,0,0,0,0,-13000,0,0,0,67000,80000,-13000,-13000
058868,元油2X國票99購06,0,0,0,0,0,0,0,0,0,-13000,0,0,0,0,13000,-13000,-13000
058790,楠梓電元大99購03,0,0,0,0,0,0,0,0,0,-13000,0,0,0,6000,19000,-13000,-13000
056410,康控國票99購01  ,0,0,0,0,0,0,0,0,0,-13000,0,0,0,38000,51000,-13000,-13000
055815,亞光國票99購01  ,0,0,0,0,0,0,0,0,0,-13000,0,0,0,22000,35000,-13000,-13000
912000,晨訊科-DR       ,0,13000,-13000,0,0,0,0,0,0,0,0,0,0,0,0,0,-13000
6698,旭暉應材        ,28000,42000,-14000,0,0,0,0,0,0,0,0,0,0,0,0,0,-14000
6136,富爾特          ,15000,29000,-14000,0,0,0,0,0,0,0,0,0,0,0,0,0,-14000
6115,鎰勝            ,13000,13000,0,0,0,0,0,0,0,-14000,0,14000,-14000,0,0,0,-14000
2348,海悅            ,11000,23000,-12000,0,0,0,0,0,0,-2000,0,2000,-2000,0,0,0,-14000
059535,玉山金凱基99購01,0,0,0,0,0,0,0,0,0,-14000,0,0,0,279000,293000,-14000,-14000
060063,可成兆豐9B購01  ,0,0,0,0,0,0,0,0,0,-14000,0,0,0,12000,26000,-14000,-14000
059887,華新科國票99購02,0,0,0,0,0,0,0,0,0,-14000,0,0,0,0,14000,-14000,-14000
059856,昇陽半永豐99購03,0,0,0,0,0,0,0,0,0,-14000,0,0,0,55000,69000,-14000,-14000
060245,聯陽元大9C購01  ,0,0,0,0,0,0,0,0,0,-14000,0,0,0,0,14000,-14000,-14000
060341,國巨統一9C購02  ,0,0,0,0,0,0,0,0,0,-14000,0,0,0,43000,57000,-14000,-14000
060402,神隆國泰9B購01  ,0,0,0,0,0,0,0,0,0,-14000,0,0,0,0,14000,-14000,-14000
057827,康友元大98購03  ,0,0,0,0,0,0,0,0,0,-14000,0,0,0,6000,20000,-14000,-14000
054371,台積電中信9C購01,0,0,0,0,0,0,0,0,0,-14000,0,0,0,0,14000,-14000,-14000
055395,泰鼎統一97購01  ,0,0,0,0,0,0,0,0,0,-14000,0,0,0,306000,320000,-14000,-14000
056561,台光電群益98購02,0,0,0,0,0,0,0,0,0,-14000,0,0,0,86000,100000,-14000,-14000
058014,上銀凱基99購02  ,0,0,0,0,0,0,0,0,0,-14000,0,0,0,0,14000,-14000,-14000
059068,台虹國票9A購01  ,0,0,0,0,0,0,0,0,0,-14000,0,0,0,11000,25000,-14000,-14000
055910,瑞昱凱基98購01  ,0,0,0,0,0,0,0,0,0,-14000,0,0,0,0,14000,-14000,-14000
060409,味全永豐9A購01  ,0,0,0,0,0,0,0,0,0,-15000,0,0,0,0,15000,-15000,-15000
06028P,智邦台新97售01  ,0,0,0,0,0,0,0,0,0,-15000,0,0,0,0,15000,-15000,-15000
06021P,世紀鋼元富96售03,0,0,0,0,0,0,0,0,0,-15000,0,0,0,0,15000,-15000,-15000
06477P,緯穎國票99售02  ,0,0,0,0,0,0,0,0,0,-15000,0,0,0,0,15000,-15000,-15000
06993P,鴻海凱基99售05  ,0,0,0,0,0,0,0,0,0,-15000,0,0,0,0,15000,-15000,-15000
060106,旭富元大99購02  ,0,0,0,0,0,0,0,0,0,-15000,0,0,0,0,15000,-15000,-15000
059753,貿聯群益99購06  ,0,0,0,0,0,0,0,0,0,-15000,0,0,0,12000,27000,-15000,-15000
2430,燦坤            ,9000,24000,-15000,0,0,0,0,0,0,0,0,0,0,0,0,0,-15000
07443P,鴻海凱基9A售18  ,0,0,0,0,0,0,0,0,0,-15000,0,0,0,0,15000,-15000,-15000
07356P,臺股指國票99售24,0,0,0,0,0,0,0,0,0,-15000,0,0,0,10000,25000,-15000,-15000
2923,鼎固-KY         ,0,15000,-15000,0,0,0,0,0,0,0,0,0,0,0,0,0,-15000
2850,新產            ,131000,126000,5000,0,0,0,0,0,0,-20000,0,20000,-20000,0,0,0,-15000
054273,宏達電中信98購01,0,0,0,0,0,0,0,0,0,-15000,0,0,0,0,15000,-15000,-15000
050673,旺宏富邦96購02  ,0,0,0,0,0,0,0,0,0,-15000,0,0,0,185000,200000,-15000,-15000
03091X,元展85          ,0,0,0,0,0,0,0,0,0,-15000,0,0,0,0,15000,-15000,-15000
04763P,臺股指凱基96售05,0,0,0,0,0,0,0,0,0,-15000,0,0,0,0,15000,-15000,-15000
053352,義隆兆豐96購01  ,0,0,0,0,0,0,0,0,0,-15000,0,0,0,126000,141000,-15000,-15000
054745,智易凱基97購01  ,0,0,0,0,0,0,0,0,0,-15000,0,0,0,36000,51000,-15000,-15000
052365,聯詠國票95購02  ,0,0,0,0,0,0,0,0,0,-15000,0,0,0,0,15000,-15000,-15000
052353,高鐵群益97購01  ,0,0,0,0,0,0,0,0,0,-15000,0,0,0,0,15000,-15000,-15000
053238,麗豐永豐96購01  ,0,0,0,0,0,0,0,0,0,-15000,0,0,0,3000,18000,-15000,-15000
054609,正崴永豐97購01  ,0,0,0,0,0,0,0,0,0,-15000,0,0,0,74000,89000,-15000,-15000
058997,鴻海元大99購21  ,0,0,0,0,0,0,0,0,0,-15000,0,0,0,0,15000,-15000,-15000
058998,鴻海元大99購22  ,0,0,0,0,0,0,0,0,0,-15000,0,0,0,78000,93000,-15000,-15000
059179,祥碩元富99購01  ,0,0,0,0,0,0,0,0,0,-15000,0,0,0,65000,80000,-15000,-15000
05919P,京鼎元大96售03  ,0,0,0,0,0,0,0,0,0,-15000,0,0,0,0,15000,-15000,-15000
058494,可成群益9B購01  ,0,0,0,0,0,0,0,0,0,-15000,0,0,0,0,15000,-15000,-15000
056852,矽格元富98購01  ,0,0,0,0,0,0,0,0,0,-15000,0,0,0,0,15000,-15000,-15000
057329,緯穎群益98購02  ,0,0,0,0,0,0,0,0,0,-15000,0,0,0,3000,18000,-15000,-15000
057499,奇鋐群益98購01  ,0,0,0,0,0,0,0,0,0,-15000,0,0,0,101000,116000,-15000,-15000
058951,南電群益99購01  ,0,0,0,0,0,0,0,0,0,-15000,0,0,0,3000,18000,-15000,-15000
058962,元油2X兆豐9A購02,0,15000,-15000,0,0,0,0,0,0,0,0,0,0,0,0,0,-15000
055813,聯發科國票98購04,0,0,0,0,0,0,0,0,0,-15000,0,0,0,6000,21000,-15000,-15000
056304,創意元大97購03  ,0,0,0,0,0,0,0,0,0,-15000,0,0,0,0,15000,-15000,-15000
9917,中保科          ,87000,95000,-8000,0,0,0,6000,0,6000,-13000,8000,21000,-13000,0,0,0,-15000
6230,超眾            ,235000,227000,8000,0,0,0,0,0,0,-24000,0,0,0,3000,27000,-24000,-16000
07351P,鴻海國票99售08  ,0,0,0,0,0,0,0,0,0,-16000,0,0,0,14000,30000,-16000,-16000
07448P,台灣50元大9A售08,0,0,0,0,0,0,0,0,0,-16000,0,0,0,0,16000,-16000,-16000
07500P,微星元大9A售01  ,0,0,0,0,0,0,0,0,0,-16000,0,0,0,0,16000,-16000,-16000
060040,康控國票99購04  ,0,0,0,0,0,0,0,0,0,-16000,0,0,0,0,16000,-16000,-16000
05983P,聯詠國票96售02  ,0,0,0,0,0,0,0,0,0,-16000,0,0,0,10000,26000,-16000,-16000
059974,臺指反元大9C購05,0,0,0,0,0,0,0,0,0,-16000,0,0,0,0,16000,-16000,-16000
06990P,康友元富99售03  ,0,0,0,0,0,0,0,0,0,-16000,0,0,0,1000,17000,-16000,-16000
06886P,旺宏元大99售07  ,0,0,0,0,0,0,0,0,0,-16000,0,0,0,0,16000,-16000,-16000
06239P,奇力新元大97售08,0,0,0,0,0,0,0,0,0,-16000,0,0,0,210000,226000,-16000,-16000
054579,聯茂元大97購01  ,0,0,0,0,0,0,0,0,0,-16000,0,0,0,26000,42000,-16000,-16000
053082,聯電元大98購03  ,0,0,0,0,0,0,0,0,0,-16000,0,0,0,0,16000,-16000,-16000
03676C,臺股指元大04牛03,0,0,0,0,0,0,0,0,0,-16000,0,0,0,0,16000,-16000,-16000
050794,大立光富邦96購04,0,0,0,0,0,0,0,0,0,-16000,0,0,0,67000,83000,-16000,-16000
058910,泰鼎元大99購03  ,0,0,0,0,0,0,0,0,0,-16000,0,0,0,295000,311000,-16000,-16000
056579,麗豐元大99購01  ,0,0,0,0,0,0,0,0,0,-16000,0,0,0,39000,55000,-16000,-16000
055554,聯發科凱基97購06,0,0,0,0,0,0,0,0,0,-16000,0,0,0,0,16000,-16000,-16000
057526,智邦元大98購10  ,0,0,0,0,0,0,0,0,0,-16000,0,0,0,0,16000,-16000,-16000
057536,康控元大99購03  ,0,0,0,0,0,0,0,0,0,-16000,0,0,0,1000,17000,-16000,-16000
059249,大立光凱基99購05,0,0,0,0,0,0,0,0,0,-16000,0,0,0,0,16000,-16000,-16000
059339,上銀凱基99購06  ,0,0,0,0,0,0,0,0,0,-16000,0,0,0,49000,65000,-16000,-16000
9188,精熙-DR         ,0,16000,-16000,0,0,0,0,0,0,0,0,0,0,0,0,0,-16000
3008,大立光          ,156872,170643,-13771,0,0,0,16000,7000,9000,-12000,1000,11000,-10000,3000,5000,-2000,-16771
3025,星通            ,3000,20000,-17000,0,0,0,0,0,0,0,0,0,0,0,0,0,-17000
8482,商億-KY         ,5000,22000,-17000,0,0,0,0,0,0,0,0,0,0,0,0,0,-17000
2022,聚亨            ,21000,38000,-17000,0,0,0,0,0,0,0,0,0,0,0,0,0,-17000
1507,永大            ,15000,12000,3000,0,0,0,0,0,0,-20000,0,20000,-20000,0,0,0,-17000
1618,合機            ,3000,20000,-17000,0,0,0,0,0,0,0,0,0,0,0,0,0,-17000
060469,台勝科元大9A購02,0,0,0,0,0,0,0,0,0,-17000,0,0,0,0,17000,-17000,-17000
060287,燿華元大9A購01  ,0,0,0,0,0,0,0,0,0,-17000,0,0,0,21000,38000,-17000,-17000
07160P,台灣50中信03售04,0,0,0,0,0,0,0,0,0,-17000,0,0,0,10000,27000,-17000,-17000
07071P,立積元富99售01  ,0,0,0,0,0,0,0,0,0,-17000,0,0,0,0,17000,-17000,-17000
06657P,寶成元大98售01  ,0,0,0,0,0,0,0,0,0,-17000,0,0,0,2000,19000,-17000,-17000
06748P,智邦台新98售02  ,0,0,0,0,0,0,0,0,0,-17000,0,0,0,18000,35000,-17000,-17000
059832,超眾康和99購01  ,0,0,0,0,0,0,0,0,0,-17000,0,0,0,10000,27000,-17000,-17000
059987,大立光元大99購28,0,0,0,0,0,0,0,0,0,-17000,0,0,0,23000,40000,-17000,-17000
059604,臺股指元大9A購41,0,0,0,0,0,0,0,0,0,-17000,0,0,0,0,17000,-17000,-17000
050254,大立光富邦96購02,0,0,0,0,0,0,0,0,0,-17000,0,0,0,2000,19000,-17000,-17000
054547,鴻海凱基98購02  ,0,0,0,0,0,0,0,0,0,-17000,0,0,0,23000,40000,-17000,-17000
04514P,元石油中信97售01,0,0,0,0,0,0,0,0,0,-17000,0,0,0,0,17000,-17000,-17000
053064,國巨群益96購04  ,0,0,0,0,0,0,0,0,0,-17000,0,0,0,44000,61000,-17000,-17000
053244,光磊國票97購01  ,0,0,0,0,0,0,0,0,0,-17000,0,0,0,76000,93000,-17000,-17000
053924,京鼎國票97購01  ,0,0,0,0,0,0,0,0,0,-17000,0,0,0,21000,38000,-17000,-17000
059230,滬深2X國票9B購02,0,0,0,0,0,0,0,0,0,-17000,0,0,0,53000,70000,-17000,-17000
059201,祥碩永豐99購02  ,0,0,0,0,0,0,0,0,0,-17000,0,0,0,62000,79000,-17000,-17000
059276,可成元大99購06  ,0,0,0,0,0,0,0,0,0,-17000,0,0,0,61000,78000,-17000,-17000
059037,宏達電群益99購02,0,0,0,0,0,0,0,0,0,-17000,0,0,0,110000,127000,-17000,-17000
059078,FBVIX元大99購06 ,0,0,0,0,0,0,0,0,0,-17000,0,0,0,2000,19000,-17000,-17000
057275,友達元大9A購04  ,0,0,0,0,0,0,0,0,0,-17000,0,0,0,0,17000,-17000,-17000
056536,義隆凱基98購04  ,0,0,0,0,0,0,0,0,0,-17000,0,0,0,87000,104000,-17000,-17000
056506,晶豪科永豐98購02,0,0,0,0,0,0,0,0,0,-17000,0,0,0,0,17000,-17000,-17000
058699,楠梓電元大99購02,0,0,0,0,0,0,0,0,0,-17000,0,0,0,33000,50000,-17000,-17000
05884P,旺宏統一96售01  ,0,0,0,0,0,0,0,0,0,-17000,0,0,0,0,17000,-17000,-17000
055073,易華電永豐97購01,0,0,0,0,0,0,0,0,0,-17000,0,0,0,0,17000,-17000,-17000
059521,南電永豐99購03  ,0,0,0,0,0,0,0,0,0,-18000,0,0,0,23000,41000,-18000,-18000
059761,國巨永豐99購06  ,0,0,0,0,0,0,0,0,0,-18000,0,0,0,35000,53000,-18000,-18000
059659,旺宏元大9A購03  ,0,0,0,0,0,0,0,0,0,-18000,0,0,0,64000,82000,-18000,-18000
059844,大立光富邦9C購04,0,0,0,0,0,0,0,0,0,-18000,0,0,0,54000,72000,-18000,-18000
060208,卜蜂康和9A購01  ,0,0,0,0,0,0,0,0,0,-18000,0,0,0,0,18000,-18000,-18000
060390,聯鈞群益9A購01  ,0,0,0,0,0,0,0,0,0,-18000,0,0,0,34000,52000,-18000,-18000
1531,高林股          ,0,18000,-18000,0,0,0,0,0,0,0,0,0,0,0,0,0,-18000
07344P,鴻海富邦9A售03  ,0,0,0,0,0,0,0,0,0,-18000,0,0,0,96000,114000,-18000,-18000
053551,可成凱基96購05  ,0,0,0,0,0,0,0,0,0,-18000,0,0,0,0,18000,-18000,-18000
053535,宏達電永豐96購02,0,0,0,0,0,0,0,0,0,-18000,0,0,0,108000,126000,-18000,-18000
058177,華新科凱基99購02,0,0,0,0,0,0,0,0,0,-18000,0,0,0,100000,118000,-18000,-18000
05238P,禾伸堂永豐95售01,0,0,0,0,0,0,0,0,0,-18000,0,0,0,0,18000,-18000,-18000
04344P,台達電國泰94售01,0,0,0,0,0,0,0,0,0,-18000,0,0,0,4000,22000,-18000,-18000
03840P,台積電統一99售02,0,0,0,0,0,0,0,0,0,-18000,0,0,0,0,18000,-18000,-18000
035277,景碩台新97購01  ,0,0,0,0,0,0,0,0,0,-18000,0,0,0,12000,30000,-18000,-18000
054158,國巨日盛99購01  ,0,0,0,0,0,0,0,0,0,-18000,0,0,0,0,18000,-18000,-18000
04976P,中磊凱基94售01  ,0,0,0,0,0,0,0,0,0,-18000,0,0,0,0,18000,-18000,-18000
049563,華新統一95購01  ,0,0,0,0,0,0,0,0,0,-18000,0,0,0,0,18000,-18000,-18000
055343,國巨凱基97購03  ,0,0,0,0,0,0,0,0,0,-18000,0,0,0,0,18000,-18000,-18000
055849,聯詠元大97購05  ,0,0,0,0,0,0,0,0,0,-18000,0,0,0,15000,33000,-18000,-18000
056124,華通國票98購02  ,0,0,0,0,0,0,0,0,0,-18000,0,0,0,93000,111000,-18000,-18000
058937,仁寶中信99購01  ,0,0,0,0,0,0,0,0,0,-18000,0,0,0,40000,58000,-18000,-18000
058887,元石油元大9C購04,0,0,0,0,0,0,0,0,0,-18000,0,0,0,0,18000,-18000,-18000
058653,光寶科中信9A購01,0,0,0,0,0,0,0,0,0,-18000,0,0,0,3000,21000,-18000,-18000
058674,宏達電群益99購01,0,0,0,0,0,0,0,0,0,-18000,0,0,0,130000,148000,-18000,-18000
059299,欣興元富99購03  ,0,0,0,0,0,0,0,0,0,-18000,0,0,0,274000,292000,-18000,-18000
059235,鴻海凱基99購08  ,0,0,0,0,0,0,0,0,0,-18000,0,0,0,23000,41000,-18000,-18000
059243,聯發科凱基99購12,0,0,0,0,0,0,0,0,0,-18000,0,0,0,62000,80000,-18000,-18000
07224P,鴻海元大9A售02  ,0,0,0,0,0,0,0,0,0,-19000,0,0,0,1000,20000,-19000,-19000
1232,大統益          ,3000,27000,-24000,0,0,0,0,0,0,5000,5000,0,5000,0,0,0,-19000
3013,晟銘電          ,15000,34000,-19000,0,0,0,0,0,0,0,0,0,0,0,0,0,-19000
3296,勝德            ,2000,21000,-19000,0,0,0,0,0,0,0,0,0,0,0,0,0,-19000
4104,佳醫            ,33000,52000,-19000,0,0,0,0,0,0,0,0,0,0,0,0,0,-19000
07147P,高鐵元大99售01  ,0,0,0,0,0,0,0,0,0,-19000,0,0,0,29000,48000,-19000,-19000
060024,T50反1國泰9B購02,0,0,0,0,0,0,0,0,0,-19000,0,0,0,1000,20000,-19000,-19000
059674,玉山金元富99購02,0,0,0,0,0,0,0,0,0,-19000,0,0,0,80000,99000,-19000,-19000
059721,旺宏元大99購16  ,0,0,0,0,0,0,0,0,0,-19000,0,0,0,64000,83000,-19000,-19000
059819,台積電凱基99購17,0,0,0,0,0,0,0,0,0,-19000,0,0,0,31000,50000,-19000,-19000
059489,上証2X國票9A購01,0,0,0,0,0,0,0,0,0,-19000,0,0,0,12000,31000,-19000,-19000
059623,聯電凱基99購02  ,0,0,0,0,0,0,0,0,0,-19000,0,0,0,91000,110000,-19000,-19000
054412,智邦元大96購03  ,0,0,0,0,0,0,0,0,0,-19000,0,0,0,0,19000,-19000,-19000
051406,泰鼎永豐96購01  ,0,0,0,0,0,0,0,0,0,-19000,0,0,0,13000,32000,-19000,-19000
052513,大立光凱基95購13,0,0,0,0,0,0,0,0,0,-19000,0,0,0,0,19000,-19000,-19000
054738,聯發科凱基97購01,0,0,0,0,0,0,0,0,0,-19000,0,0,0,3000,22000,-19000,-19000
05394P,聯詠中信95售02  ,0,0,0,0,0,0,0,0,0,-19000,0,0,0,38000,57000,-19000,-19000
057301,嘉聯益永豐98購02,0,0,0,0,0,0,0,0,0,-19000,0,0,0,124000,143000,-19000,-19000
9943,好樂迪          ,123000,142000,-19000,0,0,0,0,0,0,0,0,0,0,0,0,0,-19000
059490,國巨國票99購09  ,0,0,0,0,0,0,0,0,0,-20000,0,0,0,0,20000,-20000,-20000
059494,國巨國票9C購01  ,0,0,0,0,0,0,0,0,0,-20000,0,0,0,50000,70000,-20000,-20000
059558,T50正2凱基9C購03,88000,0,88000,0,0,0,0,0,0,-108000,0,0,0,10000,118000,-108000,-20000
060013,S&P正2康和99購01,0,0,0,0,0,0,0,0,0,-20000,0,0,0,0,20000,-20000,-20000
060104,新日興元大99購03,0,0,0,0,0,0,0,0,0,-20000,0,0,0,17000,37000,-20000,-20000
059981,聯發科元大99購36,0,0,0,0,0,0,0,0,0,-20000,0,0,0,15000,35000,-20000,-20000
059970,台灣50元大9B購07,0,0,0,0,0,0,0,0,0,-20000,0,0,0,5000,25000,-20000,-20000
059916,聯發科元大99購33,0,0,0,0,0,0,0,0,0,-20000,0,0,0,10000,30000,-20000,-20000
07158P,FBVIX國泰9C售01 ,0,0,0,0,0,0,0,0,0,-20000,0,0,0,0,20000,-20000,-20000
06662P,玉晶光中信9A售01,0,0,0,0,0,0,0,0,0,-20000,0,0,0,0,20000,-20000,-20000
06641P,智邦兆豐99售01  ,0,0,0,0,0,0,0,0,0,-20000,0,0,0,10000,30000,-20000,-20000
060373,元金2X元富9A購01,0,0,0,0,0,0,0,0,0,-20000,0,0,0,0,20000,-20000,-20000
060453,儒鴻元大9A購02  ,0,0,0,0,0,0,0,0,0,-20000,0,0,0,0,20000,-20000,-20000
060481,巨大元大9A購01  ,0,0,0,0,0,0,0,0,0,-20000,0,0,0,0,20000,-20000,-20000
06203P,奇力新中信98售02,0,0,0,0,0,0,0,0,0,-20000,0,0,0,0,20000,-20000,-20000
060310,瑞昱永豐9A購01  ,0,0,0,0,0,0,0,0,0,-20000,0,0,0,5000,25000,-20000,-20000
060304,大立光富邦9C購05,0,0,0,0,0,0,0,0,0,-20000,0,0,0,0,20000,-20000,-20000
8499,鼎炫-KY         ,30000,50000,-20000,0,0,0,0,0,0,0,0,0,0,0,0,0,-20000
6541,泰福-KY         ,34000,54000,-20000,0,0,0,0,0,0,0,0,0,0,0,0,0,-20000
6449,鈺邦            ,59000,75000,-16000,0,0,0,0,0,0,-4000,1000,5000,-4000,0,0,0,-20000
07489P,國巨國票9A售07  ,0,0,0,0,0,0,0,0,0,-20000,0,0,0,0,20000,-20000,-20000
07444P,聯發科凱基9A售10,0,0,0,0,0,0,0,0,0,-20000,0,0,0,0,20000,-20000,-20000
07446P,台灣50元大9A售06,0,0,0,0,0,0,0,0,0,-20000,0,0,0,0,20000,-20000,-20000
07206P,鴻海凱基9A售11  ,0,0,0,0,0,0,0,0,0,-20000,0,0,0,0,20000,-20000,-20000
07336P,台灣50台新99售05,0,0,0,0,0,0,0,0,0,-20000,0,0,0,0,20000,-20000,-20000
1720,生達            ,80000,100000,-20000,0,0,0,0,0,0,0,0,0,0,0,0,0,-20000
053827,漢唐麥證9A購01  ,0,0,0,0,20000,-20000,0,0,0,-20000,0,0,0,0,20000,-20000,-20000
055515,聚陽中信9A購01  ,0,0,0,0,0,0,0,0,0,-20000,0,0,0,0,20000,-20000,-20000
053432,世紀鋼永豐96購02,0,0,0,0,0,0,0,0,0,-20000,0,0,0,10000,30000,-20000,-20000
051969,世紀鋼永豐95購01,0,0,0,0,0,0,0,0,0,-20000,0,0,0,0,20000,-20000,-20000
058155,牧德統一9A購01  ,0,0,0,0,0,0,0,0,0,-20000,0,0,0,20000,40000,-20000,-20000
058140,臻鼎元大99購02  ,0,0,0,0,0,0,0,0,0,-20000,0,0,0,50000,70000,-20000,-20000
057850,上銀兆豐99購02  ,0,0,0,0,0,0,0,0,0,-20000,0,0,0,0,20000,-20000,-20000
052223,聯電凱基96購02  ,0,0,0,0,0,0,0,0,0,-20000,0,0,0,0,20000,-20000,-20000
052431,茂林永豐95購03  ,0,0,0,0,0,0,0,0,0,-20000,0,0,0,30000,50000,-20000,-20000
052659,上証2X國票99購01,0,0,0,0,0,0,0,0,0,-20000,0,0,0,0,20000,-20000,-20000
053050,華通國票97購02  ,0,0,0,0,0,0,0,0,0,-20000,0,0,0,0,20000,-20000,-20000
054707,聯茂亞東97購01  ,0,0,0,0,0,0,0,0,0,-20000,0,0,0,26000,46000,-20000,-20000
054550,旺宏凱基98購02  ,0,0,0,0,0,0,0,0,0,-20000,0,0,0,0,20000,-20000,-20000
048125,和鑫元大96購01  ,0,0,0,0,0,0,0,0,0,-20000,0,0,0,0,20000,-20000,-20000
047123,中石化中信95購01,0,0,0,0,0,0,0,0,0,-20000,0,0,0,0,20000,-20000,-20000
050116,嘉澤元大94購03  ,0,0,0,0,0,0,0,0,0,-20000,0,0,0,70000,90000,-20000,-20000
05286P,矽力統一95售02  ,0,0,0,0,0,0,0,0,0,-20000,0,0,0,0,20000,-20000,-20000
04948P,瑞儀元大94售03  ,0,0,0,0,0,0,0,0,0,-20000,0,0,0,0,20000,-20000,-20000
049463,華新科富邦97購01,0,0,0,0,0,0,0,0,0,-20000,0,0,0,4000,24000,-20000,-20000
048847,A50群益98購01   ,0,0,0,0,0,0,0,0,0,-20000,0,0,0,0,20000,-20000,-20000
04922P,日月光凱基94售02,0,0,0,0,0,0,0,0,0,-20000,0,0,0,7000,27000,-20000,-20000
057482,微星元大98購03  ,0,0,0,0,0,0,0,0,0,-20000,0,0,0,0,20000,-20000,-20000
057065,牧德富邦99購01  ,0,0,0,0,0,0,0,0,0,-20000,0,0,0,0,20000,-20000,-20000
054917,聯發科凱基98購05,0,0,0,0,0,0,0,0,0,-20000,0,0,0,0,20000,-20000,-20000
056013,T50反1群益97購01,0,0,0,0,0,0,0,0,0,-20000,0,0,0,0,20000,-20000,-20000
058553,合勤控永豐99購01,0,0,0,0,0,0,0,0,0,-20000,0,0,0,0,20000,-20000,-20000
055898,訊芯第一97購01  ,0,0,0,0,0,0,0,0,0,-20000,0,0,0,0,20000,-20000,-20000
05912P,和大元大96售01  ,0,0,0,0,0,0,0,0,0,-20000,0,0,0,0,20000,-20000,-20000
058963,華新科兆豐99購05,0,0,0,0,0,0,0,0,0,-20000,0,0,0,0,20000,-20000,-20000
058693,旭富國票9A購01  ,0,0,0,0,0,0,0,0,0,-20000,0,0,0,0,20000,-20000,-20000
056586,光罩統一98購02  ,0,0,0,0,0,0,0,0,0,-20000,0,0,0,10000,30000,-20000,-20000
056598,京元電元富98購01,0,0,0,0,0,0,0,0,0,-20000,0,0,0,10000,30000,-20000,-20000
055657,超眾元富97購02  ,0,0,0,0,0,0,0,0,0,-20000,0,0,0,0,20000,-20000,-20000
05649P,矽創國票97售03  ,0,0,0,0,0,0,0,0,0,-20000,0,0,0,4000,24000,-20000,-20000
056224,聯發科凱基97購08,0,0,0,0,0,0,0,0,0,-20000,0,0,0,0,20000,-20000,-20000
056326,TPK兆豐98購01   ,0,0,0,0,0,0,0,0,0,-20000,0,0,0,0,20000,-20000,-20000
6409,旭隼            ,167000,183375,-16375,0,0,0,0,0,0,-4000,0,4000,-4000,0,0,0,-20375
07230P,滬深2X群益01售02,0,0,0,0,0,0,0,0,0,-21000,0,0,0,0,21000,-21000,-21000
059576,臺股指凱基99購42,0,0,0,0,0,0,0,0,0,-21000,0,0,0,0,21000,-21000,-21000
052939,富邦金兆豐96購01,0,0,0,0,0,0,0,0,0,-21000,0,0,0,0,21000,-21000,-21000
049947,S&P反1中信97購01,0,0,0,0,0,0,0,0,0,-21000,0,0,0,0,21000,-21000,-21000
047214,啟碁富邦97購01  ,0,0,0,0,0,0,0,0,0,-21000,0,0,0,0,21000,-21000,-21000
052777,燿華國票98購01  ,0,0,0,0,0,0,0,0,0,-21000,0,0,0,124000,145000,-21000,-21000
052602,聯電元大97購01  ,0,0,0,0,0,0,0,0,0,-21000,0,0,0,90000,111000,-21000,-21000
054720,禾伸堂永豐97購01,0,0,0,0,0,0,0,0,0,-21000,0,0,0,29000,50000,-21000,-21000
058484,元金2X國票04購01,0,0,0,0,0,0,0,0,0,-21000,0,0,0,8000,29000,-21000,-21000
058012,鈺齊國票99購01  ,0,0,0,0,0,0,0,0,0,-21000,0,0,0,0,21000,-21000,-21000
05757P,旺宏永豐96售03  ,0,0,0,0,0,0,0,0,0,-21000,0,0,0,0,21000,-21000,-21000
05875P,旺宏群益98售01  ,0,0,0,0,0,0,0,0,0,-21000,0,0,0,0,21000,-21000,-21000
058650,台虹永豐9A購01  ,0,0,0,0,0,0,0,0,0,-21000,0,0,0,4000,25000,-21000,-21000
058405,訊連元大99購02  ,0,0,0,0,0,0,0,0,0,-21000,0,0,0,19000,40000,-21000,-21000
059717,國巨元大99購21  ,0,0,0,0,0,0,0,0,0,-22000,0,0,0,34000,56000,-22000,-22000
059944,欣興永豐99購03  ,0,0,0,0,0,0,0,0,0,-22000,0,0,0,93000,115000,-22000,-22000
060059,鴻海兆豐99購06  ,0,0,0,0,0,0,0,0,0,-22000,0,0,0,23000,45000,-22000,-22000
060030,晶相光永豐99購03,0,0,0,0,0,0,0,0,0,-22000,0,0,0,10000,32000,-22000,-22000
060368,緯穎元富9A購03  ,0,0,0,0,0,0,0,0,0,-22000,0,0,0,0,22000,-22000,-22000
06902P,聯電凱基98售02  ,0,0,0,0,0,0,0,0,0,-22000,0,0,0,0,22000,-22000,-22000
6668,中揚光          ,176000,197000,-21000,0,0,0,0,0,0,-1000,0,1000,-1000,0,0,0,-22000
4989,榮科            ,27000,49000,-22000,0,0,0,0,0,0,0,0,0,0,0,0,0,-22000
3057,喬鼎            ,1000,23000,-22000,0,0,0,0,0,0,0,0,0,0,0,0,0,-22000
2466,冠西電          ,0,22000,-22000,0,0,0,0,0,0,0,0,0,0,0,0,0,-22000
052795,健策兆豐97購01  ,0,0,0,0,0,0,0,0,0,-22000,0,0,0,0,22000,-22000,-22000
051637,嘉聯益國票96購01,0,0,0,0,0,0,0,0,0,-22000,0,0,0,38000,60000,-22000,-22000
058242,玉晶光元大9A購01,0,0,0,0,0,0,0,0,0,-22000,0,0,0,0,22000,-22000,-22000
054148,矽創元大96購03  ,0,0,0,0,0,0,0,0,0,-22000,0,0,0,7000,29000,-22000,-22000
054075,GIS富邦97購02   ,0,0,0,0,0,0,0,0,0,-22000,0,0,0,0,22000,-22000,-22000
053929,正文國票97購01  ,0,0,0,0,0,0,0,0,0,-22000,0,0,0,0,22000,-22000,-22000
050512,台泥元大94購01  ,0,0,0,0,0,0,0,0,0,-22000,0,0,0,0,22000,-22000,-22000
058442,玉晶光台新99購01,0,0,0,0,0,0,0,0,0,-22000,0,0,0,580000,602000,-22000,-22000
058290,南電國票9A購01  ,0,0,0,0,0,0,0,0,0,-22000,0,0,0,16000,38000,-22000,-22000
057471,昇陽半永豐98購02,0,0,0,0,0,0,0,0,0,-22000,0,0,0,82000,104000,-22000,-22000
059161,鴻海凱基9A購09  ,0,0,0,0,0,0,0,0,0,-22000,0,0,0,112000,134000,-22000,-22000
059267,群創中信01購02  ,0,0,0,0,0,0,0,0,0,-22000,0,0,0,0,22000,-22000,-22000
057628,旺宏永豐98購02  ,0,0,0,0,0,0,0,0,0,-22000,0,0,0,117000,139000,-22000,-22000
055557,華新科凱基97購01,0,0,0,0,0,0,0,0,0,-22000,0,0,0,57000,79000,-22000,-22000
055615,宏達電國票99購02,0,0,0,0,0,0,0,0,0,-22000,0,0,0,54000,76000,-22000,-22000
4763,材料-KY         ,24000,47000,-23000,0,0,0,0,0,0,0,4000,4000,0,0,0,0,-23000
07198P,臺股指元大99售14,0,0,0,0,0,0,0,0,0,-23000,0,0,0,1000,24000,-23000,-23000
07506P,中租元大9A售01  ,0,0,0,0,0,0,0,0,0,-23000,0,0,0,0,23000,-23000,-23000
07127P,精元元大99售01  ,0,0,0,0,0,0,0,0,0,-23000,0,0,0,11000,34000,-23000,-23000
06753P,智邦富邦98售03  ,0,0,0,0,0,0,0,0,0,-23000,0,0,0,28000,51000,-23000,-23000
060026,聯發科富邦9B購05,0,0,0,0,0,0,0,0,0,-23000,0,0,0,40000,63000,-23000,-23000
05990P,台積電群益96售13,0,0,0,0,0,0,0,0,0,-23000,0,0,0,1000,24000,-23000,-23000
059704,聯發科凱基9A購08,0,0,0,0,0,0,0,0,0,-23000,0,0,0,2000,25000,-23000,-23000
059789,貿聯元大9A購02  ,0,0,0,0,0,0,0,0,0,-23000,0,0,0,226000,249000,-23000,-23000
052933,祥碩元大96購01  ,0,0,0,0,0,0,0,0,0,-23000,0,0,0,10000,33000,-23000,-23000
054252,奇力新元大96購04,0,0,0,0,0,0,0,0,0,-23000,0,0,0,115000,138000,-23000,-23000
047439,漢唐元大95購01  ,0,0,0,0,0,0,0,0,0,-23000,0,0,0,19000,42000,-23000,-23000
054050,創意元大96購06  ,0,0,0,0,0,0,0,0,0,-23000,0,0,0,10000,33000,-23000,-23000
057995,華新科中信98購02,0,0,0,0,0,0,0,0,0,-23000,0,0,0,0,23000,-23000,-23000
059250,大立光凱基99購06,0,0,0,0,0,0,0,0,0,-23000,0,0,0,20000,43000,-23000,-23000
059102,聯鈞元富99購01  ,0,0,0,0,0,0,0,0,0,-23000,0,0,0,60000,83000,-23000,-23000
058610,欣興元大99購05  ,0,0,0,0,0,0,0,0,0,-23000,0,0,0,85000,108000,-23000,-23000
057071,華擎永豐98購02  ,0,0,0,0,0,0,0,0,0,-23000,0,0,0,436000,459000,-23000,-23000
059637,大立光凱基01購01,0,0,0,0,0,0,0,0,0,-24000,0,0,0,1000,25000,-24000,-24000
059868,台光電凱基99購03,0,0,0,0,0,0,0,0,0,-24000,0,0,0,6000,30000,-24000,-24000
060281,卜蜂元大9C購01  ,0,0,0,0,0,0,0,0,0,-24000,0,0,0,0,24000,-24000,-24000
1463,強盛            ,6000,30000,-24000,0,0,0,0,0,0,0,0,0,0,0,0,0,-24000
057900,南亞科永豐98購01,0,0,0,0,0,0,0,0,0,-24000,0,0,0,180000,204000,-24000,-24000
053430,樺漢永豐96購01  ,0,0,0,0,0,0,0,0,0,-24000,0,0,0,94000,118000,-24000,-24000
053453,新光金統一98購01,0,0,0,0,0,0,0,0,0,-24000,0,0,0,50000,74000,-24000,-24000
049501,台郡元大95購01  ,0,0,0,0,0,0,0,0,0,-24000,0,0,0,254000,278000,-24000,-24000
058246,帆宣元大99購01  ,0,0,0,0,0,0,0,0,0,-24000,0,0,0,44000,68000,-24000,-24000
059113,群光永豐99購01  ,0,0,0,0,0,0,0,0,0,-24000,0,0,0,0,24000,-24000,-24000
059361,玉晶光永豐99購04,0,0,0,0,0,0,0,0,0,-24000,0,0,0,38000,62000,-24000,-24000
058069,美律凱基99購05  ,0,0,0,0,0,0,0,0,0,-24000,0,0,0,0,24000,-24000,-24000
058732,矽格永豐99購01  ,0,0,0,0,0,0,0,0,0,-24000,0,0,0,0,24000,-24000,-24000
058916,SGBR2X元富99購02,0,0,0,0,0,0,0,0,0,-24000,0,0,0,3000,27000,-24000,-24000
055070,聯茂永豐97購01  ,0,0,0,0,0,0,0,0,0,-24000,0,0,0,106000,130000,-24000,-24000
2436,偉詮電          ,146000,164000,-18000,0,0,0,0,0,0,-7000,0,7000,-7000,0,0,0,-25000
08674P,嘉晶元富07售02  ,0,0,0,0,0,0,0,0,0,-25000,0,0,0,0,25000,-25000,-25000
060343,台積電統一9C購02,0,0,0,0,0,0,0,0,0,-25000,0,0,0,18000,43000,-25000,-25000
060374,儒鴻元富9A購01  ,0,0,0,0,0,0,0,0,0,-25000,0,0,0,0,25000,-25000,-25000
060379,T50反1凱基9A購07,0,0,0,0,0,0,0,0,0,-25000,0,0,0,0,25000,-25000,-25000
060406,瑞祺國泰9B購01  ,0,0,0,0,0,0,0,0,0,-25000,0,0,0,0,25000,-25000,-25000
060039,大立光國票99購04,0,0,0,0,0,0,0,0,0,-25000,0,0,0,0,25000,-25000,-25000
060105,牧德元大9B購01  ,0,0,0,0,0,0,0,0,0,-25000,0,0,0,456000,481000,-25000,-25000
054064,台郡國票97購04  ,0,0,0,0,0,0,0,0,0,-25000,0,0,0,28000,53000,-25000,-25000
057952,元油2X元大98購21,0,0,0,0,0,0,0,0,0,-25000,0,0,0,0,25000,-25000,-25000
058233,聯發科元大99購06,0,0,0,0,0,0,0,0,0,-25000,0,0,0,26000,51000,-25000,-25000
053127,貿聯凱基97購01  ,0,0,0,0,0,0,0,0,0,-25000,0,0,0,13000,38000,-25000,-25000
054950,奇力新元大98購02,0,0,0,0,0,0,0,0,0,-25000,0,0,0,0,25000,-25000,-25000
058473,上銀凱基9A購03  ,0,0,0,0,0,0,0,0,0,-25000,0,0,0,0,25000,-25000,-25000
055335,健策兆豐98購01  ,0,0,0,0,0,0,0,0,0,-25000,0,0,0,0,25000,-25000,-25000
055230,大毅國票98購01  ,0,0,0,0,0,0,0,0,0,-25000,0,0,0,94000,119000,-25000,-25000
055217,緯創凱基97購02  ,0,0,0,0,0,0,0,0,0,-25000,0,0,0,47000,72000,-25000,-25000
05764P,世紀鋼永豐96售03,0,0,0,0,0,0,0,0,0,-25000,0,0,0,0,25000,-25000,-25000
056567,瀚宇博群益98購02,0,0,0,0,0,0,0,0,0,-25000,0,0,0,77000,102000,-25000,-25000
059241,旺宏凱基99購07  ,0,0,0,0,0,0,0,0,0,-25000,0,0,0,0,25000,-25000,-25000
059123,訊芯永豐99購03  ,0,0,0,0,0,0,0,0,0,-25000,0,0,0,187000,212000,-25000,-25000
058488,華擎國票9A購01  ,0,0,0,0,0,0,0,0,0,-25000,0,0,0,43000,68000,-25000,-25000
056890,國巨元大98購11  ,0,0,0,0,0,0,0,0,0,-25000,0,0,0,10000,35000,-25000,-25000
059519,台郡永豐99購01  ,0,0,0,0,0,0,0,0,0,-26000,0,0,0,338000,364000,-26000,-26000
060472,中租元大9A購02  ,0,0,0,0,0,0,0,0,0,-26000,0,0,0,0,26000,-26000,-26000
060145,牧德國票9A購02  ,0,0,0,0,0,0,0,0,0,-26000,0,0,0,153000,179000,-26000,-26000
07006P,旺宏統一9B售03  ,0,0,0,0,0,0,0,0,0,-26000,0,0,0,0,26000,-26000,-26000
07290P,台灣50凱基9A售08,0,0,0,0,0,0,0,0,0,-26000,0,0,0,8000,34000,-26000,-26000
3060,銘異            ,338000,364000,-26000,0,0,0,0,0,0,0,0,0,0,0,0,0,-26000
052572,群創凱基99購01  ,0,0,0,0,0,0,0,0,0,-26000,0,0,0,52000,78000,-26000,-26000
058345,台光電群益99購03,0,0,0,0,0,0,0,0,0,-26000,0,0,0,98000,124000,-26000,-26000
05860P,旺宏康和96售01  ,0,0,0,0,0,0,0,0,0,-26000,0,0,0,901000,927000,-26000,-26000
058876,南電國票9A購02  ,0,0,0,0,0,0,0,0,0,-26000,0,0,0,25000,51000,-26000,-26000
055320,建準國票98購01  ,0,0,0,0,0,0,0,0,0,-26000,0,0,0,1000,27000,-26000,-26000
2911,麗嬰房          ,8000,35000,-27000,0,0,0,0,0,0,0,0,0,0,0,0,0,-27000
2748,雲品            ,25000,2000,23000,0,0,0,0,21000,-21000,-29000,0,29000,-29000,0,0,0,-27000
07434P,臺股指國票9A售06,0,0,0,0,0,0,0,0,0,-27000,0,0,0,3000,30000,-27000,-27000
2109,華豐            ,6000,33000,-27000,0,0,0,0,0,0,0,0,0,0,0,0,0,-27000
060194,旭富元富9A購01  ,0,0,0,0,0,0,0,0,0,-27000,0,0,0,0,27000,-27000,-27000
059787,奇力新元大9A購02,0,0,0,0,0,0,0,0,0,-27000,0,0,0,130000,157000,-27000,-27000
059695,聯鈞永豐99購02  ,0,0,0,0,0,0,0,0,0,-27000,0,0,0,26000,53000,-27000,-27000
060031,旭富永豐99購02  ,0,0,0,0,0,0,0,0,0,-27000,0,0,0,16000,43000,-27000,-27000
054696,嘉聯益永豐97購01,0,0,0,0,0,0,0,0,0,-27000,0,0,0,0,27000,-27000,-27000
051594,和碩元大96購01  ,0,0,0,0,0,0,0,0,0,-27000,0,0,0,0,27000,-27000,-27000
058985,可成凱基99購03  ,0,0,0,0,0,0,0,0,0,-27000,0,0,0,11000,38000,-27000,-27000
056709,華通永豐98購01  ,0,0,0,0,0,0,0,0,0,-27000,0,0,0,62000,89000,-27000,-27000
055619,同欣電國票98購02,0,0,0,0,0,0,0,0,0,-27000,0,0,0,8000,35000,-27000,-27000
059512,晶豪科永豐99購02,0,0,0,0,0,0,0,0,0,-28000,0,0,0,0,28000,-28000,-28000
059566,台積電凱基9A購11,0,0,0,0,0,0,0,0,0,-28000,0,0,0,5000,33000,-28000,-28000
060312,潤泰全永豐9A購01,0,0,0,0,0,0,0,0,0,-28000,0,0,0,0,28000,-28000,-28000
07102P,南電元大99售03  ,0,0,0,0,0,0,0,0,0,-28000,0,0,0,12000,40000,-28000,-28000
2388,威盛            ,182000,210000,-28000,0,0,0,0,0,0,0,0,0,0,0,0,0,-28000
3052,夆典            ,270000,298000,-28000,0,0,0,0,0,0,0,0,0,0,0,0,0,-28000
047194,世紀鋼元大96購01,0,0,0,0,0,0,0,0,0,-28000,0,0,0,2000,30000,-28000,-28000
03647C,T50反1元富99牛02,0,0,0,0,0,0,0,0,0,-28000,0,0,0,0,28000,-28000,-28000
052279,旺宏凱基95購07  ,0,0,0,0,0,0,0,0,0,-28000,0,0,0,95000,123000,-28000,-28000
058626,瑞昱國票9A購01  ,0,0,0,0,0,0,0,0,0,-28000,0,0,0,16000,44000,-28000,-28000
056879,旺宏國票99購02  ,0,0,0,0,0,0,0,0,0,-28000,0,0,0,0,28000,-28000,-28000
6196,帆宣            ,515000,561000,-46000,0,0,0,0,0,0,17000,0,0,0,17000,0,17000,-29000
060246,晶相光元大9C購03,0,0,0,0,0,0,0,0,0,-29000,0,0,0,20000,49000,-29000,-29000
060060,台積電兆豐99購05,0,0,0,0,0,0,0,0,0,-29000,0,0,0,1000,30000,-29000,-29000
052756,國巨群益96購02  ,0,0,0,0,0,0,0,0,0,-29000,0,0,0,10000,39000,-29000,-29000
053073,技嘉康和96購01  ,0,0,0,0,0,0,0,0,0,-29000,0,0,0,292000,321000,-29000,-29000
058208,百和凱基99購01  ,0,0,0,0,0,0,0,0,0,-29000,0,0,0,72000,101000,-29000,-29000
057941,聯電國票99購01  ,0,0,0,0,0,0,0,0,0,-29000,0,0,0,42000,71000,-29000,-29000
057944,新日興國票99購02,0,0,0,0,0,0,0,0,0,-29000,0,0,0,2000,31000,-29000,-29000
053973,晶豪科元大96購01,0,0,0,0,0,0,0,0,0,-29000,0,0,0,15000,44000,-29000,-29000
053480,祥碩元大96購02  ,0,0,0,0,0,0,0,0,0,-29000,0,0,0,9000,38000,-29000,-29000
04840P,大立光元大94售18,0,0,0,0,0,0,0,0,0,-29000,0,0,0,26000,55000,-29000,-29000
054258,牧德元大97購01  ,0,0,0,0,0,0,0,0,0,-29000,0,0,0,96000,125000,-29000,-29000
052857,大成鋼凱基96購01,0,0,0,0,0,0,0,0,0,-29000,0,0,0,0,29000,-29000,-29000
055955,微星元大97購01  ,0,2000,-2000,0,0,0,0,0,0,-27000,0,0,0,15000,42000,-27000,-29000
05594P,旺宏國票96售04  ,0,0,0,0,0,0,0,0,0,-29000,0,0,0,201000,230000,-29000,-29000
059174,訊芯凱基99購01  ,0,0,0,0,0,0,0,0,0,-29000,0,0,0,431000,460000,-29000,-29000
059298,大立光元富9C購02,0,0,0,0,0,0,0,0,0,-29000,0,0,0,54000,83000,-29000,-29000
059455,玉晶光永豐99購05,0,0,0,0,0,0,0,0,0,-29000,0,0,0,33000,62000,-29000,-29000
058831,茂林永豐99購01  ,0,0,0,0,0,0,0,0,0,-29000,0,0,0,119000,148000,-29000,-29000
056228,可成凱基97購03  ,0,0,0,0,0,0,0,0,0,-29000,0,0,0,0,29000,-29000,-29000
059608,聯發科富邦9B購04,0,0,0,0,0,0,0,0,0,-30000,0,0,0,0,30000,-30000,-30000
059540,新光金日盛99購01,0,0,0,0,0,0,0,0,0,-30000,0,0,0,0,30000,-30000,-30000
059687,卜蜂永豐99購01  ,0,0,0,0,0,0,0,0,0,-30000,0,0,0,12000,42000,-30000,-30000
059654,T50反1元大99購09,0,0,0,0,0,0,0,0,0,-30000,0,0,0,20000,50000,-30000,-30000
059812,上証2X凱基9A購04,0,0,0,0,0,0,0,0,0,-30000,0,0,0,0,30000,-30000,-30000
060186,義隆元富9A購01  ,0,0,0,0,0,0,0,0,0,-30000,0,0,0,55000,85000,-30000,-30000
060455,葡萄王元大9A購02,0,0,0,0,0,0,0,0,0,-30000,0,0,0,0,30000,-30000,-30000
060425,凌華永豐9A購01  ,0,0,0,0,0,0,0,0,0,-30000,0,0,0,0,30000,-30000,-30000
06582P,可成凱基98售06  ,0,0,0,0,0,0,0,0,0,-30000,0,0,0,0,30000,-30000,-30000
6451,訊芯-KY         ,273000,321000,-48000,0,0,0,0,0,0,18000,0,1000,-1000,28000,9000,19000,-30000
3164,景岳            ,7000,37000,-30000,0,0,0,0,0,0,0,0,0,0,0,0,0,-30000
2891B,中信金乙特      ,0,3000,-3000,0,0,0,0,43000,-43000,16000,16000,0,16000,0,0,0,-30000
07312P,台灣50元大99售10,0,0,0,0,0,0,0,0,0,-30000,0,0,0,216000,246000,-30000,-30000
07234P,台灣50元大9B售04,0,0,0,0,0,0,0,0,0,-30000,0,0,0,0,30000,-30000,-30000
07248P,可成凱基99售06  ,0,0,0,0,0,0,0,0,0,-30000,0,0,0,0,30000,-30000,-30000
04989P,國巨元大94售15  ,0,0,0,0,0,0,0,0,0,-30000,0,0,0,0,30000,-30000,-30000
04177P,富邦金元大94售01,0,0,0,0,0,0,0,0,0,-30000,0,0,0,0,30000,-30000,-30000
050870,旭富永豐95購01  ,0,0,0,0,0,0,0,0,0,-30000,0,0,0,0,30000,-30000,-30000
05484P,台積電凱基95售18,0,0,0,0,0,0,0,0,0,-30000,0,0,0,0,30000,-30000,-30000
054004,鴻海統一96購14  ,0,0,0,0,0,0,0,0,0,-30000,0,0,0,90000,120000,-30000,-30000
054052,日月光元大96購06,0,0,0,0,0,0,0,0,0,-30000,0,0,0,0,30000,-30000,-30000
058166,鴻海凱基9A購01  ,0,0,0,0,0,0,0,0,0,-30000,0,0,0,26000,56000,-30000,-30000
051825,中環元大95購01  ,0,0,0,0,0,0,0,0,0,-30000,0,0,0,0,30000,-30000,-30000
053398,和鑫中信99購01  ,0,0,0,0,0,0,0,0,0,-30000,0,0,0,0,30000,-30000,-30000
058886,元石油元大9C購03,0,0,0,0,0,0,0,0,0,-30000,0,0,0,0,30000,-30000,-30000
056481,創意元大98購01  ,0,0,0,0,0,0,0,0,0,-30000,0,0,0,5000,35000,-30000,-30000
059308,T50反1元大99購07,0,0,0,0,0,0,0,0,0,-30000,0,0,0,30000,60000,-30000,-30000
05930P,景碩康和96售01  ,0,0,0,0,0,0,0,0,0,-30000,0,0,0,30000,60000,-30000,-30000
05591P,義隆群益96售03  ,0,0,0,0,0,0,0,0,0,-30000,0,0,0,20000,50000,-30000,-30000
055861,矽力元大97購03  ,0,0,0,0,0,0,0,0,0,-30000,0,0,0,0,30000,-30000,-30000
058613,茂林元大99購03  ,0,0,0,0,0,0,0,0,0,-30000,0,0,0,86000,116000,-30000,-30000
059129,麗豐中信99購01  ,0,0,0,0,0,0,0,0,0,-30000,0,0,0,0,30000,-30000,-30000
056025,嘉晶群益97購01  ,0,0,0,0,0,0,0,0,0,-30000,0,0,0,13000,43000,-30000,-30000
058564,元金2X凱基9C購01,0,0,0,0,0,0,0,0,0,-30000,0,0,0,2000,32000,-30000,-30000
057050,群創元大99購03  ,0,0,0,0,0,0,0,0,0,-30000,0,0,0,0,30000,-30000,-30000
057276,全新元大99購03  ,0,0,0,0,0,0,0,0,0,-30000,0,0,0,10000,40000,-30000,-30000
07258P,台灣50台新9A售01,0,0,0,0,0,0,0,0,0,-31000,0,0,0,0,31000,-31000,-31000
07280P,FBVIX凱基99售01 ,0,0,0,0,0,0,0,0,0,-31000,0,0,0,123000,154000,-31000,-31000
1626,艾美特-KY       ,12000,43000,-31000,0,0,0,0,0,0,0,0,0,0,0,0,0,-31000
07025P,玉晶光凱基99售01,0,0,0,0,0,0,0,0,0,-31000,0,0,0,0,31000,-31000,-31000
060338,鴻海統一9C購02  ,0,0,0,0,0,0,0,0,0,-31000,0,0,0,11000,42000,-31000,-31000
059925,可成國泰9B購01  ,0,0,0,0,0,0,0,0,0,-31000,0,0,0,50000,81000,-31000,-31000
05306P,泰碩國泰97售01  ,0,0,0,0,0,0,0,0,0,-31000,0,0,0,0,31000,-31000,-31000
058129,國巨元大99購10  ,0,0,0,0,0,0,0,0,0,-31000,0,0,0,4000,35000,-31000,-31000
048850,聯電群益96購01  ,0,0,0,0,0,0,0,0,0,-31000,0,0,0,310000,341000,-31000,-31000
057284,新日興元大98購03,0,0,0,0,0,0,0,0,0,-31000,0,0,0,10000,41000,-31000,-31000
05708P,奇力新國票97售04,0,0,0,0,0,0,0,0,0,-31000,0,0,0,0,31000,-31000,-31000
055858,聯茂元大97購03  ,0,0,0,0,0,0,0,0,0,-31000,0,0,0,0,31000,-31000,-31000
056139,貿聯元大97購04  ,0,0,0,0,0,0,0,0,0,-31000,0,0,0,42000,73000,-31000,-31000
05898P,旺宏凱基96售06  ,0,0,0,0,0,0,0,0,0,-31000,0,0,0,0,31000,-31000,-31000
055402,正文元富97購02  ,0,0,0,0,0,0,0,0,0,-31000,0,0,0,0,31000,-31000,-31000
059586,上銀元大9A購02  ,0,0,0,0,0,0,0,0,0,-32000,0,0,0,48000,80000,-32000,-32000
060347,大立光統一02購01,0,0,0,0,0,0,0,0,0,-32000,0,0,0,5000,37000,-32000,-32000
060170,世紀鋼永豐9A購01,0,0,0,0,0,0,0,0,0,-32000,0,0,0,0,32000,-32000,-32000
07235P,T50正2元大9C售02,0,0,0,0,0,0,0,0,0,-32000,0,0,0,0,32000,-32000,-32000
07190P,臺股指富邦9C售02,0,0,0,0,0,0,0,0,0,-32000,0,0,0,3000,35000,-32000,-32000
07468P,聯電元大9A售02  ,0,0,0,0,0,0,0,0,0,-32000,0,0,0,0,32000,-32000,-32000
4133,亞諾法          ,94000,126000,-32000,0,0,0,0,0,0,0,0,0,0,0,0,0,-32000
04980P,臺股指凱基96售08,0,0,0,0,0,0,0,0,0,-32000,0,0,0,0,32000,-32000,-32000
00680L,元大美債20正2   ,0,4000,-4000,0,0,0,0,0,0,-28000,0,0,0,0,28000,-28000,-32000
057975,台積電永豐98購05,0,0,0,0,0,0,0,0,0,-32000,0,0,0,58000,90000,-32000,-32000
053542,超眾永豐96購01  ,0,0,0,0,0,0,0,0,0,-32000,0,0,0,22000,54000,-32000,-32000
05467P,聯電元大95售02  ,0,0,0,0,0,0,0,0,0,-32000,0,0,0,0,32000,-32000,-32000
056146,台虹元大98購01  ,0,0,0,0,0,0,0,0,0,-32000,0,0,0,89000,121000,-32000,-32000
058777,台光電國票9A購01,0,0,0,0,0,0,0,0,0,-32000,0,0,0,0,32000,-32000,-32000
056938,泰碩元富98購01  ,0,0,0,0,0,0,0,0,0,-32000,0,0,0,0,32000,-32000,-32000
059224,大立光元大99購15,0,0,0,0,0,0,0,0,0,-32000,0,0,0,10000,42000,-32000,-32000
057000,亞德客國票99購01,0,0,0,0,0,0,0,0,0,-32000,0,0,0,31000,63000,-32000,-32000
057465,智易永豐98購02  ,0,0,0,0,0,0,0,0,0,-32000,0,0,0,22000,54000,-32000,-32000
9136,巨騰-DR         ,2000,34000,-32000,0,0,0,0,0,0,0,0,0,0,0,0,0,-32000
2069,運錩            ,1000,32000,-31000,0,0,0,0,0,0,-2000,0,2000,-2000,0,0,0,-33000
07105P,大毅元富99售02  ,0,0,0,0,0,0,0,0,0,-33000,0,0,0,1000,34000,-33000,-33000
059597,大立光元大99購21,0,0,0,0,0,0,0,0,0,-33000,0,0,0,0,33000,-33000,-33000
060000,國巨台新99購01  ,0,0,0,0,0,0,0,0,0,-33000,0,0,0,95000,128000,-33000,-33000
053630,奇鋐兆豐97購01  ,0,0,0,0,0,0,0,0,0,-33000,0,0,0,285000,318000,-33000,-33000
052272,T50反1群益95購03,0,0,0,0,0,0,0,0,0,-33000,0,0,0,17000,50000,-33000,-33000
052088,漢唐元大95購02  ,0,0,0,0,0,0,0,0,0,-33000,0,0,0,40000,73000,-33000,-33000
057286,群創元大9B購05  ,0,0,0,0,0,0,0,0,0,-33000,0,0,0,80000,113000,-33000,-33000
057672,茂林元大98購02  ,0,0,0,0,0,0,0,0,0,-33000,0,0,0,0,33000,-33000,-33000
056766,義隆元大98購01  ,0,0,0,0,0,0,0,0,0,-33000,0,0,0,39000,72000,-33000,-33000
060142,臺指反國票9B購01,0,0,0,0,0,0,0,0,0,-34000,0,0,0,2000,36000,-34000,-34000
07437P,臺股指麥證9A售04,0,0,0,0,34000,-34000,0,0,0,-34000,0,0,0,0,34000,-34000,-34000
07306P,台灣50凱基9A售09,0,0,0,0,0,0,0,0,0,-34000,0,0,0,162000,196000,-34000,-34000
052502,瀚宇博永豐95購02,0,0,0,0,0,0,0,0,0,-34000,0,0,0,5000,39000,-34000,-34000
0052,富邦科技        ,2000,1000,1000,0,0,0,20000,0,20000,-55000,0,0,0,110000,165000,-55000,-34000
051362,台郡元大95購04  ,0,0,0,0,0,0,0,0,0,-34000,0,0,0,3000,37000,-34000,-34000
05551P,電子類元大96售01,0,0,0,0,0,0,0,0,0,-34000,0,0,0,30000,64000,-34000,-34000
057102,亞光中信9A購01  ,0,0,0,0,0,0,0,0,0,-34000,0,0,0,0,34000,-34000,-34000
056963,建準永豐98購01  ,0,0,0,0,0,0,0,0,0,-34000,0,0,0,51000,85000,-34000,-34000
07327P,台灣50群益9A售06,0,0,0,0,0,0,0,0,0,-35000,0,0,0,0,35000,-35000,-35000
07452P,國巨元大9A售05  ,0,0,0,0,0,0,0,0,0,-35000,0,0,0,10000,45000,-35000,-35000
1473,台南            ,90000,124000,-34000,0,0,0,0,0,0,-1000,0,1000,-1000,0,0,0,-35000
6112,聚碩            ,11000,46000,-35000,0,0,0,0,0,0,0,0,0,0,0,0,0,-35000
060215,柏文康和9A購01  ,0,0,0,0,0,0,0,0,0,-35000,0,0,0,0,35000,-35000,-35000
060235,瑞昱元大9A購01  ,0,0,0,0,0,0,0,0,0,-35000,0,0,0,0,35000,-35000,-35000
06845P,億光元大98售02  ,0,0,0,0,0,0,0,0,0,-35000,0,0,0,0,35000,-35000,-35000
06992P,玉晶光日盛9B售01,0,0,0,0,0,0,0,0,0,-35000,0,0,0,0,35000,-35000,-35000
059504,台灣50永豐99購08,0,0,0,0,0,0,0,0,0,-35000,0,0,0,0,35000,-35000,-35000
052430,泰碩永豐95購02  ,0,0,0,0,0,0,0,0,0,-35000,0,0,0,0,35000,-35000,-35000
052816,上銀永豐96購01  ,0,0,0,0,0,0,0,0,0,-35000,0,0,0,13000,48000,-35000,-35000
058167,鴻海凱基9A購03  ,0,0,0,0,0,0,0,0,0,-35000,0,0,0,69000,104000,-35000,-35000
057265,聯詠兆豐98購01  ,0,0,0,0,0,0,0,0,0,-35000,0,0,0,10000,45000,-35000,-35000
056603,嘉聯益國泰9A購01,0,0,0,0,0,0,0,0,0,-35000,0,0,0,33000,68000,-35000,-35000
058694,鈺齊國票9A購02  ,0,0,0,0,0,0,0,0,0,-35000,0,0,0,13000,48000,-35000,-35000
055837,致茂元大97購02  ,0,0,0,0,0,0,0,0,0,-35000,0,0,0,0,35000,-35000,-35000
058980,鴻海凱基99購06  ,0,0,0,0,0,0,0,0,0,-35000,0,0,0,155000,190000,-35000,-35000
059751,華通群益9B購03  ,0,0,0,0,0,0,0,0,0,-36000,0,0,0,36000,72000,-36000,-36000
07171P,臺股指國票99售08,0,0,0,0,0,0,0,0,0,-36000,0,0,0,230000,266000,-36000,-36000
06729P,聯詠元大98售03  ,0,0,0,0,0,0,0,0,0,-36000,0,0,0,6000,42000,-36000,-36000
1215,卜蜂            ,144000,306000,-162000,0,0,0,130000,0,130000,-4000,0,0,0,1000,5000,-4000,-36000
058110,光寶科元富98購01,0,0,0,0,0,0,0,0,0,-36000,0,0,0,0,36000,-36000,-36000
053099,正崴元富96購01  ,0,0,0,0,0,0,0,0,0,-36000,0,0,0,28000,64000,-36000,-36000
05192P,玉晶光台新96售02,0,0,0,0,0,0,0,0,0,-36000,0,0,0,35000,71000,-36000,-36000
055175,建準統一97購01  ,0,0,0,0,0,0,0,0,0,-36000,0,0,0,0,36000,-36000,-36000
056214,義隆國票99購01  ,0,0,0,0,0,0,0,0,0,-36000,0,0,0,0,36000,-36000,-36000
055725,嘉聯益元大98購03,0,0,0,0,0,0,0,0,0,-36000,0,0,0,0,36000,-36000,-36000
058447,玉晶光富邦9A購02,0,0,0,0,0,0,0,0,0,-36000,0,0,0,22000,58000,-36000,-36000
056989,鴻海兆豐98購02  ,0,0,0,0,0,0,0,0,0,-36000,0,0,0,0,36000,-36000,-36000
059075,FBVIX元大99購01 ,0,0,0,0,0,0,0,0,0,-36000,0,0,0,0,36000,-36000,-36000
059274,國巨元大99購22  ,0,0,0,0,0,0,0,0,0,-36000,0,0,0,76000,112000,-36000,-36000
2207,和泰車          ,274060,274000,60,0,0,0,0,20000,-20000,-17000,1000,18000,-17000,0,0,0,-36940
07370P,南亞科凱基99售08,0,0,0,0,0,0,0,0,0,-37000,0,0,0,0,37000,-37000,-37000
3591,艾笛森          ,2000,39000,-37000,0,0,0,0,0,0,0,0,0,0,0,0,0,-37000
059532,華新科凱基9B購03,0,0,0,0,0,0,0,0,0,-37000,0,0,0,49000,86000,-37000,-37000
052295,揚明光國票96購03,0,0,0,0,0,0,0,0,0,-37000,0,0,0,0,37000,-37000,-37000
050615,奇力新元大95購03,0,0,0,0,0,0,0,0,0,-37000,0,0,0,214000,251000,-37000,-37000
058625,旺宏國票9A購01  ,0,0,0,0,0,0,0,0,0,-37000,0,0,0,4000,41000,-37000,-37000
055639,上銀元富97購02  ,0,0,0,0,0,0,0,0,0,-37000,0,0,0,261000,298000,-37000,-37000
059808,創意元富99購01  ,0,0,0,0,0,0,0,0,0,-38000,0,0,0,27000,65000,-38000,-38000
1701,中化            ,85000,123000,-38000,0,0,0,0,0,0,0,0,0,0,0,0,0,-38000
050584,瑞儀國票95購01  ,0,0,0,0,0,0,0,0,0,-38000,0,0,0,0,38000,-38000,-38000
049224,致新國票95購01  ,0,0,0,0,0,0,0,0,0,-38000,0,0,0,0,38000,-38000,-38000
047629,深中小元大96購01,0,0,0,0,0,0,0,0,0,-38000,0,0,0,110000,148000,-38000,-38000
054760,台化國票9A購01  ,0,0,0,0,0,0,0,0,0,-38000,0,0,0,51000,89000,-38000,-38000
051638,聯茂國票96購01  ,0,0,0,0,0,0,0,0,0,-38000,0,0,0,0,38000,-38000,-38000
057788,嘉聯益國票99購01,0,0,0,0,0,0,0,0,0,-38000,0,0,0,40000,78000,-38000,-38000
057587,微星國票99購01  ,0,0,0,0,0,0,0,0,0,-38000,0,0,0,0,38000,-38000,-38000
057577,廣宇中信9A購01  ,0,0,0,0,0,0,0,0,0,-38000,0,0,0,0,38000,-38000,-38000
057540,緯穎日盛99購01  ,0,0,0,0,0,0,0,0,0,-38000,0,0,0,130000,168000,-38000,-38000
058969,亞德客永豐99購01,0,0,0,0,0,0,0,0,0,-38000,0,0,0,12000,50000,-38000,-38000
055204,宏達電中信99購01,0,0,0,0,0,0,0,0,0,-38000,0,0,0,0,38000,-38000,-38000
058481,玉晶光凱基9A購04,0,0,0,0,0,0,0,0,0,-38000,0,0,0,172000,210000,-38000,-38000
057150,貿聯國票99購02  ,0,0,0,0,0,0,0,0,0,-38000,0,0,0,0,38000,-38000,-38000
057468,台郡永豐98購01  ,0,0,0,0,0,0,0,0,0,-38000,0,0,0,0,38000,-38000,-38000
06704P,玉晶光元富98售05,0,0,0,0,0,0,0,0,0,-39000,0,0,0,5000,44000,-39000,-39000
06888P,日月光元大98售02,0,0,0,0,0,0,0,0,0,-39000,0,0,0,22000,61000,-39000,-39000
060316,福懋科永豐9A購01,0,0,0,0,0,0,0,0,0,-39000,0,0,0,0,39000,-39000,-39000
052247,深中小永豐95購01,0,0,0,0,0,0,0,0,0,-39000,0,0,0,15000,54000,-39000,-39000
052294,創意國票96購03  ,0,0,0,0,0,0,0,0,0,-39000,0,0,0,99000,138000,-39000,-39000
04636P,臺股指群益94售11,0,0,0,0,0,0,0,0,0,-39000,0,0,0,2000,41000,-39000,-39000
05423P,聯電亞東95售02  ,0,0,0,0,0,0,0,0,0,-39000,0,0,0,0,39000,-39000,-39000
057287,彩晶元大9C購03  ,0,0,0,0,0,0,0,0,0,-39000,0,0,0,76000,115000,-39000,-39000
056449,義隆凱基98購03  ,0,0,0,0,0,0,0,0,0,-39000,0,0,0,35000,74000,-39000,-39000
06034P,世芯凱基96售03  ,0,0,0,0,0,0,0,0,0,-40000,0,0,0,0,40000,-40000,-40000
060435,鈺齊永豐9A購01  ,0,0,0,0,0,0,0,0,0,-40000,0,0,0,5000,45000,-40000,-40000
07059P,華通國票9A售02  ,0,0,0,0,0,0,0,0,0,-40000,0,0,0,10000,50000,-40000,-40000
06439P,上銀凱基98售02  ,0,0,0,0,0,0,0,0,0,-40000,0,0,0,0,40000,-40000,-40000
059564,鴻海凱基9A購15  ,0,0,0,0,0,0,0,0,0,-40000,0,0,0,13000,53000,-40000,-40000
6224,聚鼎            ,66000,104000,-38000,0,0,0,0,0,0,-2000,0,2000,-2000,0,0,0,-40000
4555,氣立            ,15000,55000,-40000,0,0,0,0,0,0,0,0,0,0,0,0,0,-40000
04978P,台表科凱基94售02,0,0,0,0,0,0,0,0,0,-40000,0,0,0,0,40000,-40000,-40000
052938,華新科兆豐96購01,0,0,0,0,0,0,0,0,0,-40000,0,0,0,197000,237000,-40000,-40000
050481,泰鼎國票96購01  ,0,0,0,0,0,0,0,0,0,-40000,0,0,0,18000,58000,-40000,-40000
05140P,台表科國票96售01,0,0,0,0,0,0,0,0,0,-40000,0,0,0,10000,50000,-40000,-40000
048350,世紀鋼元大95購01,0,0,0,0,0,0,0,0,0,-40000,0,0,0,239000,279000,-40000,-40000
047630,元油反元大96購02,0,0,0,0,0,0,0,0,0,-40000,0,0,0,0,40000,-40000,-40000
05250P,臻鼎國票96售01  ,0,0,0,0,0,0,0,0,0,-40000,0,0,0,0,40000,-40000,-40000
053077,同欣電永豐96購01,0,0,0,0,0,0,0,0,0,-40000,0,0,0,30000,70000,-40000,-40000
058124,玉晶光國票9A購01,0,0,0,0,0,0,0,0,0,-40000,0,0,0,148000,188000,-40000,-40000
052117,鴻海國票96購03  ,0,0,0,0,0,0,0,0,0,-40000,0,0,0,30000,70000,-40000,-40000
056720,世紀鋼永豐98購01,0,0,0,0,0,0,0,0,0,-40000,0,0,0,0,40000,-40000,-40000
056097,訊芯元富97購02  ,0,0,0,0,0,0,0,0,0,-40000,0,0,0,0,40000,-40000,-40000
055671,世紀鋼群益97購01,0,0,0,0,0,0,0,0,0,-40000,0,0,0,0,40000,-40000,-40000
057240,茂林凱基9A購01  ,0,0,0,0,0,0,0,0,0,-40000,0,0,0,1000,41000,-40000,-40000
057413,臺股指群益9C購04,0,0,0,0,0,0,0,0,0,-40000,0,0,0,1000,41000,-40000,-40000
057044,旺宏元大98購08  ,0,0,0,0,0,0,0,0,0,-40000,0,0,0,32000,72000,-40000,-40000
059134,臺股指群益99購09,0,0,0,0,0,0,0,0,0,-40000,0,0,0,15000,55000,-40000,-40000
056984,嘉晶群益98購01  ,0,0,0,0,0,0,0,0,0,-40000,0,0,0,13000,53000,-40000,-40000
056928,旺宏台新98購01  ,0,0,0,0,0,0,0,0,0,-40000,0,0,0,0,40000,-40000,-40000
2882A,國泰特          ,24000,0,24000,0,0,0,0,66000,-66000,1000,1000,0,1000,0,0,0,-41000
07381P,鴻海群益99售05  ,0,0,0,0,0,0,0,0,0,-41000,0,0,0,0,41000,-41000,-41000
07128P,大毅元大99售04  ,0,0,0,0,0,0,0,0,0,-41000,0,0,0,4000,45000,-41000,-41000
060248,日月光元大9A購01,0,0,0,0,0,0,0,0,0,-41000,0,0,0,58000,99000,-41000,-41000
053147,楠梓電元大98購01,0,0,0,0,0,0,0,0,0,-41000,0,0,0,50000,91000,-41000,-41000
051766,泰鼎元大95購02  ,0,0,0,0,0,0,0,0,0,-41000,0,0,0,19000,60000,-41000,-41000
052234,GIS凱基97購01   ,0,0,0,0,0,0,0,0,0,-41000,0,0,0,31000,72000,-41000,-41000
050832,力成凱基95購01  ,0,0,0,0,0,0,0,0,0,-41000,0,0,0,10000,51000,-41000,-41000
054404,新日興康和96購01,0,0,0,0,0,0,0,0,0,-41000,0,0,0,0,41000,-41000,-41000
059320,華新科元大99購15,0,0,0,0,0,0,0,0,0,-41000,0,0,0,29000,70000,-41000,-41000
055536,嘉聯益群益99購02,0,0,0,0,0,0,0,0,0,-41000,0,0,0,136000,177000,-41000,-41000
056120,聯茂群益97購02  ,0,0,0,0,0,0,0,0,0,-41000,0,0,0,22000,63000,-41000,-41000
057631,康控永豐98購02  ,0,0,0,0,0,0,0,0,0,-41000,0,0,0,125000,166000,-41000,-41000
06142P,台虹康和97售02  ,0,0,0,0,0,0,0,0,0,-42000,0,0,0,28000,70000,-42000,-42000
06533P,上証2X中信9B售01,0,0,0,0,0,0,0,0,0,-42000,0,0,0,0,42000,-42000,-42000
059792,台灣50國票9A購09,0,0,0,0,0,0,0,0,0,-42000,0,0,0,0,42000,-42000,-42000
059939,技嘉永豐99購01  ,0,0,0,0,0,0,0,0,0,-42000,0,0,0,31000,73000,-42000,-42000
05814P,臺股指國票96售07,0,0,0,0,0,0,0,0,0,-42000,0,0,0,0,42000,-42000,-42000
057815,信邦元大98購01  ,0,0,0,0,0,0,0,0,0,-42000,0,0,0,31000,73000,-42000,-42000
056669,貿聯國票99購01  ,0,0,0,0,0,0,0,0,0,-42000,0,0,0,0,42000,-42000,-42000
059443,嘉聯益元大9B購01,0,0,0,0,0,0,0,0,0,-42000,0,0,0,44000,86000,-42000,-42000
057376,新日興元大98購04,0,0,0,0,0,0,0,0,0,-42000,0,0,0,5000,47000,-42000,-42000
059877,康控凱基99購05  ,0,0,0,0,0,0,0,0,0,-43000,0,0,0,26000,69000,-43000,-43000
059816,聯電凱基99購03  ,0,0,0,0,0,0,0,0,0,-43000,0,0,0,132000,175000,-43000,-43000
059822,聯發科凱基99購19,0,0,0,0,0,0,0,0,0,-43000,0,0,0,71000,114000,-43000,-43000
06135P,志超元富97售01  ,0,0,0,0,0,0,0,0,0,-43000,0,0,0,18000,61000,-43000,-43000
052374,瑞昱元大95購02  ,0,0,0,0,0,0,0,0,0,-43000,0,0,0,8000,51000,-43000,-43000
054343,世紀鋼元富96購02,0,0,0,0,0,0,0,0,0,-43000,0,0,0,263000,306000,-43000,-43000
048832,玉晶光凱基95購02,0,0,0,0,0,0,0,0,0,-43000,0,0,0,148000,191000,-43000,-43000
057298,旭富永豐98購01  ,0,0,0,0,0,0,0,0,0,-43000,0,0,0,11000,54000,-43000,-43000
057388,奇鋐永豐98購02  ,0,0,0,0,0,0,0,0,0,-43000,0,0,0,4000,47000,-43000,-43000
057201,華擎元富98購01  ,0,0,0,0,0,0,0,0,0,-43000,0,0,0,47000,90000,-43000,-43000
058675,康控群益9B購01  ,0,0,0,0,0,0,0,0,0,-43000,0,0,0,0,43000,-43000,-43000
058762,貿聯群益99購03  ,0,0,0,0,0,0,0,0,0,-43000,0,0,0,0,43000,-43000,-43000
055617,TPK國票98購04   ,0,0,0,0,0,0,0,0,0,-43000,0,0,0,3000,46000,-43000,-43000
057533,晶相光元大98購02,0,0,0,0,0,0,0,0,0,-43000,0,0,0,125000,168000,-43000,-43000
5534,長虹            ,87671,107000,-19329,0,0,0,0,0,0,-24000,0,24000,-24000,0,0,0,-43329
2888A,新光金甲特      ,0,0,0,0,0,0,0,44000,-44000,0,0,0,0,0,0,0,-44000
060222,貿聯凱基9A購02  ,0,0,0,0,0,0,0,0,0,-44000,0,0,0,77000,121000,-44000,-44000
06296P,燿華元大98售01  ,0,0,0,0,0,0,0,0,0,-44000,0,0,0,14000,58000,-44000,-44000
060113,祥碩元大9B購01  ,0,0,0,0,0,0,0,0,0,-44000,0,0,0,39000,83000,-44000,-44000
058152,聯發科統一9B購02,0,0,0,0,0,0,0,0,0,-44000,0,0,0,0,44000,-44000,-44000
058085,景碩群益9A購01  ,0,0,0,0,0,0,0,0,0,-44000,0,0,0,8000,52000,-44000,-44000
058742,鴻海康和99購01  ,0,0,0,0,0,0,0,0,0,-44000,0,0,0,57000,101000,-44000,-44000
058944,元石油群益9C購02,0,0,0,0,0,0,0,0,0,-44000,0,0,0,0,44000,-44000,-44000
055344,國巨凱基97購04  ,0,0,0,0,0,0,0,0,0,-44000,0,0,0,26000,70000,-44000,-44000
056177,嘉澤元富97購01  ,0,0,0,0,0,0,0,0,0,-44000,0,0,0,303000,347000,-44000,-44000
057191,祥碩元大98購05  ,0,0,0,0,0,0,0,0,0,-44000,0,0,0,35000,79000,-44000,-44000
060122,亞德客永豐99購02,0,0,0,0,0,0,0,0,0,-45000,0,0,0,0,45000,-45000,-45000
059806,聯發科元富99購08,0,0,0,0,0,0,0,0,0,-45000,0,0,0,8000,53000,-45000,-45000
06982P,義隆凱基99售02  ,0,0,0,0,0,0,0,0,0,-45000,0,0,0,0,45000,-45000,-45000
2511,太子            ,281000,326000,-45000,0,0,0,0,0,0,0,0,0,0,0,0,0,-45000
8070,長華*           ,37000,72000,-35000,0,0,0,0,0,0,-10000,0,10000,-10000,0,0,0,-45000
053727,麗豐凱基97購01  ,0,0,0,0,0,0,0,0,0,-45000,0,0,0,0,45000,-45000,-45000
052362,瑞昱國票96購02  ,0,0,0,0,0,0,0,0,0,-45000,0,0,0,0,45000,-45000,-45000
053305,聯詠凱基96購02  ,0,0,0,0,0,0,0,0,0,-45000,0,0,0,57000,102000,-45000,-45000
051458,臺股指元大95購18,0,0,0,0,0,0,0,0,0,-45000,0,0,0,25000,70000,-45000,-45000
050626,A50正2中信96購02,0,0,0,0,0,0,0,0,0,-45000,0,0,0,0,45000,-45000,-45000
03425B,臺股指元大9A熊01,0,0,0,0,0,0,0,0,0,-45000,0,0,0,6000,51000,-45000,-45000
057433,上銀國票98購04  ,0,0,0,0,0,0,0,0,0,-45000,0,0,0,0,45000,-45000,-45000
058569,健策凱基9A購01  ,0,0,0,0,0,0,0,0,0,-45000,0,0,0,0,45000,-45000,-45000
056297,台光電元大97購04,0,0,0,0,0,0,0,0,0,-45000,0,0,0,0,45000,-45000,-45000
055352,奇力新凱基97購01,0,0,0,0,0,0,0,0,0,-45000,0,0,0,26000,71000,-45000,-45000
058977,SGBR2X凱基03購01,0,0,0,0,0,0,0,0,0,-45000,0,0,0,25000,70000,-45000,-45000
058874,聯鈞國票9A購01  ,0,0,0,0,0,0,0,0,0,-45000,0,0,0,17000,62000,-45000,-45000
056573,華新科元大99購06,0,0,0,0,0,0,0,0,0,-45000,0,0,0,37000,82000,-45000,-45000
2227,裕日車          ,24000,65000,-41000,0,0,0,1000,0,1000,-6000,0,6000,-6000,0,0,0,-46000
07133P,臺股指元大9A售27,0,0,0,0,0,0,0,0,0,-46000,0,0,0,0,46000,-46000,-46000
06374P,台表科元大97售06,0,0,0,0,0,0,0,0,0,-46000,0,0,0,0,46000,-46000,-46000
060254,世紀鋼元大9A購01,0,0,0,0,0,0,0,0,0,-46000,0,0,0,43000,89000,-46000,-46000
03414B,臺股指凱基99熊01,30000,0,30000,0,0,0,0,0,0,-76000,0,0,0,239000,315000,-76000,-46000
054735,漢唐凱基98購01  ,0,0,0,0,0,0,0,0,0,-46000,0,0,0,65000,111000,-46000,-46000
052696,玉晶光麥證97購01,0,0,0,0,61000,-61000,0,0,0,-46000,0,0,0,15000,61000,-46000,-46000
051807,瑞昱凱基95購03  ,0,0,0,0,0,0,0,0,0,-46000,0,0,0,3000,49000,-46000,-46000
057960,聯鈞元大98購02  ,0,0,0,0,0,0,0,0,0,-46000,0,0,0,157000,203000,-46000,-46000
056438,旺宏凱基98購05  ,0,0,0,0,0,0,0,0,0,-46000,0,0,0,93000,139000,-46000,-46000
056883,美食康和98購01  ,0,0,0,0,0,0,0,0,0,-46000,0,0,0,0,46000,-46000,-46000
057357,超眾統一98購01  ,0,0,0,0,0,0,0,0,0,-46000,0,0,0,23000,69000,-46000,-46000
059382,台灣50凱基99購02,0,0,0,0,0,0,0,0,0,-46000,0,0,0,0,46000,-46000,-46000
2608,嘉里大榮        ,26000,64299,-38299,0,0,0,9000,0,9000,-17000,5000,22000,-17000,0,0,0,-46299
059692,聯詠永豐99購01  ,0,0,0,0,0,0,0,0,0,-47000,0,0,0,125000,172000,-47000,-47000
059882,臺股指凱基9C購06,0,0,0,0,0,0,0,0,0,-47000,0,0,0,14000,61000,-47000,-47000
057967,聯發科國泰9A購02,0,0,0,0,0,0,0,0,0,-47000,0,0,0,15000,62000,-47000,-47000
057949,南電國票99購01  ,0,0,0,0,0,0,0,0,0,-47000,0,0,0,54000,101000,-47000,-47000
052819,義隆永豐96購01  ,0,0,0,0,0,0,0,0,0,-47000,0,0,0,179000,226000,-47000,-47000
051873,緯穎凱基95購02  ,0,0,0,0,0,0,0,0,0,-47000,0,0,0,11000,58000,-47000,-47000
054688,兆赫永豐97購01  ,0,0,0,0,0,0,0,0,0,-47000,0,0,0,0,47000,-47000,-47000
054710,東元元富97購01  ,0,0,0,0,0,0,0,0,0,-47000,0,0,0,0,47000,-47000,-47000
054317,昇陽半凱基98購01,0,0,0,0,0,0,0,0,0,-47000,0,0,0,0,47000,-47000,-47000
054169,上緯控凱基98購01,0,0,0,0,0,0,0,0,0,-47000,0,0,0,2000,49000,-47000,-47000
059453,奇力新永豐99購01,0,0,0,0,0,0,0,0,0,-47000,0,0,0,83000,130000,-47000,-47000
056044,同欣電凱基97購03,0,0,0,0,0,0,0,0,0,-47000,0,0,0,0,47000,-47000,-47000
056452,亞光凱基98購02  ,0,0,0,0,0,0,0,0,0,-47000,0,0,0,300000,347000,-47000,-47000
056213,建準國票98購02  ,0,0,0,0,0,0,0,0,0,-47000,0,0,0,1000,48000,-47000,-47000
056136,京鼎元大98購01  ,0,0,0,0,0,0,0,0,0,-47000,0,0,0,0,47000,-47000,-47000
055142,健策永豐98購01  ,0,0,0,0,0,0,0,0,0,-47000,0,0,0,8000,55000,-47000,-47000
057553,景碩凱基98購03  ,0,0,0,0,0,0,0,0,0,-47000,0,0,0,10000,57000,-47000,-47000
9939,宏全            ,222000,235000,-13000,0,0,0,20000,0,20000,-54000,31000,99000,-68000,14000,0,14000,-47000
06414P,矽力凱基97售03  ,0,0,0,0,0,0,0,0,0,-48000,0,0,0,0,48000,-48000,-48000
1721,三晃            ,6000,54000,-48000,0,0,0,0,0,0,0,0,0,0,0,0,0,-48000
07471P,南亞科元大9A售01,0,0,0,0,0,0,0,0,0,-48000,0,0,0,4000,52000,-48000,-48000
051743,揚明光國票96購02,0,0,0,0,0,0,0,0,0,-48000,0,0,0,0,48000,-48000,-48000
053499,禾伸堂兆豐96購01,0,0,0,0,0,0,0,0,0,-48000,0,0,0,84000,132000,-48000,-48000
053955,華通永豐96購04  ,0,0,0,0,0,0,0,0,0,-48000,0,0,0,26000,74000,-48000,-48000
057816,欣興元大98購13  ,0,0,0,0,0,0,0,0,0,-48000,0,0,0,6000,54000,-48000,-48000
058861,國巨凱基9A購08  ,0,0,0,0,0,0,0,0,0,-48000,0,0,0,24000,72000,-48000,-48000
058812,台積電統一9B購06,0,0,0,0,0,0,0,0,0,-48000,0,0,0,4000,52000,-48000,-48000
056149,亞光康和97購01  ,0,0,0,0,0,0,0,0,0,-48000,0,0,0,0,48000,-48000,-48000
056000,佳世達永豐97購01,0,0,0,0,0,0,0,0,0,-48000,0,0,0,78000,126000,-48000,-48000
054886,大毅統一97購01  ,0,0,0,0,0,0,0,0,0,-48000,0,0,0,22000,70000,-48000,-48000
059328,台灣50國票99購08,0,0,0,0,0,0,0,0,0,-48000,0,0,0,0,48000,-48000,-48000
1760,寶齡富錦        ,133000,168000,-35000,0,0,0,0,0,0,-14000,1000,15000,-14000,0,0,0,-49000
4551,智伸科          ,113000,143000,-30000,0,0,0,0,0,0,-19000,4000,20000,-16000,3000,6000,-3000,-49000
06766P,玉晶光元大99售10,0,0,0,0,0,0,0,0,0,-49000,0,0,0,0,49000,-49000,-49000
060253,昇陽半元大9C購01,0,0,0,0,0,0,0,0,0,-49000,0,0,0,66000,115000,-49000,-49000
060136,T50反1國票9A購01,0,0,0,0,0,0,0,0,0,-49000,0,0,0,6000,55000,-49000,-49000
06058P,玉晶光凱基97售04,0,0,0,0,0,0,0,0,0,-49000,0,0,0,62000,111000,-49000,-49000
059473,T50反1群益99購03,0,0,0,0,0,0,0,0,0,-49000,0,0,0,60000,109000,-49000,-49000
058139,臻鼎元大99購01  ,0,0,0,0,0,0,0,0,0,-49000,0,0,0,1000,50000,-49000,-49000
051690,超眾凱基95購03  ,0,0,0,0,0,0,0,0,0,-49000,0,0,0,0,49000,-49000,-49000
050547,華新科凱基95購01,0,0,0,0,0,0,0,0,0,-49000,0,0,0,94000,143000,-49000,-49000
058435,旺宏統一9B購02  ,7000,0,7000,0,0,0,0,0,0,-56000,0,0,0,0,56000,-56000,-49000
055780,禾伸堂凱基99購01,0,0,0,0,0,0,0,0,0,-49000,0,0,0,19000,68000,-49000,-49000
055772,致茂凱基97購01  ,0,0,0,0,0,0,0,0,0,-49000,0,0,0,0,49000,-49000,-49000
056583,昇陽半元大98購02,0,0,0,0,0,0,0,0,0,-49000,0,0,0,35000,84000,-49000,-49000
059963,臺指反凱基99購01,0,0,0,0,0,0,0,0,0,-50000,0,0,0,0,50000,-50000,-50000
060014,中鋼康和99購01  ,0,0,0,0,0,0,0,0,0,-50000,0,0,0,8000,58000,-50000,-50000
060027,元金2X永豐99購02,0,0,0,0,0,0,0,0,0,-50000,0,0,0,0,50000,-50000,-50000
06129P,玉晶光元富97售06,0,0,0,0,0,0,0,0,0,-50000,0,0,0,0,50000,-50000,-50000
06232P,智易永豐97售01  ,0,0,0,0,0,0,0,0,0,-50000,0,0,0,0,50000,-50000,-50000
060392,華擎群益9C購02  ,0,0,0,0,0,0,0,0,0,-50000,0,0,0,0,50000,-50000,-50000
07076P,鴻海凱基9A售08  ,0,0,0,0,0,0,0,0,0,-50000,0,0,0,0,50000,-50000,-50000
06933P,禾伸堂元大98售03,0,0,0,0,0,0,0,0,0,-50000,0,0,0,70000,120000,-50000,-50000
04947P,聯詠元大94售05  ,0,0,0,0,0,0,0,0,0,-50000,0,0,0,0,50000,-50000,-50000
054530,台光電國泰97購03,0,0,0,0,0,0,0,0,0,-50000,0,0,0,0,50000,-50000,-50000
050094,T50反1國泰95購01,0,0,0,0,0,0,0,0,0,-50000,0,0,0,0,50000,-50000,-50000
03035X,元展32          ,0,0,0,0,0,0,0,0,0,-50000,0,0,0,0,50000,-50000,-50000
04663P,臺股指國票94售02,0,0,0,0,0,0,0,0,0,-50000,0,0,0,33000,83000,-50000,-50000
03828P,致茂中信95售01  ,0,0,0,0,0,0,0,0,0,-50000,0,0,0,0,50000,-50000,-50000
04006P,滬深2X國票9B售01,0,0,0,0,0,0,0,0,0,-50000,0,0,0,0,50000,-50000,-50000
04403P,景碩國票95售01  ,0,0,0,0,0,0,0,0,0,-50000,0,0,0,30000,80000,-50000,-50000
053709,台達電凱基96購04,0,0,0,0,0,0,0,0,0,-50000,0,0,0,0,50000,-50000,-50000
053421,南亞科永豐96購01,0,0,0,0,0,0,0,0,0,-50000,0,0,0,0,50000,-50000,-50000
057989,旺宏統一99購04  ,0,0,0,0,0,0,0,0,0,-50000,0,0,0,17000,67000,-50000,-50000
053871,臻鼎元大96購03  ,0,0,0,0,0,0,0,0,0,-50000,0,0,0,52000,102000,-50000,-50000
053750,致伸永豐96購02  ,0,0,0,0,0,0,0,0,0,-50000,0,0,0,0,50000,-50000,-50000
058703,台積電元大99購16,0,0,0,0,0,0,0,0,0,-50000,0,0,0,4000,54000,-50000,-50000
058738,FBVIX中信03購04 ,0,0,0,0,0,0,0,0,0,-50000,0,0,0,0,50000,-50000,-50000
057525,光磊元大99購01  ,0,0,0,0,0,0,0,0,0,-50000,0,0,0,0,50000,-50000,-50000
055620,樺漢國票98購01  ,0,0,0,0,0,0,0,0,0,-50000,0,0,0,15000,65000,-50000,-50000
056480,京鼎元大98購02  ,0,0,0,0,0,0,0,0,0,-50000,0,0,0,0,50000,-50000,-50000
056523,光寶科中信98購01,0,0,0,0,0,0,0,0,0,-50000,0,0,0,0,50000,-50000,-50000
056162,祥碩凱基97購03  ,0,0,0,0,0,0,0,0,0,-50000,0,0,0,8000,58000,-50000,-50000
055413,全新富邦98購01  ,0,0,0,0,0,0,0,0,0,-50000,0,0,0,0,50000,-50000,-50000
058298,聯茂凱基99購05  ,0,0,0,0,0,0,0,0,0,-50000,0,0,0,4000,54000,-50000,-50000
056065,奇鋐元大97購01  ,0,0,0,0,0,0,0,0,0,-50000,0,0,0,22000,72000,-50000,-50000
058283,世紀鋼中信99購01,0,0,0,0,0,0,0,0,0,-50000,0,0,0,330000,380000,-50000,-50000
057392,福懋科永豐98購01,0,0,0,0,0,0,0,0,0,-50000,0,0,0,200000,250000,-50000,-50000
059908,元金2X元大99購01,0,0,0,0,0,0,0,0,0,-51000,0,0,0,10000,61000,-51000,-51000
059716,鴻海元大99購35  ,0,0,0,0,0,0,0,0,0,-51000,0,0,0,38000,89000,-51000,-51000
053818,富邦金群益98購01,0,0,0,0,0,0,0,0,0,-51000,0,0,0,120000,171000,-51000,-51000
054043,漢唐元大97購01  ,0,0,0,0,0,0,0,0,0,-51000,0,0,0,13000,64000,-51000,-51000
052104,英業達兆豐96購01,0,0,0,0,0,0,0,0,0,-51000,0,0,0,0,51000,-51000,-51000
057757,鴻海凱基98購13  ,0,0,0,0,0,0,0,0,0,-51000,0,0,0,135000,186000,-51000,-51000
006208,富邦台50        ,3000,2000,1000,0,0,0,0,0,0,-52000,0,0,0,429000,481000,-52000,-51000
00763U,街口道瓊銅      ,0,0,0,0,0,0,0,0,0,-51000,0,0,0,423000,474000,-51000,-51000
050106,台達電元大94購11,0,0,0,0,0,0,0,0,0,-51000,0,0,0,0,51000,-51000,-51000
059159,上銀凱基99購05  ,0,0,0,0,0,0,0,0,0,-51000,0,0,0,0,51000,-51000,-51000
059085,鴻海元大99購25  ,0,0,0,0,0,0,0,0,0,-51000,0,0,0,137000,188000,-51000,-51000
056239,宏達電群益98購01,0,0,0,0,0,0,0,0,0,-51000,0,0,0,103000,154000,-51000,-51000
058008,禾伸堂國票99購02,0,0,0,0,0,0,0,0,0,-51000,0,0,0,0,51000,-51000,-51000
059660,華新科元大9A購04,0,0,0,0,0,0,0,0,0,-52000,0,0,0,67000,119000,-52000,-52000
060116,世紀鋼元大99購07,0,0,0,0,0,0,0,0,0,-52000,0,0,0,127000,179000,-52000,-52000
053157,日月光元大96購03,0,0,0,0,0,0,0,0,0,-52000,0,0,0,0,52000,-52000,-52000
056544,貿聯凱基98購03  ,0,0,0,0,0,0,0,0,0,-52000,0,0,0,0,52000,-52000,-52000
2023,燁輝            ,486000,539000,-53000,0,0,0,0,0,0,0,0,0,0,0,0,0,-53000
07442P,華航康和9A售02  ,0,0,0,0,0,0,0,0,0,-53000,0,0,0,108000,161000,-53000,-53000
052075,旺宏元富95購03  ,0,0,0,0,0,0,0,0,0,-53000,0,0,0,158000,211000,-53000,-53000
054029,瀚宇博凱基96購02,0,0,0,0,0,0,0,0,0,-53000,0,0,0,0,53000,-53000,-53000
047673,瑞昱元富96購01  ,0,0,0,0,0,0,0,0,0,-53000,0,0,0,69000,122000,-53000,-53000
058044,鴻海元大99購07  ,0,0,0,0,0,0,0,0,0,-53000,0,0,0,74000,127000,-53000,-53000
056057,華邦電元大97購05,0,0,0,0,0,0,0,0,0,-53000,0,0,0,0,53000,-53000,-53000
060123,光罩永豐99購02  ,0,0,0,0,0,0,0,0,0,-54000,0,0,0,328000,382000,-54000,-54000
06734P,智邦凱基98售05  ,0,0,0,0,0,0,0,0,0,-54000,0,0,0,78000,132000,-54000,-54000
06332P,世紀鋼群益98售01,0,0,0,0,0,0,0,0,0,-54000,0,0,0,0,54000,-54000,-54000
05483P,國巨凱基95售07  ,0,0,0,0,0,0,0,0,0,-54000,0,0,0,17000,71000,-54000,-54000
057448,致茂元富98購01  ,0,0,0,0,0,0,0,0,0,-54000,0,0,0,44000,98000,-54000,-54000
059031,元石油中信03購01,0,0,0,0,0,0,0,0,0,-54000,0,0,0,0,54000,-54000,-54000
06545P,致茂元大98售01  ,0,0,0,0,0,0,0,0,0,-55000,0,0,0,0,55000,-55000,-55000
060226,道瓊反元大9A購01,0,0,0,0,0,0,0,0,0,-55000,0,0,0,252000,307000,-55000,-55000
060309,佳世達永豐9A購01,0,0,0,0,0,0,0,0,0,-55000,0,0,0,0,55000,-55000,-55000
07418P,聯發科元大99售45,0,0,0,0,0,0,0,0,0,-55000,0,0,0,5000,60000,-55000,-55000
07416P,台積電元大99售53,0,0,0,0,0,0,0,0,0,-55000,0,0,0,80000,135000,-55000,-55000
07242P,台灣50凱基9A售03,0,0,0,0,0,0,0,0,0,-55000,0,0,0,2000,57000,-55000,-55000
2849,安泰銀          ,9000,64000,-55000,0,0,0,0,0,0,0,0,0,0,0,0,0,-55000
052192,SP黃豆元富95購04,0,0,0,0,0,0,0,0,0,-55000,0,0,0,0,55000,-55000,-55000
051552,牧德永豐95購03  ,0,0,0,0,0,0,0,0,0,-55000,0,0,0,445000,500000,-55000,-55000
059283,康友永豐99購02  ,0,0,0,0,0,0,0,0,0,-55000,0,0,0,83000,138000,-55000,-55000
054866,宏盛群益98購01  ,0,0,0,0,0,0,0,0,0,-55000,0,0,0,5000,60000,-55000,-55000
058265,奇力新永豐9A購01,0,0,0,0,0,0,0,0,0,-55000,0,0,0,12000,67000,-55000,-55000
058514,潤泰全元大99購01,0,0,0,0,0,0,0,0,0,-55000,0,0,0,98000,153000,-55000,-55000
056133,可成元大97購05  ,0,0,0,0,0,0,0,0,0,-55000,0,0,0,2000,57000,-55000,-55000
055297,啟碁元大97購01  ,0,0,0,0,0,0,0,0,0,-55000,0,0,0,174000,229000,-55000,-55000
060326,群光群益9A購01  ,0,0,0,0,0,0,0,0,0,-56000,0,0,0,0,56000,-56000,-56000
060457,中橡元大9A購02  ,0,0,0,0,0,0,0,0,0,-56000,0,0,0,0,56000,-56000,-56000
059730,晶相光元大9C購02,0,0,0,0,0,0,0,0,0,-56000,0,0,0,141000,197000,-56000,-56000
059756,奇力新富邦9C購01,0,0,0,0,0,0,0,0,0,-56000,0,0,0,330000,386000,-56000,-56000
059783,旺宏元大99購17  ,0,0,0,0,0,0,0,0,0,-56000,0,0,0,48000,104000,-56000,-56000
050690,台達電凱基96購01,0,0,0,0,0,0,0,0,0,-56000,0,0,0,88000,144000,-56000,-56000
053804,富邦金凱基96購01,0,0,0,0,0,0,0,0,0,-56000,0,0,0,13000,69000,-56000,-56000
057957,嘉晶元大98購01  ,0,0,0,0,0,0,0,0,0,-56000,0,0,0,6000,62000,-56000,-56000
055834,國巨元大97購13  ,0,0,0,0,0,0,0,0,0,-56000,0,0,0,74000,130000,-56000,-56000
056266,開發金統一9A購01,0,0,0,0,0,0,0,0,0,-56000,0,0,0,274000,330000,-56000,-56000
058749,康控凱基99購03  ,0,0,0,0,0,0,0,0,0,-56000,0,0,0,146000,202000,-56000,-56000
057189,康控元大98購02  ,0,0,0,0,0,0,0,0,0,-56000,0,0,0,5000,61000,-56000,-56000
059795,鴻海國票99購07  ,0,0,0,0,0,0,0,0,0,-57000,0,0,0,30000,87000,-57000,-57000
059471,華新科元大99購17,0,0,0,0,0,0,0,0,0,-57000,0,0,0,61000,118000,-57000,-57000
046629,群創統一98購01  ,0,0,0,0,0,0,0,0,0,-57000,0,0,0,70000,127000,-57000,-57000
057252,牧德元富98購01  ,0,0,0,0,0,0,0,0,0,-57000,0,0,0,616000,673000,-57000,-57000
055713,國巨元大98購09  ,0,0,0,0,0,0,0,0,0,-57000,0,0,0,130000,187000,-57000,-57000
057529,嘉晶元大99購02  ,0,0,0,0,0,0,0,0,0,-57000,0,0,0,8000,65000,-57000,-57000
059953,聯發科康和99購01,0,0,0,0,0,0,0,0,0,-58000,0,0,0,0,58000,-58000,-58000
050212,瀚宇博國票95購02,0,0,0,0,0,0,0,0,0,-58000,0,0,0,26000,84000,-58000,-58000
049971,台郡國票95購01  ,0,0,0,0,0,0,0,0,0,-58000,0,0,0,0,58000,-58000,-58000
054001,康友群益96購02  ,0,0,0,0,0,0,0,0,0,-58000,0,0,0,1000,59000,-58000,-58000
054887,大毅統一98購01  ,0,0,0,0,0,0,0,0,0,-58000,0,0,0,269000,327000,-58000,-58000
059957,中信金康和99購01,0,0,0,0,0,0,0,0,0,-59000,0,0,0,0,59000,-59000,-59000
059536,新光金凱基99購05,0,0,0,0,0,0,0,0,0,-59000,0,0,0,293000,352000,-59000,-59000
059594,奇力新元大9B購01,0,0,0,0,0,0,0,0,0,-59000,0,0,0,76000,135000,-59000,-59000
07387P,臺股指群益99售25,0,0,0,0,0,0,0,0,0,-59000,0,0,0,16000,75000,-59000,-59000
1217,愛之味          ,394000,453000,-59000,0,0,0,0,0,0,0,0,0,0,0,0,0,-59000
2351,順德            ,87000,139000,-52000,0,0,0,0,0,0,-7000,0,7000,-7000,0,0,0,-59000
052182,鴻海群益96購01  ,0,0,0,0,0,0,0,0,0,-59000,0,0,0,0,59000,-59000,-59000
052246,超眾康和95購01  ,0,0,0,0,0,0,0,0,0,-59000,0,0,0,1000,60000,-59000,-59000
051243,微星元大95購01  ,0,0,0,0,0,0,0,0,0,-59000,0,0,0,0,59000,-59000,-59000
059334,A50正2國票9A購02,0,0,0,0,0,0,0,0,0,-59000,0,0,0,28000,87000,-59000,-59000
058662,禾伸堂兆豐99購01,0,0,0,0,0,0,0,0,0,-59000,0,0,0,176000,235000,-59000,-59000
055071,群電永豐97購01  ,0,0,0,0,0,0,0,0,0,-59000,0,0,0,0,59000,-59000,-59000
059907,道瓊指元大99購03,0,0,0,0,0,0,0,0,0,-60000,0,0,0,86000,146000,-60000,-60000
06053P,緯穎國票97售05  ,0,0,0,0,0,0,0,0,0,-60000,0,0,0,0,60000,-60000,-60000
060448,道瓊反元大9A購04,0,0,0,0,0,0,0,0,0,-60000,0,0,0,0,60000,-60000,-60000
060314,元翎永豐9A購01  ,0,0,0,0,0,0,0,0,0,-60000,0,0,0,0,60000,-60000,-60000
060150,華通富邦9B購01  ,0,0,0,0,0,0,0,0,0,-60000,0,0,0,66000,126000,-60000,-60000
051299,致茂凱基95購01  ,0,0,0,0,0,0,0,0,0,-60000,0,0,0,0,60000,-60000,-60000
03439B,臺股指元大99熊29,0,0,0,0,0,0,0,0,0,-60000,0,0,0,4000,64000,-60000,-60000
051544,T50反1康和98購01,0,0,0,0,0,0,0,0,0,-60000,0,0,0,0,60000,-60000,-60000
050809,鴻海凱基95購08  ,0,0,0,0,0,0,0,0,0,-60000,0,0,0,45000,105000,-60000,-60000
059312,元石油元大99購05,0,0,0,0,0,0,0,0,0,-60000,0,0,0,0,60000,-60000,-60000
057504,技嘉麥證98購01  ,0,0,0,0,60000,-60000,0,0,0,-60000,0,0,0,0,60000,-60000,-60000
057136,立積凱基98購02  ,0,0,0,0,0,0,0,0,0,-60000,0,0,0,0,60000,-60000,-60000
060114,緯穎元大99購10  ,0,0,0,0,0,0,0,0,0,-61000,0,0,0,40000,101000,-61000,-61000
054384,瀚宇博群益96購02,0,0,0,0,0,0,0,0,0,-61000,0,0,0,185000,246000,-61000,-61000
00701,國泰股利精選30  ,1000,8000,-7000,0,0,0,0,0,0,-54000,0,0,0,990000,1044000,-54000,-61000
053374,台達電元大96購03,0,0,0,0,0,0,0,0,0,-61000,0,0,0,68000,129000,-61000,-61000
053583,漢唐元大96購03  ,0,0,0,0,0,0,0,0,0,-61000,0,0,0,30000,91000,-61000,-61000
059195,國巨永豐99購04  ,0,0,0,0,0,0,0,0,0,-61000,0,0,0,16000,77000,-61000,-61000
055497,開發金元大97購01,0,0,0,0,0,0,0,0,0,-61000,0,0,0,0,61000,-61000,-61000
056380,麗豐元富98購01  ,0,0,0,0,0,0,0,0,0,-61000,0,0,0,118000,179000,-61000,-61000
055844,大毅元大98購01  ,0,0,0,0,0,0,0,0,0,-61000,0,0,0,228000,289000,-61000,-61000
058452,義隆永豐99購02  ,0,0,0,0,0,0,0,0,0,-61000,0,0,0,39000,100000,-61000,-61000
056596,光磊元富98購01  ,0,0,0,0,0,0,0,0,0,-61000,0,0,0,0,61000,-61000,-61000
058929,可成統一9C購01  ,0,0,0,0,0,0,0,0,0,-61000,0,0,0,34000,95000,-61000,-61000
060301,國巨富邦9C購02  ,0,0,0,0,0,0,0,0,0,-62000,0,0,0,54000,116000,-62000,-62000
06681P,致茂元大98售02  ,0,0,0,0,0,0,0,0,0,-62000,0,0,0,0,62000,-62000,-62000
07250P,台灣50永豐99售07,0,0,0,0,0,0,0,0,0,-62000,0,0,0,13000,75000,-62000,-62000
07305P,T50正2群益99售02,0,0,0,0,0,0,0,0,0,-62000,0,0,0,0,62000,-62000,-62000
2637,慧洋-KY         ,301000,337000,-36000,0,0,0,0,0,0,-26000,44000,105000,-61000,35000,0,35000,-62000
052681,T50反1元大98購02,0,0,0,0,0,0,0,0,0,-62000,0,0,0,0,62000,-62000,-62000
052511,聯發科凱基95購14,0,0,0,0,0,0,0,0,0,-62000,0,0,0,10000,72000,-62000,-62000
047689,瑞昱富邦97購01  ,0,0,0,0,0,0,0,0,0,-62000,0,0,0,0,62000,-62000,-62000
05059P,大立光國票96售02,0,0,0,0,0,0,0,0,0,-62000,0,0,0,52000,114000,-62000,-62000
056199,美律永豐97購01  ,0,0,0,0,0,0,0,0,0,-62000,0,0,0,6000,68000,-62000,-62000
3005,神基            ,573000,396000,177000,0,0,0,0,0,0,-240000,0,127000,-127000,8000,121000,-113000,-63000
060203,緯穎元富9A購01  ,0,0,0,0,0,0,0,0,0,-63000,0,0,0,47000,110000,-63000,-63000
04023P,臺股指元富99售02,0,0,0,0,0,0,0,0,0,-63000,0,0,0,0,63000,-63000,-63000
051652,昇陽半永豐96購02,0,0,0,0,0,0,0,0,0,-63000,0,0,0,0,63000,-63000,-63000
060166,佐登永豐9A購01  ,0,0,0,0,0,0,0,0,0,-64000,0,0,0,0,64000,-64000,-64000
059858,台灣50群益9A購09,0,0,0,0,0,0,0,0,0,-64000,0,0,0,90000,154000,-64000,-64000
059762,禾伸堂永豐99購02,0,0,0,0,0,0,0,0,0,-64000,0,0,0,179000,243000,-64000,-64000
07355P,臺股指國票99售23,0,0,0,0,0,0,0,0,0,-64000,0,0,0,22000,86000,-64000,-64000
07408P,台積電兆豐99售06,0,0,0,0,0,0,0,0,0,-64000,0,0,0,42000,106000,-64000,-64000
053442,光罩凱基96購01  ,0,0,0,0,0,0,0,0,0,-64000,0,0,0,16000,80000,-64000,-64000
00681R,元大美債20反1   ,0,0,0,0,0,0,0,0,0,-64000,0,0,0,17000,81000,-64000,-64000
055249,大毅統一99購01  ,0,0,0,0,0,0,0,0,0,-64000,0,0,0,0,64000,-64000,-64000
056497,GIS國泰99購01   ,0,0,0,0,0,0,0,0,0,-64000,0,0,0,10000,74000,-64000,-64000
2524,京城            ,15000,80000,-65000,0,0,0,0,0,0,0,0,0,0,0,0,0,-65000
06901P,亞德客凱基98售02,0,0,0,0,0,0,0,0,0,-65000,0,0,0,10000,75000,-65000,-65000
054227,宏達電元富96購02,0,0,0,0,0,0,0,0,0,-65000,0,0,0,5000,70000,-65000,-65000
052102,台泥兆豐96購01  ,0,0,0,0,0,0,0,0,0,-65000,0,0,0,37000,102000,-65000,-65000
058113,百和元富98購01  ,0,0,0,0,0,0,0,0,0,-65000,0,0,0,389000,454000,-65000,-65000
054722,傳奇永豐97購01  ,0,0,0,0,0,0,0,0,0,-65000,0,0,0,0,65000,-65000,-65000
056771,嘉晶元大99購01  ,0,0,0,0,0,0,0,0,0,-65000,0,0,0,0,65000,-65000,-65000
059072,元油2X元大9C購13,0,0,0,0,0,0,0,0,0,-65000,0,0,0,5000,70000,-65000,-65000
060359,國巨元富9A購02  ,0,0,0,0,0,0,0,0,0,-66000,0,0,0,24000,90000,-66000,-66000
052997,國巨康和96購01  ,0,0,0,0,0,0,0,0,0,-66000,0,0,0,0,66000,-66000,-66000
059300,國巨群益99購08  ,0,0,0,0,0,0,0,0,0,-66000,0,0,0,49000,115000,-66000,-66000
057075,嘉聯益永豐98購01,0,0,0,0,0,0,0,0,0,-66000,0,0,0,128000,194000,-66000,-66000
057573,京鼎永豐98購02  ,0,0,0,0,0,0,0,0,0,-66000,0,0,0,10000,76000,-66000,-66000
3034,聯詠            ,1456810,1834000,-377190,0,0,0,365000,47000,318000,-7000,36000,46000,-10000,35000,32000,3000,-66190
3048,益登            ,320000,473000,-153000,0,0,0,0,0,0,86000,86000,0,86000,0,0,0,-67000
07276P,臺股指群益99售19,0,0,0,0,0,0,0,0,0,-67000,0,0,0,477000,544000,-67000,-67000
07208P,台積電凱基99售14,0,0,0,0,0,0,0,0,0,-67000,0,0,0,0,67000,-67000,-67000
07163P,臺股指群益99售14,0,0,0,0,0,0,0,0,0,-67000,0,0,0,0,67000,-67000,-67000
059924,世紀鋼元大99購06,0,0,0,0,0,0,0,0,0,-67000,0,0,0,36000,103000,-67000,-67000
060018,國產康和99購01  ,0,0,0,0,0,0,0,0,0,-67000,0,0,0,30000,97000,-67000,-67000
059346,新日興凱基99購03,0,0,0,0,0,0,0,0,0,-67000,0,0,0,14000,81000,-67000,-67000
05994P,奇鋐元大96售02  ,0,0,0,0,0,0,0,0,0,-68000,0,0,0,62000,130000,-68000,-68000
060289,京元電元大9A購01,0,0,0,0,0,0,0,0,0,-68000,0,0,0,315000,383000,-68000,-68000
5203,訊連            ,52000,114000,-62000,0,0,0,0,10000,-10000,4000,5000,0,5000,2000,3000,-1000,-68000
057980,聯詠永豐98購01  ,0,0,0,0,0,0,0,0,0,-68000,0,0,0,117000,185000,-68000,-68000
05063P,聯電元大96售03  ,0,0,0,0,0,0,0,0,0,-68000,0,0,0,3000,71000,-68000,-68000
04616P,臺股指群益95售02,0,0,0,0,0,0,0,0,0,-68000,0,0,0,79000,147000,-68000,-68000
058658,瑞儀中信99購01  ,0,0,0,0,0,0,0,0,0,-68000,0,0,0,898000,966000,-68000,-68000
054908,群電康和97購01  ,0,0,0,0,0,0,0,0,0,-68000,0,0,0,0,68000,-68000,-68000
056209,超眾永豐97購02  ,0,0,0,0,0,0,0,0,0,-68000,0,0,0,1000,69000,-68000,-68000
05529P,臺股指群益96售02,0,0,0,0,0,0,0,0,0,-68000,0,0,0,116000,184000,-68000,-68000
055191,牧德元富97購01  ,0,0,0,0,0,0,0,0,0,-68000,0,0,0,177000,245000,-68000,-68000
6214,精誠            ,91600,149000,-57400,0,0,0,0,0,0,-11000,1000,16000,-15000,4000,0,4000,-68400
6206,飛捷            ,108000,177000,-69000,0,0,0,0,0,0,0,0,0,0,0,0,0,-69000
060048,元金2X凱基99購03,0,0,0,0,0,0,0,0,0,-69000,0,0,0,1000,70000,-69000,-69000
050808,台達電凱基96購02,0,0,0,0,0,0,0,0,0,-69000,0,0,0,11000,80000,-69000,-69000
053958,京元電永豐96購01,0,0,0,0,0,0,0,0,0,-69000,0,0,0,247000,316000,-69000,-69000
058931,玉晶光統一9C購01,0,0,0,0,0,0,0,0,0,-69000,0,0,0,23000,92000,-69000,-69000
059171,祥碩凱基99購04  ,0,0,0,0,0,0,0,0,0,-69000,0,0,0,19000,88000,-69000,-69000
053898,康友群益97購01  ,0,0,0,0,0,0,0,0,0,-70000,0,0,0,0,70000,-70000,-70000
052497,楠梓電永豐96購01,0,0,0,0,0,0,0,0,0,-70000,0,0,0,0,70000,-70000,-70000
054423,華新富邦96購01  ,0,0,0,0,0,0,0,0,0,-70000,0,0,0,0,70000,-70000,-70000
049751,牧德永豐95購01  ,0,0,0,0,0,0,0,0,0,-70000,0,0,0,245000,315000,-70000,-70000
059135,臺股指群益99購10,0,0,0,0,0,0,0,0,0,-70000,0,0,0,55000,125000,-70000,-70000
054885,建準統一98購01  ,0,0,0,0,0,0,0,0,0,-70000,0,0,0,0,70000,-70000,-70000
054872,瀚宇博群益98購01,0,0,0,0,0,0,0,0,0,-70000,0,0,0,121000,191000,-70000,-70000
057316,國巨凱基99購04  ,0,0,0,0,0,0,0,0,0,-70000,0,0,0,0,70000,-70000,-70000
056796,國巨麥證98購02  ,0,0,0,3000,80000,-77000,0,0,0,-70000,0,0,0,13000,83000,-70000,-70000
057574,中磊永豐98購01  ,0,0,0,0,0,0,0,0,0,-70000,0,0,0,10000,80000,-70000,-70000
058973,麗豐永豐99購01  ,0,0,0,0,0,0,0,0,0,-70000,0,0,0,88000,158000,-70000,-70000
3563,牧德            ,300000,604422,-304422,0,0,0,226000,0,226000,8000,19000,12000,7000,77000,76000,1000,-70422
07467P,上銀元大9A售03  ,0,0,0,0,0,0,0,0,0,-71000,0,0,0,10000,81000,-71000,-71000
1590,亞德客-KY       ,1486000,1372000,114000,0,0,0,50000,225000,-175000,-10000,2000,40000,-38000,36000,8000,28000,-71000
00770,國泰北美科技    ,0,0,0,0,0,0,0,0,0,-71000,0,0,0,11000,82000,-71000,-71000
055510,GIS元大97購03   ,0,0,0,0,0,0,0,0,0,-71000,0,0,0,80000,151000,-71000,-71000
055475,臻鼎凱基97購02  ,0,0,0,0,0,0,0,0,0,-71000,0,0,0,6000,77000,-71000,-71000
058070,華新科凱基98購07,0,0,0,0,0,0,0,0,0,-71000,0,0,0,118000,189000,-71000,-71000
058061,貿聯元富9B購01  ,0,0,0,0,0,0,0,0,0,-71000,0,0,0,1000,72000,-71000,-71000
058611,欣興元大99購06  ,0,0,0,0,0,0,0,0,0,-71000,0,0,0,35000,106000,-71000,-71000
2845,遠東銀          ,1142000,1014894,127106,0,0,0,0,0,0,-199000,0,199000,-199000,0,0,0,-71894
059613,泰鼎永豐99購02  ,0,0,0,0,0,0,0,0,0,-72000,0,0,0,0,72000,-72000,-72000
051422,超眾國票96購01  ,0,0,0,0,0,0,0,0,0,-72000,0,0,0,38000,110000,-72000,-72000
054799,超眾群益98購01  ,0,0,0,0,0,0,0,0,0,-72000,0,0,0,36000,108000,-72000,-72000
057824,日月光元大98購01,0,0,0,0,0,0,0,0,0,-72000,0,0,0,14000,86000,-72000,-72000
057785,智邦國票99購02  ,0,0,0,0,0,0,0,0,0,-72000,0,0,0,4000,76000,-72000,-72000
059386,上銀凱基99購07  ,0,0,0,0,0,0,0,0,0,-72000,0,0,0,5000,77000,-72000,-72000
055216,友達凱基98購05  ,0,0,0,0,0,0,0,0,0,-72000,0,0,0,37000,109000,-72000,-72000
6456,GIS-KY          ,432000,525000,-93000,0,0,0,0,0,0,20000,0,17000,-17000,53000,16000,37000,-73000
07404P,華新科凱基99售10,0,0,0,0,0,0,0,0,0,-73000,0,0,0,0,73000,-73000,-73000
058241,景碩元大99購05  ,0,0,0,0,0,0,0,0,0,-73000,0,0,0,52000,125000,-73000,-73000
053103,瀚宇博元富96購01,0,0,0,0,0,0,0,0,0,-73000,0,0,0,292000,365000,-73000,-73000
056153,華新科凱基97購02,0,0,0,0,0,0,0,0,0,-73000,0,0,0,32000,105000,-73000,-73000
056549,嘉聯益凱基98購04,0,0,0,0,0,0,0,0,0,-73000,0,0,0,133000,206000,-73000,-73000
059042,世紀鋼群益99購02,0,0,0,0,0,0,0,0,0,-73000,0,0,0,20000,93000,-73000,-73000
059143,國巨國票9A購04  ,0,0,0,0,0,0,0,0,0,-73000,0,0,0,46000,119000,-73000,-73000
058348,台表科群益99購01,0,0,0,0,0,0,0,0,0,-73000,0,0,0,58000,131000,-73000,-73000
057457,華邦電富邦98購01,0,0,0,0,0,0,0,0,0,-73000,0,0,0,601000,674000,-73000,-73000
060162,碩天永豐9A購01  ,0,0,0,0,0,0,0,0,0,-74000,0,0,0,17000,91000,-74000,-74000
057611,技嘉元富98購02  ,0,0,0,0,0,0,0,0,0,-74000,0,0,0,0,74000,-74000,-74000
059836,大立光國泰9B購02,0,0,0,0,0,0,0,0,0,-75000,0,0,0,123000,198000,-75000,-75000
052560,康舒國票97購01  ,0,0,0,0,0,0,0,0,0,-75000,0,0,0,0,75000,-75000,-75000
057821,晶相光元大98購03,0,0,0,0,0,0,0,0,0,-75000,0,0,0,42000,117000,-75000,-75000
052086,鴻海元大96購08  ,0,0,0,0,0,0,0,0,0,-75000,0,0,0,0,75000,-75000,-75000
054163,燿華凱基97購02  ,0,0,0,0,0,0,0,0,0,-75000,0,0,0,30000,105000,-75000,-75000
057731,華擎國泰9A購02  ,0,0,0,0,0,0,0,0,0,-75000,0,0,0,110000,185000,-75000,-75000
054970,帆宣元大97購01  ,0,0,0,0,0,0,0,0,0,-75000,0,0,0,0,75000,-75000,-75000
056872,旺宏凱基98購08  ,0,0,0,0,0,0,0,0,0,-75000,0,0,0,137000,212000,-75000,-75000
06802P,緯穎群益98售03  ,0,0,0,0,0,0,0,0,0,-76000,0,0,0,0,76000,-76000,-76000
050640,致新國票94購01  ,0,0,0,0,0,0,0,0,0,-76000,0,0,0,0,76000,-76000,-76000
050483,樺漢國票94購01  ,0,0,0,0,0,0,0,0,0,-76000,0,0,0,0,76000,-76000,-76000
049230,台達電富邦96購01,0,0,0,0,0,0,0,0,0,-76000,0,0,0,0,76000,-76000,-76000
057873,義隆元大98購03  ,0,0,0,0,0,0,0,0,0,-76000,0,0,0,22000,98000,-76000,-76000
058342,鴻海群益9A購01  ,0,0,0,0,0,0,0,0,0,-76000,0,0,0,55000,131000,-76000,-76000
055856,新唐元大97購03  ,0,0,0,0,0,0,0,0,0,-76000,0,0,0,61000,137000,-76000,-76000
059311,元石油元大99購04,0,0,0,0,0,0,0,0,0,-76000,0,0,0,0,76000,-76000,-76000
058730,玉晶光永豐9A購01,0,0,0,0,0,0,0,0,0,-76000,0,0,0,265000,341000,-76000,-76000
06859P,元金2X中信9C售01,0,0,0,0,0,0,0,0,0,-77000,0,0,0,5000,82000,-77000,-77000
059796,台積電國票99購10,0,0,0,0,0,0,0,0,0,-77000,0,0,0,44000,121000,-77000,-77000
053769,香港反元大99購01,0,0,0,0,0,0,0,0,0,-77000,0,0,0,0,77000,-77000,-77000
053134,南亞科國票97購01,0,0,0,0,0,0,0,0,0,-77000,0,0,0,84000,161000,-77000,-77000
055556,奇力新凱基98購03,0,0,0,0,0,0,0,0,0,-77000,0,0,0,0,77000,-77000,-77000
059437,京鼎元大99購02  ,0,0,0,0,0,0,0,0,0,-77000,0,0,0,14000,91000,-77000,-77000
057428,正崴兆豐98購01  ,0,0,0,0,0,0,0,0,0,-77000,0,0,0,5000,82000,-77000,-77000
054907,帆宣康和97購01  ,0,0,0,0,0,0,0,0,0,-77000,0,0,0,0,77000,-77000,-77000
059647,超眾凱基99購04  ,0,0,0,0,0,0,0,0,0,-78000,0,0,0,57000,135000,-78000,-78000
059931,緯穎富邦9A購01  ,0,0,0,0,0,0,0,0,0,-78000,0,0,0,41000,119000,-78000,-78000
060092,瑞昱元大99購03  ,0,0,0,0,0,0,0,0,0,-78000,0,0,0,5000,83000,-78000,-78000
03648C,T50反1元大96牛07,0,0,0,0,0,0,0,0,0,-78000,0,0,0,5000,83000,-78000,-78000
058402,欣興元大99購04  ,0,0,0,0,0,0,0,0,0,-78000,0,0,0,118000,196000,-78000,-78000
059388,國巨凱基99購13  ,0,0,0,0,0,0,0,0,0,-78000,0,0,0,62000,140000,-78000,-78000
058676,聯茂群益99購01  ,0,0,0,0,0,0,0,0,0,-78000,0,0,0,10000,88000,-78000,-78000
058729,國巨永豐99購03  ,0,0,0,0,0,0,0,0,0,-78000,0,0,0,18000,96000,-78000,-78000
060187,華新科元富9A購02,0,0,0,0,0,0,0,0,0,-79000,0,0,0,738000,817000,-79000,-79000
060198,祥碩元富9A購02  ,0,0,0,0,0,0,0,0,0,-79000,0,0,0,52000,131000,-79000,-79000
060264,華新科國票9A購02,0,0,0,0,0,0,0,0,0,-79000,0,0,0,128000,207000,-79000,-79000
058201,華通凱基9A購01  ,0,0,0,0,0,0,0,0,0,-79000,0,0,0,125000,204000,-79000,-79000
059296,大立光元富99購06,0,0,0,0,0,0,0,0,0,-79000,0,0,0,15000,94000,-79000,-79000
060238,強茂元大9C購01  ,0,0,0,0,0,0,0,0,0,-80000,0,0,0,0,80000,-80000,-80000
060298,鎧勝元大9C購01  ,0,0,0,0,0,0,0,0,0,-80000,0,0,0,0,80000,-80000,-80000
07210P,智邦凱基99售03  ,0,0,0,0,0,0,0,0,0,-80000,0,0,0,0,80000,-80000,-80000
052047,建準凱基96購01  ,0,0,0,0,0,0,0,0,0,-80000,0,0,0,0,80000,-80000,-80000
03669C,滬深2X元富09牛01,0,0,0,0,0,0,0,0,0,-80000,0,0,0,0,80000,-80000,-80000
04831P,聯詠富邦96售01  ,0,0,0,0,0,0,0,0,0,-80000,0,0,0,94000,174000,-80000,-80000
054161,友訊凱基98購01  ,0,0,0,0,0,0,0,0,0,-80000,0,0,0,0,80000,-80000,-80000
054537,南亞科亞東97購01,0,0,0,0,0,0,0,0,0,-80000,0,0,0,0,80000,-80000,-80000
057137,鈺齊凱基98購01  ,0,0,0,0,0,0,0,0,0,-80000,0,0,0,0,80000,-80000,-80000
056058,建準元大97購02  ,0,0,0,0,0,0,0,0,0,-80000,0,0,0,480000,560000,-80000,-80000
056681,鴻海統一98購09  ,0,0,0,0,0,0,0,0,0,-80000,0,0,0,88000,168000,-80000,-80000
055353,華新科凱基98購03,0,0,0,0,0,0,0,0,0,-80000,0,0,0,14000,94000,-80000,-80000
056748,T50反1兆豐99購01,0,0,0,0,0,0,0,0,0,-80000,0,0,0,0,80000,-80000,-80000
07382P,台積電群益9B售01,0,0,0,0,0,0,0,0,0,-81000,0,0,0,25000,106000,-81000,-81000
6504,南六            ,71000,152000,-81000,0,0,0,0,0,0,0,0,0,0,0,0,0,-81000
060358,國巨元富9A購01  ,0,0,0,0,0,0,0,0,0,-81000,0,0,0,32000,113000,-81000,-81000
060112,祥碩元大99購04  ,0,0,0,0,0,0,0,0,0,-81000,0,0,0,48000,129000,-81000,-81000
055138,大毅永豐97購02  ,0,0,0,0,0,0,0,0,0,-81000,0,0,0,73000,154000,-81000,-81000
060449,元金2X元大9A購02,0,0,0,0,0,0,0,0,0,-82000,0,0,0,0,82000,-82000,-82000
07140P,台灣50日盛99售01,0,0,0,0,0,0,0,0,0,-82000,0,0,0,180000,262000,-82000,-82000
052712,旺宏凱基96購02  ,0,0,0,0,0,0,0,0,0,-82000,0,0,0,27000,109000,-82000,-82000
056116,義隆群益97購02  ,0,0,0,0,0,0,0,0,0,-82000,0,0,0,136000,218000,-82000,-82000
056412,上証2X中信9A購02,0,0,0,0,0,0,0,0,0,-82000,0,0,0,0,82000,-82000,-82000
056607,貿聯富邦99購02  ,0,0,0,0,0,0,0,0,0,-82000,0,0,0,0,82000,-82000,-82000
057701,嘉聯益群益98購02,0,0,0,0,0,0,0,0,0,-82000,0,0,0,68000,150000,-82000,-82000
060428,瑞祺永豐9A購01  ,0,0,0,0,0,0,0,0,0,-83000,0,0,0,0,83000,-83000,-83000
052818,智邦永豐96購01  ,0,0,0,0,0,0,0,0,0,-83000,0,0,0,90000,173000,-83000,-83000
058836,FBVIX中信03購05 ,0,0,0,0,0,0,0,0,0,-83000,0,0,0,141000,224000,-83000,-83000
055776,宏達電凱基98購02,0,0,0,0,0,0,0,0,0,-83000,0,0,0,22000,105000,-83000,-83000
059146,貿聯國票9A購02  ,0,0,0,0,0,0,0,0,0,-83000,0,0,0,0,83000,-83000,-83000
1210,大成            ,618000,664458,-46458,0,0,0,17000,0,17000,-54000,0,54000,-54000,0,0,0,-83458
07462P,臺股指元大9B售05,0,0,0,0,0,0,0,0,0,-84000,0,0,0,11000,95000,-84000,-84000
2505,國揚            ,150000,239000,-89000,0,0,0,0,0,0,5000,0,0,0,10000,5000,5000,-84000
060032,利勤永豐99購01  ,0,0,0,0,0,0,0,0,0,-84000,0,0,0,0,84000,-84000,-84000
057787,TPK國票99購01   ,0,0,0,0,0,0,0,0,0,-84000,0,0,0,31000,115000,-84000,-84000
054930,群電凱基98購01  ,20000,0,20000,0,0,0,0,0,0,-104000,0,0,0,30000,134000,-104000,-84000
055779,國泰金凱基97購02,0,0,0,0,0,0,0,0,0,-84000,0,0,0,9000,93000,-84000,-84000
056770,國產元大98購02  ,0,0,0,0,0,0,0,0,0,-84000,0,0,0,30000,114000,-84000,-84000
056205,貿聯永豐97購01  ,0,0,0,0,0,0,0,0,0,-84000,0,0,0,0,84000,-84000,-84000
058479,亞光凱基9A購01  ,0,0,0,0,0,0,0,0,0,-84000,0,0,0,12000,96000,-84000,-84000
060459,鴻海元大9A購07  ,0,0,0,0,0,0,0,0,0,-85000,0,0,0,23000,108000,-85000,-85000
053300,大成鋼凱基96購02,0,0,0,0,0,0,0,0,0,-85000,0,0,0,0,85000,-85000,-85000
055019,福懋科元富97購01,0,0,0,0,0,0,0,0,0,-85000,0,0,0,26000,111000,-85000,-85000
057605,旺宏統一99購03  ,0,0,0,0,0,0,0,0,0,-85000,0,0,0,15000,100000,-85000,-85000
059403,T50反1台新03購03,10000,0,10000,0,0,0,0,0,0,-95000,0,0,0,34000,129000,-95000,-85000
07081P,南電群益9A售01  ,0,0,0,0,0,0,0,0,0,-86000,0,0,0,41000,127000,-86000,-86000
2455,全新            ,303000,410000,-107000,0,0,0,100000,0,100000,-79000,52000,94000,-42000,28000,65000,-37000,-86000
051731,聯電國票96購02  ,0,0,0,0,0,0,0,0,0,-86000,0,0,0,8000,94000,-86000,-86000
057888,貿聯群益98購02  ,0,0,0,0,0,0,0,0,0,-86000,0,0,0,0,86000,-86000,-86000
07218P,臺股指凱基99售31,0,0,0,0,0,0,0,0,0,-87000,0,0,0,0,87000,-87000,-87000
2337,旺宏            ,9278000,10938000,-1660000,0,0,0,929000,0,929000,644000,1126000,1251000,-125000,1305000,536000,769000,-87000
060339,國巨統一01購01  ,0,0,0,0,0,0,0,0,0,-87000,0,0,0,204000,291000,-87000,-87000
059682,可成富邦9A購01  ,0,50000,-50000,0,0,0,0,0,0,-37000,0,0,0,97000,134000,-37000,-87000
059525,上銀凱基99購08  ,0,0,0,0,0,0,0,0,0,-87000,0,0,0,0,87000,-87000,-87000
057987,大立光元富98購02,0,0,0,0,0,0,0,0,0,-87000,0,0,0,90000,177000,-87000,-87000
054212,聯詠國票97購03  ,0,0,0,0,0,0,0,0,0,-87000,0,0,0,101000,188000,-87000,-87000
055584,國巨元大97購11  ,0,0,0,0,0,0,0,0,0,-87000,0,0,0,97000,184000,-87000,-87000
058907,健策元大99購04  ,0,0,0,0,0,0,0,0,0,-87000,0,0,0,9000,96000,-87000,-87000
055796,南電國泰98購01  ,0,0,0,0,0,0,0,0,0,-87000,0,0,0,205000,292000,-87000,-87000
060121,新光金富邦99購01,0,0,0,0,0,0,0,0,0,-88000,0,0,0,251000,339000,-88000,-88000
060172,智原台新9A購01  ,0,0,0,0,0,0,0,0,0,-88000,0,0,0,11000,99000,-88000,-88000
4915,致伸            ,2026000,2083000,-57000,0,0,0,1000,0,1000,-32000,0,22000,-22000,0,10000,-10000,-88000
058190,貿聯永豐99購01  ,0,0,0,0,0,0,0,0,0,-88000,0,0,0,22000,110000,-88000,-88000
054767,日電貿國票98購01,0,0,0,0,0,0,0,0,0,-88000,0,0,0,33000,121000,-88000,-88000
056621,宏達電永豐98購01,0,0,0,0,0,0,0,0,0,-88000,0,0,0,5000,93000,-88000,-88000
056820,欣興永豐98購02  ,0,0,0,0,0,0,0,0,0,-88000,0,0,0,25000,113000,-88000,-88000
054862,群光群益97購01  ,0,0,0,0,0,0,0,0,0,-88000,0,0,0,110000,198000,-88000,-88000
060220,華新科凱基9A購08,0,0,0,0,0,0,0,0,0,-89000,0,0,0,7000,96000,-89000,-89000
059831,聯詠康和99購01  ,0,0,0,0,0,0,0,0,0,-89000,0,0,0,24000,113000,-89000,-89000
054502,泰碩永豐96購01  ,0,0,0,0,0,0,0,0,0,-89000,0,0,0,25000,114000,-89000,-89000
052864,奇力新凱基96購02,0,0,0,0,0,0,0,0,0,-89000,0,0,0,1000,90000,-89000,-89000
050424,鴻海凱基96購03  ,0,0,0,0,0,0,0,0,0,-89000,0,0,0,158000,247000,-89000,-89000
047298,聯茂元富96購01  ,0,0,0,0,0,0,0,0,0,-89000,0,0,0,13000,102000,-89000,-89000
055098,臺股指群益97購01,0,0,0,0,0,0,0,0,0,-89000,0,0,0,5000,94000,-89000,-89000
059527,聯發科凱基99購16,0,0,0,0,0,0,0,0,0,-90000,0,0,0,2000,92000,-90000,-90000
06864P,健策凱基98售01  ,0,0,0,0,0,0,0,0,0,-90000,0,0,0,40000,130000,-90000,-90000
06980P,緯穎永豐99售02  ,0,0,0,0,0,0,0,0,0,-90000,0,0,0,0,90000,-90000,-90000
03440B,臺股指元大9B熊02,18000,0,18000,0,0,0,0,0,0,-108000,0,0,0,254000,362000,-108000,-90000
048839,牧德凱基95購01  ,0,0,0,0,0,0,0,0,0,-90000,0,0,0,0,90000,-90000,-90000
051692,深中小統一95購01,0,0,0,0,0,0,0,0,0,-90000,0,0,0,0,90000,-90000,-90000
058095,昇陽半元大98購03,0,0,0,0,0,0,0,0,0,-90000,0,0,0,84000,174000,-90000,-90000
057870,大立光凱基99購02,0,0,0,0,0,0,0,0,0,-90000,0,0,0,10000,100000,-90000,-90000
05634P,玉晶光台新97售01,0,0,0,0,0,0,0,0,0,-90000,0,0,0,155000,245000,-90000,-90000
055667,致茂群益98購01  ,0,0,0,0,0,0,0,0,0,-90000,0,0,0,10000,100000,-90000,-90000
058251,百和元大99購03  ,0,0,0,0,0,0,0,0,0,-90000,0,0,0,0,90000,-90000,-90000
057216,聯發科群益99購01,0,0,0,0,0,0,0,0,0,-90000,0,0,0,35000,125000,-90000,-90000
059390,華新科凱基99購05,0,0,0,0,0,0,0,0,0,-90000,0,0,0,69000,159000,-90000,-90000
06896P,信邦中信98售01  ,0,0,0,0,0,0,0,0,0,-91000,0,0,0,21000,112000,-91000,-91000
07011P,宏達電凱基99售02,0,0,0,0,0,0,0,0,0,-91000,0,0,0,0,91000,-91000,-91000
060363,美律元富9A購01  ,0,0,0,0,0,0,0,0,0,-91000,0,0,0,12000,103000,-91000,-91000
059598,欣興元大99購08  ,0,0,0,0,0,0,0,0,0,-91000,0,0,0,120000,211000,-91000,-91000
2615,萬海            ,470000,435000,35000,0,0,0,0,0,0,-126000,0,126000,-126000,0,0,0,-91000
07304P,臺股指元大9A售37,0,0,0,0,0,0,0,0,0,-91000,0,0,0,66000,157000,-91000,-91000
054045,奇力新元大97購03,0,0,0,0,0,0,0,0,0,-91000,0,0,0,93000,184000,-91000,-91000
053694,創意元大96購03  ,0,0,0,0,0,0,0,0,0,-91000,0,0,0,133000,224000,-91000,-91000
054751,GIS凱基98購01   ,0,0,0,0,0,0,0,0,0,-91000,0,0,0,51000,142000,-91000,-91000
050921,旺宏凱基95購02  ,0,0,0,0,0,0,0,0,0,-91000,0,0,0,16000,107000,-91000,-91000
054906,神達康和97購01  ,0,0,0,0,0,0,0,0,0,-91000,0,0,0,54000,145000,-91000,-91000
056453,禾伸堂凱基99購02,0,0,0,0,0,0,0,0,0,-91000,0,0,0,88000,179000,-91000,-91000
07317P,T50正2凱基9B售02,0,0,0,0,0,0,0,0,0,-92000,0,0,0,0,92000,-92000,-92000
059526,鴻海凱基99購12  ,0,0,0,0,0,0,0,0,0,-92000,0,0,0,81000,173000,-92000,-92000
03428B,臺股指凱基97熊18,0,0,0,0,0,0,0,0,0,-92000,0,0,0,38000,130000,-92000,-92000
053361,友達元富99購01  ,0,0,0,0,0,0,0,0,0,-92000,0,0,0,722000,814000,-92000,-92000
058850,華新科群益99購03,0,0,0,0,0,0,0,0,0,-92000,0,0,0,255000,347000,-92000,-92000
057173,南亞科元大98購04,0,0,0,0,0,0,0,0,0,-92000,0,0,0,10000,102000,-92000,-92000
056959,鴻海永豐98購03  ,0,0,0,0,0,0,0,0,0,-92000,0,0,0,13000,105000,-92000,-92000
060218,台積電凱基9A購15,0,0,0,0,0,0,0,0,0,-93000,0,0,0,21000,114000,-93000,-93000
047970,鴻海富邦95購01  ,0,0,0,0,0,0,0,0,0,-93000,0,0,0,236000,329000,-93000,-93000
054164,強茂凱基98購01  ,0,0,0,0,0,0,0,0,0,-93000,0,0,0,156000,249000,-93000,-93000
056533,友達凱基9A購02  ,0,0,0,0,0,0,0,0,0,-93000,0,0,0,5000,98000,-93000,-93000
060086,鴻海元大99購42  ,0,0,0,0,0,0,0,0,0,-94000,0,0,0,44000,138000,-94000,-94000
053970,聯發科元大97購08,0,0,0,0,0,0,0,0,0,-94000,0,0,0,7000,101000,-94000,-94000
057568,友訊永豐99購01  ,0,0,0,0,0,0,0,0,0,-94000,0,0,0,0,94000,-94000,-94000
060089,台積電元大99購54,0,0,0,0,0,0,0,0,0,-95000,0,0,0,100000,195000,-95000,-95000
059928,道瓊銀富邦03購01,0,0,0,0,0,0,0,0,0,-95000,0,0,0,10000,105000,-95000,-95000
07129P,華新科元大99售14,0,0,0,0,0,0,0,0,0,-95000,0,0,0,435000,530000,-95000,-95000
2206,三陽工業        ,145000,240000,-95000,0,0,0,0,0,0,0,0,0,0,0,0,0,-95000
053721,國泰金凱基97購01,0,0,0,0,0,0,0,0,0,-95000,0,0,0,69000,164000,-95000,-95000
055720,宏達電元大97購05,0,0,0,0,0,0,0,0,0,-95000,0,0,0,9000,104000,-95000,-95000
058727,嘉晶富邦9A購01  ,0,0,0,0,0,0,0,0,0,-95000,0,0,0,2000,97000,-95000,-95000
056736,國巨凱基99購03  ,0,0,0,0,0,0,0,0,0,-95000,0,0,0,15000,110000,-95000,-95000
056684,旺宏統一98購02  ,0,0,0,0,0,0,0,0,0,-95000,0,0,0,177000,272000,-95000,-95000
059207,臺指反元大9C購02,0,0,0,0,0,0,0,0,0,-95000,0,0,0,0,95000,-95000,-95000
060275,元黃金元大9A購01,0,0,0,0,0,0,0,0,0,-96000,0,0,0,1000,97000,-96000,-96000
053784,奇力新元大97購02,0,0,0,0,0,0,0,0,0,-96000,0,0,0,357000,453000,-96000,-96000
053216,京鼎凱基96購02  ,0,0,0,0,0,0,0,0,0,-96000,0,0,0,0,96000,-96000,-96000
059097,世紀鋼元大99購05,0,0,0,0,0,0,0,0,0,-96000,0,0,0,39000,135000,-96000,-96000
057054,立積元大98購03  ,0,0,0,0,0,0,0,0,0,-96000,0,0,0,114000,210000,-96000,-96000
060306,台肥永豐9A購01  ,0,0,0,0,0,0,0,0,0,-97000,0,0,0,0,97000,-97000,-97000
07084P,S&P正2元富9B售02,0,0,0,0,0,0,0,0,0,-97000,0,0,0,0,97000,-97000,-97000
059835,聯發科國泰9B購01,0,0,0,0,0,0,0,0,0,-98000,0,0,0,10000,108000,-98000,-98000
053297,鎧勝中信98購01  ,0,0,0,0,0,0,0,0,0,-98000,0,0,0,0,98000,-98000,-98000
058091,欣興元大99購03  ,0,0,0,0,0,0,0,0,0,-98000,0,0,0,24000,122000,-98000,-98000
058086,鴻海元大98購14  ,0,0,0,0,0,0,0,0,0,-98000,0,0,0,22000,120000,-98000,-98000
057834,聯發科元富02購07,0,0,0,0,0,0,0,0,0,-98000,0,0,0,0,98000,-98000,-98000
051619,智邦凱基95購07  ,0,0,0,0,0,0,0,0,0,-98000,0,0,0,61000,159000,-98000,-98000
059231,華通國票9A購04  ,0,0,0,0,0,0,0,0,0,-98000,0,0,0,102000,200000,-98000,-98000
2059,川湖            ,53000,147000,-94000,0,0,0,0,0,0,-5000,0,5000,-5000,0,0,0,-99000
1582,信錦            ,150000,242000,-92000,0,0,0,0,0,0,-7000,0,7000,-7000,0,0,0,-99000
057926,帆宣凱基98購02  ,0,0,0,0,0,0,0,0,0,-99000,0,0,0,124000,223000,-99000,-99000
052827,昇陽半永豐97購01,0,0,0,0,0,0,0,0,0,-99000,0,0,0,0,99000,-99000,-99000
059370,玉晶光元富99購02,0,0,0,0,0,0,0,0,0,-99000,0,0,0,846000,945000,-99000,-99000
055291,京鼎元大97購02  ,0,0,0,0,0,0,0,0,0,-99000,0,0,0,204000,303000,-99000,-99000
057733,嘉聯益國泰99購01,0,0,0,0,0,0,0,0,0,-99000,0,0,0,137000,236000,-99000,-99000
07395P,台積電群益99售13,0,0,0,0,0,0,0,0,0,-100000,0,0,0,0,100000,-100000,-100000
07472P,和碩元大9A售03  ,0,0,0,0,0,0,0,0,0,-100000,0,0,0,0,100000,-100000,-100000
3004,豐達科          ,69000,169000,-100000,0,0,0,0,0,0,0,0,0,0,0,0,0,-100000
060077,台積電台新9B購01,0,0,0,0,0,0,0,0,0,-100000,0,0,0,7000,107000,-100000,-100000
07082P,美律元大99售06  ,0,0,0,0,0,0,0,0,0,-100000,0,0,0,0,100000,-100000,-100000
07014P,華通元大99售04  ,0,0,0,0,0,0,0,0,0,-100000,0,0,0,92000,192000,-100000,-100000
07173P,臺股指國票99售10,0,0,0,0,0,0,0,0,0,-100000,0,0,0,127000,227000,-100000,-100000
060219,聯發科凱基9A購09,0,0,0,0,0,0,0,0,0,-100000,0,0,0,0,100000,-100000,-100000
060364,奇力新元富9A購01,0,0,0,0,0,0,0,0,0,-100000,0,0,0,804000,904000,-100000,-100000
054120,奇力新永豐96購01,0,0,0,0,0,0,0,0,0,-100000,0,0,0,0,100000,-100000,-100000
051644,聯茂康和95購01  ,0,0,0,0,0,0,0,0,0,-100000,0,0,0,0,100000,-100000,-100000
053144,上証2X元大96購01,0,0,0,0,0,0,0,0,0,-100000,0,0,0,0,100000,-100000,-100000
03441B,臺股指凱基9A熊05,0,0,0,0,0,0,0,0,0,-100000,0,0,0,17000,117000,-100000,-100000
03436B,臺股指元富99熊13,0,0,0,0,0,0,0,0,0,-100000,0,0,0,0,100000,-100000,-100000
055675,亞德客凱基97購02,0,0,0,0,0,0,0,0,0,-100000,0,0,0,67000,167000,-100000,-100000
05881P,彩晶康和96售01  ,0,0,0,0,0,0,0,0,0,-100000,0,0,0,0,100000,-100000,-100000
05503P,智邦日盛96售01  ,0,0,0,0,0,0,0,0,0,-100000,0,0,0,0,100000,-100000,-100000
056100,楠梓電永豐97購02,0,0,0,0,0,0,0,0,0,-100000,0,0,0,0,100000,-100000,-100000
059338,滬深2X凱基9C購02,0,0,0,0,0,0,0,0,0,-100000,0,0,0,0,100000,-100000,-100000
059273,臺指反元大9C購03,0,0,0,0,0,0,0,0,0,-100000,0,0,0,0,100000,-100000,-100000
055937,康舒群益97購01  ,0,0,0,0,0,0,0,0,0,-100000,0,0,0,0,100000,-100000,-100000
054857,信錦群益97購01  ,0,0,0,0,0,0,0,0,0,-100000,0,0,0,0,100000,-100000,-100000
046340,滬深2X國票96購01,0,0,0,0,0,0,0,0,0,-101000,0,0,0,0,101000,-101000,-101000
053962,聯茂永豐96購01  ,0,0,0,0,0,0,0,0,0,-101000,0,0,0,5000,106000,-101000,-101000
059131,國巨群益99購07  ,0,0,0,0,0,0,0,0,0,-101000,0,0,0,10000,111000,-101000,-101000
059263,瑞昱中信01購01  ,0,0,0,0,0,0,0,0,0,-101000,0,0,0,30000,131000,-101000,-101000
056323,旺宏兆豐98購01  ,0,0,0,0,0,0,0,0,0,-101000,0,0,0,0,101000,-101000,-101000
9940,信義            ,32000,97000,-65000,0,0,0,0,0,0,-36000,0,36000,-36000,0,0,0,-101000
059922,大立光元大99購25,0,0,0,0,0,0,0,0,0,-102000,0,0,0,1000,103000,-102000,-102000
059510,華新科永豐99購07,0,0,0,0,0,0,0,0,0,-102000,0,0,0,153000,255000,-102000,-102000
2881A,富邦特          ,0,0,0,0,0,0,0,0,0,-102000,3000,105000,-102000,0,0,0,-102000
053954,貿聯康和96購01  ,0,0,0,0,0,0,0,0,0,-102000,0,0,0,34000,136000,-102000,-102000
053638,信邦永豐96購01  ,0,0,0,0,0,0,0,0,0,-102000,0,0,0,0,102000,-102000,-102000
058010,帆宣國票98購01  ,0,0,0,0,0,0,0,0,0,-102000,0,0,0,96000,198000,-102000,-102000
07301P,臺股指元大9A售34,0,0,0,0,0,0,0,0,0,-103000,0,0,0,56000,159000,-103000,-103000
059531,華新科凱基9B購02,0,0,0,0,0,0,0,0,0,-103000,0,0,0,22000,125000,-103000,-103000
059747,台達電台新99購01,0,0,0,0,0,0,0,0,0,-103000,0,0,0,420000,523000,-103000,-103000
053487,台泥兆豐97購01  ,0,0,0,0,0,0,0,0,0,-103000,0,0,0,0,103000,-103000,-103000
052875,樺漢凱基96購02  ,0,0,0,0,0,0,0,0,0,-103000,0,0,0,0,103000,-103000,-103000
058748,景碩凱基9A購01  ,0,0,0,0,0,0,0,0,0,-103000,0,0,0,8000,111000,-103000,-103000
057639,國巨元大99購07  ,0,0,0,0,0,0,0,0,0,-103000,0,0,0,1000,104000,-103000,-103000
059345,禾伸堂凱基99購03,0,0,0,0,0,0,0,0,0,-104000,0,0,0,93000,197000,-104000,-104000
059039,致伸群益99購01  ,0,0,0,0,0,0,0,0,0,-104000,0,0,0,97000,201000,-104000,-104000
057696,聯電群益9A購01  ,0,0,0,0,0,0,0,0,0,-104000,0,0,0,26000,130000,-104000,-104000
060476,瑞祺元大9A購02  ,0,0,0,0,0,0,0,0,0,-105000,0,0,0,0,105000,-105000,-105000
060171,宏達電台新9A購01,0,0,0,0,0,0,0,0,0,-105000,0,0,0,30000,135000,-105000,-105000
07289P,台灣50凱基99售07,0,0,0,0,0,0,0,0,0,-105000,0,0,0,109000,214000,-105000,-105000
07364P,大立光元大99售27,0,0,0,0,0,0,0,0,0,-105000,0,0,0,0,105000,-105000,-105000
050922,南亞科凱基95購02,0,0,0,0,0,0,0,0,0,-105000,0,0,0,40000,145000,-105000,-105000
053399,創意中信96購01  ,0,0,0,0,0,0,0,0,0,-105000,0,0,0,0,105000,-105000,-105000
055209,勤誠康和97購01  ,0,0,0,0,0,0,0,0,0,-105000,0,0,0,0,105000,-105000,-105000
058507,美律元大9A購01  ,0,0,0,0,0,0,0,0,0,-105000,0,0,0,230000,335000,-105000,-105000
058315,TPK富邦9C購01   ,0,0,0,0,0,0,0,0,0,-105000,0,0,0,382000,487000,-105000,-105000
060155,友訊永豐9A購01  ,0,0,0,0,0,0,0,0,0,-106000,0,0,0,5000,111000,-106000,-106000
050634,華新科群益96購01,0,0,0,0,0,0,0,0,0,-106000,0,0,0,77000,183000,-106000,-106000
058578,聯發科群益99購03,0,0,0,0,0,0,0,0,0,-106000,0,0,0,3000,109000,-106000,-106000
058533,玉晶光元富99購01,0,0,0,0,0,0,0,0,0,-106000,0,0,0,16000,122000,-106000,-106000
058981,國巨凱基99購10  ,0,0,0,0,0,0,0,0,0,-106000,0,0,0,96000,202000,-106000,-106000
055437,禾伸堂中信99購01,0,0,0,0,0,0,0,0,0,-106000,0,0,0,0,106000,-106000,-106000
056772,欣興元大99購01  ,0,0,0,0,0,0,0,0,0,-106000,0,0,0,24000,130000,-106000,-106000
056765,友達元大9B購05  ,0,0,0,0,0,0,0,0,0,-106000,0,0,0,0,106000,-106000,-106000
059528,華新科凱基99購06,0,0,0,0,0,0,0,0,0,-107000,0,0,0,52000,159000,-107000,-107000
053506,南茂兆豐97購01  ,0,0,0,0,0,0,0,0,0,-107000,0,0,0,39000,146000,-107000,-107000
055835,華邦電元大97購03,0,0,0,0,0,0,0,0,0,-107000,0,0,0,0,107000,-107000,-107000
058957,貿聯國票9A購01  ,0,0,0,0,0,0,0,0,0,-107000,0,0,0,1000,108000,-107000,-107000
06185P,台表科元大97售05,0,0,0,0,0,0,0,0,0,-108000,0,0,0,10000,118000,-108000,-108000
07172P,臺股指國票99售09,0,0,0,0,0,0,0,0,0,-108000,0,0,0,87000,195000,-108000,-108000
1560,中砂            ,137000,245000,-108000,0,0,0,0,0,0,0,0,0,0,0,0,0,-108000
057826,祥碩元大98購08  ,0,0,0,0,0,0,0,0,0,-108000,0,0,0,18000,126000,-108000,-108000
053653,京元電凱基96購02,0,0,0,0,0,0,0,0,0,-108000,0,0,0,37000,145000,-108000,-108000
054523,GIS元大96購05   ,0,0,0,0,0,0,0,0,0,-108000,0,0,0,29000,137000,-108000,-108000
056435,台積電凱基98購09,0,0,0,0,0,0,0,0,0,-108000,0,0,0,112000,220000,-108000,-108000
056365,欣興元大98購01  ,0,0,0,0,0,0,0,0,0,-108000,0,0,0,48000,156000,-108000,-108000
5434,崇越            ,174327,280000,-105673,0,0,0,2000,0,2000,-5000,2000,7000,-5000,0,0,0,-108673
07391P,台灣50國泰02售01,0,0,0,0,0,0,0,0,0,-109000,0,0,0,142000,251000,-109000,-109000
058906,晶相光元大99購01,0,0,0,0,0,0,0,0,0,-109000,0,0,0,18000,127000,-109000,-109000
055572,鴻海統一98購04  ,0,0,0,0,0,0,0,0,0,-109000,0,0,0,44000,153000,-109000,-109000
058604,華邦電元大99購03,0,0,0,0,0,0,0,0,0,-109000,0,0,0,25000,134000,-109000,-109000
9941,裕融            ,74000,169000,-95000,0,0,0,1000,0,1000,-15000,0,15000,-15000,0,0,0,-109000
060249,正文元大9C購01  ,0,0,0,0,0,0,0,0,0,-110000,0,0,0,0,110000,-110000,-110000
059864,亞德客凱基99購01,0,0,0,0,0,0,0,0,0,-110000,0,0,0,157000,267000,-110000,-110000
03826P,瀚宇博元大95售01,0,0,0,0,0,0,0,0,0,-110000,0,0,0,180000,290000,-110000,-110000
052825,TPK永豐96購01   ,0,0,0,0,0,0,0,0,0,-110000,0,0,0,0,110000,-110000,-110000
059432,聯發科元大99購26,0,0,0,0,0,0,0,0,0,-110000,0,0,0,45000,155000,-110000,-110000
059903,S&P正2元大99購02,0,0,0,0,0,0,0,0,0,-111000,0,0,0,0,111000,-111000,-111000
059743,開發金元富99購01,0,0,0,0,0,0,0,0,0,-111000,0,0,0,106000,217000,-111000,-111000
057387,奇力新永豐98購03,0,0,0,0,0,0,0,0,0,-111000,0,0,0,0,111000,-111000,-111000
058966,元油2X日盛99購03,0,0,0,0,0,0,0,0,0,-111000,0,0,0,0,111000,-111000,-111000
059610,上銀永豐99購02  ,0,0,0,0,0,0,0,0,0,-112000,0,0,0,39000,151000,-112000,-112000
3003,健和興          ,63000,168000,-105000,0,0,0,0,0,0,-7000,0,8000,-8000,1000,0,1000,-112000
057874,可成元大99購02  ,0,0,0,0,0,0,0,0,0,-112000,0,0,0,3000,115000,-112000,-112000
057887,智原群益98購04  ,0,0,0,0,0,0,0,0,0,-112000,0,0,0,0,112000,-112000,-112000
058513,宏達電元大99購05,0,0,0,0,0,0,0,0,0,-112000,0,0,0,24000,136000,-112000,-112000
047694,SP黃豆國票9B購01,0,0,0,0,0,0,0,0,0,-113000,0,0,0,0,113000,-113000,-113000
058312,大毅國泰9B購01  ,0,0,0,0,0,0,0,0,0,-113000,0,0,0,650000,763000,-113000,-113000
054898,台肥康和97購01  ,0,0,0,0,0,0,0,0,0,-113000,0,0,0,0,113000,-113000,-113000
059073,元油2X元大9C購14,0,0,0,0,0,0,0,0,0,-113000,0,0,0,40000,153000,-113000,-113000
050645,台積電凱基94購39,0,0,0,0,0,0,0,0,0,-114000,0,0,0,30000,144000,-114000,-114000
054819,裕民元大9A購01  ,0,0,0,0,0,0,0,0,0,-114000,0,0,0,16000,130000,-114000,-114000
057028,台郡凱基99購02  ,0,0,0,0,0,0,0,0,0,-114000,0,0,0,42000,156000,-114000,-114000
055458,燿華永豐98購01  ,0,0,0,0,0,0,0,0,0,-114000,0,0,0,80000,194000,-114000,-114000
6192,巨路            ,52000,166400,-114400,0,0,0,0,0,0,0,0,0,0,0,0,0,-114400
6670,復盛應用        ,167000,276000,-109000,0,0,0,0,0,0,-6000,0,7000,-7000,1000,0,1000,-115000
059910,鴻海元大99購37  ,0,0,0,0,0,0,0,0,0,-115000,0,0,0,76000,191000,-115000,-115000
060237,友達元大9A購06  ,0,0,0,0,0,0,0,0,0,-115000,0,0,0,101000,216000,-115000,-115000
06242P,大立光元富9A售02,0,0,0,0,0,0,0,0,0,-115000,0,0,0,45000,160000,-115000,-115000
07100P,華航元大99售01  ,0,0,0,0,0,0,0,0,0,-115000,0,0,0,30000,145000,-115000,-115000
04712P,國泰金元大94售01,0,0,0,0,0,0,0,0,0,-115000,0,0,0,186000,301000,-115000,-115000
058901,美律元大99購07  ,0,0,0,0,0,0,0,0,0,-115000,0,0,0,283000,398000,-115000,-115000
059069,臺指反元大9C購01,0,0,0,0,0,0,0,0,0,-115000,0,0,0,27000,142000,-115000,-115000
059009,世紀鋼元大99購04,0,0,0,0,0,0,0,0,0,-115000,0,0,0,211000,326000,-115000,-115000
059255,臺股指凱基99購33,0,0,0,0,0,0,0,0,0,-115000,0,0,0,173000,288000,-115000,-115000
059248,華新科凱基99購04,0,0,0,0,0,0,0,0,0,-115000,0,0,0,31000,146000,-115000,-115000
060346,華新科統一01購01,0,0,0,0,0,0,0,0,0,-116000,0,0,0,5000,121000,-116000,-116000
055382,台郡元大99購01  ,0,0,0,0,0,0,0,0,0,-116000,0,0,0,144000,260000,-116000,-116000
06130P,玉晶光元富97售07,0,0,0,0,0,0,0,0,0,-117000,0,0,0,9000,126000,-117000,-117000
059880,世紀鋼凱基99購02,0,0,0,0,0,0,0,0,0,-117000,0,0,0,71000,188000,-117000,-117000
048675,台達電國泰94購02,0,0,0,0,0,0,0,0,0,-117000,0,0,0,0,117000,-117000,-117000
053494,南亞科兆豐96購02,0,0,0,0,0,0,0,0,0,-117000,0,0,0,17000,134000,-117000,-117000
053810,台達電群益96購01,0,0,0,0,0,0,0,0,0,-117000,0,0,0,98000,215000,-117000,-117000
055288,日電貿元大97購02,0,0,0,0,0,0,0,0,0,-117000,0,0,0,19000,136000,-117000,-117000
056693,國產群益98購01  ,0,0,0,0,0,0,0,0,0,-117000,0,0,0,105000,222000,-117000,-117000
056764,友達元大9A購03  ,0,0,0,0,0,0,0,0,0,-117000,0,0,0,0,117000,-117000,-117000
059209,華通元大99購08  ,0,0,0,0,0,0,0,0,0,-117000,0,0,0,186000,303000,-117000,-117000
056041,禾伸堂凱基98購03,0,0,0,0,0,0,0,0,0,-117000,0,0,0,44000,161000,-117000,-117000
059640,聯詠凱基99購04  ,0,0,0,0,0,0,0,0,0,-118000,0,0,0,352000,470000,-118000,-118000
2820,華票            ,307000,349000,-42000,0,0,0,0,0,0,-76000,2000,78000,-76000,0,0,0,-118000
2405,浩鑫            ,128000,246000,-118000,0,0,0,0,0,0,0,0,0,0,0,0,0,-118000
048754,瀚宇博元富97購01,0,0,0,0,0,0,0,0,0,-118000,0,0,0,93000,211000,-118000,-118000
04998P,京元電永豐95售01,0,0,0,0,0,0,0,0,0,-118000,0,0,0,0,118000,-118000,-118000
057131,奇力新凱基98購05,0,0,0,0,0,0,0,0,0,-118000,0,0,0,59000,177000,-118000,-118000
059214,國巨元大99購20  ,0,0,0,0,0,0,0,0,0,-119000,0,0,0,65000,184000,-119000,-119000
08818P,台灣50凱基01售18,0,0,0,0,0,0,0,0,0,-120000,0,0,0,0,120000,-120000,-120000
059872,華新科凱基01購01,0,0,0,0,0,0,0,0,0,-120000,0,0,0,54000,174000,-120000,-120000
059958,鎧勝康和99購01  ,0,0,0,0,0,0,0,0,0,-120000,0,0,0,20000,140000,-120000,-120000
060041,T50反1群益99購04,0,0,0,0,0,0,0,0,0,-120000,0,0,0,0,120000,-120000,-120000
060383,葡萄王凱基9A購01,0,0,0,0,0,0,0,0,0,-120000,0,0,0,0,120000,-120000,-120000
054002,GIS群益96購03   ,0,0,0,0,0,0,0,0,0,-120000,0,0,0,0,120000,-120000,-120000
057230,建準凱基98購02  ,0,0,0,0,0,0,0,0,0,-120000,0,0,0,112000,232000,-120000,-120000
05574P,英業達元富96售01,0,0,0,0,0,0,0,0,0,-120000,0,0,0,0,120000,-120000,-120000
055710,亞德客元大97購03,0,0,0,0,0,0,0,0,0,-120000,0,0,0,0,120000,-120000,-120000
056186,智原統一97購01  ,0,0,0,0,0,0,0,0,0,-121000,0,0,0,7000,128000,-121000,-121000
07245P,台積電凱基99售16,0,0,0,0,0,0,0,0,0,-122000,0,0,0,111000,233000,-122000,-122000
1339,昭輝            ,93000,239000,-146000,0,0,0,0,0,0,24000,24000,0,24000,0,0,0,-122000
057849,南茂永豐98購02  ,0,0,0,0,0,0,0,0,0,-122000,0,0,0,355000,477000,-122000,-122000
058168,國巨凱基9A購04  ,0,0,0,0,0,0,0,0,0,-122000,0,0,0,0,122000,-122000,-122000
060365,京鼎元富9A購01  ,0,0,0,0,0,0,0,0,0,-123000,0,0,0,37000,160000,-123000,-123000
050536,亞泥凱基95購01  ,0,0,0,0,0,0,0,0,0,-123000,0,0,0,0,123000,-123000,-123000
058584,百和群益9A購01  ,0,0,0,0,0,0,0,0,0,-123000,0,0,0,160000,283000,-123000,-123000
059369,滬深2X元富9C購01,0,0,0,0,0,0,0,0,0,-123000,0,0,0,12000,135000,-123000,-123000
052239,泰鼎國票97購01  ,0,0,0,0,0,0,0,0,0,-124000,0,0,0,3000,127000,-124000,-124000
055479,GIS凱基97購04   ,0,0,0,0,0,0,0,0,0,-124000,0,0,0,0,124000,-124000,-124000
058480,新日興凱基9A購01,0,0,0,0,0,0,0,0,0,-124000,0,0,0,12000,136000,-124000,-124000
059661,大立光元大99購22,0,0,0,0,0,0,0,0,0,-125000,0,0,0,0,125000,-125000,-125000
056211,南港國票98購01  ,0,0,0,0,0,0,0,0,0,-125000,0,0,0,10000,135000,-125000,-125000
055963,欣興元大97購04  ,0,0,0,0,0,0,0,0,0,-125000,0,0,0,6000,131000,-125000,-125000
060200,同欣電元富9A購01,0,0,0,0,0,0,0,0,0,-126000,0,0,0,177000,303000,-126000,-126000
4960,誠美材          ,0,127000,-127000,0,0,0,0,0,0,0,0,0,0,0,0,0,-127000
054057,晶豪科國票97購01,0,0,0,0,0,0,0,0,0,-127000,0,0,0,0,127000,-127000,-127000
054134,強茂元大96購01  ,0,0,0,0,0,0,0,0,0,-127000,0,0,0,3000,130000,-127000,-127000
1514,亞力            ,94000,222000,-128000,0,0,0,0,0,0,0,0,0,0,0,0,0,-128000
1315,達新            ,73000,201000,-128000,0,0,0,0,0,0,0,0,0,0,0,0,0,-128000
059683,康控富邦9C購01  ,0,0,0,0,0,0,0,0,0,-128000,0,0,0,389000,517000,-128000,-128000
059706,嘉晶凱基99購01  ,0,0,0,0,0,0,0,0,0,-128000,0,0,0,51000,179000,-128000,-128000
059984,華新科元大99購21,0,0,0,0,0,0,0,0,0,-128000,0,0,0,34000,162000,-128000,-128000
059943,信邦永豐99購01  ,0,0,0,0,0,0,0,0,0,-128000,0,0,0,21000,149000,-128000,-128000
054147,GIS元大96購02   ,0,0,0,0,0,0,0,0,0,-128000,0,0,0,0,128000,-128000,-128000
051845,世紀鋼富邦96購01,0,0,0,0,0,0,0,0,0,-128000,0,0,0,491000,619000,-128000,-128000
055912,宏達電凱基98購03,0,0,0,0,0,0,0,0,0,-128000,0,0,0,85000,213000,-128000,-128000
1434,福懋            ,729000,763000,-34000,0,0,0,0,0,0,-95000,0,95000,-95000,0,0,0,-129000
4106,雃博            ,126000,256000,-130000,0,0,0,0,0,0,0,0,0,0,0,0,0,-130000
059964,元金2X凱基99購02,0,0,0,0,0,0,0,0,0,-130000,0,0,0,1000,131000,-130000,-130000
060381,元黃金凱基9A購01,0,0,0,0,0,0,0,0,0,-130000,0,0,0,0,130000,-130000,-130000
053905,華新科凱基96購10,0,0,0,0,0,0,0,0,0,-130000,0,0,0,12000,142000,-130000,-130000
057469,康友永豐98購02  ,0,0,0,0,0,0,0,0,0,-130000,0,0,0,0,130000,-130000,-130000
055015,帆宣元富97購01  ,0,0,0,0,0,0,0,0,0,-130000,0,0,0,80000,210000,-130000,-130000
055597,禾伸堂元大98購02,0,0,0,0,0,0,0,0,0,-130000,0,0,0,184000,314000,-130000,-130000
05807P,泰鼎永豐96售03  ,0,0,0,0,0,0,0,0,0,-130000,0,0,0,31000,161000,-130000,-130000
060046,S&P反1凱基99購02,0,0,0,0,0,0,0,0,0,-131000,0,0,0,0,131000,-131000,-131000
3518,柏騰            ,145000,276000,-131000,0,0,0,0,0,0,0,0,0,0,0,0,0,-131000
1460,宏遠            ,355000,485000,-130000,0,0,0,0,0,0,-1000,0,1000,-1000,0,0,0,-131000
1734,杏輝            ,18000,149000,-131000,0,0,0,0,0,0,0,0,0,0,0,0,0,-131000
057199,台達電元富02購01,0,0,0,0,0,0,0,0,0,-131000,0,0,0,20000,151000,-131000,-131000
058369,亞光凱基99購02  ,0,0,0,0,0,0,0,0,0,-131000,0,0,0,139000,270000,-131000,-131000
057125,國巨凱基98購12  ,0,0,0,0,0,0,0,0,0,-131000,0,0,0,22000,153000,-131000,-131000
058525,台虹元大99購02  ,0,0,0,0,0,0,0,0,0,-131000,0,0,0,38000,169000,-131000,-131000
059343,宏達電凱基99購04,0,0,0,0,0,0,0,0,0,-131000,0,0,0,242000,373000,-131000,-131000
2228,劍麟            ,138000,277000,-139000,0,0,0,0,0,0,7000,0,0,0,7000,0,7000,-132000
060291,高鐵元大9A購01  ,0,0,0,0,0,0,0,0,0,-132000,0,0,0,0,132000,-132000,-132000
060296,和碩元大9A購01  ,0,0,0,0,0,0,0,0,0,-132000,0,0,0,0,132000,-132000,-132000
053867,創意元大96購04  ,0,0,0,0,0,0,0,0,0,-132000,0,0,0,33000,165000,-132000,-132000
057257,台泥兆豐99購01  ,0,0,0,0,0,0,0,0,0,-132000,0,0,0,5000,137000,-132000,-132000
060233,宏碁元大9A購01  ,0,0,0,0,0,0,0,0,0,-133000,0,0,0,28000,161000,-133000,-133000
060037,鴻海國票99購10  ,0,0,0,0,0,0,0,0,0,-133000,0,0,0,99000,232000,-133000,-133000
2450,神腦            ,49000,160000,-111000,0,0,0,0,0,0,-22000,0,22000,-22000,0,0,0,-133000
3703,欣陸            ,299000,432000,-133000,0,0,0,0,0,0,0,0,0,0,0,0,0,-133000
053631,欣興兆豐97購01  ,0,0,0,0,0,0,0,0,0,-133000,0,0,0,25000,158000,-133000,-133000
055962,晶豪科元大97購02,0,0,0,0,0,0,0,0,0,-133000,0,0,0,0,133000,-133000,-133000
07369P,台積電凱基99售20,0,0,0,0,0,0,0,0,0,-134000,0,0,0,0,134000,-134000,-134000
059107,南茂國泰9A購01  ,0,0,0,0,0,0,0,0,0,-134000,0,0,0,100000,234000,-134000,-134000
057423,台郡凱基98購06  ,0,0,0,0,0,0,0,0,0,-134000,0,0,0,157000,291000,-134000,-134000
055177,宏達電統一99購01,0,0,0,0,0,0,0,0,0,-134000,0,0,0,0,134000,-134000,-134000
059878,聯茂凱基99購07  ,0,0,0,0,0,0,0,0,0,-135000,0,0,0,19000,154000,-135000,-135000
059846,力山永豐99購01  ,0,0,0,0,0,0,0,0,0,-135000,0,0,0,70000,205000,-135000,-135000
056715,瀚宇博永豐98購01,0,0,0,0,0,0,0,0,0,-135000,0,0,0,328000,463000,-135000,-135000
057258,中環兆豐98購01  ,0,0,0,0,0,0,0,0,0,-135000,0,0,0,0,135000,-135000,-135000
056905,欣興元大98購03  ,0,0,0,0,0,0,0,0,0,-135000,0,0,0,15000,150000,-135000,-135000
07302P,臺股指元大9A售35,0,0,0,0,0,0,0,0,0,-136000,0,0,0,5000,141000,-136000,-136000
4943,康控-KY         ,1140000,1427000,-287000,0,0,0,0,0,0,151000,4000,7000,-3000,179000,25000,154000,-136000
053151,華新科元大96購04,0,0,0,0,0,0,0,0,0,-136000,0,0,0,91000,227000,-136000,-136000
057181,亞光元大98購02  ,0,0,0,0,0,0,0,0,0,-136000,0,0,0,147000,283000,-136000,-136000
059873,華新科凱基99購09,0,0,0,0,0,0,0,0,0,-137000,0,0,0,119000,256000,-137000,-137000
060007,鴻海群益99購04  ,0,0,0,0,0,0,0,0,0,-137000,0,0,0,56000,193000,-137000,-137000
07119P,台積電凱基9A售08,0,0,0,0,0,0,0,0,0,-137000,0,0,0,0,137000,-137000,-137000
053584,友達元大9B購02  ,0,0,0,0,0,0,0,0,0,-137000,0,0,0,155000,292000,-137000,-137000
057614,華新科元富99購04,0,0,0,0,0,0,0,0,0,-137000,0,0,0,276000,413000,-137000,-137000
06548P,大立光元大98售10,0,0,0,0,0,0,0,0,0,-138000,0,0,0,10000,148000,-138000,-138000
060057,欣興凱基9B購01  ,0,0,0,0,0,0,0,0,0,-138000,0,0,0,189000,327000,-138000,-138000
060129,祥碩永豐99購03  ,0,0,0,0,0,0,0,0,0,-138000,0,0,0,13000,151000,-138000,-138000
059915,聯發科元大99購32,0,0,0,0,0,0,0,0,0,-138000,0,0,0,45000,183000,-138000,-138000
059940,微星永豐99購01  ,0,0,0,0,0,0,0,0,0,-138000,0,0,0,10000,148000,-138000,-138000
053496,義隆兆豐96購02  ,0,0,0,0,0,0,0,0,0,-138000,0,0,0,166000,304000,-138000,-138000
057819,新日興元大99購01,0,0,0,0,0,0,0,0,0,-138000,0,0,0,11000,149000,-138000,-138000
058216,TPK群益99購01   ,0,0,0,0,0,0,0,0,0,-138000,0,0,0,245000,383000,-138000,-138000
055631,創意永豐98購01  ,0,0,0,0,0,0,0,0,0,-138000,0,0,0,86000,224000,-138000,-138000
056710,漢唐永豐98購01  ,0,0,0,0,0,0,0,0,0,-138000,0,0,0,0,138000,-138000,-138000
059869,友達凱基99購07  ,0,0,0,0,0,0,0,0,0,-139000,0,0,0,212000,351000,-139000,-139000
051321,建準國票96購01  ,0,0,0,0,0,0,0,0,0,-139000,0,0,0,10000,149000,-139000,-139000
058763,和碩群益99購01  ,0,0,0,0,0,0,0,0,0,-139000,0,0,0,17000,156000,-139000,-139000
059650,緯穎凱基99購04  ,0,0,0,0,0,0,0,0,0,-140000,0,0,0,0,140000,-140000,-140000
060418,中橡永豐9A購01  ,0,0,0,0,0,0,0,0,0,-140000,0,0,0,0,140000,-140000,-140000
060483,友達富邦9A購01  ,0,0,0,0,0,0,0,0,0,-140000,0,0,0,0,140000,-140000,-140000
04773P,金融類元大94售01,0,0,0,0,0,0,0,0,0,-140000,0,0,0,0,140000,-140000,-140000
053536,明泰永豐96購01  ,0,0,0,0,0,0,0,0,0,-140000,0,0,0,90000,230000,-140000,-140000
051895,聯茂元富95購02  ,0,0,0,0,0,0,0,0,0,-140000,0,0,0,0,140000,-140000,-140000
058043,鴻海元大98購13  ,0,0,0,0,0,0,0,0,0,-140000,0,0,0,61000,201000,-140000,-140000
055762,智伸科群益97購01,0,0,0,0,0,0,0,0,0,-140000,0,0,0,110000,250000,-140000,-140000
055459,建準永豐97購03  ,0,0,0,0,0,0,0,0,0,-140000,0,0,0,140000,280000,-140000,-140000
056083,億光統一97購03  ,0,0,0,0,0,0,0,0,0,-140000,0,0,0,150000,290000,-140000,-140000
056003,智伸科永豐97購02,0,0,0,0,0,0,0,0,0,-140000,0,0,0,0,140000,-140000,-140000
060029,嘉晶永豐99購03  ,0,0,0,0,0,0,0,0,0,-141000,0,0,0,95000,236000,-141000,-141000
059985,華新科元大99購22,0,0,0,0,0,0,0,0,0,-141000,0,0,0,160000,301000,-141000,-141000
6706,惠特            ,21000,196000,-175000,0,0,0,0,0,0,34000,34000,0,34000,0,0,0,-141000
058146,勤誠元大99購01  ,0,0,0,0,0,0,0,0,0,-141000,0,0,0,277000,418000,-141000,-141000
057090,奇力新元富98購02,0,0,0,0,0,0,0,0,0,-141000,0,0,0,50000,191000,-141000,-141000
5225,東科-KY         ,1052000,1194000,-142000,0,0,0,0,0,0,0,0,0,0,0,0,0,-142000
059961,T50反1凱基99購09,0,0,0,0,0,0,0,0,0,-142000,0,0,0,6000,148000,-142000,-142000
059213,國巨元大99購19  ,0,0,0,0,0,0,0,0,0,-142000,0,0,0,98000,240000,-142000,-142000
059959,訊芯康和99購01  ,0,0,0,0,0,0,0,0,0,-143000,0,0,0,108000,251000,-143000,-143000
060183,南亞科元富9A購01,0,0,0,0,0,0,0,0,0,-143000,0,0,0,121000,264000,-143000,-143000
8210,勤誠            ,98000,305000,-207000,0,0,0,0,0,0,64000,73000,0,73000,9000,18000,-9000,-143000
07315P,台積電台新99售06,0,0,0,0,0,0,0,0,0,-143000,0,0,0,176000,319000,-143000,-143000
07424P,大立光元大9B售01,0,0,0,0,0,0,0,0,0,-144000,0,0,0,5000,149000,-144000,-144000
059875,信邦凱基99購02  ,0,0,0,0,0,0,0,0,0,-144000,0,0,0,16000,160000,-144000,-144000
060064,華新科兆豐99購07,0,0,0,0,0,0,0,0,0,-144000,0,0,0,34000,178000,-144000,-144000
057103,禾伸堂中信9A購01,0,0,0,0,0,0,0,0,0,-144000,0,0,0,0,144000,-144000,-144000
05528P,臺股指群益96售01,0,0,0,0,0,0,0,0,0,-144000,0,0,0,138000,282000,-144000,-144000
058761,欣興群益99購02  ,0,0,0,0,0,0,0,0,0,-144000,0,0,0,120000,264000,-144000,-144000
060084,聯電元大99購02  ,0,0,0,0,0,0,0,0,0,-145000,0,0,0,26000,171000,-145000,-145000
058237,嘉晶元大99購04  ,0,0,0,0,0,0,0,0,0,-145000,0,0,0,18000,163000,-145000,-145000
052674,智邦國泰98購01  ,0,0,0,0,0,0,0,0,0,-145000,0,0,0,130000,275000,-145000,-145000
055330,上銀兆豐98購02  ,0,0,0,0,0,0,0,0,0,-145000,0,0,0,15000,160000,-145000,-145000
055132,台虹康和97購01  ,0,0,0,0,0,0,0,0,0,-145000,0,0,0,127000,272000,-145000,-145000
07131P,緯穎元大99售06  ,0,0,0,0,0,0,0,0,0,-146000,0,0,0,47000,193000,-146000,-146000
060284,南港元大01購01  ,0,0,0,0,0,0,0,0,0,-147000,0,0,0,0,147000,-147000,-147000
060130,瀚宇博永豐99購02,0,0,0,0,0,0,0,0,0,-147000,0,0,0,77000,224000,-147000,-147000
059746,聯鈞元富99購03  ,0,0,0,0,0,0,0,0,0,-147000,0,0,0,5000,152000,-147000,-147000
07470P,國巨元大9A售06  ,0,0,0,0,0,0,0,0,0,-147000,0,0,0,128000,275000,-147000,-147000
1723,中碳            ,190000,323000,-133000,0,0,0,0,0,0,-14000,0,14000,-14000,0,0,0,-147000
6139,亞翔            ,85000,232000,-147000,0,0,0,0,0,0,0,0,0,0,0,0,0,-147000
055240,京元電元富97購01,0,0,0,0,0,0,0,0,0,-147000,0,0,0,448000,595000,-147000,-147000
058691,友訊國票9A購01  ,0,0,0,0,0,0,0,0,0,-147000,0,0,0,38000,185000,-147000,-147000
060295,貿聯元大9A購03  ,0,0,0,0,0,0,0,0,0,-148000,0,0,0,36000,184000,-148000,-148000
057928,鈺齊凱基98購02  ,0,0,0,0,0,0,0,0,0,-148000,0,0,0,0,148000,-148000,-148000
049352,泰鼎永豐95購01  ,0,0,0,0,0,0,0,0,0,-148000,0,0,0,10000,158000,-148000,-148000
058820,致茂國泰9B購01  ,0,0,0,0,0,0,0,0,0,-148000,0,0,0,0,148000,-148000,-148000
060036,上証2X國票99購03,0,0,0,0,0,0,0,0,0,-149000,0,0,0,1000,150000,-149000,-149000
058582,禾伸堂群益99購02,0,0,0,0,0,0,0,0,0,-149000,0,0,0,177000,326000,-149000,-149000
060115,南電元大99購06  ,0,0,0,0,0,0,0,0,0,-150000,0,0,0,47000,197000,-150000,-150000
060259,潤泰全凱基9C購01,0,0,0,0,0,0,0,0,0,-150000,0,0,0,0,150000,-150000,-150000
07174P,臺股指國票99售11,0,0,0,0,0,0,0,0,0,-150000,0,0,0,107000,257000,-150000,-150000
3596,智易            ,478000,633000,-155000,0,0,0,0,0,0,5000,0,14000,-14000,29000,10000,19000,-150000
048388,華通國票94購01  ,0,0,0,0,0,0,0,0,0,-150000,0,0,0,0,150000,-150000,-150000
053510,聯電群益97購01  ,0,0,0,0,0,0,0,0,0,-150000,0,0,0,0,150000,-150000,-150000
053934,A50正2元富96購02,0,0,0,0,0,0,0,0,0,-150000,0,0,0,0,150000,-150000,-150000
07360P,台積電元大99售46,0,0,0,0,0,0,0,0,0,-151000,0,0,0,2000,153000,-151000,-151000
059950,百和永豐99購02  ,0,0,0,0,0,0,0,0,0,-151000,0,0,0,383000,534000,-151000,-151000
054844,華邦電兆豐98購01,0,0,0,0,0,0,0,0,0,-151000,0,0,0,1000,152000,-151000,-151000
057915,台泥凱基98購01  ,0,0,0,0,0,0,0,0,0,-151000,0,0,0,110000,261000,-151000,-151000
051945,智邦統一95購03  ,0,0,0,0,0,0,0,0,0,-151000,0,0,0,0,151000,-151000,-151000
056838,旺宏元富98購01  ,0,0,0,0,0,0,0,0,0,-151000,0,0,0,448000,599000,-151000,-151000
059323,新日興元大99購02,0,0,0,0,0,0,0,0,0,-151000,0,0,0,21000,172000,-151000,-151000
059395,T50反1元富99購03,0,0,0,0,0,0,0,0,0,-151000,0,0,0,1013000,1164000,-151000,-151000
059516,TPK永豐99購01   ,0,0,0,0,0,0,0,0,0,-152000,0,0,0,125000,277000,-152000,-152000
060458,華通元大9A購02  ,0,0,0,0,0,0,0,0,0,-152000,0,0,0,19000,171000,-152000,-152000
046942,友達元大99購01  ,0,0,0,0,0,0,0,0,0,-152000,0,0,0,215000,367000,-152000,-152000
058803,世紀鋼元大99購03,0,0,0,0,0,0,0,0,0,-152000,0,0,0,41000,193000,-152000,-152000
055359,超眾凱基97購01  ,0,0,0,0,0,0,0,0,0,-152000,0,0,0,48000,200000,-152000,-152000
00702,國泰標普低波高息,0,0,0,0,0,0,0,0,0,-153000,0,0,0,41000,194000,-153000,-153000
055798,聯茂富邦98購01  ,0,0,0,0,0,0,0,0,0,-153000,0,0,0,0,153000,-153000,-153000
059181,世紀鋼元富9C購01,0,0,0,0,0,0,0,0,0,-153000,0,0,0,483000,636000,-153000,-153000
059976,道瓊銀元大99購01,0,0,0,0,0,0,0,0,0,-154000,0,0,0,10000,164000,-154000,-154000
060033,臻鼎永豐99購01  ,0,0,0,0,0,0,0,0,0,-154000,0,0,0,130000,284000,-154000,-154000
053223,台郡凱基96購02  ,0,0,0,0,0,0,0,0,0,-154000,0,0,0,5000,159000,-154000,-154000
056732,國巨凱基98購07  ,0,0,0,0,0,0,0,0,0,-154000,0,0,0,5000,159000,-154000,-154000
060070,國巨元富99購02  ,0,0,0,0,0,0,0,0,0,-155000,0,0,0,68000,223000,-155000,-155000
054699,復盛永豐97購01  ,0,0,0,0,0,0,0,0,0,-155000,0,0,0,0,155000,-155000,-155000
056151,建準凱基97購01  ,0,0,0,0,0,0,0,0,0,-155000,0,0,0,39000,194000,-155000,-155000
056847,佐登元富98購01  ,0,0,0,0,0,0,0,0,0,-155000,0,0,0,0,155000,-155000,-155000
060297,和碩元大9A購02  ,0,0,0,0,0,0,0,0,0,-156000,0,0,0,1000,157000,-156000,-156000
07334P,臺股指國票99售19,0,0,0,0,0,0,0,0,0,-156000,0,0,0,168000,324000,-156000,-156000
058647,華新科永豐99購03,0,0,0,0,0,0,0,0,0,-156000,0,0,0,7000,163000,-156000,-156000
3532,台勝科          ,149000,261000,-112000,0,0,0,0,15000,-15000,-30000,19000,15000,4000,9000,43000,-34000,-157000
060052,宏碁凱基99購01  ,0,0,0,0,0,0,0,0,0,-157000,0,0,0,100000,257000,-157000,-157000
056075,瀚宇博元大97購03,0,0,0,0,0,0,0,0,0,-157000,0,0,0,26000,183000,-157000,-157000
052020,聯茂永豐95購02  ,0,0,0,0,0,0,0,0,0,-158000,0,0,0,48000,206000,-158000,-158000
058540,嘉聯益國泰9A購02,0,0,0,0,0,0,0,0,0,-158000,0,0,0,6000,164000,-158000,-158000
03555P,聯電元大02售24  ,0,0,0,0,0,0,0,0,0,-159000,0,0,0,0,159000,-159000,-159000
058337,日月光元富99購01,0,0,0,0,0,0,0,0,0,-159000,0,0,0,210000,369000,-159000,-159000
056961,凱美永豐98購01  ,0,0,0,0,0,0,0,0,0,-159000,0,0,0,10000,169000,-159000,-159000
059063,康控凱基99購04  ,0,0,0,0,0,0,0,0,0,-159000,0,0,0,92000,251000,-159000,-159000
060294,嘉澤元大9A購01  ,0,0,0,0,0,0,0,0,0,-160000,0,0,0,87000,247000,-160000,-160000
060313,淘帝永豐9A購01  ,0,0,0,0,0,0,0,0,0,-160000,0,0,0,0,160000,-160000,-160000
053875,GIS元大97購01   ,0,0,0,0,0,0,0,0,0,-160000,0,0,0,72000,232000,-160000,-160000
054773,台郡國票98購01  ,0,0,0,0,0,0,0,0,0,-160000,0,0,0,30000,190000,-160000,-160000
057123,上銀凱基98購05  ,0,0,0,0,0,0,0,0,0,-160000,0,0,0,60000,220000,-160000,-160000
056794,上銀麥證98購01  ,0,0,0,0,160000,-160000,0,0,0,-160000,0,0,0,0,160000,-160000,-160000
057040,國巨元大98購12  ,0,0,0,0,0,0,0,0,0,-160000,0,0,0,51000,211000,-160000,-160000
057179,可成元大98購04  ,0,0,0,0,0,0,0,0,0,-160000,0,0,0,55000,215000,-160000,-160000
056343,高鐵凱基98購02  ,0,0,0,0,0,0,0,0,0,-160000,0,0,0,5000,165000,-160000,-160000
053003,國巨永豐96購02  ,0,0,0,0,0,0,0,0,0,-161000,0,0,0,18000,179000,-161000,-161000
044254,深中小元大94購01,0,0,0,0,0,0,0,0,0,-161000,0,0,0,0,161000,-161000,-161000
050414,泰鼎永豐94購04  ,0,0,0,0,0,0,0,0,0,-161000,0,0,0,130000,291000,-161000,-161000
060462,鴻海元大9A購10  ,0,0,0,0,0,0,0,0,0,-162000,0,0,0,22000,184000,-162000,-162000
05509P,智邦元富96售02  ,0,0,0,0,0,0,0,0,0,-162000,0,0,0,136000,298000,-162000,-162000
057048,新日興元大98購01,0,0,0,0,0,0,0,0,0,-162000,0,0,0,20000,182000,-162000,-162000
058335,鴻海元富99購06  ,0,0,0,0,0,0,0,0,0,-162000,0,0,0,22000,184000,-162000,-162000
060192,欣興元富9A購01  ,0,0,0,0,0,0,0,0,0,-163000,0,0,0,12000,175000,-163000,-163000
054304,台積電凱基96購23,0,0,0,0,0,0,0,0,0,-163000,0,0,0,186000,349000,-163000,-163000
055476,台郡凱基97購02  ,0,0,0,0,0,0,0,0,0,-163000,0,0,0,104000,267000,-163000,-163000
06457P,玉晶光統一98售02,0,0,0,0,0,0,0,0,0,-164000,0,0,0,0,164000,-164000,-164000
2535,達欣工          ,47000,99000,-52000,0,0,0,0,112000,-112000,0,0,0,0,0,0,0,-164000
048627,T50反1元大96購02,0,0,0,0,0,0,0,0,0,-164000,0,0,0,0,164000,-164000,-164000
00639,富邦深100       ,2000,216000,-214000,0,0,0,0,0,0,50000,0,0,0,849000,799000,50000,-164000
055324,TPK國票98購03   ,0,0,0,0,0,0,0,0,0,-164000,0,0,0,2000,166000,-164000,-164000
057312,美律麥證98購01  ,0,0,0,20000,184000,-164000,0,0,0,-164000,0,0,0,20000,184000,-164000,-164000
054989,精元元富97購01  ,0,0,0,0,0,0,0,0,0,-165000,0,0,0,84000,249000,-165000,-165000
055803,鎧勝永豐97購01  ,0,0,0,0,0,0,0,0,0,-165000,0,0,0,0,165000,-165000,-165000
056551,台郡凱基98購04  ,0,0,0,0,0,0,0,0,0,-165000,0,0,0,27000,192000,-165000,-165000
07389P,臺股指群益9C售08,0,0,0,0,0,0,0,0,0,-166000,0,0,0,15000,181000,-166000,-166000
07164P,臺股指群益99售15,0,0,0,0,0,0,0,0,0,-166000,0,0,0,6000,172000,-166000,-166000
052860,旺宏凱基96購03  ,0,0,0,0,0,0,0,0,0,-166000,0,0,0,76000,242000,-166000,-166000
057877,神達元大99購01  ,0,0,0,0,0,0,0,0,0,-166000,0,0,0,0,166000,-166000,-166000
058093,神達元大9A購01  ,0,0,0,0,0,0,0,0,0,-166000,0,0,0,5000,171000,-166000,-166000
059938,凱美永豐99購01  ,0,0,0,0,0,0,0,0,0,-167000,0,0,0,28000,195000,-167000,-167000
058143,瑞儀元大99購02  ,0,0,0,0,0,0,0,0,0,-167000,0,0,0,1231000,1398000,-167000,-167000
054785,建準群益98購01  ,0,0,0,0,0,0,0,0,0,-167000,0,0,0,68000,235000,-167000,-167000
057998,玉晶光麥證9A購01,0,0,0,0,167000,-167000,0,0,0,-167000,0,0,0,0,167000,-167000,-167000
057370,可成元大98購07  ,0,0,0,0,0,0,0,0,0,-167000,0,0,0,3000,170000,-167000,-167000
058295,欣興凱基99購02  ,0,0,0,0,0,0,0,0,0,-167000,0,0,0,0,167000,-167000,-167000
059264,台光電中信99購02,0,0,0,0,0,0,0,0,0,-167000,0,0,0,124000,291000,-167000,-167000
059340,鴻海凱基9A購12  ,0,0,0,0,0,0,0,0,0,-167000,0,0,0,115000,282000,-167000,-167000
059994,國巨元富99購01  ,0,0,0,0,0,0,0,0,0,-168000,0,0,0,2000,170000,-168000,-168000
059742,富邦金元富99購01,0,0,0,0,0,0,0,0,0,-168000,0,0,0,182000,350000,-168000,-168000
07241P,台灣50國票9A售05,0,0,0,0,0,0,0,0,0,-168000,0,0,0,10000,178000,-168000,-168000
07256P,臺股指凱基99售36,0,0,0,0,0,0,0,0,0,-168000,0,0,0,47000,215000,-168000,-168000
03433B,臺股指元大9C熊01,0,0,0,0,0,0,0,0,0,-168000,0,0,0,18000,186000,-168000,-168000
059917,華新科元大99購19,0,0,0,0,0,0,0,0,0,-169000,0,0,0,25000,194000,-169000,-169000
058327,大毅統一9B購01  ,0,0,0,0,0,0,0,0,0,-169000,0,0,0,0,169000,-169000,-169000
06971P,台光電元大99售03,0,0,0,0,0,0,0,0,0,-170000,0,0,0,14000,184000,-170000,-170000
060404,台勝科國泰9B購01,0,0,0,0,0,0,0,0,0,-170000,0,0,0,0,170000,-170000,-170000
053349,台郡國票97購02  ,0,0,0,0,0,0,0,0,0,-170000,0,0,0,197000,367000,-170000,-170000
053020,貿聯元富96購01  ,0,0,0,0,0,0,0,0,0,-170000,0,0,0,0,170000,-170000,-170000
058996,台達電元大99購02,0,0,0,0,0,0,0,0,0,-170000,0,0,0,300000,470000,-170000,-170000
057700,新日興群益9A購01,0,0,0,0,0,0,0,0,0,-170000,0,0,0,0,170000,-170000,-170000
059841,國巨富邦9C購01  ,0,0,0,0,0,0,0,0,0,-171000,0,0,0,74000,245000,-171000,-171000
3017,奇鋐            ,1058000,840000,218000,0,0,0,0,442000,-442000,53000,106000,0,106000,46000,99000,-53000,-171000
059968,世紀鋼凱基99購03,0,0,0,0,0,0,0,0,0,-172000,0,0,0,83000,255000,-172000,-172000
057670,欣興元大99購02  ,0,0,0,0,0,0,0,0,0,-172000,0,0,0,59000,231000,-172000,-172000
055874,中環元富9A購01  ,0,0,0,0,0,0,0,0,0,-172000,0,0,0,480000,652000,-172000,-172000
060399,康友國票9A購02  ,0,0,0,0,0,0,0,0,0,-173000,0,0,0,10000,183000,-173000,-173000
060385,台勝科凱基9A購01,0,0,0,0,0,0,0,0,0,-173000,0,0,0,0,173000,-173000,-173000
052558,新唐國票97購01  ,0,0,0,0,0,0,0,0,0,-173000,0,0,0,38000,211000,-173000,-173000
060054,華新科凱基9B購04,0,0,0,0,0,0,0,0,0,-174000,0,0,0,30000,204000,-174000,-174000
060087,鴻海元大99購43  ,0,0,0,0,0,0,0,0,0,-174000,0,0,0,214000,388000,-174000,-174000
054239,台郡群益96購02  ,0,0,0,0,0,0,0,0,0,-174000,0,0,0,5000,179000,-174000,-174000
055354,宏達電凱基98購01,0,0,0,0,0,0,0,0,0,-174000,0,0,0,22000,196000,-174000,-174000
2342,茂矽            ,563000,738000,-175000,0,0,0,0,0,0,0,0,0,0,0,0,0,-175000
051675,瑞儀元大96購02  ,0,0,0,0,0,0,0,0,0,-175000,0,0,0,100000,275000,-175000,-175000
056954,聯詠富邦9A購01  ,0,0,0,0,0,0,0,0,0,-175000,0,0,0,205000,380000,-175000,-175000
060097,華新科元大99購23,0,0,0,0,0,0,0,0,0,-176000,0,0,0,25000,201000,-176000,-176000
06208P,台郡凱基97售03  ,0,0,0,0,0,0,0,0,0,-176000,0,0,0,24000,200000,-176000,-176000
056107,智易永豐97購02  ,0,0,0,0,0,0,0,0,0,-177000,0,0,0,39000,216000,-177000,-177000
058021,牧德凱基98購02  ,0,0,0,0,0,0,0,0,0,-177000,0,0,0,182000,359000,-177000,-177000
6155,鈞寶            ,91000,269000,-178000,0,0,0,0,0,0,0,0,0,0,0,0,0,-178000
052657,友達元富96購01  ,0,0,0,0,0,0,0,0,0,-178000,0,0,0,0,178000,-178000,-178000
058111,健鼎元富98購01  ,0,0,0,0,0,0,0,0,0,-178000,0,0,0,230000,408000,-178000,-178000
050545,奇力新凱基95購01,0,0,0,0,0,0,0,0,0,-178000,0,0,0,245000,423000,-178000,-178000
058923,華新科元富99購06,0,0,0,0,0,0,0,0,0,-178000,0,0,0,181000,359000,-178000,-178000
9946,三發地產        ,13000,191000,-178000,0,0,0,0,0,0,0,0,0,0,0,0,0,-178000
059912,國巨元大99購28  ,0,0,0,0,0,0,0,0,0,-179000,0,0,0,113000,292000,-179000,-179000
056731,國巨凱基98購04  ,0,0,0,0,0,0,0,0,0,-179000,0,0,0,15000,194000,-179000,-179000
056882,華邦電康和98購01,0,0,0,0,0,0,0,0,0,-179000,0,0,0,68000,247000,-179000,-179000
059765,嘉聯益永豐99購02,0,0,0,0,0,0,0,0,0,-180000,0,0,0,219000,399000,-180000,-180000
060244,大立光元大9B購02,0,0,0,0,0,0,0,0,0,-180000,0,0,0,20000,200000,-180000,-180000
00752,中信中國50      ,0,0,0,0,0,0,0,0,0,-180000,0,0,0,422000,602000,-180000,-180000
054747,麗豐凱基98購01  ,0,0,0,0,0,0,0,0,0,-180000,0,0,0,0,180000,-180000,-180000
052194,旺宏元富95購04  ,0,0,0,0,0,0,0,0,0,-180000,0,0,0,30000,210000,-180000,-180000
054625,旺宏凱基98購03  ,0,0,0,0,0,0,0,0,0,-180000,0,0,0,168000,348000,-180000,-180000
056926,日月光兆豐98購01,0,0,0,0,0,0,0,0,0,-180000,0,0,0,72000,252000,-180000,-180000
058616,台虹元大9A購01  ,0,0,0,0,0,0,0,0,0,-180000,0,0,0,182000,362000,-180000,-180000
058972,新日興永豐9A購01,0,0,0,0,0,0,0,0,0,-180000,0,0,0,159000,339000,-180000,-180000
2912,統一超          ,841510,933538,-92028,0,0,0,3000,57000,-54000,-34000,0,34000,-34000,0,0,0,-180028
059814,SP黃豆凱基9A購02,0,0,0,0,0,0,0,0,0,-181000,0,0,0,0,181000,-181000,-181000
054302,鴻海凱基96購18  ,0,0,0,0,0,0,0,0,0,-181000,0,0,0,73000,254000,-181000,-181000
059364,昇陽半永豐99購02,0,0,0,0,0,0,0,0,0,-181000,0,0,0,14000,195000,-181000,-181000
060151,旺宏富邦9A購02  ,0,0,0,0,0,0,0,0,0,-182000,0,0,0,65000,247000,-182000,-182000
3515,華擎            ,966000,692000,274000,0,0,0,0,363000,-363000,-93000,0,12000,-12000,35000,116000,-81000,-182000
059172,台郡凱基99購03  ,0,0,0,0,0,0,0,0,0,-182000,0,0,0,19000,201000,-182000,-182000
059669,台灣50元富9B購05,0,0,0,0,0,0,0,0,0,-184000,0,0,0,0,184000,-184000,-184000
056686,可成統一98購01  ,0,0,0,0,0,0,0,0,0,-184000,0,0,0,0,184000,-184000,-184000
058171,國巨凱基9A購07  ,0,0,0,0,0,0,0,0,0,-185000,0,0,0,0,185000,-185000,-185000
056289,合勤控永豐97購01,0,0,0,0,0,0,0,0,0,-185000,0,0,0,5000,190000,-185000,-185000
055334,禾伸堂兆豐97購01,0,0,0,0,0,0,0,0,0,-185000,0,0,0,124000,309000,-185000,-185000
057203,麗豐元富98購02  ,0,0,0,0,0,0,0,0,0,-185000,0,0,0,170000,355000,-185000,-185000
2913,農林            ,100000,286000,-186000,0,0,0,0,0,0,0,4000,4000,0,0,0,0,-186000
07319P,台積電凱基01售02,0,0,0,0,0,0,0,0,0,-187000,0,0,0,56000,243000,-187000,-187000
059823,奇力新凱基99購07,1000,0,1000,0,0,0,0,0,0,-188000,0,0,0,307000,495000,-188000,-187000
059855,緯穎永豐99購04  ,0,0,0,0,0,0,0,0,0,-187000,0,0,0,14000,201000,-187000,-187000
059675,大立光元富99購08,0,0,0,0,0,0,0,0,0,-188000,0,0,0,95000,283000,-188000,-188000
059534,國泰金凱基99購01,0,0,0,0,0,0,0,0,0,-188000,0,0,0,123000,311000,-188000,-188000
060300,佐登國泰9B購01  ,0,0,0,0,0,0,0,0,0,-188000,0,0,0,4000,192000,-188000,-188000
053503,臻鼎兆豐97購01  ,0,0,0,0,0,0,0,0,0,-188000,0,0,0,30000,218000,-188000,-188000
054842,台達電兆豐98購01,0,0,0,0,0,0,0,0,0,-188000,0,0,0,0,188000,-188000,-188000
055824,臺股指國票97購11,0,0,0,0,0,0,0,0,0,-188000,0,0,0,0,188000,-188000,-188000
052946,智原國票97購02  ,0,0,0,0,0,0,0,0,0,-189000,0,0,0,49000,238000,-189000,-189000
059849,興勤永豐99購01  ,0,0,0,0,0,0,0,0,0,-190000,0,0,0,167000,357000,-190000,-190000
060119,上銀富邦9B購03  ,0,0,0,0,0,0,0,0,0,-190000,0,0,0,99000,289000,-190000,-190000
050169,臺指反元大97購01,0,0,0,0,0,0,0,0,0,-190000,0,0,0,0,190000,-190000,-190000
052084,台泥元大95購01  ,0,0,0,0,0,0,0,0,0,-190000,0,0,0,0,190000,-190000,-190000
057531,禾伸堂元大99購04,0,0,0,0,0,0,0,0,0,-190000,0,0,0,153000,343000,-190000,-190000
06652P,長榮航元大98售01,0,0,0,0,0,0,0,0,0,-191000,0,0,0,0,191000,-191000,-191000
2606,裕民            ,628000,770000,-142000,0,0,0,5000,0,5000,-54000,0,34000,-34000,0,20000,-20000,-191000
057374,禾伸堂元大99購03,0,0,0,0,0,0,0,0,0,-191000,0,0,0,182000,373000,-191000,-191000
06492P,上銀永豐98售01  ,0,0,0,0,0,0,0,0,0,-192000,0,0,0,20000,212000,-192000,-192000
059889,華新科國票99購04,0,0,0,0,0,0,0,0,0,-192000,0,0,0,258000,450000,-192000,-192000
056039,宏達電凱基97購02,0,0,0,0,0,0,0,0,0,-192000,0,0,0,53000,245000,-192000,-192000
058567,華新科凱基9A購02,0,0,0,0,0,0,0,0,0,-192000,0,0,0,6000,198000,-192000,-192000
059030,奇力新兆豐99購03,0,0,0,0,0,0,0,0,0,-192000,0,0,0,84000,276000,-192000,-192000
056939,康控元富98購01  ,0,0,0,0,0,0,0,0,0,-192000,0,0,0,495000,687000,-192000,-192000
055687,瀚宇博凱基97購01,0,0,0,0,0,0,0,0,0,-192000,0,0,0,30000,222000,-192000,-192000
056735,國巨凱基99購02  ,0,0,0,0,0,0,0,0,0,-193000,0,0,0,6000,199000,-193000,-193000
055755,禾伸堂兆豐97購02,0,0,0,0,0,0,0,0,0,-193000,0,0,0,57000,250000,-193000,-193000
060216,鴻海凱基9A購17  ,0,0,0,0,0,0,0,0,0,-194000,0,0,0,33000,227000,-194000,-194000
056477,欣興元大98購02  ,0,0,0,0,0,0,0,0,0,-194000,0,0,0,116000,310000,-194000,-194000
060285,聯電元大9C購01  ,0,0,0,0,0,0,0,0,0,-195000,0,0,0,0,195000,-195000,-195000
059559,T50反1凱基99購07,0,0,0,0,0,0,0,0,0,-195000,0,0,0,180000,375000,-195000,-195000
054036,T50反1元大96購08,0,0,0,0,0,0,0,0,0,-195000,0,0,0,25000,220000,-195000,-195000
05538P,玉晶光國票97售02,0,0,0,0,0,0,0,0,0,-196000,0,0,0,622000,818000,-196000,-196000
059533,富邦金凱基99購01,0,0,0,0,0,0,0,0,0,-197000,0,0,0,418000,615000,-197000,-197000
07422P,大立光元大99售32,0,0,0,0,0,0,0,0,0,-197000,0,0,0,101000,298000,-197000,-197000
052817,楠梓電永豐96購02,0,0,0,0,0,0,0,0,0,-197000,0,0,0,0,197000,-197000,-197000
2472,立隆電          ,73000,265000,-192000,0,0,0,0,0,0,-6000,0,6000,-6000,0,0,0,-198000
4942,嘉彰            ,191000,421000,-230000,0,0,0,0,0,0,32000,32000,0,32000,0,0,0,-198000
046906,新光金凱基99購02,0,0,0,0,0,0,0,0,0,-198000,0,0,0,113000,311000,-198000,-198000
040761,T50反1凱基95購02,0,0,0,0,0,0,0,0,0,-198000,0,0,0,0,198000,-198000,-198000
058952,南茂群益99購01  ,0,0,0,0,0,0,0,0,0,-198000,0,0,0,0,198000,-198000,-198000
054416,禾伸堂元大97購01,0,0,0,0,0,0,0,0,0,-199000,0,0,0,167000,366000,-199000,-199000
059128,友達中信99購02  ,0,0,0,0,0,0,0,0,0,-199000,0,0,0,404000,603000,-199000,-199000
052054,台表科凱基96購01,0,0,0,0,0,0,0,0,0,-200000,0,0,0,0,200000,-200000,-200000
052096,力成元大95購01  ,0,0,0,0,0,0,0,0,0,-200000,0,0,0,0,200000,-200000,-200000
057893,亞德客元富98購03,0,0,0,0,0,0,0,0,0,-200000,0,0,0,5000,205000,-200000,-200000
052475,滬深2X群益99購06,0,0,0,0,0,0,0,0,0,-200000,0,0,0,0,200000,-200000,-200000
055918,和鑫凱基97購01  ,0,0,0,0,0,0,0,0,0,-200000,0,0,0,0,200000,-200000,-200000
057627,和大永豐98購01  ,0,0,0,0,0,0,0,0,0,-200000,0,0,0,0,200000,-200000,-200000
06594P,立積元大98售01  ,0,0,0,0,0,0,0,0,0,-201000,0,0,0,61000,262000,-201000,-201000
059023,可成統一9B購02  ,0,0,0,0,0,0,0,0,0,-201000,0,0,0,81000,282000,-201000,-201000
058372,欣興凱基99購03  ,0,0,0,0,0,0,0,0,0,-201000,0,0,0,16000,217000,-201000,-201000
060098,華新科元大99購24,0,0,0,0,0,0,0,0,0,-202000,0,0,0,17000,219000,-202000,-202000
060047,道瓊反凱基99購01,0,0,0,0,0,0,0,0,0,-202000,0,0,0,30000,232000,-202000,-202000
059440,康控元大9B購01  ,0,0,0,0,0,0,0,0,0,-202000,0,0,0,37000,239000,-202000,-202000
07379P,大立光元大99售30,0,0,0,0,0,0,0,0,0,-203000,0,0,0,0,203000,-203000,-203000
1717,長興            ,135000,261000,-126000,0,0,0,0,0,0,-77000,0,77000,-77000,0,0,0,-203000
056762,亞德客元大98購01,0,0,0,0,0,0,0,0,0,-203000,0,0,0,45000,248000,-203000,-203000
052204,台泥中信96購01  ,0,0,0,0,0,0,0,0,0,-204000,0,0,0,130000,334000,-204000,-204000
044429,元金2X元大94購04,0,0,0,0,0,0,0,0,0,-205000,0,0,0,0,205000,-205000,-205000
056529,中環凱基98購01  ,0,0,0,0,0,0,0,0,0,-205000,0,0,0,28000,233000,-205000,-205000
060209,喬山康和9A購01  ,0,0,0,0,0,0,0,0,0,-206000,0,0,0,0,206000,-206000,-206000
050202,建準群益95購01  ,0,0,0,0,0,0,0,0,0,-206000,0,0,0,134000,340000,-206000,-206000
053570,京元電統一96購01,0,0,0,0,0,0,0,0,0,-206000,0,0,0,0,206000,-206000,-206000
1513,中興電          ,369000,588000,-219000,0,0,0,0,0,0,12000,12000,0,12000,0,0,0,-207000
07400P,國巨凱基99售20  ,0,0,0,0,0,0,0,0,0,-207000,0,0,0,20000,227000,-207000,-207000
058403,玉晶光元大99購12,0,0,0,0,0,0,0,0,0,-207000,0,0,0,9000,216000,-207000,-207000
046791,台郡統一96購01  ,0,0,0,0,0,0,0,0,0,-208000,0,0,0,0,208000,-208000,-208000
057198,智伸科統一9B購01,0,0,0,0,0,0,0,0,0,-208000,0,0,0,0,208000,-208000,-208000
057925,貿聯凱基99購01  ,0,0,0,0,0,0,0,0,0,-209000,0,0,0,170000,379000,-209000,-209000
055733,奇力新元富97購01,0,0,0,0,0,0,0,0,0,-209000,0,0,0,55000,264000,-209000,-209000
051647,華新科永豐95購02,0,0,0,0,0,0,0,0,0,-210000,0,0,0,0,210000,-210000,-210000
053405,台達電兆豐96購01,0,0,0,0,0,0,0,0,0,-210000,0,0,0,38000,248000,-210000,-210000
054180,亞泥康和96購01  ,0,0,0,0,0,0,0,0,0,-210000,0,0,0,73000,283000,-210000,-210000
056677,智伸科元富98購01,0,0,0,0,0,0,0,0,0,-210000,0,0,0,339000,549000,-210000,-210000
057567,嘉聯益富邦9A購01,0,0,0,0,0,0,0,0,0,-210000,0,0,0,202000,412000,-210000,-210000
058819,華通國泰9B購01  ,0,0,0,0,0,0,0,0,0,-211000,0,0,0,282000,493000,-211000,-211000
6024,群益期          ,219000,28000,191000,0,0,0,0,0,0,-403000,0,403000,-403000,0,0,0,-212000
060071,國巨元富99購03  ,0,0,0,0,0,0,0,0,0,-212000,0,0,0,536000,748000,-212000,-212000
060079,台郡台新99購03  ,0,0,0,0,0,0,0,0,0,-212000,0,0,0,102000,314000,-212000,-212000
054693,神基永豐97購01  ,0,0,0,0,0,0,0,0,0,-212000,0,0,0,0,212000,-212000,-212000
060323,華通群益9C購01  ,0,0,0,0,0,0,0,0,0,-213000,0,0,0,59000,272000,-213000,-213000
8163,達方            ,449000,672000,-223000,0,0,0,0,0,0,10000,44000,47000,-3000,19000,6000,13000,-213000
058149,百和元大99購02  ,0,0,0,0,0,0,0,0,0,-214000,0,0,0,23000,237000,-214000,-214000
055058,大毅永豐97購01  ,0,0,0,0,0,0,0,0,0,-214000,0,0,0,113000,327000,-214000,-214000
058282,聯茂中信99購01  ,0,0,0,0,0,0,0,0,0,-214000,0,0,0,48000,262000,-214000,-214000
058535,玉晶光統一9A購06,0,0,0,0,0,0,0,0,0,-215000,0,0,0,130000,345000,-215000,-215000
056850,彩晶元富99購01  ,0,0,0,0,0,0,0,0,0,-215000,0,0,0,11000,226000,-215000,-215000
059349,台郡凱基99購04  ,0,0,0,0,0,0,0,0,0,-215000,0,0,0,744000,959000,-215000,-215000
056281,深中小永豐97購01,0,0,0,0,0,0,0,0,0,-215000,0,0,0,0,215000,-215000,-215000
057609,友訊元富98購01  ,0,0,0,0,0,0,0,0,0,-215000,0,0,0,170000,385000,-215000,-215000
1722,台肥            ,723000,892000,-169000,0,0,0,0,0,0,-47000,0,61000,-61000,14000,0,14000,-216000
06626P,大立光統一9A售01,0,0,0,0,0,0,0,0,0,-216000,0,0,0,0,216000,-216000,-216000
060020,康控康和99購01  ,0,0,0,0,0,0,0,0,0,-217000,0,0,0,138000,355000,-217000,-217000
049700,瀚宇博元大97購01,0,0,0,0,0,0,0,0,0,-217000,0,0,0,433000,650000,-217000,-217000
048983,牧德元大95購01  ,0,0,0,0,0,0,0,0,0,-217000,0,0,0,400000,617000,-217000,-217000
057132,華新科凱基98購05,0,0,0,0,0,0,0,0,0,-217000,0,0,0,65000,282000,-217000,-217000
06836P,玉晶光國票99售06,0,0,0,0,0,0,0,0,0,-219000,0,0,0,251000,470000,-219000,-219000
2458,義隆            ,864010,1039300,-175290,0,0,0,163000,558000,-395000,351000,306000,26000,280000,80000,9000,71000,-219290
054231,國巨群益98購03  ,0,0,0,0,0,0,0,0,0,-220000,0,0,0,80000,300000,-220000,-220000
052203,T50反1中信99購03,0,0,0,0,0,0,0,0,0,-220000,0,0,0,10000,230000,-220000,-220000
07303P,臺股指元大9A售36,0,0,0,0,0,0,0,0,0,-221000,0,0,0,83000,304000,-221000,-221000
060100,新光金元大9C購01,0,0,0,0,0,0,0,0,0,-221000,0,0,0,11000,232000,-221000,-221000
059914,台積電元大99購47,0,0,0,0,0,0,0,0,0,-221000,0,0,0,8000,229000,-221000,-221000
053913,華新國票97購01  ,0,0,0,0,0,0,0,0,0,-221000,0,0,0,43000,264000,-221000,-221000
054427,潤泰全富邦97購01,0,0,0,0,0,0,0,0,0,-221000,0,0,0,0,221000,-221000,-221000
058427,大毅元富99購01  ,0,0,0,0,0,0,0,0,0,-221000,0,0,0,594000,815000,-221000,-221000
3669,圓展            ,236000,436000,-200000,0,0,0,0,0,0,-22000,5000,27000,-22000,0,0,0,-222000
2377,微星            ,1815000,1930000,-115000,0,0,0,3000,64000,-61000,-47000,29000,42000,-13000,9000,43000,-34000,-223000
059503,大立光富邦9B購04,0,0,0,0,0,0,0,0,0,-223000,0,0,0,156000,379000,-223000,-223000
054255,亞光元大96購05  ,0,0,0,0,0,0,0,0,0,-223000,0,0,0,1000,224000,-223000,-223000
055747,康舒元富97購01  ,0,0,0,0,0,0,0,0,0,-223000,0,0,0,190000,413000,-223000,-223000
058391,T50反1元大99購02,0,0,0,0,0,0,0,0,0,-224000,0,0,0,0,224000,-224000,-224000
6416,瑞祺電通        ,80000,103000,-23000,0,0,0,0,259000,-259000,56000,83000,30000,53000,3000,0,3000,-226000
07162P,臺股指群益99售13,0,0,0,0,0,0,0,0,0,-227000,0,0,0,194000,421000,-227000,-227000
055419,國巨永豐97購03  ,0,0,0,0,0,0,0,0,0,-227000,0,0,0,22000,249000,-227000,-227000
054025,鴻海凱基96購17  ,0,0,0,0,0,0,0,0,0,-228000,0,0,0,70000,298000,-228000,-228000
055537,康友群益97購03  ,0,1000,-1000,0,0,0,0,0,0,-227000,0,0,0,1000,228000,-227000,-228000
060283,台肥元大9C購01  ,0,0,0,0,0,0,0,0,0,-229000,0,0,0,0,229000,-229000,-229000
2387,精元            ,258000,529000,-271000,0,0,0,0,0,0,41000,0,0,0,50000,9000,41000,-230000
057988,鈺齊元富98購02  ,0,0,0,0,0,0,0,0,0,-230000,0,0,0,0,230000,-230000,-230000
055052,凱美永豐97購01  ,0,0,0,0,0,0,0,0,0,-230000,0,0,0,10000,240000,-230000,-230000
058353,國巨凱基99購09  ,0,0,0,0,0,0,0,0,0,-230000,0,0,0,23000,253000,-230000,-230000
057496,佐登元大98購02  ,0,0,0,0,0,0,0,0,0,-230000,0,0,0,0,230000,-230000,-230000
07270P,台灣50元大01售09,0,0,0,0,0,0,0,0,0,-231000,0,0,0,23000,254000,-231000,-231000
060277,道瓊反元大9A購02,0,0,0,0,0,0,0,0,0,-231000,0,0,0,20000,251000,-231000,-231000
057916,國巨凱基98購13  ,0,0,0,0,0,0,0,0,0,-231000,0,0,0,37000,268000,-231000,-231000
055909,大成鋼凱基98購02,0,0,0,0,0,0,0,0,0,-231000,0,0,0,0,231000,-231000,-231000
058828,大毅永豐99購01  ,0,0,0,0,0,0,0,0,0,-231000,0,0,0,40000,271000,-231000,-231000
059474,元石油群益99購01,0,0,0,0,0,0,0,0,0,-232000,0,0,0,246000,478000,-232000,-232000
060212,華航康和9A購01  ,0,0,0,0,0,0,0,0,0,-233000,0,0,0,5000,238000,-233000,-233000
055183,聯鈞統一97購01  ,0,0,0,0,0,0,0,0,0,-233000,0,0,0,0,233000,-233000,-233000
055872,亞泥元富97購01  ,0,0,0,0,0,0,0,0,0,-234000,0,0,0,489000,723000,-234000,-234000
059180,祥碩元富9A購01  ,0,0,0,0,0,0,0,0,0,-234000,0,0,0,140000,374000,-234000,-234000
1795,美時            ,351000,586000,-235000,0,0,0,0,0,0,0,0,0,0,0,0,0,-235000
055136,聯發科富邦99購06,0,0,0,0,0,0,0,0,0,-236000,0,0,0,19000,255000,-236000,-236000
058775,台積電國票9A購02,0,0,0,0,0,0,0,0,0,-236000,0,0,0,17000,253000,-236000,-236000
053337,聯電國票97購01  ,0,0,0,0,0,0,0,0,0,-237000,0,0,0,88000,325000,-237000,-237000
058752,鈺齊凱基9A購01  ,0,0,0,0,0,0,0,0,0,-238000,0,0,0,6000,244000,-238000,-238000
053745,康友國票97購01  ,0,0,0,0,0,0,0,0,0,-239000,0,0,0,60000,299000,-239000,-239000
059934,華通永豐99購02  ,0,0,0,0,0,0,0,0,0,-241000,0,0,0,92000,333000,-241000,-241000
060051,台積電凱基9B購01,0,0,0,0,0,0,0,0,0,-242000,0,0,0,2000,244000,-242000,-242000
055171,凱美統一97購01  ,0,0,0,0,0,0,0,0,0,-243000,0,0,0,0,243000,-243000,-243000
055403,泰鼎元富97購01  ,0,0,0,0,0,0,0,0,0,-243000,0,0,0,277000,520000,-243000,-243000
060125,強茂永豐99購01  ,0,0,0,0,0,0,0,0,0,-244000,0,0,0,0,244000,-244000,-244000
058994,道瓊指元大99購01,0,0,0,0,0,0,0,0,0,-245000,0,0,0,62000,307000,-245000,-245000
00717,富邦美國特別股  ,0,0,0,0,0,0,0,0,0,-245742,0,0,0,421000,666742,-245742,-245742
052891,台泥群益96購01  ,0,0,0,0,0,0,0,0,0,-246000,0,0,0,0,246000,-246000,-246000
054426,國泰金富邦97購02,0,0,0,0,0,0,0,0,0,-247000,0,0,0,15000,262000,-247000,-247000
059041,南茂群益99購02  ,0,0,0,0,0,0,0,0,0,-247000,0,0,0,0,247000,-247000,-247000
051271,華新科群益95購04,0,0,0,0,0,0,0,0,0,-248000,0,0,0,151000,399000,-248000,-248000
059292,華新科元富9B購02,10000,0,10000,0,0,0,0,0,0,-258000,0,0,0,51000,309000,-258000,-248000
055592,奇力新元大97購07,0,0,0,0,0,0,0,0,0,-248000,0,0,0,27000,275000,-248000,-248000
060286,佳世達元大9C購01,0,0,0,0,0,0,0,0,0,-249000,0,0,0,35000,284000,-249000,-249000
1710,東聯            ,977000,991000,-14000,0,0,0,0,0,0,-235000,0,235000,-235000,0,0,0,-249000
3653,健策            ,251000,366000,-115000,0,0,0,0,0,0,-134000,11000,86000,-75000,21000,80000,-59000,-249000
056169,鴻海元富97購08  ,0,0,0,0,0,0,0,0,0,-249000,0,0,0,168000,417000,-249000,-249000
2838,聯邦銀          ,223000,299070,-76070,0,0,0,0,0,0,-173000,0,173000,-173000,0,0,0,-249070
3702A,大聯大甲特      ,12000,0,12000,0,0,0,0,200000,-200000,-63000,0,63000,-63000,0,0,0,-251000
059168,奇力新凱基99購05,0,0,0,0,0,0,0,0,0,-251000,0,0,0,498000,749000,-251000,-251000
07279P,台灣50台新99售02,0,0,0,0,0,0,0,0,0,-252000,0,0,0,0,252000,-252000,-252000
059636,宏達電凱基99購05,0,0,0,0,0,0,0,0,0,-252000,0,0,0,20000,272000,-252000,-252000
058175,旺宏凱基99購03  ,0,0,0,0,0,0,0,0,0,-252000,0,0,0,68000,320000,-252000,-252000
057012,康控中信98購01  ,0,0,0,0,0,0,0,0,0,-252000,0,0,0,0,252000,-252000,-252000
057300,訊連永豐98購01  ,0,0,0,0,0,0,0,0,0,-252000,0,0,0,0,252000,-252000,-252000
059507,鴻海永豐99購03  ,0,0,0,0,0,0,0,0,0,-254000,0,0,0,82000,336000,-254000,-254000
06068P,玉晶光康和97售01,0,0,0,0,0,0,0,0,0,-255000,0,0,0,33000,288000,-255000,-255000
2314,台揚            ,651000,907000,-256000,0,0,0,0,0,0,1000,0,0,0,5000,4000,1000,-255000
058526,鈺齊元大99購02  ,0,0,0,0,0,0,0,0,0,-255000,0,0,0,0,255000,-255000,-255000
6531,愛普            ,286000,572000,-286000,0,0,0,0,0,0,30000,35000,5000,30000,0,0,0,-256000
060305,得力永豐9A購01  ,0,0,0,0,0,0,0,0,0,-256000,0,0,0,50000,306000,-256000,-256000
059624,鴻海凱基01購01  ,0,0,0,0,0,0,0,0,0,-256000,0,0,0,56000,312000,-256000,-256000
060023,T50反1國泰9A購03,0,0,0,0,0,0,0,0,0,-256000,0,0,0,0,256000,-256000,-256000
057073,康控永豐98購01  ,0,0,0,0,0,0,0,0,0,-256000,0,0,0,0,256000,-256000,-256000
3533,嘉澤            ,133200,216000,-82800,0,0,0,34000,214000,-180000,6000,27000,34000,-7000,15000,2000,13000,-256800
060088,國巨元大99購30  ,0,0,0,0,0,0,0,0,0,-257000,0,0,0,143000,400000,-257000,-257000
052349,鴻海統一95購15  ,0,0,0,0,0,0,0,0,0,-257000,0,0,0,255000,512000,-257000,-257000
060072,國巨元富99購04  ,0,0,0,0,0,0,0,0,0,-258000,0,0,0,1233000,1491000,-258000,-258000
057514,華新科元富99購03,0,0,0,0,0,0,0,0,0,-258000,0,0,0,225000,483000,-258000,-258000
050818,華新科凱基95購02,0,0,0,0,0,0,0,0,0,-259000,0,0,0,40000,299000,-259000,-259000
055295,瀚宇博元大97購02,0,0,0,0,0,0,0,0,0,-259000,0,0,0,75000,334000,-259000,-259000
059926,世紀鋼國泰9B購01,0,0,0,0,0,0,0,0,0,-260000,0,0,0,27000,287000,-260000,-260000
060107,旭富元大99購03  ,0,0,0,0,0,0,0,0,0,-261000,0,0,0,67000,328000,-261000,-261000
1312,國喬            ,1289000,1520000,-231000,0,0,0,0,0,0,-30000,4000,34000,-30000,0,0,0,-261000
059883,T50反1國票99購02,0,0,0,0,0,0,0,0,0,-262000,0,0,0,0,262000,-262000,-262000
2451,創見            ,246000,677000,-431000,0,0,0,230000,0,230000,-62000,0,16000,-16000,0,46000,-46000,-263000
057896,嘉晶元富98購01  ,0,0,0,0,0,0,0,0,0,-263000,0,0,0,0,263000,-263000,-263000
058832,立積永豐99購01  ,0,0,0,0,0,0,0,0,0,-263000,0,0,0,30000,293000,-263000,-263000
057780,台郡群益98購02  ,0,0,0,0,0,0,0,0,0,-264000,0,0,0,153000,417000,-264000,-264000
058398,中環元大99購02  ,0,0,0,0,0,0,0,0,0,-264000,0,0,0,0,264000,-264000,-264000
07375P,台積電元大99售48,0,0,0,0,0,0,0,0,0,-265000,0,0,0,0,265000,-265000,-265000
3010,華立            ,82000,347000,-265000,0,0,0,0,0,0,0,0,0,0,0,0,0,-265000
3038,全台            ,185000,461000,-276000,0,0,0,0,0,0,10000,20000,10000,10000,0,0,0,-266000
057001,華邦電國票99購02,0,0,0,0,0,0,0,0,0,-266000,0,0,0,118000,384000,-266000,-266000
059633,聯發科凱基9A購07,0,0,0,0,0,0,0,0,0,-267000,0,0,0,0,267000,-267000,-267000
056657,華邦電元大99購01,0,0,0,0,0,0,0,0,0,-267000,0,0,0,30000,297000,-267000,-267000
059359,精元永豐99購01  ,0,0,0,0,0,0,0,0,0,-269000,0,0,0,132000,401000,-269000,-269000
060131,GIS永豐99購03   ,0,0,0,0,0,0,0,0,0,-270000,0,0,0,53000,323000,-270000,-270000
058463,宏達電兆豐99購02,0,0,0,0,0,0,0,0,0,-270000,0,0,0,10000,280000,-270000,-270000
059246,奇力新凱基9A購02,0,0,0,0,0,0,0,0,0,-271000,0,0,0,49000,320000,-271000,-271000
058570,臻鼎凱基9A購01  ,0,0,0,0,0,0,0,0,0,-271000,0,0,0,23000,294000,-271000,-271000
057449,華新科元富99購02,0,0,0,0,0,0,0,0,0,-272000,0,0,0,168000,440000,-272000,-272000
059194,元金2X永豐99購01,0,0,0,0,0,0,0,0,0,-272000,0,0,0,16000,288000,-272000,-272000
056196,聯茂富邦98購02  ,0,0,0,0,0,0,0,0,0,-272000,0,0,0,141000,413000,-272000,-272000
060050,鴻海凱基9B購01  ,0,0,0,0,0,0,0,0,0,-274000,0,0,0,279000,553000,-274000,-274000
8422,可寧衛          ,85000,359000,-274000,0,0,0,2000,0,2000,-5000,0,5000,-5000,0,0,0,-277000
056269,新日興統一98購01,0,0,0,0,0,0,0,0,0,-277000,0,0,0,0,277000,-277000,-277000
08749P,鴻海台新01售02  ,0,0,0,0,0,0,0,0,0,-278000,0,0,0,0,278000,-278000,-278000
051402,玉晶光永豐95購04,0,0,0,0,0,0,0,0,0,-278000,0,0,0,74000,352000,-278000,-278000
059834,友達國泰9B購01  ,0,0,0,0,0,0,0,0,0,-279000,0,0,0,154000,433000,-279000,-279000
057393,台積電中信02購01,0,0,0,0,0,0,0,0,0,-279000,0,0,0,0,279000,-279000,-279000
07264P,台積電元大99售38,0,0,0,0,0,0,0,0,0,-280000,0,0,0,278000,558000,-280000,-280000
057920,奇力新凱基98購08,0,0,0,0,0,0,0,0,0,-280000,0,0,0,160000,440000,-280000,-280000
057377,康控元大99購02  ,0,0,0,0,0,0,0,0,0,-280000,0,0,0,0,280000,-280000,-280000
060015,國巨康和99購03  ,0,0,0,0,0,0,0,0,0,-281000,0,0,0,190000,471000,-281000,-281000
058319,大毅永豐9A購01  ,0,0,0,0,0,0,0,0,0,-281000,0,0,0,10000,291000,-281000,-281000
1789,神隆            ,212000,590000,-378000,0,0,0,95000,0,95000,1000,0,1000,-1000,2000,0,2000,-282000
054221,華新科統一96購05,0,0,0,0,0,0,0,0,0,-282000,0,0,0,76000,358000,-282000,-282000
058568,宏達電凱基9A購02,0,0,0,0,0,0,0,0,0,-282000,0,0,0,42000,324000,-282000,-282000
059187,國巨富邦9B購02  ,0,0,0,0,0,0,0,0,0,-283000,0,0,0,92000,375000,-283000,-283000
2915,潤泰全          ,903751,1125000,-221249,0,0,0,0,0,0,-63000,17000,36000,-19000,13000,57000,-44000,-284249
2417,圓剛            ,451000,736000,-285000,0,0,0,0,0,0,0,0,0,0,0,0,0,-285000
057763,康控凱基99購02  ,0,0,0,0,0,0,0,0,0,-285000,0,0,0,0,285000,-285000,-285000
5607,遠雄港          ,170000,456000,-286000,0,0,0,0,0,0,0,0,0,0,0,0,0,-286000
060282,聚陽元大9A購01  ,0,0,0,0,0,0,0,0,0,-287000,0,0,0,8000,295000,-287000,-287000
056170,鴻海元富97購09  ,0,0,0,0,0,0,0,0,0,-287000,0,0,0,107000,394000,-287000,-287000
053486,T50反1兆豐96購01,0,0,0,0,0,0,0,0,0,-288000,0,0,0,10000,298000,-288000,-288000
058565,鴻海凱基9A購07  ,0,0,0,0,0,0,0,0,0,-288000,0,0,0,19000,307000,-288000,-288000
053642,瀚宇博永豐96購01,0,0,0,0,0,0,0,0,0,-289000,0,0,0,84000,373000,-289000,-289000
060241,國泰金元大9A購01,0,0,0,0,0,0,0,0,0,-290000,0,0,0,0,290000,-290000,-290000
059951,台塑康和99購01  ,0,0,0,0,0,0,0,0,0,-291000,0,0,0,216000,507000,-291000,-291000
050458,台郡元大94購03  ,0,0,0,0,0,0,0,0,0,-291000,0,0,0,8000,299000,-291000,-291000
058512,宏達電元大99購04,0,0,0,0,0,0,0,0,0,-292000,0,0,0,12000,304000,-292000,-292000
3023,信邦            ,680000,673139,6861,0,0,0,22000,220000,-198000,-101000,8000,110000,-102000,2000,1000,1000,-292139
060045,嘉晶群益99購02  ,0,0,0,0,0,0,0,0,0,-293000,0,0,0,22000,315000,-293000,-293000
055802,新日興永豐97購01,0,0,0,0,0,0,0,0,0,-293000,0,0,0,8000,301000,-293000,-293000
3019,亞光            ,593065,842000,-248935,0,0,0,0,0,0,-45000,54000,129000,-75000,59000,29000,30000,-293935
059830,台郡凱基99購05  ,0,0,0,0,0,0,0,0,0,-294000,0,0,0,14000,308000,-294000,-294000
056256,聯茂元富97購03  ,0,0,0,0,0,0,0,0,0,-294000,0,0,0,61000,355000,-294000,-294000
059291,華新科元富9B購01,0,0,0,0,0,0,0,0,0,-294000,0,0,0,36000,330000,-294000,-294000
2478,大毅            ,1209000,1720000,-511000,0,0,0,0,0,0,216000,0,7000,-7000,271000,48000,223000,-295000
054487,京元電台新97購01,0,0,0,0,0,0,0,0,0,-295000,0,0,0,0,295000,-295000,-295000
057856,聯鈞國票99購03  ,0,0,0,0,0,0,0,0,0,-296000,0,0,0,28000,324000,-296000,-296000
055594,華新科元大98購02,0,0,0,0,0,0,0,0,0,-296000,0,0,0,18000,314000,-296000,-296000
051818,國巨統一95購02  ,0,0,0,0,0,0,0,0,0,-299000,0,0,0,167000,466000,-299000,-299000
04590P,元石油元大97售01,0,0,0,0,0,0,0,0,0,-299000,0,0,0,0,299000,-299000,-299000
8926,台汽電          ,113000,422000,-309000,0,0,0,12000,0,12000,-3000,70000,73000,-3000,0,0,0,-300000
051589,健鼎元大95購02  ,0,0,0,0,0,0,0,0,0,-300000,0,0,0,0,300000,-300000,-300000
054910,信錦凱基97購01  ,0,0,0,0,0,0,0,0,0,-300000,0,0,0,0,300000,-300000,-300000
058725,美律富邦9A購01  ,0,0,0,0,0,0,0,0,0,-301000,0,0,0,456000,757000,-301000,-301000
3062,建漢            ,477000,779000,-302000,0,0,0,0,0,0,0,0,0,0,0,0,0,-302000
1402,遠東新          ,3747326,4877959,-1130633,0,0,0,913000,0,913000,-85000,99000,232000,-133000,48000,0,48000,-302633
3338,泰碩            ,491000,633000,-142000,0,0,0,0,360000,-360000,199000,234000,28000,206000,26000,33000,-7000,-303000
059918,華新科元大99購20,0,0,0,0,0,0,0,0,0,-303000,0,0,0,11000,314000,-303000,-303000
060102,禾伸堂元大99購06,0,0,0,0,0,0,0,0,0,-304000,0,0,0,306000,610000,-304000,-304000
053671,可成統一96購03  ,0,0,0,0,0,0,0,0,0,-304000,0,0,0,0,304000,-304000,-304000
053076,貿聯永豐96購01  ,0,0,0,0,0,0,0,0,0,-304000,0,0,0,0,304000,-304000,-304000
053505,瑞儀兆豐97購01  ,0,0,0,0,0,0,0,0,0,-304000,0,0,0,142000,446000,-304000,-304000
053900,T50反1日盛99購01,0,0,0,0,0,0,0,0,0,-304000,0,0,0,643000,947000,-304000,-304000
060108,泰鼎元大99購04  ,0,0,0,0,0,0,0,0,0,-305000,0,0,0,163000,468000,-305000,-305000
2106,建大            ,239000,503000,-264000,0,0,0,0,0,0,-42000,0,42000,-42000,0,0,0,-306000
053170,茂林群益96購04  ,0,0,0,0,0,0,0,0,0,-306000,0,0,0,246000,552000,-306000,-306000
00653L,富邦印度正2     ,0,511000,-511000,0,0,0,0,0,0,205000,0,0,0,2981000,2776000,205000,-306000
055512,聯詠兆豐97購01  ,0,0,0,0,0,0,0,0,0,-306000,0,0,0,480000,786000,-306000,-306000
06496P,台灣50日盛98售01,0,0,0,0,0,0,0,0,0,-307000,0,0,0,0,307000,-307000,-307000
057649,嘉聯益元大99購04,0,0,0,0,0,0,0,0,0,-307000,0,0,0,63000,370000,-307000,-307000
00668,國泰美國道瓊    ,2000,0,2000,0,0,0,0,0,0,-310000,0,0,0,195000,505000,-310000,-308000
9921,巨大            ,600540,1084000,-483460,0,0,0,175000,0,175000,0,0,0,0,0,0,0,-308460
058909,神達元大99購03  ,0,0,0,0,0,0,0,0,0,-309000,0,0,0,20000,329000,-309000,-309000
056664,上証反中信9B購01,0,0,0,0,0,0,0,0,0,-310000,0,0,0,0,310000,-310000,-310000
1902,台紙            ,162000,474000,-312000,0,0,0,0,0,0,1000,1000,0,1000,0,0,0,-311000
1229,聯華            ,742000,986455,-244455,0,0,0,5000,0,5000,-72000,0,72000,-72000,0,0,0,-311455
058547,世紀鋼富邦9A購01,0,0,0,0,0,0,0,0,0,-312000,0,0,0,646000,958000,-312000,-312000
059986,宏達電元大99購08,0,0,0,0,0,0,0,0,0,-313000,0,0,0,81000,394000,-313000,-313000
052727,仁寶元富96購01  ,0,0,0,0,0,0,0,0,0,-313000,0,0,0,115000,428000,-313000,-313000
057878,台郡元大99購04  ,0,0,0,0,0,0,0,0,0,-313000,0,0,0,290000,603000,-313000,-313000
060460,鴻海元大9A購08  ,0,0,0,0,0,0,0,0,0,-314000,0,0,0,16000,330000,-314000,-314000
1707,葡萄王          ,218000,312000,-94000,0,0,0,0,207000,-207000,-13000,0,13000,-13000,0,0,0,-314000
057383,玉晶光富邦9A購01,0,0,0,0,0,0,0,0,0,-314000,0,0,0,75000,389000,-314000,-314000
07342P,大立光凱基99售14,0,0,0,0,0,0,0,0,0,-315000,0,0,0,187000,502000,-315000,-315000
8110,華東            ,400000,694000,-294000,0,0,0,0,0,0,-21000,0,21000,-21000,0,0,0,-315000
5388,中磊            ,163000,497000,-334000,0,0,0,1000,0,1000,18000,40000,17000,23000,7000,12000,-5000,-315000
9935,慶豐富          ,97000,412000,-315000,0,0,0,0,0,0,0,0,0,0,0,0,0,-315000
2441,超豐            ,183000,503000,-320000,0,0,0,4000,0,4000,0,22000,22000,0,0,0,0,-316000
058147,鈺齊元大99購01  ,0,0,0,0,0,0,0,0,0,-316000,0,0,0,2000,318000,-316000,-316000
057296,智原永豐98購01  ,0,0,0,0,0,0,0,0,0,-317000,0,0,0,19000,336000,-317000,-317000
058244,神達元大99購02  ,0,0,0,0,0,0,0,0,0,-317000,0,0,0,99000,416000,-317000,-317000
058986,華新科凱基9A購03,0,0,0,0,0,0,0,0,0,-317000,0,0,0,24000,341000,-317000,-317000
2395,研華            ,350260,649000,-298740,0,0,0,0,0,0,-20000,3000,23000,-20000,0,0,0,-318740
4536,拓凱            ,128000,558000,-430000,0,0,0,0,0,0,110000,110000,5000,105000,5000,0,5000,-320000
060308,劍麟永豐9A購01  ,0,0,0,0,0,0,0,0,0,-320000,0,0,0,0,320000,-320000,-320000
051906,國巨元大95購09  ,0,0,0,0,0,0,0,0,0,-320000,0,0,0,3000,323000,-320000,-320000
060299,友訊國泰9B購01  ,0,0,0,0,0,0,0,0,0,-322000,0,0,0,0,322000,-322000,-322000
5522,遠雄            ,151163,466000,-314837,0,0,0,9000,0,9000,-17000,49000,66000,-17000,0,0,0,-322837
055172,凱美統一97購02  ,0,0,0,0,0,0,0,0,0,-323000,0,0,0,129000,452000,-323000,-323000
058522,聯茂元大99購07  ,0,0,0,0,0,0,0,0,0,-323000,0,0,0,44000,367000,-323000,-323000
059863,和大凱基99購01  ,0,0,0,0,0,0,0,0,0,-324000,0,0,0,323000,647000,-324000,-324000
059166,友達凱基99購05  ,0,0,0,0,0,0,0,0,0,-324000,0,0,0,0,324000,-324000,-324000
058663,瑞儀兆豐9A購01  ,0,0,0,0,0,0,0,0,0,-325000,0,0,0,45000,370000,-325000,-325000
056105,智原永豐97購01  ,0,0,0,0,0,0,0,0,0,-325000,0,0,0,35000,360000,-325000,-325000
056620,華新科永豐98購02,0,0,0,0,0,0,0,0,0,-325000,0,0,0,50000,375000,-325000,-325000
03678C,臺股指凱基01牛02,0,0,0,0,0,0,0,0,0,-326000,0,0,0,510000,836000,-326000,-326000
060126,創意永豐99購04  ,0,0,0,0,0,0,0,0,0,-330000,0,0,0,143000,473000,-330000,-330000
051557,昇陽半永豐96購01,0,0,0,0,0,0,0,0,0,-330000,0,0,0,0,330000,-330000,-330000
054253,宏達電元大97購03,0,0,0,0,0,0,0,0,0,-332000,0,0,0,8000,340000,-332000,-332000
053593,晶技元大98購01  ,0,0,0,0,0,0,0,0,0,-335000,0,0,0,97000,432000,-335000,-335000
05212P,台積電國票96售04,0,0,0,0,0,0,0,0,0,-335000,0,0,0,80000,415000,-335000,-335000
059852,康控永豐99購02  ,0,0,0,0,0,0,0,0,0,-336000,0,0,0,223000,559000,-336000,-336000
050171,臺指反元大97購03,0,0,0,0,0,0,0,0,0,-336000,0,0,0,71000,407000,-336000,-336000
2809,京城銀          ,530000,552000,-22000,0,0,0,0,248000,-248000,-67000,0,67000,-67000,0,0,0,-337000
06846P,美律元大98售05  ,0,0,0,0,0,0,0,0,0,-338000,0,0,0,2000,340000,-338000,-338000
058148,百和元大99購01  ,0,0,0,0,0,0,0,0,0,-339000,0,0,0,23000,362000,-339000,-339000
07293P,臺股指凱基99售45,0,0,0,0,0,0,0,0,0,-340000,0,0,0,88000,428000,-340000,-340000
060362,建準元富9A購02  ,0,0,0,0,0,0,0,0,0,-344000,0,0,0,20000,364000,-344000,-344000
059818,鴻海凱基99購14  ,0,0,0,0,0,0,0,0,0,-344000,0,0,0,24000,368000,-344000,-344000
060117,國巨國泰9B購04  ,0,0,0,0,0,0,0,0,0,-345000,0,0,0,237000,582000,-345000,-345000
058532,禾伸堂元富99購01,0,0,0,0,0,0,0,0,0,-345000,0,0,0,186000,531000,-345000,-345000
059773,康控群益99購01  ,0,0,0,0,0,0,0,0,0,-346000,0,0,0,0,346000,-346000,-346000
6558,興能高          ,331000,674000,-343000,0,0,0,0,0,0,-3000,4000,7000,-3000,0,0,0,-346000
056486,樺漢元大98購04  ,0,0,0,0,0,0,0,0,0,-346000,0,0,0,19000,365000,-346000,-346000
3044,健鼎            ,1195831,1808875,-613044,0,0,0,218000,0,218000,49000,22000,6000,16000,40000,7000,33000,-346044
059680,台積電國泰9A購03,0,0,0,0,0,0,0,0,0,-347000,0,0,0,95000,442000,-347000,-347000
059731,康控元大99購04  ,0,0,0,0,0,0,0,0,0,-347000,0,0,0,39000,386000,-347000,-347000
05170P,世芯元大95售01  ,0,0,0,0,0,0,0,0,0,-347000,0,0,0,210000,557000,-347000,-347000
2548,華固            ,333000,470000,-137000,0,0,0,0,0,0,-211000,14000,225000,-211000,0,0,0,-348000
056643,奇力新凱基99購01,0,0,0,0,0,0,0,0,0,-349000,0,0,0,35000,384000,-349000,-349000
059008,鈺齊元大99購03  ,0,0,0,0,0,0,0,0,0,-349000,0,0,0,0,349000,-349000,-349000
052527,泰鼎元大96購02  ,0,0,0,0,0,0,0,0,0,-350000,0,0,0,67000,417000,-350000,-350000
060199,台郡元富9A購01  ,0,0,0,0,0,0,0,0,0,-352000,0,0,0,255000,607000,-352000,-352000
2537,聯上發          ,108000,461000,-353000,0,0,0,0,0,0,0,0,0,0,0,0,0,-353000
054928,帆宣凱基98購01  ,0,0,0,0,0,0,0,0,0,-353000,0,0,0,44000,397000,-353000,-353000
056308,TPK元大97購02   ,0,0,0,0,0,0,0,0,0,-353000,0,0,0,98000,451000,-353000,-353000
059848,智邦永豐99購01  ,0,0,0,0,0,0,0,0,0,-355000,0,0,0,40000,395000,-355000,-355000
055261,帆宣統一98購01  ,0,0,0,0,0,0,0,0,0,-357000,0,0,0,0,357000,-357000,-357000
058027,鴻海富邦98購04  ,0,0,0,0,0,0,0,0,0,-357000,0,0,0,183000,540000,-357000,-357000
057074,立積永豐98購01  ,0,0,0,0,0,0,0,0,0,-357000,0,0,0,76000,433000,-357000,-357000
059198,華新科永豐99購06,0,0,0,0,0,0,0,0,0,-359000,0,0,0,7000,366000,-359000,-359000
059919,宏達電元大99購06,0,0,0,0,0,0,0,0,0,-360000,0,0,0,150000,510000,-360000,-360000
057498,台郡元大98購04  ,20000,0,20000,0,0,0,0,0,0,-381000,0,0,0,16000,397000,-381000,-361000
056473,奇力新元大99購02,0,0,0,0,0,0,0,0,0,-362000,0,0,0,139000,501000,-362000,-362000
07300P,臺股指元大9A售33,0,0,0,0,0,0,0,0,0,-363000,0,0,0,119000,482000,-363000,-363000
6412,群電            ,281000,712000,-431000,0,0,0,0,0,0,67000,0,0,0,67000,0,67000,-364000
059514,嘉澤永豐99購02  ,0,0,0,0,0,0,0,0,0,-364000,0,0,0,127000,491000,-364000,-364000
056093,大毅元富97購01  ,0,0,0,0,0,0,0,0,0,-364000,0,0,0,230000,594000,-364000,-364000
059866,國巨凱基99購18  ,0,0,0,0,0,0,0,0,0,-365000,0,0,0,28000,393000,-365000,-365000
059628,智邦凱基99購04  ,150000,0,150000,0,0,0,0,0,0,-516000,0,0,0,135000,651000,-516000,-366000
1310,台苯            ,208000,516000,-308000,0,0,0,0,0,0,-58000,0,58000,-58000,0,0,0,-366000
057619,玉晶光凱基98購02,0,0,0,0,0,0,0,0,0,-366000,0,0,0,61000,427000,-366000,-366000
057320,玉晶光凱基98購01,0,0,0,0,0,0,0,0,0,-366000,0,0,0,155000,521000,-366000,-366000
057375,欣興元大98購09  ,0,0,0,0,0,0,0,0,0,-367000,0,0,0,38000,405000,-367000,-367000
054929,群電凱基97購01  ,0,0,0,0,0,0,0,0,0,-370000,0,0,0,60000,430000,-370000,-370000
058995,台達電元大99購01,0,0,0,0,0,0,0,0,0,-370000,0,0,0,0,370000,-370000,-370000
060134,鈺齊群益9A購01  ,0,0,0,0,0,0,0,0,0,-371000,0,0,0,26000,397000,-371000,-371000
060302,台積電富邦02購01,0,0,0,0,0,0,0,0,0,-371000,0,0,0,0,371000,-371000,-371000
058050,台郡元大99購05  ,0,0,0,0,0,0,0,0,0,-373000,0,0,0,129000,502000,-373000,-373000
056255,華新科元富97購05,0,0,0,0,0,0,0,0,0,-376000,0,0,0,178000,554000,-376000,-376000
055684,京鼎凱基97購01  ,0,0,0,0,0,0,0,0,0,-377000,0,0,0,42000,419000,-377000,-377000
058707,泰鼎元大99購02  ,0,0,0,0,0,0,0,0,0,-380000,0,0,0,76000,456000,-380000,-380000
059956,玉山金康和99購01,0,0,0,0,0,0,0,0,0,-381000,0,0,0,230000,611000,-381000,-381000
053667,鴻海統一96購12  ,0,0,0,0,0,0,0,0,0,-381000,0,0,0,0,381000,-381000,-381000
059618,台積電日盛99購01,0,0,0,0,0,0,0,0,0,-382000,0,0,0,428000,810000,-382000,-382000
9945,潤泰新          ,948000,1231000,-283000,0,0,0,4000,0,4000,-105000,7000,111000,-104000,0,1000,-1000,-384000
054123,易華電永豐96購03,0,0,0,0,0,0,0,0,0,-387000,0,0,0,0,387000,-387000,-387000
057736,鴻海富邦99購04  ,0,0,0,0,0,0,0,0,0,-387000,0,0,0,38000,425000,-387000,-387000
042315,T50反1台新96購01,0,0,0,0,0,0,0,0,0,-388000,0,0,0,0,388000,-388000,-388000
059954,華新科康和99購01,0,0,0,0,0,0,0,0,0,-389000,0,0,0,177000,566000,-389000,-389000
07459P,緯穎元大9A售01  ,0,0,0,0,0,0,0,0,0,-391000,0,0,0,40000,431000,-391000,-391000
059948,正文永豐99購01  ,0,0,0,0,0,0,0,0,0,-393000,0,0,0,174000,567000,-393000,-393000
056298,億光元大97購02  ,0,0,0,0,0,0,0,0,0,-393000,0,0,0,61000,454000,-393000,-393000
058333,鴻海元富99購04  ,0,0,0,0,0,0,0,0,0,-394000,0,0,0,145000,539000,-394000,-394000
058049,帆宣元大98購01  ,0,0,0,0,0,0,0,0,0,-395000,0,0,0,0,395000,-395000,-395000
00636,國泰中國A50     ,11000,549000,-538000,0,0,0,0,0,0,142737,85000,0,85000,264000,206263,57737,-395263
053143,昇陽半永豐96購03,0,0,0,0,0,0,0,0,0,-396000,0,0,0,0,396000,-396000,-396000
057319,奇力新凱基99購02,0,0,0,0,0,0,0,0,0,-397000,0,0,0,94000,491000,-397000,-397000
059375,道瓊反群益9C購02,0,0,0,0,0,0,0,0,0,-399000,0,0,0,0,399000,-399000,-399000
060154,堤維西永豐9A購01,0,0,0,0,0,0,0,0,0,-400000,0,0,0,10000,410000,-400000,-400000
060240,富邦金元大9A購01,0,0,0,0,0,0,0,0,0,-401000,0,0,0,58000,459000,-401000,-401000
053806,鎧勝凱基96購02  ,0,0,0,0,0,0,0,0,0,-402000,0,0,0,0,402000,-402000,-402000
2903,遠百            ,453000,803000,-350000,0,0,0,0,0,0,-53000,22000,75000,-53000,0,0,0,-403000
00652,富邦印度        ,82000,8000,74000,0,0,0,0,0,0,-478000,0,0,0,98000,576000,-478000,-404000
056189,樺漢統一97購02  ,0,0,0,0,0,0,0,0,0,-406000,0,0,0,34000,440000,-406000,-406000
059906,臺指反元大9C購04,0,0,0,0,0,0,0,0,0,-408000,0,0,0,10000,418000,-408000,-408000
2204,中華            ,469000,850000,-381000,0,0,0,0,0,0,-28000,0,28000,-28000,0,0,0,-409000
060227,和大元大9A購01  ,0,0,0,0,0,0,0,0,0,-410000,0,0,0,51000,461000,-410000,-410000
055951,大成鋼元大97購02,0,0,0,0,0,0,0,0,0,-410000,0,0,0,0,410000,-410000,-410000
056168,鴻海元富97購07  ,0,0,0,0,0,0,0,0,0,-412000,0,0,0,107000,519000,-412000,-412000
058141,嘉聯益元大99購05,0,0,0,0,0,0,0,0,0,-413000,0,0,0,62000,475000,-413000,-413000
4934,太極            ,92000,506000,-414000,0,0,0,0,0,0,0,0,0,0,0,0,0,-414000
046630,京元電元富95購03,0,0,0,0,0,0,0,0,0,-414000,0,0,0,176000,590000,-414000,-414000
054941,凱美元大97購01  ,0,0,0,0,0,0,0,0,0,-415000,0,0,0,87000,502000,-415000,-415000
2881,富邦金          ,11448810,11840000,-391190,0,0,0,5000,0,5000,-30000,0,336000,-336000,311000,5000,306000,-416190
060184,建準元富9A購01  ,0,0,0,0,0,0,0,0,0,-420000,0,0,0,197000,617000,-420000,-420000
057730,聯鈞國泰9A購01  ,0,0,0,0,0,0,0,0,0,-424000,0,0,0,396000,820000,-424000,-424000
059005,嘉晶元大99購06  ,0,0,0,0,0,0,0,0,0,-425000,0,0,0,168000,593000,-425000,-425000
052185,奇力新群益95購03,0,0,0,0,0,0,0,0,0,-427000,0,0,0,65000,492000,-427000,-427000
056829,台積電富邦9A購01,0,0,0,0,0,0,0,0,0,-427000,0,0,0,55000,482000,-427000,-427000
057452,新日興元富98購01,0,0,0,0,0,0,0,0,0,-428000,0,0,0,23000,451000,-428000,-428000
047564,滬深2X國票99購01,0,0,0,0,0,0,0,0,0,-430000,0,0,0,20000,450000,-430000,-430000
059317,台積電元大99購34,0,0,0,0,0,0,0,0,0,-430000,0,0,0,110000,540000,-430000,-430000
8016,矽創            ,233000,490000,-257000,0,0,0,0,155000,-155000,-21000,4000,5000,-1000,8000,28000,-20000,-433000
056817,國巨永豐98購04  ,0,0,0,0,0,0,0,0,0,-441000,0,0,0,35000,476000,-441000,-441000
058768,南港兆豐99購01  ,0,0,0,0,0,0,0,0,0,-441000,0,0,0,0,441000,-441000,-441000
8046,南電            ,5938000,2654000,3284000,0,0,0,0,4021000,-4021000,294000,413000,65000,348000,108000,162000,-54000,-443000
058206,祥碩凱基99購01  ,0,0,0,0,0,0,0,0,0,-444000,0,0,0,14000,458000,-444000,-444000
060083,和大元大99購02  ,0,0,0,0,0,0,0,0,0,-446000,0,0,0,125000,571000,-446000,-446000
057624,新日興國泰99購01,0,0,0,0,0,0,0,0,0,-446000,0,0,0,34000,480000,-446000,-446000
057328,京鼎群益99購02  ,0,0,0,0,0,0,0,0,0,-448000,0,0,0,122000,570000,-448000,-448000
060355,元金2X元富9C購01,0,0,0,0,0,0,0,0,0,-450000,0,0,0,0,450000,-450000,-450000
055143,臻鼎永豐97購01  ,0,0,0,0,0,0,0,0,0,-450000,0,0,0,0,450000,-450000,-450000
2402,毅嘉            ,99000,550000,-451000,0,0,0,0,0,0,0,0,0,0,0,0,0,-451000
059004,嘉晶元大99購05  ,0,0,0,0,0,0,0,0,0,-451000,0,0,0,172000,623000,-451000,-451000
056599,臻鼎元富98購01  ,0,0,0,0,0,0,0,0,0,-452000,0,0,0,107000,559000,-452000,-452000
058334,鴻海元富99購05  ,0,0,0,0,0,0,0,0,0,-453000,0,0,0,8000,461000,-453000,-453000
058182,日電貿國泰9A購01,0,0,0,0,0,0,0,0,0,-458000,0,0,0,176000,634000,-458000,-458000
055859,啟碁元大97購03  ,0,0,0,0,0,0,0,0,0,-458000,0,0,0,64000,522000,-458000,-458000
057532,智原元大98購03  ,0,0,0,0,0,0,0,0,0,-461000,0,0,0,142000,603000,-461000,-461000
059850,日電貿永豐99購01,0,0,0,0,0,0,0,0,0,-464000,0,0,0,189000,653000,-464000,-464000
07284P,大立光凱基99售10,0,0,0,0,0,0,0,0,0,-466000,0,0,0,302000,768000,-466000,-466000
059219,旺宏元大99購12  ,0,0,0,0,0,0,0,0,0,-466000,0,0,0,450000,916000,-466000,-466000
3413,京鼎            ,446000,1036000,-590000,0,0,0,55000,0,55000,64000,0,3000,-3000,83000,16000,67000,-471000
1476,儒鴻            ,1139710,1656000,-516290,0,0,0,32000,0,32000,12000,21000,8000,13000,0,1000,-1000,-472290
051869,康控凱基96購01  ,0,0,0,0,0,0,0,0,0,-474000,0,0,0,0,474000,-474000,-474000
056769,國產元大98購01  ,0,0,0,0,0,0,0,0,0,-476000,0,0,0,0,476000,-476000,-476000
2340,光磊            ,412000,819000,-407000,0,0,0,0,0,0,-72000,2000,62000,-60000,0,12000,-12000,-479000
059006,樺漢元大99購01  ,0,0,0,0,0,0,0,0,0,-479000,0,0,0,101000,580000,-479000,-479000
060196,泰鼎元富9A購01  ,0,0,0,0,0,0,0,0,0,-482000,0,0,0,90000,572000,-482000,-482000
056944,鴻海統一98購11  ,0,0,0,0,0,0,0,0,0,-483000,0,0,0,59000,542000,-483000,-483000
059997,華航元富99購01  ,0,0,0,0,0,0,0,0,0,-487000,0,0,0,2000,489000,-487000,-487000
058896,中環元大99購03  ,0,0,0,0,0,0,0,0,0,-489000,0,0,0,55000,544000,-489000,-489000
059825,嘉晶凱基99購02  ,0,0,0,0,0,0,0,0,0,-491000,0,0,0,49000,540000,-491000,-491000
058722,台郡元富99購01  ,0,0,0,0,0,0,0,0,0,-498000,0,0,0,276000,774000,-498000,-498000
053524,聯電中信97購02  ,0,0,0,0,0,0,0,0,0,-499000,0,0,0,0,499000,-499000,-499000
054876,群電群益97購02  ,0,0,0,0,0,0,0,0,0,-499000,0,0,0,0,499000,-499000,-499000
057031,滬深反元大9B購02,0,0,0,0,0,0,0,0,0,-499000,0,0,0,0,499000,-499000,-499000
9910,豐泰            ,1434770,1957859,-523089,0,0,0,8000,0,8000,16000,51000,35000,16000,0,0,0,-499089
056916,台達電兆豐98購02,0,0,0,0,0,0,0,0,0,-500000,0,0,0,10000,510000,-500000,-500000
2302,麗正            ,0,502000,-502000,0,0,0,0,0,0,0,0,0,0,0,0,0,-502000
055974,上銀統一97購05  ,0,0,0,0,0,0,0,0,0,-503000,0,0,0,1000,504000,-503000,-503000
059286,S&P正2元富01購03,0,0,0,0,0,0,0,0,0,-507000,0,0,0,105000,612000,-507000,-507000
059461,鈺齊永豐99購03  ,0,0,0,0,0,0,0,0,0,-507000,0,0,0,14000,521000,-507000,-507000
059929,華新科富邦9C購03,0,0,0,0,0,0,0,0,0,-508000,0,0,0,3000,511000,-508000,-508000
059966,台積電凱基99購19,0,0,0,0,0,0,0,0,0,-511000,0,0,0,10000,521000,-511000,-511000
059096,百和元大99購04  ,0,0,0,0,0,0,0,0,0,-513000,0,0,0,73000,586000,-513000,-513000
3711,日月光投控      ,3719230,5271238,-1552008,0,0,0,1039000,0,1039000,-3000,197000,227000,-30000,49000,22000,27000,-516008
055736,宏達電元富99購01,0,0,0,0,0,0,0,0,0,-519000,0,0,0,167000,686000,-519000,-519000
07368P,國巨凱基99售19  ,0,0,0,0,0,0,0,0,0,-522000,0,0,0,386000,908000,-522000,-522000
07445P,大立光凱基9A售08,0,0,0,0,0,0,0,0,0,-523000,0,0,0,0,523000,-523000,-523000
057674,台郡元大99購03  ,0,0,0,0,0,0,0,0,0,-523000,0,0,0,107000,630000,-523000,-523000
060111,臻鼎元大99購04  ,0,0,0,0,0,0,0,0,0,-525000,0,0,0,51000,576000,-525000,-525000
2855,統一證          ,326000,864000,-538000,0,0,0,12000,0,12000,0,0,0,0,0,0,0,-526000
04878P,國巨康和94售02  ,0,0,0,0,0,0,0,0,0,-526000,0,0,0,482000,1008000,-526000,-526000
2355,敬鵬            ,586000,1094000,-508000,0,0,0,0,0,0,-19000,0,19000,-19000,0,0,0,-527000
058397,大成鋼元大99購02,0,0,0,0,0,0,0,0,0,-529000,0,0,0,125000,654000,-529000,-529000
057369,奇力新元大99購05,0,0,0,0,0,0,0,0,0,-530000,0,0,0,41000,571000,-530000,-530000
055730,建準元富97購02  ,0,0,0,0,0,0,0,0,0,-531000,0,0,0,0,531000,-531000,-531000
5471,松翰            ,652000,1184000,-532000,0,0,0,0,0,0,0,0,0,0,0,0,0,-532000
059998,華航元富99購02  ,0,0,0,0,0,0,0,0,0,-534000,0,0,0,2000,536000,-534000,-534000
059975,元金2X元大99購02,0,0,0,0,0,0,0,0,0,-535000,0,0,0,4000,539000,-535000,-535000
052908,大成鋼統一96購01,0,0,0,0,0,0,0,0,0,-535000,0,0,0,0,535000,-535000,-535000
056067,智原元大97購01  ,0,0,0,0,0,0,0,0,0,-542000,0,0,0,0,542000,-542000,-542000
052544,牧德元富95購01  ,0,0,0,0,0,0,0,0,0,-545000,0,0,0,779000,1324000,-545000,-545000
052028,健策群益95購02  ,0,0,0,0,0,0,0,0,0,-546000,0,0,0,0,546000,-546000,-546000
07259P,滬深2X國票01售01,0,0,0,0,0,0,0,0,0,-549000,0,0,0,0,549000,-549000,-549000
057805,華通元大98購06  ,0,0,0,0,0,0,0,0,0,-549000,0,0,0,105000,654000,-549000,-549000
058013,SP黃豆凱基9A購01,0,0,0,0,0,0,0,0,0,-549000,0,0,0,0,549000,-549000,-549000
4142,國光生          ,163000,718000,-555000,0,0,0,0,0,0,0,0,0,0,0,0,0,-555000
2607,榮運            ,62000,627000,-565000,0,0,0,0,0,0,0,0,0,0,0,0,0,-565000
059693,智原永豐99購01  ,0,0,0,0,0,0,0,0,0,-569000,0,0,0,5000,574000,-569000,-569000
2354,鴻準            ,1511460,2020017,-508557,0,0,0,3000,0,3000,-64000,8000,72000,-64000,0,0,0,-569557
060228,亞德客元大9A購01,0,0,0,0,0,0,0,0,0,-570000,0,0,0,33000,603000,-570000,-570000
07478P,南電康和9A售02  ,0,0,0,0,0,0,0,0,0,-578000,0,0,0,61000,639000,-578000,-578000
059840,鴻海富邦9A購02  ,0,0,0,0,0,0,0,0,0,-579000,0,0,0,24000,603000,-579000,-579000
060340,國巨統一01購02  ,0,0,0,0,0,0,0,0,0,-581000,0,0,0,305000,886000,-581000,-581000
054690,新興永豐97購01  ,0,0,0,0,0,0,0,0,0,-585000,0,0,0,30000,615000,-585000,-585000
3704,合勤控          ,499000,1115000,-616000,0,0,0,0,0,0,27000,0,0,0,32000,5000,27000,-589000
060099,宏達電元大99購09,0,0,0,0,0,0,0,0,0,-595000,0,0,0,122000,717000,-595000,-595000
3702,大聯大          ,1164290,1619000,-454710,0,0,0,18000,0,18000,-164000,11000,68000,-57000,0,107000,-107000,-600710
2439,美律            ,75961,589000,-513039,0,0,0,0,0,0,-91000,0,19000,-19000,27000,99000,-72000,-604039
059920,宏達電元大99購07,0,0,0,0,0,0,0,0,0,-617000,0,0,0,188000,805000,-617000,-617000
060197,臻鼎元富9A購02  ,0,0,0,0,0,0,0,0,0,-621000,0,0,0,76000,697000,-621000,-621000
059468,智邦元大99購02  ,0,0,0,0,0,0,0,0,0,-621000,0,0,0,13000,634000,-621000,-621000
057720,日電貿元富98購01,0,0,0,0,0,0,0,0,0,-624000,0,0,0,345000,969000,-624000,-624000
6176,瑞儀            ,2399000,4816000,-2417000,0,0,0,1645000,1000,1644000,143000,266000,193000,73000,155000,85000,70000,-630000
056563,華新科群益98購04,0,0,0,0,0,0,0,0,0,-633000,0,0,0,60000,693000,-633000,-633000
07394P,國巨群益99售12  ,0,0,0,0,0,0,0,0,0,-638000,0,0,0,10000,648000,-638000,-638000
054716,緯穎康和97購01  ,0,0,0,0,0,0,0,0,0,-649000,0,0,0,75000,724000,-649000,-649000
4119,旭富            ,251000,601000,-350000,0,0,0,0,221000,-221000,-79000,0,0,0,6000,85000,-79000,-650000
055745,臻鼎元富97購01  ,0,0,0,0,0,0,0,0,0,-650000,0,0,0,100000,750000,-650000,-650000
2536,宏普            ,136000,738000,-602000,0,0,0,0,50000,-50000,1000,1000,0,1000,0,0,0,-651000
052775,滬深2X國票99購02,0,0,0,0,0,0,0,0,0,-666000,0,0,0,21000,687000,-666000,-666000
060169,群電永豐9A購01  ,0,0,0,0,0,0,0,0,0,-667000,0,0,0,7000,674000,-667000,-667000
4958,臻鼎-KY         ,3016040,5033833,-2017793,0,0,0,1298000,0,1298000,49000,244000,331000,-87000,159000,23000,136000,-670793
057523,大成鋼元大99購01,0,0,0,0,0,0,0,0,0,-679000,0,0,0,36000,715000,-679000,-679000
055121,鴻海兆豐97購03  ,0,0,0,0,0,0,0,0,0,-680000,0,0,0,0,680000,-680000,-680000
9919,康那香          ,231000,918860,-687860,0,0,0,0,0,0,0,0,0,0,0,0,0,-687860
059396,T50反1元富99購04,0,0,0,0,0,0,0,0,0,-705000,0,0,0,487000,1192000,-705000,-705000
00641R,富邦日本反1     ,14000,202000,-188000,0,0,0,0,0,0,-519550,0,0,0,622450,1142000,-519550,-707550
8112,至上            ,1545000,1796000,-251000,0,0,0,1000,0,1000,-460000,0,460000,-460000,0,0,0,-710000
07481P,大立光台新9A售01,0,0,0,0,0,0,0,0,0,-710000,0,0,0,0,710000,-710000,-710000
060188,華新科元富9A購03,0,0,0,0,0,0,0,0,0,-710000,0,0,0,47000,757000,-710000,-710000
054244,華新元大96購01  ,0,0,0,0,0,0,0,0,0,-711000,0,0,0,0,711000,-711000,-711000
03435B,臺股指凱基99熊29,0,0,0,0,0,0,0,0,0,-715000,0,0,0,118000,833000,-715000,-715000
07292P,臺股指凱基99售44,0,0,0,0,0,0,0,0,0,-724000,0,0,0,267000,991000,-724000,-724000
9938,百和            ,428218,1722000,-1293782,0,0,0,442000,0,442000,124000,97000,87000,10000,125000,11000,114000,-727782
8028,昇陽半導體      ,483000,1270000,-787000,0,0,0,0,0,0,52000,8000,0,8000,58000,14000,44000,-735000
2542,興富發          ,831987,1478000,-646013,0,0,0,0,0,0,-95000,4000,97000,-93000,0,2000,-2000,-741013
07352P,台積電國票99售11,0,0,0,0,0,0,0,0,0,-744000,0,0,0,1330000,2074000,-744000,-744000
6669,緯穎            ,347000,861000,-514000,0,0,0,0,219000,-219000,-12000,12000,11000,1000,5000,18000,-13000,-745000
059656,T50反1元大99購11,0,0,0,0,0,0,0,0,0,-747000,0,0,0,346000,1093000,-747000,-747000
07366P,國巨康和99售02  ,0,0,0,0,0,0,0,0,0,-754000,0,0,0,347000,1101000,-754000,-754000
1325,恆大            ,432000,1177000,-745000,0,0,0,0,0,0,-10000,0,10000,-10000,0,0,0,-755000
00654R,富邦印度反1     ,0,0,0,0,0,0,0,0,0,-758358,0,0,0,147642,906000,-758358,-758358
060190,國泰金元富9A購01,0,0,0,0,0,0,0,0,0,-759000,0,0,0,34000,793000,-759000,-759000
054932,台肥元大97購01  ,0,0,0,0,0,0,0,0,0,-763000,0,0,0,0,763000,-763000,-763000
03033P,微星國票03售01  ,1000,0,1000,0,0,0,0,0,0,-768000,0,0,0,0,768000,-768000,-767000
052611,力成元大96購02  ,0,0,0,0,0,0,0,0,0,-769000,0,0,0,280000,1049000,-769000,-769000
2316,楠梓電          ,372000,1184000,-812000,0,0,0,0,0,0,33000,0,10000,-10000,84000,41000,43000,-779000
056936,禾伸堂元富98購01,0,0,0,0,0,0,0,0,0,-784000,0,0,0,311000,1095000,-784000,-784000
059350,樺漢凱基9A購01  ,0,0,0,0,0,0,0,0,0,-788000,0,0,0,29000,817000,-788000,-788000
056682,鴻海統一98購10  ,0,0,0,0,0,0,0,0,0,-794000,0,0,0,95000,889000,-794000,-794000
07341P,台積電凱基99售18,0,0,0,0,0,0,0,0,0,-798000,0,0,0,9000,807000,-798000,-798000
050935,劍麟國票96購01  ,0,0,0,0,0,0,0,0,0,-798000,0,0,0,0,798000,-798000,-798000
2049,上銀            ,977530,1223000,-245470,0,0,0,0,659000,-659000,95000,163000,70000,93000,21000,19000,2000,-809470
6251,定穎            ,562000,1354000,-792000,0,0,0,0,200000,-200000,180000,280000,100000,180000,0,0,0,-812000
048748,國巨元富96購01  ,0,0,0,0,0,0,0,0,0,-812000,0,0,0,343000,1155000,-812000,-812000
2108,南帝            ,116000,890000,-774000,0,0,0,0,0,0,-50000,0,50000,-50000,0,0,0,-824000
056774,和鑫元大98購01  ,0,0,0,0,0,0,0,0,0,-826000,0,0,0,10000,836000,-826000,-826000
07349P,大立光凱基99售16,0,0,0,0,0,0,0,0,0,-840000,0,0,0,0,840000,-840000,-840000
057283,欣興元大98購07  ,0,0,0,0,0,0,0,0,0,-844000,0,0,0,52000,896000,-844000,-844000
2382,廣達            ,2261016,3736415,-1475399,0,0,0,1021000,397000,624000,-1000,176000,127000,49000,4000,54000,-50000,-852399
051600,新日興兆豐96購02,0,0,0,0,0,0,0,0,0,-856000,0,0,0,0,856000,-856000,-856000
00647L,元大S&P500正2   ,28000,32000,-4000,0,0,0,0,0,0,-865000,0,0,0,1059000,1924000,-865000,-869000
6278,台表科          ,689000,1848000,-1159000,0,0,0,441000,120000,321000,-40000,0,0,0,0,40000,-40000,-878000
058645,康控富邦01購01  ,0,0,0,0,0,0,0,0,0,-888000,0,0,0,72000,960000,-888000,-888000
06852P,臺股指元大98售11,0,0,0,0,0,0,0,0,0,-889000,0,0,0,499000,1388000,-889000,-889000
049272,世紀鋼元大96購02,0,0,0,0,0,0,0,0,0,-938000,0,0,0,705000,1643000,-938000,-938000
2344,華邦電          ,6653000,7302000,-649000,0,0,0,0,0,0,-295000,434000,829000,-395000,228000,128000,100000,-944000
059909,鴻海元大99購36  ,0,0,0,0,0,0,0,0,0,-948000,0,0,0,20000,968000,-948000,-948000
058686,祥碩凱基99購03  ,0,0,0,0,0,0,0,0,0,-950000,0,0,0,23000,973000,-950000,-950000
058440,玉晶光統一99購02,5000,0,5000,0,0,0,0,0,0,-958000,0,0,0,59000,1017000,-958000,-953000
059681,華新科國泰9B購02,0,0,0,0,0,0,0,0,0,-956000,0,0,0,471000,1427000,-956000,-956000
059560,T50反1凱基99購08,0,0,0,0,0,0,0,0,0,-969000,0,0,0,280000,1249000,-969000,-969000
059500,鴻海元富99購11  ,0,0,0,0,0,0,0,0,0,-989000,0,0,0,306000,1295000,-989000,-989000
3706,神達            ,1968000,3556500,-1588500,0,0,0,184000,0,184000,410000,349000,142000,207000,228000,25000,203000,-994500
051320,燿華國票96購01  ,0,0,0,0,0,0,0,0,0,-998000,0,0,0,0,998000,-998000,-998000
07353P,大立光國票99售02,0,0,0,0,0,0,0,0,0,-999000,0,0,0,0,999000,-999000,-999000
07490P,大立光國票9A售03,0,0,0,0,0,0,0,0,0,-1001000,0,0,0,21000,1022000,-1001000,-1001000
07406P,大立光凱基99售18,0,0,0,0,0,0,0,0,0,-1010000,0,0,0,0,1010000,-1010000,-1010000
059977,鴻海元大99購40  ,0,0,0,0,0,0,0,0,0,-1031000,0,0,0,11000,1042000,-1031000,-1031000
058822,樺漢國泰9B購01  ,0,0,0,0,0,0,0,0,0,-1041000,0,0,0,30000,1071000,-1041000,-1041000
060049,華通凱基99購06  ,0,0,0,0,0,0,0,0,0,-1052000,0,0,0,58000,1110000,-1052000,-1052000
059678,鴻海國泰9A購03  ,0,0,0,0,0,0,0,0,0,-1085000,0,0,0,81000,1166000,-1085000,-1085000
3545,敦泰            ,427000,1498000,-1071000,0,0,0,0,0,0,-20000,0,20000,-20000,0,0,0,-1091000
2034,允強            ,183000,1277000,-1094000,0,0,0,0,0,0,0,0,0,0,0,0,0,-1094000
059965,鴻海凱基99購16  ,0,0,0,0,0,0,0,0,0,-1094000,0,0,0,7000,1101000,-1094000,-1094000
056894,佳世達元大99購01,0,0,0,0,0,0,0,0,0,-1147000,0,0,0,293000,1440000,-1147000,-1147000
00635U,元大S&P黃金     ,4000,38000,-34000,0,0,0,0,0,0,-1118000,200000,0,200000,141000,1459000,-1318000,-1152000
057875,京鼎元大98購03  ,0,0,0,0,0,0,0,0,0,-1152000,0,0,0,7000,1159000,-1152000,-1152000
9933,中鼎            ,713000,1832000,-1119000,0,0,0,0,0,0,-38000,0,38000,-38000,0,0,0,-1157000
052529,力成元大95購03  ,0,0,0,0,0,0,0,0,0,-1170000,0,0,0,123000,1293000,-1170000,-1170000
054612,慧洋永豐97購01  ,0,0,0,0,0,0,0,0,0,-1185000,0,0,0,0,1185000,-1185000,-1185000
03438B,臺股指元大96熊27,2000,103000,-101000,0,0,0,0,0,0,-1089000,0,0,0,221000,1310000,-1089000,-1190000
00693U,街口S&P黃豆     ,0,0,0,0,0,0,0,0,0,-1199000,0,0,0,39000,1238000,-1199000,-1199000
060303,宏達電富邦9B購01,0,0,0,0,0,0,0,0,0,-1204000,0,0,0,52000,1256000,-1204000,-1204000
2812,台中銀          ,1041001,2038704,-997703,0,0,0,0,0,0,-219000,0,219000,-219000,0,0,0,-1216703
3682,亞太電          ,254000,1478000,-1224000,0,0,0,0,0,0,0,0,0,0,0,0,0,-1224000
060189,宏達電元富9B購03,0,0,0,0,0,0,0,0,0,-1234000,0,0,0,0,1234000,-1234000,-1234000
056095,臻鼎元富9A購01  ,0,0,0,0,0,0,0,0,0,-1243000,0,0,0,0,1243000,-1243000,-1243000
4904,遠傳            ,1533069,2219490,-686421,0,0,0,0,466000,-466000,-101000,14000,115000,-101000,0,0,0,-1253421
059755,宏達電國泰9A購01,0,0,0,0,0,0,0,0,0,-1270000,0,0,0,217000,1487000,-1270000,-1270000
059884,鴻海國票99購09  ,0,0,0,0,0,0,0,0,0,-1306000,0,0,0,410000,1716000,-1306000,-1306000
07405P,大立光凱基99售17,0,0,0,0,0,0,0,0,0,-1316000,0,0,0,0,1316000,-1316000,-1316000
3231,緯創            ,5325706,6244600,-918894,0,0,0,1000,309000,-308000,-172000,54000,132000,-78000,9000,103000,-94000,-1398894
00648R,元大S&P500反1   ,15000,440000,-425000,0,0,0,0,0,0,-1045000,0,0,0,684000,1729000,-1045000,-1470000
1301,台塑            ,3485110,5438551,-1953441,0,0,0,1100000,427000,673000,-197000,26000,246000,-220000,28000,5000,23000,-1477441
5871,中租-KY         ,2072890,3463789,-1390899,0,0,0,0,56000,-56000,-58000,6000,70000,-64000,6000,0,6000,-1504899
3042,晶技            ,754000,2161000,-1407000,0,0,0,50000,0,50000,-158000,2000,32000,-30000,20000,148000,-128000,-1515000
060055,宏達電凱基99購06,0,0,0,0,0,0,0,0,0,-1515000,0,0,0,58000,1573000,-1515000,-1515000
00655L,國泰中國A50正2  ,22000,28000,-6000,0,0,0,0,0,0,-1540424,0,0,0,2455000,3995424,-1540424,-1546424
1504,東元            ,582000,2029000,-1447000,0,0,0,0,0,0,-103000,0,103000,-103000,0,0,0,-1550000
00672L,元大S&P原油正2  ,47000,51000,-4000,0,0,0,0,0,0,-1556000,0,0,0,546000,2102000,-1556000,-1560000
2103,台橡            ,1982000,3560000,-1578000,0,0,0,0,0,0,-40000,0,40000,-40000,0,0,0,-1618000
2301,光寶科          ,2875060,4373000,-1497940,0,0,0,0,0,0,-147000,87000,166000,-79000,0,68000,-68000,-1644940
2027,大成鋼          ,1340253,3040000,-1699747,0,0,0,0,0,0,48000,48000,24000,24000,178000,154000,24000,-1651747
2376,技嘉            ,1407000,2226000,-819000,0,0,0,3000,620000,-617000,-220000,16000,109000,-93000,24000,151000,-127000,-1656000
2367,燿華            ,1524000,3296000,-1772000,0,0,0,0,0,0,-11000,0,30000,-30000,65000,46000,19000,-1783000
2474,可成            ,1156727,3036500,-1879773,0,0,0,2000,0,2000,90000,133000,49000,84000,26000,20000,6000,-1787773
2312,金寶            ,789000,2693000,-1904000,0,0,0,0,0,0,64000,0,0,0,64000,0,64000,-1840000
059771,台積電群益99購11,0,0,0,0,0,0,0,0,0,-1915000,0,0,0,650000,2565000,-1915000,-1915000
00671R,富邦NASDAQ反1   ,0,0,0,0,0,0,0,0,0,-2086000,0,0,0,851000,2937000,-2086000,-2086000
00712,FH富時不動產    ,0,738000,-738000,0,0,0,0,0,0,-1497000,0,0,0,10000,1507000,-1497000,-2235000
2352,佳世達          ,1308000,3775000,-2467000,0,0,0,13000,0,13000,178000,128000,106000,22000,156000,0,156000,-2276000
2385,群光            ,1159000,3703943,-2544943,0,0,0,6000,0,6000,-83000,20000,35000,-15000,23000,91000,-68000,-2621943
2884,玉山金          ,7908413,10943997,-3035584,0,0,0,0,0,0,82000,232000,422000,-190000,383000,111000,272000,-2953584
038489,T50反1台新9A購01,0,0,0,0,0,0,0,0,0,-3049000,0,0,0,0,3049000,-3049000,-3049000
00738U,元大道瓊白銀    ,23000,485000,-462000,0,0,0,0,0,0,-2863000,0,0,0,369000,3232000,-2863000,-3325000
00633L,富邦上証正2     ,55000,1531000,-1476000,0,0,0,0,0,0,-1855083,150000,0,150000,4031000,6036083,-2005083,-3331083
9904,寶成            ,3445852,6496000,-3050148,0,0,0,8000,160000,-152000,-139000,14000,153000,-139000,0,0,0,-3341148
2313,華通            ,2383000,6988000,-4605000,0,0,0,1316000,0,1316000,-194000,454000,784000,-330000,414000,278000,136000,-3483000
01003T,兆豐新光R1      ,0,3823000,-3823000,0,0,0,0,0,0,0,0,0,0,0,0,0,-3823000
1102,亞泥            ,2493688,8501636,-6007948,0,0,0,1796000,0,1796000,226000,366000,83000,283000,162000,219000,-57000,-3985948
2885,元大金          ,7795526,12118034,-4322508,0,0,0,9000,0,9000,0,1000,12000,-11000,12000,1000,11000,-4313508
2834,臺企銀          ,5632360,9829850,-4197490,0,0,0,0,0,0,-375566,0,397000,-397000,22000,566,21434,-4573056
2801,彰銀            ,5672930,8853640,-3180710,0,0,0,0,0,0,-1407000,15000,822000,-807000,0,600000,-600000,-4587710
2892,第一金          ,6032330,10544819,-4512489,0,0,0,75000,0,75000,-317000,95000,410000,-315000,0,2000,-2000,-4754489
00708L,元大S&P黃金正2  ,0,1000,-1000,0,0,0,0,0,0,-4948000,0,0,0,1185000,6133000,-4948000,-4949000
00676R,富邦臺灣加權反1 ,0,0,0,0,0,0,0,0,0,-5515000,0,0,0,440000,5955000,-5515000,-5515000
3037,欣興            ,7005000,15213000,-8208000,0,0,0,1832000,0,1832000,853000,1120000,712000,408000,593000,148000,445000,-5523000
00852L,國泰美國道瓊正2 ,2364000,6014000,-3650000,0,0,0,0,0,0,-2198000,0,0,0,13308000,15506000,-2198000,-5848000
3481,群創            ,25573710,33857363,-8283653,0,0,0,18000,0,18000,1565000,2270000,684000,1586000,455000,476000,-21000,-6700653
00664R,國泰臺灣加權反1 ,20000,155000,-135000,0,0,0,0,0,0,-7165000,0,726000,-726000,1061000,7500000,-6439000,-7300000
5880,合庫金          ,7401740,14600056,-7198316,0,0,0,0,0,0,-414000,0,426000,-426000,12000,0,12000,-7612316
00637L,元大滬深300正2  ,2552000,1879000,673000,0,0,0,0,0,0,-9277000,325000,0,325000,17091000,26693000,-9602000,-8604000
2891,中信金          ,18070654,30169950,-12099296,0,0,0,3626000,230000,3396000,-473000,103000,641000,-538000,65000,0,65000,-9176296
2886,兆豐金          ,8886661,20545000,-11658339,0,0,0,1532000,2706000,-1174000,-549000,16000,459000,-443000,0,106000,-106000,-13381339
00677U,富邦VIX         ,15099000,36558000,-21459000,0,0,0,0,0,0,5756000,2893000,1289000,1604000,11468000,7316000,4152000,-15703000
00715L,街口布蘭特油正2 ,54000,1003000,-949000,0,0,0,0,0,0,-15887000,0,0,0,110000,15997000,-15887000,-16836000
00642U,元大S&P石油     ,92000,8435000,-8343000,0,0,0,0,0,0,-12751000,0,0,0,23000,12774000,-12751000,-21094000
00632R,元大台灣50反1   ,103000,2232000,-2129000,0,0,0,0,0,0,-91876000,930000,893000,37000,20866000,112779000,-91913000,-94005000
