證券代號,證券名稱,外陸資買進股數(不含外資自營商),外陸資賣出股數(不含外資自營商),外陸資買賣超股數(不含外資自營商),外資自營商買進股數,外資自營商賣出股數,外資自營商買賣超股數,投信買進股數,投信賣出股數,投信買賣超股數,自營商買賣超股數,自營商買進股數(自行買賣),自營商賣出股數(自行買賣),自營商買賣超股數(自行買賣),自營商買進股數(避險),自營商賣出股數(避險),自營商買賣超股數(避險),三大法人買賣超股數
2603,長榮            ,28600101,16968000,11632101,0,0,0,5271000,1711000,3560000,2133000,3548000,1397000,2151000,8000,26000,-18000,17325101
00632R,元大台灣50反1   ,13241000,1568000,11673000,0,0,0,0,0,0,2095000,0,1135000,-1135000,8692000,5462000,3230000,13768000
2884,玉山金          ,15532700,5059975,10472725,0,0,0,0,0,0,192000,46000,0,46000,278000,132000,146000,10664725
1312,國喬            ,16684000,6777000,9907000,0,0,0,0,0,0,255000,429000,58000,371000,231000,347000,-116000,10162000
1714,和桐            ,9231000,761000,8470000,0,0,0,0,0,0,-70000,30000,100000,-70000,0,0,0,8400000
2330,台積電          ,30629373,22330604,8298769,0,0,0,120000,32000,88000,-95000,219000,251000,-32000,390000,453000,-63000,8291769
3037,欣興            ,18375000,10506000,7869000,0,0,0,130000,354000,-224000,431000,1293000,894000,399000,165000,133000,32000,8076000
2409,友達            ,16314000,8129000,8185000,0,0,0,60000,0,60000,-371000,161000,480000,-319000,219000,271000,-52000,7874000
00653L,富邦印度正2     ,3592000,17000,3575000,0,0,0,0,0,0,4269000,0,0,0,4410000,141000,4269000,7844000
2353,宏碁            ,14157000,5471000,8686000,0,0,0,0,0,0,-2017000,416000,636000,-220000,129000,1926000,-1797000,6669000
2376,技嘉            ,11218100,4976000,6242100,0,0,0,153000,400000,-247000,186000,588000,397000,191000,433000,438000,-5000,6181100
1101,台泥            ,11341200,10091217,1249983,0,0,0,4572000,0,4572000,-1317000,293000,1593000,-1300000,70000,87000,-17000,4504983
2615,萬海            ,3291000,1028000,2263000,0,0,0,4000000,2000000,2000000,-115000,45000,160000,-115000,0,0,0,4148000
063750,和鑫國票9B購01  ,0,0,0,0,0,0,0,0,0,3533000,0,0,0,3533000,0,3533000,3533000
1504,東元            ,3625000,1276000,2349000,0,0,0,0,0,0,1129000,83000,61000,22000,1107000,0,1107000,3478000
2368,金像電          ,12433000,9114000,3319000,0,0,0,0,0,0,83000,380000,561000,-181000,605000,341000,264000,3402000
2332,友訊            ,4317000,914000,3403000,0,0,0,0,0,0,-139000,27000,102000,-75000,167000,231000,-64000,3264000
4938,和碩            ,6969334,3618359,3350975,0,0,0,137000,0,137000,-311000,85000,167000,-82000,20000,249000,-229000,3176975
00636,國泰中國A50     ,34000,37000,-3000,0,0,0,0,0,0,3011000,230000,10000,220000,3018000,227000,2791000,3008000
2317,鴻海            ,22332572,18000770,4331802,0,0,0,0,0,0,-1332000,46000,210000,-164000,2000,1170000,-1168000,2999802
063201,廣達統一01購01  ,0,6000,-6000,0,0,0,0,0,0,2995000,0,0,0,3257000,262000,2995000,2989000
00676R,富邦臺灣加權反1 ,0,0,0,0,0,0,0,0,0,2981000,0,0,0,3052000,71000,2981000,2981000
00852L,國泰美國道瓊正2 ,0,60000,-60000,0,0,0,0,0,0,3026000,0,0,0,3404000,378000,3026000,2966000
9945,潤泰新          ,1569000,2235600,-666600,0,0,0,0,0,0,3588000,2655000,0,2655000,940000,7000,933000,2921400
5264,鎧勝-KY         ,6755701,3309000,3446701,0,0,0,0,0,0,-667000,3000,0,3000,84000,754000,-670000,2779701
3481,群創            ,18610000,14795000,3815000,0,0,0,0,0,0,-1142000,567000,104000,463000,110000,1715000,-1605000,2673000
068129,宏碁統一03購01  ,0,0,0,0,0,0,0,0,0,2590000,0,0,0,2866000,276000,2590000,2590000
2887,台新金          ,7694000,5074215,2619785,0,0,0,0,0,0,-45000,95000,17000,78000,0,123000,-123000,2574785
6282,康舒            ,3000000,488000,2512000,0,0,0,0,0,0,-11000,0,41000,-41000,85000,55000,30000,2501000
2492,華新科          ,3131000,729000,2402000,0,0,0,0,1000,-1000,-128000,36000,12000,24000,32000,184000,-152000,2273000
9802,鈺齊-KY         ,1325000,1254000,71000,0,0,0,1819000,0,1819000,383000,321000,55000,266000,316000,199000,117000,2273000
2393,億光            ,4469000,2408000,2061000,0,0,0,0,0,0,38000,274000,121000,153000,6000,121000,-115000,2099000
2421,建準            ,2806000,1667000,1139000,0,0,0,249000,0,249000,696000,313000,93000,220000,537000,61000,476000,2084000
2201,裕隆            ,3623000,895000,2728000,0,0,0,0,0,0,-702000,46000,42000,4000,20000,726000,-706000,2026000
2106,建大            ,2102000,377000,1725000,0,0,0,237000,0,237000,10000,12000,2000,10000,0,0,0,1972000
1605,華新            ,5153000,2805000,2348000,0,0,0,0,0,0,-420000,142000,41000,101000,179000,700000,-521000,1928000
064917,元大金統一02購01,0,0,0,0,0,0,0,0,0,1884000,0,0,0,1889000,5000,1884000,1884000
1313,聯成            ,4045000,2301975,1743025,0,0,0,0,0,0,120000,120000,0,120000,0,0,0,1863025
2834,臺企銀          ,4732600,2967000,1765600,0,0,0,0,0,0,94000,100000,4000,96000,0,2000,-2000,1859600
2105,正新            ,3751000,1827000,1924000,0,0,0,0,0,0,-100000,127000,227000,-100000,0,0,0,1824000
066134,強茂群益01購01  ,0,0,0,0,0,0,0,0,0,1815000,0,0,0,2289000,474000,1815000,1815000
059297,大立光元富9C購01,0,0,0,0,0,0,0,0,0,1811000,0,0,0,2018000,207000,1811000,1811000
3665,貿聯-KY         ,2071000,624000,1447000,0,0,0,214000,0,214000,148000,50000,0,50000,140000,42000,98000,1809000
068385,聯電統一03購03  ,0,0,0,0,0,0,0,0,0,1806000,0,0,0,1986000,180000,1806000,1806000
05755P,臺股指中信99售04,0,0,0,0,0,0,0,0,0,1806000,0,0,0,1806000,0,1806000,1806000
056673,中石化元富9B購01,0,0,0,0,0,0,0,0,0,1772000,0,0,0,1827000,55000,1772000,1772000
07827P,台灣50中信9C售01,0,0,0,0,0,0,0,0,0,1760000,0,0,0,1760000,0,1760000,1760000
066471,致新統一02購01  ,0,0,0,0,0,0,0,0,0,1721000,0,0,0,1770000,49000,1721000,1721000
2006,東和鋼鐵        ,1810000,144000,1666000,0,0,0,0,0,0,52000,140000,88000,52000,0,0,0,1718000
9958,世紀鋼          ,2836000,2442000,394000,0,0,0,591000,0,591000,728000,207000,92000,115000,1031000,418000,613000,1713000
2357,華碩            ,3050000,1346480,1703520,0,0,0,186000,0,186000,-220000,39000,145000,-106000,82000,196000,-114000,1669520
064163,康控統一01購01  ,0,0,0,0,0,0,0,0,0,1650000,0,0,0,1717000,67000,1650000,1650000
1409,新纖            ,2649000,1067000,1582000,0,0,0,0,0,0,47000,13000,0,13000,34000,0,34000,1629000
3704,合勤控          ,2383000,746000,1637000,0,0,0,0,0,0,-10000,0,0,0,0,10000,-10000,1627000
068666,聯電統一03購04  ,0,0,0,0,0,0,0,0,0,1595000,0,0,0,1765000,170000,1595000,1595000
8163,達方            ,1593000,366000,1227000,0,0,0,0,0,0,359000,88000,0,88000,283000,12000,271000,1586000
068803,國揚群益03購01  ,0,0,0,0,0,0,0,0,0,1547000,0,0,0,1547000,0,1547000,1547000
069413,奇鋐統一02購01  ,0,0,0,0,0,0,0,0,0,1534000,0,0,0,1538000,4000,1534000,1534000
1402,遠東新          ,3529000,2296000,1233000,0,0,0,0,0,0,296000,253000,0,253000,123000,80000,43000,1529000
068057,惠特統一02購02  ,0,0,0,0,0,0,0,0,0,1478000,0,0,0,1478000,0,1478000,1478000
057085,立積統一9B購02  ,0,0,0,0,0,0,0,0,0,1460000,0,0,0,1510000,50000,1460000,1460000
3189,景碩            ,4825000,3378000,1447000,0,0,0,369000,239000,130000,-119000,287000,139000,148000,37000,304000,-267000,1458000
2101,南港            ,2597000,610000,1987000,0,0,0,0,0,0,-538000,89000,160000,-71000,42000,509000,-467000,1449000
068241,力山元大01購02  ,0,0,0,0,0,0,0,0,0,1440000,0,0,0,1929000,489000,1440000,1440000
4906,正文            ,1770000,531649,1238351,0,0,0,0,0,0,197000,19000,33000,-14000,391000,180000,211000,1435351
068399,中興電元富03購01,0,0,0,0,0,0,0,0,0,1413000,0,0,0,1917000,504000,1413000,1413000
1722,台肥            ,475000,1076000,-601000,0,0,0,2041000,0,2041000,-56000,80000,167000,-87000,55000,24000,31000,1384000
067088,啟碁元大01購01  ,0,0,0,0,0,0,0,0,0,1379000,0,0,0,1565000,186000,1379000,1379000
2337,旺宏            ,2607000,1622200,984800,0,0,0,0,0,0,381000,9000,13000,-4000,472000,87000,385000,1365800
060745,京元電國票9A購01,0,0,0,0,0,0,0,0,0,1357000,0,0,0,1443000,86000,1357000,1357000
055036,中工富邦9B購01  ,0,0,0,0,0,0,0,0,0,1319000,0,0,0,1564000,245000,1319000,1319000
068993,嘉聯益永豐02購01,0,0,0,0,0,0,0,0,0,1314000,0,0,0,1364000,50000,1314000,1314000
068854,超眾統一03購03  ,0,0,0,0,0,0,0,0,0,1281000,0,0,0,1577000,296000,1281000,1281000
1589,永冠-KY         ,2216000,1115000,1101000,0,0,0,169000,0,169000,4000,282000,278000,4000,0,0,0,1274000
2882,國泰金          ,4527200,2968445,1558755,0,0,0,0,68000,-68000,-220000,0,141000,-141000,7000,86000,-79000,1270755
2504,國產            ,3663000,3061000,602000,0,0,0,700000,0,700000,-43000,24000,0,24000,100000,167000,-67000,1259000
066887,聯發科中信02購01,0,0,0,0,0,0,0,0,0,1250000,0,0,0,1580000,330000,1250000,1250000
066737,創意元大01購05  ,0,0,0,0,0,0,0,0,0,1220000,0,0,0,1248000,28000,1220000,1220000
068044,寶成元富07購01  ,0,0,0,0,0,0,0,0,0,1213000,0,0,0,1297000,84000,1213000,1213000
068388,宏碁統一03購02  ,0,0,0,0,0,0,0,0,0,1211000,0,0,0,1250000,39000,1211000,1211000
065683,嘉聯益統一03購01,0,0,0,0,0,0,0,0,0,1184000,0,0,0,1246000,62000,1184000,1184000
069426,聯電日盛02購01  ,0,0,0,0,0,0,0,0,0,1179000,0,0,0,1234000,55000,1179000,1179000
055063,玉晶光永豐99購01,0,0,0,0,0,0,0,0,0,1175000,0,0,0,1213000,38000,1175000,1175000
065386,華通兆豐9C購02  ,0,0,0,0,0,0,0,0,0,1170000,0,0,0,1380000,210000,1170000,1170000
07976P,聯發科群益9C售02,0,0,0,0,0,0,0,0,0,1154000,0,0,0,1154000,0,1154000,1154000
4935,茂林-KY         ,1529000,1291000,238000,0,0,0,598000,0,598000,318000,66000,0,66000,318000,66000,252000,1154000
07032P,聯發科統一9C售02,0,0,0,0,0,0,0,0,0,1149000,0,0,0,1784000,635000,1149000,1149000
066532,力成元富07購01  ,0,0,0,0,0,0,0,0,0,1142000,0,0,0,1196000,54000,1142000,1142000
068432,技嘉凱基01購02  ,0,0,0,0,0,0,0,0,0,1128000,0,0,0,2404000,1276000,1128000,1128000
2324,仁寶            ,5814058,4498435,1315623,0,0,0,0,0,0,-206000,40000,198000,-158000,10000,58000,-48000,1109623
059101,康控統一9A購01  ,0,0,0,0,0,0,0,0,0,1102000,0,0,0,1105000,3000,1102000,1102000
064832,長榮航統一01購01,0,0,0,0,0,0,0,0,0,1088000,0,0,0,1088000,0,1088000,1088000
2377,微星            ,3647800,2596000,1051800,0,0,0,17000,0,17000,9000,134000,108000,26000,126000,143000,-17000,1077800
064449,金寶統一01購02  ,0,0,0,0,0,0,0,0,0,1077000,0,0,0,1078000,1000,1077000,1077000
066144,惠特群益01購02  ,0,0,0,0,0,0,0,0,0,1074000,0,0,0,1074000,0,1074000,1074000
064840,彩晶統一02購01  ,0,0,0,0,0,0,0,0,0,1069000,0,0,0,1431000,362000,1069000,1069000
067661,大成元大01購01  ,0,0,0,0,0,0,0,0,0,1063000,0,0,0,1154000,91000,1063000,1063000
069099,欣興統一04購02  ,0,0,0,0,0,0,0,0,0,1053000,0,0,0,1324000,271000,1053000,1053000
069049,華邦電元富08購01,0,0,0,0,0,0,0,0,0,1048000,0,0,0,1048000,0,1048000,1048000
08299P,玉晶光國票02售01,0,0,0,0,0,0,0,0,0,1047000,0,0,0,1392000,345000,1047000,1047000
08584P,立積群益9C售02  ,0,0,0,0,0,0,0,0,0,1045000,0,0,0,1045000,0,1045000,1045000
068141,鴻海元大01購25  ,0,0,0,0,0,0,0,0,0,1027000,0,0,0,1117000,90000,1027000,1027000
1904,正隆            ,1821000,641000,1180000,0,0,0,0,0,0,-159000,0,2000,-2000,22000,179000,-157000,1021000
6414,樺漢            ,1199000,854000,345000,0,0,0,526000,27000,499000,172000,130000,49000,81000,153000,62000,91000,1016000
9921,巨大            ,1694000,712000,982000,0,0,0,10000,0,10000,24000,31000,7000,24000,57000,57000,0,1016000
069081,國揚凱基03購01  ,0,0,0,0,0,0,0,0,0,1015000,0,0,0,1045000,30000,1015000,1015000
5880,合庫金          ,3144000,2159160,984840,0,0,0,0,0,0,24000,25000,0,25000,0,1000,-1000,1008840
5521,工信            ,3370000,2363000,1007000,0,0,0,0,0,0,0,0,0,0,0,0,0,1007000
063145,台表科統一02購01,0,0,0,0,0,0,0,0,0,1004000,0,0,0,1235000,231000,1004000,1004000
069135,南帝永豐02購01  ,0,0,0,0,0,0,0,0,0,1000000,0,0,0,1011000,11000,1000000,1000000
069637,矽創元富08購01  ,0,0,0,0,0,0,0,0,0,998000,0,0,0,998000,0,998000,998000
067502,聚陽統一02購04  ,0,0,0,0,0,0,0,0,0,996000,0,0,0,998000,2000,996000,996000
065912,瑞祺永豐9C購02  ,0,0,0,0,0,0,0,0,0,989000,0,0,0,1130000,141000,989000,989000
067687,啟碁元大01購02  ,0,0,0,0,0,0,0,0,0,980000,0,0,0,1158000,178000,980000,980000
1718,中纖            ,1503000,329000,1174000,0,0,0,0,0,0,-196000,6000,20000,-14000,0,182000,-182000,978000
069176,南電元大02購04  ,0,0,0,0,0,0,0,0,0,977000,0,0,0,1275000,298000,977000,977000
2428,興勤            ,1543213,714000,829213,0,0,0,0,0,0,147000,79000,8000,71000,105000,29000,76000,976213
069630,宏碁元富08購01  ,0,0,0,0,0,0,0,0,0,973000,0,0,0,974000,1000,973000,973000
00701,國泰股利精選30  ,0,1000,-1000,0,0,0,0,0,0,974000,0,0,0,1063000,89000,974000,973000
069544,宏碁元大02購01  ,0,0,0,0,0,0,0,0,0,968000,0,0,0,1750000,782000,968000,968000
055449,超眾統一9A購01  ,0,0,0,0,0,0,0,0,0,968000,0,0,0,968000,0,968000,968000
069627,聯電元富02購02  ,0,0,0,0,0,0,0,0,0,957000,0,0,0,984000,27000,957000,957000
057434,國巨國票99購03  ,0,0,0,0,0,0,0,0,0,945000,0,0,0,945000,0,945000,945000
067091,台虹元大01購02  ,0,0,0,0,0,0,0,0,0,943000,0,0,0,1044000,101000,943000,943000
068181,長榮航群益02購01,0,0,0,0,0,0,0,0,0,940000,0,0,0,940000,0,940000,940000
064709,瑞祺永豐9C購01  ,0,0,0,0,0,0,0,0,0,937000,0,0,0,1269000,332000,937000,937000
069765,聯電元大02購21  ,0,0,0,0,0,0,0,0,0,933000,0,0,0,1105000,172000,933000,933000
069629,台達電元富08購02,0,0,0,0,0,0,0,0,0,927000,0,0,0,986000,59000,927000,927000
062849,中興電永豐9B購02,0,0,0,0,0,0,0,0,0,926000,0,0,0,990000,64000,926000,926000
067154,華擎統一03購03  ,0,0,0,0,0,0,0,0,0,921000,0,0,0,1774000,853000,921000,921000
064596,台表科統一01購03,0,0,0,0,0,0,0,0,0,920000,0,0,0,1489000,569000,920000,920000
066290,台塑化元大01購01,0,0,0,0,0,0,0,0,0,918000,0,0,0,1023000,105000,918000,918000
068383,上銀統一03購01  ,0,0,0,0,0,0,0,0,0,914000,0,0,0,1061000,147000,914000,914000
068085,寶成凱基02購01  ,0,0,0,0,0,0,0,0,0,899000,0,0,0,960000,61000,899000,899000
069285,聯電國泰03購03  ,0,0,0,0,0,0,0,0,0,895000,0,0,0,1347000,452000,895000,895000
053799,矽創中信9A購01  ,0,0,0,0,0,0,0,0,0,895000,0,0,0,915000,20000,895000,895000
9907,統一實          ,1070000,179000,891000,0,0,0,0,0,0,1000,1000,0,1000,0,0,0,892000
2886,兆豐金          ,10658000,7597565,3060435,0,0,0,0,2200000,-2200000,31000,58000,0,58000,0,27000,-27000,891435
068670,台積電統一03購12,0,0,0,0,0,0,0,0,0,887000,0,0,0,1179000,292000,887000,887000
00664R,國泰臺灣加權反1 ,27000,27000,0,0,0,0,0,0,0,881000,0,0,0,1166000,285000,881000,881000
067318,康控元大01購03  ,0,0,0,0,0,0,0,0,0,881000,0,0,0,1017000,136000,881000,881000
08216P,聯發科群益9C售05,0,0,0,0,0,0,0,0,0,880000,0,0,0,880000,0,880000,880000
063753,矽創國票9C購01  ,0,0,0,0,0,0,0,0,0,880000,0,0,0,880000,0,880000,880000
3042,晶技            ,1499000,550000,949000,0,0,0,0,195000,-195000,118000,170000,26000,144000,12000,38000,-26000,872000
064405,美食凱基01購02  ,0,0,0,0,0,0,0,0,0,870000,0,0,0,954000,84000,870000,870000
063355,超眾元富9B購01  ,0,0,0,0,0,0,0,0,0,866000,0,0,0,917000,51000,866000,866000
066198,華碩統一03購01  ,0,0,0,0,0,0,0,0,0,864000,0,0,0,2891000,2027000,864000,864000
063883,超眾元富9C購02  ,0,0,0,0,0,0,0,0,0,862000,0,0,0,918000,56000,862000,862000
069558,元大金日盛02購01,0,0,0,0,0,0,0,0,0,859000,0,0,0,893000,34000,859000,859000
066941,滬深2X元大03購01,0,0,0,0,0,0,0,0,0,859000,0,0,0,979000,120000,859000,859000
060309,佳世達永豐9A購01,0,0,0,0,0,0,0,0,0,855000,0,0,0,856000,1000,855000,855000
068622,技嘉群益03購01  ,0,0,0,0,0,0,0,0,0,852000,0,0,0,1144000,292000,852000,852000
08150P,立積國票9C售01  ,0,0,0,0,0,0,0,0,0,841000,0,0,0,1111000,270000,841000,841000
062980,康控元富9B購01  ,0,0,0,0,0,0,0,0,0,835000,0,0,0,855000,20000,835000,835000
066470,惠特統一02購01  ,0,0,0,0,0,0,0,0,0,834000,0,0,0,834000,0,834000,834000
066369,瀚宇博中信01購01,10000,0,10000,0,0,0,0,0,0,820000,0,0,0,964000,144000,820000,830000
2408,南亞科          ,7936000,7581000,355000,0,0,0,1000,0,1000,474000,53000,58000,-5000,498000,19000,479000,830000
068417,宏碁兆豐03購01  ,20000,0,20000,0,0,0,0,0,0,809000,0,0,0,1129000,320000,809000,829000
066314,台橡永豐01購01  ,0,0,0,0,0,0,0,0,0,828000,0,0,0,828000,0,828000,828000
3515,華擎            ,1637000,770000,867000,0,0,0,2000,200000,-198000,159000,326000,24000,302000,112000,255000,-143000,828000
067692,鈺齊元大01購02  ,0,0,0,0,0,0,0,0,0,822000,0,0,0,1092000,270000,822000,822000
064935,寶成統一02購02  ,0,0,0,0,0,0,0,0,0,821000,0,0,0,1055000,234000,821000,821000
068681,新唐國泰03購01  ,0,0,0,0,0,0,0,0,0,820000,0,0,0,870000,50000,820000,820000
068620,聯電群益03購05  ,0,0,0,0,0,0,0,0,0,819000,0,0,0,1076000,257000,819000,819000
2385,群光            ,3086175,2336370,749805,0,0,0,0,0,0,69000,8000,15000,-7000,96000,20000,76000,818805
065981,超眾元大02購01  ,0,0,0,0,0,0,0,0,0,815000,0,0,0,1182000,367000,815000,815000
068756,得力永豐02購01  ,0,0,0,0,0,0,0,0,0,813000,0,0,0,824000,11000,813000,813000
068855,南港元富03購01  ,0,0,0,0,0,0,0,0,0,805000,0,0,0,832000,27000,805000,805000
067032,致新元富01購01  ,0,0,0,0,0,0,0,0,0,799000,0,0,0,799000,0,799000,799000
1447,力鵬            ,926000,129000,797000,0,0,0,0,0,0,2000,2000,0,2000,0,0,0,799000
064736,超眾元富9C購04  ,0,0,0,0,0,0,0,0,0,794000,0,0,0,844000,50000,794000,794000
068683,聯電永豐02購02  ,0,0,0,0,0,0,0,0,0,793000,0,0,0,878000,85000,793000,793000
3006,晶豪科          ,1649000,1317000,332000,0,0,0,0,0,0,456000,25000,24000,1000,520000,65000,455000,788000
062693,中石化元大02購01,0,0,0,0,0,0,0,0,0,787000,0,0,0,839000,52000,787000,787000
066123,華夏群益01購01  ,0,0,0,0,0,0,0,0,0,786000,0,0,0,815000,29000,786000,786000
08864P,欣興元大01售01  ,0,0,0,0,0,0,0,0,0,785000,0,0,0,785000,0,785000,785000
068866,申豐元富05購01  ,0,0,0,0,0,0,0,0,0,782000,0,0,0,1097000,315000,782000,782000
066009,創意統一02購02  ,0,0,0,0,0,0,0,0,0,782000,0,0,0,936000,154000,782000,782000
2481,強茂            ,5946000,4957000,989000,0,0,0,0,0,0,-207000,136000,30000,106000,694000,1007000,-313000,782000
068639,神基凱基03購01  ,0,0,0,0,0,0,0,0,0,774000,0,0,0,875000,101000,774000,774000
5871,中租-KY         ,2902800,2064356,838444,0,0,0,0,0,0,-66000,10000,56000,-46000,21000,41000,-20000,772444
3380,明泰            ,1096000,334000,762000,0,0,0,0,0,0,10000,2000,0,2000,13000,5000,8000,772000
064106,國巨兆豐9C購04  ,0,0,0,0,0,0,0,0,0,767000,0,0,0,768000,1000,767000,767000
1305,華夏            ,744000,1456000,-712000,0,0,0,550000,0,550000,929000,1203000,30000,1173000,24000,268000,-244000,767000
064427,喬山凱基01購01  ,0,0,0,0,0,0,0,0,0,766000,0,0,0,879000,113000,766000,766000
060158,廣達永豐9A購01  ,0,0,0,0,0,0,0,0,0,765000,0,0,0,810000,45000,765000,765000
068580,聯電永豐01購02  ,0,0,0,0,0,0,0,0,0,761000,0,0,0,786000,25000,761000,761000
1326,台化            ,1430000,722000,708000,0,0,0,4000,0,4000,46000,58000,13000,45000,1000,0,1000,758000
064387,GIS富邦9C購01   ,0,0,0,0,0,0,0,0,0,752000,0,0,0,814000,62000,752000,752000
065449,中租統一9C購01  ,0,0,0,0,0,0,0,0,0,748000,0,0,0,778000,30000,748000,748000
0056,元大高股息      ,62000,1000,61000,0,0,0,0,0,0,686000,10000,0,10000,695000,19000,676000,747000
065455,金寶元富9C購01  ,0,0,0,0,0,0,0,0,0,747000,0,0,0,948000,201000,747000,747000
066509,南亞永豐01購01  ,0,0,0,0,0,0,0,0,0,747000,0,0,0,747000,0,747000,747000
068863,元大金元富03購01,0,0,0,0,0,0,0,0,0,743000,0,0,0,843000,100000,743000,743000
1712,興農            ,1006000,265000,741000,0,0,0,0,0,0,0,0,0,0,0,0,0,741000
068657,台積電元大02購10,0,0,0,0,0,0,0,0,0,738000,0,0,0,1278000,540000,738000,738000
1907,永豐餘          ,2339000,1705000,634000,0,0,0,0,0,0,104000,100000,20000,80000,24000,0,24000,738000
066286,瑞祺元大01購01  ,0,0,0,0,0,0,0,0,0,736000,0,0,0,1339000,603000,736000,736000
067691,台虹元大01購03  ,0,0,0,0,0,0,0,0,0,735000,0,0,0,755000,20000,735000,735000
064682,嘉聯益兆豐01購01,0,0,0,0,0,0,0,0,0,734000,0,0,0,887000,153000,734000,734000
067430,中工凱基05購01  ,0,0,0,0,0,0,0,0,0,732000,0,0,0,874000,142000,732000,732000
2102,泰豐            ,1299000,241000,1058000,0,0,0,0,0,0,-327000,6000,100000,-94000,3000,236000,-233000,731000
062653,正隆永豐9B購01  ,0,0,0,0,0,0,0,0,0,730000,0,0,0,770000,40000,730000,730000
067369,瑞昱統一01購07  ,0,0,0,0,0,0,0,0,0,729000,0,0,0,1084000,355000,729000,729000
062550,啟碁永豐9B購01  ,0,0,0,0,0,0,0,0,0,728000,0,0,0,728000,0,728000,728000
060329,鎧勝群益9B購01  ,0,0,0,0,0,0,0,0,0,724000,0,0,0,724000,0,724000,724000
068273,嘉晶永豐01購01  ,0,0,0,0,0,0,0,0,0,722000,0,0,0,806000,84000,722000,722000
069321,中壽兆豐03購01  ,0,0,0,0,0,0,0,0,0,720000,0,0,0,768000,48000,720000,720000
065496,裕隆富邦9C購01  ,0,0,0,0,0,0,0,0,0,720000,0,0,0,760000,40000,720000,720000
064730,超眾統一02購02  ,0,0,0,0,0,0,0,0,0,718000,0,0,0,743000,25000,718000,718000
062428,超眾統一9B購01  ,0,0,0,0,0,0,0,0,0,717000,0,0,0,723000,6000,717000,717000
066125,得力群益01購01  ,0,0,0,0,0,0,0,0,0,709000,0,0,0,710000,1000,709000,709000
067951,宏碁永豐01購02  ,0,0,0,0,0,0,0,0,0,707000,0,0,0,1010000,303000,707000,707000
063265,瑞祺永豐9B購01  ,0,0,0,0,0,0,0,0,0,707000,0,0,0,977000,270000,707000,707000
057567,嘉聯益富邦9A購01,0,0,0,0,0,0,0,0,0,702000,0,0,0,725000,23000,702000,702000
068856,台達電元富08購01,0,0,0,0,0,0,0,0,0,701000,0,0,0,707000,6000,701000,701000
067558,中工國票02購01  ,0,0,0,0,0,0,0,0,0,696000,0,0,0,1346000,650000,696000,696000
066320,順德永豐01購01  ,0,0,0,0,0,0,0,0,0,692000,0,0,0,692000,0,692000,692000
2801,彰銀            ,3832000,2185290,1646710,0,0,0,0,0,0,-958000,43000,1000000,-957000,0,1000,-1000,688710
006205,富邦上証        ,12000,34000,-22000,0,0,0,0,450000,-450000,1158000,0,0,0,2792000,1634000,1158000,686000
065375,神基元大03購01  ,0,0,0,0,0,0,0,0,0,686000,0,0,0,716000,30000,686000,686000
067145,南港統一03購02  ,0,0,0,0,0,0,0,0,0,686000,0,0,0,799000,113000,686000,686000
068133,鎧勝統一03購01  ,0,0,0,0,0,0,0,0,0,684000,0,0,0,684000,0,684000,684000
067712,惠特元富04購01  ,0,0,0,0,0,0,0,0,0,682000,0,0,0,857000,175000,682000,682000
065940,立積群益02購01  ,0,0,0,0,0,0,0,0,0,681000,0,0,0,820000,139000,681000,681000
068633,聯電凱基03購05  ,0,0,0,0,0,0,0,0,0,676000,0,0,0,718000,42000,676000,676000
060298,鎧勝元大9C購01  ,0,0,0,0,0,0,0,0,0,676000,0,0,0,676000,0,676000,676000
066595,敦泰群益01購01  ,0,0,0,0,0,0,0,0,0,676000,0,0,0,914000,238000,676000,676000
2841,台開            ,1680000,1005000,675000,0,0,0,0,0,0,0,0,0,0,0,0,0,675000
067675,中工元大03購01  ,0,0,0,0,0,0,0,0,0,674000,0,0,0,1431000,757000,674000,674000
069691,台積電統一04購10,0,0,0,0,0,0,0,0,0,672000,0,0,0,2304000,1632000,672000,672000
2345,智邦            ,2346900,1680646,666254,0,0,0,154000,1000,153000,-149000,21000,20000,1000,4000,154000,-150000,670254
069283,達麗永豐02購01  ,0,0,0,0,0,0,0,0,0,670000,0,0,0,670000,0,670000,670000
068033,國產元富01購01  ,0,0,0,0,0,0,0,0,0,669000,0,0,0,793000,124000,669000,669000
068045,滬深2X統一03購01,0,0,0,0,0,0,0,0,0,669000,0,0,0,690000,21000,669000,669000
063573,茂林元大9B購06  ,0,0,0,0,0,0,0,0,0,669000,0,0,0,808000,139000,669000,669000
4960,誠美材          ,1089000,423000,666000,0,0,0,0,0,0,3000,3000,0,3000,0,0,0,669000
068110,華新元富03購01  ,0,0,0,0,0,0,0,0,0,667000,0,0,0,1473000,806000,667000,667000
062846,國泰金富邦9C購01,0,0,0,0,0,0,0,0,0,666000,0,0,0,666000,0,666000,666000
068093,達欣工群益01購01,0,0,0,0,0,0,0,0,0,663000,0,0,0,683000,20000,663000,663000
067101,華邦電群益01購02,0,0,0,0,0,0,0,0,0,661000,0,0,0,703000,42000,661000,661000
069131,聯華永豐02購01  ,0,0,0,0,0,0,0,0,0,659000,0,0,0,687000,28000,659000,659000
060744,鴻海國票9A購04  ,0,0,0,0,0,0,0,0,0,659000,0,0,0,799000,140000,659000,659000
065538,健鼎統一9C購01  ,0,0,0,0,0,0,0,0,0,657000,0,0,0,658000,1000,657000,657000
069319,正崴兆豐03購01  ,0,0,0,0,0,0,0,0,0,655000,0,0,0,734000,79000,655000,655000
065684,超眾統一03購01  ,0,0,0,0,0,0,0,0,0,654000,0,0,0,655000,1000,654000,654000
068114,富邦金元富07購01,0,0,0,0,0,0,0,0,0,653000,0,0,0,676000,23000,653000,653000
065405,華新科富邦03購01,0,0,0,0,0,0,0,0,0,653000,0,0,0,705000,52000,653000,653000
058026,上銀富邦9A購01  ,0,0,0,0,0,0,0,0,0,652000,0,0,0,827000,175000,652000,652000
068038,康控元富03購01  ,0,0,0,0,0,0,0,0,0,651000,0,0,0,651000,0,651000,651000
062817,富邦金兆豐9B購01,0,0,0,0,0,0,0,0,0,651000,0,0,0,714000,63000,651000,651000
061227,日月光中信9B購01,0,0,0,0,0,0,0,0,0,651000,0,0,0,747000,96000,651000,651000
08582P,臺股指元大9C售30,0,0,0,0,0,0,0,0,0,650000,0,0,0,650000,0,650000,650000
062986,T50反1中信02購01,0,0,0,0,0,0,0,0,0,649000,0,0,0,749000,100000,649000,649000
064835,嘉晶統一02購01  ,0,0,0,0,0,0,0,0,0,649000,0,0,0,860000,211000,649000,649000
065857,嘉聯益元大9C購03,0,0,0,0,0,0,0,0,0,646000,0,0,0,661000,15000,646000,646000
066573,瑞祺元大01購02  ,0,0,0,0,0,0,0,0,0,646000,0,0,0,1208000,562000,646000,646000
068040,超眾元富04購01  ,0,0,0,0,0,0,0,0,0,640000,0,0,0,650000,10000,640000,640000
066084,國巨富邦05購01  ,0,0,0,0,0,0,0,0,0,639000,0,0,0,919000,280000,639000,639000
067130,泰豐永豐01購02  ,0,0,0,0,0,0,0,0,0,636000,0,0,0,717000,81000,636000,636000
067658,矽格元富04購01  ,0,0,0,0,0,0,0,0,0,636000,0,0,0,739000,103000,636000,636000
2382,廣達            ,5868000,5371140,496860,0,0,0,461000,0,461000,-323000,322000,252000,70000,35000,428000,-393000,634860
065343,智邦統一01購03  ,0,0,0,0,0,0,0,0,0,634000,0,0,0,849000,215000,634000,634000
062545,嘉晶永豐9B購01  ,0,0,0,0,0,0,0,0,0,632000,0,0,0,719000,87000,632000,632000
068718,台積電元大02購12,0,0,0,0,0,0,0,0,0,631000,0,0,0,734000,103000,631000,631000
2349,錸德            ,953000,323000,630000,0,0,0,0,0,0,0,0,0,0,0,0,0,630000
068318,中興電元大01購01,0,0,0,0,0,0,0,0,0,629000,0,0,0,820000,191000,629000,629000
067213,大立光元大01購11,0,0,0,0,0,0,0,0,0,628000,0,0,0,730000,102000,628000,628000
068559,鴻海元大01購29  ,0,0,0,0,0,0,0,0,0,625000,0,0,0,650000,25000,625000,625000
2401,凌陽            ,1484000,880000,604000,0,0,0,0,0,0,21000,59000,38000,21000,0,0,0,625000
058613,茂林元大99購03  ,0,0,0,0,0,0,0,0,0,624000,0,0,0,733000,109000,624000,624000
067053,申豐凱基02購01  ,0,0,0,0,0,0,0,0,0,623000,0,0,0,762000,139000,623000,623000
2881,富邦金          ,6858100,5966065,892035,0,0,0,0,0,0,-271000,17000,91000,-74000,77000,274000,-197000,621035
064548,漢翔凱基9C購01  ,0,0,0,0,0,0,0,0,0,621000,0,0,0,621000,0,621000,621000
069628,聯電元富04購01  ,0,0,0,0,0,0,0,0,0,617000,0,0,0,617000,0,617000,617000
3017,奇鋐            ,3958000,3229000,729000,0,0,0,0,0,0,-112000,20000,182000,-162000,598000,548000,50000,617000
057789,上銀統一9A購01  ,0,0,0,0,0,0,0,0,0,616000,0,0,0,1419000,803000,616000,616000
066285,松翰元大01購02  ,0,0,0,0,0,0,0,0,0,613000,0,0,0,623000,10000,613000,613000
069309,強茂凱基02購01  ,0,0,0,0,0,0,0,0,0,612000,0,0,0,826000,214000,612000,612000
063439,正隆統一01購01  ,0,0,0,0,0,0,0,0,0,610000,0,0,0,886000,276000,610000,610000
08607P,聯發科富邦03售04,0,0,0,0,0,0,0,0,0,610000,0,0,0,610000,0,610000,610000
064144,智邦統一01購02  ,0,0,0,0,0,0,0,0,0,608000,0,0,0,674000,66000,608000,608000
067025,禾伸堂兆豐03購01,0,0,0,0,0,0,0,0,0,607000,0,0,0,607000,0,607000,607000
2002,中鋼            ,5590000,5244890,345110,0,0,0,0,3000,-3000,264000,264000,0,264000,0,0,0,606110
067448,華碩國票01購01  ,0,0,0,0,0,0,0,0,0,606000,0,0,0,866000,260000,606000,606000
065495,上銀富邦01購02  ,0,0,0,0,0,0,0,0,0,605000,0,0,0,1042000,437000,605000,605000
3596,智易            ,987000,326000,661000,0,0,0,0,0,0,-58000,11000,47000,-36000,0,22000,-22000,603000
061244,和碩兆豐9A購01  ,0,0,0,0,0,0,0,0,0,602000,0,0,0,730000,128000,602000,602000
061212,聯鈞元大9A購04  ,0,0,0,0,0,0,0,0,0,601000,0,0,0,616000,15000,601000,601000
060700,華新科國泰9C購01,0,0,0,0,0,0,0,0,0,600000,0,0,0,795000,195000,600000,600000
064720,長榮航統一02購01,0,0,0,0,0,0,0,0,0,595000,0,0,0,595000,0,595000,595000
066252,南港元大01購02  ,0,0,0,0,0,0,0,0,0,595000,0,0,0,606000,11000,595000,595000
062070,金寶元大9B購01  ,0,0,0,0,0,0,0,0,0,594000,0,0,0,600000,6000,594000,594000
068589,國巨元富07購13  ,0,0,0,0,0,0,0,0,0,593000,0,0,0,593000,0,593000,593000
067947,京鼎國泰03購01  ,0,0,0,0,0,0,0,0,0,592000,0,0,0,622000,30000,592000,592000
067089,瑞祺元大01購04  ,0,0,0,0,0,0,0,0,0,591000,0,0,0,885000,294000,591000,591000
066962,致新元大01購02  ,0,0,0,0,0,0,0,0,0,591000,0,0,0,608000,17000,591000,591000
069529,信錦群益03購01  ,0,0,0,0,0,0,0,0,0,588000,0,0,0,598000,10000,588000,588000
059675,大立光元富99購08,0,0,0,0,0,0,0,0,0,587000,0,0,0,607000,20000,587000,587000
2104,國際中橡        ,902000,270000,632000,0,0,0,0,0,0,-47000,5000,0,5000,0,52000,-52000,585000
067723,國揚凱基01購02  ,0,0,0,0,0,0,0,0,0,584000,0,0,0,624000,40000,584000,584000
059922,大立光元大99購25,0,0,0,0,0,0,0,0,0,582000,0,0,0,599000,17000,582000,582000
062408,致新永豐9B購01  ,0,0,0,0,0,0,0,0,0,582000,0,0,0,582000,0,582000,582000
064157,健鼎統一01購02  ,0,0,0,0,0,0,0,0,0,582000,0,0,0,647000,65000,582000,582000
064595,超眾統一02購01  ,0,0,0,0,0,0,0,0,0,581000,0,0,0,594000,13000,581000,581000
063774,GIS富邦9B購02   ,0,0,0,0,0,0,0,0,0,581000,0,0,0,786000,205000,581000,581000
066998,訊芯國泰03購01  ,0,0,0,0,0,0,0,0,0,581000,0,0,0,649000,68000,581000,581000
08633P,聯發科元大9C售20,0,0,0,0,0,0,0,0,0,581000,0,0,0,606000,25000,581000,581000
062208,旭富國票9C購01  ,0,0,0,0,0,0,0,0,0,580000,0,0,0,580000,0,580000,580000
066763,創意永豐01購02  ,0,0,0,0,0,0,0,0,0,579000,0,0,0,579000,0,579000,579000
3030,德律            ,668000,70000,598000,0,0,0,0,0,0,-19000,1000,10000,-9000,0,10000,-10000,579000
067360,日月光群益01購01,0,0,0,0,0,0,0,0,0,577000,0,0,0,583000,6000,577000,577000
062324,上銀統一9B購04  ,0,0,0,0,0,0,0,0,0,576000,0,0,0,684000,108000,576000,576000
08062P,華擎國票9B售03  ,0,0,0,0,0,0,0,0,0,575000,0,0,0,575000,0,575000,575000
068343,台積電麥證01購12,0,0,0,861000,288000,573000,0,0,0,573000,0,0,0,861000,288000,573000,573000
068682,神達富邦03購01  ,0,0,0,0,0,0,0,0,0,573000,0,0,0,573000,0,573000,573000
059807,大立光元富99購09,0,0,0,0,0,0,0,0,0,572000,0,0,0,581000,9000,572000,572000
1612,宏泰            ,524000,78000,446000,0,0,0,0,0,0,124000,128000,4000,124000,0,0,0,570000
064726,創意統一01購03  ,0,0,0,0,0,0,0,0,0,568000,0,0,0,724000,156000,568000,568000
2520,冠德            ,1885000,1252000,633000,0,0,0,0,0,0,-66000,40000,89000,-49000,142000,159000,-17000,567000
069053,欣興元富02購03  ,0,0,0,0,0,0,0,0,0,559000,0,0,0,1092000,533000,559000,559000
065451,台表科統一02購04,0,0,0,0,0,0,0,0,0,555000,0,0,0,1128000,573000,555000,555000
2456,奇力新          ,1340000,629000,711000,0,0,0,0,0,0,-157000,131000,192000,-61000,67000,163000,-96000,554000
08147P,聯發科群益9B售10,0,0,0,0,0,0,0,0,0,551000,0,0,0,672000,121000,551000,551000
069485,奇力新元大02購01,0,0,0,0,0,0,0,0,0,551000,0,0,0,551000,0,551000,551000
066303,泰山永豐01購01  ,0,0,0,0,0,0,0,0,0,550000,0,0,0,588000,38000,550000,550000
067217,康控元大01購02  ,0,0,0,0,0,0,0,0,0,549000,0,0,0,607000,58000,549000,549000
08112P,臺股指中信01售07,0,0,0,0,0,0,0,0,0,547000,0,0,0,622000,75000,547000,547000
059187,國巨富邦9B購02  ,0,0,0,0,0,0,0,0,0,546000,0,0,0,578000,32000,546000,546000
061957,上銀統一01購01  ,0,0,0,0,0,0,0,0,0,543000,0,0,0,863000,320000,543000,543000
063680,寶成富邦9C購01  ,0,0,0,0,0,0,0,0,0,542000,0,0,0,648000,106000,542000,542000
065894,漢翔統一03購01  ,0,0,0,0,0,0,0,0,0,540000,0,0,0,540000,0,540000,540000
069105,南電統一04購02  ,0,0,0,0,0,0,0,0,0,539000,0,0,0,1098000,559000,539000,539000
3712,永崴投控        ,2328000,1793000,535000,0,0,0,0,0,0,3000,3000,0,3000,0,0,0,538000
067245,康控群益01購03  ,0,0,0,0,0,0,0,0,0,537000,0,0,0,543000,6000,537000,537000
068877,聯詠凱基03購04  ,0,0,0,0,0,0,0,0,0,536000,0,0,0,1197000,661000,536000,536000
065586,嘉聯益富邦03購01,0,0,0,0,0,0,0,0,0,536000,0,0,0,566000,30000,536000,536000
6116,彩晶            ,8351000,12811000,-4460000,0,0,0,5000000,0,5000000,-5000,580000,66000,514000,1428000,1947000,-519000,535000
059295,大立光元富99購05,0,0,0,0,0,0,0,0,0,534000,0,0,0,999000,465000,534000,534000
058055,華擎統一9A購01  ,0,0,0,0,0,0,0,0,0,534000,0,0,0,534000,0,534000,534000
064239,群創統一02購01  ,0,0,0,0,0,0,0,0,0,534000,0,0,0,544000,10000,534000,534000
066226,惠特國泰03購01  ,0,0,0,0,0,0,0,0,0,533000,0,0,0,739000,206000,533000,533000
068628,台表科群益02購01,0,0,0,0,0,0,0,0,0,532000,0,0,0,542000,10000,532000,532000
2308,台達電          ,2690045,2261735,428310,0,0,0,0,0,0,101000,124000,40000,84000,61000,44000,17000,529310
068180,華新科群益02購03,0,0,0,0,0,0,0,0,0,528000,0,0,0,696000,168000,528000,528000
08466P,旺宏統一9C售03  ,0,0,0,0,0,0,0,0,0,528000,0,0,0,616000,88000,528000,528000
069568,新光金凱基04購01,0,0,0,0,0,0,0,0,0,528000,0,0,0,528000,0,528000,528000
061840,長榮航凱基9C購01,0,0,0,0,0,0,0,0,0,526000,0,0,0,576000,50000,526000,526000
063049,上海銀兆豐9B購01,0,0,0,0,0,0,0,0,0,526000,0,0,0,536000,10000,526000,526000
068115,玉山金元富07購01,0,0,0,0,0,0,0,0,0,524000,0,0,0,632000,108000,524000,524000
062404,新唐永豐9B購01  ,0,0,0,0,0,0,0,0,0,524000,0,0,0,559000,35000,524000,524000
063451,漢翔統一9C購01  ,0,0,0,0,0,0,0,0,0,524000,0,0,0,524000,0,524000,524000
061357,寶成元大9A購01  ,0,0,0,0,0,0,0,0,0,523000,0,0,0,533000,10000,523000,523000
066440,南帝群益01購01  ,0,0,0,0,0,0,0,0,0,523000,0,0,0,531000,8000,523000,523000
065611,嘉聯益元大9C購02,0,0,0,0,0,0,0,0,0,522000,0,0,0,530000,8000,522000,522000
069453,南電統一02購02  ,0,0,0,0,0,0,0,0,0,521000,0,0,0,1598000,1077000,521000,521000
055966,茂林元大99購01  ,0,0,0,0,0,0,0,0,0,520000,0,0,0,520000,0,520000,520000
065195,國巨元富06購01  ,0,0,0,0,0,0,0,0,0,519000,0,0,0,530000,11000,519000,519000
08234P,華擎元富9B售03  ,0,0,0,0,0,0,0,0,0,518000,0,0,0,627000,109000,518000,518000
03399P,欣興中信02售03  ,0,0,0,0,0,0,0,0,0,518000,0,0,0,661000,143000,518000,518000
055874,中環元富9A購01  ,0,0,0,0,0,0,0,0,0,517000,0,0,0,829000,312000,517000,517000
065652,超眾元大01購02  ,0,0,0,0,0,0,0,0,0,517000,0,0,0,767000,250000,517000,517000
066617,鎧勝康和01購01  ,0,0,0,0,0,0,0,0,0,517000,0,0,0,544000,27000,517000,517000
062422,億光統一01購01  ,0,0,0,0,0,0,0,0,0,516000,0,0,0,584000,68000,516000,516000
060414,中興電永豐9A購01,0,0,0,0,0,0,0,0,0,515000,0,0,0,634000,119000,515000,515000
1303,南亞            ,2583000,2054000,529000,0,0,0,5000,0,5000,-19000,39000,25000,14000,0,33000,-33000,515000
2206,三陽工業        ,749000,235000,514000,0,0,0,0,0,0,0,0,0,0,0,0,0,514000
065659,華新科永豐9C購04,0,0,0,0,0,0,0,0,0,512000,0,0,0,578000,66000,512000,512000
2049,上銀            ,1630150,1107000,523150,0,0,0,175000,0,175000,-187000,30000,36000,-6000,141000,322000,-181000,511150
065011,智邦國泰02購01  ,0,0,0,0,0,0,0,0,0,511000,0,0,0,614000,103000,511000,511000
065899,神基麥證9C購02  ,0,0,0,510000,0,510000,0,0,0,510000,0,0,0,510000,0,510000,510000
058178,國巨國泰9A購02  ,0,0,0,0,0,0,0,0,0,509000,0,0,0,509000,0,509000,509000
066201,大毅統一02購01  ,0,0,0,0,0,0,0,0,0,508000,0,0,0,546000,38000,508000,508000
067026,群創兆豐03購01  ,0,0,0,0,0,0,0,0,0,508000,0,0,0,529000,21000,508000,508000
067509,京鼎統一01購01  ,0,0,0,0,0,0,0,0,0,508000,0,0,0,574000,66000,508000,508000
066227,惠特國泰03購02  ,0,0,0,0,0,0,0,0,0,507000,0,0,0,631000,124000,507000,507000
066350,達麗永豐01購01  ,0,0,0,0,0,0,0,0,0,507000,0,0,0,507000,0,507000,507000
068495,新光金元大04購01,0,0,0,0,0,0,0,0,0,506000,0,0,0,510000,4000,506000,506000
1476,儒鴻            ,821000,307000,514000,0,0,0,4000,0,4000,-12000,20000,26000,-6000,4000,10000,-6000,506000
063983,麗豐兆豐9C購01  ,0,0,0,0,0,0,0,0,0,505000,0,0,0,515000,10000,505000,505000
059931,緯穎富邦9A購01  ,0,0,0,0,0,0,0,0,0,504000,0,0,0,505000,1000,504000,504000
066315,南帝永豐01購01  ,0,0,0,0,0,0,0,0,0,504000,0,0,0,507000,3000,504000,504000
063592,瑞祺永豐9B購02  ,0,0,0,0,0,0,0,0,0,503000,0,0,0,813000,310000,503000,503000
066815,華擎兆豐03購01  ,0,0,0,0,0,0,0,0,0,501000,0,0,0,764000,263000,501000,501000
08615P,同欣電統一9C售02,0,0,0,0,0,0,0,0,0,501000,0,0,0,501000,0,501000,501000
3708,上緯投控        ,839000,1274000,-435000,0,0,0,770000,190000,580000,356000,220000,20000,200000,156000,0,156000,501000
00783,富邦中証500     ,0,0,0,0,0,0,0,0,0,500000,0,0,0,1367000,867000,500000,500000
063804,華邦電兆豐01購01,0,0,0,0,0,0,0,0,0,500000,0,0,0,500000,0,500000,500000
4532,瑞智            ,531000,31000,500000,0,0,0,0,0,0,0,0,0,0,0,0,0,500000
068015,臺指反國票01購02,0,0,0,0,0,0,0,0,0,499000,0,0,0,499000,0,499000,499000
08019P,緯穎國票9B售02  ,0,0,0,0,0,0,0,0,0,499000,0,0,0,499000,0,499000,499000
067627,中興電永豐01購01,0,0,0,0,0,0,0,0,0,499000,0,0,0,549000,50000,499000,499000
069531,全新群益04購01  ,0,0,0,0,0,0,0,0,0,498000,0,0,0,498000,0,498000,498000
065134,中石化凱基01購01,0,0,0,0,0,0,0,0,0,498000,0,0,0,783000,285000,498000,498000
069825,滬深2X元富08購01,0,0,0,0,0,0,0,0,0,497000,0,0,0,499000,2000,497000,497000
063352,上銀元富9B購02  ,0,0,0,0,0,0,0,0,0,497000,0,0,0,541000,44000,497000,497000
063807,超眾兆豐01購01  ,0,0,0,0,0,0,0,0,0,496000,0,0,0,513000,17000,496000,496000
063244,華新科元大9B購11,0,0,0,0,0,0,0,0,0,495000,0,0,0,506000,11000,495000,495000
068208,彩晶凱基02購01  ,0,0,0,0,0,0,0,0,0,494000,0,0,0,685000,191000,494000,494000
065820,瑞祺元富03購01  ,0,0,0,0,0,0,0,0,0,494000,0,0,0,909000,415000,494000,494000
057354,聯鈞統一99購03  ,0,0,0,0,0,0,0,0,0,493000,0,0,0,499000,6000,493000,493000
1514,亞力            ,1919000,1456000,463000,0,0,0,0,0,0,30000,30000,0,30000,0,0,0,493000
063372,漢翔永豐9B購01  ,0,0,0,0,0,0,0,0,0,492000,0,0,0,492000,0,492000,492000
067497,康控元大01購04  ,0,0,0,0,0,0,0,0,0,492000,0,0,0,529000,37000,492000,492000
067387,智邦元富04購01  ,0,0,0,0,0,0,0,0,0,492000,0,0,0,581000,89000,492000,492000
068178,華邦電群益01購04,0,0,0,0,0,0,0,0,0,491000,0,0,0,491000,0,491000,491000
068136,香港2X元大01購01,0,0,0,0,0,0,0,0,0,490000,0,0,0,490000,0,490000,490000
067380,華擎統一02購02  ,0,0,0,0,0,0,0,0,0,490000,0,0,0,1057000,567000,490000,490000
065258,華邦電元大01購01,0,0,0,0,0,0,0,0,0,490000,0,0,0,513000,23000,490000,490000
1449,佳和            ,562000,37000,525000,0,0,0,0,0,0,-35000,0,35000,-35000,0,0,0,490000
060720,嘉聯益永豐9A購02,0,0,0,0,0,0,0,0,0,489000,0,0,0,489000,0,489000,489000
064928,同欣電統一01購02,0,0,0,0,0,0,0,0,0,489000,0,0,0,689000,200000,489000,489000
068400,瑞昱元富07購02  ,0,0,0,0,0,0,0,0,0,488000,0,0,0,971000,483000,488000,488000
065872,漢翔群益9C購01  ,0,0,0,0,0,0,0,0,0,484000,0,0,0,577000,93000,484000,484000
6531,愛普            ,731000,236000,495000,0,0,0,0,0,0,-13000,0,13000,-13000,0,0,0,482000
068655,台積電元大02購08,0,0,0,0,0,0,0,0,0,481000,0,0,0,2969000,2488000,481000,481000
066817,瀚宇博兆豐03購01,0,0,0,0,0,0,0,0,0,481000,0,0,0,770000,289000,481000,481000
064829,義隆統一01購02  ,0,0,0,0,0,0,0,0,0,480000,0,0,0,524000,44000,480000,480000
06836P,玉晶光國票99售06,0,0,0,0,0,0,0,0,0,479000,0,0,0,570000,91000,479000,479000
064357,中橡統一9C購01  ,0,0,0,0,0,0,0,0,0,479000,0,0,0,479000,0,479000,479000
08675P,旺宏群益01售03  ,0,0,0,0,0,0,0,0,0,479000,0,0,0,499000,20000,479000,479000
07974P,上証2X元大9B售02,0,0,0,0,0,0,0,0,0,478000,0,0,0,478000,0,478000,478000
6505,台塑化          ,1377000,907000,470000,0,0,0,2000,0,2000,4000,42000,0,42000,0,38000,-38000,476000
063283,華新科元大9C購03,0,0,0,0,0,0,0,0,0,475000,0,0,0,480000,5000,475000,475000
1215,卜蜂            ,648000,179000,469000,0,0,0,0,0,0,5000,20000,7000,13000,4000,12000,-8000,474000
067684,康控元大01購05  ,0,0,0,0,0,0,0,0,0,472000,0,0,0,593000,121000,472000,472000
065547,同欣電兆豐01購01,0,0,0,0,0,0,0,0,0,472000,0,0,0,472000,0,472000,472000
3048,益登            ,483000,105000,378000,0,0,0,0,0,0,93000,93000,0,93000,0,0,0,471000
08201P,祥碩元大9B售09  ,0,0,0,0,0,0,0,0,0,470000,0,0,0,1295000,825000,470000,470000
062494,中石化中信9C購01,0,0,0,0,0,0,0,0,0,468000,0,0,0,654000,186000,468000,468000
064703,T50反1國泰01購01,0,0,0,0,0,0,0,0,0,467000,0,0,0,469000,2000,467000,467000
067136,京鼎永豐01購01  ,0,0,0,0,0,0,0,0,0,467000,0,0,0,472000,5000,467000,467000
066507,和碩富邦03購01  ,0,0,0,0,0,0,0,0,0,466000,0,0,0,901000,435000,466000,466000
2614,東森            ,650000,214000,436000,0,0,0,0,0,0,30000,11000,0,11000,19000,0,19000,466000
069581,宏碁永豐02購01  ,0,0,0,0,0,0,0,0,0,464000,0,0,0,709000,245000,464000,464000
068163,緯穎元大01購07  ,0,0,0,0,0,0,0,0,0,464000,0,0,0,492000,28000,464000,464000
03148P,聯電群益03售04  ,0,0,0,0,0,0,0,0,0,464000,0,0,0,464000,0,464000,464000
063203,華新科統一9C購04,0,0,0,0,0,0,0,0,0,464000,0,0,0,880000,416000,464000,464000
065524,康控群益01購01  ,0,0,0,0,0,0,0,0,0,464000,0,0,0,464000,0,464000,464000
068371,華城永豐01購04  ,0,0,0,0,0,0,0,0,0,463000,0,0,0,783000,320000,463000,463000
062896,中興電元大9B購01,0,0,0,0,0,0,0,0,0,463000,0,0,0,542000,79000,463000,463000
03061P,南電凱基01售05  ,0,0,0,0,0,0,0,0,0,462000,0,0,0,960000,498000,462000,462000
066266,強茂元大01購01  ,0,0,0,0,0,0,0,0,0,462000,0,0,0,540000,78000,462000,462000
063134,裕隆統一01購01  ,0,0,0,0,0,0,0,0,0,458000,0,0,0,502000,44000,458000,458000
064851,勤誠元富03購01  ,0,0,0,0,0,0,0,0,0,457000,0,0,0,462000,5000,457000,457000
066676,A50正2兆豐03購01,0,0,0,0,0,0,0,0,0,457000,0,0,0,589000,132000,457000,457000
062011,上銀富邦9C購01  ,0,0,0,0,0,0,0,0,0,456000,0,0,0,586000,130000,456000,456000
068223,京鼎統一03購02  ,0,0,0,0,0,0,0,0,0,455000,0,0,0,455000,0,455000,455000
067028,上海銀兆豐03購01,0,0,0,0,0,0,0,0,0,455000,0,0,0,485000,30000,455000,455000
050014,國巨富邦98購01  ,0,0,0,0,0,0,0,0,0,452000,0,0,0,452000,0,452000,452000
056699,光罩國泰99購01  ,0,0,0,0,0,0,0,0,0,450000,0,0,0,450000,0,450000,450000
067657,日月光元富01購01,0,0,0,0,0,0,0,0,0,450000,0,0,0,665000,215000,450000,450000
00670L,富邦NASDAQ正2   ,0,0,0,0,0,0,0,0,0,449000,0,0,0,450000,1000,449000,449000
068873,光寶科凱基03購01,0,0,0,0,0,0,0,0,0,448000,0,0,0,448000,0,448000,448000
066479,國巨元富07購01  ,0,0,0,0,0,0,0,0,0,447000,0,0,0,447000,0,447000,447000
3661,世芯-KY         ,1075000,830000,245000,0,0,0,209000,1000,208000,-8000,38000,37000,1000,3000,12000,-9000,445000
8103,瀚荃            ,859000,457000,402000,0,0,0,0,0,0,43000,48000,5000,43000,0,0,0,445000
066855,樺漢元大01購03  ,0,2000,-2000,0,0,0,0,0,0,446000,0,0,0,1642000,1196000,446000,444000
069685,嘉晶元大02購02  ,0,0,0,0,0,0,0,0,0,442000,0,0,0,638000,196000,442000,442000
064327,金寶元大01購01  ,0,0,0,0,0,0,0,0,0,440000,0,0,0,490000,50000,440000,440000
066544,鴻海元大01購08  ,0,0,0,0,0,0,0,0,0,440000,0,0,0,450000,10000,440000,440000
1477,聚陽            ,878000,956000,-78000,0,0,0,571000,0,571000,-54000,126000,37000,89000,34000,177000,-143000,439000
08865P,欣興元大01售02  ,0,0,0,0,0,0,0,0,0,439000,0,0,0,439000,0,439000,439000
069185,華擎麥證02購01  ,0,0,0,443000,0,443000,0,0,0,438000,0,0,0,443000,5000,438000,438000
063022,嘉晶元大9B購04  ,0,0,0,0,0,0,0,0,0,438000,0,0,0,598000,160000,438000,438000
064925,和碩統一02購01  ,0,0,0,0,0,0,0,0,0,438000,0,0,0,552000,114000,438000,438000
063924,致新元富9C購01  ,0,0,0,0,0,0,0,0,0,437000,0,0,0,526000,89000,437000,437000
063961,世紀鋼元大9C購05,0,0,0,0,0,0,0,0,0,436000,0,0,0,536000,100000,436000,436000
064704,嘉晶國泰01購01  ,0,0,0,0,0,0,0,0,0,436000,0,0,0,825000,389000,436000,436000
08445P,臺股指麥證9C售03,0,0,0,438000,4000,434000,0,0,0,434000,0,0,0,438000,4000,434000,434000
066283,鎧勝元大01購02  ,0,0,0,0,0,0,0,0,0,434000,0,0,0,434000,0,434000,434000
069047,台積電元富08購13,0,0,0,0,0,0,0,0,0,433000,0,0,0,509000,76000,433000,433000
061816,長榮航群益9B購02,0,0,0,0,0,0,0,0,0,433000,0,0,0,436000,3000,433000,433000
061020,超眾國票9A購02  ,0,0,0,0,0,0,0,0,0,433000,0,0,0,433000,0,433000,433000
064079,英業達中信9C購01,0,0,0,0,0,0,0,0,0,431000,0,0,0,451000,20000,431000,431000
062360,華邦電元大9B購01,0,0,0,0,0,0,0,0,0,430000,0,0,0,440000,10000,430000,430000
062644,中環國泰9C購01  ,0,0,0,0,0,0,0,0,0,430000,0,0,0,709000,279000,430000,430000
066498,康控國泰02購01  ,0,0,0,0,0,0,0,0,0,430000,0,0,0,536000,106000,430000,430000
065812,寶成群益9C購02  ,0,0,0,0,0,0,0,0,0,430000,0,0,0,430000,0,430000,430000
058328,世紀鋼統一9B購01,0,0,0,0,0,0,0,0,0,429000,0,0,0,1509000,1080000,429000,429000
062442,華新科元大9C購02,0,0,0,0,0,0,0,0,0,429000,0,0,0,445000,16000,429000,429000
065477,健鼎元大9C購03  ,0,0,0,0,0,0,0,0,0,429000,0,0,0,439000,10000,429000,429000
08336P,聯發科中信9C售05,0,0,0,0,0,0,0,0,0,427000,0,0,0,447000,20000,427000,427000
066458,大毅統一02購02  ,0,0,0,0,0,0,0,0,0,427000,0,0,0,432000,5000,427000,427000
065973,嘉晶元大01購03  ,0,0,0,0,0,0,0,0,0,427000,0,0,0,649000,222000,427000,427000
067755,大立光國泰03購03,0,0,0,0,0,0,0,0,0,427000,0,0,0,603000,176000,427000,427000
060990,新光金元大9B購03,0,0,0,0,0,0,0,0,0,426000,0,0,0,426000,0,426000,426000
068887,新唐統一02購01  ,0,0,0,0,0,0,0,0,0,425000,0,0,0,425000,0,425000,425000
067772,超眾統一03購02  ,0,0,0,0,0,0,0,0,0,424000,0,0,0,470000,46000,424000,424000
065880,訊芯群益9C購01  ,0,0,0,0,0,0,0,0,0,424000,0,0,0,514000,90000,424000,424000
069275,欣興永豐02購04  ,0,0,0,0,0,0,0,0,0,423000,0,0,0,473000,50000,423000,423000
064927,瀚宇博統一02購01,0,0,0,0,0,0,0,0,0,423000,0,0,0,459000,36000,423000,423000
065216,群創國泰01購02  ,0,0,0,0,0,0,0,0,0,421000,0,0,0,449000,28000,421000,421000
066316,台船永豐01購01  ,0,0,0,0,0,0,0,0,0,421000,0,0,0,523000,102000,421000,421000
067139,訊連永豐01購01  ,0,0,0,0,0,0,0,0,0,421000,0,0,0,486000,65000,421000,421000
069406,台積電統一03購16,0,0,0,0,0,0,0,0,0,420000,0,0,0,540000,120000,420000,420000
068209,彩晶凱基04購02  ,0,0,0,0,0,0,0,0,0,418000,0,0,0,462000,44000,418000,418000
066061,超眾元大01購04  ,0,0,0,0,0,0,0,0,0,418000,0,0,0,462000,44000,418000,418000
068573,矽格元大01購06  ,0,0,0,0,0,0,0,0,0,417000,0,0,0,439000,22000,417000,417000
061706,旭富國票9A購02  ,0,0,0,0,0,0,0,0,0,415000,0,0,0,760000,345000,415000,415000
066385,巨大康和01購01  ,0,0,0,0,0,0,0,0,0,415000,0,0,0,415000,0,415000,415000
065653,同欣電元大03購01,0,0,0,0,0,0,0,0,0,415000,0,0,0,555000,140000,415000,415000
066126,南港群益01購01  ,0,0,0,0,0,0,0,0,0,414000,0,0,0,445000,31000,414000,414000
067756,奇鋐國泰03購01  ,0,0,0,0,0,0,0,0,0,414000,0,0,0,482000,68000,414000,414000
069780,樺漢元大02購01  ,0,0,0,0,0,0,0,0,0,413000,0,0,0,476000,63000,413000,413000
6139,亞翔            ,601000,1238000,-637000,0,0,0,0,0,0,1050000,0,0,0,1050000,0,1050000,413000
066683,和碩兆豐01購01  ,0,0,0,0,0,0,0,0,0,412000,0,0,0,427000,15000,412000,412000
08796P,晶技凱基01售01  ,0,0,0,0,0,0,0,0,0,412000,0,0,0,412000,0,412000,412000
069198,聯電元大02購06  ,0,0,0,0,0,0,0,0,0,411000,0,0,0,721000,310000,411000,411000
063863,儒鴻富邦02購01  ,0,0,0,0,0,0,0,0,0,411000,0,0,0,526000,115000,411000,411000
068309,聯詠國票03購01  ,0,0,0,0,0,0,0,0,0,410000,0,0,0,467000,57000,410000,410000
060284,南港元大01購01  ,0,0,0,0,0,0,0,0,0,410000,0,0,0,665000,255000,410000,410000
00861,元大全球未來通訊,0,0,0,0,0,0,0,0,0,410000,0,0,0,422000,12000,410000,410000
056915,上銀兆豐99購01  ,0,0,0,0,0,0,0,0,0,410000,0,0,0,456000,46000,410000,410000
063809,矽創兆豐01購01  ,0,0,0,0,0,0,0,0,0,410000,0,0,0,410000,0,410000,410000
067746,瀚宇博元大01購04,0,0,0,0,0,0,0,0,0,410000,0,0,0,693000,283000,410000,410000
068288,長榮航群益01購02,0,0,0,0,0,0,0,0,0,409000,0,0,0,409000,0,409000,409000
064209,燿華凱基01購01  ,0,0,0,0,0,0,0,0,0,409000,0,0,0,456000,47000,409000,409000
066097,英業達中信02購01,0,0,0,0,0,0,0,0,0,409000,0,0,0,409000,0,409000,409000
063927,奇力新統一02購01,0,0,0,0,0,0,0,0,0,408000,0,0,0,680000,272000,408000,408000
063976,正崴兆豐9C購01  ,0,0,0,0,0,0,0,0,0,407000,0,0,0,625000,218000,407000,407000
068758,喬山永豐02購01  ,0,0,0,0,0,0,0,0,0,406000,0,0,0,406000,0,406000,406000
069616,台積電統一03購17,0,0,0,0,0,0,0,0,0,406000,0,0,0,609000,203000,406000,406000
066749,瑞祺元大01購03  ,0,0,0,0,0,0,0,0,0,406000,0,0,0,804000,398000,406000,406000
069439,華固康和02購01  ,10000,0,10000,0,0,0,0,0,0,395000,0,0,0,430000,35000,395000,405000
067494,日月光元大01購03,0,0,0,0,0,0,0,0,0,405000,0,0,0,777000,372000,405000,405000
063136,智邦統一9B購02  ,0,0,0,0,0,0,0,0,0,404000,0,0,0,1114000,710000,404000,404000
08554P,玉晶光國票01售06,0,0,0,0,0,0,0,0,0,403000,0,0,0,624000,221000,403000,403000
062335,茂林統一01購01  ,0,0,0,0,0,0,0,0,0,403000,0,0,0,433000,30000,403000,403000
068166,鈺齊元大01購03  ,0,0,0,0,0,0,0,0,0,401000,0,0,0,1651000,1250000,401000,401000
064192,巨大中信9C購01  ,0,0,0,0,0,0,0,0,0,401000,0,0,0,497000,96000,401000,401000
051431,群創元富99購02  ,0,0,0,0,0,0,0,0,0,401000,0,0,0,401000,0,401000,401000
067807,京元電凱基01購02,0,0,0,0,0,0,0,0,0,401000,0,0,0,418000,17000,401000,401000
068234,T50反1元大01購07,0,0,0,0,0,0,0,0,0,400000,0,0,0,488000,88000,400000,400000
069450,京鼎統一02購02  ,0,0,0,0,0,0,0,0,0,400000,0,0,0,400000,0,400000,400000
061684,T50反1群益9A購06,0,0,0,0,0,0,0,0,0,400000,0,0,0,400000,0,400000,400000
069506,元大金永豐02購01,0,0,0,0,0,0,0,0,0,399000,0,0,0,399000,0,399000,399000
062807,和碩統一9B購01  ,0,0,0,0,0,0,0,0,0,399000,0,0,0,442000,43000,399000,399000
058211,國巨群益9A購02  ,0,0,0,0,0,0,0,0,0,398000,0,0,0,398000,0,398000,398000
064352,嘉聯益元大9C購01,0,0,0,0,0,0,0,0,0,398000,0,0,0,423000,25000,398000,398000
064911,光寶科統一02購01,0,0,0,0,0,0,0,0,0,398000,0,0,0,401000,3000,398000,398000
065147,寶成凱基01購01  ,0,0,0,0,0,0,0,0,0,398000,0,0,0,407000,9000,398000,398000
067120,矽創群益01購01  ,0,0,0,0,0,0,0,0,0,398000,0,0,0,398000,0,398000,398000
060467,神基元大9A購01  ,0,0,0,0,0,0,0,0,0,396000,0,0,0,596000,200000,396000,396000
067326,世紀鋼元大01購02,0,0,0,0,0,0,0,0,0,396000,0,0,0,777000,381000,396000,396000
068969,台塑化群益02購01,0,0,0,0,0,0,0,0,0,395000,0,0,0,496000,101000,395000,395000
065970,燿華元大02購01  ,0,0,0,0,0,0,0,0,0,395000,0,0,0,431000,36000,395000,395000
066321,華碩永豐01購01  ,0,0,0,0,0,0,0,0,0,395000,0,0,0,640000,245000,395000,395000
068676,華擎元富07購01  ,0,0,0,0,0,0,0,0,0,394000,0,0,0,743000,349000,394000,394000
067926,嘉晶兆豐01購02  ,0,0,0,0,0,0,0,0,0,394000,0,0,0,510000,116000,394000,394000
064799,裕隆元大9C購02  ,0,30000,-30000,0,0,0,0,0,0,423000,0,0,0,503000,80000,423000,393000
067916,敬鵬永豐01購01  ,0,0,0,0,0,0,0,0,0,393000,0,0,0,393000,0,393000,393000
066032,矽格群益01購01  ,0,0,0,0,0,0,0,0,0,393000,0,0,0,395000,2000,393000,393000
5469,瀚宇博          ,6825172,7769669,-944497,0,0,0,1572000,560000,1012000,324000,1058000,478000,580000,348000,604000,-256000,391503
061675,華新科元大9A購23,0,0,0,0,0,0,0,0,0,391000,0,0,0,391000,0,391000,391000
067041,國巨凱基04購02  ,0,0,0,0,0,0,0,0,0,391000,0,0,0,405000,14000,391000,391000
03110P,聯發科元大01售26,0,0,0,0,0,0,0,0,0,390000,0,0,0,965000,575000,390000,390000
068656,台積電元大02購09,0,0,0,0,0,0,0,0,0,389000,0,0,0,892000,503000,389000,389000
069487,大立光元大02購05,0,0,0,0,0,0,0,0,0,389000,0,0,0,391000,2000,389000,389000
067410,聚陽兆豐01購01  ,0,0,0,0,0,0,0,0,0,388000,0,0,0,700000,312000,388000,388000
064250,亞光元富9C購01  ,0,0,0,0,0,0,0,0,0,387000,0,0,0,392000,5000,387000,387000
066444,華擎群益01購03  ,0,0,0,0,0,0,0,0,0,387000,0,0,0,455000,68000,387000,387000
1590,亞德客-KY       ,831000,421001,409999,0,0,0,0,10000,-10000,-13000,10000,45000,-35000,24000,2000,22000,386999
1319,東陽            ,718899,161000,557899,0,0,0,0,175000,-175000,4000,28000,24000,4000,0,0,0,386899
058936,國喬中信99購01  ,0,0,0,0,0,0,0,0,0,386000,0,0,0,418000,32000,386000,386000
064500,國泰金元大9C購01,0,0,0,0,0,0,0,0,0,386000,0,0,0,386000,0,386000,386000
060286,佳世達元大9C購01,0,0,0,0,0,0,0,0,0,385000,0,0,0,495000,110000,385000,385000
067631,上銀永豐01購01  ,0,0,0,0,0,0,0,0,0,385000,0,0,0,440000,55000,385000,385000
069127,SP黃豆國泰04購01,0,0,0,0,0,0,0,0,0,384000,0,0,0,414000,30000,384000,384000
069235,奇鋐康和02購01  ,0,0,0,0,0,0,0,0,0,383000,0,0,0,481000,98000,383000,383000
069615,國巨統一03購07  ,0,0,0,0,0,0,0,0,0,383000,0,0,0,414000,31000,383000,383000
066491,麗豐元富01購01  ,0,0,0,0,0,0,0,0,0,383000,0,0,0,434000,51000,383000,383000
2472,立隆電          ,755000,363000,392000,0,0,0,0,0,0,-9000,91000,100000,-9000,0,0,0,383000
067963,宏碁群益02購01  ,0,0,0,0,0,0,0,0,0,382000,0,0,0,930000,548000,382000,382000
068192,台積電凱基03購04,0,0,0,0,0,0,0,0,0,381000,0,0,0,729000,348000,381000,381000
062219,燿華統一9B購01  ,0,0,0,0,0,0,0,0,0,381000,0,0,0,399000,18000,381000,381000
062388,旭富國泰01購01  ,0,0,0,0,0,0,0,0,0,381000,0,0,0,381000,0,381000,381000
064870,中租永豐9C購01  ,0,0,0,0,0,0,0,0,0,381000,0,0,0,437000,56000,381000,381000
066466,晶碩統一02購01  ,0,0,0,0,0,0,0,0,0,381000,0,0,0,579000,198000,381000,381000
066389,南港凱基01購01  ,0,0,0,0,0,0,0,0,0,381000,0,0,0,510000,129000,381000,381000
066809,新唐凱基01購01  ,0,0,0,0,0,0,0,0,0,381000,0,0,0,401000,20000,381000,381000
064174,致新元富9C購02  ,0,0,0,0,0,0,0,0,0,380000,0,0,0,540000,160000,380000,380000
058547,世紀鋼富邦9A購01,0,0,0,0,0,0,0,0,0,379000,0,0,0,379000,0,379000,379000
062604,東元凱基9B購01  ,0,0,0,0,0,0,0,0,0,379000,0,0,0,792000,413000,379000,379000
066225,松翰國泰03購01  ,0,0,0,0,0,0,0,0,0,379000,0,0,0,499000,120000,379000,379000
068965,泰碩群益02購01  ,0,0,0,0,0,0,0,0,0,378000,0,0,0,432000,54000,378000,378000
064193,華新群益9C購01  ,0,0,0,0,0,0,0,0,0,377000,0,0,0,452000,75000,377000,377000
00652,富邦印度        ,0,0,0,0,0,0,0,0,0,377000,0,0,0,384000,7000,377000,377000
06824P,台灣50國票99售02,0,0,0,0,0,0,0,0,0,376000,0,0,0,376000,0,376000,376000
059958,鎧勝康和99購01  ,0,0,0,0,0,0,0,0,0,376000,0,0,0,376000,0,376000,376000
08181P,華新科國泰9C售02,0,0,0,0,0,0,0,0,0,375000,0,0,0,375000,0,375000,375000
066242,惠特富邦03購01  ,0,0,0,0,0,0,0,0,0,375000,0,0,0,375000,0,375000,375000
068142,鴻海元大02購02  ,0,0,0,0,0,0,0,0,0,374000,0,0,0,470000,96000,374000,374000
069114,智邦群益02購01  ,0,0,0,0,0,0,0,0,0,373000,0,0,0,518000,145000,373000,373000
067288,為升兆豐03購01  ,0,0,0,0,0,0,0,0,0,373000,0,0,0,1173000,800000,373000,373000
08248P,旺宏群益9C售02  ,0,0,0,0,0,0,0,0,0,372000,0,0,0,442000,70000,372000,372000
059691,大立光永豐99購02,0,0,0,0,0,0,0,0,0,372000,0,0,0,372000,0,372000,372000
064231,鴻海統一01購03  ,0,0,0,0,0,0,0,0,0,372000,0,0,0,372000,0,372000,372000
066261,華碩元大01購01  ,0,0,0,0,0,0,0,0,0,372000,0,0,0,666000,294000,372000,372000
060333,金寶康和9A購01  ,0,0,0,0,0,0,0,0,0,370000,0,0,0,370000,0,370000,370000
068340,緯穎元大03購01  ,0,0,0,0,0,0,0,0,0,369000,0,0,0,405000,36000,369000,369000
062741,立積國票9B購02  ,0,0,0,0,0,0,0,0,0,369000,0,0,0,408000,39000,369000,369000
065174,華新科元大02購02,0,0,0,0,0,0,0,0,0,369000,0,0,0,429000,60000,369000,369000
068680,聯陽國泰03購01  ,0,0,0,0,0,0,0,0,0,368000,0,0,0,562000,194000,368000,368000
069396,聚陽統一02購05  ,0,0,0,0,0,0,0,0,0,367000,0,0,0,725000,358000,367000,367000
057141,嘉聯益兆豐99購01,0,0,0,0,0,0,0,0,0,366000,0,0,0,366000,0,366000,366000
063852,瀚宇博元大9C購01,0,0,0,0,0,0,0,0,0,366000,0,0,0,407000,41000,366000,366000
066920,華擎麥證01購01  ,0,0,0,400000,36000,364000,0,0,0,364000,0,0,0,400000,36000,364000,364000
066664,嘉晶凱基02購01  ,0,0,0,0,0,0,0,0,0,364000,0,0,0,386000,22000,364000,364000
067061,亞泥元大01購01  ,0,0,0,0,0,0,0,0,0,364000,0,0,0,822000,458000,364000,364000
061439,寶成凱基9A購01  ,0,0,0,0,0,0,0,0,0,362000,0,0,0,442000,80000,362000,362000
9914,美利達          ,1072000,848000,224000,0,0,0,90000,0,90000,48000,61000,46000,15000,54000,21000,33000,362000
066098,華碩中信02購01  ,0,0,0,0,0,0,0,0,0,361000,0,0,0,458000,97000,361000,361000
03322P,景碩凱基02售02  ,0,0,0,0,0,0,0,0,0,360000,0,0,0,360000,0,360000,360000
068813,南港元大02購01  ,0,0,0,0,0,0,0,0,0,359000,0,0,0,374000,15000,359000,359000
063432,金寶元富9B購01  ,0,0,0,0,0,0,0,0,0,359000,0,0,0,460000,101000,359000,359000
064508,力成元大9C購03  ,0,0,0,0,0,0,0,0,0,359000,0,0,0,479000,120000,359000,359000
066305,華夏永豐01購01  ,0,0,0,0,0,0,0,0,0,358000,0,0,0,488000,130000,358000,358000
054099,TPK國票98購01   ,0,0,0,0,0,0,0,0,0,357000,0,0,0,357000,0,357000,357000
064446,聚陽統一02購02  ,0,0,0,0,0,0,0,0,0,357000,0,0,0,1117000,760000,357000,357000
066961,超眾元大01購05  ,0,0,0,0,0,0,0,0,0,357000,0,0,0,557000,200000,357000,357000
06837P,上銀統一9A售02  ,0,0,0,0,0,0,0,0,0,356000,0,0,0,356000,0,356000,356000
068155,國揚元大01購03  ,0,0,0,0,0,0,0,0,0,355000,0,0,0,707000,352000,355000,355000
058276,道瓊指中信9C購01,0,0,0,0,0,0,0,0,0,355000,0,0,0,355000,0,355000,355000
069317,智邦兆豐03購01  ,0,0,0,0,0,0,0,0,0,354000,0,0,0,509000,155000,354000,354000
066167,強茂凱基01購01  ,0,0,0,0,0,0,0,0,0,354000,0,0,0,556000,202000,354000,354000
065013,矽創國泰02購01  ,0,0,0,0,0,0,0,0,0,353000,0,0,0,358000,5000,353000,353000
07920P,大立光中信01售01,0,0,0,0,0,0,0,0,0,352000,0,0,0,383000,31000,352000,352000
00738U,元大道瓊白銀    ,1079000,250000,829000,0,0,0,0,0,0,-477000,0,0,0,2969000,3446000,-477000,352000
3682,亞太電          ,615000,263000,352000,0,0,0,0,0,0,0,0,0,0,0,0,0,352000
058966,元油2X日盛99購03,0,0,0,0,0,0,0,0,0,351000,0,0,0,351000,0,351000,351000
061085,聯茂兆豐9A購01  ,0,0,0,0,0,0,0,0,0,350000,0,0,0,460000,110000,350000,350000
064478,聚陽富邦01購01  ,0,0,0,0,0,0,0,0,0,350000,0,0,0,350000,0,350000,350000
064004,全新凱基01購01  ,0,0,0,0,0,0,0,0,0,350000,0,0,0,350000,0,350000,350000
065171,燿華元大9C購04  ,0,0,0,0,0,0,0,0,0,349000,0,0,0,354000,5000,349000,349000
069126,世紀鋼群益02購01,0,0,0,0,0,0,0,0,0,348000,0,0,0,444000,96000,348000,348000
063196,力成元富9B購01  ,0,0,0,0,0,0,0,0,0,348000,0,0,0,440000,92000,348000,348000
061306,瑞祺永豐9A購02  ,0,0,0,0,0,0,0,0,0,348000,0,0,0,673000,325000,348000,348000
067442,南港國票02購01  ,0,0,0,0,0,0,0,0,0,348000,0,0,0,460000,112000,348000,348000
3443,創意            ,697000,227000,470000,0,0,0,60000,47000,13000,-135000,19000,72000,-53000,2000,84000,-82000,348000
068344,台積電麥證01購13,0,0,0,367000,21000,346000,0,0,0,346000,0,0,0,367000,21000,346000,346000
059097,世紀鋼元大99購05,0,0,0,0,0,0,0,0,0,346000,0,0,0,352000,6000,346000,346000
4142,國光生          ,400000,54000,346000,0,0,0,0,0,0,0,0,0,0,0,0,0,346000
068217,台達電統一03購01,0,0,0,0,0,0,0,0,0,345000,0,0,0,743000,398000,345000,345000
063209,巨大統一01購01  ,0,0,0,0,0,0,0,0,0,345000,0,0,0,357000,12000,345000,345000
067224,致新元大01購03  ,0,0,0,0,0,0,0,0,0,345000,0,0,0,658000,313000,345000,345000
066871,台表科元富07購01,0,0,0,0,0,0,0,0,0,345000,0,0,0,361000,16000,345000,345000
066183,眾達凱基01購01  ,0,0,0,0,0,0,0,0,0,345000,0,0,0,345000,0,345000,345000
03347P,欣興台新02售01  ,0,0,0,0,0,0,0,0,0,344000,0,0,0,413000,69000,344000,344000
060900,超眾凱基9B購01  ,0,0,0,0,0,0,0,0,0,344000,0,0,0,344000,0,344000,344000
065307,矽格元富9C購01  ,0,0,0,0,0,0,0,0,0,344000,0,0,0,423000,79000,344000,344000
067218,鎧勝元大01購04  ,0,0,0,0,0,0,0,0,0,343000,0,0,0,440000,97000,343000,343000
057016,中石化凱基9B購01,0,0,0,0,0,0,0,0,0,342000,0,0,0,623000,281000,342000,342000
065482,立積元大01購02  ,0,0,0,0,0,0,0,0,0,342000,0,0,0,419000,77000,342000,342000
065731,群創凱基03購02  ,0,0,0,0,0,0,0,0,0,342000,0,0,0,363000,21000,342000,342000
07292P,臺股指凱基99售44,0,0,0,0,0,0,0,0,0,340000,0,0,0,340000,0,340000,340000
064179,上銀富邦01購01  ,0,0,0,0,0,0,0,0,0,340000,0,0,0,656000,316000,340000,340000
064974,燿華元大9C購03  ,0,0,0,0,0,0,0,0,0,340000,0,0,0,368000,28000,340000,340000
066556,和鑫元大01購01  ,0,0,0,0,0,0,0,0,0,340000,0,0,0,355000,15000,340000,340000
063538,神達統一9C購01  ,0,0,0,0,0,0,0,0,0,339000,0,0,0,389000,50000,339000,339000
060667,力成凱基9A購01  ,0,0,0,0,0,0,0,0,0,338000,0,0,0,338000,0,338000,338000
069128,台達電國泰04購01,0,0,0,0,0,0,0,0,0,337000,0,0,0,346000,9000,337000,337000
062013,奇鋐富邦9B購01  ,0,0,0,0,0,0,0,0,0,337000,0,0,0,343000,6000,337000,337000
068221,聯發科統一05購01,0,0,0,0,0,0,0,0,0,336000,0,0,0,450000,114000,336000,336000
062884,康控兆豐9C購01  ,0,0,0,0,0,0,0,0,0,336000,0,0,0,402000,66000,336000,336000
066378,超眾兆豐03購01  ,0,0,0,0,0,0,0,0,0,336000,0,0,0,376000,40000,336000,336000
068732,嘉聯益元大02購01,0,0,0,0,0,0,0,0,0,334000,0,0,0,409000,75000,334000,334000
064204,瑞儀兆豐01購01  ,0,0,0,0,0,0,0,0,0,334000,0,0,0,709000,375000,334000,334000
2609,陽明            ,1210000,576000,634000,0,0,0,0,0,0,-300000,0,300000,-300000,0,0,0,334000
061466,創意群益9A購01  ,0,0,0,0,0,0,0,0,0,333000,0,0,0,389000,56000,333000,333000
064153,中壽統一9C購01  ,0,0,0,0,0,0,0,0,0,332000,0,0,0,332000,0,332000,332000
064133,力成元大9C購01  ,0,0,0,0,0,0,0,0,0,332000,0,0,0,332000,0,332000,332000
065095,玉晶光元大02購02,0,0,0,0,0,0,0,0,0,332000,0,0,0,426000,94000,332000,332000
064854,祥碩麥證9C購01  ,0,0,0,510000,178000,332000,0,0,0,332000,0,0,0,510000,178000,332000,332000
061599,元金反中信9C購01,0,0,0,0,0,0,0,0,0,332000,0,0,0,462000,130000,332000,332000
062605,上銀凱基9B購03  ,0,0,0,0,0,0,0,0,0,332000,0,0,0,462000,130000,332000,332000
066622,南帝凱基01購01  ,0,0,0,0,0,0,0,0,0,332000,0,0,0,332000,0,332000,332000
069501,華新永豐02購01  ,0,0,0,0,0,0,0,0,0,331000,0,0,0,339000,8000,331000,331000
057508,康控國票99購03  ,0,0,0,0,0,0,0,0,0,331000,0,0,0,453000,122000,331000,331000
063080,裕隆凱基9B購01  ,0,0,0,0,0,0,0,0,0,331000,0,0,0,361000,30000,331000,331000
064971,裕隆元大01購01  ,0,0,0,0,0,0,0,0,0,330000,0,0,0,824000,494000,330000,330000
063819,致新群益9C購01  ,0,0,0,0,0,0,0,0,0,330000,0,0,0,331000,1000,330000,330000
064410,超眾凱基02購01  ,0,0,0,0,0,0,0,0,0,330000,0,0,0,376000,46000,330000,330000
067544,超眾群益03購01  ,0,0,0,0,0,0,0,0,0,330000,0,0,0,331000,1000,330000,330000
08436P,TPK群益9C售04   ,0,0,0,0,0,0,0,0,0,329000,0,0,0,350000,21000,329000,329000
060428,瑞祺永豐9A購01  ,0,0,0,0,0,0,0,0,0,329000,0,0,0,577000,248000,329000,329000
064428,裕隆凱基02購01  ,0,0,0,0,0,0,0,0,0,329000,0,0,0,359000,30000,329000,329000
063876,華新元富9C購01  ,0,0,0,0,0,0,0,0,0,329000,0,0,0,392000,63000,329000,329000
066452,晶碩群益01購01  ,0,0,0,0,0,0,0,0,0,329000,0,0,0,389000,60000,329000,329000
065710,嘉聯益群益9C購02,0,0,0,0,0,0,0,0,0,329000,0,0,0,334000,5000,329000,329000
067805,宏碁凱基01購02  ,0,0,0,0,0,0,0,0,0,328000,0,0,0,515000,187000,328000,328000
2417,圓剛            ,535000,188000,347000,0,0,0,0,0,0,-19000,14000,33000,-19000,0,0,0,328000
062631,奇力新國票9B購01,0,0,0,0,0,0,0,0,0,327000,0,0,0,600000,273000,327000,327000
066481,華碩元富01購01  ,0,0,0,0,0,0,0,0,0,327000,0,0,0,352000,25000,327000,327000
068301,華通國票03購02  ,0,0,0,0,0,0,0,0,0,326000,0,0,0,347000,21000,326000,326000
068791,元大金凱基02購01,0,0,0,0,0,0,0,0,0,325000,0,0,0,325000,0,325000,325000
069714,和鑫國票03購01  ,0,0,0,0,0,0,0,0,0,325000,0,0,0,326000,1000,325000,325000
066672,瑞祺凱基03購01  ,0,0,0,0,0,0,0,0,0,325000,0,0,0,386000,61000,325000,325000
067191,康控凱基01購02  ,0,0,0,0,0,0,0,0,0,325000,0,0,0,329000,4000,325000,325000
069219,華新群益04購01  ,0,0,0,0,0,0,0,0,0,324000,0,0,0,813000,489000,324000,324000
2406,國碩            ,1039000,714000,325000,0,0,0,0,0,0,-1000,0,1000,-1000,0,0,0,324000
6598,ABC-KY          ,67000,19000,48000,0,0,0,276000,0,276000,0,0,0,0,0,0,0,324000
069732,嘉晶麥證02購01  ,0,0,0,434000,91000,343000,0,0,0,323000,0,0,0,438000,115000,323000,323000
059170,康控凱基9B購01  ,0,0,0,0,0,0,0,0,0,323000,0,0,0,323000,0,323000,323000
063658,瑞祺元富9B購01  ,0,0,0,0,0,0,0,0,0,322000,0,0,0,714000,392000,322000,322000
2347,聯強            ,2076616,1784810,291806,0,0,0,0,0,0,30000,55000,39000,16000,91000,77000,14000,321806
060305,得力永豐9A購01  ,0,0,0,0,0,0,0,0,0,321000,0,0,0,321000,0,321000,321000
063025,超眾元大9B購01  ,0,0,0,0,0,0,0,0,0,321000,0,0,0,339000,18000,321000,321000
065190,緯穎統一9C購02  ,0,0,0,0,0,0,0,0,0,321000,0,0,0,460000,139000,321000,321000
068156,新光金元大02購01,0,0,0,0,0,0,0,0,0,320000,0,0,0,320000,0,320000,320000
064603,和碩元富9C購01  ,0,0,0,0,0,0,0,0,0,320000,0,0,0,491000,171000,320000,320000
067013,致新永豐01購01  ,0,0,0,0,0,0,0,0,0,319000,0,0,0,322000,3000,319000,319000
069323,華擎兆豐03購02  ,0,0,0,0,0,0,0,0,0,318000,0,0,0,628000,310000,318000,318000
08215P,旺宏群益9B售04  ,0,0,0,0,0,0,0,0,0,317000,0,0,0,347000,30000,317000,317000
069229,瑞祺群益02購01  ,0,0,0,0,0,0,0,0,0,317000,0,0,0,500000,183000,317000,317000
060575,大立光中信9B購02,0,0,0,0,0,0,0,0,0,317000,0,0,0,357000,40000,317000,317000
064279,新光金元大01購01,0,0,0,0,0,0,0,0,0,317000,0,0,0,317000,0,317000,317000
062333,嘉晶統一9C購01  ,0,0,0,0,0,0,0,0,0,317000,0,0,0,415000,98000,317000,317000
067012,台虹永豐01購02  ,0,0,0,0,0,0,0,0,0,317000,0,0,0,318000,1000,317000,317000
067959,嘉聯益永豐01購01,0,0,0,0,0,0,0,0,0,316000,0,0,0,319000,3000,316000,316000
063170,智邦第一9B購01  ,0,0,0,0,0,0,0,0,0,316000,0,0,0,324000,8000,316000,316000
066845,亞光元大01購02  ,0,0,0,0,0,0,0,0,0,316000,0,0,0,316000,0,316000,316000
068295,旭富兆豐01購02  ,0,0,0,0,0,0,0,0,0,315000,0,0,0,769000,454000,315000,315000
063291,緯穎元大01購01  ,0,0,0,0,0,0,0,0,0,314000,0,0,0,314000,0,314000,314000
059531,華新科凱基9B購02,0,0,0,0,0,0,0,0,0,313000,0,0,0,318000,5000,313000,313000
064448,裕隆統一02購01  ,0,0,0,0,0,0,0,0,0,313000,0,0,0,497000,184000,313000,313000
064983,力成元大9C購04  ,0,0,0,0,0,0,0,0,0,313000,0,0,0,313000,0,313000,313000
066643,旺宏麥證01購01  ,0,0,0,313000,0,313000,0,0,0,313000,0,0,0,313000,0,313000,313000
067214,聯陽元大01購02  ,0,0,0,0,0,0,0,0,0,313000,0,0,0,681000,368000,313000,313000
067761,致伸永豐01購01  ,0,0,0,0,0,0,0,0,0,313000,0,0,0,313000,0,313000,313000
065312,日月光國票01購01,0,0,0,0,0,0,0,0,0,313000,0,0,0,438000,125000,313000,313000
068570,日月光元大01購06,0,0,0,0,0,0,0,0,0,312000,0,0,0,323000,11000,312000,312000
069664,訊芯兆豐03購01  ,0,0,0,0,0,0,0,0,0,312000,0,0,0,312000,0,312000,312000
066442,華碩群益01購01  ,0,0,0,0,0,0,0,0,0,312000,0,0,0,374000,62000,312000,312000
068395,GIS統一03購03   ,0,0,0,0,0,0,0,0,0,311000,0,0,0,322000,11000,311000,311000
060722,矽格永豐9A購01  ,0,0,0,0,0,0,0,0,0,311000,0,0,0,323000,12000,311000,311000
063817,GIS群益9C購01   ,0,0,0,0,0,0,0,0,0,311000,0,0,0,335000,24000,311000,311000
066282,鎧勝元大01購01  ,0,0,0,0,0,0,0,0,0,311000,0,0,0,418000,107000,311000,311000
069467,泰碩國票03購01  ,0,0,0,0,0,0,0,0,0,310000,0,0,0,340000,30000,310000,310000
060987,華新科元大9A購11,0,0,0,0,0,0,0,0,0,310000,0,0,0,414000,104000,310000,310000
058930,華新科統一9B購01,0,0,0,0,0,0,0,0,0,310000,0,0,0,321000,11000,310000,310000
064582,裕隆永豐9C購02  ,0,0,0,0,0,0,0,0,0,310000,0,0,0,311000,1000,310000,310000
066143,惠特群益01購01  ,0,0,0,0,0,0,0,0,0,310000,0,0,0,310000,0,310000,310000
08422P,玉晶光群益02售03,0,0,0,0,0,0,0,0,0,309000,0,0,0,327000,18000,309000,309000
068024,聚陽元富07購02  ,0,0,0,0,0,0,0,0,0,309000,0,0,0,328000,19000,309000,309000
00692,富邦公司治理    ,6000,6000,0,0,0,0,0,0,0,309000,0,0,0,1413000,1104000,309000,309000
063783,儒鴻中信9C購01  ,0,0,0,0,0,0,0,0,0,309000,0,0,0,491000,182000,309000,309000
061341,華新科元大9A購16,0,0,0,0,0,0,0,0,0,309000,0,0,0,309000,0,309000,309000
059765,嘉聯益永豐99購02,0,0,0,0,0,0,0,0,0,308000,0,0,0,313000,5000,308000,308000
064721,國泰金統一02購01,0,0,0,0,0,0,0,0,0,308000,0,0,0,308000,0,308000,308000
065989,泰碩永豐01購01  ,0,0,0,0,0,0,0,0,0,308000,0,0,0,308000,0,308000,308000
068167,世紀鋼元大02購01,0,0,0,0,0,0,0,0,0,307000,0,0,0,429000,122000,307000,307000
069199,聯電元大02購08  ,0,0,0,0,0,0,0,0,0,307000,0,0,0,403000,96000,307000,307000
058156,超眾統一9A購02  ,0,0,0,0,0,0,0,0,0,307000,0,0,0,323000,16000,307000,307000
061266,國泰金凱基9B購01,0,0,0,0,0,0,0,0,0,307000,0,0,0,307000,0,307000,307000
063872,嘉聯益永豐9C購01,0,0,0,0,0,0,0,0,0,307000,0,0,0,341000,34000,307000,307000
066353,台塑化永豐01購01,0,0,0,0,0,0,0,0,0,307000,0,0,0,341000,34000,307000,307000
065583,超眾國泰02購01  ,0,0,0,0,0,0,0,0,0,307000,0,0,0,312000,5000,307000,307000
066958,日月光元大01購02,0,0,0,0,0,0,0,0,0,307000,0,0,0,319000,12000,307000,307000
066852,矽格元大01購03  ,0,0,0,0,0,0,0,0,0,307000,0,0,0,350000,43000,307000,307000
00876,元大未來關鍵科技,1000,1000,0,0,0,0,0,0,0,306000,8000,0,8000,1176000,878000,298000,306000
068629,聯電康和02購01  ,0,0,0,0,0,0,0,0,0,305000,0,0,0,621000,316000,305000,305000
069201,台達電元大02購03,0,0,0,0,0,0,0,0,0,304000,0,0,0,554000,250000,304000,304000
068984,新唐元大02購01  ,0,0,0,0,0,0,0,0,0,304000,0,0,0,363000,59000,304000,304000
064388,緯穎富邦9C購01  ,0,0,0,0,0,0,0,0,0,304000,0,0,0,428000,124000,304000,304000
08815P,聯發科國泰03售03,0,0,0,0,0,0,0,0,0,304000,0,0,0,381000,77000,304000,304000
068564,燿華元大01購04  ,0,0,0,0,0,0,0,0,0,303000,0,0,0,336000,33000,303000,303000
068445,精成科凱基01購01,0,0,0,0,0,0,0,0,0,303000,0,0,0,336000,33000,303000,303000
056404,嘉聯益群益9A購01,0,0,0,0,0,0,0,0,0,303000,0,0,0,313000,10000,303000,303000
064234,正崴統一01購01  ,0,0,0,0,0,0,0,0,0,303000,0,0,0,665000,362000,303000,303000
063651,金像電台新9B購01,0,0,0,0,0,0,0,0,0,303000,0,0,0,303000,0,303000,303000
066903,中興電凱基01購01,0,0,0,0,0,0,0,0,0,303000,0,0,0,550000,247000,303000,303000
066219,惠特元富01購01  ,0,0,0,0,0,0,0,0,0,302000,0,0,0,613000,311000,302000,302000
07794P,智邦國票9A售03  ,0,0,0,0,0,0,0,0,0,301000,0,0,0,301000,0,301000,301000
064265,嘉聯益永豐9C購02,0,0,0,0,0,0,0,0,0,301000,0,0,0,301000,0,301000,301000
067416,南紡凱基01購01  ,0,0,0,0,0,0,0,0,0,301000,0,0,0,324000,23000,301000,301000
058118,瑞昱群益99購01  ,0,0,0,0,0,0,0,0,0,300000,0,0,0,300000,0,300000,300000
061031,神隆永豐9A購02  ,0,0,0,0,0,0,0,0,0,300000,0,0,0,300000,0,300000,300000
060551,大立光凱基9B購02,0,0,0,0,0,0,0,0,0,300000,0,0,0,300000,0,300000,300000
060346,華新科統一01購01,0,0,0,0,0,0,0,0,0,300000,0,0,0,333000,33000,300000,300000
058924,晶相光元富99購02,0,0,0,0,0,0,0,0,0,300000,0,0,0,300000,0,300000,300000
060101,大立光元大99購31,0,0,0,0,0,0,0,0,0,300000,0,0,0,300000,0,300000,300000
064059,新日興麥證01購01,0,0,0,300000,10000,290000,0,0,0,300000,0,0,0,310000,10000,300000,300000
064705,新光金富邦01購01,0,0,0,0,0,0,0,0,0,300000,0,0,0,300000,0,300000,300000
062015,喬山永豐9B購01  ,0,0,0,0,0,0,0,0,0,300000,0,0,0,300000,0,300000,300000
066329,達欣工永豐01購01,0,0,0,0,0,0,0,0,0,300000,0,0,0,350000,50000,300000,300000
066476,禾伸堂麥證01購01,0,0,0,300000,0,300000,0,0,0,300000,0,0,0,300000,0,300000,300000
065572,泰碩群益01購01  ,0,0,0,0,0,0,0,0,0,300000,0,0,0,300000,0,300000,300000
08180P,聯發科國泰01售05,0,0,0,0,0,0,0,0,0,299000,0,0,0,299000,0,299000,299000
069521,力成凱基02購02  ,0,0,0,0,0,0,0,0,0,299000,0,0,0,299000,0,299000,299000
068602,智邦凱基01購01  ,0,0,0,0,0,0,0,0,0,299000,0,0,0,355000,56000,299000,299000
069068,全新麥證02購01  ,0,0,0,300000,1000,299000,0,0,0,299000,0,0,0,300000,1000,299000,299000
068845,台積電統一03購14,0,0,0,0,0,0,0,0,0,299000,0,0,0,300000,1000,299000,299000
056330,玉晶光國票99購03,0,0,0,0,0,0,0,0,0,299000,0,0,0,356000,57000,299000,299000
062351,瑞祺群益9C購01  ,0,0,0,0,0,0,0,0,0,299000,0,0,0,507000,208000,299000,299000
062885,臻鼎兆豐9C購01  ,0,0,0,0,0,0,0,0,0,299000,0,0,0,300000,1000,299000,299000
066330,新興永豐01購01  ,0,0,0,0,0,0,0,0,0,299000,0,0,0,314000,15000,299000,299000
067606,京鼎凱基01購04  ,0,0,0,0,0,0,0,0,0,299000,0,0,0,309000,10000,299000,299000
068677,日月光元富07購01,0,0,0,0,0,0,0,0,0,298000,0,0,0,298000,0,298000,298000
063667,全新統一01購02  ,0,0,0,0,0,0,0,0,0,297000,0,0,0,310000,13000,297000,297000
066438,南紡群益01購01  ,0,0,0,0,0,0,0,0,0,297000,0,0,0,297000,0,297000,297000
069144,國揚永豐02購01  ,0,0,0,0,0,0,0,0,0,296000,0,0,0,299000,3000,296000,296000
2457,飛宏            ,664000,368000,296000,0,0,0,0,0,0,0,0,0,0,0,0,0,296000
064150,全新統一01購03  ,0,0,0,0,0,0,0,0,0,294000,0,0,0,326000,32000,294000,294000
064527,裕隆中信01購01  ,0,0,0,0,0,0,0,0,0,294000,0,0,0,296000,2000,294000,294000
2369,菱生            ,613000,321000,292000,0,0,0,0,0,0,1000,1000,0,1000,0,0,0,293000
063072,裕隆永豐9B購01  ,0,0,0,0,0,0,0,0,0,292000,0,0,0,292000,0,292000,292000
062970,智邦元富9B購01  ,0,0,0,0,0,0,0,0,0,292000,0,0,0,312000,20000,292000,292000
068062,瑞昱兆豐03購01  ,0,0,0,0,0,0,0,0,0,291000,0,0,0,443000,152000,291000,291000
061121,智邦永豐9A購02  ,0,0,0,0,0,0,0,0,0,291000,0,0,0,361000,70000,291000,291000
066254,南帝元大01購01  ,0,0,0,0,0,0,0,0,0,291000,0,0,0,303000,12000,291000,291000
067927,瑞祺兆豐01購01  ,0,0,0,0,0,0,0,0,0,291000,0,0,0,693000,402000,291000,291000
068333,緯創元大01購04  ,0,0,0,0,0,0,0,0,0,290000,0,0,0,322000,32000,290000,290000
07850P,健策群益9A售06  ,0,0,0,0,0,0,0,0,0,290000,0,0,0,290000,0,290000,290000
057787,TPK國票99購01   ,0,0,0,0,0,0,0,0,0,290000,0,0,0,352000,62000,290000,290000
061015,旺宏麥證9A購03  ,0,0,0,290000,0,290000,0,0,0,290000,0,0,0,290000,0,290000,290000
063871,瀚宇博永豐9C購01,0,0,0,0,0,0,0,0,0,290000,0,0,0,290000,0,290000,290000
061302,晶技永豐9A購04  ,0,0,0,0,0,0,0,0,0,290000,0,0,0,291000,1000,290000,290000
061633,統一元大9A購01  ,0,0,0,0,0,0,0,0,0,290000,0,0,0,290000,0,290000,290000
1789,神隆            ,553000,220000,333000,0,0,0,0,0,0,-43000,27000,30000,-3000,1000,41000,-40000,290000
068819,國揚元大02購01  ,0,0,0,0,0,0,0,0,0,289000,0,0,0,641000,352000,289000,289000
067554,聚陽國票02購02  ,0,0,0,0,0,0,0,0,0,289000,0,0,0,319000,30000,289000,289000
068210,嘉聯益凱基01購01,0,0,0,0,0,0,0,0,0,288000,0,0,0,346000,58000,288000,288000
069459,華碩兆豐03購01  ,0,0,0,0,0,0,0,0,0,288000,0,0,0,890000,602000,288000,288000
4551,智伸科          ,527000,343000,184000,0,0,0,38000,0,38000,66000,81000,58000,23000,59000,16000,43000,288000
069688,創意元大02購02  ,0,0,0,0,0,0,0,0,0,287000,0,0,0,287000,0,287000,287000
08443P,臺股指麥證01售02,0,0,0,1072000,785000,287000,0,0,0,287000,0,0,0,1072000,785000,287000,287000
068767,台積電統一04購05,0,0,0,0,0,0,0,0,0,287000,0,0,0,298000,11000,287000,287000
069260,申豐凱基02購02  ,0,0,0,0,0,0,0,0,0,285000,0,0,0,400000,115000,285000,285000
064311,新光金群益01購02,0,0,0,0,0,0,0,0,0,285000,0,0,0,285000,0,285000,285000
069109,日月光兆豐03購02,0,0,0,0,0,0,0,0,0,283000,0,0,0,283000,0,283000,283000
064268,緯穎永豐9C購01  ,0,0,0,0,0,0,0,0,0,283000,0,0,0,283000,0,283000,283000
063326,正隆國票9B購01  ,0,0,0,0,0,0,0,0,0,283000,0,0,0,391000,108000,283000,283000
067635,超眾永豐01購02  ,0,0,0,0,0,0,0,0,0,283000,0,0,0,293000,10000,283000,283000
065819,京鼎元富03購01  ,0,0,0,0,0,0,0,0,0,283000,0,0,0,293000,10000,283000,283000
069540,聯電元大02購14  ,0,0,0,0,0,0,0,0,0,282000,0,0,0,306000,24000,282000,282000
069388,松翰元大02購01  ,0,0,0,0,0,0,0,0,0,282000,0,0,0,282000,0,282000,282000
062651,世紀鋼富邦9C購01,0,0,0,0,0,0,0,0,0,282000,0,0,0,338000,56000,282000,282000
066021,華通群益02購03  ,0,0,0,0,0,0,0,0,0,282000,0,0,0,302000,20000,282000,282000
061589,世紀鋼富邦9B購01,0,0,0,0,0,0,0,0,0,281000,0,0,0,486000,205000,281000,281000
055245,凱美統一99購01  ,0,0,0,0,0,0,0,0,0,280000,0,0,0,280000,0,280000,280000
057554,新日興凱基99購02,0,0,0,0,0,0,0,0,0,280000,0,0,0,280000,0,280000,280000
064297,台郡國票01購01  ,0,0,0,0,0,0,0,0,0,280000,0,0,0,300000,20000,280000,280000
069089,億光康和02購01  ,0,0,0,0,0,0,0,0,0,279000,0,0,0,290000,11000,279000,279000
064247,廣達元富9C購01  ,0,0,0,0,0,0,0,0,0,279000,0,0,0,319000,40000,279000,279000
058632,世紀鋼國票9A購01,0,0,0,0,0,0,0,0,0,279000,0,0,0,304000,25000,279000,279000
063693,智易永豐9B購02  ,0,0,0,0,0,0,0,0,0,279000,0,0,0,284000,5000,279000,279000
1301,台塑            ,1868000,1638510,229490,0,0,0,55000,0,55000,-6000,40000,14000,26000,0,32000,-32000,278490
069166,聯詠元大02購04  ,0,0,0,0,0,0,0,0,0,278000,0,0,0,447000,169000,278000,278000
03218P,聯電康和02售02  ,0,0,0,0,0,0,0,0,0,278000,0,0,0,299000,21000,278000,278000
066159,寶成康和01購01  ,0,0,0,0,0,0,0,0,0,278000,0,0,0,283000,5000,278000,278000
066548,燿華元大02購02  ,0,0,0,0,0,0,0,0,0,278000,0,0,0,309000,31000,278000,278000
1217,愛之味          ,539000,261000,278000,0,0,0,0,0,0,0,0,0,0,0,0,0,278000
069456,鴻海麥證02購02  ,0,0,0,277000,0,277000,0,0,0,277000,0,0,0,277000,0,277000,277000
069764,聯電元大02購20  ,0,0,0,0,0,0,0,0,0,277000,0,0,0,355000,78000,277000,277000
00669R,國泰美國道瓊反1 ,24000,0,24000,0,0,0,0,0,0,253000,0,0,0,345000,92000,253000,277000
059730,晶相光元大9C購02,0,0,0,0,0,0,0,0,0,276000,0,0,0,328000,52000,276000,276000
066304,聯華永豐01購01  ,0,0,0,0,0,0,0,0,0,276000,0,0,0,276000,0,276000,276000
067890,華新科群益01購06,0,0,0,0,0,0,0,0,0,276000,0,0,0,637000,361000,276000,276000
067242,景碩群益01購03  ,0,0,0,0,0,0,0,0,0,276000,0,0,0,324000,48000,276000,276000
069514,全新凱基02購02  ,0,0,0,0,0,0,0,0,0,275000,0,0,0,355000,80000,275000,275000
068419,聯發科兆豐03購02,0,0,0,0,0,0,0,0,0,275000,0,0,0,350000,75000,275000,275000
057788,嘉聯益國票99購01,0,0,0,0,0,0,0,0,0,275000,0,0,0,529000,254000,275000,275000
063971,健鼎國票01購01  ,0,0,0,0,0,0,0,0,0,275000,0,0,0,275000,0,275000,275000
062665,智易群益9B購01  ,0,0,0,0,0,0,0,0,0,275000,0,0,0,312000,37000,275000,275000
066598,致新群益02購01  ,0,0,0,0,0,0,0,0,0,275000,0,0,0,286000,11000,275000,275000
066253,泰豐元大01購01  ,0,0,0,0,0,0,0,0,0,275000,0,0,0,325000,50000,275000,275000
065711,矽格群益9C購02  ,0,0,0,0,0,0,0,0,0,275000,0,0,0,277000,2000,275000,275000
065569,智邦群益01購01  ,0,0,0,0,0,0,0,0,0,274000,0,0,0,335000,61000,274000,274000
066482,華碩元富01購02  ,0,0,0,0,0,0,0,0,0,274000,0,0,0,422000,148000,274000,274000
069693,欣興統一02購04  ,0,0,0,0,0,0,0,0,0,273000,0,0,0,577000,304000,273000,273000
03066P,台積電群益01售19,0,0,0,0,0,0,0,0,0,273000,0,0,0,303000,30000,273000,273000
068956,嘉聯益凱基02購01,0,0,0,0,0,0,0,0,0,272000,0,0,0,273000,1000,272000,272000
068924,國巨國泰05購01  ,0,0,0,0,0,0,0,0,0,272000,0,0,0,450000,178000,272000,272000
063676,上銀國泰9C購02  ,0,0,0,0,0,0,0,0,0,272000,0,0,0,380000,108000,272000,272000
063345,嘉晶統一9C購02  ,0,0,0,0,0,0,0,0,0,271000,0,0,0,368000,97000,271000,271000
067915,宏碁永豐01購01  ,0,0,0,0,0,0,0,0,0,271000,0,0,0,381000,110000,271000,271000
069721,宏碁群益04購01  ,0,0,0,0,0,0,0,0,0,270000,0,0,0,574000,304000,270000,270000
08065P,瑞昱凱基9B售03  ,0,0,0,0,0,0,0,0,0,270000,0,0,0,270000,0,270000,270000
061328,T50反1元大9A購12,0,0,0,0,0,0,0,0,0,270000,0,0,0,270000,0,270000,270000
067545,矽格群益01購02  ,0,0,0,0,0,0,0,0,0,270000,0,0,0,276000,6000,270000,270000
066678,台達電兆豐03購01,0,0,0,0,0,0,0,0,0,270000,0,0,0,480000,210000,270000,270000
066889,元大金中信07購01,0,0,0,0,0,0,0,0,0,270000,0,0,0,374000,104000,270000,270000
066891,鴻海兆豐04購01  ,0,0,0,0,0,0,0,0,0,270000,0,0,0,350000,80000,270000,270000
2023,燁輝            ,355000,85000,270000,0,0,0,0,0,0,0,0,0,0,0,0,0,270000
2607,榮運            ,478000,209000,269000,0,0,0,0,0,0,1000,1000,0,1000,0,0,0,270000
066301,大成永豐01購01  ,0,0,0,0,0,0,0,0,0,269000,0,0,0,283000,14000,269000,269000
066050,亞光元大01購01  ,0,0,0,0,0,0,0,0,0,269000,0,0,0,304000,35000,269000,269000
2636,台驊投控        ,392000,123000,269000,0,0,0,0,0,0,0,0,0,0,0,0,0,269000
068994,精成科永豐02購01,0,0,0,0,0,0,0,0,0,268000,0,0,0,420000,152000,268000,268000
069061,台積電麥證02購03,0,0,0,278000,10000,268000,0,0,0,268000,0,0,0,278000,10000,268000,268000
063714,超眾凱基9B購03  ,0,0,0,0,0,0,0,0,0,268000,0,0,0,268000,0,268000,268000
066768,瀚宇博永豐01購01,0,0,0,0,0,0,0,0,0,268000,0,0,0,470000,202000,268000,268000
068065,京鼎兆豐01購02  ,0,0,0,0,0,0,0,0,0,267000,0,0,0,268000,1000,267000,267000
060100,新光金元大9C購01,0,0,0,0,0,0,0,0,0,267000,0,0,0,278000,11000,267000,267000
064765,緯穎凱基9C購02  ,0,0,0,0,0,0,0,0,0,267000,0,0,0,283000,16000,267000,267000
067162,康控國票02購01  ,0,0,0,0,0,0,0,0,0,267000,0,0,0,267000,0,267000,267000
067612,超眾凱基02購03  ,0,0,0,0,0,0,0,0,0,267000,0,0,0,267000,0,267000,267000
067289,燿華兆豐03購01  ,0,0,0,0,0,0,0,0,0,267000,0,0,0,335000,68000,267000,267000
067685,瀚宇博元大01購03,0,0,0,0,0,0,0,0,0,267000,0,0,0,571000,304000,267000,267000
067720,瑞昱凱基01購02  ,0,0,0,0,0,0,0,0,0,267000,0,0,0,402000,135000,267000,267000
067992,宏碁元大01購01  ,0,0,0,0,0,0,0,0,0,266000,0,0,0,468000,202000,266000,266000
068431,華通凱基03購02  ,0,0,0,0,0,0,0,0,0,266000,0,0,0,270000,4000,266000,266000
069322,新日興兆豐03購01,0,0,0,0,0,0,0,0,0,266000,0,0,0,368000,102000,266000,266000
060915,旭富元大9A購01  ,0,0,0,0,0,0,0,0,0,266000,0,0,0,394000,128000,266000,266000
060730,台積電群益9A購03,0,0,0,0,0,0,0,0,0,266000,0,0,0,291000,25000,266000,266000
067481,國產元大01購03  ,0,0,0,0,0,0,0,0,0,266000,0,0,0,548000,282000,266000,266000
065909,大立光永豐9C購02,0,0,0,0,0,0,0,0,0,266000,0,0,0,284000,18000,266000,266000
066439,信錦群益02購01  ,0,0,0,0,0,0,0,0,0,266000,0,0,0,300000,34000,266000,266000
056465,臺股指凱基99購07,0,0,0,0,0,0,0,0,0,265000,0,0,0,265000,0,265000,265000
03381P,臺股指群益02售08,0,0,0,0,0,0,0,0,0,265000,0,0,0,507000,242000,265000,265000
061913,宏碁中信9B購01  ,0,0,0,0,0,0,0,0,0,265000,0,0,0,350000,85000,265000,265000
063295,京元電麥證9B購01,0,0,0,265000,0,265000,0,0,0,265000,0,0,0,265000,0,265000,265000
065917,全新凱基02購01  ,0,0,0,0,0,0,0,0,0,265000,0,0,0,295000,30000,265000,265000
066811,致新凱基01購03  ,0,0,0,0,0,0,0,0,0,265000,0,0,0,335000,70000,265000,265000
068046,台積電統一03購05,0,0,0,0,0,0,0,0,0,264000,0,0,0,1817000,1553000,264000,264000
060636,大毅永豐9A購02  ,0,0,0,0,0,0,0,0,0,264000,0,0,0,274000,10000,264000,264000
063615,瑞祺群益9B購03  ,0,0,0,0,0,0,0,0,0,264000,0,0,0,670000,406000,264000,264000
064982,新唐元大9C購01  ,0,0,0,0,0,0,0,0,0,264000,0,0,0,288000,24000,264000,264000
066615,長榮航康和01購01,0,0,0,0,0,0,0,0,0,264000,0,0,0,364000,100000,264000,264000
067068,台積電元大01購21,0,0,0,0,0,0,0,0,0,264000,0,0,0,290000,26000,264000,264000
066153,南帝康和01購01  ,0,0,0,0,0,0,0,0,0,264000,0,0,0,271000,7000,264000,264000
2301,光寶科          ,2237000,1890250,346750,0,0,0,0,0,0,-83000,12000,25000,-13000,8000,78000,-70000,263750
03692C,T50反1元大05牛01,0,0,0,0,0,0,0,0,0,263000,0,0,0,263000,0,263000,263000
065091,亞光元大9C購01  ,0,0,0,0,0,0,0,0,0,263000,0,0,0,265000,2000,263000,263000
065975,緯創元大02購01  ,0,0,0,0,0,0,0,0,0,263000,0,0,0,309000,46000,263000,263000
065554,群創凱基02購02  ,0,0,0,0,0,0,0,0,0,263000,0,0,0,263000,0,263000,263000
068186,GIS群益01購03   ,0,0,0,0,0,0,0,0,0,262000,0,0,0,503000,241000,262000,262000
061168,力成兆豐9A購01  ,0,0,0,0,0,0,0,0,0,262000,0,0,0,262000,0,262000,262000
065393,旺宏群益9C購04  ,0,0,0,0,0,0,0,0,0,262000,0,0,0,344000,82000,262000,262000
067713,聚陽凱基01購02  ,0,0,0,0,0,0,0,0,0,262000,0,0,0,354000,92000,262000,262000
1731,美吾華          ,347000,85000,262000,0,0,0,0,0,0,0,0,0,0,0,0,0,262000
068056,台表科統一03購01,0,0,0,0,0,0,0,0,0,261000,0,0,0,272000,11000,261000,261000
064881,聯茂兆豐01購02  ,0,0,0,0,0,0,0,0,0,261000,0,0,0,366000,105000,261000,261000
064380,超眾元富9C購03  ,0,0,0,0,0,0,0,0,0,261000,0,0,0,267000,6000,261000,261000
065544,和大兆豐01購01  ,0,0,0,0,0,0,0,0,0,261000,0,0,0,261000,0,261000,261000
2360,致茂            ,749000,463000,286000,0,0,0,1000,10000,-9000,-16000,10000,12000,-2000,2000,16000,-14000,261000
068409,緯穎元富07購01  ,0,0,0,0,0,0,0,0,0,260000,0,0,0,260000,0,260000,260000
058046,國巨元大9A購01  ,0,0,0,0,0,0,0,0,0,260000,0,0,0,260000,0,260000,260000
060855,華新科富邦01購01,0,0,0,0,0,0,0,0,0,260000,0,0,0,260000,0,260000,260000
062682,全新統一9B購01  ,0,0,0,0,0,0,0,0,0,259000,0,0,0,319000,60000,259000,259000
063412,寶成國票9C購01  ,0,0,0,0,0,0,0,0,0,259000,0,0,0,289000,30000,259000,259000
066205,京鼎統一03購01  ,0,0,0,0,0,0,0,0,0,259000,0,0,0,297000,38000,259000,259000
059363,超眾永豐99購02  ,0,0,0,0,0,0,0,0,0,258000,0,0,0,258000,0,258000,258000
066856,致新元大01購01  ,0,0,0,0,0,0,0,0,0,258000,0,0,0,442000,184000,258000,258000
068637,長榮航凱基03購01,0,0,0,0,0,0,0,0,0,257000,0,0,0,308000,51000,257000,257000
064454,華新科統一01購03,0,0,0,0,0,0,0,0,0,257000,0,0,0,257000,0,257000,257000
066408,致新凱基01購02  ,0,0,0,0,0,0,0,0,0,257000,0,0,0,278000,21000,257000,257000
056810,群創統一9A購01  ,0,0,0,0,0,0,0,0,0,256000,0,0,0,256000,0,256000,256000
058495,元大金群益9B購01,0,0,0,0,0,0,0,0,0,256000,0,0,0,262000,6000,256000,256000
064442,嘉聯益凱基9C購01,0,0,0,0,0,0,0,0,0,256000,0,0,0,402000,146000,256000,256000
067733,力山元大01購01  ,0,0,0,0,0,0,0,0,0,256000,0,0,0,764000,508000,256000,256000
067307,聯詠元大01購06  ,0,0,0,0,0,0,0,0,0,256000,0,0,0,696000,440000,256000,256000
063838,上銀元大9C購01  ,0,0,0,0,0,0,0,0,0,255000,0,0,0,291000,36000,255000,255000
065532,台光電統一02購02,0,0,0,0,0,0,0,0,0,255000,0,0,0,310000,55000,255000,255000
065902,燿華富邦02購01  ,0,0,0,0,0,0,0,0,0,255000,0,0,0,255000,0,255000,255000
2395,研華            ,1157000,910235,246765,0,0,0,0,0,0,8000,8000,0,8000,0,0,0,254765
060367,緯穎元富9A購02  ,0,0,0,0,0,0,0,0,0,254000,0,0,0,265000,11000,254000,254000
060716,新唐永豐9A購01  ,0,0,0,0,0,0,0,0,0,254000,0,0,0,304000,50000,254000,254000
066211,瑞祺統一04購01  ,0,0,0,0,0,0,0,0,0,254000,0,0,0,502000,248000,254000,254000
2107,厚生            ,336000,176000,160000,0,0,0,0,0,0,94000,94000,0,94000,0,0,0,254000
065549,智邦凱基9C購03  ,0,0,0,0,0,0,0,0,0,253000,0,0,0,285000,32000,253000,253000
065193,和大元富03購02  ,0,0,0,0,0,0,0,0,0,253000,0,0,0,303000,50000,253000,253000
067082,健策元大01購07  ,0,0,0,0,0,0,0,0,0,253000,0,0,0,253000,0,253000,253000
059291,華新科元富9B購01,0,0,0,0,0,0,0,0,0,252000,0,0,0,252000,0,252000,252000
065101,力成元大9C購05  ,0,0,0,0,0,0,0,0,0,252000,0,0,0,285000,33000,252000,252000
03452B,臺股指凱基03熊05,0,0,0,0,0,0,0,0,0,251000,0,0,0,1723000,1472000,251000,251000
061550,聯鈞群益9A購03  ,0,0,0,0,0,0,0,0,0,251000,0,0,0,282000,31000,251000,251000
061360,智邦兆豐9B購02  ,0,0,0,0,0,0,0,0,0,251000,0,0,0,261000,10000,251000,251000
064107,友達兆豐01購01  ,0,0,0,0,0,0,0,0,0,251000,0,0,0,251000,0,251000,251000
066861,致新國票02購01  ,0,0,0,0,0,0,0,0,0,251000,0,0,0,251000,0,251000,251000
08928P,漢唐元富07售02  ,0,0,0,0,0,0,0,0,0,251000,0,0,0,271000,20000,251000,251000
069838,正隆群益02購01  ,0,0,0,0,0,0,0,0,0,250000,0,0,0,250000,0,250000,250000
07389P,臺股指群益9C售08,0,0,0,0,0,0,0,0,0,250000,0,0,0,250000,0,250000,250000
064009,超眾凱基01購01  ,0,0,0,0,0,0,0,0,0,250000,0,0,0,288000,38000,250000,250000
066644,瑞昱麥證01購01  ,0,0,0,348000,98000,250000,0,0,0,250000,0,0,0,348000,98000,250000,250000
065873,信邦群益02購01  ,0,0,0,0,0,0,0,0,0,250000,0,0,0,250000,0,250000,250000
065846,華新科元大03購01,0,0,0,0,0,0,0,0,0,250000,0,0,0,351000,101000,250000,250000
066190,惠特凱基01購01  ,0,0,0,0,0,0,0,0,0,250000,0,0,0,250000,0,250000,250000
064480,聚陽永豐9C購01  ,0,0,0,0,0,0,0,0,0,249000,0,0,0,317000,68000,249000,249000
1558,伸興            ,279000,30000,249000,0,0,0,0,0,0,0,0,0,0,0,0,0,249000
060419,漢翔永豐9A購01  ,0,0,0,0,0,0,0,0,0,248000,0,0,0,248000,0,248000,248000
063582,瑞祺國泰9C購01  ,0,0,0,0,0,0,0,0,0,248000,0,0,0,283000,35000,248000,248000
067268,日月光永豐01購01,0,0,0,0,0,0,0,0,0,248000,0,0,0,452000,204000,248000,248000
067823,台表科凱基01購02,0,0,0,0,0,0,0,0,0,248000,0,0,0,560000,312000,248000,248000
068358,啟碁凱基01購01  ,0,0,0,0,0,0,0,0,0,247000,0,0,0,305000,58000,247000,247000
058093,神達元大9A購01  ,0,0,0,0,0,0,0,0,0,247000,0,0,0,247000,0,247000,247000
060699,華新科國泰9B購03,0,0,0,0,0,0,0,0,0,247000,0,0,0,257000,10000,247000,247000
064330,燿華元大9C購02  ,0,0,0,0,0,0,0,0,0,247000,0,0,0,252000,5000,247000,247000
064938,華新科元富9C購01,0,0,0,0,0,0,0,0,0,247000,0,0,0,247000,0,247000,247000
068839,康控永豐02購01  ,0,0,0,0,0,0,0,0,0,246000,0,0,0,250000,4000,246000,246000
063618,智邦兆豐9C購01  ,0,0,0,0,0,0,0,0,0,246000,0,0,0,284000,38000,246000,246000
067437,瑞祺凱基02購02  ,0,0,0,0,0,0,0,0,0,246000,0,0,0,354000,108000,246000,246000
2515,中工            ,2745000,1512000,1233000,0,0,0,0,0,0,-987000,74000,2000,72000,180000,1239000,-1059000,246000
07105P,大毅元富99售02  ,0,0,0,0,0,0,0,0,0,245000,0,0,0,245000,0,245000,245000
061069,嘉聯益凱基9A購01,0,0,0,0,0,0,0,0,0,245000,0,0,0,245000,0,245000,245000
061525,華新科凱基9A購13,0,0,0,0,0,0,0,0,0,245000,0,0,0,275000,30000,245000,245000
066635,敦泰凱基01購01  ,0,0,0,0,0,0,0,0,0,245000,0,0,0,371000,126000,245000,245000
066884,亞光永豐01購01  ,0,0,0,0,0,0,0,0,0,245000,0,0,0,249000,4000,245000,245000
06564P,國巨富邦9A售04  ,0,0,0,0,0,0,0,0,0,245000,0,0,0,245000,0,245000,245000
2489,瑞軒            ,598000,316000,282000,0,0,0,0,0,0,-37000,21000,4000,17000,0,54000,-54000,245000
069737,強茂國泰04購01  ,0,0,0,0,0,0,0,0,0,244000,0,0,0,244000,0,244000,244000
069154,光寶科元大02購01,0,0,0,0,0,0,0,0,0,244000,0,0,0,447000,203000,244000,244000
063139,聯發科統一9B購07,0,0,0,0,0,0,0,0,0,244000,0,0,0,306000,62000,244000,244000
064185,裕隆永豐9C購01  ,0,0,0,0,0,0,0,0,0,244000,0,0,0,244000,0,244000,244000
067031,華擎元富01購01  ,0,0,0,0,0,0,0,0,0,244000,0,0,0,1372000,1128000,244000,244000
3015,全漢            ,423000,180000,243000,0,0,0,0,0,0,1000,1000,0,1000,0,0,0,244000
068067,台積電凱基01購17,0,0,0,0,0,0,0,0,0,243000,0,0,0,262000,19000,243000,243000
067195,台虹凱基02購01  ,0,0,0,0,0,0,0,0,0,243000,0,0,0,323000,80000,243000,243000
064303,新光金兆豐01購01,0,0,0,0,0,0,0,0,0,242000,0,0,0,242000,0,242000,242000
062100,矽格永豐9B購01  ,0,0,0,0,0,0,0,0,0,242000,0,0,0,247000,5000,242000,242000
067489,華擎元大01購06  ,0,0,0,0,0,0,0,0,0,242000,0,0,0,285000,43000,242000,242000
067706,台積電元富07購07,0,0,0,0,0,0,0,0,0,242000,0,0,0,292000,50000,242000,242000
065178,和碩元大9C購01  ,0,0,0,0,0,0,0,0,0,242000,0,0,0,280000,38000,242000,242000
062787,超眾元大9C購02  ,0,0,0,0,0,0,0,0,0,241000,0,0,0,271000,30000,241000,241000
065904,群創富邦02購01  ,0,0,0,0,0,0,0,0,0,241000,0,0,0,241000,0,241000,241000
068520,彩晶統一03購02  ,0,0,0,0,0,0,0,0,0,240000,0,0,0,355000,115000,240000,240000
069736,深中小國泰03購01,0,0,0,0,0,0,0,0,0,240000,0,0,0,370000,130000,240000,240000
062940,華新科凱基9C購02,0,0,0,0,0,0,0,0,0,240000,0,0,0,257000,17000,240000,240000
064506,康控元大9C購02  ,0,0,0,0,0,0,0,0,0,240000,0,0,0,264000,24000,240000,240000
066127,劍麟群益03購01  ,0,0,0,0,0,0,0,0,0,240000,0,0,0,240000,0,240000,240000
066995,盟立國泰03購01  ,0,0,0,0,0,0,0,0,0,240000,0,0,0,240000,0,240000,240000
060801,滬深2X中信01購01,0,0,0,0,0,0,0,0,0,239000,0,0,0,239000,0,239000,239000
064700,致新群益9C購02  ,0,0,0,0,0,0,0,0,0,239000,0,0,0,274000,35000,239000,239000
062803,嘉晶統一9B購02  ,0,0,0,0,0,0,0,0,0,239000,0,0,0,239000,0,239000,239000
066210,瑞祺統一02購01  ,0,0,0,0,0,0,0,0,0,239000,0,0,0,494000,255000,239000,239000
1710,東聯            ,988000,459000,529000,0,0,0,0,0,0,-290000,0,290000,-290000,0,0,0,239000
2015,豐興            ,294896,121000,173896,0,0,0,65000,0,65000,0,0,0,0,0,0,0,238896
03048P,南電國票03售01  ,0,0,0,0,0,0,0,0,0,238000,0,0,0,238000,0,238000,238000
067774,同欣電統一02購01,0,0,0,0,0,0,0,0,0,238000,0,0,0,298000,60000,238000,238000
063764,上銀元富9B購08  ,0,0,0,0,0,0,0,0,0,237000,0,0,0,606000,369000,237000,237000
067134,國揚永豐01購02  ,0,0,0,0,0,0,0,0,0,237000,0,0,0,284000,47000,237000,237000
066284,松翰元大01購01  ,0,0,0,0,0,0,0,0,0,237000,0,0,0,326000,89000,237000,237000
1737,臺鹽            ,239000,2000,237000,0,0,0,0,0,0,0,0,0,0,0,0,0,237000
069671,聯電元大02購18  ,0,0,0,0,0,0,0,0,0,236000,0,0,0,316000,80000,236000,236000
060738,矽格統一9C購01  ,0,0,0,0,0,0,0,0,0,236000,0,0,0,256000,20000,236000,236000
061066,嘉晶凱基9B購01  ,0,0,0,0,0,0,0,0,0,236000,0,0,0,240000,4000,236000,236000
062338,鴻海麥證9B購01  ,0,0,0,236000,0,236000,0,0,0,236000,0,0,0,236000,0,236000,236000
065721,中壽兆豐9C購01  ,0,0,0,0,0,0,0,0,0,236000,0,0,0,282000,46000,236000,236000
065789,泰碩永豐9C購02  ,0,0,0,0,0,0,0,0,0,236000,0,0,0,236000,0,236000,236000
066822,泰豐群益01購01  ,0,0,0,0,0,0,0,0,0,236000,0,0,0,241000,5000,236000,236000
067411,矽格兆豐03購01  ,0,0,0,0,0,0,0,0,0,236000,0,0,0,315000,79000,236000,236000
068759,台船永豐02購01  ,0,0,0,0,0,0,0,0,0,235000,0,0,0,317000,82000,235000,235000
059851,晶相光永豐99購02,0,0,0,0,0,0,0,0,0,235000,0,0,0,245000,10000,235000,235000
062037,華新凱基9B購01  ,0,0,0,0,0,0,0,0,0,235000,0,0,0,278000,43000,235000,235000
066275,台勝科元大01購01,0,0,0,0,0,0,0,0,0,235000,0,0,0,248000,13000,235000,235000
5515,建國            ,164000,66000,98000,0,0,0,0,0,0,137000,137000,0,137000,0,0,0,235000
068016,宏碁國票02購01  ,0,0,0,0,0,0,0,0,0,234000,0,0,0,1187000,953000,234000,234000
00639,富邦深100       ,48000,48000,0,0,0,0,0,0,0,234000,0,120000,-120000,1310000,956000,354000,234000
067686,矽格元大01購04  ,0,0,0,0,0,0,0,0,0,234000,0,0,0,466000,232000,234000,234000
067726,帆宣凱基01購01  ,0,0,0,0,0,0,0,0,0,233000,0,0,0,410000,177000,233000,233000
066318,友訊永豐01購01  ,0,0,0,0,0,0,0,0,0,233000,0,0,0,263000,30000,233000,233000
055399,超眾統一99購01  ,0,0,0,0,0,0,0,0,0,232000,0,0,0,252000,20000,232000,232000
064816,訊芯元大9C購01  ,0,0,0,0,0,0,0,0,0,232000,0,0,0,252000,20000,232000,232000
067708,華新科元富01購01,0,0,0,0,0,0,0,0,0,232000,0,0,0,306000,74000,232000,232000
4306,炎洲            ,383000,494000,-111000,0,0,0,0,0,0,343000,370000,27000,343000,0,0,0,232000
062628,廣達國票9B購01  ,0,0,0,0,0,0,0,0,0,231000,0,0,0,370000,139000,231000,231000
063613,全新群益9C購01  ,0,0,0,0,0,0,0,0,0,231000,0,0,0,231000,0,231000,231000
063706,台虹群益9B購01  ,0,0,0,0,0,0,0,0,0,231000,0,0,0,233000,2000,231000,231000
2208,台船            ,794000,911000,-117000,0,0,0,0,0,0,348000,5000,0,5000,448000,105000,343000,231000
08467P,長榮航統一9C售01,0,0,0,0,0,0,0,0,0,230000,0,0,0,230000,0,230000,230000
020018,統一價值成長30N ,0,0,0,0,0,0,0,0,0,230000,0,0,0,915000,685000,230000,230000
060376,瑞祺元富9A購01  ,0,0,0,0,0,0,0,0,0,230000,0,0,0,238000,8000,230000,230000
061949,大立光群益9B購03,0,0,0,0,0,0,0,0,0,230000,0,0,0,230000,0,230000,230000
067501,聚陽統一01購03  ,0,0,0,0,0,0,0,0,0,230000,0,0,0,571000,341000,230000,230000
066639,彩晶凱基05購01  ,0,0,0,0,0,0,0,0,0,230000,0,0,0,268000,38000,230000,230000
065855,瀚宇博元大9C購03,0,0,0,0,0,0,0,0,0,230000,0,0,0,259000,29000,230000,230000
1701,中化            ,441000,209000,232000,0,0,0,0,0,0,-2000,0,2000,-2000,0,0,0,230000
068745,上銀群益02購01  ,0,0,0,0,0,0,0,0,0,229000,0,0,0,369000,140000,229000,229000
068706,國產國票03購01  ,0,0,0,0,0,0,0,0,0,228000,0,0,0,298000,70000,228000,228000
062906,全新元大9B購03  ,0,0,0,0,0,0,0,0,0,228000,0,0,0,228000,0,228000,228000
063229,台表科群益9B購04,0,0,0,0,0,0,0,0,0,228000,0,0,0,258000,30000,228000,228000
062984,致新元富9B購01  ,0,0,0,0,0,0,0,0,0,227000,0,0,0,237000,10000,227000,227000
062393,智邦富邦9B購01  ,0,0,0,0,0,0,0,0,0,227000,0,0,0,232000,5000,227000,227000
065023,大毅永豐9C購01  ,0,0,0,0,0,0,0,0,0,227000,0,0,0,227000,0,227000,227000
068103,松翰永豐01購02  ,0,0,0,0,0,0,0,0,0,226000,0,0,0,359000,133000,226000,226000
08130P,義隆元大9B售05  ,0,0,0,0,0,0,0,0,0,226000,0,0,0,250000,24000,226000,226000
066354,緯穎永豐01購01  ,0,0,0,0,0,0,0,0,0,226000,0,0,0,226000,0,226000,226000
066233,華碩富邦02購01  ,0,0,0,0,0,0,0,0,0,226000,0,0,0,507000,281000,226000,226000
066102,國揚國票02購01  ,0,0,0,0,0,0,0,0,0,226000,0,0,0,231000,5000,226000,226000
2103,台橡            ,625000,243000,382000,0,0,0,0,0,0,-156000,9000,35000,-26000,0,130000,-130000,226000
9938,百和            ,582000,649000,-67000,0,0,0,438000,0,438000,-145000,77000,209000,-132000,44000,57000,-13000,226000
068292,精成科群益01購01,0,0,0,0,0,0,0,0,0,225000,0,0,0,401000,176000,225000,225000
069143,強茂永豐02購01  ,0,0,0,0,0,0,0,0,0,225000,0,0,0,304000,79000,225000,225000
066306,亞聚永豐01購01  ,0,0,0,0,0,0,0,0,0,225000,0,0,0,732000,507000,225000,225000
067887,英業達群益01購02,0,0,0,0,0,0,0,0,0,225000,0,0,0,225000,0,225000,225000
068675,聯電元富03購01  ,0,0,0,0,0,0,0,0,0,224000,0,0,0,378000,154000,224000,224000
069715,超眾國票02購01  ,0,0,0,0,0,0,0,0,0,224000,0,0,0,224000,0,224000,224000
069433,元大金群益02購01,0,0,0,0,0,0,0,0,0,224000,0,0,0,257000,33000,224000,224000
061470,鈺齊群益9A購02  ,0,0,0,0,0,0,0,0,0,224000,0,0,0,400000,176000,224000,224000
067483,禾伸堂元大01購02,0,0,0,0,0,0,0,0,0,224000,0,0,0,224000,0,224000,224000
066848,健策元大01購05  ,0,0,0,0,0,0,0,0,0,224000,0,0,0,237000,13000,224000,224000
066060,超眾元大01購03  ,0,0,0,0,0,0,0,0,0,224000,0,0,0,236000,12000,224000,224000
1736,喬山            ,458000,618000,-160000,0,0,0,430000,0,430000,-46000,1000,43000,-42000,124000,128000,-4000,224000
4904,遠傳            ,1281000,1121135,159865,0,0,0,0,2000,-2000,66000,64000,0,64000,5000,3000,2000,223865
060290,興富發元大9C購01,0,0,0,0,0,0,0,0,0,223000,0,0,0,330000,107000,223000,223000
062886,中興電群益9B購01,0,80000,-80000,0,0,0,0,0,0,303000,0,0,0,317000,14000,303000,223000
065516,健鼎群益9C購02  ,0,0,0,0,0,0,0,0,0,223000,0,0,0,258000,35000,223000,223000
065394,英業達群益9C購01,0,0,0,0,0,0,0,0,0,223000,0,0,0,223000,0,223000,223000
066627,大毅凱基03購01  ,0,0,0,0,0,0,0,0,0,223000,0,0,0,268000,45000,223000,223000
068983,日月光元大02購01,0,0,0,0,0,0,0,0,0,222000,0,0,0,302000,80000,222000,222000
068531,瀚宇博元富04購03,0,0,0,0,0,0,0,0,0,222000,0,0,0,467000,245000,222000,222000
066620,長興凱基01購01  ,0,0,0,0,0,0,0,0,0,222000,0,0,0,426000,204000,222000,222000
064601,嘉晶元富9C購03  ,0,0,0,0,0,0,0,0,0,221000,0,0,0,311000,90000,221000,221000
1457,宜進            ,154000,52000,102000,0,0,0,0,0,0,119000,119000,0,119000,0,0,0,221000
068901,嘉聯益元大02購02,0,0,0,0,0,0,0,0,0,220000,0,0,0,251000,31000,220000,220000
059984,華新科元大99購21,0,0,0,0,0,0,0,0,0,220000,0,0,0,228000,8000,220000,220000
062138,力成群益9B購01  ,0,0,0,0,0,0,0,0,0,220000,0,0,0,220000,0,220000,220000
066047,嘉晶元大01購04  ,0,0,0,0,0,0,0,0,0,220000,0,0,0,429000,209000,220000,220000
1905,華紙            ,309000,106000,203000,0,0,0,0,0,0,17000,17000,0,17000,0,0,0,220000
061304,創意永豐9A購02  ,0,0,0,0,0,0,0,0,0,219000,0,0,0,239000,20000,219000,219000
064166,和潤統一02購01  ,0,0,0,0,0,0,0,0,0,219000,0,0,0,219000,0,219000,219000
069489,聯陽元大02購02  ,0,0,0,0,0,0,0,0,0,218000,0,0,0,268000,50000,218000,218000
069307,瑞昱凱基02購03  ,0,0,0,0,0,0,0,0,0,218000,0,0,0,341000,123000,218000,218000
061820,康控群益9B購02  ,0,0,0,0,0,0,0,0,0,218000,0,0,0,220000,2000,218000,218000
064362,友達統一01購02  ,0,0,0,0,0,0,0,0,0,218000,0,0,0,218000,0,218000,218000
067305,國產元大01購02  ,0,0,0,0,0,0,0,0,0,218000,0,0,0,282000,64000,218000,218000
068418,微星兆豐03購01  ,0,0,0,0,0,0,0,0,0,217000,0,0,0,339000,122000,217000,217000
064139,裕隆統一01購02  ,0,0,0,0,0,0,0,0,0,217000,0,0,0,224000,7000,217000,217000
066182,康控凱基01購01  ,0,0,0,0,0,0,0,0,0,217000,0,0,0,237000,20000,217000,217000
068299,華新國票03購01  ,0,0,0,0,0,0,0,0,0,216000,0,0,0,713000,497000,216000,216000
069511,華碩凱基02購02  ,0,0,0,0,0,0,0,0,0,216000,0,0,0,271000,55000,216000,216000
069701,致新元富08購01  ,0,0,0,0,0,0,0,0,0,216000,0,0,0,220000,4000,216000,216000
069586,創意永豐02購01  ,0,0,0,0,0,0,0,0,0,216000,0,0,0,218000,2000,216000,216000
063572,麗豐元大9B購01  ,0,0,0,0,0,0,0,0,0,216000,0,0,0,266000,50000,216000,216000
063383,億豐永豐9B購02  ,0,0,0,0,0,0,0,0,0,216000,0,0,0,524000,308000,216000,216000
066956,華擎元大01購04  ,0,0,0,0,0,0,0,0,0,216000,0,0,0,314000,98000,216000,216000
08121P,聯發科國票9B售05,0,0,0,0,0,0,0,0,0,215000,0,0,0,215000,0,215000,215000
067673,義隆元大01購06  ,0,0,0,0,0,0,0,0,0,215000,0,0,0,215000,0,215000,215000
066429,矽格元大01購01  ,0,0,0,0,0,0,0,0,0,215000,0,0,0,342000,127000,215000,215000
065558,嘉聯益凱基9C購02,0,0,0,0,0,0,0,0,0,215000,0,0,0,215000,0,215000,215000
6141,柏承            ,424000,214000,210000,0,0,0,0,0,0,5000,5000,0,5000,0,0,0,215000
2539,櫻花建          ,232000,39000,193000,0,0,0,0,0,0,21043,0,0,0,21043,0,21043,214043
069622,創意統一03購02  ,0,0,0,0,0,0,0,0,0,214000,0,0,0,247000,33000,214000,214000
068160,智易元大01購01  ,0,0,0,0,0,0,0,0,0,214000,0,0,0,279000,65000,214000,214000
058852,貿聯群益99購04  ,0,0,0,0,0,0,0,0,0,214000,0,0,0,214000,0,214000,214000
064165,同欣電統一01購01,0,0,0,0,0,0,0,0,0,214000,0,0,0,534000,320000,214000,214000
064310,華新科群益9C購02,0,0,0,0,0,0,0,0,0,214000,0,0,0,214000,0,214000,214000
063763,上銀元富9B購07  ,0,0,0,0,0,0,0,0,0,214000,0,0,0,525000,311000,214000,214000
066529,巨大統一03購01  ,0,0,0,0,0,0,0,0,0,214000,0,0,0,1105000,891000,214000,214000
066001,景碩國票02購01  ,0,0,0,0,0,0,0,0,0,214000,0,0,0,309000,95000,214000,214000
067382,康控統一03購02  ,0,0,0,0,0,0,0,0,0,214000,0,0,0,214000,0,214000,214000
069182,台達電麥證02購01,0,0,0,213000,0,213000,0,0,0,213000,0,0,0,213000,0,213000,213000
060435,鈺齊永豐9A購01  ,0,40000,-40000,0,0,0,0,0,0,253000,0,0,0,540000,287000,253000,213000
053564,台積電富邦99購01,0,0,0,0,0,0,0,0,0,213000,0,0,0,221000,8000,213000,213000
060818,上銀統一9C購01  ,0,0,0,0,0,0,0,0,0,213000,0,0,0,225000,12000,213000,213000
066776,創意富邦03購02  ,0,0,0,0,0,0,0,0,0,213000,0,0,0,233000,20000,213000,213000
065995,台虹永豐01購01  ,0,0,0,0,0,0,0,0,0,213000,0,0,0,215000,2000,213000,213000
066426,台勝科元大01購02,0,0,0,0,0,0,0,0,0,213000,0,0,0,213000,0,213000,213000
065786,神基永豐9C購01  ,0,0,0,0,0,0,0,0,0,213000,0,0,0,213000,0,213000,213000
069515,長榮航凱基02購01,0,0,0,0,0,0,0,0,0,212000,0,0,0,212000,0,212000,212000
059836,大立光國泰9B購02,0,0,0,0,0,0,0,0,0,212000,0,0,0,326000,114000,212000,212000
064990,世紀鋼元大01購01,0,0,0,0,0,0,0,0,0,212000,0,0,0,274000,62000,212000,212000
08809P,台灣50群益01售07,0,0,0,0,0,0,0,0,0,212000,0,0,0,333000,121000,212000,212000
065076,中橡元大9C購01  ,0,0,0,0,0,0,0,0,0,211000,0,0,0,211000,0,211000,211000
063166,超眾永豐9B購01  ,0,0,0,0,0,0,0,0,0,211000,0,0,0,212000,1000,211000,211000
065808,力成群益9C購02  ,0,0,0,0,0,0,0,0,0,211000,0,0,0,211000,0,211000,211000
065714,矽創群益9C購02  ,0,0,0,0,0,0,0,0,0,211000,0,0,0,214000,3000,211000,211000
1795,美時            ,687000,474000,213000,0,0,0,0,0,0,-2000,1000,3000,-2000,0,0,0,211000
069605,敦泰國票03購01  ,0,0,0,0,0,0,0,0,0,210000,0,0,0,357000,147000,210000,210000
058443,T50正2富邦01購01,0,0,0,0,0,0,0,0,0,210000,0,0,0,210000,0,210000,210000
060279,SP黃豆元大9A購01,0,0,0,0,0,0,0,0,0,210000,0,0,0,210000,0,210000,210000
057964,緯穎元大99購03  ,0,0,0,0,0,0,0,0,0,210000,0,0,0,235000,25000,210000,210000
061836,華新科凱基05購01,0,0,0,0,0,0,0,0,0,210000,0,0,0,214000,4000,210000,210000
065794,麗豐永豐9C購01  ,0,0,0,0,0,0,0,0,0,210000,0,0,0,210000,0,210000,210000
065215,義隆國泰02購02  ,0,0,0,0,0,0,0,0,0,210000,0,0,0,378000,168000,210000,210000
065303,國泰金元富9C購01,0,0,0,0,0,0,0,0,0,210000,0,0,0,216000,6000,210000,210000
066636,健策凱基01購02  ,0,0,0,0,0,0,0,0,0,210000,0,0,0,222000,12000,210000,210000
067022,台虹中信01購01  ,0,0,0,0,0,0,0,0,0,210000,0,0,0,302000,92000,210000,210000
068374,技嘉永豐01購01  ,0,0,0,0,0,0,0,0,0,209000,0,0,0,1157000,948000,209000,209000
061110,超眾元大9A購03  ,0,0,0,0,0,0,0,0,0,209000,0,0,0,289000,80000,209000,209000
056096,超眾元富9A購01  ,0,0,0,0,0,0,0,0,0,209000,0,0,0,243000,34000,209000,209000
057579,長榮航中信9A購01,0,0,0,0,0,0,0,0,0,209000,0,0,0,229000,20000,209000,209000
065581,寶成群益9C購01  ,0,0,0,0,0,0,0,0,0,209000,0,0,0,209000,0,209000,209000
069580,佳世達永豐02購02,0,0,0,0,0,0,0,0,0,208000,0,0,0,284000,76000,208000,208000
059949,啟碁永豐99購01  ,0,0,0,0,0,0,0,0,0,208000,0,0,0,248000,40000,208000,208000
063431,神隆元富9B購01  ,0,0,0,0,0,0,0,0,0,208000,0,0,0,350000,142000,208000,208000
064036,矽創元大9C購01  ,0,0,0,0,0,0,0,0,0,208000,0,0,0,258000,50000,208000,208000
065219,緯穎國泰01購01  ,0,0,0,0,0,0,0,0,0,208000,0,0,0,336000,128000,208000,208000
067335,國產凱基02購02  ,0,0,0,0,0,0,0,0,0,208000,0,0,0,327000,119000,208000,208000
067817,玉晶光凱基02購01,0,0,0,0,0,0,0,0,0,208000,0,0,0,208000,0,208000,208000
3545,敦泰            ,1786000,1485000,301000,0,0,0,0,0,0,-93000,6000,0,6000,61000,160000,-99000,208000
068408,緯穎元富01購02  ,0,0,0,0,0,0,0,0,0,207000,0,0,0,314000,107000,207000,207000
060964,日月光凱基9A購01,0,0,0,0,0,0,0,0,0,207000,0,0,0,238000,31000,207000,207000
063548,同欣電兆豐9B購01,0,0,0,0,0,0,0,0,0,207000,0,0,0,486000,279000,207000,207000
062621,緯穎元大9B購05  ,0,0,0,0,0,0,0,0,0,207000,0,0,0,218000,11000,207000,207000
067304,義隆元大01購05  ,0,0,0,0,0,0,0,0,0,207000,0,0,0,213000,6000,207000,207000
065513,旺宏群益9C購05  ,0,0,0,0,0,0,0,0,0,207000,0,0,0,212000,5000,207000,207000
066397,智原凱基01購01  ,0,0,0,0,0,0,0,0,0,207000,0,0,0,207000,0,207000,207000
062827,神基群益9B購01  ,0,0,0,0,0,0,0,0,0,206000,0,0,0,206000,0,206000,206000
066549,京元電元大01購03,0,0,0,0,0,0,0,0,0,206000,0,0,0,306000,100000,206000,206000
066112,智邦兆豐02購01  ,0,0,0,0,0,0,0,0,0,206000,0,0,0,216000,10000,206000,206000
053298,SP黃豆凱基99購01,0,0,0,0,0,0,0,0,0,205000,0,0,0,205000,0,205000,205000
067299,燿華元大01購03  ,0,0,0,0,0,0,0,0,0,205000,0,0,0,266000,61000,205000,205000
067244,康控群益01購02  ,0,0,0,0,0,0,0,0,0,205000,0,0,0,214000,9000,205000,205000
08801P,聯發科元大01售13,0,0,0,0,0,0,0,0,0,205000,0,0,0,353000,148000,205000,205000
08754P,臺股指群益01售04,0,0,0,0,0,0,0,0,0,205000,0,0,0,236000,31000,205000,205000
8110,華東            ,340000,136000,204000,0,0,0,0,0,0,1000,10000,9000,1000,0,0,0,205000
069480,聯電元大02購10  ,0,0,0,0,0,0,0,0,0,204000,0,0,0,213000,9000,204000,204000
069297,欣興中信02購02  ,0,0,0,0,0,0,0,0,0,204000,0,0,0,820000,616000,204000,204000
064450,致茂統一01購01  ,0,0,0,0,0,0,0,0,0,204000,0,0,0,204000,0,204000,204000
067215,亞光元大01購05  ,0,0,0,0,0,0,0,0,0,204000,0,0,0,234000,30000,204000,204000
066706,揚明光群益01購01,0,0,0,0,0,0,0,0,0,204000,0,0,0,245000,41000,204000,204000
066124,台化群益01購01  ,0,0,0,0,0,0,0,0,0,204000,0,0,0,209000,5000,204000,204000
066404,瑞祺凱基02購01  ,0,0,0,0,0,0,0,0,0,204000,0,0,0,338000,134000,204000,204000
065875,創意群益9C購05  ,0,0,0,0,0,0,0,0,0,204000,0,0,0,226000,22000,204000,204000
08658P,聯發科統一9C售19,0,0,0,0,0,0,0,0,0,204000,0,0,0,1029000,825000,204000,204000
2537,聯上發          ,419000,215000,204000,0,0,0,0,0,0,0,0,0,0,0,0,0,204000
3014,聯陽            ,650000,463000,187000,0,0,0,0,0,0,17000,0,0,0,60000,43000,17000,204000
068869,光寶科中信03購01,0,0,0,0,0,0,0,0,0,203000,0,0,0,203000,0,203000,203000
063386,國巨兆豐9B購04  ,0,0,0,0,0,0,0,0,0,203000,0,0,0,303000,100000,203000,203000
066558,創意元大01購04  ,0,0,0,0,0,0,0,0,0,203000,0,0,0,256000,53000,203000,203000
066384,訊芯康和01購01  ,0,0,0,0,0,0,0,0,0,203000,0,0,0,203000,0,203000,203000
066792,T50反1凱基01購03,0,0,0,0,0,0,0,0,0,203000,0,0,0,237000,34000,203000,203000
068185,嘉聯益群益01購01,0,0,0,0,0,0,0,0,0,202000,0,0,0,236000,34000,202000,202000
067006,德律永豐01購02  ,0,0,0,0,0,0,0,0,0,202000,0,0,0,202000,0,202000,202000
066287,訊芯元大01購01  ,0,0,0,0,0,0,0,0,0,202000,0,0,0,229000,27000,202000,202000
068182,群創群益04購01  ,0,0,0,0,0,0,0,0,0,201000,0,0,0,236000,35000,201000,201000
068659,嘉晶元大03購01  ,0,0,0,0,0,0,0,0,0,201000,0,0,0,273000,72000,201000,201000
059282,嘉聯益永豐99購01,0,0,0,0,0,0,0,0,0,201000,0,0,0,236000,35000,201000,201000
03294P,欣興永豐02售01  ,0,0,0,0,0,0,0,0,0,201000,0,0,0,263000,62000,201000,201000
064136,致新元大9C購01  ,0,0,0,0,0,0,0,0,0,201000,0,0,0,241000,40000,201000,201000
061882,矽創元大9B購01  ,0,0,0,0,0,0,0,0,0,201000,0,0,0,201000,0,201000,201000
064676,聚陽兆豐9C購01  ,0,0,0,0,0,0,0,0,0,201000,0,0,0,201000,0,201000,201000
066289,晶碩元大02購01  ,0,0,0,0,0,0,0,0,0,201000,0,0,0,298000,97000,201000,201000
065745,裕隆元大9C購03  ,0,0,0,0,0,0,0,0,0,201000,0,0,0,286000,85000,201000,201000
065559,超眾凱基9C購03  ,0,0,0,0,0,0,0,0,0,201000,0,0,0,201000,0,201000,201000
065670,華新科凱基01購02,0,0,0,0,0,0,0,0,0,201000,0,0,0,215000,14000,201000,201000
069076,國巨凱基04購04  ,0,0,0,0,0,0,0,0,0,200000,0,0,0,203000,3000,200000,200000
068127,台積電統一02購07,0,0,0,0,0,0,0,0,0,200000,0,0,0,201000,1000,200000,200000
068289,國泰金群益01購01,0,0,0,0,0,0,0,0,0,200000,0,0,0,200000,0,200000,200000
068504,訊芯元大01購02  ,0,0,0,0,0,0,0,0,0,200000,0,0,0,200000,0,200000,200000
068477,嘉聯益群益01購02,0,0,0,0,0,0,0,0,0,200000,0,0,0,214000,14000,200000,200000
069427,日月光日盛02購01,0,0,0,0,0,0,0,0,0,200000,0,0,0,200000,0,200000,200000
069507,泰碩永豐02購01  ,0,0,0,0,0,0,0,0,0,200000,0,0,0,200000,0,200000,200000
07552P,技嘉元大9A售03  ,0,0,0,0,0,0,0,0,0,200000,0,0,0,200000,0,200000,200000
056689,玉晶光統一9A購03,0,0,0,0,0,0,0,0,0,200000,0,0,0,204000,4000,200000,200000
056124,華通國票98購02  ,0,0,0,0,0,0,0,0,0,200000,0,0,0,200000,0,200000,200000
064236,奇力新統一01購04,0,0,0,0,0,0,0,0,0,200000,0,0,0,200000,0,200000,200000
058739,喬山中信99購01  ,0,0,0,0,0,0,0,0,0,200000,0,0,0,250000,50000,200000,200000
058754,元油2X群益99購02,0,0,0,0,0,0,0,0,0,200000,0,0,0,200000,0,200000,200000
065080,燿華元大01購01  ,0,0,0,0,0,0,0,0,0,200000,0,0,0,200000,0,200000,200000
061480,泰碩元大9B購01  ,0,0,0,0,0,0,0,0,0,200000,0,0,0,200000,0,200000,200000
063713,麗豐凱基9B購01  ,0,0,0,0,0,0,0,0,0,200000,0,0,0,200000,0,200000,200000
063904,大立光麥證01購01,0,0,0,220000,20000,200000,0,0,0,200000,0,0,0,220000,20000,200000,200000
065885,神達元富9C購01  ,0,0,0,0,0,0,0,0,0,200000,0,0,0,200000,0,200000,200000
067075,亞光元大01購04  ,0,0,0,0,0,0,0,0,0,200000,0,0,0,200000,0,200000,200000
067923,台勝科中信01購01,0,0,0,0,0,0,0,0,0,200000,0,0,0,200000,0,200000,200000
069599,和鑫國票02購01  ,0,0,0,0,0,0,0,0,0,199000,0,0,0,199000,0,199000,199000
068616,日月光國票03購01,0,0,0,0,0,0,0,0,0,199000,0,0,0,327000,128000,199000,199000
059832,超眾康和99購01  ,0,0,0,0,0,0,0,0,0,199000,0,0,0,199000,0,199000,199000
062957,鴻海麥證9C購01  ,0,0,0,199000,0,199000,0,0,0,199000,0,0,0,199000,0,199000,199000
064952,國泰金凱基9C購01,0,0,0,0,0,0,0,0,0,199000,0,0,0,200000,1000,199000,199000
067071,燿華元大01購02  ,0,0,0,0,0,0,0,0,0,199000,0,0,0,240000,41000,199000,199000
066806,京鼎凱基02購01  ,0,0,0,0,0,0,0,0,0,199000,0,0,0,213000,14000,199000,199000
066550,國泰金元大01購01,0,0,0,0,0,0,0,0,0,199000,0,0,0,199000,0,199000,199000
066193,致新凱基01購01  ,0,0,0,0,0,0,0,0,0,199000,0,0,0,204000,5000,199000,199000
08778P,台積電群益01售09,0,0,0,0,0,0,0,0,0,199000,0,0,0,201000,2000,199000,199000
068379,聯陽永豐01購04  ,0,0,0,0,0,0,0,0,0,198000,0,0,0,205000,7000,198000,198000
069525,台虹凱基03購01  ,0,0,0,0,0,0,0,0,0,198000,0,0,0,198000,0,198000,198000
069355,台塑永豐02購01  ,0,0,0,0,0,0,0,0,0,198000,0,0,0,198000,0,198000,198000
057940,和大國票99購01  ,0,0,0,0,0,0,0,0,0,198000,0,0,0,198000,0,198000,198000
059304,華新科兆豐99購06,0,0,0,0,0,0,0,0,0,198000,0,0,0,200000,2000,198000,198000
064373,和大元富03購01  ,0,0,0,0,0,0,0,0,0,198000,0,0,0,234000,36000,198000,198000
066014,嘉晶元富07購01  ,0,0,0,0,0,0,0,0,0,198000,0,0,0,201000,3000,198000,198000
066563,日月光元大01購01,0,0,0,0,0,0,0,0,0,198000,0,0,0,248000,50000,198000,198000
065645,嘉晶元大01購02  ,0,0,0,0,0,0,0,0,0,198000,0,0,0,293000,95000,198000,198000
067354,國揚群益01購03  ,0,0,0,0,0,0,0,0,0,198000,0,0,0,198000,0,198000,198000
067985,聚陽元大02購01  ,0,0,0,0,0,0,0,0,0,197000,0,0,0,378000,181000,197000,197000
0061,元大寶滬深      ,18000,48000,-30000,0,0,0,0,0,0,227000,100000,0,100000,167000,40000,127000,197000
060387,盛群凱基9A購01  ,0,0,0,0,0,0,0,0,0,197000,0,0,0,199000,2000,197000,197000
063232,裕隆元大9B購01  ,0,0,0,0,0,0,0,0,0,197000,0,0,0,224000,27000,197000,197000
061697,世紀鋼群益9A購03,0,0,0,0,0,0,0,0,0,197000,0,0,0,233000,36000,197000,197000
069486,強茂元大02購02  ,0,0,0,0,0,0,0,0,0,196000,0,0,0,1744000,1548000,196000,196000
07946P,華通統一9B售02  ,0,0,0,0,0,0,0,0,0,196000,0,0,0,200000,4000,196000,196000
006206,元大上證50      ,53000,12000,41000,0,0,0,0,0,0,155000,0,0,0,473000,318000,155000,196000
064444,聚陽統一01購02  ,0,0,0,0,0,0,0,0,0,196000,0,0,0,230000,34000,196000,196000
03321P,智邦凱基03售01  ,0,0,0,0,0,0,0,0,0,195000,0,0,0,340000,145000,195000,195000
064814,祥碩元大9C購06  ,0,0,0,0,0,0,0,0,0,195000,0,0,0,260000,65000,195000,195000
067487,京鼎元大01購06  ,0,0,0,0,0,0,0,0,0,195000,0,0,0,195000,0,195000,195000
067750,鈺齊元大02購01  ,0,0,0,0,0,0,0,0,0,195000,0,0,0,515000,320000,195000,195000
066901,台虹康和01購01  ,0,0,0,0,0,0,0,0,0,195000,0,0,0,275000,80000,195000,195000
067260,台郡國票02購02  ,0,0,0,0,0,0,0,0,0,195000,0,0,0,195000,0,195000,195000
065852,創意元大9C購06  ,0,0,0,0,0,0,0,0,0,195000,0,0,0,215000,20000,195000,195000
066031,力成群益01購01  ,0,0,0,0,0,0,0,0,0,195000,0,0,0,285000,90000,195000,195000
061762,台塑元大9B購01  ,0,0,0,0,0,0,0,0,0,194000,0,0,0,250000,56000,194000,194000
062182,華新科元大9B購07,0,0,0,0,0,0,0,0,0,194000,0,0,0,194000,0,194000,194000
061661,京鼎永豐9A購02  ,0,0,0,0,0,0,0,0,0,194000,0,0,0,194000,0,194000,194000
063947,大毅元大9C購02  ,0,0,0,0,0,0,0,0,0,194000,0,0,0,194000,0,194000,194000
065664,矽格永豐9C購01  ,0,0,0,0,0,0,0,0,0,194000,0,0,0,197000,3000,194000,194000
060920,超眾富邦9B購01  ,0,0,0,0,0,0,0,0,0,193000,0,0,0,233000,40000,193000,193000
054158,國巨日盛99購01  ,0,0,0,0,0,0,0,0,0,193000,0,0,0,193000,0,193000,193000
064945,中橡凱基9C購01  ,0,0,0,0,0,0,0,0,0,193000,0,0,0,193000,0,193000,193000
067820,和碩凱基01購01  ,0,0,0,0,0,0,0,0,0,193000,0,0,0,234000,41000,193000,193000
07861P,台灣50中信03售08,0,0,0,0,0,0,0,0,0,192000,0,0,0,200000,8000,192000,192000
07890P,南電國票9B售01  ,0,0,0,0,0,0,0,0,0,192000,0,0,0,192000,0,192000,192000
068973,亞德客元大02購04,0,0,0,0,0,0,0,0,0,192000,0,0,0,217000,25000,192000,192000
060540,南亞凱基9A購01  ,0,0,0,0,0,0,0,0,0,192000,0,0,0,192000,0,192000,192000
064774,聚陽群益9C購04  ,0,0,0,0,0,0,0,0,0,192000,0,0,0,243000,51000,192000,192000
061875,華新科元大9B購03,0,0,0,0,0,0,0,0,0,192000,0,0,0,192000,0,192000,192000
064343,健鼎元大9C購01  ,0,0,0,0,0,0,0,0,0,192000,0,0,0,192000,0,192000,192000
067491,健策元大01購10  ,0,0,0,0,0,0,0,0,0,192000,0,0,0,213000,21000,192000,192000
065239,超眾凱基02購02  ,0,0,0,0,0,0,0,0,0,192000,0,0,0,195000,3000,192000,192000
08850P,台光電群益01售03,0,0,0,0,0,0,0,0,0,192000,0,0,0,531000,339000,192000,192000
068726,全新元大02購01  ,0,0,0,0,0,0,0,0,0,191000,0,0,0,282000,91000,191000,191000
08404P,技嘉元大9C售02  ,0,0,0,0,0,0,0,0,0,191000,0,0,0,471000,280000,191000,191000
069584,中壽永豐02購01  ,0,0,0,0,0,0,0,0,0,191000,0,0,0,191000,0,191000,191000
060315,易華電永豐9A購01,0,0,0,0,0,0,0,0,0,191000,0,0,0,191000,0,191000,191000
061122,敬鵬永豐9A購01  ,0,0,0,0,0,0,0,0,0,191000,0,0,0,191000,0,191000,191000
062407,同欣電永豐9B購01,0,0,0,0,0,0,0,0,0,191000,0,0,0,191000,0,191000,191000
066291,惠特元大01購01  ,0,0,0,0,0,0,0,0,0,191000,0,0,0,221000,30000,191000,191000
3052,夆典            ,356000,165000,191000,0,0,0,0,0,0,0,0,0,0,0,0,0,191000
069596,精元國票02購01  ,0,0,0,0,0,0,0,0,0,190000,0,0,0,244000,54000,190000,190000
07198P,臺股指元大99售14,0,0,0,0,0,0,0,0,0,190000,0,0,0,190000,0,190000,190000
068654,國巨元大02購07  ,0,0,0,0,0,0,0,0,0,190000,0,0,0,202000,12000,190000,190000
068293,國巨兆豐01購03  ,0,0,0,0,0,0,0,0,0,190000,0,0,0,190000,0,190000,190000
068189,國巨凱基04購03  ,0,0,0,0,0,0,0,0,0,190000,0,0,0,200000,10000,190000,190000
00647L,元大S&P500正2   ,7000,7000,0,0,0,0,0,0,0,190000,0,0,0,203000,13000,190000,190000
064307,聚陽群益9C購03  ,0,0,0,0,0,0,0,0,0,190000,0,0,0,195000,5000,190000,190000
064037,寶成元大9C購02  ,0,0,0,0,0,0,0,0,0,190000,0,0,0,237000,47000,190000,190000
063673,GIS統一9C購02   ,0,0,0,0,0,0,0,0,0,190000,0,0,0,218000,28000,190000,190000
067869,玉晶光元大01購05,0,0,0,0,0,0,0,0,0,190000,0,0,0,190000,0,190000,190000
066759,盟立永豐01購03  ,0,0,0,0,0,0,0,0,0,190000,0,0,0,290000,100000,190000,190000
066640,達麗凱基01購01  ,0,0,0,0,0,0,0,0,0,190000,0,0,0,190000,0,190000,190000
063599,智邦凱基9B購04  ,0,0,0,0,0,0,0,0,0,189000,0,0,0,189000,0,189000,189000
064087,華新科凱基9C購03,0,0,0,0,0,0,0,0,0,189000,0,0,0,212000,23000,189000,189000
06716P,台積電元大9A售02,0,0,0,0,0,0,0,0,0,189000,0,0,0,839000,650000,189000,189000
068384,聯電統一03購02  ,0,0,0,0,0,0,0,0,0,188000,0,0,0,515000,327000,188000,188000
069386,敦泰元大02購01  ,0,0,0,0,0,0,0,0,0,188000,0,0,0,359000,171000,188000,188000
069415,欣興統一04購04  ,0,0,0,0,0,0,0,0,0,188000,0,0,0,229000,41000,188000,188000
064651,GIS凱基9C購02   ,0,0,0,0,0,0,0,0,0,188000,0,0,0,210000,22000,188000,188000
064295,聚陽國票01購01  ,0,0,0,0,0,0,0,0,0,188000,0,0,0,218000,30000,188000,188000
064461,致伸統一01購01  ,0,0,0,0,0,0,0,0,0,188000,0,0,0,188000,0,188000,188000
062145,億光國票9B購01  ,0,0,0,0,0,0,0,0,0,188000,0,0,0,189000,1000,188000,188000
069517,敦泰凱基02購01  ,0,0,0,0,0,0,0,0,0,187000,0,0,0,208000,21000,187000,187000
058720,旭富元富99購01  ,0,0,0,0,0,0,0,0,0,187000,0,0,0,187000,0,187000,187000
064759,景碩凱基9C購01  ,0,0,0,0,0,0,0,0,0,187000,0,0,0,203000,16000,187000,187000
063020,奇力新元大9B購04,0,0,0,0,0,0,0,0,0,187000,0,0,0,200000,13000,187000,187000
063895,新光金群益01購01,0,0,0,0,0,0,0,0,0,187000,0,0,0,187000,0,187000,187000
065299,燿華元富9C購02  ,0,0,0,0,0,0,0,0,0,187000,0,0,0,187000,0,187000,187000
068161,智易元大01購02  ,0,0,0,0,0,0,0,0,0,186000,0,0,0,239000,53000,186000,186000
058928,國巨統一9C購01  ,0,0,0,0,0,0,0,0,0,186000,0,0,0,973000,787000,186000,186000
059068,台虹國票9A購01  ,0,0,0,0,0,0,0,0,0,186000,0,0,0,254000,68000,186000,186000
063506,嘉晶群益9B購01  ,0,0,0,0,0,0,0,0,0,186000,0,0,0,201000,15000,186000,186000
066292,惠特元大01購02  ,0,0,0,0,0,0,0,0,0,186000,0,0,0,200000,14000,186000,186000
066750,緯穎元大01購04  ,0,0,0,0,0,0,0,0,0,186000,0,0,0,186000,0,186000,186000
068012,台虹元大01購04  ,0,0,0,0,0,0,0,0,0,185000,0,0,0,775000,590000,185000,185000
060815,茂林凱基9B購01  ,0,0,0,0,0,0,0,0,0,185000,0,0,0,578000,393000,185000,185000
061881,緯穎元大9B購02  ,0,0,0,0,0,0,0,0,0,185000,0,0,0,252000,67000,185000,185000
067123,京鼎富邦05購01  ,215000,0,215000,0,0,0,0,0,0,-30000,0,0,0,200000,230000,-30000,185000
066334,京城銀永豐01購01,0,0,0,0,0,0,0,0,0,185000,0,0,0,185000,0,185000,185000
1711,永光            ,445000,261000,184000,0,0,0,0,0,0,1000,1000,0,1000,0,0,0,185000
062816,華新科兆豐9B購01,0,0,0,0,0,0,0,0,0,184000,0,0,0,184000,0,184000,184000
063650,矽創元大9B購03  ,0,0,0,0,0,0,0,0,0,184000,0,0,0,184000,0,184000,184000
064585,中壽永豐9C購01  ,0,0,0,0,0,0,0,0,0,184000,0,0,0,184000,0,184000,184000
066030,超眾群益01購01  ,0,0,0,0,0,0,0,0,0,184000,0,0,0,189000,5000,184000,184000
066155,華碩康和01購01  ,0,0,0,0,0,0,0,0,0,184000,0,0,0,320000,136000,184000,184000
067073,國揚元大01購02  ,0,0,0,0,0,0,0,0,0,184000,0,0,0,688000,504000,184000,184000
9939,宏全            ,245000,134620,110380,0,0,0,0,0,0,73000,38000,2000,36000,51000,14000,37000,183380
068793,聯詠凱基03購03  ,0,0,0,0,0,0,0,0,0,183000,0,0,0,183000,0,183000,183000
060030,晶相光永豐99購03,0,0,0,0,0,0,0,0,0,183000,0,0,0,183000,0,183000,183000
064501,大立光元大01購02,0,0,0,0,0,0,0,0,0,183000,0,0,0,183000,0,183000,183000
064735,群創元富9C購02  ,0,0,0,0,0,0,0,0,0,183000,0,0,0,183000,0,183000,183000
063420,奇力新凱基9B購03,0,0,0,0,0,0,0,0,0,183000,0,0,0,229000,46000,183000,183000
063282,奇力新元大9B購06,0,0,0,0,0,0,0,0,0,183000,0,0,0,183000,0,183000,183000
065722,緯創兆豐9C購02  ,0,0,0,0,0,0,0,0,0,183000,0,0,0,210000,27000,183000,183000
068251,大立光元大01購18,0,0,0,0,0,0,0,0,0,182000,0,0,0,317000,135000,182000,182000
057798,貿聯兆豐99購01  ,0,0,0,0,0,0,0,0,0,182000,0,0,0,297000,115000,182000,182000
03411P,欣興元大02售08  ,64000,0,64000,0,0,0,0,0,0,118000,0,0,0,355000,237000,118000,182000
060677,京元電元大9A購04,0,0,0,0,0,0,0,0,0,182000,0,0,0,182000,0,182000,182000
064781,嘉晶群益9C購04  ,0,0,0,0,0,0,0,0,0,182000,0,0,0,385000,203000,182000,182000
064863,台積電永豐9C購01,0,0,0,0,0,0,0,0,0,182000,0,0,0,182000,0,182000,182000
064867,華新科永豐9C購03,0,0,0,0,0,0,0,0,0,182000,0,0,0,244000,62000,182000,182000
062343,中石化群益9B購01,0,0,0,0,0,0,0,0,0,182000,0,0,0,505000,323000,182000,182000
065882,景碩台新9C購03  ,0,0,0,0,0,0,0,0,0,182000,0,0,0,189000,7000,182000,182000
066483,瑞昱元富01購01  ,0,0,0,0,0,0,0,0,0,182000,0,0,0,280000,98000,182000,182000
067415,大成凱基01購01  ,0,0,0,0,0,0,0,0,0,182000,0,0,0,186000,4000,182000,182000
2027,大成鋼          ,1015000,717000,298000,0,0,0,0,0,0,-116000,2000,115000,-113000,11000,14000,-3000,182000
068122,彩晶元富03購01  ,0,0,0,0,0,0,0,0,0,181000,0,0,0,473000,292000,181000,181000
061229,緯穎中信9B購01  ,0,0,0,0,0,0,0,0,0,181000,0,0,0,181000,0,181000,181000
067541,華擎群益01購06  ,0,0,0,0,0,0,0,0,0,181000,0,0,0,371000,190000,181000,181000
2809,京城銀          ,733000,548000,185000,0,0,0,0,0,0,-4000,44000,5000,39000,0,43000,-43000,181000
3679,新至陞          ,224000,58000,166000,0,0,0,0,0,0,15000,17000,2000,15000,0,0,0,181000
4725,信昌化          ,59217,2000,57217,0,0,0,0,0,0,123000,0,0,0,123000,0,123000,180217
060678,聯詠元大9A購03  ,0,0,0,0,0,0,0,0,0,180000,0,0,0,180000,0,180000,180000
052619,茂林國泰99購01  ,0,0,0,0,0,0,0,0,0,180000,0,0,0,180000,0,180000,180000
061720,智邦國泰9C購01  ,0,0,0,0,0,0,0,0,0,180000,0,0,0,203000,23000,180000,180000
063259,廣達富邦9C購01  ,0,0,0,0,0,0,0,0,0,180000,0,0,0,198000,18000,180000,180000
062641,瀚宇博國票9B購01,0,0,0,0,0,0,0,0,0,180000,0,0,0,237000,57000,180000,180000
066767,敦泰永豐01購02  ,0,0,0,0,0,0,0,0,0,180000,0,0,0,180000,0,180000,180000
068722,瑞昱元大02購02  ,0,0,0,0,0,0,0,0,0,179000,0,0,0,256000,77000,179000,179000
069351,台虹群益03購01  ,0,0,0,0,0,0,0,0,0,179000,0,0,0,179000,0,179000,179000
062483,致新國票9B購01  ,0,0,0,0,0,0,0,0,0,179000,0,0,0,180000,1000,179000,179000
063867,全新永豐9C購01  ,0,0,0,0,0,0,0,0,0,179000,0,0,0,180000,1000,179000,179000
067078,京鼎元大01購04  ,0,0,0,0,0,0,0,0,0,179000,0,0,0,189000,10000,179000,179000
067141,台表科永豐01購01,0,0,0,0,0,0,0,0,0,179000,0,0,0,179000,0,179000,179000
065580,鈺齊群益01購01  ,0,0,0,0,0,0,0,0,0,179000,0,0,0,513000,334000,179000,179000
069287,大立光國泰04購03,0,0,0,0,0,0,0,0,0,178000,0,0,0,243000,65000,178000,178000
068420,大立光兆豐01購03,0,0,0,0,0,0,0,0,0,178000,0,0,0,193000,15000,178000,178000
060314,元翎永豐9A購01  ,0,0,0,0,0,0,0,0,0,178000,0,0,0,183000,5000,178000,178000
063273,緯穎兆豐9C購01  ,0,0,0,0,0,0,0,0,0,178000,0,0,0,233000,55000,178000,178000
061998,緯穎元大9B購03  ,0,0,0,0,0,0,0,0,0,178000,0,0,0,206000,28000,178000,178000
067862,泰豐元大01購02  ,0,0,0,0,0,0,0,0,0,178000,0,0,0,380000,202000,178000,178000
061492,超眾兆豐9B購01  ,0,0,0,0,0,0,0,0,0,177000,0,0,0,189000,12000,177000,177000
066388,力山凱基01購02  ,0,0,0,0,0,0,0,0,0,177000,0,0,0,369000,192000,177000,177000
062263,康控元大9B購03  ,0,0,0,0,0,0,0,0,0,176000,0,0,0,191000,15000,176000,176000
065027,玉晶光中信03購01,0,0,0,0,0,0,0,0,0,176000,0,0,0,357000,181000,176000,176000
067479,京元電元大01購05,0,0,0,0,0,0,0,0,0,176000,0,0,0,226000,50000,176000,176000
067405,超眾永豐01購01  ,0,0,0,0,0,0,0,0,0,176000,0,0,0,176000,0,176000,176000
069683,奇力新元大02購02,0,0,0,0,0,0,0,0,0,175000,0,0,0,235000,60000,175000,175000
059841,國巨富邦9C購01  ,0,0,0,0,0,0,0,0,0,175000,0,0,0,203000,28000,175000,175000
062487,中興電永豐9B購01,0,0,0,0,0,0,0,0,0,175000,0,0,0,181000,6000,175000,175000
062928,富邦金台新9B購02,0,0,0,0,0,0,0,0,0,175000,0,0,0,175000,0,175000,175000
063474,康控元大9B購04  ,0,0,0,0,0,0,0,0,0,175000,0,0,0,205000,30000,175000,175000
064030,泰碩元大01購01  ,0,0,0,0,0,0,0,0,0,175000,0,0,0,175000,0,175000,175000
067121,台虹群益01購01  ,0,0,0,0,0,0,0,0,0,175000,0,0,0,175000,0,175000,175000
069363,華擎永豐02購01  ,0,0,0,0,0,0,0,0,0,174000,0,0,0,283000,109000,174000,174000
08464P,牧德永豐9C售02  ,0,0,0,0,0,0,0,0,0,174000,0,0,0,249000,75000,174000,174000
068396,南電統一03購02  ,0,0,0,0,0,0,0,0,0,174000,0,0,0,174000,0,174000,174000
068265,信錦永豐01購01  ,0,0,0,0,0,0,0,0,0,174000,0,0,0,232000,58000,174000,174000
068023,聚陽元富07購01  ,0,0,0,0,0,0,0,0,0,174000,0,0,0,252000,78000,174000,174000
069092,台達電統一03購03,0,0,0,0,0,0,0,0,0,174000,0,0,0,377000,203000,174000,174000
061131,崇越永豐9A購01  ,0,0,0,0,0,0,0,0,0,174000,0,0,0,174000,0,174000,174000
062924,世紀鋼元大9C購04,0,0,0,0,0,0,0,0,0,174000,0,0,0,177000,3000,174000,174000
064886,燿華中信01購01  ,0,0,0,0,0,0,0,0,0,174000,0,0,0,174000,0,174000,174000
067690,惠特元大01購04  ,0,0,0,0,0,0,0,0,0,174000,0,0,0,184000,10000,174000,174000
067677,大立光元大01購13,0,0,0,0,0,0,0,0,0,174000,0,0,0,200000,26000,174000,174000
067649,台積電元富07購05,0,0,0,0,0,0,0,0,0,174000,0,0,0,1860000,1686000,174000,174000
2062,橋椿            ,219000,41000,178000,0,0,0,0,0,0,-4000,34000,38000,-4000,0,0,0,174000
08669P,聯發科群益02售02,0,0,0,0,0,0,0,0,0,174000,0,0,0,380000,206000,174000,174000
060191,亞光元富9A購02  ,0,0,0,0,0,0,0,0,0,173000,0,0,0,197000,24000,173000,173000
059510,華新科永豐99購07,0,0,0,0,0,0,0,0,0,173000,0,0,0,181000,8000,173000,173000
067528,聚陽群益01購01  ,0,0,0,0,0,0,0,0,0,173000,0,0,0,263000,90000,173000,173000
066489,京鼎元富04購01  ,0,0,0,0,0,0,0,0,0,173000,0,0,0,173000,0,173000,173000
068638,國泰金凱基03購01,0,0,0,0,0,0,0,0,0,172000,0,0,0,173000,1000,172000,172000
068499,京鼎元大01購07  ,0,0,0,0,0,0,0,0,0,172000,0,0,0,195000,23000,172000,172000
03330P,牧德群益02售03  ,0,0,0,0,0,0,0,0,0,172000,0,0,0,172000,0,172000,172000
064739,智邦國票01購01  ,0,0,0,0,0,0,0,0,0,172000,0,0,0,191000,19000,172000,172000
063708,上銀凱基9B購06  ,0,0,0,0,0,0,0,0,0,172000,0,0,0,265000,93000,172000,172000
066990,啟碁群益01購01  ,0,0,0,0,0,0,0,0,0,172000,0,0,0,275000,103000,172000,172000
068608,景碩凱基01購01  ,0,0,0,0,0,0,0,0,0,171000,0,0,0,208000,37000,171000,171000
069749,啟碁永豐02購01  ,0,0,0,0,0,0,0,0,0,171000,0,0,0,198000,27000,171000,171000
03202P,聯電凱基01售03  ,0,0,0,0,0,0,0,0,0,171000,0,0,0,222000,51000,171000,171000
061247,玉晶光群益9A購09,0,0,0,0,0,0,0,0,0,171000,0,0,0,205000,34000,171000,171000
063692,華擎永豐9B購02  ,0,0,0,0,0,0,0,0,0,171000,0,0,0,340000,169000,171000,171000
063124,奇力新元大9B購05,0,0,0,0,0,0,0,0,0,171000,0,0,0,251000,80000,171000,171000
061586,智邦富邦9A購02  ,0,0,0,0,0,0,0,0,0,171000,0,0,0,171000,0,171000,171000
067132,瑞昱永豐01購01  ,0,0,0,0,0,0,0,0,0,171000,0,0,0,291000,120000,171000,171000
069266,義隆兆豐04購02  ,0,0,0,0,0,0,0,0,0,170000,0,0,0,262000,92000,170000,170000
069555,南電元大02購08  ,0,0,0,0,0,0,0,0,0,170000,0,0,0,295000,125000,170000,170000
08099P,聯發科中信9B售04,0,0,0,0,0,0,0,0,0,170000,0,0,0,270000,100000,170000,170000
059375,道瓊反群益9C購02,0,0,0,0,0,0,0,0,0,170000,0,0,0,170000,0,170000,170000
062222,華新科統一9B購04,0,0,0,0,0,0,0,0,0,170000,0,0,0,220000,50000,170000,170000
064956,麗豐凱基9C購01  ,0,0,0,0,0,0,0,0,0,170000,0,0,0,170000,0,170000,170000
067122,眾達國泰03購02  ,0,0,0,0,0,0,0,0,0,170000,0,0,0,170000,0,170000,170000
069595,華碩國票03購01  ,0,0,0,0,0,0,0,0,0,169000,0,0,0,195000,26000,169000,169000
060849,力成國票9A購01  ,0,0,0,0,0,0,0,0,0,169000,0,0,0,170000,1000,169000,169000
064678,嘉晶兆豐01購01  ,0,0,0,0,0,0,0,0,0,169000,0,0,0,220000,51000,169000,169000
066757,南港永豐01購01  ,0,0,0,0,0,0,0,0,0,169000,0,0,0,269000,100000,169000,169000
067626,聚陽永豐01購01  ,0,0,0,0,0,0,0,0,0,169000,0,0,0,245000,76000,169000,169000
065571,神基群益01購01  ,0,0,0,0,0,0,0,0,0,169000,0,0,0,184000,15000,169000,169000
068205,京鼎凱基01購05  ,0,0,0,0,0,0,0,0,0,168000,0,0,0,228000,60000,168000,168000
059395,T50反1元富99購03,0,0,0,0,0,0,0,0,0,168000,0,0,0,168000,0,168000,168000
060676,京元電元大9A購03,0,0,0,0,0,0,0,0,0,168000,0,0,0,181000,13000,168000,168000
061645,超眾元大9A購06  ,0,0,0,0,0,0,0,0,0,168000,0,0,0,242000,74000,168000,168000
062958,長榮航麥證9B購01,0,0,0,168000,0,168000,0,0,0,168000,0,0,0,168000,0,168000,168000
062822,力成兆豐9B購01  ,0,0,0,0,0,0,0,0,0,168000,0,0,0,168000,0,168000,168000
064167,緯穎統一01購03  ,0,0,0,0,0,0,0,0,0,168000,0,0,0,203000,35000,168000,168000
063647,超眾元大9B購02  ,0,0,0,0,0,0,0,0,0,168000,0,0,0,170000,2000,168000,168000
065336,華新統一02購01  ,0,0,0,0,0,0,0,0,0,168000,0,0,0,220000,52000,168000,168000
067941,鎧勝凱基01購02  ,0,0,0,0,0,0,0,0,0,168000,0,0,0,168000,0,168000,168000
066597,緯穎群益02購01  ,0,0,0,0,0,0,0,0,0,168000,0,0,0,219000,51000,168000,168000
3645,達邁            ,1904000,2286000,-382000,0,0,0,570000,0,570000,-20000,0,20000,-20000,0,0,0,168000
2439,美律            ,176000,229000,-53000,0,0,0,0,0,0,221000,253000,15000,238000,6000,23000,-17000,168000
060307,南港永豐9A購01  ,0,0,0,0,0,0,0,0,0,167000,0,0,0,193000,26000,167000,167000
063541,華擎元富9B購02  ,0,0,0,0,0,0,0,0,0,167000,0,0,0,357000,190000,167000,167000
064424,華新科兆豐01購01,0,0,0,0,0,0,0,0,0,167000,0,0,0,167000,0,167000,167000
063021,大立光元大9C購05,0,0,0,0,0,0,0,0,0,167000,0,0,0,200000,33000,167000,167000
067705,遠東新元富01購01,0,0,0,0,0,0,0,0,0,167000,0,0,0,410000,243000,167000,167000
064208,智邦凱基02購01  ,0,0,0,0,0,0,0,0,0,166000,0,0,0,345000,179000,166000,166000
03414P,臺股指元大03售06,0,0,0,0,0,0,0,0,0,166000,0,0,0,228000,62000,166000,166000
00643,群益深証中小    ,16000,16000,0,0,0,0,0,0,0,166000,60000,30000,30000,277000,141000,136000,166000
064549,神基凱基9C購01  ,0,0,0,0,0,0,0,0,0,166000,0,0,0,166000,0,166000,166000
062379,致新元大9B購01  ,0,0,0,0,0,0,0,0,0,166000,0,0,0,192000,26000,166000,166000
063919,大立光元富03購01,0,0,0,0,0,0,0,0,0,166000,0,0,0,168000,2000,166000,166000
066461,智伸科統一04購01,0,0,0,0,0,0,0,0,0,166000,0,0,0,166000,0,166000,166000
069072,T50反1第一02購01,0,0,0,0,0,0,0,0,0,165000,0,0,0,165000,0,165000,165000
069603,京鼎國票03購01  ,0,0,0,0,0,0,0,0,0,165000,0,0,0,166000,1000,165000,165000
057666,奇力新元大9A購01,0,0,0,0,0,0,0,0,0,165000,0,0,0,205000,40000,165000,165000
064206,鴻海凱基03購02  ,0,0,0,0,0,0,0,0,0,165000,0,0,0,165000,0,165000,165000
063482,緯穎元大9B購09  ,0,0,0,0,0,0,0,0,0,165000,0,0,0,200000,35000,165000,165000
065150,上銀群益9C購03  ,0,0,0,0,0,0,0,0,0,165000,0,0,0,261000,96000,165000,165000
067928,華城凱基01購01  ,1000,0,1000,0,0,0,0,0,0,164000,0,0,0,567000,403000,164000,165000
067892,玉晶光群益02購06,0,0,0,0,0,0,0,0,0,165000,0,0,0,210000,45000,165000,165000
066743,和碩元大01購01  ,0,0,0,0,0,0,0,0,0,165000,0,0,0,336000,171000,165000,165000
069728,訊芯群益04購01  ,0,0,0,0,0,0,0,0,0,164000,0,0,0,184000,20000,164000,164000
08453P,玉晶光台新9C售02,0,0,0,0,0,0,0,0,0,164000,0,0,0,323000,159000,164000,164000
068030,台積電元富07購10,0,0,0,0,0,0,0,0,0,164000,0,0,0,264000,100000,164000,164000
068349,聯電凱基03購03  ,0,0,0,0,0,0,0,0,0,164000,0,0,0,214000,50000,164000,164000
062967,上銀元富9B購01  ,0,0,0,0,0,0,0,0,0,164000,0,0,0,565000,401000,164000,164000
063608,力成凱基9B購03  ,0,0,0,0,0,0,0,0,0,164000,0,0,0,164000,0,164000,164000
065099,聯茂元大9C購03  ,0,0,0,0,0,0,0,0,0,164000,0,0,0,164000,0,164000,164000
1451,年興            ,178000,14000,164000,0,0,0,0,0,0,0,0,0,0,0,0,0,164000
065060,上銀群益9C購02  ,0,0,0,0,0,0,0,0,0,163000,0,0,0,166000,3000,163000,163000
063695,上銀第一9B購01  ,0,0,0,0,0,0,0,0,0,163000,0,0,0,163000,0,163000,163000
063833,致新國票01購01  ,0,0,0,0,0,0,0,0,0,163000,0,0,0,163000,0,163000,163000
2486,一詮            ,221000,60000,161000,0,0,0,0,0,0,2000,4000,2000,2000,0,0,0,163000
6582,申豐            ,258000,94000,164000,0,0,0,0,0,0,-1000,0,6000,-6000,50000,45000,5000,163000
068200,亞光凱基01購01  ,0,0,0,0,0,0,0,0,0,162000,0,0,0,162000,0,162000,162000
064248,億光元富9C購01  ,0,0,0,0,0,0,0,0,0,162000,0,0,0,392000,230000,162000,162000
060187,華新科元富9A購02,0,0,0,0,0,0,0,0,0,162000,0,0,0,165000,3000,162000,162000
058986,華新科凱基9A購03,0,0,0,0,0,0,0,0,0,162000,0,0,0,162000,0,162000,162000
063397,廣達群益9B購02  ,0,0,0,0,0,0,0,0,0,162000,0,0,0,170000,8000,162000,162000
065051,和碩凱基02購01  ,0,0,0,0,0,0,0,0,0,162000,0,0,0,177000,15000,162000,162000
064905,嘉聯益群益9C購01,0,0,0,0,0,0,0,0,0,162000,0,0,0,179000,17000,162000,162000
062012,燿華富邦9C購01  ,0,0,0,0,0,0,0,0,0,162000,0,0,0,162000,0,162000,162000
061517,瑞祺永豐9A購03  ,0,0,0,0,0,0,0,0,0,162000,0,0,0,726000,564000,162000,162000
066991,訊芯群益01購01  ,0,0,0,0,0,0,0,0,0,162000,0,0,0,655000,493000,162000,162000
068183,彩晶群益03購02  ,0,0,0,0,0,0,0,0,0,161000,0,0,0,641000,480000,161000,161000
064569,群創群益9C購01  ,0,0,0,0,0,0,0,0,0,161000,0,0,0,162000,1000,161000,161000
062549,中租永豐9B購01  ,0,0,0,0,0,0,0,0,0,161000,0,0,0,374000,213000,161000,161000
064680,創意兆豐01購01  ,0,0,0,0,0,0,0,0,0,161000,0,0,0,161000,0,161000,161000
066982,嘉晶群益02購01  ,0,0,0,0,0,0,0,0,0,161000,0,0,0,251000,90000,161000,161000
067530,國巨群益01購09  ,0,0,0,0,0,0,0,0,0,161000,0,0,0,251000,90000,161000,161000
08507P,臺股指國票9C售08,0,0,0,0,0,0,0,0,0,160000,0,0,0,165000,5000,160000,160000
08090P,嘉澤統一9B售01  ,0,0,0,0,0,0,0,0,0,160000,0,0,0,161000,1000,160000,160000
057041,國巨元大99購04  ,0,0,0,0,0,0,0,0,0,160000,0,0,0,160000,0,160000,160000
056492,全新國泰9A購01  ,0,0,0,0,0,0,0,0,0,160000,0,0,0,160000,0,160000,160000
062036,致新群益9B購01  ,0,0,0,0,0,0,0,0,0,160000,0,0,0,172000,12000,160000,160000
064903,新唐群益9C購01  ,0,0,0,0,0,0,0,0,0,160000,0,0,0,162000,2000,160000,160000
063361,台表科國泰01購02,0,0,0,0,0,0,0,0,0,160000,0,0,0,160000,0,160000,160000
063528,元大金凱基9B購01,0,0,0,0,0,0,0,0,0,160000,0,0,0,163000,3000,160000,160000
062910,亞光元大9B購01  ,0,0,0,0,0,0,0,0,0,160000,0,0,0,162000,2000,160000,160000
067662,聚陽元大01購03  ,0,0,0,0,0,0,0,0,0,160000,0,0,0,224000,64000,160000,160000
067780,臺指反群益02購03,0,0,0,0,0,0,0,0,0,160000,0,0,0,160000,0,160000,160000
066818,力成兆豐01購01  ,0,0,0,0,0,0,0,0,0,160000,0,0,0,160000,0,160000,160000
065546,景碩兆豐01購01  ,0,0,0,0,0,0,0,0,0,160000,0,0,0,186000,26000,160000,160000
065967,國巨元大01購07  ,0,0,0,0,0,0,0,0,0,160000,0,0,0,160000,0,160000,160000
07791P,奇鋐元大9A售02  ,0,0,0,0,0,0,0,0,0,159000,0,0,0,167000,8000,159000,159000
062744,超眾國泰9C購01  ,0,0,0,0,0,0,0,0,0,159000,0,0,0,194000,35000,159000,159000
061646,力成元大9A購02  ,0,0,0,0,0,0,0,0,0,159000,0,0,0,160000,1000,159000,159000
066566,康控元大01購01  ,0,0,0,0,0,0,0,0,0,159000,0,0,0,185000,26000,159000,159000
065673,嘉晶凱基01購02  ,0,0,0,0,0,0,0,0,0,159000,0,0,0,309000,150000,159000,159000
061787,華新科群益9C購01,0,0,0,0,0,0,0,0,0,158000,0,0,0,161000,3000,158000,158000
066508,世紀鋼富邦03購01,0,0,0,0,0,0,0,0,0,158000,0,0,0,216000,58000,158000,158000
065943,台表科元富01購01,0,0,0,0,0,0,0,0,0,158000,0,0,0,200000,42000,158000,158000
067853,京鼎國票02購01  ,0,0,0,0,0,0,0,0,0,158000,0,0,0,158000,0,158000,158000
068631,亞泥凱基02購01  ,0,0,0,0,0,0,0,0,0,157000,0,0,0,262000,105000,157000,157000
058650,台虹永豐9A購01  ,0,0,0,0,0,0,0,0,0,157000,0,0,0,228000,71000,157000,157000
060322,卜蜂群益9A購01  ,0,0,0,0,0,0,0,0,0,157000,0,0,0,259000,102000,157000,157000
064766,矽創凱基9C購01  ,0,0,0,0,0,0,0,0,0,157000,0,0,0,157000,0,157000,157000
062809,同欣電統一9C購01,0,0,0,0,0,0,0,0,0,157000,0,0,0,307000,150000,157000,157000
066838,致新群益02購02  ,0,0,0,0,0,0,0,0,0,157000,0,0,0,207000,50000,157000,157000
068987,GIS元大03購01   ,0,0,0,0,0,0,0,0,0,156000,0,0,0,324000,168000,156000,156000
069608,彩晶國票03購01  ,0,0,0,0,0,0,0,0,0,156000,0,0,0,860000,704000,156000,156000
058911,茂林元大99購04  ,0,0,0,0,0,0,0,0,0,156000,0,0,0,256000,100000,156000,156000
058272,超眾永豐9A購01  ,0,0,0,0,0,0,0,0,0,156000,0,0,0,156000,0,156000,156000
059865,國巨凱基01購01  ,0,0,0,0,0,0,0,0,0,156000,0,0,0,264000,108000,156000,156000
061544,大毅群益9B購02  ,0,0,0,0,0,0,0,0,0,156000,0,0,0,156000,0,156000,156000
067650,技嘉元富07購03  ,0,0,0,0,0,0,0,0,0,156000,0,0,0,327000,171000,156000,156000
066393,華碩凱基01購01  ,0,0,0,0,0,0,0,0,0,156000,0,0,0,220000,64000,156000,156000
9105,泰金寶-DR       ,590000,434000,156000,0,0,0,0,0,0,0,0,0,0,0,0,0,156000
069538,聯電元大02購12  ,0,0,0,0,0,0,0,0,0,155000,0,0,0,258000,103000,155000,155000
068154,聯發科元大01購23,0,0,0,0,0,0,0,0,0,155000,0,0,0,303000,148000,155000,155000
00753L,中信中國50正2   ,0,0,0,0,0,0,0,0,0,155000,0,0,0,314000,159000,155000,155000
062916,智易元大9B購01  ,0,0,0,0,0,0,0,0,0,155000,0,0,0,257000,102000,155000,155000
061318,智邦凱基9B購01  ,0,0,0,0,0,0,0,0,0,155000,0,0,0,163000,8000,155000,155000
065689,群創元富9C購04  ,0,0,0,0,0,0,0,0,0,155000,0,0,0,155000,0,155000,155000
065762,台表科元大9C購13,0,0,0,0,0,0,0,0,0,155000,0,0,0,385000,230000,155000,155000
066575,緯穎元大01購03  ,0,0,0,0,0,0,0,0,0,155000,0,0,0,155000,0,155000,155000
069133,神隆永豐02購01  ,0,0,0,0,0,0,0,0,0,154000,0,0,0,158000,4000,154000,154000
068730,富邦金元大02購01,0,0,0,0,0,0,0,0,0,154000,0,0,0,220000,66000,154000,154000
056829,台積電富邦9A購01,0,0,0,0,0,0,0,0,0,154000,0,0,0,154000,0,154000,154000
060723,致新永豐9A購01  ,0,0,0,0,0,0,0,0,0,154000,0,0,0,159000,5000,154000,154000
059852,康控永豐99購02  ,0,0,0,0,0,0,0,0,0,154000,0,0,0,154000,0,154000,154000
064274,燿華元大9C購01  ,0,0,0,0,0,0,0,0,0,154000,0,0,0,164000,10000,154000,154000
062253,燿華元大9B購02  ,0,0,0,0,0,0,0,0,0,154000,0,0,0,154000,0,154000,154000
062113,瑞祺國票9B購01  ,0,0,0,0,0,0,0,0,0,154000,0,0,0,212000,58000,154000,154000
066557,京鼎元大01購01  ,0,0,0,0,0,0,0,0,0,154000,0,0,0,214000,60000,154000,154000
068120,智易元富07購01  ,0,0,0,0,0,0,0,0,0,153000,0,0,0,153000,0,153000,153000
064240,群創統一02購02  ,0,0,0,0,0,0,0,0,0,153000,0,0,0,181000,28000,153000,153000
058752,鈺齊凱基9A購01  ,0,0,0,0,0,0,0,0,0,153000,0,0,0,344000,191000,153000,153000
057870,大立光凱基99購02,0,0,0,0,0,0,0,0,0,153000,0,0,0,155000,2000,153000,153000
057328,京鼎群益99購02  ,0,0,0,0,0,0,0,0,0,153000,0,0,0,153000,0,153000,153000
063520,上銀凱基9B購05  ,0,0,0,0,0,0,0,0,0,153000,0,0,0,169000,16000,153000,153000
066016,台表科元富01購02,0,0,0,0,0,0,0,0,0,153000,0,0,0,221000,68000,153000,153000
065199,華擎元富03購01  ,0,0,0,0,0,0,0,0,0,153000,0,0,0,311000,158000,153000,153000
067694,聚陽中信03購01  ,0,0,0,0,0,0,0,0,0,153000,0,0,0,180000,27000,153000,153000
067936,泰碩凱基01購02  ,0,0,0,0,0,0,0,0,0,153000,0,0,0,183000,30000,153000,153000
069257,康控凱基02購02  ,0,0,0,0,0,0,0,0,0,152000,0,0,0,156000,4000,152000,152000
08381P,台灣50群益9C售06,0,0,0,0,0,0,0,0,0,152000,0,0,0,152000,0,152000,152000
03033P,微星國票03售01  ,0,0,0,0,0,0,0,0,0,152000,0,0,0,252000,100000,152000,152000
060617,華新科元大9A購08,0,0,0,0,0,0,0,0,0,152000,0,0,0,193000,41000,152000,152000
060451,中石化元大9C購02,0,0,0,0,0,0,0,0,0,152000,0,0,0,259000,107000,152000,152000
064815,台表科元大01購01,0,0,0,0,0,0,0,0,0,152000,0,0,0,254000,102000,152000,152000
065870,正崴群益02購01  ,0,0,0,0,0,0,0,0,0,152000,0,0,0,245000,93000,152000,152000
066013,友訊元富01購02  ,0,0,0,0,0,0,0,0,0,152000,0,0,0,266000,114000,152000,152000
4144,康聯-KY         ,153000,1000,152000,0,0,0,0,0,0,0,0,0,0,0,0,0,152000
08744P,臺股指凱基02售05,0,0,0,0,0,0,0,0,0,152000,0,0,0,318000,166000,152000,152000
8464,億豐            ,312000,238725,73275,0,0,0,79000,0,79000,-1000,11000,3000,8000,6000,15000,-9000,151275
069277,欣興永豐02購06  ,0,0,0,0,0,0,0,0,0,151000,0,0,0,200000,49000,151000,151000
068888,茂林統一03購01  ,0,0,0,0,0,0,0,0,0,151000,0,0,0,926000,775000,151000,151000
060401,世紀鋼國票9B購01,0,0,0,0,0,0,0,0,0,151000,0,0,0,165000,14000,151000,151000
059760,楠梓電永豐99購01,0,0,0,0,0,0,0,0,0,151000,0,0,0,207000,56000,151000,151000
056277,上銀富邦99購02  ,0,0,0,0,0,0,0,0,0,151000,0,0,0,523000,372000,151000,151000
062564,矽創凱基9B購01  ,0,0,0,0,0,0,0,0,0,151000,0,0,0,151000,0,151000,151000
06326P,鴻海中信01售01  ,0,0,0,0,0,0,0,0,0,151000,0,0,0,151000,0,151000,151000
063339,智邦統一01購01  ,0,0,0,0,0,0,0,0,0,151000,0,0,0,180000,29000,151000,151000
068482,光寶科元大01購01,0,0,0,0,0,0,0,0,0,150000,0,0,0,156000,6000,150000,150000
057727,華邦電國泰9A購01,0,0,0,0,0,0,0,0,0,150000,0,0,0,150000,0,150000,150000
00686R,群益臺灣加權反1 ,0,0,0,0,0,0,0,0,0,150000,0,0,0,174000,24000,150000,150000
057286,群創元大9B購05  ,0,0,0,0,0,0,0,0,0,150000,0,0,0,150000,0,150000,150000
060880,中壽中信9C購01  ,0,0,0,0,0,0,0,0,0,150000,0,0,0,150000,0,150000,150000
061735,上銀凱基9B購01  ,0,0,0,0,0,0,0,0,0,150000,0,0,0,169000,19000,150000,150000
064187,亞光永豐9C購01  ,0,0,0,0,0,0,0,0,0,150000,0,0,0,150000,0,150000,150000
064524,GIS群益02購01   ,0,0,0,0,0,0,0,0,0,150000,0,0,0,181000,31000,150000,150000
065380,緯穎元大9C購02  ,0,0,0,0,0,0,0,0,0,150000,0,0,0,250000,100000,150000,150000
067715,泰豐凱基02購01  ,0,0,0,0,0,0,0,0,0,150000,0,0,0,150000,0,150000,150000
068623,美律群益02購01  ,0,0,0,0,0,0,0,0,0,149000,0,0,0,182000,33000,149000,149000
08140P,祥碩元大9B售07  ,0,0,0,0,0,0,0,0,0,149000,0,0,0,446000,297000,149000,149000
07979P,大立光凱基9B售05,0,0,0,0,0,0,0,0,0,149000,0,0,0,200000,51000,149000,149000
058292,上銀凱基9A購01  ,0,0,0,0,0,0,0,0,0,149000,0,0,0,264000,115000,149000,149000
058896,中環元大99購03  ,0,0,0,0,0,0,0,0,0,149000,0,0,0,149000,0,149000,149000
057662,上銀元大9A購01  ,0,0,0,0,0,0,0,0,0,149000,0,0,0,175000,26000,149000,149000
056395,玉晶光永豐9B購01,0,0,0,0,0,0,0,0,0,149000,0,0,0,227000,78000,149000,149000
062660,神隆群益9B購02  ,0,0,0,0,0,0,0,0,0,149000,0,0,0,161000,12000,149000,149000
063984,華邦電國泰02購01,0,0,0,0,0,0,0,0,0,149000,0,0,0,149000,0,149000,149000
065537,健鼎統一02購05  ,0,0,0,0,0,0,0,0,0,149000,0,0,0,187000,38000,149000,149000
068902,瑞儀元大02購03  ,0,0,0,0,0,0,0,0,0,148000,0,0,0,279000,131000,148000,148000
03379P,奇鋐群益02售03  ,0,0,0,0,0,0,0,0,0,148000,0,0,0,239000,91000,148000,148000
03098P,大立光凱基01售10,0,0,0,0,0,0,0,0,0,148000,0,0,0,205000,57000,148000,148000
058693,旭富國票9A購01  ,0,0,0,0,0,0,0,0,0,148000,0,0,0,226000,78000,148000,148000
064514,喬山群益9C購01  ,0,0,0,0,0,0,0,0,0,148000,0,0,0,286000,138000,148000,148000
066026,泰碩群益03購01  ,0,0,0,0,0,0,0,0,0,148000,0,0,0,178000,30000,148000,148000
067764,寶成永豐01購01  ,0,0,0,0,0,0,0,0,0,148000,0,0,0,148000,0,148000,148000
067344,鎧勝凱基02購01  ,0,0,0,0,0,0,0,0,0,148000,0,0,0,149000,1000,148000,148000
067287,瀚宇博國票02購01,0,0,0,0,0,0,0,0,0,148000,0,0,0,244000,96000,148000,148000
058162,上銀日盛9B購01  ,0,0,0,0,0,0,0,0,0,147000,0,0,0,361000,214000,147000,147000
064535,國產國票01購01  ,0,0,0,0,0,0,0,0,0,147000,0,0,0,188000,41000,147000,147000
062195,聚陽中信9C購01  ,0,0,0,0,0,0,0,0,0,147000,0,0,0,207000,60000,147000,147000
063280,燿華元大9B購05  ,0,0,0,0,0,0,0,0,0,147000,0,0,0,147000,0,147000,147000
064465,台表科統一01購02,0,0,0,0,0,0,0,0,0,147000,0,0,0,180000,33000,147000,147000
064443,同欣電凱基03購01,0,0,0,0,0,0,0,0,0,147000,0,0,0,147000,0,147000,147000
061877,貿聯元大9B購01  ,0,0,0,0,0,0,0,0,0,147000,0,0,0,161000,14000,147000,147000
4119,旭富            ,256000,151066,104934,0,0,0,0,0,0,42000,0,3000,-3000,105000,60000,45000,146934
069230,申豐群益02購01  ,0,0,0,0,0,0,0,0,0,146000,0,0,0,691000,545000,146000,146000
068360,緯穎凱基01購05  ,0,0,0,0,0,0,0,0,0,146000,0,0,0,187000,41000,146000,146000
060911,大毅元大9A購01  ,0,0,0,0,0,0,0,0,0,146000,0,0,0,146000,0,146000,146000
065001,中橡國票9C購01  ,0,0,0,0,0,0,0,0,0,146000,0,0,0,146000,0,146000,146000
1104,環泥            ,220000,76000,144000,0,0,0,0,0,0,2000,2000,0,2000,0,0,0,146000
069273,精元永豐02購02  ,0,0,0,0,0,0,0,0,0,145000,0,0,0,151000,6000,145000,145000
062509,SP黃豆國票9B購03,0,0,0,0,0,0,0,0,0,145000,0,0,0,155000,10000,145000,145000
062327,燿華統一9B購02  ,0,0,0,0,0,0,0,0,0,145000,0,0,0,145000,0,145000,145000
061866,力山元大9C購01  ,0,0,0,0,0,0,0,0,0,145000,0,0,0,165000,20000,145000,145000
061476,大毅元大9A購02  ,0,0,0,0,0,0,0,0,0,145000,0,0,0,145000,0,145000,145000
063353,上銀元富9B購03  ,0,0,0,0,0,0,0,0,0,145000,0,0,0,145000,0,145000,145000
065932,世紀鋼國票02購01,0,0,0,0,0,0,0,0,0,145000,0,0,0,262000,117000,145000,145000
065948,燿華統一01購02  ,0,0,0,0,0,0,0,0,0,145000,0,0,0,145000,0,145000,145000
068278,惠特永豐01購03  ,0,0,0,0,0,0,0,0,0,144000,0,0,0,144000,0,144000,144000
069060,台積電麥證02購02,0,0,0,244000,100000,144000,0,0,0,144000,0,0,0,244000,100000,144000,144000
059292,華新科元富9B購02,0,0,0,0,0,0,0,0,0,144000,0,0,0,167000,23000,144000,144000
059344,長榮航凱基99購01,0,0,0,0,0,0,0,0,0,144000,0,0,0,144000,0,144000,144000
061353,康控元大9A購01  ,0,0,0,0,0,0,0,0,0,144000,0,0,0,169000,25000,144000,144000
064685,裕隆群益9C購01  ,0,0,0,0,0,0,0,0,0,144000,0,0,0,211000,67000,144000,144000
066398,京鼎凱基01購02  ,0,0,0,0,0,0,0,0,0,144000,0,0,0,144000,0,144000,144000
067454,矽格國票02購02  ,0,0,0,0,0,0,0,0,0,144000,0,0,0,179000,35000,144000,144000
069156,台積電元大02購21,0,0,0,0,0,0,0,0,0,143000,0,0,0,257000,114000,143000,143000
068862,義隆元富04購01  ,0,0,0,0,0,0,0,0,0,143000,0,0,0,243000,100000,143000,143000
064214,群創凱基03購01  ,0,1000,-1000,0,0,0,0,0,0,144000,0,0,0,177000,33000,144000,143000
062922,南六元大9B購03  ,0,0,0,0,0,0,0,0,0,143000,0,0,0,143000,0,143000,143000
062932,滬深2X凱基01購01,0,0,0,0,0,0,0,0,0,143000,0,0,0,367000,224000,143000,143000
063214,康控國票9C購01  ,0,0,0,0,0,0,0,0,0,143000,0,0,0,143000,0,143000,143000
067678,大立光元大02購02,0,0,0,0,0,0,0,0,0,143000,0,0,0,389000,246000,143000,143000
065457,旭富元富03購01  ,0,0,0,0,0,0,0,0,0,143000,0,0,0,262000,119000,143000,143000
068191,台積電凱基01購21,0,0,0,0,0,0,0,0,0,142000,0,0,0,292000,150000,142000,142000
069670,聯電元大02購17  ,0,0,0,0,0,0,0,0,0,142000,0,0,0,185000,43000,142000,142000
08355P,智邦元大9C售03  ,0,0,0,0,0,0,0,0,0,142000,0,0,0,296000,154000,142000,142000
061437,燿華凱基9A購01  ,0,0,0,0,0,0,0,0,0,142000,0,0,0,142000,0,142000,142000
063782,致新永豐9B購02  ,0,0,0,0,0,0,0,0,0,142000,0,0,0,200000,58000,142000,142000
062523,世紀鋼元大9C購03,0,0,0,0,0,0,0,0,0,142000,0,0,0,712000,570000,142000,142000
061694,玉山金群益9A購01,0,0,0,0,0,0,0,0,0,142000,0,0,0,340000,198000,142000,142000
066515,強茂永豐01購02  ,0,0,0,0,0,0,0,0,0,142000,0,0,0,600000,458000,142000,142000
066992,緯穎群益01購02  ,0,0,0,0,0,0,0,0,0,142000,0,0,0,165000,23000,142000,142000
069661,南港兆豐03購02  ,0,0,0,0,0,0,0,0,0,141000,0,0,0,299000,158000,141000,141000
069004,瑞昱兆豐03購02  ,0,0,0,0,0,0,0,0,0,141000,0,0,0,154000,13000,141000,141000
063921,大立光元富9C購03,0,0,0,0,0,0,0,0,0,141000,0,0,0,242000,101000,141000,141000
066893,技嘉兆豐01購02  ,0,0,0,0,0,0,0,0,0,141000,0,0,0,401000,260000,141000,141000
066524,創意統一02購03  ,0,0,0,0,0,0,0,0,0,141000,0,0,0,244000,103000,141000,141000
068905,巨大元大03購01  ,0,0,0,0,0,0,0,0,0,140000,0,0,0,260000,120000,140000,140000
068796,麗豐凱基02購01  ,0,0,0,0,0,0,0,0,0,140000,0,0,0,140000,0,140000,140000
068615,矽創凱基03購01  ,0,0,0,0,0,0,0,0,0,140000,0,0,0,160000,20000,140000,140000
068563,宏碁元大01購05  ,0,0,0,0,0,0,0,0,0,140000,0,0,0,407000,267000,140000,140000
068478,瑞儀群益01購02  ,0,0,0,0,0,0,0,0,0,140000,0,0,0,140000,0,140000,140000
069524,矽創凱基02購01  ,0,0,0,0,0,0,0,0,0,140000,0,0,0,140000,0,140000,140000
062731,力成凱基9B購02  ,0,0,0,0,0,0,0,0,0,140000,0,0,0,140000,0,140000,140000
057485,友達元大9C購04  ,0,0,0,0,0,0,0,0,0,140000,0,0,0,140000,0,140000,140000
063356,台表科元富02購01,0,0,0,0,0,0,0,0,0,140000,0,0,0,151000,11000,140000,140000
066092,億豐永豐01購01  ,0,0,0,0,0,0,0,0,0,140000,0,0,0,269000,129000,140000,140000
067913,華城永豐01購03  ,0,0,0,0,0,0,0,0,0,140000,0,0,0,234000,94000,140000,140000
07294P,滬深2X元富9C售08,0,0,0,0,0,0,0,0,0,139000,0,0,0,145000,6000,139000,139000
068450,台積電國票01購10,0,0,0,0,0,0,0,0,0,139000,0,0,0,201000,62000,139000,139000
069077,智邦凱基03購02  ,0,0,0,0,0,0,0,0,0,139000,0,0,0,157000,18000,139000,139000
056738,國巨凱基9A購02  ,0,0,0,0,0,0,0,0,0,139000,0,0,0,139000,0,139000,139000
03005P,旭富群益01售05  ,0,0,0,0,0,0,0,0,0,139000,0,0,0,199000,60000,139000,139000
064326,裕隆元大9C購01  ,0,0,0,0,0,0,0,0,0,139000,0,0,0,280000,141000,139000,139000
063674,力山國泰01購02  ,0,0,0,0,0,0,0,0,0,139000,0,0,0,439000,300000,139000,139000
066850,鎧勝元大01購03  ,0,0,0,0,0,0,0,0,0,139000,0,0,0,139000,0,139000,139000
067043,佳世達凱基01購01,0,0,0,0,0,0,0,0,0,139000,0,0,0,275000,136000,139000,139000
065351,中租統一02購02  ,0,0,0,0,0,0,0,0,0,139000,0,0,0,145000,6000,139000,139000
068233,同欣電元富05購01,0,0,0,0,0,0,0,0,0,138000,0,0,0,188000,50000,138000,138000
00737,國泰AI+Robo     ,0,0,0,0,0,0,0,0,0,138000,0,0,0,273000,135000,138000,138000
057393,台積電中信02購01,0,0,0,0,0,0,0,0,0,138000,0,0,0,138000,0,138000,138000
064278,高鐵元大9C購02  ,0,0,0,0,0,0,0,0,0,138000,0,0,0,151000,13000,138000,138000
064306,和潤兆豐01購01  ,0,0,0,0,0,0,0,0,0,138000,0,0,0,193000,55000,138000,138000
065833,中租凱基02購01  ,0,0,0,0,0,0,0,0,0,138000,0,0,0,242000,104000,138000,138000
067221,台表科元大01購02,0,0,0,0,0,0,0,0,0,138000,0,0,0,307000,169000,138000,138000
066851,瀚宇博元大01購02,0,0,0,0,0,0,0,0,0,138000,0,0,0,485000,347000,138000,138000
066625,瑞昱凱基02購01  ,0,0,0,0,0,0,0,0,0,138000,0,0,0,154000,16000,138000,138000
9935,慶豐富          ,753000,615000,138000,0,0,0,0,0,0,0,0,0,0,0,0,0,138000
069626,儒鴻元富05購01  ,0,0,0,0,0,0,0,0,0,137000,0,0,0,197000,60000,137000,137000
060882,大立光中信9A購05,0,0,0,0,0,0,0,0,0,137000,0,0,0,137000,0,137000,137000
059959,訊芯康和99購01  ,0,0,0,0,0,0,0,0,0,137000,0,0,0,142000,5000,137000,137000
060064,華新科兆豐99購07,0,0,0,0,0,0,0,0,0,137000,0,0,0,149000,12000,137000,137000
062457,京元電群益9B購01,0,0,0,0,0,0,0,0,0,137000,0,0,0,175000,38000,137000,137000
065271,日月光元大9C購02,0,0,0,0,0,0,0,0,0,137000,0,0,0,187000,50000,137000,137000
059954,華新科康和99購01,0,0,0,0,0,0,0,0,0,136000,0,0,0,141000,5000,136000,136000
057447,智邦元富02購01  ,0,0,0,0,0,0,0,0,0,136000,0,0,0,160000,24000,136000,136000
062153,智邦麥證9B購01  ,0,0,0,159000,13000,146000,0,0,0,136000,0,0,0,159000,23000,136000,136000
064833,新光金統一02購01,0,0,0,0,0,0,0,0,0,136000,0,0,0,136000,0,136000,136000
063369,聚陽永豐9B購01  ,0,0,0,0,0,0,0,0,0,136000,0,0,0,145000,9000,136000,136000
065232,健策凱基02購01  ,0,0,0,0,0,0,0,0,0,136000,0,0,0,170000,34000,136000,136000
065438,緯穎凱基9C購04  ,0,0,0,0,0,0,0,0,0,136000,0,0,0,163000,27000,136000,136000
067434,日月光凱基01購01,0,0,0,0,0,0,0,0,0,136000,0,0,0,137000,1000,136000,136000
08920P,臺股指凱基03售07,0,0,0,0,0,0,0,0,0,136000,0,0,0,174000,38000,136000,136000
069740,智邦永豐02購02  ,0,0,0,0,0,0,0,0,0,135000,0,0,0,135000,0,135000,135000
069539,聯電元大02購13  ,0,0,0,0,0,0,0,0,0,135000,0,0,0,256000,121000,135000,135000
068405,玉晶光元富07購01,0,0,0,0,0,0,0,0,0,135000,0,0,0,649000,514000,135000,135000
064273,華邦電元大9C購02,0,0,0,0,0,0,0,0,0,135000,0,0,0,150000,15000,135000,135000
066657,滬深2X凱基04購01,0,0,0,0,0,0,0,0,0,135000,0,0,0,143000,8000,135000,135000
066847,群創元大01購03  ,0,0,0,0,0,0,0,0,0,135000,0,0,0,150000,15000,135000,135000
065170,智邦元大9C購07  ,0,0,0,0,0,0,0,0,0,135000,0,0,0,236000,101000,135000,135000
066345,正文永豐01購01  ,0,0,0,0,0,0,0,0,0,135000,0,0,0,238000,103000,135000,135000
068891,亞德客元大02購03,0,0,0,0,0,0,0,0,0,134000,0,0,0,184000,50000,134000,134000
069546,微星元大02購01  ,0,0,0,0,0,0,0,0,0,134000,0,0,0,391000,257000,134000,134000
062747,立積永豐9B購01  ,0,0,0,0,0,0,0,0,0,134000,0,0,0,182000,48000,134000,134000
060014,中鋼康和99購01  ,0,0,0,0,0,0,0,0,0,134000,0,0,0,134000,0,134000,134000
059051,和大凱基9A購01  ,0,0,0,0,0,0,0,0,0,134000,0,0,0,154000,20000,134000,134000
063814,嘉晶群益9C購01  ,0,0,0,0,0,0,0,0,0,134000,0,0,0,322000,188000,134000,134000
062546,新日興永豐9B購01,0,0,0,0,0,0,0,0,0,134000,0,0,0,134000,0,134000,134000
061974,光寶科元大9B購01,0,0,0,0,0,0,0,0,0,134000,0,0,0,175000,41000,134000,134000
066214,惠特統一03購02  ,0,0,0,0,0,0,0,0,0,134000,0,0,0,134000,0,134000,134000
065647,健鼎元大9C購05  ,0,0,0,0,0,0,0,0,0,134000,0,0,0,221000,87000,134000,134000
067152,義隆統一02購03  ,0,0,0,0,0,0,0,0,0,134000,0,0,0,192000,58000,134000,134000
067737,英業達元大01購01,0,0,0,0,0,0,0,0,0,134000,0,0,0,134000,0,134000,134000
069566,宏碁凱基02購02  ,0,0,0,0,0,0,0,0,0,133000,0,0,0,164000,31000,133000,133000
068768,台積電統一05購01,0,0,0,0,0,0,0,0,0,133000,0,0,0,135000,2000,133000,133000
057877,神達元大99購01  ,0,0,0,0,0,0,0,0,0,133000,0,0,0,133000,0,133000,133000
064291,南六元大9C購04  ,0,0,0,0,0,0,0,0,0,133000,0,0,0,242000,109000,133000,133000
063226,康控群益9B購03  ,0,0,0,0,0,0,0,0,0,133000,0,0,0,135000,2000,133000,133000
064023,智邦元大9C購02  ,0,0,0,0,0,0,0,0,0,133000,0,0,0,154000,21000,133000,133000
063884,台表科元富03購01,0,0,0,0,0,0,0,0,0,133000,0,0,0,133000,0,133000,133000
067806,宏碁凱基02購01  ,0,0,0,0,0,0,0,0,0,133000,0,0,0,502000,369000,133000,133000
067539,緯創群益01購01  ,0,0,0,0,0,0,0,0,0,133000,0,0,0,345000,212000,133000,133000
067495,日月光元大01購04,0,0,0,0,0,0,0,0,0,133000,0,0,0,437000,304000,133000,133000
065272,聯茂元大9C購05  ,0,0,0,0,0,0,0,0,0,133000,0,0,0,183000,50000,133000,133000
066174,京鼎凱基01購01  ,0,0,0,0,0,0,0,0,0,133000,0,0,0,185000,52000,133000,133000
066260,聯強元大01購02  ,0,0,0,0,0,0,0,0,0,133000,0,0,0,277000,144000,133000,133000
2374,佳能            ,144000,17000,127000,0,0,0,0,0,0,6000,6000,0,6000,0,0,0,133000
069095,金像電統一04購01,0,0,0,0,0,0,0,0,0,132000,0,0,0,178000,46000,132000,132000
069205,友達元大02購02  ,0,0,0,0,0,0,0,0,0,132000,0,0,0,132000,0,132000,132000
067949,緯穎國泰03購01  ,0,0,0,0,0,0,0,0,0,132000,0,0,0,380000,248000,132000,132000
069432,華新科群益02購04,0,0,0,0,0,0,0,0,0,132000,0,0,0,169000,37000,132000,132000
08304P,大立光中信02售01,0,0,0,0,0,0,0,0,0,132000,0,0,0,145000,13000,132000,132000
03464P,信邦元富02售01  ,0,0,0,0,0,0,0,0,0,132000,0,0,0,182000,50000,132000,132000
066288,晶碩元大01購01  ,0,0,0,0,0,0,0,0,0,132000,0,0,0,475000,343000,132000,132000
065577,超眾群益9C購02  ,0,0,0,0,0,0,0,0,0,132000,0,0,0,151000,19000,132000,132000
08440P,玉晶光國票01售05,0,0,0,0,0,0,0,0,0,131000,0,0,0,170000,39000,131000,131000
069461,大毅兆豐03購01  ,0,0,0,0,0,0,0,0,0,131000,0,0,0,164000,33000,131000,131000
068006,玉晶光元大03購03,0,0,0,0,0,0,0,0,0,131000,0,0,0,133000,2000,131000,131000
069238,台橡凱基02購01  ,0,0,0,0,0,0,0,0,0,131000,0,0,0,131000,0,131000,131000
03453B,臺股指元大02熊02,0,0,0,0,0,0,0,0,0,131000,0,0,0,181000,50000,131000,131000
03191P,國巨國泰03售02  ,0,0,0,0,0,0,0,0,0,131000,0,0,0,215000,84000,131000,131000
060229,楠梓電元大9C購01,0,0,0,0,0,0,0,0,0,131000,0,0,0,192000,61000,131000,131000
064142,國巨統一9C購13  ,0,0,0,0,0,0,0,0,0,131000,0,0,0,160000,29000,131000,131000
061664,上銀中信9A購01  ,0,0,0,0,0,0,0,0,0,131000,0,0,0,161000,30000,131000,131000
065019,華邦電富邦9C購01,0,0,0,0,0,0,0,0,0,131000,0,0,0,131000,0,131000,131000
065520,台勝科群益9C購03,0,0,0,0,0,0,0,0,0,131000,0,0,0,131000,0,131000,131000
069254,玉晶光凱基03購06,0,0,0,0,0,0,0,0,0,130000,0,0,0,138000,8000,130000,130000
060246,晶相光元大9C購03,0,0,0,0,0,0,0,0,0,130000,0,0,0,141000,11000,130000,130000
060641,聯鈞永豐9A購01  ,0,0,0,0,0,0,0,0,0,130000,0,0,0,130000,0,130000,130000
061748,華新科統一9C購02,0,0,0,0,0,0,0,0,0,130000,0,0,0,130000,0,130000,130000
061789,群創群益9B購01  ,0,0,0,0,0,0,0,0,0,130000,0,0,0,145000,15000,130000,130000
064779,義隆群益9C購03  ,0,0,0,0,0,0,0,0,0,130000,0,0,0,130000,0,130000,130000
064711,國喬統一02購01  ,0,0,0,0,0,0,0,0,0,130000,0,0,0,556000,426000,130000,130000
062252,華邦電元大9C購01,0,0,0,0,0,0,0,0,0,130000,0,0,0,150000,20000,130000,130000
063032,國巨凱基9C購04  ,0,0,0,0,0,0,0,0,0,130000,0,0,0,130000,0,130000,130000
064375,智邦元富03購01  ,0,0,0,0,0,0,0,0,0,130000,0,0,0,145000,15000,130000,130000
067396,欣興永豐01購02  ,0,0,0,0,0,0,0,0,0,130000,0,0,0,130000,0,130000,130000
067906,國揚國泰02購01  ,0,0,0,0,0,0,0,0,0,130000,0,0,0,140000,10000,130000,130000
2606,裕民            ,255000,175000,80000,0,0,0,60000,0,60000,-10000,0,10000,-10000,0,0,0,130000
069270,長興永豐02購01  ,0,0,0,0,0,0,0,0,0,129000,0,0,0,141000,12000,129000,129000
068080,台表科凱基02購03,0,0,0,0,0,0,0,0,0,129000,0,0,0,299000,170000,129000,129000
068197,聯發科凱基01購19,0,0,0,0,0,0,0,0,0,129000,0,0,0,130000,1000,129000,129000
062684,華新科統一01購02,0,0,0,0,0,0,0,0,0,129000,0,0,0,229000,100000,129000,129000
058048,群創元大9B購07  ,0,0,0,0,0,0,0,0,0,129000,0,0,0,134000,5000,129000,129000
00830,國泰費城半導體  ,0,0,0,0,0,0,0,0,0,129000,0,0,0,244000,115000,129000,129000
063968,新光金國票01購01,0,0,0,0,0,0,0,0,0,129000,0,0,0,129000,0,129000,129000
062826,奇力新群益9C購01,0,0,0,0,0,0,0,0,0,129000,0,0,0,139000,10000,129000,129000
064575,鈺齊群益9C購01  ,0,0,0,0,0,0,0,0,0,129000,0,0,0,368000,239000,129000,129000
064684,巨大兆豐9C購01  ,0,0,0,0,0,0,0,0,0,129000,0,0,0,129000,0,129000,129000
06658P,台灣50富邦9C售01,0,0,0,0,0,0,0,0,0,129000,0,0,0,155000,26000,129000,129000
4133,亞諾法          ,75000,9000,66000,0,0,0,0,0,0,63000,1000,0,1000,62000,0,62000,129000
1810,和成            ,255000,124000,131000,0,0,0,0,0,0,-2000,0,2000,-2000,0,0,0,129000
068277,緯穎永豐01購03  ,0,0,0,0,0,0,0,0,0,128000,0,0,0,128000,0,128000,128000
068719,台積電元大02購13,0,0,0,0,0,0,0,0,0,128000,0,0,0,197000,69000,128000,128000
056909,嘉聯益元大99購03,0,0,0,0,0,0,0,0,0,128000,0,0,0,128000,0,128000,128000
062697,國巨元大9C購01  ,0,0,0,0,0,0,0,0,0,128000,0,0,0,139000,11000,128000,128000
064233,燿華統一9C購02  ,0,0,0,0,0,0,0,0,0,128000,0,0,0,128000,0,128000,128000
062470,智邦凱基9C購01  ,0,0,0,0,0,0,0,0,0,128000,0,0,0,138000,10000,128000,128000
064099,億光群益9C購01  ,0,0,0,0,0,0,0,0,0,128000,0,0,0,230000,102000,128000,128000
067771,新光金統一03購01,0,0,0,0,0,0,0,0,0,128000,0,0,0,138000,10000,128000,128000
068068,瑞昱凱基01購03  ,0,0,0,0,0,0,0,0,0,127000,0,0,0,142000,15000,127000,127000
062298,國巨第一9B購01  ,0,0,0,0,0,0,0,0,0,127000,0,0,0,167000,40000,127000,127000
062148,奇鋐國票9B購01  ,0,0,0,0,0,0,0,0,0,127000,0,0,0,205000,78000,127000,127000
064943,聚陽凱基9C購01  ,0,0,0,0,0,0,0,0,0,127000,0,0,0,167000,40000,127000,127000
065138,上銀凱基02購01  ,0,0,0,0,0,0,0,0,0,127000,0,0,0,226000,99000,127000,127000
066734,聯詠元大01購03  ,0,0,0,0,0,0,0,0,0,127000,0,0,0,177000,50000,127000,127000
067133,正崴永豐01購01  ,0,0,0,0,0,0,0,0,0,127000,0,0,0,150000,23000,127000,127000
065930,矽格國票02購01  ,0,0,0,0,0,0,0,0,0,127000,0,0,0,203000,76000,127000,127000
069418,彩晶統一04購01  ,0,0,0,0,0,0,0,0,0,126000,0,0,0,326000,200000,126000,126000
069554,彩晶元大04購02  ,0,0,0,0,0,0,0,0,0,126000,0,0,0,391000,265000,126000,126000
03100P,玉晶光凱基03售04,0,0,0,0,0,0,0,0,0,126000,0,0,0,330000,204000,126000,126000
00766L,台新MSCI中國正2 ,0,0,0,0,0,0,0,0,0,126000,0,0,0,177000,51000,126000,126000
062214,金寶統一01購01  ,0,0,0,0,0,0,0,0,0,126000,0,0,0,128000,2000,126000,126000
063380,台表科永豐9B購03,0,0,0,0,0,0,0,0,0,126000,0,0,0,136000,10000,126000,126000
061427,旭富元大9A購02  ,0,0,0,0,0,0,0,0,0,126000,0,0,0,316000,190000,126000,126000
065898,神基麥證9C購01  ,0,0,0,147000,21000,126000,0,0,0,126000,0,0,0,147000,21000,126000,126000
2436,偉詮電          ,270000,145000,125000,0,0,0,0,0,0,1000,1000,0,1000,0,0,0,126000
068451,台積電國票01購11,0,0,0,0,0,0,0,0,0,125000,0,0,0,168000,43000,125000,125000
068313,松翰國票03購01  ,0,0,0,0,0,0,0,0,0,125000,0,0,0,279000,154000,125000,125000
069174,南六元大02購02  ,0,0,0,0,0,0,0,0,0,125000,0,0,0,232000,107000,125000,125000
058192,訊芯永豐99購01  ,0,0,0,0,0,0,0,0,0,125000,0,0,0,125000,0,125000,125000
060510,大立光元大9A購03,0,0,0,0,0,0,0,0,0,125000,0,0,0,500000,375000,125000,125000
060912,華新科元大9A購10,0,0,0,0,0,0,0,0,0,125000,0,0,0,333000,208000,125000,125000
060889,國泰金統一9C購01,0,0,0,0,0,0,0,0,0,125000,0,0,0,125000,0,125000,125000
062668,國巨中信9B購04  ,0,0,0,0,0,0,0,0,0,125000,0,0,0,125000,0,125000,125000
065911,超眾永豐9C購01  ,0,0,0,0,0,0,0,0,0,125000,0,0,0,125000,0,125000,125000
067165,世紀鋼國票02購02,0,0,0,0,0,0,0,0,0,125000,0,0,0,349000,224000,125000,125000
067228,華新群益01購01  ,0,0,0,0,0,0,0,0,0,125000,0,0,0,161000,36000,125000,125000
067331,友訊凱基01購02  ,0,0,0,0,0,0,0,0,0,125000,0,0,0,320000,195000,125000,125000
2010,春源            ,135000,13000,122000,0,0,0,0,0,0,3000,3000,0,3000,0,0,0,125000
069212,和碩元大02購02  ,0,0,0,0,0,0,0,0,0,124000,0,0,0,175000,51000,124000,124000
068874,精元凱基02購01  ,0,0,0,0,0,0,0,0,0,124000,0,0,0,351000,227000,124000,124000
068421,GIS兆豐01購02   ,0,0,0,0,0,0,0,0,0,124000,0,0,0,244000,120000,124000,124000
064255,泰碩國泰02購01  ,0,0,0,0,0,0,0,0,0,124000,0,0,0,124000,0,124000,124000
03329P,大立光群益02售06,0,0,0,0,0,0,0,0,0,124000,0,0,0,156000,32000,124000,124000
03376P,南電元大02售05  ,0,0,0,0,0,0,0,0,0,124000,0,0,0,182000,58000,124000,124000
063060,華新科元富9B購03,0,0,0,0,0,0,0,0,0,124000,0,0,0,124000,0,124000,124000
064978,群創元大9C購07  ,0,0,0,0,0,0,0,0,0,124000,0,0,0,158000,34000,124000,124000
063144,超眾統一9C購02  ,0,0,0,0,0,0,0,0,0,124000,0,0,0,124000,0,124000,124000
067719,旺宏凱基01購03  ,0,0,0,0,0,0,0,0,0,124000,0,0,0,158000,34000,124000,124000
065479,新日興元大9C購05,0,0,0,0,0,0,0,0,0,124000,0,0,0,125000,1000,124000,124000
068500,華擎元大01購09  ,0,0,0,0,0,0,0,0,0,123000,0,0,0,612000,489000,123000,123000
068507,緯穎元大01購08  ,0,0,0,0,0,0,0,0,0,123000,0,0,0,187000,64000,123000,123000
068921,奇鋐元富08購01  ,0,0,0,0,0,0,0,0,0,123000,0,0,0,469000,346000,123000,123000
069008,大立光兆豐03購01,0,0,0,0,0,0,0,0,0,123000,0,0,0,123000,0,123000,123000
060571,京元電永豐9A購01,0,0,0,0,0,0,0,0,0,123000,0,0,0,123000,0,123000,123000
063289,台表科元大9B購07,0,0,0,0,0,0,0,0,0,123000,0,0,0,173000,50000,123000,123000
064081,國產中信06購01  ,0,0,0,0,0,0,0,0,0,123000,0,0,0,215000,92000,123000,123000
064132,神達元大9C購02  ,0,0,0,0,0,0,0,0,0,123000,0,0,0,126000,3000,123000,123000
063029,喬山凱基9B購01  ,0,0,0,0,0,0,0,0,0,123000,0,0,0,408000,285000,123000,123000
065962,鴻海元大01購04  ,0,0,0,0,0,0,0,0,0,123000,0,0,0,131000,8000,123000,123000
066006,大立光統一01購07,0,0,0,0,0,0,0,0,0,123000,0,0,0,328000,205000,123000,123000
067449,微星國票02購02  ,0,0,0,0,0,0,0,0,0,123000,0,0,0,288000,165000,123000,123000
067270,精成科永豐01購01,0,0,0,0,0,0,0,0,0,123000,0,0,0,241000,118000,123000,123000
3033,威健            ,228000,115000,113000,0,0,0,0,0,0,10000,10000,0,10000,0,0,0,123000
5471,松翰            ,758000,573000,185000,0,0,0,0,0,0,-62000,1000,0,1000,22000,85000,-63000,123000
064198,超眾群益9C購01  ,0,0,0,0,0,0,0,0,0,122000,0,0,0,178000,56000,122000,122000
059786,全新元大99購06  ,0,0,0,0,0,0,0,0,0,122000,0,0,0,122000,0,122000,122000
065133,SP黃豆凱基02購01,0,0,0,0,0,0,0,0,0,122000,0,0,0,122000,0,122000,122000
063403,鈺齊群益9B購01  ,0,0,0,0,0,0,0,0,0,122000,0,0,0,141000,19000,122000,122000
063922,大立光元富9C購04,0,0,0,0,0,0,0,0,0,122000,0,0,0,220000,98000,122000,122000
066921,日月光麥證01購01,0,0,0,122000,0,122000,0,0,0,122000,0,0,0,122000,0,122000,122000
066812,志超凱基01購01  ,0,0,0,0,0,0,0,0,0,122000,0,0,0,351000,229000,122000,122000
065980,中租元大02購01  ,0,0,0,0,0,0,0,0,0,122000,0,0,0,140000,18000,122000,122000
065365,國巨元大9C購19  ,0,0,0,0,0,0,0,0,0,122000,0,0,0,123000,1000,122000,122000
2605,新興            ,465000,324000,141000,0,0,0,0,0,0,-19000,0,0,0,0,19000,-19000,122000
08957P,聯電凱基03售02  ,0,0,0,0,0,0,0,0,0,122000,0,0,0,122000,0,122000,122000
069777,華擎元大02購04  ,0,0,0,0,0,0,0,0,0,121000,0,0,0,324000,203000,121000,121000
07792P,牧德元大9A售04  ,0,0,0,0,0,0,0,0,0,121000,0,0,0,221000,100000,121000,121000
060296,和碩元大9A購01  ,0,0,0,0,0,0,0,0,0,121000,0,0,0,128000,7000,121000,121000
061693,華新科群益9B購02,0,0,0,0,0,0,0,0,0,121000,0,0,0,136000,15000,121000,121000
062316,康控凱基9B購03  ,0,0,0,0,0,0,0,0,0,121000,0,0,0,121000,0,121000,121000
066162,泰豐凱基01購01  ,0,0,0,0,0,0,0,0,0,121000,0,0,0,133000,12000,121000,121000
068207,日月光凱基01購02,0,0,0,0,0,0,0,0,0,120000,0,0,0,127000,7000,120000,120000
060369,滬深2X元富01購01,0,0,0,0,0,0,0,0,0,120000,0,0,0,120000,0,120000,120000
058735,南茂永豐99購01  ,0,0,0,0,0,0,0,0,0,120000,0,0,0,120000,0,120000,120000
059917,華新科元大99購19,0,0,0,0,0,0,0,0,0,120000,0,0,0,121000,1000,120000,120000
061823,勤誠群益9B購01  ,0,0,0,0,0,0,0,0,0,120000,0,0,0,120000,0,120000,120000
03695C,T50反1凱基03牛05,0,0,0,0,0,0,0,0,0,120000,0,0,0,120000,0,120000,120000
060859,鴻海永豐9A購01  ,0,0,0,0,0,0,0,0,0,120000,0,0,0,120000,0,120000,120000
063106,台表科群益9B購03,0,0,0,0,0,0,0,0,0,120000,0,0,0,140000,20000,120000,120000
062091,世紀鋼元大9B購01,0,0,0,0,0,0,0,0,0,120000,0,0,0,336000,216000,120000,120000
063698,上銀群益9B購05  ,0,0,0,0,0,0,0,0,0,120000,0,0,0,320000,200000,120000,120000
066107,惠特國票02購01  ,0,0,0,0,0,0,0,0,0,120000,0,0,0,120000,0,120000,120000
065221,神隆永豐9C購01  ,0,0,0,0,0,0,0,0,0,120000,0,0,0,120000,0,120000,120000
066846,京鼎元大01購03  ,0,0,0,0,0,0,0,0,0,120000,0,0,0,234000,114000,120000,120000
067827,富邦金兆豐03購01,0,0,0,0,0,0,0,0,0,120000,0,0,0,493000,373000,120000,120000
08672P,聯發科統一01售09,0,0,0,0,0,0,0,0,0,120000,0,0,0,120000,0,120000,120000
08596P,聯發科國泰02售02,0,0,0,0,0,0,0,0,0,120000,0,0,0,230000,110000,120000,120000
069010,欣興兆豐03購03  ,0,0,0,0,0,0,0,0,0,119000,0,0,0,151000,32000,119000,119000
069044,鴻海元富08購01  ,0,0,0,0,0,0,0,0,0,119000,0,0,0,127000,8000,119000,119000
069748,同欣電永豐02購01,0,0,0,0,0,0,0,0,0,119000,0,0,0,119000,0,119000,119000
053381,友達元大9A購02  ,0,0,0,0,0,0,0,0,0,119000,0,0,0,124000,5000,119000,119000
056767,大毅元大99購01  ,0,0,0,0,0,0,0,0,0,119000,0,0,0,119000,0,119000,119000
060946,世紀鋼國票9A購02,0,0,0,0,0,0,0,0,0,119000,0,0,0,197000,78000,119000,119000
058014,上銀凱基99購02  ,0,0,0,0,0,0,0,0,0,119000,0,0,0,154000,35000,119000,119000
067809,聯發科凱基01購17,0,0,0,0,0,0,0,0,0,119000,0,0,0,145000,26000,119000,119000
065460,嘉聯益台新9C購01,0,0,0,0,0,0,0,0,0,119000,0,0,0,144000,25000,119000,119000
069665,南電兆豐03購03  ,0,0,0,0,0,0,0,0,0,118000,0,0,0,232000,114000,118000,118000
069374,長興元大02購01  ,0,0,0,0,0,0,0,0,0,118000,0,0,0,118000,0,118000,118000
067961,台達電群益01購03,0,0,0,0,0,0,0,0,0,118000,0,0,0,306000,188000,118000,118000
059647,超眾凱基99購04  ,0,0,0,0,0,0,0,0,0,118000,0,0,0,131000,13000,118000,118000
063494,金像電富邦9B購01,0,0,0,0,0,0,0,0,0,118000,0,0,0,124000,6000,118000,118000
064122,國巨元大9C購17  ,0,0,0,0,0,0,0,0,0,118000,0,0,0,118000,0,118000,118000
063806,瀚宇博兆豐01購01,0,0,0,0,0,0,0,0,0,118000,0,0,0,194000,76000,118000,118000
065862,世紀鋼元大9C購06,0,0,0,0,0,0,0,0,0,118000,0,0,0,302000,184000,118000,118000
067406,矽格永豐01購01  ,0,0,0,0,0,0,0,0,0,118000,0,0,0,118000,0,118000,118000
067333,凌陽凱基02購01  ,0,0,0,0,0,0,0,0,0,118000,0,0,0,343000,225000,118000,118000
067181,華通凱基01購02  ,0,0,0,0,0,0,0,0,0,118000,0,0,0,129000,11000,118000,118000
068485,台達電元大01購05,0,0,0,0,0,0,0,0,0,117000,0,0,0,270000,153000,117000,117000
068711,瑞儀國票03購02  ,0,0,0,0,0,0,0,0,0,117000,0,0,0,142000,25000,117000,117000
07855P,旺宏凱基9A售09  ,0,0,0,0,0,0,0,0,0,117000,0,0,0,200000,83000,117000,117000
065012,燿華國泰02購01  ,0,0,0,0,0,0,0,0,0,117000,0,0,0,117000,0,117000,117000
062381,上銀國泰9C購01  ,0,0,0,0,0,0,0,0,0,117000,0,0,0,295000,178000,117000,117000
062386,京鼎國泰9C購01  ,0,0,0,0,0,0,0,0,0,117000,0,0,0,142000,25000,117000,117000
062666,和碩群益9B購01  ,0,0,0,0,0,0,0,0,0,117000,0,0,0,153000,36000,117000,117000
063914,和碩凱基9C購01  ,0,0,0,0,0,0,0,0,0,117000,0,0,0,131000,14000,117000,117000
061358,世紀鋼元大9A購04,0,0,0,0,0,0,0,0,0,117000,0,0,0,231000,114000,117000,117000
1709,和益            ,219000,102000,117000,0,0,0,0,0,0,0,0,0,0,0,0,0,117000
08566P,禾伸堂群益9C售01,0,0,0,0,0,0,0,0,0,116000,0,0,0,116000,0,116000,116000
069414,欣興統一04購03  ,0,0,0,0,0,0,0,0,0,116000,0,0,0,283000,167000,116000,116000
069666,台灣50元大03購05,0,0,0,0,0,0,0,0,0,116000,0,0,0,120000,4000,116000,116000
068128,台積電統一03購07,0,0,0,0,0,0,0,0,0,116000,0,0,0,232000,116000,116000,116000
062707,致伸元大9B購01  ,0,0,0,0,0,0,0,0,0,116000,0,0,0,126000,10000,116000,116000
03002P,玉晶光群益02售18,0,0,0,0,0,0,0,0,0,116000,0,0,0,116000,0,116000,116000
056392,玉晶光富邦9C購01,0,0,0,0,0,0,0,0,0,116000,0,0,0,289000,173000,116000,116000
061307,和潤永豐9A購02  ,0,0,0,0,0,0,0,0,0,116000,0,0,0,116000,0,116000,116000
063449,全新統一9B購02  ,0,0,0,0,0,0,0,0,0,116000,0,0,0,185000,69000,116000,116000
064932,緯穎統一01購04  ,0,0,0,0,0,0,0,0,0,116000,0,0,0,428000,312000,116000,116000
067933,微星凱基02購04  ,0,0,0,0,0,0,0,0,0,116000,0,0,0,228000,112000,116000,116000
065491,華新科國泰02購01,0,0,0,0,0,0,0,0,0,116000,0,0,0,135000,19000,116000,116000
065264,亞光元大9C購02  ,0,0,0,0,0,0,0,0,0,116000,0,0,0,131000,15000,116000,116000
066418,京元電元大01購02,0,0,0,0,0,0,0,0,0,116000,0,0,0,138000,22000,116000,116000
067999,大毅元大01購03  ,0,0,0,0,0,0,0,0,0,115000,0,0,0,115000,0,115000,115000
068429,裕隆凱基01購01  ,0,0,0,0,0,0,0,0,0,115000,0,0,0,402000,287000,115000,115000
068315,台灣50元大01購33,0,0,0,0,0,0,0,0,0,115000,0,0,0,739000,624000,115000,115000
069139,燿華永豐02購01  ,0,0,0,0,0,0,0,0,0,115000,0,0,0,115000,0,115000,115000
069316,康舒凱基02購01  ,0,0,0,0,0,0,0,0,0,115000,0,0,0,215000,100000,115000,115000
059116,晶豪科永豐99購01,0,0,0,0,0,0,0,0,0,115000,0,0,0,115000,0,115000,115000
03006P,華通永豐01售01  ,0,0,0,0,0,0,0,0,0,115000,0,0,0,115000,0,115000,115000
057671,群創元大9B購06  ,0,0,0,0,0,0,0,0,0,115000,0,0,0,132000,17000,115000,115000
061055,康控群益9A購01  ,0,0,0,0,0,0,0,0,0,115000,0,0,0,135000,20000,115000,115000
058054,台積電統一9C購01,0,0,0,0,0,0,0,0,0,115000,0,0,0,178000,63000,115000,115000
060642,華擎永豐9A購02  ,0,0,0,0,0,0,0,0,0,115000,0,0,0,320000,205000,115000,115000
064937,英業達元富9C購01,0,0,0,0,0,0,0,0,0,115000,0,0,0,115000,0,115000,115000
062358,國巨元大9B購12  ,0,0,0,0,0,0,0,0,0,115000,0,0,0,138000,23000,115000,115000
061530,智邦台新9A購02  ,0,0,0,0,0,0,0,0,0,115000,0,0,0,115000,0,115000,115000
062235,億光凱基9B購01  ,0,0,0,0,0,0,0,0,0,115000,0,0,0,125000,10000,115000,115000
064371,矽格統一9C購02  ,0,0,0,0,0,0,0,0,0,115000,0,0,0,115000,0,115000,115000
063341,燿華統一9C購01  ,0,0,0,0,0,0,0,0,0,115000,0,0,0,115000,0,115000,115000
066108,惠特國票02購02  ,0,0,0,0,0,0,0,0,0,115000,0,0,0,115000,0,115000,115000
065527,巨大群益9C購03  ,0,0,0,0,0,0,0,0,0,115000,0,0,0,264000,149000,115000,115000
067431,新光金凱基01購01,0,0,0,0,0,0,0,0,0,115000,0,0,0,115000,0,115000,115000
067127,台虹富邦03購01  ,0,0,0,0,0,0,0,0,0,115000,0,0,0,347000,232000,115000,115000
067200,深中小元大03購01,0,0,0,0,0,0,0,0,0,115000,0,0,0,115000,0,115000,115000
066916,台虹凱基01購01  ,0,0,0,0,0,0,0,0,0,115000,0,0,0,148000,33000,115000,115000
069375,聯電元大02購09  ,0,0,0,0,0,0,0,0,0,114000,0,0,0,291000,177000,114000,114000
069352,義隆國泰04購01  ,0,0,0,0,0,0,0,0,0,114000,0,0,0,209000,95000,114000,114000
069340,大毅群益02購02  ,0,0,0,0,0,0,0,0,0,114000,0,0,0,114000,0,114000,114000
068695,台積電凱基02購13,0,0,0,0,0,0,0,0,0,114000,0,0,0,114000,0,114000,114000
068359,GIS凱基01購05   ,0,0,0,0,0,0,0,0,0,114000,0,0,0,116000,2000,114000,114000
068254,訊連元大01購02  ,0,0,0,0,0,0,0,0,0,114000,0,0,0,350000,236000,114000,114000
03121P,聯電元大01售04  ,0,0,0,0,0,0,0,0,0,114000,0,0,0,114000,0,114000,114000
063487,國巨國泰01購02  ,0,0,0,0,0,0,0,0,0,114000,0,0,0,199000,85000,114000,114000
062314,玉晶光凱基9B購06,0,0,0,0,0,0,0,0,0,114000,0,0,0,144000,30000,114000,114000
067207,微星元大01購04  ,0,0,0,0,0,0,0,0,0,114000,0,0,0,364000,250000,114000,114000
067623,台積電富邦04購05,0,0,0,0,0,0,0,0,0,114000,0,0,0,114000,0,114000,114000
065543,緯穎元富01購01  ,0,0,0,0,0,0,0,0,0,114000,0,0,0,249000,135000,114000,114000
066340,敦泰永豐01購01  ,0,0,0,0,0,0,0,0,0,114000,0,0,0,133000,19000,114000,114000
03342P,台郡國票04售01  ,0,0,0,0,0,0,0,0,0,113000,0,0,0,248000,135000,113000,113000
061707,超眾國票9B購01  ,0,0,0,0,0,0,0,0,0,113000,0,0,0,113000,0,113000,113000
064712,聚陽統一02購03  ,0,0,0,0,0,0,0,0,0,113000,0,0,0,278000,165000,113000,113000
064403,正崴凱基01購01  ,0,0,0,0,0,0,0,0,0,113000,0,0,0,267000,154000,113000,113000
064624,群創元大02購01  ,0,0,0,0,0,0,0,0,0,113000,0,0,0,128000,15000,113000,113000
068916,聯詠群益03購02  ,0,0,0,0,0,0,0,0,0,112000,0,0,0,123000,11000,112000,112000
068950,台積電凱基02購16,0,0,0,0,0,0,0,0,0,112000,0,0,0,116000,4000,112000,112000
068876,聯詠凱基02購04  ,0,0,0,0,0,0,0,0,0,112000,0,0,0,117000,5000,112000,112000
069170,正文元大02購01  ,0,0,0,0,0,0,0,0,0,112000,0,0,0,946000,834000,112000,112000
069703,中石化國票04購01,0,0,0,0,0,0,0,0,0,112000,0,0,0,157000,45000,112000,112000
00656R,國泰中國A50反1  ,0,0,0,0,0,0,0,0,0,112000,0,0,0,186000,74000,112000,112000
065010,國巨國泰01購04  ,0,0,0,0,0,0,0,0,0,112000,0,0,0,157000,45000,112000,112000
065966,國巨元大01購06  ,0,0,0,0,0,0,0,0,0,112000,0,0,0,112000,0,112000,112000
067413,臺股指中信04購02,0,0,0,0,0,0,0,0,0,112000,0,0,0,131000,19000,112000,112000
08822P,聯發科凱基01售12,0,0,0,0,0,0,0,0,0,112000,0,0,0,116000,4000,112000,112000
069187,矽創麥證02購01  ,0,0,0,111000,0,111000,0,0,0,111000,0,0,0,111000,0,111000,111000
068910,瑞昱群益02購01  ,0,0,0,0,0,0,0,0,0,111000,0,0,0,155000,44000,111000,111000
068725,京元電元大02購01,0,0,0,0,0,0,0,0,0,111000,0,0,0,194000,83000,111000,111000
03459B,臺股指元大9C熊38,0,0,0,0,0,0,0,0,0,111000,0,0,0,361000,250000,111000,111000
057837,康控國泰99購02  ,0,0,0,0,0,0,0,0,0,111000,0,0,0,124000,13000,111000,111000
060306,台肥永豐9A購01  ,0,0,0,0,0,0,0,0,0,111000,0,0,0,226000,115000,111000,111000
060106,旭富元大99購02  ,0,0,0,0,0,0,0,0,0,111000,0,0,0,134000,23000,111000,111000
063812,智邦群益9C購02  ,0,0,0,0,0,0,0,0,0,111000,0,0,0,165000,54000,111000,111000
062377,力成元大9B購01  ,0,0,0,0,0,0,0,0,0,111000,0,0,0,150000,39000,111000,111000
062481,同欣電國票9B購01,0,0,0,0,0,0,0,0,0,111000,0,0,0,111000,0,111000,111000
063443,金像電統一01購02,0,0,0,0,0,0,0,0,0,111000,0,0,0,139000,28000,111000,111000
064445,聚陽統一02購01  ,0,0,0,0,0,0,0,0,0,111000,0,0,0,149000,38000,111000,111000
064469,臻鼎元富9C購01  ,0,0,0,0,0,0,0,0,0,111000,0,0,0,186000,75000,111000,111000
067889,大毅群益01購03  ,0,0,0,0,0,0,0,0,0,111000,0,0,0,141000,30000,111000,111000
066727,鴻海元大01購12  ,0,0,0,0,0,0,0,0,0,111000,0,0,0,111000,0,111000,111000
066634,泰碩凱基02購02  ,0,0,0,0,0,0,0,0,0,111000,0,0,0,113000,2000,111000,111000
3024,憶聲            ,121000,10000,111000,0,0,0,0,0,0,0,0,0,0,0,0,0,111000
069231,臺股指群益02購06,0,0,0,0,0,0,0,0,0,110000,0,0,0,110000,0,110000,110000
068188,T50反1凱基04購02,0,0,0,0,0,0,0,0,0,110000,0,0,0,110000,0,110000,110000
058732,矽格永豐99購01  ,0,0,0,0,0,0,0,0,0,110000,0,0,0,151000,41000,110000,110000
059918,華新科元大99購20,0,0,0,0,0,0,0,0,0,110000,0,0,0,112000,2000,110000,110000
059921,大立光元大99購24,0,0,0,0,0,0,0,0,0,110000,0,0,0,310000,200000,110000,110000
058581,大立光群益99購05,0,0,0,0,0,0,0,0,0,110000,0,0,0,110000,0,110000,110000
054297,台郡元大98購01  ,0,0,0,0,0,0,0,0,0,110000,0,0,0,110000,0,110000,110000
064121,國巨元大9C購16  ,0,0,0,0,0,0,0,0,0,110000,0,0,0,110000,0,110000,110000
064568,聯鈞群益9C購01  ,0,0,0,0,0,0,0,0,0,110000,0,0,0,111000,1000,110000,110000
062340,力成麥證9B購01  ,0,0,0,110000,0,110000,0,0,0,110000,0,0,0,110000,0,110000,110000
062047,緯穎凱基9B購01  ,0,0,0,0,0,0,0,0,0,110000,0,0,0,125000,15000,110000,110000
065042,國產凱基02購01  ,0,0,0,0,0,0,0,0,0,110000,0,0,0,110000,0,110000,110000
064987,勤誠元大9C購02  ,0,0,0,0,0,0,0,0,0,110000,0,0,0,110000,0,110000,110000
067204,國巨元大02購02  ,0,0,0,0,0,0,0,0,0,110000,0,0,0,112000,2000,110000,110000
06776P,鴻海元大99售05  ,0,0,0,0,0,0,0,0,0,110000,0,0,0,138000,28000,110000,110000
08574P,聯發科凱基02售04,0,0,0,0,0,0,0,0,0,110000,0,0,0,110000,0,110000,110000
068841,華通統一02購01  ,0,0,0,0,0,0,0,0,0,109000,0,0,0,113000,4000,109000,109000
069621,創意統一02購04  ,0,0,0,0,0,0,0,0,0,109000,0,0,0,185000,76000,109000,109000
069331,亞聚群益02購01  ,0,0,0,0,0,0,0,0,0,109000,0,0,0,209000,100000,109000,109000
07923P,元金2X凱基02售02,0,0,0,0,0,0,0,0,0,109000,0,0,0,116000,7000,109000,109000
07471P,南亞科元大9A售01,0,0,0,0,0,0,0,0,0,109000,0,0,0,115000,6000,109000,109000
057241,超眾凱基99購02  ,0,0,0,0,0,0,0,0,0,109000,0,0,0,117000,8000,109000,109000
064920,景碩統一01購02  ,0,0,0,0,0,0,0,0,0,109000,0,0,0,109000,0,109000,109000
064888,景碩中信9C購01  ,0,0,0,0,0,0,0,0,0,109000,0,0,0,312000,203000,109000,109000
061528,超眾凱基9A購04  ,0,0,0,0,0,0,0,0,0,109000,0,0,0,113000,4000,109000,109000
061521,亞光兆豐9A購02  ,0,0,0,0,0,0,0,0,0,109000,0,0,0,159000,50000,109000,109000
061995,超眾元大01購01  ,0,0,0,0,0,0,0,0,0,109000,0,0,0,119000,10000,109000,109000
062971,英業達元富9B購01,0,0,0,0,0,0,0,0,0,109000,0,0,0,114000,5000,109000,109000
064657,和大元大9C購02  ,0,0,0,0,0,0,0,0,0,109000,0,0,0,109000,0,109000,109000
063476,台表科元大9C購03,0,0,0,0,0,0,0,0,0,109000,0,0,0,170000,61000,109000,109000
067533,瑞昱群益01購02  ,0,0,0,0,0,0,0,0,0,109000,0,0,0,112000,3000,109000,109000
08720P,台光電元大01售03,0,0,0,0,0,0,0,0,0,109000,0,0,0,200000,91000,109000,109000
07905P,大立光群益9B售04,0,0,0,0,0,0,0,0,0,108000,0,0,0,137000,29000,108000,108000
069727,同欣電群益02購02,0,0,0,0,0,0,0,0,0,108000,0,0,0,108000,0,108000,108000
058351,上銀凱基9A購02  ,0,0,0,0,0,0,0,0,0,108000,0,0,0,133000,25000,108000,108000
057818,泰碩元大9A購01  ,0,0,0,0,0,0,0,0,0,108000,0,0,0,108000,0,108000,108000
064300,英業達兆豐9C購01,0,0,0,0,0,0,0,0,0,108000,0,0,0,108000,0,108000,108000
063616,上銀兆豐9C購01  ,0,0,0,0,0,0,0,0,0,108000,0,0,0,650000,542000,108000,108000
064871,緯穎永豐9C購03  ,0,0,0,0,0,0,0,0,0,108000,0,0,0,108000,0,108000,108000
067477,億光元大01購01  ,0,0,0,0,0,0,0,0,0,108000,0,0,0,219000,111000,108000,108000
067680,聯詠元大01購08  ,0,0,0,0,0,0,0,0,0,108000,0,0,0,142000,34000,108000,108000
067666,國巨元大02購03  ,0,0,0,0,0,0,0,0,0,108000,0,0,0,154000,46000,108000,108000
066953,禾伸堂元大01購01,0,0,0,0,0,0,0,0,0,108000,0,0,0,108000,0,108000,108000
066220,矽格台新01購01  ,0,0,0,0,0,0,0,0,0,108000,0,0,0,112000,4000,108000,108000
066277,敦泰元大01購02  ,0,0,0,0,0,0,0,0,0,108000,0,0,0,361000,253000,108000,108000
065760,和碩元大9C購02  ,0,0,0,0,0,0,0,0,0,108000,0,0,0,181000,73000,108000,108000
069690,南六元大02購04  ,0,0,0,0,0,0,0,0,0,107000,0,0,0,207000,100000,107000,107000
058615,矽創元大99購01  ,0,0,0,0,0,0,0,0,0,107000,0,0,0,107000,0,107000,107000
059847,喬山永豐99購01  ,0,0,0,0,0,0,0,0,0,107000,0,0,0,107000,0,107000,107000
061063,國巨凱基9A購14  ,0,0,0,0,0,0,0,0,0,107000,0,0,0,198000,91000,107000,107000
068825,京鼎元大02購02  ,0,0,0,0,0,0,0,0,0,106000,0,0,0,165000,59000,106000,106000
069246,精元凱基02購02  ,0,0,0,0,0,0,0,0,0,106000,0,0,0,139000,33000,106000,106000
069202,台積電元大02購22,0,0,0,0,0,0,0,0,0,106000,0,0,0,206000,100000,106000,106000
057377,康控元大99購02  ,0,0,0,0,0,0,0,0,0,106000,0,0,0,106000,0,106000,106000
060697,鴻海國泰9C購01  ,0,0,0,0,0,0,0,0,0,106000,0,0,0,258000,152000,106000,106000
062406,臻鼎永豐9B購01  ,0,0,0,0,0,0,0,0,0,106000,0,0,0,127000,21000,106000,106000
063877,鴻海元富9C購01  ,0,0,0,0,0,0,0,0,0,106000,0,0,0,106000,0,106000,106000
066629,國揚凱基01購01  ,0,0,0,0,0,0,0,0,0,106000,0,0,0,106000,0,106000,106000
066736,京鼎元大01購02  ,0,0,0,0,0,0,0,0,0,106000,0,0,0,161000,55000,106000,106000
066703,聯詠群益01購02  ,0,0,0,0,0,0,0,0,0,106000,0,0,0,293000,187000,106000,106000
067385,申豐統一02購04  ,0,0,0,0,0,0,0,0,0,106000,0,0,0,263000,157000,106000,106000
069303,聯電凱基03購08  ,0,0,0,0,0,0,0,0,0,105000,0,0,0,120000,15000,105000,105000
059080,亞泥元大99購01  ,0,0,0,0,0,0,0,0,0,105000,0,0,0,110000,5000,105000,105000
03227P,大立光凱基02售05,0,0,0,0,0,0,0,0,0,105000,0,0,0,200000,95000,105000,105000
059829,超眾凱基99購05  ,0,0,0,0,0,0,0,0,0,105000,0,0,0,105000,0,105000,105000
060665,康控凱基9A購01  ,0,0,0,0,0,0,0,0,0,105000,0,0,0,237000,132000,105000,105000
060035,臺股指永豐99購04,0,0,0,0,0,0,0,0,0,105000,0,0,0,105000,0,105000,105000
063175,燿華兆豐9C購01  ,0,0,0,0,0,0,0,0,0,105000,0,0,0,105000,0,105000,105000
067830,帆宣兆豐03購01  ,0,0,0,0,0,0,0,0,0,105000,0,0,0,105000,0,105000,105000
067264,美利達國票02購01,0,0,0,0,0,0,0,0,0,105000,0,0,0,143000,38000,105000,105000
08991P,玉晶光元大01售06,0,0,0,0,0,0,0,0,0,105000,0,0,0,250000,145000,105000,105000
069416,景碩統一04購01  ,0,0,0,0,0,0,0,0,0,104000,0,0,0,392000,288000,104000,104000
07502P,美食元大9A售01  ,0,0,0,0,0,0,0,0,0,104000,0,0,0,104000,0,104000,104000
08561P,台表科國票01售02,0,0,0,0,0,0,0,0,0,104000,0,0,0,200000,96000,104000,104000
069227,欣興群益02購05  ,0,0,0,0,0,0,0,0,0,104000,0,0,0,105000,1000,104000,104000
069106,南電統一04購03  ,0,0,0,0,0,0,0,0,0,104000,0,0,0,886000,782000,104000,104000
064485,儒鴻元大01購01  ,0,0,0,0,0,0,0,0,0,104000,0,0,0,189000,85000,104000,104000
067458,台積電永豐01購02,0,0,0,0,0,0,0,0,0,104000,0,0,0,104000,0,104000,104000
065291,日電貿群益01購01,0,0,0,0,0,0,0,0,0,104000,0,0,0,104000,0,104000,104000
069342,禾伸堂群益02購01,0,0,0,0,0,0,0,0,0,103000,0,0,0,103000,0,103000,103000
058972,新日興永豐9A購01,0,0,0,0,0,0,0,0,0,103000,0,0,0,103000,0,103000,103000
03139P,聯電凱基01售02  ,0,0,0,0,0,0,0,0,0,103000,0,0,0,104000,1000,103000,103000
049593,群創元大9A購01  ,0,0,0,0,0,0,0,0,0,103000,0,0,0,150000,47000,103000,103000
056469,國巨元大99購01  ,0,0,0,0,0,0,0,0,0,103000,0,0,0,103000,0,103000,103000
064392,喬山永豐9C購01  ,0,0,0,0,0,0,0,0,0,103000,0,0,0,109000,6000,103000,103000
061344,禾伸堂元大9A購02,0,0,0,0,0,0,0,0,0,103000,0,0,0,103000,0,103000,103000
063306,聯茂凱基9C購01  ,0,0,0,0,0,0,0,0,0,103000,0,0,0,103000,0,103000,103000
066105,松翰國票01購01  ,0,0,0,0,0,0,0,0,0,103000,0,0,0,103000,0,103000,103000
067847,大立光元富01購02,0,0,0,0,0,0,0,0,0,103000,0,0,0,103000,0,103000,103000
067128,華城永豐01購02  ,0,0,0,0,0,0,0,0,0,103000,0,0,0,173000,70000,103000,103000
067107,義隆群益01購02  ,0,0,0,0,0,0,0,0,0,103000,0,0,0,119000,16000,103000,103000
066637,瀚宇博凱基01購02,0,0,0,0,0,0,0,0,0,103000,0,0,0,362000,259000,103000,103000
069460,金像電兆豐03購03,0,0,0,0,0,0,0,0,0,102000,0,0,0,161000,59000,102000,102000
068150,英業達元大01購02,0,0,0,0,0,0,0,0,0,102000,0,0,0,102000,0,102000,102000
061042,致新永豐9A購02  ,0,0,0,0,0,0,0,0,0,102000,0,0,0,102000,0,102000,102000
061083,京元電兆豐9A購01,0,0,0,0,0,0,0,0,0,102000,0,0,0,102000,0,102000,102000
064290,GIS元大9C購04   ,0,0,0,0,0,0,0,0,0,102000,0,0,0,102000,0,102000,102000
063219,友達群益9B購03  ,0,0,0,0,0,0,0,0,0,102000,0,0,0,102000,0,102000,102000
064154,大立光統一01購04,0,0,0,0,0,0,0,0,0,102000,0,0,0,102000,0,102000,102000
064605,GIS元富9C購01   ,0,0,0,0,0,0,0,0,0,102000,0,0,0,102000,0,102000,102000
065072,和大元大9C購03  ,0,0,0,0,0,0,0,0,0,102000,0,0,0,102000,0,102000,102000
067714,上銀凱基01購01  ,0,40000,-40000,0,0,0,0,0,0,142000,0,0,0,274000,132000,142000,102000
067711,緯穎元富05購01  ,0,0,0,0,0,0,0,0,0,102000,0,0,0,218000,116000,102000,102000
065965,國巨元大01購05  ,0,0,0,0,0,0,0,0,0,102000,0,0,0,102000,0,102000,102000
065400,華擎群益01購02  ,0,0,0,0,0,0,0,0,0,102000,0,0,0,130000,28000,102000,102000
068808,瑞儀群益02購01  ,0,0,0,0,0,0,0,0,0,101000,0,0,0,199000,98000,101000,101000
08552P,華新科群益9C售04,0,0,0,0,0,0,0,0,0,101000,0,0,0,110000,9000,101000,101000
061831,智邦凱基9B購02  ,0,0,0,0,0,0,0,0,0,101000,0,0,0,108000,7000,101000,101000
062578,超眾群益9B購01  ,0,0,0,0,0,0,0,0,0,101000,0,0,0,126000,25000,101000,101000
063631,燿華元大9B購06  ,0,0,0,0,0,0,0,0,0,101000,0,0,0,101000,0,101000,101000
063278,國巨元大9C購04  ,0,0,0,0,0,0,0,0,0,101000,0,0,0,106000,5000,101000,101000
065259,燿華元大9C購05  ,0,0,0,0,0,0,0,0,0,101000,0,0,0,109000,8000,101000,101000
067787,致伸群益03購01  ,0,0,0,0,0,0,0,0,0,101000,0,0,0,121000,20000,101000,101000
067219,瑞儀元大01購01  ,0,0,0,0,0,0,0,0,0,101000,0,0,0,135000,34000,101000,101000
08994P,台灣50群益01售11,0,0,0,0,0,0,0,0,0,101000,0,0,0,101000,0,101000,101000
2906,高林            ,151000,50000,101000,0,0,0,0,0,0,0,0,0,0,0,0,0,101000
08523P,金像電元大9C售06,0,0,0,0,0,0,0,0,0,100000,0,0,0,130000,30000,100000,100000
08481P,臺股指凱基9C售19,0,0,0,0,0,0,0,0,0,100000,0,0,0,100000,0,100000,100000
08354P,旺宏元大9C售05  ,0,0,0,0,0,0,0,0,0,100000,0,0,0,150000,50000,100000,100000
07503P,禾伸堂元大9A售01,0,0,0,0,0,0,0,0,0,100000,0,0,0,100000,0,100000,100000
07494P,葡萄王元大9A售03,0,0,0,0,0,0,0,0,0,100000,0,0,0,100000,0,100000,100000
07839P,嘉澤元大9A售04  ,0,0,0,0,0,0,0,0,0,100000,0,0,0,100000,0,100000,100000
07748P,茂林凱基9A售04  ,0,0,0,0,0,0,0,0,0,100000,0,0,0,150000,50000,100000,100000
07788P,華新科群益9A售08,0,0,0,0,0,0,0,0,0,100000,0,0,0,100000,0,100000,100000
07669P,華新科元大9A售14,0,0,0,0,0,0,0,0,0,100000,0,0,0,100000,0,100000,100000
07690P,華新科元大9A售15,0,0,0,0,0,0,0,0,0,100000,0,0,0,100000,0,100000,100000
069438,中工康和03購01  ,0,0,0,0,0,0,0,0,0,100000,0,0,0,130000,30000,100000,100000
069016,瑞儀兆豐03購01  ,0,0,0,0,0,0,0,0,0,100000,0,0,0,100000,0,100000,100000
068975,瑞昱元大02購03  ,0,0,0,0,0,0,0,0,0,100000,0,0,0,325000,225000,100000,100000
069240,聯電凱基02購03  ,0,0,0,0,0,0,0,0,0,100000,0,0,0,115000,15000,100000,100000
068244,國巨元大01購15  ,0,0,0,0,0,0,0,0,0,100000,0,0,0,100000,0,100000,100000
068321,國巨元大01購18  ,0,0,0,0,0,0,0,0,0,100000,0,0,0,100000,0,100000,100000
06843P,鴻海元大98售11  ,0,0,0,0,0,0,0,0,0,100000,0,0,0,100000,0,100000,100000
068552,台灣50元大01購38,0,0,0,0,0,0,0,0,0,100000,0,0,0,100000,0,100000,100000
068574,GIS元大01購08   ,0,0,0,0,0,0,0,0,0,100000,0,0,0,100000,0,100000,100000
061741,新光金凱基9B購01,0,0,0,0,0,0,0,0,0,100000,0,0,0,100000,0,100000,100000
061725,國巨麥證9A購05  ,0,0,0,116000,0,116000,0,0,0,100000,0,0,0,116000,16000,100000,100000
061734,全新中信9B購02  ,0,0,0,0,0,0,0,0,0,100000,0,0,0,100000,0,100000,100000
062704,大毅元大9C購01  ,0,0,0,0,0,0,0,0,0,100000,0,0,0,100000,0,100000,100000
058181,華新科國泰9B購01,0,0,0,0,0,0,0,0,0,100000,0,0,0,100000,0,100000,100000
058656,燿華中信99購01  ,0,0,0,0,0,0,0,0,0,100000,0,0,0,100000,0,100000,100000
058540,嘉聯益國泰9A購02,0,0,0,0,0,0,0,0,0,100000,0,0,0,110000,10000,100000,100000
058521,日月光元大99購01,0,0,0,0,0,0,0,0,0,100000,0,0,0,100000,0,100000,100000
058212,華新科群益9A購01,0,0,0,0,0,0,0,0,0,100000,0,0,0,200000,100000,100000,100000
058750,緯穎凱基9A購03  ,0,0,0,0,0,0,0,0,0,100000,0,0,0,100000,0,100000,100000
059536,新光金凱基99購05,0,0,0,0,0,0,0,0,0,100000,0,0,0,100000,0,100000,100000
060059,鴻海兆豐99購06  ,0,0,0,0,0,0,0,0,0,100000,0,0,0,100000,0,100000,100000
060895,華新科凱基9B購05,0,0,0,0,0,0,0,0,0,100000,0,0,0,102000,2000,100000,100000
060240,富邦金元大9A購01,0,0,0,0,0,0,0,0,0,100000,0,0,0,100000,0,100000,100000
060975,滬深2X元大01購02,0,0,0,0,0,0,0,0,0,100000,0,0,0,100000,0,100000,100000
056346,聯茂凱基99購02  ,0,0,0,0,0,0,0,0,0,100000,0,0,0,100000,0,100000,100000
055815,亞光國票99購01  ,0,0,0,0,0,0,0,0,0,100000,0,0,0,100000,0,100000,100000
057755,鴻海日盛98購01  ,0,0,0,0,0,0,0,0,0,100000,0,0,0,100000,0,100000,100000
059278,群創元大9A購04  ,0,0,0,0,0,0,0,0,0,100000,0,0,0,100000,0,100000,100000
059507,鴻海永豐99購03  ,0,0,0,0,0,0,0,0,0,100000,0,0,0,100000,0,100000,100000
057446,旺宏元富02購01  ,0,0,0,0,0,0,0,0,0,100000,0,0,0,100000,0,100000,100000
057249,華邦電統一9A購01,0,0,0,0,0,0,0,0,0,100000,0,0,0,100000,0,100000,100000
063305,亞光凱基9B購01  ,0,0,0,0,0,0,0,0,0,100000,0,0,0,100000,0,100000,100000
063445,金像電統一9B購01,0,0,0,0,0,0,0,0,0,100000,0,0,0,100000,0,100000,100000
063234,國巨元大9C購03  ,0,0,0,0,0,0,0,0,0,100000,0,0,0,104000,4000,100000,100000
061833,華新科凱基02購01,0,0,0,0,0,0,0,0,0,100000,0,0,0,100000,0,100000,100000
063991,南六永豐9C購02  ,0,0,0,0,0,0,0,0,0,100000,0,0,0,100000,0,100000,100000
061241,晶技兆豐9A購01  ,0,0,0,0,0,0,0,0,0,100000,0,0,0,100000,0,100000,100000
063696,T50反1群益9B購03,0,0,0,0,0,0,0,0,0,100000,0,0,0,100000,0,100000,100000
064462,致伸統一02購01  ,0,0,0,0,0,0,0,0,0,100000,0,0,0,100000,0,100000,100000
062575,景碩群益9B購01  ,0,0,0,0,0,0,0,0,0,100000,0,0,0,107000,7000,100000,100000
062473,同欣電凱基9B購01,0,0,0,0,0,0,0,0,0,100000,0,0,0,100000,0,100000,100000
061972,華新元大9B購01  ,0,0,0,0,0,0,0,0,0,100000,0,0,0,110000,10000,100000,100000
062260,華新科元大9B購09,0,0,0,0,0,0,0,0,0,100000,0,0,0,154000,54000,100000,100000
063050,葡萄王統一01購01,0,0,0,0,0,0,0,0,0,100000,0,0,0,100000,0,100000,100000
063010,國巨元大9C購02  ,0,0,0,0,0,0,0,0,0,100000,0,0,0,104000,4000,100000,100000
061574,大毅元大9B購01  ,0,0,0,0,0,0,0,0,0,100000,0,0,0,100000,0,100000,100000
064981,致伸元大9C購01  ,0,0,0,0,0,0,0,0,0,100000,0,0,0,100000,0,100000,100000
065007,群創國票01購01  ,0,0,0,0,0,0,0,0,0,100000,0,0,0,121000,21000,100000,100000
065043,新光金凱基02購01,0,0,0,0,0,0,0,0,0,100000,0,0,0,100000,0,100000,100000
064859,南亞科富邦01購01,0,0,0,0,0,0,0,0,0,100000,0,0,0,100000,0,100000,100000
064819,華新統一01購02  ,0,0,0,0,0,0,0,0,0,100000,0,0,0,100000,0,100000,100000
062061,台勝科統一01購01,0,0,0,0,0,0,0,0,0,100000,0,0,0,100000,0,100000,100000
062027,國泰金群益9B購01,0,0,0,0,0,0,0,0,0,100000,0,0,0,100000,0,100000,100000
063135,國巨統一9B購16  ,0,0,0,0,0,0,0,0,0,100000,0,0,0,100000,0,100000,100000
066945,鴻海元大01購14  ,0,0,0,0,0,0,0,0,0,100000,0,0,0,100000,0,100000,100000
066983,禾伸堂群益01購01,0,0,0,0,0,0,0,0,0,100000,0,0,0,100000,0,100000,100000
066632,智原凱基02購01  ,0,0,0,0,0,0,0,0,0,100000,0,0,0,100000,0,100000,100000
066718,滬深2X元大01購05,0,0,0,0,0,0,0,0,0,100000,0,0,0,123000,23000,100000,100000
066774,聯詠富邦03購01  ,0,0,0,0,0,0,0,0,0,100000,0,0,0,677000,577000,100000,100000
067744,神達元大01購02  ,0,0,0,0,0,0,0,0,0,100000,0,0,0,100000,0,100000,100000
067676,大立光元大01購12,0,0,0,0,0,0,0,0,0,100000,0,0,0,110000,10000,100000,100000
067526,深中小群益02購01,0,0,0,0,0,0,0,0,0,100000,0,0,0,590000,490000,100000,100000
067550,燿華中信02購01  ,0,0,0,0,0,0,0,0,0,100000,0,0,0,148000,48000,100000,100000
067573,滬深反群益02購01,0,0,0,0,0,0,0,0,0,100000,0,0,0,100000,0,100000,100000
065175,大立光元大01購05,0,0,0,0,0,0,0,0,0,100000,0,0,0,100000,0,100000,100000
065364,國巨元大9C購18  ,0,0,0,0,0,0,0,0,0,100000,0,0,0,100000,0,100000,100000
065755,日電貿元大9C購02,0,0,0,0,0,0,0,0,0,100000,0,0,0,100000,0,100000,100000
065841,國巨元大9C購20  ,0,0,0,0,0,0,0,0,0,100000,0,0,0,105000,5000,100000,100000
065646,健鼎元大9C購04  ,0,0,0,0,0,0,0,0,0,100000,0,0,0,300000,200000,100000,100000
066409,勤誠凱基01購01  ,0,0,0,0,0,0,0,0,0,100000,0,0,0,101000,1000,100000,100000
066546,鴻海元大01購10  ,0,0,0,0,0,0,0,0,0,100000,0,0,0,100000,0,100000,100000
066504,全新富邦03購01  ,0,0,0,0,0,0,0,0,0,100000,0,0,0,100000,0,100000,100000
08919P,臺股指凱基01售10,0,0,0,0,0,0,0,0,0,100000,0,0,0,100000,0,100000,100000
057639,國巨元大99購07  ,0,0,0,0,0,0,0,0,0,99000,0,0,0,99000,0,99000,99000
03067P,南亞科群益01售01,0,0,0,0,0,0,0,0,0,99000,0,0,0,114000,15000,99000,99000
059060,大立光凱基9A購03,0,0,0,0,0,0,0,0,0,99000,0,0,0,99000,0,99000,99000
058473,上銀凱基9A購03  ,0,0,0,0,0,0,0,0,0,99000,0,0,0,143000,44000,99000,99000
061990,台勝科元大9C購01,0,0,0,0,0,0,0,0,0,99000,0,0,0,100000,1000,99000,99000
063279,國巨元大9C購05  ,0,0,0,0,0,0,0,0,0,99000,0,0,0,105000,6000,99000,99000
066518,惠特永豐01購02  ,0,0,0,0,0,0,0,0,0,99000,0,0,0,100000,1000,99000,99000
066265,精元元大01購01  ,0,4000,-4000,0,0,0,0,0,0,103000,0,0,0,103000,0,103000,99000
067008,康舒永豐01購01  ,0,0,0,0,0,0,0,0,0,99000,0,0,0,120000,21000,99000,99000
2359,所羅門          ,364000,265000,99000,0,0,0,0,0,0,0,0,0,0,0,0,0,99000
068406,同欣電元富07購01,0,0,0,0,0,0,0,0,0,98000,0,0,0,398000,300000,98000,98000
068054,玉晶光統一03購04,0,0,0,0,0,0,0,0,0,98000,0,0,0,103000,5000,98000,98000
07845P,南亞科元大9A售08,0,0,0,0,0,0,0,0,0,98000,0,0,0,110000,12000,98000,98000
064272,鴻海元大9C購09  ,0,0,0,0,0,0,0,0,0,98000,0,0,0,113000,15000,98000,98000
064203,康控兆豐9C購02  ,0,0,0,0,0,0,0,0,0,98000,0,0,0,102000,4000,98000,98000
063897,神達群益9C購01  ,0,0,0,0,0,0,0,0,0,98000,0,0,0,103000,5000,98000,98000
062165,聯茂國泰01購01  ,0,0,0,0,0,0,0,0,0,98000,0,0,0,103000,5000,98000,98000
066604,台郡富邦04購01  ,0,0,0,0,0,0,0,0,0,98000,0,0,0,419000,321000,98000,98000
067592,信錦凱基01購01  ,0,0,0,0,0,0,0,0,0,98000,0,0,0,100000,2000,98000,98000
067469,國巨元大01購09  ,0,0,0,0,0,0,0,0,0,98000,0,0,0,102000,4000,98000,98000
067485,緯創元大01購01  ,0,0,0,0,0,0,0,0,0,98000,0,0,0,153000,55000,98000,98000
067693,滬深2X中信04購02,0,0,0,0,0,0,0,0,0,98000,0,0,0,100000,2000,98000,98000
068047,台積電統一03購06,0,0,0,0,0,0,0,0,0,97000,0,0,0,159000,62000,97000,97000
068088,台灣50群益01購13,0,0,0,0,0,0,0,0,0,97000,0,0,0,110000,13000,97000,97000
068410,緯穎元富07購02  ,0,0,0,0,0,0,0,0,0,97000,0,0,0,97000,0,97000,97000
068448,光寶科國票03購01,0,0,0,0,0,0,0,0,0,97000,0,0,0,111000,14000,97000,97000
068341,世紀鋼元大01購04,0,0,0,0,0,0,0,0,0,97000,0,0,0,321000,224000,97000,97000
068952,瑞昱凱基03購01  ,0,0,0,0,0,0,0,0,0,97000,0,0,0,110000,13000,97000,97000
060188,華新科元富9A購03,0,0,0,0,0,0,0,0,0,97000,0,0,0,127000,30000,97000,97000
060945,緯穎國票9A購02  ,0,0,0,0,0,0,0,0,0,97000,0,0,0,145000,48000,97000,97000
061032,金像電永豐9A購03,0,0,0,0,0,0,0,0,0,97000,0,0,0,97000,0,97000,97000
059530,華新科凱基9A購05,0,0,0,0,0,0,0,0,0,97000,0,0,0,145000,48000,97000,97000
064915,美律統一02購02  ,0,0,0,0,0,0,0,0,0,97000,0,0,0,107000,10000,97000,97000
063836,台塑元大9C購01  ,0,0,0,0,0,0,0,0,0,97000,0,0,0,188000,91000,97000,97000
064068,義隆永豐9C購01  ,0,0,0,0,0,0,0,0,0,97000,0,0,0,97000,0,97000,97000
066571,矽格元大01購02  ,0,0,0,0,0,0,0,0,0,97000,0,0,0,175000,78000,97000,97000
066988,新唐群益02購01  ,0,0,0,0,0,0,0,0,0,97000,0,0,0,121000,24000,97000,97000
067173,京鼎兆豐01購01  ,0,0,0,0,0,0,0,0,0,97000,0,0,0,97000,0,97000,97000
065720,義隆兆豐9C購03  ,0,0,0,0,0,0,0,0,0,97000,0,0,0,134000,37000,97000,97000
065746,光寶科元大9C購01,0,0,0,0,0,0,0,0,0,97000,0,0,0,130000,33000,97000,97000
065503,燿華永豐9C購04  ,0,0,0,0,0,0,0,0,0,97000,0,0,0,97000,0,97000,97000
069200,台達電元大02購02,0,0,0,0,0,0,0,0,0,96000,0,0,0,200000,104000,96000,96000
068893,友達元大04購01  ,0,0,0,0,0,0,0,0,0,96000,0,0,0,96000,0,96000,96000
068721,致茂元大02購01  ,0,0,0,0,0,0,0,0,0,96000,0,0,0,122000,26000,96000,96000
068696,聯詠凱基02購03  ,0,0,0,0,0,0,0,0,0,96000,0,0,0,113000,17000,96000,96000
068357,富邦金凱基01購01,0,0,0,0,0,0,0,0,0,96000,0,0,0,204000,108000,96000,96000
068370,臺股指富邦01購04,0,0,0,0,0,0,0,0,0,96000,0,0,0,110000,14000,96000,96000
068568,聯詠元大01購10  ,0,0,0,0,0,0,0,0,0,96000,0,0,0,208000,112000,96000,96000
068464,聯詠富邦03購02  ,0,0,0,0,0,0,0,0,0,96000,0,0,0,397000,301000,96000,96000
068214,嘉基凱基02購01  ,0,0,0,0,0,0,0,0,0,96000,0,0,0,120000,24000,96000,96000
069408,美律統一02購03  ,0,0,0,0,0,0,0,0,0,96000,0,0,0,96000,0,96000,96000
059162,國巨凱基99購12  ,0,0,0,0,0,0,0,0,0,96000,0,0,0,110000,14000,96000,96000
060988,華新科元大9A購12,0,0,0,0,0,0,0,0,0,96000,0,0,0,142000,46000,96000,96000
060211,智邦康和9A購01  ,0,0,0,0,0,0,0,0,0,96000,0,0,0,96000,0,96000,96000
060040,康控國票99購04  ,0,0,0,0,0,0,0,0,0,96000,0,0,0,96000,0,96000,96000
064194,燿華群益9C購01  ,0,0,0,0,0,0,0,0,0,96000,0,0,0,96000,0,96000,96000
064021,國巨元大9C購15  ,0,0,0,0,0,0,0,0,0,96000,0,0,0,96000,0,96000,96000
063956,神達元大9C購01  ,0,0,0,0,0,0,0,0,0,96000,0,0,0,99000,3000,96000,96000
064818,華新統一01購01  ,0,0,0,0,0,0,0,0,0,96000,0,0,0,263000,167000,96000,96000
063088,緯穎凱基9B購04  ,0,0,0,0,0,0,0,0,0,96000,0,0,0,106000,10000,96000,96000
065839,鴻海元大9C購17  ,0,0,0,0,0,0,0,0,0,96000,0,0,0,136000,40000,96000,96000
066568,聚碩元大01購01  ,0,0,0,0,0,0,0,0,0,96000,0,0,0,100000,4000,96000,96000
068042,GIS元富07購01   ,0,0,0,0,0,0,0,0,0,95000,0,0,0,100000,5000,95000,95000
068073,京城銀凱基01購01,0,0,0,0,0,0,0,0,0,95000,0,0,0,100000,5000,95000,95000
068766,台積電統一04購04,0,0,0,0,0,0,0,0,0,95000,0,0,0,100000,5000,95000,95000
069203,華邦電元大02購01,0,0,0,0,0,0,0,0,0,95000,0,0,0,139000,44000,95000,95000
069083,景碩凱基03購01  ,300000,0,300000,0,0,0,0,0,0,-205000,0,0,0,209000,414000,-205000,95000
069070,欣興麥證02購01  ,0,0,0,405000,906000,-501000,0,0,0,95000,0,0,0,1122000,1027000,95000,95000
060043,全新群益9B購02  ,0,0,0,0,0,0,0,0,0,95000,0,0,0,100000,5000,95000,95000
060253,昇陽半元大9C購01,0,0,0,0,0,0,0,0,0,95000,0,0,0,100000,5000,95000,95000
059635,華新科凱基9A購06,0,0,0,0,0,0,0,0,0,95000,0,0,0,109000,14000,95000,95000
061582,麗豐元大9A購01  ,0,0,0,0,0,0,0,0,0,95000,0,0,0,100000,5000,95000,95000
061564,華擎國票9A購02  ,0,0,0,0,0,0,0,0,0,95000,0,0,0,95000,0,95000,95000
063901,緯穎群益9C購01  ,0,0,0,0,0,0,0,0,0,95000,0,0,0,110000,15000,95000,95000
064487,和大元大9C購01  ,0,0,0,0,0,0,0,0,0,95000,0,0,0,125000,30000,95000,95000
066626,盟立凱基01購01  ,0,0,0,0,0,0,0,0,0,95000,0,0,0,125000,30000,95000,95000
067066,鴻海元大01購15  ,0,0,0,0,0,0,0,0,0,95000,0,0,0,100000,5000,95000,95000
067324,巨大元大01購04  ,0,0,0,0,0,0,0,0,0,95000,0,0,0,256000,161000,95000,95000
065533,台光電統一02購03,0,0,0,0,0,0,0,0,0,95000,0,0,0,100000,5000,95000,95000
065169,華邦電元大9C購03,0,0,0,0,0,0,0,0,0,95000,0,0,0,150000,55000,95000,95000
066451,台郡群益01購01  ,0,0,0,0,0,0,0,0,0,95000,0,0,0,100000,5000,95000,95000
08824P,微星元大01售03  ,0,0,0,0,0,0,0,0,0,95000,0,0,0,105000,10000,95000,95000
069241,聯電凱基03購06  ,0,0,0,0,0,0,0,0,0,94000,0,0,0,111000,17000,94000,94000
069239,聯電凱基02購02  ,0,0,0,0,0,0,0,0,0,94000,0,0,0,109000,15000,94000,94000
064119,上銀元大9C購06  ,0,0,0,0,0,0,0,0,0,94000,0,0,0,140000,46000,94000,94000
064662,鴻海元大9C購10  ,0,0,0,0,0,0,0,0,0,94000,0,0,0,177000,83000,94000,94000
064552,巨大凱基01購01  ,0,0,0,0,0,0,0,0,0,94000,0,0,0,276000,182000,94000,94000
061950,日月光群益9B購01,0,0,0,0,0,0,0,0,0,94000,0,0,0,183000,89000,94000,94000
064738,裕隆國票01購01  ,0,0,0,0,0,0,0,0,0,94000,0,0,0,241000,147000,94000,94000
066129,佳世達群益01購01,0,0,0,0,0,0,0,0,0,94000,0,0,0,273000,179000,94000,94000
066730,致茂元大01購01  ,0,0,0,0,0,0,0,0,0,94000,0,0,0,124000,30000,94000,94000
066825,智邦群益01購03  ,0,0,0,0,0,0,0,0,0,94000,0,0,0,102000,8000,94000,94000
08652P,鴻海群益9C售09  ,0,0,0,0,0,0,0,0,0,94000,0,0,0,140000,46000,94000,94000
3040,遠見            ,119000,25000,94000,0,0,0,0,0,0,0,0,0,0,0,0,0,94000
6491,晶碩            ,181000,81000,100000,0,0,0,0,0,0,-6000,1000,0,1000,19000,26000,-7000,94000
069165,國揚元大02購02  ,0,0,0,0,0,0,0,0,0,93000,0,0,0,96000,3000,93000,93000
068527,義隆元富03購01  ,0,0,0,0,0,0,0,0,0,93000,0,0,0,219000,126000,93000,93000
068372,聯電永豐01購01  ,0,0,0,0,0,0,0,0,0,93000,0,0,0,234000,141000,93000,93000
069338,瑞昱群益03購01  ,0,0,0,0,0,0,0,0,0,93000,0,0,0,115000,22000,93000,93000
058584,百和群益9A購01  ,0,0,0,0,0,0,0,0,0,93000,0,0,0,207000,114000,93000,93000
056266,開發金統一9A購01,0,0,0,0,0,0,0,0,0,93000,0,0,0,93000,0,93000,93000
056850,彩晶元富99購01  ,0,0,0,0,0,0,0,0,0,93000,0,0,0,114000,21000,93000,93000
062588,國巨統一9B購14  ,0,0,0,0,0,0,0,0,0,93000,0,0,0,113000,20000,93000,93000
061237,晶技元大9A購01  ,0,0,0,0,0,0,0,0,0,93000,0,0,0,100000,7000,93000,93000
066775,智原富邦03購01  ,0,0,0,0,0,0,0,0,0,93000,0,0,0,100000,7000,93000,93000
067893,玉晶光群益02購07,0,0,0,0,0,0,0,0,0,93000,0,0,0,120000,27000,93000,93000
066422,嘉晶元大02購01  ,0,0,0,0,0,0,0,0,0,93000,0,0,0,211000,118000,93000,93000
1442,名軒            ,94000,3000,91000,0,0,0,0,0,0,2000,2000,0,2000,0,0,0,93000
069278,晶技永豐02購02  ,0,0,0,0,0,0,0,0,0,92000,0,0,0,92000,0,92000,92000
069571,欣興凱基02購09  ,0,0,0,0,0,0,0,0,0,92000,0,0,0,122000,30000,92000,92000
068366,泰碩國泰03購02  ,0,0,0,0,0,0,0,0,0,92000,0,0,0,131000,39000,92000,92000
061119,國巨永豐9A購03  ,0,0,0,0,0,0,0,0,0,92000,0,0,0,92000,0,92000,92000
062685,華新科統一9C購03,0,0,0,0,0,0,0,0,0,92000,0,0,0,92000,0,92000,92000
058923,華新科元富99購06,0,0,0,0,0,0,0,0,0,92000,0,0,0,92000,0,92000,92000
062363,燿華元大9B購03  ,0,0,0,0,0,0,0,0,0,92000,0,0,0,100000,8000,92000,92000
061698,智邦國票9A購04  ,0,0,0,0,0,0,0,0,0,92000,0,0,0,98000,6000,92000,92000
065931,瑞祺國票02購01  ,0,0,0,0,0,0,0,0,0,92000,0,0,0,186000,94000,92000,92000
065703,大毅群益9C購01  ,0,0,0,0,0,0,0,0,0,92000,0,0,0,102000,10000,92000,92000
08826P,健策元大01售08  ,0,0,0,0,0,0,0,0,0,92000,0,0,0,305000,213000,92000,92000
068225,華通元富07購02  ,0,0,0,0,0,0,0,0,0,91000,0,0,0,193000,102000,91000,91000
060878,奇力新中信9C購01,0,0,0,0,0,0,0,0,0,91000,0,0,0,91000,0,91000,91000
03215P,南電群益03售01  ,0,0,0,0,0,0,0,0,0,91000,0,0,0,91000,0,91000,91000
056907,群創元大9C購04  ,0,0,0,0,0,0,0,0,0,91000,0,0,0,104000,13000,91000,91000
060824,旺宏元大9A購06  ,0,0,0,0,0,0,0,0,0,91000,0,0,0,91000,0,91000,91000
063777,儒鴻永豐9B購02  ,0,0,0,0,0,0,0,0,0,91000,0,0,0,181000,90000,91000,91000
063941,國巨元大9C購12  ,0,0,0,0,0,0,0,0,0,91000,0,0,0,91000,0,91000,91000
063648,台表科元大9C購05,0,0,0,0,0,0,0,0,0,91000,0,0,0,147000,56000,91000,91000
063172,廣達中信9C購01  ,0,0,0,0,0,0,0,0,0,91000,0,0,0,235000,144000,91000,91000
065654,台表科元大9C購12,0,0,0,0,0,0,0,0,0,91000,0,0,0,248000,157000,91000,91000
08649P,聯發科元大9C售21,0,0,0,0,0,0,0,0,0,91000,0,0,0,100000,9000,91000,91000
08693P,宏達電群益01售02,0,0,0,0,0,0,0,0,0,91000,0,0,0,91000,0,91000,91000
067944,緯穎凱基01購04  ,0,0,0,0,0,0,0,0,0,90000,0,0,0,109000,19000,90000,90000
068553,T50反1元大01購09,0,0,0,0,0,0,0,0,0,90000,0,0,0,100000,10000,90000,90000
069348,和碩群益02購01  ,0,0,0,0,0,0,0,0,0,90000,0,0,0,111000,21000,90000,90000
056270,群創統一98購04  ,0,0,0,0,0,0,0,0,0,90000,0,0,0,90000,0,90000,90000
05631P,國巨富邦9A售01  ,0,0,0,0,0,0,0,0,0,90000,0,0,0,90000,0,90000,90000
046628,大立光統一98購01,0,0,0,0,0,0,0,0,0,90000,0,0,0,90000,0,90000,90000
052847,漢唐統一99購01  ,0,0,0,0,0,0,0,0,0,90000,0,0,0,90000,0,90000,90000
056947,國巨統一9A購01  ,0,0,0,0,0,0,0,0,0,90000,0,0,0,90000,0,90000,90000
060899,超眾凱基9A購01  ,0,0,0,0,0,0,0,0,0,90000,0,0,0,127000,37000,90000,90000
058714,美律統一9B購01  ,0,0,0,0,0,0,0,0,0,90000,0,0,0,120000,30000,90000,90000
064666,華新科元大02購01,0,0,0,0,0,0,0,0,0,90000,0,0,0,91000,1000,90000,90000
063315,京元電群益9B購03,0,0,0,0,0,0,0,0,0,90000,0,0,0,192000,102000,90000,90000
064649,同欣電凱基01購01,0,0,0,0,0,0,0,0,0,90000,0,0,0,95000,5000,90000,90000
061463,智邦群益9A購02  ,0,0,0,0,0,0,0,0,0,90000,0,0,0,96000,6000,90000,90000
06448P,華通元大99售01  ,0,0,0,0,0,0,0,0,0,90000,0,0,0,90000,0,90000,90000
064763,祥碩凱基02購01  ,0,0,0,0,0,0,0,0,0,90000,0,0,0,451000,361000,90000,90000
064986,GIS元大9C購07   ,0,0,0,0,0,0,0,0,0,90000,0,0,0,110000,20000,90000,90000
065672,嘉晶凱基01購01  ,0,0,0,0,0,0,0,0,0,90000,0,0,0,399000,309000,90000,90000
065854,臻鼎元大9C購05  ,0,0,0,0,0,0,0,0,0,90000,0,0,0,92000,2000,90000,90000
065735,矽格凱基01購02  ,0,0,0,0,0,0,0,0,0,90000,0,0,0,92000,2000,90000,90000
065279,T50反1群益9C購03,0,0,0,0,0,0,0,0,0,90000,0,0,0,110000,20000,90000,90000
065445,台光電統一01購05,0,0,0,0,0,0,0,0,0,90000,0,0,0,100000,10000,90000,90000
065913,光寶科凱基01購01,0,0,0,0,0,0,0,0,0,90000,0,0,0,100000,10000,90000,90000
066154,聯強康和01購01  ,0,0,0,0,0,0,0,0,0,90000,0,0,0,90000,0,90000,90000
066460,智原統一03購01  ,0,0,0,0,0,0,0,0,0,90000,0,0,0,90000,0,90000,90000
066823,國巨群益02購02  ,0,0,0,0,0,0,0,0,0,90000,0,0,0,199000,109000,90000,90000
08642P,華新科群益9C售06,0,0,0,0,0,0,0,0,0,90000,0,0,0,100000,10000,90000,90000
08897P,國巨群益01售10  ,0,0,0,0,0,0,0,0,0,90000,0,0,0,100000,10000,90000,90000
06833P,矽力群益99售01  ,0,0,0,0,0,0,0,0,0,89000,0,0,0,89000,0,89000,89000
068048,美律統一03購01  ,0,0,0,0,0,0,0,0,0,89000,0,0,0,123000,34000,89000,89000
068245,國巨元大01購16  ,0,0,0,0,0,0,0,0,0,89000,0,0,0,100000,11000,89000,89000
064227,和碩國票01購01  ,0,0,0,0,0,0,0,0,0,89000,0,0,0,104000,15000,89000,89000
00762,元大全球AI      ,0,0,0,0,0,0,0,0,0,89000,0,0,0,135000,46000,89000,89000
056605,台積電富邦9B購02,0,0,0,0,0,0,0,0,0,89000,0,0,0,89000,0,89000,89000
064825,英業達統一9C購01,0,0,0,0,0,0,0,0,0,89000,0,0,0,89000,0,89000,89000
066926,聚陽國票02購01  ,35000,0,35000,0,0,0,0,0,0,54000,0,0,0,93000,39000,54000,89000
066877,奇鋐富邦03購01  ,0,0,0,0,0,0,0,0,0,89000,0,0,0,134000,45000,89000,89000
067321,南六元大01購05  ,0,0,0,0,0,0,0,0,0,89000,0,0,0,221000,132000,89000,89000
067615,鈺齊凱基01購01  ,0,0,0,0,0,0,0,0,0,89000,0,0,0,324000,235000,89000,89000
065914,智邦凱基02購03  ,0,0,0,0,0,0,0,0,0,89000,0,0,0,165000,76000,89000,89000
065941,超眾群益02購01  ,0,0,0,0,0,0,0,0,0,89000,0,0,0,140000,51000,89000,89000
065781,創意富邦01購01  ,0,0,0,0,0,0,0,0,0,89000,0,0,0,89000,0,89000,89000
068213,台塑化凱基01購01,0,0,0,0,0,0,0,0,0,88000,0,0,0,159000,71000,88000,88000
068187,南電群益01購02  ,0,0,0,0,0,0,0,0,0,88000,0,0,0,115000,27000,88000,88000
068472,聯發科群益01購12,0,0,0,0,0,0,0,0,0,88000,0,0,0,151000,63000,88000,88000
068961,宏達電群益02購01,0,0,0,0,0,0,0,0,0,88000,0,0,0,101000,13000,88000,88000
069607,彩晶國票02購01  ,0,0,0,0,0,0,0,0,0,88000,0,0,0,688000,600000,88000,88000
07800P,華新科國泰9B售04,0,0,0,0,0,0,0,0,0,88000,0,0,0,100000,12000,88000,88000
061747,南亞科統一01購01,0,0,0,0,0,0,0,0,0,88000,0,0,0,108000,20000,88000,88000
058664,百和兆豐99購01  ,0,0,0,0,0,0,0,0,0,88000,0,0,0,147000,59000,88000,88000
060884,超眾中信9B購01  ,0,0,0,0,0,0,0,0,0,88000,0,0,0,178000,90000,88000,88000
058854,樺漢群益9B購01  ,0,0,0,0,0,0,0,0,0,88000,0,0,0,88000,0,88000,88000
060944,國泰金國票9A購01,0,0,0,0,0,0,0,0,0,88000,0,0,0,88000,0,88000,88000
061027,儒鴻永豐9A購02  ,0,0,0,0,0,0,0,0,0,88000,0,0,0,170000,82000,88000,88000
061443,大立光統一9C購02,0,0,0,0,0,0,0,0,0,88000,0,0,0,230000,142000,88000,88000
065414,立積永豐9C購01  ,0,0,0,0,0,0,0,0,0,88000,0,0,0,88000,0,88000,88000
6224,聚鼎            ,363000,277000,86000,0,0,0,0,0,0,2000,20000,18000,2000,0,0,0,88000
063437,聚陽統一01購01  ,0,0,0,0,0,0,0,0,0,87000,0,0,0,111000,24000,87000,87000
063655,華通元富9B購01  ,0,0,0,0,0,0,0,0,0,87000,0,0,0,537000,450000,87000,87000
065103,南六元大9C購06  ,0,0,0,0,0,0,0,0,0,87000,0,0,0,144000,57000,87000,87000
066136,景碩群益01購02  ,0,0,0,0,0,0,0,0,0,87000,0,0,0,122000,35000,87000,87000
066514,盟立永豐01購01  ,0,0,0,0,0,0,0,0,0,87000,0,0,0,107000,20000,87000,87000
067695,國產中信05購01  ,0,0,0,0,0,0,0,0,0,87000,0,0,0,200000,113000,87000,87000
07100P,華航元大99售01  ,0,0,0,0,0,0,0,0,0,86000,0,0,0,86000,0,86000,86000
069598,強茂國票03購01  ,0,0,0,0,0,0,0,0,0,86000,0,0,0,143000,57000,86000,86000
069121,聯鈞群益02購01  ,0,0,0,0,0,0,0,0,0,86000,0,0,0,107000,21000,86000,86000
066944,鴻海元大01購13  ,0,0,0,0,0,0,0,0,0,86000,0,0,0,150000,64000,86000,86000
066938,敦泰國票02購01  ,0,0,0,0,0,0,0,0,0,86000,0,0,0,142000,56000,86000,86000
067124,華擎富邦03購01  ,0,0,0,0,0,0,0,0,0,86000,0,0,0,93000,7000,86000,86000
066526,創意統一05購01  ,0,0,0,0,0,0,0,0,0,86000,0,0,0,114000,28000,86000,86000
4137,麗豐-KY         ,141000,35000,106000,0,0,0,0,0,0,-20000,0,5000,-5000,0,15000,-15000,86000
00752,中信中國50      ,0,0,0,0,0,0,0,0,0,85525,0,0,0,265000,179475,85525,85525
069261,緯穎凱基03購02  ,0,0,0,0,0,0,0,0,0,85000,0,0,0,173000,88000,85000,85000
068720,台積電元大02購14,0,0,0,0,0,0,0,0,0,85000,0,0,0,246000,161000,85000,85000
068548,台積電群益01購22,0,0,0,0,0,0,0,0,0,85000,0,0,0,108000,23000,85000,85000
068059,宏碁中信03購01  ,0,0,0,0,0,0,0,0,0,85000,0,0,0,151000,66000,85000,85000
068113,台光電元富07購01,0,0,0,0,0,0,0,0,0,85000,0,0,0,150000,65000,85000,85000
068104,彩晶永豐01購01  ,0,0,0,0,0,0,0,0,0,85000,0,0,0,216000,131000,85000,85000
069441,力山元富08購01  ,0,0,0,0,0,0,0,0,0,85000,0,0,0,439000,354000,85000,85000
069488,大立光元大02購06,0,0,0,0,0,0,0,0,0,85000,0,0,0,100000,15000,85000,85000
08182P,金像電永豐9B售01,0,0,0,0,0,0,0,0,0,85000,0,0,0,85000,0,85000,85000
056144,GIS元大98購01   ,0,0,0,0,0,0,0,0,0,85000,0,0,0,85000,0,85000,85000
060788,嘉晶富邦9B購01  ,0,0,0,0,0,0,0,0,0,85000,0,0,0,85000,0,85000,85000
059296,大立光元富99購06,0,0,0,0,0,0,0,0,0,85000,0,0,0,105000,20000,85000,85000
064237,奇鋐統一01購01  ,0,0,0,0,0,0,0,0,0,85000,0,0,0,85000,0,85000,85000
064522,華擎群益01購01  ,0,0,0,0,0,0,0,0,0,85000,0,0,0,218000,133000,85000,85000
063251,同欣電元大9B購04,0,0,0,0,0,0,0,0,0,85000,0,0,0,99000,14000,85000,85000
063446,台光電統一01購02,0,0,0,0,0,0,0,0,0,85000,0,0,0,220000,135000,85000,85000
063480,南六元大9C購01  ,0,0,0,0,0,0,0,0,0,85000,0,0,0,141000,56000,85000,85000
066294,嘉基元大01購01  ,0,0,0,0,0,0,0,0,0,85000,0,0,0,100000,15000,85000,85000
066959,新唐元大01購01  ,0,0,0,0,0,0,0,0,0,85000,0,0,0,135000,50000,85000,85000
08135P,玉晶光國泰01售02,0,0,0,0,0,0,0,0,0,84000,0,0,0,284000,200000,84000,84000
069443,金像電元富02購01,0,0,0,0,0,0,0,0,0,84000,0,0,0,166000,82000,84000,84000
069015,臻鼎兆豐03購01  ,0,0,0,0,0,0,0,0,0,84000,0,0,0,122000,38000,84000,84000
068992,日電貿永豐02購01,0,0,0,0,0,0,0,0,0,84000,0,0,0,84000,0,84000,84000
063510,台表科群益9C購01,0,0,0,0,0,0,0,0,0,84000,0,0,0,134000,50000,84000,84000
063248,創意元大9C購01  ,0,0,0,0,0,0,0,0,0,84000,0,0,0,154000,70000,84000,84000
067067,國巨元大01購08  ,0,0,0,0,0,0,0,0,0,84000,0,0,0,189000,105000,84000,84000
067400,華擎永豐01購02  ,0,0,0,0,0,0,0,0,0,84000,0,0,0,258000,174000,84000,84000
065705,嘉晶群益9C購05  ,0,0,0,0,0,0,0,0,0,84000,0,0,0,240000,156000,84000,84000
2617,台航            ,194000,110000,84000,0,0,0,0,0,0,0,0,0,0,0,0,0,84000
069149,彩晶永豐02購01  ,0,0,0,0,0,0,0,0,0,83000,0,0,0,360000,277000,83000,83000
068699,松翰凱基03購01  ,0,0,0,0,0,0,0,0,0,83000,0,0,0,90000,7000,83000,83000
068632,華新凱基03購01  ,0,0,0,0,0,0,0,0,0,83000,0,0,0,224000,141000,83000,83000
063559,力山元大9B購04  ,0,0,0,0,0,0,0,0,0,83000,0,0,0,301000,218000,83000,83000
060417,正隆永豐9A購01  ,0,0,0,0,0,0,0,0,0,83000,0,0,0,83000,0,83000,83000
060747,聯鈞國票9A購02  ,0,0,0,0,0,0,0,0,0,83000,0,0,0,110000,27000,83000,83000
064482,微星永豐9C購01  ,0,0,0,0,0,0,0,0,0,83000,0,0,0,221000,138000,83000,83000
065566,裕隆群益9C購02  ,0,0,0,0,0,0,0,0,0,83000,0,0,0,253000,170000,83000,83000
067591,聚陽凱基02購02  ,0,0,0,0,0,0,0,0,0,83000,0,0,0,274000,191000,83000,83000
067547,儒鴻中信01購01  ,0,0,0,0,0,0,0,0,0,83000,0,0,0,138000,55000,83000,83000
067871,玉晶光元大01購08,0,0,0,0,0,0,0,0,0,83000,0,0,0,110000,27000,83000,83000
067118,上緯控群益01購01,0,0,0,0,0,0,0,0,0,83000,0,0,0,518000,435000,83000,83000
067252,智邦國票02購02  ,0,0,0,0,0,0,0,0,0,83000,0,0,0,83000,0,83000,83000
3032,偉訓            ,245000,162000,83000,0,0,0,0,0,0,0,0,0,0,0,0,0,83000
3050,鈺德            ,92000,10000,82000,0,0,0,0,0,0,1000,1000,0,1000,0,0,0,83000
08677P,超眾群益01售02  ,0,0,0,0,0,0,0,0,0,83000,0,0,0,205000,122000,83000,83000
1417,嘉裕            ,92000,11000,81000,0,0,0,0,0,0,2000,2000,0,2000,0,0,0,83000
068028,國巨元富07購12  ,0,0,0,0,0,0,0,0,0,82000,0,0,0,98000,16000,82000,82000
05644P,大立光中信9A售03,0,0,0,0,0,0,0,0,0,82000,0,0,0,102000,20000,82000,82000
061795,智邦永豐9B購01  ,0,0,0,0,0,0,0,0,0,82000,0,0,0,82000,0,82000,82000
064489,宏碁元大9C購01  ,0,0,0,0,0,0,0,0,0,82000,0,0,0,108000,26000,82000,82000
064426,群創兆豐9C購01  ,0,0,0,0,0,0,0,0,0,82000,0,0,0,118000,36000,82000,82000
064992,玉晶光兆豐01購01,0,0,0,0,0,0,0,0,0,82000,0,0,0,263000,181000,82000,82000
063740,矽格元大9B購03  ,0,0,0,0,0,0,0,0,0,82000,0,0,0,181000,99000,82000,82000
067202,聚陽元大01購02  ,0,0,0,0,0,0,0,0,0,82000,0,0,0,82000,0,82000,82000
067428,大毅凱基01購02  ,0,0,0,0,0,0,0,0,0,82000,0,0,0,85000,3000,82000,82000
067363,同欣電群益01購02,0,0,0,0,0,0,0,0,0,82000,0,0,0,110000,28000,82000,82000
066093,世紀鋼永豐01購01,0,0,0,0,0,0,0,0,0,82000,0,0,0,115000,33000,82000,82000
068216,國巨台新01購01  ,0,0,0,0,0,0,0,0,0,81000,0,0,0,186000,105000,81000,81000
063542,泰鼎元富9B購02  ,0,0,0,0,0,0,0,0,0,81000,0,0,0,81000,0,81000,81000
057589,超眾國票9A購01  ,0,0,0,0,0,0,0,0,0,81000,0,0,0,81000,0,81000,81000
03151P,聯發科群益01售14,0,0,0,0,0,0,0,0,0,81000,0,0,0,162000,81000,81000,81000
063762,緯穎統一9C購01  ,0,0,0,0,0,0,0,0,0,81000,0,0,0,126000,45000,81000,81000
064695,京鼎群益02購02  ,0,0,0,0,0,0,0,0,0,81000,0,0,0,106000,25000,81000,81000
064028,大毅元大01購01  ,0,0,0,0,0,0,0,0,0,81000,0,0,0,82000,1000,81000,81000
065810,台表科群益9C購05,0,0,0,0,0,0,0,0,0,81000,0,0,0,101000,20000,81000,81000
067564,訊芯國票02購01  ,0,0,0,0,0,0,0,0,0,81000,0,0,0,103000,22000,81000,81000
067688,南六元大01購06  ,0,0,0,0,0,0,0,0,0,81000,0,0,0,131000,50000,81000,81000
2538,基泰            ,115000,55000,60000,0,0,0,0,0,0,21000,21000,0,21000,0,0,0,81000
068179,致茂群益02購01  ,0,0,0,0,0,0,0,0,0,80000,0,0,0,80000,0,80000,80000
068461,瑞儀國票03購01  ,0,0,0,0,0,0,0,0,0,80000,0,0,0,80000,0,80000,80000
069258,同欣電凱基03購02,0,0,0,0,0,0,0,0,0,80000,0,0,0,80000,0,80000,80000
069102,TPK統一04購03   ,0,0,0,0,0,0,0,0,0,80000,0,0,0,87000,7000,80000,80000
08394P,大立光群益9C售05,0,0,0,0,0,0,0,0,0,80000,0,0,0,100000,20000,80000,80000
057385,光罩永豐99購01  ,0,0,0,0,0,0,0,0,0,80000,0,0,0,80000,0,80000,80000
057154,易華電國泰99購01,0,0,0,0,0,0,0,0,0,80000,0,0,0,80000,0,80000,80000
063590,華擎永豐9B購01  ,0,0,0,0,0,0,0,0,0,80000,0,0,0,228000,148000,80000,80000
059028,嘉聯益台新99購02,0,0,0,0,0,0,0,0,0,80000,0,0,0,80000,0,80000,80000
05953P,台積電國票98售02,0,0,0,0,0,0,0,0,0,80000,0,0,0,80000,0,80000,80000
058728,SP黃豆永豐99購01,0,0,0,0,0,0,0,0,0,80000,0,0,0,80000,0,80000,80000
063252,緯穎元大9B購07  ,0,0,0,0,0,0,0,0,0,80000,0,0,0,130000,50000,80000,80000
063665,南亞科統一01購02,0,0,0,0,0,0,0,0,0,80000,0,0,0,240000,160000,80000,80000
062192,南六元大9B購01  ,0,0,0,0,0,0,0,0,0,80000,0,0,0,117000,37000,80000,80000
064778,美律群益9C購01  ,0,0,0,0,0,0,0,0,0,80000,0,0,0,80000,0,80000,80000
067722,國產凱基01購01  ,0,0,0,0,0,0,0,0,0,80000,0,0,0,395000,315000,80000,80000
067789,和碩群益01購01  ,0,0,0,0,0,0,0,0,0,80000,0,0,0,92000,12000,80000,80000
067046,聯發科凱基04購01,0,0,0,0,0,0,0,0,0,80000,0,0,0,85000,5000,80000,80000
066964,T50反1元富07購04,0,0,0,0,0,0,0,0,0,80000,0,0,0,100000,20000,80000,80000
065739,正崴麥證9C購01  ,0,0,0,100000,20000,80000,0,0,0,80000,0,0,0,100000,20000,80000,80000
065900,瑞祺國泰02購01  ,0,0,0,0,0,0,0,0,0,80000,0,0,0,130000,50000,80000,80000
065626,華新科兆豐9C購02,0,0,0,0,0,0,0,0,0,80000,0,0,0,80000,0,80000,80000
066551,大立光元大01購07,0,0,0,0,0,0,0,0,0,80000,0,0,0,143000,63000,80000,80000
066485,台光電元富01購01,0,0,0,0,0,0,0,0,0,80000,0,0,0,80000,0,80000,80000
3027,盛達            ,415000,336000,79000,0,0,0,0,0,0,1000,1000,0,1000,0,0,0,80000
4526,東台            ,89000,9000,80000,0,0,0,0,0,0,0,0,0,0,0,0,0,80000
2204,中華            ,491000,491000,0,0,0,0,0,0,0,80000,75000,0,75000,5000,0,5000,80000
08697P,臺股指麥證01售03,0,0,0,100000,20000,80000,0,0,0,80000,0,0,0,100000,20000,80000,80000
08461P,長榮航國票9C售01,0,0,0,0,0,0,0,0,0,79000,0,0,0,115000,36000,79000,79000
068737,南電元大02購03  ,0,0,0,0,0,0,0,0,0,79000,0,0,0,162000,83000,79000,79000
068296,緯穎康和01購01  ,0,0,0,0,0,0,0,0,0,79000,0,0,0,91000,12000,79000,79000
059580,大立光元富99購07,0,0,0,0,0,0,0,0,0,79000,0,0,0,84000,5000,79000,79000
059814,SP黃豆凱基9A購02,0,0,0,0,0,0,0,0,0,79000,0,0,0,121000,42000,79000,79000
064430,鴻海凱基03購04  ,0,0,0,0,0,0,0,0,0,79000,0,0,0,129000,50000,79000,79000
064054,中租統一02購01  ,0,0,0,0,0,0,0,0,0,79000,0,0,0,483000,404000,79000,79000
065976,牧德元大02購02  ,0,0,0,0,0,0,0,0,0,79000,0,0,0,80000,1000,79000,79000
065212,瑞儀國票01購01  ,0,0,0,0,0,0,0,0,0,79000,0,0,0,80000,1000,79000,79000
067315,京鼎元大01購05  ,0,0,0,0,0,0,0,0,0,79000,0,0,0,182000,103000,79000,79000
2820,華票            ,332000,253000,79000,0,0,0,0,0,0,0,0,0,0,0,0,0,79000
068286,聯電群益03購02  ,0,0,0,0,0,0,0,0,0,78000,0,0,0,200000,122000,78000,78000
068746,台達電群益02購01,0,0,0,0,0,0,0,0,0,78000,0,0,0,321000,243000,78000,78000
069508,健策永豐02購01  ,0,0,0,0,0,0,0,0,0,78000,0,0,0,78000,0,78000,78000
069403,華通統一02購02  ,0,0,0,0,0,0,0,0,0,78000,0,0,0,100000,22000,78000,78000
064245,GIS統一02購02   ,0,0,0,0,0,0,0,0,0,78000,0,0,0,310000,232000,78000,78000
064287,日月光元大9C購01,0,0,0,0,0,0,0,0,0,78000,0,0,0,86000,8000,78000,78000
064284,京鼎元大9C購01  ,0,0,0,0,0,0,0,0,0,78000,0,0,0,117000,39000,78000,78000
03371P,聯電元大02售07  ,0,0,0,0,0,0,0,0,0,78000,0,0,0,80000,2000,78000,78000
064188,玉晶光永豐9C購02,0,0,0,0,0,0,0,0,0,78000,0,0,0,83000,5000,78000,78000
063440,上銀統一01購02  ,0,0,0,0,0,0,0,0,0,78000,0,0,0,100000,22000,78000,78000
061837,華新科凱基05購02,0,0,0,0,0,0,0,0,0,78000,0,0,0,333000,255000,78000,78000
063949,大立光元大9C購10,0,0,0,0,0,0,0,0,0,78000,0,0,0,78000,0,78000,78000
061925,禾伸堂凱基9C購01,0,0,0,0,0,0,0,0,0,78000,0,0,0,78000,0,78000,78000
062586,國巨統一01購06  ,0,0,0,0,0,0,0,0,0,78000,0,0,0,78000,0,78000,78000
067812,國泰金凱基01購01,0,0,0,0,0,0,0,0,0,78000,0,0,0,78000,0,78000,78000
065180,台表科元大9C購10,0,0,0,0,0,0,0,0,0,78000,0,0,0,162000,84000,78000,78000
066449,瀚宇博群益01購01,0,0,0,0,0,0,0,0,0,78000,0,0,0,264000,186000,78000,78000
066360,致茂中信05購01  ,0,0,0,0,0,0,0,0,0,78000,0,0,0,78000,0,78000,78000
069299,滬深2X凱基02購01,0,0,0,0,0,0,0,0,0,77000,0,0,0,147000,70000,77000,77000
068105,GIS永豐01購01   ,0,0,0,0,0,0,0,0,0,77000,0,0,0,77000,0,77000,77000
059284,緯穎永豐99購03  ,0,0,0,0,0,0,0,0,0,77000,0,0,0,77000,0,77000,77000
058727,嘉晶富邦9A購01  ,0,0,0,0,0,0,0,0,0,77000,0,0,0,77000,0,77000,77000
060283,台肥元大9C購01  ,0,0,0,0,0,0,0,0,0,77000,0,0,0,97000,20000,77000,77000
061939,中租國票9B購01  ,0,0,0,0,0,0,0,0,0,77000,0,0,0,142000,65000,77000,77000
061841,晶技凱基9C購01  ,0,0,0,0,0,0,0,0,0,77000,0,0,0,81000,4000,77000,77000
065165,上銀元大9C購09  ,1000,0,1000,0,0,0,0,0,0,76000,0,0,0,172000,96000,76000,77000
067628,力山永豐01購01  ,0,0,0,0,0,0,0,0,0,77000,0,0,0,115000,38000,77000,77000
068781,欣興國票03購03  ,0,0,0,0,0,0,0,0,0,76000,0,0,0,78000,2000,76000,76000
058251,百和元大99購03  ,0,0,0,0,0,0,0,0,0,76000,0,0,0,292000,216000,76000,76000
065094,新日興元大9C購04,0,0,0,0,0,0,0,0,0,76000,0,0,0,82000,6000,76000,76000
067836,聯發科統一03購05,0,0,0,0,0,0,0,0,0,76000,0,0,0,170000,94000,76000,76000
067738,技嘉元大01購02  ,0,0,0,0,0,0,0,0,0,76000,0,0,0,378000,302000,76000,76000
065632,正崴國票01購01  ,0,0,0,0,0,0,0,0,0,76000,0,0,0,107000,31000,76000,76000
066474,微星麥證01購01  ,0,0,0,79000,3000,76000,0,0,0,76000,0,0,0,79000,3000,76000,76000
3321,同泰            ,125000,49000,76000,0,0,0,0,0,0,0,0,0,0,0,0,0,76000
069108,大立光兆豐03購02,0,0,0,0,0,0,0,0,0,75000,0,0,0,109000,34000,75000,75000
068218,台光電統一02購05,0,0,0,0,0,0,0,0,0,75000,0,0,0,75000,0,75000,75000
058202,鴻海凱基9A購04  ,0,0,0,0,0,0,0,0,0,75000,0,0,0,75000,0,75000,75000
061717,力成凱基9B購01  ,0,0,0,0,0,0,0,0,0,75000,0,0,0,105000,30000,75000,75000
057857,牧德國票99購01  ,0,0,0,0,0,0,0,0,0,75000,0,0,0,75000,0,75000,75000
059660,華新科元大9A購04,0,0,0,0,0,0,0,0,0,75000,0,0,0,78000,3000,75000,75000
065037,緯穎統一02購02  ,0,0,0,0,0,0,0,0,0,75000,0,0,0,133000,58000,75000,75000
064803,智邦元大9C購05  ,0,0,0,0,0,0,0,0,0,75000,0,0,0,320000,245000,75000,75000
064875,國巨兆豐01購01  ,0,0,0,0,0,0,0,0,0,75000,0,0,0,75000,0,75000,75000
062392,國巨富邦02購01  ,0,0,0,0,0,0,0,0,0,75000,0,0,0,75000,0,75000,75000
061869,智邦元大9B購01  ,0,0,0,0,0,0,0,0,0,75000,0,0,0,110000,35000,75000,75000
061423,廣達元大9A購01  ,0,0,0,0,0,0,0,0,0,75000,0,0,0,75000,0,75000,75000
063146,南六統一9B購02  ,0,0,0,0,0,0,0,0,0,75000,0,0,0,164000,89000,75000,75000
065691,國巨群益9C購16  ,0,0,0,0,0,0,0,0,0,75000,0,0,0,76000,1000,75000,75000
065757,新日興元大9C購06,0,0,0,0,0,0,0,0,0,75000,0,0,0,110000,35000,75000,75000
065214,友達國泰01購01  ,0,0,0,0,0,0,0,0,0,75000,0,0,0,193000,118000,75000,75000
065310,華擎國票01購01  ,0,0,0,0,0,0,0,0,0,75000,0,0,0,167000,92000,75000,75000
067822,同欣電凱基01購02,0,0,0,0,0,0,0,0,0,75000,0,0,0,125000,50000,75000,75000
067601,金像電凱基01購04,0,0,0,0,0,0,0,0,0,75000,0,0,0,130000,55000,75000,75000
067455,T50反1國泰03購01,0,0,0,0,0,0,0,0,0,75000,0,0,0,75000,0,75000,75000
066746,聯茂元大01購01  ,0,0,0,0,0,0,0,0,0,75000,0,0,0,89000,14000,75000,75000
2637,慧洋-KY         ,244000,204000,40000,0,0,0,0,0,0,35000,23000,0,23000,12000,0,12000,75000
3036,文曄            ,150000,197000,-47000,0,0,0,0,0,0,122000,109000,4000,105000,17000,0,17000,75000
08673P,友訊元富01售03  ,0,0,0,0,0,0,0,0,0,75000,0,0,0,120000,45000,75000,75000
068095,GIS群益01購01   ,0,0,0,0,0,0,0,0,0,74000,0,0,0,152000,78000,74000,74000
068769,義隆統一04購01  ,0,0,0,0,0,0,0,0,0,74000,0,0,0,119000,45000,74000,74000
069576,緯穎凱基02購03  ,0,0,0,0,0,0,0,0,0,74000,0,0,0,74000,0,74000,74000
060963,禾伸堂凱基9A購01,0,0,0,0,0,0,0,0,0,74000,0,0,0,74000,0,74000,74000
060865,創意永豐9A購01  ,0,0,0,0,0,0,0,0,0,74000,0,0,0,138000,64000,74000,74000
03216P,臺股指群益02售01,0,0,0,0,0,0,0,0,0,74000,0,0,0,95000,21000,74000,74000
063379,帆宣永豐9B購01  ,0,0,0,0,0,0,0,0,0,74000,0,0,0,96000,22000,74000,74000
061268,玉晶光凱基9B購04,0,0,0,0,0,0,0,0,0,74000,0,0,0,83000,9000,74000,74000
062902,智邦元大9B購07  ,0,0,0,0,0,0,0,0,0,74000,0,0,0,125000,51000,74000,74000
062579,華通統一01購02  ,0,0,0,0,0,0,0,0,0,74000,0,0,0,74000,0,74000,74000
065450,同欣電統一01購03,0,0,0,0,0,0,0,0,0,74000,0,0,0,109000,35000,74000,74000
065881,京元電台新9C購01,0,0,0,0,0,0,0,0,0,74000,0,0,0,76000,2000,74000,74000
066391,國巨凱基01購04  ,0,0,0,0,0,0,0,0,0,74000,0,0,0,109000,35000,74000,74000
08694P,大立光群益01售05,0,0,0,0,0,0,0,0,0,74000,0,0,0,141000,67000,74000,74000
9902,台火            ,75000,1000,74000,0,0,0,0,0,0,0,0,0,0,0,0,0,74000
068875,正崴凱基02購01  ,0,0,0,0,0,0,0,0,0,73000,0,0,0,149000,76000,73000,73000
069132,力山永豐02購01  ,0,0,0,0,0,0,0,0,0,73000,0,0,0,170000,97000,73000,73000
068070,友達凱基05購01  ,0,0,0,0,0,0,0,0,0,73000,0,0,0,73000,0,73000,73000
067994,技嘉元大01購03  ,0,0,0,0,0,0,0,0,0,73000,0,0,0,349000,276000,73000,73000
067953,京元電永豐01購02,0,0,0,0,0,0,0,0,0,73000,0,0,0,78000,5000,73000,73000
068557,道瓊銀元大03購02,0,0,0,0,0,0,0,0,0,73000,0,0,0,73000,0,73000,73000
03356P,南電凱基02售05  ,0,0,0,0,0,0,0,0,0,73000,0,0,0,126000,53000,73000,73000
059253,康控凱基9B購02  ,0,0,0,0,0,0,0,0,0,73000,0,0,0,94000,21000,73000,73000
058498,世紀鋼群益99購01,0,0,0,0,0,0,0,0,0,73000,0,0,0,73000,0,73000,73000
062573,大毅群益9B購03  ,0,0,0,0,0,0,0,0,0,73000,0,0,0,73000,0,73000,73000
061261,台積電凱基9B購03,0,0,0,0,0,0,0,0,0,73000,0,0,0,325000,252000,73000,73000
063704,麗豐群益9B購01  ,0,0,0,0,0,0,0,0,0,73000,0,0,0,73000,0,73000,73000
063418,京元電凱基9B購03,0,0,0,0,0,0,0,0,0,73000,0,0,0,73000,0,73000,73000
064129,新日興元大9C購02,0,0,0,0,0,0,0,0,0,73000,0,0,0,82000,9000,73000,73000
066400,健策凱基02購02  ,0,0,0,0,0,0,0,0,0,73000,0,0,0,73000,0,73000,73000
065957,華擎統一03購02  ,0,0,0,0,0,0,0,0,0,73000,0,0,0,93000,20000,73000,73000
065466,台表科中信01購03,0,0,0,0,0,0,0,0,0,73000,0,0,0,273000,200000,73000,73000
065252,玉晶光永豐9C購08,0,0,0,0,0,0,0,0,0,73000,0,0,0,82000,9000,73000,73000
066955,新日興元大01購01,0,0,0,0,0,0,0,0,0,73000,0,0,0,73000,0,73000,73000
3653,健策            ,570000,802000,-232000,0,0,0,344000,106000,238000,67000,100000,30000,70000,30000,33000,-3000,73000
068690,喬山凱基03購01  ,0,0,0,0,0,0,0,0,0,72000,0,0,0,253000,181000,72000,72000
069320,華新科兆豐03購01,0,0,0,0,0,0,0,0,0,72000,0,0,0,111000,39000,72000,72000
08207P,金像電群益9B售05,0,0,0,0,0,0,0,0,0,72000,0,0,0,310000,238000,72000,72000
059766,同欣電永豐99購03,0,0,0,0,0,0,0,0,0,72000,0,0,0,72000,0,72000,72000
058147,鈺齊元大99購01  ,0,0,0,0,0,0,0,0,0,72000,0,0,0,72000,0,72000,72000
058148,百和元大99購01  ,0,0,0,0,0,0,0,0,0,72000,0,0,0,173000,101000,72000,72000
055092,開發金群益9B購01,0,0,0,0,0,0,0,0,0,72000,0,0,0,172000,100000,72000,72000
057547,技嘉凱基99購01  ,0,0,0,0,0,0,0,0,0,72000,0,0,0,86000,14000,72000,72000
064057,緯穎統一02購01  ,0,0,0,0,0,0,0,0,0,72000,0,0,0,318000,246000,72000,72000
063999,日月光兆豐9C購01,0,0,0,0,0,0,0,0,0,72000,0,0,0,182000,110000,72000,72000
062155,國巨凱基9C購03  ,0,0,0,0,0,0,0,0,0,72000,0,0,0,92000,20000,72000,72000
062035,瑞祺群益9B購01  ,0,0,0,0,0,0,0,0,0,72000,0,0,0,78000,6000,72000,72000
1809,中釉            ,140000,68000,72000,0,0,0,0,0,0,0,0,0,0,0,0,0,72000
9924,福興            ,59000,26000,33000,0,0,0,0,0,0,39000,39000,0,39000,0,0,0,72000
069237,南電康和02購01  ,0,0,0,0,0,0,0,0,0,71000,0,0,0,1029000,958000,71000,71000
068174,華新科中信01購01,0,0,0,0,0,0,0,0,0,71000,0,0,0,128000,57000,71000,71000
03022P,玉晶光群益02售26,0,0,0,0,0,0,0,0,0,71000,0,0,0,153000,82000,71000,71000
065106,S&P反1國票9C購02,0,0,0,0,0,0,0,0,0,71000,0,0,0,180000,109000,71000,71000
063735,華新科元大9B購15,0,0,0,0,0,0,0,0,0,71000,0,0,0,102000,31000,71000,71000
063900,GIS群益9C購03   ,0,0,0,0,0,0,0,0,0,71000,0,0,0,151000,80000,71000,71000
067256,新唐國票02購01  ,0,0,0,0,0,0,0,0,0,71000,0,0,0,78000,7000,71000,71000
066859,華擎國票02購01  ,0,0,0,0,0,0,0,0,0,71000,0,0,0,176000,105000,71000,71000
066679,微星兆豐01購01  ,0,0,0,0,0,0,0,0,0,71000,0,0,0,274000,203000,71000,71000
065377,群創元大02購02  ,0,0,0,0,0,0,0,0,0,71000,0,0,0,85000,14000,71000,71000
065382,緯穎元大9C購04  ,0,0,0,0,0,0,0,0,0,71000,0,0,0,145000,74000,71000,71000
065385,億豐元大03購01  ,0,0,0,0,0,0,0,0,0,71000,0,0,0,94000,23000,71000,71000
065850,緯創元大9C購06  ,0,0,0,0,0,0,0,0,0,71000,0,0,0,123000,52000,71000,71000
068193,順德凱基01購01  ,0,0,0,0,0,0,0,0,0,70000,0,0,0,85000,15000,70000,70000
068625,信邦群益02購02  ,0,0,0,0,0,0,0,0,0,70000,0,0,0,70000,0,70000,70000
08006P,長榮航中信03售01,0,0,0,0,0,0,0,0,0,70000,0,0,0,70000,0,70000,70000
069835,高股息台新02購01,0,0,0,0,0,0,0,0,0,70000,0,0,0,80000,10000,70000,70000
03270P,台灣50群益02售07,0,0,0,0,0,0,0,0,0,70000,0,0,0,70000,0,70000,70000
03126P,旭富凱基01售04  ,0,0,0,0,0,0,0,0,0,70000,0,0,0,120000,50000,70000,70000
054892,彩晶統一99購01  ,0,0,0,0,0,0,0,0,0,70000,0,0,0,160000,90000,70000,70000
059248,華新科凱基99購04,0,0,0,0,0,0,0,0,0,70000,0,0,0,70000,0,70000,70000
060673,旺宏元大9A購04  ,0,0,0,0,0,0,0,0,0,70000,0,0,0,70000,0,70000,70000
059532,華新科凱基9B購03,0,0,0,0,0,0,0,0,0,70000,0,0,0,76000,6000,70000,70000
062717,華邦電凱基9C購01,0,0,0,0,0,0,0,0,0,70000,0,0,0,70000,0,70000,70000
064271,鴻海元大9C購08  ,0,0,0,0,0,0,0,0,0,70000,0,0,0,70000,0,70000,70000
060422,台勝科永豐9A購01,0,0,0,0,0,0,0,0,0,70000,0,0,0,70000,0,70000,70000
063859,國巨國泰01購03  ,0,0,0,0,0,0,0,0,0,70000,0,0,0,193000,123000,70000,70000
061835,華新科凱基02購03,0,0,0,0,0,0,0,0,0,70000,0,0,0,73000,3000,70000,70000
063600,燿華凱基9B購04  ,0,0,0,0,0,0,0,0,0,70000,0,0,0,70000,0,70000,70000
063342,台光電統一9B購02,0,0,0,0,0,0,0,0,0,70000,0,0,0,100000,30000,70000,70000
062032,崇越群益9B購01  ,0,0,0,0,0,0,0,0,0,70000,0,0,0,70000,0,70000,70000
062590,亞光統一9B購01  ,0,0,0,0,0,0,0,0,0,70000,0,0,0,108000,38000,70000,70000
062432,上銀元大9B購04  ,0,0,0,0,0,0,0,0,0,70000,0,0,0,102000,32000,70000,70000
062309,燿華凱基9B購01  ,0,0,0,0,0,0,0,0,0,70000,0,0,0,70000,0,70000,70000
065836,T50反1元大9C購11,0,0,0,0,0,0,0,0,0,70000,0,0,0,70000,0,70000,70000
065693,國巨群益9C購18  ,0,0,0,0,0,0,0,0,0,70000,0,0,0,90000,20000,70000,70000
065436,力成凱基02購01  ,0,0,0,0,0,0,0,0,0,70000,0,0,0,80000,10000,70000,70000
065919,禾伸堂凱基02購01,0,0,0,0,0,0,0,0,0,70000,0,0,0,70000,0,70000,70000
066187,瑞祺凱基01購01  ,0,0,0,0,0,0,0,0,0,70000,0,0,0,415000,345000,70000,70000
066293,惠特元大02購01  ,0,0,0,0,0,0,0,0,0,70000,0,0,0,73000,3000,70000,70000
066278,健策元大02購01  ,0,0,0,0,0,0,0,0,0,70000,0,0,0,102000,32000,70000,70000
067177,日月光麥證01購02,0,0,0,80000,16000,64000,0,0,0,70000,0,0,0,96000,26000,70000,70000
067419,鴻海凱基02購06  ,0,0,0,0,0,0,0,0,0,70000,0,0,0,70000,0,70000,70000
067815,玉晶光凱基01購04,0,0,0,0,0,0,0,0,0,70000,0,0,0,80000,10000,70000,70000
069399,聯電統一02購06  ,0,0,0,0,0,0,0,0,0,69000,0,0,0,227000,158000,69000,69000
067964,燿華群益02購02  ,0,0,0,0,0,0,0,0,0,69000,0,0,0,69000,0,69000,69000
069005,奇力新兆豐03購01,0,0,0,0,0,0,0,0,0,69000,0,0,0,79000,10000,69000,69000
068823,景碩元大02購02  ,0,0,0,0,0,0,0,0,0,69000,0,0,0,177000,108000,69000,69000
058275,S&P500中信9B購01,0,0,0,0,0,0,0,0,0,69000,0,0,0,69000,0,69000,69000
060760,南亞科元大9A購04,0,0,0,0,0,0,0,0,0,69000,0,0,0,69000,0,69000,69000
063042,同欣電凱基9C購01,0,0,0,0,0,0,0,0,0,69000,0,0,0,69000,0,69000,69000
063772,智邦富邦9B購02  ,0,0,0,0,0,0,0,0,0,69000,0,0,0,69000,0,69000,69000
064850,智原元富9C購01  ,0,0,0,0,0,0,0,0,0,69000,0,0,0,69000,0,69000,69000
064900,景碩群益01購01  ,0,0,0,0,0,0,0,0,0,69000,0,0,0,108000,39000,69000,69000
064134,瑞祺元大9C購02  ,0,0,0,0,0,0,0,0,0,69000,0,0,0,142000,73000,69000,69000
067436,訊連凱基01購01  ,0,0,0,0,0,0,0,0,0,69000,0,0,0,91000,22000,69000,69000
066858,聯鈞國票02購01  ,0,0,0,0,0,0,0,0,0,69000,0,0,0,69000,0,69000,69000
066168,強茂凱基01購02  ,0,0,0,0,0,0,0,0,0,69000,0,0,0,229000,160000,69000,69000
1507,永大            ,71000,2000,69000,0,0,0,0,0,0,0,0,0,0,0,0,0,69000
068708,新光金國票02購01,0,0,0,0,0,0,0,0,0,68000,0,0,0,388000,320000,68000,68000
068733,瑞儀元大02購01  ,0,0,0,0,0,0,0,0,0,68000,0,0,0,195000,127000,68000,68000
068715,為升元大02購01  ,0,0,0,0,0,0,0,0,0,68000,0,0,0,170000,102000,68000,68000
068091,華碩群益01購02  ,0,0,0,0,0,0,0,0,0,68000,0,0,0,107000,39000,68000,68000
07046P,大立光富邦9C售03,0,0,0,0,0,0,0,0,0,68000,0,0,0,78000,10000,68000,68000
069692,大立光統一03購05,0,0,0,0,0,0,0,0,0,68000,0,0,0,68000,0,68000,68000
052542,友達元富98購01  ,0,0,0,0,0,0,0,0,0,68000,0,0,0,68000,0,68000,68000
061834,華新科凱基02購02,0,0,0,0,0,0,0,0,0,68000,0,0,0,69000,1000,68000,68000
062968,仁寶元富9B購01  ,0,0,0,0,0,0,0,0,0,68000,0,0,0,180000,112000,68000,68000
063951,新日興元大9C購01,0,0,0,0,0,0,0,0,0,68000,0,0,0,70000,2000,68000,68000
061234,國巨元大9A購18  ,0,0,0,0,0,0,0,0,0,68000,0,0,0,68000,0,68000,68000
063026,南六元大9B購04  ,0,0,0,0,0,0,0,0,0,68000,0,0,0,139000,71000,68000,68000
062467,國巨凱基9B購08  ,0,0,0,0,0,0,0,0,0,68000,0,0,0,72000,4000,68000,68000
065661,智原永豐9C購01  ,0,0,0,0,0,0,0,0,0,68000,0,0,0,168000,100000,68000,68000
065676,臻鼎凱基9C購04  ,0,0,0,0,0,0,0,0,0,68000,0,0,0,68000,0,68000,68000
065878,麗豐群益02購01  ,0,0,0,0,0,0,0,0,0,68000,0,0,0,72000,4000,68000,68000
066720,滬深2X元大01購07,0,0,0,0,0,0,0,0,0,68000,0,0,0,260000,192000,68000,68000
1522,堤維西          ,93000,25000,68000,0,0,0,0,0,0,0,0,0,0,0,0,0,68000
08979P,電子類群益01售01,0,0,0,0,0,0,0,0,0,68000,0,0,0,69000,1000,68000,68000
07989P,玉晶光凱基9B售07,0,0,0,0,0,0,0,0,0,67000,0,0,0,320000,253000,67000,67000
08441P,同欣電元富9C售01,0,0,0,0,0,0,0,0,0,67000,0,0,0,90000,23000,67000,67000
068484,聯電元大03購02  ,0,0,0,0,0,0,0,0,0,67000,0,0,0,70000,3000,67000,67000
068641,神達凱基03購01  ,0,0,0,0,0,0,0,0,0,67000,0,0,0,67000,0,67000,67000
054808,東元元大9A購01  ,0,0,0,0,0,0,0,0,0,67000,0,0,0,67000,0,67000,67000
057626,技嘉富邦9A購01  ,0,0,0,0,0,0,0,0,0,67000,0,0,0,380000,313000,67000,67000
061018,台積電國票9B購05,0,0,0,0,0,0,0,0,0,67000,0,0,0,67000,0,67000,67000
060029,嘉晶永豐99購03  ,0,0,0,0,0,0,0,0,0,67000,0,0,0,67000,0,67000,67000
062346,智邦群益9B購02  ,0,0,0,0,0,0,0,0,0,67000,0,0,0,67000,0,67000,67000
061557,台積電國票9C購02,0,0,0,0,0,0,0,0,0,67000,0,0,0,86000,19000,67000,67000
061626,超眾群益9A購02  ,0,0,0,0,0,0,0,0,0,67000,0,0,0,140000,73000,67000,67000
064852,智邦台新9C購04  ,0,0,0,0,0,0,0,0,0,67000,0,0,0,67000,0,67000,67000
064804,英業達元大9C購01,0,0,0,0,0,0,0,0,0,67000,0,0,0,117000,50000,67000,67000
064042,國巨統一9C購12  ,0,0,0,0,0,0,0,0,0,67000,0,0,0,141000,74000,67000,67000
067566,台積電康和01購01,0,0,0,0,0,0,0,0,0,67000,0,0,0,227000,160000,67000,67000
065636,台表科國票01購03,0,0,0,0,0,0,0,0,0,67000,0,0,0,143000,76000,67000,67000
066138,健策群益01購05  ,0,0,0,0,0,0,0,0,0,67000,0,0,0,68000,1000,67000,67000
066467,晶碩統一03購01  ,0,0,0,0,0,0,0,0,0,67000,0,0,0,689000,622000,67000,67000
066459,智原統一01購01  ,0,0,0,0,0,0,0,0,0,67000,0,0,0,169000,102000,67000,67000
08787P,滬深2X元富01售06,0,0,0,0,0,0,0,0,0,67000,0,0,0,70000,3000,67000,67000
068982,健策元大02購06  ,0,0,0,0,0,0,0,0,0,66000,0,0,0,121000,55000,66000,66000
068453,台積電國票03購03,0,0,0,0,0,0,0,0,0,66000,0,0,0,67000,1000,66000,66000
068010,台郡元大01購06  ,0,0,0,0,0,0,0,0,0,66000,0,0,0,169000,103000,66000,66000
060983,南亞科元大9A購06,0,0,0,0,0,0,0,0,0,66000,0,0,0,71000,5000,66000,66000
057962,超眾元大99購03  ,0,0,0,0,0,0,0,0,0,66000,0,0,0,117000,51000,66000,66000
057945,京鼎國票99購03  ,0,0,0,0,0,0,0,0,0,66000,0,0,0,106000,40000,66000,66000
059833,緯穎康和99購01  ,0,0,0,0,0,0,0,0,0,66000,0,0,0,66000,0,66000,66000
056763,國巨元大99購02  ,0,0,0,0,0,0,0,0,0,66000,0,0,0,100000,34000,66000,66000
03312P,亞德客元大02售02,0,0,0,0,0,0,0,0,0,66000,0,0,0,136000,70000,66000,66000
062937,旺宏凱基9B購08  ,0,0,0,0,0,0,0,0,0,66000,0,0,0,70000,4000,66000,66000
063452,創意統一01購01  ,0,0,0,0,0,0,0,0,0,66000,0,0,0,70000,4000,66000,66000
063460,智邦元大9B購08  ,0,0,0,0,0,0,0,0,0,66000,0,0,0,119000,53000,66000,66000
063477,訊芯元大9B購01  ,0,0,0,0,0,0,0,0,0,66000,0,0,0,66000,0,66000,66000
064431,台積電凱基01購05,0,0,0,0,0,0,0,0,0,66000,0,0,0,66000,0,66000,66000
064378,群創元富9C購01  ,0,0,0,0,0,0,0,0,0,66000,0,0,0,66000,0,66000,66000
064906,台表科群益9C購02,0,0,0,0,0,0,0,0,0,66000,0,0,0,96000,30000,66000,66000
066104,鎧勝國票02購01  ,0,0,0,0,0,0,0,0,0,66000,0,0,0,86000,20000,66000,66000
067624,微星富邦04購01  ,0,0,0,0,0,0,0,0,0,66000,0,0,0,338000,272000,66000,66000
068348,上銀凱基01購02  ,0,0,0,0,0,0,0,0,0,65000,0,0,0,222000,157000,65000,65000
08233P,國泰金元富9B售01,0,0,0,0,0,0,0,0,0,65000,0,0,0,130000,65000,65000,65000
020008,元大特股高息N   ,0,0,0,0,0,0,0,0,0,65000,0,0,0,127000,62000,65000,65000
060717,康控永豐9A購01  ,0,0,0,0,0,0,0,0,0,65000,0,0,0,65000,0,65000,65000
058283,世紀鋼中信99購01,0,0,0,0,0,0,0,0,0,65000,0,0,0,65000,0,65000,65000
061157,聯鈞群益9A購02  ,0,0,0,0,0,0,0,0,0,65000,0,0,0,65000,0,65000,65000
062729,神達凱基9B購02  ,0,0,0,0,0,0,0,0,0,65000,0,0,0,78000,13000,65000,65000
060450,南亞元大9A購02  ,0,0,0,0,0,0,0,0,0,65000,0,0,0,65000,0,65000,65000
065093,新日興元大9C購03,0,0,0,0,0,0,0,0,0,65000,0,0,0,106000,41000,65000,65000
062189,康控元大9B購02  ,0,0,0,0,0,0,0,0,0,65000,0,0,0,130000,65000,65000,65000
064772,FBVIX群益9C購04 ,0,0,0,0,0,0,0,0,0,65000,0,0,0,65000,0,65000,65000
062247,國巨元大9B購07  ,0,0,0,0,0,0,0,0,0,65000,0,0,0,66000,1000,65000,65000
064546,燿華凱基02購01  ,0,0,0,0,0,0,0,0,0,65000,0,0,0,75000,10000,65000,65000
063239,建準元大9B購01  ,0,0,0,0,0,0,0,0,0,65000,0,0,0,98000,33000,65000,65000
067625,欣興富邦03購01  ,0,0,0,0,0,0,0,0,0,65000,0,0,0,65000,0,65000,65000
066663,達欣工凱基01購01,0,0,0,0,0,0,0,0,0,65000,0,0,0,105000,40000,65000,65000
065314,矽創國票01購02  ,0,0,0,0,0,0,0,0,0,65000,0,0,0,75000,10000,65000,65000
08840P,臺股指麥證01售07,0,0,0,382000,317000,65000,0,0,0,65000,0,0,0,382000,317000,65000,65000
5608,四維航          ,184000,120000,64000,0,0,0,0,0,0,1000,1000,0,1000,0,0,0,65000
069449,玉晶光統一08購01,0,0,0,0,0,0,0,0,0,64000,0,0,0,76000,12000,64000,64000
069492,欣興元大03購03  ,0,0,0,0,0,0,0,0,0,64000,0,0,0,221000,157000,64000,64000
068102,晶豪科永豐01購01,0,0,0,0,0,0,0,0,0,64000,0,0,0,301000,237000,64000,64000
068252,晶技元大01購05  ,0,0,0,0,0,0,0,0,0,64000,0,0,0,71000,7000,64000,64000
068734,瑞儀元大02購02  ,0,0,0,0,0,0,0,0,0,64000,0,0,0,265000,201000,64000,64000
060130,瀚宇博永豐99購02,0,0,0,0,0,0,0,0,0,64000,0,0,0,64000,0,64000,64000
059067,上銀國票9A購02  ,0,0,0,0,0,0,0,0,0,64000,0,0,0,71000,7000,64000,64000
063722,遠東新元大9B購02,0,0,0,0,0,0,0,0,0,64000,0,0,0,243000,179000,64000,64000
061536,華擎統一9C購02  ,0,0,0,0,0,0,0,0,0,64000,0,0,0,64000,0,64000,64000
066946,京元電元大01購04,0,0,0,0,0,0,0,0,0,64000,0,0,0,214000,150000,64000,64000
067762,康舒永豐01購02  ,0,0,0,0,0,0,0,0,0,64000,0,0,0,67000,3000,64000,64000
067633,致茂永豐01購02  ,0,0,0,0,0,0,0,0,0,64000,0,0,0,64000,0,64000,64000
1808,潤隆            ,98000,21000,77000,0,0,0,0,0,0,-13000,0,13000,-13000,0,0,0,64000
5269,祥碩            ,759049,572000,187049,0,0,0,12000,88000,-76000,-48000,15000,66000,-51000,8000,5000,3000,63049
068665,聯電統一02購02  ,0,0,0,0,0,0,0,0,0,63000,0,0,0,132000,69000,63000,63000
069057,美利達元富08購01,0,0,0,0,0,0,0,0,0,63000,0,0,0,144000,81000,63000,63000
067995,瑞昱元大02購01  ,0,0,0,0,0,0,0,0,0,63000,0,0,0,321000,258000,63000,63000
068300,聯電國票03購01  ,0,0,0,0,0,0,0,0,0,63000,0,0,0,421000,358000,63000,63000
069663,華新科兆豐04購01,0,0,0,0,0,0,0,0,0,63000,0,0,0,85000,22000,63000,63000
063598,國巨凱基9B購14  ,0,0,0,0,0,0,0,0,0,63000,0,0,0,88000,25000,63000,63000
03393P,聯電國泰03售01  ,0,0,0,0,0,0,0,0,0,63000,0,0,0,68000,5000,63000,63000
006207,FH滬深          ,2000,10000,-8000,0,0,0,0,0,0,71000,0,0,0,238000,167000,71000,63000
057649,嘉聯益元大99購04,0,0,0,0,0,0,0,0,0,63000,0,0,0,63000,0,63000,63000
064737,中石化國票01購01,0,0,0,0,0,0,0,0,0,63000,0,0,0,1121000,1058000,63000,63000
062075,智邦元大9B購03  ,0,0,0,0,0,0,0,0,0,63000,0,0,0,92000,29000,63000,63000
061907,裕隆中信9B購01  ,0,0,0,0,0,0,0,0,0,63000,0,0,0,76000,13000,63000,63000
063611,儒鴻群益9B購03  ,0,0,0,0,0,0,0,0,0,63000,0,0,0,105000,42000,63000,63000
064025,友達元大02購01  ,0,0,0,0,0,0,0,0,0,63000,0,0,0,73000,10000,63000,63000
067594,國巨凱基01購06  ,0,0,0,0,0,0,0,0,0,63000,0,0,0,97000,34000,63000,63000
067099,友訊群益01購04  ,0,0,0,0,0,0,0,0,0,63000,0,0,0,189000,126000,63000,63000
065263,國泰金元大9C購02,0,0,0,0,0,0,0,0,0,63000,0,0,0,63000,0,63000,63000
065750,智邦元大9C購09  ,0,0,0,0,0,0,0,0,0,63000,0,0,0,219000,156000,63000,63000
065802,義隆群益9C購05  ,0,0,0,0,0,0,0,0,0,63000,0,0,0,89000,26000,63000,63000
065927,智原國票02購01  ,0,0,0,0,0,0,0,0,0,63000,0,0,0,63000,0,63000,63000
066463,鎧勝統一02購01  ,0,0,0,0,0,0,0,0,0,63000,0,0,0,102000,39000,63000,63000
3533,嘉澤            ,345000,250000,95000,0,0,0,0,21000,-21000,-11000,3000,6000,-3000,2000,10000,-8000,63000
08825P,義隆元大01售04  ,0,0,0,0,0,0,0,0,0,63000,0,0,0,81000,18000,63000,63000
08513P,聯發科凱基9C售08,0,0,0,0,0,0,0,0,0,62000,0,0,0,62000,0,62000,62000
03161P,景碩元大01售03  ,0,0,0,0,0,0,0,0,0,62000,0,0,0,62000,0,62000,62000
03008P,玉晶光中信01售01,0,0,0,0,0,0,0,0,0,62000,0,0,0,85000,23000,62000,62000
064370,聯茂統一02購01  ,0,0,0,0,0,0,0,0,0,62000,0,0,0,62000,0,62000,62000
064656,聚陽元大9C購03  ,0,0,0,0,0,0,0,0,0,62000,0,0,0,100000,38000,62000,62000
063481,緯穎元大9B購08  ,0,0,0,0,0,0,0,0,0,62000,0,0,0,126000,64000,62000,62000
064745,聯鈞國票01購01  ,0,0,0,0,0,0,0,0,0,62000,0,0,0,62000,0,62000,62000
064505,康控元大9C購01  ,0,0,0,0,0,0,0,0,0,62000,0,0,0,62000,0,62000,62000
066087,大毅永豐01購02  ,0,0,0,0,0,0,0,0,0,62000,0,0,0,62000,0,62000,62000
066166,大毅凱基02購01  ,0,0,0,0,0,0,0,0,0,62000,0,0,0,66000,4000,62000,62000
067856,寶成國票02購01  ,0,0,0,0,0,0,0,0,0,62000,0,0,0,62000,0,62000,62000
2923,鼎固-KY         ,69000,7000,62000,0,0,0,0,0,0,0,0,0,0,0,0,0,62000
08258P,旺宏元大9C售04  ,0,0,0,0,0,0,0,0,0,61000,0,0,0,111000,50000,61000,61000
068353,台積電凱基01購23,0,0,0,0,0,0,0,0,0,61000,0,0,0,207000,146000,61000,61000
069056,南電元富08購01  ,0,0,0,0,0,0,0,0,0,61000,0,0,0,61000,0,61000,61000
069036,冠德統一03購01  ,0,0,0,0,0,0,0,0,0,61000,0,0,0,71000,10000,61000,61000
069019,GIS兆豐03購01   ,0,0,0,0,0,0,0,0,0,61000,0,0,0,61000,0,61000,61000
057700,新日興群益9A購01,0,0,0,0,0,0,0,0,0,61000,0,0,0,61000,0,61000,61000
03484P,欣興國泰04售02  ,0,0,0,0,0,0,0,0,0,61000,0,0,0,71000,10000,61000,61000
061783,友達群益9B購01  ,0,0,0,0,0,0,0,0,0,61000,0,0,0,61000,0,61000,61000
060956,超眾群益9A購01  ,0,0,0,0,0,0,0,0,0,61000,0,0,0,95000,34000,61000,61000
060650,奇力新中信9A購01,0,0,0,0,0,0,0,0,0,61000,0,0,0,61000,0,61000,61000
063739,台勝科元大9B購03,0,0,0,0,0,0,0,0,0,61000,0,0,0,61000,0,61000,61000
062233,神隆凱基9B購01  ,0,0,0,0,0,0,0,0,0,61000,0,0,0,81000,20000,61000,61000
062610,啟碁凱基9B購01  ,0,0,0,0,0,0,0,0,0,61000,0,0,0,274000,213000,61000,61000
062530,大立光統一01購03,0,0,0,0,0,0,0,0,0,61000,0,0,0,64000,3000,61000,61000
065102,同欣電元大9C購07,0,0,0,0,0,0,0,0,0,61000,0,0,0,61000,0,61000,61000
061391,晶技群益9A購02  ,0,0,0,0,0,0,0,0,0,61000,0,0,0,94000,33000,61000,61000
064639,聚陽凱基02購01  ,0,0,0,0,0,0,0,0,0,61000,0,0,0,100000,39000,61000,61000
067861,聚陽元大01購04  ,0,10000,-10000,0,0,0,0,0,0,71000,0,0,0,371000,300000,71000,61000
067689,惠特元大01購03  ,0,0,0,0,0,0,0,0,0,61000,0,0,0,88000,27000,61000,61000
067417,力山凱基02購01  ,0,0,0,0,0,0,0,0,0,61000,0,0,0,160000,99000,61000,61000
067016,康控富邦04購01  ,0,0,0,0,0,0,0,0,0,61000,0,0,0,61000,0,61000,61000
066202,大立光統一02購07,0,0,0,0,0,0,0,0,0,61000,0,0,0,101000,40000,61000,61000
066137,智易群益01購01  ,0,0,0,0,0,0,0,0,0,61000,0,0,0,76000,15000,61000,61000
066413,鴻海元大01購06  ,0,0,0,0,0,0,0,0,0,61000,0,0,0,100000,39000,61000,61000
066425,創意元大01購03  ,0,0,0,0,0,0,0,0,0,61000,0,0,0,95000,34000,61000,61000
065884,智原元富9C購02  ,0,0,0,0,0,0,0,0,0,61000,0,0,0,61000,0,61000,61000
069046,國巨元富08購02  ,0,0,0,0,0,0,0,0,0,60000,0,0,0,143000,83000,60000,60000
068835,台積電永豐02購01,0,0,0,0,0,0,0,0,0,60000,0,0,0,90000,30000,60000,60000
068351,鴻海凱基04購01  ,0,0,0,0,0,0,0,0,0,60000,0,0,0,60000,0,60000,60000
068613,帆宣凱基01購02  ,0,0,0,0,0,0,0,0,0,60000,0,0,0,60000,0,60000,60000
067943,矽格凱基01購04  ,0,0,0,0,0,0,0,0,0,60000,0,0,0,60000,0,60000,60000
068125,潤泰新元富07購01,0,0,0,0,0,0,0,0,0,60000,0,0,0,60000,0,60000,60000
08249P,聯發科群益9C售06,0,0,0,0,0,0,0,0,0,60000,0,0,0,60000,0,60000,60000
069735,百和麥證02購01  ,0,0,0,155000,98000,57000,0,0,0,60000,0,0,0,158000,98000,60000,60000
07021P,台積電富邦9C售02,0,0,0,0,0,0,0,0,0,60000,0,0,0,60000,0,60000,60000
061782,智邦群益9B購01  ,0,0,0,0,0,0,0,0,0,60000,0,0,0,122000,62000,60000,60000
059874,大立光凱基99購15,0,0,0,0,0,0,0,0,0,60000,0,0,0,60000,0,60000,60000
047694,SP黃豆國票9B購01,0,0,0,0,0,0,0,0,0,60000,0,0,0,60000,0,60000,60000
063155,緯穎元富9B購03  ,0,0,0,0,0,0,0,0,0,60000,0,0,0,122000,62000,60000,60000
063177,友達兆豐9B購01  ,0,0,0,0,0,0,0,0,0,60000,0,0,0,60000,0,60000,60000
064095,鴻海群益01購02  ,0,0,0,0,0,0,0,0,0,60000,0,0,0,70000,10000,60000,60000
063475,同欣電元大9C購01,0,0,0,0,0,0,0,0,0,60000,0,0,0,93000,33000,60000,60000
064486,聚陽元大9C購01  ,0,0,0,0,0,0,0,0,0,60000,0,0,0,92000,32000,60000,60000
06498P,臺股指元大9A售03,0,0,0,0,0,0,0,0,0,60000,0,0,0,60000,0,60000,60000
064979,華擎元大9C購04  ,0,0,0,0,0,0,0,0,0,60000,0,0,0,67000,7000,60000,60000
064750,緯穎麥證9C購01  ,0,0,0,70000,10000,60000,0,0,0,60000,0,0,0,70000,10000,60000,60000
062526,友達統一01購01  ,0,0,0,0,0,0,0,0,0,60000,0,0,0,177000,117000,60000,60000
062655,漢唐永豐9B購01  ,0,0,0,0,0,0,0,0,0,60000,0,0,0,60000,0,60000,60000
062266,世紀鋼元大9B購02,0,0,0,0,0,0,0,0,0,60000,0,0,0,406000,346000,60000,60000
062293,麗豐永豐9B購01  ,0,0,0,0,0,0,0,0,0,60000,0,0,0,60000,0,60000,60000
062297,億豐永豐9B購01  ,0,0,0,0,0,0,0,0,0,60000,0,0,0,133000,73000,60000,60000
062002,鴻海國泰01購01  ,0,0,0,0,0,0,0,0,0,60000,0,0,0,60000,0,60000,60000
061546,大立光群益9A購05,0,0,0,0,0,0,0,0,0,60000,0,0,0,70000,10000,60000,60000
065736,同欣電凱基9C購05,0,0,0,0,0,0,0,0,0,60000,0,0,0,90000,30000,60000,60000
066313,泰豐永豐01購01  ,0,0,0,0,0,0,0,0,0,60000,0,0,0,82000,22000,60000,60000
066075,景碩凱基02購01  ,2000,2000,0,0,0,0,0,0,0,60000,0,0,0,137000,77000,60000,60000
067329,巨大康和01購02  ,0,0,0,0,0,0,0,0,0,60000,0,0,0,128000,68000,60000,60000
067768,鴻海統一03購05  ,0,0,0,0,0,0,0,0,0,60000,0,0,0,70000,10000,60000,60000
08732P,臺股指麥證01售04,0,0,0,74000,14000,60000,0,0,0,60000,0,0,0,74000,14000,60000,60000
08767P,台灣50凱基01售17,0,0,0,0,0,0,0,0,0,60000,0,0,0,60000,0,60000,60000
3686,達能            ,279450,220000,59450,0,0,0,0,0,0,0,0,0,0,0,0,0,59450
068998,儒鴻兆豐03購01  ,0,0,0,0,0,0,0,0,0,59000,0,0,0,105000,46000,59000,59000
058768,南港兆豐99購01  ,0,0,0,0,0,0,0,0,0,59000,0,0,0,59000,0,59000,59000
061923,友達凱基9B購04  ,0,0,0,0,0,0,0,0,0,59000,0,0,0,59000,0,59000,59000
064394,全新永豐9C購02  ,0,0,0,0,0,0,0,0,0,59000,0,0,0,59000,0,59000,59000
061362,台塑國票9B購01  ,0,0,0,0,0,0,0,0,0,59000,0,0,0,59000,0,59000,59000
061469,瑞祺群益9A購02  ,0,0,0,0,0,0,0,0,0,59000,0,0,0,101000,42000,59000,59000
064008,日月光凱基9C購01,0,0,0,0,0,0,0,0,0,59000,0,0,0,70000,11000,59000,59000
063250,同欣電元大9B購03,0,0,0,0,0,0,0,0,0,59000,0,0,0,59000,0,59000,59000
2426,鼎元            ,427000,364000,63000,0,0,0,0,0,0,-4000,1000,5000,-4000,0,0,0,59000
08999P,玉晶光群益02售16,0,0,0,0,0,0,0,0,0,59000,0,0,0,219000,160000,59000,59000
068686,瑞儀中信02購01  ,0,0,0,0,0,0,0,0,0,58000,0,0,0,250000,192000,58000,58000
068780,國揚國票03購01  ,0,0,0,0,0,0,0,0,0,58000,0,0,0,58000,0,58000,58000
068267,台積電永豐01購04,0,0,0,0,0,0,0,0,0,58000,0,0,0,1434000,1376000,58000,58000
068465,致茂永豐01購03  ,0,0,0,0,0,0,0,0,0,58000,0,0,0,69000,11000,58000,58000
069510,宏碁凱基04購01  ,0,0,0,0,0,0,0,0,0,58000,0,0,0,497000,439000,58000,58000
058184,鴻海永豐99購01  ,0,0,0,0,0,0,0,0,0,58000,0,0,0,58000,0,58000,58000
062751,華擎中信9C購01  ,0,0,0,0,0,0,0,0,0,58000,0,0,0,84000,26000,58000,58000
062676,南六台新9B購01  ,0,0,0,0,0,0,0,0,0,58000,0,0,0,119000,61000,58000,58000
060843,大立光國票9A購06,0,0,0,0,0,0,0,0,0,58000,0,0,0,58000,0,58000,58000
061638,國泰金元大9A購03,0,0,0,0,0,0,0,0,0,58000,0,0,0,58000,0,58000,58000
064808,國產元大9C購02  ,0,0,0,0,0,0,0,0,0,58000,0,0,0,78000,20000,58000,58000
067825,南港兆豐03購01  ,0,0,0,0,0,0,0,0,0,58000,0,0,0,287000,229000,58000,58000
06698P,玉晶光國票99售05,0,0,0,0,0,0,0,0,0,58000,0,0,0,60000,2000,58000,58000
066579,臺股指元大01購08,0,0,0,0,0,0,0,0,0,58000,0,0,0,58000,0,58000,58000
065830,景碩凱基9C購04  ,0,0,0,0,0,0,0,0,0,58000,0,0,0,117000,59000,58000,58000
065345,台光電統一01購04,0,0,0,0,0,0,0,0,0,58000,0,0,0,100000,42000,58000,58000
1611,中電            ,66000,8000,58000,0,0,0,0,0,0,0,0,0,0,0,0,0,58000
4942,嘉彰            ,139000,123000,16000,0,0,0,0,0,0,42000,42000,0,42000,0,0,0,58000
5283,禾聯碩          ,65000,5000,60000,0,0,0,0,0,0,-2000,0,2000,-2000,0,0,0,58000
069556,台積電日盛02購01,0,0,0,0,0,0,0,0,0,57000,0,0,0,257000,200000,57000,57000
061184,大立光國泰9C購01,0,0,0,0,0,0,0,0,0,57000,0,0,0,134000,77000,57000,57000
03392P,奇鋐永豐02售02  ,0,0,0,0,0,0,0,0,0,57000,0,0,0,57000,0,57000,57000
064261,力山永豐9C購01  ,0,0,0,0,0,0,0,0,0,57000,0,0,0,219000,162000,57000,57000
058431,國巨統一9B購01  ,0,0,0,0,0,0,0,0,0,57000,0,0,0,87000,30000,57000,57000
060409,味全永豐9A購01  ,0,0,0,0,0,0,0,0,0,57000,0,0,0,57000,0,57000,57000
061529,國巨台新9A購02  ,0,0,0,0,0,0,0,0,0,57000,0,0,0,83000,26000,57000,57000
062270,上銀群益9B購03  ,0,0,0,0,0,0,0,0,0,57000,0,0,0,70000,13000,57000,57000
064583,光寶科永豐9C購01,0,0,0,0,0,0,0,0,0,57000,0,0,0,125000,68000,57000,57000
066280,眾達元大01購01  ,0,0,0,0,0,0,0,0,0,57000,0,0,0,72000,15000,57000,57000
066773,美律富邦03購01  ,0,0,0,0,0,0,0,0,0,57000,0,0,0,57000,0,57000,57000
067328,鎧勝康和01購02  ,0,0,0,0,0,0,0,0,0,57000,0,0,0,60000,3000,57000,57000
3209,全科            ,74000,18000,56000,0,0,0,0,0,0,1000,1000,0,1000,0,0,0,57000
069588,長興國票02購01  ,0,0,0,0,0,0,0,0,0,56000,0,0,0,56000,0,56000,56000
068087,臺股指凱基04購04,0,0,0,0,0,0,0,0,0,56000,0,0,0,230000,174000,56000,56000
069234,華通康和03購01  ,0,0,0,0,0,0,0,0,0,56000,0,0,0,56000,0,56000,56000
069136,台積電永豐02購03,0,0,0,0,0,0,0,0,0,56000,0,0,0,76000,20000,56000,56000
058536,群創統一9B購01  ,0,0,0,0,0,0,0,0,0,56000,0,0,0,65000,9000,56000,56000
058410,國巨兆豐99購03  ,0,0,0,0,0,0,0,0,0,56000,0,0,0,59000,3000,56000,56000
059189,國泰金富邦9B購01,0,0,0,0,0,0,0,0,0,56000,0,0,0,56000,0,56000,56000
060771,滬深2X凱基9B購02,0,0,0,0,0,0,0,0,0,56000,0,0,0,56000,0,56000,56000
03690C,臺股指凱基01牛13,0,0,0,0,0,0,0,0,0,56000,0,0,0,86000,30000,56000,56000
062033,瀚宇博群益9B購01,0,0,0,0,0,0,0,0,0,56000,0,0,0,59000,3000,56000,56000
063292,致新元大9B購02  ,0,0,0,0,0,0,0,0,0,56000,0,0,0,115000,59000,56000,56000
063350,台表科統一02購02,0,0,0,0,0,0,0,0,0,56000,0,0,0,275000,219000,56000,56000
063967,華新科國票01購01,0,0,0,0,0,0,0,0,0,56000,0,0,0,106000,50000,56000,56000
066928,台達電國票01購02,0,0,0,0,0,0,0,0,0,56000,0,0,0,65000,9000,56000,56000
066263,華碩元大02購01  ,0,0,0,0,0,0,0,0,0,56000,0,0,0,297000,241000,56000,56000
066355,惠特永豐01購01  ,0,0,0,0,0,0,0,0,0,56000,0,0,0,56000,0,56000,56000
066054,創意元大01購02  ,0,0,0,0,0,0,0,0,0,56000,0,0,0,310000,254000,56000,56000
2851,中再保          ,59000,36000,23000,0,0,0,0,0,0,33000,83000,50000,33000,0,0,0,56000
1338,廣華-KY         ,293000,235000,58000,0,0,0,0,0,0,-2000,0,2000,-2000,0,0,0,56000
08578P,TPK元大9C售04   ,0,0,0,0,0,0,0,0,0,56000,0,0,0,127000,71000,56000,56000
069161,聯發科元大02購08,0,0,0,0,0,0,0,0,0,55000,0,0,0,157000,102000,55000,55000
068247,宏碁元大01購03  ,0,0,0,0,0,0,0,0,0,55000,0,0,0,69000,14000,55000,55000
069349,瀚宇博群益02購01,0,0,0,0,0,0,0,0,0,55000,0,0,0,164000,109000,55000,55000
07703P,玉晶光中信9B售03,0,0,0,0,0,0,0,0,0,55000,0,0,0,55000,0,55000,55000
053276,友達元大9C購01  ,0,0,0,0,0,0,0,0,0,55000,0,0,0,100000,45000,55000,55000
03292P,欣興元大02售03  ,0,0,0,0,0,0,0,0,0,55000,0,0,0,381000,326000,55000,55000
059778,上証2X元大9C購03,0,0,0,0,0,0,0,0,0,55000,0,0,0,55000,0,55000,55000
064251,緯創元富9C購01  ,0,0,0,0,0,0,0,0,0,55000,0,0,0,55000,0,55000,55000
063537,華擎統一9C購03  ,0,0,0,0,0,0,0,0,0,55000,0,0,0,55000,0,55000,55000
061770,泰碩元大9B購02  ,0,0,0,0,0,0,0,0,0,55000,0,0,0,55000,0,55000,55000
060416,神隆永豐9A購01  ,0,0,0,0,0,0,0,0,0,55000,0,0,0,89000,34000,55000,55000
060923,全新永豐9A購01  ,0,0,0,0,0,0,0,0,0,55000,0,0,0,55000,0,55000,55000
059029,旺宏兆豐99購01  ,0,0,0,0,0,0,0,0,0,55000,0,0,0,55000,0,55000,55000
063939,上銀元大9C購04  ,0,0,0,0,0,0,0,0,0,55000,0,0,0,146000,91000,55000,55000
061408,華新科國票9A購06,0,0,0,0,0,0,0,0,0,55000,0,0,0,60000,5000,55000,55000
061339,京元電元大9A購05,0,0,0,0,0,0,0,0,0,55000,0,0,0,156000,101000,55000,55000
061839,華新科凱基05購04,0,0,0,0,0,0,0,0,0,55000,0,0,0,95000,40000,55000,55000
063601,金像電凱基01購01,0,0,0,0,0,0,0,0,0,55000,0,0,0,70000,15000,55000,55000
064117,中興電元大9C購01,0,0,0,0,0,0,0,0,0,55000,0,0,0,67000,12000,55000,55000
064768,仁寶中信03購01  ,0,0,0,0,0,0,0,0,0,55000,0,0,0,55000,0,55000,55000
064836,群創統一9C購04  ,0,0,0,0,0,0,0,0,0,55000,0,0,0,57000,2000,55000,55000
065077,鴻海元大01購03  ,0,0,0,0,0,0,0,0,0,55000,0,0,0,55000,0,55000,55000
065934,智邦群益01購02  ,0,0,0,0,0,0,0,0,0,55000,0,0,0,144000,89000,55000,55000
066381,景碩康和01購01  ,0,0,0,0,0,0,0,0,0,55000,0,0,0,333000,278000,55000,55000
065464,健鼎中信9C購01  ,0,0,0,0,0,0,0,0,0,55000,0,0,0,55000,0,55000,55000
065851,京鼎元大02購01  ,0,0,0,0,0,0,0,0,0,55000,0,0,0,189000,134000,55000,55000
066589,英業達群益01購01,0,0,0,0,0,0,0,0,0,55000,0,0,0,98000,43000,55000,55000
067106,義隆群益01購01  ,0,0,0,0,0,0,0,0,0,55000,0,0,0,58000,3000,55000,55000
3023,信邦            ,107000,81000,26000,0,0,0,0,0,0,29000,9000,1000,8000,25000,4000,21000,55000
08132P,南六元大9B售05  ,0,0,0,0,0,0,0,0,0,54000,0,0,0,54000,0,54000,54000
069353,華新科國泰03購01,0,0,0,0,0,0,0,0,0,54000,0,0,0,139000,85000,54000,54000
068508,世紀鋼元大01購05,0,0,0,0,0,0,0,0,0,54000,0,0,0,474000,420000,54000,54000
068422,緯穎兆豐03購02  ,0,0,0,0,0,0,0,0,0,54000,0,0,0,125000,71000,54000,54000
068853,華新科統一02購03,0,0,0,0,0,0,0,0,0,54000,0,0,0,213000,159000,54000,54000
061164,燿華兆豐9B購01  ,0,0,0,0,0,0,0,0,0,54000,0,0,0,169000,115000,54000,54000
00739,元大MSCI A股    ,0,0,0,0,0,0,0,0,0,54000,0,0,0,791000,737000,54000,54000
053282,彩晶元大9C購01  ,0,0,0,0,0,0,0,0,0,54000,0,0,0,54000,0,54000,54000
053979,健策元大98購01  ,0,0,0,0,0,0,0,0,0,54000,0,0,0,54000,0,54000,54000
055376,群創元大01購01  ,0,0,0,0,0,0,0,0,0,54000,0,0,0,81000,27000,54000,54000
060806,華新科群益9A購03,0,0,0,0,0,0,0,0,0,54000,0,0,0,75000,21000,54000,54000
065105,巨大元大01購01  ,0,0,0,0,0,0,0,0,0,54000,0,0,0,54000,0,54000,54000
061701,友達國票9B購02  ,0,0,0,0,0,0,0,0,0,54000,0,0,0,158000,104000,54000,54000
063638,華新科元大9B購14,0,0,0,0,0,0,0,0,0,54000,0,0,0,56000,2000,54000,54000
064398,聚陽凱基01購01  ,0,0,0,0,0,0,0,0,0,54000,0,0,0,64000,10000,54000,54000
061278,和大統一9A購01  ,0,0,0,0,0,0,0,0,0,54000,0,0,0,54000,0,54000,54000
063934,寶成統一02購01  ,0,0,0,0,0,0,0,0,0,54000,0,0,0,54000,0,54000,54000
067459,微星永豐01購01  ,0,0,0,0,0,0,0,0,0,54000,0,0,0,364000,310000,54000,54000
066525,創意統一03購01  ,0,0,0,0,0,0,0,0,0,54000,0,0,0,56000,2000,54000,54000
3535,晶彩科          ,205000,151000,54000,0,0,0,0,0,0,0,0,0,0,0,0,0,54000
6672,騰輝電子-KY     ,57000,20000,37000,0,0,0,0,0,0,17000,17000,0,17000,0,0,0,54000
068798,南電凱基02購04  ,0,0,0,0,0,0,0,0,0,53000,0,0,0,175000,122000,53000,53000
069024,佳世達國票03購01,0,0,0,0,0,0,0,0,0,53000,0,0,0,165000,112000,53000,53000
06984P,上銀富邦9B售01  ,0,0,0,0,0,0,0,0,0,53000,0,0,0,77000,24000,53000,53000
07943P,瑞昱元大9B售02  ,0,0,0,0,0,0,0,0,0,53000,0,0,0,53000,0,53000,53000
054740,強茂凱基99購01  ,0,0,0,0,0,0,0,0,0,53000,0,0,0,53000,0,53000,53000
03669C,滬深2X元富09牛01,0,0,0,0,0,0,0,0,0,53000,0,0,0,60000,7000,53000,53000
00703,台新MSCI中國    ,0,0,0,0,0,0,0,0,0,53000,0,0,0,69000,16000,53000,53000
059791,超眾元大99購06  ,0,0,0,0,0,0,0,0,0,53000,0,0,0,60000,7000,53000,53000
059987,大立光元大99購28,0,0,0,0,0,0,0,0,0,53000,0,0,0,53000,0,53000,53000
060611,同欣電凱基9A購02,0,0,0,0,0,0,0,0,0,53000,0,0,0,55000,2000,53000,53000
060556,緯穎凱基9A購04  ,0,0,0,0,0,0,0,0,0,53000,0,0,0,63000,10000,53000,53000
063684,上銀永豐9B購02  ,0,0,0,0,0,0,0,0,0,53000,0,0,0,131000,78000,53000,53000
063434,和潤元富9B購01  ,0,0,0,0,0,0,0,0,0,53000,0,0,0,153000,100000,53000,53000
061656,華新科國票9A購08,0,0,0,0,0,0,0,0,0,53000,0,0,0,88000,35000,53000,53000
061943,上銀群益9B購02  ,0,0,0,0,0,0,0,0,0,53000,0,0,0,57000,4000,53000,53000
062357,國巨元大9B購11  ,0,0,0,0,0,0,0,0,0,53000,0,0,0,68000,15000,53000,53000
064782,健策群益9C購02  ,0,0,0,0,0,0,0,0,0,53000,0,0,0,110000,57000,53000,53000
066037,華通元大01購03  ,0,0,0,0,0,0,0,0,0,53000,0,0,0,77000,24000,53000,53000
065834,億豐凱基03購01  ,0,0,0,0,0,0,0,0,0,53000,0,0,0,138000,85000,53000,53000
065443,智邦統一9C購03  ,0,0,0,0,0,0,0,0,0,53000,0,0,0,53000,0,53000,53000
066954,聯詠元大01購04  ,0,0,0,0,0,0,0,0,0,53000,0,0,0,99000,46000,53000,53000
1773,勝一            ,78000,25000,53000,0,0,0,0,0,0,0,0,0,0,0,0,0,53000
08010P,大成鋼元大9B售01,0,0,0,0,0,0,0,0,0,52000,0,0,0,52000,0,52000,52000
069398,聯電統一02購05  ,0,0,0,0,0,0,0,0,0,52000,0,0,0,94000,42000,52000,52000
069145,聯陽永豐02購01  ,0,0,0,0,0,0,0,0,0,52000,0,0,0,134000,82000,52000,52000
068918,臺股指群益02購04,0,0,0,0,0,0,0,0,0,52000,0,0,0,74000,22000,52000,52000
060513,緯穎元大9B購01  ,0,0,0,0,0,0,0,0,0,52000,0,0,0,72000,20000,52000,52000
058075,貿聯凱基99購02  ,0,0,0,0,0,0,0,0,0,52000,0,0,0,62000,10000,52000,52000
063554,GIS國票9C購03   ,0,0,0,0,0,0,0,0,0,52000,0,0,0,67000,15000,52000,52000
00681R,元大美債20反1   ,2000,0,2000,0,0,0,0,0,0,50000,0,0,0,50000,0,50000,52000
03205P,聯發科凱基01售24,0,0,0,0,0,0,0,0,0,52000,0,0,0,61000,9000,52000,52000
03102P,臺股指凱基03售08,0,0,0,0,0,0,0,0,0,52000,0,0,0,100000,48000,52000,52000
063808,台表科兆豐9C購01,0,0,0,0,0,0,0,0,0,52000,0,0,0,119000,67000,52000,52000
064904,茂林群益9C購02  ,0,0,0,0,0,0,0,0,0,52000,0,0,0,240000,188000,52000,52000
064353,力成元大9C購02  ,0,0,0,0,0,0,0,0,0,52000,0,0,0,102000,50000,52000,52000
063690,健鼎永豐9B購01  ,0,0,0,0,0,0,0,0,0,52000,0,0,0,161000,109000,52000,52000
067049,明泰凱基01購01  ,0,0,0,0,0,0,0,0,0,52000,0,0,0,273000,221000,52000,52000
066810,瀚宇博凱基02購01,0,0,0,0,0,0,0,0,0,52000,0,0,0,159000,107000,52000,52000
1732,毛寶            ,107000,57000,50000,0,0,0,0,0,0,2000,2000,0,2000,0,0,0,52000
8926,台汽電          ,161000,166000,-5000,0,0,0,0,0,0,57000,2000,0,2000,55000,0,55000,52000
069074,長興凱基03購01  ,0,0,0,0,0,0,0,0,0,51000,0,0,0,89000,38000,51000,51000
069296,華新科中信02購01,0,0,0,0,0,0,0,0,0,51000,0,0,0,115000,64000,51000,51000
08011P,玉晶光元大9B售05,0,0,0,0,0,0,0,0,0,51000,0,0,0,61000,10000,51000,51000
08018P,牧德國票9B售04  ,0,0,0,0,0,0,0,0,0,51000,0,0,0,51000,0,51000,51000
08363P,南亞科凱基01售01,0,0,0,0,0,0,0,0,0,51000,0,0,0,51000,0,51000,51000
03441P,義隆凱基02售03  ,0,0,0,0,0,0,0,0,0,51000,0,0,0,51000,0,51000,51000
062755,茂林麥證9B購01  ,0,0,0,185000,134000,51000,0,0,0,51000,0,0,0,185000,134000,51000,51000
058699,楠梓電元大99購02,0,0,0,0,0,0,0,0,0,51000,0,0,0,54000,3000,51000,51000
059732,超眾元大9A購01  ,0,0,0,0,0,0,0,0,0,51000,0,0,0,51000,0,51000,51000
060039,大立光國票99購04,0,0,0,0,0,0,0,0,0,51000,0,0,0,51000,0,51000,51000
059637,大立光凱基01購01,0,0,0,0,0,0,0,0,0,51000,0,0,0,90000,39000,51000,51000
063479,南六元大9B購06  ,0,0,0,0,0,0,0,0,0,51000,0,0,0,107000,56000,51000,51000
063337,國巨統一02購02  ,0,0,0,0,0,0,0,0,0,51000,0,0,0,102000,51000,51000,51000
061962,台積電統一01購03,0,0,0,0,0,0,0,0,0,51000,0,0,0,53000,2000,51000,51000
067208,瑞昱元大01購03  ,0,0,0,0,0,0,0,0,0,51000,0,0,0,196000,145000,51000,51000
067697,致茂國票02購01  ,0,0,0,0,0,0,0,0,0,51000,0,0,0,63000,12000,51000,51000
066165,大毅凱基01購01  ,0,0,0,0,0,0,0,0,0,51000,0,0,0,58000,7000,51000,51000
066450,松翰群益01購01  ,0,0,0,0,0,0,0,0,0,51000,0,0,0,71000,20000,51000,51000
066298,美利達元大01購02,0,0,0,0,0,0,0,0,0,51000,0,0,0,51000,0,51000,51000
08390P,旺宏凱基9C售02  ,0,0,0,0,0,0,0,0,0,50000,0,0,0,100000,50000,50000,50000
08344P,旺宏元大01售02  ,0,0,0,0,0,0,0,0,0,50000,0,0,0,100000,50000,50000,50000
08139P,華新科元大9B售12,0,0,0,0,0,0,0,0,0,50000,0,0,0,50000,0,50000,50000
07627P,超眾凱基9A售02  ,0,0,0,0,0,0,0,0,0,50000,0,0,0,50000,0,50000,50000
069858,欣興永豐02購09  ,0,0,0,0,0,0,0,0,0,50000,0,0,0,50000,0,50000,50000
068936,景碩永豐02購01  ,0,0,0,0,0,0,0,0,0,50000,0,0,0,53000,3000,50000,50000
068892,台達電元大02購01,0,0,0,0,0,0,0,0,0,50000,0,0,0,100000,50000,50000,50000
068727,全新元大02購02  ,0,0,0,0,0,0,0,0,0,50000,0,0,0,100000,50000,50000,50000
068707,玉山金國票03購01,0,0,0,0,0,0,0,0,0,50000,0,0,0,50000,0,50000,50000
068524,友達元富07購01  ,0,0,0,0,0,0,0,0,0,50000,0,0,0,72000,22000,50000,50000
068503,同欣電元大01購06,0,0,0,0,0,0,0,0,0,50000,0,0,0,50000,0,50000,50000
059063,康控凱基99購04  ,0,0,0,0,0,0,0,0,0,50000,0,0,0,50000,0,50000,50000
058790,楠梓電元大99購03,0,0,0,0,0,0,0,0,0,50000,0,0,0,50000,0,50000,50000
058836,FBVIX中信03購05 ,0,0,0,0,0,0,0,0,0,50000,0,0,0,50000,0,50000,50000
058909,神達元大99購03  ,0,0,0,0,0,0,0,0,0,50000,0,0,0,50000,0,50000,50000
058948,道瓊銀群益9C購01,0,0,0,0,0,0,0,0,0,50000,0,0,0,50000,0,50000,50000
060097,華新科元大99購23,0,0,0,0,0,0,0,0,0,50000,0,0,0,53000,3000,50000,50000
057875,京鼎元大98購03  ,0,0,0,0,0,0,0,0,0,50000,0,0,0,50000,0,50000,50000
063544,華新科台新9B購02,0,0,0,0,0,0,0,0,0,50000,0,0,0,155000,105000,50000,50000
063591,麗豐永豐9B購02  ,0,0,0,0,0,0,0,0,0,50000,0,0,0,50000,0,50000,50000
058249,緯穎元大99購04  ,0,0,0,0,0,0,0,0,0,50000,0,0,0,50000,0,50000,50000
058421,國泰金麥證01購01,0,0,0,50000,0,50000,0,0,0,50000,0,0,0,50000,0,50000,50000
03456B,臺股指元大03熊03,0,0,0,0,0,0,0,0,0,50000,0,0,0,50000,0,50000,50000
059242,南亞科凱基99購06,0,0,0,0,0,0,0,0,0,50000,0,0,0,50000,0,50000,50000
057733,嘉聯益國泰99購01,0,0,0,0,0,0,0,0,0,50000,0,0,0,50000,0,50000,50000
054803,味全元大9A購01  ,0,0,0,0,0,0,0,0,0,50000,0,0,0,60000,10000,50000,50000
054811,裕隆元大9A購01  ,0,0,0,0,0,0,0,0,0,50000,0,0,0,50000,0,50000,50000
053390,彩晶元大9A購01  ,0,0,0,0,0,0,0,0,0,50000,0,0,0,50000,0,50000,50000
056983,大立光群益99購02,0,0,0,0,0,0,0,0,0,50000,0,0,0,50000,0,50000,50000
061983,華新科元大9B購04,0,0,0,0,0,0,0,0,0,50000,0,0,0,50000,0,50000,50000
061577,泰碩元大9A購03  ,0,0,0,0,0,0,0,0,0,50000,0,0,0,50000,0,50000,50000
064503,日電貿元大9C購01,0,0,0,0,0,0,0,0,0,50000,0,0,0,50000,0,50000,50000
062471,國泰金凱基9B購02,0,0,0,0,0,0,0,0,0,50000,0,0,0,50000,0,50000,50000
062435,國巨元大9B購13  ,0,0,0,0,0,0,0,0,0,50000,0,0,0,50000,0,50000,50000
064880,神達兆豐9C購01  ,0,0,0,0,0,0,0,0,0,50000,0,0,0,250000,200000,50000,50000
064933,矽創統一01購01  ,0,0,0,0,0,0,0,0,0,50000,0,0,0,50000,0,50000,50000
064864,金像電永豐01購01,0,0,0,0,0,0,0,0,0,50000,0,0,0,56000,6000,50000,50000
065079,致茂元大9C購01  ,0,0,0,0,0,0,0,0,0,50000,0,0,0,60000,10000,50000,50000
064984,同欣電元大9C購06,0,0,0,0,0,0,0,0,0,50000,0,0,0,50000,0,50000,50000
065030,亞光兆豐9C購01  ,0,0,0,0,0,0,0,0,0,50000,0,0,0,143000,93000,50000,50000
063322,台郡群益9B購02  ,0,0,0,0,0,0,0,0,0,50000,0,0,0,150000,100000,50000,50000
063307,同欣電凱基9B購02,0,0,0,0,0,0,0,0,0,50000,0,0,0,60000,10000,50000,50000
063388,台光電兆豐9C購01,0,0,0,0,0,0,0,0,0,50000,0,0,0,50000,0,50000,50000
063233,國巨元大9B購19  ,0,0,0,0,0,0,0,0,0,50000,0,0,0,50000,0,50000,50000
064120,鴻海元大9C購07  ,0,0,0,0,0,0,0,0,0,50000,0,0,0,50000,0,50000,50000
064075,台積電中信06購01,0,0,0,0,0,0,0,0,0,50000,0,0,0,50000,0,50000,50000
062776,鴻海元大9B購03  ,0,0,0,0,0,0,0,0,0,50000,0,0,0,50000,0,50000,50000
062941,大立光凱基9B購07,0,0,0,0,0,0,0,0,0,50000,0,0,0,100000,50000,50000,50000
063841,國巨元大01購01  ,0,0,0,0,0,0,0,0,0,50000,0,0,0,52000,2000,50000,50000
066545,鴻海元大01購09  ,0,0,0,0,0,0,0,0,0,50000,0,0,0,50000,0,50000,50000
065376,京鼎元大9C購02  ,0,0,0,0,0,0,0,0,0,50000,0,0,0,50000,0,50000,50000
065274,南茂元大9C購03  ,0,0,0,0,0,0,0,0,0,50000,0,0,0,50000,0,50000,50000
065614,緯穎元大01購02  ,0,0,0,0,0,0,0,0,0,50000,0,0,0,150000,100000,50000,50000
065596,鴻海元大9C購16  ,0,0,0,0,0,0,0,0,0,50000,0,0,0,50000,0,50000,50000
067873,神達元大01購03  ,0,0,0,0,0,0,0,0,0,50000,0,0,0,50000,0,50000,50000
067486,新日興元大01購03,0,0,0,0,0,0,0,0,0,50000,0,0,0,50000,0,50000,50000
067488,群創元大03購01  ,0,0,0,0,0,0,0,0,0,50000,0,0,0,65000,15000,50000,50000
067529,力山群益01購02  ,0,0,0,0,0,0,0,0,0,50000,0,0,0,63000,13000,50000,50000
06688P,鴻海中信02售01  ,0,0,0,0,0,0,0,0,0,50000,0,0,0,70000,20000,50000,50000
066849,神達元大01購01  ,0,0,0,0,0,0,0,0,0,50000,0,0,0,50000,0,50000,50000
066726,鴻海元大01購11  ,0,0,0,0,0,0,0,0,0,50000,0,0,0,50000,0,50000,50000
1103,嘉泥            ,125000,77000,48000,0,0,0,0,0,0,2000,2000,0,2000,0,0,0,50000
068380,欣興永豐01購05  ,0,0,0,0,0,0,0,0,0,49000,0,0,0,49000,0,49000,49000
07999P,台達電凱基9B售02,0,0,0,0,0,0,0,0,0,49000,0,0,0,50000,1000,49000,49000
08449P,華新科群益9C售03,0,0,0,0,0,0,0,0,0,49000,0,0,0,60000,11000,49000,49000
056737,國巨凱基9A購01  ,0,0,0,0,0,0,0,0,0,49000,0,0,0,50000,1000,49000,49000
03469P,欣興康和02售01  ,0,0,0,0,0,0,0,0,0,49000,0,0,0,55000,6000,49000,49000
063844,台積電元大9C購05,0,0,0,0,0,0,0,0,0,49000,0,0,0,82000,33000,49000,49000
064041,國巨統一01購07  ,0,0,0,0,0,0,0,0,0,49000,0,0,0,101000,52000,49000,49000
063185,聯發科凱基9C購03,0,0,0,0,0,0,0,0,0,49000,0,0,0,50000,1000,49000,49000
063077,巨大永豐9B購03  ,0,0,0,0,0,0,0,0,0,49000,0,0,0,205000,156000,49000,49000
064718,友達統一02購01  ,0,0,0,0,0,0,0,0,0,49000,0,0,0,49000,0,49000,49000
062190,瀚宇博元大9B購01,0,0,0,0,0,0,0,0,0,49000,0,0,0,58000,9000,49000,49000
062248,國巨元大9B購08  ,0,0,0,0,0,0,0,0,0,49000,0,0,0,50000,1000,49000,49000
066798,燿華凱基02購02  ,0,0,0,0,0,0,0,0,0,49000,0,0,0,83000,34000,49000,49000
067622,同欣電國泰02購01,0,0,0,0,0,0,0,0,0,49000,0,0,0,49000,0,49000,49000
067306,奇鋐元大01購02  ,0,0,0,0,0,0,0,0,0,49000,0,0,0,69000,20000,49000,49000
067749,申豐元大01購02  ,0,0,0,0,0,0,0,0,0,49000,0,0,0,54000,5000,49000,49000
07685P,玉晶光凱基9B售03,0,0,0,0,0,0,0,0,0,48000,0,0,0,50000,2000,48000,48000
069729,惠特群益03購01  ,0,0,0,0,0,0,0,0,0,48000,0,0,0,64000,16000,48000,48000
069503,聯電永豐02購06  ,0,0,0,0,0,0,0,0,0,48000,0,0,0,72000,24000,48000,48000
068414,聯電中信01購01  ,0,0,0,0,0,0,0,0,0,48000,0,0,0,163000,115000,48000,48000
068362,南電凱基01購06  ,0,0,0,0,0,0,0,0,0,48000,0,0,0,82000,34000,48000,48000
068034,國揚元富07購01  ,0,0,0,0,0,0,0,0,0,48000,0,0,0,51000,3000,48000,48000
068673,聯發科統一03購11,0,0,0,0,0,0,0,0,0,48000,0,0,0,50000,2000,48000,48000
069242,華通凱基02購03  ,0,0,0,0,0,0,0,0,0,48000,0,0,0,48000,0,48000,48000
069189,景碩中信03購01  ,0,0,0,0,0,0,0,0,0,48000,0,0,0,98000,50000,48000,48000
059348,日月光凱基99購01,0,0,0,0,0,0,0,0,0,48000,0,0,0,83000,35000,48000,48000
053186,健策中信9C購01  ,0,0,0,0,0,0,0,0,0,48000,0,0,0,60000,12000,48000,48000
03106P,T50反1元大01售06,0,0,0,0,0,0,0,0,0,48000,0,0,0,448000,400000,48000,48000
059597,大立光元大99購21,0,0,0,0,0,0,0,0,0,48000,0,0,0,48000,0,48000,48000
062017,京鼎永豐9B購01  ,0,0,0,0,0,0,0,0,0,48000,0,0,0,65000,17000,48000,48000
064953,嘉晶凱基9C購02  ,0,0,0,0,0,0,0,0,0,48000,0,0,0,76000,28000,48000,48000
064892,台達電群益9C購02,0,0,0,0,0,0,0,0,0,48000,0,0,0,98000,50000,48000,48000
064089,新日興凱基02購01,0,0,0,0,0,0,0,0,0,48000,0,0,0,51000,3000,48000,48000
066742,健策元大02購03  ,0,0,0,0,0,0,0,0,0,48000,0,0,0,57000,9000,48000,48000
065662,台勝科永豐9C購01,0,0,0,0,0,0,0,0,0,48000,0,0,0,48000,0,48000,48000
066276,敦泰元大01購01  ,0,0,0,0,0,0,0,0,0,48000,0,0,0,357000,309000,48000,48000
9940,信義            ,62000,17000,45000,0,0,0,0,0,0,3000,3000,0,3000,0,0,0,48000
069011,晶技兆豐03購01  ,0,0,0,0,0,0,0,0,0,47000,0,0,0,55000,8000,47000,47000
069361,強茂永豐02購02  ,0,0,0,0,0,0,0,0,0,47000,0,0,0,141000,94000,47000,47000
060981,旺宏元大9A購08  ,0,0,0,0,0,0,0,0,0,47000,0,0,0,47000,0,47000,47000
058293,光寶科凱基9A購01,0,0,0,0,0,0,0,0,0,47000,0,0,0,132000,85000,47000,47000
063581,同欣電國泰9C購01,0,0,0,0,0,0,0,0,0,47000,0,0,0,47000,0,47000,47000
055916,奇鋐凱基99購01  ,0,0,0,0,0,0,0,0,0,47000,0,0,0,142000,95000,47000,47000
064111,國巨國票02購02  ,0,0,0,0,0,0,0,0,0,47000,0,0,0,54000,7000,47000,47000
063640,貿聯元大9B購03  ,0,0,0,0,0,0,0,0,0,47000,0,0,0,192000,145000,47000,47000
063332,矽格國票9B購01  ,0,0,0,0,0,0,0,0,0,47000,0,0,0,47000,0,47000,47000
062458,全新群益9B購03  ,0,0,0,0,0,0,0,0,0,47000,0,0,0,47000,0,47000,47000
062285,台勝科群益9B購01,0,0,0,0,0,0,0,0,0,47000,0,0,0,47000,0,47000,47000
066537,全新兆豐01購01  ,0,0,0,0,0,0,0,0,0,47000,0,0,0,47000,0,47000,47000
065939,創意群益01購01  ,0,0,0,0,0,0,0,0,0,47000,0,0,0,84000,37000,47000,47000
065470,聚陽元大01購01  ,0,0,0,0,0,0,0,0,0,47000,0,0,0,133000,86000,47000,47000
067178,京鼎康和01購01  ,0,0,0,0,0,0,0,0,0,47000,0,0,0,122000,75000,47000,47000
067734,亞德客元大01購03,0,0,0,0,0,0,0,0,0,47000,0,0,0,95000,48000,47000,47000
08977P,臺股指群益01售11,0,0,0,0,0,0,0,0,0,47000,0,0,0,57000,10000,47000,47000
2501,國建            ,200000,139000,61000,0,0,0,0,0,0,-14000,0,14000,-14000,0,0,0,47000
07965P,玉晶光群益01售02,0,0,0,0,0,0,0,0,0,46000,0,0,0,86000,40000,46000,46000
068336,瀚宇博元大01購05,0,0,0,0,0,0,0,0,0,46000,0,0,0,303000,257000,46000,46000
057536,康控元大99購03  ,0,0,0,0,0,0,0,0,0,46000,0,0,0,53000,7000,46000,46000
058389,聯茂國票9A購01  ,0,0,0,0,0,0,0,0,0,46000,0,0,0,46000,0,46000,46000
062625,華通國票9B購02  ,0,0,0,0,0,0,0,0,0,46000,0,0,0,66000,20000,46000,46000
062230,緯穎統一01購01  ,0,0,0,0,0,0,0,0,0,46000,0,0,0,230000,184000,46000,46000
061928,群創凱基9B購06  ,0,0,0,0,0,0,0,0,0,46000,0,0,0,53000,7000,46000,46000
062146,大毅國票9B購01  ,0,0,0,0,0,0,0,0,0,46000,0,0,0,46000,0,46000,46000
062142,喬山國票9B購01  ,0,0,0,0,0,0,0,0,0,46000,0,0,0,149000,103000,46000,46000
064180,國巨富邦02購03  ,0,0,0,0,0,0,0,0,0,46000,0,0,0,64000,18000,46000,46000
063910,漢唐凱基9C購01  ,0,0,0,0,0,0,0,0,0,46000,0,0,0,69000,23000,46000,46000
063519,聚陽凱基9B購02  ,0,0,0,0,0,0,0,0,0,46000,0,0,0,95000,49000,46000,46000
063687,金像電永豐9B購04,0,0,0,0,0,0,0,0,0,46000,0,0,0,212000,166000,46000,46000
067665,台達電元大01購04,0,0,0,0,0,0,0,0,0,46000,0,0,0,152000,106000,46000,46000
067598,台積電凱基01購13,0,0,0,0,0,0,0,0,0,46000,0,0,0,46000,0,46000,46000
067137,健策永豐01購03  ,0,0,0,0,0,0,0,0,0,46000,0,0,0,81000,35000,46000,46000
066349,聚碩永豐01購01  ,0,0,0,0,0,0,0,0,0,46000,0,0,0,46000,0,46000,46000
2897,王道銀行        ,115000,79000,36000,0,0,0,0,0,0,10000,10000,0,10000,0,0,0,46000
068032,大毅元富07購01  ,0,0,0,0,0,0,0,0,0,45000,0,0,0,45000,0,45000,45000
08469P,富邦金凱基9C售01,0,0,0,0,0,0,0,0,0,45000,0,0,0,85000,40000,45000,45000
069493,玉晶光元大03購10,0,0,0,0,0,0,0,0,0,45000,0,0,0,50000,5000,45000,45000
058221,上銀統一99購04  ,0,0,0,0,0,0,0,0,0,45000,0,0,0,60000,15000,45000,45000
058479,亞光凱基9A購01  ,0,0,0,0,0,0,0,0,0,45000,0,0,0,115000,70000,45000,45000
062730,致伸凱基9B購01  ,0,0,0,0,0,0,0,0,0,45000,0,0,0,50000,5000,45000,45000
058694,鈺齊國票9A購02  ,0,0,0,0,0,0,0,0,0,45000,0,0,0,136000,91000,45000,45000
060050,鴻海凱基9B購01  ,0,0,0,0,0,0,0,0,0,45000,0,0,0,50000,5000,45000,45000
060876,國巨中信9A購04  ,0,0,0,0,0,0,0,0,0,45000,0,0,0,45000,0,45000,45000
064160,新日興統一01購03,0,0,0,0,0,0,0,0,0,45000,0,0,0,65000,20000,45000,45000
063246,嘉晶元大9C購01  ,0,0,0,0,0,0,0,0,0,45000,0,0,0,170000,125000,45000,45000
064858,鴻海富邦01購01  ,0,0,0,0,0,0,0,0,0,45000,0,0,0,45000,0,45000,45000
065059,神隆群益9C購01  ,0,0,0,0,0,0,0,0,0,45000,0,0,0,57000,12000,45000,45000
064520,京鼎群益02購01  ,0,0,0,0,0,0,0,0,0,45000,0,0,0,78000,33000,45000,45000
062640,訊連國票9C購01  ,0,0,0,0,0,0,0,0,0,45000,0,0,0,45000,0,45000,45000
065905,聯茂富邦02購01  ,0,0,0,0,0,0,0,0,0,45000,0,0,0,60000,15000,45000,45000
066217,美利達統一03購01,0,0,0,0,0,0,0,0,0,45000,0,0,0,94000,49000,45000,45000
065712,緯穎群益9C購03  ,0,0,0,0,0,0,0,0,0,45000,0,0,0,45000,0,45000,45000
067050,京鼎凱基03購01  ,0,0,0,0,0,0,0,0,0,45000,0,0,0,50000,5000,45000,45000
067005,盟立永豐01購04  ,0,0,0,0,0,0,0,0,0,45000,0,0,0,50000,5000,45000,45000
067319,眾達元大01購02  ,0,0,0,0,0,0,0,0,0,45000,0,0,0,45000,0,45000,45000
067656,新日興元富07購01,0,0,0,0,0,0,0,0,0,45000,0,0,0,150000,105000,45000,45000
2425,承啟            ,172000,127000,45000,0,0,0,0,0,0,0,0,0,0,0,0,0,45000
1460,宏遠            ,132000,87000,45000,0,0,0,0,0,0,0,0,0,0,0,0,0,45000
2239,英利-KY         ,92000,49000,43000,0,0,0,0,0,0,2000,0,0,0,2000,0,2000,45000
069402,聯電統一04購02  ,0,0,0,0,0,0,0,0,0,44000,0,0,0,61000,17000,44000,44000
08141P,鴻海凱基9B售09  ,0,0,0,0,0,0,0,0,0,44000,0,0,0,44000,0,44000,44000
07777P,創意元大9A售03  ,0,0,0,0,0,0,0,0,0,44000,0,0,0,45000,1000,44000,44000
068323,台積電元大01購42,0,0,0,0,0,0,0,0,0,44000,0,0,0,95000,51000,44000,44000
068772,欣興統一04購01  ,0,0,0,0,0,0,0,0,0,44000,0,0,0,44000,0,44000,44000
060874,中鋼中信02購01  ,0,0,0,0,0,0,0,0,0,44000,0,0,0,53000,9000,44000,44000
064266,聯茂永豐9C購01  ,0,0,0,0,0,0,0,0,0,44000,0,0,0,44000,0,44000,44000
057542,上銀凱基99購01  ,0,0,0,0,0,0,0,0,0,44000,0,0,0,54000,10000,44000,44000
057078,國巨統一9A購02  ,0,0,0,0,0,0,0,0,0,44000,0,0,0,80000,36000,44000,44000
060709,緯穎富邦9B購01  ,0,0,0,0,0,0,0,0,0,44000,0,0,0,138000,94000,44000,44000
062617,京鼎元大9B購01  ,0,0,0,0,0,0,0,0,0,44000,0,0,0,65000,21000,44000,44000
062226,臻鼎統一9B購01  ,0,0,0,0,0,0,0,0,0,44000,0,0,0,44000,0,44000,44000
064754,漢唐凱基02購01  ,0,0,0,0,0,0,0,0,0,44000,0,0,0,66000,22000,44000,44000
062085,同欣電元大9B購01,0,0,0,0,0,0,0,0,0,44000,0,0,0,50000,6000,44000,44000
062098,億光永豐9B購01  ,0,0,0,0,0,0,0,0,0,44000,0,0,0,104000,60000,44000,44000
062046,矽格凱基9B購01  ,0,0,0,0,0,0,0,0,0,44000,0,0,0,85000,41000,44000,44000
064086,旺宏凱基9C購01  ,0,0,0,0,0,0,0,0,0,44000,0,0,0,144000,100000,44000,44000
064337,大毅元大01購02  ,0,0,0,0,0,0,0,0,0,44000,0,0,0,44000,0,44000,44000
063966,大毅國票01購01  ,0,0,0,0,0,0,0,0,0,44000,0,0,0,62000,18000,44000,44000
067192,矽格凱基01購03  ,0,0,0,0,0,0,0,0,0,44000,0,0,0,90000,46000,44000,44000
066758,智邦永豐01購01  ,0,0,0,0,0,0,0,0,0,44000,0,0,0,74000,30000,44000,44000
065827,正崴凱基9C購01  ,0,0,0,0,0,0,0,0,0,44000,0,0,0,151000,107000,44000,44000
065429,微星凱基02購02  ,0,0,0,0,0,0,0,0,0,44000,0,0,0,92000,48000,44000,44000
065255,上銀元大01購01  ,0,0,0,0,0,0,0,0,0,44000,0,0,0,198000,154000,44000,44000
066072,華新科凱基01購03,0,0,0,0,0,0,0,0,0,44000,0,0,0,111000,67000,44000,44000
066490,創意元富07購01  ,0,0,0,0,0,0,0,0,0,44000,0,0,0,50000,6000,44000,44000
1720,生達            ,215000,188000,27000,0,0,0,0,0,0,17000,1000,0,1000,17000,1000,16000,44000
068930,億光永豐02購01  ,0,0,0,0,0,0,0,0,0,43000,0,0,0,83000,40000,43000,43000
068275,健策永豐01購04  ,0,0,0,0,0,0,0,0,0,43000,0,0,0,75000,32000,43000,43000
057051,群創元大9B購03  ,0,0,0,0,0,0,0,0,0,43000,0,0,0,62000,19000,43000,43000
060169,群電永豐9A購01  ,0,0,0,0,0,0,0,0,0,43000,0,0,0,59000,16000,43000,43000
057839,台積電富邦9A購02,0,0,0,0,0,0,0,0,0,43000,0,0,0,43000,0,43000,43000
063507,奇鋐群益9B購02  ,0,0,0,0,0,0,0,0,0,43000,0,0,0,60000,17000,43000,43000
061916,元金2X凱基02購01,0,0,0,0,0,0,0,0,0,43000,0,0,0,48000,5000,43000,43000
063173,矽格中信9B購01  ,0,0,0,0,0,0,0,0,0,43000,0,0,0,43000,0,43000,43000
064989,鈺齊元大01購01  ,0,0,0,0,0,0,0,0,0,43000,0,0,0,228000,185000,43000,43000
064912,國巨統一01購09  ,0,0,0,0,0,0,0,0,0,43000,0,0,0,70000,27000,43000,43000
062601,富邦金台新9B購01,0,0,0,0,0,0,0,0,0,43000,0,0,0,60000,17000,43000,43000
062268,力山群益9B購01  ,0,0,0,0,0,0,0,0,0,43000,0,0,0,49000,6000,43000,43000
066842,卜蜂元大01購01  ,0,0,0,0,0,0,0,0,0,43000,0,0,0,428000,385000,43000,43000
067194,惠特凱基01購03  ,0,0,0,0,0,0,0,0,0,43000,0,0,0,43000,0,43000,43000
067876,世紀鋼元大01購03,1000,0,1000,0,0,0,0,0,0,42000,0,0,0,269000,227000,42000,43000
08806P,技嘉元富07售02  ,0,0,0,0,0,0,0,0,0,43000,0,0,0,52000,9000,43000,43000
2388,威盛            ,110000,67000,43000,0,0,0,0,0,0,0,0,0,0,0,0,0,43000
6277,宏正            ,58000,15000,43000,0,0,0,0,0,0,0,0,0,0,0,0,0,43000
8454,富邦媒          ,172689,106000,66689,0,0,0,0,29000,-29000,5000,10000,5000,5000,0,0,0,42689
068232,泰鼎元富04購01  ,0,0,0,0,0,0,0,0,0,42000,0,0,0,43000,1000,42000,42000
068785,兆豐金康和02購01,0,0,0,0,0,0,0,0,0,42000,0,0,0,42000,0,42000,42000
069006,義隆兆豐04購01  ,0,0,0,0,0,0,0,0,0,42000,0,0,0,142000,100000,42000,42000
069490,聯詠元大02購05  ,0,0,0,0,0,0,0,0,0,42000,0,0,0,235000,193000,42000,42000
060411,達新永豐9A購01  ,0,0,0,0,0,0,0,0,0,42000,0,0,0,52000,10000,42000,42000
060052,宏碁凱基99購01  ,0,0,0,0,0,0,0,0,0,42000,0,0,0,42000,0,42000,42000
058673,華新科群益9A購02,0,0,0,0,0,0,0,0,0,42000,0,0,0,69000,27000,42000,42000
03095P,國巨凱基02售07  ,0,0,0,0,0,0,0,0,0,42000,0,0,0,42000,0,42000,42000
03001P,玉晶光群益02售17,0,0,0,0,0,0,0,0,0,42000,0,0,0,193000,151000,42000,42000
061177,大立光凱基9A購10,0,0,0,0,0,0,0,0,0,42000,0,0,0,42000,0,42000,42000
057745,泰鼎永豐99購01  ,0,0,0,0,0,0,0,0,0,42000,0,0,0,44000,2000,42000,42000
061634,遠東新元大9A購01,0,0,0,0,0,0,0,0,0,42000,0,0,0,117000,75000,42000,42000
063980,智易兆豐9C購02  ,0,0,0,0,0,0,0,0,0,42000,0,0,0,54000,12000,42000,42000
064642,裕隆凱基9C購01  ,0,0,0,0,0,0,0,0,0,42000,0,0,0,180000,138000,42000,42000
064396,創意永豐9C購01  ,0,0,0,0,0,0,0,0,0,42000,0,0,0,44000,2000,42000,42000
063848,大立光元大9C購09,0,0,0,0,0,0,0,0,0,42000,0,0,0,59000,17000,42000,42000
067358,華擎群益01購05  ,0,0,0,0,0,0,0,0,0,42000,0,0,0,311000,269000,42000,42000
067188,日電貿凱基01購02,0,0,0,0,0,0,0,0,0,42000,0,0,0,42000,0,42000,42000
066561,健策元大01購04  ,0,0,0,0,0,0,0,0,0,42000,0,0,0,117000,75000,42000,42000
066469,申豐統一02購02  ,0,0,0,0,0,0,0,0,0,42000,0,0,0,42000,0,42000,42000
066007,大立光統一02購06,0,0,0,0,0,0,0,0,0,42000,0,0,0,60000,18000,42000,42000
066229,力山富邦04購01  ,0,0,0,0,0,0,0,0,0,42000,0,0,0,104000,62000,42000,42000
066172,日電貿凱基01購01,0,0,0,0,0,0,0,0,0,42000,0,0,0,42000,0,42000,42000
065774,旭富國票01購01  ,0,0,0,0,0,0,0,0,0,42000,0,0,0,42000,0,42000,42000
2608,嘉里大榮        ,61000,19000,42000,0,0,0,0,0,0,0,0,0,0,0,0,0,42000
08837P,牧德國票03售01  ,0,0,0,0,0,0,0,0,0,42000,0,0,0,42000,0,42000,42000
1416,廣豐            ,64000,21000,43000,0,0,0,0,0,0,-1000,0,1000,-1000,0,0,0,42000
1537,廣隆            ,58000,16000,42000,0,0,0,0,0,0,0,0,0,0,0,0,0,42000
068981,晶技元大02購01  ,0,0,0,0,0,0,0,0,0,41000,0,0,0,52000,11000,41000,41000
069087,緯穎凱基03購01  ,0,0,0,0,0,0,0,0,0,41000,0,0,0,68000,27000,41000,41000
068248,美律元大01購05  ,0,0,0,0,0,0,0,0,0,41000,0,0,0,72000,31000,41000,41000
068290,大立光群益01購12,0,0,0,0,0,0,0,0,0,41000,0,0,0,44000,3000,41000,41000
068266,國巨永豐01購02  ,0,0,0,0,0,0,0,0,0,41000,0,0,0,41000,0,41000,41000
068609,華擎凱基03購01  ,0,0,0,0,0,0,0,0,0,41000,0,0,0,227000,186000,41000,41000
063561,上銀元大9B購08  ,0,0,0,0,0,0,0,0,0,41000,0,0,0,79000,38000,41000,41000
060485,華新科富邦9C購04,0,0,0,0,0,0,0,0,0,41000,0,0,0,41000,0,41000,41000
063940,國巨元大01購02  ,0,0,0,0,0,0,0,0,0,41000,0,0,0,58000,17000,41000,41000
064641,神隆凱基9C購01  ,0,0,0,0,0,0,0,0,0,41000,0,0,0,53000,12000,41000,41000
062623,元金2X國票01購01,0,0,0,0,0,0,0,0,0,41000,0,0,0,41000,0,41000,41000
065152,燿華群益9C購02  ,0,0,0,0,0,0,0,0,0,41000,0,0,0,94000,53000,41000,41000
066302,卜蜂永豐01購01  ,0,0,0,0,0,0,0,0,0,41000,0,0,0,42000,1000,41000,41000
066888,長榮航中信07購01,0,0,0,0,0,0,0,0,0,41000,0,0,0,91000,50000,41000,41000
067621,友達國泰02購01  ,0,0,0,0,0,0,0,0,0,41000,0,0,0,431000,390000,41000,41000
067546,世紀鋼群益01購05,0,0,0,0,0,0,0,0,0,41000,0,0,0,62000,21000,41000,41000
067560,聯詠國票02購01  ,0,0,0,0,0,0,0,0,0,41000,0,0,0,96000,55000,41000,41000
08598P,立積元大9C售04  ,0,0,0,0,0,0,0,0,0,41000,0,0,0,51000,10000,41000,41000
068595,台積電統一03購10,0,0,0,0,0,0,0,0,0,40000,0,0,0,40000,0,40000,40000
068316,台灣50元大01購34,0,0,0,0,0,0,0,0,0,40000,0,0,0,155000,115000,40000,40000
06834P,訊芯群益99售02  ,0,0,0,0,0,0,0,0,0,40000,0,0,0,40000,0,40000,40000
068428,神隆凱基03購01  ,0,0,0,0,0,0,0,0,0,40000,0,0,0,59000,19000,40000,40000
068146,台積電元大01購36,0,0,0,0,0,0,0,0,0,40000,0,0,0,40000,0,40000,40000
067979,寶成群益03購01  ,0,0,0,0,0,0,0,0,0,40000,0,0,0,40000,0,40000,40000
069086,瀚宇博凱基02購02,0,0,0,0,0,0,0,0,0,40000,0,0,0,197000,157000,40000,40000
068980,欣興元大02購06  ,0,0,0,0,0,0,0,0,0,40000,0,0,0,40000,0,40000,40000
068970,美利達群益02購01,0,0,0,0,0,0,0,0,0,40000,0,0,0,45000,5000,40000,40000
069193,景碩統一05購01  ,0,0,0,0,0,0,0,0,0,40000,0,0,0,50000,10000,40000,40000
068752,GIS群益02購03   ,0,0,0,0,0,0,0,0,0,40000,0,0,0,61000,21000,40000,40000
069563,百和康和02購01  ,0,0,0,0,0,0,0,0,0,40000,0,0,0,150000,110000,40000,40000
069302,道瓊銀凱基05購02,0,0,0,0,0,0,0,0,0,40000,0,0,0,40000,0,40000,40000
069657,緯穎凱基03購03  ,0,0,0,0,0,0,0,0,0,40000,0,0,0,40000,0,40000,40000
069824,百和統一04購01  ,0,0,0,0,0,0,0,0,0,40000,0,0,0,40000,0,40000,40000
07668P,旺宏元大9A售10  ,0,0,0,0,0,0,0,0,0,40000,0,0,0,140000,100000,40000,40000
08066P,南亞科凱基9B售04,0,0,0,0,0,0,0,0,0,40000,0,0,0,42000,2000,40000,40000
08468P,台郡統一9C售02  ,0,0,0,0,0,0,0,0,0,40000,0,0,0,40000,0,40000,40000
060281,卜蜂元大9C購01  ,0,0,0,0,0,0,0,0,0,40000,0,0,0,40000,0,40000,40000
059539,緯穎凱基99購03  ,0,0,0,0,0,0,0,0,0,40000,0,0,0,40000,0,40000,40000
059064,緯穎凱基99購02  ,0,0,0,0,0,0,0,0,0,40000,0,0,0,40000,0,40000,40000
058946,SGBR2X群益9B購01,0,0,0,0,0,0,0,0,0,40000,0,0,0,50000,10000,40000,40000
06178P,大立光第一99售01,0,0,0,0,0,0,0,0,0,40000,0,0,0,40000,0,40000,40000
058474,鴻海凱基9A購06  ,0,0,0,0,0,0,0,0,0,40000,0,0,0,40000,0,40000,40000
055680,美律凱基99購01  ,0,0,0,0,0,0,0,0,0,40000,0,0,0,40000,0,40000,40000
055312,台虹群益99購01  ,0,0,0,0,0,0,0,0,0,40000,0,0,0,40000,0,40000,40000
060791,聯茂富邦9A購02  ,0,0,0,0,0,0,0,0,0,40000,0,0,0,40000,0,40000,40000
056922,全新兆豐99購01  ,0,0,0,0,0,0,0,0,0,40000,0,0,0,40000,0,40000,40000
057307,瀚宇博兆豐99購01,0,0,0,0,0,0,0,0,0,40000,0,0,0,40000,0,40000,40000
062369,創意元大9B購01  ,0,0,0,0,0,0,0,0,0,40000,0,0,0,41000,1000,40000,40000
061658,聯茂富邦9A購03  ,0,0,0,0,0,0,0,0,0,40000,0,0,0,40000,0,40000,40000
061511,緯穎富邦9B購02  ,0,0,0,0,0,0,0,0,0,40000,0,0,0,45000,5000,40000,40000
062982,同欣電元富9B購01,0,0,0,0,0,0,0,0,0,40000,0,0,0,97000,57000,40000,40000
064801,鴻海元大9C購13  ,0,0,0,0,0,0,0,0,0,40000,0,0,0,55000,15000,40000,40000
062073,國巨元大9B購06  ,0,0,0,0,0,0,0,0,0,40000,0,0,0,50000,10000,40000,40000
063100,聚陽群益9C購02  ,0,0,0,0,0,0,0,0,0,40000,0,0,0,56000,16000,40000,40000
063789,智邦台新9C購01  ,0,0,0,0,0,0,0,0,0,40000,0,0,0,40000,0,40000,40000
064070,祥碩永豐9C購01  ,0,0,0,0,0,0,0,0,0,40000,0,0,0,61000,21000,40000,40000
064301,漢唐兆豐01購01  ,0,0,0,0,0,0,0,0,0,40000,0,0,0,160000,120000,40000,40000
064623,創意元大9C購04  ,0,0,0,0,0,0,0,0,0,40000,0,0,0,41000,1000,40000,40000
061286,大立光統一9A購05,0,0,0,0,0,0,0,0,0,40000,0,0,0,144000,104000,40000,40000
064463,聯茂統一01購02  ,0,0,0,0,0,0,0,0,0,40000,0,0,0,40000,0,40000,40000
06750P,聯發科元富02售03,0,0,0,0,0,0,0,0,0,40000,0,0,0,40000,0,40000,40000
067503,聚陽統一03購01  ,0,0,0,0,0,0,0,0,0,40000,0,0,0,49000,9000,40000,40000
066843,台達電元大01購02,0,0,0,0,0,0,0,0,0,40000,0,0,0,251000,211000,40000,40000
067149,瑞昱統一03購01  ,0,0,0,0,0,0,0,0,0,40000,0,0,0,231000,191000,40000,40000
067203,台達電元大01購03,0,0,0,0,0,0,0,0,0,40000,0,0,0,40000,0,40000,40000
067243,華擎群益01購04  ,0,0,0,0,0,0,0,0,0,40000,0,0,0,364000,324000,40000,40000
067058,滬深2X元大01購10,0,0,0,0,0,0,0,0,0,40000,0,0,0,80000,40000,40000,40000
066251,川湖元大01購01  ,0,0,0,0,0,0,0,0,0,40000,0,0,0,45000,5000,40000,40000
066372,惠特中信01購01  ,0,0,0,0,0,0,0,0,0,40000,0,0,0,40000,0,40000,40000
065788,緯創永豐9C購02  ,0,0,0,0,0,0,0,0,0,40000,0,0,0,40000,0,40000,40000
08741P,國巨凱基01售05  ,0,0,0,0,0,0,0,0,0,40000,0,0,0,40000,0,40000,40000
08714P,華碩元富01售03  ,0,0,0,0,0,0,0,0,0,40000,0,0,0,40000,0,40000,40000
6669,緯穎            ,318500,256340,62160,0,0,0,0,0,0,-23000,15000,13000,2000,8000,33000,-25000,39160
069723,華新科群益03購01,0,0,0,0,0,0,0,0,0,39000,0,0,0,72000,33000,39000,39000
068644,臺股指凱基03購10,0,0,0,0,0,0,0,0,0,39000,0,0,0,41000,2000,39000,39000
069262,惠特凱基02購01  ,0,0,0,0,0,0,0,0,0,39000,0,0,0,39000,0,39000,39000
069158,精元元大02購02  ,0,0,0,0,0,0,0,0,0,39000,0,0,0,39000,0,39000,39000
068000,聯詠元大01購09  ,0,0,0,0,0,0,0,0,0,39000,0,0,0,86000,47000,39000,39000
01009T,王道圓滿R1      ,0,0,0,0,0,0,0,0,0,39000,39000,0,39000,0,0,0,39000
060844,大立光國票9A購07,0,0,0,0,0,0,0,0,0,39000,0,0,0,39000,0,39000,39000
03421B,臺股指元大99熊01,0,0,0,0,0,0,0,0,0,39000,0,0,0,138000,99000,39000,39000
061091,奇力新統一9C購02,0,0,0,0,0,0,0,0,0,39000,0,0,0,69000,30000,39000,39000
064483,瑞儀永豐9C購01  ,0,0,0,0,0,0,0,0,0,39000,0,0,0,50000,11000,39000,39000
061421,台積電元大9A購29,0,0,0,0,0,0,0,0,0,39000,0,0,0,40000,1000,39000,39000
061497,大立光國票9A購09,0,0,0,0,0,0,0,0,0,39000,0,0,0,39000,0,39000,39000
061499,嘉晶國票9A購03  ,0,0,0,0,0,0,0,0,0,39000,0,0,0,39000,0,39000,39000
063298,統一凱基9B購01  ,0,0,0,0,0,0,0,0,0,39000,0,0,0,42000,3000,39000,39000
065896,智易統一02購01  ,0,0,0,0,0,0,0,0,0,39000,0,0,0,40000,1000,39000,39000
065363,國巨元大01購04  ,0,0,0,0,0,0,0,0,0,39000,0,0,0,40000,1000,39000,39000
066464,台郡統一02購02  ,0,0,0,0,0,0,0,0,0,39000,0,0,0,49000,10000,39000,39000
065951,聯發科統一01購08,0,0,0,0,0,0,0,0,0,39000,0,0,0,105000,66000,39000,39000
067117,健策群益01購09  ,0,0,0,0,0,0,0,0,0,39000,0,0,0,158000,119000,39000,39000
067475,微星元大01購05  ,0,0,0,0,0,0,0,0,0,39000,0,0,0,258000,219000,39000,39000
067556,義隆國票02購02  ,0,0,0,0,0,0,0,0,0,39000,0,0,0,39000,0,39000,39000
067769,國巨統一02購04  ,0,0,0,0,0,0,0,0,0,39000,0,0,0,86000,47000,39000,39000
5288,豐祥-KY         ,70000,55000,15000,0,0,0,4000,0,4000,20000,20000,0,20000,0,0,0,39000
2316,楠梓電          ,461000,409000,52000,0,0,0,0,0,0,-13000,14000,0,14000,0,27000,-27000,39000
069233,聯電康和02購03  ,0,0,0,0,0,0,0,0,0,38000,0,0,0,290000,252000,38000,38000
068816,美律元大02購02  ,0,0,0,0,0,0,0,0,0,38000,0,0,0,38000,0,38000,38000
069639,金像電台新02購01,0,0,0,0,0,0,0,0,0,38000,0,0,0,201000,163000,38000,38000
059054,國巨凱基99購11  ,0,0,0,0,0,0,0,0,0,38000,0,0,0,113000,75000,38000,38000
03432P,欣興元大02售10  ,0,0,0,0,0,0,0,0,0,38000,0,0,0,189000,151000,38000,38000
05620P,大立光富邦9B售01,0,0,0,0,0,0,0,0,0,38000,0,0,0,38000,0,38000,38000
048383,元金2X國票99購01,0,0,0,0,0,0,0,0,0,38000,0,0,0,38000,0,38000,38000
063436,儒鴻統一01購03  ,0,0,0,0,0,0,0,0,0,38000,0,0,0,48000,10000,38000,38000
063194,華新科台新9B購01,0,0,0,0,0,0,0,0,0,38000,0,0,0,131000,93000,38000,38000
064084,群創中信06購02  ,0,0,0,0,0,0,0,0,0,38000,0,0,0,69000,31000,38000,38000
067607,聯鈞凱基01購04  ,0,0,0,0,0,0,0,0,0,38000,0,0,0,49000,11000,38000,38000
066669,華擎凱基02購02  ,0,0,0,0,0,0,0,0,0,38000,0,0,0,200000,162000,38000,38000
066326,敦陽科永豐01購01,0,0,0,0,0,0,0,0,0,38000,0,0,0,55000,17000,38000,38000
065417,嘉晶國票01購02  ,0,0,0,0,0,0,0,0,0,38000,0,0,0,87000,49000,38000,38000
065158,和碩群益9C購01  ,0,0,0,0,0,0,0,0,0,38000,0,0,0,90000,52000,38000,38000
065730,新日興凱基9C購01,0,0,0,0,0,0,0,0,0,38000,0,0,0,83000,45000,38000,38000
065594,華通元大01購02  ,0,0,0,0,0,0,0,0,0,38000,0,0,0,55000,17000,38000,38000
4148,全宇生技-KY     ,53000,15000,38000,0,0,0,0,0,0,0,0,0,0,0,0,0,38000
3028,增你強          ,46000,9000,37000,0,0,0,0,0,0,1000,1000,0,1000,0,0,0,38000
069333,聯電群益03購08  ,0,0,0,0,0,0,0,0,0,37000,0,0,0,147000,110000,37000,37000
069436,南六群益02購04  ,0,0,0,0,0,0,0,0,0,37000,0,0,0,43000,6000,37000,37000
068895,京元電元大02購02,0,0,0,0,0,0,0,0,0,37000,0,0,0,58000,21000,37000,37000
068106,南電永豐01購02  ,0,0,0,0,0,0,0,0,0,37000,0,0,0,82000,45000,37000,37000
068271,大毅永豐01購03  ,0,0,0,0,0,0,0,0,0,37000,0,0,0,37000,0,37000,37000
068394,GIS統一03購02   ,0,0,0,0,0,0,0,0,0,37000,0,0,0,74000,37000,37000,37000
052766,玉晶光群益9A購01,0,0,0,0,0,0,0,0,0,37000,0,0,0,47000,10000,37000,37000
058973,麗豐永豐99購01  ,0,0,0,0,0,0,0,0,0,37000,0,0,0,37000,0,37000,37000
060203,緯穎元富9A購01  ,0,0,0,0,0,0,0,0,0,37000,0,0,0,44000,7000,37000,37000
060410,台苯永豐9A購01  ,0,0,0,0,0,0,0,0,0,37000,0,0,0,42000,5000,37000,37000
06054P,臺股指中信9A售01,0,0,0,0,0,0,0,0,0,37000,0,0,0,167000,130000,37000,37000
058553,合勤控永豐99購01,0,0,0,0,0,0,0,0,0,37000,0,0,0,81000,44000,37000,37000
061425,華新科元大9A購19,0,0,0,0,0,0,0,0,0,37000,0,0,0,37000,0,37000,37000
061262,智邦凱基9A購02  ,0,0,0,0,0,0,0,0,0,37000,0,0,0,65000,28000,37000,37000
064412,緯穎凱基01購01  ,0,0,0,0,0,0,0,0,0,37000,0,0,0,50000,13000,37000,37000
061933,光寶科國票9B購01,0,0,0,0,0,0,0,0,0,37000,0,0,0,39000,2000,37000,37000
064509,台表科元大9C購08,0,0,0,0,0,0,0,0,0,37000,0,0,0,115000,78000,37000,37000
065799,友訊群益01購03  ,0,0,0,0,0,0,0,0,0,37000,0,0,0,152000,115000,37000,37000
066337,聯陽永豐01購02  ,0,0,0,0,0,0,0,0,0,37000,0,0,0,75000,38000,37000,37000
065974,智原元大01購01  ,0,0,0,0,0,0,0,0,0,37000,0,0,0,135000,98000,37000,37000
066724,台達電元大01購01,0,0,0,0,0,0,0,0,0,37000,0,0,0,137000,100000,37000,37000
068487,台積電元大01購46,0,0,0,0,0,0,0,0,0,36000,0,0,0,99000,63000,36000,36000
069265,奇力新兆豐04購01,0,0,0,0,0,0,0,0,0,36000,0,0,0,36000,0,36000,36000
062749,元金2X中信9B購01,0,0,0,0,0,0,0,0,0,36000,0,0,0,101000,65000,36000,36000
061019,大毅國票9A購01  ,0,0,0,0,0,0,0,0,0,36000,0,0,0,89000,53000,36000,36000
059009,世紀鋼元大99購04,0,0,0,0,0,0,0,0,0,36000,0,0,0,46000,10000,36000,36000
00646,元大S&P500      ,0,13000,-13000,0,0,0,0,0,0,49000,0,0,0,97000,48000,49000,36000
062993,華新科群益9B購05,0,0,0,0,0,0,0,0,0,36000,0,0,0,64000,28000,36000,36000
063825,道瓊銀國票01購01,0,0,0,0,0,0,0,0,0,36000,0,0,0,36000,0,36000,36000
062802,宏達電統一9B購01,0,0,0,0,0,0,0,0,0,36000,0,0,0,42000,6000,36000,36000
064369,彩晶統一01購01  ,0,0,0,0,0,0,0,0,0,36000,0,0,0,135000,99000,36000,36000
064063,健策國泰01購02  ,0,0,0,0,0,0,0,0,0,36000,0,0,0,36000,0,36000,36000
063222,群創群益9B購03  ,0,0,0,0,0,0,0,0,0,36000,0,0,0,54000,18000,36000,36000
064626,聯茂元大9C購01  ,0,0,0,0,0,0,0,0,0,36000,0,0,0,100000,64000,36000,36000
067254,華擎國票02購02  ,0,0,0,0,0,0,0,0,0,36000,0,0,0,64000,28000,36000,36000
067226,台灣50群益01購09,0,0,0,0,0,0,0,0,0,36000,0,0,0,36000,0,36000,36000
067080,群創元大01購04  ,0,0,0,0,0,0,0,0,0,36000,0,0,0,54000,18000,36000,36000
066184,鎧勝凱基01購01  ,0,0,0,0,0,0,0,0,0,36000,0,0,0,36000,0,36000,36000
065779,台勝科國泰01購02,0,0,0,0,0,0,0,0,0,36000,0,0,0,36000,0,36000,36000
065287,華新科群益01購03,0,0,0,0,0,0,0,0,0,36000,0,0,0,52000,16000,36000,36000
065519,台勝科群益9C購02,0,0,0,0,0,0,0,0,0,36000,0,0,0,36000,0,36000,36000
08814P,世紀鋼群益01售04,0,0,0,0,0,0,0,0,0,36000,0,0,0,40000,4000,36000,36000
069722,京元電群益02購01,0,0,0,0,0,0,0,0,0,35000,0,0,0,51000,16000,35000,35000
07020P,玉晶光台新99售02,0,0,0,0,0,0,0,0,0,35000,0,0,0,35000,0,35000,35000
068324,台積電元大01購43,0,0,0,0,0,0,0,0,0,35000,0,0,0,65000,30000,35000,35000
068119,健鼎元富07購01  ,0,0,0,0,0,0,0,0,0,35000,0,0,0,35000,0,35000,35000
067948,群創國泰03購01  ,0,0,0,0,0,0,0,0,0,35000,0,0,0,62000,27000,35000,35000
00851,台新全球AI      ,0,0,0,0,0,0,0,0,0,35000,0,0,0,35000,0,35000,35000
054977,SP黃豆元富9B購01,0,0,0,0,0,0,0,0,0,35000,0,0,0,490000,455000,35000,35000
060761,南亞科元大9A購05,0,0,0,0,0,0,0,0,0,35000,0,0,0,35000,0,35000,35000
057987,大立光元富98購02,0,0,0,0,0,0,0,0,0,35000,0,0,0,35000,0,35000,35000
064280,大立光元大9C購11,0,0,0,0,0,0,0,0,0,35000,0,0,0,116000,81000,35000,35000
061123,燿華永豐9A購01  ,0,0,0,0,0,0,0,0,0,35000,0,0,0,42000,7000,35000,35000
061057,華新科國票9A購04,0,0,0,0,0,0,0,0,0,35000,0,0,0,35000,0,35000,35000
059867,華邦電凱基99購02,0,0,0,0,0,0,0,0,0,35000,0,0,0,35000,0,35000,35000
059936,台積電永豐99購06,0,0,0,0,0,0,0,0,0,35000,0,0,0,35000,0,35000,35000
058019,美律凱基99購04  ,0,0,0,0,0,0,0,0,0,35000,0,0,0,35000,0,35000,35000
059842,台積電富邦9C購05,0,0,0,0,0,0,0,0,0,35000,0,0,0,35000,0,35000,35000
064402,宏碁凱基01購01  ,0,0,0,0,0,0,0,0,0,35000,0,0,0,43000,8000,35000,35000
064555,力山群益01購01  ,0,0,0,0,0,0,0,0,0,35000,0,0,0,86000,51000,35000,35000
064701,巨大群益9C購02  ,0,0,0,0,0,0,0,0,0,35000,0,0,0,75000,40000,35000,35000
065044,大立光凱基9C購06,0,0,0,0,0,0,0,0,0,35000,0,0,0,35000,0,35000,35000
065398,國泰金群益9C購01,0,0,0,0,0,0,0,0,0,35000,0,0,0,38000,3000,35000,35000
065690,台苯群益9C購01  ,0,0,0,0,0,0,0,0,0,35000,0,0,0,70000,35000,35000,35000
066188,訊芯凱基01購01  ,0,0,0,0,0,0,0,0,0,35000,0,0,0,35000,0,35000,35000
066324,仲琦永豐01購01  ,0,0,0,0,0,0,0,0,0,35000,0,0,0,35000,0,35000,35000
067114,京鼎群益02購04  ,0,0,0,0,0,0,0,0,0,35000,0,0,0,60000,25000,35000,35000
067171,聯發科麥證01購08,0,0,0,50000,15000,35000,0,0,0,35000,0,0,0,50000,15000,35000,35000
067599,台積電凱基01購14,0,0,0,0,0,0,0,0,0,35000,0,0,0,122000,87000,35000,35000
067496,拓凱元大01購02  ,0,0,0,0,0,0,0,0,0,35000,0,0,0,37000,2000,35000,35000
1587,吉茂            ,122000,87000,35000,0,0,0,0,0,0,0,0,0,0,0,0,0,35000
069695,國巨元富08購03  ,0,0,0,0,0,0,0,0,0,34000,0,0,0,39000,5000,34000,34000
08250P,GIS群益9C售02   ,0,0,0,0,0,0,0,0,0,34000,0,0,0,515000,481000,34000,34000
061125,億光永豐9A購01  ,0,0,0,0,0,0,0,0,0,34000,0,0,0,41000,7000,34000,34000
060124,奇力新永豐99購03,0,0,0,0,0,0,0,0,0,34000,0,0,0,34000,0,34000,34000
059203,勤誠永豐99購02  ,0,0,0,0,0,0,0,0,0,34000,0,0,0,34000,0,34000,34000
054072,台積電富邦98購02,0,0,0,0,0,0,0,0,0,34000,0,0,0,154000,120000,34000,34000
03162P,泰碩元大01售02  ,0,0,0,0,0,0,0,0,0,34000,0,0,0,50000,16000,34000,34000
064683,台表科兆豐9C購02,0,0,0,0,0,0,0,0,0,34000,0,0,0,108000,74000,34000,34000
061662,瑞儀永豐9A購02  ,0,0,0,0,0,0,0,0,0,34000,0,0,0,34000,0,34000,34000
062337,台表科統一01購01,0,0,0,0,0,0,0,0,0,34000,0,0,0,34000,0,34000,34000
063853,同欣電元大9C購02,0,0,0,0,0,0,0,0,0,34000,0,0,0,34000,0,34000,34000
061367,瑞祺國票9A購01  ,0,0,0,0,0,0,0,0,0,34000,0,0,0,179000,145000,34000,34000
063327,燿華國票9C購02  ,0,0,0,0,0,0,0,0,0,34000,0,0,0,55000,21000,34000,34000
064012,泰碩國票01購02  ,0,0,0,0,0,0,0,0,0,34000,0,0,0,47000,13000,34000,34000
066361,微星中信05購01  ,0,0,0,0,0,0,0,0,0,34000,0,0,0,75000,41000,34000,34000
066392,聯強凱基01購01  ,0,0,0,0,0,0,0,0,0,34000,0,0,0,34000,0,34000,34000
066540,景碩兆豐01購02  ,0,0,0,0,0,0,0,0,0,34000,0,0,0,207000,173000,34000,34000
065575,神達群益01購01  ,0,0,0,0,0,0,0,0,0,34000,0,0,0,34000,0,34000,34000
065320,技嘉凱基9C購02  ,0,0,0,0,0,0,0,0,0,34000,0,0,0,478000,444000,34000,34000
08590P,智邦凱基9C售04  ,0,0,0,0,0,0,0,0,0,34000,0,0,0,71000,37000,34000,34000
08644P,臺股指中信02售02,0,0,0,0,0,0,0,0,0,34000,0,0,0,40000,6000,34000,34000
08635P,大成鋼國票01售01,0,0,0,0,0,0,0,0,0,34000,0,0,0,34000,0,34000,34000
4141,龍燈-KY         ,45000,11000,34000,0,0,0,0,0,0,0,0,0,0,0,0,0,34000
08509P,臺股指國票9C售10,0,0,0,0,0,0,0,0,0,33000,0,0,0,181000,148000,33000,33000
068157,晶技元大01購04  ,2000,0,2000,0,0,0,0,0,0,31000,0,0,0,59000,28000,31000,33000
069243,台積電凱基03購13,0,0,0,0,0,0,0,0,0,33000,0,0,0,33000,0,33000,33000
00662,富邦NASDAQ      ,0,10000,-10000,0,0,0,0,0,0,43000,0,0,0,193000,150000,43000,33000
054890,聯鈞統一99購01  ,0,0,0,0,0,0,0,0,0,33000,0,0,0,38000,5000,33000,33000
060252,緯穎元大9A購02  ,0,0,0,0,0,0,0,0,0,33000,0,0,0,58000,25000,33000,33000
060982,旺宏元大9A購09  ,0,0,0,0,0,0,0,0,0,33000,0,0,0,52000,19000,33000,33000
060264,華新科國票9A購02,0,0,0,0,0,0,0,0,0,33000,0,0,0,47000,14000,33000,33000
059850,日電貿永豐99購01,0,0,0,0,0,0,0,0,0,33000,0,0,0,33000,0,33000,33000
062213,和大統一9B購02  ,0,0,0,0,0,0,0,0,0,33000,0,0,0,83000,50000,33000,33000
065137,中鋼凱基01購01  ,0,0,0,0,0,0,0,0,0,33000,0,0,0,115000,82000,33000,33000
067799,玉晶光康和01購01,0,0,0,0,0,0,0,0,0,33000,0,0,0,45000,12000,33000,33000
2431,聯昌            ,70000,37000,33000,0,0,0,0,0,0,0,0,0,0,0,0,0,33000
2530,華建            ,50000,17000,33000,0,0,0,0,0,0,0,0,0,0,0,0,0,33000
069155,國巨元大02購10  ,0,0,0,0,0,0,0,0,0,32000,0,0,0,82000,50000,32000,32000
068955,和鑫凱基02購01  ,0,0,0,0,0,0,0,0,0,32000,0,0,0,47000,15000,32000,32000
067993,宏碁元大01購02  ,0,0,0,0,0,0,0,0,0,32000,0,0,0,98000,66000,32000,32000
059848,智邦永豐99購01  ,0,0,0,0,0,0,0,0,0,32000,0,0,0,32000,0,32000,32000
062671,國泰金中信03購01,0,0,0,0,0,0,0,0,0,32000,0,0,0,32000,0,32000,32000
061800,泰鼎永豐9B購01  ,0,0,0,0,0,0,0,0,0,32000,0,0,0,34000,2000,32000,32000
061030,喬山永豐9A購01  ,0,0,0,0,0,0,0,0,0,32000,0,0,0,162000,130000,32000,32000
060243,潤泰全元大9C購02,0,0,0,0,0,0,0,0,0,32000,0,0,0,32000,0,32000,32000
060710,上銀永豐9A購01  ,0,0,0,0,0,0,0,0,0,32000,0,0,0,54000,22000,32000,32000
03125P,台積電凱基01售24,0,0,0,0,0,0,0,0,0,32000,0,0,0,53000,21000,32000,32000
065038,上銀凱基9C購02  ,0,0,0,0,0,0,0,0,0,32000,0,0,0,72000,40000,32000,32000
063765,上銀元富9B購09  ,0,0,0,0,0,0,0,0,0,32000,0,0,0,441000,409000,32000,32000
064572,同欣電群益9C購02,0,0,0,0,0,0,0,0,0,32000,0,0,0,61000,29000,32000,32000
067837,大立光統一03購04,0,0,0,0,0,0,0,0,0,32000,0,0,0,32000,0,32000,32000
067294,中磊兆豐03購01  ,0,0,0,0,0,0,0,0,0,32000,0,0,0,47000,15000,32000,32000
067447,台積電國票02購04,0,0,0,0,0,0,0,0,0,32000,0,0,0,32000,0,32000,32000
066594,聯詠群益01購01  ,0,0,0,0,0,0,0,0,0,32000,0,0,0,201000,169000,32000,32000
066745,瀚宇博元大01購01,0,0,0,0,0,0,0,0,0,32000,0,0,0,230000,198000,32000,32000
2390,云辰            ,1420000,1385000,35000,0,0,0,0,0,0,-3000,8000,11000,-3000,0,0,0,32000
08624P,力成群益9C售01  ,0,0,0,0,0,0,0,0,0,32000,0,0,0,32000,0,32000,32000
08575P,長榮航凱基9C售02,0,0,0,0,0,0,0,0,0,32000,0,0,0,32000,0,32000,32000
08851P,義隆群益01售03  ,0,0,0,0,0,0,0,0,0,32000,0,0,0,67000,35000,32000,32000
2030,彰源            ,33000,1000,32000,0,0,0,0,0,0,0,0,0,0,0,0,0,32000
1109,信大            ,35000,3000,32000,0,0,0,0,0,0,0,0,0,0,0,0,0,32000
068198,奇力新凱基02購02,0,0,0,0,0,0,0,0,0,31000,0,0,0,31000,0,31000,31000
068806,景碩群益03購01  ,0,0,0,0,0,0,0,0,0,31000,0,0,0,61000,30000,31000,31000
056214,義隆國票99購01  ,0,0,0,0,0,0,0,0,0,31000,0,0,0,35000,4000,31000,31000
03380P,欣興群益02售06  ,0,0,0,0,0,0,0,0,0,31000,0,0,0,192000,161000,31000,31000
056357,台積電元大9A購01,0,0,0,0,0,0,0,0,0,31000,0,0,0,31000,0,31000,31000
057948,嘉聯益國票99購02,0,0,0,0,0,0,0,0,0,31000,0,0,0,101000,70000,31000,31000
058149,百和元大99購02  ,0,0,0,0,0,0,0,0,0,31000,0,0,0,101000,70000,31000,31000
062645,國巨國泰9B購08  ,0,0,0,0,0,0,0,0,0,31000,0,0,0,92000,61000,31000,31000
062045,崇越凱基9B購01  ,0,0,0,0,0,0,0,0,0,31000,0,0,0,31000,0,31000,31000
064697,健策群益01購02  ,0,0,0,0,0,0,0,0,0,31000,0,0,0,106000,75000,31000,31000
065006,景碩國票01購01  ,0,0,0,0,0,0,0,0,0,31000,0,0,0,105000,74000,31000,31000
061277,智邦台新9A購01  ,0,0,0,0,0,0,0,0,0,31000,0,0,0,31000,0,31000,31000
063937,上銀元大9C購02  ,0,0,0,0,0,0,0,0,0,31000,0,0,0,118000,87000,31000,31000
064434,微星凱基02購01  ,0,0,0,0,0,0,0,0,0,31000,0,0,0,31000,0,31000,31000
066873,健策國泰02購01  ,0,0,0,0,0,0,0,0,0,31000,0,0,0,320000,289000,31000,31000
067742,大立光元大01購16,0,0,0,0,0,0,0,0,0,31000,0,0,0,79000,48000,31000,31000
065458,立積元富03購02  ,0,0,0,0,0,0,0,0,0,31000,0,0,0,34000,3000,31000,31000
065892,聯發科統一02購04,0,0,0,0,0,0,0,0,0,31000,0,0,0,32000,1000,31000,31000
066382,拓凱康和01購01  ,0,0,0,0,0,0,0,0,0,31000,0,0,0,51000,20000,31000,31000
2034,允強            ,45000,21000,24000,0,0,0,0,0,0,7000,7000,0,7000,0,0,0,31000
3356,奇偶            ,75000,44000,31000,0,0,0,0,0,0,0,0,0,0,0,0,0,31000
068896,聯詠元大02購02  ,0,0,0,0,0,0,0,0,0,30000,0,0,0,114000,84000,30000,30000
068915,聯詠群益03購01  ,0,0,0,0,0,0,0,0,0,30000,0,0,0,35000,5000,30000,30000
068246,台積電元大01購38,0,0,0,0,0,0,0,0,0,30000,0,0,0,50000,20000,30000,30000
067997,美律元大01購02  ,0,0,0,0,0,0,0,0,0,30000,0,0,0,30000,0,30000,30000
068005,玉晶光元大03購02,0,0,0,0,0,0,0,0,0,30000,0,0,0,30000,0,30000,30000
08514P,華新科凱基9C售05,0,0,0,0,0,0,0,0,0,30000,0,0,0,30000,0,30000,30000
08463P,台灣50國泰02售02,0,0,0,0,0,0,0,0,0,30000,0,0,0,30000,0,30000,30000
08085P,華通凱基9B售04  ,0,0,0,0,0,0,0,0,0,30000,0,0,0,30000,0,30000,30000
07875P,祥碩群益9B售01  ,0,0,0,0,0,0,0,0,0,30000,0,0,0,30000,0,30000,30000
07406P,大立光凱基99售18,0,0,0,0,0,0,0,0,0,30000,0,0,0,30000,0,30000,30000
069454,聯電麥證02購01  ,0,0,0,34000,6000,28000,0,0,0,30000,0,0,0,40000,10000,30000,30000
058678,南亞科日盛99購01,0,0,0,0,0,0,0,0,0,30000,0,0,0,30000,0,30000,30000
058485,智邦國票9A購01  ,0,0,0,0,0,0,0,0,0,30000,0,0,0,30000,0,30000,30000
058324,嘉聯益永豐9A購01,0,0,0,0,0,0,0,0,0,30000,0,0,0,32000,2000,30000,30000
061036,晶技永豐9A購03  ,0,0,0,0,0,0,0,0,0,30000,0,0,0,38000,8000,30000,30000
060984,南亞科元大9A購07,0,0,0,0,0,0,0,0,0,30000,0,0,0,30000,0,30000,30000
060297,和碩元大9A購02  ,0,0,0,0,0,0,0,0,0,30000,0,0,0,40000,10000,30000,30000
060239,國揚元大9C購01  ,0,0,0,0,0,0,0,0,0,30000,0,0,0,30000,0,30000,30000
058736,鈺齊永豐99購02  ,0,0,0,0,0,0,0,0,0,30000,0,0,0,30000,0,30000,30000
060116,世紀鋼元大99購07,0,0,0,0,0,0,0,0,0,30000,0,0,0,30000,0,30000,30000
057776,京元電群益98購02,0,0,0,0,0,0,0,0,0,30000,0,0,0,30000,0,30000,30000
058943,元石油群益9C購01,0,0,0,0,0,0,0,0,0,30000,0,0,0,30000,0,30000,30000
056670,樺漢國票99購01  ,0,0,0,0,0,0,0,0,0,30000,0,0,0,30000,0,30000,30000
056580,泰鼎元大9A購01  ,0,0,0,0,0,0,0,0,0,30000,0,0,0,30000,0,30000,30000
056136,京鼎元大98購01  ,0,0,0,0,0,0,0,0,0,30000,0,0,0,30000,0,30000,30000
055787,聯茂凱基99購01  ,0,0,0,0,0,0,0,0,0,30000,0,0,0,30000,0,30000,30000
055032,億光富邦99購01  ,0,0,0,0,0,0,0,0,0,30000,0,0,0,30000,0,30000,30000
059525,上銀凱基99購08  ,0,0,0,0,0,0,0,0,0,30000,0,0,0,40000,10000,30000,30000
059100,元油2X統一9C購02,0,0,0,0,0,0,0,0,0,30000,0,0,0,30000,0,30000,30000
03132P,玉晶光台新01售01,0,0,0,0,0,0,0,0,0,30000,0,0,0,30000,0,30000,30000
03145P,聯發科國票03售01,0,0,0,0,0,0,0,0,0,30000,0,0,0,67000,37000,30000,30000
056911,緯穎元大99購01  ,0,0,0,0,0,0,0,0,0,30000,0,0,0,100000,70000,30000,30000
057456,道瓊銀富邦9C購01,0,0,0,0,0,0,0,0,0,30000,0,0,0,30000,0,30000,30000
064052,創意統一01購02  ,0,0,0,0,0,0,0,0,0,30000,0,0,0,30000,0,30000,30000
063317,大立光群益9B購06,0,0,0,0,0,0,0,0,0,30000,0,0,0,40000,10000,30000,30000
063288,泰鼎元大9B購02  ,0,0,0,0,0,0,0,0,0,30000,0,0,0,34000,4000,30000,30000
065002,致茂國票01購01  ,0,0,0,0,0,0,0,0,0,30000,0,0,0,65000,35000,30000,30000
065118,國巨富邦01購02  ,0,0,0,0,0,0,0,0,0,30000,0,0,0,36000,6000,30000,30000
064831,宏達電統一02購01,0,0,0,0,0,0,0,0,0,30000,0,0,0,40000,10000,30000,30000
062560,奇鋐凱基9B購02  ,0,0,0,0,0,0,0,0,0,30000,0,0,0,30000,0,30000,30000
062445,大立光元大9C購02,0,0,0,0,0,0,0,0,0,30000,0,0,0,30000,0,30000,30000
062395,台表科富邦9C購01,0,0,0,0,0,0,0,0,0,30000,0,0,0,30000,0,30000,30000
061988,大立光元大9B購04,0,0,0,0,0,0,0,0,0,30000,0,0,0,50000,20000,30000,30000
064540,神達麥證01購01  ,0,0,0,30000,0,30000,0,0,0,30000,0,0,0,30000,0,30000,30000
066421,國產元大01購01  ,0,0,0,0,0,0,0,0,0,30000,0,0,0,30000,0,30000,30000
066103,神基國票02購01  ,0,0,0,0,0,0,0,0,0,30000,0,0,0,30000,0,30000,30000
066114,瑞昱兆豐02購01  ,0,0,0,0,0,0,0,0,0,30000,0,0,0,30000,0,30000,30000
065987,大毅永豐01購01  ,0,0,0,0,0,0,0,0,0,30000,0,0,0,30000,0,30000,30000
066068,台積電凱基02購06,0,0,0,0,0,0,0,0,0,30000,0,0,0,30000,0,30000,30000
065869,微星群益02購01  ,0,0,0,0,0,0,0,0,0,30000,0,0,0,30000,0,30000,30000
065777,正崴國泰03購01  ,0,0,0,0,0,0,0,0,0,30000,0,0,0,30000,0,30000,30000
065671,大立光凱基9C購07,0,0,0,0,0,0,0,0,0,30000,0,0,0,30000,0,30000,30000
065197,景碩元富06購01  ,0,0,0,0,0,0,0,0,0,30000,0,0,0,30000,0,30000,30000
067903,申豐群益01購01  ,0,0,0,0,0,0,0,0,0,30000,0,0,0,30000,0,30000,30000
067578,SP黃豆群益01購01,0,0,0,0,0,0,0,0,0,30000,0,0,0,55000,25000,30000,30000
066821,臺指反群益01購03,0,0,0,0,0,0,0,0,0,30000,0,0,0,30000,0,30000,30000
066577,巨大元大01購02  ,0,0,0,0,0,0,0,0,0,30000,0,0,0,202000,172000,30000,30000
066613,燿華麥證01購01  ,0,0,0,30000,0,30000,0,0,0,30000,0,0,0,30000,0,30000,30000
066656,滬深2X凱基03購02,0,0,0,0,0,0,0,0,0,30000,0,0,0,30000,0,30000,30000
067258,盛群國票01購01  ,0,0,0,0,0,0,0,0,0,30000,0,0,0,96000,66000,30000,30000
067029,台表科兆豐03購01,0,0,0,0,0,0,0,0,0,30000,0,0,0,130000,100000,30000,30000
4426,利勤            ,132000,102000,30000,0,0,0,0,0,0,0,0,0,0,0,0,0,30000
4763,材料-KY         ,22000,1000,21000,0,0,0,0,0,0,9000,9000,0,9000,0,0,0,30000
08593P,聯發科凱基9C售13,0,0,0,0,0,0,0,0,0,30000,0,0,0,30000,0,30000,30000
08659P,聯發科統一9C售20,0,0,0,0,0,0,0,0,0,30000,0,0,0,30000,0,30000,30000
069315,矽格凱基03購01  ,0,0,0,0,0,0,0,0,0,29000,0,0,0,29000,0,29000,29000
08108P,聯發科元富9B售03,0,0,0,0,0,0,0,0,0,29000,0,0,0,29000,0,29000,29000
08155P,聯發科元富9B售05,0,0,0,0,0,0,0,0,0,29000,0,0,0,40000,11000,29000,29000
068413,健策台新01購01  ,0,0,0,0,0,0,0,0,0,29000,0,0,0,39000,10000,29000,29000
068506,GIS元大01購07   ,0,0,0,0,0,0,0,0,0,29000,0,0,0,274000,245000,29000,29000
069040,日月光統一02購01,0,0,0,0,0,0,0,0,0,29000,0,0,0,39000,10000,29000,29000
060121,新光金富邦99購01,0,0,0,0,0,0,0,0,0,29000,0,0,0,29000,0,29000,29000
060123,光罩永豐99購02  ,0,0,0,0,0,0,0,0,0,29000,0,0,0,104000,75000,29000,29000
057991,健策統一9C購01  ,0,0,0,0,0,0,0,0,0,29000,0,0,0,29000,0,29000,29000
059912,國巨元大99購28  ,0,0,0,0,0,0,0,0,0,29000,0,0,0,75000,46000,29000,29000
062633,亞光國票9B購01  ,0,0,0,0,0,0,0,0,0,29000,0,0,0,60000,31000,29000,29000
063331,瑞儀國票9C購01  ,0,0,0,0,0,0,0,0,0,29000,0,0,0,41000,12000,29000,29000
063691,聯鈞永豐9B購01  ,0,0,0,0,0,0,0,0,0,29000,0,0,0,32000,3000,29000,29000
064468,健策元富9C購02  ,0,0,0,0,0,0,0,0,0,29000,0,0,0,79000,50000,29000,29000
061851,智邦國票9B購01  ,0,0,0,0,0,0,0,0,0,29000,0,0,0,29000,0,29000,29000
067010,訊芯永豐01購01  ,0,0,0,0,0,0,0,0,0,29000,0,0,0,44000,15000,29000,29000
067278,申豐統一02購03  ,0,0,0,0,0,0,0,0,0,29000,0,0,0,29000,0,29000,29000
067253,精元國票01購01  ,0,0,0,0,0,0,0,0,0,29000,0,0,0,49000,20000,29000,29000
067205,台積電元大01購22,0,0,0,0,0,0,0,0,0,29000,0,0,0,30000,1000,29000,29000
067451,嘉晶國票02購01  ,0,0,0,0,0,0,0,0,0,29000,0,0,0,164000,135000,29000,29000
067284,華新科國票02購01,0,0,0,0,0,0,0,0,0,29000,0,0,0,91000,62000,29000,29000
067739,微星元大01購07  ,0,0,0,0,0,0,0,0,0,29000,0,0,0,310000,281000,29000,29000
065726,京元電凱基9C購02,0,0,0,0,0,0,0,0,0,29000,0,0,0,141000,112000,29000,29000
065864,光寶科群益9C購01,0,0,0,0,0,0,0,0,0,29000,0,0,0,168000,139000,29000,29000
066078,南電凱基02購02  ,0,0,0,0,0,0,0,0,0,29000,0,0,0,43000,14000,29000,29000
2009,第一銅          ,29000,0,29000,0,0,0,0,0,0,0,0,0,0,0,0,0,29000
8463,潤泰材          ,145000,116000,29000,0,0,0,0,0,0,0,0,0,0,0,0,0,29000
069150,南電永豐02購01  ,0,0,0,0,0,0,0,0,0,28000,0,0,0,387000,359000,28000,28000
069236,玉晶光康和08購01,0,0,0,0,0,0,0,0,0,28000,0,0,0,169000,141000,28000,28000
069196,景碩台新02購01  ,0,0,0,0,0,0,0,0,0,28000,0,0,0,168000,140000,28000,28000
08471P,日月光凱基9C售02,0,0,0,0,0,0,0,0,0,28000,0,0,0,49000,21000,28000,28000
08522P,智邦元大9C售08  ,0,0,0,0,0,0,0,0,0,28000,0,0,0,28000,0,28000,28000
069447,大立光統一02購11,0,0,0,0,0,0,0,0,0,28000,0,0,0,28000,0,28000,28000
059622,上銀凱基99購10  ,0,0,0,0,0,0,0,0,0,28000,0,0,0,38000,10000,28000,28000
057525,光磊元大99購01  ,0,0,0,0,0,0,0,0,0,28000,0,0,0,28000,0,28000,28000
03320P,台達電凱基02售02,0,0,0,0,0,0,0,0,0,28000,0,0,0,107000,79000,28000,28000
060812,智邦凱基9A購01  ,0,0,0,0,0,0,0,0,0,28000,0,0,0,28000,0,28000,28000
053827,漢唐麥證9A購01  ,0,0,0,28000,0,28000,0,0,0,28000,0,0,0,28000,0,28000,28000
061468,神達群益9A購01  ,0,0,0,0,0,0,0,0,0,28000,0,0,0,28000,0,28000,28000
064665,南亞科元大9C購06,0,0,0,0,0,0,0,0,0,28000,0,0,0,49000,21000,28000,28000
062762,聯詠凱基9B購02  ,0,0,0,0,0,0,0,0,0,28000,0,0,0,43000,15000,28000,28000
061959,鴻海統一9B購04  ,0,0,0,0,0,0,0,0,0,28000,0,0,0,150000,122000,28000,28000
064946,台積電凱基01購07,0,0,0,0,0,0,0,0,0,28000,0,0,0,28000,0,28000,28000
063754,道瓊指統一9B購01,0,0,0,0,0,0,0,0,0,28000,0,0,0,28000,0,28000,28000
065341,華邦電統一01購02,0,0,0,0,0,0,0,0,0,28000,0,0,0,28000,0,28000,28000
067803,台積電凱基07購02,0,0,0,0,0,0,0,0,0,28000,0,0,0,28000,0,28000,28000
066993,世紀鋼群益01購03,0,0,0,0,0,0,0,0,0,28000,0,0,0,70000,42000,28000,28000
066653,矽格康和01購01  ,0,0,0,0,0,0,0,0,0,28000,0,0,0,28000,0,28000,28000
069434,景碩群益03購02  ,0,0,0,0,0,0,0,0,0,27000,0,0,0,53000,26000,27000,27000
069534,創意群益04購01  ,0,0,0,0,0,0,0,0,0,27000,0,0,0,27000,0,27000,27000
069271,聯電永豐02購03  ,0,0,0,0,0,0,0,0,0,27000,0,0,0,34000,7000,27000,27000
07948P,大成鋼凱基9B售01,0,0,0,0,0,0,0,0,0,27000,0,0,0,27000,0,27000,27000
07145P,為升元大99售03  ,0,0,0,0,0,0,0,0,0,27000,0,0,0,64000,37000,27000,27000
07807P,聯茂永豐9A售02  ,0,0,0,0,0,0,0,0,0,27000,0,0,0,232000,205000,27000,27000
069216,世紀鋼元大03購01,0,0,0,0,0,0,0,0,0,27000,0,0,0,493000,466000,27000,27000
068829,台積電國泰04購01,0,0,0,0,0,0,0,0,0,27000,0,0,0,66000,39000,27000,27000
068330,大立光元大01購19,0,0,0,0,0,0,0,0,0,27000,0,0,0,177000,150000,27000,27000
067978,緯穎群益01購06  ,0,0,0,0,0,0,0,0,0,27000,0,0,0,37000,10000,27000,27000
03394P,聯電國泰04售01  ,0,0,0,0,0,0,0,0,0,27000,0,0,0,37000,10000,27000,27000
057454,上銀國泰99購02  ,0,0,0,0,0,0,0,0,0,27000,0,0,0,27000,0,27000,27000
057021,台積電凱基9A購02,0,0,0,0,0,0,0,0,0,27000,0,0,0,34000,7000,27000,27000
057198,智伸科統一9B購01,0,0,0,0,0,0,0,0,0,27000,0,0,0,55000,28000,27000,27000
060238,強茂元大9C購01  ,0,0,0,0,0,0,0,0,0,27000,0,0,0,27000,0,27000,27000
062202,國巨國票9C購04  ,0,0,0,0,0,0,0,0,0,27000,0,0,0,27000,0,27000,27000
064991,友達兆豐9C購01  ,0,0,0,0,0,0,0,0,0,27000,0,0,0,27000,0,27000,27000
064047,義隆統一02購01  ,0,0,0,0,0,0,0,0,0,27000,0,0,0,32000,5000,27000,27000
066651,創意康和01購04  ,0,0,0,0,0,0,0,0,0,27000,0,0,0,27000,0,27000,27000
066936,新日興國票02購01,0,0,0,0,0,0,0,0,0,27000,0,0,0,27000,0,27000,27000
067216,健策元大01購09  ,0,0,0,0,0,0,0,0,0,27000,0,0,0,93000,66000,27000,27000
065205,金寶國票01購01  ,0,0,0,0,0,0,0,0,0,27000,0,0,0,57000,30000,27000,27000
066034,南六群益02購02  ,0,0,0,0,0,0,0,0,0,27000,0,0,0,43000,16000,27000,27000
066307,華城永豐01購01  ,0,0,0,0,0,0,0,0,0,27000,0,0,0,46000,19000,27000,27000
08964P,美律台新01售01  ,0,0,0,0,0,0,0,0,0,27000,0,0,0,30000,3000,27000,27000
067974,玉晶光群益02購24,0,0,0,0,0,0,0,0,0,26000,0,0,0,68000,42000,26000,26000
068710,正文國票03購01  ,0,0,0,0,0,0,0,0,0,26000,0,0,0,176000,150000,26000,26000
068747,台積電群益02購05,0,0,0,0,0,0,0,0,0,26000,0,0,0,32000,6000,26000,26000
08080P,祥碩國票9B售03  ,0,0,0,0,0,0,0,0,0,26000,0,0,0,26000,0,26000,26000
069345,台勝科群益04購01,0,0,0,0,0,0,0,0,0,26000,0,0,0,63000,37000,26000,26000
058229,為升元大99購02  ,0,0,0,0,0,0,0,0,0,26000,0,0,0,26000,0,26000,26000
061190,力山永豐9A購02  ,0,0,0,0,0,0,0,0,0,26000,0,0,0,78000,52000,26000,26000
064354,同欣電元大9C購05,0,0,0,0,0,0,0,0,0,26000,0,0,0,77000,51000,26000,26000
064351,中租元大9C購01  ,0,0,0,0,0,0,0,0,0,26000,0,0,0,26000,0,26000,26000
063285,華擎元大9B購03  ,0,0,0,0,0,0,0,0,0,26000,0,0,0,26000,0,26000,26000
063414,鴻海凱基03購01  ,0,0,0,0,0,0,0,0,0,26000,0,0,0,50000,24000,26000,26000
061479,泰碩元大9A購02  ,0,0,0,0,0,0,0,0,0,26000,0,0,0,26000,0,26000,26000
064988,志超元大9C購01  ,0,2000,-2000,0,0,0,0,0,0,28000,0,0,0,59000,31000,28000,26000
066142,超眾群益01購03  ,0,0,0,0,0,0,0,0,0,26000,0,0,0,366000,340000,26000,26000
065204,神隆國票01購01  ,0,0,0,0,0,0,0,0,0,26000,0,0,0,45000,19000,26000,26000
065490,國巨國泰02購02  ,0,0,0,0,0,0,0,0,0,26000,0,0,0,341000,315000,26000,26000
065512,友訊群益01購01  ,0,0,0,0,0,0,0,0,0,26000,0,0,0,67000,41000,26000,26000
065548,台達電凱基01購02,0,0,0,0,0,0,0,0,0,26000,0,0,0,76000,50000,26000,26000
067237,國揚群益01購02  ,0,0,0,0,0,0,0,0,0,26000,0,0,0,31000,5000,26000,26000
066816,泰鼎兆豐03購01  ,0,0,0,0,0,0,0,0,0,26000,0,0,0,26000,0,26000,26000
066917,美利達凱基01購02,0,0,0,0,0,0,0,0,0,26000,0,0,0,89000,63000,26000,26000
067424,美律凱基02購02  ,0,0,0,0,0,0,0,0,0,26000,0,0,0,26000,0,26000,26000
067374,大立光統一01購08,0,0,0,0,0,0,0,0,0,26000,0,0,0,26000,0,26000,26000
2524,京城            ,88000,67000,21000,0,0,0,0,0,0,5000,5000,0,5000,0,0,0,26000
2913,農林            ,169000,143000,26000,0,0,0,0,0,0,0,0,0,0,0,0,0,26000
2704,國賓            ,67000,42000,25000,0,0,0,0,0,0,1000,1000,0,1000,0,0,0,26000
07655P,台灣50凱基01售09,0,0,0,0,0,0,0,0,0,25000,0,0,0,25000,0,25000,25000
07080P,健策群益9A售01  ,0,0,0,0,0,0,0,0,0,25000,0,0,0,25000,0,25000,25000
068649,道瓊銀元大02購01,0,0,0,0,0,0,0,0,0,25000,0,0,0,25000,0,25000,25000
068935,晶技永豐02購01  ,0,0,0,0,0,0,0,0,0,25000,0,0,0,25000,0,25000,25000
068373,華通永豐01購02  ,0,0,0,0,0,0,0,0,0,25000,0,0,0,26000,1000,25000,25000
068474,義隆群益01購05  ,0,0,0,0,0,0,0,0,0,25000,0,0,0,125000,100000,25000,25000
059128,友達中信99購02  ,0,0,0,0,0,0,0,0,0,25000,0,0,0,25000,0,25000,25000
059208,SGBR2X元大99購02,0,0,0,0,0,0,0,0,0,25000,0,0,0,25000,0,25000,25000
03118P,台積電國票01售07,0,0,0,0,0,0,0,0,0,25000,0,0,0,79000,54000,25000,25000
058267,奇鋐永豐99購01  ,0,0,0,0,0,0,0,0,0,25000,0,0,0,25000,0,25000,25000
061094,彩晶統一9B購02  ,0,0,0,0,0,0,0,0,0,25000,0,0,0,25000,0,25000,25000
058124,玉晶光國票9A購01,0,0,0,0,0,0,0,0,0,25000,0,0,0,25000,0,25000,25000
058701,鴻海元大99購16  ,0,0,0,0,0,0,0,0,0,25000,0,0,0,25000,0,25000,25000
061732,智邦中信9B購01  ,0,0,0,0,0,0,0,0,0,25000,0,0,0,150000,125000,25000,25000
064230,上銀統一01購04  ,0,0,0,0,0,0,0,0,0,25000,0,0,0,358000,333000,25000,25000
065052,南六凱基02購02  ,0,0,0,0,0,0,0,0,0,25000,0,0,0,40000,15000,25000,25000
064686,鴻海群益01購03  ,0,0,0,0,0,0,0,0,0,25000,0,0,0,35000,10000,25000,25000
062167,燿華永豐9B購01  ,0,0,0,0,0,0,0,0,0,25000,0,0,0,25000,0,25000,25000
063132,台表科元大9C購02,0,0,0,0,0,0,0,0,0,25000,0,0,0,35000,10000,25000,25000
062060,奇鋐統一9C購01  ,0,0,0,0,0,0,0,0,0,25000,0,0,0,25000,0,25000,25000
061640,智原元大9A購01  ,0,0,0,0,0,0,0,0,0,25000,0,0,0,25000,0,25000,25000
062659,台灣50群益9B購10,0,0,0,0,0,0,0,0,0,25000,0,0,0,25000,0,25000,25000
06242P,大立光元富9A售02,0,0,0,0,0,0,0,0,0,25000,0,0,0,25000,0,25000,25000
062498,華通群益9C購04  ,0,0,0,0,0,0,0,0,0,25000,0,0,0,25000,0,25000,25000
062345,和大群益9B購01  ,0,0,0,0,0,0,0,0,0,25000,0,0,0,62000,37000,25000,25000
061478,奇鋐元大9A購01  ,0,0,0,0,0,0,0,0,0,25000,0,0,0,25000,0,25000,25000
061270,彩晶凱基9A購02  ,0,0,0,0,0,0,0,0,0,25000,0,0,0,25000,0,25000,25000
061855,台郡國票9B購01  ,0,0,0,0,0,0,0,0,0,25000,0,0,0,50000,25000,25000,25000
062923,緯穎元大9B購06  ,0,0,0,0,0,0,0,0,0,25000,0,0,0,143000,118000,25000,25000
063467,大立光元大9C購06,0,0,0,0,0,0,0,0,0,25000,0,0,0,50000,25000,25000,25000
063281,京元電元大9B購01,0,0,0,0,0,0,0,0,0,25000,0,0,0,27000,2000,25000,25000
063181,聚陽凱基9B購01  ,0,0,0,0,0,0,0,0,0,25000,0,0,0,27000,2000,25000,25000
067492,健策元大01購11  ,0,0,0,0,0,0,0,0,0,25000,0,0,0,25000,0,25000,25000
067919,玉晶光永豐01購03,0,0,0,0,0,0,0,0,0,25000,0,0,0,65000,40000,25000,25000
067698,潤泰全國票02購01,0,0,0,0,0,0,0,0,0,25000,0,0,0,25000,0,25000,25000
066899,義隆康和01購01  ,0,0,0,0,0,0,0,0,0,25000,0,0,0,70000,45000,25000,25000
066630,東森凱基01購01  ,0,0,0,0,0,0,0,0,0,25000,0,0,0,65000,40000,25000,25000
065700,京元電群益9C購01,0,0,0,0,0,0,0,0,0,25000,0,0,0,78000,53000,25000,25000
065648,華擎元大01購02  ,0,0,0,0,0,0,0,0,0,25000,0,0,0,25000,0,25000,25000
065395,致茂群益01購01  ,0,0,0,0,0,0,0,0,0,25000,0,0,0,40000,15000,25000,25000
065250,同欣電麥證9C購01,0,0,0,25000,0,25000,0,0,0,25000,0,0,0,25000,0,25000,25000
065306,泰鼎元富9C購02  ,0,0,0,0,0,0,0,0,0,25000,0,0,0,25000,0,25000,25000
066062,同欣電元大01購02,0,0,0,0,0,0,0,0,0,25000,0,0,0,25000,0,25000,25000
066328,國揚永豐01購01  ,0,0,0,0,0,0,0,0,0,25000,0,0,0,25000,0,25000,25000
066510,堤維西永豐01購01,0,0,0,0,0,0,0,0,0,25000,0,0,0,55000,30000,25000,25000
3416,融程電          ,24000,0,24000,0,0,0,0,0,0,1000,1000,0,1000,0,0,0,25000
3530,晶相光          ,208000,160000,48000,0,0,0,0,0,0,-23000,1000,0,1000,0,24000,-24000,25000
068577,台積電國泰03購08,0,0,0,0,0,0,0,0,0,24000,0,0,0,53000,29000,24000,24000
068377,京元電永豐01購03,0,0,0,0,0,0,0,0,0,24000,0,0,0,54000,30000,24000,24000
068387,國巨統一03購02  ,0,0,0,0,0,0,0,0,0,24000,0,0,0,77000,53000,24000,24000
068089,T50反1群益01購08,0,0,0,0,0,0,0,0,0,24000,0,0,0,490000,466000,24000,24000
068082,南六凱基03購01  ,0,0,0,0,0,0,0,0,0,24000,0,0,0,41000,17000,24000,24000
069204,瑞昱元大02購04  ,0,0,0,0,0,0,0,0,0,24000,0,0,0,177000,153000,24000,24000
08462P,臻鼎國票9C售02  ,0,0,0,0,0,0,0,0,0,24000,0,0,0,143000,119000,24000,24000
063587,漢唐永豐9B購02  ,0,0,0,0,0,0,0,0,0,24000,0,0,0,24000,0,24000,24000
058527,世紀鋼元大99購01,0,0,0,0,0,0,0,0,0,24000,0,0,0,140000,116000,24000,24000
058733,同欣電永豐99購02,0,0,0,0,0,0,0,0,0,24000,0,0,0,105000,81000,24000,24000
058984,全新凱基9A購03  ,0,0,0,0,0,0,0,0,0,24000,0,0,0,24000,0,24000,24000
060979,國巨元大9A購14  ,0,0,0,0,0,0,0,0,0,24000,0,0,0,24000,0,24000,24000
03305P,台達電台新02售01,0,0,0,0,0,0,0,0,0,24000,0,0,0,60000,36000,24000,24000
00640L,富邦日本正2     ,0,10000,-10000,0,0,0,0,0,0,34000,0,0,0,324000,290000,34000,24000
059452,全新永豐99購03  ,0,0,0,0,0,0,0,0,0,24000,0,0,0,25000,1000,24000,24000
047885,元金2X富邦99購01,0,0,0,0,0,0,0,0,0,24000,0,0,0,24000,0,24000,24000
063522,技嘉凱基9B購03  ,0,0,0,0,0,0,0,0,0,24000,0,0,0,92000,68000,24000,24000
063500,嘉晶永豐9B購02  ,0,0,0,0,0,0,0,0,0,24000,0,0,0,44000,20000,24000,24000
061876,明泰元大9B購01  ,0,0,0,0,0,0,0,0,0,24000,0,0,0,24000,0,24000,24000
061848,國巨國票9B購07  ,0,0,0,0,0,0,0,0,0,24000,0,0,0,24000,0,24000,24000
061363,儒鴻國票9B購01  ,0,0,0,0,0,0,0,0,0,24000,0,0,0,24000,0,24000,24000
064545,智邦凱基9C購02  ,0,0,0,0,0,0,0,0,0,24000,0,0,0,30000,6000,24000,24000
065104,南茂元大9C購02  ,0,0,0,0,0,0,0,0,0,24000,0,0,0,24000,0,24000,24000
066029,神達群益02購01  ,0,0,0,0,0,0,0,0,0,24000,0,0,0,29000,5000,24000,24000
065208,義隆國票01購01  ,0,0,0,0,0,0,0,0,0,24000,0,0,0,24000,0,24000,24000
065753,正崴元大9C購02  ,0,0,0,0,0,0,0,0,0,24000,0,0,0,118000,94000,24000,24000
066709,聚碩群益01購01  ,0,0,0,0,0,0,0,0,0,24000,0,0,0,24000,0,24000,24000
08844P,滬深2X元大03售03,0,0,0,0,0,0,0,0,0,24000,0,0,0,54000,30000,24000,24000
6412,群電            ,456000,210387,245613,0,0,0,0,217000,-217000,-5000,0,0,0,0,5000,-5000,23613
07836P,大成鋼元大9A售01,0,0,0,0,0,0,0,0,0,23000,0,0,0,23000,0,23000,23000
07871P,台積電群益9C售02,0,0,0,0,0,0,0,0,0,23000,0,0,0,23000,0,23000,23000
068920,台積電元富08購10,0,0,0,0,0,0,0,0,0,23000,0,0,0,44000,21000,23000,23000
057796,鴻海兆豐99購03  ,0,0,0,0,0,0,0,0,0,23000,0,0,0,40000,17000,23000,23000
059755,宏達電國泰9A購01,0,0,0,0,0,0,0,0,0,23000,0,0,0,49000,26000,23000,23000
063568,高鐵元大9B購01  ,0,0,0,0,0,0,0,0,0,23000,0,0,0,23000,0,23000,23000
062708,立積元大9B購01  ,0,0,0,0,0,0,0,0,0,23000,0,0,0,40000,17000,23000,23000
064775,和大群益01購01  ,0,0,0,0,0,0,0,0,0,23000,0,0,0,23000,0,23000,23000
061710,國巨凱基9A購18  ,0,0,0,0,0,0,0,0,0,23000,0,0,0,66000,43000,23000,23000
062258,奇力新元大9B購03,0,0,0,0,0,0,0,0,0,23000,0,0,0,28000,5000,23000,23000
061297,台積電富邦9C購09,0,0,0,0,0,0,0,0,0,23000,0,0,0,23000,0,23000,23000
061352,茂林元大9A購04  ,0,0,0,0,0,0,0,0,0,23000,0,0,0,23000,0,23000,23000
063920,大立光元富03購02,0,0,0,0,0,0,0,0,0,23000,0,0,0,167000,144000,23000,23000
064646,群創凱基02購01  ,0,0,0,0,0,0,0,0,0,23000,0,0,0,61000,38000,23000,23000
067516,美利達統一03購04,0,0,0,0,0,0,0,0,0,23000,0,0,0,36000,13000,23000,23000
065267,聯鈞元大9C購02  ,0,0,0,0,0,0,0,0,0,23000,0,0,0,29000,6000,23000,23000
2642,宅配通          ,43000,20000,23000,0,0,0,0,0,0,0,0,0,0,0,0,0,23000
2465,麗臺            ,44000,21000,23000,0,0,0,0,0,0,0,0,0,0,0,0,0,23000
08931P,晶技元富07售02  ,0,0,0,0,0,0,0,0,0,23000,0,0,0,23000,0,23000,23000
2020,美亞            ,59000,36000,23000,0,0,0,0,0,0,0,0,0,0,0,0,0,23000
1618,合機            ,118000,95000,23000,0,0,0,0,0,0,0,0,0,0,0,0,0,23000
6409,旭隼            ,125000,104014,20986,0,0,0,0,0,0,2000,2000,0,2000,0,0,0,22986
2727,王品            ,70000,47682,22318,0,0,0,0,0,0,0,0,0,0,0,0,0,22318
068701,道瓊銀國票02購01,0,0,0,0,0,0,0,0,0,22000,0,0,0,131000,109000,22000,22000
069069,大立光麥證02購01,0,0,0,46000,24000,22000,0,0,0,22000,0,0,0,46000,24000,22000,22000
068263,台灣50永豐01購01,0,0,0,0,0,0,0,0,0,22000,0,0,0,22000,0,22000,22000
068130,美律統一03購02  ,0,0,0,0,0,0,0,0,0,22000,0,0,0,177000,155000,22000,22000
068389,美律統一03購03  ,0,0,0,0,0,0,0,0,0,22000,0,0,0,22000,0,22000,22000
068488,台積電元大01購47,0,1000,-1000,0,0,0,0,0,0,23000,0,0,0,46000,23000,23000,22000
069610,緯穎國票03購02  ,0,0,0,0,0,0,0,0,0,22000,0,0,0,22000,0,22000,22000
062695,華通元大9C購01  ,0,0,0,0,0,0,0,0,0,22000,0,0,0,36000,14000,22000,22000
063553,同欣電國票9B購03,0,0,0,0,0,0,0,0,0,22000,0,0,0,30000,8000,22000,22000
064196,健策群益01購01  ,0,0,0,0,0,0,0,0,0,22000,0,0,0,24000,2000,22000,22000
058195,鈺齊永豐99購01  ,0,0,0,0,0,0,0,0,0,22000,0,0,0,22000,0,22000,22000
060251,易華電元大9C購01,0,0,0,0,0,0,0,0,0,22000,0,0,0,23000,1000,22000,22000
059360,全新永豐99購02  ,0,0,0,0,0,0,0,0,0,22000,0,0,0,23000,1000,22000,22000
060835,亞德客國票9A購01,0,0,0,0,0,0,0,0,0,22000,0,0,0,22000,0,22000,22000
059246,奇力新凱基9A購02,0,0,0,0,0,0,0,0,0,22000,0,0,0,22000,0,22000,22000
03463P,宏碁元富08售02  ,0,0,0,0,0,0,0,0,0,22000,0,0,0,110000,88000,22000,22000
03465P,欣興元富02售04  ,0,0,0,0,0,0,0,0,0,22000,0,0,0,40000,18000,22000,22000
00709,富邦歐洲        ,0,0,0,0,0,0,0,0,0,22000,0,0,0,122000,100000,22000,22000
064655,聚陽元大9C購02  ,0,0,0,0,0,0,0,0,0,22000,0,0,0,34000,12000,22000,22000
064183,聯茂富邦01購01  ,0,0,0,0,0,0,0,0,0,22000,0,0,0,32000,10000,22000,22000
061436,上銀凱基9A購07  ,0,0,0,0,0,0,0,0,0,22000,0,0,0,32000,10000,22000,22000
061666,友達中信01購01  ,0,0,0,0,0,0,0,0,0,22000,0,0,0,22000,0,22000,22000
062350,台表科群益9B購01,0,0,0,0,0,0,0,0,0,22000,0,0,0,22000,0,22000,22000
064592,同欣電永豐9C購01,0,0,0,0,0,0,0,0,0,22000,0,0,0,24000,2000,22000,22000
063780,高鐵永豐9B購02  ,0,0,0,0,0,0,0,0,0,22000,0,0,0,22000,0,22000,22000
063784,華通中信06購01  ,0,0,0,0,0,0,0,0,0,22000,0,0,0,55000,33000,22000,22000
066043,美律元大01購01  ,0,0,0,0,0,0,0,0,0,22000,0,0,0,23000,1000,22000,22000
065928,創意國票02購01  ,0,0,0,0,0,0,0,0,0,22000,0,0,0,24000,2000,22000,22000
066180,正文凱基01購01  ,0,0,0,0,0,0,0,0,0,22000,0,0,0,162000,140000,22000,22000
066521,A50反1中信03購01,0,0,0,0,0,0,0,0,0,22000,0,0,0,23000,1000,22000,22000
066484,瑞昱元富07購01  ,0,0,0,0,0,0,0,0,0,22000,0,0,0,22000,0,22000,22000
067553,上証2X國票02購03,0,0,0,0,0,0,0,0,0,22000,0,0,0,22000,0,22000,22000
067932,技嘉凱基01購01  ,0,0,0,0,0,0,0,0,0,22000,0,0,0,550000,528000,22000,22000
2348,海悅            ,80000,87000,-7000,0,0,0,0,0,0,29000,30000,1000,29000,0,0,0,22000
3622,洋華            ,86000,65000,21000,0,0,0,0,0,0,1000,1000,0,1000,0,0,0,22000
08648P,健策凱基9C售05  ,0,0,0,0,0,0,0,0,0,22000,0,0,0,25000,3000,22000,22000
069491,欣興元大02購11  ,0,0,0,0,0,0,0,0,0,21000,0,0,0,194000,173000,21000,21000
068517,大立光統一01購09,0,0,0,0,0,0,0,0,0,21000,0,0,0,21000,0,21000,21000
068423,GIS康和01購01   ,0,0,0,0,0,0,0,0,0,21000,0,0,0,100000,79000,21000,21000
068337,同欣電元大01購05,0,0,0,0,0,0,0,0,0,21000,0,0,0,56000,35000,21000,21000
03241P,聯電統一02售03  ,0,0,0,0,0,0,0,0,0,21000,0,0,0,21000,0,21000,21000
03133P,聯電中信01售02  ,0,0,0,0,0,0,0,0,0,21000,0,0,0,21000,0,21000,21000
056667,上銀國票99購01  ,0,0,0,0,0,0,0,0,0,21000,0,0,0,38000,17000,21000,21000
058139,臻鼎元大99購01  ,0,0,0,0,0,0,0,0,0,21000,0,0,0,21000,0,21000,21000
058053,上銀統一9B購01  ,0,0,0,0,0,0,0,0,0,21000,0,0,0,1223000,1202000,21000,21000
063742,道瓊指國票9C購01,0,0,0,0,0,0,0,0,0,21000,0,0,0,21000,0,21000,21000
062086,瑞祺元大9B購01  ,0,0,0,0,0,0,0,0,0,21000,0,0,0,219000,198000,21000,21000
062203,燿華國票9C購01  ,0,0,0,0,0,0,0,0,0,21000,0,0,0,32000,11000,21000,21000
061374,力山永豐9A購04  ,0,0,0,0,0,0,0,0,0,21000,0,0,0,152000,131000,21000,21000
061389,華新科群益9B購01,0,0,0,0,0,0,0,0,0,21000,0,0,0,80000,59000,21000,21000
061853,晶技國票9B購02  ,0,0,0,0,0,0,0,0,0,21000,0,0,0,26000,5000,21000,21000
063489,新日興國泰01購01,0,0,0,0,0,0,0,0,0,21000,0,0,0,21000,0,21000,21000
064660,華通元大9C購05  ,0,0,0,0,0,0,0,0,0,21000,0,0,0,21000,0,21000,21000
067644,康舒統一01購01  ,0,0,0,0,0,0,0,0,0,21000,0,0,0,102000,81000,21000,21000
066799,台光電凱基01購02,0,0,0,0,0,0,0,0,0,21000,0,0,0,21000,0,21000,21000
065285,宏碁群益01購01  ,0,0,0,0,0,0,0,0,0,21000,0,0,0,27000,6000,21000,21000
065151,國巨群益9C購13  ,0,0,0,0,0,0,0,0,0,21000,0,0,0,42000,21000,21000,21000
4722,國精化          ,35000,7000,28000,0,0,0,0,0,0,-7000,0,7000,-7000,0,0,0,21000
4545,銘鈺            ,24000,4000,20000,0,0,0,0,0,0,1000,1000,0,1000,0,0,0,21000
2849,安泰銀          ,23000,2000,21000,0,0,0,0,0,0,0,0,0,0,0,0,0,21000
9925,新保            ,35000,14000,21000,0,0,0,0,0,0,0,0,0,0,0,0,0,21000
068361,惠特凱基03購01  ,0,0,0,0,0,0,0,0,0,20000,0,0,0,20000,0,20000,20000
068173,友達中信01購05  ,0,0,0,0,0,0,0,0,0,20000,0,0,0,120000,100000,20000,20000
068196,南亞科凱基01購04,0,0,0,0,0,0,0,0,0,20000,0,0,0,20000,0,20000,20000
068081,GIS凱基01購03   ,0,0,0,0,0,0,0,0,0,20000,0,0,0,44000,24000,20000,20000
067983,SP黃豆元大01購03,0,0,0,0,0,0,0,0,0,20000,0,0,0,20000,0,20000,20000
068031,致茂元富07購01  ,0,0,0,0,0,0,0,0,0,20000,0,0,0,20000,0,20000,20000
069041,巨大統一02購03  ,0,0,0,0,0,0,0,0,0,20000,0,0,0,956000,936000,20000,20000
069210,玉晶光元大03購07,0,0,0,0,0,0,0,0,0,20000,0,0,0,20000,0,20000,20000
069250,奇力新凱基03購01,0,0,0,0,0,0,0,0,0,20000,0,0,0,30000,10000,20000,20000
069113,鴻海群益03購01  ,0,0,0,0,0,0,0,0,0,20000,0,0,0,20000,0,20000,20000
068698,聯鈞凱基02購01  ,0,0,0,0,0,0,0,0,0,20000,0,0,0,133000,113000,20000,20000
068627,同欣電群益02購01,0,0,0,0,0,0,0,0,0,20000,0,0,0,20000,0,20000,20000
068923,鴻海國泰08購01  ,0,0,0,0,0,0,0,0,0,20000,0,0,0,20000,0,20000,20000
069468,玉晶光國票02購08,0,0,0,0,0,0,0,0,0,20000,0,0,0,20000,0,20000,20000
069455,聯電麥證02購02  ,0,0,0,29000,0,29000,0,0,0,20000,0,0,0,29000,9000,20000,20000
069458,日月光麥證02購01,0,0,0,20000,0,20000,0,0,0,20000,0,0,0,20000,0,20000,20000
06985P,華新科富邦9C售02,0,0,0,0,0,0,0,0,0,20000,0,0,0,20000,0,20000,20000
069850,聯華永豐02購02  ,0,0,0,0,0,0,0,0,0,20000,0,0,0,20000,0,20000,20000
08131P,立積元大9B售02  ,0,0,0,0,0,0,0,0,0,20000,0,0,0,20000,0,20000,20000
07532P,台灣50中信01售02,0,0,0,0,0,0,0,0,0,20000,0,0,0,100000,80000,20000,20000
08510P,大立光富邦03售04,0,0,0,0,0,0,0,0,0,20000,0,0,0,20000,0,20000,20000
08512P,玉晶光永豐9C售06,0,0,0,0,0,0,0,0,0,20000,0,0,0,490000,470000,20000,20000
08183P,聯發科永豐9B售04,0,0,0,0,0,0,0,0,0,20000,0,0,0,20000,0,20000,20000
08195P,臺指反元大03售01,0,0,0,0,0,0,0,0,0,20000,0,0,0,20000,0,20000,20000
08328P,國巨國票9C售07  ,0,0,0,0,0,0,0,0,0,20000,0,0,0,20000,0,20000,20000
059788,華新科元大9A購05,0,0,0,0,0,0,0,0,0,20000,0,0,0,25000,5000,20000,20000
061043,百和永豐9A購01  ,0,0,0,0,0,0,0,0,0,20000,0,0,0,34000,14000,20000,20000
058546,玉晶光富邦9B購01,0,0,0,0,0,0,0,0,0,20000,0,0,0,45000,25000,20000,20000
058366,元大金凱基99購01,0,0,0,0,0,0,0,0,0,20000,0,0,0,20000,0,20000,20000
058314,欣興富邦9B購01  ,0,0,0,0,0,0,0,0,0,20000,0,0,0,20000,0,20000,20000
058385,創意中信99購01  ,0,0,0,0,0,0,0,0,0,20000,0,0,0,20000,0,20000,20000
058719,智邦元富99購01  ,0,0,0,0,0,0,0,0,0,20000,0,0,0,20000,0,20000,20000
060232,友訊元大9C購01  ,0,0,0,0,0,0,0,0,0,20000,0,0,0,20000,0,20000,20000
060022,勤誠康和99購01  ,0,0,0,0,0,0,0,0,0,20000,0,0,0,39000,19000,20000,20000
059997,華航元富99購01  ,0,0,0,0,0,0,0,0,0,20000,0,0,0,20000,0,20000,20000
060007,鴻海群益99購04  ,0,0,0,0,0,0,0,0,0,20000,0,0,0,20000,0,20000,20000
059706,嘉晶凱基99購01  ,0,0,0,0,0,0,0,0,0,20000,0,0,0,30000,10000,20000,20000
059762,禾伸堂永豐99購02,0,0,0,0,0,0,0,0,0,20000,0,0,0,20000,0,20000,20000
060370,滬深2X元富04購01,0,0,0,0,0,0,0,0,0,20000,0,0,0,20000,0,20000,20000
060343,台積電統一9C購02,0,0,0,0,0,0,0,0,0,20000,0,0,0,30000,10000,20000,20000
060404,台勝科國泰9B購01,0,0,0,0,0,0,0,0,0,20000,0,0,0,20000,0,20000,20000
060426,盛群永豐9A購01  ,0,0,0,0,0,0,0,0,0,20000,0,0,0,20000,0,20000,20000
057807,友訊元大98購02  ,0,0,0,0,0,0,0,0,0,20000,0,0,0,20000,0,20000,20000
057872,旺宏元大99購06  ,0,0,0,0,0,0,0,0,0,20000,0,0,0,20000,0,20000,20000
061023,茂林國泰9B購02  ,0,0,0,0,0,0,0,0,0,20000,0,0,0,48000,28000,20000,20000
05793P,臺股指中信99售08,0,0,0,0,0,0,0,0,0,20000,0,0,0,30000,10000,20000,20000
060960,金像電凱基9B購01,0,0,0,0,0,0,0,0,0,20000,0,0,0,20000,0,20000,20000
060657,旺宏統一9B購05  ,0,0,0,0,0,0,0,0,0,20000,0,0,0,20000,0,20000,20000
055007,晶相光元富9A購02,0,0,0,0,0,0,0,0,0,20000,0,0,0,20000,0,20000,20000
03501P,奇鋐國票03售02  ,0,0,0,0,0,0,0,0,0,20000,0,0,0,20000,0,20000,20000
054634,FB上証中信99購01,0,0,0,0,0,0,0,0,0,20000,0,0,0,20000,0,20000,20000
053314,A50正2群益9A購01,0,0,0,0,0,0,0,0,0,20000,0,0,0,20000,0,20000,20000
052801,友達元大9A購01  ,0,0,0,0,0,0,0,0,0,20000,0,0,0,20000,0,20000,20000
059265,美律中信01購01  ,0,0,0,0,0,0,0,0,0,20000,0,0,0,20000,0,20000,20000
059095,訊芯元大99購01  ,0,0,0,0,0,0,0,0,0,20000,0,0,0,20000,0,20000,20000
03474P,聯電元大02售16  ,0,0,0,0,0,0,0,0,0,20000,0,0,0,20000,0,20000,20000
059460,GIS永豐99購02   ,0,0,0,0,0,0,0,0,0,20000,0,0,0,20000,0,20000,20000
056747,致新凱基99購01  ,0,0,0,0,0,0,0,0,0,20000,0,0,0,20000,0,20000,20000
057177,奇力新元大99購04,0,0,0,0,0,0,0,0,0,20000,0,0,0,20000,0,20000,20000
057546,台積電凱基02購01,0,0,0,0,0,0,0,0,0,20000,0,0,0,20000,0,20000,20000
064671,聯茂元大9C購02  ,0,0,0,0,0,0,0,0,0,20000,0,0,0,20000,0,20000,20000
062805,台勝科統一9C購01,0,0,0,0,0,0,0,0,0,20000,0,0,0,20000,0,20000,20000
062775,大成鋼元大9B購02,0,0,0,0,0,0,0,0,0,20000,0,0,0,69000,49000,20000,20000
062835,瑞儀群益9B購01  ,0,0,0,0,0,0,0,0,0,20000,0,0,0,20000,0,20000,20000
064366,群創統一01購01  ,0,0,0,0,0,0,0,0,0,20000,0,0,0,52000,32000,20000,20000
064071,台郡永豐9C購01  ,0,0,0,0,0,0,0,0,0,20000,0,0,0,24000,4000,20000,20000
063464,廣達元大9B購02  ,0,0,0,0,0,0,0,0,0,20000,0,0,0,35000,15000,20000,20000
063454,瑞儀統一9B購01  ,0,0,0,0,0,0,0,0,0,20000,0,0,0,30000,10000,20000,20000
064475,台積電國泰02購03,0,0,0,0,0,0,0,0,0,20000,0,0,0,20000,0,20000,20000
064447,喬山統一02購01  ,0,0,0,0,0,0,0,0,0,20000,0,0,0,80000,60000,20000,20000
064415,群創麥證9C購01  ,0,0,0,38000,0,38000,0,0,0,20000,0,0,0,38000,18000,20000,20000
061265,富邦金凱基9B購01,0,0,0,0,0,0,0,0,0,20000,0,0,0,146000,126000,20000,20000
063840,鴻海元大01購01  ,0,0,0,0,0,0,0,0,0,20000,0,0,0,20000,0,20000,20000
063726,鴻海元大9B購04  ,0,0,0,0,0,0,0,0,0,20000,0,0,0,20000,0,20000,20000
063727,鴻海元大9C購05  ,0,0,0,0,0,0,0,0,0,20000,0,0,0,40000,20000,20000,20000
063131,聯茂元大9B購03  ,0,0,0,0,0,0,0,0,0,20000,0,0,0,20000,0,20000,20000
062126,創意統一9B購01  ,0,0,0,0,0,0,0,0,0,20000,0,0,0,20000,0,20000,20000
063113,聯茂兆豐9B購01  ,0,0,0,0,0,0,0,0,0,20000,0,0,0,20000,0,20000,20000
063785,華通中信06購02  ,0,0,0,0,0,0,0,0,0,20000,0,0,0,20000,0,20000,20000
062041,華擎凱基9C購01  ,0,0,0,0,0,0,0,0,0,20000,0,0,0,40000,20000,20000,20000
065049,世芯凱基02購01  ,0,0,0,0,0,0,0,0,0,20000,0,0,0,88000,68000,20000,20000
061630,FBVIX元大9A購02 ,0,0,0,0,0,0,0,0,0,20000,0,0,0,20000,0,20000,20000
062989,鴻海群益9B購07  ,0,0,0,0,0,0,0,0,0,20000,0,0,0,20000,0,20000,20000
065304,台勝科元富03購01,0,0,0,0,0,0,0,0,0,20000,0,0,0,50000,30000,20000,20000
065396,微星群益01購01  ,0,0,0,0,0,0,0,0,0,20000,0,0,0,20000,0,20000,20000
065518,聯鈞群益9C購02  ,0,0,0,0,0,0,0,0,0,20000,0,0,0,21000,1000,20000,20000
065674,華擎凱基9C購03  ,0,0,0,0,0,0,0,0,0,20000,0,0,0,65000,45000,20000,20000
065565,神隆群益01購01  ,0,0,0,0,0,0,0,0,0,20000,0,0,0,20000,0,20000,20000
065623,瑞昱中信04購01  ,0,0,0,0,0,0,0,0,0,20000,0,0,0,60000,40000,20000,20000
066454,金像電統一01購03,0,0,0,0,0,0,0,0,0,20000,0,0,0,20000,0,20000,20000
06613P,華新科富邦9A售03,0,0,0,0,0,0,0,0,0,20000,0,0,0,30000,10000,20000,20000
066053,創意元大01購01  ,0,0,0,0,0,0,0,0,0,20000,0,0,0,20000,0,20000,20000
066896,緯穎兆豐03購01  ,0,0,0,0,0,0,0,0,0,20000,0,0,0,20000,0,20000,20000
066880,上証2X永豐01購01,0,0,0,0,0,0,0,0,0,20000,0,0,0,20000,0,20000,20000
066702,開發金群益03購01,0,0,0,0,0,0,0,0,0,20000,0,0,0,120000,100000,20000,20000
066952,亞光元大01購03  ,0,0,0,0,0,0,0,0,0,20000,0,0,0,100000,80000,20000,20000
067007,拓凱永豐01購02  ,0,0,0,0,0,0,0,0,0,20000,0,0,0,21000,1000,20000,20000
067098,台積電群益01購10,0,0,0,0,0,0,0,0,0,20000,0,0,0,20000,0,20000,20000
067740,精元元大01購02  ,0,0,0,0,0,0,0,0,0,20000,0,0,0,25000,5000,20000,20000
067907,緯創國泰03購01  ,0,0,0,0,0,0,0,0,0,20000,0,0,0,26000,6000,20000,20000
067802,台積電凱基07購01,0,0,0,0,0,0,0,0,0,20000,0,0,0,20000,0,20000,20000
067562,牧德國票02購01  ,0,0,0,0,0,0,0,0,0,20000,0,0,0,20000,0,20000,20000
067420,國巨凱基02購03  ,0,0,0,0,0,0,0,0,0,20000,0,0,0,53000,33000,20000,20000
2430,燦坤            ,47000,28000,19000,0,0,0,0,0,0,1000,1000,0,1000,0,0,0,20000
2453,凌群            ,60000,39000,21000,0,0,0,0,0,0,-1000,0,1000,-1000,0,0,0,20000
6215,和椿            ,37000,20000,17000,0,0,0,0,0,0,3000,3000,0,3000,0,0,0,20000
8021,尖點            ,173000,223000,-50000,0,0,0,0,0,0,70000,70000,0,70000,0,0,0,20000
6605,帝寶            ,30000,10000,20000,0,0,0,0,0,0,0,0,0,0,0,0,0,20000
08657P,牧德群益9C售02  ,0,0,0,0,0,0,0,0,0,20000,0,0,0,20000,0,20000,20000
08569P,玉晶光永豐9C售09,0,0,0,0,0,0,0,0,0,20000,0,0,0,20000,0,20000,20000
08951P,臺股指國票01售08,0,0,0,0,0,0,0,0,0,20000,0,0,0,183000,163000,20000,20000
08849P,國巨群益01售07  ,0,0,0,0,0,0,0,0,0,20000,0,0,0,20000,0,20000,20000
1256,鮮活果汁-KY     ,25000,5000,20000,0,0,0,0,0,0,0,0,0,0,0,0,0,20000
1234,黑松            ,24000,4000,20000,0,0,0,0,0,0,0,0,0,0,0,0,0,20000
08517P,奇力新群益9C售03,0,0,0,0,0,0,0,0,0,19000,0,0,0,29000,10000,19000,19000
08427P,義隆國票9C售01  ,0,0,0,0,0,0,0,0,0,19000,0,0,0,20000,1000,19000,19000
07106P,國巨統一9B售05  ,0,0,0,0,0,0,0,0,0,19000,0,0,0,19000,0,19000,19000
07660P,聯茂凱基9A售03  ,0,0,0,0,0,0,0,0,0,19000,0,0,0,49000,30000,19000,19000
069167,欣興元大02購07  ,0,0,0,0,0,0,0,0,0,19000,0,0,0,19000,0,19000,19000
068989,瑞昱永豐02購01  ,0,0,0,0,0,0,0,0,0,19000,0,0,0,25000,6000,19000,19000
067987,台積電元大01購29,0,0,0,0,0,0,0,0,0,19000,0,0,0,19000,0,19000,19000
00645,富邦日本        ,0,0,0,0,0,0,0,0,0,19000,0,0,0,123000,104000,19000,19000
061192,奇鋐永豐9A購01  ,0,0,0,0,0,0,0,0,0,19000,0,0,0,19000,0,19000,19000
060733,和大統一9C購01  ,0,0,0,0,0,0,0,0,0,19000,0,0,0,87000,68000,19000,19000
059251,大立光凱基9A購04,0,0,0,0,0,0,0,0,0,19000,0,0,0,19000,0,19000,19000
059146,貿聯國票9A購02  ,0,0,0,0,0,0,0,0,0,19000,0,0,0,62000,43000,19000,19000
054156,聯電亞東98購01  ,0,0,0,0,0,0,0,0,0,19000,0,0,0,19000,0,19000,19000
058769,友達兆豐99購01  ,0,0,0,0,0,0,0,0,0,19000,0,0,0,19000,0,19000,19000
060016,廣達康和99購01  ,0,0,0,0,0,0,0,0,0,19000,0,0,0,39000,20000,19000,19000
058622,國巨國票99購07  ,0,0,0,0,0,0,0,0,0,19000,0,0,0,44000,25000,19000,19000
058554,瀚宇博永豐99購01,0,0,0,0,0,0,0,0,0,19000,0,0,0,30000,11000,19000,19000
064554,儒鴻群益9C購01  ,0,0,0,0,0,0,0,0,0,19000,0,0,0,29000,10000,19000,19000
061572,奇力新元大9A購04,0,0,0,0,0,0,0,0,0,19000,0,0,0,19000,0,19000,19000
064615,智邦元大01購01  ,0,0,0,0,0,0,0,0,0,19000,0,0,0,20000,1000,19000,19000
063955,TPK元大9C購01   ,0,0,0,0,0,0,0,0,0,19000,0,0,0,32000,13000,19000,19000
061418,世紀鋼群益9A購02,0,0,0,0,0,0,0,0,0,19000,0,0,0,27000,8000,19000,19000
063504,國巨群益9C購06  ,0,0,0,0,0,0,0,0,0,19000,0,0,0,24000,5000,19000,19000
064637,元金2X凱基01購02,0,0,0,0,0,0,0,0,0,19000,0,0,0,19000,0,19000,19000
063187,全新凱基9B購02  ,0,0,0,0,0,0,0,0,0,19000,0,0,0,50000,31000,19000,19000
067589,拓凱群益02購01  ,0,0,0,0,0,0,0,0,0,19000,0,0,0,118000,99000,19000,19000
067648,國巨元富07購09  ,0,0,0,0,0,0,0,0,0,19000,0,0,0,25000,6000,19000,19000
067018,FB上証中信02購01,0,0,0,0,0,0,0,0,0,19000,0,0,0,20000,1000,19000,19000
067209,瑞昱元大01購04  ,0,0,0,0,0,0,0,0,0,19000,0,0,0,177000,158000,19000,19000
067206,台積電元大01購23,0,0,0,0,0,0,0,0,0,19000,0,0,0,19000,0,19000,19000
066195,臺股指凱基03購04,0,0,0,0,0,0,0,0,0,19000,0,0,0,79000,60000,19000,19000
066279,拓凱元大01購01  ,0,0,0,0,0,0,0,0,0,19000,0,0,0,19000,0,19000,19000
065297,旺宏統一02購01  ,0,0,0,0,0,0,0,0,0,19000,0,0,0,19000,0,19000,19000
1339,昭輝            ,21000,30000,-9000,0,0,0,0,0,0,28000,28000,0,28000,0,0,0,19000
4989,榮科            ,18000,2000,16000,0,0,0,0,0,0,3000,3000,0,3000,0,0,0,19000
2420,新巨            ,53000,34000,19000,0,0,0,0,0,0,0,0,0,0,0,0,0,19000
8429,金麗-KY         ,47000,28000,19000,0,0,0,0,0,0,0,0,0,0,0,0,0,19000
9930,中聯資源        ,23000,6000,17000,0,0,0,0,0,0,2000,2000,0,2000,0,0,0,19000
067957,玉晶光永豐01購09,0,0,0,0,0,0,0,0,0,18000,0,0,0,18000,0,18000,18000
068535,台積電中信05購06,0,0,0,0,0,0,0,0,0,18000,0,0,0,20000,2000,18000,18000
069120,晶技群益03購01  ,0,0,0,0,0,0,0,0,0,18000,0,0,0,18000,0,18000,18000
068815,精元元大02購01  ,0,0,0,0,0,0,0,0,0,18000,0,0,0,20000,2000,18000,18000
08323P,華新科凱基9C售04,0,0,0,0,0,0,0,0,0,18000,0,0,0,18000,0,18000,18000
069429,上銀群益03購01  ,0,0,0,0,0,0,0,0,0,18000,0,0,0,24000,6000,18000,18000
069465,金像電國票03購01,0,0,0,0,0,0,0,0,0,18000,0,0,0,18000,0,18000,18000
058669,上銀群益99購01  ,0,0,0,0,0,0,0,0,0,18000,0,0,0,40000,22000,18000,18000
063584,南六國泰01購01  ,0,0,0,0,0,0,0,0,0,18000,0,0,0,26000,8000,18000,18000
058861,國巨凱基9A購08  ,0,0,0,0,0,0,0,0,0,18000,0,0,0,18000,0,18000,18000
058011,台虹國票99購01  ,0,0,0,0,0,0,0,0,0,18000,0,0,0,18000,0,18000,18000
057785,智邦國票99購02  ,0,0,0,0,0,0,0,0,0,18000,0,0,0,18000,0,18000,18000
056479,玉晶光元大99購05,0,0,0,0,0,0,0,0,0,18000,0,0,0,22000,4000,18000,18000
060836,上銀國票9A購03  ,0,0,0,0,0,0,0,0,0,18000,0,0,0,18000,0,18000,18000
063287,嘉澤元大9B購05  ,0,0,0,0,0,0,0,0,0,18000,0,0,0,39000,21000,18000,18000
064409,彩晶凱基04購01  ,0,0,0,0,0,0,0,0,0,18000,0,0,0,43000,25000,18000,18000
061410,緯穎國票9A購03  ,0,0,0,0,0,0,0,0,0,18000,0,0,0,19000,1000,18000,18000
061442,玉晶光永豐9A購07,0,0,0,0,0,0,0,0,0,18000,0,0,0,27000,9000,18000,18000
061243,麗豐兆豐9A購01  ,0,0,0,0,0,0,0,0,0,18000,0,0,0,18000,0,18000,18000
063948,高鐵元大9C購01  ,0,0,0,0,0,0,0,0,0,18000,0,0,0,18000,0,18000,18000
062319,南六凱基9B購02  ,0,0,0,0,0,0,0,0,0,18000,0,0,0,18000,0,18000,18000
064504,玉晶光元大01購02,0,0,0,0,0,0,0,0,0,18000,0,0,0,32000,14000,18000,18000
062140,元金2X國票9B購03,0,0,0,0,0,0,0,0,0,18000,0,0,0,50000,32000,18000,18000
065426,台積電凱基01購09,0,0,0,0,0,0,0,0,0,18000,0,0,0,18000,0,18000,18000
066262,華碩元大01購02  ,0,0,0,0,0,0,0,0,0,18000,0,0,0,27000,9000,18000,18000
067234,正崴群益01購01  ,0,0,0,0,0,0,0,0,0,18000,0,0,0,50000,32000,18000,18000
066700,瑞昱群益01購01  ,0,0,0,0,0,0,0,0,0,18000,0,0,0,113000,95000,18000,18000
066741,華擎元大01購03  ,0,0,0,0,0,0,0,0,0,18000,0,0,0,165000,147000,18000,18000
067717,聯電凱基03購01  ,0,0,0,0,0,0,0,0,0,18000,0,0,0,22000,4000,18000,18000
067290,金像電兆豐03購01,0,0,0,0,0,0,0,0,0,18000,0,0,0,18000,0,18000,18000
6214,精誠            ,166000,154000,12000,0,0,0,0,0,0,6000,5000,0,5000,1000,0,1000,18000
08996P,華通群益02售05  ,0,0,0,0,0,0,0,0,0,18000,0,0,0,100000,82000,18000,18000
08927P,技嘉元富07售04  ,0,0,0,0,0,0,0,0,0,18000,0,0,0,46000,28000,18000,18000
069494,健策元大02購07  ,0,0,0,0,0,0,0,0,0,17000,0,0,0,159000,142000,17000,17000
069724,新光金群益02購02,0,0,0,0,0,0,0,0,0,17000,0,0,0,17000,0,17000,17000
07856P,力成凱基9A售02  ,0,0,0,0,0,0,0,0,0,17000,0,0,0,19000,2000,17000,17000
068262,南電富邦03購01  ,0,0,0,0,0,0,0,0,0,17000,0,0,0,50000,33000,17000,17000
059454,亞光永豐99購01  ,0,0,0,0,0,0,0,0,0,17000,0,0,0,19000,2000,17000,17000
00713,元大台灣高息低波,1000,1000,0,0,0,0,0,0,0,17000,0,0,0,33000,16000,17000,17000
057150,貿聯國票99購02  ,0,0,0,0,0,0,0,0,0,17000,0,0,0,147000,130000,17000,17000
060402,神隆國泰9B購01  ,0,0,0,0,0,0,0,0,0,17000,0,0,0,30000,13000,17000,17000
058327,大毅統一9B購01  ,0,0,0,0,0,0,0,0,0,17000,0,0,0,17000,0,17000,17000
063868,嘉晶永豐9C購01  ,0,0,0,0,0,0,0,0,0,17000,0,0,0,17000,0,17000,17000
061361,世紀鋼兆豐9A購01,0,0,0,0,0,0,0,0,0,17000,0,0,0,79000,62000,17000,17000
061873,友達元大9C購07  ,0,0,0,0,0,0,0,0,0,17000,0,0,0,31000,14000,17000,17000
063258,緯穎國泰9C購01  ,0,0,0,0,0,0,0,0,0,17000,0,0,0,297000,280000,17000,17000
063656,台光電元富03購01,0,0,0,0,0,0,0,0,0,17000,0,0,0,17000,0,17000,17000
064342,晶技元大9C購01  ,0,0,0,0,0,0,0,0,0,17000,0,0,0,52000,35000,17000,17000
066795,台積電凱基02購07,0,0,0,0,0,0,0,0,0,17000,0,0,0,18000,1000,17000,17000
067246,鎧勝群益01購02  ,0,0,0,0,0,0,0,0,0,17000,0,0,0,17000,0,17000,17000
066057,華擎元大02購01  ,0,0,0,0,0,0,0,0,0,17000,0,0,0,21000,4000,17000,17000
065283,台積電群益01購01,0,0,0,0,0,0,0,0,0,17000,0,0,0,22000,5000,17000,17000
065718,健策中信9C購02  ,0,0,0,0,0,0,0,0,0,17000,0,0,0,57000,40000,17000,17000
065838,鴻海元大03購01  ,0,0,0,0,0,0,0,0,0,17000,0,0,0,21000,4000,17000,17000
068212,GIS凱基02購04   ,0,0,0,0,0,0,0,0,0,16000,0,0,0,26000,10000,16000,16000
067975,茂林群益04購01  ,0,0,0,0,0,0,0,0,0,16000,0,0,0,162000,146000,16000,16000
068827,鎧勝元大02購01  ,0,0,0,0,0,0,0,0,0,16000,0,0,0,16000,0,16000,16000
069734,創意麥證02購01  ,0,0,0,16000,0,16000,0,0,0,16000,0,0,0,16000,0,16000,16000
058310,大立光元大99購10,0,0,0,0,0,0,0,0,0,16000,0,0,0,16000,0,16000,16000
061150,國巨群益9A購09  ,0,0,0,0,0,0,0,0,0,16000,0,0,0,38000,22000,16000,16000
060421,華擎永豐9A購01  ,0,0,0,0,0,0,0,0,0,16000,0,0,0,16000,0,16000,16000
00700,富邦恒生國企    ,0,0,0,0,0,0,0,0,0,16000,0,0,0,117000,101000,16000,16000
00757,統一FANG+       ,0,0,0,0,0,0,0,0,0,16000,0,0,0,219000,203000,16000,16000
059129,麗豐中信99購01  ,0,0,0,0,0,0,0,0,0,16000,0,0,0,16000,0,16000,16000
03682C,臺股指凱基9C牛07,0,0,0,0,0,0,0,0,0,16000,0,0,0,16000,0,16000,16000
064317,日月光群益9C購01,0,0,0,0,0,0,0,0,0,16000,0,0,0,252000,236000,16000,16000
063973,緯穎國票9C購01  ,0,0,0,0,0,0,0,0,0,16000,0,0,0,196000,180000,16000,16000
063620,奇力新兆豐9B購01,0,0,0,0,0,0,0,0,0,16000,0,0,0,30000,14000,16000,16000
061204,國巨元大9A購16  ,0,0,0,0,0,0,0,0,0,16000,0,0,0,24000,8000,16000,16000
062151,世紀鋼國票01購01,0,0,0,0,0,0,0,0,0,16000,0,0,0,189000,173000,16000,16000
064861,緯創富邦9C購01  ,0,0,0,0,0,0,0,0,0,16000,0,0,0,26000,10000,16000,16000
062265,南茂元大9B購01  ,0,0,0,0,0,0,0,0,0,16000,0,0,0,16000,0,16000,16000
064560,技嘉群益01購01  ,0,0,0,0,0,0,0,0,0,16000,0,0,0,54000,38000,16000,16000
065715,勤誠群益9C購01  ,0,0,0,0,0,0,0,0,0,16000,0,0,0,16000,0,16000,16000
065713,緯穎群益9C購04  ,0,0,0,0,0,0,0,0,0,16000,0,0,0,105000,89000,16000,16000
065164,和大元大01購01  ,0,0,0,0,0,0,0,0,0,16000,0,0,0,16000,0,16000,16000
06597P,國巨富邦9A售05  ,0,0,0,0,0,0,0,0,0,16000,0,0,0,59000,43000,16000,16000
067266,義隆國泰03購01  ,0,0,0,0,0,0,0,0,0,16000,0,0,0,395000,379000,16000,16000
067160,燿華國票03購01  ,0,0,0,0,0,0,0,0,0,16000,0,0,0,59000,43000,16000,16000
067140,鎧勝永豐01購02  ,0,0,0,0,0,0,0,0,0,16000,0,0,0,16000,0,16000,16000
066797,台積電凱基02購09,0,0,0,0,0,0,0,0,0,16000,0,0,0,16000,0,16000,16000
066697,長興群益01購01  ,0,0,0,0,0,0,0,0,0,16000,0,0,0,16000,0,16000,16000
1110,東泥            ,17000,1000,16000,0,0,0,0,0,0,0,0,0,0,0,0,0,16000
1582,信錦            ,238000,181000,57000,0,0,0,0,0,0,-41000,0,0,0,1000,42000,-41000,16000
3607,谷崧            ,25000,9000,16000,0,0,0,0,0,0,0,0,0,0,0,0,0,16000
2881A,富邦特          ,25000,0,25000,0,0,0,0,0,0,-9000,2000,11000,-9000,0,0,0,16000
2534,宏盛            ,104000,90840,13160,0,0,0,0,0,0,2000,2000,0,2000,0,0,0,15160
07906P,中租群益9B售02  ,0,0,0,0,0,0,0,0,0,15000,0,0,0,15000,0,15000,15000
08027P,嘉晶元大9B售03  ,0,0,0,0,0,0,0,0,0,15000,0,0,0,15000,0,15000,15000
08312P,旺宏國票01售01  ,0,0,0,0,0,0,0,0,0,15000,0,0,0,15000,0,15000,15000
068951,華邦電凱基02購01,0,0,0,0,0,0,0,0,0,15000,0,0,0,90000,75000,15000,15000
068925,欣興國泰04購01  ,0,0,0,0,0,0,0,0,0,15000,0,0,0,15000,0,15000,15000
068470,台積電群益01購20,0,0,0,0,0,0,0,0,0,15000,0,0,0,16000,1000,15000,15000
068579,GIS國泰03購01   ,0,0,0,0,0,0,0,0,0,15000,0,0,0,213000,198000,15000,15000
068585,美律台新01購02  ,0,0,0,0,0,0,0,0,0,15000,0,0,0,15000,0,15000,15000
068604,聯發科凱基01購23,0,0,0,0,0,0,0,0,0,15000,0,0,0,65000,50000,15000,15000
03693C,T50反1元大03牛01,0,0,0,0,0,0,0,0,0,15000,0,0,0,15000,0,15000,15000
056573,華新科元大99購06,0,0,0,0,0,0,0,0,0,15000,0,0,0,15000,0,15000,15000
059425,SGBR2X元大9A購02,0,0,0,0,0,0,0,0,0,15000,0,0,0,16000,1000,15000,15000
060758,台積電元大9A購19,0,0,0,0,0,0,0,0,0,15000,0,0,0,15000,0,15000,15000
057116,鴻海日盛9A購01  ,0,0,0,0,0,0,0,0,0,15000,0,0,0,15000,0,15000,15000
061033,台光電永豐9A購01,0,0,0,0,0,0,0,0,0,15000,0,0,0,15000,0,15000,15000
057999,智邦亞東99購02  ,0,0,0,0,0,0,0,0,0,15000,0,0,0,15000,0,15000,15000
060654,大毅群益9B購01  ,0,0,0,0,0,0,0,0,0,15000,0,0,0,63000,48000,15000,15000
058270,上緯控永豐99購01,0,0,0,0,0,0,0,0,0,15000,0,0,0,105000,90000,15000,15000
061764,旺宏元大9B購01  ,0,0,0,0,0,0,0,0,0,15000,0,0,0,15000,0,15000,15000
062591,新日興統一9C購01,0,0,0,0,0,0,0,0,0,15000,0,0,0,15000,0,15000,15000
062400,晶豪科永豐9B購02,0,0,0,0,0,0,0,0,0,15000,0,0,0,25000,10000,15000,15000
064531,旭富兆豐9C購01  ,0,0,0,0,0,0,0,0,0,15000,0,0,0,51000,36000,15000,15000
061971,力山元大9C購02  ,0,0,0,0,0,0,0,0,0,15000,0,0,0,281000,266000,15000,15000
063000,緯穎國票9B購03  ,0,0,0,0,0,0,0,0,0,15000,0,0,0,16000,1000,15000,15000
064947,台積電凱基01購08,0,0,0,0,0,0,0,0,0,15000,0,0,0,15000,0,15000,15000
064948,致茂凱基01購01  ,0,0,0,0,0,0,0,0,0,15000,0,0,0,15000,0,15000,15000
064896,華新科群益01購02,0,0,0,0,0,0,0,0,0,15000,0,0,0,80000,65000,15000,15000
062191,台郡元大9B購05  ,0,0,0,0,0,0,0,0,0,15000,0,0,0,15000,0,15000,15000
062127,台勝科統一01購02,0,0,0,0,0,0,0,0,0,15000,0,0,0,15000,0,15000,15000
063879,台積電元富9C購01,0,0,0,0,0,0,0,0,0,15000,0,0,0,15000,0,15000,15000
061405,亞德客國票9B購01,0,0,0,0,0,0,0,0,0,15000,0,0,0,15000,0,15000,15000
061263,微星凱基9A購01  ,0,0,0,0,0,0,0,0,0,15000,0,0,0,25000,10000,15000,15000
063179,群創兆豐9B購01  ,0,0,0,0,0,0,0,0,0,15000,0,0,0,15000,0,15000,15000
063211,道瓊銀國票9B購01,0,0,0,0,0,0,0,0,0,15000,0,0,0,35000,20000,15000,15000
063373,晶技永豐9B購02  ,0,0,0,0,0,0,0,0,0,15000,0,0,0,51000,36000,15000,15000
064325,亞德客元大9C購01,0,0,0,0,0,0,0,0,0,15000,0,0,0,15000,0,15000,15000
064365,美食統一01購02  ,0,0,0,0,0,0,0,0,0,15000,0,0,0,15000,0,15000,15000
066731,瑞昱元大01購01  ,0,0,0,0,0,0,0,0,0,15000,0,0,0,114000,99000,15000,15000
066723,聯電元大02購01  ,0,0,0,0,0,0,0,0,0,15000,0,0,0,15000,0,15000,15000
067265,巨大國票02購01  ,0,0,0,0,0,0,0,0,0,15000,0,0,0,75000,60000,15000,15000
067084,泰鼎元大01購02  ,0,0,0,0,0,0,0,0,0,15000,0,0,0,45000,30000,15000,15000
066011,華通元富01購01  ,0,0,0,0,0,0,0,0,0,15000,0,0,0,18000,3000,15000,15000
066530,美律元富04購01  ,0,0,0,0,0,0,0,0,0,15000,0,0,0,27000,12000,15000,15000
065305,泰鼎元富9C購01  ,0,0,0,0,0,0,0,0,0,15000,0,0,0,15000,0,15000,15000
065540,台表科統一02購05,0,0,0,0,0,0,0,0,0,15000,0,0,0,36000,21000,15000,15000
065858,台表科元大03購01,0,0,0,0,0,0,0,0,0,15000,0,0,0,206000,191000,15000,15000
2881B,富邦金乙特      ,0,0,0,0,0,0,0,0,0,15000,15000,0,15000,0,0,0,15000
3588,通嘉            ,74000,59000,15000,0,0,0,0,0,0,0,0,0,0,0,0,0,15000
5258,虹堡            ,41000,19000,22000,0,0,0,0,0,0,-7000,0,7000,-7000,0,0,0,15000
1506,正道            ,15000,0,15000,0,0,0,0,0,0,0,0,0,0,0,0,0,15000
08934P,鴻海元大01售18  ,0,0,0,0,0,0,0,0,0,15000,0,0,0,40000,25000,15000,15000
08611P,聯發科凱基01售08,0,0,0,0,0,0,0,0,0,15000,0,0,0,15000,0,15000,15000
9943,好樂迪          ,17000,2000,15000,0,0,0,0,0,0,0,0,0,0,0,0,0,15000
068621,國巨群益02購03  ,0,0,0,0,0,0,0,0,0,14000,0,0,0,20000,6000,14000,14000
068569,健策元大01購13  ,0,0,0,0,0,0,0,0,0,14000,0,0,0,118000,104000,14000,14000
068204,玉晶光凱基03購05,0,0,0,0,0,0,0,0,0,14000,0,0,0,14000,0,14000,14000
068255,鎧勝元大01購05  ,0,0,0,0,0,0,0,0,0,14000,0,0,0,14000,0,14000,14000
068770,大立光統一02購09,0,0,0,0,0,0,0,0,0,14000,0,0,0,18000,4000,14000,14000
069742,英業達永豐02購01,0,0,0,0,0,0,0,0,0,14000,0,0,0,15000,1000,14000,14000
058651,FBVIX中信9C購01 ,0,0,0,0,0,0,0,0,0,14000,0,0,0,21000,7000,14000,14000
058190,貿聯永豐99購01  ,0,0,0,0,0,0,0,0,0,14000,0,0,0,14000,0,14000,14000
060468,聯鈞元大9A購02  ,0,0,0,0,0,0,0,0,0,14000,0,0,0,15000,1000,14000,14000
054821,貿聯元大9A購01  ,0,0,0,0,0,0,0,0,0,14000,0,0,0,14000,0,14000,14000
064171,燿華元富9C購01  ,0,0,0,0,0,0,0,0,0,14000,0,0,0,14000,0,14000,14000
061283,智邦統一9A購01  ,0,0,0,0,0,0,0,0,0,14000,0,0,0,14000,0,14000,14000
061498,大立光國票9A購10,0,0,0,0,0,0,0,0,0,14000,0,0,0,47000,33000,14000,14000
063496,儒鴻永豐9B購01  ,0,0,0,0,0,0,0,0,0,14000,0,0,0,37000,23000,14000,14000
064453,微星統一02購01  ,0,0,0,0,0,0,0,0,0,14000,0,0,0,425000,411000,14000,14000
064679,晶技兆豐9C購01  ,0,0,0,0,0,0,0,0,0,14000,0,0,0,28000,14000,14000,14000
062087,瑞祺元大9B購02  ,0,0,0,0,0,0,0,0,0,14000,0,0,0,14000,0,14000,14000
064848,金像電元富9C購02,0,0,0,0,0,0,0,0,0,14000,0,0,0,20000,6000,14000,14000
064820,裕隆統一9C購01  ,0,0,0,0,0,0,0,0,0,14000,0,0,0,14000,0,14000,14000
065009,勤誠國票01購01  ,0,0,0,0,0,0,0,0,0,14000,0,0,0,16000,2000,14000,14000
065388,華擎兆豐01購01  ,0,0,0,0,0,0,0,0,0,14000,0,0,0,24000,10000,14000,14000
066446,健策群益01購06  ,0,0,0,0,0,0,0,0,0,14000,0,0,0,14000,0,14000,14000
066164,精元凱基01購01  ,0,0,0,0,0,0,0,0,0,14000,0,0,0,14000,0,14000,14000
066986,健策群益02購02  ,0,0,0,0,0,0,0,0,0,14000,0,0,0,33000,19000,14000,14000
067238,大立光群益02購03,0,0,0,0,0,0,0,0,0,14000,0,0,0,14000,0,14000,14000
067433,神達凱基01購01  ,0,0,0,0,0,0,0,0,0,14000,0,0,0,14000,0,14000,14000
067728,南亞科台新01購01,0,0,0,0,0,0,0,0,0,14000,0,0,0,55000,41000,14000,14000
067784,富邦金群益02購01,0,0,0,0,0,0,0,0,0,14000,0,0,0,84000,70000,14000,14000
2488,漢平            ,24000,10000,14000,0,0,0,0,0,0,0,0,0,0,0,0,0,14000
068230,亞光元富04購01  ,0,0,0,0,0,0,0,0,0,13000,0,0,0,13000,0,13000,13000
068151,瑞昱元大01購05  ,0,0,0,0,0,0,0,0,0,13000,0,0,0,151000,138000,13000,13000
068112,宏碁元富07購01  ,0,0,0,0,0,0,0,0,0,13000,0,0,0,15000,2000,13000,13000
055331,國巨兆豐99購01  ,0,0,0,0,0,0,0,0,0,13000,0,0,0,13000,0,13000,13000
055662,上銀中信99購01  ,0,0,0,0,0,0,0,0,0,13000,0,0,0,14000,1000,13000,13000
060721,瑞儀永豐9A購01  ,0,0,0,0,0,0,0,0,0,13000,0,0,0,23000,10000,13000,13000
03460B,臺股指元大9C熊39,0,0,0,0,0,0,0,0,0,13000,0,0,0,14000,1000,13000,13000
057331,台積電國票99購04,0,0,0,0,0,0,0,0,0,13000,0,0,0,13000,0,13000,13000
057638,上銀元大99購01  ,0,0,0,0,0,0,0,0,0,13000,0,0,0,14000,1000,13000,13000
056764,友達元大9A購03  ,0,0,0,0,0,0,0,0,0,13000,0,0,0,23000,10000,13000,13000
060300,佐登國泰9B購01  ,0,0,0,0,0,0,0,0,0,13000,0,0,0,13000,0,13000,13000
060666,聯茂凱基9A購02  ,0,0,0,0,0,0,0,0,0,13000,0,0,0,13000,0,13000,13000
05995P,T50正2中信9C售01,0,0,0,0,0,0,0,0,0,13000,0,0,0,145000,132000,13000,13000
058193,緯穎永豐99購01  ,0,0,0,0,0,0,0,0,0,13000,0,0,0,13000,0,13000,13000
065024,華擎永豐9C購01  ,0,0,0,0,0,0,0,0,0,13000,0,0,0,253000,240000,13000,13000
065132,臻鼎兆豐01購01  ,0,0,0,0,0,0,0,0,0,13000,0,0,0,291000,278000,13000,13000
062991,台光電群益9B購03,0,0,0,0,0,0,0,0,0,13000,0,0,0,13000,0,13000,13000
062223,大立光統一9C購04,0,0,0,0,0,0,0,0,0,13000,0,0,0,13000,0,13000,13000
061644,健策元大9C購02  ,0,0,0,0,0,0,0,0,0,13000,0,0,0,15000,2000,13000,13000
062616,玉晶光元大9C購06,0,0,0,0,0,0,0,0,0,13000,0,0,0,82000,69000,13000,13000
064182,臻鼎富邦01購01  ,0,0,0,0,0,0,0,0,0,13000,0,0,0,65000,52000,13000,13000
067669,金像電元大02購03,0,0,0,0,0,0,0,0,0,13000,0,0,0,33000,20000,13000,13000
067119,泰鼎群益01購02  ,0,0,0,0,0,0,0,0,0,13000,0,0,0,13000,0,13000,13000
066018,南六元富03購02  ,0,0,0,0,0,0,0,0,0,13000,0,0,0,22000,9000,13000,13000
065366,英業達元大9C購02,0,0,0,0,0,0,0,0,0,13000,0,0,0,55000,42000,13000,13000
065424,華新凱基02購01  ,0,0,0,0,0,0,0,0,0,13000,0,0,0,326000,313000,13000,13000
065809,同欣電群益9C購03,0,0,0,0,0,0,0,0,0,13000,0,0,0,13000,0,13000,13000
6541,泰福-KY         ,23000,10000,13000,0,0,0,0,0,0,0,0,0,0,0,0,0,13000
08734P,創意康和01售02  ,0,0,0,0,0,0,0,0,0,13000,0,0,0,43000,30000,13000,13000
08724P,臺股指元大01售05,0,0,0,0,0,0,0,0,0,13000,0,0,0,13000,0,13000,13000
1786,科妍            ,28000,15000,13000,0,0,0,0,0,0,0,0,0,0,0,0,0,13000
9941,裕融            ,106000,103000,3000,0,0,0,0,0,0,10000,10000,0,10000,0,0,0,13000
9908,大台北          ,16000,3000,13000,0,0,0,0,0,0,0,0,0,0,0,0,0,13000
067971,玉晶光群益02購21,0,0,0,0,0,0,0,0,0,12000,0,0,0,31000,19000,12000,12000
068460,健策國票03購02  ,0,0,0,0,0,0,0,0,0,12000,0,0,0,14000,2000,12000,12000
068919,台積電元富08購09,0,0,0,0,0,0,0,0,0,12000,0,0,0,12000,0,12000,12000
068830,台積電國泰05購01,0,0,0,0,0,0,0,0,0,12000,0,0,0,55000,43000,12000,12000
069567,聯發科凱基04購02,0,0,0,0,0,0,0,0,0,12000,0,0,0,21000,9000,12000,12000
08208P,臺股指群益9B售16,0,0,0,0,0,0,0,0,0,12000,0,0,0,12000,0,12000,12000
08419P,元金2X群益9C售01,0,0,0,0,0,0,0,0,0,12000,0,0,0,27000,15000,12000,12000
059878,聯茂凱基99購07  ,0,0,0,0,0,0,0,0,0,12000,0,0,0,12000,0,12000,12000
058670,鴻海群益9A購03  ,0,0,0,0,0,0,0,0,0,12000,0,0,0,12000,0,12000,12000
058517,景碩元大99購06  ,0,0,0,0,0,0,0,0,0,12000,0,0,0,14000,2000,12000,12000
00731,FH富時高息低波  ,1000,1000,0,0,0,0,0,0,0,12000,0,0,0,1016000,1004000,12000,12000
00866,新光Shiller CAPE,0,0,0,0,0,0,0,0,0,12000,0,0,0,40000,28000,12000,12000
00660,元大歐洲50      ,0,0,0,0,0,0,0,0,0,12000,0,0,0,14000,2000,12000,12000
03262P,建準國票04售01  ,0,0,0,0,0,0,0,0,0,12000,0,0,0,24000,12000,12000,12000
03038P,玉晶光國票02售03,0,0,0,0,0,0,0,0,0,12000,0,0,0,26000,14000,12000,12000
059090,台新金元大99購01,0,0,0,0,0,0,0,0,0,12000,0,0,0,12000,0,12000,12000
054640,健策中信9B購01  ,0,0,0,0,0,0,0,0,0,12000,0,0,0,34000,22000,12000,12000
047211,華新科富邦99購01,0,0,0,0,0,0,0,0,0,12000,0,0,0,12000,0,12000,12000
063632,金像電元大9B購04,0,0,0,0,0,0,0,0,0,12000,0,0,0,23000,11000,12000,12000
061859,勤誠國票9B購01  ,0,0,0,0,0,0,0,0,0,12000,0,0,0,21000,9000,12000,12000
061843,億豐凱基9C購01  ,0,0,0,0,0,0,0,0,0,12000,0,0,0,12000,0,12000,12000
061505,力成國票9A購03  ,0,0,0,0,0,0,0,0,0,12000,0,0,0,50000,38000,12000,12000
063701,燿華群益9B購02  ,0,0,0,0,0,0,0,0,0,12000,0,0,0,12000,0,12000,12000
063038,富邦金凱基9B購02,0,0,0,0,0,0,0,0,0,12000,0,0,0,85000,73000,12000,12000
065763,台表科元大9C購14,0,0,0,0,0,0,0,0,0,12000,0,0,0,150000,138000,12000,12000
065903,聯發科富邦02購02,0,0,0,0,0,0,0,0,0,12000,0,0,0,112000,100000,12000,12000
065657,智邦富邦9C購01  ,0,0,0,0,0,0,0,0,0,12000,0,0,0,32000,20000,12000,12000
066052,景碩元大02購01  ,0,0,0,0,0,0,0,0,0,12000,0,0,0,69000,57000,12000,12000
066771,滬深2X富邦02購01,0,0,0,0,0,0,0,0,0,12000,0,0,0,12000,0,12000,12000
06771P,台灣50中信02售01,0,0,0,0,0,0,0,0,0,12000,0,0,0,15000,3000,12000,12000
067351,國巨群益01購08  ,0,0,0,0,0,0,0,0,0,12000,0,0,0,14000,2000,12000,12000
067611,拓凱凱基02購01  ,0,0,0,0,0,0,0,0,0,12000,0,0,0,12000,0,12000,12000
8374,羅昇            ,15000,3000,12000,0,0,0,0,0,0,0,0,0,0,0,0,0,12000
08859P,奇鋐國票03售01  ,0,0,0,0,0,0,0,0,0,12000,0,0,0,64000,52000,12000,12000
3494,誠研            ,17000,5000,12000,0,0,0,0,0,0,0,0,0,0,0,0,0,12000
069376,台積電元大03購04,0,0,0,0,0,0,0,0,0,11000,0,0,0,628000,617000,11000,11000
069778,彩晶元大02購02  ,0,0,0,0,0,0,0,0,0,11000,0,0,0,64000,53000,11000,11000
068792,潤泰全凱基02購01,0,0,0,0,0,0,0,0,0,11000,0,0,0,11000,0,11000,11000
069124,南電群益02購01  ,0,0,0,0,0,0,0,0,0,11000,0,0,0,41000,30000,11000,11000
069018,同欣電兆豐03購01,0,0,0,0,0,0,0,0,0,11000,0,0,0,221000,210000,11000,11000
068118,欣興元富07購03  ,0,0,0,0,0,0,0,0,0,11000,0,0,0,11000,0,11000,11000
046629,群創統一98購01  ,0,0,0,0,0,0,0,0,0,11000,0,0,0,11000,0,11000,11000
052888,台表科中信9A購01,0,0,0,0,0,0,0,0,0,11000,0,0,0,11000,0,11000,11000
00743,國泰中國A150    ,0,0,0,0,0,0,0,0,0,11000,0,0,0,14000,3000,11000,11000
058456,京鼎永豐99購01  ,0,0,0,0,0,0,0,0,0,11000,0,0,0,11000,0,11000,11000
058309,大毅元大99購02  ,0,0,0,0,0,0,0,0,0,11000,0,0,0,11000,0,11000,11000
058323,泰鼎永豐9A購01  ,0,0,0,0,0,0,0,0,0,11000,0,0,0,11000,0,11000,11000
062725,大立光凱基9B購06,0,0,0,0,0,0,0,0,0,11000,0,0,0,11000,0,11000,11000
064217,GIS凱基02購02   ,0,0,0,0,0,0,0,0,0,11000,0,0,0,56000,45000,11000,11000
060093,友達元大03購01  ,0,0,0,0,0,0,0,0,0,11000,0,0,0,21000,10000,11000,11000
060155,友訊永豐9A購01  ,0,0,0,0,0,0,0,0,0,11000,0,0,0,11000,0,11000,11000
060574,高股息中信9C購01,0,0,0,0,0,0,0,0,0,11000,0,0,0,11000,0,11000,11000
063031,鴻海凱基9C購01  ,0,0,0,0,0,0,0,0,0,11000,0,0,0,12000,1000,11000,11000
061583,矽創元大9A購01  ,0,0,0,0,0,0,0,0,0,11000,0,0,0,11000,0,11000,11000
061563,群創國票9B購02  ,0,0,0,0,0,0,0,0,0,11000,0,0,0,37000,26000,11000,11000
062437,廣達元大9B購01  ,0,0,0,0,0,0,0,0,0,11000,0,0,0,15000,4000,11000,11000
065041,金像電凱基02購02,0,0,0,0,0,0,0,0,0,11000,0,0,0,11000,0,11000,11000
06376P,上銀統一99售01  ,0,0,0,0,0,0,0,0,0,11000,0,0,0,13000,2000,11000,11000
062141,遠東新國票9B購01,0,0,0,0,0,0,0,0,0,11000,0,0,0,49000,38000,11000,11000
063827,國巨國票02購01  ,0,0,0,0,0,0,0,0,0,11000,0,0,0,31000,20000,11000,11000
064406,健策凱基03購01  ,0,0,0,0,0,0,0,0,0,11000,0,0,0,40000,29000,11000,11000
064628,南六元大9C購05  ,0,0,0,0,0,0,0,0,0,11000,0,0,0,225000,214000,11000,11000
063417,金像電凱基9B購03,0,0,0,0,0,0,0,0,0,11000,0,0,0,11000,0,11000,11000
064083,群創中信06購01  ,0,0,0,0,0,0,0,0,0,11000,0,0,0,46000,35000,11000,11000
067316,嘉澤元大01購03  ,0,0,0,0,0,0,0,0,0,11000,0,0,0,27000,16000,11000,11000
067831,聯電統一03購01  ,0,0,0,0,0,0,0,0,0,11000,0,0,0,59000,48000,11000,11000
067855,達方國票02購01  ,0,0,0,0,0,0,0,0,0,11000,0,0,0,321000,310000,11000,11000
066915,訊芯凱基02購01  ,0,0,0,0,0,0,0,0,0,11000,0,0,0,20000,9000,11000,11000
066603,台達電富邦05購01,0,0,0,0,0,0,0,0,0,11000,0,0,0,31000,20000,11000,11000
065988,晶技永豐01購01  ,0,0,0,0,0,0,0,0,0,11000,0,0,0,15000,4000,11000,11000
066379,台達電康和01購01,0,0,0,0,0,0,0,0,0,11000,0,0,0,11000,0,11000,11000
066376,聯詠兆豐01購01  ,0,0,0,0,0,0,0,0,0,11000,0,0,0,33000,22000,11000,11000
065607,聯詠元大9C購02  ,0,0,0,0,0,0,0,0,0,11000,0,0,0,32000,21000,11000,11000
4912,聯德控股-KY     ,274000,254000,20000,0,0,0,0,0,0,-9000,1000,10000,-9000,0,0,0,11000
6558,興能高          ,87000,77000,10000,0,0,0,0,0,0,1000,1000,0,1000,0,0,0,11000
5706,鳳凰            ,15000,4000,11000,0,0,0,0,0,0,0,0,0,0,0,0,0,11000
5007,三星            ,20000,9000,11000,0,0,0,0,0,0,0,0,0,0,0,0,0,11000
2459,敦吉            ,19000,8000,11000,0,0,0,0,0,0,0,0,0,0,0,0,0,11000
3002,歐格            ,6000,3000,3000,0,0,0,0,0,0,8000,8000,0,8000,0,0,0,11000
08841P,A50正2中信03售02,0,0,0,0,0,0,0,0,0,11000,0,0,0,11000,0,11000,11000
2002A,中鋼特          ,0,0,0,0,0,0,0,0,0,11000,11000,0,11000,0,0,0,11000
2302,麗正            ,11000,0,11000,0,0,0,0,0,0,0,0,0,0,0,0,0,11000
1472,三洋紡          ,16000,5000,11000,0,0,0,0,0,0,0,0,0,0,0,0,0,11000
1532,勤美            ,53000,42000,11000,0,0,0,0,0,0,0,0,0,0,0,0,0,11000
1533,車王電          ,14000,3000,11000,0,0,0,0,0,0,0,0,0,0,0,0,0,11000
1439,中和            ,78000,67000,11000,0,0,0,0,0,0,0,0,0,0,0,0,0,11000
1453,大將            ,7000,1000,6000,0,0,0,0,0,0,5000,5000,0,5000,0,0,0,11000
8480,泰昇-KY         ,17000,6000,11000,0,0,0,0,0,0,0,0,0,0,0,0,0,11000
068097,台積電富邦03購05,0,0,0,0,0,0,0,0,0,10000,0,0,0,10000,0,10000,10000
068064,欣興兆豐03購02  ,0,0,0,0,0,0,0,0,0,10000,0,0,0,10000,0,10000,10000
067973,玉晶光群益02購23,0,0,0,0,0,0,0,0,0,10000,0,0,0,14000,4000,10000,10000
067945,台積電國泰03購03,0,0,0,0,0,0,0,0,0,10000,0,0,0,10000,0,10000,10000
068029,台積電元富07購09,0,0,0,0,0,0,0,0,0,10000,0,0,0,10000,0,10000,10000
068144,台積電元大01購33,0,0,0,0,0,0,0,0,0,10000,0,0,0,10000,0,10000,10000
068242,長興元大01購02  ,0,0,0,0,0,0,0,0,0,10000,0,0,0,10000,0,10000,10000
068596,亞德客凱基01購03,0,0,0,0,0,0,0,0,0,10000,0,0,0,40000,30000,10000,10000
068367,聯電富邦03購02  ,0,0,0,0,0,0,0,0,0,10000,0,0,0,10000,0,10000,10000
068355,美律凱基01購02  ,0,0,0,0,0,0,0,0,0,10000,0,0,0,10000,0,10000,10000
068985,瑞儀元大02購04  ,0,0,0,0,0,0,0,0,0,10000,0,0,0,168000,158000,10000,10000
068963,欣興群益02購03  ,0,0,0,0,0,0,0,0,0,10000,0,0,0,61000,51000,10000,10000
069130,台灣50永豐02購01,0,0,0,0,0,0,0,0,0,10000,0,0,0,10000,0,10000,10000
068635,台積電凱基03購09,0,0,0,0,0,0,0,0,0,10000,0,0,0,10000,0,10000,10000
068867,旺宏台新02購01  ,0,0,0,0,0,0,0,0,0,10000,0,0,0,10000,0,10000,10000
068948,鴻海凱基02購07  ,0,0,0,0,0,0,0,0,0,10000,0,0,0,10000,0,10000,10000
069861,南電永豐02購02  ,0,0,0,0,0,0,0,0,0,10000,0,0,0,20000,10000,10000,10000
069746,景碩永豐02購02  ,0,0,0,0,0,0,0,0,0,10000,0,0,0,10000,0,10000,10000
06970P,旺宏元大99售08  ,0,0,0,0,0,0,0,0,0,10000,0,0,0,10000,0,10000,10000
069654,大立光凱基02購08,0,0,0,0,0,0,0,0,0,10000,0,0,0,10000,0,10000,10000
069655,欣興凱基03購04  ,0,0,0,0,0,0,0,0,0,10000,0,0,0,31000,21000,10000,10000
069310,大立光凱基02購06,0,0,0,0,0,0,0,0,0,10000,0,0,0,11000,1000,10000,10000
069565,鴻海凱基04購02  ,0,0,0,0,0,0,0,0,0,10000,0,0,0,10000,0,10000,10000
069557,燿華日盛02購01  ,0,0,0,0,0,0,0,0,0,10000,0,0,0,35000,25000,10000,10000
069536,緯穎群益02購02  ,0,0,0,0,0,0,0,0,0,10000,0,0,0,30000,20000,10000,10000
069430,精元群益02購01  ,0,0,0,0,0,0,0,0,0,10000,0,0,0,82000,72000,10000,10000
069425,臻鼎中信03購01  ,0,0,0,0,0,0,0,0,0,10000,0,0,0,20000,10000,10000,10000
08524P,奇力新元大9C售01,0,0,0,0,0,0,0,0,0,10000,0,0,0,33000,23000,10000,10000
08273P,國巨元富9C售02  ,0,0,0,0,0,0,0,0,0,10000,0,0,0,10000,0,10000,10000
08198P,聯發科元大9B售25,0,0,0,0,0,0,0,0,0,10000,0,0,0,10000,0,10000,10000
08374P,緯穎凱基9C售01  ,0,0,0,0,0,0,0,0,0,10000,0,0,0,10000,0,10000,10000
08063P,立積國票9B售03  ,0,0,0,0,0,0,0,0,0,10000,0,0,0,10000,0,10000,10000
07940P,國巨群益9B售06  ,0,0,0,0,0,0,0,0,0,10000,0,0,0,10000,0,10000,10000
07889P,旭富國票9B售01  ,0,0,0,0,0,0,0,0,0,10000,0,0,0,10000,0,10000,10000
07899P,和大凱基9B售01  ,0,0,0,0,0,0,0,0,0,10000,0,0,0,30000,20000,10000,10000
07653P,華新科群益9A售05,0,0,0,0,0,0,0,0,0,10000,0,0,0,10000,0,10000,10000
07689P,旺宏元大9A售13  ,0,0,0,0,0,0,0,0,0,10000,0,0,0,110000,100000,10000,10000
07575P,瑞昱元大9A售02  ,0,0,0,0,0,0,0,0,0,10000,0,0,0,10000,0,10000,10000
07744P,奇力新凱基9A售05,0,0,0,0,0,0,0,0,0,10000,0,0,0,20000,10000,10000,10000
07114P,旺宏兆豐9A售01  ,0,0,0,0,0,0,0,0,0,10000,0,0,0,121000,111000,10000,10000
07481P,大立光台新9A售01,0,0,0,0,0,0,0,0,0,10000,0,0,0,10000,0,10000,10000
07353P,大立光國票99售02,0,0,0,0,0,0,0,0,0,10000,0,0,0,10000,0,10000,10000
060561,台積電富邦04購01,0,0,0,0,0,0,0,0,0,10000,0,0,0,10000,0,10000,10000
060598,鴻海凱基9A購20  ,0,0,0,0,0,0,0,0,0,10000,0,0,0,10000,0,10000,10000
060543,鴻海凱基9B購02  ,0,0,0,0,0,0,0,0,0,10000,0,0,0,10000,0,10000,10000
060552,群創凱基9B購05  ,0,0,0,0,0,0,0,0,0,10000,0,0,0,15000,5000,10000,10000
060541,正隆凱基9A購01  ,0,0,0,0,0,0,0,0,0,10000,0,0,0,10000,0,10000,10000
060505,友達元大9C購05  ,0,0,0,0,0,0,0,0,0,10000,0,0,0,10000,0,10000,10000
060472,中租元大9A購02  ,0,0,0,0,0,0,0,0,0,10000,0,0,0,10000,0,10000,10000
059738,上証2X元富99購01,0,0,0,0,0,0,0,0,0,10000,0,0,0,10000,0,10000,10000
059726,華新科元大99購18,0,0,0,0,0,0,0,0,0,10000,0,0,0,12000,2000,10000,10000
060659,鴻海凱基9B購03  ,0,0,0,0,0,0,0,0,0,10000,0,0,0,10000,0,10000,10000
060627,國巨國泰9B購05  ,0,0,0,0,0,0,0,0,0,10000,0,0,0,10000,0,10000,10000
061012,國巨麥證9A購03  ,0,0,0,33000,0,33000,0,0,0,10000,0,0,0,33000,23000,10000,10000
057997,旺宏第一9C購01  ,0,0,0,0,0,0,0,0,0,10000,0,0,0,10000,0,10000,10000
057971,華新科富邦9B購02,0,0,0,0,0,0,0,0,0,10000,0,0,0,30000,20000,10000,10000
057889,致新群益99購01  ,0,0,0,0,0,0,0,0,0,10000,0,0,0,10000,0,10000,10000
057895,全新元富9B購01  ,0,0,0,0,0,0,0,0,0,10000,0,0,0,10000,0,10000,10000
060222,貿聯凱基9A購02  ,0,0,0,0,0,0,0,0,0,10000,0,0,0,10000,0,10000,10000
058731,貿聯永豐99購02  ,0,0,0,0,0,0,0,0,0,10000,0,0,0,10000,0,10000,10000
060049,華通凱基99購06  ,0,0,0,0,0,0,0,0,0,10000,0,0,0,10000,0,10000,10000
058810,國巨統一9B購04  ,0,0,0,0,0,0,0,0,0,10000,0,0,0,10000,0,10000,10000
058828,大毅永豐99購01  ,0,0,0,0,0,0,0,0,0,10000,0,0,0,10000,0,10000,10000
058763,和碩群益99購01  ,0,0,0,0,0,0,0,0,0,10000,0,0,0,10000,0,10000,10000
058765,緯穎群益99購03  ,0,0,0,0,0,0,0,0,0,10000,0,0,0,10000,0,10000,10000
058881,全新永豐99購01  ,0,0,0,0,0,0,0,0,0,10000,0,0,0,10000,0,10000,10000
059699,華通凱基99購04  ,0,0,0,0,0,0,0,0,0,10000,0,0,0,10000,0,10000,10000
059663,旭富元大9C購02  ,0,0,0,0,0,0,0,0,0,10000,0,0,0,10000,0,10000,10000
059665,嘉聯益元大99購06,0,0,0,0,0,0,0,0,0,10000,0,0,0,10000,0,10000,10000
059641,群創凱基99購06  ,0,0,0,0,0,0,0,0,0,10000,0,0,0,10000,0,10000,10000
059006,樺漢元大99購01  ,0,0,0,0,0,0,0,0,0,10000,0,0,0,10000,0,10000,10000
059030,奇力新兆豐99購03,0,0,0,0,0,0,0,0,0,10000,0,0,0,10000,0,10000,10000
064229,台表科國票01購01,0,0,0,0,0,0,0,0,0,10000,0,0,0,10000,0,10000,10000
063557,聚陽元大9B購01  ,0,0,0,0,0,0,0,0,0,10000,0,0,0,10000,0,10000,10000
064267,南六永豐9C購03  ,0,0,0,0,0,0,0,0,0,10000,0,0,0,10000,0,10000,10000
064258,臻鼎國泰01購02  ,0,0,0,0,0,0,0,0,0,10000,0,0,0,10000,0,10000,10000
062719,微星凱基9B購01  ,0,0,0,0,0,0,0,0,0,10000,0,0,0,20000,10000,10000,10000
062698,台積電元大01購01,0,0,0,0,0,0,0,0,0,10000,0,0,0,10000,0,10000,10000
061739,奇力新凱基9C購01,0,0,0,0,0,0,0,0,0,10000,0,0,0,20000,10000,10000,10000
058718,台灣50元富03購01,0,0,0,0,0,0,0,0,0,10000,0,0,0,10000,0,10000,10000
061711,台積電凱基9A購27,0,0,0,0,0,0,0,0,0,10000,0,0,0,28000,18000,10000,10000
058299,同欣電凱基9A購01,0,0,0,0,0,0,0,0,0,10000,0,0,0,20000,10000,10000,10000
058352,鴻海凱基9A購05  ,0,0,0,0,0,0,0,0,0,10000,0,0,0,10000,0,10000,10000
058422,百和麥證99購01  ,0,0,0,10000,0,10000,0,0,0,10000,0,0,0,10000,0,10000,10000
058296,明泰凱基99購01  ,0,0,0,0,0,0,0,0,0,10000,0,0,0,10000,0,10000,10000
058250,台虹元大99購01  ,0,0,0,0,0,0,0,0,0,10000,0,0,0,10000,0,10000,10000
058433,台積電統一9B購04,0,0,0,0,0,0,0,0,0,10000,0,0,0,10000,0,10000,10000
058575,智邦群益99購01  ,0,0,0,0,0,0,0,0,0,10000,0,0,0,10000,0,10000,10000
058585,S&P正2中信9B購02,0,0,0,0,0,0,0,0,0,10000,0,0,0,10000,0,10000,10000
058128,FBVIX元大9C購02 ,0,0,0,0,0,0,0,0,0,10000,0,0,0,10000,0,10000,10000
058136,景碩元大99購02  ,0,0,0,0,0,0,0,0,0,10000,0,0,0,10000,0,10000,10000
058113,百和元富98購01  ,0,0,0,0,0,0,0,0,0,10000,0,0,0,10000,0,10000,10000
02001L,富邦蘋果正二N   ,0,0,0,0,0,0,0,0,0,10000,0,0,0,10000,0,10000,10000
03180P,台灣50元大01售39,0,0,0,0,0,0,0,0,0,10000,0,0,0,10000,0,10000,10000
03104P,大立光元富04售01,0,0,0,0,0,0,0,0,0,10000,0,0,0,10000,0,10000,10000
03092P,臺股指元大01售21,0,0,0,0,0,0,0,0,0,10000,0,0,0,10000,0,10000,10000
03085P,台積電元大01售34,0,0,0,0,0,0,0,0,0,10000,0,0,0,10000,0,10000,10000
057394,台積電中信9C購02,0,0,0,0,0,0,0,0,0,10000,0,0,0,10000,0,10000,10000
057306,玉晶光兆豐99購01,0,0,0,0,0,0,0,0,0,10000,0,0,0,13000,3000,10000,10000
057224,和碩日盛9A購01  ,0,0,0,0,0,0,0,0,0,10000,0,0,0,10000,0,10000,10000
057180,華新科元大99購08,0,0,0,0,0,0,0,0,0,10000,0,0,0,10000,0,10000,10000
052475,滬深2X群益99購06,0,0,0,0,0,0,0,0,0,10000,0,0,0,10000,0,10000,10000
054805,台苯元大9A購01  ,0,0,0,0,0,0,0,0,0,10000,0,0,0,10000,0,10000,10000
054742,京鼎凱基99購01  ,0,0,0,0,0,0,0,0,0,10000,0,0,0,10000,0,10000,10000
046903,友達凱基99購01  ,0,0,0,0,0,0,0,0,0,10000,0,0,0,10000,0,10000,10000
046905,新光金凱基99購01,0,0,0,0,0,0,0,0,0,10000,0,0,0,10000,0,10000,10000
046949,群創元大99購01  ,0,0,0,0,0,0,0,0,0,10000,0,0,0,20000,10000,10000,10000
047548,友達凱基99購03  ,0,0,0,0,0,0,0,0,0,10000,0,0,0,10000,0,10000,10000
057739,新日興富邦9B購01,0,0,0,0,0,0,0,0,0,10000,0,0,0,10000,0,10000,10000
055523,道瓊銀群益9A購01,0,0,0,0,0,0,0,0,0,10000,0,0,0,10000,0,10000,10000
055034,建準富邦99購01  ,0,0,0,0,0,0,0,0,0,10000,0,0,0,10000,0,10000,10000
056232,瑞儀凱基98購01  ,0,0,0,0,0,0,0,0,0,10000,0,0,0,10000,0,10000,10000
056668,光磊國票99購01  ,0,0,0,0,0,0,0,0,0,10000,0,0,0,34000,24000,10000,10000
056607,貿聯富邦99購02  ,0,0,0,0,0,0,0,0,0,10000,0,0,0,10000,0,10000,10000
056646,奇鋐凱基99購02  ,0,0,0,0,0,0,0,0,0,10000,0,0,0,10000,0,10000,10000
056547,臻鼎凱基99購01  ,0,0,0,0,0,0,0,0,0,10000,0,0,0,10000,0,10000,10000
056353,鴻海元大99購02  ,0,0,0,0,0,0,0,0,0,10000,0,0,0,10000,0,10000,10000
056356,台積電元大99購01,0,0,0,0,0,0,0,0,0,10000,0,0,0,10000,0,10000,10000
056390,台積電富邦9B購01,0,0,0,0,0,0,0,0,0,10000,0,0,0,10000,0,10000,10000
059236,鴻海凱基99購09  ,0,0,0,0,0,0,0,0,0,10000,0,0,0,10000,0,10000,10000
060706,群創富邦9A購01  ,0,0,0,0,0,0,0,0,0,10000,0,0,0,10000,0,10000,10000
060688,世紀鋼元大9C購01,0,0,0,0,0,0,0,0,0,10000,0,0,0,10000,0,10000,10000
060769,國巨麥證9A購02  ,0,0,0,20000,0,20000,0,0,0,10000,0,0,0,20000,10000,10000,10000
059427,國巨元大99購24  ,0,0,0,0,0,0,0,0,0,10000,0,0,0,16000,6000,10000,10000
059461,鈺齊永豐99購03  ,0,0,0,0,0,0,0,0,0,10000,0,0,0,10000,0,10000,10000
059351,台虹凱基99購01  ,0,0,0,0,0,0,0,0,0,10000,0,0,0,10000,0,10000,10000
059346,新日興凱基99購03,0,0,0,0,0,0,0,0,0,10000,0,0,0,10000,0,10000,10000
059339,上銀凱基99購06  ,0,0,0,0,0,0,0,0,0,10000,0,0,0,10000,0,10000,10000
059340,鴻海凱基9A購12  ,0,0,0,0,0,0,0,0,0,10000,0,0,0,10000,0,10000,10000
059386,上銀凱基99購07  ,0,0,0,0,0,0,0,0,0,10000,0,0,0,20000,10000,10000,10000
059359,精元永豐99購01  ,0,0,0,0,0,0,0,0,0,10000,0,0,0,10000,0,10000,10000
064173,國產元富9C購01  ,0,0,0,0,0,0,0,0,0,10000,0,0,0,10000,0,10000,10000
064149,美律統一02購01  ,0,0,0,0,0,0,0,0,0,10000,0,0,0,10000,0,10000,10000
062767,GIS凱基9B購02   ,0,0,0,0,0,0,0,0,0,10000,0,0,0,10000,0,10000,10000
064318,彩晶群益9C購01  ,0,0,0,0,0,0,0,0,0,10000,0,0,0,10000,0,10000,10000
064305,健鼎兆豐9C購02  ,0,0,0,0,0,0,0,0,0,10000,0,0,0,10000,0,10000,10000
063979,健鼎兆豐9C購01  ,0,0,0,0,0,0,0,0,0,10000,0,0,0,10000,0,10000,10000
063995,健鼎群益9C購01  ,0,0,0,0,0,0,0,0,0,10000,0,0,0,10000,0,10000,10000
063424,新日興凱基01購01,0,0,0,0,0,0,0,0,0,10000,0,0,0,10000,0,10000,10000
063313,南亞科群益9B購02,0,0,0,0,0,0,0,0,0,10000,0,0,0,10000,0,10000,10000
063301,鴻海凱基9B購08  ,0,0,0,0,0,0,0,0,0,10000,0,0,0,20000,10000,10000,10000
063603,友達凱基9B購05  ,0,0,0,0,0,0,0,0,0,10000,0,0,0,10000,0,10000,10000
063604,群創凱基01購02  ,0,0,0,0,0,0,0,0,0,10000,0,0,0,20000,10000,10000,10000
064673,南茂元大9C購01  ,0,0,0,0,0,0,0,0,0,10000,0,0,0,10000,0,10000,10000
063180,台塑凱基9B購01  ,0,0,0,0,0,0,0,0,0,10000,0,0,0,110000,100000,10000,10000
061865,力山元大9B購01  ,0,0,0,0,0,0,0,0,0,10000,0,0,0,10000,0,10000,10000
064414,臺股指凱基9C購10,0,0,0,0,0,0,0,0,0,10000,0,0,0,10000,0,10000,10000
064429,鴻海凱基03購03  ,0,0,0,0,0,0,0,0,0,10000,0,0,0,10000,0,10000,10000
062927,同欣電國票9B購02,0,0,0,0,0,0,0,0,0,10000,0,0,0,10000,0,10000,10000
062936,鴻海凱基9B購07  ,0,0,0,0,0,0,0,0,0,10000,0,0,0,10000,0,10000,10000
063903,國巨麥證01購01  ,0,0,0,14000,0,14000,0,0,0,10000,0,0,0,14000,4000,10000,10000
061403,滬深2X國票9A購06,0,0,0,0,0,0,0,0,0,10000,0,0,0,10000,0,10000,10000
061364,國巨國票9A購09  ,0,0,0,0,0,0,0,0,0,10000,0,0,0,13000,3000,10000,10000
061390,大立光群益9A購04,0,0,0,0,0,0,0,0,0,10000,0,0,0,10000,0,10000,10000
061282,台積電統一9C購06,0,0,0,0,0,0,0,0,0,10000,0,0,0,20000,10000,10000,10000
061264,全新凱基9B購01  ,0,0,0,0,0,0,0,0,0,10000,0,0,0,10000,0,10000,10000
061235,台積電元大9A購23,0,0,0,0,0,0,0,0,0,10000,0,0,0,10000,0,10000,10000
062211,玉晶光台新9B購01,0,0,0,0,0,0,0,0,0,10000,0,0,0,10000,0,10000,10000
063788,矽創統一02購01  ,0,0,0,0,0,0,0,0,0,10000,0,0,0,10000,0,10000,10000
062038,鴻海凱基9B購05  ,0,0,0,0,0,0,0,0,0,10000,0,0,0,10000,0,10000,10000
062023,寶成永豐9B購01  ,0,0,0,0,0,0,0,0,0,10000,0,0,0,10000,0,10000,10000
063796,鴻海凱基9C購02  ,0,0,0,0,0,0,0,0,0,10000,0,0,0,10000,0,10000,10000
062055,鴻海統一9C購07  ,0,0,0,0,0,0,0,0,0,10000,0,0,0,10000,0,10000,10000
063125,華擎元大9C購02  ,0,0,0,0,0,0,0,0,0,10000,0,0,0,10000,0,10000,10000
063078,元金2X凱基02購03,0,0,0,0,0,0,0,0,0,10000,0,0,0,10000,0,10000,10000
064976,景碩元大9C購01  ,0,0,0,0,0,0,0,0,0,10000,0,0,0,10000,0,10000,10000
065098,致伸元大9C購02  ,0,0,0,0,0,0,0,0,0,10000,0,0,0,10000,0,10000,10000
065069,臺股指群益9C購17,0,0,0,0,0,0,0,0,0,10000,0,0,0,20000,10000,10000,10000
065082,台光電元大9C購04,0,0,0,0,0,0,0,0,0,10000,0,0,0,10000,0,10000,10000
064790,金像電國票01購01,0,0,0,0,0,0,0,0,0,10000,0,0,0,10000,0,10000,10000
064965,臺指反元大03購02,0,0,0,0,0,0,0,0,0,10000,0,0,0,10000,0,10000,10000
062495,友達中信01購02  ,0,0,0,0,0,0,0,0,0,10000,0,0,0,10000,0,10000,10000
062461,智伸科群益9B購01,0,0,0,0,0,0,0,0,0,10000,0,0,0,10000,0,10000,10000
062455,鴻海群益9C購01  ,0,0,0,0,0,0,0,0,0,10000,0,0,0,20000,10000,10000,10000
062272,鴻海群益9B購05  ,0,0,0,0,0,0,0,0,0,10000,0,0,0,10000,0,10000,10000
062349,新日興群益9B購02,0,0,0,0,0,0,0,0,0,10000,0,0,0,10000,0,10000,10000
062544,信錦永豐9B購01  ,0,0,0,0,0,0,0,0,0,10000,0,0,0,10000,0,10000,10000
062541,臻鼎國泰01購01  ,0,0,0,0,0,0,0,0,0,10000,0,0,0,10000,0,10000,10000
062658,聯茂第一9B購01  ,0,0,0,0,0,0,0,0,0,10000,0,0,0,10000,0,10000,10000
062630,全新國票9B購02  ,0,0,0,0,0,0,0,0,0,10000,0,0,0,10000,0,10000,10000
064604,聯茂元富9C購01  ,0,0,0,0,0,0,0,0,0,10000,0,0,0,10000,0,10000,10000
061545,華新科群益9A購09,0,0,0,0,0,0,0,0,0,10000,0,0,0,33000,23000,10000,10000
061532,和大統一9C購02  ,0,0,0,0,0,0,0,0,0,10000,0,0,0,10000,0,10000,10000
061642,創意元大9A購04  ,0,0,0,0,0,0,0,0,0,10000,0,0,0,10000,0,10000,10000
061607,台表科凱基9B購02,0,0,0,0,0,0,0,0,0,10000,0,0,0,20000,10000,10000,10000
064521,群創群益02購01  ,0,0,0,0,0,0,0,0,0,10000,0,0,0,31000,21000,10000,10000
064523,聯茂群益9C購01  ,0,0,0,0,0,0,0,0,0,10000,0,0,0,10000,0,10000,10000
065619,金融類元大9C購02,0,0,0,0,0,0,0,0,0,10000,0,0,0,10000,0,10000,10000
065624,聯詠中信9C購01  ,0,0,0,0,0,0,0,0,0,10000,0,0,0,20000,10000,10000,10000
065629,台積電國票01購04,0,0,0,0,0,0,0,0,0,10000,0,0,0,35000,25000,10000,10000
065553,聯詠凱基9C購03  ,0,0,0,0,0,0,0,0,0,10000,0,0,0,10000,0,10000,10000
065822,緯創台新9C購01  ,0,0,0,0,0,0,0,0,0,10000,0,0,0,10000,0,10000,10000
065737,南茂凱基9C購02  ,0,0,0,0,0,0,0,0,0,10000,0,0,0,13000,3000,10000,10000
065399,新日興群益01購01,0,0,0,0,0,0,0,0,0,10000,0,0,0,16000,6000,10000,10000
065354,金像電元富03購01,0,0,0,0,0,0,0,0,0,10000,0,0,0,10000,0,10000,10000
065369,瑞昱元大9C購01  ,0,0,0,0,0,0,0,0,0,10000,0,0,0,10000,0,10000,10000
065541,GIS統一01購05   ,0,0,0,0,0,0,0,0,0,10000,0,0,0,15000,5000,10000,10000
065525,瑞儀群益01購01  ,0,0,0,0,0,0,0,0,0,10000,0,0,0,10000,0,10000,10000
065313,聯茂國票01購01  ,0,0,0,0,0,0,0,0,0,10000,0,0,0,40000,30000,10000,10000
065161,矽格群益9C購01  ,0,0,0,0,0,0,0,0,0,10000,0,0,0,10000,0,10000,10000
065222,玉晶光永豐9C購07,0,0,0,0,0,0,0,0,0,10000,0,0,0,64000,54000,10000,10000
065253,和大元大01購02  ,0,0,0,0,0,0,0,0,0,10000,0,0,0,10000,0,10000,10000
065245,國泰金兆豐9C購01,0,0,0,0,0,0,0,0,0,10000,0,0,0,10000,0,10000,10000
065235,旭富凱基02購01  ,0,0,0,0,0,0,0,0,0,10000,0,0,0,20000,10000,10000,10000
066374,臺股指中信04購01,0,0,0,0,0,0,0,0,0,10000,0,0,0,460000,450000,10000,10000
066375,南亞科兆豐01購01,0,0,0,0,0,0,0,0,0,10000,0,0,0,10000,0,10000,10000
06631P,玉晶光群益9A售03,0,0,0,0,0,0,0,0,0,10000,0,0,0,60000,50000,10000,10000
066264,金像電元大01購01,0,0,0,0,0,0,0,0,0,10000,0,0,0,10000,0,10000,10000
06627P,華新科元富99售01,0,0,0,0,0,0,0,0,0,10000,0,0,0,10000,0,10000,10000
066270,國揚元大01購01  ,0,0,0,0,0,0,0,0,0,10000,0,0,0,10000,0,10000,10000
066443,智原群益01購01  ,0,0,0,0,0,0,0,0,0,10000,0,0,0,10000,0,10000,10000
066431,台郡元大02購01  ,0,0,0,0,0,0,0,0,0,10000,0,0,0,50000,40000,10000,10000
066435,臺指反群益03購01,0,0,0,0,0,0,0,0,0,10000,0,0,0,10000,0,10000,10000
066559,聯鈞元大01購03  ,0,0,0,0,0,0,0,0,0,10000,0,0,0,10000,0,10000,10000
065990,華擎永豐01購01  ,0,0,0,0,0,0,0,0,0,10000,0,0,0,10000,0,10000,10000
066042,正崴元大02購01  ,0,0,0,0,0,0,0,0,0,10000,0,0,0,75000,65000,10000,10000
066176,華擎凱基01購01  ,0,0,0,0,0,0,0,0,0,10000,0,0,0,10000,0,10000,10000
066149,潤泰新群益01購01,0,0,0,0,0,0,0,0,0,10000,0,0,0,10000,0,10000,10000
066150,國巨麥證01購02  ,0,0,0,14000,0,14000,0,0,0,10000,0,0,0,14000,4000,10000,10000
066158,惠特康和01購01  ,0,0,0,0,0,0,0,0,0,10000,0,0,0,10000,0,10000,10000
066608,國巨麥證01購03  ,0,0,0,10000,0,10000,0,0,0,10000,0,0,0,10000,0,10000,10000
066609,國巨麥證01購04  ,0,0,0,26000,0,26000,0,0,0,10000,0,0,0,26000,16000,10000,10000
066591,華新科群益01購05,0,0,0,0,0,0,0,0,0,10000,0,0,0,137000,127000,10000,10000
066735,智原元大01購03  ,0,0,0,0,0,0,0,0,0,10000,0,0,0,10000,0,10000,10000
066778,緯穎富邦03購01  ,0,0,0,0,0,0,0,0,0,10000,0,0,0,10000,0,10000,10000
066744,和碩元大01購02  ,0,0,0,0,0,0,0,0,0,10000,0,0,0,37000,27000,10000,10000
067115,京鼎群益02購05  ,0,0,0,0,0,0,0,0,0,10000,0,0,0,33000,23000,10000,10000
067156,樺漢統一04購01  ,0,0,0,0,0,0,0,0,0,10000,0,0,0,30000,20000,10000,10000
067170,台積電麥證01購08,0,0,0,10000,0,10000,0,0,0,10000,0,0,0,10000,0,10000,10000
067182,鴻海凱基02購05  ,0,0,0,0,0,0,0,0,0,10000,0,0,0,10000,0,10000,10000
066967,台積電元富07購03,0,0,0,0,0,0,0,0,0,10000,0,0,0,10000,0,10000,10000
067030,南電兆豐03購01  ,0,0,0,0,0,0,0,0,0,10000,0,0,0,10000,0,10000,10000
067015,義隆富邦04購01  ,0,0,0,0,0,0,0,0,0,10000,0,0,0,50000,40000,10000,10000
067865,友達元大01購02  ,0,0,0,0,0,0,0,0,0,10000,0,0,0,10000,0,10000,10000
067854,力成國票02購01  ,0,0,0,0,0,0,0,0,0,10000,0,0,0,10000,0,10000,10000
067909,玉晶光國泰03購02,0,10000,-10000,0,0,0,0,0,0,20000,0,0,0,20000,0,20000,10000
067897,玉晶光群益02購11,0,0,0,0,0,0,0,0,0,10000,0,0,0,27000,17000,10000,10000
067899,玉晶光群益02購13,0,0,0,0,0,0,0,0,0,10000,0,0,0,19000,9000,10000,10000
067727,聯茂凱基01購02  ,0,0,0,0,0,0,0,0,0,10000,0,0,0,20000,10000,10000,10000
067747,同欣電元大01購04,0,0,0,0,0,0,0,0,0,10000,0,0,0,69000,59000,10000,10000
067788,致伸群益03購02  ,0,0,0,0,0,0,0,0,0,10000,0,0,0,10000,0,10000,10000
067765,百和永豐01購01  ,0,0,0,0,0,0,0,0,0,10000,0,0,0,47000,37000,10000,10000
067301,漢唐元大01購02  ,0,0,0,0,0,0,0,0,0,10000,0,0,0,26000,16000,10000,10000
067342,新日興凱基01購02,0,0,0,0,0,0,0,0,0,10000,0,0,0,10000,0,10000,10000
067445,台積電國票01購06,0,0,0,0,0,0,0,0,0,10000,0,0,0,110000,100000,10000,10000
067605,新日興凱基02購02,0,0,0,0,0,0,0,0,0,10000,0,0,0,10000,0,10000,10000
067582,華通群益02購04  ,0,0,0,0,0,0,0,0,0,10000,0,0,0,20000,10000,10000,10000
067583,金像電群益01購05,0,0,0,0,0,0,0,0,0,10000,0,0,0,10000,0,10000,10000
067569,台積電麥證01購10,0,0,0,10000,0,10000,0,0,0,10000,0,0,0,10000,0,10000,10000
067527,遠東新群益01購01,0,0,0,0,0,0,0,0,0,10000,0,0,0,30000,20000,10000,10000
067540,新日興群益02購01,0,0,0,0,0,0,0,0,0,10000,0,0,0,10000,0,10000,10000
912000,晨訊科-DR       ,10000,0,10000,0,0,0,0,0,0,0,0,0,0,0,0,0,10000
1437,勤益控          ,8000,1000,7000,0,0,0,0,0,0,3000,3000,0,3000,0,0,0,10000
08862P,台積電元大01售24,0,0,0,0,0,0,0,0,0,10000,0,0,0,10000,0,10000,10000
08847P,滬深2X群益03售06,0,0,0,0,0,0,0,0,0,10000,0,0,0,10000,0,10000,10000
08855P,台灣50國票01售05,0,0,0,0,0,0,0,0,0,10000,0,0,0,10000,0,10000,10000
08812P,聯發科群益01售01,0,0,0,0,0,0,0,0,0,10000,0,0,0,124000,114000,10000,10000
08766P,臺股指中信03售03,0,0,0,0,0,0,0,0,0,10000,0,0,0,10000,0,10000,10000
08965P,台灣50元大01售30,0,0,0,0,0,0,0,0,0,10000,0,0,0,15000,5000,10000,10000
08969P,臺股指元大01售12,0,0,0,0,0,0,0,0,0,10000,0,0,0,40000,30000,10000,10000
08691P,鎧勝中信05售02  ,0,0,0,0,0,0,0,0,0,10000,0,0,0,10000,0,10000,10000
08573P,台積電凱基9C售06,0,0,0,0,0,0,0,0,0,10000,0,0,0,10000,0,10000,10000
08592P,聯發科凱基01售06,0,0,0,0,0,0,0,0,0,10000,0,0,0,10000,0,10000,10000
2706,第一店          ,22000,12000,10000,0,0,0,0,0,0,0,0,0,0,0,0,0,10000
2505,國揚            ,2470000,1776000,694000,0,0,0,0,0,0,-684000,0,0,0,40000,724000,-684000,10000
2495,普安            ,27000,18000,9000,0,0,0,0,0,0,1000,1000,0,1000,0,0,0,10000
2365,昆盈            ,60000,51000,9000,0,0,0,0,0,0,1000,1000,0,1000,0,0,0,10000
07182P,臺股指凱基99售24,0,0,0,0,0,0,0,0,0,9000,0,0,0,9000,0,9000,9000
07694P,超眾元大9A售05  ,0,0,0,0,0,0,0,0,0,9000,0,0,0,25000,16000,9000,9000
07651P,道瓊指中信01售01,0,0,0,0,0,0,0,0,0,9000,0,0,0,9000,0,9000,9000
069706,旺宏國票03購01  ,0,0,0,0,0,0,0,0,0,9000,0,0,0,9000,0,9000,9000
068777,台積電元富08購02,0,0,0,0,0,0,0,0,0,9000,0,0,0,11000,2000,9000,9000
068314,南電國票03購02  ,0,0,0,0,0,0,0,0,0,9000,0,0,0,73000,64000,9000,9000
067988,台積電元大01購30,0,0,0,0,0,0,0,0,0,9000,0,0,0,9000,0,9000,9000
068058,聯電中信03購02  ,0,0,0,0,0,0,0,0,0,9000,0,0,0,14000,5000,9000,9000
060861,漢唐永豐9A購01  ,0,0,0,0,0,0,0,0,0,9000,0,0,0,37000,28000,9000,9000
055679,華通凱基99購01  ,0,0,0,0,0,0,0,0,0,9000,0,0,0,9000,0,9000,9000
051432,群創元富99購03  ,0,0,0,0,0,0,0,0,0,9000,0,0,0,9000,0,9000,9000
050754,元金2X元富9B購01,0,0,0,0,0,0,0,0,0,9000,0,0,0,9000,0,9000,9000
057244,鈺齊凱基99購01  ,0,0,0,0,0,0,0,0,0,9000,0,0,0,9000,0,9000,9000
056700,華新科國泰99購03,0,0,0,0,0,0,0,0,0,9000,0,0,0,9000,0,9000,9000
020016,統一MSCI美科技N ,0,0,0,0,0,0,0,0,0,9000,0,0,0,10000,1000,9000,9000
059825,嘉晶凱基99購02  ,0,0,0,0,0,0,0,0,0,9000,0,0,0,35000,26000,9000,9000
064288,瀚宇博元大9C購02,0,0,0,0,0,0,0,0,0,9000,0,0,0,10000,1000,9000,9000
059996,美律元富99購01  ,0,0,0,0,0,0,0,0,0,9000,0,0,0,9000,0,9000,9000
061037,嘉澤永豐9A購01  ,0,0,0,0,0,0,0,0,0,9000,0,0,0,11000,2000,9000,9000
059761,國巨永豐99購06  ,0,0,0,0,0,0,0,0,0,9000,0,0,0,11000,2000,9000,9000
060362,建準元富9A購02  ,0,0,0,0,0,0,0,0,0,9000,0,0,0,9000,0,9000,9000
060470,台勝科元大9A購03,0,0,0,0,0,0,0,0,0,9000,0,0,0,9000,0,9000,9000
060542,上銀凱基9A購04  ,0,0,0,0,0,0,0,0,0,9000,0,0,0,19000,10000,9000,9000
061512,國巨永豐9A購04  ,0,0,0,0,0,0,0,0,0,9000,0,0,0,29000,20000,9000,9000
064556,華通群益02購02  ,0,0,0,0,0,0,0,0,0,9000,0,0,0,10000,1000,9000,9000
064586,緯創永豐9C購01  ,0,0,0,0,0,0,0,0,0,9000,0,0,0,11000,2000,9000,9000
062566,嘉晶中信9C購01  ,0,0,0,0,0,0,0,0,0,9000,0,0,0,31000,22000,9000,9000
065078,台積電元大02購01,0,0,0,0,0,0,0,0,0,9000,0,0,0,9000,0,9000,9000
063087,南六凱基9C購02  ,0,0,0,0,0,0,0,0,0,9000,0,0,0,9000,0,9000,9000
063752,瑞祺國票9C購01  ,0,0,0,0,0,0,0,0,0,9000,0,0,0,106000,97000,9000,9000
062177,上銀元大9B購02  ,0,0,0,0,0,0,0,0,0,9000,0,0,0,15000,6000,9000,9000
061388,台積電群益9A購05,0,0,0,0,0,0,0,0,0,9000,0,0,0,90000,81000,9000,9000
063902,志超群益9C購01  ,0,0,0,0,0,0,0,0,0,9000,0,0,0,9000,0,9000,9000
063458,正隆元大9B購01  ,0,0,0,0,0,0,0,0,0,9000,0,0,0,14000,5000,9000,9000
067514,申豐統一02購05  ,0,0,0,0,0,0,0,0,0,9000,0,0,0,33000,24000,9000,9000
067741,中壽元大01購01  ,0,0,0,0,0,0,0,0,0,9000,0,0,0,9000,0,9000,9000
067828,聯鈞兆豐03購01  ,0,0,0,0,0,0,0,0,0,9000,0,0,0,25000,16000,9000,9000
067166,華通麥證01購01  ,0,0,0,9000,0,9000,0,0,0,9000,0,0,0,9000,0,9000,9000
067259,聯茂國票02購01  ,0,0,0,0,0,0,0,0,0,9000,0,0,0,29000,20000,9000,9000
066784,滬深反中信03購01,0,0,0,0,0,0,0,0,0,9000,0,0,0,9000,0,9000,9000
066160,美利達康和01購01,0,0,0,0,0,0,0,0,0,9000,0,0,0,97000,88000,9000,9000
066487,聯詠元富01購03  ,0,0,0,0,0,0,0,0,0,9000,0,0,0,9000,0,9000,9000
065176,玉晶光元大01購04,0,0,0,0,0,0,0,0,0,9000,0,0,0,141000,132000,9000,9000
065775,神隆國泰03購01  ,0,0,0,0,0,0,0,0,0,9000,0,0,0,31000,22000,9000,9000
065680,聯發科統一9C購16,0,0,0,0,0,0,0,0,0,9000,0,0,0,439000,430000,9000,9000
4438,廣越            ,35000,3000,32000,0,0,0,0,23000,-23000,0,0,0,0,0,0,0,9000
3617,碩天            ,28000,19000,9000,0,0,0,0,0,0,0,0,0,0,0,0,0,9000
08646P,臺股指中信03售02,0,0,0,0,0,0,0,0,0,9000,0,0,0,9000,0,9000,9000
1452,宏益            ,9000,0,9000,0,0,0,0,0,0,0,0,0,0,0,0,0,9000
1203,味王            ,9000,0,9000,0,0,0,0,0,0,0,0,0,0,0,0,0,9000
1232,大統益          ,13000,4000,9000,0,0,0,0,0,0,0,0,0,0,0,0,0,9000
068099,GIS富邦01購01   ,0,0,0,0,0,0,0,0,0,8000,0,0,0,20000,12000,8000,8000
068003,玉晶光元大01購12,0,0,0,0,0,0,0,0,0,8000,0,0,0,672000,664000,8000,8000
068713,台灣50元大02購05,0,0,0,0,0,0,0,0,0,8000,0,0,0,50000,42000,8000,8000
068843,國巨統一03購05  ,0,0,0,0,0,0,0,0,0,8000,0,0,0,37000,29000,8000,8000
068988,道瓊銀國泰03購01,0,0,0,0,0,0,0,0,0,8000,0,0,0,8000,0,8000,8000
07904P,聯發科群益9B售05,0,0,0,0,0,0,0,0,0,8000,0,0,0,8000,0,8000,8000
08262P,茂林元大9C售01  ,0,0,0,0,0,0,0,0,0,8000,0,0,0,30000,22000,8000,8000
060463,台積電元大9A購10,0,0,0,0,0,0,0,0,0,8000,0,0,0,8000,0,8000,8000
057813,京元電元大98購03,0,0,0,0,0,0,0,0,0,8000,0,0,0,10000,2000,8000,8000
060877,華邦電中信02購01,0,0,0,0,0,0,0,0,0,8000,0,0,0,20000,12000,8000,8000
058797,大毅元大99購03  ,0,0,0,0,0,0,0,0,0,8000,0,0,0,18000,10000,8000,8000
058817,嘉聯益台新99購01,0,0,0,0,0,0,0,0,0,8000,0,0,0,48000,40000,8000,8000
064210,台光電凱基03購01,0,0,0,0,0,0,0,0,0,8000,0,0,0,10000,2000,8000,8000
059838,茂林國泰9B購01  ,0,0,0,0,0,0,0,0,0,8000,0,0,0,8000,0,8000,8000
058681,大立光康和9B購01,0,0,0,0,0,0,0,0,0,8000,0,0,0,8000,0,8000,8000
061140,華擎統一9C購01  ,0,0,0,0,0,0,0,0,0,8000,0,0,0,8000,0,8000,8000
058398,中環元大99購02  ,0,0,0,0,0,0,0,0,0,8000,0,0,0,8000,0,8000,8000
03185P,台積電元大01售49,0,0,0,0,0,0,0,0,0,8000,0,0,0,10000,2000,8000,8000
03156P,台灣50元大01售36,0,0,0,0,0,0,0,0,0,8000,0,0,0,26000,18000,8000,8000
057586,台積電國票99購06,0,0,0,0,0,0,0,0,0,8000,0,0,0,8000,0,8000,8000
054586,健鼎國泰99購01  ,0,0,0,0,0,0,0,0,0,8000,0,0,0,8000,0,8000,8000
053584,友達元大9B購02  ,0,0,0,0,0,0,0,0,0,8000,0,0,0,8000,0,8000,8000
056200,大毅永豐98購01  ,0,0,0,0,0,0,0,0,0,8000,0,0,0,8000,0,8000,8000
059267,群創中信01購02  ,0,0,0,0,0,0,0,0,0,8000,0,0,0,27000,19000,8000,8000
061922,瑞昱凱基9B購01  ,0,0,0,0,0,0,0,0,0,8000,0,0,0,10000,2000,8000,8000
063237,微星元大9B購02  ,0,0,0,0,0,0,0,0,0,8000,0,0,0,8000,0,8000,8000
064761,神達凱基9C購01  ,0,0,0,0,0,0,0,0,0,8000,0,0,0,8000,0,8000,8000
063107,矽創群益9B購01  ,0,0,0,0,0,0,0,0,0,8000,0,0,0,10000,2000,8000,8000
062531,大立光統一9C購06,0,0,0,0,0,0,0,0,0,8000,0,0,0,8000,0,8000,8000
062275,燿華群益9B購01  ,0,0,0,0,0,0,0,0,0,8000,0,0,0,10000,2000,8000,8000
062443,大立光元大9B購05,0,0,0,0,0,0,0,0,0,8000,0,0,0,89000,81000,8000,8000
061994,瑞儀元大9B購01  ,0,0,0,0,0,0,0,0,0,8000,0,0,0,13000,5000,8000,8000
065579,南茂群益9C購02  ,0,0,0,0,0,0,0,0,0,8000,0,0,0,8000,0,8000,8000
065752,正崴元大9C購01  ,0,0,0,0,0,0,0,0,0,8000,0,0,0,13000,5000,8000,8000
065296,國巨統一01購10  ,0,0,0,0,0,0,0,0,0,8000,0,0,0,58000,50000,8000,8000
065509,上銀群益9C購04  ,0,0,0,0,0,0,0,0,0,8000,0,0,0,13000,5000,8000,8000
065432,景碩凱基9C購03  ,0,0,0,0,0,0,0,0,0,8000,0,0,0,9000,1000,8000,8000
066347,鎧勝永豐01購01  ,0,0,0,0,0,0,0,0,0,8000,0,0,0,48000,40000,8000,8000
066023,燿華群益01購02  ,0,0,0,0,0,0,0,0,0,8000,0,0,0,10000,2000,8000,8000
067146,台達電統一02購01,0,0,0,0,0,0,0,0,0,8000,0,0,0,11000,3000,8000,8000
067051,泰鼎凱基02購01  ,0,0,0,0,0,0,0,0,0,8000,0,0,0,8000,0,8000,8000
067536,大立光群益01購09,0,0,0,0,0,0,0,0,0,8000,0,0,0,33000,25000,8000,8000
067281,T50反1國票01購05,0,0,0,0,0,0,0,0,0,8000,0,0,0,602000,594000,8000,8000
1423,利華            ,12000,4000,8000,0,0,0,0,0,0,0,0,0,0,0,0,0,8000
1626,艾美特-KY       ,10000,2000,8000,0,0,0,0,0,0,0,0,0,0,0,0,0,8000
08725P,臺股指元大01售06,0,0,0,0,0,0,0,0,0,8000,0,0,0,18000,10000,8000,8000
08776P,上証2X群益03售02,0,0,0,0,0,0,0,0,0,8000,0,0,0,8000,0,8000,8000
4930,燦星網          ,4000,5000,-1000,0,0,0,0,0,0,9000,9000,0,9000,0,0,0,8000
8033,雷虎            ,14000,6000,8000,0,0,0,0,0,0,0,0,0,0,0,0,0,8000
2882B,國泰金乙特      ,0,0,0,0,0,0,0,0,0,8000,8000,0,8000,0,0,0,8000
9942,茂順            ,12000,4000,8000,0,0,0,0,0,0,0,0,0,0,0,0,0,8000
9937,全國            ,10000,2000,8000,0,0,0,0,0,0,0,0,0,0,0,0,0,8000
07782P,寶成凱基9A售02  ,0,0,0,0,0,0,0,0,0,7000,0,0,0,7000,0,7000,7000
07267P,臺股指元大99售23,0,0,0,0,0,0,0,0,0,7000,0,0,0,7000,0,7000,7000
069776,創意元大02購04  ,0,0,0,0,0,0,0,0,0,7000,0,0,0,7000,0,7000,7000
068967,茂林群益02購01  ,0,0,0,0,0,0,0,0,0,7000,0,0,0,115000,108000,7000,7000
068958,臺股指凱基04購06,0,0,0,0,0,0,0,0,0,7000,0,0,0,12000,5000,7000,7000
069031,台積電統一04購07,0,0,0,0,0,0,0,0,0,7000,0,0,0,7000,0,7000,7000
069063,台積電麥證02購05,0,0,0,210000,203000,7000,0,0,0,7000,0,0,0,210000,203000,7000,7000
069162,聯發科元大02購09,0,0,0,0,0,0,0,0,0,7000,0,0,0,18000,11000,7000,7000
069172,台郡元大02購03  ,20000,0,20000,0,0,0,0,0,0,-13000,0,0,0,7000,20000,-13000,7000
068215,潤泰新凱基01購02,0,0,0,0,0,0,0,0,0,7000,0,0,0,17000,10000,7000,7000
068607,聯詠凱基01購02  ,0,0,0,0,0,0,0,0,0,7000,0,0,0,12000,5000,7000,7000
060782,道瓊指富邦9C購01,0,0,0,0,0,0,0,0,0,7000,0,0,0,7000,0,7000,7000
056384,玉晶光國泰9A購02,0,0,0,0,0,0,0,0,0,7000,0,0,0,17000,10000,7000,7000
053891,欣興群益98購01  ,0,0,0,0,0,0,0,0,0,7000,0,0,0,7000,0,7000,7000
054371,台積電中信9C購01,0,0,0,0,0,0,0,0,0,7000,0,0,0,17000,10000,7000,7000
050797,聯發科中信99購01,0,0,0,0,0,0,0,0,0,7000,0,0,0,7000,0,7000,7000
05088P,大立光富邦99售01,0,0,0,0,0,0,0,0,0,7000,0,0,0,7000,0,7000,7000
057475,聯電元大9A購01  ,0,0,0,0,0,0,0,0,0,7000,0,0,0,8000,1000,7000,7000
020012,富邦行動通訊N   ,0,0,0,0,0,0,0,0,0,7000,0,0,0,18000,11000,7000,7000
00706L,元大S&P日圓正2  ,0,0,0,0,0,0,0,0,0,7000,0,0,0,20000,13000,7000,7000
03011P,臺股指富邦01售01,0,0,0,0,0,0,0,0,0,7000,0,0,0,17000,10000,7000,7000
058455,玉晶光永豐99購03,0,0,0,0,0,0,0,0,0,7000,0,0,0,30000,23000,7000,7000
061132,志超永豐9A購01  ,0,0,0,0,0,0,0,0,0,7000,0,0,0,7000,0,7000,7000
061081,宏碁兆豐9A購01  ,0,0,0,0,0,0,0,0,0,7000,0,0,0,7000,0,7000,7000
058878,旭富國泰9B購01  ,0,0,0,0,0,0,0,0,0,7000,0,0,0,7000,0,7000,7000
059562,上銀凱基99購09  ,0,0,0,0,0,0,0,0,0,7000,0,0,0,17000,10000,7000,7000
057936,健策群益99購01  ,0,0,0,0,0,0,0,0,0,7000,0,0,0,26000,19000,7000,7000
057923,晶豪科凱基98購02,0,0,0,0,0,0,0,0,0,7000,0,0,0,7000,0,7000,7000
060959,金像電凱基9A購01,0,0,0,0,0,0,0,0,0,7000,0,0,0,39000,32000,7000,7000
060621,玉晶光元大9A購05,0,0,0,0,0,0,0,0,0,7000,0,0,0,25000,18000,7000,7000
060457,中橡元大9A購02  ,0,0,0,0,0,0,0,0,0,7000,0,0,0,130000,123000,7000,7000
060368,緯穎元富9A購03  ,0,0,0,0,0,0,0,0,0,7000,0,0,0,7000,0,7000,7000
062974,奇力新元富9B購01,0,0,0,0,0,0,0,0,0,7000,0,0,0,8000,1000,7000,7000
062344,力山群益9B購02  ,0,0,0,0,0,0,0,0,0,7000,0,0,0,107000,100000,7000,7000
065136,正隆凱基9C購01  ,0,0,0,0,0,0,0,0,0,7000,0,0,0,7000,0,7000,7000
063422,奇鋐凱基9B購04  ,0,0,0,0,0,0,0,0,0,7000,0,0,0,10000,3000,7000,7000
063382,南茂永豐9B購01  ,0,0,0,0,0,0,0,0,0,7000,0,0,0,18000,11000,7000,7000
063230,緯穎群益9B購02  ,0,0,0,0,0,0,0,0,0,7000,0,0,0,73000,66000,7000,7000
063626,聚陽元大9B購03  ,0,0,0,0,0,0,0,0,0,7000,0,0,0,37000,30000,7000,7000
064313,嘉晶群益9C購02  ,0,0,0,0,0,0,0,0,0,7000,0,0,0,28000,21000,7000,7000
062800,奇力新統一01購02,0,0,0,0,0,0,0,0,0,7000,0,0,0,210000,203000,7000,7000
064145,宏碁統一02購01  ,0,0,0,0,0,0,0,0,0,7000,0,0,0,37000,30000,7000,7000
062909,大立光元大9C購04,0,0,0,0,0,0,0,0,0,7000,0,0,0,22000,15000,7000,7000
061850,國巨國票9C購02  ,0,0,0,0,0,0,0,0,0,7000,0,0,0,7000,0,7000,7000
063847,聯發科元大9C購03,0,0,0,0,0,0,0,0,0,7000,0,0,0,10000,3000,7000,7000
061368,南六國票9A購01  ,0,0,0,0,0,0,0,0,0,7000,0,0,0,23000,16000,7000,7000
067364,緯穎群益01購05  ,0,0,0,0,0,0,0,0,0,7000,0,0,0,17000,10000,7000,7000
067460,晶技永豐01購02  ,0,0,0,0,0,0,0,0,0,7000,0,0,0,25000,18000,7000,7000
067721,義隆凱基01購06  ,0,0,0,0,0,0,0,0,0,7000,0,0,0,65000,58000,7000,7000
067249,緯穎群益01購04  ,0,0,0,0,0,0,0,0,0,7000,0,0,0,20000,13000,7000,7000
066747,台郡元大01購03  ,0,0,0,0,0,0,0,0,0,7000,0,0,0,7000,0,7000,7000
066699,台積電群益01購08,0,0,0,0,0,0,0,0,0,7000,0,0,0,7000,0,7000,7000
066605,盟立永豐01購02  ,0,0,0,0,0,0,0,0,0,7000,0,0,0,7000,0,7000,7000
066056,聯鈞元大01購02  ,0,0,0,0,0,0,0,0,0,7000,0,0,0,8000,1000,7000,7000
066319,聯強永豐01購01  ,0,0,0,0,0,0,0,0,0,7000,0,0,0,202000,195000,7000,7000
066488,聯詠元富07購01  ,0,0,0,0,0,0,0,0,0,7000,0,0,0,7000,0,7000,7000
066503,台積電富邦05購02,0,0,0,0,0,0,0,0,0,7000,0,0,0,7000,0,7000,7000
065514,建準群益9C購01  ,0,0,0,0,0,0,0,0,0,7000,0,0,0,10000,3000,7000,7000
065498,台積電富邦04購02,0,0,0,0,0,0,0,0,0,7000,0,0,0,7000,0,7000,7000
065352,GIS統一01購04   ,0,0,0,0,0,0,0,0,0,7000,0,0,0,9000,2000,7000,7000
065172,義隆元大9C購05  ,0,0,0,0,0,0,0,0,0,7000,0,0,0,19000,12000,7000,7000
065876,牧德群益02購01  ,0,0,0,0,0,0,0,0,0,7000,0,0,0,7000,0,7000,7000
065688,緯創元富9C購02  ,0,0,0,0,0,0,0,0,0,7000,0,0,0,7000,0,7000,7000
910322,康師傅-DR       ,7000,0,7000,0,0,0,0,0,0,0,0,0,0,0,0,0,7000
3003,健和興          ,115000,106000,9000,0,0,0,0,0,0,-2000,0,0,0,0,2000,-2000,7000
3021,鴻名            ,1000,3000,-2000,0,0,0,0,0,0,9000,9000,0,9000,0,0,0,7000
2373,震旦行          ,6000,0,6000,0,0,0,0,0,0,1000,1000,0,1000,0,0,0,7000
2423,固緯            ,7000,0,7000,0,0,0,0,0,0,0,0,0,0,0,0,0,7000
6666,羅麗芬-KY       ,7000,0,7000,0,0,0,0,0,0,0,0,0,0,0,0,0,7000
6581,鋼聯            ,11000,4000,7000,0,0,0,0,0,0,0,0,0,0,0,0,0,7000
4104,佳醫            ,70000,62000,8000,0,0,0,0,0,0,-1000,0,0,0,0,1000,-1000,7000
3528,安馳            ,1000,0,1000,0,0,0,0,0,0,6000,6000,0,6000,0,0,0,7000
08899P,台積電群益01售16,0,0,0,0,0,0,0,0,0,7000,0,0,0,7000,0,7000,7000
08610P,鴻海凱基9C售05  ,0,0,0,0,0,0,0,0,0,7000,0,0,0,119000,112000,7000,7000
1603,華電            ,12000,5000,7000,0,0,0,0,0,0,0,0,0,0,0,0,0,7000
2022,聚亨            ,13000,6000,7000,0,0,0,0,0,0,0,0,0,0,0,0,0,7000
1446,宏和            ,11000,4000,7000,0,0,0,0,0,0,0,0,0,0,0,0,0,7000
1463,強盛            ,9000,2000,7000,0,0,0,0,0,0,0,0,0,0,0,0,0,7000
1459,聯發            ,7000,0,7000,0,0,0,0,0,0,0,0,0,0,0,0,0,7000
00717,富邦美國特別股  ,0,0,0,0,0,0,0,0,0,6075,0,0,0,445000,438925,6075,6075
068611,臻鼎凱基01購01  ,0,0,0,0,0,0,0,0,0,6000,0,0,0,32000,26000,6000,6000
068787,國巨凱基02購09  ,0,0,0,0,0,0,0,0,0,6000,0,0,0,29000,23000,6000,6000
068651,聯電元大02購04  ,0,0,0,0,0,0,0,0,0,6000,0,0,0,42000,36000,6000,6000
069481,華通元大02購05  ,0,0,0,0,0,0,0,0,0,6000,0,0,0,6000,0,6000,6000
08284P,鴻海凱基01售03  ,0,0,0,0,0,0,0,0,0,6000,0,0,0,6000,0,6000,6000
08568P,臺股指富邦9C售05,0,0,0,0,0,0,0,0,0,6000,0,0,0,28000,22000,6000,6000
00714,群益道瓊美國地產,0,0,0,0,0,0,0,0,0,6000,0,0,0,6000,0,6000,6000
00663L,國泰臺灣加權正2 ,0,0,0,0,0,0,0,0,0,6000,0,0,0,18000,12000,6000,6000
03144P,台積電國票01售09,0,0,0,0,0,0,0,0,0,6000,0,0,0,6000,0,6000,6000
056585,台積電統一9A購01,0,0,0,0,0,0,0,0,0,6000,0,0,0,6000,0,6000,6000
055579,健策統一9A購01  ,0,0,0,0,0,0,0,0,0,6000,0,0,0,6000,0,6000,6000
054778,世紀鋼國票99購01,0,0,0,0,0,0,0,0,0,6000,0,0,0,6000,0,6000,6000
054893,帆宣統一99購01  ,0,0,0,0,0,0,0,0,0,6000,0,0,0,6000,0,6000,6000
054962,玉晶光元大99購02,0,0,0,0,0,0,0,0,0,6000,0,0,0,6000,0,6000,6000
059528,華新科凱基99購06,0,0,0,0,0,0,0,0,0,6000,0,0,0,6000,0,6000,6000
03455B,臺股指凱基03熊06,0,0,0,0,0,0,0,0,0,6000,0,0,0,9000,3000,6000,6000
060364,奇力新元富9A購01,0,0,0,0,0,0,0,0,0,6000,0,0,0,10000,4000,6000,6000
060638,玉晶光永豐9A購04,0,0,0,0,0,0,0,0,0,6000,0,0,0,29000,23000,6000,6000
059534,國泰金凱基99購01,0,0,0,0,0,0,0,0,0,6000,0,0,0,6000,0,6000,6000
058874,聯鈞國票9A購01  ,0,0,0,0,0,0,0,0,0,6000,0,0,0,6000,0,6000,6000
060913,宏達電元大9A購03,0,0,0,0,0,0,0,0,0,6000,0,0,0,18000,12000,6000,6000
058738,FBVIX中信03購04 ,0,0,0,0,0,0,0,0,0,6000,0,0,0,6000,0,6000,6000
060144,全新國票9B購01  ,0,0,0,0,0,0,0,0,0,6000,0,0,0,6000,0,6000,6000
060154,堤維西永豐9A購01,0,0,0,0,0,0,0,0,0,6000,0,0,0,6000,0,6000,6000
058150,中502X統一9B購01,0,0,0,0,0,0,0,0,0,6000,0,0,0,6000,0,6000,6000
058078,景碩國票99購01  ,0,0,0,0,0,0,0,0,0,6000,0,0,0,6000,0,6000,6000
058503,鴻海元大99購14  ,0,0,0,0,0,0,0,0,0,6000,0,0,0,6000,0,6000,6000
061742,奇鋐凱基9B購01  ,0,0,0,0,0,0,0,0,0,6000,0,0,0,20000,14000,6000,6000
062672,兆豐金中信03購01,0,0,0,0,0,0,0,0,0,6000,0,0,0,16000,10000,6000,6000
062674,百和中信03購01  ,0,0,0,0,0,0,0,0,0,6000,0,0,0,40000,34000,6000,6000
061431,鈺齊元大9A購01  ,0,0,0,0,0,0,0,0,0,6000,0,0,0,6000,0,6000,6000
061260,台積電凱基9A購23,0,0,0,0,0,0,0,0,0,6000,0,0,0,6000,0,6000,6000
062880,大立光兆豐9B購02,0,0,0,0,0,0,0,0,0,6000,0,0,0,6000,0,6000,6000
063485,巨大元大9B購04  ,0,0,0,0,0,0,0,0,0,6000,0,0,0,6000,0,6000,6000
064304,信邦兆豐01購01  ,0,0,0,0,0,0,0,0,0,6000,0,0,0,215000,209000,6000,6000
064001,華通凱基02購01  ,0,0,0,0,0,0,0,0,0,6000,0,0,0,43000,37000,6000,6000
064061,GIS麥證01購01   ,0,0,0,6000,0,6000,0,0,0,6000,0,0,0,6000,0,6000,6000
064621,大立光元大9C購20,0,0,0,0,0,0,0,0,0,6000,0,0,0,6000,0,6000,6000
062463,世紀鋼麥證9B購01,0,0,0,6000,0,6000,0,0,0,6000,0,0,0,6000,0,6000,6000
061931,力山國票9B購02  ,0,0,0,0,0,0,0,0,0,6000,0,0,0,97000,91000,6000,6000
061619,大立光群益9B購01,0,0,0,0,0,0,0,0,0,6000,0,0,0,20000,14000,6000,6000
061655,微星國票9A購01  ,0,0,0,0,0,0,0,0,0,6000,0,0,0,6000,0,6000,6000
065593,達新元大9C購02  ,0,0,0,0,0,0,0,0,0,6000,0,0,0,6000,0,6000,6000
065361,上銀元大9C購11  ,0,0,0,0,0,0,0,0,0,6000,0,0,0,114000,108000,6000,6000
066539,晶技兆豐01購02  ,0,0,0,0,0,0,0,0,0,6000,0,0,0,6000,0,6000,6000
066406,南六凱基01購02  ,0,0,0,0,0,0,0,0,0,6000,0,0,0,6000,0,6000,6000
066027,華擎群益02購01  ,0,0,0,0,0,0,0,0,0,6000,0,0,0,6000,0,6000,6000
066231,友訊富邦02購01  ,0,0,0,0,0,0,0,0,0,6000,0,0,0,6000,0,6000,6000
066237,京鼎富邦04購01  ,0,0,0,0,0,0,0,0,0,6000,0,0,0,42000,36000,6000,6000
066607,台郡永豐01購01  ,0,0,0,0,0,0,0,0,0,6000,0,0,0,6000,0,6000,6000
067040,鴻海凱基02購04  ,0,0,0,0,0,0,0,0,0,6000,0,0,0,6000,0,6000,6000
067758,儒鴻永豐01購01  ,0,0,0,0,0,0,0,0,0,6000,0,0,0,41000,35000,6000,6000
067632,台積電永豐01購03,0,0,0,0,0,0,0,0,0,6000,0,0,0,6000,0,6000,6000
067929,華通凱基01購04  ,0,0,0,0,0,0,0,0,0,6000,0,0,0,6000,0,6000,6000
067285,欣興國票02購01  ,0,0,0,0,0,0,0,0,0,6000,0,0,0,6000,0,6000,6000
067298,台積電元大02購04,1000,0,1000,0,0,0,0,0,0,5000,0,0,0,7000,2000,5000,6000
067310,欣興元大01購05  ,0,0,0,0,0,0,0,0,0,6000,0,0,0,6000,0,6000,6000
067311,欣興元大01購06  ,0,0,0,0,0,0,0,0,0,6000,0,0,0,6000,0,6000,6000
067585,大毅群益01購02  ,0,0,0,0,0,0,0,0,0,6000,0,0,0,6000,0,6000,6000
067600,台積電凱基01購15,0,0,0,0,0,0,0,0,0,6000,0,0,0,9000,3000,6000,6000
2069,運錩            ,6000,0,6000,0,0,0,0,0,0,0,0,0,0,0,0,0,6000
1568,倉佑            ,1000,4000,-3000,0,0,0,0,0,0,9000,9000,0,9000,0,0,0,6000
1615,大山            ,7000,1000,6000,0,0,0,0,0,0,0,0,0,0,0,0,0,6000
4952,凌通            ,19000,13000,6000,0,0,0,0,0,0,0,0,0,0,0,0,0,6000
4766,南寶            ,11000,5000,6000,0,0,0,0,0,0,0,0,0,0,0,0,0,6000
4994,傳奇            ,15000,9000,6000,0,0,0,0,0,0,0,0,0,0,0,0,0,6000
2546,根基            ,40000,46000,-6000,0,0,0,0,0,0,12000,12000,0,12000,0,0,0,6000
08547P,大立光中信9C售04,0,0,0,0,0,0,0,0,0,5000,0,0,0,5000,0,5000,5000
08408P,臺股指元大9C售14,0,0,0,0,0,0,0,0,0,5000,0,0,0,5000,0,5000,5000
08504P,臺股指國票9C售06,0,0,0,0,0,0,0,0,0,5000,0,0,0,5000,0,5000,5000
08376P,南亞科元富9C售03,0,0,0,0,0,0,0,0,0,5000,0,0,0,90000,85000,5000,5000
08333P,大立光富邦02售03,0,0,0,0,0,0,0,0,0,5000,0,0,0,5000,0,5000,5000
08200P,祥碩元大9B售08  ,0,0,0,0,0,0,0,0,0,5000,0,0,0,7000,2000,5000,5000
07131P,緯穎元大99售06  ,0,0,0,0,0,0,0,0,0,5000,0,0,0,5000,0,5000,5000
07366P,國巨康和99售02  ,0,0,0,0,0,0,0,0,0,5000,0,0,0,5000,0,5000,5000
07539P,玉山金台新9A售01,0,0,0,0,0,0,0,0,0,5000,0,0,0,5000,0,5000,5000
07708P,玉晶光元大9A售13,0,0,0,0,0,0,0,0,0,5000,0,0,0,5000,0,5000,5000
07561P,玉晶光永豐9A售02,0,0,0,0,0,0,0,0,0,5000,0,0,0,5000,0,5000,5000
07596P,上証2X中信01售01,0,0,0,0,0,0,0,0,0,5000,0,0,0,5000,0,5000,5000
08142P,國巨凱基9B售13  ,0,0,0,0,0,0,0,0,0,5000,0,0,0,5000,0,5000,5000
069504,華通永豐02購02  ,0,0,0,0,0,0,0,0,0,5000,0,0,0,5000,0,5000,5000
069533,創意群益02購01  ,0,0,0,0,0,0,0,0,0,5000,0,0,0,5000,0,5000,5000
069720,智邦群益02購02  ,0,0,0,0,0,0,0,0,0,5000,0,0,0,20000,15000,5000,5000
069733,玉晶光麥證02購02,0,0,0,11000,8000,3000,0,0,0,5000,0,0,0,19000,14000,5000,5000
069650,聯電凱基02購06  ,0,0,0,0,0,0,0,0,0,5000,0,0,0,25000,20000,5000,5000
068764,台積電統一02購09,0,0,0,0,0,0,0,0,0,5000,0,0,0,5000,0,5000,5000
068716,華通元大02購03  ,0,0,0,0,0,0,0,0,0,5000,0,0,0,9000,4000,5000,5000
068828,台郡元大02購02  ,0,0,0,0,0,0,0,0,0,5000,0,0,0,6000,1000,5000,5000
068943,大立光日盛02購01,0,0,0,0,0,0,0,0,0,5000,0,0,0,5000,0,5000,5000
069002,國巨兆豐03購01  ,0,0,0,0,0,0,0,0,0,5000,0,0,0,10000,5000,5000,5000
068443,致伸凱基01購01  ,0,0,0,0,0,0,0,0,0,5000,0,0,0,5000,0,5000,5000
068138,道瓊銀元大01購03,0,0,0,0,0,0,0,0,0,5000,0,0,0,145000,140000,5000,5000
068162,GIS元大02購01   ,0,0,0,0,0,0,0,0,0,5000,0,0,0,5000,0,5000,5000
068239,道瓊銀元大01購04,0,0,0,0,0,0,0,0,0,5000,0,0,0,45000,40000,5000,5000
068240,道瓊銀元大01購05,0,0,0,0,0,0,0,0,0,5000,0,0,0,5000,0,5000,5000
068294,玉晶光兆豐03購01,0,0,0,0,0,0,0,0,0,5000,0,0,0,70000,65000,5000,5000
067952,台光電永豐01購01,0,0,0,0,0,0,0,0,0,5000,0,0,0,10000,5000,5000,5000
068107,台灣50台新01購06,0,0,0,0,0,0,0,0,0,5000,0,0,0,5000,0,5000,5000
058313,台積電富邦9B購04,0,0,0,0,0,0,0,0,0,5000,0,0,0,5000,0,5000,5000
058116,正崴中信99購02  ,0,0,0,0,0,0,0,0,0,5000,0,0,0,17000,12000,5000,5000
060190,國泰金元富9A購01,0,0,0,0,0,0,0,0,0,5000,0,0,0,5000,0,5000,5000
060254,世紀鋼元大9A購01,0,0,0,0,0,0,0,0,0,5000,0,0,0,5000,0,5000,5000
060031,旭富永豐99購02  ,0,0,0,0,0,0,0,0,0,5000,0,0,0,5000,0,5000,5000
060047,道瓊反凱基99購01,0,0,0,0,0,0,0,0,0,5000,0,0,0,5000,0,5000,5000
060048,元金2X凱基99購03,0,0,0,0,0,0,0,0,0,5000,0,0,0,15000,10000,5000,5000
058977,SGBR2X凱基03購01,0,0,0,0,0,0,0,0,0,5000,0,0,0,5000,0,5000,5000
058988,大立光凱基9A購02,0,0,0,0,0,0,0,0,0,5000,0,0,0,15000,10000,5000,5000
057771,鴻海群益99購01  ,0,0,0,0,0,0,0,0,0,5000,0,0,0,5000,0,5000,5000
059618,台積電日盛99購01,0,0,0,0,0,0,0,0,0,5000,0,0,0,5000,0,5000,5000
060942,智邦國票9A購02  ,0,0,0,0,0,0,0,0,0,5000,0,0,0,5000,0,5000,5000
060951,元黃金群益9A購01,0,0,0,0,0,0,0,0,0,5000,0,0,0,9000,4000,5000,5000
060966,台表科凱基9B購01,0,0,0,0,0,0,0,0,0,5000,0,0,0,15000,10000,5000,5000
057882,華通群益9A購03  ,0,0,0,0,0,0,0,0,0,5000,0,0,0,5000,0,5000,5000
058016,智邦凱基98購06  ,0,0,0,0,0,0,0,0,0,5000,0,0,0,5000,0,5000,5000
060355,元金2X元富9C購01,0,0,0,0,0,0,0,0,0,5000,0,0,0,5000,0,5000,5000
060482,東元富邦9A購01  ,0,0,0,0,0,0,0,0,0,5000,0,0,0,8000,3000,5000,5000
03472P,台灣50元大03售06,0,0,0,0,0,0,0,0,0,5000,0,0,0,25000,20000,5000,5000
059159,上銀凱基99購05  ,0,0,0,0,0,0,0,0,0,5000,0,0,0,15000,10000,5000,5000
059257,臺股指凱基99購35,0,0,0,0,0,0,0,0,0,5000,0,0,0,5000,0,5000,5000
059124,台積電第一03購01,0,0,0,0,0,0,0,0,0,5000,0,0,0,5000,0,5000,5000
059127,國巨中信99購04  ,0,0,0,0,0,0,0,0,0,5000,0,0,0,5000,0,5000,5000
059142,道瓊指國票9B購02,0,0,0,0,0,0,0,0,0,5000,0,0,0,5000,0,5000,5000
055022,精元國泰99購01  ,0,0,0,0,0,0,0,0,0,5000,0,0,0,5000,0,5000,5000
055775,友達凱基9A購01  ,0,0,0,0,0,0,0,0,0,5000,0,0,0,5000,0,5000,5000
03694C,臺股指元大04牛08,0,0,0,0,0,0,0,0,0,5000,0,0,0,35000,30000,5000,5000
054377,臺股指中信99購09,0,0,0,0,0,0,0,0,0,5000,0,0,0,5000,0,5000,5000
054421,臺股指元大99購03,0,0,0,0,0,0,0,0,0,5000,0,0,0,105000,100000,5000,5000
054658,道瓊銀元大9A購01,0,0,0,0,0,0,0,0,0,5000,0,0,0,5000,0,5000,5000
053361,友達元富99購01  ,0,0,0,0,0,0,0,0,0,5000,0,0,0,5000,0,5000,5000
052318,友達元大98購01  ,0,0,0,0,0,0,0,0,0,5000,0,0,0,5000,0,5000,5000
052987,華新科元大99購01,0,0,0,0,0,0,0,0,0,5000,0,0,0,5000,0,5000,5000
03143P,滬深2X國票03售02,0,0,0,0,0,0,0,0,0,5000,0,0,0,5000,0,5000,5000
03186P,台積電元大01售50,0,0,0,0,0,0,0,0,0,5000,0,0,0,60000,55000,5000,5000
056675,聯發科元富02購01,0,0,0,0,0,0,0,0,0,5000,0,0,0,5000,0,5000,5000
03016P,滬深2X群益01售09,0,0,0,0,0,0,0,0,0,5000,0,0,0,5000,0,5000,5000
03043P,健策國票03售01  ,0,0,0,0,0,0,0,0,0,5000,0,0,0,10000,5000,5000,5000
03261P,力山國票04售01  ,0,0,0,0,0,0,0,0,0,5000,0,0,0,5000,0,5000,5000
03307P,臺股指中信05售02,0,0,0,0,0,0,0,0,0,5000,0,0,0,5000,0,5000,5000
061595,智易永豐9A購02  ,0,0,0,0,0,0,0,0,0,5000,0,0,0,20000,15000,5000,5000
061524,華通凱基9A購07  ,0,0,0,0,0,0,0,0,0,5000,0,0,0,10000,5000,5000,5000
061584,勤誠元大9A購01  ,0,0,0,0,0,0,0,0,0,5000,0,0,0,5000,0,5000,5000
063033,台積電凱基9B購09,0,0,0,0,0,0,0,0,0,5000,0,0,0,5000,0,5000,5000
062460,京鼎群益9C購01  ,0,0,0,0,0,0,0,0,0,5000,0,0,0,10000,5000,5000,5000
062476,神隆國票9B購01  ,0,0,0,0,0,0,0,0,0,5000,0,0,0,5000,0,5000,5000
062399,神基永豐9B購01  ,0,0,0,0,0,0,0,0,0,5000,0,0,0,5000,0,5000,5000
062598,華通台新9B購02  ,0,0,0,0,0,0,0,0,0,5000,0,0,0,10000,5000,5000,5000
064587,泰碩永豐9C購01  ,0,0,0,0,0,0,0,0,0,5000,0,0,0,5000,0,5000,5000
062635,創意國票9B購01  ,0,0,0,0,0,0,0,0,0,5000,0,0,0,5000,0,5000,5000
063798,台積電凱基02購03,0,0,0,0,0,0,0,0,0,5000,0,0,0,5000,0,5000,5000
063069,道瓊銀富邦05購01,0,0,0,0,0,0,0,0,0,5000,0,0,0,5000,0,5000,5000
064746,貿聯國票01購02  ,0,0,0,0,0,0,0,0,0,5000,0,0,0,98000,93000,5000,5000
064691,友達群益9C購04  ,0,0,0,0,0,0,0,0,0,5000,0,0,0,5000,0,5000,5000
065100,聯茂元大9C購04  ,0,0,0,0,0,0,0,0,0,5000,0,0,0,5000,0,5000,5000
064019,上銀元大9C購05  ,0,0,0,0,0,0,0,0,0,5000,0,0,0,114000,109000,5000,5000
064186,燿華永豐9C購01  ,0,0,0,0,0,0,0,0,0,5000,0,0,0,10000,5000,5000,5000
062832,嘉澤群益9B購02  ,0,0,0,0,0,0,0,0,0,5000,0,0,0,10000,5000,5000,5000
063402,GIS群益9B購02   ,0,0,0,0,0,0,0,0,0,5000,0,0,0,142000,137000,5000,5000
064476,金像電國泰02購01,0,0,0,0,0,0,0,0,0,5000,0,0,0,5000,0,5000,5000
061920,台積電凱基9C購02,0,0,0,0,0,0,0,0,0,5000,0,0,0,5000,0,5000,5000
061351,智伸科元大9A購01,0,0,0,0,0,0,0,0,0,5000,0,0,0,5000,0,5000,5000
061384,T50反1群益9A購04,0,0,0,0,0,0,0,0,0,5000,0,0,0,5000,0,5000,5000
061488,奇力新兆豐9A購01,0,0,0,0,0,0,0,0,0,5000,0,0,0,80000,75000,5000,5000
061454,國巨凱基9A購16  ,0,0,0,0,0,0,0,0,0,5000,0,0,0,33000,28000,5000,5000
063728,國巨元大9B購21  ,0,0,0,0,0,0,0,0,0,5000,0,0,0,28000,23000,5000,5000
061203,國巨元大9A購15  ,0,0,0,0,0,0,0,0,0,5000,0,0,0,10000,5000,5000,5000
067531,台積電群益01購13,0,0,0,0,0,0,0,0,0,5000,0,0,0,230000,225000,5000,5000
067439,巨大凱基02購02  ,0,0,0,0,0,0,0,0,0,5000,0,0,0,50000,45000,5000,5000
067858,上証2X元大01購06,0,0,0,0,0,0,0,0,0,5000,0,0,0,10000,5000,5000,5000
067681,嘉澤元大01購05  ,0,0,0,0,0,0,0,0,0,5000,0,0,0,30000,25000,5000,5000
067795,臺股指群益01購07,0,0,0,0,0,0,0,0,0,5000,0,0,0,15000,10000,5000,5000
067019,A50中信02購01   ,0,0,0,0,0,0,0,0,0,5000,0,0,0,5000,0,5000,5000
066655,上証2X凱基03購03,0,0,0,0,0,0,0,0,0,5000,0,0,0,5000,0,5000,5000
06678P,大立光統一99售01,0,0,0,0,0,0,0,0,0,5000,0,0,0,5000,0,5000,5000
066906,聯發科凱基03購03,0,0,0,0,0,0,0,0,0,5000,0,0,0,5000,0,5000,5000
066067,台積電凱基02購05,0,0,0,0,0,0,0,0,0,5000,0,0,0,5000,0,5000,5000
066445,牧德群益01購01  ,0,0,0,0,0,0,0,0,0,5000,0,0,0,5000,0,5000,5000
066358,美利達永豐01購01,0,0,0,0,0,0,0,0,0,5000,0,0,0,42000,37000,5000,5000
066274,景碩元大01購02  ,0,0,0,0,0,0,0,0,0,5000,0,0,0,97000,92000,5000,5000
066310,長興永豐01購01  ,0,0,0,0,0,0,0,0,0,5000,0,0,0,5000,0,5000,5000
066295,昇陽半元大01購01,0,0,0,0,0,0,0,0,0,5000,0,0,0,5000,0,5000,5000
066296,昇陽半元大01購02,0,0,0,0,0,0,0,0,0,5000,0,0,0,5000,0,5000,5000
065434,台勝科凱基01購01,0,0,0,0,0,0,0,0,0,5000,0,0,0,5000,0,5000,5000
065599,台光電元大9C購05,0,0,0,0,0,0,0,0,0,5000,0,0,0,5000,0,5000,5000
065696,旺宏群益9C購06  ,0,0,0,0,0,0,0,0,0,5000,0,0,0,5000,0,5000,5000
065895,台勝科統一02購01,0,0,0,0,0,0,0,0,0,5000,0,0,0,5000,0,5000,5000
065748,台積電元大01購05,0,0,0,0,0,0,0,0,0,5000,0,0,0,5000,0,5000,5000
5533,皇鼎            ,5000,0,5000,0,0,0,0,0,0,0,0,0,0,0,0,0,5000
6108,競國            ,15000,11000,4000,0,0,0,0,0,0,1000,1000,0,1000,0,0,0,5000
3338,泰碩            ,204000,157000,47000,0,0,0,0,0,0,-42000,6000,3000,3000,0,45000,-45000,5000
2007,燁興            ,5000,0,5000,0,0,0,0,0,0,0,0,0,0,0,0,0,5000
1817,凱撒衛          ,5000,0,5000,0,0,0,0,0,0,0,0,0,0,0,0,0,5000
2028,威致            ,6000,1000,5000,0,0,0,0,0,0,0,0,0,0,0,0,0,5000
1473,台南            ,23000,17000,6000,0,0,0,0,0,0,-1000,0,1000,-1000,0,0,0,5000
1340,勝悅-KY         ,20000,15000,5000,0,0,0,0,0,0,0,0,0,0,0,0,0,5000
1220,台榮            ,6000,1000,5000,0,0,0,0,0,0,0,0,0,0,0,0,0,5000
08579P,臺股指元大9C售27,0,0,0,0,0,0,0,0,0,5000,0,0,0,5000,0,5000,5000
08655P,大立光群益02售02,0,0,0,0,0,0,0,0,0,5000,0,0,0,5000,0,5000,5000
08627P,臺股指群益9C售22,0,0,0,0,0,0,0,0,0,5000,0,0,0,10000,5000,5000,5000
08882P,上証2X國票02售02,0,0,0,0,0,0,0,0,0,5000,0,0,0,5000,0,5000,5000
08908P,義隆凱基01售05  ,0,0,0,0,0,0,0,0,0,5000,0,0,0,20000,15000,5000,5000
08775P,台灣50群益01售05,0,0,0,0,0,0,0,0,0,5000,0,0,0,5000,0,5000,5000
068332,欣興元大03購02  ,0,0,0,0,0,0,0,0,0,4000,0,0,0,4000,0,4000,4000
069023,台積電國票03購07,0,0,0,0,0,0,0,0,0,4000,0,0,0,84000,80000,4000,4000
068894,美律元大02購03  ,0,0,0,0,0,0,0,0,0,4000,0,0,0,4000,0,4000,4000
068840,瑞儀永豐02購01  ,0,0,0,0,0,0,0,0,0,4000,0,0,0,6000,2000,4000,4000
068687,亞聚凱基02購01  ,0,0,0,0,0,0,0,0,0,4000,0,0,0,64000,60000,4000,4000
069645,智易康和02購01  ,0,0,0,0,0,0,0,0,0,4000,0,0,0,19000,15000,4000,4000
08145P,台灣50群益9B售11,0,0,0,0,0,0,0,0,0,4000,0,0,0,4000,0,4000,4000
07756P,台灣50國票04售01,0,0,0,0,0,0,0,0,0,4000,0,0,0,120000,116000,4000,4000
07181P,臺股指凱基99售23,0,0,0,0,0,0,0,0,0,4000,0,0,0,4000,0,4000,4000
03279P,滬深2X國票03售04,0,0,0,0,0,0,0,0,0,4000,0,0,0,4000,0,4000,4000
03230P,道瓊銀元大02售02,0,0,0,0,0,0,0,0,0,4000,0,0,0,5000,1000,4000,4000
00770,國泰北美科技    ,0,0,0,0,0,0,0,0,0,4000,0,0,0,66000,62000,4000,4000
03182P,聯電元大01售08  ,0,0,0,0,0,0,0,0,0,4000,0,0,0,4000,0,4000,4000
05750P,臺股指群益99售04,0,0,0,0,0,0,0,0,0,4000,0,0,0,4000,0,4000,4000
054534,台積電富邦98購03,0,0,0,0,0,0,0,0,0,4000,0,0,0,10000,6000,4000,4000
053413,台積電國票99購01,0,0,0,0,0,0,0,0,0,4000,0,0,0,4000,0,4000,4000
03687C,臺股指凱基9C牛22,0,0,0,0,0,0,0,0,0,4000,0,0,0,56000,52000,4000,4000
056146,台虹元大98購01  ,0,0,0,0,0,0,0,0,0,4000,0,0,0,8000,4000,4000,4000
056472,美律元大99購03  ,0,0,0,0,0,0,0,0,0,4000,0,0,0,4000,0,4000,4000
059145,創意國票99購02  ,0,0,0,0,0,0,0,0,0,4000,0,0,0,4000,0,4000,4000
061187,瀚宇博國泰9C購01,0,0,0,0,0,0,0,0,0,4000,0,0,0,4000,0,4000,4000
060940,國巨國票9B購03  ,0,0,0,0,0,0,0,0,0,4000,0,0,0,4000,0,4000,4000
060922,金像電永豐9A購01,0,0,0,0,0,0,0,0,0,4000,0,0,0,4000,0,4000,4000
059948,正文永豐99購01  ,0,0,0,0,0,0,0,0,0,4000,0,0,0,35000,31000,4000,4000
060105,牧德元大9B購01  ,0,0,0,0,0,0,0,0,0,4000,0,0,0,4000,0,4000,4000
058457,創意永豐99購01  ,0,0,0,0,0,0,0,0,0,4000,0,0,0,4000,0,4000,4000
058471,台積電日盛9C購01,0,0,0,0,0,0,0,0,0,4000,0,0,0,350000,346000,4000,4000
062699,台積電元大01購02,0,0,0,0,0,0,0,0,0,4000,0,0,0,4000,0,4000,4000
063549,國巨國票9C購05  ,0,0,0,0,0,0,0,0,0,4000,0,0,0,12000,8000,4000,4000
064199,南六群益01購01  ,0,0,0,0,0,0,0,0,0,4000,0,0,0,4000,0,4000,4000
064492,技嘉元大9C購01  ,0,0,0,0,0,0,0,0,0,4000,0,0,0,4000,0,4000,4000
063268,GIS中信9B購01   ,0,0,0,0,0,0,0,0,0,4000,0,0,0,5000,1000,4000,4000
063644,祥碩元大9B購10  ,0,0,0,0,0,0,0,0,0,4000,0,0,0,4000,0,4000,4000
063191,台表科凱基9B購03,0,0,0,0,0,0,0,0,0,4000,0,0,0,29000,25000,4000,4000
062831,嘉澤群益9B購01  ,0,0,0,0,0,0,0,0,0,4000,0,0,0,5000,1000,4000,4000
064159,新日興統一01購02,0,0,0,0,0,0,0,0,0,4000,0,0,0,24000,20000,4000,4000
064018,儒鴻元大9C購02  ,0,0,0,0,0,0,0,0,0,4000,0,0,0,31000,27000,4000,4000
064029,宏達電元大9C購01,0,0,0,0,0,0,0,0,0,4000,0,0,0,41000,37000,4000,4000
064027,義隆元大9C購01  ,0,0,0,0,0,0,0,0,0,4000,0,0,0,4000,0,4000,4000
065149,遠東新群益9C購01,0,0,0,0,0,0,0,0,0,4000,0,0,0,14000,10000,4000,4000
064866,義隆永豐9C購02  ,0,0,0,0,0,0,0,0,0,4000,0,0,0,17000,13000,4000,4000
064821,聯電統一02購01  ,0,0,0,0,0,0,0,0,0,4000,0,0,0,31000,27000,4000,4000
064856,GIS國泰02購01   ,0,0,0,0,0,0,0,0,0,4000,0,0,0,17000,13000,4000,4000
064724,健鼎統一02購02  ,0,0,0,0,0,0,0,0,0,4000,0,0,0,4000,0,4000,4000
062034,同欣電群益9B購01,0,0,0,0,0,0,0,0,0,4000,0,0,0,26000,22000,4000,4000
062380,巨大元大9B購01  ,0,0,0,0,0,0,0,0,0,4000,0,0,0,4000,0,4000,4000
063001,巨大國票9B購01  ,0,0,0,0,0,0,0,0,0,4000,0,0,0,9000,5000,4000,4000
062217,旺宏統一9C購01  ,0,0,0,0,0,0,0,0,0,4000,0,0,0,4000,0,4000,4000
062975,京鼎元富9B購01  ,0,0,0,0,0,0,0,0,0,4000,0,0,0,4000,0,4000,4000
061606,景碩凱基9A購02  ,0,0,0,0,0,0,0,0,0,4000,0,0,0,4000,0,4000,4000
065849,景碩元大9C購03  ,0,0,0,0,0,0,0,0,0,4000,0,0,0,216000,212000,4000,4000
065723,新日興兆豐01購01,0,0,0,0,0,0,0,0,0,4000,0,0,0,4000,0,4000,4000
066044,京元電元大01購01,0,0,0,0,0,0,0,0,0,4000,0,0,0,170000,166000,4000,4000
06603P,立積統一99售01  ,0,0,0,0,0,0,0,0,0,4000,0,0,0,4000,0,4000,4000
066192,嘉基凱基01購01  ,0,0,0,0,0,0,0,0,0,4000,0,0,0,4000,0,4000,4000
066147,美利達群益01購01,0,0,0,0,0,0,0,0,0,4000,0,0,0,39000,35000,4000,4000
066109,南電國票02購01  ,0,0,0,0,0,0,0,0,0,4000,0,0,0,8000,4000,4000,4000
066618,南六康和01購01  ,0,0,0,0,0,0,0,0,0,4000,0,0,0,4000,0,4000,4000
06777P,鴻海元大99售06  ,0,0,0,0,0,0,0,0,0,4000,0,0,0,87000,83000,4000,4000
067748,GIS元大01購02   ,0,0,0,0,0,0,0,0,0,4000,0,0,0,133000,129000,4000,4000
067819,健策凱基01購03  ,0,0,0,0,0,0,0,0,0,4000,0,0,0,4000,0,4000,4000
067339,欣興凱基02購01  ,0,0,0,0,0,0,0,0,0,4000,0,0,0,4000,0,4000,4000
08811P,鴻海群益01售08  ,0,0,0,0,0,0,0,0,0,4000,0,0,0,35000,31000,4000,4000
08904P,為升國票03售01  ,0,0,0,0,0,0,0,0,0,4000,0,0,0,19000,15000,4000,4000
08915P,臺股指凱基01售06,0,0,0,0,0,0,0,0,0,4000,0,0,0,5000,1000,4000,4000
08872P,臺股指群益01售05,0,0,0,0,0,0,0,0,0,4000,0,0,0,105000,101000,4000,4000
1323,永裕            ,10000,5000,5000,0,0,0,0,0,0,-1000,0,1000,-1000,0,0,0,4000
1525,江申            ,8000,4000,4000,0,0,0,0,0,0,0,0,0,0,0,0,0,4000
2233,宇隆            ,46000,42000,4000,0,0,0,0,0,0,0,0,0,0,0,0,0,4000
1806,冠軍            ,48000,44000,4000,0,0,0,0,0,0,0,0,0,0,0,0,0,4000
1730,花仙子          ,7000,3000,4000,0,0,0,0,0,0,0,0,0,0,0,0,0,4000
3164,景岳            ,4000,9000,-5000,0,0,0,0,0,0,9000,9000,0,9000,0,0,0,4000
3167,大量            ,4000,0,4000,0,0,0,0,0,0,0,0,0,0,0,0,0,4000
4555,氣立            ,10000,7000,3000,0,0,0,0,0,0,1000,1000,0,1000,0,0,0,4000
6184,大豐電          ,5000,1000,4000,0,0,0,0,0,0,0,0,0,0,0,0,0,4000
6641,基士德-KY       ,4000,0,4000,0,0,0,0,0,0,0,0,0,0,0,0,0,4000
2491,吉祥全          ,2000,0,2000,0,0,0,0,0,0,2000,2000,0,2000,0,0,0,4000
2358,廷鑫            ,4000,0,4000,0,0,0,0,0,0,0,0,0,0,0,0,0,4000
2891B,中信金乙特      ,0,0,0,0,0,0,0,0,0,4000,4000,0,4000,0,0,0,4000
3058,立德            ,5000,2000,3000,0,0,0,0,0,0,1000,1000,0,1000,0,0,0,4000
2701,萬企            ,4000,0,4000,0,0,0,0,0,0,0,0,0,0,0,0,0,4000
2702,華園            ,6000,2000,4000,0,0,0,0,0,0,0,0,0,0,0,0,0,4000
9905,大華            ,8000,2000,6000,0,0,0,0,0,0,-2000,0,2000,-2000,0,0,0,4000
9926,新海            ,4000,0,4000,0,0,0,0,0,0,0,0,0,0,0,0,0,4000
6671,三能-KY         ,5000,0,5000,0,0,0,0,0,0,-1000,0,1000,-1000,0,0,0,4000
9918,欣天然          ,4000,0,4000,0,0,0,0,0,0,0,0,0,0,0,0,0,4000
07349P,大立光凱基99售16,0,0,0,0,0,0,0,0,0,3000,0,0,0,3000,0,3000,3000
08352P,大立光群益01售02,0,0,0,0,0,0,0,0,0,3000,0,0,0,3000,0,3000,3000
08327P,聯發科兆豐9C售03,0,0,0,0,0,0,0,0,0,3000,0,0,0,3000,0,3000,3000
068703,瑞昱國票03購01  ,0,0,0,0,0,0,0,0,0,3000,0,0,0,13000,10000,3000,3000
068652,聯電元大02購05  ,0,0,0,0,0,0,0,0,0,3000,0,0,0,8000,5000,3000,3000
068567,聯發科元大01購32,0,0,0,0,0,0,0,0,0,3000,0,0,0,719000,716000,3000,3000
068075,欣興凱基01購04  ,0,0,0,0,0,0,0,0,0,3000,0,0,0,23000,20000,3000,3000
068008,聯茂元大01購02  ,0,0,0,0,0,0,0,0,0,3000,0,0,0,13000,10000,3000,3000
062732,南六凱基9B購03  ,0,0,0,0,0,0,0,0,0,3000,0,0,0,3000,0,3000,3000
061722,健策永豐9B購03  ,0,0,0,0,0,0,0,0,0,3000,0,0,0,29000,26000,3000,3000
058480,新日興凱基9A購01,0,0,0,0,0,0,0,0,0,3000,0,0,0,15000,12000,3000,3000
058675,康控群益9B購01  ,0,0,0,0,0,0,0,0,0,3000,0,0,0,20000,17000,3000,3000
058290,南電國票9A購01  ,0,0,0,0,0,0,0,0,0,3000,0,0,0,4000,1000,3000,3000
061139,玉晶光統一9C購02,0,0,0,0,0,0,0,0,0,3000,0,0,0,3000,0,3000,3000
061126,京元電永豐9A購02,0,0,0,0,0,0,0,0,0,3000,0,0,0,13000,10000,3000,3000
059705,華新科凱基9A購07,0,0,0,0,0,0,0,0,0,3000,0,0,0,16000,13000,3000,3000
058956,健策國票9A購02  ,0,0,0,0,0,0,0,0,0,3000,0,0,0,3000,0,3000,3000
058938,台積電中信01購03,0,0,0,0,0,0,0,0,0,3000,0,0,0,3000,0,3000,3000
060931,GIS永豐9A購01   ,0,0,0,0,0,0,0,0,0,3000,0,0,0,3000,0,3000,3000
060939,鴻海國票9A購06  ,0,0,0,0,0,0,0,0,0,3000,0,0,0,3000,0,3000,3000
05781P,臺股指統一99售02,0,0,0,0,0,0,0,0,0,3000,0,0,0,3000,0,3000,3000
060519,S&P500中信01購01,0,0,0,0,0,0,0,0,0,3000,0,0,0,3000,0,3000,3000
060545,台積電凱基9B購02,0,0,0,0,0,0,0,0,0,3000,0,0,0,3000,0,3000,3000
060293,緯創元大9A購01  ,0,0,0,0,0,0,0,0,0,3000,0,0,0,4000,1000,3000,3000
060756,鴻海元大9A購16  ,0,0,0,0,0,0,0,0,0,3000,0,0,0,3000,0,3000,3000
059450,和大永豐99購01  ,0,0,0,0,0,0,0,0,0,3000,0,0,0,3000,0,3000,3000
059230,滬深2X國票9B購02,0,0,0,0,0,0,0,0,0,3000,0,0,0,3000,0,3000,3000
056466,臺股指凱基99購08,0,0,0,0,0,0,0,0,0,3000,0,0,0,3000,0,3000,3000
056569,T50正2元大9B購02,0,0,0,0,0,0,0,0,0,3000,0,0,0,3000,0,3000,3000
055932,玉山金群益99購01,0,0,0,0,0,0,0,0,0,3000,0,0,0,3000,0,3000,3000
055160,玉晶光元大99購03,0,0,0,0,0,0,0,0,0,3000,0,0,0,3000,0,3000,3000
057696,聯電群益9A購01  ,0,0,0,0,0,0,0,0,0,3000,0,0,0,8000,5000,3000,3000
057612,瑞昱元富02購01  ,0,0,0,0,0,0,0,0,0,3000,0,0,0,3000,0,3000,3000
057583,啟碁中信9A購01  ,0,0,0,0,0,0,0,0,0,3000,0,0,0,15000,12000,3000,3000
057556,智易凱基99購01  ,0,0,0,0,0,0,0,0,0,3000,0,0,0,16000,13000,3000,3000
057084,立積統一9B購01  ,0,0,0,0,0,0,0,0,0,3000,0,0,0,3000,0,3000,3000
057020,台積電凱基99購02,0,0,0,0,0,0,0,0,0,3000,0,0,0,4000,1000,3000,3000
0054,元大台商50      ,0,0,0,0,0,0,0,0,0,3000,0,0,0,8000,5000,3000,3000
0055,元大MSCI金融    ,0,0,0,0,0,0,0,0,0,3000,0,0,0,3000,0,3000,3000
03231P,聯電元大02售03  ,0,0,0,0,0,0,0,0,0,3000,0,0,0,3000,0,3000,3000
06453P,群創元大9B售02  ,0,0,0,0,0,0,0,0,0,3000,0,0,0,20000,17000,3000,3000
061985,富邦金元大9B購01,0,0,0,0,0,0,0,0,0,3000,0,0,0,104000,101000,3000,3000
063055,創意統一9B購02  ,0,0,0,0,0,0,0,0,0,3000,0,0,0,3000,0,3000,3000
062454,華通群益9C購03  ,0,0,0,0,0,0,0,0,0,3000,0,0,0,3000,0,3000,3000
062637,智易國票9B購01  ,0,0,0,0,0,0,0,0,0,3000,0,0,0,3000,0,3000,3000
063760,聯詠統一9C購02  ,0,0,0,0,0,0,0,0,0,3000,0,0,0,3000,0,3000,3000
063779,華邦電永豐9B購01,0,0,0,0,0,0,0,0,0,3000,0,0,0,3000,0,3000,3000
064728,健策統一9C購04  ,0,0,0,0,0,0,0,0,0,3000,0,0,0,3000,0,3000,3000
065068,臺股指群益9C購16,0,0,0,0,0,0,0,0,0,3000,0,0,0,3000,0,3000,3000
064968,道瓊銀元大01購02,0,0,0,0,0,0,0,0,0,3000,0,0,0,3000,0,3000,3000
064993,嘉澤兆豐9C購01  ,0,0,0,0,0,0,0,0,0,3000,0,0,0,3000,0,3000,3000
064074,南茂永豐9C購01  ,0,0,0,0,0,0,0,0,0,3000,0,0,0,3000,0,3000,3000
064003,台積電凱基01購03,0,0,0,0,0,0,0,0,0,3000,0,0,0,3000,0,3000,3000
064309,聯發科群益9C購07,0,0,0,0,0,0,0,0,0,3000,0,0,0,3000,0,3000,3000
063192,技嘉台新9B購01  ,0,0,0,0,0,0,0,0,0,3000,0,0,0,3000,0,3000,3000
063208,鈺齊統一9C購01  ,0,0,0,0,0,0,0,0,0,3000,0,0,0,3000,0,3000,3000
063427,南六凱基9B購04  ,0,0,0,0,0,0,0,0,0,3000,0,0,0,3000,0,3000,3000
063435,儒鴻統一01購02  ,0,0,0,0,0,0,0,0,0,3000,0,0,0,3000,0,3000,3000
063363,鴻海富邦9B購02  ,0,0,0,0,0,0,0,0,0,3000,0,0,0,3000,0,3000,3000
064459,創意統一02購01  ,0,0,0,0,0,0,0,0,0,3000,0,0,0,3000,0,3000,3000
061870,智邦元大9B購02  ,0,0,0,0,0,0,0,0,0,3000,0,0,0,22000,19000,3000,3000
061213,群創元大9A購05  ,0,0,0,0,0,0,0,0,0,3000,0,0,0,5000,2000,3000,3000
063707,儒鴻凱基9C購01  ,0,0,0,0,0,0,0,0,0,3000,0,0,0,76000,73000,3000,3000
061314,滬深2X凱基9B購06,0,0,0,0,0,0,0,0,0,3000,0,0,0,3000,0,3000,3000
067357,欣興群益01購02  ,0,0,0,0,0,0,0,0,0,3000,0,0,0,3000,0,3000,3000
067472,台積電元大03購01,0,0,0,0,0,0,0,0,0,3000,0,0,0,3000,0,3000,3000
067882,A50正2群益01購06,0,0,0,0,0,0,0,0,0,3000,0,0,0,4000,1000,3000,3000
067667,台積電元大02購05,0,0,0,0,0,0,0,0,0,3000,0,0,0,3000,0,3000,3000
066578,臺股指元大01購07,0,0,0,0,0,0,0,0,0,3000,0,0,0,3000,0,3000,3000
066729,台積電元大01購16,0,0,0,0,0,0,0,0,0,3000,0,0,0,3000,0,3000,3000
066830,國揚群益01購01  ,0,0,0,0,0,0,0,0,0,3000,0,0,0,3000,0,3000,3000
067033,新日興康和01購01,0,0,0,0,0,0,0,0,0,3000,0,0,0,3000,0,3000,3000
067147,台積電統一04購01,0,0,0,0,0,0,0,0,0,3000,0,0,0,3000,0,3000,3000
066101,微星國票02購01  ,0,0,0,0,0,0,0,0,0,3000,0,0,0,33000,30000,3000,3000
066181,泰鼎凱基01購01  ,0,0,0,0,0,0,0,0,0,3000,0,0,0,3000,0,3000,3000
066338,德律永豐01購01  ,0,0,0,0,0,0,0,0,0,3000,0,0,0,191000,188000,3000,3000
066468,申豐統一02購01  ,0,0,0,0,0,0,0,0,0,3000,0,0,0,3000,0,3000,3000
065865,光寶科群益9C購02,0,0,0,0,0,0,0,0,0,3000,0,0,0,26000,23000,3000,3000
065770,元黃金國票01購01,0,0,0,0,0,0,0,0,0,3000,0,0,0,3000,0,3000,3000
065804,大立光群益01購04,0,0,0,0,0,0,0,0,0,3000,0,0,0,10000,7000,3000,3000
065818,奇鋐元富9C購01  ,0,0,0,0,0,0,0,0,0,3000,0,0,0,63000,60000,3000,3000
065545,華通兆豐9C購03  ,0,0,0,0,0,0,0,0,0,3000,0,0,0,3000,0,3000,3000
8201,無敵            ,7000,5000,2000,0,0,0,0,0,0,1000,2000,1000,1000,0,0,0,3000
8482,商億-KY         ,67000,64000,3000,0,0,0,0,0,0,0,0,0,0,0,0,0,3000
2722,夏都            ,6000,3000,3000,0,0,0,0,0,0,0,0,0,0,0,0,0,3000
2427,三商電          ,2000,0,2000,0,0,0,0,0,0,1000,1000,0,1000,0,0,0,3000
2433,互盛電          ,4000,1000,3000,0,0,0,0,0,0,0,0,0,0,0,0,0,3000
2543,皇昌            ,3000,0,3000,0,0,0,0,0,0,0,0,0,0,0,0,0,3000
6464,台數科          ,3000,0,3000,0,0,0,0,0,0,0,0,0,0,0,0,0,3000
5525,順天            ,3000,0,3000,0,0,0,0,0,0,0,0,0,0,0,0,0,3000
4566,時碩工業        ,6000,3000,3000,0,0,0,0,0,0,0,0,0,0,0,0,0,3000
3296,勝德            ,1000,0,1000,0,0,0,0,0,0,2000,2000,0,2000,0,0,0,3000
1725,元禎            ,5000,2000,3000,0,0,0,0,0,0,0,0,0,0,0,0,0,3000
1726,永記            ,6000,3000,3000,0,0,0,0,0,0,0,0,0,0,0,0,0,3000
2008,高興昌          ,3000,0,3000,0,0,0,0,0,0,0,0,0,0,0,0,0,3000
1614,三洋電          ,10000,11000,-1000,0,0,0,0,0,0,4000,4000,0,4000,0,0,0,3000
2029,盛餘            ,4000,1000,3000,0,0,0,0,0,0,0,0,0,0,0,0,0,3000
1470,大統新創        ,3000,0,3000,0,0,0,0,0,0,0,0,0,0,0,0,0,3000
1419,新紡            ,10000,7000,3000,0,0,0,0,0,0,0,0,0,0,0,0,0,3000
1219,福壽            ,19000,16000,3000,0,0,0,0,0,0,0,0,0,0,0,0,0,3000
1236,宏亞            ,4000,1000,3000,0,0,0,0,0,0,0,0,0,0,0,0,0,3000
08643P,和碩群益9C售02  ,0,0,0,0,0,0,0,0,0,3000,0,0,0,156000,153000,3000,3000
08700P,瑞昱康和01售01  ,0,0,0,0,0,0,0,0,0,3000,0,0,0,43000,40000,3000,3000
008201,BP上證50        ,0,0,0,0,0,0,0,0,0,2700,0,0,0,2700,0,2700,2700
068575,南電元大01購10  ,0,0,0,0,0,0,0,0,0,2000,0,0,0,2000,0,2000,2000
068597,聯電凱基03購04  ,0,0,0,0,0,0,0,0,0,2000,0,0,0,80000,78000,2000,2000
068837,欣興永豐02購02  ,0,0,0,0,0,0,0,0,0,2000,0,0,0,2000,0,2000,2000
069186,健策麥證02購03  ,0,0,0,2000,0,2000,0,0,0,2000,0,0,0,2000,0,2000,2000
08357P,聯發科元大9C售09,0,0,0,0,0,0,0,0,0,2000,0,0,0,2000,0,2000,2000
08240P,華通中信06售03  ,0,0,0,0,0,0,0,0,0,2000,0,0,0,52000,50000,2000,2000
07305P,T50正2群益99售02,0,0,0,0,0,0,0,0,0,2000,0,0,0,2000,0,2000,2000
07218P,臺股指凱基99售31,0,0,0,0,0,0,0,0,0,2000,0,0,0,2000,0,2000,2000
07616P,瑞昱中信02售01  ,0,0,0,0,0,0,0,0,0,2000,0,0,0,2000,0,2000,2000
07955P,大成鋼群益9B售02,0,0,0,0,0,0,0,0,0,2000,0,0,0,62000,60000,2000,2000
07938P,國巨統一9B售10  ,0,0,0,0,0,0,0,0,0,2000,0,0,0,2000,0,2000,2000
069731,鴻海麥證02購03  ,0,0,0,2000,0,2000,0,0,0,2000,0,0,0,2000,0,2000,2000
069364,鎧勝永豐02購01  ,0,0,0,0,0,0,0,0,0,2000,0,0,0,2000,0,2000,2000
006204,永豐臺灣加權    ,0,0,0,0,0,0,0,0,0,2000,0,0,0,4000,2000,2000,2000
03285P,滬深2X群益02售05,0,0,0,0,0,0,0,0,0,2000,0,0,0,2000,0,2000,2000
03026X,元展23          ,0,0,0,0,0,0,0,0,0,2000,0,0,0,2000,0,2000,2000
03339P,TPK國票03售01   ,0,0,0,0,0,0,0,0,0,2000,0,0,0,46000,44000,2000,2000
057664,台積電元大9A購03,0,0,0,0,0,0,0,0,0,2000,0,0,0,28000,26000,2000,2000
03068P,美律群益01售03  ,0,0,0,0,0,0,0,0,0,2000,0,0,0,62000,60000,2000,2000
056554,GIS凱基99購01   ,0,0,0,0,0,0,0,0,0,2000,0,0,0,2000,0,2000,2000
056603,嘉聯益國泰9A購01,0,0,0,0,0,0,0,0,0,2000,0,0,0,2000,0,2000,2000
047004,台積電統一99購01,0,0,0,0,0,0,0,0,0,2000,0,0,0,2000,0,2000,2000
053609,華新中信9A購01  ,0,0,0,0,0,0,0,0,0,2000,0,0,0,2000,0,2000,2000
059123,訊芯永豐99購03  ,0,0,0,0,0,0,0,0,0,2000,0,0,0,2000,0,2000,2000
03428P,台積電元大02售28,0,0,0,0,0,0,0,0,0,2000,0,0,0,22000,20000,2000,2000
059369,滬深2X元富9C購01,0,0,0,0,0,0,0,0,0,2000,0,0,0,2000,0,2000,2000
060851,國巨國泰9C購01  ,0,0,0,0,0,0,0,0,0,2000,0,0,0,37000,35000,2000,2000
057902,嘉晶永豐98購02  ,0,0,0,0,0,0,0,0,0,2000,0,0,0,2000,0,2000,2000
060929,健策永豐9A購01  ,0,0,0,0,0,0,0,0,0,2000,0,0,0,2000,0,2000,2000
060644,泰鼎永豐9A購02  ,0,0,0,0,0,0,0,0,0,2000,0,0,0,2000,0,2000,2000
058748,景碩凱基9A購01  ,0,0,0,0,0,0,0,0,0,2000,0,0,0,10000,8000,2000,2000
060133,牧德群益9B購01  ,0,0,0,0,0,0,0,0,0,2000,0,0,0,2000,0,2000,2000
061134,大成鋼統一9C購01,0,0,0,0,0,0,0,0,0,2000,0,0,0,2000,0,2000,2000
059882,臺股指凱基9C購06,0,0,0,0,0,0,0,0,0,2000,0,0,0,8000,6000,2000,2000
058099,鴻海國泰9A購02  ,0,0,0,0,0,0,0,0,0,2000,0,0,0,2000,0,2000,2000
058025,聯茂國泰99購01  ,0,0,0,0,0,0,0,0,0,2000,0,0,0,2000,0,2000,2000
059843,華新科富邦9B購03,0,0,0,0,0,0,0,0,0,2000,0,0,0,2000,0,2000,2000
059823,奇力新凱基99購07,0,0,0,0,0,0,0,0,0,2000,0,0,0,2000,0,2000,2000
058213,欣興群益99購01  ,0,0,0,0,0,0,0,0,0,2000,0,0,0,2000,0,2000,2000
058404,貿聯元大99購02  ,0,0,0,0,0,0,0,0,0,2000,0,0,0,2000,0,2000,2000
058383,道瓊指中信9C購02,0,0,0,0,0,0,0,0,0,2000,0,0,0,2000,0,2000,2000
058599,T50反1元大99購05,0,0,0,0,0,0,0,0,0,2000,0,0,0,2000,0,2000,2000
058573,鴻海群益9A購02  ,0,0,0,0,0,0,0,0,0,2000,0,0,0,2000,0,2000,2000
058552,欣興永豐99購01  ,0,0,0,0,0,0,0,0,0,2000,0,0,0,2000,0,2000,2000
061744,超眾凱基9B購02  ,0,0,0,0,0,0,0,0,0,2000,0,0,0,32000,30000,2000,2000
064241,貿聯統一02購02  ,0,0,0,0,0,0,0,0,0,2000,0,0,0,2000,0,2000,2000
061275,臺股指凱基9A購25,0,0,0,0,0,0,0,0,0,2000,0,0,0,5000,3000,2000,2000
061238,晶技元大9A購02  ,0,0,0,0,0,0,0,0,0,2000,0,0,0,2000,0,2000,2000
061406,華通國票9A購06  ,0,0,0,0,0,0,0,0,0,2000,0,0,0,2000,0,2000,2000
063705,臻鼎群益9B購03  ,0,0,0,0,0,0,0,0,0,2000,0,0,0,2000,0,2000,2000
063723,儒鴻元大9B購04  ,0,0,0,0,0,0,0,0,0,2000,0,0,0,58000,56000,2000,2000
061197,矽創永豐9A購02  ,0,0,0,0,0,0,0,0,0,2000,0,0,0,3000,1000,2000,2000
061918,上銀凱基9B購02  ,0,0,0,0,0,0,0,0,0,2000,0,0,0,65000,63000,2000,2000
062898,華通元大9B購05  ,0,0,0,0,0,0,0,0,0,2000,0,0,0,2000,0,2000,2000
062919,聯茂元大9B購01  ,0,0,0,0,0,0,0,0,0,2000,0,0,0,2000,0,2000,2000
062911,聯詠元大9B購03  ,0,0,0,0,0,0,0,0,0,2000,0,0,0,2000,0,2000,2000
064422,聯發科兆豐01購02,0,0,0,0,0,0,0,0,0,2000,0,0,0,2000,0,2000,2000
064383,SP黃豆富邦01購01,0,0,0,0,0,0,0,0,0,2000,0,0,0,2000,0,2000,2000
064100,義隆群益9C購01  ,0,0,0,0,0,0,0,0,0,2000,0,0,0,2000,0,2000,2000
064112,宏碁國票01購01  ,0,0,0,0,0,0,0,0,0,2000,0,0,0,2000,0,2000,2000
062778,國巨元大9B購17  ,0,0,0,0,0,0,0,0,0,2000,0,0,0,2000,0,2000,2000
065040,燿華凱基9C購01  ,0,0,0,0,0,0,0,0,0,2000,0,0,0,21000,19000,2000,2000
065112,台表科國票02購01,0,0,0,0,0,0,0,0,0,2000,0,0,0,64000,62000,2000,2000
064776,金像電群益01購01,0,0,0,0,0,0,0,0,0,2000,0,0,0,2000,0,2000,2000
064783,貿聯群益9C購03  ,0,0,0,0,0,0,0,0,0,2000,0,0,0,119000,117000,2000,2000
062052,華通統一01購01  ,0,0,0,0,0,0,0,0,0,2000,0,0,0,10000,8000,2000,2000
062089,矽創元大9B購02  ,0,0,0,0,0,0,0,0,0,2000,0,0,0,7000,5000,2000,2000
064610,儒鴻元大9C購03  ,0,0,0,0,0,0,0,0,0,2000,0,0,0,74000,72000,2000,2000
062508,臺股指群益9B購03,0,0,0,0,0,0,0,0,0,2000,0,0,0,2000,0,2000,2000
062557,台光電凱基9B購02,0,0,0,0,0,0,0,0,0,2000,0,0,0,2000,0,2000,2000
063039,大立光凱基9C購02,0,0,0,0,0,0,0,0,0,2000,0,0,0,180000,178000,2000,2000
064557,鴻海群益9C購04  ,0,0,0,0,0,0,0,0,0,2000,0,0,0,2000,0,2000,2000
061955,FANG+統一9B購01 ,0,0,0,0,0,0,0,0,0,2000,0,0,0,32000,30000,2000,2000
065506,道瓊指群益9C購03,0,0,0,0,0,0,0,0,0,2000,0,0,0,2000,0,2000,2000
065251,宏達電國泰02購01,0,0,0,0,0,0,0,0,0,2000,0,0,0,21000,19000,2000,2000
065226,華通凱基01購01  ,0,0,0,0,0,0,0,0,0,2000,0,0,0,2000,0,2000,2000
065790,創意永豐9C購02  ,0,0,0,0,0,0,0,0,0,2000,0,0,0,10000,8000,2000,2000
065622,鴻海中信06購01  ,0,0,0,0,0,0,0,0,0,2000,0,0,0,2000,0,2000,2000
066502,國巨富邦05購02  ,0,0,0,0,0,0,0,0,0,2000,0,0,0,22000,20000,2000,2000
066271,東森元大01購01  ,0,0,0,0,0,0,0,0,0,2000,0,0,0,17000,15000,2000,2000
066216,南電統一03購01  ,0,0,0,0,0,0,0,0,0,2000,0,0,0,5000,3000,2000,2000
066132,精元群益01購01  ,0,0,0,0,0,0,0,0,0,2000,0,0,0,3000,1000,2000,2000
065937,大毅群益02購01  ,0,0,0,0,0,0,0,0,0,2000,0,0,0,13000,11000,2000,2000
067255,日月光國票02購01,0,0,0,0,0,0,0,0,0,2000,0,0,0,2000,0,2000,2000
067036,南電康和01購02  ,0,0,0,0,0,0,0,0,0,2000,0,0,0,28000,26000,2000,2000
067087,帆宣元大01購03  ,0,0,0,0,0,0,0,0,0,2000,0,0,0,2000,0,2000,2000
066980,台光電群益01購02,0,0,0,0,0,0,0,0,0,2000,0,0,0,2000,0,2000,2000
066935,奇鋐國票02購02  ,0,0,0,0,0,0,0,0,0,2000,0,0,0,2000,0,2000,2000
066728,台積電元大01購15,0,0,0,0,0,0,0,0,0,2000,0,0,0,2000,0,2000,2000
067659,滬深2X元大03購05,0,0,0,0,0,0,0,0,0,2000,0,0,0,2000,0,2000,2000
067886,台積電群益02購03,0,0,0,0,0,0,0,0,0,2000,0,0,0,2000,0,2000,2000
067924,台積電兆豐03購03,0,0,0,0,0,0,0,0,0,2000,0,0,0,2000,0,2000,2000
067840,滬深2X元富04購02,0,0,0,0,0,0,0,0,0,2000,0,0,0,15000,13000,2000,2000
067552,亞光兆豐01購01  ,0,0,0,0,0,0,0,0,0,2000,0,0,0,12000,10000,2000,2000
067336,中信金凱基01購01,0,0,0,0,0,0,0,0,0,2000,0,0,0,3000,1000,2000,2000
067297,台積電元大02購03,0,0,0,0,0,0,0,0,0,2000,0,0,0,22000,20000,2000,2000
08581P,臺股指元大9C售29,0,0,0,0,0,0,0,0,0,2000,0,0,0,2000,0,2000,2000
08918P,臺股指凱基01售09,0,0,0,0,0,0,0,0,0,2000,0,0,0,2000,0,2000,2000
08911P,力成凱基01售01  ,0,0,0,0,0,0,0,0,0,2000,0,0,0,2000,0,2000,2000
1468,昶和            ,2000,0,2000,0,0,0,0,0,0,0,0,0,0,0,0,0,2000
1540,喬福            ,2000,0,2000,0,0,0,0,0,0,0,0,0,0,0,0,0,2000
2243,宏旭-KY         ,2000,0,2000,0,0,0,0,0,0,0,0,0,0,0,0,0,2000
1713,國化            ,2000,0,2000,0,0,0,0,0,0,0,0,0,0,0,0,0,2000
1724,台硝            ,2000,0,2000,0,0,0,0,0,0,0,0,0,0,0,0,0,2000
3701,大眾控          ,2000,0,2000,0,0,0,0,0,0,0,0,0,0,0,0,0,2000
4439,冠星-KY         ,1000,1000,0,0,0,0,0,0,0,2000,2000,0,2000,0,0,0,2000
5225,東科-KY         ,7000,4000,3000,0,0,0,0,0,0,-1000,1000,2000,-1000,0,0,0,2000
2545,皇翔            ,26000,24000,2000,0,0,0,0,0,0,0,0,0,0,0,0,0,2000
2509,全坤建          ,2000,0,2000,0,0,0,0,0,0,0,0,0,0,0,0,0,2000
2483,百容            ,2000,0,2000,0,0,0,0,0,0,0,0,0,0,0,0,0,2000
2477,美隆電          ,2000,1000,1000,0,0,0,0,0,0,1000,1000,0,1000,0,0,0,2000
2444,兆勁            ,2000,0,2000,0,0,0,0,0,0,0,0,0,0,0,0,0,2000
2450,神腦            ,15000,14000,1000,0,0,0,0,0,0,1000,1000,0,1000,0,0,0,2000
2429,銘旺科          ,2000,0,2000,0,0,0,0,0,0,0,0,0,0,0,0,0,2000
3013,晟銘電          ,26000,25000,1000,0,0,0,0,0,0,1000,1000,0,1000,0,0,0,2000
3004,豐達科          ,8000,6000,2000,0,0,0,0,0,0,0,0,0,0,0,0,0,2000
8467,波力-KY         ,1000,0,1000,0,0,0,0,0,0,1000,1000,0,1000,0,0,0,2000
069371,道瓊銀元大03購03,0,0,0,0,0,0,0,0,0,1000,0,0,0,1000,0,1000,1000
069357,聯電永豐02購04  ,0,0,0,0,0,0,0,0,0,1000,0,0,0,3000,2000,1000,1000
069395,臺股指元大03購10,0,0,0,0,0,0,0,0,0,1000,0,0,0,1000,0,1000,1000
06931P,大立光元大98售20,0,0,0,0,0,0,0,0,0,1000,0,0,0,1000,0,1000,1000
069500,京鼎國泰04購01  ,0,0,0,0,0,0,0,0,0,1000,0,0,0,1000,0,1000,1000
069431,美律群益02購02  ,0,0,0,0,0,0,0,0,0,1000,0,0,0,1000,0,1000,1000
069696,國巨元富08購04  ,0,0,0,0,0,0,0,0,0,1000,0,0,0,6000,5000,1000,1000
069604,創意國票03購01  ,0,0,0,0,0,0,0,0,0,1000,0,0,0,1000,0,1000,1000
06976P,臺股指元大9A售14,0,0,0,0,0,0,0,0,0,1000,0,0,0,1000,0,1000,1000
08120P,南亞科國票9C售01,0,0,0,0,0,0,0,0,0,1000,0,0,0,1000,0,1000,1000
08115P,聯發科凱基9B售13,0,0,0,0,0,0,0,0,0,1000,0,0,0,1000,0,1000,1000
07086P,力成元富9C售01  ,0,0,0,0,0,0,0,0,0,1000,0,0,0,90000,89000,1000,1000
07475P,A50正2群益9C售02,0,0,0,0,0,0,0,0,0,1000,0,0,0,1000,0,1000,1000
08190P,宏達電元富9B售04,0,0,0,0,0,0,0,0,0,1000,0,0,0,1000,0,1000,1000
08384P,臺股指群益9C售12,0,0,0,0,0,0,0,0,0,1000,0,0,0,2000,1000,1000,1000
08414P,超眾凱基9C售02  ,0,0,0,0,0,0,0,0,0,1000,0,0,0,1000,0,1000,1000
08438P,鴻海國票01售02  ,0,0,0,0,0,0,0,0,0,1000,0,0,0,1000,0,1000,1000
069211,玉晶光元大03購08,0,0,0,0,0,0,0,0,0,1000,0,0,0,1000,0,1000,1000
069085,日月光凱基03購01,0,0,0,0,0,0,0,0,0,1000,0,0,0,1000,0,1000,1000
069021,台積電國票03購05,0,0,0,0,0,0,0,0,0,1000,0,0,0,3000,2000,1000,1000
068979,欣興元大02購05  ,0,0,0,0,0,0,0,0,0,1000,0,0,0,1000,0,1000,1000
068805,欣興群益03購01  ,0,0,0,0,0,0,0,0,0,1000,0,0,0,1000,0,1000,1000
068800,台灣50群益02購09,0,0,0,0,0,0,0,0,0,1000,0,0,0,1000,0,1000,1000
068906,台灣50群益02購10,0,0,0,0,0,0,0,0,0,1000,0,0,0,31000,30000,1000,1000
068704,精元國票03購01  ,0,0,0,0,0,0,0,0,0,1000,0,0,0,5000,4000,1000,1000
068685,台積電中信02購03,0,0,0,0,0,0,0,0,0,1000,0,0,0,1000,0,1000,1000
068794,欣興凱基02購04  ,0,0,0,0,0,0,0,0,0,1000,0,0,0,195000,194000,1000,1000
068630,T50反1凱基04購04,0,0,0,0,0,0,0,0,0,1000,0,0,0,1000,0,1000,1000
068339,GIS元大01購05   ,0,0,0,0,0,0,0,0,0,1000,0,0,0,1000,0,1000,1000
068415,台積電中信07購04,0,0,0,0,0,0,0,0,0,1000,0,0,0,53000,52000,1000,1000
068061,台灣50兆豐01購03,0,0,0,0,0,0,0,0,0,1000,0,0,0,1000,0,1000,1000
068078,緯創凱基02購01  ,0,0,0,0,0,0,0,0,0,1000,0,0,0,2000,1000,1000,1000
068158,緯創元大01購03  ,0,0,0,0,0,0,0,0,0,1000,0,0,0,2000,1000,1000,1000
064282,大立光元大9C購13,0,0,0,0,0,0,0,0,0,1000,0,0,0,1000,0,1000,1000
061802,勤誠永豐9B購01  ,0,0,0,0,0,0,0,0,0,1000,0,0,0,1000,0,1000,1000
058526,鈺齊元大99購02  ,0,0,0,0,0,0,0,0,0,1000,0,0,0,2000,1000,1000,1000
058477,億光凱基9A購01  ,0,0,0,0,0,0,0,0,0,1000,0,0,0,5000,4000,1000,1000
058438,大立光統一9B購01,0,0,0,0,0,0,0,0,0,1000,0,0,0,162000,161000,1000,1000
058569,健策凱基9A購01  ,0,0,0,0,0,0,0,0,0,1000,0,0,0,1000,0,1000,1000
058387,國巨國票9A購03  ,0,0,0,0,0,0,0,0,0,1000,0,0,0,39000,38000,1000,1000
058376,貿聯凱基9A購01  ,0,0,0,0,0,0,0,0,0,1000,0,0,0,11000,10000,1000,1000
058259,訊連國泰9B購01  ,0,0,0,0,0,0,0,0,0,1000,0,0,0,21000,20000,1000,1000
058286,道瓊指國票9B購01,0,0,0,0,0,0,0,0,0,1000,0,0,0,1000,0,1000,1000
059873,華新科凱基99購09,0,0,0,0,0,0,0,0,0,1000,0,0,0,1000,0,1000,1000
059919,宏達電元大99購06,0,0,0,0,0,0,0,0,0,1000,0,0,0,1000,0,1000,1000
060153,A50正2永豐9A購01,0,0,0,0,0,0,0,0,0,1000,0,0,0,1000,0,1000,1000
060159,健和興永豐9A購01,0,0,0,0,0,0,0,0,0,1000,0,0,0,27000,26000,1000,1000
059975,元金2X元大99購02,0,0,0,0,0,0,0,0,0,1000,0,0,0,1000,0,1000,1000
060015,國巨康和99購03  ,0,0,0,0,0,0,0,0,0,1000,0,0,0,67000,66000,1000,1000
059991,超眾元大9A購02  ,0,0,0,0,0,0,0,0,0,1000,0,0,0,1000,0,1000,1000
058941,華新科中信99購03,0,0,0,0,0,0,0,0,0,1000,0,0,0,31000,30000,1000,1000
059719,台積電元大99購42,0,0,0,0,0,0,0,0,0,1000,0,0,0,1000,0,1000,1000
059066,道瓊指國票04購01,0,0,0,0,0,0,0,0,0,1000,0,0,0,1000,0,1000,1000
060925,華新科永豐9A購01,0,0,0,0,0,0,0,0,0,1000,0,0,0,1000,0,1000,1000
057972,群創富邦9C購01  ,0,0,0,0,0,0,0,0,0,1000,0,0,0,8000,7000,1000,1000
057949,南電國票99購01  ,0,0,0,0,0,0,0,0,0,1000,0,0,0,2000,1000,1000,1000
057856,聯鈞國票99購03  ,0,0,0,0,0,0,0,0,0,1000,0,0,0,1000,0,1000,1000
060320,元金2X群益02購01,0,0,0,0,0,0,0,0,0,1000,0,0,0,2000,1000,1000,1000
060449,元金2X元大9A購02,0,0,0,0,0,0,0,0,0,1000,0,0,0,1000,0,1000,1000
060857,旭富富邦9B購01  ,0,0,0,0,0,0,0,0,0,1000,0,0,0,1000,0,1000,1000
060814,健策凱基9B購01  ,0,0,0,0,0,0,0,0,0,1000,0,0,0,1000,0,1000,1000
059458,鎧勝永豐99購01  ,0,0,0,0,0,0,0,0,0,1000,0,0,0,1000,0,1000,1000
059476,道瓊指群益9C購01,0,0,0,0,0,0,0,0,0,1000,0,0,0,1000,0,1000,1000
060767,世紀鋼元大9A購02,0,0,0,0,0,0,0,0,0,1000,0,0,0,1000,0,1000,1000
03427P,聯電元大02售11  ,0,0,0,0,0,0,0,0,0,1000,0,0,0,1000,0,1000,1000
060680,玉晶光元大9C購03,0,0,0,0,0,0,0,0,0,1000,0,0,0,13000,12000,1000,1000
051266,國巨富邦99購01  ,0,0,0,0,0,0,0,0,0,1000,0,0,0,1000,0,1000,1000
054451,上銀亞東98購01  ,0,0,0,0,0,0,0,0,0,1000,0,0,0,1000,0,1000,1000
054169,上緯控凱基98購01,0,0,0,0,0,0,0,0,0,1000,0,0,0,1000,0,1000,1000
054532,強茂國泰98購01  ,0,0,0,0,0,0,0,0,0,1000,0,0,0,1000,0,1000,1000
042793,台積電台新9C購01,0,0,0,0,0,0,0,0,0,1000,0,0,0,1000,0,1000,1000
056590,樺漢統一9A購01  ,0,0,0,0,0,0,0,0,0,1000,0,0,0,1000,0,1000,1000
056591,S&P正2元富9A購01,0,0,0,0,0,0,0,0,0,1000,0,0,0,1000,0,1000,1000
056498,A50正2富邦9B購01,0,0,0,0,0,0,0,0,0,1000,0,0,0,31000,30000,1000,1000
056385,創意國泰99購01  ,0,0,0,0,0,0,0,0,0,1000,0,0,0,1000,0,1000,1000
055812,台積電國票99購02,0,0,0,0,0,0,0,0,0,1000,0,0,0,2000,1000,1000,1000
03064X,元展59          ,0,0,0,0,0,0,0,0,0,1000,0,0,0,1000,0,1000,1000
03091X,元展85          ,0,0,0,0,0,0,0,0,0,1000,0,0,0,1000,0,1000,1000
03140P,聯發科凱基01售22,0,0,0,0,0,0,0,0,0,1000,0,0,0,1000,0,1000,1000
057624,新日興國泰99購01,0,0,0,0,0,0,0,0,0,1000,0,0,0,1000,0,1000,1000
057064,華新科富邦9B購01,0,0,0,0,0,0,0,0,0,1000,0,0,0,11000,10000,1000,1000
057335,技嘉國票99購01  ,0,0,0,0,0,0,0,0,0,1000,0,0,0,4000,3000,1000,1000
03030P,玉晶光元大03售01,0,0,0,0,0,0,0,0,0,1000,0,0,0,14000,13000,1000,1000
03248P,聯電元富03售03  ,0,0,0,0,0,0,0,0,0,1000,0,0,0,21000,20000,1000,1000
00651R,FH香港反1       ,0,21000,-21000,0,0,0,0,0,0,22000,0,0,0,327000,305000,22000,1000
00736,國泰新興市場    ,0,0,0,0,0,0,0,0,0,1000,0,0,0,102000,101000,1000,1000
061951,南電群益9B購01  ,0,0,0,0,0,0,0,0,0,1000,0,0,0,1000,0,1000,1000
064559,旺宏群益01購02  ,0,0,0,0,0,0,0,0,0,1000,0,0,0,1000,0,1000,1000
063028,巨大元大9B購02  ,0,0,0,0,0,0,0,0,0,1000,0,0,0,1000,0,1000,1000
061704,景碩國票9A購01  ,0,0,0,0,0,0,0,0,0,1000,0,0,0,1000,0,1000,1000
061657,智原國票9A購01  ,0,0,0,0,0,0,0,0,0,1000,0,0,0,11000,10000,1000,1000
064616,智邦元大9C購04  ,0,0,0,0,0,0,0,0,0,1000,0,0,0,65000,64000,1000,1000
064597,鴻海元富9C購03  ,0,0,0,0,0,0,0,0,0,1000,0,0,0,1000,0,1000,1000
062296,南六永豐9B購02  ,0,0,0,0,0,0,0,0,0,1000,0,0,0,1000,0,1000,1000
062280,大立光群益9C購01,0,0,0,0,0,0,0,0,0,1000,0,0,0,1000,0,1000,1000
062307,華通凱基9C購01  ,0,0,0,0,0,0,0,0,0,1000,0,0,0,1000,0,1000,1000
062082,嘉晶元大9B購01  ,0,0,0,0,0,0,0,0,0,1000,0,0,0,1000,0,1000,1000
062096,神隆永豐9B購01  ,0,0,0,0,0,0,0,0,0,1000,0,0,0,1000,0,1000,1000
062050,亞德客統一9C購01,0,0,0,0,0,0,0,0,0,1000,0,0,0,1000,0,1000,1000
063079,儒鴻凱基9B購01  ,0,0,0,0,0,0,0,0,0,1000,0,0,0,1000,0,1000,1000
062172,南六永豐9B購01  ,0,0,0,0,0,0,0,0,0,1000,0,0,0,1000,0,1000,1000
062114,GIS國票9C購01   ,0,0,0,0,0,0,0,0,0,1000,0,0,0,1000,0,1000,1000
065129,上銀兆豐01購01  ,0,0,0,0,0,0,0,0,0,1000,0,0,0,1000,0,1000,1000
064985,台表科元大9C購09,0,0,0,0,0,0,0,0,0,1000,0,0,0,166000,165000,1000,1000
064792,美律國票9C購01  ,0,0,0,0,0,0,0,0,0,1000,0,0,0,1000,0,1000,1000
064805,金像電元大9C購04,0,0,0,0,0,0,0,0,0,1000,0,0,0,1000,0,1000,1000
064879,健策兆豐01購01  ,0,0,0,0,0,0,0,0,0,1000,0,0,0,4000,3000,1000,1000
064964,T50反1元大9C購10,0,0,0,0,0,0,0,0,0,1000,0,0,0,1000,0,1000,1000
062797,瑞昱統一9B購01  ,0,0,0,0,0,0,0,0,0,1000,0,0,0,1000,0,1000,1000
062804,玉晶光統一9C購04,0,0,0,0,0,0,0,0,0,1000,0,0,0,11000,10000,1000,1000
062820,禾伸堂兆豐9B購01,0,0,0,0,0,0,0,0,0,1000,0,0,0,1000,0,1000,1000
064094,達新群益9C購01  ,0,0,0,0,0,0,0,0,0,1000,0,0,0,1000,0,1000,1000
064339,大立光元大01購01,0,0,0,0,0,0,0,0,0,1000,0,0,0,1000,0,1000,1000
062863,聯茂國票9B購01  ,0,0,0,0,0,0,0,0,0,1000,0,0,0,1000,0,1000,1000
063407,泰鼎國票9C購01  ,0,0,0,0,0,0,0,0,0,1000,0,0,0,1000,0,1000,1000
063416,台積電凱基9B購10,0,0,0,0,0,0,0,0,0,1000,0,0,0,1000,0,1000,1000
063267,台表科中信01購02,0,0,0,0,0,0,0,0,0,1000,0,0,0,101000,100000,1000,1000
063256,鴻海國泰01購02  ,0,0,0,0,0,0,0,0,0,1000,0,0,0,6000,5000,1000,1000
063183,國巨凱基9B購12  ,0,0,0,0,0,0,0,0,0,1000,0,0,0,1000,0,1000,1000
063645,瑞儀元大9B購02  ,0,0,0,0,0,0,0,0,0,1000,0,0,0,8000,7000,1000,1000
063602,金像電凱基9B購04,0,0,0,0,0,0,0,0,0,1000,0,0,0,1000,0,1000,1000
064386,友達富邦01購01  ,0,0,0,0,0,0,0,0,0,1000,0,0,0,1000,0,1000,1000
06344P,臺股指統一99售03,0,0,0,0,0,0,0,0,0,1000,0,0,0,1000,0,1000,1000
064397,旭富永豐9C購01  ,0,0,0,0,0,0,0,0,0,1000,0,0,0,1000,0,1000,1000
064433,金像電凱基02購01,0,0,0,0,0,0,0,0,0,1000,0,0,0,4000,3000,1000,1000
062931,上証2X凱基01購01,0,0,0,0,0,0,0,0,0,1000,0,0,0,1000,0,1000,1000
063837,亞德客元大01購01,0,0,0,0,0,0,0,0,0,1000,0,0,0,47000,46000,1000,1000
061396,台灣50台新9C購03,0,0,0,0,0,0,0,0,0,1000,0,0,0,1000,0,1000,1000
061446,鴻海中信04購01  ,0,0,0,0,0,0,0,0,0,1000,0,0,0,1000,0,1000,1000
061447,鴻海中信04購02  ,0,0,0,0,0,0,0,0,0,1000,0,0,0,1000,0,1000,1000
061310,華新科麥證9A購01,0,0,0,1000,0,1000,0,0,0,1000,0,0,0,1000,0,1000,1000
067427,奇力新凱基01購01,0,0,0,0,0,0,0,0,0,1000,0,0,0,1000,0,1000,1000
067595,國巨凱基02購04  ,0,0,0,0,0,0,0,0,0,1000,0,0,0,56000,55000,1000,1000
067833,台積電統一02購06,0,0,0,0,0,0,0,0,0,1000,0,0,0,1000,0,1000,1000
067885,台積電群益02購02,0,0,0,0,0,0,0,0,0,1000,0,0,0,1000,0,1000,1000
067640,欣興統一02購03  ,0,0,0,0,0,0,0,0,0,1000,0,0,0,1000,0,1000,1000
067757,元金2X永豐01購01,0,0,0,0,0,0,0,0,0,1000,0,0,0,1000,0,1000,1000
066565,泰鼎元大01購01  ,0,0,0,0,0,0,0,0,0,1000,0,0,0,1000,0,1000,1000
066611,台積電麥證01購03,0,0,0,1000,0,1000,0,0,0,1000,0,0,0,1000,0,1000,1000
066593,奇鋐群益01購01  ,0,0,0,0,0,0,0,0,0,1000,0,0,0,1000,0,1000,1000
066760,大立光永豐01購01,0,0,0,0,0,0,0,0,0,1000,0,0,0,1000,0,1000,1000
066785,台光電麥證01購01,0,0,0,1000,0,1000,0,0,0,1000,0,0,0,1000,0,1000,1000
066766,嘉澤永豐01購01  ,0,0,0,0,0,0,0,0,0,1000,0,0,0,39000,38000,1000,1000
066892,台積電兆豐03購01,0,0,0,0,0,0,0,0,0,1000,0,0,0,13000,12000,1000,1000
067108,大毅群益01購01  ,0,0,0,0,0,0,0,0,0,1000,0,0,0,31000,30000,1000,1000
067168,國巨麥證01購05  ,0,0,0,27000,9000,18000,0,0,0,1000,0,0,0,27000,26000,1000,1000
066128,台積電群益02購01,0,0,0,0,0,0,0,0,0,1000,0,0,0,1000,0,1000,1000
066085,台積電富邦05購01,0,0,0,0,0,0,0,0,0,1000,0,0,0,1000,0,1000,1000
066346,眾達永豐01購01  ,0,0,0,0,0,0,0,0,0,1000,0,0,0,1000,0,1000,1000
066323,精元永豐01購01  ,0,0,0,0,0,0,0,0,0,1000,0,0,0,1000,0,1000,1000
065717,創意中信9C購02  ,0,0,0,0,0,0,0,0,0,1000,0,0,0,16000,15000,1000,1000
065771,道瓊反國票01購01,0,0,0,0,0,0,0,0,0,1000,0,0,0,1000,0,1000,1000
065734,凌華凱基9C購01  ,0,0,0,0,0,0,0,0,0,1000,0,0,0,1000,0,1000,1000
06585P,鴻海元大99售04  ,0,0,0,0,0,0,0,0,0,1000,0,0,0,1000,0,1000,1000
065353,GIS統一02購03   ,0,0,0,0,0,0,0,0,0,1000,0,0,0,1000,0,1000,1000
065342,華邦電統一02購01,0,0,0,0,0,0,0,0,0,1000,0,0,0,1000,0,1000,1000
065333,冠德國票01購01  ,0,0,0,0,0,0,0,0,0,1000,0,0,0,13000,12000,1000,1000
065290,奇鋐群益9C購01  ,0,0,0,0,0,0,0,0,0,1000,0,0,0,1000,0,1000,1000
065300,燿華元富9C購03  ,0,0,0,0,0,0,0,0,0,1000,0,0,0,1000,0,1000,1000
065531,聯電統一01購01  ,0,0,0,0,0,0,0,0,0,1000,0,0,0,1000,0,1000,1000
065415,台積電兆豐9C購05,0,0,0,0,0,0,0,0,0,1000,0,0,0,1000,0,1000,1000
8481,政伸            ,1000,0,1000,0,0,0,0,0,0,0,0,0,0,0,0,0,1000
9912,偉聯            ,0,0,0,0,0,0,0,0,0,1000,1000,0,1000,0,0,0,1000
8222,寶一            ,6000,5000,1000,0,0,0,0,0,0,0,0,0,0,0,0,0,1000
8367,建新國際        ,3000,2000,1000,0,0,0,0,0,0,0,0,0,0,0,0,0,1000
8427,基勝-KY         ,2000,1000,1000,0,0,0,0,0,0,0,0,0,0,0,0,0,1000
3011,今皓            ,1000,0,1000,0,0,0,0,0,0,0,0,0,0,0,0,0,1000
2891C,中信金丙特      ,0,0,0,0,0,0,0,0,0,1000,1000,0,1000,0,0,0,1000
3054,立萬利          ,0,0,0,0,0,0,0,0,0,1000,1000,0,1000,0,0,0,1000
3035,智原            ,474000,454000,20000,0,0,0,0,0,0,-19000,22000,18000,4000,11000,34000,-23000,1000
2630,亞航            ,1000,0,1000,0,0,0,0,0,0,0,0,0,0,0,0,0,1000
2712,遠雄來          ,2000,0,2000,0,0,0,0,0,0,-1000,0,1000,-1000,0,0,0,1000
2438,翔耀            ,1000,0,1000,0,0,0,0,0,0,0,0,0,0,0,0,0,1000
2496,卓越            ,0,0,0,0,0,0,0,0,0,1000,1000,0,1000,0,0,0,1000
6164,華興            ,5000,4000,1000,0,0,0,0,0,0,0,0,0,0,0,0,0,1000
6201,亞弘電          ,1000,0,1000,0,0,0,0,0,0,0,0,0,0,0,0,0,1000
6625,必應            ,1000,0,1000,0,0,0,0,0,0,0,0,0,0,0,0,0,1000
4557,永新-KY         ,1000,0,1000,0,0,0,0,0,0,0,0,0,0,0,0,0,1000
4807,日成-KY         ,1000,0,1000,0,0,0,0,0,0,0,0,0,0,0,0,0,1000
4764,雙鍵            ,1000,0,1000,0,0,0,0,0,0,0,0,0,0,0,0,0,1000
4581,光隆精密-KY     ,1000,0,1000,0,0,0,0,0,0,0,0,0,0,0,0,0,1000
3593,力銘            ,1000,0,1000,0,0,0,0,0,0,0,0,0,0,0,0,0,1000
3308,聯德            ,1000,0,1000,0,0,0,0,0,0,0,0,0,0,0,0,0,1000
3501,維熹            ,16000,15000,1000,0,0,0,0,0,0,0,0,0,0,0,0,0,1000
3432,台端            ,0,0,0,0,0,0,0,0,0,1000,1000,0,1000,0,0,0,1000
1727,中華化          ,1000,0,1000,0,0,0,0,0,0,0,0,0,0,0,0,0,1000
1805,寶徠            ,1000,0,1000,0,0,0,0,0,0,0,0,0,0,0,0,0,1000
1616,億泰            ,2000,1000,1000,0,0,0,0,0,0,0,0,0,0,0,0,0,1000
1617,榮星            ,1000,0,1000,0,0,0,0,0,0,0,0,0,0,0,0,0,1000
2024,志聯            ,2000,0,2000,0,0,0,0,0,0,-1000,0,1000,-1000,0,0,0,1000
2033,佳大            ,1000,0,1000,0,0,0,0,0,0,0,0,0,0,0,0,0,1000
1471,首利            ,0,0,0,0,0,0,0,0,0,1000,1000,0,1000,0,0,0,1000
1456,怡華            ,1000,0,1000,0,0,0,0,0,0,0,0,0,0,0,0,0,1000
1413,宏洲            ,1000,0,1000,0,0,0,0,0,0,0,0,0,0,0,0,0,1000
1441,大東            ,1000,0,1000,0,0,0,0,0,0,0,0,0,0,0,0,0,1000
1443,立益            ,1000,0,1000,0,0,0,0,0,0,0,0,0,0,0,0,0,1000
1435,中福            ,2000,0,2000,0,0,0,0,0,0,-1000,0,1000,-1000,0,0,0,1000
1436,華友聯          ,1000,0,1000,0,0,0,0,0,0,0,0,0,0,0,0,0,1000
1233,天仁            ,2000,1000,1000,0,0,0,0,0,0,0,0,0,0,0,0,0,1000
1235,興泰            ,1000,0,1000,0,0,0,0,0,0,0,0,0,0,0,0,0,1000
08943P,嘉晶國票03售01  ,0,0,0,0,0,0,0,0,0,1000,0,0,0,1000,0,1000,1000
08631P,臺股指麥證9C售06,0,0,0,4000,3000,1000,0,0,0,1000,0,0,0,4000,3000,1000,1000
08639P,聯發科永豐9C售03,0,0,0,0,0,0,0,0,0,1000,0,0,0,1000,0,1000,1000
08715P,創意元富07售02  ,0,0,0,0,0,0,0,0,0,1000,0,0,0,27000,26000,1000,1000
3044,健鼎            ,824200,722000,102200,0,0,0,0,0,0,-102000,73000,144000,-71000,34000,65000,-31000,200
068282,信邦中信03購01  ,0,0,0,0,0,0,0,0,0,0,0,0,0,34000,34000,0,0
068434,美律凱基01購03  ,0,0,0,0,0,0,0,0,0,0,0,0,0,20000,20000,0,0
068437,宏達電凱基01購03,0,0,0,0,0,0,0,0,0,0,0,0,0,14000,14000,0,0
068452,台積電國票03購02,0,0,0,0,0,0,0,0,0,0,0,0,0,7000,7000,0,0
068545,帆宣康和01購01  ,0,0,0,0,0,0,0,0,0,0,0,0,0,100000,100000,0,0
068546,國巨群益01購11  ,0,0,0,0,0,0,0,0,0,0,0,0,0,1000,1000,0,0
068469,鴻海群益01購11  ,0,0,0,0,0,0,0,0,0,0,0,0,0,2000,2000,0,0
068476,聯鈞群益01購02  ,0,0,0,0,0,0,0,0,0,0,0,0,0,1000,1000,0,0
068497,緯創元大01購05  ,0,0,0,0,0,0,0,0,0,0,0,0,0,1000,1000,0,0
068534,台達電中信03購01,0,0,0,0,0,0,0,0,0,0,0,0,0,43000,43000,0,0
068538,帆宣中信01購03  ,0,0,0,0,0,0,0,0,0,0,0,0,0,2000,2000,0,0
068765,台積電統一04購03,0,0,0,0,0,0,0,0,0,0,0,0,0,20000,20000,0,0
068660,欣興元大02購02  ,0,0,0,0,0,0,0,0,0,0,0,0,0,22000,22000,0,0
068663,臺股指元大02購08,0,0,0,0,0,0,0,0,0,0,0,0,0,1000,1000,0,0
068886,群創統一02購04  ,0,0,0,0,0,0,0,0,0,0,0,0,0,33000,33000,0,0
068946,劍麟凱基02購01  ,0,0,0,0,0,0,0,0,0,0,0,0,0,50000,50000,0,0
068940,國巨日盛02購01  ,0,0,0,0,0,0,0,0,0,0,0,0,0,49000,49000,0,0
068804,大立光群益02購05,0,0,0,0,0,0,0,0,0,0,0,0,0,3000,3000,0,0
068826,群創元大05購01  ,0,0,0,0,0,0,0,0,0,0,0,0,0,15000,15000,0,0
068842,國巨統一02購05  ,0,0,0,0,0,0,0,0,0,0,0,0,0,28000,28000,0,0
06886P,旺宏元大99售07  ,0,0,0,0,0,0,0,0,0,0,0,0,0,50000,50000,0,0
068859,台積電元富08購06,0,0,0,0,0,0,0,0,0,0,0,0,0,133000,133000,0,0
069020,矽創兆豐03購01  ,0,0,0,0,0,0,0,0,0,0,0,0,0,100000,100000,0,0
069012,健鼎兆豐03購01  ,0,0,0,0,0,0,0,0,0,0,0,0,0,2000,2000,0,0
069104,南電統一04購01  ,0,0,0,0,0,0,0,0,0,0,0,0,0,12000,12000,0,0
069100,TPK統一02購03   ,0,0,0,0,0,0,0,0,0,0,0,0,0,33000,33000,0,0
069213,GIS元大02購02   ,0,0,0,0,0,0,0,0,0,0,0,0,0,1000,1000,0,0
069221,國巨群益02購04  ,0,0,0,0,0,0,0,0,0,0,0,0,0,20000,20000,0,0
069194,玉晶光統一02購03,0,0,0,0,0,0,0,0,0,0,0,0,0,43000,43000,0,0
069218,儒鴻群益02購01  ,0,0,0,0,0,0,0,0,0,0,0,0,0,229000,229000,0,0
08429P,台達電凱基9C售01,0,0,0,0,0,0,0,0,0,0,0,0,0,1000,1000,0,0
08465P,玉晶光兆豐01售02,0,0,0,0,0,0,0,0,0,0,0,0,0,4000,4000,0,0
08537P,台光電國票01售03,0,0,0,0,0,0,0,0,0,0,0,0,0,39000,39000,0,0
08341P,國泰金台新9C售01,0,0,0,0,0,0,0,0,0,0,0,0,0,93000,93000,0,0
08178P,南亞科元大9B售01,0,0,0,0,0,0,0,0,0,0,0,0,0,3000,3000,0,0
08175P,金像電統一9B售02,0,0,0,0,0,0,0,0,0,0,0,0,0,150000,150000,0,0
07460P,臺股指元大9B售03,0,0,0,0,0,0,0,0,0,0,0,0,0,100000,100000,0,0
07063P,臺股指元大9A售24,0,0,0,0,0,0,0,0,0,0,0,0,0,2000,2000,0,0
07729P,臺股指凱基9A售21,0,0,0,0,0,0,0,0,0,0,0,0,0,200000,200000,0,0
07842P,力成元大9A售01  ,0,0,0,0,0,0,0,0,0,0,0,0,0,1000,1000,0,0
08084P,台表科元大9B售06,0,0,0,0,0,0,0,0,0,0,0,0,0,50000,50000,0,0
08067P,大立光凱基9B售08,0,0,0,0,0,0,0,0,0,0,0,0,0,70000,70000,0,0
069788,國巨凱基04購06  ,0,0,0,0,0,0,0,0,0,0,0,0,0,4000,4000,0,0
069783,國巨麥證02購01  ,0,0,0,4000,0,4000,0,0,0,0,0,0,0,4000,4000,0,0
069784,群創麥證02購01  ,0,0,0,1000,0,1000,0,0,0,0,0,0,0,1000,1000,0,0
069754,儒鴻兆豐03購02  ,0,0,0,0,0,0,0,0,0,0,0,0,0,30000,30000,0,0
069930,華碩統一04購01  ,0,0,0,0,0,0,0,0,0,0,0,0,0,4000,4000,0,0
069955,玉晶光永豐02購04,0,0,0,0,0,0,0,0,0,0,0,0,0,5000,5000,0,0
069597,京元電國票03購01,0,0,0,0,0,0,0,0,0,0,0,0,0,7000,7000,0,0
069672,聯電元大02購19  ,0,0,0,0,0,0,0,0,0,0,0,0,0,10000,10000,0,0
069747,玉晶光永豐02購03,0,0,0,0,0,0,0,0,0,0,0,0,0,8000,8000,0,0
069726,群創群益02購03  ,0,0,0,0,0,0,0,0,0,0,0,0,0,26000,26000,0,0
069711,宏達電國票02購02,0,0,0,0,0,0,0,0,0,0,0,0,0,26000,26000,0,0
069435,健策群益02購03  ,0,0,0,0,0,0,0,0,0,0,0,0,0,11000,11000,0,0
069532,玉晶光群益03購05,0,0,0,0,0,0,0,0,0,0,0,0,0,5000,5000,0,0
069559,美律麥證02購01  ,0,0,0,15000,15000,0,0,0,0,0,0,0,0,15000,15000,0,0
069553,臻鼎元大02購02  ,0,0,0,0,0,0,0,0,0,0,0,0,0,147000,147000,0,0
069573,臻鼎凱基02購02  ,0,0,0,0,0,0,0,0,0,0,0,0,0,20000,20000,0,0
069332,聯電群益03購07  ,0,0,0,0,0,0,0,0,0,0,0,0,0,11000,11000,0,0
069268,玉晶光兆豐03購02,0,0,0,0,0,0,0,0,0,0,0,0,0,5000,5000,0,0
069279,玉晶光永豐02購01,0,0,0,0,0,0,0,0,0,0,0,0,0,11000,11000,0,0
069280,智易永豐02購02  ,0,0,0,0,0,0,0,0,0,0,0,0,0,1000,1000,0,0
069405,國巨統一03購06  ,0,0,0,0,0,0,0,0,0,0,0,0,0,28000,28000,0,0
069407,台積電統一04購09,0,0,0,0,0,0,0,0,0,0,0,0,0,23000,23000,0,0
069343,玉晶光群益03購03,0,0,0,0,0,0,0,0,0,0,0,0,0,4000,4000,0,0
069337,燿華群益02購03  ,0,0,0,0,0,0,0,0,0,0,0,0,0,10000,10000,0,0
00732,國泰RMB短期報酬 ,0,0,0,0,0,0,0,0,0,0,0,0,0,100000,100000,0,0
00707R,元大S&P日圓反1  ,0,0,0,0,0,0,0,0,0,0,0,0,0,1000,1000,0,0
00774B,新光中國政金綠債,0,0,0,0,0,0,0,0,0,0,0,0,0,2000,2000,0,0
00775B,新光投等債15+   ,0,0,0,0,0,0,0,0,0,0,0,0,0,2000,2000,0,0
00865B,國泰US短期公債  ,0,0,0,0,0,0,0,0,0,0,0,0,0,100000,100000,0,0
020006,永昌中小300N    ,0,0,0,0,0,0,0,0,0,0,0,0,0,20000,20000,0,0
00657K,國泰日經225+U   ,0,0,0,0,0,0,0,0,0,0,0,0,0,100,100,0,0
00668K,國泰美國道瓊+U  ,0,0,0,0,0,0,0,0,0,0,0,0,0,100,100,0,0
00666R,富邦恒生國企反1 ,0,0,0,0,0,0,0,0,0,0,0,0,0,81000,81000,0,0
00688L,國泰20年美債正2 ,0,0,0,0,0,0,0,0,0,0,0,0,0,100000,100000,0,0
00625K,富邦上証+R      ,0,0,0,0,0,0,0,0,0,0,0,0,0,50000,50000,0,0
00636K,國泰中國A50+U   ,0,0,0,0,0,0,0,0,0,0,0,0,0,100,100,0,0
03258P,台積電中信02售04,0,0,0,0,0,0,0,0,0,0,0,0,0,5000,5000,0,0
03235P,宏達電元大02售02,0,0,0,0,0,0,0,0,0,0,0,0,0,1000,1000,0,0
03013P,華新科永豐01售01,0,0,0,0,0,0,0,0,0,0,0,0,0,50000,50000,0,0
057287,彩晶元大9C購03  ,0,0,0,0,0,0,0,0,0,0,0,0,0,95000,95000,0,0
057166,國巨元大99購06  ,0,0,0,0,0,0,0,0,0,0,0,0,0,50000,50000,0,0
057613,瑞昱元富02購02  ,0,0,0,0,0,0,0,0,0,0,0,0,0,2000,2000,0,0
057327,玉晶光群益9A購04,0,0,0,0,0,0,0,0,0,0,0,0,0,8000,8000,0,0
057374,禾伸堂元大99購03,0,0,0,0,0,0,0,0,0,0,0,0,0,45000,45000,0,0
03096P,台積電凱基03售05,0,0,0,0,0,0,0,0,0,0,0,0,0,1000,1000,0,0
056746,超眾凱基99購01  ,0,0,0,0,0,0,0,0,0,0,0,0,0,20000,20000,0,0
056193,聯發科富邦99購08,0,0,0,0,0,0,0,0,0,0,0,0,0,50000,50000,0,0
056138,群創元大9B購01  ,0,0,0,0,0,0,0,0,0,0,0,0,0,11000,11000,0,0
056259,T50反1統一9A購01,0,0,0,0,0,0,0,0,0,0,0,0,0,100000,100000,0,0
056397,彩晶永豐99購01  ,0,50000,-50000,0,0,0,0,0,0,50000,0,0,0,50000,0,50000,0
056493,晶技國泰99購01  ,0,0,0,0,0,0,0,0,0,0,0,0,0,2000,2000,0,0
056455,群創凱基9A購01  ,0,0,0,0,0,0,0,0,0,0,0,0,0,2000,2000,0,0
056579,麗豐元大99購01  ,0,0,0,0,0,0,0,0,0,0,0,0,0,50000,50000,0,0
056636,台積電日盛9A購01,0,0,0,0,0,0,0,0,0,0,0,0,0,200000,200000,0,0
03686C,臺股指元大04牛05,0,0,0,0,0,0,0,0,0,0,0,0,0,15000,15000,0,0
059261,華邦電中信01購01,0,0,0,0,0,0,0,0,0,0,0,0,0,20000,20000,0,0
059254,台表科凱基9A購02,0,0,0,0,0,0,0,0,0,0,0,0,0,10000,10000,0,0
059241,旺宏凱基99購07  ,0,0,0,0,0,0,0,0,0,0,0,0,0,45000,45000,0,0
03446P,創意群益02售02  ,0,0,0,0,0,0,0,0,0,0,0,0,0,19000,19000,0,0
03459P,台積電國票03售08,0,0,0,0,0,0,0,0,0,0,0,0,0,2000,2000,0,0
060741,滬深2X國票9A購05,0,0,0,0,0,0,0,0,0,0,0,0,0,5000,5000,0,0
060729,國巨群益9A購05  ,0,0,0,0,0,0,0,0,0,0,0,0,0,5000,5000,0,0
061193,玉晶光永豐9B購02,0,0,0,0,0,0,0,0,0,0,0,0,0,2000,2000,0,0
061195,健策永豐9B購02  ,0,0,0,0,0,0,0,0,0,0,0,0,0,2000,2000,0,0
060789,禾伸堂富邦9B購02,0,0,0,0,0,0,0,0,0,0,0,0,0,100000,100000,0,0
059451,國巨永豐99購05  ,0,0,0,0,0,0,0,0,0,0,0,0,0,1000,1000,0,0
059466,國巨元大99購26  ,0,0,0,0,0,0,0,0,0,0,0,0,0,8000,8000,0,0
059390,華新科凱基99購05,0,0,0,0,0,0,0,0,0,0,0,0,0,6000,6000,0,0
059529,華新科凱基9A購04,0,0,0,0,0,0,0,0,0,0,0,0,0,13000,13000,0,0
060841,宏達電國票9B購01,0,0,0,0,0,0,0,0,0,0,0,0,0,20000,20000,0,0
060515,臺股指元大9B購12,0,0,0,0,0,0,0,0,0,0,0,0,0,15000,15000,0,0
060516,臺股指元大9B購13,0,0,0,0,0,0,0,0,0,0,0,0,0,1000,1000,0,0
060544,國巨凱基9B購03  ,0,0,0,0,0,0,0,0,0,0,0,0,0,21000,21000,0,0
060490,華新科台新9A購01,0,0,0,0,0,0,0,0,0,0,0,0,0,4000,4000,0,0
060602,京元電凱基9A購01,0,0,0,0,0,0,0,0,0,0,0,0,0,10000,10000,0,0
060604,宏達電凱基9B購01,0,0,0,0,0,0,0,0,0,0,0,0,0,17000,17000,0,0
059731,康控元大99購04  ,0,0,0,0,0,0,0,0,0,0,0,0,0,6000,6000,0,0
060340,國巨統一01購02  ,0,0,0,0,0,0,0,0,0,0,0,0,0,26000,26000,0,0
060926,宏達電永豐9A購01,0,0,0,0,0,0,0,0,0,0,0,0,0,8000,8000,0,0
060653,全新群益9A購02  ,0,0,0,0,0,0,0,0,0,0,0,0,0,30000,30000,0,0
060655,國巨統一9B購06  ,0,0,0,0,0,0,0,0,0,0,0,0,0,27000,27000,0,0
060610,玉晶光凱基9B購02,0,0,0,0,0,0,0,0,0,0,0,0,0,8000,8000,0,0
060622,玉晶光元大9B購02,0,0,0,0,0,0,0,0,0,0,0,0,0,1000,1000,0,0
060624,玉晶光元大9C購02,0,0,0,0,0,0,0,0,0,0,0,0,0,10000,10000,0,0
060999,國巨兆豐9A購01  ,0,0,0,0,0,0,0,0,0,0,0,0,0,21000,21000,0,0
058987,華新科凱基9B購01,0,0,0,0,0,0,0,0,0,0,0,0,0,8000,8000,0,0
059565,國巨凱基99購16  ,0,0,0,0,0,0,0,0,0,0,0,0,0,1000,1000,0,0
059721,旺宏元大99購16  ,0,0,0,0,0,0,0,0,0,0,0,0,0,17000,17000,0,0
059572,華新科凱基99購08,0,0,0,0,0,0,0,0,0,0,0,0,0,13000,13000,0,0
058955,台積電國票9A購04,0,0,0,0,0,0,0,0,0,0,0,0,0,125000,125000,0,0
058849,奇力新群益99購02,0,0,0,0,0,0,0,0,0,0,0,0,0,1000,1000,0,0
058865,群創凱基01購01  ,0,0,0,0,0,0,0,0,0,0,0,0,0,24000,24000,0,0
060888,金像電統一9C購01,0,0,0,0,0,0,0,0,0,0,0,0,0,20000,20000,0,0
060220,華新科凱基9A購08,0,0,0,0,0,0,0,0,0,0,0,0,0,6000,6000,0,0
059877,康控凱基99購05  ,0,0,0,0,0,0,0,0,0,0,0,0,0,20000,20000,0,0
059887,華新科國票99購02,0,0,0,0,0,0,0,0,0,0,0,0,0,9000,9000,0,0
061104,華新科元大9A購13,0,0,0,0,0,0,0,0,0,0,0,0,0,4000,4000,0,0
061105,宏達電元大9A購04,0,0,0,0,0,0,0,0,0,0,0,0,0,11000,11000,0,0
061106,群創元大9B購09  ,0,0,0,0,0,0,0,0,0,0,0,0,0,12000,12000,0,0
058210,臺股指凱基9C購04,0,0,0,0,0,0,0,0,0,0,0,0,0,10000,10000,0,0
058067,台積電第一9C購01,0,0,0,0,0,0,0,0,0,0,0,0,0,556000,556000,0,0
058375,群創凱基9B購04  ,0,0,0,0,0,0,0,0,0,0,0,0,0,50000,50000,0,0
058424,滬深2X元富99購04,0,0,0,0,0,0,0,0,0,0,0,0,0,88000,88000,0,0
058319,大毅永豐9A購01  ,0,0,0,0,0,0,0,0,0,0,0,0,0,15000,15000,0,0
058315,TPK富邦9C購01   ,0,0,0,0,0,0,0,0,0,0,0,0,0,22000,22000,0,0
058589,群創中信01購01  ,0,0,0,0,0,0,0,0,0,0,0,0,0,19000,19000,0,0
061803,巨大永豐9B購01  ,0,0,0,0,0,0,0,0,0,0,0,0,0,10000,10000,0,0
062673,台新金中信03購01,0,0,0,0,0,0,0,0,0,0,0,0,0,20000,20000,0,0
061773,和潤元大9B購01  ,0,0,0,0,0,0,0,0,0,0,0,0,0,15000,15000,0,0
061785,奇力新群益9B購01,0,0,0,0,0,0,0,0,0,0,0,0,0,10000,10000,0,0
061714,華新科凱基9A購15,0,0,0,0,0,0,0,0,0,0,0,0,0,10000,10000,0,0
062758,國巨凱基9B購09  ,0,0,0,0,0,0,0,0,0,0,0,0,0,20000,20000,0,0
063530,同欣電凱基9C購02,0,0,0,0,0,0,0,0,0,0,0,0,0,20000,20000,0,0
062678,華通統一9C購04  ,0,0,0,0,0,0,0,0,0,0,0,0,0,7000,7000,0,0
062696,國巨元大9B購16  ,0,0,0,0,0,0,0,0,0,0,0,0,0,4000,4000,0,0
064226,TPK國票01購01   ,0,0,0,0,0,0,0,0,0,0,0,0,0,4000,4000,0,0
061342,華新科元大9A購17,0,0,0,0,0,0,0,0,0,0,0,0,0,1000,1000,0,0
061336,國巨元大9A購20  ,0,0,0,0,0,0,0,0,0,0,0,0,0,1000,1000,0,0
061324,華新科凱基9C購01,0,0,0,0,0,0,0,0,0,0,0,0,0,1000,1000,0,0
061326,新日興凱基9B購01,0,0,0,0,0,0,0,0,0,0,0,0,0,18000,18000,0,0
061246,玉晶光群益9A購08,0,0,0,0,0,0,0,0,0,0,0,0,0,4000,4000,0,0
061457,TPK凱基9A購01   ,0,0,0,0,0,0,0,0,0,0,0,0,0,10000,10000,0,0
063831,帆宣國票01購01  ,0,0,0,0,0,0,0,0,0,0,0,0,0,9000,9000,0,0
063842,國巨元大9C購10  ,0,0,0,0,0,0,0,0,0,0,0,0,0,23000,23000,0,0
063869,玉晶光永豐9C購01,0,0,0,0,0,0,0,0,0,0,0,0,0,2000,2000,0,0
063717,宏達電兆豐9B購02,0,0,0,0,0,0,0,0,0,0,0,0,0,6000,6000,0,0
063963,鴻海國票01購01  ,0,0,0,0,0,0,0,0,0,0,0,0,0,20000,20000,0,0
063965,漢唐國票01購01  ,0,0,0,0,0,0,0,0,0,0,0,0,0,4000,4000,0,0
063959,GIS元大9C購02   ,0,0,0,0,0,0,0,0,0,0,0,0,0,6000,6000,0,0
063891,國巨群益9C購07  ,0,0,0,0,0,0,0,0,0,0,0,0,0,81000,81000,0,0
063509,超眾群益9B購03  ,0,0,0,0,0,0,0,0,0,0,0,0,0,12000,12000,0,0
064490,金像電元大9C購02,0,0,0,0,0,0,0,0,0,0,0,0,0,18000,18000,0,0
062865,臺股指國票9B購22,0,0,0,0,0,0,0,0,0,0,0,0,0,2000,2000,0,0
062873,國巨兆豐9C購01  ,0,0,0,0,0,0,0,0,0,0,0,0,0,1000,1000,0,0
061900,志超永豐9B購01  ,0,0,0,0,0,0,0,0,0,0,0,0,0,59000,59000,0,0
064629,和潤元大9C購01  ,0,0,0,0,0,0,0,0,0,0,0,0,0,45000,45000,0,0
064669,健策元大01購03  ,0,0,0,0,0,0,0,0,0,0,0,0,0,7000,7000,0,0
063140,聯發科統一9B購08,0,0,0,0,0,0,0,0,0,0,0,0,0,10000,10000,0,0
063245,富邦金元大9B購03,0,0,0,0,0,0,0,0,0,0,0,0,0,50000,50000,0,0
063302,國巨凱基9C購05  ,0,0,0,0,0,0,0,0,0,0,0,0,0,36000,36000,0,0
064341,聯詠元大9C購01  ,0,0,0,0,0,0,0,0,0,0,0,0,0,24000,24000,0,0
064329,國巨元大01購03  ,0,0,0,0,0,0,0,0,0,0,0,0,0,4000,4000,0,0
064315,創意群益9C購01  ,0,0,0,0,0,0,0,0,0,0,0,0,0,1000,1000,0,0
063982,TPK兆豐9C購01   ,0,0,0,0,0,0,0,0,0,0,0,0,0,11000,11000,0,0
064032,群創元大9C購06  ,0,0,0,0,0,0,0,0,0,0,0,0,0,11000,11000,0,0
064131,群創元大01購02  ,0,0,0,0,0,0,0,0,0,0,0,0,0,6000,6000,0,0
064104,TPK群益9C購02   ,0,0,0,0,0,0,0,0,0,0,0,0,0,2000,2000,0,0
062824,國巨群益9C購03  ,0,0,0,0,0,0,0,0,0,0,0,0,0,5000,5000,0,0
062842,臺股指群益9B購09,0,0,0,0,0,0,0,0,0,0,0,0,0,2000,2000,0,0
062843,臺股指群益9B購10,0,0,0,0,0,0,0,0,0,0,0,0,0,1000,1000,0,0
062795,國巨統一9B購15  ,0,0,0,0,0,0,0,0,0,0,0,0,0,27000,27000,0,0
062781,微星元大9C購01  ,0,0,0,0,0,0,0,0,0,0,0,0,0,10000,10000,0,0
064894,漢唐群益9C購02  ,0,0,0,0,0,0,0,0,0,0,0,0,0,26000,26000,0,0
064837,TPK統一9C購02   ,0,0,0,0,0,0,0,0,0,0,0,0,0,5000,5000,0,0
065008,TPK國票01購02   ,0,0,0,0,0,0,0,0,0,0,0,0,0,4000,4000,0,0
065140,國巨凱基01購02  ,0,0,0,0,0,0,0,0,0,0,0,0,0,23000,23000,0,0
065090,大立光元大9C購24,0,0,0,0,0,0,0,0,0,0,0,0,0,1000,1000,0,0
062115,臺股指國票9B購09,0,0,0,0,0,0,0,0,0,0,0,0,0,14000,14000,0,0
063138,聯發科統一01購05,0,0,0,0,0,0,0,0,0,0,0,0,0,120000,120000,0,0
062132,神隆群益9B購01  ,0,0,0,0,0,0,0,0,0,0,0,0,0,11000,11000,0,0
062134,國巨群益9B購04  ,0,0,0,0,0,0,0,0,0,0,0,0,0,5000,5000,0,0
064688,國巨群益9C購11  ,0,0,0,0,0,0,0,0,0,0,0,0,0,4000,4000,0,0
063064,台表科元富9B購01,0,0,0,0,0,0,0,0,0,0,0,0,0,10000,10000,0,0
063067,緯穎麥證9B購01  ,0,0,0,10000,10000,0,0,0,0,0,0,0,0,10000,10000,0,0
062071,華通元大9B購02  ,0,0,0,0,0,0,0,0,0,0,0,0,0,1000,1000,0,0
063791,玉晶光台新9C購01,0,0,0,0,0,0,0,0,0,0,0,0,0,11000,11000,0,0
062315,健策凱基9C購01  ,0,0,0,0,0,0,0,0,0,0,0,0,0,9000,9000,0,0
062356,國巨元大9B購10  ,0,0,0,0,0,0,0,0,0,0,0,0,0,4000,4000,0,0
062366,義隆元大9B購04  ,0,0,0,0,0,0,0,0,0,0,0,0,0,3000,3000,0,0
062446,聯詠元大9B購02  ,0,0,0,0,0,0,0,0,0,0,0,0,0,5000,5000,0,0
062448,健策元大9C購04  ,0,0,0,0,0,0,0,0,0,0,0,0,0,7000,7000,0,0
062462,GIS群益9B購01   ,0,0,0,0,0,0,0,0,0,0,0,0,0,5000,5000,0,0
062434,華通元大9B購04  ,0,0,0,0,0,0,0,0,0,0,0,0,0,2000,2000,0,0
064608,滬深2X元大9C購11,0,0,0,0,0,0,0,0,0,0,0,0,0,2000,2000,0,0
064578,TPK國泰02購01   ,0,0,0,0,0,0,0,0,0,0,0,0,0,24000,24000,0,0
064580,統一永豐9C購01  ,0,0,0,0,0,0,0,0,0,0,0,0,0,10000,10000,0,0
062639,臻鼎國票9C購01  ,0,0,0,0,0,0,0,0,0,0,0,0,0,5000,5000,0,0
061637,華新科元大9A購22,0,0,0,0,0,0,0,0,0,0,0,0,0,1000,1000,0,0
061617,微星群益9A購02  ,0,0,0,0,0,0,0,0,0,0,0,0,0,1000,1000,0,0
061613,南六統一9C購01  ,0,0,0,0,0,0,0,0,0,0,0,0,0,8000,8000,0,0
061571,奇力新元大9A購03,0,0,0,0,0,0,0,0,0,0,0,0,0,2000,2000,0,0
061575,華新科元大9A購20,0,0,0,0,0,0,0,0,0,0,0,0,0,2000,2000,0,0
061576,華新科元大9A購21,0,0,0,0,0,0,0,0,0,0,0,0,0,2000,2000,0,0
061568,國巨元大9A購25  ,0,0,0,0,0,0,0,0,0,0,0,0,0,24000,24000,0,0
061526,宏達電凱基9A購04,0,0,0,0,0,0,0,0,0,0,0,0,0,49000,49000,0,0
061705,健策國票9A購06  ,0,0,0,0,0,0,0,0,0,0,0,0,0,2000,2000,0,0
061695,群創群益9A購01  ,0,0,0,0,0,0,0,0,0,0,0,0,0,18000,18000,0,0
061669,崇越中信9A購01  ,0,0,0,0,0,0,0,0,0,0,0,0,0,20000,20000,0,0
064544,國巨凱基9C購09  ,0,0,0,0,0,0,0,0,0,0,0,0,0,36000,36000,0,0
064528,國巨中信02購01  ,0,0,0,0,0,0,0,0,0,0,0,0,0,27000,27000,0,0
064518,華新科群益02購01,0,0,0,0,0,0,0,0,0,0,0,0,0,22000,22000,0,0
064507,臻鼎元大9C購02  ,0,0,0,0,0,0,0,0,0,0,0,0,0,11000,11000,0,0
062224,玉晶光統一9C購03,0,0,0,0,0,0,0,0,0,0,0,0,0,2000,2000,0,0
062261,嘉晶元大9B購02  ,0,0,0,0,0,0,0,0,0,0,0,0,0,20000,20000,0,0
062246,力山元大9B購02  ,0,0,0,0,0,0,0,0,0,0,0,0,0,10000,10000,0,0
063045,國巨兆豐9C購02  ,0,0,0,0,0,0,0,0,0,0,0,0,0,20000,20000,0,0
063052,國巨統一9C購10  ,0,0,0,0,0,0,0,0,0,0,0,0,0,26000,26000,0,0
063035,燿華凱基9B購02  ,0,0,0,0,0,0,0,0,0,0,0,0,0,10000,10000,0,0
063014,技嘉元大9B購03  ,0,0,0,0,0,0,0,0,0,0,0,0,0,2000,2000,0,0
061984,華新科元大9B購05,0,0,0,0,0,0,0,0,0,0,0,0,0,4000,4000,0,0
062003,國巨國泰01購01  ,0,0,0,0,0,0,0,0,0,0,0,0,0,29000,29000,0,0
062004,國巨國泰9C購03  ,0,0,0,0,0,0,0,0,0,0,0,0,0,51000,51000,0,0
065410,國巨永豐9C購01  ,0,0,0,0,0,0,0,0,0,0,0,0,0,24000,24000,0,0
065435,臻鼎凱基02購01  ,0,0,0,0,0,0,0,0,0,0,0,0,0,20000,20000,0,0
065446,宏達電統一9C購02,0,0,0,0,0,0,0,0,0,0,0,0,0,23000,23000,0,0
065350,華擎統一01購04  ,0,0,0,0,0,0,0,0,0,0,0,0,0,12000,12000,0,0
065374,義隆元大9C購07  ,0,0,0,0,0,0,0,0,0,0,0,0,0,2000,2000,0,0
065311,TPK國票01購03   ,0,0,0,0,0,0,0,0,0,0,0,0,0,1000,1000,0,0
065243,聯發科兆豐01購03,0,0,0,0,0,0,0,0,0,0,0,0,0,100000,100000,0,0
065826,國巨凱基9C購12  ,0,0,0,0,0,0,0,0,0,0,0,0,0,20000,20000,0,0
065874,智原群益9C購01  ,0,0,0,0,0,0,0,0,0,0,0,0,0,10000,10000,0,0
065724,國巨凱基9C購11  ,0,0,0,0,0,0,0,0,0,0,0,0,0,40000,40000,0,0
065603,聯發科元大9C購16,0,0,0,0,0,0,0,0,0,0,0,0,0,31000,31000,0,0
065576,泰鼎群益9C購02  ,0,0,0,0,0,0,0,0,0,0,0,0,0,12000,12000,0,0
065574,創意群益9C購04  ,0,0,0,0,0,0,0,0,0,0,0,0,0,2000,2000,0,0
066327,強茂永豐01購01  ,0,0,0,0,0,0,0,0,0,0,0,0,0,232000,232000,0,0
066269,宏達電元大01購03,0,0,0,0,0,0,0,0,0,0,0,0,0,9000,9000,0,0
066423,智原元大01購02  ,0,0,0,0,0,0,0,0,0,0,0,0,0,10000,10000,0,0
066412,神隆元大01購01  ,0,0,0,0,0,0,0,0,0,0,0,0,0,8000,8000,0,0
066130,燿華群益01購03  ,0,0,0,0,0,0,0,0,0,0,0,0,0,30000,30000,0,0
066189,和潤凱基01購01  ,0,0,0,0,0,0,0,0,0,0,0,0,0,54000,54000,0,0
065925,鴻海國票04購01  ,0,0,0,0,0,0,0,0,0,0,0,0,0,190000,190000,0,0
065921,GIS凱基01購02   ,0,0,0,0,0,0,0,0,0,0,0,0,0,20000,20000,0,0
065983,亞德客國泰03購01,0,0,0,0,0,0,0,0,0,0,0,0,0,20000,20000,0,0
065953,宏達電統一03購01,0,0,0,0,0,0,0,0,0,0,0,0,0,22000,22000,0,0
065950,正崴統一03購01  ,0,0,0,0,0,0,0,0,0,0,0,0,0,497000,497000,0,0
065968,國巨元大02購01  ,0,0,0,0,0,0,0,0,0,0,0,0,0,5000,5000,0,0
066028,嘉澤群益01購01  ,0,0,0,0,0,0,0,0,0,0,0,0,0,3000,3000,0,0
066005,國巨統一03購01  ,0,0,0,0,0,0,0,0,0,0,0,0,0,29000,29000,0,0
067185,宏達電凱基02購01,0,0,0,0,0,0,0,0,0,0,0,0,0,16000,16000,0,0
067129,神隆永豐01購01  ,0,0,0,0,0,0,0,0,0,0,0,0,0,10000,10000,0,0
066934,宏達電國票02購01,0,0,0,0,0,0,0,0,0,0,0,0,0,4000,4000,0,0
066937,群創國票03購01  ,0,0,0,0,0,0,0,0,0,0,0,0,0,8000,8000,0,0
066939,TPK國票02購02   ,0,0,0,0,0,0,0,0,0,0,0,0,0,3000,3000,0,0
067077,智原元大01購04  ,0,0,0,0,0,0,0,0,0,0,0,0,0,254000,254000,0,0
067100,華邦電群益01購01,0,0,0,0,0,0,0,0,0,0,0,0,0,10000,10000,0,0
067093,台灣50群益01購08,0,0,0,0,0,0,0,0,0,0,0,0,0,1000,1000,0,0
067024,旺宏兆豐03購01  ,0,0,0,0,0,0,0,0,0,0,0,0,0,13000,13000,0,0
067062,神隆元大01購02  ,0,0,0,0,0,0,0,0,0,0,0,0,0,8000,8000,0,0
066930,台積電國票02購01,0,0,0,0,0,0,0,0,0,0,0,0,0,10000,10000,0,0
066860,健策國票02購02  ,0,0,0,0,0,0,0,0,0,0,0,0,0,1000,1000,0,0
066814,健鼎兆豐01購01  ,0,0,0,0,0,0,0,0,0,0,0,0,0,10000,10000,0,0
066801,奇鋐凱基01購02  ,0,0,0,0,0,0,0,0,0,0,0,0,0,3000,3000,0,0
066650,宏達電康和01購01,0,0,0,0,0,0,0,0,0,0,0,0,0,19000,19000,0,0
066645,聯發科麥證01購02,0,0,0,0,180000,-180000,0,0,0,0,0,0,0,180000,180000,0,0
066708,嘉澤群益02購01  ,0,0,0,0,0,0,0,0,0,0,0,0,0,30000,30000,0,0
066673,緯穎凱基02購01  ,0,0,0,0,0,0,0,0,0,0,0,0,0,10000,10000,0,0
067901,旭富群益01購04  ,0,0,0,0,0,0,0,0,0,0,0,0,0,50000,50000,0,0
067918,玉晶光永豐01購02,0,0,0,0,0,0,0,0,0,0,0,0,0,7000,7000,0,0
067829,鎧勝兆豐03購01  ,0,0,0,0,0,0,0,0,0,0,0,0,0,11000,11000,0,0
067596,國巨凱基02購05  ,0,0,0,0,0,0,0,0,0,0,0,0,0,25000,25000,0,0
067597,國巨凱基02購06  ,0,0,0,0,0,0,0,0,0,0,0,0,0,21000,21000,0,0
067603,冠德凱基02購01  ,0,0,0,0,0,0,0,0,0,0,0,0,0,90000,90000,0,0
067588,欣興群益01購04  ,0,0,0,0,0,0,0,0,0,0,0,0,0,12000,12000,0,0
067474,華邦電元大01購02,0,0,0,0,0,0,0,0,0,0,0,0,0,103000,103000,0,0
067513,南六統一01購04  ,0,0,0,0,0,0,0,0,0,0,0,0,0,9000,9000,0,0
067394,國巨永豐01購01  ,0,0,0,0,0,0,0,0,0,0,0,0,0,33000,33000,0,0
067296,A50正2元大01購03,0,0,0,0,0,0,0,0,0,0,0,0,0,10000,10000,0,0
06732P,台灣50日盛9A售01,0,0,0,0,0,0,0,0,0,0,0,0,0,440000,440000,0,0
6573,虹揚-KY         ,5000,5000,0,0,0,0,0,0,0,0,0,0,0,0,0,0,0
6209,今國光          ,678000,679000,-1000,0,0,0,0,0,0,1000,1000,0,1000,0,0,0,0
6117,迎廣            ,1000,1000,0,0,0,0,0,0,0,0,0,0,0,0,0,0,0
5907,大洋-KY         ,18000,18000,0,0,0,0,0,0,0,0,0,0,0,0,0,0,0
6128,上福            ,1000,1000,0,0,0,0,0,0,0,0,0,0,0,0,0,0,0
08680P,聯發科元大01售10,0,0,0,0,0,0,0,0,0,0,0,0,0,10000,10000,0,0
08614P,聯發科統一9C售18,0,0,0,0,0,0,0,0,0,0,0,0,0,299000,299000,0,0
08960P,聯發科凱基01售15,0,0,0,0,0,0,0,0,0,0,0,0,0,10000,10000,0,0
08858P,台積電國票01售05,0,0,0,0,0,0,0,0,0,0,0,0,0,1497000,1497000,0,0
08866P,旭富元大01售01  ,0,0,0,0,0,0,0,0,0,0,0,0,0,100000,100000,0,0
08821P,旺宏凱基01售01  ,0,0,0,0,0,0,0,0,0,0,0,0,0,100000,100000,0,0
1445,大宇            ,1000,1000,0,0,0,0,0,0,0,0,0,0,0,0,0,0,0
1529,樂士            ,2000,2000,0,0,0,0,0,0,0,0,0,0,0,0,0,0,0
2032,新鋼            ,2000,2000,0,0,0,0,0,0,0,0,0,0,0,0,0,0,0
8443,阿瘦            ,1000,3000,-2000,0,0,0,0,0,0,2000,2000,0,2000,0,0,0,0
8466,美吉吉-KY       ,1000,1000,0,0,0,0,0,0,0,0,0,0,0,0,0,0,0
8114,振樺電          ,3000,4000,-1000,0,0,0,0,0,0,1000,1000,0,1000,0,0,0,0
8101,華冠            ,0,0,0,0,0,0,0,0,0,0,1000,1000,0,0,0,0,0
9906,欣巴巴          ,2000,2000,0,0,0,0,0,0,0,0,0,0,0,0,0,0,0
8473,山林水          ,2000,2000,0,0,0,0,0,0,0,0,0,0,0,0,0,0,0
8940,新天地          ,2000,2000,0,0,0,0,0,0,0,0,0,0,0,0,0,0,0
9931,欣高            ,2000,2000,0,0,0,0,0,0,0,0,0,0,0,0,0,0,0
9929,秋雨            ,1000,1000,0,0,0,0,0,0,0,0,0,0,0,0,0,0,0
00678,群益NBI生技     ,0,0,0,0,0,0,0,0,0,-66,0,0,0,600000,600066,-66,-66
06939P,國巨永豐98售09  ,0,0,0,0,0,0,0,0,0,-1000,0,0,0,0,1000,-1000,-1000
069865,台泥群益03購01  ,0,0,0,0,0,0,0,0,0,-1000,0,0,0,0,1000,-1000,-1000
069870,臺股指群益02購10,0,0,0,0,0,0,0,0,0,-1000,0,0,0,0,1000,-1000,-1000
06989P,鴻海元富99售10  ,0,0,0,0,0,0,0,0,0,-1000,0,0,0,0,1000,-1000,-1000
069836,聯華群益04購01  ,0,0,0,0,0,0,0,0,0,-1000,0,0,0,0,1000,-1000,-1000
07950P,智邦元大9B售04  ,0,0,0,0,0,0,0,0,0,-1000,0,0,0,0,1000,-1000,-1000
07997P,上銀凱基9B售04  ,0,0,0,0,0,0,0,0,0,-1000,0,0,0,0,1000,-1000,-1000
07821P,臺股指國票9A售12,0,0,0,0,0,0,0,0,0,-1000,0,0,0,0,1000,-1000,-1000
07585P,台灣50中信03售06,0,0,0,0,0,0,0,0,0,-1000,0,0,0,0,1000,-1000,-1000
07045P,上銀國票9A售01  ,0,0,0,0,0,0,0,0,0,-1000,0,0,0,0,1000,-1000,-1000
07196P,大立光元大99售13,0,0,0,0,0,0,0,0,0,-1000,0,0,0,0,1000,-1000,-1000
07342P,大立光凱基99售14,0,0,0,0,0,0,0,0,0,-1000,0,0,0,0,1000,-1000,-1000
08306P,台積電凱基01售04,0,0,0,0,0,0,0,0,0,-1000,0,0,0,0,1000,-1000,-1000
08496P,金像電國票01售02,0,0,0,0,0,0,0,0,0,-1000,0,0,0,0,1000,-1000,-1000
069188,聯發科中信03購03,0,0,0,0,0,0,0,0,0,-1000,0,0,0,0,1000,-1000,-1000
069206,聯發科元大02購13,0,0,0,0,0,0,0,0,0,-1000,0,0,0,0,1000,-1000,-1000
069029,潤泰新國票03購01,0,0,0,0,0,0,0,0,0,-1000,0,0,0,833000,834000,-1000,-1000
06887P,華新科元大98售04,0,0,0,0,0,0,0,0,0,-1000,0,0,0,0,1000,-1000,-1000
068642,帆宣凱基03購01  ,0,0,0,0,0,0,0,0,0,-1000,0,0,0,20000,21000,-1000,-1000
068479,帆宣群益01購02  ,0,0,0,0,0,0,0,0,0,-1000,0,0,0,0,1000,-1000,-1000
068601,台積電凱基03購07,0,0,0,0,0,0,0,0,0,-1000,0,0,0,308000,309000,-1000,-1000
06859P,元金2X中信9C售01,0,0,0,0,0,0,0,0,0,-1000,0,0,0,0,1000,-1000,-1000
068398,上証2X元富07購04,0,0,0,0,0,0,0,0,0,-1000,0,0,0,0,1000,-1000,-1000
068274,玉晶光永豐01購10,0,0,0,0,0,0,0,0,0,-1000,0,0,0,0,1000,-1000,-1000
00657,國泰日經225     ,0,0,0,0,0,0,0,0,0,-1000,0,0,0,101000,102000,-1000,-1000
0053,元大電子        ,0,0,0,0,0,0,0,0,0,-1000,0,0,0,1000,2000,-1000,-1000
03022X,富展01          ,0,0,0,0,0,0,0,0,0,-1000,0,0,0,0,1000,-1000,-1000
03278P,臺股指中信02售03,0,0,0,0,0,0,0,0,0,-1000,0,0,0,0,1000,-1000,-1000
03165P,台表科元大01售06,0,0,0,0,0,0,0,0,0,-1000,0,0,0,9000,10000,-1000,-1000
057576,南亞科第一9C購01,0,0,0,0,0,0,0,0,0,-1000,0,0,0,0,1000,-1000,-1000
057564,台積電富邦9B購03,0,0,0,0,0,0,0,0,0,-1000,0,0,0,0,1000,-1000,-1000
057257,台泥兆豐99購01  ,0,0,0,0,0,0,0,0,0,-1000,0,0,0,0,1000,-1000,-1000
057118,欣興日盛9A購01  ,0,0,0,0,0,0,0,0,0,-1000,0,0,0,0,1000,-1000,-1000
057165,國巨元大99購05  ,0,0,0,0,0,0,0,0,0,-1000,0,0,0,0,1000,-1000,-1000
059489,上証2X國票9A購01,0,0,0,0,0,0,0,0,0,-1000,0,0,0,0,1000,-1000,-1000
051047,深中小群益99購01,0,0,0,0,0,0,0,0,0,-1000,0,0,0,15000,16000,-1000,-1000
03509P,臺股指群益02售14,0,0,0,0,0,0,0,0,0,-1000,0,0,0,0,1000,-1000,-1000
03536P,臺股指凱基02售15,0,0,0,0,0,0,0,0,0,-1000,0,0,0,0,1000,-1000,-1000
053163,上証2X群益9A購02,0,0,0,0,0,0,0,0,0,-1000,0,0,0,0,1000,-1000,-1000
056222,台積電凱基9A購01,0,0,0,0,0,0,0,0,0,-1000,0,0,0,38000,39000,-1000,-1000
056015,華通群益99購01  ,0,0,0,0,0,0,0,0,0,-1000,0,0,0,0,1000,-1000,-1000
063586,燿華永豐9B購02  ,0,0,0,0,0,0,0,0,0,-1000,0,0,0,0,1000,-1000,-1000
063533,緯穎凱基9B購06  ,0,0,0,0,0,0,0,0,0,-1000,0,0,0,19000,20000,-1000,-1000
058710,臺股指元大9A購23,0,0,0,0,0,0,0,0,0,-1000,0,0,0,0,1000,-1000,-1000
058583,臻鼎群益99購01  ,0,0,0,0,0,0,0,0,0,-1000,0,0,0,0,1000,-1000,-1000
058152,聯發科統一9B購02,0,0,0,0,0,0,0,0,0,-1000,0,0,0,0,1000,-1000,-1000
059822,聯發科凱基99購19,0,0,0,0,0,0,0,0,0,-1000,0,0,0,0,1000,-1000,-1000
059902,滬深2X元大9C購08,0,0,0,0,0,0,0,0,0,-1000,0,0,0,0,1000,-1000,-1000
060219,聯發科凱基9A購09,0,0,0,0,0,0,0,0,0,-1000,0,0,0,0,1000,-1000,-1000
060257,臺股指元大9B購08,0,0,0,0,0,0,0,0,0,-1000,0,0,0,0,1000,-1000,-1000
060871,台灣50中信01購03,0,0,0,0,0,0,0,0,0,-1000,0,0,0,0,1000,-1000,-1000
058807,和大統一9B購01  ,0,0,0,0,0,0,0,0,0,-1000,0,0,0,0,1000,-1000,-1000
058798,大立光元大99購11,0,0,0,0,0,0,0,0,0,-1000,0,0,0,1000,2000,-1000,-1000
059708,立積凱基9A購02  ,0,0,0,0,0,0,0,0,0,-1000,0,0,0,0,1000,-1000,-1000
059649,矽力凱基99購02  ,0,0,0,0,0,0,0,0,0,-1000,0,0,0,0,1000,-1000,-1000
059014,SGBR2X元富03購01,0,0,0,0,0,0,0,0,0,-1000,0,0,0,0,1000,-1000,-1000
059031,元石油中信03購01,0,0,0,0,0,0,0,0,0,-1000,0,0,0,0,1000,-1000,-1000
057913,健策日盛98購01  ,0,0,0,0,0,0,0,0,0,-1000,0,0,0,0,1000,-1000,-1000
060502,國巨元大9A購07  ,0,0,0,0,0,0,0,0,0,-1000,0,0,0,30000,31000,-1000,-1000
060521,鴻海中信01購03  ,0,0,0,0,0,0,0,0,0,-1000,0,0,0,0,1000,-1000,-1000
061970,大立光統一9C購03,0,0,0,0,0,0,0,0,0,-1000,0,0,0,0,1000,-1000,-1000
064547,宏達電凱基9C購01,0,0,0,0,0,0,0,0,0,-1000,0,0,0,10000,11000,-1000,-1000
061668,信邦中信9B購01  ,0,0,0,0,0,0,0,0,0,-1000,0,0,0,0,1000,-1000,-1000
061569,旺宏元大9A購14  ,0,0,0,0,0,0,0,0,0,-1000,0,0,0,0,1000,-1000,-1000
064561,友達群益9C購02  ,0,0,0,0,0,0,0,0,0,-1000,0,0,0,0,1000,-1000,-1000
063061,華新科元富9B購04,0,0,0,0,0,0,0,0,0,-1000,0,0,0,0,1000,-1000,-1000
062562,瑞儀凱基9B購02  ,0,0,0,0,0,0,0,0,0,-1000,0,0,0,0,1000,-1000,-1000
062587,國巨統一9B購13  ,0,0,0,0,0,0,0,0,0,-1000,0,0,0,0,1000,-1000,-1000
062411,玉晶光第一9B購01,0,0,0,0,0,0,0,0,0,-1000,0,0,0,0,1000,-1000,-1000
062031,臻鼎群益9B購01  ,0,0,0,0,0,0,0,0,0,-1000,0,0,0,0,1000,-1000,-1000
062021,康控永豐9B購01  ,0,0,0,0,0,0,0,0,0,-1000,0,0,0,0,1000,-1000,-1000
062056,國巨統一9C購08  ,0,0,0,0,0,0,0,0,0,-1000,0,0,0,0,1000,-1000,-1000
063093,國產國票9B購01  ,0,0,0,0,0,0,0,0,0,-1000,0,0,0,0,1000,-1000,-1000
062204,京元電國票9C購01,0,0,0,0,0,0,0,0,0,-1000,0,0,0,0,1000,-1000,-1000
064757,義隆凱基01購02  ,0,0,0,0,0,0,0,0,0,-1000,0,0,0,0,1000,-1000,-1000
065109,台勝科國票01購01,0,0,0,0,0,0,0,0,0,-1000,0,0,0,0,1000,-1000,-1000
065036,世芯統一02購02  ,0,0,0,0,0,0,0,0,0,-1000,0,0,0,0,1000,-1000,-1000
064857,T50反1富邦01購02,0,0,0,0,0,0,0,0,0,-1000,0,0,0,0,1000,-1000,-1000
064865,美律永豐9C購02  ,0,0,0,0,0,0,0,0,0,-1000,0,0,0,10000,11000,-1000,-1000
064897,宏達電群益9C購02,0,0,0,0,0,0,0,0,0,-1000,0,0,0,47000,48000,-1000,-1000
062806,世芯統一02購01  ,0,0,0,0,0,0,0,0,0,-1000,0,0,0,1000,2000,-1000,-1000
064055,台郡統一02購01  ,0,0,0,0,0,0,0,0,0,-1000,0,0,0,0,1000,-1000,-1000
064308,國巨群益9C購09  ,0,0,0,0,0,0,0,0,0,-1000,0,0,0,5000,6000,-1000,-1000
064299,宏碁兆豐9C購01  ,0,0,0,0,0,0,0,0,0,-1000,0,0,0,0,1000,-1000,-1000
064359,華通統一9C購05  ,0,0,0,0,0,0,0,0,0,-1000,0,0,0,23000,24000,-1000,-1000
06333P,臺股指群益9C售02,0,0,0,0,0,0,0,0,0,-1000,0,0,0,3000,4000,-1000,-1000
063218,台塑群益9B購01  ,0,0,0,0,0,0,0,0,0,-1000,0,0,0,0,1000,-1000,-1000
064664,微星元大9C購04  ,0,0,0,0,0,0,0,0,0,-1000,0,0,0,1000,2000,-1000,-1000
063623,祥碩兆豐9B購02  ,0,0,0,0,0,0,0,0,0,-1000,0,0,0,0,1000,-1000,-1000
061924,聯發科凱基9C購01,0,0,0,0,0,0,0,0,0,-1000,0,0,0,0,1000,-1000,-1000
064390,台塑永豐9C購01  ,0,0,0,0,0,0,0,0,0,-1000,0,0,0,0,1000,-1000,-1000
063523,微星凱基9B購03  ,0,0,0,0,0,0,0,0,0,-1000,0,0,0,28000,29000,-1000,-1000
063738,奇鋐元大9B購03  ,0,0,0,0,0,0,0,0,0,-1000,0,0,0,10000,11000,-1000,-1000
063823,T50反1國票01購02,0,0,0,0,0,0,0,0,0,-1000,0,0,0,0,1000,-1000,-1000
061409,力成國票9A購02  ,0,0,0,0,0,0,0,0,0,-1000,0,0,0,0,1000,-1000,-1000
061435,元金2X凱基9C購03,0,0,0,0,0,0,0,0,0,-1000,0,0,0,0,1000,-1000,-1000
061375,華通永豐9A購02  ,0,0,0,0,0,0,0,0,0,-1000,0,0,0,1000,2000,-1000,-1000
067330,台達電凱基02購01,0,0,0,0,0,0,0,0,0,-1000,0,0,0,70000,71000,-1000,-1000
067438,緯穎凱基01購03  ,0,0,0,0,0,0,0,0,0,-1000,0,0,0,169000,170000,-1000,-1000
067940,健策凱基01購04  ,0,0,0,0,0,0,0,0,0,-1000,0,0,0,3000,4000,-1000,-1000
067702,臺股指國票01購10,0,0,0,0,0,0,0,0,0,-1000,0,0,0,0,1000,-1000,-1000
066687,國巨元富07購05  ,0,0,0,0,0,0,0,0,0,-1000,0,0,0,0,1000,-1000,-1000
066580,臺股指元大01購09,0,0,0,0,0,0,0,0,0,-1000,0,0,0,9000,10000,-1000,-1000
066583,上証2X群益03購01,0,0,0,0,0,0,0,0,0,-1000,0,0,0,2000,3000,-1000,-1000
066890,聯詠中信07購01  ,0,0,0,0,0,0,0,0,0,-1000,0,0,0,94000,95000,-1000,-1000
067250,中化國票02購01  ,0,0,0,0,0,0,0,0,0,-1000,0,0,0,0,1000,-1000,-1000
066000,奇鋐國票02購01  ,0,0,0,0,0,0,0,0,0,-1000,0,0,0,9000,10000,-1000,-1000
066077,健策凱基01購01  ,0,0,0,0,0,0,0,0,0,-1000,0,0,0,16000,17000,-1000,-1000
065982,T50反1國泰02購01,0,0,0,0,0,0,0,0,0,-1000,0,0,0,0,1000,-1000,-1000
065920,日月光凱基02購01,0,0,0,0,0,0,0,0,0,-1000,0,0,0,20000,21000,-1000,-1000
065926,金像電國票02購01,0,0,0,0,0,0,0,0,0,-1000,0,0,0,0,1000,-1000,-1000
066497,大立光國泰03購02,0,0,0,0,0,0,0,0,0,-1000,0,0,0,0,1000,-1000,-1000
066300,潤泰新元大01購02,0,0,0,0,0,0,0,0,0,-1000,0,0,0,10000,11000,-1000,-1000
065582,景碩國泰01購01  ,0,0,0,0,0,0,0,0,0,-1000,0,0,0,22000,23000,-1000,-1000
065677,南亞科統一03購02,3000,0,3000,0,0,0,0,0,0,-4000,0,0,0,0,4000,-4000,-1000
065785,奇力新永豐9C購02,0,0,0,0,0,0,0,0,0,-1000,0,0,0,0,1000,-1000,-1000
065332,漢唐國票01購02  ,0,0,0,0,0,0,0,0,0,-1000,0,0,0,0,1000,-1000,-1000
065277,T50反1群益01購01,0,0,0,0,0,0,0,0,0,-1000,0,0,0,0,1000,-1000,-1000
065370,瑞昱元大9C購02  ,0,0,0,0,0,0,0,0,0,-1000,0,0,0,0,1000,-1000,-1000
065504,宏達電永豐9C購01,0,0,0,0,0,0,0,0,0,-1000,0,0,0,21000,22000,-1000,-1000
1583,程泰            ,1000,2000,-1000,0,0,0,0,0,0,0,0,0,0,0,0,0,-1000
1454,台富            ,1000,1000,0,0,0,0,0,0,0,-1000,0,1000,-1000,0,0,0,-1000
1414,東和            ,2000,3000,-1000,0,0,0,0,0,0,0,0,0,0,0,0,0,-1000
1307,三芳            ,67000,73000,-6000,0,0,0,0,0,0,5000,5000,0,5000,0,0,0,-1000
08830P,A50正2群益01售05,0,0,0,0,0,0,0,0,0,-1000,0,0,0,2000,3000,-1000,-1000
08603P,電子類元大9C售02,0,0,0,0,0,0,0,0,0,-1000,0,0,0,29000,30000,-1000,-1000
08641P,台灣50群益9C售08,0,0,0,0,0,0,0,0,0,-1000,0,0,0,0,1000,-1000,-1000
08689P,高股息中信01售01,0,0,0,0,0,0,0,0,0,-1000,0,0,0,0,1000,-1000,-1000
08679P,台灣50元大01售15,0,0,0,0,0,0,0,0,0,-1000,0,0,0,0,1000,-1000,-1000
08759P,滬深2X元大01售08,0,0,0,0,0,0,0,0,0,-1000,0,0,0,0,1000,-1000,-1000
5284,jpp-KY          ,0,1000,-1000,0,0,0,0,0,0,0,0,0,0,0,0,0,-1000
6579,研揚            ,1000,0,1000,0,0,0,0,0,0,-2000,0,2000,-2000,0,0,0,-1000
6283,淳安            ,12000,13000,-1000,0,0,0,0,0,0,0,0,0,0,0,0,0,-1000
6405,悅城            ,4000,5000,-1000,0,0,0,0,0,0,0,0,0,0,0,0,0,-1000
3563,牧德            ,68000,57000,11000,0,0,0,0,0,0,-12000,0,0,0,6000,18000,-12000,-1000
3536,誠創            ,0,1000,-1000,0,0,0,0,0,0,0,0,0,0,0,0,0,-1000
2936,客思達-KY       ,7000,6000,1000,0,0,0,0,0,0,-2000,0,2000,-2000,0,0,0,-1000
2497,怡利電          ,0,1000,-1000,0,0,0,0,0,0,0,0,0,0,0,0,0,-1000
2506,太設            ,6000,7000,-1000,0,0,0,0,0,0,0,0,0,0,0,0,0,-1000
068261,緯穎富邦01購01  ,0,0,0,0,0,0,0,0,0,-2000,0,0,0,0,2000,-2000,-2000
068135,S&P反1元大03購01,0,0,0,0,0,0,0,0,0,-2000,0,0,0,0,2000,-2000,-2000
068310,欣興國票03購02  ,0,0,0,0,0,0,0,0,0,-2000,0,0,0,83000,85000,-2000,-2000
068304,台積電國票03購01,0,0,0,0,0,0,0,0,0,-2000,0,0,0,47000,49000,-2000,-2000
068554,上証2X元大01購07,0,0,0,0,0,0,0,0,0,-2000,0,0,0,0,2000,-2000,-2000
068775,上証2X元富08購01,0,0,0,0,0,0,0,0,0,-2000,0,0,0,0,2000,-2000,-2000
068864,欣興元富08購01  ,0,0,0,0,0,0,0,0,0,-2000,0,0,0,15000,17000,-2000,-2000
07319P,台積電凱基01售02,0,0,0,0,0,0,0,0,0,-2000,0,0,0,0,2000,-2000,-2000
07133P,臺股指元大9A售27,0,0,0,0,0,0,0,0,0,-2000,0,0,0,0,2000,-2000,-2000
07645P,華通元大9A售06  ,0,0,0,0,0,0,0,0,0,-2000,0,0,0,0,2000,-2000,-2000
07977P,華新科群益01售01,0,0,0,0,0,0,0,0,0,-2000,0,0,0,10000,12000,-2000,-2000
08114P,國巨凱基9B售11  ,0,0,0,0,0,0,0,0,0,-2000,0,0,0,0,2000,-2000,-2000
069840,金像電群益03購01,0,0,0,0,0,0,0,0,0,-2000,0,0,0,0,2000,-2000,-2000
069848,潤泰新群益02購01,0,0,0,0,0,0,0,0,0,-2000,0,0,0,0,2000,-2000,-2000
069924,樺漢凱基02購02  ,0,0,0,0,0,0,0,0,0,-2000,0,0,0,0,2000,-2000,-2000
069276,欣興永豐02購05  ,0,0,0,0,0,0,0,0,0,-2000,0,0,0,74000,76000,-2000,-2000
069471,同欣電國票03購01,0,0,0,0,0,0,0,0,0,-2000,0,0,0,33000,35000,-2000,-2000
060583,南亞科元富9A購05,0,0,0,0,0,0,0,0,0,-2000,0,0,0,0,2000,-2000,-2000
060350,元黃金元富9B購01,0,0,0,0,0,0,0,0,0,-2000,0,0,0,1000,3000,-2000,-2000
057834,聯發科元富02購07,0,0,0,0,0,0,0,0,0,-2000,0,0,0,0,2000,-2000,-2000
057792,群創統一99購01  ,0,0,0,0,0,0,0,0,0,-2000,0,0,0,0,2000,-2000,-2000
059568,台積電凱基9A購13,0,0,0,0,0,0,0,0,0,-2000,0,0,0,1000,3000,-2000,-2000
059692,聯詠永豐99購01  ,0,0,0,0,0,0,0,0,0,-2000,0,0,0,3000,5000,-2000,-2000
060870,旭富群益9A購01  ,0,0,0,0,0,0,0,0,0,-2000,0,0,0,0,2000,-2000,-2000
059944,欣興永豐99購03  ,0,0,0,0,0,0,0,0,0,-2000,0,0,0,1000,3000,-2000,-2000
060056,大立光凱基9B購01,0,0,0,0,0,0,0,0,0,-2000,0,0,0,0,2000,-2000,-2000
058586,鴻海中信01購02  ,0,0,0,0,0,0,0,0,0,-2000,0,0,0,20000,22000,-2000,-2000
058367,大立光凱基9A購01,0,0,0,0,0,0,0,0,0,-2000,0,0,0,22000,24000,-2000,-2000
062680,微星統一01購01  ,0,0,0,0,0,0,0,0,0,-2000,0,0,0,0,2000,-2000,-2000
064201,新光金兆豐9C購01,0,0,0,0,0,0,0,0,0,-2000,0,0,0,0,2000,-2000,-2000
064259,矽格富邦9C購01  ,0,0,0,0,0,0,0,0,0,-2000,0,0,0,0,2000,-2000,-2000
05175P,TPK富邦99售01   ,0,0,0,0,0,0,0,0,0,-2000,0,0,0,0,2000,-2000,-2000
03537P,欣興統一02售05  ,0,0,0,0,0,0,0,0,0,-2000,0,0,0,0,2000,-2000,-2000
051597,T50反1中信99購02,0,0,0,0,0,0,0,0,0,-2000,0,0,0,0,2000,-2000,-2000
048070,聯發科元富99購03,0,0,0,0,0,0,0,0,0,-2000,0,0,0,0,2000,-2000,-2000
059403,T50反1台新03購03,0,0,0,0,0,0,0,0,0,-2000,0,0,0,0,2000,-2000,-2000
059335,台灣50凱基03購02,0,0,0,0,0,0,0,0,0,-2000,0,0,0,0,2000,-2000,-2000
059148,百和國票9A購01  ,0,0,0,0,0,0,0,0,0,-2000,0,0,0,0,2000,-2000,-2000
056906,玉晶光元大9B購01,0,0,0,0,0,0,0,0,0,-2000,0,0,0,63000,65000,-2000,-2000
057443,臺股指統一99購04,0,0,0,0,0,0,0,0,0,-2000,0,0,0,0,2000,-2000,-2000
056856,華通群益9A購01  ,0,0,0,0,0,0,0,0,0,-2000,0,0,0,0,2000,-2000,-2000
03138P,台灣50凱基04售12,0,0,0,0,0,0,0,0,0,-2000,0,0,0,0,2000,-2000,-2000
00733,富邦臺灣中小    ,0,0,0,0,0,0,0,0,0,-2000,0,0,0,208000,210000,-2000,-2000
00742,新光內需收益    ,0,0,0,0,0,0,0,0,0,-2000,250000,250000,0,350000,352000,-2000,-2000
061383,高股息群益9A購01,0,0,0,0,0,0,0,0,0,-2000,0,0,0,8000,10000,-2000,-2000
061448,旺宏中信9A購02  ,0,0,0,0,0,0,0,0,0,-2000,0,0,0,0,2000,-2000,-2000
061259,台積電凱基9A購21,0,0,0,0,0,0,0,0,0,-2000,0,0,0,0,2000,-2000,-2000
061348,聯鈞元大9A購05  ,0,0,0,0,0,0,0,0,0,-2000,0,0,0,6000,8000,-2000,-2000
061320,奇力新凱基9A購04,0,0,0,0,0,0,0,0,0,-2000,0,0,0,0,2000,-2000,-2000
063478,GIS元大9B購03   ,0,0,0,0,0,0,0,0,0,-2000,0,0,0,0,2000,-2000,-2000
062956,同欣電永豐9B購02,0,0,0,0,0,0,0,0,0,-2000,0,0,0,0,2000,-2000,-2000
064436,聯發科凱基03購02,0,0,0,0,0,0,0,0,0,-2000,0,0,0,0,2000,-2000,-2000
063625,儒鴻元大9B購03  ,0,0,0,0,0,0,0,0,0,-2000,0,0,0,0,2000,-2000,-2000
063628,華通元大9B購09  ,0,0,0,0,0,0,0,0,0,-2000,0,0,0,0,2000,-2000,-2000
063636,聯發科元大9B購26,0,0,0,0,0,0,0,0,0,-2000,0,0,0,0,2000,-2000,-2000
063240,聯發科元大9B購17,0,0,0,0,0,0,0,0,0,-2000,0,0,0,0,2000,-2000,-2000
064013,創意國票01購01  ,0,0,0,0,0,0,0,0,0,-2000,0,0,0,50000,52000,-2000,-2000
064178,台郡國泰01購01  ,0,0,0,0,0,0,0,0,0,-2000,0,0,0,0,2000,-2000,-2000
064907,緯穎群益9C購02  ,0,0,0,0,0,0,0,0,0,-2000,0,0,0,79000,81000,-2000,-2000
065047,群創凱基9C購01  ,0,0,0,0,0,0,0,0,0,-2000,0,0,0,19000,21000,-2000,-2000
065071,電子類群益9C購01,0,0,0,0,0,0,0,0,0,-2000,0,0,0,0,2000,-2000,-2000
064744,創意國票01購02  ,0,0,0,0,0,0,0,0,0,-2000,0,0,0,0,2000,-2000,-2000
062184,奇鋐元大9B購02  ,0,0,0,0,0,0,0,0,0,-2000,0,0,0,0,2000,-2000,-2000
062116,元金2X第一9B購01,0,0,0,0,0,0,0,0,0,-2000,0,0,0,0,2000,-2000,-2000
063068,聯發科國泰01購03,0,0,0,0,0,0,0,0,0,-2000,0,0,0,0,2000,-2000,-2000
062066,元黃金元大9B購01,0,0,0,0,0,0,0,0,0,-2000,0,0,0,3000,5000,-2000,-2000
062104,上証2X國票9B購03,0,0,0,0,0,0,0,0,0,-2000,0,0,0,0,2000,-2000,-2000
062479,TPK國票9B購01   ,0,0,0,0,0,0,0,0,0,-2000,0,0,0,5000,7000,-2000,-2000
062503,玉晶光群益01購03,0,0,0,0,0,0,0,0,0,-2000,0,0,0,16000,18000,-2000,-2000
064537,健鼎國票01購02  ,0,0,0,0,0,0,0,0,0,-2000,0,0,0,0,2000,-2000,-2000
062976,嘉澤元富9B購01  ,0,0,0,0,0,0,0,0,0,-2000,0,0,0,0,2000,-2000,-2000
065476,聯發科元大9C購14,0,0,0,0,0,0,0,0,0,-2000,0,0,0,8000,10000,-2000,-2000
065284,旺宏群益9C購03  ,0,0,0,0,0,0,0,0,0,-2000,0,0,0,0,2000,-2000,-2000
065868,燿華群益02購01  ,0,0,0,0,0,0,0,0,0,-2000,0,0,0,0,2000,-2000,-2000
065821,億豐元富03購01  ,0,0,0,0,0,0,0,0,0,-2000,0,0,0,0,2000,-2000,-2000
066356,嘉基永豐01購01  ,0,0,0,0,0,0,0,0,0,-2000,0,0,0,0,2000,-2000,-2000
066367,緯創中信05購01  ,0,0,0,0,0,0,0,0,0,-2000,0,0,0,0,2000,-2000,-2000
066804,緯創凱基01購01  ,0,0,0,0,0,0,0,0,0,-2000,0,0,0,1000,3000,-2000,-2000
066834,泰鼎群益01購01  ,0,0,0,0,0,0,0,0,0,-2000,0,0,0,8000,10000,-2000,-2000
066827,聯發科群益02購04,0,0,0,0,0,0,0,0,0,-2000,0,0,0,0,2000,-2000,-2000
066581,臺股指元大01購10,0,0,0,0,0,0,0,0,0,-2000,0,0,0,0,2000,-2000,-2000
066667,群創凱基03購03  ,0,0,0,0,0,0,0,0,0,-2000,0,0,0,0,2000,-2000,-2000
066715,台灣50元大01購23,0,0,0,0,0,0,0,0,0,-2000,0,0,0,0,2000,-2000,-2000
067729,台灣50元大01購29,0,0,0,0,0,0,0,0,0,-2000,0,0,0,0,2000,-2000,-2000
067507,南亞科統一01購04,0,0,0,0,0,0,0,0,0,-2000,0,0,0,0,2000,-2000,-2000
067490,嘉澤元大01購04  ,0,0,0,0,0,0,0,0,0,-2000,0,0,0,0,2000,-2000,-2000
067602,億光凱基01購01  ,0,0,0,0,0,0,0,0,0,-2000,0,0,0,5000,7000,-2000,-2000
2597,潤弘            ,4000,6000,-2000,0,0,0,0,0,0,0,0,0,0,0,0,0,-2000
2471,資通            ,3000,6000,-3000,0,0,0,0,0,0,1000,1000,0,1000,0,0,0,-2000
3543,州巧            ,1000,3000,-2000,0,0,0,0,0,0,0,0,0,0,0,0,0,-2000
3311,閎暉            ,3000,8000,-5000,0,0,0,0,0,0,3000,3000,0,3000,0,0,0,-2000
4572,駐龍            ,1000,3000,-2000,0,0,0,0,0,0,0,0,0,0,0,0,0,-2000
6216,居易            ,1000,3000,-2000,0,0,0,0,0,0,0,0,0,0,0,0,0,-2000
6655,科定            ,6000,8000,-2000,0,0,0,0,0,0,0,0,0,0,0,0,0,-2000
6136,富爾特          ,2000,5000,-3000,0,0,0,0,0,0,1000,1000,0,1000,0,0,0,-2000
6112,聚碩            ,55000,52000,3000,0,0,0,0,0,0,-5000,0,0,0,0,5000,-5000,-2000
6172,互億            ,2000,4000,-2000,0,0,0,0,0,0,0,0,0,0,0,0,0,-2000
08913P,臺股指凱基01售04,0,0,0,0,0,0,0,0,0,-2000,0,0,0,4000,6000,-2000,-2000
1231,聯華食          ,11000,13000,-2000,0,0,0,0,0,0,0,0,0,0,0,0,0,-2000
1324,地球            ,0,2000,-2000,0,0,0,0,0,0,0,0,0,0,0,0,0,-2000
1465,偉全            ,2000,4000,-2000,0,0,0,0,0,0,0,0,0,0,0,0,0,-2000
1530,亞崴            ,1000,3000,-2000,0,0,0,0,0,0,0,0,0,0,0,0,0,-2000
2236,百達-KY         ,5000,7000,-2000,0,0,0,0,0,0,0,0,0,0,0,0,0,-2000
2227,裕日車          ,14000,4000,10000,0,0,0,0,0,0,-12000,1000,13000,-12000,0,0,0,-2000
069894,台積電元大02購33,0,0,0,0,0,0,0,0,0,-3000,0,0,0,0,3000,-3000,-3000
07692P,玉晶光元大9A售11,0,0,0,0,0,0,0,0,0,-3000,0,0,0,0,3000,-3000,-3000
07510P,台灣50元富04售02,0,0,0,0,0,0,0,0,0,-3000,0,0,0,0,3000,-3000,-3000
08421P,台積電群益9C售10,0,0,0,0,0,0,0,0,0,-3000,0,0,0,0,3000,-3000,-3000
068872,台灣50凱基03購05,0,0,0,0,0,0,0,0,0,-3000,0,0,0,100000,103000,-3000,-3000
069147,聯鈞永豐02購01  ,0,0,0,0,0,0,0,0,0,-3000,0,0,0,1000,4000,-3000,-3000
068322,國巨元大03購02  ,0,0,0,0,0,0,0,0,0,-3000,0,0,0,0,3000,-3000,-3000
068285,道瓊反群益01購05,0,0,0,0,0,0,0,0,0,-3000,0,0,0,0,3000,-3000,-3000
00685L,群益臺灣加權正2 ,0,0,0,0,0,0,0,0,0,-3000,0,0,0,18000,21000,-3000,-3000
03023P,玉晶光群益02售27,0,0,0,0,0,0,0,0,0,-3000,0,0,0,18000,21000,-3000,-3000
03020X,元展20          ,0,0,0,0,0,0,0,0,0,-3000,0,0,0,0,3000,-3000,-3000
05748P,臺股指群益99售02,0,0,0,0,0,0,0,0,0,-3000,0,0,0,0,3000,-3000,-3000
03416P,聯電台新02售02  ,0,0,0,0,0,0,0,0,0,-3000,0,0,0,5000,8000,-3000,-3000
061178,晶技凱基9B購01  ,0,0,0,0,0,0,0,0,0,-3000,0,0,0,0,3000,-3000,-3000
060799,茂林永豐9A購01  ,0,0,0,0,0,0,0,0,0,-3000,0,0,0,50000,53000,-3000,-3000
061173,T50反1凱基04購01,0,0,0,0,0,0,0,0,0,-3000,0,0,0,0,3000,-3000,-3000
03684C,臺股指元大06牛01,0,0,0,0,0,0,0,0,0,-3000,0,0,0,0,3000,-3000,-3000
057764,台表科凱基9A購01,0,0,0,0,0,0,0,0,0,-3000,0,0,0,0,3000,-3000,-3000
052130,國巨凱基9B購01  ,0,0,0,0,0,0,0,0,0,-3000,0,0,0,7000,10000,-3000,-3000
055425,聚陽群益99購01  ,0,0,0,0,0,0,0,0,0,-3000,0,0,0,0,3000,-3000,-3000
03383P,聯電凱基02售04  ,0,0,0,0,0,0,0,0,0,-3000,0,0,0,2000,5000,-3000,-3000
064243,TPK統一02購02   ,0,0,0,0,0,0,0,0,0,-3000,0,0,0,84000,87000,-3000,-3000
062706,大立光元大9B購06,0,0,0,0,0,0,0,0,0,-3000,0,0,0,0,3000,-3000,-3000
058371,智原凱基9A購01  ,0,0,0,0,0,0,0,0,0,-3000,0,0,0,0,3000,-3000,-3000
058510,全新元大9B購02  ,0,0,0,0,0,0,0,0,0,-3000,0,0,0,0,3000,-3000,-3000
059783,旺宏元大99購17  ,0,0,0,0,0,0,0,0,0,-3000,0,0,0,3000,6000,-3000,-3000
060163,健策永豐9B購01  ,0,0,0,0,0,0,0,0,0,-3000,0,0,0,2000,5000,-3000,-3000
059605,臺股指元大9A購42,0,0,0,0,0,0,0,0,0,-3000,0,0,0,0,3000,-3000,-3000
058777,台光電國票9A購01,0,0,0,0,0,0,0,0,0,-3000,0,0,0,0,3000,-3000,-3000
057863,美律凱基9A購01  ,0,0,0,0,0,0,0,0,0,-3000,0,0,0,0,3000,-3000,-3000
058009,智易國票99購01  ,0,0,0,0,0,0,0,0,0,-3000,0,0,0,150000,153000,-3000,-3000
060599,國巨凱基9C購01  ,0,0,0,0,0,0,0,0,0,-3000,0,0,0,1000,4000,-3000,-3000
060430,和潤永豐9A購01  ,0,0,0,0,0,0,0,0,0,-3000,0,0,0,54000,57000,-3000,-3000
063003,滬深2X元大9B購06,0,0,0,0,0,0,0,0,0,-3000,0,0,0,0,3000,-3000,-3000
061520,健策中信9A購01  ,0,0,0,0,0,0,0,0,0,-3000,0,0,0,17000,20000,-3000,-3000
062058,瑞昱統一01購01  ,0,0,0,0,0,0,0,0,0,-3000,0,0,0,4000,7000,-3000,-3000
063075,祥碩永豐9B購04  ,0,0,0,0,0,0,0,0,0,-3000,0,0,0,1000,4000,-3000,-3000
064190,新光金第一9C購01,0,0,0,0,0,0,0,0,0,-3000,0,0,0,0,3000,-3000,-3000
064114,南茂國票01購01  ,0,0,0,0,0,0,0,0,0,-3000,0,0,0,0,3000,-3000,-3000
064016,南六國票01購01  ,0,0,0,0,0,0,0,0,0,-3000,0,0,0,1000,4000,-3000,-3000
063993,華通群益01購01  ,0,0,0,0,0,0,0,0,0,-3000,0,0,0,0,3000,-3000,-3000
063468,聯詠元大9B購04  ,0,0,0,0,0,0,0,0,0,-3000,0,0,0,0,3000,-3000,-3000
063483,致新元大9B購03  ,0,0,0,0,0,0,0,0,0,-3000,0,0,0,42000,45000,-3000,-3000
061858,南電國票9B購02  ,0,0,0,0,0,0,0,0,0,-3000,0,0,0,2000,5000,-3000,-3000
061898,茂林永豐9B購01  ,0,0,0,0,0,0,0,0,0,-3000,0,0,0,0,3000,-3000,-3000
061308,元金2X中信9A購01,0,0,0,0,0,0,0,0,0,-3000,0,0,0,2000,5000,-3000,-3000
063818,矽創群益9C購01  ,0,0,0,0,0,0,0,0,0,-3000,0,0,0,0,3000,-3000,-3000
063917,南六凱基02購01  ,0,0,0,0,0,0,0,0,0,-3000,0,0,0,107000,110000,-3000,-3000
067555,旺宏國票02購01  ,0,0,0,0,0,0,0,0,0,-3000,0,0,0,0,3000,-3000,-3000
067421,華邦電凱基01購02,0,0,0,0,0,0,0,0,0,-3000,0,0,0,0,3000,-3000,-3000
067796,臺股指群益01購08,0,0,0,0,0,0,0,0,0,-3000,0,0,0,2000,5000,-3000,-3000
067759,美食永豐01購01  ,0,0,0,0,0,0,0,0,0,-3000,0,0,0,66000,69000,-3000,-3000
066654,上証2X凱基03購02,0,0,0,0,0,0,0,0,0,-3000,0,0,0,8000,11000,-3000,-3000
067197,上証2X元大01購05,0,0,0,0,0,0,0,0,0,-3000,0,0,0,0,3000,-3000,-3000
066496,大立光國泰03購01,0,0,0,0,0,0,0,0,0,-3000,0,0,0,0,3000,-3000,-3000
065946,鴻海統一03購03  ,0,0,0,0,0,0,0,0,0,-3000,0,0,0,0,3000,-3000,-3000
065729,聯詠凱基9C購04  ,0,0,0,0,0,0,0,0,0,-3000,0,0,0,0,3000,-3000,-3000
065268,嘉澤元大9C購02  ,0,0,0,0,0,0,0,0,0,-3000,0,0,0,9000,12000,-3000,-3000
065211,世芯國票01購03  ,0,0,0,0,0,0,0,0,0,-3000,0,0,0,29000,32000,-3000,-3000
065534,台光電統一9C購02,0,0,0,0,0,0,0,0,0,-3000,0,0,0,0,3000,-3000,-3000
065536,健鼎統一02購04  ,0,0,0,0,0,0,0,0,0,-3000,0,0,0,0,3000,-3000,-3000
1312A,國喬特          ,0,0,0,0,0,0,0,0,0,-3000,1000,4000,-3000,0,0,0,-3000
1316,上曜            ,32000,35000,-3000,0,0,0,0,0,0,0,0,0,0,0,0,0,-3000
08903P,台積電兆豐01售04,0,0,0,0,0,0,0,0,0,-3000,0,0,0,0,3000,-3000,-3000
08771P,滬深2X凱基01售02,0,0,0,0,0,0,0,0,0,-3000,0,0,0,27000,30000,-3000,-3000
08728P,緯穎群益01售01  ,0,0,0,0,0,0,0,0,0,-3000,0,0,0,0,3000,-3000,-3000
08628P,微星中信9C售01  ,0,0,0,0,0,0,0,0,0,-3000,0,0,0,0,3000,-3000,-3000
08587P,聯發科中信01售05,0,0,0,0,0,0,0,0,0,-3000,0,0,0,0,3000,-3000,-3000
6183,關貿            ,12000,17000,-5000,0,0,0,0,0,0,2000,0,0,0,2000,0,2000,-3000
6115,鎰勝            ,16000,19000,-3000,0,0,0,0,0,0,0,0,0,0,0,0,0,-3000
6281,全國電          ,2000,5000,-3000,0,0,0,0,0,0,0,0,0,0,0,0,0,-3000
3550,聯穎            ,1000,5000,-4000,0,0,0,0,0,0,1000,1000,0,1000,0,0,0,-3000
2516,新建            ,7000,10000,-3000,0,0,0,0,0,0,0,0,0,0,0,0,0,-3000
2908,特力            ,84000,88000,-4000,0,0,0,0,0,0,1000,1000,0,1000,0,0,0,-3000
2887F,台新戊特二      ,0,0,0,0,0,0,0,0,0,-3000,0,3000,-3000,0,0,0,-3000
2739,寒舍            ,7000,10000,-3000,0,0,0,0,0,0,0,0,0,0,0,0,0,-3000
8249,菱光            ,72000,76000,-4000,0,0,0,0,0,0,1000,1000,0,1000,0,0,0,-3000
1227,佳格            ,461000,495805,-34805,0,0,0,31000,0,31000,0,0,0,0,0,0,0,-3805
068356,奇力新凱基01購03,0,0,0,0,0,0,0,0,0,-4000,0,0,0,3000,7000,-4000,-4000
068430,聯電凱基01購01  ,0,0,0,0,0,0,0,0,0,-4000,0,0,0,28000,32000,-4000,-4000
069073,美利達中信03購02,0,0,0,0,0,0,0,0,0,-4000,0,0,0,29000,33000,-4000,-4000
069022,台積電國票03購06,0,30000,-30000,0,0,0,0,0,0,26000,0,0,0,31000,5000,26000,-4000
069003,台積電兆豐03購06,0,0,0,0,0,0,0,0,0,-4000,0,0,0,39000,43000,-4000,-4000
068838,智易永豐02購01  ,0,0,0,0,0,0,0,0,0,-4000,0,0,0,0,4000,-4000,-4000
068717,華通元大02購04  ,0,0,0,0,0,0,0,0,0,-4000,0,0,0,20000,24000,-4000,-4000
07649P,金像電永豐9A售02,0,0,0,0,0,0,0,0,0,-4000,0,0,0,0,4000,-4000,-4000
08136P,祥碩國泰01售01  ,0,0,0,0,0,0,0,0,0,-4000,0,0,0,42000,46000,-4000,-4000
07010P,T50正2凱基9C售01,0,0,0,0,0,0,0,0,0,-4000,0,0,0,0,4000,-4000,-4000
069602,玉晶光國票04購02,0,0,0,0,0,0,0,0,0,-4000,0,0,0,0,4000,-4000,-4000
058779,大立光國票9A購02,0,0,0,0,0,0,0,0,0,-4000,0,0,0,1021000,1025000,-4000,-4000
059988,大立光元大9A購02,0,0,0,0,0,0,0,0,0,-4000,0,0,0,0,4000,-4000,-4000
061077,國巨兆豐9B購01  ,0,0,0,0,0,0,0,0,0,-4000,0,0,0,0,4000,-4000,-4000
058407,滬深2X兆豐9A購01,0,0,0,0,0,0,0,0,0,-4000,0,0,0,0,4000,-4000,-4000
062726,華擎凱基9B購02  ,0,0,0,0,0,0,0,0,0,-4000,0,0,0,17000,21000,-4000,-4000
054511,香港反元大98購01,0,0,0,0,0,0,0,0,0,-4000,0,0,0,17000,21000,-4000,-4000
059259,FBVIX中信03購06 ,0,0,0,0,0,0,0,0,0,-4000,0,0,0,22000,26000,-4000,-4000
057445,華通元富02購01  ,0,0,0,0,0,0,0,0,0,-4000,0,0,0,20000,24000,-4000,-4000
057190,立積元大9A購02  ,0,0,0,0,0,0,0,0,0,-4000,0,0,0,0,4000,-4000,-4000
03194P,國巨元富07售14  ,0,0,0,0,0,0,0,0,0,-4000,0,0,0,3000,7000,-4000,-4000
00771,元大US高息特別股,0,0,0,0,0,0,0,0,0,-4000,0,0,0,52000,56000,-4000,-4000
00682U,元大美元指數    ,1000,0,1000,0,0,0,0,0,0,-5000,0,0,0,0,5000,-5000,-4000
061280,國巨統一9C購06  ,0,0,0,0,0,0,0,0,0,-4000,0,0,0,26000,30000,-4000,-4000
061901,柏文永豐9B購01  ,0,0,0,0,0,0,0,0,0,-4000,0,0,0,0,4000,-4000,-4000
064418,鴻海兆豐01購02  ,0,0,0,0,0,0,0,0,0,-4000,0,0,0,0,4000,-4000,-4000
063450,華新科統一02購01,0,0,0,0,0,0,0,0,0,-4000,0,0,0,15000,19000,-4000,-4000
062848,臺股指富邦9B購02,0,0,0,0,0,0,0,0,0,-4000,0,0,0,0,4000,-4000,-4000
063304,大立光凱基01購02,0,0,0,0,0,0,0,0,0,-4000,0,0,0,0,4000,-4000,-4000
063633,金像電元大9B購05,0,0,0,0,0,0,0,0,0,-4000,0,0,0,0,4000,-4000,-4000
063801,GIS凱基01購01   ,0,0,0,0,0,0,0,0,0,-4000,0,0,0,0,4000,-4000,-4000
061609,華新科統一9C購01,0,0,0,0,0,0,0,0,0,-4000,0,0,0,0,4000,-4000,-4000
061600,聯電凱基9B購01  ,0,0,0,0,0,0,0,0,0,-4000,0,0,0,1000,5000,-4000,-4000
063018,聯發科元大9B購14,0,0,0,0,0,0,0,0,0,-4000,0,0,0,0,4000,-4000,-4000
062994,祥碩群益9B購05  ,0,0,0,0,0,0,0,0,0,-4000,0,0,0,26000,30000,-4000,-4000
061945,華通群益9B購04  ,0,0,0,0,0,0,0,0,0,-4000,0,0,0,0,4000,-4000,-4000
062417,鴻海統一9C購08  ,0,0,0,0,0,0,0,0,0,-4000,0,0,0,0,4000,-4000,-4000
062312,大立光凱基9B購03,0,0,0,0,0,0,0,0,0,-4000,0,0,0,0,4000,-4000,-4000
062278,聯發科群益9C購01,0,0,0,0,0,0,0,0,0,-4000,0,0,0,0,4000,-4000,-4000
065483,聯茂元大9C購06  ,0,0,0,0,0,0,0,0,0,-4000,0,0,0,0,4000,-4000,-4000
065368,技嘉元大9C購04  ,0,0,0,0,0,0,0,0,0,-4000,0,0,0,14000,18000,-4000,-4000
065378,嘉澤元大01購01  ,0,0,0,0,0,0,0,0,0,-4000,0,0,0,0,4000,-4000,-4000
065334,立積國票01購02  ,0,0,0,0,0,0,0,0,0,-4000,0,0,0,1000,5000,-4000,-4000
065335,玉晶光台新9C購03,0,0,0,0,0,0,0,0,0,-4000,0,0,0,6000,10000,-4000,-4000
065742,宏達電麥證9C購01,0,0,0,4000,4000,0,0,0,0,-4000,0,0,0,4000,8000,-4000,-4000
065848,聯詠元大9C購03  ,0,0,0,0,0,0,0,0,0,-4000,0,0,0,50000,54000,-4000,-4000
065866,鴻海群益9C購07  ,0,0,0,0,0,0,0,0,0,-4000,0,0,0,8000,12000,-4000,-4000
066090,泰鼎永豐01購01  ,0,0,0,0,0,0,0,0,0,-4000,0,0,0,1000,5000,-4000,-4000
066534,華通台新01購02  ,0,0,0,0,0,0,0,0,0,-4000,0,0,0,90000,94000,-4000,-4000
067060,A50正2元大01購02,0,0,0,0,0,0,0,0,0,-4000,0,0,0,0,4000,-4000,-4000
067085,臻鼎元大01購02  ,0,10000,-10000,0,0,0,0,0,0,6000,0,0,0,46000,40000,6000,-4000
067081,華擎元大01購05  ,0,0,0,0,0,0,0,0,0,-4000,0,0,0,101000,105000,-4000,-4000
066832,健策群益01購08  ,0,0,0,0,0,0,0,0,0,-4000,0,0,0,8000,12000,-4000,-4000
067341,欣興凱基03購01  ,0,0,0,0,0,0,0,0,0,-4000,0,0,0,19000,23000,-4000,-4000
067308,欣興元大01購03  ,0,0,0,0,0,0,0,0,0,-4000,0,0,0,2000,6000,-4000,-4000
067586,奇鋐群益01購02  ,0,0,0,0,0,0,0,0,0,-4000,0,0,0,0,4000,-4000,-4000
067470,國巨元大01購10  ,0,0,0,0,0,0,0,0,0,-4000,0,0,0,1000,5000,-4000,-4000
08777P,滬深2X群益03售02,0,0,0,0,0,0,0,0,0,-4000,0,0,0,0,4000,-4000,-4000
2616,山隆            ,6000,10000,-4000,0,0,0,0,0,0,0,0,0,0,0,0,0,-4000
2887E,台新戊特        ,0,0,0,0,0,0,0,4000,-4000,0,0,0,0,0,0,0,-4000
2882A,國泰特          ,0,0,0,0,0,0,0,3000,-3000,-1000,1000,2000,-1000,0,0,0,-4000
2514,龍邦            ,7000,11000,-4000,0,0,0,0,0,0,0,0,0,0,0,0,0,-4000
2540,愛山林          ,20000,24000,-4000,0,0,0,0,0,0,0,0,0,0,0,0,0,-4000
4737,華廣            ,2000,6000,-4000,0,0,0,0,0,0,0,0,0,0,0,0,0,-4000
6166,凌華            ,52000,62000,-10000,0,0,0,0,0,0,6000,4000,0,4000,2000,0,2000,-4000
910861,神州-DR         ,1000,5000,-4000,0,0,0,0,0,0,0,0,0,0,0,0,0,-4000
069708,群光國票03購01  ,0,0,0,0,0,0,0,0,0,-5000,0,0,0,15000,20000,-5000,-5000
069694,鴻海元富08購03  ,0,0,0,0,0,0,0,0,0,-5000,0,0,0,0,5000,-5000,-5000
069917,華碩凱基03購01  ,0,0,0,0,0,0,0,0,0,-5000,0,0,0,4000,9000,-5000,-5000
069895,台積電元大02購34,0,0,0,0,0,0,0,0,0,-5000,0,0,0,0,5000,-5000,-5000
069901,奇力新元大02購03,0,0,0,0,0,0,0,0,0,-5000,0,0,0,0,5000,-5000,-5000
069908,TPK元大02購04   ,0,0,0,0,0,0,0,0,0,-5000,0,0,0,2000,7000,-5000,-5000
069910,美利達元大02購02,0,0,0,0,0,0,0,0,0,-5000,0,0,0,0,5000,-5000,-5000
069849,大立光國泰06購01,0,0,0,0,0,0,0,0,0,-5000,0,0,0,0,5000,-5000,-5000
069864,南電中信03購01  ,0,0,0,0,0,0,0,0,0,-5000,0,0,0,0,5000,-5000,-5000
069834,欣興元富08購03  ,0,0,0,0,0,0,0,0,0,-5000,0,0,0,16000,21000,-5000,-5000
069799,玉晶光凱基03購09,0,0,0,0,0,0,0,0,0,-5000,0,0,0,3000,8000,-5000,-5000
069814,聯詠國票03購03  ,0,0,0,0,0,0,0,0,0,-5000,0,0,0,0,5000,-5000,-5000
069756,國巨兆豐03購04  ,0,0,0,0,0,0,0,0,0,-5000,0,0,0,27000,32000,-5000,-5000
069292,台積電中信06購05,0,0,0,0,0,0,0,0,0,-5000,0,0,0,0,5000,-5000,-5000
069325,中磊兆豐03購02  ,0,0,0,0,0,0,0,0,0,-5000,0,0,0,0,5000,-5000,-5000
069305,華通凱基03購04  ,0,0,0,0,0,0,0,0,0,-5000,0,0,0,0,5000,-5000,-5000
069382,欣興元大02購09  ,0,0,0,0,0,0,0,0,0,-5000,0,0,0,25000,30000,-5000,-5000
069401,聯電統一04購01  ,0,0,0,0,0,0,0,0,0,-5000,0,0,0,41000,46000,-5000,-5000
069410,聯發科統一04購03,0,0,0,0,0,0,0,0,0,-5000,0,0,0,0,5000,-5000,-5000
07610P,大立光國票9A售04,0,0,0,0,0,0,0,0,0,-5000,0,0,0,0,5000,-5000,-5000
07841P,臻鼎元大9A售04  ,0,0,0,0,0,0,0,0,0,-5000,0,0,0,15000,20000,-5000,-5000
07459P,緯穎元大9A售01  ,0,0,0,0,0,0,0,0,0,-5000,0,0,0,0,5000,-5000,-5000
08548P,台勝科凱基9C售03,0,0,0,0,0,0,0,0,0,-5000,0,0,0,0,5000,-5000,-5000
068750,欣興群益02購01  ,0,0,0,0,0,0,0,0,0,-5000,0,0,0,62000,67000,-5000,-5000
069028,TPK國票03購02   ,0,0,0,0,0,0,0,0,0,-5000,0,0,0,80000,85000,-5000,-5000
069033,友達統一04購01  ,0,0,0,0,0,0,0,0,0,-5000,0,0,0,102000,107000,-5000,-5000
069153,台灣50元大02購11,0,0,0,0,0,0,0,0,0,-5000,0,0,0,0,5000,-5000,-5000
068442,牧德凱基01購04  ,0,0,0,0,0,0,0,0,0,-5000,0,0,0,0,5000,-5000,-5000
068381,玉晶光永豐03購01,0,0,0,0,0,0,0,0,0,-5000,0,0,0,0,5000,-5000,-5000
068319,聯電元大01購05  ,0,0,0,0,0,0,0,0,0,-5000,0,0,0,0,5000,-5000,-5000
068526,聯發科元富04購03,0,0,0,0,0,0,0,0,0,-5000,0,0,0,0,5000,-5000,-5000
068077,晶技凱基02購01  ,0,0,0,0,0,0,0,0,0,-5000,0,0,0,27000,32000,-5000,-5000
068035,聯詠元富07購03  ,0,0,0,0,0,0,0,0,0,-5000,0,0,0,44000,49000,-5000,-5000
0057,富邦摩台        ,2000,1000,1000,0,0,0,0,0,0,-6000,0,0,0,20000,26000,-6000,-5000
03021P,玉晶光群益02售25,0,0,0,0,0,0,0,0,0,-5000,0,0,0,35000,40000,-5000,-5000
03327P,臺股指凱基05售02,0,0,0,0,0,0,0,0,0,-5000,0,0,0,0,5000,-5000,-5000
03039P,玉晶光國票02售04,0,0,0,0,0,0,0,0,0,-5000,0,0,0,0,5000,-5000,-5000
03280P,台積電凱基02售14,0,0,0,0,0,0,0,0,0,-5000,0,0,0,0,5000,-5000,-5000
03291P,國巨元大02售08  ,0,0,0,0,0,0,0,0,0,-5000,0,0,0,5000,10000,-5000,-5000
03127P,台表科凱基01售03,0,0,0,0,0,0,0,0,0,-5000,0,0,0,0,5000,-5000,-5000
057563,旭富國泰9A購01  ,0,0,0,0,0,0,0,0,0,-5000,0,0,0,0,5000,-5000,-5000
059144,嘉晶國票9A購02  ,0,0,0,0,0,0,0,0,0,-5000,0,0,0,0,5000,-5000,-5000
059091,中信金元大99購01,0,0,0,0,0,0,0,0,0,-5000,0,0,0,0,5000,-5000,-5000
03391P,國巨兆豐03售03  ,0,0,0,0,0,0,0,0,0,-5000,0,0,0,0,5000,-5000,-5000
03439P,聯電凱基02售05  ,0,0,0,0,0,0,0,0,0,-5000,0,0,0,1000,6000,-5000,-5000
03525P,欣興凱基02售12  ,0,0,0,0,0,0,0,0,0,-5000,0,0,0,0,5000,-5000,-5000
03363P,台積電元大02售20,0,0,0,0,0,0,0,0,0,-5000,0,0,0,0,5000,-5000,-5000
062681,全新統一01購01  ,0,0,0,0,0,0,0,0,0,-5000,0,0,0,0,5000,-5000,-5000
063540,SP黃豆元富9B購02,0,0,0,0,0,0,0,0,0,-5000,0,0,0,0,5000,-5000,-5000
064281,大立光元大9C購12,0,0,0,0,0,0,0,0,0,-5000,0,0,0,0,5000,-5000,-5000
064292,南茂元大01購01  ,0,0,0,0,0,0,0,0,0,-5000,0,0,0,0,5000,-5000,-5000
061070,超眾凱基9C購01  ,0,0,0,0,0,0,0,0,0,-5000,0,0,0,0,5000,-5000,-5000
060009,南亞科群益99購03,0,0,0,0,0,0,0,0,0,-5000,0,0,0,0,5000,-5000,-5000
060185,聯發科元富04購01,0,0,0,0,0,0,0,0,0,-5000,0,0,0,0,5000,-5000,-5000
059643,日月光凱基99購02,0,0,0,0,0,0,0,0,0,-5000,0,0,0,0,5000,-5000,-5000
057879,電子類元大99購02,0,0,0,0,0,0,0,0,0,-5000,0,0,0,0,5000,-5000,-5000
060965,中租凱基9B購01  ,0,0,0,0,0,0,0,0,0,-5000,0,0,0,5000,10000,-5000,-5000
062353,亞德客元大9B購01,0,0,0,0,0,0,0,0,0,-5000,0,0,0,3000,8000,-5000,-5000
062441,華新科元大9C購01,0,0,0,0,0,0,0,0,0,-5000,0,0,0,75000,80000,-5000,-5000
062548,智易永豐9B購01  ,0,0,0,0,0,0,0,0,0,-5000,0,0,0,50000,55000,-5000,-5000
064609,滬深2X元大9C購12,0,0,0,0,0,0,0,0,0,-5000,0,0,0,2000,7000,-5000,-5000
061622,臻鼎群益9A購01  ,0,0,0,0,0,0,0,0,0,-5000,0,0,0,0,5000,-5000,-5000
064496,聯發科元大9C購10,0,0,0,0,0,0,0,0,0,-5000,0,0,0,0,5000,-5000,-5000
063129,祥碩元大9C購03  ,0,0,0,0,0,0,0,0,0,-5000,0,0,0,10000,15000,-5000,-5000
064756,友達凱基02購02  ,0,0,0,0,0,0,0,0,0,-5000,0,0,0,5000,10000,-5000,-5000
064713,和大統一02購01  ,0,0,0,0,0,0,0,0,0,-5000,0,0,0,0,5000,-5000,-5000
065107,道瓊反國票9C購03,0,0,0,0,0,0,0,0,0,-5000,0,0,0,0,5000,-5000,-5000
065122,電子類富邦9C購01,0,0,0,0,0,0,0,0,0,-5000,0,0,0,0,5000,-5000,-5000
065000,和大國票02購01  ,0,0,0,0,0,0,0,0,0,-5000,0,0,0,0,5000,-5000,-5000
064929,台表科統一02購03,0,0,0,0,0,0,0,0,0,-5000,0,0,0,0,5000,-5000,-5000
064923,牧德統一02購01  ,0,0,0,0,0,0,0,0,0,-5000,0,0,0,0,5000,-5000,-5000
064796,緯穎國票01購01  ,0,0,0,0,0,0,0,0,0,-5000,0,0,0,575000,580000,-5000,-5000
064625,健策元大01購02  ,0,0,0,0,0,0,0,0,0,-5000,0,0,0,62000,67000,-5000,-5000
064634,臺股指元大9C購20,0,0,0,0,0,0,0,0,0,-5000,0,0,0,0,5000,-5000,-5000
063227,祥碩群益9B購06  ,0,0,0,0,0,0,0,0,0,-5000,0,0,0,0,5000,-5000,-5000
063294,美律麥證9B購01  ,0,0,0,0,5000,-5000,0,0,0,-5000,0,0,0,0,5000,-5000,-5000
064067,美律永豐9C購01  ,0,0,0,0,0,0,0,0,0,-5000,0,0,0,0,5000,-5000,-5000
064135,復盛元大9C購01  ,0,0,0,0,0,0,0,0,0,-5000,0,0,0,0,5000,-5000,-5000
064031,玉晶光元大02購01,0,0,0,0,0,0,0,0,0,-5000,0,0,0,2000,7000,-5000,-5000
064419,鴻海兆豐9C購01  ,0,0,0,0,0,0,0,0,0,-5000,0,0,0,0,5000,-5000,-5000
062892,臺指反元大02購13,0,0,0,0,0,0,0,0,0,-5000,0,0,0,0,5000,-5000,-5000
062921,GIS元大9B購01   ,0,0,0,0,0,0,0,0,0,-5000,0,0,0,0,5000,-5000,-5000
063471,泰鼎元大9C購01  ,0,0,0,0,0,0,0,0,0,-5000,0,0,0,0,5000,-5000,-5000
062955,立積永豐9B購02  ,0,0,0,0,0,0,0,0,0,-5000,0,0,0,0,5000,-5000,-5000
064455,美食統一01購03  ,0,0,0,0,0,0,0,0,0,-5000,0,0,0,0,5000,-5000,-5000
061228,聯茂中信9A購01  ,0,0,0,0,0,0,0,0,0,-5000,0,0,0,0,5000,-5000,-5000
061236,台積電元大9A購24,0,0,0,0,0,0,0,0,0,-5000,0,0,0,1000,6000,-5000,-5000
061294,奇力新麥證9A購01,0,0,0,0,5000,-5000,0,0,0,-5000,0,0,0,0,5000,-5000,-5000
061347,創意元大9A購02  ,0,0,0,0,0,0,0,0,0,-5000,0,0,0,10000,15000,-5000,-5000
063894,漢唐群益9C購01  ,0,0,0,0,0,0,0,0,0,-5000,0,0,0,44000,49000,-5000,-5000
063826,中興電國票01購01,0,0,0,0,0,0,0,0,0,-5000,0,0,0,298000,303000,-5000,-5000
067468,鴻海元大01購17  ,0,0,0,0,0,0,0,0,0,-5000,0,0,0,5000,10000,-5000,-5000
067643,台郡統一03購01  ,0,0,0,0,0,0,0,0,0,-5000,0,0,0,20000,25000,-5000,-5000
067884,鴻海群益02購03  ,0,0,0,0,0,0,0,0,0,-5000,0,0,0,0,5000,-5000,-5000
067821,力成凱基01購02  ,0,0,0,0,0,0,0,0,0,-5000,0,0,0,10000,15000,-5000,-5000
067818,玉晶光凱基02購02,0,0,0,0,0,0,0,0,0,-5000,0,0,0,16000,21000,-5000,-5000
067808,聯發科凱基01購16,0,0,0,0,0,0,0,0,0,-5000,0,0,0,1000,6000,-5000,-5000
066805,泰碩凱基02購03  ,0,0,0,0,0,0,0,0,0,-5000,0,0,0,0,5000,-5000,-5000
066777,群創富邦01購01  ,0,0,0,0,0,0,0,0,0,-5000,0,0,0,10000,15000,-5000,-5000
067074,中信金元大01購01,0,0,0,0,0,0,0,0,0,-5000,0,0,0,0,5000,-5000,-5000
067086,中磊元大01購01  ,0,0,0,0,0,0,0,0,0,-5000,0,0,0,123000,128000,-5000,-5000
067055,上証2X元大01購03,0,0,0,0,0,0,0,0,0,-5000,0,0,0,0,5000,-5000,-5000
067274,燿華統一03購01  ,0,0,0,0,0,0,0,0,0,-5000,0,0,0,0,5000,-5000,-5000
067159,上証2X國票02購01,0,0,0,0,0,0,0,0,0,-5000,0,0,0,10000,15000,-5000,-5000
066527,泰鼎統一03購01  ,0,0,0,0,0,0,0,0,0,-5000,0,0,0,0,5000,-5000,-5000
066511,劍麟永豐01購01  ,0,0,0,0,0,0,0,0,0,-5000,0,0,0,0,5000,-5000,-5000
066343,佳醫永豐01購01  ,0,0,0,0,0,0,0,0,0,-5000,0,0,0,0,5000,-5000,-5000
066238,聯鈞富邦03購01  ,0,0,0,0,0,0,0,0,0,-5000,0,0,0,0,5000,-5000,-5000
066244,臺指反元大04購01,0,0,0,0,0,0,0,0,0,-5000,0,0,0,0,5000,-5000,-5000
066003,台表科國票02購02,0,0,0,0,0,0,0,0,0,-5000,0,0,0,71000,76000,-5000,-5000
065891,聯發科統一02購03,0,0,0,0,0,0,0,0,0,-5000,0,0,0,0,5000,-5000,-5000
065292,緯創群益9C購01  ,0,0,0,0,0,0,0,0,0,-5000,0,0,0,0,5000,-5000,-5000
065192,臺股指統一9C購03,0,0,0,0,0,0,0,0,0,-5000,0,0,0,0,5000,-5000,-5000
065390,達新群益9C購02  ,0,0,0,0,0,0,0,0,0,-5000,0,0,0,0,5000,-5000,-5000
065420,中租國票01購01  ,0,0,0,0,0,0,0,0,0,-5000,0,0,0,134000,139000,-5000,-5000
8478,東哥遊艇        ,15000,21000,-6000,0,0,0,0,0,0,1000,1000,0,1000,0,0,0,-5000
8341,日友            ,46000,52000,-6000,0,0,0,0,0,0,1000,1000,0,1000,0,0,0,-5000
8411,福貞-KY         ,2000,0,2000,0,0,0,0,0,0,-7000,0,7000,-7000,0,0,0,-5000
6152,百一            ,2000,7000,-5000,0,0,0,0,0,0,0,0,0,0,0,0,0,-5000
5285,界霖            ,2000,7000,-5000,0,0,0,0,0,0,0,0,0,0,0,0,0,-5000
4190,佐登-KY         ,15000,12000,3000,0,0,0,0,0,0,-8000,0,8000,-8000,1000,1000,0,-5000
3346,麗清            ,11000,16000,-5000,0,0,0,0,0,0,0,0,0,0,0,0,0,-5000
2528,皇普            ,6000,11000,-5000,0,0,0,0,0,0,0,0,0,0,0,0,0,-5000
2613,中櫃            ,1000,3000,-2000,0,0,0,0,0,0,-3000,0,3000,-3000,0,0,0,-5000
08786P,滬深2X元富01售05,0,0,0,0,0,0,0,0,0,-5000,0,0,0,0,5000,-5000,-5000
08827P,緯穎元大01售05  ,0,0,0,0,0,0,0,0,0,-5000,0,0,0,0,5000,-5000,-5000
08843P,台表科凱基01售01,0,0,0,0,0,0,0,0,0,-5000,0,0,0,0,5000,-5000,-5000
08600P,臺股指元大9C售32,0,0,0,0,0,0,0,0,0,-5000,0,0,0,0,5000,-5000,-5000
08745P,臺股指凱基02售06,0,0,0,0,0,0,0,0,0,-5000,0,0,0,0,5000,-5000,-5000
08692P,國巨兆豐01售02  ,0,0,0,0,0,0,0,0,0,-5000,0,0,0,0,5000,-5000,-5000
1225,福懋油          ,8000,13000,-5000,0,0,0,0,0,0,0,0,0,0,0,0,0,-5000
08997P,台積電群益01售17,0,0,0,0,0,0,0,0,0,-5000,0,0,0,5000,10000,-5000,-5000
1521,大億            ,1000,6000,-5000,0,0,0,0,0,0,0,0,0,0,0,0,0,-5000
2114,鑫永銓          ,0,5000,-5000,0,0,0,0,0,0,0,0,0,0,0,0,0,-5000
068550,玉晶光群益03購01,0,0,0,0,0,0,0,0,0,-6000,0,0,0,306000,312000,-6000,-6000
069249,聯發科凱基02購09,0,0,0,0,0,0,0,0,0,-6000,0,0,0,0,6000,-6000,-6000
068945,力山凱基02購02  ,0,0,0,0,0,0,0,0,0,-6000,0,0,0,19000,25000,-6000,-6000
068926,道瓊銀永豐02購01,0,0,0,0,0,0,0,0,0,-6000,0,0,0,10000,16000,-6000,-6000
08541P,景碩國票01售02  ,0,0,0,0,0,0,0,0,0,-6000,0,0,0,14000,20000,-6000,-6000
08189P,超眾群益9B售04  ,0,0,0,0,0,0,0,0,0,-6000,0,0,0,4000,10000,-6000,-6000
08194P,同欣電國票9C售03,0,0,0,0,0,0,0,0,0,-6000,0,0,0,40000,46000,-6000,-6000
08236P,國巨富邦03售01  ,0,0,0,0,0,0,0,0,0,-6000,0,0,0,0,6000,-6000,-6000
07190P,臺股指富邦9C售02,0,0,0,0,0,0,0,0,0,-6000,0,0,0,0,6000,-6000,-6000
069281,泰鼎永豐02購01  ,0,0,0,0,0,0,0,0,0,-6000,0,0,0,0,6000,-6000,-6000
069255,華擎凱基02購03  ,0,0,0,0,0,0,0,0,0,-6000,0,0,0,174000,180000,-6000,-6000
060164,合勤控永豐9A購01,0,0,0,0,0,0,0,0,0,-6000,0,0,0,23000,29000,-6000,-6000
060156,光磊永豐9A購01  ,0,0,0,0,0,0,0,0,0,-6000,0,0,0,1000,7000,-6000,-6000
058346,嘉晶群益99購01  ,0,0,0,0,0,0,0,0,0,-6000,0,0,0,0,6000,-6000,-6000
058713,國巨統一9B購02  ,0,0,0,0,0,0,0,0,0,-6000,0,0,0,0,6000,-6000,-6000
061771,玉晶光元大9C購04,0,0,0,0,0,0,0,0,0,-6000,0,0,0,5000,11000,-6000,-6000
03366P,TPK元大02售03   ,0,0,0,0,0,0,0,0,0,-6000,0,0,0,69000,75000,-6000,-6000
057669,嘉晶元大99購03  ,0,0,0,0,0,0,0,0,0,-6000,0,0,0,5000,11000,-6000,-6000
057223,富邦金日盛99購01,0,0,0,0,0,0,0,0,0,-6000,0,0,0,0,6000,-6000,-6000
057363,華通元大99購02  ,0,0,0,0,0,0,0,0,0,-6000,0,0,0,3000,9000,-6000,-6000
00684R,元大美元指數反1 ,0,0,0,0,0,0,0,0,0,-6000,0,0,0,18000,24000,-6000,-6000
061202,和大元大9A購02  ,0,0,0,0,0,0,0,0,0,-6000,0,0,0,1000,7000,-6000,-6000
063932,世芯統一01購01  ,0,0,0,0,0,0,0,0,0,-6000,0,0,0,0,6000,-6000,-6000
063677,台光電國泰9C購02,0,0,0,0,0,0,0,0,0,-6000,0,0,0,0,6000,-6000,-6000
061886,力山國泰01購01  ,0,0,0,0,0,0,0,0,0,-6000,0,0,0,0,6000,-6000,-6000
061847,力山國票9B購01  ,0,0,0,0,0,0,0,0,0,-6000,0,0,0,15000,21000,-6000,-6000
064348,TPK元大9C購03   ,0,0,0,0,0,0,0,0,0,-6000,0,0,0,28000,34000,-6000,-6000
062847,臺股指富邦9B購01,0,0,0,0,0,0,0,0,0,-6000,0,0,0,0,6000,-6000,-6000
062799,聯發科統一9C購09,0,0,0,0,0,0,0,0,0,-6000,0,0,0,0,6000,-6000,-6000
063643,臻鼎元大9B購03  ,0,0,0,0,0,0,0,0,0,-6000,0,0,0,46000,52000,-6000,-6000
064817,鈺齊元大9C購02  ,0,0,0,0,0,0,0,0,0,-6000,0,0,0,240000,246000,-6000,-6000
063083,聯發科凱基01購02,0,0,0,0,0,0,0,0,0,-6000,0,0,0,0,6000,-6000,-6000
064530,康控中信9C購01  ,0,0,0,0,0,0,0,0,0,-6000,0,0,0,175000,181000,-6000,-6000
063013,技嘉元大9B購02  ,0,0,0,0,0,0,0,0,0,-6000,0,0,0,32000,38000,-6000,-6000
063053,聯發科統一01購04,0,0,0,0,0,0,0,0,0,-6000,0,0,0,1000,7000,-6000,-6000
062547,玉晶光永豐9B購05,0,0,0,0,0,0,0,0,0,-6000,0,0,0,32000,38000,-6000,-6000
062559,嘉晶凱基9B購02  ,0,0,0,0,0,0,0,0,0,-6000,0,0,0,0,6000,-6000,-6000
062620,台表科元大9B購04,0,0,0,0,0,0,0,0,0,-6000,0,0,0,55000,61000,-6000,-6000
062410,台積電第一9B購02,0,0,0,0,0,0,0,0,0,-6000,0,0,0,6000,12000,-6000,-6000
062405,泰鼎永豐9B購02  ,0,0,0,0,0,0,0,0,0,-6000,0,0,0,8000,14000,-6000,-6000
062311,奇力新凱基9B購01,0,0,0,0,0,0,0,0,0,-6000,0,0,0,0,6000,-6000,-6000
065468,FBVIX元大9C購04 ,0,0,0,0,0,0,0,0,0,-6000,0,0,0,5000,11000,-6000,-6000
065500,健鼎富邦01購01  ,0,0,0,0,0,0,0,0,0,-6000,0,0,0,0,6000,-6000,-6000
065322,聯發科凱基01購05,0,0,0,0,0,0,0,0,0,-6000,0,0,0,0,6000,-6000,-6000
065773,鴻海國票03購01  ,0,0,0,0,0,0,0,0,0,-6000,0,0,0,0,6000,-6000,-6000
065656,聯發科國泰03購01,0,0,0,0,0,0,0,0,0,-6000,0,0,0,10000,16000,-6000,-6000
065605,義隆元大01購02  ,0,0,0,0,0,0,0,0,0,-6000,0,0,0,25000,31000,-6000,-6000
066411,南紡元大01購01  ,0,0,0,0,0,0,0,0,0,-6000,0,0,0,3000,9000,-6000,-6000
066465,同欣電統一01購05,0,0,0,0,0,0,0,0,0,-6000,0,0,0,139000,145000,-6000,-6000
066447,智伸科群益01購02,0,0,0,0,0,0,0,0,0,-6000,0,0,0,9000,15000,-6000,-6000
066647,聯發科麥證01購04,0,0,0,0,1408000,-1408000,0,0,0,-6000,0,0,0,1402000,1408000,-6000,-6000
067839,臺股指統一01購01,0,0,0,0,0,0,0,0,0,-6000,0,0,0,0,6000,-6000,-6000
067851,華邦電國票02購01,0,0,0,0,0,0,0,0,0,-6000,0,0,0,0,6000,-6000,-6000
067888,奇力新群益01購02,0,0,0,0,0,0,0,0,0,-6000,0,0,0,0,6000,-6000,-6000
067464,上証2X元大03購01,0,0,0,0,0,0,0,0,0,-6000,0,0,0,30000,36000,-6000,-6000
067561,晶技國票02購01  ,0,0,0,0,0,0,0,0,0,-6000,0,0,0,11000,17000,-6000,-6000
08701P,景碩康和01售02  ,0,0,0,0,0,0,0,0,0,-6000,0,0,0,10000,16000,-6000,-6000
08902P,台灣50中信05售01,0,0,0,0,0,0,0,0,0,-6000,0,0,0,4000,10000,-6000,-6000
08910P,宏達電凱基01售02,0,0,0,0,0,0,0,0,0,-6000,0,0,0,0,6000,-6000,-6000
2705,六福            ,13000,19000,-6000,0,0,0,0,0,0,0,0,0,0,0,0,0,-6000
2832,台產            ,11000,17000,-6000,0,0,0,0,0,0,0,0,0,0,0,0,0,-6000
2904,匯僑            ,0,6000,-6000,0,0,0,0,0,0,0,0,0,0,0,0,0,-6000
2480,敦陽科          ,63000,69000,-6000,0,0,0,0,0,0,0,0,0,0,0,0,0,-6000
6431,光麗-KY         ,1000,7000,-6000,0,0,0,0,0,0,0,0,0,0,0,0,0,-6000
8462,柏文            ,6000,11000,-5000,0,0,0,0,0,0,-1000,0,0,0,0,1000,-1000,-6000
8104,錸寶            ,37000,43000,-6000,0,0,0,0,0,0,0,1000,1000,0,0,0,0,-6000
069618,瑞昱統一04購02  ,0,0,0,0,0,0,0,0,0,-7000,0,0,0,3000,10000,-7000,-7000
08092P,仁寶元富9B售02  ,0,0,0,0,0,0,0,0,0,-7000,0,0,0,100000,107000,-7000,-7000
08423P,台積電統一9C售13,0,0,0,0,0,0,0,0,0,-7000,0,0,0,0,7000,-7000,-7000
068728,宏達電元大02購03,0,0,0,0,0,0,0,0,0,-7000,0,0,0,20000,27000,-7000,-7000
068496,景碩元大01購04  ,0,0,0,0,0,0,0,0,0,-7000,0,0,0,70000,77000,-7000,-7000
00654R,富邦印度反1     ,0,0,0,0,0,0,0,0,0,-7000,0,0,0,7000,14000,-7000,-7000
00702,國泰標普低波高息,0,0,0,0,0,0,0,0,0,-7000,0,0,0,3000,10000,-7000,-7000
00728,第一金工業30    ,0,0,0,0,0,0,0,0,0,-7000,0,0,0,166000,173000,-7000,-7000
03273P,台積電元富08售03,0,0,0,0,0,0,0,0,0,-7000,0,0,0,0,7000,-7000,-7000
03050P,台積電統一01售12,0,0,0,0,0,0,0,0,0,-7000,0,0,0,0,7000,-7000,-7000
03333P,台積電元大03售03,0,0,0,0,0,0,0,0,0,-7000,0,0,0,0,7000,-7000,-7000
03344P,台積電元富08售15,0,0,0,0,0,0,0,0,0,-7000,0,0,0,0,7000,-7000,-7000
03090P,臺股指元大01售19,0,0,0,0,0,0,0,0,0,-7000,0,0,0,13000,20000,-7000,-7000
03081P,華通元大01售06  ,0,0,0,0,0,0,0,0,0,-7000,0,0,0,54000,61000,-7000,-7000
03490P,聯電元大02售23  ,0,0,0,0,0,0,0,0,0,-7000,0,0,0,0,7000,-7000,-7000
061179,華擎凱基9A購01  ,0,0,0,0,0,0,0,0,0,-7000,0,0,0,11000,18000,-7000,-7000
062710,盛群元大9B購01  ,0,0,0,0,0,0,0,0,0,-7000,0,0,0,55000,62000,-7000,-7000
064283,奇鋐元大9C購02  ,0,0,0,0,0,0,0,0,0,-7000,0,0,0,39000,46000,-7000,-7000
061145,臻鼎中信9A購02  ,0,0,0,0,0,0,0,0,0,-7000,0,0,0,30000,37000,-7000,-7000
058644,元黃金富邦03購01,0,0,0,0,0,0,0,0,0,-7000,0,0,0,0,7000,-7000,-7000
059940,微星永豐99購01  ,0,0,0,0,0,0,0,0,0,-7000,0,0,0,0,7000,-7000,-7000
059626,台積電凱基01購01,0,0,0,0,0,0,0,0,0,-7000,0,0,0,3000,10000,-7000,-7000
059662,旭富元大9C購01  ,0,0,0,0,0,0,0,0,0,-7000,0,0,0,74000,81000,-7000,-7000
057876,隆達元大98購01  ,0,0,0,0,0,0,0,0,0,-7000,0,0,0,0,7000,-7000,-7000
060265,宏達電國票9A購02,0,0,0,0,0,0,0,0,0,-7000,0,0,0,0,7000,-7000,-7000
061593,智原永豐9A購01  ,0,0,0,0,0,0,0,0,0,-7000,0,0,0,3000,10000,-7000,-7000
063168,台表科永豐9B購01,0,0,0,0,0,0,0,0,0,-7000,0,0,0,260000,267000,-7000,-7000
063410,南六國票9C購01  ,0,0,0,0,0,0,0,0,0,-7000,0,0,0,0,7000,-7000,-7000
064156,大立光統一01購06,0,0,0,0,0,0,0,0,0,-7000,0,0,0,34000,41000,-7000,-7000
064411,台表科凱基02購01,0,0,0,0,0,0,0,0,0,-7000,0,0,0,4000,11000,-7000,-7000
063888,TPK中信01購01   ,0,0,0,0,0,0,0,0,0,-7000,0,0,0,47000,54000,-7000,-7000
063715,鈺齊凱基9C購01  ,0,0,0,0,0,0,0,0,0,-7000,0,0,0,101000,108000,-7000,-7000
067313,欣興元大03購01  ,0,0,0,0,0,0,0,0,0,-7000,0,0,0,3000,10000,-7000,-7000
067425,京元電凱基01購01,0,0,0,0,0,0,0,0,0,-7000,0,0,0,50000,57000,-7000,-7000
067872,玉晶光元大02購03,0,0,0,0,0,0,0,0,0,-7000,0,0,0,3000,10000,-7000,-7000
067668,金像電元大01購02,0,0,0,0,0,0,0,0,0,-7000,0,0,0,3000,10000,-7000,-7000
066796,台積電凱基02購08,0,0,0,0,0,0,0,0,0,-7000,0,0,0,3000,10000,-7000,-7000
066829,奇力新群益01購01,0,0,0,0,0,0,0,0,0,-7000,0,0,0,0,7000,-7000,-7000
065625,聯發科兆豐9C購06,0,0,0,0,0,0,0,0,0,-7000,0,0,0,312000,319000,-7000,-7000
065608,緯創元大9C購04  ,0,0,0,0,0,0,0,0,0,-7000,0,0,0,53000,60000,-7000,-7000
065609,嘉澤元大01購02  ,0,0,0,0,0,0,0,0,0,-7000,0,0,0,23000,30000,-7000,-7000
065871,南亞科群益9C購03,0,0,0,0,0,0,0,0,0,-7000,0,0,0,10000,17000,-7000,-7000
065244,聯發科兆豐9C購05,0,0,0,0,0,0,0,0,0,-7000,0,0,0,0,7000,-7000,-7000
065521,貿聯群益9C購04  ,0,0,0,0,0,0,0,0,0,-7000,0,0,0,52000,59000,-7000,-7000
065407,世紀鋼富邦01購01,0,0,0,0,0,0,0,0,0,-7000,0,0,0,60000,67000,-7000,-7000
6698,旭暉應材        ,9000,17000,-8000,0,0,0,0,0,0,1000,1000,0,1000,0,0,0,-7000
5305,敦南            ,65000,73000,-8000,0,0,0,0,0,0,1000,1000,0,1000,0,0,0,-7000
2460,建通            ,2000,9000,-7000,0,0,0,0,0,0,0,0,0,0,0,0,0,-7000
3018,同開            ,12000,19000,-7000,0,0,0,0,0,0,0,0,0,0,0,0,0,-7000
2634,漢翔            ,345000,179000,166000,0,0,0,0,0,0,-173000,8000,0,8000,10000,191000,-181000,-7000
1541,錩泰            ,23000,26000,-3000,0,0,0,0,0,0,-4000,1000,5000,-4000,0,0,0,-7000
068528,緯創元富03購01  ,0,0,0,0,0,0,0,0,0,-8000,0,0,0,22000,30000,-8000,-8000
068510,鴻海統一03購06  ,0,0,0,0,0,0,0,0,0,-8000,0,0,0,0,8000,-8000,-8000
068591,台積電元富07購13,0,0,0,0,0,0,0,0,0,-8000,0,0,0,304000,312000,-8000,-8000
067958,中磊永豐01購01  ,0,0,0,0,0,0,0,0,0,-8000,0,0,0,102000,110000,-8000,-8000
068723,億光元大02購01  ,0,0,0,0,0,0,0,0,0,-8000,0,0,0,95000,103000,-8000,-8000
068832,台積電國泰06購02,0,0,0,0,0,0,0,0,0,-8000,0,0,0,0,8000,-8000,-8000
08261P,玉晶光元大9C售08,0,20000,-20000,0,0,0,0,0,0,12000,0,0,0,22000,10000,12000,-8000
08287P,茂林凱基9C售02  ,0,0,0,0,0,0,0,0,0,-8000,0,0,0,32000,40000,-8000,-8000
08386P,臺股指群益9C售14,0,0,0,0,0,0,0,0,0,-8000,0,0,0,0,8000,-8000,-8000
08042P,臺股指群益9B售15,0,0,0,0,0,0,0,0,0,-8000,0,0,0,52000,60000,-8000,-8000
07235P,T50正2元大9C售02,0,0,0,0,0,0,0,0,0,-8000,0,0,0,0,8000,-8000,-8000
07670P,茂林元大9A售02  ,0,0,0,0,0,0,0,0,0,-8000,0,0,0,0,8000,-8000,-8000
069601,玉晶光國票03購05,0,0,0,0,0,0,0,0,0,-8000,0,0,0,0,8000,-8000,-8000
069356,台化永豐02購01  ,0,0,0,0,0,0,0,0,0,-8000,0,0,0,2000,10000,-8000,-8000
069516,景碩凱基02購03  ,0,0,0,0,0,0,0,0,0,-8000,0,0,0,63000,71000,-8000,-8000
058631,鈺齊國票9A購01  ,0,0,0,0,0,0,0,0,0,-8000,0,0,0,137000,145000,-8000,-8000
058616,台虹元大9A購01  ,0,0,0,0,0,0,0,0,0,-8000,0,0,0,556000,564000,-8000,-8000
058390,樺漢國票9A購01  ,0,0,0,0,0,0,0,0,0,-8000,0,0,0,21000,29000,-8000,-8000
064221,華通國票01購01  ,0,0,0,0,0,0,0,0,0,-8000,0,0,0,58000,66000,-8000,-8000
061806,元黃金統一9B購01,0,0,0,0,0,0,0,0,0,-8000,0,0,0,0,8000,-8000,-8000
060813,高鐵凱基9A購01  ,0,0,0,0,0,0,0,0,0,-8000,0,0,0,43000,51000,-8000,-8000
03458B,臺股指元大04熊07,0,0,0,0,0,0,0,0,0,-8000,0,0,0,34000,42000,-8000,-8000
054819,裕民元大9A購01  ,0,0,0,0,0,0,0,0,0,-8000,0,0,0,142000,150000,-8000,-8000
057681,T50反1日盛9C購01,0,0,0,0,0,0,0,0,0,-8000,0,0,0,80000,88000,-8000,-8000
063858,鴻海國泰02購01  ,0,0,0,0,0,0,0,0,0,-8000,0,0,0,0,8000,-8000,-8000
063916,瀚宇博凱基01購01,0,0,0,0,0,0,0,0,0,-8000,0,0,0,87000,95000,-8000,-8000
061343,大立光元大9A購04,0,0,0,0,0,0,0,0,0,-8000,0,0,0,2000,10000,-8000,-8000
061503,臻鼎國票9B購01  ,0,0,0,0,0,0,0,0,0,-8000,0,0,0,0,8000,-8000,-8000
062942,嘉澤凱基9B購02  ,0,0,0,0,0,0,0,0,0,-8000,0,0,0,0,8000,-8000,-8000
064658,喬山元大9C購01  ,0,0,0,0,0,0,0,0,0,-8000,0,0,0,472000,480000,-8000,-8000
063325,SP黃豆國票9C購02,0,0,0,0,0,0,0,0,0,-8000,0,0,0,2000,10000,-8000,-8000
063274,鈺齊兆豐9B購01  ,0,0,0,0,0,0,0,0,0,-8000,0,0,0,0,8000,-8000,-8000
063641,泰鼎元大9B購04  ,0,0,0,0,0,0,0,0,0,-8000,0,0,0,0,8000,-8000,-8000
061567,華通元大9A購11  ,0,0,0,0,0,0,0,0,0,-8000,0,0,0,2000,10000,-8000,-8000
064539,玉晶光麥證01購01,0,0,0,0,14000,-14000,0,0,0,-8000,0,0,0,6000,14000,-8000,-8000
061678,玉晶光元大9B購04,0,0,0,0,0,0,0,0,0,-8000,0,0,0,6000,14000,-8000,-8000
062264,南六元大9B購02  ,0,0,0,0,0,0,0,0,0,-8000,0,0,0,100000,108000,-8000,-8000
064811,華擎元大01購01  ,0,0,0,0,0,0,0,0,0,-8000,0,0,0,47000,55000,-8000,-8000
064786,GIS群益9C購04   ,0,0,0,0,0,0,0,0,0,-8000,0,0,0,184000,192000,-8000,-8000
065530,亞德客統一9C購02,0,0,0,0,0,0,0,0,0,-8000,0,0,0,0,8000,-8000,-8000
065459,台灣50台新9C購07,0,0,0,0,0,0,0,0,0,-8000,0,0,0,0,8000,-8000,-8000
066506,宏達電富邦03購01,0,0,0,0,0,0,0,0,0,-8000,0,0,0,2000,10000,-8000,-8000
066299,潤泰新元大01購01,0,0,0,0,0,0,0,0,0,-8000,0,0,0,18000,26000,-8000,-8000
066139,拓凱群益01購01  ,0,0,0,0,0,0,0,0,0,-8000,0,0,0,2000,10000,-8000,-8000
066725,華通元大01購05  ,0,0,0,0,0,0,0,0,0,-8000,0,0,0,12000,20000,-8000,-8000
2115,六暉-KY         ,1000,8000,-7000,0,0,0,0,0,0,-1000,0,1000,-1000,0,0,0,-8000
1528,恩德            ,5000,13000,-8000,0,0,0,0,0,0,0,0,0,0,0,0,0,-8000
08896P,台灣50群益01售10,0,0,0,0,0,0,0,0,0,-8000,0,0,0,60000,68000,-8000,-8000
08963P,牧德凱基01售02  ,0,0,0,0,0,0,0,0,0,-8000,0,0,0,2000,10000,-8000,-8000
08926P,台積電元富07售06,0,0,0,0,0,0,0,0,0,-8000,0,0,0,0,8000,-8000,-8000
2397,友通            ,4000,3000,1000,0,0,0,0,0,0,-9000,1000,10000,-9000,0,0,0,-8000
6155,鈞寶            ,33000,42000,-9000,0,0,0,0,0,0,1000,1000,0,1000,0,0,0,-8000
6243,迅杰            ,7000,15000,-8000,0,0,0,0,0,0,0,0,0,0,0,0,0,-8000
069679,瑞昱元大02購06  ,0,0,0,0,0,0,0,0,0,-9000,0,0,0,8000,17000,-9000,-9000
068736,南電元大02購02  ,0,0,0,0,0,0,0,0,0,-9000,0,0,0,4000,13000,-9000,-9000
069215,潤泰新元大02購01,0,0,0,0,0,0,0,0,0,-9000,0,0,0,507000,516000,-9000,-9000
069118,強茂群益02購01  ,0,0,0,0,0,0,0,0,0,-9000,0,0,0,667000,676000,-9000,-9000
057691,健策凱基99購01  ,0,0,0,0,0,0,0,0,0,-9000,0,0,0,0,9000,-9000,-9000
057183,玉晶光元大99購07,0,0,0,0,0,0,0,0,0,-9000,0,0,0,3000,12000,-9000,-9000
03094X,大立光元大68展08,0,0,0,0,0,0,0,0,0,-9000,0,0,0,0,9000,-9000,-9000
063531,台表科凱基9B購04,0,0,0,0,0,0,0,0,0,-9000,0,0,0,29000,38000,-9000,-9000
064252,嘉澤元富9C購01  ,0,0,0,0,0,0,0,0,0,-9000,0,0,0,1000,10000,-9000,-9000
058201,華通凱基9A購01  ,0,0,0,0,0,0,0,0,0,-9000,0,0,0,5000,14000,-9000,-9000
060553,祥碩凱基9A購01  ,0,0,0,0,0,0,0,0,0,-9000,0,0,0,0,9000,-9000,-9000
058959,南茂國票9A購01  ,0,0,0,0,0,0,0,0,0,-9000,0,0,0,0,9000,-9000,-9000
065126,世芯永豐9C購02  ,0,0,0,0,0,0,0,0,0,-9000,0,0,0,0,9000,-9000,-9000
064706,嘉晶富邦01購01  ,0,0,0,0,0,0,0,0,0,-9000,0,0,0,0,9000,-9000,-9000
062669,微星中信03購01  ,0,0,0,0,0,0,0,0,0,-9000,0,0,0,11000,20000,-9000,-9000
063470,泰鼎元大9B購03  ,0,0,0,0,0,0,0,0,0,-9000,0,0,0,28000,37000,-9000,-9000
062914,嘉澤元大9B購02  ,0,0,0,0,0,0,0,0,0,-9000,0,0,0,0,9000,-9000,-9000
067248,帆宣群益01購01  ,0,0,0,0,0,0,0,0,0,-9000,0,0,0,1000,10000,-9000,-9000
067679,奇鋐元大02購02  ,0,0,0,0,0,0,0,0,0,-9000,0,0,0,15000,24000,-9000,-9000
067777,元上證群益01購01,0,0,0,0,0,0,0,0,0,-9000,0,0,0,0,9000,-9000,-9000
067389,聯發科元富07購04,0,0,0,0,0,0,0,0,0,-9000,0,0,0,100000,109000,-9000,-9000
067337,欣興凱基01購01  ,0,0,0,0,0,0,0,0,0,-9000,0,0,0,0,9000,-9000,-9000
067463,T50反1元大01購04,0,0,0,0,0,0,0,0,0,-9000,0,0,0,110000,119000,-9000,-9000
065978,臻鼎元大02購01  ,0,0,0,0,0,0,0,0,0,-9000,0,0,0,91000,100000,-9000,-9000
066248,長興元大01購01  ,0,0,0,0,0,0,0,0,0,-9000,0,0,0,1000,10000,-9000,-9000
066441,聯強群益01購01  ,0,0,0,0,0,0,0,0,0,-9000,0,0,0,76000,85000,-9000,-9000
065539,瑞儀統一01購01  ,0,0,0,0,0,0,0,0,0,-9000,0,0,0,199000,208000,-9000,-9000
6525,捷敏-KY         ,22000,31000,-9000,0,0,0,0,0,0,0,0,0,0,0,0,0,-9000
6133,金橋            ,11000,21000,-10000,0,0,0,0,0,0,1000,1000,0,1000,0,0,0,-9000
4552,力達-KY         ,5000,14000,-9000,0,0,0,0,0,0,0,0,0,0,0,0,0,-9000
3022,威強電          ,56000,53000,3000,0,0,0,0,0,0,-12000,0,12000,-12000,0,0,0,-9000
08785P,滬深2X元富01售04,0,0,0,0,0,0,0,0,0,-9000,0,0,0,6000,15000,-9000,-9000
08738P,TPK凱基01售02   ,0,0,0,0,0,0,0,0,0,-9000,0,0,0,0,9000,-9000,-9000
069217,T50反1群益02購06,0,0,0,0,0,0,0,0,0,-10000,0,0,0,0,10000,-10000,-10000
06900P,FBVIX國票12售01 ,0,0,0,0,0,0,0,0,0,-10000,0,0,0,0,10000,-10000,-10000
068729,宏達電元大03購01,0,0,0,0,0,0,0,0,0,-10000,0,0,0,0,10000,-10000,-10000
068755,鎧勝國泰04購01  ,0,0,0,0,0,0,0,0,0,-10000,0,0,0,0,10000,-10000,-10000
068634,台積電凱基03購08,0,0,0,0,0,0,0,0,0,-10000,0,0,0,6000,16000,-10000,-10000
068684,台積電中信02購02,0,0,0,0,0,0,0,0,0,-10000,0,0,0,0,10000,-10000,-10000
068848,台積電統一06購02,0,0,0,0,0,0,0,0,0,-10000,0,0,0,0,10000,-10000,-10000
068917,臺股指群益02購03,0,0,0,0,0,0,0,0,0,-10000,0,0,0,10000,20000,-10000,-10000
068904,美利達元大02購01,0,0,0,0,0,0,0,0,0,-10000,0,0,0,355000,365000,-10000,-10000
068019,玉晶光國票02購06,0,0,0,0,0,0,0,0,0,-10000,0,0,0,0,10000,-10000,-10000
068022,聯發科台新01購01,0,0,0,0,0,0,0,0,0,-10000,0,0,0,140000,150000,-10000,-10000
068069,台光電凱基01購03,0,0,0,0,0,0,0,0,0,-10000,0,0,0,0,10000,-10000,-10000
068051,玉晶光統一03購01,0,0,0,0,0,0,0,0,0,-10000,0,0,0,0,10000,-10000,-10000
068259,台灣50富邦03購04,0,0,0,0,0,0,0,0,0,-10000,0,0,0,15000,25000,-10000,-10000
068584,帆宣永豐01購03  ,0,0,0,0,0,0,0,0,0,-10000,0,0,0,0,10000,-10000,-10000
068440,華擎凱基01購04  ,0,0,0,0,0,0,0,0,0,-10000,0,0,0,280000,290000,-10000,-10000
069636,嘉澤元富08購01  ,0,0,0,0,0,0,0,0,0,-10000,0,0,0,0,10000,-10000,-10000
069662,台達電兆豐03購02,0,0,0,0,0,0,0,0,0,-10000,0,0,0,0,10000,-10000,-10000
069758,智邦兆豐03購02  ,0,0,0,0,0,0,0,0,0,-10000,0,0,0,0,10000,-10000,-10000
069805,道瓊銀國票04購01,0,0,0,0,0,0,0,0,0,-10000,0,0,0,0,10000,-10000,-10000
069888,儒鴻元大02購01  ,0,0,0,0,0,0,0,0,0,-10000,0,0,0,100000,110000,-10000,-10000
069890,上銀元大02購01  ,0,0,0,0,0,0,0,0,0,-10000,0,0,0,0,10000,-10000,-10000
069939,欣興元富08購04  ,0,0,0,0,0,0,0,0,0,-10000,0,0,0,0,10000,-10000,-10000
06993P,鴻海凱基99售05  ,0,0,0,0,0,0,0,0,0,-10000,0,0,0,0,10000,-10000,-10000
07006P,旺宏統一9B售03  ,0,0,0,0,0,0,0,0,0,-10000,0,0,0,0,10000,-10000,-10000
069528,道瓊銀群益02購03,0,0,0,0,0,0,0,0,0,-10000,0,0,0,0,10000,-10000,-10000
069484,聯發科元大02購16,0,0,0,0,0,0,0,0,0,-10000,0,0,0,0,10000,-10000,-10000
069422,南六統一02購04  ,0,0,0,0,0,0,0,0,0,-10000,0,0,0,216000,226000,-10000,-10000
069372,道瓊銀元大03購04,0,0,0,0,0,0,0,0,0,-10000,0,0,0,0,10000,-10000,-10000
069358,台積電永豐02購04,0,0,0,0,0,0,0,0,0,-10000,0,0,0,0,10000,-10000,-10000
069383,晶技元大02購03  ,0,0,0,0,0,0,0,0,0,-10000,0,0,0,0,10000,-10000,-10000
069286,鴻海國泰04購01  ,0,0,0,0,0,0,0,0,0,-10000,0,0,0,0,10000,-10000,-10000
069324,嘉澤兆豐04購01  ,0,0,0,0,0,0,0,0,0,-10000,0,0,0,0,10000,-10000,-10000
069334,華通群益03購01  ,0,0,0,0,0,0,0,0,0,-10000,0,0,0,0,10000,-10000,-10000
069330,臺指反群益02購05,0,0,0,0,0,0,0,0,0,-10000,0,0,0,0,10000,-10000,-10000
07805P,義隆永豐9A售02  ,0,0,0,0,0,0,0,0,0,-10000,0,0,0,0,10000,-10000,-10000
07779P,鴻海凱基9B售04  ,0,0,0,0,0,0,0,0,0,-10000,0,0,0,10000,20000,-10000,-10000
07783P,聯發科富邦9C售03,0,0,0,0,0,0,0,0,0,-10000,0,0,0,0,10000,-10000,-10000
07310P,大立光凱基99售12,0,0,0,0,0,0,0,0,0,-10000,0,0,0,0,10000,-10000,-10000
07317P,T50正2凱基9B售02,0,0,0,0,0,0,0,0,0,-10000,0,0,0,0,10000,-10000,-10000
07217P,大立光凱基9A售05,0,0,0,0,0,0,0,0,0,-10000,0,0,0,0,10000,-10000,-10000
07287P,全新群益9B售01  ,0,0,0,0,0,0,0,0,0,-10000,0,0,0,0,10000,-10000,-10000
07135P,臺股指元大9A售29,0,0,0,0,0,0,0,0,0,-10000,0,0,0,0,10000,-10000,-10000
07445P,大立光凱基9A售08,0,0,0,0,0,0,0,0,0,-10000,0,0,0,0,10000,-10000,-10000
07388P,臺股指群益9C售07,0,0,0,0,0,0,0,0,0,-10000,0,0,0,0,10000,-10000,-10000
07326P,大立光元大99售23,0,0,0,0,0,0,0,0,0,-10000,0,0,0,0,10000,-10000,-10000
07466P,亞德客元大9A售02,0,0,0,0,0,0,0,0,0,-10000,0,0,0,0,10000,-10000,-10000
08106P,聯發科統一9B售09,0,0,0,0,0,0,0,0,0,-10000,0,0,0,0,10000,-10000,-10000
07978P,茂林群益9B售02  ,0,0,0,0,0,0,0,0,0,-10000,0,0,0,0,10000,-10000,-10000
07983P,茂林群益9B售03  ,0,0,0,0,0,0,0,0,0,-10000,0,0,0,0,10000,-10000,-10000
07956P,鴻海群益9B售06  ,0,0,0,0,0,0,0,0,0,-10000,0,0,0,0,10000,-10000,-10000
07954P,台表科元大9B售02,0,0,0,0,0,0,0,0,0,-10000,0,0,0,160000,170000,-10000,-10000
07942P,健策凱基9B售03  ,0,0,0,0,0,0,0,0,0,-10000,0,0,0,0,10000,-10000,-10000
07912P,玉晶光統一9B售02,0,0,0,0,0,0,0,0,0,-10000,0,0,0,0,10000,-10000,-10000
07873P,華新科群益9B售03,0,0,0,0,0,0,0,0,0,-10000,0,0,0,0,10000,-10000,-10000
08246P,亞德客群益01售01,0,0,0,0,0,0,0,0,0,-10000,0,0,0,0,10000,-10000,-10000
08177P,金像電元大9B售02,0,0,0,0,0,0,0,0,0,-10000,0,0,0,30000,40000,-10000,-10000
08410P,臺股指元大9C售16,0,0,0,0,0,0,0,0,0,-10000,0,0,0,0,10000,-10000,-10000
08403P,上銀元大9C售07  ,0,0,0,0,0,0,0,0,0,-10000,0,0,0,0,10000,-10000,-10000
08505P,臺股指國票9C售07,0,0,0,0,0,0,0,0,0,-10000,0,0,0,0,10000,-10000,-10000
08532P,國巨元富06售02  ,0,0,0,0,0,0,0,0,0,-10000,0,0,0,0,10000,-10000,-10000
058937,仁寶中信99購01  ,0,0,0,0,0,0,0,0,0,-10000,0,0,0,0,10000,-10000,-10000
058916,SGBR2X元富99購02,0,0,0,0,0,0,0,0,0,-10000,0,0,0,0,10000,-10000,-10000
058803,世紀鋼元大99購03,0,0,0,0,0,0,0,0,0,-10000,0,0,0,0,10000,-10000,-10000
058838,國巨中信99購03  ,0,0,0,0,0,0,0,0,0,-10000,0,0,0,0,10000,-10000,-10000
059632,聯發科凱基01購01,0,0,0,0,0,0,0,0,0,-10000,0,0,0,0,10000,-10000,-10000
060872,高股息中信02購01,0,0,0,0,0,0,0,0,0,-10000,0,0,0,0,10000,-10000,-10000
058737,鴻海第一01購01  ,0,0,0,0,0,0,0,0,0,-10000,0,0,0,0,10000,-10000,-10000
060554,中租凱基9A購01  ,0,0,0,0,0,0,0,0,0,-10000,0,0,0,0,10000,-10000,-10000
060443,滬深2X元大9A購03,0,0,0,0,0,0,0,0,0,-10000,0,0,0,0,10000,-10000,-10000
060474,中租元大9B購01  ,0,0,0,0,0,0,0,0,0,-10000,0,0,0,0,10000,-10000,-10000
060389,世紀鋼凱基9B購02,0,0,0,0,0,0,0,0,0,-10000,0,0,0,0,10000,-10000,-10000
057928,鈺齊凱基98購02  ,0,0,0,0,0,0,0,0,0,-10000,0,0,0,0,10000,-10000,-10000
060962,義隆凱基9B購01  ,0,0,0,0,0,0,0,0,0,-10000,0,0,0,2000,12000,-10000,-10000
060664,聯詠凱基9A購01  ,0,0,0,0,0,0,0,0,0,-10000,0,0,0,0,10000,-10000,-10000
058013,SP黃豆凱基9A購01,0,0,0,0,0,0,0,0,0,-10000,0,0,0,0,10000,-10000,-10000
061088,國巨統一9C購05  ,0,0,0,0,0,0,0,0,0,-10000,0,0,0,0,10000,-10000,-10000
061128,大立光永豐9A購02,0,0,0,0,0,0,0,0,0,-10000,0,0,0,0,10000,-10000,-10000
061039,台表科永豐9A購03,0,0,0,0,0,0,0,0,0,-10000,0,0,0,10000,20000,-10000,-10000
058318,致茂永豐9A購01  ,0,0,0,0,0,0,0,0,0,-10000,0,0,0,0,10000,-10000,-10000
058222,玉晶光統一9B購01,0,0,0,0,0,0,0,0,0,-10000,0,0,0,665000,675000,-10000,-10000
058625,旺宏國票9A購01  ,0,0,0,0,0,0,0,0,0,-10000,0,0,0,10000,20000,-10000,-10000
058534,友達統一9B購01  ,0,0,0,0,0,0,0,0,0,-10000,0,0,0,39000,49000,-10000,-10000
063562,國巨元大9C購06  ,0,0,0,0,0,0,0,0,0,-10000,0,0,0,4000,14000,-10000,-10000
063575,矽格元大9B購02  ,0,0,0,0,0,0,0,0,0,-10000,0,0,0,10000,20000,-10000,-10000
063577,台表科元大9C購04,0,0,0,0,0,0,0,0,0,-10000,0,0,0,23000,33000,-10000,-10000
061815,奇力新群益9B購02,0,0,0,0,0,0,0,0,0,-10000,0,0,0,0,10000,-10000,-10000
058697,亞德客元大99購01,0,0,0,0,0,0,0,0,0,-10000,0,0,0,0,10000,-10000,-10000
058705,長榮航元大99購01,0,0,0,0,0,0,0,0,0,-10000,0,0,0,0,10000,-10000,-10000
03065P,台積電群益01售18,0,0,0,0,0,0,0,0,0,-10000,0,0,0,0,10000,-10000,-10000
03108P,台積電元大01售40,0,0,0,0,0,0,0,0,0,-10000,0,0,0,200000,210000,-10000,-10000
03197P,台積電統一01售14,0,0,0,0,0,0,0,0,0,-10000,0,0,0,0,10000,-10000,-10000
03200P,台積電統一03售11,0,0,0,0,0,0,0,0,0,-10000,0,0,0,0,10000,-10000,-10000
03178P,台積電群益01售23,0,0,0,0,0,0,0,0,0,-10000,0,0,0,0,10000,-10000,-10000
057103,禾伸堂中信9A購01,0,0,0,0,0,0,0,0,0,-10000,0,0,0,5000,15000,-10000,-10000
057292,國巨國泰9B購01  ,0,0,0,0,0,0,0,0,0,-10000,0,0,0,0,10000,-10000,-10000
057668,華新科元大9A購01,0,0,0,0,0,0,0,0,0,-10000,0,0,0,10000,20000,-10000,-10000
057555,玉晶光凱基9A購02,0,0,0,0,0,0,0,0,0,-10000,0,0,0,515000,525000,-10000,-10000
057417,國巨凱基9A購03  ,0,0,0,0,0,0,0,0,0,-10000,0,0,0,0,10000,-10000,-10000
03328P,台積電群益03售02,0,0,0,0,0,0,0,0,0,-10000,0,0,0,0,10000,-10000,-10000
03295P,台積電統一02售12,0,0,0,0,0,0,0,0,0,-10000,0,0,0,0,10000,-10000,-10000
03296P,台積電統一02售13,0,0,0,0,0,0,0,0,0,-10000,0,0,0,0,10000,-10000,-10000
03298P,台積電統一03售15,0,0,0,0,0,0,0,0,0,-10000,0,0,0,5000,15000,-10000,-10000
03244P,台積電統一03售13,0,0,0,0,0,0,0,0,0,-10000,0,0,0,0,10000,-10000,-10000
00735,國泰臺韓科技    ,0,0,0,0,0,0,0,0,0,-10000,0,0,0,211000,221000,-10000,-10000
00774C,新光中政金綠債+R,0,0,0,0,0,0,0,0,0,-10000,0,0,0,0,10000,-10000,-10000
00683L,元大美元指數正2 ,0,0,0,0,0,0,0,0,0,-10000,0,0,0,7000,17000,-10000,-10000
00689R,國泰20年美債反1 ,0,0,0,0,0,0,0,0,0,-10000,0,0,0,100000,110000,-10000,-10000
053181,滬深2X元富99購02,0,0,0,0,0,0,0,0,0,-10000,0,0,0,20000,30000,-10000,-10000
053316,友達群益9A購01  ,0,0,0,0,0,0,0,0,0,-10000,0,0,0,0,10000,-10000,-10000
057758,鴻海凱基99購03  ,0,0,0,0,0,0,0,0,0,-10000,0,0,0,0,10000,-10000,-10000
03603P,群創凱基98售04  ,0,0,0,0,0,0,0,0,0,-10000,0,0,0,0,10000,-10000,-10000
03505P,華通群益03售02  ,0,0,0,0,0,0,0,0,0,-10000,0,0,0,0,10000,-10000,-10000
048505,滬深2X群益99購03,0,0,0,0,0,0,0,0,0,-10000,0,0,0,0,10000,-10000,-10000
03385P,台積電凱基02售17,0,0,0,0,0,0,0,0,0,-10000,0,0,0,0,10000,-10000,-10000
056574,亞光元大99購03  ,0,0,0,0,0,0,0,0,0,-10000,0,0,0,0,10000,-10000,-10000
056410,康控國票99購01  ,0,0,0,0,0,0,0,0,0,-10000,0,0,0,0,10000,-10000,-10000
055436,晶豪科中信99購01,0,0,0,0,0,0,0,0,0,-10000,0,0,0,0,10000,-10000,-10000
03378P,台積電群益02售10,0,0,0,0,0,0,0,0,0,-10000,0,0,0,0,10000,-10000,-10000
03425B,臺股指元大9A熊01,0,0,0,0,0,0,0,0,0,-10000,0,0,0,0,10000,-10000,-10000
03425P,台灣50元大03售04,0,0,0,0,0,0,0,0,0,-10000,0,0,0,0,10000,-10000,-10000
059524,FBVIX凱基9A購02 ,0,0,0,0,0,0,0,0,0,-10000,0,0,0,0,10000,-10000,-10000
059358,旺宏永豐99購02  ,0,0,0,0,0,0,0,0,0,-10000,0,0,0,0,10000,-10000,-10000
059493,國巨國票9B購01  ,0,0,0,0,0,0,0,0,0,-10000,0,0,0,0,10000,-10000,-10000
063524,瑞昱凱基9B購05  ,0,0,0,0,0,0,0,0,0,-10000,0,0,0,0,10000,-10000,-10000
064435,聯發科凱基02購03,0,0,0,0,0,0,0,0,0,-10000,0,0,0,0,10000,-10000,-10000
061373,華通富邦9A購02  ,0,0,0,0,0,0,0,0,0,-10000,0,0,0,0,10000,-10000,-10000
061376,瑞昱永豐9A購02  ,0,0,0,0,0,0,0,0,0,-10000,0,0,0,0,10000,-10000,-10000
061327,台郡凱基9A購02  ,0,0,0,0,0,0,0,0,0,-10000,0,0,0,0,10000,-10000,-10000
061289,玉晶光統一01購03,0,0,0,0,0,0,0,0,0,-10000,0,0,0,0,10000,-10000,-10000
063945,京元電元大9C購01,0,0,0,0,0,0,0,0,0,-10000,0,0,0,0,10000,-10000,-10000
063711,高鐵凱基9B購01  ,0,0,0,0,0,0,0,0,0,-10000,0,0,0,0,10000,-10000,-10000
063815,玉晶光群益02購01,0,0,0,0,0,0,0,0,0,-10000,0,0,0,15000,25000,-10000,-10000
063732,建準元大9B購02  ,0,0,0,0,0,0,0,0,0,-10000,0,0,0,0,10000,-10000,-10000
063351,億豐統一9B購01  ,0,0,0,0,0,0,0,0,0,-10000,0,0,0,0,10000,-10000,-10000
063357,聯發科國泰01購04,0,0,0,0,0,0,0,0,0,-10000,0,0,0,0,10000,-10000,-10000
063399,智原群益9B購01  ,0,0,0,0,0,0,0,0,0,-10000,0,0,0,10000,20000,-10000,-10000
063243,聯發科元大9B購20,0,0,0,0,0,0,0,0,0,-10000,0,0,0,0,10000,-10000,-10000
063247,信邦元大9B購02  ,0,0,0,0,0,0,0,0,0,-10000,0,0,0,0,10000,-10000,-10000
063309,臺指反群益9B購06,0,0,0,0,0,0,0,0,0,-10000,0,0,0,0,10000,-10000,-10000
063206,貿聯統一9C購02  ,0,0,0,0,0,0,0,0,0,-10000,0,0,0,0,10000,-10000,-10000
064654,元金2X元大9C購03,0,0,0,0,0,0,0,0,0,-10000,0,0,0,0,10000,-10000,-10000
062818,大立光兆豐9C購01,0,0,0,0,0,0,0,0,0,-10000,0,0,0,0,10000,-10000,-10000
062798,台光電統一9B購01,0,0,0,0,0,0,0,0,0,-10000,0,0,0,0,10000,-10000,-10000
062769,臺股指凱基9B購13,0,0,0,0,0,0,0,0,0,-10000,0,0,0,0,10000,-10000,-10000
062774,儒鴻元大9C購01  ,0,0,0,0,0,0,0,0,0,-10000,0,0,0,0,10000,-10000,-10000
064109,上銀國票01購01  ,0,0,0,0,0,0,0,0,0,-10000,0,0,0,10000,20000,-10000,-10000
064128,國產元大9C購01  ,0,0,0,0,0,0,0,0,0,-10000,0,0,0,0,10000,-10000,-10000
064355,南六元大01購01  ,0,0,0,0,0,0,0,0,0,-10000,0,0,0,203000,213000,-10000,-10000
062183,奇鋐元大9B購01  ,0,0,0,0,0,0,0,0,0,-10000,0,0,0,0,10000,-10000,-10000
063099,臺指反群益9B購05,0,0,0,0,0,0,0,0,0,-10000,0,0,0,0,10000,-10000,-10000
063117,聯茂麥證9B購01  ,0,0,0,0,10000,-10000,0,0,0,-10000,0,0,0,0,10000,-10000,-10000
063121,友達元大9C購09  ,0,0,0,0,0,0,0,0,0,-10000,0,0,0,0,10000,-10000,-10000
062057,華邦電統一01購01,0,0,0,0,0,0,0,0,0,-10000,0,0,0,0,10000,-10000,-10000
063063,泰鼎元富9B購01  ,0,0,0,0,0,0,0,0,0,-10000,0,0,0,10000,20000,-10000,-10000
063747,國巨國票9C購06  ,0,0,0,0,0,0,0,0,0,-10000,0,0,0,0,10000,-10000,-10000
063744,儒鴻國票9C購01  ,0,0,0,0,0,0,0,0,0,-10000,0,0,0,20000,30000,-10000,-10000
065045,信邦凱基9C購01  ,0,0,0,0,0,0,0,0,0,-10000,0,0,0,0,10000,-10000,-10000
064869,景碩永豐9C購01  ,0,0,0,0,0,0,0,0,0,-10000,0,0,0,9000,19000,-10000,-10000
064957,台表科凱基02購02,0,0,0,0,0,0,0,0,0,-10000,0,0,0,0,10000,-10000,-10000
064951,聯發科凱基01購04,0,0,0,0,0,0,0,0,0,-10000,0,0,0,0,10000,-10000,-10000
064883,GIS兆豐01購01   ,0,0,0,0,0,0,0,0,0,-10000,0,0,0,0,10000,-10000,-10000
064884,台表科第一9C購01,0,0,0,0,0,0,0,0,0,-10000,0,0,0,0,10000,-10000,-10000
062283,玉晶光群益01購01,0,0,0,0,0,0,0,0,0,-10000,0,0,0,4000,14000,-10000,-10000
062299,台積電第一9B購01,0,0,0,0,0,0,0,0,0,-10000,0,0,0,0,10000,-10000,-10000
062378,台表科元大9C購01,0,0,0,0,0,0,0,0,0,-10000,0,0,0,14000,24000,-10000,-10000
062431,元金2X元大9B購02,0,0,0,0,0,0,0,0,0,-10000,0,0,0,0,10000,-10000,-10000
062449,臻鼎元大9B購01  ,0,0,0,0,0,0,0,0,0,-10000,0,0,0,0,10000,-10000,-10000
062497,遠東新群益9B購01,0,0,0,0,0,0,0,0,0,-10000,0,0,0,26000,36000,-10000,-10000
064563,全新群益02購01  ,0,0,0,0,0,0,0,0,0,-10000,0,0,0,0,10000,-10000,-10000
061679,健策元大9B購04  ,0,0,0,0,0,0,0,0,0,-10000,0,0,0,1000,11000,-10000,-10000
064550,南茂凱基01購01  ,0,0,0,0,0,0,0,0,0,-10000,0,0,0,0,10000,-10000,-10000
061522,元黃金凱基01購01,0,0,0,0,0,0,0,0,0,-10000,0,0,0,0,10000,-10000,-10000
061624,中租群益9A購01  ,0,0,0,0,0,0,0,0,0,-10000,0,0,0,3000,13000,-10000,-10000
061979,友達元大9C購08  ,0,0,0,0,0,0,0,0,0,-10000,0,0,0,0,10000,-10000,-10000
065194,和大元富9C購01  ,0,0,0,0,0,0,0,0,0,-10000,0,0,0,0,10000,-10000,-10000
065327,台表科凱基9C購02,0,0,0,0,0,0,0,0,0,-10000,0,0,0,0,10000,-10000,-10000
065330,億豐凱基9C購03  ,0,0,0,0,0,0,0,0,0,-10000,0,0,0,34000,44000,-10000,-10000
065282,國巨群益9C購14  ,0,0,0,0,0,0,0,0,0,-10000,0,0,0,0,10000,-10000,-10000
065584,華通富邦01購01  ,0,0,0,0,0,0,0,0,0,-10000,0,0,0,1000,11000,-10000,-10000
065561,同欣電麥證9C購03,0,0,0,0,10000,-10000,0,0,0,-10000,0,0,0,0,10000,-10000,-10000
065687,華通元富9C購03  ,0,0,0,0,0,0,0,0,0,-10000,0,0,0,0,10000,-10000,-10000
066414,鴻海元大01購07  ,0,0,0,0,0,0,0,0,0,-10000,0,0,0,10000,20000,-10000,-10000
066420,宏達電元大02購01,0,0,0,0,0,0,0,0,0,-10000,0,0,0,22000,32000,-10000,-10000
066555,聯詠元大01購01  ,0,0,0,0,0,0,0,0,0,-10000,0,0,0,40000,50000,-10000,-10000
066377,健策兆豐01購02  ,0,0,0,0,0,0,0,0,0,-10000,0,0,0,3000,13000,-10000,-10000
066363,美律中信05購01  ,0,0,0,0,0,0,0,0,0,-10000,0,0,0,0,10000,-10000,-10000
066373,美利達中信01購01,0,0,0,0,0,0,0,0,0,-10000,0,0,0,7000,17000,-10000,-10000
065915,聯發科凱基01購09,0,0,0,0,0,0,0,0,0,-10000,0,0,0,41000,51000,-10000,-10000
066035,南電群益01購01  ,0,0,0,0,0,0,0,0,0,-10000,0,0,0,0,10000,-10000,-10000
066186,台郡凱基02購01  ,0,0,0,0,0,0,0,0,0,-10000,0,0,0,0,10000,-10000,-10000
067462,台灣50元大01購27,0,0,0,0,0,0,0,0,0,-10000,0,0,0,0,10000,-10000,-10000
067371,聯發科統一02購08,0,0,0,0,0,0,0,0,0,-10000,0,0,0,108000,118000,-10000,-10000
067444,國巨國票03購01  ,0,0,0,0,0,0,0,0,0,-10000,0,0,0,0,10000,-10000,-10000
067638,台積電統一03購02,0,0,0,0,0,0,0,0,0,-10000,0,0,0,1000,11000,-10000,-10000
067263,台汽電國票01購01,0,0,0,0,0,0,0,0,0,-10000,0,0,0,0,10000,-10000,-10000
067174,嘉澤兆豐01購01  ,0,0,0,0,0,0,0,0,0,-10000,0,0,0,0,10000,-10000,-10000
067042,旺宏凱基01購02  ,0,0,0,0,0,0,0,0,0,-10000,0,0,0,100000,110000,-10000,-10000
067034,台郡康和01購01  ,0,0,0,0,0,0,0,0,0,-10000,0,0,0,0,10000,-10000,-10000
066621,川湖凱基01購01  ,0,0,0,0,0,0,0,0,0,-10000,0,0,0,0,10000,-10000,-10000
066813,亞德客兆豐01購01,0,0,0,0,0,0,0,0,0,-10000,0,0,0,0,10000,-10000,-10000
066751,矽創元大01購03  ,0,0,0,0,0,0,0,0,0,-10000,0,0,0,76000,86000,-10000,-10000
08695P,嘉晶群益01售01  ,0,0,0,0,0,0,0,0,0,-10000,0,0,0,0,10000,-10000,-10000
08580P,臺股指元大9C售28,0,0,0,0,0,0,0,0,0,-10000,0,0,0,0,10000,-10000,-10000
08805P,台積電元富07售04,0,0,0,0,0,0,0,0,0,-10000,0,0,0,0,10000,-10000,-10000
08861P,台積電統一01售10,0,0,0,0,0,0,0,0,0,-10000,0,0,0,0,10000,-10000,-10000
08970P,臺股指元大01售13,0,0,0,0,0,0,0,0,0,-10000,0,0,0,0,10000,-10000,-10000
08950P,臺股指國票01售07,0,0,0,0,0,0,0,0,0,-10000,0,0,0,10000,20000,-10000,-10000
08962P,大立光凱基03售05,0,0,0,0,0,0,0,0,0,-10000,0,0,0,0,10000,-10000,-10000
08898P,台積電群益01售15,0,0,0,0,0,0,0,0,0,-10000,0,0,0,0,10000,-10000,-10000
08883P,台積電國票02售02,0,0,0,0,0,0,0,0,0,-10000,0,0,0,90000,100000,-10000,-10000
1702,南僑            ,41000,51000,-10000,0,0,0,0,0,0,0,0,0,0,0,0,0,-10000
4155,訊映            ,5000,15000,-10000,0,0,0,0,0,0,0,0,0,0,0,0,0,-10000
6206,飛捷            ,8000,18000,-10000,0,0,0,0,0,0,0,0,0,0,0,0,0,-10000
00668,國泰美國道瓊    ,1000,14000,-13000,0,0,0,0,0,0,2912,0,0,0,31000,28088,2912,-10088
4576,大銀微系統      ,10028,21000,-10972,0,0,0,0,0,0,0,0,0,0,0,0,0,-10972
08549P,大立光元大9C售25,0,0,0,0,0,0,0,0,0,-11000,0,0,0,20000,31000,-11000,-11000
07589P,玉晶光國票9A售02,0,0,0,0,0,0,0,0,0,-11000,0,0,0,0,11000,-11000,-11000
069913,世紀鋼麥證02購01,0,0,0,0,11000,-11000,0,0,0,-11000,0,0,0,0,11000,-11000,-11000
069933,奇鋐統一04購01  ,0,0,0,0,0,0,0,0,0,-11000,0,0,0,0,11000,-11000,-11000
069751,華碩中信03購01  ,0,0,0,0,0,0,0,0,0,-11000,0,0,0,33000,44000,-11000,-11000
069713,欣興國票03購05  ,0,0,0,0,0,0,0,0,0,-11000,0,0,0,0,11000,-11000,-11000
068426,道瓊銀凱基05購01,0,0,0,0,0,0,0,0,0,-11000,0,0,0,16000,27000,-11000,-11000
068586,奇力新台新01購01,0,0,0,0,0,0,0,0,0,-11000,0,0,0,0,11000,-11000,-11000
069045,國巨元富08購01  ,0,0,0,0,0,0,0,0,0,-11000,0,0,0,2000,13000,-11000,-11000
0051,元大中型100     ,2000,2000,0,0,0,0,0,0,0,-11000,0,0,0,2000,13000,-11000,-11000
03247P,聯電元富03售02  ,0,0,0,0,0,0,0,0,0,-11000,0,0,0,61000,72000,-11000,-11000
03352P,臺股指麥證02售01,0,0,0,16000,27000,-11000,0,0,0,-11000,0,0,0,16000,27000,-11000,-11000
03109P,台積電元大01售41,0,0,0,0,0,0,0,0,0,-11000,0,0,0,0,11000,-11000,-11000
060763,聯鈞元大9A購03  ,0,0,0,0,0,0,0,0,0,-11000,0,0,0,1000,12000,-11000,-11000
03413P,華擎元大02售02  ,0,0,0,0,0,0,0,0,0,-11000,0,0,0,4000,15000,-11000,-11000
03447P,台積電元大02售29,0,0,0,0,0,0,0,0,0,-11000,0,0,0,0,11000,-11000,-11000
056242,緯創群益9A購01  ,0,0,0,0,0,0,0,0,0,-11000,0,0,0,0,11000,-11000,-11000
061828,T50反1凱基02購01,0,0,0,0,0,0,0,0,0,-11000,0,0,0,0,11000,-11000,-11000
062688,華擎統一01購03  ,0,0,0,0,0,0,0,0,0,-11000,0,0,0,8000,19000,-11000,-11000
064216,矽格凱基01購01  ,0,0,0,0,0,0,0,0,0,-11000,0,0,0,10000,21000,-11000,-11000
064249,聯發科元富06購01,0,0,0,0,0,0,0,0,0,-11000,0,0,0,4000,15000,-11000,-11000
058685,TPK凱基99購01   ,0,0,0,0,0,0,0,0,0,-11000,0,0,0,0,11000,-11000,-11000
058841,深中小群益01購01,0,0,0,0,0,0,0,0,0,-11000,0,0,0,2000,13000,-11000,-11000
062983,緯穎元富9B購01  ,0,0,0,0,0,0,0,0,0,-11000,0,0,0,71000,82000,-11000,-11000
061708,同欣電國票9A購02,0,0,0,0,0,0,0,0,0,-11000,0,0,0,410000,421000,-11000,-11000
062634,玉晶光國票9B購03,0,0,0,0,0,0,0,0,0,-11000,0,0,0,0,11000,-11000,-11000
062361,智邦元大9B購06  ,0,0,0,0,0,0,0,0,0,-11000,0,0,0,29000,40000,-11000,-11000
064967,道瓊銀元大01購01,0,0,0,0,0,0,0,0,0,-11000,0,0,0,1000,12000,-11000,-11000
065046,玉晶光凱基01購03,0,0,0,0,0,0,0,0,0,-11000,0,0,0,30000,41000,-11000,-11000
062040,玉晶光凱基01購01,0,0,0,0,0,0,0,0,0,-11000,0,0,0,16000,27000,-11000,-11000
064699,臻鼎群益9C購01  ,0,0,0,0,0,0,0,0,0,-11000,0,0,0,0,11000,-11000,-11000
064777,南亞科群益9C購01,0,0,0,0,0,0,0,0,0,-11000,0,0,0,0,11000,-11000,-11000
064349,泰鼎元大9C購02  ,0,0,0,0,0,0,0,0,0,-11000,0,0,0,14000,25000,-11000,-11000
063988,華通永豐9C購01  ,0,0,0,0,0,0,0,0,0,-11000,0,0,0,12000,23000,-11000,-11000
064477,南六國泰02購01  ,0,0,0,0,0,0,0,0,0,-11000,0,0,0,174000,185000,-11000,-11000
066857,大立光國票02購02,0,0,0,0,0,0,0,0,0,-11000,0,0,0,330000,341000,-11000,-11000
067027,日月光兆豐03購01,0,0,0,0,0,0,0,0,0,-11000,0,0,0,4000,15000,-11000,-11000
067857,百和國票02購01  ,0,0,0,0,0,0,0,0,0,-11000,0,0,0,23000,34000,-11000,-11000
067292,大立光兆豐01購01,0,0,0,0,0,0,0,0,0,-11000,0,0,0,4000,15000,-11000,-11000
066048,奇鋐元大01購01  ,0,0,0,0,0,0,0,0,0,-11000,0,0,0,0,11000,-11000,-11000
065552,聯發科凱基9C購12,0,0,0,0,0,0,0,0,0,-11000,0,0,0,1000,12000,-11000,-11000
065776,鴻海國泰03購01  ,0,0,0,0,0,0,0,0,0,-11000,0,0,0,0,11000,-11000,-11000
065196,技嘉元富06購01  ,0,0,0,0,0,0,0,0,0,-11000,0,0,0,0,11000,-11000,-11000
065242,巨大凱基01購02  ,0,0,0,0,0,0,0,0,0,-11000,0,0,0,243000,254000,-11000,-11000
3149,正達            ,27000,38000,-11000,0,0,0,0,0,0,0,0,0,0,0,0,0,-11000
8011,台通            ,99000,110000,-11000,0,0,0,0,0,0,0,0,0,0,0,0,0,-11000
1535,中宇            ,1000,12000,-11000,0,0,0,0,0,0,0,0,0,0,0,0,0,-11000
08952P,台積電元富07售08,0,0,0,0,0,0,0,0,0,-11000,0,0,0,0,11000,-11000,-11000
08723P,臺股指元大01售04,0,0,0,0,0,0,0,0,0,-11000,0,0,0,0,11000,-11000,-11000
9944,新麗            ,108000,119000,-11000,0,0,0,0,0,0,0,0,0,0,0,0,0,-11000
069259,台表科凱基02購04,0,0,0,0,0,0,0,0,0,-12000,0,0,0,0,12000,-12000,-12000
068903,帆宣元大02購01  ,0,0,0,0,0,0,0,0,0,-12000,0,0,0,1000,13000,-12000,-12000
068312,鎧勝國票03購01  ,0,0,0,0,0,0,0,0,0,-12000,0,0,0,204000,216000,-12000,-12000
069832,華新科元富04購01,0,0,0,0,0,0,0,0,0,-12000,0,0,0,0,12000,-12000,-12000
069925,臺股指凱基02購16,0,0,0,0,0,0,0,0,0,-12000,0,0,0,0,12000,-12000,-12000
07944P,華新科元大9B售08,0,0,0,0,0,0,0,0,0,-12000,0,0,0,0,12000,-12000,-12000
08411P,技嘉凱基9C售01  ,0,0,0,0,0,0,0,0,0,-12000,0,0,0,0,12000,-12000,-12000
08345P,大立光元大9C售14,0,0,0,0,0,0,0,0,0,-12000,0,0,0,50000,62000,-12000,-12000
057828,緯穎元大99購02  ,0,0,0,0,0,0,0,0,0,-12000,0,0,0,60000,72000,-12000,-12000
062733,巨大凱基9B購01  ,0,0,0,0,0,0,0,0,0,-12000,0,0,0,1000,13000,-12000,-12000
063547,大立光兆豐9B購04,0,0,0,0,0,0,0,0,0,-12000,0,0,0,20000,32000,-12000,-12000
03437P,道瓊銀凱基05售03,0,0,0,0,0,0,0,0,0,-12000,0,0,0,0,12000,-12000,-12000
03400P,滬深2X凱基05售01,0,0,0,0,0,0,0,0,0,-12000,0,0,0,0,12000,-12000,-12000
03486P,欣興永豐02售07  ,0,0,0,0,0,0,0,0,0,-12000,0,0,0,0,12000,-12000,-12000
03224P,鴻海凱基03售06  ,0,0,0,0,0,0,0,0,0,-12000,0,0,0,0,12000,-12000,-12000
063505,奇力新群益9B購03,0,0,0,0,0,0,0,0,0,-12000,0,0,0,73000,85000,-12000,-12000
064039,亞德客統一02購01,0,0,0,0,0,0,0,0,0,-12000,0,0,0,0,12000,-12000,-12000
064314,信邦群益9C購01  ,0,0,0,0,0,0,0,0,0,-12000,0,0,0,0,12000,-12000,-12000
063212,聯發科國票9C購02,0,0,0,0,0,0,0,0,0,-12000,0,0,0,0,12000,-12000,-12000
063293,億豐元大9B購01  ,0,0,0,0,0,0,0,0,0,-12000,0,0,0,0,12000,-12000,-12000
063398,信邦群益9B購02  ,0,0,0,0,0,0,0,0,0,-12000,0,0,0,0,12000,-12000,-12000
064725,緯創統一02購01  ,0,0,0,0,0,0,0,0,0,-12000,0,0,0,0,12000,-12000,-12000
063089,巨大凱基9C購01  ,0,0,0,0,0,0,0,0,0,-12000,0,0,0,0,12000,-12000,-12000
064902,健策群益01購03  ,0,0,0,0,0,0,0,0,0,-12000,0,0,0,74000,86000,-12000,-12000
064889,T50反1群益9C購02,0,0,0,0,0,0,0,0,0,-12000,0,0,0,60000,72000,-12000,-12000
062334,健策統一9B購02  ,0,0,0,0,0,0,0,0,0,-12000,0,0,0,0,12000,-12000,-12000
062500,國巨群益01購01  ,0,0,0,0,0,0,0,0,0,-12000,0,0,0,74000,86000,-12000,-12000
062992,聯發科群益9B購09,0,0,0,0,0,0,0,0,0,-12000,0,0,0,131000,143000,-12000,-12000
065183,和大統一01購03  ,0,0,0,0,0,0,0,0,0,-12000,0,0,0,2000,14000,-12000,-12000
065337,華通統一01購03  ,0,0,0,0,0,0,0,0,0,-12000,0,0,0,18000,30000,-12000,-12000
065471,和大元大9C購05  ,0,0,0,0,0,0,0,0,0,-12000,0,0,0,28000,40000,-12000,-12000
065397,宏達電群益9C購03,0,0,0,0,0,0,0,0,0,-12000,0,0,0,26000,38000,-12000,-12000
065944,大成鋼統一02購01,0,0,0,0,0,0,0,0,0,-12000,0,0,0,0,12000,-12000,-12000
066256,華通元大02購02  ,0,0,0,0,0,0,0,0,0,-12000,0,0,0,164000,176000,-12000,-12000
066494,旺宏國泰03購01  ,0,0,0,0,0,0,0,0,0,-12000,0,0,0,20000,32000,-12000,-12000
067538,晶技群益01購02  ,0,0,0,0,0,0,0,0,0,-12000,0,0,0,1000,13000,-12000,-12000
067786,緯創群益04購01  ,0,0,0,0,0,0,0,0,0,-12000,0,0,0,0,12000,-12000,-12000
067725,旭富凱基01購03  ,0,0,0,0,0,0,0,0,0,-12000,0,0,0,0,12000,-12000,-12000
067752,臺股指元大01購16,0,0,0,0,0,0,0,0,0,-12000,0,0,0,0,12000,-12000,-12000
067102,聯發科群益01購03,0,0,0,0,0,0,0,0,0,-12000,0,0,0,61000,73000,-12000,-12000
067241,信邦群益01購01  ,0,0,0,0,0,0,0,0,0,-12000,0,0,0,0,12000,-12000,-12000
08749P,鴻海台新01售02  ,0,0,0,0,0,0,0,0,0,-12000,0,0,0,36000,48000,-12000,-12000
08958P,鴻海凱基01售08  ,0,0,0,0,0,0,0,0,0,-12000,0,0,0,59000,71000,-12000,-12000
1733,五鼎            ,31000,44000,-13000,0,0,0,0,0,0,1000,3000,2000,1000,0,0,0,-12000
6142,友勁            ,24000,36000,-12000,0,0,0,0,0,0,0,0,0,0,0,0,0,-12000
2748,雲品            ,7000,19000,-12000,0,0,0,0,0,0,0,0,0,0,0,0,0,-12000
2415,錩新            ,7000,19000,-12000,0,0,0,0,0,0,0,0,0,0,0,0,0,-12000
08037P,台表科群益9B售02,0,0,0,0,0,0,0,0,0,-13000,0,0,0,10000,23000,-13000,-13000
069828,裕隆元富08購01  ,0,0,0,0,0,0,0,0,0,-13000,0,0,0,5000,18000,-13000,-13000
069830,華新科元富02購01,0,0,0,0,0,0,0,0,0,-13000,0,0,0,0,13000,-13000,-13000
069417,玉晶光統一03購05,0,0,0,0,0,0,0,0,0,-13000,0,0,0,0,13000,-13000,-13000
068076,欣興凱基01購05  ,0,0,0,0,0,0,0,0,0,-13000,0,0,0,7000,20000,-13000,-13000
067976,訊連群益01購01  ,0,0,0,0,0,0,0,0,0,-13000,0,0,0,225000,238000,-13000,-13000
069209,晶技元大02購02  ,0,0,0,0,0,0,0,0,0,-13000,0,0,0,4000,17000,-13000,-13000
069137,光磊永豐02購01  ,0,0,0,0,0,0,0,0,0,-13000,0,0,0,109000,122000,-13000,-13000
069038,聯鈞統一02購02  ,0,0,0,0,0,0,0,0,0,-13000,0,0,0,108000,121000,-13000,-13000
069026,聯陽國票03購01  ,0,0,0,0,0,0,0,0,0,-13000,0,0,0,6000,19000,-13000,-13000
020000,富邦特選蘋果N   ,0,0,0,0,0,0,0,0,0,-13000,0,0,0,0,13000,-13000,-13000
03046P,緯穎國票03售01  ,0,0,0,0,0,0,0,0,0,-13000,0,0,0,23000,36000,-13000,-13000
057658,玉晶光兆豐99購02,0,0,0,0,0,0,0,0,0,-13000,0,0,0,13000,26000,-13000,-13000
059469,智邦元大99購03  ,0,0,0,0,0,0,0,0,0,-13000,0,0,0,0,13000,-13000,-13000
063532,GIS凱基9B購03   ,0,0,0,0,0,0,0,0,0,-13000,0,0,0,32000,45000,-13000,-13000
058588,致茂中信9B購01  ,0,0,0,0,0,0,0,0,0,-13000,0,0,0,10000,23000,-13000,-13000
058488,華擎國票9A購01  ,0,0,0,0,0,0,0,0,0,-13000,0,0,0,0,13000,-13000,-13000
061127,美食永豐9A購01  ,0,0,0,0,0,0,0,0,0,-13000,0,0,0,70000,83000,-13000,-13000
058127,FBVIX元大9C購01 ,0,0,0,0,0,0,0,0,0,-13000,0,0,0,0,13000,-13000,-13000
060607,玉晶光凱基9A購06,0,0,0,0,0,0,0,0,0,-13000,0,0,0,3000,16000,-13000,-13000
059075,FBVIX元大99購01 ,0,0,0,0,0,0,0,0,0,-13000,0,0,0,0,13000,-13000,-13000
061689,國巨群益9A購12  ,0,0,0,0,0,0,0,0,0,-13000,0,0,0,28000,41000,-13000,-13000
064901,牧德群益9C購01  ,0,0,0,0,0,0,0,0,0,-13000,0,0,0,0,13000,-13000,-13000
064860,聯發科富邦03購01,0,0,0,0,0,0,0,0,0,-13000,0,0,0,110000,123000,-13000,-13000
063389,大立光兆豐9C購02,0,0,0,0,0,0,0,0,0,-13000,0,0,0,0,13000,-13000,-13000
063364,聯發科富邦01購02,0,0,0,0,0,0,0,0,0,-13000,0,0,0,0,13000,-13000,-13000
063652,國泰金台新9B購01,0,0,0,0,0,0,0,0,0,-13000,0,0,0,0,13000,-13000,-13000
064345,創意元大9C購03  ,0,0,0,0,0,0,0,0,0,-13000,0,0,0,1000,14000,-13000,-13000
064177,立積國泰01購01  ,0,0,0,0,0,0,0,0,0,-13000,0,0,0,1000,14000,-13000,-13000
067407,南六永豐01購03  ,0,0,0,0,0,0,0,0,0,-13000,0,0,0,47000,60000,-13000,-13000
066552,大立光元大01購08,0,0,0,0,0,0,0,0,0,-13000,0,0,0,100000,113000,-13000,-13000
066268,宏達電元大01購02,0,0,0,0,0,0,0,0,0,-13000,0,0,0,13000,26000,-13000,-13000
066025,宏達電群益01購01,0,0,0,0,0,0,0,0,0,-13000,0,0,0,23000,36000,-13000,-13000
066091,南電永豐01購01  ,0,0,0,0,0,0,0,0,0,-13000,0,0,0,0,13000,-13000,-13000
065323,聯發科凱基9C購09,0,0,0,0,0,0,0,0,0,-13000,0,0,0,0,13000,-13000,-13000
065847,嘉晶元大9C購03  ,0,0,0,0,0,0,0,0,0,-13000,0,0,0,157000,170000,-13000,-13000
065859,GIS元大9C購10   ,0,0,0,0,0,0,0,0,0,-13000,0,0,0,33000,46000,-13000,-13000
2467,志聖            ,33000,46000,-13000,0,0,0,0,0,0,0,0,0,0,0,0,0,-13000
2838A,聯邦銀甲特      ,0,0,0,0,0,0,0,0,0,-13000,2000,15000,-13000,0,0,0,-13000
2836,高雄銀          ,108000,121000,-13000,0,0,0,0,0,0,0,0,0,0,0,0,0,-13000
068878,智易凱基02購01  ,0,0,0,0,0,0,0,0,0,-14000,0,0,0,22000,36000,-14000,-14000
068844,台積電統一02購11,0,0,0,0,0,0,0,0,0,-14000,0,0,0,0,14000,-14000,-14000
068551,台灣50元大01購37,0,0,0,0,0,0,0,0,0,-14000,0,0,0,3000,17000,-14000,-14000
069938,國產元富02購01  ,0,0,0,0,0,0,0,0,0,-14000,0,0,0,0,14000,-14000,-14000
08487P,同欣電群益01售01,0,0,0,0,0,0,0,0,0,-14000,0,0,0,40000,54000,-14000,-14000
059078,FBVIX元大99購06 ,0,0,0,0,0,0,0,0,0,-14000,0,0,0,0,14000,-14000,-14000
059008,鈺齊元大99購03  ,0,0,0,0,0,0,0,0,0,-14000,0,0,0,21000,35000,-14000,-14000
060881,玉山金中信02購01,0,0,0,0,0,0,0,0,0,-14000,0,0,0,20000,34000,-14000,-14000
060019,彰銀康和99購01  ,0,0,0,0,0,0,0,0,0,-14000,0,0,0,38000,52000,-14000,-14000
064270,華通元大9C購03  ,0,0,0,0,0,0,0,0,0,-14000,0,0,0,10000,24000,-14000,-14000
063579,GIS元大9C購01   ,0,0,0,0,0,0,0,0,0,-14000,0,0,0,0,14000,-14000,-14000
057411,臺股指群益99購05,0,0,0,0,0,0,0,0,0,-14000,0,0,0,0,14000,-14000,-14000
03174P,台積電國票01售12,0,0,0,0,0,0,0,0,0,-14000,0,0,0,10000,24000,-14000,-14000
03232P,國巨元大02售06  ,0,0,0,0,0,0,0,0,0,-14000,0,0,0,0,14000,-14000,-14000
062760,漢唐凱基9B購01  ,0,0,0,0,0,0,0,0,0,-14000,0,0,0,27000,41000,-14000,-14000
064020,華通元大01購01  ,0,0,0,0,0,0,0,0,0,-14000,0,0,0,21000,35000,-14000,-14000
063262,南六富邦9C購01  ,0,0,0,0,0,0,0,0,0,-14000,0,0,0,97000,111000,-14000,-14000
061288,大立光統一9C購01,0,0,0,0,0,0,0,0,0,-14000,0,0,0,0,14000,-14000,-14000
06485P,玉晶光群益9A售02,0,0,0,0,0,0,0,0,0,-14000,0,0,0,17000,31000,-14000,-14000
064807,義隆元大9C購03  ,0,0,0,0,0,0,0,0,0,-14000,0,0,0,11000,25000,-14000,-14000
064921,景碩統一02購01  ,0,0,0,0,0,0,0,0,0,-14000,0,0,0,21000,35000,-14000,-14000
061683,台灣50群益9B購09,0,0,0,0,0,0,0,0,0,-14000,0,0,0,28000,42000,-14000,-14000
061946,鴻海群益9B購03  ,0,0,0,0,0,0,0,0,0,-14000,0,0,0,10000,24000,-14000,-14000
062302,聯詠中信05購02  ,0,0,0,0,0,0,0,0,0,-14000,0,0,0,10000,24000,-14000,-14000
065840,國巨元大03購01  ,0,0,0,0,0,0,0,0,0,-14000,0,0,0,20000,34000,-14000,-14000
065167,華通元大02購01  ,0,0,0,0,0,0,0,0,0,-14000,0,0,0,60000,74000,-14000,-14000
065929,TPK國票02購01   ,0,0,0,0,0,0,0,0,0,-14000,0,0,0,25000,39000,-14000,-14000
067498,臻鼎元大01購03  ,0,0,0,0,0,0,0,0,0,-14000,0,0,0,26000,40000,-14000,-14000
067645,樺漢統一02購01  ,0,0,0,0,0,0,0,0,0,-14000,0,0,0,11000,25000,-14000,-14000
067931,旺宏凱基01購05  ,0,0,0,0,0,0,0,0,0,-14000,0,0,0,0,14000,-14000,-14000
066909,義隆凱基01購04  ,0,0,0,0,0,0,0,0,0,-14000,0,0,0,16000,30000,-14000,-14000
066572,台郡元大01購02  ,0,0,0,0,0,0,0,0,0,-14000,0,0,0,6000,20000,-14000,-14000
6226,光鼎            ,8000,22000,-14000,0,0,0,0,0,0,0,0,0,0,0,0,0,-14000
2108,南帝            ,532000,299000,233000,0,0,0,0,0,0,-247000,4000,2000,2000,0,249000,-249000,-14000
08676P,泰碩群益04售01  ,0,0,0,0,0,0,0,0,0,-14000,0,0,0,10000,24000,-14000,-14000
2207,和泰車          ,149000,163220,-14220,0,0,0,0,0,0,0,0,0,0,0,0,0,-14220
08173P,金像電凱基9B售02,0,0,0,0,0,0,0,0,0,-15000,0,0,0,10000,25000,-15000,-15000
08111P,臺股指中信01售06,0,0,0,0,0,0,0,0,0,-15000,0,0,0,45000,60000,-15000,-15000
069957,中租永豐02購01  ,0,0,0,0,0,0,0,0,0,-15000,0,0,0,0,15000,-15000,-15000
069896,台積電元大02購35,0,0,0,0,0,0,0,0,0,-15000,0,0,0,0,15000,-15000,-15000
069272,華通永豐02購01  ,0,0,0,0,0,0,0,0,0,-15000,0,0,0,0,15000,-15000,-15000
068311,牧德國票03購02  ,0,0,0,0,0,0,0,0,0,-15000,0,0,0,10000,25000,-15000,-15000
068203,玉晶光凱基03購03,0,0,0,0,0,0,0,0,0,-15000,0,0,0,16000,31000,-15000,-15000
068912,聯發科群益02購10,0,0,0,0,0,0,0,0,0,-15000,0,0,0,0,15000,-15000,-15000
068640,緯創凱基03購01  ,0,0,0,0,0,0,0,0,0,-15000,0,0,0,5000,20000,-15000,-15000
068650,神隆元大02購02  ,0,0,0,0,0,0,0,0,0,-15000,0,0,0,13000,28000,-15000,-15000
069091,長興統一05購01  ,0,0,0,0,0,0,0,0,0,-15000,0,0,0,0,15000,-15000,-15000
069252,欣興凱基02購06  ,0,0,0,0,0,0,0,0,0,-15000,0,0,0,94000,109000,-15000,-15000
069228,玉晶光群益03購02,0,0,0,0,0,0,0,0,0,-15000,0,0,0,3000,18000,-15000,-15000
03293P,和碩元大02售01  ,0,0,0,0,0,0,0,0,0,-15000,0,0,0,0,15000,-15000,-15000
03290P,亞德客元大02售01,0,0,0,0,0,0,0,0,0,-15000,0,0,0,123000,138000,-15000,-15000
03055P,台積電康和01售02,0,0,0,0,0,0,0,0,0,-15000,0,0,0,0,15000,-15000,-15000
03130P,滬深2X元富07售01,0,0,0,0,0,0,0,0,0,-15000,0,0,0,0,15000,-15000,-15000
057407,超眾群益99購01  ,0,0,0,0,0,0,0,0,0,-15000,0,0,0,0,15000,-15000,-15000
060736,旺宏統一01購01  ,0,0,0,0,0,0,0,0,0,-15000,0,0,0,0,15000,-15000,-15000
059334,A50正2國票9A購02,0,0,0,0,0,0,0,0,0,-15000,0,0,0,0,15000,-15000,-15000
055749,智邦永昌9C購01  ,0,0,0,0,0,0,0,0,0,-15000,0,0,0,0,15000,-15000,-15000
064215,康控凱基02購01  ,0,0,0,0,0,0,0,0,0,-15000,0,0,0,267000,282000,-15000,-15000
059781,A50正2元大9C購03,0,0,0,0,0,0,0,0,0,-15000,0,0,0,20000,35000,-15000,-15000
061048,國巨中信9A購05  ,0,0,0,0,0,0,0,0,0,-15000,0,0,0,36000,51000,-15000,-15000
059872,華新科凱基01購01,0,0,0,0,0,0,0,0,0,-15000,0,0,0,1000,16000,-15000,-15000
059604,臺股指元大9A購41,0,0,0,0,0,0,0,0,0,-15000,0,0,0,0,15000,-15000,-15000
060652,滬深2X群益9C購04,0,0,0,0,0,0,0,0,0,-15000,0,0,0,0,15000,-15000,-15000
062313,聯詠凱基9C購01  ,0,0,0,0,0,0,0,0,0,-15000,0,0,0,0,15000,-15000,-15000
062661,華通群益9B購05  ,0,0,0,0,0,0,0,0,0,-15000,0,0,0,0,15000,-15000,-15000
062987,祥碩中信01購01  ,0,0,0,0,0,0,0,0,0,-15000,0,0,0,0,15000,-15000,-15000
064960,世紀鋼凱基03購01,0,0,0,0,0,0,0,0,0,-15000,0,0,0,168000,183000,-15000,-15000
063096,勤誠國票9B購02  ,0,0,0,0,0,0,0,0,0,-15000,0,0,0,0,15000,-15000,-15000
063850,玉晶光元大9C購07,0,0,0,0,0,0,0,0,0,-15000,0,0,0,51000,66000,-15000,-15000
064458,玉晶光統一01購09,0,0,0,0,0,0,0,0,0,-15000,0,0,0,8000,23000,-15000,-15000
062883,智易兆豐9C購01  ,0,0,0,0,0,0,0,0,0,-15000,0,0,0,17000,32000,-15000,-15000
063610,儒鴻群益9B購02  ,0,0,0,0,0,0,0,0,0,-15000,0,0,0,5000,20000,-15000,-15000
064147,瑞昱統一01購04  ,0,0,0,0,0,0,0,0,0,-15000,0,0,0,0,15000,-15000,-15000
067230,國巨群益01購05  ,0,0,0,0,0,0,0,0,0,-15000,0,0,0,18000,33000,-15000,-15000
067179,健策康和01購01  ,0,0,0,0,0,0,0,0,0,-15000,0,0,0,43000,58000,-15000,-15000
067104,聯發科群益01購05,0,0,0,0,0,0,0,0,0,-15000,0,0,0,38000,53000,-15000,-15000
067038,滬深2X凱基04購02,0,0,0,0,0,0,0,0,0,-15000,0,0,0,10000,25000,-15000,-15000
067814,緯創凱基01購02  ,0,0,0,0,0,0,0,0,0,-15000,0,0,0,0,15000,-15000,-15000
066036,神隆元大02購01  ,0,0,0,0,0,0,0,0,0,-15000,0,0,0,8000,23000,-15000,-15000
066145,昇陽半群益01購01,0,0,0,0,0,0,0,0,0,-15000,0,0,0,0,15000,-15000,-15000
066333,晶華永豐01購01  ,0,0,0,0,0,0,0,0,0,-15000,0,0,0,20000,35000,-15000,-15000
065220,義隆富邦01購02  ,0,0,0,0,0,0,0,0,0,-15000,0,0,0,52000,67000,-15000,-15000
065811,億豐群益9C購01  ,0,0,0,0,0,0,0,0,0,-15000,0,0,0,66000,81000,-15000,-15000
065665,鴻海凱基9C購04  ,0,0,0,0,0,0,0,0,0,-15000,0,0,0,10000,25000,-15000,-15000
2305,全友            ,5000,23000,-18000,0,0,0,0,0,0,3000,3000,0,3000,0,0,0,-15000
1321,大洋            ,53000,74000,-21000,0,0,0,0,0,0,6000,6000,0,6000,0,0,0,-15000
08706P,台積電統一02售04,0,0,0,0,0,0,0,0,0,-15000,0,0,0,0,15000,-15000,-15000
08740P,創意康和01售03  ,0,0,0,0,0,0,0,0,0,-15000,0,0,0,0,15000,-15000,-15000
08941P,臺股指中信04售04,0,0,0,0,0,0,0,0,0,-15000,0,0,0,5000,20000,-15000,-15000
08833P,緯穎群益01售03  ,0,0,0,0,0,0,0,0,0,-15000,0,0,0,0,15000,-15000,-15000
6024,群益期          ,12000,27000,-15000,0,0,0,0,0,0,0,0,0,0,0,0,0,-15000
3266,昇陽            ,4000,16000,-12000,0,0,0,0,0,0,-3000,0,3000,-3000,0,0,0,-15000
3090,日電貿          ,140000,152350,-12350,0,0,0,0,0,0,-3000,1000,0,1000,0,4000,-4000,-15350
068643,GIS凱基02購05   ,0,0,0,0,0,0,0,0,0,-16000,0,0,0,15000,31000,-16000,-16000
068760,精元永豐02購01  ,0,0,0,0,0,0,0,0,0,-16000,0,0,0,25000,41000,-16000,-16000
068822,欣興元大02購04  ,0,0,0,0,0,0,0,0,0,-16000,0,0,0,3000,19000,-16000,-16000
067970,玉晶光群益02購20,0,0,0,0,0,0,0,0,0,-16000,0,0,0,14000,30000,-16000,-16000
068365,大立光國泰03購06,0,0,0,0,0,0,0,0,0,-16000,0,0,0,146000,162000,-16000,-16000
069304,台達電凱基02購03,0,0,0,0,0,0,0,0,0,-16000,0,0,0,54000,70000,-16000,-16000
069512,金像電凱基03購01,0,0,0,0,0,0,0,0,0,-16000,0,0,0,0,16000,-16000,-16000
069509,道瓊銀凱基04購02,0,0,0,0,0,0,0,0,0,-16000,0,0,0,70000,86000,-16000,-16000
069774,欣興元大02購14  ,0,0,0,0,0,0,0,0,0,-16000,0,0,0,25000,41000,-16000,-16000
08193P,同欣電國票9C售02,0,0,0,0,0,0,0,0,0,-16000,0,0,0,0,16000,-16000,-16000
08399P,技嘉元富9C售02  ,0,0,0,0,0,0,0,0,0,-16000,0,0,0,0,16000,-16000,-16000
03214P,技嘉群益02售02  ,0,0,0,0,0,0,0,0,0,-16000,0,0,0,37000,53000,-16000,-16000
063310,和大群益9B購02  ,0,0,0,0,0,0,0,0,0,-16000,0,0,0,31000,47000,-16000,-16000
061387,鴻海群益9A購05  ,0,0,0,0,0,0,0,0,0,-16000,0,0,0,25000,41000,-16000,-16000
061477,晶豪科元大9A購01,0,0,0,0,0,0,0,0,0,-16000,0,0,0,40000,56000,-16000,-16000
063104,大立光群益9C購02,0,0,0,0,0,0,0,0,0,-16000,0,0,0,0,16000,-16000,-16000
062528,全新統一9C購01  ,0,0,0,0,0,0,0,0,0,-16000,0,0,0,0,16000,-16000,-16000
062409,巨大永豐9B購02  ,0,0,0,0,0,0,0,0,0,-16000,0,0,0,77000,93000,-16000,-16000
065695,友訊群益01購02  ,0,0,0,0,0,0,0,0,0,-16000,0,0,0,13000,29000,-16000,-16000
065578,台郡群益9C購02  ,0,0,0,0,0,0,0,0,0,-16000,0,0,0,0,16000,-16000,-16000
065792,TPK永豐9C購02   ,0,0,0,0,0,0,0,0,0,-16000,0,0,0,0,16000,-16000,-16000
065832,貿聯凱基02購03  ,0,0,0,0,0,0,0,0,0,-16000,0,0,0,225000,241000,-16000,-16000
065317,上銀凱基9C購03  ,0,0,0,0,0,0,0,0,0,-16000,0,0,0,246000,262000,-16000,-16000
06633P,國巨國票99售01  ,0,0,0,0,0,0,0,0,0,-16000,0,0,0,0,16000,-16000,-16000
066410,潤泰新凱基01購01,0,0,0,0,0,0,0,0,0,-16000,0,0,0,0,16000,-16000,-16000
067280,國巨第一01購01  ,0,0,0,0,0,0,0,0,0,-16000,0,0,0,80000,96000,-16000,-16000
066866,滬深2X元富01購03,0,0,0,0,0,0,0,0,0,-16000,0,0,0,10000,26000,-16000,-16000
3010,華立            ,90000,106000,-16000,0,0,0,0,0,0,0,0,0,0,0,0,0,-16000
08743P,群創凱基01售04  ,0,0,0,0,0,0,0,0,0,-16000,0,0,0,0,16000,-16000,-16000
08645P,臺股指中信03售01,0,0,0,0,0,0,0,0,0,-16000,0,0,0,10000,26000,-16000,-16000
1708,東鹼            ,15000,11000,4000,0,0,0,0,0,0,-20000,0,20000,-20000,0,0,0,-16000
8442,威宏-KY         ,0,1000,-1000,0,0,0,0,0,0,-15000,0,15000,-15000,0,0,0,-16000
08424P,群創元富9C售03  ,0,0,0,0,0,0,0,0,0,-17000,0,0,0,0,17000,-17000,-17000
08053P,臺股指國票9B售18,0,0,0,0,0,0,0,0,0,-17000,0,0,0,61000,78000,-17000,-17000
06959P,鴻海凱基9A售02  ,0,0,0,0,0,0,0,0,0,-17000,0,0,0,0,17000,-17000,-17000
069550,義隆元大02購03  ,0,0,0,0,0,0,0,0,0,-17000,0,0,0,18000,35000,-17000,-17000
069269,帆宣兆豐03購02  ,0,0,0,0,0,0,0,0,0,-17000,0,0,0,23000,40000,-17000,-17000
068272,華新科永豐01購02,0,0,0,0,0,0,0,0,0,-17000,0,0,0,4000,21000,-17000,-17000
068831,台積電國泰06購01,0,0,0,0,0,0,0,0,0,-17000,0,0,0,1000,18000,-17000,-17000
069043,上銀元富08購01  ,0,0,0,0,0,0,0,0,0,-17000,0,0,0,966000,983000,-17000,-17000
03155P,玉晶光群益01售08,0,0,0,0,0,0,0,0,0,-17000,0,0,0,6000,23000,-17000,-17000
03094P,台達電凱基01售04,0,0,0,0,0,0,0,0,0,-17000,0,0,0,38000,55000,-17000,-17000
020002,元富新中國N     ,0,0,0,0,0,0,0,0,0,-17000,0,0,0,108000,125000,-17000,-17000
060633,玉晶光富邦02購01,0,0,0,0,0,0,0,0,0,-17000,0,0,0,0,17000,-17000,-17000
061052,和大群益9A購01  ,0,0,0,0,0,0,0,0,0,-17000,0,0,0,3000,20000,-17000,-17000
061087,國巨統一01購04  ,0,0,0,0,0,0,0,0,0,-17000,0,0,0,0,17000,-17000,-17000
061594,玉晶光永豐9A購08,0,0,0,0,0,0,0,0,0,-17000,0,0,0,31000,48000,-17000,-17000
063085,嘉澤凱基9C購01  ,0,0,0,0,0,0,0,0,0,-17000,0,0,0,0,17000,-17000,-17000
063737,大立光元大9C購07,0,0,0,0,0,0,0,0,0,-17000,0,0,0,47000,64000,-17000,-17000
061896,景碩永豐9B購01  ,0,0,0,0,0,0,0,0,0,-17000,0,0,0,0,17000,-17000,-17000
062836,同欣電群益9B購02,0,0,0,0,0,0,0,0,0,-17000,0,0,0,66000,83000,-17000,-17000
066950,義隆元大01購03  ,0,0,0,0,0,0,0,0,0,-17000,0,0,0,129000,146000,-17000,-17000
067349,中化群益02購01  ,0,0,0,0,0,0,0,0,0,-17000,0,0,0,30000,47000,-17000,-17000
067534,億光群益01購01  ,0,0,0,0,0,0,0,0,0,-17000,0,0,0,7000,24000,-17000,-17000
066428,健策元大02購02  ,0,0,0,0,0,0,0,0,0,-17000,0,0,0,40000,57000,-17000,-17000
2440,太空梭          ,1000,18000,-17000,0,0,0,0,0,0,0,0,0,0,0,0,0,-17000
3312,弘憶股          ,15000,33000,-18000,0,0,0,0,0,0,1000,1000,0,1000,0,0,0,-17000
069138,佳世達永豐02購01,0,0,0,0,0,0,0,0,0,-18000,0,0,0,25000,43000,-18000,-18000
068834,大立光國泰08購01,0,0,0,0,0,0,0,0,0,-18000,0,0,0,76000,94000,-18000,-18000
068931,聯發科永豐02購01,0,0,0,0,0,0,0,0,0,-18000,0,0,0,0,18000,-18000,-18000
08017P,華新科國票9B售01,0,0,0,0,0,0,0,0,0,-18000,0,0,0,0,18000,-18000,-18000
058891,元油2X元大9C購07,0,0,0,0,0,0,0,0,0,-18000,0,0,0,0,18000,-18000,-18000
060099,宏達電元大99購09,0,0,0,0,0,0,0,0,0,-18000,0,0,0,22000,40000,-18000,-18000
03028P,玉晶光元大01售11,0,0,0,0,0,0,0,0,0,-18000,0,0,0,20000,38000,-18000,-18000
03152P,聯發科群益01售15,0,0,0,0,0,0,0,0,0,-18000,0,0,0,46000,64000,-18000,-18000
064097,友訊群益9C購01  ,0,0,0,0,0,0,0,0,0,-18000,0,0,0,1000,19000,-18000,-18000
063377,泰鼎永豐9B購03  ,0,0,0,0,0,0,0,0,0,-18000,0,0,0,0,18000,-18000,-18000
063215,台表科國票9C購02,0,0,0,0,0,0,0,0,0,-18000,0,0,0,0,18000,-18000,-18000
061378,南六永豐9A購03  ,0,0,0,0,0,0,0,0,0,-18000,0,0,0,40000,58000,-18000,-18000
063082,瑞昱凱基9B購04  ,0,0,0,0,0,0,0,0,0,-18000,0,0,0,0,18000,-18000,-18000
063073,瑞昱永豐9B購01  ,0,0,0,0,0,0,0,0,0,-18000,0,0,0,24000,42000,-18000,-18000
064536,富邦金國票01購01,0,0,0,0,0,0,0,0,0,-18000,0,0,0,52000,70000,-18000,-18000
062499,鴻海群益01購01  ,0,0,0,0,0,0,0,0,0,-18000,0,0,0,100000,118000,-18000,-18000
062289,緯穎群益9B購01  ,0,0,0,0,0,0,0,0,0,-18000,0,0,0,30000,48000,-18000,-18000
062553,台積電凱基9B購07,0,0,0,0,0,0,0,0,0,-18000,0,0,0,1000,19000,-18000,-18000
064600,技嘉元富9C購01  ,0,0,0,0,0,0,0,0,0,-18000,0,0,0,0,18000,-18000,-18000
066106,台郡國票02購01  ,0,0,0,0,0,0,0,0,0,-18000,0,0,0,0,18000,-18000,-18000
066015,健策元富01購01  ,0,0,0,0,0,0,0,0,0,-18000,0,0,0,75000,93000,-18000,-18000
065908,聯發科永豐9C購04,0,0,0,0,0,0,0,0,0,-18000,0,0,0,0,18000,-18000,-18000
067912,上証2X永豐01購03,0,0,0,0,0,0,0,0,0,-18000,0,0,0,0,18000,-18000,-18000
08674P,嘉晶元富07售02  ,0,0,0,0,0,0,0,0,0,-18000,0,0,0,0,18000,-18000,-18000
08836P,滬深2X國票02售04,0,0,0,0,0,0,0,0,0,-18000,0,0,0,10000,28000,-18000,-18000
3702,大聯大          ,798000,851695,-53695,0,0,0,0,0,0,35000,61000,4000,57000,6000,28000,-22000,-18695
08395P,燿華永豐9C售02  ,0,0,0,0,0,0,0,0,0,-19000,0,0,0,0,19000,-19000,-19000
08241P,微星中信06售01  ,0,0,0,0,0,0,0,0,0,-19000,0,0,0,0,19000,-19000,-19000
08360P,國巨國泰02售01  ,0,0,0,0,0,0,0,0,0,-19000,0,0,0,80000,99000,-19000,-19000
069560,玉晶光麥證02購01,0,0,0,6000,25000,-19000,0,0,0,-19000,0,0,0,12000,31000,-19000,-19000
06999P,玉晶光國票9B售01,0,0,0,0,0,0,0,0,0,-19000,0,0,0,1000,20000,-19000,-19000
069064,友達麥證02購01  ,0,0,0,0,19000,-19000,0,0,0,-19000,0,0,0,0,19000,-19000,-19000
03115P,玉晶光第一01售01,0,0,0,0,0,0,0,0,0,-19000,0,0,0,69000,88000,-19000,-19000
03254P,台積電國泰03售09,0,0,0,0,0,0,0,0,0,-19000,0,0,0,0,19000,-19000,-19000
055652,聯詠元富01購01  ,0,0,0,0,0,0,0,0,0,-19000,0,0,0,195000,214000,-19000,-19000
060344,聯發科統一01購01,0,0,0,0,0,0,0,0,0,-19000,0,0,0,0,19000,-19000,-19000
061137,晶技統一9B購01  ,0,0,0,0,0,0,0,0,0,-19000,0,0,0,111000,130000,-19000,-19000
064228,同欣電國票01購01,0,0,0,0,0,0,0,0,0,-19000,0,0,0,35000,54000,-19000,-19000
063546,國巨兆豐9C購03  ,0,0,0,0,0,0,0,0,0,-19000,0,0,0,1000,20000,-19000,-19000
062514,玉晶光國票9C購02,0,0,0,0,0,0,0,0,0,-19000,0,0,0,0,19000,-19000,-19000
061686,SP黃豆群益9A購04,0,0,0,0,0,0,0,0,0,-19000,0,0,0,1000,20000,-19000,-19000
064502,大立光元大9C購19,0,0,0,0,0,0,0,0,0,-19000,0,0,0,0,19000,-19000,-19000
066837,樺漢群益01購02  ,0,0,0,0,0,0,0,0,0,-19000,0,0,0,59000,78000,-19000,-19000
066701,京元電群益01購02,10000,0,10000,0,0,0,0,0,0,-29000,0,0,0,0,29000,-29000,-19000
066308,中化永豐01購01  ,0,0,0,0,0,0,0,0,0,-19000,0,0,0,10000,29000,-19000,-19000
065761,中租元大9C購02  ,0,0,0,0,0,0,0,0,0,-19000,0,0,0,130000,149000,-19000,-19000
1903,士紙            ,36000,55000,-19000,0,0,0,0,0,0,0,0,0,0,0,0,0,-19000
8072,陞泰            ,1000,21000,-20000,0,0,0,0,0,0,1000,1000,0,1000,0,0,0,-19000
069116,金像電群益02購02,0,0,0,0,0,0,0,0,0,-20000,0,0,0,0,20000,-20000,-20000
068268,旺宏永豐01購01  ,0,0,0,0,0,0,0,0,0,-20000,0,0,0,0,20000,-20000,-20000
067969,玉晶光群益02購19,0,0,0,0,0,0,0,0,0,-20000,0,0,0,7000,27000,-20000,-20000
068350,鴻海凱基03購05  ,0,0,0,0,0,0,0,0,0,-20000,0,0,0,40000,60000,-20000,-20000
068438,大立光凱基01購11,0,0,0,0,0,0,0,0,0,-20000,0,0,0,0,20000,-20000,-20000
07028P,大立光群益99售06,0,0,0,0,0,0,0,0,0,-20000,0,0,0,0,20000,-20000,-20000
069755,華通兆豐03購01  ,0,0,0,0,0,0,0,0,0,-20000,0,0,0,10000,30000,-20000,-20000
069768,台積電元大03購06,0,0,0,0,0,0,0,0,0,-20000,0,0,0,10000,30000,-20000,-20000
069809,興勤國票03購01  ,0,0,0,0,0,0,0,0,0,-20000,0,0,0,0,20000,-20000,-20000
069469,華擎國票03購01  ,0,0,0,0,0,0,0,0,0,-20000,0,0,0,63000,83000,-20000,-20000
069290,玉晶光第一02購01,0,0,0,0,0,0,0,0,0,-20000,0,0,0,0,20000,-20000,-20000
069370,SP黃豆元大03購02,0,0,0,0,0,0,0,0,0,-20000,0,0,0,2000,22000,-20000,-20000
08365P,貿聯凱基9C售01  ,0,0,0,0,0,0,0,0,0,-20000,0,0,0,13000,33000,-20000,-20000
08286P,大立光凱基9C售04,0,0,0,0,0,0,0,0,0,-20000,0,0,0,0,20000,-20000,-20000
08220P,華邦電凱基9B售02,0,0,0,0,0,0,0,0,0,-20000,0,0,0,0,20000,-20000,-20000
08209P,上銀元富9B售06  ,0,0,0,0,0,0,0,0,0,-20000,0,0,0,0,20000,-20000,-20000
08275P,南亞科元富9C售01,0,0,0,0,0,0,0,0,0,-20000,0,0,0,50000,70000,-20000,-20000
08244P,同欣電凱基9C售03,0,0,0,0,0,0,0,0,0,-20000,0,0,0,0,20000,-20000,-20000
08161P,台表科元富9B售02,0,0,0,0,0,0,0,0,0,-20000,0,0,0,0,20000,-20000,-20000
08409P,臺股指元大9C售15,0,0,0,0,0,0,0,0,0,-20000,0,0,0,0,20000,-20000,-20000
08458P,南電元大9C售04  ,0,0,0,0,0,0,0,0,0,-20000,0,0,0,110000,130000,-20000,-20000
08567P,台勝科群益9C售01,0,0,0,0,0,0,0,0,0,-20000,0,0,0,0,20000,-20000,-20000
08558P,香港2X國票9C售01,0,0,0,0,0,0,0,0,0,-20000,0,0,0,0,20000,-20000,-20000
07990P,緯穎凱基9B售02  ,0,0,0,0,0,0,0,0,0,-20000,0,0,0,81000,101000,-20000,-20000
08104P,晶技元大9B售06  ,0,0,0,0,0,0,0,0,0,-20000,0,0,0,0,20000,-20000,-20000
07786P,南電中信9C售01  ,0,0,0,0,0,0,0,0,0,-20000,0,0,0,0,20000,-20000,-20000
07546P,玉晶光凱基9A售09,0,0,0,0,0,0,0,0,0,-20000,0,0,0,0,20000,-20000,-20000
07556P,玉晶光元大9A售08,0,0,0,0,0,0,0,0,0,-20000,0,0,0,0,20000,-20000,-20000
07423P,大立光元大99售33,0,0,0,0,0,0,0,0,0,-20000,0,0,0,5000,25000,-20000,-20000
07130P,台郡元大9B售01  ,0,0,0,0,0,0,0,0,0,-20000,0,0,0,130000,150000,-20000,-20000
063534,鴻海統一9B購07  ,0,0,0,0,0,0,0,0,0,-20000,0,0,0,0,20000,-20000,-20000
061790,中租群益9B購01  ,0,0,0,0,0,0,0,0,0,-20000,0,0,0,0,20000,-20000,-20000
059871,義隆凱基99購03  ,0,0,0,0,0,0,0,0,0,-20000,0,0,0,2000,22000,-20000,-20000
058528,世紀鋼元大99購02,0,0,0,0,0,0,0,0,0,-20000,0,0,0,12000,32000,-20000,-20000
058448,滬深2X永豐9A購01,0,0,0,0,0,0,0,0,0,-20000,0,0,0,0,20000,-20000,-20000
058558,鴻海日盛9A購02  ,0,0,0,0,0,0,0,0,0,-20000,0,0,0,0,20000,-20000,-20000
058652,SGBR2X中信01購01,0,0,0,0,0,0,0,0,0,-20000,0,0,0,0,20000,-20000,-20000
060388,世紀鋼凱基9B購01,0,0,0,0,0,0,0,0,0,-20000,0,0,0,48000,68000,-20000,-20000
060266,潤泰全國票9A購01,0,0,0,0,0,0,0,0,0,-20000,0,0,0,0,20000,-20000,-20000
060291,高鐵元大9A購01  ,0,0,0,0,0,0,0,0,0,-20000,0,0,0,0,20000,-20000,-20000
060424,中租永豐9A購01  ,0,0,0,0,0,0,0,0,0,-20000,0,0,0,0,20000,-20000,-20000
060952,滬深2X群益9C購05,0,0,0,0,0,0,0,0,0,-20000,0,0,0,0,20000,-20000,-20000
057958,禾伸堂元大99購05,0,0,0,0,0,0,0,0,0,-20000,0,0,0,0,20000,-20000,-20000
05887P,友達元富99售03  ,0,0,0,0,0,0,0,0,0,-20000,0,0,0,40000,60000,-20000,-20000
058952,南茂群益99購01  ,0,0,0,0,0,0,0,0,0,-20000,0,0,0,0,20000,-20000,-20000
058829,華新科永豐99購04,0,0,0,0,0,0,0,0,0,-20000,0,0,0,60000,80000,-20000,-20000
057768,華新科中信9A購01,0,0,0,0,0,0,0,0,0,-20000,0,0,0,0,20000,-20000,-20000
055899,群創中信99購01  ,0,0,0,0,0,0,0,0,0,-20000,0,0,0,0,20000,-20000,-20000
056325,群創兆豐9A購01  ,0,0,0,0,0,0,0,0,0,-20000,0,0,0,0,20000,-20000,-20000
056361,美律元大99購02  ,0,0,0,0,0,0,0,0,0,-20000,0,0,0,0,20000,-20000,-20000
03662C,FBVIX凱基03牛01 ,0,0,0,0,0,0,0,0,0,-20000,0,0,0,26000,46000,-20000,-20000
053396,漢唐中信9A購01  ,0,0,0,0,0,0,0,0,0,-20000,0,0,0,0,20000,-20000,-20000
051847,香港反中信99購01,0,0,0,0,0,0,0,0,0,-20000,0,0,0,0,20000,-20000,-20000
054375,貿聯中信99購01  ,0,0,0,0,0,0,0,0,0,-20000,0,0,0,0,20000,-20000,-20000
061188,大成鋼富邦9B購01,0,0,0,0,0,0,0,0,0,-20000,0,0,0,0,20000,-20000,-20000
060774,南亞科凱基9A購01,0,0,0,0,0,0,0,0,0,-20000,0,0,0,0,20000,-20000,-20000
059355,國巨富邦9B購03  ,0,0,0,0,0,0,0,0,0,-20000,0,0,0,15000,35000,-20000,-20000
060804,T50反1群益9A購02,0,0,0,0,0,0,0,0,0,-20000,0,0,0,0,20000,-20000,-20000
03434P,金融類元大02售01,0,0,0,0,0,0,0,0,0,-20000,0,0,0,0,20000,-20000,-20000
03282P,京元電凱基02售01,0,0,0,0,0,0,0,0,0,-20000,0,0,0,152000,172000,-20000,-20000
03323P,牧德凱基02售03  ,0,0,0,0,0,0,0,0,0,-20000,0,0,0,0,20000,-20000,-20000
03331P,臺股指群益02售05,0,0,0,0,0,0,0,0,0,-20000,0,0,0,0,20000,-20000,-20000
03004P,華擎群益02售02  ,0,0,0,0,0,0,0,0,0,-20000,0,0,0,60000,80000,-20000,-20000
03154P,華新科群益01售07,0,0,0,0,0,0,0,0,0,-20000,0,0,0,0,20000,-20000,-20000
03173P,台灣50國票03售02,0,0,0,0,0,0,0,0,0,-20000,0,0,0,0,20000,-20000,-20000
03345P,台積電元富08售16,0,0,0,0,0,0,0,0,0,-20000,0,0,0,0,20000,-20000,-20000
057318,台光電凱基9A購01,0,0,0,0,0,0,0,0,0,-20000,0,0,0,10000,30000,-20000,-20000
064529,友達中信01購03  ,0,0,0,0,0,0,0,0,0,-20000,0,0,0,16000,36000,-20000,-20000
061587,美律富邦9A購02  ,0,0,0,0,0,0,0,0,0,-20000,0,0,0,0,20000,-20000,-20000
061509,SP黃豆富邦9C購01,0,0,0,0,0,0,0,0,0,-20000,0,0,0,5000,25000,-20000,-20000
061947,旺宏群益9B購02  ,0,0,0,0,0,0,0,0,0,-20000,0,0,0,0,20000,-20000,-20000
061967,旺宏統一01購04  ,0,0,0,0,0,0,0,0,0,-20000,0,0,0,0,20000,-20000,-20000
062519,元金2X元大9B購03,0,0,0,0,0,0,0,0,0,-20000,0,0,0,0,20000,-20000,-20000
062464,T50反1凱基9C購03,0,0,0,0,0,0,0,0,0,-20000,0,0,0,0,20000,-20000,-20000
062415,聯茂中信9C購01  ,0,0,0,0,0,0,0,0,0,-20000,0,0,0,0,20000,-20000,-20000
064752,台達電凱基01購01,0,0,0,0,0,0,0,0,0,-20000,0,0,0,0,20000,-20000,-20000
061482,健策元大9C購01  ,0,0,0,0,0,0,0,0,0,-20000,0,0,0,2000,22000,-20000,-20000
063710,光寶科凱基9C購01,0,0,0,0,0,0,0,0,0,-20000,0,0,0,23000,43000,-20000,-20000
063908,國巨凱基9C購06  ,0,0,0,0,0,0,0,0,0,-20000,0,0,0,20000,40000,-20000,-20000
061867,旺宏元大9B購02  ,0,0,0,0,0,0,0,0,0,-20000,0,0,0,0,20000,-20000,-20000
064456,禾伸堂統一01購01,0,0,0,0,0,0,0,0,0,-20000,0,0,0,0,20000,-20000,-20000
064438,大立光凱基01購03,0,0,0,0,0,0,0,0,0,-20000,0,0,0,0,20000,-20000,-20000
064439,大立光凱基03購02,0,0,0,0,0,0,0,0,0,-20000,0,0,0,0,20000,-20000,-20000
064440,大立光凱基03購03,0,0,0,0,0,0,0,0,0,-20000,0,0,0,0,20000,-20000,-20000
063495,台光電富邦9C購01,0,0,0,0,0,0,0,0,0,-20000,0,0,0,0,20000,-20000,-20000
063463,瑞昱元大9B購05  ,0,0,0,0,0,0,0,0,0,-20000,0,0,0,8000,28000,-20000,-20000
063207,聯茂統一01購01  ,0,0,0,0,0,0,0,0,0,-20000,0,0,0,0,20000,-20000,-20000
064672,同欣電元大01購01,0,0,0,0,0,0,0,0,0,-20000,0,0,0,22000,42000,-20000,-20000
063290,GIS元大9B購02   ,0,0,0,0,0,0,0,0,0,-20000,0,0,0,0,20000,-20000,-20000
063324,道瓊反國票9B購03,0,0,0,0,0,0,0,0,0,-20000,0,0,0,0,20000,-20000,-20000
063284,大立光元大9B購07,0,0,0,0,0,0,0,0,0,-20000,0,0,0,1000,21000,-20000,-20000
064148,瑞昱統一02購01  ,0,0,0,0,0,0,0,0,0,-20000,0,0,0,0,20000,-20000,-20000
064175,華通國泰02購01  ,0,0,0,0,0,0,0,0,0,-20000,0,0,0,0,20000,-20000,-20000
064321,T50反1元大9C購05,0,0,0,0,0,0,0,0,0,-20000,0,0,0,0,20000,-20000,-20000
065843,瑞昱元大9C購03  ,0,0,0,0,0,0,0,0,0,-20000,0,0,0,56000,76000,-20000,-20000
06552P,茂林元大99售02  ,0,0,0,0,0,0,0,0,0,-20000,0,0,0,0,20000,-20000,-20000
066512,致茂永豐01購01  ,0,0,0,0,0,0,0,0,0,-20000,0,0,0,8000,28000,-20000,-20000
066245,道瓊反元大02購01,0,0,0,0,0,0,0,0,0,-20000,0,0,0,0,20000,-20000,-20000
066616,創意康和01購01  ,0,0,0,0,0,0,0,0,0,-20000,0,0,0,14000,34000,-20000,-20000
066628,宏達電凱基03購01,0,0,0,0,0,0,0,0,0,-20000,0,0,0,8000,28000,-20000,-20000
066882,A50正2永豐01購01,0,0,0,0,0,0,0,0,0,-20000,0,0,0,0,20000,-20000,-20000
066787,聯發科麥證01購06,0,0,0,0,30000,-30000,0,0,0,-20000,0,0,0,10000,30000,-20000,-20000
066972,滬深2X群益03購04,0,0,0,0,0,0,0,0,0,-20000,0,0,0,0,20000,-20000,-20000
067910,玉晶光國泰03購03,0,0,0,0,0,0,0,0,0,-20000,0,0,0,0,20000,-20000,-20000
067859,滬深2X元大01購12,0,0,0,0,0,0,0,0,0,-20000,0,0,0,0,20000,-20000,-20000
067863,國巨元大02購05  ,0,0,0,0,0,0,0,0,0,-20000,0,0,0,50000,70000,-20000,-20000
067779,滬深2X群益01購08,0,0,0,0,0,0,0,0,0,-20000,0,0,0,0,20000,-20000,-20000
2012,春雨            ,4000,24000,-20000,0,0,0,0,0,0,0,0,0,0,0,0,0,-20000
08935P,鴻海元大01售19  ,0,0,0,0,0,0,0,0,0,-20000,0,0,0,30000,50000,-20000,-20000
08716P,台積電兆豐01售02,0,0,0,0,0,0,0,0,0,-20000,0,0,0,50000,70000,-20000,-20000
08769P,上証2X凱基01售02,0,0,0,0,0,0,0,0,0,-20000,0,0,0,0,20000,-20000,-20000
08613P,同欣電凱基9C售04,0,0,0,0,0,0,0,0,0,-20000,0,0,0,0,20000,-20000,-20000
3305,昇貿            ,156000,178000,-22000,0,0,0,0,0,0,2000,2000,0,2000,0,0,0,-20000
2443,億麗            ,1000,21000,-20000,0,0,0,0,0,0,0,0,0,0,0,0,0,-20000
2611,志信            ,3000,23000,-20000,0,0,0,0,0,0,0,0,0,0,0,0,0,-20000
08168P,金像電群益9B售03,0,0,0,0,0,0,0,0,0,-21000,0,0,0,0,21000,-21000,-21000
08278P,玉晶光元富9C售02,0,0,0,0,0,0,0,0,0,-21000,0,0,0,40000,61000,-21000,-21000
08348P,貿聯元大9C售01  ,0,0,0,0,0,0,0,0,0,-21000,0,0,0,1000,22000,-21000,-21000
069318,金像電兆豐03購02,0,0,0,0,0,0,0,0,0,-21000,0,0,0,0,21000,-21000,-21000
069935,南六統一03購01  ,0,0,0,0,0,0,0,0,0,-21000,0,0,0,0,21000,-21000,-21000
069612,聯電統一04購03  ,0,0,0,0,0,0,0,0,0,-21000,0,0,0,0,21000,-21000,-21000
068177,台積電群益02購04,0,0,0,0,0,0,0,0,0,-21000,0,0,0,682000,703000,-21000,-21000
069066,聯發科麥證02購02,0,0,0,3000,24000,-21000,0,0,0,-21000,0,0,0,3000,24000,-21000,-21000
03326P,臺股指凱基05售01,0,0,0,0,0,0,0,0,0,-21000,0,0,0,0,21000,-21000,-21000
059115,美食永豐99購01  ,0,0,0,0,0,0,0,0,0,-21000,0,0,0,9000,30000,-21000,-21000
059633,聯發科凱基9A購07,0,0,0,0,0,0,0,0,0,-21000,0,0,0,0,21000,-21000,-21000
058831,茂林永豐99購01  ,0,0,0,0,0,0,0,0,0,-21000,0,0,0,0,21000,-21000,-21000
061745,南電凱基9B購02  ,0,0,0,0,0,0,0,0,0,-21000,0,0,0,0,21000,-21000,-21000
063574,茂林元大9B購07  ,0,0,0,0,0,0,0,0,0,-21000,0,0,0,53000,74000,-21000,-21000
064141,國巨統一01購08  ,0,0,0,0,0,0,0,0,0,-21000,0,0,0,28000,49000,-21000,-21000
063634,台光電元大9B購09,0,0,0,0,0,0,0,0,0,-21000,0,0,0,0,21000,-21000,-21000
064451,技嘉統一01購02  ,0,0,0,0,0,0,0,0,0,-21000,0,0,0,255000,276000,-21000,-21000
064959,巨大凱基9C購02  ,0,0,0,0,0,0,0,0,0,-21000,0,0,0,120000,141000,-21000,-21000
062513,玉晶光國票9C購01,0,0,0,0,0,0,0,0,0,-21000,0,0,0,14000,35000,-21000,-21000
062229,南六統一9B購01  ,0,0,0,0,0,0,0,0,0,-21000,0,0,0,0,21000,-21000,-21000
066779,上証2X中信03購01,0,0,0,0,0,0,0,0,0,-21000,0,0,0,0,21000,-21000,-21000
066405,晶碩凱基01購01  ,0,0,0,0,0,0,0,0,0,-21000,0,0,0,140000,161000,-21000,-21000
066344,拓凱永豐01購01  ,0,0,0,0,0,0,0,0,0,-21000,0,0,0,4000,25000,-21000,-21000
6192,巨路            ,22000,31000,-9000,0,0,0,0,0,0,-12000,0,12000,-12000,0,0,0,-21000
08705P,臺股指群益01售02,0,0,0,0,0,0,0,0,0,-21000,0,0,0,0,21000,-21000,-21000
1783,和康生          ,49000,62000,-13000,0,0,0,0,0,0,-8000,0,8000,-8000,0,0,0,-21000
8422,可寧衛          ,20000,41000,-21000,0,0,0,0,0,0,0,0,0,0,0,0,0,-21000
069058,台積電台新03購03,0,0,0,0,0,0,0,0,0,-22000,0,0,0,99000,121000,-22000,-22000
069207,信邦元大02購01  ,0,0,0,0,0,0,0,0,0,-22000,0,0,0,18000,40000,-22000,-22000
068100,喬山永豐01購01  ,0,0,0,0,0,0,0,0,0,-22000,0,0,0,197000,219000,-22000,-22000
068101,奇力新永豐01購01,0,0,0,0,0,0,0,0,0,-22000,0,0,0,0,22000,-22000,-22000
08542P,台勝科國票02售01,0,0,0,0,0,0,0,0,0,-22000,0,0,0,10000,32000,-22000,-22000
08450P,台積電統一9C售14,0,0,0,0,0,0,0,0,0,-22000,0,0,0,0,22000,-22000,-22000
08430P,友達凱基01售01  ,0,0,0,0,0,0,0,0,0,-22000,0,0,0,0,22000,-22000,-22000
08002P,大毅國票9B售03  ,0,0,0,0,0,0,0,0,0,-22000,0,0,0,0,22000,-22000,-22000
058374,玉晶光凱基9A購03,0,0,0,0,0,0,0,0,0,-22000,0,0,0,6000,28000,-22000,-22000
060906,旺宏元大9A購07  ,0,0,0,0,0,0,0,0,0,-22000,0,0,0,50000,72000,-22000,-22000
060609,玉晶光凱基9B購01,0,0,0,0,0,0,0,0,0,-22000,0,0,0,6000,28000,-22000,-22000
056095,臻鼎元富9A購01  ,0,0,0,0,0,0,0,0,0,-22000,0,0,0,0,22000,-22000,-22000
020011,統一微波高息20N ,0,0,0,0,0,0,0,0,0,-22000,0,0,0,20000,42000,-22000,-22000
057548,微星凱基99購01  ,0,0,0,0,0,0,0,0,0,-22000,0,0,0,78000,100000,-22000,-22000
03181P,台灣50元大01售40,0,0,0,0,0,0,0,0,0,-22000,0,0,0,81000,103000,-22000,-22000
03192P,台積電國泰03售05,0,0,0,0,0,0,0,0,0,-22000,0,0,0,218000,240000,-22000,-22000
064400,大成鋼凱基01購01,0,0,0,0,0,0,0,0,0,-22000,0,0,0,0,22000,-22000,-22000
064640,和大凱基03購01  ,0,0,0,0,0,0,0,0,0,-22000,0,0,0,8000,30000,-22000,-22000
064368,日月光統一01購01,0,0,0,0,0,0,0,0,0,-22000,0,0,0,89000,111000,-22000,-22000
066163,友訊凱基01購01  ,0,0,0,0,0,0,0,0,0,-22000,0,0,0,79000,101000,-22000,-22000
065416,華通國票01購02  ,0,0,0,0,0,0,0,0,0,-22000,0,0,0,0,22000,-22000,-22000
066965,鴻海元富07購07  ,0,0,0,0,0,0,0,0,0,-22000,0,0,0,31000,53000,-22000,-22000
08730P,緯穎永豐01售02  ,0,0,0,0,0,0,0,0,0,-22000,0,0,0,0,22000,-22000,-22000
08780P,聯發科群益02售06,0,0,0,0,0,0,0,0,0,-22000,0,0,0,61000,83000,-22000,-22000
3094,聯傑            ,22000,45000,-23000,0,0,0,0,0,0,1000,1000,0,1000,0,0,0,-22000
07772P,華新科國票9A售05,0,0,0,0,0,0,0,0,0,-23000,0,0,0,0,23000,-23000,-23000
08478P,臺股指凱基9C售16,0,0,0,0,0,0,0,0,0,-23000,0,0,0,92000,115000,-23000,-23000
069704,泰豐國票03購01  ,0,0,0,0,0,0,0,0,0,-23000,0,0,0,0,23000,-23000,-23000
069483,金像電元大02購07,0,0,0,0,0,0,0,0,0,-23000,0,0,0,14000,37000,-23000,-23000
069159,美律元大02購04  ,0,0,0,0,0,0,0,0,0,-23000,0,0,0,27000,50000,-23000,-23000
00665L,富邦恒生國企正2 ,0,0,0,0,0,0,0,0,0,-23000,0,0,0,41000,64000,-23000,-23000
058851,大立光群益99購07,0,0,0,0,0,0,0,0,0,-23000,0,0,0,27000,50000,-23000,-23000
058645,康控富邦01購01  ,0,0,0,0,0,0,0,0,0,-23000,0,0,0,357000,380000,-23000,-23000
062801,宏達電統一01購01,0,0,0,0,0,0,0,0,0,-23000,0,0,0,0,23000,-23000,-23000
063635,漢唐元大9B購04  ,0,0,0,0,0,0,0,0,0,-23000,0,0,0,12000,35000,-23000,-23000
063724,亞德客元大9B購03,0,0,0,0,0,0,0,0,0,-23000,0,0,0,20000,43000,-23000,-23000
061501,嘉澤國票9A購01  ,0,0,0,0,0,0,0,0,0,-23000,0,0,0,0,23000,-23000,-23000
061977,國巨元大9B購02  ,0,0,0,0,0,0,0,0,0,-23000,0,0,0,50000,73000,-23000,-23000
061663,南六永豐9A購05  ,0,0,0,0,0,0,0,0,0,-23000,0,0,0,2000,25000,-23000,-23000
062416,和大統一01購02  ,0,0,0,0,0,0,0,0,0,-23000,0,0,0,10000,33000,-23000,-23000
062414,臻鼎中信01購01  ,0,0,0,0,0,0,0,0,0,-23000,0,0,0,25000,48000,-23000,-23000
065125,奇力新永豐9C購01,0,0,0,0,0,0,0,0,0,-23000,0,0,0,0,23000,-23000,-23000
064751,亞德客凱基9C購02,0,0,0,0,0,0,0,0,0,-23000,0,0,0,15000,38000,-23000,-23000
066246,中化元大01購01  ,0,0,0,0,0,0,0,0,0,-23000,0,0,0,3000,26000,-23000,-23000
1707,葡萄王          ,115000,78000,37000,0,0,0,1000,55000,-54000,-6000,2000,4000,-2000,0,4000,-4000,-23000
069082,欣興凱基03購02  ,0,0,0,0,0,0,0,0,0,-24000,0,0,0,134000,158000,-24000,-24000
068939,鴻海日盛02購01  ,0,0,0,0,0,0,0,0,0,-24000,0,0,0,2000,26000,-24000,-24000
067967,玉山金群益01購01,0,0,0,0,0,0,0,0,0,-24000,0,0,0,440000,464000,-24000,-24000
068475,晶技群益01購04  ,0,0,0,0,0,0,0,0,0,-24000,0,0,0,8000,32000,-24000,-24000
069475,台灣50元大03購02,0,0,0,0,0,0,0,0,0,-24000,0,0,0,1000,25000,-24000,-24000
069446,華新科統一04購01,0,0,0,0,0,0,0,0,0,-24000,0,0,0,294000,318000,-24000,-24000
069294,瑞昱中信06購02  ,0,0,0,0,0,0,0,0,0,-24000,0,0,0,126000,150000,-24000,-24000
058572,百和凱基9A購01  ,0,0,0,0,0,0,0,0,0,-24000,0,0,0,20000,44000,-24000,-24000
058834,GIS永豐99購01   ,0,0,0,0,0,0,0,0,0,-24000,0,0,0,0,24000,-24000,-24000
060606,玉晶光凱基9A購05,0,0,0,0,0,0,0,0,0,-24000,0,0,0,0,24000,-24000,-24000
060341,國巨統一9C購02  ,0,0,0,0,0,0,0,0,0,-24000,0,0,0,26000,50000,-24000,-24000
01002T,土銀國泰R1      ,0,24000,-24000,0,0,0,0,0,0,0,0,0,0,0,0,0,-24000
00763U,街口道瓊銅      ,0,27000,-27000,0,0,0,0,0,0,3000,0,0,0,82000,79000,3000,-24000
063108,世紀鋼群益9C購01,0,0,0,0,0,0,0,0,0,-24000,0,0,0,20000,44000,-24000,-24000
062619,台表科元大9B購03,0,0,0,0,0,0,0,0,0,-24000,0,0,0,0,24000,-24000,-24000
064591,臻鼎永豐9C購01  ,0,0,0,0,0,0,0,0,0,-24000,0,0,0,0,24000,-24000,-24000
064417,創意中信9C購01  ,0,0,0,0,0,0,0,0,0,-24000,0,0,0,16000,40000,-24000,-24000
064293,勤誠元大9C購01  ,0,0,0,0,0,0,0,0,0,-24000,0,0,0,71000,95000,-24000,-24000
066424,晶技元大01購03  ,0,0,0,0,0,0,0,0,0,-24000,0,0,0,46000,70000,-24000,-24000
066994,聯發科國泰03購02,5000,0,5000,0,0,0,0,0,0,-29000,0,0,0,131000,160000,-29000,-24000
066704,創意群益01購02  ,0,0,0,0,0,0,0,0,0,-24000,0,0,0,20000,44000,-24000,-24000
067639,奇力新統一01購06,0,0,0,0,0,0,0,0,0,-24000,0,0,0,252000,276000,-24000,-24000
1604,聲寶            ,54000,78000,-24000,0,0,0,0,0,0,0,0,0,0,0,0,0,-24000
1444,力麗            ,178000,202000,-24000,0,0,0,0,0,0,0,0,0,0,0,0,0,-24000
4564,元翎            ,154000,161000,-7000,0,0,0,0,0,0,-17000,0,0,0,0,17000,-17000,-24000
5243,乙盛-KY         ,75000,100000,-25000,0,0,0,0,0,0,1000,1000,0,1000,0,0,0,-24000
2511,太子            ,207000,231000,-24000,0,0,0,0,0,0,0,0,0,0,0,0,0,-24000
07031P,台灣50中信03售02,0,0,0,0,0,0,0,0,0,-25000,0,0,0,0,25000,-25000,-25000
069810,京元電國票03購02,0,0,0,0,0,0,0,0,0,-25000,0,0,0,0,25000,-25000,-25000
069801,健策凱基03購02  ,0,0,0,0,0,0,0,0,0,-25000,0,0,0,1000,26000,-25000,-25000
08497P,華新科國票01售02,0,0,0,0,0,0,0,0,0,-25000,0,0,0,0,25000,-25000,-25000
08054P,臺股指國票9B售19,0,0,0,0,0,0,0,0,0,-25000,0,0,0,10000,35000,-25000,-25000
068306,建準國票03購01  ,0,0,0,0,0,0,0,0,0,-25000,0,0,0,89000,114000,-25000,-25000
068063,大立光兆豐01購02,0,0,0,0,0,0,0,0,0,-25000,0,0,0,55000,80000,-25000,-25000
068152,美律元大01購03  ,0,0,0,0,0,0,0,0,0,-25000,0,0,0,0,25000,-25000,-25000
068224,健策統一03購01  ,0,0,0,0,0,0,0,0,0,-25000,0,0,0,49000,74000,-25000,-25000
069220,聯電群益03購06  ,0,0,0,0,0,0,0,0,0,-25000,0,0,0,307000,332000,-25000,-25000
057682,台積電日盛9A購03,0,0,0,0,0,0,0,0,0,-25000,0,0,0,25000,50000,-25000,-25000
05589P,大立光中信9A售01,0,0,0,0,0,0,0,0,0,-25000,0,0,0,11000,36000,-25000,-25000
061006,新光金兆豐9A購01,0,0,0,0,0,0,0,0,0,-25000,0,0,0,30000,55000,-25000,-25000
061798,晶豪科永豐9B購01,0,0,0,0,0,0,0,0,0,-25000,0,0,0,20000,45000,-25000,-25000
063607,中租凱基9B購02  ,0,0,0,0,0,0,0,0,0,-25000,0,0,0,87000,112000,-25000,-25000
063303,聯發科凱基9B購14,0,0,0,0,0,0,0,0,0,-25000,0,0,0,100000,125000,-25000,-25000
062306,華通凱基9B購01  ,0,0,0,0,0,0,0,0,0,-25000,0,0,0,0,25000,-25000,-25000
061991,牧德元大9C購01  ,0,0,0,0,0,0,0,0,0,-25000,0,0,0,0,25000,-25000,-25000
063058,A50正2元富02購01,0,0,0,0,0,0,0,0,0,-25000,0,0,0,5000,30000,-25000,-25000
064708,帆宣永豐9C購01  ,0,0,0,0,0,0,0,0,0,-25000,0,0,0,10000,35000,-25000,-25000
065146,帆宣凱基9C購01  ,0,0,0,0,0,0,0,0,0,-25000,0,0,0,0,25000,-25000,-25000
064810,嘉晶元大01購01  ,0,0,0,0,0,0,0,0,0,-25000,0,0,0,392000,417000,-25000,-25000
067634,高鐵永豐01購01  ,0,0,0,0,0,0,0,0,0,-25000,0,0,0,0,25000,-25000,-25000
067630,大成鋼永豐01購01,0,0,0,0,0,0,0,0,0,-25000,0,0,0,0,25000,-25000,-25000
067652,義隆元富01購01  ,0,0,0,0,0,0,0,0,0,-25000,0,0,0,135000,160000,-25000,-25000
067508,奇鋐統一03購01  ,0,0,0,0,0,0,0,0,0,-25000,0,0,0,275000,300000,-25000,-25000
067609,智易凱基01購01  ,0,0,0,0,0,0,0,0,0,-25000,0,0,0,0,25000,-25000,-25000
067461,晶碩永豐01購02  ,0,0,0,0,0,0,0,0,0,-25000,0,0,0,140000,165000,-25000,-25000
066688,台積電元富07購01,0,0,0,0,0,0,0,0,0,-25000,0,0,0,15000,40000,-25000,-25000
066641,台郡凱基03購01  ,0,0,0,0,0,0,0,0,0,-25000,0,0,0,40000,65000,-25000,-25000
066863,上証2X元富07購01,0,0,0,0,0,0,0,0,0,-25000,0,0,0,5000,30000,-25000,-25000
067072,建準元大01購01  ,0,0,0,0,0,0,0,0,0,-25000,0,0,0,50000,75000,-25000,-25000
066407,昇陽半凱基01購01,0,0,0,0,0,0,0,0,0,-25000,0,0,0,0,25000,-25000,-25000
066255,英利元大01購01  ,0,0,0,0,0,0,0,0,0,-25000,0,0,0,0,25000,-25000,-25000
066199,金像電統一02購01,0,0,0,0,0,0,0,0,0,-25000,0,0,0,5000,30000,-25000,-25000
065706,奇鋐群益9C購02  ,0,0,0,0,0,0,0,0,0,-25000,0,0,0,12000,37000,-25000,-25000
1524,耿鼎            ,4000,29000,-25000,0,0,0,0,0,0,0,0,0,0,0,0,0,-25000
08980P,華通凱基01售03  ,0,0,0,0,0,0,0,0,0,-25000,0,0,0,0,25000,-25000,-25000
08708P,華通台新01售01  ,0,0,0,0,0,0,0,0,0,-25000,0,0,0,0,25000,-25000,-25000
9911,櫻花            ,42000,60000,-18000,0,0,0,0,7000,-7000,0,0,0,0,0,0,0,-25000
9927,泰銘            ,15000,40000,-25000,0,0,0,0,0,0,0,0,0,0,0,0,0,-25000
08192P,大毅國票9B售05  ,0,0,0,0,0,0,0,0,0,-26000,0,0,0,0,26000,-26000,-26000
064276,聯發科元大9C購07,0,0,0,0,0,0,0,0,0,-26000,0,0,0,6000,32000,-26000,-26000
059880,世紀鋼凱基99購02,0,0,0,0,0,0,0,0,0,-26000,0,0,0,0,26000,-26000,-26000
060249,正文元大9C購01  ,0,0,0,0,0,0,0,0,0,-26000,0,0,0,10000,36000,-26000,-26000
03506P,鴻海國泰06售01  ,0,0,0,0,0,0,0,0,0,-26000,0,0,0,0,26000,-26000,-26000
059475,元石油群益99購02,0,0,0,0,0,0,0,0,0,-26000,0,0,0,10000,36000,-26000,-26000
065130,奇鋐兆豐9C購01  ,0,0,0,0,0,0,0,0,0,-26000,0,0,0,1000,27000,-26000,-26000
065120,臺股指富邦9C購03,0,0,0,0,0,0,0,0,0,-26000,0,0,0,0,26000,-26000,-26000
064620,大立光元大01購03,0,0,0,0,0,0,0,0,0,-26000,0,0,0,0,26000,-26000,-26000
061926,晶技凱基9B購02  ,0,0,0,0,0,0,0,0,0,-26000,0,0,0,10000,36000,-26000,-26000
063362,台表科國泰01購03,0,0,0,0,0,0,0,0,0,-26000,0,0,0,72000,98000,-26000,-26000
064350,茂林元大01購01  ,0,0,0,0,0,0,0,0,0,-26000,0,0,0,138000,164000,-26000,-26000
062953,大立光永豐9B購01,0,0,0,0,0,0,0,0,0,-26000,0,0,0,0,26000,-26000,-26000
065209,國泰金國票01購01,0,0,0,0,0,0,0,0,0,-26000,0,0,0,4000,30000,-26000,-26000
066272,聯陽元大01購01  ,0,0,0,0,0,0,0,0,0,-26000,0,0,0,213000,239000,-26000,-26000
066689,技嘉台新01購01  ,0,0,0,0,0,0,0,0,0,-26000,0,0,0,44000,70000,-26000,-26000
08666P,智邦國票02售01  ,0,0,0,0,0,0,0,0,0,-26000,0,0,0,40000,66000,-26000,-26000
08900P,聯發科群益01售07,0,0,0,0,0,0,0,0,0,-26000,0,0,0,75000,101000,-26000,-26000
1906,寶隆            ,2000,37000,-35000,0,0,0,0,0,0,9000,9000,0,9000,0,0,0,-26000
07849P,大立光群益9A售06,0,0,0,0,0,0,0,0,0,-27000,0,0,0,157000,184000,-27000,-27000
069347,智易群益02購01  ,0,0,0,0,0,0,0,0,0,-27000,0,0,0,0,27000,-27000,-27000
069400,聯電統一03購06  ,0,0,0,0,0,0,0,0,0,-27000,0,0,0,45000,72000,-27000,-27000
068797,茂林凱基02購01  ,0,0,0,0,0,0,0,0,0,-27000,0,0,0,0,27000,-27000,-27000
03401P,聯發科凱基03售09,0,0,0,0,0,0,0,0,0,-27000,0,0,0,0,27000,-27000,-27000
056742,玉晶光凱基9A購01,0,0,0,0,0,0,0,0,0,-27000,0,0,0,3000,30000,-27000,-27000
03009P,玉晶光凱基01售08,0,0,0,0,0,0,0,0,0,-27000,0,0,0,36000,63000,-27000,-27000
03255P,台積電國泰03售10,0,0,0,0,0,0,0,0,0,-27000,0,0,0,8000,35000,-27000,-27000
058969,亞德客永豐99購01,0,0,0,0,0,0,0,0,0,-27000,0,0,0,0,27000,-27000,-27000
064211,友達凱基02購01  ,0,0,0,0,0,0,0,0,0,-27000,0,0,0,0,27000,-27000,-27000
063529,聯茂凱基9B購02  ,0,0,0,0,0,0,0,0,0,-27000,0,0,0,0,27000,-27000,-27000
063851,健策元大01購01  ,0,0,0,0,0,0,0,0,0,-27000,0,0,0,54000,81000,-27000,-27000
063041,貿聯凱基9B購01  ,0,0,0,0,0,0,0,0,0,-27000,0,0,0,0,27000,-27000,-27000
066770,上証2X富邦02購02,0,0,0,0,0,0,0,0,0,-27000,0,0,0,305000,332000,-27000,-27000
067103,聯發科群益01購04,0,0,0,0,0,0,0,0,0,-27000,0,0,0,56000,83000,-27000,-27000
067670,微星元大01購06  ,0,0,0,0,0,0,0,0,0,-27000,0,0,0,260000,287000,-27000,-27000
06626P,大立光統一9A售01,0,0,0,0,0,0,0,0,0,-27000,0,0,0,0,27000,-27000,-27000
066017,南六元富03購01  ,0,0,0,0,0,0,0,0,0,-27000,0,0,0,23000,50000,-27000,-27000
065188,玉晶光統一02購01,0,0,0,0,0,0,0,0,0,-27000,0,0,0,182000,209000,-27000,-27000
1527,鑽全            ,39000,66000,-27000,0,0,0,0,0,0,0,0,0,0,0,0,0,-27000
08751P,友達群益01售01  ,0,0,0,0,0,0,0,0,0,-27000,0,0,0,0,27000,-27000,-27000
068664,臺股指元大02購09,0,0,0,0,0,0,0,0,0,-28000,0,0,0,5000,33000,-28000,-28000
068074,玉山金凱基01購01,0,0,0,0,0,0,0,0,0,-28000,0,0,0,400000,428000,-28000,-28000
069919,奇鋐凱基04購02  ,0,0,0,0,0,0,0,0,0,-28000,0,0,0,0,28000,-28000,-28000
08228P,華擎國票9C售01  ,0,0,0,0,0,0,0,0,0,-28000,0,0,0,0,28000,-28000,-28000
061138,晶技統一9C購01  ,0,0,0,0,0,0,0,0,0,-28000,0,0,0,69000,97000,-28000,-28000
059727,大立光元大9A購01,0,0,0,0,0,0,0,0,0,-28000,0,0,0,20000,48000,-28000,-28000
03234P,技嘉元大02售01  ,0,0,0,0,0,0,0,0,0,-28000,0,0,0,7000,35000,-28000,-28000
03057P,亞德客凱基01售02,0,0,0,0,0,0,0,0,0,-28000,0,0,0,73000,101000,-28000,-28000
03219P,台積電康和02售01,0,0,0,0,0,0,0,0,0,-28000,0,0,0,0,28000,-28000,-28000
061702,奇鋐國票9A購02  ,0,0,0,0,0,0,0,0,0,-28000,0,0,0,1000,29000,-28000,-28000
063126,TPK元大9B購01   ,0,0,0,0,0,0,0,0,0,-28000,0,0,0,37000,65000,-28000,-28000
064973,智邦元大9C購06  ,0,0,0,0,0,0,0,0,0,-28000,0,0,0,183000,211000,-28000,-28000
064822,台達電統一01購03,0,0,0,0,0,0,0,0,0,-28000,0,0,0,22000,50000,-28000,-28000
061456,玉晶光凱基9B購05,0,0,0,0,0,0,0,0,0,-28000,0,0,0,1000,29000,-28000,-28000
061269,嘉澤凱基9A購01  ,0,0,0,0,0,0,0,0,0,-28000,0,0,0,0,28000,-28000,-28000
064491,金像電元大9C購03,0,0,0,0,0,0,0,0,0,-28000,0,0,0,93000,121000,-28000,-28000
064102,宏達電群益9C購01,0,0,0,0,0,0,0,0,0,-28000,0,0,0,20000,48000,-28000,-28000
064630,巨大元大9C購01  ,0,0,0,0,0,0,0,0,0,-28000,0,0,0,22000,50000,-28000,-28000
065249,聯發科麥證9C購04,0,0,0,0,28000,-28000,0,0,0,-28000,0,0,0,0,28000,-28000,-28000
065373,聯發科元大01購03,0,0,0,0,0,0,0,0,0,-28000,0,0,0,0,28000,-28000,-28000
065635,智伸科國票01購02,0,0,0,0,0,0,0,0,0,-28000,0,0,0,0,28000,-28000,-28000
065743,宏達電麥證9C購02,0,0,0,75000,106000,-31000,0,0,0,-28000,0,0,0,81000,109000,-28000,-28000
066002,健策國票02購01  ,0,0,0,0,0,0,0,0,0,-28000,0,0,0,29000,57000,-28000,-28000
066058,TPK元大01購02   ,0,0,0,0,0,0,0,0,0,-28000,0,0,0,14000,42000,-28000,-28000
066089,文曄永豐01購01  ,0,0,0,0,0,0,0,0,0,-28000,0,0,0,88000,116000,-28000,-28000
066336,聯陽永豐01購01  ,0,0,0,0,0,0,0,0,0,-28000,0,0,0,20000,48000,-28000,-28000
066433,南六元大02購01  ,0,0,0,0,0,0,0,0,0,-28000,0,0,0,105000,133000,-28000,-28000
067797,臺股指群益01購09,0,0,0,0,0,0,0,0,0,-28000,0,0,0,38000,66000,-28000,-28000
067841,A50正2元富04購01,0,0,0,0,0,0,0,0,0,-28000,0,0,0,10000,38000,-28000,-28000
067257,帆宣國票02購01  ,0,0,0,0,0,0,0,0,0,-28000,0,0,0,0,28000,-28000,-28000
08907P,奇鋐群益01售03  ,0,0,0,0,0,0,0,0,0,-28000,0,0,0,23000,51000,-28000,-28000
1539,巨庭            ,22000,50000,-28000,0,0,0,0,0,0,0,0,0,0,0,0,0,-28000
2017,官田鋼          ,16000,44000,-28000,0,0,0,0,0,0,0,0,0,0,0,0,0,-28000
2476,鉅祥            ,16000,45000,-29000,0,0,0,0,0,0,1000,1000,0,1000,0,0,0,-28000
2816,旺旺保          ,2000,30000,-28000,0,0,0,0,0,0,0,0,0,0,0,0,0,-28000
2852,第一保          ,3000,31000,-28000,0,0,0,0,0,0,0,0,0,0,0,0,0,-28000
4560,強信-KY         ,121000,149000,-28000,0,0,0,0,0,0,0,0,0,0,0,0,0,-28000
07886P,國巨國票9B售06  ,0,0,0,0,0,0,0,0,0,-29000,0,0,0,0,29000,-29000,-29000
068017,玉晶光國票01購09,0,0,0,0,0,0,0,0,0,-29000,0,0,0,36000,65000,-29000,-29000
068338,GIS元大01購04   ,0,0,0,0,0,0,0,0,0,-29000,0,0,0,42000,71000,-29000,-29000
069101,TPK統一04購02   ,0,0,0,0,0,0,0,0,0,-29000,0,0,0,36000,65000,-29000,-29000
069059,鴻海麥證02購01  ,0,0,0,0,29000,-29000,0,0,0,-29000,0,0,0,0,29000,-29000,-29000
03488P,欣興中信02售05  ,0,0,0,0,0,0,0,0,0,-29000,0,0,0,21000,50000,-29000,-29000
060381,元黃金凱基9A購01,0,0,0,0,0,0,0,0,0,-29000,0,0,0,30000,59000,-29000,-29000
061142,南電統一9A購01  ,0,0,0,0,0,0,0,0,0,-29000,0,0,0,0,29000,-29000,-29000
064262,玉晶光永豐9C購03,0,0,0,0,0,0,0,0,0,-29000,0,0,0,277000,306000,-29000,-29000
064014,貿聯國票01購01  ,0,0,0,0,0,0,0,0,0,-29000,0,0,0,71000,100000,-29000,-29000
061506,瑞祺國票9A購02  ,0,0,0,0,0,0,0,0,0,-29000,0,0,0,40000,69000,-29000,-29000
063081,技嘉凱基9B購02  ,0,0,0,0,0,0,0,0,0,-29000,0,0,0,21000,50000,-29000,-29000
061628,緯穎群益9A購04  ,0,0,0,0,0,0,0,0,0,-29000,0,0,0,100000,129000,-29000,-29000
065598,微星元大01購02  ,0,0,0,0,0,0,0,0,0,-29000,0,0,0,72000,101000,-29000,-29000
065381,緯穎元大9C購03  ,0,0,0,0,0,0,0,0,0,-29000,0,0,0,155000,184000,-29000,-29000
065418,緯創國票01購01  ,0,0,0,0,0,0,0,0,0,-29000,0,0,0,8000,37000,-29000,-29000
6189,豐藝            ,2000,32000,-30000,0,0,0,0,0,0,1000,1000,0,1000,0,0,0,-29000
08887P,聯發科富邦03售06,0,0,0,0,0,0,0,0,0,-29000,0,0,0,131000,160000,-29000,-29000
08834P,聯發科統一01售11,0,0,0,0,0,0,0,0,0,-29000,0,0,0,10000,39000,-29000,-29000
08719P,華通元大01售04  ,0,0,0,0,0,0,0,0,0,-29000,0,0,0,100000,129000,-29000,-29000
08671P,友訊國票01售01  ,0,0,0,0,0,0,0,0,0,-29000,0,0,0,0,29000,-29000,-29000
069224,聯發科群益02購14,0,0,0,0,0,0,0,0,0,-30000,0,0,0,0,30000,-30000,-30000
068679,T50反1國泰03購02,0,0,0,0,0,0,0,0,0,-30000,0,0,0,0,30000,-30000,-30000
068694,台積電凱基02購12,0,0,0,0,0,0,0,0,0,-30000,0,0,0,35000,65000,-30000,-30000
068702,台達電國票03購01,0,0,0,0,0,0,0,0,0,-30000,0,0,0,14000,44000,-30000,-30000
068762,牧德永豐02購01  ,0,0,0,0,0,0,0,0,0,-30000,0,0,0,0,30000,-30000,-30000
068176,滬深2X群益01購10,0,0,0,0,0,0,0,0,0,-30000,0,0,0,0,30000,-30000,-30000
07867P,晶技元大9B售01  ,0,0,0,0,0,0,0,0,0,-30000,0,0,0,0,30000,-30000,-30000
08009P,華擎統一9B售02  ,0,0,0,0,0,0,0,0,0,-30000,0,0,0,0,30000,-30000,-30000
07996P,亞德客凱基9B售03,0,0,0,0,0,0,0,0,0,-30000,0,0,0,0,30000,-30000,-30000
07781P,高鐵凱基9A售02  ,0,0,0,0,0,0,0,0,0,-30000,0,0,0,0,30000,-30000,-30000
07615P,華通中信02售02  ,0,0,0,0,0,0,0,0,0,-30000,0,0,0,0,30000,-30000,-30000
07215P,大立光凱基99售07,0,0,0,0,0,0,0,0,0,-30000,0,0,0,0,30000,-30000,-30000
08483P,金像電群益9C售02,0,0,0,0,0,0,0,0,0,-30000,0,0,0,0,30000,-30000,-30000
08490P,上銀元大9C售08  ,0,0,0,0,0,0,0,0,0,-30000,0,0,0,0,30000,-30000,-30000
08432P,台勝科凱基9C售02,0,0,0,0,0,0,0,0,0,-30000,0,0,0,0,30000,-30000,-30000
08559P,瑞昱國票9C售01  ,0,0,0,0,0,0,0,0,0,-30000,0,0,0,0,30000,-30000,-30000
07009P,臺股指中信9B售01,0,0,0,0,0,0,0,0,0,-30000,0,0,0,0,30000,-30000,-30000
07055P,景碩群益9A售02  ,0,0,0,0,0,0,0,0,0,-30000,0,0,0,0,30000,-30000,-30000
069585,玉晶光永豐02購02,0,0,0,0,0,0,0,0,0,-30000,0,0,0,8000,38000,-30000,-30000
069652,京元電凱基02購02,0,0,0,0,0,0,0,0,0,-30000,0,0,0,0,30000,-30000,-30000
069288,玉晶光國泰08購01,0,0,0,0,0,0,0,0,0,-30000,0,0,0,13000,43000,-30000,-30000
069466,欣興國票03購04  ,0,0,0,0,0,0,0,0,0,-30000,0,0,0,0,30000,-30000,-30000
069541,華通元大02購06  ,0,0,0,0,0,0,0,0,0,-30000,0,0,0,25000,55000,-30000,-30000
064257,台勝科國泰01購01,0,0,0,0,0,0,0,0,0,-30000,0,0,0,0,30000,-30000,-30000
064200,華通兆豐01購01  ,0,0,0,0,0,0,0,0,0,-30000,0,0,0,15000,45000,-30000,-30000
064225,健策國票01購02  ,0,0,0,0,0,0,0,0,0,-30000,0,0,0,10000,40000,-30000,-30000
063597,健策中信9B購02  ,0,0,0,0,0,0,0,0,0,-30000,0,0,0,20000,50000,-30000,-30000
061778,元金2X群益9B購02,0,0,0,0,0,0,0,0,0,-30000,0,0,0,48000,78000,-30000,-30000
061754,晶技麥證9B購01  ,0,0,0,0,30000,-30000,0,0,0,-30000,0,0,0,0,30000,-30000,-30000
058711,鴻海統一9A購02  ,0,0,0,0,0,0,0,0,0,-30000,0,0,0,0,30000,-30000,-30000
058274,世紀鋼永豐99購01,0,0,0,0,0,0,0,0,0,-30000,0,0,0,66000,96000,-30000,-30000
058963,華新科兆豐99購05,0,0,0,0,0,0,0,0,0,-30000,0,0,0,60000,90000,-30000,-30000
058766,力山兆豐99購01  ,0,0,0,0,0,0,0,0,0,-30000,0,0,0,0,30000,-30000,-30000
059535,玉山金凱基99購01,0,0,0,0,0,0,0,0,0,-30000,0,0,0,10000,40000,-30000,-30000
060234,凱美元大9C購01  ,0,0,0,0,0,0,0,0,0,-30000,0,0,0,14000,44000,-30000,-30000
060167,禾聯碩永豐9A購01,0,0,0,0,0,0,0,0,0,-30000,0,0,0,0,30000,-30000,-30000
060904,臺指反元大9C購07,0,0,0,0,0,0,0,0,0,-30000,0,0,0,0,30000,-30000,-30000
060892,超眾統一9C購01  ,0,0,0,0,0,0,0,0,0,-30000,0,0,0,0,30000,-30000,-30000
059188,京元電富邦9B購01,0,0,0,0,0,0,0,0,0,-30000,0,0,0,10000,40000,-30000,-30000
03417P,瑞昱群益04售01  ,0,0,0,0,0,0,0,0,0,-30000,0,0,0,100000,130000,-30000,-30000
03456P,華新科凱基02售04,0,0,0,0,0,0,0,0,0,-30000,0,0,0,0,30000,-30000,-30000
03524P,奇鋐凱基03售01  ,0,0,0,0,0,0,0,0,0,-30000,0,0,0,0,30000,-30000,-30000
03497P,金像電凱基02售06,0,0,0,0,0,0,0,0,0,-30000,0,0,0,0,30000,-30000,-30000
03498P,矽創凱基02售02  ,0,0,0,0,0,0,0,0,0,-30000,0,0,0,0,30000,-30000,-30000
054546,玉晶光中信9B購01,0,0,0,0,0,0,0,0,0,-30000,0,0,0,0,30000,-30000,-30000
052775,滬深2X國票99購02,0,0,0,0,0,0,0,0,0,-30000,0,0,0,120000,150000,-30000,-30000
03221P,和大凱基02售03  ,0,0,0,0,0,0,0,0,0,-30000,0,0,0,0,30000,-30000,-30000
03243P,台積電統一02售08,0,0,0,0,0,0,0,0,0,-30000,0,0,0,0,30000,-30000,-30000
03272P,台積電統一02售10,0,0,0,0,0,0,0,0,0,-30000,0,0,0,0,30000,-30000,-30000
03297P,台積電統一02售14,0,0,0,0,0,0,0,0,0,-30000,0,0,0,0,30000,-30000,-30000
03198P,台積電統一01售15,0,0,0,0,0,0,0,0,0,-30000,0,0,0,5000,35000,-30000,-30000
03129P,台光電統一01售06,0,0,0,0,0,0,0,0,0,-30000,0,0,0,0,30000,-30000,-30000
03079P,台灣50元大01售31,0,0,0,0,0,0,0,0,0,-30000,0,0,0,5000,35000,-30000,-30000
03350P,台積電麥證02售06,0,0,0,0,30000,-30000,0,0,0,-30000,0,0,0,0,30000,-30000,-30000
03351P,台積電麥證02售07,0,0,0,0,30000,-30000,0,0,0,-30000,0,0,0,0,30000,-30000,-30000
03355P,聯發科凱基03售08,0,0,0,0,0,0,0,0,0,-30000,0,0,0,0,30000,-30000,-30000
061956,和大統一01購01  ,0,0,0,0,0,0,0,0,0,-30000,0,0,0,10000,40000,-30000,-30000
064617,台光電元大01購01,0,0,0,0,0,0,0,0,0,-30000,0,0,0,0,30000,-30000,-30000
064611,亞德客元大9C購02,0,0,0,0,0,0,0,0,0,-30000,0,0,0,0,30000,-30000,-30000
062642,帆宣國票9B購01  ,0,0,0,0,0,0,0,0,0,-30000,0,0,0,0,30000,-30000,-30000
062632,嘉晶國票9B購01  ,0,0,0,0,0,0,0,0,0,-30000,0,0,0,7000,37000,-30000,-30000
062188,貿聯元大9B購02  ,0,0,0,0,0,0,0,0,0,-30000,0,0,0,44000,74000,-30000,-30000
064895,奇力新群益9C購02,0,0,0,0,0,0,0,0,0,-30000,0,0,0,60000,90000,-30000,-30000
062950,貿聯富邦01購01  ,0,0,0,0,0,0,0,0,0,-30000,0,0,0,0,30000,-30000,-30000
064432,台積電凱基9C購04,0,0,0,0,0,0,0,0,0,-30000,0,0,0,1000,31000,-30000,-30000
062876,全新兆豐9B購01  ,0,0,0,0,0,0,0,0,0,-30000,0,0,0,0,30000,-30000,-30000
063978,美食兆豐9C購01  ,0,0,0,0,0,0,0,0,0,-30000,0,0,0,0,30000,-30000,-30000
064125,聯發科元大02購01,0,0,0,0,0,0,0,0,0,-30000,0,0,0,15000,45000,-30000,-30000
062763,華擎凱基9C購02  ,0,0,0,0,0,0,0,0,0,-30000,0,0,0,5000,35000,-30000,-30000
064668,大立光元大9C購21,0,0,0,0,0,0,0,0,0,-30000,0,0,0,0,30000,-30000,-30000
063231,台泥元大9B購01  ,0,0,0,0,0,0,0,0,0,-30000,0,0,0,95000,125000,-30000,-30000
065362,華通元大9C購06  ,0,0,0,0,0,0,0,0,0,-30000,0,0,0,4000,34000,-30000,-30000
065461,台光電中信9C購01,0,0,0,0,0,0,0,0,0,-30000,0,0,0,0,30000,-30000,-30000
065319,鴻海凱基9C購03  ,0,0,0,0,0,0,0,0,0,-30000,0,0,0,10000,40000,-30000,-30000
066362,瑞昱中信05購01  ,0,0,0,0,0,0,0,0,0,-30000,0,0,0,40000,70000,-30000,-30000
065916,聯發科凱基01購10,0,0,0,0,0,0,0,0,0,-30000,0,0,0,0,30000,-30000,-30000
066974,SP黃豆群益03購01,0,0,0,0,0,0,0,0,0,-30000,0,0,0,0,30000,-30000,-30000
067878,上証2X群益01購06,0,0,0,0,0,0,0,0,0,-30000,0,0,0,0,30000,-30000,-30000
067900,玉晶光群益02購14,0,0,0,0,0,0,0,0,0,-30000,0,0,0,0,30000,-30000,-30000
067898,玉晶光群益02購12,0,0,0,0,0,0,0,0,0,-30000,0,0,0,0,30000,-30000,-30000
067314,新日興元大01購02,0,0,0,0,0,0,0,0,0,-30000,0,0,0,0,30000,-30000,-30000
067575,道瓊反群益01購04,0,0,0,0,0,0,0,0,0,-30000,0,0,0,0,30000,-30000,-30000
08608P,臺股指富邦9C售06,0,0,0,0,0,0,0,0,0,-30000,0,0,0,150000,180000,-30000,-30000
08881P,奇力新凱基01售02,0,0,0,0,0,0,0,0,0,-30000,0,0,0,0,30000,-30000,-30000
1592,英瑞-KY         ,34000,62000,-28000,0,0,0,0,0,0,-2000,0,2000,-2000,0,0,0,-30000
3518,柏騰            ,18000,48000,-30000,0,0,0,0,0,0,0,0,0,0,0,0,0,-30000
8215,明基材          ,190000,221000,-31000,0,0,0,0,0,0,1000,1000,0,1000,0,0,0,-30000
08447P,緯穎永豐9C售02  ,0,0,0,0,0,0,0,0,0,-31000,0,0,0,0,31000,-31000,-31000
068447,A50正2國票03購01,0,0,0,0,0,0,0,0,0,-31000,0,0,0,2000,33000,-31000,-31000
068391,玉晶光統一07購01,0,0,0,0,0,0,0,0,0,-31000,0,0,0,0,31000,-31000,-31000
050758,聯發科元富9B購01,0,0,0,0,0,0,0,0,0,-31000,0,0,0,14000,45000,-31000,-31000
03405P,聯電群益04售01  ,0,0,0,0,0,0,0,0,0,-31000,0,0,0,0,31000,-31000,-31000
060790,日月光富邦9A購01,0,0,0,0,0,0,0,0,0,-31000,0,0,0,4000,35000,-31000,-31000
060608,玉晶光凱基9A購08,0,0,0,0,0,0,0,0,0,-31000,0,0,0,0,31000,-31000,-31000
060628,和大富邦9B購01  ,0,0,0,0,0,0,0,0,0,-31000,0,0,0,0,31000,-31000,-31000
063570,嘉晶元大9C購02  ,0,0,0,0,0,0,0,0,0,-31000,0,0,0,179000,210000,-31000,-31000
063606,TPK凱基9C購01   ,0,0,0,0,0,0,0,0,0,-31000,0,0,0,3000,34000,-31000,-31000
062810,華通兆豐9B購02  ,0,0,0,0,0,0,0,0,0,-31000,0,0,0,0,31000,-31000,-31000
063899,同欣電群益9C購01,0,0,0,0,0,0,0,0,0,-31000,0,0,0,66000,97000,-31000,-31000
065326,華擎凱基02購01  ,0,0,0,0,0,0,0,0,0,-31000,0,0,0,194000,225000,-31000,-31000
2850,新產            ,34000,65000,-31000,0,0,0,0,0,0,0,0,0,0,0,0,0,-31000
3055,蔚華科          ,372000,403000,-31000,0,0,0,0,0,0,0,0,0,0,0,0,0,-31000
2468,華經            ,0,28000,-28000,0,0,0,0,0,0,-3000,1000,4000,-3000,0,0,0,-31000
1608,華榮            ,277000,308000,-31000,0,0,0,0,0,0,0,0,0,0,0,0,0,-31000
1503,士電            ,50000,81000,-31000,0,0,0,0,0,0,0,0,0,0,0,0,0,-31000
08597P,聯發科元大9C售18,0,0,0,0,0,0,0,0,0,-31000,0,0,0,182000,213000,-31000,-31000
08665P,鴻海國票02售01  ,0,0,0,0,0,0,0,0,0,-31000,0,0,0,31000,62000,-31000,-31000
068226,聯發科元富04購02,0,0,0,0,0,0,0,0,0,-32000,0,0,0,20000,52000,-32000,-32000
068972,力山元大02購01  ,0,0,0,0,0,0,0,0,0,-32000,0,0,0,331000,363000,-32000,-32000
07618P,大立光中信9A售06,0,0,0,0,0,0,0,0,0,-32000,0,0,0,0,32000,-32000,-32000
069770,精元元大02購03  ,0,0,0,0,0,0,0,0,0,-32000,0,0,0,0,32000,-32000,-32000
064263,貿聯永豐9C購01  ,0,0,0,0,0,0,0,0,0,-32000,0,0,0,168000,200000,-32000,-32000
064260,矽創富邦9C購01  ,0,0,0,0,0,0,0,0,0,-32000,0,0,0,0,32000,-32000,-32000
060698,旺宏國泰9C購01  ,0,0,0,0,0,0,0,0,0,-32000,0,0,0,12000,44000,-32000,-32000
03045P,台表科國票03售01,0,0,0,0,0,0,0,0,0,-32000,0,0,0,0,32000,-32000,-32000
03020P,大立光群益01售11,0,0,0,0,0,0,0,0,0,-32000,0,0,0,0,32000,-32000,-32000
063906,T50反1凱基02購03,0,0,0,0,0,0,0,0,0,-32000,0,0,0,0,32000,-32000,-32000
065032,TPK兆豐01購01   ,0,0,0,0,0,0,0,0,0,-32000,0,0,0,21000,53000,-32000,-32000
064710,元金2X統一03購01,0,0,0,0,0,0,0,0,0,-32000,0,0,0,0,32000,-32000,-32000
065481,臻鼎元大9C購04  ,0,0,0,0,0,0,0,0,0,-32000,0,0,0,95000,127000,-32000,-32000
066543,大成鋼元大01購02,0,0,0,0,0,0,0,0,0,-32000,0,0,0,6000,38000,-32000,-32000
067559,高鐵國票02購01  ,0,0,0,0,0,0,0,0,0,-32000,0,0,0,0,32000,-32000,-32000
067699,奇鋐國票02購03  ,0,0,0,0,0,0,0,0,0,-32000,0,0,0,16000,48000,-32000,-32000
066802,亞光凱基02購01  ,0,0,0,0,0,0,0,0,0,-32000,0,0,0,10000,42000,-32000,-32000
08682P,鴻海凱基01售06  ,0,0,0,0,0,0,0,0,0,-32000,0,0,0,0,32000,-32000,-32000
08877P,臺股指中信04售03,0,0,0,0,0,0,0,0,0,-32000,0,0,0,0,32000,-32000,-32000
1516,川飛            ,7000,39000,-32000,0,0,0,0,0,0,0,0,0,0,0,0,0,-32000
069797,奇鋐凱基04購01  ,0,0,0,0,0,0,0,0,0,-33000,0,0,0,23000,56000,-33000,-33000
069609,GIS國票03購01   ,0,0,0,0,0,0,0,0,0,-33000,0,0,0,2000,35000,-33000,-33000
069520,中租凱基03購01  ,0,0,0,0,0,0,0,0,0,-33000,0,0,0,177000,210000,-33000,-33000
069473,百和國票03購01  ,0,0,0,0,0,0,0,0,0,-33000,0,0,0,14000,47000,-33000,-33000
08077P,亞德客國票9B售02,0,0,0,0,0,0,0,0,0,-33000,0,0,0,20000,53000,-33000,-33000
069062,台積電麥證02購04,0,0,0,226000,259000,-33000,0,0,0,-33000,0,0,0,226000,259000,-33000,-33000
068731,健策元大03購01  ,0,0,0,0,0,0,0,0,0,-33000,0,0,0,62000,95000,-33000,-33000
068007,玉晶光元大03購04,0,0,0,0,0,0,0,0,0,-33000,0,0,0,0,33000,-33000,-33000
068049,玉晶光統一01購13,0,0,0,0,0,0,0,0,0,-33000,0,0,0,10000,43000,-33000,-33000
068468,聯電群益03購03  ,0,0,0,0,0,0,0,0,0,-33000,0,0,0,139000,172000,-33000,-33000
03223P,華通凱基03售03  ,0,0,0,0,0,0,0,0,0,-33000,0,0,0,10000,43000,-33000,-33000
059350,樺漢凱基9A購01  ,0,0,0,0,0,0,0,0,0,-33000,0,0,0,7000,40000,-33000,-33000
03483P,聯發科國泰04售01,0,0,0,0,0,0,0,0,0,-33000,0,0,0,101000,134000,-33000,-33000
060596,元黃金凱基9A購02,0,0,0,0,0,0,0,0,0,-33000,0,0,0,152000,185000,-33000,-33000
059943,信邦永豐99購01  ,0,0,0,0,0,0,0,0,0,-33000,0,0,0,0,33000,-33000,-33000
064926,臻鼎統一02購01  ,0,0,0,0,0,0,0,0,0,-33000,0,0,0,260000,293000,-33000,-33000
064347,貿聯元大9C購03  ,0,0,0,0,0,0,0,0,0,-33000,0,0,0,200000,233000,-33000,-33000
066976,台達電群益01購01,0,0,0,0,0,0,0,0,0,-33000,0,0,0,168000,201000,-33000,-33000
067754,元金2X元大01購02,0,0,0,0,0,0,0,0,0,-33000,0,0,0,5000,38000,-33000,-33000
065936,聯發科群益02購01,0,0,0,0,0,0,0,0,0,-33000,0,0,0,0,33000,-33000,-33000
065475,聯發科元大01購04,0,0,0,0,0,0,0,0,0,-33000,0,0,0,56000,89000,-33000,-33000
065886,中磊元富9C購01  ,0,0,0,0,0,0,0,0,0,-33000,0,0,0,77000,110000,-33000,-33000
1315,達新            ,71000,105000,-34000,0,0,0,0,0,0,1000,3000,0,3000,0,2000,-2000,-33000
2419,仲琦            ,22000,65000,-43000,0,0,0,0,0,0,10000,10000,0,10000,0,0,0,-33000
6205,詮欣            ,33000,66000,-33000,0,0,0,0,0,0,0,1000,1000,0,0,0,0,-33000
6592,和潤企業        ,144000,109000,35000,0,0,0,0,57000,-57000,-11000,1000,0,1000,9000,21000,-12000,-33000
068502,帆宣元大01購05  ,0,0,0,0,0,0,0,0,0,-34000,0,0,0,34000,68000,-34000,-34000
068184,彩晶群益03購03  ,0,0,0,0,0,0,0,0,0,-34000,0,0,0,50000,84000,-34000,-34000
069027,晶技國票03購01  ,0,0,0,0,0,0,0,0,0,-34000,0,0,0,23000,57000,-34000,-34000
07490P,大立光國票9A售03,0,0,0,0,0,0,0,0,0,-34000,0,0,0,0,34000,-34000,-34000
059742,富邦金元富99購01,0,0,0,0,0,0,0,0,0,-34000,0,0,0,6000,40000,-34000,-34000
061053,國巨群益9A購08  ,0,0,0,0,0,0,0,0,0,-34000,0,0,0,70000,104000,-34000,-34000
03523P,南電元大02售09  ,0,0,0,0,0,0,0,0,0,-34000,0,0,0,0,34000,-34000,-34000
03315P,聯發科群益02售12,0,0,0,0,0,0,0,0,0,-34000,0,0,0,92000,126000,-34000,-34000
064316,貿聯群益9C購02  ,0,0,0,0,0,0,0,0,0,-34000,0,0,0,79000,113000,-34000,-34000
064648,臻鼎凱基9C購02  ,0,0,0,0,0,0,0,0,0,-34000,0,0,0,0,34000,-34000,-34000
064650,台表科凱基03購01,0,0,0,0,0,0,0,0,0,-34000,0,0,0,36000,70000,-34000,-34000
064098,正崴群益9C購01  ,0,0,0,0,0,0,0,0,0,-34000,0,0,0,40000,74000,-34000,-34000
063619,聯發科兆豐01購01,0,0,0,0,0,0,0,0,0,-34000,0,0,0,1000,35000,-34000,-34000
061996,矽格元大9B購01  ,0,0,0,0,0,0,0,0,0,-34000,0,0,0,0,34000,-34000,-34000
065740,聯發科麥證9C購05,0,0,0,0,34000,-34000,0,0,0,-34000,0,0,0,0,34000,-34000,-34000
067429,國揚凱基02購01  ,0,0,0,0,0,0,0,0,0,-34000,0,0,0,5000,39000,-34000,-34000
4977,眾達-KY         ,203000,134000,69000,0,0,0,0,82000,-82000,-21000,2000,0,2000,2000,25000,-23000,-34000
08729P,創意永豐01售01  ,0,0,0,0,0,0,0,0,0,-34000,0,0,0,103000,137000,-34000,-34000
07838P,泰碩元大9A售04  ,0,0,0,0,0,0,0,0,0,-35000,0,0,0,1000,36000,-35000,-35000
07891P,臺股指國票9B售01,0,0,0,0,0,0,0,0,0,-35000,0,0,0,0,35000,-35000,-35000
08310P,南電凱基9C售01  ,0,0,0,0,0,0,0,0,0,-35000,0,0,0,0,35000,-35000,-35000
069289,玉晶光國泰08購02,0,0,0,0,0,0,0,0,0,-35000,0,0,0,87000,122000,-35000,-35000
069267,欣興兆豐03購04  ,0,0,0,0,0,0,0,0,0,-35000,0,0,0,132000,167000,-35000,-35000
069820,啟碁國票03購01  ,0,0,0,0,0,0,0,0,0,-35000,0,0,0,0,35000,-35000,-35000
069821,GIS國票03購02   ,0,0,0,0,0,0,0,0,0,-35000,0,0,0,0,35000,-35000,-35000
069042,T50反1元富08購03,0,0,0,0,0,0,0,0,0,-35000,0,0,0,10000,45000,-35000,-35000
069098,聯發科統一03購13,0,0,0,0,0,0,0,0,0,-35000,0,0,0,0,35000,-35000,-35000
068751,日月光群益02購01,0,0,0,0,0,0,0,0,0,-35000,0,0,0,63000,98000,-35000,-35000
068459,玉晶光國票03購04,0,0,0,0,0,0,0,0,0,-35000,0,0,0,0,35000,-35000,-35000
068558,聯電元大01購07  ,0,0,0,0,0,0,0,0,0,-35000,0,0,0,0,35000,-35000,-35000
03049P,台積電元富07售11,0,0,0,0,0,0,0,0,0,-35000,0,0,0,151000,186000,-35000,-35000
03059P,台積電凱基01售19,0,0,0,0,0,0,0,0,0,-35000,0,0,0,5000,40000,-35000,-35000
00673R,元大S&P原油反1  ,0,0,0,0,0,0,0,0,0,-35000,0,0,0,5000,40000,-35000,-35000
057568,友訊永豐99購01  ,0,0,0,0,0,0,0,0,0,-35000,0,0,0,58000,93000,-35000,-35000
03075P,泰碩國泰03售01  ,0,0,0,0,0,0,0,0,0,-35000,0,0,0,1000,36000,-35000,-35000
03209P,台積電國票02售05,0,0,0,0,0,0,0,0,0,-35000,0,0,0,0,35000,-35000,-35000
03150P,台積電群益03售01,0,0,0,0,0,0,0,0,0,-35000,0,0,0,20000,55000,-35000,-35000
058236,大立光元大99購09,0,0,0,0,0,0,0,0,0,-35000,0,0,0,0,35000,-35000,-35000
058481,玉晶光凱基9A購04,0,0,0,0,0,0,0,0,0,-35000,0,0,0,3000,38000,-35000,-35000
061699,燿華國票9A購01  ,0,0,0,0,0,0,0,0,0,-35000,0,0,0,65000,100000,-35000,-35000
063344,臺企銀統一9C購01,0,0,0,0,0,0,0,0,0,-35000,0,0,0,0,35000,-35000,-35000
063839,華通元大9C購02  ,0,0,0,0,0,0,0,0,0,-35000,0,0,0,36000,71000,-35000,-35000
066949,聯發科元大01購17,0,0,0,0,0,0,0,0,0,-35000,0,0,0,5000,40000,-35000,-35000
067276,義隆統一03購01  ,0,0,0,0,0,0,0,0,0,-35000,0,0,0,393000,428000,-35000,-35000
067163,眾達國票02購01  ,0,0,0,0,0,0,0,0,0,-35000,0,0,0,0,35000,-35000,-35000
066646,聯發科麥證01購03,0,0,0,0,35000,-35000,0,0,0,-35000,0,0,0,0,35000,-35000,-35000
065744,華新元大9C購01  ,0,0,0,0,0,0,0,0,0,-35000,0,0,0,186000,221000,-35000,-35000
065462,聯發科中信03購02,0,0,0,0,0,0,0,0,0,-35000,0,0,0,0,35000,-35000,-35000
065488,臺股指元大9C購26,0,0,0,0,0,0,0,0,0,-35000,0,0,0,0,35000,-35000,-35000
06602P,國巨統一99售02  ,0,0,0,0,0,0,0,0,0,-35000,0,0,0,2000,37000,-35000,-35000
066111,上銀兆豐02購01  ,0,0,0,0,0,0,0,0,0,-35000,0,0,0,292000,327000,-35000,-35000
08878P,台積電凱基01售11,0,0,0,0,0,0,0,0,0,-35000,0,0,0,0,35000,-35000,-35000
2707,晶華            ,21000,26000,-5000,0,0,0,0,30000,-30000,0,0,0,0,0,0,0,-35000
068847,台積電統一06購01,0,0,0,0,0,0,0,0,0,-36000,0,0,0,14000,50000,-36000,-36000
069707,微星國票03購02  ,0,0,0,0,0,0,0,0,0,-36000,0,0,0,35000,71000,-36000,-36000
069572,欣興凱基03購03  ,0,0,0,0,0,0,0,0,0,-36000,0,0,0,4000,40000,-36000,-36000
061817,高鐵群益9B購01  ,0,0,0,0,0,0,0,0,0,-36000,0,0,0,4000,40000,-36000,-36000
062715,T50反1凱基03購01,0,0,0,0,0,0,0,0,0,-36000,0,0,0,0,36000,-36000,-36000
00680L,元大美債20正2   ,0,4000,-4000,0,0,0,0,0,0,-32000,0,0,0,1000,33000,-32000,-36000
03035P,玉晶光國票01售07,0,0,0,0,0,0,0,0,0,-36000,0,0,0,42000,78000,-36000,-36000
061186,牧德國泰9C購01  ,0,0,0,0,0,0,0,0,0,-36000,0,0,0,0,36000,-36000,-36000
063654,上銀元富9B購05  ,0,0,0,0,0,0,0,0,0,-36000,0,0,0,390000,426000,-36000,-36000
061927,玉晶光凱基9C購01,0,0,0,0,0,0,0,0,0,-36000,0,0,0,2000,38000,-36000,-36000
064570,TPK群益9C購03   ,0,0,0,0,0,0,0,0,0,-36000,0,0,0,43000,79000,-36000,-36000
065997,元黃金國票03購01,0,0,0,0,0,0,0,0,0,-36000,0,0,0,40000,76000,-36000,-36000
066432,南六元大01購02  ,0,0,0,0,0,0,0,0,0,-36000,0,0,0,259000,295000,-36000,-36000
065517,緯創群益9C購02  ,0,0,0,0,0,0,0,0,0,-36000,0,0,0,2000,38000,-36000,-36000
067325,巨大元大01購05  ,0,0,0,0,0,0,0,0,0,-36000,0,0,0,345000,381000,-36000,-36000
3060,銘異            ,78000,114000,-36000,0,0,0,0,0,0,0,0,0,0,0,0,0,-36000
3031,佰鴻            ,19000,56000,-37000,0,0,0,0,0,0,1000,1000,0,1000,0,0,0,-36000
069855,精元永豐02購03  ,0,0,0,0,0,0,0,0,0,-37000,0,0,0,31000,68000,-37000,-37000
08174P,國巨統一9B售17  ,0,0,0,0,0,0,0,0,0,-37000,0,0,0,0,37000,-37000,-37000
068544,台積電兆豐03購04,0,0,0,0,0,0,0,0,0,-37000,0,0,0,48000,85000,-37000,-37000
068329,義隆元大01購07  ,0,0,0,0,0,0,0,0,0,-37000,0,0,0,117000,154000,-37000,-37000
068238,臺指反元大04購09,0,0,0,0,0,0,0,0,0,-37000,0,0,0,0,37000,-37000,-37000
068079,瑞儀凱基01購01  ,0,0,0,0,0,0,0,0,0,-37000,0,0,0,80000,117000,-37000,-37000
03212P,健策國票03售03  ,0,0,0,0,0,0,0,0,0,-37000,0,0,0,0,37000,-37000,-37000
062745,聯詠永豐9B購01  ,0,0,0,0,0,0,0,0,0,-37000,0,0,0,40000,77000,-37000,-37000
059797,大立光國票99購01,0,0,0,0,0,0,0,0,0,-37000,0,0,0,63000,100000,-37000,-37000
060957,SP黃豆凱基9A購04,0,0,0,0,0,0,0,0,0,-37000,0,0,0,1000,38000,-37000,-37000
062227,南六統一01購02  ,0,0,0,0,0,0,0,0,0,-37000,0,0,0,73000,110000,-37000,-37000
063186,聯發科凱基9C購04,0,0,0,0,0,0,0,0,0,-37000,0,0,0,0,37000,-37000,-37000
063257,牧德國泰01購01  ,0,0,0,0,0,0,0,0,0,-37000,0,0,0,0,37000,-37000,-37000
068971,元金2X元大02購01,0,0,0,0,0,0,0,0,0,-38000,0,0,0,41000,79000,-38000,-38000
069752,欣興中信02購04  ,0,0,0,0,0,0,0,0,0,-38000,0,0,0,25000,63000,-38000,-38000
069365,南六永豐02購02  ,0,0,0,0,0,0,0,0,0,-38000,0,0,0,0,38000,-38000,-38000
057543,華通凱基99購02  ,0,0,0,0,0,0,0,0,0,-38000,0,0,0,0,38000,-38000,-38000
00634R,富邦上証反1     ,72000,0,72000,0,0,0,0,0,0,-110000,0,0,0,91000,201000,-110000,-38000
056669,貿聯國票99購01  ,0,0,0,0,0,0,0,0,0,-38000,0,0,0,0,38000,-38000,-38000
063498,金像電永豐9B購02,0,0,0,0,0,0,0,0,0,-38000,0,0,0,17000,55000,-38000,-38000
062238,臻鼎凱基9C購01  ,0,0,0,0,0,0,0,0,0,-38000,0,0,0,13000,51000,-38000,-38000
061930,臺股指凱基9B購05,0,0,0,0,0,0,0,0,0,-38000,0,0,0,0,38000,-38000,-38000
062512,美食國票9B購01  ,0,0,0,0,0,0,0,0,0,-38000,0,0,0,38000,76000,-38000,-38000
065110,嘉澤國票01購01  ,0,0,0,0,0,0,0,0,0,-38000,0,0,0,28000,66000,-38000,-38000
062170,健策永豐9B購04  ,0,0,0,0,0,0,0,0,0,-38000,0,0,0,2000,40000,-38000,-38000
063071,華新科富邦02購01,0,0,0,0,0,0,0,0,0,-38000,0,0,0,2000,40000,-38000,-38000
063803,世紀鋼凱基01購01,0,0,0,0,0,0,0,0,0,-38000,0,0,0,32000,70000,-38000,-38000
063790,南亞科台新9C購01,0,0,0,0,0,0,0,0,0,-38000,0,0,0,0,38000,-38000,-38000
067283,南亞科國票02購01,0,0,0,0,0,0,0,0,0,-38000,0,0,0,0,38000,-38000,-38000
066788,聯發科麥證01購07,0,0,0,37000,122000,-85000,0,0,0,-38000,0,0,0,84000,122000,-38000,-38000
066910,華擎凱基01購03  ,0,0,0,0,0,0,0,0,0,-38000,0,0,0,165000,203000,-38000,-38000
067001,中化永豐01購02  ,0,0,0,0,0,0,0,0,0,-38000,0,0,0,0,38000,-38000,-38000
067044,華碩凱基02購01  ,0,0,0,0,0,0,0,0,0,-38000,0,0,0,97000,135000,-38000,-38000
065485,巨大元大9C購02  ,0,0,0,0,0,0,0,0,0,-38000,0,0,0,190000,228000,-38000,-38000
065550,聯發科凱基01購07,0,0,0,0,0,0,0,0,0,-38000,0,0,0,10000,48000,-38000,-38000
066528,南電統一02購01  ,0,0,0,0,0,0,0,0,0,-38000,0,0,0,1000,39000,-38000,-38000
066560,聯鈞元大01購04  ,0,0,0,0,0,0,0,0,0,-38000,0,0,0,5000,43000,-38000,-38000
066366,信邦中信02購01  ,0,0,0,0,0,0,0,0,0,-38000,0,0,0,8000,46000,-38000,-38000
066312,川湖永豐01購01  ,0,0,0,0,0,0,0,0,0,-38000,0,0,0,0,38000,-38000,-38000
066161,力山凱基01購01  ,0,0,0,0,0,0,0,0,0,-38000,0,0,0,281000,319000,-38000,-38000
069384,玉晶光元大03購09,0,0,0,0,0,0,0,0,0,-39000,0,0,0,29000,68000,-39000,-39000
069295,奇力新中信03購01,0,0,0,0,0,0,0,0,0,-39000,0,0,0,161000,200000,-39000,-39000
069795,群光凱基02購01  ,0,0,0,0,0,0,0,0,0,-39000,0,0,0,2000,41000,-39000,-39000
069947,奇鋐國泰04購01  ,0,0,0,0,0,0,0,0,0,-39000,0,0,0,0,39000,-39000,-39000
08428P,GIS國票01售01   ,0,0,0,0,0,0,0,0,0,-39000,0,0,0,1000,40000,-39000,-39000
03409P,台積電元大02售26,0,0,0,0,0,0,0,0,0,-39000,0,0,0,3000,42000,-39000,-39000
061818,富邦金群益9C購01,0,0,0,0,0,0,0,0,0,-39000,0,0,0,26000,65000,-39000,-39000
063800,玉晶光凱基9C購02,0,0,0,0,0,0,0,0,0,-39000,0,0,0,6000,45000,-39000,-39000
063086,祥碩凱基9C購01  ,0,0,0,0,0,0,0,0,0,-39000,0,0,0,15000,54000,-39000,-39000
061932,上銀國票9B購01  ,0,0,0,0,0,0,0,0,0,-39000,0,0,0,31000,70000,-39000,-39000
064372,滬深2X元富9C購10,0,0,0,0,0,0,0,0,0,-39000,0,0,0,0,39000,-39000,-39000
063950,信邦元大9C購01  ,0,0,0,0,0,0,0,0,0,-39000,0,0,0,1000,40000,-39000,-39000
063408,茂林國票9C購02  ,0,0,0,0,0,0,0,0,0,-39000,0,0,0,100000,139000,-39000,-39000
063415,台積電凱基03購01,0,0,0,0,0,0,0,0,0,-39000,0,0,0,8000,47000,-39000,-39000
062857,SP黃豆國票9C購01,0,0,0,0,0,0,0,0,0,-39000,0,0,0,0,39000,-39000,-39000
067023,巨大中信01購01  ,0,0,0,0,0,0,0,0,0,-39000,0,0,0,516000,555000,-39000,-39000
067418,中化凱基01購01  ,0,0,0,0,0,0,0,0,0,-39000,0,0,0,0,39000,-39000,-39000
067543,臻鼎群益01購01  ,0,0,0,0,0,0,0,0,0,-39000,0,0,0,141000,180000,-39000,-39000
08968P,台表科元大01售04,0,0,0,0,0,0,0,0,0,-39000,0,0,0,82000,121000,-39000,-39000
08795P,聯發科凱基01售11,0,0,0,0,0,0,0,0,0,-39000,0,0,0,2000,41000,-39000,-39000
1201,味全            ,119000,158000,-39000,0,0,0,0,0,0,0,0,0,0,0,0,0,-39000
8499,鼎炫-KY         ,41000,82000,-41000,0,0,0,0,0,0,2000,2000,0,2000,0,0,0,-39000
08473P,康控凱基9C售01  ,0,0,0,0,0,0,0,0,0,-40000,0,0,0,0,40000,-40000,-40000
08533P,技嘉元富06售02  ,0,0,0,0,0,0,0,0,0,-40000,0,0,0,0,40000,-40000,-40000
07876P,台灣50國泰01售01,0,0,0,0,0,0,0,0,0,-40000,0,0,0,0,40000,-40000,-40000
07593P,臺股指凱基9A售08,0,0,0,0,0,0,0,0,0,-40000,0,0,0,0,40000,-40000,-40000
07318P,鴻海凱基01售02  ,0,0,0,0,0,0,0,0,0,-40000,0,0,0,0,40000,-40000,-40000
069831,華新科元富02購02,0,0,0,0,0,0,0,0,0,-40000,0,0,0,11000,51000,-40000,-40000
069404,華通統一04購02  ,0,0,0,0,0,0,0,0,0,-40000,0,0,0,0,40000,-40000,-40000
069537,百和群益03購01  ,0,0,0,0,0,0,0,0,0,-40000,0,0,0,56000,96000,-40000,-40000
069071,台勝科麥證02購01,0,0,0,0,40000,-40000,0,0,0,-40000,0,0,0,0,40000,-40000,-40000
068109,上証2X元富07購03,0,0,0,0,0,0,0,0,0,-40000,0,0,0,0,40000,-40000,-40000
068168,臺股指元大01購18,0,0,0,0,0,0,0,0,0,-40000,0,0,0,10000,50000,-40000,-40000
063576,台表科元大9B購08,0,0,0,0,0,0,0,0,0,-40000,0,0,0,72000,112000,-40000,-40000
064232,鴻海統一01購04  ,0,0,0,0,0,0,0,0,0,-40000,0,0,0,749000,789000,-40000,-40000
064235,美律統一9C購02  ,0,0,0,0,0,0,0,0,0,-40000,0,0,0,0,40000,-40000,-40000
057401,晶豪科群益99購01,0,0,0,0,0,0,0,0,0,-40000,0,0,0,0,40000,-40000,-40000
064024,漢唐元大9C購01  ,0,0,0,0,0,0,0,0,0,-40000,0,0,0,20000,60000,-40000,-40000
063340,英業達統一9B購01,0,0,0,0,0,0,0,0,0,-40000,0,0,0,0,40000,-40000,-40000
063890,正隆群益9C購01  ,0,0,0,0,0,0,0,0,0,-40000,0,0,0,40000,80000,-40000,-40000
063881,嘉晶元富9C購01  ,0,0,0,0,0,0,0,0,0,-40000,0,0,0,0,40000,-40000,-40000
062511,台光電國票9B購02,0,0,0,0,0,0,0,0,0,-40000,0,0,0,0,40000,-40000,-40000
062527,美律統一01購01  ,0,0,0,0,0,0,0,0,0,-40000,0,0,0,20000,60000,-40000,-40000
062568,緯穎中信9C購01  ,0,0,0,0,0,0,0,0,0,-40000,0,0,0,20000,60000,-40000,-40000
062652,上証2X永豐9B購01,0,0,0,0,0,0,0,0,0,-40000,0,0,0,10000,50000,-40000,-40000
064594,奇力新統一01購05,0,0,0,0,0,0,0,0,0,-40000,0,0,0,111000,151000,-40000,-40000
067510,嘉澤統一03購01  ,0,0,0,0,0,0,0,0,0,-40000,0,0,0,0,40000,-40000,-40000
067577,FBVIX群益01購02 ,0,0,0,0,0,0,0,0,0,-40000,0,0,0,0,40000,-40000,-40000
067584,技嘉群益02購01  ,0,0,0,0,0,0,0,0,0,-40000,0,0,0,92000,132000,-40000,-40000
067161,嘉澤國票02購01  ,0,0,0,0,0,0,0,0,0,-40000,0,0,0,0,40000,-40000,-40000
067235,正崴群益02購02  ,0,0,0,0,0,0,0,0,0,-40000,0,0,0,80000,120000,-40000,-40000
067220,台郡元大01購04  ,0,0,0,0,0,0,0,0,0,-40000,0,0,0,0,40000,-40000,-40000
065719,T50反1兆豐9C購01,0,0,0,0,0,0,0,0,0,-40000,0,0,0,0,40000,-40000,-40000
065493,T50反1富邦03購01,0,0,0,0,0,0,0,0,0,-40000,0,0,0,0,40000,-40000,-40000
08742P,友達凱基01售02  ,0,0,0,0,0,0,0,0,0,-40000,0,0,0,0,40000,-40000,-40000
2731,雄獅            ,4000,44000,-40000,0,0,0,0,0,0,0,0,0,0,0,0,0,-40000
2888A,新光金甲特      ,0,0,0,0,0,0,0,0,0,-40000,0,40000,-40000,0,0,0,-40000
3591,艾笛森          ,2000,42000,-40000,0,0,0,0,0,0,0,0,0,0,0,0,0,-40000
068376,美律永豐01購01  ,0,0,0,0,0,0,0,0,0,-41000,0,0,0,15000,56000,-41000,-41000
069168,景碩元大02購03  ,0,0,0,0,0,0,0,0,0,-41000,0,0,0,108000,149000,-41000,-41000
069579,中興電永豐02購01,0,0,0,0,0,0,0,0,0,-41000,0,0,0,53000,94000,-41000,-41000
08392P,上銀群益9C售01  ,0,0,0,0,0,0,0,0,0,-41000,0,0,0,23000,64000,-41000,-41000
03475P,欣興元大02售13  ,0,0,0,0,0,0,0,0,0,-41000,0,0,0,0,41000,-41000,-41000
03479P,牧德國票03售04  ,0,0,0,0,0,0,0,0,0,-41000,0,0,0,18000,59000,-41000,-41000
061808,聯發科統一01購02,0,0,0,0,0,0,0,0,0,-41000,0,0,0,8000,49000,-41000,-41000
062757,華通凱基9B購02  ,0,0,0,0,0,0,0,0,0,-41000,0,0,0,0,41000,-41000,-41000
062480,茂林國票9B購01  ,0,0,0,0,0,0,0,0,0,-41000,0,0,0,20000,61000,-41000,-41000
065128,大成鋼兆豐9C購01,0,0,0,0,0,0,0,0,0,-41000,0,0,0,2000,43000,-41000,-41000
065033,和碩兆豐9C購01  ,0,0,0,0,0,0,0,0,0,-41000,0,0,0,98000,139000,-41000,-41000
064939,健策元富9C購03  ,0,0,0,0,0,0,0,0,0,-41000,0,0,0,3000,44000,-41000,-41000
063820,華邦電麥證01購01,0,0,0,0,41000,-41000,0,0,0,-41000,0,0,0,0,41000,-41000,-41000
063605,健策凱基9C購02  ,0,0,0,0,0,0,0,0,0,-41000,0,0,0,3000,44000,-41000,-41000
066133,京元電群益01購01,0,0,0,0,0,0,0,0,0,-41000,0,0,0,283000,324000,-41000,-41000
066500,T50反1富邦03購02,0,0,0,0,0,0,0,0,0,-41000,0,0,0,0,41000,-41000,-41000
066570,力成元大02購01  ,0,0,0,0,0,0,0,0,0,-41000,0,0,0,0,41000,-41000,-41000
066596,健策群益02購01  ,0,0,0,0,0,0,0,0,0,-41000,0,0,0,112000,153000,-41000,-41000
067375,大立光統一03購03,0,0,0,0,0,0,0,0,0,-41000,0,0,0,47000,88000,-41000,-41000
2462,良得電          ,2000,49000,-47000,0,0,0,0,0,0,6000,6000,0,6000,0,0,0,-41000
07678P,大立光群益9A售03,0,0,0,0,0,0,0,0,0,-42000,0,0,0,0,42000,-42000,-42000
069411,奇力新統一04購01,0,0,0,0,0,0,0,0,0,-42000,0,0,0,163000,205000,-42000,-42000
068871,台灣50凱基03購04,0,0,0,0,0,0,0,0,0,-42000,0,0,0,100000,142000,-42000,-42000
068885,健鼎統一02購06  ,0,0,0,0,0,0,0,0,0,-42000,0,0,0,477000,519000,-42000,-42000
068898,健策元大02購05  ,0,0,0,0,0,0,0,0,0,-42000,0,0,0,226000,268000,-42000,-42000
068325,宏碁元大01購04  ,0,0,0,0,0,0,0,0,0,-42000,0,0,0,312000,354000,-42000,-42000
068090,大成鋼群益01購02,0,0,0,0,0,0,0,0,0,-42000,0,0,0,1000,43000,-42000,-42000
00641R,富邦日本反1     ,0,6000,-6000,0,0,0,0,0,0,-36000,0,0,0,113000,149000,-36000,-42000
03299P,華通元富02售04  ,0,0,0,0,0,0,0,0,0,-42000,0,0,0,53000,95000,-42000,-42000
064827,友達統一02購02  ,0,0,0,0,0,0,0,0,0,-42000,0,0,0,0,42000,-42000,-42000
064598,國巨元富9C購03  ,0,0,0,0,0,0,0,0,0,-42000,0,0,0,0,42000,-42000,-42000
066493,美利達元富01購01,0,0,0,0,0,0,0,0,0,-42000,0,0,0,20000,62000,-42000,-42000
065523,茂林群益9C購03  ,0,0,0,0,0,0,0,0,0,-42000,0,0,0,111000,153000,-42000,-42000
065392,華通群益01購02  ,0,0,0,0,0,0,0,0,0,-42000,0,0,0,34000,76000,-42000,-42000
065587,亞德客永豐9C購02,0,0,0,0,0,0,0,0,0,-42000,0,0,0,0,42000,-42000,-42000
2548,華固            ,286000,288000,-2000,0,0,0,0,0,0,-40000,20000,31000,-11000,0,29000,-29000,-42000
1515,力山            ,722500,718000,4500,0,0,0,7000,0,7000,-54000,34000,9000,25000,90000,169000,-79000,-42500
067962,鴻海群益02購04  ,0,0,0,0,0,0,0,0,0,-43000,0,0,0,287000,330000,-43000,-43000
068617,康舒國票03購01  ,0,0,0,0,0,0,0,0,0,-43000,0,0,0,833000,876000,-43000,-43000
068693,台積電凱基02購11,0,0,0,0,0,0,0,0,0,-43000,0,0,0,45000,88000,-43000,-43000
08004P,大毅永豐9B售02  ,0,0,0,0,0,0,0,0,0,-43000,0,0,0,0,43000,-43000,-43000
08544P,和碩國票01售02  ,0,0,0,0,0,0,0,0,0,-43000,0,0,0,0,43000,-43000,-43000
08400P,美律元富9C售02  ,0,0,0,0,0,0,0,0,0,-43000,0,0,0,77000,120000,-43000,-43000
058073,大立光凱基99購04,0,0,0,0,0,0,0,0,0,-43000,0,0,0,0,43000,-43000,-43000
058744,FBVIX凱基9C購03 ,0,0,0,0,0,0,0,0,0,-43000,0,0,0,62000,105000,-43000,-43000
063849,奇鋐元大9C購01  ,0,0,0,0,0,0,0,0,0,-43000,0,0,0,13000,56000,-43000,-43000
066069,英業達凱基02購01,0,0,0,0,0,0,0,0,0,-43000,0,0,0,25000,68000,-43000,-43000
067563,上緯控國票02購01,0,0,0,0,0,0,0,0,0,-43000,0,0,0,101000,144000,-43000,-43000
066680,友達兆豐01購02  ,0,0,0,0,0,0,0,0,0,-43000,0,0,0,0,43000,-43000,-43000
067113,京鼎群益02購03  ,0,0,0,0,0,0,0,0,0,-43000,0,0,0,13000,56000,-43000,-43000
08981P,台積電凱基01售16,0,0,0,0,0,0,0,0,0,-43000,0,0,0,31000,74000,-43000,-43000
8210,勤誠            ,91000,134000,-43000,0,0,0,0,0,0,0,6000,0,6000,0,6000,-6000,-43000
069766,聯電元大02購22  ,0,0,0,0,0,0,0,0,0,-44000,0,0,0,50000,94000,-44000,-44000
068352,台積電凱基01購22,0,0,0,0,0,0,0,0,0,-44000,0,0,0,1000,45000,-44000,-44000
060612,世紀鋼凱基9A購01,0,0,0,0,0,0,0,0,0,-44000,0,0,0,137000,181000,-44000,-44000
058245,訊連元大99購01  ,0,0,0,0,0,0,0,0,0,-44000,0,0,0,0,44000,-44000,-44000
03402P,大立光凱基02售07,0,0,0,0,0,0,0,0,0,-44000,0,0,0,10000,54000,-44000,-44000
062952,台積電永豐9B購02,0,0,0,0,0,0,0,0,0,-44000,0,0,0,0,44000,-44000,-44000
063328,京元電國票9C購02,0,0,0,0,0,0,0,0,0,-44000,0,0,0,41000,85000,-44000,-44000
062019,嘉澤永豐9B購01  ,0,0,0,0,0,0,0,0,0,-44000,0,0,0,0,44000,-44000,-44000
066894,聯發科兆豐03購01,0,0,0,0,0,0,0,0,0,-44000,0,0,0,2000,46000,-44000,-44000
065784,正崴永豐9C購01  ,0,0,0,0,0,0,0,0,0,-44000,0,0,0,58000,102000,-44000,-44000
1310,台苯            ,169000,166000,3000,0,0,0,0,0,0,-47000,3000,37000,-34000,1000,14000,-13000,-44000
2838,聯邦銀          ,87000,131000,-44000,0,0,0,0,0,0,0,0,0,0,0,0,0,-44000
068363,世紀鋼凱基01購02,0,0,0,0,0,0,0,0,0,-45000,0,0,0,43000,88000,-45000,-45000
068949,鴻海凱基02購08  ,0,0,0,0,0,0,0,0,0,-45000,0,0,0,50000,95000,-45000,-45000
069088,南電凱基03購01  ,0,0,0,0,0,0,0,0,0,-45000,0,0,0,98000,143000,-45000,-45000
08219P,上銀凱基9B售08  ,0,0,0,0,0,0,0,0,0,-45000,0,0,0,25000,70000,-45000,-45000
07754P,日月光元大9A售02,0,0,0,0,0,0,0,0,0,-45000,0,0,0,10000,55000,-45000,-45000
059112,上銀永豐99購01  ,0,0,0,0,0,0,0,0,0,-45000,0,0,0,120000,165000,-45000,-45000
03359P,金像電群益02售04,0,0,0,0,0,0,0,0,0,-45000,0,0,0,0,45000,-45000,-45000
03375P,玉晶光元大02售07,0,0,0,0,0,0,0,0,0,-45000,0,0,0,0,45000,-45000,-45000
03691C,T50反1元大01牛05,0,0,0,0,0,0,0,0,0,-45000,0,0,0,0,45000,-45000,-45000
065025,健策永豐9C購02  ,0,0,0,0,0,0,0,0,0,-45000,0,0,0,0,45000,-45000,-45000
063002,上証2X元大9B購03,0,0,0,0,0,0,0,0,0,-45000,0,0,0,5000,50000,-45000,-45000
063167,同欣電永豐9B購03,0,0,0,0,0,0,0,0,0,-45000,0,0,0,16000,61000,-45000,-45000
063972,緯創國票9C購01  ,0,0,0,0,0,0,0,0,0,-45000,0,0,0,15000,60000,-45000,-45000
064085,儒鴻凱基9C購02  ,0,0,0,0,0,0,0,0,0,-45000,0,0,0,5000,50000,-45000,-45000
063933,TPK統一01購01   ,0,0,0,0,0,0,0,0,0,-45000,0,0,0,0,45000,-45000,-45000
065993,立積永豐01購02  ,0,0,0,0,0,0,0,0,0,-45000,0,0,0,0,45000,-45000,-45000
065994,南六永豐01購01  ,0,0,0,0,0,0,0,0,0,-45000,0,0,0,7000,52000,-45000,-45000
066824,旺宏群益02購01  ,0,0,0,0,0,0,0,0,0,-45000,0,0,0,207000,252000,-45000,-45000
066590,華新科群益01購04,0,0,0,0,0,0,0,0,0,-45000,0,0,0,35000,80000,-45000,-45000
067184,聯發科凱基01購13,0,0,0,0,0,0,0,0,0,-45000,0,0,0,25000,70000,-45000,-45000
067751,臺股指元大01購15,0,0,0,0,0,0,0,0,0,-45000,0,0,0,0,45000,-45000,-45000
067935,大立光凱基01購09,0,0,0,0,0,0,0,0,0,-45000,0,0,0,0,45000,-45000,-45000
069611,南電國票03購03  ,0,0,0,0,0,0,0,0,0,-46000,0,0,0,70000,116000,-46000,-46000
069293,台積電中信06購06,0,0,0,0,0,0,0,0,0,-46000,0,0,0,0,46000,-46000,-46000
056578,智易元大99購02  ,0,0,0,0,0,0,0,0,0,-46000,0,0,0,0,46000,-46000,-46000
060867,智伸科永豐9A購01,0,0,0,0,0,0,0,0,0,-46000,0,0,0,1000,47000,-46000,-46000
03179P,聯發科群益01售16,0,0,0,0,0,0,0,0,0,-46000,0,0,0,23000,69000,-46000,-46000
063508,緯創群益9B購01  ,0,0,0,0,0,0,0,0,0,-46000,0,0,0,5000,51000,-46000,-46000
062638,茂林國票9C購01  ,0,0,0,0,0,0,0,0,0,-46000,0,0,0,435000,481000,-46000,-46000
063128,智伸科元大9B購01,0,0,0,0,0,0,0,0,0,-46000,0,0,0,4000,50000,-46000,-46000
067476,台光電元大01購04,0,0,0,0,0,0,0,0,0,-46000,0,0,0,26000,72000,-46000,-46000
065998,友訊國票01購02  ,0,0,0,0,0,0,0,0,0,-46000,0,0,0,67000,113000,-46000,-46000
065732,健策凱基9C購04  ,0,0,0,0,0,0,0,0,0,-46000,0,0,0,0,46000,-46000,-46000
065478,緯創元大9C購03  ,0,0,0,0,0,0,0,0,0,-46000,0,0,0,88000,134000,-46000,-46000
065228,南亞科凱基01購03,0,0,0,0,0,0,0,0,0,-46000,0,0,0,24000,70000,-46000,-46000
2414,精技            ,10000,57000,-47000,0,0,0,0,0,0,1000,1000,0,1000,0,0,0,-46000
1531,高林股          ,80000,126000,-46000,0,0,0,0,0,0,0,0,0,0,0,0,0,-46000
069600,景碩國票03購01  ,0,0,0,0,0,0,0,0,0,-47000,0,0,0,3000,50000,-47000,-47000
069009,聯詠兆豐03購02  ,0,0,0,0,0,0,0,0,0,-47000,0,0,0,46000,93000,-47000,-47000
03263P,日月光國票04售01,0,0,0,0,0,0,0,0,0,-47000,0,0,0,0,47000,-47000,-47000
03419P,玉晶光群益03售04,0,0,0,0,0,0,0,0,0,-47000,0,0,0,0,47000,-47000,-47000
059074,元油2X元大9C購15,0,0,0,0,0,0,0,0,0,-47000,0,0,0,0,47000,-47000,-47000
063697,香港反群益9C購01,0,0,0,0,0,0,0,0,0,-47000,0,0,0,0,47000,-47000,-47000
062915,嘉澤元大9B購03  ,0,0,0,0,0,0,0,0,0,-47000,0,0,0,7000,54000,-47000,-47000
063970,大立光國票01購01,0,0,0,0,0,0,0,0,0,-47000,0,0,0,96000,143000,-47000,-47000
066051,景碩元大01購01  ,0,0,0,0,0,0,0,0,0,-47000,0,0,0,54000,101000,-47000,-47000
2903,遠百            ,241000,294000,-53000,0,0,0,0,0,0,6000,6000,0,6000,0,0,0,-47000
9934,成霖            ,163000,210000,-47000,0,0,0,0,0,0,0,0,0,0,0,0,0,-47000
069090,長興統一02購01  ,0,0,0,0,0,0,0,0,0,-48000,0,0,0,20000,68000,-48000,-48000
069177,南電元大03購01  ,0,0,0,0,0,0,0,0,0,-48000,0,0,0,143000,191000,-48000,-48000
069859,敦泰永豐02購01  ,0,0,0,0,0,0,0,0,0,-48000,0,0,0,0,48000,-48000,-48000
069472,南六國票03購01  ,0,0,0,0,0,0,0,0,0,-48000,0,0,0,15000,63000,-48000,-48000
060618,玉晶光元大9A購02,0,0,0,0,0,0,0,0,0,-48000,0,0,0,6000,54000,-48000,-48000
03275P,台積電台新02售02,0,0,0,0,0,0,0,0,0,-48000,0,0,0,0,48000,-48000,-48000
03029P,玉晶光元大02售05,0,0,0,0,0,0,0,0,0,-48000,0,0,0,12000,60000,-48000,-48000
063213,智伸科國票9C購01,0,0,0,0,0,0,0,0,0,-48000,0,0,0,0,48000,-48000,-48000
062524,鴻海統一9C購09  ,0,0,0,0,0,0,0,0,0,-48000,0,0,0,0,48000,-48000,-48000
062478,牧德國票9B購03  ,0,0,0,0,0,0,0,0,0,-48000,0,0,0,0,48000,-48000,-48000
062218,燿華統一01購01  ,0,0,0,0,0,0,0,0,0,-48000,0,0,0,157000,205000,-48000,-48000
065505,健鼎永豐9C購01  ,0,0,0,0,0,0,0,0,0,-48000,0,0,0,451000,499000,-48000,-48000
08835P,聯發科統一01售12,0,0,0,0,0,0,0,0,0,-48000,0,0,0,302000,350000,-48000,-48000
08528P,台勝科元大9C售02,0,0,0,0,0,0,0,0,0,-49000,0,0,0,7000,56000,-49000,-49000
068009,矽格元大01購05  ,0,0,0,0,0,0,0,0,0,-49000,0,0,0,10000,59000,-49000,-49000
03338P,緯創國票04售01  ,0,0,0,0,0,0,0,0,0,-49000,0,0,0,0,49000,-49000,-49000
060259,潤泰全凱基9C購01,0,0,0,0,0,0,0,0,0,-49000,0,0,0,11000,60000,-49000,-49000
063593,GIS永豐9B購01   ,0,0,0,0,0,0,0,0,0,-49000,0,0,0,112000,161000,-49000,-49000
064286,TPK元大9C購02   ,0,0,0,0,0,0,0,0,0,-49000,0,0,0,2000,51000,-49000,-49000
062352,南六群益9B購02  ,0,0,0,0,0,0,0,0,0,-49000,0,0,0,1000,50000,-49000,-49000
064332,聯發科元大01購01,0,0,0,0,0,0,0,0,0,-49000,0,0,0,5000,54000,-49000,-49000
064040,鴻海統一9C購18  ,0,0,0,0,0,0,0,0,0,-49000,0,0,0,203000,252000,-49000,-49000
065499,京元電富邦01購01,0,0,0,0,0,0,0,0,0,-49000,0,0,0,540000,589000,-49000,-49000
065227,金像電凱基9C購01,0,0,0,0,0,0,0,0,0,-49000,0,0,0,86000,135000,-49000,-49000
066095,友訊中信05購01  ,0,0,0,0,0,0,0,0,0,-49000,0,0,0,211000,260000,-49000,-49000
067482,高鐵元大01購01  ,0,0,0,0,0,0,0,0,0,-49000,0,0,0,51000,100000,-49000,-49000
067504,鴻海統一01購07  ,0,0,0,0,0,0,0,0,0,-49000,0,0,0,177000,226000,-49000,-49000
066707,揚明光群益01購02,0,0,0,0,0,0,0,0,0,-49000,0,0,0,51000,100000,-49000,-49000
068280,滬深2X中信01購03,0,0,0,0,0,0,0,0,0,-50000,0,0,0,0,50000,-50000,-50000
068364,鴻海國泰07購01  ,0,0,0,0,0,0,0,0,0,-50000,0,0,0,75000,125000,-50000,-50000
069052,信邦元富08購01  ,0,0,0,0,0,0,0,0,0,-50000,0,0,0,8000,58000,-50000,-50000
068836,義隆永豐02購01  ,0,0,0,0,0,0,0,0,0,-50000,0,0,0,0,50000,-50000,-50000
08406P,緯穎元大9C售01  ,0,0,0,0,0,0,0,0,0,-50000,0,0,0,0,50000,-50000,-50000
08204P,台灣50中信01售04,0,0,0,0,0,0,0,0,0,-50000,0,0,0,0,50000,-50000,-50000
08293P,國巨元大9C售13  ,0,0,0,0,0,0,0,0,0,-50000,0,0,0,0,50000,-50000,-50000
07714P,世紀鋼元大9A售03,0,0,0,0,0,0,0,0,0,-50000,0,0,0,0,50000,-50000,-50000
07656P,國巨凱基9A售15  ,0,0,0,0,0,0,0,0,0,-50000,0,0,0,0,50000,-50000,-50000
07521P,台積電中信01售05,0,0,0,0,0,0,0,0,0,-50000,0,0,0,0,50000,-50000,-50000
07959P,健策永豐9B售05  ,0,0,0,0,0,0,0,0,0,-50000,0,0,0,0,50000,-50000,-50000
07975P,國巨元大9B售15  ,0,0,0,0,0,0,0,0,0,-50000,0,0,0,0,50000,-50000,-50000
07939P,台積電統一9B售14,0,0,0,0,0,0,0,0,0,-50000,0,0,0,0,50000,-50000,-50000
069499,FBVIX國泰04購01 ,0,0,0,0,0,0,0,0,0,-50000,0,0,0,0,50000,-50000,-50000
069440,台達電台新02購02,0,0,0,0,0,0,0,0,0,-50000,0,0,0,0,50000,-50000,-50000
069570,奇鋐凱基02購03  ,0,0,0,0,0,0,0,0,0,-50000,0,0,0,14000,64000,-50000,-50000
06928P,鴻海元大99售10  ,0,0,0,0,0,0,0,0,0,-50000,0,0,0,0,50000,-50000,-50000
069954,欣興永豐03購01  ,0,0,0,0,0,0,0,0,0,-50000,0,0,0,0,50000,-50000,-50000
069753,欣興中信03購01  ,0,0,0,0,0,0,0,0,0,-50000,0,0,0,0,50000,-50000,-50000
069744,奇鋐永豐02購04  ,0,0,0,0,0,0,0,0,0,-50000,0,0,0,0,50000,-50000,-50000
062705,美食元大9B購01  ,0,0,0,0,0,0,0,0,0,-50000,0,0,0,0,50000,-50000,-50000
058154,泰碩統一9A購01  ,0,0,0,0,0,0,0,0,0,-50000,0,0,0,0,50000,-50000,-50000
059639,大立光凱基9A購06,0,0,0,0,0,0,0,0,0,-50000,0,0,0,0,50000,-50000,-50000
058809,國巨統一9B購03  ,0,0,0,0,0,0,0,0,0,-50000,0,0,0,0,50000,-50000,-50000
03334P,宏達電元大02售04,0,0,0,0,0,0,0,0,0,-50000,0,0,0,2000,52000,-50000,-50000
03183P,鴻海元大01售28  ,0,0,0,0,0,0,0,0,0,-50000,0,0,0,0,50000,-50000,-50000
03083P,鴻海元大01售22  ,0,0,0,0,0,0,0,0,0,-50000,0,0,0,0,50000,-50000,-50000
059533,富邦金凱基99購01,0,0,0,0,0,0,0,0,0,-50000,0,0,0,0,50000,-50000,-50000
060712,建準永豐9A購01  ,0,0,0,0,0,0,0,0,0,-50000,0,0,0,10000,60000,-50000,-50000
064034,台表科元大9C購07,0,0,0,0,0,0,0,0,0,-50000,0,0,0,0,50000,-50000,-50000
062858,微星國票9B購01  ,0,0,0,0,0,0,0,0,0,-50000,0,0,0,33000,83000,-50000,-50000
061917,亞德客凱基9B購02,0,0,0,0,0,0,0,0,0,-50000,0,0,0,0,50000,-50000,-50000
063527,美食凱基01購01  ,0,0,0,0,0,0,0,0,0,-50000,0,0,0,0,50000,-50000,-50000
063730,台積電元大9B購09,0,0,0,0,0,0,0,0,0,-50000,0,0,0,10000,60000,-50000,-50000
062574,美食群益9B購02  ,0,0,0,0,0,0,0,0,0,-50000,0,0,0,50000,100000,-50000,-50000
062607,美食凱基9B購01  ,0,0,0,0,0,0,0,0,0,-50000,0,0,0,0,50000,-50000,-50000
062608,智易凱基9B購01  ,0,0,0,0,0,0,0,0,0,-50000,0,0,0,10000,60000,-50000,-50000
062212,臻鼎台新9B購01  ,0,0,0,0,0,0,0,0,0,-50000,0,0,0,40000,90000,-50000,-50000
065017,和大富邦03購01  ,0,0,0,0,0,0,0,0,0,-50000,0,0,0,185000,235000,-50000,-50000
065143,聯發科凱基9C購07,0,0,0,0,0,0,0,0,0,-50000,0,0,0,0,50000,-50000,-50000
067844,全新元富07購01  ,0,0,0,0,0,0,0,0,0,-50000,0,0,0,0,50000,-50000,-50000
067848,臻鼎元富07購01  ,0,0,0,0,0,0,0,0,0,-50000,0,0,0,183000,233000,-50000,-50000
066200,建準統一02購01  ,0,0,0,0,0,0,0,0,0,-50000,0,0,0,0,50000,-50000,-50000
066228,嘉基國泰02購01  ,0,0,0,0,0,0,0,0,0,-50000,0,0,0,0,50000,-50000,-50000
066499,台郡國泰02購01  ,0,0,0,0,0,0,0,0,0,-50000,0,0,0,0,50000,-50000,-50000
065229,友達凱基02購03  ,0,0,0,0,0,0,0,0,0,-50000,0,0,0,0,50000,-50000,-50000
065269,貿聯元大9C購05  ,0,0,0,0,0,0,0,0,0,-50000,0,0,0,175000,225000,-50000,-50000
065681,聯發科統一9C購17,0,0,0,0,0,0,0,0,0,-50000,0,0,0,170000,220000,-50000,-50000
08949P,臺股指國票01售06,0,0,0,0,0,0,0,0,0,-50000,0,0,0,60000,110000,-50000,-50000
08961P,大毅凱基01售03  ,0,0,0,0,0,0,0,0,0,-50000,0,0,0,0,50000,-50000,-50000
08684P,禾伸堂凱基01售01,0,0,0,0,0,0,0,0,0,-50000,0,0,0,20000,70000,-50000,-50000
08712P,國巨元富07售03  ,0,0,0,0,0,0,0,0,0,-50000,0,0,0,0,50000,-50000,-50000
3702A,大聯大甲特      ,0,0,0,0,0,0,0,0,0,-50000,0,50000,-50000,0,0,0,-50000
07076P,鴻海凱基9A售08  ,0,0,0,0,0,0,0,0,0,-51000,0,0,0,0,51000,-51000,-51000
069173,康舒元大02購02  ,0,0,0,0,0,0,0,0,0,-51000,0,0,0,109000,160000,-51000,-51000
068326,技嘉元大01購04  ,0,0,0,0,0,0,0,0,0,-51000,0,0,0,381000,432000,-51000,-51000
067966,聯發科群益01購09,0,0,0,0,0,0,0,0,0,-51000,0,0,0,0,51000,-51000,-51000
060816,世紀鋼凱基9C購02,0,0,0,0,0,0,0,0,0,-51000,0,0,0,15000,66000,-51000,-51000
03427B,臺股指元大9A熊02,0,0,0,0,0,0,0,0,0,-51000,0,0,0,124000,175000,-51000,-51000
03018P,華邦電群益01售03,0,0,0,0,0,0,0,0,0,-51000,0,0,0,0,51000,-51000,-51000
062197,聯發科中信01購03,0,0,0,0,0,0,0,0,0,-51000,0,0,0,0,51000,-51000,-51000
061596,健策永豐9A購03  ,0,0,0,0,0,0,0,0,0,-51000,0,0,0,0,51000,-51000,-51000
061915,T50反1凱基02購02,0,0,0,0,0,0,0,0,0,-51000,0,0,0,82000,133000,-51000,-51000
064189,TPK永豐9C購01   ,0,0,0,0,0,0,0,0,0,-51000,0,0,0,0,51000,-51000,-51000
06466P,台積電統一9B售01,0,0,0,0,0,0,0,0,0,-51000,0,0,0,0,51000,-51000,-51000
063359,泰鼎國泰01購01  ,0,0,0,0,0,0,0,0,0,-51000,0,0,0,9000,60000,-51000,-51000
065262,義隆元大9C購06  ,0,0,0,0,0,0,0,0,0,-51000,0,0,0,14000,65000,-51000,-51000
066472,美利達統一02購01,0,0,0,0,0,0,0,0,0,-51000,0,0,0,136000,187000,-51000,-51000
067332,旺宏凱基03購02  ,0,0,0,0,0,0,0,0,0,-51000,0,0,0,181000,232000,-51000,-51000
4967,十銓            ,112000,164000,-52000,0,0,0,0,0,0,1000,1000,0,1000,0,0,0,-51000
068957,美利達凱基02購02,0,0,0,0,0,0,0,0,0,-52000,0,0,0,100000,152000,-52000,-52000
07557P,玉晶光元大9A售09,0,0,0,0,0,0,0,0,0,-52000,0,0,0,0,52000,-52000,-52000
08186P,泰碩永豐9B售03  ,0,0,0,0,0,0,0,0,0,-52000,0,0,0,0,52000,-52000,-52000
069617,台積電統一03購18,0,0,0,0,0,0,0,0,0,-52000,0,0,0,0,52000,-52000,-52000
069775,欣興元大03購04  ,0,0,0,0,0,0,0,0,0,-52000,0,0,0,14000,66000,-52000,-52000
069898,華碩元大02購04  ,0,0,0,0,0,0,0,0,0,-52000,0,0,0,6000,58000,-52000,-52000
03495P,南電康和02售02  ,0,0,0,0,0,0,0,0,0,-52000,0,0,0,20000,72000,-52000,-52000
060032,利勤永豐99購01  ,0,0,0,0,0,0,0,0,0,-52000,0,0,0,0,52000,-52000,-52000
062739,嘉晶國票9B購02  ,0,0,0,0,0,0,0,0,0,-52000,0,0,0,44000,96000,-52000,-52000
064285,貿聯元大9C購02  ,0,0,0,0,0,0,0,0,0,-52000,0,0,0,139000,191000,-52000,-52000
06334P,臺股指群益9C售03,0,0,0,0,0,0,0,0,0,-52000,0,0,0,2000,54000,-52000,-52000
067565,聯發科日盛01購01,0,0,0,0,0,0,0,0,0,-52000,0,0,0,3000,55000,-52000,-52000
066522,建準中信01購01  ,0,0,0,0,0,0,0,0,0,-52000,0,0,0,41000,93000,-52000,-52000
065906,瑞昱永豐9C購01  ,0,0,0,0,0,0,0,0,0,-52000,0,0,0,15000,67000,-52000,-52000
08998P,玉晶光群益02售15,0,0,0,0,0,0,0,0,0,-52000,0,0,0,0,52000,-52000,-52000
069075,上銀凱基03購01  ,0,0,0,0,0,0,0,0,0,-53000,0,0,0,86000,139000,-53000,-53000
069146,欣興永豐02購03  ,0,0,0,0,0,0,0,0,0,-53000,0,0,0,14000,67000,-53000,-53000
058592,聯發科統一9C購01,0,0,0,0,0,0,0,0,0,-53000,0,0,0,5000,58000,-53000,-53000
057947,和碩國票99購01  ,0,0,0,0,0,0,0,0,0,-53000,0,0,0,5000,58000,-53000,-53000
03074P,大立光國泰03售05,0,0,0,0,0,0,0,0,0,-53000,0,0,0,1000,54000,-53000,-53000
03159P,大立光元大01售21,0,0,0,0,0,0,0,0,0,-53000,0,0,0,0,53000,-53000,-53000
064638,儒鴻凱基9C購03  ,0,0,0,0,0,0,0,0,0,-53000,0,0,0,167000,220000,-53000,-53000
064732,GIS統一01購03   ,0,0,0,0,0,0,0,0,0,-53000,0,0,0,38000,91000,-53000,-53000
065022,同欣電富邦01購01,0,0,0,0,0,0,0,0,0,-53000,0,0,0,1000,54000,-53000,-53000
064849,大立光元富9C購06,0,0,0,0,0,0,0,0,0,-53000,0,0,0,0,53000,-53000,-53000
066194,美利達凱基01購01,0,0,0,0,0,0,0,0,0,-53000,0,0,0,133000,186000,-53000,-53000
066517,智伸科永豐01購01,0,0,0,0,0,0,0,0,0,-53000,0,0,0,0,53000,-53000,-53000
065456,義隆元富9C購03  ,0,0,0,0,0,0,0,0,0,-53000,0,0,0,19000,72000,-53000,-53000
1474,弘裕            ,214000,272000,-58000,0,0,0,0,0,0,5000,6000,1000,5000,0,0,0,-53000
2380,虹光            ,39000,92000,-53000,0,0,0,0,0,0,0,0,0,0,0,0,0,-53000
069160,聯發科元大02購07,0,0,0,0,0,0,0,0,0,-54000,0,0,0,0,54000,-54000,-54000
063781,健策永豐9B購08  ,0,0,0,0,0,0,0,0,0,-54000,0,0,0,47000,101000,-54000,-54000
062385,玉晶光國泰01購01,0,0,0,0,0,0,0,0,0,-54000,0,0,0,14000,68000,-54000,-54000
061902,百和永豐9B購01  ,0,0,0,0,0,0,0,0,0,-54000,0,0,0,6000,60000,-54000,-54000
067004,義隆永豐01購01  ,0,0,0,0,0,0,0,0,0,-54000,0,0,0,1000,55000,-54000,-54000
3705,永信            ,84000,138000,-54000,0,0,0,0,0,0,0,1000,1000,0,0,0,0,-54000
1560,中砂            ,20000,74000,-54000,0,0,0,0,0,0,0,0,0,0,0,0,0,-54000
068658,義隆元大02購01  ,0,0,0,0,0,0,0,0,0,-55000,0,0,0,172000,227000,-55000,-55000
069946,國巨國泰03購03  ,0,0,0,0,0,0,0,0,0,-55000,0,0,0,2000,57000,-55000,-55000
03207P,臺股指凱基03售09,0,0,0,0,0,0,0,0,0,-55000,0,0,0,5000,60000,-55000,-55000
055989,矽力元富9A購01  ,0,0,0,0,0,0,0,0,0,-55000,0,0,0,3000,58000,-55000,-55000
060732,玉晶光群益9C購02,0,0,0,0,0,0,0,0,0,-55000,0,0,0,18000,73000,-55000,-55000
060065,大立光兆豐9B購01,0,0,0,0,0,0,0,0,0,-55000,0,0,0,0,55000,-55000,-55000
058105,旺宏統一9A購02  ,0,0,0,0,0,0,0,0,0,-55000,0,0,0,11000,66000,-55000,-55000
058706,聯鈞元大9C購01  ,0,0,0,0,0,0,0,0,0,-55000,0,0,0,20000,75000,-55000,-55000
063751,祥碩國票9C購02  ,0,0,0,0,0,0,0,0,0,-55000,0,0,0,0,55000,-55000,-55000
066691,京元電台新01購01,0,0,0,0,0,0,0,0,0,-55000,0,0,0,141000,196000,-55000,-55000
08905P,金像電群益01售06,0,0,0,0,0,0,0,0,0,-55000,0,0,0,160000,215000,-55000,-55000
08774P,華擎凱基01售02  ,0,0,0,0,0,0,0,0,0,-55000,0,0,0,25000,80000,-55000,-55000
069341,國產群益04購01  ,0,0,0,0,0,0,0,0,0,-56000,0,0,0,44000,100000,-56000,-56000
08298P,大立光國票9C售01,0,0,0,0,0,0,0,0,0,-56000,0,0,0,0,56000,-56000,-56000
068821,聯詠元大02購01  ,0,0,0,0,0,0,0,0,0,-56000,0,0,0,172000,228000,-56000,-56000
068169,臺股指元大01購22,0,0,0,0,0,0,0,0,0,-56000,0,0,0,20000,76000,-56000,-56000
068327,聯發科元大01購27,0,0,0,0,0,0,0,0,0,-56000,0,0,0,516000,572000,-56000,-56000
068307,美律國票03購01  ,0,0,0,0,0,0,0,0,0,-56000,0,0,0,0,56000,-56000,-56000
059986,宏達電元大99購08,0,0,0,0,0,0,0,0,0,-56000,0,0,0,0,56000,-56000,-56000
060637,玉晶光永豐9A購03,0,0,0,0,0,0,0,0,0,-56000,0,0,0,33000,89000,-56000,-56000
03064P,台灣50群益01售14,0,0,0,0,0,0,0,0,0,-56000,0,0,0,3000,59000,-56000,-56000
03229P,臺股指凱基02售07,0,0,0,0,0,0,0,0,0,-56000,0,0,0,0,56000,-56000,-56000
00711B,FH彭博新興債    ,0,36000,-36000,0,0,0,0,0,0,-20000,0,0,0,6000,26000,-20000,-56000
061257,上銀凱基9A購06  ,0,0,0,0,0,0,0,0,0,-56000,0,0,0,96000,152000,-56000,-56000
063153,南六元富9B購01  ,0,0,0,0,0,0,0,0,0,-56000,0,0,0,11000,67000,-56000,-56000
064328,華通元大9C購04  ,0,0,0,0,0,0,0,0,0,-56000,0,0,0,10000,66000,-56000,-56000
066674,達方凱基01購01  ,0,0,0,0,0,0,0,0,0,-56000,0,0,0,148000,204000,-56000,-56000
065749,友訊元大9C購03  ,0,0,0,0,0,0,0,0,0,-56000,0,0,0,148000,204000,-56000,-56000
065803,大立光群益01購03,0,0,0,0,0,0,0,0,0,-56000,0,0,0,185000,241000,-56000,-56000
066370,帆宣中信01購01  ,0,0,0,0,0,0,0,0,0,-56000,0,0,0,21000,77000,-56000,-56000
6591,動力-KY         ,44000,101000,-57000,0,0,0,0,0,0,1000,1000,0,1000,0,0,0,-56000
069284,聯電國泰03購02  ,0,0,0,0,0,0,0,0,0,-57000,0,0,0,74000,131000,-57000,-57000
03265P,訊芯國票04售01  ,0,0,0,0,0,0,0,0,0,-57000,0,0,0,0,57000,-57000,-57000
03027P,玉晶光元大01售09,0,0,0,0,0,0,0,0,0,-57000,0,0,0,31000,88000,-57000,-57000
057730,聯鈞國泰9A購01  ,0,0,0,0,0,0,0,0,0,-57000,0,0,0,110000,167000,-57000,-57000
054526,道瓊反統一98購01,0,0,0,0,0,0,0,0,0,-57000,0,0,0,0,57000,-57000,-57000
063560,力山元大9B購05  ,0,0,0,0,0,0,0,0,0,-57000,0,0,0,141000,198000,-57000,-57000
062845,微星富邦01購01  ,0,0,0,0,0,0,0,0,0,-57000,0,0,0,20000,77000,-57000,-57000
064846,旺宏元富03購01  ,0,0,0,0,0,0,0,0,0,-57000,0,0,0,13000,70000,-57000,-57000
064958,GIS凱基02購03   ,0,0,0,0,0,0,0,0,0,-57000,0,0,0,37000,94000,-57000,-57000
066394,建準凱基01購01  ,0,0,0,0,0,0,0,0,0,-57000,0,0,0,26000,83000,-57000,-57000
4106,雃博            ,177000,234000,-57000,0,0,0,0,0,0,0,0,0,0,0,0,0,-57000
4916,事欣科          ,42000,99000,-57000,0,0,0,0,0,0,0,0,0,0,0,0,0,-57000
2466,冠西電          ,4000,61000,-57000,0,0,0,0,0,0,0,0,0,0,0,0,0,-57000
08752P,長榮航群益01售01,0,0,0,0,0,0,0,0,0,-57000,0,0,0,43000,100000,-57000,-57000
2109,華豐            ,14000,71000,-57000,0,0,0,0,0,0,0,0,0,0,0,0,0,-57000
9917,中保科          ,32000,89300,-57300,0,0,0,0,0,0,0,0,0,0,0,0,0,-57300
069134,上銀永豐02購01  ,0,0,0,0,0,0,0,0,0,-58000,0,0,0,111000,169000,-58000,-58000
062679,技嘉統一01購01  ,0,0,0,0,0,0,0,0,0,-58000,0,0,0,138000,196000,-58000,-58000
061038,TPK永豐9A購01   ,0,0,0,0,0,0,0,0,0,-58000,0,0,0,102000,160000,-58000,-58000
055817,京鼎國票99購01  ,0,0,0,0,0,0,0,0,0,-58000,0,0,0,42000,100000,-58000,-58000
060718,中磊永豐9A購01  ,0,0,0,0,0,0,0,0,0,-58000,0,0,0,8000,66000,-58000,-58000
03239P,臺股指元大02售04,0,0,0,0,0,0,0,0,0,-58000,0,0,0,22000,80000,-58000,-58000
065144,大立光凱基01購06,0,0,0,0,0,0,0,0,0,-58000,0,0,0,0,58000,-58000,-58000
065089,大立光元大9C購23,0,0,0,0,0,0,0,0,0,-58000,0,0,0,100000,158000,-58000,-58000
065589,景碩永豐9C購02  ,0,0,0,0,0,0,0,0,0,-58000,0,0,0,10000,68000,-58000,-58000
065472,華新元大01購01  ,0,0,0,0,0,0,0,0,0,-58000,0,0,0,138000,196000,-58000,-58000
065210,健策國票01購03  ,0,0,0,0,0,0,0,0,0,-58000,0,0,0,81000,139000,-58000,-58000
065233,TPK凱基01購01   ,0,0,0,0,0,0,0,0,0,-58000,0,0,0,13000,71000,-58000,-58000
067002,生達永豐01購02  ,0,0,0,0,0,0,0,0,0,-58000,0,0,0,0,58000,-58000,-58000
067395,金像電永豐01購04,0,0,0,0,0,0,0,0,0,-58000,0,0,0,0,58000,-58000,-58000
3454,晶睿            ,1000,59000,-58000,0,0,0,0,0,0,0,0,0,0,0,0,0,-58000
068809,台灣50元大02購07,0,0,0,0,0,0,0,0,0,-59000,0,0,0,1000,60000,-59000,-59000
069633,聯詠元富08購01  ,0,0,0,0,0,0,0,0,0,-59000,0,0,0,0,59000,-59000,-59000
08556P,臺股指中信01售08,0,0,0,0,0,0,0,0,0,-59000,0,0,0,81000,140000,-59000,-59000
07085P,超眾元富9C售01  ,0,0,0,0,0,0,0,0,0,-59000,0,0,0,84000,143000,-59000,-59000
03072P,台積電國泰03售04,0,0,0,0,0,0,0,0,0,-59000,0,0,0,60000,119000,-59000,-59000
03492P,創意元大02售03  ,0,0,0,0,0,0,0,0,0,-59000,0,0,0,0,59000,-59000,-59000
062689,華擎統一02購01  ,0,0,0,0,0,0,0,0,0,-59000,0,0,0,82000,141000,-59000,-59000
062161,南六凱基9C購01  ,0,0,0,0,0,0,0,0,0,-59000,0,0,0,4000,63000,-59000,-59000
063154,南六元富9B購02  ,0,0,0,0,0,0,0,0,0,-59000,0,0,0,0,59000,-59000,-59000
067593,亞德客凱基01購01,0,0,0,0,0,0,0,0,0,-59000,0,0,0,0,59000,-59000,-59000
065644,義隆元大9C購08  ,0,0,0,0,0,0,0,0,0,-59000,0,0,0,17000,76000,-59000,-59000
4540,全球傳動        ,48000,107000,-59000,0,0,0,0,0,0,0,0,0,0,0,0,0,-59000
2461,光群雷          ,205000,264000,-59000,0,0,0,0,0,0,0,0,0,0,0,0,0,-59000
2929,淘帝-KY         ,98000,156000,-58000,0,0,0,0,0,0,-1000,0,1000,-1000,0,0,0,-59000
08773P,瑞昱凱基01售01  ,0,0,0,0,0,0,0,0,0,-59000,0,0,0,358000,417000,-59000,-59000
07391P,台灣50國泰02售01,0,0,0,0,0,0,0,0,0,-60000,0,0,0,0,60000,-60000,-60000
07874P,長榮航群益9B售01,0,0,0,0,0,0,0,0,0,-60000,0,0,0,40000,100000,-60000,-60000
08148P,長榮航群益9B售03,0,0,0,0,0,0,0,0,0,-60000,0,0,0,40000,100000,-60000,-60000
08413P,臻鼎凱基9C售03  ,0,0,0,0,0,0,0,0,0,-60000,0,0,0,0,60000,-60000,-60000
08379P,台積電國泰02售02,0,0,0,0,0,0,0,0,0,-60000,0,0,0,389000,449000,-60000,-60000
08202P,台表科國泰01售04,0,0,0,0,0,0,0,0,0,-60000,0,0,0,0,60000,-60000,-60000
069613,華通統一03購01  ,0,0,0,0,0,0,0,0,0,-60000,0,0,0,0,60000,-60000,-60000
068778,華邦電台新02購01,0,0,0,0,0,0,0,0,0,-60000,0,0,0,3000,63000,-60000,-60000
069050,聯發科元富04購04,0,0,0,0,0,0,0,0,0,-60000,0,0,0,0,60000,-60000,-60000
068041,訊芯元富07購01  ,0,0,0,0,0,0,0,0,0,-60000,0,0,0,40000,100000,-60000,-60000
062701,漢唐元大9B購01  ,0,0,0,0,0,0,0,0,0,-60000,0,0,0,41000,101000,-60000,-60000
058593,大立光統一9B購02,0,0,0,0,0,0,0,0,0,-60000,0,0,0,0,60000,-60000,-60000
058297,茂林凱基9A購02  ,0,0,0,0,0,0,0,0,0,-60000,0,0,0,0,60000,-60000,-60000
058294,華新科凱基9A購01,0,0,0,0,0,0,0,0,0,-60000,0,0,0,0,60000,-60000,-60000
057881,SP黃豆群益9A購01,0,0,0,0,0,0,0,0,0,-60000,0,0,0,50000,110000,-60000,-60000
057841,茂林富邦9A購02  ,0,0,0,0,0,0,0,0,0,-60000,0,0,0,0,60000,-60000,-60000
060531,大立光中信9A購04,0,0,0,0,0,0,0,0,0,-60000,0,0,0,0,60000,-60000,-60000
03507P,臺股指群益02售12,0,0,0,0,0,0,0,0,0,-60000,0,0,0,0,60000,-60000,-60000
056375,玉晶光統一01購01,0,0,0,0,0,0,0,0,0,-60000,0,0,0,15000,75000,-60000,-60000
03084P,鴻海元大01售23  ,0,0,0,0,0,0,0,0,0,-60000,0,0,0,0,60000,-60000,-60000
03167P,友達元富07售02  ,0,0,0,0,0,0,0,0,0,-60000,0,0,0,0,60000,-60000,-60000
057112,立積群益99購01  ,0,0,0,0,0,0,0,0,0,-60000,0,0,0,0,60000,-60000,-60000
061273,臺股指凱基9A購23,0,0,0,0,0,0,0,0,0,-60000,0,0,0,0,60000,-60000,-60000
063930,高鐵統一02購02  ,0,0,0,0,0,0,0,0,0,-60000,0,0,0,0,60000,-60000,-60000
061845,SP黃豆國票9B購02,0,0,0,0,0,0,0,0,0,-60000,0,0,0,0,60000,-60000,-60000
062543,華通富邦9C購01  ,0,0,0,0,0,0,0,0,0,-60000,0,0,0,0,60000,-60000,-60000
062005,旺宏國泰01購01  ,0,0,0,0,0,0,0,0,0,-60000,0,0,0,0,60000,-60000,-60000
06586P,鴻海元大9C售01  ,0,0,0,0,0,0,0,0,0,-60000,0,0,0,0,60000,-60000,-60000
066567,臻鼎元大01購01  ,0,0,0,0,0,0,0,0,0,-60000,0,0,0,24000,84000,-60000,-60000
065954,大立光統一03購01,0,0,0,0,0,0,0,0,0,-60000,0,0,0,10000,70000,-60000,-60000
066968,技嘉元富07購01  ,0,0,0,0,0,0,0,0,0,-60000,0,0,0,98000,158000,-60000,-60000
066576,矽創元大01購02  ,0,0,0,0,0,0,0,0,0,-60000,0,0,0,56000,116000,-60000,-60000
08792P,聯發科中信02售02,0,0,0,0,0,0,0,0,0,-60000,0,0,0,124000,184000,-60000,-60000
08938P,大立光元大01售15,0,0,0,0,0,0,0,0,0,-60000,0,0,0,100000,160000,-60000,-60000
08683P,大立光凱基02售03,0,0,0,0,0,0,0,0,0,-60000,0,0,0,196000,256000,-60000,-60000
3419,譁裕            ,34000,94000,-60000,0,0,0,0,0,0,0,0,0,0,0,0,0,-60000
069065,聯發科麥證02購01,0,0,0,75000,136000,-61000,0,0,0,-61000,0,0,0,75000,136000,-61000,-61000
08417P,聯發科元大9C售12,0,0,0,0,0,0,0,0,0,-61000,0,0,0,0,61000,-61000,-61000
03082P,鴻海元大01售21  ,0,0,0,0,0,0,0,0,0,-61000,0,0,0,2000,63000,-61000,-61000
03266P,寶成國票04售01  ,0,0,0,0,0,0,0,0,0,-61000,0,0,0,0,61000,-61000,-61000
03047P,矽創國票03售01  ,0,0,0,0,0,0,0,0,0,-61000,0,0,0,30000,91000,-61000,-61000
060194,旭富元富9A購01  ,0,0,0,0,0,0,0,0,0,-61000,0,0,0,0,61000,-61000,-61000
061987,大立光元大9B購03,0,0,0,0,0,0,0,0,0,-61000,0,0,0,47000,108000,-61000,-61000
064749,巨大國票01購01  ,0,0,0,0,0,0,0,0,0,-61000,0,0,0,19000,80000,-61000,-61000
067500,台表科元大01購03,0,0,0,0,0,0,0,0,0,-61000,0,0,0,315000,376000,-61000,-61000
067870,玉晶光元大01購07,0,0,0,0,0,0,0,0,0,-61000,0,0,0,0,61000,-61000,-61000
065515,大立光群益02購01,0,0,0,0,0,0,0,0,0,-61000,0,0,0,0,61000,-61000,-61000
08393P,鴻海群益9C售05  ,0,0,0,0,0,0,0,0,0,-62000,0,0,0,51000,113000,-62000,-62000
069762,啟碁兆豐03購01  ,0,0,0,0,0,0,0,0,0,-62000,0,0,0,0,62000,-62000,-62000
069248,聯發科凱基02購08,0,0,0,0,0,0,0,0,0,-62000,0,0,0,0,62000,-62000,-62000
068603,京元電凱基03購01,0,0,0,0,0,0,0,0,0,-62000,0,0,0,19000,81000,-62000,-62000
060107,旭富元大99購03  ,0,0,0,0,0,0,0,0,0,-62000,0,0,0,88000,150000,-62000,-62000
064220,力山國票01購01  ,0,0,0,0,0,0,0,0,0,-62000,0,0,0,68000,130000,-62000,-62000
03037P,玉晶光國票02售02,0,0,0,0,0,0,0,0,0,-62000,0,0,0,30000,92000,-62000,-62000
03269P,健策元大02售04  ,0,0,0,0,0,0,0,0,0,-62000,0,0,0,0,62000,-62000,-62000
00710B,FH彭博高收益債  ,0,50000,-50000,0,0,0,0,0,0,-12000,0,0,0,124000,136000,-12000,-62000
063027,台汽電元大9B購01,0,0,0,0,0,0,0,0,0,-62000,0,0,0,0,62000,-62000,-62000
061616,鴻海群益9A購07  ,0,0,0,0,0,0,0,0,0,-62000,0,0,0,0,62000,-62000,-62000
062761,嘉晶凱基9C購01  ,0,0,0,0,0,0,0,0,0,-62000,0,0,0,192000,254000,-62000,-62000
6449,鈺邦            ,54000,118000,-64000,0,0,0,0,0,0,2000,4000,2000,2000,0,0,0,-62000
2939,凱羿-KY         ,191000,268000,-77000,0,0,0,0,0,0,15000,15000,0,15000,0,0,0,-62000
08733P,臺股指麥證01售05,0,0,0,10000,72000,-62000,0,0,0,-62000,0,0,0,10000,72000,-62000,-62000
08884P,義隆國票02售01  ,0,0,0,0,0,0,0,0,0,-62000,0,0,0,0,62000,-62000,-62000
068317,台灣50元大01購35,0,0,0,0,0,0,0,0,0,-63000,0,0,0,0,63000,-63000,-63000
069097,瑞昱統一04購01  ,0,0,0,0,0,0,0,0,0,-63000,0,0,0,0,63000,-63000,-63000
08282P,南六群益9C售01  ,0,0,0,0,0,0,0,0,0,-63000,0,0,0,0,63000,-63000,-63000
08426P,奇力新國票01售01,0,0,0,0,0,0,0,0,0,-63000,0,0,0,37000,100000,-63000,-63000
08457P,大毅元大9C售03  ,0,0,0,0,0,0,0,0,0,-63000,0,0,0,0,63000,-63000,-63000
08154P,上銀元富9B售04  ,0,0,0,0,0,0,0,0,0,-63000,0,0,0,0,63000,-63000,-63000
055902,同欣電中信99購01,0,0,0,0,0,0,0,0,0,-63000,0,0,0,27000,90000,-63000,-63000
060489,世紀鋼群益9A購01,0,0,0,0,0,0,0,0,0,-63000,0,0,0,81000,144000,-63000,-63000
063518,儒鴻凱基9B購02  ,0,0,0,0,0,0,0,0,0,-63000,0,0,0,56000,119000,-63000,-63000
066250,大成鋼元大01購01,0,0,0,0,0,0,0,0,0,-63000,0,0,0,2000,65000,-63000,-63000
08923P,聯發科統一01售13,0,0,0,0,0,0,0,0,0,-63000,0,0,0,79000,142000,-63000,-63000
2059,川湖            ,49000,96000,-47000,0,0,0,0,16000,-16000,0,0,0,0,0,0,0,-63000
2612,中航            ,11000,74000,-63000,0,0,0,0,0,0,0,0,0,0,0,0,0,-63000
2413,環科            ,32000,95000,-63000,0,0,0,0,0,0,0,0,0,0,0,0,0,-63000
8404,百和興業-KY     ,30000,99000,-69000,0,0,0,0,0,0,6000,6000,0,6000,0,0,0,-63000
08346P,大立光元大9C售15,0,0,0,0,0,0,0,0,0,-64000,0,0,0,55000,119000,-64000,-64000
069152,台灣50元大02購10,0,0,0,0,0,0,0,0,0,-64000,0,0,0,1000,65000,-64000,-64000
068890,南六統一02購03  ,0,0,0,0,0,0,0,0,0,-64000,0,0,0,42000,106000,-64000,-64000
068626,帆宣群益02購01  ,0,0,0,0,0,0,0,0,0,-64000,0,0,0,0,64000,-64000,-64000
064379,TPK元富9C購01   ,0,0,0,0,0,0,0,0,0,-64000,0,0,0,13000,77000,-64000,-64000
061198,世紀鋼永豐9A購03,0,0,0,0,0,0,0,0,0,-64000,0,0,0,2000,66000,-64000,-64000
063703,晶豪科群益9B購02,0,0,0,0,0,0,0,0,0,-64000,0,0,0,317000,381000,-64000,-64000
064080,宏達電中信06購01,0,0,0,0,0,0,0,0,0,-64000,0,0,0,59000,123000,-64000,-64000
061610,力成統一9C購01  ,0,0,0,0,0,0,0,0,0,-64000,0,0,0,139000,203000,-64000,-64000
064753,英業達凱基9C購01,0,0,0,0,0,0,0,0,0,-64000,0,0,0,4000,68000,-64000,-64000
064767,宏全凱基9C購01  ,0,0,0,0,0,0,0,0,0,-64000,0,0,0,36000,100000,-64000,-64000
065185,和大統一02購05  ,0,0,0,0,0,0,0,0,0,-64000,0,0,0,0,64000,-64000,-64000
066690,瑞昱台新01購01  ,0,0,0,0,0,0,0,0,0,-64000,0,0,0,58000,122000,-64000,-64000
2535,達欣工          ,259000,555000,-296000,0,0,0,0,0,0,232000,310000,0,310000,1000,79000,-78000,-64000
4164,承業醫          ,15000,74000,-59000,0,0,0,0,0,0,-5000,6000,11000,-5000,0,0,0,-64000
4961,天鈺            ,199000,266000,-67000,0,0,0,0,0,0,3000,3000,0,3000,0,0,0,-64000
08972P,義隆永豐01售02  ,0,0,0,0,0,0,0,0,0,-64000,0,0,0,55000,119000,-64000,-64000
068260,道瓊銀富邦07購01,0,0,0,0,0,0,0,0,0,-65000,0,0,0,0,65000,-65000,-65000
068264,達新永豐01購01  ,0,0,0,0,0,0,0,0,0,-65000,0,0,0,0,65000,-65000,-65000
068689,亞德客凱基02購01,0,0,0,0,0,0,0,0,0,-65000,0,0,0,0,65000,-65000,-65000
058287,國巨國票9A購02  ,0,0,0,0,0,0,0,0,0,-65000,0,0,0,220000,285000,-65000,-65000
052659,上証2X國票99購01,0,0,0,0,0,0,0,0,0,-65000,0,0,0,0,65000,-65000,-65000
064841,彩晶統一02購02  ,0,0,0,0,0,0,0,0,0,-65000,0,0,0,106000,171000,-65000,-65000
063873,南六永豐9C購01  ,0,0,0,0,0,0,0,0,0,-65000,0,0,0,0,65000,-65000,-65000
067090,南六元大01購04  ,0,0,0,0,0,0,0,0,0,-65000,0,0,0,286000,351000,-65000,-65000
065678,聯發科統一01購07,0,0,0,0,0,0,0,0,0,-65000,0,0,0,282000,347000,-65000,-65000
08936P,鴻海元大01售20  ,0,0,0,0,0,0,0,0,0,-65000,0,0,0,10000,75000,-65000,-65000
4999,鑫禾            ,21000,126000,-105000,0,0,0,0,0,0,40000,40000,0,40000,0,0,0,-65000
2527,宏璟            ,19000,84000,-65000,0,0,0,0,0,0,0,0,0,0,0,0,0,-65000
08451P,南六統一9C售06  ,0,0,0,0,0,0,0,0,0,-66000,0,0,0,30000,96000,-66000,-66000
064474,華新科麥證01購01,0,0,0,34000,100000,-66000,0,0,0,-66000,0,0,0,34000,100000,-66000,-66000
063159,嘉澤國泰01購01  ,0,0,0,0,0,0,0,0,0,-66000,0,0,0,0,66000,-66000,-66000
064517,國巨群益02購01  ,0,0,0,0,0,0,0,0,0,-66000,0,0,0,63000,129000,-66000,-66000
065413,玉晶光永豐9C購10,0,0,0,0,0,0,0,0,0,-66000,0,0,0,9000,75000,-66000,-66000
066080,台光電國泰03購01,0,0,0,0,0,0,0,0,0,-66000,0,0,0,0,66000,-66000,-66000
066762,總太永豐01購02  ,0,0,0,0,0,0,0,0,0,-66000,0,0,0,0,66000,-66000,-66000
067493,健策元大01購12  ,0,0,0,0,0,0,0,0,0,-66000,0,0,0,48000,114000,-66000,-66000
2038,海光            ,103000,169000,-66000,0,0,0,0,0,0,0,0,0,0,0,0,0,-66000
069936,南電統一03購03  ,0,0,0,0,0,0,0,0,0,-67000,0,0,0,0,67000,-67000,-67000
069184,富邦金麥證02購01,0,0,0,113000,172000,-59000,0,0,0,-67000,0,0,0,113000,180000,-67000,-67000
068424,台灣50凱基04購11,0,0,0,0,0,0,0,0,0,-67000,0,0,0,70000,137000,-67000,-67000
03426P,道瓊銀元大03售05,0,0,0,0,0,0,0,0,0,-67000,0,0,0,99000,166000,-67000,-67000
03062P,世紀鋼凱基02售02,0,0,0,0,0,0,0,0,0,-67000,0,0,0,3000,70000,-67000,-67000
063769,玉晶光國泰02購01,0,0,0,0,0,0,0,0,0,-67000,0,0,0,16000,83000,-67000,-67000
063116,大立光麥證9C購01,0,0,0,0,67000,-67000,0,0,0,-67000,0,0,0,0,67000,-67000,-67000
063176,南亞科兆豐9B購01,0,0,0,0,0,0,0,0,0,-67000,0,0,0,0,67000,-67000,-67000
063466,美食元大9B購02  ,0,0,0,0,0,0,0,0,0,-67000,0,0,0,0,67000,-67000,-67000
063729,國巨元大9C購08  ,0,0,0,0,0,0,0,0,0,-67000,0,0,0,51000,118000,-67000,-67000
066717,上証2X元大01購01,0,0,0,0,0,0,0,0,0,-67000,0,0,0,1000,68000,-67000,-67000
067045,聯發科凱基02購05,0,0,0,0,0,0,0,0,0,-67000,0,0,0,85000,152000,-67000,-67000
067201,A50正2元大03購01,0,0,0,0,0,0,0,0,0,-67000,0,0,0,0,67000,-67000,-67000
066317,英利永豐01購01  ,0,0,0,0,0,0,0,0,0,-67000,0,0,0,0,67000,-67000,-67000
08595P,南電群益9C售03  ,0,0,0,0,0,0,0,0,0,-67000,0,0,0,10000,77000,-67000,-67000
5607,遠雄港          ,44000,113000,-69000,0,0,0,0,0,0,2000,2000,0,2000,0,0,0,-67000
068571,帆宣元大01購06  ,0,0,0,0,0,0,0,0,0,-68000,0,0,0,0,68000,-68000,-68000
068572,帆宣元大01購07  ,0,0,0,0,0,0,0,0,0,-68000,0,0,0,0,68000,-68000,-68000
068566,聯發科元大01購31,0,0,0,0,0,0,0,0,0,-68000,0,0,0,500000,568000,-68000,-68000
068505,GIS元大01購06   ,0,0,0,0,0,0,0,0,0,-68000,0,0,0,0,68000,-68000,-68000
068201,玉晶光凱基02購07,0,0,0,0,0,0,0,0,0,-68000,0,0,0,9000,77000,-68000,-68000
069591,聯電國票02購01  ,0,0,0,0,0,0,0,0,0,-68000,0,0,0,57000,125000,-68000,-68000
069649,正隆凱基02購01  ,0,0,0,0,0,0,0,0,0,-68000,0,0,0,12000,80000,-68000,-68000
08170P,緯穎群益9B售03  ,0,0,0,0,0,0,0,0,0,-68000,0,0,0,1000,69000,-68000,-68000
07634P,金像電元大9A售01,0,0,0,0,0,0,0,0,0,-68000,0,0,0,30000,98000,-68000,-68000
061793,上銀永豐9B購01  ,0,0,0,0,0,0,0,0,0,-68000,0,0,0,330000,398000,-68000,-68000
063624,GIS兆豐9B購01   ,0,0,0,0,0,0,0,0,0,-68000,0,0,0,143000,211000,-68000,-68000
064155,大立光統一01購05,0,0,0,0,0,0,0,0,0,-68000,0,0,0,32000,100000,-68000,-68000
064010,GIS凱基02購01   ,0,0,0,0,0,0,0,0,0,-68000,0,0,0,0,68000,-68000,-68000
062069,喬山元大9B購01  ,0,0,0,0,0,0,0,0,0,-68000,0,0,0,247000,315000,-68000,-68000
064733,南六統一9C購03  ,0,0,0,0,0,0,0,0,0,-68000,0,0,0,186000,254000,-68000,-68000
065063,玉晶光群益02購04,0,0,0,0,0,0,0,0,0,-68000,0,0,0,21000,89000,-68000,-68000
062234,廣達凱基9B購01  ,0,0,0,0,0,0,0,0,0,-68000,0,0,0,17000,85000,-68000,-68000
066341,永信永豐01購01  ,0,0,0,0,0,0,0,0,0,-68000,0,0,0,0,68000,-68000,-68000
065321,瑞昱凱基9C購01  ,0,0,0,0,0,0,0,0,0,-68000,0,0,0,69000,137000,-68000,-68000
065339,旺宏統一01購08  ,0,0,0,0,0,0,0,0,0,-68000,0,0,0,0,68000,-68000,-68000
067703,臺股指國票01購11,0,0,0,0,0,0,0,0,0,-68000,0,0,0,11000,79000,-68000,-68000
4739,康普            ,43000,111000,-68000,0,0,0,0,0,0,0,0,0,0,0,0,0,-68000
068913,聯發科群益02購11,0,0,0,0,0,0,0,0,0,-69000,0,0,0,1000,70000,-69000,-69000
064197,智伸科群益9C購01,0,0,0,0,0,0,0,0,0,-69000,0,0,0,57000,126000,-69000,-69000
064213,大立光凱基03購01,0,0,0,0,0,0,0,0,0,-69000,0,0,0,0,69000,-69000,-69000
064256,玉晶光國泰02購02,0,0,0,0,0,0,0,0,0,-69000,0,0,0,674000,743000,-69000,-69000
03044P,康控國票03售01  ,0,0,0,0,0,0,0,0,0,-69000,0,0,0,40000,109000,-69000,-69000
059096,百和元大99購04  ,0,0,0,0,0,0,0,0,0,-69000,0,0,0,135000,204000,-69000,-69000
065054,百和凱基02購01  ,0,0,0,0,0,0,0,0,0,-69000,0,0,0,111000,180000,-69000,-69000
067426,聯發科凱基01購14,0,0,0,0,0,0,0,0,0,-69000,0,0,0,36000,105000,-69000,-69000
066963,T50反1元富07購03,0,0,0,0,0,0,0,0,0,-69000,0,0,0,36000,105000,-69000,-69000
065331,亞德客國票01購01,0,0,0,0,0,0,0,0,0,-69000,0,0,0,0,69000,-69000,-69000
08638P,泰碩國票9C售01  ,0,0,0,0,0,0,0,0,0,-69000,0,0,0,10000,79000,-69000,-69000
068700,瑞儀凱基03購01  ,0,0,0,0,0,0,0,0,0,-70000,0,0,0,0,70000,-70000,-70000
08091P,A50正2元富9B售02,0,0,0,0,0,0,0,0,0,-70000,0,0,0,13000,83000,-70000,-70000
08290P,高鐵統一01售01  ,0,0,0,0,0,0,0,0,0,-70000,0,0,0,165000,235000,-70000,-70000
08373P,大立光凱基01售05,0,0,0,0,0,0,0,0,0,-70000,0,0,0,0,70000,-70000,-70000
08540P,嘉晶國票01售01  ,0,0,0,0,0,0,0,0,0,-70000,0,0,0,0,70000,-70000,-70000
08535P,和大國票01售02  ,0,0,0,0,0,0,0,0,0,-70000,0,0,0,5000,75000,-70000,-70000
03503P,欣興元富05售02  ,0,0,0,0,0,0,0,0,0,-70000,0,0,0,0,70000,-70000,-70000
055623,貿聯國泰99購01  ,0,0,0,0,0,0,0,0,0,-70000,0,0,0,0,70000,-70000,-70000
056811,健策統一9B購01  ,0,0,0,0,0,0,0,0,0,-70000,0,0,0,0,70000,-70000,-70000
058511,華新科元大9B購01,0,0,0,0,0,0,0,0,0,-70000,0,0,0,30000,100000,-70000,-70000
060303,宏達電富邦9B購01,0,0,0,0,0,0,0,0,0,-70000,0,0,0,0,70000,-70000,-70000
060660,國巨凱基9B購04  ,0,0,0,0,0,0,0,0,0,-70000,0,0,0,28000,98000,-70000,-70000
064950,美律凱基02購01  ,0,2000,-2000,0,0,0,0,0,0,-68000,0,0,0,2000,70000,-68000,-70000
061709,SP黃豆凱基01購02,0,0,0,0,0,0,0,0,0,-70000,0,0,0,0,70000,-70000,-70000
063816,TPK群益9C購01   ,0,0,0,0,0,0,0,0,0,-70000,0,0,0,0,70000,-70000,-70000
063830,智伸科國票01購01,0,0,0,0,0,0,0,0,0,-70000,0,0,0,0,70000,-70000,-70000
065338,旺宏統一01購07  ,0,0,0,0,0,0,0,0,0,-70000,0,0,0,0,70000,-70000,-70000
065448,緯創統一9C購01  ,0,0,0,0,0,0,0,0,0,-70000,0,0,0,0,70000,-70000,-70000
065800,技嘉群益9C購01  ,0,0,0,0,0,0,0,0,0,-70000,0,0,0,115000,185000,-70000,-70000
066401,智伸科凱基01購02,0,0,0,0,0,0,0,0,0,-70000,0,0,0,35000,105000,-70000,-70000
067432,大立光凱基03購04,0,0,0,0,0,0,0,0,0,-70000,0,0,0,0,70000,-70000,-70000
067804,旺宏凱基01購04  ,0,0,0,0,0,0,0,0,0,-70000,0,0,0,0,70000,-70000,-70000
08664P,金像電凱基01售02,0,0,0,0,0,0,0,0,0,-70000,0,0,0,10000,80000,-70000,-70000
069860,精成科永豐02購02,0,0,0,0,0,0,0,0,0,-71000,0,0,0,233000,304000,-71000,-71000
069412,奇力新統一04購02,0,0,0,0,0,0,0,0,0,-71000,0,0,0,715000,786000,-71000,-71000
069129,國揚國泰03購01  ,0,0,0,0,0,0,0,0,0,-71000,0,0,0,0,71000,-71000,-71000
068986,帆宣元大02購02  ,0,0,0,0,0,0,0,0,0,-71000,0,0,0,2000,73000,-71000,-71000
068369,玉晶光富邦03購01,0,0,0,0,0,0,0,0,0,-71000,0,0,0,0,71000,-71000,-71000
060928,明泰永豐9A購01  ,0,0,0,0,0,0,0,0,0,-71000,0,0,0,65000,136000,-71000,-71000
059932,世紀鋼富邦9A購02,0,0,0,0,0,0,0,0,0,-71000,0,0,0,0,71000,-71000,-71000
064242,TPK統一02購01   ,0,0,0,0,0,0,0,0,0,-71000,0,0,0,135000,206000,-71000,-71000
059512,晶豪科永豐99購02,0,0,0,0,0,0,0,0,0,-71000,0,0,0,30000,101000,-71000,-71000
064588,玉晶光永豐9C購05,0,0,0,0,0,0,0,0,0,-71000,0,0,0,10000,81000,-71000,-71000
063746,上銀國票9C購01  ,0,0,0,0,0,0,0,0,0,-71000,0,0,0,179000,250000,-71000,-71000
067402,茂林永豐01購01  ,0,0,0,0,0,0,0,0,0,-71000,0,0,0,266000,337000,-71000,-71000
067070,友訊元大01購04  ,0,0,0,0,0,0,0,0,0,-71000,0,0,0,334000,405000,-71000,-71000
066380,瑞昱康和01購02  ,0,0,0,0,0,0,0,0,0,-71000,0,0,0,12000,83000,-71000,-71000
065159,臻鼎群益9C購02  ,0,0,0,0,0,0,0,0,0,-71000,0,0,0,19000,90000,-71000,-71000
1455,集盛            ,285000,362000,-77000,0,0,0,0,0,0,6000,8000,2000,6000,0,0,0,-71000
1337,再生-KY         ,144000,215000,-71000,0,0,0,0,0,0,0,0,0,0,0,0,0,-71000
068055,鎧勝統一02購02  ,0,0,0,0,0,0,0,0,0,-72000,0,0,0,112000,184000,-72000,-72000
06885P,國巨國票99售06  ,0,0,0,0,0,0,0,0,0,-72000,0,0,0,0,72000,-72000,-72000
069794,微星凱基04購01  ,0,0,0,0,0,0,0,0,0,-72000,0,0,0,20000,92000,-72000,-72000
03206P,台郡凱基01售05  ,0,0,0,0,0,0,0,0,0,-72000,0,0,0,0,72000,-72000,-72000
03036P,玉晶光國票01售08,0,0,0,0,0,0,0,0,0,-72000,0,0,0,5000,77000,-72000,-72000
03014P,玉晶光永豐01售05,0,0,0,0,0,0,0,0,0,-72000,0,0,0,11000,83000,-72000,-72000
065391,和大群益01購03  ,0,0,0,0,0,0,0,0,0,-72000,0,0,0,89000,161000,-72000,-72000
066259,聯強元大01購01  ,0,0,0,0,0,0,0,0,0,-72000,0,0,0,198000,270000,-72000,-72000
066094,元黃金中信03購01,0,0,0,0,0,0,0,0,0,-72000,0,0,0,30000,102000,-72000,-72000
1734,杏輝            ,979000,1052000,-73000,0,0,0,0,0,0,1000,1000,0,1000,0,0,0,-72000
08845P,友訊元大01售05  ,0,0,0,0,0,0,0,0,0,-72000,0,0,0,28000,100000,-72000,-72000
2375,凱美            ,196000,252600,-56600,0,0,0,0,0,0,-16000,0,0,0,0,16000,-16000,-72600
069811,國產國票03購02  ,0,0,0,0,0,0,0,0,0,-73000,0,0,0,3000,76000,-73000,-73000
069847,南電群益03購03  ,0,0,0,0,0,0,0,0,0,-73000,0,0,0,0,73000,-73000,-73000
069377,華碩元大02購02  ,0,0,0,0,0,0,0,0,0,-73000,0,0,0,249000,322000,-73000,-73000
069142,聯發科永豐02購02,0,0,0,0,0,0,0,0,0,-73000,0,0,0,0,73000,-73000,-73000
068018,玉晶光國票02購05,0,0,0,0,0,0,0,0,0,-73000,0,0,0,0,73000,-73000,-73000
053294,聯發科中信9C購01,0,0,0,0,0,0,0,0,0,-73000,0,0,0,0,73000,-73000,-73000
060242,潤泰全元大9C購01,0,0,0,0,0,0,0,0,0,-73000,0,0,0,27000,100000,-73000,-73000
060209,喬山康和9A購01  ,0,0,0,0,0,0,0,0,0,-73000,0,0,0,4000,77000,-73000,-73000
065111,瀚宇博國票01購01,0,0,0,0,0,0,0,0,0,-73000,0,0,0,211000,284000,-73000,-73000
066222,生達國泰02購01  ,0,0,0,0,0,0,0,0,0,-73000,0,0,0,109000,182000,-73000,-73000
065293,玉晶光群益01購07,0,0,0,0,0,0,0,0,0,-73000,0,0,0,136000,209000,-73000,-73000
065879,瑞祺群益9C購02  ,0,0,0,0,0,0,0,0,0,-73000,0,0,0,258000,331000,-73000,-73000
067232,友訊群益01購05  ,0,0,0,0,0,0,0,0,0,-73000,0,0,0,174000,247000,-73000,-73000
067111,聯詠群益01購03  ,0,0,0,0,0,0,0,0,0,-73000,0,0,0,79000,152000,-73000,-73000
08647P,鴻海凱基9C售06  ,0,0,0,0,0,0,0,0,0,-73000,0,0,0,31000,104000,-73000,-73000
1466,聚隆            ,36000,109000,-73000,0,0,0,0,0,0,0,0,0,0,0,0,0,-73000
069519,鎧勝凱基02購02  ,0,0,0,0,0,0,0,0,0,-74000,0,0,0,0,74000,-74000,-74000
069676,華碩元大02購03  ,0,0,0,0,0,0,0,0,0,-74000,0,0,0,169000,243000,-74000,-74000
08553P,嘉澤群益9C售01  ,0,0,0,0,0,0,0,0,0,-74000,0,0,0,51000,125000,-74000,-74000
064899,大立光群益9C購06,0,0,0,0,0,0,0,0,0,-74000,0,0,0,1000,75000,-74000,-74000
067229,台達電群益01購02,0,0,0,0,0,0,0,0,0,-74000,0,0,0,155000,229000,-74000,-74000
065759,TPK元大9C購05   ,0,0,0,0,0,0,0,0,0,-74000,0,0,0,24000,98000,-74000,-74000
065298,健策統一9C購06  ,0,0,0,0,0,0,0,0,0,-74000,0,0,0,25000,99000,-74000,-74000
6668,中揚光          ,19000,95000,-76000,0,0,0,0,0,0,2000,3000,1000,2000,0,0,0,-74000
08527P,大立光元大01售06,0,0,0,0,0,0,0,0,0,-75000,0,0,0,0,75000,-75000,-75000
08405P,聯發科元大9C售11,0,0,0,0,0,0,0,0,0,-75000,0,0,0,309000,384000,-75000,-75000
08391P,智邦凱基02售02  ,0,0,0,0,0,0,0,0,0,-75000,0,0,0,10000,85000,-75000,-75000
08358P,大立光元大9C售18,0,0,0,0,0,0,0,0,0,-75000,0,0,0,50000,125000,-75000,-75000
069710,奇力新國票02購01,0,0,0,0,0,0,0,0,0,-75000,0,0,0,40000,115000,-75000,-75000
062718,技嘉凱基9B購01  ,0,0,0,0,0,0,0,0,0,-75000,0,0,0,31000,106000,-75000,-75000
063299,金寶凱基9B購01  ,0,0,0,0,0,0,0,0,0,-75000,0,0,0,226000,301000,-75000,-75000
065588,聯發科永豐9C購02,0,0,0,0,0,0,0,0,0,-75000,0,0,0,0,75000,-75000,-75000
066351,關貿永豐01購01  ,0,0,0,0,0,0,0,0,0,-75000,0,0,0,0,75000,-75000,-75000
5434,崇越            ,190000,263000,-73000,0,0,0,0,0,0,-2000,2000,0,2000,1000,5000,-4000,-75000
4720,德淵            ,38000,110000,-72000,0,0,0,0,0,0,-3000,21000,24000,-3000,0,0,0,-75000
3257,虹冠電          ,90000,166000,-76000,0,0,0,0,0,0,1000,1000,0,1000,0,0,0,-75000
8131,福懋科          ,56000,96000,-40000,0,0,0,0,0,0,-35000,5000,40000,-35000,0,0,0,-75000
064222,玉山金國票01購01,0,0,0,0,0,0,0,0,0,-76000,0,0,0,0,76000,-76000,-76000
065945,鴻海統一02購01  ,0,0,0,0,0,0,0,0,0,-76000,0,0,0,134000,210000,-76000,-76000
065815,微星元富9C購01  ,0,0,0,0,0,0,0,0,0,-76000,0,0,0,63000,139000,-76000,-76000
067225,巨大元大01購03  ,0,0,0,0,0,0,0,0,0,-76000,0,0,0,348000,424000,-76000,-76000
1218,泰山            ,86000,83000,3000,0,0,0,0,0,0,-79000,10000,0,10000,0,89000,-89000,-76000
06952P,大立光統一9A售03,0,0,0,0,0,0,0,0,0,-77000,0,0,0,40000,117000,-77000,-77000
068899,TPK元大02購01   ,0,0,0,0,0,0,0,0,0,-77000,0,0,0,66000,143000,-77000,-77000
061034,晶豪科永豐9A購01,0,0,0,0,0,0,0,0,0,-77000,0,0,0,55000,132000,-77000,-77000
03237P,大立光元大02售04,0,0,0,0,0,0,0,0,0,-77000,0,0,0,50000,127000,-77000,-77000
064743,聯詠國票01購01  ,0,0,0,0,0,0,0,0,0,-77000,0,0,0,26000,103000,-77000,-77000
062398,建準永豐9B購01  ,0,0,0,0,0,0,0,0,0,-77000,0,0,0,71000,148000,-77000,-77000
3026,禾伸堂          ,125000,168000,-43000,0,0,0,0,0,0,-34000,0,8000,-8000,1000,27000,-26000,-77000
8112,至上            ,271418,399000,-127582,0,0,0,0,0,0,50000,50000,0,50000,0,0,0,-77582
068974,國巨元大02購09  ,0,0,0,0,0,0,0,0,0,-78000,0,0,0,0,78000,-78000,-78000
08089P,嘉澤凱基9B售03  ,0,0,0,0,0,0,0,0,0,-78000,0,0,0,107000,185000,-78000,-78000
060432,達方永豐9A購01  ,0,0,0,0,0,0,0,0,0,-78000,0,0,0,176000,254000,-78000,-78000
063347,祥碩統一01購03  ,0,0,0,0,0,0,0,0,0,-78000,0,0,0,1000,79000,-78000,-78000
063198,仁寶統一01購02  ,0,0,0,0,0,0,0,0,0,-78000,0,0,0,30000,108000,-78000,-78000
065666,旺宏凱基9C購03  ,0,0,0,0,0,0,0,0,0,-78000,0,0,0,70000,148000,-78000,-78000
066554,嘉晶元大01購05  ,0,0,0,0,0,0,0,0,0,-78000,0,0,0,828000,906000,-78000,-78000
059722,南亞科元大99購02,0,0,0,0,0,0,0,0,0,-79000,0,0,0,0,79000,-79000,-79000
064690,台光電群益9C購02,0,0,0,0,0,0,0,0,0,-79000,0,0,0,21000,100000,-79000,-79000
063778,亞德客永豐9B購02,0,0,0,0,0,0,0,0,0,-79000,0,0,0,0,79000,-79000,-79000
08452P,智邦台新9C售05  ,0,0,0,0,0,0,0,0,0,-80000,0,0,0,0,80000,-80000,-80000
069495,鎧勝元大02購02  ,0,0,0,0,0,0,0,0,0,-80000,0,0,0,0,80000,-80000,-80000
069772,中工元大04購01  ,0,0,0,0,0,0,0,0,0,-80000,0,0,0,249000,329000,-80000,-80000
069048,台積電元富08購14,0,0,0,0,0,0,0,0,0,-80000,0,0,0,47000,127000,-80000,-80000
069264,聯發科兆豐03購03,0,0,0,0,0,0,0,0,0,-80000,0,0,0,0,80000,-80000,-80000
068938,美利達永豐02購01,0,0,0,0,0,0,0,0,0,-80000,0,0,0,0,80000,-80000,-80000
058209,臺股指凱基01購01,0,0,0,0,0,0,0,0,0,-80000,0,0,0,0,80000,-80000,-80000
03078P,上銀統一01售05  ,0,0,0,0,0,0,0,0,0,-80000,0,0,0,20000,100000,-80000,-80000
03087P,聯發科元大01售24,0,0,0,0,0,0,0,0,0,-80000,0,0,0,161000,241000,-80000,-80000
054756,世紀鋼凱基99購01,0,0,0,0,0,0,0,0,0,-80000,0,0,0,160000,240000,-80000,-80000
062596,緯穎統一01購02  ,0,0,0,0,0,0,0,0,0,-80000,0,0,0,0,80000,-80000,-80000
061958,鴻海統一01購01  ,0,0,0,0,0,0,0,0,0,-80000,0,0,0,300000,380000,-80000,-80000
063958,瑞祺元大9C購01  ,0,0,0,0,0,0,0,0,0,-80000,0,0,0,133000,213000,-80000,-80000
065650,旭富元大9C購07  ,0,0,0,0,0,0,0,0,0,-80000,0,0,0,180000,260000,-80000,-80000
065213,南六國票01購03  ,0,0,0,0,0,0,0,0,0,-80000,0,0,0,24000,104000,-80000,-80000
067144,上銀統一02購01  ,0,0,0,0,0,0,0,0,0,-80000,0,0,0,285000,365000,-80000,-80000
066602,滬深2X富邦03購01,0,0,0,0,0,0,0,0,0,-80000,0,0,0,0,80000,-80000,-80000
067646,元金2X元富01購01,0,0,0,0,0,0,0,0,0,-80000,0,0,0,50000,130000,-80000,-80000
067766,上銀統一02購02  ,0,0,0,0,0,0,0,0,0,-80000,0,0,0,1000,81000,-80000,-80000
2723,美食-KY         ,295000,490000,-195000,0,0,0,0,0,0,115000,50000,0,50000,80000,15000,65000,-80000
3557,嘉威            ,84000,164000,-80000,0,0,0,0,0,0,0,0,0,0,0,0,0,-80000
068691,大成鋼凱基02購01,0,0,0,0,0,0,0,0,0,-81000,0,0,0,16000,97000,-81000,-81000
03131P,南亞科元富07售02,0,0,0,0,0,0,0,0,0,-81000,0,0,0,29000,110000,-81000,-81000
062413,台光電中信9B購02,0,0,0,0,0,0,0,0,0,-81000,0,0,0,0,81000,-81000,-81000
067743,緯創元大01購02  ,0,0,0,0,0,0,0,0,0,-81000,0,0,0,15000,96000,-81000,-81000
067895,玉晶光群益02購09,0,0,0,0,0,0,0,0,0,-81000,0,0,0,55000,136000,-81000,-81000
065613,GIS元大9C購08   ,0,0,0,0,0,0,0,0,0,-81000,0,0,0,5000,86000,-81000,-81000
08989P,玉晶光國票03售01,0,0,0,0,0,0,0,0,0,-81000,0,0,0,21000,102000,-81000,-81000
067942,瑞儀凱基02購01  ,0,0,0,0,0,0,0,0,0,-82000,0,0,0,25000,107000,-82000,-82000
069899,精元元大03購01  ,0,0,0,0,0,0,0,0,0,-82000,0,0,0,0,82000,-82000,-82000
08260P,大立光元大9C售08,0,0,0,0,0,0,0,0,0,-82000,0,0,0,0,82000,-82000,-82000
08214P,南六統一9B售03  ,0,0,0,0,0,0,0,0,0,-82000,0,0,0,0,82000,-82000,-82000
064931,南六統一9C購05  ,0,0,0,0,0,0,0,0,0,-82000,0,0,0,110000,192000,-82000,-82000
065602,聯發科元大9C購15,0,0,0,0,0,0,0,0,0,-82000,0,0,0,18000,100000,-82000,-82000
065433,緯創凱基9C購01  ,0,0,0,0,0,0,0,0,0,-82000,0,0,0,11000,93000,-82000,-82000
067775,GIS統一02購04   ,0,0,0,0,0,0,0,0,0,-82000,0,0,0,190000,272000,-82000,-82000
066922,台表科麥證01購01,0,0,0,23000,105000,-82000,0,0,0,-82000,0,0,0,23000,105000,-82000,-82000
03236P,大立光元大02售03,0,0,0,0,0,0,0,0,0,-83000,0,0,0,50000,133000,-83000,-83000
064702,百和群益01購01  ,0,0,0,0,0,0,0,0,0,-83000,0,0,0,70000,153000,-83000,-83000
067794,臺股指群益01購06,0,0,0,0,0,0,0,0,0,-83000,0,0,0,7000,90000,-83000,-83000
067704,台表科麥證01購02,0,0,0,17000,100000,-83000,0,0,0,-83000,0,0,0,17000,100000,-83000,-83000
066386,宏全康和01購01  ,0,0,0,0,0,0,0,0,0,-83000,0,0,0,13000,96000,-83000,-83000
066224,眾達國泰03購01  ,0,0,0,0,0,0,0,0,0,-83000,0,0,0,22000,105000,-83000,-83000
08906P,義隆群益01售04  ,0,0,0,0,0,0,0,0,0,-83000,0,0,0,17000,100000,-83000,-83000
2911,麗嬰房          ,3000,86000,-83000,0,0,0,0,0,0,0,0,0,0,0,0,0,-83000
08351P,南六國票01售02  ,0,0,0,0,0,0,0,0,0,-84000,0,0,0,0,84000,-84000,-84000
068909,台積電群益02購09,0,0,0,0,0,0,0,0,0,-84000,0,0,0,120000,204000,-84000,-84000
061267,玉山金凱基9B購01,0,0,0,0,0,0,0,0,0,-84000,0,0,0,200000,284000,-84000,-84000
063228,聯茂群益9B購01  ,0,0,0,0,0,0,0,0,0,-84000,0,0,0,16000,100000,-84000,-84000
066677,台泥兆豐03購01  ,0,0,0,0,0,0,0,0,0,-84000,0,0,0,50000,134000,-84000,-84000
067151,聯發科統一02購06,0,0,0,0,0,0,0,0,0,-84000,0,0,0,0,84000,-84000,-84000
067092,美利達元大01購03,0,0,0,0,0,0,0,0,0,-84000,0,0,0,342000,426000,-84000,-84000
069959,樺漢永豐02購01  ,0,0,0,0,0,0,0,0,0,-85000,0,0,0,19000,104000,-85000,-85000
03478P,義隆台新02售01  ,0,0,0,0,0,0,0,0,0,-85000,0,0,0,0,85000,-85000,-85000
062629,聯發科國票9C購01,0,0,0,0,0,0,0,0,0,-85000,0,0,0,17000,102000,-85000,-85000
067037,美利達康和01購02,0,0,0,0,0,0,0,0,0,-85000,0,0,0,82000,167000,-85000,-85000
067193,台表科凱基03購02,0,0,0,0,0,0,0,0,0,-85000,0,0,0,1000,86000,-85000,-85000
066686,鴻海元富07購05  ,0,0,0,0,0,0,0,0,0,-85000,0,0,0,25000,110000,-85000,-85000
5234,達興材料        ,15000,94000,-79000,0,0,0,0,0,0,-6000,0,6000,-6000,0,0,0,-85000
07034P,大立光元富99售03,0,0,0,0,0,0,0,0,0,-86000,0,0,0,0,86000,-86000,-86000
069350,瑞儀群益02購02  ,0,0,0,0,0,0,0,0,0,-86000,0,0,0,0,86000,-86000,-86000
07837P,華邦電元大9A售01,0,0,0,0,0,0,0,0,0,-86000,0,0,0,39000,125000,-86000,-86000
068771,大立光統一05購01,0,0,0,0,0,0,0,0,0,-86000,0,0,0,10000,96000,-86000,-86000
068757,亞德客永豐02購01,0,0,0,0,0,0,0,0,0,-86000,0,0,0,0,86000,-86000,-86000
03160P,大立光元大01售22,0,0,0,0,0,0,0,0,0,-86000,0,0,0,50000,136000,-86000,-86000
03188P,聯發科元大01售34,0,0,0,0,0,0,0,0,0,-86000,0,0,0,979000,1065000,-86000,-86000
057057,立積元大9A購01  ,0,0,0,0,0,0,0,0,0,-86000,0,0,0,10000,96000,-86000,-86000
058022,樺漢凱基99購02  ,0,0,0,0,0,0,0,0,0,-86000,0,0,0,23000,109000,-86000,-86000
059849,興勤永豐99購01  ,0,0,0,0,0,0,0,0,0,-86000,0,0,0,84000,170000,-86000,-86000
058365,奇力新凱基9A購01,0,0,0,0,0,0,0,0,0,-86000,0,0,0,64000,150000,-86000,-86000
062615,亞德客元大9B購02,0,0,0,0,0,0,0,0,0,-86000,0,0,0,1000,87000,-86000,-86000
064780,義隆群益9C購04  ,0,0,0,0,0,0,0,0,0,-86000,0,0,0,1000,87000,-86000,-86000
064408,TPK凱基02購01   ,0,0,0,0,0,0,0,0,0,-86000,0,0,0,0,86000,-86000,-86000
066584,滬深2X群益03購01,0,0,0,0,0,0,0,0,0,-86000,0,0,0,0,86000,-86000,-86000
066979,國巨群益01購04  ,0,0,0,0,0,0,0,0,0,-86000,0,0,0,22000,108000,-86000,-86000
066148,美利達群益01購02,0,0,0,0,0,0,0,0,0,-86000,0,0,0,34000,120000,-86000,-86000
066520,大立光第一01購01,0,0,0,0,0,0,0,0,0,-86000,0,0,0,0,86000,-86000,-86000
08992P,牧德元大01售02  ,0,0,0,0,0,0,0,0,0,-86000,0,0,0,24000,110000,-86000,-86000
08418P,大立光元大01售04,0,0,0,0,0,0,0,0,0,-87000,0,0,0,50000,137000,-87000,-87000
061080,華邦電兆豐9B購01,0,0,0,0,0,0,0,0,0,-87000,0,0,0,70000,157000,-87000,-87000
059844,大立光富邦9C購04,0,0,0,0,0,0,0,0,0,-87000,0,0,0,0,87000,-87000,-87000
053402,A50正2群益9A購02,0,0,0,0,0,0,0,0,0,-87000,0,0,0,9000,96000,-87000,-87000
065177,旭富元大9C購05  ,0,0,0,0,0,0,0,0,0,-87000,0,0,0,158000,245000,-87000,-87000
067135,聯詠永豐01購02  ,0,0,0,0,0,0,0,0,0,-87000,0,0,0,1000,88000,-87000,-87000
068397,世紀鋼統一03購01,0,0,0,0,0,0,0,0,0,-88000,0,0,0,243000,331000,-88000,-88000
066761,聯陽永豐01購03  ,0,0,0,0,0,0,0,0,0,-88000,0,0,0,28000,116000,-88000,-88000
067571,大立光麥證01購04,0,0,0,12000,100000,-88000,0,0,0,-88000,0,0,0,12000,100000,-88000,-88000
065411,旺宏永豐9C購02  ,0,0,0,0,0,0,0,0,0,-88000,0,0,0,11000,99000,-88000,-88000
6477,安集            ,522000,607000,-85000,0,0,0,0,0,0,-3000,0,3000,-3000,0,0,0,-88000
069222,金像電群益02購05,0,0,0,0,0,0,0,0,0,-89000,0,0,0,136000,225000,-89000,-89000
08263P,台表科元大9C售06,0,0,0,0,0,0,0,0,0,-89000,0,0,0,0,89000,-89000,-89000
08101P,超眾群益9B售02  ,0,0,0,0,0,0,0,0,0,-89000,0,0,0,0,89000,-89000,-89000
07051P,大立光中信99售02,0,0,0,0,0,0,0,0,0,-89000,0,0,0,8000,97000,-89000,-89000
054471,T50反1中信9C購01,0,0,0,0,0,0,0,0,0,-89000,0,0,0,32000,121000,-89000,-89000
03276P,聯發科台新02售01,0,0,0,0,0,0,0,0,0,-89000,0,0,0,0,89000,-89000,-89000
058808,大成鋼統一9B購01,0,0,0,0,0,0,0,0,0,-89000,0,0,0,0,89000,-89000,-89000
064191,聯發科中信03購01,0,0,0,0,0,0,0,0,0,-89000,0,0,0,0,89000,-89000,-89000
064719,聯發科統一02購01,0,0,0,0,0,0,0,0,0,-89000,0,0,0,513000,602000,-89000,-89000
065728,嘉晶凱基9C購04  ,0,0,0,0,0,0,0,0,0,-89000,0,0,0,216000,305000,-89000,-89000
066536,漢唐兆豐03購01  ,0,0,0,0,0,0,0,0,0,-89000,0,0,0,111000,200000,-89000,-89000
08784P,上証2X元富01售01,0,0,0,0,0,0,0,0,0,-89000,0,0,0,22000,111000,-89000,-89000
069641,聯電中信02購01  ,0,0,0,0,0,0,0,0,0,-90000,0,0,0,65000,155000,-90000,-90000
07590P,玉晶光國票9A售03,0,0,0,0,0,0,0,0,0,-90000,0,0,0,50000,140000,-90000,-90000
060109,茂林元大99購05  ,0,0,0,0,0,0,0,0,0,-90000,0,0,0,148000,238000,-90000,-90000
060326,群光群益9A購01  ,0,0,0,0,0,0,0,0,0,-90000,0,0,0,21000,111000,-90000,-90000
057000,亞德客國票99購01,0,0,0,0,0,0,0,0,0,-90000,0,0,0,5000,95000,-90000,-90000
03211P,健鼎國票03售01  ,0,0,0,0,0,0,0,0,0,-90000,0,0,0,0,90000,-90000,-90000
03088P,大立光元大01售17,0,0,0,0,0,0,0,0,0,-90000,0,0,0,124000,214000,-90000,-90000
064760,玉晶光凱基01購02,0,0,0,0,0,0,0,0,0,-90000,0,0,0,505000,595000,-90000,-90000
064885,T50反1中信04購01,0,0,0,0,0,0,0,0,0,-90000,0,0,0,10000,100000,-90000,-90000
061978,旺宏元大9C購01  ,0,0,0,0,0,0,0,0,0,-90000,0,0,0,110000,200000,-90000,-90000
063515,香港2X凱基01購01,0,0,0,0,0,0,0,0,0,-90000,0,0,0,30000,120000,-90000,-90000
063686,國巨永豐9B購04  ,0,0,0,0,0,0,0,0,0,-90000,0,0,0,30000,120000,-90000,-90000
063938,上銀元大9C購03  ,0,0,0,0,0,0,0,0,0,-90000,0,0,0,96000,186000,-90000,-90000
066267,強茂元大01購02  ,0,0,0,0,0,0,0,0,0,-90000,0,0,0,377000,467000,-90000,-90000
067732,遠東新元大01購01,0,0,0,0,0,0,0,0,0,-90000,0,0,0,20000,110000,-90000,-90000
08629P,緯創凱基9C售02  ,0,0,0,0,0,0,0,0,0,-90000,0,0,0,0,90000,-90000,-90000
069698,台積電元富08購18,0,0,0,0,0,0,0,0,0,-91000,0,0,0,5000,96000,-91000,-91000
069562,健策康和02購01  ,0,0,0,0,0,0,0,0,0,-91000,0,0,0,75000,166000,-91000,-91000
069119,欣興群益02購04  ,0,0,0,0,0,0,0,0,0,-91000,0,0,0,26000,117000,-91000,-91000
068860,聯發科元富08購01,0,0,0,0,0,0,0,0,0,-91000,0,0,0,20000,111000,-91000,-91000
03168P,聯發科元富01售03,0,0,0,0,0,0,0,0,0,-91000,0,0,0,14000,105000,-91000,-91000
03260P,技嘉凱基02售01  ,0,0,0,0,0,0,0,0,0,-91000,0,0,0,1000,92000,-91000,-91000
03403P,玉晶光凱基03售07,0,0,0,0,0,0,0,0,0,-91000,0,0,0,0,91000,-91000,-91000
03451P,創意元大02售01  ,0,0,0,0,0,0,0,0,0,-91000,0,0,0,0,91000,-91000,-91000
066606,聯詠永豐01購01  ,0,0,0,0,0,0,0,0,0,-91000,0,0,0,29000,120000,-91000,-91000
066206,聯鈞統一01購01  ,0,0,0,0,0,0,0,0,0,-91000,0,0,0,6000,97000,-91000,-91000
6235,華孚            ,162000,253000,-91000,0,0,0,0,0,0,0,0,0,0,0,0,0,-91000
4934,太極            ,408000,499000,-91000,0,0,0,0,0,0,0,0,0,0,0,0,0,-91000
8271,宇瞻            ,76000,166000,-90000,0,0,0,0,0,0,-1000,0,1000,-1000,0,0,0,-91000
5203,訊連            ,126000,224306,-98306,0,0,0,0,0,0,7000,0,0,0,11000,4000,7000,-91306
068849,旺宏統一04購01  ,0,0,0,0,0,0,0,0,0,-92000,0,0,0,0,92000,-92000,-92000
068347,T50反1凱基04購03,0,0,0,0,0,0,0,0,0,-92000,0,0,0,10000,102000,-92000,-92000
08472P,和碩凱基9C售02  ,0,0,0,0,0,0,0,0,0,-92000,0,0,0,0,92000,-92000,-92000
03304P,欣興元富02售02  ,0,0,0,0,0,0,0,0,0,-92000,0,0,0,61000,153000,-92000,-92000
063210,百和統一9C購01  ,0,0,0,0,0,0,0,0,0,-92000,0,0,0,142000,234000,-92000,-92000
064930,南六統一02購02  ,0,0,0,0,0,0,0,0,0,-92000,0,0,0,49000,141000,-92000,-92000
065984,緯創富邦03購01  ,0,0,0,0,0,0,0,0,0,-92000,0,0,0,86000,178000,-92000,-92000
067320,訊連元大01購01  ,0,0,0,0,0,0,0,0,0,-92000,0,0,0,250000,342000,-92000,-92000
08093P,英業達元富9B售02,0,0,0,0,0,0,0,0,0,-93000,0,0,0,17000,110000,-93000,-93000
07986P,大成鋼統一9B售02,0,0,0,0,0,0,0,0,0,-93000,0,0,0,27000,120000,-93000,-93000
068522,旺宏元富04購01  ,0,0,0,0,0,0,0,0,0,-93000,0,0,0,0,93000,-93000,-93000
067960,帆宣永豐01購01  ,0,0,0,0,0,0,0,0,0,-93000,0,0,0,0,93000,-93000,-93000
03060P,微星凱基01售01  ,0,0,0,0,0,0,0,0,0,-93000,0,0,0,60000,153000,-93000,-93000
03689C,T50反1元大02牛01,0,0,0,0,0,0,0,0,0,-93000,0,0,0,104000,197000,-93000,-93000
057925,貿聯凱基99購01  ,0,0,0,0,0,0,0,0,0,-93000,0,0,0,9000,102000,-93000,-93000
059920,宏達電元大99購07,0,0,0,0,0,0,0,0,0,-93000,0,0,0,89000,182000,-93000,-93000
062819,奇鋐兆豐9B購01  ,0,0,0,0,0,0,0,0,0,-93000,0,0,0,15000,108000,-93000,-93000
065992,立積永豐01購01  ,0,0,0,0,0,0,0,0,0,-93000,0,0,0,8000,101000,-93000,-93000
08623P,健策群益01售04  ,0,0,0,0,0,0,0,0,0,-93000,0,0,0,0,93000,-93000,-93000
08605P,聯發科中信9C售06,0,0,0,0,0,0,0,0,0,-93000,0,0,0,235000,328000,-93000,-93000
08439P,智邦國票01售02  ,0,0,0,0,0,0,0,0,0,-94000,0,0,0,0,94000,-94000,-94000
063567,漢唐元大9B購03  ,0,0,0,0,0,0,0,0,0,-94000,0,0,0,93000,187000,-94000,-94000
03073P,大立光國泰03售04,0,0,0,0,0,0,0,0,0,-94000,0,0,0,5000,99000,-94000,-94000
063143,嘉澤統一9B購02  ,0,0,0,0,0,0,0,0,0,-94000,0,0,0,38000,132000,-94000,-94000
062108,晶豪科國票9B購01,0,0,0,0,0,0,0,0,0,-94000,0,0,0,158000,252000,-94000,-94000
062504,旭富群益9B購02  ,0,0,0,0,0,0,0,0,0,-94000,0,0,0,67000,161000,-94000,-94000
066402,泰鼎凱基01購02  ,0,0,0,0,0,0,0,0,0,-94000,0,0,0,29000,123000,-94000,-94000
065791,牧德永豐9C購03  ,0,0,0,0,0,0,0,0,0,-94000,0,0,0,0,94000,-94000,-94000
065289,冠德群益9C購01  ,0,0,0,0,0,0,0,0,0,-94000,0,0,0,11000,105000,-94000,-94000
08685P,南電凱基01售03  ,0,0,0,0,0,0,0,0,0,-94000,0,0,0,221000,315000,-94000,-94000
2493,揚博            ,4000,99000,-95000,0,0,0,0,0,0,1000,1000,0,1000,0,0,0,-94000
068219,聯發科統一03購06,0,0,0,0,0,0,0,0,0,-95000,0,0,0,0,95000,-95000,-95000
068820,聯陽元大02購01  ,0,0,0,0,0,0,0,0,0,-95000,0,0,0,65000,160000,-95000,-95000
065877,TPK群益9C購05   ,0,0,0,0,0,0,0,0,0,-95000,0,0,0,7000,102000,-95000,-95000
067362,眾達群益01購02  ,0,0,0,0,0,0,0,0,0,-95000,0,0,0,104000,199000,-95000,-95000
067710,同欣電元富04購01,0,0,0,0,0,0,0,0,0,-95000,0,0,0,238000,333000,-95000,-95000
08621P,景碩群益9C售01  ,0,0,0,0,0,0,0,0,0,-95000,0,0,0,30000,125000,-95000,-95000
068735,康舒元大02購01  ,0,0,0,0,0,0,0,0,0,-96000,0,0,0,132000,228000,-96000,-96000
060967,鈺齊凱基9A購02  ,0,0,0,0,0,0,0,0,0,-96000,0,0,0,10000,106000,-96000,-96000
060894,奇力新凱基9A購03,0,0,0,0,0,0,0,0,0,-96000,0,0,0,14000,110000,-96000,-96000
065026,世紀鋼永豐9C購02,0,0,0,0,0,0,0,0,0,-96000,0,0,0,8000,104000,-96000,-96000
067548,亞德客中信03購01,0,0,0,0,0,0,0,0,0,-96000,0,0,0,23000,119000,-96000,-96000
08933P,上銀元大01售02  ,0,0,0,0,0,0,0,0,0,-96000,0,0,0,0,96000,-96000,-96000
069183,微星麥證02購01  ,0,0,0,24000,114000,-90000,0,0,0,-97000,0,0,0,24000,121000,-97000,-97000
068072,聯發科凱基01購18,0,0,0,0,0,0,0,0,0,-97000,0,0,0,1000,98000,-97000,-97000
068593,台積電統一03購08,0,0,0,0,0,0,0,0,0,-97000,0,0,0,4000,101000,-97000,-97000
08068P,宏達電國泰9C售01,0,0,0,0,0,0,0,0,0,-97000,0,0,0,0,97000,-97000,-97000
069379,微星元大03購01  ,0,0,0,0,0,0,0,0,0,-97000,0,0,0,230000,327000,-97000,-97000
069702,道瓊銀國票02購02,0,0,0,0,0,0,0,0,0,-97000,0,0,0,0,97000,-97000,-97000
069923,精成科凱基02購01,0,0,0,0,0,0,0,0,0,-97000,0,0,0,0,97000,-97000,-97000
03481P,欣興群益02售08  ,0,0,0,0,0,0,0,0,0,-97000,0,0,0,11000,108000,-97000,-97000
062396,華通永豐9B購01  ,0,0,0,0,0,0,0,0,0,-97000,0,0,0,10000,107000,-97000,-97000
062850,友訊永豐9B購01  ,0,0,0,0,0,0,0,0,0,-97000,0,0,0,31000,128000,-97000,-97000
067190,智伸科凱基02購01,0,0,0,0,0,0,0,0,0,-97000,0,0,0,108000,205000,-97000,-97000
065897,凌華統一03購01  ,0,0,0,0,0,0,0,0,0,-97000,0,0,0,0,97000,-97000,-97000
1721,三晃            ,29000,126000,-97000,0,0,0,0,0,0,0,0,0,0,0,0,0,-97000
069577,南電凱基03購02  ,0,0,0,0,0,0,0,0,0,-98000,0,0,0,34000,132000,-98000,-98000
08555P,超眾國票01售01  ,0,0,0,0,0,0,0,0,0,-98000,0,0,0,1000,99000,-98000,-98000
068378,聯發科永豐01購03,0,0,0,0,0,0,0,0,0,-98000,0,0,0,0,98000,-98000,-98000
054976,上証2X元富9A購01,0,0,0,0,0,0,0,0,0,-98000,0,0,0,6000,104000,-98000,-98000
03374P,玉晶光元大02售06,0,0,0,0,0,0,0,0,0,-98000,0,0,0,12000,110000,-98000,-98000
00690,兆豐藍籌30      ,0,0,0,0,0,0,0,0,0,-98000,0,0,0,593000,691000,-98000,-98000
064011,嘉晶國票9C購01  ,0,0,0,0,0,0,0,0,0,-98000,0,0,0,36000,134000,-98000,-98000
063190,聯茂凱基9B購01  ,0,0,0,0,0,0,0,0,0,-98000,0,0,0,3000,101000,-98000,-98000
063051,仁寶統一01購01  ,0,0,0,0,0,0,0,0,0,-98000,0,0,0,10000,108000,-98000,-98000
064741,南亞科國票01購01,0,0,0,0,0,0,0,0,0,-98000,0,0,0,0,98000,-98000,-98000
065754,健鼎元大9C購06  ,0,0,0,0,0,0,0,0,0,-98000,0,0,0,209000,307000,-98000,-98000
065557,中磊凱基9C購01  ,0,0,0,0,0,0,0,0,0,-98000,0,0,0,100000,198000,-98000,-98000
065708,中磊群益9C購01  ,0,0,0,0,0,0,0,0,0,-98000,0,0,0,32000,130000,-98000,-98000
065692,國巨群益9C購17  ,0,0,0,0,0,0,0,0,0,-98000,0,0,0,0,98000,-98000,-98000
065355,聯發科元富03購05,0,0,0,0,0,0,0,0,0,-98000,0,0,0,0,98000,-98000,-98000
066383,臻鼎康和01購01  ,0,0,0,0,0,0,0,0,0,-98000,0,0,0,2000,100000,-98000,-98000
067164,台虹國票02購01  ,0,0,0,0,0,0,0,0,0,-98000,0,0,0,285000,383000,-98000,-98000
066600,瀚宇博國泰03購01,0,0,0,0,0,0,0,0,0,-98000,0,0,0,391000,489000,-98000,-98000
066789,聯詠麥證01購01  ,0,0,0,0,98000,-98000,0,0,0,-98000,0,0,0,0,98000,-98000,-98000
3005,神基            ,578000,547000,31000,0,0,0,0,0,0,-129000,4000,62000,-58000,19000,90000,-71000,-98000
3019,亞光            ,239000,310000,-71000,0,0,0,0,0,0,-27000,13000,6000,7000,4000,38000,-34000,-98000
6269,台郡            ,1331300,1258049,73251,0,0,0,0,1000,-1000,-171000,16000,161000,-145000,19000,45000,-26000,-98749
068231,聯詠元富07購04  ,0,0,0,0,0,0,0,0,0,-99000,0,0,0,37000,136000,-99000,-99000
06822P,上銀富邦99售03  ,0,0,0,0,0,0,0,0,0,-99000,0,0,0,0,99000,-99000,-99000
08294P,台積電元大9C售06,0,0,0,0,0,0,0,0,0,-99000,0,0,0,3000,102000,-99000,-99000
03357P,大立光兆豐03售03,0,0,0,0,0,0,0,0,0,-99000,0,0,0,1000,100000,-99000,-99000
061067,貿聯凱基9A購03  ,0,0,0,0,0,0,0,0,0,-99000,0,0,0,95000,194000,-99000,-99000
062501,台積電群益9C購03,0,0,0,0,0,0,0,0,0,-99000,0,0,0,1000,100000,-99000,-99000
066659,燿華凱基03購01  ,0,0,0,0,0,0,0,0,0,-99000,0,0,0,40000,139000,-99000,-99000
067499,帆宣元大01購04  ,0,0,0,0,0,0,0,0,0,-99000,0,0,0,20000,119000,-99000,-99000
066335,潤泰全永豐01購01,0,0,0,0,0,0,0,0,0,-99000,0,0,0,2000,101000,-99000,-99000
065938,文曄群益01購01  ,0,0,0,0,0,0,0,0,0,-99000,0,0,0,67000,166000,-99000,-99000
065996,T50反1第一01購01,0,0,0,0,0,0,0,0,0,-99000,0,0,0,0,99000,-99000,-99000
065281,和大群益01購02  ,0,0,0,0,0,0,0,0,0,-99000,0,0,0,1000,100000,-99000,-99000
065200,健策元富9C購04  ,0,0,0,0,0,0,0,0,0,-99000,0,0,0,1000,100000,-99000,-99000
065597,旺宏元大01購03  ,0,0,0,0,0,0,0,0,0,-99000,0,0,0,100000,199000,-99000,-99000
3062,建漢            ,182000,288000,-106000,0,0,0,0,0,0,7000,7000,0,7000,0,0,0,-99000
08368P,台積電兆豐9C售04,0,0,0,0,0,0,0,0,0,-100000,0,0,0,0,100000,-100000,-100000
08253P,鴻海元大9C售06  ,0,0,0,0,0,0,0,0,0,-100000,0,0,0,0,100000,-100000,-100000
08197P,聯發科元大9B售24,0,0,0,0,0,0,0,0,0,-100000,0,0,0,0,100000,-100000,-100000
08061P,大毅國票9B售04  ,0,0,0,0,0,0,0,0,0,-100000,0,0,0,0,100000,-100000,-100000
07972P,大立光統一9C售05,0,0,0,0,0,0,0,0,0,-100000,0,0,0,0,100000,-100000,-100000
07894P,燿華元大9B售01  ,0,0,0,0,0,0,0,0,0,-100000,0,0,0,0,100000,-100000,-100000
07926P,上銀統一9B售02  ,0,0,0,0,0,0,0,0,0,-100000,0,0,0,0,100000,-100000,-100000
07825P,健策國泰9B售04  ,0,0,0,0,0,0,0,0,0,-100000,0,0,0,0,100000,-100000,-100000
07766P,美律群益9A售03  ,0,0,0,0,0,0,0,0,0,-100000,0,0,0,0,100000,-100000,-100000
07382P,台積電群益9B售01,0,0,0,0,0,0,0,0,0,-100000,0,0,0,0,100000,-100000,-100000
07505P,台勝科元大9A售01,0,0,0,0,0,0,0,0,0,-100000,0,0,0,0,100000,-100000,-100000
069530,亞德客群益03購01,0,0,0,0,0,0,0,0,0,-100000,0,0,0,0,100000,-100000,-100000
069496,南六元大02購03  ,0,0,0,0,0,0,0,0,0,-100000,0,0,0,0,100000,-100000,-100000
069445,美律元富08購01  ,0,0,0,0,0,0,0,0,0,-100000,0,0,0,0,100000,-100000,-100000
069359,瑞昱永豐02購02  ,0,0,0,0,0,0,0,0,0,-100000,0,0,0,5000,105000,-100000,-100000
069313,中磊凱基02購01  ,0,0,0,0,0,0,0,0,0,-100000,0,0,0,107000,207000,-100000,-100000
069798,欣興凱基02購11  ,0,0,0,0,0,0,0,0,0,-100000,0,0,0,0,100000,-100000,-100000
069682,聯發科元大02購21,0,0,0,0,0,0,0,0,0,-100000,0,0,0,0,100000,-100000,-100000
068283,帆宣中信01購02  ,0,0,0,0,0,0,0,0,0,-100000,0,0,0,0,100000,-100000,-100000
068427,儒鴻凱基01購01  ,0,0,0,0,0,0,0,0,0,-100000,0,0,0,0,100000,-100000,-100000
068444,中磊凱基01購01  ,0,0,0,0,0,0,0,0,0,-100000,0,0,0,6000,106000,-100000,-100000
068583,信邦永豐01購01  ,0,0,0,0,0,0,0,0,0,-100000,0,0,0,0,100000,-100000,-100000
068463,聯發科富邦03購07,0,0,0,0,0,0,0,0,0,-100000,0,0,0,0,100000,-100000,-100000
06911P,鴻海元大99售09  ,0,0,0,0,0,0,0,0,0,-100000,0,0,0,0,100000,-100000,-100000
068646,上証2X元大03購05,0,0,0,0,0,0,0,0,0,-100000,0,0,0,0,100000,-100000,-100000
068802,台積電群益02購07,0,0,0,0,0,0,0,0,0,-100000,0,0,0,8000,108000,-100000,-100000
058268,泰碩永豐9A購01  ,0,0,0,0,0,0,0,0,0,-100000,0,0,0,0,100000,-100000,-100000
064246,南六統一9C購02  ,0,0,0,0,0,0,0,0,0,-100000,0,0,0,11000,111000,-100000,-100000
061822,和潤群益9B購01  ,0,0,0,0,0,0,0,0,0,-100000,0,0,0,0,100000,-100000,-100000
061737,南亞科凱基9B購01,0,0,0,0,0,0,0,0,0,-100000,0,0,0,0,100000,-100000,-100000
060919,滬深2X富邦9B購01,0,0,0,0,0,0,0,0,0,-100000,0,0,0,0,100000,-100000,-100000
059631,京元電凱基99購02,0,0,0,0,0,0,0,0,0,-100000,0,0,0,0,100000,-100000,-100000
060301,國巨富邦9C購02  ,0,0,0,0,0,0,0,0,0,-100000,0,0,0,0,100000,-100000,-100000
060522,鴻海中信9A購03  ,0,0,0,0,0,0,0,0,0,-100000,0,0,0,0,100000,-100000,-100000
060565,大立光富邦01購01,0,0,0,0,0,0,0,0,0,-100000,0,0,0,100000,200000,-100000,-100000
057494,玉晶光元大99購09,0,0,0,0,0,0,0,0,0,-100000,0,0,0,9000,109000,-100000,-100000
03119P,滬深2X元大01售13,0,0,0,0,0,0,0,0,0,-100000,0,0,0,0,100000,-100000,-100000
03201P,台灣50凱基04售13,0,0,0,0,0,0,0,0,0,-100000,0,0,0,0,100000,-100000,-100000
03302P,聯發科元富02售08,0,0,0,0,0,0,0,0,0,-100000,0,0,0,16000,116000,-100000,-100000
03533P,臺股指凱基02售12,0,0,0,0,0,0,0,0,0,-100000,0,0,0,0,100000,-100000,-100000
03539P,牧德元富08售01  ,0,0,0,0,0,0,0,0,0,-100000,0,0,0,0,100000,-100000,-100000
03494P,國產康和02售01  ,0,0,0,0,0,0,0,0,0,-100000,0,0,0,0,100000,-100000,-100000
059191,茂林富邦9B購01  ,0,0,0,0,0,0,0,0,0,-100000,0,0,0,20000,120000,-100000,-100000
059194,元金2X永豐99購01,0,0,0,0,0,0,0,0,0,-100000,0,0,0,0,100000,-100000,-100000
03452P,健策元大02售08  ,0,0,0,0,0,0,0,0,0,-100000,0,0,0,0,100000,-100000,-100000
06461P,玉晶光國泰9A售01,0,0,0,0,0,0,0,0,0,-100000,0,0,0,0,100000,-100000,-100000
062643,緯穎國票9B購01  ,0,0,0,0,0,0,0,0,0,-100000,0,0,0,100000,200000,-100000,-100000
064566,大立光群益9C購04,0,0,0,0,0,0,0,0,0,-100000,0,0,0,0,100000,-100000,-100000
062239,台汽電凱基9B購01,0,0,0,0,0,0,0,0,0,-100000,0,0,0,0,100000,-100000,-100000
061948,美食群益9B購01  ,0,0,0,0,0,0,0,0,0,-100000,0,0,0,0,100000,-100000,-100000
064714,和大統一02購02  ,0,0,0,0,0,0,0,0,0,-100000,0,0,0,0,100000,-100000,-100000
063130,聯茂元大9B購02  ,0,0,0,0,0,0,0,0,0,-100000,0,0,0,0,100000,-100000,-100000
063794,亞德客凱基9C購01,0,0,0,0,0,0,0,0,0,-100000,0,0,0,0,100000,-100000,-100000
064891,台達電群益9C購01,0,0,0,0,0,0,0,0,0,-100000,0,0,0,0,100000,-100000,-100000
064787,和潤群益9C購01  ,0,0,0,0,0,0,0,0,0,-100000,0,0,0,0,100000,-100000,-100000
064876,旺宏兆豐9C購01  ,0,0,0,0,0,0,0,0,0,-100000,0,0,0,0,100000,-100000,-100000
063368,遠東新永豐9B購01,0,0,0,0,0,0,0,0,0,-100000,0,0,0,0,100000,-100000,-100000
063898,旭富群益9C購01  ,0,0,0,0,0,0,0,0,0,-100000,0,0,0,100000,200000,-100000,-100000
063491,國巨富邦02購02  ,0,0,0,0,0,0,0,0,0,-100000,0,0,0,95000,195000,-100000,-100000
061838,華新科凱基05購03,0,0,0,0,0,0,0,0,0,-100000,0,0,0,8000,108000,-100000,-100000
065573,新日興群益01購02,0,0,0,0,0,0,0,0,0,-100000,0,0,0,13000,113000,-100000,-100000
065767,T50反1國票03購01,0,0,0,0,0,0,0,0,0,-100000,0,0,0,0,100000,-100000,-100000
065796,T50反1群益01購02,0,0,0,0,0,0,0,0,0,-100000,0,0,0,0,100000,-100000,-100000
065959,T50反1元大01購02,0,0,0,0,0,0,0,0,0,-100000,0,0,0,0,100000,-100000,-100000
066215,惠特統一04購01  ,0,0,0,0,0,0,0,0,0,-100000,0,0,0,0,100000,-100000,-100000
066371,同欣電中信05購01,0,0,0,0,0,0,0,0,0,-100000,0,0,0,30000,130000,-100000,-100000
066492,台郡元富01購01  ,0,0,0,0,0,0,0,0,0,-100000,0,0,0,0,100000,-100000,-100000
067542,旭富群益01購03  ,0,0,0,0,0,0,0,0,0,-100000,0,0,0,10000,110000,-100000,-100000
067614,台汽電凱基01購01,0,0,0,0,0,0,0,0,0,-100000,0,0,0,0,100000,-100000,-100000
067641,群創統一01購02  ,0,0,0,0,0,0,0,0,0,-100000,0,0,0,13000,113000,-100000,-100000
066733,大立光元大01購10,0,0,0,0,0,0,0,0,0,-100000,0,0,0,1000,101000,-100000,-100000
066755,永光永豐01購02  ,0,0,0,0,0,0,0,0,0,-100000,0,0,0,100000,200000,-100000,-100000
066932,京元電國票02購01,0,0,0,0,0,0,0,0,0,-100000,0,0,0,37000,137000,-100000,-100000
066886,T50反1中信05購01,0,0,0,0,0,0,0,0,0,-100000,0,0,0,0,100000,-100000,-100000
066977,鴻海群益02購01  ,0,0,0,0,0,0,0,0,0,-100000,0,0,0,0,100000,-100000,-100000
066948,聯發科元大01購16,0,0,0,0,0,0,0,0,0,-100000,0,0,0,327000,427000,-100000,-100000
08982P,泰碩凱基01售01  ,0,0,0,0,0,0,0,0,0,-100000,0,0,0,0,100000,-100000,-100000
08937P,大立光元大01售14,0,0,0,0,0,0,0,0,0,-100000,0,0,0,100000,200000,-100000,-100000
08976P,臺股指群益01售10,0,0,0,0,0,0,0,0,0,-100000,0,0,0,44000,144000,-100000,-100000
08620P,聯發科群益9C售15,0,0,0,0,0,0,0,0,0,-100000,0,0,0,0,100000,-100000,-100000
068810,T50反1元大02購02,0,0,0,0,0,0,0,0,0,-101000,0,0,0,300000,401000,-101000,-101000
068818,聯發科元大02購06,0,0,0,0,0,0,0,0,0,-101000,0,0,0,727000,828000,-101000,-101000
069905,欣興元大02購15  ,0,0,0,0,0,0,0,0,0,-101000,0,0,0,14000,115000,-101000,-101000
07963P,智邦統一9B售01  ,0,0,0,0,0,0,0,0,0,-101000,0,0,0,50000,151000,-101000,-101000
03340P,瀚宇博國票04售01,0,0,0,0,0,0,0,0,0,-101000,0,0,0,90000,191000,-101000,-101000
061659,信邦永豐9A購01  ,0,0,0,0,0,0,0,0,0,-101000,0,0,0,0,101000,-101000,-101000
067736,國巨元大02購04  ,0,0,0,0,0,0,0,0,0,-101000,0,0,0,0,101000,-101000,-101000
067473,旺宏元大02購01  ,0,0,0,0,0,0,0,0,0,-101000,0,0,0,171000,272000,-101000,-101000
1108,幸福            ,18000,101000,-83000,0,0,0,0,0,0,-18000,1000,19000,-18000,0,0,0,-101000
069852,台積電永豐02購05,0,0,0,0,0,0,0,0,0,-102000,0,0,0,0,102000,-102000,-102000
069561,力山康和02購01  ,0,0,0,0,0,0,0,0,0,-102000,0,0,0,117000,219000,-102000,-102000
069564,儒鴻凱基02購01  ,0,0,0,0,0,0,0,0,0,-102000,0,0,0,100000,202000,-102000,-102000
068879,TPK凱基02購03   ,0,0,0,0,0,0,0,0,0,-102000,0,0,0,0,102000,-102000,-102000
03360P,鴻海元大03售02  ,0,0,0,0,0,0,0,0,0,-102000,0,0,0,0,102000,-102000,-102000
059956,玉山金康和99購01,0,0,0,0,0,0,0,0,0,-102000,0,0,0,100000,202000,-102000,-102000
067922,玉晶光中信04購01,0,0,0,0,0,0,0,0,0,-102000,0,0,0,65000,167000,-102000,-102000
066623,國巨凱基04購01  ,0,0,0,0,0,0,0,0,0,-102000,0,0,0,60000,162000,-102000,-102000
08940P,聯發科第一01售01,0,0,0,0,0,0,0,0,0,-102000,0,0,0,10000,112000,-102000,-102000
8016,矽創            ,180000,253000,-73000,0,0,0,0,0,0,-29000,0,0,0,3000,32000,-29000,-102000
5519,隆大            ,323000,425000,-102000,0,0,0,0,0,0,0,0,0,0,0,0,0,-102000
3669,圓展            ,67000,162000,-95000,0,0,0,0,0,0,-7000,1000,8000,-7000,0,0,0,-102000
069244,金像電凱基02購04,0,0,0,0,0,0,0,0,0,-103000,0,0,0,126000,229000,-103000,-103000
069464,南電兆豐03購02  ,0,0,0,0,0,0,0,0,0,-103000,0,0,0,183000,286000,-103000,-103000
059042,世紀鋼群益99購02,0,0,0,0,0,0,0,0,0,-103000,0,0,0,30000,133000,-103000,-103000
063555,SP黃豆元大9B購01,3000,0,3000,0,0,0,0,0,0,-106000,0,0,0,0,106000,-106000,-103000
03107P,台積電元大01售39,0,0,0,0,0,0,0,0,0,-103000,0,0,0,0,103000,-103000,-103000
03101P,GIS凱基01售04   ,0,0,0,0,0,0,0,0,0,-103000,0,0,0,96000,199000,-103000,-103000
064918,中信金統一02購01,0,0,0,0,0,0,0,0,0,-103000,0,0,0,217000,320000,-103000,-103000
063404,金像電國票9B購01,50000,45000,5000,0,0,0,0,0,0,-108000,0,0,0,105000,213000,-108000,-103000
08813P,聯發科群益01售02,0,0,0,0,0,0,0,0,0,-103000,0,0,0,0,103000,-103000,-103000
069122,聯茂群益02購01  ,0,0,0,0,0,0,0,0,0,-104000,0,0,0,0,104000,-104000,-104000
063969,晶豪科國票01購01,0,0,0,0,0,0,0,0,0,-104000,0,0,0,0,104000,-104000,-104000
064955,健策凱基9C購03  ,0,0,0,0,0,0,0,0,0,-104000,0,0,0,6000,110000,-104000,-104000
067707,奇力新元富04購01,0,0,0,0,0,0,0,0,0,-104000,0,0,0,14000,118000,-104000,-104000
6168,宏齊            ,53000,156000,-103000,0,0,0,0,0,0,-1000,0,1000,-1000,0,0,0,-104000
8028,昇陽半導體      ,35000,138000,-103000,0,0,0,0,0,0,-1000,1000,1000,0,0,1000,-1000,-104000
068121,TPK元富03購01   ,0,0,0,0,0,0,0,0,0,-105000,0,0,0,85000,190000,-105000,-105000
07824P,國巨元大9A售24  ,0,0,0,0,0,0,0,0,0,-105000,0,0,0,0,105000,-105000,-105000
08347P,大立光元大9C售16,0,0,0,0,0,0,0,0,0,-105000,0,0,0,50000,155000,-105000,-105000
03054P,宏碁中信03售02  ,0,0,0,0,0,0,0,0,0,-105000,0,0,0,0,105000,-105000,-105000
03157P,鴻海元大01售27  ,0,0,0,0,0,0,0,0,0,-105000,0,0,0,0,105000,-105000,-105000
03526P,欣興凱基02售13  ,0,0,0,0,0,0,0,0,0,-105000,0,0,0,0,105000,-105000,-105000
03696C,臺股指元大9B牛44,0,0,0,0,0,0,0,0,0,-105000,0,0,0,0,105000,-105000,-105000
03415P,臺股指元大03售07,0,0,0,0,0,0,0,0,0,-105000,0,0,0,23000,128000,-105000,-105000
03477P,TPK元富03售03   ,0,0,0,0,0,0,0,0,0,-105000,0,0,0,21000,126000,-105000,-105000
065097,貿聯元大9C購04  ,0,0,0,0,0,0,0,0,0,-105000,0,0,0,286000,391000,-105000,-105000
064346,貿聯元大01購01  ,0,0,0,0,0,0,0,0,0,-105000,0,0,0,114000,219000,-105000,-105000
063989,大立光永豐9C購01,0,0,0,0,0,0,0,0,0,-105000,0,0,0,20000,125000,-105000,-105000
064674,鈺齊元大9C購01  ,2000,0,2000,0,0,0,0,0,0,-107000,0,0,0,294000,401000,-107000,-105000
061489,高鐵兆豐9A購01  ,0,0,0,0,0,0,0,0,0,-105000,0,0,0,6000,111000,-105000,-105000
06638P,鴻海統一99售02  ,0,0,0,0,0,0,0,0,0,-105000,0,0,0,0,105000,-105000,-105000
6120,達運            ,63000,180000,-117000,0,0,0,0,0,0,12000,13000,1000,12000,0,0,0,-105000
068542,SP黃豆國票01購01,0,0,0,0,0,0,0,0,0,-106000,0,0,0,0,106000,-106000,-106000
069157,金像電元大02購04,0,0,0,0,0,0,0,0,0,-106000,0,0,0,205000,311000,-106000,-106000
03455P,瑞昱凱基02售04  ,0,0,0,0,0,0,0,0,0,-106000,0,0,0,0,106000,-106000,-106000
052755,滬深2X群益9A購01,0,0,0,0,0,0,0,0,0,-106000,0,0,0,0,106000,-106000,-106000
063627,上銀元大9B購09  ,0,0,0,0,0,0,0,0,0,-106000,0,0,0,149000,255000,-106000,-106000
3694,海華            ,1662000,1773000,-111000,0,0,0,0,0,0,5000,5000,0,5000,0,0,0,-106000
069107,國巨兆豐03購02  ,0,0,0,0,0,0,0,0,0,-107000,0,0,0,2000,109000,-107000,-107000
069457,欣興麥證02購02  ,0,0,0,204000,319000,-115000,0,0,0,-107000,0,0,0,212000,319000,-107000,-107000
069843,欣興群益02購09  ,0,0,0,0,0,0,0,0,0,-107000,0,0,0,0,107000,-107000,-107000
063913,貿聯凱基02購01  ,0,0,0,0,0,0,0,0,0,-107000,0,0,0,67000,174000,-107000,-107000
062081,華新科元大9B購06,0,0,0,0,0,0,0,0,0,-107000,0,0,0,4000,111000,-107000,-107000
066040,友訊元大01購02  ,0,0,0,0,0,0,0,0,0,-107000,0,0,0,106000,213000,-107000,-107000
066753,聯鈞國泰03購01  ,0,0,0,0,0,0,0,0,0,-107000,0,0,0,0,107000,-107000,-107000
068456,冠德國票03購01  ,0,0,0,0,0,0,0,0,0,-108000,0,0,0,3000,111000,-108000,-108000
068425,道瓊銀凱基04購01,0,0,0,0,0,0,0,0,0,-108000,0,0,0,0,108000,-108000,-108000
062654,技嘉永豐9B購01  ,0,0,0,0,0,0,0,0,0,-108000,0,0,0,0,108000,-108000,-108000
063401,中租群益9B購03  ,0,0,0,0,0,0,0,0,0,-108000,0,0,0,138000,246000,-108000,-108000
067567,瀚宇博康和01購01,0,0,0,0,0,0,0,0,0,-108000,0,0,0,259000,367000,-108000,-108000
066012,友訊元富01購01  ,0,0,0,0,0,0,0,0,0,-108000,0,0,0,326000,434000,-108000,-108000
066096,友訊中信05購02  ,0,0,0,0,0,0,0,0,0,-108000,0,0,0,20000,128000,-108000,-108000
065814,健策統一9C購08  ,0,0,0,0,0,0,0,0,0,-108000,0,0,0,28000,136000,-108000,-108000
068494,玉山金元大01購01,0,0,0,0,0,0,0,0,0,-109000,0,0,0,50000,159000,-109000,-109000
069195,上銀台新02購01  ,0,0,0,0,0,0,0,0,0,-109000,0,0,0,500000,609000,-109000,-109000
060821,SP黃豆元大9A購02,0,0,0,0,0,0,0,0,0,-109000,0,0,0,1000,110000,-109000,-109000
057243,樺漢凱基99購01  ,0,0,0,0,0,0,0,0,0,-109000,0,0,0,22000,131000,-109000,-109000
060122,亞德客永豐99購02,0,0,0,0,0,0,0,0,0,-109000,0,0,0,2000,111000,-109000,-109000
063870,健策永豐01購01  ,0,0,0,0,0,0,0,0,0,-109000,0,0,0,10000,119000,-109000,-109000
064391,亞德客永豐9C購01,0,0,0,0,0,0,0,0,0,-109000,0,0,0,14000,123000,-109000,-109000
063019,聯發科元大9C購01,0,0,0,0,0,0,0,0,0,-109000,0,0,0,2000,111000,-109000,-109000
066122,卜蜂群益03購01  ,40000,0,40000,0,0,0,0,0,0,-149000,0,0,0,155000,304000,-149000,-109000
069823,欣興統一03購01  ,0,0,0,0,0,0,0,0,0,-110000,0,0,0,2000,112000,-110000,-110000
069829,奇力新元富08購01,0,0,0,0,0,0,0,0,0,-110000,0,0,0,0,110000,-110000,-110000
069569,聯陽凱基02購01  ,0,0,0,0,0,0,0,0,0,-110000,0,0,0,0,110000,-110000,-110000
069409,聯發科統一04購02,0,0,0,0,0,0,0,0,0,-110000,0,0,0,0,110000,-110000,-110000
08302P,長榮航國泰02售01,0,0,0,0,0,0,0,0,0,-110000,0,0,0,40000,150000,-110000,-110000
07284P,大立光凱基99售10,0,0,0,0,0,0,0,0,0,-110000,0,0,0,43000,153000,-110000,-110000
08083P,健策元大9C售05  ,0,0,0,0,0,0,0,0,0,-110000,0,0,0,0,110000,-110000,-110000
08036P,嘉澤群益9B售03  ,0,0,0,0,0,0,0,0,0,-110000,0,0,0,40000,150000,-110000,-110000
060885,世紀鋼中信9A購01,0,0,0,0,0,0,0,0,0,-110000,0,0,0,54000,164000,-110000,-110000
059695,聯鈞永豐99購02  ,0,0,0,0,0,0,0,0,0,-110000,0,0,0,0,110000,-110000,-110000
060980,台積電元大9A購21,0,0,0,0,0,0,0,0,0,-110000,0,0,0,0,110000,-110000,-110000
00730,富邦臺灣優質高息,0,0,0,0,0,0,0,0,0,-110000,0,0,0,48000,158000,-110000,-110000
059195,國巨永豐99購04  ,0,0,0,0,0,0,0,0,0,-110000,0,0,0,1000,111000,-110000,-110000
056274,彩晶統一98購02  ,0,0,0,0,0,0,0,0,0,-110000,0,0,0,1000,111000,-110000,-110000
065145,貿聯凱基9C購02  ,0,0,0,0,0,0,0,0,0,-110000,0,0,0,4000,114000,-110000,-110000
063716,旺宏兆豐9B購01  ,0,0,0,0,0,0,0,0,0,-110000,0,0,0,0,110000,-110000,-110000
063909,旺宏凱基02購01  ,0,0,0,0,0,0,0,0,0,-110000,0,0,0,0,110000,-110000,-110000
063911,大立光凱基9C購03,0,0,0,0,0,0,0,0,0,-110000,0,0,0,0,110000,-110000,-110000
067709,大立光元富07購01,0,0,0,0,0,0,0,0,0,-110000,0,0,0,197000,307000,-110000,-110000
067227,T50反1群益01購06,0,0,0,0,0,0,0,0,0,-110000,0,0,0,0,110000,-110000,-110000
4108,懷特            ,133000,243000,-110000,0,0,0,0,0,0,0,0,0,0,0,0,0,-110000
069582,金像電永豐02購02,0,0,0,0,0,0,0,0,0,-111000,0,0,0,19000,130000,-111000,-111000
069583,群光永豐02購01  ,0,0,0,0,0,0,0,0,0,-111000,0,0,0,65000,176000,-111000,-111000
069851,聯電永豐02購07  ,0,0,0,0,0,0,0,0,0,-111000,0,0,0,8000,119000,-111000,-111000
068786,亞德客凱基03購02,0,0,0,0,0,0,0,0,0,-111000,0,0,0,0,111000,-111000,-111000
03015P,玉晶光永豐01售06,0,0,0,0,0,0,0,0,0,-111000,0,0,0,41000,152000,-111000,-111000
03187P,聯發科元大01售33,0,0,0,0,0,0,0,0,0,-111000,0,0,0,1009000,1120000,-111000,-111000
060953,富邦金群益9A購01,0,0,0,0,0,0,0,0,0,-111000,0,0,0,0,111000,-111000,-111000
064176,京元電國泰01購01,0,0,0,0,0,0,0,0,0,-111000,0,0,0,56000,167000,-111000,-111000
066681,聯發科兆豐01購04,0,0,0,0,0,0,0,0,0,-111000,0,0,0,0,111000,-111000,-111000
08591P,台光電凱基9C售02,0,0,0,0,0,0,0,0,0,-111000,0,0,0,400000,511000,-111000,-111000
07902P,玉晶光國票01售01,0,0,0,0,0,0,0,0,0,-112000,0,0,0,48000,160000,-112000,-112000
07751P,世紀鋼凱基9A售02,0,0,0,0,0,0,0,0,0,-112000,0,0,0,0,112000,-112000,-112000
062722,京元電凱基9B購02,0,0,0,0,0,0,0,0,0,-112000,0,0,0,99000,211000,-112000,-112000
03051P,玉晶光統一01售14,0,0,0,0,0,0,0,0,0,-112000,0,0,0,15000,127000,-112000,-112000
03024P,南六群益01售02  ,0,0,0,0,0,0,0,0,0,-112000,0,0,0,0,112000,-112000,-112000
064670,智伸科元大9C購01,0,0,0,0,0,0,0,0,0,-112000,0,0,0,18000,130000,-112000,-112000
061372,世紀鋼國泰9C購01,0,0,0,0,0,0,0,0,0,-112000,0,0,0,128000,240000,-112000,-112000
064784,祥碩群益9C購01  ,350000,0,350000,0,0,0,0,0,0,-462000,0,0,0,514000,976000,-462000,-112000
065651,中磊元大9C購01  ,0,0,0,0,0,0,0,0,0,-112000,0,0,0,207000,319000,-112000,-112000
9955,佳龍            ,27000,139000,-112000,0,0,0,0,0,0,0,0,0,0,0,0,0,-112000
08231P,上銀元富9B售10  ,0,0,0,0,0,0,0,0,0,-113000,0,0,0,126000,239000,-113000,-113000
069659,百和凱基03購01  ,0,0,0,0,0,0,0,0,0,-113000,0,0,0,8000,121000,-113000,-113000
069474,世紀鋼國票03購01,0,0,0,0,0,0,0,0,0,-113000,0,0,0,26000,139000,-113000,-113000
069336,華碩群益02購01  ,0,0,0,0,0,0,0,0,0,-113000,0,0,0,81000,194000,-113000,-113000
03311P,欣興凱基02售05  ,0,0,0,0,0,0,0,0,0,-113000,0,0,0,208000,321000,-113000,-113000
03369P,景碩中信02售01  ,0,0,0,0,0,0,0,0,0,-113000,0,0,0,1239000,1352000,-113000,-113000
063551,美食國票9B購02  ,0,0,0,0,0,0,0,0,0,-113000,0,0,0,2000,115000,-113000,-113000
063569,美食元大9B購03  ,0,0,0,0,0,0,0,0,0,-113000,0,0,0,112000,225000,-113000,-113000
060337,FBVIX統一9A購01 ,0,0,0,0,0,0,0,0,0,-113000,0,0,0,10000,123000,-113000,-113000
064170,儒鴻元富9C購01  ,0,0,0,0,0,0,0,0,0,-113000,0,0,0,60000,173000,-113000,-113000
063981,貿聯兆豐9C購01  ,0,0,0,0,0,0,0,0,0,-113000,0,0,0,104000,217000,-113000,-113000
065270,TPK元大01購01   ,0,0,0,0,0,0,0,0,0,-113000,0,0,0,69000,182000,-113000,-113000
067142,美利達永豐01購02,0,0,0,0,0,0,0,0,0,-113000,0,0,0,60000,173000,-113000,-113000
067792,GIS群益02購02   ,0,0,0,0,0,0,0,0,0,-113000,0,0,0,51000,164000,-113000,-113000
067810,聯發科凱基02購06,0,0,0,0,0,0,0,0,0,-113000,0,0,0,149000,262000,-113000,-113000
067620,聚陽國泰02購01  ,0,0,0,0,0,0,0,0,0,-113000,0,0,0,16000,129000,-113000,-113000
08922P,京元電永豐01售01,0,0,0,0,0,0,0,0,0,-113000,0,0,0,5000,118000,-113000,-113000
068884,華通統一04購01  ,0,0,0,0,0,0,0,0,0,-114000,0,0,0,103000,217000,-114000,-114000
057582,亞光中信9A購02  ,0,0,0,0,0,0,0,0,0,-114000,0,0,0,0,114000,-114000,-114000
066359,潤泰新永豐01購01,0,0,0,0,0,0,0,0,0,-114000,0,0,0,125000,239000,-114000,-114000
3413,京鼎            ,328000,363000,-35000,0,0,0,0,0,0,-79000,27000,27000,0,26000,105000,-79000,-114000
069247,美律凱基03購01  ,0,0,0,0,0,0,0,0,0,-115000,0,0,0,0,115000,-115000,-115000
068511,國巨統一07購01  ,0,0,0,0,0,0,0,0,0,-115000,0,0,0,5000,120000,-115000,-115000
068037,聯鈞元富07購01  ,0,0,0,0,0,0,0,0,0,-115000,0,0,0,0,115000,-115000,-115000
055876,美食元富9A購01  ,0,0,0,0,0,0,0,0,0,-115000,0,0,0,125000,240000,-115000,-115000
03453P,儒鴻康和02售01  ,0,0,0,0,0,0,0,0,0,-115000,0,0,0,0,115000,-115000,-115000
068962,奇鋐群益02購02  ,0,0,0,0,0,0,0,0,0,-116000,0,0,0,0,116000,-116000,-116000
058884,世紀鋼永豐99購02,0,0,0,0,0,0,0,0,0,-116000,0,0,0,4000,120000,-116000,-116000
060244,大立光元大9B購02,0,0,0,0,0,0,0,0,0,-116000,0,0,0,94000,210000,-116000,-116000
061740,華新科凱基03購01,0,0,0,0,0,0,0,0,0,-116000,0,0,0,217000,333000,-116000,-116000
064667,大立光元大02購01,0,0,0,0,0,0,0,0,0,-116000,0,0,0,100000,216000,-116000,-116000
063056,嘉澤統一9C購02  ,0,0,0,0,0,0,0,0,0,-116000,0,0,0,1000,117000,-116000,-116000
066671,TPK凱基02購02   ,0,0,0,0,0,0,0,0,0,-116000,0,0,0,55000,171000,-116000,-116000
068851,漢唐統一04購01  ,0,0,0,0,0,0,0,0,0,-117000,0,0,0,133000,250000,-117000,-117000
062694,遠東新元大9B購01,0,0,0,0,0,0,0,0,0,-117000,0,0,0,92000,209000,-117000,-117000
03440P,台光電凱基02售02,0,0,0,0,0,0,0,0,0,-117000,0,0,0,0,117000,-117000,-117000
03210P,美食國票03售01  ,0,0,0,0,0,0,0,0,0,-117000,0,0,0,38000,155000,-117000,-117000
066008,大立光統一03購02,0,0,0,0,0,0,0,0,0,-117000,0,0,0,65000,182000,-117000,-117000
065371,漢唐元大01購01  ,0,0,0,0,0,0,0,0,0,-117000,0,0,0,68000,185000,-117000,-117000
065542,緯穎統一01購05  ,0,0,0,0,0,0,0,0,0,-117000,0,0,0,53000,170000,-117000,-117000
03040P,玉晶光國票03售02,0,0,0,0,0,0,0,0,0,-118000,0,0,0,45000,163000,-118000,-118000
064127,聯發科元大9C購06,0,0,0,0,0,0,0,0,0,-118000,0,0,0,10000,128000,-118000,-118000
064413,世紀鋼凱基02購01,0,0,0,0,0,0,0,0,0,-118000,0,0,0,32000,150000,-118000,-118000
067422,微星凱基02購03  ,0,0,0,0,0,0,0,0,0,-118000,0,0,0,214000,332000,-118000,-118000
068944,中石化凱基04購01,0,0,0,0,0,0,0,0,0,-119000,0,0,0,518000,637000,-119000,-119000
053764,A50正2富邦99購01,0,0,0,0,0,0,0,0,0,-119000,0,0,0,0,119000,-119000,-119000
069547,聯發科元大02購18,0,0,0,0,0,0,0,0,0,-120000,0,0,0,0,120000,-120000,-120000
08171P,嘉澤國票9C售01  ,0,0,0,0,0,0,0,0,0,-120000,0,0,0,0,120000,-120000,-120000
08289P,智邦統一9C售01  ,0,0,0,0,0,0,0,0,0,-120000,0,0,0,0,120000,-120000,-120000
055701,亞德客富邦99購01,0,0,0,0,0,0,0,0,0,-120000,0,0,0,0,120000,-120000,-120000
03448P,台積電元大02售30,0,0,0,0,0,0,0,0,0,-120000,0,0,0,0,120000,-120000,-120000
03089P,華擎元大01售07  ,0,0,0,0,0,0,0,0,0,-120000,0,0,0,15000,135000,-120000,-120000
061000,旺宏兆豐9A購02  ,0,0,0,0,0,0,0,0,0,-120000,0,0,0,0,120000,-120000,-120000
063525,廣達凱基9B購02  ,0,0,0,0,0,0,0,0,0,-120000,0,0,0,236000,356000,-120000,-120000
064035,GIS元大9C購03   ,0,0,0,0,0,0,0,0,0,-120000,0,0,0,96000,216000,-120000,-120000
064323,滬深2X元大9C購09,0,0,0,0,0,0,0,0,0,-120000,0,0,0,2000,122000,-120000,-120000
066682,聯詠兆豐03購01  ,0,0,0,0,0,0,0,0,0,-120000,0,0,0,94000,214000,-120000,-120000
3504,揚明光          ,110000,224000,-114000,0,0,0,0,0,0,-6000,0,13000,-13000,7000,0,7000,-120000
1723,中碳            ,134000,255000,-121000,0,0,0,0,0,0,1000,1000,0,1000,0,0,0,-120000
8996,高力            ,49000,169000,-120000,0,0,0,0,0,0,0,0,0,0,0,0,0,-120000
069893,台積電元大02購32,0,0,0,0,0,0,0,0,0,-121000,0,0,0,0,121000,-121000,-121000
03460P,瑞昱國票02售01  ,0,0,0,0,0,0,0,0,0,-121000,0,0,0,3000,124000,-121000,-121000
064000,台郡兆豐9C購01  ,0,0,0,0,0,0,0,0,0,-121000,0,0,0,0,121000,-121000,-121000
066981,聯發科群益02購07,0,0,0,0,0,0,0,0,0,-121000,0,0,0,0,121000,-121000,-121000
067384,南六統一01購03  ,0,0,0,0,0,0,0,0,0,-121000,0,0,0,135000,256000,-121000,-121000
067523,上証反群益06購01,0,0,0,0,0,0,0,0,0,-121000,0,0,0,0,121000,-121000,-121000
067845,美食元富04購01  ,0,0,0,0,0,0,0,0,0,-121000,0,0,0,133000,254000,-121000,-121000
066297,美利達元大01購01,0,0,0,0,0,0,0,0,0,-121000,0,0,0,135000,256000,-121000,-121000
6706,惠特            ,160000,154000,6000,0,0,0,0,0,0,-127000,0,36000,-36000,11000,102000,-91000,-121000
08230P,台表科國票9C售03,0,0,0,0,0,0,0,0,0,-122000,0,0,0,0,122000,-122000,-122000
07424P,大立光元大9B售01,0,0,0,0,0,0,0,0,0,-122000,0,0,0,4000,126000,-122000,-122000
068991,冠德永豐02購01  ,0,0,0,0,0,0,0,0,0,-122000,0,0,0,0,122000,-122000,-122000
068328,聯發科元大01購28,0,0,0,0,0,0,0,0,0,-122000,0,0,0,550000,672000,-122000,-122000
059113,群光永豐99購01  ,0,0,0,0,0,0,0,0,0,-122000,0,0,0,71000,193000,-122000,-122000
059294,宏達電元富9B購02,0,0,0,0,0,0,0,0,0,-122000,0,0,0,80000,202000,-122000,-122000
03253P,台灣50國泰03售02,0,0,0,0,0,0,0,0,0,-122000,0,0,0,0,122000,-122000,-122000
061047,大立光第一9A購01,0,0,0,0,0,0,0,0,0,-122000,0,0,0,0,122000,-122000,-122000
066169,晶豪科凱基01購01,0,0,0,0,0,0,0,0,0,-122000,0,0,0,50000,172000,-122000,-122000
4755,三福化          ,54000,176000,-122000,0,0,0,0,0,0,0,0,0,0,0,0,0,-122000
2329,華泰            ,260000,394000,-134000,0,0,0,0,0,0,12000,12000,0,12000,0,0,0,-122000
08817P,致新元富01售02  ,0,0,0,0,0,0,0,0,0,-122000,0,0,0,0,122000,-122000,-122000
068995,南六永豐02購01  ,0,0,0,0,0,0,0,0,0,-123000,0,0,0,15000,138000,-123000,-123000
068870,美利達中信03購01,0,0,0,0,0,0,0,0,0,-123000,0,0,0,0,123000,-123000,-123000
058278,FBVIX中信03購02 ,0,0,0,0,0,0,0,0,0,-123000,0,0,0,55000,178000,-123000,-123000
059947,貿聯永豐99購03  ,0,0,0,0,0,0,0,0,0,-123000,0,0,0,85000,208000,-123000,-123000
03225P,國巨凱基02售08  ,0,0,0,0,0,0,0,0,0,-123000,0,0,0,0,123000,-123000,-123000
03112P,GIS元大01售03   ,0,0,0,0,0,0,0,0,0,-123000,0,0,0,136000,259000,-123000,-123000
064143,旺宏統一01購05  ,0,0,0,0,0,0,0,0,0,-123000,0,0,0,0,123000,-123000,-123000
062237,緯創凱基9B購01  ,0,0,0,0,0,0,0,0,0,-123000,0,0,0,12000,135000,-123000,-123000
1308,亞聚            ,233000,245000,-12000,0,0,0,0,0,0,-111000,0,56000,-56000,60000,115000,-55000,-123000
3437,榮創            ,174000,300000,-126000,0,0,0,0,0,0,3000,3000,0,3000,0,0,0,-123000
069180,力山麥證02購01  ,0,0,0,126000,250000,-124000,0,0,0,-124000,0,0,0,126000,250000,-124000,-124000
068334,玉晶光元大01購14,0,0,0,0,0,0,0,0,0,-124000,0,0,0,4000,128000,-124000,-124000
08203P,同欣電永豐9B售04,0,0,0,0,0,0,0,0,0,-124000,0,0,0,0,124000,-124000,-124000
069291,為升中信04購01  ,0,0,0,0,0,0,0,0,0,-124000,0,0,0,425000,549000,-124000,-124000
059293,宏達電元富9B購01,0,0,0,0,0,0,0,0,0,-124000,0,0,0,76000,200000,-124000,-124000
065699,南亞科群益9C購02,0,0,0,0,0,0,0,0,0,-124000,0,0,0,45000,169000,-124000,-124000
067875,百和元大01購01  ,0,0,0,0,0,0,0,0,0,-124000,0,0,0,202000,326000,-124000,-124000
06690P,玉晶光群益9A售05,0,0,0,0,0,0,0,0,0,-124000,0,0,0,7000,131000,-124000,-124000
08794P,台積電兆豐01售03,0,0,0,0,0,0,0,0,0,-124000,0,0,0,0,124000,-124000,-124000
08560P,茂林國票01售01  ,0,0,0,0,0,0,0,0,0,-125000,0,0,0,0,125000,-125000,-125000
03222P,為升凱基02售02  ,0,0,0,0,0,0,0,0,0,-125000,0,0,0,0,125000,-125000,-125000
03256P,聯發科富邦03售08,0,0,0,0,0,0,0,0,0,-125000,0,0,0,19000,144000,-125000,-125000
057850,上銀兆豐99購02  ,0,0,0,0,0,0,0,0,0,-125000,0,0,0,5000,130000,-125000,-125000
061496,華新科國票9A購07,0,0,0,0,0,0,0,0,0,-125000,0,0,0,0,125000,-125000,-125000
067781,SP黃豆群益01購02,0,0,0,0,0,0,0,0,0,-125000,0,0,0,2000,127000,-125000,-125000
065288,華新科群益02購02,0,0,0,0,0,0,0,0,0,-125000,0,0,0,22000,147000,-125000,-125000
069424,瑞昱台新02購01  ,0,0,0,0,0,0,0,0,0,-126000,0,0,0,14000,140000,-126000,-126000
069699,華碩元富02購01  ,0,0,0,0,0,0,0,0,0,-126000,0,0,0,97000,223000,-126000,-126000
03271P,台積電群益02售06,0,0,0,0,0,0,0,0,0,-126000,0,0,0,0,126000,-126000,-126000
03010P,國巨國泰03售01  ,0,0,0,0,0,0,0,0,0,-126000,0,0,0,40000,166000,-126000,-126000
064839,旭富統一9C購01  ,0,0,0,0,0,0,0,0,0,-126000,0,0,0,330000,456000,-126000,-126000
065604,聯發科元大9C購17,0,0,0,0,0,0,0,0,0,-126000,0,0,0,77000,203000,-126000,-126000
08798P,聯發科國票01售03,0,0,0,0,0,0,0,0,0,-126000,0,0,0,15000,141000,-126000,-126000
2485,兆赫            ,100000,233000,-133000,0,0,0,0,0,0,7000,17000,10000,7000,0,0,0,-126000
068393,GIS統一03購01   ,0,0,0,0,0,0,0,0,0,-127000,0,0,0,15000,142000,-127000,-127000
064914,友達統一02購03  ,0,0,0,0,0,0,0,0,0,-127000,0,0,0,0,127000,-127000,-127000
065806,貿聯群益9C購05  ,0,0,0,0,0,0,0,0,0,-127000,0,0,0,4000,131000,-127000,-127000
06782P,大立光元大99售07,0,0,0,0,0,0,0,0,0,-127000,0,0,0,0,127000,-127000,-127000
068789,旺宏凱基04購01  ,0,0,0,0,0,0,0,0,0,-128000,0,0,0,0,128000,-128000,-128000
068744,亞德客群益02購01,0,0,0,0,0,0,0,0,0,-128000,0,0,0,0,128000,-128000,-128000
057404,貿聯群益99購01  ,0,0,0,0,0,0,0,0,0,-128000,0,0,0,81000,209000,-128000,-128000
064511,GIS元大9C購05   ,0,0,0,0,0,0,0,0,0,-128000,0,0,0,84000,212000,-128000,-128000
066171,德律凱基01購01  ,0,0,0,0,0,0,0,0,0,-128000,0,0,0,259000,387000,-128000,-128000
6278,台表科          ,1147000,1163000,-16000,0,0,0,127000,0,127000,-239000,14000,111000,-97000,61000,203000,-142000,-128000
069730,世紀鋼群益02購02,0,0,0,0,0,0,0,0,0,-129000,0,0,0,204000,333000,-129000,-129000
08295P,長榮航元大9C售01,0,0,0,0,0,0,0,0,0,-129000,0,0,0,0,129000,-129000,-129000
07992P,玉晶光群益01售04,0,0,0,0,0,0,0,0,0,-129000,0,0,0,262000,391000,-129000,-129000
058242,玉晶光元大9A購01,0,0,0,0,0,0,0,0,0,-129000,0,0,0,15000,144000,-129000,-129000
061455,京元電凱基9B購01,0,0,0,0,0,0,0,0,0,-129000,0,0,0,30000,159000,-129000,-129000
067846,大立光元富01購01,0,0,0,0,0,0,0,0,0,-129000,0,0,0,171000,300000,-129000,-129000
08634P,大立光元大9C售26,0,0,0,0,0,0,0,0,0,-129000,0,0,0,68000,197000,-129000,-129000
08545P,南電國泰01售02  ,0,0,0,0,0,0,0,0,0,-130000,0,0,0,30000,160000,-130000,-130000
068471,聯發科群益01購11,0,0,0,0,0,0,0,0,0,-130000,0,0,0,70000,200000,-130000,-130000
057812,友達元大9A購05  ,0,0,0,0,0,0,0,0,0,-130000,0,0,0,0,130000,-130000,-130000
061379,鈺齊永豐9A購02  ,0,80000,-80000,0,0,0,0,0,0,-50000,0,0,0,1075000,1125000,-50000,-130000
064393,友訊永豐9C購01  ,0,0,0,0,0,0,0,0,0,-130000,0,0,0,29000,159000,-130000,-130000
064302,美律兆豐01購01  ,0,0,0,0,0,0,0,0,0,-130000,0,0,0,20000,150000,-130000,-130000
061969,大立光統一01購02,0,0,0,0,0,0,0,0,0,-130000,0,0,0,5000,135000,-130000,-130000
064693,玉晶光群益01購06,0,0,0,0,0,0,0,0,0,-130000,0,0,0,22000,152000,-130000,-130000
062051,上銀統一9C購02  ,0,0,0,0,0,0,0,0,0,-130000,0,0,0,604000,734000,-130000,-130000
063761,嘉澤統一02購01  ,0,0,0,0,0,0,0,0,0,-130000,0,0,0,7000,137000,-130000,-130000
067921,旭富永豐01購02  ,0,0,0,0,0,0,0,0,0,-130000,0,0,0,112000,242000,-130000,-130000
066819,樺漢兆豐01購01  ,0,0,0,0,0,0,0,0,0,-130000,0,0,0,88000,218000,-130000,-130000
067279,美利達統一02購02,0,0,0,0,0,0,0,0,0,-130000,0,0,0,378000,508000,-130000,-130000
066235,大毅富邦04購01  ,0,0,0,0,0,0,0,0,0,-130000,0,0,0,0,130000,-130000,-130000
08588P,緯穎元富03售01  ,0,0,0,0,0,0,0,0,0,-130000,0,0,0,0,130000,-130000,-130000
08703P,華碩凱基01售02  ,0,0,0,0,0,0,0,0,0,-130000,0,0,0,70000,200000,-130000,-130000
068525,京元電元富07購01,0,0,0,0,0,0,0,0,0,-131000,0,0,0,23000,154000,-131000,-131000
069366,百和永豐02購01  ,0,0,0,0,0,0,0,0,0,-131000,0,0,0,48000,179000,-131000,-131000
058788,喬山元大99購01  ,0,0,0,0,0,0,0,0,0,-131000,0,0,0,0,131000,-131000,-131000
03454B,臺股指元大04熊06,0,0,0,0,0,0,0,0,0,-131000,0,0,0,109000,240000,-131000,-131000
065634,聯發科國票9C購06,0,0,0,0,0,0,0,0,0,-131000,0,0,0,164000,295000,-131000,-131000
00674R,元大S&P黃金反1  ,4000,4000,0,0,0,0,0,0,0,-132000,0,0,0,250000,382000,-132000,-132000
061490,茂林兆豐9B購01  ,0,0,0,0,0,0,0,0,0,-132000,0,0,0,48000,180000,-132000,-132000
066332,慧洋永豐01購01  ,0,0,0,0,0,0,0,0,0,-132000,0,0,0,6000,138000,-132000,-132000
5534,長虹            ,39000,373000,-334000,0,0,0,0,0,0,202000,202000,0,202000,0,0,0,-132000
07531P,大立光國泰9B售03,0,0,0,0,0,0,0,0,0,-133000,0,0,0,0,133000,-133000,-133000
03487P,台積電第一02售01,0,0,0,0,0,0,0,0,0,-133000,0,0,0,0,133000,-133000,-133000
060601,技嘉凱基9A購02  ,0,0,0,0,0,0,0,0,0,-133000,0,0,0,46000,179000,-133000,-133000
08565P,聯發科群益9C售12,0,0,0,0,0,0,0,0,0,-134000,0,0,0,20000,154000,-134000,-134000
069543,台積電元大03購05,0,0,0,0,0,0,0,0,0,-134000,0,0,0,315000,449000,-134000,-134000
03377P,南電元大02售06  ,0,0,0,0,0,0,0,0,0,-134000,0,0,0,49000,183000,-134000,-134000
00675L,富邦臺灣加權正2 ,140000,177000,-37000,0,0,0,0,0,0,-97000,0,0,0,8000,105000,-97000,-134000
061903,宏全永豐9B購01  ,0,0,0,0,0,0,0,0,0,-134000,0,0,0,0,134000,-134000,-134000
062205,奇力新國票9C購01,0,0,0,0,0,0,0,0,0,-134000,0,0,0,1000,135000,-134000,-134000
065198,玉晶光元富06購01,0,0,0,0,0,0,0,0,0,-134000,0,0,0,401000,535000,-134000,-134000
08271P,華通元富9C售01  ,0,0,0,0,0,0,0,0,0,-135000,0,0,0,10000,145000,-135000,-135000
08199P,大毅元大9B售02  ,0,0,0,0,0,0,0,0,0,-135000,0,0,0,0,135000,-135000,-135000
057412,臺股指群益99購06,0,0,0,0,0,0,0,0,0,-135000,0,0,0,5000,140000,-135000,-135000
03429P,瑞昱元大02售05  ,0,0,0,0,0,0,0,0,0,-135000,0,0,0,10000,145000,-135000,-135000
03398P,瑞昱中信06售03  ,0,0,0,0,0,0,0,0,0,-135000,0,0,0,157000,292000,-135000,-135000
062310,南亞科凱基9B購02,0,0,0,0,0,0,0,0,0,-135000,0,0,0,55000,190000,-135000,-135000
066170,聯陽凱基01購01  ,0,0,0,0,0,0,0,0,0,-135000,0,0,0,13000,148000,-135000,-135000
066898,聯發科康和01購01,0,0,0,0,0,0,0,0,0,-135000,0,0,0,12000,147000,-135000,-135000
2458,義隆            ,1441000,1536000,-95000,0,0,0,31000,0,31000,-71000,37000,26000,11000,31000,113000,-82000,-135000
1762,中化生          ,376000,512000,-136000,0,0,0,0,0,0,1000,2000,1000,1000,0,0,0,-135000
068671,台積電統一04購02,0,0,0,0,0,0,0,0,0,-136000,0,0,0,24000,160000,-136000,-136000
069163,聯發科元大02購10,0,0,0,0,0,0,0,0,0,-136000,0,0,0,0,136000,-136000,-136000
069034,美律統一04購01  ,0,0,0,0,0,0,0,0,0,-136000,0,0,0,19000,155000,-136000,-136000
066179,智伸科凱基01購01,0,0,0,0,0,0,0,0,0,-136000,0,0,0,74000,210000,-136000,-136000
066196,南港統一03購01  ,0,0,0,0,0,0,0,0,0,-136000,0,0,0,320000,456000,-136000,-136000
068492,聯發科元大01購29,0,0,0,0,0,0,0,0,0,-137000,0,0,0,51000,188000,-137000,-137000
063539,世紀鋼統一9B購02,0,0,0,0,0,0,0,0,0,-137000,0,0,0,238000,375000,-137000,-137000
067021,正崴中信01購01  ,0,0,0,0,0,0,0,0,0,-137000,0,0,0,238000,375000,-137000,-137000
4927,泰鼎-KY         ,675000,442000,233000,0,0,0,0,283000,-283000,-87000,10000,70000,-60000,2000,29000,-27000,-137000
08074P,緯穎元富9B售02  ,0,0,0,0,0,0,0,0,0,-138000,0,0,0,10000,148000,-138000,-138000
066927,亞德客國票02購01,0,0,0,0,0,0,0,0,0,-138000,0,0,0,46000,184000,-138000,-138000
067629,亞德客永豐01購01,0,0,0,0,0,0,0,0,0,-138000,0,0,0,27000,165000,-138000,-138000
066501,鴻海富邦03購01  ,0,0,0,0,0,0,0,0,0,-138000,0,0,0,0,138000,-138000,-138000
08880P,全新凱基01售02  ,0,0,0,0,0,0,0,0,0,-138000,0,0,0,525000,663000,-138000,-138000
07597P,臺股指中信01售02,0,0,0,0,0,0,0,0,0,-139000,0,0,0,784000,923000,-139000,-139000
08498P,大立光國票01售02,0,0,0,0,0,0,0,0,0,-139000,0,0,0,1000,140000,-139000,-139000
058061,貿聯元富9B購01  ,0,0,0,0,0,0,0,0,0,-139000,0,0,0,89000,228000,-139000,-139000
065092,健鼎元大9C購02  ,0,0,0,0,0,0,0,0,0,-139000,0,0,0,264000,403000,-139000,-139000
066157,晶碩康和01購01  ,0,0,0,0,0,0,0,0,0,-139000,0,0,0,25000,164000,-139000,-139000
067790,台表科群益01購03,0,0,0,0,0,0,0,0,0,-139000,0,0,0,0,139000,-139000,-139000
3532,台勝科          ,65000,206000,-141000,0,0,0,0,0,0,2000,5000,0,5000,0,3000,-3000,-139000
07637P,國巨國票9A售08  ,0,0,0,0,0,0,0,0,0,-140000,0,0,0,0,140000,-140000,-140000
059165,南亞科凱基99購04,0,0,0,0,0,0,0,0,0,-140000,0,0,0,28000,168000,-140000,-140000
03175P,台積電國票03售04,0,0,0,0,0,0,0,0,0,-140000,0,0,0,10000,150000,-140000,-140000
064977,玉晶光元大01購03,0,0,0,0,0,0,0,0,0,-140000,0,0,0,35000,175000,-140000,-140000
4536,拓凱            ,51000,116000,-65000,0,0,0,0,95000,-95000,20000,18000,5000,13000,8000,1000,7000,-140000
08069P,大立光國泰01售02,0,0,0,0,0,0,0,0,0,-141000,0,0,0,5000,146000,-141000,-141000
08378P,世紀鋼元富9C售02,0,0,0,0,0,0,0,0,0,-141000,0,0,0,40000,181000,-141000,-141000
069909,樺漢元大02購02  ,0,0,0,0,0,0,0,0,0,-141000,0,0,0,23000,164000,-141000,-141000
068978,義隆元大02購02  ,0,0,0,0,0,0,0,0,0,-141000,0,0,0,21000,162000,-141000,-141000
066957,健策元大01購06  ,0,1000,-1000,0,0,0,0,0,0,-140000,0,0,0,266000,406000,-140000,-141000
066365,富邦金中信03購01,0,0,0,0,0,0,0,0,0,-141000,0,0,0,100000,241000,-141000,-141000
08211P,台表科元富9B售03,0,0,0,0,0,0,0,0,0,-142000,0,0,0,30000,172000,-142000,-142000
08056P,華通群益9B售06  ,0,0,0,0,0,0,0,0,0,-142000,0,0,0,0,142000,-142000,-142000
03458P,玉晶光凱基03售08,0,0,0,0,0,0,0,0,0,-142000,0,0,0,0,142000,-142000,-142000
062221,奇力新統一01購01,0,0,0,0,0,0,0,0,0,-142000,0,0,0,134000,276000,-142000,-142000
064092,世紀鋼凱基9C購03,0,0,0,0,0,0,0,0,0,-142000,0,0,0,8000,150000,-142000,-142000
066836,樺漢群益01購01  ,0,0,0,0,0,0,0,0,0,-142000,0,0,0,326000,468000,-142000,-142000
067361,旭富群益01購02  ,0,0,0,0,0,0,0,0,0,-142000,0,0,0,10000,152000,-142000,-142000
2362,藍天            ,93000,204000,-111000,0,0,0,0,0,0,-31000,7000,38000,-31000,0,0,0,-142000
069790,台積電凱基04購02,0,0,0,0,0,0,0,0,0,-143000,0,0,0,0,143000,-143000,-143000
066207,聯鈞統一01購02  ,0,0,0,0,0,0,0,0,0,-143000,0,0,0,0,143000,-143000,-143000
069822,鈺齊國票03購01  ,0,0,0,0,0,0,0,0,0,-144000,0,0,0,12000,156000,-144000,-144000
055259,玉晶光統一9A購01,0,0,0,0,0,0,0,0,0,-144000,0,0,0,18000,162000,-144000,-144000
064407,貿聯凱基02購02  ,0,0,0,0,0,0,0,0,0,-144000,0,0,0,111000,255000,-144000,-144000
062444,大立光元大9C購01,0,0,0,0,0,0,0,0,0,-144000,0,0,0,20000,164000,-144000,-144000
066045,聯發科元大01購08,0,0,0,0,0,0,0,0,0,-144000,0,0,0,45000,189000,-144000,-144000
069326,瀚宇博兆豐03購02,0,0,0,0,0,0,0,0,0,-145000,0,0,0,277000,422000,-145000,-145000
061210,玉山金元大9A購02,0,0,0,0,0,0,0,0,0,-145000,0,0,0,5000,150000,-145000,-145000
065949,瑞昱統一01購06  ,0,0,0,0,0,0,0,0,0,-145000,0,0,0,2000,147000,-145000,-145000
066208,聯鈞統一02購01  ,0,0,0,0,0,0,0,0,0,-145000,0,0,0,0,145000,-145000,-145000
5522,遠雄            ,69000,200000,-131000,0,0,0,0,0,0,-14000,0,14000,-14000,0,0,0,-145000
1440,南紡            ,480000,635000,-155000,0,0,0,0,0,0,10000,10000,0,10000,0,0,0,-145000
069644,華碩康和02購01  ,0,0,0,0,0,0,0,0,0,-146000,0,0,0,84000,230000,-146000,-146000
062262,茂林元大9B購02  ,0,0,0,0,0,0,0,0,0,-146000,0,0,0,0,146000,-146000,-146000
067793,鈺齊群益01購02  ,0,0,0,0,0,0,0,0,0,-146000,0,0,0,466000,612000,-146000,-146000
062540,茂林國泰9C購01  ,0,0,0,0,0,0,0,0,0,-147000,0,0,0,96000,243000,-147000,-147000
061303,玉晶光永豐9B購03,0,0,0,0,0,0,0,0,0,-147000,0,0,0,58000,205000,-147000,-147000
4976,佳凌            ,156000,303000,-147000,0,0,0,0,0,0,0,0,0,0,0,0,0,-147000
6552,易華電          ,51000,189000,-138000,0,0,0,0,0,0,-9000,0,0,0,0,9000,-9000,-147000
068897,聯詠元大02購03  ,0,0,0,0,0,0,0,0,0,-148000,0,0,0,19000,167000,-148000,-148000
03461P,聯發科國票03售04,0,0,0,0,0,0,0,0,0,-148000,0,0,0,0,148000,-148000,-148000
03341P,帆宣國票03售03  ,0,0,0,0,0,0,0,0,0,-148000,0,0,0,40000,188000,-148000,-148000
061879,超眾元大9C購01  ,0,0,0,0,0,0,0,0,0,-148000,0,0,0,60000,208000,-148000,-148000
066649,華新科麥證01購02,0,0,0,43000,181000,-138000,0,0,0,-148000,0,0,0,44000,192000,-148000,-148000
08995P,台灣50群益01售12,0,0,0,0,0,0,0,0,0,-148000,0,0,0,173000,321000,-148000,-148000
00712,FH富時不動產    ,0,4000,-4000,0,0,0,0,0,0,-145000,0,0,0,23000,168000,-145000,-149000
060770,宏達電麥證9A購01,0,0,0,5000,154000,-149000,0,0,0,-149000,0,0,0,9000,158000,-149000,-149000
6715,嘉基            ,8000,144000,-136000,0,0,0,0,0,0,-13000,0,14000,-14000,1000,0,1000,-149000
006208,富邦台50        ,26101,8000,18101,0,0,0,0,0,0,-168000,0,0,0,248000,416000,-168000,-149899
068435,聯發科凱基01購21,0,0,0,0,0,0,0,0,0,-150000,0,0,0,0,150000,-150000,-150000
069646,美利達康和02購01,0,0,0,0,0,0,0,0,0,-150000,0,0,0,0,150000,-150000,-150000
08055P,臺股指國票9B售20,0,0,0,0,0,0,0,0,0,-150000,0,0,0,1000,151000,-150000,-150000
00672L,元大S&P原油正2  ,0,0,0,0,0,0,0,0,0,-150000,0,0,0,0,150000,-150000,-150000
057126,台積電凱基99購03,0,0,0,0,0,0,0,0,0,-150000,0,0,0,0,150000,-150000,-150000
057347,國巨統一9A購03  ,0,0,0,0,0,0,0,0,0,-150000,0,0,0,0,150000,-150000,-150000
059273,臺指反元大9C購03,0,0,0,0,0,0,0,0,0,-150000,0,0,0,0,150000,-150000,-150000
061100,SP黃豆元大9A購04,0,0,0,0,0,0,0,0,0,-150000,0,0,0,0,150000,-150000,-150000
063236,旺宏元大9B購07  ,0,0,0,0,0,0,0,0,0,-150000,0,0,0,50000,200000,-150000,-150000
067110,德律群益01購01  ,0,0,0,0,0,0,0,0,0,-150000,0,0,0,247000,397000,-150000,-150000
065522,旭富群益9C購03  ,0,0,0,0,0,0,0,0,0,-150000,0,0,0,0,150000,-150000,-150000
065387,台光電兆豐9C購02,0,0,0,0,0,0,0,0,0,-150000,0,0,0,0,150000,-150000,-150000
6165,捷泰            ,80000,230000,-150000,0,0,0,0,0,0,0,0,0,0,0,0,0,-150000
2340,光磊            ,417000,574000,-157000,0,0,0,0,0,0,7000,39000,28000,11000,0,4000,-4000,-150000
08632P,聯發科元大9C售19,0,0,0,0,0,0,0,0,0,-150000,0,0,0,90000,240000,-150000,-150000
912398,友佳-DR         ,0,150000,-150000,0,0,0,0,0,0,0,0,0,0,0,0,0,-150000
08160P,茂林元富9B售03  ,0,0,0,0,0,0,0,0,0,-151000,0,0,0,49000,200000,-151000,-151000
058441,T50反1台新03購01,0,0,0,0,0,0,0,0,0,-151000,0,0,0,0,151000,-151000,-151000
059093,旭富元大99購01  ,0,0,0,0,0,0,0,0,0,-151000,0,0,0,5000,156000,-151000,-151000
063197,遠東新統一9C購01,0,0,0,0,0,0,0,0,0,-151000,0,0,0,73000,224000,-151000,-151000
064137,台泥統一02購01  ,0,0,0,0,0,0,0,0,0,-151000,0,0,0,234000,385000,-151000,-151000
066118,台郡兆豐01購01  ,0,0,0,0,0,0,0,0,0,-151000,0,0,0,10000,161000,-151000,-151000
066033,南六群益02購01  ,0,0,0,0,0,0,0,0,0,-151000,0,0,0,56000,207000,-151000,-151000
068382,亞德客統一03購01,0,0,0,0,0,0,0,0,0,-152000,0,0,0,0,152000,-152000,-152000
062020,智伸科永豐9B購01,0,0,0,0,0,0,0,0,0,-152000,0,0,0,29000,181000,-152000,-152000
067247,瀚宇博群益01購02,0,0,0,0,0,0,0,0,0,-152000,0,0,0,264000,416000,-152000,-152000
2915,潤泰全          ,238000,355000,-117000,0,0,0,0,0,0,-35000,0,9000,-9000,6000,32000,-26000,-152000
069079,聯發科凱基02購07,0,0,0,0,0,0,0,0,0,-153000,0,0,0,90000,243000,-153000,-153000
069328,巨大兆豐03購01  ,0,0,0,0,0,0,0,0,0,-153000,0,0,0,239000,392000,-153000,-153000
069442,長興元富06購01  ,0,0,0,0,0,0,0,0,0,-153000,0,0,0,191000,344000,-153000,-153000
03373P,聯發科元大02售11,0,0,0,0,0,0,0,0,0,-153000,0,0,0,1045000,1198000,-153000,-153000
062336,茂林統一01購02  ,0,0,0,0,0,0,0,0,0,-153000,0,0,0,94000,247000,-153000,-153000
064338,美食元大9C購01  ,0,0,0,0,0,0,0,0,0,-153000,0,0,0,17000,170000,-153000,-153000
069796,精元凱基03購01  ,0,0,0,0,0,0,0,0,0,-154000,0,0,0,98000,252000,-154000,-154000
064551,鈺齊凱基9C購02  ,0,0,0,0,0,0,0,0,0,-154000,0,0,0,359000,513000,-154000,-154000
063811,亞德客群益9C購01,0,0,0,0,0,0,0,0,0,-154000,0,0,0,0,154000,-154000,-154000
08978P,臺股指群益01售12,0,0,0,0,0,0,0,0,0,-154000,0,0,0,39000,193000,-154000,-154000
08985P,台表科兆豐03售02,0,0,0,0,0,0,0,0,0,-154000,0,0,0,0,154000,-154000,-154000
063996,貿聯群益9C購01  ,0,0,0,0,0,0,0,0,0,-155000,0,0,0,43000,198000,-155000,-155000
061878,茂林元大9B購01  ,0,0,0,0,0,0,0,0,0,-155000,0,0,0,104000,259000,-155000,-155000
062893,元金2X元大9C購01,20000,0,20000,0,0,0,0,0,0,-175000,0,0,0,8000,183000,-175000,-155000
067842,微星元富07購01  ,0,0,0,0,0,0,0,0,0,-155000,0,0,0,402000,557000,-155000,-155000
08971P,臺股指元大01售14,0,0,0,0,0,0,0,0,0,-155000,0,0,0,396000,551000,-155000,-155000
069803,晶碩凱基02購01  ,0,0,0,0,0,0,0,0,0,-156000,0,0,0,0,156000,-156000,-156000
063311,喬山群益9B購01  ,0,0,0,0,0,0,0,0,0,-156000,0,0,0,241000,397000,-156000,-156000
06458P,玉晶光統一9A售02,0,0,0,0,0,0,0,0,0,-156000,0,0,0,50000,206000,-156000,-156000
067782,亞德客群益01購04,0,0,0,0,0,0,0,0,0,-156000,0,0,0,0,156000,-156000,-156000
067300,金像電元大02購02,0,0,0,0,0,0,0,0,0,-156000,0,0,0,115000,271000,-156000,-156000
6176,瑞儀            ,1115500,1169000,-53500,0,0,0,5000,0,5000,-108000,8000,96000,-88000,17000,37000,-20000,-156500
058832,立積永豐99購01  ,0,0,0,0,0,0,0,0,0,-157000,0,0,0,0,157000,-157000,-157000
067520,健策元富01購03  ,0,0,0,0,0,0,0,0,0,-157000,0,0,0,178000,335000,-157000,-157000
6177,達麗            ,17000,48000,-31000,0,0,0,0,0,0,-126000,0,0,0,0,126000,-126000,-157000
067986,亞德客元大01購04,0,0,0,0,0,0,0,0,0,-158000,0,0,0,14000,172000,-158000,-158000
058712,鴻海統一9B購03  ,0,0,0,0,0,0,0,0,0,-158000,0,0,0,22000,180000,-158000,-158000
03184P,台積電元大01售48,0,0,0,0,0,0,0,0,0,-158000,0,0,0,5000,163000,-158000,-158000
00648R,元大S&P500反1   ,0,0,0,0,0,0,0,0,0,-158000,0,0,0,103000,261000,-158000,-158000
061940,世紀鋼國票9C購01,0,0,0,0,0,0,0,0,0,-158000,0,0,0,41000,199000,-158000,-158000
064162,貿聯統一02購01  ,0,0,0,0,0,0,0,0,0,-158000,0,0,0,251000,409000,-158000,-158000
067210,聯發科元大01購18,0,0,0,0,0,0,0,0,0,-158000,0,0,0,43000,201000,-158000,-158000
065633,聯發科國票01購02,0,0,0,0,0,0,0,0,0,-158000,0,0,0,22000,180000,-158000,-158000
057580,玉山金中信9A購01,0,0,0,0,0,0,0,0,0,-159000,0,0,0,31000,190000,-159000,-159000
069680,群光元大02購01  ,0,0,0,0,0,0,0,0,0,-160000,0,0,0,2000,162000,-160000,-160000
069339,群光群益02購02  ,0,0,0,0,0,0,0,0,0,-160000,0,0,0,16000,176000,-160000,-160000
08000P,奇鋐凱基9B售03  ,0,0,0,0,0,0,0,0,0,-160000,0,0,0,80000,240000,-160000,-160000
060054,華新科凱基9B購04,0,0,0,0,0,0,0,0,0,-160000,0,0,0,1000,161000,-160000,-160000
062879,美食兆豐9B購01  ,0,0,0,0,0,0,0,0,0,-160000,0,0,0,23000,183000,-160000,-160000
062925,建準國票9B購01  ,0,0,0,0,0,0,0,0,0,-160000,0,0,0,12000,172000,-160000,-160000
063472,茂林元大9B購04  ,0,0,0,0,0,0,0,0,0,-160000,0,0,0,0,160000,-160000,-160000
062049,亞德客統一01購01,0,0,0,0,0,0,0,0,0,-160000,0,0,0,51000,211000,-160000,-160000
064898,國產群益9C購01  ,0,0,0,0,0,0,0,0,0,-160000,0,0,0,39000,199000,-160000,-160000
064949,南亞科凱基9C購01,0,0,0,0,0,0,0,0,0,-160000,0,0,0,0,160000,-160000,-160000
3583,辛耘            ,95000,111000,-16000,0,0,0,0,145000,-145000,1000,1000,0,1000,0,0,0,-160000
08842P,京鼎凱基01售03  ,0,0,0,0,0,0,0,0,0,-160000,0,0,0,0,160000,-160000,-160000
069462,TPK兆豐03購01   ,0,0,0,0,0,0,0,0,0,-161000,0,0,0,21000,182000,-161000,-161000
064244,GIS統一02購01   ,0,0,0,0,0,0,0,0,0,-161000,0,0,0,74000,235000,-161000,-161000
03149P,鴻海群益01售12  ,0,0,0,0,0,0,0,0,0,-161000,0,0,0,9000,170000,-161000,-161000
064493,南亞科元大9C購01,0,0,0,0,0,0,0,0,0,-161000,0,0,0,10000,171000,-161000,-161000
066115,美律兆豐02購01  ,2000,0,2000,0,0,0,0,0,0,-163000,0,0,0,66000,229000,-163000,-161000
067366,巨大群益01購01  ,0,0,0,0,0,0,0,0,0,-161000,0,0,0,91000,252000,-161000,-161000
08616P,聯發科元富9C售02,0,0,0,0,0,0,0,0,0,-161000,0,0,0,11000,172000,-161000,-161000
069391,世紀鋼元大03購02,0,0,0,0,0,0,0,0,0,-162000,0,0,0,240000,402000,-162000,-162000
063164,聯發科永豐9B購03,0,0,0,0,0,0,0,0,0,-162000,0,0,0,0,162000,-162000,-162000
067390,聯詠元富07購02  ,0,0,0,0,0,0,0,0,0,-162000,0,0,0,13000,175000,-162000,-162000
067917,冠德永豐01購01  ,0,0,0,0,0,0,0,0,0,-162000,0,0,0,0,162000,-162000,-162000
068953,奇鋐凱基02購01  ,0,0,0,0,0,0,0,0,0,-163000,0,0,0,0,163000,-163000,-163000
069169,TPK元大02購02   ,0,0,0,0,0,0,0,0,0,-163000,0,0,0,8000,171000,-163000,-163000
064614,友訊元大9C購02  ,0,0,0,0,0,0,0,0,0,-163000,0,0,0,225000,388000,-163000,-163000
8105,凌巨            ,118000,287000,-169000,0,0,0,0,0,0,6000,6000,0,6000,0,0,0,-163000
068392,彩晶統一03購01  ,0,0,0,0,0,0,0,0,0,-164000,0,0,0,277000,441000,-164000,-164000
03113P,南電元大01售09  ,0,0,0,0,0,0,0,0,0,-164000,0,0,0,100000,264000,-164000,-164000
058989,茂林凱基99購02  ,0,0,0,0,0,0,0,0,0,-164000,0,0,0,30000,194000,-164000,-164000
062372,旭富元大9B購01  ,0,0,0,0,0,0,0,0,0,-164000,0,0,0,16000,180000,-164000,-164000
063378,茂林永豐9B購02  ,0,0,0,0,0,0,0,0,0,-164000,0,0,0,0,164000,-164000,-164000
061256,亞德客凱基9B購01,0,0,0,0,0,0,0,0,0,-164000,0,0,0,10000,174000,-164000,-164000
063874,志超永豐9C購01  ,0,0,0,0,0,0,0,0,0,-164000,0,0,0,66000,230000,-164000,-164000
066212,惠特統一01購01  ,0,0,0,0,0,0,0,0,0,-164000,0,0,0,135000,299000,-164000,-164000
066352,晶碩永豐01購01  ,0,0,0,0,0,0,0,0,0,-164000,0,0,0,162000,326000,-164000,-164000
068547,台積電群益01購21,0,0,0,0,0,0,0,0,0,-165000,0,0,0,231000,396000,-165000,-165000
069950,國喬永豐02購01  ,0,0,0,0,0,0,0,0,0,-165000,0,0,0,0,165000,-165000,-165000
061044,世紀鋼永豐9A購02,0,0,0,0,0,0,0,0,0,-165000,0,0,0,87000,252000,-165000,-165000
066339,總太永豐01購01  ,0,0,0,0,0,0,0,0,0,-165000,0,0,0,0,165000,-165000,-165000
065329,億豐凱基9C購02  ,0,0,0,0,0,0,0,0,0,-165000,0,0,0,190000,355000,-165000,-165000
067580,亞德客群益01購03,0,0,0,0,0,0,0,0,0,-165000,0,0,0,0,165000,-165000,-165000
03395P,大立光國泰04售02,0,0,0,0,0,0,0,0,0,-166000,0,0,0,499000,665000,-166000,-166000
069678,金像電元大03購01,0,0,0,0,0,0,0,0,0,-167000,0,0,0,59000,226000,-167000,-167000
068678,台積電台新03購02,0,0,0,0,0,0,0,0,0,-167000,0,0,0,0,167000,-167000,-167000
03430P,聯發科元大02售17,0,0,0,0,0,0,0,0,0,-167000,0,0,0,961000,1128000,-167000,-167000
063795,上銀凱基9C購01  ,0,0,0,0,0,0,0,0,0,-167000,0,0,0,10000,177000,-167000,-167000
065829,嘉晶凱基9C購05  ,0,0,0,0,0,0,0,0,0,-167000,0,0,0,59000,226000,-167000,-167000
069757,台積電兆豐04購01,0,0,0,0,0,0,0,0,0,-168000,0,0,0,2000,170000,-168000,-168000
069687,玉晶光元大02購09,0,0,0,0,0,0,0,0,0,-169000,0,0,0,8000,177000,-169000,-169000
08372P,大立光凱基01售04,0,0,0,0,0,0,0,0,0,-169000,0,0,0,0,169000,-169000,-169000
064374,旺宏元富9C購01  ,0,0,0,0,0,0,0,0,0,-169000,0,0,0,14000,183000,-169000,-169000
067798,GIS中信03購01   ,0,0,0,0,0,0,0,0,0,-169000,0,0,0,31000,200000,-169000,-169000
6533,晶心科          ,208000,359000,-151000,0,0,0,0,0,0,-18000,2000,20000,-18000,0,0,0,-169000
0052,富邦科技        ,11000,11000,0,0,0,0,0,0,0,-170000,0,0,0,104000,274000,-170000,-170000
058012,鈺齊國票99購01  ,0,0,0,0,0,0,0,0,0,-170000,0,0,0,283000,453000,-170000,-170000
063205,貿聯統一9C購01  ,0,0,0,0,0,0,0,0,0,-170000,0,0,0,149000,319000,-170000,-170000
062783,大立光元大9C購03,0,0,0,0,0,0,0,0,0,-170000,0,0,0,44000,214000,-170000,-170000
061799,奇鋐永豐9B購01  ,0,0,0,0,0,0,0,0,0,-171000,0,0,0,139000,310000,-171000,-171000
062828,聯詠群益9B購02  ,0,0,0,0,0,0,0,0,0,-171000,0,0,0,0,171000,-171000,-171000
066004,國巨統一01購11  ,0,0,0,0,0,0,0,0,0,-171000,0,0,0,0,171000,-171000,-171000
068947,台達電凱基03購01,0,0,0,0,0,0,0,0,0,-172000,0,0,0,70000,242000,-172000,-172000
068071,興勤凱基02購01  ,4000,0,4000,0,0,0,0,0,0,-176000,0,0,0,133000,309000,-176000,-172000
067186,晶豪科凱基01購02,0,0,0,0,0,0,0,0,0,-172000,0,0,0,166000,338000,-172000,-172000
068084,南電凱基02購03  ,0,0,0,0,0,0,0,0,0,-173000,0,0,0,160000,333000,-173000,-173000
068512,聯發科統一03購07,0,0,0,0,0,0,0,0,0,-173000,0,0,0,0,173000,-173000,-173000
068386,台達電統一03購02,0,0,0,0,0,0,0,0,0,-173000,0,0,0,286000,459000,-173000,-173000
07579P,聯茂元大9A售01  ,0,0,0,0,0,0,0,0,0,-173000,0,0,0,22000,195000,-173000,-173000
064065,大立光富邦02購02,0,0,0,0,0,0,0,0,0,-173000,0,0,0,0,173000,-173000,-173000
08491P,全新元大9C售01  ,0,0,0,0,0,0,0,0,0,-174000,0,0,0,100000,274000,-174000,-174000
062713,台灣50凱基02購03,0,0,0,0,0,0,0,0,0,-174000,0,0,0,10000,184000,-174000,-174000
064771,貿聯中信01購01  ,0,0,0,0,0,0,0,0,0,-174000,0,0,0,57000,231000,-174000,-174000
064812,旭富元大9C購04  ,0,0,0,0,0,0,0,0,0,-174000,0,0,0,111000,285000,-174000,-174000
066213,惠特統一03購01  ,0,0,0,0,0,0,0,0,0,-174000,0,0,0,226000,400000,-174000,-174000
066311,生達永豐01購01  ,0,0,0,0,0,0,0,0,0,-174000,0,0,0,0,174000,-174000,-174000
08984P,玉晶光凱基02售03,0,0,0,0,0,0,0,0,0,-174000,0,0,0,54000,228000,-174000,-174000
063270,喬山兆豐9C購01  ,0,0,0,0,0,0,0,0,0,-175000,0,0,0,221000,396000,-175000,-175000
2351,順德            ,62000,249000,-187000,0,0,0,0,0,0,12000,63000,0,63000,0,51000,-51000,-175000
069000,亞德客兆豐03購01,0,0,0,0,0,0,0,0,0,-176000,0,0,0,84000,260000,-176000,-176000
00875,國泰網路資安    ,0,0,0,0,0,0,0,0,0,-176000,0,0,0,127000,303000,-176000,-176000
062597,世紀鋼統一01購01,0,0,0,0,0,0,0,0,0,-176000,0,0,0,182000,358000,-176000,-176000
066331,東森永豐01購01  ,0,0,0,0,0,0,0,0,0,-176000,0,0,0,70000,246000,-176000,-176000
065733,茂林凱基9C購03  ,0,0,0,0,0,0,0,0,0,-176000,0,0,0,315000,491000,-176000,-176000
067484,聯詠元大01購07  ,0,0,0,0,0,0,0,0,0,-176000,0,0,0,145000,321000,-176000,-176000
5388,中磊            ,393000,601000,-208000,0,0,0,0,0,0,32000,2000,0,2000,39000,9000,30000,-176000
03354P,上銀凱基02售02  ,0,0,0,0,0,0,0,0,0,-177000,0,0,0,0,177000,-177000,-177000
064908,世紀鋼群益01購02,0,0,0,0,0,0,0,0,0,-177000,0,0,0,21000,198000,-177000,-177000
067271,世紀鋼永豐01購02,0,0,0,0,0,0,0,0,0,-177000,0,0,0,14000,191000,-177000,-177000
2812,台中銀          ,1205000,2882000,-1677000,0,0,0,0,0,0,1500000,0,0,0,1500000,0,1500000,-177000
08727P,健策群益01售07  ,0,0,0,0,0,0,0,0,0,-178000,0,0,0,2000,180000,-178000,-178000
068086,世紀鋼凱基03購02,0,0,0,0,0,0,0,0,0,-179000,0,0,0,85000,264000,-179000,-179000
067302,聯發科元大01購20,0,0,0,0,0,0,0,0,0,-179000,0,0,0,310000,489000,-179000,-179000
065887,巨大元富9C購01  ,0,0,0,0,0,0,0,0,0,-179000,0,0,0,111000,290000,-179000,-179000
068354,燿華凱基01購03  ,0,0,0,0,0,0,0,0,0,-180000,0,0,0,27000,207000,-180000,-180000
069590,台船國票03購01  ,0,0,0,0,0,0,0,0,0,-180000,0,0,0,23000,203000,-180000,-180000
069482,台積電元大02購27,0,0,0,0,0,0,0,0,0,-180000,0,0,0,85000,265000,-180000,-180000
064553,臺指反群益9C購01,0,0,0,0,0,0,0,0,0,-180000,0,0,0,0,180000,-180000,-180000
061673,仁寶元大9B購01  ,0,0,0,0,0,0,0,0,0,-180000,0,0,0,20000,200000,-180000,-180000
063426,茂林凱基9B購03  ,0,0,0,0,0,0,0,0,0,-180000,0,0,0,0,180000,-180000,-180000
08670P,健策統一01售01  ,0,0,0,0,0,0,0,0,0,-180000,0,0,0,0,180000,-180000,-180000
063670,美食統一9C購01  ,0,0,0,0,0,0,0,0,0,-181000,0,0,0,89000,270000,-181000,-181000
067824,鈺齊凱基01購02  ,0,0,0,0,0,0,0,0,0,-181000,0,0,0,299000,480000,-181000,-181000
064264,智伸科永豐9C購01,0,0,0,0,0,0,0,0,0,-182000,0,0,0,1000,183000,-182000,-182000
061084,京元電兆豐9A購02,0,0,0,0,0,0,0,0,0,-182000,0,0,0,91000,273000,-182000,-182000
062143,大成鋼國票9B購01,0,0,0,0,0,0,0,0,0,-182000,0,0,0,0,182000,-182000,-182000
069769,金像電元大02購10,0,0,0,0,0,0,0,0,0,-183000,0,0,0,0,183000,-183000,-183000
07982P,全新群益9B售04  ,0,0,0,0,0,0,0,0,0,-183000,0,0,0,260000,443000,-183000,-183000
069140,金像電永豐02購01,0,0,0,0,0,0,0,0,0,-183000,0,0,0,74000,257000,-183000,-183000
03421P,健策群益02售04  ,0,0,0,0,0,0,0,0,0,-183000,0,0,0,62000,245000,-183000,-183000
067613,康舒凱基01購01  ,0,0,0,0,0,0,0,0,0,-183000,0,0,0,67000,250000,-183000,-183000
066658,卜蜂凱基01購01  ,0,0,0,0,0,0,0,0,0,-183000,0,0,0,132000,315000,-183000,-183000
065856,中租元大9C購03  ,0,0,0,0,0,0,0,0,0,-183000,0,0,0,19000,202000,-183000,-183000
6415,矽力-KY         ,384200,543004,-158804,0,0,0,0,31000,-31000,6000,5000,0,5000,1000,0,1000,-183804
068537,信邦中信01購01  ,0,0,0,0,0,0,0,0,0,-184000,0,0,0,0,184000,-184000,-184000
069839,裕隆群益02購01  ,0,0,0,0,0,0,0,0,0,-184000,0,0,0,8000,192000,-184000,-184000
060955,大立光群益9A購02,0,0,0,0,0,0,0,0,0,-184000,0,0,0,0,184000,-184000,-184000
08425P,世紀鋼元富9C售03,0,0,0,0,0,0,0,0,0,-185000,0,0,0,144000,329000,-185000,-185000
068303,台積電國票01購08,0,0,0,0,0,0,0,0,0,-185000,0,0,0,198000,383000,-185000,-185000
069151,世紀鋼永豐02購02,0,0,0,0,0,0,0,0,0,-185000,0,0,0,72000,257000,-185000,-185000
060170,世紀鋼永豐9A購01,0,0,0,0,0,0,0,0,0,-185000,0,0,0,9000,194000,-185000,-185000
064694,玉晶光群益02購02,0,0,0,0,0,0,0,0,0,-185000,0,0,0,46000,231000,-185000,-185000
066765,揚明光永豐01購01,0,0,0,0,0,0,0,0,0,-186000,0,0,0,0,186000,-186000,-186000
08793P,聯詠中信07售02  ,0,0,0,0,0,0,0,0,0,-186000,0,0,0,10000,196000,-186000,-186000
2228,劍麟            ,28000,143000,-115000,0,0,0,45000,116000,-71000,0,0,0,0,0,0,0,-186000
061891,力山永豐9B購01  ,0,0,0,0,0,0,0,0,0,-187000,0,0,0,92000,279000,-187000,-187000
066908,聯發科凱基03購05,0,0,0,0,0,0,0,0,0,-187000,0,0,0,0,187000,-187000,-187000
068688,聚陽凱基02購03  ,0,0,0,0,0,0,0,0,0,-188000,0,0,0,202000,390000,-188000,-188000
069876,健策兆豐03購01  ,0,0,0,0,0,0,0,0,0,-188000,0,0,0,0,188000,-188000,-188000
060434,台汽電永豐9A購01,0,0,0,0,0,0,0,0,0,-188000,0,0,0,10000,198000,-188000,-188000
00642U,元大S&P石油     ,12000,0,12000,0,0,0,0,0,0,-200000,0,0,0,0,200000,-200000,-188000
066519,達方永豐01購01  ,0,0,0,0,0,0,0,0,0,-188000,0,0,0,46000,234000,-188000,-188000
068966,TPK群益02購01   ,0,0,0,0,0,0,0,0,0,-189000,0,0,0,69000,258000,-189000,-189000
067240,聯陽群益01購02  ,0,0,0,0,0,0,0,0,0,-189000,0,0,0,223000,412000,-189000,-189000
069232,臺股指群益02購07,0,0,0,0,0,0,0,0,0,-190000,0,0,0,10000,200000,-190000,-190000
06839P,玉晶光統一9A售05,0,0,0,0,0,0,0,0,0,-190000,0,0,0,110000,300000,-190000,-190000
069786,國產康和04購01  ,0,0,0,0,0,0,0,0,0,-190000,0,0,0,144000,334000,-190000,-190000
069632,聯發科元富02購09,0,0,0,0,0,0,0,0,0,-190000,0,0,0,0,190000,-190000,-190000
069660,世紀鋼凱基03購03,0,0,0,0,0,0,0,0,0,-190000,0,0,0,0,190000,-190000,-190000
069311,大立光凱基04購01,0,0,0,0,0,0,0,0,0,-190000,0,0,0,0,190000,-190000,-190000
055976,台積電統一99購03,0,0,0,0,0,0,0,0,0,-190000,0,0,0,335000,525000,-190000,-190000
062870,亞德客兆豐9C購01,0,0,0,0,0,0,0,0,0,-190000,0,0,0,0,190000,-190000,-190000
3059,華晶科          ,76000,271000,-195000,0,0,0,0,0,0,5000,5000,0,5000,0,0,0,-190000
2441,超豐            ,293000,468000,-175000,0,0,0,0,0,0,-15000,2000,17000,-15000,0,0,0,-190000
08339P,上銀統一9C售04  ,0,0,0,0,0,0,0,0,0,-191000,0,0,0,0,191000,-191000,-191000
068846,台積電統一04購06,0,0,0,0,0,0,0,0,0,-191000,0,0,0,20000,211000,-191000,-191000
065055,臺股指凱基02購04,0,0,0,0,0,0,0,0,0,-191000,0,0,0,966000,1157000,-191000,-191000
062401,信邦永豐9B購01  ,0,0,0,0,0,0,0,0,0,-191000,0,0,0,1000,192000,-191000,-191000
068600,台積電凱基03購06,0,0,0,0,0,0,0,0,0,-193000,0,0,0,0,193000,-193000,-193000
07922P,大立光群益9B售05,0,0,0,0,0,0,0,0,0,-193000,0,0,0,0,193000,-193000,-193000
069854,金像電永豐02購03,0,0,0,0,0,0,0,0,0,-193000,0,0,0,10000,203000,-193000,-193000
067511,拓凱統一01購01  ,0,0,0,0,0,0,0,0,0,-193000,0,0,0,13000,206000,-193000,-193000
065246,旭富兆豐01購01  ,0,0,0,0,0,0,0,0,0,-193000,0,0,0,0,193000,-193000,-193000
069725,欣興群益02購07  ,0,0,0,0,0,0,0,0,0,-194000,0,0,0,17000,211000,-194000,-194000
08538P,聯發科國票01售01,0,0,0,0,0,0,0,0,0,-194000,0,0,0,307000,501000,-194000,-194000
068039,鎧勝元富07購01  ,0,0,0,0,0,0,0,0,0,-194000,0,0,0,0,194000,-194000,-194000
069444,金像電元富08購01,0,0,0,0,0,0,0,0,0,-195000,0,0,0,447000,642000,-195000,-195000
5876,上海商銀        ,1758000,1816000,-58000,0,0,0,0,0,0,-137000,5000,0,5000,4000,146000,-142000,-195000
069719,台積電群益02購11,0,0,0,0,0,0,0,0,0,-196000,0,0,0,5000,201000,-196000,-196000
069658,鈺齊凱基02購01  ,0,0,0,0,0,0,0,0,0,-196000,0,0,0,302000,498000,-196000,-196000
08129P,聯發科元大9B售23,0,0,0,0,0,0,0,0,0,-196000,0,0,0,0,196000,-196000,-196000
03032P,華通國票03售01  ,0,0,0,0,0,0,0,0,0,-196000,0,0,0,0,196000,-196000,-196000
064873,世紀鋼永豐9C購01,0,0,0,0,0,0,0,0,0,-196000,0,0,0,65000,261000,-196000,-196000
067412,玉山金中信07購01,0,0,0,0,0,0,0,0,0,-196000,0,0,0,26000,222000,-196000,-196000
08187P,大毅群益9B售04  ,0,0,0,0,0,0,0,0,0,-197000,0,0,0,3000,200000,-197000,-197000
03288P,台灣50元大02售09,0,0,0,0,0,0,0,0,0,-197000,0,0,0,175000,372000,-197000,-197000
062908,晶豪科元大9B購03,0,0,0,0,0,0,0,0,0,-197000,0,0,0,232000,429000,-197000,-197000
2371,大同            ,653000,850760,-197760,0,0,0,0,0,0,0,0,0,0,0,0,0,-197760
03267P,台灣50元大02售06,0,0,0,0,0,0,0,0,0,-198000,0,0,0,0,198000,-198000,-198000
056604,鴻海富邦9A購01  ,0,0,0,0,0,0,0,0,0,-198000,0,0,0,0,198000,-198000,-198000
066987,旭富群益01購01  ,0,0,0,0,0,0,0,0,0,-198000,0,0,0,56000,254000,-198000,-198000
066569,帆宣元大01購02  ,0,0,0,0,0,0,0,0,0,-198000,0,0,0,2000,200000,-198000,-198000
07300P,臺股指元大9A售33,0,0,0,0,0,0,0,0,0,-199000,0,0,0,0,199000,-199000,-199000
068692,為升凱基02購03  ,0,0,0,0,0,0,0,0,0,-199000,0,0,0,368000,567000,-199000,-199000
069110,台灣50群益02購11,0,0,0,0,0,0,0,0,0,-199000,0,0,0,0,199000,-199000,-199000
060559,世紀鋼凱基9C購01,0,0,0,0,0,0,0,0,0,-199000,0,0,0,11000,210000,-199000,-199000
067902,中磊群益01購01  ,0,0,0,0,0,0,0,0,0,-199000,0,0,0,0,199000,-199000,-199000
069084,TPK凱基04購01   ,0,0,0,0,0,0,0,0,0,-200000,0,0,0,0,200000,-200000,-200000
068861,聯發科元富08購02,0,0,0,0,0,0,0,0,0,-200000,0,0,0,25000,225000,-200000,-200000
068149,旺宏元大01購05  ,0,0,0,0,0,0,0,0,0,-200000,0,0,0,100000,300000,-200000,-200000
068539,T50反1國票03購04,0,0,0,0,0,0,0,0,0,-200000,0,0,0,1000,201000,-200000,-200000
068521,同欣電統一03購02,0,0,0,0,0,0,0,0,0,-200000,0,0,0,0,200000,-200000,-200000
068401,瑞昱元富07購03  ,0,0,0,0,0,0,0,0,0,-200000,0,0,0,62000,262000,-200000,-200000
07195P,大立光元大99售12,0,0,0,0,0,0,0,0,0,-200000,0,0,0,0,200000,-200000,-200000
07671P,超眾元大9A售04  ,0,0,0,0,0,0,0,0,0,-200000,0,0,0,0,200000,-200000,-200000
08493P,嘉澤元大9C售01  ,0,0,0,0,0,0,0,0,0,-200000,0,0,0,0,200000,-200000,-200000
08495P,同欣電元大9C售08,0,0,0,0,0,0,0,0,0,-200000,0,0,0,0,200000,-200000,-200000
069686,景碩元大02購04  ,0,0,0,0,0,0,0,0,0,-200000,0,0,0,0,200000,-200000,-200000
057903,聯鈞永豐99購01  ,0,0,0,0,0,0,0,0,0,-200000,0,0,0,0,200000,-200000,-200000
063594,上銀中信9C購01  ,0,0,0,0,0,0,0,0,0,-200000,0,0,0,320000,520000,-200000,-200000
03500P,道瓊銀國票02售03,0,0,0,0,0,0,0,0,0,-200000,0,0,0,0,200000,-200000,-200000
059477,FBVIX群益99購01 ,0,0,0,0,0,0,0,0,0,-200000,0,0,0,0,200000,-200000,-200000
03324P,南六凱基02售03  ,0,0,0,0,0,0,0,0,0,-200000,0,0,0,0,200000,-200000,-200000
03163P,玉晶光元大01售15,0,0,0,0,0,0,0,0,0,-200000,0,0,0,19000,219000,-200000,-200000
064395,華新科永豐9C購02,0,0,0,0,0,0,0,0,0,-200000,0,0,0,0,200000,-200000,-200000
064494,南亞科元大9C購02,0,0,0,0,0,0,0,0,0,-200000,0,0,0,0,200000,-200000,-200000
063271,中磊兆豐9C購01  ,0,0,0,0,0,0,0,0,0,-200000,0,0,0,30000,230000,-200000,-200000
063653,儒鴻元富9B購01  ,0,0,0,0,0,0,0,0,0,-200000,0,0,0,0,200000,-200000,-200000
067388,聯發科元富07購03,0,0,0,0,0,0,0,0,0,-200000,0,0,0,51000,251000,-200000,-200000
066748,同欣電元大01購03,0,0,0,0,0,0,0,0,0,-200000,0,0,0,166000,366000,-200000,-200000
065591,道瓊反元大9C購05,0,0,0,0,0,0,0,0,0,-200000,0,0,0,0,200000,-200000,-200000
08797P,健策凱基02售03  ,0,0,0,0,0,0,0,0,0,-200000,0,0,0,0,200000,-200000,-200000
069771,南亞科元大02購01,0,0,0,0,0,0,0,0,0,-201000,0,0,0,50000,251000,-201000,-201000
063516,香港反凱基03購01,0,0,0,0,0,0,0,0,0,-201000,0,0,0,0,201000,-201000,-201000
063845,旺宏元大9C購03  ,0,0,0,0,0,0,0,0,0,-201000,0,0,0,100000,301000,-201000,-201000
062520,晶豪科元大9B購02,20000,0,20000,0,0,0,0,0,0,-221000,0,0,0,199000,420000,-221000,-201000
065295,旭富群益9C購02  ,0,0,0,0,0,0,0,0,0,-201000,0,0,0,0,201000,-201000,-201000
066121,道瓊反群益04購01,0,0,0,0,0,0,0,0,0,-201000,0,0,0,9000,210000,-201000,-201000
067057,滬深2X元大01購09,0,0,0,0,0,0,0,0,0,-201000,0,0,0,0,201000,-201000,-201000
067199,滬深2X元大04購02,0,0,0,0,0,0,0,0,0,-201000,0,0,0,0,201000,-201000,-201000
062374,茂林元大9B購03  ,0,0,0,0,0,0,0,0,0,-202000,0,0,0,21000,223000,-202000,-202000
066141,盛群群益01購01  ,0,0,0,0,0,0,0,0,0,-202000,0,0,0,0,202000,-202000,-202000
065480,旭富元大9C購06  ,0,0,0,0,0,0,0,0,0,-202000,0,0,0,120000,322000,-202000,-202000
03264P,聯茂國票04售01  ,0,0,0,0,0,0,0,0,0,-203000,0,0,0,20000,223000,-203000,-203000
065658,聯發科富邦03購03,0,0,0,0,0,0,0,0,0,-203000,0,0,0,20000,223000,-203000,-203000
067069,友訊元大01購03  ,0,0,0,0,0,0,0,0,0,-203000,0,0,0,120000,323000,-203000,-203000
6451,訊芯-KY         ,26000,196000,-170000,0,0,0,0,0,0,-33000,0,0,0,1000,34000,-33000,-203000
069804,南電凱基02購06  ,0,0,0,0,0,0,0,0,0,-204000,0,0,0,60000,264000,-204000,-204000
07527P,台灣50凱基9B售02,0,0,0,0,0,0,0,0,0,-204000,0,0,0,0,204000,-204000,-204000
068606,聯發科凱基01購26,0,0,0,0,0,0,0,0,0,-204000,0,0,0,0,204000,-204000,-204000
03390P,欣興凱基02售07  ,0,0,0,0,0,0,0,0,0,-204000,0,0,0,217000,421000,-204000,-204000
061223,T50反1中信01購01,0,0,0,0,0,0,0,0,0,-204000,0,0,0,0,204000,-204000,-204000
08110P,臺股指中信01售05,0,0,0,0,0,0,0,0,0,-205000,0,0,0,0,205000,-205000,-205000
063642,茂林元大9B購08  ,0,0,0,0,0,0,0,0,0,-205000,0,0,0,0,205000,-205000,-205000
062972,京元電元富9B購01,0,0,0,0,0,0,0,0,0,-205000,0,0,0,155000,360000,-205000,-205000
064722,大立光統一02購03,0,0,0,0,0,0,0,0,0,-205000,0,0,0,176000,381000,-205000,-205000
066135,潤泰全群益02購01,0,0,0,0,0,0,0,0,0,-205000,0,0,0,0,205000,-205000,-205000
03316P,欣興群益02售02  ,0,0,0,0,0,0,0,0,0,-206000,0,0,0,18000,224000,-206000,-206000
03063P,臺股指凱基04售03,0,0,0,0,0,0,0,0,0,-206000,0,0,0,15000,221000,-206000,-206000
064919,嘉晶統一02購02  ,0,0,0,0,0,0,0,0,0,-206000,0,0,0,294000,500000,-206000,-206000
063915,祥碩凱基01購01  ,0,0,0,0,0,0,0,0,0,-206000,0,0,0,34000,240000,-206000,-206000
07142P,台灣50元大01售01,0,0,0,0,0,0,0,0,0,-207000,0,0,0,0,207000,-207000,-207000
068576,台積電國泰03購07,0,0,0,0,0,0,0,0,0,-207000,0,0,0,731000,938000,-207000,-207000
03470P,欣興凱基02售10  ,0,0,0,0,0,0,0,0,0,-207000,0,0,0,1000,208000,-207000,-207000
062426,大立光統一02購02,0,0,0,0,0,0,0,0,0,-207000,0,0,0,84000,291000,-207000,-207000
067505,微星統一03購01  ,0,0,0,0,0,0,0,0,0,-207000,0,0,0,932000,1139000,-207000,-207000
08932P,矽格元富01售01  ,0,0,0,0,0,0,0,0,0,-207000,0,0,0,107000,314000,-207000,-207000
066074,文曄凱基01購01  ,0,0,0,0,0,0,0,0,0,-208000,0,0,0,60000,268000,-208000,-208000
068291,大立光群益03購01,0,0,0,0,0,0,0,0,0,-209000,0,0,0,48000,257000,-209000,-209000
068783,亞德客康和02購01,0,0,0,0,0,0,0,0,0,-209000,0,0,0,0,209000,-209000,-209000
069096,瑞昱統一02購02  ,0,0,0,0,0,0,0,0,0,-209000,0,0,0,52000,261000,-209000,-209000
08309P,GIS凱基9C售01   ,0,0,0,0,0,0,0,0,0,-209000,0,0,0,70000,279000,-209000,-209000
08383P,智邦群益9C售03  ,0,0,0,0,0,0,0,0,0,-209000,0,0,0,10000,219000,-209000,-209000
069793,金像電凱基02購05,0,0,0,0,0,0,0,0,0,-209000,0,0,0,0,209000,-209000,-209000
063419,聯發科凱基03購01,0,0,0,0,0,0,0,0,0,-209000,0,0,0,0,209000,-209000,-209000
065340,旺宏統一9C購04  ,0,0,0,0,0,0,0,0,0,-209000,0,0,0,0,209000,-209000,-209000
069394,臺股指元大03購09,0,0,0,0,0,0,0,0,0,-210000,0,0,0,10000,220000,-210000,-210000
08456P,聯發科元大9C售13,0,0,0,0,0,0,0,0,0,-210000,0,0,0,30000,240000,-210000,-210000
069181,上銀麥證02購01  ,0,0,0,96000,306000,-210000,0,0,0,-210000,0,0,0,96000,306000,-210000,-210000
08609P,世紀鋼永豐9C售03,0,0,0,0,0,0,0,0,0,-210000,0,0,0,0,210000,-210000,-210000
069123,南六群益02購03  ,0,0,0,0,0,0,0,0,0,-211000,0,0,0,16000,227000,-211000,-211000
069017,台郡兆豐03購01  ,0,0,0,0,0,0,0,0,0,-211000,0,0,0,110000,321000,-211000,-211000
063612,金像電群益9B購04,0,0,0,0,0,0,0,0,0,-211000,0,0,0,202000,413000,-211000,-211000
056894,佳世達元大99購01,0,0,0,0,0,0,0,0,0,-212000,0,0,0,1000,213000,-212000,-212000
067671,正崴元大01購01  ,0,0,0,0,0,0,0,0,0,-212000,0,0,0,33000,245000,-212000,-212000
08612P,嘉晶凱基9C售03  ,0,0,0,0,0,0,0,0,0,-212000,0,0,0,0,212000,-212000,-212000
03053P,台灣50中信04售03,0,0,0,0,0,0,0,0,0,-213000,0,0,0,0,213000,-213000,-213000
067282,金像電國票02購02,0,0,0,0,0,0,0,0,0,-213000,0,0,0,25000,238000,-213000,-213000
067345,美利達凱基02購01,0,0,0,0,0,0,0,0,0,-213000,0,0,0,100000,313000,-213000,-213000
08763P,健策永豐01售02  ,0,0,0,0,0,0,0,0,0,-213000,0,0,0,0,213000,-213000,-213000
064619,南亞科元大9C購05,0,0,0,0,0,0,0,0,0,-214000,0,0,0,100000,314000,-214000,-214000
065807,智伸科群益01購01,0,0,0,0,0,0,0,0,0,-214000,0,0,0,94000,308000,-214000,-214000
058377,茂林凱基9A購03  ,0,0,0,0,0,0,0,0,0,-215000,0,0,0,130000,345000,-215000,-215000
2889,國票金          ,222040,467000,-244960,0,0,0,0,0,0,29000,30000,1000,29000,0,0,0,-215960
068999,力山兆豐03購01  ,0,0,0,0,0,0,0,0,0,-216000,0,0,0,38000,254000,-216000,-216000
08003P,國巨國泰9B售07  ,0,0,0,0,0,0,0,0,0,-216000,0,0,0,0,216000,-216000,-216000
060792,信錦永豐9A購01  ,0,0,0,0,0,0,0,0,0,-216000,0,0,0,0,216000,-216000,-216000
2478,大毅            ,204000,298000,-94000,0,0,0,0,0,0,-122000,0,0,0,3000,125000,-122000,-216000
07962P,聯詠中信05售03  ,0,0,0,0,0,0,0,0,0,-217000,0,0,0,0,217000,-217000,-217000
058630,日月光國票9A購01,0,0,0,0,0,0,0,0,0,-217000,0,0,0,21000,238000,-217000,-217000
064195,晶豪科群益9C購01,0,0,0,0,0,0,0,0,0,-217000,0,0,0,62000,279000,-217000,-217000
068934,聯詠永豐02購01  ,0,0,0,0,0,0,0,0,0,-218000,0,0,0,114000,332000,-218000,-218000
063745,喬山國票9C購01  ,0,0,0,0,0,0,0,0,0,-218000,0,0,0,222000,440000,-218000,-218000
065783,友訊永豐9C購02  ,0,0,0,0,0,0,0,0,0,-218000,0,0,0,75000,293000,-218000,-218000
068249,聯發科元大01購25,0,0,0,0,0,0,0,0,0,-219000,0,0,0,6000,225000,-219000,-219000
062561,瀚宇博凱基9B購01,0,0,0,0,0,0,0,0,0,-219000,0,0,0,500000,719000,-219000,-219000
2905,三商            ,199000,412000,-213000,0,0,0,0,0,0,-6000,0,6000,-6000,0,0,0,-219000
068411,世紀鋼元富07購01,0,0,0,0,0,0,0,0,0,-220000,0,0,0,718000,938000,-220000,-220000
068667,聯電統一03購05  ,0,0,0,0,0,0,0,0,0,-220000,0,0,0,96000,316000,-220000,-220000
07994P,臺股指群益9B售04,0,0,0,0,0,0,0,0,0,-220000,0,0,0,0,220000,-220000,-220000
065977,旭富元大02購01  ,0,0,0,0,0,0,0,0,0,-220000,0,0,0,403000,623000,-220000,-220000
08739P,台郡凱基01售03  ,0,0,0,0,0,0,0,0,0,-220000,0,0,0,20000,240000,-220000,-220000
068565,建準元大01購02  ,0,0,0,0,0,0,0,0,0,-221000,0,0,0,204000,425000,-221000,-221000
067239,聯陽群益01購01  ,0,0,0,0,0,0,0,0,0,-221000,0,0,0,189000,410000,-221000,-221000
3038,全台            ,200000,427000,-227000,0,0,0,0,0,0,6000,6000,0,6000,0,0,0,-221000
068455,聯發科國票03購02,0,0,0,0,0,0,0,0,0,-222000,0,0,0,24000,246000,-222000,-222000
03325P,臺股指凱基04售05,0,0,0,0,0,0,0,0,0,-222000,0,0,0,3000,225000,-222000,-222000
065085,聯發科元大01購02,0,0,0,0,0,0,0,0,0,-222000,0,0,0,57000,279000,-222000,-222000
066065,東元凱基04購01  ,0,0,0,0,0,0,0,0,0,-222000,0,0,0,362000,584000,-222000,-222000
068599,台積電凱基01購27,0,0,0,0,0,0,0,0,0,-223000,0,0,0,0,223000,-223000,-223000
069513,友達凱基02購04  ,0,0,0,0,0,0,0,0,0,-223000,0,0,0,0,223000,-223000,-223000
069709,聯發科國票03購05,0,0,0,0,0,0,0,0,0,-224000,0,0,0,0,224000,-224000,-224000
03069P,大毅群益01售04  ,0,0,0,0,0,0,0,0,0,-224000,0,0,0,0,224000,-224000,-224000
062780,旺宏元大01購01  ,0,0,0,0,0,0,0,0,0,-224000,0,0,0,50000,274000,-224000,-224000
067386,巨大統一02購02  ,0,0,0,0,0,0,0,0,0,-224000,0,0,0,260000,484000,-224000,-224000
08356P,聯發科元大9C售08,0,0,0,0,0,0,0,0,0,-225000,0,0,0,0,225000,-225000,-225000
068269,南亞科永豐01購01,0,0,0,0,0,0,0,0,0,-225000,0,0,0,0,225000,-225000,-225000
03408P,南電國泰02售02  ,0,0,0,0,0,0,0,0,0,-225000,0,0,0,1164000,1389000,-225000,-225000
055653,聯詠元富01購02  ,0,0,0,0,0,0,0,0,0,-225000,0,0,0,0,225000,-225000,-225000
067663,神隆元大01購03  ,0,0,0,0,0,0,0,0,0,-225000,0,0,0,28000,253000,-225000,-225000
065972,聯發科元大01購07,0,0,0,0,0,0,0,0,0,-225000,0,0,0,464000,689000,-225000,-225000
08668P,燿華群益01售01  ,0,0,0,0,0,0,0,0,0,-225000,0,0,0,77000,302000,-225000,-225000
068807,上緯控群益02購01,0,0,0,0,0,0,0,0,0,-226000,0,0,0,180000,406000,-226000,-226000
064809,冠德元大9C購01  ,0,0,0,0,0,0,0,0,0,-226000,0,0,0,376000,602000,-226000,-226000
061639,晶豪科元大9A購02,0,0,0,0,0,0,0,0,0,-226000,0,0,0,346000,572000,-226000,-226000
9919,康那香          ,1897000,2138000,-241000,0,0,0,0,0,0,15000,15000,0,15000,0,0,0,-226000
069344,華擎群益03購01  ,0,0,0,0,0,0,0,0,0,-227000,0,0,0,230000,457000,-227000,-227000
060743,鴻海國票9A購03  ,0,0,0,0,0,0,0,0,0,-227000,0,0,0,323000,550000,-227000,-227000
059995,南亞科元富99購01,0,0,0,0,0,0,0,0,0,-227000,0,0,0,0,227000,-227000,-227000
063614,美食群益9B購03  ,0,0,0,0,0,0,0,0,0,-227000,0,0,0,0,227000,-227000,-227000
067904,SP黃豆國泰03購01,0,0,0,0,0,0,0,0,0,-227000,0,0,0,35000,262000,-227000,-227000
063578,瑞祺元大9B購03  ,0,0,0,0,0,0,0,0,0,-228000,0,0,0,159000,387000,-228000,-228000
067131,為升永豐01購01  ,0,0,0,0,0,0,0,0,0,-228000,0,0,0,371000,599000,-228000,-228000
066218,美利達統一03購02,0,0,0,0,0,0,0,0,0,-228000,0,0,0,124000,352000,-228000,-228000
3057,喬鼎            ,4000,232698,-228698,0,0,0,0,0,0,0,0,0,0,0,0,0,-228698
069362,奇鋐永豐02購03  ,0,0,0,0,0,0,0,0,0,-229000,0,0,0,51000,280000,-229000,-229000
08060P,嘉澤元大9B售01  ,0,0,0,0,0,0,0,0,0,-229000,0,0,0,0,229000,-229000,-229000
063662,上銀統一01購03  ,0,0,0,0,0,0,0,0,0,-229000,0,0,0,165000,394000,-229000,-229000
067791,康舒群益01購01  ,0,0,0,0,0,0,0,0,0,-229000,0,0,0,98000,327000,-229000,-229000
2392,正崴            ,804000,1145000,-341000,0,0,0,0,0,0,112000,235000,12000,223000,123000,234000,-111000,-229000
9946,三發地產        ,70235,300000,-229765,0,0,0,0,0,0,0,0,0,0,0,0,0,-229765
057581,元大金中信9A購01,0,0,0,0,0,0,0,0,0,-230000,0,0,0,358000,588000,-230000,-230000
065701,聯發科群益9C購13,0,0,0,0,0,0,0,0,0,-230000,0,0,0,0,230000,-230000,-230000
03407P,華新科國泰03售02,0,0,0,0,0,0,0,0,0,-231000,0,0,0,60000,291000,-231000,-231000
062088,緯穎元大9B購04  ,0,0,0,0,0,0,0,0,0,-231000,0,0,0,229000,460000,-231000,-231000
03189P,玉晶光元大03售05,0,0,0,0,0,0,0,0,0,-232000,0,0,0,19000,251000,-232000,-232000
03193P,台積電國泰03售06,0,0,0,0,0,0,0,0,0,-232000,0,0,0,552000,784000,-232000,-232000
062331,大立光統一9B購10,0,0,0,0,0,0,0,0,0,-232000,0,0,0,40000,272000,-232000,-232000
066883,聯發科永豐01購01,0,0,0,0,0,0,0,0,0,-232000,0,0,0,10000,242000,-232000,-232000
03485P,智邦永豐02售01  ,0,0,0,0,0,0,0,0,0,-233000,0,0,0,0,233000,-233000,-233000
8261,富鼎            ,114000,348000,-234000,0,0,0,0,0,0,1000,1000,0,1000,0,0,0,-233000
069739,儒鴻永豐02購01  ,0,0,0,0,0,0,0,0,0,-234000,0,0,0,16000,250000,-234000,-234000
00650L,FH香港正2       ,10000,29000,-19000,0,0,0,0,0,0,-215000,0,0,0,273000,488000,-215000,-234000
064975,南亞科元大9C購07,0,0,0,0,0,0,0,0,0,-234000,0,0,0,25000,259000,-234000,-234000
063384,巨大永豐9B購04  ,0,0,0,0,0,0,0,0,0,-234000,0,0,0,99000,333000,-234000,-234000
064473,技嘉麥證9C購01  ,0,0,0,166000,405000,-239000,0,0,0,-234000,0,0,0,172000,406000,-234000,-234000
6005,群益證          ,1431000,1665000,-234000,0,0,0,0,0,0,0,0,0,0,0,0,0,-234000
08191P,鴻海台新9B售03  ,0,0,0,0,0,0,0,0,0,-235000,0,0,0,0,235000,-235000,-235000
067211,聯發科元大01購19,0,0,0,0,0,0,0,0,0,-235000,0,0,0,115000,350000,-235000,-235000
067908,玉晶光國泰03購01,0,0,0,0,0,0,0,0,0,-235000,0,0,0,487000,722000,-235000,-235000
07840P,康控元大9A售02  ,0,0,0,0,0,0,0,0,0,-236000,0,0,0,20000,256000,-236000,-236000
069378,金像電元大02購06,0,0,0,0,0,0,0,0,0,-236000,0,0,0,55000,291000,-236000,-236000
065108,建準國票01購01  ,0,0,0,0,0,0,0,0,0,-236000,0,0,0,2000,238000,-236000,-236000
069479,道瓊銀元大03購06,0,0,0,0,0,0,0,0,0,-237000,0,0,0,134000,371000,-237000,-237000
07878P,智邦群益9C售01  ,0,0,0,0,0,0,0,0,0,-237000,0,0,0,0,237000,-237000,-237000
068776,台積電元富08購01,0,0,0,0,0,0,0,0,0,-237000,0,0,0,983000,1220000,-237000,-237000
03250P,日月光元富07售02,0,0,0,0,0,0,0,0,0,-237000,0,0,0,20000,257000,-237000,-237000
066907,聯發科凱基03購04,0,0,0,0,0,0,0,0,0,-237000,0,0,0,44000,281000,-237000,-237000
069779,康舒元大02購03  ,0,0,0,0,0,0,0,0,0,-238000,0,0,0,0,238000,-238000,-238000
03319P,健策元富03售01  ,0,0,0,0,0,0,0,0,0,-238000,0,0,0,15000,253000,-238000,-238000
064312,大立光群益01購01,0,0,0,0,0,0,0,0,0,-238000,0,0,0,0,238000,-238000,-238000
065349,玉晶光統一9C購05,0,0,0,0,0,0,0,0,0,-238000,0,0,0,247000,485000,-238000,-238000
069518,正文凱基02購01  ,0,0,0,0,0,0,0,0,0,-239000,0,0,0,276000,515000,-239000,-239000
065660,晶豪科永豐9C購01,0,0,0,0,0,0,0,0,0,-239000,0,0,0,207000,446000,-239000,-239000
08779P,旺宏群益01售04  ,0,0,0,0,0,0,0,0,0,-239000,0,0,0,21000,260000,-239000,-239000
069787,美食康和02購01  ,0,0,0,0,0,0,0,0,0,-240000,0,0,0,0,240000,-240000,-240000
051369,新光金富邦9A購01,0,0,0,0,0,0,0,0,0,-240000,0,0,0,0,240000,-240000,-240000
07991P,鴻海群益9C售02  ,0,0,0,0,0,0,0,0,0,-241000,0,0,0,3000,244000,-241000,-241000
069125,美利達群益02購02,0,0,0,0,0,0,0,0,0,-241000,0,0,0,37000,278000,-241000,-241000
058786,元黃金元大99購01,0,0,0,0,0,0,0,0,0,-241000,0,0,0,121000,362000,-241000,-241000
064574,達方群益01購01  ,0,20000,-20000,0,0,0,0,0,0,-221000,0,0,0,86000,307000,-221000,-241000
069545,金像電元大02購08,0,0,0,0,0,0,0,0,0,-242000,0,0,0,76000,318000,-242000,-242000
063637,聯發科元大9C購02,0,0,0,0,0,0,0,0,0,-242000,0,0,0,7000,249000,-242000,-242000
066670,貿聯凱基01購01  ,0,0,0,0,0,0,0,0,0,-242000,0,0,0,92000,334000,-242000,-242000
069781,志超元大02購01  ,0,0,0,0,0,0,0,0,0,-243000,0,0,0,1000,244000,-243000,-243000
06766P,玉晶光元大99售10,0,0,0,0,0,0,0,0,0,-243000,0,0,0,37000,280000,-243000,-243000
2342,茂矽            ,203000,446614,-243614,0,0,0,0,0,0,0,0,0,0,0,0,0,-243614
068473,聯發科群益01購13,0,0,0,0,0,0,0,0,0,-244000,0,0,0,266000,510000,-244000,-244000
056584,鴻海統一9B購01  ,0,0,0,0,0,0,0,0,0,-244000,0,0,0,3052000,3296000,-244000,-244000
065828,大立光凱基06購01,0,0,0,0,0,0,0,0,0,-244000,0,0,0,25000,269000,-244000,-244000
068066,亞德客凱基03購01,0,0,0,0,0,0,0,0,0,-245000,0,0,0,0,245000,-245000,-245000
08380P,GIS元大9C售06   ,0,0,0,0,0,0,0,0,0,-245000,0,0,0,130000,375000,-245000,-245000
08699P,南電元大01售05  ,0,0,0,0,0,0,0,0,0,-245000,0,0,0,277000,522000,-245000,-245000
069314,彩晶凱基02購02  ,30000,0,30000,0,0,0,0,0,0,-276000,0,0,0,58000,334000,-276000,-246000
057082,玉晶光統一9A購04,0,0,0,0,0,0,0,0,0,-246000,0,0,0,691000,937000,-246000,-246000
067852,大毅國票02購01  ,0,0,0,0,0,0,0,0,0,-246000,0,0,0,119000,365000,-246000,-246000
069423,聯電台新02購01  ,0,0,0,0,0,0,0,0,0,-247000,0,0,0,33000,280000,-247000,-247000
069897,宏碁元大02購02  ,0,0,0,0,0,0,0,0,0,-248000,0,0,0,0,248000,-248000,-248000
03476P,鴻海元富08售04  ,0,0,0,0,0,0,0,0,0,-248000,0,0,0,6000,254000,-248000,-248000
058544,FBVIX富邦9B購01 ,0,0,0,0,0,0,0,0,0,-249000,0,0,0,11000,260000,-249000,-249000
063195,訊連元富9B購01  ,0,0,0,0,0,0,0,0,0,-249000,0,0,0,180000,429000,-249000,-249000
08790P,聯發科元富01售01,0,0,0,0,0,0,0,0,0,-249000,0,0,0,20000,269000,-249000,-249000
07035P,大立光元富99售04,0,0,0,0,0,0,0,0,0,-250000,0,0,0,1000,251000,-250000,-250000
08125P,聯茂群益9B售02  ,0,0,0,0,0,0,0,0,0,-250000,0,0,0,10000,260000,-250000,-250000
067946,聯發科國泰03購04,0,0,0,0,0,0,0,0,0,-250000,0,0,0,1084000,1334000,-250000,-250000
068850,旺宏統一04購02  ,0,0,0,0,0,0,0,0,0,-250000,0,0,0,0,250000,-250000,-250000
064755,南亞科凱基01購02,0,0,0,0,0,0,0,0,0,-250000,0,0,0,0,250000,-250000,-250000
067801,台達電凱基01購03,0,0,0,0,0,0,0,0,0,-250000,0,0,0,70000,320000,-250000,-250000
066538,信邦兆豐03購01  ,0,0,0,0,0,0,0,0,0,-250000,0,0,0,0,250000,-250000,-250000
068960,建準群益02購01  ,0,0,0,0,0,0,0,0,0,-251000,0,0,0,37000,288000,-251000,-251000
03252P,台積電台新02售01,0,0,0,0,0,0,0,0,0,-251000,0,0,0,18000,269000,-251000,-251000
063768,華新科國泰9C購03,0,0,0,0,0,0,0,0,0,-251000,0,0,0,12000,263000,-251000,-251000
064464,台郡統一01購01  ,0,0,0,0,0,0,0,0,0,-251000,0,0,0,57000,308000,-251000,-251000
064481,技嘉永豐9C購01  ,0,0,0,0,0,0,0,0,0,-251000,0,0,0,26000,277000,-251000,-251000
066342,上緯控永豐01購01,0,0,0,0,0,0,0,0,0,-251000,0,0,0,0,251000,-251000,-251000
066781,滬深2X中信04購01,0,0,0,0,0,0,0,0,0,-251000,0,0,0,0,251000,-251000,-251000
069308,聯發科凱基06購01,0,0,0,0,0,0,0,0,0,-252000,0,0,0,0,252000,-252000,-252000
065437,台表科凱基9C購03,0,0,0,0,0,0,0,0,0,-252000,0,0,0,10000,262000,-252000,-252000
057740,茂林富邦9A購01  ,0,0,0,0,0,0,0,0,0,-253000,0,0,0,103000,356000,-253000,-253000
060214,茂林康和9A購01  ,0,0,0,0,0,0,0,0,0,-253000,0,0,0,44000,297000,-253000,-253000
064944,亞德客凱基9C購03,0,0,0,0,0,0,0,0,0,-253000,0,0,0,0,253000,-253000,-253000
08636P,華通國票01售03  ,0,0,0,0,0,0,0,0,0,-253000,0,0,0,1000,254000,-253000,-253000
08156P,大立光元富9B售05,0,0,0,0,0,0,0,0,0,-254000,0,0,0,153000,407000,-254000,-254000
068883,亞德客統一04購02,0,0,0,0,0,0,0,0,0,-254000,0,0,0,0,254000,-254000,-254000
05174P,元金2X富邦9B售01,0,0,0,0,0,0,0,0,0,-254000,0,0,0,3000,257000,-254000,-254000
063484,達方元大9B購01  ,0,0,0,0,0,0,0,0,0,-255000,0,0,0,133000,388000,-255000,-255000
066662,建準凱基02購01  ,0,0,0,0,0,0,0,0,0,-255000,0,0,0,143000,398000,-255000,-255000
067763,鈺齊永豐01購01  ,0,0,0,0,0,0,0,0,0,-255000,0,0,0,637000,892000,-255000,-255000
1467,南緯            ,93000,348000,-255000,0,0,0,0,0,0,0,0,0,0,0,0,0,-255000
069625,彩晶統一03購03  ,0,0,0,0,0,0,0,0,0,-256000,0,0,0,923000,1179000,-256000,-256000
066660,群光凱基01購01  ,0,0,0,0,0,0,0,0,0,-258000,0,0,0,53000,311000,-258000,-258000
03502P,奇力新元富03售01,0,0,0,0,0,0,0,0,0,-259000,0,0,0,0,259000,-259000,-259000
062602,華通麥證9C購01  ,0,0,0,44000,303000,-259000,0,0,0,-259000,0,0,0,44000,303000,-259000,-259000
069535,瀚宇博群益03購01,0,0,0,0,0,0,0,0,0,-260000,0,0,0,61000,321000,-260000,-260000
059890,大立光國票99購03,0,0,0,0,0,0,0,0,0,-260000,0,0,0,0,260000,-260000,-260000
062720,南亞科凱基9B購03,0,0,0,0,0,0,0,0,0,-260000,0,0,0,0,260000,-260000,-260000
061852,大立光國票9B購02,0,0,0,0,0,0,0,0,0,-260000,0,0,0,221000,481000,-260000,-260000
065861,台汽電元大9C購01,0,0,0,0,0,0,0,0,0,-260000,0,0,0,0,260000,-260000,-260000
2031,新光鋼          ,408000,633000,-225000,0,0,0,0,0,0,-35000,3000,38000,-35000,0,0,0,-260000
08737P,聯詠凱基01售01  ,0,0,0,0,0,0,0,0,0,-260000,0,0,0,0,260000,-260000,-260000
069674,台積電元大04購01,0,0,0,0,0,0,0,0,0,-261000,0,0,0,0,261000,-261000,-261000
068858,台積電元富08購05,0,0,0,0,0,0,0,0,0,-261000,0,0,0,110000,371000,-261000,-261000
064361,旺宏統一01購06  ,0,0,0,0,0,0,0,0,0,-261000,0,0,0,2000,263000,-261000,-261000
066348,松翰永豐01購01  ,0,0,0,0,0,0,0,0,0,-261000,0,0,0,10000,271000,-261000,-261000
2451,創見            ,131000,383497,-252497,0,0,0,0,0,0,-9000,1000,0,1000,0,10000,-10000,-261497
068784,聯發科康和02購02,0,0,0,0,0,0,0,0,0,-262000,0,0,0,25000,287000,-262000,-262000
068738,寶成元大02購01  ,0,0,0,0,0,0,0,0,0,-262000,0,0,0,411000,673000,-262000,-262000
063390,嘉晶兆豐9B購01  ,0,0,0,0,0,0,0,0,0,-262000,0,0,0,495000,757000,-262000,-262000
069025,建準國票03購02  ,0,0,0,0,0,0,0,0,0,-263000,0,0,0,45000,308000,-263000,-263000
067950,元金2X永豐01購02,0,0,0,0,0,0,0,0,0,-263000,0,0,0,20000,283000,-263000,-263000
060361,南亞科元富9A購03,0,0,0,0,0,0,0,0,0,-263000,0,0,0,0,263000,-263000,-263000
03303P,義隆元富02售01  ,0,0,0,0,0,0,0,0,0,-263000,0,0,0,65000,328000,-263000,-263000
03103P,聯發科元富01售02,0,0,0,0,0,0,0,0,0,-263000,0,0,0,102000,365000,-263000,-263000
067576,元金反群益04購01,0,0,0,0,0,0,0,0,0,-263000,0,0,0,17000,280000,-263000,-263000
064026,建準元大9C購02  ,0,0,0,0,0,0,0,0,0,-264000,0,0,0,131000,395000,-264000,-264000
068211,樺漢凱基01購02  ,1000,0,1000,0,0,0,0,0,0,-266000,0,0,0,213000,479000,-266000,-265000
067515,美利達統一03購03,0,0,0,0,0,0,0,0,0,-265000,0,0,0,153000,418000,-265000,-265000
065668,南亞科凱基9C購02,0,0,0,0,0,0,0,0,0,-265000,0,0,0,15000,280000,-265000,-265000
07057P,大立光康和9B售02,0,0,0,0,0,0,0,0,0,-266000,0,0,0,34000,300000,-266000,-266000
08169P,台光電群益9B售04,0,0,0,0,0,0,0,0,0,-266000,0,0,0,89000,355000,-266000,-266000
03019P,全新群益01售01  ,0,0,0,0,0,0,0,0,0,-266000,0,0,0,299000,565000,-266000,-266000
07265P,大立光元大99售16,0,0,0,0,0,0,0,0,0,-267000,0,0,0,0,267000,-267000,-267000
062851,建準永豐9B購02  ,0,0,0,0,0,0,0,0,0,-267000,0,0,0,55000,322000,-267000,-267000
9933,中鼎            ,179000,459000,-280000,0,0,0,0,0,0,13000,30000,0,30000,0,17000,-17000,-267000
056724,臻鼎中信9A購01  ,0,0,0,0,0,0,0,0,0,-268000,0,0,0,168000,436000,-268000,-268000
063736,大立光元大9B購08,0,0,0,0,0,0,0,0,0,-268000,0,0,0,20000,288000,-268000,-268000
066203,景碩統一03購01  ,0,0,0,0,0,0,0,0,0,-269000,0,0,0,108000,377000,-269000,-269000
067408,達方永豐01購02  ,0,0,0,0,0,0,0,0,0,-269000,0,0,0,8000,277000,-269000,-269000
069298,欣興中信04購01  ,0,0,0,0,0,0,0,0,0,-270000,0,0,0,44000,314000,-270000,-270000
067327,聯詠康和01購01  ,0,0,0,0,0,0,0,0,0,-270000,0,0,0,319000,589000,-270000,-270000
066865,滬深2X元富01購02,0,0,0,0,0,0,0,0,0,-270000,0,0,0,30000,300000,-270000,-270000
067158,T50反1國票02購02,0,0,0,0,0,0,0,0,0,-270000,0,0,0,30000,300000,-270000,-270000
066437,台泥群益02購01  ,0,0,0,0,0,0,0,0,0,-270000,0,0,0,135000,405000,-270000,-270000
08529P,臻鼎元大9C售03  ,0,0,0,0,0,0,0,0,0,-271000,0,0,0,85000,356000,-271000,-271000
03017P,深中小群益01售02,0,0,0,0,0,0,0,0,0,-271000,0,0,0,329000,600000,-271000,-271000
08086P,燿華凱基9B售03  ,0,0,0,0,0,0,0,0,0,-273000,0,0,0,0,273000,-273000,-273000
065627,貿聯兆豐9C購02  ,0,0,0,0,0,0,0,0,0,-273000,0,0,0,84000,357000,-273000,-273000
067346,巨大凱基02購01  ,0,0,0,0,0,0,0,0,0,-273000,0,0,0,20000,293000,-273000,-273000
069526,台積電兆豐03購08,1000,0,1000,0,0,0,0,0,0,-275000,0,0,0,735000,1010000,-275000,-274000
3049,和鑫            ,1187000,596000,591000,0,0,0,0,0,0,-865000,6000,0,6000,0,871000,-871000,-274000
03286P,台積電群益02售08,0,0,0,0,0,0,0,0,0,-275000,0,0,0,0,275000,-275000,-275000
069656,彩晶凱基03購01  ,0,0,0,0,0,0,0,0,0,-276000,0,0,0,110000,386000,-276000,-276000
056366,玉晶光元大99購04,0,0,0,0,0,0,0,0,0,-276000,0,0,0,16000,292000,-276000,-276000
064995,世紀鋼兆豐9C購01,0,0,0,0,0,0,0,0,0,-276000,0,0,0,229000,505000,-276000,-276000
067150,聯發科統一02購05,0,0,0,0,0,0,0,0,0,-276000,0,0,0,129000,405000,-276000,-276000
066833,正文群益01購01  ,0,0,0,0,0,0,0,0,0,-276000,0,0,0,326000,602000,-276000,-276000
3056,總太            ,68000,369000,-301000,0,0,0,0,0,0,25000,0,0,0,25000,0,25000,-276000
069226,聯陽群益02購01  ,0,0,0,0,0,0,0,0,0,-277000,0,0,0,195000,472000,-277000,-277000
065601,聯發科元大01購05,0,0,0,0,0,0,0,0,0,-277000,0,0,0,51000,328000,-277000,-277000
08765P,鴻海富邦01售02  ,0,0,0,0,0,0,0,0,0,-277000,0,0,0,23000,300000,-277000,-277000
069677,金像電元大02購09,0,0,0,0,0,0,0,0,0,-278000,0,0,0,2000,280000,-278000,-278000
08349P,南六元大9C售03  ,0,0,0,0,0,0,0,0,0,-279000,0,0,0,0,279000,-279000,-279000
065551,聯發科凱基9C購11,0,0,0,0,0,0,0,0,0,-279000,0,0,0,51000,330000,-279000,-279000
2231,為升            ,530000,904000,-374000,0,0,0,0,0,0,95000,59000,42000,17000,131000,53000,78000,-279000
6670,復盛應用        ,69000,86000,-17000,0,0,0,10000,270000,-260000,-2000,0,0,0,1000,3000,-2000,-279000
03164P,牧德元大01售03  ,0,0,0,0,0,0,0,0,0,-280000,0,0,0,99000,379000,-280000,-280000
062323,上銀統一9B購03  ,0,0,0,0,0,0,0,0,0,-280000,0,0,0,919000,1199000,-280000,-280000
063473,茂林元大9B購05  ,0,0,0,0,0,0,0,0,0,-280000,0,0,0,68000,348000,-280000,-280000
063162,國喬永豐9B購01  ,0,0,0,0,0,0,0,0,0,-280000,0,0,0,377000,657000,-280000,-280000
066234,群光富邦04購01  ,0,0,0,0,0,0,0,0,0,-280000,0,0,0,273000,553000,-280000,-280000
066086,東元永豐01購01  ,0,0,0,0,0,0,0,0,0,-280000,0,0,0,0,280000,-280000,-280000
069223,微星群益02購03  ,0,0,0,0,0,0,0,0,0,-281000,0,0,0,198000,479000,-281000,-281000
064922,玉晶光統一01購10,0,0,0,0,0,0,0,0,0,-281000,0,0,0,39000,320000,-281000,-281000
065747,華通元大9C購07  ,0,0,0,0,0,0,0,0,0,-281000,0,0,0,5000,286000,-281000,-281000
067355,大立光群益01購07,24000,0,24000,0,0,0,0,0,0,-305000,0,0,0,58000,363000,-305000,-281000
067125,健策富邦03購01  ,0,0,0,0,0,0,0,0,0,-282000,0,0,0,54000,336000,-282000,-282000
064058,儒鴻麥證01購01  ,0,0,0,37000,320000,-283000,0,0,0,-283000,0,0,0,37000,320000,-283000,-283000
057451,大立光元富9B購01,0,0,0,0,0,0,0,0,0,-284000,0,0,0,232000,516000,-284000,-284000
064118,喬山元大01購01  ,0,0,0,0,0,0,0,0,0,-284000,0,0,0,285000,569000,-284000,-284000
062891,台汽電群益9B購01,0,0,0,0,0,0,0,0,0,-284000,0,0,0,17000,301000,-284000,-284000
062279,晶豪科群益9B購01,0,0,0,0,0,0,0,0,0,-284000,0,0,0,59000,343000,-284000,-284000
08576P,嘉澤凱基9C售03  ,0,0,0,0,0,0,0,0,0,-284000,0,0,0,0,284000,-284000,-284000
069214,南電元大02購07  ,0,0,0,0,0,0,0,0,0,-285000,0,0,0,304000,589000,-285000,-285000
062917,旭富元大9C購03  ,0,0,0,0,0,0,0,0,0,-285000,0,0,0,110000,395000,-285000,-285000
065707,聯詠群益9C購02  ,0,0,0,0,0,0,0,0,0,-285000,0,0,0,51000,336000,-285000,-285000
03499P,南電凱基02售07  ,0,0,0,0,0,0,0,0,0,-286000,0,0,0,40000,326000,-286000,-286000
03418P,大毅群益02售03  ,0,0,0,0,0,0,0,0,0,-286000,0,0,0,0,286000,-286000,-286000
066800,晶豪科凱基02購01,0,0,0,0,0,0,0,0,0,-286000,0,0,0,27000,313000,-286000,-286000
058347,玉晶光群益9B購01,0,0,0,0,0,0,0,0,0,-287000,0,0,0,23000,310000,-287000,-287000
063320,旭富群益9B購03  ,0,0,0,0,0,0,0,0,0,-287000,0,0,0,0,287000,-287000,-287000
067391,健策元富01購02  ,0,0,0,0,0,0,0,0,0,-287000,0,0,0,47000,334000,-287000,-287000
069164,聯發科元大03購01,0,0,0,0,0,0,0,0,0,-288000,0,0,0,0,288000,-288000,-288000
068561,台積電元大01購52,0,0,0,0,0,0,0,0,0,-288000,0,0,0,122000,410000,-288000,-288000
2405,浩鑫            ,88000,376000,-288000,0,0,0,0,0,0,0,0,0,0,0,0,0,-288000
069891,上銀元大02購02  ,0,0,0,0,0,0,0,0,0,-289000,0,0,0,0,289000,-289000,-289000
064238,玉晶光統一01購08,0,0,0,0,0,0,0,0,0,-289000,0,0,0,73000,362000,-289000,-289000
064838,旭富統一01購01  ,0,0,0,0,0,0,0,0,0,-289000,0,0,0,0,289000,-289000,-289000
08762P,南六元大01售03  ,0,0,0,0,0,0,0,0,0,-289000,0,0,0,0,289000,-289000,-289000
08296P,同欣電元大9C售04,0,0,0,0,0,0,0,0,0,-290000,0,0,0,0,290000,-290000,-290000
068761,興勤永豐02購01  ,0,0,0,0,0,0,0,0,0,-290000,0,0,0,195000,485000,-290000,-290000
054472,道瓊反中信9A購01,0,0,0,0,0,0,0,0,0,-290000,0,0,0,10000,300000,-290000,-290000
060437,宏全永豐9A購01  ,0,0,0,0,0,0,0,0,0,-293000,0,0,0,107000,400000,-293000,-293000
066322,群光永豐01購01  ,0,0,0,0,0,0,0,0,0,-293000,0,0,0,4000,297000,-293000,-293000
066867,A50正2元富01購02,0,0,0,0,0,0,0,0,0,-294000,0,0,0,0,294000,-294000,-294000
08313P,健策國票01售01  ,0,0,0,0,0,0,0,0,0,-295000,0,0,0,445000,740000,-295000,-295000
069697,台積電元富08購17,0,0,0,0,0,0,0,0,0,-295000,0,0,0,17000,312000,-295000,-295000
06925P,致茂群益9A售02  ,0,0,0,0,0,0,0,0,0,-296000,0,0,0,8000,304000,-296000,-296000
08871P,大立光群益01售08,0,0,0,0,0,0,0,0,0,-296000,0,0,0,12000,308000,-296000,-296000
068270,建準永豐01購01  ,0,0,0,0,0,0,0,0,0,-297000,0,0,0,35000,332000,-297000,-297000
08760P,瑞昱元大01售02  ,0,0,0,0,0,0,0,0,0,-298000,0,0,0,174000,472000,-298000,-298000
068390,聯詠統一03購01  ,0,0,0,0,0,0,0,0,0,-299000,0,0,0,560000,859000,-299000,-299000
07895P,美律元大9B售01  ,0,0,0,0,0,0,0,0,0,-300000,0,0,0,0,300000,-300000,-300000
060347,大立光統一02購01,0,0,0,0,0,0,0,0,0,-300000,0,0,0,10000,310000,-300000,-300000
059820,南亞科凱基99購07,0,0,0,0,0,0,0,0,0,-300000,0,0,0,0,300000,-300000,-300000
060759,南亞科元大9A購03,0,0,0,0,0,0,0,0,0,-300000,0,0,0,0,300000,-300000,-300000
064467,南亞科元富9C購02,0,0,0,0,0,0,0,0,0,-300000,0,0,0,100000,400000,-300000,-300000
065682,健策統一9C購07  ,0,0,0,0,0,0,0,0,0,-300000,0,0,0,347000,647000,-300000,-300000
6196,帆宣            ,464000,350000,114000,0,0,0,0,350000,-350000,-64000,4000,47000,-43000,4000,25000,-21000,-300000
068977,建準元大02購01  ,0,0,0,0,0,0,0,0,0,-301000,0,0,0,227000,528000,-301000,-301000
067651,漢唐元富07購01  ,0,0,0,0,0,0,0,0,0,-301000,0,0,0,107000,408000,-301000,-301000
1802,台玻            ,3421000,3732000,-311000,0,0,0,0,0,0,10000,10000,0,10000,0,0,0,-301000
068937,TPK永豐02購01   ,0,0,0,0,0,0,0,0,0,-302000,0,0,0,1000,303000,-302000,-302000
069647,世紀鋼康和04購01,0,0,0,0,0,0,0,0,0,-302000,0,0,0,0,302000,-302000,-302000
065727,冠德凱基9C購01  ,0,0,0,0,0,0,0,0,0,-302000,0,0,0,0,302000,-302000,-302000
065643,聯發科元大01購06,0,0,0,0,0,0,0,0,0,-302000,0,0,0,182000,484000,-302000,-302000
6288,聯嘉            ,272000,571000,-299000,0,0,0,0,0,0,-3000,6000,9000,-3000,0,0,0,-302000
03158P,大立光元大01售20,0,0,0,0,0,0,0,0,0,-303000,0,0,0,127000,430000,-303000,-303000
064887,嘉晶中信9C購02  ,0,0,0,0,0,0,0,0,0,-303000,0,0,0,20000,323000,-303000,-303000
066131,群光群益02購01  ,0,0,0,0,0,0,0,0,0,-303000,0,0,0,126000,429000,-303000,-303000
067323,美利達元大01購04,0,0,0,0,0,0,0,0,0,-303000,0,0,0,330000,633000,-303000,-303000
066232,聯強富邦03購01  ,0,0,0,0,0,0,0,0,0,-305000,0,0,0,607000,912000,-305000,-305000
068139,亞德客元大01購05,0,0,0,0,0,0,0,0,0,-306000,0,0,0,6000,312000,-306000,-306000
03093P,台灣50凱基04售10,0,0,0,0,0,0,0,0,0,-306000,0,0,0,0,306000,-306000,-306000
066826,聯發科群益02購03,0,0,0,0,0,0,0,0,0,-307000,0,0,0,0,307000,-307000,-307000
068253,玉晶光元大01購13,0,0,0,0,0,0,0,0,0,-308000,0,0,0,0,308000,-308000,-308000
068882,亞德客統一04購01,0,0,0,0,0,0,0,0,0,-309000,0,0,0,1000,310000,-309000,-309000
065924,東元國票02購01  ,0,0,0,0,0,0,0,0,0,-309000,0,0,0,227000,536000,-309000,-309000
08045P,健策國票9B售01  ,0,0,0,0,0,0,0,0,0,-310000,0,0,0,0,310000,-310000,-310000
08315P,台積電元大9C售08,0,0,0,0,0,0,0,0,0,-310000,0,0,0,0,310000,-310000,-310000
058537,彩晶統一9B購01  ,0,0,0,0,0,0,0,0,0,-310000,0,0,0,100000,410000,-310000,-310000
063688,建準永豐9B購03  ,0,32000,-32000,0,0,0,0,0,0,-278000,0,0,0,199000,477000,-278000,-310000
067233,微星群益02購02  ,0,0,0,0,0,0,0,0,0,-310000,0,0,0,37000,347000,-310000,-310000
067672,聯發科元大01購21,0,0,0,0,0,0,0,0,0,-310000,0,0,0,192000,502000,-310000,-310000
067891,玉晶光群益02購05,0,0,0,0,0,0,0,0,0,-310000,0,0,0,70000,380000,-310000,-310000
069397,上銀統一04購01  ,0,0,0,0,0,0,0,0,0,-311000,0,0,0,292000,603000,-311000,-311000
066455,聯發科統一01購10,0,0,0,0,0,0,0,0,0,-311000,0,0,0,1691000,2002000,-311000,-311000
065741,聯發科麥證9C購06,0,0,0,54000,565000,-511000,0,0,0,-311000,0,0,0,254000,565000,-311000,-311000
2601,益航            ,377000,688000,-311000,0,0,0,0,0,0,0,0,0,0,0,0,0,-311000
063694,貿聯永豐9B購01  ,0,0,0,0,0,0,0,0,0,-312000,0,0,0,39000,351000,-312000,-312000
064843,巨大統一02購01  ,0,0,0,0,0,0,0,0,0,-312000,0,0,0,948000,1260000,-312000,-312000
068159,華擎元大01購08  ,0,0,0,0,0,0,0,0,0,-313000,0,0,0,869000,1182000,-313000,-313000
069171,彩晶元大04購01  ,0,0,0,0,0,0,0,0,0,-315000,0,0,0,570000,885000,-315000,-315000
063926,南亞科統一03購01,0,0,0,0,0,0,0,0,0,-315000,0,0,0,60000,375000,-315000,-315000
065979,立積元大03購01  ,0,0,0,0,0,0,0,0,0,-316000,0,0,0,14000,330000,-316000,-316000
3029,零壹            ,164000,480000,-316000,0,0,0,0,0,0,0,0,0,0,0,0,0,-316000
069054,欣興元富05購01  ,0,0,0,0,0,0,0,0,0,-317000,0,0,0,228000,545000,-317000,-317000
069389,南六元大03購01  ,0,0,0,0,0,0,0,0,0,-317000,0,0,0,51000,368000,-317000,-317000
03007P,玉晶光永豐01售01,0,0,0,0,0,0,0,0,0,-317000,0,0,0,10000,327000,-317000,-317000
061287,大立光統一9B購06,0,0,0,0,0,0,0,0,0,-317000,0,0,0,0,317000,-317000,-317000
064495,南亞科元大9C購03,0,0,0,0,0,0,0,0,0,-317000,0,0,0,51000,368000,-317000,-317000
065756,緯創元大9C購05  ,0,0,0,0,0,0,0,0,0,-317000,0,0,0,103000,420000,-317000,-317000
068763,世紀鋼永豐02購01,0,0,0,0,0,0,0,0,0,-319000,0,0,0,0,319000,-319000,-319000
064842,南六統一9C購04  ,0,0,0,0,0,0,0,0,0,-319000,0,0,0,439000,758000,-319000,-319000
03538P,景碩元富08售02  ,0,0,0,0,0,0,0,0,0,-320000,0,0,0,2098000,2418000,-320000,-320000
08521P,台達電元大9C售03,0,0,0,0,0,0,0,0,0,-321000,0,0,0,2000,323000,-321000,-321000
08401P,玉晶光元富9C售04,0,0,0,0,0,0,0,0,0,-322000,0,0,0,10000,332000,-322000,-322000
066719,滬深2X元大01購06,0,0,0,0,0,0,0,0,0,-322000,0,0,0,181000,503000,-322000,-322000
068900,上緯控元大02購01,0,0,0,0,0,0,0,0,0,-323000,0,0,0,61000,384000,-323000,-323000
059689,南亞科永豐99購02,0,0,0,0,0,0,0,0,0,-323000,0,0,0,0,323000,-323000,-323000
068227,聯發科元富07購07,20000,0,20000,0,0,0,0,0,0,-344000,0,0,0,1763000,2107000,-344000,-324000
068590,台積電元富07購12,0,0,0,0,0,0,0,0,0,-324000,0,0,0,40000,364000,-324000,-324000
067409,巨大永豐01購01  ,0,0,0,0,0,0,0,0,0,-324000,0,0,0,29000,353000,-324000,-324000
08159P,日月光元富9B售01,0,0,0,0,0,0,0,0,0,-325000,0,0,0,80000,405000,-325000,-325000
062016,美食永豐9B購01  ,0,0,0,0,0,0,0,0,0,-325000,0,0,0,10000,335000,-325000,-325000
064389,台泥永豐9C購01  ,0,0,0,0,0,0,0,0,0,-325000,0,0,0,19000,344000,-325000,-325000
2867,三商壽          ,247000,572000,-325000,0,0,0,0,0,0,0,0,0,0,0,0,0,-325000
1517,利奇            ,221000,547000,-326000,0,0,0,0,0,0,1000,1000,0,1000,0,0,0,-325000
069451,鎧勝統一04購01  ,0,0,0,0,0,0,0,0,0,-326000,0,0,0,0,326000,-326000,-326000
03420P,牧德群益02售04  ,0,0,0,0,0,0,0,0,0,-326000,0,0,0,73000,399000,-326000,-326000
059181,世紀鋼元富9C購01,0,0,0,0,0,0,0,0,0,-326000,0,0,0,447000,773000,-326000,-326000
063664,漢唐統一9C購01  ,0,0,0,0,0,0,0,0,0,-326000,0,0,0,74000,400000,-326000,-326000
062063,世紀鋼統一9C購01,0,0,0,0,0,0,0,0,0,-326000,0,0,0,165000,491000,-326000,-326000
2354,鴻準            ,805985,1115750,-309765,0,0,0,1000,0,1000,-18000,10000,28000,-18000,0,0,0,-326765
066897,京元電康和01購01,0,0,0,0,0,0,0,0,0,-328000,0,0,0,41000,369000,-328000,-328000
08870P,鴻海群益01售09  ,0,0,0,0,0,0,0,0,0,-328000,0,0,0,82000,410000,-328000,-328000
069631,金像電元富08購02,0,0,0,0,0,0,0,0,0,-329000,0,0,0,349000,678000,-329000,-329000
068749,聯詠群益02購01  ,0,0,0,0,0,0,0,0,0,-329000,0,0,0,23000,352000,-329000,-329000
057961,茂林元大9A購01  ,0,0,0,0,0,0,0,0,0,-329000,0,0,0,105000,434000,-329000,-329000
063992,大立光中信9C購03,0,0,0,0,0,0,0,0,0,-329000,0,0,0,206000,535000,-329000,-329000
066853,樺漢元大01購01  ,0,0,0,0,0,0,0,0,0,-329000,0,0,0,585000,914000,-329000,-329000
063709,上銀凱基9B購07  ,0,0,0,0,0,0,0,0,0,-330000,0,0,0,26000,356000,-330000,-330000
2442,新美齊          ,238000,568000,-330000,0,0,0,0,0,0,0,0,0,0,0,0,0,-330000
066204,京鼎統一02購01  ,0,0,0,0,0,0,0,0,0,-331000,0,0,0,585000,916000,-331000,-331000
03457P,欣興凱基02售08  ,0,0,0,0,0,0,0,0,0,-332000,0,0,0,195000,527000,-332000,-332000
069001,為升兆豐03購02  ,0,0,0,0,0,0,0,0,0,-333000,0,0,0,833000,1166000,-333000,-333000
08359P,緯創元大9C售02  ,0,0,0,0,0,0,0,0,0,-333000,0,0,0,0,333000,-333000,-333000
067826,高鐵兆豐03購01  ,0,0,0,0,0,0,0,0,0,-333000,0,0,0,3000,336000,-333000,-333000
068754,聯發科國泰08購01,0,0,0,0,0,0,0,0,0,-334000,0,0,0,90000,424000,-334000,-334000
062030,旭富群益9B購01  ,0,0,0,0,0,0,0,0,0,-335000,0,0,0,0,335000,-335000,-335000
067867,冠德元大01購01  ,0,0,0,0,0,0,0,0,0,-335000,0,0,0,393000,728000,-335000,-335000
064224,玉晶光國票01購04,0,0,0,0,0,0,0,0,0,-336000,0,0,0,52000,388000,-336000,-336000
064940,智伸科元富9C購01,0,0,0,0,0,0,0,0,0,-336000,0,0,0,96000,432000,-336000,-336000
067009,樺漢永豐01購01  ,0,0,0,0,0,0,0,0,0,-338000,0,0,0,312000,650000,-338000,-338000
066079,道瓊反國泰03購01,0,0,0,0,0,0,0,0,0,-338000,0,0,0,0,338000,-338000,-338000
069208,聯詠元大03購01  ,0,0,0,0,0,0,0,0,0,-339000,0,0,0,108000,447000,-339000,-339000
08516P,技嘉群益01售02  ,0,0,0,0,0,0,0,0,0,-339000,0,0,0,20000,359000,-339000,-339000
067293,智伸科兆豐03購01,0,0,0,0,0,0,0,0,0,-339000,0,0,0,95000,434000,-339000,-339000
08953P,大立光元富07售02,0,0,0,0,0,0,0,0,0,-339000,0,0,0,0,339000,-339000,-339000
07709P,創意元大9A售01  ,0,0,0,0,0,0,0,0,0,-340000,0,0,0,190000,530000,-340000,-340000
060562,旺宏富邦9C購02  ,0,0,0,0,0,0,0,0,0,-340000,0,0,0,0,340000,-340000,-340000
03343P,鴻海元富08售02  ,0,0,0,0,0,0,0,0,0,-340000,0,0,0,0,340000,-340000,-340000
064033,茂林元大9C購02  ,0,0,0,0,0,0,0,0,0,-340000,0,0,0,8000,348000,-340000,-340000
066177,上緯控凱基01購01,0,0,0,0,0,0,0,0,0,-340000,0,0,0,84000,424000,-340000,-340000
066448,眾達群益01購01  ,0,0,0,0,0,0,0,0,0,-340000,0,0,0,102000,442000,-340000,-340000
065694,國巨群益9C購19  ,0,0,0,0,0,0,0,0,0,-340000,0,0,0,100000,440000,-340000,-340000
064692,嘉晶群益9C購03  ,0,0,0,0,0,0,0,0,0,-341000,0,0,0,209000,550000,-341000,-341000
066562,上緯控元大01購01,0,0,0,0,0,0,0,0,0,-341000,0,0,0,132000,473000,-341000,-341000
08924P,鴻海元富07售10  ,0,0,0,0,0,0,0,0,0,-341000,0,0,0,0,341000,-341000,-341000
068911,聯發科群益02購09,0,0,0,0,0,0,0,0,0,-342000,0,0,0,91000,433000,-342000,-342000
065431,大立光凱基02購02,0,0,0,0,0,0,0,0,0,-344000,0,0,0,5000,349000,-344000,-344000
069103,TPK統一04購04   ,0,0,0,0,0,0,0,0,0,-345000,0,0,0,0,345000,-345000,-345000
8081,致新            ,149000,324000,-175000,0,0,0,0,0,0,-170000,2000,0,2000,0,172000,-172000,-345000
066642,臺股指凱基04購01,0,0,0,0,0,0,0,0,0,-346000,0,0,0,230000,576000,-346000,-346000
063668,奇力新統一01購03,0,0,0,0,0,0,0,0,0,-347000,0,0,0,740000,1087000,-347000,-347000
03233P,台積電元大02售11,0,0,0,0,0,0,0,0,0,-348000,0,0,0,45000,393000,-348000,-348000
063944,建準元大9C購01  ,0,0,0,0,0,0,0,0,0,-349000,0,0,0,487000,836000,-349000,-349000
065585,聯發科富邦03購02,0,0,0,0,0,0,0,0,0,-349000,0,0,0,0,349000,-349000,-349000
5531,鄉林            ,266000,615000,-349000,0,0,0,0,0,0,0,1000,1000,0,0,0,0,-349000
08264P,南電元大9C售02  ,0,0,0,0,0,0,0,0,0,-350000,0,0,0,0,350000,-350000,-350000
03105P,大立光元富04售02,0,0,0,0,0,0,0,0,0,-350000,0,0,0,187000,537000,-350000,-350000
063360,茂林國泰9C購02  ,0,0,0,0,0,0,0,0,0,-350000,0,0,0,61000,411000,-350000,-350000
08526P,義隆元大9C售04  ,0,0,0,0,0,0,0,0,0,-351000,0,0,0,60000,411000,-351000,-351000
6202,盛群            ,273000,616000,-343000,0,0,0,0,0,0,-8000,1000,0,1000,4000,13000,-9000,-351000
068489,技嘉元大01購05  ,0,0,0,0,0,0,0,0,0,-352000,0,0,0,598000,950000,-352000,-352000
060288,群光元大9C購01  ,0,0,0,0,0,0,0,0,0,-354000,0,0,0,148000,502000,-354000,-354000
08149P,祥碩群益9B售07  ,0,0,0,0,0,0,0,0,0,-355000,0,0,0,5000,360000,-355000,-355000
068250,聯發科元大02購04,0,0,0,0,0,0,0,0,0,-356000,0,0,0,0,356000,-356000,-356000
062944,茂林凱基9B購02  ,0,0,0,0,0,0,0,0,0,-356000,0,0,0,26000,382000,-356000,-356000
065844,南亞科元大9C購09,0,0,0,0,0,0,0,0,0,-356000,0,0,0,2000,358000,-356000,-356000
9136,巨騰-DR         ,32000,376000,-344000,0,0,0,0,0,0,-12000,0,12000,-12000,0,0,0,-356000
062162,世紀鋼凱基9B購03,0,0,0,0,0,0,0,0,0,-359000,0,0,0,14000,373000,-359000,-359000
068880,茂林凱基03購02  ,0,0,0,0,0,0,0,0,0,-360000,0,0,0,54000,414000,-360000,-360000
08389P,技嘉國票9C售01  ,0,0,0,0,0,0,0,0,0,-360000,0,0,0,5000,365000,-360000,-360000
050077,臺股指凱基99購02,0,0,0,0,0,0,0,0,0,-360000,0,0,0,131000,491000,-360000,-360000
066156,建準康和01購01  ,0,0,0,0,0,0,0,0,0,-360000,0,0,0,1000,361000,-360000,-360000
069551,欣興元大02購12  ,0,0,0,0,0,0,0,0,0,-361000,0,0,0,94000,455000,-361000,-361000
03422P,GIS群益02售04   ,0,0,0,0,0,0,0,0,0,-361000,0,0,0,40000,401000,-361000,-361000
6504,南六            ,326000,715000,-389000,0,0,0,0,0,0,28000,63000,45000,18000,45000,35000,10000,-361000
062119,世紀鋼中信9B購01,0,0,0,0,0,0,0,0,0,-362000,0,0,0,165000,527000,-362000,-362000
066913,樺漢凱基01購01  ,0,0,0,0,0,0,0,0,0,-362000,0,0,0,278000,640000,-362000,-362000
064618,南亞科元大9C購04,0,0,0,0,0,0,0,0,0,-363000,0,0,0,5000,368000,-363000,-363000
3703,欣陸            ,847000,1317000,-470000,0,0,0,0,0,0,106000,106000,0,106000,0,0,0,-364000
2542,興富發          ,696000,1096000,-400000,0,0,0,0,0,0,36000,39000,9000,30000,6000,0,6000,-364000
060777,茂林凱基9C購01  ,0,0,0,0,0,0,0,0,0,-366000,0,0,0,18000,384000,-366000,-366000
056301,開發金元大9A購01,0,0,0,0,0,0,0,0,0,-366000,0,0,0,684000,1050000,-366000,-366000
065952,聯發科統一03購02,0,0,0,0,0,0,0,0,0,-366000,0,0,0,76000,442000,-366000,-366000
057544,鴻海凱基02購01  ,0,0,0,0,0,0,0,0,0,-367000,0,0,0,345000,712000,-367000,-367000
067619,臺股指凱基04購02,0,0,0,0,0,0,0,0,0,-367000,0,0,0,376000,743000,-367000,-367000
069638,百和元富03購01  ,0,0,0,0,0,0,0,0,0,-368000,0,0,0,28000,396000,-368000,-368000
03431P,聯詠元大02售06  ,0,0,0,0,0,0,0,0,0,-369000,0,0,0,21000,390000,-369000,-369000
066786,聯發科麥證01購05,0,0,0,10000,380000,-370000,0,0,0,-370000,0,0,0,10000,380000,-370000,-370000
065474,旺宏元大9C購06  ,0,0,0,0,0,0,0,0,0,-370000,0,0,0,86000,456000,-370000,-370000
066046,聯發科元大01購09,0,0,0,0,0,0,0,0,0,-371000,0,0,0,206000,577000,-371000,-371000
068922,TPK元富04購01   ,0,0,0,0,0,0,0,0,0,-372000,0,0,0,58000,430000,-372000,-372000
065907,南亞科永豐9C購01,0,0,0,0,0,0,0,0,0,-372000,0,0,0,0,372000,-372000,-372000
08860P,鴻海統一01售06  ,0,0,0,0,0,0,0,0,0,-372000,0,0,0,0,372000,-372000,-372000
064576,世紀鋼群益01購01,0,0,0,0,0,0,0,0,0,-373000,0,0,0,72000,445000,-373000,-373000
062062,貿聯統一01購01  ,0,0,0,0,0,0,0,0,0,-374000,0,0,0,445000,819000,-374000,-374000
067404,盛群永豐01購01  ,0,0,0,0,0,0,0,0,0,-374000,0,0,0,0,374000,-374000,-374000
08893P,京元電元大01售06,0,0,0,0,0,0,0,0,0,-374000,0,0,0,24000,398000,-374000,-374000
2355,敬鵬            ,155000,459000,-304000,0,0,0,0,0,0,-70000,18000,42000,-24000,0,46000,-46000,-374000
069837,華城群益02購01  ,0,0,0,0,0,0,0,0,0,-375000,0,0,0,17000,392000,-375000,-375000
03124P,台郡元大01售07  ,0,25000,-25000,0,0,0,0,0,0,-350000,0,0,0,71000,421000,-350000,-375000
067076,聯詠元大01購05  ,0,0,0,0,0,0,0,0,0,-375000,0,0,0,305000,680000,-375000,-375000
064404,奇力新凱基02購01,0,0,0,0,0,0,0,0,0,-376000,0,0,0,87000,463000,-376000,-376000
067991,旺宏元大01購04  ,0,0,0,0,0,0,0,0,0,-378000,0,0,0,100000,478000,-378000,-378000
066434,台虹元大01購01  ,0,0,0,0,0,0,0,0,0,-378000,0,0,0,578000,956000,-378000,-378000
065793,旭富永豐9C購02  ,0,0,0,0,0,0,0,0,0,-379000,0,0,0,112000,491000,-379000,-379000
065463,大立光中信01購02,0,0,0,0,0,0,0,0,0,-380000,0,0,0,12000,392000,-380000,-380000
03364P,金像電元大02售05,0,0,0,0,0,0,0,0,0,-382000,0,0,0,115000,497000,-382000,-382000
065529,聯發科中信01購04,0,0,0,0,0,0,0,0,0,-382000,0,0,0,1000,383000,-382000,-382000
6197,佳必琪          ,239000,622000,-383000,0,0,0,0,0,0,1000,51000,50000,1000,0,0,0,-382000
1325,恆大            ,728000,1116000,-388000,0,0,0,0,0,0,6000,1000,0,1000,15000,10000,5000,-382000
058161,T50反1日盛03購01,0,0,0,0,0,0,0,0,0,-383000,0,0,0,0,383000,-383000,-383000
063755,上銀統一9C購03  ,0,0,0,0,0,0,0,0,0,-385000,0,0,0,542000,927000,-385000,-385000
066685,T50反1元富07購02,0,0,0,0,0,0,0,0,0,-385000,0,0,0,0,385000,-385000,-385000
03259P,聯發科康和02售01,0,0,0,0,0,0,0,0,0,-386000,0,0,0,1041000,1427000,-386000,-386000
6230,超眾            ,185000,245000,-60000,0,0,0,0,0,0,-327000,6000,15000,-9000,14000,332000,-318000,-387000
062171,中磊永豐9B購01  ,0,0,0,0,0,0,0,0,0,-388000,0,0,0,12000,400000,-388000,-388000
063671,GIS統一01購01   ,0,0,0,0,0,0,0,0,0,-388000,0,0,0,180000,568000,-388000,-388000
07898P,國巨國泰9C售02  ,0,0,0,0,0,0,0,0,0,-389000,0,0,0,10000,399000,-389000,-389000
064999,T50反1國票9C購03,0,0,0,0,0,0,0,0,0,-390000,0,0,0,20000,410000,-390000,-390000
2331,精英            ,478000,894000,-416000,0,0,0,0,0,0,26000,47000,21000,26000,0,0,0,-390000
08867P,欣興凱基01售03  ,0,0,0,0,0,0,0,0,0,-390000,0,0,0,10000,400000,-390000,-390000
068868,聯發科台新02購02,0,0,0,0,0,0,0,0,0,-391000,0,0,0,0,391000,-391000,-391000
068990,建準永豐02購01  ,0,0,0,0,0,0,0,0,0,-392000,0,0,0,139000,531000,-392000,-392000
058772,茂林兆豐9A購01  ,0,0,0,0,0,0,0,0,0,-392000,0,0,0,41000,433000,-392000,-392000
063354,茂林元富9B購02  ,0,0,0,0,0,0,0,0,0,-393000,0,0,0,200000,593000,-393000,-393000
2383,台光電          ,201200,608000,-406800,0,0,0,0,1000,-1000,14000,39000,18000,21000,7000,14000,-7000,-393800
068811,臺指反元大05購02,0,0,0,0,0,0,0,0,0,-394000,0,0,0,0,394000,-394000,-394000
06733P,鴻海凱基99售02  ,0,0,0,0,0,0,0,0,0,-394000,0,0,0,0,394000,-394000,-394000
069675,旺宏元大02購02  ,0,0,0,0,0,0,0,0,0,-397000,0,0,0,19000,416000,-397000,-397000
1536,和大            ,175000,531000,-356000,0,0,0,0,0,0,-41000,7000,10000,-3000,4000,42000,-38000,-397000
069743,華碩永豐02購01  ,0,0,0,0,0,0,0,0,0,-398000,0,0,0,107000,505000,-398000,-398000
062390,元黃金富邦9C購01,0,0,0,0,0,0,0,0,0,-398000,0,0,0,6000,404000,-398000,-398000
067466,元金2X元大03購01,0,0,0,0,0,0,0,0,0,-398000,0,0,0,132000,530000,-398000,-398000
08396P,鴻海元富9C售04  ,0,0,0,0,0,0,0,0,0,-399000,0,0,0,0,399000,-399000,-399000
08993P,彩晶元大01售02  ,0,0,0,0,0,0,0,0,0,-399000,0,0,0,62000,461000,-399000,-399000
069700,TPK元富03購02   ,0,0,0,0,0,0,0,0,0,-400000,0,0,0,0,400000,-400000,-400000
060807,新光金群益9A購01,0,0,0,0,0,0,0,0,0,-400000,0,0,0,0,400000,-400000,-400000
061986,晶豪科元大9B購01,0,0,0,0,0,0,0,0,0,-400000,0,0,0,341000,741000,-400000,-400000
03310P,聯詠凱基02售05  ,0,0,0,0,0,0,0,0,0,-402000,0,0,0,55000,457000,-402000,-402000
063657,茂林元富9B購04  ,0,0,0,0,0,0,0,0,0,-402000,0,0,0,160000,562000,-402000,-402000
03410P,聯發科元大02售15,0,0,0,0,0,0,0,0,0,-404000,0,0,0,2006000,2410000,-404000,-404000
064367,貿聯統一01購02  ,0,0,0,0,0,0,0,0,0,-404000,0,0,0,369000,773000,-404000,-404000
067365,美利達群益01購03,0,0,0,0,0,0,0,0,0,-405000,0,0,0,106000,511000,-405000,-405000
068514,聯發科統一03購09,0,0,0,0,0,0,0,0,0,-406000,0,0,0,0,406000,-406000,-406000
056369,彩晶元大01購01  ,0,0,0,0,0,0,0,0,0,-406000,0,0,0,357000,763000,-406000,-406000
060413,東元永豐9A購01  ,0,0,0,0,0,0,0,0,0,-406000,0,0,0,18000,424000,-406000,-406000
064253,貿聯元富9C購01  ,0,0,0,0,0,0,0,0,0,-408000,0,0,0,199000,607000,-408000,-408000
067180,為升凱基02購01  ,0,0,0,0,0,0,0,0,0,-409000,0,0,0,352000,761000,-409000,-409000
08078P,聯發科國票9B售04,0,0,0,0,0,0,0,0,0,-410000,0,0,0,0,410000,-410000,-410000
066553,大立光元大01購09,0,0,0,0,0,0,0,0,0,-411000,0,0,0,83000,494000,-411000,-411000
069373,華新元大02購01  ,0,0,0,0,0,0,0,0,0,-414000,0,0,0,686000,1100000,-414000,-414000
059298,大立光元富9C購02,0,0,0,0,0,0,0,0,0,-414000,0,0,0,203000,617000,-414000,-414000
03071P,GIS群益01售02   ,0,0,0,0,0,0,0,0,0,-415000,0,0,0,0,415000,-415000,-415000
068824,緯創元大02購02  ,0,0,0,0,0,0,0,0,0,-417000,0,0,0,16000,433000,-417000,-417000
068795,上緯控凱基02購02,0,0,0,0,0,0,0,0,0,-417000,0,0,0,10000,427000,-417000,-417000
057240,茂林凱基9A購01  ,0,0,0,0,0,0,0,0,0,-417000,0,0,0,35000,452000,-417000,-417000
2536,宏普            ,43000,526000,-483000,0,0,0,0,0,0,66000,66000,0,66000,0,0,0,-417000
03050X,元展47          ,0,0,0,0,0,0,0,0,0,-418000,0,0,0,0,418000,-418000,-418000
068562,台積電元大03購02,0,0,0,0,0,0,0,0,0,-420000,0,0,0,1495000,1915000,-420000,-420000
061938,大立光國票9B購03,0,0,0,0,0,0,0,0,0,-420000,0,0,0,0,420000,-420000,-420000
067109,晶豪科群益01購01,0,0,0,0,0,0,0,0,0,-421000,0,0,0,60000,481000,-421000,-421000
066914,樺漢凱基02購01  ,0,0,0,0,0,0,0,0,0,-421000,0,0,0,20000,441000,-421000,-421000
068560,台積電元大01購51,0,0,0,0,0,0,0,0,0,-422000,0,0,0,962000,1384000,-422000,-422000
1609,大亞            ,6256000,6675000,-419000,0,0,0,0,0,0,-3000,0,3000,-3000,0,0,0,-422000
064470,世紀鋼元富03購01,0,0,0,0,0,0,0,0,0,-423000,0,0,0,175000,598000,-423000,-423000
08622P,緯創群益9C售03  ,0,0,0,0,0,0,0,0,0,-423000,0,0,0,20000,443000,-423000,-423000
08873P,欣興永豐01售01  ,0,0,0,0,0,0,0,0,0,-425000,0,0,0,180000,605000,-425000,-425000
067373,聯發科統一03購04,0,0,0,0,0,0,0,0,0,-426000,0,0,0,30000,456000,-426000,-426000
064723,大立光統一02購04,0,0,0,0,0,0,0,0,0,-429000,0,0,0,0,429000,-429000,-429000
2912,統一超          ,655052,887240,-232188,0,0,0,0,0,0,-197000,3000,200000,-197000,0,0,0,-429188
08026P,臺股指凱基9B售12,0,0,0,0,0,0,0,0,0,-430000,0,0,0,0,430000,-430000,-430000
067682,上緯控元大01購02,0,0,0,0,0,0,0,0,0,-430000,0,0,0,404000,834000,-430000,-430000
065685,同欣電統一01購04,0,0,0,0,0,0,0,0,0,-430000,0,0,0,41000,471000,-430000,-430000
08955P,台灣50凱基04售09,0,0,0,0,0,0,0,0,0,-430000,0,0,0,50000,480000,-430000,-430000
08696P,臺股指群益01售01,0,0,0,0,0,0,0,0,0,-430000,0,0,0,0,430000,-430000,-430000
08986P,聯發科元富07售06,0,0,0,0,0,0,0,0,0,-431000,0,0,0,112000,543000,-431000,-431000
08534P,玉晶光元富06售02,0,0,0,0,0,0,0,0,0,-432000,0,0,0,20000,452000,-432000,-432000
067996,南亞科元大01購02,0,0,0,0,0,0,0,0,0,-432000,0,0,0,370000,802000,-432000,-432000
057282,大立光元大99購06,0,0,0,0,0,0,0,0,0,-433000,0,0,0,77000,510000,-433000,-433000
065675,茂林凱基03購01  ,0,0,0,0,0,0,0,0,0,-434000,0,0,0,15000,449000,-434000,-434000
068674,聯發科統一03購12,0,0,0,0,0,0,0,0,0,-435000,0,0,0,20000,455000,-435000,-435000
08213P,台光電統一9B售03,0,0,0,0,0,0,0,0,0,-435000,0,0,0,38000,473000,-435000,-435000
069634,欣興元富08購02  ,0,0,0,0,0,0,0,0,0,-435000,0,0,0,181000,616000,-435000,-435000
067610,上緯控凱基02購01,0,0,0,0,0,0,0,0,0,-435000,0,0,0,265000,700000,-435000,-435000
08096P,大立光元富9B售04,0,0,0,0,0,0,0,0,0,-436000,0,0,0,158000,594000,-436000,-436000
068011,台表科元大01購05,0,0,0,0,0,0,0,0,0,-437000,0,0,0,335000,772000,-437000,-437000
3406,玉晶光          ,1601320,1558020,43300,0,0,0,4000,135000,-131000,-352000,99000,326000,-227000,36000,161000,-125000,-439700
08272P,鴻海元富9C售02  ,0,0,0,0,0,0,0,0,0,-442000,0,0,0,0,442000,-442000,-442000
064788,台汽電群益9C購01,0,0,0,0,0,0,0,0,0,-444000,0,0,0,0,444000,-444000,-444000
066841,臺指反元大04購06,0,0,0,0,0,0,0,0,0,-444000,0,0,0,0,444000,-444000,-444000
08761P,聯詠元大01售02  ,0,0,0,0,0,0,0,0,0,-445000,0,0,0,155000,600000,-445000,-445000
061892,亞德客永豐9B購01,0,0,0,0,0,0,0,0,0,-447000,0,0,0,2000,449000,-447000,-447000
069782,百和元大02購01  ,2000,0,2000,0,0,0,0,0,0,-450000,0,0,0,0,450000,-450000,-448000
062867,東元中信9B購01  ,0,0,0,0,0,0,0,0,0,-449000,0,0,0,10000,459000,-449000,-449000
064538,鈺齊國票01購01  ,0,0,0,0,0,0,0,0,0,-449000,0,0,0,227000,676000,-449000,-449000
5215,科嘉-KY         ,624000,829000,-205000,0,0,0,0,171000,-171000,-73000,3000,76000,-73000,0,0,0,-449000
064970,東元元大9C購01  ,0,0,0,0,0,0,0,0,0,-451000,0,0,0,8000,459000,-451000,-451000
065782,健策富邦01購02  ,0,0,0,0,0,0,0,0,0,-451000,0,0,0,415000,866000,-451000,-451000
1210,大成            ,580000,1023000,-443000,0,0,0,150000,0,150000,-159000,10000,32000,-22000,0,137000,-137000,-452000
069390,申豐元大02購01  ,0,0,0,0,0,0,0,0,0,-453000,0,0,0,1110000,1563000,-453000,-453000
066614,貿聯麥證01購01  ,0,0,0,150000,603000,-453000,0,0,0,-453000,0,0,0,150000,603000,-453000,-453000
061819,茂林群益9B購01  ,0,0,0,0,0,0,0,0,0,-454000,0,0,0,112000,566000,-454000,-454000
067222,申豐元大01購01  ,0,0,0,0,0,0,0,0,0,-459000,0,0,0,325000,784000,-459000,-459000
065961,東元元大04購01  ,0,0,0,0,0,0,0,0,0,-459000,0,0,0,20000,479000,-459000,-459000
2314,台揚            ,126000,590000,-464000,0,0,0,0,0,0,2000,2000,0,2000,0,0,0,-462000
065778,南亞科國泰01購01,0,0,0,0,0,0,0,0,0,-464000,0,0,0,2000,466000,-464000,-464000
068530,瀚宇博元富04購02,0,0,0,0,0,0,0,0,0,-465000,0,0,0,231000,696000,-465000,-465000
067183,友訊凱基02購01  ,0,0,0,0,0,0,0,0,0,-469000,0,0,0,0,469000,-469000,-469000
054827,宏全元大9A購01  ,0,0,0,0,0,0,0,0,0,-472000,0,0,0,107000,579000,-472000,-472000
068195,瑞昱凱基02購02  ,0,0,0,0,0,0,0,0,0,-473000,0,0,0,77000,550000,-473000,-473000
065034,玉晶光統一01購11,0,0,0,0,0,0,0,0,0,-473000,0,0,0,696000,1169000,-473000,-473000
3450,聯鈞            ,336000,671000,-335000,0,0,0,0,69000,-69000,-69000,0,0,0,27000,96000,-69000,-473000
3698,隆達            ,650000,1134000,-484000,0,0,0,0,0,0,10000,68000,58000,10000,0,0,0,-474000
03190P,日月光元大01售05,0,0,0,0,0,0,0,0,0,-475000,0,0,0,5000,480000,-475000,-475000
058261,大立光富邦03購01,0,0,0,0,0,0,0,0,0,-475000,0,0,0,0,475000,-475000,-475000
03445P,聯詠群益02售02  ,0,0,0,0,0,0,0,0,0,-476000,0,0,0,0,476000,-476000,-476000
08371P,京元電凱基9C售01,0,0,0,0,0,0,0,0,0,-477000,0,0,0,10000,487000,-477000,-477000
067063,為升元大01購01  ,0,0,0,0,0,0,0,0,0,-478000,0,0,0,716000,1194000,-478000,-478000
067760,旭富永豐01購01  ,0,0,0,0,0,0,0,0,0,-478000,0,0,0,193000,671000,-478000,-478000
065372,漢唐元大9C購02  ,0,0,0,0,0,0,0,0,0,-478000,0,0,0,103000,581000,-478000,-478000
068533,台郡元富07購03  ,0,0,0,0,0,0,0,0,0,-479000,0,0,0,20000,499000,-479000,-479000
08803P,鴻海元富07售08  ,0,0,0,0,0,0,0,0,0,-482000,0,0,0,0,482000,-482000,-482000
063133,喬山統一01購01  ,0,0,0,0,0,0,0,0,0,-483000,0,0,0,455000,938000,-483000,-483000
067776,巨大統一03購02  ,0,0,0,0,0,0,0,0,0,-484000,0,0,0,30000,514000,-484000,-484000
065955,健鼎統一01購03  ,0,0,0,0,0,0,0,0,0,-486000,0,0,0,233000,719000,-486000,-486000
08152P,祥碩統一9B售02  ,0,0,0,0,0,0,0,0,0,-487000,0,0,0,3000,490000,-487000,-487000
068493,聯發科元大01購30,0,0,0,0,0,0,0,0,0,-488000,0,0,0,102000,590000,-488000,-488000
069014,茂林兆豐03購01  ,0,0,0,0,0,0,0,0,0,-490000,0,0,0,701000,1191000,-490000,-490000
069689,彩晶元大02購01  ,0,0,0,0,0,0,0,0,0,-490000,0,0,0,108000,598000,-490000,-490000
063630,智邦元大9B購09  ,0,0,0,0,0,0,0,0,0,-490000,0,0,0,224000,714000,-490000,-490000
063536,美食統一01購01  ,0,0,0,0,0,0,0,0,0,-491000,0,0,0,93000,584000,-491000,-491000
067998,聯發科元大01購22,0,0,0,0,0,0,0,0,0,-494000,0,0,0,69000,563000,-494000,-494000
064853,亞德客麥證9C購01,0,0,0,0,495000,-495000,0,0,0,-495000,0,0,0,0,495000,-495000,-495000
061960,國巨統一01購05  ,0,0,0,0,0,0,0,0,0,-495000,0,0,0,0,495000,-495000,-495000
068403,南亞科元富07購01,0,0,0,0,0,0,0,0,0,-496000,0,0,0,0,496000,-496000,-496000
07378P,大立光元大99售29,0,0,0,0,0,0,0,0,0,-496000,0,0,0,0,496000,-496000,-496000
064048,大立光統一9C購07,0,0,0,0,0,0,0,0,0,-498000,0,0,0,705000,1203000,-498000,-498000
061868,旺宏元大9B購03  ,0,0,0,0,0,0,0,0,0,-498000,0,0,0,0,498000,-498000,-498000
065702,聯發科群益9C購14,0,0,0,0,0,0,0,0,0,-498000,0,0,0,10000,508000,-498000,-498000
08331P,義隆元富9C售02  ,0,0,0,0,0,0,0,0,0,-499000,0,0,0,0,499000,-499000,-499000
068532,台郡元富07購02  ,0,0,0,0,0,0,0,0,0,-499000,0,0,0,0,499000,-499000,-499000
068927,台達電永豐02購01,0,0,0,0,0,0,0,0,0,-499000,0,0,0,0,499000,-499000,-499000
08710P,鴻海元富07售03  ,0,0,0,0,0,0,0,0,0,-499000,0,0,0,24000,523000,-499000,-499000
068753,聯發科國泰06購01,0,0,0,0,0,0,0,0,0,-500000,0,0,0,134000,634000,-500000,-500000
08320P,智邦統一9C售02  ,0,0,0,0,0,0,0,0,0,-500000,0,0,0,0,500000,-500000,-500000
063675,亞德客國泰01購01,0,0,0,0,0,0,0,0,0,-501000,0,0,0,23000,524000,-501000,-501000
064049,信邦統一01購01  ,0,0,0,0,0,0,0,0,0,-501000,0,0,0,1000,502000,-501000,-501000
065083,南亞科元大01購01,0,0,0,0,0,0,0,0,0,-501000,0,0,0,41000,542000,-501000,-501000
065084,南亞科元大9C購08,0,0,0,0,0,0,0,0,0,-502000,0,0,0,0,502000,-502000,-502000
07964P,大立光統一9B售12,0,0,0,0,0,0,0,0,0,-504000,0,0,0,0,504000,-504000,-504000
067850,台郡元富07購01  ,0,0,0,0,0,0,0,0,0,-504000,0,0,0,0,504000,-504000,-504000
08434P,臺股指凱基03售02,0,0,0,0,0,0,0,0,0,-507000,0,0,0,75000,582000,-507000,-507000
068518,大立光統一01購10,0,0,0,0,0,0,0,0,0,-508000,0,0,0,22000,530000,-508000,-508000
069741,聯強永豐02購01  ,0,0,0,0,0,0,0,0,0,-510000,0,0,0,0,510000,-510000,-510000
069912,百和元大02購02  ,0,0,0,0,0,0,0,0,0,-510000,0,0,0,7000,517000,-510000,-510000
068229,聯發科元富07購09,0,0,0,0,0,0,0,0,0,-511000,0,0,0,115000,626000,-511000,-511000
03116P,玉晶光康和01售02,0,0,0,0,0,0,0,0,0,-512000,0,0,0,6000,518000,-512000,-512000
068624,聯發科群益02購08,0,0,0,0,0,0,0,0,0,-513000,0,0,0,2000,515000,-513000,-513000
065679,聯發科統一03購01,0,0,0,0,0,0,0,0,0,-513000,0,0,0,19000,532000,-513000,-513000
08243P,祥碩凱基9C售02  ,0,0,0,0,0,0,0,0,0,-516000,0,0,0,585000,1101000,-516000,-516000
063846,智邦元大9C購01  ,0,0,0,0,0,0,0,0,0,-517000,0,0,0,195000,712000,-517000,-517000
063589,美食永豐9B購02  ,0,0,0,0,0,0,0,0,0,-519000,0,0,0,20000,539000,-519000,-519000
069552,玉晶光元大03購11,0,0,0,0,0,0,0,0,0,-520000,0,0,0,9000,529000,-520000,-520000
066694,深中小群益03購01,0,0,0,0,0,0,0,0,0,-520000,0,0,0,333000,853000,-520000,-520000
9188,精熙-DR         ,33000,554000,-521000,0,0,0,0,0,0,0,0,0,0,0,0,0,-521000
061597,南六永豐9A購04  ,0,0,0,0,0,0,0,0,0,-524000,0,0,0,27000,551000,-524000,-524000
08571P,台積電兆豐9C售06,0,0,0,0,0,0,0,0,0,-525000,0,0,0,0,525000,-525000,-525000
08388P,台灣50中信03售09,0,0,0,0,0,0,0,0,0,-526000,0,0,0,94000,620000,-526000,-526000
067849,瀚宇博元富04購01,0,0,0,0,0,0,0,0,0,-526000,0,0,0,478000,1004000,-526000,-526000
063147,東元元富9B購01  ,0,0,0,0,0,0,0,0,0,-527000,0,0,0,78000,605000,-527000,-527000
2338,光罩            ,104000,511000,-407000,0,0,0,0,0,0,-120000,1000,0,1000,1000,122000,-121000,-527000
063220,建準群益9B購01  ,0,0,0,0,0,0,0,0,0,-529000,0,0,0,58000,587000,-529000,-529000
063497,東元永豐9B購01  ,0,0,0,0,0,0,0,0,0,-533000,0,0,0,0,533000,-533000,-533000
064916,玉山金統一02購01,0,0,0,0,0,0,0,0,0,-533000,0,0,0,887000,1420000,-533000,-533000
8046,南電            ,3154000,3951170,-797170,0,0,0,600000,339000,261000,2000,333000,380000,-47000,198000,149000,49000,-534170
3047,訊舟            ,1061000,1726000,-665000,0,0,0,0,0,0,125000,126000,1000,125000,0,0,0,-540000
08617P,緯創元富9C售03  ,0,0,0,0,0,0,0,0,0,-541000,0,0,0,20000,561000,-541000,-541000
068190,台積電凱基01購20,0,0,0,0,0,0,0,0,0,-544000,0,0,0,162000,706000,-544000,-544000
1464,得力            ,59000,351000,-292000,0,0,0,0,0,0,-252000,0,0,0,0,252000,-252000,-544000
047564,滬深2X國票99購01,0,0,0,0,0,0,0,0,0,-545000,0,0,0,1050000,1595000,-545000,-545000
063659,世紀鋼元富9B購01,0,0,0,0,0,0,0,0,0,-545000,0,0,0,109000,654000,-545000,-545000
06950P,鴻海統一9B售02  ,0,0,0,0,0,0,0,0,0,-547000,0,0,0,0,547000,-547000,-547000
069385,華擎元大02購03  ,0,0,0,0,0,0,0,0,0,-549000,0,0,0,763000,1312000,-549000,-549000
059140,大立光兆豐9A購02,0,0,0,0,0,0,0,0,0,-551000,0,0,0,107000,658000,-551000,-551000
064813,祥碩元大9C購05  ,0,0,0,0,0,0,0,0,0,-552000,0,0,0,111000,663000,-552000,-552000
065119,大立光富邦03購03,0,0,0,0,0,0,0,0,0,-552000,0,0,0,186000,738000,-552000,-552000
062008,南亞科國泰9C購01,0,0,0,0,0,0,0,0,0,-552000,0,0,0,0,552000,-552000,-552000
066997,樺漢國泰03購01  ,0,0,0,0,0,0,0,0,0,-552000,0,0,0,287000,839000,-552000,-552000
065021,貿聯富邦03購01  ,0,0,0,0,0,0,0,0,0,-555000,0,0,0,548000,1103000,-555000,-555000
066236,潤泰全富邦01購01,0,0,0,0,0,0,0,0,0,-555000,0,0,0,90000,645000,-555000,-555000
1760,寶齡富錦        ,774000,1415000,-641000,0,0,0,100000,0,100000,-14000,5000,19000,-14000,0,0,0,-555000
064936,世紀鋼統一9C購02,0,0,0,0,0,0,0,0,0,-559000,0,0,0,225000,784000,-559000,-559000
068513,聯發科統一03購08,0,0,0,0,0,0,0,0,0,-565000,0,0,0,10000,575000,-565000,-565000
2464,盟立            ,199000,697000,-498000,0,0,0,0,0,0,-67000,1000,10000,-9000,2000,60000,-58000,-565000
059503,大立光富邦9B購04,0,0,0,0,0,0,0,0,0,-567000,0,0,0,22000,589000,-567000,-567000
2855,統一證          ,220000,788000,-568000,0,0,0,0,0,0,0,0,0,0,0,0,0,-568000
3376,新日興          ,270000,312000,-42000,0,0,0,0,500000,-500000,-26000,19000,31000,-12000,0,14000,-14000,-568000
065237,茂林凱基01購01  ,0,0,0,0,0,0,0,0,0,-573000,0,0,0,90000,663000,-573000,-573000
2014,中鴻            ,506000,1092000,-586000,0,0,0,0,0,0,10000,10000,0,10000,0,0,0,-576000
067590,茂林群益01購01  ,0,0,0,0,0,0,0,0,0,-577000,0,0,0,0,577000,-577000,-577000
067968,大立光群益01購10,0,0,0,0,0,0,0,0,0,-579000,0,0,0,43000,622000,-579000,-579000
066241,瑞祺富邦03購01  ,0,0,0,0,0,0,0,0,0,-582000,0,0,0,467000,1049000,-582000,-582000
08983P,玉晶光凱基01售06,0,0,0,0,0,0,0,0,0,-586000,0,0,0,78000,664000,-586000,-586000
068308,強茂國票01購01  ,0,0,0,0,0,0,0,0,0,-587000,0,0,0,352000,939000,-587000,-587000
08492P,大立光元大9C售22,0,0,0,0,0,0,0,0,0,-590000,0,0,0,225000,815000,-590000,-590000
3016,嘉晶            ,2147000,2506000,-359000,0,0,0,0,0,0,-231000,32000,30000,2000,144000,377000,-233000,-590000
08530P,鴻海統一9C售19  ,0,0,0,0,0,0,0,0,0,-591000,0,0,0,0,591000,-591000,-591000
066902,台泥凱基01購01  ,0,0,0,0,0,0,0,0,0,-591000,0,0,0,124000,715000,-591000,-591000
063225,茂林群益9B購04  ,0,0,0,0,0,0,0,0,0,-592000,0,0,0,60000,652000,-592000,-592000
08366P,祥碩凱基9C售04  ,0,0,0,0,0,0,0,0,0,-594000,0,0,0,31000,625000,-594000,-594000
063148,建準元富9B購01  ,0,0,0,0,0,0,0,0,0,-594000,0,0,0,216000,810000,-594000,-594000
062129,世紀鋼統一02購01,0,0,0,0,0,0,0,0,0,-598000,0,0,0,437000,1035000,-598000,-598000
061796,興勤永豐9B購01  ,0,0,0,0,0,0,0,0,0,-605000,0,0,0,278000,883000,-605000,-605000
08377P,臻鼎元富9C售02  ,0,0,0,0,0,0,0,0,0,-606000,0,0,0,48000,654000,-606000,-606000
03099P,玉晶光凱基03售01,0,0,0,0,0,0,0,0,0,-610000,0,0,0,20000,630000,-610000,-610000
068126,樺漢元富07購01  ,0,0,0,0,0,0,0,0,0,-614000,0,0,0,108000,722000,-614000,-614000
062979,茂林元富9B購01  ,0,0,0,0,0,0,0,0,0,-614000,0,0,0,238000,852000,-614000,-614000
069055,台表科元富08購01,0,0,0,0,0,0,0,0,0,-615000,0,0,0,20000,635000,-615000,-615000
060183,南亞科元富9A購01,0,0,0,0,0,0,0,0,0,-615000,0,0,0,0,615000,-615000,-615000
068402,群光元富03購01  ,0,0,0,0,0,0,0,0,0,-616000,0,0,0,60000,676000,-616000,-616000
6271,同欣電          ,185000,798000,-613000,0,0,0,80000,0,80000,-84000,41000,76000,-35000,25000,74000,-49000,-617000
03117P,南電康和01售03  ,0,0,0,0,0,0,0,0,0,-619000,0,0,0,92000,711000,-619000,-619000
069463,智伸科兆豐03購02,0,0,0,0,0,0,0,0,0,-623000,0,0,0,91000,714000,-623000,-623000
067322,達方元大01購01  ,0,0,0,0,0,0,0,0,0,-626000,0,0,0,1308000,1934000,-626000,-626000
2323,中環            ,1087000,1419000,-332000,0,0,0,0,0,0,-294000,16000,34000,-18000,122000,398000,-276000,-626000
2013,中鋼構          ,325000,953000,-628000,0,0,0,0,0,0,0,0,0,0,0,0,0,-628000
1434,福懋            ,842000,1447678,-605678,0,0,0,1000,0,1000,-25000,6000,0,6000,0,31000,-31000,-629678
069329,世紀鋼兆豐04購01,0,0,0,0,0,0,0,0,0,-630000,0,0,0,36000,666000,-630000,-630000
067450,聯發科國票02購01,0,0,0,0,0,0,0,0,0,-633000,0,0,0,10000,643000,-633000,-633000
08975P,欣興群益01售05  ,0,0,0,0,0,0,0,0,0,-639000,0,0,0,162000,801000,-639000,-639000
3008,大立光          ,260350,843301,-582951,0,0,0,90,1000,-910,-65000,7000,43000,-36000,7000,36000,-29000,-648861
068709,上緯控國票03購01,0,0,0,0,0,0,0,0,0,-649000,0,0,0,254000,903000,-649000,-649000
2484,希華            ,348000,999000,-651000,0,0,0,0,0,0,1000,1000,0,1000,0,0,0,-650000
066869,聯發科元富07購02,0,0,0,0,0,0,0,0,0,-651000,0,0,0,89000,740000,-651000,-651000
065853,智伸科元大9C購02,0,0,0,0,0,0,0,0,0,-652000,0,0,0,56000,708000,-652000,-652000
0050,元大台灣50      ,315000,151000,164000,0,0,0,188000,0,188000,-1005000,197000,0,197000,480000,1682000,-1202000,-653000
062332,大立光統一9B購11,0,0,0,0,0,0,0,0,0,-663000,0,0,0,316000,979000,-663000,-663000
2402,毅嘉            ,197000,861000,-664000,0,0,0,0,0,0,0,8000,8000,0,0,0,0,-664000
6213,聯茂            ,361000,444000,-83000,0,0,0,0,570000,-570000,-12000,10000,6000,4000,9000,25000,-16000,-665000
2328,廣宇            ,120000,807000,-687000,0,0,0,0,0,0,21000,23000,2000,21000,0,0,0,-666000
060719,瀚宇博永豐9A購01,0,0,0,0,0,0,0,0,0,-671000,0,0,0,108000,779000,-671000,-671000
066587,台船群益01購01  ,0,0,0,0,0,0,0,0,0,-671000,0,0,0,166000,837000,-671000,-671000
066879,智伸科富邦03購01,0,0,0,0,0,0,0,0,0,-672000,0,0,0,263000,935000,-672000,-672000
068498,玉晶光元大01購16,0,0,0,0,0,0,0,0,0,-673000,0,0,0,142000,815000,-673000,-673000
068060,聯發科中信04購01,0,0,0,0,0,0,0,0,0,-673000,0,0,0,106000,779000,-673000,-673000
065704,華新科群益9C購05,0,0,0,0,0,0,0,0,0,-673000,0,0,0,84000,757000,-673000,-673000
2455,全新            ,204000,475000,-271000,0,0,0,0,259000,-259000,-147000,11000,22000,-11000,6000,142000,-136000,-677000
08750P,台灣50群益01售04,0,0,0,0,0,0,0,0,0,-678000,0,0,0,253000,931000,-678000,-678000
03493P,世紀鋼元大02售02,0,0,0,0,0,0,0,0,0,-680000,0,0,0,0,680000,-680000,-680000
08563P,金像電元富9C售03,0,0,0,0,0,0,0,0,0,-685000,0,0,0,381000,1066000,-685000,-685000
069175,惠特元大02購02  ,0,0,0,0,0,0,0,0,0,-690000,0,0,0,238000,928000,-690000,-690000
067478,興勤元大01購01  ,0,0,0,0,0,0,0,0,0,-691000,0,0,0,996000,1687000,-691000,-691000
069594,宏碁國票03購01  ,0,0,0,0,0,0,0,0,0,-694000,0,0,0,264000,958000,-694000,-694000
065817,聯發科元富03購08,0,0,0,0,0,0,0,0,0,-694000,0,0,0,33000,727000,-694000,-694000
068581,台積電永豐01購05,0,0,0,0,0,0,0,0,0,-702000,0,0,0,719000,1421000,-702000,-702000
068529,貿聯元富07購01  ,0,0,0,0,0,0,0,0,0,-704000,0,0,0,77000,781000,-704000,-704000
060212,華航康和9A購01  ,0,0,0,0,0,0,0,0,0,-704000,0,0,0,96000,800000,-704000,-704000
065621,聯發科第一9C購01,0,0,0,0,0,0,0,0,0,-706000,0,0,0,0,706000,-706000,-706000
061518,達方永豐9A購02  ,0,0,0,0,0,0,0,0,0,-717000,0,0,0,53000,770000,-717000,-717000
067212,聯發科元大02購02,0,0,0,0,0,0,0,0,0,-717000,0,0,0,763000,1480000,-717000,-717000
03406P,大立光群益02售07,0,0,0,0,0,0,0,0,0,-722000,0,0,0,15000,737000,-722000,-722000
068865,茂林元富08購01  ,0,0,0,0,0,0,0,0,0,-729000,0,0,0,323000,1052000,-729000,-729000
069051,聯發科元富08購03,0,0,0,0,0,0,0,0,0,-731000,0,0,0,75000,806000,-731000,-731000
069190,上銀統一03購02  ,0,0,0,0,0,0,0,0,0,-739000,0,0,0,174000,913000,-739000,-739000
069117,聯發科群益02購13,0,0,0,0,0,0,0,0,0,-746000,0,0,0,0,746000,-746000,-746000
068817,聯發科元大02購05,0,0,0,0,0,0,0,0,0,-747000,0,0,0,409000,1156000,-747000,-747000
069327,樺漢兆豐03購01  ,0,0,0,0,0,0,0,0,0,-749000,0,0,0,79000,828000,-749000,-749000
067835,微星統一02購02  ,0,0,0,0,0,0,0,0,0,-751000,0,0,0,738000,1489000,-751000,-751000
2404,漢唐            ,130000,861920,-731920,0,0,0,0,0,0,-20000,1000,9000,-8000,2000,14000,-12000,-751920
057577,廣宇中信9A購01  ,0,0,0,0,0,0,0,0,0,-753000,0,0,0,200000,953000,-753000,-753000
00715L,街口布蘭特油正2 ,0,0,0,0,0,0,0,0,0,-756000,0,0,0,0,756000,-756000,-756000
2892,第一金          ,9743323,10562314,-818991,0,0,0,0,0,0,62000,67000,5000,62000,0,0,0,-756991
2352,佳世達          ,1789000,3364000,-1575000,0,0,0,1300000,0,1300000,-487000,80000,258000,-178000,0,309000,-309000,-762000
066564,智伸科元大01購01,0,0,0,0,0,0,0,0,0,-765000,0,0,0,105000,870000,-765000,-765000
067800,SP黃豆凱基04購01,0,0,0,0,0,0,0,0,0,-770000,0,0,0,0,770000,-770000,-770000
065816,聯發科元富03購07,0,0,0,0,0,0,0,0,0,-774000,0,0,0,1097000,1871000,-774000,-774000
066117,茂林兆豐02購01  ,0,0,0,0,0,0,0,0,0,-777000,0,0,0,500000,1277000,-777000,-777000
03277P,聯發科中信04售03,0,0,0,0,0,0,0,0,0,-780000,0,0,0,30000,810000,-780000,-780000
067716,台船凱基01購01  ,0,0,0,0,0,0,0,0,0,-780000,0,0,0,70000,850000,-780000,-780000
069039,TPK統一04購01   ,0,0,0,0,0,0,0,0,0,-789000,0,0,0,132000,921000,-789000,-789000
068672,聯發科統一02購10,0,0,0,0,0,0,0,0,0,-791000,0,0,0,30000,821000,-791000,-791000
069381,強茂元大02購01  ,0,0,0,0,0,0,0,0,0,-792000,0,0,0,1422000,2214000,-792000,-792000
062328,南亞科統一9C購01,0,0,0,0,0,0,0,0,0,-793000,0,0,0,0,793000,-793000,-793000
1526,日馳            ,603000,1405000,-802000,0,0,0,0,0,0,0,0,0,0,0,0,0,-802000
068509,義隆台新01購01  ,0,0,0,0,0,0,0,0,0,-803000,0,0,0,0,803000,-803000,-803000
068276,訊連永豐01購02  ,0,0,0,0,0,0,0,0,0,-804000,0,0,0,215000,1019000,-804000,-804000
068220,聯發科統一04購01,0,0,0,0,0,0,0,0,0,-811000,0,0,0,163000,974000,-811000,-811000
067642,貿聯統一01購03  ,0,0,0,0,0,0,0,0,0,-811000,0,0,0,641000,1452000,-811000,-811000
6416,瑞祺電通        ,367000,1151000,-784000,0,0,0,100000,0,100000,-129000,105000,59000,46000,133000,308000,-175000,-813000
060360,南亞科元富9A購02,0,0,0,0,0,0,0,0,0,-819000,0,0,0,0,819000,-819000,-819000
067261,樺漢國票02購01  ,0,0,0,0,0,0,0,0,0,-819000,0,0,0,3000,822000,-819000,-819000
062383,大立光國泰01購01,0,0,0,0,0,0,0,0,0,-820000,0,0,0,50000,870000,-820000,-820000
069360,聯發科永豐02購03,0,0,0,0,0,0,0,0,0,-822000,0,0,0,30000,852000,-822000,-822000
08124P,臻鼎群益9B售02  ,0,0,0,0,0,0,0,0,0,-832000,0,0,0,28000,860000,-832000,-832000
2498,宏達電          ,491000,1327000,-836000,0,0,0,0,0,0,2000,15000,0,15000,23000,36000,-13000,-834000
1229,聯華            ,298000,1048000,-750000,0,0,0,1000,0,1000,-86440,105560,46000,59560,0,146000,-146000,-835440
2412,中華電          ,1403224,2293585,-890361,0,0,0,0,0,0,47000,43000,0,43000,7000,3000,4000,-843361
068933,奇鋐永豐02購01  ,0,0,0,0,0,0,0,0,0,-845000,0,0,0,51000,896000,-845000,-845000
066844,聯發科元大01購12,0,0,0,0,0,0,0,0,0,-848000,0,0,0,105000,953000,-848000,-848000
4943,康控-KY         ,90000,750000,-660000,0,0,0,0,0,0,-189000,2000,0,2000,20000,211000,-191000,-849000
2399,映泰            ,451000,1307000,-856000,0,0,0,0,0,0,0,0,0,0,0,0,0,-856000
065256,上銀元大9C購10  ,0,0,0,0,0,0,0,0,0,-857000,0,0,0,181000,1038000,-857000,-857000
08802P,聯發科元大01售14,0,0,0,0,0,0,0,0,0,-865000,0,0,0,273000,1138000,-865000,-865000
03382P,帆宣康和02售01  ,0,0,0,0,0,0,0,0,0,-873000,0,0,0,120000,993000,-873000,-873000
2387,精元            ,2268000,2717000,-449000,0,0,0,0,260000,-260000,-169000,58000,174000,-116000,4000,57000,-53000,-878000
07033P,大立光統一9B售03,0,0,0,0,0,0,0,0,0,-892000,0,0,0,38000,930000,-892000,-892000
07578P,高鐵元大9A售02  ,0,0,0,0,0,0,0,0,0,-898000,0,0,0,2000,900000,-898000,-898000
066197,鴻海統一02購02  ,0,0,0,0,0,0,0,0,0,-899000,0,0,0,3000,902000,-899000,-899000
08118P,嘉澤元富9B售02  ,0,0,0,0,0,0,0,0,0,-904000,0,0,0,59000,963000,-904000,-904000
067083,正文元大01購01  ,0,0,0,0,0,0,0,0,0,-908000,0,0,0,407000,1315000,-908000,-908000
2547,日勝生          ,323000,1232000,-909000,0,0,0,0,0,0,0,0,0,0,0,0,0,-909000
03199P,台積電統一01售16,0,0,0,0,0,0,0,0,0,-916000,0,0,0,0,916000,-916000,-916000
068092,聯發科群益01購10,0,0,0,0,0,0,0,0,0,-917000,0,0,0,34000,951000,-917000,-917000
00638R,元大滬深300反1  ,0,112000,-112000,0,0,0,0,0,0,-808000,0,0,0,122000,930000,-808000,-920000
066854,樺漢元大01購02  ,0,0,0,0,0,0,0,0,0,-923000,0,0,0,419000,1342000,-923000,-923000
063444,金像電統一03購01,0,0,0,0,0,0,0,0,0,-925000,0,0,0,504000,1429000,-925000,-925000
066020,東元群益01購01  ,0,0,0,0,0,0,0,0,0,-934000,0,0,0,109000,1043000,-934000,-934000
066531,智伸科元富01購01,0,0,0,0,0,0,0,0,0,-938000,0,0,0,215000,1153000,-938000,-938000
069420,樺漢統一03購03  ,0,0,0,0,0,0,0,0,0,-939000,0,0,0,395000,1334000,-939000,-939000
069094,金像電統一02購02,0,0,0,0,0,0,0,0,0,-942000,0,0,0,282000,1224000,-942000,-942000
2845,遠東銀          ,428000,1377000,-949000,0,0,0,0,0,0,0,0,0,0,0,0,0,-949000
08158P,嘉澤元富9B售03  ,0,0,0,0,0,0,0,0,0,-950000,0,0,0,73000,1023000,-950000,-950000
4746,台耀            ,793000,1354000,-561000,0,0,0,0,400000,-400000,9000,18000,9000,9000,0,0,0,-952000
065404,玉晶光國泰02購03,0,0,0,0,0,0,0,0,0,-955000,0,0,0,640000,1595000,-955000,-955000
063057,祥碩統一03購01  ,50000,50000,0,0,0,0,0,0,0,-957000,0,0,0,1263000,2220000,-957000,-957000
068131,聯發科統一02購09,0,0,0,0,0,0,0,0,0,-965000,0,0,0,850000,1815000,-965000,-965000
065179,同欣電元大02購01,0,0,0,0,0,0,0,0,0,-967000,0,0,0,58000,1025000,-967000,-967000
067383,樺漢統一03購02  ,0,0,0,0,0,0,0,0,0,-967000,0,0,0,678000,1645000,-967000,-967000
1717,長興            ,673000,2083000,-1410000,0,0,0,0,0,0,440000,420000,0,420000,35000,15000,20000,-970000
066713,台灣50元大01購21,0,0,0,0,0,0,0,0,0,-973000,0,0,0,0,973000,-973000,-973000
062215,華通統一9B購01  ,0,0,0,0,0,0,0,0,0,-978000,0,0,0,32000,1010000,-978000,-978000
08316P,祥碩元大9C售04  ,0,0,0,0,0,0,0,0,0,-980000,0,0,0,806000,1786000,-980000,-980000
067097,為升群益01購01  ,0,0,0,0,0,0,0,0,0,-981000,0,0,0,798000,1779000,-981000,-981000
067277,樺漢統一03購01  ,0,0,0,0,0,0,0,0,0,-983000,0,0,0,16000,999000,-983000,-983000
068228,聯發科元富07購08,0,0,0,0,0,0,0,0,0,-989000,0,0,0,116000,1105000,-989000,-989000
067303,聯發科元大02購03,0,0,0,0,0,0,0,0,0,-989000,0,0,0,9000,998000,-989000,-989000
1909,榮成            ,606000,1615000,-1009000,0,0,0,0,0,0,18000,18000,0,18000,0,0,0,-991000
8070,長華*           ,233000,845000,-612000,0,0,0,0,0,0,-390000,0,390000,-390000,0,0,0,-1002000
6456,GIS-KY          ,801000,1642000,-841000,0,0,0,0,0,0,-162000,123000,134000,-11000,38000,189000,-151000,-1003000
08157P,大立光元富9B售06,0,0,0,0,0,0,0,0,0,-1007000,0,0,0,127000,1134000,-1007000,-1007000
066099,大立光中信05購01,0,0,0,0,0,0,0,0,0,-1009000,0,0,0,84000,1093000,-1009000,-1009000
3605,宏致            ,542000,1736000,-1194000,0,0,0,0,0,0,175000,195000,20000,175000,0,0,0,-1019000
3673,TPK-KY          ,996000,2195000,-1199000,0,0,0,0,0,0,177000,53000,7000,46000,146000,15000,131000,-1022000
065058,東元群益9C購01  ,0,0,0,0,0,0,0,0,0,-1025000,0,0,0,108000,1133000,-1025000,-1025000
00635U,元大S&P黃金     ,14000,95000,-81000,0,0,0,0,0,0,-949000,0,0,0,321000,1270000,-949000,-1030000
067065,為升元大01購03  ,0,0,0,0,0,0,0,0,0,-1030000,0,0,0,288000,1318000,-1030000,-1030000
08606P,聯發科國票9C售05,0,0,0,0,0,0,0,0,0,-1045000,0,0,0,67000,1112000,-1045000,-1045000
4414,如興            ,1175000,2225000,-1050000,0,0,0,0,0,0,1000,1000,0,1000,0,0,0,-1049000
6443,元晶            ,1955000,2969722,-1014722,0,0,0,0,0,0,-40000,0,40000,-40000,0,0,0,-1054722
3706,神達            ,287480,1178800,-891320,0,0,0,0,31930,-31930,-137560,16000,18000,-2000,19000,154560,-135560,-1060810
067381,康控統一03購01  ,0,0,0,0,0,0,0,0,0,-1068000,0,0,0,125000,1193000,-1068000,-1068000
3576,聯合再生        ,2856000,3931000,-1075000,0,0,0,0,0,0,0,0,0,0,0,0,0,-1075000
00850,元大臺灣ESG永續 ,2000,0,2000,0,0,0,0,0,0,-1086000,0,0,0,233000,1319000,-1086000,-1084000
067664,台船元大01購01  ,0,0,0,0,0,0,0,0,0,-1091000,0,0,0,535000,1626000,-1091000,-1091000
064045,南亞科統一9C購04,0,0,0,0,0,0,0,0,0,-1109000,0,0,0,0,1109000,-1109000,-1109000
4956,光鋐            ,305000,1417000,-1112000,0,0,0,0,0,0,2000,2000,0,2000,0,0,0,-1110000
9910,豐泰            ,1028120,2089800,-1061680,0,0,0,13000,0,13000,-62000,53000,60000,-7000,0,55000,-55000,-1110680
1598,岱宇            ,919000,2376000,-1457000,0,0,0,285000,0,285000,59000,202000,143000,59000,0,0,0,-1113000
2633,台灣高鐵        ,805000,2527000,-1722000,0,0,0,0,0,0,605000,569000,2000,567000,77000,39000,38000,-1117000
1304,台聚            ,247000,1504000,-1257000,0,0,0,0,0,0,126000,126000,0,126000,0,0,0,-1131000
8213,志超            ,551000,1648000,-1097000,0,0,0,0,0,0,-44000,0,59000,-59000,20000,5000,15000,-1141000
069669,台船元大02購01  ,0,0,0,0,0,0,0,0,0,-1149000,0,0,0,0,1149000,-1149000,-1149000
1519,華城            ,1822000,2964000,-1142000,0,0,0,0,0,0,-10000,56000,0,56000,93000,159000,-66000,-1152000
067138,正文永豐01購02  ,0,0,0,0,0,0,0,0,0,-1156000,0,0,0,521000,1677000,-1156000,-1156000
066243,潤泰新富邦03購01,0,0,0,0,0,0,0,0,0,-1193000,0,0,0,0,1193000,-1193000,-1193000
064593,鈺齊永豐9C購01  ,0,0,0,0,0,0,0,0,0,-1208000,0,0,0,590000,1798000,-1208000,-1208000
062173,世紀鋼永豐9B購01,0,0,0,0,0,0,0,0,0,-1223000,0,0,0,98000,1321000,-1223000,-1223000
03128P,玉晶光國泰03售04,0,0,0,0,0,0,0,0,0,-1224000,0,0,0,128000,1352000,-1224000,-1224000
2890,永豐金          ,3709000,5003420,-1294420,0,0,0,0,0,0,67000,67000,0,67000,0,0,0,-1227420
059024,大立光統一9B購04,0,0,0,0,0,0,0,0,0,-1238000,0,0,0,425000,1663000,-1238000,-1238000
068833,大立光國泰04購01,0,0,0,0,0,0,0,0,0,-1239000,0,0,0,315000,1554000,-1239000,-1239000
067003,聯發科永豐01購02,0,0,0,0,0,0,0,0,0,-1239000,0,0,0,110000,1349000,-1239000,-1239000
3045,台灣大          ,1046512,2348073,-1301561,0,0,0,0,0,0,47000,43000,0,43000,4000,0,4000,-1254561
4915,致伸            ,231000,1483000,-1252000,0,0,0,0,0,0,-38000,8000,0,8000,0,46000,-46000,-1290000
066868,聯發科元富07購01,0,0,0,0,0,0,0,0,0,-1296000,0,0,0,26000,1322000,-1296000,-1296000
067843,聯發科元富07購05,20000,0,20000,0,0,0,0,0,0,-1317000,0,0,0,25000,1342000,-1317000,-1297000
4919,新唐            ,161000,1262000,-1101000,0,0,0,0,0,0,-204000,2000,0,2000,4000,210000,-206000,-1305000
066876,大立光富邦05購01,0,0,0,0,0,0,0,0,0,-1307000,0,0,0,119000,1426000,-1307000,-1307000
3041,揚智            ,411000,1738000,-1327000,0,0,0,0,0,0,4000,5000,1000,4000,0,0,0,-1323000
069856,聯發科永豐02購04,0,0,0,0,0,0,0,0,0,-1331000,0,0,0,0,1331000,-1331000,-1331000
9103,美德醫療-DR     ,3000,1313000,-1310000,0,0,0,0,0,0,-50000,0,0,0,0,50000,-50000,-1360000
067700,緯創國票02購01  ,0,0,0,0,0,0,0,0,0,-1364000,0,0,0,12000,1376000,-1364000,-1364000
063862,世紀鋼國泰02購01,0,0,0,0,0,0,0,0,0,-1368000,0,0,0,522000,1890000,-1368000,-1368000
2344,華邦電          ,5989000,6960000,-971000,0,0,0,0,0,0,-401000,7000,0,7000,26000,434000,-408000,-1372000
067372,聯發科統一03購03,0,0,0,0,0,0,0,0,0,-1380000,0,0,0,846000,2226000,-1380000,-1380000
00631L,元大台灣50正2   ,940000,928000,12000,0,0,0,0,0,0,-1394000,33000,1000000,-967000,762000,1189000,-427000,-1382000
069548,聯發科元大02購19,0,0,0,0,0,0,0,0,0,-1398000,0,0,0,0,1398000,-1398000,-1398000
8039,台虹            ,437000,1471000,-1034000,0,0,0,0,0,0,-376000,125000,199000,-74000,114000,416000,-302000,-1410000
2327,國巨            ,839000,1921883,-1082883,0,0,0,0,20000,-20000,-310000,15000,110000,-95000,18000,233000,-215000,-1412883
068582,聯發科永豐01購04,0,0,0,0,0,0,0,0,0,-1416000,0,0,0,212000,1628000,-1416000,-1416000
067683,上緯控元大01購03,0,0,0,0,0,0,0,0,0,-1441000,0,0,0,666000,2107000,-1441000,-1441000
067064,為升元大01購02  ,0,0,0,0,0,0,0,0,0,-1443000,0,0,0,313000,1756000,-1443000,-1443000
6239,力成            ,493000,1848320,-1355320,0,0,0,0,43000,-43000,-46000,12000,30000,-18000,11000,39000,-28000,-1444320
068705,聯發科國票03購03,0,0,0,0,0,0,0,0,0,-1446000,0,0,0,0,1446000,-1446000,-1446000
6191,精成科          ,2957000,4260000,-1303000,0,0,0,0,0,0,-181000,7000,32000,-25000,21000,177000,-156000,-1484000
06478P,臺股指日盛9A售01,0,0,0,0,0,0,0,0,0,-1500000,0,0,0,0,1500000,-1500000,-1500000
00655L,國泰中國A50正2  ,371000,425000,-54000,0,0,0,0,0,0,-1452000,0,0,0,1065000,2517000,-1452000,-1506000
4968,立積            ,411000,1494490,-1083490,0,0,0,9000,155000,-146000,-284996,135000,245000,-110000,13000,187996,-174996,-1514486
07720P,臺股指群益9A售09,0,0,0,0,0,0,0,0,0,-1567000,0,0,0,0,1567000,-1567000,-1567000
066923,滬深2X國票02購01,0,0,0,0,0,0,0,0,0,-1567000,0,0,0,5000,1572000,-1567000,-1567000
067368,技嘉統一03購01  ,1000,0,1000,0,0,0,0,0,0,-1582000,0,0,0,606000,2188000,-1582000,-1581000
066419,聯發科元大01購11,0,0,0,0,0,0,0,0,0,-1620000,0,0,0,27000,1647000,-1620000,-1620000
8150,南茂            ,289000,1948000,-1659000,0,0,0,0,0,0,21000,102000,68000,34000,5000,18000,-13000,-1638000
064579,大立光富邦03購02,0,0,0,0,0,0,0,0,0,-1645000,0,0,0,20000,1665000,-1645000,-1645000
08095P,大立光元富9B售03,0,0,0,0,0,0,0,0,0,-1694000,0,0,0,220000,1914000,-1694000,-1694000
068404,建準元富04購01  ,0,0,0,0,0,0,0,0,0,-1705000,0,0,0,792000,2497000,-1705000,-1705000
069773,奇鋐元大03購01  ,0,0,0,0,0,0,0,0,0,-1720000,0,0,0,40000,1760000,-1720000,-1720000
08987P,臻鼎元富07售02  ,0,0,0,0,0,0,0,0,0,-1720000,0,0,0,153000,1873000,-1720000,-1720000
2379,瑞昱            ,2723800,3664875,-941075,0,0,0,101000,647000,-546000,-291000,73000,278000,-205000,12000,98000,-86000,-1778075
1513,中興電          ,1091000,2636000,-1545000,0,0,0,510000,0,510000,-760000,28000,62000,-34000,6000,732000,-726000,-1795000
1309,台達化          ,3687000,5732000,-2045000,0,0,0,0,0,0,131000,136000,5000,131000,0,0,0,-1914000
2363,矽統            ,2848000,4791000,-1943000,0,0,0,0,0,0,10000,10000,0,10000,0,0,0,-1933000
2880,華南金          ,3827000,5842440,-2015440,0,0,0,0,0,0,28000,48000,20000,28000,0,0,0,-1987440
4958,臻鼎-KY         ,1132700,3061190,-1928490,0,0,0,0,2000,-2000,-67000,101000,122000,-21000,14000,60000,-46000,-1997490
00671R,富邦NASDAQ反1   ,0,16000,-16000,0,0,0,0,0,0,-2039000,0,0,0,0,2039000,-2039000,-2055000
00708L,元大S&P黃金正2  ,159000,56000,103000,0,0,0,0,0,0,-2231000,0,0,0,2631000,4862000,-2231000,-2128000
2303,聯電            ,33775000,37145070,-3370070,0,0,0,2462000,39000,2423000,-1355000,773000,603000,170000,622000,2147000,-1525000,-2302070
068257,聯發科國泰03購05,0,0,0,0,0,0,0,0,0,-2318000,0,0,0,0,2318000,-2318000,-2318000
1102,亞泥            ,4311000,6595430,-2284430,0,0,0,45000,0,45000,-100000,10000,34000,-24000,1000,77000,-76000,-2339430
2313,華通            ,2889000,4662000,-1773000,0,0,0,0,303000,-303000,-365000,258000,394000,-136000,214000,443000,-229000,-2441000
1216,統一            ,3161570,5616925,-2455355,0,0,0,0,0,0,-5000,0,0,0,0,5000,-5000,-2460355
2823,中壽            ,2352000,4862000,-2510000,0,0,0,0,0,0,-4000,31000,21000,10000,411000,425000,-14000,-2514000
2883,開發金          ,7879000,10513785,-2634785,0,0,0,0,0,0,14000,16000,2000,14000,0,0,0,-2620785
6153,嘉聯益          ,639000,1752000,-1113000,0,0,0,0,0,0,-1527000,43000,316000,-273000,49000,1303000,-1254000,-2640000
069620,奇鋐統一02購02  ,0,0,0,0,0,0,0,0,0,-2684000,0,0,0,359000,3043000,-2684000,-2684000
066947,聯發科元大01購15,10000,10000,0,0,0,0,0,0,0,-2760000,0,0,0,351000,3111000,-2760000,-2760000
00693U,街口S&P黃豆     ,40000,44000,-4000,0,0,0,0,0,0,-2778000,0,0,0,1208000,3986000,-2778000,-2782000
2312,金寶            ,608000,3067000,-2459000,0,0,0,0,0,0,-356000,2000,0,2000,29000,387000,-358000,-2815000
068516,聯發科統一05購02,0,0,0,0,0,0,0,0,0,-2861000,0,0,0,40000,2901000,-2861000,-2861000
067014,聯發科富邦03購05,0,0,0,0,0,0,0,0,0,-2964000,0,0,0,30000,2994000,-2964000,-2964000
069846,南電群益03購02  ,0,0,0,0,0,0,0,0,0,-3070000,0,0,0,15000,3085000,-3070000,-3070000
6285,啟碁            ,341000,3636000,-3295000,0,0,0,233000,0,233000,-45000,154000,77000,77000,40000,162000,-122000,-3107000
00633L,富邦上証正2     ,923000,1215000,-292000,0,0,0,0,0,0,-2821000,0,16000,-16000,1395000,4200000,-2805000,-3113000
2367,燿華            ,822000,3336000,-2514000,0,0,0,0,0,0,-608000,4000,0,4000,40000,652000,-612000,-3122000
062124,大立光統一9B購09,0,0,0,0,0,0,0,0,0,-3145000,0,0,0,7000,3152000,-3145000,-3145000
2448,晶電            ,2068000,4632000,-2564000,0,0,0,0,0,0,-700000,48000,748000,-700000,0,0,0,-3264000
07903P,台積電群益9B售03,0,0,0,0,0,0,0,0,0,-3766000,0,0,0,0,3766000,-3766000,-3766000
2618,長榮航          ,4456000,7462742,-3006742,0,0,0,0,0,0,-803000,226000,266000,-40000,39000,802000,-763000,-3809742
020019,統一特選台灣5GN ,0,0,0,0,0,0,0,0,0,-3842000,0,0,0,32000,3874000,-3842000,-3842000
068536,聯發科中信04購02,0,0,0,0,0,0,0,0,0,-3960000,0,0,0,0,3960000,-3960000,-3960000
2356,英業達          ,3562108,6078885,-2516777,0,0,0,0,1300000,-1300000,-234000,12000,103000,-91000,10000,153000,-143000,-4050777
6257,矽格            ,504000,3812000,-3308000,0,0,0,0,338000,-338000,-517000,61000,113000,-52000,1000,466000,-465000,-4163000
065315,玉晶光中信03購02,0,100000,-100000,0,0,0,0,0,0,-4177000,0,0,0,820000,4997000,-4177000,-4277000
3034,聯詠            ,4012929,7561775,-3548846,0,0,0,713000,1469000,-756000,8000,115000,62000,53000,36000,81000,-45000,-4296846
3711,日月光投控      ,7611456,11504090,-3892634,0,0,0,0,82000,-82000,-339000,36000,222000,-186000,45000,198000,-153000,-4313634
060890,大立光統一01購01,10000,0,10000,0,0,0,0,0,0,-4510000,0,0,0,8000,4518000,-4510000,-4500000
6251,定穎            ,1859000,6202000,-4343000,0,0,0,0,0,0,-258000,162000,420000,-258000,0,0,0,-4601000
2610,華航            ,2310000,7815125,-5505125,0,0,0,0,0,0,402000,2000,0,2000,400000,0,400000,-5103125
054040,中石化元大9C購01,2000,0,2000,0,0,0,0,0,0,-5544000,0,0,0,620000,6164000,-5544000,-5542000
2888,新光金          ,5645355,11966000,-6320645,0,0,0,0,0,0,4000,9000,43000,-34000,651000,613000,38000,-6316645
9904,寶成            ,1641470,7417725,-5776255,0,0,0,0,0,0,-646000,21000,71000,-50000,55000,651000,-596000,-6422255
00878,國泰永續高股息  ,3000,0,3000,0,0,0,0,0,0,-6945390,0,0,0,10000,6955390,-6945390,-6942390
3231,緯創            ,5114059,12641665,-7527606,0,0,0,0,0,0,-166000,9000,58000,-49000,52000,169000,-117000,-7693606
2454,聯發科          ,10784043,19104120,-8320077,0,0,0,10000,1304000,-1294000,-92298,388000,914000,-526000,666000,232298,433702,-9706375
2885,元大金          ,5677000,14553210,-8876210,0,0,0,0,0,0,-934000,5000,26000,-21000,25000,938000,-913000,-9810210
2891,中信金          ,10973000,19268860,-8295860,0,0,0,0,1693000,-1693000,9000,11000,0,11000,10000,12000,-2000,-9979860
1314,中石化          ,3083000,13529000,-10446000,0,0,0,0,0,0,-1668000,101000,224000,-123000,436000,1981000,-1545000,-12114000
2449,京元電子        ,2884000,17867000,-14983000,0,0,0,0,304000,-304000,-696000,85000,328000,-243000,67000,520000,-453000,-15983000
00637L,元大滬深300正2  ,2369000,10457000,-8088000,0,0,0,0,0,0,-16306000,0,47000,-47000,11085000,27344000,-16259000,-24394000
00677U,富邦VIX         ,3128000,20531000,-17403000,0,0,0,0,0,0,-17485000,252000,252000,0,1307000,18792000,-17485000,-34888000
