證券代號,證券名稱,外陸資買進股數(不含外資自營商),外陸資賣出股數(不含外資自營商),外陸資買賣超股數(不含外資自營商),外資自營商買進股數,外資自營商賣出股數,外資自營商買賣超股數,投信買進股數,投信賣出股數,投信買賣超股數,自營商買賣超股數,自營商買進股數(自行買賣),自營商賣出股數(自行買賣),自營商買賣超股數(自行買賣),自營商買進股數(避險),自營商賣出股數(避險),自營商買賣超股數(避險),三大法人買賣超股數
00637L,元大滬深300正2  ,18479000,1832000,16647000,0,0,0,0,0,0,9029000,0,0,0,59714000,50685000,9029000,25676000
053564,台積電富邦99購01,10000,0,10000,0,0,0,0,0,0,19457000,0,0,0,19457000,0,19457000,19467000
3037,欣興            ,21594000,10347790,11246210,0,0,0,1289000,10000,1279000,136000,153000,177000,-24000,255000,95000,160000,12661210
2610,華航            ,22889000,10521875,12367125,0,0,0,0,0,0,-159000,0,0,0,89000,248000,-159000,12208125
2618,長榮航          ,22652672,12414657,10238015,0,0,0,1000,0,1000,78000,130000,272000,-142000,895000,675000,220000,10317015
00631L,元大台灣50正2   ,621000,622000,-1000,0,0,0,0,0,0,8840000,0,0,0,16212000,7372000,8840000,8839000
2330,台積電          ,42666875,30796031,11870844,0,0,0,108000,54000,54000,-3188000,261000,2631000,-2370000,499000,1317000,-818000,8736844
00708L,元大S&P黃金正2  ,0,522000,-522000,0,0,0,0,0,0,7332000,0,0,0,14012000,6680000,7332000,6810000
6116,彩晶            ,10364000,3884000,6480000,0,0,0,0,0,0,1000,1000,3000,-2000,141000,138000,3000,6481000
00852L,國泰美國道瓊正2 ,0,0,0,0,0,0,0,0,0,6314000,0,0,0,26875000,20561000,6314000,6314000
2324,仁寶            ,16143000,9684228,6458772,0,0,0,47000,0,47000,-337000,4000,456000,-452000,115000,0,115000,6168772
00633L,富邦上証正2     ,4129000,117000,4012000,0,0,0,0,0,0,1287000,0,0,0,8834000,7547000,1287000,5299000
1314,中石化          ,7349350,2260285,5089065,0,0,0,0,0,0,-155000,0,146000,-146000,0,9000,-9000,4934065
2448,晶電            ,3663000,2444000,1219000,0,0,0,3259000,0,3259000,-40000,57000,28000,29000,0,69000,-69000,4438000
2515,中工            ,5014000,898000,4116000,0,0,0,0,0,0,-68000,2000,21000,-19000,12000,61000,-49000,4048000
2887,台新金          ,20081565,15765110,4316455,0,0,0,0,219000,-219000,-114000,4000,124000,-120000,12000,6000,6000,3983455
2603,長榮            ,5353043,3901838,1451205,0,0,0,2488000,0,2488000,-17000,84000,119000,-35000,18000,0,18000,3922205
058475,台積電凱基99購06,0,0,0,0,0,0,0,0,0,3527000,0,0,0,3527000,0,3527000,3527000
053413,台積電國票99購01,0,0,0,0,0,0,0,0,0,3515000,0,0,0,3515000,0,3515000,3515000
1605,華新            ,4284000,876600,3407400,0,0,0,0,0,0,74000,0,102000,-102000,181000,5000,176000,3481400
056829,台積電富邦9A購01,0,20000,-20000,0,0,0,0,0,0,3447000,0,0,0,3819000,372000,3447000,3427000
057393,台積電中信02購01,0,0,0,0,0,0,0,0,0,3301000,0,0,0,3301000,0,3301000,3301000
00634R,富邦上証反1     ,1721000,30000,1691000,0,0,0,0,0,0,1472000,0,0,0,2827000,1355000,1472000,3163000
8046,南電            ,2442000,997391,1444609,0,0,0,1786000,17000,1769000,-93000,2000,105000,-103000,24000,14000,10000,3120609
2317,鴻海            ,20754355,18670581,2083774,0,0,0,55000,8000,47000,711000,190000,234000,-44000,1234000,479000,755000,2841774
051614,元金2X凱基97購01,0,0,0,0,0,0,0,0,0,2780000,0,0,0,2780000,0,2780000,2780000
2412,中華電          ,7292814,4149321,3143493,0,0,0,6700,0,6700,-427000,30000,456000,-426000,1000,2000,-1000,2723193
00640L,富邦日本正2     ,43000,6000,37000,0,0,0,0,0,0,2571000,0,0,0,2735000,164000,2571000,2608000
2371,大同            ,4873000,2300000,2573000,0,0,0,0,0,0,-10000,1000,11000,-10000,0,0,0,2563000
1904,正隆            ,3193955,910000,2283955,0,0,0,20000,0,20000,-21000,0,21000,-21000,0,0,0,2282955
054716,緯穎康和97購01  ,0,0,0,0,0,0,0,0,0,2174000,0,0,0,2515000,341000,2174000,2174000
00635U,元大S&P黃金     ,128000,29000,99000,0,0,0,0,0,0,2007000,0,0,0,2782000,775000,2007000,2106000
056017,台積電群益97購04,0,0,0,0,0,0,0,0,0,2089000,0,0,0,2089000,0,2089000,2089000
2323,中環            ,3793000,1676000,2117000,0,0,0,0,0,0,-53000,1000,37000,-36000,33000,50000,-17000,2064000
057126,台積電凱基99購03,0,0,0,0,0,0,0,0,0,2041000,0,0,0,2041000,0,2041000,2041000
3049,和鑫            ,2688000,733000,1955000,0,0,0,0,0,0,-10000,0,0,0,1000,11000,-10000,1945000
052986,聯發科元大97購05,0,0,0,0,0,0,0,0,0,1831000,0,0,0,1834000,3000,1831000,1831000
057546,台積電凱基02購01,0,0,0,0,0,0,0,0,0,1810000,0,0,0,1810000,0,1810000,1810000
2201,裕隆            ,2475000,709224,1765776,0,0,0,0,0,0,11000,0,0,0,26000,15000,11000,1776776
2375,凱美            ,2090000,318000,1772000,0,0,0,0,0,0,3000,0,0,0,3000,0,3000,1775000
2882,國泰金          ,10503879,8197548,2306331,0,0,0,1000,115000,-114000,-419000,0,479000,-479000,90000,30000,60000,1773331
057646,玉山金元大98購01,0,0,0,0,0,0,0,0,0,1749000,0,0,0,1749000,0,1749000,1749000
2498,宏達電          ,2298000,622000,1676000,0,0,0,0,0,0,48000,43000,64000,-21000,103000,34000,69000,1724000
045053,聯發科元富98購01,0,0,0,0,0,0,0,0,0,1660000,0,0,0,1660000,0,1660000,1660000
2888,新光金          ,16512000,15022000,1490000,0,0,0,1000,0,1000,124000,0,3000,-3000,343000,216000,127000,1615000
054072,台積電富邦98購02,0,0,0,0,0,0,0,0,0,1612000,0,0,0,1612000,0,1612000,1612000
2504,國產            ,1905000,954000,951000,0,0,0,605000,0,605000,30000,0,0,0,58000,28000,30000,1586000
1722,台肥            ,2156000,593000,1563000,0,0,0,26000,0,26000,-20000,0,20000,-20000,0,0,0,1569000
047316,大立光元大94購01,0,0,0,0,0,0,0,0,0,1567000,0,0,0,1567000,0,1567000,1567000
054197,台積電永昌96購07,0,5000,-5000,0,0,0,0,0,0,1547000,0,0,0,1902000,355000,1547000,1542000
058633,台灣50兆豐99購01,0,0,0,0,0,0,0,0,0,1517000,0,0,0,1527000,10000,1517000,1517000
3682,亞太電          ,1644000,146000,1498000,0,0,0,0,0,0,0,0,0,0,0,0,0,1498000
051464,彩晶國泰96購01  ,0,0,0,0,0,0,0,0,0,1490000,0,0,0,1490000,0,1490000,1490000
052418,玉晶光兆豐96購01,0,0,0,0,0,0,0,0,0,1479000,0,0,0,1489000,10000,1479000,1479000
051799,台積電永豐96購01,0,0,0,0,0,0,0,0,0,1454000,0,0,0,1454000,0,1454000,1454000
1718,中纖            ,1800000,366000,1434000,0,0,0,0,0,0,0,0,0,0,0,0,0,1434000
058443,T50正2富邦01購01,0,0,0,0,0,0,0,0,0,1404000,0,0,0,1404000,0,1404000,1404000
2368,金像電          ,6687000,5905000,782000,0,0,0,310000,92000,218000,399000,399000,0,399000,0,0,0,1399000
053392,致新元大96購01  ,0,0,0,0,0,0,0,0,0,1396000,0,0,0,1396000,0,1396000,1396000
054371,台積電中信9C購01,0,2000,-2000,0,0,0,0,0,0,1387000,0,0,0,1387000,0,1387000,1385000
057784,台積電國票9B購01,0,0,0,0,0,0,0,0,0,1352000,0,0,0,1352000,0,1352000,1352000
058848,台積電群益99購07,0,0,0,0,0,0,0,0,0,1350000,0,0,0,1350000,0,1350000,1350000
048813,元黃金凱基94購01,0,0,0,0,0,0,0,0,0,1348000,0,0,0,1348000,0,1348000,1348000
00675L,富邦臺灣加權正2 ,0,1000,-1000,0,0,0,0,0,0,1321000,0,0,0,2499000,1178000,1321000,1320000
057564,台積電富邦9B購03,0,0,0,0,0,0,0,0,0,1254000,0,0,0,1254000,0,1254000,1254000
1303,南亞            ,4292272,2928904,1363368,0,0,0,0,0,0,-129000,2000,129000,-127000,0,2000,-2000,1234368
2353,宏碁            ,6791500,5592000,1199500,0,0,0,0,0,0,24000,22000,10000,12000,40000,28000,12000,1223500
056605,台積電富邦9B購02,0,0,0,0,0,0,0,0,0,1220000,0,0,0,1220000,0,1220000,1220000
053770,元金2X元大98購01,0,0,0,0,0,0,0,0,0,1220000,0,0,0,1220000,0,1220000,1220000
2881,富邦金          ,10714677,9201741,1512936,0,0,0,0,0,0,-303000,0,297000,-297000,15000,21000,-6000,1209936
047505,元金2X國票9B購01,0,0,0,0,0,0,0,0,0,1203000,0,0,0,1203000,0,1203000,1203000
054874,帆宣群益99購02  ,0,0,0,0,0,0,0,0,0,1197000,0,0,0,1197000,0,1197000,1197000
055812,台積電國票99購02,0,0,0,0,0,0,0,0,0,1152000,0,0,0,1152000,0,1152000,1152000
051066,台積電國票96購02,0,0,0,0,0,0,0,0,0,1133000,0,0,0,1133000,0,1133000,1133000
058359,瑞昱凱基99購01  ,0,0,0,0,0,0,0,0,0,1124000,0,0,0,1124000,0,1124000,1124000
056540,聯詠凱基98購02  ,0,0,0,0,0,0,0,0,0,1123000,0,0,0,1123000,0,1123000,1123000
053118,大立光中信9C購01,0,0,0,0,0,0,0,0,0,1120000,0,0,0,1120000,0,1120000,1120000
056594,台積電元富98購03,0,0,0,0,0,0,0,0,0,1110000,0,0,0,1110000,0,1110000,1110000
052150,台積電富邦95購07,0,0,0,0,0,0,0,0,0,1105000,0,0,0,1105000,0,1105000,1105000
051366,康友國泰97購01  ,0,0,0,0,0,0,0,0,0,1100000,0,0,0,1100000,0,1100000,1100000
058999,台積電元大99購24,0,0,0,0,0,0,0,0,0,1090000,0,0,0,1090000,0,1090000,1090000
050101,台積電永昌96購03,0,0,0,0,0,0,0,0,0,1063000,0,0,0,1413000,350000,1063000,1063000
07074P,FBVIX凱基9A售01 ,0,0,0,0,0,0,0,0,0,1058000,0,0,0,1058000,0,1058000,1058000
03015X,元展15          ,0,0,0,0,0,0,0,0,0,1000000,0,0,0,1000000,0,1000000,1000000
2812,台中銀          ,4268000,3115000,1153000,0,0,0,0,0,0,-154000,0,154000,-154000,0,0,0,999000
046208,滬深2X元富95購03,0,0,0,0,0,0,0,0,0,998000,0,0,0,998000,0,998000,998000
053893,京鼎群益97購02  ,0,0,0,0,0,0,0,0,0,998000,0,0,0,998000,0,998000,998000
059153,臺股指國票99購16,0,0,0,0,0,0,0,0,0,991000,0,0,0,996000,5000,991000,991000
053389,彩晶元大98購01  ,0,0,0,0,0,0,0,0,0,990000,0,0,0,990000,0,990000,990000
054860,台積電群益98購01,0,0,0,0,0,0,0,0,0,987000,0,0,0,987000,0,987000,987000
058564,元金2X凱基9C購01,0,0,0,0,0,0,0,0,0,986000,0,0,0,986000,0,986000,986000
2890,永豐金          ,16515848,15411289,1104559,0,0,0,1000,0,1000,-123000,0,144000,-144000,21000,0,21000,982559
044963,台積電中信96購01,0,0,0,0,0,0,0,0,0,949000,0,0,0,949000,0,949000,949000
058595,T50正2元富99購01,0,0,0,0,0,0,0,0,0,944000,0,0,0,944000,0,944000,944000
056517,茂林兆豐99購01  ,0,0,0,0,0,0,0,0,0,933000,0,0,0,933000,0,933000,933000
1444,力麗            ,1205000,267000,938000,0,0,0,0,0,0,-5000,0,5000,-5000,0,0,0,933000
4915,致伸            ,1976000,1046770,929230,0,0,0,0,0,0,-10000,0,11000,-11000,1000,0,1000,919230
057330,台積電國票99購03,0,0,0,0,0,0,0,0,0,910000,0,0,0,910000,0,910000,910000
054625,旺宏凱基98購03  ,0,0,0,0,0,0,0,0,0,900000,0,0,0,900000,0,900000,900000
04167P,滬深反凱基99售01,0,0,0,0,0,0,0,0,0,900000,0,0,0,900000,0,900000,900000
059529,華新科凱基9A購04,0,0,0,0,0,0,0,0,0,857000,0,0,0,1204000,347000,857000,857000
059151,臺股指國票99購14,0,0,0,0,0,0,0,0,0,855000,0,0,0,869000,14000,855000,855000
2360,致茂            ,1342000,500800,841200,0,0,0,0,0,0,1000,4000,5000,-1000,4000,2000,2000,842200
059137,電子類群益99購01,0,0,0,0,0,0,0,0,0,832000,0,0,0,944000,112000,832000,832000
3576,聯合再生        ,1161000,342244,818756,0,0,0,0,0,0,0,0,0,0,0,0,0,818756
045054,聯發科元富98購02,0,0,0,0,0,0,0,0,0,818000,0,0,0,818000,0,818000,818000
045189,大立光元富98購01,0,0,0,0,0,0,0,0,0,809000,0,0,0,809000,0,809000,809000
058855,台積電兆豐99購02,0,0,0,0,0,0,0,0,0,806000,0,0,0,816000,10000,806000,806000
05089P,亞德客元大95售01,0,0,0,0,0,0,0,0,0,801000,0,0,0,821000,20000,801000,801000
056788,日月光群益98購01,0,0,0,0,0,0,0,0,0,798000,0,0,0,798000,0,798000,798000
2338,光罩            ,1561000,785000,776000,0,0,0,0,0,0,22000,15000,0,15000,9000,2000,7000,798000
2511,太子            ,1101956,320000,781956,0,0,0,0,0,0,0,0,0,0,0,0,0,781956
1325,恆大            ,1207000,426000,781000,0,0,0,0,0,0,0,12000,12000,0,0,0,0,781000
058587,台積電中信9C購03,0,0,0,0,0,0,0,0,0,778000,0,0,0,778000,0,778000,778000
051590,玉晶光元大96購02,0,0,0,0,0,0,0,0,0,768000,0,0,0,768000,0,768000,768000
059361,玉晶光永豐99購04,0,0,0,0,0,0,0,0,0,764000,0,0,0,1310000,546000,764000,764000
055093,京鼎群益98購01  ,0,0,0,0,0,0,0,0,0,750000,0,0,0,750000,0,750000,750000
058109,台灣50元富9B購01,0,0,0,0,0,0,0,0,0,749000,0,0,0,749000,0,749000,749000
055166,台積電統一97購05,0,0,0,0,0,0,0,0,0,735000,0,0,0,735000,0,735000,735000
051940,康舒群益95購01  ,0,0,0,0,0,0,0,0,0,724000,0,0,0,724000,0,724000,724000
00655L,國泰中國A50正2  ,182000,282000,-100000,0,0,0,0,0,0,823000,0,0,0,8605000,7782000,823000,723000
059368,T50正2元富99購02,0,0,0,0,0,0,0,0,0,720000,0,0,0,863000,143000,720000,720000
3481,群創            ,57427000,53257265,4169735,0,0,0,1000,2888000,-2887000,-564000,118000,1018000,-900000,349000,13000,336000,718735
053562,玉晶光國泰98購02,0,0,0,0,0,0,0,0,0,717000,0,0,0,717000,0,717000,717000
054055,全新國票99購02  ,0,0,0,0,0,0,0,0,0,716000,0,0,0,716000,0,716000,716000
058337,日月光元富99購01,0,0,0,0,0,0,0,0,0,711000,0,0,0,711000,0,711000,711000
050254,大立光富邦96購02,0,0,0,0,0,0,0,0,0,710000,0,0,0,710000,0,710000,710000
057326,景碩群益99購02  ,0,0,0,0,0,0,0,0,0,707000,0,0,0,707000,0,707000,707000
059138,台積電兆豐99購04,0,0,0,0,0,0,0,0,0,703000,0,0,0,703000,0,703000,703000
054873,帆宣群益99購01  ,0,0,0,0,0,0,0,0,0,700000,0,0,0,700000,0,700000,700000
057208,上海銀元富98購01,0,0,0,0,0,0,0,0,0,700000,0,0,0,700000,0,700000,700000
055099,可成日盛97購01  ,0,0,0,0,0,0,0,0,0,698000,0,0,0,708000,10000,698000,698000
2027,大成鋼          ,1959000,1314305,644695,0,0,0,0,0,0,47000,0,31000,-31000,78000,0,78000,691695
051829,玉晶光元大98購02,0,0,0,0,0,0,0,0,0,683000,0,0,0,683000,0,683000,683000
057259,台積電兆豐98購03,0,0,0,0,0,0,0,0,0,678000,0,0,0,678000,0,678000,678000
050100,台積電永昌96購02,0,0,0,0,0,0,0,0,0,678000,0,0,0,1198000,520000,678000,678000
056592,台積電元富98購01,0,0,0,0,0,0,0,0,0,676000,0,0,0,676000,0,676000,676000
00638R,元大滬深300反1  ,337000,10000,327000,0,0,0,0,0,0,348000,0,0,0,1766000,1418000,348000,675000
047885,元金2X富邦99購01,0,0,0,0,0,0,0,0,0,670000,0,0,0,670000,0,670000,670000
3665,貿聯-KY         ,1225000,795000,430000,0,0,0,165000,21000,144000,93000,100000,16000,84000,17000,8000,9000,667000
056916,台達電兆豐98購02,0,0,0,0,0,0,0,0,0,666000,0,0,0,666000,0,666000,666000
052789,台積電麥證96購01,0,0,0,200000,0,200000,0,0,0,664000,0,0,0,664000,0,664000,664000
049491,聯發科元大95購01,0,0,0,0,0,0,0,0,0,659000,0,0,0,659000,0,659000,659000
050232,奇鋐麥證95購01  ,0,0,0,652000,0,652000,0,0,0,652000,0,0,0,652000,0,652000,652000
059215,台積電元大99購28,0,0,0,0,0,0,0,0,0,649000,0,0,0,649000,0,649000,649000
053610,矽力中信98購01  ,0,0,0,0,0,0,0,0,0,649000,0,0,0,649000,0,649000,649000
053270,台塑元大96購01  ,0,0,0,0,0,0,0,0,0,649000,0,0,0,649000,0,649000,649000
052689,玉晶光元大98購03,0,0,0,0,0,0,0,0,0,649000,0,0,0,667000,18000,649000,649000
053385,聯詠元大96購02  ,0,0,0,0,0,0,0,0,0,647000,0,0,0,647000,0,647000,647000
056707,鴻海富邦99購03  ,0,0,0,0,0,0,0,0,0,644000,0,0,0,644000,0,644000,644000
059011,臺股指元大9A購30,0,0,0,0,0,0,0,0,0,643000,0,0,0,646000,3000,643000,643000
056193,聯發科富邦99購08,0,0,0,0,0,0,0,0,0,642000,0,0,0,646000,4000,642000,642000
052939,富邦金兆豐96購01,0,0,0,0,0,0,0,0,0,640000,0,0,0,640000,0,640000,640000
051429,智邦元富95購01  ,0,0,0,0,0,0,0,0,0,638000,0,0,0,638000,0,638000,638000
3035,智原            ,1287000,636000,651000,0,0,0,0,0,0,-15000,1000,8000,-7000,14000,22000,-8000,636000
056918,台積電兆豐98購01,0,0,0,0,0,0,0,0,0,631000,0,0,0,631000,0,631000,631000
052387,台積電群益95購08,0,0,0,0,0,0,0,0,0,627000,0,0,0,627000,0,627000,627000
051488,健策凱基96購04  ,0,0,0,0,0,0,0,0,0,623000,0,0,0,623000,0,623000,623000
056047,台積電兆豐97購02,0,0,0,0,0,0,0,0,0,614000,0,0,0,624000,10000,614000,614000
051687,大立光凱基95購12,0,0,0,0,0,0,0,0,0,610000,0,0,0,610000,0,610000,610000
059152,臺股指國票99購15,0,0,0,0,0,0,0,0,0,603000,0,0,0,620000,17000,603000,603000
054129,技嘉元大96購02  ,0,0,0,0,0,0,0,0,0,603000,0,0,0,603000,0,603000,603000
2838,聯邦銀          ,1476000,783164,692836,0,0,0,0,0,0,-91000,0,91000,-91000,0,0,0,601836
054629,華新科凱基98購01,0,0,0,0,0,0,0,0,0,600000,0,0,0,600000,0,600000,600000
050512,台泥元大94購01  ,0,0,0,0,0,0,0,0,0,600000,0,0,0,600000,0,600000,600000
049267,瀚宇博元大95購02,0,0,0,0,0,0,0,0,0,600000,0,0,0,600000,0,600000,600000
00639,富邦深100       ,485000,34000,451000,0,0,0,0,0,0,149000,0,0,0,1111000,962000,149000,600000
059149,臺股指國票99購12,0,0,0,0,0,0,0,0,0,597000,0,0,0,598000,1000,597000,597000
052614,聯電國泰97購01  ,0,0,0,0,0,0,0,0,0,591000,0,0,0,601000,10000,591000,591000
056392,玉晶光富邦9C購01,0,0,0,0,0,0,0,0,0,590000,0,0,0,590000,0,590000,590000
054607,台積電永豐97購03,0,0,0,0,0,0,0,0,0,589000,0,0,0,589000,0,589000,589000
055369,友訊元大97購01  ,0,0,0,0,0,0,0,0,0,586000,0,0,0,587000,1000,586000,586000
057143,台郡兆豐98購01  ,0,0,0,0,0,0,0,0,0,584000,0,0,0,592000,8000,584000,584000
059239,台積電凱基99購12,0,0,0,0,0,0,0,0,0,581000,0,0,0,581000,0,581000,581000
00663L,國泰臺灣加權正2 ,0,0,0,0,0,0,0,0,0,579000,0,0,0,1335000,756000,579000,579000
059132,臺股指群益99購07,0,0,0,0,0,0,0,0,0,578000,0,0,0,718000,140000,578000,578000
058982,台積電凱基99購08,0,0,0,0,0,0,0,0,0,574000,0,0,0,574000,0,574000,574000
048831,玉晶光凱基95購01,0,0,0,0,0,0,0,0,0,573000,0,0,0,573000,0,573000,573000
056721,台灣50永昌9A購01,0,0,0,0,0,0,0,0,0,562000,0,0,0,572000,10000,562000,562000
2347,聯強            ,3843000,3248875,594125,0,0,0,126000,0,126000,-160000,4000,211000,-207000,47000,0,47000,560125
2102,泰豐            ,812000,250000,562000,0,0,0,0,0,0,-3000,0,3000,-3000,0,0,0,559000
2417,圓剛            ,978000,422000,556000,0,0,0,0,0,0,0,0,0,0,0,0,0,556000
055984,大立光元富97購02,0,0,0,0,0,0,0,0,0,555000,0,0,0,555000,0,555000,555000
00656R,國泰中國A50反1  ,189000,4000,185000,0,0,0,0,0,0,370000,0,0,0,708000,338000,370000,555000
3016,嘉晶            ,1331000,807000,524000,0,0,0,0,0,0,31000,0,0,0,52000,21000,31000,555000
051911,大立光元大98購02,0,0,0,0,0,0,0,0,0,554000,0,0,0,564000,10000,554000,554000
056261,台積電統一97購07,0,0,0,0,0,0,0,0,0,548000,0,0,0,548000,0,548000,548000
054758,南亞國票9A購01  ,0,0,0,0,0,0,0,0,0,547000,0,0,0,547000,0,547000,547000
058708,臺股指元大9A購21,0,0,0,0,0,0,0,0,0,547000,0,0,0,547000,0,547000,547000
056914,臺股指元大99購09,0,0,0,0,0,0,0,0,0,546000,0,0,0,575000,29000,546000,546000
2363,矽統            ,1647000,1113000,534000,0,0,0,0,0,0,12000,14000,2000,12000,0,0,0,546000
058283,世紀鋼中信99購01,0,0,0,0,0,0,0,0,0,545000,0,0,0,740000,195000,545000,545000
052588,玉晶光永豐98購01,0,0,0,0,0,0,0,0,0,545000,0,0,0,545000,0,545000,545000
057317,技嘉凱基98購02  ,0,0,0,0,0,0,0,0,0,544000,0,0,0,544000,0,544000,544000
055276,台積電元大97購20,0,0,0,0,0,0,0,0,0,538000,0,0,0,538000,0,538000,538000
03050X,元展47          ,0,0,0,0,0,0,0,0,0,538000,0,0,0,538000,0,538000,538000
1440,南紡            ,1159000,593000,566000,0,0,0,0,0,0,-32000,0,32000,-32000,0,0,0,534000
049154,玉晶光元大95購02,0,0,0,0,0,0,0,0,0,532000,0,0,0,532000,0,532000,532000
049900,台積電元富94購06,0,0,0,0,0,0,0,0,0,524000,0,0,0,524000,0,524000,524000
06898P,FBVIX群益9C售03 ,0,0,0,0,0,0,0,0,0,522000,0,0,0,522000,0,522000,522000
050102,鴻海富邦95購04  ,0,0,0,0,0,0,0,0,0,515000,0,0,0,515000,0,515000,515000
056505,聯發科永豐98購01,0,0,0,0,0,0,0,0,0,509000,0,0,0,509000,0,509000,509000
059013,臺股指元大9A購32,0,0,0,0,0,0,0,0,0,508000,0,0,0,954000,446000,508000,508000
00830,國泰費城半導體  ,1342000,29000,1313000,0,0,0,0,0,0,-807000,0,0,0,454000,1261000,-807000,506000
059218,台積電元大99購31,0,0,0,0,0,0,0,0,0,505000,0,0,0,505000,0,505000,505000
059135,臺股指群益99購10,0,0,0,0,0,0,0,0,0,503000,0,0,0,825000,322000,503000,503000
05595P,友達統一96售02  ,0,0,0,0,0,0,0,0,0,500000,0,0,0,500000,0,500000,500000
049864,聯發科兆豐94購01,0,0,0,0,0,0,0,0,0,500000,0,0,0,500000,0,500000,500000
06748P,智邦台新98售02  ,0,0,0,0,0,0,0,0,0,500000,0,0,0,561000,61000,500000,500000
057834,聯發科元富02購07,0,0,0,0,0,0,0,0,0,499000,0,0,0,499000,0,499000,499000
055028,佐登國泰98購01  ,0,0,0,0,0,0,0,0,0,499000,0,0,0,499000,0,499000,499000
053719,可成凱基96購08  ,0,0,0,0,0,0,0,0,0,499000,0,0,0,499000,0,499000,499000
047248,奇鋐群益95購01  ,0,0,0,0,0,0,0,0,0,499000,0,0,0,499000,0,499000,499000
052981,鴻海元大97購05  ,0,0,0,0,0,0,0,0,0,499000,0,0,0,499000,0,499000,499000
6213,聯茂            ,897231,497753,399478,0,0,0,83000,0,83000,16000,27000,56000,-29000,64000,19000,45000,498478
053742,創意國票97購01  ,0,0,0,0,0,0,0,0,0,497000,0,0,0,497000,0,497000,497000
5521,工信            ,618000,121000,497000,0,0,0,0,0,0,0,0,0,0,0,0,0,497000
055703,緯穎富邦98購01  ,0,0,0,0,0,0,0,0,0,496000,0,0,0,496000,0,496000,496000
6456,GIS-KY          ,655000,472504,182496,0,0,0,300000,0,300000,12000,1000,6000,-5000,17000,0,17000,494496
6285,啟碁            ,1031220,461000,570220,0,0,0,80000,0,80000,-156000,20000,176000,-156000,3000,3000,0,494220
1802,台玻            ,718000,205000,513000,0,0,0,0,0,0,-20000,0,20000,-20000,0,0,0,493000
3023,信邦            ,562782,425756,137026,0,0,0,341000,2000,339000,16000,10000,19000,-9000,25000,0,25000,492026
059025,台灣50台新9B購02,0,0,0,0,0,0,0,0,0,490000,0,0,0,490000,0,490000,490000
056977,國巨群益9A購01  ,0,0,0,0,0,0,0,0,0,490000,0,0,0,490000,0,490000,490000
052740,聯發科元大96購07,0,0,0,0,0,0,0,0,0,490000,0,0,0,490000,0,490000,490000
050142,聯發科元富9A購01,0,0,0,0,0,0,0,0,0,490000,0,0,0,490000,0,490000,490000
059128,友達中信99購02  ,0,0,0,0,0,0,0,0,0,488000,0,0,0,936000,448000,488000,488000
1326,台化            ,3980550,3214906,765644,0,0,0,0,8000,-8000,-270000,0,281000,-281000,17000,6000,11000,487644
057664,台積電元大9A購03,0,0,0,0,0,0,0,0,0,487000,0,0,0,487000,0,487000,487000
1319,東陽            ,798523,297000,501523,0,0,0,0,0,0,-15000,2000,17000,-15000,0,0,0,486523
058656,燿華中信99購01  ,0,0,0,0,0,0,0,0,0,486000,0,0,0,486000,0,486000,486000
07000P,T50反1元大99售03,0,0,0,0,0,0,0,0,0,486000,0,0,0,486000,0,486000,486000
2548,華固            ,1306324,775000,531324,0,0,0,20000,50000,-30000,-17000,0,17000,-17000,0,0,0,484324
3338,泰碩            ,1058000,633000,425000,0,0,0,0,0,0,58000,53000,17000,36000,37000,15000,22000,483000
057132,華新科凱基98購05,0,0,0,0,0,0,0,0,0,481000,0,0,0,522000,41000,481000,481000
046906,新光金凱基99購02,0,0,0,0,0,0,0,0,0,480000,0,0,0,495000,15000,480000,480000
053559,台積電國泰98購01,0,0,0,0,0,0,0,0,0,480000,0,0,0,490000,10000,480000,480000
07158P,FBVIX國泰9C售01 ,0,0,0,0,0,0,0,0,0,480000,0,0,0,746000,266000,480000,480000
058739,喬山中信99購01  ,0,0,0,0,0,0,0,0,0,477000,0,0,0,477000,0,477000,477000
9907,統一實          ,619000,143000,476000,0,0,0,0,0,0,0,0,0,0,0,0,0,476000
057782,台積電國票99購07,0,0,0,0,0,0,0,0,0,473000,0,0,0,473000,0,473000,473000
057586,台積電國票99購06,0,0,0,0,0,0,0,0,0,469000,0,0,0,469000,0,469000,469000
052818,智邦永豐96購01  ,0,0,0,0,0,0,0,0,0,468000,0,0,0,530000,62000,468000,468000
8105,凌巨            ,662000,185000,477000,0,0,0,0,0,0,-9000,0,9000,-9000,0,0,0,468000
058594,台灣50元富9B購03,0,0,0,0,0,0,0,0,0,466000,0,0,0,466000,0,466000,466000
055738,玉山金元富97購01,0,0,0,0,0,0,0,0,0,465000,0,0,0,465000,0,465000,465000
055489,瑞昱元大97購02  ,0,0,0,0,0,0,0,0,0,464000,0,0,0,474000,10000,464000,464000
6005,群益證          ,924000,462000,462000,0,0,0,0,0,0,0,0,0,0,0,0,0,462000
057770,亞德客群益98購01,0,0,0,0,0,0,0,0,0,460000,0,0,0,460000,0,460000,460000
056329,上銀國票98購02  ,0,0,0,0,0,0,0,0,0,460000,0,0,0,460000,0,460000,460000
053480,祥碩元大96購02  ,0,0,0,0,0,0,0,0,0,458000,0,0,0,480000,22000,458000,458000
057884,華邦電群益98購02,0,0,0,0,0,0,0,0,0,457000,0,0,0,538000,81000,457000,457000
056011,矽力中信99購01  ,0,0,0,0,0,0,0,0,0,456000,0,0,0,456000,0,456000,456000
052107,台積電統一95購06,0,0,0,0,0,0,0,0,0,455000,0,0,0,455000,0,455000,455000
058624,台積電國票99購09,0,0,0,0,0,0,0,0,0,454000,0,0,0,454000,0,454000,454000
048153,台積電兆豐94購01,0,0,0,0,0,0,0,0,0,449000,0,0,0,449000,0,449000,449000
055520,矽力中信97購02  ,0,0,0,0,0,0,0,0,0,446000,0,0,0,446000,0,446000,446000
057786,聯發科國票98購05,0,0,0,0,0,0,0,0,0,445000,0,0,0,445000,0,445000,445000
058067,台積電第一9C購01,0,0,0,0,0,0,0,0,0,445000,0,0,0,445000,0,445000,445000
058024,台積電國泰9A購01,0,0,0,0,0,0,0,0,0,444000,0,0,0,444000,0,444000,444000
059133,臺股指群益99購08,0,0,0,0,0,0,0,0,0,444000,0,0,0,1043000,599000,444000,444000
059286,S&P正2元富01購03,0,0,0,0,0,0,0,0,0,440000,0,0,0,1241000,801000,440000,440000
06897P,FBVIX群益01售01 ,0,0,0,0,0,0,0,0,0,438000,0,0,0,438000,0,438000,438000
8271,宇瞻            ,1548247,1163000,385247,0,0,0,0,0,0,52000,55000,3000,52000,0,0,0,437247
6251,定穎            ,738000,452000,286000,0,0,0,0,0,0,150000,150000,0,150000,0,0,0,436000
2356,英業達          ,8287000,8656335,-369335,0,0,0,727000,0,727000,77000,28000,120000,-92000,231000,62000,169000,434665
020012,富邦行動通訊N   ,0,0,0,0,0,0,0,0,0,432000,0,0,0,607000,175000,432000,432000
052802,華新科元大97購02,0,0,0,0,0,0,0,0,0,432000,0,0,0,457000,25000,432000,432000
1201,味全            ,561000,148703,412297,0,0,0,0,0,0,0,0,0,0,0,0,0,412297
00661,元大日經225     ,0,0,0,0,0,0,0,0,0,411000,0,0,0,412000,1000,411000,411000
1736,喬山            ,545000,145690,399310,0,0,0,0,0,0,11000,0,0,0,11000,0,11000,410310
057382,聯發科國泰9A購01,0,0,0,0,0,0,0,0,0,410000,0,0,0,410000,0,410000,410000
050797,聯發科中信99購01,0,0,0,0,0,0,0,0,0,407000,0,0,0,407000,0,407000,407000
2609,陽明            ,627000,220000,407000,0,0,0,0,0,0,0,0,0,0,0,0,0,407000
050754,元金2X元富9B購01,0,0,0,0,0,0,0,0,0,406000,0,0,0,406000,0,406000,406000
057272,台積電元大98購14,0,0,0,0,0,0,0,0,0,405000,0,0,0,405000,0,405000,405000
1305,華夏            ,822000,417000,405000,0,0,0,0,0,0,0,0,0,0,0,0,0,405000
020000,富邦特選蘋果N   ,0,0,0,0,0,0,0,0,0,403000,0,0,0,412000,9000,403000,403000
054293,健策元大98購02  ,0,0,0,0,0,0,0,0,0,402000,0,0,0,402000,0,402000,402000
03831P,臺股指中信95售02,0,0,0,0,0,0,0,0,0,401000,0,0,0,401000,0,401000,401000
058112,神達元富98購01  ,0,0,0,0,0,0,0,0,0,400000,0,0,0,400000,0,400000,400000
055524,鴻海群益98購01  ,0,0,0,0,0,0,0,0,0,400000,0,0,0,400000,0,400000,400000
057697,國巨群益98購09  ,0,0,0,0,0,0,0,0,0,400000,0,0,0,400000,0,400000,400000
045907,鴻海中信94購02  ,0,0,0,0,0,0,0,0,0,400000,0,0,0,400000,0,400000,400000
045992,鴻海富邦94購01  ,0,0,0,0,0,0,0,0,0,400000,0,0,0,400000,0,400000,400000
050240,聯發科凱基94購13,0,0,0,0,0,0,0,0,0,400000,0,0,0,400000,0,400000,400000
052860,旺宏凱基96購03  ,0,0,0,0,0,0,0,0,0,400000,0,0,0,400000,0,400000,400000
053323,群創群益98購07  ,0,0,0,0,0,0,0,0,0,399000,0,0,0,399000,0,399000,399000
059294,宏達電元富9B購02,0,0,0,0,0,0,0,0,0,398000,0,0,0,398000,0,398000,398000
059316,國巨元大99購23  ,0,0,0,0,0,0,0,0,0,397000,0,0,0,503000,106000,397000,397000
059527,聯發科凱基99購16,0,0,0,0,0,0,0,0,0,396000,0,0,0,526000,130000,396000,396000
4904,遠傳            ,2851592,2378682,472910,0,0,0,0,0,0,-77000,0,77000,-77000,0,0,0,395910
055337,超眾兆豐98購01  ,0,0,0,0,0,0,0,0,0,395000,0,0,0,405000,10000,395000,395000
056516,晶豪科兆豐98購01,0,0,0,0,0,0,0,0,0,391000,0,0,0,401000,10000,391000,391000
053860,台積電元大98購03,0,0,0,0,0,0,0,0,0,390000,0,0,0,390000,0,390000,390000
051399,玉晶光台新96購01,0,0,0,0,0,0,0,0,0,390000,0,0,0,390000,0,390000,390000
05180P,玉晶光凱基95售04,0,0,0,0,0,0,0,0,0,389000,0,0,0,389000,0,389000,389000
052917,大立光富邦99購02,0,0,0,0,0,0,0,0,0,387000,0,0,0,387000,0,387000,387000
056356,台積電元大99購01,0,0,0,0,0,0,0,0,0,386000,0,0,0,386000,0,386000,386000
057205,元翎元富98購01  ,0,0,0,0,0,0,0,0,0,385000,0,0,0,385000,0,385000,385000
058415,祥碩兆豐99購01  ,0,0,0,0,0,0,0,0,0,383000,0,0,0,393000,10000,383000,383000
049492,聯發科元大95購02,0,0,0,0,0,0,0,0,0,383000,0,0,0,503000,120000,383000,383000
059142,道瓊指國票9B購02,0,0,0,0,0,0,0,0,0,379000,0,0,0,379000,0,379000,379000
056020,義隆群益97購01  ,0,0,0,0,0,0,0,0,0,379000,0,0,0,499000,120000,379000,379000
00692,富邦公司治理    ,22000,24000,-2000,0,0,0,0,0,0,378000,0,0,0,2596000,2218000,378000,376000
058665,台灣50群益9B購02,0,0,0,0,0,0,0,0,0,375000,0,0,0,375000,0,375000,375000
050791,聯發科富邦96購01,0,0,0,0,0,0,0,0,0,373000,0,0,0,373000,0,373000,373000
052756,國巨群益96購02  ,0,0,0,0,0,0,0,0,0,371000,0,0,0,371000,0,371000,371000
055876,美食元富9A購01  ,0,0,0,0,0,0,0,0,0,371000,0,0,0,371000,0,371000,371000
06459P,亞德客元富98售01,0,0,0,0,0,0,0,0,0,370000,0,0,0,420000,50000,370000,370000
044974,鴻海國票94購01  ,0,0,0,0,0,0,0,0,0,370000,0,0,0,370000,0,370000,370000
048867,台積電兆豐95購01,0,0,0,0,0,0,0,0,0,366000,0,0,0,376000,10000,366000,366000
2897,王道銀行        ,663000,282000,381000,0,0,0,0,0,0,-16000,0,16000,-16000,0,0,0,365000
06034P,世芯凱基96售03  ,0,0,0,0,0,0,0,0,0,364000,0,0,0,364000,0,364000,364000
049293,友訊群益95購01  ,0,0,0,0,0,0,0,0,0,361000,0,0,0,361000,0,361000,361000
4935,茂林-KY         ,137000,516000,-379000,0,0,0,657000,0,657000,81000,0,0,0,93000,12000,81000,359000
043735,元金2X元大94購01,0,0,0,0,0,0,0,0,0,357000,0,0,0,357000,0,357000,357000
06059P,泰碩元大97售02  ,0,0,0,0,0,0,0,0,0,356000,0,0,0,356000,0,356000,356000
059492,國巨國票9A購06  ,0,0,0,0,0,0,0,0,0,352000,0,0,0,388000,36000,352000,352000
050166,彩晶國泰95購01  ,0,0,0,0,0,0,0,0,0,350000,0,0,0,350000,0,350000,350000
049004,聯發科中信96購01,0,0,0,0,0,0,0,0,0,350000,0,0,0,350000,0,350000,350000
2501,國建            ,631920,285000,346920,0,0,0,0,0,0,0,0,0,0,0,0,0,346920
056454,欣興凱基98購02  ,0,0,0,0,0,0,0,0,0,345000,0,0,0,371000,26000,345000,345000
057428,正崴兆豐98購01  ,0,0,0,0,0,0,0,0,0,344000,0,0,0,344000,0,344000,344000
054804,南亞元大9A購01  ,0,0,0,0,0,0,0,0,0,344000,0,0,0,354000,10000,344000,344000
059134,臺股指群益99購09,0,0,0,0,0,0,0,0,0,340000,0,0,0,619000,279000,340000,340000
052751,臺股指元大96購05,0,0,0,0,0,0,0,0,0,340000,0,0,0,340000,0,340000,340000
053503,臻鼎兆豐97購01  ,0,0,0,0,0,0,0,0,0,340000,0,0,0,340000,0,340000,340000
054089,台積電群益96購11,0,0,0,0,0,0,0,0,0,339000,0,0,0,339000,0,339000,339000
3703,欣陸            ,513000,174000,339000,0,0,0,0,0,0,0,0,0,0,0,0,0,339000
051995,矽力元大95購03  ,0,0,0,0,0,0,0,0,0,335000,0,0,0,335000,0,335000,335000
053850,嘉澤元富96購03  ,0,0,0,0,0,0,0,0,0,335000,0,0,0,335000,0,335000,335000
058709,臺股指元大9A購22,0,0,0,0,0,0,0,0,0,335000,0,0,0,335000,0,335000,335000
050647,聯發科凱基96購01,0,0,0,0,0,0,0,0,0,335000,0,0,0,335000,0,335000,335000
6670,復盛應用        ,798439,431000,367439,0,0,0,0,3000,-3000,-31000,0,33000,-33000,3000,1000,2000,333439
057917,台積電凱基98購17,0,0,0,0,0,0,0,0,0,333000,0,0,0,333000,0,333000,333000
057709,電子類群益98購01,0,0,0,0,0,0,0,0,0,331000,0,0,0,331000,0,331000,331000
055763,鎧勝群益97購01  ,0,0,0,0,0,0,0,0,0,331000,0,0,0,331000,0,331000,331000
059090,台新金元大99購01,0,0,0,0,0,0,0,0,0,330000,0,0,0,335000,5000,330000,330000
059012,臺股指元大9A購31,0,0,0,0,0,0,0,0,0,329000,0,0,0,343000,14000,329000,329000
059257,臺股指凱基99購35,0,0,0,0,0,0,0,0,0,329000,0,0,0,340000,11000,329000,329000
058211,國巨群益9A購02  ,0,0,0,0,0,0,0,0,0,329000,0,0,0,329000,0,329000,329000
051127,同欣電群益95購01,0,0,0,0,0,0,0,0,0,329000,0,0,0,329000,0,329000,329000
05492P,聯茂元大95售02  ,0,0,0,0,0,0,0,0,0,327000,0,0,0,342000,15000,327000,327000
058950,國巨群益99購06  ,0,0,0,0,0,0,0,0,0,327000,0,0,0,327000,0,327000,327000
058120,台灣50國票99購03,0,0,0,0,0,0,0,0,0,323000,0,0,0,323000,0,323000,323000
042317,台灣50永豐96購01,0,0,0,0,0,0,0,0,0,323000,0,0,0,323000,0,323000,323000
6288,聯嘉            ,605000,282000,323000,0,0,0,0,0,0,0,3000,3000,0,0,0,0,323000
050686,欣興兆豐96購01  ,0,0,0,0,0,0,0,0,0,322000,0,0,0,322000,0,322000,322000
052067,中磊兆豐96購01  ,0,0,0,0,0,0,0,0,0,321000,0,0,0,321000,0,321000,321000
057724,亞德客國泰99購01,0,0,0,0,0,0,0,0,0,320000,0,0,0,320000,0,320000,320000
056766,義隆元大98購01  ,0,0,0,0,0,0,0,0,0,320000,0,0,0,424000,104000,320000,320000
054780,中石化群益99購01,0,0,0,0,0,0,0,0,0,320000,0,0,0,430000,110000,320000,320000
055089,金寶群益98購01  ,0,0,0,0,0,0,0,0,0,320000,0,0,0,340000,20000,320000,320000
054154,智易國泰97購01  ,0,0,0,0,0,0,0,0,0,320000,0,0,0,320000,0,320000,320000
3596,智易            ,629877,290485,339392,0,0,0,0,0,0,-20000,9000,35000,-26000,13000,7000,6000,319392
4119,旭富            ,549941,447000,102941,0,0,0,300000,4000,296000,-80000,25000,115000,-90000,21000,11000,10000,318941
2534,宏盛            ,466535,148000,318535,0,0,0,0,0,0,0,0,0,0,0,0,0,318535
059002,聯發科元大99購18,0,0,0,0,0,0,0,0,0,318000,0,0,0,328000,10000,318000,318000
048848,滬深2X群益98購02,0,0,0,0,0,0,0,0,0,318000,0,0,0,318000,0,318000,318000
00683L,元大美元指數正2 ,0,0,0,0,0,0,0,0,0,316000,0,0,0,321000,5000,316000,316000
07118P,台積電凱基99售09,0,0,0,0,0,0,0,0,0,315000,0,0,0,345000,30000,315000,315000
047418,智邦富邦97購01  ,0,0,0,0,0,0,0,0,0,314000,0,0,0,314000,0,314000,314000
2606,裕民            ,543000,218000,325000,0,0,0,0,0,0,-14000,0,14000,-14000,0,0,0,311000
2369,菱生            ,810000,489000,321000,0,0,0,0,0,0,-10000,0,10000,-10000,0,0,0,311000
055036,中工富邦9B購01  ,0,0,0,0,0,0,0,0,0,310000,0,0,0,310000,0,310000,310000
047768,大立光元大95購01,0,0,0,0,0,0,0,0,0,310000,0,0,0,311000,1000,310000,310000
2841,台開            ,832000,518000,314000,0,0,0,0,0,0,-4000,0,4000,-4000,0,0,0,310000
3006,晶豪科          ,550000,218000,332000,0,0,0,0,0,0,-22000,20000,46000,-26000,23000,19000,4000,310000
051201,台積電麥證95購02,0,0,0,175000,0,175000,0,0,0,307000,0,0,0,307000,0,307000,307000
048192,華通元大96購01  ,0,0,0,0,0,0,0,0,0,305000,0,0,0,309000,4000,305000,305000
056236,台積電群益97購06,0,0,0,0,0,0,0,0,0,304000,0,0,0,304000,0,304000,304000
051676,康舒元大95購01  ,0,0,0,0,0,0,0,0,0,303000,0,0,0,303000,0,303000,303000
054427,潤泰全富邦97購01,0,0,0,0,0,0,0,0,0,302000,0,0,0,310000,8000,302000,302000
056639,國產康和98購01  ,0,0,0,0,0,0,0,0,0,301000,0,0,0,341000,40000,301000,301000
058086,鴻海元大98購14  ,0,0,0,0,0,0,0,0,0,300000,0,0,0,300000,0,300000,300000
049529,華新科中信95購01,0,0,0,0,0,0,0,0,0,300000,0,0,0,300000,0,300000,300000
048795,復盛元大94購01  ,0,0,0,0,0,0,0,0,0,300000,0,0,0,300000,0,300000,300000
045220,漢唐元大94購01  ,0,0,0,0,0,0,0,0,0,300000,0,0,0,300000,0,300000,300000
055719,可成元大97購03  ,0,0,0,0,0,0,0,0,0,300000,0,0,0,300000,0,300000,300000
052343,同欣電凱基95購03,0,0,0,0,0,0,0,0,0,300000,0,0,0,300000,0,300000,300000
053083,中環元大99購01  ,0,0,0,0,0,0,0,0,0,300000,0,0,0,301000,1000,300000,300000
059561,滬深2X凱基9C購05,0,0,0,0,0,0,0,0,0,300000,0,0,0,310000,10000,300000,300000
056118,聯詠群益97購03  ,0,0,0,0,0,0,0,0,0,299000,0,0,0,299000,0,299000,299000
054781,台化群益99購01  ,0,0,0,0,0,0,0,0,0,299000,0,0,0,299000,0,299000,299000
051505,台積電元富95購05,0,0,0,0,0,0,0,0,0,299000,0,0,0,299000,0,299000,299000
051971,元金2X凱基97購02,0,0,0,0,0,0,0,0,0,298000,0,0,0,298000,0,298000,298000
042711,台灣50國票93購01,0,0,0,0,0,0,0,0,0,298000,0,0,0,298000,0,298000,298000
042929,台積電中信95購02,0,0,0,0,0,0,0,0,0,298000,0,0,0,298000,0,298000,298000
04700P,臺股指元富94售06,0,0,0,0,0,0,0,0,0,298000,0,0,0,298000,0,298000,298000
2505,國揚            ,337744,317000,20744,0,0,0,0,0,0,276000,0,0,0,276000,0,276000,296744
048432,全新國票95購01  ,0,0,0,0,0,0,0,0,0,296000,0,0,0,296000,0,296000,296000
036630,玉山金台新99購01,0,0,0,0,0,0,0,0,0,293000,0,0,0,293000,0,293000,293000
053145,元黃金元大96購02,0,0,0,0,0,0,0,0,0,293000,0,0,0,333000,40000,293000,293000
052371,元金2X元大95購01,0,0,0,0,0,0,0,0,0,291000,0,0,0,291000,0,291000,291000
058968,T50正2永豐99購01,0,0,0,0,0,0,0,0,0,291000,0,0,0,291000,0,291000,291000
6504,南六            ,250000,19000,231000,0,0,0,0,0,0,60000,60000,0,60000,0,0,0,291000
054539,欣興國票98購01  ,0,0,0,0,0,0,0,0,0,290000,0,0,0,290000,0,290000,290000
055583,國巨元大97購10  ,0,0,0,0,0,0,0,0,0,290000,0,0,0,290000,0,290000,290000
055771,台積電日盛97購04,0,0,0,0,0,0,0,0,0,290000,0,0,0,440000,150000,290000,290000
048007,明基材元大96購01,0,0,0,0,0,0,0,0,0,290000,0,0,0,290000,0,290000,290000
1536,和大            ,1362000,1064000,298000,0,0,0,0,70000,-70000,61000,61000,15000,46000,23000,8000,15000,289000
042793,台積電台新9C購01,0,0,0,0,0,0,0,0,0,288000,0,0,0,288000,0,288000,288000
059520,台表科永豐99購02,0,0,0,0,0,0,0,0,0,287000,0,0,0,328000,41000,287000,287000
058547,世紀鋼富邦9A購01,0,0,0,0,0,0,0,0,0,285000,0,0,0,285000,0,285000,285000
058414,大立光兆豐99購02,0,0,0,0,0,0,0,0,0,285000,0,0,0,285000,0,285000,285000
03619C,臺股指元大95牛02,0,0,0,0,0,0,0,0,0,284000,0,0,0,331000,47000,284000,284000
1304,台聚            ,1118000,760000,358000,0,0,0,0,0,0,-75000,0,75000,-75000,0,0,0,283000
00651R,FH香港反1       ,21000,13000,8000,0,0,0,0,0,0,274000,0,0,0,374000,100000,274000,282000
06038P,國泰金台新96售01,0,0,0,0,0,0,0,0,0,282000,0,0,0,307000,25000,282000,282000
052441,亞泥元大95購01  ,0,0,0,0,0,0,0,0,0,281000,0,0,0,281000,0,281000,281000
6166,凌華            ,490000,212000,278000,0,0,0,0,0,0,2000,0,2000,-2000,4000,0,4000,280000
047736,聯發科台新94購01,0,0,0,0,0,0,0,0,0,279000,0,0,0,279000,0,279000,279000
9914,美利達          ,857000,496000,361000,0,0,0,0,69000,-69000,-13000,0,13000,-13000,0,0,0,279000
3515,華擎            ,534000,292000,242000,0,0,0,2000,0,2000,35000,5000,2000,3000,34000,2000,32000,279000
057405,麗豐群益98購01  ,0,0,0,0,0,0,0,0,0,278000,0,0,0,298000,20000,278000,278000
057315,台灣50康和9A購03,0,0,0,0,0,0,0,0,0,278000,0,0,0,278000,0,278000,278000
2547,日勝生          ,527000,249580,277420,0,0,0,0,0,0,-1000,0,1000,-1000,0,0,0,276420
1902,台紙            ,404000,132000,272000,0,0,0,0,0,0,0,0,0,0,0,0,0,272000
057692,臺股指凱基98購10,0,0,0,0,0,0,0,0,0,271000,0,0,0,271000,0,271000,271000
050099,台積電永昌96購01,0,0,0,0,0,0,0,0,0,271000,0,0,0,798000,527000,271000,271000
057845,晶相光永豐98購03,0,0,0,0,0,0,0,0,0,270000,0,0,0,270000,0,270000,270000
050219,台積電元富95購03,0,0,0,0,0,0,0,0,0,270000,0,0,0,270000,0,270000,270000
045087,玉晶光元大95購01,0,0,0,0,0,0,0,0,0,269000,0,0,0,269000,0,269000,269000
053965,聯電元大98購04  ,0,0,0,0,0,0,0,0,0,269000,0,0,0,479000,210000,269000,269000
1789,神隆            ,670000,325000,345000,0,0,0,0,57000,-57000,-20000,0,20000,-20000,0,0,0,268000
06383P,聯茂元富97售01  ,0,0,0,0,0,0,0,0,0,267000,0,0,0,267000,0,267000,267000
2101,南港            ,782000,492000,290000,0,0,0,0,0,0,-23000,0,33000,-33000,14000,4000,10000,267000
06890P,金融類元大98售02,0,0,0,0,0,0,0,0,0,267000,0,0,0,285000,18000,267000,267000
8404,百和興業-KY     ,340000,74000,266000,0,0,0,0,0,0,0,0,0,0,0,0,0,266000
07099P,台積電元大99售19,0,0,0,0,0,0,0,0,0,265000,0,0,0,265000,0,265000,265000
051907,台積電元大97購05,0,0,0,0,0,0,0,0,0,263000,0,0,0,263000,0,263000,263000
03438P,群創群益98售03  ,0,0,0,0,0,0,0,0,0,263000,0,0,0,263000,0,263000,263000
049254,台積電元大96購02,0,0,0,0,0,0,0,0,0,263000,0,0,0,263000,0,263000,263000
3605,宏致            ,528000,263000,265000,0,0,0,0,0,0,-2000,0,2000,-2000,0,0,0,263000
5264,鎧勝-KY         ,431000,161000,270000,0,0,0,0,0,0,-7000,0,4000,-4000,9000,12000,-3000,263000
055716,致茂元大97購01  ,0,0,0,0,0,0,0,0,0,262000,0,0,0,262000,0,262000,262000
049921,大立光元大94購16,0,0,0,0,0,0,0,0,0,261000,0,0,0,261000,0,261000,261000
6278,台表科          ,1026000,1534928,-508928,0,0,0,781000,0,781000,-12000,8000,50000,-42000,40000,10000,30000,260072
054999,玉晶光元富97購03,0,0,0,0,0,0,0,0,0,260000,0,0,0,260000,0,260000,260000
056361,美律元大99購02  ,0,0,0,0,0,0,0,0,0,260000,0,0,0,260000,0,260000,260000
050155,華新科群益95購01,0,0,0,0,0,0,0,0,0,260000,0,0,0,260000,0,260000,260000
050526,貿聯元大95購01  ,0,0,0,0,0,0,0,0,0,260000,0,0,0,260000,0,260000,260000
054233,聯發科群益96購04,0,0,0,0,0,0,0,0,0,260000,0,0,0,260000,0,260000,260000
3050,鈺德            ,300000,44000,256000,0,0,0,0,0,0,4000,7000,3000,4000,0,0,0,260000
050177,聯發科元大94購11,0,0,0,0,0,0,0,0,0,259000,0,0,0,419000,160000,259000,259000
1590,亞德客-KY       ,1930000,1655055,274945,0,0,0,4000,39000,-35000,19000,5000,6000,-1000,26000,6000,20000,258945
05201P,玉晶光國泰97售02,0,0,0,0,0,0,0,0,0,257000,0,0,0,257000,0,257000,257000
006205,富邦上証        ,54000,14000,40000,0,0,0,0,0,0,216000,0,0,0,1407000,1191000,216000,256000
052866,大立光凱基96購12,0,0,0,0,0,0,0,0,0,255000,0,0,0,255000,0,255000,255000
057643,聯發科元大99購03,0,0,0,0,0,0,0,0,0,254000,0,0,0,264000,10000,254000,254000
054198,台積電永昌96購08,0,0,0,0,0,0,0,0,0,253000,0,0,0,253000,0,253000,253000
03674C,臺股指元富9C牛02,0,0,0,0,0,0,0,0,0,253000,0,0,0,254000,1000,253000,253000
051007,台光電麥證95購01,0,0,0,250000,0,250000,0,0,0,250000,0,0,0,250000,0,250000,250000
050940,嘉澤國票95購01  ,0,0,0,0,0,0,0,0,0,250000,0,0,0,250000,0,250000,250000
052291,鴻海元富97購02  ,0,0,0,0,0,0,0,0,0,250000,0,0,0,250000,0,250000,250000
055456,上銀富邦99購01  ,0,0,0,0,0,0,0,0,0,249000,0,0,0,249000,0,249000,249000
059385,滬深2X凱基9C購03,0,0,0,0,0,0,0,0,0,249000,0,0,0,260000,11000,249000,249000
057207,立積元富98購02  ,0,0,0,0,0,0,0,0,0,247000,0,0,0,337000,90000,247000,247000
058186,聯發科永豐99購01,0,0,0,0,0,0,0,0,0,247000,0,0,0,257000,10000,247000,247000
056172,鴻海元富97購11  ,0,0,0,0,0,0,0,0,0,246000,0,0,0,246000,0,246000,246000
059010,臺股指元大99購12,0,0,0,0,0,0,0,0,0,246000,0,0,0,246000,0,246000,246000
049784,台積電兆豐94購05,0,0,0,0,0,0,0,0,0,246000,0,0,0,247000,1000,246000,246000
9105,泰金寶-DR       ,397000,151000,246000,0,0,0,0,0,0,0,0,0,0,0,0,0,246000
056080,世紀鋼元大97購03,0,0,0,0,0,0,0,0,0,245000,0,0,0,245000,0,245000,245000
058173,台積電凱基99購04,0,0,0,0,0,0,0,0,0,245000,0,0,0,245000,0,245000,245000
2426,鼎元            ,395000,147000,248000,0,0,0,0,0,0,-4000,0,4000,-4000,0,0,0,244000
051280,台積電兆豐95購04,0,0,0,0,0,0,0,0,0,241000,0,0,0,241000,0,241000,241000
5531,鄉林            ,374000,133000,241000,0,0,0,0,0,0,0,0,0,0,0,0,0,241000
054845,智邦兆豐98購01  ,0,0,0,0,0,0,0,0,0,240000,0,0,0,240000,0,240000,240000
054548,鴻海凱基98購03  ,0,0,0,0,0,0,0,0,0,240000,0,0,0,240000,0,240000,240000
058745,元金2X凱基9C購02,0,0,0,0,0,0,0,0,0,240000,0,0,0,240000,0,240000,240000
053304,可成凱基96購03  ,0,0,0,0,0,0,0,0,0,240000,0,0,0,240000,0,240000,240000
049668,大立光國泰96購02,0,0,0,0,0,0,0,0,0,240000,0,0,0,240000,0,240000,240000
047123,中石化中信95購01,0,0,0,0,0,0,0,0,0,240000,0,0,0,240000,0,240000,240000
2605,新興            ,450000,193000,257000,0,0,0,0,0,0,-17000,0,22000,-22000,36000,31000,5000,240000
059341,台積電凱基99購15,0,0,0,0,0,0,0,0,0,239000,0,0,0,507000,268000,239000,239000
059000,台積電元大99購25,0,0,0,0,0,0,0,0,0,238000,0,0,0,238000,0,238000,238000
2401,凌陽            ,411000,159000,252000,0,0,0,0,0,0,-14000,4000,18000,-14000,0,0,0,238000
07075P,FBVIX凱基9C售04 ,0,0,0,0,0,0,0,0,0,236000,0,0,0,236000,0,236000,236000
048010,嘉聯益富邦97購01,0,0,0,0,0,0,0,0,0,235000,0,0,0,235000,0,235000,235000
052443,台積電元大95購23,0,0,0,0,0,0,0,0,0,231000,0,0,0,231000,0,231000,231000
2399,映泰            ,339000,108000,231000,0,0,0,0,0,0,0,0,0,0,0,0,0,231000
057502,訊芯群益98購02  ,0,0,0,0,0,0,0,0,0,230000,0,0,0,230000,0,230000,230000
053054,禾伸堂國票97購01,0,0,0,0,0,0,0,0,0,230000,0,0,0,230000,0,230000,230000
052278,國巨凱基95購06  ,0,0,0,0,0,0,0,0,0,229000,0,0,0,229000,0,229000,229000
050726,可成國票96購01  ,0,0,0,0,0,0,0,0,0,229000,0,0,0,229000,0,229000,229000
2105,正新            ,2075000,1774849,300151,0,0,0,0,0,0,-72000,2000,74000,-72000,0,0,0,228151
056413,上証反中信9A購01,0,0,0,0,0,0,0,0,0,228000,0,0,0,238000,10000,228000,228000
058504,台積電元大99購07,0,0,0,0,0,0,0,0,0,228000,0,0,0,228000,0,228000,228000
049584,台積電元大96購04,0,0,0,0,0,0,0,0,0,228000,0,0,0,228000,0,228000,228000
058097,台灣50國泰99購01,0,0,0,0,0,0,0,0,0,227000,0,0,0,227000,0,227000,227000
057277,可成元大98購05  ,0,0,0,0,0,0,0,0,0,227000,0,0,0,248000,21000,227000,227000
049583,台積電元大95購04,0,0,0,0,0,0,0,0,0,226000,0,0,0,226000,0,226000,226000
4943,康控-KY         ,645000,458316,186684,0,0,0,0,0,0,39000,0,3000,-3000,48000,6000,42000,225684
2495,普安            ,253000,27000,226000,0,0,0,0,0,0,-1000,0,1000,-1000,0,0,0,225000
00681R,元大美債20反1   ,0,0,0,0,0,0,0,0,0,223000,0,0,0,239000,16000,223000,223000
6443,元晶            ,254000,31000,223000,0,0,0,0,0,0,0,0,0,0,0,0,0,223000
057114,台虹群益98購01  ,0,0,0,0,0,0,0,0,0,220000,0,0,0,220000,0,220000,220000
047895,台積電群益94購04,0,0,0,0,0,0,0,0,0,220000,0,0,0,220000,0,220000,220000
056173,廣達元富97購01  ,0,0,0,0,0,0,0,0,0,219000,0,0,0,219000,0,219000,219000
2328,廣宇            ,719000,471000,248000,0,0,0,0,0,0,-30000,20000,50000,-30000,0,0,0,218000
056921,京元電兆豐98購01,0,0,0,0,0,0,0,0,0,217000,0,0,0,245000,28000,217000,217000
5305,敦南            ,252000,34000,218000,0,0,0,0,0,0,-1000,0,1000,-1000,0,0,0,217000
058353,國巨凱基99購09  ,0,0,0,0,0,0,0,0,0,216000,0,0,0,216000,0,216000,216000
035277,景碩台新97購01  ,0,0,0,0,0,0,0,0,0,216000,0,0,0,216000,0,216000,216000
051073,同欣電國票96購01,0,0,0,0,0,0,0,0,0,215000,0,0,0,215000,0,215000,215000
054391,宏達電元富96購04,0,0,0,0,0,0,0,0,0,215000,0,0,0,215000,0,215000,215000
3026,禾伸堂          ,696000,433321,262679,0,0,0,0,0,0,-48000,101000,153000,-52000,21000,17000,4000,214679
054425,聯發科富邦99購03,0,0,0,0,0,0,0,0,0,214000,0,0,0,214000,0,214000,214000
049252,國巨元大96購01  ,0,0,0,0,0,0,0,0,0,214000,0,0,0,244000,30000,214000,214000
00668,國泰美國道瓊    ,0,0,0,0,0,0,0,0,0,214000,0,0,0,572000,358000,214000,214000
051970,元黃金凱基98購01,0,0,0,0,0,0,0,0,0,212000,0,0,0,212000,0,212000,212000
059210,鴻海元大99購26  ,0,0,0,0,0,0,0,0,0,210000,0,0,0,250000,40000,210000,210000
055209,勤誠康和97購01  ,0,0,0,0,0,0,0,0,0,210000,0,0,0,260000,50000,210000,210000
054363,世芯凱基97購01  ,0,0,0,0,0,0,0,0,0,210000,0,0,0,210000,0,210000,210000
053115,滬深2X中信97購01,0,0,0,0,0,0,0,0,0,210000,0,0,0,210000,0,210000,210000
057565,可成富邦99購01  ,0,0,0,0,0,0,0,0,0,208000,0,0,0,208000,0,208000,208000
052934,中磊元大96購01  ,0,0,0,0,0,0,0,0,0,208000,0,0,0,263000,55000,208000,208000
052104,英業達兆豐96購01,0,0,0,0,0,0,0,0,0,207000,0,0,0,217000,10000,207000,207000
052940,玉晶光兆豐97購01,0,0,0,0,0,0,0,0,0,206000,0,0,0,216000,10000,206000,206000
4551,智伸科          ,168000,145000,23000,0,0,0,182000,0,182000,1000,0,0,0,1000,0,1000,206000
057258,中環兆豐98購01  ,0,0,0,0,0,0,0,0,0,205000,0,0,0,205000,0,205000,205000
058312,大毅國泰9B購01  ,0,0,0,0,0,0,0,0,0,205000,0,0,0,205000,0,205000,205000
05306P,泰碩國泰97售01  ,0,0,0,0,0,0,0,0,0,205000,0,0,0,205000,0,205000,205000
054112,台積電麥證96購02,0,0,0,0,0,0,0,0,0,205000,0,0,0,205000,0,205000,205000
048070,聯發科元富99購03,0,0,0,0,0,0,0,0,0,205000,0,0,0,205000,0,205000,205000
043442,大立光台新01購01,0,0,0,0,0,0,0,0,0,204000,0,0,0,204000,0,204000,204000
053318,全新群益99購01  ,0,0,0,0,0,0,0,0,0,204000,0,0,0,254000,50000,204000,204000
058174,台積電凱基9A購05,0,0,0,0,0,0,0,0,0,203000,0,0,0,203000,0,203000,203000
2601,益航            ,421000,218000,203000,0,0,0,0,0,0,0,0,0,0,0,0,0,203000
058645,康控富邦01購01  ,0,0,0,0,0,0,0,0,0,202000,0,0,0,202000,0,202000,202000
054016,嘉晶永豐96購04  ,0,0,0,0,0,0,0,0,0,202000,0,0,0,215000,13000,202000,202000
046961,大立光中信95購02,0,0,0,0,0,0,0,0,0,202000,0,0,0,202000,0,202000,202000
058356,華邦電凱基99購01,0,0,0,0,0,0,0,0,0,201000,0,0,0,201000,0,201000,201000
03669C,滬深2X元富09牛01,0,0,0,0,0,0,0,0,0,201000,0,0,0,235000,34000,201000,201000
03412P,滬深2X群益98售01,0,0,0,0,0,0,0,0,0,201000,0,0,0,201000,0,201000,201000
054115,台塑康和96購01  ,0,0,0,0,0,0,0,0,0,201000,0,0,0,201000,0,201000,201000
8464,億豐            ,919000,723333,195667,0,0,0,43000,0,43000,-38000,0,38000,-38000,0,0,0,200667
056436,台積電凱基98購10,0,0,0,0,0,0,0,0,0,200000,0,0,0,200000,0,200000,200000
057234,宏達電凱基98購05,0,0,0,0,0,0,0,0,0,200000,0,0,0,200000,0,200000,200000
056235,鴻海群益97購07  ,0,0,0,0,0,0,0,0,0,200000,0,0,0,200000,0,200000,200000
057487,聯發科元大98購10,0,0,0,0,0,0,0,0,0,200000,0,0,0,460000,260000,200000,200000
055937,康舒群益97購01  ,0,0,0,0,0,0,0,0,0,200000,0,0,0,200000,0,200000,200000
058636,亞光兆豐9A購01  ,0,0,0,0,0,0,0,0,0,200000,0,0,0,210000,10000,200000,200000
054947,興勤元大97購01  ,0,0,0,0,0,0,0,0,0,200000,0,0,0,200000,0,200000,200000
059244,聯發科凱基99購13,0,0,0,0,0,0,0,0,0,200000,0,0,0,200000,0,200000,200000
06490P,鴻海富邦99售02  ,0,0,0,0,0,0,0,0,0,200000,0,0,0,200000,0,200000,200000
056883,美食康和98購01  ,0,0,0,0,0,0,0,0,0,200000,0,0,0,200000,0,200000,200000
054473,鴻海中信96購02  ,0,0,0,0,0,0,0,0,0,200000,0,0,0,200000,0,200000,200000
058426,旺宏元富99購02  ,0,0,0,0,0,0,0,0,0,200000,0,0,0,200000,0,200000,200000
054550,旺宏凱基98購02  ,0,0,0,0,0,0,0,0,0,200000,0,0,0,200000,0,200000,200000
054509,上証反元大99購01,0,0,0,0,0,0,0,0,0,200000,0,0,0,200000,0,200000,200000
054714,和鑫台新98購01  ,0,0,0,0,0,0,0,0,0,200000,0,0,0,200000,0,200000,200000
052211,台積電元大95購22,0,0,0,0,0,0,0,0,0,200000,0,0,0,200000,0,200000,200000
053164,台光電群益96購02,0,0,0,0,0,0,0,0,0,200000,0,0,0,200000,0,200000,200000
051410,京元電國票96購01,0,0,0,0,0,0,0,0,0,200000,0,0,0,200000,0,200000,200000
053532,台積電永豐96購03,0,0,0,0,0,0,0,0,0,200000,0,0,0,200000,0,200000,200000
058981,國巨凱基99購10  ,0,0,0,0,0,0,0,0,0,200000,0,0,0,200000,0,200000,200000
045446,鴻海國泰94購01  ,0,0,0,0,0,0,0,0,0,200000,0,0,0,200000,0,200000,200000
047046,台積電國票94購01,0,0,0,0,0,0,0,0,0,200000,0,0,0,200000,0,200000,200000
04383P,泰鼎國泰95售01  ,0,0,0,0,0,0,0,0,0,200000,0,0,0,200000,0,200000,200000
048788,華新科元大95購02,0,0,0,0,0,0,0,0,0,200000,0,0,0,200000,0,200000,200000
048860,玉晶光群益96購03,0,0,0,0,0,0,0,0,0,200000,0,0,0,200000,0,200000,200000
047783,聯茂國泰94購02  ,0,0,0,0,0,0,0,0,0,200000,0,0,0,200000,0,200000,200000
051115,華通麥證96購01  ,0,0,0,200000,0,200000,0,0,0,200000,0,0,0,200000,0,200000,200000
054925,神達凱基97購01  ,0,0,0,0,0,0,0,0,0,199000,0,0,0,199000,0,199000,199000
057550,聯發科凱基02購01,0,0,0,0,0,0,0,0,0,199000,0,0,0,199000,0,199000,199000
058893,元油2X元大9C購10,0,0,0,0,0,0,0,0,0,199000,0,0,0,199000,0,199000,199000
051920,南茂元大95購03  ,0,0,0,0,0,0,0,0,0,199000,0,0,0,199000,0,199000,199000
4552,力達-KY         ,258000,59000,199000,0,0,0,0,0,0,0,0,0,0,0,0,0,199000
058462,台積電兆豐99購01,0,0,0,0,0,0,0,0,0,198000,0,0,0,208000,10000,198000,198000
044429,元金2X元大94購04,0,0,0,0,0,0,0,0,0,198000,0,0,0,198000,0,198000,198000
042501,台灣50凱基96購06,0,0,0,0,0,0,0,0,0,197000,0,0,0,197000,0,197000,197000
051577,台積電元大97購03,0,0,0,0,0,0,0,0,0,197000,0,0,0,197000,0,197000,197000
6153,嘉聯益          ,1076000,894134,181866,0,0,0,0,0,0,14000,15000,15000,0,14000,0,14000,195866
056133,可成元大97購05  ,0,0,0,0,0,0,0,0,0,195000,0,0,0,195000,0,195000,195000
057682,台積電日盛9A購03,0,0,0,0,0,0,0,0,0,195000,0,0,0,370000,175000,195000,195000
5215,科嘉-KY         ,102000,123000,-21000,0,0,0,211000,0,211000,5000,5000,0,5000,0,0,0,195000
057879,電子類元大99購02,0,0,0,0,0,0,0,0,0,194000,0,0,0,197000,3000,194000,194000
3698,隆達            ,461000,269000,192000,0,0,0,0,0,0,1000,6000,7000,-1000,2000,0,2000,193000
056768,宏達電元大99購03,0,0,0,0,0,0,0,0,0,192000,0,0,0,192000,0,192000,192000
047701,鴻海凱基94購12  ,0,0,0,0,0,0,0,0,0,192000,0,0,0,192000,0,192000,192000
2006,東和鋼鐵        ,701000,637000,64000,0,0,0,10000,0,10000,118000,148000,30000,118000,0,0,0,192000
01003T,兆豐新光R1      ,193935,2000,191935,0,0,0,0,0,0,0,0,0,0,0,0,0,191935
058533,玉晶光元富99購01,0,0,0,0,0,0,0,0,0,190000,0,0,0,190000,0,190000,190000
054545,奇力新中信98購01,0,0,0,0,0,0,0,0,0,190000,0,0,0,190000,0,190000,190000
054726,台積電日盛97購01,0,0,0,0,0,0,0,0,0,190000,0,0,0,490000,300000,190000,190000
047212,宏達電富邦97購01,0,0,0,0,0,0,0,0,0,190000,0,0,0,190000,0,190000,190000
051052,台積電群益95購01,0,0,0,0,0,0,0,0,0,190000,0,0,0,190000,0,190000,190000
052598,滬深2X元大96購05,0,0,0,0,0,0,0,0,0,190000,0,0,0,190000,0,190000,190000
1460,宏遠            ,203000,13000,190000,0,0,0,0,0,0,0,0,0,0,0,0,0,190000
06127P,泰碩元富97售01  ,0,0,0,0,0,0,0,0,0,190000,0,0,0,190000,0,190000,190000
2913,農林            ,583000,396000,187000,0,0,0,0,0,0,3000,4000,1000,3000,0,0,0,190000
054040,中石化元大9C購01,0,0,0,0,0,0,0,0,0,189000,0,0,0,270000,81000,189000,189000
059150,臺股指國票99購13,0,0,0,0,0,0,0,0,0,188000,0,0,0,510000,322000,188000,188000
052685,技嘉元大96購01  ,0,0,0,0,0,0,0,0,0,188000,0,0,0,206000,18000,188000,188000
059568,台積電凱基9A購13,0,0,0,0,0,0,0,0,0,188000,0,0,0,476000,288000,188000,188000
2390,云辰            ,358000,168000,190000,0,0,0,0,0,0,-2000,0,2000,-2000,0,0,0,188000
056446,聯發科凱基98購08,0,0,0,0,0,0,0,0,0,187000,0,0,0,187000,0,187000,187000
052511,聯發科凱基95購14,0,0,0,0,0,0,0,0,0,187000,0,0,0,246000,59000,187000,187000
058897,國巨元大99購17  ,0,0,0,0,0,0,0,0,0,186000,0,0,0,186000,0,186000,186000
057320,玉晶光凱基98購01,20000,0,20000,0,0,0,0,0,0,166000,0,0,0,593000,427000,166000,186000
057265,聯詠兆豐98購01  ,0,0,0,0,0,0,0,0,0,185000,0,0,0,194000,9000,185000,185000
055164,矽創元大98購01  ,0,0,0,0,0,0,0,0,0,185000,0,0,0,185000,0,185000,185000
058603,台積電元大99購12,0,0,0,0,0,0,0,0,0,185000,0,0,0,185000,0,185000,185000
055726,台表科元大98購03,0,0,0,0,0,0,0,0,0,185000,0,0,0,185000,0,185000,185000
2379,瑞昱            ,3152842,3312254,-159412,0,0,0,419000,0,419000,-75000,68000,138000,-70000,17000,22000,-5000,184588
059181,世紀鋼元富9C購01,0,0,0,0,0,0,0,0,0,184000,0,0,0,629000,445000,184000,184000
058718,台灣50元富03購01,0,0,0,0,0,0,0,0,0,184000,0,0,0,184000,0,184000,184000
058515,健鼎元大99購01  ,0,0,0,0,0,0,0,0,0,182000,0,0,0,182000,0,182000,182000
058903,聯發科元大99購16,0,0,0,0,0,0,0,0,0,182000,0,0,0,199000,17000,182000,182000
057539,南茂元大98購02  ,0,0,0,0,0,0,0,0,0,182000,0,0,0,182000,0,182000,182000
053561,玉晶光國泰98購01,0,0,0,0,0,0,0,0,0,182000,0,0,0,182000,0,182000,182000
2489,瑞軒            ,921000,722000,199000,0,0,0,0,0,0,-17000,0,17000,-17000,0,0,0,182000
07203P,T50正2凱基9C售02,0,0,0,0,0,0,0,0,0,182000,0,0,0,182000,0,182000,182000
057563,旭富國泰9A購01  ,0,0,0,0,0,0,0,0,0,181000,0,0,0,181000,0,181000,181000
058853,日月光群益99購01,0,0,0,0,0,0,0,0,0,181000,0,0,0,181000,0,181000,181000
058377,茂林凱基9A購03  ,0,0,0,0,0,0,0,0,0,180000,0,0,0,180000,0,180000,180000
056993,GIS兆豐99購01   ,0,0,0,0,0,0,0,0,0,180000,0,0,0,180000,0,180000,180000
056075,瀚宇博元大97購03,0,0,0,0,0,0,0,0,0,180000,0,0,0,180000,0,180000,180000
054506,矽格永豐96購01  ,0,0,0,0,0,0,0,0,0,180000,0,0,0,180000,0,180000,180000
059536,新光金凱基99購05,0,0,0,0,0,0,0,0,0,180000,0,0,0,210000,30000,180000,180000
053864,義隆元大96購01  ,0,0,0,0,0,0,0,0,0,179000,0,0,0,180000,1000,179000,179000
055474,欣興凱基97購05  ,0,0,0,0,0,0,0,0,0,178000,0,0,0,178000,0,178000,178000
057043,台積電元大99購02,0,0,0,0,0,0,0,0,0,178000,0,0,0,178000,0,178000,178000
058471,台積電日盛9C購01,0,0,0,0,0,0,0,0,0,177000,0,0,0,507000,330000,177000,177000
051531,國巨國票96購04  ,0,0,0,0,0,0,0,0,0,177000,0,0,0,237000,60000,177000,177000
054772,康控國票98購02  ,0,0,0,0,0,0,0,0,0,176000,0,0,0,176000,0,176000,176000
050984,大立光國泰97購01,0,0,0,0,0,0,0,0,0,176000,0,0,0,176000,0,176000,176000
056579,麗豐元大99購01  ,0,0,0,0,0,0,0,0,0,175000,0,0,0,200000,25000,175000,175000
057331,台積電國票99購04,0,0,0,0,0,0,0,0,0,175000,0,0,0,175000,0,175000,175000
059457,立積永豐99購02  ,0,0,0,0,0,0,0,0,0,175000,0,0,0,211000,36000,175000,175000
2204,中華            ,321000,146000,175000,0,0,0,0,0,0,0,0,0,0,0,0,0,175000
2520,冠德            ,556171,389273,166898,0,0,0,0,0,0,7000,24000,17000,7000,0,0,0,173898
056087,世芯統一97購01  ,0,0,0,0,0,0,0,0,0,172000,0,0,0,172000,0,172000,172000
00771,元大US高息特別股,0,0,0,0,0,0,0,0,0,170938,0,0,0,201000,30062,170938,170938
056094,大立光元富97購03,0,0,0,0,0,0,0,0,0,170000,0,0,0,170000,0,170000,170000
055421,玉晶光永豐98購04,0,0,0,0,0,0,0,0,0,170000,0,0,0,170000,0,170000,170000
056604,鴻海富邦9A購01  ,0,0,0,0,0,0,0,0,0,170000,0,0,0,170000,0,170000,170000
042953,鴻海台新01購01  ,0,0,0,0,0,0,0,0,0,170000,0,0,0,170000,0,170000,170000
052983,國巨元大96購07  ,0,0,0,0,0,0,0,0,0,170000,0,0,0,170000,0,170000,170000
3380,明泰            ,574000,349109,224891,0,0,0,0,0,0,-55000,28000,73000,-45000,0,10000,-10000,169891
2538,基泰            ,293250,125000,168250,0,0,0,0,0,0,0,0,0,0,0,0,0,168250
058551,義隆永豐99購03  ,0,0,0,0,0,0,0,0,0,168000,0,0,0,180000,12000,168000,168000
059163,台積電凱基99購10,0,0,0,0,0,0,0,0,0,166000,0,0,0,166000,0,166000,166000
057703,矽力群益98購01  ,0,0,0,0,0,0,0,0,0,166000,0,0,0,166000,0,166000,166000
057987,大立光元富98購02,0,0,0,0,0,0,0,0,0,166000,0,0,0,265000,99000,166000,166000
055815,亞光國票99購01  ,0,0,0,0,0,0,0,0,0,166000,0,0,0,166000,0,166000,166000
057795,鴻海兆豐99購02  ,0,0,0,0,0,0,0,0,0,165000,0,0,0,165000,0,165000,165000
058310,大立光元大99購10,0,0,0,0,0,0,0,0,0,165000,0,0,0,167000,2000,165000,165000
056749,滬深2X兆豐99購01,0,0,0,0,0,0,0,0,0,165000,0,0,0,175000,10000,165000,165000
054387,台積電統一98購02,0,0,0,0,0,0,0,0,0,165000,0,0,0,165000,0,165000,165000
04634P,臺股指群益94售09,0,0,0,0,0,0,0,0,0,165000,0,0,0,2013000,1848000,165000,165000
059429,台積電元大99購35,0,0,0,0,0,0,0,0,0,165000,0,0,0,167000,2000,165000,165000
057961,茂林元大9A購01  ,0,0,0,0,0,0,0,0,0,164000,0,0,0,164000,0,164000,164000
050264,聯發科元大94購13,0,0,0,0,0,0,0,0,0,164000,0,0,0,628000,464000,164000,164000
048727,大成鋼麥證94購01,0,0,0,164000,0,164000,0,0,0,164000,0,0,0,164000,0,164000,164000
059291,華新科元富9B購01,0,0,0,0,0,0,0,0,0,164000,0,0,0,419000,255000,164000,164000
058896,中環元大99購03  ,0,0,0,0,0,0,0,0,0,163000,0,0,0,163000,0,163000,163000
051688,大立光凱基97購02,0,0,0,0,0,0,0,0,0,163000,0,0,0,163000,0,163000,163000
053153,大立光元大99購02,0,0,0,0,0,0,0,0,0,162000,0,0,0,182000,20000,162000,162000
058980,鴻海凱基99購06  ,0,0,0,0,0,0,0,0,0,162000,0,0,0,185000,23000,162000,162000
059005,嘉晶元大99購06  ,0,0,0,0,0,0,0,0,0,162000,0,0,0,162000,0,162000,162000
059389,國巨凱基99購14  ,0,0,0,0,0,0,0,0,0,162000,0,0,0,354000,192000,162000,162000
057394,台積電中信9C購02,0,0,0,0,0,0,0,0,0,161000,0,0,0,161000,0,161000,161000
3653,健策            ,64000,65000,-1000,0,0,0,90000,0,90000,72000,0,10000,-10000,83000,1000,82000,161000
055316,上銀國票98購01  ,0,0,0,0,0,0,0,0,0,160000,0,0,0,160000,0,160000,160000
054727,台積電日盛97購02,0,0,0,0,0,0,0,0,0,160000,0,0,0,450000,290000,160000,160000
059123,訊芯永豐99購03  ,0,0,0,0,0,0,0,0,0,160000,0,0,0,160000,0,160000,160000
042754,元黃金元大93購01,0,0,0,0,0,0,0,0,0,160000,0,0,0,160000,0,160000,160000
08663P,台灣50元大96售01,0,0,0,0,0,0,0,0,0,160000,0,0,0,160000,0,160000,160000
1710,東聯            ,731000,205000,526000,0,0,0,0,0,0,-366000,0,366000,-366000,0,0,0,160000
058619,台灣50國票99購04,0,0,0,0,0,0,0,0,0,159000,0,0,0,159000,0,159000,159000
055065,神達永豐97購01  ,0,0,0,0,0,0,0,0,0,159000,0,0,0,160000,1000,159000,159000
059038,健策群益9A購02  ,0,0,0,0,0,0,0,0,0,158000,0,0,0,158000,0,158000,158000
00665L,富邦恒生國企正2 ,155000,62000,93000,0,0,0,0,0,0,65000,0,0,0,104000,39000,65000,158000
048785,台積電元大96購01,0,0,0,0,0,0,0,0,0,158000,0,0,0,158000,0,158000,158000
052884,台積電兆豐96購01,0,0,0,0,0,0,0,0,0,158000,0,0,0,158000,0,158000,158000
3008,大立光          ,658195,499420,158775,0,0,0,7300,4600,2700,-4000,0,12000,-12000,24000,16000,8000,157475
056618,京元電永豐98購01,0,0,0,0,0,0,0,0,0,157000,0,0,0,157000,0,157000,157000
058054,台積電統一9C購01,0,0,0,0,0,0,0,0,0,157000,0,0,0,157000,0,157000,157000
00671R,富邦NASDAQ反1   ,0,0,0,0,0,0,0,0,0,157000,0,0,0,2116000,1959000,157000,157000
057517,矽創元富98購02  ,0,0,0,0,0,0,0,0,0,156000,0,0,0,156000,0,156000,156000
057562,奇鋐兆豐98購01  ,0,0,0,0,0,0,0,0,0,156000,0,0,0,196000,40000,156000,156000
056904,大立光元大99購05,0,0,0,0,0,0,0,0,0,156000,0,0,0,156000,0,156000,156000
058306,聯發科元大99購07,0,0,0,0,0,0,0,0,0,156000,0,0,0,160000,4000,156000,156000
053407,台積電兆豐96購02,0,0,0,0,0,0,0,0,0,156000,0,0,0,156000,0,156000,156000
054996,聯陽元富97購01  ,0,0,0,0,0,0,0,0,0,155000,0,0,0,155000,0,155000,155000
056333,台積電日盛9B購01,0,0,0,0,0,0,0,0,0,155000,0,0,0,360000,205000,155000,155000
059377,台積電群益99購09,0,0,0,0,0,0,0,0,0,155000,0,0,0,175000,20000,155000,155000
052790,智邦兆豐97購01  ,0,0,0,0,0,0,0,0,0,153000,0,0,0,153000,0,153000,153000
058985,可成凱基99購03  ,0,0,0,0,0,0,0,0,0,153000,0,0,0,153000,0,153000,153000
045055,聯發科元富98購03,0,0,0,0,0,0,0,0,0,153000,0,0,0,153000,0,153000,153000
049065,T50反1凱基96購04,0,0,0,0,0,0,0,0,0,153000,0,0,0,253000,100000,153000,153000
048186,元黃金元大96購01,0,0,0,0,0,0,0,0,0,152000,0,0,0,167000,15000,152000,152000
059186,華通富邦9A購01  ,0,0,0,0,0,0,0,0,0,151000,0,0,0,151000,0,151000,151000
07013P,玉晶光群益9A售06,0,0,0,0,0,0,0,0,0,151000,0,0,0,151000,0,151000,151000
058285,牧德群益9A購02  ,0,0,0,0,0,0,0,0,0,150000,0,0,0,150000,0,150000,150000
056571,燿華元大98購02  ,0,0,0,0,0,0,0,0,0,150000,0,0,0,150000,0,150000,150000
054581,訊芯元大97購02  ,0,0,0,0,0,0,0,0,0,150000,0,0,0,150000,0,150000,150000
049200,元黃金群益98購01,0,0,0,0,0,0,0,0,0,150000,0,0,0,150000,0,150000,150000
048381,T50反1國票94購03,0,0,0,0,0,0,0,0,0,150000,0,0,0,150000,0,150000,150000
053687,智邦元大96購02  ,0,0,0,0,0,0,0,0,0,150000,0,0,0,154000,4000,150000,150000
05333P,臺股指國票95售02,0,0,0,0,0,0,0,0,0,150000,0,0,0,150000,0,150000,150000
054177,牧德台新97購01  ,0,0,0,0,0,0,0,0,0,150000,0,0,0,150000,0,150000,150000
051300,台光電凱基96購02,0,0,0,0,0,0,0,0,0,150000,0,0,0,150000,0,150000,150000
057967,聯發科國泰9A購02,0,0,0,0,0,0,0,0,0,149000,0,0,0,149000,0,149000,149000
057578,可成中信99購01  ,0,0,0,0,0,0,0,0,0,149000,0,0,0,149000,0,149000,149000
055798,聯茂富邦98購01  ,0,0,0,0,0,0,0,0,0,149000,0,0,0,149000,0,149000,149000
057826,祥碩元大98購08  ,0,0,0,0,0,0,0,0,0,148000,0,0,0,150000,2000,148000,148000
055666,鴻海群益97購05  ,0,0,0,0,0,0,0,0,0,148000,0,0,0,148000,0,148000,148000
059524,FBVIX凱基9A購02 ,0,0,0,0,0,0,0,0,0,148000,0,0,0,617000,469000,148000,148000
8429,金麗-KY         ,181000,32000,149000,0,0,0,0,0,0,-1000,0,1000,-1000,0,0,0,148000
052764,景碩群益98購01  ,0,0,0,0,0,0,0,0,0,147000,0,0,0,147000,0,147000,147000
035275,台積電台新97購01,0,0,0,0,0,0,0,0,0,147000,0,0,0,147000,0,147000,147000
049681,旺宏統一94購04  ,0,0,0,0,0,0,0,0,0,146000,0,0,0,146000,0,146000,146000
051266,國巨富邦99購01  ,0,0,0,0,0,0,0,0,0,146000,0,0,0,146000,0,146000,146000
053889,致茂群益97購01  ,0,0,0,0,0,0,0,0,0,146000,0,0,0,146000,0,146000,146000
3036,文曄            ,391647,217000,174647,0,0,0,0,0,0,-29000,15000,43000,-28000,0,1000,-1000,145647
054161,友訊凱基98購01  ,0,0,0,0,0,0,0,0,0,145000,0,0,0,145000,0,145000,145000
05170P,世芯元大95售01  ,0,0,0,0,0,0,0,0,0,145000,0,0,0,665000,520000,145000,145000
044049,元金2X元大94購03,0,0,0,0,0,0,0,0,0,145000,0,0,0,285000,140000,145000,145000
06668P,祥碩凱基98售02  ,0,0,0,0,0,0,0,0,0,145000,0,0,0,157000,12000,145000,145000
050231,聯發科麥證94購03,0,0,0,0,0,0,0,0,0,144000,0,0,0,144000,0,144000,144000
043513,台灣50元大96購05,0,0,0,0,0,0,0,0,0,143000,0,0,0,143000,0,143000,143000
056292,統一元大97購01  ,0,0,0,0,0,0,0,0,0,142000,0,0,0,163000,21000,142000,142000
056157,聯詠凱基97購03  ,0,0,0,0,0,0,0,0,0,142000,0,0,0,401000,259000,142000,142000
059276,可成元大99購06  ,0,0,0,0,0,0,0,0,0,142000,0,0,0,161000,19000,142000,142000
057669,嘉晶元大99購03  ,0,0,0,0,0,0,0,0,0,141000,0,0,0,141000,0,141000,141000
045767,大立光元富95購01,0,0,0,0,0,0,0,0,0,141000,0,0,0,141000,0,141000,141000
057309,南茂兆豐99購01  ,0,0,0,0,0,0,0,0,0,141000,0,0,0,141000,0,141000,141000
1308,亞聚            ,225000,84000,141000,0,0,0,0,0,0,0,0,0,0,0,0,0,141000
057056,立積元大99購02  ,0,0,0,0,0,0,0,0,0,140000,0,0,0,150000,10000,140000,140000
055929,聯發科群益97購05,0,0,0,0,0,0,0,0,0,140000,0,0,0,140000,0,140000,140000
057978,聯發科永豐98購05,0,0,0,0,0,0,0,0,0,140000,0,0,0,140000,0,140000,140000
059252,聯詠凱基99購03  ,0,0,0,0,0,0,0,0,0,140000,0,0,0,261000,121000,140000,140000
059202,禾聯碩永豐99購01,0,0,0,0,0,0,0,0,0,140000,0,0,0,140000,0,140000,140000
054877,百和群益98購01  ,0,0,0,0,0,0,0,0,0,140000,0,0,0,140000,0,140000,140000
058233,聯發科元大99購06,0,0,0,0,0,0,0,0,0,140000,0,0,0,162000,22000,140000,140000
054008,大立光元富96購06,0,0,0,0,0,0,0,0,0,140000,0,0,0,140000,0,140000,140000
052172,致茂元大95購01  ,0,0,0,0,0,0,0,0,0,140000,0,0,0,140000,0,140000,140000
051598,瑞昱兆豐95購01  ,0,0,0,0,0,0,0,0,0,140000,0,0,0,140000,0,140000,140000
050313,大立光兆豐94購05,0,0,0,0,0,0,0,0,0,140000,0,0,0,140000,0,140000,140000
050784,美律國泰96購01  ,0,0,0,0,0,0,0,0,0,140000,0,0,0,140000,0,140000,140000
2467,志聖            ,250000,107000,143000,0,0,0,0,0,0,-3000,0,3000,-3000,0,0,0,140000
059295,大立光元富99購05,0,0,0,0,0,0,0,0,0,140000,0,0,0,459000,319000,140000,140000
059326,康友元大99購01  ,0,0,0,0,0,0,0,0,0,139000,0,0,0,141000,2000,139000,139000
058663,瑞儀兆豐9A購01  ,0,0,0,0,0,0,0,0,0,138000,0,0,0,138000,0,138000,138000
058385,創意中信99購01  ,0,0,0,0,0,0,0,0,0,138000,0,0,0,138000,0,138000,138000
05704P,矽力群益96售04  ,0,0,0,0,0,0,0,0,0,138000,0,0,0,138000,0,138000,138000
057021,台積電凱基9A購02,0,0,0,0,0,0,0,0,0,138000,0,0,0,138000,0,138000,138000
059343,宏達電凱基99購04,0,0,0,0,0,0,0,0,0,138000,0,0,0,1113000,975000,138000,138000
056194,聯發科富邦9B購01,0,0,0,0,0,0,0,0,0,137000,0,0,0,137000,0,137000,137000
056523,光寶科中信98購01,0,0,0,0,0,0,0,0,0,137000,0,0,0,151000,14000,137000,137000
058938,台積電中信01購03,0,0,0,0,0,0,0,0,0,137000,0,0,0,137000,0,137000,137000
2867,三商壽          ,1433000,1238000,195000,0,0,0,0,0,0,-58000,0,58000,-58000,0,0,0,137000
058191,祥碩永豐99購01  ,0,0,0,0,0,0,0,0,0,136000,0,0,0,136000,0,136000,136000
049272,世紀鋼元大96購02,0,0,0,0,0,0,0,0,0,136000,0,0,0,155000,19000,136000,136000
051576,台積電元大97購02,0,0,0,0,0,0,0,0,0,136000,0,0,0,136000,0,136000,136000
055190,華新科元富97購01,0,0,0,0,0,0,0,0,0,135000,0,0,0,135000,0,135000,135000
059234,台灣50凱基9C購03,0,0,0,0,0,0,0,0,0,135000,0,0,0,140000,5000,135000,135000
055452,台積電元富97購03,0,0,0,0,0,0,0,0,0,135000,0,0,0,135000,0,135000,135000
052167,亞泥元大96購01  ,0,0,0,0,0,0,0,0,0,135000,0,0,0,135000,0,135000,135000
044763,瀚宇博凱基93購01,0,0,0,0,0,0,0,0,0,135000,0,0,0,135000,0,135000,135000
8081,致新            ,353000,331000,22000,0,0,0,100000,0,100000,13000,0,0,0,15000,2000,13000,135000
3059,華晶科          ,298001,164000,134001,0,0,0,0,0,0,0,0,0,0,0,0,0,134001
06418P,T50反1統一9A售02,0,0,0,0,0,0,0,0,0,134000,0,0,0,134000,0,134000,134000
2903,遠百            ,656000,490762,165238,0,0,0,0,0,0,-32000,0,32000,-32000,0,0,0,133238
059224,大立光元大99購15,0,0,0,0,0,0,0,0,0,133000,0,0,0,137000,4000,133000,133000
056912,臺股指元大99購04,0,0,0,0,0,0,0,0,0,133000,0,0,0,136000,3000,133000,133000
048460,盛群凱基94購01  ,0,0,0,0,0,0,0,0,0,133000,0,0,0,133000,0,133000,133000
4906,正文            ,478000,404000,74000,0,0,0,0,0,0,59000,24000,4000,20000,41000,2000,39000,133000
059348,日月光凱基99購01,0,0,0,0,0,0,0,0,0,133000,0,0,0,133000,0,133000,133000
052874,超眾凱基96購01  ,0,0,0,0,0,0,0,0,0,132000,0,0,0,229000,97000,132000,132000
2332,友訊            ,908000,789000,119000,0,0,0,0,0,0,13000,12000,21000,-9000,45000,23000,22000,132000
2915,潤泰全          ,724000,644047,79953,0,0,0,0,0,0,52000,6000,32000,-26000,90000,12000,78000,131953
6582,申豐            ,177000,45000,132000,0,0,0,0,0,0,-1000,0,1000,-1000,0,0,0,131000
056915,上銀兆豐99購01  ,0,0,0,0,0,0,0,0,0,130000,0,0,0,130000,0,130000,130000
055039,神達富邦99購01  ,0,0,0,0,0,0,0,0,0,130000,0,0,0,130000,0,130000,130000
054558,劍麟群益99購01  ,0,0,0,0,0,0,0,0,0,130000,0,0,0,410000,280000,130000,130000
058528,世紀鋼元大99購02,0,0,0,0,0,0,0,0,0,130000,0,0,0,130000,0,130000,130000
058303,華通元大99購03  ,0,0,0,0,0,0,0,0,0,130000,0,0,0,130000,0,130000,130000
059086,國巨元大99購18  ,0,0,0,0,0,0,0,0,0,130000,0,0,0,130000,0,130000,130000
059059,宏達電凱基99購03,0,0,0,0,0,0,0,0,0,130000,0,0,0,130000,0,130000,130000
057527,億光元大98購01  ,0,0,0,0,0,0,0,0,0,130000,0,0,0,130000,0,130000,130000
055590,聯發科元大98購02,0,0,0,0,0,0,0,0,0,130000,0,0,0,140000,10000,130000,130000
057195,南茂元大98購01  ,0,0,0,0,0,0,0,0,0,130000,0,0,0,130000,0,130000,130000
056303,亞光元大97購04  ,0,0,0,0,0,0,0,0,0,130000,0,0,0,130000,0,130000,130000
052997,國巨康和96購01  ,0,0,0,0,0,0,0,0,0,130000,0,0,0,200000,70000,130000,130000
052744,聯詠元大97購01  ,0,0,0,0,0,0,0,0,0,130000,0,0,0,200000,70000,130000,130000
058686,祥碩凱基99購03  ,0,0,0,0,0,0,0,0,0,130000,0,0,0,130000,0,130000,130000
047833,全新元大94購02  ,0,0,0,0,0,0,0,0,0,129000,0,0,0,129000,0,129000,129000
049501,台郡元大95購01  ,0,0,0,0,0,0,0,0,0,129000,0,0,0,140000,11000,129000,129000
9103,美德醫療-DR     ,177000,48000,129000,0,0,0,0,0,0,0,0,0,0,0,0,0,129000
054137,聯詠元大97購02  ,0,0,0,0,0,0,0,0,0,128000,0,0,0,295000,167000,128000,128000
2331,精英            ,220000,96000,124000,0,0,0,0,0,0,4000,1000,3000,-2000,6000,0,6000,128000
2402,毅嘉            ,241000,112000,129000,0,0,0,0,0,0,-1000,0,1000,-1000,0,0,0,128000
056230,可成凱基98購03  ,0,0,0,0,0,0,0,0,0,127000,0,0,0,127000,0,127000,127000
058601,台積電元大99購10,0,0,0,0,0,0,0,0,0,127000,0,0,0,127000,0,127000,127000
055231,大毅國票98購02  ,0,0,0,0,0,0,0,0,0,127000,0,0,0,177000,50000,127000,127000
053117,大立光中信9A購02,0,0,0,0,0,0,0,0,0,127000,0,0,0,127000,0,127000,127000
051608,新日興群益96購01,0,0,0,0,0,0,0,0,0,127000,0,0,0,127000,0,127000,127000
044530,台積電富邦94購01,0,0,0,0,0,0,0,0,0,127000,0,0,0,127000,0,127000,127000
059277,群創元大99購05  ,0,0,0,0,0,0,0,0,0,126000,0,0,0,225000,99000,126000,126000
057863,美律凱基9A購01  ,0,0,0,0,0,0,0,0,0,126000,0,0,0,126000,0,126000,126000
048697,華新科國票94購06,0,0,0,0,0,0,0,0,0,126000,0,0,0,126000,0,126000,126000
054204,元金2X國票9B購02,0,0,0,0,0,0,0,0,0,126000,0,0,0,126000,0,126000,126000
058713,國巨統一9B購02  ,0,0,0,0,0,0,0,0,0,126000,0,0,0,151000,25000,126000,126000
2441,超豐            ,389000,247000,142000,0,0,0,0,0,0,-16000,0,16000,-16000,0,0,0,126000
5471,松翰            ,663000,537000,126000,0,0,0,0,0,0,0,0,0,0,0,0,0,126000
055251,華新科統一99購01,0,0,0,0,0,0,0,0,0,125000,0,0,0,125000,0,125000,125000
058151,台積電統一9A購04,0,0,0,0,0,0,0,0,0,125000,0,0,0,125000,0,125000,125000
056862,聯發科群益98購03,0,0,0,0,0,0,0,0,0,125000,0,0,0,125000,0,125000,125000
055759,技嘉群益98購02  ,0,0,0,0,0,0,0,0,0,125000,0,0,0,125000,0,125000,125000
053525,台積電中信96購04,0,0,0,0,0,0,0,0,0,125000,0,0,0,125000,0,125000,125000
051756,台積電元大97購04,0,0,0,0,0,0,0,0,0,125000,0,0,0,125000,0,125000,125000
047211,華新科富邦99購01,0,0,0,0,0,0,0,0,0,125000,0,0,0,125000,0,125000,125000
045106,玉晶光群益95購01,0,0,0,0,0,0,0,0,0,125000,0,0,0,125000,0,125000,125000
1808,潤隆            ,291000,166000,125000,0,0,0,0,0,0,0,0,0,0,0,0,0,125000
052674,智邦國泰98購01  ,0,0,0,0,0,0,0,0,0,124000,0,0,0,124000,0,124000,124000
059501,可成元富99購01  ,0,0,0,0,0,0,0,0,0,124000,0,0,0,437000,313000,124000,124000
4414,如興            ,356000,226000,130000,0,0,0,0,0,0,-7000,0,7000,-7000,0,0,0,123000
2485,兆赫            ,294000,171000,123000,0,0,0,0,0,0,-1000,10000,3000,7000,3000,11000,-8000,122000
058574,台積電群益99購03,0,0,0,0,0,0,0,0,0,121000,0,0,0,121000,0,121000,121000
052880,台積電凱基96購06,0,0,0,0,0,0,0,0,0,121000,0,0,0,121000,0,121000,121000
00645,富邦日本        ,0,0,0,0,0,0,0,0,0,121000,0,0,0,202000,81000,121000,121000
051087,國巨元大97購01  ,0,0,0,0,0,0,0,0,0,121000,0,0,0,152000,31000,121000,121000
058582,禾伸堂群益99購02,0,0,0,0,0,0,0,0,0,120000,0,0,0,120000,0,120000,120000
058419,聯發科麥證99購02,0,0,0,20000,0,20000,0,0,0,120000,0,0,0,120000,0,120000,120000
056857,國巨群益99購02  ,0,0,0,0,0,0,0,0,0,120000,0,0,0,120000,0,120000,120000
056859,台積電群益98購02,0,0,0,0,0,0,0,0,0,120000,0,0,0,120000,0,120000,120000
058235,大立光元大99購08,0,0,0,0,0,0,0,0,0,120000,0,0,0,130000,10000,120000,120000
054827,宏全元大9A購01  ,0,0,0,0,0,0,0,0,0,120000,0,0,0,120000,0,120000,120000
059180,祥碩元富9A購01  ,0,0,0,0,0,0,0,0,0,120000,0,0,0,313000,193000,120000,120000
057711,台積電統一9A購03,0,0,0,0,0,0,0,0,0,120000,0,0,0,120000,0,120000,120000
058838,國巨中信99購03  ,0,0,0,0,0,0,0,0,0,120000,0,0,0,120000,0,120000,120000
057934,華新科群益98購07,0,0,0,0,0,0,0,0,0,120000,0,0,0,120000,0,120000,120000
057939,鈺齊群益98購02  ,0,0,0,0,0,0,0,0,0,120000,0,0,0,120000,0,120000,120000
058920,SGBR2X元富99購06,0,10000,-10000,0,0,0,0,0,0,130000,0,0,0,195000,65000,130000,120000
056217,A50正2中信99購02,0,0,0,0,0,0,0,0,0,120000,0,0,0,120000,0,120000,120000
05363P,臺股指富邦95售03,0,0,0,0,0,0,0,0,0,120000,0,0,0,120000,0,120000,120000
049585,旺宏元大95購02  ,0,0,0,0,0,0,0,0,0,120000,0,0,0,120000,0,120000,120000
048105,滬深2X群益99購02,0,0,0,0,0,0,0,0,0,120000,0,0,0,120000,0,120000,120000
049946,智邦兆豐95購01  ,0,0,0,0,0,0,0,0,0,120000,0,0,0,120000,0,120000,120000
052865,大立光凱基96購11,0,0,0,0,0,0,0,0,0,120000,0,0,0,120000,0,120000,120000
053574,奇力新元富99購01,0,0,0,0,0,0,0,0,0,120000,0,0,0,120000,0,120000,120000
058727,嘉晶富邦9A購01  ,0,0,0,0,0,0,0,0,0,120000,0,0,0,120000,0,120000,120000
6191,精成科          ,403000,271000,132000,0,0,0,0,0,0,-12000,0,14000,-14000,2000,0,2000,120000
049702,台表科元大95購03,0,0,0,0,0,0,0,0,0,119000,0,0,0,235000,116000,119000,119000
050266,兆豐金元大94購01,0,0,0,0,0,0,0,0,0,119000,0,0,0,120000,1000,119000,119000
057446,旺宏元富02購01  ,0,0,0,0,0,0,0,0,0,118000,0,0,0,119000,1000,118000,118000
057926,帆宣凱基98購02  ,0,0,0,0,0,0,0,0,0,118000,0,0,0,138000,20000,118000,118000
046298,聯發科富邦94購01,0,0,0,0,0,0,0,0,0,118000,0,0,0,118000,0,118000,118000
057372,華新科元大99購10,0,0,0,0,0,0,0,0,0,118000,0,0,0,118000,0,118000,118000
1104,環泥            ,196000,78000,118000,0,0,0,0,0,0,0,0,0,0,0,0,0,118000
058638,矽力兆豐99購01  ,0,0,0,0,0,0,0,0,0,117000,0,0,0,117000,0,117000,117000
059127,國巨中信99購04  ,0,0,0,0,0,0,0,0,0,117000,0,0,0,177000,60000,117000,117000
053498,大立光兆豐96購03,0,0,0,0,0,0,0,0,0,117000,0,0,0,117000,0,117000,117000
8163,達方            ,410000,282000,128000,0,0,0,0,0,0,-11000,10000,21000,-11000,0,0,0,117000
056401,國巨群益98購07  ,0,0,0,0,0,0,0,0,0,115000,0,0,0,115000,0,115000,115000
057658,玉晶光兆豐99購02,0,0,0,0,0,0,0,0,0,115000,0,0,0,125000,10000,115000,115000
00707R,元大S&P日圓反1  ,0,0,0,0,0,0,0,0,0,115000,0,0,0,115000,0,115000,115000
04935P,鴻海中信96售01  ,0,0,0,0,0,0,0,0,0,115000,0,0,0,115000,0,115000,115000
053744,台郡國票97購03  ,0,0,0,0,0,0,0,0,0,115000,0,0,0,115000,0,115000,115000
055971,矽力元大97購05  ,0,0,0,0,0,0,0,0,0,114000,0,0,0,114000,0,114000,114000
053173,矽格群益97購01  ,0,0,0,0,0,0,0,0,0,114000,0,0,0,114000,0,114000,114000
2457,飛宏            ,180000,66000,114000,0,0,0,0,0,0,0,0,0,0,0,0,0,114000
07126P,台積電元大99售23,0,0,0,0,0,0,0,0,0,114000,0,0,0,114000,0,114000,114000
059051,和大凱基9A購01  ,0,0,0,0,0,0,0,0,0,113000,0,0,0,854000,741000,113000,113000
052042,台積電日盛95購02,0,0,0,0,0,0,0,0,0,113000,0,0,0,343000,230000,113000,113000
2313,華通            ,2340000,5458823,-3118823,0,0,0,2831000,41000,2790000,441000,350000,102000,248000,204000,11000,193000,112177
058259,訊連國泰9B購01  ,0,0,0,0,0,0,0,0,0,112000,0,0,0,112000,0,112000,112000
056901,華新科元大98購03,0,0,0,0,0,0,0,0,0,112000,0,0,0,112000,0,112000,112000
056289,合勤控永豐97購01,0,0,0,0,0,0,0,0,0,112000,0,0,0,191000,79000,112000,112000
047206,元金2X國泰94購01,0,0,0,0,0,0,0,0,0,112000,0,0,0,112000,0,112000,112000
2537,聯上發          ,550000,438000,112000,0,0,0,0,0,0,0,0,0,0,0,0,0,112000
1313,聯成            ,417000,305000,112000,0,0,0,0,0,0,0,0,0,0,0,0,0,112000
05549P,臺股指元大96售03,0,0,0,0,0,0,0,0,0,111000,0,0,0,123000,12000,111000,111000
055450,台積電元富97購01,0,0,0,0,0,0,0,0,0,111000,0,0,0,111000,0,111000,111000
050579,聯發科國票95購04,0,0,0,0,0,0,0,0,0,111000,0,0,0,111000,0,111000,111000
052055,緯穎凱基95購03  ,0,0,0,0,0,0,0,0,0,111000,0,0,0,111000,0,111000,111000
3708,上緯投控        ,196000,84000,112000,0,0,0,0,0,0,-1000,0,1000,-1000,0,0,0,111000
057480,技嘉元大98購03  ,0,0,0,0,0,0,0,0,0,110000,0,0,0,110000,0,110000,110000
057221,華通國票98購03  ,0,0,0,0,0,0,0,0,0,110000,0,0,0,110000,0,110000,110000
058146,勤誠元大99購01  ,0,0,0,0,0,0,0,0,0,110000,0,0,0,186000,76000,110000,110000
058509,聯發科元大99購12,0,0,0,0,0,0,0,0,0,110000,0,0,0,115000,5000,110000,110000
054515,華通元大98購02  ,0,0,0,0,0,0,0,0,0,110000,0,0,0,110000,0,110000,110000
054647,禾伸堂群益99購01,0,0,0,0,0,0,0,0,0,110000,0,0,0,110000,0,110000,110000
052097,GIS元大95購05   ,0,0,0,0,0,0,0,0,0,110000,0,0,0,110000,0,110000,110000
053979,健策元大98購01  ,0,0,0,0,0,0,0,0,0,110000,0,0,0,117000,7000,110000,110000
051409,美律國票96購01  ,0,0,0,0,0,0,0,0,0,110000,0,0,0,110000,0,110000,110000
053152,大立光元大99購01,0,0,0,0,0,0,0,0,0,110000,0,0,0,200000,90000,110000,110000
052417,聯發科兆豐9B購01,0,0,0,0,0,0,0,0,0,110000,0,0,0,120000,10000,110000,110000
053487,台泥兆豐97購01  ,0,0,0,0,0,0,0,0,0,110000,0,0,0,110000,0,110000,110000
050370,台積電元大94購24,0,0,0,0,0,0,0,0,0,110000,0,0,0,110000,0,110000,110000
050767,京元電元大96購01,0,0,0,0,0,0,0,0,0,110000,0,0,0,110000,0,110000,110000
049615,香港2X群益98購01,0,0,0,0,0,0,0,0,0,110000,0,0,0,110000,0,110000,110000
05175P,TPK富邦99售01   ,0,0,0,0,0,0,0,0,0,110000,0,0,0,110000,0,110000,110000
048657,大成鋼統一93購04,0,0,0,0,0,0,0,0,0,110000,0,0,0,110000,0,110000,110000
049313,晶技凱基94購01  ,0,0,0,0,0,0,0,0,0,110000,0,0,0,110000,0,110000,110000
4532,瑞智            ,169000,59000,110000,0,0,0,0,0,0,0,0,0,0,0,0,0,110000
056722,滬深反中信9B購01,0,0,0,0,0,0,0,0,0,109000,0,0,0,115000,6000,109000,109000
1309,台達化          ,245000,136000,109000,0,0,0,0,0,0,0,0,0,0,0,0,0,109000
2607,榮運            ,335000,224000,111000,0,0,0,0,0,0,-2000,0,2000,-2000,0,0,0,109000
056702,欣興國泰9A購01  ,0,0,0,0,0,0,0,0,0,108000,0,0,0,108000,0,108000,108000
057842,緯穎富邦99購02  ,0,0,0,0,0,0,0,0,0,108000,0,0,0,108000,0,108000,108000
04834P,鴻海元大94售17  ,0,0,0,0,0,0,0,0,0,108000,0,0,0,160000,52000,108000,108000
050493,聯發科永昌96購01,0,0,0,0,0,0,0,0,0,108000,0,0,0,108000,0,108000,108000
053288,臺股指元大96購16,0,0,0,0,0,0,0,0,0,108000,0,0,0,108000,0,108000,108000
054213,欣興國票97購04  ,0,0,0,0,0,0,0,0,0,108000,0,0,0,108000,0,108000,108000
058831,茂林永豐99購01  ,0,0,0,0,0,0,0,0,0,107000,0,0,0,107000,0,107000,107000
00685L,群益臺灣加權正2 ,0,0,0,0,0,0,0,0,0,107000,0,0,0,150000,43000,107000,107000
056988,聚陽兆豐98購01  ,0,0,0,0,0,0,0,0,0,106000,0,0,0,116000,10000,106000,106000
054823,祥碩元大97購02  ,0,0,0,0,0,0,0,0,0,106000,0,0,0,140000,34000,106000,106000
055701,亞德客富邦99購01,0,0,0,0,0,0,0,0,0,106000,0,0,0,106000,0,106000,106000
054543,元金2X中信01購01,0,0,0,0,0,0,0,0,0,105000,0,0,0,105000,0,105000,105000
055310,聯詠群益97購02  ,0,0,0,0,0,0,0,0,0,105000,0,0,0,105000,0,105000,105000
057806,國巨元大98購20  ,0,0,0,0,0,0,0,0,0,105000,0,0,0,105000,0,105000,105000
058921,聯發科元富03購01,0,0,0,0,0,0,0,0,0,105000,0,0,0,105000,0,105000,105000
058350,T50正2凱基9B購01,0,0,0,0,0,0,0,0,0,105000,0,0,0,105000,0,105000,105000
054208,台積電國票97購07,0,0,0,0,0,0,0,0,0,105000,0,0,0,105000,0,105000,105000
047395,聯茂元大94購01  ,0,0,0,0,0,0,0,0,0,105000,0,0,0,105000,0,105000,105000
049706,世紀鋼元大95購02,0,0,0,0,0,0,0,0,0,105000,0,0,0,105000,0,105000,105000
050952,健策群益96購01  ,0,0,0,0,0,0,0,0,0,105000,0,0,0,105000,0,105000,105000
08164P,滬深2X中信95售04,0,0,0,0,0,0,0,0,0,105000,0,0,0,105000,0,105000,105000
4133,亞諾法          ,158000,53000,105000,0,0,0,0,0,0,0,0,0,0,0,0,0,105000
055482,聚陽元大97購02  ,0,0,0,0,0,0,0,0,0,104000,0,0,0,104000,0,104000,104000
054621,華新科兆豐98購01,0,0,0,0,0,0,0,0,0,104000,0,0,0,114000,10000,104000,104000
058662,禾伸堂兆豐99購01,0,0,0,0,0,0,0,0,0,104000,0,0,0,104000,0,104000,104000
059201,祥碩永豐99購02  ,0,0,0,0,0,0,0,0,0,104000,0,0,0,109000,5000,104000,104000
054311,世芯凱基96購02  ,0,0,0,0,0,0,0,0,0,104000,0,0,0,104000,0,104000,104000
051591,玉晶光元大97購01,0,0,0,0,0,0,0,0,0,104000,0,0,0,104000,0,104000,104000
057307,瀚宇博兆豐99購01,0,0,0,0,0,0,0,0,0,104000,0,0,0,104000,0,104000,104000
053383,京元電元大97購01,0,0,0,0,0,0,0,0,0,104000,0,0,0,104000,0,104000,104000
059140,大立光兆豐9A購02,0,0,0,0,0,0,0,0,0,103000,0,0,0,103000,0,103000,103000
056572,義隆元大99購01  ,0,0,0,0,0,0,0,0,0,103000,0,0,0,130000,27000,103000,103000
054421,臺股指元大99購03,0,0,0,0,0,0,0,0,0,103000,0,0,0,103000,0,103000,103000
058219,台灣50國票9A購02,0,0,0,0,0,0,0,0,0,103000,0,0,0,103000,0,103000,103000
058884,世紀鋼永豐99購02,0,0,0,0,0,0,0,0,0,103000,0,0,0,103000,0,103000,103000
056515,燿華兆豐99購01  ,0,0,0,0,0,0,0,0,0,103000,0,0,0,103000,0,103000,103000
052867,晶技凱基96購01  ,0,0,0,0,0,0,0,0,0,103000,0,0,0,103000,0,103000,103000
047063,漢唐凱基95購01  ,0,0,0,0,0,0,0,0,0,103000,0,0,0,103000,0,103000,103000
1730,花仙子          ,190000,87000,103000,0,0,0,0,0,0,0,0,0,0,0,0,0,103000
055294,智易元大98購01  ,0,0,0,0,0,0,0,0,0,102000,0,0,0,102000,0,102000,102000
056016,鴻海群益97購06  ,0,0,0,0,0,0,0,0,0,102000,0,0,0,102000,0,102000,102000
059216,台積電元大99購29,0,0,0,0,0,0,0,0,0,102000,0,0,0,102000,0,102000,102000
00739,元大MSCI A股    ,12000,7000,5000,0,0,0,0,0,0,97000,0,0,0,122000,25000,97000,102000
051121,裕民群益97購01  ,0,0,0,0,0,0,0,0,0,102000,0,0,0,402000,300000,102000,102000
049007,玉晶光中信96購01,0,0,0,0,0,0,0,0,0,102000,0,0,0,102000,0,102000,102000
053130,聯發科麥證96購01,0,0,0,20000,0,20000,0,0,0,102000,0,0,0,102000,0,102000,102000
07115P,T50反1日盛9C售02,0,0,0,0,0,0,0,0,0,102000,0,0,0,102000,0,102000,102000
3044,健鼎            ,1084642,1095805,-11163,0,0,0,166000,0,166000,-53000,28000,91000,-63000,13000,3000,10000,101837
6505,台塑化          ,1744670,1599000,145670,0,0,0,0,0,0,-44000,90000,132000,-42000,0,2000,-2000,101670
055472,大立光凱基97購07,0,0,0,0,0,0,0,0,0,101000,0,0,0,101000,0,101000,101000
057998,玉晶光麥證9A購01,0,0,0,101000,0,101000,0,0,0,101000,0,0,0,101000,0,101000,101000
050724,國巨國票96購01  ,0,0,0,0,0,0,0,0,0,101000,0,0,0,101000,0,101000,101000
057909,台光電兆豐98購01,0,0,0,0,0,0,0,0,0,100000,0,0,0,100000,0,100000,100000
058363,全新凱基9A購02  ,0,0,0,0,0,0,0,0,0,100000,0,0,0,100000,0,100000,100000
058373,晶技凱基99購02  ,0,0,0,0,0,0,0,0,0,100000,0,0,0,100000,0,100000,100000
058051,同欣電元大98購03,0,0,0,0,0,0,0,0,0,100000,0,0,0,100000,0,100000,100000
058066,可成亞東99購01  ,0,0,0,0,0,0,0,0,0,100000,0,0,0,100000,0,100000,100000
058123,亞光國票9A購01  ,0,0,0,0,0,0,0,0,0,100000,0,0,0,100000,0,100000,100000
057270,遠東新元大98購01,0,0,0,0,0,0,0,0,0,100000,0,0,0,100000,0,100000,100000
057736,鴻海富邦99購04  ,0,0,0,0,0,0,0,0,0,100000,0,0,0,100000,0,100000,100000
058820,致茂國泰9B購01  ,0,0,0,0,0,0,0,0,0,100000,0,0,0,100000,0,100000,100000
057866,玉山金凱基98購01,0,0,0,0,0,0,0,0,0,100000,0,0,0,100000,0,100000,100000
057859,神達康和98購01  ,0,0,0,0,0,0,0,0,0,100000,0,0,0,100000,0,100000,100000
055589,台光電元大98購04,0,0,0,0,0,0,0,0,0,100000,0,0,0,100000,0,100000,100000
056026,智易群益97購01  ,0,0,0,0,0,0,0,0,0,100000,0,0,0,100000,0,100000,100000
057451,大立光元富9B購01,0,0,0,0,0,0,0,0,0,100000,0,0,0,100000,0,100000,100000
056974,臻鼎永昌9C購01  ,0,0,0,0,0,0,0,0,0,100000,0,0,0,100000,0,100000,100000
057057,立積元大9A購01  ,0,0,0,0,0,0,0,0,0,100000,0,0,0,100000,0,100000,100000
057190,立積元大9A購02  ,0,0,0,0,0,0,0,0,0,100000,0,0,0,102000,2000,100000,100000
057118,欣興日盛9A購01  ,0,0,0,0,0,0,0,0,0,100000,0,0,0,100000,0,100000,100000
057662,上銀元大9A購01  ,0,0,0,0,0,0,0,0,0,100000,0,0,0,100000,0,100000,100000
057637,上銀元大98購07  ,0,0,0,0,0,0,0,0,0,100000,0,0,0,100000,0,100000,100000
059185,臺股指台新99購12,0,0,0,0,0,0,0,0,0,100000,0,0,0,100000,0,100000,100000
059139,全新兆豐9A購01  ,0,0,0,0,0,0,0,0,0,100000,0,0,0,100000,0,100000,100000
054960,新日興元大97購02,0,0,0,0,0,0,0,0,0,100000,0,0,0,100000,0,100000,100000
058607,聯發科元大99購14,0,0,0,0,0,0,0,0,0,100000,0,0,0,100000,0,100000,100000
054730,上証2X凱基98購02,0,0,0,0,0,0,0,0,0,100000,0,0,0,100000,0,100000,100000
050230,聯發科麥證94購02,0,0,0,100000,0,100000,0,0,0,100000,0,0,0,100000,0,100000,100000
044972,元金2X國票96購01,0,0,0,0,0,0,0,0,0,100000,0,0,0,100000,0,100000,100000
04250P,嘉晶統一95售02  ,0,0,0,0,0,0,0,0,0,100000,0,0,0,100000,0,100000,100000
04286P,滬深2X中信96售01,0,0,0,0,0,0,0,0,0,100000,0,0,0,100000,0,100000,100000
03064X,元展59          ,0,0,0,0,0,0,0,0,0,100000,0,0,0,100000,0,100000,100000
041427,滬深2X國票93購01,0,0,0,0,0,0,0,0,0,100000,0,0,0,100000,0,100000,100000
049310,台積電凱基94購15,0,0,0,0,0,0,0,0,0,100000,0,0,0,100000,0,100000,100000
048179,臻鼎富邦97購01  ,0,0,0,0,0,0,0,0,0,100000,0,0,0,100000,0,100000,100000
048128,超眾元大95購01  ,0,0,0,0,0,0,0,0,0,100000,0,0,0,100000,0,100000,100000
048059,欣興國泰95購01  ,0,0,0,0,0,0,0,0,0,100000,0,0,0,100000,0,100000,100000
049797,台積電元大94購17,0,0,0,0,0,0,0,0,0,100000,0,0,0,100000,0,100000,100000
047483,新光金凱基99購04,0,0,0,0,0,0,0,0,0,100000,0,0,0,100000,0,100000,100000
053745,康友國票97購01  ,0,0,0,0,0,0,0,0,0,100000,0,0,0,100000,0,100000,100000
049785,華新科兆豐95購01,0,0,0,0,0,0,0,0,0,100000,0,0,0,110000,10000,100000,100000
053067,牧德群益96購01  ,0,0,0,0,0,0,0,0,0,100000,0,0,0,100000,0,100000,100000
053048,同欣電麥證96購01,0,0,0,100000,0,100000,0,0,0,100000,0,0,0,100000,0,100000,100000
053211,漢唐凱基96購03  ,0,0,0,0,0,0,0,0,0,100000,0,0,0,100000,0,100000,100000
054379,光磊群益98購01  ,0,0,0,0,0,0,0,0,0,100000,0,0,0,100000,0,100000,100000
054287,台積電元大97購11,0,0,0,0,0,0,0,0,0,100000,0,0,0,100000,0,100000,100000
054199,大立光永昌96購07,0,0,0,0,0,0,0,0,0,100000,0,0,0,100000,0,100000,100000
052482,茂林群益95購01  ,0,0,0,0,0,0,0,0,0,100000,0,0,0,100000,0,100000,100000
054132,聯發科元大97購10,0,0,0,0,0,0,0,0,0,100000,0,0,0,110000,10000,100000,100000
054097,淘帝國票97購01  ,0,0,0,0,0,0,0,0,0,100000,0,0,0,100000,0,100000,100000
054000,訊芯群益96購02  ,0,0,0,0,0,0,0,0,0,100000,0,0,0,100000,0,100000,100000
054048,國泰金元大96購04,0,0,0,0,0,0,0,0,0,100000,0,0,0,100000,0,100000,100000
052103,台積電兆豐95購06,0,0,0,0,0,0,0,0,0,100000,0,0,0,100000,0,100000,100000
053891,欣興群益98購01  ,0,0,0,0,0,0,0,0,0,100000,0,0,0,100000,0,100000,100000
053913,華新國票97購01  ,0,0,0,0,0,0,0,0,0,100000,0,0,0,100000,0,100000,100000
053816,聯發科群益96購02,0,0,0,0,0,0,0,0,0,100000,0,0,0,100000,0,100000,100000
053819,大立光群益96購04,0,0,0,0,0,0,0,0,0,100000,0,0,0,100000,0,100000,100000
053546,台積電凱基96購13,0,0,0,0,0,0,0,0,0,100000,0,0,0,100000,0,100000,100000
053220,瀚宇博凱基98購01,0,0,0,0,0,0,0,0,0,100000,0,0,0,100000,0,100000,100000
055860,啟碁元大97購04  ,0,0,0,0,0,0,0,0,0,100000,0,0,0,100000,0,100000,100000
07201P,臺股指元大99售17,0,0,0,0,0,0,0,0,0,100000,0,0,0,100000,0,100000,100000
2030,彰源            ,122000,21000,101000,0,0,0,0,0,0,-1000,0,1000,-1000,0,0,0,100000
3704,合勤控          ,434918,335000,99918,0,0,0,0,0,0,0,0,0,0,0,0,0,99918
054870,新日興群益98購01,0,0,0,0,0,0,0,0,0,99000,0,0,0,109000,10000,99000,99000
053897,台郡群益96購01  ,0,0,0,0,0,0,0,0,0,99000,0,0,0,99000,0,99000,99000
052307,潤泰全國泰96購01,0,0,0,0,0,0,0,0,0,99000,0,0,0,161000,62000,99000,99000
059537,大立光凱基99購09,0,0,0,0,0,0,0,0,0,99000,0,0,0,136000,37000,99000,99000
6669,緯穎            ,472060,417000,55060,0,0,0,63000,15000,48000,-5000,2000,1000,1000,9000,15000,-6000,98060
058770,貿聯兆豐9A購01  ,0,0,0,0,0,0,0,0,0,98000,0,0,0,98000,0,98000,98000
052532,台積電國泰96購07,0,0,0,0,0,0,0,0,0,98000,0,0,0,98000,0,98000,98000
052822,泰碩永豐97購01  ,0,0,0,0,0,0,0,0,0,98000,0,0,0,138000,40000,98000,98000
050992,台積電元大97購01,0,0,0,0,0,0,0,0,0,98000,0,0,0,98000,0,98000,98000
047926,可成凱基94購02  ,0,0,0,0,0,0,0,0,0,98000,0,0,0,108000,10000,98000,98000
1604,聲寶            ,179000,78000,101000,0,0,0,0,0,0,-3000,0,3000,-3000,0,0,0,98000
058354,台積電凱基9A購06,0,0,0,0,0,0,0,0,0,97000,0,0,0,97000,0,97000,97000
00643,群益深証中小    ,756000,54000,702000,0,0,0,0,0,0,-605000,0,0,0,137000,742000,-605000,97000
2539,櫻花建          ,132000,35000,97000,0,0,0,0,0,0,0,0,0,0,0,0,0,97000
056575,禾伸堂元大99購01,0,0,0,0,0,0,0,0,0,96000,0,0,0,96000,0,96000,96000
049893,日月光富邦98購01,0,0,0,0,0,0,0,0,0,96000,0,0,0,96000,0,96000,96000
052396,台積電凱基97購01,0,0,0,0,0,0,0,0,0,96000,0,0,0,96000,0,96000,96000
051600,新日興兆豐96購02,0,0,0,0,0,0,0,0,0,96000,0,0,0,106000,10000,96000,96000
057488,聯發科元大99購02,0,0,0,0,0,0,0,0,0,95000,0,0,0,105000,10000,95000,95000
055526,台積電群益97購02,0,0,0,0,0,0,0,0,0,95000,0,0,0,95000,0,95000,95000
053313,世紀鋼凱基96購01,0,0,0,0,0,0,0,0,0,95000,0,0,0,95000,0,95000,95000
055322,欣興國票97購06  ,0,0,0,0,0,0,0,0,0,94000,0,0,0,94000,0,94000,94000
056178,嘉澤元富97購02  ,0,0,0,0,0,0,0,0,0,94000,0,0,0,94000,0,94000,94000
053404,致新群益96購01  ,0,0,0,0,0,0,0,0,0,94000,0,0,0,114000,20000,94000,94000
057340,玉晶光元富98購04,0,0,0,0,0,0,0,0,0,94000,0,0,0,154000,60000,94000,94000
051489,世芯凱基95購01  ,0,0,0,0,0,0,0,0,0,94000,0,0,0,94000,0,94000,94000
054053,聯茂元大96購01  ,0,0,0,0,0,0,0,0,0,94000,0,0,0,94000,0,94000,94000
053701,台積電兆豐96購05,0,0,0,0,0,0,0,0,0,94000,0,0,0,104000,10000,94000,94000
049484,台積電元大95購02,0,0,0,0,0,0,0,0,0,94000,0,0,0,94000,0,94000,94000
059340,鴻海凱基9A購12  ,0,0,0,0,0,0,0,0,0,94000,0,0,0,94000,0,94000,94000
058489,台灣50群益9B購01,0,0,0,0,0,0,0,0,0,93000,0,0,0,93000,0,93000,93000
058450,旺宏永豐99購01  ,0,0,0,0,0,0,0,0,0,93000,0,0,0,93000,0,93000,93000
059031,元石油中信03購01,0,0,0,0,0,0,0,0,0,93000,0,0,0,103000,10000,93000,93000
059065,南電凱基9A購01  ,0,0,0,0,0,0,0,0,0,93000,0,0,0,93000,0,93000,93000
049482,國巨元大94購06  ,0,0,0,0,0,0,0,0,0,93000,0,0,0,93000,0,93000,93000
3033,威健            ,442000,173000,269000,0,0,0,0,0,0,-176000,0,176000,-176000,0,0,0,93000
06346P,聯鈞元富97售02  ,0,0,0,0,0,0,0,0,0,92000,0,0,0,92000,0,92000,92000
050758,聯發科元富9B購01,0,0,0,0,0,0,0,0,0,92000,0,0,0,92000,0,92000,92000
052316,台積電元大96購10,0,0,0,0,0,0,0,0,0,92000,0,0,0,92000,0,92000,92000
052984,漢唐元大96購01  ,0,0,0,0,0,0,0,0,0,92000,0,0,0,92000,0,92000,92000
059339,上銀凱基99購06  ,0,0,0,0,0,0,0,0,0,92000,0,0,0,92000,0,92000,92000
057197,立積台新98購01  ,0,0,0,0,0,0,0,0,0,91000,0,0,0,91000,0,91000,91000
2499,東貝            ,345000,254000,91000,0,0,0,0,0,0,0,0,0,0,0,0,0,91000
058907,健策元大99購04  ,0,0,0,0,0,0,0,0,0,90000,0,0,0,110000,20000,90000,90000
058077,超眾凱基98購02  ,0,0,0,0,0,0,0,0,0,90000,0,0,0,191000,101000,90000,90000
056462,訊芯凱基98購03  ,0,0,0,0,0,0,0,0,0,90000,0,0,0,90000,0,90000,90000
056778,元石油群益9B購01,0,0,0,0,0,0,0,0,0,90000,0,0,0,90000,0,90000,90000
054446,美食兆豐97購01  ,0,0,0,0,0,0,0,0,0,90000,0,0,0,90000,0,90000,90000
058170,國巨凱基9A購06  ,0,0,0,0,0,0,0,0,0,90000,0,0,0,160000,70000,90000,90000
052604,建準元大97購01  ,0,0,0,0,0,0,0,0,0,90000,0,0,0,90000,0,90000,90000
053494,南亞科兆豐96購02,0,0,0,0,0,0,0,0,0,90000,0,0,0,90000,0,90000,90000
057348,台積電統一98購09,0,0,0,0,0,0,0,0,0,90000,0,0,0,150000,60000,90000,90000
052317,台積電元大96購11,0,0,0,0,0,0,0,0,0,90000,0,0,0,90000,0,90000,90000
052321,華擎元大95購01  ,0,0,0,0,0,0,0,0,0,90000,0,0,0,90000,0,90000,90000
053229,南電台新97購01  ,0,0,0,0,0,0,0,0,0,90000,0,0,0,100000,10000,90000,90000
050630,大立光亞東96購01,0,0,0,0,0,0,0,0,0,90000,0,0,0,390000,300000,90000,90000
050227,大立光中信96購01,0,0,0,0,0,0,0,0,0,90000,0,0,0,90000,0,90000,90000
049385,茂林元大94購03  ,0,0,0,0,0,0,0,0,0,90000,0,0,0,90000,0,90000,90000
050899,旭富元大95購01  ,0,0,0,0,0,0,0,0,0,90000,0,0,0,150000,60000,90000,90000
048873,玉晶光國票95購02,0,0,0,0,0,0,0,0,0,90000,0,0,0,90000,0,90000,90000
059303,國巨兆豐99購04  ,0,0,0,0,0,0,0,0,0,90000,0,0,0,90000,0,90000,90000
055624,聯發科富邦99購07,0,0,0,0,0,0,0,0,0,89000,0,0,0,89000,0,89000,89000
051805,元黃金凱基97購02,0,0,0,0,0,0,0,0,0,89000,0,0,0,89000,0,89000,89000
052646,淘帝永豐96購01  ,0,0,0,0,0,0,0,0,0,89000,0,0,0,89000,0,89000,89000
2836,高雄銀          ,179000,90000,89000,0,0,0,0,0,0,0,0,0,0,0,0,0,89000
058050,台郡元大99購05  ,0,0,0,0,0,0,0,0,0,88000,0,0,0,128000,40000,88000,88000
058330,鴻海元富99購01  ,0,0,0,0,0,0,0,0,0,88000,0,0,0,88000,0,88000,88000
057874,可成元大99購02  ,0,0,0,0,0,0,0,0,0,88000,0,0,0,88000,0,88000,88000
058555,矽創永豐9A購01  ,0,0,0,0,0,0,0,0,0,88000,0,0,0,115000,27000,88000,88000
05296P,牧德凱基96售01  ,0,0,0,0,0,0,0,0,0,88000,0,0,0,88000,0,88000,88000
054217,台表科國票97購05,0,0,0,0,0,0,0,0,0,88000,0,0,0,88000,0,88000,88000
048748,國巨元富96購01  ,0,0,0,0,0,0,0,0,0,88000,0,0,0,88000,0,88000,88000
049873,華新科台新94購02,0,0,0,0,0,0,0,0,0,88000,0,0,0,88000,0,88000,88000
056357,台積電元大9A購01,0,0,0,0,0,0,0,0,0,87000,0,0,0,87000,0,87000,87000
058032,大立光永豐98購05,0,0,0,0,0,0,0,0,0,87000,0,0,0,88000,1000,87000,87000
03418B,臺股指元大95熊20,0,0,0,0,0,0,0,0,0,87000,0,0,0,87000,0,87000,87000
05246P,南電元大95售04  ,0,0,0,0,0,0,0,0,0,87000,0,0,0,140000,53000,87000,87000
052123,泰碩國票95購01  ,0,0,0,0,0,0,0,0,0,87000,0,0,0,87000,0,87000,87000
053962,聯茂永豐96購01  ,0,0,0,0,0,0,0,0,0,87000,0,0,0,115000,28000,87000,87000
051914,健策元大96購06  ,0,0,0,0,0,0,0,0,0,87000,0,0,0,87000,0,87000,87000
1810,和成            ,90000,2000,88000,0,0,0,0,0,0,-1000,0,1000,-1000,0,0,0,87000
1721,三晃            ,100000,13000,87000,0,0,0,0,0,0,0,0,0,0,0,0,0,87000
058058,大立光元富9B購02,0,0,0,0,0,0,0,0,0,86000,0,0,0,86000,0,86000,86000
2362,藍天            ,161000,61000,100000,0,0,0,0,0,0,-14000,0,14000,-14000,0,0,0,86000
056467,上証2X元大98購02,0,0,0,0,0,0,0,0,0,85000,0,0,0,86000,1000,85000,85000
057283,欣興元大98購07  ,0,0,0,0,0,0,0,0,0,85000,0,0,0,85000,0,85000,85000
055153,台光電元大98購02,0,0,0,0,0,0,0,0,0,85000,0,0,0,85000,0,85000,85000
051843,聯發科富邦99購01,0,0,0,0,0,0,0,0,0,85000,0,0,0,85000,0,85000,85000
052038,國巨永昌96購01  ,0,0,0,0,0,0,0,0,0,85000,0,0,0,931000,846000,85000,85000
052454,力成元大95購02  ,0,0,0,0,0,0,0,0,0,85000,0,0,0,85000,0,85000,85000
050306,聯發科中信97購01,0,0,0,0,0,0,0,0,0,85000,0,0,0,85000,0,85000,85000
05677P,玉晶光群益98售03,0,10000,-10000,0,0,0,0,0,0,94000,0,0,0,94000,0,94000,84000
051584,可成元大95購08  ,0,0,0,0,0,0,0,0,0,84000,0,0,0,84000,0,84000,84000
051451,世芯元大95購03  ,0,0,0,0,0,0,0,0,0,84000,0,0,0,94000,10000,84000,84000
06142P,台虹康和97售02  ,0,0,0,0,0,0,0,0,0,84000,0,0,0,115000,31000,84000,84000
056362,聯發科元大99購01,0,0,0,0,0,0,0,0,0,83000,0,0,0,84000,1000,83000,83000
058864,欣興凱基99購04  ,0,0,0,0,0,0,0,0,0,83000,0,0,0,211000,128000,83000,83000
055631,創意永豐98購01  ,0,0,0,0,0,0,0,0,0,83000,0,0,0,137000,54000,83000,83000
052325,高股息中信99購01,0,0,0,0,0,0,0,0,0,83000,0,0,0,83000,0,83000,83000
052895,台積電群益96購04,0,0,0,0,0,0,0,0,0,83000,0,0,0,83000,0,83000,83000
050614,聯發科元大95購04,0,0,0,0,0,0,0,0,0,83000,0,0,0,283000,200000,83000,83000
04980P,臺股指凱基96售08,0,0,0,0,0,0,0,0,0,83000,0,0,0,83000,0,83000,83000
047769,大立光元大96購01,0,0,0,0,0,0,0,0,0,83000,0,0,0,83000,0,83000,83000
059467,旺宏元大99購15  ,0,0,0,0,0,0,0,0,0,83000,0,0,0,85000,2000,83000,83000
1447,力鵬            ,177000,94000,83000,0,0,0,0,0,0,0,0,0,0,0,0,0,83000
056315,同欣電元大97購05,0,0,0,0,0,0,0,0,0,82000,0,0,0,82000,0,82000,82000
058521,日月光元大99購01,0,0,0,0,0,0,0,0,0,82000,0,0,0,82000,0,82000,82000
058196,台塑中信99購01  ,0,0,0,0,0,0,0,0,0,82000,0,0,0,82000,0,82000,82000
047193,南電元大94購02  ,0,0,0,0,0,0,0,0,0,82000,0,0,0,82000,0,82000,82000
1592,英瑞-KY         ,149000,67000,82000,0,0,0,0,0,0,0,0,0,0,0,0,0,82000
059567,台積電凱基9A購12,0,0,0,0,0,0,0,0,0,82000,0,0,0,113000,31000,82000,82000
054710,東元元富97購01  ,0,0,0,0,0,0,0,0,0,81000,0,0,0,89000,8000,81000,81000
06204P,鴻海群益97售04  ,0,0,0,0,0,0,0,0,0,81000,0,0,0,81000,0,81000,81000
056074,茂林元大97購04  ,0,0,0,0,0,0,0,0,0,81000,0,0,0,81000,0,81000,81000
057212,台積電群益98購03,0,0,0,0,0,0,0,0,0,81000,0,0,0,81000,0,81000,81000
057556,智易凱基99購01  ,0,0,0,0,0,0,0,0,0,81000,0,0,0,81000,0,81000,81000
044805,旭富凱基93購01  ,0,0,0,0,0,0,0,0,0,81000,0,0,0,81000,0,81000,81000
050311,上銀兆豐95購01  ,0,0,0,0,0,0,0,0,0,81000,0,0,0,81000,0,81000,81000
048346,智易元大95購01  ,0,0,0,0,0,0,0,0,0,81000,0,0,0,81000,0,81000,81000
059566,台積電凱基9A購11,0,0,0,0,0,0,0,0,0,81000,0,0,0,641000,560000,81000,81000
07220P,台灣50中信03售05,0,0,0,0,0,0,0,0,0,81000,0,0,0,111000,30000,81000,81000
057019,台積電凱基98購14,0,0,0,0,0,0,0,0,0,80000,0,0,0,80000,0,80000,80000
057490,可成元大98購10  ,0,0,0,0,0,0,0,0,0,80000,0,0,0,80000,0,80000,80000
057876,隆達元大98購01  ,0,0,0,0,0,0,0,0,0,80000,0,0,0,80000,0,80000,80000
058808,大成鋼統一9B購01,0,0,0,0,0,0,0,0,0,80000,0,0,0,80000,0,80000,80000
057261,瑞昱兆豐98購01  ,0,0,0,0,0,0,0,0,0,80000,0,0,0,80000,0,80000,80000
057813,京元電元大98購03,0,0,0,0,0,0,0,0,0,80000,0,0,0,263000,183000,80000,80000
056223,華邦電凱基97購04,0,0,0,0,0,0,0,0,0,80000,0,0,0,210000,130000,80000,80000
056417,欣興中信98購01  ,0,0,0,0,0,0,0,0,0,80000,0,0,0,190000,110000,80000,80000
056399,上証2X群益9C購01,0,0,0,0,0,0,0,0,0,80000,0,0,0,80000,0,80000,80000
056856,華通群益9A購01  ,0,0,0,0,0,0,0,0,0,80000,0,0,0,80000,0,80000,80000
055131,茂林康和97購01  ,0,0,0,0,0,0,0,0,0,80000,0,0,0,80000,0,80000,80000
055079,台光電中信97購01,0,0,0,0,0,0,0,0,0,80000,0,0,0,80000,0,80000,80000
055082,台郡中信97購01  ,0,0,0,0,0,0,0,0,0,80000,0,0,0,80000,0,80000,80000
051827,智邦元大95購04  ,0,0,0,0,0,0,0,0,0,80000,0,0,0,80000,0,80000,80000
050685,緯穎元富94購02  ,0,0,0,0,0,0,0,0,0,80000,0,0,0,80000,0,80000,80000
050540,台積電凱基94購38,0,0,0,0,0,0,0,0,0,80000,0,0,0,80000,0,80000,80000
044996,嘉晶國泰95購01  ,0,0,0,0,0,0,0,0,0,80000,0,0,0,80000,0,80000,80000
03414B,臺股指凱基99熊01,0,0,0,0,0,0,0,0,0,80000,0,0,0,242000,162000,80000,80000
045678,華新科元大95購01,0,0,0,0,0,0,0,0,0,80000,0,0,0,90000,10000,80000,80000
052750,臺股指元大96購04,0,0,0,0,0,0,0,0,0,80000,0,0,0,90000,10000,80000,80000
052672,世紀鋼群益96購02,0,0,0,0,0,0,0,0,0,80000,0,0,0,100000,20000,80000,80000
058732,矽格永豐99購01  ,0,0,0,0,0,0,0,0,0,80000,0,0,0,80000,0,80000,80000
052145,京元電群益95購02,0,0,0,0,0,0,0,0,0,80000,0,0,0,80000,0,80000,80000
059607,台積電富邦9C購04,0,0,0,0,0,0,0,0,0,80000,0,0,0,80000,0,80000,80000
059613,泰鼎永豐99購02  ,0,0,0,0,0,0,0,0,0,80000,0,0,0,100000,20000,80000,80000
05984P,台積電統一98售01,0,0,0,0,0,0,0,0,0,80000,0,0,0,80000,0,80000,80000
054841,亞德客兆豐97購01,0,0,0,0,0,0,0,0,0,79000,0,0,0,79000,0,79000,79000
054735,漢唐凱基98購01  ,0,0,0,0,0,0,0,0,0,79000,0,0,0,89000,10000,79000,79000
058323,泰鼎永豐9A購01  ,0,0,0,0,0,0,0,0,0,79000,0,0,0,79000,0,79000,79000
058010,帆宣國票98購01  ,0,0,0,0,0,0,0,0,0,79000,0,0,0,80000,1000,79000,79000
056485,同欣電元大98購01,0,0,0,0,0,0,0,0,0,79000,0,0,0,79000,0,79000,79000
056334,台積電凱基98購06,0,0,0,0,0,0,0,0,0,79000,0,0,0,79000,0,79000,79000
057478,智邦元大99購01  ,0,0,0,0,0,0,0,0,0,79000,0,0,0,79000,0,79000,79000
055986,祥碩元富97購01  ,0,0,0,0,0,0,0,0,0,79000,0,0,0,79000,0,79000,79000
056107,智易永豐97購02  ,0,0,0,0,0,0,0,0,0,79000,0,0,0,81000,2000,79000,79000
057167,台積電元大99購03,0,0,0,0,0,0,0,0,0,79000,0,0,0,79000,0,79000,79000
00678,群益NBI生技     ,159000,78000,81000,0,0,0,0,0,0,-2000,0,0,0,0,2000,-2000,79000
06978P,聯發科富邦9B售02,0,0,0,0,0,0,0,0,0,79000,0,0,0,79000,0,79000,79000
3583,辛耘            ,128000,54000,74000,0,0,0,0,0,0,5000,5000,0,5000,0,0,0,79000
058767,亞德客兆豐99購01,0,0,0,0,0,0,0,0,0,78000,0,0,0,78000,0,78000,78000
058878,旭富國泰9B購01  ,0,0,0,0,0,0,0,0,0,78000,0,0,0,78000,0,78000,78000
058433,台積電統一9B購04,0,0,0,0,0,0,0,0,0,78000,0,0,0,78000,0,78000,78000
056659,泰碩元大99購01  ,0,0,0,0,0,0,0,0,0,78000,0,0,0,88000,10000,78000,78000
052451,旭富元大95購02  ,0,0,0,0,0,0,0,0,0,78000,0,0,0,78000,0,78000,78000
6672,騰輝電子-KY     ,192000,114000,78000,0,0,0,0,0,0,0,0,0,0,0,0,0,78000
059528,華新科凱基99購06,0,0,0,0,0,0,0,0,0,78000,0,0,0,153000,75000,78000,78000
059400,滬深2X元富9C購04,0,0,0,0,0,0,0,0,0,78000,0,0,0,83000,5000,78000,78000
05434P,世紀鋼元富95售02,0,0,0,0,0,0,0,0,0,77000,0,0,0,81000,4000,77000,77000
00783,富邦中証500     ,5000,30000,-25000,0,0,0,0,0,0,102000,0,0,0,879000,777000,102000,77000
050245,大立光凱基94購12,0,0,0,0,0,0,0,0,0,77000,0,0,0,77000,0,77000,77000
050979,鴻海元富96購02  ,0,0,0,0,0,0,0,0,0,77000,0,0,0,77000,0,77000,77000
07268P,臺股指元大99售24,0,0,0,0,0,0,0,0,0,77000,0,0,0,100000,23000,77000,77000
6202,盛群            ,226000,101000,125000,0,0,0,0,0,0,-48000,3000,51000,-48000,0,0,0,77000
054756,世紀鋼凱基99購01,0,0,0,0,0,0,0,0,0,76000,0,0,0,76000,0,76000,76000
057541,台灣50康和9A購04,0,0,0,0,0,0,0,0,0,76000,0,0,0,78000,2000,76000,76000
055598,欣興元大97購03  ,0,0,0,0,0,0,0,0,0,76000,0,0,0,76000,0,76000,76000
056062,大立光元大97購12,0,0,0,0,0,0,0,0,0,76000,0,0,0,326000,250000,76000,76000
050801,元金2X群益98購01,0,0,0,0,0,0,0,0,0,76000,0,0,0,76000,0,76000,76000
050220,台積電元富96購01,0,0,0,0,0,0,0,0,0,76000,0,0,0,76000,0,76000,76000
056565,欣興群益98購03  ,0,0,0,0,0,0,0,0,0,75000,0,0,0,75000,0,75000,75000
06491P,台積電富邦99售02,0,0,0,0,0,0,0,0,0,75000,0,0,0,75000,0,75000,75000
050941,T50反1群益95購01,0,0,0,0,0,0,0,0,0,75000,0,0,0,75000,0,75000,75000
051069,智邦國票96購01  ,0,0,0,0,0,0,0,0,0,75000,0,0,0,75000,0,75000,75000
049803,華新科元大95購07,0,0,0,0,0,0,0,0,0,75000,0,0,0,75000,0,75000,75000
051408,台積電國票95購03,0,0,0,0,0,0,0,0,0,75000,0,0,0,75000,0,75000,75000
051961,泰碩永豐95購01  ,0,0,0,0,0,0,0,0,0,75000,0,0,0,75000,0,75000,75000
059533,富邦金凱基99購01,0,0,0,0,0,0,0,0,0,75000,0,0,0,129000,54000,75000,75000
059278,群創元大9A購04  ,0,0,0,0,0,0,0,0,0,74000,0,0,0,264000,190000,74000,74000
058705,長榮航元大99購01,0,0,0,0,0,0,0,0,0,74000,0,0,0,110000,36000,74000,74000
053631,欣興兆豐97購01  ,0,0,0,0,0,0,0,0,0,74000,0,0,0,74000,0,74000,74000
049483,台積電元大94購12,0,0,0,0,0,0,0,0,0,74000,0,0,0,74000,0,74000,74000
058614,台郡元大9A購01  ,0,0,0,0,0,0,0,0,0,73000,0,0,0,73000,0,73000,73000
056637,台光電日盛9A購01,0,0,0,0,0,0,0,0,0,73000,0,0,0,75000,2000,73000,73000
056645,大立光凱基98購12,0,0,0,0,0,0,0,0,0,73000,0,0,0,73000,0,73000,73000
056403,茂林群益98購01  ,0,0,0,0,0,0,0,0,0,73000,0,0,0,73000,0,73000,73000
054020,技嘉台新97購01  ,0,0,0,0,0,0,0,0,0,73000,0,0,0,73000,0,73000,73000
055565,祥碩凱基97購01  ,0,0,0,0,0,0,0,0,0,72000,0,0,0,72000,0,72000,72000
057531,禾伸堂元大99購04,0,0,0,0,0,0,0,0,0,72000,0,0,0,100000,28000,72000,72000
059189,國泰金富邦9B購01,0,0,0,0,0,0,0,0,0,72000,0,0,0,99000,27000,72000,72000
2329,華泰            ,657000,573000,84000,0,0,0,0,0,0,-12000,0,16000,-16000,18000,14000,4000,72000
3346,麗清            ,72000,0,72000,0,0,0,0,0,0,0,0,0,0,0,0,0,72000
9940,信義            ,150541,79000,71541,0,0,0,0,0,0,0,0,0,0,0,0,0,71541
058457,創意永豐99購01  ,0,0,0,0,0,0,0,0,0,71000,0,0,0,71000,0,71000,71000
050955,達方群益97購01  ,0,0,0,0,0,0,0,0,0,71000,0,0,0,71000,0,71000,71000
4137,麗豐-KY         ,187000,110000,77000,0,0,0,0,0,0,-6000,0,3000,-3000,0,3000,-3000,71000
058436,聯發科統一9B購03,0,0,0,0,0,0,0,0,0,70000,0,0,0,70000,0,70000,70000
056593,台積電元富98購02,0,0,0,0,0,0,0,0,0,70000,0,0,0,70000,0,70000,70000
055123,億光兆豐97購01  ,0,0,0,0,0,0,0,0,0,70000,0,0,0,70000,0,70000,70000
056675,聯發科元富02購01,0,0,0,0,0,0,0,0,0,70000,0,0,0,70000,0,70000,70000
056851,瑞儀元富98購01  ,0,0,0,0,0,0,0,0,0,70000,0,0,0,70000,0,70000,70000
059255,臺股指凱基99購33,0,0,0,0,0,0,0,0,0,70000,0,0,0,71000,1000,70000,70000
056134,可成元大97購06  ,0,0,0,0,0,0,0,0,0,70000,0,0,0,70000,0,70000,70000
057135,立積凱基98購01  ,0,0,0,0,0,0,0,0,0,70000,0,0,0,70000,0,70000,70000
055475,臻鼎凱基97購02  ,0,0,0,0,0,0,0,0,0,70000,0,0,0,70000,0,70000,70000
055398,超眾統一97購03  ,0,0,0,0,0,0,0,0,0,70000,0,0,0,70000,0,70000,70000
056247,台郡群益97購01  ,0,0,0,0,0,0,0,0,0,70000,0,0,0,70000,0,70000,70000
051245,南亞科元大95購01,0,0,0,0,0,0,0,0,0,70000,0,0,0,70000,0,70000,70000
053689,台光電元大96購01,0,0,0,0,0,0,0,0,0,70000,0,0,0,70000,0,70000,70000
048945,訊連永豐94購01  ,0,0,0,0,0,0,0,0,0,70000,0,0,0,70000,0,70000,70000
03021P,玉晶光群益02售25,0,0,0,0,0,0,0,0,0,70000,0,0,0,70000,0,70000,70000
052066,華邦電兆豐96購01,0,0,0,0,0,0,0,0,0,70000,0,0,0,70000,0,70000,70000
051939,同欣電群益97購01,0,0,0,0,0,0,0,0,0,70000,0,0,0,70000,0,70000,70000
051999,勤誠元大95購01  ,0,0,0,0,0,0,0,0,0,70000,0,0,0,70000,0,70000,70000
051450,世芯元大95購02  ,0,0,0,0,0,0,0,0,0,70000,0,0,0,70000,0,70000,70000
054304,台積電凱基96購23,0,0,0,0,0,0,0,0,0,70000,0,0,0,70000,0,70000,70000
054246,國巨元大96購12  ,0,0,0,0,0,0,0,0,0,70000,0,0,0,70000,0,70000,70000
054090,瑞昱群益97購01  ,0,0,0,0,0,0,0,0,0,70000,0,0,0,70000,0,70000,70000
2374,佳能            ,84000,13000,71000,0,0,0,0,0,0,-1000,0,1000,-1000,0,0,0,70000
058824,晶技富邦9A購01  ,0,0,0,0,0,0,0,0,0,69000,0,0,0,120000,51000,69000,69000
053624,A50正2兆豐97購02,0,0,0,0,0,0,0,0,0,69000,0,0,0,69000,0,69000,69000
2104,國際中橡        ,1361000,1276000,85000,0,0,0,0,0,0,-16000,0,16000,-16000,0,0,0,69000
058380,臺股指凱基99購15,0,0,0,0,0,0,0,0,0,68000,0,0,0,68000,0,68000,68000
055925,上銀群益97購01  ,0,0,0,0,0,0,0,0,0,68000,0,0,0,68000,0,68000,68000
057053,立積元大98購02  ,0,0,0,0,0,0,0,0,0,68000,0,0,0,68000,0,68000,68000
048248,聯發科兆豐95購01,0,0,0,0,0,0,0,0,0,68000,0,0,0,68000,0,68000,68000
00865B,國泰US短期公債  ,0,0,0,0,0,0,0,0,0,68000,0,0,0,68000,0,68000,68000
054169,上緯控凱基98購01,0,0,0,0,0,0,0,0,0,68000,0,0,0,69000,1000,68000,68000
052832,益航群益96購01  ,0,0,0,0,0,0,0,0,0,68000,0,0,0,68000,0,68000,68000
2414,精技            ,72000,4000,68000,0,0,0,0,0,0,0,0,0,0,0,0,0,68000
4164,承業醫          ,115000,46000,69000,0,0,0,0,0,0,-1000,0,1000,-1000,0,0,0,68000
055926,國巨群益98購06  ,0,0,0,0,0,0,0,0,0,67000,0,0,0,67000,0,67000,67000
056526,力山凱基98購01  ,0,0,0,0,0,0,0,0,0,67000,0,0,0,67000,0,67000,67000
051269,康友富邦97購01  ,0,0,0,0,0,0,0,0,0,67000,0,0,0,67000,0,67000,67000
3443,創意            ,364000,213000,151000,0,0,0,0,65000,-65000,-19000,2000,20000,-18000,4000,5000,-1000,67000
059569,旺宏凱基99購09  ,0,0,0,0,0,0,0,0,0,67000,0,0,0,104000,37000,67000,67000
05966P,矽力凱基96售03  ,0,0,0,0,0,0,0,0,0,67000,0,0,0,67000,0,67000,67000
3017,奇鋐            ,1770000,935113,834887,0,0,0,0,1015000,-1015000,247000,282000,2000,280000,26000,59000,-33000,66887
056290,正文永豐98購01  ,0,0,0,0,0,0,0,0,0,66000,0,0,0,66000,0,66000,66000
059580,大立光元富99購07,0,0,0,0,0,0,0,0,0,66000,0,0,0,66000,0,66000,66000
059217,台積電元大99購30,0,0,0,0,0,0,0,0,0,66000,0,0,0,66000,0,66000,66000
053488,中石化兆豐97購01,0,0,0,0,0,0,0,0,0,66000,0,0,0,66000,0,66000,66000
054972,聯茂元大97購02  ,0,0,0,0,0,0,0,0,0,65000,0,0,0,70000,5000,65000,65000
058456,京鼎永豐99購01  ,0,0,0,0,0,0,0,0,0,65000,0,0,0,65000,0,65000,65000
058492,華通群益9B購01  ,0,0,0,0,0,0,0,0,0,65000,0,0,0,65000,0,65000,65000
056412,上証2X中信9A購02,0,0,0,0,0,0,0,0,0,65000,0,0,0,65000,0,65000,65000
057628,旺宏永豐98購02  ,0,0,0,0,0,0,0,0,0,65000,0,0,0,65000,0,65000,65000
057650,力成元大98購04  ,0,0,0,0,0,0,0,0,0,65000,0,0,0,65000,0,65000,65000
053456,大立光元富96購04,0,0,0,0,0,0,0,0,0,65000,0,0,0,65000,0,65000,65000
051315,同欣電麥證95購01,0,0,0,65000,0,65000,0,0,0,65000,0,0,0,65000,0,65000,65000
054302,鴻海凱基96購18  ,0,0,0,0,0,0,0,0,0,65000,0,0,0,81000,16000,65000,65000
045768,大立光元富95購02,0,0,0,0,0,0,0,0,0,65000,0,0,0,65000,0,65000,65000
4144,康聯-KY         ,70000,5000,65000,0,0,0,0,0,0,0,0,0,0,0,0,0,65000
057954,宏碁元大99購01  ,0,0,0,0,0,0,0,0,0,64000,0,0,0,180000,116000,64000,64000
058384,大成鋼中信99購01,0,0,0,0,0,0,0,0,0,64000,0,0,0,64000,0,64000,64000
059094,臻鼎元大99購03  ,0,0,0,0,0,0,0,0,0,64000,0,0,0,64000,0,64000,64000
03094X,大立光元大68展08,0,0,0,0,0,0,0,0,0,64000,0,0,0,64000,0,64000,64000
050522,聯發科元大95購03,0,0,0,0,0,0,0,0,0,64000,0,0,0,224000,160000,64000,64000
053438,玉晶光麥證97購02,0,0,0,64000,0,64000,0,0,0,64000,0,0,0,64000,0,64000,64000
052785,滬深2X中信99購03,0,0,0,0,0,0,0,0,0,64000,0,0,0,64000,0,64000,64000
055674,南港康和97購02  ,0,0,0,0,0,0,0,0,0,64000,0,0,0,64000,0,64000,64000
2527,宏璟            ,78000,14000,64000,0,0,0,0,0,0,0,0,0,0,0,0,0,64000
07218P,臺股指凱基99售31,0,0,0,0,0,0,0,0,0,64000,0,0,0,71000,7000,64000,64000
054896,聯茂日盛97購01  ,0,0,0,0,0,0,0,0,0,63000,0,0,0,73000,10000,63000,63000
056844,欣興元富98購03  ,0,0,0,0,0,0,0,0,0,63000,0,0,0,63000,0,63000,63000
056669,貿聯國票99購01  ,0,0,0,0,0,0,0,0,0,63000,0,0,0,103000,40000,63000,63000
055126,嘉澤兆豐97購01  ,0,0,0,0,0,0,0,0,0,63000,0,0,0,63000,0,63000,63000
055861,矽力元大97購03  ,0,0,0,0,0,0,0,0,0,63000,0,0,0,63000,0,63000,63000
052962,台積電凱基97購03,0,0,0,0,0,0,0,0,0,63000,0,0,0,63000,0,63000,63000
050124,元金2X凱基95購01,0,0,0,0,0,0,0,0,0,63000,0,0,0,63000,0,63000,63000
07165P,臺股指群益99售16,0,0,0,0,0,0,0,0,0,63000,0,0,0,165000,102000,63000,63000
059391,立積凱基9A購01  ,0,0,0,0,0,0,0,0,0,63000,0,0,0,268000,205000,63000,63000
3504,揚明光          ,73000,10000,63000,0,0,0,0,0,0,0,0,0,0,0,0,0,63000
058158,台積電台新99購01,0,0,0,0,0,0,0,0,0,62000,0,0,0,62000,0,62000,62000
059143,國巨國票9A購04  ,0,0,0,0,0,0,0,0,0,62000,0,0,0,128000,66000,62000,62000
051049,亞德客群益95購01,0,0,0,0,0,0,0,0,0,62000,0,0,0,62000,0,62000,62000
059612,奇鋐永豐99購02  ,0,0,0,0,0,0,0,0,0,62000,0,0,0,62000,0,62000,62000
054738,聯發科凱基97購01,0,0,0,0,0,0,0,0,0,61000,0,0,0,71000,10000,61000,61000
058901,美律元大99購07  ,0,0,0,0,0,0,0,0,0,61000,0,0,0,61000,0,61000,61000
058814,南亞科台新99購01,0,0,0,0,0,0,0,0,0,61000,0,0,0,61000,0,61000,61000
056355,台積電元大98購08,0,0,0,0,0,0,0,0,0,61000,0,0,0,61000,0,61000,61000
057104,康友中信99購01  ,0,0,0,0,0,0,0,0,0,61000,0,0,0,61000,0,61000,61000
057443,臺股指統一99購04,0,0,0,0,0,0,0,0,0,61000,0,0,0,61000,0,61000,61000
050831,超眾凱基95購01  ,0,0,0,0,0,0,0,0,0,61000,0,0,0,61000,0,61000,61000
051749,矽力國泰97購01  ,0,0,0,0,0,0,0,0,0,61000,0,0,0,61000,0,61000,61000
049221,健策國票95購02  ,0,0,0,0,0,0,0,0,0,61000,0,0,0,61000,0,61000,61000
04993P,上銀兆豐96售01  ,0,0,0,0,0,0,0,0,0,61000,0,0,0,61000,0,61000,61000
1731,美吾華          ,126000,65000,61000,0,0,0,0,0,0,0,0,0,0,0,0,0,61000
057512,華邦電台新98購01,0,0,0,0,0,0,0,0,0,60000,0,0,0,60000,0,60000,60000
057621,崇越凱基98購01  ,0,0,0,0,0,0,0,0,0,60000,0,0,0,60000,0,60000,60000
056294,上銀元大97購11  ,0,0,0,0,0,0,0,0,0,60000,0,0,0,60000,0,60000,60000
057717,友訊元富98購02  ,0,0,0,0,0,0,0,0,0,60000,0,0,0,60000,0,60000,60000
057727,華邦電國泰9A購01,0,0,0,0,0,0,0,0,0,60000,0,0,0,60000,0,60000,60000
05888P,友達元大97售01  ,0,0,0,0,0,0,0,0,0,60000,0,0,0,100000,40000,60000,60000
058106,神達統一98購02  ,0,0,0,0,0,0,0,0,0,60000,0,0,0,60000,0,60000,60000
058089,聯發科元大98購15,0,0,0,0,0,0,0,0,0,60000,0,0,0,60000,0,60000,60000
058027,鴻海富邦98購04  ,0,0,0,0,0,0,0,0,0,60000,0,0,0,60000,0,60000,60000
056919,英業達兆豐98購01,0,0,0,0,0,0,0,0,0,60000,0,0,0,70000,10000,60000,60000
056858,國巨群益99購03  ,0,0,0,0,0,0,0,0,0,60000,0,0,0,60000,0,60000,60000
056864,新日興群益99購01,0,0,0,0,0,0,0,0,0,60000,0,0,0,80000,20000,60000,60000
058149,百和元大99購02  ,0,0,0,0,0,0,0,0,0,60000,0,0,0,60000,0,60000,60000
055138,大毅永豐97購02  ,0,0,0,0,0,0,0,0,0,60000,0,0,0,60000,0,60000,60000
055029,帆宣國泰99購01  ,0,0,0,0,0,0,0,0,0,60000,0,0,0,60000,0,60000,60000
059130,台灣50群益9B購05,0,0,0,0,0,0,0,0,0,60000,0,0,0,60000,0,60000,60000
059046,滬深2X凱基9C購01,0,0,0,0,0,0,0,0,0,60000,0,0,0,60000,0,60000,60000
055154,聯發科元大98購01,0,0,0,0,0,0,0,0,0,60000,0,0,0,60000,0,60000,60000
054847,創意兆豐97購01  ,0,0,0,0,0,0,0,0,0,60000,0,0,0,60000,0,60000,60000
049044,和碩兆豐94購01  ,0,0,0,0,0,0,0,0,0,60000,0,0,0,60000,0,60000,60000
051737,瑞昱國票96購01  ,0,0,0,0,0,0,0,0,0,60000,0,0,0,60000,0,60000,60000
049552,鴻海國泰96購01  ,0,0,0,0,0,0,0,0,0,60000,0,0,0,60000,0,60000,60000
050894,旺宏元大96購03  ,0,0,0,0,0,0,0,0,0,60000,0,0,0,60000,0,60000,60000
050061,聯發科凱基94購07,0,0,0,0,0,0,0,0,0,60000,0,0,0,60000,0,60000,60000
050477,矽力永豐94購01  ,0,0,0,0,0,0,0,0,0,60000,0,0,0,60000,0,60000,60000
050551,大立光凱基95購05,0,0,0,0,0,0,0,0,0,60000,0,0,0,60000,0,60000,60000
044639,京元電元富94購01,0,0,0,0,0,0,0,0,0,60000,0,0,0,60000,0,60000,60000
053501,明泰兆豐96購01  ,0,0,0,0,0,0,0,0,0,60000,0,0,0,60000,0,60000,60000
057311,玉晶光日盛9A購01,0,0,0,0,0,0,0,0,0,60000,0,0,0,70000,10000,60000,60000
057379,寶成元大98購02  ,0,0,0,0,0,0,0,0,0,60000,0,0,0,60000,0,60000,60000
055704,亞德客永豐97購04,0,0,0,0,0,0,0,0,0,60000,0,0,0,60000,0,60000,60000
052490,禾伸堂國票95購01,0,0,0,0,0,0,0,0,0,60000,0,0,0,60000,0,60000,60000
054120,奇力新永豐96購01,0,0,0,0,0,0,0,0,0,60000,0,0,0,60000,0,60000,60000
054151,瑞昱國泰97購01  ,0,0,0,0,0,0,0,0,0,60000,0,0,0,60000,0,60000,60000
051290,大立光統一96購02,0,0,0,0,0,0,0,0,0,60000,0,0,0,60000,0,60000,60000
051977,泰碩凱基95購01  ,0,0,0,0,0,0,0,0,0,60000,0,0,0,60000,0,60000,60000
052025,國巨群益96購01  ,0,0,0,0,0,0,0,0,0,60000,0,0,0,60000,0,60000,60000
4956,光鋐            ,89000,29000,60000,0,0,0,0,0,0,0,0,0,0,0,0,0,60000
1402,遠東新          ,3428508,2632000,796508,0,0,0,1000,0,1000,-738000,3000,747000,-744000,6000,0,6000,59508
057179,可成元大98購04  ,0,0,0,0,0,0,0,0,0,59000,0,0,0,60000,1000,59000,59000
051953,矽力元富95購03  ,0,0,0,0,0,0,0,0,0,59000,0,0,0,60000,1000,59000,59000
058703,台積電元大99購16,0,0,0,0,0,0,0,0,0,59000,0,0,0,59000,0,59000,59000
057367,技嘉元大98購02  ,0,0,0,0,0,0,0,0,0,59000,0,0,0,59000,0,59000,59000
053282,彩晶元大9C購01  ,0,0,0,0,0,0,0,0,0,59000,0,0,0,59000,0,59000,59000
049798,台積電元大94購18,0,0,0,0,0,0,0,0,0,59000,0,0,0,59000,0,59000,59000
1451,年興            ,96000,37000,59000,0,0,0,0,0,0,0,0,0,0,0,0,0,59000
2612,中航            ,94000,35000,59000,0,0,0,0,0,0,0,0,0,0,0,0,0,59000
5515,建國            ,86000,27000,59000,0,0,0,0,0,0,0,0,0,0,0,0,0,59000
9955,佳龍            ,92000,33000,59000,0,0,0,0,0,0,0,0,0,0,0,0,0,59000
056551,台郡凱基98購04  ,0,0,0,0,0,0,0,0,0,58000,0,0,0,82000,24000,58000,58000
058851,大立光群益99購07,0,0,0,0,0,0,0,0,0,58000,0,0,0,58000,0,58000,58000
058597,瑞昱台新99購01  ,0,0,0,0,0,0,0,0,0,58000,0,0,0,58000,0,58000,58000
059060,大立光凱基9A購03,0,0,0,0,0,0,0,0,0,58000,0,0,0,58000,0,58000,58000
055021,亞德客國泰98購01,0,0,0,0,0,0,0,0,0,58000,0,0,0,58000,0,58000,58000
058234,華新科元大99購12,0,0,0,0,0,0,0,0,0,58000,0,0,0,58000,0,58000,58000
049716,台積電凱基94購24,0,0,0,0,0,0,0,0,0,58000,0,0,0,58000,0,58000,58000
054295,世芯元大96購03  ,0,0,0,0,0,0,0,0,0,58000,0,0,0,105000,47000,58000,58000
053184,世紀鋼元富96購01,0,0,0,0,0,0,0,0,0,58000,0,0,0,58000,0,58000,58000
9905,大華            ,50000,0,50000,0,0,0,0,0,0,8000,8000,0,8000,0,0,0,58000
058286,道瓊指國票9B購01,0,0,0,0,0,0,0,0,0,57000,0,0,0,57000,0,57000,57000
054513,元金2X元大96購01,0,0,0,0,0,0,0,0,0,57000,0,0,0,57000,0,57000,57000
049407,台積電日盛94購02,0,0,0,0,0,0,0,0,0,57000,0,0,0,57000,0,57000,57000
048732,台勝科麥證95購01,0,0,0,64000,7000,57000,0,0,0,57000,0,0,0,64000,7000,57000,57000
00766L,台新MSCI中國正2 ,0,0,0,0,0,0,0,0,0,57000,0,0,0,187000,130000,57000,57000
5525,順天            ,76000,19000,57000,0,0,0,0,0,0,0,0,0,0,0,0,0,57000
059378,台光電群益9B購01,0,0,0,0,0,0,0,0,0,57000,0,0,0,60000,3000,57000,57000
056783,國巨群益99購01  ,0,0,0,0,0,0,0,0,0,56000,0,0,0,56000,0,56000,56000
057200,技嘉元富98購01  ,0,0,0,0,0,0,0,0,0,56000,0,0,0,56000,0,56000,56000
044930,元黃金富邦93購01,0,0,0,0,0,0,0,0,0,56000,0,0,0,56000,0,56000,56000
051800,旺宏永豐95購02  ,0,0,0,0,0,0,0,0,0,56000,0,0,0,56000,0,56000,56000
051848,元金2X中信98購02,0,0,0,0,0,0,0,0,0,56000,0,0,0,56000,0,56000,56000
051875,聯發科兆豐95購04,0,0,0,0,0,0,0,0,0,56000,0,0,0,65000,9000,56000,56000
1783,和康生          ,56000,0,56000,0,0,0,0,0,0,0,0,0,0,0,0,0,56000
2388,威盛            ,181000,125000,56000,0,0,0,0,0,0,0,0,0,0,0,0,0,56000
1711,永光            ,233000,175000,58000,0,0,0,0,0,0,-2000,0,2000,-2000,0,0,0,56000
6230,超眾            ,263000,190399,72601,0,0,0,0,0,0,-17000,0,0,0,5000,22000,-17000,55601
056989,鴻海兆豐98購02  ,0,0,0,0,0,0,0,0,0,55000,0,0,0,55000,0,55000,55000
057477,智邦元大98購09  ,0,0,0,0,0,0,0,0,0,55000,0,0,0,55000,0,55000,55000
058044,鴻海元大99購07  ,0,0,0,0,0,0,0,0,0,55000,0,0,0,55000,0,55000,55000
058882,晶相光永豐99購01,0,0,0,0,0,0,0,0,0,55000,0,0,0,57000,2000,55000,55000
059093,旭富元大99購01  ,0,0,0,0,0,0,0,0,0,55000,0,0,0,65000,10000,55000,55000
056772,欣興元大99購01  ,0,0,0,0,0,0,0,0,0,55000,0,0,0,60000,5000,55000,55000
059177,臺股指凱基99購28,0,0,0,0,0,0,0,0,0,55000,0,0,0,55000,0,55000,55000
054589,聯鈞國泰99購01  ,0,0,0,0,0,0,0,0,0,55000,0,0,0,55000,0,55000,55000
054303,國巨凱基96購15  ,0,0,0,0,0,0,0,0,0,55000,0,0,0,55000,0,55000,55000
052450,嘉澤元大95購03  ,0,0,0,0,0,0,0,0,0,55000,0,0,0,55000,0,55000,55000
054195,亞泥國泰98購01  ,0,0,0,0,0,0,0,0,0,55000,0,0,0,55000,0,55000,55000
055672,國巨日盛97購02  ,0,0,0,0,0,0,0,0,0,55000,0,0,0,55000,0,55000,55000
051746,玉晶光國泰97購07,0,0,0,0,0,0,0,0,0,55000,0,0,0,55000,0,55000,55000
053672,嘉澤元富96購02  ,0,0,0,0,0,0,0,0,0,55000,0,0,0,55000,0,55000,55000
00660,元大歐洲50      ,0,0,0,0,0,0,0,0,0,55000,0,0,0,56000,1000,55000,55000
059209,華通元大99購08  ,0,0,0,0,0,0,0,0,0,54000,0,0,0,54000,0,54000,54000
06608P,立積群益99售02  ,0,0,0,0,0,0,0,0,0,54000,0,0,0,62000,8000,54000,54000
055545,國巨凱基97購06  ,0,0,0,0,0,0,0,0,0,54000,0,0,0,64000,10000,54000,54000
056166,微星台新97購01  ,0,0,0,0,0,0,0,0,0,54000,0,0,0,54000,0,54000,54000
035276,南亞科台新97購01,0,0,0,0,0,0,0,0,0,54000,0,0,0,75000,21000,54000,54000
048273,南電富邦97購01  ,0,0,0,0,0,0,0,0,0,54000,0,0,0,54000,0,54000,54000
051978,泰碩凱基96購01  ,0,0,0,0,0,0,0,0,0,54000,0,0,0,54000,0,54000,54000
051380,禾伸堂群益95購01,0,0,0,0,0,0,0,0,0,54000,0,0,0,54000,0,54000,54000
3024,憶聲            ,67000,13000,54000,0,0,0,0,0,0,0,0,0,0,0,0,0,54000
057093,臻鼎元富98購02  ,0,0,0,0,0,0,0,0,0,53000,0,0,0,53000,0,53000,53000
057815,信邦元大98購01  ,0,0,0,0,0,0,0,0,0,53000,0,0,0,53000,0,53000,53000
059168,奇力新凱基99購05,0,0,0,0,0,0,0,0,0,53000,0,0,0,53000,0,53000,53000
058651,FBVIX中信9C購01 ,0,0,0,0,0,0,0,0,0,53000,0,0,0,53000,0,53000,53000
054930,群電凱基98購01  ,0,0,0,0,0,0,0,0,0,53000,0,0,0,53000,0,53000,53000
058527,世紀鋼元大99購01,0,0,0,0,0,0,0,0,0,53000,0,0,0,53000,0,53000,53000
052020,聯茂永豐95購02  ,0,0,0,0,0,0,0,0,0,53000,0,0,0,161000,108000,53000,53000
055915,大立光凱基98購07,0,0,0,0,0,0,0,0,0,53000,0,0,0,53000,0,53000,53000
046813,聯電凱基96購01  ,0,0,0,0,0,0,0,0,0,53000,0,0,0,88000,35000,53000,53000
050653,聯鈞凱基96購01  ,0,0,0,0,0,0,0,0,0,53000,0,0,0,53000,0,53000,53000
6533,晶心科          ,135000,82000,53000,0,0,0,0,0,0,0,0,0,0,0,0,0,53000
07276P,臺股指群益99售19,0,0,0,0,0,0,0,0,0,53000,0,0,0,1228000,1175000,53000,53000
1762,中化生          ,137000,84000,53000,0,0,0,0,0,0,0,0,0,0,0,0,0,53000
1434,福懋            ,606000,531300,74700,0,0,0,0,0,0,-22000,0,22000,-22000,0,0,0,52700
058484,元金2X國票04購01,0,0,0,0,0,0,0,0,0,52000,0,0,0,52000,0,52000,52000
054575,聯鈞元大97購01  ,0,0,0,0,0,0,0,0,0,52000,0,0,0,55000,3000,52000,52000
058190,貿聯永豐99購01  ,0,0,0,0,0,0,0,0,0,52000,0,0,0,52000,0,52000,52000
058944,元石油群益9C購02,0,0,0,0,0,0,0,0,0,52000,0,0,0,105000,53000,52000,52000
058600,國巨元大99購15  ,0,0,0,0,0,0,0,0,0,52000,0,0,0,52000,0,52000,52000
056162,祥碩凱基97購03  ,0,0,0,0,0,0,0,0,0,52000,0,0,0,52000,0,52000,52000
050844,大立光國票96購01,0,0,0,0,0,0,0,0,0,52000,0,0,0,52000,0,52000,52000
059515,牧德永豐99購01  ,0,0,0,0,0,0,0,0,0,52000,0,0,0,139000,87000,52000,52000
058798,大立光元大99購11,0,0,0,0,0,0,0,0,0,51000,0,0,0,119000,68000,51000,51000
056437,台積電凱基98購11,0,0,0,0,0,0,0,0,0,51000,0,0,0,51000,0,51000,51000
058658,瑞儀中信99購01  ,0,0,0,0,0,0,0,0,0,51000,0,0,0,51000,0,51000,51000
059197,可成永豐99購02  ,0,0,0,0,0,0,0,0,0,51000,0,0,0,73000,22000,51000,51000
059240,台積電凱基9A購09,0,0,0,0,0,0,0,0,0,51000,0,0,0,51000,0,51000,51000
056559,華通群益98購02  ,0,0,0,0,0,0,0,0,0,51000,0,0,0,51000,0,51000,51000
042928,台積電中信95購01,0,0,0,0,0,0,0,0,0,51000,0,0,0,51000,0,51000,51000
055855,牧德元大99購02  ,0,0,0,0,0,0,0,0,0,51000,0,0,0,51000,0,51000,51000
055671,世紀鋼群益97購01,0,0,0,0,0,0,0,0,0,51000,0,0,0,51000,0,51000,51000
053469,光磊元大97購01  ,0,0,0,0,0,0,0,0,0,51000,0,0,0,51000,0,51000,51000
07025P,玉晶光凱基99售01,0,0,0,0,0,0,0,0,0,51000,0,0,0,51000,0,51000,51000
3607,谷崧            ,56000,5000,51000,0,0,0,0,0,0,0,0,0,0,0,0,0,51000
058497,新日興群益9B購01,0,0,0,0,0,0,0,0,0,50000,0,0,0,50000,0,50000,50000
058477,億光凱基9A購01  ,0,0,0,0,0,0,0,0,0,50000,0,0,0,50000,0,50000,50000
058525,台虹元大99購02  ,0,0,0,0,0,0,0,0,0,50000,0,0,0,50000,0,50000,50000
054419,嘉聯益元大98購02,0,0,0,0,0,0,0,0,0,50000,0,0,0,50000,0,50000,50000
054426,國泰金富邦97購02,0,0,0,0,0,0,0,0,0,50000,0,0,0,50000,0,50000,50000
058213,欣興群益99購01  ,0,0,0,0,0,0,0,0,0,50000,0,0,0,50000,0,50000,50000
058270,上緯控永豐99購01,0,0,0,0,0,0,0,0,0,50000,0,0,0,50000,0,50000,50000
058281,奇力新中信99購01,0,0,0,0,0,0,0,0,0,50000,0,0,0,50000,0,50000,50000
05664P,國巨凱基96售09  ,0,0,0,0,0,0,0,0,0,50000,0,0,0,50000,0,50000,50000
055283,聯發科元大97購16,0,0,0,0,0,0,0,0,0,50000,0,0,0,70000,20000,50000,50000
054935,華通元大98購03  ,0,0,0,0,0,0,0,0,0,50000,0,0,0,50000,0,50000,50000
059074,元油2X元大9C購15,0,0,0,0,0,0,0,0,0,50000,0,0,0,50000,0,50000,50000
056492,全新國泰9A購01  ,0,0,0,0,0,0,0,0,0,50000,0,0,0,50000,0,50000,50000
057955,技嘉元大98購07  ,0,0,0,0,0,0,0,0,0,50000,0,0,0,50000,0,50000,50000
058060,貿聯元富98購01  ,0,0,0,0,0,0,0,0,0,50000,0,0,0,50000,0,50000,50000
058081,技嘉群益9A購03  ,0,0,0,0,0,0,0,0,0,50000,0,0,0,150000,100000,50000,50000
058095,昇陽半元大98購03,0,0,0,0,0,0,0,0,0,50000,0,0,0,50000,0,50000,50000
057231,美律凱基98購05  ,0,0,0,0,0,0,0,0,0,50000,0,0,0,50000,0,50000,50000
057772,台積電群益99購01,0,0,0,0,0,0,0,0,0,50000,0,0,0,50000,0,50000,50000
056093,大毅元富97購01  ,0,0,0,0,0,0,0,0,0,50000,0,0,0,50000,0,50000,50000
056939,康控元富98購01  ,0,0,0,0,0,0,0,0,0,50000,0,0,0,50000,0,50000,50000
057665,技嘉元大99購01  ,0,0,0,0,0,0,0,0,0,50000,0,0,0,50000,0,50000,50000
057655,奇力新中信98購05,0,0,0,0,0,0,0,0,0,50000,0,0,0,50000,0,50000,50000
057069,台積電永豐98購02,0,0,0,0,0,0,0,0,0,50000,0,0,0,50000,0,50000,50000
057033,A50反1元大9B購02,0,0,0,0,0,0,0,0,0,50000,0,0,0,50000,0,50000,50000
057020,台積電凱基99購02,0,0,0,0,0,0,0,0,0,50000,0,0,0,50000,0,50000,50000
057007,奇力新中信98購04,0,0,0,0,0,0,0,0,0,50000,0,0,0,50000,0,50000,50000
057181,亞光元大98購02  ,0,0,0,0,0,0,0,0,0,50000,0,0,0,50000,0,50000,50000
055530,聯發科群益98購01,0,0,0,0,0,0,0,0,0,50000,0,0,0,50000,0,50000,50000
055596,新光金元大9B購02,0,0,0,0,0,0,0,0,0,50000,0,0,0,50000,0,50000,50000
055438,鴻海國票98購01  ,0,0,0,0,0,0,0,0,0,50000,0,0,0,50000,0,50000,50000
057427,華通兆豐99購01  ,0,0,0,0,0,0,0,0,0,50000,0,0,0,50000,0,50000,50000
057491,美食元大98購03  ,0,0,0,0,0,0,0,0,0,50000,0,0,0,50000,0,50000,50000
055996,矽力國泰99購01  ,0,0,0,0,0,0,0,0,0,50000,0,0,0,50000,0,50000,50000
05262P,台積電元大95售19,0,0,0,0,0,0,0,0,0,50000,0,0,0,50000,0,50000,50000
055717,聯發科元大97購19,0,0,0,0,0,0,0,0,0,50000,0,0,0,110000,60000,50000,50000
058680,國巨麥證99購02  ,0,0,0,50000,0,50000,0,0,0,50000,0,0,0,50000,0,50000,50000
055842,建準元大98購01  ,0,0,0,0,0,0,0,0,0,50000,0,0,0,50000,0,50000,50000
053798,台積電中信98購02,0,0,0,0,0,0,0,0,0,50000,0,0,0,50000,0,50000,50000
054044,京元電元大96購03,0,0,0,0,0,0,0,0,0,50000,0,0,0,50000,0,50000,50000
051558,元金2X國泰97購01,0,0,0,0,0,0,0,0,0,50000,0,0,0,50000,0,50000,50000
051582,聯發科元大97購02,0,0,0,0,0,0,0,0,0,50000,0,0,0,50000,0,50000,50000
054134,強茂元大96購01  ,0,0,0,0,0,0,0,0,0,50000,0,0,0,50000,0,50000,50000
052353,高鐵群益97購01  ,0,0,0,0,0,0,0,0,0,50000,0,0,0,50000,0,50000,50000
052216,康友元大96購01  ,0,0,0,0,0,0,0,0,0,50000,0,0,0,50000,0,50000,50000
054370,台積電中信9A購01,0,0,0,0,0,0,0,0,0,50000,0,0,0,50000,0,50000,50000
053185,友達中信99購01  ,0,0,0,0,0,0,0,0,0,50000,0,0,0,50000,0,50000,50000
05307P,光寶科中信95售01,0,0,0,0,0,0,0,0,0,50000,0,0,0,50000,0,50000,50000
046881,智原富邦99購01  ,0,0,0,0,0,0,0,0,0,50000,0,0,0,50000,0,50000,50000
050774,健策元大96購02  ,0,0,0,0,0,0,0,0,0,50000,0,0,0,80000,30000,50000,50000
050353,華擎群益95購01  ,0,0,0,0,0,0,0,0,0,50000,0,0,0,50000,0,50000,50000
050329,超眾永豐94購03  ,0,0,0,0,0,0,0,0,0,50000,0,0,0,50000,0,50000,50000
045754,大立光國泰94購03,0,0,0,0,0,0,0,0,0,50000,0,0,0,85000,35000,50000,50000
050782,台積電國泰96購03,0,0,0,0,0,0,0,0,0,50000,0,0,0,50000,0,50000,50000
050793,大立光富邦96購03,0,0,0,0,0,0,0,0,0,50000,0,0,0,50000,0,50000,50000
053723,奇鋐凱基98購01  ,0,0,0,0,0,0,0,0,0,50000,0,0,0,50000,0,50000,50000
053642,瀚宇博永豐96購01,0,0,0,0,0,0,0,0,0,50000,0,0,0,50000,0,50000,50000
051149,可成凱基95購04  ,0,0,0,0,0,0,0,0,0,50000,0,0,0,50000,0,50000,50000
051231,健策群益97購01  ,0,0,0,0,0,0,0,0,0,50000,0,0,0,50000,0,50000,50000
051730,為升國票96購02  ,50000,0,50000,0,0,0,0,0,0,0,0,0,0,0,0,0,50000
053583,漢唐元大96購03  ,0,0,0,0,0,0,0,0,0,50000,0,0,0,50000,0,50000,50000
05169P,玉晶光元大95售03,0,0,0,0,0,0,0,0,0,50000,0,0,0,60000,10000,50000,50000
048283,亞德客中信94購01,0,0,0,0,0,0,0,0,0,50000,0,0,0,50000,0,50000,50000
048131,全新國票94購02  ,0,0,0,0,0,0,0,0,0,50000,0,0,0,50000,0,50000,50000
049017,旺宏群益96購03  ,0,0,0,0,0,0,0,0,0,50000,0,0,0,50000,0,50000,50000
048937,玉晶光永豐95購01,0,0,0,0,0,0,0,0,0,50000,0,0,0,50000,0,50000,50000
048532,大立光國票93購06,0,0,0,0,0,0,0,0,0,50000,0,0,0,50000,0,50000,50000
06928P,鴻海元大99售10  ,0,0,0,0,0,0,0,0,0,50000,0,0,0,58000,8000,50000,50000
07090P,台灣50凱基01售01,0,0,0,0,0,0,0,0,0,50000,0,0,0,50000,0,50000,50000
07299P,台灣50元大9C售13,0,0,0,0,0,0,0,0,0,50000,0,0,0,50000,0,50000,50000
057659,台表科兆豐98購01,0,0,0,0,0,0,0,0,0,49000,0,0,0,49000,0,49000,49000
059040,訊芯群益99購03  ,0,0,0,0,0,0,0,0,0,49000,0,0,0,49000,0,49000,49000
051088,台積電元大95購09,0,0,0,0,0,0,0,0,0,49000,0,0,0,49000,0,49000,49000
046703,瑞昱元富95購01  ,0,0,0,0,0,0,0,0,0,49000,0,0,0,49000,0,49000,49000
055710,亞德客元大97購03,0,0,0,0,0,0,0,0,0,49000,0,0,0,52000,3000,49000,49000
053439,台積電凱基96購11,0,0,0,0,0,0,0,0,0,49000,0,0,0,49000,0,49000,49000
053373,台泥元大96購01  ,0,0,0,0,0,0,0,0,0,49000,0,0,0,50000,1000,49000,49000
06889P,臺股指元大98售13,0,0,0,0,0,0,0,0,0,49000,0,0,0,129000,80000,49000,49000
056472,美律元大99購03  ,0,0,0,0,0,0,0,0,0,48000,0,0,0,48000,0,48000,48000
05348P,美律元富98售01  ,0,0,0,0,0,0,0,0,0,48000,0,0,0,50000,2000,48000,48000
00710B,FH彭博高收益債  ,0,0,0,0,0,0,0,0,0,48000,0,0,0,170000,122000,48000,48000
049219,聯發科國票95購01,0,0,0,0,0,0,0,0,0,48000,0,0,0,48000,0,48000,48000
07210P,智邦凱基99售03  ,0,0,0,0,0,0,0,0,0,48000,0,0,0,73000,25000,48000,48000
055383,GIS元大97購02   ,0,0,0,0,0,0,0,0,0,47000,0,0,0,47000,0,47000,47000
05609P,國泰金凱基96售01,0,0,0,0,0,0,0,0,0,47000,0,0,0,47000,0,47000,47000
055275,台積電元大97購19,0,0,0,0,0,0,0,0,0,47000,0,0,0,47000,0,47000,47000
056704,健策國泰99購01  ,0,0,0,0,0,0,0,0,0,47000,0,0,0,47000,0,47000,47000
058230,國巨元大99購11  ,0,0,0,0,0,0,0,0,0,47000,0,0,0,67000,20000,47000,47000
058130,瑞昱元大99購01  ,0,0,0,0,0,0,0,0,0,47000,0,0,0,54000,7000,47000,47000
06767P,台積電永昌99售03,0,0,0,0,0,0,0,0,0,47000,0,0,0,47000,0,47000,47000
056754,智易兆豐99購01  ,0,0,0,0,0,0,0,0,0,46000,0,0,0,46000,0,46000,46000
058276,道瓊指中信9C購01,0,0,0,0,0,0,0,0,0,46000,0,0,0,46000,0,46000,46000
054437,欣興台新97購02  ,0,0,0,0,0,0,0,0,0,46000,0,0,0,336000,290000,46000,46000
059213,國巨元大99購19  ,0,0,0,0,0,0,0,0,0,46000,0,0,0,46000,0,46000,46000
055585,國巨元大98購08  ,0,0,0,0,0,0,0,0,0,46000,0,0,0,46000,0,46000,46000
057962,超眾元大99購03  ,0,0,0,0,0,0,0,0,0,46000,0,0,0,46000,0,46000,46000
049270,台表科元大95購02,0,0,0,0,0,0,0,0,0,46000,0,0,0,46000,0,46000,46000
053629,玉山金兆豐96購01,0,0,0,0,0,0,0,0,0,46000,0,0,0,49000,3000,46000,46000
053588,聯發科元大97購07,0,0,0,0,0,0,0,0,0,46000,0,0,0,46000,0,46000,46000
050252,聯發科國泰95購01,0,0,0,0,0,0,0,0,0,46000,0,0,0,53000,7000,46000,46000
058706,聯鈞元大9C購01  ,0,0,0,0,0,0,0,0,0,46000,0,0,0,49000,3000,46000,46000
053123,京元電凱基96購01,0,0,0,0,0,0,0,0,0,46000,0,0,0,56000,10000,46000,46000
054375,貿聯中信99購01  ,0,0,0,0,0,0,0,0,0,46000,0,0,0,46000,0,46000,46000
1103,嘉泥            ,730000,656000,74000,0,0,0,0,0,0,-28000,0,28000,-28000,0,0,0,46000
2413,環科            ,61000,15000,46000,0,0,0,0,0,0,0,0,0,0,0,0,0,46000
056475,宏達電元大99購02,0,0,0,0,0,0,0,0,0,45000,0,0,0,45000,0,45000,45000
056300,聯發科元大97購23,0,0,0,0,0,0,0,0,0,45000,0,0,0,45000,0,45000,45000
055645,技嘉元富97購01  ,0,0,0,0,0,0,0,0,0,45000,0,0,0,45000,0,45000,45000
056942,昇陽半元富98購01,0,0,0,0,0,0,0,0,0,45000,0,0,0,45000,0,45000,45000
057580,玉山金中信9A購01,0,0,0,0,0,0,0,0,0,45000,0,0,0,45000,0,45000,45000
059055,旺宏凱基9B購02  ,0,0,0,0,0,0,0,0,0,45000,0,0,0,49000,4000,45000,45000
058518,玉晶光元大99購13,0,0,0,0,0,0,0,0,0,45000,0,0,0,55000,10000,45000,45000
058262,大立光富邦9C購02,0,0,0,0,0,0,0,0,0,45000,0,0,0,45000,0,45000,45000
056843,冠德元富98購01  ,0,0,0,0,0,0,0,0,0,45000,0,0,0,45000,0,45000,45000
052593,台積電群益96購02,0,0,0,0,0,0,0,0,0,45000,0,0,0,45000,0,45000,45000
058983,旺宏凱基99購05  ,0,0,0,0,0,0,0,0,0,45000,0,0,0,45000,0,45000,45000
057365,智邦元大98購07  ,0,0,0,0,0,0,0,0,0,45000,0,0,0,45000,0,45000,45000
057308,同欣電兆豐99購01,0,0,0,0,0,0,0,0,0,45000,0,0,0,55000,10000,45000,45000
057386,聯發科永豐98購04,0,0,0,0,0,0,0,0,0,45000,0,0,0,45000,0,45000,45000
053599,崇越元大96購01  ,0,0,0,0,0,0,0,0,0,45000,0,0,0,45000,0,45000,45000
049653,緯穎凱基94購03  ,0,0,0,0,0,0,0,0,0,45000,0,0,0,45000,0,45000,45000
050892,聯電元大96購02  ,0,0,0,0,0,0,0,0,0,45000,0,0,0,85000,40000,45000,45000
047688,亞德客富邦95購01,0,0,0,0,0,0,0,0,0,45000,0,0,0,45000,0,45000,45000
059584,台灣50元大01購11,0,0,0,0,0,0,0,0,0,45000,0,0,0,45000,0,45000,45000
059508,聯發科永豐99購03,10000,0,10000,0,0,0,0,0,0,35000,0,0,0,60000,25000,35000,45000
3419,譁裕            ,77000,32000,45000,0,0,0,0,0,0,0,0,0,0,0,0,0,45000
2908,特力            ,58000,13000,45000,0,0,0,0,0,0,0,0,0,0,0,0,0,45000
058296,明泰凱基99購01  ,0,0,0,0,0,0,0,0,0,44000,0,0,0,44000,0,44000,44000
055289,泰碩元大98購01  ,0,0,0,0,0,0,0,0,0,44000,0,0,0,94000,50000,44000,44000
059182,台灣50台新9B購03,0,0,0,0,0,0,0,0,0,44000,0,0,0,47000,3000,44000,44000
057598,鴻海群益98購07  ,0,0,0,0,0,0,0,0,0,44000,0,0,0,44000,0,44000,44000
057278,可成元大98購06  ,0,0,0,0,0,0,0,0,0,44000,0,0,0,44000,0,44000,44000
058898,台積電元大99購20,0,0,0,0,0,0,0,0,0,44000,0,0,0,44000,0,44000,44000
049610,奇力新兆豐95購01,0,0,0,0,0,0,0,0,0,44000,0,0,0,44000,0,44000,44000
00700,富邦恒生國企    ,0,0,0,0,0,0,0,0,0,44000,0,0,0,144000,100000,44000,44000
0061,元大寶滬深      ,6000,2000,4000,0,0,0,0,0,0,40000,70000,0,70000,0,30000,-30000,44000
058664,百和兆豐99購01  ,0,0,0,0,0,0,0,0,0,44000,0,0,0,44000,0,44000,44000
053580,國巨元大96購10  ,0,0,0,0,0,0,0,0,0,44000,0,0,0,44000,0,44000,44000
053314,A50正2群益9A購01,0,0,0,0,0,0,0,0,0,44000,0,0,0,44000,0,44000,44000
052943,奇力新國票96購02,0,0,0,0,0,0,0,0,0,44000,0,0,0,44000,0,44000,44000
9935,慶豐富          ,84000,40000,44000,0,0,0,0,0,0,0,0,0,0,0,0,0,44000
2206,三陽工業        ,188000,152000,36000,0,0,0,0,0,0,8000,10000,2000,8000,0,0,0,44000
1437,勤益控          ,68000,24000,44000,0,0,0,0,0,0,0,0,0,0,0,0,0,44000
057810,技嘉元大98購06  ,0,0,0,0,0,0,0,0,0,43000,0,0,0,96000,53000,43000,43000
057672,茂林元大98購02  ,0,0,0,0,0,0,0,0,0,43000,0,0,0,43000,0,43000,43000
057193,力成元大98購02  ,0,0,0,0,0,0,0,0,0,43000,0,0,0,43000,0,43000,43000
057467,祥碩永豐98購04  ,0,0,0,0,0,0,0,0,0,43000,0,0,0,43000,0,43000,43000
059272,台灣50元大99購01,0,0,0,0,0,0,0,0,0,43000,0,0,0,44000,1000,43000,43000
055718,可成元大97購02  ,0,0,0,0,0,0,0,0,0,43000,0,0,0,43000,0,43000,43000
059003,中壽元大99購01  ,0,0,0,0,0,0,0,0,0,43000,0,0,0,45000,2000,43000,43000
051828,微星元大95購03  ,0,0,0,0,0,0,0,0,0,43000,0,0,0,43000,0,43000,43000
051855,道瓊反凱基97購01,0,0,0,0,0,0,0,0,0,43000,0,0,0,53000,10000,43000,43000
051672,玉晶光元大96購03,0,0,0,0,0,0,0,0,0,43000,0,0,0,43000,0,43000,43000
053625,國巨兆豐96購03  ,0,0,0,0,0,0,0,0,0,43000,0,0,0,53000,10000,43000,43000
1340,勝悅-KY         ,58000,15000,43000,0,0,0,0,0,0,0,0,0,0,0,0,0,43000
059249,大立光凱基99購05,0,0,0,0,0,0,0,0,0,42000,0,0,0,55000,13000,42000,42000
06617P,智邦元大98售03  ,0,0,0,0,0,0,0,0,0,42000,0,0,0,42000,0,42000,42000
056994,緯穎兆豐98購02  ,0,0,0,0,0,0,0,0,0,42000,0,0,0,42000,0,42000,42000
058758,台積電群益99購05,0,0,0,0,0,0,0,0,0,42000,0,0,0,42000,0,42000,42000
058786,元黃金元大99購01,0,0,0,0,0,0,0,0,0,42000,0,0,0,43000,1000,42000,42000
058847,國巨群益99購05  ,0,0,0,0,0,0,0,0,0,42000,0,0,0,42000,0,42000,42000
052574,茂林凱基96購02  ,0,0,0,0,0,0,0,0,0,42000,0,0,0,42000,0,42000,42000
052413,上証反中信97購01,0,0,0,0,0,0,0,0,0,42000,0,0,0,42000,0,42000,42000
058996,台達電元大99購02,0,0,0,0,0,0,0,0,0,42000,0,0,0,112000,70000,42000,42000
058722,台郡元富99購01  ,0,0,0,0,0,0,0,0,0,42000,0,0,0,58000,16000,42000,42000
057377,康控元大99購02  ,0,0,0,0,0,0,0,0,0,42000,0,0,0,51000,9000,42000,42000
06873P,嘉晶元富98售02  ,0,0,0,0,0,0,0,0,0,42000,0,0,0,42000,0,42000,42000
6235,華孚            ,76000,34000,42000,0,0,0,0,0,0,0,0,0,0,0,0,0,42000
6192,巨路            ,78000,35000,43000,0,0,0,0,0,0,-1000,0,1000,-1000,0,0,0,42000
056470,旺宏元大99購01  ,0,0,0,0,0,0,0,0,0,41000,0,0,0,41000,0,41000,41000
057880,金融類元大99購02,0,0,0,0,0,0,0,0,0,41000,0,0,0,41000,0,41000,41000
057267,康控兆豐99購01  ,0,0,0,0,0,0,0,0,0,41000,0,0,0,41000,0,41000,41000
059268,鎧勝中信01購01  ,0,0,0,0,0,0,0,0,0,41000,0,0,0,41000,0,41000,41000
059254,台表科凱基9A購02,0,0,0,0,0,0,0,0,0,41000,0,0,0,41000,0,41000,41000
059084,鴻海元大99購24  ,0,0,0,0,0,0,0,0,0,41000,0,0,0,41000,0,41000,41000
056900,可成元大98購02  ,0,0,0,0,0,0,0,0,0,41000,0,0,0,41000,0,41000,41000
054791,泰碩群益99購02  ,0,0,0,0,0,0,0,0,0,41000,0,0,0,41000,0,41000,41000
055832,台達電元大97購02,0,0,0,0,0,0,0,0,0,41000,0,0,0,41000,0,41000,41000
058687,聯茂凱基9A購01  ,0,0,0,0,0,0,0,0,0,41000,0,0,0,53000,12000,41000,41000
05316P,台積電永昌96售06,0,0,0,0,0,0,0,0,0,41000,0,0,0,441000,400000,41000,41000
051462,世芯國泰97購01  ,0,0,0,0,0,0,0,0,0,41000,0,0,0,41000,0,41000,41000
049040,亞光兆豐95購01  ,0,0,0,0,0,0,0,0,0,41000,0,0,0,41000,0,41000,41000
050612,台積電元大95購06,0,0,0,0,0,0,0,0,0,41000,0,0,0,41000,0,41000,41000
6226,光鼎            ,84000,43000,41000,0,0,0,0,0,0,0,0,0,0,0,0,0,41000
8033,雷虎            ,46000,5000,41000,0,0,0,0,0,0,0,0,0,0,0,0,0,41000
054770,健策國票98購01  ,0,0,0,0,0,0,0,0,0,40000,0,0,0,40000,0,40000,40000
056737,國巨凱基9A購01  ,0,0,0,0,0,0,0,0,0,40000,0,0,0,40000,0,40000,40000
058293,光寶科凱基9A購01,0,0,0,0,0,0,0,0,0,40000,0,0,0,41000,1000,40000,40000
058558,鴻海日盛9A購02  ,0,0,0,0,0,0,0,0,0,40000,0,0,0,125000,85000,40000,40000
058491,滬深2X群益01購01,0,0,0,0,0,0,0,0,0,40000,0,0,0,40000,0,40000,40000
058124,玉晶光國票9A購01,0,0,0,0,0,0,0,0,0,40000,0,0,0,40000,0,40000,40000
054554,大立光凱基98購02,0,0,0,0,0,0,0,0,0,40000,0,0,0,40000,0,40000,40000
059070,道瓊指元大99購02,0,0,0,0,0,0,0,0,0,40000,0,0,0,40000,0,40000,40000
054934,金寶元大97購01  ,0,0,0,0,0,0,0,0,0,40000,0,0,0,40000,0,40000,40000
054852,奇鋐國票98購01  ,0,0,0,0,0,0,0,0,0,40000,0,0,0,50000,10000,40000,40000
055281,台光電元大98購03,0,0,0,0,0,0,0,0,0,40000,0,0,0,40000,0,40000,40000
055282,聯發科元大97購15,0,0,0,0,0,0,0,0,0,40000,0,0,0,80000,40000,40000,40000
058640,台灣50麥證9A購01,0,0,0,40000,0,40000,0,0,0,40000,0,0,0,40000,0,40000,40000
058326,祥碩台新99購01  ,0,0,0,0,0,0,0,0,0,40000,0,0,0,40000,0,40000,40000
059196,聯發科永豐99購02,0,0,0,0,0,0,0,0,0,40000,0,0,0,82000,42000,40000,40000
06358P,力成中信97售02  ,0,0,0,0,0,0,0,0,0,40000,0,0,0,40000,0,40000,40000
06392P,T50反1元大9A售01,0,0,0,0,0,0,0,0,0,40000,0,0,0,40000,0,40000,40000
057281,大立光元大98購16,0,0,0,0,0,0,0,0,0,40000,0,0,0,40000,0,40000,40000
056250,瑞昱兆豐97購02  ,0,0,0,0,0,0,0,0,0,40000,0,0,0,40000,0,40000,40000
057847,聯茂永豐98購01  ,0,0,0,0,0,0,0,0,0,40000,0,0,0,50000,10000,40000,40000
056328,訊芯兆豐98購01  ,0,0,0,0,0,0,0,0,0,40000,0,0,0,40000,0,40000,40000
056312,茂林元大98購01  ,0,0,0,0,0,0,0,0,0,40000,0,0,0,40000,0,40000,40000
056471,台光電元大99購01,0,0,0,0,0,0,0,0,0,40000,0,0,0,40000,0,40000,40000
058360,台光電凱基9A購02,0,0,0,0,0,0,0,0,0,40000,0,0,0,40000,0,40000,40000
058338,康友元富99購01  ,0,0,0,0,0,0,0,0,0,40000,0,0,0,40000,0,40000,40000
058342,鴻海群益9A購01  ,0,0,0,0,0,0,0,0,0,40000,0,0,0,40000,0,40000,40000
057634,道瓊反元大99購01,0,0,0,0,0,0,0,0,0,40000,0,0,0,40000,0,40000,40000
057630,茂林永豐98購01  ,0,0,0,0,0,0,0,0,0,40000,0,0,0,40000,0,40000,40000
055938,矽力群益97購01  ,0,0,0,0,0,0,0,0,0,40000,0,0,0,40000,0,40000,40000
056077,矽力元大97購07  ,0,0,0,0,0,0,0,0,0,40000,0,0,0,40000,0,40000,40000
055588,瑞昱元大97購03  ,0,0,0,0,0,0,0,0,0,40000,0,0,0,40000,0,40000,40000
050063,聯發科凱基94購09,0,0,0,0,0,0,0,0,0,40000,0,0,0,40000,0,40000,40000
050057,國巨凱基94購05  ,0,0,0,0,0,0,0,0,0,40000,0,0,0,40000,0,40000,40000
050107,鴻海元大94購12  ,0,0,0,0,0,0,0,0,0,40000,0,0,0,40000,0,40000,40000
050151,台積電群益94購12,0,0,0,0,0,0,0,0,0,40000,0,0,0,40000,0,40000,40000
050390,聯發科統一94購09,0,0,0,0,0,0,0,0,0,40000,0,0,0,40000,0,40000,40000
046792,京元電元富96購01,0,0,0,0,0,0,0,0,0,40000,0,0,0,40000,0,40000,40000
050527,嘉聯益元大96購01,0,0,0,0,0,0,0,0,0,40000,0,0,0,40000,0,40000,40000
047202,欣興元富96購01  ,0,0,0,0,0,0,0,0,0,40000,0,0,0,40000,0,40000,40000
04477P,南電元大94售04  ,0,0,0,0,0,0,0,0,0,40000,0,0,0,50000,10000,40000,40000
04546P,台積電元大94售09,0,0,0,0,0,0,0,0,0,40000,0,0,0,40000,0,40000,40000
03595P,聯發科凱基02售11,0,0,0,0,0,0,0,0,0,40000,0,0,0,40000,0,40000,40000
03417B,臺股指凱基95熊19,0,0,0,0,0,0,0,0,0,40000,0,0,0,40000,0,40000,40000
049100,華新科國泰96購01,0,0,0,0,0,0,0,0,0,40000,0,0,0,40000,0,40000,40000
048998,玉晶光國票95購03,0,0,0,0,0,0,0,0,0,40000,0,0,0,40000,0,40000,40000
048895,光罩國泰95購01  ,0,0,0,0,0,0,0,0,0,40000,0,0,0,40000,0,40000,40000
049149,華新科元大95購03,0,0,0,0,0,0,0,0,0,40000,0,0,0,40000,0,40000,40000
048263,台積電元富95購01,0,0,0,0,0,0,0,0,0,40000,0,0,0,40000,0,40000,40000
053611,聯茂麥證96購01  ,0,0,0,40000,0,40000,0,0,0,40000,0,0,0,40000,0,40000,40000
053669,台積電統一96購08,0,0,0,0,0,0,0,0,0,40000,0,0,0,40000,0,40000,40000
050917,瀚宇博兆豐96購01,0,0,0,0,0,0,0,0,0,40000,0,0,0,40000,0,40000,40000
050880,大立光元富95購03,0,0,0,0,0,0,0,0,0,40000,0,0,0,40000,0,40000,40000
051206,大立光麥證95購02,0,0,0,40000,0,40000,0,0,0,40000,0,0,0,40000,0,40000,40000
051657,台郡元富98購01  ,0,0,0,0,0,0,0,0,0,40000,0,0,0,40000,0,40000,40000
053602,台虹元大96購01  ,0,0,0,0,0,0,0,0,0,40000,0,0,0,40000,0,40000,40000
049459,全新元富95購02  ,0,0,0,0,0,0,0,0,0,40000,0,0,0,40000,0,40000,40000
051935,味全群益95購01  ,0,0,0,0,0,0,0,0,0,40000,0,0,0,40000,0,40000,40000
054052,日月光元大96購06,0,0,0,0,0,0,0,0,0,40000,0,0,0,40000,0,40000,40000
054025,鴻海凱基96購17  ,0,0,0,0,0,0,0,0,0,40000,0,0,0,40000,0,40000,40000
053855,康友國泰98購01  ,0,0,0,0,0,0,0,0,0,40000,0,0,0,40000,0,40000,40000
054373,富邦金中信97購01,0,0,0,0,0,0,0,0,0,40000,0,0,0,40000,0,40000,40000
054222,大立光統一98購03,0,0,0,0,0,0,0,0,0,40000,0,0,0,40000,0,40000,40000
052308,大立光國泰97購02,0,0,0,0,0,0,0,0,0,40000,0,0,0,40000,0,40000,40000
052380,臺股指元大95購21,0,0,0,0,0,0,0,0,0,40000,0,0,0,40000,0,40000,40000
058715,鴻海台新99購02  ,0,0,0,0,0,0,0,0,0,40000,0,0,0,70000,30000,40000,40000
055760,新日興群益98購02,0,0,0,0,0,0,0,0,0,40000,0,0,0,40000,0,40000,40000
057349,聯發科統一98購04,0,0,0,0,0,0,0,0,0,40000,0,0,0,40000,0,40000,40000
052688,新日興元大96購01,0,0,0,0,0,0,0,0,0,40000,0,0,0,40000,0,40000,40000
053507,百和兆豐96購01  ,0,0,0,0,0,0,0,0,0,40000,0,0,0,40000,0,40000,40000
059309,滬深2X元大99購02,0,0,0,0,0,0,0,0,0,40000,0,0,0,40000,0,40000,40000
05930P,景碩康和96售01  ,0,0,0,0,0,0,0,0,0,40000,0,0,0,60000,20000,40000,40000
06139P,台積電中信99售02,0,0,0,0,0,0,0,0,0,40000,0,0,0,40000,0,40000,40000
06948P,FBVIX元大01售02 ,0,0,0,0,0,0,0,0,0,40000,0,0,0,60000,20000,40000,40000
06973P,臺股指元大9A售11,0,0,0,0,0,0,0,0,0,40000,0,0,0,40000,0,40000,40000
07102P,南電元大99售03  ,0,0,0,0,0,0,0,0,0,40000,0,0,0,40000,0,40000,40000
1708,東鹼            ,47000,6000,41000,0,0,0,0,0,0,-1000,0,1000,-1000,0,0,0,40000
1527,鑽全            ,176000,136000,40000,0,0,0,0,0,0,0,0,0,0,0,0,0,40000
07226P,貿聯富邦9B售01  ,0,0,0,0,0,0,0,0,0,40000,0,0,0,40000,0,40000,40000
058915,SGBR2X元富99購01,0,0,0,0,0,0,0,0,0,39000,0,0,0,39000,0,39000,39000
059238,台積電凱基99購11,0,0,0,0,0,0,0,0,0,39000,0,0,0,39000,0,39000,39000
053449,超眾凱基98購01  ,0,0,0,0,0,0,0,0,0,39000,0,0,0,39000,0,39000,39000
051485,玉晶光凱基97購02,0,0,0,0,0,0,0,0,0,39000,0,0,0,39000,0,39000,39000
04842P,群創元大96售02  ,0,0,0,0,0,0,0,0,0,39000,0,0,0,39000,0,39000,39000
006207,FH滬深          ,1000,11000,-10000,0,0,0,0,0,0,49000,0,0,0,49000,0,49000,39000
1449,佳和            ,51000,12000,39000,0,0,0,0,0,0,0,0,0,0,0,0,0,39000
06688P,鴻海中信02售01  ,0,0,0,0,0,0,0,0,0,39000,0,0,0,39000,0,39000,39000
6591,動力-KY         ,126000,87000,39000,0,0,0,0,0,0,0,0,0,0,0,0,0,39000
06498P,臺股指元大9A售03,0,0,0,0,0,0,0,0,0,38000,0,0,0,39000,1000,38000,38000
058412,聯發科兆豐99購01,0,0,0,0,0,0,0,0,0,38000,0,0,0,43000,5000,38000,38000
058278,FBVIX中信03購02 ,0,0,0,0,0,0,0,0,0,38000,0,0,0,38000,0,38000,38000
058252,臺股指元大9A購16,0,0,0,0,0,0,0,0,0,38000,0,0,0,38000,0,38000,38000
058243,華擎元大99購01  ,0,0,0,0,0,0,0,0,0,38000,0,0,0,38000,0,38000,38000
058103,台積電永豐98購06,0,0,0,0,0,0,0,0,0,38000,0,0,0,38000,0,38000,38000
056348,S&P反1元大9A購01,0,0,0,0,0,0,0,0,0,38000,0,0,0,38000,0,38000,38000
057807,友訊元大98購02  ,0,0,0,0,0,0,0,0,0,38000,0,0,0,38000,0,38000,38000
051690,超眾凱基95購03  ,0,0,0,0,0,0,0,0,0,38000,0,0,0,38000,0,38000,38000
053422,可成永豐96購01  ,0,0,0,0,0,0,0,0,0,38000,0,0,0,55000,17000,38000,38000
052890,FB上証群益9B購01,0,0,0,0,0,0,0,0,0,38000,0,0,0,50000,12000,38000,38000
07012P,智邦群益9A售01  ,0,0,0,0,0,0,0,0,0,38000,0,0,0,109000,71000,38000,38000
1464,得力            ,214000,176000,38000,0,0,0,0,0,0,0,0,0,0,0,0,0,38000
058795,可成元大99購03  ,0,0,0,0,0,0,0,0,0,37000,0,0,0,37000,0,37000,37000
057139,華新科兆豐98購02,0,0,0,0,0,0,0,0,0,37000,0,0,0,37000,0,37000,37000
06265P,美律凱基97售01  ,0,0,0,0,0,0,0,0,0,37000,0,0,0,40000,3000,37000,37000
05152P,玉晶光群益96售05,0,0,0,0,0,0,0,0,0,37000,0,0,0,37000,0,37000,37000
049667,大立光國泰96購01,0,0,0,0,0,0,0,0,0,37000,0,0,0,37000,0,37000,37000
050496,鴻海富邦96購01  ,0,0,0,0,0,0,0,0,0,37000,0,0,0,37000,0,37000,37000
2013,中鋼構          ,87000,50000,37000,0,0,0,0,0,0,0,0,0,0,0,0,0,37000
2617,台航            ,215000,178000,37000,0,0,0,0,0,0,0,0,0,0,0,0,0,37000
059358,旺宏永豐99購02  ,0,0,0,0,0,0,0,0,0,37000,0,0,0,37000,0,37000,37000
9943,好樂迪          ,73000,36000,37000,0,0,0,0,0,0,0,0,0,0,0,0,0,37000
2545,皇翔            ,104261,68000,36261,0,0,0,0,0,0,0,0,0,0,0,0,0,36261
058263,大成鋼永豐99購01,0,0,0,0,0,0,0,0,0,36000,0,0,0,36000,0,36000,36000
055127,台虹兆豐97購01  ,0,0,0,0,0,0,0,0,0,36000,0,0,0,53000,17000,36000,36000
054697,凌華永豐97購01  ,0,0,0,0,0,0,0,0,0,36000,0,0,0,43000,7000,36000,36000
057766,矽力凱基98購03  ,0,0,0,0,0,0,0,0,0,36000,0,0,0,44000,8000,36000,36000
056222,台積電凱基9A購01,0,0,0,0,0,0,0,0,0,36000,0,0,0,36000,0,36000,36000
056473,奇力新元大99購02,0,0,0,0,0,0,0,0,0,36000,0,0,0,36000,0,36000,36000
057927,勤誠凱基98購01  ,0,0,0,0,0,0,0,0,0,36000,0,0,0,36000,0,36000,36000
042315,T50反1台新96購01,0,0,0,0,0,0,0,0,0,36000,0,0,0,46000,10000,36000,36000
053174,同欣電群益98購02,0,0,0,0,0,0,0,0,0,36000,0,0,0,36000,0,36000,36000
052916,華新科富邦96購01,0,0,0,0,0,0,0,0,0,36000,0,0,0,36000,0,36000,36000
06028P,智邦台新97售01  ,0,0,0,0,0,0,0,0,0,36000,0,0,0,530000,494000,36000,36000
058913,元油2X元富01購01,0,0,0,0,0,0,0,0,0,35000,0,0,0,35000,0,35000,35000
056285,可成永豐97購02  ,0,0,0,0,0,0,0,0,0,35000,0,0,0,35000,0,35000,35000
057734,訊芯國泰9A購01  ,0,0,0,0,0,0,0,0,0,35000,0,0,0,35000,0,35000,35000
058790,楠梓電元大99購03,0,0,0,0,0,0,0,0,0,35000,0,0,0,60000,25000,35000,35000
057062,立積國泰99購01  ,0,0,0,0,0,0,0,0,0,35000,0,0,0,35000,0,35000,35000
055381,茂林元大97購02  ,0,0,0,0,0,0,0,0,0,35000,0,0,0,35000,0,35000,35000
055493,華新科元大97購09,0,0,0,0,0,0,0,0,0,35000,0,0,0,35000,0,35000,35000
056045,勤誠凱基97購01  ,0,0,0,0,0,0,0,0,0,35000,0,0,0,35000,0,35000,35000
054563,泰碩群益99購01  ,0,0,0,0,0,0,0,0,0,35000,0,0,0,35000,0,35000,35000
058510,全新元大9B購02  ,0,0,0,0,0,0,0,0,0,35000,0,0,0,35000,0,35000,35000
055017,緯穎元富97購01  ,0,0,0,0,0,0,0,0,0,35000,0,0,0,40000,5000,35000,35000
058175,旺宏凱基99購03  ,0,0,0,0,0,0,0,0,0,35000,0,0,0,35000,0,35000,35000
056882,華邦電康和98購01,0,0,0,0,0,0,0,0,0,35000,0,0,0,35000,0,35000,35000
052923,台積電永豐96購02,0,0,0,0,0,0,0,0,0,35000,0,0,0,35000,0,35000,35000
053297,鎧勝中信98購01  ,0,0,0,0,0,0,0,0,0,35000,0,0,0,35000,0,35000,35000
053573,臺股指統一99購01,0,0,0,0,0,0,0,0,0,35000,0,0,0,35000,0,35000,35000
054306,聯發科凱基96購23,0,0,0,0,0,0,0,0,0,35000,0,0,0,35000,0,35000,35000
052282,宏達電凱基95購05,0,0,0,0,0,0,0,0,0,35000,0,0,0,71000,36000,35000,35000
051382,玉晶光群益98購02,0,0,0,0,0,0,0,0,0,35000,0,0,0,35000,0,35000,35000
050572,大立光中信97購01,0,0,0,0,0,0,0,0,0,35000,0,0,0,35000,0,35000,35000
046740,大立光群益95購01,0,0,0,0,0,0,0,0,0,35000,0,0,0,35000,0,35000,35000
050454,嘉澤元大94購04  ,0,0,0,0,0,0,0,0,0,35000,0,0,0,35000,0,35000,35000
040381,元金2X元富95購01,0,0,0,0,0,0,0,0,0,35000,0,0,0,35000,0,35000,35000
049559,香港反統一94購02,0,0,0,0,0,0,0,0,0,35000,0,0,0,35000,0,35000,35000
048049,滬深反中信96購01,0,0,0,0,0,0,0,0,0,35000,0,0,0,35000,0,35000,35000
059347,京鼎凱基99購02  ,0,0,0,0,0,0,0,0,0,35000,0,0,0,69000,34000,35000,35000
3312,弘憶股          ,127000,92000,35000,0,0,0,0,0,0,0,0,0,0,0,0,0,35000
054842,台達電兆豐98購01,0,0,0,0,0,0,0,0,0,34000,0,0,0,35000,1000,34000,34000
06332P,世紀鋼群益98售01,0,0,0,0,0,0,0,0,0,34000,0,0,0,60000,26000,34000,34000
059322,晶技元大99購06  ,0,0,0,0,0,0,0,0,0,34000,0,0,0,116000,82000,34000,34000
059068,台虹國票9A購01  ,0,0,0,0,0,0,0,0,0,34000,0,0,0,64000,30000,34000,34000
059119,華擎永豐99購02  ,0,0,0,0,0,0,0,0,0,34000,0,0,0,64000,30000,34000,34000
059136,臺股指群益99購11,0,0,0,0,0,0,0,0,0,34000,0,0,0,165000,131000,34000,34000
056071,創意元大97購02  ,0,0,0,0,0,0,0,0,0,34000,0,0,0,34000,0,34000,34000
048819,國巨凱基94購01  ,0,0,0,0,0,0,0,0,0,34000,0,0,0,34000,0,34000,34000
051989,華固元大95購02  ,0,0,0,0,0,0,0,0,0,34000,0,0,0,34000,0,34000,34000
052297,旭富國票96購01  ,0,0,0,0,0,0,0,0,0,34000,0,0,0,34000,0,34000,34000
054263,聯茂元大96購02  ,0,0,0,0,0,0,0,0,0,34000,0,0,0,54000,20000,34000,34000
052753,電子類元大96購02,0,0,0,0,0,0,0,0,0,34000,0,0,0,34000,0,34000,34000
055736,宏達電元富99購01,0,0,0,0,0,0,0,0,0,34000,0,0,0,34000,0,34000,34000
059393,臺股指凱基99購39,0,0,0,0,0,0,0,0,0,34000,0,0,0,40000,6000,34000,34000
055992,智原台新97購02  ,0,0,0,0,0,0,0,0,0,33000,0,0,0,33000,0,33000,33000
058826,台積電永豐99購02,0,0,0,0,0,0,0,0,0,33000,0,0,0,53000,20000,33000,33000
058026,上銀富邦9A購01  ,0,0,0,0,0,0,0,0,0,33000,0,0,0,33000,0,33000,33000
056498,A50正2富邦9B購01,0,0,0,0,0,0,0,0,0,33000,0,0,0,33000,0,33000,33000
06614P,祥碩永豐98售03  ,0,0,0,0,0,0,0,0,0,33000,0,0,0,38000,5000,33000,33000
056656,華邦電元大98購02,0,0,0,0,0,0,0,0,0,33000,0,0,0,33000,0,33000,33000
056741,大立光凱基98購14,0,0,0,0,0,0,0,0,0,33000,0,0,0,45000,12000,33000,33000
052844,台積電統一96購02,0,0,0,0,0,0,0,0,0,33000,0,0,0,33000,0,33000,33000
052625,南電亞東97購01  ,0,0,0,0,0,0,0,0,0,33000,0,0,0,33000,0,33000,33000
052886,世紀鋼兆豐96購01,0,0,0,0,0,0,0,0,0,33000,0,0,0,290000,257000,33000,33000
054385,矽創群益98購01  ,0,0,0,0,0,0,0,0,0,33000,0,0,0,33000,0,33000,33000
053149,京元電元大96購02,0,0,0,0,0,0,0,0,0,33000,0,0,0,48000,15000,33000,33000
053978,創意元大96購05  ,0,0,0,0,0,0,0,0,0,33000,0,0,0,33000,0,33000,33000
052180,緯穎元大96購05  ,0,0,0,0,0,0,0,0,0,33000,0,0,0,58000,25000,33000,33000
049260,華新科元大96購01,0,0,0,0,0,0,0,0,0,33000,0,0,0,33000,0,33000,33000
047683,亞德客國泰95購01,0,0,0,0,0,0,0,0,0,33000,0,0,0,33000,0,33000,33000
051218,聯發科元富9B購02,0,0,0,0,0,0,0,0,0,33000,0,0,0,33000,0,33000,33000
00686R,群益臺灣加權反1 ,0,0,0,0,0,0,0,0,0,33000,0,0,0,760000,727000,33000,33000
050503,聯發科凱基94購22,0,0,0,0,0,0,0,0,0,33000,0,0,0,63000,30000,33000,33000
050168,緯創富邦95購01  ,0,0,0,0,0,0,0,0,0,33000,0,0,0,33000,0,33000,33000
059390,華新科凱基99購05,0,0,0,0,0,0,0,0,0,33000,0,0,0,91000,58000,33000,33000
059111,元油2X永豐99購03,0,0,0,0,0,0,0,0,0,32000,0,0,0,32000,0,32000,32000
056535,全新凱基99購02  ,0,0,0,0,0,0,0,0,0,32000,0,0,0,32000,0,32000,32000
056449,義隆凱基98購03  ,0,0,0,0,0,0,0,0,0,32000,0,0,0,32000,0,32000,32000
058073,大立光凱基99購04,0,0,0,0,0,0,0,0,0,32000,0,0,0,32000,0,32000,32000
050256,臺指反元大98購03,0,0,0,0,0,0,0,0,0,32000,0,0,0,32000,0,32000,32000
04373P,滬深2X元大97售01,0,0,0,0,0,0,0,0,0,32000,0,0,0,37000,5000,32000,32000
00682U,元大美元指數    ,0,0,0,0,0,0,0,0,0,32000,0,0,0,33000,1000,32000,32000
03413B,臺股指凱基94熊19,0,0,0,0,0,0,0,0,0,32000,0,0,0,40000,8000,32000,32000
048637,鴻海元大96購01  ,0,0,0,0,0,0,0,0,0,32000,0,0,0,32000,0,32000,32000
053534,微星永豐96購02  ,0,0,0,0,0,0,0,0,0,32000,0,0,0,32000,0,32000,32000
1474,弘裕            ,44000,12000,32000,0,0,0,0,0,0,0,0,0,0,0,0,0,32000
5225,東科-KY         ,71000,39000,32000,0,0,0,0,0,0,0,0,0,0,0,0,0,32000
3045,台灣大          ,2670853,2206173,464680,0,0,0,0,0,0,-433000,0,433000,-433000,0,0,0,31680
058101,台積電富邦9C購01,0,0,0,0,0,0,0,0,0,31000,0,0,0,31000,0,31000,31000
058750,緯穎凱基9A購03  ,0,0,0,0,0,0,0,0,0,31000,0,0,0,77000,46000,31000,31000
054926,神達凱基98購01  ,0,0,0,0,0,0,0,0,0,31000,0,0,0,31000,0,31000,31000
056773,晶技元大99購03  ,0,0,0,0,0,0,0,0,0,31000,0,0,0,31000,0,31000,31000
06535P,可成群益99售02  ,0,0,0,0,0,0,0,0,0,31000,0,0,0,42000,11000,31000,31000
056671,台灣50元富9A購01,0,0,0,0,0,0,0,0,0,31000,0,0,0,31000,0,31000,31000
055148,鴻海元大98購02  ,0,0,0,0,0,0,0,0,0,31000,0,0,0,31000,0,31000,31000
058586,鴻海中信01購02  ,0,0,0,0,0,0,0,0,0,31000,0,0,0,31000,0,31000,31000
053331,玉晶光永豐97購02,0,0,0,0,0,0,0,0,0,31000,0,0,0,31000,0,31000,31000
057398,台郡中信99購01  ,0,0,0,0,0,0,0,0,0,31000,0,0,0,31000,0,31000,31000
053834,卜蜂永豐96購01  ,0,0,0,0,0,0,0,0,0,31000,0,0,0,31000,0,31000,31000
054292,欣興元大96購06  ,0,0,0,0,0,0,0,0,0,31000,0,0,0,62000,31000,31000,31000
052341,泰鼎凱基96購02  ,0,0,0,0,0,0,0,0,0,31000,0,0,0,31000,0,31000,31000
4989,榮科            ,53000,13000,40000,0,0,0,0,0,0,-9000,0,9000,-9000,0,0,0,31000
058493,台積電群益9A購01,0,0,0,0,0,0,0,0,0,30000,0,0,0,30000,0,30000,30000
058442,玉晶光台新99購01,0,0,0,0,0,0,0,0,0,30000,0,0,0,60000,30000,30000,30000
054672,華新科國泰99購01,0,0,0,0,0,0,0,0,0,30000,0,0,0,30000,0,30000,30000
056577,玉晶光元大99購06,0,0,0,0,0,0,0,0,0,30000,0,0,0,30000,0,30000,30000
055121,鴻海兆豐97購03  ,0,0,0,0,0,0,0,0,0,30000,0,0,0,30000,0,30000,30000
056717,康友永豐98購01  ,0,0,0,0,0,0,0,0,0,30000,0,0,0,30000,0,30000,30000
056736,國巨凱基99購03  ,0,0,0,0,0,0,0,0,0,30000,0,0,0,30000,0,30000,30000
054836,勤誠中信97購01  ,0,0,0,0,0,0,0,0,0,30000,0,0,0,30000,0,30000,30000
05504P,台積電凱基96售04,0,0,0,0,0,0,0,0,0,30000,0,0,0,30000,0,30000,30000
054751,GIS凱基98購01   ,0,0,0,0,0,0,0,0,0,30000,0,0,0,30000,0,30000,30000
058298,聯茂凱基99購05  ,0,0,0,0,0,0,0,0,0,30000,0,0,0,30000,0,30000,30000
056789,和碩群益98購01  ,0,0,0,0,0,0,0,0,0,30000,0,0,0,30000,0,30000,30000
055262,台虹國泰98購01  ,0,0,0,0,0,0,0,0,0,30000,0,0,0,30000,0,30000,30000
055229,大毅國票97購02  ,0,0,0,0,0,0,0,0,0,30000,0,0,0,30000,0,30000,30000
058307,聯發科元大99購08,0,0,0,0,0,0,0,0,0,30000,0,0,0,37000,7000,30000,30000
058648,聯陽永豐99購01  ,0,0,0,0,0,0,0,0,0,30000,0,0,0,30000,0,30000,30000
054940,台積電元大97購16,0,0,0,0,0,0,0,0,0,30000,0,0,0,30000,0,30000,30000
058757,道瓊銀群益9A購02,0,0,0,0,0,0,0,0,0,30000,0,0,0,30000,0,30000,30000
056272,嘉澤統一99購01  ,0,0,0,0,0,0,0,0,0,30000,0,0,0,30000,0,30000,30000
057799,世紀鋼兆豐98購01,0,0,0,0,0,0,0,0,0,30000,0,0,0,30000,0,30000,30000
058833,台表科永豐99購01,0,0,0,0,0,0,0,0,0,30000,0,0,0,30000,0,30000,30000
058809,國巨統一9B購03  ,0,0,0,0,0,0,0,0,0,30000,0,0,0,30000,0,30000,30000
056304,創意元大97購03  ,0,0,0,0,0,0,0,0,0,30000,0,0,0,30000,0,30000,30000
057861,台積電凱基98購16,0,0,0,0,0,0,0,0,0,30000,0,0,0,30000,0,30000,30000
058043,鴻海元大98購13  ,0,0,0,0,0,0,0,0,0,30000,0,0,0,30000,0,30000,30000
058349,滬深2X日盛9A購01,0,0,0,0,0,0,0,0,0,30000,0,0,0,30000,0,30000,30000
056440,智邦凱基98購03  ,0,0,0,0,0,0,0,0,0,30000,0,0,0,30000,0,30000,30000
056459,茂林凱基99購01  ,0,0,0,0,0,0,0,0,0,30000,0,0,0,30000,0,30000,30000
056490,台積電國泰99購01,0,0,0,0,0,0,0,0,0,30000,0,0,0,30000,0,30000,30000
057929,上銀群益98購02  ,0,0,0,0,0,0,0,0,0,30000,0,0,0,30000,0,30000,30000
058007,南電群益98購02  ,0,0,0,0,0,0,0,0,0,30000,0,0,0,30000,0,30000,30000
055980,祥碩統一98購01  ,0,0,0,0,0,0,0,0,0,30000,0,0,0,30000,0,30000,30000
057498,台郡元大98購04  ,0,0,0,0,0,0,0,0,0,30000,0,0,0,30000,0,30000,30000
055657,超眾元富97購02  ,0,0,0,0,0,0,0,0,0,30000,0,0,0,30000,0,30000,30000
056095,臻鼎元富9A購01  ,0,0,0,0,0,0,0,0,0,30000,0,0,0,30000,0,30000,30000
055538,鴻海日盛97購04  ,0,0,0,0,0,0,0,0,0,30000,0,0,0,60000,30000,30000,30000
055425,聚陽群益99購01  ,0,0,0,0,0,0,0,0,0,30000,0,0,0,30000,0,30000,30000
057011,日月光中信99購01,0,0,0,0,0,0,0,0,0,30000,0,0,0,30000,0,30000,30000
056966,嘉晶永豐98購01  ,0,0,0,0,0,0,0,0,0,30000,0,0,0,30000,0,30000,30000
05696P,南亞科凱基96售01,0,0,0,0,0,0,0,0,0,30000,0,0,0,30000,0,30000,30000
057120,茂林康和98購01  ,0,0,0,0,0,0,0,0,0,30000,0,0,0,30000,0,30000,30000
057575,世紀鋼永豐98購02,0,0,0,0,0,0,0,0,0,30000,0,0,0,30000,0,30000,30000
057548,微星凱基99購01  ,0,0,0,0,0,0,0,0,0,30000,0,0,0,30000,0,30000,30000
057535,泰鼎元大99購01  ,0,0,0,0,0,0,0,0,0,30000,0,0,0,30000,0,30000,30000
054136,亞光元大96購04  ,0,0,0,0,0,0,0,0,0,30000,0,0,0,30000,0,30000,30000
052293,泰碩國票95購03  ,0,0,0,0,0,0,0,0,0,30000,0,0,0,30000,0,30000,30000
054095,同欣電群益98購03,0,0,0,0,0,0,0,0,0,30000,0,0,0,30000,0,30000,30000
054228,貿聯元富96購03  ,0,0,0,0,0,0,0,0,0,30000,0,0,0,30000,0,30000,30000
054291,高鐵元大97購01  ,0,0,0,0,0,0,0,0,0,30000,0,0,0,30000,0,30000,30000
05430P,台積電統一95售07,0,0,0,0,0,0,0,0,0,30000,0,0,0,30000,0,30000,30000
053120,復盛中信9A購01  ,0,0,0,0,0,0,0,0,0,30000,0,0,0,30000,0,30000,30000
053230,達方台新97購01  ,0,0,0,0,0,0,0,0,0,30000,0,0,0,30000,0,30000,30000
053806,鎧勝凱基96購02  ,0,0,0,0,0,0,0,0,0,30000,0,0,0,30000,0,30000,30000
053947,義隆富邦97購01  ,0,0,0,0,0,0,0,0,0,30000,0,0,0,30000,0,30000,30000
052095,彩晶元大97購01  ,0,0,0,0,0,0,0,0,0,30000,0,0,0,30000,0,30000,30000
053995,奇力新群益97購02,0,0,0,0,0,0,0,0,0,30000,0,0,0,30000,0,30000,30000
054026,台積電凱基97購08,0,0,0,0,0,0,0,0,0,30000,0,0,0,30000,0,30000,30000
054081,聯電元富96購01  ,0,0,0,0,0,0,0,0,0,30000,0,0,0,130000,100000,30000,30000
051495,玉晶光第一95購02,0,0,0,0,0,0,0,0,0,30000,0,0,0,30000,0,30000,30000
055789,台虹凱基97購01  ,0,0,0,0,0,0,0,0,0,30000,0,0,0,30000,0,30000,30000
055755,禾伸堂兆豐97購02,0,0,0,0,0,0,0,0,0,30000,0,0,0,50000,20000,30000,30000
058723,元石油國泰9A購01,0,0,0,0,0,0,0,0,0,30000,0,0,0,30000,0,30000,30000
058717,南電台新99購02  ,0,0,0,0,0,0,0,0,0,30000,0,0,0,30000,0,30000,30000
052691,GIS元大96購01   ,0,0,0,0,0,0,0,0,0,30000,0,0,0,30000,0,30000,30000
052742,可成元大96購01  ,0,0,0,0,0,0,0,0,0,30000,0,0,0,30000,0,30000,30000
053005,微星永豐96購01  ,0,0,0,0,0,0,0,0,0,30000,0,0,0,30000,0,30000,30000
052787,國巨中信96購02  ,0,0,0,0,0,0,0,0,0,30000,0,0,0,30000,0,30000,30000
052768,泰鼎群益96購01  ,0,0,0,0,0,0,0,0,0,30000,0,0,0,30000,0,30000,30000
048504,A50正2中信95購01,0,0,0,0,0,0,0,0,0,30000,0,0,0,30000,0,30000,30000
04770P,鴻海元大94售09  ,0,0,0,0,0,0,0,0,0,30000,0,0,0,30000,0,30000,30000
047784,元油反富邦94購03,0,0,0,0,0,0,0,0,0,30000,0,0,0,30000,0,30000,30000
049202,國巨群益94購03  ,0,0,0,0,0,0,0,0,0,30000,0,0,0,30000,0,30000,30000
049141,旺宏元大95購01  ,0,0,0,0,0,0,0,0,0,30000,0,0,0,30000,0,30000,30000
051222,世紀鋼元富95購01,0,0,0,0,0,0,0,0,0,30000,0,0,0,30000,0,30000,30000
053637,強茂永豐96購01  ,0,0,0,0,0,0,0,0,0,30000,0,0,0,30000,0,30000,30000
049659,旺宏台新95購01  ,0,0,0,0,0,0,0,0,0,30000,0,0,0,30000,0,30000,30000
049589,奇力新元大95購02,0,0,0,0,0,0,0,0,0,30000,0,0,0,30000,0,30000,30000
053587,京元電元大98購01,0,0,0,0,0,0,0,0,0,30000,0,0,0,30000,0,30000,30000
051701,華通群益97購01  ,0,0,0,0,0,0,0,0,0,30000,0,0,0,30000,0,30000,30000
045504,群創凱基94購01  ,0,0,0,0,0,0,0,0,0,30000,0,0,0,30000,0,30000,30000
050310,卜蜂兆豐94購01  ,0,0,0,0,0,0,0,0,0,30000,0,0,0,30000,0,30000,30000
050451,嘉晶元大95購01  ,0,0,0,0,0,0,0,0,0,30000,0,0,0,30000,0,30000,30000
6120,達運            ,483000,441000,42000,0,0,0,0,0,0,-12000,0,12000,-12000,0,0,0,30000
07187P,臺股指台新99售10,0,0,0,0,0,0,0,0,0,30000,0,0,0,30000,0,30000,30000
07188P,臺股指台新99售11,0,0,0,0,0,0,0,0,0,30000,0,0,0,30000,0,30000,30000
06684P,緯穎元大98售06  ,0,0,0,0,0,0,0,0,0,30000,0,0,0,30000,0,30000,30000
059449,滬深2X永豐99購03,0,0,0,0,0,0,0,0,0,30000,0,0,0,40000,10000,30000,30000
06044P,同欣電永豐96售03,0,0,0,0,0,0,0,0,0,30000,0,0,0,30000,0,30000,30000
07169P,臺股指國票99售06,0,0,0,0,0,0,0,0,0,30000,0,0,0,33000,3000,30000,30000
057192,力成元大98購01  ,0,0,0,0,0,0,0,0,0,29000,0,0,0,29000,0,29000,29000
056402,智易群益98購02  ,0,0,0,0,0,0,0,0,0,29000,0,0,0,29000,0,29000,29000
058911,茂林元大99購04  ,0,0,0,0,0,0,0,0,0,29000,0,0,0,39000,10000,29000,29000
059256,臺股指凱基99購34,0,0,0,0,0,0,0,0,0,29000,0,0,0,31000,2000,29000,29000
059172,台郡凱基99購03  ,0,0,0,0,0,0,0,0,0,29000,0,0,0,30000,1000,29000,29000
056694,欣興群益98購04  ,0,0,0,0,0,0,0,0,0,29000,0,0,0,29000,0,29000,29000
058478,聯發科凱基9A購01,0,0,0,0,0,0,0,0,0,29000,0,0,0,29000,0,29000,29000
044088,國巨元富95購01  ,0,0,0,0,0,0,0,0,0,29000,0,0,0,29000,0,29000,29000
046476,鴻海統一96購01  ,0,0,0,0,0,0,0,0,0,29000,0,0,0,29000,0,29000,29000
046574,泰鼎國泰94購01  ,0,0,0,0,0,0,0,0,0,29000,0,0,0,39000,10000,29000,29000
04696P,亞德客國泰95售02,0,0,0,0,0,0,0,0,0,29000,0,0,0,49000,20000,29000,29000
00650L,FH香港正2       ,0,3000,-3000,0,0,0,0,0,0,32000,0,0,0,110000,78000,32000,29000
051739,奇力新國票97購01,0,0,0,0,0,0,0,0,0,29000,0,0,0,29000,0,29000,29000
053582,英業達元大97購01,0,0,0,0,0,0,0,0,0,29000,0,0,0,32000,3000,29000,29000
05347P,滬深2X元富9B售02,0,0,0,0,0,0,0,0,0,29000,0,0,0,29000,0,29000,29000
052905,潤泰全國票97購01,0,0,0,0,0,0,0,0,0,29000,0,0,0,30000,1000,29000,29000
055808,世紀鋼永豐97購01,0,0,0,0,0,0,0,0,0,29000,0,0,0,29000,0,29000,29000
053195,玉晶光元富96購02,0,0,0,0,0,0,0,0,0,29000,0,0,0,30000,1000,29000,29000
052324,康友元大96購02  ,0,0,0,0,0,0,0,0,0,29000,0,0,0,30000,1000,29000,29000
06957P,FBVIX凱基01售01 ,0,0,0,0,0,0,0,0,0,29000,0,0,0,33000,4000,29000,29000
06660P,大立光富邦9B售03,0,0,0,0,0,0,0,0,0,29000,0,0,0,29000,0,29000,29000
1503,士電            ,46000,17000,29000,0,0,0,0,0,0,0,0,0,0,0,0,0,29000
1455,集盛            ,186000,155000,31000,0,0,0,0,0,0,-2000,0,2000,-2000,0,0,0,29000
3209,全科            ,54107,26000,28107,0,0,0,0,0,0,0,0,0,0,0,0,0,28107
058451,智邦永豐9A購01  ,0,0,0,0,0,0,0,0,0,28000,0,0,0,28000,0,28000,28000
058083,聯發科群益98購08,0,0,0,0,0,0,0,0,0,28000,0,0,0,28000,0,28000,28000
057667,可成元大99購01  ,0,0,0,0,0,0,0,0,0,28000,0,0,0,48000,20000,28000,28000
055508,矽力元大97購01  ,0,0,0,0,0,0,0,0,0,28000,0,0,0,28000,0,28000,28000
051949,鴻海元富95購08  ,0,0,0,0,0,0,0,0,0,28000,0,0,0,28000,0,28000,28000
053355,超眾兆豐97購01  ,0,0,0,0,0,0,0,0,0,28000,0,0,0,28000,0,28000,28000
049152,大立光元大95購06,0,0,0,0,0,0,0,0,0,28000,0,0,0,28000,0,28000,28000
050127,台積電凱基94購31,0,0,0,0,0,0,0,0,0,28000,0,0,0,28000,0,28000,28000
3057,喬鼎            ,36000,8000,28000,0,0,0,0,0,0,0,0,0,0,0,0,0,28000
055983,全新元富9A購02  ,0,0,0,0,0,0,0,0,0,27000,0,0,0,87000,60000,27000,27000
057555,玉晶光凱基9A購02,0,0,0,0,0,0,0,0,0,27000,0,0,0,27000,0,27000,27000
057965,臺股指元大98購14,0,0,0,0,0,0,0,0,0,27000,0,0,0,27000,0,27000,27000
058015,旺宏凱基99購02  ,0,0,0,0,0,0,0,0,0,27000,0,0,0,37000,10000,27000,27000
057266,TPK兆豐98購02   ,0,0,0,0,0,0,0,0,0,27000,0,0,0,27000,0,27000,27000
056622,高鐵永豐98購01  ,0,0,0,0,0,0,0,0,0,27000,0,0,0,27000,0,27000,27000
06533P,上証2X中信9B售01,0,0,0,0,0,0,0,0,0,27000,0,0,0,27000,0,27000,27000
054971,帆宣元大97購02  ,0,0,0,0,0,0,0,0,0,27000,0,0,0,27000,0,27000,27000
00735,國泰臺韓科技    ,0,0,0,0,0,0,0,0,0,27000,0,0,0,131000,104000,27000,27000
055806,致新永豐97購02  ,0,0,0,0,0,0,0,0,0,27000,0,0,0,27000,0,27000,27000
058955,台積電國票9A購04,0,0,0,0,0,0,0,0,0,27000,0,0,0,129000,102000,27000,27000
058957,貿聯國票9A購01  ,0,0,0,0,0,0,0,0,0,27000,0,0,0,77000,50000,27000,27000
052434,茂林國泰97購01  ,0,0,0,0,0,0,0,0,0,27000,0,0,0,27000,0,27000,27000
3004,豐達科          ,62000,35000,27000,0,0,0,0,0,0,0,0,0,0,0,0,0,27000
5285,界霖            ,84000,57000,27000,0,0,0,0,0,0,0,0,0,0,0,0,0,27000
6183,關貿            ,44000,17000,27000,0,0,0,0,0,0,0,0,0,0,0,0,0,27000
2233,宇隆            ,77000,50000,27000,0,0,0,0,0,0,0,0,0,0,0,0,0,27000
059344,長榮航凱基99購01,0,0,0,0,0,0,0,0,0,27000,0,0,0,32000,5000,27000,27000
059521,南電永豐99購03  ,0,0,0,0,0,0,0,0,0,27000,0,0,0,27000,0,27000,27000
059033,元油2X群益9C購05,0,0,0,0,0,0,0,0,0,26000,0,0,0,170000,144000,26000,26000
058505,台積電元大99購08,0,0,0,0,0,0,0,0,0,26000,0,0,0,26000,0,26000,26000
058004,大立光群益98購03,0,0,0,0,0,0,0,0,0,26000,0,0,0,26000,0,26000,26000
056408,奇鋐國票99購01  ,0,0,0,0,0,0,0,0,0,26000,0,0,0,26000,0,26000,26000
057645,華新科元大99購11,0,0,0,0,0,0,0,0,0,26000,0,0,0,26000,0,26000,26000
057166,國巨元大99購06  ,0,0,0,0,0,0,0,0,0,26000,0,0,0,26000,0,26000,26000
055975,鴻海統一98購05  ,0,0,0,0,0,0,0,0,0,26000,0,0,0,26000,0,26000,26000
055958,台光電元大97購02,0,0,0,0,0,0,0,0,0,26000,0,0,0,26000,0,26000,26000
055404,超眾元富97購01  ,0,0,0,0,0,0,0,0,0,26000,0,0,0,112000,86000,26000,26000
054046,義隆元大96購02  ,0,0,0,0,0,0,0,0,0,26000,0,0,0,595000,569000,26000,26000
053013,台積電統一97購01,0,0,0,0,0,0,0,0,0,26000,0,0,0,26000,0,26000,26000
05263P,台積電元大96售09,0,0,0,0,0,0,0,0,0,26000,0,0,0,26000,0,26000,26000
059399,滬深2X元富9C購03,0,0,0,0,0,0,0,0,0,26000,0,0,0,26000,0,26000,26000
059410,滬深2X國票9A購04,0,0,0,0,0,0,0,0,0,26000,0,0,0,42000,16000,26000,26000
6168,宏齊            ,35000,5000,30000,0,0,0,0,0,0,-4000,0,4000,-4000,0,0,0,26000
4108,懷特            ,32000,6000,26000,0,0,0,0,0,0,0,0,0,0,0,0,0,26000
3013,晟銘電          ,50000,24000,26000,0,0,0,0,0,0,0,0,0,0,0,0,0,26000
055451,台積電元富97購02,0,0,0,0,0,0,0,0,0,25000,0,0,0,25000,0,25000,25000
055355,大立光凱基97購05,0,0,0,0,0,0,0,0,0,25000,0,0,0,25000,0,25000,25000
057518,世紀鋼元富98購01,0,0,0,0,0,0,0,0,0,25000,0,0,0,25000,0,25000,25000
057642,南亞科元大98購07,0,0,0,0,0,0,0,0,0,25000,0,0,0,25000,0,25000,25000
057973,神達富邦9A購01  ,0,0,0,0,0,0,0,0,0,25000,0,0,0,25000,0,25000,25000
056224,聯發科凱基97購08,0,0,0,0,0,0,0,0,0,25000,0,0,0,35000,10000,25000,25000
058774,台郡兆豐9A購01  ,0,0,0,0,0,0,0,0,0,25000,0,0,0,25000,0,25000,25000
056558,台達電群益98購01,0,0,0,0,0,0,0,0,0,25000,0,0,0,25000,0,25000,25000
056570,旺宏元大98購07  ,0,0,0,0,0,0,0,0,0,25000,0,0,0,25000,0,25000,25000
056727,滬深反凱基9B購01,0,0,0,0,0,0,0,0,0,25000,0,0,0,25000,0,25000,25000
058129,國巨元大99購10  ,0,0,0,0,0,0,0,0,0,25000,0,0,0,25000,0,25000,25000
059146,貿聯國票9A購02  ,0,0,0,0,0,0,0,0,0,25000,0,0,0,55000,30000,25000,25000
058322,玉晶光永豐99購02,0,0,0,0,0,0,0,0,0,25000,0,0,0,25000,0,25000,25000
059171,祥碩凱基99購04  ,0,0,0,0,0,0,0,0,0,25000,0,0,0,35000,10000,25000,25000
053309,泰鼎凱基96購03  ,0,0,0,0,0,0,0,0,0,25000,0,0,0,25000,0,25000,25000
053489,上銀兆豐97購01  ,0,0,0,0,0,0,0,0,0,25000,0,0,0,25000,0,25000,25000
053412,台達電國票97購02,0,0,0,0,0,0,0,0,0,25000,0,0,0,45000,20000,25000,25000
055911,可成凱基98購02  ,0,0,0,0,0,0,0,0,0,25000,0,0,0,47000,22000,25000,25000
051415,晶技國票96購01  ,0,0,0,0,0,0,0,0,0,25000,0,0,0,25000,0,25000,25000
051405,世芯永豐95購01  ,0,0,0,0,0,0,0,0,0,25000,0,0,0,25000,0,25000,25000
05137P,華新科凱基96售03,0,0,0,0,0,0,0,0,0,25000,0,0,0,25000,0,25000,25000
052437,聯發科富邦99購02,0,0,0,0,0,0,0,0,0,25000,0,0,0,25000,0,25000,25000
053163,上証2X群益9A購02,0,0,0,0,0,0,0,0,0,25000,0,0,0,25000,0,25000,25000
054280,牧德群益98購01  ,0,0,0,0,0,0,0,0,0,25000,0,0,0,25000,0,25000,25000
045331,旺宏群益94購01  ,0,0,0,0,0,0,0,0,0,25000,0,0,0,25000,0,25000,25000
050334,鴻海國泰96購07  ,0,0,0,0,0,0,0,0,0,25000,0,0,0,25000,0,25000,25000
04768P,大立光國泰96售03,0,0,0,0,0,0,0,0,0,25000,0,0,0,35000,10000,25000,25000
047774,台表科元大95購01,0,0,0,0,0,0,0,0,0,25000,0,0,0,25000,0,25000,25000
047435,台積電元大94購01,0,0,0,0,0,0,0,0,0,25000,0,0,0,25000,0,25000,25000
047436,台積電元大94購02,0,0,0,0,0,0,0,0,0,25000,0,0,0,25000,0,25000,25000
051227,技嘉群益97購01  ,0,0,0,0,0,0,0,0,0,25000,0,0,0,125000,100000,25000,25000
6477,安集            ,74000,49000,25000,0,0,0,0,0,0,0,0,0,0,0,0,0,25000
059578,智邦元富99購02  ,0,0,0,0,0,0,0,0,0,25000,0,0,0,37000,12000,25000,25000
06990P,康友元富99售03  ,0,0,0,0,0,0,0,0,0,25000,0,0,0,25000,0,25000,25000
059320,華新科元大99購15,0,0,0,0,0,0,0,0,0,25000,0,0,0,35000,10000,25000,25000
07217P,大立光凱基9A售05,0,0,0,0,0,0,0,0,0,25000,0,0,0,41000,16000,25000,25000
07275P,FBVIX群益99售02 ,0,0,0,0,0,0,0,0,0,25000,0,0,0,75000,50000,25000,25000
056313,聯茂元大98購01  ,0,0,0,0,0,0,0,0,0,24000,0,0,0,24000,0,24000,24000
057824,日月光元大98購01,0,0,0,0,0,0,0,0,0,24000,0,0,0,54000,30000,24000,24000
05593P,鴻海國票97售03  ,0,0,0,0,0,0,0,0,0,24000,0,0,0,24000,0,24000,24000
047508,旺宏國票94購01  ,0,0,0,0,0,0,0,0,0,24000,0,0,0,24000,0,24000,24000
049909,國巨元大95購01  ,0,0,0,0,0,0,0,0,0,24000,0,0,0,25000,1000,24000,24000
048733,台勝科麥證95購02,0,0,0,35000,11000,24000,0,0,0,24000,0,0,0,35000,11000,24000,24000
054285,國巨元大98購02  ,0,0,0,0,0,0,0,0,0,24000,0,0,0,24000,0,24000,24000
057374,禾伸堂元大99購03,0,0,0,0,0,0,0,0,0,24000,0,0,0,24000,0,24000,24000
058964,群創兆豐99購01  ,0,0,0,0,0,0,0,0,0,24000,0,0,0,29000,5000,24000,24000
058720,旭富元富99購01  ,0,0,0,0,0,0,0,0,0,24000,0,0,0,24000,0,24000,24000
053529,國巨麥證96購01  ,0,0,0,24000,0,24000,0,0,0,24000,0,0,0,24000,0,24000,24000
053281,茂林元大96購02  ,0,0,0,0,0,0,0,0,0,24000,0,0,0,24000,0,24000,24000
4572,駐龍            ,31000,7000,24000,0,0,0,0,0,0,0,0,0,0,0,0,0,24000
4916,事欣科          ,63000,39000,24000,0,0,0,0,0,0,0,0,0,0,0,0,0,24000
6409,旭隼            ,130500,107000,23500,0,0,0,0,0,0,0,0,0,0,0,0,0,23500
3673,TPK-KY          ,2570000,2635570,-65570,0,0,0,0,0,0,89000,72000,18000,54000,40000,5000,35000,23430
05713P,大立光統一96售05,0,0,0,0,0,0,0,0,0,23000,0,0,0,23000,0,23000,23000
057818,泰碩元大9A購01  ,0,0,0,0,0,0,0,0,0,23000,0,0,0,35000,12000,23000,23000
058773,和碩兆豐99購01  ,0,0,0,0,0,0,0,0,0,23000,0,0,0,31000,8000,23000,23000
056395,玉晶光永豐9B購01,0,0,0,0,0,0,0,0,0,23000,0,0,0,23000,0,23000,23000
058080,台積電群益98購06,0,0,0,0,0,0,0,0,0,23000,0,0,0,23000,0,23000,23000
06007P,世芯永豐96售01  ,0,0,0,0,0,0,0,0,0,23000,0,0,0,23000,0,23000,23000
05483P,國巨凱基95售07  ,0,0,0,0,0,0,0,0,0,23000,0,0,0,23000,0,23000,23000
05299P,旺宏元大95售04  ,0,0,0,0,0,0,0,0,0,23000,0,0,0,23000,0,23000,23000
058710,臺股指元大9A購23,0,10000,-10000,0,0,0,0,0,0,33000,0,0,0,33000,0,33000,23000
054039,元油反元大96購08,0,0,0,0,0,0,0,0,0,23000,0,0,0,23000,0,23000,23000
053971,聯發科元大97購09,0,0,0,0,0,0,0,0,0,23000,0,0,0,24000,1000,23000,23000
052101,滬深2X兆豐96購01,0,0,0,0,0,0,0,0,0,23000,0,0,0,33000,10000,23000,23000
053643,漢唐國票97購02  ,0,0,0,0,0,0,0,0,0,23000,0,0,0,23000,0,23000,23000
050403,台積電麥證94購02,0,0,0,1000,0,1000,0,0,0,23000,0,0,0,23000,0,23000,23000
03826P,瀚宇博元大95售01,0,0,0,0,0,0,0,0,0,23000,0,0,0,23000,0,23000,23000
6155,鈞寶            ,90000,67000,23000,0,0,0,0,0,0,0,0,0,0,0,0,0,23000
1817,凱撒衛          ,26000,3000,23000,0,0,0,0,0,0,0,0,0,0,0,0,0,23000
06878P,台灣50日盛9B售01,0,0,0,0,0,0,0,0,0,23000,0,0,0,34000,11000,23000,23000
06043P,創意永豐96售06  ,0,0,0,0,0,0,0,0,0,23000,0,0,0,23000,0,23000,23000
07029P,緯穎群益99售02  ,0,0,0,0,0,0,0,0,0,23000,0,0,0,23000,0,23000,23000
059451,國巨永豐99購05  ,0,0,0,0,0,0,0,0,0,23000,0,0,0,23000,0,23000,23000
6415,矽力-KY         ,736289,715000,21289,0,0,0,13000,15000,-2000,3000,1000,4000,-3000,7000,1000,6000,22289
058284,滬深反群益01購01,0,0,0,0,0,0,0,0,0,22000,0,0,0,22000,0,22000,22000
056587,聯發科統一9A購01,0,0,0,0,0,0,0,0,0,22000,0,0,0,22000,0,22000,22000
058520,智易元大99購03  ,0,0,0,0,0,0,0,0,0,22000,0,0,0,22000,0,22000,22000
06160P,台達電群益97售01,0,0,0,0,0,0,0,0,0,22000,0,0,0,36000,14000,22000,22000
057869,大立光凱基99購01,0,0,0,0,0,0,0,0,0,22000,0,0,0,22000,0,22000,22000
057102,亞光中信9A購01  ,0,0,0,0,0,0,0,0,0,22000,0,0,0,22000,0,22000,22000
054549,台積電凱基98購01,0,0,0,0,0,0,0,0,0,22000,0,0,0,22000,0,22000,22000
055387,世紀鋼元大97購01,0,2000,-2000,0,0,0,0,0,0,24000,0,0,0,173000,149000,24000,22000
056124,華通國票98購02  ,0,0,0,0,0,0,0,0,0,22000,0,0,0,22000,0,22000,22000
052205,台積電中信95購09,0,0,0,0,0,0,0,0,0,22000,0,0,0,22000,0,22000,22000
051991,泰碩元大95購02  ,0,0,0,0,0,0,0,0,0,22000,0,0,0,22000,0,22000,22000
052828,滬深2X群益9A購02,0,0,0,0,0,0,0,0,0,22000,0,0,0,22000,0,22000,22000
8104,錸寶            ,45000,34000,11000,0,0,0,0,0,0,11000,11000,0,11000,0,0,0,22000
2031,新光鋼          ,415000,393000,22000,0,0,0,0,0,0,0,0,0,0,0,0,0,22000
07221P,臺股指中信9B售04,0,0,0,0,0,0,0,0,0,22000,0,0,0,27000,5000,22000,22000
1307,三芳            ,25000,3000,22000,0,0,0,0,0,0,0,0,0,0,0,0,0,22000
055558,大立光凱基97購08,0,0,0,0,0,0,0,0,0,21000,0,0,0,21000,0,21000,21000
055587,智邦元大97購02  ,0,0,0,0,0,0,0,0,0,21000,0,0,0,31000,10000,21000,21000
055380,智易元大98購02  ,0,0,0,0,0,0,0,0,0,21000,0,0,0,21000,0,21000,21000
055989,矽力元富9A購01  ,0,0,0,0,0,0,0,0,0,21000,0,0,0,21000,0,21000,21000
057625,泰鼎國泰9A購01  ,0,0,0,0,0,0,0,0,0,21000,0,0,0,21000,0,21000,21000
058863,可成凱基99購02  ,0,0,0,0,0,0,0,0,0,21000,0,0,0,21000,0,21000,21000
059246,奇力新凱基9A購02,0,0,0,0,0,0,0,0,0,21000,0,0,0,21000,0,21000,21000
056619,強茂永豐98購01  ,0,0,0,0,0,0,0,0,0,21000,0,0,0,21000,0,21000,21000
054579,聯茂元大97購01  ,0,0,0,0,0,0,0,0,0,21000,0,0,0,53000,32000,21000,21000
053571,奇鋐統一96購02  ,0,0,0,0,0,0,0,0,0,21000,0,0,0,31000,10000,21000,21000
058973,麗豐永豐99購01  ,0,0,0,0,0,0,0,0,0,21000,0,0,0,26000,5000,21000,21000
058971,台積電永豐99購03,0,0,0,0,0,0,0,0,0,21000,0,0,0,21000,0,21000,21000
055724,祥碩元大97購03  ,0,0,0,0,0,0,0,0,0,21000,0,0,0,95000,74000,21000,21000
051910,大立光元大97購01,0,0,0,0,0,0,0,0,0,21000,0,0,0,21000,0,21000,21000
054325,奇力新台新97購03,0,0,0,0,0,0,0,0,0,21000,0,0,0,21000,0,21000,21000
00680L,元大美債20正2   ,0,0,0,0,0,0,0,0,0,21000,0,0,0,346000,325000,21000,21000
046628,大立光統一98購01,0,0,0,0,0,0,0,0,0,21000,0,0,0,21000,0,21000,21000
044475,國巨元富95購02  ,0,0,0,0,0,0,0,0,0,21000,0,0,0,21000,0,21000,21000
051717,祥碩康和95購01  ,0,0,0,0,0,0,0,0,0,21000,0,0,0,61000,40000,21000,21000
047937,元金2X國票97購02,0,0,0,0,0,0,0,0,0,21000,0,0,0,21000,0,21000,21000
2705,六福            ,21000,0,21000,0,0,0,0,0,0,0,0,0,0,0,0,0,21000
059460,GIS永豐99購02   ,0,0,0,0,0,0,0,0,0,21000,0,0,0,33000,12000,21000,21000
059405,台灣50國票01購01,0,0,0,0,0,0,0,0,0,21000,0,0,0,61000,40000,21000,21000
059412,臺股指國票99購18,0,0,0,0,0,0,0,0,0,21000,0,0,0,32000,11000,21000,21000
07148P,富邦金元大99售01,0,0,0,0,0,0,0,0,0,21000,0,0,0,23000,2000,21000,21000
054656,深中小元大97購01,0,0,0,0,0,0,0,0,0,20000,0,0,0,20000,0,20000,20000
054541,康控國票98購01  ,0,0,0,0,0,0,0,0,0,20000,0,0,0,20000,0,20000,20000
054504,聯鈞永豐96購01  ,0,0,0,0,0,0,0,0,0,20000,0,0,0,20000,0,20000,20000
056635,亞德客日盛99購01,0,0,0,0,0,0,0,0,0,20000,0,0,0,20000,0,20000,20000
056638,臺股指日盛98購01,0,0,0,0,0,0,0,0,0,20000,0,0,0,20000,0,20000,20000
056595,台積電元富98購04,0,0,0,0,0,0,0,0,0,20000,0,0,0,20000,0,20000,20000
054475,鴻海中信96購04  ,0,0,0,0,0,0,0,0,0,20000,0,0,0,20000,0,20000,20000
054478,可成中信97購01  ,0,0,0,0,0,0,0,0,0,20000,0,0,0,20000,0,20000,20000
058449,台積電永豐99購01,0,0,0,0,0,0,0,0,0,20000,0,0,0,20000,0,20000,20000
058444,國巨富邦9B購01  ,0,0,0,0,0,0,0,0,0,20000,0,0,0,20000,0,20000,20000
058400,聯發科元大99購09,0,0,0,0,0,0,0,0,0,20000,0,0,0,21000,1000,20000,20000
058171,國巨凱基9A購07  ,0,0,0,0,0,0,0,0,0,20000,0,0,0,20000,0,20000,20000
058189,嘉澤永豐99購01  ,0,0,0,0,0,0,0,0,0,20000,0,0,0,20000,0,20000,20000
058152,聯發科統一9B購02,0,0,0,0,0,0,0,0,0,20000,0,0,0,20000,0,20000,20000
056893,智邦元大98購02  ,0,0,0,0,0,0,0,0,0,20000,0,0,0,20000,0,20000,20000
056837,國巨元富98購02  ,0,0,0,0,0,0,0,0,0,20000,0,0,0,20000,0,20000,20000
056849,瀚宇博元富98購01,0,0,0,0,0,0,0,0,0,20000,0,0,0,20000,0,20000,20000
054846,瑞昱兆豐97購01  ,0,0,0,0,0,0,0,0,0,20000,0,0,0,20000,0,20000,20000
055062,文曄永豐97購01  ,0,0,0,0,0,0,0,0,0,20000,0,0,0,20000,0,20000,20000
055106,台積電凱基98購05,0,0,0,0,0,0,0,0,0,20000,0,0,0,20000,0,20000,20000
059156,台灣50凱基01購03,0,0,0,0,0,0,0,0,0,20000,0,0,0,20000,0,20000,20000
06472P,道瓊銀元大98售03,0,0,0,0,0,0,0,0,0,20000,0,0,0,20000,0,20000,20000
05830P,滬深2X元富99售03,0,0,0,0,0,0,0,0,0,20000,0,0,0,20000,0,20000,20000
058621,華通國票9A購01  ,0,0,0,0,0,0,0,0,0,20000,0,0,0,20000,0,20000,20000
055157,晶豪科元大97購01,0,0,0,0,0,0,0,0,0,20000,0,0,0,20000,0,20000,20000
059124,台積電第一03購01,0,0,0,0,0,0,0,0,0,20000,0,0,0,20000,0,20000,20000
059125,台積電第一03購02,0,0,0,0,0,0,0,0,0,20000,0,0,0,20000,0,20000,20000
059058,可成凱基9B購01  ,0,0,0,0,0,0,0,0,0,20000,0,0,0,20000,0,20000,20000
054969,亞翔元大97購01  ,0,0,0,0,0,0,0,0,0,20000,0,0,0,20000,0,20000,20000
054961,玉晶光元大99購01,0,0,0,0,0,0,0,0,0,20000,0,0,0,20000,0,20000,20000
054917,聯發科凱基98購05,0,0,0,0,0,0,0,0,0,20000,0,0,0,20000,0,20000,20000
054887,大毅統一98購01  ,0,0,0,0,0,0,0,0,0,20000,0,0,0,22000,2000,20000,20000
058049,帆宣元大98購01  ,0,0,0,0,0,0,0,0,0,20000,0,0,0,20000,0,20000,20000
058017,漢唐凱基99購01  ,0,0,0,0,0,0,0,0,0,20000,0,0,0,20000,0,20000,20000
056445,聯發科凱基98購07,0,0,0,0,0,0,0,0,0,20000,0,0,0,20000,0,20000,20000
056531,佳世達凱基98購01,0,0,0,0,0,0,0,0,0,20000,0,0,0,20000,0,20000,20000
056532,技嘉凱基98購01  ,0,0,0,0,0,0,0,0,0,20000,0,0,0,30000,10000,20000,20000
058785,臺股指國票99購04,0,0,0,0,0,0,0,0,0,20000,0,0,0,20000,0,20000,20000
056367,祥碩元大98購01  ,0,0,0,0,0,0,0,0,0,20000,0,0,0,20000,0,20000,20000
056273,祥碩統一97購02  ,0,0,0,0,0,0,0,0,0,20000,0,0,0,250000,230000,20000,20000
056274,彩晶統一98購02  ,0,0,0,0,0,0,0,0,0,20000,0,0,0,20000,0,20000,20000
057788,嘉聯益國票99購01,0,0,0,0,0,0,0,0,0,20000,0,0,0,20000,0,20000,20000
057790,台積電統一99購04,0,0,0,0,0,0,0,0,0,20000,0,0,0,20000,0,20000,20000
057768,華新科中信9A購01,0,0,0,0,0,0,0,0,0,20000,0,0,0,20000,0,20000,20000
057257,台泥兆豐99購01  ,0,0,0,0,0,0,0,0,0,20000,0,0,0,20000,0,20000,20000
057241,超眾凱基99購02  ,0,0,0,0,0,0,0,0,0,20000,0,0,0,20000,0,20000,20000
057220,鈺齊群益98購01  ,0,0,0,0,0,0,0,0,0,20000,0,0,0,20000,0,20000,20000
057227,台積電凱基98購15,0,0,0,0,0,0,0,0,0,20000,0,0,0,20000,0,20000,20000
057722,臺股指元富98購01,0,0,0,0,0,0,0,0,0,20000,0,0,0,20000,0,20000,20000
05770P,聯發科凱基96售16,0,0,0,0,0,0,0,0,0,20000,0,0,0,20000,0,20000,20000
057741,超眾富邦98購01  ,0,0,0,0,0,0,0,0,0,20000,0,0,0,20000,0,20000,20000
057287,彩晶元大9C購03  ,0,0,0,0,0,0,0,0,0,20000,0,0,0,20000,0,20000,20000
058761,欣興群益99購02  ,0,0,0,0,0,0,0,0,0,20000,0,0,0,20000,0,20000,20000
057631,康控永豐98購02  ,0,0,0,0,0,0,0,0,0,20000,0,0,0,20000,0,20000,20000
057600,大立光群益99購03,0,0,0,0,0,0,0,0,0,20000,0,0,0,20000,0,20000,20000
057612,瑞昱元富02購01  ,0,0,0,0,0,0,0,0,0,20000,0,0,0,20000,0,20000,20000
057661,臺股指兆豐98購01,0,0,0,0,0,0,0,0,0,20000,0,0,0,20000,0,20000,20000
057699,可成群益9A購02  ,0,0,0,0,0,0,0,0,0,20000,0,0,0,20000,0,20000,20000
056954,聯詠富邦9A購01  ,0,0,0,0,0,0,0,0,0,20000,0,0,0,20000,0,20000,20000
056938,泰碩元富98購01  ,0,0,0,0,0,0,0,0,0,20000,0,0,0,20000,0,20000,20000
057597,華通群益9A購02  ,0,0,0,0,0,0,0,0,0,20000,0,0,0,20000,0,20000,20000
056144,GIS元大98購01   ,0,0,0,0,0,0,0,0,0,20000,0,0,0,20000,0,20000,20000
056171,鴻海元富97購10  ,0,0,0,0,0,0,0,0,0,20000,0,0,0,20000,0,20000,20000
057203,麗豐元富98購02  ,0,0,0,0,0,0,0,0,0,20000,0,0,0,20000,0,20000,20000
056971,麗豐永豐98購01  ,0,0,0,0,0,0,0,0,0,20000,0,0,0,20000,0,20000,20000
057094,祥碩元富98購01  ,0,0,0,0,0,0,0,0,0,20000,0,0,0,20000,0,20000,20000
057095,祥碩元富98購02  ,0,0,0,0,0,0,0,0,0,20000,0,0,0,20000,0,20000,20000
055342,鴻海凱基97購04  ,0,0,0,0,0,0,0,0,0,20000,0,0,0,20000,0,20000,20000
057442,玉晶光統一98購03,0,0,0,0,0,0,0,0,0,20000,0,0,0,20000,0,20000,20000
057486,美律元大98購04  ,0,0,0,0,0,0,0,0,0,20000,0,0,0,20000,0,20000,20000
055385,昇陽半元大98購01,0,0,0,0,0,0,0,0,0,20000,0,0,0,20000,0,20000,20000
055477,同欣電凱基98購01,0,0,0,0,0,0,0,0,0,20000,0,0,0,20000,0,20000,20000
055466,台達電凱基97購03,0,0,0,0,0,0,0,0,0,20000,0,0,0,20000,0,20000,20000
055499,大立光元大98購05,0,0,0,0,0,0,0,0,0,20000,0,0,0,20000,0,20000,20000
056098,矽創元富97購02  ,0,0,0,0,0,0,0,0,0,20000,0,0,0,40000,20000,20000,20000
056065,奇鋐元大97購01  ,0,0,0,0,0,0,0,0,0,20000,0,0,0,25000,5000,20000,20000
050014,國巨富邦98購01  ,0,0,0,0,0,0,0,0,0,20000,0,0,0,20000,0,20000,20000
049954,健策群益95購01  ,0,0,0,0,0,0,0,0,0,20000,0,0,0,20000,0,20000,20000
049253,台積電元大94購08,0,0,0,0,0,0,0,0,0,20000,0,0,0,20000,0,20000,20000
049283,滬深2X中信95購10,0,0,0,0,0,0,0,0,0,20000,0,0,0,20000,0,20000,20000
049338,台達電統一94購04,0,0,0,0,0,0,0,0,0,20000,0,0,0,20000,0,20000,20000
049024,玉晶光群益97購01,0,0,0,0,0,0,0,0,0,20000,0,0,0,20000,0,20000,20000
048269,瀚宇博國泰95購01,0,0,0,0,0,0,0,0,0,20000,0,0,0,20000,0,20000,20000
049587,美律元大95購01  ,0,0,0,0,0,0,0,0,0,20000,0,0,0,220000,200000,20000,20000
049607,台積電兆豐94購04,0,0,0,0,0,0,0,0,0,20000,0,0,0,20000,0,20000,20000
049629,臺股指群益94購02,0,0,0,0,0,0,0,0,0,20000,0,0,0,151000,131000,20000,20000
053683,上証2X元大96購03,0,0,0,0,0,0,0,0,0,20000,0,0,0,20000,0,20000,20000
053735,矽力中信97購01  ,0,0,0,0,0,0,0,0,0,20000,0,0,0,20000,0,20000,20000
053706,S&P反1凱基99購01,0,0,0,0,0,0,0,0,0,20000,0,0,0,23000,3000,20000,20000
05123P,鴻海永昌96售07  ,0,0,0,0,0,0,0,0,0,20000,0,0,0,20000,0,20000,20000
051092,禾伸堂元大95購02,0,0,0,0,0,0,0,0,0,20000,0,0,0,20000,0,20000,20000
04437P,滬深2X群益98售03,0,0,0,0,0,0,0,0,0,20000,0,0,0,20000,0,20000,20000
046662,大立光元大93購14,0,0,0,0,0,0,0,0,0,20000,0,0,0,40000,20000,20000,20000
046905,新光金凱基99購01,0,0,0,0,0,0,0,0,0,20000,0,0,0,20000,0,20000,20000
050558,台積電統一94購14,0,0,0,0,0,0,0,0,0,20000,0,0,0,20000,0,20000,20000
050537,鴻海凱基95購05  ,0,0,0,0,0,0,0,0,0,20000,0,0,0,20000,0,20000,20000
050031,嘉澤元大95購01  ,0,0,0,0,0,0,0,0,0,20000,0,0,0,20000,0,20000,20000
050191,和碩元大94購02  ,0,0,0,0,0,0,0,0,0,20000,0,0,0,20000,0,20000,20000
050167,T50反1富邦96購01,0,0,0,0,0,0,0,0,0,20000,0,0,0,20000,0,20000,20000
050117,麗豐元大96購02  ,0,0,0,0,0,0,0,0,0,20000,0,0,0,20000,0,20000,20000
050620,和碩元大94購04  ,0,0,0,0,0,0,0,0,0,20000,0,0,0,20000,0,20000,20000
050749,道瓊銀統一96購03,0,0,0,0,0,0,0,0,0,20000,0,0,0,20000,0,20000,20000
050695,台積電凱基94購40,0,0,0,0,0,0,0,0,0,20000,0,0,0,20000,0,20000,20000
050696,台光電凱基96購01,0,0,0,0,0,0,0,0,0,20000,0,0,0,20000,0,20000,20000
045736,台積電群益94購01,0,0,0,0,0,0,0,0,0,20000,0,0,0,20000,0,20000,20000
04578P,微星富邦96售01  ,0,0,0,0,0,0,0,0,0,20000,0,0,0,20000,0,20000,20000
054353,世紀鋼國泰98購01,0,0,0,0,0,0,0,0,0,20000,0,0,0,20000,0,20000,20000
05253P,智邦凱基95售08  ,0,0,0,0,0,0,0,0,0,20000,0,0,0,20000,0,20000,20000
052527,泰鼎元大96購02  ,0,2000,-2000,0,0,0,0,0,0,22000,0,0,0,22000,0,22000,20000
053114,聯茂兆豐97購01  ,0,0,0,0,0,0,0,0,0,20000,0,0,0,20000,0,20000,20000
052513,大立光凱基95購13,0,0,0,0,0,0,0,0,0,20000,0,0,0,20000,0,20000,20000
054254,晶豪科元大96購02,0,0,0,0,0,0,0,0,0,20000,0,0,0,20000,0,20000,20000
054241,深中小元大98購01,0,0,0,0,0,0,0,0,0,20000,0,0,0,20000,0,20000,20000
054118,國巨永豐96購04  ,0,0,0,0,0,0,0,0,0,20000,0,0,0,20000,0,20000,20000
051847,香港反中信99購01,0,0,0,0,0,0,0,0,0,20000,0,0,0,20000,0,20000,20000
051286,國巨統一97購01  ,0,0,0,0,0,0,0,0,0,20000,0,0,0,20000,0,20000,20000
052135,聯發科凱基9B購01,0,0,0,0,0,0,0,0,0,20000,0,0,0,20000,0,20000,20000
054036,T50反1元大96購08,0,0,0,0,0,0,0,0,0,20000,0,0,0,20000,0,20000,20000
053989,奇力新兆豐97購01,0,0,0,0,0,0,0,0,0,20000,0,0,0,20000,0,20000,20000
054057,晶豪科國票97購01,0,0,0,0,0,0,0,0,0,20000,0,0,0,20000,0,20000,20000
052026,漢唐群益95購01  ,0,0,0,0,0,0,0,0,0,20000,0,0,0,20000,0,20000,20000
053966,旺宏元大96購08  ,0,0,0,0,0,0,0,0,0,20000,0,0,0,20000,0,20000,20000
053969,瑞昱元大97購01  ,0,0,0,0,0,0,0,0,0,20000,0,0,0,20000,0,20000,20000
052004,泰碩國泰97購03  ,0,0,0,0,0,0,0,0,0,20000,0,0,0,20000,0,20000,20000
053804,富邦金凱基96購01,0,0,0,0,0,0,0,0,0,20000,0,0,0,20000,0,20000,20000
053786,新日興元大96購02,0,0,0,0,0,0,0,0,0,20000,0,0,0,20000,0,20000,20000
055733,奇力新元富97購01,0,0,0,0,0,0,0,0,0,20000,0,0,0,20000,0,20000,20000
055741,健策元富97購01  ,0,0,0,0,0,0,0,0,0,20000,0,0,0,20000,0,20000,20000
059009,世紀鋼元大99購04,0,0,0,0,0,0,0,0,0,20000,0,0,0,58000,38000,20000,20000
05900P,臺股指凱基99售05,0,0,0,0,0,0,0,0,0,20000,0,0,0,20000,0,20000,20000
058974,臺股指永豐99購03,0,0,0,0,0,0,0,0,0,20000,0,0,0,20000,0,20000,20000
058990,GIS凱基99購02   ,0,0,0,0,0,0,0,0,0,20000,0,0,0,20000,0,20000,20000
058736,鈺齊永豐99購02  ,0,0,0,0,0,0,0,0,0,20000,0,0,0,20000,0,20000,20000
055776,宏達電凱基98購02,0,0,0,0,0,0,0,0,0,20000,0,0,0,20000,0,20000,20000
055924,深中小群益9B購01,0,0,0,0,0,0,0,0,0,20000,0,0,0,20000,0,20000,20000
052800,國巨元大96購05  ,0,0,0,0,0,0,0,0,0,20000,0,0,0,20000,0,20000,20000
052915,創意元富96購01  ,0,0,0,0,0,0,0,0,0,20000,0,0,0,20000,0,20000,20000
052739,國巨元大96購04  ,0,0,0,0,0,0,0,0,0,20000,0,0,0,20000,0,20000,20000
052727,仁寶元富96購01  ,0,0,0,0,0,0,0,0,0,20000,0,0,0,20000,0,20000,20000
052889,致伸麥證97購01  ,0,0,0,20000,0,20000,0,0,0,20000,0,0,0,20000,0,20000,20000
053266,全新群益98購01  ,0,0,0,0,0,0,0,0,0,20000,0,0,0,20000,0,20000,20000
052665,緯穎國票96購03  ,0,0,0,0,0,0,0,0,0,20000,0,0,0,20000,0,20000,20000
052706,台虹國票97購01  ,0,0,0,0,0,0,0,0,0,20000,0,0,0,20000,0,20000,20000
07095P,台灣50元大9C售03,0,0,0,0,0,0,0,0,0,20000,0,0,0,30000,10000,20000,20000
07002P,鴻海兆豐99售04  ,0,0,0,0,0,0,0,0,0,20000,0,0,0,20000,0,20000,20000
06118P,上証2X凱基98售03,0,0,0,0,0,0,0,0,0,20000,0,0,0,20000,0,20000,20000
059345,禾伸堂凱基99購03,0,0,0,0,0,0,0,0,0,20000,0,0,0,20000,0,20000,20000
059336,台灣50凱基9A購02,0,0,0,0,0,0,0,0,0,20000,0,0,0,20000,0,20000,20000
06680P,智邦元大98售06  ,0,0,0,0,0,0,0,0,0,20000,0,0,0,280000,260000,20000,20000
059437,京鼎元大99購02  ,0,0,0,0,0,0,0,0,0,20000,0,0,0,81000,61000,20000,20000
059474,元石油群益99購01,0,0,0,0,0,0,0,0,0,20000,0,0,0,50000,30000,20000,20000
2062,橋椿            ,29000,9000,20000,0,0,0,0,0,0,0,0,0,0,0,0,0,20000
07222P,台灣50元大01售04,0,0,0,0,0,0,0,0,0,20000,0,0,0,20000,0,20000,20000
8249,菱光            ,28000,4000,24000,0,0,0,0,0,0,-4000,0,4000,-4000,0,0,0,20000
055605,緯穎元大97購02  ,0,0,0,0,0,0,0,0,0,19000,0,0,0,20000,1000,19000,19000
057182,禾伸堂元大99購02,0,0,0,0,0,0,0,0,0,19000,0,0,0,19000,0,19000,19000
056546,致伸凱基98購01  ,0,0,0,0,0,0,0,0,0,19000,0,0,0,19000,0,19000,19000
056423,奇鋐統一98購01  ,0,0,0,0,0,0,0,0,0,19000,0,0,0,19000,0,19000,19000
058347,玉晶光群益9B購01,0,0,0,0,0,0,0,0,0,19000,0,0,0,19000,0,19000,19000
056699,光罩國泰99購01  ,0,0,0,0,0,0,0,0,0,19000,0,0,0,19000,0,19000,19000
055060,聯陽永豐97購01  ,0,0,0,0,0,0,0,0,0,19000,0,0,0,19000,0,19000,19000
056899,可成元大98購01  ,0,0,0,0,0,0,0,0,0,19000,0,0,0,19000,0,19000,19000
058231,技嘉元大99購02  ,0,0,0,0,0,0,0,0,0,19000,0,0,0,40000,21000,19000,19000
058407,滬深2X兆豐9A購01,0,0,0,0,0,0,0,0,0,19000,0,0,0,29000,10000,19000,19000
053996,晶相光群益97購01,0,0,0,0,0,0,0,0,0,19000,0,0,0,19000,0,19000,19000
051406,泰鼎永豐96購01  ,0,0,0,0,0,0,0,0,0,19000,0,0,0,30000,11000,19000,19000
051943,台積電麥證95購03,0,0,0,19000,0,19000,0,0,0,19000,0,0,0,19000,0,19000,19000
052478,大立光群益95購05,0,0,0,0,0,0,0,0,0,19000,0,0,0,19000,0,19000,19000
05254P,瑞昱凱基95售04  ,0,0,0,0,0,0,0,0,0,19000,0,0,0,29000,10000,19000,19000
042692,台灣50凱基96購09,0,0,0,0,0,0,0,0,0,19000,0,0,0,19000,0,19000,19000
053718,全新凱基97購02  ,0,0,0,0,0,0,0,0,0,19000,0,0,0,19000,0,19000,19000
049985,華擎凱基94購01  ,0,0,0,0,0,0,0,0,0,19000,0,0,0,19000,0,19000,19000
047579,大立光群益94購02,0,0,0,0,0,0,0,0,0,19000,0,0,0,19000,0,19000,19000
6451,訊芯-KY         ,78000,62000,16000,0,0,0,0,0,0,3000,0,0,0,13000,10000,3000,19000
5608,四維航          ,32000,13000,19000,0,0,0,0,0,0,0,0,0,0,0,0,0,19000
3025,星通            ,23000,4000,19000,0,0,0,0,0,0,0,0,0,0,0,0,0,19000
2704,國賓            ,39000,24000,15000,0,0,0,0,0,0,4000,4000,0,4000,0,0,0,19000
059362,健策永豐99購03  ,0,0,0,0,0,0,0,0,0,19000,0,0,0,19000,0,19000,19000
059296,大立光元富99購06,0,0,0,0,0,0,0,0,0,19000,0,0,0,233000,214000,19000,19000
06938P,南電元大98售03  ,0,0,0,0,0,0,0,0,0,19000,0,0,0,19000,0,19000,19000
07113P,台積電兆豐99售03,0,0,0,0,0,0,0,0,0,19000,0,0,0,19000,0,19000,19000
058447,玉晶光富邦9A購02,0,0,0,0,0,0,0,0,0,18000,0,0,0,18000,0,18000,18000
058933,FBVIX台新9B購01 ,0,0,0,0,0,0,0,0,0,18000,0,0,0,25000,7000,18000,18000
058295,欣興凱基99購02  ,0,0,0,0,0,0,0,0,0,18000,0,0,0,24000,6000,18000,18000
058147,鈺齊元大99購01  ,0,0,0,0,0,0,0,0,0,18000,0,0,0,18000,0,18000,18000
059281,創意永豐99購02  ,0,0,0,0,0,0,0,0,0,18000,0,0,0,18000,0,18000,18000
058836,FBVIX中信03購05 ,0,0,0,0,0,0,0,0,0,18000,0,0,0,18000,0,18000,18000
057825,和碩元大98購02  ,0,0,0,0,0,0,0,0,0,18000,0,0,0,18000,0,18000,18000
05693P,滬深2X凱基98售02,0,0,0,0,0,0,0,0,0,18000,0,0,0,18000,0,18000,18000
056084,漢唐統一97購03  ,0,0,0,0,0,0,0,0,0,18000,0,0,0,18000,0,18000,18000
055932,玉山金群益99購01,0,0,0,0,0,0,0,0,0,18000,0,0,0,18000,0,18000,18000
055994,聯發科國泰99購02,0,0,0,0,0,0,0,0,0,18000,0,0,0,18000,0,18000,18000
050893,鴻海元大96購03  ,0,0,0,0,0,0,0,0,0,18000,0,0,0,56000,38000,18000,18000
049485,台積電元大96購03,0,0,0,0,0,0,0,0,0,18000,0,0,0,18000,0,18000,18000
051682,元黃金凱基97購01,0,0,0,0,0,0,0,0,0,18000,0,0,0,18000,0,18000,18000
051769,矽力元大95購01  ,0,0,0,0,0,0,0,0,0,18000,0,0,0,18000,0,18000,18000
050769,聯發科元大94購17,0,0,0,0,0,0,0,0,0,18000,0,0,0,18000,0,18000,18000
00657,國泰日經225     ,12000,0,12000,0,0,0,0,0,0,6000,0,0,0,106000,100000,6000,18000
052313,聯電元大98購01  ,0,0,0,0,0,0,0,0,0,18000,0,0,0,174000,156000,18000,18000
051840,康友國泰97購02  ,0,0,0,0,0,0,0,0,0,18000,0,0,0,18000,0,18000,18000
055912,宏達電凱基98購03,0,0,0,0,0,0,0,0,0,18000,0,0,0,26000,8000,18000,18000
055790,南電凱基97購01  ,0,0,0,0,0,0,0,0,0,18000,0,0,0,18000,0,18000,18000
057288,聯茂元大98購03  ,0,0,0,0,0,0,0,0,0,18000,0,0,0,25000,7000,18000,18000
06947P,FBVIX元大01售01 ,0,0,0,0,0,0,0,0,0,18000,0,0,0,20000,2000,18000,18000
05934P,國巨凱基96售13  ,0,0,0,0,0,0,0,0,0,18000,0,0,0,18000,0,18000,18000
059381,TPK亞東99購01   ,0,0,0,0,0,0,0,0,0,18000,0,0,0,20000,2000,18000,18000
1457,宜進            ,87000,69000,18000,0,0,0,0,0,0,0,0,0,0,0,0,0,18000
1568,倉佑            ,21000,3000,18000,0,0,0,0,0,0,0,0,0,0,0,0,0,18000
5519,隆大            ,113000,90000,23000,0,0,0,0,0,0,-5000,0,5000,-5000,0,0,0,18000
057476,國巨元大98購19  ,0,0,0,0,0,0,0,0,0,17000,0,0,0,17000,0,17000,17000
057128,台光電凱基98購03,0,0,0,0,0,0,0,0,0,17000,0,0,0,18000,1000,17000,17000
057904,矽力永豐98購01  ,0,0,0,0,0,0,0,0,0,17000,0,0,0,17000,0,17000,17000
058803,世紀鋼元大99購03,0,0,0,0,0,0,0,0,0,17000,0,0,0,17000,0,17000,17000
057980,聯詠永豐98購01  ,0,0,0,0,0,0,0,0,0,17000,0,0,0,44000,27000,17000,17000
057947,和碩國票99購01  ,0,0,0,0,0,0,0,0,0,17000,0,0,0,17000,0,17000,17000
057919,技嘉凱基98購03  ,0,0,0,0,0,0,0,0,0,17000,0,0,0,17000,0,17000,17000
059162,國巨凱基99購12  ,0,0,0,0,0,0,0,0,0,17000,0,0,0,28000,11000,17000,17000
054502,泰碩永豐96購01  ,0,0,0,0,0,0,0,0,0,17000,0,0,0,63000,46000,17000,17000
058418,台積電麥證99購01,0,0,0,0,0,0,0,0,0,17000,0,0,0,17000,0,17000,17000
058420,聯發科麥證99購03,0,0,0,0,10000,-10000,0,0,0,17000,0,0,0,27000,10000,17000,17000
053482,矽力元大96購03  ,0,0,0,0,0,0,0,0,0,17000,0,0,0,17000,0,17000,17000
053371,滬深2X元大99購01,0,0,0,0,0,0,0,0,0,17000,0,0,0,105000,88000,17000,17000
051899,欣興國泰97購01  ,0,0,0,0,0,0,0,0,0,17000,0,0,0,17000,0,17000,17000
051938,旭富群益95購01  ,0,0,0,0,0,0,0,0,0,17000,0,0,0,17000,0,17000,17000
054127,台積電元大96購21,0,0,0,0,0,0,0,0,0,17000,0,0,0,17000,0,17000,17000
054328,台化康和96購01  ,0,0,0,0,0,0,0,0,0,17000,0,0,0,17000,0,17000,17000
00728,第一金工業30    ,0,0,0,0,0,0,0,0,0,17000,0,0,0,675000,658000,17000,17000
050492,漢唐國泰96購01  ,0,0,0,0,0,0,0,0,0,17000,0,0,0,17000,0,17000,17000
050982,台積電國泰96購04,0,0,0,0,0,0,0,0,0,17000,0,0,0,17000,0,17000,17000
4426,利勤            ,187000,168000,19000,0,0,0,0,0,0,-2000,0,0,0,0,2000,-2000,17000
8011,台通            ,78000,61000,17000,0,0,0,0,0,0,0,0,0,0,0,0,0,17000
07212P,聯發科凱基99售14,0,0,0,0,0,0,0,0,0,17000,0,0,0,17000,0,17000,17000
2477,美隆電          ,26000,7000,19000,0,0,0,0,0,0,-2000,0,2000,-2000,0,0,0,17000
06739P,聯詠兆豐98售02  ,0,0,0,0,0,0,0,0,0,17000,0,0,0,56000,39000,17000,17000
056838,旺宏元富98購01  ,0,0,0,0,0,0,0,0,0,16000,0,0,0,26000,10000,16000,16000
056852,矽格元富98購01  ,0,0,0,0,0,0,0,0,0,16000,0,0,0,16000,0,16000,16000
058226,世芯元富99購01  ,0,0,0,0,0,0,0,0,0,16000,0,0,0,16000,0,16000,16000
058912,祥碩元大99購01  ,0,0,0,0,0,0,0,0,0,16000,0,0,0,16000,0,16000,16000
056310,神達元大97購02  ,0,0,0,0,0,0,0,0,0,16000,0,0,0,17000,1000,16000,16000
056987,南茂群益98購01  ,0,0,0,0,0,0,0,0,0,16000,0,0,0,16000,0,16000,16000
056088,台郡統一97購02  ,0,0,0,0,0,0,0,0,0,16000,0,0,0,16000,0,16000,16000
051784,國巨兆豐95購01  ,0,0,0,0,0,0,0,0,0,16000,0,0,0,16000,0,16000,16000
044988,玉晶光統一95購01,0,0,0,0,0,0,0,0,0,16000,0,0,0,16000,0,16000,16000
046870,大立光統一95購01,0,0,0,0,0,0,0,0,0,16000,0,0,0,16000,0,16000,16000
046477,台積電統一94購02,0,0,0,0,0,0,0,0,0,16000,0,0,0,16000,0,16000,16000
054331,世芯永豐96購03  ,0,0,0,0,0,0,0,0,0,16000,0,0,0,16000,0,16000,16000
054130,漢唐元大97購02  ,0,0,0,0,0,0,0,0,0,16000,0,0,0,16000,0,16000,16000
052209,深中小元大95購02,0,0,0,0,0,0,0,0,0,16000,0,0,0,16000,0,16000,16000
051575,國巨元大96購03  ,0,0,0,0,0,0,0,0,0,16000,0,0,0,16000,0,16000,16000
059360,全新永豐99購02  ,0,0,0,0,0,0,0,0,0,16000,0,0,0,40000,24000,16000,16000
1603,華電            ,45000,29000,16000,0,0,0,0,0,0,0,0,0,0,0,0,0,16000
3588,通嘉            ,49000,33000,16000,0,0,0,0,0,0,0,0,0,0,0,0,0,16000
057494,玉晶光元大99購09,0,0,0,0,0,0,0,0,0,15000,0,0,0,15000,0,15000,15000
055351,聯發科凱基97購03,0,0,0,0,0,0,0,0,0,15000,0,0,0,15000,0,15000,15000
055290,玉晶光元大98購08,0,0,0,0,0,0,0,0,0,15000,0,0,0,15000,0,15000,15000
055300,緯穎元大98購01  ,0,0,0,0,0,0,0,0,0,15000,0,0,0,15000,0,15000,15000
057073,康控永豐98購01  ,0,0,0,0,0,0,0,0,0,15000,0,0,0,15000,0,15000,15000
057099,元油2X中信9B購03,0,0,0,0,0,0,0,0,0,15000,0,0,0,15000,0,15000,15000
057171,台光電元大9B購01,0,0,0,0,0,0,0,0,0,15000,0,0,0,15000,0,15000,15000
057676,臺股指元大98購06,0,0,0,0,0,0,0,0,0,15000,0,0,0,15000,0,15000,15000
057639,國巨元大99購07  ,0,0,0,0,0,0,0,0,0,15000,0,0,0,15000,0,15000,15000
057901,大立光永豐98購04,0,0,0,0,0,0,0,0,0,15000,0,0,0,15000,0,15000,15000
058821,泰鼎國泰9B購01  ,0,0,0,0,0,0,0,0,0,15000,0,0,0,15000,0,15000,15000
057230,建準凱基98購02  ,0,0,0,0,0,0,0,0,0,15000,0,0,0,15000,0,15000,15000
058909,神達元大99購03  ,0,0,0,0,0,0,0,0,0,15000,0,0,0,15000,0,15000,15000
058090,聯發科元大98購16,0,0,0,0,0,0,0,0,0,15000,0,0,0,47000,32000,15000,15000
056469,國巨元大99購01  ,0,0,0,0,0,0,0,0,0,15000,0,0,0,15000,0,15000,15000
055113,大立光凱基98購06,0,0,0,0,0,0,0,0,0,15000,0,0,0,15000,0,15000,15000
058486,大立光國票9A購01,0,0,0,0,0,0,0,0,0,15000,0,0,0,15000,0,15000,15000
056602,嘉澤國泰99購01  ,0,0,0,0,0,0,0,0,0,15000,0,0,0,15000,0,15000,15000
059166,友達凱基99購05  ,0,0,0,0,0,0,0,0,0,15000,0,0,0,25000,10000,15000,15000
059325,超眾元大99購05  ,0,0,0,0,0,0,0,0,0,15000,0,0,0,15000,0,15000,15000
06507P,台表科國票99售01,0,0,0,0,0,0,0,0,0,15000,0,0,0,15000,0,15000,15000
059034,華通群益9B購02  ,0,0,0,0,0,0,0,0,0,15000,0,0,0,15000,0,15000,15000
059092,聯陽元大99購01  ,0,0,0,0,0,0,0,0,0,15000,0,0,0,15000,0,15000,15000
056775,康控元大99購01  ,0,0,0,0,0,0,0,0,0,15000,0,0,0,15000,0,15000,15000
055280,智邦元大97購01  ,0,0,0,0,0,0,0,0,0,15000,0,0,0,15000,0,15000,15000
051560,玉晶光國泰97購03,0,0,0,0,0,0,0,0,0,15000,0,0,0,15000,0,15000,15000
051471,國巨凱基97購01  ,0,0,0,0,0,0,0,0,0,15000,0,0,0,15000,0,15000,15000
051918,聯茂元大95購01  ,0,0,0,0,0,0,0,0,0,15000,0,0,0,15000,0,15000,15000
051831,緯穎元大96購04  ,0,0,0,0,0,0,0,0,0,15000,0,0,0,15000,0,15000,15000
052329,台積電亞東96購01,0,0,0,0,0,0,0,0,0,15000,0,0,0,15000,0,15000,15000
052367,聯茂國票96購02  ,0,0,0,0,0,0,0,0,0,15000,0,0,0,15000,0,15000,15000
052426,國巨台新96購01  ,0,0,0,0,0,0,0,0,0,15000,0,0,0,15000,0,15000,15000
052540,華新科統一95購03,0,0,0,0,0,0,0,0,0,15000,0,0,0,15000,0,15000,15000
054271,中石化中信99購01,0,0,0,0,0,0,0,0,0,15000,0,0,0,15000,0,15000,15000
053151,華新科元大96購04,0,0,0,0,0,0,0,0,0,15000,0,0,0,15000,0,15000,15000
052796,和碩兆豐96購01  ,0,0,0,0,0,0,0,0,0,15000,0,0,0,15000,0,15000,15000
058666,上証反群益01購01,0,0,0,0,0,0,0,0,0,15000,0,0,0,15000,0,15000,15000
053256,上銀富邦98購01  ,0,0,0,0,0,0,0,0,0,15000,0,0,0,15000,0,15000,15000
053224,矽力凱基96購02  ,0,0,0,0,0,0,0,0,0,15000,0,0,0,15000,0,15000,15000
052921,大成鋼永豐96購01,0,0,0,0,0,0,0,0,0,15000,0,0,0,15000,0,15000,15000
055921,新唐凱基98購01  ,0,0,0,0,0,0,0,0,0,15000,0,0,0,20000,5000,15000,15000
055863,緯穎元大97購05  ,0,0,0,0,0,0,0,0,0,15000,0,0,0,25000,10000,15000,15000
046793,聯發科元富99購01,0,0,0,0,0,0,0,0,0,15000,0,0,0,15000,0,15000,15000
05060P,台達電富邦97售02,0,0,0,0,0,0,0,0,0,15000,0,0,0,15000,0,15000,15000
050500,台積電凱基94購36,0,0,0,0,0,0,0,0,0,15000,0,0,0,15000,0,15000,15000
050771,華新科元大94購06,0,0,0,0,0,0,0,0,0,15000,0,0,0,15000,0,15000,15000
050722,聯電國票96購01  ,0,0,0,0,0,0,0,0,0,15000,0,0,0,15000,0,15000,15000
020011,統一微波高息20N ,0,0,0,0,0,0,0,0,0,15000,0,0,0,15000,0,15000,15000
03670C,元油2X元富99牛01,0,0,0,0,0,0,0,0,0,15000,0,0,0,30000,15000,15000,15000
051776,上証2X群益99購01,0,0,0,0,0,0,0,0,0,15000,0,0,0,15000,0,15000,15000
050964,晶技永豐95購02  ,0,0,0,0,0,0,0,0,0,15000,0,0,0,15000,0,15000,15000
050867,聯鈞永豐95購01  ,0,0,0,0,0,0,0,0,0,15000,0,0,0,15000,0,15000,15000
048385,亞德客國票94購01,0,0,0,0,0,0,0,0,0,15000,0,0,0,15000,0,15000,15000
048610,華新科凱基94購04,0,0,0,0,0,0,0,0,0,15000,0,0,0,15000,0,15000,15000
048102,矽力凱基94購01  ,0,0,0,0,0,0,0,0,0,15000,0,0,0,15000,0,15000,15000
3149,正達            ,43000,28000,15000,0,0,0,0,0,0,0,0,0,0,0,0,0,15000
1452,宏益            ,40000,25000,15000,0,0,0,0,0,0,0,0,0,0,0,0,0,15000
07250P,台灣50永豐99售07,0,0,0,0,0,0,0,0,0,15000,0,0,0,15000,0,15000,15000
08674P,嘉晶元富07售02  ,0,0,0,0,0,0,0,0,0,15000,0,0,0,15000,0,15000,15000
2443,億麗            ,16000,1000,15000,0,0,0,0,0,0,0,0,0,0,0,0,0,15000
2702,華園            ,37000,22000,15000,0,0,0,0,0,0,0,0,0,0,0,0,0,15000
06740P,台灣50國泰9A售02,0,0,0,0,0,0,0,0,0,15000,0,0,0,15000,0,15000,15000
06687P,A50正2中信9A售01,0,0,0,0,0,0,0,0,0,15000,0,0,0,15000,0,15000,15000
059526,鴻海凱基99購12  ,0,0,0,0,0,0,0,0,0,15000,0,0,0,68000,53000,15000,15000
056774,和鑫元大98購01  ,0,0,0,0,0,0,0,0,0,14000,0,0,0,152000,138000,14000,14000
058538,智邦台新99購02  ,0,0,0,0,0,0,0,0,0,14000,0,0,0,45000,31000,14000,14000
057640,台積電元大98購16,0,0,0,0,0,0,0,0,0,14000,0,0,0,14000,0,14000,14000
057116,鴻海日盛9A購01  ,0,0,0,0,0,0,0,0,0,14000,0,0,0,14000,0,14000,14000
055940,致新群益98購01  ,0,0,0,0,0,0,0,0,0,14000,0,0,0,214000,200000,14000,14000
055399,超眾統一99購01  ,0,0,0,0,0,0,0,0,0,14000,0,0,0,19000,5000,14000,14000
048124,大立光元大95購03,0,0,0,0,0,0,0,0,0,14000,0,0,0,14000,0,14000,14000
050518,台積電元大94購28,0,0,0,0,0,0,0,0,0,14000,0,0,0,14000,0,14000,14000
053621,臺股指群益96購07,0,0,0,0,0,0,0,0,0,14000,0,0,0,15000,1000,14000,14000
049387,緯穎元大94購03  ,0,0,0,0,0,0,0,0,0,14000,0,0,0,19000,5000,14000,14000
03980P,群創凱基95售02  ,0,0,0,0,0,0,0,0,0,14000,0,0,0,14000,0,14000,14000
03415B,臺股指元大93熊49,0,0,0,0,0,0,0,0,0,14000,0,0,0,14000,0,14000,14000
050184,信邦元大94購01  ,0,0,0,0,0,0,0,0,0,14000,0,0,0,15000,1000,14000,14000
047145,鴻海群益95購01  ,0,0,0,0,0,0,0,0,0,14000,0,0,0,14000,0,14000,14000
052754,上証2X群益9A購01,0,0,0,0,0,0,0,0,0,14000,0,0,0,14000,0,14000,14000
054276,國巨群益96購07  ,0,0,0,0,0,0,0,0,0,14000,0,0,0,14000,0,14000,14000
054188,欣興永豐96購03  ,0,0,0,0,0,0,0,0,0,14000,0,0,0,14000,0,14000,14000
059431,旺宏元大99購14  ,0,0,0,0,0,0,0,0,0,14000,0,0,0,14000,0,14000,14000
06958P,FBVIX凱基9C售02 ,0,0,0,0,0,0,0,0,0,14000,0,0,0,14000,0,14000,14000
06926P,可成群益9A售04  ,0,0,0,0,0,0,0,0,0,14000,0,0,0,14000,0,14000,14000
07073P,臺股指中信9B售02,0,0,0,0,0,0,0,0,0,14000,0,0,0,14000,0,14000,14000
06110P,國巨國泰98售02  ,0,0,0,0,0,0,0,0,0,14000,0,0,0,14000,0,14000,14000
07202P,台灣50凱基9C售04,0,0,0,0,0,0,0,0,0,14000,0,0,0,224000,210000,14000,14000
2939,凱羿-KY         ,18000,4000,14000,0,0,0,0,0,0,0,0,0,0,0,0,0,14000
01002T,土銀國泰R1      ,13853,0,13853,0,0,0,0,0,0,0,0,0,0,0,0,0,13853
055515,聚陽中信9A購01  ,0,0,0,0,0,0,0,0,0,13000,0,0,0,13000,0,13000,13000
055606,矽創元大97購01  ,0,0,0,0,0,0,0,0,0,13000,0,0,0,13000,0,13000,13000
057034,道瓊反元大9B購01,0,0,0,0,0,0,0,0,0,13000,0,0,0,13000,0,13000,13000
057557,聯茂凱基99購04  ,0,0,0,0,0,0,0,0,0,13000,0,0,0,13000,0,13000,13000
056478,晶技元大99購01  ,0,0,0,0,0,0,0,0,0,13000,0,0,0,13000,0,13000,13000
057282,大立光元大99購06,0,0,0,0,0,0,0,0,0,13000,0,0,0,13000,0,13000,13000
056338,聯發科凱基99購01,0,0,0,0,0,0,0,0,0,13000,0,0,0,13000,0,13000,13000
056340,可成凱基98購04  ,0,0,0,0,0,0,0,0,0,13000,0,0,0,13000,0,13000,13000
055286,晶技元大98購03  ,0,0,0,0,0,0,0,0,0,13000,0,0,0,13000,0,13000,13000
058934,台灣50中信03購03,0,182000,-182000,0,0,0,0,0,0,195000,0,0,0,195000,0,195000,13000
03560P,台積電兆豐03售10,0,0,0,0,0,0,0,0,0,13000,0,0,0,13000,0,13000,13000
046630,京元電元富95購03,0,0,0,0,0,0,0,0,0,13000,0,0,0,13000,0,13000,13000
044645,元金2X群益93購01,0,0,0,0,0,0,0,0,0,13000,0,0,0,13000,0,13000,13000
049438,嘉晶國泰96購01  ,0,0,0,0,0,0,0,0,0,13000,0,0,0,13000,0,13000,13000
051089,旺宏元大96購04  ,0,0,0,0,0,0,0,0,0,13000,0,0,0,13000,0,13000,13000
04987P,昇陽半永豐94售04,0,0,0,0,0,0,0,0,0,13000,0,0,0,13000,0,13000,13000
047584,元金2X永豐95購01,0,0,0,0,0,0,0,0,0,13000,0,0,0,13000,0,13000,13000
050012,台積電國泰95購03,0,0,0,0,0,0,0,0,0,13000,0,0,0,13000,0,13000,13000
048652,巨大元大96購01  ,0,0,0,0,0,0,0,0,0,13000,0,0,0,13000,0,13000,13000
049023,玉晶光群益96購04,0,0,0,0,0,0,0,0,0,13000,0,0,0,13000,0,13000,13000
052476,台光電群益98購01,0,0,0,0,0,0,0,0,0,13000,0,0,0,135000,122000,13000,13000
05234P,美食康和95售01  ,0,0,0,0,0,0,0,0,0,13000,0,0,0,13000,0,13000,13000
054308,嘉晶凱基98購01  ,0,0,0,0,0,0,0,0,0,13000,0,0,0,13000,0,13000,13000
052146,泰碩群益95購01  ,0,0,0,0,0,0,0,0,0,13000,0,0,0,13000,0,13000,13000
053560,漢唐國泰98購01  ,0,0,0,0,0,0,0,0,0,13000,0,0,0,13000,0,13000,13000
052799,上銀元大96購01  ,0,0,0,0,0,0,0,0,0,13000,0,0,0,13000,0,13000,13000
052746,泰碩元大97購01  ,0,0,0,0,0,0,0,0,0,13000,0,0,0,13000,0,13000,13000
057402,嘉晶群益98購02  ,0,0,0,0,0,0,0,0,0,13000,0,0,0,13000,0,13000,13000
058697,亞德客元大99購01,0,0,0,0,0,0,0,0,0,13000,0,0,0,23000,10000,13000,13000
058997,鴻海元大99購21  ,0,0,0,0,0,0,0,0,0,13000,0,0,0,13000,0,13000,13000
6172,互億            ,32000,19000,13000,0,0,0,0,0,0,0,0,0,0,0,0,0,13000
07193P,聯發科元大99售24,0,0,0,0,0,0,0,0,0,13000,0,0,0,19000,6000,13000,13000
07242P,台灣50凱基9A售03,0,0,0,0,0,0,0,0,0,13000,0,0,0,213000,200000,13000,13000
1528,恩德            ,24000,11000,13000,0,0,0,0,0,0,0,0,0,0,0,0,0,13000
2444,兆勁            ,85000,72000,13000,0,0,0,0,0,0,0,0,0,0,0,0,0,13000
2032,新鋼            ,16000,3000,13000,0,0,0,0,0,0,0,0,0,0,0,0,0,13000
059514,嘉澤永豐99購02  ,0,0,0,0,0,0,0,0,0,13000,0,0,0,48000,35000,13000,13000
059563,鴻海凱基9A購14  ,0,0,0,0,0,0,0,0,0,13000,0,0,0,35000,22000,13000,13000
058941,華新科中信99購03,0,0,0,0,0,0,0,0,0,12000,0,0,0,12000,0,12000,12000
056762,亞德客元大98購01,0,0,0,0,0,0,0,0,0,12000,0,0,0,12000,0,12000,12000
055240,京元電元富97購01,0,0,0,0,0,0,0,0,0,12000,0,0,0,12000,0,12000,12000
06434P,超眾群益98售02  ,0,0,0,0,0,0,0,0,0,12000,0,0,0,12000,0,12000,12000
059330,台灣50國票99購10,0,0,0,0,0,0,0,0,0,12000,0,0,0,20000,8000,12000,12000
059220,聯發科元大99購20,0,0,0,0,0,0,0,0,0,12000,0,0,0,36000,24000,12000,12000
058480,新日興凱基9A購01,0,0,0,0,0,0,0,0,0,12000,0,0,0,12000,0,12000,12000
056822,佐登永豐98購01  ,0,0,0,0,0,0,0,0,0,12000,0,0,0,12000,0,12000,12000
058047,可成元大98購11  ,0,0,0,0,0,0,0,0,0,12000,0,0,0,12000,0,12000,12000
058376,貿聯凱基9A購01  ,0,0,0,0,0,0,0,0,0,12000,0,0,0,12000,0,12000,12000
057086,立積統一9C購01  ,0,0,0,0,0,0,0,0,0,12000,0,0,0,12000,0,12000,12000
057028,台郡凱基99購02  ,0,0,0,0,0,0,0,0,0,12000,0,0,0,12000,0,12000,12000
055406,大毅國泰99購01  ,0,0,0,0,0,0,0,0,0,12000,0,0,0,12000,0,12000,12000
055744,茂林元富97購02  ,0,0,0,0,0,0,0,0,0,12000,0,0,0,12000,0,12000,12000
055782,新日興凱基99購01,0,0,0,0,0,0,0,0,0,12000,0,0,0,12000,0,12000,12000
053305,聯詠凱基96購02  ,0,0,0,0,0,0,0,0,0,12000,0,0,0,62000,50000,12000,12000
052805,晶技元大97購01  ,0,0,0,0,0,0,0,0,0,12000,0,0,0,12000,0,12000,12000
053502,智伸科兆豐97購01,0,0,0,0,0,0,0,0,0,12000,0,0,0,12000,0,12000,12000
054361,技嘉凱基96購01  ,0,0,0,0,0,0,0,0,0,12000,0,0,0,12000,0,12000,12000
054258,牧德元大97購01  ,0,0,0,0,0,0,0,0,0,12000,0,0,0,12000,0,12000,12000
049269,超眾元大96購02  ,0,0,0,0,0,0,0,0,0,12000,0,0,0,20000,8000,12000,12000
053698,中磊元大96購02  ,0,0,0,0,0,0,0,0,0,12000,0,0,0,12000,0,12000,12000
043642,元金2X國票97購01,0,0,0,0,0,0,0,0,0,12000,0,0,0,12000,0,12000,12000
04288P,台積電中信95售06,0,0,0,0,0,0,0,0,0,12000,0,0,0,12000,0,12000,12000
05013P,台積電元大96售05,0,0,0,0,0,0,0,0,0,12000,0,0,0,12000,0,12000,12000
059357,華通永豐99購01  ,0,0,0,0,0,0,0,0,0,12000,0,0,0,15000,3000,12000,12000
06934P,聯鈞元大98售03  ,0,0,0,0,0,0,0,0,0,12000,0,0,0,17000,5000,12000,12000
2636,台驊投控        ,40000,28000,12000,0,0,0,0,0,0,0,0,0,0,0,0,0,12000
2838A,聯邦銀甲特      ,0,0,0,0,0,0,0,0,0,12000,0,0,0,12000,0,12000,12000
1532,勤美            ,74000,61000,13000,0,0,0,0,0,0,-1000,0,1000,-1000,0,0,0,12000
07259P,滬深2X國票01售01,0,0,0,0,0,0,0,0,0,12000,0,0,0,20000,8000,12000,12000
9917,中保科          ,360000,251000,109000,0,0,0,7000,58000,-51000,-46000,20000,66000,-46000,0,0,0,12000
3257,虹冠電          ,15000,3000,12000,0,0,0,0,0,0,0,0,0,0,0,0,0,12000
055471,聯發科凱基97購04,0,0,0,0,0,0,0,0,0,11000,0,0,0,21000,10000,11000,11000
055966,茂林元大99購01  ,0,0,0,0,0,0,0,0,0,11000,0,0,0,11000,0,11000,11000
057079,台積電統一9A購02,0,0,0,0,0,0,0,0,0,11000,0,0,0,11000,0,11000,11000
057654,A50正2中信98購01,0,0,0,0,0,0,0,0,0,11000,0,0,0,11000,0,11000,11000
058035,旭富永豐98購02  ,0,0,0,0,0,0,0,0,0,11000,0,0,0,11000,0,11000,11000
058830,健策永豐99購02  ,0,0,0,0,0,0,0,0,0,11000,0,0,0,11000,0,11000,11000
057783,台積電國票9A購01,0,0,0,0,0,0,0,0,0,11000,0,0,0,11000,0,11000,11000
058405,訊連元大99購02  ,0,0,0,0,0,0,0,0,0,11000,0,0,0,35000,24000,11000,11000
056563,華新科群益98購04,0,0,0,0,0,0,0,0,0,11000,0,0,0,20000,9000,11000,11000
06247P,同欣電元富97售02,0,0,0,0,0,0,0,0,0,11000,0,0,0,21000,10000,11000,11000
06595P,祥碩元大98售03  ,0,0,0,0,0,0,0,0,0,11000,0,0,0,26000,15000,11000,11000
058627,聯發科國票99購04,0,0,0,0,0,0,0,0,0,11000,0,0,0,11000,0,11000,11000
059110,元油2X永豐99購02,0,0,0,0,0,0,0,0,0,11000,0,0,0,11000,0,11000,11000
050035,聯茂元大94購07  ,0,0,0,0,0,0,0,0,0,11000,0,0,0,11000,0,11000,11000
050702,崇越凱基94購01  ,0,0,0,0,0,0,0,0,0,11000,0,0,0,11000,0,11000,11000
046934,智邦元富96購01  ,0,0,0,0,0,0,0,0,0,11000,0,0,0,11000,0,11000,11000
03022X,富展01          ,0,0,0,0,0,0,0,0,0,11000,0,0,0,17000,6000,11000,11000
00763U,街口道瓊銅      ,0,0,0,0,0,0,0,0,0,11000,0,0,0,16000,5000,11000,11000
053703,緯穎兆豐96購01  ,0,0,0,0,0,0,0,0,0,11000,0,0,0,15000,4000,11000,11000
053591,大立光元大99購03,0,0,0,0,0,0,0,0,0,11000,0,0,0,11000,0,11000,11000
050986,上証2X永昌97購01,0,0,0,0,0,0,0,0,0,11000,0,0,0,11000,0,11000,11000
049436,義隆國泰96購02  ,0,0,0,0,0,0,0,0,0,11000,0,0,0,11000,0,11000,11000
04831P,聯詠富邦96售01  ,0,0,0,0,0,0,0,0,0,11000,0,0,0,16000,5000,11000,11000
048576,義隆國泰95購01  ,0,0,0,0,0,0,0,0,0,11000,0,0,0,11000,0,11000,11000
04788P,台積電永昌96售05,0,0,0,0,0,0,0,0,0,11000,0,0,0,11000,0,11000,11000
053380,南亞科元大97購01,0,0,0,0,0,0,0,0,0,11000,0,0,0,11000,0,11000,11000
052806,玉晶光元大98購04,0,0,0,0,0,0,0,0,0,11000,0,0,0,251000,240000,11000,11000
053581,台積電元大96購14,0,0,0,0,0,0,0,0,0,11000,0,0,0,11000,0,11000,11000
053255,貿聯國泰97購01  ,0,0,0,0,0,0,0,0,0,11000,0,0,0,11000,0,11000,11000
053006,玉晶光永豐96購03,0,0,0,0,0,0,0,0,0,11000,0,0,0,11000,0,11000,11000
05589P,大立光中信9A售01,0,0,0,0,0,0,0,0,0,11000,0,0,0,11000,0,11000,11000
058948,道瓊銀群益9C購01,0,0,0,0,0,0,0,0,0,11000,0,0,0,11000,0,11000,11000
4961,天鈺            ,143000,132000,11000,0,0,0,0,0,0,0,0,0,0,0,0,0,11000
8114,振樺電          ,27000,16000,11000,0,0,0,0,0,0,0,0,0,0,0,0,0,11000
1734,杏輝            ,89000,78000,11000,0,0,0,0,0,0,0,0,0,0,0,0,0,11000
2450,神腦            ,63000,48000,15000,0,0,0,0,0,0,-4000,0,4000,-4000,0,0,0,11000
2486,一詮            ,35000,24000,11000,0,0,0,0,0,0,0,0,0,0,0,0,0,11000
06959P,鴻海凱基9A售02  ,0,0,0,0,0,0,0,0,0,11000,0,0,0,11000,0,11000,11000
07161P,臺股指群益99售12,0,0,0,0,0,0,0,0,0,11000,0,0,0,40000,29000,11000,11000
06681P,致茂元大98售02  ,0,0,0,0,0,0,0,0,0,11000,0,0,0,11000,0,11000,11000
059488,大立光兆豐99購03,0,0,0,0,0,0,0,0,0,11000,0,0,0,21000,10000,11000,11000
05948P,茂林元大96售03  ,0,0,0,0,0,0,0,0,0,11000,0,0,0,11000,0,11000,11000
059454,亞光永豐99購01  ,0,0,0,0,0,0,0,0,0,11000,0,0,0,11000,0,11000,11000
059082,華通元大99購06  ,0,0,0,0,0,0,0,0,0,10000,0,0,0,10000,0,10000,10000
059022,聯發科統一9B購04,0,0,0,0,0,0,0,0,0,10000,0,0,0,10000,0,10000,10000
059053,鴻海凱基99購07  ,0,0,0,0,0,0,0,0,0,10000,0,0,0,10000,0,10000,10000
054952,大毅元大97購02  ,0,0,0,0,0,0,0,0,0,10000,0,0,0,10000,0,10000,10000
054975,福懋科元大97購01,0,0,0,0,0,0,0,0,0,10000,0,0,0,10000,0,10000,10000
054898,台肥康和97購01  ,0,0,0,0,0,0,0,0,0,10000,0,0,0,10000,0,10000,10000
054900,金寶康和97購01  ,0,0,0,0,0,0,0,0,0,10000,0,0,0,10000,0,10000,10000
054916,聯發科凱基98購04,0,0,0,0,0,0,0,0,0,10000,0,0,0,10000,0,10000,10000
058646,聯茂富邦9A購01  ,0,0,0,0,0,0,0,0,0,10000,0,0,0,10000,0,10000,10000
058644,元黃金富邦03購01,0,10000,-10000,0,0,0,0,0,0,20000,0,0,0,20000,0,20000,10000
058943,元石油群益9C購01,0,0,0,0,0,0,0,0,0,10000,0,0,0,10000,0,10000,10000
058939,台積電中信9B購01,0,0,0,0,0,0,0,0,0,10000,0,0,0,10000,0,10000,10000
055159,玉晶光元大98購05,0,0,0,0,0,0,0,0,0,10000,0,0,0,10000,0,10000,10000
058612,健策元大99購02  ,0,0,0,0,0,0,0,0,0,10000,0,0,0,10000,0,10000,10000
058315,TPK富邦9C購01   ,0,0,0,0,0,0,0,0,0,10000,0,0,0,10000,0,10000,10000
055270,上銀元大97購03  ,0,0,0,0,0,0,0,0,0,10000,0,0,0,10000,0,10000,10000
055230,大毅國票98購01  ,0,0,0,0,0,0,0,0,0,10000,0,0,0,10000,0,10000,10000
056782,鴻海群益98購04  ,0,0,0,0,0,0,0,0,0,10000,0,0,0,10000,0,10000,10000
056798,華新科麥證98購01,0,0,0,10000,0,10000,0,0,0,10000,0,0,0,10000,0,10000,10000
06482P,台積電凱基98售13,0,0,0,0,0,0,0,0,0,10000,0,0,0,10000,0,10000,10000
06196P,元上證元大97售01,0,0,0,0,0,0,0,0,0,10000,0,0,0,10000,0,10000,10000
06213P,大立光元大98售07,0,0,0,0,0,0,0,0,0,10000,0,0,0,387000,377000,10000,10000
06394P,台積電元大97售28,0,0,0,0,0,0,0,0,0,10000,0,0,0,10000,0,10000,10000
06411P,晶相光永豐97售03,0,0,0,0,0,0,0,0,0,10000,0,0,0,10000,0,10000,10000
06333P,臺股指群益9C售02,0,0,0,0,0,0,0,0,0,10000,0,0,0,10000,0,10000,10000
059222,聯發科元大99購22,0,0,0,0,0,0,0,0,0,10000,0,0,0,105000,95000,10000,10000
059223,大立光元大99購14,0,0,0,0,0,0,0,0,0,10000,0,0,0,123000,113000,10000,10000
059194,元金2X永豐99購01,0,0,0,0,0,0,0,0,0,10000,0,0,0,10000,0,10000,10000
059173,矽力凱基99購01  ,0,0,0,0,0,0,0,0,0,10000,0,0,0,10000,0,10000,10000
059174,訊芯凱基99購01  ,0,0,0,0,0,0,0,0,0,10000,0,0,0,10000,0,10000,10000
059175,臺股指凱基99購26,0,0,0,0,0,0,0,0,0,10000,0,0,0,10000,0,10000,10000
06173P,華通元大97售02  ,0,0,0,0,0,0,0,0,0,10000,0,0,0,10000,0,10000,10000
059237,鴻海凱基9A購10  ,0,0,0,0,0,0,0,0,0,10000,0,0,0,22000,12000,10000,10000
059279,台灣50富邦9C購03,0,0,0,0,0,0,0,0,0,10000,0,0,0,10000,0,10000,10000
05471P,聯電統一95售01  ,0,0,0,0,0,0,0,0,0,10000,0,0,0,10000,0,10000,10000
056584,鴻海統一9B購01  ,0,0,0,0,0,0,0,0,0,10000,0,0,0,10000,0,10000,10000
056586,光罩統一98購02  ,0,0,0,0,0,0,0,0,0,10000,0,0,0,10000,0,10000,10000
056617,美律永豐98購01  ,0,0,0,0,0,0,0,0,0,10000,0,0,0,10000,0,10000,10000
054514,道瓊銀元大98購01,0,0,0,0,0,0,0,0,0,10000,0,0,0,10000,0,10000,10000
054535,旺宏富邦97購02  ,0,0,0,0,0,0,0,0,0,10000,0,0,0,10000,0,10000,10000
054544,統一中信97購01  ,0,0,0,0,0,0,0,0,0,10000,0,0,0,10000,0,10000,10000
054567,拓凱群益98購01  ,0,0,0,0,0,0,0,0,0,10000,0,0,0,10000,0,10000,10000
054702,智邦第一97購01  ,0,0,0,0,0,0,0,0,0,10000,0,0,0,10000,0,10000,10000
054642,訊芯中信9A購01  ,0,0,0,0,0,0,0,0,0,10000,0,0,0,10000,0,10000,10000
058423,臺股指麥證99購01,0,0,0,0,0,0,0,0,0,10000,0,0,0,10000,0,10000,10000
058452,義隆永豐99購02  ,0,0,0,0,0,0,0,0,0,10000,0,0,0,10000,0,10000,10000
058488,華擎國票9A購01  ,0,0,0,0,0,0,0,0,0,10000,0,0,0,10000,0,10000,10000
058490,元黃金群益9B購01,0,0,0,0,0,0,0,0,0,10000,0,0,0,10000,0,10000,10000
058511,華新科元大9B購01,0,0,0,0,0,0,0,0,0,10000,0,0,0,10000,0,10000,10000
058539,聯發科台新99購01,0,0,0,0,0,0,0,0,0,10000,0,0,0,10000,0,10000,10000
05855P,滬深2X中信9C售01,0,0,0,0,0,0,0,0,0,10000,0,0,0,10000,0,10000,10000
058506,台積電元大99購09,0,0,0,0,0,0,0,0,0,10000,0,0,0,10000,0,10000,10000
054484,仁寶台新96購01  ,0,0,0,0,0,0,0,0,0,10000,0,0,0,10000,0,10000,10000
058591,台灣50統一9B購02,0,0,0,0,0,0,0,0,0,10000,0,0,0,10000,0,10000,10000
056842,全新元富98購01  ,0,0,0,0,0,0,0,0,0,10000,0,0,0,172000,162000,10000,10000
058160,奇鋐元富99購01  ,0,0,0,0,0,0,0,0,0,10000,0,0,0,10000,0,10000,10000
058176,聯發科凱基99購05,0,0,0,0,0,0,0,0,0,10000,0,0,0,10000,0,10000,10000
058224,世芯統一9B購02  ,0,0,0,0,0,0,0,0,0,10000,0,0,0,20000,10000,10000,10000
055071,群電永豐97購01  ,0,0,0,0,0,0,0,0,0,10000,0,0,0,10000,0,10000,10000
055078,亞泥中信98購01  ,0,0,0,0,0,0,0,0,0,10000,0,0,0,10000,0,10000,10000
055137,GIS富邦98購01   ,0,0,0,0,0,0,0,0,0,10000,0,0,0,10000,0,10000,10000
055149,國巨元大97購06  ,0,0,0,0,0,0,0,0,0,10000,0,0,0,10000,0,10000,10000
056647,晶技凱基98購02  ,0,0,0,0,0,0,0,0,0,10000,0,0,0,10000,0,10000,10000
055012,茂林元富97購01  ,0,0,0,0,0,0,0,0,0,10000,0,0,0,10000,0,10000,10000
056279,新日興富邦99購01,0,0,0,0,0,0,0,0,0,10000,0,0,0,10000,0,10000,10000
056297,台光電元大97購04,0,0,0,0,0,0,0,0,0,10000,0,0,0,20000,10000,10000,10000
058766,力山兆豐99購01  ,0,0,0,0,0,0,0,0,0,10000,0,0,0,10000,0,10000,10000
057719,欣興元富02購01  ,0,0,0,0,0,0,0,0,0,10000,0,0,0,10000,0,10000,10000
056346,聯茂凱基99購02  ,0,0,0,0,0,0,0,0,0,10000,0,0,0,10000,0,10000,10000
056363,華新科元大99購04,0,0,0,0,0,0,0,0,0,10000,0,0,0,10000,0,10000,10000
058811,台積電統一9A購05,0,0,0,0,0,0,0,0,0,10000,0,0,0,10000,0,10000,10000
058791,鴻海元大99購17  ,0,0,0,0,0,0,0,0,0,10000,0,0,0,19000,9000,10000,10000
058783,臺股指國票99購02,0,0,0,0,0,0,0,0,0,10000,0,0,0,10000,0,10000,10000
057902,嘉晶永豐98購02  ,0,0,0,0,0,0,0,0,0,10000,0,0,0,10000,0,10000,10000
057894,華通元富02購02  ,0,0,0,0,0,0,0,0,0,10000,0,0,0,10000,0,10000,10000
057882,華通群益9A購03  ,0,0,0,0,0,0,0,0,0,10000,0,0,0,10000,0,10000,10000
057862,智邦凱基99購01  ,0,0,0,0,0,0,0,0,0,10000,0,0,0,10000,0,10000,10000
056317,華通群益99購02  ,0,0,0,0,0,0,0,0,0,10000,0,0,0,10000,0,10000,10000
057820,華擎元大98購02  ,0,0,0,0,0,0,0,0,0,10000,0,0,0,10000,0,10000,10000
056524,欣興中信98購02  ,0,0,0,0,0,0,0,0,0,10000,0,0,0,10000,0,10000,10000
054404,新日興康和96購01,0,0,0,0,0,0,0,0,0,10000,0,0,0,10000,0,10000,10000
057945,京鼎國票99購03  ,0,0,0,0,0,0,0,0,0,10000,0,0,0,10000,0,10000,10000
057946,晶相光國票99購01,0,0,0,0,0,0,0,0,0,10000,0,0,0,10000,0,10000,10000
057969,緯穎國泰99購01  ,0,0,0,0,0,0,0,0,0,10000,0,0,0,10000,0,10000,10000
056424,泰碩統一98購01  ,0,0,0,0,0,0,0,0,0,10000,0,0,0,10000,0,10000,10000
056396,祥碩永豐98購01  ,0,0,0,0,0,0,0,0,0,10000,0,0,0,10000,0,10000,10000
056385,創意國泰99購01  ,0,0,0,0,0,0,0,0,0,10000,0,0,0,10000,0,10000,10000
058397,大成鋼元大99購02,0,0,0,0,0,0,0,0,0,10000,0,0,0,10000,0,10000,10000
058390,樺漢國票9A購01  ,0,0,0,0,0,0,0,0,0,10000,0,0,0,10000,0,10000,10000
058367,大立光凱基9A購01,0,0,0,0,0,0,0,0,0,10000,0,0,0,10000,0,10000,10000
058341,T50反1群益99購01,0,0,0,0,0,0,0,0,0,10000,0,0,0,10000,0,10000,10000
058343,台積電群益99購02,0,0,0,0,0,0,0,0,0,10000,0,0,0,10000,0,10000,10000
058922,聯發科元富03購02,0,0,0,0,0,0,0,0,0,10000,0,0,0,10000,0,10000,10000
058905,京鼎元大99購01  ,0,0,0,0,0,0,0,0,0,10000,0,0,0,10000,0,10000,10000
058046,國巨元大9A購01  ,0,0,0,0,0,0,0,0,0,10000,0,0,0,10000,0,10000,10000
058084,大立光群益98購04,0,0,0,0,0,0,0,0,0,10000,0,0,0,10000,0,10000,10000
058861,國巨凱基9A購08  ,0,0,0,0,0,0,0,0,0,10000,0,0,0,10000,0,10000,10000
058119,華新亞東99購01  ,0,0,0,0,0,0,0,0,0,10000,0,0,0,10000,0,10000,10000
057656,大成鋼兆豐98購01,0,0,0,0,0,0,0,0,0,10000,0,0,0,10000,0,10000,10000
057638,上銀元大99購01  ,0,0,0,0,0,0,0,0,0,10000,0,0,0,10000,0,10000,10000
056960,光罩永豐98購01  ,0,0,0,0,0,0,0,0,0,10000,0,0,0,10000,0,10000,10000
056552,台表科凱基99購01,0,0,0,0,0,0,0,0,0,10000,0,0,0,10000,0,10000,10000
057571,泰碩永豐98購01  ,0,0,0,0,0,0,0,0,0,10000,0,0,0,10000,0,10000,10000
057583,啟碁中信9A購01  ,0,0,0,0,0,0,0,0,0,10000,0,0,0,10000,0,10000,10000
056169,鴻海元富97購08  ,0,0,0,0,0,0,0,0,0,10000,0,0,0,10000,0,10000,10000
056153,華新科凱基97購02,0,0,0,0,0,0,0,0,0,10000,0,0,0,15000,5000,10000,10000
056142,超眾元大97購06  ,0,0,0,0,0,0,0,0,0,10000,0,0,0,10000,0,10000,10000
057529,嘉晶元大99購02  ,0,0,0,0,0,0,0,0,0,10000,0,0,0,10000,0,10000,10000
057087,台郡統一99購01  ,0,0,0,0,0,0,0,0,0,10000,0,0,0,10000,0,10000,10000
057092,健策元富98購01  ,0,0,0,0,0,0,0,0,0,10000,0,0,0,10000,0,10000,10000
057022,智邦凱基98購04  ,0,0,0,0,0,0,0,0,0,10000,0,0,0,10000,0,10000,10000
057018,亞德客凱基98購01,0,0,0,0,0,0,0,0,0,10000,0,0,0,10000,0,10000,10000
05699P,茂林凱基96售05  ,0,0,0,0,0,0,0,0,0,10000,0,0,0,10000,0,10000,10000
056984,嘉晶群益98購01  ,0,0,0,0,0,0,0,0,0,10000,0,0,0,10000,0,10000,10000
056986,超眾群益98購03  ,0,0,0,0,0,0,0,0,0,10000,0,0,0,10000,0,10000,10000
057085,立積統一9B購02  ,0,0,0,0,0,0,0,0,0,10000,0,0,0,10000,0,10000,10000
057141,嘉聯益兆豐99購01,0,0,0,0,0,0,0,0,0,10000,0,0,0,10000,0,10000,10000
057113,祥碩群益98購01  ,0,0,0,0,0,0,0,0,0,10000,0,0,0,10000,0,10000,10000
057191,祥碩元大98購05  ,0,0,0,0,0,0,0,0,0,10000,0,0,0,10000,0,10000,10000
057177,奇力新元大99購04,0,0,0,0,0,0,0,0,0,10000,0,0,0,10000,0,10000,10000
057194,南電元大98購01  ,0,0,0,0,0,0,0,0,0,10000,0,0,0,10000,0,10000,10000
055964,正文元大97購02  ,0,0,0,0,0,0,0,0,0,10000,0,0,0,10000,0,10000,10000
057447,智邦元富02購01  ,0,0,0,0,0,0,0,0,0,10000,0,0,0,10000,0,10000,10000
057450,國泰金元富98購01,0,0,0,0,0,0,0,0,0,10000,0,0,0,10000,0,10000,10000
055304,瑞昱第一98購01  ,0,0,0,0,0,0,0,0,0,10000,0,0,0,10000,0,10000,10000
056008,全新中信9B購01  ,0,0,0,0,0,0,0,0,0,10000,0,0,0,10000,0,10000,10000
056038,可成凱基97購01  ,0,0,0,0,0,0,0,0,0,10000,0,0,0,10000,0,10000,10000
056041,禾伸堂凱基98購03,0,0,0,0,0,0,0,0,0,10000,0,0,0,10000,0,10000,10000
056010,力成中信97購01  ,0,0,0,0,0,0,0,0,0,10000,0,0,0,10000,0,10000,10000
055498,大立光元大97購07,0,0,0,0,0,0,0,0,0,10000,0,0,0,10000,0,10000,10000
055400,緯穎統一97購01  ,0,0,0,0,0,0,0,0,0,10000,0,0,0,10000,0,10000,10000
055408,力成國泰98購01  ,0,0,0,0,0,0,0,0,0,10000,0,0,0,10000,0,10000,10000
055315,晶技麥證97購01  ,0,0,0,10000,0,10000,0,0,0,10000,0,0,0,10000,0,10000,10000
05535P,台積電元大97售06,0,0,0,0,0,0,0,0,0,10000,0,0,0,10000,0,10000,10000
055363,緯穎凱基98購03  ,0,0,0,0,0,0,0,0,0,10000,0,0,0,10000,0,10000,10000
055557,華新科凱基97購01,0,0,0,0,0,0,0,0,0,10000,0,0,0,10000,0,10000,10000
056079,世紀鋼元大97購02,0,0,0,0,0,0,0,0,0,10000,0,0,0,10000,0,10000,10000
056132,台光電元大97購03,0,0,0,0,0,0,0,0,0,10000,0,0,0,10000,0,10000,10000
056103,聯發科永豐97購03,0,0,0,0,0,0,0,0,0,10000,0,0,0,10000,0,10000,10000
055627,亞德客永豐97購02,0,0,0,0,0,0,0,0,0,10000,0,0,0,10000,0,10000,10000
058743,可成康和99購01  ,0,0,0,0,0,0,0,0,0,10000,0,0,0,10000,0,10000,10000
058984,全新凱基9A購03  ,0,0,0,0,0,0,0,0,0,10000,0,0,0,10000,0,10000,10000
058704,台積電元大99購17,0,0,0,0,0,0,0,0,0,10000,0,0,0,10000,0,10000,10000
058679,可成日盛99購01  ,0,0,0,0,0,0,0,0,0,10000,0,0,0,140000,130000,10000,10000
058733,同欣電永豐99購02,0,0,0,0,0,0,0,0,0,10000,0,0,0,10000,0,10000,10000
05573P,仁寶元富96售02  ,0,0,0,0,0,0,0,0,0,10000,0,0,0,10000,0,10000,10000
055720,宏達電元大97購05,0,0,0,0,0,0,0,0,0,10000,0,0,0,30000,20000,10000,10000
059007,南電元大99購05  ,0,0,0,0,0,0,0,0,0,10000,0,0,0,10000,0,10000,10000
055694,光罩國票98購01  ,0,0,0,0,0,0,0,0,0,10000,0,0,0,10000,0,10000,10000
055874,中環元富9A購01  ,0,0,0,0,0,0,0,0,0,10000,0,0,0,10000,0,10000,10000
057389,玉晶光永豐98購06,0,0,0,0,0,0,0,0,0,10000,0,0,0,10000,0,10000,10000
057310,聯發科日盛99購01,0,0,0,0,0,0,0,0,0,10000,0,0,0,40000,30000,10000,10000
057329,緯穎群益98購02  ,0,0,0,0,0,0,0,0,0,10000,0,0,0,10000,0,10000,10000
053345,欣興國票97購02  ,0,0,0,0,0,0,0,0,0,10000,0,0,0,10000,0,10000,10000
053349,台郡國票97購02  ,0,0,0,0,0,0,0,0,0,10000,0,0,0,10000,0,10000,10000
053248,智伸科國票97購01,0,0,0,0,0,0,0,0,0,10000,0,0,0,10000,0,10000,10000
053268,日月光群益96購01,0,0,0,0,0,0,0,0,0,10000,0,0,0,10000,0,10000,10000
052606,聯發科元大97購04,0,0,0,0,0,0,0,0,0,10000,0,0,0,10000,0,10000,10000
052624,微星亞東97購01  ,0,0,0,0,0,0,0,0,0,10000,0,0,0,10000,0,10000,10000
053545,上銀凱基96購03  ,0,0,0,0,0,0,0,0,0,10000,0,0,0,10000,0,10000,10000
052829,上銀群益96購01  ,0,0,0,0,0,0,0,0,0,10000,0,0,0,10000,0,10000,10000
052848,聯發科統一96購03,0,0,0,0,0,0,0,0,0,10000,0,0,0,10000,0,10000,10000
052875,樺漢凱基96購02  ,0,0,0,0,0,0,0,0,0,10000,0,0,0,10000,0,10000,10000
053396,漢唐中信9A購01  ,0,0,0,0,0,0,0,0,0,10000,0,0,0,10000,0,10000,10000
053455,台光電元富96購02,0,0,0,0,0,0,0,0,0,10000,0,0,0,10000,0,10000,10000
053537,玉晶光永豐98購02,0,0,0,0,0,0,0,0,0,10000,0,0,0,10000,0,10000,10000
053483,嘉澤第一96購01  ,0,0,0,0,0,0,0,0,0,10000,0,0,0,10000,0,10000,10000
054232,台積電群益96購12,0,0,0,0,0,0,0,0,0,10000,0,0,0,10000,0,10000,10000
054227,宏達電元富96購02,0,0,0,0,0,0,0,0,0,10000,0,0,0,10000,0,10000,10000
052516,臺股指凱基95購20,10000,0,10000,0,0,0,0,0,0,0,0,0,0,0,0,0,10000
052446,聯發科元大96購03,0,0,0,0,0,0,0,0,0,10000,0,0,0,10000,0,10000,10000
052399,台光電凱基95購03,0,0,0,0,0,0,0,0,0,10000,0,0,0,10000,0,10000,10000
05236P,緯穎康和95售01  ,0,0,0,0,0,0,0,0,0,10000,0,0,0,10000,0,10000,10000
052378,矽力元大96購01  ,0,0,0,0,0,0,0,0,0,10000,0,0,0,10000,0,10000,10000
052383,臺股指元大95購29,0,0,0,0,0,0,0,0,0,10000,0,0,0,10000,0,10000,10000
05238P,禾伸堂永豐95售01,0,0,0,0,0,0,0,0,0,10000,0,0,0,10000,0,10000,10000
052392,台表科群益96購02,0,0,0,0,0,0,0,0,0,10000,0,0,0,10000,0,10000,10000
052276,力成群益96購01  ,0,0,0,0,0,0,0,0,0,10000,0,0,0,10000,0,10000,10000
054094,創意群益96購02  ,0,0,0,0,0,0,0,0,0,10000,0,0,0,10000,0,10000,10000
052523,奇力新元大97購01,0,0,0,0,0,0,0,0,0,10000,0,0,0,10000,0,10000,10000
052531,台積電國泰96購06,0,0,0,0,0,0,0,0,0,10000,0,0,0,10000,0,10000,10000
054262,瀚宇博元大96購03,0,0,0,0,0,0,0,0,0,10000,0,0,0,10000,0,10000,10000
053080,力山元大96購02  ,0,0,0,0,0,0,0,0,0,10000,0,0,0,10000,0,10000,10000
053182,大立光元富96購02,0,0,0,0,0,0,0,0,0,10000,0,0,0,10000,0,10000,10000
052148,康友群益95購03  ,0,0,0,0,0,0,0,0,0,10000,0,0,0,10000,0,10000,10000
052170,台積電元大95購20,0,0,0,0,0,0,0,0,0,10000,0,0,0,10000,0,10000,10000
052113,漢唐中信98購01  ,0,0,0,0,0,0,0,0,0,10000,0,0,0,10000,0,10000,10000
052189,玉晶光群益96購06,0,0,0,0,0,0,0,0,0,10000,0,0,0,10000,0,10000,10000
053972,華新科元大96購06,0,0,0,0,0,0,0,0,0,10000,0,0,0,20000,10000,10000,10000
053974,大立光元大96購10,0,0,0,0,0,0,0,0,0,10000,0,0,0,10000,0,10000,10000
054079,鴻海中信98購02  ,0,0,0,0,0,0,0,0,0,10000,0,0,0,10000,0,10000,10000
053948,大立光富邦99購04,0,0,0,0,0,0,0,0,0,10000,0,0,0,10000,0,10000,10000
053876,可成永昌98購01  ,0,0,0,0,0,0,0,0,0,10000,0,0,0,10000,0,10000,10000
052045,瑞昱凱基96購01  ,0,0,0,0,0,0,0,0,0,10000,0,0,0,10000,0,10000,10000
052010,兆豐金中信95購01,0,0,0,0,0,0,0,0,0,10000,0,0,0,10000,0,10000,10000
051602,南茂兆豐96購01  ,0,0,0,0,0,0,0,0,0,10000,0,0,0,10000,0,10000,10000
051872,矽力凱基96購01  ,0,0,0,0,0,0,0,0,0,10000,0,0,0,10000,0,10000,10000
051969,世紀鋼永豐95購01,0,0,0,0,0,0,0,0,0,10000,0,0,0,20000,10000,10000,10000
052003,泰碩國泰97購02  ,0,0,0,0,0,0,0,0,0,10000,0,0,0,10000,0,10000,10000
051536,玉晶光國票97購01,0,0,0,0,0,0,0,0,0,10000,0,0,0,10000,0,10000,10000
051381,玉晶光群益98購01,0,0,0,0,0,0,0,0,0,10000,0,0,0,10000,0,10000,10000
051361,泰鼎元大95購01  ,0,0,0,0,0,0,0,0,0,10000,0,0,0,10000,0,10000,10000
048642,聯發科元大94購02,0,0,0,0,0,0,0,0,0,10000,0,0,0,10000,0,10000,10000
047521,台積電元大94購03,0,0,0,0,0,0,0,0,0,10000,0,0,0,10000,0,10000,10000
047629,深中小元大96購01,0,0,0,0,0,0,0,0,0,10000,0,0,0,10000,0,10000,10000
049922,禾伸堂元大95購01,0,0,0,0,0,0,0,0,0,10000,0,0,0,10000,0,10000,10000
047383,鴻海元大95購01  ,0,0,0,0,0,0,0,0,0,10000,0,0,0,20000,10000,10000,10000
048331,臺指反富邦97購01,0,0,0,0,0,0,0,0,0,10000,0,0,0,10000,0,10000,10000
048287,嘉晶兆豐94購01  ,0,0,0,0,0,0,0,0,0,10000,0,0,0,10000,0,10000,10000
048810,玉晶光第一94購01,0,0,0,0,0,0,0,0,0,10000,0,0,0,10000,0,10000,10000
048802,聯發科富邦94購03,0,0,0,0,0,0,0,0,0,10000,0,0,0,10000,0,10000,10000
04874P,高股息中信97售01,0,0,0,0,0,0,0,0,0,10000,0,0,0,10000,0,10000,10000
049298,矽格群益95購01  ,0,0,0,0,0,0,0,0,0,10000,0,0,0,10000,0,10000,10000
049160,鴻海第一95購01  ,0,0,0,0,0,0,0,0,0,10000,0,0,0,100000,90000,10000,10000
049174,台積電凱基94購11,0,0,0,0,0,0,0,0,0,10000,0,0,0,10000,0,10000,10000
048892,台郡元富97購01  ,0,0,0,0,0,0,0,0,0,10000,0,0,0,10000,0,10000,10000
049498,茂林元大95購01  ,0,0,0,0,0,0,0,0,0,10000,0,0,0,10000,0,10000,10000
049523,微星兆豐94購02  ,0,0,0,0,0,0,0,0,0,10000,0,0,0,10000,0,10000,10000
049561,道瓊銀統一96購01,0,0,0,0,0,0,0,0,0,10000,0,0,0,10000,0,10000,10000
049408,旺宏日盛94購01  ,0,0,0,0,0,0,0,0,0,10000,0,0,0,10000,0,10000,10000
049362,國巨元大94購04  ,0,0,0,0,0,0,0,0,0,10000,0,0,0,10000,0,10000,10000
049705,緯穎元大94購05  ,0,0,0,0,0,0,0,0,0,10000,0,0,0,10000,0,10000,10000
051731,聯電國票96購02  ,0,0,0,0,0,0,0,0,0,10000,0,0,0,10000,0,10000,10000
050988,廣達富邦95購01  ,0,0,0,0,0,0,0,0,0,10000,0,0,0,10000,0,10000,10000
050983,新光金國泰97購01,0,0,0,0,0,0,0,0,0,10000,0,0,0,10000,0,10000,10000
050969,台郡永豐95購01  ,0,0,0,0,0,0,0,0,0,10000,0,0,0,10000,0,10000,10000
051152,鴻海國泰97購01  ,0,0,0,0,0,0,0,0,0,10000,0,0,0,10000,0,10000,10000
051242,台積電元大96購06,0,0,0,0,0,0,0,0,0,10000,0,0,0,10000,0,10000,10000
051233,力成群益97購01  ,0,0,0,0,0,0,0,0,0,10000,0,0,0,10000,0,10000,10000
051225,台積電群益95購02,0,0,0,0,0,0,0,0,0,10000,0,0,0,10000,0,10000,10000
045172,欣興兆豐94購01  ,0,0,0,0,0,0,0,0,0,10000,0,0,0,10000,0,10000,10000
045428,彩晶凱基94購01  ,0,0,0,0,0,0,0,0,0,10000,0,0,0,10000,0,10000,10000
04553P,S&P正2中信95售01,0,0,0,0,0,0,0,0,0,10000,0,0,0,10000,0,10000,10000
03828P,致茂中信95售01  ,0,0,0,0,0,0,0,0,0,10000,0,0,0,10000,0,10000,10000
046391,上海銀統一94購01,0,0,0,0,0,0,0,0,0,10000,0,0,0,10000,0,10000,10000
046375,友達凱基98購01  ,0,0,0,0,0,0,0,0,0,10000,0,0,0,10000,0,10000,10000
046717,世紀鋼國泰94購01,0,0,0,0,0,0,0,0,0,10000,0,0,0,10000,0,10000,10000
050525,嘉晶元大95購02  ,0,0,0,0,0,0,0,0,0,10000,0,0,0,10000,0,10000,10000
050578,聯發科國票95購03,0,0,0,0,0,0,0,0,0,10000,0,0,0,10000,0,10000,10000
042719,臺指反群益93購01,0,0,0,0,0,0,0,0,0,10000,0,0,0,10000,0,10000,10000
044950,玉晶光群益94購01,0,0,0,0,0,0,0,0,0,10000,0,0,0,10000,0,10000,10000
04495P,台積電國票95售01,0,0,0,0,0,0,0,0,0,10000,0,0,0,10000,0,10000,10000
050727,華新科國票94購09,0,0,0,0,0,0,0,0,0,10000,0,0,0,10000,0,10000,10000
050427,台積電凱基94購34,0,0,0,0,0,0,0,0,0,10000,0,0,0,10000,0,10000,10000
059505,上証2X永豐99購02,0,0,0,0,0,0,0,0,0,10000,0,0,0,10000,0,10000,10000
059599,健策元大9B購02  ,0,0,0,0,0,0,0,0,0,10000,0,0,0,10000,0,10000,10000
059382,台灣50凱基99購02,0,208000,-208000,0,0,0,0,0,0,218000,0,0,0,220000,2000,218000,10000
059392,臺股指凱基99購38,0,0,0,0,0,0,0,0,0,10000,0,0,0,11000,1000,10000,10000
059415,台灣50元大9A購03,0,72000,-72000,0,0,0,0,0,0,82000,0,0,0,115000,33000,82000,10000
059402,台灣50台新99購01,0,0,0,0,0,0,0,0,0,10000,0,0,0,10000,0,10000,10000
07144P,FBVIX元大99售03 ,0,0,0,0,0,0,0,0,0,10000,0,0,0,10000,0,10000,10000
07078P,鴻海群益99售02  ,0,0,0,0,0,0,0,0,0,10000,0,0,0,10000,0,10000,10000
07081P,南電群益9A售01  ,0,0,0,0,0,0,0,0,0,10000,0,0,0,10000,0,10000,10000
07049P,聯發科中信99售03,0,0,0,0,0,0,0,0,0,10000,0,0,0,10000,0,10000,10000
06991P,矽創群益99售01  ,0,0,0,0,0,0,0,0,0,10000,0,0,0,10000,0,10000,10000
07041P,T50反1元大9C售01,0,0,0,0,0,0,0,0,0,10000,0,0,0,10000,0,10000,10000
07023P,南電永豐99售02  ,0,0,0,0,0,0,0,0,0,10000,0,0,0,10000,0,10000,10000
06075P,智邦凱基97售02  ,0,0,0,0,0,0,0,0,0,10000,0,0,0,10000,0,10000,10000
05979P,華新科中信96售02,0,0,0,0,0,0,0,0,0,10000,0,0,0,10000,0,10000,10000
07206P,鴻海凱基9A售11  ,0,0,0,0,0,0,0,0,0,10000,0,0,0,10000,0,10000,10000
6142,友勁            ,68000,0,68000,0,0,0,0,0,0,-58000,0,58000,-58000,0,0,0,10000
057828,緯穎元大99購02  ,0,0,0,0,0,0,0,0,0,9000,0,0,0,9000,0,9000,9000
058776,台積電國票9A購03,0,0,0,0,0,0,0,0,0,9000,0,0,0,9000,0,9000,9000
05722P,玉晶光國票97售03,0,0,0,0,0,0,0,0,0,9000,0,0,0,9000,0,9000,9000
056291,聯茂永豐97購03  ,0,0,0,0,0,0,0,0,0,9000,0,0,0,24000,15000,9000,9000
056846,晶相光元富98購01,0,0,0,0,0,0,0,0,0,9000,0,0,0,9000,0,9000,9000
05464P,華通康和95售02  ,0,0,0,0,0,0,0,0,0,9000,0,0,0,10000,1000,9000,9000
056600,聯茂元富98購01  ,0,0,0,0,0,0,0,0,0,9000,0,0,0,9000,0,9000,9000
06573P,台積電永昌99售02,0,0,0,0,0,0,0,0,0,9000,0,0,0,29000,20000,9000,9000
058940,聯發科中信9A購03,0,0,0,0,0,0,0,0,0,9000,0,0,0,9000,0,9000,9000
058630,日月光國票9A購01,0,0,0,0,0,0,0,0,0,9000,0,0,0,9000,0,9000,9000
054936,鴻海元大97購10  ,0,0,0,0,0,0,0,0,0,9000,0,0,0,10000,1000,9000,9000
05496P,聯詠統一95售04  ,0,0,0,0,0,0,0,0,0,9000,0,0,0,9000,0,9000,9000
04454P,大立光富邦98售02,0,0,0,0,0,0,0,0,0,9000,0,0,0,9000,0,9000,9000
03604P,群創凱基98售05  ,0,0,0,0,0,0,0,0,0,9000,0,0,0,9000,0,9000,9000
05117P,瑞昱群益95售02  ,0,0,0,0,0,0,0,0,0,9000,0,0,0,10000,1000,9000,9000
04963P,鴻海元大94售25  ,0,0,0,0,0,0,0,0,0,9000,0,0,0,55000,46000,9000,9000
049694,華新科元大95購06,0,0,0,0,0,0,0,0,0,9000,0,0,0,9000,0,9000,9000
04763P,臺股指凱基96售05,0,0,0,0,0,0,0,0,0,9000,0,0,0,9000,0,9000,9000
047825,道瓊反元大96購01,0,0,0,0,0,0,0,0,0,9000,0,0,0,13000,4000,9000,9000
051503,玉晶光統一97購01,0,0,0,0,0,0,0,0,0,9000,0,0,0,10000,1000,9000,9000
051484,玉晶光凱基97購01,0,0,0,0,0,0,0,0,0,9000,0,0,0,9000,0,9000,9000
053784,奇力新元大97購02,0,0,0,0,0,0,0,0,0,9000,0,0,0,9000,0,9000,9000
054259,健策元大97購03  ,0,0,0,0,0,0,0,0,0,9000,0,0,0,9000,0,9000,9000
052555,漢唐國票97購01  ,0,0,0,0,0,0,0,0,0,9000,0,0,0,9000,0,9000,9000
054111,緯穎凱基97購01  ,0,0,0,0,0,0,0,0,0,9000,0,0,0,13000,4000,9000,9000
052421,元油反國票9B購01,0,0,0,0,0,0,0,0,0,9000,0,0,0,9000,0,9000,9000
053432,世紀鋼永豐96購02,0,0,0,0,0,0,0,0,0,9000,0,0,0,19000,10000,9000,9000
057392,福懋科永豐98購01,0,0,0,0,0,0,0,0,0,9000,0,0,0,9000,0,9000,9000
055753,貿聯第一98購01  ,0,0,0,0,0,0,0,0,0,9000,0,0,0,10000,1000,9000,9000
8473,山林水          ,16000,7000,9000,0,0,0,0,0,0,0,0,0,0,0,0,0,9000
08714P,華碩元富01售03  ,0,0,0,0,0,0,0,0,0,9000,0,0,0,9000,0,9000,9000
1529,樂士            ,2000,1000,1000,0,0,0,0,0,0,8000,8000,0,8000,0,0,0,9000
2466,冠西電          ,15000,6000,9000,0,0,0,0,0,0,0,0,0,0,0,0,0,9000
06970P,旺宏元大99售08  ,0,0,0,0,0,0,0,0,0,9000,0,0,0,28000,19000,9000,9000
06809P,電子類群益98售03,0,0,0,0,0,0,0,0,0,9000,0,0,0,9000,0,9000,9000
059517,茂林永豐99購02  ,0,0,0,0,0,0,0,0,0,9000,0,0,0,9000,0,9000,9000
059456,智易永豐99購01  ,0,0,0,0,0,0,0,0,0,9000,0,0,0,9000,0,9000,9000
059114,華新科永豐99購05,0,0,0,0,0,0,0,0,0,8000,0,0,0,30000,22000,8000,8000
06310P,精元元富97售02  ,0,0,0,0,0,0,0,0,0,8000,0,0,0,8000,0,8000,8000
06460P,亞德客元富98售02,0,0,0,0,0,0,0,0,0,8000,0,0,0,8000,0,8000,8000
059232,台灣50凱基03購01,0,0,0,0,0,0,0,0,0,8000,0,0,0,8000,0,8000,8000
059200,京鼎永豐99購02  ,0,0,0,0,0,0,0,0,0,8000,0,0,0,8000,0,8000,8000
056598,京元電元富98購01,0,0,0,0,0,0,0,0,0,8000,0,0,0,8000,0,8000,8000
055014,達興元富97購01  ,0,0,0,0,0,0,0,0,0,8000,0,0,0,8000,0,8000,8000
055022,精元國泰99購01  ,0,0,0,0,0,0,0,0,0,8000,0,0,0,8000,0,8000,8000
056644,宏達電凱基98購04,0,0,0,0,0,0,0,0,0,8000,0,0,0,8000,0,8000,8000
056286,奇鋐永豐97購01  ,0,0,0,0,0,0,0,0,0,8000,0,0,0,8000,0,8000,8000
057240,茂林凱基9A購01  ,0,0,0,0,0,0,0,0,0,8000,0,0,0,8000,0,8000,8000
056358,友訊元大99購01  ,0,0,0,0,0,0,0,0,0,8000,0,0,0,8000,0,8000,8000
058827,聯發科永豐9A購01,0,0,0,0,0,0,0,0,0,8000,0,0,0,8000,0,8000,8000
057886,聯詠群益98購01  ,0,0,0,0,0,0,0,0,0,8000,0,0,0,8000,0,8000,8000
058852,貿聯群益99購04  ,0,0,0,0,0,0,0,0,0,8000,0,0,0,8000,0,8000,8000
056015,華通群益99購01  ,0,0,0,0,0,0,0,0,0,8000,0,0,0,8000,0,8000,8000
055313,南電群益97購01  ,0,0,0,0,0,0,0,0,0,8000,0,0,0,8000,0,8000,8000
057154,易華電國泰99購01,0,0,0,0,0,0,0,0,0,8000,0,0,0,8000,0,8000,8000
057576,南亞科第一9C購01,0,0,0,0,0,0,0,0,0,8000,0,0,0,8000,0,8000,8000
057579,長榮航中信9A購01,0,0,0,0,0,0,0,0,0,8000,0,0,0,8000,0,8000,8000
057648,和碩元大98購01  ,0,0,0,0,0,0,0,0,0,8000,0,0,0,8000,0,8000,8000
052873,新唐凱基96購02  ,0,0,0,0,0,0,0,0,0,8000,0,0,0,8000,0,8000,8000
052693,微星中信96購01  ,0,0,0,0,0,0,0,0,0,8000,0,0,0,8000,0,8000,8000
052406,力成凱基95購03  ,0,0,0,0,0,0,0,0,0,8000,0,0,0,48000,40000,8000,8000
052428,嘉晶永豐95購01  ,0,0,0,0,0,0,0,0,0,8000,0,0,0,53000,45000,8000,8000
05308P,台積電中信95售08,0,0,0,0,0,0,0,0,0,8000,0,0,0,8000,0,8000,8000
053950,緯穎富邦97購02  ,0,0,0,0,0,0,0,0,0,8000,0,0,0,8000,0,8000,8000
054064,台郡國票97購04  ,0,0,0,0,0,0,0,0,0,8000,0,0,0,8000,0,8000,8000
04782P,智伸科統一96售01,0,0,0,0,0,0,0,0,0,8000,0,0,0,8000,0,8000,8000
04863P,技嘉元大94售02  ,0,0,0,0,0,0,0,0,0,8000,0,0,0,8000,0,8000,8000
048832,玉晶光凱基95購02,0,0,0,0,0,0,0,0,0,8000,0,0,0,48000,40000,8000,8000
051239,國巨元大96購02  ,0,0,0,0,0,0,0,0,0,8000,0,0,0,8000,0,8000,8000
03618C,高股息凱基95牛01,0,0,0,0,0,0,0,0,0,8000,0,0,0,8000,0,8000,8000
041527,T50反1中信96購01,0,0,0,0,0,0,0,0,0,8000,0,0,0,8000,0,8000,8000
045753,大立光國泰94購02,0,0,0,0,0,0,0,0,0,8000,0,0,0,39000,31000,8000,8000
059538,健策凱基99購03  ,0,0,0,0,0,0,0,0,0,8000,0,0,0,8000,0,8000,8000
06812P,台灣50元富9C售01,0,0,0,0,0,0,0,0,0,8000,0,0,0,8000,0,8000,8000
06996P,臺股指凱基99售17,0,0,0,0,0,0,0,0,0,8000,0,0,0,8000,0,8000,8000
07125P,台積電元大99售22,0,0,0,0,0,0,0,0,0,8000,0,0,0,8000,0,8000,8000
2239,英利-KY         ,28000,20000,8000,0,0,0,0,0,0,0,0,0,0,0,0,0,8000
1442,名軒            ,69000,60000,9000,0,0,0,0,0,0,-1000,0,1000,-1000,0,0,0,8000
07205P,鴻海凱基99售11  ,0,0,0,0,0,0,0,0,0,8000,0,0,0,9000,1000,8000,8000
4999,鑫禾            ,15000,3000,12000,0,0,0,0,0,0,-4000,0,4000,-4000,0,0,0,8000
3167,大量            ,25000,16000,9000,0,0,0,0,0,0,-1000,0,1000,-1000,0,0,0,8000
4976,佳凌            ,62143,55000,7143,0,0,0,0,0,0,0,0,0,0,0,0,0,7143
05547P,群創元大96售03  ,0,0,0,0,0,0,0,0,0,7000,0,0,0,20000,13000,7000,7000
058059,晶技元富98購01  ,0,0,0,0,0,0,0,0,0,7000,0,0,0,7000,0,7000,7000
058396,力山元大99購01  ,0,0,0,0,0,0,0,0,0,7000,0,0,0,7000,0,7000,7000
056414,國巨中信98購02  ,0,0,0,0,0,0,0,0,0,7000,0,0,0,7000,0,7000,7000
057791,可成統一99購01  ,0,0,0,0,0,0,0,0,0,7000,0,0,0,7000,0,7000,7000
055083,康友中信97購01  ,0,0,0,0,0,0,0,0,0,7000,0,0,0,7000,0,7000,7000
054718,可成永豐97購01  ,0,0,0,0,0,0,0,0,0,7000,0,0,0,78000,71000,7000,7000
058545,義隆富邦9C購01  ,0,0,0,0,0,0,0,0,0,7000,0,0,0,7000,0,7000,7000
059190,欣興富邦9A購01  ,0,0,0,0,0,0,0,0,0,7000,0,0,0,7000,0,7000,7000
059270,台灣50元大01購03,0,0,0,0,0,0,0,0,0,7000,0,0,0,7000,0,7000,7000
06500P,臺股指元大9A售05,0,0,0,0,0,0,0,0,0,7000,0,0,0,7000,0,7000,7000
059036,可成群益9B購03  ,0,0,0,0,0,0,0,0,0,7000,0,0,0,10000,3000,7000,7000
055184,群創統一98購02  ,0,0,0,0,0,0,0,0,0,7000,0,0,0,7000,0,7000,7000
046145,矽力元富95購01  ,0,0,0,0,0,0,0,0,0,7000,0,0,0,7000,0,7000,7000
03832P,臺股指中信95售03,0,0,0,0,0,0,0,0,0,7000,0,0,0,7000,0,7000,7000
050055,道瓊反凱基95購01,0,0,0,0,0,0,0,0,0,7000,0,0,0,7000,0,7000,7000
051745,玉晶光國泰97購06,0,0,0,0,0,0,0,0,0,7000,0,0,0,7000,0,7000,7000
051665,台積電元大96購07,0,0,0,0,0,0,0,0,0,7000,0,0,0,7000,0,7000,7000
051618,智邦凱基95購06  ,0,0,0,0,0,0,0,0,0,7000,0,0,0,7000,0,7000,7000
049063,緯穎日盛94購01  ,0,0,0,0,0,0,0,0,0,7000,0,0,0,10000,3000,7000,7000
048262,台積電元富94購01,0,0,0,0,0,0,0,0,0,7000,0,0,0,7000,0,7000,7000
048574,台積電國泰95購02,0,0,0,0,0,0,0,0,0,7000,0,0,0,7000,0,7000,7000
051926,聯電中信97購01  ,0,0,0,0,0,0,0,0,0,7000,0,0,0,7000,0,7000,7000
053181,滬深2X元富99購02,0,0,0,0,0,0,0,0,0,7000,0,0,0,7000,0,7000,7000
054381,世芯群益98購01  ,0,0,0,0,0,0,0,0,0,7000,0,0,0,7000,0,7000,7000
05271P,國巨富邦97售01  ,0,4000,-4000,0,0,0,0,0,0,11000,0,0,0,11000,0,11000,7000
053378,台積電元大98購02,0,0,0,0,0,0,0,0,0,7000,0,0,0,7000,0,7000,7000
058960,臺股指國票99購05,0,0,0,0,0,0,0,0,0,7000,0,0,0,7000,0,7000,7000
4725,信昌化          ,154000,147000,7000,0,0,0,0,0,0,0,0,0,0,0,0,0,7000
4155,訊映            ,78000,79000,-1000,0,0,0,0,0,0,8000,8000,0,8000,0,0,0,7000
4526,東台            ,38000,31000,7000,0,0,0,0,0,0,0,0,0,0,0,0,0,7000
8367,建新國際        ,11000,4000,7000,0,0,0,0,0,0,0,0,0,0,0,0,0,7000
1737,臺鹽            ,50000,43000,7000,0,0,0,0,0,0,0,0,0,0,0,0,0,7000
2616,山隆            ,18000,11000,7000,0,0,0,0,0,0,0,0,0,0,0,0,0,7000
07031P,台灣50中信03售02,0,0,0,0,0,0,0,0,0,7000,0,0,0,7000,0,7000,7000
05971P,世紀鋼永豐96售04,0,0,0,0,0,0,0,0,0,7000,0,0,0,7000,0,7000,7000
06866P,聯發科元大98售13,0,0,0,0,0,0,0,0,0,7000,0,0,0,180000,173000,7000,7000
059443,嘉聯益元大9B購01,0,0,0,0,0,0,0,0,0,7000,0,0,0,10000,3000,7000,7000
1609,大亞            ,610480,589880,20600,0,0,0,0,0,0,-14000,0,14000,-14000,0,0,0,6600
01004T,土銀富邦R2      ,7385,1000,6385,0,0,0,0,0,0,0,0,0,0,0,0,0,6385
01007T,兆豐國泰R2      ,6216,0,6216,0,0,0,0,0,0,0,0,0,0,0,0,0,6216
059023,可成統一9B購02  ,0,0,0,0,0,0,0,0,0,6000,0,0,0,11000,5000,6000,6000
054905,國揚康和97購01  ,0,0,0,0,0,0,0,0,0,6000,0,0,0,6000,0,6000,6000
059120,致伸永豐99購01  ,0,0,0,0,0,0,0,0,0,6000,0,0,0,6000,0,6000,6000
059129,麗豐中信99購01  ,0,0,0,0,0,0,0,0,0,6000,0,0,0,6000,0,6000,6000
06307P,聚陽元富97售02  ,0,0,0,0,0,0,0,0,0,6000,0,0,0,11000,5000,6000,6000
059271,台灣50元大01購05,0,0,0,0,0,0,0,0,0,6000,0,0,0,6000,0,6000,6000
06170P,禾伸堂元富97售02,0,0,0,0,0,0,0,0,0,6000,0,0,0,6000,0,6000,6000
059161,鴻海凱基9A購09  ,0,0,0,0,0,0,0,0,0,6000,0,0,0,21000,15000,6000,6000
059211,鴻海元大99購27  ,0,0,0,0,0,0,0,0,0,6000,0,0,0,9000,3000,6000,6000
056557,世紀鋼凱基98購02,0,0,0,0,0,0,0,0,0,6000,0,0,0,28000,22000,6000,6000
056664,上証反中信9B購01,0,0,0,0,0,0,0,0,0,6000,0,0,0,6000,0,6000,6000
055018,緯穎元富97購02  ,0,0,0,0,0,0,0,0,0,6000,0,0,0,6000,0,6000,6000
056891,國巨元大99購03  ,0,0,0,0,0,0,0,0,0,6000,0,0,0,6000,0,6000,6000
058261,大立光富邦03購01,0,0,0,0,0,0,0,0,0,6000,0,0,0,6000,0,6000,6000
057750,神達國票99購01  ,0,0,0,0,0,0,0,0,0,6000,0,0,0,6000,0,6000,6000
057868,大立光凱基98購18,0,0,0,0,0,0,0,0,0,6000,0,0,0,22000,16000,6000,6000
057856,聯鈞國票99購03  ,0,0,0,0,0,0,0,0,0,6000,0,0,0,7000,1000,6000,6000
058834,GIS永豐99購01   ,0,0,0,0,0,0,0,0,0,6000,0,0,0,6000,0,6000,6000
055653,聯詠元富01購02  ,0,0,0,0,0,0,0,0,0,6000,0,0,0,6000,0,6000,6000
055584,國巨元大97購11  ,0,0,0,0,0,0,0,0,0,6000,0,0,0,6000,0,6000,6000
057429,華新科兆豐98購03,0,0,0,0,0,0,0,0,0,6000,0,0,0,16000,10000,6000,6000
057489,奇力新元大99購06,0,0,0,0,0,0,0,0,0,6000,0,0,0,6000,0,6000,6000
057693,臺股指凱基98購11,0,0,0,0,0,0,0,0,0,6000,0,0,0,6000,0,6000,6000
057146,技嘉國票98購01  ,0,0,0,0,0,0,0,0,0,6000,0,0,0,6000,0,6000,6000
057211,鴻海群益98購05  ,0,0,0,0,0,0,0,0,0,6000,0,0,0,22000,16000,6000,6000
056982,華新科群益98購05,0,0,0,0,0,0,0,0,0,6000,0,0,0,6000,0,6000,6000
03765P,大立光元富96售01,0,0,0,0,0,0,0,0,0,6000,0,0,0,6000,0,6000,6000
050081,聯發科統一94購07,0,0,0,0,0,0,0,0,0,6000,0,0,0,6000,0,6000,6000
050569,英業達中信94購01,0,0,0,0,0,0,0,0,0,6000,0,0,0,6000,0,6000,6000
048628,T50反1元大96購03,0,0,0,0,0,0,0,0,0,6000,0,0,0,6000,0,6000,6000
04979P,臺股指凱基96售07,0,0,0,0,0,0,0,0,0,6000,0,0,0,6000,0,6000,6000
04981P,華新科亞東94售01,0,0,0,0,0,0,0,0,0,6000,0,0,0,6000,0,6000,6000
049896,聯發科統一94購06,0,0,0,0,0,0,0,0,0,6000,0,0,0,6000,0,6000,6000
04932P,香港2X中信96售01,0,0,0,0,0,0,0,0,0,6000,0,0,0,6000,0,6000,6000
051789,嘉澤國票96購01  ,0,0,0,0,0,0,0,0,0,6000,0,0,0,16000,10000,6000,6000
049695,新光金元大9A購01,0,0,0,0,0,0,0,0,0,6000,0,0,0,6000,0,6000,6000
05086P,鴻海凱基95售13  ,0,0,0,0,0,0,0,0,0,6000,0,0,0,6000,0,6000,6000
058961,台灣50兆豐9C購01,0,0,0,0,0,0,0,0,0,6000,0,0,0,16000,10000,6000,6000
058970,鴻海永豐99購02  ,0,0,0,0,0,0,0,0,0,6000,0,0,0,6000,0,6000,6000
057414,華新科日盛9A購01,0,0,0,0,0,0,0,0,0,6000,0,0,0,6000,0,6000,6000
052854,聯詠日盛96購01  ,0,0,0,0,0,0,0,0,0,6000,0,0,0,6000,0,6000,6000
052682,上銀元大97購01  ,0,0,0,0,0,0,0,0,0,6000,0,0,0,10000,4000,6000,6000
053045,國巨中信97購01  ,0,0,0,0,0,0,0,0,0,6000,0,0,0,6000,0,6000,6000
052223,聯電凱基96購02  ,0,0,0,0,0,0,0,0,0,6000,0,0,0,92000,86000,6000,6000
052237,嘉澤國票96購02  ,0,0,0,0,0,0,0,0,0,6000,0,0,0,6000,0,6000,6000
052345,矽力凱基95購01  ,0,0,0,0,0,0,0,0,0,6000,0,0,0,6000,0,6000,6000
053782,京元電元大98購02,0,0,0,0,0,0,0,0,0,6000,0,0,0,6000,0,6000,6000
052006,康友富邦98購01  ,0,0,0,0,0,0,0,0,0,6000,0,0,0,6000,0,6000,6000
1732,毛寶            ,313000,307000,6000,0,0,0,0,0,0,0,1000,1000,0,0,0,0,6000
1232,大統益          ,17000,11000,6000,0,0,0,0,0,0,0,0,0,0,0,0,0,6000
8480,泰昇-KY         ,11000,5000,6000,0,0,0,0,0,0,0,0,0,0,0,0,0,6000
4557,永新-KY         ,7000,1000,6000,0,0,0,0,0,0,0,0,0,0,0,0,0,6000
056969,智易永豐98購01  ,0,0,0,0,0,0,0,0,0,5000,0,0,0,5000,0,5000,5000
056976,喬山群益98購01  ,0,0,0,0,0,0,0,0,0,5000,0,0,0,5000,0,5000,5000
057013,聯發科麥證98購01,0,0,0,0,10000,-10000,0,0,0,5000,0,0,0,25000,20000,5000,5000
05755P,臺股指中信99售04,0,0,0,0,0,0,0,0,0,5000,0,0,0,5000,0,5000,5000
056145,緯穎元大98購03  ,0,0,0,0,0,0,0,0,0,5000,0,0,0,12000,7000,5000,5000
05748P,臺股指群益99售02,0,0,0,0,0,0,0,0,0,5000,0,0,0,5000,0,5000,5000
055961,國泰金元大97購01,0,0,0,0,0,0,0,0,0,5000,0,0,0,5000,0,5000,5000
057466,泰鼎永豐98購01  ,0,0,0,0,0,0,0,0,0,5000,0,0,0,5000,0,5000,5000
057459,臺股指富邦99購03,0,0,0,0,0,0,0,0,0,5000,0,0,0,5000,0,5000,5000
055330,上銀兆豐98購02  ,0,0,0,0,0,0,0,0,0,5000,0,0,0,5000,0,5000,5000
056044,同欣電凱基97購03,0,0,0,0,0,0,0,0,0,5000,0,0,0,5000,0,5000,5000
055976,台積電統一99購03,0,0,0,0,0,0,0,0,0,5000,0,0,0,5000,0,5000,5000
055571,鴻海統一97購03  ,0,0,0,0,0,0,0,0,0,5000,0,0,0,5000,0,5000,5000
055358,臻鼎凱基97購01  ,0,0,0,0,0,0,0,0,0,5000,0,0,0,5000,0,5000,5000
055395,泰鼎統一97購01  ,0,0,0,0,0,0,0,0,0,5000,0,0,0,10000,5000,5000,5000
056339,聯發科凱基99購02,0,0,0,0,0,0,0,0,0,5000,0,0,0,5000,0,5000,5000
056360,智邦元大98購01  ,0,0,0,0,0,0,0,0,0,5000,0,0,0,5000,0,5000,5000
058768,南港兆豐99購01  ,0,0,0,0,0,0,0,0,0,5000,0,0,0,15000,10000,5000,5000
058789,喬山元大99購02  ,0,0,0,0,0,0,0,0,0,5000,0,0,0,10000,5000,5000,5000
058796,可成元大99購04  ,0,0,0,0,0,0,0,0,0,5000,0,0,0,24000,19000,5000,5000
057852,國巨國票99購05  ,0,0,0,0,0,0,0,0,0,5000,0,0,0,5000,0,5000,5000
057891,華新科統一9A購01,0,0,0,0,0,0,0,0,0,5000,0,0,0,5000,0,5000,5000
057823,神達元大98購01  ,0,0,0,0,0,0,0,0,0,5000,0,0,0,5000,0,5000,5000
056318,鴻海群益98購02  ,0,0,0,0,0,0,0,0,0,5000,0,0,0,5000,0,5000,5000
056330,玉晶光國票99購03,0,0,0,0,0,0,0,0,0,5000,0,0,0,5000,0,5000,5000
057224,和碩日盛9A購01  ,0,0,0,0,0,0,0,0,0,5000,0,0,0,5000,0,5000,5000
057798,貿聯兆豐99購01  ,0,0,0,0,0,0,0,0,0,5000,0,0,0,5000,0,5000,5000
057809,英業達元大98購01,0,0,0,0,0,0,0,0,0,5000,0,0,0,10000,5000,5000,5000
057771,鴻海群益99購01  ,0,0,0,0,0,0,0,0,0,5000,0,0,0,5000,0,5000,5000
057760,聯發科凱基98購18,0,0,0,0,0,0,0,0,0,5000,0,0,0,5000,0,5000,5000
056262,台積電統一98購04,0,0,0,0,0,0,0,0,0,5000,0,0,0,55000,50000,5000,5000
056293,上銀元大97購10  ,0,0,0,0,0,0,0,0,0,5000,0,0,0,5000,0,5000,5000
056435,台積電凱基98購09,0,0,0,0,0,0,0,0,0,5000,0,0,0,5000,0,5000,5000
056458,日月光凱基98購02,0,0,0,0,0,0,0,0,0,5000,0,0,0,5000,0,5000,5000
058036,南電永豐98購01  ,0,0,0,0,0,0,0,0,0,5000,0,0,0,5000,0,5000,5000
056484,聯茂元大98購02  ,0,0,0,0,0,0,0,0,0,5000,0,0,0,5000,0,5000,5000
056488,致新元大99購01  ,0,0,0,0,0,0,0,0,0,5000,0,0,0,5000,0,5000,5000
058366,元大金凱基99購01,0,0,0,0,0,0,0,0,0,5000,0,0,0,5000,0,5000,5000
058361,美律凱基99購06  ,0,0,0,0,0,0,0,0,0,5000,0,0,0,5000,0,5000,5000
058900,旺宏元大99購11  ,0,0,0,0,0,0,0,0,0,5000,0,0,0,5000,0,5000,5000
058331,鴻海元富99購02  ,0,0,0,0,0,0,0,0,0,5000,0,0,0,5000,0,5000,5000
058065,南亞科亞東99購01,0,0,0,0,0,0,0,0,0,5000,0,0,0,5000,0,5000,5000
058093,神達元大9A購01  ,0,0,0,0,0,0,0,0,0,5000,0,0,0,5000,0,5000,5000
058258,世芯國泰9A購01  ,0,0,0,0,0,0,0,0,0,5000,0,0,0,5000,0,5000,5000
058184,鴻海永豐99購01  ,0,0,0,0,0,0,0,0,0,5000,0,0,0,5000,0,5000,5000
058205,神達凱基9B購01  ,0,0,0,0,0,0,0,0,0,5000,0,0,0,5000,0,5000,5000
056892,旺宏元大9A購02  ,0,0,0,0,0,0,0,0,0,5000,0,0,0,5000,0,5000,5000
056821,日電貿永豐98購01,0,0,0,0,0,0,0,0,0,5000,0,0,0,5000,0,5000,5000
058144,聯茂元大99購02  ,0,0,0,0,0,0,0,0,0,5000,0,0,0,5000,0,5000,5000
056907,群創元大9C購04  ,0,0,0,0,0,0,0,0,0,5000,0,0,0,5000,0,5000,5000
054759,台化國票98購01  ,0,0,0,0,0,0,0,0,0,5000,0,0,0,5000,0,5000,5000
054768,泰碩國票99購02  ,0,0,0,0,0,0,0,0,0,5000,0,0,0,5000,0,5000,5000
05477P,華新科群益95售06,0,0,0,0,0,0,0,0,0,5000,0,0,0,5000,0,5000,5000
056651,聯茂凱基98購04  ,0,0,0,0,0,0,0,0,0,5000,0,0,0,5000,0,5000,5000
056745,聯茂凱基99購03  ,0,0,0,0,0,0,0,0,0,5000,0,0,0,5000,0,5000,5000
056560,旺宏群益98購03  ,0,0,0,0,0,0,0,0,0,5000,0,0,0,5000,0,5000,5000
056614,智邦永豐98購01  ,0,0,0,0,0,0,0,0,0,5000,0,0,0,5000,0,5000,5000
056632,鴻海永昌98購01  ,0,0,0,0,0,0,0,0,0,5000,0,0,0,10000,5000,5000,5000
056634,為升兆豐99購01  ,25000,20000,5000,0,0,0,0,0,0,0,0,0,0,0,0,0,5000
054630,聯鈞凱基98購01  ,0,0,0,0,0,0,0,0,0,5000,0,0,0,5000,0,5000,5000
05461P,台積電亞東97售01,0,0,0,0,0,0,0,0,0,5000,0,0,0,5000,0,5000,5000
058546,玉晶光富邦9B購01,0,0,0,0,0,0,0,0,0,5000,0,0,0,5000,0,5000,5000
054461,台積電凱基97購09,0,0,0,0,0,0,0,0,0,5000,0,0,0,5000,0,5000,5000
05443P,宏達電元大95售05,0,0,0,0,0,0,0,0,0,5000,0,0,0,20000,15000,5000,5000
058431,國巨統一9B購01  ,0,0,0,0,0,0,0,0,0,5000,0,0,0,5000,0,5000,5000
059235,鴻海凱基99購08  ,0,0,0,0,0,0,0,0,0,5000,0,0,0,46000,41000,5000,5000
059226,臺股指元大99購19,0,0,0,0,0,0,0,0,0,5000,0,0,0,5000,0,5000,5000
059247,可成凱基99購05  ,0,0,0,0,0,0,0,0,0,5000,0,0,0,5000,0,5000,5000
06326P,鴻海中信01售01  ,0,0,0,0,0,0,0,0,0,5000,0,0,0,5000,0,5000,5000
06211P,鴻海元大98售04  ,0,0,0,0,0,0,0,0,0,5000,0,0,0,5000,0,5000,5000
06270P,致伸凱基97售03  ,0,0,0,0,0,0,0,0,0,5000,0,0,0,5000,0,5000,5000
06640P,國巨兆豐99售02  ,0,0,0,0,0,0,0,0,0,5000,0,0,0,5000,0,5000,5000
059032,元石油群益9C購03,0,0,0,0,0,0,0,0,0,5000,0,0,0,5000,0,5000,5000
054951,大毅元大97購01  ,0,0,0,0,0,0,0,0,0,5000,0,0,0,5000,0,5000,5000
055214,聯電凱基97購02  ,0,0,0,0,0,0,0,0,0,5000,0,0,0,5000,0,5000,5000
058313,台積電富邦9B購04,0,0,0,0,0,0,0,0,0,5000,0,0,0,5000,0,5000,5000
053960,晶技永豐96購02  ,0,0,0,0,0,0,0,0,0,5000,0,0,0,5000,0,5000,5000
052078,大立光元富95購10,0,0,0,0,0,0,0,0,0,5000,0,0,0,5000,0,5000,5000
053787,健策元大97購02  ,0,0,0,0,0,0,0,0,0,5000,0,0,0,5000,0,5000,5000
053885,全新兆豐96購01  ,0,0,0,0,0,0,0,0,0,5000,0,0,0,5000,0,5000,5000
053886,亞光兆豐96購01  ,0,0,0,0,0,0,0,0,0,5000,0,0,0,5000,0,5000,5000
051482,玉晶光凱基96購01,0,0,0,0,0,0,0,0,0,5000,0,0,0,5000,0,5000,5000
05142P,華新科台新95售01,0,0,0,0,0,0,0,0,0,5000,0,0,0,5000,0,5000,5000
051348,國巨元大95購07  ,0,0,0,0,0,0,0,0,0,5000,0,0,0,190000,185000,5000,5000
051354,聯發科元大95購09,0,0,0,0,0,0,0,0,0,5000,0,0,0,5000,0,5000,5000
05126P,牧德群益95售01  ,0,0,0,0,0,0,0,0,0,5000,0,0,0,5000,0,5000,5000
052386,鴻海群益96購02  ,0,0,0,0,0,0,0,0,0,5000,0,0,0,5000,0,5000,5000
052279,旺宏凱基95購07  ,0,0,0,0,0,0,0,0,0,5000,0,0,0,5000,0,5000,5000
052453,崇越元大95購01  ,0,0,0,0,0,0,0,0,0,5000,0,0,0,105000,100000,5000,5000
052491,泰碩國票99購01  ,0,0,0,0,0,0,0,0,0,5000,0,0,0,5000,0,5000,5000
052501,茂林永豐95購04  ,0,0,0,0,0,0,0,0,0,5000,0,0,0,5000,0,5000,5000
053088,奇鋐元大98購01  ,0,0,0,0,0,0,0,0,0,5000,0,0,0,5000,0,5000,5000
053245,全新國票97購01  ,0,0,0,0,0,0,0,0,0,5000,0,0,0,5000,0,5000,5000
052594,友訊群益98購01  ,0,0,0,0,0,0,0,0,0,5000,0,0,0,5000,0,5000,5000
054349,同欣電國票97購02,0,0,0,0,0,0,0,0,0,5000,0,0,0,5000,0,5000,5000
052541,大立光統一95購06,0,0,0,0,0,0,0,0,0,5000,0,0,0,5000,0,5000,5000
054282,泰鼎群益98購02  ,0,0,0,0,0,0,0,0,0,5000,0,0,0,5000,0,5000,5000
052937,國巨兆豐97購01  ,0,0,0,0,0,0,0,0,0,5000,0,0,0,5000,0,5000,5000
052928,美律元大98購01  ,0,0,0,0,0,0,0,0,0,5000,0,0,0,5000,0,5000,5000
052933,祥碩元大96購01  ,0,0,0,0,0,0,0,0,0,5000,0,0,0,5000,0,5000,5000
052839,上海銀國泰97購01,0,0,0,0,0,0,0,0,0,5000,0,0,0,5000,0,5000,5000
052804,淘帝元大96購01  ,0,0,0,0,0,0,0,0,0,5000,0,0,0,5000,0,5000,5000
053370,上証2X元大97購03,0,0,0,0,0,0,0,0,0,5000,0,0,0,5000,0,5000,5000
057380,技嘉國泰9A購01  ,0,0,0,0,0,0,0,0,0,5000,0,0,0,5000,0,5000,5000
057369,奇力新元大99購05,0,0,0,0,0,0,0,0,0,5000,0,0,0,5000,0,5000,5000
055830,上銀元大97購07  ,0,0,0,0,0,0,0,0,0,5000,0,0,0,5000,0,5000,5000
05590P,臺股指中信96售05,0,0,0,0,0,0,0,0,0,5000,0,0,0,5000,0,5000,5000
058988,大立光凱基9A購02,0,0,0,0,0,0,0,0,0,5000,0,0,0,5000,0,5000,5000
058737,鴻海第一01購01  ,0,0,0,0,0,0,0,0,0,5000,0,0,0,5000,0,5000,5000
055680,美律凱基99購01  ,0,0,0,0,0,0,0,0,0,5000,0,0,0,5000,0,5000,5000
055683,晶技凱基99購01  ,0,0,0,0,0,0,0,0,0,5000,0,0,0,5000,0,5000,5000
05080P,亞光永豐95售02  ,0,0,0,0,0,0,0,0,0,5000,0,0,0,5000,0,5000,5000
053654,聯發科凱基98購01,0,0,0,0,0,0,0,0,0,5000,0,0,0,5000,0,5000,5000
053685,台積電元大96購18,0,0,0,0,0,0,0,0,0,5000,0,0,0,5000,0,5000,5000
051176,聯發科凱基95購07,0,0,0,0,0,0,0,0,0,5000,0,0,0,5000,0,5000,5000
051157,華新科富邦98購01,0,0,0,0,0,0,0,0,0,5000,0,0,0,5000,0,5000,5000
051100,同欣電元大95購01,0,0,0,0,0,0,0,0,0,5000,0,0,0,5000,0,5000,5000
051128,台表科群益95購02,0,0,0,0,0,0,0,0,0,5000,0,0,0,5000,0,5000,5000
049383,健策元大95購01  ,0,0,0,0,0,0,0,0,0,5000,0,0,0,5000,0,5000,5000
051738,全新國票96購02  ,0,0,0,0,0,0,0,0,0,5000,0,0,0,5000,0,5000,5000
053605,臺股指永昌96購01,0,0,0,0,0,0,0,0,0,5000,0,0,0,5000,0,5000,5000
049072,台積電凱基94購08,0,0,0,0,0,0,0,0,0,5000,0,0,0,5000,0,5000,5000
048221,鴻海凱基95購01  ,0,0,0,0,0,0,0,0,0,5000,0,0,0,5000,0,5000,5000
049899,台積電元富94購05,0,0,0,0,0,0,0,0,0,5000,0,0,0,5000,0,5000,5000
049929,祥碩元大94購03  ,0,0,0,0,0,0,0,0,0,5000,0,0,0,6000,1000,5000,5000
049935,南電元大94購08  ,0,0,0,0,0,0,0,0,0,5000,0,0,0,5000,0,5000,5000
048636,鴻海元大94購05  ,0,0,0,0,0,0,0,0,0,5000,0,0,0,5000,0,5000,5000
048417,國巨統一94購01  ,0,0,0,0,0,0,0,0,0,5000,0,0,0,5000,0,5000,5000
050544,聯發科凱基95購02,0,0,0,0,0,0,0,0,0,5000,0,0,0,5000,0,5000,5000
050601,台表科國泰96購01,0,0,0,0,0,0,0,0,0,5000,0,0,0,5000,0,5000,5000
047004,台積電統一99購01,0,0,0,0,0,0,0,0,0,5000,0,0,0,5000,0,5000,5000
04707P,喬山元大94售01  ,0,0,0,0,0,0,0,0,0,5000,0,0,0,5000,0,5000,5000
04397P,玉晶光群益95售03,0,0,0,0,0,0,0,0,0,5000,0,0,0,5000,0,5000,5000
050149,東元群益94購01  ,0,0,0,0,0,0,0,0,0,5000,0,0,0,5000,0,5000,5000
050137,臺指反國票96購01,0,0,0,0,0,0,0,0,0,5000,0,0,0,5000,0,5000,5000
050732,台虹國票94購01  ,0,0,0,0,0,0,0,0,0,5000,0,0,0,5000,0,5000,5000
050633,義隆群益96購02  ,0,0,0,0,0,0,0,0,0,5000,0,0,0,5000,0,5000,5000
050644,國巨凱基96購01  ,0,0,0,0,0,0,0,0,0,5000,0,0,0,5000,0,5000,5000
05065P,燿華元大96售03  ,0,0,0,0,0,0,0,0,0,5000,0,0,0,5000,0,5000,5000
050197,矽格元大94購04  ,0,0,0,0,0,0,0,0,0,5000,0,0,0,5000,0,5000,5000
05029P,鴻海元富95售04  ,0,0,0,0,0,0,0,0,0,5000,0,0,0,5000,0,5000,5000
03671P,大立光凱基95售02,0,0,0,0,0,0,0,0,0,5000,0,0,0,5000,0,5000,5000
039212,台達電台新9A購01,0,0,0,0,0,0,0,0,0,5000,0,0,0,5000,0,5000,5000
04630P,嘉聯益元大95售02,0,0,0,0,0,0,0,0,0,5000,0,0,0,5000,0,5000,5000
03013X,元展13          ,0,0,0,0,0,0,0,0,0,5000,0,0,0,5000,0,5000,5000
03047X,元展44          ,0,0,0,0,0,0,0,0,0,5000,0,0,0,5000,0,5000,5000
046053,滬深2X群益94購01,0,0,0,0,0,0,0,0,0,5000,0,0,0,5000,0,5000,5000
045293,鴻海元大94購01  ,0,0,0,0,0,0,0,0,0,5000,0,0,0,5000,0,5000,5000
0053,元大電子        ,0,0,0,0,0,0,0,0,0,5000,0,0,0,6000,1000,5000,5000
2904,匯僑            ,11000,6000,5000,0,0,0,0,0,0,0,0,0,0,0,0,0,5000
6215,和椿            ,10000,5000,5000,0,0,0,0,0,0,0,0,0,0,0,0,0,5000
08637P,台灣50中信96售03,0,0,0,0,0,0,0,0,0,5000,0,0,0,5000,0,5000,5000
07199P,臺股指元大99售15,0,0,0,0,0,0,0,0,0,5000,0,0,0,10000,5000,5000,5000
07225P,台積電元大99售33,0,0,0,0,0,0,0,0,0,5000,0,0,0,25000,20000,5000,5000
1533,車王電          ,9000,4000,5000,0,0,0,0,0,0,0,0,0,0,0,0,0,5000
2516,新建            ,8000,3000,5000,0,0,0,0,0,0,0,0,0,0,0,0,0,5000
1773,勝一            ,34000,29000,5000,0,0,0,0,0,0,0,0,0,0,0,0,0,5000
2114,鑫永銓          ,6000,1000,5000,0,0,0,0,0,0,0,0,0,0,0,0,0,5000
2302,麗正            ,6000,1000,5000,0,0,0,0,0,0,0,0,0,0,0,0,0,5000
059482,貿聯群益99購05  ,0,0,0,0,0,0,0,0,0,5000,0,0,0,5000,0,5000,5000
059483,臺股指群益99購17,0,0,0,0,0,0,0,0,0,5000,0,0,0,5000,0,5000,5000
059556,台灣50凱基9A購07,0,0,0,0,0,0,0,0,0,5000,0,0,0,8000,3000,5000,5000
059342,聯發科凱基9A購05,0,0,0,0,0,0,0,0,0,5000,0,0,0,5000,0,5000,5000
06102P,智邦凱基97售03  ,0,0,0,0,0,0,0,0,0,5000,0,0,0,5000,0,5000,5000
059304,華新科兆豐99購06,0,0,0,0,0,0,0,0,0,5000,0,0,0,5000,0,5000,5000
06010P,國泰金元富96售01,0,0,0,0,0,0,0,0,0,5000,0,0,0,5000,0,5000,5000
07040P,台灣50元大9C售02,0,0,0,0,0,0,0,0,0,5000,0,0,0,5000,0,5000,5000
06902P,聯電凱基98售02  ,0,0,0,0,0,0,0,0,0,5000,0,0,0,5000,0,5000,5000
06903P,技嘉凱基98售04  ,0,0,0,0,0,0,0,0,0,5000,0,0,0,5000,0,5000,5000
07104P,聯發科元富99售04,0,0,0,0,0,0,0,0,0,5000,0,0,0,5000,0,5000,5000
07092P,上銀凱基99售03  ,0,0,0,0,0,0,0,0,0,5000,0,0,0,5000,0,5000,5000
058321,大立光永豐99購01,0,0,0,0,0,0,0,0,0,4000,0,0,0,4000,0,4000,4000
058608,華新科元大99購13,0,0,0,0,0,0,0,0,0,4000,0,0,0,4000,0,4000,4000
055168,光罩統一98購01  ,0,0,0,0,0,0,0,0,0,4000,0,0,0,4000,0,4000,4000
05680P,聯發科元大96售12,0,0,0,0,0,0,0,0,0,4000,0,0,0,7000,3000,4000,4000
05925P,晶技永豐96售03  ,0,0,0,0,0,0,0,0,0,4000,0,0,0,4000,0,4000,4000
059274,國巨元大99購22  ,0,0,0,0,0,0,0,0,0,4000,0,0,0,109000,105000,4000,4000
058429,欣興元富99購01  ,0,0,0,0,0,0,0,0,0,4000,0,0,0,4000,0,4000,4000
058403,玉晶光元大99購12,0,0,0,0,0,0,0,0,0,4000,0,0,0,5000,1000,4000,4000
058459,南電永豐99購01  ,0,0,0,0,0,0,0,0,0,4000,0,0,0,9000,5000,4000,4000
054412,智邦元大96購03  ,0,0,0,0,0,0,0,0,0,4000,0,0,0,4000,0,4000,4000
055152,旺宏元大98購04  ,0,0,0,0,0,0,0,0,0,4000,0,0,0,4000,0,4000,4000
058143,瑞儀元大99購02  ,0,0,0,0,0,0,0,0,0,4000,0,0,0,4000,0,4000,4000
058282,聯茂中信99購01  ,0,0,0,0,0,0,0,0,0,4000,0,0,0,4000,0,4000,4000
058274,世紀鋼永豐99購01,0,0,0,0,0,0,0,0,0,4000,0,0,0,4000,0,4000,4000
056529,中環凱基98購01  ,0,0,0,0,0,0,0,0,0,4000,0,0,0,6000,2000,4000,4000
056468,鴻海元大98購07  ,0,0,0,0,0,0,0,0,0,4000,0,0,0,4000,0,4000,4000
056444,南亞科凱基99購01,0,0,0,0,0,0,0,0,0,4000,0,0,0,4000,0,4000,4000
056306,晶相光元大98購01,0,0,0,0,0,0,0,0,0,4000,0,0,0,4000,0,4000,4000
058777,台光電國票9A購01,0,0,0,0,0,0,0,0,0,4000,0,0,0,4000,0,4000,4000
055486,國巨元大98購06  ,0,0,0,0,0,0,0,0,0,4000,0,0,0,4000,0,4000,4000
055595,宏達電元大98購02,0,0,0,0,0,0,0,0,0,4000,0,0,0,4000,0,4000,4000
057602,聯茂群益98購02  ,0,0,0,0,0,0,0,0,0,4000,0,0,0,4000,0,4000,4000
057058,祥碩元大98購04  ,0,0,0,0,0,0,0,0,0,4000,0,0,0,4000,0,4000,4000
057103,禾伸堂中信9A購01,0,0,0,0,0,0,0,0,0,4000,0,0,0,4000,0,4000,4000
00851,台新全球AI      ,0,0,0,0,0,0,0,0,0,4000,0,0,0,50000,46000,4000,4000
03425B,臺股指元大9A熊01,0,0,0,0,0,0,0,0,0,4000,0,0,0,4000,0,4000,4000
050443,復盛凱基94購02  ,0,0,0,0,0,0,0,0,0,4000,0,0,0,4000,0,4000,4000
050082,聯發科統一94購08,0,0,0,0,0,0,0,0,0,4000,0,0,0,4000,0,4000,4000
048399,祥碩國票94購01  ,0,0,0,0,0,0,0,0,0,4000,0,0,0,4000,0,4000,4000
048660,台積電統一93購09,0,0,0,0,0,0,0,0,0,4000,0,0,0,4000,0,4000,4000
048568,緯穎元大93購06  ,0,0,0,0,0,0,0,0,0,4000,0,0,0,4000,0,4000,4000
049892,國巨富邦96購01  ,0,0,0,0,0,0,0,0,0,4000,0,0,0,4000,0,4000,4000
049843,康友中信95購01  ,0,0,0,0,0,0,0,0,0,4000,0,0,0,4000,0,4000,4000
048051,大立光中信94購03,0,0,0,0,0,0,0,0,0,4000,0,0,0,4000,0,4000,4000
051766,泰鼎元大95購02  ,0,0,0,0,0,0,0,0,0,4000,0,0,0,4000,0,4000,4000
04956P,臺股指日盛94售02,0,0,0,0,0,0,0,0,0,4000,0,0,0,13000,9000,4000,4000
05096P,台積電日盛95售01,0,0,0,0,0,0,0,0,0,4000,0,0,0,6000,2000,4000,4000
055661,亞德客中信98購01,0,0,0,0,0,0,0,0,0,4000,0,0,0,4000,0,4000,4000
058991,台灣50元大03購01,0,0,0,0,0,0,0,0,0,4000,0,0,0,4000,0,4000,4000
058986,華新科凱基9A購03,0,0,0,0,0,0,0,0,0,4000,0,0,0,9000,5000,4000,4000
058953,S&P反1國票03購01,0,0,0,0,0,0,0,0,0,4000,0,0,0,4000,0,4000,4000
057342,玉晶光台新98購01,0,0,0,0,0,0,0,0,0,4000,0,0,0,44000,40000,4000,4000
057418,台光電凱基98購04,0,0,0,0,0,0,0,0,0,4000,0,0,0,4000,0,4000,4000
053353,玉晶光兆豐97購03,0,0,0,0,0,0,0,0,0,4000,0,0,0,14000,10000,4000,4000
052686,華新科元大96購03,0,0,0,0,0,0,0,0,0,4000,0,0,0,4000,0,4000,4000
052668,聯發科群益97購01,0,0,0,0,0,0,0,0,0,4000,0,0,0,4000,0,4000,4000
052662,華新科國票97購01,0,0,0,0,0,0,0,0,0,4000,0,0,0,4000,0,4000,4000
053264,南亞科群益96購01,0,0,0,0,0,0,0,0,0,4000,0,0,0,4000,0,4000,4000
054354,技嘉富邦97購01  ,0,0,0,0,0,0,0,0,0,4000,0,0,0,4000,0,4000,4000
053187,國巨統一96購05  ,0,0,0,0,0,0,0,0,0,4000,0,0,0,5000,1000,4000,4000
052270,力成日盛95購01  ,0,0,0,0,0,0,0,0,0,4000,0,0,0,4000,0,4000,4000
051919,台郡元大96購02  ,0,0,0,0,0,0,0,0,0,4000,0,0,0,4000,0,4000,4000
05393P,鴻海統一95售14  ,0,0,0,0,0,0,0,0,0,4000,0,0,0,4000,0,4000,4000
07046P,大立光富邦9C售03,0,0,0,0,0,0,0,0,0,4000,0,0,0,4000,0,4000,4000
07076P,鴻海凱基9A售08  ,0,0,0,0,0,0,0,0,0,4000,0,0,0,4000,0,4000,4000
06998P,S&P正2中信9B售01,0,0,0,0,0,0,0,0,0,4000,0,0,0,4000,0,4000,4000
059433,聯發科元大99購27,0,0,0,0,0,0,0,0,0,4000,0,0,0,5000,1000,4000,4000
1414,東和            ,20000,15000,5000,0,0,0,0,0,0,-1000,0,1000,-1000,0,0,0,4000
07282P,聯發科凱基99售17,0,0,0,0,0,0,0,0,0,4000,0,0,0,10000,6000,4000,4000
6666,羅麗芬-KY       ,15000,11000,4000,0,0,0,0,0,0,0,0,0,0,0,0,0,4000
059302,大立光群益99購08,0,0,0,0,0,0,0,0,0,4000,0,0,0,4000,0,4000,4000
3040,遠見            ,5000,1000,4000,0,0,0,0,0,0,0,0,0,0,0,0,0,4000
4439,冠星-KY         ,4000,0,4000,0,0,0,0,0,0,0,0,0,0,0,0,0,4000
5288,豐祥-KY         ,34000,30000,4000,0,0,0,0,0,0,0,0,0,0,0,0,0,4000
01001T,土銀富邦R1      ,3717,0,3717,0,0,0,0,0,0,0,0,0,0,0,0,0,3717
057127,旺宏凱基98購09  ,0,0,0,0,0,0,0,0,0,3000,0,0,0,3000,0,3000,3000
057158,義隆永豐99購01  ,0,0,0,0,0,0,0,0,0,3000,0,0,0,3000,0,3000,3000
057136,立積凱基98購02  ,0,0,0,0,0,0,0,0,0,3000,0,0,0,3000,0,3000,3000
057647,欣興元大98購10  ,0,0,0,0,0,0,0,0,0,3000,0,0,0,8000,5000,3000,3000
057673,臻鼎元大98購01  ,0,0,0,0,0,0,0,0,0,3000,0,0,0,3000,0,3000,3000
057674,台郡元大99購03  ,0,0,0,0,0,0,0,0,0,3000,0,0,0,3000,0,3000,3000
055497,開發金元大97購01,0,0,0,0,0,0,0,0,0,3000,0,0,0,3000,0,3000,3000
05539P,鎧勝永豐96售01  ,0,0,0,0,0,0,0,0,0,3000,0,0,0,10000,7000,3000,3000
055356,大立光凱基97購06,0,0,0,0,0,0,0,0,0,3000,0,0,0,3000,0,3000,3000
055299,康友元大97購02  ,0,0,0,0,0,0,0,0,0,3000,0,0,0,3000,0,3000,3000
056064,大立光元大97購14,0,0,0,0,0,0,0,0,0,3000,0,0,0,363000,360000,3000,3000
05745P,富邦金兆豐96售02,0,0,0,0,0,0,0,0,0,3000,0,0,0,3000,0,3000,3000
058782,臺股指國票99購01,0,0,0,0,0,0,0,0,0,3000,0,0,0,3000,0,3000,3000
056311,泰鼎元大98購01  ,0,0,0,0,0,0,0,0,0,3000,0,0,0,5000,2000,3000,3000
05631P,國巨富邦9A售01  ,0,0,0,0,0,0,0,0,0,3000,0,0,0,3000,0,3000,3000
057838,台郡國泰99購01  ,0,0,0,0,0,0,0,0,0,3000,0,0,0,3000,0,3000,3000
057779,禾伸堂群益98購02,0,0,0,0,0,0,0,0,0,3000,0,0,0,3000,0,3000,3000
056509,晶相光永豐98購01,0,0,0,0,0,0,0,0,0,3000,0,0,0,16000,13000,3000,3000
056398,南茂永豐98購01  ,0,0,0,0,0,0,0,0,0,3000,0,0,0,3000,0,3000,3000
057996,臻鼎中信98購01  ,0,0,0,0,0,0,0,0,0,3000,0,0,0,3000,0,3000,3000
058875,台表科國票9A購02,0,0,0,0,0,0,0,0,0,3000,0,0,0,3000,0,3000,3000
058249,緯穎元大99購04  ,0,0,0,0,0,0,0,0,0,3000,0,0,0,3000,0,3000,3000
056825,深中小富邦9B購01,0,0,0,0,0,0,0,0,0,3000,0,0,0,3000,0,3000,3000
056845,揚明光元富98購01,0,0,0,0,0,0,0,0,0,3000,0,0,0,3000,0,3000,3000
055049,智邦永豐97購01  ,0,0,0,0,0,0,0,0,0,3000,0,0,0,3000,0,3000,3000
05506P,茂林凱基96售03  ,0,0,0,0,0,0,0,0,0,3000,0,0,0,3000,0,3000,3000
05503P,智邦日盛96售01  ,0,0,0,0,0,0,0,0,0,3000,0,0,0,3000,0,3000,3000
054470,緯穎國票97購04  ,0,0,0,0,0,0,0,0,0,3000,0,0,0,3000,0,3000,3000
054643,上証2X群益9B購01,0,0,0,0,0,0,0,0,0,3000,0,0,0,3000,0,3000,3000
054707,聯茂亞東97購01  ,0,0,0,0,0,0,0,0,0,3000,0,0,0,516000,513000,3000,3000
054547,鴻海凱基98購02  ,0,0,0,0,0,0,0,0,0,3000,0,0,0,15000,12000,3000,3000
054511,香港反元大98購01,0,0,0,0,0,0,0,0,0,3000,0,0,0,3000,0,3000,3000
056606,華新科富邦9A購02,0,0,0,0,0,0,0,0,0,3000,0,0,0,3000,0,3000,3000
06188P,大立光元富97售01,0,0,0,0,0,0,0,0,0,3000,0,0,0,13000,10000,3000,3000
059191,茂林富邦9B購01  ,0,0,0,0,0,0,0,0,0,3000,0,0,0,3000,0,3000,3000
06538P,國巨凱基98售11  ,0,0,0,0,0,0,0,0,0,3000,0,0,0,3000,0,3000,3000
06370P,貿聯凱基97售03  ,0,0,0,0,0,0,0,0,0,3000,0,0,0,3000,0,3000,3000
058617,南電元大99購01  ,0,0,0,0,0,0,0,0,0,3000,0,0,0,3000,0,3000,3000
059069,臺指反元大9C購01,0,0,0,0,0,0,0,0,0,3000,0,0,0,3000,0,3000,3000
00690,兆豐藍籌30      ,0,0,0,0,0,0,0,0,0,3000,0,0,0,204000,201000,3000,3000
020004,兆豐電菁英30N   ,0,0,0,0,0,0,0,0,0,3000,0,0,0,3000,0,3000,3000
046866,台積電統一94購03,0,0,0,0,0,0,0,0,0,3000,0,0,0,3000,0,3000,3000
051011,國巨凱基95購03  ,0,0,0,0,0,0,0,0,0,3000,0,0,0,3000,0,3000,3000
051103,緯穎元大96購03  ,0,0,0,0,0,0,0,0,0,3000,0,0,0,3000,0,3000,3000
050786,健策國泰96購01  ,0,0,0,0,0,0,0,0,0,3000,0,0,0,3000,0,3000,3000
049582,台積電元大95購03,0,0,0,0,0,0,0,0,0,3000,0,0,0,3000,0,3000,3000
051781,緯穎群益96購01  ,0,0,0,0,0,0,0,0,0,3000,0,0,0,3000,0,3000,3000
04976P,中磊凱基94售01  ,0,0,0,0,0,0,0,0,0,3000,0,0,0,3000,0,3000,3000
048058,大立光國泰95購01,0,0,0,0,0,0,0,0,0,3000,0,0,0,3000,0,3000,3000
048754,瀚宇博元富97購01,0,0,0,0,0,0,0,0,0,3000,0,0,0,3000,0,3000,3000
04820P,聯茂永豐94售02  ,0,0,0,0,0,0,0,0,0,3000,0,0,0,3000,0,3000,3000
04833P,鴻海元大94售16  ,0,0,0,0,0,0,0,0,0,3000,0,0,0,43000,40000,3000,3000
049156,緯穎元大96購01  ,0,0,0,0,0,0,0,0,0,3000,0,0,0,3000,0,3000,3000
049955,崇越群益95購01  ,0,0,0,0,0,0,0,0,0,3000,0,0,0,3000,0,3000,3000
047681,滬深反中信95購01,0,0,0,0,0,0,0,0,0,3000,0,0,0,3000,0,3000,3000
053869,嘉澤元大96購02  ,0,0,0,0,0,0,0,0,0,3000,0,0,0,3000,0,3000,3000
054071,泰鼎國泰97購02  ,0,0,0,0,0,0,0,0,0,3000,0,0,0,3000,0,3000,3000
054017,茂林永豐96購02  ,0,0,0,0,0,0,0,0,0,3000,0,0,0,3000,0,3000,3000
053776,台積電元大96購19,0,0,0,0,0,0,0,0,0,3000,0,0,0,3000,0,3000,3000
051347,國巨元大95購06  ,0,0,0,0,0,0,0,0,0,3000,0,0,0,3000,0,3000,3000
05240P,玉晶光永豐96售01,0,0,0,0,0,0,0,0,0,3000,0,0,0,3000,0,3000,3000
05424P,台達電亞東96售02,0,0,0,0,0,0,0,0,0,3000,0,0,0,3000,0,3000,3000
053194,緯穎統一99購01  ,0,0,0,0,0,0,0,0,0,3000,0,0,0,5000,2000,3000,3000
5283,禾聯碩          ,19000,15000,4000,0,0,0,0,0,0,-1000,0,0,0,0,1000,-1000,3000
4912,聯德控股-KY     ,18000,15000,3000,0,0,0,0,0,0,0,0,0,0,0,0,0,3000
3032,偉訓            ,11000,8000,3000,0,0,0,0,0,0,0,0,0,0,0,0,0,3000
910861,神州-DR         ,3000,0,3000,0,0,0,0,0,0,0,0,0,0,0,0,0,3000
1337,再生-KY         ,18000,14000,4000,0,0,0,0,0,0,-1000,0,1000,-1000,0,0,0,3000
2029,盛餘            ,6000,3000,3000,0,0,0,0,0,0,0,0,0,0,0,0,0,3000
2010,春源            ,70000,67000,3000,0,0,0,0,0,0,0,0,0,0,0,0,0,3000
2528,皇普            ,39000,33000,6000,0,0,0,0,0,0,-3000,0,3000,-3000,0,0,0,3000
059594,奇力新元大9B購01,0,0,0,0,0,0,0,0,0,3000,0,0,0,15000,12000,3000,3000
059372,台灣50群益99購02,0,0,0,0,0,0,0,0,0,3000,0,0,0,3000,0,3000,3000
059411,臺股指國票99購17,0,0,0,0,0,0,0,0,0,3000,0,0,0,134000,131000,3000,3000
059332,台灣50國票9A購07,0,0,0,0,0,0,0,0,0,3000,0,0,0,5000,2000,3000,3000
06791P,聯發科凱基98售16,0,0,0,0,0,0,0,0,0,3000,0,0,0,3000,0,3000,3000
06658P,台灣50富邦9C售01,0,0,0,0,0,0,0,0,0,3000,0,0,0,3000,0,3000,3000
07011P,宏達電凱基99售02,0,0,0,0,0,0,0,0,0,3000,0,0,0,3000,0,3000,3000
07062P,台積電元大99售15,0,0,0,0,0,0,0,0,0,3000,0,0,0,3000,0,3000,3000
059305,台灣50元大99購02,0,0,0,0,0,0,0,0,0,3000,0,0,0,5000,2000,3000,3000
059287,華通元富99購03  ,0,0,0,0,0,0,0,0,0,3000,0,0,0,3000,0,3000,3000
06126P,凌陽元富97售02  ,0,0,0,0,0,0,0,0,0,3000,0,0,0,3000,0,3000,3000
059076,FBVIX元大99購04 ,0,0,0,0,0,0,0,0,0,2000,0,0,0,5000,3000,2000,2000
059057,聯發科凱基99購10,0,0,0,0,0,0,0,0,0,2000,0,0,0,12000,10000,2000,2000
054915,興勤凱基97購01  ,0,0,0,0,0,0,0,0,0,2000,0,0,0,10000,8000,2000,2000
058304,鴻海元大99購12  ,0,0,0,0,0,0,0,0,0,2000,0,0,0,5000,3000,2000,2000
056771,嘉晶元大99購01  ,0,0,0,0,0,0,0,0,0,2000,0,0,0,2000,0,2000,2000
06356P,啟碁永豐97售01  ,0,0,0,0,0,0,0,0,0,2000,0,0,0,2000,0,2000,2000
06304P,臺股指元大97售10,0,0,0,0,0,0,0,0,0,2000,0,0,0,2000,0,2000,2000
06309P,光罩元富97售03  ,0,0,0,0,0,0,0,0,0,2000,0,0,0,14000,12000,2000,2000
06235P,國巨元大97售12  ,0,0,0,0,0,0,0,0,0,2000,0,0,0,2000,0,2000,2000
06499P,臺股指元大9A售04,0,0,0,0,0,0,0,0,0,2000,0,0,0,2000,0,2000,2000
06471P,臺股指凱基99售11,0,0,0,0,0,0,0,0,0,2000,0,0,0,2000,0,2000,2000
059195,國巨永豐99購04  ,0,0,0,0,0,0,0,0,0,2000,0,0,0,74000,72000,2000,2000
059236,鴻海凱基99購09  ,0,0,0,0,0,0,0,0,0,2000,0,0,0,2000,0,2000,2000
059258,台灣50群益99購01,0,0,0,0,0,0,0,0,0,2000,0,0,0,2000,0,2000,2000
059242,南亞科凱基99購06,0,0,0,0,0,0,0,0,0,2000,0,0,0,2000,0,2000,2000
059251,大立光凱基9A購04,0,0,0,0,0,0,0,0,0,2000,0,0,0,2000,0,2000,2000
054737,京元電凱基99購01,0,0,0,0,0,0,0,0,0,2000,0,0,0,2000,0,2000,2000
056566,臻鼎群益98購01  ,0,0,0,0,0,0,0,0,0,2000,0,0,0,2000,0,2000,2000
056580,泰鼎元大9A購01  ,0,0,0,0,0,0,0,0,0,2000,0,0,0,7000,5000,2000,2000
058424,滬深2X元富99購04,0,0,0,0,0,0,0,0,0,2000,0,0,0,2000,0,2000,2000
058439,玉晶光統一01購02,0,0,0,0,0,0,0,0,0,2000,0,0,0,2000,0,2000,2000
05843P,台積電元大96售16,0,0,0,0,0,0,0,0,0,2000,0,0,0,2000,0,2000,2000
054800,訊芯群益99購01  ,0,0,0,0,0,0,0,0,0,2000,0,0,0,2000,0,2000,2000
056643,奇力新凱基99購01,0,0,0,0,0,0,0,0,0,2000,0,0,0,2000,0,2000,2000
056738,國巨凱基9A購02  ,0,0,0,0,0,0,0,0,0,2000,0,0,0,2000,0,2000,2000
056713,華擎永豐98購01  ,0,0,0,0,0,0,0,0,0,2000,0,0,0,2000,0,2000,2000
056848,泰鼎元富98購01  ,0,0,0,0,0,0,0,0,0,2000,0,0,0,2000,0,2000,2000
056866,矽創群益98購03  ,0,0,0,0,0,0,0,0,0,2000,0,0,0,2000,0,2000,2000
056909,嘉聯益元大99購03,0,0,0,0,0,0,0,0,0,2000,0,0,0,2000,0,2000,2000
058238,奇鋐元大99購02  ,0,0,0,0,0,0,0,0,0,2000,0,0,0,2000,0,2000,2000
058880,台灣50永豐99購04,0,0,0,0,0,0,0,0,0,2000,0,0,0,2000,0,2000,2000
058924,晶相光元富99購02,0,0,0,0,0,0,0,0,0,2000,0,0,0,22000,20000,2000,2000
058094,祥碩元大98購09  ,0,0,0,0,0,0,0,0,0,2000,0,0,0,2000,0,2000,2000
058114,台積電第一01購01,0,0,0,0,0,0,0,0,0,2000,0,0,0,2000,0,2000,2000
057914,日月光日盛9A購01,0,0,0,0,0,0,0,0,0,2000,0,0,0,4000,2000,2000,2000
056511,超眾永豐98購01  ,0,0,0,0,0,0,0,0,0,2000,0,0,0,2000,0,2000,2000
056506,晶豪科永豐98購02,0,0,0,0,0,0,0,0,0,2000,0,0,0,2000,0,2000,2000
056538,國泰金凱基98購01,0,0,0,0,0,0,0,0,0,2000,0,0,0,2000,0,2000,2000
057785,智邦國票99購02  ,0,0,0,0,0,0,0,0,0,2000,0,0,0,3000,1000,2000,2000
057735,台灣50富邦9C購02,0,0,0,0,0,0,0,0,0,2000,0,0,0,2000,0,2000,2000
057742,喬山永豐98購02  ,0,0,0,0,0,0,0,0,0,2000,0,0,0,2000,0,2000,2000
057836,南亞科國泰9A購01,0,0,0,0,0,0,0,0,0,2000,0,0,0,2000,0,2000,2000
056368,祥碩元大98購02  ,0,0,0,0,0,0,0,0,0,2000,0,0,0,2000,0,2000,2000
058832,立積永豐99購01  ,0,0,0,0,0,0,0,0,0,2000,0,0,0,2000,0,2000,2000
055953,上銀元大97購09  ,0,0,0,0,0,0,0,0,0,2000,0,0,0,2000,0,2000,2000
057504,技嘉麥證98購01  ,0,0,0,2000,0,2000,0,0,0,2000,0,0,0,2000,0,2000,2000
055296,康舒元大97購02  ,0,0,0,0,0,0,0,0,0,2000,0,0,0,2000,0,2000,2000
055321,大立光國票98購02,0,0,0,0,0,0,0,0,0,2000,0,0,0,2000,0,2000,2000
055346,國巨凱基98購02  ,0,0,0,0,0,0,0,0,0,2000,0,0,0,2000,0,2000,2000
055349,京元電凱基97購02,0,0,0,0,0,0,0,0,0,2000,0,0,0,2000,0,2000,2000
055522,道瓊反群益01購01,0,0,0,0,0,0,0,0,0,2000,0,0,0,2000,0,2000,2000
055586,旺宏元大98購06  ,0,0,0,0,0,0,0,0,0,2000,0,0,0,2000,0,2000,2000
055582,亞德客元大97購01,0,0,0,0,0,0,0,0,0,2000,0,0,0,90000,88000,2000,2000
055639,上銀元富97購02  ,0,0,0,0,0,0,0,0,0,2000,0,0,0,2000,0,2000,2000
056923,奇力新兆豐99購02,0,0,0,0,0,0,0,0,0,2000,0,0,0,2000,0,2000,2000
056959,鴻海永豐98購03  ,0,0,0,0,0,0,0,0,0,2000,0,0,0,2000,0,2000,2000
057534,旭富元大98購01  ,0,0,0,0,0,0,0,0,0,2000,0,0,0,2000,0,2000,2000
057577,廣宇中信9A購01  ,0,0,0,0,0,0,0,0,0,2000,0,0,0,2000,0,2000,2000
057596,聯茂兆豐99購01  ,0,0,0,0,0,0,0,0,0,2000,0,0,0,2000,0,2000,2000
057151,易華電國票99購01,0,0,0,0,0,0,0,0,0,2000,0,0,0,2000,0,2000,2000
057045,美律元大99購04  ,0,0,0,0,0,0,0,0,0,2000,0,0,0,2000,0,2000,2000
056992,祥碩兆豐98購01  ,0,0,0,0,0,0,0,0,0,2000,0,0,0,2000,0,2000,2000
053176,矽力群益96購02  ,0,0,0,0,0,0,0,0,0,2000,0,0,0,2000,0,2000,2000
053162,緯穎元大97購01  ,0,0,0,0,0,0,0,0,0,2000,0,0,0,7000,5000,2000,2000
053033,智易兆豐97購01  ,0,0,0,0,0,0,0,0,0,2000,0,0,0,2000,0,2000,2000
054360,智邦凱基96購03  ,0,0,0,0,0,0,0,0,0,2000,0,0,0,2000,0,2000,2000
054368,鴻海中信9A購02  ,0,0,0,0,0,0,0,0,0,2000,0,0,0,2000,0,2000,2000
054231,國巨群益98購03  ,0,0,0,0,0,0,0,0,0,2000,0,0,0,6000,4000,2000,2000
052342,茂林凱基96購01  ,0,0,0,0,0,0,0,0,0,2000,0,0,0,2000,0,2000,2000
051463,世芯國泰97購02  ,0,0,0,0,0,0,0,0,0,2000,0,0,0,2000,0,2000,2000
051508,元黃金中信97購01,0,0,0,0,0,0,0,0,0,2000,0,0,0,2000,0,2000,2000
054066,緯穎國票97購03  ,0,0,0,0,0,0,0,0,0,2000,0,0,0,2000,0,2000,2000
054060,晶技國票97購02  ,0,0,0,0,0,0,0,0,0,2000,0,0,0,2000,0,2000,2000
052202,矽力統一96購01  ,0,0,0,0,0,0,0,0,0,2000,0,0,0,2000,0,2000,2000
053808,大成鋼群益97購01,0,0,0,0,0,0,0,0,0,2000,0,0,0,2000,0,2000,2000
053817,華新科群益97購02,0,0,0,0,0,0,0,0,0,2000,0,0,0,2000,0,2000,2000
052733,台郡國泰97購01  ,0,0,0,0,0,0,0,0,0,2000,0,0,0,2000,0,2000,2000
053351,A50正2兆豐97購01,0,0,0,0,0,0,0,0,0,2000,0,0,0,2000,0,2000,2000
053491,鴻海兆豐97購02  ,0,0,0,0,0,0,0,0,0,2000,0,0,0,2000,0,2000,2000
053521,緯穎群益96購02  ,0,0,0,0,0,0,0,0,0,2000,0,0,0,2000,0,2000,2000
055781,聯詠凱基98購01  ,0,0,0,0,0,0,0,0,0,2000,0,0,0,2000,0,2000,2000
055820,矽力國票98購02  ,0,0,0,0,0,0,0,0,0,2000,0,0,0,2000,0,2000,2000
057298,旭富永豐98購01  ,0,0,0,0,0,0,0,0,0,2000,0,0,0,2000,0,2000,2000
055668,欣興群益97購01  ,0,0,0,0,0,0,0,0,0,2000,0,0,0,2000,0,2000,2000
055740,智易元富97購01  ,0,0,0,0,0,0,0,0,0,2000,0,0,0,2000,0,2000,2000
055751,南亞科永昌9C購01,0,0,0,0,0,0,0,0,0,2000,0,0,0,2000,0,2000,2000
055722,聯鈞元大97購03  ,0,0,0,0,0,0,0,0,0,2000,0,0,0,2000,0,2000,2000
04864P,欣興元大94售10  ,0,0,0,0,0,0,0,0,0,2000,0,0,0,2000,0,2000,2000
048898,晶相光國泰96購01,0,0,0,0,0,0,0,0,0,2000,0,0,0,2000,0,2000,2000
048938,玉晶光永豐95購02,0,0,0,0,0,0,0,0,0,2000,0,0,0,2000,0,2000,2000
049714,國巨凱基94購02  ,0,0,0,0,0,0,0,0,0,2000,0,0,0,2000,0,2000,2000
051662,大立光永昌96購03,0,0,0,0,0,0,0,0,0,2000,0,0,0,2000,0,2000,2000
051632,全新國票96購01  ,0,0,0,0,0,0,0,0,0,2000,0,0,0,2000,0,2000,2000
051673,玉晶光元大96購04,0,0,0,0,0,0,0,0,0,2000,0,0,0,5000,3000,2000,2000
049611,緯穎兆豐95購02  ,0,0,0,0,0,0,0,0,0,2000,0,0,0,10000,8000,2000,2000
049553,鴻海國泰96購02  ,0,0,0,0,0,0,0,0,0,2000,0,0,0,2000,0,2000,2000
049447,聯電統一94購01  ,0,0,0,0,0,0,0,0,0,2000,0,0,0,2000,0,2000,2000
050842,旺宏國票97購01  ,0,0,0,0,0,0,0,0,0,2000,0,0,0,2000,0,2000,2000
050870,旭富永豐95購01  ,0,0,0,0,0,0,0,0,0,2000,0,0,0,2000,0,2000,2000
053662,矽力凱基97購01  ,0,0,0,0,0,0,0,0,0,2000,0,0,0,2000,0,2000,2000
051254,健策元大96購04  ,0,0,0,0,0,0,0,0,0,2000,0,0,0,2000,0,2000,2000
051250,大立光元大98購01,0,0,0,0,0,0,0,0,0,2000,0,0,0,2000,0,2000,2000
051033,台積電兆豐95購03,0,0,0,0,0,0,0,0,0,2000,0,0,0,2000,0,2000,2000
050962,聯發科永豐95購02,0,0,0,0,0,0,0,0,0,2000,0,0,0,2000,0,2000,2000
046937,聯電元大99購01  ,0,0,0,0,0,0,0,0,0,2000,0,0,0,336000,334000,2000,2000
050603,致新國泰96購01  ,0,0,0,0,0,0,0,0,0,2000,0,0,0,2000,0,2000,2000
050604,上証2X永昌94購01,0,0,0,0,0,0,0,0,0,2000,0,0,0,2000,0,2000,2000
044764,聯茂凱基93購03  ,0,0,0,0,0,0,0,0,0,2000,0,0,0,2000,0,2000,2000
042556,台灣50中信96購04,0,0,0,0,0,0,0,0,0,2000,0,0,0,2000,0,2000,2000
04229P,臺股指中信95售05,0,0,0,0,0,0,0,0,0,2000,0,0,0,2000,0,2000,2000
050649,華新科凱基96購01,0,0,0,0,0,0,0,0,0,2000,0,0,0,2000,0,2000,2000
050765,鴻海元大96購02  ,0,0,0,0,0,0,0,0,0,2000,0,0,0,2000,0,2000,2000
050406,台積電台新95購02,0,0,0,0,0,0,0,0,0,2000,0,0,0,2000,0,2000,2000
050261,國巨元大95購04  ,0,0,0,0,0,0,0,0,0,2000,0,0,0,2000,0,2000,2000
04731P,臺股指中信96售03,0,0,0,0,0,0,0,0,0,2000,0,0,0,2000,0,2000,2000
05019P,喬山中信95售01  ,0,0,0,0,0,0,0,0,0,2000,0,0,0,2000,0,2000,2000
006203,元大MSCI台灣    ,0,0,0,0,0,0,0,0,0,2000,0,0,0,3000,1000,2000,2000
006206,元大上證50      ,7000,24000,-17000,0,0,0,0,0,0,19000,0,0,0,30000,11000,19000,2000
00711B,FH彭博新興債    ,0,0,0,0,0,0,0,0,0,2000,0,0,0,109000,107000,2000,2000
00742,新光內需收益    ,0,0,0,0,0,0,0,0,0,2000,0,0,0,2000,0,2000,2000
039550,滬深反凱基94購01,0,0,0,0,0,0,0,0,0,2000,0,0,0,2000,0,2000,2000
03737P,臺股指中信95售01,2000,0,2000,0,0,0,0,0,0,0,0,0,0,0,0,0,2000
03033X,元展30          ,0,0,0,0,0,0,0,0,0,2000,0,0,0,2000,0,2000,2000
046191,新光金凱基98購01,0,0,0,0,0,0,0,0,0,2000,0,0,0,2000,0,2000,2000
06121P,同欣電凱基97售02,0,0,0,0,0,0,0,0,0,2000,0,0,0,2000,0,2000,2000
06094P,台達電中信97售01,0,0,0,0,0,0,0,0,0,2000,0,0,0,3000,1000,2000,2000
07089P,臺指2X中信01售01,0,0,0,0,0,0,0,0,0,2000,0,0,0,2000,0,2000,2000
07142P,台灣50元大01售01,0,0,0,0,0,0,0,0,0,2000,0,0,0,2000,0,2000,2000
06969P,上銀元大99售02  ,0,0,0,0,0,0,0,0,0,2000,0,0,0,3000,1000,2000,2000
06951P,台積電統一9B售02,0,0,0,0,0,0,0,0,0,2000,0,0,0,2000,0,2000,2000
06696P,台灣50國票99售01,0,0,0,0,0,0,0,0,0,2000,0,0,0,2000,0,2000,2000
06715P,台積電元大99售04,0,0,0,0,0,0,0,0,0,2000,0,0,0,2000,0,2000,2000
059577,旺宏元富99購04  ,0,0,0,0,0,0,0,0,0,2000,0,0,0,2000,0,2000,2000
059552,台灣50凱基99購04,0,0,0,0,0,0,0,0,0,2000,0,0,0,2000,0,2000,2000
059518,康控永豐99購01  ,0,0,0,0,0,0,0,0,0,2000,0,0,0,7000,5000,2000,2000
059519,台郡永豐99購01  ,0,0,0,0,0,0,0,0,0,2000,0,0,0,56000,54000,2000,2000
059444,臺股指元大99購25,0,0,0,0,0,0,0,0,0,2000,0,0,0,2000,0,2000,2000
059452,全新永豐99購03  ,0,0,0,0,0,0,0,0,0,2000,0,0,0,47000,45000,2000,2000
2597,潤弘            ,10000,8000,2000,0,0,0,0,0,0,0,0,0,0,0,0,0,2000
2423,固緯            ,35000,33000,2000,0,0,0,0,0,0,0,0,0,0,0,0,0,2000
2024,志聯            ,9000,7000,2000,0,0,0,0,0,0,0,0,0,0,0,0,0,2000
1526,日馳            ,66000,64000,2000,0,0,0,0,0,0,0,0,0,0,0,0,0,2000
1517,利奇            ,3000,1000,2000,0,0,0,0,0,0,0,0,0,0,0,0,0,2000
1524,耿鼎            ,5000,3000,2000,0,0,0,0,0,0,0,0,0,0,0,0,0,2000
07178P,臺股指凱基99售20,0,0,0,0,0,0,0,0,0,2000,0,0,0,2000,0,2000,2000
9930,中聯資源        ,20000,18000,2000,0,0,0,0,0,0,0,0,0,0,0,0,0,2000
8499,鼎炫-KY         ,30000,28000,2000,0,0,0,0,0,0,0,0,0,0,0,0,0,2000
3229,晟鈦            ,4000,2000,2000,0,0,0,0,0,0,0,0,0,0,0,0,0,2000
3550,聯穎            ,4000,2000,2000,0,0,0,0,0,0,0,0,0,0,0,0,0,2000
4545,銘鈺            ,5000,3000,2000,0,0,0,0,0,0,0,0,0,0,0,0,0,2000
4564,元翎            ,146000,139000,7000,0,0,0,0,0,0,-5000,0,0,0,0,5000,-5000,2000
3686,達能            ,2000,0,2000,0,0,0,0,0,0,0,0,0,0,0,0,0,2000
057052,華擎元大98購01  ,0,0,0,0,0,0,0,0,0,1000,0,0,0,1000,0,1000,1000
057138,亞德客兆豐98購01,0,0,0,0,0,0,0,0,0,1000,0,0,0,1000,0,1000,1000
05712P,友達統一97售03  ,0,0,0,0,0,0,0,0,0,1000,0,0,0,1000,0,1000,1000
057130,全新凱基98購03  ,0,0,0,0,0,0,0,0,0,1000,0,0,0,1000,0,1000,1000
057121,立積康和98購01  ,0,0,0,0,0,0,0,0,0,1000,0,0,0,1000,0,1000,1000
057199,台達電元富02購01,0,0,0,0,0,0,0,0,0,1000,0,0,0,1000,0,1000,1000
057595,健鼎兆豐98購01  ,0,0,0,0,0,0,0,0,0,1000,0,0,0,1000,0,1000,1000
057589,超眾國票9A購01  ,0,0,0,0,0,0,0,0,0,1000,0,0,0,1000,0,1000,1000
057537,聯茂元大98購04  ,0,0,0,0,0,0,0,0,0,1000,0,0,0,1000,0,1000,1000
056180,南茂元富97購01  ,0,0,0,0,0,0,0,0,0,1000,0,0,0,1000,0,1000,1000
056200,大毅永豐98購01  ,0,0,0,0,0,0,0,0,0,1000,0,0,0,1000,0,1000,1000
056155,嘉晶凱基97購01  ,0,0,0,0,0,0,0,0,0,1000,0,0,0,1000,0,1000,1000
05695P,台積電凱基96售10,0,0,0,0,0,0,0,0,0,1000,0,0,0,1000,0,1000,1000
056941,台郡元富9B購01  ,0,0,0,0,0,0,0,0,0,1000,0,0,0,1000,0,1000,1000
05767P,國巨凱基96售11  ,0,0,0,0,0,0,0,0,0,1000,0,0,0,1000,0,1000,1000
057641,旺宏元大98購10  ,0,0,0,0,0,0,0,0,0,1000,0,0,0,1000,0,1000,1000
055650,華新科元富98購01,0,0,0,0,0,0,0,0,0,1000,0,0,0,1000,0,1000,1000
055564,茂林凱基98購01  ,0,0,0,0,0,0,0,0,0,1000,0,0,0,1000,0,1000,1000
055365,華通元大97購03  ,0,0,0,0,0,0,0,0,0,1000,0,0,0,1000,0,1000,1000
055390,國巨統一98購03  ,0,0,0,0,0,0,0,0,0,1000,0,0,0,1000,0,1000,1000
055307,瑞昱群益97購02  ,0,0,0,0,0,0,0,0,0,1000,0,0,0,1000,0,1000,1000
055970,聯茂元大97購04  ,0,0,0,0,0,0,0,0,0,1000,0,0,0,1000,0,1000,1000
058835,元油2X中信9C購02,0,0,0,0,0,0,0,0,0,1000,0,0,0,1000,0,1000,1000
058780,牧德國票9A購01  ,0,0,0,0,0,0,0,0,0,1000,0,0,0,1000,0,1000,1000
056314,力成元大97購01  ,0,0,0,0,0,0,0,0,0,1000,0,0,0,3000,2000,1000,1000
057871,國巨元大99購09  ,0,0,0,0,0,0,0,0,0,1000,0,0,0,1000,0,1000,1000
058748,景碩凱基9A購01  ,0,0,0,0,0,0,0,0,0,1000,0,0,0,1000,0,1000,1000
057248,台積電統一98購08,0,0,0,0,0,0,0,0,0,1000,0,0,0,1000,0,1000,1000
057749,華新科國票99購01,0,0,0,0,0,0,0,0,0,1000,0,0,0,1000,0,1000,1000
056275,國巨國泰98購04  ,0,0,0,0,0,0,0,0,0,1000,0,0,0,1000,0,1000,1000
056544,貿聯凱基98購03  ,0,0,0,0,0,0,0,0,0,1000,0,0,0,1000,0,1000,1000
056504,國巨永豐98購02  ,0,0,0,0,0,0,0,0,0,1000,0,0,0,1000,0,1000,1000
056463,台虹凱基98購02  ,0,0,0,0,0,0,0,0,0,1000,0,0,0,1000,0,1000,1000
056384,玉晶光國泰9A購02,0,0,0,0,0,0,0,0,0,1000,0,0,0,1000,0,1000,1000
057988,鈺齊元富98購02  ,0,0,0,0,0,0,0,0,0,1000,0,0,0,1000,0,1000,1000
058846,鴻海群益99購03  ,0,0,0,0,0,0,0,0,0,1000,0,0,0,1000,0,1000,1000
05887P,友達元富99售03  ,0,0,0,0,0,0,0,0,0,1000,0,0,0,1000,0,1000,1000
05803P,臺股指兆豐96售03,0,0,0,0,0,0,0,0,0,1000,0,0,0,1000,0,1000,1000
058894,元油2X元大9C購11,0,0,0,0,0,0,0,0,0,1000,0,0,0,1000,0,1000,1000
05835P,臺股指元富96售07,0,0,0,0,0,0,0,0,0,1000,0,0,0,1000,0,1000,1000
058371,智原凱基9A購01  ,0,0,0,0,0,0,0,0,0,1000,0,0,0,1000,0,1000,1000
058272,超眾永豐9A購01  ,0,0,0,0,0,0,0,0,0,1000,0,0,0,1000,0,1000,1000
056911,緯穎元大99購01  ,0,0,0,0,0,0,0,0,0,1000,0,0,0,1000,0,1000,1000
05682P,大立光元大98售03,0,0,0,0,0,0,0,0,0,1000,0,0,0,4000,3000,1000,1000
056697,緯穎群益98購01  ,0,0,0,0,0,0,0,0,0,1000,0,0,0,1000,0,1000,1000
056746,超眾凱基99購01  ,0,0,0,0,0,0,0,0,0,1000,0,0,0,1000,0,1000,1000
056732,國巨凱基98購07  ,0,0,0,0,0,0,0,0,0,1000,0,0,0,1000,0,1000,1000
056715,瀚宇博永豐98購01,0,0,0,0,0,0,0,0,0,1000,0,0,0,1000,0,1000,1000
056719,台虹永豐98購01  ,0,0,0,0,0,0,0,0,0,1000,0,0,0,1000,0,1000,1000
05665P,台積電凱基96售08,0,0,0,0,0,0,0,0,0,1000,0,0,0,1000,0,1000,1000
05509P,智邦元富96售02  ,0,0,0,0,0,0,0,0,0,1000,0,0,0,1000,0,1000,1000
054826,復盛元大9A購01  ,0,0,0,0,0,0,0,0,0,1000,0,0,0,1000,0,1000,1000
054775,復盛國票98購01  ,0,0,0,0,0,0,0,0,0,1000,0,0,0,1000,0,1000,1000
054790,禾伸堂群益98購01,0,0,0,0,0,0,0,0,0,1000,0,0,0,1000,0,1000,1000
054743,聯鈞凱基99購01  ,0,0,0,0,0,0,0,0,0,1000,0,0,0,1000,0,1000,1000
054843,中環兆豐97購01  ,0,0,0,0,0,0,0,0,0,1000,0,0,0,1000,0,1000,1000
054831,緯穎國泰98購01  ,0,0,0,0,0,0,0,0,0,1000,0,0,0,1000,0,1000,1000
058434,旺宏統一9B購01  ,0,0,0,0,0,0,0,0,0,1000,0,0,0,1000,0,1000,1000
058428,大立光元富99購02,0,0,0,0,0,0,0,0,0,1000,0,0,0,1000,0,1000,1000
058454,嘉晶永豐99購01  ,0,0,0,0,0,0,0,0,0,1000,0,0,0,1000,0,1000,1000
058476,旺宏凱基9A購01  ,0,0,0,0,0,0,0,0,0,1000,0,0,0,1000,0,1000,1000
058473,上銀凱基9A購03  ,0,0,0,0,0,0,0,0,0,1000,0,0,0,1000,0,1000,1000
058469,臺股指中信9A購05,0,0,0,0,0,0,0,0,0,1000,0,0,0,1000,0,1000,1000
054448,矽力兆豐96購01  ,0,0,0,0,0,0,0,0,0,1000,0,0,0,1000,0,1000,1000
058579,聯發科群益99購04,0,0,0,0,0,0,0,0,0,1000,0,0,0,5000,4000,1000,1000
058569,健策凱基9A購01  ,0,0,0,0,0,0,0,0,0,1000,0,0,0,1000,0,1000,1000
058532,禾伸堂元富99購01,0,0,0,0,0,0,0,0,0,1000,0,0,0,88000,87000,1000,1000
056588,聯發科統一9A購02,0,0,0,0,0,0,0,0,0,1000,0,0,0,38000,37000,1000,1000
056603,嘉聯益國泰9A購01,0,0,0,0,0,0,0,0,0,1000,0,0,0,1000,0,1000,1000
05660P,玉晶光第一96售01,0,0,0,0,0,0,0,0,0,1000,0,0,0,41000,40000,1000,1000
056616,台光電永豐98購01,0,0,0,0,0,0,0,0,0,1000,0,0,0,11000,10000,1000,1000
054688,兆赫永豐97購01  ,0,0,0,0,0,0,0,0,0,1000,0,0,0,1000,0,1000,1000
06178P,大立光第一99售01,0,0,0,0,0,0,0,0,0,1000,0,0,0,41000,40000,1000,1000
059229,臺股指元大99購22,0,0,0,0,0,0,0,0,0,1000,0,0,0,1000,0,1000,1000
059225,臺股指元大99購18,0,0,0,0,0,0,0,0,0,1000,0,0,0,1000,0,1000,1000
06423P,亞光台新97售01  ,0,0,0,0,0,0,0,0,0,1000,0,0,0,1000,0,1000,1000
06479P,聯發科中信99售02,0,0,0,0,0,0,0,0,0,1000,0,0,0,1000,0,1000,1000
06508P,台灣50統一98售01,0,0,0,0,0,0,0,0,0,1000,0,0,0,1000,0,1000,1000
06564P,國巨富邦9A售04  ,0,0,0,0,0,0,0,0,0,1000,0,0,0,1000,0,1000,1000
06623P,立積元大98售04  ,0,0,0,0,0,0,0,0,0,1000,0,0,0,1000,0,1000,1000
06580P,元油2X凱基9A售06,0,0,0,0,0,0,0,0,0,1000,0,0,0,1000,0,1000,1000
06602P,國巨統一99售02  ,0,0,0,0,0,0,0,0,0,1000,0,0,0,1000,0,1000,1000
06613P,華新科富邦9A售03,0,0,0,0,0,0,0,0,0,1000,0,0,0,1000,0,1000,1000
06234P,亞德客元大97售02,0,0,0,0,0,0,0,0,0,1000,0,0,0,51000,50000,1000,1000
06225P,華新科元富97售04,0,0,0,0,0,0,0,0,0,1000,0,0,0,1000,0,1000,1000
06219P,國巨元富97售05  ,0,0,0,0,0,0,0,0,0,1000,0,0,0,1000,0,1000,1000
06205P,台積電群益97售03,0,0,0,0,0,0,0,0,0,1000,0,0,0,1000,0,1000,1000
06466P,台積電統一9B售01,0,0,0,0,0,0,0,0,0,1000,0,0,0,1000,0,1000,1000
055227,聯發科國票98購02,0,0,0,0,0,0,0,0,0,1000,0,0,0,1000,0,1000,1000
055232,泰碩國票98購01  ,0,0,0,0,0,0,0,0,0,1000,0,0,0,1000,0,1000,1000
05524P,瀚宇博國票97售02,0,0,0,0,0,0,0,0,0,1000,0,0,0,1000,0,1000,1000
058626,瑞昱國票9A購01  ,0,0,0,0,0,0,0,0,0,1000,0,0,0,1000,0,1000,1000
058606,聯發科元大99購13,0,0,0,0,0,0,0,0,0,1000,0,0,0,1000,0,1000,1000
058660,樺漢中信9A購01  ,0,0,0,0,0,0,0,0,0,1000,0,0,0,1000,0,1000,1000
055161,貿聯元大98購03  ,0,0,0,0,0,0,0,0,0,1000,0,0,0,1000,0,1000,1000
059117,禾伸堂永豐99購01,0,0,0,0,0,0,0,0,0,1000,0,0,0,1000,0,1000,1000
03028X,元展25          ,0,0,0,0,0,0,0,0,0,1000,0,0,0,1000,0,1000,1000
03052X,元展49          ,0,0,0,0,0,0,0,0,0,1000,0,0,0,1000,0,1000,1000
03242P,聯電統一02售04  ,0,0,0,0,0,0,0,0,0,1000,0,0,0,1000,0,1000,1000
03071X,元展66          ,0,0,0,0,0,0,0,0,0,1000,0,0,0,1000,0,1000,1000
04519P,國泰金群益94售01,0,0,0,0,0,0,0,0,0,1000,0,0,0,1000,0,1000,1000
04563P,可成凱基94售05  ,0,0,0,0,0,0,0,0,0,1000,0,0,0,1000,0,1000,1000
04569P,聯詠兆豐94售01  ,0,0,0,0,0,0,0,0,0,1000,0,0,0,7000,6000,1000,1000
00731,FH富時高息低波  ,1000,3000,-2000,0,0,0,0,100000,-100000,103000,0,0,0,241000,138000,103000,1000
00767,FH美國金融股    ,0,0,0,0,0,0,0,0,0,1000,0,0,0,4000,3000,1000,1000
050175,台光電元大94購08,0,0,0,0,0,0,0,0,0,1000,0,0,0,1000,0,1000,1000
050234,國巨凱基94購10  ,0,0,0,0,0,0,0,0,0,1000,0,0,0,1000,0,1000,1000
050250,台郡凱基94購03  ,0,0,0,0,0,0,0,0,0,1000,0,0,0,12000,11000,1000,1000
050343,鴻海元富94購01  ,0,0,0,0,0,0,0,0,0,1000,0,0,0,1000,0,1000,1000
050322,世紀鋼國票95購01,0,0,0,0,0,0,0,0,0,1000,0,0,0,1000,0,1000,1000
050480,健策國票95購04  ,0,0,0,0,0,0,0,0,0,1000,0,0,0,1000,0,1000,1000
050710,元黃金中信96購01,0,0,0,0,0,0,0,0,0,1000,0,0,0,1000,0,1000,1000
050694,國巨凱基96購03  ,0,0,0,0,0,0,0,0,0,1000,0,0,0,2000,1000,1000,1000
050650,大立光凱基96購01,0,0,0,0,0,0,0,0,0,1000,0,0,0,1000,0,1000,1000
050056,國巨凱基94購04  ,0,0,0,0,0,0,0,0,0,1000,0,0,0,1000,0,1000,1000
051001,緯穎元大96購02  ,0,0,0,0,0,0,0,0,0,1000,0,0,0,1000,0,1000,1000
053704,國巨群益96購06  ,0,0,0,0,0,0,0,0,0,1000,0,0,0,1000,0,1000,1000
053653,京元電凱基96購02,0,0,0,0,0,0,0,0,0,1000,0,0,0,1000,0,1000,1000
051695,元金2X中信98購01,0,0,0,0,0,0,0,0,0,1000,0,0,0,1000,0,1000,1000
049255,旺宏元大97購02  ,0,0,0,0,0,0,0,0,0,1000,0,0,0,1000,0,1000,1000
049292,鴻海群益94購04  ,0,0,0,0,0,0,0,0,0,1000,0,0,0,1000,0,1000,1000
04881P,高股息凱基96售01,0,0,0,0,0,0,0,0,0,1000,0,0,0,1000,0,1000,1000
048249,嘉澤兆豐94購01  ,0,0,0,0,0,0,0,0,0,1000,0,0,0,1000,0,1000,1000
048793,超眾元大95購02  ,0,0,0,0,0,0,0,0,0,1000,0,0,0,1000,0,1000,1000
048143,聯發科統一94購03,0,0,0,0,0,0,0,0,0,1000,0,0,0,1000,0,1000,1000
048505,滬深2X群益99購03,0,0,0,0,0,0,0,0,0,1000,0,0,0,1000,0,1000,1000
048498,嘉澤元大94購01  ,0,0,0,0,0,0,0,0,0,1000,0,0,0,1000,0,1000,1000
04780P,大立光凱基94售11,0,0,0,0,0,0,0,0,0,1000,0,0,0,1000,0,1000,1000
050022,鴻海元大94購11  ,0,0,0,0,0,0,0,0,0,1000,0,0,0,11000,10000,1000,1000
047687,元金2X富邦96購01,0,0,0,0,0,0,0,0,0,1000,0,0,0,1000,0,1000,1000
047680,上証反中信96購01,0,0,0,0,0,0,0,0,0,1000,0,0,0,1000,0,1000,1000
047566,華新科國票94購02,0,0,0,0,0,0,0,0,0,1000,0,0,0,1000,0,1000,1000
049811,聯鈞元大94購01  ,0,0,0,0,0,0,0,0,0,1000,0,0,0,1000,0,1000,1000
049913,微星元大94購01  ,0,0,0,0,0,0,0,0,0,1000,0,0,0,1000,0,1000,1000
055715,智邦元大97購04  ,0,0,0,0,0,0,0,0,0,1000,0,0,0,1000,0,1000,1000
057291,國巨國泰9A購01  ,0,0,0,0,0,0,0,0,0,1000,0,0,0,1000,0,1000,1000
055660,台光電兆豐97購01,0,0,0,0,0,0,0,0,0,1000,0,0,0,1000,0,1000,1000
055676,亞德客凱基97購03,0,0,0,0,0,0,0,0,0,1000,0,0,0,1000,0,1000,1000
055681,奇鋐凱基98購03  ,0,0,0,0,0,0,0,0,0,1000,0,0,0,1000,0,1000,1000
059004,嘉晶元大99購05  ,0,0,0,0,0,0,0,0,0,1000,0,0,0,27000,26000,1000,1000
058682,聯發科凱基99購07,0,0,0,0,0,0,0,0,0,1000,0,0,0,1000,0,1000,1000
057337,聯發科國票99購02,0,0,0,0,0,0,0,0,0,1000,0,0,0,1000,0,1000,1000
055774,台光電凱基97購02,0,0,0,0,0,0,0,0,0,1000,0,0,0,1000,0,1000,1000
055865,臺股指元大97購02,0,0,0,0,0,0,0,0,0,1000,0,0,0,1000,0,1000,1000
053457,旺宏國泰98購03  ,0,0,0,0,0,0,0,0,0,1000,0,0,0,1000,0,1000,1000
052870,玉晶光凱基96購03,0,0,0,0,0,0,0,0,0,1000,0,0,0,1000,0,1000,1000
058669,上銀群益99購01  ,0,0,0,0,0,0,0,0,0,1000,0,0,0,1000,0,1000,1000
053557,聯茂凱基96購04  ,0,0,0,0,0,0,0,0,0,1000,0,0,0,1000,0,1000,1000
052755,滬深2X群益9A購01,0,0,0,0,0,0,0,0,0,1000,0,0,0,1000,0,1000,1000
052780,玉晶光國票96購04,0,0,0,0,0,0,0,0,0,1000,0,0,0,1000,0,1000,1000
053359,矽力統一96購02  ,0,0,0,0,0,0,0,0,0,1000,0,0,0,1000,0,1000,1000
052891,台泥群益96購01  ,0,0,0,0,0,0,0,0,0,1000,0,0,0,1000,0,1000,1000
052724,力成統一97購01  ,0,0,0,0,0,0,0,0,0,1000,0,0,0,1000,0,1000,1000
052679,致伸富邦98購01  ,0,0,0,0,0,0,0,0,0,1000,0,0,0,1000,0,1000,1000
053815,聯發科群益96購01,0,0,0,0,0,0,0,0,0,1000,0,0,0,1000,0,1000,1000
053884,緯穎第一96購01  ,0,0,0,0,0,0,0,0,0,1000,0,0,0,1000,0,1000,1000
052069,聯茂兆豐96購01  ,0,0,0,0,0,0,0,0,0,1000,0,0,0,1000,0,1000,1000
05211P,國巨國票96售05  ,0,0,0,0,0,0,0,0,0,1000,0,0,0,1000,0,1000,1000
052171,台積電元大95購21,0,0,0,0,0,0,0,0,0,1000,0,0,0,1000,0,1000,1000
051490,世芯凱基96購01  ,0,0,0,0,0,0,0,0,0,1000,0,0,0,1000,0,1000,1000
051402,玉晶光永豐95購04,0,0,0,0,0,0,0,0,0,1000,0,0,0,1000,0,1000,1000
051283,亞德客統一95購01,0,0,0,0,0,0,0,0,0,1000,0,0,0,6000,5000,1000,1000
051948,滬深2X元富9B購01,0,0,0,0,0,0,0,0,0,1000,0,0,0,1000,0,1000,1000
051951,聯發科元富95購02,0,0,0,0,0,0,0,0,0,1000,0,0,0,1000,0,1000,1000
051856,亞德客凱基95購01,0,0,0,0,0,0,0,0,0,1000,0,0,0,1000,0,1000,1000
052354,健策群益96購02  ,0,0,0,0,0,0,0,0,0,1000,0,0,0,1000,0,1000,1000
054128,台積電元大97購10,0,0,0,0,0,0,0,0,0,1000,0,0,0,1000,0,1000,1000
054157,國巨亞東96購01  ,0,0,0,0,0,0,0,0,0,1000,0,0,0,1000,0,1000,1000
054297,台郡元大98購01  ,0,0,0,0,0,0,0,0,0,1000,0,0,0,1000,0,1000,1000
053121,上証2X凱基9C購01,0,0,0,0,0,0,0,0,0,1000,0,0,0,1000,0,1000,1000
053135,信邦國票96購01  ,0,0,0,0,0,0,0,0,0,1000,0,0,0,1000,0,1000,1000
4739,康普            ,12000,11000,1000,0,0,0,0,0,0,0,0,0,0,0,0,0,1000
5284,jpp-KY          ,3000,2000,1000,0,0,0,0,0,0,0,0,0,0,0,0,0,1000
3528,安馳            ,3000,2000,1000,0,0,0,0,0,0,0,0,0,0,0,0,0,1000
3130,一零四          ,1000,0,1000,0,0,0,0,0,0,0,0,0,0,0,0,0,1000
3308,聯德            ,2000,1000,1000,0,0,0,0,0,0,0,0,0,0,0,0,0,1000
910322,康師傅-DR       ,3000,2000,1000,0,0,0,0,0,0,0,0,0,0,0,0,0,1000
8101,華冠            ,22000,21000,1000,0,0,0,0,0,0,0,0,0,0,0,0,0,1000
6201,亞弘電          ,1000,0,1000,0,0,0,0,0,0,0,0,0,0,0,0,0,1000
6243,迅杰            ,3000,2000,1000,0,0,0,0,0,0,0,0,0,0,0,0,0,1000
911616,杜康-DR         ,1000,0,1000,0,0,0,0,0,0,0,0,0,0,0,0,0,1000
07230P,滬深2X群益01售02,0,0,0,0,0,0,0,0,0,1000,0,0,0,1000,0,1000,1000
1203,味王            ,1000,0,1000,0,0,0,0,0,0,0,0,0,0,0,0,0,1000
1726,永記            ,3000,3000,0,0,0,0,0,0,0,1000,1000,0,1000,0,0,0,1000
059427,國巨元大99購24  ,0,0,0,0,0,0,0,0,0,1000,0,0,0,10000,9000,1000,1000
059496,T50正2元富99購03,0,0,0,0,0,0,0,0,0,1000,0,0,0,1000,0,1000,1000
059548,台積電群益99購10,0,0,0,0,0,0,0,0,0,1000,0,0,0,14000,13000,1000,1000
059605,臺股指元大9A購42,0,0,0,0,0,0,0,0,0,1000,0,0,0,2000,1000,1000,1000
06800P,台灣50群益9A售02,0,0,0,0,0,0,0,0,0,1000,0,0,0,1000,0,1000,1000
06743P,創意永豐98售03  ,0,0,0,0,0,0,0,0,0,1000,0,0,0,1000,0,1000,1000
06803P,臺股指群益98售09,0,0,0,0,0,0,0,0,0,1000,0,0,0,2000,1000,1000,1000
06723P,台灣50麥證99售01,0,0,0,1000,0,1000,0,0,0,1000,0,0,0,1000,0,1000,1000
06771P,台灣50中信02售01,0,0,0,0,0,0,0,0,0,1000,0,0,0,1000,0,1000,1000
06760P,台積電元大98售18,0,0,0,0,0,0,0,0,0,1000,0,0,0,1000,0,1000,1000
059354,臺指反富邦9B購01,0,0,0,0,0,0,0,0,0,1000,0,0,0,1000,0,1000,1000
06899P,嘉澤群益98售01  ,0,0,0,0,0,0,0,0,0,1000,0,0,0,1000,0,1000,1000
06893P,致新元富98售02  ,0,0,0,0,0,0,0,0,0,1000,0,0,0,1000,0,1000,1000
07042P,T50反1元大9C售02,0,0,0,0,0,0,0,0,0,1000,0,0,0,1000,0,1000,1000
07127P,精元元大99售01  ,0,0,0,0,0,0,0,0,0,1000,0,0,0,1000,0,1000,1000
07120P,聯發科凱基99售09,0,0,0,0,0,0,0,0,0,1000,0,0,0,1000,0,1000,1000
07094P,華通國票9A售03  ,0,0,0,0,0,0,0,0,0,1000,0,0,0,1000,0,1000,1000
07071P,立積元富99售01  ,0,0,0,0,0,0,0,0,0,1000,0,0,0,1000,0,1000,1000
06078P,臺股指凱基9A售01,0,0,0,0,0,0,0,0,0,1000,0,0,0,1000,0,1000,1000
06080P,景碩群益98售02  ,0,0,0,0,0,0,0,0,0,1000,0,0,0,1000,0,1000,1000
05963P,貿聯國票97售02  ,0,0,0,0,0,0,0,0,0,1000,0,0,0,1000,0,1000,1000
3702,大聯大          ,1891000,1857561,33439,0,0,0,0,0,0,-33000,261000,348000,-87000,54000,0,54000,439
05914P,友達元大96售04  ,0,0,0,0,0,0,0,0,0,0,0,0,0,50000,50000,0,0
059108,台灣50富邦9B購01,0,180000,-180000,0,0,0,0,0,0,180000,0,0,0,180000,0,180000,0
059097,世紀鋼元大99購05,0,0,0,0,0,0,0,0,0,0,0,0,0,10000,10000,0,0
054906,神達康和97購01  ,0,0,0,0,0,0,0,0,0,0,0,0,0,10000,10000,0,0
054928,帆宣凱基98購01  ,0,0,0,0,0,0,0,0,0,0,0,0,0,40000,40000,0,0
058647,華新科永豐99購03,0,0,0,0,0,0,0,0,0,0,0,0,0,5000,5000,0,0
058610,欣興元大99購05  ,0,0,0,0,0,0,0,0,0,0,0,0,0,5000,5000,0,0
058611,欣興元大99購06  ,0,0,0,0,0,0,0,0,0,0,0,0,0,5000,5000,0,0
058616,台虹元大9A購01  ,0,0,0,0,0,0,0,0,0,0,0,0,0,3000,3000,0,0
055247,聯發科統一98購01,0,0,0,0,0,0,0,0,0,0,0,0,0,20000,20000,0,0
056777,矽力元大98購02  ,0,0,0,0,0,0,0,0,0,0,0,0,0,10000,10000,0,0
056790,彩晶群益98購03  ,0,0,0,0,0,0,0,0,0,0,0,0,0,11000,11000,0,0
05681P,大立光元大96售05,0,0,0,0,0,0,0,0,0,0,0,0,0,60000,60000,0,0
056820,欣興永豐98購02  ,0,0,0,0,0,0,0,0,0,0,0,0,0,13000,13000,0,0
056767,大毅元大99購01  ,0,0,0,0,0,0,0,0,0,0,0,0,0,20000,20000,0,0
06445P,大立光凱基98售09,0,0,0,0,0,0,0,0,0,0,0,0,0,90000,90000,0,0
06366P,鴻海凱基97售10  ,0,0,0,0,0,0,0,0,0,0,0,0,0,10000,10000,0,0
06195P,台積電元富97售06,0,0,0,0,0,0,0,0,0,0,0,0,0,6000,6000,0,0
06202P,大立光元大98售06,0,0,0,0,0,0,0,0,0,0,0,0,0,680000,680000,0,0
06519P,元油2X元大98售03,0,0,0,0,0,0,0,0,0,0,0,0,0,160000,160000,0,0
06520P,元油2X元大98售04,0,0,0,0,0,0,0,0,0,0,0,0,0,200000,200000,0,0
059199,欣興永豐99購02  ,0,0,0,0,0,0,0,0,0,0,0,0,0,5000,5000,0,0
06184P,大立光元大97售06,0,0,0,0,0,0,0,0,0,0,0,0,0,570000,570000,0,0
059275,可成元大99購05  ,0,0,0,0,0,0,0,0,0,0,0,0,0,13000,13000,0,0
059248,華新科凱基99購04,0,0,0,0,0,0,0,0,0,0,0,0,0,6000,6000,0,0
054703,聯發科第一97購01,0,0,0,0,0,0,0,0,0,0,0,0,0,10000,10000,0,0
054578,世芯元大99購01  ,0,0,0,0,0,0,0,0,0,0,0,0,0,5000,5000,0,0
056636,台積電日盛9A購01,0,0,0,0,0,0,0,0,0,0,0,0,0,390000,390000,0,0
05658P,日月光元富96售02,0,0,0,0,0,0,0,0,0,0,0,0,0,10000,10000,0,0
058565,鴻海凱基9A購07  ,0,0,0,0,0,0,0,0,0,0,0,0,0,14000,14000,0,0
058580,華新科群益99購02,0,0,0,0,0,0,0,0,0,0,0,0,0,6000,6000,0,0
054444,緯穎台新97購01  ,0,0,0,0,0,0,0,0,0,0,0,0,0,5000,5000,0,0
05447P,臺股指元大95售24,0,0,0,0,0,0,0,0,0,0,0,0,0,5000,5000,0,0
058408,華通兆豐99購02  ,0,0,0,0,0,0,0,0,0,0,0,0,0,7000,7000,0,0
054761,台光電國票98購02,0,0,0,0,0,0,0,0,0,0,0,0,0,2000,2000,0,0
056683,台積電統一98購05,0,0,0,0,0,0,0,0,0,0,0,0,0,20000,20000,0,0
056709,華通永豐98購01  ,0,0,0,0,0,0,0,0,0,0,0,0,0,54000,54000,0,0
05818P,大立光凱基96售14,0,0,0,0,0,0,0,0,0,0,0,0,0,40000,40000,0,0
058163,道瓊反凱基9B購01,0,0,0,0,0,0,0,0,0,0,0,0,0,2000,2000,0,0
058166,鴻海凱基9A購01  ,0,0,0,0,0,0,0,0,0,0,0,0,0,14000,14000,0,0
058167,鴻海凱基9A購03  ,0,0,0,0,0,0,0,0,0,0,0,0,0,12000,12000,0,0
058042,鴻海元大98購12  ,0,0,0,0,0,0,0,0,0,0,0,0,0,10000,10000,0,0
057953,聚陽元大98購01  ,0,0,0,0,0,0,0,0,0,0,0,0,0,50000,50000,0,0
057933,聯發科群益98購06,0,0,0,0,0,0,0,0,0,0,0,0,0,1000,1000,0,0
057910,華新科兆豐99購02,0,0,0,0,0,0,0,0,0,0,0,0,0,10000,10000,0,0
056429,華通凱基98購02  ,0,0,0,0,0,0,0,0,0,0,0,0,0,7000,7000,0,0
056425,聯發科日盛9A購01,0,0,0,0,0,0,0,0,0,0,0,0,0,241000,241000,0,0
05651P,大立光元大97售02,0,0,0,0,0,0,0,0,0,0,0,0,0,20000,20000,0,0
05802P,臺股指兆豐96售02,0,0,0,0,0,0,0,0,0,0,0,0,0,9000,9000,0,0
057758,鴻海凱基99購03  ,0,0,0,0,0,0,0,0,0,0,0,0,0,18000,18000,0,0
057222,鴻海國票99購04  ,0,0,0,0,0,0,0,0,0,0,0,0,0,18000,18000,0,0
057721,華擎元富98購02  ,0,0,0,0,0,0,0,0,0,0,0,0,0,10000,10000,0,0
05786P,臺股指永昌96售03,0,0,0,0,0,0,0,0,0,0,0,0,0,20000,20000,0,0
057878,台郡元大99購04  ,0,0,0,0,0,0,0,0,0,0,0,0,0,40000,40000,0,0
05630P,大立光永昌96售06,0,0,0,0,0,0,0,0,0,0,0,0,0,130000,130000,0,0
057816,欣興元大98購13  ,0,0,0,0,0,0,0,0,0,0,0,0,0,5000,5000,0,0
058792,鴻海元大99購18  ,0,0,0,0,0,0,0,0,0,0,0,0,0,15000,15000,0,0
056376,玉晶光統一98購01,0,0,0,0,0,0,0,0,0,0,0,0,0,20000,20000,0,0
056365,欣興元大98購01  ,0,0,0,0,0,0,0,0,0,0,0,0,0,5000,5000,0,0
056036,鴻海凱基97購07  ,0,0,0,0,0,0,0,0,0,0,0,0,0,15000,15000,0,0
057507,貿聯國票98購02  ,0,0,0,0,0,0,0,0,0,0,0,0,0,40000,40000,0,0
057513,智邦台新98購01  ,0,0,0,0,0,0,0,0,0,0,0,0,0,20000,20000,0,0
055963,欣興元大97購04  ,0,0,0,0,0,0,0,0,0,0,0,0,0,5000,5000,0,0
057431,京鼎兆豐98購02  ,0,0,0,0,0,0,0,0,0,0,0,0,0,1000,1000,0,0
055511,大立光兆豐97購02,0,0,0,0,0,0,0,0,0,0,0,0,0,10000,10000,0,0
05548P,臺股指元大96售02,0,0,0,0,0,0,0,0,0,0,0,0,0,3000,3000,0,0
055563,智易凱基97購02  ,0,0,0,0,0,0,0,0,0,0,0,0,0,40000,40000,0,0
056068,欣興元大97購05  ,0,0,0,0,0,0,0,0,0,0,0,0,0,20000,20000,0,0
055642,廣宇元富97購01  ,0,0,0,0,0,0,0,0,0,0,0,0,0,9000,9000,0,0
057681,T50反1日盛9C購01,0,0,0,0,0,0,0,0,0,0,0,0,0,1000,1000,0,0
057670,欣興元大99購02  ,0,0,0,0,0,0,0,0,0,0,0,0,0,5000,5000,0,0
056141,聯茂元大97購05  ,0,0,0,0,0,0,0,0,0,0,0,0,0,26000,26000,0,0
056196,聯茂富邦98購02  ,0,50000,-50000,0,0,0,0,0,0,50000,0,0,0,50000,0,50000,0
057216,聯發科群益99購01,0,0,0,0,0,0,0,0,0,0,0,0,0,10000,10000,0,0
057042,台積電元大98購10,0,10000,-10000,0,0,0,0,0,0,10000,0,0,0,10000,0,10000,0
05701P,彩晶凱基96售01  ,0,0,0,0,0,0,0,0,0,0,0,0,0,30000,30000,0,0
05315P,鴻海永昌96售08  ,0,0,0,0,0,0,0,0,0,0,0,0,0,200000,200000,0,0
053175,矽力群益96購01  ,0,0,0,0,0,0,0,0,0,0,0,0,0,41000,41000,0,0
053167,欣興群益96購03  ,0,0,0,0,0,0,0,0,0,0,0,0,0,1000,1000,0,0
052361,大成鋼國票96購01,0,0,0,0,0,0,0,0,0,0,0,0,0,5000,5000,0,0
052332,美律亞東96購01  ,0,0,0,0,0,0,0,0,0,0,0,0,0,70000,70000,0,0
052338,道瓊反凱基97購02,0,0,0,0,0,0,0,0,0,0,0,0,0,3000,3000,0,0
05188P,可成凱基95售09  ,0,0,0,0,0,0,0,0,0,0,0,0,0,10000,10000,0,0
053772,大成鋼元大96購02,0,0,0,0,0,0,0,0,0,0,0,0,0,50000,50000,0,0
053755,亞光元富96購01  ,0,0,0,0,0,0,0,0,0,0,0,0,0,18000,18000,0,0
051274,華新科亞東96購01,0,0,0,0,0,0,0,0,0,0,0,0,0,2000000,2000000,0,0
05127P,鴻海亞東96售01  ,0,0,0,0,0,0,0,0,0,0,0,0,0,470000,470000,0,0
051578,智邦元大96購01  ,0,0,0,0,0,0,0,0,0,0,0,0,0,30000,30000,0,0
05218P,大立光永昌96售04,0,0,0,0,0,0,0,0,0,0,0,0,0,10000,10000,0,0
053842,聯發科統一96購08,0,0,0,0,0,0,0,0,0,0,0,0,0,208000,208000,0,0
052607,大立光元大96購03,0,0,0,0,0,0,0,0,0,0,0,0,0,540000,540000,0,0
052930,華新科元大97購03,0,0,0,0,0,0,0,0,0,0,0,0,0,25000,25000,0,0
05293P,廣達凱基95售01  ,0,0,0,0,0,0,0,0,0,0,0,0,0,10000,10000,0,0
052907,嘉澤國票97購01  ,0,0,0,0,0,0,0,0,0,0,0,0,0,6000,6000,0,0
052811,玉晶光台新96購03,0,0,0,0,0,0,0,0,0,0,0,0,0,20000,20000,0,0
05341P,臺股指兆豐95售02,0,0,0,0,0,0,0,0,0,0,0,0,0,9000,9000,0,0
055905,可成兆豐97購03  ,0,0,0,0,0,0,0,0,0,0,0,0,0,10000,10000,0,0
055826,中石化元大97購01,0,0,0,0,0,0,0,0,0,0,0,0,0,51000,51000,0,0
057381,微星國泰9A購01  ,0,0,0,0,0,0,0,0,0,0,0,0,0,30000,30000,0,0
057370,可成元大98購07  ,0,0,0,0,0,0,0,0,0,0,0,0,0,20000,20000,0,0
057371,可成元大98購08  ,0,0,0,0,0,0,0,0,0,0,0,0,0,7000,7000,0,0
057375,欣興元大98購09  ,0,0,0,0,0,0,0,0,0,0,0,0,0,5000,5000,0,0
058673,華新科群益9A購02,0,0,0,0,0,0,0,0,0,0,0,0,0,17000,17000,0,0
058700,鴻海元大99購15  ,0,0,0,0,0,0,0,0,0,0,0,0,0,15000,15000,0,0
058702,國巨元大99購16  ,0,0,0,0,0,0,0,0,0,0,0,0,0,10000,10000,0,0
055711,上銀元大97購04  ,0,0,0,0,0,0,0,0,0,0,0,0,0,20000,20000,0,0
047608,聯發科第一95購01,0,0,0,0,0,0,0,0,0,0,0,0,0,40000,40000,0,0
050021,鴻海元大94購10  ,0,0,0,0,0,0,0,0,0,0,0,0,0,20000,20000,0,0
04995P,台達電凱基96售03,0,0,0,0,0,0,0,0,0,0,0,0,0,10000,10000,0,0
049974,聯發科日盛94購02,0,0,0,0,0,0,0,0,0,0,0,0,0,230000,230000,0,0
04857P,美律元富94售01  ,0,0,0,0,0,0,0,0,0,0,0,0,0,50000,50000,0,0
04835P,鴻海元大94售18  ,0,0,0,0,0,0,0,0,0,0,0,0,0,50000,50000,0,0
048373,A50正2元富95購01,0,0,0,0,0,0,0,0,0,0,0,0,0,1000,1000,0,0
048847,A50群益98購01   ,0,0,0,0,0,0,0,0,0,0,0,0,0,100000,100000,0,0
049137,華通元大95購02  ,0,0,0,0,0,0,0,0,0,0,0,0,0,8000,8000,0,0
051641,矽創國票96購01  ,0,0,0,0,0,0,0,0,0,0,0,0,0,6000,6000,0,0
049494,華新科元大95購05,0,0,0,0,0,0,0,0,0,0,0,0,0,10000,10000,0,0
049618,美律群益94購03  ,0,0,0,0,0,0,0,0,0,0,0,0,0,10000,10000,0,0
051075,智邦國泰97購01  ,0,0,0,0,0,0,0,0,0,0,0,0,0,20000,20000,0,0
050036,矽格元大94購03  ,0,0,0,0,0,0,0,0,0,0,0,0,0,10000,10000,0,0
050121,南電元大95購02  ,0,0,0,0,0,0,0,0,0,0,0,0,0,10000,10000,0,0
050414,泰鼎永豐94購04  ,0,0,0,0,0,0,0,0,0,0,0,0,0,10000,10000,0,0
050420,鴻海凱基95購03  ,0,0,0,0,0,0,0,0,0,0,0,0,0,10000,10000,0,0
050380,台積電亞東94購02,0,0,0,0,0,0,0,0,0,0,0,0,0,480000,480000,0,0
04176P,台達電元大94售01,0,0,0,0,0,0,0,0,0,0,0,0,0,50000,50000,0,0
042918,矽格元大94購01  ,0,0,0,0,0,0,0,0,0,0,0,0,0,110000,110000,0,0
04379P,大立光元大94售06,0,0,0,0,0,0,0,0,0,0,0,0,0,10000,10000,0,0
04479P,同欣電中信96售02,0,0,0,0,0,0,0,0,0,0,0,0,0,10000,10000,0,0
050519,旺宏元大95購03  ,0,0,0,0,0,0,0,0,0,0,0,0,0,10000,10000,0,0
050529,矽格元大94購05  ,0,0,0,0,0,0,0,0,0,0,0,0,0,600000,600000,0,0
04712P,國泰金元大94售01,0,0,0,0,0,0,0,0,0,0,0,0,0,1000,1000,0,0
04693P,超眾群益95售01  ,0,0,0,0,0,0,0,0,0,0,0,0,0,10000,10000,0,0
00774B,新光中國政金綠債,0,0,0,0,0,0,0,0,0,0,0,0,0,2000,2000,0,0
00866,新光Shiller CAPE,0,0,0,0,0,0,0,0,0,0,0,0,0,28000,28000,0,0
00732,國泰RMB短期報酬 ,0,0,0,0,0,0,0,0,0,0,0,0,0,100000,100000,0,0
00691R,兆豐藍籌30反1   ,0,0,0,0,0,0,0,0,0,0,0,0,0,1000,1000,0,0
00625K,富邦上証+R      ,0,0,0,0,0,0,0,0,0,0,0,0,0,52000,52000,0,0
03009X,元展09          ,0,0,0,0,0,0,0,0,0,0,0,0,0,5000,5000,0,0
03010X,元展10          ,0,0,0,0,0,0,0,0,0,0,0,0,0,1000,1000,0,0
00666R,富邦恒生國企反1 ,19000,0,19000,0,0,0,0,0,0,-19000,0,0,0,72000,91000,-19000,0
00668K,國泰美國道瓊+U  ,0,0,0,0,0,0,0,0,0,0,0,0,0,100,100,0,0
00657K,國泰日經225+U   ,0,0,0,0,0,0,0,0,0,0,0,0,0,100,100,0,0
00636K,國泰中國A50+U   ,0,0,0,0,0,0,0,0,0,0,0,0,0,100,100,0,0
045659,華新科國泰94購01,0,0,0,0,0,0,0,0,0,0,0,0,0,45000,45000,0,0
045468,健策元大94購01  ,0,0,0,0,0,0,0,0,0,0,0,0,0,22000,22000,0,0
04627P,聯發科元大94售08,0,0,0,0,0,0,0,0,0,0,0,0,0,170000,170000,0,0
03975P,大立光元大94售02,0,0,0,0,0,0,0,0,0,0,0,0,0,10000,10000,0,0
036628,統一台新99購01  ,0,0,0,0,0,0,0,0,0,0,0,0,0,10000,10000,0,0
03420B,臺股指元大95熊31,0,0,0,0,0,0,0,0,0,0,0,0,0,5000,5000,0,0
6117,迎廣            ,1000,2000,-1000,0,0,0,0,0,0,1000,1000,0,1000,0,0,0,0
5906,台南-KY         ,3000,3000,0,0,0,0,0,0,0,0,0,0,0,0,0,0,0
3164,景岳            ,4000,4000,0,0,0,0,0,0,0,0,0,0,0,0,0,0,0
2936,客思達-KY       ,2000,2000,0,0,0,0,0,0,0,0,0,0,0,0,0,0,0
2906,高林            ,1000,1000,0,0,0,0,0,0,0,0,0,0,0,0,0,0,0
2901,欣欣            ,1000,1000,0,0,0,0,0,0,0,0,0,0,0,0,0,0,0
9908,大台北          ,22000,22000,0,0,0,0,0,0,0,0,0,0,0,0,0,0,0
059301,華新科群益99購04,0,0,0,0,0,0,0,0,0,0,0,0,0,10000,10000,0,0
6281,全國電          ,12000,12000,0,0,0,0,0,0,0,0,0,0,0,0,0,0,0
6671,三能-KY         ,1000,1000,0,0,0,0,0,0,0,0,0,0,0,0,0,0,0
059641,群創凱基99購06  ,0,0,0,0,0,0,0,0,0,0,0,0,0,18000,18000,0,0
059681,華新科國泰9B購02,0,0,0,0,0,0,0,0,0,0,0,0,0,25000,25000,0,0
059662,旭富元大9C購01  ,0,0,0,0,0,0,0,0,0,0,0,0,0,80000,80000,0,0
05991P,聯茂群益96售05  ,0,0,0,0,0,0,0,0,0,0,0,0,0,5000,5000,0,0
05968P,鴻海台新96售02  ,0,0,0,0,0,0,0,0,0,0,0,0,0,1430000,1430000,0,0
05980P,台積電永昌96售09,0,0,0,0,0,0,0,0,0,0,0,0,0,170000,170000,0,0
059695,聯鈞永豐99購02  ,0,0,0,0,0,0,0,0,0,0,0,0,0,54000,54000,0,0
06027P,鴻海台新96售04  ,0,0,0,0,0,0,0,0,0,0,0,0,0,660000,660000,0,0
06057P,大立光凱基98售01,0,0,0,0,0,0,0,0,0,0,0,0,0,40000,40000,0,0
06064P,台積電台新98售01,0,0,0,0,0,0,0,0,0,0,0,0,0,1000,1000,0,0
06081P,深中小元大97售02,0,0,0,0,0,0,0,0,0,0,0,0,0,10000,10000,0,0
06119P,大立光凱基98售04,0,0,0,0,0,0,0,0,0,0,0,0,0,70000,70000,0,0
06860P,台灣50兆豐98售01,0,0,0,0,0,0,0,0,0,0,0,0,0,9000,9000,0,0
06876P,台灣50兆豐9B售01,0,0,0,0,0,0,0,0,0,0,0,0,0,8000,8000,0,0
059315,鴻海元大99購30  ,0,0,0,0,0,0,0,0,0,0,0,0,0,2000,2000,0,0
07053P,台灣50兆豐01售01,0,0,0,0,0,0,0,0,0,0,0,0,0,9000,9000,0,0
07077P,緯穎凱基99售01  ,0,0,0,0,0,0,0,0,0,0,0,0,0,2000,2000,0,0
06919P,臺股指日盛98售02,0,0,0,0,0,0,0,0,0,0,0,0,0,10000,10000,0,0
06963P,鴻海凱基99售04  ,0,0,0,0,0,0,0,0,0,0,0,0,0,150000,150000,0,0
059396,T50反1元富99購04,0,0,0,0,0,0,0,0,0,0,0,0,0,35000,35000,0,0
06773P,台灣50兆豐9A售01,0,0,0,0,0,0,0,0,0,0,0,0,0,9000,9000,0,0
06733P,鴻海凱基99售02  ,0,0,0,0,0,0,0,0,0,0,0,0,0,20000,20000,0,0
06790P,台積電凱基9A售04,0,0,0,0,0,0,0,0,0,0,0,0,0,11000,11000,0,0
059595,華新科元大9A購03,0,0,0,0,0,0,0,0,0,0,0,0,0,10000,10000,0,0
059572,華新科凱基99購08,0,0,0,0,0,0,0,0,0,0,0,0,0,6000,6000,0,0
059581,日月光元富99購02,0,0,0,0,0,0,0,0,0,0,0,0,0,300000,300000,0,0
059532,華新科凱基9B購03,0,0,0,0,0,0,0,0,0,0,0,0,0,8000,8000,0,0
059530,華新科凱基9A購05,0,0,0,0,0,0,0,0,0,0,0,0,0,6000,6000,0,0
059510,華新科永豐99購07,0,0,0,0,0,0,0,0,0,0,0,0,0,8000,8000,0,0
059470,華新科元大99購16,0,0,0,0,0,0,0,0,0,0,0,0,0,10000,10000,0,0
059471,華新科元大99購17,0,0,0,0,0,0,0,0,0,0,0,0,0,10000,10000,0,0
1541,錩泰            ,12000,12000,0,0,0,0,0,0,0,0,0,0,0,0,0,0,0
1466,聚隆            ,4000,4000,0,0,0,0,0,0,0,0,0,0,0,0,0,0,0
07236P,台灣50國票99售05,0,0,0,0,0,0,0,0,0,0,0,0,0,100000,100000,0,0
1903,士紙            ,2000,2000,0,0,0,0,0,0,0,0,0,0,0,0,0,0,0
2832,台產            ,27000,27000,0,0,0,0,0,0,0,0,0,0,0,0,0,0,0
9946,三發地產        ,0,210,-210,0,0,0,0,0,0,0,0,0,0,0,0,0,-210
8070,長華*           ,44529,22000,22529,0,0,0,0,0,0,-23000,0,23000,-23000,0,0,0,-471
2881B,富邦金乙特      ,0,565,-565,0,0,0,0,0,0,0,0,0,0,0,0,0,-565
056996,矽力日盛99購01  ,0,0,0,0,0,0,0,0,0,-1000,0,0,0,0,1000,-1000,-1000
056990,聯發科兆豐98購01,0,0,0,0,0,0,0,0,0,-1000,0,0,0,0,1000,-1000,-1000
05717P,鴻海元大97售07  ,0,0,0,0,0,0,0,0,0,-1000,0,0,0,0,1000,-1000,-1000
057152,緯穎國票99購03  ,0,0,0,0,0,0,0,0,0,-1000,0,0,0,0,1000,-1000,-1000
057684,聯茂日盛99購01  ,0,0,0,0,0,0,0,0,0,-1000,0,0,0,0,1000,-1000,-1000
05768P,台積電凱基96售15,0,0,0,0,0,0,0,0,0,-1000,0,0,0,0,1000,-1000,-1000
055384,緯穎元大98購02  ,0,0,0,0,0,0,0,0,0,-1000,0,0,0,0,1000,-1000,-1000
05454P,奇鋐群益95售04  ,0,0,0,0,0,0,0,0,0,-1000,0,0,0,0,1000,-1000,-1000
056059,美律元大98購02  ,0,0,0,0,0,0,0,0,0,-1000,0,0,0,0,1000,-1000,-1000
057873,義隆元大98購03  ,0,0,0,0,0,0,0,0,0,-1000,0,0,0,55000,56000,-1000,-1000
057756,瑞昱日盛99購01  ,0,0,0,0,0,0,0,0,0,-1000,0,0,0,0,1000,-1000,-1000
057251,泰鼎統一98購02  ,0,0,0,0,0,0,0,0,0,-1000,0,0,0,0,1000,-1000,-1000
058040,FBVIX元大98購01 ,0,0,0,0,0,0,0,0,0,-1000,0,0,0,0,1000,-1000,-1000
058874,聯鈞國票9A購01  ,0,0,0,0,0,0,0,0,0,-1000,0,0,0,2000,3000,-1000,-1000
058906,晶相光元大99購01,0,0,0,0,0,0,0,0,0,-1000,0,0,0,0,1000,-1000,-1000
058221,上銀統一99購04  ,0,0,0,0,0,0,0,0,0,-1000,0,0,0,0,1000,-1000,-1000
056905,欣興元大98購03  ,0,0,0,0,0,0,0,0,0,-1000,0,0,0,6000,7000,-1000,-1000
055120,南港兆豐97購01  ,0,0,0,0,0,0,0,0,0,-1000,0,0,0,0,1000,-1000,-1000
058402,欣興元大99購04  ,0,0,0,0,0,0,0,0,0,-1000,0,0,0,5000,6000,-1000,-1000
058502,鴻海元大99購13  ,0,0,0,0,0,0,0,0,0,-1000,0,0,0,14000,15000,-1000,-1000
058550,南亞科永豐99購01,0,0,0,0,0,0,0,0,0,-1000,0,0,0,0,1000,-1000,-1000
056599,臻鼎元富98購01  ,0,0,0,0,0,0,0,0,0,-1000,0,0,0,0,1000,-1000,-1000
054722,傳奇永豐97購01  ,0,0,0,0,0,0,0,0,0,-1000,0,0,0,0,1000,-1000,-1000
054559,台光電群益99購01,0,0,0,0,0,0,0,0,0,-1000,0,0,0,0,1000,-1000,-1000
054522,康友元大96購07  ,0,0,0,0,0,0,0,0,0,-1000,0,0,0,0,1000,-1000,-1000
054623,華新科第一97購01,0,0,0,0,0,0,0,0,0,-1000,0,0,0,0,1000,-1000,-1000
059228,臺股指元大99購21,0,0,0,0,0,0,0,0,0,-1000,0,0,0,1000,2000,-1000,-1000
06550P,健策元大99售01  ,0,0,0,0,0,0,0,0,0,-1000,0,0,0,0,1000,-1000,-1000
06492P,上銀永豐98售01  ,0,0,0,0,0,0,0,0,0,-1000,0,0,0,0,1000,-1000,-1000
06576P,台光電群益98售03,0,0,0,0,0,0,0,0,0,-1000,0,0,0,0,1000,-1000,-1000
06223P,漢唐元富97售02  ,0,0,0,0,0,0,0,0,0,-1000,0,0,0,0,1000,-1000,-1000
06245P,健策元富97售03  ,0,0,0,0,0,0,0,0,0,-1000,0,0,0,0,1000,-1000,-1000
06274P,臺股指凱基97售06,0,0,0,0,0,0,0,0,0,-1000,0,0,0,0,1000,-1000,-1000
06372P,聯發科元大97售21,0,0,0,0,0,0,0,0,0,-1000,0,0,0,0,1000,-1000,-1000
06451P,聯發科元大98售04,0,0,0,0,0,0,0,0,0,-1000,0,0,0,0,1000,-1000,-1000
056776,聯茂元大99購01  ,0,0,0,0,0,0,0,0,0,-1000,0,0,0,0,1000,-1000,-1000
055249,大毅統一99購01  ,0,0,0,0,0,0,0,0,0,-1000,0,0,0,0,1000,-1000,-1000
055268,和大元大97購01  ,0,0,0,0,0,0,0,0,0,-1000,0,0,0,0,1000,-1000,-1000
03649C,T50反1凱基99牛05,0,0,0,0,0,0,0,0,0,-1000,0,0,0,0,1000,-1000,-1000
03799P,京元電元大94售01,0,0,0,0,0,0,0,0,0,-1000,0,0,0,0,1000,-1000,-1000
03026X,元展23          ,0,0,0,0,0,0,0,0,0,-1000,0,0,0,0,1000,-1000,-1000
04632P,台積電群益94售11,0,0,0,0,0,0,0,0,0,-1000,0,0,0,0,1000,-1000,-1000
03012X,元展12          ,0,0,0,0,0,0,0,0,0,-1000,0,0,0,0,1000,-1000,-1000
03060X,元展55          ,0,0,0,0,0,0,0,0,0,-1000,0,0,0,0,1000,-1000,-1000
04551P,台表科元大94售02,0,0,0,0,0,0,0,0,0,-1000,0,0,0,0,1000,-1000,-1000
04544P,欣興富邦96售02  ,0,0,0,0,0,0,0,0,0,-1000,0,0,0,0,1000,-1000,-1000
04340P,易華電元大94售02,0,0,0,0,0,0,0,0,0,-1000,0,0,0,0,1000,-1000,-1000
04234P,華通群益94售02  ,0,0,0,0,0,0,0,0,0,-1000,0,0,0,14000,15000,-1000,-1000
050779,超眾元大96購03  ,0,0,0,0,0,0,0,0,0,-1000,0,0,0,4000,5000,-1000,-1000
051008,大立光麥證95購01,0,0,0,0,1000,-1000,0,0,0,-1000,0,0,0,0,1000,-1000,-1000
05097P,聯發科日盛95售01,0,0,0,0,0,0,0,0,0,-1000,0,0,0,0,1000,-1000,-1000
051251,信邦元大95購01  ,0,0,0,0,0,0,0,0,0,-1000,0,0,0,0,1000,-1000,-1000
051248,華固元大95購01  ,0,0,0,0,0,0,0,0,0,-1000,0,0,0,0,1000,-1000,-1000
053691,聯發科元大96購16,0,0,0,0,0,0,0,0,0,-1000,0,0,0,0,1000,-1000,-1000
050904,臺股指元大95購11,0,0,0,0,0,0,0,0,0,-1000,0,0,0,0,1000,-1000,-1000
049630,臺股指群益94購03,0,0,0,0,0,0,0,0,0,-1000,0,0,0,0,1000,-1000,-1000
049567,鴻海統一94購05  ,0,0,0,0,0,0,0,0,0,-1000,0,0,0,0,1000,-1000,-1000
049592,欣興元大96購01  ,0,0,0,0,0,0,0,0,0,-1000,0,0,0,0,1000,-1000,-1000
049597,泰鼎元大96購01  ,0,0,0,0,0,0,0,0,0,-1000,0,0,0,0,1000,-1000,-1000
049378,聯詠元大94購02  ,0,0,0,0,0,0,0,0,0,-1000,0,0,0,0,1000,-1000,-1000
05161P,華新科國票96售01,0,0,0,0,0,0,0,0,0,-1000,0,0,0,30000,31000,-1000,-1000
049128,滬深2X元大97購03,0,0,0,0,0,0,0,0,0,-1000,0,0,0,0,1000,-1000,-1000
049264,奇鋐元大95購01  ,0,0,0,0,0,0,0,0,0,-1000,0,0,0,0,1000,-1000,-1000
048350,世紀鋼元大95購01,0,0,0,0,0,0,0,0,0,-1000,0,0,0,0,1000,-1000,-1000
047690,美律富邦97購01  ,0,0,0,0,0,0,0,0,0,-1000,0,0,0,0,1000,-1000,-1000
04839P,大立光元大94售17,0,0,0,0,0,0,0,0,0,-1000,0,0,0,0,1000,-1000,-1000
04994P,大成鋼凱基95售01,0,0,0,0,0,0,0,0,0,-1000,0,0,0,0,1000,-1000,-1000
04761P,可成凱基94售09  ,0,0,0,0,0,0,0,0,0,-1000,0,0,0,0,1000,-1000,-1000
04753P,台積電統一94售11,0,0,0,0,0,0,0,0,0,-1000,0,0,0,0,1000,-1000,-1000
055749,智邦永昌9C購01  ,0,0,0,0,0,0,0,0,0,-1000,0,0,0,5000,6000,-1000,-1000
055693,南茂凱基97購01  ,0,0,0,0,0,0,0,0,0,-1000,0,0,0,0,1000,-1000,-1000
05871P,全新凱基96售04  ,0,0,0,0,0,0,0,0,0,-1000,0,0,0,0,1000,-1000,-1000
057378,康友元大98購02  ,0,0,0,0,0,0,0,0,0,-1000,0,0,0,0,1000,-1000,-1000
057354,聯鈞統一99購03  ,0,0,0,0,0,0,0,0,0,-1000,0,0,0,0,1000,-1000,-1000
057357,超眾統一98購01  ,0,0,0,0,0,0,0,0,0,-1000,0,0,0,0,1000,-1000,-1000
055887,上銀統一97購03  ,0,0,0,0,0,0,0,0,0,-1000,0,0,0,0,1000,-1000,-1000
053417,上銀永豐96購02  ,0,0,0,0,0,0,0,0,0,-1000,0,0,0,0,1000,-1000,-1000
052830,台光電群益96購01,0,0,0,0,0,0,0,0,0,-1000,0,0,0,510000,511000,-1000,-1000
052863,友達凱基98購02  ,0,0,0,0,0,0,0,0,0,-1000,0,0,0,0,1000,-1000,-1000
053976,亞光元大96購02  ,0,0,0,0,0,0,0,0,0,-1000,0,0,0,0,1000,-1000,-1000
053980,泰鼎元大97購02  ,0,0,0,0,0,0,0,0,0,-1000,0,0,0,1000,2000,-1000,-1000
053983,樺漢元大97購02  ,0,0,0,0,0,0,0,0,0,-1000,0,0,0,0,1000,-1000,-1000
052179,康友元大95購03  ,0,0,0,0,0,0,0,0,0,-1000,0,0,0,0,1000,-1000,-1000
051544,T50反1康和98購01,0,0,0,0,0,0,0,0,0,-1000,0,0,0,0,1000,-1000,-1000
051532,潤泰全國票96購01,0,0,0,0,0,0,0,0,0,-1000,0,0,0,0,1000,-1000,-1000
051497,中磊亞東96購01  ,0,0,0,0,0,0,0,0,0,-1000,0,0,0,0,1000,-1000,-1000
051401,華新科永豐95購01,0,0,0,0,0,0,0,0,0,-1000,0,0,0,0,1000,-1000,-1000
051930,國泰金兆豐97購01,0,0,0,0,0,0,0,0,0,-1000,0,0,0,0,1000,-1000,-1000
05227P,大立光統一95售04,0,0,0,0,0,0,0,0,0,-1000,0,0,0,1000,2000,-1000,-1000
053155,晶技元大97購02  ,0,0,0,0,0,0,0,0,0,-1000,0,0,0,0,1000,-1000,-1000
053157,日月光元大96購03,0,0,0,0,0,0,0,0,0,-1000,0,0,0,900000,901000,-1000,-1000
2882B,國泰金乙特      ,0,0,0,0,0,0,0,0,0,-1000,0,1000,-1000,0,0,0,-1000
3011,今皓            ,2000,3000,-1000,0,0,0,0,0,0,0,0,0,0,0,0,0,-1000
3021,鴻名            ,1000,2000,-1000,0,0,0,0,0,0,0,0,0,0,0,0,0,-1000
3494,誠研            ,0,1000,-1000,0,0,0,0,0,0,0,0,0,0,0,0,0,-1000
5538,東明-KY         ,0,1000,-1000,0,0,0,0,0,0,0,0,0,0,0,0,0,-1000
4720,德淵            ,0,1000,-1000,0,0,0,0,0,0,0,0,0,0,0,0,0,-1000
8072,陞泰            ,0,1000,-1000,0,0,0,0,0,0,0,0,0,0,0,0,0,-1000
6625,必應            ,0,1000,-1000,0,0,0,0,0,0,0,0,0,0,0,0,0,-1000
6641,基士德-KY       ,0,1000,-1000,0,0,0,0,0,0,0,0,0,0,0,0,0,-1000
8481,政伸            ,0,1000,-1000,0,0,0,0,0,0,0,0,0,0,0,0,0,-1000
8466,美吉吉-KY       ,1000,4000,-3000,0,0,0,0,0,0,2000,2000,0,2000,0,0,0,-1000
6464,台數科          ,0,1000,-1000,0,0,0,0,0,0,0,0,0,0,0,0,0,-1000
9929,秋雨            ,0,1000,-1000,0,0,0,0,0,0,0,0,0,0,0,0,0,-1000
2701,萬企            ,0,1000,-1000,0,0,0,0,0,0,0,0,0,0,0,0,0,-1000
2712,遠雄來          ,0,1000,-1000,0,0,0,0,0,0,0,0,0,0,0,0,0,-1000
2540,愛山林          ,0,1000,-1000,0,0,0,0,0,0,0,0,0,0,0,0,0,-1000
1776,展宇            ,0,1000,-1000,0,0,0,0,0,0,0,0,0,0,0,0,0,-1000
2017,官田鋼          ,0,0,0,0,0,0,0,0,0,-1000,0,1000,-1000,0,0,0,-1000
2115,六暉-KY         ,0,1000,-1000,0,0,0,0,0,0,0,0,0,0,0,0,0,-1000
07273P,台灣50群益99售03,0,0,0,0,0,0,0,0,0,-1000,0,0,0,6000,7000,-1000,-1000
1236,宏亞            ,0,1000,-1000,0,0,0,0,0,0,0,0,0,0,0,0,0,-1000
1443,立益            ,0,1000,-1000,0,0,0,0,0,0,0,0,0,0,0,0,0,-1000
1616,億泰            ,0,1000,-1000,0,0,0,0,0,0,0,0,0,0,0,0,0,-1000
059462,台灣50元大9C購06,0,0,0,0,0,0,0,0,0,-1000,0,0,0,0,1000,-1000,-1000
059439,健策元大9B購01  ,0,0,0,0,0,0,0,0,0,-1000,0,0,0,3000,4000,-1000,-1000
059554,台灣50凱基99購08,0,0,0,0,0,0,0,0,0,-1000,0,0,0,0,1000,-1000,-1000
06763P,技嘉元大98售05  ,0,0,0,0,0,0,0,0,0,-1000,0,0,0,0,1000,-1000,-1000
06720P,智邦亞東99售01  ,0,0,0,0,0,0,0,0,0,-1000,0,0,0,0,1000,-1000,-1000
06692P,瑞昱凱基98售03  ,0,0,0,0,0,0,0,0,0,-1000,0,0,0,0,1000,-1000,-1000
06644P,亞德客元大98售03,0,0,0,0,0,0,0,0,0,-1000,0,0,0,51000,52000,-1000,-1000
05941P,聯發科凱基96售22,0,0,0,0,0,0,0,0,0,-1000,0,0,0,0,1000,-1000,-1000
059337,台灣50凱基9C購05,0,0,0,0,0,0,0,0,0,-1000,0,0,0,0,1000,-1000,-1000
06935P,神達元大98售02  ,0,0,0,0,0,0,0,0,0,-1000,0,0,0,0,1000,-1000,-1000
07039P,南電台新99售01  ,0,0,0,0,0,0,0,0,0,-1000,0,0,0,0,1000,-1000,-1000
07086P,力成元富9C售01  ,0,0,0,0,0,0,0,0,0,-1000,0,0,0,0,1000,-1000,-1000
06084P,宏達電元富97售02,0,0,0,0,0,0,0,0,0,-1000,0,0,0,0,1000,-1000,-1000
06085P,義隆台新97售01  ,0,0,0,0,0,0,0,0,0,-1000,0,0,0,0,1000,-1000,-1000
06103P,漢唐凱基97售02  ,0,0,0,0,0,0,0,0,0,-1000,0,0,0,0,1000,-1000,-1000
06115P,台積電統一97售04,0,0,0,0,0,0,0,0,0,-1000,0,0,0,0,1000,-1000,-1000
06062P,宏達電元富97售01,0,0,0,0,0,0,0,0,0,-1000,0,0,0,0,1000,-1000,-1000
06072P,牧德永豐97售01  ,0,0,0,0,0,0,0,0,0,-1000,0,0,0,0,1000,-1000,-1000
05973P,聯詠元大96售06  ,0,0,0,0,0,0,0,0,0,-1000,0,0,0,30000,31000,-1000,-1000
059623,聯電凱基99購02  ,0,0,0,0,0,0,0,0,0,-1000,0,0,0,0,1000,-1000,-1000
059633,聯發科凱基9A購07,0,0,0,0,0,0,0,0,0,-1000,0,0,0,0,1000,-1000,-1000
058632,世紀鋼國票9A購01,0,0,0,0,0,0,0,0,0,-2000,0,0,0,0,2000,-2000,-2000
058937,仁寶中信99購01  ,0,0,0,0,0,0,0,0,0,-2000,0,0,0,0,2000,-2000,-2000
054977,SP黃豆元富9B購01,0,0,0,0,0,0,0,0,0,-2000,0,0,0,60000,62000,-2000,-2000
059126,臺指反中信9B購01,0,0,0,0,0,0,0,0,0,-2000,0,0,0,10000,12000,-2000,-2000
06365P,鴻海凱基97售09  ,0,0,0,0,0,0,0,0,0,-2000,0,0,0,0,2000,-2000,-2000
06199P,聯發科元大97售17,0,0,0,0,0,0,0,0,0,-2000,0,0,0,40000,42000,-2000,-2000
06200P,聯發科元大97售18,0,0,0,0,0,0,0,0,0,-2000,0,0,0,0,2000,-2000,-2000
06611P,祥碩國票98售01  ,0,0,0,0,0,0,0,0,0,-2000,0,0,0,5000,7000,-2000,-2000
059212,鴻海元大99購28  ,0,0,0,0,0,0,0,0,0,-2000,0,0,0,9000,11000,-2000,-2000
06156P,大立光統一97售05,0,0,0,0,0,0,0,0,0,-2000,0,0,0,0,2000,-2000,-2000
05468P,鴻海元大96售14  ,0,0,0,0,0,0,0,0,0,-2000,0,0,0,0,2000,-2000,-2000
054682,東元永豐97購01  ,0,0,0,0,0,0,0,0,0,-2000,0,0,0,0,2000,-2000,-2000
054683,川湖永豐97購01  ,0,0,0,0,0,0,0,0,0,-2000,0,0,0,0,2000,-2000,-2000
056657,華邦電元大99購01,0,0,0,0,0,0,0,0,0,-2000,0,0,0,0,2000,-2000,-2000
05669P,嘉晶永豐96售03  ,0,0,0,0,0,0,0,0,0,-2000,0,0,0,0,2000,-2000,-2000
05475P,聯茂亞東95售01  ,0,0,0,0,0,0,0,0,0,-2000,0,0,0,0,2000,-2000,-2000
058255,臺股指元大9A購19,0,0,0,0,0,0,0,0,0,-2000,0,0,0,0,2000,-2000,-2000
057956,全新元大99購04  ,0,0,0,0,0,0,0,0,0,-2000,0,0,0,20000,22000,-2000,-2000
058804,T50反1統一9B購01,0,0,0,0,0,0,0,0,0,-2000,0,0,0,0,2000,-2000,-2000
056054,亞德客元大97購05,0,0,0,0,0,0,0,0,0,-2000,0,0,0,0,2000,-2000,-2000
057173,南亞科元大98購04,0,0,0,0,0,0,0,0,0,-2000,0,0,0,0,2000,-2000,-2000
057071,華擎永豐98購02  ,0,0,0,0,0,0,0,0,0,-2000,0,0,0,0,2000,-2000,-2000
053041,可成凱基96購02  ,0,0,0,0,0,0,0,0,0,-2000,0,0,0,0,2000,-2000,-2000
05305P,華新科國泰97售01,0,0,0,0,0,0,0,0,0,-2000,0,0,0,0,2000,-2000,-2000
053074,嘉晶永豐96購02  ,0,0,0,0,0,0,0,0,0,-2000,0,0,0,10000,12000,-2000,-2000
051346,仁寶元大95購01  ,0,0,0,0,0,0,0,0,0,-2000,0,0,0,0,2000,-2000,-2000
054037,T50反1元大96購09,0,0,0,0,0,0,0,0,0,-2000,0,0,0,0,2000,-2000,-2000
053949,康控富邦9A購01  ,0,0,0,0,0,0,0,0,0,-2000,0,0,0,0,2000,-2000,-2000
053458,聯詠國泰97購01  ,0,0,0,0,0,0,0,0,0,-2000,0,0,0,0,2000,-2000,-2000
05267P,欣興元大95售08  ,0,0,0,0,0,0,0,0,0,-2000,0,0,0,0,2000,-2000,-2000
055904,貿聯亞東99購01  ,0,0,0,0,0,0,0,0,0,-2000,0,0,0,0,2000,-2000,-2000
058993,滬深反元大9C購01,0,0,0,0,0,0,0,0,0,-2000,0,0,0,0,2000,-2000,-2000
048602,上緯控國票96購01,0,0,0,0,0,0,0,0,0,-2000,0,0,0,0,2000,-2000,-2000
05092P,全新元大95售03  ,0,0,0,0,0,0,0,0,0,-2000,0,0,0,0,2000,-2000,-2000
05094P,大立光元大95售07,0,0,0,0,0,0,0,0,0,-2000,0,0,0,0,2000,-2000,-2000
051099,台郡元大95購03  ,0,0,0,0,0,0,0,0,0,-2000,0,0,0,0,2000,-2000,-2000
03006X,元展06          ,0,0,0,0,0,0,0,0,0,-2000,0,0,0,0,2000,-2000,-2000
00743,國泰中國A150    ,0,294000,-294000,0,0,0,0,0,0,292000,0,0,0,295000,3000,292000,-2000
06016P,京元電凱基96售03,0,0,0,0,0,0,0,0,0,-2000,0,0,0,0,2000,-2000,-2000
06083P,華通統一98售02  ,0,0,0,0,0,0,0,0,0,-2000,0,0,0,0,2000,-2000,-2000
07101P,台郡元大99售06  ,0,0,0,0,0,0,0,0,0,-2000,0,0,0,0,2000,-2000,-2000
07171P,臺股指國票99售08,0,0,0,0,0,0,0,0,0,-2000,0,0,0,150000,152000,-2000,-2000
07009P,臺股指中信9B售01,0,0,0,0,0,0,0,0,0,-2000,0,0,0,0,2000,-2000,-2000
059363,超眾永豐99購02  ,0,0,0,0,0,0,0,0,0,-2000,0,0,0,19000,21000,-2000,-2000
059398,滬深2X元富9C購02,0,0,0,0,0,0,0,0,0,-2000,0,0,0,2000,4000,-2000,-2000
059600,緯穎元大99購07  ,0,0,0,0,0,0,0,0,0,-2000,0,0,0,0,2000,-2000,-2000
059498,滬深2X元富9C購06,0,0,0,0,0,0,0,0,0,-2000,0,0,0,0,2000,-2000,-2000
1583,程泰            ,0,2000,-2000,0,0,0,0,0,0,0,0,0,0,0,0,0,-2000
1516,川飛            ,0,1000,-1000,0,0,0,0,0,0,-1000,0,1000,-1000,0,0,0,-2000
1219,福壽            ,3000,5000,-2000,0,0,0,0,0,0,0,0,0,0,0,0,0,-2000
07298P,台灣50元大9C售12,0,0,0,0,0,0,0,0,0,-2000,0,0,0,0,2000,-2000,-2000
07240P,台灣50台新94售01,0,0,0,0,0,0,0,0,0,-2000,0,0,0,0,2000,-2000,-2000
07177P,臺股指凱基99售19,0,0,0,0,0,0,0,0,0,-2000,0,0,0,0,2000,-2000,-2000
07209P,台積電凱基9A售10,0,0,0,0,0,0,0,0,0,-2000,0,0,0,0,2000,-2000,-2000
2630,亞航            ,0,2000,-2000,0,0,0,0,0,0,0,0,0,0,0,0,0,-2000
2427,三商電          ,7000,9000,-2000,0,0,0,0,0,0,0,0,0,0,0,0,0,-2000
2431,聯昌            ,22000,23000,-1000,0,0,0,0,0,0,-1000,0,1000,-1000,0,0,0,-2000
2438,翔耀            ,0,2000,-2000,0,0,0,0,0,0,0,0,0,0,0,0,0,-2000
2462,良得電          ,3000,5000,-2000,0,0,0,0,0,0,0,0,0,0,0,0,0,-2000
9931,欣高            ,0,2000,-2000,0,0,0,0,0,0,0,0,0,0,0,0,0,-2000
9926,新海            ,2000,4000,-2000,0,0,0,0,0,0,0,0,0,0,0,0,0,-2000
6205,詮欣            ,2000,0,2000,0,0,0,0,0,0,-4000,0,4000,-4000,0,0,0,-2000
8462,柏文            ,9000,11000,-2000,0,0,0,0,0,0,0,0,0,0,0,0,0,-2000
8478,東哥遊艇        ,2000,4000,-2000,0,0,0,0,0,0,0,0,0,0,0,0,0,-2000
4581,光隆精密-KY     ,0,2000,-2000,0,0,0,0,0,0,0,0,0,0,0,0,0,-2000
4562,穎漢            ,1000,3000,-2000,0,0,0,0,0,0,0,0,0,0,0,0,0,-2000
4540,全球傳動        ,90000,92000,-2000,0,0,0,0,0,0,0,0,0,0,0,0,0,-2000
3694,海華            ,4000,6000,-2000,0,0,0,0,0,0,0,0,0,0,0,0,0,-2000
3432,台端            ,0,2000,-2000,0,0,0,0,0,0,0,0,0,0,0,0,0,-2000
3321,同泰            ,0,0,0,0,0,0,0,2000,-2000,0,0,0,0,0,0,0,-2000
3002,歐格            ,0,2000,-2000,0,0,0,0,0,0,0,0,0,0,0,0,0,-2000
057084,立積統一9B購01  ,0,0,0,0,0,0,0,0,0,-3000,0,0,0,0,3000,-3000,-3000
057574,中磊永豐98購01  ,0,0,0,0,0,0,0,0,0,-3000,0,0,0,0,3000,-3000,-3000
05536P,奇力新元大96售03,0,0,0,0,0,0,0,0,0,-3000,0,0,0,2000,5000,-3000,-3000
055525,國巨群益98購05  ,0,0,0,0,0,0,0,0,0,-3000,0,0,0,0,3000,-3000,-3000
055593,華新科元大97購10,0,0,0,0,0,0,0,0,0,-3000,0,0,0,0,3000,-3000,-3000
057725,台達電國泰9A購01,0,0,0,0,0,0,0,0,0,-3000,0,0,0,20000,23000,-3000,-3000
057976,旺宏永豐98購03  ,0,0,0,0,0,0,0,0,0,-3000,0,0,0,17000,20000,-3000,-3000
057908,國泰金亞東99購01,0,0,0,0,0,0,0,0,0,-3000,0,0,0,0,3000,-3000,-3000
05638P,國巨統一96售04  ,0,0,0,0,0,0,0,0,0,-3000,0,0,0,0,3000,-3000,-3000
056487,康友元大98購01  ,0,0,0,0,0,0,0,0,0,-3000,0,0,0,0,3000,-3000,-3000
058919,SGBR2X元富99購05,0,0,0,0,0,0,0,0,0,-3000,0,0,0,0,3000,-3000,-3000
058091,欣興元大99購03  ,0,0,0,0,0,0,0,0,0,-3000,0,0,0,5000,8000,-3000,-3000
058264,瑞昱永豐99購01  ,0,0,0,0,0,0,0,0,0,-3000,0,0,0,6000,9000,-3000,-3000
058138,晶相光元大9C購01,0,0,0,0,0,0,0,0,0,-3000,0,0,0,0,3000,-3000,-3000
056658,美食元大98購01  ,0,0,0,0,0,0,0,0,0,-3000,0,0,0,0,3000,-3000,-3000
06163P,聯詠群益97售01  ,0,0,0,0,0,0,0,0,0,-3000,0,0,0,0,3000,-3000,-3000
059243,聯發科凱基99購12,0,0,0,0,0,0,0,0,0,-3000,0,0,0,14000,17000,-3000,-3000
059230,滬深2X國票9B購02,0,0,0,0,0,0,0,0,0,-3000,0,0,0,17000,20000,-3000,-3000
06594P,立積元大98售01  ,0,0,0,0,0,0,0,0,0,-3000,0,0,0,12000,15000,-3000,-3000
06619P,聯發科元大98售06,0,0,0,0,0,0,0,0,0,-3000,0,0,0,40000,43000,-3000,-3000
06298P,聯發科元大97售20,0,0,0,0,0,0,0,0,0,-3000,0,0,0,0,3000,-3000,-3000
06301P,臺股指元大97售04,0,0,0,0,0,0,0,0,0,-3000,0,0,0,0,3000,-3000,-3000
059144,嘉晶國票9A購02  ,0,0,0,0,0,0,0,0,0,-3000,0,0,0,25000,28000,-3000,-3000
055216,友達凱基98購05  ,0,0,0,0,0,0,0,0,0,-3000,0,0,0,0,3000,-3000,-3000
05520P,聯詠凱基96售01  ,0,0,0,0,0,0,0,0,0,-3000,0,0,0,0,3000,-3000,-3000
00689R,國泰20年美債反1 ,0,29000,-29000,0,0,0,0,0,0,26000,0,0,0,135000,109000,26000,-3000
0054,元大台商50      ,0,0,0,0,0,0,0,0,0,-3000,0,0,0,2000,5000,-3000,-3000
0057,富邦摩台        ,0,0,0,0,0,0,0,0,0,-3000,0,0,0,22000,25000,-3000,-3000
04534P,臻鼎元富94售03  ,0,0,0,0,0,0,0,0,0,-3000,0,0,0,0,3000,-3000,-3000
04568P,瑞昱兆豐94售02  ,0,0,0,0,0,0,0,0,0,-3000,0,0,0,0,3000,-3000,-3000
03430B,臺股指元大9B熊01,0,0,0,0,0,0,0,0,0,-3000,0,0,0,31000,34000,-3000,-3000
050780,台表科元大96購01,0,0,0,0,0,0,0,0,0,-3000,0,0,0,0,3000,-3000,-3000
05014P,臺股指元大95售05,0,0,0,0,0,0,0,0,0,-3000,0,0,0,0,3000,-3000,-3000
05063P,聯電元大96售03  ,0,0,0,0,0,0,0,0,0,-3000,0,0,0,70000,73000,-3000,-3000
050346,康友元富94購03  ,0,0,0,0,0,0,0,0,0,-3000,0,0,0,0,3000,-3000,-3000
047196,上銀統一97購01  ,0,0,0,0,0,0,0,0,0,-3000,0,0,0,0,3000,-3000,-3000
051629,上証2X國票95購04,0,0,0,0,0,0,0,0,0,-3000,0,0,0,12000,15000,-3000,-3000
049600,緯穎元大95購02  ,0,0,0,0,0,0,0,0,0,-3000,0,0,0,10000,13000,-3000,-3000
049700,瀚宇博元大97購01,0,0,0,0,0,0,0,0,0,-3000,0,0,0,0,3000,-3000,-3000
04872P,高股息中信94售01,0,0,0,0,0,0,0,0,0,-3000,0,0,0,0,3000,-3000,-3000
04838P,宏達電元大95售02,0,0,0,0,0,0,0,0,0,-3000,0,0,0,12000,15000,-3000,-3000
047854,滬深2X國票96購02,0,0,0,0,0,0,0,0,0,-3000,0,0,0,20000,23000,-3000,-3000
04889P,華通元大94售03  ,0,0,0,0,0,0,0,0,0,-3000,0,0,0,0,3000,-3000,-3000
057385,光罩永豐99購01  ,0,0,0,0,0,0,0,0,0,-3000,0,0,0,0,3000,-3000,-3000
052612,康舒元大97購01  ,0,0,0,0,0,0,0,0,0,-3000,0,0,0,0,3000,-3000,-3000
053298,SP黃豆凱基99購01,0,0,0,0,0,0,0,0,0,-3000,0,0,0,117000,120000,-3000,-3000
053379,南亞科元大96購01,0,0,0,0,0,0,0,0,0,-3000,0,0,0,0,3000,-3000,-3000
054042,華泰元大96購01  ,0,0,0,0,0,0,0,0,0,-3000,0,0,0,0,3000,-3000,-3000
05191P,鴻海台新95售01  ,0,0,0,0,0,0,0,0,0,-3000,0,0,0,750000,753000,-3000,-3000
052520,南亞科元大95購06,0,0,0,0,0,0,0,0,0,-3000,0,0,0,0,3000,-3000,-3000
2851,中再保          ,81000,84000,-3000,0,0,0,0,0,0,0,0,0,0,0,0,0,-3000
2910,統領            ,0,3000,-3000,0,0,0,0,0,0,0,0,0,0,0,0,0,-3000
3058,立德            ,6000,9000,-3000,0,0,0,0,0,0,0,0,0,0,0,0,0,-3000
3054,立萬利          ,0,2000,-2000,0,0,0,0,0,0,-1000,0,1000,-1000,0,0,0,-3000
3645,達邁            ,69000,70000,-1000,0,0,0,0,0,0,-2000,0,2000,-2000,0,0,0,-3000
4807,日成-KY         ,0,3000,-3000,0,0,0,0,0,0,0,0,0,0,0,0,0,-3000
4967,十銓            ,0,3000,-3000,0,0,0,0,0,0,0,0,0,0,0,0,0,-3000
8427,基勝-KY         ,0,3000,-3000,0,0,0,0,0,0,0,0,0,0,0,0,0,-3000
8443,阿瘦            ,2000,5000,-3000,0,0,0,0,0,0,0,0,0,0,0,0,0,-3000
6655,科定            ,0,3000,-3000,0,0,0,0,0,0,0,0,0,0,0,0,0,-3000
6581,鋼聯            ,9000,12000,-3000,0,0,0,0,0,0,0,0,0,0,0,0,0,-3000
6164,華興            ,0,2000,-2000,0,0,0,0,0,0,-1000,0,1000,-1000,0,0,0,-3000
6431,光麗-KY         ,0,3000,-3000,0,0,0,0,0,0,0,0,0,0,0,0,0,-3000
2460,建通            ,1000,4000,-3000,0,0,0,0,0,0,0,0,0,0,0,0,0,-3000
2472,立隆電          ,80000,76000,4000,0,0,0,0,0,0,-7000,5000,12000,-7000,0,0,0,-3000
2482,連宇            ,4000,7000,-3000,0,0,0,0,0,0,0,0,0,0,0,0,0,-3000
2415,錩新            ,0,3000,-3000,0,0,0,0,0,0,0,0,0,0,0,0,0,-3000
2007,燁興            ,0,3000,-3000,0,0,0,0,0,0,0,0,0,0,0,0,0,-3000
2358,廷鑫            ,15000,18000,-3000,0,0,0,0,0,0,0,0,0,0,0,0,0,-3000
07314P,T50正2元大9C售03,0,0,0,0,0,0,0,0,0,-3000,0,0,0,0,3000,-3000,-3000
1535,中宇            ,2000,3000,-1000,0,0,0,0,0,0,-2000,0,2000,-2000,0,0,0,-3000
1525,江申            ,0,2000,-2000,0,0,0,0,1000,-1000,0,0,0,0,0,0,0,-3000
1617,榮星            ,0,3000,-3000,0,0,0,0,0,0,0,0,0,0,0,0,0,-3000
1467,南緯            ,18000,20000,-2000,0,0,0,0,0,0,-1000,0,1000,-1000,0,0,0,-3000
1472,三洋紡          ,0,3000,-3000,0,0,0,0,0,0,0,0,0,0,0,0,0,-3000
1410,南染            ,0,3000,-3000,0,0,0,0,0,0,0,0,0,0,0,0,0,-3000
059463,台灣50元大9C購07,0,0,0,0,0,0,0,0,0,-3000,0,0,0,0,3000,-3000,-3000
059604,臺股指元大9A購41,0,0,0,0,0,0,0,0,0,-3000,0,0,0,0,3000,-3000,-3000
059619,台積電日盛9A購04,0,0,0,0,0,0,0,0,0,-3000,0,0,0,0,3000,-3000,-3000
059335,台灣50凱基03購02,0,0,0,0,0,0,0,0,0,-3000,0,0,0,0,3000,-3000,-3000
06736P,新日興凱基98售03,0,0,0,0,0,0,0,0,0,-3000,0,0,0,7000,10000,-3000,-3000
06997P,台灣50中信03售01,0,0,0,0,0,0,0,0,0,-3000,0,0,0,0,3000,-3000,-3000
06975P,臺股指元大9A售13,0,0,0,0,0,0,0,0,0,-3000,0,0,0,0,3000,-3000,-3000
06932P,大立光元大98售21,0,0,0,0,0,0,0,0,0,-3000,0,0,0,20000,23000,-3000,-3000
06018P,康控凱基96售03  ,0,0,0,0,0,0,0,0,0,-3000,0,0,0,0,3000,-3000,-3000
06070P,漢唐永豐97售01  ,0,0,0,0,0,0,0,0,0,-3000,0,0,0,0,3000,-3000,-3000
1477,聚陽            ,2801000,2752722,48278,0,0,0,280000,0,280000,-332000,4000,345000,-341000,10000,1000,9000,-3722
055163,訊芯元大98購01  ,0,0,0,0,0,0,0,0,0,-4000,0,0,0,0,4000,-4000,-4000
06412P,南亞科日盛97售01,0,0,0,0,0,0,0,0,0,-4000,0,0,0,0,4000,-4000,-4000
059283,康友永豐99購02  ,0,0,0,0,0,0,0,0,0,-4000,0,0,0,0,4000,-4000,-4000
056902,大立光元大98購12,0,0,0,0,0,0,0,0,0,-4000,0,0,0,0,4000,-4000,-4000
05790P,臺股指永昌96售07,0,0,0,0,0,0,0,0,0,-4000,0,0,0,16000,20000,-4000,-4000
056301,開發金元大9A購01,0,0,0,0,0,0,0,0,0,-4000,0,0,0,0,4000,-4000,-4000
055295,瀚宇博元大97購02,0,0,0,0,0,0,0,0,0,-4000,0,0,0,0,4000,-4000,-4000
057097,致新元富98購01  ,0,0,0,0,0,0,0,0,0,-4000,0,0,0,0,4000,-4000,-4000
057047,華新科元大99購07,0,0,0,0,0,0,0,0,0,-4000,0,0,0,1000,5000,-4000,-4000
057189,康控元大98購02  ,0,0,0,0,0,0,0,0,0,-4000,0,0,0,0,4000,-4000,-4000
052319,可成元大95購12  ,0,0,0,0,0,0,0,0,0,-4000,0,0,0,0,4000,-4000,-4000
05400P,台積電永豐95售05,0,0,0,0,0,0,0,0,0,-4000,0,0,0,0,4000,-4000,-4000
05381P,聯詠群益95售02  ,0,0,0,0,0,0,0,0,0,-4000,0,0,0,1000,5000,-4000,-4000
053312,緯穎凱基96購02  ,0,0,0,0,0,0,0,0,0,-4000,0,0,0,11000,15000,-4000,-4000
05574P,英業達元富96售01,0,0,0,0,0,0,0,0,0,-4000,0,0,0,3000,7000,-4000,-4000
048975,玉晶光元大94購03,0,0,0,0,0,0,0,0,0,-4000,0,0,0,0,4000,-4000,-4000
050836,緯穎凱基95購01  ,0,0,0,0,0,0,0,0,0,-4000,0,0,0,78000,82000,-4000,-4000
00688L,國泰20年美債正2 ,0,0,0,0,0,0,0,0,0,-4000,0,0,0,105000,109000,-4000,-4000
1506,正道            ,0,4000,-4000,0,0,0,0,0,0,0,0,0,0,0,0,0,-4000
1445,大宇            ,0,4000,-4000,0,0,0,0,0,0,0,0,0,0,0,0,0,-4000
1453,大將            ,0,4000,-4000,0,0,0,0,0,0,0,0,0,0,0,0,0,-4000
08966P,臺指反元大04售07,0,0,0,0,0,0,0,0,0,-4000,0,0,0,0,4000,-4000,-4000
07224P,鴻海元大9A售02  ,0,0,0,0,0,0,0,0,0,-4000,0,0,0,10000,14000,-4000,-4000
2365,昆盈            ,18000,21000,-3000,0,0,0,0,0,0,-1000,0,1000,-1000,0,0,0,-4000
2397,友通            ,11000,11000,0,0,0,0,0,0,0,-4000,0,4000,-4000,0,0,0,-4000
2236,百達-KY         ,0,4000,-4000,0,0,0,0,0,0,0,0,0,0,0,0,0,-4000
2069,運錩            ,0,4000,-4000,0,0,0,0,0,0,0,0,0,0,0,0,0,-4000
2038,海光            ,3000,7000,-4000,0,0,0,0,0,0,0,0,0,0,0,0,0,-4000
2722,夏都            ,0,4000,-4000,0,0,0,0,0,0,0,0,0,0,0,0,0,-4000
059692,聯詠永豐99購01  ,0,0,0,0,0,0,0,0,0,-4000,0,0,0,27000,31000,-4000,-4000
059639,大立光凱基9A購06,0,0,0,0,0,0,0,0,0,-4000,0,0,0,0,4000,-4000,-4000
06872P,亞德客元富98售04,0,0,0,0,0,0,0,0,0,-4000,0,0,0,10000,14000,-4000,-4000
06954P,大立光元富99售01,0,0,0,0,0,0,0,0,0,-4000,0,0,0,130000,134000,-4000,-4000
06955P,臻鼎元富99售01  ,0,0,0,0,0,0,0,0,0,-4000,0,0,0,1000,5000,-4000,-4000
059333,滬深2X國票9A購03,0,0,0,0,0,0,0,0,0,-4000,0,0,0,1000,5000,-4000,-4000
06718P,聯詠元大98售01  ,0,0,0,0,0,0,0,0,0,-4000,0,0,0,1000,5000,-4000,-4000
06703P,新日興元富98售02,0,0,0,0,0,0,0,0,0,-4000,0,0,0,0,4000,-4000,-4000
059608,聯發科富邦9B購04,0,0,0,0,0,0,0,0,0,-4000,0,0,0,0,4000,-4000,-4000
059601,臺股指元大9A購38,0,0,0,0,0,0,0,0,0,-4000,0,0,0,6000,10000,-4000,-4000
059461,鈺齊永豐99購03  ,0,0,0,0,0,0,0,0,0,-4000,0,0,0,0,4000,-4000,-4000
9912,偉聯            ,2000,6000,-4000,0,0,0,0,0,0,0,0,0,0,0,0,0,-4000
4576,大銀微系統      ,33000,37000,-4000,0,0,0,0,0,0,0,0,0,0,0,0,0,-4000
05714P,群創統一97售03  ,0,0,0,0,0,0,0,0,0,-5000,0,0,0,0,5000,-5000,-5000
057029,緯穎凱基98購04  ,0,0,0,0,0,0,0,0,0,-5000,0,0,0,1000,6000,-5000,-5000
05654P,台光電統一96售01,0,0,0,0,0,0,0,0,0,-5000,0,0,0,0,5000,-5000,-5000
056032,勤誠康和97購03  ,0,0,0,0,0,0,0,0,0,-5000,0,0,0,0,5000,-5000,-5000
05611P,康控群益96售02  ,0,0,0,0,0,0,0,0,0,-5000,0,0,0,0,5000,-5000,-5000
055382,台郡元大99購01  ,0,0,0,0,0,0,0,0,0,-5000,0,0,0,40000,45000,-5000,-5000
057796,鴻海兆豐99購03  ,0,0,0,0,0,0,0,0,0,-5000,0,0,0,0,5000,-5000,-5000
058013,SP黃豆凱基9A購01,0,0,0,0,0,0,0,0,0,-5000,0,0,0,210000,215000,-5000,-5000
058085,景碩群益9A購01  ,0,0,0,0,0,0,0,0,0,-5000,0,0,0,0,5000,-5000,-5000
05807P,泰鼎永豐96售03  ,0,0,0,0,0,0,0,0,0,-5000,0,0,0,0,5000,-5000,-5000
058041,FBVIX元大98購02 ,0,0,0,0,0,0,0,0,0,-5000,0,0,0,0,5000,-5000,-5000
05674P,瑞昱群益96售02  ,0,0,0,0,0,0,0,0,0,-5000,0,0,0,10000,15000,-5000,-5000
054766,智原國票98購01  ,0,0,0,0,0,0,0,0,0,-5000,0,0,0,0,5000,-5000,-5000
058524,超眾元大99購04  ,0,0,0,0,0,0,0,0,0,-5000,0,0,0,0,5000,-5000,-5000
059227,臺股指元大99購20,0,0,0,0,0,0,0,0,0,-5000,0,0,0,0,5000,-5000,-5000
05918P,大立光元大96售11,0,0,0,0,0,0,0,0,0,-5000,0,0,0,0,5000,-5000,-5000
06447P,上銀元大98售01  ,0,0,0,0,0,0,0,0,0,-5000,0,0,0,0,5000,-5000,-5000
06448P,華通元大99售01  ,0,0,0,0,0,0,0,0,0,-5000,0,0,0,0,5000,-5000,-5000
055274,華泰元大97購02  ,0,0,0,0,0,0,0,0,0,-5000,0,0,0,0,5000,-5000,-5000
058604,華邦電元大99購03,0,0,0,0,0,0,0,0,0,-5000,0,0,0,0,5000,-5000,-5000
059089,聯發科元大99購19,0,0,0,0,0,0,0,0,0,-5000,0,0,0,0,5000,-5000,-5000
00762,元大全球AI      ,10000,10000,0,0,0,0,0,0,0,-5000,0,0,0,219000,224000,-5000,-5000
0051,元大中型100     ,0,0,0,0,0,0,0,0,0,-5000,0,0,0,0,5000,-5000,-5000
036629,智邦台新99購01  ,0,0,0,0,0,0,0,0,0,-5000,0,0,0,0,5000,-5000,-5000
03896P,長榮航凱基95售01,0,0,0,0,0,0,0,0,0,-5000,0,0,0,0,5000,-5000,-5000
05044P,亞德客永豐95售01,0,0,0,0,0,0,0,0,0,-5000,0,0,0,0,5000,-5000,-5000
050260,鴻海元大94購15  ,0,0,0,0,0,0,0,0,0,-5000,0,0,0,10000,15000,-5000,-5000
050192,康控元大97購01  ,0,0,0,0,0,0,0,0,0,-5000,0,0,0,0,5000,-5000,-5000
051236,鴻海元大96購05  ,0,0,0,0,0,0,0,0,0,-5000,0,0,0,0,5000,-5000,-5000
04828P,聯發科凱基94售15,0,0,0,0,0,0,0,0,0,-5000,0,0,0,1000,6000,-5000,-5000
047993,鑽全元大96購01  ,0,0,0,0,0,0,0,0,0,-5000,0,0,0,6000,11000,-5000,-5000
050006,華擎永豐94購03  ,0,0,0,0,0,0,0,0,0,-5000,0,0,0,6000,11000,-5000,-5000
059001,聯發科元大99購17,0,0,0,0,0,0,0,0,0,-5000,0,0,0,30000,35000,-5000,-5000
053280,群創元大9C購01  ,0,0,0,0,0,0,0,0,0,-5000,0,0,0,0,5000,-5000,-5000
053285,臺股指元大96購08,0,0,0,0,0,0,0,0,0,-5000,0,0,0,0,5000,-5000,-5000
053530,聯發科康和96購01,0,0,0,0,0,0,0,0,0,-5000,0,0,0,0,5000,-5000,-5000
053474,聯發科元大97購06,0,0,0,0,0,0,0,0,0,-5000,0,0,0,0,5000,-5000,-5000
05136P,台積電凱基95售08,0,0,0,0,0,0,0,0,0,-5000,0,0,0,0,5000,-5000,-5000
05149P,緯穎國泰96售01  ,0,0,0,0,0,0,0,0,0,-5000,0,0,0,0,5000,-5000,-5000
051449,玉晶光元大96購01,0,0,0,0,0,0,0,0,0,-5000,0,0,0,5000,10000,-5000,-5000
052261,台泥第一95購01  ,0,0,0,0,0,0,0,0,0,-5000,0,0,0,0,5000,-5000,-5000
054140,智易元大97購03  ,0,0,0,0,0,0,0,0,0,-5000,0,0,0,0,5000,-5000,-5000
5484,慧友            ,0,5000,-5000,0,0,0,0,0,0,0,0,0,0,0,0,0,-5000
6133,金橋            ,0,5000,-5000,0,0,0,0,0,0,0,0,0,0,0,0,0,-5000
3296,勝德            ,1000,6000,-5000,0,0,0,0,0,0,0,0,0,0,0,0,0,-5000
2911,麗嬰房          ,9000,13000,-4000,0,0,0,0,0,0,-1000,0,1000,-1000,0,0,0,-5000
9918,欣天然          ,1000,6000,-5000,0,0,0,0,0,0,0,0,0,0,0,0,0,-5000
912000,晨訊科-DR       ,0,5000,-5000,0,0,0,0,0,0,0,0,0,0,0,0,0,-5000
6405,悅城            ,0,4000,-4000,0,0,0,0,0,0,-1000,0,1000,-1000,0,0,0,-5000
6579,研揚            ,4000,9000,-5000,0,0,0,0,0,0,0,0,0,0,0,0,0,-5000
6674,鋐寶科技        ,0,5000,-5000,0,0,0,0,0,0,0,0,0,0,0,0,0,-5000
8467,波力-KY         ,0,5000,-5000,0,0,0,0,0,0,0,0,0,0,0,0,0,-5000
059493,國巨國票9B購01  ,0,0,0,0,0,0,0,0,0,-5000,0,0,0,0,5000,-5000,-5000
059478,FBVIX群益9A購01 ,0,0,0,0,0,0,0,0,0,-5000,0,0,0,0,5000,-5000,-5000
059590,台積電元大99購39,0,0,0,0,0,0,0,0,0,-5000,0,0,0,0,5000,-5000,-5000
059549,台光電群益99購04,0,0,0,0,0,0,0,0,0,-5000,0,0,0,0,5000,-5000,-5000
059540,新光金日盛99購01,0,0,0,0,0,0,0,0,0,-5000,0,0,0,0,5000,-5000,-5000
06706P,智原台新98售02  ,0,0,0,0,0,0,0,0,0,-5000,0,0,0,0,5000,-5000,-5000
06648P,華邦電元大98售03,0,0,0,0,0,0,0,0,0,-5000,0,0,0,56000,61000,-5000,-5000
06665P,欣興兆豐99售01  ,0,0,0,0,0,0,0,0,0,-5000,0,0,0,1000,6000,-5000,-5000
06655P,TPK元大98售02   ,0,0,0,0,0,0,0,0,0,-5000,0,0,0,5000,10000,-5000,-5000
07016P,聯發科元大99售10,0,0,0,0,0,0,0,0,0,-5000,0,0,0,0,5000,-5000,-5000
07175P,聯詠凱基99售02  ,0,0,0,0,0,0,0,0,0,-5000,0,0,0,0,5000,-5000,-5000
07065P,臺股指元大9A售26,0,0,0,0,0,0,0,0,0,-5000,0,0,0,0,5000,-5000,-5000
07068P,欣興台新99售01  ,0,0,0,0,0,0,0,0,0,-5000,0,0,0,0,5000,-5000,-5000
06849P,欣興元大98售12  ,0,0,0,0,0,0,0,0,0,-5000,0,0,0,0,5000,-5000,-5000
06130P,玉晶光元富97售07,0,0,0,0,0,0,0,0,0,-5000,0,0,0,0,5000,-5000,-5000
06145P,華新科永豐97售02,0,0,0,0,0,0,0,0,0,-5000,0,0,0,0,5000,-5000,-5000
059628,智邦凱基99購04  ,0,0,0,0,0,0,0,0,0,-5000,0,0,0,0,5000,-5000,-5000
05999P,世芯元大96售01  ,0,0,0,0,0,0,0,0,0,-5000,0,0,0,30000,35000,-5000,-5000
2497,怡利電          ,0,5000,-5000,0,0,0,0,0,0,0,0,0,0,0,0,0,-5000
2022,聚亨            ,5000,7000,-2000,0,0,0,0,0,0,-3000,0,3000,-3000,0,0,0,-5000
2243,宏旭-KY         ,0,5000,-5000,0,0,0,0,0,0,0,0,0,0,0,0,0,-5000
07234P,台灣50元大9B售04,0,0,0,0,0,0,0,0,0,-5000,0,0,0,0,5000,-5000,-5000
07244P,鴻海凱基9A售13  ,0,0,0,0,0,0,0,0,0,-5000,0,0,0,0,5000,-5000,-5000
1233,天仁            ,2000,7000,-5000,0,0,0,0,0,0,0,0,0,0,0,0,0,-5000
1413,宏洲            ,0,5000,-5000,0,0,0,0,0,0,0,0,0,0,0,0,0,-5000
1432,大魯閣          ,0,5000,-5000,0,0,0,0,0,0,0,0,0,0,0,0,0,-5000
06303P,臺股指元大97售09,0,0,0,0,0,0,0,0,0,-6000,0,0,0,0,6000,-6000,-6000
06283P,祥碩永豐97售01  ,0,0,0,0,0,0,0,0,0,-6000,0,0,0,0,6000,-6000,-6000
059179,祥碩元富99購01  ,0,0,0,0,0,0,0,0,0,-6000,0,0,0,258000,264000,-6000,-6000
05451P,臺股指元大95售28,0,0,0,0,0,0,0,0,0,-6000,0,0,0,0,6000,-6000,-6000
05684P,臺股指元大96售09,0,0,0,0,0,0,0,0,0,-6000,0,0,0,0,6000,-6000,-6000
058873,美律國票9A購02  ,0,0,0,0,0,0,0,0,0,-6000,0,0,0,0,6000,-6000,-6000
058802,矽創元大99購02  ,0,0,0,0,0,0,0,0,0,-6000,0,0,0,0,6000,-6000,-6000
056375,玉晶光統一01購01,0,0,0,0,0,0,0,0,0,-6000,0,0,0,0,6000,-6000,-6000
055949,亞德客元大97購04,0,0,0,0,0,0,0,0,0,-6000,0,0,0,4000,10000,-6000,-6000
05759P,智邦永豐96售02  ,0,0,0,0,0,0,0,0,0,-6000,0,0,0,0,6000,-6000,-6000
054266,緯穎元大96購07  ,0,0,0,0,0,0,0,0,0,-6000,0,0,0,25000,31000,-6000,-6000
052079,康友元富98購01  ,0,0,0,0,0,0,0,0,0,-6000,0,0,0,0,6000,-6000,-6000
053448,智易凱基96購03  ,0,0,0,0,0,0,0,0,0,-6000,0,0,0,0,6000,-6000,-6000
047694,SP黃豆國票9B購01,0,0,0,0,0,0,0,0,0,-6000,0,0,0,4000,10000,-6000,-6000
049130,臺指反元大98購01,0,0,0,0,0,0,0,0,0,-6000,0,0,0,27000,33000,-6000,-6000
050809,鴻海凱基95購08  ,0,0,0,0,0,0,0,0,0,-6000,0,0,0,11000,17000,-6000,-6000
03433B,臺股指元大9C熊01,0,0,0,0,0,0,0,0,0,-6000,0,0,0,2000,8000,-6000,-6000
1454,台富            ,1000,7000,-6000,0,0,0,0,0,0,0,0,0,0,0,0,0,-6000
1456,怡華            ,0,6000,-6000,0,0,0,0,0,0,0,0,0,0,0,0,0,-6000
1441,大東            ,20000,26000,-6000,0,0,0,0,0,0,0,0,0,0,0,0,0,-6000
1587,吉茂            ,0,6000,-6000,0,0,0,0,0,0,0,0,0,0,0,0,0,-6000
1539,巨庭            ,0,6000,-6000,0,0,0,0,0,0,0,0,0,0,0,0,0,-6000
1724,台硝            ,1000,7000,-6000,0,0,0,0,0,0,0,0,0,0,0,0,0,-6000
2380,虹光            ,0,6000,-6000,0,0,0,0,0,0,0,0,0,0,0,0,0,-6000
2491,吉祥全          ,0,6000,-6000,0,0,0,0,0,0,0,0,0,0,0,0,0,-6000
2429,銘旺科          ,18000,24000,-6000,0,0,0,0,0,0,0,0,0,0,0,0,0,-6000
2613,中櫃            ,0,6000,-6000,0,0,0,0,0,0,0,0,0,0,0,0,0,-6000
2611,志信            ,0,6000,-6000,0,0,0,0,0,0,0,0,0,0,0,0,0,-6000
059624,鴻海凱基01購01  ,0,0,0,0,0,0,0,0,0,-6000,0,0,0,8000,14000,-6000,-6000
07088P,訊芯永豐99售02  ,0,0,0,0,0,0,0,0,0,-6000,0,0,0,0,6000,-6000,-6000
07022P,嘉晶永豐99售02  ,0,0,0,0,0,0,0,0,0,-6000,0,0,0,4000,10000,-6000,-6000
06784P,臺股指元大98售01,0,0,0,0,0,0,0,0,0,-6000,0,0,0,0,6000,-6000,-6000
059589,國巨元大9A購02  ,0,0,0,0,0,0,0,0,0,-6000,0,0,0,0,6000,-6000,-6000
6573,虹揚-KY         ,1000,7000,-6000,0,0,0,0,0,0,0,0,0,0,0,0,0,-6000
6449,鈺邦            ,46000,52000,-6000,0,0,0,0,0,0,0,0,0,0,0,0,0,-6000
6177,達麗            ,51000,57000,-6000,0,0,0,0,0,0,0,0,0,0,0,0,0,-6000
2852,第一保          ,6000,12000,-6000,0,0,0,0,0,0,0,0,0,0,0,0,0,-6000
3416,融程電          ,5000,11000,-6000,0,0,0,0,0,0,0,0,0,0,0,0,0,-6000
5243,乙盛-KY         ,59000,65000,-6000,0,0,0,0,0,0,0,0,0,0,0,0,0,-6000
4722,國精化          ,2000,5000,-3000,0,0,0,0,0,0,-3000,0,3000,-3000,0,0,0,-6000
9802,鈺齊-KY         ,234000,258788,-24788,0,0,0,0,0,0,18000,0,3000,-3000,21000,0,21000,-6788
058194,勤誠永豐99購01  ,0,0,0,0,0,0,0,0,0,-7000,0,0,0,35000,42000,-7000,-7000
05453P,智邦群益95售03  ,0,0,0,0,0,0,0,0,0,-7000,0,0,0,0,7000,-7000,-7000
059327,南茂元大99購01  ,0,0,0,0,0,0,0,0,0,-7000,0,0,0,46000,53000,-7000,-7000
06546P,聯發科元大98售05,0,0,0,0,0,0,0,0,0,-7000,0,0,0,0,7000,-7000,-7000
05118P,超眾元大96售04  ,0,0,0,0,0,0,0,0,0,-7000,0,0,0,157000,164000,-7000,-7000
04923P,GIS凱基94售06   ,0,0,0,0,0,0,0,0,0,-7000,0,0,0,0,7000,-7000,-7000
053451,致新凱基96購02  ,0,0,0,0,0,0,0,0,0,-7000,0,0,0,35000,42000,-7000,-7000
052610,貿聯元大97購01  ,0,0,0,0,0,0,0,0,0,-7000,0,0,0,0,7000,-7000,-7000
057366,智邦元大98購08  ,0,0,0,0,0,0,0,0,0,-7000,0,0,0,43000,50000,-7000,-7000
05395P,旺宏元大96售06  ,0,0,0,0,0,0,0,0,0,-7000,0,0,0,3000,10000,-7000,-7000
052580,高鐵元富96購01  ,0,0,0,0,0,0,0,0,0,-7000,0,0,0,0,7000,-7000,-7000
8454,富邦媒          ,51000,57000,-6000,0,0,0,5000,0,5000,-6000,0,6000,-6000,0,0,0,-7000
059490,國巨國票99購09  ,0,0,0,0,0,0,0,0,0,-7000,0,0,0,11000,18000,-7000,-7000
06808P,電子類群益98售02,0,0,0,0,0,0,0,0,0,-7000,0,0,0,0,7000,-7000,-7000
06674P,祥碩群益98售02  ,0,0,0,0,0,0,0,0,0,-7000,0,0,0,0,7000,-7000,-7000
059629,友達凱基99購06  ,0,0,0,0,0,0,0,0,0,-7000,0,0,0,0,7000,-7000,-7000
06883P,聯茂群益98售03  ,0,0,0,0,0,0,0,0,0,-7000,0,0,0,0,7000,-7000,-7000
2433,互盛電          ,4000,11000,-7000,0,0,0,0,0,0,0,0,0,0,0,0,0,-7000
2465,麗臺            ,0,7000,-7000,0,0,0,0,0,0,0,0,0,0,0,0,0,-7000
1108,幸福            ,1000,8000,-7000,0,0,0,0,0,0,0,0,0,0,0,0,0,-7000
059188,京元電富邦9B購01,0,0,0,0,0,0,0,0,0,-8000,0,0,0,73000,81000,-8000,-8000
056936,禾伸堂元富98購01,0,0,0,0,0,0,0,0,0,-8000,0,0,0,90000,98000,-8000,-8000
057074,立積永豐98購01  ,0,0,0,0,0,0,0,0,0,-8000,0,0,0,0,8000,-8000,-8000
055951,大成鋼元大97購02,0,0,0,0,0,0,0,0,0,-8000,0,0,0,0,8000,-8000,-8000
055968,祥碩元大97購04  ,0,0,0,0,0,0,0,0,0,-8000,0,0,0,0,8000,-8000,-8000
056309,合勤控元大97購01,0,0,0,0,0,0,0,0,0,-8000,0,0,0,0,8000,-8000,-8000
057814,聯發科元大98購12,0,0,0,0,0,0,0,0,0,-8000,0,0,0,90000,98000,-8000,-8000
057232,京元電凱基98購02,0,0,0,0,0,0,0,0,0,-8000,0,0,0,2000,10000,-8000,-8000
058917,SGBR2X元富99購03,0,0,0,0,0,0,0,0,0,-8000,0,0,0,22000,30000,-8000,-8000
053129,緯穎凱基96購01  ,0,0,0,0,0,0,0,0,0,-8000,0,0,0,26000,34000,-8000,-8000
052736,T50反1元大96購05,0,0,0,0,0,0,0,0,0,-8000,0,0,0,23000,31000,-8000,-8000
053027,玉晶光富邦98購01,0,8000,-8000,0,0,0,0,0,0,0,0,0,0,0,0,0,-8000
052990,超眾元大97購01  ,0,0,0,0,0,0,0,0,0,-8000,0,0,0,2000,10000,-8000,-8000
052831,華固群益96購01  ,0,0,0,0,0,0,0,0,0,-8000,0,0,0,2000,10000,-8000,-8000
045842,T50反1台新98購01,0,0,0,0,0,0,0,0,0,-8000,0,0,0,0,8000,-8000,-8000
04452P,超眾國泰95售01  ,0,0,0,0,0,0,0,0,0,-8000,0,0,0,65000,73000,-8000,-8000
07290P,台灣50凱基9A售08,0,0,0,0,0,0,0,0,0,-8000,0,0,0,2000,10000,-8000,-8000
07258P,台灣50台新9A售01,0,0,0,0,0,0,0,0,0,-8000,0,0,0,10000,18000,-8000,-8000
07204P,鴻海凱基99售10  ,0,0,0,0,0,0,0,0,0,-8000,0,0,0,2000,10000,-8000,-8000
1725,元禎            ,0,8000,-8000,0,0,0,0,0,0,0,0,0,0,0,0,0,-8000
1521,大億            ,2000,10000,-8000,0,0,0,0,0,0,0,0,0,0,0,0,0,-8000
1324,地球            ,0,8000,-8000,0,0,0,0,0,0,0,0,0,0,0,0,0,-8000
1417,嘉裕            ,22000,30000,-8000,0,0,0,0,0,0,0,0,0,0,0,0,0,-8000
1419,新紡            ,0,8000,-8000,0,0,0,0,0,0,0,0,0,0,0,0,0,-8000
2440,太空梭          ,3000,11000,-8000,0,0,0,0,0,0,0,0,0,0,0,0,0,-8000
06992P,玉晶光日盛9B售01,0,0,0,0,0,0,0,0,0,-8000,0,0,0,0,8000,-8000,-8000
07176P,臺股指凱基99售18,0,0,0,0,0,0,0,0,0,-8000,0,0,0,2000,10000,-8000,-8000
059334,A50正2國票9A購02,0,0,0,0,0,0,0,0,0,-8000,0,0,0,38000,46000,-8000,-8000
06783P,亞光元大98售03  ,0,0,0,0,0,0,0,0,0,-8000,0,0,0,0,8000,-8000,-8000
8411,福貞-KY         ,0,8000,-8000,0,0,0,0,0,0,0,0,0,0,0,0,0,-8000
9937,全國            ,1000,9000,-8000,0,0,0,0,0,0,0,0,0,0,0,0,0,-8000
4755,三福化          ,0,6000,-6000,0,0,0,0,0,0,-2000,0,2000,-2000,0,0,0,-8000
4555,氣立            ,1000,9000,-8000,0,0,0,0,0,0,0,0,0,0,0,0,0,-8000
058070,華新科凱基98購07,0,0,0,0,0,0,0,0,0,-9000,0,0,0,25000,34000,-9000,-9000
056251,聯發科兆豐97購02,0,0,0,0,0,0,0,0,0,-9000,0,0,0,1000,10000,-9000,-9000
05787P,臺股指永昌96售04,0,0,0,0,0,0,0,0,0,-9000,0,0,0,11000,20000,-9000,-9000
05789P,臺股指永昌96售06,0,0,0,0,0,0,0,0,0,-9000,455000,0,455000,11000,475000,-464000,-9000
05788P,臺股指永昌96售05,0,0,0,0,0,0,0,0,0,-9000,456000,0,456000,11000,476000,-465000,-9000
057601,中磊群益98購01  ,0,0,0,0,0,0,0,0,0,-9000,0,0,0,91000,100000,-9000,-9000
06494P,鴻海永昌98售03  ,0,0,0,0,0,0,0,0,0,-9000,0,0,0,0,9000,-9000,-9000
056620,華新科永豐98購02,0,0,0,0,0,0,0,0,0,-9000,0,0,0,11000,20000,-9000,-9000
058464,矽創兆豐9A購01  ,0,0,0,0,0,0,0,0,0,-9000,0,0,0,1000,10000,-9000,-9000
05817P,可成凱基96售07  ,0,0,0,0,0,0,0,0,0,-9000,0,0,0,0,9000,-9000,-9000
049251,國巨元大95購02  ,0,0,0,0,0,0,0,0,0,-9000,0,0,0,21000,30000,-9000,-9000
052846,智邦統一97購01  ,0,0,0,0,0,0,0,0,0,-9000,0,0,0,1000,10000,-9000,-9000
05281P,南亞科元大95售03,0,0,0,0,0,0,0,0,0,-9000,0,0,0,31000,40000,-9000,-9000
055909,大成鋼凱基98購02,0,0,0,0,0,0,0,0,0,-9000,0,0,0,11000,20000,-9000,-9000
055732,全新元富9A購01  ,0,0,0,0,0,0,0,0,0,-9000,0,0,0,1000,10000,-9000,-9000
053769,香港反元大99購01,0,0,0,0,0,0,0,0,0,-9000,0,0,0,1000,10000,-9000,-9000
059502,台灣50台新9B購04,0,0,0,0,0,0,0,0,0,-9000,0,0,0,0,9000,-9000,-9000
059440,康控元大9B購01  ,0,0,0,0,0,0,0,0,0,-9000,0,0,0,5000,14000,-9000,-9000
059436,大立光元大99購18,0,0,0,0,0,0,0,0,0,-9000,0,0,0,2000,11000,-9000,-9000
07109P,聯發科中信9B售02,0,0,0,0,0,0,0,0,0,-9000,0,0,0,0,9000,-9000,-9000
06845P,億光元大98售02  ,0,0,0,0,0,0,0,0,0,-9000,0,0,0,0,9000,-9000,-9000
059666,台表科元大9B購01,0,0,0,0,0,0,0,0,0,-9000,0,0,0,0,9000,-9000,-9000
2509,全坤建          ,0,9000,-9000,0,0,0,0,0,0,0,0,0,0,0,0,0,-9000
2430,燦坤            ,1000,10000,-9000,0,0,0,0,0,0,0,0,0,0,0,0,0,-9000
2706,第一店          ,1000,10000,-9000,0,0,0,0,0,0,0,0,0,0,0,0,0,-9000
1735,日勝化          ,0,9000,-9000,0,0,0,0,0,0,0,0,0,0,0,0,0,-9000
1626,艾美特-KY       ,48000,57000,-9000,0,0,0,0,0,0,0,0,0,0,0,0,0,-9000
07231P,台灣50元大01售06,0,0,0,0,0,0,0,0,0,-9000,0,0,0,0,9000,-9000,-9000
058271,訊連永豐99購01  ,0,0,0,0,0,0,0,0,0,-10000,0,0,0,0,10000,-10000,-10000
056835,聯電元富99購01  ,0,0,0,0,0,0,0,0,0,-10000,0,0,0,0,10000,-10000,-10000
058139,臻鼎元大99購01  ,0,0,0,0,0,0,0,0,0,-10000,0,0,0,0,10000,-10000,-10000
058137,玉晶光元大99購11,0,0,0,0,0,0,0,0,0,-10000,0,0,0,0,10000,-10000,-10000
05474P,智邦亞東95售01  ,0,0,0,0,0,0,0,0,0,-10000,0,0,0,0,10000,-10000,-10000
054810,中橡元大9A購01  ,0,0,0,0,0,0,0,0,0,-10000,0,0,0,0,10000,-10000,-10000
054812,鴻海元大97購08  ,0,0,0,0,0,0,0,0,0,-10000,0,0,0,0,10000,-10000,-10000
054816,聯發科元大97購12,0,0,0,0,0,0,0,0,0,-10000,0,0,0,0,10000,-10000,-10000
055046,上銀永豐97購01  ,0,0,0,0,0,0,0,0,0,-10000,0,0,0,0,10000,-10000,-10000
055070,聯茂永豐97購01  ,0,0,0,0,0,0,0,0,0,-10000,0,0,0,0,10000,-10000,-10000
056750,元油2X兆豐9A購01,0,0,0,0,0,0,0,0,0,-10000,0,0,0,0,10000,-10000,-10000
056751,和大兆豐98購01  ,0,0,0,0,0,0,0,0,0,-10000,0,0,0,0,10000,-10000,-10000
056752,國巨兆豐98購02  ,0,0,0,0,0,0,0,0,0,-10000,0,0,0,0,10000,-10000,-10000
056753,群創兆豐98購02  ,0,0,0,0,0,0,0,0,0,-10000,0,0,0,0,10000,-10000,-10000
056733,國巨凱基98購10  ,0,0,0,0,0,0,0,0,0,-10000,0,0,0,0,10000,-10000,-10000
05514P,康舒永豐96售01  ,0,0,0,0,0,0,0,0,0,-10000,0,0,0,0,10000,-10000,-10000
055129,鈺齊兆豐97購01  ,0,0,0,0,0,0,0,0,0,-10000,0,0,0,0,10000,-10000,-10000
058440,玉晶光統一99購02,0,0,0,0,0,0,0,0,0,-10000,0,0,0,0,10000,-10000,-10000
054456,華泰群益99購01  ,0,0,0,0,0,0,0,0,0,-10000,0,0,0,0,10000,-10000,-10000
056589,康控統一98購01  ,0,0,0,0,0,0,0,0,0,-10000,0,0,0,0,10000,-10000,-10000
054574,美律元大99購01  ,0,0,0,0,0,0,0,0,0,-10000,0,0,0,0,10000,-10000,-10000
054693,神基永豐97購01  ,0,0,0,0,0,0,0,0,0,-10000,0,0,0,0,10000,-10000,-10000
054584,貿聯元富97購01  ,0,0,0,0,0,0,0,0,0,-10000,0,0,0,0,10000,-10000,-10000
06551P,貿聯元大98售05  ,0,0,0,0,0,0,0,0,0,-10000,0,0,0,0,10000,-10000,-10000
06552P,茂林元大99售02  ,0,0,0,0,0,0,0,0,0,-10000,0,0,0,0,10000,-10000,-10000
06529P,貿聯富邦99售03  ,0,0,0,0,0,0,0,0,0,-10000,0,0,0,0,10000,-10000,-10000
06620P,聯發科元大98售07,0,0,0,0,0,0,0,0,0,-10000,0,0,0,50000,60000,-10000,-10000
06577P,聯發科日盛9A售02,0,0,0,0,0,0,0,0,0,-10000,0,0,0,20000,30000,-10000,-10000
06300P,緯穎元大97售04  ,0,0,0,0,0,0,0,0,0,-10000,0,0,0,0,10000,-10000,-10000
06239P,奇力新元大97售08,0,0,0,0,0,0,0,0,0,-10000,0,0,0,0,10000,-10000,-10000
06224P,可成元富97售02  ,0,0,0,0,0,0,0,0,0,-10000,0,0,0,0,10000,-10000,-10000
059203,勤誠永豐99購02  ,0,0,0,0,0,0,0,0,0,-10000,0,0,0,52000,62000,-10000,-10000
059261,華邦電中信01購01,0,0,0,0,0,0,0,0,0,-10000,0,0,0,0,10000,-10000,-10000
059101,康控統一9A購01  ,0,0,0,0,0,0,0,0,0,-10000,0,0,0,0,10000,-10000,-10000
059067,上銀國票9A購02  ,0,0,0,0,0,0,0,0,0,-10000,0,0,0,30000,40000,-10000,-10000
059042,世紀鋼群益99購02,0,0,0,0,0,0,0,0,0,-10000,0,0,0,0,10000,-10000,-10000
054929,群電凱基97購01  ,0,0,0,0,0,0,0,0,0,-10000,0,0,0,0,10000,-10000,-10000
054890,聯鈞統一99購01  ,0,0,0,0,0,0,0,0,0,-10000,0,0,0,0,10000,-10000,-10000
058320,華新科永豐99購02,0,0,0,0,0,0,0,0,0,-10000,0,0,0,0,10000,-10000,-10000
058947,SGBR2X群益9B購02,0,0,0,0,0,0,0,0,0,-10000,0,0,0,0,10000,-10000,-10000
055272,國巨元大98購04  ,0,0,0,0,0,0,0,0,0,-10000,0,0,0,0,10000,-10000,-10000
05526P,茂林群益96售03  ,0,0,0,0,0,0,0,0,0,-10000,0,0,0,0,10000,-10000,-10000
055245,凱美統一99購01  ,0,0,0,0,0,0,0,0,0,-10000,0,0,0,0,10000,-10000,-10000
054848,群創兆豐98購01  ,0,0,0,0,0,0,0,0,0,-10000,0,0,0,0,10000,-10000,-10000
057657,國巨兆豐98購04  ,0,0,0,0,0,0,0,0,0,-10000,0,0,0,0,10000,-10000,-10000
056925,群創兆豐98購03  ,0,0,0,0,0,0,0,0,0,-10000,0,0,0,0,10000,-10000,-10000
056926,日月光兆豐98購01,0,0,0,0,0,0,0,0,0,-10000,0,0,0,0,10000,-10000,-10000
057590,元油2X兆豐98購02,0,0,0,0,0,0,0,0,0,-10000,0,0,0,0,10000,-10000,-10000
057567,嘉聯益富邦9A購01,0,0,0,0,0,0,0,0,0,-10000,0,0,0,0,10000,-10000,-10000
057044,旺宏元大98購08  ,0,0,0,0,0,0,0,0,0,-10000,0,0,0,0,10000,-10000,-10000
057055,立積元大99購01  ,0,0,0,0,0,0,0,0,0,-10000,0,0,0,5000,15000,-10000,-10000
057016,中石化凱基9B購01,0,0,0,0,0,0,0,0,0,-10000,0,0,0,0,10000,-10000,-10000
057000,亞德客國票99購01,0,0,0,0,0,0,0,0,0,-10000,0,0,0,0,10000,-10000,-10000
056995,華新科日盛99購01,0,0,0,0,0,0,0,0,0,-10000,0,0,0,0,10000,-10000,-10000
057142,力成兆豐98購01  ,0,0,0,0,0,0,0,0,0,-10000,0,0,0,0,10000,-10000,-10000
057105,致茂群益9A購01  ,0,0,0,0,0,0,0,0,0,-10000,0,0,0,20000,30000,-10000,-10000
055952,上銀元大97購08  ,0,0,0,0,0,0,0,0,0,-10000,0,0,0,10000,20000,-10000,-10000
057420,美食凱基98購01  ,0,0,0,0,0,0,0,0,0,-10000,0,0,0,20000,30000,-10000,-10000
057426,元油2X兆豐9B購01,0,0,0,0,0,0,0,0,0,-10000,0,0,0,0,10000,-10000,-10000
055335,健策兆豐98購01  ,0,0,0,0,0,0,0,0,0,-10000,0,0,0,0,10000,-10000,-10000
055495,長榮航元大97購01,0,0,0,0,0,0,0,0,0,-10000,0,0,0,0,10000,-10000,-10000
055480,元上證元大97購02,0,0,0,0,0,0,0,0,0,-10000,0,0,0,0,10000,-10000,-10000
056113,新日興兆豐98購01,0,0,0,0,0,0,0,0,0,-10000,0,0,0,0,10000,-10000,-10000
055554,聯發科凱基97購06,0,0,0,0,0,0,0,0,0,-10000,0,0,0,0,10000,-10000,-10000
057881,SP黃豆群益9A購01,0,0,0,0,0,0,0,0,0,-10000,0,0,0,0,10000,-10000,-10000
056323,旺宏兆豐98購01  ,0,0,0,0,0,0,0,0,0,-10000,0,0,0,0,10000,-10000,-10000
056325,群創兆豐9A購01  ,0,0,0,0,0,0,0,0,0,-10000,0,0,0,0,10000,-10000,-10000
056381,台虹元富98購01  ,0,0,0,0,0,0,0,0,0,-10000,0,0,0,42000,52000,-10000,-10000
056382,道瓊反國泰9A購01,0,0,0,0,0,0,0,0,0,-10000,0,0,0,0,10000,-10000,-10000
058807,和大統一9B購01  ,0,0,0,0,0,0,0,0,0,-10000,0,0,0,0,10000,-10000,-10000
056298,億光元大97購02  ,0,0,0,0,0,0,0,0,0,-10000,0,0,0,0,10000,-10000,-10000
057774,台光電群益99購02,0,0,0,0,0,0,0,0,0,-10000,0,0,0,0,10000,-10000,-10000
057256,元油2X兆豐98購01,0,0,0,0,0,0,0,0,0,-10000,0,0,0,0,10000,-10000,-10000
057262,友達兆豐98購03  ,0,0,0,0,0,0,0,0,0,-10000,0,0,0,0,10000,-10000,-10000
057263,可成兆豐99購01  ,0,10000,-10000,0,0,0,0,0,0,0,0,0,0,0,0,0,-10000
057268,臻鼎兆豐99購01  ,0,0,0,0,0,0,0,0,0,-10000,0,0,0,0,10000,-10000,-10000
058333,鴻海元富99購04  ,0,0,0,0,0,0,0,0,0,-10000,0,0,0,10000,20000,-10000,-10000
05889P,群創元大98售02  ,0,0,0,0,0,0,0,0,0,-10000,0,0,0,0,10000,-10000,-10000
058398,中環元大99購02  ,0,0,0,0,0,0,0,0,0,-10000,0,0,0,0,10000,-10000,-10000
057912,美律日盛99購01  ,0,0,0,0,0,0,0,0,0,-10000,0,0,0,0,10000,-10000,-10000
057990,美律統一99購02  ,0,0,0,0,0,0,0,0,0,-10000,0,0,0,0,10000,-10000,-10000
058011,台虹國票99購01  ,0,0,0,0,0,0,0,0,0,-10000,0,0,0,0,10000,-10000,-10000
057940,和大國票99購01  ,0,0,0,0,0,0,0,0,0,-10000,0,0,0,30000,40000,-10000,-10000
051997,康友元大95購02  ,0,0,0,0,0,0,0,0,0,-10000,0,0,0,0,10000,-10000,-10000
051979,群創凱基97購01  ,0,0,0,0,0,0,0,0,0,-10000,0,0,0,0,10000,-10000,-10000
051601,群創兆豐95購02  ,0,0,0,0,0,0,0,0,0,-10000,0,0,0,0,10000,-10000,-10000
051516,全新凱基96購02  ,0,0,0,0,0,0,0,0,0,-10000,0,0,0,0,10000,-10000,-10000
051392,玉山金兆豐95購01,0,0,0,0,0,0,0,0,0,-10000,0,0,0,0,10000,-10000,-10000
051393,新光金兆豐96購01,0,0,0,0,0,0,0,0,0,-10000,0,0,0,0,10000,-10000,-10000
051281,健策兆豐96購01  ,0,0,0,0,0,0,0,0,0,-10000,0,0,0,0,10000,-10000,-10000
052056,緯穎凱基95購04  ,0,0,0,0,0,0,0,0,0,-10000,0,0,0,21000,31000,-10000,-10000
053973,晶豪科元大96購01,0,0,0,0,0,0,0,0,0,-10000,0,0,0,0,10000,-10000,-10000
052192,SP黃豆元富95購04,0,0,0,0,0,0,0,0,0,-10000,0,0,0,70000,80000,-10000,-10000
053207,SP黃豆凱基96購01,0,0,0,0,0,0,0,0,0,-10000,0,0,0,140000,150000,-10000,-10000
053247,麗豐國票97購01  ,0,0,0,0,0,0,0,0,0,-10000,0,0,0,0,10000,-10000,-10000
05318P,臺股指永昌95售03,0,0,0,0,0,0,0,0,0,-10000,0,10000,-10000,0,0,0,-10000
053059,聯發科永昌99購01,0,0,0,0,0,0,0,0,0,-10000,0,0,0,0,10000,-10000,-10000
053093,緯穎元大96購06  ,0,0,0,0,0,0,0,0,0,-10000,0,0,0,0,10000,-10000,-10000
053105,鴻海兆豐97購01  ,0,0,0,0,0,0,0,0,0,-10000,0,0,0,0,10000,-10000,-10000
05255P,義隆凱基95售01  ,0,0,0,0,0,0,0,0,0,-10000,0,0,0,0,10000,-10000,-10000
052533,聯發科國泰96購03,0,0,0,0,0,0,0,0,0,-10000,0,0,0,0,10000,-10000,-10000
054294,世芯元大96購02  ,0,0,0,0,0,0,0,0,0,-10000,0,0,0,0,10000,-10000,-10000
054380,世芯群益97購02  ,0,0,0,0,0,0,0,0,0,-10000,0,0,0,0,10000,-10000,-10000
053028,康控富邦98購01  ,0,0,0,0,0,0,0,0,0,-10000,0,0,0,0,10000,-10000,-10000
053032,國巨兆豐97購02  ,0,0,0,0,0,0,0,0,0,-10000,0,0,0,0,10000,-10000,-10000
052474,T50反1群益95購04,0,0,0,0,0,0,0,0,0,-10000,0,0,0,0,10000,-10000,-10000
052422,聯電國票96購03  ,0,0,0,0,0,0,0,0,0,-10000,0,0,0,0,10000,-10000,-10000
055728,緯穎元大97購03  ,0,0,0,0,0,0,0,0,0,-10000,0,0,0,0,10000,-10000,-10000
055772,致茂凱基97購01  ,0,0,0,0,0,0,0,0,0,-10000,0,0,0,0,10000,-10000,-10000
055754,和大兆豐97購01  ,0,0,0,0,0,0,0,0,0,-10000,0,0,0,0,10000,-10000,-10000
058726,宏達電富邦9A購01,0,0,0,0,0,0,0,0,0,-10000,0,0,0,0,10000,-10000,-10000
058678,南亞科日盛99購01,0,0,0,0,0,0,0,0,0,-10000,0,0,0,0,10000,-10000,-10000
05898P,旺宏凱基96售06  ,0,0,0,0,0,0,0,0,0,-10000,0,0,0,0,10000,-10000,-10000
058962,元油2X兆豐9A購02,0,0,0,0,0,0,0,0,0,-10000,0,0,0,0,10000,-10000,-10000
055841,南亞科元大97購04,0,0,0,0,0,0,0,0,0,-10000,0,0,0,0,10000,-10000,-10000
057304,為升兆豐99購02  ,0,0,0,0,0,0,0,0,0,-10000,0,0,0,0,10000,-10000,-10000
05579P,友達凱基98售03  ,0,0,0,0,0,0,0,0,0,-10000,0,0,0,10000,20000,-10000,-10000
058670,鴻海群益9A購03  ,0,0,0,0,0,0,0,0,0,-10000,0,0,0,0,10000,-10000,-10000
052881,康控凱基97購01  ,0,0,0,0,0,0,0,0,0,-10000,0,0,0,0,10000,-10000,-10000
052791,友達兆豐97購01  ,0,0,0,0,0,0,0,0,0,-10000,0,0,0,0,10000,-10000,-10000
052794,群創兆豐97購01  ,0,0,0,0,0,0,0,0,0,-10000,0,0,0,0,10000,-10000,-10000
053475,華新科元大96購05,0,0,0,0,0,0,0,0,0,-10000,0,0,0,90000,100000,-10000,-10000
053495,聯發科兆豐96購02,0,0,0,0,0,0,0,0,0,-10000,0,0,0,0,10000,-10000,-10000
053490,為升兆豐97購01  ,0,0,0,0,0,0,0,0,0,-10000,0,0,0,0,10000,-10000,-10000
053499,禾伸堂兆豐96購01,0,0,0,0,0,0,0,0,0,-10000,0,0,0,130000,140000,-10000,-10000
052979,上銀元大96購02  ,0,0,0,0,0,0,0,0,0,-10000,0,0,0,0,10000,-10000,-10000
052941,康控兆豐97購01  ,0,0,0,0,0,0,0,0,0,-10000,0,0,0,0,10000,-10000,-10000
052998,拓凱康和96購01  ,0,0,0,0,0,0,0,0,0,-10000,0,0,0,0,10000,-10000,-10000
052936,華通兆豐98購01  ,0,0,0,0,0,0,0,0,0,-10000,0,0,0,0,10000,-10000,-10000
052731,宏達電國泰98購01,0,0,0,0,0,0,0,0,0,-10000,0,0,0,0,10000,-10000,-10000
052737,滬深2X元大96購06,0,0,0,0,0,0,0,0,0,-10000,0,0,0,0,10000,-10000,-10000
052622,貿聯兆豐97購01  ,0,0,0,0,0,0,0,0,0,-10000,0,0,0,0,10000,-10000,-10000
05331P,上証2X國票96售01,0,0,0,0,0,0,0,0,0,-10000,0,0,0,0,10000,-10000,-10000
053274,旺宏元大98購03  ,0,0,0,0,0,0,0,0,0,-10000,0,0,0,0,10000,-10000,-10000
04799P,健策元大94售03  ,0,0,0,0,0,0,0,0,0,-10000,0,0,0,0,10000,-10000,-10000
04814P,健策元大96售01  ,0,0,0,0,0,0,0,0,0,-10000,0,0,0,0,10000,-10000,-10000
048158,大立光兆豐95購01,0,0,0,0,0,0,0,0,0,-10000,0,0,0,0,10000,-10000,-10000
048130,美利達元大96購01,0,0,0,0,0,0,0,0,0,-10000,0,0,0,0,10000,-10000,-10000
048286,滬深2X兆豐94購04,0,0,0,0,0,0,0,0,0,-10000,0,0,0,0,10000,-10000,-10000
048282,世紀鋼永豐94購01,0,0,0,0,0,0,0,0,0,-10000,0,0,0,0,10000,-10000,-10000
04819P,嘉澤永豐94售01  ,0,0,0,0,0,0,0,0,0,-10000,0,0,0,0,10000,-10000,-10000
04769P,高股息元大94售01,0,0,0,0,0,0,0,0,0,-10000,0,0,0,0,10000,-10000,-10000
047733,友達兆豐95購01  ,0,0,0,0,0,0,0,0,0,-10000,0,0,0,0,10000,-10000,-10000
048648,祥碩元大93購03  ,0,0,0,0,0,0,0,0,0,-10000,0,0,0,0,10000,-10000,-10000
04858P,健策元富94售01  ,0,0,0,0,0,0,0,0,0,-10000,0,0,0,0,10000,-10000,-10000
047572,深中小群益95購01,0,0,0,0,0,0,0,0,0,-10000,0,0,0,0,10000,-10000,-10000
051137,聯詠永豐95購01  ,0,0,0,0,0,0,0,0,0,-10000,0,0,0,0,10000,-10000,-10000
051188,鴻海兆豐95購01  ,0,0,0,0,0,0,0,0,0,-10000,0,0,0,0,10000,-10000,-10000
051189,鴻海兆豐96購01  ,0,0,0,0,0,0,0,0,0,-10000,0,0,0,0,10000,-10000,-10000
050974,大成鋼統一95購01,0,0,0,0,0,0,0,0,0,-10000,0,0,0,0,10000,-10000,-10000
050829,臻鼎凱基96購01  ,0,0,0,0,0,0,0,0,0,-10000,0,0,0,0,10000,-10000,-10000
053736,友達麥證96購01  ,0,0,0,0,10000,-10000,0,0,0,-10000,0,0,0,0,10000,-10000,-10000
053628,微星兆豐96購01  ,0,0,0,0,0,0,0,0,0,-10000,0,0,0,0,10000,-10000,-10000
053633,臺股指兆豐96購01,0,0,0,0,0,0,0,0,0,-10000,0,0,0,0,10000,-10000,-10000
04971P,矽力元富94售02  ,0,0,0,0,0,0,0,0,0,-10000,0,0,0,0,10000,-10000,-10000
049723,緯穎凱基94購04  ,0,0,0,0,0,0,0,0,0,-10000,0,0,0,0,10000,-10000,-10000
049352,泰鼎永豐95購01  ,0,0,0,0,0,0,0,0,0,-10000,0,0,0,0,10000,-10000,-10000
049425,喬山兆豐95購01  ,0,0,0,0,0,0,0,0,0,-10000,0,0,0,0,10000,-10000,-10000
049490,京元電元大95購02,0,0,0,0,0,0,0,0,0,-10000,0,0,0,0,10000,-10000,-10000
049579,鴻海元大94購06  ,0,0,0,0,0,0,0,0,0,-10000,0,0,0,0,10000,-10000,-10000
049783,元油2X兆豐95購01,0,0,0,0,0,0,0,0,0,-10000,0,0,0,0,10000,-10000,-10000
051681,日月光兆豐95購01,0,0,0,0,0,0,0,0,0,-10000,0,0,0,0,10000,-10000,-10000
051795,T50反1台新05購02,0,0,0,0,0,0,0,0,0,-10000,0,0,0,0,10000,-10000,-10000
04400P,台積電兆豐95售02,0,0,0,0,0,0,0,0,0,-10000,0,0,0,0,10000,-10000,-10000
04401P,玉晶光兆豐94售01,0,0,0,0,0,0,0,0,0,-10000,0,0,0,0,10000,-10000,-10000
04496P,國巨國泰96售02  ,0,0,0,0,0,0,0,0,0,-10000,0,0,0,0,10000,-10000,-10000
04189P,台積電兆豐94售02,0,0,0,0,0,0,0,0,0,-10000,0,0,0,0,10000,-10000,-10000
043585,道瓊反元大94購01,0,0,0,0,0,0,0,0,0,-10000,0,0,0,0,10000,-10000,-10000
05052P,友達群益97售01  ,0,0,0,0,0,0,0,0,0,-10000,0,0,0,10000,20000,-10000,-10000
050615,奇力新元大95購03,0,0,0,0,0,0,0,0,0,-10000,0,0,0,0,10000,-10000,-10000
047074,大立光兆豐94購02,0,0,0,0,0,0,0,0,0,-10000,0,0,0,0,10000,-10000,-10000
05020P,廣達中信95售01  ,0,0,0,0,0,0,0,0,0,-10000,0,0,0,0,10000,-10000,-10000
050381,鴻海兆豐94購01  ,0,0,0,0,0,0,0,0,0,-10000,0,0,0,0,10000,-10000,-10000
050658,台郡麥證96購01  ,0,0,0,20000,30000,-10000,0,0,0,-10000,0,0,0,20000,30000,-10000,-10000
045994,康控富邦94購01  ,0,0,0,0,0,0,0,0,0,-10000,0,0,0,0,10000,-10000,-10000
045231,南電元大94購01  ,0,0,0,0,0,0,0,0,0,-10000,0,0,0,0,10000,-10000,-10000
04617P,臺股指群益95售03,0,0,0,0,0,0,0,0,0,-10000,0,0,0,0,10000,-10000,-10000
03428B,臺股指凱基97熊18,0,0,0,0,0,0,0,0,0,-10000,0,0,0,0,10000,-10000,-10000
03492P,創意元大02售03  ,0,0,0,0,0,0,0,0,0,-10000,0,0,0,0,10000,-10000,-10000
03902P,義隆國票94售01  ,0,0,0,0,0,0,0,0,0,-10000,0,0,0,0,10000,-10000,-10000
04517P,宏達電群益95售01,0,0,0,0,0,0,0,0,0,-10000,0,0,0,0,10000,-10000,-10000
00713,元大台灣高息低波,0,4000,-4000,0,0,0,0,0,0,-6000,0,0,0,3000,9000,-6000,-10000
07254P,台灣50凱基9C售06,0,0,0,0,0,0,0,0,0,-10000,0,0,0,20000,30000,-10000,-10000
07266P,大立光元大99售19,0,0,0,0,0,0,0,0,0,-10000,0,0,0,0,10000,-10000,-10000
07267P,臺股指元大99售23,0,0,0,0,0,0,0,0,0,-10000,0,0,0,0,10000,-10000,-10000
07287P,全新群益9B售01  ,0,0,0,0,0,0,0,0,0,-10000,0,0,0,0,10000,-10000,-10000
2739,寒舍            ,0,10000,-10000,0,0,0,0,0,0,0,0,0,0,0,0,0,-10000
2008,高興昌          ,0,10000,-10000,0,0,0,0,0,0,0,0,0,0,0,0,0,-10000
2033,佳大            ,0,10000,-10000,0,0,0,0,0,0,0,0,0,0,0,0,0,-10000
059685,T50正2永豐99購02,0,0,0,0,0,0,0,0,0,-10000,0,0,0,0,10000,-10000,-10000
07064P,臺股指元大9A售25,0,0,0,0,0,0,0,0,0,-10000,0,0,0,0,10000,-10000,-10000
07166P,台灣50兆豐03售01,0,0,0,0,0,0,0,0,0,-10000,0,0,0,0,10000,-10000,-10000
07130P,台郡元大9B售01  ,0,0,0,0,0,0,0,0,0,-10000,0,0,0,0,10000,-10000,-10000
07038P,華新科台新99售01,0,0,0,0,0,0,0,0,0,-10000,0,0,0,680000,690000,-10000,-10000
06921P,台光電凱基98售06,0,0,0,0,0,0,0,0,0,-10000,0,0,0,0,10000,-10000,-10000
06923P,鴻海群益98售09  ,0,0,0,0,0,0,0,0,0,-10000,0,0,0,0,10000,-10000,-10000
06925P,致茂群益9A售02  ,0,0,0,0,0,0,0,0,0,-10000,0,0,0,0,10000,-10000,-10000
06917P,聯電亞東99售01  ,0,0,0,0,0,0,0,0,0,-10000,0,0,0,30000,40000,-10000,-10000
06896P,信邦中信98售01  ,0,0,0,0,0,0,0,0,0,-10000,0,0,0,0,10000,-10000,-10000
059434,全新元大99購05  ,0,0,0,0,0,0,0,0,0,-10000,0,0,0,0,10000,-10000,-10000
059472,T50正2群益99購01,0,0,0,0,0,0,0,0,0,-10000,0,0,0,0,10000,-10000,-10000
059562,上銀凱基99購09  ,0,0,0,0,0,0,0,0,0,-10000,0,0,0,0,10000,-10000,-10000
06725P,聯電元富98售01  ,0,0,0,0,0,0,0,0,0,-10000,0,0,0,0,10000,-10000,-10000
06642P,可成兆豐98售01  ,0,0,0,0,0,0,0,0,0,-10000,0,0,0,0,10000,-10000,-10000
4737,華廣            ,14000,24000,-10000,0,0,0,0,0,0,0,0,0,0,0,0,0,-10000
4960,誠美材          ,0,10000,-10000,0,0,0,0,0,0,0,0,0,0,0,0,0,-10000
5607,遠雄港          ,87000,97000,-10000,0,0,0,0,0,0,0,0,0,0,0,0,0,-10000
3356,奇偶            ,0,10000,-10000,0,0,0,0,0,0,0,0,0,0,0,0,0,-10000
057743,華擎永豐98購03  ,0,0,0,0,0,0,0,0,0,-11000,0,0,0,0,11000,-11000,-11000
055629,華新科永豐97購04,0,0,0,0,0,0,0,0,0,-11000,0,0,0,0,11000,-11000,-11000
05527P,聯茂群益96售01  ,0,0,0,0,0,0,0,0,0,-11000,0,0,0,0,11000,-11000,-11000
055160,玉晶光元大99購03,0,0,0,0,0,0,0,0,0,-11000,0,0,0,29000,40000,-11000,-11000
054862,群光群益97購01  ,0,0,0,0,0,0,0,0,0,-11000,0,0,0,0,11000,-11000,-11000
06387P,緯穎永豐97售02  ,0,0,0,0,0,0,0,0,0,-11000,0,0,0,0,11000,-11000,-11000
058592,聯發科統一9C購01,0,0,0,0,0,0,0,0,0,-11000,0,0,0,0,11000,-11000,-11000
05023P,和碩凱基95售01  ,0,0,0,0,0,0,0,0,0,-11000,0,0,0,0,11000,-11000,-11000
04380P,欣興元大94售02  ,0,0,0,0,0,0,0,0,0,-11000,0,0,0,0,11000,-11000,-11000
04126P,滬深2X國票95售02,0,0,0,0,0,0,0,0,0,-11000,0,0,0,0,11000,-11000,-11000
051699,世紀鋼麥證95購01,0,0,0,2000,13000,-11000,0,0,0,-11000,0,0,0,2000,13000,-11000,-11000
050957,T50反1台新05購01,0,0,0,0,0,0,0,0,0,-11000,0,0,0,0,11000,-11000,-11000
048588,世紀鋼中信94購01,0,0,0,0,0,0,0,0,0,-11000,0,0,0,0,11000,-11000,-11000
053138,華邦電富邦96購01,0,0,0,0,0,0,0,0,0,-11000,0,0,0,0,11000,-11000,-11000
3501,維熹            ,17000,26000,-9000,0,0,0,0,0,0,-2000,0,2000,-2000,0,0,0,-11000
6216,居易            ,0,11000,-11000,0,0,0,0,0,0,0,0,0,0,0,0,0,-11000
6592,和潤企業        ,279000,290000,-11000,0,0,0,0,0,0,0,0,0,0,0,0,0,-11000
06728P,全新元大98售03  ,0,0,0,0,0,0,0,0,0,-11000,0,0,0,18000,29000,-11000,-11000
06802P,緯穎群益98售03  ,0,0,0,0,0,0,0,0,0,-11000,0,0,0,1000,12000,-11000,-11000
07133P,臺股指元大9A售27,0,0,0,0,0,0,0,0,0,-11000,0,0,0,0,11000,-11000,-11000
07154P,台灣50群益94售01,0,0,0,0,0,0,0,0,0,-11000,0,0,0,0,11000,-11000,-11000
059670,T50正2元富99購04,0,0,0,0,0,0,0,0,0,-11000,0,0,0,0,11000,-11000,-11000
2208,台船            ,295000,306000,-11000,0,0,0,0,0,0,0,0,0,0,0,0,0,-11000
2453,凌群            ,110000,121000,-11000,0,0,0,0,0,0,0,0,0,0,0,0,0,-11000
2483,百容            ,1000,11000,-10000,0,0,0,0,0,0,-1000,0,1000,-1000,0,0,0,-11000
1713,國化            ,0,11000,-11000,0,0,0,0,0,0,0,0,0,0,0,0,0,-11000
1727,中華化          ,0,11000,-11000,0,0,0,0,0,0,0,0,0,0,0,0,0,-11000
1522,堤維西          ,72000,83000,-11000,0,0,0,0,0,0,0,0,0,0,0,0,0,-11000
1436,華友聯          ,7000,18000,-11000,0,0,0,0,0,0,0,0,0,0,0,0,0,-11000
058427,大毅元富99購01  ,0,0,0,0,0,0,0,0,0,-12000,0,0,0,231000,243000,-12000,-12000
06486P,麗豐元大98售02  ,0,0,0,0,0,0,0,0,0,-12000,0,0,0,10000,22000,-12000,-12000
06172P,台虹永豐97售02  ,0,0,0,0,0,0,0,0,0,-12000,0,0,0,0,12000,-12000,-12000
059078,FBVIX元大99購06 ,0,0,0,0,0,0,0,0,0,-12000,0,0,0,0,12000,-12000,-12000
059145,創意國票99購02  ,0,0,0,0,0,0,0,0,0,-12000,0,0,0,7000,19000,-12000,-12000
05912P,和大元大96售01  ,0,0,0,0,0,0,0,0,0,-12000,0,0,0,2000,14000,-12000,-12000
055263,華新科富邦9A購01,0,0,0,0,0,0,0,0,0,-12000,0,0,0,0,12000,-12000,-12000
057663,國巨元大99購08  ,0,0,0,0,0,0,0,0,0,-12000,0,0,0,0,12000,-12000,-12000
057870,大立光凱基99購02,0,0,0,0,0,0,0,0,0,-12000,0,0,0,0,12000,-12000,-12000
054201,聯詠富邦97購02  ,0,0,0,0,0,0,0,0,0,-12000,0,0,0,36000,48000,-12000,-12000
054212,聯詠國票97購03  ,30000,0,30000,0,0,0,0,0,0,-42000,0,0,0,0,42000,-42000,-12000
05407P,超眾凱基95售04  ,0,0,0,0,0,0,0,0,0,-12000,0,0,0,25000,37000,-12000,-12000
051603,深中小群益99購03,0,0,0,0,0,0,0,0,0,-12000,0,0,0,4000,16000,-12000,-12000
05741P,聯發科元大96售14,0,0,0,0,0,0,0,0,0,-12000,0,0,0,50000,62000,-12000,-12000
04751P,智邦兆豐95售02  ,0,0,0,0,0,0,0,0,0,-12000,0,0,0,10000,22000,-12000,-12000
1463,強盛            ,0,12000,-12000,0,0,0,0,0,0,0,0,0,0,0,0,0,-12000
1323,永裕            ,26000,38000,-12000,0,0,0,0,0,0,0,0,0,0,0,0,0,-12000
1612,宏泰            ,17000,29000,-12000,0,0,0,0,0,0,0,0,0,0,0,0,0,-12000
1220,台榮            ,0,12000,-12000,0,0,0,0,0,0,0,0,0,0,0,0,0,-12000
2009,第一銅          ,25000,36000,-11000,0,0,0,0,0,0,-1000,0,1000,-1000,0,0,0,-12000
07135P,臺股指元大9A售29,0,0,0,0,0,0,0,0,0,-12000,0,0,0,0,12000,-12000,-12000
06949P,台表科元大99售01,0,0,0,0,0,0,0,0,0,-12000,0,0,0,0,12000,-12000,-12000
9902,台火            ,4000,16000,-12000,0,0,0,0,0,0,0,0,0,0,0,0,0,-12000
3454,晶睿            ,48000,59000,-11000,0,0,0,0,0,0,-1000,0,1000,-1000,0,0,0,-12000
6115,鎰勝            ,8000,20000,-12000,0,0,0,0,0,0,0,0,0,0,0,0,0,-12000
057117,開發金日盛9B購01,0,0,0,0,0,0,0,0,0,-13000,0,0,0,0,13000,-13000,-13000
055501,創意元大97購01  ,0,0,0,0,0,0,0,0,0,-13000,0,0,0,0,13000,-13000,-13000
054962,玉晶光元大99購02,0,0,0,0,0,0,0,0,0,-13000,0,0,0,0,13000,-13000,-13000
06421P,嘉澤統一97售02  ,0,0,0,0,0,0,0,0,0,-13000,0,0,0,0,13000,-13000,-13000
06323P,台郡統一97售01  ,0,0,0,0,0,0,0,0,0,-13000,0,0,0,0,13000,-13000,-13000
04859P,台達電群益94售04,0,0,0,0,0,0,0,0,0,-13000,0,0,0,3000,16000,-13000,-13000
050645,台積電凱基94購39,0,0,0,0,0,0,0,0,0,-13000,0,0,0,45000,58000,-13000,-13000
05151P,台光電群益95售02,0,0,0,0,0,0,0,0,0,-13000,0,0,0,0,13000,-13000,-13000
6128,上福            ,1000,11000,-10000,0,0,0,0,0,0,-3000,0,3000,-3000,0,0,0,-13000
6442,光聖            ,0,13000,-13000,0,0,0,0,0,0,0,0,0,0,0,0,0,-13000
6283,淳安            ,0,13000,-13000,0,0,0,0,0,0,0,0,0,0,0,0,0,-13000
6152,百一            ,0,13000,-13000,0,0,0,0,0,0,0,0,0,0,0,0,0,-13000
059636,宏達電凱基99購05,0,0,0,0,0,0,0,0,0,-13000,0,0,0,0,13000,-13000,-13000
06122P,亞光元大98售01  ,0,0,0,0,0,0,0,0,0,-13000,0,0,0,0,13000,-13000,-13000
06662P,玉晶光中信9A售01,0,0,0,0,0,0,0,0,0,-13000,0,0,0,13000,26000,-13000,-13000
059583,台灣50元大01購10,0,0,0,0,0,0,0,0,0,-13000,0,0,0,0,13000,-13000,-13000
059442,祥碩元大99購03  ,0,0,0,0,0,0,0,0,0,-13000,0,0,0,7000,20000,-13000,-13000
059507,鴻海永豐99購03  ,0,0,0,0,0,0,0,0,0,-13000,0,0,0,14000,27000,-13000,-13000
2106,建大            ,282000,295000,-13000,0,0,0,0,0,0,0,0,0,0,0,0,0,-13000
2425,承啟            ,291000,304000,-13000,0,0,0,0,0,0,0,0,0,0,0,0,0,-13000
1109,信大            ,67000,80000,-13000,0,0,0,0,0,0,0,0,0,0,0,0,0,-13000
06554P,臺股指元大99售06,0,0,0,0,0,0,0,0,0,-14000,0,0,0,0,14000,-14000,-14000
058421,國泰金麥證01購01,0,0,0,0,14000,-14000,0,0,0,-14000,0,0,0,0,14000,-14000,-14000
058142,瑞儀元大99購01  ,0,0,0,0,0,0,0,0,0,-14000,0,0,0,1000,15000,-14000,-14000
054296,世芯元大97購01  ,0,0,0,0,0,0,0,0,0,-14000,0,0,0,51000,65000,-14000,-14000
055804,祥碩永豐97購02  ,0,0,0,0,0,0,0,0,0,-14000,0,0,0,0,14000,-14000,-14000
052775,滬深2X國票99購02,0,0,0,0,0,0,0,0,0,-14000,0,0,0,60000,74000,-14000,-14000
2488,漢平            ,61000,74000,-13000,0,0,0,0,0,0,-1000,0,1000,-1000,0,0,0,-14000
059469,智邦元大99購03  ,0,0,0,0,0,0,0,0,0,-14000,0,0,0,34000,48000,-14000,-14000
06848P,聯詠元大98售04  ,0,0,0,0,0,0,0,0,0,-14000,0,0,0,0,14000,-14000,-14000
06901P,亞德客凱基98售02,0,0,0,0,0,0,0,0,0,-14000,0,0,0,0,14000,-14000,-14000
6414,樺漢            ,1000,11000,-10000,0,0,0,0,0,0,-4000,0,3000,-3000,0,1000,-1000,-14000
8374,羅昇            ,0,14000,-14000,0,0,0,0,0,0,0,0,0,0,0,0,0,-14000
8482,商億-KY         ,30000,44000,-14000,0,0,0,0,0,0,0,0,0,0,0,0,0,-14000
6698,旭暉應材        ,5000,24000,-19000,0,0,0,0,0,0,5000,5000,0,5000,0,0,0,-14000
4994,傳奇            ,1000,1000,0,0,0,0,0,0,0,-14000,0,0,0,0,14000,-14000,-14000
056720,世紀鋼永豐98購01,0,0,0,0,0,0,0,0,0,-15000,0,0,0,5000,20000,-15000,-15000
05444P,大立光元大95售10,0,0,0,0,0,0,0,0,0,-15000,0,0,0,5000,20000,-15000,-15000
06189P,華新科永豐97售03,0,0,0,0,0,0,0,0,0,-15000,0,0,0,0,15000,-15000,-15000
059221,聯發科元大99購21,0,0,0,0,0,0,0,0,0,-15000,0,0,0,5000,20000,-15000,-15000
055158,亞光元大99購01  ,0,0,0,0,0,0,0,0,0,-15000,0,0,0,0,15000,-15000,-15000
055376,群創元大01購01  ,0,0,0,0,0,0,0,0,0,-15000,0,0,0,0,15000,-15000,-15000
05719P,可成元大96售03  ,0,0,0,0,0,0,0,0,0,-15000,0,0,0,0,15000,-15000,-15000
057201,華擎元富98購01  ,0,0,0,0,0,0,0,0,0,-15000,0,0,0,62000,77000,-15000,-15000
056295,國巨元大97購16  ,0,0,0,0,0,0,0,0,0,-15000,0,0,0,0,15000,-15000,-15000
058904,晶技元大99購05  ,0,0,0,0,0,0,0,0,0,-15000,0,0,0,2000,17000,-15000,-15000
053279,景碩元大97購01  ,0,0,0,0,0,0,0,0,0,-15000,0,0,0,0,15000,-15000,-15000
052955,國巨日盛96購01  ,0,0,0,0,0,0,0,0,0,-15000,0,0,0,0,15000,-15000,-15000
055665,亞德客群益97購01,0,0,0,0,0,0,0,0,0,-15000,0,0,0,98000,113000,-15000,-15000
053064,國巨群益96購04  ,0,0,0,0,0,0,0,0,0,-15000,0,0,0,18000,33000,-15000,-15000
052515,矽力凱基95購02  ,0,0,0,0,0,0,0,0,0,-15000,0,0,0,0,15000,-15000,-15000
04344P,台達電國泰94售01,0,0,0,0,0,0,0,0,0,-15000,0,0,0,0,15000,-15000,-15000
00775B,新光投等債15+   ,0,2000,-2000,0,0,0,0,0,0,-13000,0,0,0,2000,15000,-13000,-15000
006204,永豐臺灣加權    ,0,0,0,0,0,0,0,0,0,-15000,0,0,0,3000,18000,-15000,-15000
050013,淘帝國泰95購01  ,0,0,0,0,0,0,0,0,0,-15000,0,0,0,0,15000,-15000,-15000
050896,華新科元大96購02,0,0,0,0,0,0,0,0,0,-15000,0,0,0,6000,21000,-15000,-15000
04977P,力成凱基96售01  ,0,0,0,0,0,0,0,0,0,-15000,0,0,0,0,15000,-15000,-15000
051722,玉晶光永豐97購01,4000,0,4000,0,0,0,0,0,0,-19000,0,0,0,286000,305000,-19000,-15000
049564,聯電統一94購03  ,0,0,0,0,0,0,0,0,0,-15000,0,0,0,0,15000,-15000,-15000
049477,泰鼎永豐94購01  ,0,0,0,0,0,0,0,0,0,-15000,0,0,0,20000,35000,-15000,-15000
4141,龍燈-KY         ,28000,43000,-15000,0,0,0,0,0,0,0,0,0,0,0,0,0,-15000
3622,洋華            ,43000,58000,-15000,0,0,0,0,0,0,0,0,0,0,0,0,0,-15000
3591,艾笛森          ,0,15000,-15000,0,0,0,0,0,0,0,0,0,0,0,0,0,-15000
06913P,聯發科元大98售14,0,0,0,0,0,0,0,0,0,-15000,0,0,0,0,15000,-15000,-15000
06851P,鈺齊元大98售01  ,0,0,0,0,0,0,0,0,0,-15000,0,0,0,0,15000,-15000,-15000
059671,滬深2X元富99購05,0,0,0,0,0,0,0,0,0,-15000,0,0,0,0,15000,-15000,-15000
059664,立積元大9C購01  ,0,0,0,0,0,0,0,0,0,-15000,0,0,0,0,15000,-15000,-15000
059477,FBVIX群益99購01 ,0,0,0,0,0,0,0,0,0,-15000,0,0,0,0,15000,-15000,-15000
059428,國巨元大99購25  ,0,0,0,0,0,0,0,0,0,-15000,0,0,0,18000,33000,-15000,-15000
059615,台灣50群益99購05,0,0,0,0,0,0,0,0,0,-15000,0,0,0,0,15000,-15000,-15000
06697P,台積電國票99售05,0,0,0,0,0,0,0,0,0,-15000,0,0,0,0,15000,-15000,-15000
06742P,可成富邦99售02  ,0,0,0,0,0,0,0,0,0,-15000,0,0,0,0,15000,-15000,-15000
2109,華豐            ,4000,19000,-15000,0,0,0,0,0,0,0,0,0,0,0,0,0,-15000
2373,震旦行          ,3000,17000,-14000,0,0,0,0,0,0,-1000,0,1000,-1000,0,0,0,-15000
056518,美律國票99購01  ,0,0,0,0,0,0,0,0,0,-16000,0,0,0,0,16000,-16000,-16000
057483,微星元大98購04  ,0,0,0,0,0,0,0,0,0,-16000,0,0,0,6000,22000,-16000,-16000
05922P,京元電兆豐96售01,0,0,0,0,0,0,0,0,0,-16000,0,0,0,17000,33000,-16000,-16000
059324,智易元大99購04  ,0,0,0,0,0,0,0,0,0,-16000,0,0,0,71000,87000,-16000,-16000
06206P,台積電凱基97售11,0,0,0,0,0,0,0,0,0,-16000,0,0,0,0,16000,-16000,-16000
054715,中橡康和97購01  ,0,0,0,0,0,0,0,0,0,-16000,0,0,0,0,16000,-16000,-16000
056711,亞光永豐98購01  ,0,0,0,0,0,0,0,0,0,-16000,0,0,0,16000,32000,-16000,-16000
049934,緯穎元大94購08  ,0,0,0,0,0,0,0,0,0,-16000,0,0,0,10000,26000,-16000,-16000
052160,美律永豐95購03  ,0,0,0,0,0,0,0,0,0,-16000,0,0,0,0,16000,-16000,-16000
052703,貿聯國票97購01  ,0,0,0,0,0,0,0,0,0,-16000,0,0,0,24000,40000,-16000,-16000
07297P,台灣50元大9C售11,0,0,0,0,0,0,0,0,0,-16000,0,0,0,0,16000,-16000,-16000
07232P,台灣50元大01售07,0,0,0,0,0,0,0,0,0,-16000,0,0,0,0,16000,-16000,-16000
07215P,大立光凱基99售07,0,0,0,0,0,0,0,0,0,-16000,0,0,0,5000,21000,-16000,-16000
1614,三洋電          ,3000,19000,-16000,0,0,0,0,0,0,0,0,0,0,0,0,0,-16000
1723,中碳            ,102000,126000,-24000,0,0,0,0,0,0,8000,10000,2000,8000,0,0,0,-16000
06679P,旺宏元大98售09  ,0,0,0,0,0,0,0,0,0,-16000,0,0,0,1000,17000,-16000,-16000
059565,國巨凱基99購16  ,0,0,0,0,0,0,0,0,0,-16000,0,0,0,64000,80000,-16000,-16000
059668,台灣50元富9B購04,0,0,0,0,0,0,0,0,0,-16000,0,0,0,0,16000,-16000,-16000
06888P,日月光元大98售02,0,0,0,0,0,0,0,0,0,-16000,0,0,0,40000,56000,-16000,-16000
07150P,和碩元大99售01  ,0,0,0,0,0,0,0,0,0,-16000,0,0,0,7000,23000,-16000,-16000
3094,聯傑            ,40000,56000,-16000,0,0,0,0,0,0,0,0,0,0,0,0,0,-16000
3027,盛達            ,5000,21000,-16000,0,0,0,0,0,0,0,0,0,0,0,0,0,-16000
8497,格威傳媒        ,35000,10000,25000,0,0,0,0,0,0,-41000,0,41000,-41000,0,0,0,-16000
058127,FBVIX元大9C購01 ,0,0,0,0,0,0,0,0,0,-17000,0,0,0,0,17000,-17000,-17000
05467P,聯電元大95售02  ,0,0,0,0,0,0,0,0,0,-17000,0,0,0,207000,224000,-17000,-17000
06242P,大立光元富9A售02,0,0,0,0,0,0,0,0,0,-17000,0,0,0,0,17000,-17000,-17000
06154P,超眾元大98售01  ,0,0,0,0,0,0,0,0,0,-17000,0,0,0,3000,20000,-17000,-17000
057176,全新元大99購02  ,0,0,0,0,0,0,0,0,0,-17000,0,0,0,20000,37000,-17000,-17000
057832,聯發科元富02購05,0,0,0,0,0,0,0,0,0,-17000,0,0,0,5000,22000,-17000,-17000
05279P,上銀元大95售02  ,0,0,0,0,0,0,0,0,0,-17000,0,0,0,3000,20000,-17000,-17000
8341,日友            ,205000,222000,-17000,0,0,0,0,0,0,0,0,0,0,0,0,0,-17000
6541,泰福-KY         ,91000,108000,-17000,0,0,0,0,0,0,0,0,0,0,0,0,0,-17000
4930,燦星網          ,0,17000,-17000,0,0,0,0,0,0,0,0,0,0,0,0,0,-17000
5706,鳳凰            ,17000,34000,-17000,0,0,0,0,0,0,0,0,0,0,0,0,0,-17000
06929P,鴻海元大99售11  ,0,0,0,0,0,0,0,0,0,-17000,0,0,0,12000,29000,-17000,-17000
059576,臺股指凱基99購42,0,0,0,0,0,0,0,0,0,-17000,0,0,0,16000,33000,-17000,-17000
059539,緯穎凱基99購03  ,0,0,0,0,0,0,0,0,0,-17000,0,0,0,7000,24000,-17000,-17000
1341,富林-KY         ,0,0,0,0,0,0,0,0,0,-17000,0,17000,-17000,0,0,0,-17000
07247P,聯發科凱基9A售06,0,0,0,0,0,0,0,0,0,-17000,0,0,0,12000,29000,-17000,-17000
1225,福懋油          ,1000,17000,-16000,0,0,0,0,0,0,-1000,0,1000,-1000,0,0,0,-17000
057083,立積統一98購01  ,0,0,0,0,0,0,0,0,0,-18000,0,0,0,0,18000,-18000,-18000
055339,緯穎兆豐98購01  ,0,0,0,0,0,0,0,0,0,-18000,0,0,0,5000,23000,-18000,-18000
055974,上銀統一97購05  ,0,0,0,0,0,0,0,0,0,-18000,0,0,0,0,18000,-18000,-18000
05484P,台積電凱基95售18,0,0,0,0,0,0,0,0,0,-18000,0,0,0,0,18000,-18000,-18000
059016,晶相光元富99購03,0,0,0,0,0,0,0,0,0,-18000,0,0,0,22000,40000,-18000,-18000
054868,國泰金群益9A購01,0,0,0,0,0,0,0,0,0,-18000,0,0,0,42000,60000,-18000,-18000
058523,聯茂元大99購08  ,0,0,0,0,0,0,0,0,0,-18000,0,0,0,12000,30000,-18000,-18000
056895,技嘉元大98購01  ,0,0,0,0,0,0,0,0,0,-18000,0,0,0,2000,20000,-18000,-18000
058932,FBVIX台新99購01 ,0,0,0,0,0,0,0,0,0,-18000,0,0,0,0,18000,-18000,-18000
051047,深中小群益99購01,0,0,0,0,0,0,0,0,0,-18000,0,0,0,4000,22000,-18000,-18000
00733,富邦臺灣中小    ,0,0,0,0,0,0,0,0,0,-18000,0,0,0,200000,218000,-18000,-18000
1618,合機            ,0,2000,-2000,0,0,0,0,0,0,-16000,0,16000,-16000,0,0,0,-18000
2348,海悅            ,36000,54000,-18000,0,0,0,0,0,0,0,0,0,0,0,0,0,-18000
059564,鴻海凱基9A購15  ,0,0,0,0,0,0,0,0,0,-18000,0,0,0,24000,42000,-18000,-18000
059318,旺宏元大99購13  ,0,0,0,0,0,0,0,0,0,-18000,0,0,0,2000,20000,-18000,-18000
05919P,京鼎元大96售03  ,0,0,0,0,0,0,0,0,0,-19000,0,0,0,30000,49000,-19000,-19000
06483P,聯發科凱基98售10,0,0,0,0,0,0,0,0,0,-19000,0,0,0,0,19000,-19000,-19000
058844,元油2X群益9C購03,0,0,0,0,0,0,0,0,0,-19000,0,0,0,1000,20000,-19000,-19000
00702,國泰標普低波高息,0,0,0,0,0,0,0,0,0,-19000,0,0,0,932000,951000,-19000,-19000
0052,富邦科技        ,3000,3000,0,0,0,0,0,0,0,-19000,0,0,0,105000,124000,-19000,-19000
053510,聯電群益97購01  ,0,0,0,0,0,0,0,0,0,-19000,0,0,0,58000,77000,-19000,-19000
06912P,台光電元大99售02,0,0,0,0,0,0,0,0,0,-19000,0,0,0,1000,20000,-19000,-19000
06976P,臺股指元大9A售14,0,0,0,0,0,0,0,0,0,-19000,0,0,0,0,19000,-19000,-19000
07146P,瑞昱元大99售02  ,0,0,0,0,0,0,0,0,0,-19000,0,0,0,0,19000,-19000,-19000
059485,台灣50兆豐99購02,0,0,0,0,0,0,0,0,0,-19000,0,0,0,27000,46000,-19000,-19000
059373,滬深2X群益01購03,0,0,0,0,0,0,0,0,0,-19000,0,0,0,41000,60000,-19000,-19000
07207P,台積電凱基99售13,0,0,0,0,0,0,0,0,0,-19000,0,0,0,13000,32000,-19000,-19000
2849,安泰銀          ,12000,30000,-18000,0,0,0,0,0,0,-1000,0,1000,-1000,0,0,0,-19000
3305,昇貿            ,0,19000,-19000,0,0,0,0,0,0,0,0,0,0,0,0,0,-19000
058850,華新科群益99購03,0,0,0,0,0,0,0,0,0,-20000,0,0,0,17000,37000,-20000,-20000
056350,上銀元大98購02  ,0,0,0,0,0,0,0,0,0,-20000,0,0,0,0,20000,-20000,-20000
056281,深中小永豐97購01,0,0,0,0,0,0,0,0,0,-20000,0,0,0,0,20000,-20000,-20000
057276,全新元大99購03  ,0,0,0,0,0,0,0,0,0,-20000,0,0,0,0,20000,-20000,-20000
057223,富邦金日盛99購01,0,0,0,0,0,0,0,0,0,-20000,0,0,0,0,20000,-20000,-20000
05603P,聯發科元大96售09,0,0,0,0,0,0,0,0,0,-20000,0,0,0,0,20000,-20000,-20000
056060,宏達電元大99購01,0,0,0,0,0,0,0,0,0,-20000,0,0,0,0,20000,-20000,-20000
055407,祥碩國泰98購01  ,0,0,0,0,0,0,0,0,0,-20000,0,0,0,15000,35000,-20000,-20000
055441,緯穎國票98購01  ,0,0,0,0,0,0,0,0,0,-20000,0,0,0,0,20000,-20000,-20000
055419,國巨永豐97購03  ,0,0,0,0,0,0,0,0,0,-20000,0,0,0,0,20000,-20000,-20000
057060,緯穎元大98購05  ,0,0,0,0,0,0,0,0,0,-20000,0,0,0,0,20000,-20000,-20000
057172,南亞科元大98購03,0,0,0,0,0,0,0,0,0,-20000,0,0,0,0,20000,-20000,-20000
057198,智伸科統一9B購01,0,0,0,0,0,0,0,0,0,-20000,0,0,0,0,20000,-20000,-20000
057150,貿聯國票99購02  ,0,0,0,0,0,0,0,0,0,-20000,0,0,0,20000,40000,-20000,-20000
05761P,嘉澤永豐96售01  ,0,0,0,0,0,0,0,0,0,-20000,0,0,0,0,20000,-20000,-20000
057627,和大永豐98購01  ,0,0,0,0,0,0,0,0,0,-20000,0,0,0,0,20000,-20000,-20000
057532,智原元大98購03  ,0,0,0,0,0,0,0,0,0,-20000,0,0,0,0,20000,-20000,-20000
059044,聯電日盛99購02  ,0,0,0,0,0,0,0,0,0,-20000,0,0,0,0,20000,-20000,-20000
059095,訊芯元大99購01  ,0,0,0,0,0,0,0,0,0,-20000,0,0,0,0,20000,-20000,-20000
056685,光罩統一98購03  ,0,0,0,0,0,0,0,0,0,-20000,0,0,0,0,20000,-20000,-20000
054807,台化元大9A購02  ,0,0,0,0,0,0,0,0,0,-20000,0,0,0,0,20000,-20000,-20000
05849P,臺股指元大96售25,0,0,0,0,0,0,0,0,0,-20000,0,0,0,1000,21000,-20000,-20000
05300P,健策元大95售02  ,0,0,0,0,0,0,0,0,0,-20000,0,0,0,0,20000,-20000,-20000
055833,華通元大98購05  ,0,0,0,0,0,0,0,0,0,-20000,0,0,0,0,20000,-20000,-20000
057300,訊連永豐98購01  ,0,0,0,0,0,0,0,0,0,-20000,0,0,0,10000,30000,-20000,-20000
052117,鴻海國票96購03  ,0,0,0,0,0,0,0,0,0,-20000,0,0,0,0,20000,-20000,-20000
051944,智邦統一95購02  ,0,0,0,0,0,0,0,0,0,-20000,0,0,0,0,20000,-20000,-20000
051987,廣達元大95購01  ,0,0,0,0,0,0,0,0,0,-20000,0,0,0,20000,40000,-20000,-20000
05421P,鴻海元大96售12  ,0,0,0,0,0,0,0,0,0,-20000,0,0,0,0,20000,-20000,-20000
054252,奇力新元大96購04,0,0,0,0,0,0,0,0,0,-20000,0,0,0,10000,30000,-20000,-20000
052272,T50反1群益95購03,0,0,0,0,0,0,0,0,0,-20000,0,0,0,0,20000,-20000,-20000
052310,聯電富邦95購01  ,0,0,0,0,0,0,0,0,0,-20000,0,0,0,0,20000,-20000,-20000
053085,華新科元大97購04,0,0,0,0,0,0,0,0,0,-20000,0,0,0,20000,40000,-20000,-20000
05252P,華通凱基95售01  ,0,0,0,0,0,0,0,0,0,-20000,0,0,0,0,20000,-20000,-20000
052561,矽創國票97購01  ,0,0,0,0,0,0,0,0,0,-20000,0,0,0,20000,40000,-20000,-20000
054347,上緯控國票96購02,0,0,0,0,0,0,0,0,0,-20000,0,0,0,0,20000,-20000,-20000
04518P,高鐵群益95售01  ,0,0,0,0,0,0,0,0,0,-20000,0,0,0,0,20000,-20000,-20000
00709,富邦歐洲        ,0,53000,-53000,0,0,0,0,0,0,33000,0,0,0,186000,153000,33000,-20000
00770,國泰北美科技    ,0,30000,-30000,0,0,0,0,0,0,10000,0,0,0,14000,4000,10000,-20000
04116P,京元電元大94售02,0,0,0,0,0,0,0,0,0,-20000,0,0,0,0,20000,-20000,-20000
03017X,元展17          ,0,0,0,0,0,0,0,0,0,-20000,0,0,0,0,20000,-20000,-20000
04370P,聯茂凱基94售05  ,0,0,0,0,0,0,0,0,0,-20000,0,0,0,0,20000,-20000,-20000
05049P,矽創永豐95售01  ,0,0,0,0,0,0,0,0,0,-20000,0,0,0,0,20000,-20000,-20000
05116P,台積電群益95售03,0,0,0,0,0,0,0,0,0,-20000,0,0,0,0,20000,-20000,-20000
049386,嘉聯益元大95購01,0,0,0,0,0,0,0,0,0,-20000,0,0,0,0,20000,-20000,-20000
05358P,大立光元大95售09,0,0,0,0,0,0,0,0,0,-20000,0,0,0,30000,50000,-20000,-20000
051700,深中小群益99購04,0,0,0,0,0,0,0,0,0,-20000,0,0,0,0,20000,-20000,-20000
04744P,臻鼎元富94售04  ,0,0,0,0,0,0,0,0,0,-20000,0,0,0,0,20000,-20000,-20000
048001,中工元大96購01  ,0,0,0,0,0,0,0,0,0,-20000,0,0,0,0,20000,-20000,-20000
4764,雙鍵            ,1000,21000,-20000,0,0,0,0,0,0,0,0,0,0,0,0,0,-20000
4566,時碩工業        ,37000,57000,-20000,0,0,0,0,0,0,0,0,0,0,0,0,0,-20000
07197P,臺股指元大99售13,0,0,0,0,0,0,0,0,0,-20000,0,0,0,10000,30000,-20000,-20000
07289P,台灣50凱基99售07,0,0,0,0,0,0,0,0,0,-20000,0,0,0,0,20000,-20000,-20000
2530,華建            ,2000,22000,-20000,0,0,0,0,0,0,0,0,0,0,0,0,0,-20000
059421,滬深2X元大99購05,0,0,0,0,0,0,0,0,0,-20000,0,0,0,0,20000,-20000,-20000
05938P,旺宏凱基96售07  ,0,0,0,0,0,0,0,0,0,-20000,0,0,0,0,20000,-20000,-20000
059506,滬深2X永豐99購04,0,0,0,0,0,0,0,0,0,-20000,0,0,0,0,20000,-20000,-20000
06993P,鴻海凱基99售05  ,0,0,0,0,0,0,0,0,0,-20000,0,0,0,0,20000,-20000,-20000
06853P,華擎元富98售03  ,0,0,0,0,0,0,0,0,0,-20000,0,0,0,5000,25000,-20000,-20000
06098P,T50反1日盛97售02,0,0,0,0,0,0,0,0,0,-20000,0,0,0,0,20000,-20000,-20000
06120P,大立光凱基98售05,0,0,0,0,0,0,0,0,0,-20000,0,0,0,60000,80000,-20000,-20000
058522,聯茂元大99購07  ,0,0,0,0,0,0,0,0,0,-21000,0,0,0,0,21000,-21000,-21000
056578,智易元大99購02  ,0,0,0,0,0,0,0,0,0,-21000,0,0,0,0,21000,-21000,-21000
058156,超眾統一9A購02  ,0,0,0,0,0,0,0,0,0,-21000,0,0,0,0,21000,-21000,-21000
058162,上銀日盛9B購01  ,0,0,0,0,0,0,0,0,0,-21000,0,0,0,0,21000,-21000,-21000
054932,台肥元大97購01  ,0,0,0,0,0,0,0,0,0,-21000,0,0,0,10000,31000,-21000,-21000
06408P,聯茂元富97售02  ,0,0,0,0,0,0,0,0,0,-21000,0,0,0,0,21000,-21000,-21000
055476,台郡凱基97購02  ,0,0,0,0,0,0,0,0,0,-21000,0,0,0,13000,34000,-21000,-21000
058074,欣興凱基99購01  ,0,0,0,0,0,0,0,0,0,-21000,0,0,0,40000,61000,-21000,-21000
049982,嘉晶凱基94購01  ,0,0,0,0,0,0,0,0,0,-21000,0,0,0,0,21000,-21000,-21000
06068P,玉晶光康和97售01,0,0,0,0,0,0,0,0,0,-21000,0,0,0,0,21000,-21000,-21000
059503,大立光富邦9B購04,0,0,0,0,0,0,0,0,0,-21000,0,0,0,51000,72000,-21000,-21000
2506,太設            ,0,21000,-21000,0,0,0,0,0,0,0,0,0,0,0,0,0,-21000
6189,豐藝            ,53000,74000,-21000,0,0,0,0,0,0,0,0,0,0,0,0,0,-21000
3311,閎暉            ,7000,28730,-21730,0,0,0,0,0,0,0,0,0,0,0,0,0,-21730
056508,揚明光永豐98購01,0,0,0,0,0,0,0,0,0,-22000,0,0,0,0,22000,-22000,-22000
056870,全新日盛9A購01  ,0,0,0,0,0,0,0,0,0,-22000,0,0,0,0,22000,-22000,-22000
055145,T50反1元大97購04,0,0,0,0,0,0,0,0,0,-22000,0,0,0,0,22000,-22000,-22000
03676C,臺股指元大04牛03,0,0,0,0,0,0,0,0,0,-22000,0,0,0,1000,23000,-22000,-22000
3266,昇陽            ,3000,25000,-22000,0,0,0,0,0,0,0,0,0,0,0,0,0,-22000
3679,新至陞          ,7000,29000,-22000,0,0,0,0,0,0,0,0,0,0,0,0,0,-22000
6136,富爾特          ,0,22000,-22000,0,0,0,0,0,0,0,0,0,0,0,0,0,-22000
6184,大豐電          ,4000,26000,-22000,0,0,0,0,0,0,0,0,0,0,0,0,0,-22000
6165,捷泰            ,37000,59000,-22000,0,0,0,0,0,0,0,0,0,0,0,0,0,-22000
6605,帝寶            ,5000,27000,-22000,0,0,0,0,0,0,0,0,0,0,0,0,0,-22000
2459,敦吉            ,7000,28000,-21000,0,0,0,0,0,0,-1000,0,1000,-1000,0,0,0,-22000
1234,黑松            ,6000,28000,-22000,0,0,0,0,0,0,0,0,0,0,0,0,0,-22000
1473,台南            ,44000,66000,-22000,0,0,0,0,0,0,0,0,0,0,0,0,0,-22000
06839P,玉晶光統一9A售05,0,0,0,0,0,0,0,0,0,-22000,0,0,0,0,22000,-22000,-22000
056714,晶相光永豐98購02,0,0,0,0,0,0,0,0,0,-23000,0,0,0,5000,28000,-23000,-23000
06201P,可成元大97售01  ,0,0,0,0,0,0,0,0,0,-23000,0,0,0,8000,31000,-23000,-23000
04431P,牧德元大94售03  ,0,0,0,0,0,0,0,0,0,-23000,0,0,0,20000,43000,-23000,-23000
053082,聯電元大98購03  ,0,0,0,0,0,0,0,0,0,-23000,0,0,0,0,23000,-23000,-23000
051873,緯穎凱基95購02  ,0,0,0,0,0,0,0,0,0,-23000,0,0,0,24000,47000,-23000,-23000
05396P,台郡元大95售05  ,0,0,0,0,0,0,0,0,0,-23000,0,0,0,5000,28000,-23000,-23000
058740,T50反1日盛9B購02,0,0,0,0,0,0,0,0,0,-23000,0,0,0,0,23000,-23000,-23000
053500,新日興兆豐97購01,0,0,0,0,0,0,0,0,0,-23000,0,0,0,38000,61000,-23000,-23000
053424,欣興永豐96購02  ,0,0,0,0,0,0,0,0,0,-23000,0,0,0,0,23000,-23000,-23000
059349,台郡凱基99購04  ,0,0,0,0,0,0,0,0,0,-23000,0,0,0,0,23000,-23000,-23000
8442,威宏-KY         ,3000,1000,2000,0,0,0,0,0,0,-25000,0,25000,-25000,0,0,0,-23000
2891B,中信金乙特      ,0,0,0,0,0,0,0,18000,-18000,-5000,0,0,0,0,5000,-5000,-23000
059198,華新科永豐99購06,0,0,0,0,0,0,0,0,0,-24000,0,0,0,51000,75000,-24000,-24000
058622,國巨國票99購07  ,0,0,0,0,0,0,0,0,0,-24000,0,0,0,57000,81000,-24000,-24000
054822,祥碩元大97購01  ,0,0,0,0,0,0,0,0,0,-24000,0,0,0,0,24000,-24000,-24000
055615,宏達電國票99購02,0,0,0,0,0,0,0,0,0,-24000,0,0,0,0,24000,-24000,-24000
052885,高鐵兆豐98購01  ,0,0,0,0,0,0,0,0,0,-24000,0,0,0,31000,55000,-24000,-24000
053818,富邦金群益98購01,0,0,0,0,0,0,0,0,0,-24000,0,0,0,6000,30000,-24000,-24000
051902,T50反1元大97購01,0,0,0,0,0,0,0,0,0,-24000,0,0,0,10000,34000,-24000,-24000
8021,尖點            ,103000,126000,-23000,0,0,0,0,0,0,-1000,0,1000,-1000,0,0,0,-24000
059367,台灣50元富01購03,0,0,0,0,0,0,0,0,0,-24000,0,0,0,44000,68000,-24000,-24000
06673P,大立光群益98售01,0,0,0,0,0,0,0,0,0,-24000,0,0,0,0,24000,-24000,-24000
1615,大山            ,0,24000,-24000,0,0,0,0,0,0,0,0,0,0,0,0,0,-24000
07283P,華新科凱基99售07,0,0,0,0,0,0,0,0,0,-24000,0,0,0,68000,92000,-24000,-24000
07272P,台灣50元大9C售05,0,0,0,0,0,0,0,0,0,-24000,0,0,0,0,24000,-24000,-24000
07270P,台灣50元大01售09,0,0,0,0,0,0,0,0,0,-24000,0,0,0,0,24000,-24000,-24000
057041,國巨元大99購04  ,0,0,0,0,0,0,0,0,0,-25000,0,0,0,0,25000,-25000,-25000
057284,新日興元大98購03,0,0,0,0,0,0,0,0,0,-25000,0,0,0,0,25000,-25000,-25000
057802,卜蜂元大98購01  ,0,0,0,0,0,0,0,0,0,-25000,0,0,0,86000,111000,-25000,-25000
054967,神達元大97購01  ,0,0,0,0,0,0,0,0,0,-25000,0,0,0,15000,40000,-25000,-25000
059263,瑞昱中信01購01  ,0,0,0,0,0,0,0,0,0,-25000,0,0,0,0,25000,-25000,-25000
053513,義隆群益96購05  ,0,0,0,0,0,0,0,0,0,-25000,0,0,0,100000,125000,-25000,-25000
050468,矽格中信94購01  ,0,0,0,0,0,0,0,0,0,-25000,0,0,0,0,25000,-25000,-25000
050044,聯詠兆豐94購02  ,0,0,0,0,0,0,0,0,0,-25000,0,0,0,0,25000,-25000,-25000
03555P,聯電元大02售24  ,45000,70000,-25000,0,0,0,0,0,0,0,0,0,0,0,0,0,-25000
04604P,華新科國票95售01,0,0,0,0,0,0,0,0,0,-25000,0,0,0,0,25000,-25000,-25000
049908,鴻海元大94購08  ,0,0,0,0,0,0,0,0,0,-25000,0,0,0,0,25000,-25000,-25000
04792P,智邦元大94售06  ,0,0,0,0,0,0,0,0,0,-25000,0,0,0,40000,65000,-25000,-25000
051249,潤泰全元大95購01,0,0,0,0,0,0,0,0,0,-25000,0,0,0,0,25000,-25000,-25000
05098P,鴻海凱基95售15  ,0,0,0,0,0,0,0,0,0,-25000,0,0,0,0,25000,-25000,-25000
059489,上証2X國票9A購01,0,0,0,0,0,0,0,0,0,-25000,0,0,0,0,25000,-25000,-25000
059558,T50正2凱基9C購03,0,0,0,0,0,0,0,0,0,-25000,0,0,0,0,25000,-25000,-25000
06887P,華新科元大98售04,0,0,0,0,0,0,0,0,0,-25000,0,0,0,0,25000,-25000,-25000
06060P,玉晶光元大97售03,0,0,0,0,0,0,0,0,0,-25000,0,0,0,0,25000,-25000,-25000
059682,可成富邦9A購01  ,0,0,0,0,0,0,0,0,0,-25000,0,0,0,125000,150000,-25000,-25000
059645,祥碩凱基99購05  ,0,0,0,0,0,0,0,0,0,-25000,0,0,0,0,25000,-25000,-25000
059635,華新科凱基9A購06,0,0,0,0,0,0,0,0,0,-25000,0,0,0,8000,33000,-25000,-25000
059323,新日興元大99購02,0,0,0,0,0,0,0,0,0,-26000,0,0,0,7000,33000,-26000,-26000
059321,欣興元大99購07  ,0,0,0,0,0,0,0,0,0,-26000,0,0,0,38000,64000,-26000,-26000
058111,健鼎元富98購01  ,0,0,0,0,0,0,0,0,0,-26000,0,0,0,0,26000,-26000,-26000
059663,旭富元大9C購02  ,0,0,0,0,0,0,0,0,0,-26000,0,0,0,65000,91000,-26000,-26000
06933P,禾伸堂元大98售03,0,0,0,0,0,0,0,0,0,-26000,0,0,0,20000,46000,-26000,-26000
07235P,T50正2元大9C售02,0,0,0,0,0,0,0,0,0,-26000,0,0,0,80000,106000,-26000,-26000
1558,伸興            ,14000,18000,-4000,0,0,0,0,0,0,-22000,0,22000,-22000,0,0,0,-26000
1435,中福            ,22000,48000,-26000,0,0,0,0,0,0,0,0,0,0,0,0,0,-26000
2642,宅配通          ,16000,42000,-26000,0,0,0,0,0,0,0,0,0,0,0,0,0,-26000
1809,中釉            ,116000,142000,-26000,0,0,0,0,0,0,0,0,0,0,0,0,0,-26000
056219,T50反1日盛02購01,0,0,0,0,0,0,0,0,0,-27000,0,0,0,20000,47000,-27000,-27000
059260,國巨中信99購05  ,0,0,0,0,0,0,0,0,0,-27000,0,0,0,21000,48000,-27000,-27000
054649,聯茂群益97購01  ,0,0,0,0,0,0,0,0,0,-27000,0,0,0,9000,36000,-27000,-27000
058503,鴻海元大99購14  ,0,0,0,0,0,0,0,0,0,-27000,0,0,0,15000,42000,-27000,-27000
053481,同欣電元大97購01,0,0,0,0,0,0,0,0,0,-27000,0,0,0,20000,47000,-27000,-27000
052743,華新科元大97購01,0,0,0,0,0,0,0,0,0,-27000,0,0,0,4000,31000,-27000,-27000
2496,卓越            ,2000,29000,-27000,0,0,0,0,0,0,0,0,0,0,0,0,0,-27000
1338,廣華-KY         ,57000,84000,-27000,0,0,0,0,0,0,0,0,0,0,0,0,0,-27000
1540,喬福            ,17000,46000,-29000,0,0,0,0,0,0,2000,2000,0,2000,0,0,0,-27000
07251P,台灣50元富01售04,0,0,0,0,0,0,0,0,0,-27000,0,0,0,0,27000,-27000,-27000
07271P,台灣50元大9C售04,0,0,0,0,0,0,0,0,0,-27000,0,0,0,0,27000,-27000,-27000
059588,鴻海元大99購32  ,0,0,0,0,0,0,0,0,0,-27000,0,0,0,20000,47000,-27000,-27000
059371,聯鈞元富99購02  ,0,0,0,0,0,0,0,0,0,-27000,0,0,0,121000,148000,-27000,-27000
059369,滬深2X元富9C購01,0,0,0,0,0,0,0,0,0,-27000,0,0,0,128000,155000,-27000,-27000
4763,材料-KY         ,45000,65000,-20000,0,0,0,0,0,0,-7000,0,7000,-7000,0,0,0,-27000
05452P,亞德客群益95售02,0,0,0,0,0,0,0,0,0,-28000,0,0,0,0,28000,-28000,-28000
05512P,華新科台新97售01,0,0,0,0,0,0,0,0,0,-28000,0,0,0,470000,498000,-28000,-28000
058751,南茂凱基9A購01  ,0,0,0,0,0,0,0,0,0,-28000,0,0,0,0,28000,-28000,-28000
055995,華擎國泰99購01  ,0,0,0,0,0,0,0,0,0,-28000,0,0,0,3000,31000,-28000,-28000
05301P,矽力元大95售02  ,0,0,0,0,0,0,0,0,0,-28000,0,0,0,0,28000,-28000,-28000
058707,泰鼎元大99購02  ,0,0,0,0,0,0,0,0,0,-28000,0,0,0,20000,48000,-28000,-28000
055750,瑞昱永昌9C購01  ,0,0,0,0,0,0,0,0,0,-28000,0,0,0,0,28000,-28000,-28000
054216,聯茂國票97購03  ,0,0,0,0,0,0,0,0,0,-28000,0,0,0,0,28000,-28000,-28000
03434B,臺股指元大99熊10,0,0,0,0,0,0,0,0,0,-28000,0,0,0,50000,78000,-28000,-28000
8463,潤泰材          ,50000,78000,-28000,0,0,0,0,0,0,0,0,0,0,0,0,0,-28000
6491,晶碩            ,67000,102000,-35000,0,0,0,0,0,0,7000,7000,0,7000,0,0,0,-28000
6214,精誠            ,297000,216000,81000,0,0,0,0,0,0,-109000,4000,113000,-109000,0,0,0,-28000
07014P,華通元大99售04  ,0,0,0,0,0,0,0,0,0,-28000,0,0,0,10000,38000,-28000,-28000
2468,華經            ,0,30000,-30000,0,0,0,0,0,0,2000,2000,0,2000,0,0,0,-28000
2748,雲品            ,25000,12000,13000,0,0,0,0,21000,-21000,-20000,0,20000,-20000,0,0,0,-28000
2546,根基            ,17000,45000,-28000,0,0,0,0,0,0,0,0,0,0,0,0,0,-28000
054739,義隆凱基98購02  ,0,0,0,0,0,0,0,0,0,-29000,0,0,0,12000,41000,-29000,-29000
059131,國巨群益99購07  ,0,0,0,0,0,0,0,0,0,-29000,0,0,0,0,29000,-29000,-29000
03416B,臺股指凱基95熊05,0,0,0,0,0,0,0,0,0,-29000,0,0,0,0,29000,-29000,-29000
053584,友達元大9B購02  ,0,0,0,0,0,0,0,0,0,-29000,0,0,0,16000,45000,-29000,-29000
04798P,牧德元大95售02  ,0,0,0,0,0,0,0,0,0,-29000,0,0,0,6000,35000,-29000,-29000
058730,玉晶光永豐9A購01,0,0,0,0,0,0,0,0,0,-29000,0,0,0,207000,236000,-29000,-29000
2608,嘉里大榮        ,53000,82000,-29000,0,0,0,0,0,0,0,0,0,0,0,0,0,-29000
2476,鉅祥            ,29000,56000,-27000,0,0,0,0,0,0,-2000,0,2000,-2000,0,0,0,-29000
2442,新美齊          ,155000,184000,-29000,0,0,0,0,0,0,0,0,0,0,0,0,0,-29000
1786,科妍            ,32000,63000,-31000,0,0,0,0,0,0,2000,4000,2000,2000,0,0,0,-29000
07246P,旺宏凱基99售08  ,0,0,0,0,0,0,0,0,0,-29000,0,0,0,2000,31000,-29000,-29000
1235,興泰            ,0,29000,-29000,0,0,0,0,0,0,0,0,0,0,0,0,0,-29000
06656P,GIS元大98售02   ,0,0,0,0,0,0,0,0,0,-29000,0,0,0,13000,42000,-29000,-29000
06757P,台灣50元大9B售01,0,0,0,0,0,0,0,0,0,-29000,0,0,0,0,29000,-29000,-29000
8201,無敵            ,0,25000,-25000,0,0,0,0,0,0,-4000,0,4000,-4000,0,0,0,-29000
5258,虹堡            ,39000,68000,-29000,0,0,0,0,0,0,0,0,0,0,0,0,0,-29000
054937,國巨元大97購03  ,0,0,0,0,0,0,0,0,0,-30000,0,0,0,0,30000,-30000,-30000
058615,矽創元大99購01  ,0,0,0,0,0,0,0,0,0,-30000,0,0,0,0,30000,-30000,-30000
059214,國巨元大99購20  ,0,0,0,0,0,0,0,0,0,-30000,0,0,0,20000,50000,-30000,-30000
06473P,鴻海元大99售03  ,0,0,0,0,0,0,0,0,0,-30000,0,0,0,0,30000,-30000,-30000
054699,復盛永豐97購01  ,0,0,0,0,0,0,0,0,0,-30000,0,0,0,0,30000,-30000,-30000
058537,彩晶統一9B購01  ,0,0,0,0,0,0,0,0,0,-30000,0,0,0,0,30000,-30000,-30000
057484,南亞科元大98購06,0,0,0,0,0,0,0,0,0,-30000,0,0,0,0,30000,-30000,-30000
055954,南港元大97購02  ,0,0,0,0,0,0,0,0,0,-30000,0,0,0,250000,280000,-30000,-30000
055427,技嘉群益98購01  ,0,0,0,0,0,0,0,0,0,-30000,0,0,0,0,30000,-30000,-30000
056983,大立光群益99購02,0,0,0,0,0,0,0,0,0,-30000,0,0,0,0,30000,-30000,-30000
057592,美律兆豐99購01  ,0,0,0,0,0,0,0,0,0,-30000,0,0,0,0,30000,-30000,-30000
057776,京元電群益98購02,0,0,0,0,0,0,0,0,0,-30000,0,0,0,10000,40000,-30000,-30000
056351,鴻海元大98購06  ,0,0,0,0,0,0,0,0,0,-30000,0,0,0,8000,38000,-30000,-30000
058052,南電元大98購02  ,0,0,0,0,0,0,0,0,0,-30000,0,0,0,0,30000,-30000,-30000
053009,大成鋼統一96購02,0,0,0,0,0,0,0,0,0,-30000,0,0,0,0,30000,-30000,-30000
052980,上銀元大96購03  ,0,0,0,0,0,0,0,0,0,-30000,0,0,0,0,30000,-30000,-30000
052747,京鼎元大97購01  ,0,0,0,0,0,0,0,0,0,-30000,0,0,0,0,30000,-30000,-30000
053223,台郡凱基96購02  ,0,0,0,0,0,0,0,0,0,-30000,0,0,0,0,30000,-30000,-30000
052777,燿華國票98購01  ,0,0,0,0,0,0,0,0,0,-30000,0,0,0,0,30000,-30000,-30000
05423P,聯電亞東95售02  ,0,0,0,0,0,0,0,0,0,-30000,0,0,0,70000,100000,-30000,-30000
054139,揚明光元大96購01,0,0,0,0,0,0,0,0,0,-30000,0,0,0,0,30000,-30000,-30000
054343,世紀鋼元富96購02,0,0,0,0,0,0,0,0,0,-30000,0,0,0,30000,60000,-30000,-30000
053928,智易國票97購03  ,0,0,0,0,0,0,0,0,0,-30000,0,0,0,140000,170000,-30000,-30000
054063,聯茂國票97購02  ,0,0,0,0,0,0,0,0,0,-30000,0,0,0,0,30000,-30000,-30000
05401P,聯茂永豐95售03  ,0,0,0,0,0,0,0,0,0,-30000,0,0,0,10000,40000,-30000,-30000
049010,台表科麥證95購01,0,0,0,0,30000,-30000,0,0,0,-30000,0,0,0,0,30000,-30000,-30000
053709,台達電凱基96購04,0,0,0,0,0,0,0,0,0,-30000,0,0,0,0,30000,-30000,-30000
04003P,麗豐凱基94售03  ,0,0,0,0,0,0,0,0,0,-30000,0,0,0,0,30000,-30000,-30000
045877,友達元富95購01  ,0,0,0,0,0,0,0,0,0,-30000,0,0,0,0,30000,-30000,-30000
050634,華新科群益96購01,0,0,0,0,0,0,0,0,0,-30000,0,0,0,17000,47000,-30000,-30000
04444P,玉晶光永豐94售06,0,0,0,0,0,0,0,0,0,-30000,0,0,0,0,30000,-30000,-30000
8103,瀚荃            ,7000,33000,-26000,0,0,0,0,0,0,-4000,0,4000,-4000,0,0,0,-30000
07265P,大立光元大99售16,0,0,0,0,0,0,0,0,0,-30000,0,0,0,10000,40000,-30000,-30000
07243P,台灣50凱基9A售04,0,0,0,0,0,0,0,0,0,-30000,0,0,0,0,30000,-30000,-30000
07216P,大立光凱基99售08,0,0,0,0,0,0,0,0,0,-30000,0,0,0,0,30000,-30000,-30000
1507,永大            ,20000,50000,-30000,0,0,0,0,0,0,0,0,0,0,0,0,0,-30000
2012,春雨            ,0,35000,-35000,0,0,0,0,0,0,5000,5000,0,5000,0,0,0,-30000
058161,T50反1日盛03購01,0,0,0,0,0,0,0,0,0,-31000,0,0,0,4000,35000,-31000,-31000
058201,華通凱基9A購01  ,0,0,0,0,0,0,0,0,0,-31000,0,0,0,0,31000,-31000,-31000
059165,南亞科凱基99購04,0,0,0,0,0,0,0,0,0,-31000,0,0,0,59000,90000,-31000,-31000
056770,國產元大98購02  ,0,0,0,0,0,0,0,0,0,-31000,0,0,0,0,31000,-31000,-31000
059102,聯鈞元富99購01  ,0,0,0,0,0,0,0,0,0,-31000,0,0,0,394000,425000,-31000,-31000
04618P,電子類群益94售02,0,0,0,0,0,0,0,0,0,-31000,0,0,0,1000,32000,-31000,-31000
2731,雄獅            ,28000,59000,-31000,0,0,0,0,0,0,0,0,0,0,0,0,0,-31000
1321,大洋            ,59000,90000,-31000,0,0,0,0,0,0,0,0,0,0,0,0,0,-31000
059384,上証2X凱基9B購01,0,0,0,0,0,0,0,0,0,-31000,0,0,0,5000,36000,-31000,-31000
4560,強信-KY         ,162000,193000,-31000,0,0,0,0,0,0,0,0,0,0,0,0,0,-31000
054669,凌華元富97購01  ,0,0,0,0,0,0,0,0,0,-32000,0,0,0,0,32000,-32000,-32000
03252P,台積電台新02售01,0,0,0,0,0,0,0,0,0,-32000,0,0,0,8000,40000,-32000,-32000
04041P,大立光統一94售03,0,0,0,0,0,0,0,0,0,-32000,0,0,0,0,32000,-32000,-32000
050495,大立光永昌96購01,0,0,0,0,0,0,0,0,0,-32000,0,0,0,76000,108000,-32000,-32000
4148,全宇生技-KY     ,9000,36000,-27000,0,0,0,0,0,0,-5000,0,5000,-5000,0,0,0,-32000
06868P,電子類元大99售01,0,0,0,0,0,0,0,0,0,-32000,0,0,0,0,32000,-32000,-32000
1416,廣豐            ,0,32000,-32000,0,0,0,0,0,0,0,0,0,0,0,0,0,-32000
1709,和益            ,91000,110000,-19000,0,0,0,0,0,0,-13000,0,13000,-13000,0,0,0,-32000
2349,錸德            ,553000,585000,-32000,0,0,0,0,0,0,0,0,0,0,0,0,0,-32000
05528P,臺股指群益96售01,0,0,0,0,0,0,0,0,0,-33000,0,0,0,5000,38000,-33000,-33000
059285,台灣50元富01購02,0,0,0,0,0,0,0,0,0,-33000,0,0,0,21000,54000,-33000,-33000
06503P,臺股指中信9A售02,0,0,0,0,0,0,0,0,0,-33000,0,0,0,0,33000,-33000,-33000
06244P,智易元富97售02  ,0,0,0,0,0,0,0,0,0,-33000,0,0,0,0,33000,-33000,-33000
056477,欣興元大98購02  ,0,0,0,0,0,0,0,0,0,-33000,0,0,0,25000,58000,-33000,-33000
057746,同欣電永豐98購02,0,0,0,0,0,0,0,0,0,-33000,0,0,0,0,33000,-33000,-33000
04917P,台積電凱基94售37,0,0,0,0,0,0,0,0,0,-33000,0,0,0,20000,53000,-33000,-33000
2305,全友            ,0,33000,-33000,0,0,0,0,0,0,0,0,0,0,0,0,0,-33000
2405,浩鑫            ,137000,170000,-33000,0,0,0,0,0,0,0,0,0,0,0,0,0,-33000
07239P,台灣50國票9A售04,0,0,0,0,0,0,0,0,0,-33000,0,0,0,16000,49000,-33000,-33000
06844P,智邦元大98售13  ,0,0,0,0,0,0,0,0,0,-33000,0,0,0,103000,136000,-33000,-33000
059383,台灣50凱基99購03,0,0,0,0,0,0,0,0,0,-33000,0,0,0,104000,137000,-33000,-33000
057523,大成鋼元大99購01,0,0,0,0,0,0,0,0,0,-34000,0,0,0,0,34000,-34000,-34000
06615P,鴻海元大9C售02  ,0,0,0,0,0,0,0,0,0,-34000,0,0,0,2000,36000,-34000,-34000
059637,大立光凱基01購01,0,0,0,0,0,0,0,0,0,-34000,0,0,0,0,34000,-34000,-34000
07277P,臺股指群益99售20,0,0,0,0,0,0,0,0,0,-34000,0,0,0,11000,45000,-34000,-34000
3712,永崴投控        ,35000,69000,-34000,0,0,0,0,0,0,0,0,0,0,0,0,0,-34000
3047,訊舟            ,56000,90000,-34000,0,0,0,0,0,0,0,0,0,0,0,0,0,-34000
055302,達方元大97購01  ,0,0,0,0,0,0,0,0,0,-35000,0,0,0,5000,40000,-35000,-35000
057558,致新凱基98購01  ,0,0,0,0,0,0,0,0,0,-35000,0,0,0,35000,70000,-35000,-35000
057918,旺宏凱基99購01  ,0,0,0,0,0,0,0,0,0,-35000,0,0,0,15000,50000,-35000,-35000
04759P,台積電凱基94售27,0,0,0,0,0,0,0,0,0,-35000,0,0,0,0,35000,-35000,-35000
05011P,南電國泰96售01  ,0,0,0,0,0,0,0,0,0,-35000,0,0,0,18000,53000,-35000,-35000
053018,旺宏元富96購02  ,0,0,0,0,0,0,0,0,0,-35000,0,0,0,75000,110000,-35000,-35000
3028,增你強          ,54000,89000,-35000,0,0,0,0,0,0,0,0,0,0,0,0,0,-35000
07248P,可成凱基99售06  ,0,0,0,0,0,0,0,0,0,-35000,0,0,0,0,35000,-35000,-35000
1339,昭輝            ,58000,92000,-34000,0,0,0,0,0,0,-1000,0,1000,-1000,0,0,0,-35000
1315,達新            ,121000,156000,-35000,0,0,0,0,0,0,0,0,0,0,0,0,0,-35000
2461,光群雷          ,146000,181000,-35000,0,0,0,0,0,0,0,0,0,0,0,0,0,-35000
059147,矽創國票99購01  ,0,0,0,0,0,0,0,0,0,-36000,0,0,0,8000,44000,-36000,-36000
053553,聯詠凱基96購03  ,0,0,0,0,0,0,0,0,0,-36000,0,0,0,63000,99000,-36000,-36000
058951,南電群益99購01  ,0,0,0,0,0,0,0,0,0,-36000,0,0,0,0,36000,-36000,-36000
050648,全新凱基96購01  ,0,0,0,0,0,0,0,0,0,-36000,0,0,0,0,36000,-36000,-36000
049986,嘉澤凱基94購02  ,0,0,0,0,0,0,0,0,0,-36000,0,0,0,53000,89000,-36000,-36000
04787P,台積電永昌96售04,0,0,0,0,0,0,0,0,0,-36000,0,0,0,374000,410000,-36000,-36000
05972P,瑞昱元大96售01  ,0,0,0,0,0,0,0,0,0,-36000,0,0,0,0,36000,-36000,-36000
059319,台光電元大99購04,0,0,0,0,0,0,0,0,0,-36000,0,0,0,12000,48000,-36000,-36000
059587,華通元大9A購01  ,0,0,0,0,0,0,0,0,0,-36000,0,0,0,0,36000,-36000,-36000
3030,德律            ,353000,385000,-32000,0,0,0,0,0,0,-4000,0,4000,-4000,0,0,0,-36000
4571,鈞興-KY         ,7000,0,7000,0,0,0,0,0,0,-43000,0,43000,-43000,0,0,0,-36000
058177,華新科凱基99購02,0,0,0,0,0,0,0,0,0,-37000,0,0,0,18000,55000,-37000,-37000
050514,聯電元大94購01  ,0,0,0,0,0,0,0,0,0,-37000,0,0,0,71000,108000,-37000,-37000
058744,FBVIX凱基9C購03 ,0,0,0,0,0,0,0,0,0,-37000,0,0,0,0,37000,-37000,-37000
054717,亞德客永豐97購01,0,0,0,0,0,0,0,0,0,-38000,0,0,0,2000,40000,-38000,-38000
058069,美律凱基99購05  ,0,0,0,0,0,0,0,0,0,-38000,0,0,0,0,38000,-38000,-38000
057260,微星兆豐98購01  ,0,0,0,0,0,0,0,0,0,-38000,0,0,0,8000,46000,-38000,-38000
05764P,世紀鋼永豐96售03,0,0,0,0,0,0,0,0,0,-38000,0,0,0,11000,49000,-38000,-38000
057169,微星元大98購01  ,0,0,0,0,0,0,0,0,0,-38000,0,0,0,0,38000,-38000,-38000
055844,大毅元大98購01  ,0,0,0,0,0,0,0,0,0,-38000,0,0,0,0,38000,-38000,-38000
052819,義隆永豐96購01  ,0,0,0,0,0,0,0,0,0,-38000,0,0,0,0,38000,-38000,-38000
047990,臺指反元大96購02,0,0,0,0,0,0,0,0,0,-38000,0,0,0,0,38000,-38000,-38000
6715,嘉基            ,5000,43000,-38000,0,0,0,0,0,0,0,0,0,0,0,0,0,-38000
059494,國巨國票9C購01  ,0,0,0,0,0,0,0,0,0,-38000,0,0,0,58000,96000,-38000,-38000
1795,美時            ,1000,39000,-38000,0,0,0,0,0,0,0,0,0,0,0,0,0,-38000
1256,鮮活果汁-KY     ,21000,19000,2000,0,0,0,0,40000,-40000,0,0,0,0,0,0,0,-38000
057944,新日興國票99購02,0,0,0,0,0,0,0,0,0,-39000,0,0,0,0,39000,-39000,-39000
04717P,和大凱基94售02  ,0,0,0,0,0,0,0,0,0,-39000,0,0,0,38000,77000,-39000,-39000
00736,國泰新興市場    ,0,58000,-58000,0,0,0,0,0,0,19000,0,0,0,168000,149000,19000,-39000
2471,資通            ,19000,58000,-39000,0,0,0,0,0,0,0,0,0,0,0,0,0,-39000
059352,台灣50富邦01購01,0,0,0,0,0,0,0,0,0,-39000,0,0,0,11000,50000,-39000,-39000
9927,泰銘            ,3000,42000,-39000,0,0,0,0,0,0,0,0,0,0,0,0,0,-39000
4977,眾達-KY         ,314000,708000,-394000,0,0,0,275000,0,275000,80000,81000,0,81000,0,1000,-1000,-39000
3015,全漢            ,31000,65000,-34000,0,0,0,0,0,0,-5000,0,5000,-5000,0,0,0,-39000
9958,世紀鋼          ,868000,847507,20493,0,0,0,0,90000,-90000,30000,29000,10000,19000,41000,30000,11000,-39507
057147,新日興國票99購01,0,0,0,0,0,0,0,0,0,-40000,0,0,0,0,40000,-40000,-40000
057001,華邦電國票99購02,0,0,0,0,0,0,0,0,0,-40000,0,0,0,0,40000,-40000,-40000
057422,欣興凱基98購04  ,0,0,0,0,0,0,0,0,0,-40000,0,0,0,0,40000,-40000,-40000
054635,台達電中信98購01,0,0,0,0,0,0,0,0,0,-40000,0,0,0,0,40000,-40000,-40000
054538,台光電國票98購01,0,0,0,0,0,0,0,0,0,-40000,0,0,0,0,40000,-40000,-40000
054510,S&P反1元大98購01,0,0,0,0,0,0,0,0,0,-40000,0,0,0,1000,41000,-40000,-40000
056897,南亞科元大98購02,0,0,0,0,0,0,0,0,0,-40000,0,0,0,0,40000,-40000,-40000
054773,台郡國票98購01  ,0,0,0,0,0,0,0,0,0,-40000,0,0,0,0,40000,-40000,-40000
06373P,聯發科元大97售22,0,0,0,0,0,0,0,0,0,-40000,0,0,0,119000,159000,-40000,-40000
059170,康控凱基9B購01  ,0,0,0,0,0,0,0,0,0,-40000,0,0,0,0,40000,-40000,-40000
047027,新光金元大95購01,0,0,0,0,0,0,0,0,0,-40000,0,0,0,0,40000,-40000,-40000
042994,葡萄王元大94購02,0,0,0,0,0,0,0,0,0,-40000,0,0,0,18000,58000,-40000,-40000
04795P,聯發科元大94售09,0,0,0,0,0,0,0,0,0,-40000,0,0,0,0,40000,-40000,-40000
049675,台光電國票95購01,0,0,0,0,0,0,0,0,0,-40000,0,0,0,0,40000,-40000,-40000
054045,奇力新元大97購03,0,0,0,0,0,0,0,0,0,-40000,0,0,0,0,40000,-40000,-40000
053954,貿聯康和96購01  ,0,0,0,0,0,0,0,0,0,-40000,0,0,0,0,40000,-40000,-40000
053768,S&P反1元大99購01,0,0,0,0,0,0,0,0,0,-40000,0,0,0,0,40000,-40000,-40000
054244,華新元大96購01  ,0,0,0,0,0,0,0,0,0,-40000,0,0,0,0,40000,-40000,-40000
2850,新產            ,36000,76000,-40000,0,0,0,0,0,0,0,0,0,0,0,0,0,-40000
06021P,世紀鋼元富96售03,0,0,0,0,0,0,0,0,0,-40000,0,0,0,10000,50000,-40000,-40000
059631,京元電凱基99購02,0,0,0,0,0,0,0,0,0,-40000,0,0,0,0,40000,-40000,-40000
2727,王品            ,45000,76000,-31000,0,0,0,0,0,0,-9000,0,9000,-9000,0,0,0,-40000
07241P,台灣50國票9A售05,0,0,0,0,0,0,0,0,0,-40000,0,0,0,199000,239000,-40000,-40000
1720,生達            ,13000,53000,-40000,0,0,0,0,0,0,0,0,0,0,0,0,0,-40000
8261,富鼎            ,92000,132408,-40408,0,0,0,0,0,0,0,0,0,0,0,0,0,-40408
058653,光寶科中信9A購01,0,0,0,0,0,0,0,0,0,-41000,0,0,0,6000,47000,-41000,-41000
056958,喬山永豐98購01  ,0,0,0,0,0,0,0,0,0,-41000,0,0,0,50000,91000,-41000,-41000
058672,可成群益9B購02  ,0,0,0,0,0,0,0,0,0,-41000,0,0,0,0,41000,-41000,-41000
053477,大立光元大97購03,0,0,0,0,0,0,0,0,0,-41000,0,0,0,99000,140000,-41000,-41000
050626,A50正2中信96購02,0,0,0,0,0,0,0,0,0,-41000,0,0,0,0,41000,-41000,-41000
050441,和碩凱基94購01  ,0,0,0,0,0,0,0,0,0,-41000,0,0,0,58000,99000,-41000,-41000
03437B,臺股指元富9C熊01,0,0,0,0,0,0,0,0,0,-41000,0,0,0,0,41000,-41000,-41000
1465,偉全            ,0,41000,-41000,0,0,0,0,0,0,0,0,0,0,0,0,0,-41000
057206,立積元富98購01  ,0,0,0,0,0,0,0,0,0,-42000,0,0,0,61000,103000,-42000,-42000
055533,大立光群益97購03,0,0,0,0,0,0,0,0,0,-42000,0,0,0,18000,60000,-42000,-42000
057778,大立光群益98購02,0,0,0,0,0,0,0,0,0,-42000,0,0,0,0,42000,-42000,-42000
055069,帆宣永豐97購01  ,0,0,0,0,0,0,0,0,0,-42000,0,0,0,0,42000,-42000,-42000
1733,五鼎            ,65000,110000,-45000,0,0,0,0,0,0,3000,3000,0,3000,0,0,0,-42000
059364,昇陽半永豐99購02,0,0,0,0,0,0,0,0,0,-42000,0,0,0,45000,87000,-42000,-42000
059432,聯發科元大99購26,0,0,0,0,0,0,0,0,0,-42000,0,0,0,14000,56000,-42000,-42000
059618,台積電日盛99購01,0,0,0,0,0,0,0,0,0,-42000,0,0,0,0,42000,-42000,-42000
058140,臻鼎元大99購02  ,0,0,0,0,0,0,0,0,0,-43000,0,0,0,0,43000,-43000,-43000
054731,S&P反1凱基98購01,0,0,0,0,0,0,0,0,0,-43000,0,0,0,3000,46000,-43000,-43000
058794,旺宏元大99購09  ,0,0,0,0,0,0,0,0,0,-43000,0,0,0,10000,53000,-43000,-43000
054403,同欣電永豐96購02,0,0,0,0,0,0,0,0,0,-43000,0,0,0,0,43000,-43000,-43000
05551P,電子類元大96售01,0,0,0,0,0,0,0,0,0,-43000,0,0,0,0,43000,-43000,-43000
0055,元大MSCI金融    ,1000,1000,0,0,0,0,0,0,0,-43000,0,0,0,2000,45000,-43000,-43000
052741,聯發科元大96購08,0,0,0,0,0,0,0,0,0,-43000,0,0,0,67000,110000,-43000,-43000
059626,台積電凱基01購01,0,0,0,0,0,0,0,0,0,-43000,0,0,0,0,43000,-43000,-43000
059647,超眾凱基99購04  ,0,0,0,0,0,0,0,0,0,-43000,0,0,0,0,43000,-43000,-43000
07105P,大毅元富99售02  ,0,0,0,0,0,0,0,0,0,-44000,0,0,0,1000,45000,-44000,-44000
1409,新纖            ,879000,890000,-11000,0,0,0,0,0,0,-33000,0,33000,-33000,0,0,0,-44000
07301P,臺股指元大9A售34,0,0,0,0,0,0,0,0,0,-44000,0,0,0,0,44000,-44000,-44000
2816,旺旺保          ,48000,92000,-44000,0,0,0,0,0,0,0,0,0,0,0,0,0,-44000
2312,金寶            ,1020000,1084000,-64000,0,0,0,0,0,0,20000,0,0,0,20000,0,20000,-44000
1717,長興            ,224884,265000,-40116,0,0,0,0,0,0,-4000,0,4000,-4000,0,0,0,-44116
056426,上証2X凱基9A購01,0,0,0,0,0,0,0,0,0,-45000,0,0,0,3000,48000,-45000,-45000
058815,華新科台新99購03,0,0,0,0,0,0,0,0,0,-45000,0,0,0,605000,650000,-45000,-45000
05450P,臺股指元大95售27,0,0,0,0,0,0,0,0,0,-45000,0,0,0,35000,80000,-45000,-45000
058578,聯發科群益99購03,0,0,0,0,0,0,0,0,0,-45000,0,0,0,20000,65000,-45000,-45000
055035,興勤富邦98購01  ,0,0,0,0,0,0,0,0,0,-45000,0,0,0,0,45000,-45000,-45000
056735,國巨凱基99購02  ,0,0,0,0,0,0,0,0,0,-45000,0,0,0,65000,110000,-45000,-45000
020008,元大特股高息N   ,0,0,0,0,0,0,0,0,0,-45000,0,0,0,2000,47000,-45000,-45000
03181P,台灣50元大01售40,0,45000,-45000,0,0,0,0,0,0,0,0,0,0,0,0,0,-45000
3029,零壹            ,174000,219000,-45000,0,0,0,0,0,0,0,0,0,0,0,0,0,-45000
058519,嘉澤元大99購01  ,0,0,0,0,0,0,0,0,0,-46000,0,0,0,0,46000,-46000,-46000
054533,泰碩國泰98購01  ,0,0,0,0,0,0,0,0,0,-46000,0,0,0,4000,50000,-46000,-46000
055248,可成統一97購02  ,0,0,0,0,0,0,0,0,0,-46000,0,0,0,10000,56000,-46000,-46000
059118,晶技永豐9A購01  ,0,0,0,0,0,0,0,0,0,-46000,0,0,0,22000,68000,-46000,-46000
059064,緯穎凱基99購02  ,0,0,0,0,0,0,0,0,0,-46000,0,0,0,16000,62000,-46000,-46000
050719,世紀鋼群益96購01,0,0,0,0,0,0,0,0,0,-46000,0,0,0,4000,50000,-46000,-46000
052563,京元電日盛96購01,0,0,0,0,0,0,0,0,0,-46000,0,0,0,0,46000,-46000,-46000
2888A,新光金甲特      ,4000,0,4000,0,0,0,0,50000,-50000,0,0,0,0,0,0,0,-46000
4104,佳醫            ,14000,60000,-46000,0,0,0,0,0,0,0,0,0,0,0,0,0,-46000
4190,佐登-KY         ,66000,110000,-44000,0,0,0,0,0,0,-2000,0,1000,-1000,1000,2000,-1000,-46000
1906,寶隆            ,61000,107000,-46000,0,0,0,0,0,0,0,0,0,0,0,0,0,-46000
059669,台灣50元富9B購05,0,0,0,0,0,0,0,0,0,-46000,0,0,0,0,46000,-46000,-46000
059116,晶豪科永豐99購01,0,0,0,0,0,0,0,0,0,-47000,0,0,0,0,47000,-47000,-47000
058568,宏達電凱基9A購02,0,0,0,0,0,0,0,0,0,-47000,0,0,0,55000,102000,-47000,-47000
056352,鴻海元大99購01  ,0,0,0,0,0,0,0,0,0,-47000,0,0,0,178000,225000,-47000,-47000
057707,臺股指群益98購07,0,0,0,0,0,0,0,0,0,-47000,0,0,0,31000,78000,-47000,-47000
00730,富邦臺灣優質高息,0,0,0,0,0,0,0,0,0,-47000,0,0,0,198000,245000,-47000,-47000
00753L,中信中國50正2   ,0,0,0,0,0,0,0,0,0,-47000,0,0,0,65000,112000,-47000,-47000
04797P,華新科元大94售04,0,0,0,0,0,0,0,0,0,-47000,0,0,0,283000,330000,-47000,-47000
4766,南寶            ,49000,84000,-35000,0,0,0,0,0,0,-12000,0,12000,-12000,0,0,0,-47000
059298,大立光元富9C購02,0,0,0,0,0,0,0,0,0,-47000,0,0,0,137000,184000,-47000,-47000
056177,嘉澤元富97購01  ,0,0,0,0,0,0,0,0,0,-48000,0,0,0,92000,140000,-48000,-48000
058494,可成群益9B購01  ,0,0,0,0,0,0,0,0,0,-48000,0,0,0,0,48000,-48000,-48000
058131,義隆元大99購02  ,0,0,0,0,0,0,0,0,0,-48000,0,0,0,20000,68000,-48000,-48000
054919,興富發凱基97購01,0,0,0,0,0,0,0,0,0,-48000,0,0,0,2000,50000,-48000,-48000
04713P,創意元大95售01  ,0,0,0,0,0,0,0,0,0,-48000,0,0,0,4000,52000,-48000,-48000
4952,凌通            ,10000,58000,-48000,0,0,0,0,0,0,0,0,0,0,0,0,0,-48000
059351,台虹凱基99購01  ,0,0,0,0,0,0,0,0,0,-48000,0,0,0,0,48000,-48000,-48000
1598,岱宇            ,16000,64000,-48000,0,0,0,0,0,0,0,0,0,0,0,0,0,-48000
6558,興能高          ,6000,63200,-57200,0,0,0,0,0,0,9000,9000,0,9000,0,0,0,-48200
049808,聯詠元大94購03  ,0,0,0,0,0,0,0,0,0,-49000,0,0,0,0,49000,-49000,-49000
054163,燿華凱基97購02  ,0,0,0,0,0,0,0,0,0,-49000,0,0,0,4000,53000,-49000,-49000
052077,可成元富98購02  ,0,0,0,0,0,0,0,0,0,-49000,0,0,0,35000,84000,-49000,-49000
053405,台達電兆豐96購01,0,0,0,0,0,0,0,0,0,-49000,0,0,0,76000,125000,-49000,-49000
07280P,FBVIX凱基99售01 ,0,0,0,0,0,0,0,0,0,-49000,0,0,0,467000,516000,-49000,-49000
055047,南港永豐97購01  ,0,0,0,0,0,0,0,0,0,-50000,0,0,0,0,50000,-50000,-50000
056607,貿聯富邦99購02  ,0,0,0,0,0,0,0,0,0,-50000,0,0,0,0,50000,-50000,-50000
057599,技嘉群益9A購01  ,0,0,0,0,0,0,0,0,0,-50000,0,0,0,0,50000,-50000,-50000
056973,T50反1永昌9C購01,0,0,0,0,0,0,0,0,0,-50000,0,0,0,0,50000,-50000,-50000
056086,奇力新統一98購01,0,0,0,0,0,0,0,0,0,-50000,0,0,0,0,50000,-50000,-50000
055297,啟碁元大97購01  ,0,0,0,0,0,0,0,0,0,-50000,0,0,0,0,50000,-50000,-50000
055324,TPK國票98購03   ,0,0,0,0,0,0,0,0,0,-50000,0,0,0,0,50000,-50000,-50000
056053,和大元大97購05  ,0,0,0,0,0,0,0,0,0,-50000,0,0,0,0,50000,-50000,-50000
058038,滬深反元大98購01,0,0,0,0,0,0,0,0,0,-50000,0,0,0,0,50000,-50000,-50000
055813,聯發科國票98購04,0,0,0,0,0,0,0,0,0,-50000,0,0,0,0,50000,-50000,-50000
058995,台達電元大99購01,0,0,0,0,0,0,0,0,0,-50000,0,0,0,30000,80000,-50000,-50000
053792,百和元大96購01  ,0,0,0,0,0,0,0,0,0,-50000,0,0,0,0,50000,-50000,-50000
052348,台光電富邦95購01,0,0,0,0,0,0,0,0,0,-50000,0,0,0,0,50000,-50000,-50000
053586,建準元大96購01  ,0,0,0,0,0,0,0,0,0,-50000,0,0,0,0,50000,-50000,-50000
046882,智易富邦97購01  ,0,0,0,0,0,0,0,0,0,-50000,0,0,0,0,50000,-50000,-50000
04686P,台積電凱基94售23,0,0,0,0,0,0,0,0,0,-50000,0,0,0,0,50000,-50000,-50000
07295P,滬深2X元富9C售09,0,0,0,0,0,0,0,0,0,-50000,0,0,0,0,50000,-50000,-50000
07274P,上証2X群益01售01,0,0,0,0,0,0,0,0,0,-50000,0,0,0,0,50000,-50000,-50000
1611,中電            ,45000,95000,-50000,0,0,0,0,0,0,0,0,0,0,0,0,0,-50000
059531,華新科凱基9B購02,0,0,0,0,0,0,0,0,0,-50000,0,0,0,9000,59000,-50000,-50000
059475,元石油群益99購02,0,0,0,0,0,0,0,0,0,-50000,0,0,0,84000,134000,-50000,-50000
6706,惠特            ,66000,161000,-95000,0,0,0,0,0,0,45000,45000,0,45000,0,0,0,-50000
3055,蔚華科          ,11000,61000,-50000,0,0,0,0,0,0,0,0,0,0,0,0,0,-50000
06450P,聯發科元大98售03,0,0,0,0,0,0,0,0,0,-51000,0,0,0,5000,56000,-51000,-51000
03039X,元展36          ,0,0,0,0,0,0,0,0,0,-51000,0,0,0,3000,54000,-51000,-51000
03421B,臺股指元大99熊01,0,0,0,0,0,0,0,0,0,-51000,0,0,0,0,51000,-51000,-51000
04974P,聯發科凱基96售02,0,0,0,0,0,0,0,0,0,-51000,0,0,0,0,51000,-51000,-51000
04927P,大立光凱基95售06,0,0,0,0,0,0,0,0,0,-51000,0,0,0,0,51000,-51000,-51000
06657P,寶成元大98售01  ,0,0,0,0,0,0,0,0,0,-51000,0,0,0,0,51000,-51000,-51000
054742,京鼎凱基99購01  ,0,0,0,0,0,0,0,0,0,-52000,0,0,0,80000,132000,-52000,-52000
057977,台光電永豐98購02,0,0,0,0,0,0,0,0,0,-52000,0,0,0,56000,108000,-52000,-52000
03049X,元展46          ,0,0,0,0,0,0,0,0,0,-52000,0,0,0,0,52000,-52000,-52000
058927,勤誠元富99購02  ,0,0,0,0,0,0,0,0,0,-52000,0,0,0,341000,393000,-52000,-52000
055687,瀚宇博凱基97購01,0,0,0,0,0,0,0,0,0,-52000,0,0,0,42000,94000,-52000,-52000
053505,瑞儀兆豐97購01  ,0,0,0,0,0,0,0,0,0,-52000,0,0,0,0,52000,-52000,-52000
06152P,玉晶光元大98售06,0,0,0,0,0,0,0,0,0,-53000,0,0,0,0,53000,-53000,-53000
056061,國泰金元大97購02,0,0,0,0,0,0,0,0,0,-54000,0,0,0,110000,164000,-54000,-54000
053539,智易永豐96購01  ,0,0,0,0,0,0,0,0,0,-54000,0,0,0,54000,108000,-54000,-54000
052080,康友元富98購02  ,0,0,0,0,0,0,0,0,0,-54000,0,0,0,8000,62000,-54000,-54000
047194,世紀鋼元大96購01,0,0,0,0,0,0,0,0,0,-54000,0,0,0,47000,101000,-54000,-54000
050189,旭富元大94購01  ,0,0,0,0,0,0,0,0,0,-54000,0,0,0,16000,70000,-54000,-54000
2929,淘帝-KY         ,225000,280000,-55000,0,0,0,0,0,0,1000,0,0,0,1000,0,1000,-54000
8222,寶一            ,6000,4000,2000,0,0,0,0,56000,-56000,0,0,0,0,0,0,0,-54000
055612,台光電國票97購04,0,0,0,0,0,0,0,0,0,-55000,0,0,0,0,55000,-55000,-55000
05037P,華新科元大95售09,0,0,0,0,0,0,0,0,0,-55000,0,0,0,0,55000,-55000,-55000
05581P,華新科凱基96售07,0,0,0,0,0,0,0,0,0,-55000,0,0,0,0,55000,-55000,-55000
5907,大洋-KY         ,48000,95000,-47000,0,0,0,0,0,0,-8000,0,8000,-8000,0,0,0,-55000
4306,炎洲            ,47000,103000,-56000,0,0,0,0,0,0,1000,3000,2000,1000,0,0,0,-55000
05947P,大成鋼元大96售03,0,0,0,0,0,0,0,0,0,-55000,0,0,0,0,55000,-55000,-55000
07084P,S&P正2元富9B售02,0,0,0,0,0,0,0,0,0,-55000,0,0,0,0,55000,-55000,-55000
4968,立積            ,417321,452000,-34679,0,0,0,0,0,0,-21000,0,22000,-22000,4000,3000,1000,-55679
055357,欣興凱基97購04  ,0,0,0,0,0,0,0,0,0,-56000,0,0,0,0,56000,-56000,-56000
056211,南港國票98購01  ,0,0,0,0,0,0,0,0,0,-56000,0,0,0,0,56000,-56000,-56000
058132,義隆元大99購03  ,0,0,0,0,0,0,0,0,0,-56000,0,0,0,24000,80000,-56000,-56000
3661,世芯-KY         ,619000,1832000,-1213000,0,0,0,1040000,0,1040000,117000,7000,0,7000,119000,9000,110000,-56000
05990P,台積電群益96售13,0,0,0,0,0,0,0,0,0,-56000,0,0,0,0,56000,-56000,-56000
06654P,欣興元大98售08  ,0,0,0,0,0,0,0,0,0,-56000,0,0,0,25000,81000,-56000,-56000
1702,南僑            ,128000,184000,-56000,0,0,0,0,0,0,0,1000,1000,0,0,0,0,-56000
06496P,台灣50日盛98售01,0,0,0,0,0,0,0,0,0,-57000,0,0,0,47000,104000,-57000,-57000
05742P,可成元大96售04  ,0,0,0,0,0,0,0,0,0,-57000,0,0,0,1000,58000,-57000,-57000
057925,貿聯凱基99購01  ,0,0,0,0,0,0,0,0,0,-57000,0,0,0,162000,219000,-57000,-57000
058369,亞光凱基99購02  ,0,0,0,0,0,0,0,0,0,-57000,0,0,0,68000,125000,-57000,-57000
048187,臺指反元大96購04,0,0,0,0,0,0,0,0,0,-57000,0,0,0,0,57000,-57000,-57000
1512,瑞利            ,0,57000,-57000,0,0,0,0,0,0,0,0,0,0,0,0,0,-57000
2493,揚博            ,3000,60000,-57000,0,0,0,0,0,0,0,0,0,0,0,0,0,-57000
06649P,聯發科元大98售08,0,0,0,0,0,0,0,0,0,-57000,0,0,0,0,57000,-57000,-57000
06123P,玉晶光元大97售04,0,0,0,0,0,0,0,0,0,-57000,0,0,0,0,57000,-57000,-57000
056817,國巨永豐98購04  ,0,0,0,0,0,0,0,0,0,-58000,0,0,0,10000,68000,-58000,-58000
056819,奇力新永豐98購01,0,0,0,0,0,0,0,0,0,-58000,0,0,0,0,58000,-58000,-58000
054463,瑞昱凱基97購01  ,0,0,0,0,0,0,0,0,0,-58000,0,0,0,18000,76000,-58000,-58000
05283P,健鼎元大95售04  ,0,0,0,0,0,0,0,0,0,-58000,0,0,0,0,58000,-58000,-58000
052251,台光電永豐95購03,0,0,0,0,0,0,0,0,0,-58000,0,0,0,0,58000,-58000,-58000
3545,敦泰            ,1358000,1416000,-58000,0,0,0,0,0,0,0,0,0,0,0,0,0,-58000
8028,昇陽半導體      ,430000,497000,-67000,0,0,0,0,0,0,9000,0,3000,-3000,13000,1000,12000,-58000
1229,聯華            ,615944,673450,-57506,0,0,0,0,0,0,-1000,0,1000,-1000,0,0,0,-58506
058375,群創凱基9B購04  ,0,0,0,0,0,0,0,0,0,-59000,0,0,0,0,59000,-59000,-59000
057070,美律永豐98購02  ,0,0,0,0,0,0,0,0,0,-59000,0,0,0,0,59000,-59000,-59000
044927,聯詠國泰94購01  ,0,0,0,0,0,0,0,0,0,-59000,0,0,0,19000,78000,-59000,-59000
2059,川湖            ,163000,232000,-69000,0,0,0,10000,0,10000,0,2000,3000,-1000,1000,0,1000,-59000
059694,創意永豐99購03  ,0,0,0,0,0,0,0,0,0,-59000,0,0,0,0,59000,-59000,-59000
059643,日月光凱基99購02,0,0,0,0,0,0,0,0,0,-59000,0,0,0,302000,361000,-59000,-59000
059404,鴻海台新99購03  ,0,0,0,0,0,0,0,0,0,-59000,0,0,0,28000,87000,-59000,-59000
2905,三商            ,125000,184000,-59000,0,0,0,0,0,0,0,0,0,0,0,0,0,-59000
3617,碩天            ,56000,105000,-49000,0,0,0,0,0,0,-10000,9000,19000,-10000,0,0,0,-59000
058825,同欣電富邦9A購01,0,0,0,0,0,0,0,0,0,-60000,0,0,0,0,60000,-60000,-60000
058581,大立光群益99購05,0,0,0,0,0,0,0,0,0,-60000,0,0,0,0,60000,-60000,-60000
05683P,矽創元大96售01  ,0,0,0,0,0,0,0,0,0,-60000,0,0,0,30000,90000,-60000,-60000
054856,得力群益99購01  ,0,0,0,0,0,0,0,0,0,-60000,0,0,0,0,60000,-60000,-60000
054964,智易元大99購01  ,0,0,0,0,0,0,0,0,0,-60000,0,0,0,0,60000,-60000,-60000
06150P,奇力新元大97售06,0,0,0,0,0,0,0,0,0,-60000,0,0,0,0,60000,-60000,-60000
050138,台表科國票95購02,0,0,0,0,0,0,0,0,0,-60000,0,0,0,44000,104000,-60000,-60000
03935P,可成富邦95售01  ,0,0,0,0,0,0,0,0,0,-60000,0,0,0,0,60000,-60000,-60000
00752,中信中國50      ,1000,5000,-4000,0,0,0,0,0,0,-56000,0,0,0,701000,757000,-56000,-60000
048805,瀚宇博富邦95購01,0,0,0,0,0,0,0,0,0,-60000,0,0,0,0,60000,-60000,-60000
050895,聯發科元大97購01,0,0,0,0,0,0,0,0,0,-60000,0,0,0,0,60000,-60000,-60000
054210,台光電國票97購03,0,0,0,0,0,0,0,0,0,-60000,0,0,0,0,60000,-60000,-60000
052489,義隆國票96購02  ,0,0,0,0,0,0,0,0,0,-60000,0,0,0,0,60000,-60000,-60000
051904,深100元大95購01 ,0,0,0,0,0,0,0,0,0,-60000,0,0,0,0,60000,-60000,-60000
2887E,台新戊特        ,0,0,0,0,0,0,0,60000,-60000,0,0,0,0,0,0,0,-60000
059640,聯詠凱基99購04  ,0,0,0,0,0,0,0,0,0,-60000,0,0,0,0,60000,-60000,-60000
059634,可成凱基99購07  ,0,0,0,0,0,0,0,0,0,-60000,0,0,0,227000,287000,-60000,-60000
06865P,亞德客元大98售04,0,0,0,0,0,0,0,0,0,-60000,0,0,0,0,60000,-60000,-60000
1537,廣隆            ,22000,50000,-28000,0,0,0,0,0,0,-32000,0,32000,-32000,0,0,0,-60000
06572P,台積電永昌99售01,0,0,0,0,0,0,0,0,0,-61000,0,0,0,310000,371000,-61000,-61000
058516,健鼎元大99購02  ,0,0,0,0,0,0,0,0,0,-61000,0,0,0,2000,63000,-61000,-61000
056199,美律永豐97購01  ,0,0,0,0,0,0,0,0,0,-61000,0,0,0,0,61000,-61000,-61000
051299,致茂凱基95購01  ,0,0,0,0,0,0,0,0,0,-61000,0,0,0,0,61000,-61000,-61000
04845P,台積電凱基94售33,0,0,0,0,0,0,0,0,0,-61000,0,0,0,106000,167000,-61000,-61000
07190P,臺股指富邦9C售02,0,0,0,0,0,0,0,0,0,-61000,0,0,0,0,61000,-61000,-61000
2420,新巨            ,55000,113000,-58000,0,0,0,0,0,0,-3000,0,3000,-3000,0,0,0,-61000
06857P,超眾永豐98售02  ,0,0,0,0,0,0,0,0,0,-61000,0,0,0,5000,66000,-61000,-61000
07147P,高鐵元大99售01  ,0,0,0,0,0,0,0,0,0,-61000,0,0,0,36000,97000,-61000,-61000
3018,同開            ,48000,109000,-61000,0,0,0,0,0,0,0,0,0,0,0,0,0,-61000
05268P,玉晶光元大98售01,0,0,0,0,0,0,0,0,0,-62000,0,0,0,122000,184000,-62000,-62000
058721,立積元富9C購01  ,0,0,0,0,0,0,0,0,0,-62000,0,0,0,68000,130000,-62000,-62000
055460,華擎永豐97購01  ,0,0,0,0,0,0,0,0,0,-63000,0,0,0,5000,68000,-63000,-63000
056626,同欣電永豐98購01,0,0,0,0,0,0,0,0,0,-63000,0,0,0,0,63000,-63000,-63000
05221P,玉晶光元大95售04,0,0,0,0,0,0,0,0,0,-63000,0,0,0,52000,115000,-63000,-63000
050553,緯穎凱基94購06  ,0,0,0,0,0,0,0,0,0,-63000,0,0,0,8000,71000,-63000,-63000
3090,日電貿          ,275000,325000,-50000,0,0,0,0,0,0,-13000,0,11000,-11000,8000,10000,-2000,-63000
1446,宏和            ,16000,79000,-63000,0,0,0,0,0,0,0,0,0,0,0,0,0,-63000
058372,欣興凱基99購03  ,0,0,0,0,0,0,0,0,0,-64000,0,0,0,50000,114000,-64000,-64000
05427P,聯發科凱基96售07,0,0,0,0,0,0,0,0,0,-64000,0,0,0,0,64000,-64000,-64000
1316,上曜            ,95000,158000,-63000,0,0,0,0,0,0,-1000,0,1000,-1000,0,0,0,-64000
059458,鎧勝永豐99購01  ,0,0,0,0,0,0,0,0,0,-64000,0,0,0,25000,89000,-64000,-64000
059516,TPK永豐99購01   ,0,0,0,0,0,0,0,0,0,-64000,0,0,0,30000,94000,-64000,-64000
9136,巨騰-DR         ,1000,65000,-64000,0,0,0,0,0,0,0,0,0,0,0,0,0,-64000
055568,緯穎凱基97購02  ,0,0,0,0,0,0,0,0,0,-65000,0,0,0,0,65000,-65000,-65000
057123,上銀凱基98購05  ,0,0,0,0,0,0,0,0,0,-65000,0,0,0,15000,80000,-65000,-65000
058223,世芯統一9B購01  ,0,0,0,0,0,0,0,0,0,-65000,0,0,0,0,65000,-65000,-65000
059233,台灣50凱基9C購02,0,0,0,0,0,0,0,0,0,-65000,0,0,0,1000,66000,-65000,-65000
053144,上証2X元大96購01,0,0,0,0,0,0,0,0,0,-65000,0,0,0,40000,105000,-65000,-65000
050486,可成元富94購05  ,0,0,0,0,0,0,0,0,0,-65000,0,0,0,35000,100000,-65000,-65000
048783,國巨元大94購01  ,0,0,0,0,0,0,0,0,0,-65000,0,0,0,0,65000,-65000,-65000
9925,新保            ,29000,11000,18000,0,0,0,0,0,0,-83000,0,83000,-83000,0,0,0,-65000
059610,上銀永豐99購02  ,0,0,0,0,0,0,0,0,0,-65000,0,0,0,0,65000,-65000,-65000
054912,群光凱基97購01  ,0,0,0,0,0,0,0,0,0,-66000,0,0,0,0,66000,-66000,-66000
056233,超眾凱基97購02  ,0,0,0,0,0,0,0,0,0,-66000,0,0,0,2000,68000,-66000,-66000
050651,大立光凱基96購02,0,0,0,0,0,0,0,0,0,-66000,0,0,0,25000,91000,-66000,-66000
04616P,臺股指群益95售02,0,0,0,0,0,0,0,0,0,-66000,0,0,0,0,66000,-66000,-66000
052959,聯電凱基97購01  ,0,0,0,0,0,0,0,0,0,-66000,0,0,0,0,66000,-66000,-66000
06731P,聯茂元大98售05  ,0,0,0,0,0,0,0,0,0,-66000,0,0,0,0,66000,-66000,-66000
3557,嘉威            ,9000,75000,-66000,0,0,0,0,0,0,0,0,0,0,0,0,0,-66000
3010,華立            ,74000,140000,-66000,0,0,0,0,0,0,0,1000,1000,0,0,0,0,-66000
2536,宏普            ,83674,150000,-66326,0,0,0,0,0,0,0,0,0,0,0,0,0,-66326
058391,T50反1元大99購02,0,0,0,0,0,0,0,0,0,-67000,0,0,0,100000,167000,-67000,-67000
057493,聯詠元大98購02  ,0,0,0,0,0,0,0,0,0,-67000,0,0,0,162000,229000,-67000,-67000
056833,和大元富9B購01  ,0,0,0,0,0,0,0,0,0,-67000,0,0,0,0,67000,-67000,-67000
053496,義隆兆豐96購02  ,0,0,0,0,0,0,0,0,0,-67000,0,0,0,205000,272000,-67000,-67000
057119,微星康和98購01  ,0,0,0,0,0,0,0,0,0,-68000,0,0,0,0,68000,-68000,-68000
049349,國巨康和94購01  ,0,0,0,0,0,0,0,0,0,-68000,0,0,0,100000,168000,-68000,-68000
2020,美亞            ,4000,72000,-68000,0,0,0,0,0,0,0,0,0,0,0,0,0,-68000
07304P,臺股指元大9A售37,0,0,0,0,0,0,0,0,0,-68000,0,0,0,2000,70000,-68000,-68000
059043,聯電日盛99購01  ,0,0,0,0,0,0,0,0,0,-69000,0,0,0,5000,74000,-69000,-69000
053183,大立光元富96購03,0,0,0,0,0,0,0,0,0,-69000,0,0,0,143000,212000,-69000,-69000
055359,超眾凱基97購01  ,0,0,0,0,0,0,0,0,0,-70000,0,0,0,31000,101000,-70000,-70000
056479,玉晶光元大99購05,0,0,0,0,0,0,0,0,0,-70000,0,0,0,305000,375000,-70000,-70000
054374,信邦中信96購01  ,0,0,0,0,0,0,0,0,0,-70000,0,0,0,0,70000,-70000,-70000
051403,玉晶光永豐95購05,0,0,0,0,0,0,0,0,0,-70000,0,0,0,30000,100000,-70000,-70000
05565P,鎧勝元大96售01  ,0,0,0,0,0,0,0,0,0,-70000,0,0,0,6000,76000,-70000,-70000
053287,臺股指元大96購15,0,0,0,0,0,0,0,0,0,-70000,0,0,0,10000,80000,-70000,-70000
04883P,台積電凱基94售35,0,0,0,0,0,0,0,0,0,-70000,0,0,0,0,70000,-70000,-70000
04474P,聯發科元大94售03,0,0,0,0,0,0,0,0,0,-70000,0,0,0,220000,290000,-70000,-70000
2227,裕日車          ,2000,6000,-4000,0,0,0,0,0,0,-66000,0,66000,-66000,0,0,0,-70000
06801P,技嘉群益99售02  ,0,0,0,0,0,0,0,0,0,-70000,0,0,0,0,70000,-70000,-70000
057296,智原永豐98購01  ,0,0,0,0,0,0,0,0,0,-71000,0,0,0,0,71000,-71000,-71000
059359,精元永豐99購01  ,0,0,0,0,0,0,0,0,0,-71000,0,0,0,4000,75000,-71000,-71000
07128P,大毅元大99售04  ,0,0,0,0,0,0,0,0,0,-71000,0,0,0,10000,81000,-71000,-71000
07173P,臺股指國票99售10,0,0,0,0,0,0,0,0,0,-72000,0,0,0,200000,272000,-72000,-72000
059574,台表科凱基99購02,0,0,0,0,0,0,0,0,0,-72000,0,0,0,0,72000,-72000,-72000
059544,創意亞東99購01  ,0,0,0,0,0,0,0,0,0,-72000,0,0,0,0,72000,-72000,-72000
2406,國碩            ,182000,254000,-72000,0,0,0,0,0,0,0,0,0,0,0,0,0,-72000
054806,台化元大9A購01  ,0,0,0,0,0,0,0,0,0,-73000,0,0,0,1000,74000,-73000,-73000
059512,晶豪科永豐99購02,0,0,0,0,0,0,0,0,0,-73000,0,0,0,5000,78000,-73000,-73000
07160P,台灣50中信03售04,0,0,0,0,0,0,0,0,0,-73000,0,0,0,0,73000,-73000,-73000
057835,華擎元富9B購01  ,0,0,0,0,0,0,0,0,0,-74000,0,0,0,255000,329000,-74000,-74000
04006P,滬深2X國票9B售01,0,0,0,0,0,0,0,0,0,-74000,0,0,0,0,74000,-74000,-74000
059416,T50反1元大99購08,0,0,0,0,0,0,0,0,0,-74000,0,0,0,9000,83000,-74000,-74000
4106,雃博            ,28000,102000,-74000,0,0,0,0,0,0,0,0,0,0,0,0,0,-74000
2439,美律            ,768000,638032,129968,0,0,0,0,0,0,-204000,4000,238000,-234000,34000,4000,30000,-74032
06151P,華新科元大97售07,0,0,0,0,0,0,0,0,0,-75000,0,0,0,0,75000,-75000,-75000
058966,元油2X日盛99購03,0,0,0,0,0,0,0,0,0,-75000,0,0,0,0,75000,-75000,-75000
06682P,玉晶光元大99售08,0,0,0,0,0,0,0,0,0,-75000,0,0,0,0,75000,-75000,-75000
2615,萬海            ,817000,855186,-38186,0,0,0,0,0,0,-37000,0,37000,-37000,0,0,0,-75186
053638,信邦永豐96購01  ,0,0,0,0,0,0,0,0,0,-76000,0,0,0,0,76000,-76000,-76000
2484,希華            ,95000,171000,-76000,0,0,0,0,0,0,0,0,0,0,0,0,0,-76000
06885P,國巨國票99售06  ,0,0,0,0,0,0,0,0,0,-76000,0,0,0,2000,78000,-76000,-76000
00684R,元大美元指數反1 ,0,0,0,0,0,0,0,0,0,-77000,0,0,0,13000,90000,-77000,-77000
06053P,緯穎國票97售05  ,0,0,0,0,0,0,0,0,0,-77000,0,0,0,0,77000,-77000,-77000
059606,上銀富邦9B購02  ,0,0,0,0,0,0,0,0,0,-77000,0,0,0,0,77000,-77000,-77000
2524,京城            ,18000,94000,-76000,0,0,0,0,0,0,-1000,0,1000,-1000,0,0,0,-77000
1110,東泥            ,0,77000,-77000,0,0,0,0,0,0,0,0,0,0,0,0,0,-77000
055955,微星元大97購01  ,0,0,0,0,0,0,0,0,0,-78000,0,0,0,2000,80000,-78000,-78000
052076,可成元富98購01  ,0,0,0,0,0,0,0,0,0,-78000,0,0,0,120000,198000,-78000,-78000
2436,偉詮電          ,199000,273000,-74000,0,0,0,0,0,0,-4000,0,4000,-4000,0,0,0,-78000
055468,智邦凱基97購04  ,0,0,0,0,0,0,0,0,0,-79000,0,0,0,0,79000,-79000,-79000
052109,可成元富95購01  ,0,0,0,0,0,0,0,0,0,-79000,0,0,0,91000,170000,-79000,-79000
053729,聯茂凱基96購05  ,0,0,0,0,0,0,0,0,0,-79000,0,0,0,50000,129000,-79000,-79000
1310,台苯            ,353000,409000,-56000,0,0,0,0,0,0,-23000,0,23000,-23000,0,0,0,-79000
059453,奇力新永豐99購01,0,0,0,0,0,0,0,0,0,-79000,0,0,0,0,79000,-79000,-79000
3052,夆典            ,97000,176000,-79000,0,0,0,0,0,0,0,0,0,0,0,0,0,-79000
6209,今國光          ,125000,204000,-79000,0,0,0,0,0,0,0,0,0,0,0,0,0,-79000
055532,中工群益98購01  ,0,0,0,0,0,0,0,0,0,-80000,0,0,0,0,80000,-80000,-80000
056212,台光電國票98購03,0,0,0,0,0,0,0,0,0,-80000,0,0,0,0,80000,-80000,-80000
056231,嘉聯益凱基97購02,0,0,0,0,0,0,0,0,0,-80000,0,0,0,0,80000,-80000,-80000
057763,康控凱基99購02  ,0,0,0,0,0,0,0,0,0,-80000,0,0,0,0,80000,-80000,-80000
058053,上銀統一9B購01  ,0,0,0,0,0,0,0,0,0,-80000,0,0,0,0,80000,-80000,-80000
054933,南港元大97購01  ,0,0,0,0,0,0,0,0,0,-80000,0,0,0,0,80000,-80000,-80000
058250,台虹元大99購01  ,0,0,0,0,0,0,0,0,0,-80000,0,0,0,0,80000,-80000,-80000
054517,高鐵元大96購01  ,0,0,0,0,0,0,0,0,0,-80000,0,0,0,20000,100000,-80000,-80000
03650C,T50反1元大98牛05,0,0,0,0,0,0,0,0,0,-80000,0,0,0,30000,110000,-80000,-80000
046999,康控富邦99購01  ,0,0,0,0,0,0,0,0,0,-80000,0,0,0,0,80000,-80000,-80000
052274,大立光群益95購03,0,0,0,0,0,0,0,0,0,-80000,0,0,0,10000,90000,-80000,-80000
052519,旺宏元大95購05  ,0,0,0,0,0,0,0,0,0,-80000,0,0,0,0,80000,-80000,-80000
06022P,緯穎永豐96售03  ,0,0,0,0,0,0,0,0,0,-80000,0,0,0,0,80000,-80000,-80000
05931P,鴻海凱基96售15  ,0,0,0,0,0,0,0,0,0,-80000,0,0,0,0,80000,-80000,-80000
058339,康友元富99購02  ,0,0,0,0,0,0,0,0,0,-81000,0,0,0,3000,84000,-81000,-81000
053493,智邦兆豐97購02  ,0,0,0,0,0,0,0,0,0,-81000,0,0,0,28000,109000,-81000,-81000
00706L,元大S&P日圓正2  ,0,0,0,0,0,0,0,0,0,-81000,0,0,0,39000,120000,-81000,-81000
07123P,鴻海元大99售23  ,0,0,0,0,0,0,0,0,0,-81000,0,0,0,0,81000,-81000,-81000
06651P,華新科元大99售09,0,0,0,0,0,0,0,0,0,-81000,0,0,0,0,81000,-81000,-81000
6668,中揚光          ,202000,283000,-81000,0,0,0,0,0,0,0,0,0,0,0,0,0,-81000
054808,東元元大9A購01  ,0,0,0,0,0,0,0,0,0,-82000,0,0,0,175000,257000,-82000,-82000
06586P,鴻海元大9C售01  ,0,0,0,0,0,0,0,0,0,-82000,0,0,0,0,82000,-82000,-82000
06254P,臺股指群益97售07,0,0,0,0,0,0,0,0,0,-82000,0,0,0,5000,87000,-82000,-82000
051684,瑞昱凱基95購02  ,0,0,0,0,0,0,0,0,0,-83000,0,0,0,127000,210000,-83000,-83000
052184,台光電群益95購03,0,0,0,0,0,0,0,0,0,-83000,0,0,0,25000,108000,-83000,-83000
3437,榮創            ,110000,193000,-83000,0,0,0,0,0,0,0,0,0,0,0,0,0,-83000
07170P,臺股指國票99售07,0,0,0,0,0,0,0,0,0,-83000,0,0,0,1650000,1733000,-83000,-83000
059314,上銀元大99購03  ,0,0,0,0,0,0,0,0,0,-83000,0,0,0,0,83000,-83000,-83000
06618P,智邦元大98售04  ,0,0,0,0,0,0,0,0,0,-84000,0,0,0,0,84000,-84000,-84000
059107,南茂國泰9A購01  ,0,0,0,0,0,0,0,0,0,-84000,0,0,0,150000,234000,-84000,-84000
05319P,上銀凱基95售02  ,0,0,0,0,0,0,0,0,0,-84000,0,0,0,0,84000,-84000,-84000
059646,聯茂凱基99購06  ,0,0,0,0,0,0,0,0,0,-84000,0,0,0,82000,166000,-84000,-84000
06495P,華新科亞東9A售01,0,0,0,0,0,0,0,0,0,-85000,0,0,0,750000,835000,-85000,-85000
05846P,大立光元大96售07,0,0,0,0,0,0,0,0,0,-85000,0,0,0,576000,661000,-85000,-85000
057547,技嘉凱基99購01  ,0,0,0,0,0,0,0,0,0,-85000,0,0,0,0,85000,-85000,-85000
05406P,台光電凱基95售02,0,0,0,0,0,0,0,0,0,-85000,0,0,0,5000,90000,-85000,-85000
058716,華新科台新99購02,0,0,0,0,0,0,0,0,0,-85000,0,0,0,0,85000,-85000,-85000
055684,京鼎凱基97購01  ,0,0,0,0,0,0,0,0,0,-85000,0,0,0,0,85000,-85000,-85000
057303,喬山兆豐99購01  ,0,0,0,0,0,0,0,0,0,-85000,0,0,0,0,85000,-85000,-85000
4438,廣越            ,59000,54000,5000,0,0,0,0,0,0,-90000,0,90000,-90000,0,0,0,-85000
057482,微星元大98購03  ,0,0,0,0,0,0,0,0,0,-86000,0,0,0,0,86000,-86000,-86000
047995,台達電元大96購01,0,0,0,0,0,0,0,0,0,-86000,0,0,0,0,86000,-86000,-86000
056410,康控國票99購01  ,0,0,0,0,0,0,0,0,0,-87000,0,0,0,33000,120000,-87000,-87000
051619,智邦凱基95購07  ,0,0,0,0,0,0,0,0,0,-87000,0,0,0,73000,160000,-87000,-87000
057696,聯電群益9A購01  ,0,0,0,0,0,0,0,0,0,-88000,0,0,0,25000,113000,-88000,-88000
6552,易華電          ,191000,282000,-91000,0,0,0,0,0,0,2000,5000,4000,1000,1000,0,1000,-89000
06738P,瑞昱兆豐98售02  ,0,0,0,0,0,0,0,0,0,-89000,0,0,0,38000,127000,-89000,-89000
056175,可成元富97購03  ,0,0,0,0,0,0,0,0,0,-90000,0,0,0,197000,287000,-90000,-90000
048431,瑞昱國票94購01  ,0,0,0,0,0,0,0,0,0,-90000,0,0,0,0,90000,-90000,-90000
052159,瑞昱永豐95購01  ,0,0,0,0,0,0,0,0,0,-91000,0,0,0,16000,107000,-91000,-91000
059513,揚明光永豐99購01,0,0,0,0,0,0,0,0,0,-91000,0,0,0,4000,95000,-91000,-91000
059495,台灣50元富9C購02,0,0,0,0,0,0,0,0,0,-92000,0,0,0,55000,147000,-92000,-92000
055215,智邦凱基98購02  ,0,0,0,0,0,0,0,0,0,-94000,0,0,0,44000,138000,-94000,-94000
051271,華新科群益95購04,0,0,0,0,0,0,0,0,0,-94000,0,0,0,17000,111000,-94000,-94000
053097,超眾統一96購03  ,0,0,0,0,0,0,0,0,0,-94000,0,0,0,0,94000,-94000,-94000
6139,亞翔            ,114000,206000,-92000,0,0,0,0,0,0,-2000,0,2000,-2000,0,0,0,-94000
5534,長虹            ,218911,282000,-63089,0,0,0,0,30000,-30000,-1000,0,1000,-1000,0,0,0,-94089
051370,聯詠富邦97購01  ,0,0,0,0,0,0,0,0,0,-95000,0,0,0,0,95000,-95000,-95000
059292,華新科元富9B購02,0,0,0,0,0,0,0,0,0,-95000,0,0,0,185000,280000,-95000,-95000
2351,順德            ,214000,126000,88000,0,0,0,0,100000,-100000,-83000,0,83000,-83000,0,0,0,-95000
1760,寶齡富錦        ,29000,95000,-66000,0,0,0,0,0,0,-30000,0,30000,-30000,0,0,0,-96000
5234,達興材料        ,31000,127000,-96000,0,0,0,0,0,0,0,0,0,0,0,0,0,-96000
6277,宏正            ,17000,113749,-96749,0,0,0,0,0,0,0,0,0,0,0,0,0,-96749
057433,上銀國票98購04  ,0,0,0,0,0,0,0,0,0,-97000,0,0,0,13000,110000,-97000,-97000
03658C,T50反1元大9A牛02,0,0,0,0,0,0,0,0,0,-97000,0,0,0,15000,112000,-97000,-97000
3702A,大聯大甲特      ,0,109000,-109000,0,0,0,0,122000,-122000,134000,154000,25000,129000,5000,0,5000,-97000
059486,A50正2兆豐9A購01,0,0,0,0,0,0,0,0,0,-97000,0,0,0,2000,99000,-97000,-97000
059543,可成亞東99購02  ,0,0,0,0,0,0,0,0,0,-97000,0,0,0,30000,127000,-97000,-97000
9910,豐泰            ,503000,544419,-41419,0,0,0,42000,0,42000,-98000,0,98000,-98000,0,0,0,-97419
05600P,玉晶光台新96售04,0,0,0,0,0,0,0,0,0,-98000,0,0,0,0,98000,-98000,-98000
00703,台新MSCI中國    ,2000,6000,-4000,0,0,0,0,0,0,-94000,0,0,0,70000,164000,-94000,-98000
052687,國泰金元大96購03,0,0,0,0,0,0,0,0,0,-98000,0,0,0,422000,520000,-98000,-98000
07223P,鴻海元大99售29  ,0,0,0,0,0,0,0,0,0,-98000,0,0,0,230000,328000,-98000,-98000
5522,遠雄            ,303038,340000,-36962,0,0,0,0,0,0,-62000,0,62000,-62000,0,0,0,-98962
6197,佳必琪          ,113000,204000,-91000,0,0,0,0,0,0,-8000,0,8000,-8000,0,0,0,-99000
2207,和泰車          ,73000,166654,-93654,0,0,0,0,0,0,-6000,0,6000,-6000,0,0,0,-99654
055353,華新科凱基98購03,0,0,0,0,0,0,0,0,0,-100000,0,0,0,0,100000,-100000,-100000
057065,牧德富邦99購01  ,0,0,0,0,0,0,0,0,0,-100000,0,0,0,0,100000,-100000,-100000
058788,喬山元大99購01  ,0,0,0,0,0,0,0,0,0,-100000,0,0,0,0,100000,-100000,-100000
05517P,臻鼎元大96售01  ,0,0,0,0,0,0,0,0,0,-100000,0,0,0,0,100000,-100000,-100000
055162,新唐元大97購01  ,0,0,0,0,0,0,0,0,0,-100000,0,0,0,50000,150000,-100000,-100000
05479P,華新科台新96售01,0,0,0,0,0,0,0,0,0,-100000,0,0,0,535000,635000,-100000,-100000
058229,為升元大99購02  ,0,100000,-100000,0,0,0,0,0,0,0,0,0,0,0,0,0,-100000
053352,義隆兆豐96購01  ,0,0,0,0,0,0,0,0,0,-100000,0,0,0,50000,150000,-100000,-100000
053465,聯電元大96購05  ,0,0,0,0,0,0,0,0,0,-100000,0,0,0,65000,165000,-100000,-100000
055835,華邦電元大97購03,0,0,0,0,0,0,0,0,0,-100000,0,0,0,0,100000,-100000,-100000
058992,上証反元大99購02,0,0,0,0,0,0,0,0,0,-100000,0,0,0,100000,200000,-100000,-100000
051356,全新元大96購04  ,0,0,0,0,0,0,0,0,0,-100000,0,0,0,0,100000,-100000,-100000
053127,貿聯凱基97購01  ,0,0,0,0,0,0,0,0,0,-100000,0,0,0,100000,200000,-100000,-100000
04843P,致新元大94售02  ,0,0,0,0,0,0,0,0,0,-100000,0,0,0,0,100000,-100000,-100000
049593,群創元大9A購01  ,0,0,0,0,0,0,0,0,0,-100000,0,0,0,0,100000,-100000,-100000
9942,茂順            ,6000,46000,-40000,0,0,0,0,0,0,-60000,0,60000,-60000,0,0,0,-100000
3705,永信            ,75000,174000,-99000,0,0,0,0,0,0,-1000,0,1000,-1000,0,0,0,-100000
2882A,國泰特          ,0,0,0,0,0,0,0,90000,-90000,-10000,0,10000,-10000,0,0,0,-100000
054819,裕民元大9A購01  ,0,0,0,0,0,0,0,0,0,-101000,0,0,0,428000,529000,-101000,-101000
058910,泰鼎元大99購03  ,0,0,0,0,0,0,0,0,0,-101000,0,0,0,36000,137000,-101000,-101000
057533,晶相光元大98購02,0,0,0,0,0,0,0,0,0,-101000,0,0,0,30000,131000,-101000,-101000
6525,捷敏-KY         ,32000,133200,-101200,0,0,0,0,0,0,0,0,0,0,0,0,0,-101200
054300,華通凱基96購07  ,0,0,0,0,0,0,0,0,0,-102000,0,0,0,0,102000,-102000,-102000
059430,台積電元大99購36,0,0,0,0,0,0,0,0,0,-102000,0,0,0,25000,127000,-102000,-102000
06982P,義隆凱基99售02  ,0,0,0,0,0,0,0,0,0,-102000,0,0,0,12000,114000,-102000,-102000
053361,友達元富99購01  ,0,0,0,0,0,0,0,0,0,-103000,0,0,0,7000,110000,-103000,-103000
03662C,FBVIX凱基03牛01 ,0,0,0,0,0,0,0,0,0,-103000,0,0,0,2000,105000,-103000,-103000
05882P,華新科永豐96售01,0,0,0,0,0,0,0,0,0,-104000,0,0,0,0,104000,-104000,-104000
056615,燿華永豐98購02  ,0,0,0,0,0,0,0,0,0,-104000,0,0,0,0,104000,-104000,-104000
07129P,華新科元大99售14,0,0,0,0,0,0,0,0,0,-104000,0,0,0,70000,174000,-104000,-104000
9944,新麗            ,127000,231000,-104000,0,0,0,0,0,0,0,0,0,0,0,0,0,-104000
057239,貿聯凱基98購05  ,0,0,0,0,0,0,0,0,0,-105000,0,0,0,159000,264000,-105000,-105000
052085,聯電元大95購01  ,0,0,0,0,0,0,0,0,0,-105000,0,0,0,10000,115000,-105000,-105000
054205,華新國票97購02  ,0,0,0,0,0,0,0,0,0,-106000,0,0,0,0,106000,-106000,-106000
05264P,微星元大95售02  ,0,0,0,0,0,0,0,0,0,-106000,0,0,0,54000,160000,-106000,-106000
03648C,T50反1元大96牛07,0,0,0,0,0,0,0,0,0,-106000,0,0,0,0,106000,-106000,-106000
6024,群益期          ,30000,136000,-106000,0,0,0,0,0,0,0,0,0,0,0,0,0,-106000
6452,康友-KY         ,162999,246000,-83001,0,0,0,0,0,0,-23000,0,22000,-22000,9000,10000,-1000,-106001
057689,南亞科凱基99購02,0,0,0,0,0,0,0,0,0,-107000,0,0,0,101000,208000,-107000,-107000
058609,玉山金元大99購01,0,0,0,0,0,0,0,0,0,-107000,0,0,0,31000,138000,-107000,-107000
03016P,滬深2X群益01售09,0,0,0,0,0,0,0,0,0,-107000,0,0,0,44000,151000,-107000,-107000
04878P,國巨康和94售02  ,0,0,0,0,0,0,0,0,0,-107000,0,0,0,43000,150000,-107000,-107000
055246,美律統一98購01  ,0,0,0,0,0,0,0,0,0,-108000,0,0,0,0,108000,-108000,-108000
054943,群光元大97購01  ,0,0,0,0,0,0,0,0,0,-108000,0,0,0,487000,595000,-108000,-108000
056198,台光電永豐97購02,0,0,0,0,0,0,0,0,0,-108000,0,0,0,45000,153000,-108000,-108000
6108,競國            ,35000,143000,-108000,0,0,0,0,0,0,0,0,0,0,0,0,0,-108000
04550P,超眾元大94售01  ,0,0,0,0,0,0,0,0,0,-109000,0,0,0,10000,119000,-109000,-109000
07082P,美律元大99售06  ,0,0,0,0,0,0,0,0,0,-109000,0,0,0,0,109000,-109000,-109000
07306P,台灣50凱基9A售09,0,0,0,0,0,0,0,0,0,-109000,0,0,0,0,109000,-109000,-109000
048334,A50正2元大96購01,0,0,0,0,0,0,0,0,0,-110000,0,0,0,0,110000,-110000,-110000
04794P,友達元大96售03  ,0,0,0,0,0,0,0,0,0,-110000,0,0,0,25000,135000,-110000,-110000
052075,旺宏元富95購03  ,0,0,0,0,0,0,0,0,0,-110000,0,0,0,70000,180000,-110000,-110000
2478,大毅            ,1082000,1210958,-128958,0,0,0,0,0,0,18000,17000,20000,-3000,33000,12000,21000,-110958
057885,台光電群益98購04,0,0,0,0,0,0,0,0,0,-111000,0,0,0,50000,161000,-111000,-111000
053712,台光電凱基96購04,0,0,0,0,0,0,0,0,0,-111000,0,0,0,17000,128000,-111000,-111000
03435B,臺股指凱基99熊29,0,0,0,0,0,0,0,0,0,-111000,0,0,0,30000,141000,-111000,-111000
07211P,南亞科凱基99售05,0,0,0,0,0,0,0,0,0,-111000,0,0,0,15000,126000,-111000,-111000
059376,國巨群益99購09  ,0,0,0,0,0,0,0,0,0,-111000,0,0,0,20000,131000,-111000,-111000
4536,拓凱            ,27000,137000,-110000,0,0,0,2000,0,2000,-3000,0,4000,-4000,1000,0,1000,-111000
9934,成霖            ,102000,213000,-111000,0,0,0,0,0,0,-1000,0,1000,-1000,0,0,0,-112000
06124P,超眾元大97售03  ,0,0,0,0,0,0,0,0,0,-112000,0,0,0,10000,122000,-112000,-112000
059014,SGBR2X元富03購01,0,0,0,0,0,0,0,0,0,-113000,0,0,0,4000,117000,-113000,-113000
06347P,祥碩元富97售02  ,0,0,0,0,0,0,0,0,0,-113000,0,0,0,0,113000,-113000,-113000
059346,新日興凱基99購03,0,0,0,0,0,0,0,0,0,-113000,0,0,0,46000,159000,-113000,-113000
2404,漢唐            ,154000,266065,-112065,0,0,0,0,0,0,-1000,0,4000,-4000,3000,0,3000,-113065
059062,群創凱基99購05  ,0,0,0,0,0,0,0,0,0,-114000,0,0,0,0,114000,-114000,-114000
057821,晶相光元大98購03,0,0,0,0,0,0,0,0,0,-114000,0,0,0,0,114000,-114000,-114000
057061,華擎國泰9A購01  ,0,0,0,0,0,0,0,0,0,-114000,0,0,0,6000,120000,-114000,-114000
057175,美律元大98購03  ,0,0,0,0,0,0,0,0,0,-114000,0,0,0,0,114000,-114000,-114000
05101P,大立光凱基95售11,0,0,0,0,0,0,0,0,0,-114000,0,0,0,10000,124000,-114000,-114000
059650,緯穎凱基99購04  ,0,0,0,0,0,0,0,0,0,-114000,0,0,0,0,114000,-114000,-114000
056980,建準群益98購02  ,0,0,0,0,0,0,0,0,0,-115000,0,0,0,0,115000,-115000,-115000
059387,華通凱基9A購03  ,30000,0,30000,0,0,0,0,0,0,-145000,0,0,0,29000,174000,-145000,-115000
06762P,智邦元大98售11  ,0,0,0,0,0,0,0,0,0,-115000,0,0,0,0,115000,-115000,-115000
057972,群創富邦9C購01  ,0,0,0,0,0,0,0,0,0,-116000,0,0,0,0,116000,-116000,-116000
06850P,聯茂元大98售06  ,0,0,0,0,0,0,0,0,0,-116000,0,0,0,83000,199000,-116000,-116000
07219P,臺股指凱基99售32,0,0,0,0,0,0,0,0,0,-117000,0,0,0,11000,128000,-117000,-117000
07303P,臺股指元大9A售36,0,0,0,0,0,0,0,0,0,-117000,0,0,0,7000,124000,-117000,-117000
06228P,亞德客凱基97售04,0,0,0,0,0,0,0,0,0,-118000,0,0,0,41000,159000,-118000,-118000
053205,台光電麥證96購01,0,0,0,32000,150000,-118000,0,0,0,-118000,0,0,0,32000,150000,-118000,-118000
058413,義隆兆豐99購01  ,0,0,0,0,0,0,0,0,0,-119000,0,0,0,73000,192000,-119000,-119000
05292P,台積電凱基95售16,0,0,0,0,0,0,0,0,0,-119000,0,0,0,10000,129000,-119000,-119000
051808,美律凱基96購02  ,0,0,0,0,0,0,0,0,0,-119000,0,0,0,3000,122000,-119000,-119000
2707,晶華            ,66000,166000,-100000,0,0,0,0,0,0,-19000,0,19000,-19000,0,0,0,-119000
057202,TPK元富98購02   ,0,0,0,0,0,0,0,0,0,-120000,0,0,0,0,120000,-120000,-120000
057614,華新科元富99購04,0,0,0,0,0,0,0,0,0,-120000,0,0,0,0,120000,-120000,-120000
056002,嘉晶永豐97購01  ,0,0,0,0,0,0,0,0,0,-120000,0,0,0,0,120000,-120000,-120000
051807,瑞昱凱基95購03  ,0,0,0,0,0,0,0,0,0,-120000,0,0,0,0,120000,-120000,-120000
053660,群創凱基98購08  ,0,0,0,0,0,0,0,0,0,-120000,0,0,0,0,120000,-120000,-120000
053627,宏碁兆豐97購01  ,0,0,0,0,0,0,0,0,0,-120000,0,0,0,10000,130000,-120000,-120000
047992,東陽元大96購01  ,0,0,0,0,0,0,0,0,0,-120000,0,0,0,0,120000,-120000,-120000
052893,聯電群益98購01  ,0,0,0,0,0,0,0,0,0,-120000,0,0,0,0,120000,-120000,-120000
052765,新日興群益97購01,0,0,0,0,0,0,0,0,0,-120000,0,0,0,100000,220000,-120000,-120000
058972,新日興永豐9A購01,0,0,0,0,0,0,0,0,0,-120000,0,0,0,60000,180000,-120000,-120000
08865P,欣興元大01售02  ,3000,0,3000,0,0,0,0,0,0,-124000,0,0,0,0,124000,-124000,-121000
06782P,大立光元大99售07,0,0,0,0,0,0,0,0,0,-121000,0,0,0,0,121000,-121000,-121000
058399,美律元大99購05  ,0,0,0,0,0,0,0,0,0,-122000,0,0,0,35000,157000,-122000,-122000
056906,玉晶光元大9B購01,0,0,0,0,0,0,0,0,0,-122000,0,0,0,5000,127000,-122000,-122000
1608,華榮            ,11000,126000,-115000,0,0,0,0,0,0,-7000,0,7000,-7000,0,0,0,-122000
059080,亞泥元大99購01  ,0,0,0,0,0,0,0,0,0,-123000,0,0,0,77000,200000,-123000,-123000
053746,彰銀康和96購01  ,0,0,0,0,0,0,0,0,0,-123000,0,0,0,139000,262000,-123000,-123000
1560,中砂            ,79000,202000,-123000,0,0,0,0,0,0,0,0,0,0,0,0,0,-123000
07238P,台灣50國票99售07,0,0,0,0,0,0,0,0,0,-123000,0,0,0,121000,244000,-123000,-123000
3022,威強電          ,20000,143000,-123000,0,0,0,0,0,0,0,0,0,0,0,0,0,-123000
053985,矽創元大96購02  ,0,0,0,0,0,0,0,0,0,-124000,0,0,0,0,124000,-124000,-124000
052927,友達元大98購02  ,0,0,0,0,0,0,0,0,0,-125000,0,0,0,380000,505000,-125000,-125000
9924,福興            ,56000,81000,-25000,0,0,0,0,100000,-100000,0,0,0,0,0,0,0,-125000
055197,致新元富97購02  ,0,0,0,0,0,0,0,0,0,-126000,0,0,0,140000,266000,-126000,-126000
050515,聯電元大96購01  ,0,0,0,0,0,0,0,0,0,-126000,0,0,0,63000,189000,-126000,-126000
6206,飛捷            ,58000,183000,-125000,0,0,0,0,0,0,-2000,0,2000,-2000,0,0,0,-127000
8110,華東            ,143000,268000,-125000,0,0,0,0,0,0,-2000,0,2000,-2000,0,0,0,-127000
3056,總太            ,245000,353000,-108000,0,0,0,0,0,0,-19000,0,19000,-19000,0,0,0,-127000
058470,台灣50日盛9B購02,0,0,0,0,0,0,0,0,0,-130000,0,0,0,5000,135000,-130000,-130000
05852P,嘉晶群益96售01  ,0,0,0,0,0,0,0,0,0,-130000,0,0,0,20000,150000,-130000,-130000
058775,台積電國票9A購02,0,0,0,0,0,0,0,0,0,-130000,0,0,0,0,130000,-130000,-130000
058949,上銀群益99購02  ,0,0,0,0,0,0,0,0,0,-130000,0,0,0,0,130000,-130000,-130000
057893,亞德客元富98購03,0,0,0,0,0,0,0,0,0,-131000,0,0,0,0,131000,-131000,-131000
059679,國巨國泰9B購03  ,0,0,0,0,0,0,0,0,0,-131000,0,0,0,0,131000,-131000,-131000
9939,宏全            ,162000,396000,-234000,0,0,0,100000,0,100000,2000,2000,11000,-9000,11000,0,11000,-132000
07300P,臺股指元大9A售33,0,0,0,0,0,0,0,0,0,-133000,0,0,0,0,133000,-133000,-133000
055850,聯詠元大97購06  ,0,0,0,0,0,0,0,0,0,-134000,0,0,0,0,134000,-134000,-134000
04049P,大立光元大95售02,0,0,0,0,0,0,0,0,0,-134000,0,0,0,0,134000,-134000,-134000
05017P,臺股指元大95售08,0,0,0,0,0,0,0,0,0,-134000,0,0,0,10000,144000,-134000,-134000
059426,鴻海元大99購31  ,0,0,0,0,0,0,0,0,0,-135000,0,0,0,58000,193000,-135000,-135000
058358,技嘉凱基9A購01  ,0,0,0,0,0,0,0,0,0,-136000,0,0,0,10000,146000,-136000,-136000
06869P,金融類元大99售01,0,0,0,0,0,0,0,0,0,-136000,0,0,0,44000,180000,-136000,-136000
2723,美食-KY         ,602000,737027,-135027,0,0,0,0,0,0,-1000,0,0,0,2000,3000,-1000,-136027
050169,臺指反元大97購01,0,0,0,0,0,0,0,0,0,-138000,0,0,0,51000,189000,-138000,-138000
1701,中化            ,101000,239000,-138000,0,0,0,0,0,0,0,0,0,0,0,0,0,-138000
053506,南茂兆豐97購01  ,0,0,0,0,0,0,0,0,0,-139000,0,0,0,20000,159000,-139000,-139000
052052,嘉澤凱基95購02  ,0,0,0,0,0,0,0,0,0,-139000,0,0,0,31000,170000,-139000,-139000
3518,柏騰            ,116000,255000,-139000,0,0,0,0,0,0,0,0,0,0,0,0,0,-139000
045685,康控元大95購01  ,0,0,0,0,0,0,0,0,0,-140000,0,0,0,0,140000,-140000,-140000
3535,晶彩科          ,36000,178000,-142000,0,0,0,0,0,0,2000,2000,0,2000,0,0,0,-140000
3669,圓展            ,178000,348000,-170000,0,0,0,0,0,0,30000,30000,0,30000,0,0,0,-140000
4942,嘉彰            ,48000,186000,-138000,0,0,0,0,0,0,-2000,0,2000,-2000,0,0,0,-140000
052470,華新科亞東97購01,0,0,0,0,0,0,0,0,0,-141000,0,0,0,2920000,3061000,-141000,-141000
1905,華紙            ,174000,314000,-140000,0,0,0,0,0,0,-1000,0,1000,-1000,0,0,0,-141000
2352,佳世達          ,839000,1020895,-181895,0,0,0,0,0,0,40000,107000,67000,40000,0,0,0,-141895
07174P,臺股指國票99售11,0,0,0,0,0,0,0,0,0,-142000,0,0,0,0,142000,-142000,-142000
056308,TPK元大97購02   ,0,0,0,0,0,0,0,0,0,-143000,0,0,0,0,143000,-143000,-143000
059455,玉晶光永豐99購05,0,0,0,0,0,0,0,0,0,-143000,0,0,0,161000,304000,-143000,-143000
00673R,元大S&P原油反1  ,39000,39000,0,0,0,0,0,0,0,-144000,0,0,0,2955000,3099000,-144000,-144000
2889,國票金          ,1207000,1323000,-116000,0,0,0,0,0,0,-28000,0,28000,-28000,0,0,0,-144000
056441,燿華凱基98購01  ,0,0,0,0,0,0,0,0,0,-145000,0,0,0,0,145000,-145000,-145000
054520,健鼎元大96購02  ,0,0,0,0,0,0,0,0,0,-145000,0,0,0,0,145000,-145000,-145000
059207,臺指反元大9C購02,0,0,0,0,0,0,0,0,0,-145000,0,0,0,40000,185000,-145000,-145000
03675C,臺股指元大04牛02,0,0,0,0,0,0,0,0,0,-145000,0,0,0,32000,177000,-145000,-145000
059160,華通凱基99購03  ,0,0,0,0,0,0,0,0,0,-146000,0,0,0,0,146000,-146000,-146000
06177P,玉晶光元大98售07,0,0,0,0,0,0,0,0,0,-146000,0,0,0,10000,156000,-146000,-146000
07134P,臺股指元大9A售28,0,0,0,0,0,0,0,0,0,-146000,0,0,0,2025000,2171000,-146000,-146000
058728,SP黃豆永豐99購01,0,0,0,0,0,0,0,0,0,-147000,0,0,0,0,147000,-147000,-147000
6112,聚碩            ,61504,208770,-147266,0,0,0,0,0,0,0,0,0,0,0,0,0,-147266
059159,上銀凱基99購05  ,0,0,0,0,0,0,0,0,0,-148000,0,0,0,22000,170000,-148000,-148000
054423,華新富邦96購01  ,0,0,0,0,0,0,0,0,0,-150000,0,0,0,0,150000,-150000,-150000
056063,大立光元大97購13,0,0,0,0,0,0,0,0,0,-150000,0,0,0,10000,160000,-150000,-150000
052987,華新科元大99購01,0,0,0,0,0,0,0,0,0,-150000,0,0,0,2000,152000,-150000,-150000
06846P,美律元大98售05  ,0,0,0,0,0,0,0,0,0,-150000,0,0,0,0,150000,-150000,-150000
059417,上証反元大9C購01,0,0,0,0,0,0,0,0,0,-150000,0,0,0,0,150000,-150000,-150000
055041,致新富邦97購01  ,0,0,0,0,0,0,0,0,0,-151000,0,0,0,0,151000,-151000,-151000
1531,高林股          ,0,152000,-152000,0,0,0,0,0,0,0,0,0,0,0,0,0,-152000
04892P,聯發科元大94售14,0,0,0,0,0,0,0,0,0,-153000,0,0,0,660000,813000,-153000,-153000
06669P,緯穎凱基98售05  ,0,0,0,0,0,0,0,0,0,-153000,0,0,0,0,153000,-153000,-153000
5203,訊連            ,148000,315000,-167000,0,0,0,0,0,0,14000,10000,3000,7000,11000,4000,7000,-153000
059575,臺股指凱基99購41,0,0,0,0,0,0,0,0,0,-155000,0,0,0,2000,157000,-155000,-155000
1513,中興電          ,433000,531000,-98000,0,0,0,0,0,0,-57000,0,57000,-57000,0,0,0,-155000
1217,愛之味          ,171000,326000,-155000,0,0,0,0,0,0,0,0,0,0,0,0,0,-155000
2820,華票            ,432000,587000,-155000,0,0,0,0,0,0,0,0,0,0,0,0,0,-155000
2464,盟立            ,62000,178000,-116000,0,0,0,0,0,0,-40000,0,40000,-40000,0,0,0,-156000
057858,T50正2康和98購01,0,0,0,0,0,0,0,0,0,-157000,0,0,0,0,157000,-157000,-157000
2023,燁輝            ,280408,425000,-144592,0,0,0,0,0,0,-13000,0,13000,-13000,0,0,0,-157592
049064,T50反1凱基96購03,0,0,0,0,0,0,0,0,0,-158000,0,0,0,33000,191000,-158000,-158000
1231,聯華食          ,52000,210358,-158358,0,0,0,0,0,0,0,0,0,0,0,0,0,-158358
059077,FBVIX元大99購05 ,0,0,0,0,0,0,0,0,0,-159000,0,0,0,0,159000,-159000,-159000
3060,銘異            ,127000,285000,-158000,0,0,0,0,0,0,-1000,0,1000,-1000,0,0,0,-159000
9911,櫻花            ,143000,303000,-160000,0,0,0,0,0,0,0,0,0,0,0,0,0,-160000
048850,聯電群益96購01  ,0,0,0,0,0,0,0,0,0,-161000,0,0,0,0,161000,-161000,-161000
2855,統一證          ,259000,420000,-161000,0,0,0,0,0,0,0,0,0,0,0,0,0,-161000
057526,智邦元大98購10  ,0,0,0,0,0,0,0,0,0,-162000,0,0,0,0,162000,-162000,-162000
1582,信錦            ,108000,267000,-159000,0,0,0,0,0,0,-3000,0,3000,-3000,0,0,0,-162000
059598,欣興元大99購08  ,0,0,0,0,0,0,0,0,0,-162000,0,0,0,5000,167000,-162000,-162000
055469,台光電凱基97購01,0,0,0,0,0,0,0,0,0,-163000,0,0,0,19000,182000,-163000,-163000
1215,卜蜂            ,120000,291000,-171000,0,0,0,0,0,0,8000,0,4000,-4000,12000,0,12000,-163000
06779P,智邦元大98售12  ,0,0,0,0,0,0,0,0,0,-164000,0,0,0,26000,190000,-164000,-164000
5388,中磊            ,173000,231271,-58271,0,0,0,0,90000,-90000,-16000,0,9000,-9000,4000,11000,-7000,-164271
051982,深中小元大95購01,0,0,0,0,0,0,0,0,0,-165000,0,0,0,0,165000,-165000,-165000
06650P,聯發科元大98售09,0,0,0,0,0,0,0,0,0,-165000,0,0,0,5000,170000,-165000,-165000
07305P,T50正2群益99售02,0,0,0,0,0,0,0,0,0,-165000,0,0,0,0,165000,-165000,-165000
00737,國泰AI+Robo     ,438000,15000,423000,0,0,0,0,0,0,-589000,0,0,0,37000,626000,-589000,-166000
2428,興勤            ,138000,306000,-168000,0,0,0,0,0,0,2000,0,2000,-2000,5000,1000,4000,-166000
07245P,台積電凱基99售16,0,0,0,0,0,0,0,0,0,-167000,0,0,0,29000,196000,-167000,-167000
059450,和大永豐99購01  ,0,0,0,0,0,0,0,0,0,-167000,0,0,0,40000,207000,-167000,-167000
07162P,臺股指群益99售13,0,0,0,0,0,0,0,0,0,-169000,0,0,0,2000,171000,-169000,-169000
056641,華通凱基98購03  ,0,0,0,0,0,0,0,0,0,-170000,0,0,0,0,170000,-170000,-170000
058931,玉晶光統一9C購01,0,0,0,0,0,0,0,0,0,-170000,0,0,0,1000,171000,-170000,-170000
07256P,臺股指凱基99售36,0,0,0,0,0,0,0,0,0,-170000,0,0,0,126000,296000,-170000,-170000
06891P,緯穎富邦99售03  ,0,0,0,0,0,0,0,0,0,-171000,0,0,0,10000,181000,-171000,-171000
054215,創意國票97購02  ,0,0,0,0,0,0,0,0,0,-173000,0,0,0,11000,184000,-173000,-173000
059386,上銀凱基99購07  ,0,0,0,0,0,0,0,0,0,-173000,0,0,0,36000,209000,-173000,-173000
2614,東森            ,242000,415000,-173000,0,0,0,0,0,0,0,0,0,0,0,0,0,-173000
058575,智邦群益99購01  ,0,0,0,0,0,0,0,0,0,-174000,0,0,0,0,174000,-174000,-174000
059204,台灣50元大01購02,0,0,0,0,0,0,0,0,0,-175000,0,0,0,2000,177000,-175000,-175000
055648,可成元富97購01  ,0,0,0,0,0,0,0,0,0,-175000,0,0,0,137000,312000,-175000,-175000
07278P,台灣50元富9C售03,0,0,0,0,0,0,0,0,0,-175000,0,0,0,13000,188000,-175000,-175000
06852P,臺股指元大98售11,0,0,0,0,0,0,0,0,0,-175000,0,0,0,201000,376000,-175000,-175000
052963,智邦凱基96購02  ,0,0,0,0,0,0,0,0,0,-176000,0,0,0,68000,244000,-176000,-176000
059370,玉晶光元富99購02,0,0,0,0,0,0,0,0,0,-176000,0,0,0,1365000,1541000,-176000,-176000
04494P,台積電國票94售04,0,0,0,0,0,0,0,0,0,-177000,0,0,0,1000,178000,-177000,-177000
5469,瀚宇博          ,904000,1150850,-246850,0,0,0,0,0,0,69000,0,0,0,75000,6000,69000,-177850
059056,技嘉凱基99購02  ,0,0,0,0,0,0,0,0,0,-178000,0,0,0,0,178000,-178000,-178000
059484,臺股指群益99購18,0,0,0,0,0,0,0,0,0,-181000,0,0,0,3000,184000,-181000,-181000
07164P,臺股指群益99售15,0,0,0,0,0,0,0,0,0,-183000,0,0,0,185000,368000,-183000,-183000
1907,永豐餘          ,669000,807000,-138000,0,0,0,0,0,0,-45000,0,45000,-45000,0,0,0,-183000
3406,玉晶光          ,1693000,1578581,114419,0,0,0,36000,30000,6000,-305000,43000,298000,-255000,123000,173000,-50000,-184581
040761,T50反1凱基95購02,0,0,0,0,0,0,0,0,0,-185000,0,0,0,0,185000,-185000,-185000
2108,南帝            ,59000,223000,-164000,0,0,0,0,0,0,-21000,0,21000,-21000,0,0,0,-185000
6257,矽格            ,1072000,1239611,-167611,0,0,0,0,0,0,-18000,23000,34000,-11000,21000,28000,-7000,-185611
3450,聯鈞            ,423000,524276,-101276,0,0,0,0,120000,-120000,34000,40000,29000,11000,30000,7000,23000,-187276
059299,欣興元富99購03  ,0,0,0,0,0,0,0,0,0,-188000,0,0,0,27000,215000,-188000,-188000
057134,茂林凱基98購02  ,0,0,0,0,0,0,0,0,0,-189000,0,0,0,0,189000,-189000,-189000
4934,太極            ,69000,258000,-189000,0,0,0,0,0,0,0,0,0,0,0,0,0,-189000
06971P,台光電元大99售03,0,0,0,0,0,0,0,0,0,-189000,0,0,0,0,189000,-189000,-189000
055040,台虹富邦99購01  ,0,0,0,0,0,0,0,0,0,-191000,0,0,0,0,191000,-191000,-191000
00757,統一FANG+       ,0,0,0,0,0,0,0,0,0,-191000,0,0,0,602000,793000,-191000,-191000
059500,鴻海元富99購11  ,0,0,0,0,0,0,0,0,0,-191000,0,0,0,194000,385000,-191000,-191000
2419,仲琦            ,51000,242000,-191000,0,0,0,0,0,0,0,0,0,0,0,0,0,-191000
048422,瑞昱元富96購02  ,0,0,0,0,0,0,0,0,0,-192000,0,0,0,101000,293000,-192000,-192000
1589,永冠-KY         ,96000,288000,-192000,0,0,0,0,0,0,0,0,0,0,0,0,0,-192000
1519,華城            ,106000,198000,-92000,0,0,0,0,100000,-100000,0,0,0,0,0,0,0,-192000
050536,亞泥凱基95購01  ,0,0,0,0,0,0,0,0,0,-193000,0,0,0,15000,208000,-193000,-193000
059535,玉山金凱基99購01,0,0,0,0,0,0,0,0,0,-193000,0,0,0,138000,331000,-193000,-193000
059297,大立光元富9C購01,0,0,0,0,0,0,0,0,0,-193000,0,0,0,125000,318000,-193000,-193000
057889,致新群益99購01  ,0,0,0,0,0,0,0,0,0,-194000,0,0,0,308000,502000,-194000,-194000
052676,聯發科永昌98購01,0,0,0,0,0,0,0,0,0,-195000,0,0,0,475000,670000,-195000,-195000
3048,益登            ,128000,323000,-195000,0,0,0,0,0,0,0,0,0,0,0,0,0,-195000
3041,揚智            ,198000,394089,-196089,0,0,0,0,0,0,0,0,0,0,0,0,0,-196089
059491,國巨國票9A購05  ,0,0,0,0,0,0,0,0,0,-197000,0,0,0,0,197000,-197000,-197000
059273,臺指反元大9C購03,0,0,0,0,0,0,0,0,0,-198000,0,0,0,2000,200000,-198000,-198000
054803,味全元大9A購01  ,0,0,0,0,0,0,0,0,0,-199000,0,0,0,17000,216000,-199000,-199000
058839,瑞儀中信99購02  ,0,0,0,0,0,0,0,0,0,-199000,0,0,0,112000,311000,-199000,-199000
057812,友達元大9A購05  ,0,0,0,0,0,0,0,0,0,-200000,0,0,0,0,200000,-200000,-200000
055960,義隆元大97購01  ,0,0,0,0,0,0,0,0,0,-200000,0,0,0,5000,205000,-200000,-200000
058406,聯茂元大99購06  ,0,0,0,0,0,0,0,0,0,-200000,0,0,0,58000,258000,-200000,-200000
053446,欣興凱基96購02  ,0,0,0,0,0,0,0,0,0,-200000,0,0,0,0,200000,-200000,-200000
057323,智邦群益98購01  ,0,0,0,0,0,0,0,0,0,-200000,0,0,0,0,200000,-200000,-200000
050327,泰鼎永豐94購03  ,0,0,0,0,0,0,0,0,0,-200000,0,0,0,0,200000,-200000,-200000
07015P,國巨元大99售13  ,0,0,0,0,0,0,0,0,0,-200000,0,0,0,0,200000,-200000,-200000
1476,儒鴻            ,353000,575000,-222000,0,0,0,28000,0,28000,-7000,0,7000,-7000,0,0,0,-201000
2359,所羅門          ,50000,248000,-198000,0,0,0,0,0,0,-3000,0,3000,-3000,0,0,0,-201000
00654R,富邦印度反1     ,0,0,0,0,0,0,0,0,0,-202000,0,0,0,63000,265000,-202000,-202000
6141,柏承            ,96000,300000,-204000,0,0,0,0,0,0,0,0,0,0,0,0,0,-204000
059630,美律凱基99購07  ,0,0,0,0,0,0,0,0,0,-205000,0,0,0,0,205000,-205000,-205000
06653P,美食元大98售02  ,0,0,0,0,0,0,0,0,0,-206000,0,0,0,88000,294000,-206000,-206000
057017,和大凱基98購01  ,0,0,0,0,0,0,0,0,0,-208000,0,0,0,10000,218000,-208000,-208000
05261P,鴻海元大95售20  ,0,0,0,0,0,0,0,0,0,-208000,0,0,0,84000,292000,-208000,-208000
041832,T50反1統一94購01,0,0,0,0,0,0,0,0,0,-209000,0,0,0,0,209000,-209000,-209000
8215,明基材          ,455000,667000,-212000,0,0,0,0,0,0,0,0,0,0,0,0,0,-212000
8131,福懋科          ,149000,379000,-230000,0,0,0,0,0,0,18000,30000,12000,18000,0,0,0,-212000
3038,全台            ,260000,475000,-215000,0,0,0,0,0,0,0,0,0,0,0,0,0,-215000
3530,晶相光          ,224000,450000,-226000,0,0,0,0,0,0,10000,0,0,0,11000,1000,10000,-216000
1712,興農            ,264000,480000,-216000,0,0,0,0,0,0,0,0,0,0,0,0,0,-216000
053915,光罩國票96購02  ,0,0,0,0,0,0,0,0,0,-217000,0,0,0,28000,245000,-217000,-217000
2002,中鋼            ,9090975,7454976,1635999,0,0,0,1000,1620000,-1619000,-234000,0,228000,-228000,0,6000,-6000,-217001
057421,智原凱基98購04  ,0,0,0,0,0,0,0,0,0,-219000,0,0,0,0,219000,-219000,-219000
050714,深中小群益98購01,0,0,0,0,0,0,0,0,0,-219000,0,0,0,1000,220000,-219000,-219000
057985,華通元富02購03  ,0,0,0,0,0,0,0,0,0,-220000,0,0,0,0,220000,-220000,-220000
052972,義隆群益96購04  ,0,0,0,0,0,0,0,0,0,-220000,0,0,0,0,220000,-220000,-220000
059264,台光電中信99購02,0,0,0,0,0,0,0,0,0,-223000,0,0,0,26000,249000,-223000,-223000
059473,T50反1群益99購03,0,0,0,0,0,0,0,0,0,-223000,0,0,0,43000,266000,-223000,-223000
058749,康控凱基99購03  ,0,0,0,0,0,0,0,0,0,-224000,0,0,0,15000,239000,-224000,-224000
055965,泰鼎元大97購03  ,0,0,0,0,0,0,0,0,0,-225000,0,0,0,5000,230000,-225000,-225000
059290,全新元富99購01  ,0,0,0,0,0,0,0,0,0,-225000,0,0,0,0,225000,-225000,-225000
6224,聚鼎            ,42000,109000,-67000,0,0,0,0,0,0,-159000,0,159000,-159000,0,0,0,-226000
06544P,鴻海元大98售09  ,0,0,0,0,0,0,0,0,0,-227000,0,0,0,490000,717000,-227000,-227000
03647C,T50反1元富99牛02,0,0,0,0,0,0,0,0,0,-228000,0,0,0,0,228000,-228000,-228000
8422,可寧衛          ,89128,299000,-209872,0,0,0,0,0,0,-19000,0,19000,-19000,0,0,0,-228872
057573,京鼎永豐98購02  ,0,0,0,0,0,0,0,0,0,-230000,0,0,0,0,230000,-230000,-230000
04728P,美律亞東94售02  ,0,0,0,0,0,0,0,0,0,-230000,0,0,0,0,230000,-230000,-230000
9941,裕融            ,146000,326455,-180455,0,0,0,0,0,0,-51000,0,51000,-51000,0,0,0,-231455
06284P,台積電國票98售03,0,0,0,0,0,0,0,0,0,-232000,0,0,0,182000,414000,-232000,-232000
058248,聯茂元大99購05  ,0,0,0,0,0,0,0,0,0,-234000,0,0,0,50000,284000,-234000,-234000
2514,龍邦            ,7000,240000,-233000,0,0,0,0,0,0,-1000,0,1000,-1000,0,0,0,-234000
07288P,台灣50凱基99售06,0,0,0,0,0,0,0,0,0,-234000,0,0,0,0,234000,-234000,-234000
058908,貿聯元大99購03  ,0,0,0,0,0,0,0,0,0,-235000,0,0,0,0,235000,-235000,-235000
07172P,臺股指國票99售09,0,0,0,0,0,0,0,0,0,-235000,0,0,0,100000,335000,-235000,-235000
07260P,台灣50元大9A售01,0,0,0,0,0,0,0,0,0,-238000,0,0,0,10000,248000,-238000,-238000
06521P,矽力元大98售01  ,0,0,0,0,0,0,0,0,0,-239000,0,0,0,0,239000,-239000,-239000
03638C,T50反1元大94牛03,0,0,0,0,0,0,0,0,0,-239000,0,0,0,375000,614000,-239000,-239000
07292P,臺股指凱基99售44,0,0,0,0,0,0,0,0,0,-239000,0,0,0,1000,240000,-239000,-239000
2637,慧洋-KY         ,379000,564586,-185586,0,0,0,0,0,0,-54000,0,57000,-57000,17000,14000,3000,-239586
057609,友訊元富98購01  ,0,0,0,0,0,0,0,0,0,-241000,0,0,0,115000,356000,-241000,-241000
057616,聯電凱基99購01  ,0,0,0,0,0,0,0,0,0,-242000,0,0,0,175000,417000,-242000,-242000
056378,欣興元富98購01  ,0,0,0,0,0,0,0,0,0,-242000,0,0,0,0,242000,-242000,-242000
1515,力山            ,641000,884861,-243861,0,0,0,0,0,0,0,0,0,0,0,0,0,-243861
1210,大成            ,238000,465000,-227000,0,0,0,0,0,0,-19000,0,19000,-19000,0,0,0,-246000
1218,泰山            ,111000,357000,-246000,0,0,0,0,0,0,0,0,0,0,0,0,0,-246000
04391P,玉晶光凱基95售03,0,0,0,0,0,0,0,0,0,-248000,0,0,0,17000,265000,-248000,-248000
055340,華新科日盛97購01,0,0,0,0,0,0,0,0,0,-250000,0,0,0,20000,270000,-250000,-250000
058247,聯茂元大99購04  ,0,0,0,0,0,0,0,0,0,-250000,0,0,0,79000,329000,-250000,-250000
050171,臺指反元大97購03,0,0,0,0,0,0,0,0,0,-250000,0,0,0,0,250000,-250000,-250000
07057P,大立光康和9B售02,0,0,0,0,0,0,0,0,0,-250000,0,0,0,10000,260000,-250000,-250000
04837P,華新科元大94售05,0,0,0,0,0,0,0,0,0,-251000,0,0,0,290000,541000,-251000,-251000
05540P,亞德客凱基96售01,0,0,0,0,0,0,0,0,0,-252000,0,0,0,0,252000,-252000,-252000
3014,聯陽            ,563000,743000,-180000,0,0,0,0,0,0,-72000,0,74000,-74000,11000,9000,2000,-252000
059438,群創元大99購06  ,0,0,0,0,0,0,0,0,0,-253000,0,0,0,230000,483000,-253000,-253000
07281P,鴻海凱基99售13  ,0,0,0,0,0,0,0,0,0,-253000,0,0,0,120000,373000,-253000,-253000
058531,華通元富99購01  ,0,0,0,0,0,0,0,0,0,-254000,0,0,0,0,254000,-254000,-254000
2231,為升            ,12000,30000,-18000,0,0,0,0,245000,-245000,7000,0,0,0,7000,0,7000,-256000
2393,億光            ,567000,841000,-274000,0,0,0,0,0,0,17000,3000,13000,-10000,41000,14000,27000,-257000
054745,智易凱基97購01  ,0,0,0,0,0,0,0,0,0,-259000,0,0,0,35000,294000,-259000,-259000
2481,強茂            ,203000,493000,-290000,0,0,0,0,0,0,29000,0,0,0,29000,0,29000,-261000
3031,佰鴻            ,75000,323000,-248000,0,0,0,0,0,0,-13000,0,13000,-13000,0,0,0,-261000
055373,聯詠元大97購03  ,0,0,0,0,0,0,0,0,0,-262000,0,0,0,50000,312000,-262000,-262000
059401,牧德元富99購01  ,0,0,0,0,0,0,0,0,0,-262000,0,0,0,387000,649000,-262000,-262000
05634P,玉晶光台新97售01,0,0,0,0,0,0,0,0,0,-265000,0,0,0,160000,425000,-265000,-265000
054158,國巨日盛99購01  ,0,0,0,0,0,0,0,0,0,-265000,0,0,0,0,265000,-265000,-265000
05266P,華新科元大95售11,0,0,0,0,0,0,0,0,0,-267000,0,0,0,0,267000,-267000,-267000
059525,上銀凱基99購08  ,0,0,0,0,0,0,0,0,0,-267000,0,0,0,0,267000,-267000,-267000
059293,宏達電元富9B購01,0,0,0,0,0,0,0,0,0,-269000,0,0,0,221000,490000,-269000,-269000
2228,劍麟            ,77000,347000,-270000,0,0,0,0,0,0,0,0,0,0,0,0,0,-270000
055637,亞德客元富97購01,0,0,0,0,0,0,0,0,0,-272000,0,0,0,179000,451000,-272000,-272000
2354,鴻準            ,1381000,1630668,-249668,0,0,0,0,0,0,-24000,4000,28000,-24000,0,0,0,-273668
055512,聯詠兆豐97購01  ,0,0,0,0,0,0,0,0,0,-274000,0,0,0,179000,453000,-274000,-274000
056693,國產群益98購01  ,0,0,0,0,0,0,0,0,0,-274000,0,0,0,0,274000,-274000,-274000
055196,致新元富97購01  ,0,0,0,0,0,0,0,0,0,-276000,0,0,0,47000,323000,-276000,-276000
055344,國巨凱基97購04  ,0,0,0,0,0,0,0,0,0,-276000,0,0,0,0,276000,-276000,-276000
04955P,大立光日盛94售02,0,0,0,0,0,0,0,0,0,-276000,0,0,0,70000,346000,-276000,-276000
05440P,緯穎國票96售02  ,0,0,0,0,0,0,0,0,0,-278000,0,0,0,85000,363000,-278000,-278000
05256P,義隆凱基95售02  ,0,0,0,0,0,0,0,0,0,-279000,0,0,0,0,279000,-279000,-279000
8150,南茂            ,2856000,3197250,-341250,0,0,0,0,0,0,62000,60000,38000,22000,83000,43000,40000,-279250
055562,欣興凱基97購06  ,0,0,0,0,0,0,0,0,0,-281000,0,0,0,51000,332000,-281000,-281000
2316,楠梓電          ,509000,792000,-283000,0,0,0,0,0,0,1000,0,4000,-4000,6000,1000,5000,-282000
058014,上銀凱基99購02  ,0,0,0,0,0,0,0,0,0,-283000,0,0,0,15000,298000,-283000,-283000
2034,允強            ,93000,142000,-49000,0,0,0,0,0,0,-234000,0,234000,-234000,0,0,0,-283000
05546P,全新元大97售01  ,0,0,0,0,0,0,0,0,0,-284000,0,0,0,1000,285000,-284000,-284000
04810P,亞德客元大94售01,0,0,0,0,0,0,0,0,0,-284000,0,0,0,0,284000,-284000,-284000
07312P,台灣50元大99售10,0,0,0,0,0,0,0,0,0,-284000,0,0,0,0,284000,-284000,-284000
1312,國喬            ,1088000,1362980,-274980,0,0,0,0,0,0,-11000,7000,25000,-18000,10000,3000,7000,-285980
07309P,聯發科凱基99售18,0,0,0,0,0,0,0,0,0,-286000,0,0,0,0,286000,-286000,-286000
07291P,臺股指凱基99售43,0,0,0,0,0,0,0,0,0,-288000,0,0,0,6000,294000,-288000,-288000
049406,T50反1日盛97購01,0,0,0,0,0,0,0,0,0,-289000,0,0,0,241000,530000,-289000,-289000
059468,智邦元大99購02  ,0,0,0,0,0,0,0,0,0,-293000,0,0,0,57000,350000,-293000,-293000
05359P,嘉澤元大95售02  ,0,0,0,0,0,0,0,0,0,-293000,0,0,0,25000,318000,-293000,-293000
03436B,臺股指元富99熊13,0,0,0,0,0,0,0,0,0,-293000,0,0,0,38000,331000,-293000,-293000
056379,玉晶光元富98購01,0,0,0,0,0,0,0,0,0,-294000,0,0,0,296000,590000,-294000,-294000
9921,巨大            ,406000,662000,-256000,0,0,0,0,36000,-36000,-2000,0,2000,-2000,0,0,0,-294000
059689,南亞科永豐99購02,0,0,0,0,0,0,0,0,0,-296000,0,0,0,0,296000,-296000,-296000
1707,葡萄王          ,374000,871000,-497000,0,0,0,230000,15000,215000,-17000,1000,18000,-17000,0,0,0,-299000
04381P,世紀鋼元大94售01,0,0,0,0,0,0,0,0,0,-300000,0,0,0,0,300000,-300000,-300000
04947P,聯詠元大94售05  ,0,0,0,0,0,0,0,0,0,-300000,0,0,0,0,300000,-300000,-300000
051362,台郡元大95購04  ,0,0,0,0,0,0,0,0,0,-300000,0,0,0,0,300000,-300000,-300000
04637P,臺股指群益94售12,0,0,0,0,0,0,0,0,0,-301000,0,0,0,0,301000,-301000,-301000
00714,群益道瓊美國地產,0,0,0,0,0,0,0,0,0,-301000,0,0,0,40000,341000,-301000,-301000
047673,瑞昱元富96購01  ,0,0,0,0,0,0,0,0,0,-302000,0,0,0,40000,342000,-302000,-302000
2340,光磊            ,328000,614000,-286000,0,0,0,0,0,0,-16400,25000,48000,-23000,22000,15400,6600,-302400
059250,大立光凱基99購06,0,0,0,0,0,0,0,0,0,-304000,0,0,0,6000,310000,-304000,-304000
06067P,華新科康和97售01,0,0,0,0,0,0,0,0,0,-306000,0,0,0,0,306000,-306000,-306000
04786P,鴻海永昌96售01  ,0,0,0,0,0,0,0,0,0,-308000,0,0,0,0,308000,-308000,-308000
055702,美律富邦98購01  ,0,0,0,0,0,0,0,0,0,-308000,0,0,0,3000,311000,-308000,-308000
058134,信邦元大99購01  ,0,0,0,0,0,0,0,0,0,-309000,0,0,0,0,309000,-309000,-309000
059375,道瓊反群益9C購02,0,0,0,0,0,0,0,0,0,-310000,0,0,0,0,310000,-310000,-310000
07131P,緯穎元大99售06  ,0,0,0,0,0,0,0,0,0,-312000,0,0,0,19000,331000,-312000,-312000
07163P,臺股指群益99售14,0,0,0,0,0,0,0,0,0,-314000,0,0,0,332000,646000,-314000,-314000
058946,SGBR2X群益9B購01,0,0,0,0,0,0,0,0,0,-325000,0,0,0,0,325000,-325000,-325000
049820,世紀鋼元大96購03,0,0,0,0,0,0,0,0,0,-326000,0,0,0,120000,446000,-326000,-326000
03677C,臺股指元大05牛02,0,0,0,0,0,0,0,0,0,-328000,0,0,0,0,328000,-328000,-328000
058659,力成中信99購01  ,0,0,0,0,0,0,0,0,0,-330000,0,0,0,285000,615000,-330000,-330000
053785,聯詠元大96購05  ,0,0,0,0,0,0,0,0,0,-330000,0,0,0,0,330000,-330000,-330000
059656,T50反1元大99購11,0,0,0,0,0,0,0,0,0,-332000,0,0,0,0,332000,-332000,-332000
2881A,富邦特          ,27000,4000,23000,0,0,0,0,100000,-100000,-256000,0,256000,-256000,0,0,0,-333000
2392,正崴            ,451000,755485,-304485,0,0,0,0,0,0,-29000,12000,31000,-19000,9000,19000,-10000,-333485
058759,義隆群益99購01  ,0,0,0,0,0,0,0,0,0,-334000,0,0,0,0,334000,-334000,-334000
056092,亞德客元富97購02,0,0,0,0,0,0,0,0,0,-334000,0,0,0,14000,348000,-334000,-334000
053900,T50反1日盛99購01,0,0,0,0,0,0,0,0,0,-336000,0,0,0,56000,392000,-336000,-336000
6416,瑞祺電通        ,538000,348000,190000,0,0,0,0,600000,-600000,71000,88000,17000,71000,0,0,0,-339000
058401,華航元大9A購01  ,0,0,0,0,0,0,0,0,0,-342000,0,0,0,0,342000,-342000,-342000
06641P,智邦兆豐99售01  ,0,20000,-20000,0,0,0,0,0,0,-323000,0,0,0,0,323000,-323000,-343000
058793,鴻海元大99購19  ,0,0,0,0,0,0,0,0,0,-343000,0,0,0,10000,353000,-343000,-343000
051053,台光電群益95購01,0,0,0,0,0,0,0,0,0,-343000,0,0,0,0,343000,-343000,-343000
2535,達欣工          ,418000,570000,-152000,0,0,0,0,0,0,-191000,250000,441000,-191000,0,0,0,-343000
05994P,奇鋐元大96售02  ,0,0,0,0,0,0,0,0,0,-344000,0,0,0,10000,354000,-344000,-344000
1514,亞力            ,62000,408000,-346000,0,0,0,0,0,0,0,0,0,0,0,0,0,-346000
058200,世芯康和99購01  ,0,0,0,0,0,0,0,0,0,-353000,0,0,0,266000,619000,-353000,-353000
07108P,FBVIX台新99售02 ,0,0,0,0,0,0,0,0,0,-353000,0,0,0,175000,528000,-353000,-353000
050170,臺指反元大97購02,0,0,0,0,0,0,0,0,0,-355000,0,0,0,0,355000,-355000,-355000
2395,研華            ,395349,750727,-355378,0,0,0,0,2000,-2000,-1000,0,1000,-1000,0,0,0,-358378
06337P,祥碩元大97售05  ,0,0,0,0,0,0,0,0,0,-360000,0,0,0,366000,726000,-360000,-360000
052681,T50反1元大98購02,0,0,0,0,0,0,0,0,0,-366000,0,0,0,0,366000,-366000,-366000
051721,玉晶光永豐96購02,0,0,0,0,0,0,0,0,0,-368000,0,0,0,220000,588000,-368000,-368000
5269,祥碩            ,93241,402321,-309080,0,0,0,61000,98000,-37000,-26000,2000,26000,-24000,3000,5000,-2000,-372080
3062,建漢            ,287000,641000,-354000,0,0,0,0,0,0,-20000,0,20000,-20000,0,0,0,-374000
3042,晶技            ,1368129,1792129,-424000,0,0,0,507000,640000,-133000,179000,173000,33000,140000,44000,5000,39000,-378000
059571,奇力新凱基99購06,0,0,0,0,0,0,0,0,0,-379000,0,0,0,12000,391000,-379000,-379000
052269,T50反1日盛9B購01,0,0,0,0,0,0,0,0,0,-384000,0,0,0,66000,450000,-384000,-384000
06454P,緯穎元大98售04  ,0,0,0,0,0,0,0,0,0,-391000,0,0,0,0,391000,-391000,-391000
3003,健和興          ,400000,588000,-188000,0,0,0,0,200000,-200000,-3000,0,3000,-3000,0,0,0,-391000
04894P,世紀鋼元大94售02,0,0,0,0,0,0,0,0,0,-392000,0,0,0,12000,404000,-392000,-392000
05564P,玉晶光元大97售02,0,5000,-5000,0,0,0,0,0,0,-390000,0,0,0,84000,474000,-390000,-395000
6196,帆宣            ,197000,588000,-391000,0,0,0,0,0,0,-6000,0,0,0,2000,8000,-6000,-397000
054180,亞泥康和96購01  ,0,0,0,0,0,0,0,0,0,-400000,0,0,0,111000,511000,-400000,-400000
058245,訊連元大99購01  ,0,0,0,0,0,0,0,0,0,-404000,0,0,0,8000,412000,-404000,-404000
053154,聯詠元大96購01  ,0,0,0,0,0,0,0,0,0,-410000,0,0,0,5000,415000,-410000,-410000
058203,信邦凱基99購01  ,0,0,0,0,0,0,0,0,0,-411000,0,0,0,49000,460000,-411000,-411000
06879P,長榮航凱基98售02,0,0,0,0,0,0,0,0,0,-412000,0,0,0,0,412000,-412000,-412000
5007,三星            ,42000,460000,-418000,0,0,0,0,0,0,0,0,0,0,0,0,0,-418000
2049,上銀            ,1071120,1469570,-398450,0,0,0,55000,84000,-29000,5000,52000,102000,-50000,59000,4000,55000,-422450
2376,技嘉            ,1034000,1968000,-934000,0,0,0,745000,200000,545000,-34000,2000,32000,-30000,30000,34000,-4000,-423000
2455,全新            ,525000,898100,-373100,0,0,0,0,0,0,-50000,28000,89000,-61000,12000,1000,11000,-423100
9919,康那香          ,785000,1375000,-590000,0,0,0,0,0,0,165000,165000,0,165000,0,0,0,-425000
2634,漢翔            ,613000,1042000,-429000,0,0,0,0,0,0,0,0,0,0,0,0,0,-429000
058857,元油2X日盛99購02,0,0,0,0,0,0,0,0,0,-430000,0,0,0,0,430000,-430000,-430000
07264P,台積電元大99售38,0,0,0,0,0,0,0,0,0,-431000,0,0,0,0,431000,-431000,-431000
8016,矽創            ,207000,743379,-536379,0,0,0,100000,11000,89000,15000,6000,0,6000,11000,2000,9000,-432379
05446P,緯穎元大95售04  ,0,0,0,0,0,0,0,0,0,-433000,0,0,0,0,433000,-433000,-433000
04316P,華新科國票94售05,0,0,0,0,0,0,0,0,0,-433000,0,0,0,30000,463000,-433000,-433000
056757,T50反1元大98購07,0,0,0,0,0,0,0,0,0,-434000,0,0,0,3000,437000,-434000,-434000
05194P,玉晶光康和95售01,0,0,0,0,0,0,0,0,0,-435000,0,0,0,115000,550000,-435000,-435000
05192P,玉晶光台新96售02,0,0,0,0,0,0,0,0,0,-435000,0,0,0,19000,454000,-435000,-435000
1714,和桐            ,1154000,1587000,-433000,0,0,0,0,0,0,-2000,0,2000,-2000,0,0,0,-435000
2314,台揚            ,295000,609000,-314000,0,0,0,0,0,0,-121671,0,117671,-117671,0,4000,-4000,-435671
059308,T50反1元大99購07,0,0,0,0,0,0,0,0,0,-436000,0,0,0,0,436000,-436000,-436000
056418,台光電元富98購01,0,0,0,0,0,0,0,0,0,-437000,0,0,0,75000,512000,-437000,-437000
006208,富邦台50        ,9000,7000,2000,0,0,0,0,0,0,-439000,0,0,0,615000,1054000,-439000,-437000
0056,元大高股息      ,131250,120000,11250,0,0,0,250000,0,250000,-701000,200000,0,200000,5491000,6392000,-901000,-439750
057822,牧德元大9A購01  ,0,0,0,0,0,0,0,0,0,-443000,0,0,0,0,443000,-443000,-443000
07263P,台積電元大99售37,0,0,0,0,0,0,0,0,0,-444000,0,0,0,0,444000,-444000,-444000
03657C,T50反1元大99牛01,0,0,0,0,0,0,0,0,0,-448000,0,0,0,23000,471000,-448000,-448000
04776P,聯發科凱基94售06,0,0,0,0,0,0,0,0,0,-448000,0,0,0,52000,500000,-448000,-448000
07293P,臺股指凱基99售45,0,0,0,0,0,0,0,0,0,-449000,0,0,0,39000,488000,-449000,-449000
050135,禾伸堂兆豐95購01,0,0,0,0,0,0,0,0,0,-450000,0,0,0,0,450000,-450000,-450000
8039,台虹            ,507000,1000000,-493000,0,0,0,0,0,0,43000,20000,15000,5000,56000,18000,38000,-450000
054109,南亞科凱基96購05,0,0,0,0,0,0,0,0,0,-454000,0,0,0,5000,459000,-454000,-454000
00636,國泰中國A50     ,130000,166000,-36000,0,0,0,0,0,0,-419000,40000,40000,0,254000,673000,-419000,-455000
2451,創見            ,326000,748000,-422000,0,0,0,0,50000,-50000,16000,6000,12000,-6000,22000,0,22000,-456000
5434,崇越            ,188000,563760,-375760,0,0,0,0,0,0,-86000,1000,88000,-87000,1000,0,1000,-461760
6271,同欣電          ,465000,1413000,-948000,0,0,0,652000,131000,521000,-38000,1000,59000,-58000,20000,0,20000,-465000
3019,亞光            ,445000,817000,-372000,0,0,0,0,0,0,-94000,23000,123000,-100000,22000,16000,6000,-466000
048633,台達電元大94購02,0,0,0,0,0,0,0,0,0,-469000,0,0,0,14000,483000,-469000,-469000
1439,中和            ,0,471000,-471000,0,0,0,0,0,0,0,0,0,0,0,0,0,-471000
9938,百和            ,1043000,1539000,-496000,0,0,0,0,0,0,24000,22000,6000,16000,11000,3000,8000,-472000
07279P,台灣50台新99售02,0,0,0,0,0,0,0,0,0,-475000,0,0,0,199000,674000,-475000,-475000
059158,S&P正2凱基99購01,0,0,0,0,0,0,0,0,0,-478000,0,0,0,0,478000,-478000,-478000
051644,聯茂康和95購01  ,0,0,0,0,0,0,0,0,0,-479000,0,0,0,0,479000,-479000,-479000
06212P,華新科元大97售11,0,0,0,0,0,0,0,0,0,-481000,0,0,0,0,481000,-481000,-481000
07257P,臺股指凱基99售37,0,0,0,0,0,0,0,0,0,-485000,0,0,0,275000,760000,-485000,-485000
05321P,鴻海凱基95售17  ,0,0,0,0,0,0,0,0,0,-490000,0,0,0,0,490000,-490000,-490000
3533,嘉澤            ,111000,933185,-822185,0,0,0,375000,0,375000,-48000,56000,104000,-48000,4000,4000,0,-495185
048987,崇越元大94購01  ,0,0,0,0,0,0,0,0,0,-502000,0,0,0,0,502000,-502000,-502000
06983P,台積電國泰9A售02,1000,0,1000,0,0,0,0,0,0,-505000,0,0,0,19000,524000,-505000,-504000
1227,佳格            ,586000,1073707,-487707,0,0,0,0,0,0,-18000,6000,24000,-18000,0,0,0,-505707
2542,興富發          ,1482720,1921000,-438280,0,0,0,0,0,0,-69000,9000,78000,-69000,0,0,0,-507280
2355,敬鵬            ,687000,1204000,-517000,0,0,0,0,0,0,8000,12000,5000,7000,18000,17000,1000,-509000
00701,國泰股利精選30  ,1000,119000,-118000,0,0,0,0,0,0,-395000,0,0,0,512000,907000,-395000,-513000
8210,勤誠            ,235000,867697,-632697,0,0,0,100000,0,100000,13000,0,3000,-3000,27000,11000,16000,-519697
3376,新日興          ,1534000,2465000,-931000,0,0,0,341000,0,341000,69000,64000,16000,48000,24000,3000,21000,-521000
058570,臻鼎凱基9A購01  ,0,0,0,0,0,0,0,0,0,-522000,0,0,0,137000,659000,-522000,-522000
9945,潤泰新          ,1053076,1507744,-454668,0,0,0,0,0,0,-68000,28000,52000,-24000,0,44000,-44000,-522668
6412,群電            ,181000,783000,-602000,0,0,0,75000,0,75000,0,0,0,0,0,0,0,-527000
04476P,玉晶光元大94售05,0,0,0,0,0,0,0,0,0,-530000,0,0,0,0,530000,-530000,-530000
6176,瑞儀            ,707000,1379599,-672599,0,0,0,25000,0,25000,114000,137000,39000,98000,23000,7000,16000,-533599
2421,建準            ,1133000,1660000,-527000,0,0,0,0,0,0,-7000,0,6000,-6000,0,1000,-1000,-534000
1806,冠軍            ,5000,543000,-538000,0,0,0,0,0,0,-2000,0,2000,-2000,0,0,0,-540000
05642P,玉晶光兆豐97售02,0,0,0,0,0,0,0,0,0,-544000,0,0,0,203000,747000,-544000,-544000
8996,高力            ,647000,1321000,-674000,0,0,0,0,0,0,130000,130000,0,130000,0,0,0,-544000
05232P,緯穎群益95售01  ,0,0,0,0,0,0,0,0,0,-548000,0,0,0,0,548000,-548000,-548000
2474,可成            ,2918653,3307629,-388976,0,0,0,15000,152000,-137000,-25000,7000,48000,-41000,40000,24000,16000,-550976
6531,愛普            ,290000,856000,-566000,0,0,0,0,0,0,13000,13000,0,13000,0,0,0,-553000
2456,奇力新          ,989000,1480657,-491657,0,0,0,88000,100000,-12000,-56000,0,85000,-85000,30000,1000,29000,-559657
046942,友達元大99購01  ,0,0,0,0,0,0,0,0,0,-560000,0,0,0,20000,580000,-560000,-560000
03033P,微星國票03售01  ,0,0,0,0,0,0,0,0,0,-560000,0,0,0,0,560000,-560000,-560000
2327,國巨            ,2139239,2634873,-495634,0,0,0,41000,120000,-79000,6000,74000,78000,-4000,106000,96000,10000,-568634
3034,聯詠            ,2260577,2874946,-614369,0,0,0,44000,31000,13000,29000,25000,13000,12000,25000,8000,17000,-572369
3189,景碩            ,563000,1410000,-847000,0,0,0,331000,0,331000,-62000,89000,139000,-50000,4000,16000,-12000,-578000
00652,富邦印度        ,3000,0,3000,0,0,0,0,0,0,-588000,0,0,0,0,588000,-588000,-585000
059103,旭富元富99購03  ,15000,0,15000,0,0,0,0,0,0,-610000,0,0,0,0,610000,-610000,-595000
059148,百和國票9A購01  ,0,0,0,0,0,0,0,0,0,-595000,0,0,0,63000,658000,-595000,-595000
4142,國光生          ,1046000,1650000,-604000,0,0,0,0,0,0,0,0,0,0,0,0,0,-604000
052738,聯電元大98購02  ,0,0,0,0,0,0,0,0,0,-607000,0,0,0,104000,711000,-607000,-607000
4919,新唐            ,219000,843600,-624600,0,0,0,0,0,0,13000,0,9000,-9000,22000,0,22000,-611600
06766P,玉晶光元大99售10,0,0,0,0,0,0,0,0,0,-612000,0,0,0,16000,628000,-612000,-612000
8926,台汽電          ,133000,722000,-589000,0,0,0,0,0,0,-25000,0,25000,-25000,0,0,0,-614000
057731,華擎國泰9A購02  ,0,0,0,0,0,0,0,0,0,-618000,0,0,0,0,618000,-618000,-618000
3532,台勝科          ,445000,654000,-209000,0,0,0,0,423000,-423000,13000,0,8000,-8000,21000,0,21000,-619000
2014,中鴻            ,1059000,1646733,-587733,0,0,0,0,0,0,-36000,0,36000,-36000,0,0,0,-623733
00674R,元大S&P黃金反1  ,0,0,0,0,0,0,0,0,0,-628000,0,0,0,99000,727000,-628000,-628000
2015,豐興            ,636514,1201000,-564486,0,0,0,0,0,0,-85000,0,85000,-85000,0,0,0,-649486
2383,台光電          ,1069030,1951060,-882030,0,0,0,225000,0,225000,-1000,16000,43000,-27000,35000,9000,26000,-658030
059259,FBVIX中信03購06 ,0,0,0,0,0,0,0,0,0,-662000,0,0,0,335000,997000,-662000,-662000
4927,泰鼎-KY         ,1249000,813000,436000,0,0,0,83000,1243000,-1160000,53000,62000,0,62000,8000,17000,-9000,-671000
5876,上海商銀        ,3222327,3392136,-169809,0,0,0,1000,0,1000,-506000,10000,511000,-501000,5000,10000,-5000,-674809
3563,牧德            ,134000,729000,-595000,0,0,0,0,100000,-100000,7000,0,0,0,13000,6000,7000,-688000
03431B,元油2X凱基9B熊03,0,0,0,0,0,0,0,0,0,-690000,0,0,0,0,690000,-690000,-690000
053381,友達元大9A購02  ,0,0,0,0,0,0,0,0,0,-690000,0,0,0,50000,740000,-690000,-690000
058514,潤泰全元大99購01,0,0,0,0,0,0,0,0,0,-691000,0,0,0,241000,932000,-691000,-691000
07233P,台灣50元大99售04,0,0,0,0,0,0,0,0,0,-701000,0,0,0,6000,707000,-701000,-701000
3413,京鼎            ,504000,1220000,-716000,0,0,0,0,0,0,6000,0,11000,-11000,17000,0,17000,-710000
07284P,大立光凱基99售10,0,0,0,0,0,0,0,0,0,-711000,0,0,0,0,711000,-711000,-711000
6282,康舒            ,264000,988000,-724000,0,0,0,0,0,0,-3000,0,25000,-25000,28000,6000,22000,-727000
2377,微星            ,946091,2421000,-1474909,0,0,0,1111000,284000,827000,-90000,8000,137000,-129000,39000,0,39000,-737909
4938,和碩            ,2788222,4476111,-1687889,0,0,0,1000000,0,1000000,-52000,30000,55000,-25000,28000,55000,-27000,-739889
056863,義隆群益98購01  ,0,0,0,0,0,0,0,0,0,-744000,0,0,0,0,744000,-744000,-744000
8112,至上            ,1081000,1713000,-632000,0,0,0,0,0,0,-121000,0,121000,-121000,0,0,0,-753000
2345,智邦            ,2610094,3857290,-1247196,0,0,0,355000,0,355000,136000,73000,3000,70000,132000,66000,66000,-756196
059081,和大元大99購01  ,0,0,0,0,0,0,0,0,0,-770000,0,0,0,423000,1193000,-770000,-770000
058113,百和元富98購01  ,0,0,0,0,0,0,0,0,0,-770000,0,0,0,0,770000,-770000,-770000
1301,台塑            ,3906733,5219847,-1313114,0,0,0,662000,0,662000,-134000,18000,152000,-134000,11000,11000,0,-785114
2107,厚生            ,84000,873000,-789000,0,0,0,0,0,0,0,0,0,0,0,0,0,-789000
00662,富邦NASDAQ      ,19000,9000,10000,0,0,0,0,0,0,-803000,0,0,0,136000,939000,-803000,-793000
9933,中鼎            ,1113000,1748000,-635000,0,0,0,0,0,0,-167000,0,167000,-167000,0,0,0,-802000
07315P,台積電台新99售06,0,0,0,0,0,0,0,0,0,-809000,0,0,0,0,809000,-809000,-809000
059559,T50反1凱基99購07,0,0,0,0,0,0,0,0,0,-823000,0,0,0,2000,825000,-823000,-823000
057457,華邦電富邦98購01,0,0,0,0,0,0,0,0,0,-824000,0,0,0,0,824000,-824000,-824000
059397,T50反1元富99購05,0,0,0,0,0,0,0,0,0,-828000,0,0,0,469000,1297000,-828000,-828000
2480,敦陽科          ,58000,821811,-763811,0,0,0,0,0,0,-75000,39000,114000,-75000,0,0,0,-838811
059253,康控凱基9B購02  ,0,0,0,0,0,0,0,0,0,-848000,0,0,0,60000,908000,-848000,-848000
059395,T50反1元富99購03,0,0,0,0,0,0,0,0,0,-870000,0,0,0,311000,1181000,-870000,-870000
2458,義隆            ,1357000,4143000,-2786000,0,0,0,1842000,0,1842000,53000,37000,10000,27000,42000,16000,26000,-891000
07026P,超眾凱基99售03  ,0,0,0,0,0,0,0,0,0,-896000,0,0,0,0,896000,-896000,-896000
1504,東元            ,3529000,4486000,-957000,0,0,0,61000,0,61000,-29000,53000,80000,-27000,0,2000,-2000,-925000
2342,茂矽            ,491000,1437000,-946000,0,0,0,0,0,0,0,0,0,0,0,0,0,-946000
6239,力成            ,2676000,3664031,-988031,0,0,0,85000,0,85000,-55000,38000,133000,-95000,40000,0,40000,-958031
07255P,國巨凱基99售15  ,0,0,0,0,0,0,0,0,0,-969000,0,0,0,77000,1046000,-969000,-969000
00670L,富邦NASDAQ正2   ,218000,219000,-1000,0,0,0,0,0,0,-969000,0,0,0,2794000,3763000,-969000,-970000
00641R,富邦日本反1     ,39000,406000,-367000,0,0,0,0,0,0,-616000,0,0,0,507000,1123000,-616000,-983000
00850,元大臺灣ESG永續 ,4000,2000,2000,0,0,0,0,0,0,-993000,0,0,0,871000,1864000,-993000,-991000
054968,佐登元大97購01  ,0,0,0,0,0,0,0,0,0,-1002000,0,0,0,0,1002000,-1002000,-1002000
2801,彰銀            ,4765477,5752704,-987227,0,0,0,0,0,0,-16000,4000,45000,-41000,36000,11000,25000,-1003227
6269,台郡            ,781000,1982000,-1201000,0,0,0,407000,342000,65000,117000,134000,35000,99000,35000,17000,18000,-1019000
00693U,街口S&P黃豆     ,0,0,0,0,0,0,0,0,0,-1021000,0,0,0,140000,1161000,-1021000,-1021000
2454,聯發科          ,10064037,10698350,-634313,0,0,0,77000,82000,-5000,-391000,64000,290000,-226000,129000,294000,-165000,-1030313
2382,廣達            ,4315045,4944747,-629702,0,0,0,13000,0,13000,-414000,10000,479000,-469000,68000,13000,55000,-1030702
07208P,台積電凱基99售14,0,0,0,0,0,0,0,0,0,-1035000,0,0,0,52000,1087000,-1035000,-1035000
00738U,元大道瓊白銀    ,164000,104000,60000,0,0,0,0,0,0,-1100000,0,0,0,1197000,2297000,-1100000,-1040000
03253P,台灣50國泰03售02,0,0,0,0,0,0,0,0,0,-1041000,0,0,0,11000,1052000,-1041000,-1041000
2301,光寶科          ,4860553,5733622,-873069,0,0,0,1000,4000,-3000,-177000,58000,265000,-207000,33000,3000,30000,-1053069
2387,精元            ,769000,1889000,-1120000,0,0,0,0,0,0,4000,0,0,0,7000,3000,4000,-1116000
2103,台橡            ,862000,1972000,-1110000,0,0,0,0,0,0,-13000,0,13000,-13000,0,0,0,-1123000
2385,群光            ,1772225,2853589,-1081364,0,0,0,0,42000,-42000,-8000,0,36000,-36000,28000,0,28000,-1131364
00647L,元大S&P500正2   ,138000,138000,0,0,0,0,0,0,0,-1143000,0,0,0,2222000,3365000,-1143000,-1143000
2912,統一超          ,1380618,2586388,-1205770,0,0,0,44000,0,44000,-6000,0,4000,-4000,0,2000,-2000,-1167770
057475,聯電元大9A購01  ,0,0,0,0,0,0,0,0,0,-1171000,0,0,0,195000,1366000,-1171000,-1171000
2883,開發金          ,19656687,20656021,-999334,0,0,0,1000,0,1000,-177000,0,264000,-264000,87000,0,87000,-1175334
03438B,臺股指元大96熊27,0,0,0,0,0,0,0,0,0,-1234000,0,0,0,182000,1416000,-1234000,-1234000
2357,華碩            ,1975705,3206041,-1230336,0,0,0,14000,0,14000,-39000,8000,55000,-47000,8000,0,8000,-1255336
06025P,臺股指元大99售02,0,0,0,0,0,0,0,0,0,-1281000,0,0,0,808000,2089000,-1281000,-1281000
00646,元大S&P500      ,457000,188000,269000,0,0,0,0,0,0,-1589000,33000,0,33000,292000,1914000,-1622000,-1320000
059307,T50反1元大99購06,0,0,0,0,0,0,0,0,0,-1333000,0,0,0,11000,1344000,-1333000,-1333000
2492,華新科          ,1193000,2627513,-1434513,0,0,0,36000,0,36000,29000,52000,43000,9000,182000,162000,20000,-1369513
4958,臻鼎-KY         ,2165000,4316130,-2151130,0,0,0,994000,0,994000,-226000,6000,236000,-230000,13000,9000,4000,-1383130
2845,遠東銀          ,794000,2170067,-1376067,0,0,0,0,0,0,-31000,0,31000,-31000,0,0,0,-1407067
00861,元大全球未來通訊,165000,282000,-117000,0,0,0,0,0,0,-1328000,410000,0,410000,856000,2594000,-1738000,-1445000
053276,友達元大9C購01  ,0,0,0,0,0,0,0,0,0,-1448000,0,0,0,235000,1683000,-1448000,-1448000
8213,志超            ,826000,2315000,-1489000,0,0,0,0,0,0,4000,4000,2000,2000,13000,11000,2000,-1485000
038489,T50反1台新9A購01,0,0,0,0,0,0,0,0,0,-1611000,0,0,0,0,1611000,-1611000,-1611000
2633,台灣高鐵        ,1374000,2922943,-1548943,0,0,0,72000,100000,-28000,-53000,40000,105000,-65000,13000,1000,12000,-1629943
5871,中租-KY         ,3859551,5824076,-1964525,0,0,0,358000,0,358000,-26000,3000,3000,0,2000,28000,-26000,-1632525
2337,旺宏            ,696000,3613415,-2917415,0,0,0,992000,99000,893000,375000,24000,72000,-48000,475000,52000,423000,-1649415
00648R,元大S&P500反1   ,8000,8000,0,0,0,0,0,321000,-321000,-1341000,0,0,0,2771000,4112000,-1341000,-1662000
3005,神基            ,326000,1962000,-1636000,0,0,0,0,70000,-70000,42000,0,0,0,42000,0,42000,-1664000
00642U,元大S&P石油     ,90000,435000,-345000,0,0,0,0,0,0,-1369000,410000,0,410000,3185000,4964000,-1779000,-1714000
059560,T50反1凱基99購08,0,0,0,0,0,0,0,0,0,-1785000,0,0,0,115000,1900000,-1785000,-1785000
2308,台達電          ,4005912,5603920,-1598008,0,0,0,0,20000,-20000,-174000,28000,216000,-188000,31000,17000,14000,-1792008
07100P,華航元大99售01  ,0,0,0,0,0,0,0,0,0,-1836000,0,0,0,237000,2073000,-1836000,-1836000
2809,京城銀          ,608000,2594000,-1986000,0,0,0,0,0,0,-2000,0,2000,-2000,0,0,0,-1988000
00717,富邦美國特別股  ,0,889000,-889000,0,0,0,0,0,0,-1123429,0,0,0,576000,1699429,-1123429,-2012429
0050,元大台灣50      ,3798100,6713000,-2914900,0,0,0,359000,30000,329000,521000,301000,339000,-38000,6239000,5680000,559000,-2064900
1101,台泥            ,5476058,7237737,-1761679,0,0,0,43000,0,43000,-477000,11000,441000,-430000,50000,97000,-47000,-2195679
00712,FH富時不動產    ,200,1653000,-1652800,0,0,0,0,0,0,-620000,0,0,0,72000,692000,-620000,-2272800
3711,日月光投控      ,4296456,8014293,-3717837,0,0,0,1214000,0,1214000,69000,70000,12000,58000,26000,15000,11000,-2434837
1102,亞泥            ,3158110,5548620,-2390510,0,0,0,100000,0,100000,-168000,22000,228000,-206000,53000,15000,38000,-2458510
4746,台耀            ,592915,2224860,-1631945,0,0,0,0,800000,-800000,-73000,7000,80000,-73000,0,0,0,-2504945
2408,南亞科          ,7177033,7760098,-583065,0,0,0,45000,1869000,-1824000,-102000,128000,283000,-155000,92000,39000,53000,-2509065
2823,中壽            ,3729850,6118755,-2388905,0,0,0,0,0,0,-199000,0,195000,-195000,8000,12000,-4000,-2587905
00677U,富邦VIX         ,28350000,74192000,-45842000,0,0,0,0,0,0,43093000,10125000,13404000,-3279000,72608000,26236000,46372000,-2749000
2344,華邦電          ,6498000,9616000,-3118000,0,0,0,0,0,0,331000,181000,313000,-132000,483000,20000,463000,-2787000
00664R,國泰臺灣加權反1 ,0,0,0,0,0,0,0,0,0,-2829000,540000,0,540000,2385000,5754000,-3369000,-2829000
2834,臺企銀          ,10641000,13137309,-2496309,0,0,0,0,0,0,-389000,6000,387000,-381000,0,8000,-8000,-2885309
2367,燿華            ,1658000,4587480,-2929480,0,0,0,0,0,0,-9000,0,37000,-37000,30000,2000,28000,-2938480
3231,緯創            ,73000,2954489,-2881489,0,0,0,0,0,0,-499000,0,499000,-499000,0,0,0,-3380489
3706,神達            ,1666000,5500000,-3834000,0,0,0,273000,160000,113000,162000,150000,25000,125000,40000,3000,37000,-3559000
2880,華南金          ,6456891,9952677,-3495786,0,0,0,1000,0,1000,-169000,1000,162000,-161000,0,8000,-8000,-3663786
9904,寶成            ,2572000,6452558,-3880558,0,0,0,160000,0,160000,-58000,84000,134000,-50000,0,8000,-8000,-3778558
00676R,富邦臺灣加權反1 ,0,0,0,0,0,0,0,0,0,-3813000,0,0,0,2168000,5981000,-3813000,-3813000
00653L,富邦印度正2     ,0,929000,-929000,0,0,0,0,0,0,-3011000,0,0,0,17000,3028000,-3011000,-3940000
1216,統一            ,3869831,7902817,-4032986,0,0,0,8000,504000,-496000,-323000,59000,388000,-329000,6000,0,6000,-4851986
2892,第一金          ,10306940,14507488,-4200548,0,0,0,1000,0,1000,-741000,2000,727000,-725000,2000,18000,-16000,-4940548
1909,榮成            ,2066000,2989000,-923000,0,0,0,0,3925000,-3925000,-94000,42000,144000,-102000,18000,10000,8000,-4942000
5880,合庫金          ,9898038,14978831,-5080793,0,0,0,1000,0,1000,-157000,1000,160000,-159000,2000,0,2000,-5236793
2449,京元電子        ,2153000,8703450,-6550450,0,0,0,450000,0,450000,188000,263000,106000,157000,139000,108000,31000,-5912450
2886,兆豐金          ,8558872,11158883,-2600011,0,0,0,1000,0,1000,-3612000,0,3639000,-3639000,53000,26000,27000,-6211011
00669R,國泰美國道瓊反1 ,276000,50000,226000,0,0,0,0,0,0,-6844000,0,0,0,4022000,10866000,-6844000,-6618000
00672L,元大S&P原油正2  ,19000,64000,-45000,0,0,0,0,0,0,-7758000,0,0,0,23000,7781000,-7758000,-7803000
2885,元大金          ,13278138,22243922,-8965784,0,0,0,1000,0,1000,-839000,0,806000,-806000,8000,41000,-33000,-9803784
2884,玉山金          ,24123452,32432811,-8309359,0,0,0,1000,0,1000,-1706000,0,168000,-168000,464000,2002000,-1538000,-10014359
2891,中信金          ,29656517,42405642,-12749125,0,0,0,586000,0,586000,-460000,0,436000,-436000,0,24000,-24000,-12623125
2409,友達            ,31136000,51311500,-20175500,0,0,0,1000,884000,-883000,264000,0,22000,-22000,471000,185000,286000,-20794500
2303,聯電            ,112405047,153237728,-40832681,0,0,0,107000,0,107000,-762000,30000,726000,-696000,168000,234000,-66000,-41487681
00715L,街口布蘭特油正2 ,498000,900000,-402000,0,0,0,0,0,0,-63521000,0,0,0,6927000,70448000,-63521000,-63923000
00632R,元大台灣50反1   ,3460000,21058000,-17598000,0,0,0,0,443000,-443000,-75737000,6015000,3500000,2515000,66387000,144639000,-78252000,-93778000
