證券代號,證券名稱,外陸資買進股數(不含外資自營商),外陸資賣出股數(不含外資自營商),外陸資買賣超股數(不含外資自營商),外資自營商買進股數,外資自營商賣出股數,外資自營商買賣超股數,投信買進股數,投信賣出股數,投信買賣超股數,自營商買賣超股數,自營商買進股數(自行買賣),自營商賣出股數(自行買賣),自營商買賣超股數(自行買賣),自營商買進股數(避險),自營商賣出股數(避險),自營商買賣超股數(避險),三大法人買賣超股數
00632R,元大台灣50反1   ,1249000,5424000,-4175000,0,0,0,0,0,0,32394000,1721000,950000,771000,33493000,1870000,31623000,28219000
00673R,元大S&P原油反1  ,0,10000,-10000,0,0,0,0,0,0,16017000,0,0,0,16134000,117000,16017000,16007000
038111,新光金中信91購01,0,0,0,0,0,0,0,0,0,12028000,0,0,0,12058000,30000,12028000,12028000
2891,中信金          ,22382273,10573449,11808824,0,0,0,0,0,0,-931000,238000,1210000,-972000,45000,4000,41000,10877824
2890,永豐金          ,9195239,3347274,5847965,0,0,0,262000,30000,232000,1353000,1950000,622000,1328000,25000,0,25000,7432965
6239,力成            ,10922924,5217787,5705137,0,0,0,433000,7941,425059,-604000,173000,865000,-692000,234000,146000,88000,5526196
2317,鴻海            ,15659008,8247194,7411814,0,0,0,0,336000,-336000,-2566000,442000,62000,380000,225000,3171000,-2946000,4509814
2504,國產            ,4744000,1432000,3312000,0,0,0,0,0,0,1010000,1200000,190000,1010000,0,0,0,4322000
3231,緯創            ,9044998,2776432,6268566,0,0,0,0,2060000,-2060000,-302000,16000,266000,-250000,431000,483000,-52000,3906566
2448,晶電            ,5426000,825000,4601000,0,0,0,0,823000,-823000,73000,522000,224000,298000,0,225000,-225000,3851000
2882,國泰金          ,7703282,2745423,4957859,0,0,0,0,10225,-10225,-1120000,57000,700000,-643000,43000,520000,-477000,3827634
2458,義隆            ,3033000,1071000,1962000,0,0,0,1272000,0,1272000,566000,169000,147000,22000,687000,143000,544000,3800000
2885,元大金          ,9049868,5672231,3377637,0,0,0,0,17000,-17000,106000,218000,3000,215000,40000,149000,-109000,3466637
6116,彩晶            ,5897000,2852000,3045000,0,0,0,0,0,0,254000,147000,235000,-88000,521000,179000,342000,3299000
4927,泰鼎-KY         ,917000,443000,474000,0,0,0,1596000,0,1596000,782000,270000,10000,260000,544000,22000,522000,2852000
2892,第一金          ,3623389,3344055,279334,0,0,0,0,0,0,2532000,3100000,559000,2541000,25000,34000,-9000,2811334
2313,華通            ,7354000,4122000,3232000,0,0,0,430000,0,430000,-1114000,60000,853000,-793000,106000,427000,-321000,2548000
2353,宏碁            ,5294809,3001093,2293716,0,0,0,0,27000,-27000,-205000,42000,325000,-283000,148000,70000,78000,2061716
042796,永冠元大93購01  ,0,0,0,0,0,0,0,0,0,2034000,0,0,0,2384000,350000,2034000,2034000
2324,仁寶            ,3996111,1698352,2297759,0,0,0,0,40000,-40000,-393000,0,309000,-309000,24000,108000,-84000,1864759
2823,中壽            ,3786998,1559639,2227359,0,0,0,0,0,0,-374000,0,421000,-421000,103000,56000,47000,1853359
2002,中鋼            ,5717881,3295961,2421920,0,0,0,0,0,0,-814000,22000,866000,-844000,30000,0,30000,1607920
2312,金寶            ,3820000,1922000,1898000,0,0,0,0,0,0,-308000,0,206000,-206000,119000,221000,-102000,1590000
1504,東元            ,2191000,375000,1816000,0,0,0,0,0,0,-245000,3000,178000,-175000,0,70000,-70000,1571000
049185,南電凱基94購03  ,0,0,0,0,0,0,0,0,0,1537000,0,0,0,1537000,0,1537000,1537000
05553P,智原群益96售01  ,0,0,0,0,0,0,0,0,0,1476000,0,0,0,1511000,35000,1476000,1476000
2393,億光            ,2346000,819000,1527000,0,0,0,0,0,0,-78000,386000,416000,-30000,327000,375000,-48000,1449000
03033P,微星國票03售01  ,0,0,0,0,0,0,0,0,0,1425000,0,0,0,1455000,30000,1425000,1425000
3706,神達            ,1849000,257000,1592000,0,0,0,0,8000,-8000,-173000,20000,146000,-126000,60000,107000,-47000,1411000
053032,國巨兆豐97購02  ,0,0,0,0,0,0,0,0,0,1332000,0,0,0,1997000,665000,1332000,1332000
5521,工信            ,1616000,289000,1327000,0,0,0,0,0,0,0,0,0,0,0,0,0,1327000
05163P,聯發科統一96售02,0,0,0,0,0,0,0,0,0,1311000,0,0,0,1497000,186000,1311000,1311000
054983,國巨元富97購04  ,0,0,0,0,0,0,0,0,0,1299000,0,0,0,1514000,215000,1299000,1299000
00861,元大全球未來通訊,190000,0,190000,0,0,0,0,0,0,1099000,0,35000,-35000,1619000,485000,1134000,1289000
6251,定穎            ,1502000,198000,1304000,0,0,0,0,0,0,-29000,5000,34000,-29000,0,0,0,1275000
5880,合庫金          ,5356618,3430954,1925664,0,0,0,0,0,0,-666000,0,712000,-712000,46000,0,46000,1259664
2332,友訊            ,1180000,154000,1026000,0,0,0,0,0,0,224946,84000,10000,74000,189946,39000,150946,1250946
3034,聯詠            ,3935944,2208333,1727611,0,0,0,20000,291720,-271720,-209000,172000,204000,-32000,44000,221000,-177000,1246891
05229P,台積電群益95售05,0,0,0,0,0,0,0,0,0,1158000,0,0,0,1235000,77000,1158000,1158000
05103P,臺股指凱基96售10,0,0,0,0,0,0,0,0,0,1155000,0,0,0,1228000,73000,1155000,1155000
2377,微星            ,1359773,619801,739972,0,0,0,84000,6000,78000,305000,352000,58000,294000,67000,56000,11000,1122972
054694,聯鈞永豐97購01  ,0,0,0,0,0,0,0,0,0,1116000,0,0,0,1118000,2000,1116000,1116000
3376,新日興          ,605000,1171000,-566000,0,0,0,1504000,0,1504000,176000,118000,78000,40000,194000,58000,136000,1114000
054120,奇力新永豐96購01,0,0,0,0,0,0,0,0,0,1110000,0,0,0,1250000,140000,1110000,1110000
3049,和鑫            ,1662000,177000,1485000,0,0,0,0,0,0,-384000,0,16000,-16000,12000,380000,-368000,1101000
054685,國巨永豐97購02  ,0,0,0,0,0,0,0,0,0,1091000,0,0,0,1599000,508000,1091000,1091000
8210,勤誠            ,1072000,146000,926000,0,0,0,0,0,0,156000,2000,4000,-2000,188000,30000,158000,1082000
055406,大毅國泰99購01  ,0,0,0,0,0,0,0,0,0,1072000,0,0,0,1408000,336000,1072000,1072000
044464,滬深2X群益95購01,0,0,0,0,0,0,0,0,0,1071000,0,0,0,1225000,154000,1071000,1071000
1536,和大            ,1003000,146000,857000,0,0,0,150000,0,150000,33000,39000,34000,5000,31000,3000,28000,1040000
055157,晶豪科元大97購01,0,0,0,0,0,0,0,0,0,1028000,0,0,0,1121000,93000,1028000,1028000
4977,眾達-KY         ,1391000,542061,848939,0,0,0,215000,0,215000,-39000,10000,53000,-43000,4000,0,4000,1024939
054891,聯鈞統一99購02  ,0,0,0,0,0,0,0,0,0,1020000,0,0,0,1403000,383000,1020000,1020000
2049,上銀            ,2236056,1484222,751834,0,0,0,209000,0,209000,52000,96000,151000,-55000,188000,81000,107000,1012834
052655,群創統一97購01  ,0,0,0,0,0,0,0,0,0,1012000,0,0,0,1163000,151000,1012000,1012000
047102,潤泰全富邦95購01,0,0,0,0,0,0,0,0,0,1001000,0,0,0,1001000,0,1001000,1001000
044825,旺宏永豐91購05  ,0,0,0,0,0,0,0,0,0,998000,0,0,0,998000,0,998000,998000
044866,旺宏國票91購05  ,0,0,0,0,0,0,0,0,0,998000,0,0,0,998000,0,998000,998000
04608P,晶相光永豐94售02,0,0,0,0,0,0,0,0,0,992000,0,0,0,998000,6000,992000,992000
1904,正隆            ,1224010,39000,1185010,0,0,0,0,0,0,-194000,26000,220000,-194000,0,0,0,991010
053887,聯茂兆豐97購02  ,0,0,0,0,0,0,0,0,0,991000,0,0,0,1069000,78000,991000,991000
04166P,美利達元富93售03,0,0,0,0,0,0,0,0,0,980000,0,0,0,980000,0,980000,980000
053269,同欣電群益96購01,0,0,0,0,0,0,0,0,0,979000,0,0,0,1032000,53000,979000,979000
055138,大毅永豐97購02  ,0,0,0,0,0,0,0,0,0,973000,0,0,0,1098000,125000,973000,973000
044426,欣興國泰93購02  ,0,0,0,0,0,0,0,0,0,948000,0,0,0,978000,30000,948000,948000
3545,敦泰            ,1515000,546000,969000,0,0,0,0,0,0,-22000,1000,23000,-22000,0,0,0,947000
05216P,國巨永豐95售02  ,0,0,0,0,0,0,0,0,0,935000,0,0,0,935000,0,935000,935000
047867,旺宏永豐93購02  ,0,0,0,0,0,0,0,0,0,931000,0,0,0,962000,31000,931000,931000
051437,百和元富95購02  ,0,0,0,0,0,0,0,0,0,909000,0,0,0,929000,20000,909000,909000
043047,永冠國泰93購01  ,0,0,0,0,0,0,0,0,0,889000,0,0,0,894000,5000,889000,889000
051861,鴻海凱基98購01  ,0,0,0,0,0,0,0,0,0,884000,0,0,0,921000,37000,884000,884000
054818,奇力新元大97購05,0,0,0,0,0,0,0,0,0,851000,0,0,0,1198000,347000,851000,851000
053917,友達國票97購03  ,0,0,0,0,0,0,0,0,0,845000,0,0,0,1061000,216000,845000,845000
6271,同欣電          ,546000,1435000,-889000,0,0,0,1237000,0,1237000,497000,987000,431000,556000,111000,170000,-59000,845000
1714,和桐            ,880000,45000,835000,0,0,0,0,0,0,0,0,0,0,0,0,0,835000
05868P,台積電凱基96售17,0,0,0,0,0,0,0,0,0,828000,0,0,0,918000,90000,828000,828000
044957,貿聯凱基92購01  ,0,0,0,0,0,0,0,0,0,818000,0,0,0,898000,80000,818000,818000
046794,智伸科元富93購01,0,0,0,0,0,0,0,0,0,809000,0,0,0,842000,33000,809000,809000
054589,聯鈞國泰99購01  ,0,0,0,0,0,0,0,0,0,793000,0,0,0,1340000,547000,793000,793000
050074,訊芯凱基94購05  ,0,0,0,0,0,0,0,0,0,775000,0,0,0,1077000,302000,775000,775000
055249,大毅統一99購01  ,0,0,0,0,0,0,0,0,0,770000,0,0,0,881000,111000,770000,770000
044335,冠德統一91購05  ,0,0,0,0,0,0,0,0,0,763000,0,0,0,763000,0,763000,763000
052981,鴻海元大97購05  ,0,0,0,0,0,0,0,0,0,751000,0,0,0,836000,85000,751000,751000
3037,欣興            ,8489000,6180000,2309000,0,0,0,375000,502000,-127000,-1435000,1750000,601000,1149000,226000,2810000,-2584000,747000
054091,晶豪科群益96購01,0,0,0,0,0,0,0,0,0,736000,0,0,0,736000,0,736000,736000
05130P,聯發科統一95售03,0,0,0,0,0,0,0,0,0,719000,0,0,0,790000,71000,719000,719000
047458,聯發科群益93購08,0,0,0,0,0,0,0,0,0,715000,0,0,0,725000,10000,715000,715000
049787,麗豐兆豐94購01  ,0,0,0,0,0,0,0,0,0,711000,0,0,0,711000,0,711000,711000
055176,大毅統一98購02  ,0,0,0,0,0,0,0,0,0,705000,0,0,0,854000,149000,705000,705000
2347,聯強            ,2737301,1946361,790940,0,0,0,0,13000,-13000,-73000,30000,115000,-85000,12000,0,12000,704940
051209,百和麥證95購01  ,0,0,0,711000,0,711000,0,0,0,703000,0,0,0,711000,8000,703000,703000
054886,大毅統一97購01  ,0,0,0,0,0,0,0,0,0,701000,0,0,0,701000,0,701000,701000
047096,元油反國泰96購01,0,0,0,0,0,0,0,0,0,699000,0,0,0,699000,0,699000,699000
053999,台表科群益96購06,0,0,0,0,0,0,0,0,0,695000,0,0,0,736000,41000,695000,695000
050397,力成元富94購01  ,0,0,0,0,0,0,0,0,0,694000,0,0,0,910000,216000,694000,694000
053262,華邦電群益96購02,0,0,0,0,0,0,0,0,0,694000,0,0,0,754000,60000,694000,694000
053896,麗豐群益97購01  ,0,0,0,0,0,0,0,0,0,693000,0,0,0,719000,26000,693000,693000
054083,智伸科元富96購01,0,0,0,0,0,0,0,0,0,691000,0,0,0,715000,24000,691000,691000
03576P,台灣50元富06售01,0,0,0,0,0,0,0,0,0,691000,0,0,0,999000,308000,691000,691000
048632,大成鋼元大93購02,0,0,0,0,0,0,0,0,0,691000,0,0,0,701000,10000,691000,691000
052645,美食永豐96購01  ,0,0,0,0,0,0,0,0,0,691000,0,0,0,691000,0,691000,691000
052711,滬深2X凱基97購01,0,0,0,0,0,0,0,0,0,690000,0,0,0,831000,141000,690000,690000
046795,瀚宇博元富93購01,0,0,0,0,0,0,0,0,0,689000,0,0,0,689000,0,689000,689000
05035P,聯發科元大95售06,0,0,0,0,0,0,0,0,0,688000,0,0,0,1087000,399000,688000,688000
047149,聯鈞群益93購01  ,0,0,0,0,0,0,0,0,0,688000,0,0,0,868000,180000,688000,688000
039910,嘉聯益富邦91購01,0,0,0,0,0,0,0,0,0,687000,0,0,0,687000,0,687000,687000
047582,滬深2X永豐95購02,5000,0,5000,0,0,0,0,0,0,680000,0,0,0,810000,130000,680000,685000
6257,矽格            ,1050000,254000,796000,0,0,0,12000,0,12000,-123000,246000,311000,-65000,138000,196000,-58000,685000
053068,智伸科群益96購01,0,0,0,0,0,0,0,0,0,683000,0,0,0,818000,135000,683000,683000
054504,聯鈞永豐96購01  ,0,0,0,0,0,0,0,0,0,681000,0,0,0,763000,82000,681000,681000
050487,美食元富94購01  ,0,0,0,0,0,0,0,0,0,676000,0,0,0,676000,0,676000,676000
05120P,聯發科國泰97售01,0,0,0,0,0,0,0,0,0,676000,0,0,0,940000,264000,676000,676000
2481,強茂            ,813000,230000,583000,0,0,0,0,0,0,85000,0,1000,-1000,88000,2000,86000,668000
054316,矽創凱基97購01  ,0,0,0,0,0,0,0,0,0,665000,0,0,0,685000,20000,665000,665000
05197P,智原永豐95售02  ,0,0,0,0,0,0,0,0,0,664000,0,0,0,782000,118000,664000,664000
044307,GIS兆豐93購01   ,0,0,0,0,0,0,0,0,0,661000,0,0,0,671000,10000,661000,661000
049836,矽創凱基94購02  ,0,0,0,0,0,0,0,0,0,660000,0,0,0,660000,0,660000,660000
053568,智伸科富邦98購01,0,0,0,0,0,0,0,0,0,657000,0,0,0,1558000,901000,657000,657000
052020,聯茂永豐95購02  ,0,0,0,0,0,0,0,0,0,657000,0,0,0,719000,62000,657000,657000
044715,康友中信91購01  ,0,0,0,0,0,0,0,0,0,649000,0,0,0,649000,0,649000,649000
05397P,大立光凱基96售08,0,0,0,0,0,0,0,0,0,645000,0,0,0,796000,151000,645000,645000
042997,新光鋼元大94購01,0,0,0,0,0,0,0,0,0,644000,0,0,0,675000,31000,644000,644000
2812,台中銀          ,1219000,236000,983000,0,0,0,0,0,0,-342000,0,340000,-340000,0,2000,-2000,641000
05585P,臺股指凱基96售14,0,0,0,0,0,0,0,0,0,638000,0,0,0,639000,1000,638000,638000
055255,欣興統一97購02  ,0,0,0,0,0,0,0,0,0,634000,0,0,0,650000,16000,634000,634000
050252,聯發科國泰95購01,0,0,0,0,0,0,0,0,0,633000,0,0,0,1145000,512000,633000,633000
05746P,台積電群益96售07,0,0,0,0,0,0,0,0,0,627000,0,0,0,1936000,1309000,627000,627000
06069P,台積電永豐97售01,0,0,0,0,0,0,0,0,0,627000,0,0,0,1018000,391000,627000,627000
00639,富邦深100       ,789000,0,789000,0,0,0,0,0,0,-165306,0,0,0,781694,947000,-165306,623694
054254,晶豪科元大96購02,0,0,0,0,0,0,0,0,0,617000,0,0,0,706000,89000,617000,617000
052847,漢唐統一99購01  ,0,0,0,0,0,0,0,0,0,617000,0,0,0,671000,54000,617000,617000
2603,長榮            ,3956229,1642000,2314229,0,0,0,58000,0,58000,-1760000,259000,1965000,-1706000,0,54000,-54000,612229
052836,旺宏國泰98購01  ,0,0,0,0,0,0,0,0,0,608000,0,0,0,652000,44000,608000,608000
03557P,欣興元大02售17  ,0,0,0,0,0,0,0,0,0,604000,0,0,0,604000,0,604000,604000
052157,東元永豐95購01  ,0,0,0,0,0,0,0,0,0,604000,0,0,0,604000,0,604000,604000
3711,日月光投控      ,6003811,4962546,1041265,0,0,0,0,36067,-36067,-402000,1000,270000,-269000,40000,173000,-133000,603198
053634,劍麟永豐96購01  ,0,0,0,0,0,0,0,0,0,603000,0,0,0,633000,30000,603000,603000
045417,華新凱基93購01  ,0,0,0,0,0,0,0,0,0,600000,0,0,0,600000,0,600000,600000
04719P,台達電凱基94售09,0,0,0,0,0,0,0,0,0,600000,0,0,0,600000,0,600000,600000
055183,聯鈞統一97購01  ,0,0,0,0,0,0,0,0,0,599000,0,0,0,622000,23000,599000,599000
051397,聯茂兆豐95購03  ,0,0,0,0,0,0,0,0,0,594000,0,0,0,594000,0,594000,594000
055333,晶豪科兆豐97購01,0,0,0,0,0,0,0,0,0,593000,0,0,0,701000,108000,593000,593000
053098,國巨元富96購04  ,0,0,0,0,0,0,0,0,0,592000,0,0,0,754000,162000,592000,592000
045337,滬深2X凱基95購01,0,0,0,0,0,0,0,0,0,589000,0,0,0,668000,79000,589000,589000
2360,致茂            ,1306977,589000,717977,0,0,0,0,0,0,-130000,23000,145000,-122000,1000,9000,-8000,587977
055334,禾伸堂兆豐97購01,0,0,0,0,0,0,0,0,0,582000,0,0,0,597000,15000,582000,582000
04474P,聯發科元大94售03,0,0,0,0,0,0,0,0,0,581000,0,0,0,581000,0,581000,581000
050805,光寶科日盛95購01,0,0,0,0,0,0,0,0,0,580000,0,0,0,580000,0,580000,580000
055050,敬鵬永豐97購01  ,0,0,0,0,0,0,0,0,0,575000,0,0,0,575000,0,575000,575000
053782,京元電元大98購02,0,0,0,0,0,0,0,0,0,575000,0,0,0,613000,38000,575000,575000
055129,鈺齊兆豐97購01  ,0,0,0,0,0,0,0,0,0,565000,0,0,0,663000,98000,565000,565000
055414,奇力新富邦9B購01,0,0,0,0,0,0,0,0,0,565000,0,0,0,751000,186000,565000,565000
1514,亞力            ,690000,122000,568000,0,0,0,0,0,0,-4000,0,4000,-4000,0,0,0,564000
050488,美食元富94購02  ,0,0,0,0,0,0,0,0,0,563000,0,0,0,563000,0,563000,563000
045268,康普凱基92購01  ,0,0,0,0,0,0,0,0,0,560000,0,0,0,560000,0,560000,560000
8271,宇瞻            ,601000,43000,558000,0,0,0,0,0,0,0,0,0,0,0,0,0,558000
049479,矽格永豐94購01  ,0,0,0,0,0,0,0,0,0,555000,0,0,0,637000,82000,555000,555000
053478,京鼎元大96購01  ,0,0,0,0,0,0,0,0,0,552000,0,0,0,752000,200000,552000,552000
048665,欣興統一93購07  ,0,0,0,0,0,0,0,0,0,551000,0,0,0,551000,0,551000,551000
00631L,元大台灣50正2   ,0,51000,-51000,0,0,0,0,0,0,601000,147000,0,147000,1148000,694000,454000,550000
048148,欣興元富93購02  ,0,0,0,0,0,0,0,0,0,550000,0,0,0,550000,0,550000,550000
049910,智邦元大94購04  ,0,0,0,0,0,0,0,0,0,549000,0,0,0,549000,0,549000,549000
04526P,美律凱基94售03  ,0,0,0,0,0,0,0,0,0,548000,0,0,0,548000,0,548000,548000
054979,南港元富97購01  ,20000,0,20000,0,0,0,0,0,0,525000,0,0,0,1049000,524000,525000,545000
045861,智邦統一93購02  ,0,0,0,0,0,0,0,0,0,545000,0,0,0,652000,107000,545000,545000
050663,麗豐元大96購03  ,0,0,0,0,0,0,0,0,0,545000,0,0,0,675000,130000,545000,545000
055637,亞德客元富97購01,0,0,0,0,0,0,0,0,0,544000,0,0,0,595000,51000,544000,544000
3576,聯合再生        ,1173000,367000,806000,0,0,0,0,0,0,-262000,0,262000,-262000,0,0,0,544000
054394,奇力新永豐96購03,0,0,0,0,0,0,0,0,0,542000,0,0,0,542000,0,542000,542000
03605P,美利達統一92售01,0,0,0,0,0,0,0,0,0,540000,0,0,0,540000,0,540000,540000
052807,貿聯元大98購01  ,0,0,0,0,0,0,0,0,0,537000,0,0,0,734000,197000,537000,537000
042255,群創國票92購01  ,0,0,0,0,0,0,0,0,0,536000,0,0,0,763000,227000,536000,536000
046919,大毅永豐93購01  ,0,0,0,0,0,0,0,0,0,535000,0,0,0,609000,74000,535000,535000
052069,聯茂兆豐96購01  ,0,0,0,0,0,0,0,0,0,534000,0,0,0,534000,0,534000,534000
5871,中租-KY         ,2496792,1854173,642619,0,0,0,0,1605,-1605,-111000,10000,122000,-112000,3000,2000,1000,530014
05593P,鴻海國票97售03  ,0,0,0,0,0,0,0,0,0,526000,0,0,0,526000,0,526000,526000
051429,智邦元富95購01  ,0,0,0,0,0,0,0,0,0,526000,0,0,0,559000,33000,526000,526000
048805,瀚宇博富邦95購01,0,0,0,0,0,0,0,0,0,525000,0,0,0,533000,8000,525000,525000
054790,禾伸堂群益98購01,0,0,0,0,0,0,0,0,0,523000,0,0,0,523000,0,523000,523000
4414,如興            ,1085000,562000,523000,0,0,0,0,0,0,-1000,0,1000,-1000,0,0,0,522000
051927,國巨中信96購01  ,0,0,0,0,0,0,0,0,0,517000,0,0,0,578000,61000,517000,517000
05940P,聯發科凱基96售21,0,0,0,0,0,0,0,0,0,516000,0,0,0,536000,20000,516000,516000
051511,鈺齊中信97購01  ,0,0,0,0,0,0,0,0,0,514000,0,0,0,555000,41000,514000,514000
054333,茂林永豐96購03  ,0,0,0,0,0,0,0,0,0,513000,0,0,0,584000,71000,513000,513000
045878,欣興元富92購02  ,0,0,0,0,0,0,0,0,0,513000,0,0,0,556000,43000,513000,513000
049201,劍麟群益94購01  ,0,0,0,0,0,0,0,0,0,513000,0,0,0,513000,0,513000,513000
03177P,國巨群益01售12  ,0,0,0,0,0,0,0,0,0,512000,0,0,0,527000,15000,512000,512000
051490,世芯凱基96購01  ,0,0,0,0,0,0,0,0,0,511000,0,0,0,564000,53000,511000,511000
053317,友達群益9A購02  ,0,0,0,0,0,0,0,0,0,511000,0,0,0,516000,5000,511000,511000
8081,致新            ,601000,275000,326000,0,0,0,9000,0,9000,174000,40000,7000,33000,197000,56000,141000,509000
4943,康控-KY         ,652139,253000,399139,0,0,0,0,0,0,104000,48000,11000,37000,97000,30000,67000,503139
6282,康舒            ,849000,335000,514000,0,0,0,0,0,0,-12000,3000,49000,-46000,180000,146000,34000,502000
05722P,玉晶光國票97售03,0,0,0,0,0,0,0,0,0,500000,0,0,0,760000,260000,500000,500000
03967P,聯發科國票93售04,0,0,0,0,0,0,0,0,0,500000,0,0,0,500000,0,500000,500000
049853,上海銀群益94購02,0,0,0,0,0,0,0,0,0,500000,0,0,0,519000,19000,500000,500000
047611,滬深2X群益93購02,0,0,0,0,0,0,0,0,0,499000,0,0,0,499000,0,499000,499000
051953,矽力元富95購03  ,0,0,0,0,0,0,0,0,0,499000,0,0,0,616000,117000,499000,499000
045807,上緯控國票93購01,0,0,0,0,0,0,0,0,0,498000,0,0,0,498000,0,498000,498000
04550P,超眾元大94售01  ,0,0,0,0,0,0,0,0,0,497000,0,0,0,597000,100000,497000,497000
053289,臺股指元大96購17,0,0,0,0,0,0,0,0,0,496000,0,0,0,496000,0,496000,496000
052382,臺股指元大95購23,0,0,0,0,0,0,0,0,0,495000,0,0,0,495000,0,495000,495000
055256,日電貿統一99購01,0,0,0,0,0,0,0,0,0,491000,0,0,0,491000,0,491000,491000
052381,臺股指元大95購22,0,0,0,0,0,0,0,0,0,490000,0,0,0,490000,0,490000,490000
053287,臺股指元大96購15,0,0,0,0,0,0,0,0,0,490000,0,0,0,490000,0,490000,490000
049926,智易元大95購02  ,0,0,0,0,0,0,0,0,0,489000,0,0,0,489000,0,489000,489000
050331,鈺齊永豐94購02  ,0,0,0,0,0,0,0,0,0,489000,0,0,0,623000,134000,489000,489000
053604,臺股指元大96購21,0,0,0,0,0,0,0,0,0,487000,0,0,0,487000,0,487000,487000
048294,智原群益93購02  ,0,0,0,0,0,0,0,0,0,485000,0,0,0,506000,21000,485000,485000
052322,力成元大96購01  ,0,0,0,0,0,0,0,0,0,484000,0,0,0,697000,213000,484000,484000
051114,鈺齊中信95購01  ,0,0,0,0,0,0,0,0,0,482000,0,0,0,587000,105000,482000,482000
042805,智邦統一93購01  ,0,0,0,0,0,0,0,0,0,481000,0,0,0,481000,0,481000,481000
051836,華通國泰95購02  ,0,0,0,0,0,0,0,0,0,480000,0,0,0,508000,28000,480000,480000
052734,台表科國泰98購02,0,0,0,0,0,0,0,0,0,480000,0,0,0,490000,10000,480000,480000
053825,南電群益96購02  ,0,0,0,0,0,0,0,0,0,478000,0,0,0,622000,144000,478000,478000
6443,元晶            ,517000,39000,478000,0,0,0,0,0,0,-1000,0,1000,-1000,0,0,0,477000
04001P,聯發科凱基93售15,0,0,0,0,0,0,0,0,0,475000,0,0,0,475000,0,475000,475000
055245,凱美統一99購01  ,0,0,0,0,0,0,0,0,0,473000,0,0,0,534000,61000,473000,473000
050865,欣興永豐95購01  ,0,0,0,0,0,0,0,0,0,472000,0,0,0,533000,61000,472000,472000
054827,宏全元大9A購01  ,0,0,0,0,0,0,0,0,0,470000,0,0,0,515000,45000,470000,470000
04748P,臺股指元大94售23,0,0,0,0,0,0,0,0,0,470000,0,0,0,515000,45000,470000,470000
1513,中興電          ,540000,88000,452000,0,0,0,0,0,0,18000,19000,1000,18000,0,0,0,470000
05515P,台積電群益96售03,0,0,0,0,0,0,0,0,0,469000,0,0,0,847000,378000,469000,469000
053238,麗豐永豐96購01  ,0,0,0,0,0,0,0,0,0,469000,0,0,0,488000,19000,469000,469000
053510,聯電群益97購01  ,0,0,0,0,0,0,0,0,0,468000,0,0,0,489000,21000,468000,468000
2505,國揚            ,885000,410000,475000,0,0,0,0,0,0,-8000,0,94000,-94000,135000,49000,86000,467000
045008,南亞科元大92購02,0,0,0,0,0,0,0,0,0,466000,0,0,0,466000,0,466000,466000
05310P,智原永豐95售04  ,0,0,0,0,0,0,0,0,0,465000,0,0,0,594000,129000,465000,465000
054535,旺宏富邦97購02  ,0,0,0,0,0,0,0,0,0,464000,0,0,0,873000,409000,464000,464000
054671,國巨國泰98購01  ,0,0,0,0,0,0,0,0,0,464000,0,0,0,474000,10000,464000,464000
052597,茂林群益96購01  ,0,0,0,0,0,0,0,0,0,462000,0,0,0,587000,125000,462000,462000
048167,旺宏永豐93購04  ,0,0,0,0,0,0,0,0,0,460000,0,0,0,460000,0,460000,460000
051615,華通凱基96購01  ,0,0,0,0,0,0,0,0,0,459000,0,0,0,479000,20000,459000,459000
054446,美食兆豐97購01  ,0,0,0,0,0,0,0,0,0,456000,0,0,0,467000,11000,456000,456000
042942,永冠國票94購01  ,0,0,0,0,0,0,0,0,0,456000,0,0,0,514000,58000,456000,456000
049869,訊芯兆豐94購01  ,0,0,0,0,0,0,0,0,0,455000,0,0,0,476000,21000,455000,455000
047285,鴻海統一95購02  ,0,0,0,0,0,0,0,0,0,455000,0,0,0,601000,146000,455000,455000
05072P,聯電元富95售02  ,0,0,0,0,0,0,0,0,0,454000,0,0,0,454000,0,454000,454000
05679P,台表科群益96售05,0,0,0,0,0,0,0,0,0,453000,0,0,0,534000,81000,453000,453000
04014P,聯發科元大93售18,0,0,0,0,0,0,0,0,0,452000,0,0,0,552000,100000,452000,452000
053722,新光金凱基9C購01,0,0,0,0,0,0,0,0,0,450000,0,0,0,450000,0,450000,450000
06129P,玉晶光元富97售06,0,0,0,0,0,0,0,0,0,450000,0,0,0,460000,10000,450000,450000
053517,崇越群益97購01  ,0,0,0,0,0,0,0,0,0,449000,0,0,0,483000,34000,449000,449000
049197,信邦永豐94購01  ,0,0,0,0,0,0,0,0,0,449000,0,0,0,469000,20000,449000,449000
04592P,台積電元大94售10,0,0,0,0,0,0,0,0,0,448000,0,0,0,450000,2000,448000,448000
052648,茂林永豐96購01  ,0,0,0,0,0,0,0,0,0,448000,0,0,0,533000,85000,448000,448000
05294P,亞光凱基95售02  ,0,0,0,0,0,0,0,0,0,448000,0,0,0,448000,0,448000,448000
048584,欣興富邦95購01  ,0,0,0,0,0,0,0,0,0,446000,0,0,0,470000,24000,446000,446000
044514,亞光凱基93購02  ,0,0,0,0,0,0,0,0,0,442000,0,0,0,482000,40000,442000,442000
04834P,鴻海元大94售17  ,0,0,0,0,0,0,0,0,0,440000,0,0,0,440000,0,440000,440000
049114,玉晶光統一94購02,0,0,0,0,0,0,0,0,0,439000,0,0,0,713000,274000,439000,439000
047947,欣興統一93購04  ,0,0,0,0,0,0,0,0,0,438000,0,0,0,438000,0,438000,438000
047852,矽創元富93購01  ,0,0,0,0,0,0,0,0,0,438000,0,0,0,448000,10000,438000,438000
00643,群益深証中小    ,574000,15000,559000,0,0,0,0,0,0,-122000,10000,10000,0,151000,273000,-122000,437000
044925,漢唐國泰93購01  ,0,0,0,0,0,0,0,0,0,436000,0,0,0,506000,70000,436000,436000
052399,台光電凱基95購03,0,0,0,0,0,0,0,0,0,436000,0,0,0,507000,71000,436000,436000
052877,矽創凱基96購01  ,0,0,0,0,0,0,0,0,0,435000,0,0,0,435000,0,435000,435000
04193P,智原永豐93售01  ,0,0,0,0,0,0,0,0,0,434000,0,0,0,434000,0,434000,434000
049737,美食群益94購03  ,0,0,0,0,0,0,0,0,0,434000,0,0,0,459000,25000,434000,434000
052935,康友元大96購03  ,0,0,0,0,0,0,0,0,0,434000,0,0,0,922000,488000,434000,434000
048428,滬深2X國票93購05,0,0,0,0,0,0,0,0,0,433000,0,0,0,443000,10000,433000,433000
050806,華新科日盛95購01,0,0,0,0,0,0,0,0,0,432000,0,0,0,533000,101000,432000,432000
051655,欣興元富95購04  ,0,0,0,0,0,0,0,0,0,432000,0,0,0,432000,0,432000,432000
050253,百和國泰96購01  ,0,0,0,0,0,0,0,0,0,431000,0,0,0,488000,57000,431000,431000
044457,滬深2X國票97購01,0,0,0,0,0,0,0,0,0,429000,0,0,0,470000,41000,429000,429000
043484,TPK群益93購01   ,0,0,0,0,0,0,0,0,0,429000,0,0,0,477000,48000,429000,429000
046676,羅麗芬元大93購01,0,0,0,0,0,0,0,0,0,429000,0,0,0,429000,0,429000,429000
054614,玉晶光永豐97購03,0,0,0,0,0,0,0,0,0,428000,0,0,0,543000,115000,428000,428000
048956,美食康和94購01  ,0,0,0,0,0,0,0,0,0,427000,0,0,0,427000,0,427000,427000
03801P,智伸科元大93售02,0,0,0,0,0,0,0,0,0,425000,0,0,0,425000,0,425000,425000
054701,宏全永豐97購01  ,0,0,0,0,0,0,0,0,0,424000,0,0,0,425000,1000,424000,424000
046895,智伸科群益93購02,0,0,0,0,0,0,0,0,0,424000,0,0,0,446000,22000,424000,424000
053103,瀚宇博元富96購01,0,0,0,0,0,0,0,0,0,424000,0,0,0,429000,5000,424000,424000
055172,凱美統一97購02  ,0,0,0,0,0,0,0,0,0,422000,0,0,0,480000,58000,422000,422000
054572,國巨元大98購03  ,0,0,0,0,0,0,0,0,0,422000,0,0,0,705000,283000,422000,422000
051954,矽力元富95購04  ,0,0,0,0,0,0,0,0,0,420000,0,0,0,440000,20000,420000,420000
053161,康友元大96購04  ,0,0,0,0,0,0,0,0,0,419000,0,0,0,547000,128000,419000,419000
052175,可成元大95購10  ,0,0,0,0,0,0,0,0,0,419000,0,0,0,420000,1000,419000,419000
049038,高鐵兆豐94購01  ,0,0,0,0,0,0,0,0,0,418000,0,0,0,421000,3000,418000,418000
052616,鴻海國泰98購02  ,0,0,0,0,0,0,0,0,0,416000,0,0,0,457000,41000,416000,416000
2542,興富發          ,1164023,650000,514023,0,0,0,0,0,0,-99000,0,101000,-101000,2000,0,2000,415023
053912,T50反1國票97購02,0,0,0,0,0,0,0,0,0,415000,0,0,0,421000,6000,415000,415000
054647,禾伸堂群益99購01,0,0,0,0,0,0,0,0,0,414000,0,0,0,434000,20000,414000,414000
00653L,富邦印度正2     ,207000,0,207000,0,0,0,0,0,0,207000,0,0,0,264000,57000,207000,414000
03869P,和大群益93售02  ,0,0,0,0,0,0,0,0,0,414000,0,0,0,448000,34000,414000,414000
049127,上海銀元富94購01,0,0,0,0,0,0,0,0,0,411000,0,0,0,411000,0,411000,411000
048512,全新凱基93購04  ,0,0,0,0,0,0,0,0,0,410000,0,0,0,415000,5000,410000,410000
6288,聯嘉            ,1010000,597000,413000,0,0,0,0,0,0,-3000,2000,5000,-3000,0,0,0,410000
052434,茂林國泰97購01  ,0,0,0,0,0,0,0,0,0,408000,0,0,0,488000,80000,408000,408000
053518,聯茂群益96購03  ,0,0,0,0,0,0,0,0,0,407000,0,0,0,517000,110000,407000,407000
04276P,聯發科凱基93售33,0,0,0,0,0,0,0,0,0,406000,0,0,0,416000,10000,406000,406000
06056P,台積電凱基98售02,0,0,0,0,0,0,0,0,0,406000,0,0,0,406000,0,406000,406000
049962,台光電元富94購01,0,0,0,0,0,0,0,0,0,405000,0,0,0,417000,12000,405000,405000
053137,旺宏富邦98購01  ,0,0,0,0,0,0,0,0,0,405000,0,0,0,440000,35000,405000,405000
052748,群創元大9A購02  ,0,0,0,0,0,0,0,0,0,404000,0,0,0,539000,135000,404000,404000
054015,晶豪科永豐96購03,0,0,0,0,0,0,0,0,0,403000,0,0,0,403000,0,403000,403000
054899,南港康和97購01  ,0,0,0,0,0,0,0,0,0,403000,0,0,0,798000,395000,403000,403000
044632,超眾元大91購03  ,0,0,0,0,0,0,0,0,0,403000,0,0,0,403000,0,403000,403000
04626P,聯發科元大94售07,0,0,0,0,0,0,0,0,0,403000,0,0,0,423000,20000,403000,403000
05629P,聯發科永昌99售02,0,0,0,0,0,0,0,0,0,402000,0,0,0,1159000,757000,402000,402000
053959,晶豪科永豐96購02,0,0,0,0,0,0,0,0,0,402000,0,0,0,402000,0,402000,402000
045874,東元元富92購01  ,0,0,0,0,0,0,0,0,0,401000,0,0,0,401000,0,401000,401000
054543,元金2X中信01購01,0,0,0,0,0,0,0,0,0,400000,0,0,0,400000,0,400000,400000
054403,同欣電永豐96購02,0,0,0,0,0,0,0,0,0,400000,0,0,0,447000,47000,400000,400000
04595P,臺股指元大94售13,0,0,0,0,0,0,0,0,0,400000,0,0,0,400000,0,400000,400000
044378,T50反1群益92購01,0,0,0,0,0,0,0,0,0,400000,0,0,0,400000,0,400000,400000
050265,美食元大94購05  ,0,0,0,0,0,0,0,0,0,400000,0,0,0,405000,5000,400000,400000
050237,智邦凱基94購03  ,0,0,0,0,0,0,0,0,0,400000,0,0,0,400000,0,400000,400000
054877,百和群益98購01  ,0,0,0,0,0,0,0,0,0,399000,0,0,0,454000,55000,399000,399000
3443,創意            ,484000,373000,111000,0,0,0,92000,1000,91000,197000,96000,30000,66000,167000,36000,131000,399000
041409,創意中信93購01  ,0,0,0,0,0,0,0,0,0,398000,0,0,0,800000,402000,398000,398000
046084,美利達凱基92購02,0,0,0,0,0,0,0,0,0,398000,0,0,0,398000,0,398000,398000
045228,泰鼎元大93購01  ,0,0,0,0,0,0,0,0,0,398000,0,0,0,499000,101000,398000,398000
053371,滬深2X元大99購01,0,0,0,0,0,0,0,0,0,396000,0,0,0,483000,87000,396000,396000
04051P,友達中信94售02  ,0,0,0,0,0,0,0,0,0,395000,0,0,0,600000,205000,395000,395000
048742,瀚宇博統一94購01,0,0,0,0,0,0,0,0,0,394000,0,0,0,394000,0,394000,394000
052512,全新凱基96購03  ,0,0,0,0,0,0,0,0,0,394000,0,0,0,414000,20000,394000,394000
055055,精元永豐97購01  ,0,0,0,0,0,0,0,0,0,393000,0,0,0,393000,0,393000,393000
04049P,大立光元大95售02,0,0,0,0,0,0,0,0,0,393000,0,0,0,513000,120000,393000,393000
052629,訊芯中信99購01  ,0,0,0,0,0,0,0,0,0,392000,0,0,0,447000,55000,392000,392000
054558,劍麟群益99購01  ,0,0,0,0,0,0,0,0,0,391000,0,0,0,391000,0,391000,391000
049575,美食康和94購02  ,0,0,0,0,0,0,0,0,0,388000,0,0,0,388000,0,388000,388000
054949,奇力新元大98購01,0,0,0,0,0,0,0,0,0,387000,0,0,0,766000,379000,387000,387000
054710,東元元富97購01  ,0,0,0,0,0,0,0,0,0,387000,0,0,0,419000,32000,387000,387000
048871,晶豪科國票94購01,0,0,0,0,0,0,0,0,0,387000,0,0,0,643000,256000,387000,387000
048075,美利達元富93購02,0,0,0,0,0,0,0,0,0,387000,0,0,0,401000,14000,387000,387000
052070,GIS兆豐95購03   ,0,0,0,0,0,0,0,0,0,387000,0,0,0,387000,0,387000,387000
051823,矽力元富95購02  ,0,0,0,0,0,0,0,0,0,387000,0,0,0,387000,0,387000,387000
051435,聯茂元富95購01  ,0,0,0,0,0,0,0,0,0,385000,0,0,0,436000,51000,385000,385000
05680P,聯發科元大96售12,0,0,0,0,0,0,0,0,0,382000,0,0,0,383000,1000,382000,382000
051888,國巨元富95購05  ,0,0,0,0,0,0,0,0,0,382000,0,0,0,632000,250000,382000,382000
051591,玉晶光元大97購01,0,0,0,0,0,0,0,0,0,382000,0,0,0,382000,0,382000,382000
053113,瀚宇博兆豐97購01,0,0,0,0,0,0,0,0,0,382000,0,0,0,382000,0,382000,382000
054883,億光統一97購01  ,0,0,0,0,0,0,0,0,0,380000,0,0,0,544000,164000,380000,380000
053610,矽力中信98購01  ,0,0,0,0,0,0,0,0,0,379000,0,0,0,477000,98000,379000,379000
051405,世芯永豐95購01  ,0,0,0,0,0,0,0,0,0,379000,0,0,0,1212000,833000,379000,379000
6269,台郡            ,1445000,798000,647000,0,0,0,210000,140000,70000,-338000,27000,264000,-237000,8000,109000,-101000,379000
05214P,台積電國票97售02,0,0,0,0,0,0,0,0,0,378000,0,0,0,500000,122000,378000,378000
054896,聯茂日盛97購01  ,0,0,0,0,0,0,0,0,0,376000,0,0,0,504000,128000,376000,376000
054017,茂林永豐96購02  ,0,0,0,0,0,0,0,0,0,375000,0,0,0,385000,10000,375000,375000
044289,群創凱基93購04  ,0,0,0,0,0,0,0,0,0,375000,0,0,0,380000,5000,375000,375000
052610,貿聯元大97購01  ,0,0,0,0,0,0,0,0,0,375000,0,0,0,435000,60000,375000,375000
05580P,美律凱基96售03  ,0,0,0,0,0,0,0,0,0,373000,0,0,0,395000,22000,373000,373000
04019P,聯茂永豐93售01  ,0,0,0,0,0,0,0,0,0,373000,0,0,0,375000,2000,373000,373000
04795P,聯發科元大94售09,0,0,0,0,0,0,0,0,0,373000,0,0,0,434000,61000,373000,373000
055058,大毅永豐97購01  ,0,0,0,0,0,0,0,0,0,372000,0,0,0,395000,23000,372000,372000
052735,燿華富邦98購01  ,0,0,0,0,0,0,0,0,0,372000,0,0,0,375000,3000,372000,372000
051814,鈺齊凱基95購01  ,0,0,0,0,0,0,0,0,0,372000,0,0,0,555000,183000,372000,372000
048486,傳奇國泰95購01  ,0,0,0,0,0,0,0,0,0,370000,0,0,0,370000,0,370000,370000
050158,上海銀群益96購01,0,0,0,0,0,0,0,0,0,369000,0,0,0,390000,21000,369000,369000
051049,亞德客群益95購01,0,0,0,0,0,0,0,0,0,369000,0,0,0,748000,379000,369000,369000
3533,嘉澤            ,506000,102000,404000,0,0,0,0,9000,-9000,-26000,23000,25000,-2000,13000,37000,-24000,369000
054648,智原群益98購01  ,0,0,0,0,0,0,0,0,0,368000,0,0,0,378000,10000,368000,368000
05595P,友達統一96售02  ,0,0,0,0,0,0,0,0,0,368000,0,0,0,368000,0,368000,368000
052093,麗豐元大96購04  ,0,0,0,0,0,0,0,0,0,367000,0,0,0,373000,6000,367000,367000
048452,緯創凱基93購04  ,0,0,0,0,0,0,0,0,0,366000,0,0,0,424000,58000,366000,366000
045662,華邦電統一94購02,0,0,0,0,0,0,0,0,0,365000,0,0,0,485000,120000,365000,365000
05633P,台表科群益96售04,0,0,0,0,0,0,0,0,0,364000,0,0,0,422000,58000,364000,364000
054843,中環兆豐97購01  ,0,0,0,0,0,0,0,0,0,364000,0,0,0,372000,8000,364000,364000
04848P,康控凱基94售02  ,0,0,0,0,0,0,0,0,0,364000,0,0,0,364000,0,364000,364000
047421,聯茂富邦97購01  ,0,0,0,0,0,0,0,0,0,363000,0,0,0,404000,41000,363000,363000
047542,華通凱基94購02  ,0,0,0,0,0,0,0,0,0,362000,0,0,0,442000,80000,362000,362000
050753,百和統一94購01  ,0,0,0,0,0,0,0,0,0,362000,0,0,0,400000,38000,362000,362000
055420,欣興永豐98購01  ,0,0,0,0,0,0,0,0,0,361000,0,0,0,388000,27000,361000,361000
050639,GIS國票96購01   ,0,0,0,0,0,0,0,0,0,361000,0,0,0,361000,0,361000,361000
051130,百和群益96購01  ,0,0,0,0,0,0,0,0,0,361000,0,0,0,419000,58000,361000,361000
049625,智易群益95購01  ,0,0,0,0,0,0,0,0,0,359000,0,0,0,359000,0,359000,359000
036804,國巨元富93購01  ,0,0,0,0,0,0,0,0,0,358000,0,0,0,563000,205000,358000,358000
051453,智伸科元大95購02,0,0,0,0,0,0,0,0,0,358000,0,0,0,391000,33000,358000,358000
05247P,上銀群益95售01  ,0,0,0,0,0,0,0,0,0,358000,0,0,0,358000,0,358000,358000
054117,宏全康和96購01  ,0,0,0,0,0,0,0,0,0,356000,0,0,0,386000,30000,356000,356000
049411,大成鋼凱基94購01,0,0,0,0,0,0,0,0,0,355000,0,0,0,405000,50000,355000,355000
053167,欣興群益96購03  ,0,0,0,0,0,0,0,0,0,355000,0,0,0,891000,536000,355000,355000
053132,國巨國票97購02  ,0,0,0,0,0,0,0,0,0,354000,0,0,0,365000,11000,354000,354000
051212,國巨統一95購01  ,0,0,0,0,0,0,0,0,0,353000,0,0,0,355000,2000,353000,353000
052193,國巨元富95購06  ,0,0,0,0,0,0,0,0,0,352000,0,0,0,475000,123000,352000,352000
054950,奇力新元大98購02,0,0,0,0,0,0,0,0,0,351000,0,0,0,461000,110000,351000,351000
05473P,聯詠統一97售02  ,0,0,0,0,0,0,0,0,0,351000,0,0,0,426000,75000,351000,351000
03945P,欣興群益94售01  ,0,0,0,0,0,0,0,0,0,351000,0,0,0,352000,1000,351000,351000
055045,台肥永豐97購01  ,0,0,0,0,0,0,0,0,0,350000,0,0,0,350000,0,350000,350000
05716P,T50反1元大98售03,0,0,0,0,0,0,0,0,0,350000,0,0,0,350000,0,350000,350000
047632,儒鴻元大93購08  ,0,0,0,0,0,0,0,0,0,350000,0,0,0,354000,4000,350000,350000
04796P,聯發科元大94售10,0,0,0,0,0,0,0,0,0,350000,0,0,0,360000,10000,350000,350000
052255,T50反1國泰96購01,0,0,0,0,0,0,0,0,0,350000,0,0,0,350000,0,350000,350000
1227,佳格            ,586962,159000,427962,0,0,0,0,0,0,-78000,0,78000,-78000,0,0,0,349962
05400P,台積電永豐95售05,0,0,0,0,0,0,0,0,0,349000,0,0,0,414000,65000,349000,349000
048357,漢唐永豐93購04  ,0,0,0,0,0,0,0,0,0,348000,0,0,0,403000,55000,348000,348000
048279,聯鈞永豐93購01  ,0,0,0,0,0,0,0,0,0,348000,0,0,0,434000,86000,348000,348000
051826,智邦元大95購03  ,0,0,0,0,0,0,0,0,0,347000,0,0,0,397000,50000,347000,347000
046730,瀚宇博元大93購02,0,0,0,0,0,0,0,0,0,346000,0,0,0,346000,0,346000,346000
05005P,台表科統一95售01,0,0,0,0,0,0,0,0,0,346000,0,0,0,523000,177000,346000,346000
047673,瑞昱元富96購01  ,0,0,0,0,0,0,0,0,0,346000,0,0,0,346000,0,346000,346000
052256,台泥國泰96購01  ,0,0,0,0,0,0,0,0,0,346000,0,0,0,517000,171000,346000,346000
05002P,台積電統一95售03,0,0,0,0,0,0,0,0,0,345000,0,0,0,365000,20000,345000,345000
049198,聯鈞永豐94購01  ,0,0,0,0,0,0,0,0,0,345000,0,0,0,348000,3000,345000,345000
053095,台光電統一98購01,0,0,0,0,0,0,0,0,0,345000,0,0,0,370000,25000,345000,345000
05843P,台積電元大96售16,0,0,0,0,0,0,0,0,0,345000,0,0,0,400000,55000,345000,345000
054427,潤泰全富邦97購01,0,0,0,0,0,0,0,0,0,344000,0,0,0,395000,51000,344000,344000
052586,晶豪科永豐96購01,0,0,0,0,0,0,0,0,0,344000,0,0,0,356000,12000,344000,344000
054902,億光康和97購01  ,0,0,0,0,0,0,0,0,0,343000,0,0,0,370000,27000,343000,343000
049652,GIS凱基94購05   ,0,0,0,0,0,0,0,0,0,343000,0,0,0,395000,52000,343000,343000
052494,百和中信95購02  ,0,0,0,0,0,0,0,0,0,343000,0,0,0,353000,10000,343000,343000
052893,聯電群益98購01  ,0,0,0,0,0,0,0,0,0,343000,0,0,0,415000,72000,343000,343000
052431,茂林永豐95購03  ,0,0,0,0,0,0,0,0,0,342000,0,0,0,419000,77000,342000,342000
049957,智邦統一94購01  ,0,0,0,0,0,0,0,0,0,341000,0,0,0,350000,9000,341000,341000
047324,康普元大93購01  ,0,0,0,0,0,0,0,0,0,341000,0,0,0,341000,0,341000,341000
049805,美食元大94購02  ,0,0,0,0,0,0,0,0,0,341000,0,0,0,341000,0,341000,341000
054622,漢唐第一97購01  ,0,0,0,0,0,0,0,0,0,340000,0,0,0,455000,115000,340000,340000
048117,南電群益93購02  ,0,0,0,0,0,0,0,0,0,340000,0,0,0,349000,9000,340000,340000
051996,康友元大95購01  ,0,0,0,0,0,0,0,0,0,340000,0,0,0,482000,142000,340000,340000
049027,智易群益94購02  ,0,0,0,0,0,0,0,0,0,339000,0,0,0,339000,0,339000,339000
05119P,聯發科國泰96售02,0,0,0,0,0,0,0,0,0,339000,0,0,0,659000,320000,339000,339000
050757,聯發科元富94購03,0,0,0,0,0,0,0,0,0,339000,0,0,0,533000,194000,339000,339000
05361P,聯發科富邦97售01,0,0,0,0,0,0,0,0,0,338000,0,0,0,377000,39000,338000,338000
054711,禾伸堂元富97購01,0,0,0,0,0,0,0,0,0,338000,0,0,0,366000,28000,338000,338000
055125,智原兆豐97購01  ,0,0,0,0,0,0,0,0,0,338000,0,0,0,338000,0,338000,338000
055446,奇力新統一9A購01,0,0,0,0,0,0,0,0,0,338000,0,0,0,455000,117000,338000,338000
03673P,康控元富92售02  ,0,0,0,0,0,0,0,0,0,337000,0,0,0,347000,10000,337000,337000
053013,台積電統一97購01,0,0,0,0,0,0,0,0,0,337000,0,0,0,629000,292000,337000,337000
2385,群光            ,1586018,1154000,432018,0,0,0,0,6000,-6000,-90000,0,56000,-56000,6000,40000,-34000,336018
053638,信邦永豐96購01  ,0,0,0,0,0,0,0,0,0,335000,0,0,0,335000,0,335000,335000
049300,南電群益94購01  ,0,0,0,0,0,0,0,0,0,334000,0,0,0,519000,185000,334000,334000
05055P,台表科群益95售01,0,0,0,0,0,0,0,0,0,332000,0,0,0,339000,7000,332000,332000
052179,康友元大95購03  ,0,0,0,0,0,0,0,0,0,332000,0,0,0,894000,562000,332000,332000
2351,順德            ,177000,62000,115000,0,0,0,173000,100000,73000,143000,152000,23000,129000,16000,2000,14000,331000
05004P,健策統一95售01  ,0,0,0,0,0,0,0,0,0,330000,0,0,0,350000,20000,330000,330000
047394,合勤控元大93購02,0,0,0,0,0,0,0,0,0,330000,0,0,0,330000,0,330000,330000
3518,柏騰            ,542000,212000,330000,0,0,0,0,0,0,0,0,0,0,0,0,0,330000
048315,聯發科凱基93購32,0,0,0,0,0,0,0,0,0,329000,0,0,0,520000,191000,329000,329000
05575P,玉晶光元富96售01,0,0,0,0,0,0,0,0,0,328000,0,0,0,350000,22000,328000,328000
047054,聯詠國票93購01  ,0,0,0,0,0,0,0,0,0,328000,0,0,0,330000,2000,328000,328000
053012,國巨統一96購03  ,0,0,0,0,0,0,0,0,0,328000,0,0,0,350000,22000,328000,328000
047954,漢唐永豐93購02  ,0,0,0,0,0,0,0,0,0,327000,0,0,0,401000,74000,327000,327000
053322,京鼎群益97購01  ,0,0,0,0,0,0,0,0,0,327000,0,0,0,359000,32000,327000,327000
049350,麗豐康和94購01  ,0,0,0,0,0,0,0,0,0,326000,0,0,0,372000,46000,326000,326000
053026,奇力新富邦98購01,0,0,0,0,0,0,0,0,0,326000,0,0,0,364000,38000,326000,326000
05116P,台積電群益95售03,0,0,0,0,0,0,0,0,0,326000,0,0,0,326000,0,326000,326000
055140,晶相光永豐97購01,0,0,0,0,0,0,0,0,0,325000,0,0,0,347000,22000,325000,325000
050190,麗豐元大95購02  ,0,0,0,0,0,0,0,0,0,324000,0,0,0,503000,179000,324000,324000
050685,緯穎元富94購02  ,0,0,0,0,0,0,0,0,0,324000,0,0,0,635000,311000,324000,324000
055178,晶豪科統一97購01,0,0,0,0,0,0,0,0,0,323000,0,0,0,323000,0,323000,323000
049620,美食群益94購01  ,0,0,0,0,0,0,0,0,0,323000,0,0,0,423000,100000,323000,323000
054890,聯鈞統一99購01  ,0,0,0,0,0,0,0,0,0,322000,0,0,0,506000,184000,322000,322000
054837,欣興第一97購01  ,0,0,0,0,0,0,0,0,0,321000,0,0,0,415000,94000,321000,321000
052977,奇力新麥證97購01,0,0,0,321000,0,321000,0,0,0,321000,0,0,0,321000,0,321000,321000
1717,長興            ,557000,164000,393000,0,0,0,0,0,0,-72000,50000,122000,-72000,0,0,0,321000
048971,美食元大94購01  ,0,0,0,0,0,0,0,0,0,320000,0,0,0,320000,0,320000,320000
052231,景碩凱基96購01  ,0,0,0,0,0,0,0,0,0,319000,0,0,0,319000,0,319000,319000
048200,欣興元大93購07  ,0,0,0,0,0,0,0,0,0,318000,0,0,0,318000,0,318000,318000
3515,華擎            ,372000,72000,300000,0,0,0,0,0,0,17000,0,26000,-26000,43000,0,43000,317000
053891,欣興群益98購01  ,0,0,0,0,0,0,0,0,0,316000,0,0,0,399000,83000,316000,316000
05437P,聯詠永豐95售02  ,0,0,0,0,0,0,0,0,0,316000,0,0,0,367000,51000,316000,316000
054988,凱美元富97購02  ,0,0,0,0,0,0,0,0,0,315000,0,0,0,333000,18000,315000,315000
055039,神達富邦99購01  ,1000,0,1000,0,0,0,0,0,0,313000,0,0,0,539000,226000,313000,314000
054415,奇力新元大96購06,0,0,0,0,0,0,0,0,0,314000,0,0,0,376000,62000,314000,314000
048031,全新凱基93購02  ,0,0,0,0,0,0,0,0,0,314000,0,0,0,314000,0,314000,314000
051234,南電群益95購02  ,0,0,0,0,0,0,0,0,0,314000,0,0,0,323000,9000,314000,314000
2354,鴻準            ,1321131,905521,415610,0,0,0,0,1691,-1691,-100000,3000,103000,-100000,0,0,0,313919
2201,裕隆            ,667000,185000,482000,0,0,0,0,0,0,-169000,0,134000,-134000,1000,36000,-35000,313000
053502,智伸科兆豐97購01,0,0,0,0,0,0,0,0,0,312000,0,0,0,332000,20000,312000,312000
049690,義隆元大95購02  ,0,0,0,0,0,0,0,0,0,312000,0,0,0,555000,243000,312000,312000
050031,嘉澤元大95購01  ,0,0,0,0,0,0,0,0,0,311000,0,0,0,527000,216000,311000,311000
048131,全新國票94購02  ,0,0,0,0,0,0,0,0,0,311000,0,0,0,313000,2000,311000,311000
051892,台光電元富95購03,0,0,0,0,0,0,0,0,0,311000,0,0,0,367000,56000,311000,311000
048547,訊芯永豐93購03  ,0,0,0,0,0,0,0,0,0,310000,0,0,0,572000,262000,310000,310000
049696,欣興元大95購02  ,0,0,0,0,0,0,0,0,0,310000,0,0,0,328000,18000,310000,310000
045461,廣達元大92購01  ,0,0,0,0,0,0,0,0,0,309000,0,0,0,309000,0,309000,309000
049763,美食國泰96購01  ,0,0,0,0,0,0,0,0,0,309000,0,0,0,657000,348000,309000,309000
046871,美律元富93購01  ,0,0,0,0,0,0,0,0,0,309000,0,0,0,339000,30000,309000,309000
052023,鈺齊永豐95購02  ,0,0,0,0,0,0,0,0,0,309000,0,0,0,612000,303000,309000,309000
053187,國巨統一96購05  ,0,0,0,0,0,0,0,0,0,309000,0,0,0,397000,88000,309000,309000
04379P,大立光元大94售06,0,0,0,0,0,0,0,0,0,308000,0,0,0,425000,117000,308000,308000
052343,同欣電凱基95購03,0,0,0,0,0,0,0,0,0,308000,0,0,0,437000,129000,308000,308000
053538,京鼎永豐96購03  ,0,0,0,0,0,0,0,0,0,307000,0,0,0,440000,133000,307000,307000
04870P,大立光元富94售11,0,0,0,0,0,0,0,0,0,307000,0,0,0,307000,0,307000,307000
052937,國巨兆豐97購01  ,0,0,0,0,0,0,0,0,0,307000,0,0,0,759000,452000,307000,307000
053514,麗豐群益96購01  ,0,0,0,0,0,0,0,0,0,306000,0,0,0,322000,16000,306000,306000
050526,貿聯元大95購01  ,0,0,0,0,0,0,0,0,0,306000,0,0,0,419000,113000,306000,306000
045516,聯茂統一94購01  ,0,0,0,0,0,0,0,0,0,305000,0,0,0,389000,84000,305000,305000
048933,晶豪科永豐94購01,0,0,0,0,0,0,0,0,0,305000,0,0,0,330000,25000,305000,305000
051889,智邦元富95購02  ,0,0,0,0,0,0,0,0,0,304000,0,0,0,408000,104000,304000,304000
051063,台郡群益95購01  ,0,0,0,0,0,0,0,0,0,304000,0,0,0,385000,81000,304000,304000
055266,京鼎永豐97購01  ,0,0,0,0,0,0,0,0,0,303000,0,0,0,373000,70000,303000,303000
046011,欣興元富95購01  ,0,0,0,0,0,0,0,0,0,303000,0,0,0,375000,72000,303000,303000
048905,旺宏富邦96購01  ,0,0,0,0,0,0,0,0,0,303000,0,0,0,318000,15000,303000,303000
054913,億光凱基97購01  ,0,0,0,0,0,0,0,0,0,302000,0,0,0,371000,69000,302000,302000
04654P,臺股指凱基94售13,0,0,0,0,0,0,0,0,0,302000,0,0,0,362000,60000,302000,302000
052113,漢唐中信98購01  ,0,0,0,0,0,0,0,0,0,302000,0,0,0,317000,15000,302000,302000
052281,全新凱基97購01  ,0,0,0,0,0,0,0,0,0,302000,0,0,0,302000,0,302000,302000
049241,智邦元富94購01  ,0,0,0,0,0,0,0,0,0,301000,0,0,0,335000,34000,301000,301000
052286,力成凱基95購02  ,0,0,0,0,0,0,0,0,0,301000,0,0,0,301000,0,301000,301000
05967P,臺股指麥證96售02,0,0,0,301000,0,301000,0,0,0,301000,0,0,0,301000,0,301000,301000
053800,華通凱基97購03  ,0,0,0,0,0,0,0,0,0,300000,0,0,0,300000,0,300000,300000
046690,元油2X凱基93購03,0,0,0,0,0,0,0,0,0,300000,0,0,0,300000,0,300000,300000
044635,世紀鋼元大92購02,0,0,0,0,0,0,0,0,0,300000,0,0,0,300000,0,300000,300000
045900,臻鼎元大92購05  ,0,0,0,0,0,0,0,0,0,300000,0,0,0,300000,0,300000,300000
03626P,可成兆豐93售03  ,0,0,0,0,0,0,0,0,0,300000,0,0,0,300000,0,300000,300000
043991,TPK元大92購01   ,0,0,0,0,0,0,0,0,0,300000,0,0,0,300000,0,300000,300000
047628,新光金國票95購02,0,0,0,0,0,0,0,0,0,300000,0,0,0,300000,0,300000,300000
050834,啟碁凱基95購01  ,0,0,0,0,0,0,0,0,0,300000,0,0,0,300000,0,300000,300000
051611,鈺齊群益95購02  ,0,0,0,0,0,0,0,0,0,300000,0,0,0,383000,83000,300000,300000
053444,奇力新凱基96購03,0,0,0,0,0,0,0,0,0,299000,0,0,0,1252000,953000,299000,299000
05786P,臺股指永昌96售03,0,0,0,0,0,0,0,0,0,299000,1940000,0,1940000,700000,2341000,-1641000,299000
050360,T50反1元大94購06,0,0,0,0,0,0,0,0,0,299000,0,0,0,299000,0,299000,299000
050361,T50反1元大94購07,0,0,0,0,0,0,0,0,0,299000,0,0,0,299000,0,299000,299000
051709,TPK群益95購02   ,0,0,0,0,0,0,0,0,0,299000,0,0,0,299000,0,299000,299000
051975,美食凱基95購02  ,0,0,0,0,0,0,0,0,0,299000,0,0,0,327000,28000,299000,299000
051376,力山群益95購01  ,0,0,0,0,0,0,0,0,0,299000,0,0,0,299000,0,299000,299000
051328,力山永豐95購01  ,0,0,0,0,0,0,0,0,0,299000,0,0,0,299000,0,299000,299000
050941,T50反1群益95購01,0,0,0,0,0,0,0,0,0,299000,0,0,0,299000,0,299000,299000
053281,茂林元大96購02  ,0,0,0,0,0,0,0,0,0,299000,0,0,0,547000,248000,299000,299000
046333,康友元大92購05  ,0,0,0,0,0,0,0,0,0,298000,0,0,0,349000,51000,298000,298000
051383,京鼎群益96購02  ,0,0,0,0,0,0,0,0,0,297000,0,0,0,348000,51000,297000,297000
046742,智原日盛93購01  ,0,0,0,0,0,0,0,0,0,296000,0,0,0,296000,0,296000,296000
040721,大立光富邦92購01,0,0,0,0,0,0,0,0,0,296000,0,0,0,431000,135000,296000,296000
053973,晶豪科元大96購01,0,0,0,0,0,0,0,0,0,294000,0,0,0,385000,91000,294000,294000
05784P,臺股指元大96售18,0,0,0,0,0,0,0,0,0,293000,0,0,0,334000,41000,293000,293000
051035,百和兆豐95購01  ,0,0,0,0,0,0,0,0,0,293000,0,0,0,303000,10000,293000,293000
050602,訊芯國泰96購01  ,0,0,0,0,0,0,0,0,0,293000,0,0,0,380000,87000,293000,293000
054951,大毅元大97購01  ,0,0,0,0,0,0,0,0,0,292000,0,0,0,614000,322000,292000,292000
04054P,滬深2X富邦96售02,0,0,0,0,0,0,0,0,0,292000,0,0,0,390000,98000,292000,292000
046577,東元元大92購02  ,0,0,0,0,0,0,0,0,0,292000,0,0,0,300000,8000,292000,292000
049032,百和群益94購04  ,0,0,0,0,0,0,0,0,0,292000,0,0,0,402000,110000,292000,292000
051351,台積電元大95購15,0,0,0,0,0,0,0,0,0,292000,0,0,0,471000,179000,292000,292000
05144P,美律永豐95售02  ,0,0,0,0,0,0,0,0,0,292000,0,0,0,324000,32000,292000,292000
053263,華邦電群益96購03,0,0,0,0,0,0,0,0,0,292000,0,0,0,656000,364000,292000,292000
054830,世芯國泰99購01  ,0,0,0,0,0,0,0,0,0,291000,0,0,0,379000,88000,291000,291000
04080P,可成元大93售11  ,0,0,0,0,0,0,0,0,0,291000,0,0,0,296000,5000,291000,291000
05414P,台表科國票96售02,0,0,0,0,0,0,0,0,0,290000,0,0,0,290000,0,290000,290000
04542P,致伸永豐94售01  ,0,0,0,0,0,0,0,0,0,290000,0,0,0,400000,110000,290000,290000
042615,S&P反1國票91購01,0,0,0,0,0,0,0,0,0,290000,0,0,0,290000,0,290000,290000
044879,上証2X群益93購01,0,0,0,0,0,0,0,0,0,290000,0,0,0,310000,20000,290000,290000
05128P,聯發科中信97售03,0,0,0,0,0,0,0,0,0,290000,0,0,0,290000,0,290000,290000
3563,牧德            ,184000,52000,132000,0,0,0,105000,0,105000,53000,8000,2000,6000,53000,6000,47000,290000
05682P,大立光元大98售03,0,0,0,0,0,0,0,0,0,289000,0,0,0,379000,90000,289000,289000
050051,智原群益94購01  ,0,0,0,0,0,0,0,0,0,289000,0,0,0,335000,46000,289000,289000
052015,漢唐永豐95購02  ,0,0,0,0,0,0,0,0,0,288000,0,0,0,303000,15000,288000,288000
054616,智伸科永豐97購01,0,0,0,0,0,0,0,0,0,287000,0,0,0,300000,13000,287000,287000
053396,漢唐中信9A購01  ,0,0,0,0,0,0,0,0,0,287000,0,0,0,420000,133000,287000,287000
053022,欣興國泰98購01  ,0,0,0,0,0,0,0,0,0,287000,0,0,0,328000,41000,287000,287000
054044,京元電元大96購03,0,0,0,0,0,0,0,0,0,286000,0,0,0,466000,180000,286000,286000
054952,大毅元大97購02  ,0,0,0,0,0,0,0,0,0,286000,0,0,0,580000,294000,286000,286000
042903,金寶元大94購01  ,0,0,0,0,0,0,0,0,0,286000,0,0,0,287000,1000,286000,286000
051943,台積電麥證95購03,0,0,0,306000,20000,286000,0,0,0,286000,0,0,0,306000,20000,286000,286000
047292,台光電元富96購01,0,0,0,0,0,0,0,0,0,285000,0,0,0,285000,0,285000,285000
051530,鴻海國票97購01  ,0,0,0,0,0,0,0,0,0,283000,0,0,0,649000,366000,283000,283000
2369,菱生            ,453000,139000,314000,0,0,0,0,0,0,-31000,0,31000,-31000,0,0,0,283000
04357P,智易永豐94售01  ,0,0,0,0,0,0,0,0,0,282000,0,0,0,282000,0,282000,282000
051585,美食元大95購01  ,0,0,0,0,0,0,0,0,0,281000,0,0,0,521000,240000,281000,281000
054188,欣興永豐96購03  ,0,0,0,0,0,0,0,0,0,280000,0,0,0,314000,34000,280000,280000
054618,訊芯永豐97購01  ,0,0,0,0,0,0,0,0,0,280000,0,0,0,594000,314000,280000,280000
051828,微星元大95購03  ,0,0,0,0,0,0,0,0,0,280000,0,0,0,335000,55000,280000,280000
053465,聯電元大96購05  ,0,0,0,0,0,0,0,0,0,279000,0,0,0,332000,53000,279000,279000
055392,凱美統一97購03  ,0,0,0,0,0,0,0,0,0,279000,0,0,0,373000,94000,279000,279000
049955,崇越群益95購01  ,0,0,0,0,0,0,0,0,0,279000,0,0,0,280000,1000,279000,279000
045090,瀚宇博元大93購01,0,0,0,0,0,0,0,0,0,279000,0,0,0,279000,0,279000,279000
04831P,聯詠富邦96售01  ,0,0,0,0,0,0,0,0,0,279000,0,0,0,300000,21000,279000,279000
049353,茂林永豐94購03  ,0,0,0,0,0,0,0,0,0,279000,0,0,0,578000,299000,279000,279000
053537,玉晶光永豐98購02,0,0,0,0,0,0,0,0,0,278000,0,0,0,309000,31000,278000,278000
054235,欣興群益96購06  ,0,0,0,0,0,0,0,0,0,278000,0,0,0,298000,20000,278000,278000
03026P,國巨元大01售13  ,0,0,0,0,0,0,0,0,0,278000,0,0,0,278000,0,278000,278000
048857,晶豪科群益94購01,0,0,0,0,0,0,0,0,0,278000,0,0,0,278000,0,278000,278000
054561,奇力新群益97購03,0,0,0,0,0,0,0,0,0,277000,0,0,0,425000,148000,277000,277000
055415,禾伸堂富邦9B購01,0,0,0,0,0,0,0,0,0,277000,0,0,0,542000,265000,277000,277000
051028,台光電元富95購02,0,0,0,0,0,0,0,0,0,277000,0,0,0,283000,6000,277000,277000
052928,美律元大98購01  ,0,0,0,0,0,0,0,0,0,277000,0,0,0,377000,100000,277000,277000
055199,國喬群益97購01  ,0,0,0,0,0,0,0,0,0,276000,0,0,0,276000,0,276000,276000
045575,智邦元大92購06  ,0,0,0,0,0,0,0,0,0,276000,0,0,0,276000,0,276000,276000
052914,奇力新元富96購01,0,0,0,0,0,0,0,0,0,276000,0,0,0,401000,125000,276000,276000
052738,聯電元大98購02  ,0,0,0,0,0,0,0,0,0,276000,0,0,0,281000,5000,276000,276000
052517,滬深2X元大95購05,0,0,0,0,0,0,0,0,0,276000,0,0,0,293000,17000,276000,276000
05026P,貿聯群益95售01  ,0,0,0,0,0,0,0,0,0,275000,0,0,0,275000,0,275000,275000
053822,正文群益97購01  ,0,0,0,0,0,0,0,0,0,274000,0,0,0,275000,1000,274000,274000
050404,元大金麥證94購01,0,116000,-116000,412000,22000,390000,0,0,0,390000,0,0,0,412000,22000,390000,274000
05939P,聯發科凱基96售20,0,0,0,0,0,0,0,0,0,273000,0,0,0,284000,11000,273000,273000
9105,泰金寶-DR       ,618000,345000,273000,0,0,0,0,0,0,0,0,0,0,0,0,0,273000
044877,旺宏元富91購01  ,0,0,0,0,0,0,0,0,0,272000,0,0,0,272000,0,272000,272000
051122,美食群益95購01  ,0,0,0,0,0,0,0,0,0,272000,0,0,0,377000,105000,272000,272000
054795,合勤控群益98購01,0,0,0,0,0,0,0,0,0,271000,0,0,0,284000,13000,271000,271000
050276,百和元大94購03  ,0,0,0,0,0,0,0,0,0,271000,0,0,0,328000,57000,271000,271000
053421,南亞科永豐96購01,0,0,0,0,0,0,0,0,0,270000,0,0,0,270000,0,270000,270000
051904,深100元大95購01 ,0,0,0,0,0,0,0,0,0,270000,0,0,0,270000,0,270000,270000
051925,瀚宇博第一95購01,0,0,0,0,0,0,0,0,0,270000,0,0,0,270000,0,270000,270000
05401P,聯茂永豐95售03  ,0,0,0,0,0,0,0,0,0,269000,0,0,0,274000,5000,269000,269000
054914,億光凱基98購01  ,0,0,0,0,0,0,0,0,0,269000,0,0,0,355000,86000,269000,269000
049891,T50反1富邦94購02,0,0,0,0,0,0,0,0,0,269000,0,0,0,299000,30000,269000,269000
052502,瀚宇博永豐95購02,0,0,0,0,0,0,0,0,0,269000,0,0,0,309000,40000,269000,269000
04627P,聯發科元大94售08,0,0,0,0,0,0,0,0,0,268000,0,0,0,268000,0,268000,268000
040197,晶電群益92購01  ,0,0,0,0,0,0,0,0,0,268000,0,0,0,270000,2000,268000,268000
03841P,聯發科統一93售02,0,0,0,0,0,0,0,0,0,268000,0,0,0,358000,90000,268000,268000
048583,智原富邦98購01  ,0,0,0,0,0,0,0,0,0,268000,0,0,0,273000,5000,268000,268000
051753,華通元大96購03  ,0,0,0,0,0,0,0,0,0,268000,0,0,0,278000,10000,268000,268000
055132,台虹康和97購01  ,0,0,0,0,0,0,0,0,0,267000,0,0,0,267000,0,267000,267000
053455,台光電元富96購02,0,0,0,0,0,0,0,0,0,267000,0,0,0,267000,0,267000,267000
04117P,聯發科元大93售21,0,0,0,0,0,0,0,0,0,267000,0,0,0,368000,101000,267000,267000
049570,華新科統一94購04,0,0,0,0,0,0,0,0,0,267000,0,0,0,346000,79000,267000,267000
048269,瀚宇博國泰95購01,0,0,0,0,0,0,0,0,0,267000,0,0,0,552000,285000,267000,267000
052770,聯茂群益96購02  ,0,0,0,0,0,0,0,0,0,267000,0,0,0,273000,6000,267000,267000
04194P,欣興永豐93售05  ,0,0,0,0,0,0,0,0,0,266000,0,0,0,266000,0,266000,266000
048127,麗豐元大94購01  ,0,0,0,0,0,0,0,0,0,266000,0,0,0,324000,58000,266000,266000
055393,華新科統一97購03,0,0,0,0,0,0,0,0,0,265000,0,0,0,265000,0,265000,265000
045376,友訊元大93購01  ,0,0,0,0,0,0,0,0,0,265000,0,0,0,275000,10000,265000,265000
051540,力成國票95購01  ,0,0,0,0,0,0,0,0,0,265000,0,0,0,276000,11000,265000,265000
051392,玉山金兆豐95購01,0,0,0,0,0,0,0,0,0,265000,0,0,0,327000,62000,265000,265000
06014P,聯發科富邦97售02,0,0,0,0,0,0,0,0,0,265000,0,0,0,276000,11000,265000,265000
053316,友達群益9A購01  ,0,0,0,0,0,0,0,0,0,264000,0,0,0,274000,10000,264000,264000
050029,美食元大94購04  ,0,0,0,0,0,0,0,0,0,263000,0,0,0,268000,5000,263000,263000
049706,世紀鋼元大95購02,0,0,0,0,0,0,0,0,0,263000,0,0,0,263000,0,263000,263000
049293,友訊群益95購01  ,0,0,0,0,0,0,0,0,0,262000,0,0,0,431000,169000,262000,262000
6005,群益證          ,506000,244000,262000,0,0,0,0,0,0,0,0,0,0,0,0,0,262000
055181,日電貿統一97購01,0,0,0,0,0,0,0,0,0,261000,0,0,0,276000,15000,261000,261000
2537,聯上發          ,276000,15000,261000,0,0,0,0,0,0,0,0,0,0,0,0,0,261000
053160,台表科元大96購03,0,0,0,0,0,0,0,0,0,260000,0,0,0,260000,0,260000,260000
05411P,台積電國票96售08,0,0,0,0,0,0,0,0,0,259000,0,0,0,259000,0,259000,259000
049036,燿華兆豐95購01  ,0,0,0,0,0,0,0,0,0,259000,0,0,0,259000,0,259000,259000
04859P,台達電群益94售04,0,0,0,0,0,0,0,0,0,259000,0,0,0,260000,1000,259000,259000
052484,矽創群益95購02  ,0,0,0,0,0,0,0,0,0,259000,0,0,0,259000,0,259000,259000
043775,友達兆豐92購01  ,0,0,0,0,0,0,0,0,0,258000,0,0,0,263000,5000,258000,258000
047961,百和永豐93購03  ,0,0,0,0,0,0,0,0,0,258000,0,0,0,314000,56000,258000,258000
052996,聯電康和96購01  ,0,0,0,0,0,0,0,0,0,258000,0,0,0,258000,0,258000,258000
054672,華新科國泰99購01,0,0,0,0,0,0,0,0,0,257000,0,0,0,302000,45000,257000,257000
050772,美食元大94購06  ,0,0,0,0,0,0,0,0,0,257000,0,0,0,257000,0,257000,257000
054833,京鼎中信97購01  ,0,0,0,0,0,0,0,0,0,256000,0,0,0,476000,220000,256000,256000
054459,鈺齊群益96購01  ,0,0,0,0,0,0,0,0,0,256000,0,0,0,325000,69000,256000,256000
04958P,和大凱基94售04  ,0,0,0,0,0,0,0,0,0,256000,0,0,0,258000,2000,256000,256000
051747,貿聯國泰96購01  ,0,0,0,0,0,0,0,0,0,256000,0,0,0,300000,44000,256000,256000
051891,智邦元富95購04  ,0,0,0,0,0,0,0,0,0,254000,0,0,0,274000,20000,254000,254000
052501,茂林永豐95購04  ,0,0,0,0,0,0,0,0,0,254000,0,0,0,353000,99000,254000,254000
04201P,智原群益93售01  ,0,0,0,0,0,0,0,0,0,253000,0,0,0,253000,0,253000,253000
049769,和鑫元富96購01  ,0,0,0,0,0,0,0,0,0,253000,0,0,0,253000,0,253000,253000
04367P,滬深2X凱基95售04,0,0,0,0,0,0,0,0,0,252000,0,0,0,452000,200000,252000,252000
053069,同欣電群益98購01,0,0,0,0,0,0,0,0,0,252000,0,0,0,274000,22000,252000,252000
050207,百和群益95購01  ,0,0,0,0,0,0,0,0,0,251000,0,0,0,332000,81000,251000,251000
05048P,同欣電永豐95售01,0,0,0,0,0,0,0,0,0,251000,0,0,0,251000,0,251000,251000
053920,新光金國票98購01,0,0,0,0,0,0,0,0,0,250000,0,0,0,250000,0,250000,250000
055002,群創元富99購04  ,0,0,0,0,0,0,0,0,0,250000,0,0,0,270000,20000,250000,250000
05579P,友達凱基98售03  ,0,0,0,0,0,0,0,0,0,250000,0,0,0,250000,0,250000,250000
044241,華新科統一92購01,0,0,0,0,0,0,0,0,0,250000,0,0,0,260000,10000,250000,250000
042561,南電兆豐92購01  ,0,0,0,0,0,0,0,0,0,250000,0,0,0,252000,2000,250000,250000
046388,GIS凱基92購02   ,0,0,0,0,0,0,0,0,0,250000,0,0,0,260000,10000,250000,250000
049078,瑞昱凱基94購02  ,0,0,0,0,0,0,0,0,0,250000,0,0,0,291000,41000,250000,250000
047842,聯茂元大93購06  ,0,0,0,0,0,0,0,0,0,250000,0,0,0,250000,0,250000,250000
054858,台肥群益97購01  ,0,0,0,0,0,0,0,0,0,249000,0,0,0,271000,22000,249000,249000
053899,矽創群益96購02  ,0,0,0,0,0,0,0,0,0,249000,0,0,0,259000,10000,249000,249000
049994,聯茂台新94購02  ,0,0,0,0,0,0,0,0,0,249000,0,0,0,249000,0,249000,249000
04771P,友達元大96售02  ,0,0,0,0,0,0,0,0,0,249000,0,0,0,249000,0,249000,249000
04875P,台積電中信94售04,0,0,0,0,0,0,0,0,0,249000,0,0,0,260000,11000,249000,249000
054488,禾伸堂台新96購01,0,0,0,0,0,0,0,0,0,248000,0,0,0,278000,30000,248000,248000
05028P,康控永豐95售02  ,0,0,0,0,0,0,0,0,0,248000,0,0,0,248000,0,248000,248000
052931,麗豐元大97購01  ,0,0,0,0,0,0,0,0,0,248000,0,0,0,377000,129000,248000,248000
054872,瀚宇博群益98購01,0,0,0,0,0,0,0,0,0,247000,0,0,0,247000,0,247000,247000
054889,京鼎統一99購01  ,0,0,0,0,0,0,0,0,0,247000,0,0,0,247000,0,247000,247000
044764,聯茂凱基93購03  ,0,0,0,0,0,0,0,0,0,247000,0,0,0,297000,50000,247000,247000
045523,元油2X永豐92購03,0,0,0,0,0,0,0,0,0,247000,0,0,0,247000,0,247000,247000
00676R,富邦臺灣加權反1 ,0,34000,-34000,0,0,0,0,0,0,281000,0,0,0,525000,244000,281000,247000
050133,鈺齊凱基94購01  ,0,0,0,0,0,0,0,0,0,247000,0,0,0,538000,291000,247000,247000
053155,晶技元大97購02  ,0,0,0,0,0,0,0,0,0,247000,0,0,0,247000,0,247000,247000
05199P,訊芯永豐95售02  ,0,0,0,0,0,0,0,0,0,247000,0,0,0,264000,17000,247000,247000
00659R,國泰日本反1     ,0,0,0,0,0,0,0,0,0,246000,0,0,0,248000,2000,246000,246000
039951,鴻海群益91購01  ,0,0,0,0,0,0,0,0,0,246000,0,0,0,246000,0,246000,246000
048668,奇力新永豐93購04,0,0,0,0,0,0,0,0,0,246000,0,0,0,256000,10000,246000,246000
052564,美食日盛96購01  ,0,0,0,0,0,0,0,0,0,246000,0,0,0,246000,0,246000,246000
051890,智邦元富95購03  ,0,0,0,0,0,0,0,0,0,246000,0,0,0,246000,0,246000,246000
054782,國巨群益97購01  ,0,0,0,0,0,0,0,0,0,245000,0,0,0,245000,0,245000,245000
055237,晶豪科台新97購01,0,0,0,0,0,0,0,0,0,245000,0,0,0,275000,30000,245000,245000
043270,康控國泰92購01  ,0,0,0,0,0,0,0,0,0,245000,0,0,0,245000,0,245000,245000
050269,欣興元大94購09  ,0,0,0,0,0,0,0,0,0,245000,0,0,0,327000,82000,245000,245000
050835,GIS凱基96購01   ,0,0,0,0,0,0,0,0,0,245000,0,0,0,260000,15000,245000,245000
05899P,臺股指凱基96售30,0,0,0,0,0,0,0,0,0,245000,0,0,0,291000,46000,245000,245000
03908P,致茂元大93售03  ,0,0,0,0,0,0,0,0,0,244000,0,0,0,328000,84000,244000,244000
047418,智邦富邦97購01  ,0,0,0,0,0,0,0,0,0,244000,0,0,0,453000,209000,244000,244000
045570,元油2X元大92購02,0,0,0,0,0,0,0,0,0,243000,0,0,0,243000,0,243000,243000
048901,矽格國泰95購01  ,0,0,0,0,0,0,0,0,0,243000,0,0,0,457000,214000,243000,243000
046904,大毅凱基93購01  ,0,0,0,0,0,0,0,0,0,243000,0,0,0,248000,5000,243000,243000
048278,聯發科永豐93購03,0,0,0,0,0,0,0,0,0,242000,0,0,0,1438000,1196000,242000,242000
054642,訊芯中信9A購01  ,0,0,0,0,0,0,0,0,0,241000,0,0,0,271000,30000,241000,241000
03873P,智伸科群益93售03,0,0,0,0,0,0,0,0,0,241000,0,0,0,241000,0,241000,241000
047090,緯創元富93購01  ,0,0,0,0,0,0,0,0,0,241000,0,0,0,359000,118000,241000,241000
052324,康友元大96購02  ,0,0,0,0,0,0,0,0,0,241000,0,0,0,756000,515000,241000,241000
046029,微星元大92購02  ,0,0,0,0,0,0,0,0,0,240000,0,0,0,250000,10000,240000,240000
046722,智邦元大93購02  ,0,0,0,0,0,0,0,0,0,240000,0,0,0,242000,2000,240000,240000
047049,聯發科國票94購01,0,0,0,0,0,0,0,0,0,240000,0,0,0,260000,20000,240000,240000
08749P,鴻海台新01售02  ,0,0,0,0,0,0,0,0,0,240000,0,0,0,240000,0,240000,240000
05603P,聯發科元大96售09,0,0,0,0,0,0,0,0,0,239000,0,0,0,352000,113000,239000,239000
054006,智易統一97購01  ,0,0,0,0,0,0,0,0,0,239000,0,0,0,328000,89000,239000,239000
053325,GIS群益96購02   ,0,0,0,0,0,0,0,0,0,239000,0,0,0,285000,46000,239000,239000
053019,禾伸堂元富96購01,0,0,0,0,0,0,0,0,0,239000,0,0,0,240000,1000,239000,239000
053880,智邦中信96購01  ,0,0,0,0,0,0,0,0,0,238000,0,0,0,319000,81000,238000,238000
05504P,台積電凱基96售04,0,0,0,0,0,0,0,0,0,238000,0,0,0,238000,0,238000,238000
03400P,滬深2X凱基05售01,0,0,0,0,0,0,0,0,0,238000,0,0,0,238000,0,238000,238000
051139,康友永豐95購01  ,0,0,0,0,0,0,0,0,0,238000,0,0,0,474000,236000,238000,238000
045205,鈺齊凱基92購01  ,0,0,0,0,0,0,0,0,0,236000,0,0,0,266000,30000,236000,236000
048118,百和群益94購03  ,0,0,0,0,0,0,0,0,0,236000,0,0,0,291000,55000,236000,236000
052221,東元凱基95購01  ,0,0,0,0,0,0,0,0,0,236000,0,0,0,268000,32000,236000,236000
047984,禾伸堂群益93購01,0,0,0,0,0,0,0,0,0,235000,0,0,0,235000,0,235000,235000
054887,大毅統一98購01  ,0,0,0,0,0,0,0,0,0,234000,0,0,0,264000,30000,234000,234000
054884,友達統一99購01  ,0,0,0,0,0,0,0,0,0,234000,0,0,0,248000,14000,234000,234000
052308,大立光國泰97購02,0,0,0,0,0,0,0,0,0,234000,0,0,0,243000,9000,234000,234000
051677,達方元大95購01  ,0,0,0,0,0,0,0,0,0,234000,0,0,0,246000,12000,234000,234000
051380,禾伸堂群益95購01,0,0,0,0,0,0,0,0,0,234000,0,0,0,274000,40000,234000,234000
053963,百和永豐96購01  ,0,0,0,0,0,0,0,0,0,233000,0,0,0,288000,55000,233000,233000
045059,同欣電國泰93購01,0,0,0,0,0,0,0,0,0,233000,0,0,0,262000,29000,233000,233000
046511,欣興元大92購08  ,0,0,0,0,0,0,0,0,0,233000,0,0,0,249000,16000,233000,233000
051400,國巨永豐95購01  ,0,0,0,0,0,0,0,0,0,233000,0,0,0,299000,66000,233000,233000
046610,義隆國票93購01  ,0,0,0,0,0,0,0,0,0,232000,0,0,0,564000,332000,232000,232000
053025,燿華富邦98購02  ,0,0,0,0,0,0,0,0,0,232000,0,0,0,308000,76000,232000,232000
053436,聯茂日盛96購01  ,0,0,0,0,0,0,0,0,0,231000,0,0,0,311000,80000,231000,231000
054545,奇力新中信98購01,0,0,0,0,0,0,0,0,0,231000,0,0,0,642000,411000,231000,231000
049956,國巨統一94購05  ,0,0,0,0,0,0,0,0,0,231000,0,0,0,247000,16000,231000,231000
054967,神達元大97購01  ,0,0,0,0,0,0,0,0,0,230000,0,0,0,338000,108000,230000,230000
055267,百和永豐97購01  ,0,0,0,0,0,0,0,0,0,230000,0,0,0,249000,19000,230000,230000
049780,智易統一94購02  ,0,0,0,0,0,0,0,0,0,230000,0,0,0,270000,40000,230000,230000
051777,聯發科群益95購04,0,0,0,0,0,0,0,0,0,230000,0,0,0,563000,333000,230000,230000
4725,信昌化          ,233000,3000,230000,0,0,0,0,0,0,0,0,0,0,0,0,0,230000
054678,麗豐台新98購02  ,0,0,0,0,0,0,0,0,0,229000,0,0,0,234000,5000,229000,229000
04603P,訊芯凱基94售03  ,0,0,0,0,0,0,0,0,0,229000,0,0,0,248000,19000,229000,229000
048408,正文群益93購01  ,0,0,0,0,0,0,0,0,0,229000,0,0,0,229000,0,229000,229000
048943,智伸科永豐94購01,0,0,0,0,0,0,0,0,0,229000,0,0,0,251000,22000,229000,229000
051339,智易永豐95購02  ,0,0,0,0,0,0,0,0,0,229000,0,0,0,261000,32000,229000,229000
050729,聯鈞國票94購01  ,0,0,0,0,0,0,0,0,0,229000,0,0,0,298000,69000,229000,229000
054980,國巨元富97購01  ,40000,0,40000,0,0,0,0,0,0,188000,0,0,0,603000,415000,188000,228000
04334P,中石化康和93售01,0,0,0,0,0,0,0,0,0,228000,0,0,0,230000,2000,228000,228000
044332,華邦電統一91購01,0,0,0,0,0,0,0,0,0,228000,0,0,0,244000,16000,228000,228000
048653,巨大元大96購02  ,0,0,0,0,0,0,0,0,0,228000,0,0,0,262000,34000,228000,228000
052876,GIS凱基96購03   ,0,0,0,0,0,0,0,0,0,228000,0,0,0,230000,2000,228000,228000
054673,京鼎國泰98購01  ,0,0,0,0,0,0,0,0,0,227000,0,0,0,326000,99000,227000,227000
054862,群光群益97購01  ,0,0,0,0,0,0,0,0,0,227000,0,0,0,283000,56000,227000,227000
054093,智原群益97購01  ,0,0,0,0,0,0,0,0,0,227000,0,0,0,227000,0,227000,227000
04879P,康控永豐94售02  ,0,0,0,0,0,0,0,0,0,227000,0,0,0,227000,0,227000,227000
052783,台郡國票97購01  ,0,0,0,0,0,0,0,0,0,227000,0,0,0,239000,12000,227000,227000
053016,鈺齊統一96購01  ,0,0,0,0,0,0,0,0,0,227000,0,0,0,227000,0,227000,227000
054290,奇力新元大96購05,0,0,0,0,0,0,0,0,0,226000,0,0,0,265000,39000,226000,226000
045094,樺漢元大92購01  ,0,0,0,0,0,0,0,0,0,226000,0,0,0,237000,11000,226000,226000
045136,台肥兆豐92購01  ,0,0,0,0,0,0,0,0,0,226000,0,0,0,226000,0,226000,226000
045774,義隆元大92購02  ,0,0,0,0,0,0,0,0,0,226000,0,0,0,244000,18000,226000,226000
049325,智邦元富94購02  ,0,0,0,0,0,0,0,0,0,226000,0,0,0,297000,71000,226000,226000
055072,康友永豐97購02  ,0,0,0,0,0,0,0,0,0,225000,0,0,0,225000,0,225000,225000
047591,訊芯永豐93購02  ,0,0,0,0,0,0,0,0,0,225000,0,0,0,398000,173000,225000,225000
053693,欣興元大96購05  ,0,0,0,0,0,0,0,0,0,224000,0,0,0,358000,134000,224000,224000
046602,新日興群益94購01,0,0,0,0,0,0,0,0,0,224000,0,0,0,327000,103000,224000,224000
049591,開發金元大98購01,0,0,0,0,0,0,0,0,0,224000,0,0,0,226000,2000,224000,224000
052729,國巨國泰97購03  ,0,0,0,0,0,0,0,0,0,224000,0,0,0,247000,23000,224000,224000
051679,百和元大95購02  ,0,0,0,0,0,0,0,0,0,224000,0,0,0,516000,292000,224000,224000
055054,群光永豐97購01  ,0,0,0,0,0,0,0,0,0,223000,0,0,0,243000,20000,223000,223000
049676,美食國票94購01  ,0,0,0,0,0,0,0,0,0,223000,0,0,0,223000,0,223000,223000
051089,旺宏元大96購04  ,0,0,0,0,0,0,0,0,0,223000,0,0,0,229000,6000,223000,223000
6533,晶心科          ,262000,37000,225000,0,0,0,0,0,0,-2000,0,2000,-2000,0,0,0,223000
055064,碩天永豐97購01  ,0,0,0,0,0,0,0,0,0,222000,0,0,0,262000,40000,222000,222000
054702,智邦第一97購01  ,0,0,0,0,0,0,0,0,0,222000,0,0,0,223000,1000,222000,222000
048978,晶相光元大94購02,0,0,0,0,0,0,0,0,0,221000,0,0,0,243000,22000,221000,221000
05564P,玉晶光元大97售02,0,0,0,0,0,0,0,0,0,220000,0,0,0,350000,130000,220000,220000
054292,欣興元大96購06  ,0,0,0,0,0,0,0,0,0,220000,0,0,0,389000,169000,220000,220000
047479,美律凱基94購01  ,0,0,0,0,0,0,0,0,0,220000,0,0,0,220000,0,220000,220000
049762,華邦電國泰95購01,0,0,0,0,0,0,0,0,0,220000,0,0,0,260000,40000,220000,220000
3035,智原            ,430000,192000,238000,0,0,0,200000,0,200000,-218000,1000,105000,-104000,77000,191000,-114000,220000
048848,滬深2X群益98購02,0,0,0,0,0,0,0,0,0,219000,0,0,0,224000,5000,219000,219000
051378,奇力新群益95購01,0,0,0,0,0,0,0,0,0,219000,0,0,0,311000,92000,219000,219000
05634P,玉晶光台新97售01,0,0,0,0,0,0,0,0,0,218000,0,0,0,242000,24000,218000,218000
053261,國巨群益96購05  ,0,0,0,0,0,0,0,0,0,218000,0,0,0,276000,58000,218000,218000
054112,台積電麥證96購02,0,0,0,292000,75000,217000,0,0,0,217000,0,0,0,292000,75000,217000,217000
052359,百和永豐95購01  ,0,0,0,0,0,0,0,0,0,217000,0,0,0,277000,60000,217000,217000
055053,瑞昱永豐97購01  ,0,0,0,0,0,0,0,0,0,216000,0,0,0,216000,0,216000,216000
04536P,長榮航統一94售01,0,0,0,0,0,0,0,0,0,216000,0,0,0,258000,42000,216000,216000
052526,智伸科元大96購02,0,0,0,0,0,0,0,0,0,216000,0,0,0,343000,127000,216000,216000
2405,浩鑫            ,223000,7000,216000,0,0,0,0,0,0,0,0,0,0,0,0,0,216000
06011P,貿聯元富96售04  ,0,0,0,0,0,0,0,0,0,216000,0,0,0,221000,5000,216000,216000
05648P,康控國票97售01  ,0,0,0,0,0,0,0,0,0,215000,0,0,0,215000,0,215000,215000
053812,台積電群益96購09,0,0,0,0,0,0,0,0,0,215000,0,0,0,390000,175000,215000,215000
00766L,台新MSCI中國正2 ,0,0,0,0,0,0,0,0,0,215000,0,0,0,642000,427000,215000,215000
045163,瀚宇博國泰93購01,0,0,0,0,0,0,0,0,0,215000,0,0,0,250000,35000,215000,215000
052523,奇力新元大97購01,0,0,0,0,0,0,0,0,0,215000,0,0,0,397000,182000,215000,215000
053200,華邦電日盛96購01,0,0,0,0,0,0,0,0,0,215000,0,0,0,288000,73000,215000,215000
051359,中信金元大95購01,0,0,0,0,0,0,0,0,0,215000,0,0,0,1300000,1085000,215000,215000
053838,正文永豐96購02  ,0,0,0,0,0,0,0,0,0,214000,0,0,0,214000,0,214000,214000
054337,智邦統一96購01  ,0,0,0,0,0,0,0,0,0,214000,0,0,0,309000,95000,214000,214000
054441,力成台新96購01  ,0,0,0,0,0,0,0,0,0,213000,0,0,0,265000,52000,213000,213000
053944,亞泥富邦97購01  ,0,0,0,0,0,0,0,0,0,213000,0,0,0,215000,2000,213000,213000
05487P,台表科凱基95售02,0,0,0,0,0,0,0,0,0,213000,0,0,0,230000,17000,213000,213000
051899,欣興國泰97購01  ,0,0,0,0,0,0,0,0,0,213000,0,0,0,240000,27000,213000,213000
052888,台表科中信9A購01,0,0,0,0,0,0,0,0,0,213000,0,0,0,255000,42000,213000,213000
055094,智易群益98購01  ,0,0,0,0,0,0,0,0,0,212000,0,0,0,212000,0,212000,212000
054207,國巨國票98購01  ,0,0,0,0,0,0,0,0,0,212000,0,0,0,287000,75000,212000,212000
049297,日電貿群益95購01,0,0,0,0,0,0,0,0,0,212000,0,0,0,212000,0,212000,212000
06018P,康控凱基96售03  ,0,0,0,0,0,0,0,0,0,212000,0,0,0,212000,0,212000,212000
054053,聯茂元大96購01  ,0,0,0,0,0,0,0,0,0,211000,0,0,0,218000,7000,211000,211000
054338,全新統一96購01  ,0,0,0,0,0,0,0,0,0,211000,0,0,0,388000,177000,211000,211000
055070,聯茂永豐97購01  ,0,0,0,0,0,0,0,0,0,211000,0,0,0,211000,0,211000,211000
04655P,臺股指凱基94售14,0,0,0,0,0,0,0,0,0,211000,0,0,0,317000,106000,211000,211000
047143,為升群益93購01  ,0,0,0,0,0,0,0,0,0,211000,0,0,0,310000,99000,211000,211000
05547P,群創元大96售03  ,0,0,0,0,0,0,0,0,0,210000,0,0,0,210000,0,210000,210000
054241,深中小元大98購01,0,0,0,0,0,0,0,0,0,210000,0,0,0,225000,15000,210000,210000
046745,國喬凱基93購01  ,0,0,0,0,0,0,0,0,0,210000,0,0,0,210000,0,210000,210000
049971,台郡國票95購01  ,0,0,0,0,0,0,0,0,0,210000,0,0,0,210000,0,210000,210000
050097,可成國泰96購02  ,0,0,0,0,0,0,0,0,0,210000,0,0,0,277000,67000,210000,210000
049819,百和元大94購02  ,0,0,0,0,0,0,0,0,0,210000,0,0,0,277000,67000,210000,210000
04892P,聯發科元大94售14,0,0,0,0,0,0,0,0,0,210000,0,0,0,210000,0,210000,210000
052633,國巨凱基96購05  ,0,0,0,0,0,0,0,0,0,210000,0,0,0,297000,87000,210000,210000
050266,兆豐金元大94購01,0,0,0,0,0,0,0,0,0,210000,0,0,0,210000,0,210000,210000
043026,康友元大92購01  ,0,0,0,0,0,0,0,0,0,209000,0,0,0,209000,0,209000,209000
051260,鴻海永昌96購04  ,0,0,0,0,0,0,0,0,0,209000,0,0,0,1861000,1652000,209000,209000
06047P,聯發科富邦99售04,0,0,0,0,0,0,0,0,0,209000,0,0,0,237000,28000,209000,209000
053962,聯茂永豐96購01  ,0,0,0,0,0,0,0,0,0,208000,0,0,0,209000,1000,208000,208000
05638P,國巨統一96售04  ,0,0,0,0,0,0,0,0,0,208000,0,0,0,1640000,1432000,208000,208000
049043,新唐兆豐94購01  ,0,0,0,0,0,0,0,0,0,208000,0,0,0,300000,92000,208000,208000
048841,聯茂凱基94購06  ,0,0,0,0,0,0,0,0,0,208000,0,0,0,208000,0,208000,208000
049076,佳世達凱基94購01,0,0,0,0,0,0,0,0,0,208000,0,0,0,210000,2000,208000,208000
051827,智邦元大95購04  ,0,0,0,0,0,0,0,0,0,208000,0,0,0,259000,51000,208000,208000
051074,矽力國票96購01  ,0,0,0,0,0,0,0,0,0,208000,0,0,0,228000,20000,208000,208000
053687,智邦元大96購02  ,0,0,0,0,0,0,0,0,0,207000,0,0,0,224000,17000,207000,207000
045165,台虹國泰93購01  ,0,0,0,0,0,0,0,0,0,207000,0,0,0,240000,33000,207000,207000
05053P,新日興群益95售01,0,0,0,0,0,0,0,0,0,207000,0,0,0,352000,145000,207000,207000
048677,智伸科國泰94購01,0,0,0,0,0,0,0,0,0,207000,0,0,0,376000,169000,207000,207000
06021P,世紀鋼元富96售03,0,0,0,0,0,0,0,0,0,207000,0,0,0,207000,0,207000,207000
045817,滬深2X凱基95購02,0,0,0,0,0,0,0,0,0,206000,0,0,0,206000,0,206000,206000
049649,信邦凱基94購01  ,0,0,0,0,0,0,0,0,0,206000,0,0,0,206000,0,206000,206000
053850,嘉澤元富96購03  ,0,0,0,0,0,0,0,0,0,205000,0,0,0,249000,44000,205000,205000
055155,奇力新元大99購01,0,0,0,0,0,0,0,0,0,205000,0,0,0,431000,226000,205000,205000
045777,強茂元大92購02  ,0,0,0,0,0,0,0,0,0,205000,0,0,0,233000,28000,205000,205000
039727,台積電群益91購02,0,0,0,0,0,0,0,0,0,205000,0,0,0,210000,5000,205000,205000
048273,南電富邦97購01  ,0,0,0,0,0,0,0,0,0,205000,0,0,0,211000,6000,205000,205000
048576,義隆國泰95購01  ,0,0,0,0,0,0,0,0,0,205000,0,0,0,850000,645000,205000,205000
052043,瑞昱日盛95購01  ,0,0,0,0,0,0,0,0,0,205000,0,0,0,221000,16000,205000,205000
04038P,聯茂群益93售03  ,0,0,0,0,0,0,0,0,0,204000,0,0,0,204000,0,204000,204000
048946,崇越永豐94購01  ,0,0,0,0,0,0,0,0,0,204000,0,0,0,204000,0,204000,204000
050662,智易元大96購01  ,0,0,0,0,0,0,0,0,0,204000,0,0,0,254000,50000,204000,204000
051384,康友群益95購01  ,0,0,0,0,0,0,0,0,0,204000,0,0,0,217000,13000,204000,204000
055193,世芯元富97購02  ,0,0,0,0,0,0,0,0,0,203000,0,0,0,270000,67000,203000,203000
04453P,聯發科富邦94售04,0,0,0,0,0,0,0,0,0,203000,0,0,0,496000,293000,203000,203000
04820P,聯茂永豐94售02  ,0,0,0,0,0,0,0,0,0,203000,0,0,0,233000,30000,203000,203000
052165,訊芯永豐95購03  ,0,0,0,0,0,0,0,0,0,203000,0,0,0,413000,210000,203000,203000
05502P,台表科國票97售01,0,0,0,0,0,0,0,0,0,202000,0,0,0,254000,52000,202000,202000
044588,元金2X統一93購01,0,0,0,0,0,0,0,0,0,202000,0,0,0,314000,112000,202000,202000
046703,瑞昱元富95購01  ,0,0,0,0,0,0,0,0,0,202000,0,0,0,242000,40000,202000,202000
052667,漢唐群益96購01  ,0,10000,-10000,0,0,0,0,0,0,212000,0,0,0,222000,10000,212000,202000
2882B,國泰金乙特      ,0,0,0,0,0,0,0,0,0,202000,202000,0,202000,0,0,0,202000
054231,國巨群益98購03  ,0,0,0,0,0,0,0,0,0,201000,0,0,0,203000,2000,201000,201000
044766,復盛凱基91購03  ,0,0,0,0,0,0,0,0,0,201000,0,0,0,201000,0,201000,201000
049923,智原元大95購02  ,0,0,0,0,0,0,0,0,0,201000,0,0,0,256000,55000,201000,201000
049102,智伸科國泰96購01,0,0,0,0,0,0,0,0,0,201000,0,0,0,426000,225000,201000,201000
053045,國巨中信97購01  ,0,0,0,0,0,0,0,0,0,201000,0,0,0,318000,117000,201000,201000
054522,康友元大96購07  ,0,0,0,0,0,0,0,0,0,200000,0,0,0,329000,129000,200000,200000
05394P,聯詠中信95售02  ,0,0,0,0,0,0,0,0,0,200000,0,0,0,200000,0,200000,200000
053650,華邦電凱基98購01,0,0,0,0,0,0,0,0,0,200000,0,0,0,511000,311000,200000,200000
053587,京元電元大98購01,0,0,0,0,0,0,0,0,0,200000,0,0,0,371000,171000,200000,200000
055659,百和元富97購01  ,0,0,0,0,0,0,0,0,0,200000,0,0,0,210000,10000,200000,200000
05775P,台積電國泰98售02,0,0,0,0,0,0,0,0,0,200000,0,0,0,376000,176000,200000,200000
045947,欣興兆豐93購04  ,0,0,0,0,0,0,0,0,0,200000,0,0,0,200000,0,200000,200000
04041P,大立光統一94售03,0,0,0,0,0,0,0,0,0,200000,0,0,0,200000,0,200000,200000
03764P,大立光元富93售01,0,0,0,0,0,0,0,0,0,200000,0,0,0,200000,0,200000,200000
03597P,玉晶光凱基03售12,0,0,0,0,0,0,0,0,0,200000,0,0,0,200000,0,200000,200000
04386P,大立光日盛94售01,0,0,0,0,0,0,0,0,0,200000,0,0,0,200000,0,200000,200000
03179P,聯發科群益01售16,0,0,0,0,0,0,0,0,0,200000,0,0,0,200000,0,200000,200000
043175,傳奇國泰93購01  ,0,0,0,0,0,0,0,0,0,200000,0,0,0,220000,20000,200000,200000
042801,達邁元大93購01  ,0,0,0,0,0,0,0,0,0,200000,0,0,0,232000,32000,200000,200000
044947,新光金群益92購01,0,0,0,0,0,0,0,0,0,200000,0,0,0,200000,0,200000,200000
044066,聯詠元大91購06  ,0,0,0,0,0,0,0,0,0,200000,0,0,0,200000,0,200000,200000
049003,智邦中信95購01  ,0,0,0,0,0,0,0,0,0,200000,0,0,0,200000,0,200000,200000
048964,劍麟元大94購01  ,0,0,0,0,0,0,0,0,0,200000,0,0,0,200000,0,200000,200000
049488,智邦元大95購01  ,0,0,0,0,0,0,0,0,0,200000,0,0,0,200000,0,200000,200000
04753P,台積電統一94售11,0,0,0,0,0,0,0,0,0,200000,0,0,0,200000,0,200000,200000
052694,開發金中信98購01,0,0,0,0,0,0,0,0,0,200000,0,0,0,200000,0,200000,200000
052168,鴻海元大96購10  ,0,0,0,0,0,0,0,0,0,200000,0,0,0,200000,0,200000,200000
051997,康友元大95購02  ,0,0,0,0,0,0,0,0,0,200000,0,0,0,694000,494000,200000,200000
051235,鴻海元大95購06  ,0,0,0,0,0,0,0,0,0,200000,0,0,0,200000,0,200000,200000
051958,貿聯台新95購01  ,0,0,0,0,0,0,0,0,0,200000,0,0,0,200000,0,200000,200000
050972,台虹永豐95購01  ,0,0,0,0,0,0,0,0,0,200000,0,0,0,221000,21000,200000,200000
4967,十銓            ,91000,33000,58000,0,0,0,0,0,0,142000,145000,3000,142000,0,0,0,200000
08672P,聯發科統一01售09,0,0,0,0,0,0,0,0,0,200000,0,0,0,200000,0,200000,200000
08991P,玉晶光元大01售06,0,0,0,0,0,0,0,0,0,200000,0,0,0,200000,0,200000,200000
05574P,英業達元富96售01,0,0,0,0,0,0,0,0,0,199000,0,0,0,199000,0,199000,199000
055332,奇力新兆豐98購01,0,0,0,0,0,0,0,0,0,199000,0,0,0,299000,100000,199000,199000
046372,東元凱基92購01  ,0,0,0,0,0,0,0,0,0,199000,0,0,0,200000,1000,199000,199000
05034P,台積電元大95售08,0,0,0,0,0,0,0,0,0,199000,0,0,0,200000,1000,199000,199000
050268,智原元大95購03  ,0,0,0,0,0,0,0,0,0,199000,0,0,0,273000,74000,199000,199000
04716P,中石化凱基94售01,0,0,0,0,0,0,0,0,0,199000,0,0,0,490000,291000,199000,199000
04783P,貿聯元富94售01  ,0,0,0,0,0,0,0,0,0,199000,0,0,0,199000,0,199000,199000
051578,智邦元大96購01  ,0,0,0,0,0,0,0,0,0,199000,0,0,0,264000,65000,199000,199000
052206,燿華中信95購02  ,0,0,0,0,0,0,0,0,0,199000,0,0,0,205000,6000,199000,199000
055336,茂林兆豐98購01  ,0,0,0,0,0,0,0,0,0,198000,0,0,0,416000,218000,198000,198000
048381,T50反1國票94購03,0,0,0,0,0,0,0,0,0,198000,0,0,0,599000,401000,198000,198000
049404,訊芯群益94購02  ,0,0,0,0,0,0,0,0,0,198000,0,0,0,238000,40000,198000,198000
053302,國巨凱基96購10  ,0,0,0,0,0,0,0,0,0,198000,0,0,0,219000,21000,198000,198000
054434,友達台新96購03  ,0,0,0,0,0,0,0,0,0,197000,0,0,0,197000,0,197000,197000
044846,旺宏統一93購01  ,0,0,0,0,0,0,0,0,0,197000,0,0,0,212000,15000,197000,197000
050452,智原元大95購04  ,0,0,0,0,0,0,0,0,0,197000,0,0,0,335000,138000,197000,197000
050456,聯茂元大94購09  ,0,0,0,0,0,0,0,0,0,197000,0,0,0,197000,0,197000,197000
048855,華新科群益94購02,0,0,0,0,0,0,0,0,0,197000,0,0,0,367000,170000,197000,197000
050956,鈺齊群益95購01  ,0,0,0,0,0,0,0,0,0,197000,0,0,0,247000,50000,197000,197000
054800,訊芯群益99購01  ,0,0,0,0,0,0,0,0,0,196000,0,0,0,196000,0,196000,196000
048224,聯發科凱基93購31,0,0,0,0,0,0,0,0,0,196000,0,0,0,500000,304000,196000,196000
053560,漢唐國泰98購01  ,0,0,0,0,0,0,0,0,0,195000,0,0,0,679000,484000,195000,195000
053941,國巨國泰96購05  ,0,0,0,0,0,0,0,0,0,195000,0,0,0,206000,11000,195000,195000
042994,葡萄王元大94購02,0,0,0,0,0,0,0,0,0,195000,0,0,0,205000,10000,195000,195000
047960,鈺齊永豐93購01  ,0,0,0,0,0,0,0,0,0,195000,0,0,0,238000,43000,195000,195000
047443,智原元大94購01  ,0,0,0,0,0,0,0,0,0,195000,0,0,0,242000,47000,195000,195000
048373,A50正2元富95購01,0,0,0,0,0,0,0,0,0,195000,0,0,0,195000,0,195000,195000
051893,瀚宇博元富95購01,0,0,0,0,0,0,0,0,0,195000,0,0,0,205000,10000,195000,195000
2401,凌陽            ,279000,56000,223000,0,0,0,0,0,0,-28000,20000,44000,-24000,0,4000,-4000,195000
054000,訊芯群益96購02  ,0,0,0,0,0,0,0,0,0,194000,0,0,0,205000,11000,194000,194000
054659,亞光元大97購02  ,0,0,0,0,0,0,0,0,0,194000,0,0,0,195000,1000,194000,194000
046248,技嘉群益93購02  ,0,0,0,0,0,0,0,0,0,194000,0,0,0,194000,0,194000,194000
050532,矽創元大94購03  ,0,0,0,0,0,0,0,0,0,194000,0,0,0,194000,0,194000,194000
051545,裕隆康和95購01  ,0,0,0,0,0,0,0,0,0,194000,0,0,0,195000,1000,194000,194000
3016,嘉晶            ,206000,209000,-3000,0,0,0,0,0,0,197000,0,21000,-21000,296000,78000,218000,194000
054747,麗豐凱基98購01  ,0,0,0,0,0,0,0,0,0,193000,0,0,0,208000,15000,193000,193000
055085,大毅國票97購01  ,0,0,0,0,0,0,0,0,0,193000,0,0,0,207000,14000,193000,193000
044536,深中小群益92購01,0,0,0,0,0,0,0,0,0,193000,0,0,0,283000,90000,193000,193000
047289,啟碁統一97購01  ,0,0,0,0,0,0,0,0,0,193000,0,0,0,198000,5000,193000,193000
052594,友訊群益98購01  ,0,0,0,0,0,0,0,0,0,193000,0,0,0,193000,0,193000,193000
3530,晶相光          ,227000,175000,52000,0,0,0,0,0,0,141000,20000,6000,14000,162000,35000,127000,193000
054825,康友元大97購01  ,0,0,0,0,0,0,0,0,0,192000,0,0,0,321000,129000,192000,192000
049889,欣興國泰96購01  ,1000,0,1000,0,0,0,0,0,0,191000,0,0,0,236000,45000,191000,192000
052673,T50反1國泰97購01,0,0,0,0,0,0,0,0,0,192000,0,0,0,192000,0,192000,192000
052480,麗豐群益95購01  ,0,0,0,0,0,0,0,0,0,192000,0,0,0,214000,22000,192000,192000
053082,聯電元大98購03  ,0,0,0,0,0,0,0,0,0,192000,0,0,0,192000,0,192000,192000
051668,智邦元大95購02  ,0,0,0,0,0,0,0,0,0,192000,0,0,0,304000,112000,192000,192000
050792,可成富邦96購01  ,0,0,0,0,0,0,0,0,0,192000,0,0,0,225000,33000,192000,192000
054581,訊芯元大97購02  ,0,0,0,0,0,0,0,0,0,191000,0,0,0,397000,206000,191000,191000
051007,台光電麥證95購01,0,0,0,211000,20000,191000,0,0,0,191000,0,0,0,211000,20000,191000,191000
05131P,聯詠統一97售01  ,0,0,0,0,0,0,0,0,0,191000,0,0,0,260000,69000,191000,191000
055056,億光永豐97購01  ,0,0,0,0,0,0,0,0,0,190000,0,0,0,605000,415000,190000,190000
055171,凱美統一97購01  ,0,0,0,0,0,0,0,0,0,190000,0,0,0,238000,48000,190000,190000
050430,京元電凱基94購03,0,0,0,0,0,0,0,0,0,190000,0,0,0,200000,10000,190000,190000
048185,台郡群益93購04  ,0,0,0,0,0,0,0,0,0,190000,0,0,0,195000,5000,190000,190000
048242,統一兆豐93購01  ,0,0,0,0,0,0,0,0,0,190000,0,0,0,190000,0,190000,190000
055127,台虹兆豐97購01  ,0,0,0,0,0,0,0,0,0,189000,0,0,0,239000,50000,189000,189000
055057,興勤永豐97購01  ,0,0,0,0,0,0,0,0,0,189000,0,0,0,200000,11000,189000,189000
054808,東元元大9A購01  ,0,0,0,0,0,0,0,0,0,189000,0,0,0,236000,47000,189000,189000
047202,欣興元富96購01  ,0,0,0,0,0,0,0,0,0,189000,0,0,0,195000,6000,189000,189000
050683,智原元富94購02  ,0,0,0,0,0,0,0,0,0,189000,0,0,0,189000,0,189000,189000
052385,滬深2X群益99購05,0,0,0,0,0,0,0,0,0,189000,0,0,0,199000,10000,189000,189000
054566,貿聯群益97購02  ,0,0,0,0,0,0,0,0,0,188000,0,0,0,219000,31000,188000,188000
054133,奇力新元大97購04,0,0,0,0,0,0,0,0,0,188000,0,0,0,294000,106000,188000,188000
045803,旺宏國票93購01  ,0,0,0,0,0,0,0,0,0,188000,0,0,0,188000,0,188000,188000
045053,聯發科元富98購01,0,0,0,0,0,0,0,0,0,188000,0,0,0,1165000,977000,188000,188000
044237,漢唐永豐91購01  ,0,0,0,0,0,0,0,0,0,188000,0,0,0,248000,60000,188000,188000
049045,上海銀兆豐94購01,0,0,0,0,0,0,0,0,0,188000,0,0,0,243000,55000,188000,188000
054389,為升元富96購02  ,0,0,0,0,0,0,0,0,0,187000,0,0,0,210000,23000,187000,187000
050002,智原永豐94購02  ,0,0,0,0,0,0,0,0,0,187000,0,0,0,230000,43000,187000,187000
053865,欣興元大97購02  ,0,0,0,0,0,0,0,0,0,186000,0,0,0,464000,278000,186000,186000
055154,聯發科元大98購01,0,0,0,0,0,0,0,0,0,186000,0,0,0,311000,125000,186000,186000
049785,華新科兆豐95購01,0,0,0,0,0,0,0,0,0,186000,0,0,0,355000,169000,186000,186000
051179,臺股指凱基95購04,0,0,0,0,0,0,0,0,0,186000,0,0,0,186000,0,186000,186000
055412,旺宏富邦99購01  ,0,0,0,0,0,0,0,0,0,185000,0,0,0,210000,25000,185000,185000
049683,美食統一94購01  ,0,0,0,0,0,0,0,0,0,185000,0,0,0,185000,0,185000,185000
05828P,台積電統一97售02,0,0,0,0,0,0,0,0,0,185000,0,0,0,607000,422000,185000,185000
055313,南電群益97購01  ,0,0,0,0,0,0,0,0,0,184000,0,0,0,193000,9000,184000,184000
046319,新日興元大92購03,0,0,0,0,0,0,0,0,0,184000,0,0,0,198000,14000,184000,184000
046104,智伸科永豐92購02,0,0,0,0,0,0,0,0,0,184000,0,0,0,300000,116000,184000,184000
046369,同欣電日盛92購01,0,0,0,0,0,0,0,0,0,184000,0,0,0,404000,220000,184000,184000
049811,聯鈞元大94購01  ,0,0,0,0,0,0,0,0,0,184000,0,0,0,204000,20000,184000,184000
048972,晶豪科元大94購01,0,0,0,0,0,0,0,0,0,184000,0,0,0,240000,56000,184000,184000
050674,瑞昱富邦94購02  ,0,0,0,0,0,0,0,0,0,184000,0,0,0,197000,13000,184000,184000
053245,全新國票97購01  ,0,0,0,0,0,0,0,0,0,184000,0,0,0,184000,0,184000,184000
054152,漢唐國泰98購02  ,0,0,0,0,0,0,0,0,0,183000,0,0,0,394000,211000,183000,183000
046088,台光電兆豐92購02,0,0,0,0,0,0,0,0,0,183000,0,0,0,183000,0,183000,183000
049983,智原凱基94購02  ,0,0,0,0,0,0,0,0,0,183000,0,0,0,233000,50000,183000,183000
048566,上海銀元大93購04,0,0,0,0,0,0,0,0,0,183000,0,0,0,197000,14000,183000,183000
052375,奇力新元大96購02,0,0,0,0,0,0,0,0,0,183000,0,0,0,314000,131000,183000,183000
050660,欣興元大96購02  ,0,0,0,0,0,0,0,0,0,183000,0,0,0,183000,0,183000,183000
05916P,聯發科元大96售20,0,0,0,0,0,0,0,0,0,183000,0,0,0,340000,157000,183000,183000
053472,漢唐元大96購02  ,0,0,0,0,0,0,0,0,0,182000,0,0,0,247000,65000,182000,182000
048168,致茂永豐93購02  ,0,0,0,0,0,0,0,0,0,182000,0,0,0,185000,3000,182000,182000
050087,美食台新94購01  ,0,0,0,0,0,0,0,0,0,182000,0,0,0,182000,0,182000,182000
050637,欣興國票94購02  ,0,0,0,0,0,0,0,0,0,182000,0,0,0,182000,0,182000,182000
052027,智原群益95購01  ,0,0,0,0,0,0,0,0,0,182000,0,0,0,195000,13000,182000,182000
053122,美律凱基98購01  ,0,0,0,0,0,0,0,0,0,182000,0,0,0,215000,33000,182000,182000
049930,上海銀元大94購02,0,0,0,0,0,0,0,0,0,181000,0,0,0,181000,0,181000,181000
044735,光磊國泰93購01  ,0,0,0,0,0,0,0,0,0,181000,0,0,0,181000,0,181000,181000
046982,瀚宇博兆豐94購02,0,0,0,0,0,0,0,0,0,181000,0,0,0,181000,0,181000,181000
052891,台泥群益96購01  ,0,0,0,0,0,0,0,0,0,181000,0,0,0,194000,13000,181000,181000
052058,臺股指凱基95購16,0,0,0,0,0,0,0,0,0,181000,0,0,0,181000,0,181000,181000
050732,台虹國票94購01  ,0,0,0,0,0,0,0,0,0,181000,0,0,0,181000,0,181000,181000
051223,台化群益95購01  ,0,0,0,0,0,0,0,0,0,181000,0,0,0,183000,2000,181000,181000
050988,廣達富邦95購01  ,0,0,0,0,0,0,0,0,0,181000,0,0,0,338000,157000,181000,181000
055049,智邦永豐97購01  ,0,0,0,0,0,0,0,0,0,180000,0,0,0,180000,0,180000,180000
050293,強茂凱基94購01  ,0,0,0,0,0,0,0,0,0,180000,0,0,0,180000,0,180000,180000
049487,智邦元大94購03  ,0,0,0,0,0,0,0,0,0,180000,0,0,0,180000,0,180000,180000
050606,劍麟元大94購02  ,0,0,0,0,0,0,0,0,0,180000,0,0,0,200000,20000,180000,180000
051575,國巨元大96購03  ,0,0,0,0,0,0,0,0,0,180000,0,0,0,371000,191000,180000,180000
052328,台表科中信99購01,0,0,0,0,0,0,0,0,0,180000,0,0,0,411000,231000,180000,180000
05835P,臺股指元富96售07,0,0,0,0,0,0,0,0,0,180000,0,0,0,180000,0,180000,180000
00783,富邦中証500     ,135250,0,135250,0,0,0,0,0,0,44000,0,0,0,877000,833000,44000,179250
052142,滬深2X群益99購04,0,0,0,0,0,0,0,0,0,179000,0,0,0,197000,18000,179000,179000
051385,矽創群益95購01  ,0,0,0,0,0,0,0,0,0,179000,0,0,0,179000,0,179000,179000
9911,櫻花            ,277000,98000,179000,0,0,0,0,0,0,0,0,0,0,0,0,0,179000
054903,億光康和97購02  ,0,0,0,0,0,0,0,0,0,178000,0,0,0,195000,17000,178000,178000
045181,華邦電統一92購01,0,0,0,0,0,0,0,0,0,178000,0,0,0,179000,1000,178000,178000
047886,京元電富邦95購01,0,0,0,0,0,0,0,0,0,178000,0,0,0,183000,5000,178000,178000
051835,百和元大95購03  ,0,0,0,0,0,0,0,0,0,178000,0,0,0,450000,272000,178000,178000
053078,昇陽半永豐97購02,0,0,0,0,0,0,0,0,0,178000,0,0,0,178000,0,178000,178000
4564,元翎            ,230000,51000,179000,0,0,0,0,0,0,-1000,0,0,0,0,1000,-1000,178000
055201,興勤群益98購01  ,0,0,0,0,0,0,0,0,0,177000,0,0,0,177000,0,177000,177000
046704,智原元富93購01  ,0,0,0,0,0,0,0,0,0,177000,0,0,0,188000,11000,177000,177000
04429P,和鑫元大94售01  ,0,0,0,0,0,0,0,0,0,177000,0,0,0,177000,0,177000,177000
049476,美食永豐94購02  ,0,0,0,0,0,0,0,0,0,177000,0,0,0,177000,0,177000,177000
048962,宏全康和94購01  ,0,0,0,0,0,0,0,0,0,177000,0,0,0,177000,0,177000,177000
050469,聯電台新94購01  ,0,0,0,0,0,0,0,0,0,177000,0,0,0,177000,0,177000,177000
051815,百和凱基96購01  ,0,0,0,0,0,0,0,0,0,177000,0,0,0,228000,51000,177000,177000
050930,矽格凱基95購01  ,0,0,0,0,0,0,0,0,0,177000,0,0,0,180000,3000,177000,177000
044816,漢唐兆豐93購02  ,0,0,0,0,0,0,0,0,0,176000,0,0,0,186000,10000,176000,176000
053024,國巨富邦97購02  ,0,0,0,0,0,0,0,0,0,176000,0,0,0,255000,79000,176000,176000
05268P,玉晶光元大98售01,0,0,0,0,0,0,0,0,0,176000,0,0,0,403000,227000,176000,176000
052651,台表科永豐96購02,0,0,0,0,0,0,0,0,0,176000,0,0,0,176000,0,176000,176000
054933,南港元大97購01  ,75000,0,75000,0,0,0,0,0,0,100000,0,0,0,532000,432000,100000,175000
046294,台勝科統一92購01,0,0,0,0,0,0,0,0,0,175000,0,0,0,320000,145000,175000,175000
0061,元大寶滬深      ,3757000,1774000,1983000,0,0,0,0,0,0,-1808000,50000,170000,-120000,88000,1776000,-1688000,175000
053003,國巨永豐96購02  ,0,0,0,0,0,0,0,0,0,175000,0,0,0,182000,7000,175000,175000
050997,麗豐元大95購03  ,0,0,0,0,0,0,0,0,0,175000,0,0,0,189000,14000,175000,175000
054528,台光電統一96購02,0,0,0,0,0,0,0,0,0,174000,0,0,0,186000,12000,174000,174000
045679,欣興元大94購01  ,0,0,0,0,0,0,0,0,0,174000,0,0,0,205000,31000,174000,174000
046003,欣興統一92購02  ,0,0,0,0,0,0,0,0,0,174000,0,0,0,174000,0,174000,174000
045139,台光電兆豐92購01,0,0,0,0,0,0,0,0,0,174000,0,0,0,174000,0,174000,174000
049843,康友中信95購01  ,0,0,0,0,0,0,0,0,0,174000,0,0,0,278000,104000,174000,174000
049817,南電元大94購07  ,0,0,0,0,0,0,0,0,0,174000,0,0,0,182000,8000,174000,174000
049082,晶豪科凱基94購01,0,0,0,0,0,0,0,0,0,174000,0,0,0,204000,30000,174000,174000
047578,新光金群益93購01,0,0,0,0,0,0,0,0,0,174000,0,0,0,184000,10000,174000,174000
051259,鴻海永昌96購03  ,0,0,0,0,0,0,0,0,0,174000,0,0,0,2629000,2455000,174000,174000
052185,奇力新群益95購03,0,0,0,0,0,0,0,0,0,174000,0,0,0,195000,21000,174000,174000
050088,禾伸堂台新94購01,0,0,0,0,0,0,0,0,0,173000,0,0,0,173000,0,173000,173000
048652,巨大元大96購01  ,0,0,0,0,0,0,0,0,0,173000,0,0,0,215000,42000,173000,173000
051106,華通統一95購02  ,0,0,0,0,0,0,0,0,0,173000,0,0,0,353000,180000,173000,173000
054567,拓凱群益98購01  ,0,0,0,0,0,0,0,0,0,172000,0,0,0,252000,80000,172000,172000
054045,奇力新元大97購03,0,0,0,0,0,0,0,0,0,172000,0,0,0,244000,72000,172000,172000
053457,旺宏國泰98購03  ,0,0,0,0,0,0,0,0,0,172000,0,0,0,204000,32000,172000,172000
053666,臺股指凱基96購29,0,0,0,0,0,0,0,0,0,172000,0,0,0,172000,0,172000,172000
054944,精元元大97購01  ,0,0,0,0,0,0,0,0,0,172000,0,0,0,181000,9000,172000,172000
055391,光罩統一97購02  ,0,0,0,0,0,0,0,0,0,172000,0,0,0,172000,0,172000,172000
046356,智伸科群益93購01,0,0,0,0,0,0,0,0,0,172000,0,0,0,216000,44000,172000,172000
050117,麗豐元大96購02  ,0,0,0,0,0,0,0,0,0,172000,0,0,0,502000,330000,172000,172000
050859,訊芯康和95購01  ,0,0,0,0,0,0,0,0,0,172000,0,0,0,172000,0,172000,172000
054675,美律台新98購01  ,0,0,0,0,0,0,0,0,0,171000,0,0,0,174000,3000,171000,171000
053424,欣興永豐96購02  ,0,0,0,0,0,0,0,0,0,171000,0,0,0,208000,37000,171000,171000
053827,漢唐麥證9A購01  ,0,0,0,182000,11000,171000,0,0,0,171000,0,0,0,182000,11000,171000,171000
046975,元金2X永豐93購01,0,0,0,0,0,0,0,0,0,171000,0,0,0,171000,0,171000,171000
048427,百和元富95購01  ,0,0,0,0,0,0,0,0,0,171000,0,0,0,386000,215000,171000,171000
051101,台表科元大96購02,0,0,0,0,0,0,0,0,0,171000,0,0,0,189000,18000,171000,171000
052476,台光電群益98購01,0,0,0,0,0,0,0,0,0,171000,0,0,0,186000,15000,171000,171000
054863,億光群益97購01  ,0,0,0,0,0,0,0,0,0,170000,0,0,0,482000,312000,170000,170000
055163,訊芯元大98購01  ,0,0,0,0,0,0,0,0,0,170000,0,0,0,454000,284000,170000,170000
044501,滬深2X凱基92購02,0,0,0,0,0,0,0,0,0,170000,0,0,0,200000,30000,170000,170000
03412P,滬深2X群益98售01,0,0,0,0,0,0,0,0,0,170000,0,0,0,170000,0,170000,170000
050026,友達元大96購01  ,0,0,0,0,0,0,0,0,0,170000,0,0,0,200000,30000,170000,170000
049191,元油2X永豐95購01,0,0,0,0,0,0,0,0,0,170000,0,0,0,170000,0,170000,170000
050113,欣興元大95購05  ,0,0,0,0,0,0,0,0,0,170000,0,0,0,201000,31000,170000,170000
04760P,旺宏凱基94售02  ,0,0,0,0,0,0,0,0,0,170000,0,0,0,220000,50000,170000,170000
050980,欣興元富95購02  ,0,0,0,0,0,0,0,0,0,170000,0,0,0,172000,2000,170000,170000
051670,欣興元大95購06  ,0,0,0,0,0,0,0,0,0,170000,0,0,0,479000,309000,170000,170000
06168P,台表科國票97售06,0,0,0,0,0,0,0,0,0,170000,0,0,0,170000,0,170000,170000
05348P,美律元富98售01  ,0,0,0,0,0,0,0,0,0,169000,0,0,0,348000,179000,169000,169000
045235,致茂中信93購01  ,0,0,0,0,0,0,0,0,0,169000,0,0,0,169000,0,169000,169000
045483,智邦第一92購01  ,0,0,0,0,0,0,0,0,0,169000,0,0,0,169000,0,169000,169000
048951,宏全永豐94購01  ,0,0,0,0,0,0,0,0,0,169000,0,0,0,169000,0,169000,169000
047979,中石化群益95購01,0,0,0,0,0,0,0,0,0,169000,0,0,0,169000,0,169000,169000
051960,美食永豐95購01  ,0,0,0,0,0,0,0,0,0,169000,0,0,0,224000,55000,169000,169000
053895,智易群益96購02  ,0,0,0,0,0,0,0,0,0,168000,0,0,0,179000,11000,168000,168000
054284,和大元大96購03  ,0,0,0,0,0,0,0,0,0,168000,0,0,0,210000,42000,168000,168000
054481,鎧勝中信96購01  ,0,0,0,0,0,0,0,0,0,168000,0,0,0,168000,0,168000,168000
00717,富邦美國特別股  ,0,0,0,0,0,0,0,0,0,168000,0,0,0,814000,646000,168000,168000
04858P,健策元富94售01  ,0,0,0,0,0,0,0,0,0,168000,0,0,0,168000,0,168000,168000
048422,瑞昱元富96購02  ,0,0,0,0,0,0,0,0,0,168000,0,0,0,168000,0,168000,168000
051559,宏達電國泰96購01,0,0,0,0,0,0,0,0,0,168000,0,0,0,224000,56000,168000,168000
6120,達運            ,262000,85000,177000,0,0,0,0,0,0,-9000,0,5000,-5000,0,4000,-4000,168000
054577,世芯元大98購01  ,0,0,0,0,0,0,0,0,0,167000,0,0,0,330000,163000,167000,167000
047361,致茂群益93購01  ,0,0,0,0,0,0,0,0,0,167000,0,0,0,167000,0,167000,167000
052379,鈺齊元大95購04  ,0,0,0,0,0,0,0,0,0,167000,0,0,0,290000,123000,167000,167000
05657P,樺漢統一97售01  ,0,0,0,0,0,0,0,0,0,166000,0,0,0,266000,100000,166000,166000
052976,台表科群益96購03,0,0,0,0,0,0,0,0,0,166000,0,0,0,242000,76000,166000,166000
05838P,臺股指富邦96售05,0,0,0,0,0,0,0,0,0,166000,0,0,0,171000,5000,166000,166000
054954,華新科元大97購06,0,0,0,0,0,0,0,0,0,165000,0,0,0,295000,130000,165000,165000
053813,友達群益9A購03  ,0,0,0,0,0,0,0,0,0,165000,0,0,0,276000,111000,165000,165000
048754,瀚宇博元富97購01,0,0,0,0,0,0,0,0,0,165000,0,0,0,169000,4000,165000,165000
052993,欣興台新97購01  ,0,0,0,0,0,0,0,0,0,165000,0,0,0,165000,0,165000,165000
052670,茂林群益96購02  ,0,0,0,0,0,0,0,0,0,165000,0,0,0,253000,88000,165000,165000
051673,玉晶光元大96購04,0,0,0,0,0,0,0,0,0,165000,0,0,0,197000,32000,165000,165000
050586,康友國票94購01  ,0,0,0,0,0,0,0,0,0,165000,0,0,0,170000,5000,165000,165000
049225,達方國票94購01  ,0,0,0,0,0,0,0,0,0,164000,0,0,0,164000,0,164000,164000
049364,燿華元大94購02  ,0,0,0,0,0,0,0,0,0,164000,0,0,0,164000,0,164000,164000
051170,南電元大95購03  ,0,0,0,0,0,0,0,0,0,164000,0,0,0,170000,6000,164000,164000
052901,台達電國票97購01,0,0,0,0,0,0,0,0,0,164000,0,0,0,164000,0,164000,164000
4961,天鈺            ,179000,13000,166000,0,0,0,0,0,0,-2000,0,0,0,4000,6000,-2000,164000
2606,裕民            ,287000,61000,226000,0,0,0,0,0,0,-62000,0,62000,-62000,0,0,0,164000
053334,訊芯永豐96購01  ,0,0,0,0,0,0,0,0,0,163000,0,0,0,431000,268000,163000,163000
05438P,康控永豐95售05  ,0,0,0,0,0,0,0,0,0,163000,0,0,0,175000,12000,163000,163000
055206,台虹中信97購01  ,0,0,0,0,0,0,0,0,0,163000,0,0,0,188000,25000,163000,163000
055229,大毅國票97購02  ,0,0,0,0,0,0,0,0,0,163000,0,0,0,165000,2000,163000,163000
05641P,貿聯元富96售02  ,0,0,0,0,0,0,0,0,0,163000,0,0,0,163000,0,163000,163000
049041,和鑫兆豐94購01  ,0,0,0,0,0,0,0,0,0,163000,0,0,0,163000,0,163000,163000
047941,義隆國票94購02  ,0,0,0,0,0,0,0,0,0,163000,0,0,0,301000,138000,163000,163000
05262P,台積電元大95售19,0,0,0,0,0,0,0,0,0,163000,0,0,0,163000,0,163000,163000
050686,欣興兆豐96購01  ,0,0,0,0,0,0,0,0,0,163000,0,0,0,165000,2000,163000,163000
050823,信邦凱基95購01  ,0,0,0,0,0,0,0,0,0,163000,0,0,0,213000,50000,163000,163000
053642,瀚宇博永豐96購01,0,0,0,0,0,0,0,0,0,162000,0,0,0,216000,54000,162000,162000
045515,滬深2X統一92購01,0,0,0,0,0,0,0,0,0,162000,0,0,0,191000,29000,162000,162000
049448,光磊統一94購01  ,0,0,0,0,0,0,0,0,0,162000,0,0,0,198000,36000,162000,162000
048287,嘉晶兆豐94購01  ,0,0,0,0,0,0,0,0,0,162000,0,0,0,396000,234000,162000,162000
051757,佳世達元大95購02,0,0,0,0,0,0,0,0,0,162000,0,0,0,165000,3000,162000,162000
054575,聯鈞元大97購01  ,0,0,0,0,0,0,0,0,0,161000,0,0,0,528000,367000,161000,161000
054660,禾伸堂元大97購03,0,0,0,0,0,0,0,0,0,161000,0,0,0,162000,1000,161000,161000
051286,國巨統一97購01  ,0,0,0,0,0,0,0,0,0,161000,0,0,0,180000,19000,161000,161000
051112,台郡統一95購01  ,0,0,0,0,0,0,0,0,0,161000,0,0,0,161000,0,161000,161000
051040,漢唐永豐95購01  ,0,0,0,0,0,0,0,0,0,161000,0,0,0,309000,148000,161000,161000
052368,力成國票96購01  ,0,0,0,0,0,0,0,0,0,161000,0,0,0,173000,12000,161000,161000
053229,南電台新97購01  ,0,0,0,0,0,0,0,0,0,161000,0,0,0,171000,10000,161000,161000
054383,傳奇群益97購01  ,0,0,0,0,0,0,0,0,0,160000,0,0,0,160000,0,160000,160000
04996P,台積電凱基95售02,0,0,0,0,0,0,0,0,0,160000,0,0,0,160000,0,160000,160000
04546P,台積電元大94售09,0,0,0,0,0,0,0,0,0,160000,0,0,0,160000,0,160000,160000
049388,南電元大94購05  ,0,0,0,0,0,0,0,0,0,160000,0,0,0,160000,0,160000,160000
047181,智邦元大93購06  ,0,0,0,0,0,0,0,0,0,160000,0,0,0,160000,0,160000,160000
047020,智邦元大93購04  ,0,0,0,0,0,0,0,0,0,160000,0,0,0,160000,0,160000,160000
049246,大成鋼元大94購02,0,0,0,0,0,0,0,0,0,160000,0,0,0,160000,0,160000,160000
052194,旺宏元富95購04  ,0,0,0,0,0,0,0,0,0,160000,0,0,0,160000,0,160000,160000
050613,台光電元大94購09,0,0,0,0,0,0,0,0,0,160000,0,0,0,212000,52000,160000,160000
2371,大同            ,1688018,964737,723281,0,0,0,0,20000,-20000,-544000,0,544000,-544000,0,0,0,159281
055082,台郡中信97購01  ,0,0,0,0,0,0,0,0,0,159000,0,0,0,159000,0,159000,159000
042819,聯茂中信92購01  ,0,0,0,0,0,0,0,0,0,159000,0,0,0,159000,0,159000,159000
051050,鴻海群益95購03  ,0,0,0,0,0,0,0,0,0,159000,0,0,0,234000,75000,159000,159000
05224P,華通統一95售03  ,0,0,0,0,0,0,0,0,0,159000,0,0,0,376000,217000,159000,159000
054569,GIS群益98購01   ,0,0,0,0,0,0,0,0,0,158000,0,0,0,158000,0,158000,158000
045795,瀚宇博兆豐94購01,0,0,0,0,0,0,0,0,0,158000,0,0,0,328000,170000,158000,158000
050454,嘉澤元大94購04  ,0,0,0,0,0,0,0,0,0,158000,0,0,0,224000,66000,158000,158000
051175,國巨凱基95購04  ,0,0,0,0,0,0,0,0,0,158000,0,0,0,206000,48000,158000,158000
06148P,台積電元大97售17,0,0,0,0,0,0,0,0,0,158000,0,0,0,166000,8000,158000,158000
055065,神達永豐97購01  ,0,0,0,0,0,0,0,0,0,157000,0,0,0,157000,0,157000,157000
055139,欣興永豐97購01  ,0,0,0,0,0,0,0,0,0,157000,0,0,0,166000,9000,157000,157000
054670,康友元富97購01  ,0,0,0,0,0,0,0,0,0,157000,0,0,0,264000,107000,157000,157000
044689,超眾凱基93購03  ,0,0,0,0,0,0,0,0,0,157000,0,0,0,167000,10000,157000,157000
03005X,元展05          ,0,0,0,0,0,0,0,0,0,157000,0,0,0,157000,0,157000,157000
048243,儒鴻兆豐94購01  ,0,0,0,0,0,0,0,0,0,157000,0,0,0,184000,27000,157000,157000
051001,緯穎元大96購02  ,0,0,0,0,0,0,0,0,0,157000,0,0,0,184000,27000,157000,157000
050648,全新凱基96購01  ,0,0,0,0,0,0,0,0,0,157000,0,0,0,157000,0,157000,157000
051258,鈺齊國泰97購01  ,0,0,0,0,0,0,0,0,0,157000,0,0,0,233000,76000,157000,157000
054376,聯茂中信97購01  ,0,0,0,0,0,0,0,0,0,156000,0,0,0,241000,85000,156000,156000
046281,正崴永豐92購01  ,0,0,0,0,0,0,0,0,0,156000,0,0,0,156000,0,156000,156000
048592,漢唐群益93購04  ,0,0,0,0,0,0,0,0,0,156000,0,0,0,166000,10000,156000,156000
048764,台光電凱基94購03,0,0,0,0,0,0,0,0,0,156000,0,0,0,156000,0,156000,156000
051798,國巨永豐95購03  ,0,0,0,0,0,0,0,0,0,156000,0,0,0,175000,19000,156000,156000
1339,昭輝            ,185000,29000,156000,0,0,0,0,0,0,0,0,0,0,0,0,0,156000
055033,漢唐富邦98購01  ,0,0,0,0,0,0,0,0,0,155000,0,0,0,159000,4000,155000,155000
043040,永冠元富94購01  ,0,0,0,0,0,0,0,0,0,155000,0,0,0,299000,144000,155000,155000
050852,矽創國票95購02  ,0,0,0,0,0,0,0,0,0,155000,0,0,0,155000,0,155000,155000
050976,台光電統一95購01,0,0,0,0,0,0,0,0,0,155000,0,0,0,155000,0,155000,155000
052707,景碩台新96購01  ,0,0,0,0,0,0,0,0,0,155000,0,0,0,155000,0,155000,155000
5876,上海商銀        ,1779866,1190220,589646,0,0,0,0,104068,-104068,-331000,99000,275000,-176000,71000,226000,-155000,154578
054315,訊芯凱基98購01  ,0,0,0,0,0,0,0,0,0,154000,0,0,0,227000,73000,154000,154000
048499,達運元大96購01  ,0,0,0,0,0,0,0,0,0,154000,0,0,0,297000,143000,154000,154000
052855,群創日盛99購01  ,0,0,0,0,0,0,0,0,0,154000,0,0,0,204000,50000,154000,154000
053057,聯電國泰97購02  ,0,0,0,0,0,0,0,0,0,154000,0,0,0,413000,259000,154000,154000
052305,GIS永豐95購03   ,0,0,0,0,0,0,0,0,0,154000,0,0,0,154000,0,154000,154000
054325,奇力新台新97購03,0,0,0,0,0,0,0,0,0,153000,0,0,0,154000,1000,153000,153000
054124,達方永豐96購02  ,0,0,0,0,0,0,0,0,0,153000,0,0,0,153000,0,153000,153000
054374,信邦中信96購01  ,0,0,0,0,0,0,0,0,0,153000,0,0,0,277000,124000,153000,153000
055302,達方元大97購01  ,0,0,0,0,0,0,0,0,0,153000,0,0,0,173000,20000,153000,153000
050035,聯茂元大94購07  ,0,0,0,0,0,0,0,0,0,153000,0,0,0,189000,36000,153000,153000
049669,訊芯國泰95購01  ,0,0,0,0,0,0,0,0,0,153000,0,0,0,153000,0,153000,153000
048391,友訊國票94購01  ,0,0,0,0,0,0,0,0,0,153000,0,0,0,153000,0,153000,153000
052091,緯創元大95購04  ,0,0,0,0,0,0,0,0,0,153000,0,0,0,260000,107000,153000,153000
054631,台郡凱基98購02  ,0,0,0,0,0,0,0,0,0,152000,0,0,0,159000,7000,152000,152000
00680L,元大美債20正2   ,0,0,0,0,0,0,0,0,0,152000,0,0,0,152000,0,152000,152000
046552,晶技麥證92購01  ,0,0,0,152000,0,152000,0,0,0,152000,0,0,0,152000,0,152000,152000
049745,國巨永豐94購04  ,0,0,0,0,0,0,0,0,0,152000,0,0,0,423000,271000,152000,152000
052695,台表科中信98購01,0,0,0,0,0,0,0,0,0,152000,0,0,0,254000,102000,152000,152000
052926,旺宏元大98購02  ,0,0,0,0,0,0,0,0,0,152000,0,0,0,586000,434000,152000,152000
053361,友達元富99購01  ,0,0,0,0,0,0,0,0,0,151000,0,0,0,151000,0,151000,151000
049919,美食元大94購03  ,0,0,0,0,0,0,0,0,0,151000,0,0,0,156000,5000,151000,151000
03891P,晶技國泰94售02  ,0,0,0,0,0,0,0,0,0,151000,0,0,0,200000,49000,151000,151000
050368,國巨元大94購14  ,0,0,0,0,0,0,0,0,0,151000,0,0,0,197000,46000,151000,151000
048502,百和元大93購01  ,0,0,0,0,0,0,0,0,0,151000,0,0,0,284000,133000,151000,151000
048691,智伸科群益94購01,0,0,0,0,0,0,0,0,0,151000,0,0,0,245000,94000,151000,151000
048845,GIS凱基94購02   ,0,0,0,0,0,0,0,0,0,151000,0,0,0,205000,54000,151000,151000
053321,智原群益96購02  ,0,0,0,0,0,0,0,0,0,151000,0,0,0,201000,50000,151000,151000
052358,台表科永豐95購02,0,0,0,0,0,0,0,0,0,151000,0,0,0,151000,0,151000,151000
052313,聯電元大98購01  ,0,0,0,0,0,0,0,0,0,151000,0,0,0,154000,3000,151000,151000
050800,百和中信95購01  ,0,0,0,0,0,0,0,0,0,151000,0,0,0,151000,0,151000,151000
4935,茂林-KY         ,747000,767000,-20000,0,0,0,388000,0,388000,-217000,61000,153000,-92000,57000,182000,-125000,151000
053567,群創富邦97購01  ,0,0,0,0,0,0,0,0,0,150000,0,0,0,154000,4000,150000,150000
053841,美律統一96購01  ,0,0,0,0,0,0,0,0,0,150000,0,0,0,150000,0,150000,150000
054355,上海銀富邦98購01,0,0,0,0,0,0,0,0,0,150000,0,0,0,270000,120000,150000,150000
054146,康友元大96購06  ,0,0,0,0,0,0,0,0,0,150000,0,0,0,298000,148000,150000,150000
055294,智易元大98購01  ,0,0,0,0,0,0,0,0,0,150000,0,0,0,150000,0,150000,150000
05528P,臺股指群益96售01,0,0,0,0,0,0,0,0,0,150000,0,0,0,180000,30000,150000,150000
055010,佐登元富97購01  ,0,0,0,0,0,0,0,0,0,150000,0,0,0,184000,34000,150000,150000
049868,傳奇兆豐94購01  ,0,0,0,0,0,0,0,0,0,150000,0,0,0,150000,0,150000,150000
049865,和鑫兆豐95購01  ,0,0,0,0,0,0,0,0,0,150000,0,0,0,150000,0,150000,150000
045169,瀚宇博中信92購01,0,0,0,0,0,0,0,0,0,150000,0,0,0,150000,0,150000,150000
047945,滬深2X統一94購01,0,0,0,0,0,0,0,0,0,150000,0,0,0,150000,0,150000,150000
049213,滬深2X國票94購02,0,0,0,0,0,0,0,0,0,150000,0,0,0,150000,0,150000,150000
048443,旺宏凱基93購08  ,0,0,0,0,0,0,0,0,0,150000,0,0,0,152000,2000,150000,150000
048891,傳奇元富97購02  ,0,0,0,0,0,0,0,0,0,150000,0,0,0,150000,0,150000,150000
046835,傳奇群益93購01  ,0,0,0,0,0,0,0,0,0,150000,0,0,0,150000,0,150000,150000
048339,友達元大95購01  ,0,0,0,0,0,0,0,0,0,150000,0,0,0,150000,0,150000,150000
051069,智邦國票96購01  ,0,0,0,0,0,0,0,0,0,150000,0,0,0,260000,110000,150000,150000
051985,智邦元大95購05  ,0,0,0,0,0,0,0,0,0,150000,0,0,0,223000,73000,150000,150000
05888P,友達元大97售01  ,0,0,0,0,0,0,0,0,0,150000,0,0,0,150000,0,150000,150000
05718P,國巨元大96售09  ,0,0,0,0,0,0,0,0,0,149000,0,0,0,290000,141000,149000,149000
047636,台達電元大93購03,0,0,0,0,0,0,0,0,0,149000,0,0,0,151000,2000,149000,149000
049740,禾伸堂群益94購01,0,0,0,0,0,0,0,0,0,149000,0,0,0,236000,87000,149000,149000
048122,台達電元大96購02,0,0,0,0,0,0,0,0,0,149000,0,0,0,150000,1000,149000,149000
048073,南電元富93購02  ,0,0,0,0,0,0,0,0,0,149000,0,0,0,154000,5000,149000,149000
052621,台郡富邦97購01  ,0,0,0,0,0,0,0,0,0,149000,0,0,0,162000,13000,149000,149000
053311,同欣電凱基96購01,0,0,0,0,0,0,0,0,0,149000,0,0,0,196000,47000,149000,149000
050877,美律統一95購01  ,0,0,0,0,0,0,0,0,0,149000,0,0,0,229000,80000,149000,149000
054221,華新科統一96購05,0,0,0,0,0,0,0,0,0,148000,0,0,0,185000,37000,148000,148000
045280,儒鴻富邦94購01  ,0,0,0,0,0,0,0,0,0,148000,0,0,0,258000,110000,148000,148000
049125,禾伸堂元富94購01,0,0,0,0,0,0,0,0,0,148000,0,0,0,272000,124000,148000,148000
049747,嘉晶永豐94購02  ,0,0,0,0,0,0,0,0,0,148000,0,0,0,148000,0,148000,148000
051039,台表科康和95購01,0,0,0,0,0,0,0,0,0,148000,0,0,0,198000,50000,148000,148000
051103,緯穎元大96購03  ,0,0,0,0,0,0,0,0,0,148000,0,0,0,174000,26000,148000,148000
053066,欣興群益96購02  ,0,0,0,0,0,0,0,0,0,148000,0,0,0,168000,20000,148000,148000
05571P,大立光統一96售03,0,0,0,0,0,0,0,0,0,147000,0,0,0,184000,37000,147000,147000
053158,茂林元大96購01  ,0,0,0,0,0,0,0,0,0,147000,0,0,0,178000,31000,147000,147000
054767,日電貿國票98購01,0,0,0,0,0,0,0,0,0,146000,0,0,0,146000,0,146000,146000
054607,台積電永豐97購03,0,0,0,0,0,0,0,0,0,146000,0,0,0,200000,54000,146000,146000
054507,鈺齊永豐96購01  ,0,0,0,0,0,0,0,0,0,146000,0,0,0,475000,329000,146000,146000
045084,欣興元大93購02  ,0,0,0,0,0,0,0,0,0,146000,0,0,0,161000,15000,146000,146000
04127P,聯茂國票93售02  ,0,0,0,0,0,0,0,0,0,146000,0,0,0,146000,0,146000,146000
049299,矽創群益94購01  ,0,0,0,0,0,0,0,0,0,146000,0,0,0,186000,40000,146000,146000
047031,麗豐元大93購01  ,0,0,0,0,0,0,0,0,0,146000,0,0,0,146000,0,146000,146000
055003,群創元富99購05  ,0,0,0,0,0,0,0,0,0,145000,0,0,0,155000,10000,145000,145000
055073,易華電永豐97購01,0,0,0,0,0,0,0,0,0,145000,0,0,0,145000,0,145000,145000
055340,華新科日盛97購01,0,0,0,0,0,0,0,0,0,145000,0,0,0,174000,29000,145000,145000
044055,智邦元大92購03  ,0,0,0,0,0,0,0,0,0,145000,0,0,0,150000,5000,145000,145000
044320,瀚宇博永豐91購01,0,0,0,0,0,0,0,0,0,145000,0,0,0,145000,0,145000,145000
049924,欣興元大95購04  ,0,0,0,0,0,0,0,0,0,145000,0,0,0,274000,129000,145000,145000
047912,台郡麥證94購01  ,0,0,0,160000,15000,145000,0,0,0,145000,0,0,0,160000,15000,145000,145000
052608,欣興元大97購01  ,0,0,0,0,0,0,0,0,0,145000,0,0,0,153000,8000,145000,145000
052085,聯電元大95購01  ,0,0,0,0,0,0,0,0,0,145000,0,0,0,147000,2000,145000,145000
051010,美律日盛95購01  ,0,0,0,0,0,0,0,0,0,145000,0,0,0,305000,160000,145000,145000
048994,南電元大94購03  ,0,0,0,0,0,0,0,0,0,144000,0,0,0,152000,8000,144000,144000
052952,矽創國票97購02  ,0,0,0,0,0,0,0,0,0,144000,0,0,0,144000,0,144000,144000
054604,麗豐台新98購01  ,0,0,0,0,0,0,0,0,0,143000,0,0,0,151000,8000,143000,143000
046522,樺漢元大92購03  ,0,0,0,0,0,0,0,0,0,143000,0,0,0,169000,26000,143000,143000
042126,欣興統一92購01  ,0,0,0,0,0,0,0,0,0,143000,0,0,0,143000,0,143000,143000
049289,樺漢兆豐94購01  ,0,0,0,0,0,0,0,0,0,143000,0,0,0,167000,24000,143000,143000
04947P,聯詠元大94售05  ,0,0,0,0,0,0,0,0,0,143000,0,0,0,356000,213000,143000,143000
051479,兆豐金凱基95購01,0,0,0,0,0,0,0,0,0,143000,0,0,0,143000,0,143000,143000
5434,崇越            ,336000,160000,176000,0,0,0,0,0,0,-33000,35000,20000,15000,7000,55000,-48000,143000
053350,台表科國票97購02,0,0,0,0,0,0,0,0,0,142000,0,0,0,149000,7000,142000,142000
046038,欣興元大92購07  ,0,0,0,0,0,0,0,0,0,142000,0,0,0,221000,79000,142000,142000
049884,訊芯永豐94購01  ,0,0,0,0,0,0,0,0,0,142000,0,0,0,150000,8000,142000,142000
2498,宏達電          ,1046000,472000,574000,0,0,0,0,7000,-7000,-425000,13000,164000,-151000,127000,401000,-274000,142000
054542,台表科國票98購01,0,0,0,0,0,0,0,0,0,141000,0,0,0,141000,0,141000,141000
054138,晶技元大98購02  ,0,0,0,0,0,0,0,0,0,141000,0,0,0,146000,5000,141000,141000
044640,力成元富91購01  ,0,0,0,0,0,0,0,0,0,141000,0,0,0,149000,8000,141000,141000
046206,為升國泰93購01  ,0,0,0,0,0,0,0,0,0,141000,0,0,0,141000,0,141000,141000
044198,友達國票92購01  ,0,0,0,0,0,0,0,0,0,141000,0,0,0,141000,0,141000,141000
04257P,景碩國票93售01  ,0,0,0,0,0,0,0,0,0,141000,0,0,0,141000,0,141000,141000
050376,百和元大95購01  ,0,0,0,0,0,0,0,0,0,141000,0,0,0,426000,285000,141000,141000
054043,漢唐元大97購01  ,0,0,0,0,0,0,0,0,0,140000,0,0,0,326000,186000,140000,140000
055509,訊芯元大97購03  ,0,0,0,0,0,0,0,0,0,140000,0,0,0,360000,220000,140000,140000
054932,台肥元大97購01  ,0,0,0,0,0,0,0,0,0,140000,0,0,0,240000,100000,140000,140000
044041,台郡群益91購01  ,0,0,0,0,0,0,0,0,0,140000,0,0,0,140000,0,140000,140000
044228,群創群益91購02  ,0,0,0,0,0,0,0,0,0,140000,0,0,0,140000,0,140000,140000
050068,美食凱基94購03  ,0,0,0,0,0,0,0,0,0,140000,0,0,0,140000,0,140000,140000
2421,建準            ,482000,326000,156000,0,0,0,0,0,0,-16000,2000,19000,-17000,31000,30000,1000,140000
3583,辛耘            ,159000,18000,141000,0,0,0,0,0,0,-1000,0,1000,-1000,0,0,0,140000
05741P,聯發科元大96售14,0,0,0,0,0,0,0,0,0,139000,0,0,0,672000,533000,139000,139000
054246,國巨元大96購12  ,0,0,0,0,0,0,0,0,0,139000,0,0,0,162000,23000,139000,139000
054238,聯茂群益96購04  ,0,0,0,0,0,0,0,0,0,138000,0,0,0,138000,0,138000,138000
054173,奇力新台新97購02,0,0,0,0,0,0,0,0,0,138000,0,0,0,143000,5000,138000,138000
055328,鈺齊國票98購01  ,0,0,0,0,0,0,0,0,0,138000,0,0,0,201000,63000,138000,138000
046792,京元電元富96購01,0,0,0,0,0,0,0,0,0,138000,0,0,0,198000,60000,138000,138000
049311,漢唐凱基94購03  ,0,0,0,0,0,0,0,0,0,138000,0,0,0,138000,0,138000,138000
049549,瀚宇博群益94購01,0,0,0,0,0,0,0,0,0,138000,0,0,0,138000,0,138000,138000
050714,深中小群益98購01,0,0,0,0,0,0,0,0,0,138000,0,0,0,688000,550000,138000,138000
052852,國巨元富96購02  ,0,0,0,0,0,0,0,0,0,138000,0,0,0,1211000,1073000,138000,138000
6416,瑞祺電通        ,369000,166000,203000,0,0,0,0,0,0,-65000,15000,80000,-65000,0,0,0,138000
055198,奇力新第一97購01,0,0,0,0,0,0,0,0,0,137000,0,0,0,573000,436000,137000,137000
053539,智易永豐96購01  ,0,0,0,0,0,0,0,0,0,137000,0,0,0,164000,27000,137000,137000
053593,晶技元大98購01  ,0,0,0,0,0,0,0,0,0,137000,0,0,0,237000,100000,137000,137000
053988,友達亞東96購01  ,0,0,0,0,0,0,0,0,0,137000,0,0,0,142000,5000,137000,137000
03765P,大立光元富96售01,0,0,0,0,0,0,0,0,0,137000,0,0,0,137000,0,137000,137000
049245,和鑫元富95購01  ,0,0,0,0,0,0,0,0,0,137000,0,0,0,137000,0,137000,137000
047633,力山元大94購01  ,0,0,0,0,0,0,0,0,0,137000,0,0,0,137000,0,137000,137000
050067,美食凱基94購02  ,0,0,0,0,0,0,0,0,0,137000,0,0,0,137000,0,137000,137000
051500,聯茂群益95購01  ,0,0,0,0,0,0,0,0,0,137000,0,0,0,217000,80000,137000,137000
3708,上緯投控        ,170000,23000,147000,0,0,0,0,0,0,-10000,0,9000,-9000,0,1000,-1000,137000
05887P,友達元富99售03  ,0,0,0,0,0,0,0,0,0,137000,0,0,0,150000,13000,137000,137000
054095,同欣電群益98購03,0,0,0,0,0,0,0,0,0,136000,0,0,0,143000,7000,136000,136000
055164,矽創元大98購01  ,0,0,0,0,0,0,0,0,0,136000,0,0,0,171000,35000,136000,136000
044722,滬深2X永豐93購01,0,0,0,0,0,0,0,0,0,136000,0,0,0,166000,30000,136000,136000
050147,為升永豐94購01  ,0,0,0,0,0,0,0,0,0,136000,0,0,0,151000,15000,136000,136000
049240,華通元富94購01  ,0,0,0,0,0,0,0,0,0,136000,0,0,0,236000,100000,136000,136000
048893,南電元富94購01  ,0,0,0,0,0,0,0,0,0,136000,0,0,0,136000,0,136000,136000
048721,正文永豐94購01  ,0,0,0,0,0,0,0,0,0,136000,0,0,0,136000,0,136000,136000
2406,國碩            ,179000,43000,136000,0,0,0,0,0,0,0,0,0,0,0,0,0,136000
054888,泰碩統一97購01  ,0,0,0,0,0,0,0,0,0,135000,0,0,0,140000,5000,135000,135000
054668,傳奇元富97購03  ,0,0,0,0,0,0,0,0,0,135000,0,0,0,150000,15000,135000,135000
05652P,臻鼎群益96售01  ,0,0,0,0,0,0,0,0,0,135000,0,0,0,140000,5000,135000,135000
050324,訊芯台新94購01  ,0,0,0,0,0,0,0,0,0,135000,0,0,0,135000,0,135000,135000
050731,昇陽半國票96購01,0,0,0,0,0,0,0,0,0,135000,0,0,0,135000,0,135000,135000
050902,南電元大96購01  ,0,0,0,0,0,0,0,0,0,135000,0,0,0,141000,6000,135000,135000
051157,華新科富邦98購01,0,0,0,0,0,0,0,0,0,135000,0,0,0,294000,159000,135000,135000
052450,嘉澤元大95購03  ,0,0,0,0,0,0,0,0,0,135000,0,0,0,419000,284000,135000,135000
053405,台達電兆豐96購01,0,0,0,0,0,0,0,0,0,134000,0,0,0,134000,0,134000,134000
044703,緯創元大91購03  ,0,0,0,0,0,0,0,0,0,134000,0,0,0,134000,0,134000,134000
03583P,微星元大02售03  ,0,0,0,0,0,0,0,0,0,134000,0,0,0,235000,101000,134000,134000
048936,玉晶光永豐94購05,0,0,0,0,0,0,0,0,0,134000,0,0,0,143000,9000,134000,134000
053433,友達日盛99購06  ,0,0,0,0,0,0,0,0,0,133000,0,0,0,163000,30000,133000,133000
05690P,友達中信96售02  ,0,0,0,0,0,0,0,0,0,133000,0,0,0,133000,0,133000,133000
054906,神達康和97購01  ,0,0,0,0,0,0,0,0,0,133000,0,0,0,174000,41000,133000,133000
044345,世紀鋼國泰92購01,0,0,0,0,0,0,0,0,0,133000,0,0,0,133000,0,133000,133000
046039,新日興元大92購02,0,0,0,0,0,0,0,0,0,133000,0,0,0,145000,12000,133000,133000
048966,佳世達元大95購01,0,0,0,0,0,0,0,0,0,133000,0,0,0,136000,3000,133000,133000
050867,聯鈞永豐95購01  ,0,0,0,0,0,0,0,0,0,133000,0,0,0,278000,145000,133000,133000
2451,創見            ,227000,70000,157000,0,0,0,0,3000,-3000,-21000,6000,32000,-26000,5000,0,5000,133000
053483,嘉澤第一96購01  ,0,0,0,0,0,0,0,0,0,132000,0,0,0,404000,272000,132000,132000
046257,A50正2國票94購01,0,0,0,0,0,0,0,0,0,132000,0,0,0,306000,174000,132000,132000
050173,旺宏元大96購02  ,0,0,0,0,0,0,0,0,0,132000,0,0,0,336000,204000,132000,132000
049735,台光電群益94購03,0,0,0,0,0,0,0,0,0,132000,0,0,0,168000,36000,132000,132000
6670,復盛應用        ,220000,19000,201000,0,0,0,0,0,0,-69000,15000,81000,-66000,0,3000,-3000,132000
054001,康友群益96購02  ,0,0,0,0,0,0,0,0,0,131000,0,0,0,131000,0,131000,131000
053957,瑞昱永豐96購01  ,0,0,0,0,0,0,0,0,0,131000,0,0,0,142000,11000,131000,131000
05731P,創意統一96售03  ,0,0,0,0,0,0,0,0,0,131000,0,0,0,131000,0,131000,131000
044231,樺漢群益91購01  ,0,0,0,0,0,0,0,0,0,131000,0,0,0,131000,0,131000,131000
048498,嘉澤元大94購01  ,0,0,0,0,0,0,0,0,0,131000,0,0,0,181000,50000,131000,131000
049481,為升元大94購03  ,0,0,0,0,0,0,0,0,0,131000,0,0,0,153000,22000,131000,131000
047869,景碩永豐93購01  ,0,0,0,0,0,0,0,0,0,131000,0,0,0,131000,0,131000,131000
051363,矽創元大95購03  ,0,0,0,0,0,0,0,0,0,131000,0,0,0,136000,5000,131000,131000
051707,欣興群益95購02  ,0,0,0,0,0,0,0,0,0,131000,0,0,0,131000,0,131000,131000
052275,日月光群益95購01,0,0,0,0,0,0,0,0,0,131000,0,0,0,131000,0,131000,131000
8021,尖點            ,208000,67000,141000,0,0,0,0,0,0,-10000,0,10000,-10000,0,0,0,131000
2535,達欣工          ,148000,17000,131000,0,0,0,0,0,0,0,0,0,0,0,0,0,131000
1409,新纖            ,427000,168000,259000,0,0,0,0,0,0,-128000,23000,151000,-128000,0,0,0,131000
055416,欣興富邦98購01  ,0,0,0,0,0,0,0,0,0,130000,0,0,0,143000,13000,130000,130000
055370,旺宏元大97購05  ,0,0,0,0,0,0,0,0,0,130000,0,0,0,143000,13000,130000,130000
054882,台光電統一97購02,0,0,0,0,0,0,0,0,0,130000,0,0,0,130000,0,130000,130000
055012,茂林元富97購01  ,0,0,0,0,0,0,0,0,0,130000,0,0,0,261000,131000,130000,130000
044416,台光電統一91購03,0,0,0,0,0,0,0,0,0,130000,0,0,0,130000,0,130000,130000
047944,中石化元富96購01,0,0,0,0,0,0,0,0,0,130000,0,0,0,140000,10000,130000,130000
047207,晶技國泰94購01  ,0,0,0,0,0,0,0,0,0,130000,0,0,0,180000,50000,130000,130000
048639,漢唐元大93購07  ,0,0,0,0,0,0,0,0,0,130000,0,0,0,145000,15000,130000,130000
049194,卜蜂永豐94購01  ,0,0,0,0,0,0,0,0,0,130000,0,0,0,130000,0,130000,130000
049143,智邦元大94購02  ,0,0,0,0,0,0,0,0,0,130000,0,0,0,188000,58000,130000,130000
050135,禾伸堂兆豐95購01,0,0,0,0,0,0,0,0,0,130000,0,0,0,141000,11000,130000,130000
047171,聯發科永豐93購01,0,0,0,0,0,0,0,0,0,130000,0,0,0,180000,50000,130000,130000
052614,聯電國泰97購01  ,0,0,0,0,0,0,0,0,0,130000,0,0,0,131000,1000,130000,130000
050599,美食麥證94購01  ,0,0,0,130000,0,130000,0,0,0,130000,0,0,0,130000,0,130000,130000
050975,楠梓電統一95購01,0,0,0,0,0,0,0,0,0,130000,0,0,0,130000,0,130000,130000
1476,儒鴻            ,276905,76129,200776,0,0,0,0,23248,-23248,-48000,2000,39000,-37000,0,11000,-11000,129528
046295,超眾統一92購01  ,0,0,0,0,0,0,0,0,0,129000,0,0,0,179000,50000,129000,129000
04520P,欣興群益94售02  ,0,0,0,0,0,0,0,0,0,129000,0,0,0,130000,1000,129000,129000
050582,傳奇國票94購01  ,0,0,0,0,0,0,0,0,0,129000,0,0,0,129000,0,129000,129000
051548,鈺齊康和95購01  ,0,0,0,0,0,0,0,0,0,129000,0,0,0,129000,0,129000,129000
052401,智原凱基95購01  ,0,0,0,0,0,0,0,0,0,129000,0,0,0,142000,13000,129000,129000
052414,聯電麥證95購01  ,0,0,0,131000,1000,130000,0,0,0,129000,0,0,0,131000,2000,129000,129000
052984,漢唐元大96購01  ,0,0,0,0,0,0,0,0,0,129000,0,0,0,178000,49000,129000,129000
06115P,台積電統一97售04,0,0,0,0,0,0,0,0,0,129000,0,0,0,129000,0,129000,129000
05351P,臺股指元富95售05,0,0,0,0,0,0,0,0,0,128000,0,0,0,181000,53000,128000,128000
054148,矽創元大96購03  ,0,0,0,0,0,0,0,0,0,128000,0,0,0,128000,0,128000,128000
054252,奇力新元大96購04,0,0,0,0,0,0,0,0,0,128000,0,0,0,230000,102000,128000,128000
045077,國泰金元大92購01,0,105000,-105000,0,0,0,0,0,0,233000,0,0,0,233000,0,233000,128000
049890,嘉澤國泰95購01  ,0,0,0,0,0,0,0,0,0,128000,0,0,0,203000,75000,128000,128000
049965,矽創元富94購01  ,0,0,0,0,0,0,0,0,0,128000,0,0,0,128000,0,128000,128000
046945,大毅元大93購01  ,0,0,0,0,0,0,0,0,0,128000,0,0,0,128000,0,128000,128000
050280,國巨日盛94購01  ,0,0,0,0,0,0,0,0,0,128000,0,0,0,138000,10000,128000,128000
051636,嘉晶國票95購02  ,0,0,0,0,0,0,0,0,0,128000,0,0,0,128000,0,128000,128000
054503,京鼎永豐96購04  ,0,0,0,0,0,0,0,0,0,127000,0,0,0,147000,20000,127000,127000
055022,精元國泰99購01  ,0,0,0,0,0,0,0,0,0,127000,0,0,0,187000,60000,127000,127000
054987,凱美元富97購01  ,0,0,0,0,0,0,0,0,0,127000,0,0,0,202000,75000,127000,127000
04178P,聯茂元大93售07  ,0,0,0,0,0,0,0,0,0,127000,0,0,0,127000,0,127000,127000
04104P,臺股指國票93售11,0,0,0,0,0,0,0,0,0,127000,0,0,0,213000,86000,127000,127000
05032P,台積電國泰96售05,0,0,0,0,0,0,0,0,0,127000,0,0,0,127000,0,127000,127000
049425,喬山兆豐95購01  ,0,0,0,0,0,0,0,0,0,127000,0,0,0,138000,11000,127000,127000
048305,深100凱基96購01 ,0,0,0,0,0,0,0,0,0,127000,0,0,0,233000,106000,127000,127000
047872,貿聯永豐93購02  ,0,0,0,0,0,0,0,0,0,127000,0,0,0,174000,47000,127000,127000
048109,旺宏群益94購02  ,0,0,0,0,0,0,0,0,0,127000,0,0,0,137000,10000,127000,127000
051733,中環國票96購02  ,0,0,0,0,0,0,0,0,0,127000,0,0,0,187000,60000,127000,127000
053162,緯穎元大97購01  ,0,0,0,0,0,0,0,0,0,127000,0,0,0,200000,73000,127000,127000
06076P,大立光凱基98售03,0,0,0,0,0,0,0,0,0,127000,0,0,0,127000,0,127000,127000
054071,泰鼎國泰97購02  ,0,0,0,0,0,0,0,0,0,126000,0,0,0,136000,10000,126000,126000
053969,瑞昱元大97購01  ,0,0,0,0,0,0,0,0,0,126000,0,0,0,205000,79000,126000,126000
053786,新日興元大96購02,0,0,0,0,0,0,0,0,0,126000,0,0,0,135000,9000,126000,126000
00693U,街口S&P黃豆     ,0,0,0,0,0,0,0,0,0,126000,0,0,0,128000,2000,126000,126000
053168,晶技群益98購01  ,0,0,0,0,0,0,0,0,0,126000,0,0,0,184000,58000,126000,126000
052922,國巨永豐96購01  ,0,0,0,0,0,0,0,0,0,126000,0,0,0,176000,50000,126000,126000
06154P,超眾元大98售01  ,0,0,0,0,0,0,0,0,0,126000,0,0,0,142000,16000,126000,126000
053990,晶技兆豐96購01  ,0,0,0,0,0,0,0,0,0,125000,0,0,0,125000,0,125000,125000
044126,奇力新凱基93購01,0,0,0,0,0,0,0,0,0,125000,0,0,0,171000,46000,125000,125000
046473,晶技永豐92購01  ,0,0,0,0,0,0,0,0,0,125000,0,0,0,165000,40000,125000,125000
047210,漢唐富邦95購01  ,0,0,0,0,0,0,0,0,0,125000,0,0,0,135000,10000,125000,125000
049007,玉晶光中信96購01,0,0,0,0,0,0,0,0,0,125000,0,0,0,178000,53000,125000,125000
050552,禾伸堂凱基94購05,0,0,0,0,0,0,0,0,0,125000,0,0,0,146000,21000,125000,125000
052726,鴻海元富96購03  ,0,0,0,0,0,0,0,0,0,125000,0,0,0,275000,150000,125000,125000
053235,智原永豐96購01  ,0,0,0,0,0,0,0,0,0,125000,0,0,0,178000,53000,125000,125000
052227,瑞昱凱基95購05  ,0,0,0,0,0,0,0,0,0,125000,0,0,0,126000,1000,125000,125000
051340,健策永豐95購03  ,0,0,0,0,0,0,0,0,0,125000,0,0,0,145000,20000,125000,125000
05847P,大立光元大96售08,0,0,0,0,0,0,0,0,0,125000,0,0,0,152000,27000,125000,125000
4746,台耀            ,160000,37000,123000,0,0,0,0,0,0,2000,6000,4000,2000,0,0,0,125000
053799,矽創中信9A購01  ,0,0,0,0,0,0,0,0,0,124000,0,0,0,124000,0,124000,124000
055021,亞德客國泰98購01,0,0,0,0,0,0,0,0,0,124000,0,0,0,191000,67000,124000,124000
055074,台虹永豐97購01  ,0,0,0,0,0,0,0,0,0,124000,0,0,0,127000,3000,124000,124000
044031,致茂群益92購01  ,0,0,0,0,0,0,0,0,0,124000,0,0,0,124000,0,124000,124000
047047,旺宏國票95購01  ,0,0,0,0,0,0,0,0,0,124000,0,0,0,160000,36000,124000,124000
048314,京元電凱基93購04,0,0,0,0,0,0,0,0,0,124000,0,0,0,124000,0,124000,124000
047522,微星元大93購02  ,0,0,0,0,0,0,0,0,0,124000,0,0,0,130000,6000,124000,124000
048661,瑞昱統一93購05  ,0,0,0,0,0,0,0,0,0,124000,0,0,0,173000,49000,124000,124000
04784P,超眾元富94售01  ,0,0,0,0,0,0,0,0,0,124000,0,0,0,344000,220000,124000,124000
051933,嘉聯益國票97購03,0,0,0,0,0,0,0,0,0,124000,0,0,0,124000,0,124000,124000
052919,鈺齊富邦98購01  ,0,0,0,0,0,0,0,0,0,124000,0,0,0,223000,99000,124000,124000
2359,所羅門          ,192000,67000,125000,0,0,0,0,0,0,-1000,0,1000,-1000,0,0,0,124000
2838,聯邦銀          ,439000,51000,388000,0,0,0,0,0,0,-264000,0,264000,-264000,0,0,0,124000
055231,大毅國票98購02  ,0,0,0,0,0,0,0,0,0,123000,0,0,0,164000,41000,123000,123000
053823,茂林群益96購06  ,0,0,0,0,0,0,0,0,0,123000,0,0,0,298000,175000,123000,123000
054568,訊芯群益97購01  ,0,0,0,0,0,0,0,0,0,123000,0,0,0,143000,20000,123000,123000
054390,智邦元富96購03  ,0,0,0,0,0,0,0,0,0,123000,0,0,0,202000,79000,123000,123000
044200,群創國票93購01  ,0,0,0,0,0,0,0,0,0,123000,0,0,0,253000,130000,123000,123000
048689,台光電群益94購01,0,0,0,0,0,0,0,0,0,123000,0,0,0,126000,3000,123000,123000
049417,奇力新凱基94購02,0,0,0,0,0,0,0,0,0,123000,0,0,0,128000,5000,123000,123000
047128,新日興日盛93購01,0,0,0,0,0,0,0,0,0,123000,0,0,0,323000,200000,123000,123000
05013P,台積電元大96售05,0,0,0,0,0,0,0,0,0,123000,0,0,0,123000,0,123000,123000
052717,正文凱基96購01  ,0,0,0,0,0,0,0,0,0,123000,0,0,0,123000,0,123000,123000
053230,達方台新97購01  ,0,0,0,0,0,0,0,0,0,123000,0,0,0,123000,0,123000,123000
052137,台表科凱基96購02,0,0,0,0,0,0,0,0,0,123000,0,0,0,163000,40000,123000,123000
054496,為升永豐96購01  ,0,0,0,0,0,0,0,0,0,122000,0,0,0,122000,0,122000,122000
053985,矽創元大96購02  ,0,0,0,0,0,0,0,0,0,122000,0,0,0,172000,50000,122000,122000
053893,京鼎群益97購02  ,0,0,0,0,0,0,0,0,0,122000,0,0,0,147000,25000,122000,122000
04085P,欣興元富93售01  ,0,0,0,0,0,0,0,0,0,122000,0,0,0,123000,1000,122000,122000
04035P,全新群益93售03  ,0,0,0,0,0,0,0,0,0,122000,0,0,0,122000,0,122000,122000
00737,國泰AI+Robo     ,25000,0,25000,0,0,0,0,0,0,97000,0,0,0,104000,7000,97000,122000
048219,為升凱基93購06  ,0,0,0,0,0,0,0,0,0,122000,0,0,0,131000,9000,122000,122000
049524,可成兆豐95購02  ,0,0,0,0,0,0,0,0,0,122000,0,0,0,122000,0,122000,122000
052079,康友元富98購01  ,0,0,0,0,0,0,0,0,0,122000,0,0,0,217000,95000,122000,122000
052004,泰碩國泰97購03  ,0,0,0,0,0,0,0,0,0,122000,0,0,0,122000,0,122000,122000
052690,台表科元大97購01,0,0,0,0,0,0,0,0,0,122000,0,0,0,146000,24000,122000,122000
052851,滬深2X元富96購02,0,0,0,0,0,0,0,0,0,122000,0,0,0,197000,75000,122000,122000
051266,國巨富邦99購01  ,0,0,0,0,0,0,0,0,0,122000,0,0,0,286000,164000,122000,122000
053877,奇力新亞東96購01,0,0,0,0,0,0,0,0,0,121000,0,0,0,121000,0,121000,121000
055040,台虹富邦99購01  ,0,0,0,0,0,0,0,0,0,121000,0,0,0,121000,0,121000,121000
049932,GIS元大94購03   ,0,0,0,0,0,0,0,0,0,121000,0,0,0,121000,0,121000,121000
049508,上銀凱基94購04  ,0,0,0,0,0,0,0,0,0,121000,0,0,0,245000,124000,121000,121000
048142,聯電統一93購01  ,0,0,0,0,0,0,0,0,0,121000,0,0,0,177000,56000,121000,121000
048564,智易元大94購01  ,0,0,0,0,0,0,0,0,0,121000,0,0,0,183000,62000,121000,121000
050188,貿聯元大96購01  ,0,0,0,0,0,0,0,0,0,121000,0,0,0,227000,106000,121000,121000
053071,南電群益96購01  ,0,0,0,0,0,0,0,0,0,121000,0,0,0,280000,159000,121000,121000
052162,智伸科永豐95購01,0,0,0,0,0,0,0,0,0,121000,0,0,0,125000,4000,121000,121000
05521P,創意永豐96售01  ,0,0,0,0,0,0,0,0,0,120000,0,0,0,175000,55000,120000,120000
053631,欣興兆豐97購01  ,0,0,0,0,0,0,0,0,0,120000,0,0,0,120000,0,120000,120000
053641,正文永豐96購01  ,0,0,0,0,0,0,0,0,0,120000,0,0,0,120000,0,120000,120000
053398,和鑫中信99購01  ,0,0,0,0,0,0,0,0,0,120000,0,0,0,120000,0,120000,120000
054491,瀚宇博台新96購02,0,0,0,0,0,0,0,0,0,120000,0,0,0,120000,0,120000,120000
054384,瀚宇博群益96購02,0,0,0,0,0,0,0,0,0,120000,0,0,0,120000,0,120000,120000
054377,臺股指中信99購09,0,0,0,0,0,0,0,0,0,120000,0,0,0,150000,30000,120000,120000
04992P,元油2X富邦97售04,0,0,0,0,0,0,0,0,0,120000,0,0,0,120000,0,120000,120000
049978,瑞昱凱基94購04  ,0,0,0,0,0,0,0,0,0,120000,0,0,0,122000,2000,120000,120000
046667,晶技元大93購01  ,0,0,0,0,0,0,0,0,0,120000,0,0,0,122000,2000,120000,120000
046503,京元電元大92購08,0,0,0,0,0,0,0,0,0,120000,0,0,0,120000,0,120000,120000
03253P,台灣50國泰03售02,0,0,0,0,0,0,0,0,0,120000,0,0,0,150000,30000,120000,120000
044347,上証2X元大94購01,0,0,0,0,0,0,0,0,0,120000,0,0,0,410000,290000,120000,120000
04214P,美利達凱基93售04,0,0,0,0,0,0,0,0,0,120000,0,0,0,120000,0,120000,120000
050146,訊芯康和94購02  ,0,0,0,0,0,0,0,0,0,120000,0,0,0,120000,0,120000,120000
049830,智易凱基94購02  ,0,0,0,0,0,0,0,0,0,120000,0,0,0,121000,1000,120000,120000
046827,漢唐群益93購02  ,0,0,0,0,0,0,0,0,0,120000,0,0,0,120000,0,120000,120000
048276,旺宏永豐94購01  ,0,0,0,0,0,0,0,0,0,120000,0,0,0,130000,10000,120000,120000
049133,為升元大94購02  ,0,0,0,0,0,0,0,0,0,120000,0,0,0,164000,44000,120000,120000
052026,漢唐群益95購01  ,0,0,0,0,0,0,0,0,0,120000,0,0,0,130000,10000,120000,120000
051761,富邦金元大96購01,0,0,0,0,0,0,0,0,0,120000,0,0,0,120000,0,120000,120000
050767,京元電元大96購01,0,0,0,0,0,0,0,0,0,120000,0,0,0,165000,45000,120000,120000
051127,同欣電群益95購01,0,0,0,0,0,0,0,0,0,120000,0,0,0,668000,548000,120000,120000
05974P,國巨富邦97售03  ,0,0,0,0,0,0,0,0,0,120000,0,0,0,197000,77000,120000,120000
053561,玉晶光國泰98購01,0,0,0,0,0,0,0,0,0,119000,0,0,0,179000,60000,119000,119000
045618,元油2X永豐98購01,0,0,0,0,0,0,0,0,0,119000,0,0,0,299000,180000,119000,119000
048121,亞德客元大93購05,0,0,0,0,0,0,0,0,0,119000,0,0,0,123000,4000,119000,119000
051332,奇力新永豐95購01,0,0,0,0,0,0,0,0,0,119000,0,0,0,129000,10000,119000,119000
1464,得力            ,205000,83000,122000,0,0,0,0,0,0,-3000,0,0,0,2000,5000,-3000,119000
055292,聯鈞元大97購02  ,0,0,0,0,0,0,0,0,0,118000,0,0,0,372000,254000,118000,118000
05611P,康控群益96售02  ,0,0,0,0,0,0,0,0,0,118000,0,0,0,118000,0,118000,118000
044480,瀚宇博統一91購01,0,0,0,0,0,0,0,0,0,118000,0,0,0,119000,1000,118000,118000
03139P,聯電凱基01售02  ,0,0,0,0,0,0,0,0,0,118000,0,0,0,118000,0,118000,118000
048667,旺宏永豐94購02  ,0,0,0,0,0,0,0,0,0,118000,0,0,0,148000,30000,118000,118000
051909,潤泰全元大95購02,0,0,0,0,0,0,0,0,0,118000,0,0,0,118000,0,118000,118000
052444,友訊元大95購01  ,0,0,0,0,0,0,0,0,0,118000,0,0,0,124000,6000,118000,118000
052920,景碩台新96購02  ,0,0,0,0,0,0,0,0,0,118000,0,0,0,118000,0,118000,118000
052966,光磊群益96購01  ,0,0,0,0,0,0,0,0,0,118000,0,0,0,118000,0,118000,118000
054725,國巨日盛97購01  ,0,0,0,0,0,0,0,0,0,117000,0,0,0,150000,33000,117000,117000
053392,致新元大96購01  ,0,0,0,0,0,0,0,0,0,117000,0,0,0,736000,619000,117000,117000
049379,智原元大95購01  ,0,0,0,0,0,0,0,0,0,117000,0,0,0,128000,11000,117000,117000
050559,聯發科統一94購10,0,0,0,0,0,0,0,0,0,117000,0,0,0,157000,40000,117000,117000
050607,為升元大94購10  ,0,0,0,0,0,0,0,0,0,117000,0,0,0,186000,69000,117000,117000
2441,超豐            ,271000,121000,150000,0,0,0,0,0,0,-33000,10000,43000,-33000,0,0,0,117000
3437,榮創            ,187000,68000,119000,0,0,0,0,0,0,-2000,0,2000,-2000,0,0,0,117000
054559,台光電群益99購01,0,0,0,0,0,0,0,0,0,116000,0,0,0,137000,21000,116000,116000
054904,興勤康和97購01  ,0,0,0,0,0,0,0,0,0,116000,0,0,0,116000,0,116000,116000
03257P,聯電永豐02售01  ,0,0,0,0,0,0,0,0,0,116000,0,0,0,116000,0,116000,116000
043944,欣興兆豐93購02  ,0,0,0,0,0,0,0,0,0,116000,0,0,0,126000,10000,116000,116000
050395,大立光元富94購10,0,0,0,0,0,0,0,0,0,116000,0,0,0,128000,12000,116000,116000
049681,旺宏統一94購04  ,0,0,0,0,0,0,0,0,0,116000,0,0,0,166000,50000,116000,116000
049142,智邦元大94購01  ,0,0,0,0,0,0,0,0,0,116000,0,0,0,141000,25000,116000,116000
049209,GIS群益94購03   ,0,0,0,0,0,0,0,0,0,116000,0,0,0,135000,19000,116000,116000
047840,新日興元大93購03,0,0,0,0,0,0,0,0,0,116000,0,0,0,128000,12000,116000,116000
051829,玉晶光元大98購02,0,0,0,0,0,0,0,0,0,116000,0,0,0,175000,59000,116000,116000
052499,合勤控永豐95購01,0,0,0,0,0,0,0,0,0,116000,0,0,0,116000,0,116000,116000
052398,瑞昱凱基95購06  ,0,0,0,0,0,0,0,0,0,116000,0,0,0,128000,12000,116000,116000
2231,為升            ,143000,24000,119000,0,0,0,20000,0,20000,-23000,0,17000,-17000,16000,22000,-6000,116000
06078P,臺股指凱基9A售01,0,0,0,0,0,0,0,0,0,116000,0,0,0,136000,20000,116000,116000
055174,精元統一97購01  ,0,0,0,0,0,0,0,0,0,115000,0,0,0,115000,0,115000,115000
045073,可成元大93購01  ,0,0,0,0,0,0,0,0,0,115000,0,0,0,125000,10000,115000,115000
046644,台達電國泰93購01,0,0,0,0,0,0,0,0,0,115000,0,0,0,120000,5000,115000,115000
047983,宏達電群益93購04,0,0,0,0,0,0,0,0,0,115000,0,0,0,115000,0,115000,115000
047724,智邦群益93購03  ,0,0,0,0,0,0,0,0,0,115000,0,0,0,115000,0,115000,115000
053231,奇力新康和96購01,0,0,0,0,0,0,0,0,0,115000,0,0,0,115000,0,115000,115000
051678,鈺齊元大95購02  ,0,0,0,0,0,0,0,0,0,115000,0,0,0,152000,37000,115000,115000
3605,宏致            ,174000,72000,102000,0,0,0,0,0,0,13000,21000,8000,13000,0,0,0,115000
04454P,大立光富邦98售02,0,0,0,0,0,0,0,0,0,114000,0,0,0,124000,10000,114000,114000
045387,信邦元大92購01  ,0,0,0,0,0,0,0,0,0,114000,0,0,0,114000,0,114000,114000
048850,聯電群益96購01  ,0,0,0,0,0,0,0,0,0,114000,0,0,0,117000,3000,114000,114000
048959,凌華康和94購01  ,0,0,0,0,0,0,0,0,0,114000,0,0,0,166000,52000,114000,114000
046863,康友元大93購01  ,0,0,0,0,0,0,0,0,0,114000,0,0,0,161000,47000,114000,114000
050911,光磊中信98購01  ,0,0,0,0,0,0,0,0,0,114000,0,0,0,129000,15000,114000,114000
053326,瀚宇博台新96購01,0,0,0,0,0,0,0,0,0,114000,0,0,0,114000,0,114000,114000
052994,群創台新99購01  ,0,0,0,0,0,0,0,0,0,114000,0,0,0,114000,0,114000,114000
054784,順德群益9A購01  ,0,0,0,0,0,0,0,0,0,113000,0,0,0,244000,131000,113000,113000
054500,美律永豐96購02  ,0,0,0,0,0,0,0,0,0,113000,0,0,0,113000,0,113000,113000
054632,緯穎凱基9A購01  ,0,0,0,0,0,0,0,0,0,113000,0,0,0,206000,93000,113000,113000
052352,力成元富95購01  ,0,0,0,0,0,0,0,0,0,113000,0,0,0,254000,141000,113000,113000
052078,大立光元富95購10,0,0,0,0,0,0,0,0,0,113000,0,0,0,123000,10000,113000,113000
052088,漢唐元大95購02  ,0,0,0,0,0,0,0,0,0,113000,0,0,0,120000,7000,113000,113000
053699,臺股指元大96購22,0,0,0,0,0,0,0,0,0,112000,0,0,0,534000,422000,112000,112000
055123,億光兆豐97購01  ,0,0,0,0,0,0,0,0,0,112000,0,0,0,192000,80000,112000,112000
05808P,臺股指國票96售01,0,0,0,0,0,0,0,0,0,112000,0,0,0,117000,5000,112000,112000
044528,元油2X國泰92購02,0,0,0,0,0,0,0,0,0,112000,0,0,0,112000,0,112000,112000
04756P,大立光元富94售08,0,0,0,0,0,0,0,0,0,112000,0,0,0,122000,10000,112000,112000
050453,創意元大95購03  ,0,0,0,0,0,0,0,0,0,112000,0,0,0,268000,156000,112000,112000
048662,京元電統一93購04,0,0,0,0,0,0,0,0,0,112000,0,0,0,112000,0,112000,112000
049015,鴻海群益94購03  ,0,0,0,0,0,0,0,0,0,112000,0,0,0,512000,400000,112000,112000
052250,光磊永豐95購01  ,0,0,0,0,0,0,0,0,0,112000,0,0,0,169000,57000,112000,112000
051379,新光金群益95購01,0,0,0,0,0,0,0,0,0,112000,0,0,0,112000,0,112000,112000
6165,捷泰            ,122000,10000,112000,0,0,0,0,0,0,0,0,0,0,0,0,0,112000
053705,滬深2X凱基99購01,0,0,0,0,0,0,0,0,0,111000,0,0,0,176000,65000,111000,111000
053383,京元電元大97購01,0,0,0,0,0,0,0,0,0,111000,0,0,0,145000,34000,111000,111000
050017,百和富邦94購01  ,0,0,0,0,0,0,0,0,0,111000,0,0,0,111000,0,111000,111000
04948P,瑞儀元大94售03  ,0,0,0,0,0,0,0,0,0,111000,0,0,0,111000,0,111000,111000
047881,和鑫國泰95購01  ,0,0,0,0,0,0,0,0,0,111000,0,0,0,111000,0,111000,111000
050759,貿聯元富94購02  ,0,0,0,0,0,0,0,0,0,111000,0,0,0,227000,116000,111000,111000
052818,智邦永豐96購01  ,0,0,0,0,0,0,0,0,0,111000,0,0,0,155000,44000,111000,111000
1582,信錦            ,179000,56000,123000,0,0,0,0,0,0,-12000,0,10000,-10000,0,2000,-2000,111000
1592,英瑞-KY         ,123000,12000,111000,0,0,0,0,0,0,0,0,0,0,0,0,0,111000
053432,世紀鋼永豐96購02,0,0,0,0,0,0,0,0,0,110000,0,0,0,110000,0,110000,110000
053558,訊芯凱基96購02  ,0,0,0,0,0,0,0,0,0,110000,0,0,0,230000,120000,110000,110000
053629,玉山金兆豐96購01,0,0,0,0,0,0,0,0,0,110000,0,0,0,110000,0,110000,110000
054358,矽創兆豐96購01  ,0,0,0,0,0,0,0,0,0,110000,0,0,0,110000,0,110000,110000
054243,國喬元大96購01  ,0,0,0,0,0,0,0,0,0,110000,0,0,0,110000,0,110000,110000
05568P,台積電統一96售03,0,0,0,0,0,0,0,0,0,110000,0,0,0,110000,0,110000,110000
049861,正崴兆豐94購01  ,0,0,0,0,0,0,0,0,0,110000,0,0,0,110000,0,110000,110000
047932,麗豐凱基93購01  ,0,0,0,0,0,0,0,0,0,110000,0,0,0,117000,7000,110000,110000
049268,聯茂元大94購03  ,0,0,0,0,0,0,0,0,0,110000,0,0,0,110000,0,110000,110000
04855P,上証2X元富94售02,0,0,0,0,0,0,0,0,0,110000,0,0,0,110000,0,110000,110000
048445,瑞昱凱基93購11  ,0,0,0,0,0,0,0,0,0,110000,0,0,0,113000,3000,110000,110000
050130,華新科凱基94購09,0,0,0,0,0,0,0,0,0,110000,0,0,0,110000,0,110000,110000
052827,昇陽半永豐97購01,0,0,0,0,0,0,0,0,0,110000,0,0,0,110000,0,110000,110000
053001,力山永豐96購01  ,0,0,0,0,0,0,0,0,0,110000,0,0,0,110000,0,110000,110000
052974,瀚宇博群益96購01,0,0,0,0,0,0,0,0,0,110000,0,0,0,142000,32000,110000,110000
053232,友達永豐97購02  ,0,0,0,0,0,0,0,0,0,110000,0,0,0,130000,20000,110000,110000
053090,新唐元大96購01  ,0,0,0,0,0,0,0,0,0,110000,0,0,0,120000,10000,110000,110000
052145,京元電群益95購02,0,0,0,0,0,0,0,0,0,110000,0,0,0,110000,0,110000,110000
051998,昇陽半元大96購02,0,0,0,0,0,0,0,0,0,110000,0,0,0,110000,0,110000,110000
051213,華新科統一95購01,0,0,0,0,0,0,0,0,0,110000,0,0,0,110000,0,110000,110000
051791,智伸科國票96購01,0,0,0,0,0,0,0,0,0,110000,0,0,0,114000,4000,110000,110000
051915,日月光元大96購01,0,0,0,0,0,0,0,0,0,110000,0,0,0,328000,218000,110000,110000
054870,新日興群益98購01,0,0,0,0,0,0,0,0,0,109000,0,0,0,313000,204000,109000,109000
054493,同欣電台新96購01,0,0,0,0,0,0,0,0,0,109000,0,0,0,158000,49000,109000,109000
047251,麗豐群益93購01  ,0,0,0,0,0,0,0,0,0,109000,0,0,0,126000,17000,109000,109000
046666,欣興元大93購05  ,0,0,0,0,0,0,0,0,0,109000,0,0,0,125000,16000,109000,109000
05054P,臻鼎群益95售02  ,0,0,0,0,0,0,0,0,0,109000,0,0,0,116000,7000,109000,109000
048367,華邦電統一93購01,0,0,0,0,0,0,0,0,0,109000,0,0,0,109000,0,109000,109000
048368,燿華統一93購01  ,0,0,0,0,0,0,0,0,0,109000,0,0,0,109000,0,109000,109000
048761,力山凱基94購01  ,0,0,0,0,0,0,0,0,0,109000,0,0,0,109000,0,109000,109000
048769,聯鈞凱基94購01  ,0,0,0,0,0,0,0,0,0,109000,0,0,0,214000,105000,109000,109000
052894,國巨群益96購03  ,0,0,0,0,0,0,0,0,0,109000,0,0,0,177000,68000,109000,109000
05826P,臺股指凱基96售23,0,0,0,0,0,0,0,0,0,109000,0,0,0,115000,6000,109000,109000
05894P,友達群益98售02  ,0,0,0,0,0,0,0,0,0,109000,0,0,0,210000,101000,109000,109000
054619,昇陽半永豐97購03,0,0,0,0,0,0,0,0,0,108000,0,0,0,108000,0,108000,108000
053562,玉晶光國泰98購02,0,0,0,0,0,0,0,0,0,108000,0,0,0,167000,59000,108000,108000
049998,奇力新永豐94購03,0,0,0,0,0,0,0,0,0,108000,0,0,0,182000,74000,108000,108000
046000,台光電統一92購06,0,0,0,0,0,0,0,0,0,108000,0,0,0,108000,0,108000,108000
053104,台表科元富96購02,0,0,0,0,0,0,0,0,0,108000,0,0,0,118000,10000,108000,108000
050849,智伸科國票95購01,0,0,0,0,0,0,0,0,0,108000,0,0,0,108000,0,108000,108000
06043P,創意永豐96售06  ,0,0,0,0,0,0,0,0,0,108000,0,0,0,108000,0,108000,108000
054240,訊芯群益96購03  ,0,0,0,0,0,0,0,0,0,107000,0,0,0,164000,57000,107000,107000
054009,欣興元富96購03  ,0,0,0,0,0,0,0,0,0,107000,0,0,0,179000,72000,107000,107000
054113,奇力新台新97購01,0,0,0,0,0,0,0,0,0,107000,0,0,0,107000,0,107000,107000
05471P,聯電統一95售01  ,0,0,0,0,0,0,0,0,0,107000,0,0,0,108000,1000,107000,107000
055093,京鼎群益98購01  ,0,0,0,0,0,0,0,0,0,107000,0,0,0,137000,30000,107000,107000
04620P,聯電統一94售04  ,0,0,0,0,0,0,0,0,0,107000,0,0,0,108000,1000,107000,107000
045341,華邦電凱基93購04,0,0,0,0,0,0,0,0,0,107000,0,0,0,110000,3000,107000,107000
042366,元油2X國票92購01,0,0,0,0,0,0,0,0,0,107000,0,0,0,107000,0,107000,107000
048237,致茂國票94購01  ,0,0,0,0,0,0,0,0,0,107000,0,0,0,437000,330000,107000,107000
048992,昇陽半元大94購02,0,0,0,0,0,0,0,0,0,107000,0,0,0,107000,0,107000,107000
050085,國泰金元富94購01,0,65000,-65000,0,0,0,0,0,0,172000,0,0,0,182000,10000,172000,107000
050075,南電凱基94購04  ,0,0,0,0,0,0,0,0,0,107000,0,0,0,107000,0,107000,107000
053315,漢唐群益96購02  ,0,0,0,0,0,0,0,0,0,107000,0,0,0,167000,60000,107000,107000
053601,台表科元大98購01,0,0,0,0,0,0,0,0,0,106000,0,0,0,138000,32000,106000,106000
049668,大立光國泰96購02,0,0,0,0,0,0,0,0,0,106000,0,0,0,144000,38000,106000,106000
049294,南亞科群益94購01,0,0,0,0,0,0,0,0,0,106000,0,0,0,126000,20000,106000,106000
048598,瑞昱國票93購03  ,0,0,0,0,0,0,0,0,0,106000,0,0,0,113000,7000,106000,106000
048086,鴻海凱基93購33  ,0,0,0,0,0,0,0,0,0,106000,0,0,0,109000,3000,106000,106000
047956,麗豐永豐93購02  ,0,0,0,0,0,0,0,0,0,106000,0,0,0,180000,74000,106000,106000
050945,致茂群益95購01  ,0,0,0,0,0,0,0,0,0,106000,0,0,0,106000,0,106000,106000
051738,全新國票96購02  ,0,0,0,0,0,0,0,0,0,106000,0,0,0,116000,10000,106000,106000
053382,友達元大9C購02  ,0,0,0,0,0,0,0,0,0,105000,0,0,0,145000,40000,105000,105000
053939,台表科元富96購03,0,0,0,0,0,0,0,0,0,105000,0,0,0,115000,10000,105000,105000
042644,貿聯兆豐92購01  ,0,0,0,0,0,0,0,0,0,105000,0,0,0,125000,20000,105000,105000
046393,瀚宇博元富92購01,0,0,0,0,0,0,0,0,0,105000,0,0,0,105000,0,105000,105000
04961P,貿聯凱基94售03  ,0,0,0,0,0,0,0,0,0,105000,0,0,0,105000,0,105000,105000
051032,南電元富95購01  ,0,0,0,0,0,0,0,0,0,105000,0,0,0,105000,0,105000,105000
052943,奇力新國票96購02,0,0,0,0,0,0,0,0,0,105000,0,0,0,105000,0,105000,105000
052092,貿聯元大96購02  ,0,0,0,0,0,0,0,0,0,105000,0,0,0,258000,153000,105000,105000
05850P,台積電兆豐96售06,0,0,0,0,0,0,0,0,0,105000,0,0,0,142000,37000,105000,105000
054352,世芯國泰98購01  ,0,0,0,0,0,0,0,0,0,104000,0,0,0,107000,3000,104000,104000
04267P,康控元富93售04  ,0,0,0,0,0,0,0,0,0,104000,0,0,0,104000,0,104000,104000
04067P,聯發科凱基93售24,0,0,0,0,0,0,0,0,0,104000,0,0,0,140000,36000,104000,104000
046741,GIS群益94購01   ,0,0,0,0,0,0,0,0,0,104000,0,0,0,134000,30000,104000,104000
047899,貿聯群益93購03  ,0,0,0,0,0,0,0,0,0,104000,0,0,0,110000,6000,104000,104000
048609,京元電凱基93購07,0,0,0,0,0,0,0,0,0,104000,0,0,0,104000,0,104000,104000
048476,同欣電永豐93購01,0,0,0,0,0,0,0,0,0,104000,0,0,0,283000,179000,104000,104000
06046P,健策統一96售03  ,0,0,0,0,0,0,0,0,0,104000,0,0,0,117000,13000,104000,104000
2014,中鴻            ,242000,138000,104000,0,0,0,0,0,0,0,0,0,0,0,0,0,104000
4551,智伸科          ,283000,93050,189950,0,0,0,30000,0,30000,-116000,76000,4000,72000,20000,208000,-188000,103950
046785,禾伸堂永豐93購01,0,0,0,0,0,0,0,0,0,103000,0,0,0,103000,0,103000,103000
045782,欣興元大93購04  ,0,0,0,0,0,0,0,0,0,103000,0,0,0,104000,1000,103000,103000
045355,聯鈞凱基92購01  ,0,0,0,0,0,0,0,0,0,103000,0,0,0,103000,0,103000,103000
04616P,臺股指群益95售02,0,0,0,0,0,0,0,0,0,103000,0,0,0,103000,0,103000,103000
046028,微星元大92購01  ,0,0,0,0,0,0,0,0,0,103000,0,0,0,186000,83000,103000,103000
047755,麗豐元富93購01  ,0,0,0,0,0,0,0,0,0,103000,0,0,0,161000,58000,103000,103000
047806,旺宏凱基93購05  ,0,0,0,0,0,0,0,0,0,103000,0,0,0,113000,10000,103000,103000
052025,國巨群益96購01  ,0,0,0,0,0,0,0,0,0,103000,0,0,0,103000,0,103000,103000
052677,景碩富邦97購01  ,0,0,0,0,0,0,0,0,0,103000,0,0,0,103000,0,103000,103000
1786,科妍            ,122000,15000,107000,0,0,0,0,0,0,-4000,0,4000,-4000,0,0,0,103000
053765,智邦富邦96購01  ,0,0,0,0,0,0,0,0,0,102000,0,0,0,142000,40000,102000,102000
053464,喬山元大96購01  ,0,0,0,0,0,0,0,0,0,102000,0,0,0,236000,134000,102000,102000
054943,群光元大97購01  ,0,0,0,0,0,0,0,0,0,102000,0,0,0,152000,50000,102000,102000
055180,文曄統一97購01  ,0,0,0,0,0,0,0,0,0,102000,0,0,0,102000,0,102000,102000
054959,禾伸堂元大98購01,0,0,0,0,0,0,0,0,0,102000,0,0,0,103000,1000,102000,102000
03535P,臺股指凱基02售14,0,0,0,0,0,0,0,0,0,102000,0,0,0,102000,0,102000,102000
046419,聯鈞元大92購01  ,0,0,0,0,0,0,0,0,0,102000,0,0,0,102000,0,102000,102000
049112,可成統一94購01  ,0,0,0,0,0,0,0,0,0,102000,0,0,0,102000,0,102000,102000
049369,義隆元大95購01  ,0,0,0,0,0,0,0,0,0,102000,0,0,0,605000,503000,102000,102000
046875,康友元富93購01  ,0,0,0,0,0,0,0,0,0,102000,0,0,0,102000,0,102000,102000
046981,智伸科兆豐94購01,0,0,0,0,0,0,0,0,0,102000,0,0,0,219000,117000,102000,102000
050529,矽格元大94購05  ,0,0,0,0,0,0,0,0,0,102000,0,0,0,155000,53000,102000,102000
05027P,南電群益95售01  ,0,0,0,0,0,0,0,0,0,102000,0,0,0,102000,0,102000,102000
052687,國泰金元大96購03,0,0,0,0,0,0,0,0,0,102000,0,0,0,102000,0,102000,102000
052363,廣達國票96購01  ,0,0,0,0,0,0,0,0,0,102000,0,0,0,102000,0,102000,102000
052096,力成元大95購01  ,0,0,0,0,0,0,0,0,0,102000,0,0,0,147000,45000,102000,102000
050960,台光電永豐95購01,0,0,0,0,0,0,0,0,0,102000,0,0,0,102000,0,102000,102000
05684P,臺股指元大96售09,0,0,0,0,0,0,0,0,0,101000,0,0,0,109000,8000,101000,101000
055478,訊芯凱基97購01  ,0,0,0,0,0,0,0,0,0,101000,0,0,0,189000,88000,101000,101000
053528,南電中信9A購01  ,0,0,0,0,0,0,0,0,0,101000,0,0,0,131000,30000,101000,101000
053935,華通元富96購02  ,0,0,0,0,0,0,0,0,0,101000,0,0,0,101000,0,101000,101000
04644P,全新凱基94售01  ,0,0,0,0,0,0,0,0,0,101000,0,0,0,101000,0,101000,101000
039828,鴻海統一91購01  ,0,0,0,0,0,0,0,0,0,101000,0,0,0,101000,0,101000,101000
049362,國巨元大94購04  ,0,0,0,0,0,0,0,0,0,101000,0,0,0,101000,0,101000,101000
049318,樺漢凱基94購01  ,0,0,0,0,0,0,0,0,0,101000,0,0,0,111000,10000,101000,101000
048201,智易元大93購06  ,0,0,0,0,0,0,0,0,0,101000,0,0,0,162000,61000,101000,101000
050585,矽格國票94購01  ,0,0,0,0,0,0,0,0,0,101000,0,0,0,111000,10000,101000,101000
051535,新日興國票96購01,0,0,0,0,0,0,0,0,0,101000,0,0,0,180000,79000,101000,101000
051987,廣達元大95購01  ,0,0,0,0,0,0,0,0,0,101000,0,0,0,107000,6000,101000,101000
052310,聯電富邦95購01  ,0,0,0,0,0,0,0,0,0,101000,0,0,0,101000,0,101000,101000
052602,聯電元大97購01  ,0,0,0,0,0,0,0,0,0,101000,0,0,0,154000,53000,101000,101000
052565,上銀凱基96購01  ,0,0,0,0,0,0,0,0,0,101000,0,0,0,253000,152000,101000,101000
05949P,台積電國票96售09,0,0,0,0,0,0,0,0,0,101000,0,0,0,343000,242000,101000,101000
053984,康友元大96購05  ,0,0,0,0,0,0,0,0,0,100000,0,0,0,280000,180000,100000,100000
053781,友達元大9B購03  ,0,0,0,0,0,0,0,0,0,100000,0,0,0,115000,15000,100000,100000
053615,光罩群益96購01  ,0,0,0,0,0,0,0,0,0,100000,0,0,0,100000,0,100000,100000
054378,楠梓電群益98購01,0,0,0,0,0,0,0,0,0,100000,0,0,0,100000,0,100000,100000
055385,昇陽半元大98購01,0,0,0,0,0,0,0,0,0,100000,0,0,0,100000,0,100000,100000
055071,群電永豐97購01  ,0,0,0,0,0,0,0,0,0,100000,0,0,0,100000,0,100000,100000
03978P,瑞儀元大93售01  ,0,0,0,0,0,0,0,0,0,100000,0,0,0,100000,0,100000,100000
03957P,創意統一94售02  ,0,0,0,0,0,0,0,0,0,100000,0,0,0,100000,0,100000,100000
03896P,長榮航凱基95售01,0,0,0,0,0,0,0,0,0,100000,0,0,0,150000,50000,100000,100000
03146P,台灣50群益03售01,0,0,0,0,0,0,0,0,0,100000,0,0,0,100000,0,100000,100000
03228P,緯穎凱基02售02  ,0,0,0,100000,0,100000,0,0,0,100000,0,0,0,100000,0,100000,100000
044212,鴻海凱基93購04  ,0,0,0,0,0,0,0,0,0,100000,0,0,0,100000,0,100000,100000
044306,瑞儀兆豐93購02  ,0,0,0,0,0,0,0,0,0,100000,0,0,0,100000,0,100000,100000
043239,貿聯兆豐92購02  ,0,0,0,0,0,0,0,0,0,100000,0,0,0,100000,0,100000,100000
044495,可成元大91購09  ,0,0,0,0,0,0,0,0,0,100000,0,0,0,306000,206000,100000,100000
04527P,大立光凱基94售04,0,0,0,0,0,0,0,0,0,100000,0,0,0,100000,0,100000,100000
045096,達方元大92購01  ,0,0,0,0,0,0,0,0,0,100000,0,0,0,100000,0,100000,100000
046506,全新元大92購05  ,0,0,0,0,0,0,0,0,0,100000,0,0,0,100000,0,100000,100000
046500,技嘉元大92購03  ,0,0,0,0,0,0,0,0,0,100000,0,0,0,100000,0,100000,100000
04648P,臺股指凱基94售07,0,0,0,0,0,0,0,0,0,100000,0,0,0,100000,0,100000,100000
044688,傳奇凱基93購01  ,0,0,0,0,0,0,0,0,0,100000,0,0,0,100000,0,100000,100000
047261,聯詠國票93購02  ,0,0,0,0,0,0,0,0,0,100000,0,0,0,100000,0,100000,100000
048474,嘉聯益永豐93購03,0,0,0,0,0,0,0,0,0,100000,0,0,0,100000,0,100000,100000
049089,正文凱基94購02  ,0,0,0,0,0,0,0,0,0,100000,0,0,0,100000,0,100000,100000
048993,昇陽半元大94購03,0,0,0,0,0,0,0,0,0,100000,0,0,0,100000,0,100000,100000
047237,正文凱基93購02  ,0,0,0,0,0,0,0,0,0,100000,0,0,0,100000,0,100000,100000
047238,傳奇凱基94購01  ,0,0,0,0,0,0,0,0,0,100000,0,0,0,100000,0,100000,100000
047830,智邦元大93購08  ,0,0,0,0,0,0,0,0,0,100000,0,0,0,100000,0,100000,100000
048189,臺指反元大96購06,0,0,0,0,0,0,0,0,0,100000,0,0,0,100000,0,100000,100000
04876P,台光電中信94售02,0,0,0,0,0,0,0,0,0,100000,0,0,0,100000,0,100000,100000
046892,聯發科群益93購04,0,0,0,0,0,0,0,0,0,100000,0,0,0,100000,0,100000,100000
050271,上緯控元大96購01,0,0,0,0,0,0,0,0,0,100000,0,0,0,100000,0,100000,100000
050534,臻鼎兆豐94購01  ,0,0,0,0,0,0,0,0,0,100000,0,0,0,100000,0,100000,100000
047110,智邦元大93購05  ,0,0,0,0,0,0,0,0,0,100000,0,0,0,100000,0,100000,100000
050125,中環凱基94購01  ,0,0,0,0,0,0,0,0,0,100000,0,0,0,100000,0,100000,100000
052507,日月光日盛95購02,0,0,0,0,0,0,0,0,0,100000,0,0,0,100000,0,100000,100000
052307,潤泰全國泰96購01,0,0,0,0,0,0,0,0,0,100000,0,0,0,145000,45000,100000,100000
052086,鴻海元大96購08  ,0,0,0,0,0,0,0,0,0,100000,0,0,0,100000,0,100000,100000
052736,T50反1元大96購05,0,0,0,0,0,0,0,0,0,100000,0,0,0,120000,20000,100000,100000
053313,世紀鋼凱基96購01,0,0,0,0,0,0,0,0,0,100000,0,0,0,200000,100000,100000,100000
053233,大立光永豐96購01,0,0,0,0,0,0,0,0,0,100000,0,0,0,105000,5000,100000,100000
051343,鴻海元大95購07  ,0,0,0,0,0,0,0,0,0,100000,0,0,0,110000,10000,100000,100000
051249,潤泰全元大95購01,0,0,0,0,0,0,0,0,0,100000,0,0,0,137000,37000,100000,100000
051763,新光金元大98購01,0,0,0,0,0,0,0,0,0,100000,0,0,0,100000,0,100000,100000
051658,深中小國泰97購01,0,0,0,0,0,0,0,0,0,100000,0,0,0,100000,0,100000,100000
050762,楠梓電元大94購02,0,0,0,0,0,0,0,0,0,100000,0,0,0,100000,0,100000,100000
050781,昇陽半元大94購06,0,0,0,0,0,0,0,0,0,100000,0,0,0,100000,0,100000,100000
054968,佐登元大97購01  ,0,0,0,0,0,0,0,0,0,99000,0,0,0,100000,1000,99000,99000
05756P,臺股指中信99售05,0,0,0,0,0,0,0,0,0,99000,0,0,0,100000,1000,99000,99000
05570P,聯發科統一96售04,0,0,0,0,0,0,0,0,0,99000,0,0,0,115000,16000,99000,99000
05618P,聯發科元富96售02,0,0,0,0,0,0,0,0,0,99000,0,0,0,99000,0,99000,99000
046074,佐登凱基92購01  ,0,0,0,0,0,0,0,0,0,99000,0,0,0,110000,11000,99000,99000
046194,禾伸堂凱基92購02,0,0,0,0,0,0,0,0,0,99000,0,0,0,100000,1000,99000,99000
042845,TPK凱基92購01   ,0,0,0,0,0,0,0,0,0,99000,0,0,0,99000,0,99000,99000
047519,台達電元大93購02,0,0,0,0,0,0,0,0,0,99000,0,0,0,101000,2000,99000,99000
049794,台達電元大94購10,0,0,0,0,0,0,0,0,0,99000,0,0,0,100000,1000,99000,99000
047778,美利達元大93購01,0,0,0,0,0,0,0,0,0,99000,0,0,0,100000,1000,99000,99000
049028,麗豐群益94購01  ,0,0,0,0,0,0,0,0,0,99000,0,0,0,132000,33000,99000,99000
051408,台積電國票95購03,0,0,0,0,0,0,0,0,0,99000,0,0,0,114000,15000,99000,99000
053278,禾伸堂元大96購01,0,0,0,0,0,0,0,0,0,99000,0,0,0,211000,112000,99000,99000
052323,矽力元大95購04  ,0,0,0,0,0,0,0,0,0,99000,0,0,0,102000,3000,99000,99000
05267P,欣興元大95售08  ,0,0,0,0,0,0,0,0,0,99000,0,0,0,782000,683000,99000,99000
05878P,創意群益98售01  ,0,0,0,0,0,0,0,0,0,99000,0,0,0,101000,2000,99000,99000
05650P,台積電富邦96售01,0,0,0,0,0,0,0,0,0,98000,0,0,0,100000,2000,98000,98000
054228,貿聯元富96購03  ,0,0,0,0,0,0,0,0,0,98000,0,0,0,104000,6000,98000,98000
053619,和碩群益96購01  ,0,0,0,0,0,0,0,0,0,98000,0,0,0,98000,0,98000,98000
053736,友達麥證96購01  ,0,0,0,119000,21000,98000,0,0,0,98000,0,0,0,119000,21000,98000,98000
04079P,燿華元大93售04  ,0,0,0,0,0,0,0,0,0,98000,0,0,0,98000,0,98000,98000
046103,麗豐永豐92購01  ,0,0,0,0,0,0,0,0,0,98000,0,0,0,98000,0,98000,98000
046520,瀚宇博元大92購02,0,0,0,0,0,0,0,0,0,98000,0,0,0,98000,0,98000,98000
049895,國巨統一94購04  ,0,0,0,0,0,0,0,0,0,98000,0,0,0,98000,0,98000,98000
044645,元金2X群益93購01,0,0,0,0,0,0,0,0,0,98000,0,0,0,98000,0,98000,98000
048965,佳世達元大94購01,0,0,0,0,0,0,0,0,0,98000,0,0,0,212000,114000,98000,98000
049397,台達電群益94購03,0,0,0,0,0,0,0,0,0,98000,0,0,0,98000,0,98000,98000
048296,康控群益93購03  ,0,0,0,0,0,0,0,0,0,98000,0,0,0,98000,0,98000,98000
04692P,大立光群益94售06,0,0,0,0,0,0,0,0,0,98000,0,0,0,159000,61000,98000,98000
050195,上海銀元大94購03,0,0,0,0,0,0,0,0,0,98000,0,0,0,104000,6000,98000,98000
050201,光磊群益94購01  ,0,0,0,0,0,0,0,0,0,98000,0,0,0,98000,0,98000,98000
052406,力成凱基95購03  ,0,0,0,0,0,0,0,0,0,98000,0,0,0,130000,32000,98000,98000
051498,智易群益96購01  ,0,0,0,0,0,0,0,0,0,98000,0,0,0,98000,0,98000,98000
051365,瀚宇博國泰97購01,0,0,0,0,0,0,0,0,0,98000,0,0,0,133000,35000,98000,98000
051712,嘉聯益群益95購01,0,0,0,0,0,0,0,0,0,98000,0,0,0,98000,0,98000,98000
2515,中工            ,420000,206000,214000,0,0,0,0,0,0,-116000,0,0,0,9000,125000,-116000,98000
053584,友達元大9B購02  ,0,0,0,0,0,0,0,0,0,97000,0,0,0,108000,11000,97000,97000
055220,緯穎凱基98購02  ,0,0,0,0,0,0,0,0,0,97000,0,0,0,185000,88000,97000,97000
054850,上海銀兆豐97購01,0,0,0,0,0,0,0,0,0,97000,0,0,0,107000,10000,97000,97000
049905,為升元大94購05  ,0,0,0,0,0,0,0,0,0,97000,0,0,0,151000,54000,97000,97000
049989,臻鼎凱基94購02  ,0,0,0,0,0,0,0,0,0,97000,0,0,0,97000,0,97000,97000
04447P,上銀凱基94售02  ,0,0,0,0,0,0,0,0,0,97000,0,0,0,208000,111000,97000,97000
050274,GIS元大94購05   ,0,0,0,0,0,0,0,0,0,97000,0,0,0,107000,10000,97000,97000
049380,欣興元大94購04  ,0,0,0,0,0,0,0,0,0,97000,0,0,0,174000,77000,97000,97000
049832,麗豐凱基94購05  ,0,0,0,0,0,0,0,0,0,97000,0,0,0,97000,0,97000,97000
048828,禾伸堂凱基94購02,0,0,0,0,0,0,0,0,0,97000,0,0,0,105000,8000,97000,97000
053310,彩晶凱基98購02  ,0,0,0,0,0,0,0,0,0,97000,0,0,0,97000,0,97000,97000
06008P,燿華統一96售04  ,0,0,0,0,0,0,0,0,0,97000,0,0,0,97000,0,97000,97000
2105,正新            ,786716,516160,270556,0,0,0,0,0,0,-174000,2000,179000,-177000,3000,0,3000,96556
053718,全新凱基97購02  ,0,0,0,0,0,0,0,0,0,96000,0,0,0,98000,2000,96000,96000
044604,嘉聯益國泰93購01,0,0,0,0,0,0,0,0,0,96000,0,0,0,143000,47000,96000,96000
047380,統一元大93購01  ,0,0,0,0,0,0,0,0,0,96000,0,0,0,140000,44000,96000,96000
047438,台光電元大93購06,0,0,0,0,0,0,0,0,0,96000,0,0,0,96000,0,96000,96000
048979,晶相光元大94購03,0,0,0,0,0,0,0,0,0,96000,0,0,0,248000,152000,96000,96000
048991,昇陽半元大94購01,0,0,0,0,0,0,0,0,0,96000,0,0,0,100000,4000,96000,96000
046870,大立光統一95購01,0,0,0,0,0,0,0,0,0,96000,0,0,0,98000,2000,96000,96000
051926,聯電中信97購01  ,0,0,0,0,0,0,0,0,0,96000,0,0,0,244000,148000,96000,96000
050994,欣興元大96購03  ,0,0,0,0,0,0,0,0,0,96000,0,0,0,103000,7000,96000,96000
054744,晶相光凱基99購01,0,0,0,0,0,0,0,0,0,95000,0,0,0,95000,0,95000,95000
055507,樺漢元大98購02  ,0,0,0,0,0,0,0,0,0,95000,0,0,0,243000,148000,95000,95000
051097,嘉聯益元大96購02,0,0,0,0,0,0,0,0,0,95000,0,0,0,100000,5000,95000,95000
050571,美食中信95購01  ,0,0,0,0,0,0,0,0,0,95000,0,0,0,100000,5000,95000,95000
051856,亞德客凱基95購01,0,0,0,0,0,0,0,0,0,95000,0,0,0,121000,26000,95000,95000
052861,台光電凱基96購03,0,0,0,0,0,0,0,0,0,95000,0,0,0,158000,63000,95000,95000
3015,全漢            ,111000,16000,95000,0,0,0,0,0,0,0,0,0,0,0,0,0,95000
9939,宏全            ,438000,56000,382000,0,0,0,0,0,0,-287000,12000,156000,-144000,0,143000,-143000,95000
055112,晶豪科凱基98購01,0,0,0,0,0,0,0,0,0,94000,0,0,0,94000,0,94000,94000
054005,旺宏統一97購04  ,0,0,0,0,0,0,0,0,0,94000,0,0,0,124000,30000,94000,94000
04726P,TPK凱基94售04   ,0,0,0,0,0,0,0,0,0,94000,0,0,0,110000,16000,94000,94000
04991P,台表科元大94售05,0,0,0,0,0,0,0,0,0,94000,0,0,0,164000,70000,94000,94000
043050,欣興國泰93購01  ,0,0,0,0,0,0,0,0,0,94000,0,0,0,94000,0,94000,94000
050132,日電貿凱基94購02,0,0,0,0,0,0,0,0,0,94000,0,0,0,94000,0,94000,94000
050076,百和凱基94購02  ,0,0,0,0,0,0,0,0,0,94000,0,0,0,136000,42000,94000,94000
04710P,台積電元大94售16,0,0,0,0,0,0,0,0,0,94000,0,0,0,104000,10000,94000,94000
052346,訊芯凱基95購01  ,0,0,0,0,0,0,0,0,0,94000,0,0,0,294000,200000,94000,94000
051977,泰碩凱基95購01  ,0,0,0,0,0,0,0,0,0,94000,0,0,0,94000,0,94000,94000
2474,可成            ,1774154,1385750,388404,0,0,0,6000,941,5059,-300000,0,160000,-160000,30000,170000,-140000,93463
054181,華新康和96購01  ,0,0,0,0,0,0,0,0,0,93000,0,0,0,173000,80000,93000,93000
054131,南亞科元大96購04,0,0,0,0,0,0,0,0,0,93000,0,0,0,154000,61000,93000,93000
054428,禾伸堂富邦98購01,0,0,0,0,0,0,0,0,0,93000,0,0,0,163000,70000,93000,93000
055384,緯穎元大98購02  ,0,0,0,0,0,0,0,0,0,93000,0,0,0,97000,4000,93000,93000
045373,台化元大92購01  ,0,0,0,0,0,0,0,0,0,93000,0,0,0,93000,0,93000,93000
043652,微星國泰93購01  ,0,0,0,0,0,0,0,0,0,93000,0,0,0,109000,16000,93000,93000
046055,欣興群益92購02  ,0,0,0,0,0,0,0,0,0,93000,0,0,0,93000,0,93000,93000
050955,達方群益97購01  ,0,0,0,0,0,0,0,0,0,93000,0,0,0,105000,12000,93000,93000
050261,國巨元大95購04  ,0,0,0,0,0,0,0,0,0,93000,0,0,0,276000,183000,93000,93000
055378,晶相光元大97購02,0,0,0,0,0,0,0,0,0,92000,0,0,0,212000,120000,92000,92000
055101,台肥凱基97購01  ,0,0,0,0,0,0,0,0,0,92000,0,0,0,92000,0,92000,92000
054720,禾伸堂永豐97購01,0,0,0,0,0,0,0,0,0,92000,0,0,0,130000,38000,92000,92000
054892,彩晶統一99購01  ,0,0,0,0,0,0,0,0,0,92000,0,0,0,92000,0,92000,92000
054893,帆宣統一99購01  ,0,0,0,0,0,0,0,0,0,92000,0,0,0,100000,8000,92000,92000
053995,奇力新群益97購02,0,0,0,0,0,0,0,0,0,92000,0,0,0,136000,44000,92000,92000
048059,欣興國泰95購01  ,1000,0,1000,0,0,0,0,0,0,91000,0,0,0,135000,44000,91000,92000
043879,貿聯元大92購01  ,0,0,0,0,0,0,0,0,0,92000,0,0,0,92000,0,92000,92000
047750,開發金元富93購01,0,0,0,0,0,0,0,0,0,92000,0,0,0,392000,300000,92000,92000
048787,義隆元大94購02  ,0,0,0,0,0,0,0,0,0,92000,0,0,0,238000,146000,92000,92000
051774,聯茂中信96購01  ,0,0,0,0,0,0,0,0,0,92000,0,0,0,192000,100000,92000,92000
052892,大成鋼群益96購01,0,0,0,0,0,0,0,0,0,92000,0,0,0,122000,30000,92000,92000
053154,聯詠元大96購01  ,0,0,0,0,0,0,0,0,0,92000,0,0,0,100000,8000,92000,92000
055167,友訊統一97購01  ,0,0,0,0,0,0,0,0,0,91000,0,0,0,91000,0,91000,91000
04032P,聯茂凱基94售02  ,0,0,0,0,0,0,0,0,0,91000,0,0,0,91000,0,91000,91000
044852,華邦電國泰93購02,0,0,0,0,0,0,0,0,0,91000,0,0,0,92000,1000,91000,91000
047028,新日興元大93購02,0,0,0,0,0,0,0,0,0,91000,0,0,0,199000,108000,91000,91000
050182,淘帝元大94購01  ,0,0,0,0,0,0,0,0,0,91000,0,0,0,100000,9000,91000,91000
051944,智邦統一95購02  ,0,0,0,0,0,0,0,0,0,91000,0,0,0,216000,125000,91000,91000
051107,鴻海統一95購05  ,0,0,0,0,0,0,0,0,0,91000,0,0,0,222000,131000,91000,91000
051167,京鼎元大95購01  ,0,0,0,0,0,0,0,0,0,91000,0,0,0,163000,72000,91000,91000
050820,美食凱基95購01  ,0,0,0,0,0,0,0,0,0,91000,0,0,0,91000,0,91000,91000
05512P,華新科台新97售01,0,0,0,0,0,0,0,0,0,90000,0,0,0,90000,0,90000,90000
053657,元大金凱基96購01,0,0,0,0,0,0,0,0,0,90000,0,0,0,90000,0,90000,90000
053507,百和兆豐96購01  ,0,0,0,0,0,0,0,0,0,90000,0,0,0,90000,0,90000,90000
053442,光罩凱基96購01  ,0,0,0,0,0,0,0,0,0,90000,0,0,0,100000,10000,90000,90000
054060,晶技國票97購02  ,0,0,0,0,0,0,0,0,0,90000,0,0,0,90000,0,90000,90000
054271,中石化中信99購01,0,0,0,0,0,0,0,0,0,90000,0,0,0,90000,0,90000,90000
045042,亞泥凱基92購01  ,0,0,0,0,0,0,0,0,0,90000,0,0,0,90000,0,90000,90000
044043,旺宏中信91購02  ,0,0,0,0,0,0,0,0,0,90000,0,0,0,91000,1000,90000,90000
043771,鴻海兆豐92購01  ,0,0,0,0,0,0,0,0,0,90000,0,0,0,150000,60000,90000,90000
048010,嘉聯益富邦97購01,0,0,0,0,0,0,0,0,0,90000,0,0,0,110000,20000,90000,90000
049916,台光電元大94購06,0,0,0,0,0,0,0,0,0,90000,0,0,0,90000,0,90000,90000
049944,日月光第一94購01,0,0,0,0,0,0,0,0,0,90000,0,0,0,100000,10000,90000,90000
046603,貿聯群益93購01  ,0,0,0,0,0,0,0,0,0,90000,0,0,0,90000,0,90000,90000
047039,晶技群益93購02  ,0,0,0,0,0,0,0,0,0,90000,0,0,0,90000,0,90000,90000
048346,智易元大95購01  ,0,0,0,0,0,0,0,0,0,90000,0,0,0,150000,60000,90000,90000
048068,南亞科元富95購01,0,0,0,0,0,0,0,0,0,90000,0,0,0,90000,0,90000,90000
047453,電子類元大93購04,0,0,0,0,0,0,0,0,0,90000,0,0,0,100000,10000,90000,90000
047831,台光電元大93購07,0,0,0,0,0,0,0,0,0,90000,0,0,0,90000,0,90000,90000
04851P,創意永豐94售02  ,0,0,0,0,0,0,0,0,0,90000,0,0,0,145000,55000,90000,90000
049257,南亞科元大94購03,0,0,0,0,0,0,0,0,0,90000,0,0,0,93000,3000,90000,90000
050257,為升元大94購07  ,0,0,0,0,0,0,0,0,0,90000,0,0,0,219000,129000,90000,90000
050983,新光金國泰97購01,0,0,0,0,0,0,0,0,0,90000,0,0,0,100000,10000,90000,90000
051833,昇陽半元大96購01,0,0,0,0,0,0,0,0,0,90000,0,0,0,105000,15000,90000,90000
051759,全新元大95購04  ,0,0,0,0,0,0,0,0,0,90000,0,0,0,100000,10000,90000,90000
051502,南茂群益95購01  ,0,0,0,0,0,0,0,0,0,90000,0,0,0,90000,0,90000,90000
05153P,台表科群益96售01,0,0,0,0,0,0,0,0,0,90000,0,0,0,90000,0,90000,90000
051418,智易國票97購01  ,0,0,0,0,0,0,0,0,0,90000,0,0,0,90000,0,90000,90000
053075,欣興永豐96購01  ,0,0,0,0,0,0,0,0,0,90000,0,0,0,97000,7000,90000,90000
053270,台塑元大96購01  ,0,0,0,0,0,0,0,0,0,90000,0,0,0,105000,15000,90000,90000
052619,茂林國泰99購01  ,0,0,0,0,0,0,0,0,0,90000,0,0,0,184000,94000,90000,90000
053420,華邦電永豐96購01,0,0,0,0,0,0,0,0,0,89000,0,0,0,97000,8000,89000,89000
053616,奇力新群益97購01,0,0,0,0,0,0,0,0,0,89000,0,0,0,127000,38000,89000,89000
053717,聯發科凱基96購17,0,0,0,0,0,0,0,0,0,89000,0,0,0,860000,771000,89000,89000
055491,奇力新元大98購03,0,0,0,0,0,0,0,0,0,89000,0,0,0,112000,23000,89000,89000
055449,超眾統一9A購01  ,0,0,0,0,0,0,0,0,0,89000,0,0,0,158000,69000,89000,89000
04228P,貿聯永豐93售03  ,0,0,0,0,0,0,0,0,0,89000,0,0,0,135000,46000,89000,89000
045001,旺宏富邦94購01  ,0,0,0,0,0,0,0,0,0,89000,0,0,0,116000,27000,89000,89000
049034,台達電兆豐94購01,0,0,0,0,0,0,0,0,0,89000,0,0,0,95000,6000,89000,89000
049554,禾伸堂富邦96購01,0,0,0,0,0,0,0,0,0,89000,0,0,0,96000,7000,89000,89000
048432,全新國票95購01  ,0,0,0,0,0,0,0,0,0,89000,0,0,0,89000,0,89000,89000
047952,華通永豐93購03  ,0,0,0,0,0,0,0,0,0,89000,0,0,0,89000,0,89000,89000
049766,滬深2X元富94購02,0,0,0,0,0,0,0,0,0,89000,0,0,0,102000,13000,89000,89000
047098,大毅國泰94購01  ,0,0,0,0,0,0,0,0,0,89000,0,0,0,89000,0,89000,89000
053196,康控元富96購01  ,0,0,0,0,0,0,0,0,0,89000,0,0,0,146000,57000,89000,89000
05168P,鴻海元大95售14  ,0,0,0,0,0,0,0,0,0,89000,0,0,0,249000,160000,89000,89000
051642,鈺齊台新95購01  ,0,0,0,0,0,0,0,0,0,89000,0,0,0,161000,72000,89000,89000
050884,聯茂國泰96購01  ,0,0,0,0,0,0,0,0,0,89000,0,0,0,90000,1000,89000,89000
05066P,康控元大95售03  ,0,0,0,0,0,0,0,0,0,89000,0,0,0,89000,0,89000,89000
05985P,燿華統一96售03  ,0,0,0,0,0,0,0,0,0,89000,0,0,0,89000,0,89000,89000
055182,京鼎統一98購01  ,0,0,0,0,0,0,0,0,0,88000,0,0,0,88000,0,88000,88000
055029,帆宣國泰99購01  ,0,0,0,0,0,0,0,0,0,88000,0,0,0,323000,235000,88000,88000
054866,宏盛群益98購01  ,0,0,0,0,0,0,0,0,0,88000,0,0,0,98000,10000,88000,88000
05388P,南亞科元大95售04,0,0,0,0,0,0,0,0,0,88000,0,0,0,88000,0,88000,88000
053660,群創凱基98購08  ,0,0,0,0,0,0,0,0,0,88000,0,0,0,110000,22000,88000,88000
054260,貿聯元大96購03  ,0,0,0,0,0,0,0,0,0,88000,0,0,0,152000,64000,88000,88000
054324,美律台新97購01  ,0,0,0,0,0,0,0,0,0,88000,0,0,0,90000,2000,88000,88000
054299,南電元大96購03  ,0,0,0,0,0,0,0,0,0,88000,0,0,0,423000,335000,88000,88000
045410,華邦電群益94購01,0,0,0,0,0,0,0,0,0,88000,0,0,0,108000,20000,88000,88000
043236,台灣50兆豐93購02,0,2000,-2000,0,0,0,0,0,0,90000,0,0,0,120000,30000,90000,88000
045183,台光電統一92購02,0,0,0,0,0,0,0,0,0,88000,0,0,0,108000,20000,88000,88000
047319,晶技元大93購02  ,0,0,0,0,0,0,0,0,0,88000,0,0,0,90000,2000,88000,88000
048056,全新國泰94購02  ,0,0,0,0,0,0,0,0,0,88000,0,0,0,88000,0,88000,88000
049980,奇力新凱基94購04,0,0,0,0,0,0,0,0,0,88000,0,0,0,174000,86000,88000,88000
049079,聯發科凱基94購04,0,0,0,0,0,0,0,0,0,88000,0,0,0,131000,43000,88000,88000
047981,南亞科群益93購02,0,0,0,0,0,0,0,0,0,88000,0,0,0,100000,12000,88000,88000
051058,景碩群益96購01  ,0,0,0,0,0,0,0,0,0,88000,0,0,0,88000,0,88000,88000
054349,同欣電國票97購02,0,0,0,0,0,0,0,0,0,87000,0,0,0,87000,0,87000,87000
053482,矽力元大96購03  ,0,0,0,0,0,0,0,0,0,87000,0,0,0,132000,45000,87000,87000
053493,智邦兆豐97購02  ,0,0,0,0,0,0,0,0,0,87000,0,0,0,103000,16000,87000,87000
05492P,聯茂元大95售02  ,0,0,0,0,0,0,0,0,0,87000,0,0,0,193000,106000,87000,87000
054684,裕隆永豐97購01  ,0,0,0,0,0,0,0,0,0,87000,0,0,0,87000,0,87000,87000
045285,禾伸堂永豐92購01,0,0,0,0,0,0,0,0,0,87000,0,0,0,97000,10000,87000,87000
03840P,台積電統一99售02,0,0,0,0,0,0,0,0,0,87000,0,0,0,178000,91000,87000,87000
04306P,上銀凱基93售10  ,0,0,0,0,0,0,0,0,0,87000,0,0,0,87000,0,87000,87000
044423,元油2X國泰92購01,0,0,0,0,0,0,0,0,0,87000,0,0,0,87000,0,87000,87000
048757,美利達元富96購01,0,0,0,0,0,0,0,0,0,87000,0,0,0,101000,14000,87000,87000
04857P,美律元富94售01  ,0,0,0,0,0,0,0,0,0,87000,0,0,0,87000,0,87000,87000
047631,味全元大93購01  ,0,0,0,0,0,0,0,0,0,87000,0,0,0,87000,0,87000,87000
050204,華新科群益94購05,0,0,0,0,0,0,0,0,0,87000,0,0,0,196000,109000,87000,87000
052989,麗豐元大98購01  ,0,0,0,0,0,0,0,0,0,87000,0,0,0,97000,10000,87000,87000
052477,美律群益98購01  ,0,0,0,0,0,0,0,0,0,87000,0,0,0,164000,77000,87000,87000
052249,大成鋼永豐95購01,0,0,0,0,0,0,0,0,0,87000,0,0,0,92000,5000,87000,87000
052205,台積電中信95購09,0,0,0,0,0,0,0,0,0,87000,0,0,0,132000,45000,87000,87000
052014,光罩永豐95購01  ,0,0,0,0,0,0,0,0,0,87000,0,0,0,93000,6000,87000,87000
054492,嘉聯益台新96購01,0,0,0,0,0,0,0,0,0,86000,0,0,0,86000,0,86000,86000
054296,世芯元大97購01  ,0,0,0,0,0,0,0,0,0,86000,0,0,0,137000,51000,86000,86000
054151,瑞昱國泰97購01  ,0,0,0,0,0,0,0,0,0,86000,0,0,0,117000,31000,86000,86000
047013,超眾元富96購01  ,0,0,0,0,0,0,0,0,0,86000,0,0,0,221000,135000,86000,86000
050989,台表科富邦95購01,0,0,0,0,0,0,0,0,0,86000,0,0,0,86000,0,86000,86000
050780,台表科元大96購01,0,0,0,0,0,0,0,0,0,86000,0,0,0,104000,18000,86000,86000
2316,楠梓電          ,210000,68000,142000,0,0,0,0,0,0,-56000,3000,17000,-14000,30000,72000,-42000,86000
054012,廣達永豐96購01  ,0,0,0,0,0,0,0,0,0,85000,0,0,0,85000,0,85000,85000
054386,鴻海統一98購03  ,0,0,0,0,0,0,0,0,0,85000,0,0,0,91000,6000,85000,85000
055120,南港兆豐97購01  ,0,0,0,0,0,0,0,0,0,85000,0,0,0,491000,406000,85000,85000
044163,台光電元大92購01,0,0,0,0,0,0,0,0,0,85000,0,0,0,110000,25000,85000,85000
042902,光寶科元大94購01,0,0,0,0,0,0,0,0,0,85000,0,0,0,86000,1000,85000,85000
046389,百和凱基93購04  ,0,0,0,0,0,0,0,0,0,85000,0,0,0,146000,61000,85000,85000
03637C,臺股指凱基94牛18,0,0,0,0,0,0,0,0,0,85000,0,0,0,200000,115000,85000,85000
03885P,華新科統一96售01,0,0,0,0,0,0,0,0,0,85000,0,0,0,102000,17000,85000,85000
00650L,FH香港正2       ,0,0,0,0,0,0,0,0,0,85000,0,0,0,537000,452000,85000,85000
050175,台光電元大94購08,0,0,0,0,0,0,0,0,0,85000,0,0,0,120000,35000,85000,85000
049059,超眾永豐94購01  ,0,0,0,0,0,0,0,0,0,85000,0,0,0,85000,0,85000,85000
04911P,美律元富94售02  ,0,0,0,0,0,0,0,0,0,85000,0,0,0,85000,0,85000,85000
048741,欣興統一94購02  ,0,0,0,0,0,0,0,0,0,85000,0,0,0,85000,0,85000,85000
048837,牧德凱基94購04  ,0,0,0,0,0,0,0,0,0,85000,0,0,0,144000,59000,85000,85000
048146,大立光統一93購11,0,0,0,0,0,0,0,0,0,85000,0,0,0,85000,0,85000,85000
052183,華邦電群益95購01,0,0,0,0,0,0,0,0,0,85000,0,0,0,85000,0,85000,85000
3031,佰鴻            ,100000,7000,93000,0,0,0,0,0,0,-8000,7000,15000,-8000,0,0,0,85000
054965,健策元大98購04  ,0,0,0,0,0,0,0,0,0,84000,0,0,0,225000,141000,84000,84000
055376,群創元大01購01  ,0,0,0,0,0,0,0,0,0,84000,0,0,0,238000,154000,84000,84000
05613P,臻鼎台新96售01  ,0,0,0,0,0,0,0,0,0,84000,0,0,0,84000,0,84000,84000
053530,聯發科康和96購01,0,0,0,0,0,0,0,0,0,84000,0,0,0,98000,14000,84000,84000
044326,大立光元富91購03,0,0,0,0,0,0,0,0,0,84000,0,0,0,154000,70000,84000,84000
049897,華新科統一94購07,0,0,0,0,0,0,0,0,0,84000,0,0,0,134000,50000,84000,84000
048664,華新科統一94購01,0,0,0,0,0,0,0,0,0,84000,0,0,0,89000,5000,84000,84000
050298,智伸科凱基94購02,0,0,0,0,0,0,0,0,0,84000,0,0,0,96000,12000,84000,84000
052955,國巨日盛96購01  ,0,0,0,0,0,0,0,0,0,84000,0,0,0,94000,10000,84000,84000
053102,祥碩元富96購01  ,0,0,0,0,0,0,0,0,0,84000,0,0,0,130000,46000,84000,84000
051723,嘉澤永豐95購01  ,0,0,0,0,0,0,0,0,0,84000,0,0,0,369000,285000,84000,84000
053639,禾伸堂永豐96購01,0,0,0,0,0,0,0,0,0,83000,0,0,0,83000,0,83000,83000
055299,康友元大97購02  ,0,0,0,0,0,0,0,0,0,83000,0,0,0,241000,158000,83000,83000
049860,亞德客兆豐94購01,0,0,0,0,0,0,0,0,0,83000,0,0,0,119000,36000,83000,83000
04475P,欣興元大94售03  ,0,0,0,0,0,0,0,0,0,83000,0,0,0,145000,62000,83000,83000
045937,臻鼎群益93購02  ,0,0,0,0,0,0,0,0,0,83000,0,0,0,143000,60000,83000,83000
04301P,微星中信93售01  ,0,0,0,0,0,0,0,0,0,83000,0,0,0,83000,0,83000,83000
042943,金寶國票92購01  ,0,0,0,0,0,0,0,0,0,83000,0,0,0,83000,0,83000,83000
051643,瑞昱康和95購01  ,0,0,0,0,0,0,0,0,0,83000,0,0,0,83000,0,83000,83000
051527,台郡凱基95購03  ,0,0,0,0,0,0,0,0,0,83000,0,0,0,168000,85000,83000,83000
050755,和大元富94購01  ,0,0,0,0,0,0,0,0,0,83000,0,0,0,135000,52000,83000,83000
051120,南亞科群益95購01,0,0,0,0,0,0,0,0,0,83000,0,0,0,108000,25000,83000,83000
053400,緯穎中信9A購01  ,0,0,0,0,0,0,0,0,0,82000,0,0,0,92000,10000,82000,82000
053873,力成元大96購03  ,0,0,0,0,0,0,0,0,0,82000,0,0,0,206000,124000,82000,82000
054239,台郡群益96購02  ,0,0,0,0,0,0,0,0,0,82000,0,0,0,194000,112000,82000,82000
04250P,嘉晶統一95售02  ,0,0,0,0,0,0,0,0,0,82000,0,0,0,118000,36000,82000,82000
042767,世紀鋼元大92購01,0,0,0,0,0,0,0,0,0,82000,0,0,0,82000,0,82000,82000
044704,新日興元大91購01,0,0,0,0,0,0,0,0,0,82000,0,0,0,136000,54000,82000,82000
046069,禾伸堂凱基92購01,0,0,0,0,0,0,0,0,0,82000,0,0,0,83000,1000,82000,82000
047118,欣興元大93購06  ,0,0,0,0,0,0,0,0,0,82000,0,0,0,170000,88000,82000,82000
053006,玉晶光永豐96購03,0,0,0,0,0,0,0,0,0,82000,0,0,0,113000,31000,82000,82000
052528,茂林元大95購05  ,0,0,0,0,0,0,0,0,0,82000,0,0,0,446000,364000,82000,82000
053839,華通統一96購01  ,0,0,0,0,0,0,0,0,0,81000,0,0,0,81000,0,81000,81000
053427,鎧勝永豐96購02  ,0,0,0,0,0,0,0,0,0,81000,0,0,0,101000,20000,81000,81000
055052,凱美永豐97購01  ,0,0,0,0,0,0,0,0,0,81000,0,0,0,236000,155000,81000,81000
055130,京鼎康和97購01  ,0,0,0,0,0,0,0,0,0,81000,0,0,0,82000,1000,81000,81000
054722,傳奇永豐97購01  ,0,0,0,0,0,0,0,0,0,81000,0,0,0,81000,0,81000,81000
043580,大立光元富94購01,0,0,0,0,0,0,0,0,0,81000,0,0,0,81000,0,81000,81000
04715P,聯茂元大94售06  ,0,0,0,0,0,0,0,0,0,81000,0,0,0,81000,0,81000,81000
048980,嘉澤元大94購02  ,0,0,0,0,0,0,0,0,0,81000,0,0,0,140000,59000,81000,81000
052392,台表科群益96購02,0,0,0,0,0,0,0,0,0,81000,0,0,0,143000,62000,81000,81000
052886,世紀鋼兆豐96購01,0,0,0,0,0,0,0,0,0,81000,0,0,0,91000,10000,81000,81000
053153,大立光元大99購02,0,0,0,0,0,0,0,0,0,81000,0,0,0,111000,30000,81000,81000
053283,同欣電元大96購03,0,0,0,0,0,0,0,0,0,81000,0,0,0,287000,206000,81000,81000
051243,微星元大95購01  ,0,0,0,0,0,0,0,0,0,81000,0,0,0,136000,55000,81000,81000
05465P,台表科永豐95售03,0,0,0,0,0,0,0,0,0,80000,0,0,0,102000,22000,80000,80000
05485P,旺宏凱基95售08  ,0,0,0,0,0,0,0,0,0,80000,0,0,0,80000,0,80000,80000
054962,玉晶光元大99購02,0,0,0,0,0,0,0,0,0,80000,0,0,0,216000,136000,80000,80000
055303,鈺齊元大97購01  ,0,0,0,0,0,0,0,0,0,80000,0,0,0,80000,0,80000,80000
055326,緯穎國票97購06  ,0,0,0,0,0,0,0,0,0,80000,0,0,0,96000,16000,80000,80000
053869,嘉澤元大96購02  ,0,0,0,0,0,0,0,0,0,80000,0,0,0,103000,23000,80000,80000
054236,貿聯群益96購01  ,0,0,0,0,0,0,0,0,0,80000,0,0,0,80000,0,80000,80000
043731,泰鼎國泰92購01  ,0,0,0,0,0,0,0,0,0,80000,0,0,0,80000,0,80000,80000
03500P,道瓊銀國票02售03,0,0,0,0,0,0,0,0,0,80000,0,0,0,80000,0,80000,80000
046116,京元電元大92購05,0,0,0,0,0,0,0,0,0,80000,0,0,0,80000,0,80000,80000
045224,創意元大92購05  ,0,0,0,0,0,0,0,0,0,80000,0,0,0,80000,0,80000,80000
044593,緯創國票91購01  ,0,0,0,0,0,0,0,0,0,80000,0,0,0,80000,0,80000,80000
046691,儒鴻凱基93購02  ,0,0,0,0,0,0,0,0,0,80000,0,0,0,105000,25000,80000,80000
045824,嘉聯益凱基93購02,0,0,0,0,0,0,0,0,0,80000,0,0,0,80000,0,80000,80000
045869,滬深2X元富95購01,0,0,0,0,0,0,0,0,0,80000,0,0,0,80000,0,80000,80000
049914,瑞昱元大94購06  ,0,0,0,0,0,0,0,0,0,80000,0,0,0,80000,0,80000,80000
047739,致伸永豐93購01  ,0,0,0,0,0,0,0,0,0,80000,0,0,0,80000,0,80000,80000
050344,鴻海元富96購01  ,0,0,0,0,0,0,0,0,0,80000,0,0,0,80000,0,80000,80000
051427,聯發科統一95購04,0,0,0,0,0,0,0,0,0,80000,0,0,0,100000,20000,80000,80000
051430,瑞昱元富95購02  ,0,0,0,0,0,0,0,0,0,80000,0,0,0,80000,0,80000,80000
05099P,台積電凱基95售06,0,0,0,0,0,0,0,0,0,80000,0,0,0,80000,0,80000,80000
050622,昇陽半元大94購05,0,0,0,0,0,0,0,0,0,80000,0,0,0,100000,20000,80000,80000
053031,華新科第一96購01,0,0,0,0,0,0,0,0,0,80000,0,0,0,100000,20000,80000,80000
052503,大成鋼日盛95購02,0,0,0,0,0,0,0,0,0,80000,0,0,0,80000,0,80000,80000
052111,智原元富95購01  ,0,0,0,0,0,0,0,0,0,80000,0,0,0,83000,3000,80000,80000
6668,中揚光          ,222000,366000,-144000,0,0,0,224000,0,224000,0,0,0,0,0,0,0,80000
06160P,台達電群益97售01,0,0,0,0,0,0,0,0,0,80000,0,0,0,253000,173000,80000,80000
06107P,美律群益98售02  ,0,0,0,0,0,0,0,0,0,80000,0,0,0,80000,0,80000,80000
053544,華新凱基96購01  ,0,0,0,0,0,0,0,0,0,79000,0,0,0,79000,0,79000,79000
055286,晶技元大98購03  ,0,0,0,0,0,0,0,0,0,79000,0,0,0,133000,54000,79000,79000
055363,緯穎凱基98購03  ,0,0,0,0,0,0,0,0,0,79000,0,0,0,111000,32000,79000,79000
048046,正崴永豐93購01  ,0,0,0,0,0,0,0,0,0,79000,0,0,0,79000,0,79000,79000
046466,台虹凱基92購01  ,0,0,0,0,0,0,0,0,0,79000,0,0,0,79000,0,79000,79000
03635C,滬深2X元富99牛01,0,0,0,0,0,0,0,0,0,79000,0,0,0,212000,133000,79000,79000
045002,高股息元大92購02,0,0,0,0,0,0,0,0,0,79000,0,0,0,99000,20000,79000,79000
050531,訊芯元大95購02  ,0,0,0,0,0,0,0,0,0,79000,0,0,0,382000,303000,79000,79000
05012P,台積電元大95售07,0,0,0,0,0,0,0,0,0,79000,0,0,0,79000,0,79000,79000
047714,禾伸堂凱基93購03,0,0,0,0,0,0,0,0,0,79000,0,0,0,101000,22000,79000,79000
052467,嘉聯益統一96購01,0,0,0,0,0,0,0,0,0,79000,0,0,0,102000,23000,79000,79000
050717,京鼎群益96購01  ,0,0,0,0,0,0,0,0,0,79000,0,0,0,133000,54000,79000,79000
050225,亞泥中信94購01  ,0,0,0,0,0,0,0,0,0,79000,0,0,0,79000,0,79000,79000
05154P,台積電兆豐95售05,0,0,0,0,0,0,0,0,0,79000,0,0,0,109000,30000,79000,79000
051295,國巨元富95購04  ,0,0,0,0,0,0,0,0,0,79000,0,0,0,579000,500000,79000,79000
051772,玉山金中信95購01,0,0,0,0,0,0,0,0,0,79000,0,0,0,79000,0,79000,79000
055360,台表科凱基97購02,0,0,0,0,0,0,0,0,0,78000,0,0,0,78000,0,78000,78000
055436,晶豪科中信99購01,0,0,0,0,0,0,0,0,0,78000,0,0,0,128000,50000,78000,78000
055027,牧德國泰99購01  ,0,0,0,0,0,0,0,0,0,78000,0,0,0,450000,372000,78000,78000
053734,友達中信98購02  ,0,0,0,0,0,0,0,0,0,78000,0,0,0,149000,71000,78000,78000
054322,國巨台新96購02  ,0,0,0,0,0,0,0,0,0,78000,0,0,0,78000,0,78000,78000
054637,智邦中信98購01  ,0,0,0,0,0,0,0,0,0,78000,0,0,0,207000,129000,78000,78000
043511,上銀富邦93購01  ,0,0,0,0,0,0,0,0,0,78000,0,0,0,83000,5000,78000,78000
045542,鎧勝群益93購01  ,0,0,0,0,0,0,0,0,0,78000,0,0,0,78000,0,78000,78000
047328,瀚宇博元大93購04,0,0,0,0,0,0,0,0,0,78000,0,0,0,147000,69000,78000,78000
049589,奇力新元大95購02,0,0,0,0,0,0,0,0,0,78000,0,0,0,80000,2000,78000,78000
046944,奇力新元大96購01,0,0,0,0,0,0,0,0,0,78000,0,0,0,87000,9000,78000,78000
050301,矽創凱基94購03  ,0,0,0,0,0,0,0,0,0,78000,0,0,0,78000,0,78000,78000
04931P,臻鼎元富94售09  ,0,0,0,0,0,0,0,0,0,78000,0,0,0,78000,0,78000,78000
050218,世紀鋼統一94購02,0,0,0,0,0,0,0,0,0,78000,0,0,0,89000,11000,78000,78000
052652,台虹永豐96購01  ,0,0,0,0,0,0,0,0,0,78000,0,0,0,289000,211000,78000,78000
053243,楠梓電國票97購02,0,0,0,0,0,0,0,0,0,78000,0,0,0,78000,0,78000,78000
06044P,同欣電永豐96售03,0,0,0,0,0,0,0,0,0,78000,0,0,0,78000,0,78000,78000
050010,鈺齊永豐94購01  ,0,0,0,0,0,0,0,0,0,77000,0,0,0,370000,293000,77000,77000
049913,微星元大94購01  ,0,0,0,0,0,0,0,0,0,77000,0,0,0,107000,30000,77000,77000
045855,緯穎富邦93購01  ,0,0,0,0,0,0,0,0,0,77000,0,0,0,77000,0,77000,77000
00852L,國泰美國道瓊正2 ,0,0,0,0,0,0,0,0,0,77000,0,0,0,139000,62000,77000,77000
046412,潤泰全元大92購02,0,0,0,0,0,0,0,0,0,77000,0,0,0,77000,0,77000,77000
042916,佐登元大94購01  ,0,0,0,0,0,0,0,0,0,77000,0,0,0,83000,6000,77000,77000
041871,元油2X凱基92購02,0,0,0,0,0,0,0,0,0,77000,0,0,0,77000,0,77000,77000
049748,智原永豐94購01  ,0,0,0,0,0,0,0,0,0,77000,0,0,0,77000,0,77000,77000
047788,欣興群益93購05  ,0,0,0,0,0,0,0,0,0,77000,0,0,0,1377000,1300000,77000,77000
047492,儒鴻元富93購01  ,0,0,0,0,0,0,0,0,0,77000,0,0,0,77000,0,77000,77000
047864,信邦康和93購01  ,0,0,0,0,0,0,0,0,0,77000,0,0,0,97000,20000,77000,77000
053091,同欣電元大96購01,0,0,0,0,0,0,0,0,0,77000,0,0,0,121000,44000,77000,77000
052527,泰鼎元大96購02  ,0,0,0,0,0,0,0,0,0,77000,0,0,0,246000,169000,77000,77000
050632,國巨群益94購07  ,0,0,0,0,0,0,0,0,0,77000,0,0,0,137000,60000,77000,77000
051842,大成鋼富邦97購01,0,0,0,0,0,0,0,0,0,77000,0,0,0,81000,4000,77000,77000
051912,健鼎元大96購01  ,0,0,0,0,0,0,0,0,0,77000,0,0,0,82000,5000,77000,77000
6591,動力-KY         ,179000,90000,89000,0,0,0,0,0,0,-12000,0,12000,-12000,0,0,0,77000
3665,貿聯-KY         ,621000,298000,323000,0,0,0,23000,178000,-155000,-91000,25000,36000,-11000,13000,93000,-80000,77000
054585,禾伸堂國泰99購01,0,0,0,0,0,0,0,0,0,76000,0,0,0,213000,137000,76000,76000
054149,達方元大96購01  ,0,0,0,0,0,0,0,0,0,76000,0,0,0,76000,0,76000,76000
053608,彩晶第一96購01  ,0,0,0,0,0,0,0,0,0,76000,0,0,0,298000,222000,76000,76000
053419,光罩永豐96購01  ,0,0,0,0,0,0,0,0,0,76000,0,0,0,76000,0,76000,76000
055329,百和國票98購01  ,0,0,0,0,0,0,0,0,0,76000,0,0,0,84000,8000,76000,76000
04241P,欣興國泰95售02  ,0,0,0,0,0,0,0,0,0,76000,0,0,0,88000,12000,76000,76000
049977,瑞昱凱基94購03  ,0,0,0,0,0,0,0,0,0,76000,0,0,0,81000,5000,76000,76000
045203,同欣電凱基92購01,0,0,0,0,0,0,0,0,0,76000,0,0,0,94000,18000,76000,76000
045665,聯電元富92購01  ,0,0,0,0,0,0,0,0,0,76000,0,0,0,76000,0,76000,76000
048114,景碩群益93購02  ,0,0,0,0,0,0,0,0,0,76000,0,0,0,96000,20000,76000,76000
048988,聯茂元大94購02  ,0,0,0,0,0,0,0,0,0,76000,0,0,0,116000,40000,76000,76000
050535,台表科群益94購02,0,0,0,0,0,0,0,0,0,76000,0,0,0,76000,0,76000,76000
047688,亞德客富邦95購01,0,0,0,0,0,0,0,0,0,76000,0,0,0,131000,55000,76000,76000
050149,東元群益94購01  ,0,0,0,0,0,0,0,0,0,76000,0,0,0,178000,102000,76000,76000
051583,可成元大95購07  ,0,0,0,0,0,0,0,0,0,76000,0,0,0,76000,0,76000,76000
051372,樺漢富邦96購01  ,0,0,0,0,0,0,0,0,0,76000,0,0,0,101000,25000,76000,76000
051031,康友元富95購02  ,0,0,0,0,0,0,0,0,0,76000,0,0,0,200000,124000,76000,76000
053194,緯穎統一99購01  ,0,0,0,0,0,0,0,0,0,76000,0,0,0,111000,35000,76000,76000
052839,上海銀國泰97購01,0,0,0,0,0,0,0,0,0,76000,0,0,0,76000,0,76000,76000
06174P,國巨元大97售07  ,0,0,0,0,0,0,0,0,0,76000,0,0,0,122000,46000,76000,76000
054732,台化凱基98購01  ,0,0,0,0,0,0,0,0,0,75000,0,0,0,75000,0,75000,75000
054250,漢唐元大96購04  ,0,0,0,0,0,0,0,0,0,75000,0,0,0,97000,22000,75000,75000
054186,高鐵永豐96購01  ,0,0,0,0,0,0,0,0,0,75000,0,0,0,75000,0,75000,75000
054573,漢唐元大98購01  ,0,0,0,0,0,0,0,0,0,75000,0,0,0,116000,41000,75000,75000
044564,喬山凱基92購01  ,0,0,0,0,0,0,0,0,0,75000,0,0,0,75000,0,75000,75000
046784,嘉晶永豐93購02  ,0,0,0,0,0,0,0,0,0,75000,0,0,0,75000,0,75000,75000
041421,滬深2X凱基93購01,0,0,0,0,0,0,0,0,0,75000,0,0,0,93000,18000,75000,75000
043990,智易元大93購01  ,0,0,0,0,0,0,0,0,0,75000,0,0,0,75000,0,75000,75000
03415B,臺股指元大93熊49,0,0,0,0,0,0,0,0,0,75000,0,0,0,116000,41000,75000,75000
043750,美律元大93購01  ,0,0,0,0,0,0,0,0,0,75000,0,0,0,125000,50000,75000,75000
044284,聯電凱基92購01  ,0,0,0,0,0,0,0,0,0,75000,0,0,0,85000,10000,75000,75000
048469,微星永豐93購03  ,0,0,0,0,0,0,0,0,0,75000,0,0,0,85000,10000,75000,75000
048673,智伸科永豐93購02,0,0,0,0,0,0,0,0,0,75000,0,0,0,75000,0,75000,75000
047236,智伸科凱基93購05,0,0,0,0,0,0,0,0,0,75000,0,0,0,104000,29000,75000,75000
047196,上銀統一97購01  ,0,0,0,0,0,0,0,0,0,75000,0,0,0,800000,725000,75000,75000
053029,國巨第一96購01  ,0,0,0,0,0,0,0,0,0,75000,0,0,0,1095000,1020000,75000,75000
052907,嘉澤國票97購01  ,0,0,0,0,0,0,0,0,0,75000,0,0,0,100000,25000,75000,75000
053135,信邦國票96購01  ,0,0,0,0,0,0,0,0,0,75000,0,0,0,75000,0,75000,75000
052600,力山元大97購01  ,0,0,0,0,0,0,0,0,0,75000,0,0,0,75000,0,75000,75000
051845,世紀鋼富邦96購01,0,0,0,0,0,0,0,0,0,75000,0,0,0,75000,0,75000,75000
2023,燁輝            ,206000,122000,84000,0,0,0,0,0,0,-9000,0,9000,-9000,0,0,0,75000
2395,研華            ,493811,369207,124604,0,0,0,0,4488,-4488,-46000,1000,48000,-47000,1000,0,1000,74116
054385,矽創群益98購01  ,0,0,0,0,0,0,0,0,0,74000,0,0,0,167000,93000,74000,74000
053490,為升兆豐97購01  ,0,0,0,0,0,0,0,0,0,74000,0,0,0,91000,17000,74000,74000
053778,旺宏元大97購03  ,0,0,0,0,0,0,0,0,0,74000,0,0,0,201000,127000,74000,74000
055243,國巨統一97購04  ,0,0,0,0,0,0,0,0,0,74000,0,0,0,83000,9000,74000,74000
044961,聯電中信94購01  ,0,0,0,0,0,0,0,0,0,74000,0,0,0,104000,30000,74000,74000
046668,嘉澤元大93購01  ,0,0,0,0,0,0,0,0,0,74000,0,0,0,84000,10000,74000,74000
048154,旺宏兆豐94購01  ,0,0,0,0,0,0,0,0,0,74000,0,0,0,105000,31000,74000,74000
049017,旺宏群益96購03  ,0,0,0,0,0,0,0,0,0,74000,0,0,0,84000,10000,74000,74000
04974P,聯發科凱基96售02,0,0,0,0,0,0,0,0,0,74000,0,0,0,84000,10000,74000,74000
051283,亞德客統一95購01,0,0,0,0,0,0,0,0,0,74000,0,0,0,171000,97000,74000,74000
050608,台達電元大94購12,0,0,0,0,0,0,0,0,0,74000,0,0,0,75000,1000,74000,74000
052158,華泰永豐95購01  ,0,0,0,0,0,0,0,0,0,74000,0,0,0,74000,0,74000,74000
052787,國巨中信96購02  ,0,0,0,0,0,0,0,0,0,74000,0,0,0,115000,41000,74000,74000
055283,聯發科元大97購16,0,0,0,0,0,0,0,0,0,73000,0,0,0,454000,381000,73000,73000
053774,台達電元大96購04,0,0,0,0,0,0,0,0,0,73000,0,0,0,75000,2000,73000,73000
053817,華新科群益97購02,0,0,0,0,0,0,0,0,0,73000,0,0,0,137000,64000,73000,73000
053596,嘉澤元大96購01  ,0,0,0,0,0,0,0,0,0,73000,0,0,0,156000,83000,73000,73000
054379,光磊群益98購01  ,0,0,0,0,0,0,0,0,0,73000,0,0,0,98000,25000,73000,73000
044574,潤泰全凱基93購01,0,0,0,0,0,0,0,0,0,73000,0,0,0,73000,0,73000,73000
049935,南電元大94購08  ,0,0,0,0,0,0,0,0,0,73000,0,0,0,82000,9000,73000,73000
046516,TPK元大92購03   ,0,0,0,0,0,0,0,0,0,73000,0,0,0,78000,5000,73000,73000
03772P,聯茂元大93售02  ,0,0,0,0,0,0,0,0,0,73000,0,0,0,73000,0,73000,73000
049427,瑞昱兆豐94購01  ,0,0,0,0,0,0,0,0,0,73000,0,0,0,134000,61000,73000,73000
050333,鴻海國泰96購06  ,0,0,0,0,0,0,0,0,0,73000,0,0,0,80000,7000,73000,73000
04954P,健策國票96售01  ,0,0,0,0,0,0,0,0,0,73000,0,0,0,75000,2000,73000,73000
049258,美律元大94購03  ,0,0,0,0,0,0,0,0,0,73000,0,0,0,126000,53000,73000,73000
047903,滬深2X元大96購01,0,0,0,0,0,0,0,0,0,73000,0,0,0,73000,0,73000,73000
052159,瑞昱永豐95購01  ,0,0,0,0,0,0,0,0,0,73000,0,0,0,79000,6000,73000,73000
052429,禾伸堂永豐95購02,0,0,0,0,0,0,0,0,0,73000,0,0,0,123000,50000,73000,73000
050656,瑞儀凱基96購01  ,0,0,0,0,0,0,0,0,0,73000,0,0,0,73000,0,73000,73000
050861,鴻海永豐95購01  ,0,0,0,0,0,0,0,0,0,73000,0,0,0,73000,0,73000,73000
051456,鈺齊元大95購01  ,0,0,0,0,0,0,0,0,0,73000,0,0,0,103000,30000,73000,73000
3052,夆典            ,79000,6000,73000,0,0,0,0,0,0,0,0,0,0,0,0,0,73000
053600,同欣電元大96購04,0,0,0,0,0,0,0,0,0,72000,0,0,0,358000,286000,72000,72000
053484,國巨國票97購03  ,0,0,0,0,0,0,0,0,0,72000,0,0,0,199000,127000,72000,72000
054004,鴻海統一96購14  ,0,0,0,0,0,0,0,0,0,72000,0,0,0,72000,0,72000,72000
055381,茂林元大97購02  ,0,0,0,0,0,0,0,0,0,72000,0,0,0,129000,57000,72000,72000
055023,億光國泰98購01  ,0,0,0,0,0,0,0,0,0,72000,0,0,0,213000,141000,72000,72000
03281P,台積電凱基04售01,0,0,0,0,0,0,0,0,0,72000,0,0,0,72000,0,72000,72000
038944,上海銀國泰92購01,0,0,0,0,0,0,0,0,0,72000,0,0,0,72000,0,72000,72000
00688L,國泰20年美債正2 ,0,0,0,0,0,0,0,0,0,72000,0,0,0,172000,100000,72000,72000
046355,欣興群益92購03  ,0,0,0,0,0,0,0,0,0,72000,0,0,0,72000,0,72000,72000
047807,華邦電凱基93購06,0,0,0,0,0,0,0,0,0,72000,0,0,0,73000,1000,72000,72000
048772,智易凱基94購01  ,0,0,0,0,0,0,0,0,0,72000,0,0,0,72000,0,72000,72000
048730,智原麥證94購01  ,0,0,0,72000,0,72000,0,0,0,72000,0,0,0,72000,0,72000,72000
050562,瑞昱元富94購02  ,0,0,0,0,0,0,0,0,0,72000,0,0,0,125000,53000,72000,72000
05121P,創意國泰96售01  ,0,0,0,0,0,0,0,0,0,72000,0,0,0,651000,579000,72000,72000
05325P,臺股指凱基95售09,0,0,0,0,0,0,0,0,0,72000,0,0,0,72000,0,72000,72000
05604P,聯發科元大96售10,0,0,0,0,0,0,0,0,0,71000,0,0,0,923000,852000,71000,71000
05621P,聯電中信96售01  ,0,0,0,0,0,0,0,0,0,71000,0,0,0,127000,56000,71000,71000
054351,華新科國泰97購03,0,0,0,0,0,0,0,0,0,71000,0,0,0,121000,50000,71000,71000
054418,茂林元大97購01  ,0,0,0,0,0,0,0,0,0,71000,0,0,0,109000,38000,71000,71000
048766,禾伸堂凱基94購01,0,0,0,0,0,0,0,0,0,71000,0,0,0,72000,1000,71000,71000
047185,益航元大94購02  ,0,0,0,0,0,0,0,0,0,71000,0,0,0,71000,0,71000,71000
052830,台光電群益96購01,0,0,0,0,0,0,0,0,0,71000,0,0,0,109000,38000,71000,71000
051390,京元電兆豐95購01,0,0,0,0,0,0,0,0,0,71000,0,0,0,92000,21000,71000,71000
1808,潤隆            ,127000,14000,113000,0,0,0,0,0,0,-42000,0,42000,-42000,0,0,0,71000
054276,國巨群益96購07  ,0,0,0,0,0,0,0,0,0,70000,0,0,0,80000,10000,70000,70000
053840,燿華統一96購02  ,0,0,0,0,0,0,0,0,0,70000,0,0,0,120000,50000,70000,70000
053806,鎧勝凱基96購02  ,0,0,0,0,0,0,0,0,0,70000,0,0,0,70000,0,70000,70000
053695,智易元大97購02  ,0,0,0,0,0,0,0,0,0,70000,0,0,0,70000,0,70000,70000
053374,台達電元大96購03,0,0,0,0,0,0,0,0,0,70000,0,0,0,71000,1000,70000,70000
05582P,群創凱基98售06  ,0,0,0,0,0,0,0,0,0,70000,0,0,0,90000,20000,70000,70000
055080,正崴中信99購01  ,0,0,0,0,0,0,0,0,0,70000,0,0,0,70000,0,70000,70000
044848,華邦電統一94購01,0,0,0,0,0,0,0,0,0,70000,0,0,0,70000,0,70000,70000
044831,同欣電永豐91購01,0,0,0,0,0,0,0,0,0,70000,0,0,0,74000,4000,70000,70000
044886,台表科群益91購06,0,0,0,0,0,0,0,0,0,70000,0,0,0,70000,0,70000,70000
043965,宏盛國泰92購01  ,0,0,0,0,0,0,0,0,0,70000,0,0,0,70000,0,70000,70000
03250P,日月光元富07售02,0,0,0,0,0,0,0,0,0,70000,0,0,0,70000,0,70000,70000
04430P,晶相光元大94售04,0,0,0,0,0,0,0,0,0,70000,0,0,0,170000,100000,70000,70000
04345P,景碩國泰94售02  ,0,0,0,0,0,0,0,0,0,70000,0,0,0,70000,0,70000,70000
04652P,臺股指凱基94售11,0,0,0,0,0,0,0,0,0,70000,0,0,0,70000,0,70000,70000
045669,華通元大93購02  ,0,0,0,0,0,0,0,0,0,70000,0,0,0,108000,38000,70000,70000
046746,儒鴻凱基93購03  ,0,0,0,0,0,0,0,0,0,70000,0,0,0,75000,5000,70000,70000
044787,上銀群益93購01  ,0,0,0,0,0,0,0,0,0,70000,0,0,0,70000,0,70000,70000
047232,禾伸堂凱基93購02,0,0,0,0,0,0,0,0,0,70000,0,0,0,73000,3000,70000,70000
047723,廣宇群益94購01  ,0,0,0,0,0,0,0,0,0,70000,0,0,0,70000,0,70000,70000
047757,達運元富93購01  ,0,0,0,0,0,0,0,0,0,70000,0,0,0,80000,10000,70000,70000
047875,南電永豐93購02  ,0,0,0,0,0,0,0,0,0,70000,0,0,0,70000,0,70000,70000
04856P,光磊元富94售01  ,0,0,0,0,0,0,0,0,0,70000,0,0,0,70000,0,70000,70000
048227,亞光凱基93購05  ,0,0,0,0,0,0,0,0,0,70000,0,0,0,72000,2000,70000,70000
050530,台表科元大95購04,0,0,0,0,0,0,0,0,0,70000,0,0,0,82000,12000,70000,70000
046890,瑞昱群益93購02  ,0,0,0,0,0,0,0,0,0,70000,0,0,0,70000,0,70000,70000
046891,南亞科群益93購01,0,0,0,0,0,0,0,0,0,70000,0,0,0,70000,0,70000,70000
046931,聯詠統一93購01  ,0,0,0,0,0,0,0,0,0,70000,0,0,0,70000,0,70000,70000
048348,矽力元大93購03  ,0,0,0,0,0,0,0,0,0,70000,0,0,0,80000,10000,70000,70000
051327,元油2X永豐95購02,0,0,0,0,0,0,0,0,0,70000,0,0,0,70000,0,70000,70000
051645,光寶科永豐95購01,0,0,0,0,0,0,0,0,0,70000,0,0,0,78000,8000,70000,70000
051685,台光電凱基95購01,0,0,0,0,0,0,0,0,0,70000,0,0,0,98000,28000,70000,70000
052833,康控群益96購01  ,0,0,0,0,0,0,0,0,0,70000,0,0,0,246000,176000,70000,70000
052764,景碩群益98購01  ,0,0,0,0,0,0,0,0,0,70000,0,0,0,70000,0,70000,70000
053210,華邦電凱基97購02,0,0,0,0,0,0,0,0,0,70000,0,0,0,70000,0,70000,70000
053149,京元電元大96購02,0,0,0,0,0,0,0,0,0,70000,0,0,0,70000,0,70000,70000
053164,台光電群益96購02,0,0,0,0,0,0,0,0,0,70000,0,0,0,171000,101000,70000,70000
052505,友達日盛9B購02  ,0,0,0,0,0,0,0,0,0,70000,0,0,0,70000,0,70000,70000
052153,GIS富邦96購02   ,0,0,0,0,0,0,0,0,0,70000,0,0,0,100000,30000,70000,70000
5258,虹堡            ,108000,37000,71000,0,0,0,0,0,0,-1000,0,1000,-1000,0,0,0,70000
055264,國巨永豐98購01  ,0,0,0,0,0,0,0,0,0,69000,0,0,0,69000,0,69000,69000
046769,百和凱基93購06  ,0,0,0,0,0,0,0,0,0,69000,0,0,0,94000,25000,69000,69000
045189,大立光元富98購01,0,0,0,0,0,0,0,0,0,69000,0,0,0,88000,19000,69000,69000
03016P,滬深2X群益01售09,0,0,0,0,0,0,0,0,0,69000,0,0,0,109000,40000,69000,69000
04835P,鴻海元大94售18  ,0,0,0,0,0,0,0,0,0,69000,0,0,0,179000,110000,69000,69000
049602,南電元大95購01  ,0,0,0,0,0,0,0,0,0,69000,0,0,0,71000,2000,69000,69000
049723,緯穎凱基94購04  ,0,0,0,0,0,0,0,0,0,69000,0,0,0,69000,0,69000,69000
050491,旺宏國泰96購01  ,0,0,0,0,0,0,0,0,0,69000,0,0,0,85000,16000,69000,69000
048231,台表科凱基93購06,0,0,0,0,0,0,0,0,0,69000,0,0,0,87000,18000,69000,69000
048593,華新科群益93購04,0,0,0,0,0,0,0,0,0,69000,0,0,0,81000,12000,69000,69000
048649,瀚宇博元大93購05,0,0,0,0,0,0,0,0,0,69000,0,0,0,122000,53000,69000,69000
047836,國泰金元大93購01,0,0,0,0,0,0,0,0,0,69000,0,0,0,144000,75000,69000,69000
047928,禾伸堂凱基93購04,0,0,0,0,0,0,0,0,0,69000,0,0,0,69000,0,69000,69000
049486,旺宏元大94購08  ,0,0,0,0,0,0,0,0,0,69000,0,0,0,165000,96000,69000,69000
052229,奇力新凱基96購01,0,0,0,0,0,0,0,0,0,69000,0,0,0,79000,10000,69000,69000
053199,旺宏日盛96購01  ,0,0,0,0,0,0,0,0,0,69000,0,0,0,69000,0,69000,69000
052722,群創統一97購02  ,0,0,0,0,0,0,0,0,0,69000,0,0,0,76000,7000,69000,69000
05080P,亞光永豐95售02  ,0,0,0,0,0,0,0,0,0,69000,0,0,0,69000,0,69000,69000
6552,易華電          ,110000,30000,80000,0,0,0,0,0,0,-11000,0,1000,-1000,0,10000,-10000,69000
054715,中橡康和97購01  ,0,0,0,0,0,0,0,0,0,68000,0,0,0,68000,0,68000,68000
053425,京鼎永豐96購01  ,0,0,0,0,0,0,0,0,0,68000,0,0,0,68000,0,68000,68000
053737,華新科麥證96購01,0,0,0,70000,2000,68000,0,0,0,68000,0,0,0,70000,2000,68000,68000
053843,訊芯統一96購01  ,0,0,0,0,0,0,0,0,0,68000,0,0,0,68000,0,68000,68000
054402,康控永豐96購03  ,0,0,0,0,0,0,0,0,0,68000,0,0,0,68000,0,68000,68000
054587,玉晶光國泰99購01,0,0,0,0,0,0,0,0,0,68000,0,0,0,77000,9000,68000,68000
043964,台肥國泰92購01  ,0,0,0,0,0,0,0,0,0,68000,0,0,0,68000,0,68000,68000
044062,可成元大92購02  ,0,0,0,0,0,0,0,0,0,68000,0,0,0,68000,0,68000,68000
044524,瑞儀凱基93購02  ,0,0,0,0,0,0,0,0,0,68000,0,0,0,68000,0,68000,68000
046046,世紀鋼元大93購03,0,0,0,0,0,0,0,0,0,68000,0,0,0,68000,0,68000,68000
046115,京元電元大92購04,0,0,0,0,0,0,0,0,0,68000,0,0,0,68000,0,68000,68000
04477P,南電元大94售04  ,0,0,0,0,0,0,0,0,0,68000,0,0,0,68000,0,68000,68000
044675,廣宇凱基93購02  ,0,0,0,0,0,0,0,0,0,68000,0,0,0,68000,0,68000,68000
049912,燿華元大94購04  ,0,0,0,0,0,0,0,0,0,68000,0,0,0,68000,0,68000,68000
046816,智邦凱基93購02  ,0,0,0,0,0,0,0,0,0,68000,0,0,0,68000,0,68000,68000
048718,台光電永豐94購01,0,0,0,0,0,0,0,0,0,68000,0,0,0,68000,0,68000,68000
048773,貿聯凱基94購01  ,0,0,0,0,0,0,0,0,0,68000,0,0,0,84000,16000,68000,68000
047327,中磊元大93購04  ,0,0,0,0,0,0,0,0,0,68000,0,0,0,68000,0,68000,68000
047936,美利達凱基93購02,0,0,0,0,0,0,0,0,0,68000,0,0,0,68000,0,68000,68000
047921,南亞科凱基93購05,0,0,0,0,0,0,0,0,0,68000,0,0,0,68000,0,68000,68000
047192,啟碁元大93購03  ,0,0,0,0,0,0,0,0,0,68000,0,0,0,68000,0,68000,68000
048553,光磊元大93購03  ,0,0,0,0,0,0,0,0,0,68000,0,0,0,68000,0,68000,68000
04925P,和碩元大94售03  ,0,0,0,0,0,0,0,0,0,68000,0,0,0,68000,0,68000,68000
049134,為升元大95購01  ,0,0,0,0,0,0,0,0,0,68000,0,0,0,118000,50000,68000,68000
049087,晶相光凱基94購02,0,0,0,0,0,0,0,0,0,68000,0,0,0,128000,60000,68000,68000
049147,美律元大94購02  ,0,0,0,0,0,0,0,0,0,68000,0,0,0,91000,23000,68000,68000
050329,超眾永豐94購03  ,0,0,0,0,0,0,0,0,0,68000,0,0,0,68000,0,68000,68000
050314,晶技兆豐94購01  ,0,0,0,0,0,0,0,0,0,68000,0,0,0,68000,0,68000,68000
050199,南電元大94購09  ,0,0,0,0,0,0,0,0,0,68000,0,0,0,177000,109000,68000,68000
050528,瑞儀元大94購02  ,0,0,0,0,0,0,0,0,0,68000,0,0,0,71000,3000,68000,68000
050505,可成凱基94購12  ,0,0,0,0,0,0,0,0,0,68000,0,0,0,68000,0,68000,68000
050337,南電國泰95購01  ,0,0,0,0,0,0,0,0,0,68000,0,0,0,68000,0,68000,68000
050032,TPK元大94購03   ,0,0,0,0,0,0,0,0,0,68000,0,0,0,68000,0,68000,68000
050034,智伸科元大94購01,0,0,0,0,0,0,0,0,0,68000,0,0,0,92000,24000,68000,68000
047175,台塑元大93購01  ,0,0,0,0,0,0,0,0,0,68000,0,0,0,68000,0,68000,68000
047136,潤泰全凱基94購01,0,0,0,0,0,0,0,0,0,68000,0,0,0,68000,0,68000,68000
050060,光磊凱基94購03  ,0,0,0,0,0,0,0,0,0,68000,0,0,0,68000,0,68000,68000
047067,啟碁凱基93購01  ,0,0,0,0,0,0,0,0,0,68000,0,0,0,68000,0,68000,68000
049693,可成元大94購08  ,0,0,0,0,0,0,0,0,0,68000,0,0,0,68000,0,68000,68000
049826,光磊凱基94購02  ,0,0,0,0,0,0,0,0,0,68000,0,0,0,68000,0,68000,68000
049371,可成元大94購04  ,0,0,0,0,0,0,0,0,0,68000,0,0,0,88000,20000,68000,68000
048325,美利達凱基93購05,0,0,0,0,0,0,0,0,0,68000,0,0,0,68000,0,68000,68000
050871,麗豐永豐95購01  ,0,0,0,0,0,0,0,0,0,68000,0,0,0,68000,0,68000,68000
050617,神基元大94購01  ,0,0,0,0,0,0,0,0,0,68000,0,0,0,68000,0,68000,68000
051165,可成元大95購01  ,0,0,0,0,0,0,0,0,0,68000,0,0,0,68000,0,68000,68000
051159,力山元大96購01  ,0,0,0,0,0,0,0,0,0,68000,0,0,0,438000,370000,68000,68000
051148,聯發科凱基95購06,0,0,0,0,0,0,0,0,0,68000,0,0,0,74000,6000,68000,68000
051675,瑞儀元大96購02  ,0,0,0,0,0,0,0,0,0,68000,0,0,0,68000,0,68000,68000
052825,TPK永豐96購01   ,0,0,0,0,0,0,0,0,0,68000,0,0,0,68000,0,68000,68000
05286P,矽力統一95售02  ,0,0,0,0,0,0,0,0,0,68000,0,0,0,81000,13000,68000,68000
052315,廣宇元大95購02  ,0,0,0,0,0,0,0,0,0,68000,0,0,0,68000,0,68000,68000
052160,美律永豐95購03  ,0,0,0,0,0,0,0,0,0,68000,0,0,0,68000,0,68000,68000
052133,華邦電凱基9B購01,0,0,0,0,0,0,0,0,0,68000,0,0,0,79000,11000,68000,68000
06052P,台郡國票97售06  ,0,0,0,0,0,0,0,0,0,68000,0,0,0,68000,0,68000,68000
054483,聯電台新96購01  ,0,0,0,0,0,0,0,0,0,67000,0,0,0,67000,0,67000,67000
041990,A50正2國票97購01,0,0,0,0,0,0,0,0,0,67000,0,0,0,75000,8000,67000,67000
044997,信邦國泰93購01  ,0,0,0,0,0,0,0,0,0,67000,0,0,0,67000,0,67000,67000
046869,聯發科統一95購01,0,0,0,0,0,0,0,0,0,67000,0,0,0,102000,35000,67000,67000
047437,旺宏元大94購02  ,0,0,0,0,0,0,0,0,0,67000,0,0,0,71000,4000,67000,67000
048130,美利達元大96購01,0,0,0,0,0,0,0,0,0,67000,0,0,0,68000,1000,67000,67000
052347,GIS凱基95購05   ,0,0,0,0,0,0,0,0,0,67000,0,0,0,67000,0,67000,67000
052756,國巨群益96購02  ,0,0,0,0,0,0,0,0,0,67000,0,0,0,67000,0,67000,67000
051918,聯茂元大95購01  ,0,0,0,0,0,0,0,0,0,67000,0,0,0,117000,50000,67000,67000
051323,康控國票96購01  ,0,0,0,0,0,0,0,0,0,67000,0,0,0,67000,0,67000,67000
051128,台表科群益95購02,0,0,0,0,0,0,0,0,0,67000,0,0,0,192000,125000,67000,67000
050778,瑞儀元大96購01  ,0,0,0,0,0,0,0,0,0,67000,0,0,0,93000,26000,67000,67000
05859P,台表科國票97售04,0,0,0,0,0,0,0,0,0,67000,0,0,0,67000,0,67000,67000
054130,漢唐元大97購02  ,0,0,0,0,0,0,0,0,0,66000,0,0,0,283000,217000,66000,66000
053923,亞光國票97購01  ,0,0,0,0,0,0,0,0,0,66000,0,0,0,66000,0,66000,66000
03960P,新日興元富96售02,0,0,0,0,0,0,0,0,0,66000,0,0,0,241000,175000,66000,66000
047368,南電群益93購01  ,0,0,0,0,0,0,0,0,0,66000,0,0,0,94000,28000,66000,66000
049618,美律群益94購03  ,0,0,0,0,0,0,0,0,0,66000,0,0,0,135000,69000,66000,66000
049412,為升凱基94購01  ,0,0,0,0,0,0,0,0,0,66000,0,0,0,68000,2000,66000,66000
049799,旺宏元大96購01  ,0,0,0,0,0,0,0,0,0,66000,0,0,0,98000,32000,66000,66000
051204,正崴麥證95購01  ,0,0,0,66000,0,66000,0,0,0,66000,0,0,0,66000,0,66000,66000
051470,玉晶光日盛95購01,0,0,0,0,0,0,0,0,0,66000,0,0,0,67000,1000,66000,66000
052758,友達群益99購01  ,0,0,0,0,0,0,0,0,0,66000,0,0,0,76000,10000,66000,66000
053301,華通凱基96購04  ,0,0,0,0,0,0,0,0,0,66000,0,0,0,68000,2000,66000,66000
052437,聯發科富邦99購02,0,0,0,0,0,0,0,0,0,66000,0,0,0,205000,139000,66000,66000
052134,智邦凱基95購09  ,0,0,0,0,0,0,0,0,0,66000,0,0,0,242000,176000,66000,66000
052200,台光電統一95購02,0,0,0,0,0,0,0,0,0,66000,0,0,0,76000,10000,66000,66000
2836,高雄銀          ,173000,9000,164000,0,0,0,0,0,0,-98000,0,98000,-98000,0,0,0,66000
053784,奇力新元大97購02,0,0,0,0,0,0,0,0,0,65000,0,0,0,65000,0,65000,65000
054654,全新麥證99購01  ,0,0,0,75000,10000,65000,0,0,0,65000,0,0,0,75000,10000,65000,65000
054750,聯茂凱基98購02  ,0,0,0,0,0,0,0,0,0,65000,0,0,0,69000,4000,65000,65000
054828,正崴國泰99購01  ,0,0,0,0,0,0,0,0,0,65000,0,0,0,66000,1000,65000,65000
055096,緯穎群益97購01  ,0,0,0,0,0,0,0,0,0,65000,0,0,0,151000,86000,65000,65000
038313,華新科國泰91購01,0,0,0,0,0,0,0,0,0,65000,0,0,0,65000,0,65000,65000
04801P,矽力元大94售02  ,0,0,0,0,0,0,0,0,0,65000,0,0,0,68000,3000,65000,65000
046348,嘉澤兆豐93購01  ,0,0,0,0,0,0,0,0,0,65000,0,0,0,181000,116000,65000,65000
045086,玉晶光元大94購02,0,0,0,0,0,0,0,0,0,65000,0,0,0,73000,8000,65000,65000
050053,訊芯群益94購03  ,0,0,0,0,0,0,0,0,0,65000,0,0,0,125000,60000,65000,65000
047153,聯發科國票93購02,0,0,0,0,0,0,0,0,0,65000,0,0,0,110000,45000,65000,65000
050514,聯電元大94購01  ,0,0,0,0,0,0,0,0,0,65000,0,0,0,65000,0,65000,65000
048791,智原元大94購02  ,0,0,0,0,0,0,0,0,0,65000,0,0,0,106000,41000,65000,65000
047493,旺宏元富96購01  ,0,0,0,0,0,0,0,0,0,65000,0,0,0,75000,10000,65000,65000
052647,晶技永豐97購01  ,0,0,0,0,0,0,0,0,0,65000,0,0,0,65000,0,65000,65000
052674,智邦國泰98購01  ,0,0,0,0,0,0,0,0,0,65000,0,0,0,356000,291000,65000,65000
053120,復盛中信9A購01  ,0,0,0,0,0,0,0,0,0,65000,0,0,0,90000,25000,65000,65000
051550,日電貿永豐95購01,0,0,0,0,0,0,0,0,0,65000,0,0,0,65000,0,65000,65000
050258,為升元大94購08  ,0,0,0,0,0,0,0,0,0,65000,0,0,0,136000,71000,65000,65000
050574,微星國票94購01  ,0,0,0,0,0,0,0,0,0,65000,0,0,0,65000,0,65000,65000
06101P,聯發科日盛97售03,0,0,0,0,0,0,0,0,0,65000,0,0,0,79000,14000,65000,65000
1217,愛之味          ,66000,1000,65000,0,0,0,0,0,0,0,0,0,0,0,0,0,65000
054947,興勤元大97購01  ,0,0,0,0,0,0,0,0,0,64000,0,0,0,64000,0,64000,64000
054761,台光電國票98購02,0,0,0,0,0,0,0,0,0,64000,0,0,0,120000,56000,64000,64000
055290,玉晶光元大98購08,0,0,0,0,0,0,0,0,0,64000,0,0,0,243000,179000,64000,64000
055272,國巨元大98購04  ,0,0,0,0,0,0,0,0,0,64000,0,0,0,275000,211000,64000,64000
053418,旺宏永豐96購02  ,0,0,0,0,0,0,0,0,0,64000,0,0,0,64000,0,64000,64000
053358,晶技統一98購01  ,0,0,0,0,0,0,0,0,0,64000,0,0,0,64000,0,64000,64000
053602,台虹元大96購01  ,0,1000,-1000,0,0,0,0,0,0,65000,0,0,0,96000,31000,65000,64000
054366,和大中信98購01  ,0,0,0,0,0,0,0,0,0,64000,0,0,0,132000,68000,64000,64000
054621,華新科兆豐98購01,0,0,0,0,0,0,0,0,0,64000,0,0,0,109000,45000,64000,64000
054516,國巨元大97購02  ,0,0,0,0,0,0,0,0,0,64000,0,0,0,74000,10000,64000,64000
050024,旺宏元大94購09  ,0,0,0,0,0,0,0,0,0,64000,0,0,0,64000,0,64000,64000
049951,全新群益94購03  ,0,0,0,0,0,0,0,0,0,64000,0,0,0,114000,50000,64000,64000
04120P,智邦凱基93售09  ,0,0,0,0,0,0,0,0,0,64000,0,0,0,67000,3000,64000,64000
045022,聯電亞東93購01  ,0,0,0,0,0,0,0,0,0,64000,0,0,0,64000,0,64000,64000
049500,聯茂元大94購04  ,0,0,0,0,0,0,0,0,0,64000,0,0,0,64000,0,64000,64000
048771,嘉澤凱基94購01  ,0,0,0,0,0,0,0,0,0,64000,0,0,0,150000,86000,64000,64000
048726,儒鴻麥證95購01  ,0,0,0,64000,0,64000,0,0,0,64000,0,0,0,64000,0,64000,64000
050302,百和凱基94購03  ,0,0,0,0,0,0,0,0,0,64000,0,0,0,93000,29000,64000,64000
049824,鴻海凱基94購18  ,0,0,0,0,0,0,0,0,0,64000,0,0,0,66000,2000,64000,64000
047637,旺宏元大94購03  ,0,0,0,0,0,0,0,0,0,64000,0,0,0,206000,142000,64000,64000
051652,昇陽半永豐96購02,0,0,0,0,0,0,0,0,0,64000,0,0,0,64000,0,64000,64000
053092,台表科元大97購02,0,0,0,0,0,0,0,0,0,64000,0,0,0,65000,1000,64000,64000
053143,昇陽半永豐96購03,0,0,0,0,0,0,0,0,0,64000,0,0,0,64000,0,64000,64000
053295,奇力新中信96購01,0,0,0,0,0,0,0,0,0,64000,0,0,0,96000,32000,64000,64000
052661,奇力新國票97購03,0,0,0,0,0,0,0,0,0,64000,0,0,0,64000,0,64000,64000
1604,聲寶            ,111000,11000,100000,0,0,0,0,0,0,-36000,0,36000,-36000,0,0,0,64000
06010P,國泰金元富96售01,0,0,0,0,0,0,0,0,0,64000,0,0,0,64000,0,64000,64000
05870P,聯發科凱基96售19,0,0,0,0,0,0,0,0,0,64000,0,0,0,74000,10000,64000,64000
05945P,聯詠中信96售01  ,0,0,0,0,0,0,0,0,0,64000,0,0,0,102000,38000,64000,64000
4137,麗豐-KY         ,270000,93000,177000,0,0,0,0,0,0,-113000,0,42000,-42000,3000,74000,-71000,64000
054311,世芯凱基96購02  ,0,0,0,0,0,0,0,0,0,63000,0,0,0,63000,0,63000,63000
053355,超眾兆豐97購01  ,0,0,0,0,0,0,0,0,0,63000,0,0,0,76000,13000,63000,63000
053434,國泰金日盛96購01,0,0,0,0,0,0,0,0,0,63000,0,0,0,63000,0,63000,63000
053989,奇力新兆豐97購01,0,0,0,0,0,0,0,0,0,63000,0,0,0,142000,79000,63000,63000
054649,聯茂群益97購01  ,0,0,0,0,0,0,0,0,0,63000,0,0,0,64000,1000,63000,63000
055046,上銀永豐97購01  ,0,0,0,0,0,0,0,0,0,63000,0,0,0,256000,193000,63000,63000
042558,瑞昱中信94購01  ,0,0,0,0,0,0,0,0,0,63000,0,0,0,64000,1000,63000,63000
044312,A50正2永豐92購01,0,0,0,0,0,0,0,0,0,63000,0,0,0,266000,203000,63000,63000
03874P,臺股指群益95售01,0,0,0,0,0,0,0,0,0,63000,0,0,0,63000,0,63000,63000
047271,華通永豐93購01  ,0,0,0,0,0,0,0,0,0,63000,0,0,0,111000,48000,63000,63000
048720,智易永豐94購02  ,0,0,0,0,0,0,0,0,0,63000,0,0,0,63000,0,63000,63000
048157,美律兆豐93購01  ,0,0,0,0,0,0,0,0,0,63000,0,0,0,173000,110000,63000,63000
052415,台表科麥證95購02,0,0,0,87000,20000,67000,0,0,0,63000,0,0,0,87000,24000,63000,63000
053020,貿聯元富96購01  ,0,0,0,0,0,0,0,0,0,63000,0,0,0,73000,10000,63000,63000
051768,臻鼎元大95購04  ,0,0,0,0,0,0,0,0,0,63000,0,0,0,101000,38000,63000,63000
050624,鈺齊元大94購01  ,0,0,0,0,0,0,0,0,0,63000,0,0,0,73000,10000,63000,63000
05905P,晶技統一97售01  ,0,0,0,0,0,0,0,0,0,63000,0,0,0,81000,18000,63000,63000
053422,可成永豐96購01  ,0,0,0,0,0,0,0,0,0,62000,0,0,0,99000,37000,62000,62000
054539,欣興國票98購01  ,0,0,0,0,0,0,0,0,0,62000,0,0,0,77000,15000,62000,62000
046734,華通國票93購02  ,0,0,0,0,0,0,0,0,0,62000,0,0,0,87000,25000,62000,62000
046269,禾伸堂凱基92購03,0,0,0,0,0,0,0,0,0,62000,0,0,0,64000,2000,62000,62000
045658,儒鴻國泰93購01  ,0,0,0,0,0,0,0,0,0,62000,0,0,0,107000,45000,62000,62000
04121P,宏碁凱基93售02  ,0,0,0,0,0,0,0,0,0,62000,0,0,0,62000,0,62000,62000
048753,智伸科元富94購01,0,0,0,0,0,0,0,0,0,62000,0,0,0,530000,468000,62000,62000
049018,光罩群益94購01  ,0,0,0,0,0,0,0,0,0,62000,0,0,0,65000,3000,62000,62000
050145,矽創台新94購01  ,0,0,0,0,0,0,0,0,0,62000,0,0,0,62000,0,62000,62000
050687,上銀日盛94購01  ,0,0,0,0,0,0,0,0,0,62000,0,0,0,270000,208000,62000,62000
050926,禾伸堂凱基95購01,0,0,0,0,0,0,0,0,0,62000,0,0,0,137000,75000,62000,62000
053156,緯創元大96購02  ,0,0,0,0,0,0,0,0,0,62000,0,0,0,75000,13000,62000,62000
06113P,台積電群益97售01,0,0,0,0,0,0,0,0,0,62000,0,0,0,142000,80000,62000,62000
2929,淘帝-KY         ,194000,154000,40000,0,0,0,0,0,0,22000,0,0,0,22000,0,22000,62000
054179,上海銀台新97購01,0,0,0,0,0,0,0,0,0,61000,0,0,0,78000,17000,61000,61000
053809,上銀群益96購02  ,0,0,0,0,0,0,0,0,0,61000,0,0,0,191000,130000,61000,61000
055265,玉晶光永豐98購03,0,0,0,0,0,0,0,0,0,61000,0,0,0,134000,73000,61000,61000
054785,建準群益98購01  ,0,0,0,0,0,0,0,0,0,61000,0,0,0,61000,0,61000,61000
045167,玉晶光富邦92購01,0,0,0,0,0,0,0,0,0,61000,0,0,0,61000,0,61000,61000
04551P,台表科元大94售02,0,0,0,0,0,0,0,0,0,61000,0,0,0,61000,0,61000,61000
049922,禾伸堂元大95購01,0,0,0,0,0,0,0,0,0,61000,0,0,0,273000,212000,61000,61000
049820,世紀鋼元大96購03,0,0,0,0,0,0,0,0,0,61000,0,0,0,61000,0,61000,61000
049621,美食群益94購02  ,0,0,0,0,0,0,0,0,0,61000,0,0,0,61000,0,61000,61000
049255,旺宏元大97購02  ,0,0,0,0,0,0,0,0,0,61000,0,0,0,77000,16000,61000,61000
048950,達方永豐94購01  ,0,0,0,0,0,0,0,0,0,61000,0,0,0,61000,0,61000,61000
048926,燿華永豐95購01  ,0,0,0,0,0,0,0,0,0,61000,0,0,0,66000,5000,61000,61000
048924,光罩永豐94購01  ,0,0,0,0,0,0,0,0,0,61000,0,0,0,66000,5000,61000,61000
047491,旺宏統一94購03  ,0,0,0,0,0,0,0,0,0,61000,0,0,0,120000,59000,61000,61000
047763,旺宏元大94購04  ,0,0,0,0,0,0,0,0,0,61000,0,0,0,127000,66000,61000,61000
047780,友達中信96購01  ,0,0,0,0,0,0,0,0,0,61000,0,0,0,140000,79000,61000,61000
053174,同欣電群益98購02,0,0,0,0,0,0,0,0,0,61000,0,0,0,95000,34000,61000,61000
052540,華新科統一95購03,0,0,0,0,0,0,0,0,0,61000,0,0,0,64000,3000,61000,61000
051632,全新國票96購01  ,0,0,0,0,0,0,0,0,0,61000,0,0,0,61000,0,61000,61000
5203,訊連            ,80000,14000,66000,0,0,0,0,0,0,-5000,0,5000,-5000,9000,9000,0,61000
9946,三發地產        ,211000,153000,58000,0,0,0,0,0,0,3000,4000,1000,3000,0,0,0,61000
054824,同欣電元大97購04,0,0,0,0,0,0,0,0,0,60000,0,0,0,199000,139000,60000,60000
054984,華泰元富97購01  ,0,0,0,0,0,0,0,0,0,60000,0,0,0,60000,0,60000,60000
054985,光罩元富97購01  ,0,0,0,0,0,0,0,0,0,60000,0,0,0,159000,99000,60000,60000
055479,GIS凱基97購04   ,0,0,0,0,0,0,0,0,0,60000,0,0,0,60000,0,60000,60000
05702P,矽創凱基96售02  ,0,0,0,0,0,0,0,0,0,60000,0,0,0,60000,0,60000,60000
05798P,臺股指群益96售12,0,0,0,0,0,0,0,0,0,60000,0,0,0,60000,0,60000,60000
053724,聯詠凱基96購04  ,0,0,0,0,0,0,0,0,0,60000,0,0,0,72000,12000,60000,60000
053848,聯發科元富96購03,0,0,0,0,0,0,0,0,0,60000,0,0,0,158000,98000,60000,60000
053870,正文元大96購01  ,0,0,0,0,0,0,0,0,0,60000,0,0,0,147000,87000,60000,60000
053330,燿華永豐96購03  ,0,0,0,0,0,0,0,0,0,60000,0,0,0,60000,0,60000,60000
054285,國巨元大98購02  ,0,0,0,0,0,0,0,0,0,60000,0,0,0,61000,1000,60000,60000
054061,晶技國票97購03  ,0,0,0,0,0,0,0,0,0,60000,0,0,0,60000,0,60000,60000
05433P,智原元富95售02  ,0,0,0,0,0,0,0,0,0,60000,0,0,0,60000,0,60000,60000
054393,漢唐永豐96購01  ,0,0,0,0,0,0,0,0,0,60000,0,0,0,202000,142000,60000,60000
054413,台光電元大96購03,0,0,0,0,0,0,0,0,0,60000,0,0,0,60000,0,60000,60000
049859,味全兆豐95購01  ,0,0,0,0,0,0,0,0,0,60000,0,0,0,60000,0,60000,60000
045772,台光電元大93購01,0,0,0,0,0,0,0,0,0,60000,0,0,0,60000,0,60000,60000
04480P,微星兆豐94售01  ,0,0,0,0,0,0,0,0,0,60000,0,0,0,60000,0,60000,60000
046467,台虹凱基92購02  ,0,0,0,0,0,0,0,0,0,60000,0,0,0,60000,0,60000,60000
045157,台勝科凱基92購01,0,0,0,0,0,0,0,0,0,60000,0,0,0,60000,0,60000,60000
045068,台光電元大92購05,0,0,0,0,0,0,0,0,0,60000,0,0,0,60000,0,60000,60000
04662P,臺股指國票94售01,0,0,0,0,0,0,0,0,0,60000,0,0,0,60000,0,60000,60000
046092,智伸科兆豐92購01,0,0,0,0,0,0,0,0,0,60000,0,0,0,60000,0,60000,60000
03993P,滬深2X中信94售03,0,0,0,0,0,0,0,0,0,60000,0,0,0,210000,150000,60000,60000
03435P,聯電永豐02售05  ,0,0,0,0,0,0,0,0,0,60000,0,0,0,60000,0,60000,60000
043060,欣興中信93購01  ,0,0,0,0,0,0,0,0,0,60000,0,0,0,69000,9000,60000,60000
045449,嘉聯益國泰94購01,0,0,0,0,0,0,0,0,0,60000,0,0,0,60000,0,60000,60000
042908,智邦元大92購01  ,0,0,0,0,0,0,0,0,0,60000,0,0,0,60000,0,60000,60000
046368,嘉聯益永豐92購04,0,0,0,0,0,0,0,0,0,60000,0,0,0,60000,0,60000,60000
041528,國泰金中信93購01,0,0,0,0,0,0,0,0,0,60000,0,0,0,60000,0,60000,60000
04234P,華通群益94售02  ,0,0,0,0,0,0,0,0,0,60000,0,0,0,60000,0,60000,60000
042352,鴻海元大91購03  ,0,0,0,0,0,0,0,0,0,60000,0,0,0,60000,0,60000,60000
044145,玉山金群益91購01,0,0,0,0,0,0,0,0,0,60000,0,0,0,60000,0,60000,60000
04435P,台積電中信95售07,0,0,0,0,0,0,0,0,0,60000,0,0,0,60000,0,60000,60000
047187,亞光元大94購01  ,0,0,0,0,0,0,0,0,0,60000,0,0,0,71000,11000,60000,60000
047430,儒鴻元大93購05  ,0,0,0,0,0,0,0,0,0,60000,0,0,0,64000,4000,60000,60000
049511,奇力新凱基94購03,0,0,0,0,0,0,0,0,0,60000,0,0,0,60000,0,60000,60000
047374,麗豐國票93購01  ,0,0,0,0,0,0,0,0,0,60000,0,0,0,60000,0,60000,60000
048587,康控中信93購01  ,0,0,0,0,0,0,0,0,0,60000,0,0,0,100000,40000,60000,60000
049009,南亞科麥證94購01,0,0,0,70000,10000,60000,0,0,0,60000,0,0,0,70000,10000,60000,60000
046898,南茂麥證93購01  ,0,0,0,62000,0,62000,0,0,0,60000,0,0,0,62000,2000,60000,60000
047182,智邦元大93購07  ,0,0,0,0,0,0,0,0,0,60000,0,0,0,60000,0,60000,60000
047043,廣越群益93購01  ,0,0,0,0,0,0,0,0,0,60000,0,0,0,60000,0,60000,60000
047111,台光電元大93購04,0,0,0,0,0,0,0,0,0,60000,0,0,0,60000,0,60000,60000
046954,同欣電國票93購01,0,0,0,0,0,0,0,0,0,60000,0,0,0,60000,0,60000,60000
050363,臺指反元大98購04,0,0,0,0,0,0,0,0,0,60000,0,0,0,80000,20000,60000,60000
051760,奇力新元大95購04,0,0,0,0,0,0,0,0,0,60000,0,0,0,60000,0,60000,60000
051692,深中小統一95購01,0,0,0,0,0,0,0,0,0,60000,0,0,0,120000,60000,60000,60000
051850,臻鼎中信96購01  ,0,0,0,0,0,0,0,0,0,60000,0,0,0,80000,20000,60000,60000
051539,瀚宇博國票97購01,0,0,0,0,0,0,0,0,0,60000,0,0,0,60000,0,60000,60000
05140P,台表科國票96售01,0,0,0,0,0,0,0,0,0,60000,0,0,0,66000,6000,60000,60000
051287,台積電統一95購05,0,0,0,0,0,0,0,0,0,60000,0,0,0,238000,178000,60000,60000
051230,聯詠群益95購01  ,0,0,0,0,0,0,0,0,0,60000,0,0,0,98000,38000,60000,60000
050935,劍麟國票96購01  ,0,0,0,0,0,0,0,0,0,60000,0,0,0,60000,0,60000,60000
050912,正崴中信95購02  ,0,0,0,0,0,0,0,0,0,60000,0,0,0,60000,0,60000,60000
050913,全新中信97購01  ,0,0,0,0,0,0,0,0,0,60000,0,0,0,167000,107000,60000,60000
051169,瀚宇博元大95購05,0,0,0,0,0,0,0,0,0,60000,0,0,0,95000,35000,60000,60000
051053,台光電群益95購01,0,0,0,0,0,0,0,0,0,60000,0,0,0,130000,70000,60000,60000
052554,正崴國票97購01  ,0,0,0,0,0,0,0,0,0,60000,0,0,0,60000,0,60000,60000
052180,緯穎元大96購05  ,0,0,0,0,0,0,0,0,0,60000,0,0,0,114000,54000,60000,60000
052238,智易國票96購01  ,0,0,0,0,0,0,0,0,0,60000,0,0,0,60000,0,60000,60000
052136,瑞儀凱基95購01  ,0,0,0,0,0,0,0,0,0,60000,0,0,0,60000,0,60000,60000
051994,瀚宇博元大96購01,0,0,0,0,0,0,0,0,0,60000,0,0,0,138000,78000,60000,60000
05318P,臺股指永昌95售03,0,0,0,0,0,0,0,0,0,60000,0,0,0,66000,6000,60000,60000
053114,聯茂兆豐97購01  ,0,0,0,0,0,0,0,0,0,60000,0,0,0,131000,71000,60000,60000
053080,力山元大96購02  ,0,0,0,0,0,0,0,0,0,60000,0,0,0,68000,8000,60000,60000
052929,可成元大96購02  ,0,0,0,0,0,0,0,0,0,60000,0,0,0,100000,40000,60000,60000
052882,南電凱基96購02  ,0,0,0,0,0,0,0,0,0,60000,0,0,0,80000,20000,60000,60000
2838A,聯邦銀甲特      ,0,0,0,0,0,0,0,0,0,60000,52000,0,52000,8000,0,8000,60000
05925P,晶技永豐96售03  ,0,0,0,0,0,0,0,0,0,60000,0,0,0,60000,0,60000,60000
054140,智易元大97購03  ,0,0,0,0,0,0,0,0,0,59000,0,0,0,59000,0,59000,59000
053846,友達元富99購02  ,0,0,0,0,0,0,0,0,0,59000,0,0,0,59000,0,59000,59000
053844,GIS統一96購01   ,0,0,0,0,0,0,0,0,0,59000,0,0,0,87000,28000,59000,59000
053811,國巨群益98購02  ,0,0,0,0,0,0,0,0,0,59000,0,0,0,89000,30000,59000,59000
055312,台虹群益99購01  ,0,0,0,0,0,0,0,0,0,59000,0,0,0,69000,10000,59000,59000
041546,群創統一93購01  ,0,0,0,0,0,0,0,0,0,59000,0,0,0,59000,0,59000,59000
045010,可成元大92購04  ,0,0,0,0,0,0,0,0,0,59000,0,0,0,59000,0,59000,59000
00664R,國泰臺灣加權反1 ,0,0,0,0,0,0,0,0,0,59000,0,0,0,321000,262000,59000,59000
046801,中橡元大93購01  ,0,0,0,0,0,0,0,0,0,59000,0,0,0,101000,42000,59000,59000
048037,台表科凱基93購05,0,0,0,0,0,0,0,0,0,59000,0,0,0,69000,10000,59000,59000
049414,台積電凱基94購18,0,0,0,0,0,0,0,0,0,59000,0,0,0,60000,1000,59000,59000
049585,旺宏元大95購02  ,0,0,0,0,0,0,0,0,0,59000,0,0,0,92000,33000,59000,59000
049590,華新科元大94購01,0,0,0,0,0,0,0,0,0,59000,0,0,0,59000,0,59000,59000
048161,旺宏麥證94購01  ,0,0,0,60000,0,60000,0,0,0,59000,0,0,0,60000,1000,59000,59000
052080,康友元富98購02  ,0,0,0,0,0,0,0,0,0,59000,0,0,0,59000,0,59000,59000
051945,智邦統一95購03  ,0,0,0,0,0,0,0,0,0,59000,0,0,0,78000,19000,59000,59000
06038P,國泰金台新96售01,0,0,0,0,0,0,0,0,0,59000,0,0,0,77000,18000,59000,59000
2903,遠百            ,442000,263000,179000,0,0,0,0,0,0,-120000,0,120000,-120000,0,0,0,59000
2376,技嘉            ,503000,289000,214000,0,0,0,0,4000,-4000,-151000,22000,44000,-22000,14000,143000,-129000,59000
4763,材料-KY         ,29000,4000,25000,0,0,0,0,0,0,34000,53000,19000,34000,0,0,0,59000
9919,康那香          ,62000,3000,59000,0,0,0,0,0,0,0,0,0,0,0,0,0,59000
055319,國巨國票98購03  ,0,0,0,0,0,0,0,0,0,58000,0,0,0,62000,4000,58000,58000
05669P,嘉晶永豐96售03  ,0,0,0,0,0,0,0,0,0,58000,0,0,0,58000,0,58000,58000
05673P,台積電群益96售05,0,0,0,0,0,0,0,0,0,58000,0,0,0,269000,211000,58000,58000
055263,華新科富邦9A購01,0,0,0,0,0,0,0,0,0,58000,0,0,0,236000,178000,58000,58000
054879,大成鋼統一97購01,0,0,0,0,0,0,0,0,0,58000,0,0,0,58000,0,58000,58000
054081,聯電元富96購01  ,0,0,0,0,0,0,0,0,0,58000,0,0,0,89000,31000,58000,58000
048038,樺漢凱基93購03  ,0,0,0,0,0,0,0,0,0,58000,0,0,0,154000,96000,58000,58000
047311,台積電元大93購19,0,0,0,0,0,0,0,0,0,58000,0,0,0,70000,12000,58000,58000
046672,聯茂元大93購01  ,0,0,0,0,0,0,0,0,0,58000,0,0,0,69000,11000,58000,58000
045102,京元電亞東93購01,0,0,0,0,0,0,0,0,0,58000,0,0,0,58000,0,58000,58000
045500,聯發科凱基93購04,0,0,0,0,0,0,0,0,0,58000,0,0,0,134000,76000,58000,58000
044407,聯茂凱基93購01  ,0,0,0,0,0,0,0,0,0,58000,0,0,0,68000,10000,58000,58000
047197,美律統一94購01  ,0,0,0,0,0,0,0,0,0,58000,0,0,0,188000,130000,58000,58000
049493,可成元大94購05  ,0,0,0,0,0,0,0,0,0,58000,0,0,0,68000,10000,58000,58000
048061,鴻海統一95購03  ,0,0,0,0,0,0,0,0,0,58000,0,0,0,66000,8000,58000,58000
049596,智伸科元大95購01,0,0,0,0,0,0,0,0,0,58000,0,0,0,167000,109000,58000,58000
048582,國泰金富邦93購01,0,55000,-55000,0,0,0,0,0,0,113000,0,0,0,113000,0,113000,58000
048246,京元電兆豐93購02,0,0,0,0,0,0,0,0,0,58000,0,0,0,108000,50000,58000,58000
049732,國巨群益94購05  ,0,0,0,0,0,0,0,0,0,58000,0,0,0,103000,45000,58000,58000
04765P,宏達電永豐94售02,0,0,0,0,0,0,0,0,0,58000,0,0,0,67000,9000,58000,58000
047557,麗豐凱基94購02  ,0,0,0,0,0,0,0,0,0,58000,0,0,0,68000,10000,58000,58000
051195,台郡中信95購01  ,0,0,0,0,0,0,0,0,0,58000,0,0,0,80000,22000,58000,58000
052824,揚明光永豐96購02,0,0,0,0,0,0,0,0,0,58000,0,0,0,66000,8000,58000,58000
053293,聯發科中信9B購01,0,0,0,0,0,0,0,0,0,58000,0,0,0,191000,133000,58000,58000
05934P,國巨凱基96售13  ,0,0,0,0,0,0,0,0,0,58000,0,0,0,58000,0,58000,58000
05912P,和大元大96售01  ,0,0,0,0,0,0,0,0,0,58000,0,0,0,110000,52000,58000,58000
08679P,台灣50元大01售15,0,0,0,0,0,0,0,0,0,58000,0,0,0,58000,0,58000,58000
08218P,滬深2X凱基96售01,0,0,0,0,0,0,0,0,0,58000,0,0,0,59000,1000,58000,58000
054090,瑞昱群益97購01  ,0,0,0,0,0,0,0,0,0,57000,0,0,0,81000,24000,57000,57000
054192,國巨中信98購01  ,0,0,0,0,0,0,0,0,0,57000,0,0,0,126000,69000,57000,57000
054714,和鑫台新98購01  ,0,0,0,0,0,0,0,0,0,57000,0,0,0,65000,8000,57000,57000
055186,正文統一97購01  ,0,0,0,0,0,0,0,0,0,57000,0,0,0,57000,0,57000,57000
055173,瑞昱統一97購01  ,0,0,0,0,0,0,0,0,0,57000,0,0,0,65000,8000,57000,57000
055371,正崴元大97購02  ,0,0,0,0,0,0,0,0,0,57000,0,0,0,83000,26000,57000,57000
046457,可成凱基92購09  ,0,0,0,0,0,0,0,0,0,57000,0,0,0,57000,0,57000,57000
046846,智伸科永豐93購01,0,0,0,0,0,0,0,0,0,57000,0,0,0,57000,0,57000,57000
050554,百和凱基95購01  ,0,0,0,0,0,0,0,0,0,57000,0,0,0,104000,47000,57000,57000
048250,矽創兆豐93購02  ,0,0,0,0,0,0,0,0,0,57000,0,0,0,57000,0,57000,57000
048156,正崴兆豐93購01  ,0,0,0,0,0,0,0,0,0,57000,0,0,0,77000,20000,57000,57000
053273,國巨元大96購08  ,0,0,0,0,0,0,0,0,0,57000,0,0,0,57000,0,57000,57000
052772,台虹群益96購01  ,0,0,0,0,0,0,0,0,0,57000,0,0,0,73000,16000,57000,57000
053017,世紀鋼統一96購02,0,0,0,0,0,0,0,0,0,57000,0,0,0,60000,3000,57000,57000
052124,京鼎國票95購01  ,0,0,0,0,0,0,0,0,0,57000,0,0,0,67000,10000,57000,57000
052263,聯電亞東95購01  ,0,0,0,0,0,0,0,0,0,57000,0,0,0,57000,0,57000,57000
051697,康友中信95購02  ,0,0,0,0,0,0,0,0,0,57000,0,0,0,122000,65000,57000,57000
1789,神隆            ,82000,23000,59000,0,0,0,0,0,0,-2000,0,2000,-2000,0,0,0,57000
00739,元大MSCI A股    ,40000,0,40000,0,0,0,0,0,0,16973,0,0,0,168973,152000,16973,56973
055287,日電貿元大97購01,0,0,0,0,0,0,0,0,0,56000,0,0,0,81000,25000,56000,56000
053748,燿華永豐96購04  ,0,0,0,0,0,0,0,0,0,56000,0,0,0,56000,0,56000,56000
053996,晶相光群益97購01,0,0,0,0,0,0,0,0,0,56000,0,0,0,290000,234000,56000,56000
053492,華邦電兆豐97購01,0,0,0,0,0,0,0,0,0,56000,0,0,0,66000,10000,56000,56000
044315,大立光永豐92購01,0,0,0,0,0,0,0,0,0,56000,0,0,0,66000,10000,56000,56000
046370,全新麥證93購01  ,0,0,0,96000,40000,56000,0,0,0,56000,0,0,0,96000,40000,56000,56000
045372,台塑元大92購01  ,0,0,0,0,0,0,0,0,0,56000,0,0,0,56000,0,56000,56000
048079,燿華日盛93購01  ,0,0,0,0,0,0,0,0,0,56000,0,0,0,56000,0,56000,56000
047761,亞德客元大93購02,0,0,0,0,0,0,0,0,0,56000,0,0,0,62000,6000,56000,56000
048392,宏碁國票94購01  ,0,0,0,0,0,0,0,0,0,56000,0,0,0,80000,24000,56000,56000
04971P,矽力元富94售02  ,0,0,0,0,0,0,0,0,0,56000,0,0,0,261000,205000,56000,56000
049295,全新群益94購02  ,0,0,0,0,0,0,0,0,0,56000,0,0,0,56000,0,56000,56000
051883,智原永豐95購03  ,0,0,0,0,0,0,0,0,0,56000,0,0,0,93000,37000,56000,56000
051864,聯發科凱基96購03,0,0,0,0,0,0,0,0,0,56000,0,0,0,94000,38000,56000,56000
051504,TPK統一95購01   ,0,0,0,0,0,0,0,0,0,56000,0,0,0,56000,0,56000,56000
052292,緯穎元富95購02  ,0,0,0,0,0,0,0,0,0,56000,0,0,0,165000,109000,56000,56000
052688,新日興元大96購01,1000,0,1000,0,0,0,0,0,0,55000,0,0,0,140000,85000,55000,56000
052684,旺宏元大98購01  ,0,0,0,0,0,0,0,0,0,56000,0,0,0,300000,244000,56000,56000
052640,台表科凱基97購01,0,0,0,0,0,0,0,0,0,56000,0,0,0,88000,32000,56000,56000
052883,百和亞東97購01  ,0,0,0,0,0,0,0,0,0,56000,0,0,0,56000,0,56000,56000
2108,南帝            ,161000,76000,85000,0,0,0,0,0,0,-29000,4000,33000,-29000,0,0,0,56000
06171P,台積電統一97售06,0,0,0,0,0,0,0,0,0,56000,0,0,0,56000,0,56000,56000
4532,瑞智            ,64000,8000,56000,0,0,0,0,0,0,0,0,0,0,0,0,0,56000
053363,旺宏國泰98購02  ,0,0,0,0,0,0,0,0,0,55000,0,0,0,270000,215000,55000,55000
053397,國泰金中信96購01,0,0,0,0,0,0,0,0,0,55000,0,0,0,55000,0,55000,55000
053966,旺宏元大96購08  ,0,0,0,0,0,0,0,0,0,55000,0,0,0,341000,286000,55000,55000
054298,台表科元大97購03,0,0,0,0,0,0,0,0,0,55000,0,0,0,55000,0,55000,55000
054348,康控國票97購03  ,0,0,0,0,0,0,0,0,0,55000,0,0,0,100000,45000,55000,55000
05695P,台積電凱基96售10,0,0,0,0,0,0,0,0,0,55000,0,0,0,55000,0,55000,55000
054990,凌陽元富97購01  ,0,0,0,0,0,0,0,0,0,55000,0,0,0,55000,0,55000,55000
054690,新興永豐97購01  ,0,0,0,0,0,0,0,0,0,55000,0,0,0,55000,0,55000,55000
04376P,漢唐元大94售04  ,0,0,0,0,0,0,0,0,0,55000,0,0,0,59000,4000,55000,55000
03420P,牧德群益02售04  ,0,0,0,0,0,0,0,0,0,55000,0,0,0,55000,0,55000,55000
03544P,鴻海群益02售07  ,0,0,0,0,0,0,0,0,0,55000,0,0,0,55000,0,55000,55000
045588,健策元大93購01  ,0,0,0,0,0,0,0,0,0,55000,0,0,0,55000,0,55000,55000
046648,和鑫國泰94購01  ,0,0,0,0,0,0,0,0,0,55000,0,0,0,105000,50000,55000,55000
049899,台積電元富94購05,0,0,0,0,0,0,0,0,0,55000,0,0,0,200000,145000,55000,55000
046859,智伸科元大93購03,0,0,0,0,0,0,0,0,0,55000,0,0,0,55000,0,55000,55000
048558,漢唐元大93購06  ,0,0,0,0,0,0,0,0,0,55000,0,0,0,127000,72000,55000,55000
049168,卜蜂凱基94購01  ,0,0,0,0,0,0,0,0,0,55000,0,0,0,55000,0,55000,55000
052875,樺漢凱基96購02  ,0,0,0,0,0,0,0,0,0,55000,0,0,0,78000,23000,55000,55000
05301P,矽力元大95售02  ,0,0,0,0,0,0,0,0,0,55000,0,0,0,262000,207000,55000,55000
052344,台表科凱基98購01,0,0,0,0,0,0,0,0,0,55000,0,0,0,67000,12000,55000,55000
052147,上緯控群益95購01,0,0,0,0,0,0,0,0,0,55000,0,0,0,61000,6000,55000,55000
05096P,台積電日盛95售01,0,0,0,0,0,0,0,0,0,55000,0,0,0,70000,15000,55000,55000
054801,康友群益97購02  ,0,0,0,0,0,0,0,0,0,54000,0,0,0,114000,60000,54000,54000
055262,台虹國泰98購01  ,0,0,0,0,0,0,0,0,0,54000,0,0,0,54000,0,54000,54000
055502,群創元大9C購03  ,0,0,0,0,0,0,0,0,0,54000,0,0,0,109000,55000,54000,54000
055604,訊芯元大98購02  ,0,0,0,0,0,0,0,0,0,54000,0,0,0,120000,66000,54000,54000
054440,TPK台新98購01   ,0,0,0,0,0,0,0,0,0,54000,0,0,0,54000,0,54000,54000
054453,上海銀亞東96購01,0,0,0,0,0,0,0,0,0,54000,0,0,0,54000,0,54000,54000
047295,欣興元富96購02  ,0,0,0,0,0,0,0,0,0,54000,0,0,0,57000,3000,54000,54000
050263,旺宏元大94購10  ,0,0,0,0,0,0,0,0,0,54000,0,0,0,72000,18000,54000,54000
050773,京鼎元大94購02  ,0,0,0,0,0,0,0,0,0,54000,0,0,0,55000,1000,54000,54000
050825,嘉澤凱基95購01  ,0,0,0,0,0,0,0,0,0,54000,0,0,0,81000,27000,54000,54000
050565,矽格元富94購01  ,0,0,0,0,0,0,0,0,0,54000,0,0,0,130000,76000,54000,54000
051624,智邦麥證95購02  ,0,0,0,69000,15000,54000,0,0,0,54000,0,0,0,69000,15000,54000,54000
052432,康友永豐95購04  ,0,0,0,0,0,0,0,0,0,54000,0,0,0,179000,125000,54000,54000
052932,正文元大97購01  ,0,0,0,0,0,0,0,0,0,54000,0,0,0,126000,72000,54000,54000
052766,玉晶光群益9A購01,0,0,0,0,0,0,0,0,0,54000,0,0,0,63000,9000,54000,54000
05320P,華通凱基96售03  ,0,0,0,0,0,0,0,0,0,54000,0,0,0,54000,0,54000,54000
053054,禾伸堂國票97購01,0,0,0,0,0,0,0,0,0,54000,0,0,0,54000,0,54000,54000
05820P,臺股指凱基96售17,0,0,0,0,0,0,0,0,0,54000,0,0,0,56000,2000,54000,54000
054552,聯發科凱基98購03,0,0,0,0,0,0,0,0,0,53000,0,0,0,106000,53000,53000,53000
05645P,聯發科凱基96售13,0,0,0,0,0,0,0,0,0,53000,0,0,0,54000,1000,53000,53000
055051,藍天永豐97購01  ,0,0,0,0,0,0,0,0,0,53000,0,0,0,53000,0,53000,53000
05470P,康控元大95售05  ,0,0,0,0,0,0,0,0,0,53000,0,0,0,53000,0,53000,53000
046788,貿聯永豐93購01  ,0,0,0,0,0,0,0,0,0,53000,0,0,0,155000,102000,53000,53000
045893,貿聯元大92購04  ,0,0,0,0,0,0,0,0,0,53000,0,0,0,53000,0,53000,53000
00866,新光Shiller CAPE,0,0,0,0,0,0,0,0,0,53000,0,0,0,79000,26000,53000,53000
03828P,致茂中信95售01  ,0,0,0,0,0,0,0,0,0,53000,0,0,0,208000,155000,53000,53000
04260P,亞德客群益93售01,0,0,0,0,0,0,0,0,0,53000,0,0,0,63000,10000,53000,53000
047218,南茂日盛93購01  ,0,0,0,0,0,0,0,0,0,53000,0,0,0,53000,0,53000,53000
049307,上銀凱基94購03  ,0,0,0,0,0,0,0,0,0,53000,0,0,0,90000,37000,53000,53000
049408,旺宏日盛94購01  ,0,0,0,0,0,0,0,0,0,53000,0,0,0,55000,2000,53000,53000
047120,啟碁元大93購02  ,0,0,0,0,0,0,0,0,0,53000,0,0,0,68000,15000,53000,53000
052585,友達永豐97購01  ,0,0,0,0,0,0,0,0,0,53000,0,0,0,105000,52000,53000,53000
052188,欣興群益95購03  ,0,0,0,0,0,0,0,0,0,53000,0,0,0,53000,0,53000,53000
051967,康友永豐95購02  ,0,0,0,0,0,0,0,0,0,53000,0,0,0,53000,0,53000,53000
050589,昇陽半國票94購02,0,0,0,0,0,0,0,0,0,53000,0,0,0,53000,0,53000,53000
050226,華新科中信94購01,0,0,0,0,0,0,0,0,0,53000,0,0,0,72000,19000,53000,53000
2109,華豐            ,53000,0,53000,0,0,0,0,0,0,0,0,0,0,0,0,0,53000
2103,台橡            ,181000,76000,105000,0,0,0,0,0,0,-52000,2000,54000,-52000,0,0,0,53000
3645,達邁            ,49000,64000,-15000,0,0,0,0,0,0,68000,78000,10000,68000,0,0,0,53000
2390,云辰            ,60000,7000,53000,0,0,0,0,0,0,0,0,0,0,0,0,0,53000
8996,高力            ,264000,222000,42000,0,0,0,0,0,0,11000,11000,0,11000,0,0,0,53000
055035,興勤富邦98購01  ,0,0,0,0,0,0,0,0,0,52000,0,0,0,100000,48000,52000,52000
055090,國巨群益97購03  ,0,0,0,0,0,0,0,0,0,52000,0,0,0,78000,26000,52000,52000
05740P,宏達電元富96售01,0,0,0,0,0,0,0,0,0,52000,0,0,0,62000,10000,52000,52000
055508,矽力元大97購01  ,0,0,0,0,0,0,0,0,0,52000,0,0,0,72000,20000,52000,52000
055494,華新科元大98購01,0,0,0,0,0,0,0,0,0,52000,0,0,0,53000,1000,52000,52000
053785,聯詠元大96購05  ,0,0,0,0,0,0,0,0,0,52000,0,0,0,87000,35000,52000,52000
04407P,滬深2X統一94售02,0,0,0,0,0,0,0,0,0,52000,0,0,0,52000,0,52000,52000
04140P,聯茂國票93售03  ,0,0,0,0,0,0,0,0,0,52000,0,0,0,52000,0,52000,52000
00678,群益NBI生技     ,41000,0,41000,0,0,0,0,0,0,11000,0,0,0,461000,450000,11000,52000
046156,光磊群益92購01  ,0,0,0,0,0,0,0,0,0,52000,0,0,0,80000,28000,52000,52000
046460,聯鈞凱基93購02  ,0,0,0,0,0,0,0,0,0,52000,0,0,0,76000,24000,52000,52000
045627,聯電凱基93購03  ,0,0,0,0,0,0,0,0,0,52000,0,0,0,53000,1000,52000,52000
050335,正崴國泰96購01  ,0,0,0,0,0,0,0,0,0,52000,0,0,0,108000,56000,52000,52000
049271,百和元大94購01  ,0,0,0,0,0,0,0,0,0,52000,0,0,0,200000,148000,52000,52000
048897,日電貿國泰95購01,0,0,0,0,0,0,0,0,0,52000,0,0,0,54000,2000,52000,52000
050969,台郡永豐95購01  ,0,0,0,0,0,0,0,0,0,52000,0,0,0,52000,0,52000,52000
050784,美律國泰96購01  ,20000,20000,0,0,0,0,0,0,0,52000,0,0,0,80000,28000,52000,52000
050921,旺宏凱基95購02  ,0,0,0,0,0,0,0,0,0,52000,0,0,0,97000,45000,52000,52000
051396,健鼎兆豐95購01  ,0,0,0,0,0,0,0,0,0,52000,0,0,0,52000,0,52000,52000
052983,國巨元大96購07  ,0,0,0,0,0,0,0,0,0,52000,0,0,0,235000,183000,52000,52000
1611,中電            ,52000,0,52000,0,0,0,0,0,0,0,0,0,0,0,0,0,52000
054599,正崴台新97購01  ,0,0,0,0,0,0,0,0,0,51000,0,0,0,51000,0,51000,51000
055300,緯穎元大98購01  ,0,0,0,0,0,0,0,0,0,51000,0,0,0,167000,116000,51000,51000
05522P,友達元富96售02  ,0,0,0,0,0,0,0,0,0,51000,0,0,0,52000,1000,51000,51000
054781,台化群益99購01  ,0,0,0,0,0,0,0,0,0,51000,0,0,0,97000,46000,51000,51000
046592,南電元大92購03  ,0,0,0,0,0,0,0,0,0,51000,0,0,0,51000,0,51000,51000
044817,可成兆豐93購01  ,0,0,0,0,0,0,0,0,0,51000,0,0,0,75000,24000,51000,51000
03601P,聯發科凱基92售07,0,0,0,0,0,0,0,0,0,51000,0,0,0,51000,0,51000,51000
046396,矽創國泰93購01  ,0,0,0,0,0,0,0,0,0,51000,0,0,0,122000,71000,51000,51000
048882,智原統一96購01  ,0,0,0,0,0,0,0,0,0,51000,0,0,0,352000,301000,51000,51000
048540,百和國票93購01  ,0,0,0,0,0,0,0,0,0,51000,0,0,0,51000,0,51000,51000
047354,訊芯凱基94購01  ,0,0,0,0,0,0,0,0,0,51000,0,0,0,101000,50000,51000,51000
050515,聯電元大96購01  ,0,0,0,0,0,0,0,0,0,51000,0,0,0,76000,25000,51000,51000
047079,GIS兆豐94購01   ,0,0,0,0,0,0,0,0,0,51000,0,0,0,66000,15000,51000,51000
047601,上海銀中信93購01,0,0,0,0,0,0,0,0,0,51000,0,0,0,97000,46000,51000,51000
053052,旺宏國票97購02  ,0,0,0,0,0,0,0,0,0,51000,0,0,0,256000,205000,51000,51000
05235P,健鼎康和95售02  ,0,0,0,0,0,0,0,0,0,51000,0,0,0,52000,1000,51000,51000
050892,聯電元大96購02  ,0,0,0,0,0,0,0,0,0,51000,0,0,0,91000,40000,51000,51000
3535,晶彩科          ,61000,10000,51000,0,0,0,0,0,0,0,0,0,0,0,0,0,51000
054955,宏達電元大98購01,0,0,0,0,0,0,0,0,0,50000,0,0,0,50000,0,50000,50000
054924,景碩凱基98購01  ,0,0,0,0,0,0,0,0,0,50000,0,0,0,52000,2000,50000,50000
054942,凱美元大97購02  ,0,0,0,0,0,0,0,0,0,50000,0,0,0,78000,28000,50000,50000
054919,興富發凱基97購01,0,0,0,0,0,0,0,0,0,50000,0,0,0,50000,0,50000,50000
055240,京元電元富97購01,0,0,0,0,0,0,0,0,0,50000,0,0,0,50000,0,50000,50000
05509P,智邦元富96售02  ,0,0,0,0,0,0,0,0,0,50000,0,0,0,56000,6000,50000,50000
055315,晶技麥證97購01  ,0,0,0,50000,0,50000,0,0,0,50000,0,0,0,50000,0,50000,50000
054317,昇陽半凱基98購01,0,0,0,0,0,0,0,0,0,50000,0,0,0,50000,0,50000,50000
054287,台積電元大97購11,0,0,0,0,0,0,0,0,0,50000,0,0,0,50000,0,50000,50000
054068,華通國泰96購02  ,0,0,0,0,0,0,0,0,0,50000,0,0,0,105000,55000,50000,50000
05403P,台積電富邦95售08,0,0,0,0,0,0,0,0,0,50000,0,0,0,50000,0,50000,50000
05369P,可成元富95售04  ,0,0,0,0,0,0,0,0,0,50000,0,0,0,50000,0,50000,50000
053986,矽創第一96購01  ,0,0,0,0,0,0,0,0,0,50000,0,0,0,50000,0,50000,50000
053859,台積電元大97購09,0,0,0,0,0,0,0,0,0,50000,0,0,0,50000,0,50000,50000
053907,揚明光凱基96購01,0,0,0,0,0,0,0,0,0,50000,0,0,0,50000,0,50000,50000
046424,正文元大92購04  ,0,0,0,0,0,0,0,0,0,50000,0,0,0,50000,0,50000,50000
044876,同欣電統一91購01,0,0,0,0,0,0,0,0,0,50000,0,0,0,220000,170000,50000,50000
044960,京元電兆豐93購01,0,0,0,0,0,0,0,0,0,50000,0,0,0,55000,5000,50000,50000
045458,智邦元大92購05  ,0,0,0,0,0,0,0,0,0,50000,0,0,0,50000,0,50000,50000
044506,智邦凱基91購05  ,0,0,0,0,0,0,0,0,0,50000,0,0,0,50000,0,50000,50000
042991,南電凱基92購02  ,0,0,0,0,0,0,0,0,0,50000,0,0,0,50000,0,50000,50000
044421,華邦電元富91購01,0,0,0,0,0,0,0,0,0,50000,0,0,0,50000,0,50000,50000
03836P,華泰凱基93售02  ,0,0,0,0,0,0,0,0,0,50000,0,0,0,50000,0,50000,50000
04050P,創意元大93售05  ,0,0,0,0,0,0,0,0,0,50000,0,0,0,50000,0,50000,50000
043663,大立光元大92購07,0,0,0,0,0,0,0,0,0,50000,0,0,0,50000,0,50000,50000
043346,TPK富邦93購01   ,0,0,0,0,0,0,0,0,0,50000,0,0,0,76000,26000,50000,50000
03483P,聯發科國泰04售01,0,0,0,0,0,0,0,0,0,50000,0,0,0,50000,0,50000,50000
03369P,景碩中信02售01  ,0,0,0,0,0,0,0,0,0,50000,0,0,0,250000,200000,50000,50000
03103P,聯發科元富01售02,0,0,0,0,0,0,0,0,0,50000,0,0,0,60000,10000,50000,50000
03861P,群創元富99售01  ,0,0,0,0,0,0,0,0,0,50000,0,0,0,50000,0,50000,50000
045887,台光電元大92購07,0,0,0,0,0,0,0,0,0,50000,0,0,0,100000,50000,50000,50000
045939,緯穎群益92購03  ,0,0,0,0,0,0,0,0,0,50000,0,0,0,50000,0,50000,50000
045974,傳奇凱基93購02  ,0,0,0,0,0,0,0,0,0,50000,0,0,0,50000,0,50000,50000
044692,鈺齊凱基91購01  ,0,0,0,0,0,0,0,0,0,50000,0,0,0,110000,60000,50000,50000
044731,漢唐國票91購02  ,0,0,0,0,0,0,0,0,0,50000,0,0,0,50000,0,50000,50000
04471P,華通元大95售03  ,0,0,0,0,0,0,0,0,0,50000,0,0,0,100000,50000,50000,50000
044741,玉山金富邦93購01,0,0,0,0,0,0,0,0,0,50000,0,0,0,50000,0,50000,50000
047305,卜蜂元大93購02  ,0,0,0,0,0,0,0,0,0,50000,0,0,0,50000,0,50000,50000
04727P,臺股指凱基96售03,0,0,0,0,0,0,0,0,0,50000,0,0,0,50000,0,50000,50000
047307,儒鴻元大93購04  ,0,0,0,0,0,0,0,0,0,50000,0,0,0,60000,10000,50000,50000
049906,光寶科元大94購03,0,0,0,0,0,0,0,0,0,50000,0,0,0,51000,1000,50000,50000
049921,大立光元大94購16,0,0,0,0,0,0,0,0,0,50000,0,0,0,50000,0,50000,50000
049969,泰鼎國票95購01  ,0,0,0,0,0,0,0,0,0,50000,0,0,0,50000,0,50000,50000
046143,京元電元富92購01,0,0,0,0,0,0,0,0,0,50000,0,0,0,50000,0,50000,50000
046131,矽創元大92購03  ,0,0,0,0,0,0,0,0,0,50000,0,0,0,54000,4000,50000,50000
046338,致伸中信92購01  ,0,0,0,0,0,0,0,0,0,50000,0,0,0,50000,0,50000,50000
045649,超眾凱基93購04  ,0,0,0,0,0,0,0,0,0,50000,0,0,0,50000,0,50000,50000
044562,元油2X凱基92購05,0,0,0,0,0,0,0,0,0,50000,0,0,0,50000,0,50000,50000
045543,百和群益94購01  ,0,0,0,0,0,0,0,0,0,50000,0,0,0,50000,0,50000,50000
045079,大立光元大93購05,0,0,0,0,0,0,0,0,0,50000,0,0,0,50000,0,50000,50000
045161,玉晶光國泰94購03,0,0,0,0,0,0,0,0,0,50000,0,0,0,50000,0,50000,50000
045223,潤泰全元大93購01,0,0,0,0,0,0,0,0,0,50000,0,0,0,50000,0,50000,50000
045270,南電凱基92購03  ,0,0,0,0,0,0,0,0,0,50000,0,0,0,50000,0,50000,50000
046937,聯電元大99購01  ,0,0,0,0,0,0,0,0,0,50000,0,0,0,50000,0,50000,50000
048345,緯創元大94購01  ,0,0,0,0,0,0,0,0,0,50000,0,0,0,50000,0,50000,50000
048354,滬深2X永豐93購03,0,0,0,0,0,0,0,0,0,50000,0,0,0,50000,0,50000,50000
047514,亞光國票94購01  ,0,0,0,0,0,0,0,0,0,50000,0,0,0,60000,10000,50000,50000
04940P,台積電國票95售02,0,0,0,0,0,0,0,0,0,50000,0,0,0,100000,50000,50000,50000
049386,嘉聯益元大95購01,0,0,0,0,0,0,0,0,0,50000,0,0,0,50000,0,50000,50000
049728,正崴中信94購01  ,0,0,0,0,0,0,0,0,0,50000,0,0,0,50000,0,50000,50000
049711,劍麟凱基94購01  ,0,0,0,0,0,0,0,0,0,50000,0,0,0,50000,0,50000,50000
047001,大成鋼統一93購01,0,0,0,0,0,0,0,0,0,50000,0,0,0,50000,0,50000,50000
047184,漢唐元大94購02  ,0,0,0,0,0,0,0,0,0,50000,0,0,0,60000,10000,50000,50000
050073,傳奇凱基94購02  ,0,0,0,0,0,0,0,0,0,50000,0,0,0,50000,0,50000,50000
050171,臺指反元大97購03,0,0,0,0,0,0,0,0,0,50000,0,0,0,100000,50000,50000,50000
05038P,牧德元大95售03  ,0,0,0,0,0,0,0,0,0,50000,0,0,0,50000,0,50000,50000
050286,為升凱基94購05  ,0,0,0,0,0,0,0,0,0,50000,0,0,0,84000,34000,50000,50000
050447,廣達元大94購01  ,0,0,0,0,0,0,0,0,0,50000,0,0,0,50000,0,50000,50000
047525,漢唐元大93購04  ,0,0,0,0,0,0,0,0,0,50000,0,0,0,50000,0,50000,50000
04741P,台積電統一94售10,0,0,0,0,0,0,0,0,0,50000,0,0,0,50000,0,50000,50000
047929,景碩凱基93購03  ,0,0,0,0,0,0,0,0,0,50000,0,0,0,50000,0,50000,50000
049247,光寶科元大94購02,0,0,0,0,0,0,0,0,0,50000,0,0,0,50000,0,50000,50000
049093,昇陽半凱基94購01,0,0,0,0,0,0,0,0,0,50000,0,0,0,50000,0,50000,50000
050616,潤泰全元大94購01,0,0,0,0,0,0,0,0,0,50000,0,0,0,218000,168000,50000,50000
050671,超眾永豐94購04  ,0,0,0,0,0,0,0,0,0,50000,0,0,0,60000,10000,50000,50000
050374,上緯控元大95購01,0,0,0,0,0,0,0,0,0,50000,0,0,0,60000,10000,50000,50000
050999,瀚宇博元大95購04,0,0,0,0,0,0,0,0,0,50000,0,0,0,85000,35000,50000,50000
051244,正崴元大95購01  ,0,0,0,0,0,0,0,0,0,50000,0,0,0,51000,1000,50000,50000
051442,正崴元大95購02  ,0,0,0,0,0,0,0,0,0,50000,0,0,0,81000,31000,50000,50000
052377,景碩元大96購02  ,0,0,0,0,0,0,0,0,0,50000,0,0,0,81000,31000,50000,50000
052452,茂林元大95購03  ,0,0,0,0,0,0,0,0,0,50000,0,0,0,215000,165000,50000,50000
052609,智易元大97購01  ,0,0,0,0,0,0,0,0,0,50000,0,0,0,50000,0,50000,50000
052273,新光金群益95購02,0,0,0,0,0,0,0,0,0,50000,0,0,0,50000,0,50000,50000
051989,華固元大95購02  ,0,0,0,0,0,0,0,0,0,50000,0,0,0,50000,0,50000,50000
052054,台表科凱基96購01,0,0,0,0,0,0,0,0,0,50000,0,0,0,65000,15000,50000,50000
053204,旺宏麥證96購01  ,0,0,0,50000,0,50000,0,0,0,50000,0,0,0,50000,0,50000,50000
053008,達方永豐96購01  ,0,0,0,0,0,0,0,0,0,50000,0,0,0,50000,0,50000,50000
052846,智邦統一97購01  ,0,0,0,0,0,0,0,0,0,50000,0,0,0,92000,42000,50000,50000
052863,友達凱基98購02  ,0,0,0,0,0,0,0,0,0,50000,0,0,0,90000,40000,50000,50000
052864,奇力新凱基96購02,0,0,0,0,0,0,0,0,0,50000,0,0,0,113000,63000,50000,50000
052801,友達元大9A購01  ,0,0,0,0,0,0,0,0,0,50000,0,0,0,60000,10000,50000,50000
2882A,國泰特          ,0,0,0,0,0,0,0,0,0,50000,50000,0,50000,0,0,0,50000
2059,川湖            ,89000,44000,45000,0,0,0,0,0,0,5000,2000,0,2000,4000,1000,3000,50000
3661,世芯-KY         ,911000,1301500,-390500,0,0,0,515000,300000,215000,225000,282000,61000,221000,55000,51000,4000,49500
053858,台達電元大96購05,0,0,0,0,0,0,0,0,0,49000,0,0,0,70000,21000,49000,49000
053741,漢唐國票97購03  ,0,0,0,0,0,0,0,0,0,49000,0,0,0,49000,0,49000,49000
054609,正崴永豐97購01  ,0,0,0,0,0,0,0,0,0,49000,0,0,0,55000,6000,49000,49000
05450P,臺股指元大95售27,0,0,0,0,0,0,0,0,0,49000,0,0,0,59000,10000,49000,49000
05721P,全新群益98售02  ,0,0,0,0,0,0,0,0,0,49000,0,0,0,50000,1000,49000,49000
05477P,華新科群益95售06,0,0,0,0,0,0,0,0,0,49000,0,0,0,50000,1000,49000,49000
044792,康友群益93購01  ,0,0,0,0,0,0,0,0,0,49000,0,0,0,59000,10000,49000,49000
04336P,台達電元大93售04,0,0,0,0,0,0,0,0,0,49000,0,0,0,50000,1000,49000,49000
044511,全新凱基92購01  ,0,0,0,0,0,0,0,0,0,49000,0,0,0,49000,0,49000,49000
04176P,台達電元大94售01,0,0,0,0,0,0,0,0,0,49000,0,0,0,56000,7000,49000,49000
048696,台達電國票96購01,0,0,0,0,0,0,0,0,0,49000,0,0,0,54000,5000,49000,49000
048704,台表科國票95購01,0,0,0,0,0,0,0,0,0,49000,0,0,0,50000,1000,49000,49000
048678,統一富邦93購01  ,0,0,0,0,0,0,0,0,0,49000,0,0,0,78000,29000,49000,49000
047995,台達電元大96購01,0,0,0,0,0,0,0,0,0,49000,0,0,0,50000,1000,49000,49000
047432,台達電元大93購01,0,0,0,0,0,0,0,0,0,49000,0,0,0,50000,1000,49000,49000
048752,廣越元富95購01  ,0,0,0,0,0,0,0,0,0,49000,0,0,0,59000,10000,49000,49000
049529,華新科中信95購01,0,0,0,0,0,0,0,0,0,49000,0,0,0,105000,56000,49000,49000
050508,上証2X元大97購01,0,0,0,0,0,0,0,0,0,49000,0,0,0,50000,1000,49000,49000
050119,瀚宇博元大95購03,0,0,0,0,0,0,0,0,0,49000,0,0,0,100000,51000,49000,49000
049733,旺宏群益94購03  ,0,0,0,0,0,0,0,0,0,49000,0,0,0,89000,40000,49000,49000
049823,為升凱基94購04  ,0,0,0,0,0,0,0,0,0,49000,0,0,0,61000,12000,49000,49000
053097,超眾統一96購03  ,0,0,0,0,0,0,0,0,0,49000,0,0,0,51000,2000,49000,49000
053148,華邦電元大96購01,0,0,0,0,0,0,0,0,0,49000,0,0,0,264000,215000,49000,49000
052289,為升元富95購02  ,0,0,0,0,0,0,0,0,0,49000,0,0,0,208000,159000,49000,49000
051619,智邦凱基95購07  ,0,0,0,0,0,0,0,0,0,49000,0,0,0,84000,35000,49000,49000
050783,旺宏國泰96購02  ,0,0,0,0,0,0,0,0,0,49000,0,0,0,67000,18000,49000,49000
054783,國巨群益98購04  ,0,0,0,0,0,0,0,0,0,48000,0,0,0,54000,6000,48000,48000
054665,華通元富97購02  ,0,0,0,0,0,0,0,0,0,48000,0,0,0,48000,0,48000,48000
055089,金寶群益98購01  ,0,0,0,0,0,0,0,0,0,48000,0,0,0,143000,95000,48000,48000
05760P,京鼎永豐96售02  ,0,0,0,0,0,0,0,0,0,48000,0,0,0,242000,194000,48000,48000
05768P,台積電凱基96售15,0,0,0,0,0,0,0,0,0,48000,0,0,0,78000,30000,48000,48000
054046,義隆元大96購02  ,0,0,0,0,0,0,0,0,0,48000,0,0,0,1222000,1174000,48000,48000
054128,台積電元大97購10,0,0,0,0,0,0,0,0,0,48000,0,0,0,231000,183000,48000,48000
053475,華新科元大96購05,0,0,0,0,0,0,0,0,0,48000,0,0,0,185000,137000,48000,48000
044134,訊芯凱基93購01  ,0,0,0,0,0,0,0,0,0,48000,0,0,0,49000,1000,48000,48000
046381,緯創凱基93購03  ,0,0,0,0,0,0,0,0,0,48000,0,0,0,74000,26000,48000,48000
046804,群創元大94購01  ,0,0,0,0,0,0,0,0,0,48000,0,0,0,54000,6000,48000,48000
049847,旺宏群益94購04  ,0,0,0,0,0,0,0,0,0,48000,0,0,0,49000,1000,48000,48000
050027,義隆元大94購03  ,0,0,0,0,0,0,0,0,0,48000,0,0,0,550000,502000,48000,48000
045233,神基日盛92購01  ,0,0,0,0,0,0,0,0,0,48000,0,0,0,48000,0,48000,48000
045484,聯電亞東94購01  ,0,0,0,0,0,0,0,0,0,48000,0,0,0,48000,0,48000,48000
045060,世紀鋼富邦93購01,0,0,0,0,0,0,0,0,0,48000,0,0,0,48000,0,48000,48000
045585,欣興元大93購03  ,0,0,0,0,0,0,0,0,0,48000,0,0,0,65000,17000,48000,48000
046221,台化元大92購02  ,0,0,0,0,0,0,0,0,0,48000,0,0,0,50000,2000,48000,48000
049667,大立光國泰96購01,0,0,0,0,0,0,0,0,0,48000,0,0,0,77000,29000,48000,48000
048316,可成凱基93購15  ,0,0,0,0,0,0,0,0,0,48000,0,0,0,83000,35000,48000,48000
048376,台達電元富93購01,0,0,0,0,0,0,0,0,0,48000,0,0,0,48000,0,48000,48000
048436,聯茂日盛93購01  ,0,0,0,0,0,0,0,0,0,48000,0,0,0,48000,0,48000,48000
051111,可成統一95購02  ,0,0,0,0,0,0,0,0,0,48000,0,0,0,48000,0,48000,48000
051841,南茂國泰96購01  ,0,0,0,0,0,0,0,0,0,48000,0,0,0,48000,0,48000,48000
052251,台光電永豐95購03,0,0,0,0,0,0,0,0,0,48000,0,0,0,48000,0,48000,48000
052604,建準元大97購01  ,0,0,0,0,0,0,0,0,0,48000,0,0,0,75000,27000,48000,48000
1711,永光            ,49000,1000,48000,0,0,0,0,0,0,0,0,0,0,0,0,0,48000
06161P,聯發科群益97售03,0,0,0,0,0,0,0,0,0,48000,0,0,0,263000,215000,48000,48000
06039P,亞光台新96售03  ,0,0,0,0,0,0,0,0,0,48000,0,0,0,60000,12000,48000,48000
048619,台表科凱基93購07,0,0,0,0,0,0,0,0,0,47000,0,0,0,59000,12000,47000,47000
048974,日電貿元大94購01,0,0,0,0,0,0,0,0,0,47000,0,0,0,50000,3000,47000,47000
048825,華新科凱基94購05,0,0,0,0,0,0,0,0,0,47000,0,0,0,62000,15000,47000,47000
047751,玉山金元富93購01,0,0,0,0,0,0,0,0,0,47000,0,0,0,49000,2000,47000,47000
050058,國巨凱基94購06  ,0,0,0,0,0,0,0,0,0,47000,0,0,0,63000,16000,47000,47000
050197,矽格元大94購04  ,0,0,0,0,0,0,0,0,0,47000,0,0,0,131000,84000,47000,47000
052173,廣達元大95購02  ,0,0,0,0,0,0,0,0,0,47000,0,0,0,50000,3000,47000,47000
051691,台表科凱基95購01,0,0,0,0,0,0,0,0,0,47000,0,0,0,62000,15000,47000,47000
051501,康友群益95購02  ,0,0,0,0,0,0,0,0,0,47000,0,0,0,47000,0,47000,47000
050848,日月光國票95購01,0,0,0,0,0,0,0,0,0,47000,0,0,0,273000,226000,47000,47000
05062P,大立光富邦98售03,0,0,0,0,0,0,0,0,0,47000,0,0,0,62000,15000,47000,47000
1457,宜進            ,52000,5000,47000,0,0,0,0,0,0,0,0,0,0,0,0,0,47000
3030,德律            ,77000,13000,64000,0,0,0,0,0,0,-17000,0,17000,-17000,0,0,0,47000
053874,台表科元大96購05,0,0,0,0,0,0,0,0,0,46000,0,0,0,80000,34000,46000,46000
055500,京鼎元大97購04  ,0,0,0,0,0,0,0,0,0,46000,0,0,0,66000,20000,46000,46000
055169,光罩統一99購01  ,0,0,0,0,0,0,0,0,0,46000,0,0,0,46000,0,46000,46000
04455P,台積電統一94售07,0,0,0,0,0,0,0,0,0,46000,0,0,0,95000,49000,46000,46000
045108,康友群益93購02  ,0,0,0,0,0,0,0,0,0,46000,0,0,0,46000,0,46000,46000
04327P,台積電國泰95售01,0,0,0,0,0,0,0,0,0,46000,0,0,0,111000,65000,46000,46000
050394,大立光元富94購09,0,0,0,0,0,0,0,0,0,46000,0,0,0,50000,4000,46000,46000
05040P,聯發科凱基95售05,0,0,0,0,0,0,0,0,0,46000,0,0,0,46000,0,46000,46000
049712,為升凱基94購03  ,0,0,0,0,0,0,0,0,0,46000,0,0,0,58000,12000,46000,46000
047404,香港2X統一94購01,0,0,0,0,0,0,0,0,0,46000,0,0,0,57000,11000,46000,46000
048949,昇陽半永豐94購01,0,0,0,0,0,0,0,0,0,46000,0,0,0,46000,0,46000,46000
050590,晶技永豐95購01  ,0,0,0,0,0,0,0,0,0,46000,0,0,0,46000,0,46000,46000
051506,台積電元富95購06,0,0,0,0,0,0,0,0,0,46000,0,0,0,484000,438000,46000,46000
053099,正崴元富96購01  ,0,0,0,0,0,0,0,0,0,46000,0,0,0,71000,25000,46000,46000
052845,旺宏統一97購01  ,0,0,0,0,0,0,0,0,0,46000,0,0,0,46000,0,46000,46000
2881A,富邦特          ,15000,0,15000,0,0,0,0,0,0,31000,31000,0,31000,0,0,0,46000
6177,達麗            ,50000,4000,46000,0,0,0,0,0,0,0,0,0,0,0,0,0,46000
06110P,國巨國泰98售02  ,0,0,0,0,0,0,0,0,0,46000,0,0,0,146000,100000,46000,46000
05849P,臺股指元大96售25,0,0,0,0,0,0,0,0,0,46000,0,0,0,46000,0,46000,46000
05914P,友達元大96售04  ,0,0,0,0,0,0,0,0,0,46000,0,0,0,300000,254000,46000,46000
054974,台表科元大98購02,0,0,0,0,0,0,0,0,0,45000,0,0,0,45000,0,45000,45000
054770,健策國票98購01  ,0,0,0,0,0,0,0,0,0,45000,0,0,0,48000,3000,45000,45000
054871,明泰群益98購01  ,0,0,0,0,0,0,0,0,0,45000,0,0,0,45000,0,45000,45000
055331,國巨兆豐99購01  ,0,0,0,0,0,0,0,0,0,45000,0,0,0,56000,11000,45000,45000
053579,華通元大97購01  ,0,0,0,0,0,0,0,0,0,45000,0,0,0,45000,0,45000,45000
04325P,創意元大93售06  ,0,0,0,0,0,0,0,0,0,45000,0,0,0,102000,57000,45000,45000
04399P,樺漢群益94售01  ,0,0,0,0,0,0,0,0,0,45000,0,0,0,100000,55000,45000,45000
046650,台表科國泰94購01,0,0,0,0,0,0,0,0,0,45000,0,0,0,45000,0,45000,45000
049898,緯穎統一95購01  ,0,0,0,0,0,0,0,0,0,45000,0,0,0,55000,10000,45000,45000
049880,健策永豐94購02  ,0,0,0,0,0,0,0,0,0,45000,0,0,0,50000,5000,45000,45000
048033,大立光凱基93購28,0,0,0,0,0,0,0,0,0,45000,0,0,0,55000,10000,45000,45000
045882,滬深2X元大95購01,0,0,0,0,0,0,0,0,0,45000,0,0,0,70000,25000,45000,45000
048953,佳世達康和94購01,0,0,0,0,0,0,0,0,0,45000,0,0,0,45000,0,45000,45000
048607,上銀凱基93購11  ,0,0,0,0,0,0,0,0,0,45000,0,0,0,50000,5000,45000,45000
048435,致新國票93購01  ,0,0,0,0,0,0,0,0,0,45000,0,0,0,45000,0,45000,45000
047705,燿華凱基94購01  ,0,0,0,0,0,0,0,0,0,45000,0,0,0,45000,0,45000,45000
048193,旺宏元大94購05  ,0,0,0,0,0,0,0,0,0,45000,0,0,0,91000,46000,45000,45000
049793,為升元大94購04  ,0,0,0,0,0,0,0,0,0,45000,0,0,0,182000,137000,45000,45000
048324,訊芯凱基93購03  ,0,0,0,0,0,0,0,0,0,45000,0,0,0,168000,123000,45000,45000
04826P,華新科麥證95售01,0,0,0,46000,1000,45000,0,0,0,45000,0,0,0,46000,1000,45000,45000
049073,光罩凱基94購01  ,0,0,0,0,0,0,0,0,0,45000,0,0,0,71000,26000,45000,45000
047546,瑞昱凱基93購06  ,0,0,0,0,0,0,0,0,0,45000,0,0,0,53000,8000,45000,45000
046918,台光電永豐93購02,0,0,0,0,0,0,0,0,0,45000,0,0,0,45000,0,45000,45000
050155,華新科群益95購01,0,0,0,0,0,0,0,0,0,45000,0,0,0,103000,58000,45000,45000
052988,智易元大96購02  ,0,0,0,0,0,0,0,0,0,45000,0,0,0,50000,5000,45000,45000
053072,國巨台新97購01  ,0,0,0,0,0,0,0,0,0,45000,0,0,0,300000,255000,45000,45000
053138,華邦電富邦96購01,0,0,0,0,0,0,0,0,0,45000,0,0,0,56000,11000,45000,45000
052623,台郡兆豐96購01  ,0,0,0,0,0,0,0,0,0,45000,0,0,0,45000,0,45000,45000
05246P,南電元大95售04  ,0,0,0,0,0,0,0,0,0,45000,0,0,0,50000,5000,45000,45000
052386,鴻海群益96購02  ,0,0,0,0,0,0,0,0,0,45000,0,0,0,65000,20000,45000,45000
05987P,健策統一96售02  ,0,0,0,0,0,0,0,0,0,45000,0,0,0,45000,0,45000,45000
2614,東森            ,49000,4000,45000,0,0,0,0,0,0,0,0,0,0,0,0,0,45000
2436,偉詮電          ,68000,16000,52000,0,0,0,0,0,0,-7000,7000,14000,-7000,0,0,0,45000
053385,聯詠元大96購02  ,0,0,0,0,0,0,0,0,0,44000,0,0,0,50000,6000,44000,44000
054096,佳世達國票97購01,0,0,0,0,0,0,0,0,0,44000,0,0,0,44000,0,44000,44000
054452,華通亞東96購01  ,0,0,0,0,0,0,0,0,0,44000,0,0,0,44000,0,44000,44000
055291,京鼎元大97購02  ,0,0,0,0,0,0,0,0,0,44000,0,0,0,77000,33000,44000,44000
055418,華通永豐97購01  ,0,0,0,0,0,0,0,0,0,44000,0,0,0,71000,27000,44000,44000
054874,帆宣群益99購02  ,0,0,0,0,0,0,0,0,0,44000,0,0,0,44000,0,44000,44000
055261,帆宣統一98購01  ,0,0,0,0,0,0,0,0,0,44000,0,0,0,67000,23000,44000,44000
045968,貿聯凱基92購03  ,0,0,0,0,0,0,0,0,0,44000,0,0,0,50000,6000,44000,44000
045798,華邦電亞東93購02,0,0,0,0,0,0,0,0,0,44000,0,0,0,44000,0,44000,44000
049917,華新科元大94購02,0,0,0,0,0,0,0,0,0,44000,0,0,0,44000,0,44000,44000
046190,宏盛凱基92購01  ,0,0,0,0,0,0,0,0,0,44000,0,0,0,44000,0,44000,44000
044402,景碩凱基93購01  ,0,0,0,0,0,0,0,0,0,44000,0,0,0,61000,17000,44000,44000
050346,康友元富94購03  ,0,0,0,0,0,0,0,0,0,44000,0,0,0,44000,0,44000,44000
050457,力成元大94購01  ,0,0,0,0,0,0,0,0,0,44000,0,0,0,83000,39000,44000,44000
050498,為升凱基94購07  ,0,0,0,0,0,0,0,0,0,44000,0,0,0,144000,100000,44000,44000
048386,華新國票94購01  ,0,0,0,0,0,0,0,0,0,44000,0,0,0,44000,0,44000,44000
048406,欣興群益93購09  ,0,0,0,0,0,0,0,0,0,44000,0,0,0,44000,0,44000,44000
049829,裕民凱基94購01  ,0,0,0,0,0,0,0,0,0,44000,0,0,0,44000,0,44000,44000
047343,台達電中信95購01,0,0,0,0,0,0,0,0,0,44000,0,0,0,204000,160000,44000,44000
048591,台郡兆豐94購01  ,0,0,0,0,0,0,0,0,0,44000,0,0,0,47000,3000,44000,44000
048989,矽格元大94購02  ,0,0,0,0,0,0,0,0,0,44000,0,0,0,88000,44000,44000,44000
05203P,華新科元大95售10,0,0,0,0,0,0,0,0,0,44000,0,0,0,465000,421000,44000,44000
051300,台光電凱基96購02,0,0,0,0,0,0,0,0,0,44000,0,0,0,79000,35000,44000,44000
051402,玉晶光永豐95購04,0,0,0,0,0,0,0,0,0,44000,0,0,0,85000,41000,44000,44000
051965,傳奇永豐95購01  ,0,0,0,0,0,0,0,0,0,44000,0,0,0,54000,10000,44000,44000
050760,矽力元富94購03  ,0,0,0,0,0,0,0,0,0,44000,0,0,0,44000,0,44000,44000
051202,智邦麥證95購01  ,0,0,0,79000,35000,44000,0,0,0,44000,0,0,0,79000,35000,44000,44000
050238,瑞昱凱基94購05  ,0,0,0,0,0,0,0,0,0,44000,0,0,0,55000,11000,44000,44000
050264,聯發科元大94購13,0,0,0,0,0,0,0,0,0,44000,0,0,0,197000,153000,44000,44000
05961P,鴻海群益97售01  ,0,0,0,0,0,0,0,0,0,44000,0,0,0,49000,5000,44000,44000
054869,新光金群益97購01,0,0,0,0,0,0,0,0,0,43000,0,0,0,43000,0,43000,43000
054831,緯穎國泰98購01  ,0,0,0,0,0,0,0,0,0,43000,0,0,0,74000,31000,43000,43000
054766,智原國票98購01  ,0,0,0,0,0,0,0,0,0,43000,0,0,0,59000,16000,43000,43000
05476P,聯發科群益95售06,0,0,0,0,0,0,0,0,0,43000,0,0,0,123000,80000,43000,43000
054291,高鐵元大97購01  ,0,0,0,0,0,0,0,0,0,43000,0,0,0,50000,7000,43000,43000
053456,大立光元富96購04,0,0,0,0,0,0,0,0,0,43000,0,0,0,98000,55000,43000,43000
045093,台表科元大93購02,0,0,0,0,0,0,0,0,0,43000,0,0,0,43000,0,43000,43000
04972P,緯穎元富94售03  ,0,0,0,0,0,0,0,0,0,43000,0,0,0,43000,0,43000,43000
049341,旺宏統一95購01  ,0,0,0,0,0,0,0,0,0,43000,0,0,0,43000,0,43000,43000
049617,光罩群益94購03  ,0,0,0,0,0,0,0,0,0,43000,0,0,0,48000,5000,43000,43000
05158P,華通永豐95售01  ,0,0,0,0,0,0,0,0,0,43000,0,0,0,80000,37000,43000,43000
051336,智原永豐95購01  ,0,0,0,0,0,0,0,0,0,43000,0,0,0,131000,88000,43000,43000
051355,聯發科元大96購01,0,0,0,0,0,0,0,0,0,43000,0,0,0,501000,458000,43000,43000
052184,台光電群益95購03,0,0,0,0,0,0,0,0,0,43000,0,0,0,81000,38000,43000,43000
054278,晶技群益97購02  ,0,0,0,0,0,0,0,0,0,42000,0,0,0,42000,0,42000,42000
054119,燿華永豐96購05  ,0,0,0,0,0,0,0,0,0,42000,0,0,0,42000,0,42000,42000
055405,華泰國泰98購01  ,0,0,0,0,0,0,0,0,0,42000,0,0,0,65000,23000,42000,42000
055440,矽力國票98購01  ,0,0,0,0,0,0,0,0,0,42000,0,0,0,67000,25000,42000,42000
05636P,國巨永豐96售03  ,0,0,0,0,0,0,0,0,0,42000,0,0,0,42000,0,42000,42000
04446P,元油2X凱基94售03,0,0,0,0,0,0,0,0,0,42000,0,0,0,42000,0,42000,42000
03769P,聯發科元大93售04,0,0,0,0,0,0,0,0,0,42000,0,0,0,1011000,969000,42000,42000
03639P,祥碩凱基93售05  ,0,0,0,0,0,0,0,0,0,42000,0,0,0,42000,0,42000,42000
049753,傳奇永豐94購01  ,0,0,0,0,0,0,0,0,0,42000,0,0,0,42000,0,42000,42000
050425,國巨凱基94購12  ,0,0,0,0,0,0,0,0,0,42000,0,0,0,71000,29000,42000,42000
047123,中石化中信95購01,0,0,0,0,0,0,0,0,0,42000,0,0,0,52000,10000,42000,42000
048503,百和元大93購02  ,0,0,0,0,0,0,0,0,0,42000,0,0,0,53000,11000,42000,42000
049263,大立光元大94購10,0,0,0,0,0,0,0,0,0,42000,0,0,0,42000,0,42000,42000
048795,復盛元大94購01  ,0,0,0,0,0,0,0,0,0,42000,0,0,0,42000,0,42000,42000
049502,訊芯元大94購01  ,0,0,0,0,0,0,0,0,0,42000,0,0,0,43000,1000,42000,42000
04745P,祥碩元大94售04  ,0,0,0,0,0,0,0,0,0,42000,0,0,0,282000,240000,42000,42000
052261,台泥第一95購01  ,0,0,0,0,0,0,0,0,0,42000,0,0,0,52000,10000,42000,42000
052278,國巨凱基95購06  ,0,0,0,0,0,0,0,0,0,42000,0,0,0,53000,11000,42000,42000
052300,力成台新95購01  ,0,0,0,0,0,0,0,0,0,42000,0,0,0,84000,42000,42000,42000
051988,台光電元大95購01,0,0,0,0,0,0,0,0,0,42000,0,0,0,137000,95000,42000,42000
052378,矽力元大96購01  ,0,0,0,0,0,0,0,0,0,42000,0,0,0,75000,33000,42000,42000
052611,力成元大96購02  ,0,0,0,0,0,0,0,0,0,42000,0,0,0,72000,30000,42000,42000
053226,國巨台新97購02  ,0,0,0,0,0,0,0,0,0,42000,0,0,0,42000,0,42000,42000
051749,矽力國泰97購01  ,0,0,0,0,0,0,0,0,0,42000,0,0,0,54000,12000,42000,42000
050785,全新國泰96購01  ,0,0,0,0,0,0,0,0,0,42000,0,0,0,42000,0,42000,42000
05851P,力山群益97售01  ,0,0,0,0,0,0,0,0,0,42000,0,0,0,42000,0,42000,42000
1315,達新            ,100000,58000,42000,0,0,0,0,0,0,0,0,0,0,0,0,0,42000
2402,毅嘉            ,81000,36000,45000,0,0,0,0,0,0,-3000,0,3000,-3000,0,0,0,42000
054806,台化元大9A購01  ,0,0,0,0,0,0,0,0,0,41000,0,0,0,41000,0,41000,41000
05488P,臺股指凱基95售21,0,0,0,0,0,0,0,0,0,41000,0,0,0,41000,0,41000,41000
054334,超眾永豐96購04  ,0,0,0,0,0,0,0,0,0,41000,0,0,0,49000,8000,41000,41000
053443,智邦凱基97購01  ,0,0,0,0,0,0,0,0,0,41000,0,0,0,74000,33000,41000,41000
04358P,TPK永豐94售01   ,0,0,0,0,0,0,0,0,0,41000,0,0,0,41000,0,41000,41000
03026X,元展23          ,0,0,0,0,0,0,0,0,0,41000,0,0,0,41000,0,41000,41000
00733,富邦臺灣中小    ,0,0,0,0,0,0,0,0,0,41000,0,0,0,230000,189000,41000,41000
04434P,玉晶光國票96售02,0,0,0,0,0,0,0,0,0,41000,0,0,0,377000,336000,41000,41000
04404P,玉晶光國票94售01,0,0,0,0,0,0,0,0,0,41000,0,0,0,51000,10000,41000,41000
044800,華邦電凱基93購02,0,0,0,0,0,0,0,0,0,41000,0,0,0,41000,0,41000,41000
047495,新日興元富96購01,0,0,0,0,0,0,0,0,0,41000,0,0,0,106000,65000,41000,41000
048494,瑞昱元大93購13  ,0,0,0,0,0,0,0,0,0,41000,0,0,0,70000,29000,41000,41000
050539,鴻海凱基95購07  ,0,0,0,0,0,0,0,0,0,41000,0,0,0,41000,0,41000,41000
050817,可成凱基95購01  ,0,0,0,0,0,0,0,0,0,41000,0,0,0,46000,5000,41000,41000
051939,同欣電群益97購01,0,0,0,0,0,0,0,0,0,41000,0,0,0,165000,124000,41000,41000
052944,宏達電國票97購01,0,0,0,0,0,0,0,0,0,41000,0,0,0,101000,60000,41000,41000
052570,華新科凱基96購06,0,0,0,0,0,0,0,0,0,41000,0,0,0,51000,10000,41000,41000
052463,聯電統一96購01  ,0,0,0,0,0,0,0,0,0,41000,0,0,0,41000,0,41000,41000
3607,谷崧            ,50000,9000,41000,0,0,0,0,0,0,0,0,0,0,0,0,0,41000
8463,潤泰材          ,67000,21000,46000,0,0,0,0,0,0,-5000,0,5000,-5000,0,0,0,41000
053448,智易凱基96購03  ,0,0,0,0,0,0,0,0,0,40000,0,0,0,40000,0,40000,40000
053576,智原元富96購01  ,0,0,0,0,0,0,0,0,0,40000,0,0,0,55000,15000,40000,40000
053696,日月光元大96購05,0,0,0,0,0,0,0,0,0,40000,0,0,0,70000,30000,40000,40000
05380P,鴻海群益95售11  ,0,0,0,0,0,0,0,0,0,40000,0,0,0,40000,0,40000,40000
054194,國巨麥證96購02  ,0,0,0,40000,0,40000,0,0,0,40000,0,0,0,40000,0,40000,40000
055222,臺股指凱基97購05,0,0,0,0,0,0,0,0,0,40000,0,0,0,70000,30000,40000,40000
055202,神達群益97購01  ,0,0,0,0,0,0,0,0,0,40000,0,0,0,70000,30000,40000,40000
05675P,美律群益97售01  ,0,0,0,0,0,0,0,0,0,40000,0,0,0,40000,0,40000,40000
05678P,群創群益97售01  ,0,0,0,0,0,0,0,0,0,40000,0,0,0,40000,0,40000,40000
055453,華邦電元富97購01,0,0,0,0,0,0,0,0,0,40000,0,0,0,40000,0,40000,40000
05536P,奇力新元大96售03,0,0,0,0,0,0,0,0,0,40000,0,0,0,41000,1000,40000,40000
046791,台郡統一96購01  ,0,0,0,0,0,0,0,0,0,40000,0,0,0,72000,32000,40000,40000
044758,玉山金凱基93購01,0,0,0,0,0,0,0,0,0,40000,0,0,0,40000,0,40000,40000
044770,漢唐元大93購02  ,0,0,0,0,0,0,0,0,0,40000,0,0,0,50000,10000,40000,40000
049888,智邦國泰96購01  ,0,0,0,0,0,0,0,0,0,40000,0,0,0,111000,71000,40000,40000
050028,華新科元大94購03,0,0,0,0,0,0,0,0,0,40000,0,0,0,40000,0,40000,40000
045148,友達凱基92購01  ,0,0,0,0,0,0,0,0,0,40000,0,0,0,40000,0,40000,40000
045634,友達凱基93購02  ,0,0,0,0,0,0,0,0,0,40000,0,0,0,40000,0,40000,40000
046480,群創元富96購01  ,0,0,0,0,0,0,0,0,0,40000,0,0,0,52000,12000,40000,40000
046187,友達凱基93購03  ,0,0,0,0,0,0,0,0,0,40000,0,0,0,40000,0,40000,40000
046097,冠德國票92購02  ,0,0,0,0,0,0,0,0,0,40000,0,0,0,40000,0,40000,40000
046237,南電元大92購02  ,0,0,0,0,0,0,0,0,0,40000,0,0,0,40000,0,40000,40000
045660,欣興富邦93購03  ,0,0,0,0,0,0,0,0,0,40000,0,0,0,40000,0,40000,40000
044158,景碩永豐91購01  ,0,0,0,0,0,0,0,0,0,40000,0,0,0,40000,0,40000,40000
044369,全新永豐91購03  ,0,0,0,0,0,0,0,0,0,40000,0,0,0,40000,0,40000,40000
042516,健策凱基93購01  ,0,0,0,0,0,0,0,0,0,40000,0,0,0,40000,0,40000,40000
045478,世紀鋼元大93購02,0,0,0,0,0,0,0,0,0,40000,0,0,0,40000,0,40000,40000
044916,美律永豐91購03  ,0,0,0,0,0,0,0,0,0,40000,0,0,0,60000,20000,40000,40000
044986,上銀統一92購01  ,70000,0,70000,0,0,0,0,0,0,-30000,0,0,0,40000,70000,-30000,40000
045424,友達凱基92購02  ,0,0,0,0,0,0,0,0,0,40000,0,0,0,40000,0,40000,40000
03925P,大立光群益93售08,0,0,0,0,0,0,0,0,0,40000,0,0,0,40000,0,40000,40000
043282,美律元大92購02  ,0,0,0,0,0,0,0,0,0,40000,0,0,0,40000,0,40000,40000
03748P,大立光凱基93售14,0,0,0,0,0,0,0,0,0,40000,0,0,0,40000,0,40000,40000
044218,禾伸堂凱基91購01,0,0,0,0,0,0,0,0,0,40000,0,0,0,40000,0,40000,40000
050463,百和元大94購04  ,0,1000,-1000,0,0,0,0,0,0,41000,0,0,0,41000,0,41000,40000
04697P,臺股指元富94售03,0,0,0,0,0,0,0,0,0,40000,0,0,0,40000,0,40000,40000
049736,宏達電群益95購03,0,0,0,0,0,0,0,0,0,40000,0,0,0,40000,0,40000,40000
046933,台泥元富93購01  ,0,0,0,0,0,0,0,0,0,40000,0,0,0,40000,0,40000,40000
046880,瑞昱永昌93購01  ,0,0,0,0,0,0,0,0,0,40000,0,0,0,40000,0,40000,40000
048889,牧德元富94購03  ,0,0,0,0,0,0,0,0,0,40000,0,0,0,70000,30000,40000,40000
049189,訊芯康和94購01  ,0,0,0,0,0,0,0,0,0,40000,0,0,0,40000,0,40000,40000
048690,美律群益94購01  ,0,0,0,0,0,0,0,0,0,40000,0,0,0,40000,0,40000,40000
049563,華新統一95購01  ,0,0,0,0,0,0,0,0,0,40000,0,0,0,40000,0,40000,40000
047485,景碩凱基94購01  ,0,0,0,0,0,0,0,0,0,40000,0,0,0,40000,0,40000,40000
047833,全新元大94購02  ,0,0,0,0,0,0,0,0,0,40000,0,0,0,40000,0,40000,40000
049513,宏達電凱基94購03,0,0,0,0,0,0,0,0,0,40000,0,0,0,40000,0,40000,40000
049473,光罩永豐94購03  ,0,0,0,0,0,0,0,0,0,40000,0,0,0,40000,0,40000,40000
049456,上海銀統一94購03,0,0,0,0,0,0,0,0,0,40000,0,0,0,84000,44000,40000,40000
047415,欣興永昌93購01  ,0,0,0,0,0,0,0,0,0,40000,0,0,0,85000,45000,40000,40000
052373,鴻海元大95購22  ,0,0,0,0,0,0,0,0,0,40000,0,0,0,40000,0,40000,40000
052391,瑞儀群益95購01  ,0,0,0,0,0,0,0,0,0,40000,0,0,0,61000,21000,40000,40000
052927,友達元大98購02  ,0,0,0,0,0,0,0,0,0,40000,0,0,0,40000,0,40000,40000
053203,智易日盛96購01  ,0,0,0,0,0,0,0,0,0,40000,0,0,0,55000,15000,40000,40000
053257,華通富邦97購01  ,0,0,0,0,0,0,0,0,0,40000,0,0,0,110000,70000,40000,40000
051699,世紀鋼麥證95購01,0,0,0,40000,0,40000,0,0,0,40000,0,0,0,40000,0,40000,40000
050858,欣興台新95購01  ,0,0,0,0,0,0,0,0,0,40000,0,0,0,45000,5000,40000,40000
051027,楠梓電元富95購01,0,0,0,0,0,0,0,0,0,40000,0,0,0,40000,0,40000,40000
051207,聯茂麥證95購01  ,0,0,0,40000,0,40000,0,0,0,40000,0,0,0,40000,0,40000,40000
06191P,鴻海群益97售03  ,0,0,0,0,0,0,0,0,0,40000,0,0,0,40000,0,40000,40000
2887,台新金          ,5917297,5242656,674641,0,0,0,0,0,0,-635000,1000,625000,-624000,25000,36000,-11000,39641
054759,台化國票98購01  ,0,0,0,0,0,0,0,0,0,39000,0,0,0,39000,0,39000,39000
054143,茂林元大96購04  ,0,0,0,0,0,0,0,0,0,39000,0,0,0,108000,69000,39000,39000
054419,嘉聯益元大98購02,0,0,0,0,0,0,0,0,0,39000,0,0,0,70000,31000,39000,39000
053730,樺漢凱基98購01  ,0,0,0,0,0,0,0,0,0,39000,0,0,0,76000,37000,39000,39000
045058,華邦電國泰94購01,0,0,0,0,0,0,0,0,0,39000,0,0,0,71000,32000,39000,39000
042977,京元電凱基92購01,0,0,0,0,0,0,0,0,0,39000,0,0,0,40000,1000,39000,39000
04599P,南亞科凱基94售03,0,0,0,0,0,0,0,0,0,39000,0,0,0,69000,30000,39000,39000
045636,京元電凱基92購03,0,0,0,0,0,0,0,0,0,39000,0,0,0,40000,1000,39000,39000
045638,強茂凱基93購02  ,0,0,0,0,0,0,0,0,0,39000,0,0,0,120000,81000,39000,39000
046787,和鑫永豐93購01  ,0,0,0,0,0,0,0,0,0,39000,0,0,0,39000,0,39000,39000
048091,漢唐凱基93購03  ,0,0,0,0,0,0,0,0,0,39000,0,0,0,39000,0,39000,39000
049249,台達電元大94購05,0,0,0,0,0,0,0,0,0,39000,0,0,0,40000,1000,39000,39000
048937,玉晶光永豐95購01,0,0,0,0,0,0,0,0,0,39000,0,0,0,71000,32000,39000,39000
046877,燿華國泰94購01  ,0,0,0,0,0,0,0,0,0,39000,0,0,0,39000,0,39000,39000
048295,泰鼎群益93購01  ,0,0,0,0,0,0,0,0,0,39000,0,0,0,213000,174000,39000,39000
049315,上緯控凱基94購03,0,0,0,0,0,0,0,0,0,39000,0,0,0,39000,0,39000,39000
047040,台勝科群益93購01,0,0,0,0,0,0,0,0,0,39000,0,0,0,109000,70000,39000,39000
050411,聯發科永豐94購05,0,0,0,0,0,0,0,0,0,39000,0,0,0,125000,86000,39000,39000
051102,訊芯元大96購01  ,0,0,0,0,0,0,0,0,0,39000,0,0,0,136000,97000,39000,39000
051690,超眾凱基95購03  ,0,0,0,0,0,0,0,0,0,39000,0,0,0,39000,0,39000,39000
051906,國巨元大95購09  ,0,0,0,0,0,0,0,0,0,39000,0,0,0,41000,2000,39000,39000
051936,力山群益95購02  ,0,0,0,0,0,0,0,0,0,39000,0,0,0,39000,0,39000,39000
051289,大立光統一96購01,0,0,0,0,0,0,0,0,0,39000,0,0,0,136000,97000,39000,39000
052995,上銀康和96購01  ,0,0,0,0,0,0,0,0,0,39000,0,0,0,70000,31000,39000,39000
052771,GIS群益96購01   ,0,0,0,0,0,0,0,0,0,39000,0,0,0,50000,11000,39000,39000
3048,益登            ,61000,24000,37000,0,0,0,0,0,0,2000,4000,2000,2000,0,0,0,39000
053965,聯電元大98購04  ,0,0,0,0,0,0,0,0,0,38000,0,0,0,138000,100000,38000,38000
054706,TPK亞東97購01   ,0,0,0,0,0,0,0,0,0,38000,0,0,0,38000,0,38000,38000
054934,金寶元大97購01  ,0,0,0,0,0,0,0,0,0,38000,0,0,0,88000,50000,38000,38000
054846,瑞昱兆豐97購01  ,0,0,0,0,0,0,0,0,0,38000,0,0,0,48000,10000,38000,38000
054881,光罩統一97購01  ,0,0,0,0,0,0,0,0,0,38000,0,0,0,38000,0,38000,38000
055079,台光電中信97購01,0,0,0,0,0,0,0,0,0,38000,0,0,0,179000,141000,38000,38000
055525,國巨群益98購05  ,0,0,0,0,0,0,0,0,0,38000,0,0,0,57000,19000,38000,38000
045741,嘉晶群益92購01  ,0,0,0,0,0,0,0,0,0,38000,0,0,0,85000,47000,38000,38000
045850,嘉澤永豐92購01  ,0,0,0,0,0,0,0,0,0,38000,0,0,0,113000,75000,38000,38000
045137,鴻海兆豐92購02  ,0,0,0,0,0,0,0,0,0,38000,0,0,0,38000,0,38000,38000
046620,智伸科凱基93購01,0,0,0,0,0,0,0,0,0,38000,0,0,0,66000,28000,38000,38000
049715,華泰凱基94購02  ,0,0,0,0,0,0,0,0,0,38000,0,0,0,40000,2000,38000,38000
048935,玉晶光永豐94購04,0,0,0,0,0,0,0,0,0,38000,0,0,0,63000,25000,38000,38000
048542,美利達台新93購01,0,0,0,0,0,0,0,0,0,38000,0,0,0,38000,0,38000,38000
048545,嘉澤永豐93購03  ,0,0,0,0,0,0,0,0,0,38000,0,0,0,184000,146000,38000,38000
047901,復盛群益93購01  ,0,0,0,0,0,0,0,0,0,38000,0,0,0,50000,12000,38000,38000
047771,緯創元大93購01  ,0,0,0,0,0,0,0,0,0,38000,0,0,0,103000,65000,38000,38000
05300P,健策元大95售02  ,0,0,0,0,0,0,0,0,0,38000,0,0,0,80000,42000,38000,38000
053129,緯穎凱基96購01  ,0,0,0,0,0,0,0,0,0,38000,0,0,0,40000,2000,38000,38000
053063,力山群益98購01  ,0,0,0,0,0,0,0,0,0,38000,0,0,0,98000,60000,38000,38000
053077,同欣電永豐96購01,0,0,0,0,0,0,0,0,0,38000,0,0,0,250000,212000,38000,38000
052037,全新國泰96購02  ,0,0,0,0,0,0,0,0,0,38000,0,0,0,38000,0,38000,38000
051784,國巨兆豐95購01  ,0,0,0,0,0,0,0,0,0,38000,0,0,0,63000,25000,38000,38000
051715,和碩台新95購01  ,0,0,0,0,0,0,0,0,0,38000,0,0,0,38000,0,38000,38000
050215,TPK台新96購01   ,0,0,0,0,0,0,0,0,0,38000,0,0,0,38000,0,38000,38000
050869,健策永豐95購01  ,0,0,0,0,0,0,0,0,0,38000,0,0,0,38000,0,38000,38000
05879P,台積電台新96售03,0,0,0,0,0,0,0,0,0,38000,0,0,0,38000,0,38000,38000
055288,日電貿元大97購02,0,0,0,0,0,0,0,0,0,37000,0,0,0,46000,9000,37000,37000
055628,旺宏永豐97購01  ,0,0,0,0,0,0,0,0,0,37000,0,0,0,56000,19000,37000,37000
054540,泰鼎國票99購01  ,0,0,0,0,0,0,0,0,0,37000,0,0,0,38000,1000,37000,37000
044531,欣興富邦93購01  ,0,0,0,0,0,0,0,0,0,37000,0,0,0,384000,347000,37000,37000
046549,康友永豐92購02  ,0,0,0,0,0,0,0,0,0,37000,0,0,0,37000,0,37000,37000
046665,智原元大93購01  ,0,0,0,0,0,0,0,0,0,37000,0,0,0,178000,141000,37000,37000
044433,華新科元大92購06,0,0,0,0,0,0,0,0,0,37000,0,0,0,37000,0,37000,37000
044884,嘉澤群益93購01  ,0,0,0,0,0,0,0,0,0,37000,0,0,0,65000,28000,37000,37000
048165,嘉澤康和93購01  ,0,0,0,0,0,0,0,0,0,37000,0,0,0,37000,0,37000,37000
048137,力成國票93購01  ,0,0,0,0,0,0,0,0,0,37000,0,0,0,75000,38000,37000,37000
049495,欣興元大94購06  ,0,0,0,0,0,0,0,0,0,37000,0,0,0,128000,91000,37000,37000
049156,緯穎元大96購01  ,0,0,0,0,0,0,0,0,0,37000,0,0,0,41000,4000,37000,37000
049703,訊芯元大95購01  ,0,0,0,0,0,0,0,0,0,37000,0,0,0,112000,75000,37000,37000
049381,欣興元大94購05  ,0,0,0,0,0,0,0,0,0,37000,0,0,0,174000,137000,37000,37000
049647,美食凱基94購01  ,0,0,0,0,0,0,0,0,0,37000,0,0,0,37000,0,37000,37000
048358,嘉晶永豐93購03  ,0,0,0,0,0,0,0,0,0,37000,0,0,0,69000,32000,37000,37000
050090,鈺齊康和94購01  ,0,0,0,0,0,0,0,0,0,37000,0,0,0,37000,0,37000,37000
05025P,聯發科群益95售02,0,0,0,0,0,0,0,0,0,37000,0,0,0,74000,37000,37000,37000
2511,太子            ,49690,13000,36690,0,0,0,0,0,0,0,0,0,0,0,0,0,36690
053913,華新國票97購01  ,0,0,0,0,0,0,0,0,0,36000,0,0,0,36000,0,36000,36000
053676,新光金國泰98購02,0,0,0,0,0,0,0,0,0,36000,0,0,0,39000,3000,36000,36000
053766,友達富邦97購01  ,0,0,0,0,0,0,0,0,0,36000,0,0,0,36000,0,36000,36000
053566,大立光富邦99購03,0,0,0,0,0,0,0,0,0,36000,0,0,0,102000,66000,36000,36000
053550,聯發科凱基96購15,0,0,0,0,0,0,0,0,0,36000,0,0,0,342000,306000,36000,36000
055230,大毅國票98購01  ,0,0,0,0,0,0,0,0,0,36000,0,0,0,46000,10000,36000,36000
054841,亞德客兆豐97購01,0,0,0,0,0,0,0,0,0,36000,0,0,0,47000,11000,36000,36000
043272,羅麗芬國泰94購01,0,0,0,0,0,0,0,0,0,36000,0,0,0,36000,0,36000,36000
050023,國巨元大94購12  ,0,0,0,0,0,0,0,0,0,36000,0,0,0,49000,13000,36000,36000
049949,燿華群益96購01  ,0,0,0,0,0,0,0,0,0,36000,0,0,0,36000,0,36000,36000
045078,玉山金元大92購01,0,0,0,0,0,0,0,0,0,36000,0,0,0,36000,0,36000,36000
046567,正崴元富92購01  ,0,0,0,0,0,0,0,0,0,36000,0,0,0,36000,0,36000,36000
046282,全新永豐92購01  ,0,0,0,0,0,0,0,0,0,36000,0,0,0,115000,79000,36000,36000
04769P,高股息元大94售01,0,0,0,0,0,0,0,0,0,36000,0,0,0,36000,0,36000,36000
048928,華新科永豐94購02,0,0,0,0,0,0,0,0,0,36000,0,0,0,251000,215000,36000,36000
048136,聯茂國票93購04  ,0,0,0,0,0,0,0,0,0,36000,0,0,0,36000,0,36000,36000
048000,義隆元大93購03  ,0,0,0,0,0,0,0,0,0,36000,0,0,0,60000,24000,36000,36000
051788,奇力新國票97購02,0,0,0,0,0,0,0,0,0,36000,0,0,0,36000,0,36000,36000
051304,緯創凱基96購01  ,0,0,0,0,0,0,0,0,0,36000,0,0,0,38000,2000,36000,36000
051366,康友國泰97購01  ,0,0,0,0,0,0,0,0,0,36000,0,0,0,235000,199000,36000,36000
9955,佳龍            ,96000,58000,38000,0,0,0,0,0,0,-2000,0,2000,-2000,0,0,0,36000
054776,矽創國票98購01  ,0,0,0,0,0,0,0,0,0,35000,0,0,0,43000,8000,35000,35000
055258,玉晶光統一97購03,0,0,0,0,0,0,0,0,0,35000,0,0,0,80000,45000,35000,35000
055034,建準富邦99購01  ,0,0,0,0,0,0,0,0,0,35000,0,0,0,35000,0,35000,35000
05628P,茂林國票97售02  ,0,0,0,0,0,0,0,0,0,35000,0,0,0,116000,81000,35000,35000
055301,台虹元大97購01  ,0,0,0,0,0,0,0,0,0,35000,0,0,0,35000,0,35000,35000
055380,智易元大98購02  ,0,0,0,0,0,0,0,0,0,35000,0,0,0,35000,0,35000,35000
053588,聯發科元大97購07,0,0,0,0,0,0,0,0,0,35000,0,0,0,107000,72000,35000,35000
053704,國巨群益96購06  ,0,0,0,0,0,0,0,0,0,35000,0,0,0,54000,19000,35000,35000
054527,國巨統一97購03  ,0,0,0,0,0,0,0,0,0,35000,0,0,0,49000,14000,35000,35000
054341,燿華元富96購03  ,0,0,0,0,0,0,0,0,0,35000,0,0,0,35000,0,35000,35000
054353,世紀鋼國泰98購01,0,0,0,0,0,0,0,0,0,35000,0,0,0,36000,1000,35000,35000
054077,中石化中信98購01,0,0,0,0,0,0,0,0,0,35000,0,0,0,35000,0,35000,35000
04516P,台積電群益94售07,0,0,0,0,0,0,0,0,0,35000,0,0,0,45000,10000,35000,35000
045506,麗豐凱基92購02  ,0,0,0,0,0,0,0,0,0,35000,0,0,0,40000,5000,35000,35000
04988P,楠梓電元大94售01,0,0,0,0,0,0,0,0,0,35000,0,0,0,35000,0,35000,35000
046751,鴻海凱基93購18  ,0,0,0,0,0,0,0,0,0,35000,0,0,0,40000,5000,35000,35000
043391,康控元大94購01  ,0,0,0,0,0,0,0,0,0,35000,0,0,0,35000,0,35000,35000
04023P,臺股指元富99售02,0,0,0,0,0,0,0,0,0,35000,0,0,0,45000,10000,35000,35000
03252P,台積電台新02售01,0,0,0,0,0,0,0,0,0,35000,0,0,0,55000,20000,35000,35000
044465,元油2X群益97購01,0,0,0,0,0,0,0,0,0,35000,0,0,0,35000,0,35000,35000
042191,元油2X富邦93購01,0,0,0,0,0,0,0,0,0,35000,0,0,0,100000,65000,35000,35000
044516,景碩凱基93購02  ,0,0,0,0,0,0,0,0,0,35000,0,0,0,50000,15000,35000,35000
048786,瑞昱元大94購02  ,0,0,0,0,0,0,0,0,0,35000,0,0,0,49000,14000,35000,35000
049522,華通兆豐94購02  ,0,0,0,0,0,0,0,0,0,35000,0,0,0,35000,0,35000,35000
048930,慧洋永豐94購01  ,0,0,0,0,0,0,0,0,0,35000,0,0,0,40000,5000,35000,35000
048945,訊連永豐94購01  ,0,0,0,0,0,0,0,0,0,35000,0,0,0,90000,55000,35000,35000
048638,台光電元大94購01,0,0,0,0,0,0,0,0,0,35000,0,0,0,35000,0,35000,35000
049260,華新科元大96購01,0,0,0,0,0,0,0,0,0,35000,0,0,0,37000,2000,35000,35000
047700,華新凱基94購01  ,0,0,0,0,0,0,0,0,0,35000,0,0,0,35000,0,35000,35000
051279,喬山兆豐96購01  ,0,0,0,0,0,0,0,0,0,35000,0,0,0,50000,15000,35000,35000
051865,聯發科凱基96購04,0,0,0,0,0,0,0,0,0,35000,0,0,0,61000,26000,35000,35000
050752,美律統一94購05  ,0,0,0,0,0,0,0,0,0,35000,0,0,0,90000,55000,35000,35000
052269,T50反1日盛9B購01,0,0,0,0,0,0,0,0,0,35000,0,0,0,35000,0,35000,35000
052644,聯發科永豐96購01,0,0,0,0,0,0,0,0,0,35000,0,0,0,154000,119000,35000,35000
052924,旺宏永豐96購01  ,0,0,0,0,0,0,0,0,0,35000,0,0,0,40000,5000,35000,35000
052740,聯發科元大96購07,0,0,0,0,0,0,0,0,0,35000,0,0,0,116000,81000,35000,35000
2444,兆勁            ,43000,8000,35000,0,0,0,0,0,0,0,0,0,0,0,0,0,35000
3004,豐達科          ,37000,2000,35000,0,0,0,0,0,0,0,0,0,0,0,0,0,35000
4576,大銀微系統      ,46000,11000,35000,0,0,0,0,0,0,0,0,0,0,0,0,0,35000
05895P,奇力新群益96售03,0,0,0,0,0,0,0,0,0,35000,0,0,0,87000,52000,35000,35000
06131P,京鼎元富97售02  ,0,0,0,0,0,0,0,0,0,35000,0,0,0,53000,18000,35000,35000
1810,和成            ,38000,3000,35000,0,0,0,0,0,0,0,0,0,0,0,0,0,35000
054307,高鐵凱基98購01  ,0,0,0,0,0,0,0,0,0,34000,0,0,0,39000,5000,34000,34000
053725,晶相光凱基96購01,0,0,0,0,0,0,0,0,0,34000,0,0,0,34000,0,34000,34000
053583,漢唐元大96購03  ,0,0,0,0,0,0,0,0,0,34000,0,0,0,65000,31000,34000,34000
055000,玉晶光元富97購04,0,0,0,0,0,0,0,0,0,34000,0,0,0,34000,0,34000,34000
04476P,玉晶光元大94售05,0,0,0,0,0,0,0,0,0,34000,0,0,0,34000,0,34000,34000
04575P,新日興統一94售02,0,0,0,0,0,0,0,0,0,34000,0,0,0,54000,20000,34000,34000
046813,聯電凱基96購01  ,0,0,0,0,0,0,0,0,0,34000,0,0,0,35000,1000,34000,34000
04993P,上銀兆豐96售01  ,0,0,0,0,0,0,0,0,0,34000,0,0,0,240000,206000,34000,34000
045511,同欣電凱基92購02,0,0,0,0,0,0,0,0,0,34000,0,0,0,56000,22000,34000,34000
047052,大毅國票93購01  ,0,0,0,0,0,0,0,0,0,34000,0,0,0,81000,47000,34000,34000
050098,嘉聯益國泰95購02,0,0,0,0,0,0,0,0,0,34000,0,0,0,219000,185000,34000,34000
047626,全新國票94購01  ,0,0,0,0,0,0,0,0,0,34000,0,0,0,34000,0,34000,34000
049675,台光電國票95購01,0,0,0,0,0,0,0,0,0,34000,0,0,0,63000,29000,34000,34000
053128,瀚宇博凱基96購01,0,0,0,0,0,0,0,0,0,34000,0,0,0,99000,65000,34000,34000
05263P,台積電元大96售09,0,0,0,0,0,0,0,0,0,34000,0,0,0,57000,23000,34000,34000
05249P,臻鼎國票95售01  ,0,0,0,0,0,0,0,0,0,34000,0,0,0,41000,7000,34000,34000
052094,瀚宇博元大96購02,0,0,0,0,0,0,0,0,0,34000,0,0,0,75000,41000,34000,34000
050573,光寶科國票94購01,0,0,0,0,0,0,0,0,0,34000,0,0,0,34000,0,34000,34000
051370,聯詠富邦97購01  ,0,0,0,0,0,0,0,0,0,34000,0,0,0,85000,51000,34000,34000
1319,東陽            ,99000,38000,61000,0,0,0,31000,0,31000,-58000,3000,56000,-53000,0,5000,-5000,34000
054873,帆宣群益99購01  ,0,0,0,0,0,0,0,0,0,33000,0,0,0,33000,0,33000,33000
054920,智原凱基98購01  ,0,0,0,0,0,0,0,0,0,33000,0,0,0,104000,71000,33000,33000
055499,大立光元大98購05,0,0,0,0,0,0,0,0,0,33000,0,0,0,50000,17000,33000,33000
053365,彩晶國泰98購01  ,0,0,0,0,0,0,0,0,0,33000,0,0,0,33000,0,33000,33000
053758,華新科國泰97購02,0,0,0,0,0,0,0,0,0,33000,0,0,0,36000,3000,33000,33000
044071,聯發科永豐91購01,0,0,0,0,0,0,0,0,0,33000,0,0,0,33000,0,33000,33000
049323,百和凱基94購01  ,0,0,0,0,0,0,0,0,0,33000,0,0,0,78000,45000,33000,33000
049074,光罩凱基94購02  ,0,0,0,0,0,0,0,0,0,33000,0,0,0,60000,27000,33000,33000
047072,義隆兆豐94購01  ,0,0,0,0,0,0,0,0,0,33000,0,0,0,372000,339000,33000,33000
050354,瀚宇博群益94購02,0,0,0,0,0,0,0,0,0,33000,0,0,0,33000,0,33000,33000
048942,上緯控永豐94購01,0,0,0,0,0,0,0,0,0,33000,0,0,0,55000,22000,33000,33000
047870,嘉澤永豐93購02  ,0,0,0,0,0,0,0,0,0,33000,0,0,0,79000,46000,33000,33000
051576,台積電元大97購02,0,0,0,0,0,0,0,0,0,33000,0,0,0,33000,0,33000,33000
051647,華新科永豐95購02,0,0,0,0,0,0,0,0,0,33000,0,0,0,38000,5000,33000,33000
050572,大立光中信97購01,0,0,0,0,0,0,0,0,0,33000,0,0,0,36000,3000,33000,33000
052047,建準凱基96購01  ,0,0,0,0,0,0,0,0,0,33000,0,0,0,37000,4000,33000,33000
052383,臺股指元大95購29,0,0,0,0,0,0,0,0,0,33000,0,0,0,36000,3000,33000,33000
6415,矽力-KY         ,380090,339090,41000,0,0,0,74000,71000,3000,-11000,11000,11000,0,1000,12000,-11000,33000
3028,增你強          ,33000,0,33000,0,0,0,0,0,0,0,0,0,0,0,0,0,33000
2453,凌群            ,110000,76000,34000,0,0,0,0,0,0,-1000,0,1000,-1000,0,0,0,33000
054328,台化康和96購01  ,0,0,0,0,0,0,0,0,0,32000,0,0,0,32000,0,32000,32000
054206,鴻海國票99購01  ,0,0,0,0,0,0,0,0,0,32000,0,0,0,58000,26000,32000,32000
054499,台光電永豐96購02,0,0,0,0,0,0,0,0,0,32000,0,0,0,32000,0,32000,32000
055295,瀚宇博元大97購02,0,0,0,0,0,0,0,0,0,32000,0,0,0,170000,138000,32000,32000
03638C,T50反1元大94牛03,0,0,0,0,0,0,0,0,0,32000,0,0,0,32000,0,32000,32000
044302,智邦兆豐93購02  ,0,0,0,0,0,0,0,0,0,32000,0,0,0,40000,8000,32000,32000
047420,全新富邦97購01  ,0,0,0,0,0,0,0,0,0,32000,0,0,0,32000,0,32000,32000
049564,聯電統一94購03  ,0,0,0,0,0,0,0,0,0,32000,0,0,0,32000,0,32000,32000
047689,瑞昱富邦97購01  ,0,0,0,0,0,0,0,0,0,32000,0,0,0,62000,30000,32000,32000
050080,國巨統一94購06  ,0,0,0,0,0,0,0,0,0,32000,0,0,0,32000,0,32000,32000
047617,瑞昱凱基93購07  ,0,0,0,0,0,0,0,0,0,32000,0,0,0,47000,15000,32000,32000
047638,瑞昱元大93購11  ,0,0,0,0,0,0,0,0,0,32000,0,0,0,33000,1000,32000,32000
052578,大立光統一97購01,0,0,0,0,0,0,0,0,0,32000,0,0,0,42000,10000,32000,32000
052072,健策統一95購02  ,0,0,0,0,0,0,0,0,0,32000,0,0,0,119000,87000,32000,32000
050898,智原元大96購01  ,0,0,0,0,0,0,0,0,0,32000,0,0,0,150000,118000,32000,32000
051153,鴻海國泰97購02  ,0,0,0,0,0,0,0,0,0,32000,0,0,0,50000,18000,32000,32000
051644,聯茂康和95購01  ,0,0,0,0,0,0,0,0,0,32000,0,0,0,32000,0,32000,32000
05183P,台積電元富95售07,0,0,0,0,0,0,0,0,0,32000,0,0,0,42000,10000,32000,32000
051959,台郡台新95購03  ,0,0,0,0,0,0,0,0,0,32000,0,0,0,82000,50000,32000,32000
1732,毛寶            ,44000,11000,33000,0,0,0,0,0,0,-1000,0,1000,-1000,0,0,0,32000
05897P,國巨凱基96售12  ,0,0,0,0,0,0,0,0,0,32000,0,0,0,48000,16000,32000,32000
055306,燿華群益97購01  ,0,0,0,0,0,0,0,0,0,31000,0,0,0,87000,56000,31000,31000
055454,華邦電元富97購02,0,0,0,0,0,0,0,0,0,31000,0,0,0,43000,12000,31000,31000
055450,台積電元富97購01,0,0,0,0,0,0,0,0,0,31000,0,0,0,152000,121000,31000,31000
055598,欣興元大97購03  ,0,0,0,0,0,0,0,0,0,31000,0,0,0,97000,66000,31000,31000
054823,祥碩元大97購02  ,0,0,0,0,0,0,0,0,0,31000,0,0,0,90000,59000,31000,31000
05507P,聯茂凱基96售02  ,0,0,0,0,0,0,0,0,0,31000,0,0,0,51000,20000,31000,31000
054178,中磊台新97購01  ,0,0,0,0,0,0,0,0,0,31000,0,0,0,38000,7000,31000,31000
053914,國巨國票96購08  ,0,0,0,0,0,0,0,0,0,31000,0,0,0,74000,43000,31000,31000
053961,揚明光永豐96購04,0,0,0,0,0,0,0,0,0,31000,0,0,0,49000,18000,31000,31000
03643C,臺股指元富99牛04,0,0,0,0,0,0,0,0,0,31000,0,0,0,36000,5000,31000,31000
03716P,大成鋼永豐93售01,0,0,0,0,0,0,0,0,0,31000,0,0,0,31000,0,31000,31000
044863,矽創兆豐93購01  ,0,0,0,0,0,0,0,0,0,31000,0,0,0,31000,0,31000,31000
045535,A50正2群益94購01,0,0,0,0,0,0,0,0,0,31000,0,0,0,71000,40000,31000,31000
04800P,聯茂元大94售08  ,0,0,0,0,0,0,0,0,0,31000,0,0,0,31000,0,31000,31000
050186,京鼎元大94購01  ,0,0,0,0,0,0,0,0,0,31000,0,0,0,37000,6000,31000,31000
050490,上証2X國泰95購01,0,0,0,0,0,0,0,0,0,31000,0,0,0,40000,9000,31000,31000
049546,正崴群益94購01  ,0,0,0,0,0,0,0,0,0,31000,0,0,0,41000,10000,31000,31000
049592,欣興元大96購01  ,0,0,0,0,0,0,0,0,0,31000,0,0,0,55000,24000,31000,31000
048879,瀚宇博國票95購01,0,0,0,0,0,0,0,0,0,31000,0,0,0,31000,0,31000,31000
048777,瀚宇博凱基94購02,0,0,0,0,0,0,0,0,0,31000,0,0,0,62000,31000,31000,31000
053079,世紀鋼永豐96購01,0,0,0,0,0,0,0,0,0,31000,0,0,0,31000,0,31000,31000
05919P,京鼎元大96售03  ,0,0,0,0,0,0,0,0,0,31000,0,0,0,388000,357000,31000,31000
06139P,台積電中信99售02,0,0,0,0,0,0,0,0,0,31000,0,0,0,81000,50000,31000,31000
1762,中化生          ,41000,10000,31000,0,0,0,0,0,0,0,0,0,0,0,0,0,31000
3055,蔚華科          ,63000,32000,31000,0,0,0,0,0,0,0,0,0,0,0,0,0,31000
5388,中磊            ,65000,40000,25000,0,0,0,0,0,0,6000,2000,19000,-17000,28000,5000,23000,31000
053792,百和元大96購01  ,0,0,0,0,0,0,0,0,0,30000,0,0,0,33000,3000,30000,30000
053373,台泥元大96購01  ,0,0,0,0,0,0,0,0,0,30000,0,0,0,40000,10000,30000,30000
054288,華邦電元大96購05,0,0,0,0,0,0,0,0,0,30000,0,0,0,80000,50000,30000,30000
054162,光罩凱基98購01  ,0,0,0,0,0,0,0,0,0,30000,0,0,0,57000,27000,30000,30000
05451P,臺股指元大95售28,0,0,0,0,0,0,0,0,0,30000,0,0,0,30000,0,30000,30000
054611,全新永豐97購01  ,0,0,0,0,0,0,0,0,0,30000,0,0,0,30000,0,30000,30000
054396,日電貿永豐96購02,0,0,0,0,0,0,0,0,0,30000,0,0,0,50000,20000,30000,30000
05440P,緯穎國票96售02  ,0,0,0,0,0,0,0,0,0,30000,0,0,0,30000,0,30000,30000
054442,啟碁台新96購01  ,0,0,0,0,0,0,0,0,0,30000,0,0,0,30000,0,30000,30000
054964,智易元大99購01  ,0,0,0,0,0,0,0,0,0,30000,0,0,0,65000,35000,30000,30000
05531P,臺股指群益96售04,0,0,0,0,0,0,0,0,0,30000,0,0,0,40000,10000,30000,30000
05807P,泰鼎永豐96售03  ,0,0,0,0,0,0,0,0,0,30000,0,0,0,40000,10000,30000,30000
050020,為升元大94購06  ,0,0,0,0,0,0,0,0,0,30000,0,0,0,62000,32000,30000,30000
049878,宏達電永豐94購01,0,0,0,0,0,0,0,0,0,30000,0,0,0,35000,5000,30000,30000
045751,智邦國泰93購01  ,0,0,0,0,0,0,0,0,0,30000,0,0,0,40000,10000,30000,30000
045848,光磊永豐92購01  ,0,0,0,0,0,0,0,0,0,30000,0,0,0,30000,0,30000,30000
045967,日電貿凱基92購01,0,0,0,0,0,0,0,0,0,30000,0,0,0,30000,0,30000,30000
044576,禾伸堂凱基91購03,0,0,0,0,0,0,0,0,0,30000,0,0,0,30000,0,30000,30000
046697,麗豐凱基94購01  ,0,0,0,0,0,0,0,0,0,30000,0,0,0,35000,5000,30000,30000
045527,建準永豐92購01  ,0,0,0,0,0,0,0,0,0,30000,0,0,0,30000,0,30000,30000
045520,嘉聯益元富92購01,0,0,0,0,0,0,0,0,0,30000,0,0,0,30000,0,30000,30000
046501,友達元大92購05  ,0,0,0,0,0,0,0,0,0,30000,0,0,0,30000,0,30000,30000
04508P,臺股指元大94售03,0,0,0,0,0,0,0,0,0,30000,0,0,0,30000,0,30000,30000
045493,台肥凱基92購01  ,0,0,0,0,0,0,0,0,0,30000,0,0,0,30000,0,30000,30000
045310,康友元大92購04  ,0,0,0,0,0,0,0,0,0,30000,0,0,0,30000,0,30000,30000
04571P,華新科國泰95售03,0,0,0,0,0,0,0,0,0,30000,0,0,0,293000,263000,30000,30000
045996,南電富邦94購01  ,0,0,0,0,0,0,0,0,0,30000,0,0,0,45000,15000,30000,30000
044855,南電國泰93購01  ,0,0,0,0,0,0,0,0,0,30000,0,0,0,37000,7000,30000,30000
045041,康舒日盛92購01  ,0,0,0,0,0,0,0,0,0,30000,0,0,0,30000,0,30000,30000
045025,瑞昱國票92購01  ,0,0,0,0,0,0,0,0,0,30000,0,0,0,30000,0,30000,30000
045365,智邦兆豐93購04  ,0,0,0,0,0,0,0,0,0,30000,0,0,0,40000,10000,30000,30000
04314P,聯茂元富93售01  ,0,0,0,0,0,0,0,0,0,30000,0,0,0,30000,0,30000,30000
044129,群創凱基93購02  ,0,0,0,0,0,0,0,0,0,30000,0,0,0,30000,0,30000,30000
044022,健策凱基93購02  ,0,0,0,0,0,0,0,0,0,30000,0,0,0,30000,0,30000,30000
043940,京元電兆豐92購01,0,0,0,0,0,0,0,0,0,30000,0,0,0,30000,0,30000,30000
044512,奇力新凱基93購02,0,0,0,0,0,0,0,0,0,30000,0,0,0,40000,10000,30000,30000
04206P,臺股指元大93售46,0,0,0,0,0,0,0,0,0,30000,0,0,0,30000,0,30000,30000
042227,元油2X永豐93購01,0,0,0,0,0,0,0,0,0,30000,0,0,0,30000,0,30000,30000
042993,葡萄王元大94購01,0,0,0,0,0,0,0,0,0,30000,0,0,0,68000,38000,30000,30000
03768P,聯發科元大93售03,0,0,0,0,0,0,0,0,0,30000,0,0,0,30000,0,30000,30000
03815P,嘉聯益凱基93售03,0,0,0,0,0,0,0,0,0,30000,0,0,0,30000,0,30000,30000
04083P,欣興統一94售01  ,0,0,0,0,0,0,0,0,0,30000,0,0,0,30000,0,30000,30000
044299,南電凱基93購02  ,0,0,0,0,0,0,0,0,0,30000,0,0,0,30000,0,30000,30000
043912,華新科凱基93購01,0,0,0,0,0,0,0,0,0,30000,0,0,0,30000,0,30000,30000
048765,奇力新凱基94購01,0,0,0,0,0,0,0,0,0,30000,0,0,0,30000,0,30000,30000
047400,欣興永豐93購03  ,0,0,0,0,0,0,0,0,0,30000,0,0,0,30000,0,30000,30000
047866,得力永豐93購01  ,0,0,0,0,0,0,0,0,0,30000,0,0,0,80000,50000,30000,30000
047758,康舒元富93購01  ,0,0,0,0,0,0,0,0,0,30000,0,0,0,40000,10000,30000,30000
047199,鴻海元富93購03  ,0,0,0,0,0,0,0,0,0,30000,0,0,0,30000,0,30000,30000
047787,正崴群益93購01  ,0,0,0,0,0,0,0,0,0,30000,0,0,0,48000,18000,30000,30000
047455,儒鴻群益93購03  ,0,0,0,0,0,0,0,0,0,30000,0,0,0,30000,0,30000,30000
047439,漢唐元大95購01  ,0,0,0,0,0,0,0,0,0,30000,0,0,0,30000,0,30000,30000
048230,瀚宇博凱基93購03,0,0,0,0,0,0,0,0,0,30000,0,0,0,30000,0,30000,30000
048497,京元電元大93購02,0,0,0,0,0,0,0,0,0,30000,0,0,0,30000,0,30000,30000
048514,嘉澤凱基93購06  ,0,0,0,0,0,0,0,0,0,30000,0,0,0,238000,208000,30000,30000
049594,揚明光元大95購01,0,0,0,0,0,0,0,0,0,30000,0,0,0,30000,0,30000,30000
048672,日電貿永豐93購02,0,0,0,0,0,0,0,0,0,30000,0,0,0,30000,0,30000,30000
049238,元油2X元富96購08,0,0,0,0,0,0,0,0,0,30000,0,0,0,30000,0,30000,30000
049176,漢唐凱基94購02  ,0,0,0,0,0,0,0,0,0,30000,0,0,0,30000,0,30000,30000
049146,南亞科元大94購02,0,0,0,0,0,0,0,0,0,30000,0,0,0,30000,0,30000,30000
050176,正崴元大94購03  ,0,0,0,0,0,0,0,0,0,30000,0,0,0,56000,26000,30000,30000
050400,臻鼎中信97購01  ,0,0,0,0,0,0,0,0,0,30000,0,0,0,30000,0,30000,30000
050401,鎧勝中信94購01  ,0,0,0,0,0,0,0,0,0,30000,0,0,0,30000,0,30000,30000
050038,金融類元大94購04,0,0,0,0,0,0,0,0,0,30000,0,0,0,30000,0,30000,30000
050157,臻鼎群益94購02  ,0,0,0,0,0,0,0,0,0,30000,0,0,0,30000,0,30000,30000
046942,友達元大99購01  ,0,0,0,0,0,0,0,0,0,30000,0,0,0,40000,10000,30000,30000
046947,禾伸堂元大93購01,0,0,0,0,0,0,0,0,0,30000,0,0,0,30000,0,30000,30000
047058,聯茂國票94購01  ,0,0,0,0,0,0,0,0,0,30000,0,0,0,40000,10000,30000,30000
047022,聯發科元大93購07,0,0,0,0,0,0,0,0,0,30000,0,0,0,30000,0,30000,30000
047612,瑞昱群益93購03  ,0,0,0,0,0,0,0,0,0,30000,0,0,0,50000,20000,30000,30000
047524,瑞昱元大93購10  ,0,0,0,0,0,0,0,0,0,30000,0,0,0,35000,5000,30000,30000
048372,美利達統一93購01,0,0,0,0,0,0,0,0,0,30000,0,0,0,33000,3000,30000,30000
049439,牧德國泰96購01  ,0,0,0,0,0,0,0,0,0,30000,0,0,0,30000,0,30000,30000
049670,鈺齊國泰96購01  ,0,0,0,0,0,0,0,0,0,30000,0,0,0,30000,0,30000,30000
04969P,道瓊銀統一94售02,0,0,0,0,0,0,0,0,0,30000,0,0,0,30000,0,30000,30000
049775,旺宏統一95購02  ,0,0,0,0,0,0,0,0,0,30000,0,0,0,30000,0,30000,30000
05304P,國巨國泰97售02  ,0,0,0,0,0,0,0,0,0,30000,0,0,0,130000,100000,30000,30000
053107,旺宏兆豐97購01  ,0,0,0,0,0,0,0,0,0,30000,0,0,0,30000,0,30000,30000
052853,友達日盛99購01  ,0,0,0,0,0,0,0,0,0,30000,0,0,0,30000,0,30000,30000
052900,大成鋼國票97購01,0,0,0,0,0,0,0,0,0,30000,0,0,0,70000,40000,30000,30000
052971,京元電群益98購01,0,0,0,0,0,0,0,0,0,30000,0,0,0,100000,70000,30000,30000
052121,全新國票96購03  ,0,0,0,0,0,0,0,0,0,30000,0,0,0,30000,0,30000,30000
052002,滬深2X國泰96購01,0,0,0,0,0,0,0,0,0,30000,0,0,0,40000,10000,30000,30000
052006,康友富邦98購01  ,0,0,0,0,0,0,0,0,0,30000,0,0,0,732000,702000,30000,30000
052254,康友永豐95購03  ,0,0,0,0,0,0,0,0,0,30000,0,0,0,153000,123000,30000,30000
052199,鴻海統一95購11  ,0,0,0,0,0,0,0,0,0,30000,0,0,0,30000,0,30000,30000
052630,滬深2X日盛96購01,0,0,0,0,0,0,0,0,0,30000,0,0,0,30000,0,30000,30000
052448,新光金元大96購03,0,0,0,0,0,0,0,0,0,30000,0,0,0,50000,20000,30000,30000
051980,樺漢凱基96購01  ,0,0,0,0,0,0,0,0,0,30000,0,0,0,30000,0,30000,30000
051849,旺宏中信98購01  ,0,0,0,0,0,0,0,0,0,30000,0,0,0,30000,0,30000,30000
051860,為升凱基95購01  ,0,0,0,0,0,0,0,0,0,30000,0,0,0,47000,17000,30000,30000
051875,聯發科兆豐95購04,0,0,0,0,0,0,0,0,0,30000,0,0,0,35000,5000,30000,30000
051794,臻鼎國票96購02  ,0,0,0,0,0,0,0,0,0,30000,0,0,0,30000,0,30000,30000
051360,緯創元大95購03  ,0,0,0,0,0,0,0,0,0,30000,0,0,0,101000,71000,30000,30000
051348,國巨元大95購07  ,0,0,0,0,0,0,0,0,0,30000,0,0,0,38000,8000,30000,30000
051312,國泰金麥證95購01,0,0,0,30000,0,30000,0,0,0,30000,0,0,0,30000,0,30000,30000
051214,大立光統一95購02,0,0,0,0,0,0,0,0,0,30000,0,0,0,120000,90000,30000,30000
050239,廣達凱基94購01  ,0,0,0,0,0,0,0,0,0,30000,0,0,0,37000,7000,30000,30000
050223,聯茂元富94購02  ,0,0,0,0,0,0,0,0,0,30000,0,0,0,30000,0,30000,30000
05064P,台積電元大95售10,0,0,0,0,0,0,0,0,0,30000,0,0,0,30000,0,30000,30000
050694,國巨凱基96購03  ,0,0,0,0,0,0,0,0,0,30000,0,0,0,50000,20000,30000,30000
4976,佳凌            ,47000,9000,38000,0,0,0,0,0,0,-8000,0,8000,-8000,0,0,0,30000
1701,中化            ,36000,6000,30000,0,0,0,0,0,0,0,0,0,0,0,0,0,30000
06157P,聯鈞統一97售02  ,0,0,0,0,0,0,0,0,0,30000,0,0,0,40000,10000,30000,30000
06158P,玉晶光元富97售08,0,0,0,0,0,0,0,0,0,30000,0,0,0,80000,50000,30000,30000
05998P,台積電元大97售12,0,0,0,0,0,0,0,0,0,30000,0,0,0,94000,64000,30000,30000
05856P,A50正2中信99售01,0,0,0,0,0,0,0,0,0,30000,0,0,0,30000,0,30000,30000
054832,興勤中信97購01  ,0,0,0,0,0,0,0,0,0,29000,0,0,0,116000,87000,29000,29000
054224,亞光統一98購01  ,0,0,0,0,0,0,0,0,0,29000,0,0,0,56000,27000,29000,29000
053933,大立光統一96購06,0,0,0,0,0,0,0,0,0,29000,0,0,0,29000,0,29000,29000
00689R,國泰20年美債反1 ,0,0,0,0,0,0,0,0,0,29000,0,0,0,129000,100000,29000,29000
044092,為升統一91購01  ,0,0,0,0,0,0,0,0,0,29000,0,0,0,29000,0,29000,29000
044995,大立光國泰94購01,0,0,0,0,0,0,0,0,0,29000,0,0,0,126000,97000,29000,29000
044966,台表科中信94購01,0,0,0,0,0,0,0,0,0,29000,0,0,0,51000,22000,29000,29000
044875,玉晶光統一93購01,0,0,0,0,0,0,0,0,0,29000,0,0,0,44000,15000,29000,29000
045182,瑞昱統一92購05  ,0,0,0,0,0,0,0,0,0,29000,0,0,0,29000,0,29000,29000
048418,瑞昱統一93購04  ,0,0,0,0,0,0,0,0,0,29000,0,0,0,49000,20000,29000,29000
046844,旺宏永豐93購01  ,0,0,0,0,0,0,0,0,0,29000,0,0,0,48000,19000,29000,29000
04828P,聯發科凱基94售15,0,0,0,0,0,0,0,0,0,29000,0,0,0,30000,1000,29000,29000
050036,矽格元大94購03  ,0,0,0,0,0,0,0,0,0,29000,0,0,0,111000,82000,29000,29000
049033,大成鋼兆豐94購01,0,0,0,0,0,0,0,0,0,29000,0,0,0,285000,256000,29000,29000
047898,嘉澤群益93購02  ,0,0,0,0,0,0,0,0,0,29000,0,0,0,87000,58000,29000,29000
05110P,上銀統一95售01  ,0,0,0,0,0,0,0,0,0,29000,0,0,0,282000,253000,29000,29000
051556,台表科永豐96購01,0,0,0,0,0,0,0,0,0,29000,0,0,0,34000,5000,29000,29000
051493,台郡凱基95購02  ,0,0,0,0,0,0,0,0,0,29000,0,0,0,69000,40000,29000,29000
051657,台郡元富98購01  ,0,0,0,0,0,0,0,0,0,29000,0,0,0,41000,12000,29000,29000
05260P,和碩元富95售02  ,0,0,0,0,0,0,0,0,0,29000,0,0,0,50000,21000,29000,29000
052314,鴻海元大96購11  ,0,0,0,0,0,0,0,0,0,29000,0,0,0,252000,223000,29000,29000
052130,國巨凱基9B購01  ,0,0,0,0,0,0,0,0,0,29000,0,0,0,168000,139000,29000,29000
052099,臺股指富邦95購02,0,0,0,0,0,0,0,0,0,29000,0,0,0,60000,31000,29000,29000
052911,友達統一97購02  ,0,0,0,0,0,0,0,0,0,29000,0,0,0,89000,60000,29000,29000
3059,華晶科          ,140000,110000,30000,0,0,0,0,0,0,-1000,0,1000,-1000,0,0,0,29000
2908,特力            ,29000,0,29000,0,0,0,0,0,0,0,0,0,0,0,0,0,29000
053690,南亞科元大96購02,0,0,0,0,0,0,0,0,0,28000,0,0,0,29000,1000,28000,28000
053331,玉晶光永豐97購02,0,0,0,0,0,0,0,0,0,28000,0,0,0,32000,4000,28000,28000
054309,禾伸堂凱基98購01,0,0,0,0,0,0,0,0,0,28000,0,0,0,35000,7000,28000,28000
055117,臻鼎凱基98購02  ,0,0,0,0,0,0,0,0,0,28000,0,0,0,28000,0,28000,28000
055062,文曄永豐97購01  ,0,0,0,0,0,0,0,0,0,28000,0,0,0,28000,0,28000,28000
055131,茂林康和97購01  ,0,0,0,0,0,0,0,0,0,28000,0,0,0,145000,117000,28000,28000
055426,旺宏群益99購02  ,0,0,0,0,0,0,0,0,0,28000,0,0,0,28000,0,28000,28000
05544P,台表科元富96售01,0,0,0,0,0,0,0,0,0,28000,0,0,0,38000,10000,28000,28000
05545P,台表科國泰98售01,0,0,0,0,0,0,0,0,0,28000,0,0,0,38000,10000,28000,28000
046465,GIS凱基95購01   ,0,0,0,0,0,0,0,0,0,28000,0,0,0,29000,1000,28000,28000
046547,大立光永豐92購05,0,0,0,0,0,0,0,0,0,28000,0,0,0,28000,0,28000,28000
045646,瑞儀凱基93購05  ,0,0,0,0,0,0,0,0,0,28000,0,0,0,28000,0,28000,28000
046626,台光電統一94購01,0,0,0,0,0,0,0,0,0,28000,0,0,0,108000,80000,28000,28000
045716,智邦凱基92購02  ,0,0,0,0,0,0,0,0,0,28000,0,0,0,28000,0,28000,28000
046202,台表科凱基93購04,0,0,0,0,0,0,0,0,0,28000,0,0,0,48000,20000,28000,28000
044819,新日興兆豐93購02,0,0,0,0,0,0,0,0,0,28000,0,0,0,61000,33000,28000,28000
044934,玉晶光元大93購01,0,0,0,0,0,0,0,0,0,28000,0,0,0,39000,11000,28000,28000
044943,旺宏群益93購03  ,0,0,0,0,0,0,0,0,0,28000,0,0,0,28000,0,28000,28000
044059,南亞科元大91購09,0,0,0,0,0,0,0,0,0,28000,0,0,0,28000,0,28000,28000
044340,TPK統一93購01   ,0,0,0,0,0,0,0,0,0,28000,0,0,0,28000,0,28000,28000
041527,T50反1中信96購01,0,0,0,0,0,0,0,0,0,28000,0,0,0,50000,22000,28000,28000
035277,景碩台新97購01  ,0,0,0,0,0,0,0,0,0,28000,0,0,0,28000,0,28000,28000
043764,康友元大92購03  ,0,0,0,0,0,0,0,0,0,28000,0,0,0,30000,2000,28000,28000
047332,訊芯元大93購04  ,0,0,0,0,0,0,0,0,0,28000,0,0,0,30000,2000,28000,28000
048557,瑞昱元大94購01  ,0,0,0,0,0,0,0,0,0,28000,0,0,0,46000,18000,28000,28000
047138,智伸科凱基93購04,0,0,0,0,0,0,0,0,0,28000,0,0,0,58000,30000,28000,28000
047560,超眾凱基94購01  ,0,0,0,0,0,0,0,0,0,28000,0,0,0,48000,20000,28000,28000
049437,可成國泰96購01  ,0,0,0,0,0,0,0,0,0,28000,0,0,0,54000,26000,28000,28000
049608,旺宏兆豐94購02  ,0,0,0,0,0,0,0,0,0,28000,0,0,0,28000,0,28000,28000
049335,聯電統一97購01  ,0,0,0,0,0,0,0,0,0,28000,0,0,0,28000,0,28000,28000
053021,國巨國泰97購04  ,0,0,0,0,0,0,0,0,0,28000,0,0,0,28000,0,28000,28000
052733,台郡國泰97購01  ,0,0,0,0,0,0,0,0,0,28000,0,0,0,168000,140000,28000,28000
053323,群創群益98購07  ,0,0,0,0,0,0,0,0,0,28000,0,0,0,58000,30000,28000,28000
052658,友達元富9C購01  ,0,0,0,0,0,0,0,0,0,28000,0,0,0,28000,0,28000,28000
05258P,臺股指凱基96售11,0,0,0,0,0,0,0,0,0,28000,0,0,0,28000,0,28000,28000
052524,新光金元大9B購01,0,0,0,0,0,0,0,0,0,28000,0,0,0,28000,0,28000,28000
051592,健策元大96購05  ,0,0,0,0,0,0,0,0,0,28000,0,0,0,53000,25000,28000,28000
051924,聯茂日盛95購01  ,0,0,0,0,0,0,0,0,0,28000,0,0,0,118000,90000,28000,28000
051420,康控國票95購05  ,0,0,0,0,0,0,0,0,0,28000,0,0,0,29000,1000,28000,28000
050987,台泥富邦95購01  ,0,0,0,0,0,0,0,0,0,28000,0,0,0,28000,0,28000,28000
050601,台表科國泰96購01,0,0,0,0,0,0,0,0,0,28000,0,0,0,41000,13000,28000,28000
6139,亞翔            ,175000,138000,37000,0,0,0,0,0,0,-9000,0,1000,-1000,2000,10000,-8000,28000
08539P,元油2X國票99售01,0,0,0,0,0,0,0,0,0,28000,0,0,0,28000,0,28000,28000
055352,奇力新凱基97購01,0,0,0,0,0,0,0,0,0,27000,0,0,0,37000,10000,27000,27000
055259,玉晶光統一9A購01,0,0,0,0,0,0,0,0,0,27000,0,0,0,47000,20000,27000,27000
055214,聯電凱基97購02  ,0,0,0,0,0,0,0,0,0,27000,0,0,0,27000,0,27000,27000
055004,群創元富99購06  ,0,0,0,0,0,0,0,0,0,27000,0,0,0,80000,53000,27000,27000
055030,帆宣國泰99購02  ,0,0,0,0,0,0,0,0,0,27000,0,0,0,68000,41000,27000,27000
054300,華通凱基96購07  ,0,0,0,0,0,0,0,0,0,27000,0,0,0,124000,97000,27000,27000
05427P,聯發科凱基96售07,0,0,0,0,0,0,0,0,0,27000,0,0,0,55000,28000,27000,27000
05422P,大立光中信97售02,0,0,0,0,0,0,0,0,0,27000,0,0,0,27000,0,27000,27000
054190,矽創永豐96購01  ,0,0,0,0,0,0,0,0,0,27000,0,0,0,27000,0,27000,27000
053431,志超永豐96購01  ,0,0,0,0,0,0,0,0,0,27000,0,0,0,27000,0,27000,27000
053569,漢唐統一98購01  ,0,0,0,0,0,0,0,0,0,27000,0,0,0,345000,318000,27000,27000
048040,百和凱基93購07  ,0,0,0,0,0,0,0,0,0,27000,0,0,0,290000,263000,27000,27000
049997,聯發科永豐94購04,0,0,0,0,0,0,0,0,0,27000,0,0,0,90000,63000,27000,27000
046085,儒鴻麥證92購01  ,0,0,0,40000,13000,27000,0,0,0,27000,0,0,0,40000,13000,27000,27000
050069,禾伸堂凱基94購04,0,0,0,0,0,0,0,0,0,27000,0,0,0,48000,21000,27000,27000
05009P,大立光元富95售06,0,0,0,0,0,0,0,0,0,27000,0,0,0,27000,0,27000,27000
050084,宏達電元富94購03,0,0,0,0,0,0,0,0,0,27000,0,0,0,27000,0,27000,27000
047126,拓凱中信93購01  ,0,0,0,0,0,0,0,0,0,27000,0,0,0,37000,10000,27000,27000
047105,和大元大94購01  ,0,0,0,0,0,0,0,0,0,27000,0,0,0,52000,25000,27000,27000
050513,亞泥元大94購02  ,0,0,0,0,0,0,0,0,0,27000,0,0,0,63000,36000,27000,27000
048902,昇陽半國泰96購01,0,0,0,0,0,0,0,0,0,27000,0,0,0,57000,30000,27000,27000
049132,大成鋼元大94購01,0,0,0,0,0,0,0,0,0,27000,0,0,0,83000,56000,27000,27000
049170,亞德客凱基94購01,0,0,0,0,0,0,0,0,0,27000,0,0,0,49000,22000,27000,27000
049210,昇陽半群益94購02,0,0,0,0,0,0,0,0,0,27000,0,0,0,27000,0,27000,27000
048788,華新科元大95購02,0,0,0,0,0,0,0,0,0,27000,0,0,0,41000,14000,27000,27000
047234,晶技凱基93購01  ,0,0,0,0,0,0,0,0,0,27000,0,0,0,35000,8000,27000,27000
050583,瑞儀國票94購01  ,0,0,0,0,0,0,0,0,0,27000,0,0,0,27000,0,27000,27000
050771,華新科元大94購06,0,0,0,0,0,0,0,0,0,27000,0,0,0,30000,3000,27000,27000
051222,世紀鋼元富95購01,0,0,0,0,0,0,0,0,0,27000,0,0,0,32000,5000,27000,27000
051182,旺宏永豐95購01  ,0,0,0,0,0,0,0,0,0,27000,0,0,0,48000,21000,27000,27000
051432,群創元富99購03  ,0,0,0,0,0,0,0,0,0,27000,0,0,0,40000,13000,27000,27000
051969,世紀鋼永豐95購01,0,0,0,0,0,0,0,0,0,27000,0,0,0,27000,0,27000,27000
051999,勤誠元大95購01  ,0,0,0,0,0,0,0,0,0,27000,0,0,0,60000,33000,27000,27000
6196,帆宣            ,181000,130000,51000,0,0,0,0,10000,-10000,-14000,0,2000,-2000,8000,20000,-12000,27000
053574,奇力新元富99購01,0,0,0,0,0,0,0,0,0,26000,0,0,0,185000,159000,26000,26000
053439,台積電凱基96購11,0,0,0,0,0,0,0,0,0,26000,0,0,0,140000,114000,26000,26000
053495,聯發科兆豐96購02,0,0,0,0,0,0,0,0,0,26000,0,0,0,103000,77000,26000,26000
05374P,台積電國票96售07,0,0,0,0,0,0,0,0,0,26000,0,0,0,127000,101000,26000,26000
054205,華新國票97購02  ,0,0,0,0,0,0,0,0,0,26000,0,0,0,26000,0,26000,26000
054262,瀚宇博元大96購03,0,0,0,0,0,0,0,0,0,26000,0,0,0,172000,146000,26000,26000
055314,華邦電中信99購01,0,0,0,0,0,0,0,0,0,26000,0,0,0,28000,2000,26000,26000
049874,全新康和94購01  ,0,0,0,0,0,0,0,0,0,26000,0,0,0,117000,91000,26000,26000
045984,亞光麥證93購02  ,0,0,0,26000,0,26000,0,0,0,26000,0,0,0,26000,0,26000,26000
044462,漢唐兆豐93購01  ,0,0,0,0,0,0,0,0,0,26000,0,0,0,26000,0,26000,26000
045056,欣興元富92購01  ,0,0,0,0,0,0,0,0,0,26000,0,0,0,50000,24000,26000,26000
047191,同欣電元大93購02,0,0,0,0,0,0,0,0,0,26000,0,0,0,48000,22000,26000,26000
048129,力成元大93購02  ,0,0,0,0,0,0,0,0,0,26000,0,0,0,27000,1000,26000,26000
049256,瑞昱元大94購04  ,0,0,0,0,0,0,0,0,0,26000,0,0,0,26000,0,26000,26000
049259,聯發科元大94購04,0,0,0,0,0,0,0,0,0,26000,0,0,0,93000,67000,26000,26000
049144,瑞昱元大94購03  ,0,0,0,0,0,0,0,0,0,26000,0,0,0,26000,0,26000,26000
049577,台達電元大94購08,0,0,0,0,0,0,0,0,0,26000,0,0,0,27000,1000,26000,26000
048892,台郡元富97購01  ,0,0,0,0,0,0,0,0,0,26000,0,0,0,26000,0,26000,26000
04898P,瑞儀中信95售01  ,0,0,0,0,0,0,0,0,0,26000,0,0,0,26000,0,26000,26000
048973,禾伸堂元大94購01,0,0,0,0,0,0,0,0,0,26000,0,0,0,39000,13000,26000,26000
048414,滬深2X統一98購01,0,0,0,0,0,0,0,0,0,26000,0,0,0,50000,24000,26000,26000
053276,友達元大9C購01  ,0,0,0,0,0,0,0,0,0,26000,0,0,0,36000,10000,26000,26000
053084,國巨元大98購01  ,0,0,0,0,0,0,0,0,0,26000,0,0,0,98000,72000,26000,26000
052788,開發金中信98購02,0,0,0,0,0,0,0,0,0,26000,0,0,0,26000,0,26000,26000
05176P,台積電凱基95售11,0,0,0,0,0,0,0,0,0,26000,0,0,0,26000,0,26000,26000
051764,欣興元大95購07  ,0,0,0,0,0,0,0,0,0,26000,0,0,0,155000,129000,26000,26000
6142,友勁            ,5000,2000,3000,0,0,0,0,0,0,23000,23000,0,23000,0,0,0,26000
5533,皇鼎            ,36000,10000,26000,0,0,0,0,0,0,0,0,0,0,0,0,0,26000
1103,嘉泥            ,396000,261000,135000,0,0,0,0,0,0,-109000,0,88000,-88000,8000,29000,-21000,26000
1708,東鹼            ,26000,0,26000,0,0,0,0,0,0,0,0,0,0,0,0,0,26000
2233,宇隆            ,40000,14000,26000,0,0,0,0,0,0,0,0,0,0,0,0,0,26000
055280,智邦元大97購01  ,0,0,0,0,0,0,0,0,0,25000,0,0,0,33000,8000,25000,25000
05538P,玉晶光國票97售02,0,0,0,0,0,0,0,0,0,25000,0,0,0,31000,6000,25000,25000
05581P,華新科凱基96售07,0,0,0,0,0,0,0,0,0,25000,0,0,0,25000,0,25000,25000
054677,智易台新98購02  ,0,0,0,0,0,0,0,0,0,25000,0,0,0,25000,0,25000,25000
054226,燿華元富96購02  ,0,0,0,0,0,0,0,0,0,25000,0,0,0,25000,0,25000,25000
054157,國巨亞東96購01  ,0,0,0,0,0,0,0,0,0,25000,0,0,0,50000,25000,25000,25000
053681,臺股指富邦96購02,0,0,0,0,0,0,0,0,0,25000,0,0,0,35000,10000,25000,25000
053953,群創台新97購01  ,0,0,0,0,0,0,0,0,0,25000,0,0,0,58000,33000,25000,25000
053855,康友國泰98購01  ,0,0,0,0,0,0,0,0,0,25000,0,0,0,373000,348000,25000,25000
053471,正崴元大96購01  ,0,0,0,0,0,0,0,0,0,25000,0,0,0,26000,1000,25000,25000
044167,大立光元大93購03,0,0,0,0,0,0,0,0,0,25000,0,0,0,25000,0,25000,25000
044246,力成統一91購01  ,0,0,0,0,0,0,0,0,0,25000,0,0,0,35000,10000,25000,25000
043396,世紀鋼元大93購01,0,0,0,0,0,0,0,0,0,25000,0,0,0,25000,0,25000,25000
044219,智原凱基91購03  ,0,0,0,0,0,0,0,0,0,25000,0,0,0,73000,48000,25000,25000
03425B,臺股指元大9A熊01,0,0,0,0,0,0,0,0,0,25000,0,0,0,31000,6000,25000,25000
03996P,旺宏國泰95售01  ,0,0,0,0,0,0,0,0,0,25000,0,0,0,25000,0,25000,25000
00634R,富邦上証反1     ,63000,10000,53000,0,0,0,0,0,0,-28000,0,0,0,210000,238000,-28000,25000
046764,亞光凱基93購03  ,0,0,0,0,0,0,0,0,0,25000,0,0,0,35000,10000,25000,25000
044818,可成兆豐93購02  ,0,0,0,0,0,0,0,0,0,25000,0,0,0,25000,0,25000,25000
044799,華邦電凱基93購01,0,0,0,0,0,0,0,0,0,25000,0,0,0,27000,2000,25000,25000
046729,智伸科元大93購01,0,0,0,0,0,0,0,0,0,25000,0,0,0,63000,38000,25000,25000
044710,中磊元大93購01  ,0,0,0,0,0,0,0,0,0,25000,0,0,0,25000,0,25000,25000
046211,南電元富92購01  ,0,0,0,0,0,0,0,0,0,25000,0,0,0,25000,0,25000,25000
046201,台郡凱基92購01  ,0,0,0,0,0,0,0,0,0,25000,0,0,0,25000,0,25000,25000
046230,亞光元大92購03  ,0,0,0,0,0,0,0,0,0,25000,0,0,0,25000,0,25000,25000
044573,元大金凱基91購02,0,130000,-130000,0,0,0,0,0,0,155000,0,0,0,160000,5000,155000,25000
046459,大立光凱基92購12,0,0,0,0,0,0,0,0,0,25000,0,0,0,25000,0,25000,25000
045501,國泰金凱基92購01,0,90000,-90000,0,0,0,0,0,0,115000,0,0,0,115000,0,115000,25000
045185,致伸統一94購01  ,0,0,0,0,0,0,0,0,0,25000,0,0,0,25000,0,25000,25000
045080,大立光元大93購06,0,0,0,0,0,0,0,0,0,25000,0,0,0,25000,0,25000,25000
049694,華新科元大95購06,0,0,0,0,0,0,0,0,0,25000,0,0,0,30000,5000,25000,25000
050267,奇鋐元大94購03  ,0,0,0,0,0,0,0,0,0,25000,0,0,0,25000,0,25000,25000
04767P,台積電國泰95售04,0,0,0,0,0,0,0,0,0,25000,0,0,0,25000,0,25000,25000
048803,大立光富邦96購01,0,0,0,0,0,0,0,0,0,25000,0,0,0,30000,5000,25000,25000
051484,玉晶光凱基97購01,0,0,0,0,0,0,0,0,0,25000,0,0,0,34000,9000,25000,25000
051486,玉晶光凱基97購03,0,0,0,0,0,0,0,0,0,25000,0,0,0,44000,19000,25000,25000
052778,智原國票97購01  ,0,0,0,0,0,0,0,0,0,25000,0,0,0,25000,0,25000,25000
05202P,鴻海元大95售16  ,0,0,0,0,0,0,0,0,0,25000,0,0,0,25000,0,25000,25000
052666,瑞昱群益96購01  ,0,0,0,0,0,0,0,0,0,25000,0,0,0,30000,5000,25000,25000
1737,臺鹽            ,41000,16000,25000,0,0,0,0,0,0,0,0,0,0,0,0,0,25000
1612,宏泰            ,27000,2000,25000,0,0,0,0,0,0,0,0,0,0,0,0,0,25000
4766,南寶            ,34000,0,34000,0,0,0,0,0,0,-9000,2000,11000,-9000,0,0,0,25000
2881B,富邦金乙特      ,0,0,0,0,0,0,0,0,0,25000,25000,0,25000,0,0,0,25000
054102,百和國票97購04  ,0,0,0,0,0,0,0,0,0,24000,0,0,0,24000,0,24000,24000
054412,智邦元大96購03  ,0,0,0,0,0,0,0,0,0,24000,0,0,0,172000,148000,24000,24000
054600,中壽台新97購01  ,0,0,0,0,0,0,0,0,0,24000,0,0,0,24000,0,24000,24000
054693,神基永豐97購01  ,0,0,0,0,0,0,0,0,0,24000,0,0,0,24000,0,24000,24000
054719,亞光永豐97購01  ,0,0,0,0,0,0,0,0,0,24000,0,0,0,24000,0,24000,24000
055493,華新科元大97購09,0,0,0,0,0,0,0,0,0,24000,0,0,0,26000,2000,24000,24000
04628P,欣興元大95售01  ,0,0,0,0,0,0,0,0,0,24000,0,0,0,25000,1000,24000,24000
046134,致新國泰93購02  ,0,0,0,0,0,0,0,0,0,24000,0,0,0,235000,211000,24000,24000
044602,大立光國泰93購01,0,0,0,0,0,0,0,0,0,24000,0,0,0,70000,46000,24000,24000
047283,世紀鋼永豐93購02,0,0,0,0,0,0,0,0,0,24000,0,0,0,24000,0,24000,24000
03183P,鴻海元大01售28  ,0,0,0,0,0,0,0,0,0,24000,0,0,0,34000,10000,24000,24000
04043P,復盛元富93售02  ,0,0,0,0,0,0,0,0,0,24000,0,0,0,24000,0,24000,24000
043898,可成群益92購02  ,0,0,0,0,0,0,0,0,0,24000,0,0,0,24000,0,24000,24000
046441,儒鴻兆豐92購01  ,0,0,0,0,0,0,0,0,0,24000,0,0,0,43000,19000,24000,24000
043023,康普元大94購01  ,0,0,0,0,0,0,0,0,0,24000,0,0,0,24000,0,24000,24000
049527,國巨中信95購01  ,0,0,0,0,0,0,0,0,0,24000,0,0,0,24000,0,24000,24000
049490,京元電元大95購02,0,0,0,0,0,0,0,0,0,24000,0,0,0,24000,0,24000,24000
04732P,聯茂群益94售01  ,0,0,0,0,0,0,0,0,0,24000,0,0,0,24000,0,24000,24000
047376,南電國票94購01  ,0,0,0,0,0,0,0,0,0,24000,0,0,0,24000,0,24000,24000
047369,漢唐國票94購01  ,0,0,0,0,0,0,0,0,0,24000,0,0,0,26000,2000,24000,24000
04747P,臺股指元大94售22,0,0,0,0,0,0,0,0,0,24000,0,0,0,375000,351000,24000,24000
047480,全新凱基93購01  ,0,0,0,0,0,0,0,0,0,24000,0,0,0,24000,0,24000,24000
048977,晶相光元大94購01,0,0,0,0,0,0,0,0,0,24000,0,0,0,63000,39000,24000,24000
048475,台郡永豐93購02  ,0,0,0,0,0,0,0,0,0,24000,0,0,0,24000,0,24000,24000
049578,台達電元大94購09,0,0,0,0,0,0,0,0,0,24000,0,0,0,25000,1000,24000,24000
049135,台達電元大94購03,0,0,0,0,0,0,0,0,0,24000,0,0,0,25000,1000,24000,24000
049248,台達電元大94購04,0,0,0,0,0,0,0,0,0,24000,0,0,0,25000,1000,24000,24000
05006P,華通元富95售01  ,0,0,0,0,0,0,0,0,0,24000,0,0,0,174000,150000,24000,24000
050464,華通國泰95購01  ,0,0,0,0,0,0,0,0,0,24000,0,0,0,102000,78000,24000,24000
049743,全新台新94購01  ,0,0,0,0,0,0,0,0,0,24000,0,0,0,70000,46000,24000,24000
046867,瑞昱統一93購01  ,0,0,0,0,0,0,0,0,0,24000,0,0,0,38000,14000,24000,24000
052566,國巨凱基96購04  ,0,0,0,0,0,0,0,0,0,24000,0,0,0,134000,110000,24000,24000
052417,聯發科兆豐9B購01,0,0,0,0,0,0,0,0,0,24000,0,0,0,88000,64000,24000,24000
051290,大立光統一96購02,0,0,0,0,0,0,0,0,0,24000,0,0,0,111000,87000,24000,24000
051401,華新科永豐95購01,0,0,0,0,0,0,0,0,0,24000,0,0,0,31000,7000,24000,24000
051873,緯穎凱基95購02  ,0,0,0,0,0,0,0,0,0,24000,0,0,0,63000,39000,24000,24000
051078,力山富邦97購01  ,0,0,0,0,0,0,0,0,0,24000,0,0,0,44000,20000,24000,24000
050224,台泥中信94購01  ,0,0,0,0,0,0,0,0,0,24000,0,0,0,38000,14000,24000,24000
05806P,宏達電永豐96售03,0,0,0,0,0,0,0,0,0,23000,0,0,0,23000,0,23000,23000
054717,亞德客永豐97購01,0,0,0,0,0,0,0,0,0,23000,0,0,0,103000,80000,23000,23000
054900,金寶康和97購01  ,0,0,0,0,0,0,0,0,0,23000,0,0,0,182000,159000,23000,23000
054982,國巨元富97購03  ,0,0,0,0,0,0,0,0,0,23000,0,0,0,518000,495000,23000,23000
054594,國巨麥證97購01  ,0,0,0,48000,25000,23000,0,0,0,23000,0,0,0,48000,25000,23000,23000
054154,智易國泰97購01  ,0,0,0,0,0,0,0,0,0,23000,0,0,0,23000,0,23000,23000
044592,元油2X國票93購02,0,0,0,0,0,0,0,0,0,23000,0,0,0,25000,2000,23000,23000
044822,南電兆豐93購01  ,0,0,0,0,0,0,0,0,0,23000,0,0,0,23000,0,23000,23000
045749,智邦富邦93購01  ,0,0,0,0,0,0,0,0,0,23000,0,0,0,93000,70000,23000,23000
045612,麗豐群益92購01  ,0,0,0,0,0,0,0,0,0,23000,0,0,0,30000,7000,23000,23000
049714,國巨凱基94購02  ,0,0,0,0,0,0,0,0,0,23000,0,0,0,35000,12000,23000,23000
050072,京鼎凱基94購02  ,0,0,0,0,0,0,0,0,0,23000,0,0,0,23000,0,23000,23000
050964,晶技永豐95購02  ,0,0,0,0,0,0,0,0,0,23000,0,0,0,53000,30000,23000,23000
3018,同開            ,46000,22000,24000,0,0,0,0,0,0,-1000,0,1000,-1000,0,0,0,23000
1905,華紙            ,64000,41000,23000,0,0,0,0,0,0,0,0,0,0,0,0,0,23000
05907P,聯發科元富96售05,0,0,0,0,0,0,0,0,0,23000,0,0,0,31000,8000,23000,23000
06006P,欣興永豐96售04  ,0,0,0,0,0,0,0,0,0,23000,0,0,0,90000,67000,23000,23000
053589,宏達電元大97購02,0,0,0,0,0,0,0,0,0,22000,0,0,0,22000,0,22000,22000
05393P,鴻海統一95售14  ,0,0,0,0,0,0,0,0,0,22000,0,0,0,56000,34000,22000,22000
054901,群光康和97購01  ,0,0,0,0,0,0,0,0,0,22000,0,0,0,44000,22000,22000,22000
05555P,健策群益98售01  ,0,0,0,0,0,0,0,0,0,22000,0,0,0,33000,11000,22000,22000
045889,宏盛元大92購01  ,0,0,0,0,0,0,0,0,0,22000,0,0,0,22000,0,22000,22000
046352,智邦群益92購02  ,0,0,0,0,0,0,0,0,0,22000,0,0,0,22000,0,22000,22000
044725,禾伸堂永豐91購01,0,0,0,0,0,0,0,0,0,22000,0,0,0,22000,0,22000,22000
0051,元大中型100     ,1000,0,1000,0,0,0,0,0,0,21000,0,0,0,21000,0,21000,22000
050064,華新科凱基94購08,0,0,0,0,0,0,0,0,0,22000,0,0,0,30000,8000,22000,22000
047010,聯詠統一93購05  ,0,0,0,0,0,0,0,0,0,22000,0,0,0,22000,0,22000,22000
050485,國巨統一96購01  ,0,0,0,0,0,0,0,0,0,22000,0,0,0,29000,7000,22000,22000
050429,漢唐凱基94購04  ,0,0,0,0,0,0,0,0,0,22000,0,0,0,33000,11000,22000,22000
047573,儒鴻群益93購04  ,0,0,0,0,0,0,0,0,0,22000,0,0,0,22000,0,22000,22000
047584,元金2X永豐95購01,0,0,0,0,0,0,0,0,0,22000,0,0,0,22000,0,22000,22000
048575,旺宏國泰94購04  ,0,0,0,0,0,0,0,0,0,22000,0,0,0,55000,33000,22000,22000
049498,茂林元大95購01  ,0,0,0,0,0,0,0,0,0,22000,0,0,0,158000,136000,22000,22000
051075,智邦國泰97購01  ,0,0,0,0,0,0,0,0,0,22000,0,0,0,56000,34000,22000,22000
050875,訊芯永豐95購01  ,0,0,0,0,0,0,0,0,0,22000,0,0,0,25000,3000,22000,22000
051923,聯發科日盛95購02,0,0,0,0,0,0,0,0,0,22000,0,0,0,105000,83000,22000,22000
052468,超眾統一96購02  ,0,0,0,0,0,0,0,0,0,22000,0,0,0,63000,41000,22000,22000
052555,漢唐國票97購01  ,0,0,0,0,0,0,0,0,0,22000,0,0,0,22000,0,22000,22000
052759,京元電群益96購01,0,0,0,0,0,0,0,0,0,22000,0,0,0,22000,0,22000,22000
05281P,南亞科元大95售03,0,0,0,0,0,0,0,0,0,22000,0,0,0,24000,2000,22000,22000
052925,日電貿永豐96購01,0,0,0,0,0,0,0,0,0,22000,0,0,0,22000,0,22000,22000
4438,廣越            ,53000,30000,23000,0,0,0,0,0,0,-1000,0,0,0,0,1000,-1000,22000
05703P,矽力群益96售03  ,0,0,0,0,0,0,0,0,0,21000,0,0,0,21000,0,21000,21000
054796,康普群益98購01  ,0,0,0,0,0,0,0,0,0,21000,0,0,0,21000,0,21000,21000
055236,建準台新98購01  ,0,0,0,0,0,0,0,0,0,21000,0,0,0,28000,7000,21000,21000
053731,矽創凱基96購03  ,0,0,0,0,0,0,0,0,0,21000,0,0,0,21000,0,21000,21000
054029,瀚宇博凱基96購02,0,0,0,0,0,0,0,0,0,21000,0,0,0,40000,19000,21000,21000
05418P,瑞昱永豐95售02  ,0,0,0,0,0,0,0,0,0,21000,0,0,0,21000,0,21000,21000
03126P,旭富凱基01售04  ,0,0,0,0,0,0,0,0,0,21000,0,0,0,21000,0,21000,21000
044834,旺宏元大93購02  ,0,0,0,0,0,0,0,0,0,21000,0,0,0,22000,1000,21000,21000
045015,玉晶光元大94購01,0,0,0,0,0,0,0,0,0,21000,0,0,0,21000,0,21000,21000
044013,友達凱基93購01  ,0,0,0,0,0,0,0,0,0,21000,0,0,0,65000,44000,21000,21000
046802,聯電元大93購01  ,0,0,0,0,0,0,0,0,0,21000,0,0,0,21000,0,21000,21000
04547P,高鐵元大94售01  ,0,0,0,0,0,0,0,0,0,21000,0,0,0,109000,88000,21000,21000
046113,旺宏元大93購04  ,0,0,0,0,0,0,0,0,0,21000,0,0,0,21000,0,21000,21000
048782,亞泥元大94購01  ,0,0,0,0,0,0,0,0,0,21000,0,0,0,32000,11000,21000,21000
047461,大立光群益93購09,0,0,0,0,0,0,0,0,0,21000,0,0,0,26000,5000,21000,21000
048910,和鑫富邦98購01  ,0,0,0,0,0,0,0,0,0,21000,0,0,0,21000,0,21000,21000
048675,台達電國泰94購02,0,0,0,0,0,0,0,0,0,21000,0,0,0,23000,2000,21000,21000
04965P,日月光元大94售02,0,0,0,0,0,0,0,0,0,21000,0,0,0,23000,2000,21000,21000
049734,瑞昱群益94購02  ,0,0,0,0,0,0,0,0,0,21000,0,0,0,28000,7000,21000,21000
049327,台郡元富94購01  ,0,0,0,0,0,0,0,0,0,21000,0,0,0,51000,30000,21000,21000
049423,臺股指凱基95購02,0,0,0,0,0,0,0,0,0,21000,0,0,0,54000,33000,21000,21000
050350,全新群益94購04  ,0,0,0,0,0,0,0,0,0,21000,0,0,0,124000,103000,21000,21000
047078,上海銀兆豐93購01,0,0,0,0,0,0,0,0,0,21000,0,0,0,31000,10000,21000,21000
052791,友達兆豐97購01  ,0,0,0,0,0,0,0,0,0,21000,0,0,0,131000,110000,21000,21000
053183,大立光元富96購03,0,0,0,0,0,0,0,0,0,21000,0,0,0,26000,5000,21000,21000
052010,兆豐金中信95購01,0,0,0,0,0,0,0,0,0,21000,0,0,0,41000,20000,21000,21000
052119,漢唐國票96購01  ,0,0,0,0,0,0,0,0,0,21000,0,0,0,21000,0,21000,21000
051227,技嘉群益97購01  ,0,0,0,0,0,0,0,0,0,21000,0,0,0,32000,11000,21000,21000
051482,玉晶光凱基96購01,0,0,0,0,0,0,0,0,0,21000,0,0,0,39000,18000,21000,21000
051428,玉晶光統一96購01,0,0,0,0,0,0,0,0,0,21000,0,0,0,21000,0,21000,21000
050581,美食國票94購02  ,0,0,0,0,0,0,0,0,0,21000,0,0,0,111000,90000,21000,21000
050650,大立光凱基96購01,0,0,0,0,0,0,0,0,0,21000,0,0,0,21000,0,21000,21000
5283,禾聯碩          ,32000,11000,21000,0,0,0,0,0,0,0,0,0,0,0,0,0,21000
2468,華經            ,27000,4000,23000,0,0,0,0,0,0,-2000,0,2000,-2000,0,0,0,21000
06116P,臺股指日盛97售01,0,0,0,0,0,0,0,0,0,21000,0,0,0,31000,10000,21000,21000
05991P,聯茂群益96售05  ,0,0,0,0,0,0,0,0,0,21000,0,0,0,21000,0,21000,21000
054234,可成群益96購05  ,0,0,0,0,0,0,0,0,0,20000,0,0,0,20000,0,20000,20000
054244,華新元大96購01  ,0,0,0,0,0,0,0,0,0,20000,0,0,0,20000,0,20000,20000
054084,旺宏統一97購05  ,0,0,0,0,0,0,0,0,0,20000,0,0,0,80000,60000,20000,20000
054590,嘉聯益國泰98購01,0,0,0,0,0,0,0,0,0,20000,0,0,0,92000,72000,20000,20000
054468,台郡凱基98購01  ,0,0,0,0,0,0,0,0,0,20000,0,0,0,55000,35000,20000,20000
054391,宏達電元富96購04,0,0,0,0,0,0,0,0,0,20000,0,0,0,20000,0,20000,20000
05436P,台積電群益95售07,0,0,0,0,0,0,0,0,0,20000,0,0,0,50000,30000,20000,20000
053733,華邦電中信98購01,0,0,0,0,0,0,0,0,0,20000,0,0,0,20000,0,20000,20000
053729,聯茂凱基96購05  ,0,0,0,0,0,0,0,0,0,20000,0,0,0,81000,61000,20000,20000
05376P,聯發科日盛95售04,0,0,0,0,0,0,0,0,0,20000,0,0,0,20000,0,20000,20000
053833,彩晶台新97購02  ,0,0,0,0,0,0,0,0,0,20000,0,0,0,100000,80000,20000,20000
053585,友達元大9C購03  ,0,0,0,0,0,0,0,0,0,20000,0,0,0,51000,31000,20000,20000
053668,鴻海統一97購01  ,0,0,0,0,0,0,0,0,0,20000,0,0,0,20000,0,20000,20000
05366P,鴻海元富95售12  ,0,0,0,0,0,0,0,0,0,20000,0,0,0,20000,0,20000,20000
053548,旺宏凱基96購04  ,0,0,0,0,0,0,0,0,0,20000,0,0,0,123000,103000,20000,20000
053485,矽創國票97購04  ,0,0,0,0,0,0,0,0,0,20000,0,0,0,20000,0,20000,20000
053347,茂林國票98購01  ,0,0,0,0,0,0,0,0,0,20000,0,0,0,20000,0,20000,20000
054972,聯茂元大97購02  ,0,0,0,0,0,0,0,0,0,20000,0,0,0,50000,30000,20000,20000
054788,華新科群益98購02,0,0,0,0,0,0,0,0,0,20000,0,0,0,40000,20000,20000,20000
054646,華新科群益97購03,0,0,0,0,0,0,0,0,0,20000,0,0,0,26000,6000,20000,20000
054898,台肥康和97購01  ,0,0,0,0,0,0,0,0,0,20000,0,0,0,47000,27000,20000,20000
054885,建準統一98購01  ,0,0,0,0,0,0,0,0,0,20000,0,0,0,20000,0,20000,20000
05714P,群創統一97售03  ,0,0,0,0,0,0,0,0,0,20000,0,0,0,20000,0,20000,20000
05787P,臺股指永昌96售04,0,0,0,0,0,0,0,0,0,20000,0,0,0,25000,5000,20000,20000
055362,GIS凱基97購03   ,0,0,0,0,0,0,0,0,0,20000,0,0,0,20000,0,20000,20000
055298,啟碁元大97購02  ,0,0,0,0,0,0,0,0,0,20000,0,0,0,24000,4000,20000,20000
046148,友達中信94購01  ,0,0,0,0,0,0,0,0,0,20000,0,0,0,40000,20000,20000,20000
046122,晶技元大92購01  ,0,0,0,0,0,0,0,0,0,20000,0,0,0,20000,0,20000,20000
046200,上海銀凱基93購01,0,0,0,0,0,0,0,0,0,20000,0,0,0,40000,20000,20000,20000
046184,台光電凱基93購08,0,0,0,0,0,0,0,0,0,20000,0,0,0,20000,0,20000,20000
046185,正崴凱基93購02  ,0,0,0,0,0,0,0,0,0,20000,0,0,0,20000,0,20000,20000
046172,美律永豐92購01  ,0,0,0,0,0,0,0,0,0,20000,0,0,0,20000,0,20000,20000
046251,宏達電群益92購03,0,0,0,0,0,0,0,0,0,20000,0,0,0,29000,9000,20000,20000
046659,瑞昱元大93購02  ,0,0,0,0,0,0,0,0,0,20000,0,0,0,20000,0,20000,20000
045674,友達元大92購03  ,0,0,0,0,0,0,0,0,0,20000,0,0,0,30000,10000,20000,20000
045715,華邦電凱基92購04,0,0,0,0,0,0,0,0,0,20000,0,0,0,21000,1000,20000,20000
04528P,智原凱基94售01  ,0,0,0,0,0,0,0,0,0,20000,0,0,0,80000,60000,20000,20000
045299,友達元大92購02  ,0,0,0,0,0,0,0,0,0,20000,0,0,0,30000,10000,20000,20000
045303,華新科元大92購10,0,0,0,0,0,0,0,0,0,20000,0,0,0,20000,0,20000,20000
045255,華邦電凱基93購03,0,0,0,0,0,0,0,0,0,20000,0,0,0,24000,4000,20000,20000
045219,瑞昱元大92購01  ,0,0,0,0,0,0,0,0,0,20000,0,0,0,20000,0,20000,20000
045220,漢唐元大94購01  ,0,0,0,0,0,0,0,0,0,20000,0,0,0,20000,0,20000,20000
045074,華新科元大93購03,0,0,0,0,0,0,0,0,0,20000,0,0,0,20000,0,20000,20000
045107,超眾群益92購02  ,0,0,0,0,0,0,0,0,0,20000,0,0,0,20000,0,20000,20000
045166,深100富邦92購01 ,0,0,0,0,0,0,0,0,0,20000,0,0,0,20000,0,20000,20000
045507,瀚宇博凱基92購01,0,0,0,0,0,0,0,0,0,20000,0,0,0,20000,0,20000,20000
045632,正崴凱基93購01  ,0,0,0,0,0,0,0,0,0,20000,0,0,0,22000,2000,20000,20000
045629,智邦凱基92購01  ,0,0,0,0,0,0,0,0,0,20000,0,0,0,20000,0,20000,20000
046796,南電元富93購01  ,0,0,0,0,0,0,0,0,0,20000,0,0,0,32000,12000,20000,20000
04593P,台積電元大94售11,0,0,0,0,0,0,0,0,0,20000,0,0,0,30000,10000,20000,20000
045915,樺漢國票92購01  ,0,0,0,0,0,0,0,0,0,20000,0,0,0,20000,0,20000,20000
044708,臻鼎元大91購03  ,0,0,0,0,0,0,0,0,0,20000,0,0,0,20000,0,20000,20000
044678,南亞科凱基91購13,0,0,0,0,0,0,0,0,0,20000,0,0,0,20000,0,20000,20000
044654,建準永豐91購01  ,0,0,0,0,0,0,0,0,0,20000,0,0,0,20000,0,20000,20000
044631,聯茂元大92購02  ,0,0,0,0,0,0,0,0,0,20000,0,0,0,20000,0,20000,20000
046700,台郡凱基93購02  ,0,0,0,0,0,0,0,0,0,20000,0,0,0,20000,0,20000,20000
046736,儒鴻群益93購01  ,0,0,0,0,0,0,0,0,0,20000,0,0,0,20000,0,20000,20000
049996,元油2X永豐94購05,0,0,0,0,0,0,0,0,0,20000,0,0,0,30000,10000,20000,20000
049846,台泥群益94購01  ,0,0,0,0,0,0,0,0,0,20000,0,0,0,20000,0,20000,20000
043980,旺宏元大92購05  ,0,0,0,0,0,0,0,0,0,20000,0,0,0,20000,0,20000,20000
044025,台表科凱基93購02,0,0,0,0,0,0,0,0,0,20000,0,0,0,20000,0,20000,20000
04415P,牧德元富94售05  ,0,0,0,0,0,0,0,0,0,20000,0,0,0,20000,0,20000,20000
044128,欣興凱基92購01  ,0,0,0,0,0,0,0,0,0,20000,0,0,0,20000,0,20000,20000
044199,亞光國票91購01  ,0,0,0,0,0,0,0,0,0,20000,0,0,0,90000,70000,20000,20000
044399,南亞科凱基91購10,0,0,0,0,0,0,0,0,0,20000,0,0,0,20000,0,20000,20000
04439P,聯發科群益94售04,0,0,0,0,0,0,0,0,0,20000,0,0,0,24000,4000,20000,20000
044497,嘉澤元大91購04  ,0,0,0,0,0,0,0,0,0,20000,0,0,0,20000,0,20000,20000
042979,奇力新凱基92購01,0,0,0,0,0,0,0,0,0,20000,0,0,0,20000,0,20000,20000
042953,鴻海台新01購01  ,0,0,0,0,0,0,0,0,0,20000,0,0,0,20000,0,20000,20000
042912,凌陽元大94購01  ,0,0,0,0,0,0,0,0,0,20000,0,0,0,20000,0,20000,20000
042449,華新科凱基91購02,0,0,0,0,0,0,0,0,0,20000,0,0,0,20000,0,20000,20000
045011,華新科元大92購08,0,0,0,0,0,0,0,0,0,20000,0,0,0,20000,0,20000,20000
044839,同欣電元大91購02,0,0,0,0,0,0,0,0,0,20000,0,0,0,50000,30000,20000,20000
04483P,元油2X凱基97售04,0,0,0,0,0,0,0,0,0,20000,0,0,0,20000,0,20000,20000
044870,上銀統一91購02  ,0,0,0,0,0,0,0,0,0,20000,0,0,0,23000,3000,20000,20000
046433,康友中信92購01  ,0,0,0,0,0,0,0,0,0,20000,0,0,0,20000,0,20000,20000
046405,京元電元大92購07,0,0,0,0,0,0,0,0,0,20000,0,0,0,20000,0,20000,20000
046410,國泰金元大92購03,0,0,0,0,0,0,0,0,0,20000,0,0,0,20000,0,20000,20000
046375,友達凱基98購01  ,0,0,0,0,0,0,0,0,0,20000,0,0,0,20000,0,20000,20000
043019,華晶科元大94購01,0,0,0,0,0,0,0,0,0,20000,0,0,0,20000,0,20000,20000
043048,金寶國泰93購01  ,0,0,0,0,0,0,0,0,0,20000,0,0,0,20000,0,20000,20000
04264P,宏碁統一93售01  ,0,0,0,0,0,0,0,0,0,20000,0,0,0,20000,0,20000,20000
042679,群創元大92購02  ,0,0,0,0,0,0,0,0,0,20000,0,0,0,74000,54000,20000,20000
045378,智邦元大92購04  ,0,0,0,0,0,0,0,0,0,20000,0,0,0,20000,0,20000,20000
045380,漢唐元大93購03  ,0,0,0,0,0,0,0,0,0,20000,0,0,0,30000,10000,20000,20000
04544P,欣興富邦96售02  ,0,0,0,0,0,0,0,0,0,20000,0,0,0,41000,21000,20000,20000
045473,聯茂元大92購05  ,0,0,0,0,0,0,0,0,0,20000,0,0,0,20000,0,20000,20000
039985,聯詠國泰91購01  ,0,0,0,0,0,0,0,0,0,20000,0,0,0,20000,0,20000,20000
00662,富邦NASDAQ      ,0,0,0,0,0,0,0,0,0,20000,0,0,0,160000,140000,20000,20000
043522,華新科元大92購04,0,0,0,0,0,0,0,0,0,20000,0,0,0,20000,0,20000,20000
043468,華新科元大92購03,0,0,0,0,0,0,0,0,0,20000,0,0,0,20000,0,20000,20000
043295,易華電元大93購01,0,0,0,0,0,0,0,0,0,20000,0,0,0,20000,0,20000,20000
04053P,聯茂國泰94售01  ,0,0,0,0,0,0,0,0,0,20000,0,0,0,30000,10000,20000,20000
044220,欣興凱基91購05  ,0,0,0,0,0,0,0,0,0,20000,0,0,0,20000,0,20000,20000
03706P,上銀群益93售03  ,0,0,0,0,0,0,0,0,0,20000,0,0,0,20000,0,20000,20000
03642P,上銀永豐92售02  ,0,0,0,0,0,0,0,0,0,20000,0,0,0,20000,0,20000,20000
047117,禾伸堂元大93購02,0,0,0,0,0,0,0,0,0,20000,0,0,0,41000,21000,20000,20000
046988,南亞科凱基93購02,0,0,0,0,0,0,0,0,0,20000,0,0,0,20000,0,20000,20000
046941,瑞昱元大93購08  ,0,0,0,0,0,0,0,0,0,20000,0,0,0,20000,0,20000,20000
050050,國泰金群益94購02,0,45000,-45000,0,0,0,0,0,0,65000,0,0,0,65000,0,65000,20000
050056,國巨凱基94購04  ,0,0,0,0,0,0,0,0,0,20000,0,0,0,69000,49000,20000,20000
050057,國巨凱基94購05  ,0,0,0,0,0,0,0,0,0,20000,0,0,0,60000,40000,20000,20000
050126,國巨凱基94購08  ,0,0,0,0,0,0,0,0,0,20000,0,0,0,57000,37000,20000,20000
050141,國巨統一94購07  ,0,0,0,0,0,0,0,0,0,20000,0,0,0,25000,5000,20000,20000
050486,可成元富94購05  ,0,0,0,0,0,0,0,0,0,20000,0,0,0,20000,0,20000,20000
050321,GIS國票95購02   ,0,0,0,0,0,0,0,0,0,20000,0,0,0,20000,0,20000,20000
050357,南電群益94購02  ,0,0,0,0,0,0,0,0,0,20000,0,0,0,20000,0,20000,20000
050180,華新科元大95購08,0,0,0,0,0,0,0,0,0,20000,0,0,0,20000,0,20000,20000
049609,全新兆豐95購01  ,0,0,0,0,0,0,0,0,0,20000,0,0,0,20000,0,20000,20000
049746,全新永豐95購01  ,0,0,0,0,0,0,0,0,0,20000,0,0,0,20000,0,20000,20000
049651,訊芯凱基94購04  ,0,0,0,0,0,0,0,0,0,20000,0,0,0,30000,10000,20000,20000
049835,緯穎凱基94購05  ,0,0,0,0,0,0,0,0,0,20000,0,0,0,23000,3000,20000,20000
049800,瑞昱元大94購05  ,0,0,0,0,0,0,0,0,0,20000,0,0,0,47000,27000,20000,20000
046899,鴻海凱基93購21  ,0,0,0,0,0,0,0,0,0,20000,0,0,0,20000,0,20000,20000
047532,上海銀元大93購02,0,0,0,0,0,0,0,0,0,20000,0,0,0,60000,40000,20000,20000
048379,台郡元富96購01  ,0,0,0,0,0,0,0,0,0,20000,0,0,0,20000,0,20000,20000
048304,滬深2X凱基93購04,0,0,0,0,0,0,0,0,0,20000,0,0,0,20000,0,20000,20000
048275,A50正2永豐93購01,0,0,0,0,0,0,0,0,0,20000,0,0,0,20000,0,20000,20000
048684,上海銀富邦93購02,0,0,0,0,0,0,0,0,0,20000,0,0,0,20000,0,20000,20000
048693,GIS群益94購02   ,0,0,0,0,0,0,0,0,0,20000,0,0,0,20000,0,20000,20000
048996,中環第一94購01  ,0,0,0,0,0,0,0,0,0,20000,0,0,0,20000,0,20000,20000
049542,鴻海群益94購05  ,0,0,0,0,0,0,0,0,0,20000,0,0,0,30000,10000,20000,20000
049123,可成元富94購01  ,0,0,0,0,0,0,0,0,0,20000,0,0,0,20000,0,20000,20000
049600,緯穎元大95購02  ,0,0,0,0,0,0,0,0,0,20000,0,0,0,24000,4000,20000,20000
049175,台積電凱基94購12,0,0,0,0,0,0,0,0,0,20000,0,0,0,40000,20000,20000,20000
048919,堤維西永豐94購01,0,0,0,0,0,0,0,0,0,20000,0,0,0,20000,0,20000,20000
048961,矽創康和94購01  ,0,0,0,0,0,0,0,0,0,20000,0,0,0,20000,0,20000,20000
048969,兆赫元大94購01  ,0,0,0,0,0,0,0,0,0,20000,0,0,0,20000,0,20000,20000
048468,光磊永豐93購01  ,0,0,0,0,0,0,0,0,0,20000,0,0,0,20000,0,20000,20000
048471,旭富永豐93購01  ,0,0,0,0,0,0,0,0,0,20000,0,0,0,20000,0,20000,20000
048444,燿華凱基93購05  ,0,0,0,0,0,0,0,0,0,20000,0,0,0,20000,0,20000,20000
048500,樺漢元大93購03  ,0,0,0,0,0,0,0,0,0,20000,0,0,0,22000,2000,20000,20000
047224,台光電凱基94購01,0,0,0,0,0,0,0,0,0,20000,0,0,0,55000,35000,20000,20000
04789P,台積電富邦95售03,0,0,0,0,0,0,0,0,0,20000,0,0,0,20000,0,20000,20000
047913,美利達麥證93購01,0,0,0,20000,0,20000,0,0,0,20000,0,0,0,20000,0,20000,20000
047879,台積電中信93購04,0,0,0,0,0,0,0,0,0,20000,0,0,0,20000,0,20000,20000
047838,亞光元大93購03  ,0,0,0,0,0,0,0,0,0,20000,0,0,0,21000,1000,20000,20000
047829,旺宏元大93購06  ,0,0,0,0,0,0,0,0,0,20000,0,0,0,20000,0,20000,20000
047946,南亞科統一93購04,0,0,0,0,0,0,0,0,0,20000,0,0,0,20000,0,20000,20000
048758,美利達元富96購02,0,0,0,0,0,0,0,0,0,20000,0,0,0,30000,10000,20000,20000
048727,大成鋼麥證94購01,0,0,0,40000,20000,20000,0,0,0,20000,0,0,0,40000,20000,20000,20000
049472,楠梓電永豐95購01,0,0,0,0,0,0,0,0,0,20000,0,0,0,30000,10000,20000,20000
048147,元油反元富95購01,0,0,0,0,0,0,0,0,0,20000,0,0,0,30000,10000,20000,20000
048158,大立光兆豐95購01,0,0,0,0,0,0,0,0,0,20000,0,0,0,20000,0,20000,20000
047725,廣達群益93購01  ,0,0,0,0,0,0,0,0,0,20000,0,0,0,30000,10000,20000,20000
050576,南亞科國票95購01,0,0,0,0,0,0,0,0,0,20000,0,0,0,20000,0,20000,20000
050610,鴻海元大94購24  ,0,0,0,0,0,0,0,0,0,20000,0,0,0,61000,41000,20000,20000
050894,旺宏元大96購03  ,0,0,0,0,0,0,0,0,0,20000,0,0,0,20000,0,20000,20000
051151,中磊凱基95購02  ,0,0,0,0,0,0,0,0,0,20000,0,0,0,20000,0,20000,20000
05097P,聯發科日盛95售01,0,0,0,0,0,0,0,0,0,20000,0,0,0,20000,0,20000,20000
050974,大成鋼統一95購01,0,0,0,0,0,0,0,0,0,20000,0,0,0,93000,73000,20000,20000
050235,國巨凱基94購11  ,0,0,0,0,0,0,0,0,0,20000,0,0,0,20000,0,20000,20000
050234,國巨凱基94購10  ,0,0,0,0,0,0,0,0,0,20000,0,0,0,32000,12000,20000,20000
051011,國巨凱基95購03  ,0,0,0,0,0,0,0,0,0,20000,0,0,0,22000,2000,20000,20000
051474,智邦凱基95購04  ,0,0,0,0,0,0,0,0,0,20000,0,0,0,20000,0,20000,20000
051596,超眾元大95購05  ,0,0,0,0,0,0,0,0,0,20000,0,0,0,20000,0,20000,20000
05160P,國巨國票96售03  ,0,0,0,0,0,0,0,0,0,20000,0,0,0,40000,20000,20000,20000
051618,智邦凱基95購06  ,0,0,0,0,0,0,0,0,0,20000,0,0,0,79000,59000,20000,20000
051650,矽力永豐95購01  ,0,0,0,0,0,0,0,0,0,20000,0,0,0,31000,11000,20000,20000
052201,超眾統一96購01  ,0,0,0,0,0,0,0,0,0,20000,0,0,0,70000,50000,20000,20000
05255P,義隆凱基95售01  ,0,0,0,0,0,0,0,0,0,20000,0,0,0,20000,0,20000,20000
052521,友達元大9B購01  ,0,0,0,0,0,0,0,0,0,20000,0,0,0,20000,0,20000,20000
052497,楠梓電永豐96購01,0,0,0,0,0,0,0,0,0,20000,0,0,0,20000,0,20000,20000
052393,康友群益95購05  ,0,0,0,0,0,0,0,0,0,20000,0,0,0,80000,60000,20000,20000
052366,聯詠國票96購01  ,0,0,0,0,0,0,0,0,0,20000,0,0,0,20000,0,20000,20000
053100,美律元富96購01  ,0,0,0,0,0,0,0,0,0,20000,0,0,0,20000,0,20000,20000
053108,南亞科兆豐96購01,0,0,0,0,0,0,0,0,0,20000,0,0,0,20000,0,20000,20000
053277,大立光元大96購04,0,0,0,0,0,0,0,0,0,20000,0,0,0,20000,0,20000,20000
052795,健策兆豐97購01  ,0,0,0,0,0,0,0,0,0,20000,0,0,0,20000,0,20000,20000
052708,楠梓電永豐97購01,0,0,0,0,0,0,0,0,0,20000,0,0,0,20000,0,20000,20000
052951,GIS國票97購02   ,0,0,0,0,0,0,0,0,0,20000,0,0,0,20000,0,20000,20000
052954,大成鋼日盛96購01,0,0,0,0,0,0,0,0,0,20000,0,0,0,30000,10000,20000,20000
05989P,健策元富96售01  ,0,0,0,0,0,0,0,0,0,20000,0,0,0,20000,0,20000,20000
1218,泰山            ,50000,30000,20000,0,0,0,0,0,0,0,0,0,0,0,0,0,20000
08852P,台灣50台新01售01,0,0,0,0,0,0,0,0,0,20000,0,0,0,20000,0,20000,20000
1325,恆大            ,43000,23000,20000,0,0,0,0,0,0,0,0,0,0,0,0,0,20000
6414,樺漢            ,128000,199000,-71000,0,0,0,0,100000,-100000,191000,121000,27000,94000,162000,65000,97000,20000
3702A,大聯大甲特      ,0,0,0,0,0,0,0,0,0,20000,20000,0,20000,0,0,0,20000
01002T,土銀國泰R1      ,19978,0,19978,0,0,0,0,0,0,0,0,0,0,0,0,0,19978
055476,台郡凱基97購02  ,0,0,0,0,0,0,0,0,0,19000,0,0,0,29000,10000,19000,19000
05617P,大立光統一97售02,0,0,0,0,0,0,0,0,0,19000,0,0,0,21000,2000,19000,19000
05563P,台積電元大97售07,0,0,0,0,0,0,0,0,0,19000,0,0,0,21000,2000,19000,19000
054897,信錦康和97購01  ,0,0,0,0,0,0,0,0,0,19000,0,0,0,68000,49000,19000,19000
054966,貿聯元大98購02  ,0,0,0,0,0,0,0,0,0,19000,0,0,0,347000,328000,19000,19000
055028,佐登國泰98購01  ,0,0,0,0,0,0,0,0,0,19000,0,0,0,30000,11000,19000,19000
053625,國巨兆豐96購03  ,0,0,0,0,0,0,0,0,0,19000,0,0,0,60000,41000,19000,19000
053905,華新科凱基96購10,0,0,0,0,0,0,0,0,0,19000,0,0,0,63000,44000,19000,19000
00865B,國泰US短期公債  ,0,0,0,0,0,0,0,0,0,19000,0,0,0,19000,0,19000,19000
00830,國泰費城半導體  ,0,0,0,0,0,0,0,0,0,19000,0,0,0,68000,49000,19000,19000
0055,元大MSCI金融    ,0,0,0,0,0,0,0,0,0,19000,0,0,0,19000,0,19000,19000
043748,漢唐元大93購01  ,0,0,0,0,0,0,0,0,0,19000,0,0,0,28000,9000,19000,19000
04288P,台積電中信95售06,0,0,0,0,0,0,0,0,0,19000,0,0,0,20000,1000,19000,19000
046391,上海銀統一94購01,0,0,0,0,0,0,0,0,0,19000,0,0,0,20000,1000,19000,19000
04252P,台達電元富93售02,0,0,0,0,0,0,0,0,0,19000,0,0,0,20000,1000,19000,19000
04188P,康控元富93售03  ,0,0,0,0,0,0,0,0,0,19000,0,0,0,20000,1000,19000,19000
050003,景碩永豐94購01  ,0,0,0,0,0,0,0,0,0,19000,0,0,0,19000,0,19000,19000
045128,旺宏統一92購01  ,0,0,0,0,0,0,0,0,0,19000,0,0,0,41000,22000,19000,19000
046621,智伸科凱基93購02,0,0,0,0,0,0,0,0,0,19000,0,0,0,28000,9000,19000,19000
048818,台達電凱基94購01,0,0,0,0,0,0,0,0,0,19000,0,0,0,33000,14000,19000,19000
04792P,智邦元大94售06  ,0,0,0,0,0,0,0,0,0,19000,0,0,0,20000,1000,19000,19000
049154,玉晶光元大95購02,0,0,0,0,0,0,0,0,0,19000,0,0,0,71000,52000,19000,19000
046921,日電貿永豐93購01,0,0,0,0,0,0,0,0,0,19000,0,0,0,19000,0,19000,19000
050519,旺宏元大95購03  ,0,0,0,0,0,0,0,0,0,19000,0,0,0,19000,0,19000,19000
050112,高鐵元大94購02  ,0,0,0,0,0,0,0,0,0,19000,0,0,0,28000,9000,19000,19000
052904,冠德國票97購01  ,0,0,0,0,0,0,0,0,0,19000,0,0,0,19000,0,19000,19000
052732,新唐國泰97購01  ,0,0,0,0,0,0,0,0,0,19000,0,0,0,19000,0,19000,19000
052805,晶技元大97購01  ,0,0,0,0,0,0,0,0,0,19000,0,0,0,163000,144000,19000,19000
053227,晶技台新96購01  ,0,0,0,0,0,0,0,0,0,19000,0,0,0,19000,0,19000,19000
053093,緯穎元大96購06  ,0,0,0,0,0,0,0,0,0,19000,0,0,0,102000,83000,19000,19000
052353,高鐵群益97購01  ,0,0,0,0,0,0,0,0,0,19000,0,0,0,19000,0,19000,19000
05241P,鴻海國泰97售04  ,0,0,0,0,0,0,0,0,0,19000,0,0,0,82000,63000,19000,19000
052016,神基永豐95購01  ,0,0,0,0,0,0,0,0,0,19000,0,0,0,19000,0,19000,19000
051986,燿華元大96購04  ,0,0,0,0,0,0,0,0,0,19000,0,0,0,20000,1000,19000,19000
051450,世芯元大95購02  ,0,0,0,0,0,0,0,0,0,19000,0,0,0,41000,22000,19000,19000
05143P,臻鼎台新95售01  ,0,0,0,0,0,0,0,0,0,19000,0,0,0,19000,0,19000,19000
051516,全新凱基96購02  ,0,0,0,0,0,0,0,0,0,19000,0,0,0,19000,0,19000,19000
051092,禾伸堂元大95購02,0,0,0,0,0,0,0,0,0,19000,0,0,0,45000,26000,19000,19000
050931,上証2X國票95購03,0,0,0,0,0,0,0,0,0,19000,0,0,0,19000,0,19000,19000
050740,旺宏永豐94購03  ,0,0,0,0,0,0,0,0,0,19000,0,0,0,39000,20000,19000,19000
050728,新日興國票94購01,0,0,0,0,0,0,0,0,0,19000,0,0,0,26000,7000,19000,19000
4540,全球傳動        ,75000,56000,19000,0,0,0,0,0,0,0,0,0,0,0,0,0,19000
6141,柏承            ,98000,80000,18000,0,0,0,0,0,0,1000,2000,1000,1000,0,0,0,19000
00636,國泰中國A50     ,132100,24000,108100,0,0,0,0,0,0,-90000,0,190000,-190000,570000,470000,100000,18100
053810,台達電群益96購01,0,0,0,0,0,0,0,0,0,18000,0,0,0,18000,0,18000,18000
054641,祥碩中信98購01  ,0,0,0,0,0,0,0,0,0,18000,0,0,0,120000,102000,18000,18000
054264,超眾元大97購02  ,0,0,0,0,0,0,0,0,0,18000,0,0,0,44000,26000,18000,18000
054849,日月光兆豐97購01,0,0,0,0,0,0,0,0,0,18000,0,0,0,18000,0,18000,18000
055277,旺宏元大97購04  ,0,0,0,0,0,0,0,0,0,18000,0,0,0,132000,114000,18000,18000
055365,華通元大97購03  ,0,0,0,0,0,0,0,0,0,18000,0,0,0,54000,36000,18000,18000
00656R,國泰中國A50反1  ,0,1000,-1000,0,0,0,0,0,0,19000,0,0,0,54000,35000,19000,18000
04010P,上銀元大93售07  ,0,0,0,0,0,0,0,0,0,18000,0,0,0,88000,70000,18000,18000
03334P,宏達電元大02售04,0,0,0,0,0,0,0,0,0,18000,0,0,0,18000,0,18000,18000
043591,智邦元大92購02  ,0,0,0,0,0,0,0,0,0,18000,0,0,0,20000,2000,18000,18000
044221,群創凱基93購03  ,0,0,0,0,0,0,0,0,0,18000,0,0,0,18000,0,18000,18000
042196,元油2X元大93購02,0,0,0,0,0,0,0,0,0,18000,0,0,0,132000,114000,18000,18000
045100,亞光中信93購01  ,0,0,0,0,0,0,0,0,0,18000,0,0,0,18000,0,18000,18000
04452P,超眾國泰95售01  ,0,0,0,0,0,0,0,0,0,18000,0,0,0,21000,3000,18000,18000
045512,訊芯凱基92購01  ,0,0,0,0,0,0,0,0,0,18000,0,0,0,19000,1000,18000,18000
049877,南亞科永豐94購01,0,0,0,0,0,0,0,0,0,18000,0,0,0,18000,0,18000,18000
049904,矽力元富94購01  ,0,0,0,0,0,0,0,0,0,18000,0,0,0,20000,2000,18000,18000
04463P,可成元富94售03  ,0,0,0,0,0,0,0,0,0,18000,0,0,0,18000,0,18000,18000
04589P,祥碩永豐94售01  ,0,0,0,0,0,0,0,0,0,18000,0,0,0,177000,159000,18000,18000
045959,京元電凱基92購05,0,0,0,0,0,0,0,0,0,18000,0,0,0,18000,0,18000,18000
045839,台郡群益92購01  ,0,0,0,0,0,0,0,0,0,18000,0,0,0,18000,0,18000,18000
047687,元金2X富邦96購01,0,0,0,0,0,0,0,0,0,18000,0,0,0,18000,0,18000,18000
049430,國巨國票95購02  ,0,0,0,0,0,0,0,0,0,18000,0,0,0,69000,51000,18000,18000
048135,瀚宇博國票94購01,0,0,0,0,0,0,0,0,0,18000,0,0,0,18000,0,18000,18000
047353,台郡凱基93購03  ,0,0,0,0,0,0,0,0,0,18000,0,0,0,18000,0,18000,18000
048851,台達電群益94購01,0,0,0,0,0,0,0,0,0,18000,0,0,0,30000,12000,18000,18000
050664,全新台新94購02  ,0,0,0,0,0,0,0,0,0,18000,0,0,0,88000,70000,18000,18000
051557,昇陽半永豐96購01,0,0,0,0,0,0,0,0,0,18000,0,0,0,18000,0,18000,18000
051310,台達電麥證95購01,0,0,0,51000,31000,20000,0,0,0,18000,0,0,0,51000,33000,18000,18000
051368,國泰金富邦97購01,0,0,0,0,0,0,0,0,0,18000,0,0,0,23000,5000,18000,18000
052075,旺宏元富95購03  ,0,0,0,0,0,0,0,0,0,18000,0,0,0,18000,0,18000,18000
052454,力成元大95購02  ,0,0,0,0,0,0,0,0,0,18000,0,0,0,29000,11000,18000,18000
05257P,欣興凱基95售04  ,0,0,0,0,0,0,0,0,0,18000,0,0,0,20000,2000,18000,18000
053049,T50反1國票98購01,0,0,0,0,0,0,0,0,0,18000,0,0,0,18000,0,18000,18000
052874,超眾凱基96購01  ,0,0,0,0,0,0,0,0,0,18000,0,0,0,66000,48000,18000,18000
053009,大成鋼統一96購02,0,0,0,0,0,0,0,0,0,18000,0,0,0,56000,38000,18000,18000
2062,橋椿            ,20000,1000,19000,0,0,0,0,0,0,-1000,0,1000,-1000,0,0,0,18000
05983P,聯詠國票96售02  ,0,0,0,0,0,0,0,0,0,18000,0,0,0,49000,31000,18000,18000
6558,興能高          ,55200,38000,17200,0,0,0,0,0,0,0,0,0,0,0,0,0,17200
055297,啟碁元大97購01  ,0,0,0,0,0,0,0,0,0,17000,0,0,0,17000,0,17000,17000
054911,敬鵬凱基97購01  ,0,0,0,0,0,0,0,0,0,17000,0,0,0,18000,1000,17000,17000
05495P,大立光統一95售07,0,0,0,0,0,0,0,0,0,17000,0,0,0,72000,55000,17000,17000
05524P,瀚宇博國票97售02,0,0,0,0,0,0,0,0,0,17000,0,0,0,17000,0,17000,17000
053836,亞光永豐96購02  ,0,0,0,0,0,0,0,0,0,17000,0,0,0,20000,3000,17000,17000
049858,百和群益94購05  ,0,0,0,0,0,0,0,0,0,17000,0,0,0,40000,23000,17000,17000
047267,瀚宇博台新93購01,0,0,0,0,0,0,0,0,0,17000,0,0,0,17000,0,17000,17000
047306,儒鴻元大93購03  ,0,0,0,0,0,0,0,0,0,17000,0,0,0,30000,13000,17000,17000
045101,玉晶光中信94購01,0,0,0,0,0,0,0,0,0,17000,0,0,0,154000,137000,17000,17000
04517P,宏達電群益95售01,0,0,0,0,0,0,0,0,0,17000,0,0,0,34000,17000,17000,17000
045718,瑞昱凱基92購01  ,0,0,0,0,0,0,0,0,0,17000,0,0,0,21000,4000,17000,17000
046073,日月光凱基92購03,0,0,0,0,0,0,0,0,0,17000,0,0,0,17000,0,17000,17000
046291,友達統一94購01  ,0,0,0,0,0,0,0,0,0,17000,0,0,0,17000,0,17000,17000
046364,淘帝永豐92購01  ,0,0,0,0,0,0,0,0,0,17000,0,0,0,17000,0,17000,17000
047213,新日興富邦97購01,0,0,0,0,0,0,0,0,0,17000,0,0,0,222000,205000,17000,17000
049188,可成台新94購01  ,0,0,0,0,0,0,0,0,0,17000,0,0,0,17000,0,17000,17000
046930,亞光統一93購01  ,0,0,0,0,0,0,0,0,0,17000,0,0,0,17000,0,17000,17000
050426,國巨凱基94購14  ,0,0,0,0,0,0,0,0,0,17000,0,0,0,38000,21000,17000,17000
050471,國泰金台新94購01,0,0,0,0,0,0,0,0,0,17000,0,0,0,17000,0,17000,17000
052975,嘉聯益群益96購01,0,0,0,0,0,0,0,0,0,17000,0,0,0,47000,30000,17000,17000
053018,旺宏元富96購02  ,0,0,0,0,0,0,0,0,0,17000,0,0,0,18000,1000,17000,17000
052810,易華電元大96購02,0,0,0,0,0,0,0,0,0,17000,0,0,0,17000,0,17000,17000
053320,華新科群益97購01,0,0,0,0,0,0,0,0,0,17000,0,0,0,23000,6000,17000,17000
052622,貿聯兆豐97購01  ,0,0,0,0,0,0,0,0,0,17000,0,0,0,62000,45000,17000,17000
052214,智伸科元大96購01,0,0,0,0,0,0,0,0,0,17000,0,0,0,58000,41000,17000,17000
051299,致茂凱基95購01  ,0,0,0,0,0,0,0,0,0,17000,0,0,0,18000,1000,17000,17000
051608,新日興群益96購01,0,0,0,0,0,0,0,0,0,17000,0,0,0,209000,192000,17000,17000
051755,台積電元大96購08,0,0,0,0,0,0,0,0,0,17000,0,0,0,17000,0,17000,17000
051684,瑞昱凱基95購02  ,0,0,0,0,0,0,0,0,0,17000,0,0,0,22000,5000,17000,17000
050653,聯鈞凱基96購01  ,0,0,0,0,0,0,0,0,0,17000,0,0,0,118000,101000,17000,17000
051158,嘉晶富邦96購01  ,0,0,0,0,0,0,0,0,0,17000,0,0,0,20000,3000,17000,17000
2388,威盛            ,212000,193000,19000,0,0,0,0,0,0,-2000,0,2000,-2000,0,0,0,17000
06108P,奇力新群益97售05,0,0,0,0,0,0,0,0,0,17000,0,0,0,76000,59000,17000,17000
1338,廣華-KY         ,200000,181000,19000,0,0,0,0,0,0,-2000,0,2000,-2000,0,0,0,17000
910861,神州-DR         ,17000,0,17000,0,0,0,0,0,0,0,0,0,0,0,0,0,17000
2207,和泰車          ,191660,136192,55468,0,0,0,0,563,-563,-38000,0,39000,-39000,1000,0,1000,16905
053712,台光電凱基96購04,0,0,0,0,0,0,0,0,0,16000,0,0,0,23000,7000,16000,16000
053881,南亞科中信97購01,0,0,0,0,0,0,0,0,0,16000,0,0,0,16000,0,16000,16000
053643,漢唐國票97購02  ,0,0,0,0,0,0,0,0,0,16000,0,0,0,22000,6000,16000,16000
054067,百和國票97購03  ,0,0,0,0,0,0,0,0,0,16000,0,0,0,16000,0,16000,16000
054038,T50反1元大98購04,0,0,0,0,0,0,0,0,0,16000,0,0,0,16000,0,16000,16000
054156,聯電亞東98購01  ,0,0,0,0,0,0,0,0,0,16000,0,0,0,16000,0,16000,16000
054429,中石化台新97購01,0,0,0,0,0,0,0,0,0,16000,0,0,0,16000,0,16000,16000
054918,華新科凱基98購02,0,0,0,0,0,0,0,0,0,16000,0,0,0,32000,16000,16000,16000
055389,國巨統一98購02  ,0,0,0,0,0,0,0,0,0,16000,0,0,0,47000,31000,16000,16000
046362,華通永豐92購02  ,0,0,0,0,0,0,0,0,0,16000,0,0,0,54000,38000,16000,16000
04450P,京元電凱基94售01,0,0,0,0,0,0,0,0,0,16000,0,0,0,16000,0,16000,16000
036628,統一台新99購01  ,0,0,0,0,0,0,0,0,0,16000,0,0,0,16000,0,16000,16000
00712,FH富時不動產    ,98000,0,98000,0,0,0,0,0,0,-82000,0,0,0,126000,208000,-82000,16000
046243,麗豐中信92購01  ,0,0,0,0,0,0,0,0,0,16000,0,0,0,66000,50000,16000,16000
046068,國泰金凱基92購02,0,45000,-45000,0,0,0,0,0,0,61000,0,0,0,67000,6000,61000,16000
04554P,可成中信94售01  ,0,0,0,0,0,0,0,0,0,16000,0,0,0,16000,0,16000,16000
047293,全新元富93購03  ,0,0,0,0,0,0,0,0,0,16000,0,0,0,16000,0,16000,16000
048025,鴻海凱基93購30  ,0,0,0,0,0,0,0,0,0,16000,0,0,0,16000,0,16000,16000
050214,嘉晶台新94購01  ,0,0,0,0,0,0,0,0,0,16000,0,0,0,136000,120000,16000,16000
050387,鴻海統一94購08  ,0,0,0,0,0,0,0,0,0,16000,0,0,0,69000,53000,16000,16000
047523,瑞昱元大93購09  ,0,0,0,0,0,0,0,0,0,16000,0,0,0,47000,31000,16000,16000
046833,晶技群益93購01  ,0,0,0,0,0,0,0,0,0,16000,0,0,0,16000,0,16000,16000
04956P,臺股指日盛94售02,0,0,0,0,0,0,0,0,0,16000,0,0,0,96000,80000,16000,16000
048160,GIS兆豐95購01   ,0,0,0,0,0,0,0,0,0,16000,0,0,0,16000,0,16000,16000
047993,鑽全元大96購01  ,0,0,0,0,0,0,0,0,0,16000,0,0,0,33000,17000,16000,16000
050697,冠德凱基96購01  ,0,0,0,0,0,0,0,0,0,16000,0,0,0,16000,0,16000,16000
050708,臺股指凱基96購06,0,0,0,0,0,0,0,0,0,16000,0,0,0,16000,0,16000,16000
050605,上証2X元大97購02,0,0,0,0,0,0,0,0,0,16000,0,0,0,16000,0,16000,16000
050634,華新科群益96購01,0,0,0,0,0,0,0,0,0,16000,0,0,0,28000,12000,16000,16000
050761,華通元大94購05  ,0,0,0,0,0,0,0,0,0,16000,0,0,0,106000,90000,16000,16000
05079P,可成永豐95售01  ,0,0,0,0,0,0,0,0,0,16000,0,0,0,50000,34000,16000,16000
052207,台郡中信95購02  ,0,0,0,0,0,0,0,0,0,16000,0,0,0,30000,14000,16000,16000
052061,樺漢國票96購01  ,0,0,0,0,0,0,0,0,0,16000,0,0,0,67000,51000,16000,16000
05200P,臺股指永豐95售03,0,0,0,0,0,0,0,0,0,16000,0,0,0,85000,69000,16000,16000
052403,麗豐凱基96購01  ,0,0,0,0,0,0,0,0,0,16000,0,0,0,36000,20000,16000,16000
053216,京鼎凱基96購02  ,0,0,0,0,0,0,0,0,0,16000,0,0,0,67000,51000,16000,16000
053250,百和國票97購02  ,0,0,0,0,0,0,0,0,0,16000,0,0,0,16000,0,16000,16000
053180,同欣電統一96購01,0,0,0,0,0,0,0,0,0,16000,0,0,0,453000,437000,16000,16000
05313P,臺股指群益95售12,0,0,0,0,0,0,0,0,0,16000,0,0,0,18000,2000,16000,16000
052763,晶技群益97購01  ,0,0,0,0,0,0,0,0,0,16000,0,0,0,37000,21000,16000,16000
052953,百和國票97購01  ,0,0,0,0,0,0,0,0,0,16000,0,0,0,16000,0,16000,16000
2022,聚亨            ,19000,2000,17000,0,0,0,0,0,0,-1000,0,1000,-1000,0,0,0,16000
2029,盛餘            ,18000,2000,16000,0,0,0,0,0,0,0,0,0,0,0,0,0,16000
05981P,可成永昌98售02  ,0,0,0,0,0,0,0,0,0,16000,0,0,0,74000,58000,16000,16000
6172,互億            ,19000,3000,16000,0,0,0,0,0,0,0,0,0,0,0,0,0,16000
4956,光鋐            ,21000,2000,19000,0,0,0,0,0,0,-3000,0,3000,-3000,0,0,0,16000
055285,華新科元大99購03,0,0,0,0,0,0,0,0,0,15000,0,0,0,100000,85000,15000,15000
055304,瑞昱第一98購01  ,0,0,0,0,0,0,0,0,0,15000,0,0,0,20000,5000,15000,15000
055344,國巨凱基97購04  ,0,0,0,0,0,0,0,0,0,15000,0,0,0,15000,0,15000,15000
05646P,聯發科國票96售05,0,0,0,0,0,0,0,0,0,15000,0,0,0,30000,15000,15000,15000
05712P,友達統一97售03  ,0,0,0,0,0,0,0,0,0,15000,0,0,0,229000,214000,15000,15000
055175,建準統一97購01  ,0,0,0,0,0,0,0,0,0,15000,0,0,0,15000,0,15000,15000
054584,貿聯元富97購01  ,0,0,0,0,0,0,0,0,0,15000,0,0,0,67000,52000,15000,15000
054511,香港反元大98購01,0,0,0,0,0,0,0,0,0,15000,0,0,0,15000,0,15000,15000
054519,禾伸堂元大97購02,0,0,0,0,0,0,0,0,0,15000,0,0,0,37000,22000,15000,15000
054281,世芯群益97購01  ,0,0,0,0,0,0,0,0,0,15000,0,0,0,66000,51000,15000,15000
05340P,臺股指國票95售08,0,0,0,0,0,0,0,0,0,15000,0,0,0,20000,5000,15000,15000
053487,台泥兆豐97購01  ,0,0,0,0,0,0,0,0,0,15000,0,0,0,35000,20000,15000,15000
053803,聯發科凱基96購18,0,0,0,0,0,0,0,0,0,15000,0,0,0,212000,197000,15000,15000
044698,奇力新元大93購01,0,0,0,0,0,0,0,0,0,15000,0,0,0,15000,0,15000,15000
04634P,臺股指群益94售09,0,0,0,0,0,0,0,0,0,15000,0,0,0,15000,0,15000,15000
046541,超眾群益93購01  ,0,0,0,0,0,0,0,0,0,15000,0,0,0,15000,0,15000,15000
045327,智伸科永豐92購01,0,0,0,0,0,0,0,0,0,15000,0,0,0,15000,0,15000,15000
046061,中石化凱基98購01,0,0,0,0,0,0,0,0,0,15000,0,0,0,15000,0,15000,15000
045726,矽創凱基92購01  ,0,0,0,0,0,0,0,0,0,15000,0,0,0,15000,0,15000,15000
046612,群創麥證93購01  ,0,0,0,15000,0,15000,0,0,0,15000,0,0,0,15000,0,15000,15000
046127,臻鼎元大92購07  ,0,0,0,0,0,0,0,0,0,15000,0,0,0,115000,100000,15000,15000
046106,致新永豐92購01  ,0,0,0,0,0,0,0,0,0,15000,0,0,0,20000,5000,15000,15000
00713,元大台灣高息低波,0,0,0,0,0,0,0,0,0,15000,0,0,0,30000,15000,15000,15000
03236P,大立光元大02售03,0,0,0,0,0,0,0,0,0,15000,0,0,0,25000,10000,15000,15000
043190,宏達電元大93購01,0,0,0,0,0,0,0,0,0,15000,0,0,0,15000,0,15000,15000
04151P,日電貿康和93售01,0,0,0,0,0,0,0,0,0,15000,0,0,0,15000,0,15000,15000
04251P,欣興統一93售06  ,0,0,0,0,0,0,0,0,0,15000,0,0,0,25000,10000,15000,15000
042502,上銀凱基93購01  ,0,0,0,0,0,0,0,0,0,15000,0,0,0,15000,0,15000,15000
04414P,牧德元富94售04  ,0,0,0,0,0,0,0,0,0,15000,0,0,0,15000,0,15000,15000
043966,潤泰全國泰92購01,0,0,0,0,0,0,0,0,0,15000,0,0,0,15000,0,15000,15000
047450,南茂元大93購05  ,0,0,0,0,0,0,0,0,0,15000,0,0,0,21000,6000,15000,15000
048829,欣興凱基94購02  ,0,0,0,0,0,0,0,0,0,15000,0,0,0,18000,3000,15000,15000
047416,台泥富邦94購01  ,0,0,0,0,0,0,0,0,0,15000,0,0,0,15000,0,15000,15000
049243,佳世達元富96購02,0,0,0,0,0,0,0,0,0,15000,0,0,0,19000,4000,15000,15000
04890P,台積電元大95售05,0,0,0,0,0,0,0,0,0,15000,0,0,0,15000,0,15000,15000
048337,致茂元大93購04  ,0,0,0,0,0,0,0,0,0,15000,0,0,0,60000,45000,15000,15000
048328,滬深2X永昌94購01,0,0,0,0,0,0,0,0,0,15000,0,0,0,55000,40000,15000,15000
049788,智伸科兆豐95購01,0,0,0,0,0,0,0,0,0,15000,0,0,0,24000,9000,15000,15000
049688,台光電元大94購04,0,0,0,0,0,0,0,0,0,15000,0,0,0,20000,5000,15000,15000
050277,上銀亞東94購01  ,0,0,0,0,0,0,0,0,0,15000,0,0,0,15000,0,15000,15000
050183,奇鋐元大96購01  ,0,0,0,0,0,0,0,0,0,15000,0,0,0,15000,0,15000,15000
047026,大毅元大93購02  ,0,0,0,0,0,0,0,0,0,15000,0,0,0,20000,5000,15000,15000
04707P,喬山元大94售01  ,0,0,0,0,0,0,0,0,0,15000,0,0,0,18000,3000,15000,15000
052940,玉晶光兆豐97購01,0,0,0,0,0,0,0,0,0,15000,0,0,0,15000,0,15000,15000
052968,燿華群益98購01  ,0,0,0,0,0,0,0,0,0,15000,0,0,0,20000,5000,15000,15000
052978,貿聯麥證97購01  ,0,0,0,20000,5000,15000,0,0,0,15000,0,0,0,20000,5000,15000,15000
052762,欣興群益96購01  ,0,0,0,0,0,0,0,0,0,15000,0,0,0,22000,7000,15000,15000
053145,元黃金元大96購02,0,0,0,0,0,0,0,0,0,15000,0,0,0,15000,0,15000,15000
053184,世紀鋼元富96購01,0,0,0,0,0,0,0,0,0,15000,0,0,0,15000,0,15000,15000
053065,大立光群益96購01,0,0,0,0,0,0,0,0,0,15000,0,0,0,15000,0,15000,15000
052374,瑞昱元大95購02  ,0,0,0,0,0,0,0,0,0,15000,0,0,0,77000,62000,15000,15000
050594,康友永豐94購01  ,0,0,0,0,0,0,0,0,0,15000,0,0,0,71000,56000,15000,15000
05113P,臺股指元富95售01,0,0,0,0,0,0,0,0,0,15000,0,0,0,15000,0,15000,15000
051087,國巨元大97購01  ,0,0,0,0,0,0,0,0,0,15000,0,0,0,15000,0,15000,15000
051030,康友元富95購01  ,0,0,0,0,0,0,0,0,0,15000,0,0,0,24000,9000,15000,15000
050255,GIS富邦95購01   ,0,0,0,0,0,0,0,0,0,15000,0,0,0,20000,5000,15000,15000
050963,強茂永豐95購01  ,0,0,0,0,0,0,0,0,0,15000,0,0,0,15000,0,15000,15000
050939,健鼎國票96購01  ,0,0,0,0,0,0,0,0,0,15000,0,0,0,15000,0,15000,15000
051674,臻鼎元大95購02  ,0,0,0,0,0,0,0,0,0,15000,0,0,0,15000,0,15000,15000
051840,康友國泰97購02  ,0,0,0,0,0,0,0,0,0,15000,0,0,0,198000,183000,15000,15000
051382,玉晶光群益98購02,0,0,0,0,0,0,0,0,0,15000,0,0,0,15000,0,15000,15000
2491,吉祥全          ,15000,0,15000,0,0,0,0,0,0,0,0,0,0,0,0,0,15000
2855,統一證          ,78000,63000,15000,0,0,0,0,0,0,0,0,0,0,0,0,0,15000
05941P,聯發科凱基96售22,0,0,0,0,0,0,0,0,0,15000,0,0,0,20000,5000,15000,15000
1760,寶齡富錦        ,17000,4000,13000,0,0,0,0,0,0,2000,0,0,0,3000,1000,2000,15000
08890P,為升元大01售04  ,0,0,0,0,0,0,0,0,0,15000,0,0,0,15000,0,15000,15000
053767,臻鼎富邦97購02  ,0,0,0,0,0,0,0,0,0,14000,0,0,0,14000,0,14000,14000
053960,晶技永豐96購02  ,0,0,0,0,0,0,0,0,0,14000,0,0,0,14000,0,14000,14000
054199,大立光永昌96購07,0,0,0,0,0,0,0,0,0,14000,0,0,0,14000,0,14000,14000
054597,南亞台新97購01  ,0,0,0,0,0,0,0,0,0,14000,0,0,0,45000,31000,14000,14000
054426,國泰金富邦97購02,0,0,0,0,0,0,0,0,0,14000,0,0,0,17000,3000,14000,14000
054409,亞光國票97購02  ,0,0,0,0,0,0,0,0,0,14000,0,0,0,24000,10000,14000,14000
05523P,聯發科國票96售04,0,0,0,0,0,0,0,0,0,14000,0,0,0,440000,426000,14000,14000
054930,群電凱基98購01  ,0,0,0,0,0,0,0,0,0,14000,0,0,0,50000,36000,14000,14000
055573,國巨統一97購06  ,0,0,0,0,0,0,0,0,0,14000,0,0,0,15000,1000,14000,14000
043936,和大兆豐92購01  ,0,0,0,0,0,0,0,0,0,14000,0,0,0,21000,7000,14000,14000
042143,奇鋐元大92購01  ,0,0,0,0,0,0,0,0,0,14000,0,0,0,14000,0,14000,14000
04203P,超眾元大93售04  ,0,0,0,0,0,0,0,0,0,14000,0,0,0,14000,0,14000,14000
04422P,玉晶光永豐94售03,0,0,0,0,0,0,0,0,0,14000,0,0,0,110000,96000,14000,14000
03242P,聯電統一02售04  ,0,0,0,0,0,0,0,0,0,14000,0,0,0,164000,150000,14000,14000
046571,瑞昱國泰93購01  ,0,0,0,0,0,0,0,0,0,14000,0,0,0,14000,0,14000,14000
045208,力成國泰94購01  ,0,0,0,0,0,0,0,0,0,14000,0,0,0,14000,0,14000,14000
045213,A50正2元大95購01,0,0,0,0,0,0,0,0,0,14000,0,0,0,90000,76000,14000,14000
046753,台積電凱基93購04,0,0,0,0,0,0,0,0,0,14000,0,0,0,21000,7000,14000,14000
04731P,臺股指中信96售03,0,0,0,0,0,0,0,0,0,14000,0,0,0,90000,76000,14000,14000
047279,日月光永豐93購01,0,0,0,0,0,0,0,0,0,14000,0,0,0,62000,48000,14000,14000
049873,華新科台新94購02,0,0,0,0,0,0,0,0,0,14000,0,0,0,14000,0,14000,14000
049909,國巨元大95購01  ,0,0,0,0,0,0,0,0,0,14000,0,0,0,151000,137000,14000,14000
049901,瑞昱元富94購01  ,0,0,0,0,0,0,0,0,0,14000,0,0,0,14000,0,14000,14000
047075,群創兆豐93購01  ,0,0,0,0,0,0,0,0,0,14000,0,0,0,14000,0,14000,14000
050545,奇力新凱基95購01,0,0,0,0,0,0,0,0,0,14000,0,0,0,14000,0,14000,14000
049803,華新科元大95購07,0,0,0,0,0,0,0,0,0,14000,0,0,0,63000,49000,14000,14000
049284,瑞昱中信94購02  ,0,0,0,0,0,0,0,0,0,14000,0,0,0,14000,0,14000,14000
047388,京元電元大95購01,0,0,0,0,0,0,0,0,0,14000,0,0,0,14000,0,14000,14000
048746,台達電元富94購01,0,0,0,0,0,0,0,0,0,14000,0,0,0,24000,10000,14000,14000
047447,台郡元大94購02  ,0,0,0,0,0,0,0,0,0,14000,0,0,0,15000,1000,14000,14000
047782,燿華國泰95購01  ,0,0,0,0,0,0,0,0,0,14000,0,0,0,24000,10000,14000,14000
047997,南亞科元大93購03,0,0,0,0,0,0,0,0,0,14000,0,0,0,27000,13000,14000,14000
047818,台郡凱基93購04  ,0,0,0,0,0,0,0,0,0,14000,0,0,0,14000,0,14000,14000
051291,聯詠統一95購01  ,0,0,0,0,0,0,0,0,0,14000,0,0,0,28000,14000,14000,14000
051729,華新國票96購01  ,0,0,0,0,0,0,0,0,0,14000,0,0,0,14000,0,14000,14000
050386,智伸科國票94購01,0,0,0,0,0,0,0,0,0,14000,0,0,0,63000,49000,14000,14000
050381,鴻海兆豐94購01  ,0,0,0,0,0,0,0,0,0,14000,0,0,0,14000,0,14000,14000
050690,台達電凱基96購01,0,0,0,0,0,0,0,0,0,14000,0,0,0,26000,12000,14000,14000
052400,聯詠凱基97購01  ,0,0,0,0,0,0,0,0,0,14000,0,0,0,14000,0,14000,14000
053046,智易中信96購01  ,0,0,0,0,0,0,0,0,0,14000,0,0,0,14000,0,14000,14000
053205,台光電麥證96購01,0,0,0,86000,72000,14000,0,0,0,14000,0,0,0,86000,72000,14000,14000
1522,堤維西          ,79000,63000,16000,0,0,0,0,0,0,-2000,4000,6000,-2000,0,0,0,14000
05893P,國巨兆豐96售04  ,0,0,0,0,0,0,0,0,0,14000,0,0,0,33000,19000,14000,14000
06028P,智邦台新97售01  ,0,0,0,0,0,0,0,0,0,14000,0,0,0,51000,37000,14000,14000
3033,威健            ,17000,0,17000,0,0,0,0,0,0,-3000,0,3000,-3000,0,0,0,14000
4989,榮科            ,24000,9000,15000,0,0,0,0,0,0,-1000,0,1000,-1000,0,0,0,14000
4536,拓凱            ,41000,56000,-15000,0,0,0,15000,0,15000,14000,23000,5000,18000,0,4000,-4000,14000
3380,明泰            ,110000,122000,-12000,0,0,0,0,0,0,26000,46000,35000,11000,15000,0,15000,14000
6715,嘉基            ,27000,23000,4000,0,0,0,0,0,0,10000,15000,5000,10000,0,0,0,14000
8215,明基材          ,249000,231000,18000,0,0,0,0,0,0,-4000,4000,8000,-4000,0,0,0,14000
6669,緯穎            ,315302,311500,3802,0,0,0,34000,0,34000,-24000,11000,28000,-17000,8000,15000,-7000,13802
055324,TPK國票98購03   ,0,0,0,0,0,0,0,0,0,13000,0,0,0,13000,0,13000,13000
055078,亞泥中信98購01  ,0,0,0,0,0,0,0,0,0,13000,0,0,0,13000,0,13000,13000
054467,隆達凱基97購01  ,0,0,0,0,0,0,0,0,0,13000,0,0,0,13000,0,13000,13000
054122,康友永豐96購01  ,0,0,0,0,0,0,0,0,0,13000,0,0,0,383000,370000,13000,13000
053651,台光電凱基98購01,0,0,0,0,0,0,0,0,0,13000,0,0,0,50000,37000,13000,13000
048018,南亞科麥證93購01,0,0,0,13000,0,13000,0,0,0,13000,0,0,0,13000,0,13000,13000
046573,上緯控國泰94購01,0,0,0,0,0,0,0,0,0,13000,0,0,0,23000,10000,13000,13000
046105,同欣電永豐92購02,0,0,0,0,0,0,0,0,0,13000,0,0,0,116000,103000,13000,13000
03111P,元油2X富邦97售01,0,0,0,0,0,0,0,0,0,13000,0,0,0,13000,0,13000,13000
044425,友達國泰92購01  ,0,0,0,0,0,0,0,0,0,13000,0,0,0,13000,0,13000,13000
047940,台光電國票93購01,0,0,0,0,0,0,0,0,0,13000,0,0,0,15000,2000,13000,13000
049518,宏達電國票95購02,0,0,0,0,0,0,0,0,0,13000,0,0,0,215000,202000,13000,13000
048616,智伸科凱基93購07,0,0,0,0,0,0,0,0,0,13000,0,0,0,52000,39000,13000,13000
049742,日月光群益94購02,0,0,0,0,0,0,0,0,0,13000,0,0,0,14000,1000,13000,13000
046940,瑞昱元大93購07  ,0,0,0,0,0,0,0,0,0,13000,0,0,0,23000,10000,13000,13000
053056,同欣電國票97購01,0,0,0,0,0,0,0,0,0,13000,0,0,0,13000,0,13000,13000
052656,力山元富96購01  ,0,0,0,0,0,0,0,0,0,13000,0,0,0,13000,0,13000,13000
052579,亞泥元富96購01  ,0,0,0,0,0,0,0,0,0,13000,0,0,0,23000,10000,13000,13000
052541,大立光統一95購06,0,0,0,0,0,0,0,0,0,13000,0,0,0,13000,0,13000,13000
051897,台光電國泰97購01,0,0,0,0,0,0,0,0,0,13000,0,0,0,20000,7000,13000,13000
2849,安泰銀          ,60000,0,60000,0,0,0,0,0,0,-47000,0,47000,-47000,0,0,0,13000
2851,中再保          ,13000,0,13000,0,0,0,0,0,0,0,0,0,0,0,0,0,13000
2348,海悅            ,18000,9000,9000,0,0,0,0,0,0,4000,4000,0,4000,0,0,0,13000
06122P,亞光元大98售01  ,0,0,0,0,0,0,0,0,0,13000,0,0,0,78000,65000,13000,13000
05858P,矽力中信96售01  ,0,0,0,0,0,0,0,0,0,13000,0,0,0,23000,10000,13000,13000
1608,華榮            ,16000,3000,13000,0,0,0,0,0,0,0,0,0,0,0,0,0,13000
9924,福興            ,25000,12000,13000,0,0,0,0,0,0,0,0,0,0,0,0,0,13000
053542,超眾永豐96購01  ,0,0,0,0,0,0,0,0,0,12000,0,0,0,32000,20000,12000,12000
053955,華通永豐96購04  ,0,0,0,0,0,0,0,0,0,12000,0,0,0,30000,18000,12000,12000
053956,旺宏永豐96購04  ,0,0,0,0,0,0,0,0,0,12000,0,0,0,12000,0,12000,12000
053952,南亞科台新96購01,0,0,0,0,0,0,0,0,0,12000,0,0,0,12000,0,12000,12000
053946,全新富邦97購02  ,0,0,0,0,0,0,0,0,0,12000,0,0,0,99000,87000,12000,12000
053727,麗豐凱基97購01  ,0,0,0,0,0,0,0,0,0,12000,0,0,0,89000,77000,12000,12000
054171,台郡凱基97購01  ,0,0,0,0,0,0,0,0,0,12000,0,0,0,31000,19000,12000,12000
054019,燿華台新96購01  ,0,0,0,0,0,0,0,0,0,12000,0,0,0,12000,0,12000,12000
054279,揚明光群益98購01,0,0,0,0,0,0,0,0,0,12000,0,0,0,12000,0,12000,12000
054274,智易中信96購02  ,0,0,0,0,0,0,0,0,0,12000,0,0,0,12000,0,12000,12000
054638,國泰金中信99購01,0,0,0,0,0,0,0,0,0,12000,0,0,0,12000,0,12000,12000
055011,元翎元富97購01  ,0,0,0,0,0,0,0,0,0,12000,0,0,0,12000,0,12000,12000
055110,美律凱基98購02  ,0,0,0,0,0,0,0,0,0,12000,0,0,0,12000,0,12000,12000
054777,昇陽半國票98購01,0,0,0,0,0,0,0,0,0,12000,0,0,0,17000,5000,12000,12000
055489,瑞昱元大97購02  ,0,0,0,0,0,0,0,0,0,12000,0,0,0,40000,28000,12000,12000
055458,燿華永豐98購01  ,0,0,0,0,0,0,0,0,0,12000,0,0,0,12000,0,12000,12000
044435,嘉澤元大91購03  ,0,0,0,0,0,0,0,0,0,12000,0,0,0,12000,0,12000,12000
046365,禾伸堂永豐92購02,0,0,0,0,0,0,0,0,0,12000,0,0,0,12000,0,12000,12000
03921P,亞光凱基94售01  ,0,0,0,0,0,0,0,0,0,12000,0,0,0,149000,137000,12000,12000
03399P,欣興中信02售03  ,0,0,0,0,0,0,0,0,0,12000,0,0,0,12000,0,12000,12000
046186,南亞科凱基92購03,0,0,0,0,0,0,0,0,0,12000,0,0,0,22000,10000,12000,12000
046284,世紀鋼永豐92購01,0,0,0,0,0,0,0,0,0,12000,0,0,0,12000,0,12000,12000
045532,台表科永豐92購01,0,0,0,0,0,0,0,0,0,12000,0,0,0,12000,0,12000,12000
047240,樺漢凱基93購01  ,0,0,0,0,0,0,0,0,0,12000,0,0,0,43000,31000,12000,12000
046737,鴻海群益93購04  ,0,0,0,0,0,0,0,0,0,12000,0,0,0,25000,13000,12000,12000
044778,力成元大91購02  ,0,0,0,0,0,0,0,0,0,12000,0,0,0,50000,38000,12000,12000
045845,台塑康和92購01  ,0,0,0,0,0,0,0,0,0,12000,0,0,0,12000,0,12000,12000
04585P,楠梓電永豐94售02,0,0,0,0,0,0,0,0,0,12000,0,0,0,22000,10000,12000,12000
046798,元油2X元大96購01,0,0,0,0,0,0,0,0,0,12000,0,0,0,15000,3000,12000,12000
045910,華通國票92購01  ,0,0,0,0,0,0,0,0,0,12000,0,0,0,20000,8000,12000,12000
047670,矽力永豐93購01  ,0,0,0,0,0,0,0,0,0,12000,0,0,0,14000,2000,12000,12000
047675,群創元富96購03  ,0,0,0,0,0,0,0,0,0,12000,0,0,0,50000,38000,12000,12000
047023,聯發科元大93購08,0,0,0,0,0,0,0,0,0,12000,0,0,0,12000,0,12000,12000
050110,京元電元大94購03,0,0,0,0,0,0,0,0,0,12000,0,0,0,12000,0,12000,12000
049679,臺股指國票94購12,0,0,0,0,0,0,0,0,0,12000,0,0,0,12000,0,12000,12000
049342,聯發科統一94購05,0,0,0,0,0,0,0,0,0,12000,0,0,0,40000,28000,12000,12000
048298,華通麥證94購01  ,0,0,0,12000,0,12000,0,0,0,12000,0,0,0,12000,0,12000,12000
04693P,超眾群益95售01  ,0,0,0,0,0,0,0,0,0,12000,0,0,0,47000,35000,12000,12000
048527,鴻海國票94購02  ,0,0,0,0,0,0,0,0,0,12000,0,0,0,19000,7000,12000,12000
048223,微星凱基93購02  ,0,0,0,0,0,0,0,0,0,12000,0,0,0,13000,1000,12000,12000
048687,旺宏群益96購01  ,0,0,0,0,0,0,0,0,0,12000,0,0,0,18000,6000,12000,12000
048807,崇越中信94購01  ,0,0,0,0,0,0,0,0,0,12000,0,0,0,111000,99000,12000,12000
049480,同欣電永豐94購01,0,0,0,0,0,0,0,0,0,12000,0,0,0,130000,118000,12000,12000
048768,景碩凱基94購02  ,0,0,0,0,0,0,0,0,0,12000,0,0,0,12000,0,12000,12000
047379,元油2X元大96購03,0,0,0,0,0,0,0,0,0,12000,0,0,0,12000,0,12000,12000
047711,華新科凱基94購03,0,0,0,0,0,0,0,0,0,12000,0,0,0,20000,8000,12000,12000
051870,台郡凱基95購04  ,0,0,0,0,0,0,0,0,0,12000,0,0,0,223000,211000,12000,12000
051704,智邦群益95購02  ,0,0,0,0,0,0,0,0,0,12000,0,0,0,49000,37000,12000,12000
051468,智邦日盛95購01  ,0,0,0,0,0,0,0,0,0,12000,0,0,0,17000,5000,12000,12000
050703,矽格凱基94購02  ,0,0,0,0,0,0,0,0,0,12000,0,0,0,100000,88000,12000,12000
050907,臺股指元大95購14,0,0,0,0,0,0,0,0,0,12000,0,0,0,12000,0,12000,12000
050841,國巨國票96購02  ,0,0,0,0,0,0,0,0,0,12000,0,0,0,160000,148000,12000,12000
050259,鴻海元大94購14  ,0,0,0,0,0,0,0,0,0,12000,0,0,0,25000,13000,12000,12000
051051,鴻海群益95購04  ,0,0,0,0,0,0,0,0,0,12000,0,0,0,110000,98000,12000,12000
052573,智伸科凱基97購01,0,0,0,0,0,0,0,0,0,12000,0,0,0,12000,0,12000,12000
052669,群創群益98購06  ,0,0,0,0,0,0,0,0,0,12000,0,0,0,12000,0,12000,12000
052490,禾伸堂國票95購01,0,0,0,0,0,0,0,0,0,12000,0,0,0,22000,10000,12000,12000
052519,旺宏元大95購05  ,0,0,0,0,0,0,0,0,0,12000,0,0,0,43000,31000,12000,12000
052202,矽力統一96購01  ,0,0,0,0,0,0,0,0,0,12000,0,0,0,12000,0,12000,12000
052164,啟碁永豐95購01  ,0,0,0,0,0,0,0,0,0,12000,0,0,0,12000,0,12000,12000
05298P,上銀元大95售03  ,0,0,0,0,0,0,0,0,0,12000,0,0,0,100000,88000,12000,12000
052912,日月光統一96購01,0,0,0,0,0,0,0,0,0,12000,0,0,0,16000,4000,12000,12000
1618,合機            ,12000,0,12000,0,0,0,0,0,0,0,0,0,0,0,0,0,12000
1806,冠軍            ,14000,2000,12000,0,0,0,0,0,0,0,0,0,0,0,0,0,12000
1219,福壽            ,12000,0,12000,0,0,0,0,0,0,0,0,0,0,0,0,0,12000
1203,味王            ,12000,0,12000,0,0,0,0,0,0,0,0,0,0,0,0,0,12000
05840P,臺股指富邦96售07,0,0,0,0,0,0,0,0,0,12000,0,0,0,20000,8000,12000,12000
05830P,滬深2X元富99售03,0,0,0,0,0,0,0,0,0,12000,0,0,0,12000,0,12000,12000
2397,友通            ,13000,0,13000,0,0,0,0,0,0,-1000,0,1000,-1000,0,0,0,12000
2442,新美齊          ,43000,11000,32000,0,0,0,0,0,0,-20000,0,20000,-20000,0,0,0,12000
2913,農林            ,159000,61000,98000,0,0,0,0,0,0,-86000,0,82000,-82000,0,4000,-4000,12000
6192,巨路            ,32000,20000,12000,0,0,0,0,0,0,0,0,0,0,0,0,0,12000
3305,昇貿            ,15000,0,15000,0,0,0,0,0,0,-3000,0,3000,-3000,0,0,0,12000
055586,旺宏元大98購06  ,0,0,0,0,0,0,0,0,0,11000,0,0,0,58000,47000,11000,11000
055311,健策群益98購02  ,0,0,0,0,0,0,0,0,0,11000,0,0,0,19000,8000,11000,11000
054799,超眾群益98購01  ,0,0,0,0,0,0,0,0,0,11000,0,0,0,11000,0,11000,11000
054791,泰碩群益99購02  ,0,0,0,0,0,0,0,0,0,11000,0,0,0,11000,0,11000,11000
054838,京鼎第一97購01  ,0,0,0,0,0,0,0,0,0,11000,0,0,0,46000,35000,11000,11000
054603,智易台新98購01  ,0,0,0,0,0,0,0,0,0,11000,0,0,0,11000,0,11000,11000
054416,禾伸堂元大97購01,0,0,0,0,0,0,0,0,0,11000,0,0,0,22000,11000,11000,11000
054183,亞光康和96購01  ,0,0,0,0,0,0,0,0,0,11000,0,0,0,31000,20000,11000,11000
054007,貿聯統一96購01  ,0,0,0,0,0,0,0,0,0,11000,0,0,0,11000,0,11000,11000
053689,台光電元大96購01,0,0,0,0,0,0,0,0,0,11000,0,0,0,42000,31000,11000,11000
053440,台積電凱基96購12,0,0,0,0,0,0,0,0,0,11000,0,0,0,188000,177000,11000,11000
053403,彩晶群益98購01  ,0,0,0,0,0,0,0,0,0,11000,0,0,0,11000,0,11000,11000
053387,緯創元大97購01  ,0,0,0,0,0,0,0,0,0,11000,0,0,0,80000,69000,11000,11000
046731,嘉聯益元大93購03,0,0,0,0,0,0,0,0,0,11000,0,0,0,11000,0,11000,11000
045534,深中小群益94購01,0,0,0,0,0,0,0,0,0,11000,0,0,0,11000,0,11000,11000
046533,為升群益92購02  ,0,0,0,0,0,0,0,0,0,11000,0,0,0,11000,0,11000,11000
046180,裕隆凱基93購01  ,0,0,0,0,0,0,0,0,0,11000,0,0,0,12000,1000,11000,11000
046578,聯電元大92購01  ,0,0,0,0,0,0,0,0,0,11000,0,0,0,11000,0,11000,11000
045730,鴻海第一92購01  ,0,0,0,0,0,0,0,0,0,11000,0,0,0,11000,0,11000,11000
046010,大立光元富92購03,0,0,0,0,0,0,0,0,0,11000,0,0,0,11000,0,11000,11000
00730,富邦臺灣優質高息,0,0,0,0,0,0,0,0,0,11000,0,0,0,220000,209000,11000,11000
044318,群創永豐91購01  ,0,0,0,0,0,0,0,0,0,11000,0,0,0,11000,0,11000,11000
043529,泰鼎元大92購01  ,0,0,0,0,0,0,0,0,0,11000,0,0,0,11000,0,11000,11000
045433,康友永豐92購01  ,0,0,0,0,0,0,0,0,0,11000,0,0,0,13000,2000,11000,11000
046444,矽力日盛92購01  ,0,0,0,0,0,0,0,0,0,11000,0,0,0,11000,0,11000,11000
044908,玉晶光凱基93購01,0,0,0,0,0,0,0,0,0,11000,0,0,0,11000,0,11000,11000
044173,矽創元大92購02  ,0,0,0,0,0,0,0,0,0,11000,0,0,0,115000,104000,11000,11000
04174P,上銀群益93售06  ,0,0,0,0,0,0,0,0,0,11000,0,0,0,11000,0,11000,11000
048849,光寶科群益94購01,0,0,0,0,0,0,0,0,0,11000,0,0,0,11000,0,11000,11000
04807P,聯茂元富94售01  ,0,0,0,0,0,0,0,0,0,11000,0,0,0,11000,0,11000,11000
048810,玉晶光第一94購01,0,0,0,0,0,0,0,0,0,11000,0,0,0,16000,5000,11000,11000
047930,嘉澤凱基93購03  ,0,0,0,0,0,0,0,0,0,11000,0,0,0,19000,8000,11000,11000
048716,力山永豐94購01  ,0,0,0,0,0,0,0,0,0,11000,0,0,0,11000,0,11000,11000
049211,昇陽半群益94購03,0,0,0,0,0,0,0,0,0,11000,0,0,0,11000,0,11000,11000
048204,訊芯元大93購06  ,0,0,0,0,0,0,0,0,0,11000,0,0,0,96000,85000,11000,11000
048864,昇陽半群益94購01,0,0,0,0,0,0,0,0,0,11000,0,0,0,11000,0,11000,11000
048511,美律凱基93購07  ,0,0,0,0,0,0,0,0,0,11000,0,0,0,11000,0,11000,11000
047530,智伸科元大93購04,0,0,0,0,0,0,0,0,0,11000,0,0,0,11000,0,11000,11000
046826,統一群益94購01  ,0,0,0,0,0,0,0,0,0,11000,0,0,0,11000,0,11000,11000
050550,大立光凱基95購04,0,0,0,0,0,0,0,0,0,11000,0,0,0,11000,0,11000,11000
050351,華新科群益95購02,0,0,0,0,0,0,0,0,0,11000,0,0,0,11000,0,11000,11000
050402,緯穎中信96購01  ,0,0,0,0,0,0,0,0,0,11000,0,0,0,29000,18000,11000,11000
050355,瑞儀群益94購01  ,0,0,0,0,0,0,0,0,0,11000,0,0,0,11000,0,11000,11000
052964,台表科凱基96購03,0,0,0,0,0,0,0,0,0,11000,0,0,0,11000,0,11000,11000
052753,電子類元大96購02,0,0,0,0,0,0,0,0,0,11000,0,0,0,11000,0,11000,11000
052885,高鐵兆豐98購01  ,0,0,0,0,0,0,0,0,0,11000,0,0,0,11000,0,11000,11000
053172,瑞儀群益97購01  ,0,0,0,0,0,0,0,0,0,11000,0,0,0,21000,10000,11000,11000
052576,聯茂凱基96購01  ,0,0,0,0,0,0,0,0,0,11000,0,0,0,31000,20000,11000,11000
052552,智邦國票97購01  ,0,0,0,0,0,0,0,0,0,11000,0,0,0,14000,3000,11000,11000
052530,台郡元大96購04  ,0,0,0,0,0,0,0,0,0,11000,0,0,0,21000,10000,11000,11000
051206,大立光麥證95購02,0,0,0,11000,0,11000,0,0,0,11000,0,0,0,11000,0,11000,11000
050377,華通第一94購01  ,0,0,0,0,0,0,0,0,0,11000,0,0,0,11000,0,11000,11000
050836,緯穎凱基95購01  ,0,0,0,0,0,0,0,0,0,11000,0,0,0,63000,52000,11000,11000
050670,牧德永豐94購03  ,0,0,0,0,0,0,0,0,0,11000,0,0,0,43000,32000,11000,11000
051560,玉晶光國泰97購03,0,0,0,0,0,0,0,0,0,11000,0,0,0,11000,0,11000,11000
05151P,台光電群益95售02,0,0,0,0,0,0,0,0,0,11000,0,0,0,11000,0,11000,11000
051388,大立光麥證95購03,0,0,0,11000,0,11000,0,0,0,11000,0,0,0,11000,0,11000,11000
051775,旺宏亞東95購01  ,0,0,0,0,0,0,0,0,0,11000,0,0,0,11000,0,11000,11000
051937,廣達群益95購01  ,0,0,0,0,0,0,0,0,0,11000,0,0,0,11000,0,11000,11000
051940,康舒群益95購01  ,0,0,0,0,0,0,0,0,0,11000,0,0,0,24000,13000,11000,11000
5706,鳳凰            ,11000,0,11000,0,0,0,0,0,0,0,0,0,0,0,0,0,11000
6672,騰輝電子-KY     ,29000,18000,11000,0,0,0,0,0,0,0,0,0,0,0,0,0,11000
2428,興勤            ,82000,58000,24000,0,0,0,0,0,0,-13000,0,8000,-8000,2000,7000,-5000,11000
2429,銘旺科          ,45000,34000,11000,0,0,0,0,0,0,0,0,0,0,0,0,0,11000
06032P,健策群益97售03  ,0,0,0,0,0,0,0,0,0,11000,0,0,0,11000,0,11000,11000
1460,宏遠            ,26000,15000,11000,0,0,0,0,0,0,0,0,0,0,0,0,0,11000
1432,大魯閣          ,12000,1000,11000,0,0,0,0,0,0,0,0,0,0,0,0,0,11000
053381,友達元大9A購02  ,0,0,0,0,0,0,0,0,0,10000,0,0,0,24000,14000,10000,10000
053410,啟碁兆豐96購01  ,0,0,0,0,0,0,0,0,0,10000,0,0,0,10000,0,10000,10000
053412,台達電國票97購02,0,0,0,0,0,0,0,0,0,10000,0,0,0,11000,1000,10000,10000
053351,A50正2兆豐97購01,0,0,0,0,0,0,0,0,0,10000,0,0,0,90000,80000,10000,10000
05336P,臺股指國票95售05,0,0,0,0,0,0,0,0,0,10000,0,0,0,10000,0,10000,10000
053359,矽力統一96購02  ,0,0,0,0,0,0,0,0,0,10000,0,0,0,10000,0,10000,10000
053453,新光金統一98購01,0,0,0,0,0,0,0,0,0,10000,0,0,0,10000,0,10000,10000
053467,鴻海元大96購20  ,0,0,0,0,0,0,0,0,0,10000,0,0,0,82000,72000,10000,10000
053551,可成凱基96購05  ,0,0,0,0,0,0,0,0,0,10000,0,0,0,46000,36000,10000,10000
053533,光罩永豐96購03  ,0,0,0,0,0,0,0,0,0,10000,0,0,0,10000,0,10000,10000
053522,臺股指群益99購01,0,0,0,0,0,0,0,0,0,10000,0,0,0,10000,0,10000,10000
053505,瑞儀兆豐97購01  ,0,0,0,0,0,0,0,0,0,10000,0,0,0,10000,0,10000,10000
053645,臺股指國票96購08,0,0,0,0,0,0,0,0,0,10000,0,0,0,10000,0,10000,10000
05365P,臺股指富邦95售05,0,0,0,0,0,0,0,0,0,10000,0,0,0,10000,0,10000,10000
053617,宏達電群益96購02,0,0,0,0,0,0,0,0,0,10000,0,0,0,10000,0,10000,10000
053716,京元電凱基97購01,0,0,0,0,0,0,0,0,0,10000,0,0,0,10000,0,10000,10000
053723,奇鋐凱基98購01  ,0,0,0,0,0,0,0,0,0,10000,0,0,0,10000,0,10000,10000
053740,元油反國票99購01,0,0,0,0,0,0,0,0,0,10000,0,0,0,10000,0,10000,10000
053826,光磊麥證97購01  ,0,0,0,30000,20000,10000,0,0,0,10000,0,0,0,30000,20000,10000,10000
053830,台積電台新96購02,0,0,0,0,0,0,0,0,0,10000,0,0,0,10000,0,10000,10000
053940,康友元富96購01  ,0,0,0,0,0,0,0,0,0,10000,0,0,0,127000,117000,10000,10000
053968,華邦電元大97購01,0,0,0,0,0,0,0,0,0,10000,0,0,0,16000,6000,10000,10000
053866,景碩元大97購02  ,0,0,0,0,0,0,0,0,0,10000,0,0,0,10000,0,10000,10000
053903,燿華凱基97購01  ,0,0,0,0,0,0,0,0,0,10000,0,0,0,10000,0,10000,10000
05392P,鴻海統一95售13  ,0,0,0,0,0,0,0,0,0,10000,0,0,0,10000,0,10000,10000
053921,嘉晶國票97購03  ,0,0,0,0,0,0,0,0,0,10000,0,0,0,31000,21000,10000,10000
054010,致伸元富96購01  ,0,0,0,0,0,0,0,0,0,10000,0,0,0,10000,0,10000,10000
05404P,台積電群益95售06,0,0,0,0,0,0,0,0,0,10000,0,0,0,10000,0,10000,10000
054092,大立光群益97購01,0,0,0,0,0,0,0,0,0,10000,0,0,0,32000,22000,10000,10000
054227,宏達電元富96購02,0,0,0,0,0,0,0,0,0,10000,0,0,0,10000,0,10000,10000
054263,聯茂元大96購02  ,0,0,0,0,0,0,0,0,0,10000,0,0,0,10000,0,10000,10000
054297,台郡元大98購01  ,0,0,0,0,0,0,0,0,0,10000,0,0,0,10000,0,10000,10000
054305,光磊凱基98購01  ,0,0,0,0,0,0,0,0,0,10000,0,0,0,10000,0,10000,10000
054438,群創台新96購01  ,0,0,0,0,0,0,0,0,0,10000,0,0,0,120000,110000,10000,10000
054443,樺漢台新96購02  ,0,0,0,0,0,0,0,0,0,10000,0,0,0,10000,0,10000,10000
054448,矽力兆豐96購01  ,0,0,0,0,0,0,0,0,0,10000,0,0,0,10000,0,10000,10000
054367,鴻海中信98購03  ,0,0,0,0,0,0,0,0,0,10000,0,0,0,10000,0,10000,10000
054340,大成鋼元富96購01,0,0,0,0,0,0,0,0,0,10000,0,0,0,10000,0,10000,10000
054627,義隆凱基98購01  ,0,0,0,0,0,0,0,0,0,10000,0,0,0,10000,0,10000,10000
054586,健鼎國泰99購01  ,0,0,0,0,0,0,0,0,0,10000,0,0,0,10000,0,10000,10000
054579,聯茂元大97購01  ,0,0,0,0,0,0,0,0,0,10000,0,0,0,12000,2000,10000,10000
054842,台達電兆豐98購01,0,0,0,0,0,0,0,0,0,10000,0,0,0,10000,0,10000,10000
054927,帆宣凱基97購01  ,0,0,0,0,0,0,0,0,0,10000,0,0,0,10000,0,10000,10000
054928,帆宣凱基98購01  ,0,0,0,0,0,0,0,0,0,10000,0,0,0,10000,0,10000,10000
054909,福懋科康和97購01,0,0,0,0,0,0,0,0,0,10000,0,0,0,10000,0,10000,10000
054894,GIS統一97購01   ,0,0,0,0,0,0,0,0,0,10000,0,0,0,20000,10000,10000,10000
05475P,聯茂亞東95售01  ,0,0,0,0,0,0,0,0,0,10000,0,0,0,10000,0,10000,10000
054734,燿華凱基97購03  ,0,0,0,0,0,0,0,0,0,10000,0,0,0,10000,0,10000,10000
054736,南亞科凱基98購01,0,0,0,0,0,0,0,0,0,10000,0,0,0,10000,0,10000,10000
054655,貿聯麥證98購01  ,0,0,0,10000,0,10000,0,0,0,10000,0,0,0,10000,0,10000,10000
054664,台表科元大97購04,0,0,0,0,0,0,0,0,0,10000,0,0,0,10000,0,10000,10000
054704,玉晶光第一97購01,0,0,0,0,0,0,0,0,0,10000,0,0,0,55000,45000,10000,10000
055195,昇陽半元富97購02,0,0,0,0,0,0,0,0,0,10000,0,0,0,40000,30000,10000,10000
055253,大立光統一97購06,0,0,0,0,0,0,0,0,0,10000,0,0,0,38000,28000,10000,10000
055015,帆宣元富97購01  ,0,0,0,0,0,0,0,0,0,10000,0,0,0,10000,0,10000,10000
055024,興勤國泰98購01  ,0,0,0,0,0,0,0,0,0,10000,0,0,0,43000,33000,10000,10000
054978,堤維西元富97購01,0,0,0,0,0,0,0,0,0,10000,0,0,0,10000,0,10000,10000
054997,文曄元富97購01  ,0,0,0,0,0,0,0,0,0,10000,0,0,0,10000,0,10000,10000
055118,嘉聯益凱基98購02,0,0,0,0,0,0,0,0,0,10000,0,0,0,10000,0,10000,10000
055068,亞翔永豐97購01  ,0,0,0,0,0,0,0,0,0,10000,0,0,0,10000,0,10000,10000
055075,南電永豐97購01  ,0,0,0,0,0,0,0,0,0,10000,0,0,0,10000,0,10000,10000
055402,正文元富97購02  ,0,0,0,0,0,0,0,0,0,10000,0,0,0,10000,0,10000,10000
055461,TPK永豐97購01   ,0,0,0,0,0,0,0,0,0,10000,0,0,0,10000,0,10000,10000
055473,禾伸堂凱基97購01,0,0,0,0,0,0,0,0,0,10000,0,0,0,17000,7000,10000,10000
05704P,矽力群益96售04  ,0,0,0,0,0,0,0,0,0,10000,0,0,0,10000,0,10000,10000
05705P,上証2X永豐96售03,0,0,0,0,0,0,0,0,0,10000,0,0,0,10000,0,10000,10000
05691P,聯發科中信98售01,0,0,0,0,0,0,0,0,0,10000,0,0,0,10000,0,10000,10000
05701P,彩晶凱基96售01  ,0,0,0,0,0,0,0,0,0,10000,0,0,0,10000,0,10000,10000
05773P,臺股指凱基99售03,0,0,0,0,0,0,0,0,0,10000,0,0,0,10000,0,10000,10000
05813P,臺股指國票96售06,0,0,0,0,0,0,0,0,0,10000,0,0,0,10000,0,10000,10000
05663P,創意元富96售04  ,0,0,0,0,0,0,0,0,0,10000,0,0,0,10000,0,10000,10000
05586P,臺股指凱基96售15,0,0,0,0,0,0,0,0,0,10000,0,0,0,30000,20000,10000,10000
055635,緯穎永豐97購01  ,0,0,0,0,0,0,0,0,0,10000,0,0,0,10000,0,10000,10000
04146P,可成凱基93售14  ,0,0,0,0,0,0,0,0,0,10000,0,0,0,10000,0,10000,10000
044510,台光電凱基93購04,0,0,0,0,0,0,0,0,0,10000,0,0,0,45000,35000,10000,10000
044518,京鼎凱基92購01  ,0,0,0,0,0,0,0,0,0,10000,0,0,0,10000,0,10000,10000
044499,中磊元大91購02  ,0,0,0,0,0,0,0,0,0,10000,0,0,0,10000,0,10000,10000
042294,大立光元大91購05,0,0,0,0,0,0,0,0,0,10000,0,0,0,10000,0,10000,10000
042295,大立光元大92購04,0,0,0,0,0,0,0,0,0,10000,0,0,0,10000,0,10000,10000
042425,台郡元大91購01  ,0,0,0,0,0,0,0,0,0,10000,0,0,0,10000,0,10000,10000
042414,漢唐元大92購01  ,0,0,0,0,0,0,0,0,0,10000,0,0,0,20000,10000,10000,10000
042550,欣興元大91購01  ,0,0,0,0,0,0,0,0,0,10000,0,0,0,10000,0,10000,10000
042915,大立光元大93購01,0,0,0,0,0,0,0,0,0,10000,0,0,0,10000,0,10000,10000
042919,GIS元大93購01   ,0,0,0,0,0,0,0,0,0,10000,0,0,0,10000,0,10000,10000
04290P,滬深2X富邦96售03,0,0,0,0,0,0,0,0,0,10000,0,0,0,10000,0,10000,10000
04417P,光罩國泰95售02  ,0,0,0,0,0,0,0,0,0,10000,0,0,0,10000,0,10000,10000
044337,大立光統一91購10,0,0,0,0,0,0,0,0,0,10000,0,0,0,10000,0,10000,10000
044437,台郡元大92購02  ,0,0,0,0,0,0,0,0,0,10000,0,0,0,10000,0,10000,10000
044438,GIS元大92購03   ,0,0,0,0,0,0,0,0,0,10000,0,0,0,10000,0,10000,10000
044424,儒鴻國泰92購01  ,0,0,0,0,0,0,0,0,0,10000,0,0,0,10000,0,10000,10000
044414,燿華統一91購03  ,0,0,0,0,0,0,0,0,0,10000,0,0,0,10000,0,10000,10000
044456,鈺齊永豐91購02  ,0,0,0,0,0,0,0,0,0,10000,0,0,0,10000,0,10000,10000
044469,華固群益91購01  ,0,0,0,0,0,0,0,0,0,10000,0,0,0,10000,0,10000,10000
043958,臻鼎元富94購01  ,0,0,0,0,0,0,0,0,0,10000,0,0,0,10000,0,10000,10000
044171,訊芯元大91購02  ,0,0,0,0,0,0,0,0,0,10000,0,0,0,10000,0,10000,10000
044130,嘉澤凱基91購03  ,0,0,0,0,0,0,0,0,0,10000,0,0,0,10000,0,10000,10000
044064,大立光元大92購08,0,0,0,0,0,0,0,0,0,10000,0,0,0,10000,0,10000,10000
044124,燿華凱基93購01  ,0,0,0,0,0,0,0,0,0,10000,0,0,0,24000,14000,10000,10000
044899,智邦凱基91購08  ,0,0,0,0,0,0,0,0,0,10000,0,0,0,10000,0,10000,10000
044904,聯詠凱基91購04  ,0,0,0,0,0,0,0,0,0,10000,0,0,0,10000,0,10000,10000
045007,台光電元大92購04,0,0,0,0,0,0,0,0,0,10000,0,0,0,10000,0,10000,10000
045021,臺股指中信94購02,0,0,0,0,0,0,0,0,0,10000,0,0,0,10000,0,10000,10000
046445,台化麥證92購01  ,0,0,0,10000,0,10000,0,0,0,10000,0,0,0,10000,0,10000,10000
046428,矽力元大92購02  ,0,0,0,0,0,0,0,0,0,10000,0,0,0,10000,0,10000,10000
046387,臻鼎凱基92購04  ,0,0,0,0,0,0,0,0,0,10000,0,0,0,10000,0,10000,10000
044889,台泥凱基91購01  ,0,0,0,0,0,0,0,0,0,10000,0,0,0,10000,0,10000,10000
04488P,聯發科凱基94售05,0,0,0,0,0,0,0,0,0,10000,0,0,0,10000,0,10000,10000
044841,台光電元富91購04,0,0,0,0,0,0,0,0,0,10000,0,0,0,20000,10000,10000,10000
046367,康普永豐92購01  ,0,0,0,0,0,0,0,0,0,10000,0,0,0,10000,0,10000,10000
045470,康控元大94購03  ,0,0,0,0,0,0,0,0,0,10000,0,0,0,10000,0,10000,10000
045447,鴻海國泰94購02  ,0,0,0,0,0,0,0,0,0,10000,0,0,0,15000,5000,10000,10000
043028,南電元大92購01  ,0,0,0,0,0,0,0,0,0,10000,0,0,0,10000,0,10000,10000
04312P,聯茂統一93售02  ,0,0,0,0,0,0,0,0,0,10000,0,0,0,10000,0,10000,10000
043524,亞光元大92購01  ,0,0,0,0,0,0,0,0,0,10000,0,0,0,10000,0,10000,10000
043765,GIS元大93購04   ,0,0,0,0,0,0,0,0,0,10000,0,0,0,10000,0,10000,10000
043777,宏達電兆豐92購01,0,0,0,0,0,0,0,0,0,10000,0,0,0,10000,0,10000,10000
04382P,美律國泰95售01  ,0,0,0,0,0,0,0,0,0,10000,0,0,0,10000,0,10000,10000
04383P,泰鼎國泰95售01  ,0,0,0,0,0,0,0,0,0,10000,0,0,0,10000,0,10000,10000
043848,日月光國泰92購01,0,0,0,0,0,0,0,0,0,10000,0,0,0,10000,0,10000,10000
044329,日月光元富91購01,0,0,0,0,0,0,0,0,0,10000,0,0,0,10000,0,10000,10000
044275,欣興群益92購01  ,0,0,0,0,0,0,0,0,0,10000,0,0,0,10000,0,10000,10000
044279,美律日盛91購02  ,0,0,0,0,0,0,0,0,0,10000,0,0,0,10000,0,10000,10000
044286,智邦凱基91購04  ,0,0,0,0,0,0,0,0,0,10000,0,0,0,10000,0,10000,10000
04344P,台達電國泰94售01,0,0,0,0,0,0,0,0,0,10000,0,0,0,175000,165000,10000,10000
044238,燿華統一91購01  ,0,0,0,0,0,0,0,0,0,10000,0,0,0,10000,0,10000,10000
04052P,上銀國泰94售01  ,0,0,0,0,0,0,0,0,0,10000,0,0,0,20000,10000,10000,10000
04063P,臺股指兆豐93售02,0,0,0,0,0,0,0,0,0,10000,0,0,0,10000,0,10000,10000
03879P,智邦永豐93售01  ,0,0,0,0,0,0,0,0,0,10000,0,0,0,10000,0,10000,10000
03859P,聯詠元富93售04  ,0,0,0,0,0,0,0,0,0,10000,0,0,0,10000,0,10000,10000
00633L,富邦上証正2     ,549000,1837000,-1288000,0,0,0,0,0,0,1298000,220000,1025000,-805000,4212000,2109000,2103000,10000
03241P,聯電統一02售03  ,0,0,0,0,0,0,0,0,0,10000,0,0,0,10000,0,10000,10000
03102P,臺股指凱基03售08,0,0,0,0,0,0,0,0,0,10000,0,0,0,10000,0,10000,10000
04009P,可成國票93售03  ,0,0,0,0,0,0,0,0,0,10000,0,0,0,10000,0,10000,10000
040145,國巨凱基92購01  ,0,0,0,0,0,0,0,0,0,10000,0,0,0,10000,0,10000,10000
03995P,滬深2X國泰95售01,0,0,0,0,0,0,0,0,0,10000,0,0,0,10000,0,10000,10000
046660,宏達電元大93購07,0,0,0,0,0,0,0,0,0,10000,0,0,0,10000,0,10000,10000
046642,南電永豐93購01  ,0,0,0,0,0,0,0,0,0,10000,0,0,0,59000,49000,10000,10000
046072,台勝科凱基92購03,0,0,0,0,0,0,0,0,0,10000,0,0,0,20000,10000,10000,10000
046045,聯茂元大92購07  ,0,0,0,0,0,0,0,0,0,10000,0,0,0,10000,0,10000,10000
046021,台泥元大92購01  ,0,0,0,0,0,0,0,0,0,10000,0,0,0,10000,0,10000,10000
046036,大立光元大92購15,0,0,0,0,0,0,0,0,0,10000,0,0,0,10000,0,10000,10000
046037,大立光元大92購16,0,0,0,0,0,0,0,0,0,10000,0,0,0,10000,0,10000,10000
045731,智易第一92購01  ,0,0,0,0,0,0,0,0,0,10000,0,0,0,10000,0,10000,10000
045719,台光電凱基92購04,0,0,0,0,0,0,0,0,0,10000,0,0,0,10000,0,10000,10000
045710,儒鴻凱基92購02  ,0,0,0,0,0,0,0,0,0,10000,0,0,0,14000,4000,10000,10000
046561,可成凱基92購11  ,0,0,0,0,0,0,0,0,0,10000,0,0,0,114000,104000,10000,10000
046618,南亞科凱基93購01,0,0,0,0,0,0,0,0,0,10000,0,0,0,10000,0,10000,10000
046570,旺宏國泰94購01  ,0,0,0,0,0,0,0,0,0,10000,0,0,0,10000,0,10000,10000
046182,燿華凱基93購04  ,0,0,0,0,0,0,0,0,0,10000,0,0,0,29000,19000,10000,10000
046183,瑞昱凱基92購02  ,0,0,0,0,0,0,0,0,0,10000,0,0,0,10000,0,10000,10000
046109,遠東新元大92購01,0,0,0,0,0,0,0,0,0,10000,0,0,0,10000,0,10000,10000
046123,嘉澤元大92購02  ,0,0,0,0,0,0,0,0,0,10000,0,0,0,10000,0,10000,10000
046120,大立光元大92購17,0,0,0,0,0,0,0,0,0,10000,0,0,0,10000,0,10000,10000
046121,大立光元大92購18,0,0,0,0,0,0,0,0,0,10000,0,0,0,10000,0,10000,10000
046229,大立光元大92購19,0,0,0,0,0,0,0,0,0,10000,0,0,0,10000,0,10000,10000
046290,儒鴻統一93購01  ,0,0,0,0,0,0,0,0,0,10000,0,0,0,14000,4000,10000,10000
046306,瑞昱元大92購02  ,0,0,0,0,0,0,0,0,0,10000,0,0,0,10000,0,10000,10000
046307,瑞昱元大92購03  ,0,0,0,0,0,0,0,0,0,10000,0,0,0,10000,0,10000,10000
046308,廣達元大92購02  ,0,0,0,0,0,0,0,0,0,10000,0,0,0,10000,0,10000,10000
046316,大立光元大92購20,0,0,0,0,0,0,0,0,0,10000,0,0,0,10000,0,10000,10000
046531,臻鼎兆豐92購02  ,0,0,0,0,0,0,0,0,0,10000,0,0,0,20000,10000,10000,10000
046538,大立光群益93購06,0,0,0,0,0,0,0,0,0,10000,0,0,0,20000,10000,10000,10000
046521,台郡元大92購06  ,0,0,0,0,0,0,0,0,0,10000,0,0,0,10000,0,10000,10000
045635,建準凱基93購02  ,0,0,0,0,0,0,0,0,0,10000,0,0,0,10000,0,10000,10000
04563P,可成凱基94售05  ,0,0,0,0,0,0,0,0,0,10000,0,0,0,10000,0,10000,10000
044570,智邦凱基91購06  ,0,0,0,0,0,0,0,0,0,10000,0,0,0,10000,0,10000,10000
045540,全新群益92購03  ,0,0,0,0,0,0,0,0,0,10000,0,0,0,10000,0,10000,10000
045592,台郡元大92購04  ,0,0,0,0,0,0,0,0,0,10000,0,0,0,10000,0,10000,10000
046513,景碩元大92購02  ,0,0,0,0,0,0,0,0,0,10000,0,0,0,10000,0,10000,10000
045216,鴻海元大93購02  ,0,0,0,0,0,0,0,0,0,10000,0,0,0,59000,49000,10000,10000
045210,鴻海富邦93購02  ,0,0,0,0,0,0,0,0,0,10000,0,0,0,10000,0,10000,10000
045247,遠東新凱基92購01,0,0,0,0,0,0,0,0,0,10000,0,0,0,10000,0,10000,10000
045092,聯茂元大92購03  ,0,0,0,0,0,0,0,0,0,10000,0,0,0,10000,0,10000,10000
045083,智原元大92購01  ,0,0,0,0,0,0,0,0,0,10000,0,0,0,10000,0,10000,10000
045117,玉晶光日盛92購01,0,0,0,0,0,0,0,0,0,10000,0,0,0,10000,0,10000,10000
045152,大立光凱基93購03,0,0,0,0,0,0,0,0,0,10000,0,0,0,10000,0,10000,10000
046756,廣達凱基93購01  ,0,0,0,0,0,0,0,0,0,10000,0,0,0,10000,0,10000,10000
046757,漢唐凱基93購02  ,0,0,0,0,0,0,0,0,0,10000,0,0,0,33000,23000,10000,10000
04667P,臺股指國票94售06,0,0,0,0,0,0,0,0,0,10000,0,0,0,170000,160000,10000,10000
046696,可成凱基93購02  ,0,0,0,0,0,0,0,0,0,10000,0,0,0,10000,0,10000,10000
044779,GIS元大93購05   ,0,0,0,0,0,0,0,0,0,10000,0,0,0,10000,0,10000,10000
044774,嘉澤元大91購06  ,0,0,0,0,0,0,0,0,0,10000,0,0,0,10000,0,10000,10000
044713,南電元大91購04  ,0,0,0,0,0,0,0,0,0,10000,0,0,0,10000,0,10000,10000
045960,聯發科凱基92購01,0,0,0,0,0,0,0,0,0,10000,0,0,0,13000,3000,10000,10000
045898,康控元大93購04  ,0,0,0,0,0,0,0,0,0,10000,0,0,0,136000,126000,10000,10000
045879,致伸元富92購01  ,0,0,0,0,0,0,0,0,0,10000,0,0,0,10000,0,10000,10000
046799,儒鴻元大93購01  ,0,0,0,0,0,0,0,0,0,10000,0,0,0,15000,5000,10000,10000
045779,大立光元大93購11,0,0,0,0,0,0,0,0,0,10000,0,0,0,10000,0,10000,10000
044808,聯茂凱基91購02  ,0,0,0,0,0,0,0,0,0,10000,0,0,0,10000,0,10000,10000
046818,奇力新凱基93購04,0,0,0,0,0,0,0,0,0,10000,0,0,0,10000,0,10000,10000
049857,緯穎群益94購03  ,0,0,0,0,0,0,0,0,0,10000,0,0,0,70000,60000,10000,10000
049887,嘉聯益永昌95購01,0,0,0,0,0,0,0,0,0,10000,0,0,0,10000,0,10000,10000
047318,聯詠元大93購07  ,0,0,0,0,0,0,0,0,0,10000,0,0,0,10000,0,10000,10000
047288,台郡統一93購01  ,0,0,0,0,0,0,0,0,0,10000,0,0,0,10000,0,10000,10000
047296,日月光元富96購01,0,0,0,0,0,0,0,0,0,10000,0,0,0,16000,6000,10000,10000
050004,明泰永豐94購01  ,0,0,0,0,0,0,0,0,0,10000,0,0,0,10000,0,10000,10000
050184,信邦元大94購01  ,0,0,0,0,0,0,0,0,0,10000,0,0,0,10000,0,10000,10000
050292,可成凱基94購11  ,0,0,0,0,0,0,0,0,0,10000,0,0,0,16000,6000,10000,10000
050294,宏達電凱基94購04,0,0,0,0,0,0,0,0,0,10000,0,0,0,10000,0,10000,10000
050458,台郡元大94購03  ,0,0,0,0,0,0,0,0,0,10000,0,0,0,10000,0,10000,10000
050460,GIS元大95購03   ,0,0,0,0,0,0,0,0,0,10000,0,0,0,90000,80000,10000,10000
050310,卜蜂兆豐94購01  ,0,0,0,0,0,0,0,0,0,10000,0,0,0,10000,0,10000,10000
050326,正崴永豐94購03  ,0,0,0,0,0,0,0,0,0,10000,0,0,0,10000,0,10000,10000
050503,聯發科凱基94購22,0,0,0,0,0,0,0,0,0,10000,0,0,0,28000,18000,10000,10000
050520,凌陽元大94購02  ,0,0,0,0,0,0,0,0,0,10000,0,0,0,52000,42000,10000,10000
050512,台泥元大94購01  ,0,0,0,0,0,0,0,0,0,10000,0,0,0,10000,0,10000,10000
050547,華新科凱基95購01,0,0,0,0,0,0,0,0,0,10000,0,0,0,10000,0,10000,10000
05011P,南電國泰96售01  ,0,0,0,0,0,0,0,0,0,10000,0,0,0,10000,0,10000,10000
050121,南電元大95購02  ,0,0,0,0,0,0,0,0,0,10000,0,0,0,16000,6000,10000,10000
047131,鴻海凱基94購03  ,0,0,0,0,0,0,0,0,0,10000,0,0,0,10000,0,10000,10000
047133,旺宏凱基93購03  ,0,0,0,0,0,0,0,0,0,10000,0,0,0,10000,0,10000,10000
047145,鴻海群益95購01  ,0,0,0,0,0,0,0,0,0,10000,0,0,0,10000,0,10000,10000
047165,東陽康和93購01  ,0,0,0,0,0,0,0,0,0,10000,0,0,0,10000,0,10000,10000
047021,台光電元大93購03,0,0,0,0,0,0,0,0,0,10000,0,0,0,10000,0,10000,10000
047063,漢唐凱基95購01  ,0,0,0,0,0,0,0,0,0,10000,0,0,0,10000,0,10000,10000
047065,聯茂凱基93購07  ,0,0,0,0,0,0,0,0,0,10000,0,0,0,10000,0,10000,10000
047081,晶技康和93購01  ,0,0,0,0,0,0,0,0,0,10000,0,0,0,10000,0,10000,10000
047115,可成元大93購06  ,0,0,0,0,0,0,0,0,0,10000,0,0,0,63000,53000,10000,10000
047677,亞德客台新93購01,0,0,0,0,0,0,0,0,0,10000,0,0,0,10000,0,10000,10000
047678,景碩台新93購01  ,0,0,0,0,0,0,0,0,0,10000,0,0,0,10000,0,10000,10000
046953,嘉聯益國票94購01,0,0,0,0,0,0,0,0,0,10000,0,0,0,10000,0,10000,10000
046965,復盛中信93購01  ,0,0,0,0,0,0,0,0,0,10000,0,0,0,20000,10000,10000,10000
048338,正崴元大93購01  ,0,0,0,0,0,0,0,0,0,10000,0,0,0,10000,0,10000,10000
048378,貿聯元富93購01  ,0,0,0,0,0,0,0,0,0,10000,0,0,0,52000,42000,10000,10000
048330,大立光永昌93購07,0,0,0,0,0,0,0,0,0,10000,0,0,0,10000,0,10000,10000
048320,聯詠凱基93購08  ,0,0,0,0,0,0,0,0,0,10000,0,0,0,14000,4000,10000,10000
047518,儒鴻元大93購07  ,0,0,0,0,0,0,0,0,0,10000,0,0,0,25000,15000,10000,10000
04750P,臺股指元大94售26,0,0,0,0,0,0,0,0,0,10000,0,0,0,10000,0,10000,10000
047548,友達凱基99購03  ,0,0,0,0,0,0,0,0,0,10000,0,0,0,10000,0,10000,10000
04758P,國巨凱基94售03  ,0,0,0,0,0,0,0,0,0,10000,0,0,0,60000,50000,10000,10000
047664,智邦永豐93購02  ,0,0,0,0,0,0,0,0,0,10000,0,0,0,10000,0,10000,10000
049313,晶技凱基94購01  ,0,0,0,0,0,0,0,0,0,10000,0,0,0,20000,10000,10000,10000
049415,智邦凱基94購02  ,0,0,0,0,0,0,0,0,0,10000,0,0,0,10000,0,10000,10000
049416,美律凱基94購04  ,0,0,0,0,0,0,0,0,0,10000,0,0,0,10000,0,10000,10000
049406,T50反1日盛97購01,0,0,0,0,0,0,0,0,0,10000,0,0,0,10000,0,10000,10000
049637,元石油凱基94購01,0,0,0,0,0,0,0,0,0,10000,0,0,0,10000,0,10000,10000
049650,啟碁凱基94購03  ,0,0,0,0,0,0,0,0,0,10000,0,0,0,10000,0,10000,10000
049719,義隆凱基94購03  ,0,0,0,0,0,0,0,0,0,10000,0,0,0,10000,0,10000,10000
049809,聯詠元大94購04  ,0,0,0,0,0,0,0,0,0,10000,0,0,0,10000,0,10000,10000
04980P,臺股指凱基96售08,0,0,0,0,0,0,0,0,0,10000,0,0,0,15000,5000,10000,10000
04975P,華新科凱基96售02,0,0,0,0,0,0,0,0,0,10000,0,0,0,10000,0,10000,10000
048501,GIS元大94購02   ,0,0,0,0,0,0,0,0,0,10000,0,0,0,10000,0,10000,10000
048513,欣興凱基93購04  ,0,0,0,0,0,0,0,0,0,10000,0,0,0,11000,1000,10000,10000
048447,美律凱基93購06  ,0,0,0,0,0,0,0,0,0,10000,0,0,0,10000,0,10000,10000
04842P,群創元大96售02  ,0,0,0,0,0,0,0,0,0,10000,0,0,0,10000,0,10000,10000
048454,合勤控凱基94購01,0,0,0,0,0,0,0,0,0,10000,0,0,0,10000,0,10000,10000
048462,南電凱基93購06  ,0,0,0,0,0,0,0,0,0,10000,0,0,0,10000,0,10000,10000
048614,欣興凱基93購05  ,0,0,0,0,0,0,0,0,0,10000,0,0,0,11000,1000,10000,10000
048615,貿聯凱基93購04  ,0,0,0,0,0,0,0,0,0,10000,0,0,0,10000,0,10000,10000
048611,宏達電凱基93購04,0,0,0,0,0,0,0,0,0,10000,0,0,0,10000,0,10000,10000
048567,台郡元大93購03  ,0,0,0,0,0,0,0,0,0,10000,0,0,0,10000,0,10000,10000
048569,台虹元大93購03  ,0,0,0,0,0,0,0,0,0,10000,0,0,0,10000,0,10000,10000
048580,台達電富邦93購01,0,0,0,0,0,0,0,0,0,10000,0,0,0,10000,0,10000,10000
048577,GIS國泰94購01   ,0,0,0,0,0,0,0,0,0,10000,0,0,0,10000,0,10000,10000
048896,凌陽國泰95購01  ,0,0,0,0,0,0,0,0,0,10000,0,0,0,10000,0,10000,10000
049179,高鐵凱基94購01  ,0,0,0,0,0,0,0,0,0,10000,0,0,0,30000,20000,10000,10000
049204,京元電群益94購02,0,0,0,0,0,0,0,0,0,10000,0,0,0,10000,0,10000,10000
049155,同欣電元大94購01,0,0,0,0,0,0,0,0,0,10000,0,0,0,80000,70000,10000,10000
049141,旺宏元大95購01  ,0,0,0,0,0,0,0,0,0,10000,0,0,0,10000,0,10000,10000
048711,台郡台新94購01  ,0,0,0,0,0,0,0,0,0,10000,0,0,0,10000,0,10000,10000
048995,宏全元大94購01  ,0,0,0,0,0,0,0,0,0,10000,0,0,0,10000,0,10000,10000
049008,傳奇中信95購01  ,0,0,0,0,0,0,0,0,0,10000,0,0,0,10000,0,10000,10000
048669,強茂永豐93購01  ,0,0,0,0,0,0,0,0,0,10000,0,0,0,10000,0,10000,10000
048658,鴻海統一93購09  ,0,0,0,0,0,0,0,0,0,10000,0,0,0,10000,0,10000,10000
049576,元油2X元大94購06,0,0,0,0,0,0,0,0,0,10000,0,0,0,10000,0,10000,10000
049556,智易元富94購01  ,0,0,0,0,0,0,0,0,0,10000,0,0,0,10000,0,10000,10000
049551,電子類群益94購01,0,0,0,0,0,0,0,0,0,10000,0,0,0,10000,0,10000,10000
049056,玉晶光永豐95購03,0,0,0,0,0,0,0,0,0,10000,0,0,0,33000,23000,10000,10000
048169,瑞昱永豐93購02  ,0,0,0,0,0,0,0,0,0,10000,0,0,0,10000,0,10000,10000
047871,健策永豐93購02  ,0,0,0,0,0,0,0,0,0,10000,0,0,0,10000,0,10000,10000
047865,健鼎康和93購01  ,0,0,0,0,0,0,0,0,0,10000,0,0,0,10000,0,10000,10000
047848,可成統一93購01  ,0,0,0,0,0,0,0,0,0,10000,0,0,0,10000,0,10000,10000
047851,智易元富93購02  ,0,0,0,0,0,0,0,0,0,10000,0,0,0,10000,0,10000,10000
047900,TPK群益93購03   ,0,0,0,0,0,0,0,0,0,10000,0,0,0,10000,0,10000,10000
047190,聯茂元大93購03  ,0,0,0,0,0,0,0,0,0,10000,0,0,0,10000,0,10000,10000
047193,南電元大94購02  ,0,0,0,0,0,0,0,0,0,10000,0,0,0,18000,8000,10000,10000
047221,日月光麥證93購01,0,0,0,21000,10000,11000,0,0,0,10000,0,0,0,21000,11000,10000,10000
047748,漢唐元富93購02  ,0,0,0,0,0,0,0,0,0,10000,0,0,0,10000,0,10000,10000
047765,瑞昱元大93購12  ,0,0,0,0,0,0,0,0,0,10000,0,0,0,10000,0,10000,10000
047475,為升凱基93購04  ,0,0,0,0,0,0,0,0,0,10000,0,0,0,10000,0,10000,10000
047431,儒鴻元大93購06  ,0,0,0,0,0,0,0,0,0,10000,0,0,0,15000,5000,10000,10000
049525,華新科兆豐94購01,0,0,0,0,0,0,0,0,0,10000,0,0,0,10000,0,10000,10000
048790,大立光元大95購05,0,0,0,0,0,0,0,0,0,10000,0,0,0,11000,1000,10000,10000
049494,華新科元大95購05,0,0,0,0,0,0,0,0,0,10000,0,0,0,10000,0,10000,10000
04877P,聯發科麥證94售04,0,0,0,10000,0,10000,0,0,0,10000,0,0,0,10000,0,10000,10000
048832,玉晶光凱基95購02,0,0,0,0,0,0,0,0,0,10000,0,0,0,11000,1000,10000,10000
047355,世紀鋼凱基94購01,0,0,0,0,0,0,0,0,0,10000,0,0,0,10000,0,10000,10000
047385,華邦電元大94購02,0,0,0,0,0,0,0,0,0,10000,0,0,0,16000,6000,10000,10000
047716,晶技凱基93購03  ,0,0,0,0,0,0,0,0,0,10000,0,0,0,10000,0,10000,10000
048151,世紀鋼元富93購01,0,0,0,0,0,0,0,0,0,10000,0,0,0,10000,0,10000,10000
048095,大立光凱基93購32,0,0,0,0,0,0,0,0,0,10000,0,0,0,10000,0,10000,10000
051919,台郡元大96購02  ,0,0,0,0,0,0,0,0,0,10000,0,0,0,10000,0,10000,10000
051914,健策元大96購06  ,0,0,0,0,0,0,0,0,0,10000,0,0,0,18000,8000,10000,10000
051859,劍麟凱基96購01  ,0,0,0,0,0,0,0,0,0,10000,0,0,0,10000,0,10000,10000
051808,美律凱基96購02  ,0,0,0,0,0,0,0,0,0,10000,0,0,0,10000,0,10000,10000
051681,日月光兆豐95購01,0,0,0,0,0,0,0,0,0,10000,0,0,0,10000,0,10000,10000
051659,力山國泰97購01  ,0,0,0,0,0,0,0,0,0,10000,0,0,0,10000,0,10000,10000
051648,TPK永豐95購01   ,0,0,0,0,0,0,0,0,0,10000,0,0,0,10000,0,10000,10000
051399,玉晶光台新96購01,0,0,0,0,0,0,0,0,0,10000,0,0,0,10000,0,10000,10000
051387,新光金麥證96購01,0,0,0,10000,0,10000,0,0,0,10000,0,0,0,10000,0,10000,10000
051345,鴻海元大95購09  ,0,0,0,0,0,0,0,0,0,10000,0,0,0,256000,246000,10000,10000
051292,牧德統一97購01  ,0,0,0,0,0,0,0,0,0,10000,0,0,0,20000,10000,10000,10000
051285,鴻海統一95購07  ,0,0,0,0,0,0,0,0,0,10000,0,0,0,10000,0,10000,10000
051237,鴻海元大97購01  ,0,0,0,0,0,0,0,0,0,10000,0,0,0,71000,61000,10000,10000
051250,大立光元大98購01,0,0,0,0,0,0,0,0,0,10000,0,0,0,10000,0,10000,10000
051491,貿聯凱基95購01  ,0,0,0,0,0,0,0,0,0,10000,0,0,0,30000,20000,10000,10000
051433,中磊元富95購01  ,0,0,0,0,0,0,0,0,0,10000,0,0,0,20000,10000,10000,10000
050667,國巨永豐94購06  ,0,0,0,0,0,0,0,0,0,10000,0,0,0,10000,0,10000,10000
050712,和碩中信94購01  ,0,0,0,0,0,0,0,0,0,10000,0,0,0,10000,0,10000,10000
050684,台郡元富94購02  ,0,0,0,0,0,0,0,0,0,10000,0,0,0,10000,0,10000,10000
050724,國巨國票96購01  ,0,0,0,0,0,0,0,0,0,10000,0,0,0,10000,0,10000,10000
050635,昇陽半群益94購04,0,0,0,0,0,0,0,0,0,10000,0,0,0,10000,0,10000,10000
050644,國巨凱基96購01  ,0,0,0,0,0,0,0,0,0,10000,0,0,0,10000,0,10000,10000
050628,美律中信94購02  ,0,0,0,0,0,0,0,0,0,10000,0,0,0,20000,10000,10000,10000
050883,嘉聯益國泰96購01,0,0,0,0,0,0,0,0,0,10000,0,0,0,10000,0,10000,10000
05089P,亞德客元大95售01,0,0,0,0,0,0,0,0,0,10000,0,0,0,110000,100000,10000,10000
050790,昇陽半國泰96購02,0,0,0,0,0,0,0,0,0,10000,0,0,0,10000,0,10000,10000
050818,華新科凱基95購02,0,0,0,0,0,0,0,0,0,10000,0,0,0,10000,0,10000,10000
050811,國巨凱基95購02  ,0,0,0,0,0,0,0,0,0,10000,0,0,0,26000,16000,10000,10000
050789,矽創國泰96購01  ,0,0,0,0,0,0,0,0,0,10000,0,0,0,58000,48000,10000,10000
050375,矽創元大94購02  ,0,0,0,0,0,0,0,0,0,10000,0,0,0,13000,3000,10000,10000
050250,台郡凱基94購03  ,0,0,0,0,0,0,0,0,0,10000,0,0,0,10000,0,10000,10000
050973,S&P反1統一95購01,0,0,0,0,0,0,0,0,0,10000,0,0,0,10000,0,10000,10000
051034,正崴兆豐95購01  ,0,0,0,0,0,0,0,0,0,10000,0,0,0,30000,20000,10000,10000
051041,大立光永豐95購01,0,0,0,0,0,0,0,0,0,10000,0,0,0,10000,0,10000,10000
050227,大立光中信96購01,0,0,0,0,0,0,0,0,0,10000,0,0,0,10000,0,10000,10000
050222,瑞儀元富94購01  ,0,0,0,0,0,0,0,0,0,10000,0,0,0,10000,0,10000,10000
051199,鴻海麥證95購03  ,0,0,0,10000,0,10000,0,0,0,10000,0,0,0,10000,0,10000,10000
051146,旺宏凱基95購04  ,0,0,0,0,0,0,0,0,0,10000,0,0,0,11000,1000,10000,10000
051150,宏達電凱基95購02,0,0,0,0,0,0,0,0,0,10000,0,0,0,15000,5000,10000,10000
051162,楠梓電元大95購01,0,0,0,0,0,0,0,0,0,10000,0,0,0,10000,0,10000,10000
052546,友達中信98購01  ,0,0,0,0,0,0,0,0,0,10000,0,0,0,20000,10000,10000,10000
052587,景碩永豐97購01  ,0,0,0,0,0,0,0,0,0,10000,0,0,0,10000,0,10000,10000
052525,聯詠元大95購06  ,0,0,0,0,0,0,0,0,0,10000,0,0,0,10000,0,10000,10000
052504,鴻海日盛95購03  ,0,0,0,0,0,0,0,0,0,10000,0,0,0,35000,25000,10000,10000
052465,聯詠統一95購02  ,0,0,0,0,0,0,0,0,0,10000,0,0,0,10000,0,10000,10000
052380,臺股指元大95購21,0,0,0,0,0,0,0,0,0,10000,0,0,0,20000,10000,10000,10000
052372,台泥元大95購02  ,0,0,0,0,0,0,0,0,0,10000,0,0,0,22000,12000,10000,10000
052336,矽力日盛95購01  ,0,0,0,0,0,0,0,0,0,10000,0,0,0,10000,0,10000,10000
052182,鴻海群益96購01  ,0,0,0,0,0,0,0,0,0,10000,0,0,0,10000,0,10000,10000
052219,大立光日盛95購02,0,0,0,0,0,0,0,0,0,10000,0,0,0,20000,10000,10000,10000
052065,臺股指國票95購12,0,0,0,0,0,0,0,0,0,10000,0,0,0,10000,0,10000,10000
052084,台泥元大95購01  ,0,0,0,0,0,0,0,0,0,10000,0,0,0,11000,1000,10000,10000
052100,滬深2X永昌96購01,0,0,0,0,0,0,0,0,0,10000,0,0,0,10000,0,10000,10000
052151,義隆富邦96購01  ,0,0,0,0,0,0,0,0,0,10000,0,0,0,10000,0,10000,10000
053157,日月光元大96購03,0,0,0,0,0,0,0,0,0,10000,0,0,0,11000,1000,10000,10000
053131,華通國票97購03  ,0,0,0,0,0,0,0,0,0,10000,0,0,0,10000,0,10000,10000
053058,台光電永昌99購01,0,0,0,0,0,0,0,0,0,10000,0,0,0,10000,0,10000,10000
053043,嘉晶凱基96購01  ,0,0,0,0,0,0,0,0,0,10000,0,0,0,23000,13000,10000,10000
053094,聯電統一97購02  ,0,0,0,0,0,0,0,0,0,10000,0,0,0,83000,73000,10000,10000
053212,友達凱基99購04  ,0,0,0,0,0,0,0,0,0,10000,0,0,0,10000,0,10000,10000
052866,大立光凱基96購12,0,0,0,0,0,0,0,0,0,10000,0,0,0,10000,0,10000,10000
052760,盟立群益96購01  ,0,0,0,0,0,0,0,0,0,10000,0,0,0,10000,0,10000,10000
052739,國巨元大96購04  ,0,0,0,0,0,0,0,0,0,10000,0,0,0,27000,17000,10000,10000
053030,南亞科第一96購01,0,0,0,0,0,0,0,0,0,10000,0,0,0,51000,41000,10000,10000
052913,鴻海元富96購05  ,0,0,0,0,0,0,0,0,0,10000,0,0,0,10000,0,10000,10000
052938,華新科兆豐96購01,0,0,0,0,0,0,0,0,0,10000,0,0,0,10000,0,10000,10000
1307,三芳            ,11000,1000,10000,0,0,0,0,0,0,0,0,0,0,0,0,0,10000
08282P,南六群益9C售01  ,0,0,0,0,0,0,0,0,0,10000,0,0,0,10000,0,10000,10000
07668P,旺宏元大9A售10  ,0,0,0,0,0,0,0,0,0,10000,0,0,0,10000,0,10000,10000
2020,美亞            ,10000,0,10000,0,0,0,0,0,0,0,0,0,0,0,0,0,10000
06031P,新光金兆豐96售02,0,0,0,0,0,0,0,0,0,10000,0,0,0,10000,0,10000,10000
06064P,台積電台新98售01,0,0,0,0,0,0,0,0,0,10000,0,0,0,10000,0,10000,10000
06130P,玉晶光元富97售07,0,0,0,0,0,0,0,0,0,10000,0,0,0,10000,0,10000,10000
06126P,凌陽元富97售02  ,0,0,0,0,0,0,0,0,0,10000,0,0,0,10000,0,10000,10000
05988P,光磊元富96售02  ,0,0,0,0,0,0,0,0,0,10000,0,0,0,10000,0,10000,10000
05785P,臺股指元大96售19,0,0,0,0,0,0,0,0,0,9000,0,0,0,9000,0,9000,9000
05697P,友達凱基96售01  ,0,0,0,0,0,0,0,0,0,9000,0,0,0,15000,6000,9000,9000
05671P,友達國泰97售03  ,0,0,0,0,0,0,0,0,0,9000,0,0,0,10000,1000,9000,9000
055583,國巨元大97購10  ,0,0,0,0,0,0,0,0,0,9000,0,0,0,9000,0,9000,9000
054945,正崴元大97購01  ,0,0,0,0,0,0,0,0,0,9000,0,0,0,35000,26000,9000,9000
054601,奇鋐台新98購01  ,0,0,0,0,0,0,0,0,0,9000,0,0,0,9000,0,9000,9000
054455,楠梓電群益98購02,0,0,0,0,0,0,0,0,0,9000,0,0,0,10000,1000,9000,9000
054257,揚明光元大96購02,0,0,0,0,0,0,0,0,0,9000,0,0,0,9000,0,9000,9000
053753,啟碁永豐96購01  ,0,0,0,0,0,0,0,0,0,9000,0,0,0,22000,13000,9000,9000
053461,台郡永昌99購01  ,0,0,0,0,0,0,0,0,0,9000,0,0,0,9000,0,9000,9000
053408,友達兆豐98購01  ,0,0,0,0,0,0,0,0,0,9000,0,0,0,30000,21000,9000,9000
049886,華通永昌95購01  ,0,0,0,0,0,0,0,0,0,9000,0,0,0,31000,22000,9000,9000
049849,欣興群益94購04  ,0,0,0,0,0,0,0,0,0,9000,0,0,0,20000,11000,9000,9000
049850,上緯控群益94購01,0,0,0,0,0,0,0,0,0,9000,0,0,0,10000,1000,9000,9000
045746,燿華永豐92購01  ,0,0,0,0,0,0,0,0,0,9000,0,0,0,9000,0,9000,9000
04574P,台達電統一94售05,0,0,0,0,0,0,0,0,0,9000,0,0,0,10000,1000,9000,9000
045919,臺股指國票92購09,0,0,0,0,0,0,0,0,0,9000,0,0,0,9000,0,9000,9000
044606,鈺齊國泰92購01  ,0,0,0,0,0,0,0,0,0,9000,0,0,0,9000,0,9000,9000
046673,樺漢元大93購01  ,0,0,0,0,0,0,0,0,0,9000,0,0,0,20000,11000,9000,9000
045361,鈺齊凱基93購01  ,0,0,0,0,0,0,0,0,0,9000,0,0,0,9000,0,9000,9000
045531,台郡永豐92購01  ,0,0,0,0,0,0,0,0,0,9000,0,0,0,9000,0,9000,9000
044563,亞德客凱基92購01,0,0,0,0,0,0,0,0,0,9000,0,0,0,10000,1000,9000,9000
046287,禾伸堂兆豐92購01,0,0,0,0,0,0,0,0,0,9000,0,0,0,9000,0,9000,9000
046209,全新元富92購01  ,0,0,0,0,0,0,0,0,0,9000,0,0,0,9000,0,9000,9000
03481P,欣興群益02售08  ,0,0,0,0,0,0,0,0,0,9000,0,0,0,10000,1000,9000,9000
00652,富邦印度        ,3000,0,3000,0,0,0,0,0,0,6000,0,45000,-45000,51000,0,51000,9000
044214,可成凱基91購06  ,0,0,0,0,0,0,0,0,0,9000,0,0,0,9000,0,9000,9000
04332P,A50正2日盛93售01,0,0,0,0,0,0,0,0,0,9000,0,0,0,33000,24000,9000,9000
046427,樺漢元大92購02  ,0,0,0,0,0,0,0,0,0,9000,0,0,0,92000,83000,9000,9000
04503P,元油2X元富98售09,0,0,0,0,0,0,0,0,0,9000,0,0,0,29000,20000,9000,9000
044478,友達統一93購01  ,0,0,0,0,0,0,0,0,0,9000,0,0,0,9000,0,9000,9000
044463,全新兆豐93購01  ,0,0,0,0,0,0,0,0,0,9000,0,0,0,19000,10000,9000,9000
044397,微星凱基92購01  ,0,0,0,0,0,0,0,0,0,9000,0,0,0,10000,1000,9000,9000
048823,漢唐凱基94購01  ,0,0,0,0,0,0,0,0,0,9000,0,0,0,9000,0,9000,9000
047459,全新群益93購02  ,0,0,0,0,0,0,0,0,0,9000,0,0,0,9000,0,9000,9000
049050,崇越康和94購01  ,0,0,0,0,0,0,0,0,0,9000,0,0,0,130000,121000,9000,9000
048676,和鑫國泰94購02  ,0,0,0,0,0,0,0,0,0,9000,0,0,0,9000,0,9000,9000
049219,聯發科國票95購01,0,0,0,0,0,0,0,0,0,9000,0,0,0,9000,0,9000,9000
048559,京元電元大93購03,0,0,0,0,0,0,0,0,0,9000,0,0,0,10000,1000,9000,9000
049451,富邦金統一94購03,0,0,0,0,0,0,0,0,0,9000,0,0,0,9000,0,9000,9000
04939P,國巨國票95售03  ,0,0,0,0,0,0,0,0,0,9000,0,0,0,30000,21000,9000,9000
049345,富邦金統一94購02,0,0,0,0,0,0,0,0,0,9000,0,0,0,9000,0,9000,9000
049359,台達電元大94購06,0,0,0,0,0,0,0,0,0,9000,0,0,0,10000,1000,9000,9000
049308,台達電凱基94購04,0,0,0,0,0,0,0,0,0,9000,0,0,0,54000,45000,9000,9000
047648,智伸科元大93購05,0,0,0,0,0,0,0,0,0,9000,0,0,0,124000,115000,9000,9000
048390,國巨國票94購02  ,0,0,0,0,0,0,0,0,0,9000,0,0,0,16000,7000,9000,9000
046979,台泥兆豐93購01  ,0,0,0,0,0,0,0,0,0,9000,0,0,0,14000,5000,9000,9000
050560,聯詠統一94購02  ,0,0,0,0,0,0,0,0,0,9000,0,0,0,54000,45000,9000,9000
050557,台積電統一94購13,0,0,0,0,0,0,0,0,0,9000,0,0,0,12000,3000,9000,9000
050287,台達電凱基94購10,0,0,0,0,0,0,0,0,0,9000,0,0,0,10000,1000,9000,9000
050273,GIS元大94購04   ,0,0,0,0,0,0,0,0,0,9000,0,0,0,10000,1000,9000,9000
053037,國巨凱基96購08  ,0,0,0,0,0,0,0,0,0,9000,0,0,0,36000,27000,9000,9000
052030,GIS群益95購04   ,0,0,0,0,0,0,0,0,0,9000,0,0,0,10000,1000,9000,9000
052204,台泥中信96購01  ,0,0,0,0,0,0,0,0,0,9000,0,0,0,23000,14000,9000,9000
052257,燿華國泰96購01  ,0,0,0,0,0,0,0,0,0,9000,0,0,0,80000,71000,9000,9000
051239,國巨元大96購02  ,0,0,0,0,0,0,0,0,0,9000,0,0,0,83000,74000,9000,9000
051825,中環元大95購01  ,0,0,0,0,0,0,0,0,0,9000,0,0,0,110000,101000,9000,9000
051839,和鑫國泰96購01  ,0,0,0,0,0,0,0,0,0,9000,0,0,0,9000,0,9000,9000
05824P,臺股指凱基96售21,0,0,0,0,0,0,0,0,0,9000,0,0,0,9000,0,9000,9000
1809,中釉            ,15000,6000,9000,0,0,0,0,0,0,0,0,0,0,0,0,0,9000
1537,廣隆            ,10000,1000,9000,0,0,0,0,0,0,0,0,0,0,0,0,0,9000
2338,光罩            ,315000,176000,139000,0,0,0,0,0,0,-130000,10000,45000,-35000,3000,98000,-95000,9000
2524,京城            ,23000,16000,7000,0,0,0,0,0,0,2000,2000,0,2000,0,0,0,9000
2911,麗嬰房          ,9000,0,9000,0,0,0,0,0,0,0,0,0,0,0,0,0,9000
3022,威強電          ,13000,4000,9000,0,0,0,0,0,0,0,0,0,0,0,0,0,9000
3038,全台            ,28000,15000,13000,0,0,0,0,0,0,-4000,0,4000,-4000,0,0,0,9000
8131,福懋科          ,96000,60000,36000,0,0,0,0,0,0,-27000,0,37000,-37000,11000,1000,10000,9000
6592,和潤企業        ,60000,21000,39000,0,0,0,0,0,0,-30000,0,30000,-30000,0,0,0,9000
6024,群益期          ,9000,0,9000,0,0,0,0,0,0,0,0,0,0,0,0,0,9000
5608,四維航          ,14000,5000,9000,0,0,0,0,0,0,0,0,0,0,0,0,0,9000
053756,亞光元富96購02  ,0,0,0,0,0,0,0,0,0,8000,0,0,0,11000,3000,8000,8000
053835,南亞科永豐96購02,0,0,0,0,0,0,0,0,0,8000,0,0,0,13000,5000,8000,8000
054195,亞泥國泰98購01  ,0,0,0,0,0,0,0,0,0,8000,0,0,0,128000,120000,8000,8000
054313,麗豐凱基96購02  ,0,0,0,0,0,0,0,0,0,8000,0,0,0,10000,2000,8000,8000
054327,亞光台新96購02  ,0,0,0,0,0,0,0,0,0,8000,0,0,0,18000,10000,8000,8000
054447,國泰金兆豐96購01,0,0,0,0,0,0,0,0,0,8000,0,0,0,22000,14000,8000,8000
054343,世紀鋼元富96購02,0,0,0,0,0,0,0,0,0,8000,0,0,0,8000,0,8000,8000
054588,玉晶光國泰99購02,0,0,0,0,0,0,0,0,0,8000,0,0,0,99000,91000,8000,8000
054571,楠梓電元大99購01,0,0,0,0,0,0,0,0,0,8000,0,0,0,8000,0,8000,8000
054536,宏達電富邦97購03,0,0,0,0,0,0,0,0,0,8000,0,0,0,8000,0,8000,8000
054555,欣興凱基98購01  ,0,0,0,0,0,0,0,0,0,8000,0,0,0,10000,2000,8000,8000
054938,國巨元大97購04  ,0,0,0,0,0,0,0,0,0,8000,0,0,0,104000,96000,8000,8000
054829,亞光國泰99購01  ,0,0,0,0,0,0,0,0,0,8000,0,0,0,40000,32000,8000,8000
055008,隆達元富97購01  ,0,0,0,0,0,0,0,0,0,8000,0,0,0,8000,0,8000,8000
055146,華通元大98購04  ,0,0,0,0,0,0,0,0,0,8000,0,0,0,39000,31000,8000,8000
05692P,聯發科中信9A售02,0,0,0,0,0,0,0,0,0,8000,0,0,0,15000,7000,8000,8000
042388,大立光永昌93購02,0,0,0,0,0,0,0,0,0,8000,0,0,0,8000,0,8000,8000
044942,國巨群益94購01  ,0,0,0,0,0,0,0,0,0,8000,0,0,0,13000,5000,8000,8000
044861,玉晶光兆豐93購01,0,0,0,0,0,0,0,0,0,8000,0,0,0,20000,12000,8000,8000
043735,元金2X元大94購01,0,0,0,0,0,0,0,0,0,8000,0,0,0,17000,9000,8000,8000
00703,台新MSCI中國    ,0,0,0,0,0,0,0,0,0,8000,0,0,0,126000,118000,8000,8000
03417B,臺股指凱基95熊19,0,0,0,0,0,0,0,0,0,8000,0,0,0,25000,17000,8000,8000
046266,兆豐金凱基92購01,0,0,0,0,0,0,0,0,0,8000,0,0,0,8000,0,8000,8000
045717,微星凱基92購03  ,0,0,0,0,0,0,0,0,0,8000,0,0,0,16000,8000,8000,8000
049928,祥碩元大94購02  ,0,0,0,0,0,0,0,0,0,8000,0,0,0,10000,2000,8000,8000
047000,和大統一93購01  ,0,0,0,0,0,0,0,0,0,8000,0,0,0,20000,12000,8000,8000
047053,益航國票93購01  ,0,0,0,0,0,0,0,0,0,8000,0,0,0,8000,0,8000,8000
048416,台達電統一93購02,0,0,0,0,0,0,0,0,0,8000,0,0,0,8000,0,8000,8000
047634,亞德客元大93購01,0,0,0,0,0,0,0,0,0,8000,0,0,0,10000,2000,8000,8000
048976,華擎元大94購01  ,0,0,0,0,0,0,0,0,0,8000,0,0,0,8000,0,8000,8000
04743P,台積電元富94售07,0,0,0,0,0,0,0,0,0,8000,0,0,0,8000,0,8000,8000
047844,台虹元大93購02  ,0,0,0,0,0,0,0,0,0,8000,0,0,0,51000,43000,8000,8000
047973,華通兆豐94購01  ,0,0,0,0,0,0,0,0,0,8000,0,0,0,8000,0,8000,8000
048155,瑞昱兆豐93購01  ,0,0,0,0,0,0,0,0,0,8000,0,0,0,19000,11000,8000,8000
051818,國巨統一95購02  ,0,0,0,0,0,0,0,0,0,8000,0,0,0,12000,4000,8000,8000
051795,T50反1台新05購02,0,0,0,0,0,0,0,0,0,8000,0,0,0,28000,20000,8000,8000
051948,滬深2X元富9B購01,0,0,0,0,0,0,0,0,0,8000,0,0,0,16000,8000,8000,8000
051769,矽力元大95購01  ,0,0,0,0,0,0,0,0,0,8000,0,0,0,14000,6000,8000,8000
051538,和碩國票96購01  ,0,0,0,0,0,0,0,0,0,8000,0,0,0,8000,0,8000,8000
051115,華通麥證96購01  ,0,0,0,22000,14000,8000,0,0,0,8000,0,0,0,22000,14000,8000,8000
05095P,景碩元大95售01  ,0,0,0,0,0,0,0,0,0,8000,0,0,0,8000,0,8000,8000
050593,台表科永豐94購03,0,0,0,0,0,0,0,0,0,8000,0,0,0,8000,0,8000,8000
050649,華新科凱基96購01,0,0,0,0,0,0,0,0,0,8000,0,0,0,10000,2000,8000,8000
052141,百和凱基95購02  ,0,0,0,0,0,0,0,0,0,8000,0,0,0,112000,104000,8000,8000
052220,T50反1凱基98購01,0,0,0,0,0,0,0,0,0,8000,0,0,0,18000,10000,8000,8000
052003,泰碩國泰97購02  ,0,0,0,0,0,0,0,0,0,8000,0,0,0,107000,99000,8000,8000
052127,日月光國票96購01,0,0,0,0,0,0,0,0,0,8000,0,0,0,8000,0,8000,8000
052355,為升永豐95購02  ,0,0,0,0,0,0,0,0,0,8000,0,0,0,298000,290000,8000,8000
052607,大立光元大96購03,0,0,0,0,0,0,0,0,0,8000,0,0,0,28000,20000,8000,8000
052859,國巨凱基96購07  ,0,0,0,0,0,0,0,0,0,8000,0,0,0,61000,53000,8000,8000
052838,新唐國泰98購01  ,0,0,0,0,0,0,0,0,0,8000,0,0,0,8000,0,8000,8000
053252,華邦電國泰98購01,0,0,0,0,0,0,0,0,0,8000,0,0,0,9000,1000,8000,8000
3679,新至陞          ,11000,3000,8000,0,0,0,0,0,0,0,0,0,0,0,0,0,8000
2443,億麗            ,8000,0,8000,0,0,0,0,0,0,0,0,0,0,0,0,0,8000
2420,新巨            ,13000,6000,7000,0,0,0,0,0,0,1000,2000,1000,1000,0,0,0,8000
06137P,玉晶光永豐97售04,0,0,0,0,0,0,0,0,0,8000,0,0,0,66000,58000,8000,8000
8429,金麗-KY         ,7000,0,7000,0,0,0,0,0,0,1000,1000,0,1000,0,0,0,8000
8454,富邦媒          ,29000,10000,19000,0,0,0,0,0,0,-11000,0,11000,-11000,0,0,0,8000
05752P,台積電中信96售06,0,0,0,0,0,0,0,0,0,7000,0,0,0,7000,0,7000,7000
05651P,大立光元大97售02,0,0,0,0,0,0,0,0,0,7000,0,0,0,60000,53000,7000,7000
05546P,全新元大97售01  ,0,0,0,0,0,0,0,0,0,7000,0,0,0,7000,0,7000,7000
055168,光罩統一98購01  ,0,0,0,0,0,0,0,0,0,7000,0,0,0,12000,5000,7000,7000
055099,可成日盛97購01  ,0,0,0,0,0,0,0,0,0,7000,0,0,0,7000,0,7000,7000
054775,復盛國票98購01  ,0,0,0,0,0,0,0,0,0,7000,0,0,0,41000,34000,7000,7000
054583,玉晶光統一97購02,0,0,0,0,0,0,0,0,0,7000,0,0,0,32000,25000,7000,7000
054350,美律國泰98購01  ,0,0,0,0,0,0,0,0,0,7000,0,0,0,52000,45000,7000,7000
049900,台積電元富94購06,0,0,0,0,0,0,0,0,0,7000,0,0,0,86000,79000,7000,7000
046822,亞光凱基93購04  ,0,0,0,0,0,0,0,0,0,7000,0,0,0,34000,27000,7000,7000
045895,智伸科元大92購02,0,0,0,0,0,0,0,0,0,7000,0,0,0,30000,23000,7000,7000
045752,全新國泰93購01  ,0,0,0,0,0,0,0,0,0,7000,0,0,0,39000,32000,7000,7000
03935P,可成富邦95售01  ,0,0,0,0,0,0,0,0,0,7000,0,0,0,7000,0,7000,7000
043611,台積電群益92購03,0,0,0,0,0,0,0,0,0,7000,0,0,0,225000,218000,7000,7000
044297,台郡凱基91購02  ,0,0,0,0,0,0,0,0,0,7000,0,0,0,7000,0,7000,7000
044950,玉晶光群益94購01,0,0,0,0,0,0,0,0,0,7000,0,0,0,11000,4000,7000,7000
042641,國巨麥證91購03  ,0,0,0,7000,0,7000,0,0,0,7000,0,0,0,7000,0,7000,7000
048098,嘉澤凱基93購04  ,0,0,0,0,0,0,0,0,0,7000,0,0,0,82000,75000,7000,7000
049496,和鑫元大95購01  ,0,0,0,0,0,0,0,0,0,7000,0,0,0,88000,81000,7000,7000
048724,台達電日盛94購01,0,0,0,0,0,0,0,0,0,7000,0,0,0,15000,8000,7000,7000
047931,日月光凱基93購01,0,0,0,0,0,0,0,0,0,7000,0,0,0,7000,0,7000,7000
047764,燿華元大93購03  ,0,0,0,0,0,0,0,0,0,7000,0,0,0,34000,27000,7000,7000
047227,華新科凱基94購01,0,0,0,0,0,0,0,0,0,7000,0,0,0,31000,24000,7000,7000
049151,大立光元大94購07,0,0,0,0,0,0,0,0,0,7000,0,0,0,7000,0,7000,7000
049557,南電元富94購02  ,0,0,0,0,0,0,0,0,0,7000,0,0,0,9000,2000,7000,7000
049761,亞德客國泰95購03,0,0,0,0,0,0,0,0,0,7000,0,0,0,8000,1000,7000,7000
046951,GIS元大93購08   ,0,0,0,0,0,0,0,0,0,7000,0,0,0,12000,5000,7000,7000
050521,聯發科元大94購15,0,0,0,0,0,0,0,0,0,7000,0,0,0,71000,64000,7000,7000
051990,泰碩元大95購01  ,0,0,0,0,0,0,0,0,0,7000,0,0,0,57000,50000,7000,7000
052260,為升富邦97購02  ,0,0,0,0,0,0,0,0,0,7000,0,0,0,8000,1000,7000,7000
050379,易華電群益96購01,0,0,0,0,0,0,0,0,0,7000,0,0,0,7000,0,7000,7000
051077,台郡國泰96購02  ,0,0,0,0,0,0,0,0,0,7000,0,0,0,21000,14000,7000,7000
051253,緯創元大95購02  ,0,0,0,0,0,0,0,0,0,7000,0,0,0,10000,3000,7000,7000
9136,巨騰-DR         ,9000,2000,7000,0,0,0,0,0,0,0,0,0,0,0,0,0,7000
9937,全國            ,7000,0,7000,0,0,0,0,0,0,0,0,0,0,0,0,0,7000
05942P,奇力新凱基96售04,0,0,0,0,0,0,0,0,0,7000,0,0,0,7000,0,7000,7000
1616,億泰            ,7000,0,7000,0,0,0,0,0,0,0,0,0,0,0,0,0,7000
1721,三晃            ,7000,0,7000,0,0,0,0,0,0,0,0,0,0,0,0,0,7000
06199P,聯發科元大97售17,0,0,0,0,0,0,0,0,0,7000,0,0,0,130000,123000,7000,7000
1101B,台泥乙特        ,0,0,0,0,0,0,0,0,0,7000,7000,0,7000,0,0,0,7000
3023,信邦            ,144000,108000,36000,0,0,0,30000,21000,9000,-38000,0,21000,-21000,0,17000,-17000,7000
3025,星通            ,12000,5000,7000,0,0,0,0,0,0,0,0,0,0,0,0,0,7000
2923,鼎固-KY         ,7000,0,7000,0,0,0,0,0,0,0,0,0,0,0,0,0,7000
2705,六福            ,12000,5000,7000,0,0,0,0,0,0,0,0,0,0,0,0,0,7000
3588,通嘉            ,30000,23000,7000,0,0,0,0,0,0,0,0,0,0,0,0,0,7000
3094,聯傑            ,20000,13000,7000,0,0,0,0,0,0,0,0,0,0,0,0,0,7000
5007,三星            ,7000,0,7000,0,0,0,0,0,0,0,0,0,0,0,0,0,7000
054546,玉晶光中信9B購01,0,0,0,0,0,0,0,0,0,6000,0,0,0,86000,80000,6000,6000
054247,華邦電元大96購04,0,0,0,0,0,0,0,0,0,6000,0,0,0,15000,9000,6000,6000
05382P,電子類群益95售02,0,0,0,0,0,0,0,0,0,6000,0,0,0,8000,2000,6000,6000
05378P,台積電凱基96售02,0,0,0,0,0,0,0,0,0,6000,0,0,0,9000,3000,6000,6000
053780,南亞科元大96購03,0,0,0,0,0,0,0,0,0,6000,0,0,0,10000,4000,6000,6000
053919,可成國票97購02  ,0,0,0,0,0,0,0,0,0,6000,0,0,0,8000,2000,6000,6000
053898,康友群益97購01  ,0,0,0,0,0,0,0,0,0,6000,0,0,0,28000,22000,6000,6000
054991,南亞科元富97購01,0,0,0,0,0,0,0,0,0,6000,0,0,0,20000,14000,6000,6000
055606,矽創元大97購01  ,0,0,0,0,0,0,0,0,0,6000,0,0,0,41000,35000,6000,6000
055361,樺漢凱基97購01  ,0,0,0,0,0,0,0,0,0,6000,0,0,0,119000,113000,6000,6000
05755P,臺股指中信99售04,0,0,0,0,0,0,0,0,0,6000,0,0,0,6000,0,6000,6000
05765P,臺股指永豐96售01,0,0,0,0,0,0,0,0,0,6000,0,0,0,6000,0,6000,6000
04237P,超眾群益93售02  ,0,0,0,0,0,0,0,0,0,6000,0,0,0,8000,2000,6000,6000
04163P,可成統一93售03  ,0,0,0,0,0,0,0,0,0,6000,0,0,0,40000,34000,6000,6000
044383,樺漢群益91購02  ,0,0,0,0,0,0,0,0,0,6000,0,0,0,6000,0,6000,6000
043909,台光電凱基93購01,0,0,0,0,0,0,0,0,0,6000,0,0,0,6000,0,6000,6000
048027,京元電凱基93購03,0,0,0,0,0,0,0,0,0,6000,0,0,0,6000,0,6000,6000
045556,可成國票93購01  ,0,0,0,0,0,0,0,0,0,6000,0,0,0,10000,4000,6000,6000
045091,嘉聯益元大92購02,0,0,0,0,0,0,0,0,0,6000,0,0,0,6000,0,6000,6000
050330,南電永豐94購01  ,0,0,0,0,0,0,0,0,0,6000,0,0,0,6000,0,6000,6000
050313,大立光兆豐94購05,0,0,0,0,0,0,0,0,0,6000,0,0,0,12000,6000,6000,6000
047051,可成國票94購01  ,0,0,0,0,0,0,0,0,0,6000,0,0,0,10000,4000,6000,6000
049777,華新科統一94購06,0,0,0,0,0,0,0,0,0,6000,0,0,0,6000,0,6000,6000
049701,聯茂元大94購05  ,0,0,0,0,0,0,0,0,0,6000,0,0,0,11000,5000,6000,6000
049372,華新科元大95購04,0,0,0,0,0,0,0,0,0,6000,0,0,0,97000,91000,6000,6000
048407,貿聯群益93購04  ,0,0,0,0,0,0,0,0,0,6000,0,0,0,20000,14000,6000,6000
048377,燿華元富93購01  ,0,0,0,0,0,0,0,0,0,6000,0,0,0,6000,0,6000,6000
04833P,鴻海元大94售16  ,0,0,0,0,0,0,0,0,0,6000,0,0,0,6000,0,6000,6000
04889P,華通元大94售03  ,0,0,0,0,0,0,0,0,0,6000,0,0,0,18000,12000,6000,6000
048516,麗豐凱基93購02  ,0,0,0,0,0,0,0,0,0,6000,0,0,0,22000,16000,6000,6000
04718P,亞德客凱基94售03,0,0,0,0,0,0,0,0,0,6000,0,0,0,7000,1000,6000,6000
047749,富邦金元富93購01,0,0,0,0,0,0,0,0,0,6000,0,0,0,210000,204000,6000,6000
047953,台積電永豐93購04,0,0,0,0,0,0,0,0,0,6000,0,0,0,16000,10000,6000,6000
051265,鴻海富邦96購04  ,0,0,0,0,0,0,0,0,0,6000,0,0,0,10000,4000,6000,6000
051518,富邦金凱基95購01,0,0,0,0,0,0,0,0,0,6000,0,0,0,6000,0,6000,6000
051525,日月光凱基95購02,0,0,0,0,0,0,0,0,0,6000,0,0,0,6000,0,6000,6000
051662,大立光永昌96購03,0,0,0,0,0,0,0,0,0,6000,0,0,0,6000,0,6000,6000
050944,智邦群益95購01  ,0,0,0,0,0,0,0,0,0,6000,0,0,0,11000,5000,6000,6000
050721,台泥國票94購01  ,0,0,0,0,0,0,0,0,0,6000,0,0,0,6000,0,6000,6000
050918,南亞科日盛95購01,0,0,0,0,0,0,0,0,0,6000,0,0,0,16000,10000,6000,6000
052318,友達元大98購01  ,0,0,0,0,0,0,0,0,0,6000,0,0,0,10000,4000,6000,6000
052073,矽力統一95購03  ,0,0,0,0,0,0,0,0,0,6000,0,0,0,6000,0,6000,6000
052664,麗豐國票96購02  ,0,0,0,0,0,0,0,0,0,6000,0,0,0,68000,62000,6000,6000
052342,茂林凱基96購01  ,0,0,0,0,0,0,0,0,0,6000,0,0,0,50000,44000,6000,6000
052388,旺宏群益96購05  ,0,0,0,0,0,0,0,0,0,6000,0,0,0,6000,0,6000,6000
053247,麗豐國票97購01  ,0,0,0,0,0,0,0,0,0,6000,0,0,0,16000,10000,6000,6000
053116,華新科中信96購01,0,0,0,0,0,0,0,0,0,6000,0,0,0,6000,0,6000,6000
052813,T50正2永豐96購01,0,0,0,0,0,0,0,0,0,6000,0,0,0,35000,29000,6000,6000
052781,瀚宇博國票97購03,0,0,0,0,0,0,0,0,0,6000,0,0,0,6000,0,6000,6000
052896,宏達電群益96購01,0,0,0,0,0,0,0,0,0,6000,0,0,0,22000,16000,6000,6000
4144,康聯-KY         ,10000,4000,6000,0,0,0,0,0,0,0,0,0,0,0,0,0,6000
6189,豐藝            ,13000,6000,7000,0,0,0,0,0,0,-1000,0,1000,-1000,0,0,0,6000
6666,羅麗芬-KY       ,7000,1000,6000,0,0,0,0,0,0,0,0,0,0,0,0,0,6000
3013,晟銘電          ,7000,1000,6000,0,0,0,0,0,0,0,0,0,0,0,0,0,6000
2497,怡利電          ,14000,8000,6000,0,0,0,0,0,0,0,0,0,0,0,0,0,6000
1225,福懋油          ,10000,4000,6000,0,0,0,0,0,0,0,0,0,0,0,0,0,6000
1734,杏輝            ,12000,6000,6000,0,0,0,0,0,0,0,0,0,0,0,0,0,6000
1533,車王電          ,6000,0,6000,0,0,0,0,0,0,0,0,0,0,0,0,0,6000
1526,日馳            ,10000,4000,6000,0,0,0,0,0,0,0,0,0,0,0,0,0,6000
05964P,華通凱基96售06  ,0,0,0,0,0,0,0,0,0,6000,0,0,0,6000,0,6000,6000
05788P,臺股指永昌96售05,0,0,0,0,0,0,0,0,0,5000,0,0,0,5000,0,5000,5000
05577P,上銀凱基96售02  ,0,0,0,0,0,0,0,0,0,5000,0,0,0,5000,0,5000,5000
055366,國巨元大98購05  ,0,0,0,0,0,0,0,0,0,5000,0,0,0,33000,28000,5000,5000
055390,國巨統一98購03  ,0,0,0,0,0,0,0,0,0,5000,0,0,0,10000,5000,5000,5000
055498,大立光元大97購07,0,0,0,0,0,0,0,0,0,5000,0,0,0,5000,0,5000,5000
054970,帆宣元大97購01  ,0,0,0,0,0,0,0,0,0,5000,0,0,0,5000,0,5000,5000
05489P,臺股指凱基95售22,0,0,0,0,0,0,0,0,0,5000,0,0,0,5000,0,5000,5000
053779,台光電元大96購02,0,0,0,0,0,0,0,0,0,5000,0,0,0,32000,27000,5000,5000
053441,旺宏凱基98購01  ,0,0,0,0,0,0,0,0,0,5000,0,0,0,15000,10000,5000,5000
053463,可成富邦98購01  ,0,0,0,0,0,0,0,0,0,5000,0,0,0,20000,15000,5000,5000
053407,台積電兆豐96購02,0,0,0,0,0,0,0,0,0,5000,0,0,0,10000,5000,5000,5000
053656,可成凱基96購06  ,0,0,0,0,0,0,0,0,0,5000,0,0,0,51000,46000,5000,5000
053498,大立光兆豐96購03,0,0,0,0,0,0,0,0,0,5000,0,0,0,5000,0,5000,5000
053552,華新科凱基96購08,0,0,0,0,0,0,0,0,0,5000,0,0,0,26000,21000,5000,5000
054196,台光電國泰97購02,0,0,0,0,0,0,0,0,0,5000,0,0,0,10000,5000,5000,5000
054266,緯穎元大96購07  ,0,0,0,0,0,0,0,0,0,5000,0,0,0,126000,121000,5000,5000
054078,鴻海中信98購01  ,0,0,0,0,0,0,0,0,0,5000,0,0,0,5000,0,5000,5000
054049,亞光元大96購03  ,0,0,0,0,0,0,0,0,0,5000,0,0,0,7000,2000,5000,5000
054114,新光金台新97購01,0,0,0,0,0,0,0,0,0,5000,0,0,0,5000,0,5000,5000
054347,上緯控國票96購02,0,0,0,0,0,0,0,0,0,5000,0,0,0,5000,0,5000,5000
054454,滬深2X群益96購04,0,0,0,0,0,0,0,0,0,5000,0,0,0,5000,0,5000,5000
045089,中磊元大94購01  ,0,0,0,0,0,0,0,0,0,5000,0,0,0,5000,0,5000,5000
045103,上海銀亞東94購01,0,0,0,0,0,0,0,0,0,5000,0,0,0,5000,0,5000,5000
04532P,臺股指凱基94售04,0,0,0,0,0,0,0,0,0,5000,0,0,0,10000,5000,5000,5000
045330,百和亞東93購01  ,0,0,0,0,0,0,0,0,0,5000,0,0,0,5000,0,5000,5000
046497,鴻海元大92購17  ,0,0,0,0,0,0,0,0,0,5000,0,0,0,10000,5000,5000,5000
046476,鴻海統一96購01  ,0,0,0,0,0,0,0,0,0,5000,0,0,0,5000,0,5000,5000
045708,元油2X凱基93購02,0,0,0,0,0,0,0,0,0,5000,0,0,0,5000,0,5000,5000
045737,友達群益94購01  ,0,0,0,0,0,0,0,0,0,5000,0,0,0,5000,0,5000,5000
046658,微星元大93購01  ,0,0,0,0,0,0,0,0,0,5000,0,0,0,5000,0,5000,5000
046305,台積電元大92購27,0,0,0,0,0,0,0,0,0,5000,0,0,0,5000,0,5000,5000
046196,欣興凱基92購04  ,0,0,0,0,0,0,0,0,0,5000,0,0,0,8000,3000,5000,5000
046124,健策元大92購04  ,0,0,0,0,0,0,0,0,0,5000,0,0,0,5000,0,5000,5000
046080,同欣電凱基92購03,0,0,0,0,0,0,0,0,0,5000,0,0,0,115000,110000,5000,5000
047325,材料元大93購01  ,0,0,0,0,0,0,0,0,0,5000,0,0,0,5000,0,5000,5000
046811,和大凱基93購01  ,0,0,0,0,0,0,0,0,0,5000,0,0,0,30000,25000,5000,5000
049925,創意元大95購02  ,0,0,0,0,0,0,0,0,0,5000,0,0,0,10000,5000,5000,5000
049927,健策元大94購02  ,0,0,0,0,0,0,0,0,0,5000,0,0,0,5000,0,5000,5000
045920,臺股指國票92購10,0,0,0,0,0,0,0,0,0,5000,0,0,0,5000,0,5000,5000
046351,智邦群益92購01  ,0,0,0,0,0,0,0,0,0,5000,0,0,0,10000,5000,5000,5000
044680,華新科凱基93購06,0,0,0,0,0,0,0,0,0,5000,0,0,0,5000,0,5000,5000
043920,瑞儀凱基93購01  ,0,0,0,0,0,0,0,0,0,5000,0,0,0,5000,0,5000,5000
043870,光磊元大92購01  ,0,0,0,0,0,0,0,0,0,5000,0,0,0,5000,0,5000,5000
043774,瑞昱兆豐92購01  ,0,0,0,0,0,0,0,0,0,5000,0,0,0,10000,5000,5000,5000
043642,元金2X國票97購01,0,0,0,0,0,0,0,0,0,5000,0,0,0,5000,0,5000,5000
04059P,臺股指群益93售13,0,0,0,0,0,0,0,0,0,5000,0,0,0,15000,10000,5000,5000
03625P,欣興群益92售04  ,0,0,0,0,0,0,0,0,0,5000,0,0,0,6000,1000,5000,5000
03939P,康控元大95售02  ,0,0,0,0,0,0,0,0,0,5000,0,0,0,5000,0,5000,5000
03351P,台積電麥證02售07,0,0,0,0,0,0,0,0,0,5000,0,0,0,5000,0,5000,5000
03398P,瑞昱中信06售03  ,0,0,0,0,0,0,0,0,0,5000,0,0,0,5000,0,5000,5000
044429,元金2X元大94購04,0,0,0,0,0,0,0,0,0,5000,0,0,0,25000,20000,5000,5000
044155,台積電永豐91購03,0,0,0,0,0,0,0,0,0,5000,0,0,0,5000,0,5000,5000
043963,台化國泰92購01  ,0,0,0,0,0,0,0,0,0,5000,0,0,0,5000,0,5000,5000
044017,宏達電凱基91購03,0,0,0,0,0,0,0,0,0,5000,0,0,0,5000,0,5000,5000
042363,復盛元大91購01  ,0,0,0,0,0,0,0,0,0,5000,0,0,0,5000,0,5000,5000
045383,大毅元大92購01  ,0,0,0,0,0,0,0,0,0,5000,0,0,0,5000,0,5000,5000
047974,新光金兆豐93購01,0,0,0,0,0,0,0,0,0,5000,0,0,0,5000,0,5000,5000
048170,智原永豐93購02  ,0,0,0,0,0,0,0,0,0,5000,0,0,0,5000,0,5000,5000
048179,臻鼎富邦97購01  ,0,0,0,0,0,0,0,0,0,5000,0,0,0,5000,0,5000,5000
047991,元油反元大96購05,0,0,0,0,0,0,0,0,0,5000,0,0,0,5000,0,5000,5000
047769,大立光元大96購01,0,0,0,0,0,0,0,0,0,5000,0,0,0,5000,0,5000,5000
047194,世紀鋼元大96購01,0,0,0,0,0,0,0,0,0,5000,0,0,0,5000,0,5000,5000
047478,旺宏凱基93購04  ,0,0,0,0,0,0,0,0,0,5000,0,0,0,5000,0,5000,5000
047789,景碩群益93購01  ,0,0,0,0,0,0,0,0,0,5000,0,0,0,5000,0,5000,5000
048744,儒鴻元富97購01  ,0,0,0,0,0,0,0,0,0,5000,0,0,0,10000,5000,5000,5000
048084,華通凱基93購05  ,0,0,0,0,0,0,0,0,0,5000,0,0,0,41000,36000,5000,5000
049459,全新元富95購02  ,0,0,0,0,0,0,0,0,0,5000,0,0,0,55000,50000,5000,5000
048107,華通群益93購02  ,0,0,0,0,0,0,0,0,0,5000,0,0,0,5000,0,5000,5000
048442,友訊凱基94購01  ,0,0,0,0,0,0,0,0,0,5000,0,0,0,5000,0,5000,5000
048491,A50元大93購01   ,0,0,0,0,0,0,0,0,0,5000,0,0,0,80000,75000,5000,5000
048240,嘉聯益國票94購03,0,0,0,0,0,0,0,0,0,5000,0,0,0,5000,0,5000,5000
049051,滬深2X永豐94購05,0,0,0,0,0,0,0,0,0,5000,0,0,0,5000,0,5000,5000
049116,瑞儀統一94購01  ,0,0,0,0,0,0,0,0,0,5000,0,0,0,5000,0,5000,5000
049230,台達電富邦96購01,0,0,0,0,0,0,0,0,0,5000,0,0,0,15000,10000,5000,5000
049267,瀚宇博元大95購02,0,0,0,0,0,0,0,0,0,5000,0,0,0,5000,0,5000,5000
048350,世紀鋼元大95購01,0,0,0,0,0,0,0,0,0,5000,0,0,0,5000,0,5000,5000
048417,國巨統一94購01  ,0,0,0,0,0,0,0,0,0,5000,0,0,0,10000,5000,5000,5000
046831,大立光群益94購01,0,0,0,0,0,0,0,0,0,5000,0,0,0,11000,6000,5000,5000
047541,深中小凱基94購01,0,0,0,0,0,0,0,0,0,5000,0,0,0,20000,15000,5000,5000
049387,緯穎元大94購03  ,0,0,0,0,0,0,0,0,0,5000,0,0,0,34000,29000,5000,5000
049324,臺股指凱基94購06,0,0,0,0,0,0,0,0,0,5000,0,0,0,10000,5000,5000,5000
049392,臺股指麥證94購01,0,0,0,5000,0,5000,0,0,0,5000,0,0,0,5000,0,5000,5000
049636,上証反凱基9A購01,0,0,0,0,0,0,0,0,0,5000,0,0,0,5000,0,5000,5000
049720,欣興凱基94購05  ,0,0,0,0,0,0,0,0,0,5000,0,0,0,16000,11000,5000,5000
049831,日月光凱基94購01,0,0,0,0,0,0,0,0,0,5000,0,0,0,5000,0,5000,5000
047685,嘉聯益國泰95購01,0,0,0,0,0,0,0,0,0,5000,0,0,0,78000,73000,5000,5000
050083,旺宏元富94購01  ,0,0,0,0,0,0,0,0,0,5000,0,0,0,12000,7000,5000,5000
050445,鴻海元大94購21  ,0,0,0,0,0,0,0,0,0,5000,0,0,0,84000,79000,5000,5000
050179,全新元大96購02  ,0,0,0,0,0,0,0,0,0,5000,0,0,0,105000,100000,5000,5000
050388,鴻海統一94購09  ,0,0,0,0,0,0,0,0,0,5000,0,0,0,223000,218000,5000,5000
052796,和碩兆豐96購01  ,0,0,0,0,0,0,0,0,0,5000,0,0,0,5000,0,5000,5000
053268,日月光群益96購01,0,0,0,0,0,0,0,0,0,5000,0,0,0,14000,9000,5000,5000
053274,旺宏元大98購03  ,0,0,0,0,0,0,0,0,0,5000,0,0,0,87000,82000,5000,5000
053224,矽力凱基96購02  ,0,0,0,0,0,0,0,0,0,5000,0,0,0,10000,5000,5000,5000
053314,A50正2群益9A購01,0,0,0,0,0,0,0,0,0,5000,0,0,0,5000,0,5000,5000
05253P,智邦凱基95售08  ,0,0,0,0,0,0,0,0,0,5000,0,0,0,5000,0,5000,5000
052326,滬深反中信99購01,0,0,0,0,0,0,0,0,0,5000,0,0,0,10000,5000,5000,5000
052266,義隆亞東95購02  ,0,0,0,0,0,0,0,0,0,5000,0,0,0,5000,0,5000,5000
052280,聯發科凱基95購11,0,0,0,0,0,0,0,0,0,5000,0,0,0,66000,61000,5000,5000
052288,敦南統一95購01  ,0,0,0,0,0,0,0,0,0,5000,0,0,0,5000,0,5000,5000
052226,旺宏凱基95購06  ,0,0,0,0,0,0,0,0,0,5000,0,0,0,9000,4000,5000,5000
052212,可成元大95購11  ,0,0,0,0,0,0,0,0,0,5000,0,0,0,5000,0,5000,5000
052176,景碩元大96購01  ,0,0,0,0,0,0,0,0,0,5000,0,0,0,45000,40000,5000,5000
050846,緯創國票96購01  ,0,0,0,0,0,0,0,0,0,5000,0,0,0,5000,0,5000,5000
05074P,鴻海麥證95售01  ,0,0,0,5000,0,5000,0,0,0,5000,0,0,0,5000,0,5000,5000
050722,聯電國票96購01  ,0,0,0,0,0,0,0,0,0,5000,0,0,0,5000,0,5000,5000
050737,聯詠康和94購01  ,0,0,0,0,0,0,0,0,0,5000,0,0,0,10000,5000,5000,5000
050701,上緯控凱基94購04,0,0,0,0,0,0,0,0,0,5000,0,0,0,5000,0,5000,5000
050673,旺宏富邦96購02  ,0,0,0,0,0,0,0,0,0,5000,0,0,0,24000,19000,5000,5000
050965,揚明光永豐96購01,0,0,0,0,0,0,0,0,0,5000,0,0,0,5000,0,5000,5000
050996,隆達元大95購01  ,0,0,0,0,0,0,0,0,0,5000,0,0,0,95000,90000,5000,5000
051779,大立光群益95購02,0,0,0,0,0,0,0,0,0,5000,0,0,0,10000,5000,5000,5000
05169P,玉晶光元大95售03,0,0,0,0,0,0,0,0,0,5000,0,0,0,5000,0,5000,5000
051423,GIS國票97購01   ,0,0,0,0,0,0,0,0,0,5000,0,0,0,5000,0,5000,5000
05954P,旺宏國票97售03  ,0,0,0,0,0,0,0,0,0,5000,0,0,0,10000,5000,5000,5000
05863P,滬深2X元大96售09,0,0,0,0,0,0,0,0,0,5000,0,0,0,5000,0,5000,5000
05876P,聯發科群益96售03,0,0,0,0,0,0,0,0,0,5000,0,0,0,15000,10000,5000,5000
1540,喬福            ,5000,0,5000,0,0,0,0,0,0,0,0,0,0,0,0,0,5000
1709,和益            ,5000,0,5000,0,0,0,0,0,0,0,0,0,0,0,0,0,5000
2228,劍麟            ,44000,25000,19000,0,0,0,0,0,0,-14000,1000,0,1000,0,15000,-15000,5000
06207P,聯發科凱基97售07,0,0,0,0,0,0,0,0,0,5000,0,0,0,5000,0,5000,5000
08951P,臺股指國票01售08,0,0,0,0,0,0,0,0,0,5000,0,0,0,5000,0,5000,5000
1452,宏益            ,6000,1000,5000,0,0,0,0,0,0,0,0,0,0,0,0,0,5000
1455,集盛            ,5000,0,5000,0,0,0,0,0,0,0,0,0,0,0,0,0,5000
3032,偉訓            ,6000,0,6000,0,0,0,0,0,0,-1000,0,1000,-1000,0,0,0,5000
5288,豐祥-KY         ,6000,1000,5000,0,0,0,0,0,0,0,0,0,0,0,0,0,5000
4571,鈞興-KY         ,5000,0,5000,0,0,0,0,0,0,0,0,0,0,0,0,0,5000
054515,華通元大98購02  ,0,0,0,0,0,0,0,0,0,4000,0,0,0,44000,40000,4000,4000
054509,上証反元大99購01,0,0,0,0,0,0,0,0,0,4000,0,0,0,6000,2000,4000,4000
054524,華通元富96購03  ,0,0,0,0,0,0,0,0,0,4000,0,0,0,4000,0,4000,4000
054064,台郡國票97購04  ,0,0,0,0,0,0,0,0,0,4000,0,0,0,8000,4000,4000,4000
053555,日月光凱基97購01,0,0,0,0,0,0,0,0,0,4000,0,0,0,15000,11000,4000,4000
05354P,臺股指元富95售08,0,0,0,0,0,0,0,0,0,4000,0,0,0,105000,101000,4000,4000
053377,台積電元大98購01,0,0,0,0,0,0,0,0,0,4000,0,0,0,170000,166000,4000,4000
05377P,鴻海凱基95售18  ,0,0,0,0,0,0,0,0,0,4000,0,0,0,4000,0,4000,4000
055293,晶相光元大97購01,0,0,0,0,0,0,0,0,0,4000,0,0,0,53000,49000,4000,4000
055632,群創永豐98購01  ,0,0,0,0,0,0,0,0,0,4000,0,0,0,30000,26000,4000,4000
055623,貿聯國泰99購01  ,0,0,0,0,0,0,0,0,0,4000,0,0,0,4000,0,4000,4000
044909,玉晶光凱基93購02,0,0,0,0,0,0,0,0,0,4000,0,0,0,4000,0,4000,4000
042298,群創元大92購01  ,0,0,0,0,0,0,0,0,0,4000,0,0,0,5000,1000,4000,4000
042236,強茂國泰91購01  ,0,0,0,0,0,0,0,0,0,4000,0,0,0,4000,0,4000,4000
03237P,大立光元大02售04,0,0,0,0,0,0,0,0,0,4000,0,0,0,4000,0,4000,4000
00685L,群益臺灣加權正2 ,0,0,0,0,0,0,0,0,0,4000,0,0,0,11000,7000,4000,4000
006204,永豐臺灣加權    ,0,0,0,0,0,0,0,0,0,4000,0,0,0,46000,42000,4000,4000
04366P,全新元富95售01  ,0,0,0,0,0,0,0,0,0,4000,0,0,0,4000,0,4000,4000
043671,GIS元大93購03   ,0,0,0,0,0,0,0,0,0,4000,0,0,0,24000,20000,4000,4000
045930,康控永豐92購01  ,0,0,0,0,0,0,0,0,0,4000,0,0,0,75000,71000,4000,4000
045768,大立光元富95購02,0,0,0,0,0,0,0,0,0,4000,0,0,0,10000,6000,4000,4000
048026,瑞昱凱基94購01  ,0,0,0,0,0,0,0,0,0,4000,0,0,0,7000,3000,4000,4000
045334,全新日盛92購01  ,0,0,0,0,0,0,0,0,0,4000,0,0,0,4000,0,4000,4000
045230,嘉聯益元大93購01,0,0,0,0,0,0,0,0,0,4000,0,0,0,7000,3000,4000,4000
045258,漢唐凱基93購01  ,0,0,0,0,0,0,0,0,0,4000,0,0,0,4000,0,4000,4000
050433,華新科凱基94購11,0,0,0,0,0,0,0,0,0,4000,0,0,0,34000,30000,4000,4000
050548,華固凱基95購01  ,0,0,0,0,0,0,0,0,0,4000,0,0,0,4000,0,4000,4000
050332,鴻海國泰96購05  ,0,0,0,0,0,0,0,0,0,4000,0,0,0,7000,3000,4000,4000
050079,元油2X統一94購06,0,0,0,0,0,0,0,0,0,4000,0,0,0,4000,0,4000,4000
046980,智邦兆豐94購01  ,0,0,0,0,0,0,0,0,0,4000,0,0,0,9000,5000,4000,4000
047074,大立光兆豐94購02,0,0,0,0,0,0,0,0,0,4000,0,0,0,4000,0,4000,4000
049071,台達電凱基94購02,0,0,0,0,0,0,0,0,0,4000,0,0,0,4000,0,4000,4000
049447,聯電統一94購01  ,0,0,0,0,0,0,0,0,0,4000,0,0,0,4000,0,4000,4000
049312,亞光凱基94購02  ,0,0,0,0,0,0,0,0,0,4000,0,0,0,10000,6000,4000,4000
046915,禾伸堂台新93購01,0,0,0,0,0,0,0,0,0,4000,0,0,0,4000,0,4000,4000
046872,全新元富93購02  ,0,0,0,0,0,0,0,0,0,4000,0,0,0,4000,0,4000,4000
047635,華新元大93購01  ,0,0,0,0,0,0,0,0,0,4000,0,0,0,4000,0,4000,4000
048327,緯穎國泰94購01  ,0,0,0,0,0,0,0,0,0,4000,0,0,0,4000,0,4000,4000
048284,臺股指中信95購04,0,0,0,0,0,0,0,0,0,4000,0,0,0,5000,1000,4000,4000
049244,亞光元富94購01  ,0,0,0,0,0,0,0,0,0,4000,0,0,0,4000,0,4000,4000
049580,國巨元大94購07  ,0,0,0,0,0,0,0,0,0,4000,0,0,0,4000,0,4000,4000
048682,奇力新富邦96購01,0,0,0,0,0,0,0,0,0,4000,0,0,0,4000,0,4000,4000
048430,瑞昱國票93購02  ,0,0,0,0,0,0,0,0,0,4000,0,0,0,4000,0,4000,4000
047411,康控元富93購02  ,0,0,0,0,0,0,0,0,0,4000,0,0,0,30000,26000,4000,4000
048779,美利達凱基94購01,0,0,0,0,0,0,0,0,0,4000,0,0,0,4000,0,4000,4000
048747,華通元富97購01  ,0,0,0,0,0,0,0,0,0,4000,0,0,0,4000,0,4000,4000
051536,玉晶光國票97購01,0,0,0,0,0,0,0,0,0,4000,0,0,0,12000,8000,4000,4000
051492,臻鼎凱基95購01  ,0,0,0,0,0,0,0,0,0,4000,0,0,0,29000,25000,4000,4000
05155P,聯發科兆豐95售03,0,0,0,0,0,0,0,0,0,4000,0,0,0,5000,1000,4000,4000
051982,深中小元大95購01,0,0,0,0,0,0,0,0,0,4000,0,0,0,14000,10000,4000,4000
051013,旺宏凱基95購03  ,0,0,0,0,0,0,0,0,0,4000,0,0,0,4000,0,4000,4000
050372,全新元大96購03  ,0,0,0,0,0,0,0,0,0,4000,0,0,0,4000,0,4000,4000
050959,元金2X永豐95購02,0,0,0,0,0,0,0,0,0,4000,0,0,0,4000,0,4000,4000
050949,亞光群益96購01  ,0,0,0,0,0,0,0,0,0,4000,0,0,0,5000,1000,4000,4000
050621,易華電元大95購01,0,0,0,0,0,0,0,0,0,4000,0,0,0,4000,0,4000,4000
052230,大立光凱基96購09,0,0,0,0,0,0,0,0,0,4000,0,0,0,16000,12000,4000,4000
052057,臺股指凱基95購15,0,0,0,0,0,0,0,0,0,4000,0,0,0,14000,10000,4000,4000
052568,漢唐凱基96購02  ,0,0,0,0,0,0,0,0,0,4000,0,0,0,4000,0,4000,4000
053211,漢唐凱基96購03  ,0,0,0,0,0,0,0,0,0,4000,0,0,0,4000,0,4000,4000
053166,聯詠群益96購02  ,0,0,0,0,0,0,0,0,0,4000,0,0,0,30000,26000,4000,4000
052862,正崴凱基96購01  ,0,0,0,0,0,0,0,0,0,4000,0,0,0,4000,0,4000,4000
052906,緯創國票97購01  ,0,0,0,0,0,0,0,0,0,4000,0,0,0,4000,0,4000,4000
053035,台表科兆豐97購01,0,0,0,0,0,0,0,0,0,4000,0,0,0,14000,10000,4000,4000
4912,聯德控股-KY     ,6000,2000,4000,0,0,0,0,0,0,0,0,0,0,0,0,0,4000
3591,艾笛森          ,0,4000,-4000,0,0,0,0,0,0,8000,8000,0,8000,0,0,0,4000
3705,永信            ,7000,3000,4000,0,0,0,0,0,0,0,0,0,0,0,0,0,4000
5907,大洋-KY         ,8000,3000,5000,0,0,0,0,0,0,-1000,0,1000,-1000,0,0,0,4000
2936,客思達-KY       ,4000,0,4000,0,0,0,0,0,0,0,0,0,0,0,0,0,4000
1308,亞聚            ,42000,38000,4000,0,0,0,0,0,0,0,0,0,0,0,0,0,4000
1614,三洋電          ,4000,0,4000,0,0,0,0,0,0,0,0,0,0,0,0,0,4000
1529,樂士            ,4000,0,4000,0,0,0,0,0,0,0,0,0,0,0,0,0,4000
06124P,超眾元大97售03  ,0,0,0,0,0,0,0,0,0,4000,0,0,0,40000,36000,4000,4000
06099P,鴻海日盛97售03  ,0,0,0,0,0,0,0,0,0,4000,0,0,0,4000,0,4000,4000
5534,長虹            ,177558,124000,53558,0,0,0,0,0,0,-50000,6000,56000,-50000,0,0,0,3558
6285,啟碁            ,70000,66000,4000,0,0,0,0,2000,-2000,1125,128000,32000,96000,6125,101000,-94875,3125
055634,訊芯永豐97購02  ,0,0,0,0,0,0,0,0,0,3000,0,0,0,342000,339000,3000,3000
05659P,A50正2中信97售01,0,0,0,0,0,0,0,0,0,3000,0,0,0,3000,0,3000,3000
05688P,臺股指元大96售13,0,0,0,0,0,0,0,0,0,3000,0,0,0,68000,65000,3000,3000
055487,國巨元大98購07  ,0,0,0,0,0,0,0,0,0,3000,0,0,0,18000,15000,3000,3000
055442,矽創國票98購02  ,0,0,0,0,0,0,0,0,0,3000,0,0,0,3000,0,3000,3000
055443,台虹國票98購01  ,0,0,0,0,0,0,0,0,0,3000,0,0,0,3000,0,3000,3000
054941,凱美元大97購01  ,0,0,0,0,0,0,0,0,0,3000,0,0,0,3000,0,3000,3000
053936,旺宏元富96購04  ,0,0,0,0,0,0,0,0,0,3000,0,0,0,3000,0,3000,3000
053938,彩晶元富96購01  ,0,0,0,0,0,0,0,0,0,3000,0,0,0,16000,13000,3000,3000
053499,禾伸堂兆豐96購01,0,0,0,0,0,0,0,0,0,3000,0,0,0,3000,0,3000,3000
054126,和大元大96購02  ,0,0,0,0,0,0,0,0,0,3000,0,0,0,120000,117000,3000,3000
054172,易華電凱基98購01,0,0,0,0,0,0,0,0,0,3000,0,0,0,3000,0,3000,3000
054592,美律永昌9A購01  ,0,0,0,0,0,0,0,0,0,3000,0,0,0,30000,27000,3000,3000
05463P,創意國票96售04  ,0,0,0,0,0,0,0,0,0,3000,0,0,0,103000,100000,3000,3000
05461P,台積電亞東97售01,0,0,0,0,0,0,0,0,0,3000,0,0,0,3000,0,3000,3000
054410,國巨元大96購14  ,0,0,0,0,0,0,0,0,0,3000,0,0,0,82000,79000,3000,3000
054364,智伸科凱基96購01,0,0,0,0,0,0,0,0,0,3000,0,0,0,180000,177000,3000,3000
045276,臻鼎統一92購01  ,0,0,0,0,0,0,0,0,0,3000,0,0,0,3000,0,3000,3000
045106,玉晶光群益95購01,0,0,0,0,0,0,0,0,0,3000,0,0,0,3000,0,3000,3000
045138,技嘉兆豐92購01  ,0,0,0,0,0,0,0,0,0,3000,0,0,0,3000,0,3000,3000
046512,和鑫元大92購01  ,0,0,0,0,0,0,0,0,0,3000,0,0,0,11000,8000,3000,3000
046050,臺股指元大93購20,0,0,0,0,0,0,0,0,0,3000,0,0,0,3000,0,3000,3000
045691,南茂元大92購03  ,0,0,0,0,0,0,0,0,0,3000,0,0,0,3000,0,3000,3000
048008,聯發科富邦95購02,0,0,0,0,0,0,0,0,0,3000,0,0,0,7000,4000,3000,3000
048014,貿聯國票93購03  ,0,0,0,0,0,0,0,0,0,3000,0,0,0,5000,2000,3000,3000
050014,國巨富邦98購01  ,0,0,0,0,0,0,0,0,0,3000,0,0,0,3000,0,3000,3000
047303,寶滬深元大96購01,0,0,0,0,0,0,0,0,0,3000,0,0,0,3000,0,3000,3000
045907,鴻海中信94購02  ,0,0,0,0,0,0,0,0,0,3000,0,0,0,3000,0,3000,3000
046702,旺宏元富93購02  ,0,0,0,0,0,0,0,0,0,3000,0,0,0,3000,0,3000,3000
043607,GIS元大93購02   ,0,0,0,0,0,0,0,0,0,3000,0,0,0,3000,0,3000,3000
043693,為升兆豐93購01  ,0,0,0,0,0,0,0,0,0,3000,0,0,0,50000,47000,3000,3000
00647L,元大S&P500正2   ,0,0,0,0,0,0,0,0,0,3000,0,0,0,6000,3000,3000,3000
00665L,富邦恒生國企正2 ,29000,4000,25000,0,0,0,0,0,0,-22000,12000,0,12000,35000,69000,-34000,3000
00763U,街口道瓊銅      ,0,0,0,0,0,0,0,0,0,3000,0,0,0,3000,0,3000,3000
020011,統一微波高息20N ,0,0,0,0,0,0,0,0,0,3000,0,0,0,3000,0,3000,3000
03522P,牧德元大02售05  ,0,0,0,0,0,0,0,0,0,3000,0,0,0,3000,0,3000,3000
03892P,元油2X中信95售01,0,0,0,0,0,0,0,0,0,3000,0,0,0,3000,0,3000,3000
039212,台達電台新9A購01,0,0,0,0,0,0,0,0,0,3000,0,0,0,11000,8000,3000,3000
041427,滬深2X國票93購01,0,0,0,0,0,0,0,0,0,3000,0,0,0,8000,5000,3000,3000
04418P,燿華永豐94售01  ,0,0,0,0,0,0,0,0,0,3000,0,0,0,3000,0,3000,3000
04484P,台積電凱基94售09,0,0,0,0,0,0,0,0,0,3000,0,0,0,3000,0,3000,3000
048780,臺股指凱基94購03,0,0,0,0,0,0,0,0,0,3000,0,0,0,7000,4000,3000,3000
048781,臺股指凱基96購01,0,0,0,0,0,0,0,0,0,3000,0,0,0,3000,0,3000,3000
048719,亞光永豐94購01  ,0,0,0,0,0,0,0,0,0,3000,0,0,0,7000,4000,3000,3000
047413,台積電永昌93購05,0,0,0,0,0,0,0,0,0,3000,0,0,0,15000,12000,3000,3000
047477,台積電凱基93購15,0,0,0,0,0,0,0,0,0,3000,0,0,0,23000,20000,3000,3000
048655,A50正2元富96購01,0,0,0,0,0,0,0,0,0,3000,0,0,0,4000,1000,3000,3000
048878,康控國票95購02  ,0,0,0,0,0,0,0,0,0,3000,0,0,0,18000,15000,3000,3000
049595,麗豐元大95購01  ,0,0,0,0,0,0,0,0,0,3000,0,0,0,4000,1000,3000,3000
049145,南亞科元大94購01,0,0,0,0,0,0,0,0,0,3000,0,0,0,16000,13000,3000,3000
047618,義隆凱基94購02  ,0,0,0,0,0,0,0,0,0,3000,0,0,0,35000,32000,3000,3000
046925,華新科國泰94購03,0,0,0,0,0,0,0,0,0,3000,0,0,0,3000,0,3000,3000
049403,欣興群益94購03  ,0,0,0,0,0,0,0,0,0,3000,0,0,0,3000,0,3000,3000
04906P,欣興國票95售01  ,0,0,0,0,0,0,0,0,0,3000,0,0,0,3000,0,3000,3000
046961,大立光中信95購02,0,0,0,0,0,0,0,0,0,3000,0,0,0,23000,20000,3000,3000
050124,元金2X凱基95購01,0,0,0,0,0,0,0,0,0,3000,0,0,0,4000,1000,3000,3000
050334,鴻海國泰96購07  ,0,0,0,0,0,0,0,0,0,3000,0,0,0,33000,30000,3000,3000
050537,鴻海凱基95購05  ,0,0,0,0,0,0,0,0,0,3000,0,0,0,8000,5000,3000,3000
052884,台積電兆豐96購01,0,0,0,0,0,0,0,0,0,3000,0,0,0,68000,65000,3000,3000
052743,華新科元大97購01,0,0,0,0,0,0,0,0,0,3000,0,0,0,3000,0,3000,3000
052710,玉晶光日盛96購01,0,0,0,0,0,0,0,0,0,3000,0,0,0,3000,0,3000,3000
053060,大立光永昌96購05,0,0,0,0,0,0,0,0,0,3000,0,0,0,3000,0,3000,3000
052534,貿聯國泰96購02  ,0,0,0,0,0,0,0,0,0,3000,0,0,0,142000,139000,3000,3000
052031,臺股指群益95購04,0,0,0,0,0,0,0,0,0,3000,0,0,0,6000,3000,3000,3000
052102,台泥兆豐96購01  ,0,0,0,0,0,0,0,0,0,3000,0,0,0,22000,19000,3000,3000
050718,茂林群益94購04  ,0,0,0,0,0,0,0,0,0,3000,0,0,0,3000,0,3000,3000
050828,康控凱基95購01  ,0,0,0,0,0,0,0,0,0,3000,0,0,0,3000,0,3000,3000
050242,義隆凱基94購04  ,0,0,0,0,0,0,0,0,0,3000,0,0,0,3000,0,3000,3000
051938,旭富群益95購01  ,0,0,0,0,0,0,0,0,0,3000,0,0,0,32000,29000,3000,3000
051730,為升國票96購02  ,0,0,0,0,0,0,0,0,0,3000,0,0,0,43000,40000,3000,3000
05171P,臺股指元大95售15,0,0,0,0,0,0,0,0,0,3000,0,0,0,3000,0,3000,3000
051758,瑞昱元大95購01  ,0,0,0,0,0,0,0,0,0,3000,0,0,0,164000,161000,3000,3000
6456,GIS-KY          ,286000,140000,146000,0,0,0,0,50000,-50000,-93000,1000,27000,-26000,10000,77000,-67000,3000
8104,錸寶            ,13000,9000,4000,0,0,0,0,0,0,-1000,0,1000,-1000,0,0,0,3000
6152,百一            ,16000,12000,4000,0,0,0,0,0,0,-1000,0,1000,-1000,0,0,0,3000
6136,富爾特          ,12000,0,12000,0,0,0,0,0,0,-9000,0,9000,-9000,0,0,0,3000
4155,訊映            ,13000,10000,3000,0,0,0,0,0,0,0,0,0,0,0,0,0,3000
2891C,中信金丙特      ,0,0,0,0,0,0,0,0,0,3000,3000,0,3000,0,0,0,3000
2712,遠雄來          ,2000,0,2000,0,0,0,0,0,0,1000,1000,0,1000,0,0,0,3000
1521,大億            ,3000,0,3000,0,0,0,0,0,0,0,0,0,0,0,0,0,3000
1615,大山            ,3000,0,3000,0,0,0,0,0,0,0,0,0,0,0,0,0,3000
2206,三陽工業        ,7000,4000,3000,0,0,0,0,0,0,0,0,0,0,0,0,0,3000
1817,凱撒衛          ,3000,0,3000,0,0,0,0,0,0,0,0,0,0,0,0,0,3000
1903,士紙            ,4000,1000,3000,0,0,0,0,0,0,0,0,0,0,0,0,0,3000
1256,鮮活果汁-KY     ,7000,4000,3000,0,0,0,0,0,0,0,0,0,0,0,0,0,3000
1436,華友聯          ,8000,5000,3000,0,0,0,0,0,0,0,0,0,0,0,0,0,3000
9943,好樂迪          ,3000,0,3000,0,0,0,0,0,0,0,0,0,0,0,0,0,3000
9906,欣巴巴          ,3000,0,3000,0,0,0,0,0,0,0,0,0,0,0,0,0,3000
01003T,兆豐新光R1      ,2790,0,2790,0,0,0,0,0,0,0,0,0,0,0,0,0,2790
054408,義隆國票98購01  ,0,0,0,0,0,0,0,0,0,2000,0,0,0,66000,64000,2000,2000
054595,正崴麥證97購01  ,0,0,0,2000,0,2000,0,0,0,2000,0,0,0,2000,0,2000,2000
054147,GIS元大96購02   ,0,0,0,0,0,0,0,0,0,2000,0,0,0,35000,33000,2000,2000
053523,T50反1中信9A購01,0,0,0,0,0,0,0,0,0,2000,0,0,0,87000,85000,2000,2000
05360P,健策元大95售03  ,0,0,0,0,0,0,0,0,0,2000,0,0,0,12000,10000,2000,2000
053595,創意元大96購02  ,0,0,0,0,0,0,0,0,0,2000,0,0,0,413000,411000,2000,2000
053922,亞光國票96購01  ,0,0,0,0,0,0,0,0,0,2000,0,0,0,2000,0,2000,2000
053862,南亞科元大97購02,0,0,0,0,0,0,0,0,0,2000,0,0,0,7000,5000,2000,2000
053849,聯發科元富96購04,0,0,0,0,0,0,0,0,0,2000,0,0,0,30000,28000,2000,2000
053787,健策元大97購02  ,0,0,0,0,0,0,0,0,0,2000,0,0,0,8000,6000,2000,2000
053671,可成統一96購03  ,0,0,0,0,0,0,0,0,0,2000,0,0,0,2000,0,2000,2000
055474,欣興凱基97購05  ,0,0,0,0,0,0,0,0,0,2000,0,0,0,11000,9000,2000,2000
055552,瑞昱凱基97購02  ,0,0,0,0,0,0,0,0,0,2000,0,0,0,4000,2000,2000,2000
055307,瑞昱群益97購02  ,0,0,0,0,0,0,0,0,0,2000,0,0,0,54000,52000,2000,2000
055339,緯穎兆豐98購01  ,0,0,0,0,0,0,0,0,0,2000,0,0,0,33000,31000,2000,2000
05739P,臺股指統一97售02,0,0,0,0,0,0,0,0,0,2000,0,0,0,2000,0,2000,2000
03860P,群創元富97售01  ,0,0,0,0,0,0,0,0,0,2000,0,0,0,2000,0,2000,2000
00682U,元大美元指數    ,0,0,0,0,0,0,0,0,0,2000,0,0,0,42000,40000,2000,2000
03420B,臺股指元大95熊31,0,0,0,0,0,0,0,0,0,2000,0,0,0,2000,0,2000,2000
03387P,台積電凱基03售11,0,0,0,0,0,0,0,0,0,2000,0,0,0,2000,0,2000,2000
03749P,禾伸堂凱基93售01,0,0,0,0,0,0,0,0,0,2000,0,0,0,2000,0,2000,2000
040950,欣興群益91購01  ,0,0,0,0,0,0,0,0,0,2000,0,0,0,2000,0,2000,2000
046403,技嘉元大92購01  ,0,0,0,0,0,0,0,0,0,2000,0,0,0,2000,0,2000,2000
045019,臺股指元大92購13,0,0,0,0,0,0,0,0,0,2000,0,0,0,2000,0,2000,2000
042820,上銀麥證92購01  ,0,0,0,2000,0,2000,0,0,0,2000,0,0,0,2000,0,2000,2000
043172,台中銀國泰92購01,0,0,0,0,0,0,0,0,0,2000,0,0,0,2000,0,2000,2000
044029,國巨群益92購02  ,0,0,0,0,0,0,0,0,0,2000,0,0,0,2000,0,2000,2000
04233P,儒鴻兆豐93售01  ,0,0,0,0,0,0,0,0,0,2000,0,0,0,2000,0,2000,2000
042941,永冠國票93購01  ,0,0,0,0,0,0,0,0,0,2000,0,0,0,2000,0,2000,2000
046675,GIS元大93購06   ,0,0,0,0,0,0,0,0,0,2000,0,0,0,7000,5000,2000,2000
046717,世紀鋼國泰94購01,0,0,0,0,0,0,0,0,0,2000,0,0,0,2000,0,2000,2000
045904,勤誠元大92購01  ,0,0,0,0,0,0,0,0,0,2000,0,0,0,12000,10000,2000,2000
045823,康普凱基92購02  ,0,0,0,0,0,0,0,0,0,2000,0,0,0,2000,0,2000,2000
050012,台積電國泰95購03,0,0,0,0,0,0,0,0,0,2000,0,0,0,2000,0,2000,2000
047309,鴻海元大93購13  ,0,0,0,0,0,0,0,0,0,2000,0,0,0,2000,0,2000,2000
048032,可成凱基93購13  ,0,0,0,0,0,0,0,0,0,2000,0,0,0,2000,0,2000,2000
049911,智邦元大94購05  ,0,0,0,0,0,0,0,0,0,2000,0,0,0,166000,164000,2000,2000
045734,全新國票93購01  ,0,0,0,0,0,0,0,0,0,2000,0,0,0,2000,0,2000,2000
046628,大立光統一98購01,0,0,0,0,0,0,0,0,0,2000,0,0,0,6000,4000,2000,2000
046311,聯發科元大92購16,0,0,0,0,0,0,0,0,0,2000,0,0,0,2000,0,2000,2000
046227,聯發科元大92購12,0,0,0,0,0,0,0,0,0,2000,0,0,0,2000,0,2000,2000
04649P,臺股指凱基94售08,0,0,0,0,0,0,0,0,0,2000,0,0,0,2000,0,2000,2000
045519,宏達電元富92購01,0,0,0,0,0,0,0,0,0,2000,0,0,0,2000,0,2000,2000
044559,元油2X日盛91購01,0,0,0,0,0,0,0,0,0,2000,0,0,0,2000,0,2000,2000
045121,康控元大93購03  ,0,0,0,0,0,0,0,0,0,2000,0,0,0,2000,0,2000,2000
045275,台光電統一92購03,0,0,0,0,0,0,0,0,0,2000,0,0,0,2000,0,2000,2000
045329,富邦金亞東93購01,0,0,0,0,0,0,0,0,0,2000,0,0,0,2000,0,2000,2000
045314,國巨國票92購01  ,0,0,0,0,0,0,0,0,0,2000,0,0,0,2000,0,2000,2000
050524,宏達電元大95購04,0,0,0,0,0,0,0,0,0,2000,0,0,0,12000,10000,2000,2000
050495,大立光永昌96購01,0,0,0,0,0,0,0,0,0,2000,0,0,0,34000,32000,2000,2000
05018P,臺股指元大95售09,0,0,0,0,0,0,0,0,0,2000,0,0,0,2000,0,2000,2000
050120,GIS元大95購02   ,0,0,0,0,0,0,0,0,0,2000,0,0,0,2000,0,2000,2000
050109,國巨元大94購13  ,0,0,0,0,0,0,0,0,0,2000,0,0,0,2000,0,2000,2000
046973,矽力群益93購01  ,0,0,0,0,0,0,0,0,0,2000,0,0,0,2000,0,2000,2000
047095,聯詠麥證93購01  ,0,0,0,25000,23000,2000,0,0,0,2000,0,0,0,25000,23000,2000,2000
049316,茂林凱基94購02  ,0,0,0,0,0,0,0,0,0,2000,0,0,0,102000,100000,2000,2000
049302,聯茂日盛94購01  ,0,0,0,0,0,0,0,0,0,2000,0,0,0,2000,0,2000,2000
049384,致伸元大94購02  ,0,0,0,0,0,0,0,0,0,2000,0,0,0,2000,0,2000,2000
046864,和大統一97購01  ,0,0,0,0,0,0,0,0,0,2000,0,0,0,461000,459000,2000,2000
048312,致茂凱基93購02  ,0,0,0,0,0,0,0,0,0,2000,0,0,0,2000,0,2000,2000
048863,超眾群益94購01  ,0,0,0,0,0,0,0,0,0,2000,0,0,0,2000,0,2000,2000
048641,美律元大94購01  ,0,0,0,0,0,0,0,0,0,2000,0,0,0,18000,16000,2000,2000
04860P,鴻海群益94售07  ,0,0,0,0,0,0,0,0,0,2000,0,0,0,2000,0,2000,2000
047754,嘉澤元富93購02  ,0,0,0,0,0,0,0,0,0,2000,0,0,0,2000,0,2000,2000
047982,奇力新群益93購05,0,0,0,0,0,0,0,0,0,2000,0,0,0,2000,0,2000,2000
047393,景碩元大93購02  ,0,0,0,0,0,0,0,0,0,2000,0,0,0,3000,1000,2000,2000
051590,玉晶光元大96購02,0,0,0,0,0,0,0,0,0,2000,0,0,0,14000,12000,2000,2000
051907,台積電元大97購05,0,0,0,0,0,0,0,0,0,2000,0,0,0,28000,26000,2000,2000
051831,緯穎元大96購04  ,0,0,0,0,0,0,0,0,0,2000,0,0,0,2000,0,2000,2000
051854,鴻海麥證95購04  ,0,0,0,2000,0,2000,0,0,0,2000,0,0,0,2000,0,2000,2000
05133P,臺股指日盛95售01,0,0,0,0,0,0,0,0,0,2000,0,0,0,2000,0,2000,2000
050946,瑞昱群益95購01  ,0,0,0,0,0,0,0,0,0,2000,0,0,0,29000,27000,2000,2000
051093,聯詠元大95購01  ,0,0,0,0,0,0,0,0,0,2000,0,0,0,2000,0,2000,2000
051108,鴻海統一96購02  ,0,0,0,0,0,0,0,0,0,2000,0,0,0,2000,0,2000,2000
050604,上証2X永昌94購01,0,0,0,0,0,0,0,0,0,2000,0,0,0,2000,0,2000,2000
050615,奇力新元大95購03,0,0,0,0,0,0,0,0,0,2000,0,0,0,7000,5000,2000,2000
050597,聯電麥證94購01  ,0,0,0,2000,0,2000,0,0,0,2000,0,0,0,2000,0,2000,2000
050600,瑞儀國泰95購01  ,0,0,0,0,0,0,0,0,0,2000,0,0,0,2000,0,2000,2000
050592,矽格永豐94購02  ,0,0,0,0,0,0,0,0,0,2000,0,0,0,49000,47000,2000,2000
052062,臺股指國票95購09,0,0,0,0,0,0,0,0,0,2000,0,0,0,2000,0,2000,2000
052034,臺股指群益95購07,0,0,0,0,0,0,0,0,0,2000,0,0,0,2000,0,2000,2000
052327,聯詠中信95購03  ,0,0,0,0,0,0,0,0,0,2000,0,0,0,2000,0,2000,2000
052172,致茂元大95購01  ,0,0,0,0,0,0,0,0,0,2000,0,0,0,2000,0,2000,2000
052660,京元電國票97購01,0,0,0,0,0,0,0,0,0,2000,0,0,0,9000,7000,2000,2000
8497,格威傳媒        ,4000,2000,2000,0,0,0,0,0,0,0,0,0,0,0,0,0,2000
8411,福貞-KY         ,2000,0,2000,0,0,0,0,0,0,0,0,0,0,0,0,0,2000
1414,東和            ,2000,0,2000,0,0,0,0,0,0,0,0,0,0,0,0,0,2000
1445,大宇            ,2000,0,2000,0,0,0,0,0,0,0,0,0,0,0,0,0,2000
1451,年興            ,8000,5000,3000,0,0,0,0,0,0,-1000,0,1000,-1000,0,0,0,2000
1233,天仁            ,2000,0,2000,0,0,0,0,0,0,0,0,0,0,0,0,0,2000
1235,興泰            ,2000,0,2000,0,0,0,0,0,0,0,0,0,0,0,0,0,2000
1108,幸福            ,2000,0,2000,0,0,0,0,0,0,0,0,0,0,0,0,0,2000
2007,燁興            ,2000,0,2000,0,0,0,0,0,0,0,0,0,0,0,0,0,2000
2010,春源            ,3000,1000,2000,0,0,0,0,0,0,0,0,0,0,0,0,0,2000
2069,運錩            ,2000,0,2000,0,0,0,0,0,0,0,0,0,0,0,0,0,2000
1530,亞崴            ,2000,0,2000,0,0,0,0,0,0,0,0,0,0,0,0,0,2000
1731,美吾華          ,2000,0,2000,0,0,0,0,0,0,0,0,0,0,0,0,0,2000
06065P,大立光台新97售01,0,0,0,0,0,0,0,0,0,2000,0,0,0,10000,8000,2000,2000
06060P,玉晶光元大97售03,0,0,0,0,0,0,0,0,0,2000,0,0,0,2000,0,2000,2000
05901P,臺股指凱基9C售01,0,0,0,0,0,0,0,0,0,2000,0,0,0,2000,0,2000,2000
05918P,大立光元大96售11,0,0,0,0,0,0,0,0,0,2000,0,0,0,21000,19000,2000,2000
2608,嘉里大榮        ,44000,12000,32000,0,0,0,0,0,0,-30000,0,30000,-30000,0,0,0,2000
3027,盛達            ,3000,1000,2000,0,0,0,0,0,0,0,0,0,0,0,0,0,2000
2506,太設            ,2000,0,2000,0,0,0,0,0,0,0,0,0,0,0,0,0,2000
2331,精英            ,30000,45000,-15000,0,0,0,0,0,0,17000,18000,1000,17000,0,0,0,2000
3312,弘憶股          ,22000,17000,5000,0,0,0,0,0,0,-3000,0,3000,-3000,0,0,0,2000
3266,昇陽            ,2000,0,2000,0,0,0,0,0,0,0,0,0,0,0,0,0,2000
6183,關貿            ,3000,1000,2000,0,0,0,0,0,0,0,0,0,0,0,0,0,2000
8201,無敵            ,2000,0,2000,0,0,0,0,0,0,0,0,0,0,0,0,0,2000
6674,鋐寶科技        ,2000,0,2000,0,0,0,0,0,0,0,0,0,0,0,0,0,2000
6671,三能-KY         ,2000,0,2000,0,0,0,0,0,0,0,0,0,0,0,0,0,2000
6491,晶碩            ,4000,2000,2000,0,0,0,0,0,0,0,0,0,0,0,0,0,2000
05588P,群創兆豐97售02  ,0,0,0,0,0,0,0,0,0,1000,0,0,0,2000,1000,1000,1000
055644,致茂元富97購01  ,0,0,0,0,0,0,0,0,0,1000,0,0,0,2000,1000,1000,1000
05530P,臺股指群益96售03,0,0,0,0,0,0,0,0,0,1000,0,0,0,1000,0,1000,1000
055279,華邦電元大97購02,0,0,0,0,0,0,0,0,0,1000,0,0,0,1000,0,1000,1000
055357,欣興凱基97購04  ,0,0,0,0,0,0,0,0,0,1000,0,0,0,6000,5000,1000,1000
055407,祥碩國泰98購01  ,0,0,0,0,0,0,0,0,0,1000,0,0,0,44000,43000,1000,1000
055556,奇力新凱基98購03,0,0,0,0,0,0,0,0,0,1000,0,0,0,1000,0,1000,1000
054916,聯發科凱基98購04,0,0,0,0,0,0,0,0,0,1000,0,0,0,4000,3000,1000,1000
054868,國泰金群益9A購01,0,0,0,0,0,0,0,0,0,1000,0,0,0,1000,0,1000,1000
055102,上銀凱基98購01  ,0,0,0,0,0,0,0,0,0,1000,0,0,0,111000,110000,1000,1000
05514P,康舒永豐96售01  ,0,0,0,0,0,0,0,0,0,1000,0,0,0,57000,56000,1000,1000
055143,臻鼎永豐97購01  ,0,0,0,0,0,0,0,0,0,1000,0,0,0,1000,0,1000,1000
053688,燿華元大96購05  ,0,0,0,0,0,0,0,0,0,1000,0,0,0,50000,49000,1000,1000
053692,聯詠元大96購04  ,0,0,0,0,0,0,0,0,0,1000,0,0,0,1000,0,1000,1000
053697,臻鼎元大96購02  ,0,0,0,0,0,0,0,0,0,1000,0,0,0,3000,2000,1000,1000
053754,英業達元富96購02,0,0,0,0,0,0,0,0,0,1000,0,0,0,1000,0,1000,1000
053871,臻鼎元大96購03  ,0,0,0,0,0,0,0,0,0,1000,0,0,0,1000,0,1000,1000
053646,臺股指國票96購09,0,0,0,0,0,0,0,0,0,1000,0,0,0,1000,0,1000,1000
053582,英業達元大97購01,0,0,0,0,0,0,0,0,0,1000,0,0,0,1000,0,1000,1000
053339,友達國票97購02  ,0,0,0,0,0,0,0,0,0,1000,0,0,0,6000,5000,1000,1000
05416P,喬山永豐95售04  ,0,0,0,0,0,0,0,0,0,1000,0,0,0,1000,0,1000,1000
054079,鴻海中信98購02  ,0,0,0,0,0,0,0,0,0,1000,0,0,0,1000,0,1000,1000
054074,健策富邦98購01  ,0,0,0,0,0,0,0,0,0,1000,0,0,0,1000,0,1000,1000
054265,GIS元大96購03   ,0,0,0,0,0,0,0,0,0,1000,0,0,0,1000,0,1000,1000
054320,國喬台新96購01  ,0,0,0,0,0,0,0,0,0,1000,0,0,0,2000,1000,1000,1000
045347,大立光凱基93購05,0,0,0,0,0,0,0,0,0,1000,0,0,0,1000,0,1000,1000
045348,大立光凱基93購06,0,0,0,0,0,0,0,0,0,1000,0,0,0,1000,0,1000,1000
045349,大立光凱基93購07,0,0,0,0,0,0,0,0,0,1000,0,0,0,1000,0,1000,1000
045153,大立光凱基93購04,0,0,0,0,0,0,0,0,0,1000,0,0,0,1000,0,1000,1000
045143,矽力兆豐92購01  ,0,0,0,0,0,0,0,0,0,1000,0,0,0,1000,0,1000,1000
044548,京元電第一91購01,0,0,0,0,0,0,0,0,0,1000,0,0,0,1000,0,1000,1000
045510,力成凱基92購02  ,0,0,0,0,0,0,0,0,0,1000,0,0,0,1000,0,1000,1000
045481,友達中信93購01  ,0,0,0,0,0,0,0,0,0,1000,0,0,0,1000,0,1000,1000
046228,神基元大92購01  ,0,0,0,0,0,0,0,0,0,1000,0,0,0,1000,0,1000,1000
046345,世紀鋼國票93購01,0,0,0,0,0,0,0,0,0,1000,0,0,0,10000,9000,1000,1000
046150,欣興國票92購02  ,0,0,0,0,0,0,0,0,0,1000,0,0,0,11000,10000,1000,1000
04621P,楠梓電統一94售02,0,0,0,0,0,0,0,0,0,1000,0,0,0,77000,76000,1000,1000
04617P,臺股指群益95售03,0,0,0,0,0,0,0,0,0,1000,0,0,0,1000,0,1000,1000
046163,友達兆豐92購02  ,0,0,0,0,0,0,0,0,0,1000,0,0,0,1000,0,1000,1000
045695,英業達兆豐93購01,0,0,0,0,0,0,0,0,0,1000,0,0,0,1000,0,1000,1000
045663,元油2X元富94購01,0,0,0,0,0,0,0,0,0,1000,0,0,0,1000,0,1000,1000
049893,日月光富邦98購01,0,0,0,0,0,0,0,0,0,1000,0,0,0,2000,1000,1000,1000
047312,聯發科元大93購13,0,0,0,0,0,0,0,0,0,1000,0,0,0,3000,2000,1000,1000
047281,超眾永豐93購02  ,0,0,0,0,0,0,0,0,0,1000,0,0,0,1000,0,1000,1000
045775,可成元大92購06  ,0,0,0,0,0,0,0,0,0,1000,0,0,0,1000,0,1000,1000
044805,旭富凱基93購01  ,0,0,0,0,0,0,0,0,0,1000,0,0,0,1000,0,1000,1000
045921,臺股指國票92購11,0,0,0,0,0,0,0,0,0,1000,0,0,0,1000,0,1000,1000
045965,大立光凱基92購03,0,0,0,0,0,0,0,0,0,1000,0,0,0,1000,0,1000,1000
046686,上銀國票93購01  ,0,0,0,0,0,0,0,0,0,1000,0,0,0,1000,0,1000,1000
044633,台郡元大92購03  ,0,0,0,0,0,0,0,0,0,1000,0,0,0,11000,10000,1000,1000
044761,嘉澤凱基91購07  ,0,0,0,0,0,0,0,0,0,1000,0,0,0,2000,1000,1000,1000
044763,瀚宇博凱基93購01,0,0,0,0,0,0,0,0,0,1000,0,0,0,1000,0,1000,1000
042347,康控富邦91購01  ,0,0,0,0,0,0,0,0,0,1000,0,0,0,1000,0,1000,1000
042169,元油2X凱基92購03,0,0,0,0,0,0,0,0,0,1000,0,0,0,21000,20000,1000,1000
042313,聯鈞凱基91購01  ,0,0,0,0,0,0,0,0,0,1000,0,0,0,1000,0,1000,1000
044053,國巨元大92購11  ,0,0,0,0,0,0,0,0,0,1000,0,0,0,1000,0,1000,1000
04394P,臻鼎凱基94售01  ,0,0,0,0,0,0,0,0,0,1000,0,0,0,1000,0,1000,1000
044139,鴻海群益91購06  ,0,0,0,0,0,0,0,0,0,1000,0,0,0,1000,0,1000,1000
044065,亞光元大92購02  ,0,0,0,0,0,0,0,0,0,1000,0,0,0,1000,0,1000,1000
044353,宏達電元大93購04,0,0,0,0,0,0,0,0,0,1000,0,0,0,33000,32000,1000,1000
044386,滬深2X日盛91購01,0,0,0,0,0,0,0,0,0,1000,0,0,0,1000,0,1000,1000
044395,台積電凱基91購16,0,0,0,0,0,0,0,0,0,1000,0,0,0,1000,0,1000,1000
044400,大立光凱基92購01,0,0,0,0,0,0,0,0,0,1000,0,0,0,1000,0,1000,1000
044446,鈺齊中信91購01  ,0,0,0,0,0,0,0,0,0,1000,0,0,0,1000,0,1000,1000
043180,緯穎富邦92購01  ,0,0,0,0,0,0,0,0,0,1000,0,0,0,1000,0,1000,1000
043054,智邦富邦92購01  ,0,0,0,0,0,0,0,0,0,1000,0,0,0,1000,0,1000,1000
042681,嘉聯益元大92購01,0,0,0,0,0,0,0,0,0,1000,0,0,0,1000,0,1000,1000
045384,強茂元大92購01  ,0,0,0,0,0,0,0,0,0,1000,0,0,0,20000,19000,1000,1000
046758,聯發科凱基93購05,0,0,0,0,0,0,0,0,0,1000,0,0,0,41000,40000,1000,1000
045363,台達電兆豐92購01,0,0,0,0,0,0,0,0,0,1000,0,0,0,10000,9000,1000,1000
045452,儒鴻元大92購03  ,0,0,0,0,0,0,0,0,0,1000,0,0,0,1000,0,1000,1000
044998,玉晶光國泰94購01,0,0,0,0,0,0,0,0,0,1000,0,0,0,1000,0,1000,1000
04502P,元油2X元富98售08,0,0,0,0,0,0,0,0,0,1000,0,0,0,1000,0,1000,1000
044824,元油2X永豐93購02,0,0,0,0,0,0,0,0,0,1000,0,0,0,1000,0,1000,1000
046455,瑞昱凱基92購03  ,0,0,0,0,0,0,0,0,0,1000,0,0,0,4000,3000,1000,1000
041043,嘉聯益群益91購01,0,0,0,0,0,0,0,0,0,1000,0,0,0,1000,0,1000,1000
040745,滬深2X群益92購01,0,0,0,0,0,0,0,0,0,1000,0,0,0,1000,0,1000,1000
040381,元金2X元富95購01,0,0,0,0,0,0,0,0,0,1000,0,0,0,1000,0,1000,1000
03778P,聯發科麥證93售01,0,0,0,1000,0,1000,0,0,0,1000,0,0,0,1000,0,1000,1000
04370P,聯茂凱基94售05  ,0,0,0,0,0,0,0,0,0,1000,0,0,0,1000,0,1000,1000
043776,奇力新兆豐92購01,0,0,0,0,0,0,0,0,0,1000,0,0,0,13000,12000,1000,1000
043290,揚明光元大94購01,0,0,0,0,0,0,0,0,0,1000,0,0,0,1000,0,1000,1000
04346P,大立光兆豐95售02,0,0,0,0,0,0,0,0,0,1000,0,0,0,1000,0,1000,1000
03423B,臺股指元大94熊29,0,0,0,0,0,0,0,0,0,1000,0,0,0,21000,20000,1000,1000
03425P,台灣50元大03售04,0,0,0,0,0,0,0,0,0,1000,0,0,0,1000,0,1000,1000
03523P,南電元大02售09  ,0,0,0,0,0,0,0,0,0,1000,0,0,0,1000,0,1000,1000
03027X,元展24          ,0,0,0,0,0,0,0,0,0,1000,0,0,0,1000,0,1000,1000
03123P,台積電元大01售45,0,0,0,0,0,0,0,0,0,1000,0,0,0,1000,0,1000,1000
00661,元大日經225     ,0,0,0,0,0,0,0,0,0,1000,0,0,0,1000,0,1000,1000
00657,國泰日經225     ,0,0,0,0,0,0,0,0,0,1000,0,0,0,101000,100000,1000,1000
00654R,富邦印度反1     ,0,0,0,0,0,0,0,0,0,1000,0,0,0,1000,0,1000,1000
00645,富邦日本        ,0,0,0,0,0,0,0,0,0,1000,0,0,0,61000,60000,1000,1000
00776,新光ICE美國權值 ,0,0,0,0,0,0,0,0,0,1000,0,0,0,1000,0,1000,1000
00732,國泰RMB短期報酬 ,0,0,0,0,0,0,0,0,0,1000,0,0,0,101000,100000,1000,1000
00700,富邦恒生國企    ,0,0,0,0,0,0,0,0,0,1000,0,0,0,106000,105000,1000,1000
00707R,元大S&P日圓反1  ,0,0,0,0,0,0,0,0,0,1000,0,0,0,41000,40000,1000,1000
048844,訊芯凱基94購02  ,0,0,0,0,0,0,0,0,0,1000,0,0,0,1000,0,1000,1000
048094,大立光凱基93購31,0,0,0,0,0,0,0,0,0,1000,0,0,0,1000,0,1000,1000
048124,大立光元大95購03,0,0,0,0,0,0,0,0,0,1000,0,0,0,2000,1000,1000,1000
047704,智邦凱基93購06  ,0,0,0,0,0,0,0,0,0,1000,0,0,0,10000,9000,1000,1000
048794,易華電元大97購01,0,0,0,0,0,0,0,0,0,1000,0,0,0,11000,10000,1000,1000
047942,華新科國票94購04,0,0,0,0,0,0,0,0,0,1000,0,0,0,10000,9000,1000,1000
04786P,鴻海永昌96售01  ,0,0,0,0,0,0,0,0,0,1000,0,0,0,2000,1000,1000,1000
047740,樺漢永豐93購01  ,0,0,0,0,0,0,0,0,0,1000,0,0,0,10000,9000,1000,1000
047811,聯發科凱基93購23,0,0,0,0,0,0,0,0,0,1000,0,0,0,8000,7000,1000,1000
048633,台達電元大94購02,0,0,0,0,0,0,0,0,0,1000,0,0,0,1000,0,1000,1000
048562,宏達電元大95購01,0,0,0,0,0,0,0,0,0,1000,0,0,0,1000,0,1000,1000
048446,南亞科凱基93購07,0,0,0,0,0,0,0,0,0,1000,0,0,0,1000,0,1000,1000
048554,燿華元大93購06  ,0,0,0,0,0,0,0,0,0,1000,0,0,0,1000,0,1000,1000
048208,臺股指元大93購42,0,0,0,0,0,0,0,0,0,1000,0,0,0,1000,0,1000,1000
048192,華通元大96購01  ,0,0,0,0,0,0,0,0,0,1000,0,0,0,84000,83000,1000,1000
048429,旺宏國票94購02  ,0,0,0,0,0,0,0,0,0,1000,0,0,0,2000,1000,1000,1000
048423,聯發科元富93購02,0,0,0,0,0,0,0,0,0,1000,0,0,0,1000,0,1000,1000
049098,國巨國泰96購01  ,0,0,0,0,0,0,0,0,0,1000,0,0,0,1000,0,1000,1000
049252,國巨元大96購01  ,0,0,0,0,0,0,0,0,0,1000,0,0,0,1000,0,1000,1000
049273,臺股指元大94購08,0,0,0,0,0,0,0,0,0,1000,0,0,0,1000,0,1000,1000
049583,台積電元大95購04,0,0,0,0,0,0,0,0,0,1000,0,0,0,23000,22000,1000,1000
049547,新光金群益94購01,0,0,0,0,0,0,0,0,0,1000,0,0,0,1000,0,1000,1000
049553,鴻海國泰96購02  ,0,0,0,0,0,0,0,0,0,1000,0,0,0,1000,0,1000,1000
04865P,台積電亞東95售01,0,0,0,0,0,0,0,0,0,1000,0,0,0,1000,0,1000,1000
048660,台積電統一93購09,0,0,0,0,0,0,0,0,0,1000,0,0,0,1000,0,1000,1000
048697,華新科國票94購06,0,0,0,0,0,0,0,0,0,1000,0,0,0,2000,1000,1000,1000
048706,緯穎國票94購01  ,0,0,0,0,0,0,0,0,0,1000,0,0,0,1000,0,1000,1000
048309,寶齡凱基93購01  ,0,0,0,0,0,0,0,0,0,1000,0,0,0,1000,0,1000,1000
048341,全新元大94購03  ,0,0,0,0,0,0,0,0,0,1000,0,0,0,1000,0,1000,1000
046901,英業達凱基93購02,0,0,0,0,0,0,0,0,0,1000,0,0,0,1000,0,1000,1000
047604,智原國泰95購01  ,0,0,0,0,0,0,0,0,0,1000,0,0,0,229000,228000,1000,1000
047556,群創凱基95購01  ,0,0,0,0,0,0,0,0,0,1000,0,0,0,1000,0,1000,1000
049444,元石油統一94購03,0,0,0,0,0,0,0,0,0,1000,0,0,0,1000,0,1000,1000
049619,宏達電群益95購02,0,0,0,0,0,0,0,0,0,1000,0,0,0,2000,1000,1000,1000
049729,日月光中信94購01,0,0,0,0,0,0,0,0,0,1000,0,0,0,21000,20000,1000,1000
047681,滬深反中信95購01,0,0,0,0,0,0,0,0,0,1000,0,0,0,1000,0,1000,1000
047676,臺股指元富99購01,0,0,0,0,0,0,0,0,0,1000,0,0,0,1000,0,1000,1000
047695,聯發科國票93購06,0,0,0,0,0,0,0,0,0,1000,0,0,0,1000,0,1000,1000
047166,台達電康和93購01,0,0,0,0,0,0,0,0,0,1000,0,0,0,1000,0,1000,1000
047137,健策凱基94購01  ,0,0,0,0,0,0,0,0,0,1000,0,0,0,1000,0,1000,1000
047151,台積電國票94購02,0,0,0,0,0,0,0,0,0,1000,0,0,0,1000,0,1000,1000
05036P,義隆元大95售03  ,0,0,0,0,0,0,0,0,0,1000,0,0,0,20000,19000,1000,1000
050500,台積電凱基94購36,0,0,0,0,0,0,0,0,0,1000,0,0,0,101000,100000,1000,1000
050315,和碩兆豐95購01  ,0,0,0,0,0,0,0,0,0,1000,0,0,0,11000,10000,1000,1000
050518,台積電元大94購28,0,0,0,0,0,0,0,0,0,1000,0,0,0,1000,0,1000,1000
052650,台郡永豐96購01  ,0,0,0,0,0,0,0,0,0,1000,0,0,0,2000,1000,1000,1000
052422,聯電國票96購03  ,0,0,0,0,0,0,0,0,0,1000,0,0,0,1000,0,1000,1000
052425,華通台新95購02  ,0,0,0,0,0,0,0,0,0,1000,0,0,0,1000,0,1000,1000
052456,滬深2X元富9B購03,0,0,0,0,0,0,0,0,0,1000,0,0,0,20000,19000,1000,1000
052405,聯茂凱基95購01  ,0,0,0,0,0,0,0,0,0,1000,0,0,0,1000,0,1000,1000
052442,中環元大95購02  ,0,0,0,0,0,0,0,0,0,1000,0,0,0,2000,1000,1000,1000
052520,南亞科元大95購06,0,0,0,0,0,0,0,0,0,1000,0,0,0,1000,0,1000,1000
05223P,臻鼎凱基95售02  ,0,0,0,0,0,0,0,0,0,1000,0,0,0,71000,70000,1000,1000
052302,鴻海永豐95購06  ,0,0,0,0,0,0,0,0,0,1000,0,0,0,1000,0,1000,1000
052293,泰碩國票95購03  ,0,0,0,0,0,0,0,0,0,1000,0,0,0,1000,0,1000,1000
052276,力成群益96購01  ,0,0,0,0,0,0,0,0,0,1000,0,0,0,20000,19000,1000,1000
052029,矽力群益95購02  ,0,0,0,0,0,0,0,0,0,1000,0,0,0,63000,62000,1000,1000
052104,英業達兆豐96購01,0,0,0,0,0,0,0,0,0,1000,0,0,0,1000,0,1000,1000
053324,康舒群益96購01  ,0,0,0,0,0,0,0,0,0,1000,0,0,0,11000,10000,1000,1000
052706,台虹國票97購01  ,0,0,0,0,0,0,0,0,0,1000,0,0,0,21000,20000,1000,1000
052871,群創凱基98購07  ,0,0,0,0,0,0,0,0,0,1000,0,0,0,108000,107000,1000,1000
05297P,臻鼎凱基95售04  ,0,0,0,0,0,0,0,0,0,1000,0,0,0,1000,0,1000,1000
052910,鴻海統一96購10  ,0,0,0,0,0,0,0,0,0,1000,0,0,0,1000,0,1000,1000
052903,致茂國票97購01  ,0,0,0,0,0,0,0,0,0,1000,0,0,0,1000,0,1000,1000
05293P,廣達凱基95售01  ,0,0,0,0,0,0,0,0,0,1000,0,0,0,2000,1000,1000,1000
050678,美律統一94購04  ,0,0,0,0,0,0,0,0,0,1000,0,0,0,40000,39000,1000,1000
050807,群臺反凱基95購01,0,0,0,0,0,0,0,0,0,1000,0,0,0,1000,0,1000,1000
050853,南電國票96購01  ,0,0,0,0,0,0,0,0,0,1000,0,0,0,1000,0,1000,1000
051226,英業達群益95購01,0,0,0,0,0,0,0,0,0,1000,0,0,0,1000,0,1000,1000
051543,鈺齊國票96購01  ,0,0,0,0,0,0,0,0,0,1000,0,0,0,397000,396000,1000,1000
05148P,臻鼎元大95售01  ,0,0,0,0,0,0,0,0,0,1000,0,0,0,1000,0,1000,1000
051974,華新科凱基96購05,0,0,0,0,0,0,0,0,0,1000,0,0,0,53000,52000,1000,1000
6581,鋼聯            ,1000,0,1000,0,0,0,0,0,0,0,0,0,0,0,0,0,1000
6605,帝寶            ,12000,11000,1000,0,0,0,0,0,0,0,0,0,0,0,0,0,1000
6235,華孚            ,4000,2000,2000,0,0,0,0,0,0,-1000,0,1000,-1000,0,0,0,1000
8033,雷虎            ,3000,2000,1000,0,0,0,0,0,0,0,0,0,0,0,0,0,1000
6205,詮欣            ,1000,0,1000,0,0,0,0,0,0,0,0,0,0,0,0,0,1000
6206,飛捷            ,9000,10000,-1000,0,0,0,0,0,0,2000,2000,0,2000,0,0,0,1000
5284,jpp-KY          ,4000,3000,1000,0,0,0,0,0,0,0,0,0,0,0,0,0,1000
5906,台南-KY         ,4000,3000,1000,0,0,0,0,0,0,0,0,0,0,0,0,0,1000
3229,晟鈦            ,1000,0,1000,0,0,0,0,0,0,0,0,0,0,0,0,0,1000
3432,台端            ,1000,0,1000,0,0,0,0,0,0,0,0,0,0,0,0,0,1000
3504,揚明光          ,43000,27000,16000,0,0,0,0,0,0,-15000,0,10000,-10000,0,5000,-5000,1000
3528,安馳            ,1000,0,1000,0,0,0,0,0,0,0,0,0,0,0,0,0,1000
4148,全宇生技-KY     ,2000,1000,1000,0,0,0,0,0,0,0,0,0,0,0,0,0,1000
4555,氣立            ,1000,0,1000,0,0,0,0,0,0,0,0,0,0,0,0,0,1000
4764,雙鍵            ,1000,0,1000,0,0,0,0,0,0,0,0,0,0,0,0,0,1000
2415,錩新            ,1000,0,1000,0,0,0,0,0,0,0,0,0,0,0,0,0,1000
2380,虹光            ,3000,2000,1000,0,0,0,0,0,0,0,0,0,0,0,0,0,1000
2509,全坤建          ,1000,0,1000,0,0,0,0,0,0,0,0,0,0,0,0,0,1000
2495,普安            ,20000,0,20000,0,0,0,0,0,0,-19000,0,19000,-19000,0,0,0,1000
2539,櫻花建          ,3000,2000,1000,0,0,0,0,0,0,0,0,0,0,0,0,0,1000
2528,皇普            ,3000,5000,-2000,0,0,0,0,0,0,3000,3000,0,3000,0,0,0,1000
2499,東貝            ,23000,22000,1000,0,0,0,0,0,0,0,0,0,0,0,0,0,1000
2438,翔耀            ,1000,0,1000,0,0,0,0,0,0,0,0,0,0,0,0,0,1000
2427,三商電          ,1000,0,1000,0,0,0,0,0,0,0,0,0,0,0,0,0,1000
2434,統懋            ,1000,0,1000,0,0,0,0,0,0,0,0,0,0,0,0,0,1000
2465,麗臺            ,1000,0,1000,0,0,0,0,0,0,0,0,0,0,0,0,0,1000
2906,高林            ,1000,0,1000,0,0,0,0,0,0,0,0,0,0,0,0,0,1000
2939,凱羿-KY         ,1000,0,1000,0,0,0,0,0,0,0,0,0,0,0,0,0,1000
3002,歐格            ,3000,4000,-1000,0,0,0,0,0,0,2000,3000,1000,2000,0,0,0,1000
2910,統領            ,1000,0,1000,0,0,0,0,0,0,0,0,0,0,0,0,0,1000
2546,根基            ,3000,2000,1000,0,0,0,0,0,0,0,0,0,0,0,0,0,1000
2597,潤弘            ,3000,1000,2000,0,0,0,0,0,0,-1000,0,1000,-1000,0,0,0,1000
2706,第一店          ,1000,0,1000,0,0,0,0,0,0,0,0,0,0,0,0,0,1000
2701,萬企            ,1000,0,1000,0,0,0,0,0,0,0,0,0,0,0,0,0,1000
2636,台驊投控        ,2000,1000,1000,0,0,0,0,0,0,0,0,0,0,0,0,0,1000
2852,第一保          ,1000,0,1000,0,0,0,0,0,0,0,0,0,0,0,0,0,1000
05931P,鴻海凱基96售15  ,0,0,0,0,0,0,0,0,0,1000,0,0,0,27000,26000,1000,1000
05943P,欣興凱基96售03  ,0,0,0,0,0,0,0,0,0,1000,0,0,0,203000,202000,1000,1000
05833P,臺股指元富96售05,0,0,0,0,0,0,0,0,0,1000,0,0,0,2000,1000,1000,1000
06068P,玉晶光康和97售01,0,0,0,0,0,0,0,0,0,1000,0,0,0,3000,2000,1000,1000
06127P,泰碩元富97售01  ,0,0,0,0,0,0,0,0,0,1000,0,0,0,41000,40000,1000,1000
1783,和康生          ,2000,1000,1000,0,0,0,0,0,0,0,0,0,0,0,0,0,1000
1617,榮星            ,1000,0,1000,0,0,0,0,0,0,0,0,0,0,0,0,0,1000
1712,興農            ,42000,41000,1000,0,0,0,0,0,0,0,0,0,0,0,0,0,1000
1535,中宇            ,1000,0,1000,0,0,0,0,0,0,0,0,0,0,0,0,0,1000
1539,巨庭            ,2000,1000,1000,0,0,0,0,0,0,0,0,0,0,0,0,0,1000
1524,耿鼎            ,1000,0,1000,0,0,0,0,0,0,0,0,0,0,0,0,0,1000
1541,錩泰            ,1000,0,1000,0,0,0,0,0,0,0,0,0,0,0,0,0,1000
2009,第一銅          ,2000,1000,1000,0,0,0,0,0,0,0,0,0,0,0,0,0,1000
2115,六暉-KY         ,1000,0,1000,0,0,0,0,0,0,0,0,0,0,0,0,0,1000
2038,海光            ,1000,0,1000,0,0,0,0,0,0,0,0,0,0,0,0,0,1000
2239,英利-KY         ,2000,1000,1000,0,0,0,0,0,0,0,0,0,0,0,0,0,1000
07480P,FBVIX凱基94售01 ,0,0,0,0,0,0,0,0,0,1000,0,0,0,1000,0,1000,1000
1234,黑松            ,3000,2000,1000,0,0,0,0,0,0,0,0,0,0,0,0,0,1000
1413,宏洲            ,1000,0,1000,0,0,0,0,0,0,0,0,0,0,0,0,0,1000
1323,永裕            ,2000,1000,1000,0,0,0,0,0,0,0,0,0,0,0,0,0,1000
1418,東華            ,1000,0,1000,0,0,0,0,0,0,0,0,0,0,0,0,0,1000
1416,廣豐            ,1000,0,1000,0,0,0,0,0,0,0,0,0,0,0,0,0,1000
911868,同方友友-DR     ,2000,1000,1000,0,0,0,0,0,0,0,0,0,0,0,0,0,1000
910322,康師傅-DR       ,1000,0,1000,0,0,0,0,0,0,0,0,0,0,0,0,0,1000
9944,新麗            ,2000,1000,1000,0,0,0,0,0,0,0,0,0,0,0,0,0,1000
9926,新海            ,1000,0,1000,0,0,0,0,0,0,0,0,0,0,0,0,0,1000
9929,秋雨            ,1000,0,1000,0,0,0,0,0,0,0,0,0,0,0,0,0,1000
9905,大華            ,2000,1000,1000,0,0,0,0,0,0,0,0,0,0,0,0,0,1000
008201,BP上證50        ,0,0,0,0,0,0,0,0,0,100,0,0,0,100,0,100,100
05431P,台光電統一97售01,0,0,0,0,0,0,0,0,0,0,0,0,0,1000,1000,0,0
054259,健策元大97購03  ,0,0,0,0,0,0,0,0,0,0,0,0,0,8000,8000,0,0
054184,A50正2永豐96購01,0,0,0,0,0,0,0,0,0,0,0,0,0,2000,2000,0,0
054198,台積電永昌96購08,0,0,0,0,0,0,0,0,0,0,0,0,0,111000,111000,0,0
054248,燿華元大97購02  ,0,0,0,0,0,0,0,0,0,0,0,0,0,68000,68000,0,0
054054,光磊國票97購02  ,0,0,0,0,0,0,0,0,0,0,0,0,0,3493000,3493000,0,0
054041,鴻海元大96購22  ,0,0,0,0,0,0,0,0,0,0,0,0,0,49000,49000,0,0
054014,宏達電永豐96購04,0,0,0,0,0,0,0,0,0,0,0,0,0,16000,16000,0,0
054175,高鐵台新97購01  ,0,0,0,0,0,0,0,0,0,0,0,0,0,6000,6000,0,0
054141,TPK元大96購02   ,0,0,0,0,0,0,0,0,0,0,0,0,0,25000,25000,0,0
054574,美律元大99購01  ,0,0,0,0,0,0,0,0,0,0,0,0,0,49000,49000,0,0
054625,旺宏凱基98購03  ,0,0,0,0,0,0,0,0,0,0,0,0,0,2000,2000,0,0
054521,TPK元大96購03   ,0,0,0,0,0,0,0,0,0,0,0,0,0,79000,79000,0,0
054498,燿華永豐96購06  ,0,0,0,0,0,0,0,0,0,0,0,0,0,12000,12000,0,0
054445,技嘉兆豐96購01  ,0,0,0,0,0,0,0,0,0,0,0,0,0,10000,10000,0,0
054435,華新科台新97購02,0,0,0,0,0,0,0,0,0,0,0,0,0,16000,16000,0,0
05442P,鴻海元大96售13  ,0,0,0,0,0,0,0,0,0,0,0,0,0,129000,129000,0,0
054462,旺宏凱基96購08  ,0,0,0,0,0,0,0,0,0,0,0,0,0,2000,2000,0,0
054480,和碩中信98購01  ,0,0,0,0,0,0,0,0,0,0,0,0,0,5000,5000,0,0
054360,智邦凱基96購03  ,0,0,0,0,0,0,0,0,0,0,0,0,0,1000,1000,0,0
054361,技嘉凱基96購01  ,0,0,0,0,0,0,0,0,0,0,0,0,0,7000,7000,0,0
053375,鴻海元大96購18  ,0,0,0,0,0,0,0,0,0,0,0,0,0,24000,24000,0,0
053376,鴻海元大96購19  ,0,0,0,0,0,0,0,0,0,0,0,0,0,49000,49000,0,0
053466,華通元大98購01  ,0,0,0,0,0,0,0,0,0,0,0,0,0,75000,75000,0,0
053481,同欣電元大97購01,0,0,0,0,0,0,0,0,0,0,0,0,0,301000,301000,0,0
053554,欣興凱基97購02  ,0,0,0,0,0,0,0,0,0,0,0,0,0,2000,2000,0,0
053521,緯穎群益96購02  ,0,0,0,0,0,0,0,0,0,0,0,0,0,54000,54000,0,0
053652,友達凱基98購04  ,0,0,0,0,0,0,0,0,0,0,0,0,0,2000,2000,0,0
053655,全新凱基98購02  ,0,0,0,0,0,0,0,0,0,0,0,0,0,25000,25000,0,0
053659,智原凱基97購01  ,0,0,0,0,0,0,0,0,0,0,0,0,0,89000,89000,0,0
053661,嘉澤凱基97購01  ,0,0,0,0,0,0,0,0,0,0,0,0,0,33000,33000,0,0
05387P,鴻海元大95售21  ,0,0,0,0,0,0,0,0,0,0,0,0,0,104000,104000,0,0
053857,宏達電富邦97購02,0,0,0,0,0,0,0,0,0,0,0,0,0,11000,11000,0,0
053854,聯茂國泰97購02  ,0,0,0,0,0,0,0,0,0,0,0,0,0,10000,10000,0,0
053918,美律國票97購01  ,0,0,0,0,0,0,0,0,0,0,0,0,0,7000,7000,0,0
053902,S&P反1凱基97購01,0,0,0,0,0,0,0,0,0,0,0,0,0,300000,300000,0,0
053972,華新科元大96購06,0,0,0,0,0,0,0,0,0,0,0,0,0,6000,6000,0,0
053979,健策元大98購01  ,0,0,0,0,0,0,0,0,0,0,0,0,0,131000,131000,0,0
053750,致伸永豐96購02  ,0,0,0,0,0,0,0,0,0,0,0,0,0,10000,10000,0,0
053710,華通凱基96購05  ,0,0,0,0,0,0,0,0,0,0,0,0,0,29000,29000,0,0
053719,可成凱基96購08  ,0,0,0,0,0,0,0,0,0,0,0,0,0,18000,18000,0,0
053713,漢唐凱基96購04  ,0,0,0,0,0,0,0,0,0,0,0,0,0,1000,1000,0,0
053772,大成鋼元大96購02,0,0,0,0,0,0,0,0,0,0,0,0,0,64000,64000,0,0
055147,鴻海元大97購11  ,0,0,0,0,0,0,0,0,0,0,0,0,0,74000,74000,0,0
055194,昇陽半元富97購01,0,0,0,0,0,0,0,0,0,0,0,0,0,30000,30000,0,0
055184,群創統一98購02  ,0,0,0,0,0,0,0,0,0,0,0,0,0,20000,20000,0,0
055211,A50反1凱基9A購01,0,0,0,0,0,0,0,0,0,0,0,0,0,10000,10000,0,0
055234,昇陽半國票98購02,0,0,0,0,0,0,0,0,0,0,0,0,0,30000,30000,0,0
055213,大成鋼凱基98購01,0,0,0,0,0,0,0,0,0,0,0,0,0,4000,4000,0,0
055013,訊連元富97購01  ,0,0,0,0,0,0,0,0,0,0,0,0,0,30000,30000,0,0
054853,TPK國票98購02   ,0,0,0,0,0,0,0,0,0,0,0,0,0,50000,50000,0,0
054813,鴻海元大97購09  ,0,0,0,0,0,0,0,0,0,0,0,0,0,79000,79000,0,0
054814,台積電元大97購13,0,0,0,0,0,0,0,0,0,0,0,0,0,35000,35000,0,0
054940,台積電元大97購16,0,0,0,0,0,0,0,0,0,0,0,0,0,14000,14000,0,0
054939,台積電元大97購15,0,0,0,0,0,0,0,0,0,0,0,0,0,63000,63000,0,0
054936,鴻海元大97購10  ,0,0,0,0,0,0,0,0,0,0,0,0,0,74000,74000,0,0
054931,緯穎凱基98購01  ,0,0,0,0,0,0,0,0,0,0,0,0,0,6000,6000,0,0
05468P,鴻海元大96售14  ,0,0,0,0,0,0,0,0,0,0,0,0,0,100000,100000,0,0
055567,訊芯凱基98購02  ,0,0,0,0,0,0,0,0,0,0,0,0,0,100000,100000,0,0
055587,智邦元大97購02  ,0,0,0,0,0,0,0,0,0,0,0,0,0,40000,40000,0,0
055588,瑞昱元大97購03  ,0,0,0,0,0,0,0,0,0,0,0,0,0,30000,30000,0,0
055600,致伸元大97購02  ,0,0,0,0,0,0,0,0,0,0,0,0,0,6000,6000,0,0
055599,TPK元大97購01   ,0,0,0,0,0,0,0,0,0,0,0,0,0,8000,8000,0,0
055592,奇力新元大97購07,0,0,0,0,0,0,0,0,0,0,0,0,0,10000,10000,0,0
055562,欣興凱基97購06  ,0,0,0,0,0,0,0,0,0,0,0,0,0,3000,3000,0,0
055548,旺宏凱基97購02  ,0,0,0,0,0,0,0,0,0,0,0,0,0,153000,153000,0,0
055549,旺宏凱基97購03  ,0,0,0,0,0,0,0,0,0,0,0,0,0,1000,1000,0,0
055528,華邦電群益97購01,0,0,0,0,0,0,0,0,0,0,0,0,0,10000,10000,0,0
055484,華通元大97購04  ,0,0,0,0,0,0,0,0,0,0,0,0,0,35000,35000,0,0
055495,長榮航元大97購01,0,0,0,0,0,0,0,0,0,0,0,0,0,1000,1000,0,0
055506,台郡元大99購02  ,0,0,0,0,0,0,0,0,0,0,0,0,0,79000,79000,0,0
055435,佳世達中信99購01,0,0,0,0,0,0,0,0,0,0,0,0,0,80000,80000,0,0
055401,亞光元富9A購01  ,0,0,0,0,0,0,0,0,0,0,0,0,0,3000,3000,0,0
055430,宏達電群益97購01,0,0,0,0,0,0,0,0,0,0,0,0,0,59000,59000,0,0
055433,嘉聯益群益99購01,0,0,0,0,0,0,0,0,0,0,0,0,0,36000,36000,0,0
055359,超眾凱基97購01  ,0,0,0,0,0,0,0,0,0,0,0,0,0,30000,30000,0,0
055275,台積電元大97購19,0,0,0,0,0,0,0,0,0,0,0,0,0,10000,10000,0,0
055281,台光電元大98購03,0,0,0,0,0,0,0,0,0,0,0,0,0,2000,2000,0,0
055619,同欣電國票98購02,0,0,0,0,0,0,0,0,0,0,0,0,0,28000,28000,0,0
055603,超眾元大97購04  ,0,0,0,0,0,0,0,0,0,0,0,0,0,1000,1000,0,0
055719,可成元大97購03  ,0,0,0,0,0,0,0,0,0,0,0,0,0,20000,20000,0,0
05601P,鴻海元大97售04  ,0,0,0,0,0,0,0,0,0,0,0,0,0,79000,79000,0,0
05667P,旺宏台新96售01  ,0,0,0,0,0,0,0,0,0,0,0,0,0,13000,13000,0,0
05668P,滬深2X永豐96售04,0,0,0,0,0,0,0,0,0,0,0,0,0,30000,30000,0,0
05635P,健策台新96售02  ,0,0,0,0,0,0,0,0,0,0,0,0,0,24000,24000,0,0
05742P,可成元大96售04  ,0,0,0,0,0,0,0,0,0,0,0,0,0,112000,112000,0,0
05743P,創意元大96售01  ,0,0,0,0,0,0,0,0,0,0,0,0,0,25000,25000,0,0
05720P,可成中信98售01  ,0,0,0,0,0,0,0,0,0,0,0,0,0,12000,12000,0,0
05717P,鴻海元大97售07  ,0,0,0,0,0,0,0,0,0,0,0,0,0,100000,100000,0,0
05757P,旺宏永豐96售03  ,0,0,0,0,0,0,0,0,0,0,0,0,0,13000,13000,0,0
05769P,台積電凱基96售16,0,0,0,0,0,0,0,0,0,0,0,0,0,1000,1000,0,0
05640P,旺宏元富96售03  ,0,0,0,0,0,0,0,0,0,0,0,0,0,12000,12000,0,0
05670P,台積電國票98售01,0,0,0,0,0,0,0,0,0,0,0,0,0,1000,1000,0,0
05681P,大立光元大96售05,0,0,0,0,0,0,0,0,0,0,0,0,0,61000,61000,0,0
05815P,台積電凱基97售06,0,0,0,0,0,0,0,0,0,0,0,0,0,25000,25000,0,0
00774B,新光中國政金綠債,0,0,0,0,0,0,0,0,0,0,0,0,0,2000,2000,0,0
00775B,新光投等債15+   ,0,0,0,0,0,0,0,0,0,0,0,0,0,2000,2000,0,0
03003P,京鼎群益01售02  ,0,0,0,0,0,0,0,0,0,0,0,0,0,20000,20000,0,0
00709,富邦歐洲        ,0,0,0,0,0,0,0,0,0,0,0,0,0,100000,100000,0,0
00742,新光內需收益    ,1000,0,1000,0,0,0,0,0,0,-1000,0,0,0,0,1000,-1000,0
00767,FH美國金融股    ,0,0,0,0,0,0,0,0,0,0,0,0,0,100000,100000,0,0
00636K,國泰中國A50+U   ,0,0,0,0,0,0,0,0,0,0,0,0,0,100,100,0,0
00640L,富邦日本正2     ,0,0,0,0,0,0,0,0,0,0,0,0,0,336000,336000,0,0
006206,元大上證50      ,56000,5000,51000,0,0,0,0,0,0,-51000,0,60000,-60000,63000,54000,9000,0
00625K,富邦上証+R      ,0,0,0,0,0,0,0,0,0,0,0,0,0,50000,50000,0,0
00657K,國泰日經225+U   ,0,0,0,0,0,0,0,0,0,0,0,0,0,100,100,0,0
00666R,富邦恒生國企反1 ,0,0,0,0,0,0,0,0,0,0,0,0,0,256000,256000,0,0
00668,國泰美國道瓊    ,0,0,0,0,0,0,0,0,0,0,0,0,0,2000,2000,0,0
00668K,國泰美國道瓊+U  ,0,0,0,0,0,0,0,0,0,0,0,0,0,100,100,0,0
00671R,富邦NASDAQ反1   ,2000,0,2000,0,0,0,0,0,0,-2000,0,0,0,350000,352000,-2000,0
00684R,元大美元指數反1 ,0,0,0,0,0,0,0,0,0,0,0,0,0,40000,40000,0,0
00691R,兆豐藍籌30反1   ,0,0,0,0,0,0,0,0,0,0,0,0,0,61000,61000,0,0
03050X,元展47          ,0,0,0,0,0,0,0,0,0,0,0,0,0,1000,1000,0,0
03335P,台積電兆豐03售07,0,0,0,0,0,0,0,0,0,0,0,0,0,10000,10000,0,0
043457,鴻海元大93購01  ,0,0,0,0,0,0,0,0,0,0,0,0,0,299000,299000,0,0
044277,彩晶群益92購01  ,0,0,0,0,0,0,0,0,0,0,0,0,0,1000,1000,0,0
043757,欣興元大93購01  ,0,0,0,0,0,0,0,0,0,0,0,0,0,17000,17000,0,0
043907,鴻海凱基93購01  ,0,0,0,0,0,0,0,0,0,0,0,0,0,2000,2000,0,0
043660,華新科元大93購01,0,0,0,0,0,0,0,0,0,0,0,0,0,5000,5000,0,0
03805P,可成元富93售02  ,0,0,0,0,0,0,0,0,0,0,0,0,0,20000,20000,0,0
03820P,聯詠統一93售04  ,0,0,0,0,0,0,0,0,0,0,0,0,0,10000,10000,0,0
04064P,臺股指兆豐93售03,0,0,0,0,0,0,0,0,0,0,0,0,0,490000,490000,0,0
040772,滬深2X元富92購02,0,0,0,0,0,0,0,0,0,0,0,0,0,52000,52000,0,0
044258,超眾元大92購02  ,0,0,0,0,0,0,0,0,0,0,0,0,0,1000,1000,0,0
041042,美律群益92購01  ,0,0,0,0,0,0,0,0,0,0,0,0,0,110000,110000,0,0
046425,臻鼎元大92購12  ,0,0,0,0,0,0,0,0,0,0,0,0,0,12000,12000,0,0
044937,瀚宇博元大91購02,0,0,0,0,0,0,0,0,0,0,0,0,0,10000,10000,0,0
044922,玉晶光永豐93購01,0,0,0,0,0,0,0,0,0,0,0,0,0,2000,2000,0,0
044970,大毅永豐92購01  ,0,0,0,0,0,0,0,0,0,0,0,0,0,118000,118000,0,0
045455,鴻海元大92購08  ,0,0,0,0,0,0,0,0,0,0,0,0,0,29000,29000,0,0
045456,鴻海元大93購04  ,0,0,0,0,0,0,0,0,0,0,0,0,0,53000,53000,0,0
045440,旺宏元富92購01  ,0,0,0,0,0,0,0,0,0,0,0,0,0,1000,1000,0,0
045441,南亞科元富92購01,0,0,0,0,0,0,0,0,0,0,0,0,0,8000,8000,0,0
04545P,國巨元大94售05  ,0,0,0,0,0,0,0,0,0,0,0,0,0,100000,100000,0,0
045379,智邦元大93購01  ,0,0,0,0,0,0,0,0,0,0,0,0,0,9000,9000,0,0
045412,宏達電群益93購01,0,0,0,0,0,0,0,0,0,0,0,0,0,10000,10000,0,0
042752,台灣50元大96購03,0,0,0,0,0,0,0,0,0,0,0,0,0,1000,1000,0,0
042895,鴻海永昌93購03  ,0,0,0,0,0,0,0,0,0,0,0,0,0,3000,3000,0,0
04311P,奇力新統一95售01,0,0,0,0,0,0,0,0,0,0,0,0,0,5000,5000,0,0
044411,A50正2統一93購01,0,0,0,0,0,0,0,0,0,0,0,0,0,30000,30000,0,0
044184,南亞科國泰93購01,0,0,0,0,0,0,0,0,0,0,0,0,0,5000,5000,0,0
042538,新光金國泰92購01,0,0,0,0,0,0,0,0,0,0,0,0,0,65000,65000,0,0
044494,可成元大91購08  ,0,0,0,0,0,0,0,0,0,0,0,0,0,20000,20000,0,0
041817,鴻海凱基92購01  ,0,0,0,0,0,0,0,0,0,0,0,0,0,3000,3000,0,0
044705,群創元大93購03  ,0,0,0,0,0,0,0,0,0,0,0,0,0,13000,13000,0,0
046759,聯發科凱基93購06,0,0,0,0,0,0,0,0,0,0,0,0,0,3000,3000,0,0
04669P,臺股指國票94售08,0,0,0,0,0,0,0,0,0,0,0,0,0,20000,20000,0,0
046677,矽創元大93購03  ,0,0,0,0,0,0,0,0,0,0,0,0,0,3000,3000,0,0
046724,聯發科元大93購02,0,0,0,0,0,0,0,0,0,0,0,0,0,60000,60000,0,0
046750,鴻海凱基93購17  ,0,0,0,0,0,0,0,0,0,0,0,0,0,10000,10000,0,0
046755,瑞昱凱基93購05  ,0,0,0,0,0,0,0,0,0,0,0,0,0,7000,7000,0,0
045957,技嘉凱基93購03  ,0,0,0,0,0,0,0,0,0,0,0,0,0,7000,7000,0,0
045986,南亞科永昌93購01,0,0,0,0,0,0,0,0,0,0,0,0,0,10000,10000,0,0
045747,嘉聯益永豐92購02,0,0,0,0,0,0,0,0,0,0,0,0,0,34000,34000,0,0
045786,台勝科元大92購02,0,0,0,0,0,0,0,0,0,0,0,0,0,100000,100000,0,0
045818,鴻海凱基93購10  ,0,0,0,0,0,0,0,0,0,0,0,0,0,8000,8000,0,0
047266,嘉聯益國票94購02,0,0,0,0,0,0,0,0,0,0,0,0,0,24000,24000,0,0
047245,聯發科群益94購03,0,0,0,0,0,0,0,0,0,0,0,0,0,20000,20000,0,0
048029,聯發科凱基93購26,0,0,0,0,0,0,0,0,0,0,0,0,0,17000,17000,0,0
048022,儒鴻凱基93購04  ,0,0,0,0,0,0,0,0,0,0,0,0,0,14000,14000,0,0
048035,聯詠凱基93購06  ,0,0,0,0,0,0,0,0,0,0,0,0,0,4000,4000,0,0
048030,聯發科凱基93購27,0,0,0,0,0,0,0,0,0,0,0,0,0,118000,118000,0,0
049856,緯穎群益94購02  ,0,0,0,0,0,0,0,0,0,0,0,0,0,4000,4000,0,0
05001P,華通統一95售01  ,0,0,0,0,0,0,0,0,0,0,0,0,0,4000,4000,0,0
049950,南亞科群益94購02,0,0,0,0,0,0,0,0,0,0,0,0,0,10000,10000,0,0
049946,智邦兆豐95購01  ,0,0,0,0,0,0,0,0,0,0,0,0,0,100000,100000,0,0
049974,聯發科日盛94購02,0,0,0,0,0,0,0,0,0,0,0,0,0,5000,5000,0,0
049961,GIS統一94購01   ,0,0,0,0,0,0,0,0,0,0,0,0,0,15000,15000,0,0
049934,緯穎元大94購08  ,0,0,0,0,0,0,0,0,0,0,0,0,0,35000,35000,0,0
045671,鴻海元大92購10  ,0,0,0,0,0,0,0,0,0,0,0,0,0,14000,14000,0,0
045732,儒鴻國票93購01  ,0,0,0,0,0,0,0,0,0,0,0,0,0,4000,4000,0,0
046580,正崴元大92購01  ,0,0,0,0,0,0,0,0,0,0,0,0,0,1000,1000,0,0
046583,聯發科元大92購24,0,0,0,0,0,0,0,0,0,0,0,0,0,90000,90000,0,0
046584,可成元大92購11  ,0,0,0,0,0,0,0,0,0,0,0,0,0,4000,4000,0,0
046031,建準元大92購03  ,0,0,0,0,0,0,0,0,0,0,0,0,0,6000,6000,0,0
046062,遠東新凱基92購02,0,0,0,0,0,0,0,0,0,0,0,0,0,2000,2000,0,0
046064,中工凱基94購01  ,0,0,0,0,0,0,0,0,0,0,0,0,0,7000,7000,0,0
046065,益航凱基93購02  ,0,0,0,0,0,0,0,0,0,0,0,0,0,200000,200000,0,0
046312,可成元大92購10  ,0,0,0,0,0,0,0,0,0,0,0,0,0,5000,5000,0,0
046314,宏達電元大92購05,0,0,0,0,0,0,0,0,0,0,0,0,0,22000,22000,0,0
046271,日月光凱基92購05,0,0,0,0,0,0,0,0,0,0,0,0,0,1000,1000,0,0
046264,美律凱基93購05  ,0,0,0,0,0,0,0,0,0,0,0,0,0,7000,7000,0,0
046496,鴻海元大92購16  ,0,0,0,0,0,0,0,0,0,0,0,0,0,49000,49000,0,0
046487,鴻海永昌92購01  ,0,0,0,0,0,0,0,0,0,0,0,0,0,10000,10000,0,0
046505,聯發科元大92購20,0,0,0,0,0,0,0,0,0,0,0,0,0,60000,60000,0,0
046472,亞光永豐92購01  ,0,0,0,0,0,0,0,0,0,0,0,0,0,1000,1000,0,0
044568,台積電凱基91購19,0,0,0,0,0,0,0,0,0,0,0,0,0,7000,7000,0,0
045154,欣興凱基92購03  ,0,0,0,0,0,0,0,0,0,0,0,0,0,1000,1000,0,0
045198,光磊凱基92購01  ,0,0,0,0,0,0,0,0,0,0,0,0,0,13000,13000,0,0
045305,嘉晶元大92購01  ,0,0,0,0,0,0,0,0,0,0,0,0,0,20000,20000,0,0
050421,鴻海凱基95購04  ,0,0,0,0,0,0,0,0,0,0,0,0,0,3000,3000,0,0
050422,鴻海凱基96購01  ,0,0,0,0,0,0,0,0,0,0,0,0,0,3000,3000,0,0
050423,鴻海凱基96購02  ,0,0,0,0,0,0,0,0,0,0,0,0,0,3000,3000,0,0
050419,鴻海凱基95購02  ,0,0,0,0,0,0,0,0,0,0,0,0,0,4000,4000,0,0
050341,光寶科元富94購01,0,0,0,0,0,0,0,0,0,0,0,0,0,7000,7000,0,0
050410,燿華永豐95購03  ,0,0,0,0,0,0,0,0,0,0,0,0,0,37000,37000,0,0
050390,聯發科統一94購09,0,0,0,0,0,0,0,0,0,0,0,0,0,30000,30000,0,0
050551,大立光凱基95購05,0,0,0,0,0,0,0,0,0,0,0,0,0,1000,1000,0,0
050553,緯穎凱基94購06  ,0,0,0,0,0,0,0,0,0,0,0,0,0,16000,16000,0,0
050318,景碩國票94購02  ,0,0,0,0,0,0,0,0,0,0,0,0,0,4000,4000,0,0
050446,鴻海元大94購22  ,0,0,0,0,0,0,0,0,0,0,0,0,0,9000,9000,0,0
050367,鴻海元大94購20  ,0,0,0,0,0,0,0,0,0,0,0,0,0,42000,42000,0,0
050270,景碩元大94購01  ,0,0,0,0,0,0,0,0,0,0,0,0,0,27000,27000,0,0
050198,緯穎元大94購09  ,0,0,0,0,0,0,0,0,0,0,0,0,0,1000,1000,0,0
050187,群創元大94購03  ,0,0,0,0,0,0,0,0,0,0,0,0,0,11000,11000,0,0
050202,建準群益95購01  ,0,0,0,0,0,0,0,0,0,0,0,0,0,3000,3000,0,0
047157,智伸科國票93購01,0,0,0,0,0,0,0,0,0,0,0,0,0,1000,1000,0,0
047179,台積電元大93購17,0,0,0,0,0,0,0,0,0,0,0,0,0,60000,60000,0,0
050077,臺股指凱基99購02,0,0,0,0,0,0,0,0,0,0,0,0,0,8000,8000,0,0
050059,旺宏凱基94購03  ,0,0,0,0,0,0,0,0,0,0,0,0,0,4000,4000,0,0
050111,全新元大95購02  ,0,0,0,0,0,0,0,0,0,0,0,0,0,287000,287000,0,0
050115,群創元大96購01  ,0,0,0,0,0,0,0,0,0,0,0,0,0,6000,6000,0,0
050128,旺宏凱基94購04  ,0,0,0,0,0,0,0,0,0,0,0,0,0,1000,1000,0,0
050092,鴻海永豐94購04  ,0,0,0,0,0,0,0,0,0,0,0,0,0,10000,10000,0,0
050107,鴻海元大94購12  ,0,0,0,0,0,0,0,0,0,0,0,0,0,14000,14000,0,0
046952,南茂元大93購02  ,0,0,0,0,0,0,0,0,0,0,0,0,0,10000,10000,0,0
047002,鴻海統一93購04  ,0,0,0,0,0,0,0,0,0,0,0,0,0,47000,47000,0,0
047091,南茂元富93購01  ,0,0,0,0,0,0,0,0,0,0,0,0,0,10000,10000,0,0
047121,訊芯元大93購03  ,0,0,0,0,0,0,0,0,0,0,0,0,0,11000,11000,0,0
047127,臻鼎中信95購01  ,0,0,0,0,0,0,0,0,0,0,0,0,0,10000,10000,0,0
047109,華邦電元大94購01,0,0,0,0,0,0,0,0,0,0,0,0,0,43000,43000,0,0
047041,貿聯群益93購02  ,0,0,0,0,0,0,0,0,0,0,0,0,0,10000,10000,0,0
049705,緯穎元大94購05  ,0,0,0,0,0,0,0,0,0,0,0,0,0,21000,21000,0,0
049689,正崴元大94購02  ,0,0,0,0,0,0,0,0,0,0,0,0,0,31000,31000,0,0
049692,可成元大94購07  ,0,0,0,0,0,0,0,0,0,0,0,0,0,19000,19000,0,0
049833,正文凱基94購05  ,0,0,0,0,0,0,0,0,0,0,0,0,0,45000,45000,0,0
049764,TPK國泰95購01   ,0,0,0,0,0,0,0,0,0,0,0,0,0,44000,44000,0,0
049646,旺宏凱基94購01  ,0,0,0,0,0,0,0,0,0,0,0,0,0,3000,3000,0,0
04964P,鴻海元大94售26  ,0,0,0,0,0,0,0,0,0,0,0,0,0,50000,50000,0,0
049446,為升統一94購01  ,0,0,0,0,0,0,0,0,0,0,0,0,0,20000,20000,0,0
049419,欣興凱基94購04  ,0,0,0,0,0,0,0,0,0,0,0,0,0,1000,1000,0,0
049365,美律元大94購04  ,0,0,0,0,0,0,0,0,0,0,0,0,0,8000,8000,0,0
049310,台積電凱基94購15,0,25000,-25000,0,0,0,0,0,0,25000,0,0,0,25000,0,25000,0
047576,技嘉群益94購01  ,0,0,0,0,0,0,0,0,0,0,0,0,0,7000,7000,0,0
047615,為升凱基93購05  ,0,0,0,0,0,0,0,0,0,0,0,0,0,94000,94000,0,0
047616,鴻海凱基94購10  ,0,0,0,0,0,0,0,0,0,0,0,0,0,2000,2000,0,0
047669,台表科永豐93購02,0,0,0,0,0,0,0,0,0,0,0,0,0,2000,2000,0,0
047660,南茂麥證93購02  ,0,0,0,1000,0,1000,0,0,0,0,0,0,0,1000,1000,0,0
046894,日月光群益93購01,0,0,0,0,0,0,0,0,0,0,0,0,0,10000,10000,0,0
046852,燿華元大93購02  ,0,0,0,0,0,0,0,0,0,0,0,0,0,30000,30000,0,0
046853,友達元大93購03  ,0,0,0,0,0,0,0,0,0,0,0,0,0,10000,10000,0,0
047543,鴻海凱基94購09  ,0,0,0,0,0,0,0,0,0,0,0,0,0,9000,9000,0,0
047527,高鐵元大93購02  ,0,0,0,0,0,0,0,0,0,0,0,0,0,150000,150000,0,0
047526,可成元大93購08  ,0,0,0,0,0,0,0,0,0,0,0,0,0,4000,4000,0,0
04838P,宏達電元大95售02,0,0,0,0,0,0,0,0,0,0,0,0,0,1000,1000,0,0
048308,儒鴻凱基93購05  ,0,0,0,0,0,0,0,0,0,0,0,0,0,4000,4000,0,0
048283,亞德客中信94購01,0,0,0,0,0,0,0,0,0,0,0,0,0,20000,20000,0,0
048261,鴻海元富95購01  ,0,0,0,0,0,0,0,0,0,0,0,0,0,50000,50000,0,0
048663,聯發科統一96購01,0,0,0,0,0,0,0,0,0,0,0,0,0,50000,50000,0,0
049586,正崴元大94購01  ,0,0,0,0,0,0,0,0,0,0,0,0,0,33000,33000,0,0
049588,聯發科元大94購06,0,0,0,0,0,0,0,0,0,0,0,0,0,18000,18000,0,0
049250,華通元大95購04  ,0,0,0,0,0,0,0,0,0,0,0,0,0,57000,57000,0,0
049228,台塑富邦94購01  ,0,0,0,0,0,0,0,0,0,0,0,0,0,9000,9000,0,0
049217,智邦國票95購01  ,0,0,0,0,0,0,0,0,0,0,0,0,0,60000,60000,0,0
049139,台積電元大94購06,0,0,0,0,0,0,0,0,0,0,0,0,0,10000,10000,0,0
049172,鴻海凱基94購14  ,0,0,0,0,0,0,0,0,0,0,0,0,0,15000,15000,0,0
049173,鴻海凱基94購15  ,0,0,0,0,0,0,0,0,0,0,0,0,0,11000,11000,0,0
048983,牧德元大95購01  ,0,0,0,0,0,0,0,0,0,0,0,0,0,3000,3000,0,0
048967,凌陽元大95購01  ,0,0,0,0,0,0,0,0,0,0,0,0,0,42000,42000,0,0
048918,上証2X永豐94購01,0,0,0,0,0,0,0,0,0,0,0,0,0,110000,110000,0,0
048233,南電凱基93購05  ,0,0,0,0,0,0,0,0,0,0,0,0,0,10000,10000,0,0
048234,美利達凱基93購03,0,0,0,0,0,0,0,0,0,0,0,0,0,100000,100000,0,0
048880,昇陽半國票94購01,0,0,0,0,0,0,0,0,0,0,0,0,0,30000,30000,0,0
048521,華通統一93購05  ,0,0,0,0,0,0,0,0,0,0,0,0,0,10000,10000,0,0
048568,緯穎元大93購06  ,0,0,0,0,0,0,0,0,0,0,0,0,0,6000,6000,0,0
048603,中磊國票94購02  ,0,0,0,0,0,0,0,0,0,0,0,0,0,28000,28000,0,0
048637,鴻海元大96購01  ,0,0,0,0,0,0,0,0,0,0,0,0,0,3000,3000,0,0
048613,智原凱基93購03  ,0,0,0,0,0,0,0,0,0,0,0,0,0,1000,1000,0,0
048650,台表科元大93購05,0,0,0,0,0,0,0,0,0,0,0,0,0,1000,1000,0,0
047809,瑞昱凱基93購08  ,0,0,0,0,0,0,0,0,0,0,0,0,0,10000,10000,0,0
047804,鴻海凱基93購26  ,0,0,0,0,0,0,0,0,0,0,0,0,0,8000,8000,0,0
047481,可成凱基93購08  ,0,0,0,0,0,0,0,0,0,0,0,0,0,10000,10000,0,0
047494,華邦電元富96購01,0,0,0,0,0,0,0,0,0,0,0,0,0,22000,22000,0,0
047444,晶技元大93購03  ,0,0,0,0,0,0,0,0,0,0,0,0,0,69000,69000,0,0
047433,鴻海元大93購16  ,0,0,0,0,0,0,0,0,0,0,0,0,0,14000,14000,0,0
047734,欣興兆豐94購02  ,0,0,0,0,0,0,0,0,0,0,0,0,0,30000,30000,0,0
047222,鴻海凱基94購04  ,0,0,0,0,0,0,0,0,0,0,0,0,0,3000,3000,0,0
047839,景碩元大93購03  ,0,0,0,0,0,0,0,0,0,0,0,0,0,10000,10000,0,0
047915,鴻海凱基93購27  ,0,0,0,0,0,0,0,0,0,0,0,0,0,6000,6000,0,0
047925,可成凱基94購01  ,0,0,0,0,0,0,0,0,0,0,0,0,0,3000,3000,0,0
047926,可成凱基94購02  ,0,0,0,0,0,0,0,0,0,0,0,0,0,10000,10000,0,0
047938,台化國票93購01  ,0,0,0,0,0,0,0,0,0,0,0,0,0,5000,5000,0,0
047968,南電國泰94購01  ,0,0,0,0,0,0,0,0,0,0,0,0,0,45000,45000,0,0
048001,中工元大96購01  ,0,0,0,0,0,0,0,0,0,0,0,0,0,14000,14000,0,0
048798,華新科國泰95購01,0,0,0,0,0,0,0,0,0,0,0,0,0,1000,1000,0,0
049528,台積電中信94購01,0,0,0,0,0,0,0,0,0,0,0,0,0,40000,40000,0,0
049503,矽創元大94購01  ,0,0,0,0,0,0,0,0,0,0,0,0,0,7000,7000,0,0
049489,美律元大94購05  ,0,0,0,0,0,0,0,0,0,0,0,0,0,13000,13000,0,0
048085,鴻海凱基93購32  ,0,0,0,0,0,0,0,0,0,0,0,0,0,19000,19000,0,0
048743,美利達統一94購01,0,0,0,0,0,0,0,0,0,0,0,0,0,3000,3000,0,0
048774,麗豐凱基94購04  ,0,0,0,0,0,0,0,0,0,0,0,0,0,105000,105000,0,0
048767,欣興凱基94購01  ,0,0,0,0,0,0,0,0,0,0,0,0,0,1000,1000,0,0
047703,台積電凱基93購19,0,0,0,0,0,0,0,0,0,0,0,0,0,30000,30000,0,0
047722,南電凱基94購02  ,0,0,0,0,0,0,0,0,0,0,0,0,0,2000,2000,0,0
047419,聯發科富邦95購01,0,0,0,0,0,0,0,0,0,0,0,0,0,1000,1000,0,0
048831,玉晶光凱基95購01,0,0,0,0,0,0,0,0,0,0,0,0,0,1000,1000,0,0
047329,聯茂元大93購04  ,0,0,0,0,0,0,0,0,0,0,0,0,0,40000,40000,0,0
047334,南茂元大93購03  ,0,0,0,0,0,0,0,0,0,0,0,0,0,1000,1000,0,0
047391,潤泰全元大93購02,0,0,0,0,0,0,0,0,0,0,0,0,0,56000,56000,0,0
047387,美律元大93購05  ,0,0,0,0,0,0,0,0,0,0,0,0,0,25000,25000,0,0
047351,聯詠凱基93購02  ,0,0,0,0,0,0,0,0,0,0,0,0,0,2000,2000,0,0
051961,泰碩永豐95購01  ,0,0,0,0,0,0,0,0,0,0,0,0,0,20000,20000,0,0
051872,矽力凱基96購01  ,0,0,0,0,0,0,0,0,0,0,0,0,0,1000,1000,0,0
051894,嘉聯益元富95購03,0,0,0,0,0,0,0,0,0,0,0,0,0,10000,10000,0,0
051848,元金2X中信98購02,0,0,0,0,0,0,0,0,0,0,0,0,0,10000,10000,0,0
051807,瑞昱凱基95購03  ,0,0,0,0,0,0,0,0,0,0,0,0,0,1000,1000,0,0
051669,建準元大95購01  ,0,0,0,0,0,0,0,0,0,0,0,0,0,4000,4000,0,0
051773,元大金中信95購02,0,121000,-121000,0,0,0,0,0,0,121000,0,0,0,151000,30000,121000,0
051667,光磊元大96購02  ,0,0,0,0,0,0,0,0,0,0,0,0,0,2000,2000,0,0
05147P,鴻海元大95售11  ,0,0,0,0,0,0,0,0,0,0,0,0,0,102000,102000,0,0
051434,中磊元富95購02  ,0,0,0,0,0,0,0,0,0,0,0,0,0,18000,18000,0,0
051444,聯發科元大95購11,0,0,0,0,0,0,0,0,0,0,0,0,0,3000,3000,0,0
051445,可成元大95購06  ,0,0,0,0,0,0,0,0,0,0,0,0,0,58000,58000,0,0
051581,聯發科元大95購12,0,0,0,0,0,0,0,0,0,0,0,0,0,9000,9000,0,0
051236,鴻海元大96購05  ,0,0,0,0,0,0,0,0,0,0,0,0,0,149000,149000,0,0
051257,光寶科國泰96購01,0,0,0,0,0,0,0,0,0,0,0,0,0,2000,2000,0,0
051245,南亞科元大95購01,0,0,0,0,0,0,0,0,0,0,0,0,0,3000,3000,0,0
051302,可成凱基95購06  ,0,0,0,0,0,0,0,0,0,0,0,0,0,50000,50000,0,0
051342,光寶科元大95購01,0,0,0,0,0,0,0,0,0,0,0,0,0,52000,52000,0,0
051322,國泰金國票96購01,0,50000,-50000,0,0,0,0,0,0,50000,0,0,0,50000,0,50000,0
051347,國巨元大95購06  ,0,0,0,0,0,0,0,0,0,0,0,0,0,12000,12000,0,0
051344,鴻海元大95購08  ,0,0,0,0,0,0,0,0,0,0,0,0,0,49000,49000,0,0
051349,國巨元大95購08  ,0,0,0,0,0,0,0,0,0,0,0,0,0,1000,1000,0,0
051350,台積電元大95購14,0,0,0,0,0,0,0,0,0,0,0,0,0,52000,52000,0,0
051356,全新元大96購04  ,0,0,0,0,0,0,0,0,0,0,0,0,0,80000,80000,0,0
051357,可成元大95購05  ,0,0,0,0,0,0,0,0,0,0,0,0,0,5000,5000,0,0
050809,鴻海凱基95購08  ,0,0,0,0,0,0,0,0,0,0,0,0,0,4000,4000,0,0
050763,楠梓電元大94購03,0,0,0,0,0,0,0,0,0,0,0,0,0,10000,10000,0,0
050764,鴻海元大94購27  ,0,0,0,0,0,0,0,0,0,0,0,0,0,100000,100000,0,0
050765,鴻海元大96購02  ,0,0,0,0,0,0,0,0,0,0,0,0,0,215000,215000,0,0
050677,光寶科統一94購01,0,0,0,0,0,0,0,0,0,0,0,0,0,9000,9000,0,0
050681,南亞科元富94購01,0,0,0,0,0,0,0,0,0,0,0,0,0,4000,4000,0,0
05065P,燿華元大96售03  ,0,0,0,0,0,0,0,0,0,0,0,0,0,30000,30000,0,0
050692,鴻海凱基96購04  ,0,0,0,0,0,0,0,0,0,0,0,0,0,4000,4000,0,0
050584,瑞儀國票95購01  ,0,0,0,0,0,0,0,0,0,0,0,0,0,20000,20000,0,0
050611,鴻海元大95購02  ,0,0,0,0,0,0,0,0,0,0,0,0,0,49000,49000,0,0
050609,鴻海元大94購23  ,0,0,0,0,0,0,0,0,0,0,0,0,0,9000,9000,0,0
051086,鴻海元大96購04  ,0,0,0,0,0,0,0,0,0,0,0,0,0,24000,24000,0,0
051096,日月光元大95購01,0,0,0,0,0,0,0,0,0,0,0,0,0,11000,11000,0,0
051094,健策元大96購03  ,0,0,0,0,0,0,0,0,0,0,0,0,0,8000,8000,0,0
051061,中磊群益95購01  ,0,0,0,0,0,0,0,0,0,0,0,0,0,4000,4000,0,0
051062,超眾群益95購02  ,0,0,0,0,0,0,0,0,0,0,0,0,0,16000,16000,0,0
051163,鴻海元大95購04  ,0,0,0,0,0,0,0,0,0,0,0,0,0,128000,128000,0,0
051168,訊連元大95購02  ,0,0,0,0,0,0,0,0,0,0,0,0,0,31000,31000,0,0
051224,華通群益96購03  ,0,0,0,0,0,0,0,0,0,0,0,0,0,2000,2000,0,0
051180,喬山永豐95購03  ,0,0,0,0,0,0,0,0,0,0,0,0,0,5000,5000,0,0
050937,可成國票96購02  ,0,0,0,0,0,0,0,0,0,0,0,0,0,9000,9000,0,0
050968,超眾永豐95購01  ,0,0,0,0,0,0,0,0,0,0,0,0,0,16000,16000,0,0
050260,鴻海元大94購15  ,0,0,0,0,0,0,0,0,0,0,0,0,0,9000,9000,0,0
051045,南茂永豐95購01  ,0,0,0,0,0,0,0,0,0,0,0,0,0,10000,10000,0,0
050990,T50反1元大95購01,0,0,0,0,0,0,0,0,0,0,0,0,0,101000,101000,0,0
052947,晶技國票97購01  ,0,0,0,0,0,0,0,0,0,0,0,0,0,8000,8000,0,0
052998,拓凱康和96購01  ,0,0,0,0,0,0,0,0,0,0,0,0,0,120000,120000,0,0
053041,可成凱基96購02  ,0,0,0,0,0,0,0,0,0,0,0,0,0,33000,33000,0,0
053038,華邦電凱基97購01,0,0,0,0,0,0,0,0,0,0,0,0,0,2000,2000,0,0
053011,鴻海統一98購01  ,0,0,0,0,0,0,0,0,0,0,0,0,0,20000,20000,0,0
052870,玉晶光凱基96購03,0,0,0,0,0,0,0,0,0,0,0,0,0,1000,1000,0,0
052860,旺宏凱基96購03  ,0,0,0,0,0,0,0,0,0,0,0,0,0,2000,2000,0,0
052857,大成鋼凱基96購01,0,0,0,0,0,0,0,0,0,0,0,0,0,5000,5000,0,0
052800,國巨元大96購05  ,0,0,0,0,0,0,0,0,0,0,0,0,0,2000,2000,0,0
052832,益航群益96購01  ,0,0,0,0,0,0,0,0,0,0,0,0,0,10000,10000,0,0
052837,友達國泰97購01  ,0,0,0,0,0,0,0,0,0,0,0,0,0,39000,39000,0,0
052820,宏達電永豐96購01,0,0,0,0,0,0,0,0,0,0,0,0,0,46000,46000,0,0
052712,旺宏凱基96購02  ,0,0,0,0,0,0,0,0,0,0,0,0,0,1000,1000,0,0
052716,欣興凱基96購01  ,0,0,0,0,0,0,0,0,0,0,0,0,0,1000,1000,0,0
052742,可成元大96購01  ,0,0,0,0,0,0,0,0,0,0,0,0,0,245000,245000,0,0
052749,日月光元大96購02,0,0,0,0,0,0,0,0,0,0,0,0,0,1000,1000,0,0
053300,大成鋼凱基96購02,0,0,0,0,0,0,0,0,0,0,0,0,0,12000,12000,0,0
053208,鴻海凱基96購13  ,0,0,0,0,0,0,0,0,0,0,0,0,0,30000,30000,0,0
053242,聯電國票96購04  ,0,0,0,0,0,0,0,0,0,0,0,0,0,10000,10000,0,0
053109,聯發科兆豐96購01,0,0,0,0,0,0,0,0,0,0,0,0,0,3000,3000,0,0
053086,宏達電元大97購01,0,0,0,0,0,0,0,0,0,0,0,0,0,52000,52000,0,0
053171,中磊群益96購01  ,0,0,0,0,0,0,0,0,0,0,0,0,0,32000,32000,0,0
05315P,鴻海永昌96售08  ,0,0,0,0,0,0,0,0,0,0,0,0,0,50000,50000,0,0
053176,矽力群益96購02  ,0,0,0,0,0,0,0,0,0,0,0,0,0,70000,70000,0,0
05319P,上銀凱基95售02  ,0,0,0,0,0,0,0,0,0,0,0,0,0,180000,180000,0,0
053134,南亞科國票97購01,0,0,0,0,0,0,0,0,0,0,0,0,0,2000,2000,0,0
052107,台積電統一95購06,0,0,0,0,0,0,0,0,0,0,0,0,0,160000,160000,0,0
05212P,台積電國票96售04,0,0,0,0,0,0,0,0,0,0,0,0,0,10000,10000,0,0
052279,旺宏凱基95購07  ,0,0,0,0,0,0,0,0,0,0,0,0,0,1000,1000,0,0
052282,宏達電凱基95購05,0,0,0,0,0,0,0,0,0,0,0,0,0,10000,10000,0,0
052296,TPK國票96購01   ,0,0,0,0,0,0,0,0,0,0,0,0,0,660000,660000,0,0
052244,廣達康和95購01  ,0,0,0,0,0,0,0,0,0,0,0,0,0,64000,64000,0,0
052209,深中小元大95購02,0,0,0,0,0,0,0,0,0,0,0,0,0,200000,200000,0,0
052191,超眾群益96購01  ,0,0,0,0,0,0,0,0,0,0,0,0,0,22000,22000,0,0
052171,台積電元大95購21,0,0,0,0,0,0,0,0,0,0,0,0,0,13000,13000,0,0
05219P,鴻海元大95售17  ,0,0,0,0,0,0,0,0,0,0,0,0,0,464000,464000,0,0
052510,聯發科凱基95購13,0,0,0,0,0,0,0,0,0,0,0,0,0,10000,10000,0,0
052487,國巨國票96購07  ,0,0,0,0,0,0,0,0,0,0,0,0,0,3000,3000,0,0
052445,南亞科元大95購05,0,0,0,0,0,0,0,0,0,0,0,0,0,71000,71000,0,0
05243P,鴻海元大95售19  ,0,0,0,0,0,0,0,0,0,0,0,0,0,76000,76000,0,0
05245P,台積電元大95售18,0,0,0,0,0,0,0,0,0,0,0,0,0,10000,10000,0,0
05261P,鴻海元大95售20  ,0,0,0,0,0,0,0,0,0,0,0,0,0,149000,149000,0,0
052620,上証2X富邦97購02,0,0,0,0,0,0,0,0,0,0,0,0,0,20000,20000,0,0
052617,景碩國泰98購01  ,0,0,0,0,0,0,0,0,0,0,0,0,0,4000,4000,0,0
052634,華邦電凱基96購01,0,0,0,0,0,0,0,0,0,0,0,0,0,51000,51000,0,0
052642,滬深2X永豐96購03,0,0,0,0,0,0,0,0,0,0,0,0,0,9000,9000,0,0
1471,首利            ,1000,1000,0,0,0,0,0,0,0,0,0,0,0,0,0,0,0
06228P,亞德客凱基97售04,0,0,0,0,0,0,0,0,0,0,0,0,0,100000,100000,0,0
06230P,亞德客永豐97售03,0,0,0,0,0,0,0,0,0,0,0,0,0,140000,140000,0,0
06234P,亞德客元大97售02,0,0,0,0,0,0,0,0,0,0,0,0,0,50000,50000,0,0
06198P,台積電元大98售06,0,0,0,0,0,0,0,0,0,0,0,0,0,10000,10000,0,0
06213P,大立光元大98售07,0,0,0,0,0,0,0,0,0,0,0,0,0,11000,11000,0,0
1110,東泥            ,2000,2000,0,0,0,0,0,0,0,0,0,0,0,0,0,0,0
2032,新鋼            ,2000,2000,0,0,0,0,0,0,0,0,0,0,0,0,0,0,0
1598,岱宇            ,16000,21000,-5000,0,0,0,0,0,0,5000,6000,1000,5000,0,0,0,0
1603,華電            ,1000,1000,0,0,0,0,0,0,0,0,0,0,0,0,0,0,0
1516,川飛            ,1000,1000,0,0,0,0,0,0,0,0,0,0,0,0,0,0,0
1517,利奇            ,2000,0,2000,0,0,0,0,0,0,-2000,0,2000,-2000,0,0,0,0
1532,勤美            ,16000,16000,0,0,0,0,0,0,0,0,0,0,0,0,0,0,0
1724,台硝            ,1000,1000,0,0,0,0,0,0,0,0,0,0,0,0,0,0,0
06103P,漢唐凱基97售02  ,0,0,0,0,0,0,0,0,0,0,0,0,0,100000,100000,0,0
06149P,台積電元大97售18,0,0,0,0,0,0,0,0,0,0,0,0,0,61000,61000,0,0
06041P,全新永豐96售03  ,0,0,0,0,0,0,0,0,0,0,0,0,0,8000,8000,0,0
06023P,超眾國票96售03  ,0,0,0,0,0,0,0,0,0,0,0,0,0,20000,20000,0,0
05821P,臺股指凱基96售18,0,0,0,0,0,0,0,0,0,0,0,0,0,10000,10000,0,0
05872P,大立光凱基96售15,0,0,0,0,0,0,0,0,0,0,0,0,0,47000,47000,0,0
05853P,欣興群益96售05  ,0,0,0,0,0,0,0,0,0,0,0,0,0,11000,11000,0,0
05923P,旺宏元富96售05  ,0,0,0,0,0,0,0,0,0,0,0,0,0,13000,13000,0,0
05917P,宏達電元大96售02,0,0,0,0,0,0,0,0,0,0,0,0,0,33000,33000,0,0
2832,台產            ,3000,3000,0,0,0,0,0,0,0,0,0,0,0,0,0,0,0
2727,王品            ,9000,9000,0,0,0,0,0,0,0,0,0,0,0,0,0,0,0
3011,今皓            ,1000,1000,0,0,0,0,0,0,0,0,0,0,0,0,0,0,0
2460,建通            ,2000,1000,1000,0,0,0,0,0,0,-1000,0,1000,-1000,0,0,0,0
2480,敦陽科          ,21000,2000,19000,0,0,0,0,0,0,-19000,0,19000,-19000,0,0,0,0
2485,兆赫            ,167000,110000,57000,0,0,0,0,0,0,-57000,0,72000,-72000,15000,0,15000,0
2417,圓剛            ,2000,0,2000,0,0,0,0,0,0,-2000,0,2000,-2000,0,0,0,0
4557,永新-KY         ,1000,1000,0,0,0,0,0,0,0,0,0,0,0,0,0,0,0
4164,承業醫          ,35000,44000,-9000,0,0,0,0,0,0,9000,10000,1000,9000,0,0,0,0
3593,力銘            ,1000,1000,0,0,0,0,0,0,0,0,0,0,0,0,0,0,0
3694,海華            ,2000,2000,0,0,0,0,0,0,0,0,0,0,0,0,0,0,0
3501,維熹            ,1000,1000,0,0,0,0,0,0,0,0,0,0,0,0,0,0,0
3454,晶睿            ,9000,3000,6000,0,0,0,0,0,0,-6000,0,6000,-6000,0,0,0,0
3346,麗清            ,3000,3000,0,0,0,0,0,0,0,0,0,0,0,0,0,0,0
3051,力特            ,1000,1000,0,0,0,0,0,0,0,0,0,0,0,0,0,0,0
6442,光聖            ,1000,1000,0,0,0,0,0,0,0,0,0,0,0,0,0,0,0
6641,基士德-KY       ,2000,2000,0,0,0,0,0,0,0,0,0,0,0,0,0,0,0
6525,捷敏-KY         ,31000,32000,-1000,0,0,0,0,0,0,1000,1000,0,1000,0,0,0,0
2356,英業達          ,1806791,1529001,277790,0,0,0,0,29000,-29000,-249000,0,267000,-267000,19000,1000,18000,-210
05794P,華邦電群益96售04,0,0,0,0,0,0,0,0,0,-1000,0,0,0,0,1000,-1000,-1000
05770P,聯發科凱基96售16,0,0,0,0,0,0,0,0,0,-1000,0,0,0,0,1000,-1000,-1000
05649P,矽創國票97售03  ,0,0,0,0,0,0,0,0,0,-1000,0,0,0,18000,19000,-1000,-1000
055651,富邦金元富97購01,0,0,0,0,0,0,0,0,0,-1000,0,0,0,0,1000,-1000,-1000
055276,台積電元大97購20,0,0,0,0,0,0,0,0,0,-1000,0,0,0,96000,97000,-1000,-1000
055321,大立光國票98購02,0,0,0,0,0,0,0,0,0,-1000,0,0,0,0,1000,-1000,-1000
055513,旺宏亞東98購01  ,0,0,0,0,0,0,0,0,0,-1000,0,0,0,19000,20000,-1000,-1000
055608,華邦電康和97購01,0,0,0,0,0,0,0,0,0,-1000,0,0,0,0,1000,-1000,-1000
054716,緯穎康和97購01  ,0,0,0,0,0,0,0,0,0,-1000,0,0,0,0,1000,-1000,-1000
054667,神基元富97購01  ,0,0,0,0,0,0,0,0,0,-1000,0,0,0,0,1000,-1000,-1000
054755,世紀鋼凱基98購01,0,0,0,0,0,0,0,0,0,-1000,0,0,0,0,1000,-1000,-1000
054910,信錦凱基97購01  ,0,0,0,0,0,0,0,0,0,-1000,0,0,0,0,1000,-1000,-1000
05494P,華邦電統一95售02,0,0,0,0,0,0,0,0,0,-1000,0,0,0,0,1000,-1000,-1000
05503P,智邦日盛96售01  ,0,0,0,0,0,0,0,0,0,-1000,0,0,0,10000,11000,-1000,-1000
053776,台積電元大96購19,0,0,0,0,0,0,0,0,0,-1000,0,0,0,90000,91000,-1000,-1000
053795,群創亞東96購01  ,0,0,0,0,0,0,0,0,0,-1000,0,0,0,0,1000,-1000,-1000
053819,大立光群益96購04,0,0,0,0,0,0,0,0,0,-1000,0,0,0,0,1000,-1000,-1000
053707,A50正2凱基99購02,0,0,0,0,0,0,0,0,0,-1000,0,0,0,0,1000,-1000,-1000
053680,臺股指富邦96購01,0,0,0,0,0,0,0,0,0,-1000,0,0,0,0,1000,-1000,-1000
053675,臺股指元富96購02,0,0,0,0,0,0,0,0,0,-1000,0,0,0,25000,26000,-1000,-1000
05396P,台郡元大95售05  ,0,0,0,0,0,0,0,0,0,-1000,0,0,0,0,1000,-1000,-1000
053974,大立光元大96購10,0,0,0,0,0,0,0,0,0,-1000,0,0,0,4000,5000,-1000,-1000
053663,臺股指凱基96購24,0,0,0,0,0,0,0,0,0,-1000,0,0,0,0,1000,-1000,-1000
053647,臺股指國票96購10,0,0,0,0,0,0,0,0,0,-1000,0,0,0,0,1000,-1000,-1000
053592,亞光元大96購01  ,0,0,0,0,0,0,0,0,0,-1000,0,0,0,10000,11000,-1000,-1000
053620,臺股指群益96購06,0,0,0,0,0,0,0,0,0,-1000,0,0,0,0,1000,-1000,-1000
054372,南亞科中信96購01,0,0,0,0,0,0,0,0,0,-1000,0,0,0,0,1000,-1000,-1000
054342,亞光元富99購01  ,0,0,0,0,0,0,0,0,0,-1000,0,0,0,24000,25000,-1000,-1000
054336,台積電統一96購11,0,0,0,0,0,0,0,0,0,-1000,0,0,0,105000,106000,-1000,-1000
05447P,臺股指元大95售24,0,0,0,0,0,0,0,0,0,-1000,0,0,0,112000,113000,-1000,-1000
054565,玉晶光群益99購02,0,0,0,0,0,0,0,0,0,-1000,0,0,0,1000,2000,-1000,-1000
054554,大立光凱基98購02,0,0,0,0,0,0,0,0,0,-1000,0,0,0,0,1000,-1000,-1000
05455P,聯詠日盛95售01  ,0,0,0,0,0,0,0,0,0,-1000,0,0,0,0,1000,-1000,-1000
05460P,台郡凱基95售05  ,0,0,0,0,0,0,0,0,0,-1000,0,0,0,0,1000,-1000,-1000
054111,緯穎凱基97購01  ,0,0,0,0,0,0,0,0,0,-1000,0,0,0,5000,6000,-1000,-1000
054008,大立光元富96購06,0,0,0,0,0,0,0,0,0,-1000,0,0,0,475000,476000,-1000,-1000
054062,TPK國票96購02   ,0,0,0,0,0,0,0,0,0,-1000,0,0,0,0,1000,-1000,-1000
054223,大立光統一98購04,0,0,0,0,0,0,0,0,0,-1000,0,0,0,1000,2000,-1000,-1000
054304,台積電凱基96購23,0,0,0,0,0,0,0,0,0,-1000,0,0,0,0,1000,-1000,-1000
04535P,華新統一94售01  ,0,0,0,0,0,0,0,0,0,-1000,0,0,0,0,1000,-1000,-1000
045127,鴻海統一92購01  ,0,0,0,0,0,0,0,0,0,-1000,0,0,0,48000,49000,-1000,-1000
044569,華邦電凱基92購01,0,0,0,0,0,0,0,0,0,-1000,0,0,0,5000,6000,-1000,-1000
044556,健策永豐91購01  ,0,0,0,0,0,0,0,0,0,-1000,0,0,0,0,1000,-1000,-1000
046558,儒鴻凱基92購05  ,0,0,0,0,0,0,0,0,0,-1000,0,0,0,0,1000,-1000,-1000
046302,亞德客元大92購02,0,0,0,0,0,0,0,0,0,-1000,0,0,0,0,1000,-1000,-1000
04615P,華新科群益94售03,0,0,0,0,0,0,0,0,0,-1000,0,0,0,0,1000,-1000,-1000
046214,潤泰全統一92購01,0,0,0,0,0,0,0,0,0,-1000,0,0,0,0,1000,-1000,-1000
046638,台積電永豐93購01,0,0,0,0,0,0,0,0,0,-1000,0,0,0,0,1000,-1000,-1000
045712,寶齡凱基92購01  ,0,0,0,0,0,0,0,0,0,-1000,0,0,0,0,1000,-1000,-1000
04802P,國巨凱基94售07  ,0,0,0,0,0,0,0,0,0,-1000,0,0,0,0,1000,-1000,-1000
047249,欣興群益93購03  ,0,0,0,0,0,0,0,0,0,-1000,0,0,0,30000,31000,-1000,-1000
045819,台積電凱基92購14,0,0,0,0,0,0,0,0,0,-1000,0,0,0,0,1000,-1000,-1000
046761,淘帝凱基93購01  ,0,0,0,0,0,0,0,0,0,-1000,0,0,0,0,1000,-1000,-1000
045912,潤泰全國票92購01,0,0,0,0,0,0,0,0,0,-1000,0,0,0,0,1000,-1000,-1000
044612,創意兆豐93購01  ,0,0,0,0,0,0,0,0,0,-1000,0,0,0,0,1000,-1000,-1000
044671,台積電兆豐93購01,0,0,0,0,0,0,0,0,0,-1000,0,0,0,24000,25000,-1000,-1000
041454,國巨元富93購04  ,0,0,0,0,0,0,0,0,0,-1000,0,0,0,0,1000,-1000,-1000
04136P,智邦元大93售09  ,0,0,0,0,0,0,0,0,0,-1000,0,0,0,0,1000,-1000,-1000
042407,儒鴻元大91購03  ,0,0,0,0,0,0,0,0,0,-1000,0,0,0,0,1000,-1000,-1000
044357,貿聯元大92購02  ,0,0,0,0,0,0,0,0,0,-1000,0,0,0,0,1000,-1000,-1000
044488,亞德客元大91購05,0,0,0,0,0,0,0,0,0,-1000,0,0,0,0,1000,-1000,-1000
044165,聯發科元大92購04,0,0,0,0,0,0,0,0,0,-1000,0,0,0,0,1000,-1000,-1000
044002,聯發科兆豐91購02,0,0,0,0,0,0,0,0,0,-1000,0,0,0,0,1000,-1000,-1000
044051,儒鴻元大92購02  ,0,0,0,0,0,0,0,0,0,-1000,0,0,0,0,1000,-1000,-1000
04287P,A50正2中信96售01,0,0,0,0,0,0,0,0,0,-1000,0,0,0,0,1000,-1000,-1000
04283P,麗豐永豐93售03  ,0,0,0,0,0,0,0,0,0,-1000,0,0,0,0,1000,-1000,-1000
045436,友達統一93購02  ,0,0,0,0,0,0,0,0,0,-1000,0,0,0,1000,2000,-1000,-1000
045382,聯發科元大92購07,0,0,0,0,0,0,0,0,0,-1000,0,0,0,0,1000,-1000,-1000
045464,聯發科元大92購09,0,0,0,0,0,0,0,0,0,-1000,0,0,0,0,1000,-1000,-1000
046358,義隆台新92購01  ,0,0,0,0,0,0,0,0,0,-1000,0,0,0,0,1000,-1000,-1000
045439,A50正2元富92購01,0,0,0,0,0,0,0,0,0,-1000,0,0,0,0,1000,-1000,-1000
044948,大立光群益92購02,0,0,0,0,0,0,0,0,0,-1000,0,0,0,0,1000,-1000,-1000
044901,聯發科凱基93購01,0,0,0,0,0,0,0,0,0,-1000,0,0,0,0,1000,-1000,-1000
046380,神基凱基93購01  ,0,0,0,0,0,0,0,0,0,-1000,0,0,0,0,1000,-1000,-1000
04047P,華邦電元大94售03,0,0,0,0,0,0,0,0,0,-1000,0,0,0,15000,16000,-1000,-1000
03852P,華邦電凱基93售05,0,0,0,0,0,0,0,0,0,-1000,0,0,0,10000,11000,-1000,-1000
03781P,智邦凱基93售03  ,0,0,0,0,0,0,0,0,0,-1000,0,0,0,16000,17000,-1000,-1000
03793P,超眾永豐93售01  ,0,0,0,0,0,0,0,0,0,-1000,0,0,0,10000,11000,-1000,-1000
04349P,美律國票94售02  ,0,0,0,0,0,0,0,0,0,-1000,0,0,0,0,1000,-1000,-1000
043525,創意元大92購02  ,0,0,0,0,0,0,0,0,0,-1000,0,0,0,10000,11000,-1000,-1000
043285,聯發科元大92購01,0,0,0,0,0,0,0,0,0,-1000,0,0,0,0,1000,-1000,-1000
03368P,臺股指元大02售11,0,0,0,0,0,0,0,0,0,-1000,0,0,0,0,1000,-1000,-1000
03180P,台灣50元大01售39,0,0,0,0,0,0,0,0,0,-1000,0,0,0,10000,11000,-1000,-1000
03417P,瑞昱群益04售01  ,0,0,0,0,0,0,0,0,0,-1000,0,0,0,0,1000,-1000,-1000
03092P,臺股指元大01售21,0,0,0,0,0,0,0,0,0,-1000,0,0,0,0,1000,-1000,-1000
03033X,元展30          ,0,0,0,0,0,0,0,0,0,-1000,0,0,0,0,1000,-1000,-1000
04006P,滬深2X國票9B售01,0,0,0,0,0,0,0,0,0,-1000,0,0,0,2000,3000,-1000,-1000
03937P,聯詠元大93售08  ,0,0,0,0,0,0,0,0,0,-1000,0,0,0,0,1000,-1000,-1000
03959P,義隆元富96售01  ,0,0,0,0,0,0,0,0,0,-1000,0,0,0,22000,23000,-1000,-1000
00660,元大歐洲50      ,0,0,0,0,0,0,0,0,0,-1000,0,0,0,0,1000,-1000,-1000
0057,富邦摩台        ,0,0,0,0,0,0,0,0,0,-1000,0,0,0,20000,21000,-1000,-1000
00711B,FH彭博新興債    ,0,0,0,0,0,0,0,0,0,-1000,0,0,0,103000,104000,-1000,-1000
03005P,旭富群益01售05  ,0,0,0,0,0,0,0,0,0,-1000,0,0,0,0,1000,-1000,-1000
020002,元富新中國N     ,0,0,0,0,0,0,0,0,0,-1000,0,0,0,0,1000,-1000,-1000
047347,台積電凱基93購14,0,0,0,0,0,0,0,0,0,-1000,0,0,0,1000,2000,-1000,-1000
048838,牧德凱基94購07  ,0,0,0,0,0,0,0,0,0,-1000,0,0,0,0,1000,-1000,-1000
04808P,訊芯永豐94售02  ,0,0,0,0,0,0,0,0,0,-1000,0,0,0,0,1000,-1000,-1000
048097,聯詠凱基93購07  ,0,0,0,0,0,0,0,0,0,-1000,0,0,0,0,1000,-1000,-1000
048792,瑞儀元大94購01  ,0,0,0,0,0,0,0,0,0,-1000,0,0,0,0,1000,-1000,-1000
04881P,高股息凱基96售01,0,0,0,0,0,0,0,0,0,-1000,0,0,0,0,1000,-1000,-1000
048191,亞德客元大93購06,0,0,0,0,0,0,0,0,0,-1000,0,0,0,0,1000,-1000,-1000
04788P,台積電永昌96售05,0,0,0,0,0,0,0,0,0,-1000,0,0,0,0,1000,-1000,-1000
047792,美利達群益93購02,0,0,0,0,0,0,0,0,0,-1000,0,0,0,0,1000,-1000,-1000
048646,上緯控元大93購01,0,0,0,0,0,0,0,0,0,-1000,0,0,0,0,1000,-1000,-1000
048560,聯發科元大94購01,0,0,0,0,0,0,0,0,0,-1000,0,0,0,0,1000,-1000,-1000
048531,大立光國票93購05,0,0,0,0,0,0,0,0,0,-1000,0,0,0,0,1000,-1000,-1000
048488,大立光富邦93購05,0,0,0,0,0,0,0,0,0,-1000,0,0,0,0,1000,-1000,-1000
04846P,旺宏凱基94售07  ,0,0,0,0,0,0,0,0,0,-1000,0,0,0,0,1000,-1000,-1000
048203,矽力元大93購02  ,0,0,0,0,0,0,0,0,0,-1000,0,0,0,0,1000,-1000,-1000
048909,聯詠富邦94購01  ,0,0,0,0,0,0,0,0,0,-1000,0,0,0,0,1000,-1000,-1000
048984,上緯控元大94購01,0,0,0,0,0,0,0,0,0,-1000,0,0,0,0,1000,-1000,-1000
049164,滬深2X日盛94購01,0,0,0,0,0,0,0,0,0,-1000,0,0,0,0,1000,-1000,-1000
049140,台積電元大94購07,0,0,0,0,0,0,0,0,0,-1000,0,0,0,0,1000,-1000,-1000
048702,正文國票95購01  ,0,0,0,0,0,0,0,0,0,-1000,0,0,0,0,1000,-1000,-1000
048703,康控國票95購01  ,0,0,0,0,0,0,0,0,0,-1000,0,0,0,0,1000,-1000,-1000
049083,大立光凱基94購02,0,0,0,0,0,0,0,0,0,-1000,0,0,0,0,1000,-1000,-1000
048329,台積電永昌93購07,0,0,0,0,0,0,0,0,0,-1000,0,0,0,101000,102000,-1000,-1000
048389,國巨國票94購01  ,0,0,0,0,0,0,0,0,0,-1000,0,0,0,0,1000,-1000,-1000
046928,奇鋐富邦97購01  ,0,0,0,0,0,0,0,0,0,-1000,0,0,0,0,1000,-1000,-1000
047652,滬深2X兆豐94購03,0,0,0,0,0,0,0,0,0,-1000,0,0,0,99000,100000,-1000,-1000
047640,聯發科元大93購17,0,0,0,0,0,0,0,0,0,-1000,0,0,0,89000,90000,-1000,-1000
047642,宏達電元大93購08,0,0,0,0,0,0,0,0,0,-1000,0,0,0,0,1000,-1000,-1000
049396,元油2X群益97購03,0,0,0,0,0,0,0,0,0,-1000,0,0,0,0,1000,-1000,-1000
049629,臺股指群益94購02,0,0,0,0,0,0,0,0,0,-1000,0,0,0,4000,5000,-1000,-1000
049612,香港反中信96購01,0,0,0,0,0,0,0,0,0,-1000,0,0,0,0,1000,-1000,-1000
049796,國巨元大94購10  ,0,0,0,0,0,0,0,0,0,-1000,0,0,0,6000,7000,-1000,-1000
049738,神基群益94購01  ,0,0,0,0,0,0,0,0,0,-1000,0,0,0,0,1000,-1000,-1000
047083,大立光永豐93購01,0,0,0,0,0,0,0,0,0,-1000,0,0,0,1000,2000,-1000,-1000
04696P,亞德客國泰95售02,0,0,0,0,0,0,0,0,0,-1000,0,0,0,150000,151000,-1000,-1000
050104,元石油元大97購02,0,0,0,0,0,0,0,0,0,-1000,0,0,0,0,1000,-1000,-1000
05010P,台郡元富95售01  ,0,0,0,0,0,0,0,0,0,-1000,0,0,0,0,1000,-1000,-1000
050046,矽力兆豐94購01  ,0,0,0,0,0,0,0,0,0,-1000,0,0,0,0,1000,-1000,-1000
050407,聯詠台新94購02  ,0,0,0,0,0,0,0,0,0,-1000,0,0,0,0,1000,-1000,-1000
050345,創意元富94購02  ,0,0,0,0,0,0,0,0,0,-1000,0,0,0,0,1000,-1000,-1000
052364,全新國票95購02  ,0,0,0,0,0,0,0,0,0,-1000,0,0,0,19000,20000,-1000,-1000
05220P,台積電元大95售16,0,0,0,0,0,0,0,0,0,-1000,0,0,0,0,1000,-1000,-1000
05231P,GIS群益95售03   ,0,0,0,0,0,0,0,0,0,-1000,0,0,0,10000,11000,-1000,-1000
052055,緯穎凱基95購03  ,0,0,0,0,0,0,0,0,0,-1000,0,0,0,30000,31000,-1000,-1000
05305P,華新科國泰97售01,0,0,0,0,0,0,0,0,0,-1000,0,0,0,0,1000,-1000,-1000
053259,卜蜂群益97購01  ,0,0,0,0,0,0,0,0,0,-1000,0,0,0,0,1000,-1000,-1000
053010,鴻海統一96購11  ,0,0,0,0,0,0,0,0,0,-1000,0,0,0,1000,2000,-1000,-1000
053042,大立光凱基97購03,0,0,0,0,0,0,0,0,0,-1000,0,0,0,0,1000,-1000,-1000
053027,玉晶光富邦98購01,0,0,0,0,0,0,0,0,0,-1000,0,0,0,0,1000,-1000,-1000
052973,冠德群益96購01  ,0,0,0,0,0,0,0,0,0,-1000,0,0,0,80000,81000,-1000,-1000
052960,中環凱基96購01  ,0,0,0,0,0,0,0,0,0,-1000,0,0,0,0,1000,-1000,-1000
050953,臻鼎群益95購01  ,0,0,0,0,0,0,0,0,0,-1000,0,0,0,0,1000,-1000,-1000
05117P,瑞昱群益95售02  ,0,0,0,0,0,0,0,0,0,-1000,0,0,0,0,1000,-1000,-1000
051054,正崴群益95購01  ,0,0,0,0,0,0,0,0,0,-1000,0,0,0,14000,15000,-1000,-1000
051095,貿聯元大95購03  ,0,0,0,0,0,0,0,0,0,-1000,0,0,0,0,1000,-1000,-1000
050630,大立光亞東96購01,0,0,0,0,0,0,0,0,0,-1000,0,0,0,1000,2000,-1000,-1000
050652,大立光凱基96購03,0,0,0,0,0,0,0,0,0,-1000,0,0,0,0,1000,-1000,-1000
050672,上証2X富邦97購01,0,0,0,0,0,0,0,0,0,-1000,0,0,0,0,1000,-1000,-1000
050748,道瓊銀統一94購04,0,0,0,0,0,0,0,0,0,-1000,0,0,0,0,1000,-1000,-1000
050814,微星凱基95購01  ,0,0,0,0,0,0,0,0,0,-1000,0,0,0,30000,31000,-1000,-1000
050936,國巨國票95購04  ,0,0,0,0,0,0,0,0,0,-1000,0,0,0,16000,17000,-1000,-1000
051352,南亞科元大95購02,0,0,0,0,0,0,0,0,0,-1000,0,0,0,11000,12000,-1000,-1000
051381,玉晶光群益98購01,0,0,0,0,0,0,0,0,0,-1000,0,0,0,0,1000,-1000,-1000
051377,鴻海群益95購07  ,0,0,0,0,0,0,0,0,0,-1000,0,0,0,4000,5000,-1000,-1000
051246,美律元大96購01  ,0,0,0,0,0,0,0,0,0,-1000,0,0,0,23000,24000,-1000,-1000
051537,牧德國票96購01  ,0,0,0,0,0,0,0,0,0,-1000,0,0,0,0,1000,-1000,-1000
051717,祥碩康和95購01  ,0,0,0,0,0,0,0,0,0,-1000,0,0,0,0,1000,-1000,-1000
051683,A50正2凱基97購01,0,0,0,0,0,0,0,0,0,-1000,0,0,0,0,1000,-1000,-1000
051781,緯穎群益96購01  ,0,0,0,0,0,0,0,0,0,-1000,0,0,0,39000,40000,-1000,-1000
051876,宏達電國票96購01,0,0,0,0,0,0,0,0,0,-1000,0,0,0,5000,6000,-1000,-1000
051979,群創凱基97購01  ,0,0,0,0,0,0,0,0,0,-1000,0,0,0,1000,2000,-1000,-1000
05192P,玉晶光台新96售02,0,0,0,0,0,0,0,0,0,-1000,0,0,0,17000,18000,-1000,-1000
2414,精技            ,0,1000,-1000,0,0,0,0,0,0,0,0,0,0,0,0,0,-1000
2425,承啟            ,83000,83000,0,0,0,0,0,0,0,-1000,0,1000,-1000,0,0,0,-1000
2514,龍邦            ,2000,3000,-1000,0,0,0,0,0,0,0,0,0,0,0,0,0,-1000
3054,立萬利          ,0,1000,-1000,0,0,0,0,0,0,0,0,0,0,0,0,0,-1000
2613,中櫃            ,0,1000,-1000,0,0,0,0,0,0,0,0,0,0,0,0,0,-1000
3296,勝德            ,0,1000,-1000,0,0,0,0,0,0,0,0,0,0,0,0,0,-1000
3494,誠研            ,0,1000,-1000,0,0,0,0,0,0,0,0,0,0,0,0,0,-1000
3712,永崴投控        ,5000,4000,1000,0,0,0,0,0,0,-2000,0,2000,-2000,0,0,0,-1000
4545,銘鈺            ,4000,5000,-1000,0,0,0,0,0,0,0,0,0,0,0,0,0,-1000
4572,駐龍            ,0,1000,-1000,0,0,0,0,0,0,0,0,0,0,0,0,0,-1000
4737,華廣            ,15000,15000,0,0,0,0,0,0,0,-1000,0,1000,-1000,0,0,0,-1000
4930,燦星網          ,0,1000,-1000,0,0,0,0,0,0,0,0,0,0,0,0,0,-1000
4999,鑫禾            ,4000,0,4000,0,0,0,0,0,0,-5000,0,5000,-5000,0,0,0,-1000
05929P,宏達電康和96售01,0,0,0,0,0,0,0,0,0,-1000,0,0,0,0,1000,-1000,-1000
05977P,旺宏永豐96售06  ,0,0,0,0,0,0,0,0,0,-1000,0,0,0,13000,14000,-1000,-1000
05842P,台積電元大96售15,0,0,0,0,0,0,0,0,0,-1000,0,0,0,51000,52000,-1000,-1000
05882P,華新科永豐96售01,0,0,0,0,0,0,0,0,0,-1000,0,0,0,0,1000,-1000,-1000
06015P,大立光富邦98售04,0,0,0,0,0,0,0,0,0,-1000,0,0,0,15000,16000,-1000,-1000
06058P,玉晶光凱基97售04,0,0,0,0,0,0,0,0,0,-1000,0,0,0,2000,3000,-1000,-1000
06080P,景碩群益98售02  ,0,0,0,0,0,0,0,0,0,-1000,0,0,0,10000,11000,-1000,-1000
06075P,智邦凱基97售02  ,0,0,0,0,0,0,0,0,0,-1000,0,0,0,0,1000,-1000,-1000
1528,恩德            ,1000,2000,-1000,0,0,0,0,0,0,0,0,0,0,0,0,0,-1000
2030,彰源            ,3000,4000,-1000,0,0,0,0,0,0,0,0,0,0,0,0,0,-1000
2013,中鋼構          ,8000,9000,-1000,0,0,0,0,0,0,0,0,0,0,0,0,0,-1000
2017,官田鋼          ,0,1000,-1000,0,0,0,0,0,0,0,0,0,0,0,0,0,-1000
2024,志聯            ,0,1000,-1000,0,0,0,0,0,0,0,0,0,0,0,0,0,-1000
2002A,中鋼特          ,0,0,0,0,0,0,0,0,0,-1000,0,1000,-1000,0,0,0,-1000
08801P,聯發科元大01售13,0,0,0,0,0,0,0,0,0,-1000,0,0,0,0,1000,-1000,-1000
1454,台富            ,0,1000,-1000,0,0,0,0,0,0,0,0,0,0,0,0,0,-1000
1438,裕豐            ,0,1000,-1000,0,0,0,0,0,0,0,0,0,0,0,0,0,-1000
9930,中聯資源        ,1000,2000,-1000,0,0,0,0,0,0,0,0,0,0,0,0,0,-1000
9941A,裕融甲特        ,0,0,0,0,0,0,0,0,0,-1000,1000,2000,-1000,0,0,0,-1000
9908,大台北          ,1000,2000,-1000,0,0,0,0,0,0,0,0,0,0,0,0,0,-1000
9902,台火            ,12000,12000,0,0,0,0,0,0,0,-1000,0,1000,-1000,0,0,0,-1000
054035,聯詠麥證96購01  ,0,0,0,12000,14000,-2000,0,0,0,-2000,0,0,0,12000,14000,-2000,-2000
054051,貿聯元大97購03  ,0,0,0,0,0,0,0,0,0,-2000,0,0,0,39000,41000,-2000,-2000
054160,華泰凱基98購01  ,0,0,0,0,0,0,0,0,0,-2000,0,0,0,0,2000,-2000,-2000
054537,南亞科亞東97購01,0,0,0,0,0,0,0,0,0,-2000,0,0,0,0,2000,-2000,-2000
054513,元金2X元大96購01,0,0,0,0,0,0,0,0,0,-2000,0,0,0,0,2000,-2000,-2000
054464,奇力新凱基98購02,0,0,0,0,0,0,0,0,0,-2000,0,0,0,270000,272000,-2000,-2000
053489,上銀兆豐97購01  ,0,0,0,0,0,0,0,0,0,-2000,0,0,0,16000,18000,-2000,-2000
053889,致茂群益97購01  ,0,0,0,0,0,0,0,0,0,-2000,0,0,0,64000,66000,-2000,-2000
053883,大立光中信98購02,0,0,0,0,0,0,0,0,0,-2000,0,0,0,0,2000,-2000,-2000
053906,宏達電凱基96購02,0,0,0,0,0,0,0,0,0,-2000,0,0,0,0,2000,-2000,-2000
053755,亞光元富96購01  ,0,0,0,0,0,0,0,0,0,-2000,0,0,0,2000,4000,-2000,-2000
05505P,聯發科凱基96售09,0,0,0,0,0,0,0,0,0,-2000,0,0,0,0,2000,-2000,-2000
055016,群電元富97購01  ,0,0,0,0,0,0,0,0,0,-2000,0,0,0,0,2000,-2000,-2000
055019,福懋科元富97購01,0,0,0,0,0,0,0,0,0,-2000,0,0,0,0,2000,-2000,-2000
054912,群光凱基97購01  ,0,0,0,0,0,0,0,0,0,-2000,0,0,0,3000,5000,-2000,-2000
055346,國巨凱基98購02  ,0,0,0,0,0,0,0,0,0,-2000,0,0,0,11000,13000,-2000,-2000
055629,華新科永豐97購04,0,0,0,0,0,0,0,0,0,-2000,0,0,0,0,2000,-2000,-2000
055692,緯穎凱基97購03  ,0,0,0,0,0,0,0,0,0,-2000,0,0,0,0,2000,-2000,-2000
055695,大毅國票98購03  ,0,0,0,0,0,0,0,0,0,-2000,0,0,0,0,2000,-2000,-2000
055678,上銀凱基97購02  ,0,0,0,0,0,0,0,0,0,-2000,0,0,0,0,2000,-2000,-2000
05732P,臺股指統一96售02,0,0,0,0,0,0,0,0,0,-2000,0,0,0,0,2000,-2000,-2000
05711P,茂林國票97售03  ,0,0,0,0,0,0,0,0,0,-2000,0,0,0,0,2000,-2000,-2000
03064X,元展59          ,0,0,0,0,0,0,0,0,0,-2000,0,0,0,0,2000,-2000,-2000
03383P,聯電凱基02售04  ,0,0,0,0,0,0,0,0,0,-2000,0,0,0,0,2000,-2000,-2000
043381,大立光元大93購02,0,0,0,0,0,0,0,0,0,-2000,0,0,0,0,2000,-2000,-2000
04320P,亞德客元大93售07,0,0,0,0,0,0,0,0,0,-2000,0,0,0,0,2000,-2000,-2000
03628C,臺股指元大93牛02,0,0,0,0,0,0,0,0,0,-2000,0,0,0,0,2000,-2000,-2000
03612C,臺股指元大95牛01,0,0,0,0,0,0,0,0,0,-2000,0,0,0,0,2000,-2000,-2000
041210,群創元富93購01  ,0,0,0,0,0,0,0,0,0,-2000,0,0,0,37000,39000,-2000,-2000
046416,聯詠元大92購05  ,0,0,0,0,0,0,0,0,0,-2000,0,0,0,0,2000,-2000,-2000
044987,宏達電統一94購01,0,0,0,0,0,0,0,0,0,-2000,0,0,0,0,2000,-2000,-2000
045371,元石油元大95購01,0,0,0,0,0,0,0,0,0,-2000,0,0,0,0,2000,-2000,-2000
042793,台積電台新9C購01,0,0,0,0,0,0,0,0,0,-2000,0,0,0,1000,3000,-2000,-2000
043962,亞泥國泰92購01  ,0,0,0,0,0,0,0,0,0,-2000,0,0,0,15000,17000,-2000,-2000
044127,義隆凱基91購04  ,0,0,0,0,0,0,0,0,0,-2000,0,0,0,0,2000,-2000,-2000
04223P,友達統一93售05  ,0,0,0,0,0,0,0,0,0,-2000,0,0,0,128000,130000,-2000,-2000
047287,貿聯統一95購01  ,0,0,0,0,0,0,0,0,0,-2000,0,0,0,16000,18000,-2000,-2000
049903,大立光元富94購06,0,0,0,0,0,0,0,0,0,-2000,0,0,0,45000,47000,-2000,-2000
046042,台勝科元大92購03,0,0,0,0,0,0,0,0,0,-2000,0,0,0,100000,102000,-2000,-2000
046310,聯發科元大92購15,0,0,0,0,0,0,0,0,0,-2000,0,0,0,1000,3000,-2000,-2000
044541,景碩群益91購01  ,0,0,0,0,0,0,0,0,0,-2000,0,0,0,0,2000,-2000,-2000
045644,祥碩凱基92購01  ,0,0,0,0,0,0,0,0,0,-2000,0,0,0,0,2000,-2000,-2000
04513P,元石油中信94售01,0,0,0,0,0,0,0,0,0,-2000,0,0,0,0,2000,-2000,-2000
045082,聯詠元大92購01  ,0,0,0,0,0,0,0,0,0,-2000,0,0,0,0,2000,-2000,-2000
045499,技嘉凱基92購02  ,0,0,0,0,0,0,0,0,0,-2000,0,0,0,8000,10000,-2000,-2000
045248,儒鴻凱基92購01  ,0,0,0,0,0,0,0,0,0,-2000,0,0,0,0,2000,-2000,-2000
050507,聯詠凱基94購06  ,0,0,0,0,0,0,0,0,0,-2000,0,0,0,0,2000,-2000,-2000
05041P,大立光凱基95售09,0,0,0,0,0,0,0,0,0,-2000,0,0,0,71000,73000,-2000,-2000
050511,元油2X元大94購11,0,0,0,0,0,0,0,0,0,-2000,0,0,0,0,2000,-2000,-2000
050556,道瓊銀統一95購01,0,0,0,0,0,0,0,0,0,-2000,0,0,0,0,2000,-2000,-2000
050210,華新科國票94購08,0,0,0,0,0,0,0,0,0,-2000,0,0,0,0,2000,-2000,-2000
050211,貿聯國票95購01  ,0,0,0,0,0,0,0,0,0,-2000,0,0,0,0,2000,-2000,-2000
04695P,正崴康和94售01  ,0,0,0,0,0,0,0,0,0,-2000,0,0,0,0,2000,-2000,-2000
047036,台光電群益93購02,0,0,0,0,0,0,0,0,0,-2000,0,0,0,0,2000,-2000,-2000
047025,可成元大93購05  ,0,0,0,0,0,0,0,0,0,-2000,0,0,0,0,2000,-2000,-2000
049662,燿華永豐95購02  ,0,0,0,0,0,0,0,0,0,-2000,0,0,0,0,2000,-2000,-2000
049615,香港2X群益98購01,0,0,0,0,0,0,0,0,0,-2000,0,0,0,0,2000,-2000,-2000
047614,台郡群益93購02  ,0,0,0,0,0,0,0,0,0,-2000,0,0,0,48000,50000,-2000,-2000
047566,華新科國票94購02,0,0,0,0,0,0,0,0,0,-2000,0,0,0,0,2000,-2000,-2000
046896,臻鼎群益94購01  ,0,0,0,0,0,0,0,0,0,-2000,0,0,0,111000,113000,-2000,-2000
048394,正崴國票94購01  ,0,0,0,0,0,0,0,0,0,-2000,0,0,0,22000,24000,-2000,-2000
048404,大立光群益93購11,0,0,0,0,0,0,0,0,0,-2000,0,0,0,0,2000,-2000,-2000
04959P,可成凱基94售14  ,0,0,0,0,0,0,0,0,0,-2000,0,0,0,25000,27000,-2000,-2000
048239,嘉澤國票93購01  ,0,0,0,0,0,0,0,0,0,-2000,0,0,0,0,2000,-2000,-2000
048247,聯發科兆豐93購03,0,0,0,0,0,0,0,0,0,-2000,0,0,0,0,2000,-2000,-2000
048525,華通國票94購02  ,0,0,0,0,0,0,0,0,0,-2000,0,0,0,0,2000,-2000,-2000
048651,美利達元大96購05,0,0,0,0,0,0,0,0,0,-2000,0,0,0,100000,102000,-2000,-2000
047488,臺股指凱基93購04,0,0,0,0,0,0,0,0,0,-2000,0,0,0,1000,3000,-2000,-2000
047457,旺宏群益95購01  ,0,0,0,0,0,0,0,0,0,-2000,0,0,0,18000,20000,-2000,-2000
047766,聯發科元大93購19,0,0,0,0,0,0,0,0,0,-2000,0,0,0,135000,137000,-2000,-2000
047828,華新元大93購03  ,0,0,0,0,0,0,0,0,0,-2000,0,0,0,0,2000,-2000,-2000
048004,康控元大93購05  ,0,0,0,0,0,0,0,0,0,-2000,0,0,0,0,2000,-2000,-2000
049530,上銀台新94購01  ,0,0,0,0,0,0,0,0,0,-2000,0,0,0,0,2000,-2000,-2000
048778,聯茂凱基94購04  ,0,0,0,0,0,0,0,0,0,-2000,0,0,0,0,2000,-2000,-2000
047352,和鑫凱基94購02  ,0,0,0,0,0,0,0,0,0,-2000,0,0,0,68000,70000,-2000,-2000
051952,聯發科元富95購03,0,0,0,0,0,0,0,0,0,-2000,0,0,0,0,2000,-2000,-2000
05164P,南亞科元富95售04,0,0,0,0,0,0,0,0,0,-2000,0,0,0,49000,51000,-2000,-2000
051573,鴻海元大95購15  ,0,0,0,0,0,0,0,0,0,-2000,0,0,0,0,2000,-2000,-2000
051633,可成國票96購03  ,0,0,0,0,0,0,0,0,0,-2000,0,0,0,10000,12000,-2000,-2000
051476,聯發科凱基95購09,0,0,0,0,0,0,0,0,0,-2000,0,0,0,19000,21000,-2000,-2000
051305,訊連凱基96購01  ,0,0,0,0,0,0,0,0,0,-2000,0,0,0,0,2000,-2000,-2000
051307,康舒凱基95購01  ,0,0,0,0,0,0,0,0,0,-2000,0,0,0,65000,67000,-2000,-2000
051267,美律富邦96購01  ,0,0,0,0,0,0,0,0,0,-2000,0,0,0,0,2000,-2000,-2000
051317,亞德客國票96購01,0,0,0,0,0,0,0,0,0,-2000,0,0,0,70000,72000,-2000,-2000
050919,台積電凱基95購03,0,0,0,0,0,0,0,0,0,-2000,0,0,0,0,2000,-2000,-2000
050899,旭富元大95購01  ,0,0,0,0,0,0,0,0,0,-2000,0,0,0,0,2000,-2000,-2000
050645,台積電凱基94購39,0,0,0,0,0,0,0,0,0,-2000,0,0,0,0,2000,-2000,-2000
050566,高股息中信97購02,0,0,0,0,0,0,0,0,0,-2000,0,0,0,14000,16000,-2000,-2000
051091,聯發科元大95購07,0,0,0,0,0,0,0,0,0,-2000,0,0,0,0,2000,-2000,-2000
051019,大立光凱基95購08,0,0,0,0,0,0,0,0,0,-2000,0,0,0,0,2000,-2000,-2000
051026,健策統一96購01  ,0,0,0,0,0,0,0,0,0,-2000,0,0,0,3000,5000,-2000,-2000
052969,建準群益97購01  ,0,0,0,0,0,0,0,0,0,-2000,0,0,0,0,2000,-2000,-2000
052744,聯詠元大97購01  ,0,0,0,0,0,0,0,0,0,-2000,0,0,0,0,2000,-2000,-2000
052718,新唐凱基96購01  ,0,0,0,0,0,0,0,0,0,-2000,0,0,0,0,2000,-2000,-2000
05321P,鴻海凱基95售17  ,0,0,0,0,0,0,0,0,0,-2000,0,0,0,0,2000,-2000,-2000
053223,台郡凱基96購02  ,0,0,0,0,0,0,0,0,0,-2000,0,0,0,1000,3000,-2000,-2000
053319,可成群益96購04  ,0,0,0,0,0,0,0,0,0,-2000,0,0,0,0,2000,-2000,-2000
053312,緯穎凱基96購02  ,0,0,0,0,0,0,0,0,0,-2000,0,0,0,4000,6000,-2000,-2000
052252,大立光永豐95購03,0,0,0,0,0,0,0,0,0,-2000,0,0,0,0,2000,-2000,-2000
052481,利勤群益95購01  ,0,0,0,0,0,0,0,0,0,-2000,0,0,0,0,2000,-2000,-2000
8261,富鼎            ,14000,15000,-1000,0,0,0,0,0,0,-1000,0,1000,-1000,0,0,0,-2000
8442,威宏-KY         ,2000,4000,-2000,0,0,0,0,0,0,0,0,0,0,0,0,0,-2000
1473,台南            ,12000,14000,-2000,0,0,0,0,0,0,0,0,0,0,0,0,0,-2000
1506,正道            ,0,2000,-2000,0,0,0,0,0,0,0,0,0,0,0,0,0,-2000
1337,再生-KY         ,0,2000,-2000,0,0,0,0,0,0,0,0,0,0,0,0,0,-2000
06246P,茂林元富97售03  ,0,0,0,0,0,0,0,0,0,-2000,0,0,0,0,2000,-2000,-2000
1906,寶隆            ,0,2000,-2000,0,0,0,0,0,0,0,0,0,0,0,0,0,-2000
06057P,大立光凱基98售01,0,0,0,0,0,0,0,0,0,-2000,0,0,0,22000,24000,-2000,-2000
06054P,臺股指中信9A售01,0,0,0,0,0,0,0,0,0,-2000,0,0,0,1000,3000,-2000,-2000
06093P,華通元富97售03  ,0,0,0,0,0,0,0,0,0,-2000,0,0,0,0,2000,-2000,-2000
05970P,超眾永豐96售03  ,0,0,0,0,0,0,0,0,0,-2000,0,0,0,10000,12000,-2000,-2000
05962P,大立光群益96售07,0,0,0,0,0,0,0,0,0,-2000,0,0,0,0,2000,-2000,-2000
5234,達興材料        ,29000,24000,5000,0,0,0,0,0,0,-7000,0,7000,-7000,0,0,0,-2000
4560,強信-KY         ,69000,71000,-2000,0,0,0,0,0,0,0,0,0,0,0,0,0,-2000
4526,東台            ,0,2000,-2000,0,0,0,0,0,0,0,0,0,0,0,0,0,-2000
4133,亞諾法          ,0,2000,-2000,0,0,0,0,0,0,0,0,0,0,0,0,0,-2000
5538,東明-KY         ,0,0,0,0,0,0,0,2000,-2000,0,0,0,0,0,0,0,-2000
6215,和椿            ,0,2000,-2000,0,0,0,0,0,0,0,0,0,0,0,0,0,-2000
6164,華興            ,0,2000,-2000,0,0,0,0,0,0,0,0,0,0,0,0,0,-2000
2488,漢平            ,2000,3000,-1000,0,0,0,0,0,0,-1000,0,1000,-1000,0,0,0,-2000
2462,良得電          ,3000,5000,-2000,0,0,0,0,0,0,0,0,0,0,0,0,0,-2000
2431,聯昌            ,2000,4000,-2000,0,0,0,0,0,0,0,0,0,0,0,0,0,-2000
2358,廷鑫            ,5000,8000,-3000,0,0,0,0,0,0,1000,1000,0,1000,0,0,0,-2000
055688,力成凱基98購02  ,0,0,0,0,0,0,0,0,0,-3000,0,0,0,0,3000,-3000,-3000
055674,南港康和97購02  ,0,0,0,0,0,0,0,0,0,-3000,0,0,0,0,3000,-3000,-3000
05665P,台積電凱基96售08,0,0,0,0,0,0,0,0,0,-3000,0,0,0,12000,15000,-3000,-3000
055421,玉晶光永豐98購04,0,0,0,0,0,0,0,0,0,-3000,0,0,0,12000,15000,-3000,-3000
055597,禾伸堂元大98購02,0,0,0,0,0,0,0,0,0,-3000,0,0,0,0,3000,-3000,-3000
055550,華邦電凱基97購03,0,0,0,0,0,0,0,0,0,-3000,0,0,0,16000,19000,-3000,-3000
055537,康友群益97購03  ,0,0,0,0,0,0,0,0,0,-3000,0,0,0,8000,11000,-3000,-3000
055472,大立光凱基97購07,0,0,0,0,0,0,0,0,0,-3000,0,0,0,17000,20000,-3000,-3000
054644,A50正2群益9B購01,0,0,0,0,0,0,0,0,0,-3000,0,0,0,0,3000,-3000,-3000
05517P,臻鼎元大96售01  ,0,0,0,0,0,0,0,0,0,-3000,0,0,0,1000,4000,-3000,-3000
053612,T50反1群益96購01,0,0,0,0,0,0,0,0,0,-3000,0,0,0,0,3000,-3000,-3000
054580,樺漢元大98購01  ,0,0,0,0,0,0,0,0,0,-3000,0,0,0,279000,282000,-3000,-3000
05405P,大立光群益95售04,0,0,0,0,0,0,0,0,0,-3000,0,0,0,0,3000,-3000,-3000
054073,群創富邦96購03  ,0,0,0,0,0,0,0,0,0,-3000,0,0,0,7000,10000,-3000,-3000
054272,華通中信98購01  ,0,0,0,0,0,0,0,0,0,-3000,0,0,0,2000,5000,-3000,-3000
054216,聯茂國票97購03  ,0,0,0,0,0,0,0,0,0,-3000,0,0,0,0,3000,-3000,-3000
045254,台積電凱基92購05,0,0,0,0,0,0,0,0,0,-3000,0,0,0,0,3000,-3000,-3000
045352,亞光凱基92購03  ,0,0,0,0,0,0,0,0,0,-3000,0,0,0,0,3000,-3000,-3000
046482,超眾元富92購03  ,0,0,0,0,0,0,0,0,0,-3000,0,0,0,18000,21000,-3000,-3000
045572,元油2X元大98購01,0,0,0,0,0,0,0,0,0,-3000,0,0,0,0,3000,-3000,-3000
046178,聯發科日盛92購01,0,0,0,0,0,0,0,0,0,-3000,0,0,0,6000,9000,-3000,-3000
046058,訊芯群益92購01  ,0,0,0,0,0,0,0,0,0,-3000,0,0,0,0,3000,-3000,-3000
047242,上銀群益93購04  ,0,0,0,0,0,0,0,0,0,-3000,0,0,0,165000,168000,-3000,-3000
047313,華新科元大93購08,0,0,0,0,0,0,0,0,0,-3000,0,0,0,0,3000,-3000,-3000
046720,元油2X元大95購08,0,0,0,0,0,0,0,0,0,-3000,0,0,0,0,3000,-3000,-3000
04591P,上銀元大94售01  ,0,0,0,0,0,0,0,0,0,-3000,0,0,0,7000,10000,-3000,-3000
04590P,元石油元大97售01,0,0,0,0,0,0,0,0,0,-3000,0,0,0,0,3000,-3000,-3000
042480,創意元大91購02  ,0,0,0,0,0,0,0,0,0,-3000,0,0,0,0,3000,-3000,-3000
042501,台灣50凱基96購06,0,0,0,0,0,0,0,0,0,-3000,0,0,0,0,3000,-3000,-3000
042927,道瓊反中信94購01,0,0,0,0,0,0,0,0,0,-3000,0,0,0,2000,5000,-3000,-3000
04165P,南亞科元富95售03,0,0,0,0,0,0,0,0,0,-3000,0,0,0,10000,13000,-3000,-3000
04162P,南亞科統一94售02,0,0,0,0,0,0,0,0,0,-3000,0,0,0,74000,77000,-3000,-3000
044375,亞光兆豐92購01  ,0,0,0,0,0,0,0,0,0,-3000,0,0,0,7000,10000,-3000,-3000
044382,嘉聯益群益94購01,0,0,0,0,0,0,0,0,0,-3000,0,0,0,0,3000,-3000,-3000
045374,鴻海元大92購07  ,0,0,0,0,0,0,0,0,0,-3000,0,0,0,0,3000,-3000,-3000
04541P,智易永豐94售03  ,0,0,0,0,0,0,0,0,0,-3000,0,0,0,0,3000,-3000,-3000
044927,聯詠國泰94購01  ,0,0,0,0,0,0,0,0,0,-3000,0,0,0,0,3000,-3000,-3000
046385,群創凱基98購03  ,0,0,0,0,0,0,0,0,0,-3000,0,0,0,0,3000,-3000,-3000
046454,微星凱基92購04  ,0,0,0,0,0,0,0,0,0,-3000,0,0,0,0,3000,-3000,-3000
03644C,臺股指元大94牛28,0,0,0,0,0,0,0,0,0,-3000,0,0,0,0,3000,-3000,-3000
044303,群創兆豐92購01  ,0,0,0,0,0,0,0,0,0,-3000,0,0,0,0,3000,-3000,-3000
043647,台積電國票92購01,0,0,0,0,0,0,0,0,0,-3000,0,0,0,19000,22000,-3000,-3000
03437P,道瓊銀凱基05售03,0,0,0,0,0,0,0,0,0,-3000,0,0,0,0,3000,-3000,-3000
03052X,元展49          ,0,0,0,0,0,0,0,0,0,-3000,0,0,0,0,3000,-3000,-3000
048134,祥碩國票93購02  ,0,0,0,0,0,0,0,0,0,-3000,0,0,0,0,3000,-3000,-3000
048153,台積電兆豐94購01,0,0,0,0,0,0,0,0,0,-3000,0,0,0,12000,15000,-3000,-3000
048775,智伸科凱基94購01,0,0,0,0,0,0,0,0,0,-3000,0,0,0,42000,45000,-3000,-3000
048762,寶齡凱基94購01  ,0,0,0,0,0,0,0,0,0,-3000,0,0,0,10000,13000,-3000,-3000
049519,新光金國票95購03,0,0,0,0,0,0,0,0,0,-3000,0,0,0,0,3000,-3000,-3000
049517,台光電國票94購02,0,0,0,0,0,0,0,0,0,-3000,0,0,0,15000,18000,-3000,-3000
047850,彩晶統一94購01  ,0,0,0,0,0,0,0,0,0,-3000,0,0,0,0,3000,-3000,-3000
047208,智易國泰94購01  ,0,0,0,0,0,0,0,0,0,-3000,0,0,0,0,3000,-3000,-3000
047783,聯茂國泰94購02  ,0,0,0,0,0,0,0,0,0,-3000,0,0,0,0,3000,-3000,-3000
048571,美利達元大96購03,0,0,0,0,0,0,0,0,0,-3000,0,0,0,100000,103000,-3000,-3000
048998,玉晶光國票95購03,0,0,0,0,0,0,0,0,0,-3000,0,0,0,8000,11000,-3000,-3000
048387,台達電國票94購01,0,0,0,0,0,0,0,0,0,-3000,0,0,0,9000,12000,-3000,-3000
048364,臺股指永豐93購04,0,0,0,0,0,0,0,0,0,-3000,0,0,0,0,3000,-3000,-3000
047540,技嘉麥證93購01  ,0,0,0,0,3000,-3000,0,0,0,-3000,0,0,0,0,3000,-3000,-3000
046881,智原富邦99購01  ,0,0,0,0,0,0,0,0,0,-3000,0,0,0,26000,29000,-3000,-3000
049326,聯發科元富94購01,0,0,0,0,0,0,0,0,0,-3000,0,0,0,13000,16000,-3000,-3000
049671,上証2X富邦95購01,0,0,0,0,0,0,0,0,0,-3000,0,0,0,0,3000,-3000,-3000
049672,臺股指富邦94購01,0,0,0,0,0,0,0,0,0,-3000,0,0,0,0,3000,-3000,-3000
047112,聯發科元大93購11,0,0,0,0,0,0,0,0,0,-3000,0,0,0,0,3000,-3000,-3000
050296,亞光凱基94購03  ,0,0,0,0,0,0,0,0,0,-3000,0,0,0,10000,13000,-3000,-3000
050342,華通元富94購02  ,0,0,0,0,0,0,0,0,0,-3000,0,0,0,52000,55000,-3000,-3000
052551,台積電國票97購03,0,0,0,0,0,0,0,0,0,-3000,0,0,0,0,3000,-3000,-3000
052603,鴻海元大96購15  ,0,0,0,0,0,0,0,0,0,-3000,0,0,0,24000,27000,-3000,-3000
052320,緯創元大95購05  ,0,0,0,0,0,0,0,0,0,-3000,0,0,0,36000,39000,-3000,-3000
052045,瑞昱凱基96購01  ,0,0,0,0,0,0,0,0,0,-3000,0,0,0,10000,13000,-3000,-3000
052792,大立光兆豐96購01,0,0,0,0,0,0,0,0,0,-3000,0,0,0,0,3000,-3000,-3000
05124P,華新科富邦97售02,0,0,0,0,0,0,0,0,0,-3000,0,0,0,23000,26000,-3000,-3000
051718,上証2X永豐95購01,0,0,0,0,0,0,0,0,0,-3000,0,0,0,15000,18000,-3000,-3000
2365,昆盈            ,4000,6000,-2000,0,0,0,0,0,0,-1000,0,1000,-1000,0,0,0,-3000
2466,冠西電          ,1000,4000,-3000,0,0,0,0,0,0,0,0,0,0,0,0,0,-3000
2527,宏璟            ,4000,7000,-3000,0,0,0,0,0,0,0,0,0,0,0,0,0,-3000
2607,榮運            ,38000,41000,-3000,0,0,0,0,0,0,0,0,0,0,0,0,0,-3000
3046,建碁            ,1000,4000,-3000,0,0,0,0,0,0,0,0,0,0,0,0,0,-3000
3040,遠見            ,0,3000,-3000,0,0,0,0,0,0,0,0,0,0,0,0,0,-3000
6197,佳必琪          ,16000,19000,-3000,0,0,0,0,0,0,0,1000,1000,0,0,0,0,-3000
4439,冠星-KY         ,5000,8000,-3000,0,0,0,0,0,0,0,0,0,0,0,0,0,-3000
05969P,台積電台新96售04,0,0,0,0,0,0,0,0,0,-3000,0,0,0,0,3000,-3000,-3000
05867P,友達兆豐97售02  ,0,0,0,0,0,0,0,0,0,-3000,0,0,0,218000,221000,-3000,-3000
2236,百達-KY         ,0,3000,-3000,0,0,0,0,0,0,0,0,0,0,0,0,0,-3000
1773,勝一            ,6000,9000,-3000,0,0,0,0,0,0,0,0,0,0,0,0,0,-3000
1472,三洋紡          ,0,3000,-3000,0,0,0,0,0,0,0,0,0,0,0,0,0,-3000
1444,力麗            ,47000,50000,-3000,0,0,0,0,0,0,0,0,0,0,0,0,0,-3000
8478,東哥遊艇        ,2000,5000,-3000,0,0,0,0,0,0,0,0,0,0,0,0,0,-3000
6409,旭隼            ,35000,32050,2950,0,0,0,0,0,0,-6000,0,6000,-6000,0,0,0,-3050
054136,亞光元大96購04  ,0,0,0,0,0,0,0,0,0,-4000,0,0,0,2000,6000,-4000,-4000
054608,致茂永豐97購01  ,0,0,0,0,0,0,0,0,0,-4000,0,0,0,87000,91000,-4000,-4000
054495,滬深2X永豐97購02,0,0,0,0,0,0,0,0,0,-4000,0,0,0,1000,5000,-4000,-4000
054363,世芯凱基97購01  ,0,0,0,0,0,0,0,0,0,-4000,0,0,0,2000,6000,-4000,-4000
055189,台虹統一97購01  ,0,0,0,0,0,0,0,0,0,-4000,0,0,0,44000,48000,-4000,-4000
055020,上証2X國泰98購01,0,0,0,0,0,0,0,0,0,-4000,0,0,0,0,4000,-4000,-4000
055103,南港凱基97購01  ,0,0,0,0,0,0,0,0,0,-4000,0,0,0,8000,12000,-4000,-4000
054661,嘉聯益元大97購03,0,0,0,0,0,0,0,0,0,-4000,0,0,0,12000,16000,-4000,-4000
055486,國巨元大98購06  ,0,0,0,0,0,0,0,0,0,-4000,0,0,0,41000,45000,-4000,-4000
05552P,聯詠群益96售01  ,0,0,0,0,0,0,0,0,0,-4000,0,0,0,39000,43000,-4000,-4000
055527,旺宏群益99購03  ,0,0,0,0,0,0,0,0,0,-4000,0,0,0,16000,20000,-4000,-4000
055612,台光電國票97購04,0,0,0,0,0,0,0,0,0,-4000,0,0,0,0,4000,-4000,-4000
055284,全新元大99購01  ,0,0,0,0,0,0,0,0,0,-4000,0,0,0,0,4000,-4000,-4000
05592P,可成群益96售03  ,0,0,0,0,0,0,0,0,0,-4000,0,0,0,6000,10000,-4000,-4000
055653,聯詠元富01購02  ,0,0,0,0,0,0,0,0,0,-4000,0,0,0,0,4000,-4000,-4000
05796P,臺股指群益96售10,0,0,0,0,0,0,0,0,0,-4000,0,0,0,0,4000,-4000,-4000
043323,緯穎統一92購01  ,0,0,0,0,0,0,0,0,0,-4000,0,0,0,0,4000,-4000,-4000
03645C,臺股指凱基96牛27,0,0,0,0,0,0,0,0,0,-4000,0,0,0,0,4000,-4000,-4000
03619C,臺股指元大95牛02,0,0,0,0,0,0,0,0,0,-4000,0,0,0,0,4000,-4000,-4000
04015P,可成元大93售10  ,0,0,0,0,0,0,0,0,0,-4000,0,0,0,0,4000,-4000,-4000
04061P,臺股指群益93售15,0,0,0,0,0,0,0,0,0,-4000,0,0,0,281000,285000,-4000,-4000
042904,金寶元大94購02  ,0,0,0,0,0,0,0,0,0,-4000,0,0,0,10000,14000,-4000,-4000
044430,上銀元大92購03  ,0,0,0,0,0,0,0,0,0,-4000,0,0,0,3000,7000,-4000,-4000
041921,台灣50凱基93購04,0,0,0,0,0,0,0,0,0,-4000,0,0,0,0,4000,-4000,-4000
049929,祥碩元大94購03  ,0,0,0,0,0,0,0,0,0,-4000,0,0,0,0,4000,-4000,-4000
049837,臺股指凱基96購02,0,0,0,0,0,0,0,0,0,-4000,0,0,0,0,4000,-4000,-4000
045994,康控富邦94購01  ,0,0,0,0,0,0,0,0,0,-4000,0,0,0,0,4000,-4000,-4000
046016,緯穎元富92購04  ,0,0,0,0,0,0,0,0,0,-4000,0,0,0,30000,34000,-4000,-4000
046007,緯穎統一92購02  ,0,0,0,0,0,0,0,0,0,-4000,0,0,0,0,4000,-4000,-4000
045688,祥碩元大92購01  ,0,0,0,0,0,0,0,0,0,-4000,0,0,0,0,4000,-4000,-4000
046565,康控凱基92購02  ,0,0,0,0,0,0,0,0,0,-4000,0,0,0,0,4000,-4000,-4000
045522,滬深2X永豐94購01,0,0,0,0,0,0,0,0,0,-4000,0,0,0,206000,210000,-4000,-4000
04703P,樺漢統一95售01  ,0,0,0,0,0,0,0,0,0,-4000,0,0,0,0,4000,-4000,-4000
046946,益航元大94購01  ,0,0,0,0,0,0,0,0,0,-4000,0,0,0,0,4000,-4000,-4000
049717,微星凱基94購01  ,0,0,0,0,0,0,0,0,0,-4000,0,0,0,10000,14000,-4000,-4000
04977P,力成凱基96售01  ,0,0,0,0,0,0,0,0,0,-4000,0,0,0,0,4000,-4000,-4000
046914,友達台新96購01  ,0,0,0,0,0,0,0,0,0,-4000,0,0,0,2000,6000,-4000,-4000
047565,美律國票93購02  ,0,0,0,0,0,0,0,0,0,-4000,0,0,0,1000,5000,-4000,-4000
047581,康控台新93購01  ,0,0,0,0,0,0,0,0,0,-4000,0,0,0,0,4000,-4000,-4000
048291,台積電群益93購09,0,0,0,0,0,0,0,0,0,-4000,0,0,0,40000,44000,-4000,-4000
048705,GIS國票95購01   ,0,0,0,0,0,0,0,0,0,-4000,0,0,0,50000,54000,-4000,-4000
049206,大立光群益94購04,0,0,0,0,0,0,0,0,0,-4000,0,0,0,0,4000,-4000,-4000
048589,國巨兆豐96購01  ,0,0,0,0,0,0,0,0,0,-4000,0,0,0,0,4000,-4000,-4000
048867,台積電兆豐95購01,0,0,0,0,0,0,0,0,0,-4000,0,0,0,0,4000,-4000,-4000
047434,台積電元大93購21,0,0,0,0,0,0,0,0,0,-4000,0,0,0,10000,14000,-4000,-4000
047916,台積電凱基93購22,0,0,0,0,0,0,0,0,0,-4000,0,0,0,0,4000,-4000,-4000
047971,南亞科富邦95購01,0,0,0,0,0,0,0,0,0,-4000,0,0,0,0,4000,-4000,-4000
048821,光磊凱基95購01  ,0,0,0,0,0,0,0,0,0,-4000,0,0,0,10000,14000,-4000,-4000
051664,鴻海元大96購07  ,0,0,0,0,0,0,0,0,0,-4000,0,0,0,0,4000,-4000,-4000
051483,玉晶光凱基96購02,0,0,0,0,0,0,0,0,0,-4000,0,0,0,3000,7000,-4000,-4000
051083,A50正2元大98購01,0,0,0,0,0,0,0,0,0,-4000,0,0,0,3000,7000,-4000,-4000
051104,鈺齊元大96購01  ,0,0,0,0,0,0,0,0,0,-4000,0,0,0,199000,203000,-4000,-4000
05111P,台積電統一95售04,0,0,0,0,0,0,0,0,0,-4000,0,0,0,0,4000,-4000,-4000
05118P,超眾元大96售04  ,0,0,0,0,0,0,0,0,0,-4000,0,0,0,8000,12000,-4000,-4000
050706,柏文凱基94購01  ,0,0,0,0,0,0,0,0,0,-4000,0,0,0,0,4000,-4000,-4000
050923,南亞科凱基95購03,0,0,0,0,0,0,0,0,0,-4000,0,0,0,16000,20000,-4000,-4000
052693,微星中信96購01  ,0,0,0,0,0,0,0,0,0,-4000,0,0,0,6000,10000,-4000,-4000
052858,華通凱基97購02  ,0,0,0,0,0,0,0,0,0,-4000,0,0,0,0,4000,-4000,-4000
053292,美律中信98購01  ,0,0,0,0,0,0,0,0,0,-4000,0,0,0,0,4000,-4000,-4000
053127,貿聯凱基97購01  ,0,0,0,0,0,0,0,0,0,-4000,0,0,0,11000,15000,-4000,-4000
052046,漢唐凱基96購01  ,0,0,0,0,0,0,0,0,0,-4000,0,0,0,1000,5000,-4000,-4000
052223,聯電凱基96購02  ,0,0,0,0,0,0,0,0,0,-4000,0,0,0,101000,105000,-4000,-4000
052639,康控凱基96購02  ,0,0,0,0,0,0,0,0,0,-4000,0,0,0,0,4000,-4000,-4000
052397,燿華凱基96購02  ,0,0,0,0,0,0,0,0,0,-4000,0,0,0,8000,12000,-4000,-4000
052384,臺股指元大95購30,0,0,0,0,0,0,0,0,0,-4000,0,0,0,0,4000,-4000,-4000
6431,光麗-KY         ,0,4000,-4000,0,0,0,0,0,0,0,0,0,0,0,0,0,-4000
8103,瀚荃            ,2000,0,2000,0,0,0,0,0,0,-6000,0,6000,-6000,0,0,0,-4000
4722,國精化          ,0,4000,-4000,0,0,0,0,0,0,0,0,0,0,0,0,0,-4000
3130,一零四          ,93000,97000,-4000,0,0,0,0,0,0,0,0,0,0,0,0,0,-4000
3021,鴻名            ,0,4000,-4000,0,0,0,0,0,0,0,0,0,0,0,0,0,-4000
1440,南紡            ,24000,28000,-4000,0,0,0,0,0,0,0,0,0,0,0,0,0,-4000
06203P,奇力新中信98售02,0,0,0,0,0,0,0,0,0,-4000,0,0,0,16000,20000,-4000,-4000
08859P,奇鋐國票03售01  ,0,0,0,0,0,0,0,0,0,-4000,0,0,0,0,4000,-4000,-4000
1726,永記            ,5000,9000,-4000,0,0,0,0,0,0,0,0,0,0,0,0,0,-4000
2302,麗正            ,1000,5000,-4000,0,0,0,0,0,0,0,0,0,0,0,0,0,-4000
06141P,大立光日盛97售01,0,0,0,0,0,0,0,0,0,-4000,0,0,0,0,4000,-4000,-4000
06020P,燿華元富96售04  ,0,0,0,0,0,0,0,0,0,-4000,0,0,0,0,4000,-4000,-4000
055664,和大群益98購02  ,0,0,0,0,0,0,0,0,0,-5000,0,0,0,0,5000,-5000,-5000
055729,金寶元富99購01  ,0,0,0,0,0,0,0,0,0,-5000,0,0,0,0,5000,-5000,-5000
055546,台積電凱基97購12,0,0,0,0,0,0,0,0,0,-5000,0,0,0,0,5000,-5000,-5000
055482,聚陽元大97購02  ,0,0,0,0,0,0,0,0,0,-5000,0,0,0,0,5000,-5000,-5000
055470,南亞科凱基97購01,0,0,0,0,0,0,0,0,0,-5000,0,0,0,0,5000,-5000,-5000
055467,國巨凱基97購05  ,0,0,0,0,0,0,0,0,0,-5000,0,0,0,51000,56000,-5000,-5000
055452,台積電元富97購03,0,0,0,0,0,0,0,0,0,-5000,0,0,0,0,5000,-5000,-5000
054778,世紀鋼國票99購01,0,0,0,0,0,0,0,0,0,-5000,0,0,0,0,5000,-5000,-5000
054956,宏盛元大97購01  ,0,0,0,0,0,0,0,0,0,-5000,0,0,0,15000,20000,-5000,-5000
055091,微星群益97購01  ,0,0,0,0,0,0,0,0,0,-5000,0,0,0,4000,9000,-5000,-5000
05435P,鴻海群益95售12  ,0,0,0,0,0,0,0,0,0,-5000,0,0,0,0,5000,-5000,-5000
054466,欣興凱基97購03  ,0,0,0,0,0,0,0,0,0,-5000,0,0,0,4000,9000,-5000,-5000
054517,高鐵元大96購01  ,0,0,0,0,0,0,0,0,0,-5000,0,0,0,0,5000,-5000,-5000
054551,聯發科凱基98購02,0,0,0,0,0,0,0,0,0,-5000,0,0,0,169000,174000,-5000,-5000
054166,日電貿凱基98購01,0,0,0,0,0,0,0,0,0,-5000,0,0,0,0,5000,-5000,-5000
053626,台積電兆豐96購03,0,0,0,0,0,0,0,0,0,-5000,0,0,0,120000,125000,-5000,-5000
053658,亞光凱基96購01  ,0,0,0,0,0,0,0,0,0,-5000,0,0,0,5000,10000,-5000,-5000
053520,康友群益96購01  ,0,0,0,0,0,0,0,0,0,-5000,0,0,0,7000,12000,-5000,-5000
053529,國巨麥證96購01  ,0,0,0,0,8000,-8000,0,0,0,-5000,0,0,0,3000,8000,-5000,-5000
053540,健策永豐96購01  ,0,0,0,0,0,0,0,0,0,-5000,0,0,0,0,5000,-5000,-5000
053370,上証2X元大97購03,0,0,0,0,0,0,0,0,0,-5000,0,0,0,0,5000,-5000,-5000
053714,南亞科凱基96購03,0,0,0,0,0,0,0,0,0,-5000,0,0,0,0,5000,-5000,-5000
053814,美律群益97購02  ,0,0,0,0,0,0,0,0,0,-5000,0,0,0,75000,80000,-5000,-5000
046515,嘉澤元大92購04  ,0,0,0,0,0,0,0,0,0,-5000,0,0,0,0,5000,-5000,-5000
045598,上証2X中信94購02,0,0,0,0,0,0,0,0,0,-5000,0,0,0,0,5000,-5000,-5000
046537,聯發科群益93購02,0,0,0,0,0,0,0,0,0,-5000,0,0,0,0,5000,-5000,-5000
045311,GIS元大94購01   ,0,0,0,0,0,0,0,0,0,-5000,0,0,0,5000,10000,-5000,-5000
045236,元油2X國票92購05,0,0,0,0,0,0,0,0,0,-5000,0,0,0,0,5000,-5000,-5000
04509P,臺股指元大94售04,0,0,0,0,0,0,0,0,0,-5000,0,0,0,0,5000,-5000,-5000
045188,大立光元富92購01,0,0,0,0,0,0,0,0,0,-5000,0,0,0,0,5000,-5000,-5000
046640,揚明光永豐93購01,0,0,0,0,0,0,0,0,0,-5000,0,0,0,0,5000,-5000,-5000
046324,健策元大92購05  ,0,0,0,0,0,0,0,0,0,-5000,0,0,0,0,5000,-5000,-5000
048048,大立光永豐93購03,0,0,0,0,0,0,0,0,0,-5000,0,0,0,98000,103000,-5000,-5000
046806,瀚宇博元大93購03,0,0,0,0,0,0,0,0,0,-5000,0,0,0,7000,12000,-5000,-5000
04578P,微星富邦96售01  ,0,0,0,0,0,0,0,0,0,-5000,0,0,0,0,5000,-5000,-5000
046695,瑞昱凱基93購03  ,0,0,0,0,0,0,0,0,0,-5000,0,0,0,35000,40000,-5000,-5000
042069,T50正2富邦93購01,0,0,0,0,0,0,0,0,0,-5000,0,0,0,0,5000,-5000,-5000
044517,新日興凱基91購01,0,0,0,0,0,0,0,0,0,-5000,0,0,0,10000,15000,-5000,-5000
042281,元油2X富邦96購02,0,0,0,0,0,0,0,0,0,-5000,0,0,0,0,5000,-5000,-5000
044356,創意元大92購04  ,0,0,0,0,0,0,0,0,0,-5000,0,0,0,0,5000,-5000,-5000
046378,聯發科凱基92購04,0,0,0,0,0,0,0,0,0,-5000,0,0,0,6000,11000,-5000,-5000
04046P,台積電元大93售24,0,0,0,0,0,0,0,0,0,-5000,0,0,0,0,5000,-5000,-5000
04018P,亞光永豐93售01  ,0,0,0,0,0,0,0,0,0,-5000,0,0,0,0,5000,-5000,-5000
03646C,臺股指元大95牛32,0,0,0,0,0,0,0,0,0,-5000,0,0,0,0,5000,-5000,-5000
043281,漢唐元大92購02  ,0,0,0,0,0,0,0,0,0,-5000,0,0,0,19000,24000,-5000,-5000
04326P,泰鼎元大93售06  ,0,0,0,0,0,0,0,0,0,-5000,0,0,0,0,5000,-5000,-5000
04391P,玉晶光凱基95售03,0,0,0,0,0,0,0,0,0,-5000,0,0,0,5000,10000,-5000,-5000
03199P,台積電統一01售16,0,0,0,0,0,0,0,0,0,-5000,0,0,0,20000,25000,-5000,-5000
048852,旺宏群益96購02  ,0,0,0,0,0,0,0,0,0,-5000,0,0,0,0,5000,-5000,-5000
047403,香港2X統一93購01,0,0,0,0,0,0,0,0,0,-5000,0,0,0,0,5000,-5000,-5000
048111,奇力新群益93購06,0,0,0,0,0,0,0,0,0,-5000,0,0,0,16000,21000,-5000,-5000
04872P,高股息中信94售01,0,0,0,0,0,0,0,0,0,-5000,0,0,0,0,5000,-5000,-5000
047878,日股2X中信95購01,0,0,0,0,0,0,0,0,0,-5000,0,0,0,0,5000,-5000,-5000
047827,東陽元大93購01  ,0,0,0,0,0,0,0,0,0,-5000,0,0,0,0,5000,-5000,-5000
047448,啟碁元大93購06  ,0,0,0,0,0,0,0,0,0,-5000,0,0,0,0,5000,-5000,-5000
047814,宏達電凱基93購02,0,0,0,0,0,0,0,0,0,-5000,0,0,0,5000,10000,-5000,-5000
047205,GIS元富93購03   ,0,0,0,0,0,0,0,0,0,-5000,0,0,0,0,5000,-5000,-5000
047235,嘉澤凱基93購01  ,0,0,0,0,0,0,0,0,0,-5000,0,0,0,92000,97000,-5000,-5000
047727,拓凱群益94購01  ,0,0,0,0,0,0,0,0,0,-5000,0,0,0,0,5000,-5000,-5000
048884,川湖元富94購01  ,0,0,0,0,0,0,0,0,0,-5000,0,0,0,0,5000,-5000,-5000
048453,嘉澤凱基93購05  ,0,0,0,0,0,0,0,0,0,-5000,0,0,0,51000,56000,-5000,-5000
049001,川湖中信94購01  ,0,0,0,0,0,0,0,0,0,-5000,0,0,0,0,5000,-5000,-5000
04901P,臺股指麥證94售02,0,0,0,0,5000,-5000,0,0,0,-5000,0,0,0,0,5000,-5000,-5000
048292,微星群益93購01  ,0,0,0,0,0,0,0,0,0,-5000,0,0,0,0,5000,-5000,-5000
049084,欣興凱基94購03  ,0,0,0,0,0,0,0,0,0,-5000,0,0,0,2000,7000,-5000,-5000
048382,T50反1國票96購01,0,0,0,0,0,0,0,0,0,-5000,0,0,0,0,5000,-5000,-5000
047599,大立光統一93購08,0,0,0,0,0,0,0,0,0,-5000,0,0,0,15000,20000,-5000,-5000
047585,微星永豐93購01  ,0,0,0,0,0,0,0,0,0,-5000,0,0,0,0,5000,-5000,-5000
04762P,聯詠凱基94售03  ,0,0,0,0,0,0,0,0,0,-5000,0,0,0,0,5000,-5000,-5000
049807,新光金元大96購02,0,0,0,0,0,0,0,0,0,-5000,0,0,0,24000,29000,-5000,-5000
049367,全新元大96購01  ,0,0,0,0,0,0,0,0,0,-5000,0,0,0,50000,55000,-5000,-5000
049413,台達電凱基94購06,0,0,0,0,0,0,0,0,0,-5000,0,0,0,15000,20000,-5000,-5000
047033,日月光中信95購01,0,0,0,0,0,0,0,0,0,-5000,0,0,0,3000,8000,-5000,-5000
047142,中磊兆豐93購02  ,0,0,0,0,0,0,0,0,0,-5000,0,0,0,0,5000,-5000,-5000
047146,智邦群益93購01  ,0,0,0,0,0,0,0,0,0,-5000,0,0,0,104000,109000,-5000,-5000
050364,卜蜂元大94購02  ,0,0,0,0,0,0,0,0,0,-5000,0,0,0,0,5000,-5000,-5000
05020P,廣達中信95售01  ,0,0,0,0,0,0,0,0,0,-5000,0,0,0,0,5000,-5000,-5000
052433,滬深2X國泰96購02,0,0,0,0,0,0,0,0,0,-5000,0,0,0,0,5000,-5000,-5000
052542,友達元富98購01  ,0,0,0,0,0,0,0,0,0,-5000,0,0,0,0,5000,-5000,-5000
052536,聯茂國泰97購01  ,0,0,0,0,0,0,0,0,0,-5000,0,0,0,0,5000,-5000,-5000
052059,臺股指凱基95購17,0,0,0,0,0,0,0,0,0,-5000,0,0,0,1000,6000,-5000,-5000
052038,國巨永昌96購01  ,0,0,0,0,0,0,0,0,0,-5000,0,0,0,0,5000,-5000,-5000
053126,健策凱基97購02  ,0,0,0,0,0,0,0,0,0,-5000,0,0,0,5000,10000,-5000,-5000
053213,建準凱基96購02  ,0,0,0,0,0,0,0,0,0,-5000,0,0,0,0,5000,-5000,-5000
053214,冠德凱基96購02  ,0,0,0,0,0,0,0,0,0,-5000,0,0,0,40000,45000,-5000,-5000
053264,南亞科群益96購01,0,0,0,0,0,0,0,0,0,-5000,0,0,0,11000,16000,-5000,-5000
052828,滬深2X群益9A購02,0,0,0,0,0,0,0,0,0,-5000,0,0,0,0,5000,-5000,-5000
052790,智邦兆豐97購01  ,0,0,0,0,0,0,0,0,0,-5000,0,0,0,157000,162000,-5000,-5000
052802,華新科元大97購02,0,0,0,0,0,0,0,0,0,-5000,0,0,0,0,5000,-5000,-5000
050917,瀚宇博兆豐96購01,0,0,0,0,0,0,0,0,0,-5000,0,0,0,0,5000,-5000,-5000
050812,台積電凱基95購01,0,0,0,0,0,0,0,0,0,-5000,0,0,0,0,5000,-5000,-5000
050819,宏達電凱基95購01,0,0,0,0,0,0,0,0,0,-5000,0,0,0,0,5000,-5000,-5000
050561,上証2X元富97購01,0,0,0,0,0,0,0,0,0,-5000,0,0,0,0,5000,-5000,-5000
051142,臺股指永豐95購02,0,0,0,0,0,0,0,0,0,-5000,0,0,0,0,5000,-5000,-5000
050998,訊連元大95購01  ,0,0,0,0,0,0,0,0,0,-5000,0,0,0,88000,93000,-5000,-5000
051487,健策凱基96購03  ,0,0,0,0,0,0,0,0,0,-5000,0,0,0,15000,20000,-5000,-5000
051422,超眾國票96購01  ,0,0,0,0,0,0,0,0,0,-5000,0,0,0,0,5000,-5000,-5000
051248,華固元大95購01  ,0,0,0,0,0,0,0,0,0,-5000,0,0,0,5000,10000,-5000,-5000
051661,華新科永昌96購01,0,0,0,0,0,0,0,0,0,-5000,0,0,0,0,5000,-5000,-5000
051705,富邦金群益97購01,0,0,0,0,0,0,0,0,0,-5000,0,0,0,0,5000,-5000,-5000
051978,泰碩凱基96購01  ,0,0,0,0,0,0,0,0,0,-5000,0,0,0,0,5000,-5000,-5000
051834,南電元大96購02  ,0,0,0,0,0,0,0,0,0,-5000,0,0,0,2000,7000,-5000,-5000
051790,貿聯國票95購03  ,0,0,0,0,0,0,0,0,0,-5000,0,0,0,10000,15000,-5000,-5000
05880P,創意康和96售01  ,0,0,0,0,0,0,0,0,0,-5000,0,0,0,0,5000,-5000,-5000
05873P,華通群益97售02  ,0,0,0,0,0,0,0,0,0,-5000,0,0,0,0,5000,-5000,-5000
05874P,台積電群益96售10,0,0,0,0,0,0,0,0,0,-5000,0,0,0,105000,110000,-5000,-5000
2305,全友            ,1000,6000,-5000,0,0,0,0,0,0,0,0,0,0,0,0,0,-5000
1805,寶徠            ,0,5000,-5000,0,0,0,0,0,0,0,0,0,0,0,0,0,-5000
06243P,亞光元富97售01  ,0,0,0,0,0,0,0,0,0,-5000,0,0,0,0,5000,-5000,-5000
3060,銘異            ,10000,7000,3000,0,0,0,0,0,0,-8000,0,8000,-8000,0,0,0,-5000
3149,正達            ,1000,5000,-4000,0,0,0,0,0,0,-1000,0,1000,-1000,0,0,0,-5000
6277,宏正            ,4000,2000,2000,0,0,0,0,0,0,-7000,0,7000,-7000,0,0,0,-5000
8466,美吉吉-KY       ,0,5000,-5000,0,0,0,0,0,0,0,0,0,0,0,0,0,-5000
053745,康友國票97購01  ,0,0,0,0,0,0,0,0,0,-6000,0,0,0,22000,28000,-6000,-6000
053897,台郡群益96購01  ,0,0,0,0,0,0,0,0,0,-6000,0,0,0,5000,11000,-6000,-6000
053337,聯電國票97購01  ,0,0,0,0,0,0,0,0,0,-6000,0,0,0,6000,12000,-6000,-6000
05410P,聯發科元富95售04,0,0,0,0,0,0,0,0,0,-6000,0,0,0,0,6000,-6000,-6000
05443P,宏達電元大95售05,0,0,0,0,0,0,0,0,0,-6000,0,0,0,0,6000,-6000,-6000
055233,康友國票98購01  ,0,0,0,0,0,0,0,0,0,-6000,0,0,0,29000,35000,-6000,-6000
054809,大成鋼元大97購01,0,0,0,0,0,0,0,0,0,-6000,0,0,0,34000,40000,-6000,-6000
05480P,滬深2X凱基96售05,0,0,0,0,0,0,0,0,0,-6000,0,0,0,16000,22000,-6000,-6000
055538,鴻海日盛97購04  ,0,0,0,0,0,0,0,0,0,-6000,0,0,0,0,6000,-6000,-6000
055748,GIS元富97購01   ,0,0,0,0,0,0,0,0,0,-6000,0,0,0,0,6000,-6000,-6000
03419B,臺股指元富99熊03,0,0,0,0,0,0,0,0,0,-6000,0,0,0,0,6000,-6000,-6000
03560P,台積電兆豐03售10,0,0,0,0,0,0,0,0,0,-6000,0,0,0,0,6000,-6000,-6000
03090X,元展84          ,0,0,0,0,0,0,0,0,0,-6000,0,0,0,1000,7000,-6000,-6000
043758,創意元大92購03  ,0,0,0,0,0,0,0,0,0,-6000,0,0,0,0,6000,-6000,-6000
043753,聯發科元大92購02,0,0,0,0,0,0,0,0,0,-6000,0,0,0,20000,26000,-6000,-6000
043973,元金2X元大94購02,0,0,0,0,0,0,0,0,0,-6000,0,0,0,5000,11000,-6000,-6000
042556,台灣50中信96購04,0,0,0,0,0,0,0,0,0,-6000,0,0,0,0,6000,-6000,-6000
04132P,瑞昱群益93售04  ,0,0,0,0,0,0,0,0,0,-6000,0,0,0,5000,11000,-6000,-6000
042137,元油2X元大93購01,0,0,0,0,0,0,0,0,0,-6000,0,0,0,0,6000,-6000,-6000
044784,華邦電中信96購01,0,0,0,0,0,0,0,0,0,-6000,0,0,0,9000,15000,-6000,-6000
046653,鴻海元大93購05  ,0,0,0,0,0,0,0,0,0,-6000,0,0,0,10000,16000,-6000,-6000
046629,群創統一98購01  ,0,0,0,0,0,0,0,0,0,-6000,0,0,0,6000,12000,-6000,-6000
045231,南電元大94購01  ,0,0,0,0,0,0,0,0,0,-6000,0,0,0,0,6000,-6000,-6000
050436,大立光凱基94購18,0,0,0,0,0,0,0,0,0,-6000,0,0,0,0,6000,-6000,-6000
046935,義隆元富93購01  ,0,0,0,0,0,0,0,0,0,-6000,0,0,0,150000,156000,-6000,-6000
046878,康友國泰94購01  ,0,0,0,0,0,0,0,0,0,-6000,0,0,0,24000,30000,-6000,-6000
049042,玉晶光兆豐95購01,0,0,0,0,0,0,0,0,0,-6000,0,0,0,4000,10000,-6000,-6000
048218,上銀凱基93購07  ,0,0,0,0,0,0,0,0,0,-6000,0,0,0,0,6000,-6000,-6000
048920,川湖永豐94購01  ,0,0,0,0,0,0,0,0,0,-6000,0,0,0,0,6000,-6000,-6000
047498,力成康和93購01  ,0,0,0,0,0,0,0,0,0,-6000,0,0,0,120000,126000,-6000,-6000
04781P,欣興凱基94售06  ,0,0,0,0,0,0,0,0,0,-6000,0,0,0,0,6000,-6000,-6000
047958,矽創永豐93購02  ,0,0,0,0,0,0,0,0,0,-6000,0,0,0,0,6000,-6000,-6000
048113,欣興群益93購08  ,0,0,0,0,0,0,0,0,0,-6000,0,0,0,2000,8000,-6000,-6000
051741,可成國票97購01  ,0,0,0,0,0,0,0,0,0,-6000,0,0,0,0,6000,-6000,-6000
051616,鴻海凱基96購08  ,0,0,0,0,0,0,0,0,0,-6000,0,0,0,0,6000,-6000,-6000
051324,康友國票96購01  ,0,0,0,0,0,0,0,0,0,-6000,0,0,0,24000,30000,-6000,-6000
051485,玉晶光凱基97購02,0,0,0,0,0,0,0,0,0,-6000,0,0,0,17000,23000,-6000,-6000
05146P,鴻海元大95售10  ,0,0,0,0,0,0,0,0,0,-6000,0,0,0,77000,83000,-6000,-6000
050669,嘉晶永豐96購01  ,0,0,0,0,0,0,0,0,0,-6000,0,0,0,0,6000,-6000,-6000
053240,巨路永豐96購01  ,0,0,0,0,0,0,0,0,0,-6000,0,0,0,0,6000,-6000,-6000
053206,聯發科麥證96購02,0,0,0,6000,12000,-6000,0,0,0,-6000,0,0,0,6000,12000,-6000,-6000
053318,全新群益99購01  ,0,0,0,0,0,0,0,0,0,-6000,0,0,0,127000,133000,-6000,-6000
052024,臺股指永豐95購04,0,0,0,0,0,0,0,0,0,-6000,0,0,0,0,6000,-6000,-6000
05209P,鴻海凱基96售09  ,0,0,0,0,0,0,0,0,0,-6000,0,0,0,0,6000,-6000,-6000
052232,貿聯凱基96購02  ,0,0,0,0,0,0,0,0,0,-6000,0,0,0,0,6000,-6000,-6000
052698,深中小國票99購01,0,0,0,0,0,0,0,0,0,-6000,0,0,0,13000,19000,-6000,-6000
8462,柏文            ,5000,9000,-4000,0,0,0,0,0,0,-2000,0,0,0,0,2000,-2000,-6000
9927,泰銘            ,10000,16000,-6000,0,0,0,0,0,0,0,0,0,0,0,0,0,-6000
6541,泰福-KY         ,40000,46000,-6000,0,0,0,0,0,0,0,0,0,0,0,0,0,-6000
8114,振樺電          ,3000,0,3000,0,0,0,0,7000,-7000,-2000,2000,4000,-2000,0,0,0,-6000
6216,居易            ,0,0,0,0,0,0,0,0,0,-6000,0,6000,-6000,0,0,0,-6000
06212P,華新科元大97售11,0,0,0,0,0,0,0,0,0,-6000,0,0,0,400000,406000,-6000,-6000
1446,宏和            ,11000,17000,-6000,0,0,0,0,0,0,0,0,0,0,0,0,0,-6000
05884P,旺宏統一96售01  ,0,0,0,0,0,0,0,0,0,-6000,0,0,0,50000,56000,-6000,-6000
05948P,茂林元大96售03  ,0,0,0,0,0,0,0,0,0,-6000,0,0,0,102000,108000,-6000,-6000
05997P,嘉聯益群益96售02,0,0,0,0,0,0,0,0,0,-6000,0,0,0,0,6000,-6000,-6000
06102P,智邦凱基97售03  ,0,0,0,0,0,0,0,0,0,-6000,0,0,0,4000,10000,-6000,-6000
2379,瑞昱            ,791534,524399,267135,0,0,0,0,5594,-5594,-268000,26000,139000,-113000,8000,163000,-155000,-6459
4142,國光生          ,334000,330793,3207,0,0,0,0,0,0,-10000,0,10000,-10000,0,0,0,-6793
055676,亞德客凱基97購03,0,0,0,0,0,0,0,0,0,-7000,0,0,0,0,7000,-7000,-7000
05562P,鴻海元大96售16  ,0,0,0,0,0,0,0,0,0,-7000,0,0,0,5000,12000,-7000,-7000
05559P,臺股指麥證96售01,0,0,0,25000,32000,-7000,0,0,0,-7000,0,0,0,25000,32000,-7000,-7000
055438,鴻海國票98購01  ,0,0,0,0,0,0,0,0,0,-7000,0,0,0,0,7000,-7000,-7000
055305,旺宏群益99購01  ,0,0,0,0,0,0,0,0,0,-7000,0,0,0,23000,30000,-7000,-7000
054437,欣興台新97購02  ,0,0,0,0,0,0,0,0,0,-7000,0,0,0,0,7000,-7000,-7000
054080,微星中信98購01  ,0,0,0,0,0,0,0,0,0,-7000,0,0,0,51000,58000,-7000,-7000
054208,台積電國票97購07,0,0,0,0,0,0,0,0,0,-7000,0,0,0,9000,16000,-7000,-7000
05429P,鴻海統一95售16  ,0,0,0,0,0,0,0,0,0,-7000,0,0,0,0,7000,-7000,-7000
053773,上銀元大96購04  ,0,0,0,0,0,0,0,0,0,-7000,0,0,0,73000,80000,-7000,-7000
046627,高鐵統一95購01  ,0,0,0,0,0,0,0,0,0,-7000,0,0,0,0,7000,-7000,-7000
044683,聯鈞凱基93購01  ,0,0,0,0,0,0,0,0,0,-7000,0,0,0,104000,111000,-7000,-7000
045873,元油2X元富98購04,0,0,0,0,0,0,0,0,0,-7000,0,0,0,20000,27000,-7000,-7000
044508,微星凱基92購02  ,0,0,0,0,0,0,0,0,0,-7000,0,0,0,10000,17000,-7000,-7000
042470,元油2X元大93購04,0,0,0,0,0,0,0,0,0,-7000,0,0,0,10000,17000,-7000,-7000
044088,國巨元富95購01  ,0,0,0,0,0,0,0,0,0,-7000,0,0,0,0,7000,-7000,-7000
04102P,臺股指國票93售09,0,0,0,0,0,0,0,0,0,-7000,0,0,0,67000,74000,-7000,-7000
00757,統一FANG+       ,0,0,0,0,0,0,0,0,0,-7000,0,0,0,200000,207000,-7000,-7000
0053,元大電子        ,0,0,0,0,0,0,0,0,0,-7000,0,0,0,2000,9000,-7000,-7000
00675L,富邦臺灣加權正2 ,0,0,0,0,0,0,0,0,0,-7000,0,0,0,48000,55000,-7000,-7000
048836,牧德凱基94購03  ,0,0,0,0,0,0,0,0,0,-7000,0,0,0,12000,19000,-7000,-7000
04951P,緯創中信94售01  ,0,0,0,0,0,0,0,0,0,-7000,0,0,0,0,7000,-7000,-7000
047927,宏達電凱基93購03,0,0,0,0,0,0,0,0,0,-7000,0,0,0,0,7000,-7000,-7000
047737,義隆麥證94購01  ,0,0,0,341000,348000,-7000,0,0,0,-7000,0,0,0,341000,348000,-7000,-7000
049019,美律群益94購02  ,0,0,0,0,0,0,0,0,0,-7000,0,0,0,77000,84000,-7000,-7000
048683,日月光富邦93購01,0,0,0,0,0,0,0,0,0,-7000,0,0,0,4000,11000,-7000,-7000
049226,元石油富邦95購01,0,0,0,0,0,0,0,0,0,-7000,0,0,0,0,7000,-7000,-7000
049101,聯詠國泰95購01  ,0,0,0,0,0,0,0,0,0,-7000,0,0,0,3000,10000,-7000,-7000
048281,矽力永豐93購02  ,0,0,0,0,0,0,0,0,0,-7000,0,0,0,21000,28000,-7000,-7000
049798,台積電元大94購18,0,0,0,0,0,0,0,0,0,-7000,0,0,0,110000,117000,-7000,-7000
050272,訊芯元大94購03  ,0,0,0,0,0,0,0,0,0,-7000,0,0,0,173000,180000,-7000,-7000
047167,農林康和93購01  ,0,0,0,0,0,0,0,0,0,-7000,0,0,0,3000,10000,-7000,-7000
052539,華邦電統一95購01,0,0,0,0,0,0,0,0,0,-7000,0,0,0,70000,77000,-7000,-7000
05314P,臺股指群益95售13,0,0,0,0,0,0,0,0,0,-7000,0,0,0,1000,8000,-7000,-7000
053004,燿華永豐96購01  ,0,0,0,0,0,0,0,0,0,-7000,0,0,0,13000,20000,-7000,-7000
052963,智邦凱基96購02  ,0,0,0,0,0,0,0,0,0,-7000,0,0,0,8000,15000,-7000,-7000
05081P,京鼎永豐95售01  ,0,0,0,0,0,0,0,0,0,-7000,0,0,0,0,7000,-7000,-7000
050751,聯電統一94購05  ,0,0,0,0,0,0,0,0,0,-7000,0,0,0,82000,89000,-7000,-7000
050844,大立光國票96購01,0,0,0,0,0,0,0,0,0,-7000,0,0,0,0,7000,-7000,-7000
051020,健策凱基96購02  ,0,0,0,0,0,0,0,0,0,-7000,0,0,0,3000,10000,-7000,-7000
051416,創意國票96購02  ,0,0,0,0,0,0,0,0,0,-7000,0,0,0,5000,12000,-7000,-7000
05122P,鴻海永昌96售06  ,0,0,0,0,0,0,0,0,0,-7000,0,0,0,104000,111000,-7000,-7000
051269,康友富邦97購01  ,0,0,0,0,0,0,0,0,0,-7000,0,0,0,0,7000,-7000,-7000
051638,聯茂國票96購01  ,0,0,0,0,0,0,0,0,0,-7000,0,0,0,192000,199000,-7000,-7000
4106,雃博            ,0,7000,-7000,0,0,0,0,0,0,0,0,0,0,0,0,0,-7000
3311,閎暉            ,1000,8000,-7000,0,0,0,0,0,0,0,0,0,0,0,0,0,-7000
2530,華建            ,1000,8000,-7000,0,0,0,0,0,0,0,0,0,0,0,0,0,-7000
2493,揚博            ,1000,8000,-7000,0,0,0,0,0,0,0,0,0,0,0,0,0,-7000
2496,卓越            ,1000,8000,-7000,0,0,0,0,0,0,0,0,0,0,0,0,0,-7000
2459,敦吉            ,15000,21000,-6000,0,0,0,0,0,0,-1000,0,1000,-1000,0,0,0,-7000
06177P,玉晶光元大98售07,0,0,0,0,0,0,0,0,0,-7000,0,0,0,2000,9000,-7000,-7000
06029P,聯發科台新96售02,0,0,0,0,0,0,0,0,0,-7000,0,0,0,17000,24000,-7000,-7000
05892P,大立光中信98售03,0,0,0,0,0,0,0,0,0,-7000,0,0,0,20000,27000,-7000,-7000
06201P,可成元大97售01  ,0,0,0,0,0,0,0,0,0,-7000,0,0,0,0,7000,-7000,-7000
053335,易華電永豐96購01,0,0,0,0,0,0,0,0,0,-8000,0,0,0,14000,22000,-8000,-8000
053406,國巨兆豐96購02  ,0,0,0,0,0,0,0,0,0,-8000,0,0,0,32000,40000,-8000,-8000
053494,南亞科兆豐96購02,0,0,0,0,0,0,0,0,0,-8000,0,0,0,2000,10000,-8000,-8000
053468,鴻海元大98購01  ,0,0,0,0,0,0,0,0,0,-8000,0,0,0,0,8000,-8000,-8000
05349P,可成元富98售03  ,0,0,0,0,0,0,0,0,0,-8000,0,0,0,3000,11000,-8000,-8000
054187,亞光永豐96購03  ,0,0,0,0,0,0,0,0,0,-8000,0,0,0,1000,9000,-8000,-8000
054232,台積電群益96購12,0,0,0,0,0,0,0,0,0,-8000,0,0,0,0,8000,-8000,-8000
054168,貿聯凱基97購02  ,0,0,0,0,0,0,0,0,0,-8000,0,0,0,0,8000,-8000,-8000
054339,聯詠統一96購02  ,0,0,0,0,0,0,0,0,0,-8000,0,0,0,0,8000,-8000,-8000
05452P,亞德客群益95售02,0,0,0,0,0,0,0,0,0,-8000,0,0,0,25000,33000,-8000,-8000
054629,華新科凱基98購01,0,0,0,0,0,0,0,0,0,-8000,0,0,0,69000,77000,-8000,-8000
055353,華新科凱基98購03,0,0,0,0,0,0,0,0,0,-8000,0,0,0,2000,10000,-8000,-8000
05789P,臺股指永昌96售06,0,0,0,0,0,0,0,0,0,-8000,0,0,0,0,8000,-8000,-8000
054741,亞光凱基99購01  ,0,0,0,0,0,0,0,0,0,-8000,0,0,0,0,8000,-8000,-8000
055270,上銀元大97購03  ,0,0,0,0,0,0,0,0,0,-8000,0,0,0,83000,91000,-8000,-8000
006203,元大MSCI台灣    ,0,1000,-1000,0,0,0,0,0,0,-7000,0,0,0,0,7000,-7000,-8000
00715L,街口布蘭特油正2 ,0,0,0,0,0,0,0,0,0,-8000,0,0,0,0,8000,-8000,-8000
020008,元大特股高息N   ,0,0,0,0,0,0,0,0,0,-8000,0,0,0,3000,11000,-8000,-8000
03890P,聯詠國泰94售02  ,0,0,0,0,0,0,0,0,0,-8000,0,0,0,0,8000,-8000,-8000
03047X,元展44          ,0,0,0,0,0,0,0,0,0,-8000,0,0,0,0,8000,-8000,-8000
039900,上証2X國泰92購01,0,0,0,0,0,0,0,0,0,-8000,0,0,0,31000,39000,-8000,-8000
03641C,臺股指凱基95牛18,0,0,0,0,0,0,0,0,0,-8000,0,0,0,0,8000,-8000,-8000
04392P,牧德凱基94售05  ,0,0,0,0,0,0,0,0,0,-8000,0,0,0,0,8000,-8000,-8000
044282,上銀凱基93購03  ,0,0,0,0,0,0,0,0,0,-8000,0,0,0,0,8000,-8000,-8000
04432P,昇陽半元大94售04,0,0,0,0,0,0,0,0,0,-8000,0,0,0,0,8000,-8000,-8000
04412P,欣興元富94售01  ,0,0,0,0,0,0,0,0,0,-8000,0,0,0,152000,160000,-8000,-8000
045052,聯發科元富92購01,0,0,0,0,0,0,0,0,0,-8000,0,0,0,85000,93000,-8000,-8000
042724,群創群益93購01  ,0,0,0,0,0,0,0,0,0,-8000,0,0,0,153000,161000,-8000,-8000
04466P,大立光元富94售04,0,0,0,0,0,0,0,0,0,-8000,0,0,0,22000,30000,-8000,-8000
046992,智伸科凱基93購03,0,0,0,0,0,0,0,0,0,-8000,0,0,0,14000,22000,-8000,-8000
050309,亞泥兆豐94購01  ,0,0,0,0,0,0,0,0,0,-8000,0,0,0,202000,210000,-8000,-8000
050549,慧洋凱基95購01  ,0,0,0,0,0,0,0,0,0,-8000,0,0,0,0,8000,-8000,-8000
04934P,鴻海中信94售05  ,0,0,0,0,0,0,0,0,0,-8000,0,0,0,0,8000,-8000,-8000
049343,華新科統一94購03,0,0,0,0,0,0,0,0,0,-8000,0,0,0,39000,47000,-8000,-8000
048410,和碩群益93購01  ,0,0,0,0,0,0,0,0,0,-8000,0,0,0,10000,18000,-8000,-8000
047655,聯發科兆豐93購02,0,0,0,0,0,0,0,0,0,-8000,0,0,0,5000,13000,-8000,-8000
048997,智原國票95購01  ,0,0,0,0,0,0,0,0,0,-8000,0,0,0,2000,10000,-8000,-8000
048955,慧洋康和94購01  ,0,0,0,0,0,0,0,0,0,-8000,0,0,0,0,8000,-8000,-8000
048506,華通群益94購03  ,0,0,0,0,0,0,0,0,0,-8000,0,0,0,2000,10000,-8000,-8000
04854P,鴻海國泰96售04  ,0,0,0,0,0,0,0,0,0,-8000,0,0,0,3000,11000,-8000,-8000
048802,聯發科富邦94購03,0,0,0,0,0,0,0,0,0,-8000,0,0,0,0,8000,-8000,-8000
048826,宏達電凱基94購01,0,0,0,0,0,0,0,0,0,-8000,0,0,0,0,8000,-8000,-8000
047389,義隆元大94購01  ,0,0,0,0,0,0,0,0,0,-8000,0,0,0,253000,261000,-8000,-8000
051635,大立光國票96購04,0,0,0,0,0,0,0,0,0,-8000,0,0,0,0,8000,-8000,-8000
051724,康控永豐95購03  ,0,0,0,0,0,0,0,0,0,-8000,0,0,0,0,8000,-8000,-8000
051469,友達日盛9B購01  ,0,0,0,0,0,0,0,0,0,-8000,0,0,0,2000,10000,-8000,-8000
051526,超眾凱基95購02  ,0,0,0,0,0,0,0,0,0,-8000,0,0,0,32000,40000,-8000,-8000
05157P,全新台新96售01  ,0,0,0,0,0,0,0,0,0,-8000,0,0,0,0,8000,-8000,-8000
050984,大立光國泰97購01,0,0,0,0,0,0,0,0,0,-8000,0,0,0,4000,12000,-8000,-8000
05070P,鴻海統一96售04  ,0,0,0,0,0,0,0,0,0,-8000,0,0,0,0,8000,-8000,-8000
050580,強茂國票95購01  ,0,0,0,0,0,0,0,0,0,-8000,0,0,0,52000,60000,-8000,-8000
052649,康控永豐96購01  ,0,0,0,0,0,0,0,0,0,-8000,0,0,0,0,8000,-8000,-8000
05264P,微星元大95售02  ,0,0,0,0,0,0,0,0,0,-8000,0,0,0,0,8000,-8000,-8000
05206P,南茂元大95售01  ,0,0,0,0,0,0,0,0,0,-8000,0,0,0,0,8000,-8000,-8000
052056,緯穎凱基95購04  ,0,0,0,0,0,0,0,0,0,-8000,0,0,0,2000,10000,-8000,-8000
052049,緯創凱基97購01  ,0,0,0,0,0,0,0,0,0,-8000,0,0,0,0,8000,-8000,-8000
1730,花仙子          ,9000,17000,-8000,0,0,0,0,0,0,0,0,0,0,0,0,0,-8000
1723,中碳            ,68000,51000,17000,0,0,0,0,0,0,-25000,0,25000,-25000,0,0,0,-8000
1531,高林股          ,0,8000,-8000,0,0,0,0,0,0,0,0,0,0,0,0,0,-8000
1558,伸興            ,1000,9000,-8000,0,0,0,0,0,0,0,0,0,0,0,0,0,-8000
1560,中砂            ,45000,43000,2000,0,0,0,0,0,0,-10000,0,10000,-10000,0,0,0,-8000
05844P,旺宏元大96售07  ,0,0,0,0,0,0,0,0,0,-8000,0,0,0,3000,11000,-8000,-8000
05819P,臺股指凱基96售16,0,0,0,0,0,0,0,0,0,-8000,0,0,0,2000,10000,-8000,-8000
05950P,台積電國票97售04,0,0,0,0,0,0,0,0,0,-8000,0,0,0,0,8000,-8000,-8000
05992P,華通元大96售05  ,0,0,0,0,0,0,0,0,0,-8000,0,0,0,0,8000,-8000,-8000
06087P,國巨永豐97售01  ,0,0,0,0,0,0,0,0,0,-8000,0,0,0,32000,40000,-8000,-8000
06180P,禾伸堂群益97售01,0,0,0,0,0,0,0,0,0,-8000,0,0,0,88000,96000,-8000,-8000
2483,百容            ,0,0,0,0,0,0,0,0,0,-8000,0,8000,-8000,0,0,0,-8000
3062,建漢            ,45000,46000,-1000,0,0,0,0,0,0,-7000,0,7000,-7000,0,0,0,-8000
2642,宅配通          ,1000,9000,-8000,0,0,0,0,0,0,0,0,0,0,0,0,0,-8000
2850,新產            ,8000,16000,-8000,0,0,0,0,0,0,0,0,0,0,0,0,0,-8000
3167,大量            ,3000,5000,-2000,0,0,0,0,0,0,-6000,0,6000,-6000,0,0,0,-8000
6128,上福            ,0,0,0,0,0,0,0,0,0,-8000,0,8000,-8000,0,0,0,-8000
8374,羅昇            ,1000,9000,-8000,0,0,0,0,0,0,0,0,0,0,0,0,0,-8000
055108,智邦凱基98購01  ,0,0,0,0,0,0,0,0,0,-9000,0,0,0,0,9000,-9000,-9000
054743,聯鈞凱基99購01  ,0,0,0,0,0,0,0,0,0,-9000,0,0,0,11000,20000,-9000,-9000
054758,南亞國票9A購01  ,0,0,0,0,0,0,0,0,0,-9000,0,0,0,0,9000,-9000,-9000
054787,華新科群益97購04,0,0,0,0,0,0,0,0,0,-9000,0,0,0,33000,42000,-9000,-9000
054854,台積電麥證97購01,0,0,0,11000,20000,-9000,0,0,0,-9000,0,0,0,11000,20000,-9000,-9000
055627,亞德客永豐97購02,0,0,0,0,0,0,0,0,0,-9000,0,0,0,0,9000,-9000,-9000
055665,亞德客群益97購01,0,0,0,0,0,0,0,0,0,-9000,0,0,0,0,9000,-9000,-9000
054398,牧德永豐96購03  ,0,0,0,0,0,0,0,0,0,-9000,0,0,0,53000,62000,-9000,-9000
05439P,聯發科國票95售06,0,0,0,0,0,0,0,0,0,-9000,0,0,0,4000,13000,-9000,-9000
054063,聯茂國票97購02  ,0,0,0,0,0,0,0,0,0,-9000,0,0,0,0,9000,-9000,-9000
054255,亞光元大96購05  ,0,0,0,0,0,0,0,0,0,-9000,0,0,0,3000,12000,-9000,-9000
05352P,臺股指元富95售06,0,0,0,0,0,0,0,0,0,-9000,0,0,0,1000,10000,-9000,-9000
053636,全新永豐96購02  ,0,0,0,0,0,0,0,0,0,-9000,0,0,0,9000,18000,-9000,-9000
053438,玉晶光麥證97購02,0,0,0,13000,22000,-9000,0,0,0,-9000,0,0,0,13000,22000,-9000,-9000
053908,貿聯凱基98購01  ,0,0,0,0,0,0,0,0,0,-9000,0,0,0,1000,10000,-9000,-9000
045851,健策永豐92購01  ,0,0,0,0,0,0,0,0,0,-9000,0,0,0,3000,12000,-9000,-9000
045894,智伸科元大92購01,0,0,0,0,0,0,0,0,0,-9000,0,0,0,11000,20000,-9000,-9000
04990P,臻鼎元大94售04  ,0,0,0,0,0,0,0,0,0,-9000,0,0,0,1000,10000,-9000,-9000
04247P,宏達電永豐93售02,0,0,0,0,0,0,0,0,0,-9000,0,0,0,0,9000,-9000,-9000
043474,創意元大92購01  ,0,0,0,0,0,0,0,0,0,-9000,0,0,0,0,9000,-9000,-9000
00736,國泰新興市場    ,0,34000,-34000,0,0,0,0,0,0,25000,0,0,0,132000,107000,25000,-9000
00731,FH富時高息低波  ,0,0,0,0,0,0,0,0,0,-9000,0,0,0,2000,11000,-9000,-9000
048145,大立光統一93購10,0,0,0,0,0,0,0,0,0,-9000,0,0,0,0,9000,-9000,-9000
047710,聯發科凱基93購21,0,0,0,0,0,0,0,0,0,-9000,0,0,0,56000,65000,-9000,-9000
047490,元油反統一93購01,0,0,0,0,0,0,0,0,0,-9000,0,0,0,0,9000,-9000,-9000
048186,元黃金元大96購01,0,0,0,0,0,0,0,0,0,-9000,0,0,0,3000,12000,-9000,-9000
048987,崇越元大94購01  ,0,0,0,0,0,0,0,0,0,-9000,0,0,0,2000,11000,-9000,-9000
04888P,臺股指凱基95售03,0,0,0,0,0,0,0,0,0,-9000,0,0,0,4000,13000,-9000,-9000
049014,台達電群益94購02,0,0,0,0,0,0,0,0,0,-9000,0,0,0,48000,57000,-9000,-9000
049100,華新科國泰96購01,0,0,0,0,0,0,0,0,0,-9000,0,0,0,1000,10000,-9000,-9000
049370,可成元大94購03  ,0,0,0,0,0,0,0,0,0,-9000,0,0,0,105000,114000,-9000,-9000
049398,微星群益94購02  ,0,0,0,0,0,0,0,0,0,-9000,0,0,0,37000,46000,-9000,-9000
050516,華通元大95購05  ,0,0,0,0,0,0,0,0,0,-9000,0,0,0,251000,260000,-9000,-9000
050396,欣興元富94購02  ,0,0,0,0,0,0,0,0,0,-9000,0,0,0,0,9000,-9000,-9000
050040,鴻海中信94購04  ,0,0,0,0,0,0,0,0,0,-9000,0,0,0,4000,13000,-9000,-9000
052755,滬深2X群益9A購01,0,0,0,0,0,0,0,0,0,-9000,0,0,0,0,9000,-9000,-9000
050900,台郡元大95購02  ,0,0,0,0,0,0,0,0,0,-9000,0,0,0,26000,35000,-9000,-9000
051029,緯創元富95購01  ,0,0,0,0,0,0,0,0,0,-9000,0,0,0,50000,59000,-9000,-9000
051471,國巨凱基97購01  ,0,0,0,0,0,0,0,0,0,-9000,0,0,0,12000,21000,-9000,-9000
051338,揚明光永豐95購02,0,0,0,0,0,0,0,0,0,-9000,0,0,0,1000,10000,-9000,-9000
051404,牧德永豐96購01  ,0,0,0,0,0,0,0,0,0,-9000,0,0,0,23000,32000,-9000,-9000
6579,研揚            ,1000,1000,0,0,0,0,0,0,0,-9000,0,9000,-9000,0,0,0,-9000
4104,佳醫            ,7000,16000,-9000,0,0,0,0,0,0,0,0,0,0,0,0,0,-9000
2617,台航            ,7000,23000,-16000,0,0,0,0,0,0,7000,7000,0,7000,0,0,0,-9000
2472,立隆電          ,16000,38000,-22000,0,0,0,0,0,0,13000,21000,8000,13000,0,0,0,-9000
05971P,世紀鋼永豐96售04,0,0,0,0,0,0,0,0,0,-9000,0,0,0,30000,39000,-9000,-9000
1449,佳和            ,37000,46000,-9000,0,0,0,0,0,0,0,0,0,0,0,0,0,-9000
053777,台積電元大96購20,0,0,0,0,0,0,0,0,0,-10000,0,0,0,0,10000,-10000,-10000
053832,聯發科台新96購01,0,0,0,0,0,0,0,0,0,-10000,0,0,0,0,10000,-10000,-10000
053653,京元電凱基96購02,0,0,0,0,0,0,0,0,0,-10000,0,0,0,0,10000,-10000,-10000
05359P,嘉澤元大95售02  ,0,0,0,0,0,0,0,0,0,-10000,0,0,0,0,10000,-10000,-10000
053578,華新元大98購01  ,0,0,0,0,0,0,0,0,0,-10000,0,0,0,0,10000,-10000,-10000
054222,大立光統一98購03,0,0,0,0,0,0,0,0,0,-10000,0,0,0,0,10000,-10000,-10000
054215,創意國票97購02  ,0,0,0,0,0,0,0,0,0,-10000,0,0,0,4000,14000,-10000,-10000
054323,旺宏台新96購02  ,0,0,0,0,0,0,0,0,0,-10000,0,0,0,60000,70000,-10000,-10000
054273,宏達電中信98購01,0,0,0,0,0,0,0,0,0,-10000,0,0,0,0,10000,-10000,-10000
054027,欣興凱基96購04  ,0,0,0,0,0,0,0,0,0,-10000,0,0,0,11000,21000,-10000,-10000
054161,友訊凱基98購01  ,0,0,0,0,0,0,0,0,0,-10000,0,0,0,0,10000,-10000,-10000
054115,台塑康和96購01  ,0,0,0,0,0,0,0,0,0,-10000,0,0,0,0,10000,-10000,-10000
054399,智易永豐96購03  ,0,0,0,0,0,0,0,0,0,-10000,0,0,0,0,10000,-10000,-10000
054463,瑞昱凱基97購01  ,0,0,0,0,0,0,0,0,0,-10000,0,0,0,4000,14000,-10000,-10000
054450,聯茂第一96購01  ,0,0,0,0,0,0,0,0,0,-10000,0,0,0,100000,110000,-10000,-10000
054570,易華電群益98購01,0,0,0,0,0,0,0,0,0,-10000,0,0,0,0,10000,-10000,-10000
054526,道瓊反統一98購01,0,0,0,0,0,0,0,0,0,-10000,0,0,0,136000,146000,-10000,-10000
05453P,智邦群益95售03  ,0,0,0,0,0,0,0,0,0,-10000,0,0,0,83000,93000,-10000,-10000
054548,鴻海凱基98購03  ,0,0,0,0,0,0,0,0,0,-10000,0,0,0,0,10000,-10000,-10000
055645,技嘉元富97購01  ,0,0,0,0,0,0,0,0,0,-10000,0,0,0,7000,17000,-10000,-10000
055642,廣宇元富97購01  ,0,0,0,0,0,0,0,0,0,-10000,0,0,0,0,10000,-10000,-10000
055616,智原國票97購03  ,0,0,0,0,0,0,0,0,0,-10000,0,0,0,0,10000,-10000,-10000
055746,同欣電元富97購01,0,0,0,0,0,0,0,0,0,-10000,0,0,0,0,10000,-10000,-10000
055737,開發金元富97購01,0,0,0,0,0,0,0,0,0,-10000,0,0,0,0,10000,-10000,-10000
05597P,鴻海元富96售06  ,0,0,0,0,0,0,0,0,0,-10000,0,0,0,0,10000,-10000,-10000
05660P,玉晶光第一96售01,0,0,0,0,0,0,0,0,0,-10000,0,0,0,0,10000,-10000,-10000
05708P,奇力新國票97售04,0,0,0,0,0,0,0,0,0,-10000,0,0,0,10000,20000,-10000,-10000
05683P,矽創元大96售01  ,0,0,0,0,0,0,0,0,0,-10000,0,0,0,0,10000,-10000,-10000
05736P,臺股指統一96售06,0,0,0,0,0,0,0,0,0,-10000,0,0,0,0,10000,-10000,-10000
055427,技嘉群益98購01  ,0,0,0,0,0,0,0,0,0,-10000,0,0,0,7000,17000,-10000,-10000
055403,泰鼎元富97購01  ,0,0,0,0,0,0,0,0,0,-10000,0,0,0,0,10000,-10000,-10000
055611,燿華國票98購02  ,0,0,0,0,0,0,0,0,0,-10000,0,0,0,0,10000,-10000,-10000
05558P,鴻海麥證96售01  ,0,0,0,0,10000,-10000,0,0,0,-10000,0,0,0,0,10000,-10000,-10000
055536,嘉聯益群益99購02,0,0,0,0,0,0,0,0,0,-10000,0,0,0,0,10000,-10000,-10000
054816,聯發科元大97購12,0,0,0,0,0,0,0,0,0,-10000,0,0,0,21000,31000,-10000,-10000
054817,聯發科元大97購13,0,0,0,0,0,0,0,0,0,-10000,0,0,0,20000,30000,-10000,-10000
054848,群創兆豐98購01  ,0,0,0,0,0,0,0,0,0,-10000,0,0,0,0,10000,-10000,-10000
054915,興勤凱基97購01  ,0,0,0,0,0,0,0,0,0,-10000,0,0,0,0,10000,-10000,-10000
054810,中橡元大9A購01  ,0,0,0,0,0,0,0,0,0,-10000,0,0,0,0,10000,-10000,-10000
054658,道瓊銀元大9A購01,0,0,0,0,0,0,0,0,0,-10000,0,0,0,0,10000,-10000,-10000
055061,聯詠永豐97購01  ,0,0,0,0,0,0,0,0,0,-10000,0,0,0,0,10000,-10000,-10000
055257,景碩統一97購01  ,0,0,0,0,0,0,0,0,0,-10000,0,0,0,27000,37000,-10000,-10000
03110P,聯發科元大01售26,0,0,0,0,0,0,0,0,0,-10000,0,0,0,0,10000,-10000,-10000
03421B,臺股指元大99熊01,0,0,0,0,0,0,0,0,0,-10000,0,0,0,0,10000,-10000,-10000
03307P,臺股指中信05售02,0,0,0,0,0,0,0,0,0,-10000,0,0,0,0,10000,-10000,-10000
04348P,燿華國票94售01  ,0,0,0,0,0,0,0,0,0,-10000,0,0,0,33000,43000,-10000,-10000
043344,可成富邦93購01  ,0,0,0,0,0,0,0,0,0,-10000,0,0,0,0,10000,-10000,-10000
04384P,上証2X中信96售01,0,0,0,0,0,0,0,0,0,-10000,0,0,0,0,10000,-10000,-10000
03722P,華通元大93售04  ,0,0,0,0,0,0,0,0,0,-10000,0,0,0,0,10000,-10000,-10000
03839P,華通統一93售02  ,0,0,0,0,0,0,0,0,0,-10000,0,0,0,0,10000,-10000,-10000
03799P,京元電元大94售01,0,0,0,0,0,0,0,0,0,-10000,0,0,0,49000,59000,-10000,-10000
044264,大立光富邦93購03,0,0,0,0,0,0,0,0,0,-10000,0,0,0,0,10000,-10000,-10000
04421P,玉晶光永豐94售02,0,0,0,0,0,0,0,0,0,-10000,0,0,0,0,10000,-10000,-10000
04044P,鴻海元大93售18  ,0,0,0,0,0,0,0,0,0,-10000,0,0,0,0,10000,-10000,-10000
04229P,臺股指中信95售05,0,0,0,0,0,0,0,0,0,-10000,0,0,0,0,10000,-10000,-10000
042918,矽格元大94購01  ,0,0,0,0,0,0,0,0,0,-10000,0,0,0,20000,30000,-10000,-10000
04133P,友達群益93售01  ,0,0,0,0,0,0,0,0,0,-10000,0,0,0,0,10000,-10000,-10000
041912,上緯控元大92購01,0,0,0,0,0,0,0,0,0,-10000,0,0,0,0,10000,-10000,-10000
044105,聯詠中信95購01  ,0,0,0,0,0,0,0,0,0,-10000,0,0,0,2000,12000,-10000,-10000
044404,智伸科凱基91購02,0,0,0,0,0,0,0,0,0,-10000,0,0,0,0,10000,-10000,-10000
044339,亞光統一91購01  ,0,0,0,0,0,0,0,0,0,-10000,0,0,0,5000,15000,-10000,-10000
044413,上銀統一91購01  ,0,0,0,0,0,0,0,0,0,-10000,0,0,0,37000,47000,-10000,-10000
04271P,南亞科國票93售03,0,0,0,0,0,0,0,0,0,-10000,0,0,0,0,10000,-10000,-10000
04269P,華通國票93售03  ,0,0,0,0,0,0,0,0,0,-10000,0,0,0,90000,100000,-10000,-10000
045392,滬深2X國泰93購01,0,0,0,0,0,0,0,0,0,-10000,0,0,0,0,10000,-10000,-10000
04543P,鴻海富邦95售03  ,0,0,0,0,0,0,0,0,0,-10000,0,0,0,0,10000,-10000,-10000
045054,聯發科元富98購02,0,0,0,0,0,0,0,0,0,-10000,0,0,0,0,10000,-10000,-10000
045027,漢唐國票92購02  ,0,0,0,0,0,0,0,0,0,-10000,0,0,0,0,10000,-10000,-10000
045009,可成元大92購03  ,0,0,0,0,0,0,0,0,0,-10000,0,0,0,0,10000,-10000,-10000
044930,元黃金富邦93購01,0,0,0,0,0,0,0,0,0,-10000,0,0,0,0,10000,-10000,-10000
04494P,台積電國票94售04,0,0,0,0,0,0,0,0,0,-10000,0,0,0,0,10000,-10000,-10000
044959,彩晶凱基92購01  ,0,0,0,0,0,0,0,0,0,-10000,0,0,0,0,10000,-10000,-10000
046383,群創凱基98購01  ,0,0,0,0,0,0,0,0,0,-10000,0,0,0,0,10000,-10000,-10000
046404,友達元大93購02  ,0,0,0,0,0,0,0,0,0,-10000,0,0,0,21000,31000,-10000,-10000
044860,元油2X中信93購01,0,0,0,0,0,0,0,0,0,-10000,0,0,0,0,10000,-10000,-10000
044873,聯詠統一91購02  ,0,0,0,0,0,0,0,0,0,-10000,0,0,0,0,10000,-10000,-10000
04487P,南亞科凱基94售01,0,0,0,0,0,0,0,0,0,-10000,0,0,0,5000,15000,-10000,-10000
049915,瑞昱元大94購07  ,0,0,0,0,0,0,0,0,0,-10000,0,0,0,40000,50000,-10000,-10000
049931,矽力元大94購01  ,0,0,0,0,0,0,0,0,0,-10000,0,0,0,0,10000,-10000,-10000
049870,南電兆豐94購01  ,0,0,0,0,0,0,0,0,0,-10000,0,0,0,0,10000,-10000,-10000
048012,嘉晶國票94購01  ,0,0,0,0,0,0,0,0,0,-10000,0,0,0,36000,46000,-10000,-10000
048021,滬深反凱基93購02,0,0,0,0,0,0,0,0,0,-10000,0,0,0,0,10000,-10000,-10000
045970,日月光凱基92購02,0,0,0,0,0,0,0,0,0,-10000,0,0,0,20000,30000,-10000,-10000
045980,百和凱基93購03  ,0,0,0,0,0,0,0,0,0,-10000,0,0,0,0,10000,-10000,-10000
04676P,彩晶統一94售03  ,0,0,0,0,0,0,0,0,0,-10000,0,0,0,0,10000,-10000,-10000
045856,南亞科國泰94購01,0,0,0,0,0,0,0,0,0,-10000,0,0,0,0,10000,-10000,-10000
045820,京元電凱基92購04,0,0,0,0,0,0,0,0,0,-10000,0,0,0,55000,65000,-10000,-10000
045821,聯詠凱基92購06  ,0,0,0,0,0,0,0,0,0,-10000,0,0,0,0,10000,-10000,-10000
044667,滬深2X永昌93購01,0,0,0,0,0,0,0,0,0,-10000,0,0,0,0,10000,-10000,-10000
044614,聯茂兆豐92購02  ,0,0,0,0,0,0,0,0,0,-10000,0,0,0,0,10000,-10000,-10000
044788,南亞科群益91購06,0,0,0,0,0,0,0,0,0,-10000,0,0,0,0,10000,-10000,-10000
046670,彩晶元大93購02  ,0,0,0,0,0,0,0,0,0,-10000,0,0,0,0,10000,-10000,-10000
046004,群創統一93購02  ,0,0,0,0,0,0,0,0,0,-10000,0,0,0,0,10000,-10000,-10000
045993,美律富邦93購01  ,0,0,0,0,0,0,0,0,0,-10000,0,0,0,0,10000,-10000,-10000
046624,彩晶凱基94購02  ,0,0,0,0,0,0,0,0,0,-10000,0,0,0,0,10000,-10000,-10000
045677,聯發科元大92購10,0,0,0,0,0,0,0,0,0,-10000,0,0,0,0,10000,-10000,-10000
04633P,旺宏群益96售04  ,0,0,0,0,0,0,0,0,0,-10000,0,0,0,0,10000,-10000,-10000
046273,和碩凱基92購02  ,0,0,0,0,0,0,0,0,0,-10000,0,0,0,10000,20000,-10000,-10000
046261,中環凱基93購01  ,0,0,0,0,0,0,0,0,0,-10000,0,0,0,0,10000,-10000,-10000
046234,彩晶元大92購01  ,0,0,0,0,0,0,0,0,0,-10000,0,0,0,0,10000,-10000,-10000
046213,可成統一92購06  ,0,0,0,0,0,0,0,0,0,-10000,0,0,0,0,10000,-10000,-10000
046197,日月光凱基92購04,0,0,0,0,0,0,0,0,0,-10000,0,0,0,0,10000,-10000,-10000
046091,健鼎兆豐92購01  ,0,0,0,0,0,0,0,0,0,-10000,0,0,0,0,10000,-10000,-10000
045271,元油2X統一93購01,0,0,0,0,0,0,0,0,0,-10000,0,0,0,0,10000,-10000,-10000
045207,智易國泰93購02  ,0,0,0,0,0,0,0,0,0,-10000,0,0,0,0,10000,-10000,-10000
045173,A50正2國票95購01,0,0,0,0,0,0,0,0,0,-10000,0,0,0,0,10000,-10000,-10000
045111,亞德客永豐92購01,0,0,0,0,0,0,0,0,0,-10000,0,0,0,0,10000,-10000,-10000
045087,玉晶光元大95購01,0,0,0,0,0,0,0,0,0,-10000,0,0,0,3000,13000,-10000,-10000
045075,長榮航元大92購01,0,1000,-1000,0,0,0,0,0,0,-9000,0,0,0,1000,10000,-9000,-10000
045064,寶滬深永豐92購01,0,0,0,0,0,0,0,0,0,-10000,0,0,0,0,10000,-10000,-10000
045641,聯詠凱基92購05  ,0,0,0,0,0,0,0,0,0,-10000,0,0,0,0,10000,-10000,-10000
045630,技嘉凱基93購02  ,0,0,0,0,0,0,0,0,0,-10000,0,0,0,7000,17000,-10000,-10000
045502,聯詠凱基92購04  ,0,0,0,0,0,0,0,0,0,-10000,0,0,0,0,10000,-10000,-10000
045565,元油2X國泰93購01,0,0,0,0,0,0,0,0,0,-10000,0,0,0,0,10000,-10000,-10000
050039,鴻海中信94購03  ,0,0,0,0,0,0,0,0,0,-10000,0,0,0,3000,13000,-10000,-10000
050143,臻鼎元富94購05  ,0,0,0,0,0,0,0,0,0,-10000,0,0,0,0,10000,-10000,-10000
050162,中環國泰95購01  ,0,0,0,0,0,0,0,0,0,-10000,0,0,0,0,10000,-10000,-10000
047006,大立光統一93購04,0,0,0,0,0,0,0,0,0,-10000,0,0,0,0,10000,-10000,-10000
047009,大立光統一93購07,0,0,0,0,0,0,0,0,0,-10000,0,0,0,0,10000,-10000,-10000
046970,聯詠群益93購01  ,0,0,0,0,0,0,0,0,0,-10000,0,0,0,6000,16000,-10000,-10000
047696,聯發科國票94購02,0,0,0,0,0,0,0,0,0,-10000,0,0,0,52000,62000,-10000,-10000
047690,美律富邦97購01  ,0,0,0,0,0,0,0,0,0,-10000,0,0,0,10000,20000,-10000,-10000
047034,東陽群益93購01  ,0,0,0,0,0,0,0,0,0,-10000,0,0,0,0,10000,-10000,-10000
050418,為升凱基94購06  ,0,0,0,0,0,0,0,0,0,-10000,0,0,0,2000,12000,-10000,-10000
050541,智邦凱基94購04  ,0,0,0,0,0,0,0,0,0,-10000,0,0,0,205000,215000,-10000,-10000
050312,大立光兆豐94購04,0,0,0,0,0,0,0,0,0,-10000,0,0,0,0,10000,-10000,-10000
050461,GIS元大95購04   ,0,0,0,0,0,0,0,0,0,-10000,0,0,0,10000,20000,-10000,-10000
050468,矽格中信94購01  ,0,0,0,0,0,0,0,0,0,-10000,0,0,0,50000,60000,-10000,-10000
050297,欣興凱基94購08  ,0,0,0,0,0,0,0,0,0,-10000,0,0,0,0,10000,-10000,-10000
050365,中石化元大94購02,0,0,0,0,0,0,0,0,0,-10000,0,0,0,0,10000,-10000,-10000
049432,聯詠國票95購01  ,0,0,0,0,0,0,0,0,0,-10000,0,0,0,0,10000,-10000,-10000
049449,宏碁統一94購01  ,0,0,0,0,0,0,0,0,0,-10000,0,0,0,0,10000,-10000,-10000
049640,大成鋼凱基94購02,0,0,0,0,0,0,0,0,0,-10000,0,0,0,0,10000,-10000,-10000
049330,元上證統一94購03,0,0,0,0,0,0,0,0,0,-10000,0,0,0,0,10000,-10000,-10000
049306,元油2X凱基96購01,0,0,0,0,0,0,0,0,0,-10000,0,0,0,0,10000,-10000,-10000
049797,台積電元大94購17,0,0,0,0,0,0,0,0,0,-10000,0,0,0,0,10000,-10000,-10000
049708,滬深2X凱基94購02,0,0,0,0,0,0,0,0,0,-10000,0,0,0,0,10000,-10000,-10000
049727,台積電中信94購02,0,0,0,0,0,0,0,0,0,-10000,0,0,0,20000,30000,-10000,-10000
04766P,緯穎永豐94售02  ,0,0,0,0,0,0,0,0,0,-10000,0,0,0,0,10000,-10000,-10000
047572,深中小群益95購01,0,0,0,0,0,0,0,0,0,-10000,0,0,0,0,10000,-10000,-10000
047568,創意國票93購03  ,0,0,0,0,0,0,0,0,0,-10000,0,0,0,0,10000,-10000,-10000
047550,聯發科凱基93購13,0,0,0,0,0,0,0,0,0,-10000,0,0,0,3000,13000,-10000,-10000
046884,元油反群益95購01,0,0,0,0,0,0,0,0,0,-10000,0,0,0,0,10000,-10000,-10000
046903,友達凱基99購01  ,0,0,0,0,0,0,0,0,0,-10000,0,0,0,10000,20000,-10000,-10000
049138,台積電元大94購05,0,0,0,0,0,0,0,0,0,-10000,0,0,0,20000,30000,-10000,-10000
049171,台達電凱基94購03,0,0,0,0,0,0,0,0,0,-10000,0,0,0,15000,25000,-10000,-10000
049229,台化富邦94購01  ,0,0,0,0,0,0,0,0,0,-10000,0,0,0,0,10000,-10000,-10000
049181,正文凱基94購03  ,0,0,0,0,0,0,0,0,0,-10000,0,0,0,0,10000,-10000,-10000
049279,元油2X國票94購02,0,0,0,0,0,0,0,0,0,-10000,0,0,0,0,10000,-10000,-10000
04928P,大立光凱基95售07,0,0,0,0,0,0,0,0,0,-10000,0,0,0,0,10000,-10000,-10000
048698,宏達電國票95購01,0,0,0,0,0,0,0,0,0,-10000,0,0,0,0,10000,-10000,-10000
049558,深中小統一94購04,0,0,0,0,0,0,0,0,0,-10000,0,0,0,0,10000,-10000,-10000
048894,光罩國泰94購01  ,0,0,0,0,0,0,0,0,0,-10000,0,0,0,130000,140000,-10000,-10000
048900,精成科國泰95購01,0,0,0,0,0,0,0,0,0,-10000,0,0,0,15000,25000,-10000,-10000
048241,樺漢國票93購01  ,0,0,0,0,0,0,0,0,0,-10000,0,0,0,0,10000,-10000,-10000
048424,揚明光元富95購01,0,0,0,0,0,0,0,0,0,-10000,0,0,0,0,10000,-10000,-10000
048912,牧德富邦94購01  ,0,0,0,0,0,0,0,0,0,-10000,0,0,0,0,10000,-10000,-10000
048550,中鴻元大96購01  ,0,0,0,0,0,0,0,0,0,-10000,0,0,0,0,10000,-10000,-10000
048565,康控元大94購04  ,0,0,0,0,0,0,0,0,0,-10000,0,0,0,0,10000,-10000,-10000
047980,東陽群益93購02  ,0,0,0,0,0,0,0,0,0,-10000,0,0,0,0,10000,-10000,-10000
047906,中石化元大94購01,0,0,0,0,0,0,0,0,0,-10000,0,0,0,0,10000,-10000,-10000
047482,新光金凱基99購03,0,0,0,0,0,0,0,0,0,-10000,0,0,0,0,10000,-10000,-10000
047733,友達兆豐95購01  ,0,0,0,0,0,0,0,0,0,-10000,0,0,0,0,10000,-10000,-10000
047745,廣宇元富93購01  ,0,0,0,0,0,0,0,0,0,-10000,0,0,0,0,10000,-10000,-10000
047746,宏碁元富93購01  ,0,0,0,0,0,0,0,0,0,-10000,0,0,0,2000,12000,-10000,-10000
047214,啟碁富邦97購01  ,0,0,0,0,0,0,0,0,0,-10000,0,0,0,0,10000,-10000,-10000
047396,力成元大93購01  ,0,0,0,0,0,0,0,0,0,-10000,0,0,0,0,10000,-10000,-10000
048835,牧德凱基94購02  ,0,0,0,0,0,0,0,0,0,-10000,0,0,0,4000,14000,-10000,-10000
048847,A50群益98購01   ,0,0,0,0,0,0,0,0,0,-10000,0,0,0,0,10000,-10000,-10000
049462,康友元富94購01  ,0,0,0,0,0,0,0,0,0,-10000,0,0,0,1000,11000,-10000,-10000
051296,鴻海凱基97購01  ,0,0,0,0,0,0,0,0,0,-10000,0,0,0,0,10000,-10000,-10000
051232,貿聯群益95購02  ,0,0,0,0,0,0,0,0,0,-10000,0,0,0,10000,20000,-10000,-10000
05123P,鴻海永昌96售07  ,0,0,0,0,0,0,0,0,0,-10000,0,0,0,200000,210000,-10000,-10000
05141P,華通台新96售01  ,0,0,0,0,0,0,0,0,0,-10000,0,0,0,0,10000,-10000,-10000
051424,緯穎國票97購01  ,0,0,0,0,0,0,0,0,0,-10000,0,0,0,0,10000,-10000,-10000
051519,國泰金凱基95購02,0,0,0,0,0,0,0,0,0,-10000,0,0,0,0,10000,-10000,-10000
051713,大立光台新95購03,0,0,0,0,0,0,0,0,0,-10000,0,0,0,0,10000,-10000,-10000
051778,全新群益95購01  ,0,0,0,0,0,0,0,0,0,-10000,0,0,0,4000,14000,-10000,-10000
051634,大立光國票96購03,0,0,0,0,0,0,0,0,0,-10000,0,0,0,13000,23000,-10000,-10000
051609,貿聯群益95購03  ,0,0,0,0,0,0,0,0,0,-10000,0,0,0,21000,31000,-10000,-10000
051595,康控元大95購04  ,0,0,0,0,0,0,0,0,0,-10000,0,0,0,0,10000,-10000,-10000
051640,GIS國票96購03   ,0,0,0,0,0,0,0,0,0,-10000,0,0,0,0,10000,-10000,-10000
051676,康舒元大95購01  ,0,0,0,0,0,0,0,0,0,-10000,0,0,0,0,10000,-10000,-10000
051767,臻鼎元大95購03  ,0,0,0,0,0,0,0,0,0,-10000,0,0,0,0,10000,-10000,-10000
051789,嘉澤國票96購01  ,0,0,0,0,0,0,0,0,0,-10000,0,0,0,0,10000,-10000,-10000
051822,和碩元富95購01  ,0,0,0,0,0,0,0,0,0,-10000,0,0,0,20000,30000,-10000,-10000
051817,元金2X統一95購01,0,0,0,0,0,0,0,0,0,-10000,0,0,0,0,10000,-10000,-10000
051970,元黃金凱基98購01,0,0,0,0,0,0,0,0,0,-10000,0,0,0,20000,30000,-10000,-10000
051024,南亞科統一95購01,0,0,0,0,0,0,0,0,0,-10000,0,0,0,0,10000,-10000,-10000
05104P,智邦台新95售02  ,0,0,0,0,0,0,0,0,0,-10000,0,0,0,25000,35000,-10000,-10000
051003,中環中信97購01  ,0,0,0,0,0,0,0,0,0,-10000,0,0,0,0,10000,-10000,-10000
050231,聯發科麥證94購03,0,0,0,0,10000,-10000,0,0,0,-10000,0,0,0,0,10000,-10000,-10000
050938,智原國票96購01  ,0,0,0,0,0,0,0,0,0,-10000,0,0,0,0,10000,-10000,-10000
050236,旺宏凱基94購06  ,0,0,0,0,0,0,0,0,0,-10000,0,0,0,15000,25000,-10000,-10000
05023P,和碩凱基95售01  ,0,0,0,0,0,0,0,0,0,-10000,0,0,0,0,10000,-10000,-10000
051149,可成凱基95購04  ,0,0,0,0,0,0,0,0,0,-10000,0,0,0,27000,37000,-10000,-10000
051188,鴻海兆豐95購01  ,0,0,0,0,0,0,0,0,0,-10000,0,0,0,0,10000,-10000,-10000
050909,華夏中信95購01  ,0,0,0,0,0,0,0,0,0,-10000,0,0,0,10000,20000,-10000,-10000
050833,台郡凱基95購01  ,0,0,0,0,0,0,0,0,0,-10000,0,0,0,0,10000,-10000,-10000
050808,台達電凱基96購02,0,0,0,0,0,0,0,0,0,-10000,0,0,0,1000,11000,-10000,-10000
050793,大立光富邦96購03,0,0,0,0,0,0,0,0,0,-10000,0,0,0,0,10000,-10000,-10000
050579,聯發科國票95購04,0,0,0,0,0,0,0,0,0,-10000,0,0,0,0,10000,-10000,-10000
050736,台積電康和94購01,0,0,0,0,0,0,0,0,0,-10000,0,0,0,0,10000,-10000,-10000
050666,道瓊銀永豐94購01,0,0,0,0,0,0,0,0,0,-10000,0,0,0,0,10000,-10000,-10000
050642,和大凱基94購03  ,0,0,0,0,0,0,0,0,0,-10000,0,0,0,71000,81000,-10000,-10000
052782,超眾國票96購02  ,0,0,0,0,0,0,0,0,0,-10000,0,0,0,0,10000,-10000,-10000
052780,玉晶光國票96購04,0,0,0,0,0,0,0,0,0,-10000,0,0,0,0,10000,-10000,-10000
052769,達興群益96購01  ,0,0,0,0,0,0,0,0,0,-10000,0,0,0,0,10000,-10000,-10000
05273P,國巨群益95售02  ,0,0,0,0,0,0,0,0,0,-10000,0,0,0,0,10000,-10000,-10000
052841,群創富邦96購02  ,0,0,0,0,0,0,0,0,0,-10000,0,0,0,0,10000,-10000,-10000
052970,美律群益96購01  ,0,0,0,0,0,0,0,0,0,-10000,0,0,0,73000,83000,-10000,-10000
053152,大立光元大99購01,0,0,0,0,0,0,0,0,0,-10000,0,0,0,20000,30000,-10000,-10000
053179,大立光統一96購04,0,0,0,0,0,0,0,0,0,-10000,0,0,0,20000,30000,-10000,-10000
053055,聯詠國票97購01  ,0,0,0,0,0,0,0,0,0,-10000,0,0,0,0,10000,-10000,-10000
053064,國巨群益96購04  ,0,0,0,0,0,0,0,0,0,-10000,0,0,0,78000,88000,-10000,-10000
053304,可成凱基96購03  ,0,0,0,0,0,0,0,0,0,-10000,0,0,0,10000,20000,-10000,-10000
053306,晶技凱基97購01  ,0,0,0,0,0,0,0,0,0,-10000,0,0,0,0,10000,-10000,-10000
053201,美律日盛96購01  ,0,0,0,0,0,0,0,0,0,-10000,0,0,0,0,10000,-10000,-10000
05205P,緯穎元大95售03  ,0,0,0,0,0,0,0,0,0,-10000,0,0,0,0,10000,-10000,-10000
052028,健策群益95購02  ,0,0,0,0,0,0,0,0,0,-10000,0,0,0,8000,18000,-10000,-10000
052005,矽力國泰97購02  ,0,0,0,0,0,0,0,0,0,-10000,0,0,0,156000,166000,-10000,-10000
052105,南亞科兆豐95購01,0,0,0,0,0,0,0,0,0,-10000,0,0,0,0,10000,-10000,-10000
052095,彩晶元大97購01  ,0,0,0,0,0,0,0,0,0,-10000,0,0,0,0,10000,-10000,-10000
052239,泰鼎國票97購01  ,0,0,0,0,0,0,0,0,0,-10000,0,0,0,10000,20000,-10000,-10000
052186,宏達電群益95購04,0,0,0,0,0,0,0,0,0,-10000,0,0,0,10000,20000,-10000,-10000
05230P,京元電群益95售01,0,0,0,0,0,0,0,0,0,-10000,0,0,0,9000,19000,-10000,-10000
05259P,臺股指凱基96售12,0,0,0,0,0,0,0,0,0,-10000,0,0,0,20000,30000,-10000,-10000
052485,深中小國票96購01,0,0,0,0,0,0,0,0,0,-10000,0,0,0,0,10000,-10000,-10000
052331,漢唐亞東97購01  ,0,0,0,0,0,0,0,0,0,-10000,0,0,0,0,10000,-10000,-10000
06192P,高股息中信98售01,0,0,0,0,0,0,0,0,0,-10000,0,0,0,0,10000,-10000,-10000
06214P,國巨國票98售04  ,0,0,0,0,0,0,0,0,0,-10000,0,0,0,3000,13000,-10000,-10000
06217P,鴻海元富97售05  ,0,0,0,0,0,0,0,0,0,-10000,0,0,0,0,10000,-10000,-10000
08897P,國巨群益01售10  ,0,0,0,0,0,0,0,0,0,-10000,0,0,0,0,10000,-10000,-10000
08751P,友達群益01售01  ,0,0,0,0,0,0,0,0,0,-10000,0,0,0,0,10000,-10000,-10000
08795P,聯發科凱基01售11,0,0,0,0,0,0,0,0,0,-10000,0,0,0,0,10000,-10000,-10000
2314,台揚            ,24000,35000,-11000,0,0,0,0,0,0,1000,0,5000,-5000,6000,0,6000,-10000
05877P,大立光群益96售06,0,0,0,0,0,0,0,0,0,-10000,0,0,0,15000,25000,-10000,-10000
06085P,義隆台新97售01  ,0,0,0,0,0,0,0,0,0,-10000,0,0,0,0,10000,-10000,-10000
06037P,超眾國票98售02  ,0,0,0,0,0,0,0,0,0,-10000,0,0,0,0,10000,-10000,-10000
06007P,世芯永豐96售01  ,0,0,0,0,0,0,0,0,0,-10000,0,0,0,0,10000,-10000,-10000
2399,映泰            ,155000,162000,-7000,0,0,0,0,0,0,-3000,0,3000,-3000,0,0,0,-10000
5471,松翰            ,21000,30000,-9000,0,0,0,0,0,0,-1000,0,1000,-1000,0,0,0,-10000
05525P,奇力新群益96售02,0,0,0,0,0,0,0,0,0,-11000,0,0,0,10000,21000,-11000,-11000
055208,京鼎康和97購02  ,0,0,0,0,0,0,0,0,0,-11000,0,0,0,89000,100000,-11000,-11000
055535,緯創群益98購01  ,0,0,0,0,0,0,0,0,0,-11000,0,0,0,0,11000,-11000,-11000
055613,全新國票98購01  ,0,0,0,0,0,0,0,0,0,-11000,0,0,0,0,11000,-11000,-11000
055459,建準永豐97購03  ,0,0,0,0,0,0,0,0,0,-11000,0,0,0,11000,22000,-11000,-11000
055488,華邦電元大98購01,0,0,0,0,0,0,0,0,0,-11000,0,0,0,55000,66000,-11000,-11000
05747P,漢唐群益96售03  ,0,0,0,0,0,0,0,0,0,-11000,0,0,0,0,11000,-11000,-11000
05661P,聯發科統一96售06,0,0,0,0,0,0,0,0,0,-11000,0,0,0,291000,302000,-11000,-11000
05632P,大立光群益96售02,0,0,0,0,0,0,0,0,0,-11000,0,0,0,0,11000,-11000,-11000
055696,華新科國票98購01,0,0,0,0,0,0,0,0,0,-11000,0,0,0,0,11000,-11000,-11000
05454P,奇鋐群益95售04  ,0,0,0,0,0,0,0,0,0,-11000,0,0,0,0,11000,-11000,-11000
053386,聯詠元大96購03  ,0,0,0,0,0,0,0,0,0,-11000,0,0,0,5000,16000,-11000,-11000
053672,嘉澤元富96購02  ,0,0,0,0,0,0,0,0,0,-11000,0,0,0,38000,49000,-11000,-11000
045626,上銀凱基93購05  ,0,0,0,0,0,0,0,0,0,-11000,0,0,0,20000,31000,-11000,-11000
04518P,高鐵群益95售01  ,0,0,0,0,0,0,0,0,0,-11000,0,0,0,0,11000,-11000,-11000
045301,聯發科元大92購05,0,0,0,0,0,0,0,0,0,-11000,0,0,0,0,11000,-11000,-11000
045360,樺漢凱基92購01  ,0,0,0,0,0,0,0,0,0,-11000,0,0,0,30000,41000,-11000,-11000
046139,京元電統一92購04,0,0,0,0,0,0,0,0,0,-11000,0,0,0,71000,82000,-11000,-11000
044820,臻鼎兆豐93購02  ,0,0,0,0,0,0,0,0,0,-11000,0,0,0,9000,20000,-11000,-11000
044801,微星凱基93購01  ,0,0,0,0,0,0,0,0,0,-11000,0,0,0,10000,21000,-11000,-11000
047247,淘帝群益93購01  ,0,0,0,0,0,0,0,0,0,-11000,0,0,0,0,11000,-11000,-11000
049968,麗豐國票95購01  ,0,0,0,0,0,0,0,0,0,-11000,0,0,0,0,11000,-11000,-11000
045043,台達電凱基93購01,0,0,0,0,0,0,0,0,0,-11000,0,0,0,0,11000,-11000,-11000
046360,儒鴻永豐92購01  ,0,0,0,0,0,0,0,0,0,-11000,0,0,0,20000,31000,-11000,-11000
04263P,南電群益93售03  ,0,0,0,0,0,0,0,0,0,-11000,0,0,0,0,11000,-11000,-11000
04316P,華新科國票94售05,0,0,0,0,0,0,0,0,0,-11000,0,0,0,0,11000,-11000,-11000
042023,大立光富邦92購04,0,0,0,0,0,0,0,0,0,-11000,0,0,0,1000,12000,-11000,-11000
03795P,智邦元大93售03  ,0,0,0,0,0,0,0,0,0,-11000,0,0,0,0,11000,-11000,-11000
03740P,奇鋐群益94售01  ,0,0,0,0,0,0,0,0,0,-11000,0,0,0,0,11000,-11000,-11000
04337P,台積電元大93售25,0,0,0,0,0,0,0,0,0,-11000,0,0,0,0,11000,-11000,-11000
04339P,欣興元大93售08  ,0,0,0,0,0,0,0,0,0,-11000,0,0,0,1000,12000,-11000,-11000
048149,泰鼎元富95購01  ,0,0,0,0,0,0,0,0,0,-11000,0,0,0,0,11000,-11000,-11000
048176,美利達國泰94購01,0,0,0,0,0,0,0,0,0,-11000,0,0,0,53000,64000,-11000,-11000
048648,祥碩元大93購03  ,0,0,0,0,0,0,0,0,0,-11000,0,0,0,0,11000,-11000,-11000
048982,牧德元大94購02  ,0,0,0,0,0,0,0,0,0,-11000,0,0,0,3000,14000,-11000,-11000
049200,元黃金群益98購01,0,0,0,0,0,0,0,0,0,-11000,0,0,0,0,11000,-11000,-11000
04914P,國巨國泰95售06  ,0,0,0,0,0,0,0,0,0,-11000,0,0,0,0,11000,-11000,-11000
04691P,智邦群益94售02  ,0,0,0,0,0,0,0,0,0,-11000,0,0,0,72000,83000,-11000,-11000
046938,致茂元大93購02  ,0,0,0,0,0,0,0,0,0,-11000,0,0,0,0,11000,-11000,-11000
048268,長榮航中信95購01,0,0,0,0,0,0,0,0,0,-11000,0,0,0,0,11000,-11000,-11000
049770,康控元富95購01  ,0,0,0,0,0,0,0,0,0,-11000,0,0,0,20000,31000,-11000,-11000
050389,鴻海統一95購04  ,0,0,0,0,0,0,0,0,0,-11000,0,0,0,0,11000,-11000,-11000
047057,瀚宇博國票93購01,0,0,0,0,0,0,0,0,0,-11000,0,0,0,0,11000,-11000,-11000
050159,超眾群益94購03  ,0,0,0,0,0,0,0,0,0,-11000,0,0,0,0,11000,-11000,-11000
050144,宏達電台新95購01,0,0,0,0,0,0,0,0,0,-11000,0,0,0,0,11000,-11000,-11000
052612,康舒元大97購01  ,0,0,0,0,0,0,0,0,0,-11000,0,0,0,22000,33000,-11000,-11000
052242,台達電台新96購01,0,0,0,0,0,0,0,0,0,-11000,0,0,0,0,11000,-11000,-11000
053165,大立光群益96購03,0,0,0,0,0,0,0,0,0,-11000,0,0,0,17000,28000,-11000,-11000
053039,聯發科凱基96購11,0,0,0,0,0,0,0,0,0,-11000,0,0,0,76000,87000,-11000,-11000
051126,訊連群益95購01  ,0,0,0,0,0,0,0,0,0,-11000,0,0,0,58000,69000,-11000,-11000
051088,台積電元大95購09,0,0,0,0,0,0,0,0,0,-11000,0,0,0,34000,45000,-11000,-11000
050385,貿聯國票95購02  ,0,0,0,0,0,0,0,0,0,-11000,0,0,0,0,11000,-11000,-11000
051700,深中小群益99購04,0,0,0,0,0,0,0,0,0,-11000,0,0,0,0,11000,-11000,-11000
051512,超眾麥證95購01  ,0,0,0,30000,41000,-11000,0,0,0,-11000,0,0,0,30000,41000,-11000,-11000
6168,宏齊            ,6000,2000,4000,0,0,0,0,0,0,-15000,0,15000,-15000,0,0,0,-11000
3617,碩天            ,29000,34000,-5000,0,0,0,0,0,0,-6000,0,6000,-6000,0,0,0,-11000
3257,虹冠電          ,9000,19000,-10000,0,0,0,0,0,0,-1000,2000,3000,-1000,0,0,0,-11000
2413,環科            ,1000,12000,-11000,0,0,0,0,0,0,0,0,0,0,0,0,0,-11000
2482,連宇            ,0,11000,-11000,0,0,0,0,0,0,0,0,0,0,0,0,0,-11000
2612,中航            ,14000,25000,-11000,0,0,0,0,0,0,0,0,0,0,0,0,0,-11000
06079P,燿華群益98售02  ,0,0,0,0,0,0,0,0,0,-11000,0,0,0,0,11000,-11000,-11000
05995P,T50正2中信9C售01,0,0,0,0,0,0,0,0,0,-11000,0,0,0,8000,19000,-11000,-11000
06188P,大立光元富97售01,0,0,0,0,0,0,0,0,0,-11000,0,0,0,10000,21000,-11000,-11000
053994,微星群益96購01  ,0,0,0,0,0,0,0,0,0,-12000,0,0,0,14000,26000,-12000,-12000
053477,大立光元大97購03,0,0,0,0,0,0,0,0,0,-12000,0,0,0,0,12000,-12000,-12000
053628,微星兆豐96購01  ,0,0,0,0,0,0,0,0,0,-12000,0,0,0,60000,72000,-12000,-12000
05569P,漢唐統一97售01  ,0,0,0,0,0,0,0,0,0,-12000,0,0,0,98000,110000,-12000,-12000
055593,華新科元大97購10,0,0,0,0,0,0,0,0,0,-12000,0,0,0,0,12000,-12000,-12000
055585,國巨元大98購08  ,0,0,0,0,0,0,0,0,0,-12000,0,0,0,0,12000,-12000,-12000
055578,群創統一98購03  ,0,0,0,0,0,0,0,0,0,-12000,0,0,0,0,12000,-12000,-12000
05466P,旺宏富邦97售01  ,0,0,0,0,0,0,0,0,0,-12000,0,0,0,0,12000,-12000,-12000
054718,可成永豐97購01  ,0,0,0,0,0,0,0,0,0,-12000,0,0,0,0,12000,-12000,-12000
03629C,元油2X元富98牛06,0,0,0,0,0,0,0,0,0,-12000,0,0,0,0,12000,-12000,-12000
00663L,國泰臺灣加權正2 ,0,0,0,0,0,0,0,0,0,-12000,0,0,0,0,12000,-12000,-12000
044853,亞光國泰93購01  ,0,0,0,0,0,0,0,0,0,-12000,0,0,0,21000,33000,-12000,-12000
049851,致伸群益94購03  ,0,0,0,0,0,0,0,0,0,-12000,0,0,0,98000,110000,-12000,-12000
046174,高鐵永豐92購01  ,0,0,0,0,0,0,0,0,0,-12000,0,0,0,0,12000,-12000,-12000
046332,同欣電元大92購01,0,0,0,0,0,0,0,0,0,-12000,0,0,0,52000,64000,-12000,-12000
046964,祥碩中信93購01  ,0,0,0,0,0,0,0,0,0,-12000,0,0,0,10000,22000,-12000,-12000
049661,喬山永豐94購01  ,0,0,0,0,0,0,0,0,0,-12000,0,0,0,0,12000,-12000,-12000
04893P,創意元大94售03  ,0,0,0,0,0,0,0,0,0,-12000,0,0,0,0,12000,-12000,-12000
04775P,台積電凱基94售29,0,0,0,0,0,0,0,0,0,-12000,0,0,0,0,12000,-12000,-12000
048088,台積電凱基93購23,0,0,0,0,0,0,0,0,0,-12000,0,0,0,8000,20000,-12000,-12000
051522,玉晶光凱基95購05,0,0,0,0,0,0,0,0,0,-12000,0,0,0,23000,35000,-12000,-12000
051780,矽力群益95購01  ,0,0,0,0,0,0,0,0,0,-12000,0,0,0,1000,13000,-12000,-12000
051737,瑞昱國票96購01  ,0,0,0,0,0,0,0,0,0,-12000,0,0,0,5000,17000,-12000,-12000
052794,群創兆豐97購01  ,0,0,0,0,0,0,0,0,0,-12000,0,0,0,2000,14000,-12000,-12000
052181,南茂元大95購05  ,0,0,0,0,0,0,0,0,0,-12000,0,0,0,522000,534000,-12000,-12000
052022,南電永豐95購03  ,0,0,0,0,0,0,0,0,0,-12000,0,0,0,0,12000,-12000,-12000
052402,健策凱基97購01  ,0,0,0,0,0,0,0,0,0,-12000,0,0,0,163000,175000,-12000,-12000
1437,勤益控          ,3000,15000,-12000,0,0,0,0,0,0,0,0,0,0,0,0,0,-12000
05958P,聯發科國票97售04,0,0,0,0,0,0,0,0,0,-12000,0,0,0,0,12000,-12000,-12000
06147P,國巨元大97售05  ,0,0,0,0,0,0,0,0,0,-12000,0,0,0,0,12000,-12000,-12000
2484,希華            ,40000,56000,-16000,0,0,0,0,0,0,4000,5000,1000,4000,0,0,0,-12000
4426,利勤            ,46000,57000,-11000,0,0,0,0,0,0,-1000,0,1000,-1000,0,0,0,-12000
5515,建國            ,0,12000,-12000,0,0,0,0,0,0,0,0,0,0,0,0,0,-12000
6115,鎰勝            ,0,0,0,0,0,0,0,0,0,-12000,0,12000,-12000,0,0,0,-12000
8926,台汽電          ,131000,18000,113000,0,0,0,0,0,0,-125000,1000,126000,-125000,0,0,0,-12000
054666,強茂元富97購01  ,0,0,0,0,0,0,0,0,0,-13000,0,0,0,10000,23000,-13000,-13000
054794,貿聯群益98購01  ,0,0,0,0,0,0,0,0,0,-13000,0,0,0,1000,14000,-13000,-13000
054864,聯發科群益97購02,0,0,0,0,0,0,0,0,0,-13000,0,0,0,10000,23000,-13000,-13000
055244,國巨統一98購01  ,0,0,0,0,0,0,0,0,0,-13000,0,0,0,55000,68000,-13000,-13000
055152,旺宏元大98購04  ,0,0,0,0,0,0,0,0,0,-13000,0,0,0,378000,391000,-13000,-13000
053640,上緯控永豐96購01,0,0,0,0,0,0,0,0,0,-13000,0,0,0,0,13000,-13000,-13000
053924,京鼎國票97購01  ,0,0,0,0,0,0,0,0,0,-13000,0,0,0,52000,65000,-13000,-13000
053845,和大元富96購01  ,0,0,0,0,0,0,0,0,0,-13000,0,0,0,93000,106000,-13000,-13000
05368P,可成元富95售03  ,0,0,0,0,0,0,0,0,0,-13000,0,0,0,0,13000,-13000,-13000
053829,力成麥證96購01  ,0,0,0,198000,211000,-13000,0,0,0,-13000,0,0,0,198000,211000,-13000,-13000
054591,GIS國泰98購01   ,0,0,0,0,0,0,0,0,0,-13000,0,0,0,0,13000,-13000,-13000
054050,創意元大96購06  ,0,0,0,0,0,0,0,0,0,-13000,0,0,0,252000,265000,-13000,-13000
054286,台積電元大96購22,0,0,0,0,0,0,0,0,0,-13000,0,0,0,136000,149000,-13000,-13000
054295,世芯元大96購03  ,0,0,0,0,0,0,0,0,0,-13000,0,0,0,173000,186000,-13000,-13000
054310,牧德凱基98購01  ,0,0,0,0,0,0,0,0,0,-13000,0,0,0,15000,28000,-13000,-13000
041900,元油2X富邦96購01,0,0,0,0,0,0,0,0,0,-13000,0,0,0,379000,392000,-13000,-13000
00702,國泰標普低波高息,0,0,0,0,0,0,0,0,0,-13000,0,0,0,0,13000,-13000,-13000
048981,牧德元大94購01  ,0,0,0,0,0,0,0,0,0,-13000,0,0,0,12000,25000,-13000,-13000
048556,技嘉元大93購03  ,0,0,0,0,0,0,0,0,0,-13000,0,0,0,0,13000,-13000,-13000
049242,佳世達元富96購01,0,0,0,0,0,0,0,0,0,-13000,0,0,0,20000,33000,-13000,-13000
049016,國巨群益94購02  ,0,0,0,0,0,0,0,0,0,-13000,0,0,0,8000,21000,-13000,-13000
050093,國巨永豐94購05  ,0,0,0,0,0,0,0,0,0,-13000,0,0,0,42000,55000,-13000,-13000
050517,台積電元大94購27,0,0,0,0,0,0,0,0,0,-13000,0,0,0,156000,169000,-13000,-13000
050209,華通國票95購01  ,0,0,0,0,0,0,0,0,0,-13000,0,0,0,2000,15000,-13000,-13000
050319,康控國票95購04  ,0,0,0,0,0,0,0,0,0,-13000,0,0,0,47000,60000,-13000,-13000
052439,寶成富邦97購01  ,0,0,0,0,0,0,0,0,0,-13000,0,0,0,10000,23000,-13000,-13000
05204P,TPK元大95售03   ,0,0,0,0,0,0,0,0,0,-13000,0,0,0,0,13000,-13000,-13000
053051,楠梓電國票97購01,0,0,0,0,0,0,0,0,0,-13000,0,0,0,6000,19000,-13000,-13000
053246,聯詠國票97購02  ,0,0,0,0,0,0,0,0,0,-13000,0,0,0,27000,40000,-13000,-13000
051947,矽力統一95購01  ,0,0,0,0,0,0,0,0,0,-13000,0,0,0,17000,30000,-13000,-13000
051553,牧德永豐96購02  ,0,0,0,0,0,0,0,0,0,-13000,0,0,0,11000,24000,-13000,-13000
051231,健策群益97購01  ,0,0,0,0,0,0,0,0,0,-13000,0,0,0,1000,14000,-13000,-13000
051389,台達電兆豐95購01,0,0,0,0,0,0,0,0,0,-13000,0,0,0,17000,30000,-13000,-13000
050995,貿聯元大95購02  ,0,0,0,0,0,0,0,0,0,-13000,0,0,0,0,13000,-13000,-13000
051098,矽格元大95購01  ,0,0,0,0,0,0,0,0,0,-13000,0,0,0,264000,277000,-13000,-13000
05076P,深中小群益99售02,0,0,0,0,0,0,0,0,0,-13000,0,0,0,17000,30000,-13000,-13000
6283,淳安            ,44000,57000,-13000,0,0,0,0,0,0,0,0,0,0,0,0,0,-13000
4952,凌通            ,3000,16000,-13000,0,0,0,0,0,0,0,0,0,0,0,0,0,-13000
3057,喬鼎            ,1000,13000,-12000,0,0,0,0,0,0,-1000,0,1000,-1000,0,0,0,-13000
2816,旺旺保          ,4000,17000,-13000,0,0,0,0,0,0,0,0,0,0,0,0,0,-13000
05903P,聯發科統一96售09,0,0,0,0,0,0,0,0,0,-13000,0,0,0,225000,238000,-13000,-13000
05869P,旺宏凱基96售05  ,0,0,0,0,0,0,0,0,0,-13000,0,0,0,0,13000,-13000,-13000
1720,生達            ,7000,20000,-13000,0,0,0,0,0,0,0,0,0,0,0,0,0,-13000
054125,元油反元大96購09,0,0,0,0,0,0,0,0,0,-14000,0,0,0,0,14000,-14000,-14000
054478,可成中信97購01  ,0,0,0,0,0,0,0,0,0,-14000,0,0,0,12000,26000,-14000,-14000
054420,緯穎元大96購08  ,0,0,0,0,0,0,0,0,0,-14000,0,0,0,58000,72000,-14000,-14000
053565,台光電富邦98購01,0,0,0,0,0,0,0,0,0,-14000,0,0,0,0,14000,-14000,-14000
05350P,可成元富98售04  ,0,0,0,0,0,0,0,0,0,-14000,0,0,0,0,14000,-14000,-14000
055063,玉晶光永豐99購01,0,0,0,0,0,0,0,0,0,-14000,0,0,0,32000,46000,-14000,-14000
055009,合勤控元富97購01,0,0,0,0,0,0,0,0,0,-14000,0,0,0,48000,62000,-14000,-14000
054681,味全永豐97購01  ,0,0,0,0,0,0,0,0,0,-14000,0,0,0,0,14000,-14000,-14000
055492,華新科元大97購08,0,0,0,0,0,0,0,0,0,-14000,0,0,0,1000,15000,-14000,-14000
04115P,欣興群益93售06  ,0,0,0,0,0,0,0,0,0,-14000,0,0,0,39000,53000,-14000,-14000
04285P,超眾永豐93售04  ,0,0,0,0,0,0,0,0,0,-14000,0,0,0,0,14000,-14000,-14000
045429,復盛凱基92購01  ,0,0,0,0,0,0,0,0,0,-14000,0,0,0,9000,23000,-14000,-14000
045113,玉晶光永豐92購01,0,0,0,0,0,0,0,0,0,-14000,0,0,0,37000,51000,-14000,-14000
046671,彩晶元大93購03  ,0,0,0,0,0,0,0,0,0,-14000,0,0,0,0,14000,-14000,-14000
049828,華新科凱基94購06,0,0,0,0,0,0,0,0,0,-14000,0,0,0,32000,46000,-14000,-14000
047574,和大群益93購03  ,0,0,0,0,0,0,0,0,0,-14000,0,0,0,26000,40000,-14000,-14000
049107,緯創富邦94購01  ,0,0,0,0,0,0,0,0,0,-14000,0,0,0,0,14000,-14000,-14000
048080,元石油凱基96購01,0,0,0,0,0,0,0,0,0,-14000,0,0,0,0,14000,-14000,-14000
048184,達運群益93購01  ,0,0,0,0,0,0,0,0,0,-14000,0,0,0,1000,15000,-14000,-14000
050993,聯發科元大95購05,0,0,0,0,0,0,0,0,0,-14000,0,0,0,59000,73000,-14000,-14000
051480,大立光凱基97購01,0,0,0,0,0,0,0,0,0,-14000,0,0,0,1000,15000,-14000,-14000
051799,台積電永豐96購01,0,0,0,0,0,0,0,0,0,-14000,0,0,0,0,14000,-14000,-14000
051756,台積電元大97購04,0,0,0,0,0,0,0,0,0,-14000,0,0,0,78000,92000,-14000,-14000
052798,滬深2X元大96購07,0,0,0,0,0,0,0,0,0,-14000,0,0,0,0,14000,-14000,-14000
052170,台積電元大95購20,0,0,0,0,0,0,0,0,0,-14000,0,0,0,94000,108000,-14000,-14000
052522,聯發科元大96購05,0,0,0,0,0,0,0,0,0,-14000,0,0,0,189000,203000,-14000,-14000
06034P,世芯凱基96售03  ,0,0,0,0,0,0,0,0,0,-14000,0,0,0,0,14000,-14000,-14000
2373,震旦行          ,2000,0,2000,0,0,0,0,0,0,-16000,0,16000,-16000,0,0,0,-14000
6155,鈞寶            ,63000,77000,-14000,0,0,0,0,0,0,0,0,0,0,0,0,0,-14000
055581,和大元大97購04  ,0,0,0,0,0,0,0,0,0,-15000,0,0,0,10000,25000,-15000,-15000
055595,宏達電元大98購02,0,0,0,0,0,0,0,0,0,-15000,0,0,0,0,15000,-15000,-15000
055615,宏達電國票99購02,0,0,0,0,0,0,0,0,0,-15000,0,0,0,0,15000,-15000,-15000
055622,群創國泰99購01  ,0,0,0,0,0,0,0,0,0,-15000,0,0,0,5000,20000,-15000,-15000
05809P,臺股指國票96售02,0,0,0,0,0,0,0,0,0,-15000,0,0,0,0,15000,-15000,-15000
054804,南亞元大9A購01  ,0,0,0,0,0,0,0,0,0,-15000,0,0,0,105000,120000,-15000,-15000
054730,上証2X凱基98購02,0,0,0,0,0,0,0,0,0,-15000,0,0,0,0,15000,-15000,-15000
054855,得力群益98購01  ,0,0,0,0,0,0,0,0,0,-15000,0,0,0,0,15000,-15000,-15000
053384,聯發科元大96購13,0,0,0,0,0,0,0,0,0,-15000,0,0,0,333000,348000,-15000,-15000
053378,台積電元大98購02,0,0,0,0,0,0,0,0,0,-15000,0,0,0,182000,197000,-15000,-15000
053808,大成鋼群益97購01,0,0,0,0,0,0,0,0,0,-15000,0,0,0,10000,25000,-15000,-15000
054369,鴻海中信9C購01  ,0,0,0,0,0,0,0,0,0,-15000,0,0,0,0,15000,-15000,-15000
054550,旺宏凱基98購02  ,0,0,0,0,0,0,0,0,0,-15000,0,0,0,2000,17000,-15000,-15000
054544,統一中信97購01  ,0,0,0,0,0,0,0,0,0,-15000,0,0,0,0,15000,-15000,-15000
054159,T50正2凱基99購01,0,0,0,0,0,0,0,0,0,-15000,0,0,0,7000,22000,-15000,-15000
054023,和大康和96購01  ,0,0,0,0,0,0,0,0,0,-15000,0,0,0,33000,48000,-15000,-15000
044673,上銀凱基93購04  ,0,0,0,0,0,0,0,0,0,-15000,0,0,0,46000,61000,-15000,-15000
045836,群創群益98購01  ,0,0,0,0,0,0,0,0,0,-15000,0,0,0,0,15000,-15000,-15000
045971,智伸科凱基92購01,0,0,0,0,0,0,0,0,0,-15000,0,0,0,23000,38000,-15000,-15000
049933,GIS元大95購01   ,0,0,0,0,0,0,0,0,0,-15000,0,0,0,77000,92000,-15000,-15000
046337,智原第一92購01  ,0,0,0,0,0,0,0,0,0,-15000,0,0,0,0,15000,-15000,-15000
046165,中磊兆豐93購01  ,0,0,0,0,0,0,0,0,0,-15000,0,0,0,0,15000,-15000,-15000
046604,康控群益93購02  ,0,0,0,0,0,0,0,0,0,-15000,0,0,0,0,15000,-15000,-15000
046002,美律統一93購01  ,0,0,0,0,0,0,0,0,0,-15000,0,0,0,45000,60000,-15000,-15000
046056,材料群益92購01  ,0,0,0,0,0,0,0,0,0,-15000,0,0,0,50000,65000,-15000,-15000
046067,富邦金凱基92購02,0,0,0,0,0,0,0,0,0,-15000,0,0,0,0,15000,-15000,-15000
045471,鎧勝元大93購01  ,0,0,0,0,0,0,0,0,0,-15000,0,0,0,0,15000,-15000,-15000
045437,大立光統一94購02,0,0,0,0,0,0,0,0,0,-15000,0,0,0,0,15000,-15000,-15000
044354,奇鋐元大93購02  ,0,0,0,0,0,0,0,0,0,-15000,0,0,0,5000,20000,-15000,-15000
03674P,同欣電元富92售03,0,0,0,0,0,0,0,0,0,-15000,0,0,0,10000,25000,-15000,-15000
043605,創意元大93購01  ,0,0,0,0,0,0,0,0,0,-15000,0,0,0,0,15000,-15000,-15000
047987,力成群益93購01  ,0,0,0,0,0,0,0,0,0,-15000,0,0,0,5000,20000,-15000,-15000
047908,南亞科元大93購02,0,0,0,0,0,0,0,0,0,-15000,0,0,0,5000,20000,-15000,-15000
047768,大立光元大95購01,0,0,0,0,0,0,0,0,0,-15000,0,0,0,0,15000,-15000,-15000
048067,台光電元富93購01,0,0,0,0,0,0,0,0,0,-15000,0,0,0,0,15000,-15000,-15000
047405,香港2X統一96購01,0,0,0,0,0,0,0,0,0,-15000,0,0,0,0,15000,-15000,-15000
049111,元油2X統一94購03,0,0,0,0,0,0,0,0,0,-15000,0,0,0,0,15000,-15000,-15000
04915P,鴻海永昌96售02  ,0,0,0,0,0,0,0,0,0,-15000,0,0,0,0,15000,-15000,-15000
049157,矽創元大95購01  ,0,0,0,0,0,0,0,0,0,-15000,0,0,0,7000,22000,-15000,-15000
049251,國巨元大95購02  ,0,0,0,0,0,0,0,0,0,-15000,0,0,0,0,15000,-15000,-15000
049233,聯發科統一94購04,0,0,0,0,0,0,0,0,0,-15000,0,0,0,50000,65000,-15000,-15000
049012,大成鋼群益94購01,0,0,0,0,0,0,0,0,0,-15000,0,0,0,0,15000,-15000,-15000
049030,凌華群益94購01  ,0,0,0,0,0,0,0,0,0,-15000,0,0,0,36000,51000,-15000,-15000
048270,T50反1富邦99購01,0,0,0,0,0,0,0,0,0,-15000,0,0,0,0,15000,-15000,-15000
046845,燿華永豐93購01  ,0,0,0,0,0,0,0,0,0,-15000,0,0,0,15000,30000,-15000,-15000
049812,致伸元大94購03  ,0,0,0,0,0,0,0,0,0,-15000,0,0,0,0,15000,-15000,-15000
049410,統一凱基94購02  ,0,0,0,0,0,0,0,0,0,-15000,0,0,0,10000,25000,-15000,-15000
050455,貿聯元大94購02  ,0,0,0,0,0,0,0,0,0,-15000,0,0,0,5000,20000,-15000,-15000
050496,鴻海富邦96購01  ,0,0,0,0,0,0,0,0,0,-15000,0,0,0,727000,742000,-15000,-15000
050356,緯穎群益94購05  ,0,0,0,0,0,0,0,0,0,-15000,0,0,0,65000,80000,-15000,-15000
050392,群創統一96購01  ,0,0,0,0,0,0,0,0,0,-15000,0,0,0,0,15000,-15000,-15000
050129,聯發科凱基94購11,0,0,0,0,0,0,0,0,0,-15000,0,0,0,28000,43000,-15000,-15000
047173,群創永豐93購01  ,0,0,0,0,0,0,0,0,0,-15000,0,0,0,0,15000,-15000,-15000
046962,群創中信95購03  ,0,0,0,0,0,0,0,0,0,-15000,0,0,0,0,15000,-15000,-15000
052493,上証2X中信97購02,0,0,0,0,0,0,0,0,0,-15000,0,0,0,2000,17000,-15000,-15000
052356,聯詠永豐95購03  ,0,0,0,0,0,0,0,0,0,-15000,0,0,0,0,15000,-15000,-15000
052699,友達國票97購01  ,0,0,0,0,0,0,0,0,0,-15000,0,0,0,0,15000,-15000,-15000
052653,臺股指永豐97購01,0,0,0,0,0,0,0,0,0,-15000,0,0,0,72000,87000,-15000,-15000
052213,富邦金元大95購01,0,0,0,0,0,0,0,0,0,-15000,0,0,0,0,15000,-15000,-15000
052053,泰鼎凱基96購01  ,0,0,0,0,0,0,0,0,0,-15000,0,0,0,30000,45000,-15000,-15000
05287P,鴻海元富95售09  ,0,0,0,0,0,0,0,0,0,-15000,0,0,0,85000,100000,-15000,-15000
052991,台積電台新96購01,0,0,0,0,0,0,0,0,0,-15000,0,0,0,0,15000,-15000,-15000
052918,智易富邦97購02  ,0,0,0,0,0,0,0,0,0,-15000,0,0,0,0,15000,-15000,-15000
051868,貿聯凱基96購01  ,0,0,0,0,0,0,0,0,0,-15000,0,0,0,0,15000,-15000,-15000
051862,旺宏凱基95購05  ,0,0,0,0,0,0,0,0,0,-15000,0,0,0,21000,36000,-15000,-15000
051052,台積電群益95購01,0,0,0,0,0,0,0,0,0,-15000,0,0,0,41000,56000,-15000,-15000
051066,台積電國票96購02,0,0,0,0,0,0,0,0,0,-15000,0,0,0,53000,68000,-15000,-15000
051145,台積電凱基95購05,0,0,0,0,0,0,0,0,0,-15000,0,0,0,0,15000,-15000,-15000
050577,美律國票94購03  ,0,0,0,0,0,0,0,0,0,-15000,0,0,0,0,15000,-15000,-15000
3419,譁裕            ,32000,44000,-12000,0,0,0,0,0,0,-3000,0,3000,-3000,0,0,0,-15000
4739,康普            ,10000,22000,-12000,0,0,0,0,0,0,-3000,0,0,0,0,3000,-3000,-15000
4566,時碩工業        ,44000,59000,-15000,0,0,0,0,0,0,0,0,0,0,0,0,0,-15000
2433,互盛電          ,1000,4000,-3000,0,0,0,0,0,0,-12000,0,12000,-12000,0,0,0,-15000
05823P,臺股指凱基96售20,0,0,0,0,0,0,0,0,0,-15000,0,0,0,0,15000,-15000,-15000
05911P,南亞科永豐96售03,0,0,0,0,0,0,0,0,0,-15000,0,0,0,0,15000,-15000,-15000
1312A,國喬特          ,0,0,0,0,0,0,0,0,0,-15000,1000,16000,-15000,0,0,0,-15000
8367,建新國際        ,6000,20000,-14000,0,0,0,0,0,0,-1000,0,1000,-1000,0,0,0,-15000
054174,宏達電台新97購01,0,0,0,0,0,0,0,0,0,-16000,0,0,0,0,16000,-16000,-16000
054164,強茂凱基98購01  ,0,0,0,0,0,0,0,0,0,-16000,0,0,0,4000,20000,-16000,-16000
054214,京鼎國票97購02  ,0,0,0,0,0,0,0,0,0,-16000,0,0,0,5000,21000,-16000,-16000
054201,聯詠富邦97購02  ,0,0,0,0,0,0,0,0,0,-16000,0,0,0,34000,50000,-16000,-16000
05441P,華通元大95售09  ,0,0,0,0,0,0,0,0,0,-16000,0,0,0,3000,19000,-16000,-16000
053458,聯詠國泰97購01  ,0,0,0,0,0,0,0,0,0,-16000,0,0,0,0,16000,-16000,-16000
053603,臺股指元大96購20,0,0,0,0,0,0,0,0,0,-16000,0,0,0,0,16000,-16000,-16000
05800P,台積電兆豐96售04,0,0,0,0,0,0,0,0,0,-16000,0,0,0,101000,117000,-16000,-16000
055698,茂林國票98購03  ,0,0,0,0,0,0,0,0,0,-16000,0,0,0,0,16000,-16000,-16000
05666P,聯發科凱基96售14,0,0,0,0,0,0,0,0,0,-16000,0,0,0,20000,36000,-16000,-16000
043513,台灣50元大96購05,0,0,0,0,0,0,0,0,0,-16000,0,0,0,0,16000,-16000,-16000
044269,群創中信95購01  ,0,0,0,0,0,0,0,0,0,-16000,0,0,0,176000,192000,-16000,-16000
03101P,GIS凱基01售04   ,0,0,0,0,0,0,0,0,0,-16000,0,0,0,0,16000,-16000,-16000
044838,同欣電元大91購01,0,0,0,0,0,0,0,0,0,-16000,0,0,0,0,16000,-16000,-16000
046288,創意兆豐92購03  ,0,0,0,0,0,0,0,0,0,-16000,0,0,0,0,16000,-16000,-16000
047029,日月光元大93購01,0,0,0,0,0,0,0,0,0,-16000,0,0,0,0,16000,-16000,-16000
04935P,鴻海中信96售01  ,0,0,0,0,0,0,0,0,0,-16000,0,0,0,9000,25000,-16000,-16000
049568,台積電統一94購08,0,0,0,0,0,0,0,0,0,-16000,0,0,0,80000,96000,-16000,-16000
048923,國巨永豐94購02  ,0,0,0,0,0,0,0,0,0,-16000,0,0,0,105000,121000,-16000,-16000
05037P,華新科元大95售09,0,0,0,0,0,0,0,0,0,-16000,0,0,0,5000,21000,-16000,-16000
051951,聯發科元富95購02,0,0,0,0,0,0,0,0,0,-16000,0,0,0,5000,21000,-16000,-16000
052731,宏達電國泰98購01,0,0,0,0,0,0,0,0,0,-16000,0,0,0,180000,196000,-16000,-16000
053236,群創永豐97購02  ,0,0,0,0,0,0,0,0,0,-16000,0,0,0,2000,18000,-16000,-16000
2243,宏旭-KY         ,29000,45000,-16000,0,0,0,0,0,0,0,0,0,0,0,0,0,-16000
2374,佳能            ,12000,7000,5000,0,0,0,0,0,0,-21000,0,21000,-21000,0,0,0,-16000
2609,陽明            ,74000,90000,-16000,0,0,0,0,0,0,0,0,0,0,0,0,0,-16000
6112,聚碩            ,5000,20000,-15000,0,0,0,0,0,0,-1000,0,1000,-1000,0,0,0,-16000
6449,鈺邦            ,14000,30000,-16000,0,0,0,0,0,0,0,0,0,0,0,0,0,-16000
055710,亞德客元大97購03,0,0,0,0,0,0,0,0,0,-17000,0,0,0,10000,27000,-17000,-17000
05709P,大立光國票97售01,0,0,0,0,0,0,0,0,0,-17000,0,0,0,0,17000,-17000,-17000
055274,華泰元大97購02  ,0,0,0,0,0,0,0,0,0,-17000,0,0,0,0,17000,-17000,-17000
054740,強茂凱基99購01  ,0,0,0,0,0,0,0,0,0,-17000,0,0,0,3000,20000,-17000,-17000
055077,臺股指永豐97購02,0,0,0,0,0,0,0,0,0,-17000,0,0,0,0,17000,-17000,-17000
053415,聯茂國票97購01  ,0,0,0,0,0,0,0,0,0,-17000,0,0,0,56000,73000,-17000,-17000
053703,緯穎兆豐96購01  ,0,0,0,0,0,0,0,0,0,-17000,0,0,0,0,17000,-17000,-17000
054326,宏達電台新97購02,0,0,0,0,0,0,0,0,0,-17000,0,0,0,0,17000,-17000,-17000
054085,華新科統一96購04,0,0,0,0,0,0,0,0,0,-17000,0,0,0,175000,192000,-17000,-17000
045085,新日興元大92購01,0,0,0,0,0,0,0,0,0,-17000,0,0,0,0,17000,-17000,-17000
04559P,華通凱基94售03  ,0,0,0,0,0,0,0,0,0,-17000,0,0,0,0,17000,-17000,-17000
045926,康控康和92購01  ,0,0,0,0,0,0,0,0,0,-17000,0,0,0,10000,27000,-17000,-17000
042803,天鈺元大93購01  ,0,0,0,0,0,0,0,0,0,-17000,0,0,0,0,17000,-17000,-17000
00641R,富邦日本反1     ,0,0,0,0,0,0,0,0,0,-17000,0,0,0,56000,73000,-17000,-17000
044273,微星群益92購01  ,0,0,0,0,0,0,0,0,0,-17000,0,0,0,5000,22000,-17000,-17000
049040,亞光兆豐95購01  ,0,0,0,0,0,0,0,0,0,-17000,0,0,0,6000,23000,-17000,-17000
049013,川湖群益94購01  ,0,0,0,0,0,0,0,0,0,-17000,0,0,0,0,17000,-17000,-17000
04809P,台光電群益94售04,0,0,0,0,0,0,0,0,0,-17000,0,0,0,0,17000,-17000,-17000
049499,康控元大96購01  ,0,0,0,0,0,0,0,0,0,-17000,0,0,0,351000,368000,-17000,-17000
049607,台積電兆豐94購04,0,0,0,0,0,0,0,0,0,-17000,0,0,0,53000,70000,-17000,-17000
049653,緯穎凱基94購03  ,0,0,0,0,0,0,0,0,0,-17000,0,0,0,0,17000,-17000,-17000
049704,羅麗芬元大95購01,0,0,0,0,0,0,0,0,0,-17000,0,0,0,0,17000,-17000,-17000
047042,佐登群益93購01  ,0,0,0,0,0,0,0,0,0,-17000,0,0,0,5000,22000,-17000,-17000
050358,致新群益94購01  ,0,0,0,0,0,0,0,0,0,-17000,0,0,0,182000,199000,-17000,-17000
052757,華邦電群益96購01,0,0,0,0,0,0,0,0,0,-17000,0,0,0,34000,51000,-17000,-17000
052809,訊芯元大97購01  ,0,0,0,0,0,0,0,0,0,-17000,0,0,0,10000,27000,-17000,-17000
052601,大成鋼元大96購01,20000,0,20000,0,0,0,0,0,0,-37000,0,0,0,75000,112000,-37000,-17000
052589,群創永豐97購01  ,0,0,0,0,0,0,0,0,0,-17000,0,0,0,17000,34000,-17000,-17000
051801,牧德永豐95購04  ,0,0,0,0,0,0,0,0,0,-17000,0,0,0,13000,30000,-17000,-17000
051752,緯穎富邦96購01  ,0,0,0,0,0,0,0,0,0,-17000,0,0,0,32000,49000,-17000,-17000
05149P,緯穎國泰96售01  ,0,0,0,0,0,0,0,0,0,-17000,0,0,0,5000,22000,-17000,-17000
051229,亞光群益95購01  ,0,0,0,0,0,0,0,0,0,-17000,0,0,0,11000,28000,-17000,-17000
050962,聯發科永豐95購02,0,0,0,0,0,0,0,0,0,-17000,0,0,0,25000,42000,-17000,-17000
050977,聯發科統一95購02,0,0,0,0,0,0,0,0,0,-17000,0,0,0,22000,39000,-17000,-17000
050992,台積電元大97購01,0,0,0,0,0,0,0,0,0,-17000,0,0,0,154000,171000,-17000,-17000
051216,為升元富95購01  ,0,0,0,0,0,0,0,0,0,-17000,0,0,0,230000,247000,-17000,-17000
051100,同欣電元大95購01,0,0,0,0,0,0,0,0,0,-17000,0,0,0,0,17000,-17000,-17000
050802,康控群益95購01  ,0,0,0,0,0,0,0,0,0,-17000,0,0,0,0,17000,-17000,-17000
050927,聯詠凱基95購01  ,0,0,0,0,0,0,0,0,0,-17000,0,0,0,5000,22000,-17000,-17000
5225,東科-KY         ,16000,32000,-16000,0,0,0,0,0,0,-1000,0,1000,-1000,0,0,0,-17000
2616,山隆            ,0,17000,-17000,0,0,0,0,0,0,0,0,0,0,0,0,0,-17000
2476,鉅祥            ,0,5000,-5000,0,0,0,0,0,0,-12000,0,12000,-12000,0,0,0,-17000
1442,名軒            ,55000,72000,-17000,0,0,0,0,0,0,0,0,0,0,0,0,0,-17000
08637P,台灣50中信96售03,0,0,0,0,0,0,0,0,0,-17000,0,0,0,3000,20000,-17000,-17000
06083P,華通統一98售02  ,0,0,0,0,0,0,0,0,0,-17000,0,0,0,0,17000,-17000,-17000
05381P,聯詠群益95售02  ,0,0,0,0,0,0,0,0,0,-18000,0,0,0,23000,41000,-18000,-18000
055570,華通統一98購03  ,0,0,0,0,0,0,0,0,0,-18000,0,0,0,0,18000,-18000,-18000
055439,台表科國票98購02,0,0,0,0,0,0,0,0,0,-18000,0,0,0,0,18000,-18000,-18000
05804P,美律永豐96售01  ,0,0,0,0,0,0,0,0,0,-18000,0,0,0,35000,53000,-18000,-18000
055638,上銀元富97購01  ,0,0,0,0,0,0,0,0,0,-18000,0,0,0,0,18000,-18000,-18000
05637P,聯電元大96售04  ,0,0,0,0,0,0,0,0,0,-18000,0,0,0,50000,68000,-18000,-18000
040508,上証2X國泰93購01,0,0,0,0,0,0,0,0,0,-18000,0,0,0,0,18000,-18000,-18000
045881,同欣電元富92購01,0,0,0,0,0,0,0,0,0,-18000,0,0,0,71000,89000,-18000,-18000
049958,華新科統一94購08,0,0,0,0,0,0,0,0,0,-18000,0,0,0,0,18000,-18000,-18000
045283,上銀永豐92購01  ,0,0,0,0,0,0,0,0,0,-18000,0,0,0,12000,30000,-18000,-18000
047035,華邦電群益94購02,0,0,0,0,0,0,0,0,0,-18000,0,0,0,54000,72000,-18000,-18000
050114,群創元大95購01  ,0,0,0,0,0,0,0,0,0,-18000,0,0,0,17000,35000,-18000,-18000
049611,緯穎兆豐95購02  ,0,0,0,0,0,0,0,0,0,-18000,0,0,0,0,18000,-18000,-18000
049622,聯詠群益94購02  ,0,0,0,0,0,0,0,0,0,-18000,0,0,0,2000,20000,-18000,-18000
049561,道瓊銀統一96購01,0,0,0,0,0,0,0,0,0,-18000,0,0,0,0,18000,-18000,-18000
049192,元油2X永豐96購02,0,0,0,0,0,0,0,0,0,-18000,0,0,0,0,18000,-18000,-18000
049167,元油2X凱基97購03,0,0,0,0,0,0,0,0,0,-18000,0,0,0,0,18000,-18000,-18000
050715,台積電群益96購01,0,0,0,0,0,0,0,0,0,-18000,0,0,0,45000,63000,-18000,-18000
05112P,燿華統一95售01  ,0,0,0,0,0,0,0,0,0,-18000,0,0,0,10000,28000,-18000,-18000
051085,鴻海元大95購03  ,0,0,0,0,0,0,0,0,0,-18000,0,0,0,141000,159000,-18000,-18000
051082,上証2X元大98購01,0,0,0,0,0,0,0,0,0,-18000,0,0,0,0,18000,-18000,-18000
05152P,玉晶光群益96售05,0,0,0,0,0,0,0,0,0,-18000,0,0,0,0,18000,-18000,-18000
051513,台積電凱基95購13,0,0,0,0,0,0,0,0,0,-18000,0,0,0,20000,38000,-18000,-18000
051802,同欣電永豐95購02,0,0,0,0,0,0,0,0,0,-18000,0,0,0,258000,276000,-18000,-18000
052195,健策元富95購01  ,0,0,0,0,0,0,0,0,0,-18000,0,0,0,0,18000,-18000,-18000
052848,聯發科統一96購03,0,0,0,0,0,0,0,0,0,-18000,0,0,0,0,18000,-18000,-18000
053101,創意元富96購03  ,0,0,0,0,0,0,0,0,0,-18000,0,0,0,110000,128000,-18000,-18000
06024P,台郡國票97售05  ,0,0,0,0,0,0,0,0,0,-18000,0,0,0,9000,27000,-18000,-18000
06022P,緯穎永豐96售03  ,0,0,0,0,0,0,0,0,0,-18000,0,0,0,0,18000,-18000,-18000
05913P,國巨元大96售11  ,0,0,0,0,0,0,0,0,0,-18000,0,0,0,22000,40000,-18000,-18000
1441,大東            ,8000,26000,-18000,0,0,0,0,0,0,0,0,0,0,0,0,0,-18000
2467,志聖            ,25000,33000,-8000,0,0,0,0,0,0,-10000,0,10000,-10000,0,0,0,-18000
3321,同泰            ,14000,2000,12000,0,0,0,0,0,0,-30000,0,30000,-30000,0,0,0,-18000
8404,百和興業-KY     ,15700,34000,-18300,0,0,0,0,0,0,0,0,0,0,0,0,0,-18300
05700P,臻鼎凱基96售02  ,0,0,0,0,0,0,0,0,0,-19000,0,0,0,1000,20000,-19000,-19000
055614,華新科國票97購02,0,0,0,0,0,0,0,0,0,-19000,0,0,0,2000,21000,-19000,-19000
055197,致新元富97購02  ,0,0,0,0,0,0,0,0,0,-19000,0,0,0,87000,106000,-19000,-19000
054820,新日興元大97購01,0,0,0,0,0,0,0,0,0,-19000,0,0,0,50000,69000,-19000,-19000
05383P,鴻海富邦95售06  ,0,0,0,0,0,0,0,0,0,-19000,0,0,0,0,19000,-19000,-19000
054107,上銀凱基97購01  ,0,0,0,0,0,0,0,0,0,-19000,0,0,0,50000,69000,-19000,-19000
054335,緯穎永豐96購02  ,0,0,0,0,0,0,0,0,0,-19000,0,0,0,58000,77000,-19000,-19000
054277,亞光群益97購01  ,0,0,0,0,0,0,0,0,0,-19000,0,0,0,4000,23000,-19000,-19000
054485,華邦電台新96購01,0,0,0,0,0,0,0,0,0,-19000,0,0,0,81000,100000,-19000,-19000
054451,上銀亞東98購01  ,0,0,0,0,0,0,0,0,0,-19000,0,0,0,5000,24000,-19000,-19000
054563,泰碩群益99購01  ,0,0,0,0,0,0,0,0,0,-19000,0,0,0,11000,30000,-19000,-19000
054538,台光電國票98購01,0,0,0,0,0,0,0,0,0,-19000,0,0,0,41000,60000,-19000,-19000
045202,力成凱基92購01  ,0,0,0,0,0,0,0,0,0,-19000,0,0,0,19000,38000,-19000,-19000
039319,華新科國泰92購01,0,0,0,0,0,0,0,0,0,-19000,0,0,0,0,19000,-19000,-19000
049504,臺股指元大94購15,0,0,0,0,0,0,0,0,0,-19000,0,0,0,2000,21000,-19000,-19000
04806P,臻鼎元富94售06  ,0,0,0,0,0,0,0,0,0,-19000,0,0,0,1000,20000,-19000,-19000
047798,臺股指群益93購09,0,0,0,0,0,0,0,0,0,-19000,0,0,0,9000,28000,-19000,-19000
049426,為升兆豐95購01  ,0,0,0,0,0,0,0,0,0,-19000,0,0,0,81000,100000,-19000,-19000
050152,聯發科群益94購07,0,0,0,0,0,0,0,0,0,-19000,0,0,0,11000,30000,-19000,-19000
053142,緯穎永豐96購01  ,0,0,0,0,0,0,0,0,0,-19000,0,0,0,44000,63000,-19000,-19000
052240,臻鼎國票96購03  ,0,0,0,0,0,0,0,0,0,-19000,0,0,0,0,19000,-19000,-19000
05165P,欣興元富95售03  ,0,0,0,0,0,0,0,0,0,-19000,0,0,0,115000,134000,-19000,-19000
050230,聯發科麥證94購02,0,0,0,0,19000,-19000,0,0,0,-19000,0,0,0,0,19000,-19000,-19000
05093P,可成元大95售03  ,0,0,0,0,0,0,0,0,0,-19000,0,0,0,61000,80000,-19000,-19000
050901,樺漢元大95購02  ,0,0,0,0,0,0,0,0,0,-19000,0,0,0,244000,263000,-19000,-19000
9925,新保            ,8000,4000,4000,0,0,0,0,0,0,-23000,0,23000,-23000,0,0,0,-19000
2362,藍天            ,110000,82000,28000,0,0,0,0,0,0,-47000,4000,51000,-47000,0,0,0,-19000
1232,大統益          ,2000,8000,-6000,0,0,0,0,0,0,-13000,0,13000,-13000,0,0,0,-19000
06163P,聯詠群益97售01  ,0,0,0,0,0,0,0,0,0,-19000,0,0,0,60000,79000,-19000,-19000
054365,遠東新中信96購01,0,0,0,0,0,0,0,0,0,-20000,0,0,0,0,20000,-20000,-20000
054401,康普永豐96購01  ,0,0,0,0,0,0,0,0,0,-20000,0,0,0,10000,30000,-20000,-20000
054406,旺宏國票98購01  ,0,0,0,0,0,0,0,0,0,-20000,0,0,0,0,20000,-20000,-20000
054407,美律國票97購02  ,0,0,0,0,0,0,0,0,0,-20000,0,0,0,0,20000,-20000,-20000
054177,牧德台新97購01  ,0,0,0,0,0,0,0,0,0,-20000,0,0,0,3000,23000,-20000,-20000
053700,臺股指元大96購23,0,0,0,0,0,0,0,0,0,-20000,0,0,0,0,20000,-20000,-20000
053977,新日興元大96購03,0,0,0,0,0,0,0,0,0,-20000,0,0,0,61000,81000,-20000,-20000
053476,冠德元大96購03  ,0,0,0,0,0,0,0,0,0,-20000,0,0,0,0,20000,-20000,-20000
054757,南亞國票98購01  ,0,0,0,0,0,0,0,0,0,-20000,0,0,0,0,20000,-20000,-20000
054712,上証2X中信98購02,0,0,0,0,0,0,0,0,0,-20000,0,0,0,0,20000,-20000,-20000
055151,台積電元大98購05,0,0,0,0,0,0,0,0,0,-20000,0,0,0,192000,212000,-20000,-20000
055574,美律統一97購01  ,0,0,0,0,0,0,0,0,0,-20000,0,0,0,0,20000,-20000,-20000
055534,晶技群益97購03  ,0,0,0,0,0,0,0,0,0,-20000,0,0,0,0,20000,-20000,-20000
055529,華邦電群益97購02,0,0,0,0,0,0,0,0,0,-20000,0,0,0,0,20000,-20000,-20000
055512,聯詠兆豐97購01  ,0,0,0,0,0,0,0,0,0,-20000,0,0,0,0,20000,-20000,-20000
055475,臻鼎凱基97購02  ,0,0,0,0,0,0,0,0,0,-20000,0,0,0,0,20000,-20000,-20000
055423,亞光亞東99購01  ,0,0,0,0,0,0,0,0,0,-20000,0,0,0,0,20000,-20000,-20000
05782P,聯詠元富96售02  ,0,0,0,0,0,0,0,0,0,-20000,0,0,0,0,20000,-20000,-20000
05626P,景碩國票97售03  ,0,0,0,0,0,0,0,0,0,-20000,0,0,0,0,20000,-20000,-20000
055691,訊芯凱基97購02  ,0,0,0,0,0,0,0,0,0,-20000,0,0,0,0,20000,-20000,-20000
03902P,義隆國票94售01  ,0,0,0,0,0,0,0,0,0,-20000,0,0,0,0,20000,-20000,-20000
00683L,元大美元指數正2 ,0,0,0,0,0,0,0,0,0,-20000,0,0,0,40000,60000,-20000,-20000
04329P,TPK群益93售04   ,0,0,0,0,0,0,0,0,0,-20000,0,0,0,0,20000,-20000,-20000
043523,奇鋐元大93購01  ,0,0,0,0,0,0,0,0,0,-20000,0,0,0,0,20000,-20000,-20000
042754,元黃金元大93購01,0,0,0,0,0,0,0,0,0,-20000,0,0,0,0,20000,-20000,-20000
043171,冠德國泰93購01  ,0,0,0,0,0,0,0,0,0,-20000,0,0,0,0,20000,-20000,-20000
043051,天鈺國泰93購01  ,0,0,0,0,0,0,0,0,0,-20000,0,0,0,50000,70000,-20000,-20000
046357,聯發科台新92購01,0,0,0,0,0,0,0,0,0,-20000,0,0,0,0,20000,-20000,-20000
046458,大立光凱基92購11,0,0,0,0,0,0,0,0,0,-20000,0,0,0,0,20000,-20000,-20000
044917,奇力新永豐91購02,0,0,0,0,0,0,0,0,0,-20000,0,0,0,0,20000,-20000,-20000
044175,亞光統一92購01  ,0,0,0,0,0,0,0,0,0,-20000,0,0,0,0,20000,-20000,-20000
044439,南電元大93購01  ,0,0,0,0,0,0,0,0,0,-20000,0,0,0,2000,22000,-20000,-20000
043938,華邦電兆豐93購01,0,0,0,0,0,0,0,0,0,-20000,0,0,0,0,20000,-20000,-20000
044509,台光電凱基93購03,0,0,0,0,0,0,0,0,0,-20000,0,0,0,0,20000,-20000,-20000
042527,台灣50永豐94購01,0,0,0,0,0,0,0,0,0,-20000,0,0,0,0,20000,-20000,-20000
04231P,聯發科亞東93售03,0,0,0,0,0,0,0,0,0,-20000,0,0,0,0,20000,-20000,-20000
045142,聯茂兆豐93購02  ,0,0,0,0,0,0,0,0,0,-20000,0,0,0,0,20000,-20000,-20000
045308,泰鼎元大93購02  ,0,0,0,0,0,0,0,0,0,-20000,0,0,0,0,20000,-20000,-20000
045346,潤泰全凱基92購02,0,0,0,0,0,0,0,0,0,-20000,0,0,0,10000,30000,-20000,-20000
046479,群創元富94購01  ,0,0,0,0,0,0,0,0,0,-20000,0,0,0,0,20000,-20000,-20000
045525,智邦永豐92購01  ,0,0,0,0,0,0,0,0,0,-20000,0,0,0,0,20000,-20000,-20000
045517,元油2X元富98購01,0,0,0,0,0,0,0,0,0,-20000,0,0,0,0,20000,-20000,-20000
046335,矽創元大92購04  ,0,0,0,0,0,0,0,0,0,-20000,0,0,0,38000,58000,-20000,-20000
046634,GIS元富93購01   ,0,0,0,0,0,0,0,0,0,-20000,0,0,0,20000,40000,-20000,-20000
045652,緯穎凱基92購01  ,0,0,0,0,0,0,0,0,0,-20000,0,0,0,0,20000,-20000,-20000
045701,聯發科中信92購02,0,0,0,0,0,0,0,0,0,-20000,0,0,0,0,20000,-20000,-20000
050016,緯穎富邦95購01  ,0,0,0,0,0,0,0,0,0,-20000,0,0,0,17000,37000,-20000,-20000
048054,鴻海國泰95購01  ,0,0,0,0,0,0,0,0,0,-20000,0,0,0,0,20000,-20000,-20000
045796,廣達中信93購01  ,0,0,0,0,0,0,0,0,0,-20000,0,0,0,0,20000,-20000,-20000
044643,滬深2X群益96購01,0,0,0,0,0,0,0,0,0,-20000,0,0,0,0,20000,-20000,-20000
044634,致新元大91購03  ,0,0,0,0,0,0,0,0,0,-20000,0,0,0,0,20000,-20000,-20000
046663,亞光元大93購02  ,0,0,0,0,0,0,0,0,0,-20000,0,0,0,1000,21000,-20000,-20000
046706,智邦台新93購01  ,0,0,0,0,0,0,0,0,0,-20000,0,0,0,0,20000,-20000,-20000
044577,欣興凱基91購06  ,0,0,0,0,0,0,0,0,0,-20000,0,0,0,0,20000,-20000,-20000
047087,亞泥元富93購01  ,0,0,0,0,0,0,0,0,0,-20000,0,0,0,0,20000,-20000,-20000
047080,仁寶康和93購01  ,0,0,0,0,0,0,0,0,0,-20000,0,0,0,0,20000,-20000,-20000
047077,日月光兆豐93購01,0,0,0,0,0,0,0,0,0,-20000,0,0,0,6000,26000,-20000,-20000
046989,可成凱基93購03  ,0,0,0,0,0,0,0,0,0,-20000,0,0,0,0,20000,-20000,-20000
050595,緯穎永豐94購03  ,0,0,0,0,0,0,0,0,0,-20000,0,0,0,0,20000,-20000,-20000
050441,和碩凱基94購01  ,0,0,0,0,0,0,0,0,0,-20000,0,0,0,8000,28000,-20000,-20000
05050P,華通群益96售02  ,0,0,0,0,0,0,0,0,0,-20000,0,0,0,0,20000,-20000,-20000
04942P,台積電台新94售01,0,0,0,0,0,0,0,0,0,-20000,0,0,0,0,20000,-20000,-20000
04944P,元油2X永豐94售06,0,0,0,0,0,0,0,0,0,-20000,0,0,0,0,20000,-20000,-20000
049374,大立光元大94購12,0,0,0,0,0,0,0,0,0,-20000,0,0,0,0,20000,-20000,-20000
049680,臺股指國票94購13,0,0,0,0,0,0,0,0,0,-20000,0,0,0,10000,30000,-20000,-20000
049726,道瓊反中信96購01,0,0,0,0,0,0,0,0,0,-20000,0,0,0,0,20000,-20000,-20000
049821,中石化凱基94購02,0,0,0,0,0,0,0,0,0,-20000,0,0,0,0,20000,-20000,-20000
048415,深中小統一93購03,0,0,0,0,0,0,0,0,0,-20000,0,0,0,0,20000,-20000,-20000
048366,深中小統一93購02,0,0,0,0,0,0,0,0,0,-20000,0,0,0,0,20000,-20000,-20000
048333,大立光富邦95購01,0,0,0,0,0,0,0,0,0,-20000,0,0,0,0,20000,-20000,-20000
047650,矽力元大93購01  ,0,0,0,0,0,0,0,0,0,-20000,0,0,0,0,20000,-20000,-20000
046927,上銀富邦95購01  ,0,0,0,0,0,0,0,0,0,-20000,0,0,0,3000,23000,-20000,-20000
047799,技嘉兆豐93購01  ,0,0,0,0,0,0,0,0,0,-20000,0,0,0,0,20000,-20000,-20000
047460,富邦金群益95購01,0,0,0,0,0,0,0,0,0,-20000,0,0,0,0,20000,-20000,-20000
048856,高鐵群益94購01  ,0,0,0,0,0,0,0,0,0,-20000,0,0,0,10000,30000,-20000,-20000
048064,可成統一93購02  ,0,0,0,0,0,0,0,0,0,-20000,0,0,0,0,20000,-20000,-20000
048820,台積電凱基94購06,0,0,0,0,0,0,0,0,0,-20000,0,0,0,0,20000,-20000,-20000
048824,聯發科凱基94購03,0,0,0,0,0,0,0,0,0,-20000,0,0,0,79000,99000,-20000,-20000
048159,聯詠兆豐93購03  ,0,0,0,0,0,0,0,0,0,-20000,0,0,0,10000,30000,-20000,-20000
048834,牧德凱基94購01  ,0,0,0,0,0,0,0,0,0,-20000,0,0,0,0,20000,-20000,-20000
049126,玉晶光元富94購02,0,0,0,0,0,0,0,0,0,-20000,0,0,0,0,20000,-20000,-20000
048671,大立光永豐93購04,0,0,0,0,0,0,0,0,0,-20000,0,0,0,0,20000,-20000,-20000
048518,聯茂凱基93購10  ,0,0,0,0,0,0,0,0,0,-20000,0,0,0,0,20000,-20000,-20000
048624,美律台新93購01  ,0,0,0,0,0,0,0,0,0,-20000,0,0,0,0,20000,-20000,-20000
050914,健鼎中信95購01  ,0,0,0,0,0,0,0,0,0,-20000,0,0,0,0,20000,-20000,-20000
050710,元黃金中信96購01,0,0,0,0,0,0,0,0,0,-20000,0,0,0,50000,70000,-20000,-20000
050700,健策凱基96購01  ,0,0,0,0,0,0,0,0,0,-20000,0,0,0,0,20000,-20000,-20000
051047,深中小群益99購01,0,0,0,0,0,0,0,0,0,-20000,0,0,0,220000,240000,-20000,-20000
051225,台積電群益95購02,0,0,0,0,0,0,0,0,0,-20000,0,0,0,56000,76000,-20000,-20000
051197,光寶科麥證95購01,0,0,0,1000,16000,-15000,0,0,0,-20000,0,0,0,1000,21000,-20000,-20000
051597,T50反1中信99購02,0,0,0,0,0,0,0,0,0,-20000,0,0,0,30000,50000,-20000,-20000
051725,緯穎永豐95購02  ,0,0,0,0,0,0,0,0,0,-20000,0,0,0,0,20000,-20000,-20000
051972,廣達凱基95購02  ,0,0,0,0,0,0,0,0,0,-20000,0,0,0,0,20000,-20000,-20000
051920,南茂元大95購03  ,0,0,0,0,0,0,0,0,0,-20000,0,0,0,0,20000,-20000,-20000
051523,牧德凱基95購02  ,0,0,0,0,0,0,0,0,0,-20000,0,0,0,27000,47000,-20000,-20000
051563,泰鼎國泰96購01  ,0,0,0,0,0,0,0,0,0,-20000,0,0,0,76000,96000,-20000,-20000
051552,牧德永豐95購03  ,0,0,0,0,0,0,0,0,0,-20000,0,0,0,5000,25000,-20000,-20000
051252,健鼎元大95購01  ,0,0,0,0,0,0,0,0,0,-20000,0,0,0,0,20000,-20000,-20000
052291,鴻海元富97購02  ,0,0,0,0,0,0,0,0,0,-20000,0,0,0,0,20000,-20000,-20000
052082,臺股指元富95購04,0,0,0,0,0,0,0,0,0,-20000,0,0,0,0,20000,-20000,-20000
052543,聯詠元富95購01  ,0,0,0,0,0,0,0,0,0,-20000,0,0,0,0,20000,-20000,-20000
05269P,臻鼎元大95售05  ,0,0,0,0,0,0,0,0,0,-20000,0,0,0,14000,34000,-20000,-20000
052334,大成鋼日盛95購01,0,0,0,0,0,0,0,0,0,-20000,0,0,0,0,20000,-20000,-20000
053181,滬深2X元富99購02,0,0,0,0,0,0,0,0,0,-20000,0,0,0,10000,30000,-20000,-20000
053228,康友台新97購01  ,0,0,0,0,0,0,0,0,0,-20000,0,0,0,131000,151000,-20000,-20000
053219,祥碩凱基96購01  ,0,0,0,0,0,0,0,0,0,-20000,0,0,0,77000,97000,-20000,-20000
053265,南亞科群益96購02,0,0,0,0,0,0,0,0,0,-20000,0,0,0,4000,24000,-20000,-20000
052815,滬深2X永豐97購01,0,0,0,0,0,0,0,0,0,-20000,0,0,0,0,20000,-20000,-20000
05275P,國巨凱基95售05  ,0,0,0,0,0,0,0,0,0,-20000,0,0,0,0,20000,-20000,-20000
06142P,台虹康和97售02  ,0,0,0,0,0,0,0,0,0,-20000,0,0,0,22000,42000,-20000,-20000
06120P,大立光凱基98售05,0,0,0,0,0,0,0,0,0,-20000,0,0,0,21000,41000,-20000,-20000
05990P,台積電群益96售13,0,0,0,0,0,0,0,0,0,-20000,0,0,0,0,20000,-20000,-20000
5607,遠雄港          ,32000,53000,-21000,0,0,0,0,0,0,1000,1000,0,1000,0,0,0,-20000
055601,茂林元大97購03  ,0,0,0,0,0,0,0,0,0,-21000,0,0,0,12000,33000,-21000,-21000
054852,奇鋐國票98購01  ,0,0,0,0,0,0,0,0,0,-21000,0,0,0,0,21000,-21000,-21000
054880,華泰統一97購01  ,0,0,0,0,0,0,0,0,0,-21000,0,0,0,70000,91000,-21000,-21000
054875,群電群益97購01  ,0,0,0,0,0,0,0,0,0,-21000,0,0,0,0,21000,-21000,-21000
053380,南亞科元大97購01,0,0,0,0,0,0,0,0,0,-21000,0,0,0,1000,22000,-21000,-21000
053749,揚明光永豐97購01,0,0,0,0,0,0,0,0,0,-21000,0,0,0,0,21000,-21000,-21000
053837,貿聯永豐96購02  ,0,0,0,0,0,0,0,0,0,-21000,0,0,0,68000,89000,-21000,-21000
053831,台積電台新97購02,0,0,0,0,0,0,0,0,0,-21000,0,0,0,0,21000,-21000,-21000
054055,全新國票99購02  ,0,0,0,0,0,0,0,0,0,-21000,0,0,0,19000,40000,-21000,-21000
045738,強茂群益92購01  ,0,0,0,0,0,0,0,0,0,-21000,0,0,0,0,21000,-21000,-21000
047248,奇鋐群益95購01  ,0,0,0,0,0,0,0,0,0,-21000,0,0,0,0,21000,-21000,-21000
049854,超眾群益94購02  ,0,0,0,0,0,0,0,0,0,-21000,0,0,0,0,21000,-21000,-21000
049945,樺漢第一94購01  ,0,0,0,0,0,0,0,0,0,-21000,0,0,0,4000,25000,-21000,-21000
046268,嘉晶凱基93購02  ,0,0,0,0,0,0,0,0,0,-21000,0,0,0,0,21000,-21000,-21000
04295P,智邦元大93售10  ,0,0,0,0,0,0,0,0,0,-21000,0,0,0,0,21000,-21000,-21000
045454,上銀元大93購01  ,0,0,0,0,0,0,0,0,0,-21000,0,0,0,2000,23000,-21000,-21000
043854,華新科富邦93購01,0,0,0,0,0,0,0,0,0,-21000,0,0,0,19000,40000,-21000,-21000
048931,晶華永豐94購01  ,0,0,0,0,0,0,0,0,0,-21000,0,0,0,0,21000,-21000,-21000
048105,滬深2X群益99購02,0,0,0,0,0,0,0,0,0,-21000,0,0,0,0,21000,-21000,-21000
047855,美律國票94購01  ,0,0,0,0,0,0,0,0,0,-21000,0,0,0,21000,42000,-21000,-21000
047549,聯發科凱基93購12,0,0,0,0,0,0,0,0,0,-21000,0,0,0,20000,41000,-21000,-21000
049317,啟碁凱基94購02  ,0,0,0,0,0,0,0,0,0,-21000,0,0,0,0,21000,-21000,-21000
053173,矽格群益97購01  ,0,0,0,0,0,0,0,0,0,-21000,0,0,0,46000,67000,-21000,-21000
053150,聯發科元大96購11,0,0,0,0,0,0,0,0,0,-21000,0,0,0,59000,80000,-21000,-21000
052574,茂林凱基96購02  ,0,0,0,0,0,0,0,0,0,-21000,0,0,0,124000,145000,-21000,-21000
051466,玉晶光富邦97購01,0,0,0,0,0,0,0,0,0,-21000,0,0,0,5000,26000,-21000,-21000
051452,貿聯元大95購04  ,0,0,0,0,0,0,0,0,0,-21000,0,0,0,0,21000,-21000,-21000
051877,嘉聯益國票97購02,0,0,0,0,0,0,0,0,0,-21000,0,0,0,23000,44000,-21000,-21000
051194,大立光中信96購02,0,0,0,0,0,0,0,0,0,-21000,0,0,0,10000,31000,-21000,-21000
051203,微星麥證95購01  ,0,0,0,0,21000,-21000,0,0,0,-21000,0,0,0,0,21000,-21000,-21000
050887,台積電富邦95購05,0,0,0,0,0,0,0,0,0,-21000,0,0,0,0,21000,-21000,-21000
050864,亞光永豐95購01  ,0,0,0,0,0,0,0,0,0,-21000,0,0,0,1000,22000,-21000,-21000
2471,資通            ,25000,47000,-22000,0,0,0,0,0,0,1000,1000,0,1000,0,0,0,-21000
05846P,大立光元大96售07,0,0,0,0,0,0,0,0,0,-21000,0,0,0,325000,346000,-21000,-21000
06169P,華新科元富97售02,0,0,0,0,0,0,0,0,0,-21000,0,0,0,0,21000,-21000,-21000
06012P,世芯國票96售01  ,0,0,0,0,0,0,0,0,0,-21000,0,0,0,0,21000,-21000,-21000
054610,聯發科永豐97購01,0,0,0,0,0,0,0,0,0,-22000,0,0,0,103000,125000,-22000,-22000
053744,台郡國票97購03  ,0,0,0,0,0,0,0,0,0,-22000,0,0,0,20000,42000,-22000,-22000
053342,全新國票99購01  ,0,0,0,0,0,0,0,0,0,-22000,0,0,0,118000,140000,-22000,-22000
054679,台積電康和99購01,0,0,0,0,0,0,0,0,0,-22000,0,0,0,0,22000,-22000,-22000
05664P,國巨凱基96售09  ,0,0,0,0,0,0,0,0,0,-22000,0,0,0,0,22000,-22000,-22000
04381P,世紀鋼元大94售01,0,0,0,0,0,0,0,0,0,-22000,0,0,0,0,22000,-22000,-22000
03842P,鴻海元富93售02  ,0,0,0,0,0,0,0,0,0,-22000,0,0,0,0,22000,-22000,-22000
042712,元石油國票95購01,0,0,0,0,0,0,0,0,0,-22000,0,0,0,3000,25000,-22000,-22000
041909,大立光元大92購01,0,0,0,0,0,0,0,0,0,-22000,0,0,0,10000,32000,-22000,-22000
04172P,大立光凱基93售34,0,0,0,0,0,0,0,0,0,-22000,0,0,0,0,22000,-22000,-22000
046590,同欣電元大92購02,0,0,0,0,0,0,0,0,0,-22000,0,0,0,0,22000,-22000,-22000
045615,樺漢群益92購01  ,0,0,0,0,0,0,0,0,0,-22000,0,0,0,10000,32000,-22000,-22000
049852,康控群益94購03  ,0,0,0,0,0,0,0,0,0,-22000,0,0,0,0,22000,-22000,-22000
049375,大立光元大94購13,0,0,0,0,0,0,0,0,0,-22000,0,0,0,2000,24000,-22000,-22000
049357,微星富邦94購01  ,0,0,0,0,0,0,0,0,0,-22000,0,0,0,7000,29000,-22000,-22000
050558,台積電統一94購14,0,0,0,0,0,0,0,0,0,-22000,0,0,0,13000,35000,-22000,-22000
050477,矽力永豐94購01  ,0,0,0,0,0,0,0,0,0,-22000,0,0,0,12000,34000,-22000,-22000
046972,同欣電群益93購01,0,0,0,0,0,0,0,0,0,-22000,0,0,0,0,22000,-22000,-22000
051604,喬山群益95購01  ,0,0,0,0,0,0,0,0,0,-22000,0,0,0,0,22000,-22000,-22000
052569,聯發科凱基96購08,0,0,0,0,0,0,0,0,0,-22000,0,0,0,218000,240000,-22000,-22000
052596,群創群益98購05  ,0,0,0,0,0,0,0,0,0,-22000,0,0,0,9000,31000,-22000,-22000
052637,欣興凱基97購01  ,0,0,0,0,0,0,0,0,0,-22000,0,0,0,0,22000,-22000,-22000
052441,亞泥元大95購01  ,0,0,0,0,0,0,0,0,0,-22000,0,0,0,144000,166000,-22000,-22000
052052,嘉澤凱基95購02  ,0,0,0,0,0,0,0,0,0,-22000,0,0,0,6000,28000,-22000,-22000
052036,臺股指群益95購09,0,0,0,0,0,0,0,0,0,-22000,0,0,0,0,22000,-22000,-22000
052312,美律富邦96購02  ,0,0,0,0,0,0,0,0,0,-22000,0,0,0,0,22000,-22000,-22000
052247,深中小永豐95購01,0,0,0,0,0,0,0,0,0,-22000,0,0,0,0,22000,-22000,-22000
053146,滬深2X元大96購08,0,0,0,0,0,0,0,0,0,-22000,0,0,0,0,22000,-22000,-22000
053275,燿華元大97購01  ,0,0,0,0,0,0,0,0,0,-22000,0,0,0,82000,104000,-22000,-22000
2104,國際中橡        ,198000,145000,53000,0,0,0,0,0,0,-75000,0,66000,-66000,0,9000,-9000,-22000
2107,厚生            ,68000,89000,-21000,0,0,0,0,0,0,-1000,0,1000,-1000,0,0,0,-22000
2450,神腦            ,0,4000,-4000,0,0,0,0,0,0,-18000,0,18000,-18000,0,0,0,-22000
2905,三商            ,62000,20000,42000,0,0,0,0,0,0,-64000,0,64000,-64000,0,0,0,-22000
3622,洋華            ,13000,38000,-25000,0,0,0,0,0,0,3000,4000,1000,3000,0,0,0,-22000
4960,誠美材          ,6000,28000,-22000,0,0,0,0,0,0,0,0,0,0,0,0,0,-22000
055620,樺漢國票98購01  ,0,0,0,0,0,0,0,0,0,-23000,0,0,0,30000,53000,-23000,-23000
05795P,華邦電群益96售05,0,0,0,0,0,0,0,0,0,-23000,0,0,0,0,23000,-23000,-23000
055149,國巨元大97購06  ,0,0,0,0,0,0,0,0,0,-23000,0,0,0,15000,38000,-23000,-23000
053391,嘉聯益元大99購01,0,0,0,0,0,0,0,0,0,-23000,0,0,0,0,23000,-23000,-23000
053674,臺股指元富96購01,0,0,0,0,0,0,0,0,0,-23000,0,0,0,0,23000,-23000,-23000
049885,緯穎永豐94購01  ,0,0,0,0,0,0,0,0,0,-23000,0,0,0,12000,35000,-23000,-23000
049902,大立光元富94購05,0,0,0,0,0,0,0,0,0,-23000,0,0,0,37000,60000,-23000,-23000
046557,亞泥凱基93購02  ,0,0,0,0,0,0,0,0,0,-23000,0,0,0,7000,30000,-23000,-23000
045643,臻鼎凱基93購01  ,0,0,0,0,0,0,0,0,0,-23000,0,0,0,0,23000,-23000,-23000
04230P,臺股指中信95售06,0,0,0,0,0,0,0,0,0,-23000,0,0,0,18000,41000,-23000,-23000
04500P,燿華統一94售01  ,0,0,0,0,0,0,0,0,0,-23000,0,0,0,0,23000,-23000,-23000
03640C,元油2X元大9B牛02,0,0,0,0,0,0,0,0,0,-23000,0,0,0,0,23000,-23000,-23000
00771,元大US高息特別股,0,0,0,0,0,0,0,0,0,-23000,0,0,0,0,23000,-23000,-23000
00851,台新全球AI      ,0,0,0,0,0,0,0,0,0,-23000,0,0,0,9000,32000,-23000,-23000
050063,聯發科凱基94購09,0,0,0,0,0,0,0,0,0,-23000,0,0,0,29000,52000,-23000,-23000
050311,上銀兆豐95購01  ,0,0,0,0,0,0,0,0,0,-23000,0,0,0,0,23000,-23000,-23000
049749,創意永豐94購01  ,0,0,0,0,0,0,0,0,0,-23000,0,0,0,0,23000,-23000,-23000
048735,美利達麥證95購01,0,0,0,10000,36000,-26000,0,0,0,-23000,0,0,0,13000,36000,-23000,-23000
049166,元油2X凱基97購02,0,0,0,0,0,0,0,0,0,-23000,0,0,0,0,23000,-23000,-23000
053119,日月光中信97購01,0,0,0,0,0,0,0,0,0,-23000,0,0,0,15000,38000,-23000,-23000
051568,智邦富邦95購01  ,0,0,0,0,0,0,0,0,0,-23000,0,0,0,251000,274000,-23000,-23000
4994,傳奇            ,42000,55000,-13000,0,0,0,0,0,0,-10000,0,0,0,1000,11000,-10000,-23000
6108,競國            ,19000,32000,-13000,0,0,0,0,0,0,-10000,0,10000,-10000,0,0,0,-23000
2486,一詮            ,7000,29000,-22000,0,0,0,0,0,0,-1000,0,1000,-1000,0,0,0,-23000
1736,喬山            ,250000,314000,-64000,0,0,0,0,0,0,41000,26000,46000,-20000,64000,3000,61000,-23000
05865P,大立光元大96售09,0,0,0,0,0,0,0,0,0,-23000,0,0,0,500000,523000,-23000,-23000
05999P,世芯元大96售01  ,0,0,0,0,0,0,0,0,0,-23000,0,0,0,72000,95000,-23000,-23000
9907,統一實          ,40432,57000,-16568,0,0,0,0,0,0,-7000,0,7000,-7000,0,0,0,-23568
053884,緯穎第一96購01  ,0,0,0,0,0,0,0,0,0,-24000,0,0,0,26000,50000,-24000,-24000
054359,南亞科日盛96購02,0,0,0,0,0,0,0,0,0,-24000,0,0,0,696000,720000,-24000,-24000
054458,復盛群益96購01  ,0,0,0,0,0,0,0,0,0,-24000,0,0,0,33000,57000,-24000,-24000
054472,道瓊反中信9A購01,0,0,0,0,0,0,0,0,0,-24000,0,0,0,0,24000,-24000,-24000
054165,亞光凱基96購02  ,0,0,0,0,0,0,0,0,0,-24000,0,0,0,22000,46000,-24000,-24000
054329,華新科永豐96購02,0,0,0,0,0,0,0,0,0,-24000,0,0,0,70000,94000,-24000,-24000
054861,智邦群益97購01  ,0,0,0,0,0,0,0,0,0,-24000,0,0,0,20000,44000,-24000,-24000
055310,聯詠群益97購02  ,0,0,0,0,0,0,0,0,0,-24000,0,0,0,2000,26000,-24000,-24000
03686P,大立光統一98售02,0,0,0,0,0,0,0,0,0,-24000,0,0,0,62000,86000,-24000,-24000
043453,上銀元大92購01  ,0,0,0,0,0,0,0,0,0,-24000,0,0,0,0,24000,-24000,-24000
042784,上銀兆豐93購01  ,0,0,0,0,0,0,0,0,0,-24000,0,0,0,0,24000,-24000,-24000
044405,材料凱基93購01  ,0,0,0,0,0,0,0,0,0,-24000,0,0,0,161000,185000,-24000,-24000
04612P,上銀群益94售01  ,0,0,0,0,0,0,0,0,0,-24000,0,0,0,356000,380000,-24000,-24000
049967,華新科國票94購07,0,0,0,0,0,0,0,0,0,-24000,0,0,0,47000,71000,-24000,-24000
04782P,智伸科統一96售01,0,0,0,0,0,0,0,0,0,-24000,0,0,0,0,24000,-24000,-24000
047465,滬深2X國泰94購01,0,0,0,0,0,0,0,0,0,-24000,0,0,0,0,24000,-24000,-24000
04967P,台表科永豐94售04,0,0,0,0,0,0,0,0,0,-24000,0,0,0,186000,210000,-24000,-24000
049700,瀚宇博元大97購01,0,0,0,0,0,0,0,0,0,-24000,0,0,0,94000,118000,-24000,-24000
051639,康友國票96購02  ,0,0,0,0,0,0,0,0,0,-24000,0,0,0,104000,128000,-24000,-24000
05088P,大立光富邦99售01,0,0,0,0,0,0,0,0,0,-24000,0,0,0,67000,91000,-24000,-24000
050659,宏達電元大96購01,0,0,0,0,0,0,0,0,0,-24000,0,0,0,4000,28000,-24000,-24000
051099,台郡元大95購03  ,0,0,0,0,0,0,0,0,0,-24000,0,0,0,59000,83000,-24000,-24000
053050,華通國票97購02  ,0,0,0,0,0,0,0,0,0,-24000,0,0,0,0,24000,-24000,-24000
053291,旺宏中信9A購01  ,0,0,0,0,0,0,0,0,0,-24000,0,0,0,2000,26000,-24000,-24000
06016P,京元電凱基96售03,0,0,0,0,0,0,0,0,0,-24000,0,0,0,0,24000,-24000,-24000
2464,盟立            ,31000,56000,-25000,0,0,0,0,0,0,1000,0,0,0,1000,0,1000,-24000
2477,美隆電          ,1000,7000,-6000,0,0,0,0,0,0,-18000,0,18000,-18000,0,0,0,-24000
4942,嘉彰            ,24000,48000,-24000,0,0,0,0,0,0,0,0,0,0,0,0,0,-24000
3008,大立光          ,453557,460504,-6947,0,0,0,1000,8135,-7135,-10000,18000,19000,-1000,3000,12000,-9000,-24082
055309,冠德群益97購01  ,0,0,0,0,0,0,0,0,0,-25000,0,0,0,0,25000,-25000,-25000
055388,華通統一97購03  ,0,0,0,0,0,0,0,0,0,-25000,0,0,0,63000,88000,-25000,-25000
055477,同欣電凱基98購01,0,0,0,0,0,0,0,0,0,-25000,0,0,0,62000,87000,-25000,-25000
055721,聯詠元大97購04  ,0,0,0,0,0,0,0,0,0,-25000,0,0,0,0,25000,-25000,-25000
05625P,國巨國票97售01  ,0,0,0,0,0,0,0,0,0,-25000,0,0,0,5000,30000,-25000,-25000
05610P,國巨群益98售01  ,0,0,0,0,0,0,0,0,0,-25000,0,0,0,5000,30000,-25000,-25000
05469P,台積電元大95售24,0,0,0,0,0,0,0,0,0,-25000,0,0,0,20000,45000,-25000,-25000
055248,可成統一97購02  ,0,0,0,0,0,0,0,0,0,-25000,0,0,0,0,25000,-25000,-25000
054992,南亞科元富97購02,0,0,0,0,0,0,0,0,0,-25000,0,0,0,0,25000,-25000,-25000
05430P,台積電統一95售07,0,0,0,0,0,0,0,0,0,-25000,0,0,0,0,25000,-25000,-25000
054137,聯詠元大97購02  ,0,0,0,0,0,0,0,0,0,-25000,0,0,0,12000,37000,-25000,-25000
05347P,滬深2X元富9B售02,0,0,0,0,0,0,0,0,0,-25000,0,0,0,5000,30000,-25000,-25000
047274,華新科永豐93購02,0,0,0,0,0,0,0,0,0,-25000,0,0,0,15000,40000,-25000,-25000
04583P,滬深2X永豐94售06,0,0,0,0,0,0,0,0,0,-25000,0,0,0,0,25000,-25000,-25000
045699,GIS兆豐92購02   ,0,0,0,0,0,0,0,0,0,-25000,0,0,0,25000,50000,-25000,-25000
044108,華新科國票91購03,0,0,0,0,0,0,0,0,0,-25000,0,0,0,1000,26000,-25000,-25000
041916,大立光中信93購01,0,0,0,0,0,0,0,0,0,-25000,0,0,0,0,25000,-25000,-25000
043862,和大元大92購01  ,0,0,0,0,0,0,0,0,0,-25000,0,0,0,0,25000,-25000,-25000
03779P,力山凱基93售01  ,0,0,0,0,0,0,0,0,0,-25000,0,0,0,0,25000,-25000,-25000
049757,聯茂永豐94購01  ,0,0,0,0,0,0,0,0,0,-25000,0,0,0,0,25000,-25000,-25000
04932P,香港2X中信96售01,0,0,0,0,0,0,0,0,0,-25000,0,0,0,5000,30000,-25000,-25000
046828,聯發科群益94購01,0,0,0,0,0,0,0,0,0,-25000,0,0,0,13000,38000,-25000,-25000
050154,可成群益94購05  ,0,0,0,0,0,0,0,0,0,-25000,0,0,0,0,25000,-25000,-25000
050192,康控元大97購01  ,0,0,0,0,0,0,0,0,0,-25000,0,0,0,543000,568000,-25000,-25000
050523,義隆元大94購05  ,0,0,0,0,0,0,0,0,0,-25000,0,0,0,173000,198000,-25000,-25000
047130,台達電凱基93購03,0,0,0,0,0,0,0,0,0,-25000,0,0,0,0,25000,-25000,-25000
047821,臺股指凱基93購15,0,0,0,0,0,0,0,0,0,-25000,0,0,0,0,25000,-25000,-25000
047895,台積電群益94購04,0,0,0,0,0,0,0,0,0,-25000,0,0,0,61000,86000,-25000,-25000
048839,牧德凱基95購01  ,0,0,0,0,0,0,0,0,0,-25000,0,0,0,37000,62000,-25000,-25000
049091,訊連凱基94購01  ,0,0,0,0,0,0,0,0,0,-25000,0,0,0,0,25000,-25000,-25000
048505,滬深2X群益99購03,0,0,0,0,0,0,0,0,0,-25000,0,0,0,0,25000,-25000,-25000
052265,聯發科亞東95購01,0,0,0,0,0,0,0,0,0,-25000,0,0,0,0,25000,-25000,-25000
05266P,華新科元大95售11,0,0,0,0,0,0,0,0,0,-25000,0,0,0,0,25000,-25000,-25000
052545,康控元富95購02  ,0,0,0,0,0,0,0,0,0,-25000,0,0,0,32000,57000,-25000,-25000
051135,建準永豐95購01  ,0,0,0,0,0,0,0,0,0,-25000,0,0,0,0,25000,-25000,-25000
05100P,智邦凱基95售02  ,0,0,0,0,0,0,0,0,0,-25000,0,0,0,37000,62000,-25000,-25000
050688,大立光日盛94購03,0,0,0,0,0,0,0,0,0,-25000,0,0,0,0,25000,-25000,-25000
050804,和大日盛95購01  ,0,0,0,0,0,0,0,0,0,-25000,0,0,0,51000,76000,-25000,-25000
051637,嘉聯益國票96購01,0,0,0,0,0,0,0,0,0,-25000,0,0,0,41000,66000,-25000,-25000
051625,聯發科麥證95購01,0,0,0,7000,32000,-25000,0,0,0,-25000,0,0,0,7000,32000,-25000,-25000
051726,南茂永豐95購03  ,0,0,0,0,0,0,0,0,0,-25000,0,0,0,0,25000,-25000,-25000
3050,鈺德            ,0,25000,-25000,0,0,0,0,0,0,0,0,0,0,0,0,0,-25000
4916,事欣科          ,6000,30000,-24000,0,0,0,0,0,0,-1000,0,1000,-1000,0,0,0,-25000
06143P,鴻海永豐97售02  ,0,0,0,0,0,0,0,0,0,-25000,0,0,0,0,25000,-25000,-25000
06100P,台積電日盛97售03,0,0,0,0,0,0,0,0,0,-25000,0,0,0,0,25000,-25000,-25000
05928P,華邦電康和96售01,0,0,0,0,0,0,0,0,0,-25000,0,0,0,0,25000,-25000,-25000
053535,宏達電永豐96購02,0,0,0,0,0,0,0,0,0,-26000,0,0,0,20000,46000,-26000,-26000
055001,京鼎元富97購01  ,0,0,0,0,0,0,0,0,0,-26000,0,0,0,344000,370000,-26000,-26000
055113,大立光凱基98購06,0,0,0,0,0,0,0,0,0,-26000,0,0,0,0,26000,-26000,-26000
055215,智邦凱基98購02  ,0,0,0,0,0,0,0,0,0,-26000,0,0,0,10000,36000,-26000,-26000
05478P,智伸科國票96售02,0,0,0,0,0,0,0,0,0,-26000,0,0,0,20000,46000,-26000,-26000
054857,信錦群益97購01  ,0,0,0,0,0,0,0,0,0,-26000,0,0,0,5000,31000,-26000,-26000
054960,新日興元大97購02,0,0,0,0,0,0,0,0,0,-26000,0,0,0,74000,100000,-26000,-26000
05774P,臺股指凱基99售04,0,0,0,0,0,0,0,0,0,-26000,0,0,0,5000,31000,-26000,-26000
05687P,臺股指元大96售12,0,0,0,0,0,0,0,0,0,-26000,0,0,0,30000,56000,-26000,-26000
055504,貿聯元大98購04  ,0,0,0,0,0,0,0,0,0,-26000,0,0,0,0,26000,-26000,-26000
04419P,奇力新永豐94售01,0,0,0,0,0,0,0,0,0,-26000,0,0,0,105000,131000,-26000,-26000
043012,義隆元大92購01  ,0,0,0,0,0,0,0,0,0,-26000,0,0,0,20000,46000,-26000,-26000
04308P,京元電凱基93售06,0,0,0,0,0,0,0,0,0,-26000,0,0,0,0,26000,-26000,-26000
048434,樺漢國票93購02  ,0,0,0,0,0,0,0,0,0,-26000,0,0,0,60000,86000,-26000,-26000
049149,華新科元大95購03,0,0,0,0,0,0,0,0,0,-26000,0,0,0,54000,80000,-26000,-26000
051241,台積電元大95購13,0,0,0,0,0,0,0,0,0,-26000,0,0,0,59000,85000,-26000,-26000
050614,聯發科元大95購04,0,0,0,0,0,0,0,0,0,-26000,0,0,0,142000,168000,-26000,-26000
052804,淘帝元大96購01  ,0,0,0,0,0,0,0,0,0,-26000,0,0,0,0,26000,-26000,-26000
052806,玉晶光元大98購04,0,0,0,0,0,0,0,0,0,-26000,0,0,0,66000,92000,-26000,-26000
05861P,瀚宇博永豐96售02,0,0,0,0,0,0,0,0,0,-26000,0,0,0,22000,48000,-26000,-26000
05845P,大立光元大96售06,0,0,0,0,0,0,0,0,0,-26000,0,0,0,300000,326000,-26000,-26000
06181P,國巨中信97售02  ,0,0,0,0,0,0,0,0,0,-26000,0,0,0,0,26000,-26000,-26000
06179P,國巨群益97售04  ,0,0,0,0,0,0,0,0,0,-26000,0,0,0,0,26000,-26000,-26000
6504,南六            ,2000,28000,-26000,0,0,0,0,0,0,0,0,0,0,0,0,0,-26000
055539,億光台新97購01  ,0,0,0,0,0,0,0,0,0,-27000,0,0,0,0,27000,-27000,-27000
055424,聚陽群益98購01  ,0,0,0,0,0,0,0,0,0,-27000,0,0,0,0,27000,-27000,-27000
053534,微星永豐96購02  ,0,0,0,0,0,0,0,0,0,-27000,0,0,0,41000,68000,-27000,-27000
053411,深中小國票9B購01,0,0,0,0,0,0,0,0,0,-27000,0,0,0,4000,31000,-27000,-27000
053677,同欣電國泰97購01,0,0,0,0,0,0,0,0,0,-27000,0,0,0,141000,168000,-27000,-27000
054020,技嘉台新97購01  ,0,0,0,0,0,0,0,0,0,-27000,0,0,0,0,27000,-27000,-27000
04489P,大立光凱基94售03,0,0,0,0,0,0,0,0,0,-27000,0,0,0,0,27000,-27000,-27000
00674R,元大S&P黃金反1  ,8000,0,8000,0,0,0,0,0,0,-35000,0,0,0,2000,37000,-35000,-27000
048052,力成中信93購01  ,0,0,0,0,0,0,0,0,0,-27000,0,0,0,408000,435000,-27000,-27000
049455,上海銀統一94購02,0,0,0,0,0,0,0,0,0,-27000,0,0,0,3000,30000,-27000,-27000
049539,元油2X群益9A購01,0,0,0,0,0,0,0,0,0,-27000,0,0,0,3000,30000,-27000,-27000
048217,亞德客凱基93購06,0,0,0,0,0,0,0,0,0,-27000,0,0,0,47000,74000,-27000,-27000
047837,嘉晶元大93購01  ,0,0,0,0,0,0,0,0,0,-27000,0,0,0,55000,82000,-27000,-27000
047674,群創元富96購02  ,0,0,0,0,0,0,0,0,0,-27000,0,0,0,0,27000,-27000,-27000
050493,聯發科永昌96購01,0,0,0,0,0,0,0,0,0,-27000,0,0,0,227000,254000,-27000,-27000
04755P,大立光元富94售07,0,0,0,0,0,0,0,0,0,-27000,0,0,0,0,27000,-27000,-27000
053186,健策中信9C購01  ,0,0,0,0,0,0,0,0,0,-27000,0,0,0,3000,30000,-27000,-27000
052558,新唐國票97購01  ,0,0,0,0,0,0,0,0,0,-27000,0,0,0,0,27000,-27000,-27000
050822,亞光凱基95購01  ,0,0,0,0,0,0,0,0,0,-27000,0,0,0,30000,57000,-27000,-27000
05090P,國巨元大95售05  ,0,0,0,0,0,0,0,0,0,-27000,0,0,0,41000,68000,-27000,-27000
051161,喬山元大95購02  ,0,0,0,0,0,0,0,0,0,-27000,0,0,0,75000,102000,-27000,-27000
051242,台積電元大96購06,0,0,0,0,0,0,0,0,0,-27000,0,0,0,123000,150000,-27000,-27000
8101,華冠            ,13000,40000,-27000,0,0,0,0,0,0,0,0,0,0,0,0,0,-27000
054176,亞光台新96購01  ,0,0,0,0,0,0,0,0,0,-28000,0,0,0,18000,46000,-28000,-28000
053997,健策群益97購02  ,0,0,0,0,0,0,0,0,0,-28000,0,0,0,8000,36000,-28000,-28000
053460,緯穎國泰97購01  ,0,0,0,0,0,0,0,0,0,-28000,0,0,0,74000,102000,-28000,-28000
055621,國巨國泰98購03  ,0,0,0,0,0,0,0,0,0,-28000,0,0,0,38000,66000,-28000,-28000
054815,台積電元大97購14,0,0,0,0,0,0,0,0,0,-28000,0,0,0,365000,393000,-28000,-28000
054728,聯發科日盛97購01,0,0,0,0,0,0,0,0,0,-28000,0,0,0,6000,34000,-28000,-28000
049966,旺宏國票95購02  ,0,0,0,0,0,0,0,0,0,-28000,0,0,0,0,28000,-28000,-28000
047269,同欣電康和93購01,0,0,0,0,0,0,0,0,0,-28000,0,0,0,10000,38000,-28000,-28000
045797,健策中信93購01  ,0,0,0,0,0,0,0,0,0,-28000,0,0,0,2000,30000,-28000,-28000
046144,康控元富92購01  ,0,0,0,0,0,0,0,0,0,-28000,0,0,0,12000,40000,-28000,-28000
045650,超眾凱基93購05  ,0,0,0,0,0,0,0,0,0,-28000,0,0,0,0,28000,-28000,-28000
043454,上銀元大92購02  ,0,0,0,0,0,0,0,0,0,-28000,0,0,0,0,28000,-28000,-28000
042560,康控兆豐92購01  ,0,0,0,0,0,0,0,0,0,-28000,0,0,0,0,28000,-28000,-28000
049731,A50正2群益94購02,0,0,0,0,0,0,0,0,0,-28000,0,0,0,0,28000,-28000,-28000
049795,華通元大96購02  ,0,0,0,0,0,0,0,0,0,-28000,0,0,0,116000,144000,-28000,-28000
049109,嘉澤富邦95購01  ,0,0,0,0,0,0,0,0,0,-28000,0,0,0,19000,47000,-28000,-28000
051528,亞泥國票96購01  ,0,0,0,0,0,0,0,0,0,-28000,0,0,0,35000,63000,-28000,-28000
051426,道瓊反統一95購02,0,0,0,0,0,0,0,0,0,-28000,0,0,0,0,28000,-28000,-28000
051431,群創元富99購02  ,0,0,0,0,0,0,0,0,0,-28000,0,0,0,0,28000,-28000,-28000
050219,台積電元富95購03,0,0,0,0,0,0,0,0,0,-28000,0,0,0,42000,70000,-28000,-28000
052559,茂林國票97購01  ,0,0,0,0,0,0,0,0,0,-28000,0,0,0,0,28000,-28000,-28000
053059,聯發科永昌99購01,0,0,0,0,0,0,0,0,0,-28000,0,0,0,10000,38000,-28000,-28000
053198,亞德客日盛96購01,0,0,0,0,0,0,0,0,0,-28000,0,0,0,0,28000,-28000,-28000
8249,菱光            ,11000,38000,-27000,0,0,0,0,0,0,-1000,0,1000,-1000,0,0,0,-28000
06095P,燿華永豐97售01  ,0,0,0,0,0,0,0,0,0,-28000,0,0,0,4000,32000,-28000,-28000
06105P,國巨國票98售02  ,0,0,0,0,0,0,0,0,0,-28000,0,0,0,0,28000,-28000,-28000
9942,茂順            ,18000,46000,-28000,0,0,0,0,0,0,0,0,0,0,0,0,0,-28000
054834,帆宣中信97購01  ,0,0,0,0,0,0,0,0,0,-29000,0,0,0,0,29000,-29000,-29000
055188,亞翔統一97購01  ,0,0,0,0,0,0,0,0,0,-29000,0,0,0,1000,30000,-29000,-29000
05725P,嘉聯益永豐96售02,0,0,0,0,0,0,0,0,0,-29000,0,0,0,2000,31000,-29000,-29000
055462,華邦電日盛97購01,0,0,0,0,0,0,0,0,0,-29000,0,0,0,71000,100000,-29000,-29000
053469,光磊元大97購01  ,0,0,0,0,0,0,0,0,0,-29000,0,0,0,48000,77000,-29000,-29000
053728,茂林凱基97購01  ,0,0,0,0,0,0,0,0,0,-29000,0,0,0,46000,75000,-29000,-29000
053828,貿聯麥證96購01  ,0,0,0,40000,69000,-29000,0,0,0,-29000,0,0,0,40000,69000,-29000,-29000
054308,嘉晶凱基98購01  ,0,0,0,0,0,0,0,0,0,-29000,0,0,0,105000,134000,-29000,-29000
045640,嘉晶凱基93購01  ,0,0,0,0,0,0,0,0,0,-29000,0,0,0,1000,30000,-29000,-29000
045264,嘉晶凱基92購01  ,0,0,0,0,0,0,0,0,0,-29000,0,0,0,0,29000,-29000,-29000
049867,日月光兆豐94購01,0,0,0,0,0,0,0,0,0,-29000,0,0,0,21000,50000,-29000,-29000
048985,茂林元大94購01  ,0,0,0,0,0,0,0,0,0,-29000,0,0,0,21000,50000,-29000,-29000
047736,聯發科台新94購01,0,0,0,0,0,0,0,0,0,-29000,0,0,0,0,29000,-29000,-29000
047341,貿聯第一93購01  ,0,0,0,0,0,0,0,0,0,-29000,0,0,0,0,29000,-29000,-29000
052615,鴻海國泰98購01  ,0,0,0,0,0,0,0,0,0,-29000,0,0,0,0,29000,-29000,-29000
051176,聯發科凱基95購07,0,0,0,0,0,0,0,0,0,-29000,0,0,0,9000,38000,-29000,-29000
050886,台積電富邦95購04,0,0,0,0,0,0,0,0,0,-29000,0,0,0,3000,32000,-29000,-29000
050842,旺宏國票97購01  ,0,0,0,0,0,0,0,0,0,-29000,0,0,0,1000,30000,-29000,-29000
051251,信邦元大95購01  ,0,0,0,0,0,0,0,0,0,-29000,0,0,0,202000,231000,-29000,-29000
06004P,奇力新永豐96售02,0,0,0,0,0,0,0,0,0,-29000,0,0,0,45000,74000,-29000,-29000
2227,裕日車          ,4000,7000,-3000,0,0,0,0,0,0,-26000,0,26000,-26000,0,0,0,-29000
05421P,鴻海元大96售12  ,0,0,0,0,0,0,0,0,0,-30000,0,0,0,459000,489000,-30000,-30000
054065,樺漢國票97購01  ,0,0,0,0,0,0,0,0,0,-30000,0,0,0,0,30000,-30000,-30000
05444P,大立光元大95售10,0,0,0,0,0,0,0,0,0,-30000,0,0,0,20000,50000,-30000,-30000
053627,宏碁兆豐97購01  ,0,0,0,0,0,0,0,0,0,-30000,0,0,0,43000,73000,-30000,-30000
055455,健策國泰98購02  ,0,0,0,0,0,0,0,0,0,-30000,0,0,0,0,30000,-30000,-30000
055432,臻鼎群益97購02  ,0,0,0,0,0,0,0,0,0,-30000,0,0,0,10000,40000,-30000,-30000
055575,華新科統一98購01,0,0,0,0,0,0,0,0,0,-30000,0,0,0,0,30000,-30000,-30000
05805P,義隆永豐96售02  ,0,0,0,0,0,0,0,0,0,-30000,0,0,0,0,30000,-30000,-30000
055633,牧德永豐97購02  ,0,0,0,0,0,0,0,0,0,-30000,0,0,0,3000,33000,-30000,-30000
055672,國巨日盛97購02  ,0,0,0,0,0,0,0,0,0,-30000,0,0,0,0,30000,-30000,-30000
05622P,台積電中信96售02,0,0,0,0,0,0,0,0,0,-30000,0,0,0,0,30000,-30000,-30000
055250,華新科統一97購02,0,0,0,0,0,0,0,0,0,-30000,0,0,0,166000,196000,-30000,-30000
054792,揚明光群益97購01,0,0,0,0,0,0,0,0,0,-30000,0,0,0,0,30000,-30000,-30000
047276,中工永豐93購01  ,0,0,0,0,0,0,0,0,0,-30000,0,0,0,0,30000,-30000,-30000
049979,美律凱基94購07  ,0,0,0,0,0,0,0,0,0,-30000,0,0,0,0,30000,-30000,-30000
04805P,創意元富94售01  ,0,0,0,0,0,0,0,0,0,-30000,0,0,0,0,30000,-30000,-30000
045853,緯穎永豐92購02  ,0,0,0,0,0,0,0,0,0,-30000,0,0,0,0,30000,-30000,-30000
04576P,上海銀統一94售04,0,0,0,0,0,0,0,0,0,-30000,0,0,0,0,30000,-30000,-30000
046735,聯發科國票93購01,0,0,0,0,0,0,0,0,0,-30000,0,0,0,0,30000,-30000,-30000
045514,南茂凱基93購01  ,0,0,0,0,0,0,0,0,0,-30000,0,0,0,0,30000,-30000,-30000
045568,上証2X元大95購01,0,0,0,0,0,0,0,0,0,-30000,0,0,0,33000,63000,-30000,-30000
046278,緯創台新92購01  ,0,0,0,0,0,0,0,0,0,-30000,0,0,0,0,30000,-30000,-30000
045694,智邦兆豐93購05  ,0,0,0,0,0,0,0,0,0,-30000,0,0,0,7000,37000,-30000,-30000
043170,喬山國泰93購01  ,0,0,0,0,0,0,0,0,0,-30000,0,0,0,0,30000,-30000,-30000
045448,宏達電國泰93購02,0,0,0,0,0,0,0,0,0,-30000,0,0,0,30000,60000,-30000,-30000
045369,康控兆豐93購01  ,0,0,0,0,0,0,0,0,0,-30000,0,0,0,0,30000,-30000,-30000
04168P,元金2X凱基99售01,0,0,0,0,0,0,0,0,0,-30000,0,0,0,0,30000,-30000,-30000
044119,台郡兆豐92購01  ,0,0,0,0,0,0,0,0,0,-30000,0,0,0,0,30000,-30000,-30000
044240,聯發科統一91購04,0,0,0,0,0,0,0,0,0,-30000,0,0,0,0,30000,-30000,-30000
03734P,新日興元大93售01,0,0,0,0,0,0,0,0,0,-30000,0,0,0,0,30000,-30000,-30000
03950P,聯發科中信93售03,0,0,0,0,0,0,0,0,0,-30000,0,0,0,19000,49000,-30000,-30000
047360,鴻海群益95購02  ,0,0,0,0,0,0,0,0,0,-30000,0,0,0,100000,130000,-30000,-30000
047216,欣興第一93購01  ,0,0,0,0,0,0,0,0,0,-30000,0,0,0,0,30000,-30000,-30000
04749P,臺股指元大94售25,0,0,0,0,0,0,0,0,0,-30000,0,0,0,0,30000,-30000,-30000
047955,南亞科永豐93購01,0,0,0,0,0,0,0,0,0,-30000,0,0,0,0,30000,-30000,-30000
048657,大成鋼統一93購04,0,0,0,0,0,0,0,0,0,-30000,0,0,0,40000,70000,-30000,-30000
048604,美利達國票94購02,0,0,0,0,0,0,0,0,0,-30000,0,0,0,0,30000,-30000,-30000
048999,康普國票95購01  ,0,0,0,0,0,0,0,0,0,-30000,0,0,0,0,30000,-30000,-30000
049072,台積電凱基94購08,0,0,0,0,0,0,0,0,0,-30000,0,0,0,0,30000,-30000,-30000
049721,晶技凱基94購02  ,0,0,0,0,0,0,0,0,0,-30000,0,0,0,0,30000,-30000,-30000
046888,鴻海群益93購05  ,0,0,0,0,0,0,0,0,0,-30000,0,0,0,65000,95000,-30000,-30000
050203,美律群益94購04  ,0,0,0,0,0,0,0,0,0,-30000,0,0,0,125000,155000,-30000,-30000
047682,滬深2X國泰94購02,0,0,0,0,0,0,0,0,0,-30000,0,0,0,0,30000,-30000,-30000
047012,台積電元富93購02,0,0,0,0,0,0,0,0,0,-30000,0,0,0,0,30000,-30000,-30000
05015P,臺股指元大95售06,0,0,0,0,0,0,0,0,0,-30000,0,0,0,0,30000,-30000,-30000
051264,道瓊反富邦97購01,0,0,0,0,0,0,0,0,0,-30000,0,0,0,300000,330000,-30000,-30000
051407,南茂永豐95購02  ,0,0,0,0,0,0,0,0,0,-30000,0,0,0,0,30000,-30000,-30000
051411,聯發科國票95購05,0,0,0,0,0,0,0,0,0,-30000,0,0,0,103000,133000,-30000,-30000
051564,和碩國泰96購01  ,0,0,0,0,0,0,0,0,0,-30000,0,0,0,0,30000,-30000,-30000
051623,和碩凱基96購02  ,0,0,0,0,0,0,0,0,0,-30000,0,0,0,9000,39000,-30000,-30000
051603,深中小群益99購03,0,0,0,0,0,0,0,0,0,-30000,0,0,0,220000,250000,-30000,-30000
051855,道瓊反凱基97購01,0,0,0,0,0,0,0,0,0,-30000,0,0,0,0,30000,-30000,-30000
051984,台塑元大95購01  ,0,0,0,0,0,0,0,0,0,-30000,0,0,0,9000,39000,-30000,-30000
050851,羅麗芬國票96購01,0,0,0,0,0,0,0,0,0,-30000,0,0,0,0,30000,-30000,-30000
050863,聯發科永豐95購01,0,0,0,0,0,0,0,0,0,-30000,0,0,0,0,30000,-30000,-30000
050928,日月光凱基95購01,0,0,0,0,0,0,0,0,0,-30000,0,0,0,0,30000,-30000,-30000
050929,中磊凱基95購01  ,0,0,0,0,0,0,0,0,0,-30000,0,0,0,0,30000,-30000,-30000
050934,喬山國票96購01  ,0,0,0,0,0,0,0,0,0,-30000,0,0,0,100000,130000,-30000,-30000
050832,力成凱基95購01  ,0,0,0,0,0,0,0,0,0,-30000,0,0,0,36000,66000,-30000,-30000
050821,國泰金凱基95購01,0,40000,-40000,0,0,0,0,0,0,10000,0,0,0,45000,35000,10000,-30000
050682,南亞科元富94購02,0,0,0,0,0,0,0,0,0,-30000,0,0,0,10000,40000,-30000,-30000
051118,台塑群益95購01  ,0,0,0,0,0,0,0,0,0,-30000,0,0,0,11000,41000,-30000,-30000
051021,啟碁凱基95購02  ,0,0,0,0,0,0,0,0,0,-30000,0,0,0,0,30000,-30000,-30000
052491,泰碩國票99購01  ,0,0,0,0,0,0,0,0,0,-30000,0,0,0,0,30000,-30000,-30000
052518,道瓊反元大95購02,0,0,0,0,0,0,0,0,0,-30000,0,0,0,0,30000,-30000,-30000
052329,台積電亞東96購01,0,0,0,0,0,0,0,0,0,-30000,0,0,0,0,30000,-30000,-30000
052338,道瓊反凱基97購02,0,0,0,0,0,0,0,0,0,-30000,0,0,0,10000,40000,-30000,-30000
052354,健策群益96購02  ,0,0,0,0,0,0,0,0,0,-30000,0,0,0,8000,38000,-30000,-30000
05234P,美食康和95售01  ,0,0,0,0,0,0,0,0,0,-30000,0,0,0,0,30000,-30000,-30000
052362,瑞昱國票96購02  ,0,0,0,0,0,0,0,0,0,-30000,0,0,0,0,30000,-30000,-30000
052420,道瓊反國票9B購01,0,0,0,0,0,0,0,0,0,-30000,0,0,0,0,30000,-30000,-30000
052290,鴻海元富97購01  ,0,0,0,0,0,0,0,0,0,-30000,0,0,0,10000,40000,-30000,-30000
052303,聯發科永豐95購05,0,0,0,0,0,0,0,0,0,-30000,0,0,0,0,30000,-30000,-30000
052011,欣興中信96購01  ,0,0,0,0,0,0,0,0,0,-30000,0,0,0,0,30000,-30000,-30000
052009,群創第一95購01  ,0,0,0,0,0,0,0,0,0,-30000,0,0,0,0,30000,-30000,-30000
052076,可成元富98購01  ,0,0,0,0,0,0,0,0,0,-30000,0,0,0,2000,32000,-30000,-30000
053191,奇鋐統一96購01  ,0,0,0,0,0,0,0,0,0,-30000,0,0,0,0,30000,-30000,-30000
052868,緯創凱基96購03  ,0,0,0,0,0,0,0,0,0,-30000,0,0,0,0,30000,-30000,-30000
052746,泰碩元大97購01  ,0,0,0,0,0,0,0,0,0,-30000,0,0,0,0,30000,-30000,-30000
052905,潤泰全國票97購01,0,0,0,0,0,0,0,0,0,-30000,0,0,0,0,30000,-30000,-30000
052956,聯發科日盛96購01,0,0,0,0,0,0,0,0,0,-30000,0,0,0,30000,60000,-30000,-30000
053002,鴻海永豐96購01  ,0,0,0,0,0,0,0,0,0,-30000,0,0,0,0,30000,-30000,-30000
1507,永大            ,34000,30000,4000,0,0,0,0,0,0,-34000,0,34000,-34000,0,0,0,-30000
08625P,台灣50凱基96售05,0,0,0,0,0,0,0,0,0,-30000,0,0,0,0,30000,-30000,-30000
06248P,國巨統一97售07  ,0,0,0,0,0,0,0,0,0,-30000,0,0,0,0,30000,-30000,-30000
06223P,漢唐元富97售02  ,0,0,0,0,0,0,0,0,0,-30000,0,0,0,0,30000,-30000,-30000
05926P,智易永豐96售02  ,0,0,0,0,0,0,0,0,0,-30000,0,0,0,0,30000,-30000,-30000
2888A,新光金甲特      ,0,0,0,0,0,0,0,0,0,-30000,0,30000,-30000,0,0,0,-30000
054753,復盛凱基98購01  ,0,0,0,0,0,0,0,0,0,-31000,0,0,0,18000,49000,-31000,-31000
054653,聯發科麥證97購02,0,0,0,7000,38000,-31000,0,0,0,-31000,0,0,0,7000,38000,-31000,-31000
055723,康控元大97購04  ,0,0,0,0,0,0,0,0,0,-31000,0,0,0,0,31000,-31000,-31000
053504,祥碩兆豐96購01  ,0,0,0,0,0,0,0,0,0,-31000,0,0,0,1000,32000,-31000,-31000
053501,明泰兆豐96購01  ,0,0,0,0,0,0,0,0,0,-31000,0,0,0,0,31000,-31000,-31000
053395,致茂中信96購01  ,0,0,0,0,0,0,0,0,0,-31000,0,0,0,138000,169000,-31000,-31000
053349,台郡國票97購02  ,0,0,0,0,0,0,0,0,0,-31000,0,0,0,0,31000,-31000,-31000
05332P,臺股指國票95售01,0,0,0,0,0,0,0,0,0,-31000,0,0,0,52000,83000,-31000,-31000
053816,聯發科群益96購02,0,0,0,0,0,0,0,0,0,-31000,0,0,0,0,31000,-31000,-31000
053751,康控永豐96購02  ,0,0,0,0,0,0,0,0,0,-31000,0,0,0,68000,99000,-31000,-31000
053752,超眾永豐96購02  ,0,0,0,0,0,0,0,0,0,-31000,0,0,0,88000,119000,-31000,-31000
054489,牧德台新97購02  ,0,0,0,0,0,0,0,0,0,-31000,0,0,0,0,31000,-31000,-31000
044513,義隆凱基93購02  ,0,0,0,0,0,0,0,0,0,-31000,0,0,0,0,31000,-31000,-31000
045354,緯創凱基92購01  ,0,0,0,0,0,0,0,0,0,-31000,0,0,0,0,31000,-31000,-31000
04671P,華通統一94售01  ,0,0,0,0,0,0,0,0,0,-31000,0,0,0,0,31000,-31000,-31000
04752P,大立光群益94售07,0,0,0,0,0,0,0,0,0,-31000,0,0,0,0,31000,-31000,-31000
049538,元油2X群益98購01,0,0,0,0,0,0,0,0,0,-31000,0,0,0,0,31000,-31000,-31000
047994,亞德客元大93購03,0,0,0,0,0,0,0,0,0,-31000,0,0,0,0,31000,-31000,-31000
052243,致茂康和95購01  ,0,0,0,0,0,0,0,0,0,-31000,0,0,0,10000,41000,-31000,-31000
05217P,鴻海統一95售08  ,0,0,0,0,0,0,0,0,0,-31000,0,0,0,1000,32000,-31000,-31000
050248,臻鼎凱基94購03  ,0,0,0,0,0,0,0,0,0,-31000,0,0,0,0,31000,-31000,-31000
051173,元油2X凱基98購01,0,0,0,0,0,0,0,0,0,-31000,0,0,0,5000,36000,-31000,-31000
050618,緯創元大95購01  ,0,0,0,0,0,0,0,0,0,-31000,0,0,0,22000,53000,-31000,-31000
051515,聯發科凱基95購10,0,0,0,0,0,0,0,0,0,-31000,0,0,0,4000,35000,-31000,-31000
2457,飛宏            ,282000,308000,-26000,0,0,0,0,0,0,-5000,0,5000,-5000,0,0,0,-31000
06208P,台郡凱基97售03  ,0,0,0,0,0,0,0,0,0,-31000,0,0,0,0,31000,-31000,-31000
054477,聯發科中信9C購02,0,0,0,0,0,0,0,0,0,-32000,0,0,0,218000,250000,-32000,-32000
053867,創意元大96購04  ,0,0,0,0,0,0,0,0,0,-32000,0,0,0,196000,228000,-32000,-32000
054826,復盛元大9A購01  ,0,0,0,0,0,0,0,0,0,-32000,0,0,0,61000,93000,-32000,-32000
045453,上銀元大92購07  ,0,0,0,0,0,0,0,0,0,-32000,0,0,0,3000,35000,-32000,-32000
03162P,泰碩元大01售02  ,0,0,0,0,0,0,0,0,0,-32000,0,0,0,0,32000,-32000,-32000
04338P,亞光元大93售04  ,0,0,0,0,0,0,0,0,0,-32000,0,0,0,103000,135000,-32000,-32000
04953P,台積電群益94售13,0,0,0,0,0,0,0,0,0,-32000,0,0,0,33000,65000,-32000,-32000
049744,亞德客永豐94購01,0,0,0,0,0,0,0,0,0,-32000,0,0,0,45000,77000,-32000,-32000
049424,中石化兆豐94購01,0,0,0,0,0,0,0,0,0,-32000,0,0,0,68000,100000,-32000,-32000
047007,大立光統一93購05,0,0,0,0,0,0,0,0,0,-32000,0,0,0,0,32000,-32000,-32000
05042P,GIS凱基95售03   ,0,0,0,0,0,0,0,0,0,-32000,0,0,0,0,32000,-32000,-32000
051579,宏碁元大95購01  ,0,0,0,0,0,0,0,0,0,-32000,0,0,0,65000,97000,-32000,-32000
051871,同欣電凱基95購02,0,0,0,0,0,0,0,0,0,-32000,0,0,0,61000,93000,-32000,-32000
05056P,訊芯群益95售01  ,0,0,0,0,0,0,0,0,0,-32000,0,0,0,0,32000,-32000,-32000
052090,聯發科元大97購03,0,0,0,0,0,0,0,0,0,-32000,0,0,0,217000,249000,-32000,-32000
052423,宏達電國票96購02,0,0,0,0,0,0,0,0,0,-32000,0,0,0,0,32000,-32000,-32000
052933,祥碩元大96購01  ,0,0,0,0,0,0,0,0,0,-32000,0,0,0,22000,54000,-32000,-32000
1304,台聚            ,84000,115000,-31000,0,0,0,0,0,0,-1000,0,1000,-1000,0,0,0,-32000
05956P,漢唐國票96售02  ,0,0,0,0,0,0,0,0,0,-32000,0,0,0,0,32000,-32000,-32000
2423,固緯            ,4000,36000,-32000,0,0,0,0,0,0,0,0,0,0,0,0,0,-32000
6224,聚鼎            ,7000,39000,-32000,0,0,0,0,0,0,0,0,0,0,0,0,0,-32000
05719P,可成元大96售03  ,0,0,0,0,0,0,0,0,0,-33000,0,0,0,98000,131000,-33000,-33000
05674P,瑞昱群益96售02  ,0,0,0,0,0,0,0,0,0,-33000,0,0,0,0,33000,-33000,-33000
055428,友達群益9C購01  ,0,0,0,0,0,0,0,0,0,-33000,0,0,0,79000,112000,-33000,-33000
05532P,臺股指群益96售05,0,0,0,0,0,0,0,0,0,-33000,0,0,0,31000,64000,-33000,-33000
053473,聯發科元大96購15,0,0,0,0,0,0,0,0,0,-33000,0,0,0,2000,35000,-33000,-33000
054432,台積電台新96購05,0,0,0,0,0,0,0,0,0,-33000,0,0,0,75000,108000,-33000,-33000
054380,世芯群益97購02  ,0,0,0,0,0,0,0,0,0,-33000,0,0,0,6000,39000,-33000,-33000
05402P,台郡永豐95售02  ,0,0,0,0,0,0,0,0,0,-33000,0,0,0,0,33000,-33000,-33000
054303,國巨凱基96購15  ,0,0,0,0,0,0,0,0,0,-33000,0,0,0,105000,138000,-33000,-33000
00686R,群益臺灣加權反1 ,0,0,0,0,0,0,0,0,0,-33000,0,0,0,5000,38000,-33000,-33000
00706L,元大S&P日圓正2  ,0,0,0,0,0,0,0,0,0,-33000,0,0,0,0,33000,-33000,-33000
046366,上緯控永豐92購02,0,0,0,0,0,0,0,0,0,-33000,0,0,0,30000,63000,-33000,-33000
044049,元金2X元大94購03,0,0,0,0,0,0,0,0,0,-33000,0,0,0,0,33000,-33000,-33000
044349,上銀元大91購06  ,0,0,0,0,0,0,0,0,0,-33000,0,0,0,0,33000,-33000,-33000
045150,聯發科凱基93購03,0,0,0,0,0,0,0,0,0,-33000,0,0,0,3000,36000,-33000,-33000
047082,元上證永豐93購01,0,0,0,0,0,0,0,0,0,-33000,0,0,0,0,33000,-33000,-33000
047147,嘉晶群益93購02  ,0,0,0,0,0,0,0,0,0,-33000,0,0,0,14000,47000,-33000,-33000
048872,玉晶光國票94購02,0,0,0,0,0,0,0,0,0,-33000,0,0,0,14000,47000,-33000,-33000
053260,喬山群益96購01  ,0,0,0,0,0,0,0,0,0,-33000,0,0,0,0,33000,-33000,-33000
05242P,群創國泰97售01  ,0,0,0,0,0,0,0,0,0,-33000,0,0,0,0,33000,-33000,-33000
051156,鴻海富邦97購01  ,0,0,0,0,0,0,0,0,0,-33000,0,0,0,1681000,1714000,-33000,-33000
051023,S&P反1統一95購02,0,0,0,0,0,0,0,0,0,-33000,0,0,0,0,33000,-33000,-33000
051447,新光金元大97購01,0,0,0,0,0,0,0,0,0,-33000,0,0,0,0,33000,-33000,-33000
6477,安集            ,6000,33000,-27000,0,0,0,0,0,0,-6000,0,6000,-6000,0,0,0,-33000
06144P,台光電永豐97售01,0,0,0,0,0,0,0,0,0,-33000,0,0,0,24000,57000,-33000,-33000
1447,力鵬            ,3000,36000,-33000,0,0,0,0,0,0,0,0,0,0,0,0,0,-33000
1733,五鼎            ,10000,46000,-36000,0,0,0,0,0,0,3000,4000,1000,3000,0,0,0,-33000
054314,嘉聯益凱基97購01,0,0,0,0,0,0,0,0,0,-34000,0,0,0,0,34000,-34000,-34000
054469,同欣電凱基97購01,0,0,0,0,0,0,0,0,0,-34000,0,0,0,9000,43000,-34000,-34000
05445P,聯詠元大95售05  ,0,0,0,0,0,0,0,0,0,-34000,0,0,0,88000,122000,-34000,-34000
053357,可成統一96購02  ,0,0,0,0,0,0,0,0,0,-34000,0,0,0,66000,100000,-34000,-34000
055351,聯發科凱基97購03,0,0,0,0,0,0,0,0,0,-34000,0,0,0,37000,71000,-34000,-34000
055551,致茂凱基98購01  ,0,0,0,0,0,0,0,0,0,-34000,0,0,0,0,34000,-34000,-34000
05771P,大立光凱基96售13,0,0,0,0,0,0,0,0,0,-34000,0,0,0,37000,71000,-34000,-34000
055205,京鼎中信99購01  ,0,0,0,0,0,0,0,0,0,-34000,0,0,0,332000,366000,-34000,-34000
00770,國泰北美科技    ,0,0,0,0,0,0,0,0,0,-34000,0,0,0,0,34000,-34000,-34000
0052,富邦科技        ,1000,2000,-1000,0,0,0,0,0,0,-33000,0,0,0,100000,133000,-33000,-34000
048493,微星元大93購04  ,0,0,0,0,0,0,0,0,0,-34000,0,0,0,53000,87000,-34000,-34000
049573,長榮航統一95購01,0,0,0,0,0,0,0,0,0,-34000,0,0,0,0,34000,-34000,-34000
04778P,可成凱基94售10  ,0,0,0,0,0,0,0,0,0,-34000,0,0,0,0,34000,-34000,-34000
050037,金融類元大94購03,0,0,0,0,0,0,0,0,0,-34000,0,0,0,2000,36000,-34000,-34000
047107,上銀元大93購04  ,0,0,0,0,0,0,0,0,0,-34000,0,0,0,0,34000,-34000,-34000
048335,和大元大93購03  ,0,0,0,0,0,0,0,0,0,-34000,0,0,0,10000,44000,-34000,-34000
051472,台積電凱基95購09,0,0,0,0,0,0,0,0,0,-34000,0,0,0,9000,43000,-34000,-34000
051228,聯發科群益95購03,0,0,0,0,0,0,0,0,0,-34000,0,0,0,320000,354000,-34000,-34000
051395,聯詠兆豐95購01  ,0,0,0,0,0,0,0,0,0,-34000,0,0,0,46000,80000,-34000,-34000
052371,元金2X元大95購01,0,0,0,0,0,0,0,0,0,-34000,0,0,0,0,34000,-34000,-34000
052593,台積電群益96購02,0,0,0,0,0,0,0,0,0,-34000,0,0,0,82000,116000,-34000,-34000
052211,台積電元大95購22,0,0,0,0,0,0,0,0,0,-34000,0,0,0,196000,230000,-34000,-34000
053280,群創元大9C購01  ,0,0,0,0,0,0,0,0,0,-34000,0,0,0,105000,139000,-34000,-34000
053215,禾伸堂凱基96購01,0,0,0,0,0,0,0,0,0,-34000,0,0,0,199000,233000,-34000,-34000
052854,聯詠日盛96購01  ,0,0,0,0,0,0,0,0,0,-34000,0,0,0,11000,45000,-34000,-34000
052816,上銀永豐96購01  ,0,0,0,0,0,0,0,0,0,-34000,0,0,0,211000,245000,-34000,-34000
06219P,國巨元富97售05  ,0,0,0,0,0,0,0,0,0,-34000,0,0,0,2000,36000,-34000,-34000
3413,京鼎            ,95000,154000,-59000,0,0,0,119000,0,119000,-94000,28000,118000,-90000,109000,113000,-4000,-34000
055228,聯發科國票98購03,0,0,0,0,0,0,0,0,0,-35000,0,0,0,54000,89000,-35000,-35000
055584,國巨元大97購11  ,0,0,0,0,0,0,0,0,0,-35000,0,0,0,0,35000,-35000,-35000
055425,聚陽群益99購01  ,0,0,0,0,0,0,0,0,0,-35000,0,0,0,0,35000,-35000,-35000
053459,康控國泰97購01  ,0,0,0,0,0,0,0,0,0,-35000,0,0,0,21000,56000,-35000,-35000
05448P,臺股指元大95售25,0,0,0,0,0,0,0,0,0,-35000,0,0,0,35000,70000,-35000,-35000
05458P,台積電凱基97售02,0,0,0,0,0,0,0,0,0,-35000,0,0,0,85000,120000,-35000,-35000
054220,國巨統一97購02  ,0,0,0,0,0,0,0,0,0,-35000,0,0,0,118000,153000,-35000,-35000
054212,聯詠國票97購03  ,0,0,0,0,0,0,0,0,0,-35000,0,0,0,2000,37000,-35000,-35000
00690,兆豐藍籌30      ,0,0,0,0,0,0,0,0,0,-35000,0,0,0,150000,185000,-35000,-35000
03567P,可成凱基02售06  ,0,0,0,0,0,0,0,0,0,-35000,0,0,0,0,35000,-35000,-35000
04298P,祥碩元大93售02  ,0,0,0,0,0,0,0,0,0,-35000,0,0,0,0,35000,-35000,-35000
045418,上銀凱基92購01  ,0,0,0,0,0,0,0,0,0,-35000,0,0,0,0,35000,-35000,-35000
046528,聯詠中信94購01  ,0,0,0,0,0,0,0,0,0,-35000,0,0,0,0,35000,-35000,-35000
046342,聯發科國票92購02,0,0,0,0,0,0,0,0,0,-35000,0,0,0,73000,108000,-35000,-35000
046800,儒鴻元大93購02  ,0,0,0,0,0,0,0,0,0,-35000,0,0,0,15000,50000,-35000,-35000
047571,滬深2X群益99購01,0,0,0,0,0,0,0,0,0,-35000,0,0,0,100000,135000,-35000,-35000
049756,瀚宇博永豐94購01,0,0,0,0,0,0,0,0,0,-35000,0,0,0,0,35000,-35000,-35000
049751,牧德永豐95購01  ,0,0,0,0,0,0,0,0,0,-35000,0,0,0,30000,65000,-35000,-35000
047015,上銀元大93購03  ,0,0,0,0,0,0,0,0,0,-35000,0,0,0,0,35000,-35000,-35000
048739,華新科統一94購02,0,0,0,0,0,0,0,0,0,-35000,0,0,0,15000,50000,-35000,-35000
048728,台達電麥證94購01,0,0,0,26000,50000,-24000,0,0,0,-35000,0,0,0,26000,61000,-35000,-35000
049055,聯詠永豐94購01  ,0,0,0,0,0,0,0,0,0,-35000,0,0,0,25000,60000,-35000,-35000
052936,華通兆豐98購01  ,0,0,0,0,0,0,0,0,0,-35000,0,0,0,20000,55000,-35000,-35000
052899,和大國票97購01  ,0,0,0,0,0,0,0,0,0,-35000,0,0,0,45000,80000,-35000,-35000
053202,聯發科日盛96購02,0,0,0,0,0,0,0,0,0,-35000,0,0,0,0,35000,-35000,-35000
053169,貿聯群益97購01  ,0,0,0,0,0,0,0,0,0,-35000,0,0,0,150000,185000,-35000,-35000
051881,上証2X永豐95購02,0,0,0,0,0,0,0,0,0,-35000,0,0,0,0,35000,-35000,-35000
051152,鴻海國泰97購01  ,0,0,0,0,0,0,0,0,0,-35000,0,0,0,41000,76000,-35000,-35000
050636,上証2X國票94購01,0,0,0,0,0,0,0,0,0,-35000,0,0,0,60000,95000,-35000,-35000
4119,旭富            ,34000,32000,2000,0,0,0,0,23000,-23000,-14000,1000,12000,-11000,0,3000,-3000,-35000
2538,基泰            ,21000,56000,-35000,0,0,0,0,0,0,0,0,0,0,0,0,0,-35000
08126P,臺指反元大02售15,0,0,0,0,0,0,0,0,0,-35000,0,0,0,0,35000,-35000,-35000
05885P,牧德統一96售01  ,0,0,0,0,0,0,0,0,0,-35000,0,0,0,0,35000,-35000,-35000
054318,台虹凱基98購01  ,0,0,0,0,0,0,0,0,0,-36000,0,0,0,51000,87000,-36000,-36000
053545,上銀凱基96購03  ,0,0,0,0,0,0,0,0,0,-36000,0,0,0,38000,74000,-36000,-36000
05391P,鴻海統一95售12  ,0,0,0,0,0,0,0,0,0,-36000,0,0,0,1000,37000,-36000,-36000
055618,麗豐國票98購01  ,0,0,0,0,0,0,0,0,0,-36000,0,0,0,0,36000,-36000,-36000
05607P,華通日盛96售01  ,0,0,0,0,0,0,0,0,0,-36000,0,0,0,10000,46000,-36000,-36000
046408,宏達電元大92購06,0,0,0,0,0,0,0,0,0,-36000,0,0,0,20000,56000,-36000,-36000
044362,元油2X中信94購01,0,0,0,0,0,0,0,0,0,-36000,0,0,0,0,36000,-36000,-36000
049463,華新科富邦97購01,0,0,0,0,0,0,0,0,0,-36000,0,0,0,2000,38000,-36000,-36000
047834,義隆元大93購02  ,0,0,0,0,0,0,0,0,0,-36000,0,0,0,122000,158000,-36000,-36000
050432,聯發科凱基94購19,0,0,0,0,0,0,0,0,0,-36000,0,0,0,72000,108000,-36000,-36000
05060P,台達電富邦97售02,0,0,0,0,0,0,0,0,0,-36000,0,0,0,102000,138000,-36000,-36000
05094P,大立光元大95售07,0,0,0,0,0,0,0,0,0,-36000,0,0,0,61000,97000,-36000,-36000
051489,世芯凱基95購01  ,0,0,0,0,0,0,0,0,0,-36000,0,0,0,38000,74000,-36000,-36000
053125,宏達電凱基96購01,0,0,0,0,0,0,0,0,0,-36000,0,0,0,10000,46000,-36000,-36000
05889P,群創元大98售02  ,0,0,0,0,0,0,0,0,0,-36000,0,0,0,106000,142000,-36000,-36000
06026P,華通台新97售01  ,0,0,0,0,0,0,0,0,0,-36000,0,0,0,45000,81000,-36000,-36000
05676P,欣興群益96售04  ,0,0,0,0,0,0,0,0,0,-37000,0,0,0,41000,78000,-37000,-37000
05801P,正崴兆豐96售01  ,0,0,0,0,0,0,0,0,0,-37000,0,0,0,0,37000,-37000,-37000
044898,旺宏凱基93購01  ,0,0,0,0,0,0,0,0,0,-37000,0,0,0,74000,111000,-37000,-37000
044963,台積電中信96購01,0,0,0,0,0,0,0,0,0,-37000,0,0,0,17000,54000,-37000,-37000
046222,上銀元大92購08  ,0,0,0,0,0,0,0,0,0,-37000,0,0,0,0,37000,-37000,-37000
050483,樺漢國票94購01  ,0,0,0,0,0,0,0,0,0,-37000,0,0,0,0,37000,-37000,-37000
05029P,鴻海元富95售04  ,0,0,0,0,0,0,0,0,0,-37000,0,0,0,1000,38000,-37000,-37000
050161,鴻海國泰96購03  ,0,0,0,0,0,0,0,0,0,-37000,0,0,0,67000,104000,-37000,-37000
049624,嘉澤群益94購01  ,0,0,0,0,0,0,0,0,0,-37000,0,0,0,90000,127000,-37000,-37000
048115,樺漢群益93購01  ,0,0,0,0,0,0,0,0,0,-37000,0,0,0,22000,59000,-37000,-37000
048548,緯穎永豐93購02  ,0,0,0,0,0,0,0,0,0,-37000,0,0,0,0,37000,-37000,-37000
04864P,欣興元大94售10  ,0,0,0,0,0,0,0,0,0,-37000,0,0,0,0,37000,-37000,-37000
05252P,華通凱基95售01  ,0,0,0,0,0,0,0,0,0,-37000,0,0,0,0,37000,-37000,-37000
052662,華新科國票97購01,0,0,0,0,0,0,0,0,0,-37000,0,0,0,2000,39000,-37000,-37000
052407,樺漢凱基95購01  ,0,0,0,0,0,0,0,0,0,-37000,0,0,0,10000,47000,-37000,-37000
06094P,台達電中信97售01,0,0,0,0,0,0,0,0,0,-37000,0,0,0,120000,157000,-37000,-37000
1515,力山            ,236000,263000,-27000,0,0,0,0,0,0,-10000,1000,0,1000,12000,23000,-11000,-37000
3209,全科            ,21000,58000,-37000,0,0,0,0,0,0,0,1000,1000,0,0,0,0,-37000
05699P,茂林凱基96售05  ,0,0,0,0,0,0,0,0,0,-38000,0,0,0,12000,50000,-38000,-38000
055097,福懋科群益97購01,0,0,0,0,0,0,0,0,0,-38000,0,0,0,0,38000,-38000,-38000
055044,信錦永豐97購01  ,0,0,0,0,0,0,0,0,0,-38000,0,0,0,0,38000,-38000,-38000
054844,華邦電兆豐98購01,0,0,0,0,0,0,0,0,0,-38000,0,0,0,42000,80000,-38000,-38000
053503,臻鼎兆豐97購01  ,0,0,0,0,0,0,0,0,0,-38000,0,0,0,0,38000,-38000,-38000
053670,台積電統一96購09,0,0,0,0,0,0,0,0,0,-38000,0,0,0,0,38000,-38000,-38000
045826,樺漢凱基92購02  ,0,0,0,0,0,0,0,0,0,-38000,0,0,0,44000,82000,-38000,-38000
047291,台積電元富93購05,0,0,0,0,0,0,0,0,0,-38000,0,0,0,2000,40000,-38000,-38000
046353,聯發科群益92購04,0,0,0,0,0,0,0,0,0,-38000,0,0,0,0,38000,-38000,-38000
00735,國泰臺韓科技    ,0,0,0,0,0,0,0,0,0,-38000,0,0,0,116000,154000,-38000,-38000
047445,創意元大93購04  ,0,0,0,0,0,0,0,0,0,-38000,0,0,0,57000,95000,-38000,-38000
047781,上銀國泰94購02  ,0,0,0,0,0,0,0,0,0,-38000,0,0,0,16000,54000,-38000,-38000
050413,麗豐永豐94購01  ,0,0,0,0,0,0,0,0,0,-38000,0,0,0,0,38000,-38000,-38000
052636,大立光凱基96購10,0,0,0,0,0,0,0,0,0,-38000,0,0,0,0,38000,-38000,-38000
052595,奇力新群益96購01,0,0,0,0,0,0,0,0,0,-38000,0,0,0,656000,694000,-38000,-38000
052826,嘉聯益永豐96購01,0,0,0,0,0,0,0,0,0,-38000,0,0,0,20000,58000,-38000,-38000
5525,順天            ,0,38000,-38000,0,0,0,0,0,0,0,0,0,0,0,0,0,-38000
053824,樺漢群益96購02  ,0,0,0,0,0,0,0,0,0,-39000,0,0,0,150000,189000,-39000,-39000
05417P,燿華永豐95售07  ,0,0,0,0,0,0,0,0,0,-39000,0,0,0,0,39000,-39000,-39000
04997P,燿華台新95售02  ,0,0,0,0,0,0,0,0,0,-39000,0,0,0,0,39000,-39000,-39000
048028,聯發科凱基93購25,0,0,0,0,0,0,0,0,0,-39000,0,0,0,23000,62000,-39000,-39000
049948,聯發科麥證94購01,0,0,0,31000,70000,-39000,0,0,0,-39000,0,0,0,31000,70000,-39000,-39000
050205,牧德群益94購02  ,0,0,0,0,0,0,0,0,0,-39000,0,0,0,0,39000,-39000,-39000
047602,GIS中信93購02   ,0,0,0,0,0,0,0,0,0,-39000,0,0,0,21000,60000,-39000,-39000
052529,力成元大95購03  ,0,0,0,0,0,0,0,0,0,-39000,0,0,0,33000,72000,-39000,-39000
051184,聯發科永豐95購03,0,0,0,0,0,0,0,0,0,-39000,0,0,0,21000,60000,-39000,-39000
050696,台光電凱基96購01,0,0,0,0,0,0,0,0,0,-39000,0,0,0,1000,40000,-39000,-39000
5243,乙盛-KY         ,84000,127000,-43000,0,0,0,0,0,0,4000,4000,0,4000,0,0,0,-39000
06187P,國巨統一97售05  ,0,0,0,0,0,0,0,0,0,-39000,0,0,0,5000,44000,-39000,-39000
06090P,旺宏統一97售06  ,0,0,0,0,0,0,0,0,0,-39000,0,0,0,10000,49000,-39000,-39000
06059P,泰碩元大97售02  ,0,0,0,0,0,0,0,0,0,-39000,0,0,0,8000,47000,-39000,-39000
2731,雄獅            ,1000,40745,-39745,0,0,0,0,0,0,0,0,0,0,0,0,0,-39745
054052,日月光元大96購06,0,0,0,0,0,0,0,0,0,-40000,0,0,0,21000,61000,-40000,-40000
05459P,聯詠凱基95售03  ,0,0,0,0,0,0,0,0,0,-40000,0,0,0,81000,121000,-40000,-40000
054628,可成凱基98購01  ,0,0,0,0,0,0,0,0,0,-40000,0,0,0,97000,137000,-40000,-40000
053450,同欣電凱基96購02,0,0,0,0,0,0,0,0,0,-40000,0,0,0,18000,58000,-40000,-40000
053413,台積電國票99購01,0,0,0,0,0,0,0,0,0,-40000,0,0,0,40000,80000,-40000,-40000
054651,台化麥證97購01  ,0,0,0,0,40000,-40000,0,0,0,-40000,0,0,0,0,40000,-40000,-40000
055269,和大元大97購02  ,0,0,0,0,0,0,0,0,0,-40000,0,0,0,0,40000,-40000,-40000
055565,祥碩凱基97購01  ,0,0,0,0,0,0,0,0,0,-40000,0,0,0,0,40000,-40000,-40000
03936P,上銀元大93售06  ,0,0,0,0,0,0,0,0,0,-40000,0,0,0,15000,55000,-40000,-40000
03654P,GIS元大92售07   ,0,0,0,0,0,0,0,0,0,-40000,0,0,0,0,40000,-40000,-40000
047653,上銀兆豐94購01  ,0,0,0,0,0,0,0,0,0,-40000,0,0,0,5000,45000,-40000,-40000
04907P,超眾國票95售01  ,0,0,0,0,0,0,0,0,0,-40000,0,0,0,0,40000,-40000,-40000
04941P,台達電台新94售02,0,0,0,0,0,0,0,0,0,-40000,0,0,0,0,40000,-40000,-40000
049399,台光電群益94購02,0,0,0,0,0,0,0,0,0,-40000,0,0,0,0,40000,-40000,-40000
047005,南亞科統一93購03,0,0,0,0,0,0,0,0,0,-40000,0,0,0,0,40000,-40000,-40000
047066,力成凱基93購04  ,0,0,0,0,0,0,0,0,0,-40000,0,0,0,7000,47000,-40000,-40000
048626,矽創台新93購01  ,0,0,0,0,0,0,0,0,0,-40000,0,0,0,10000,50000,-40000,-40000
048612,嘉晶凱基93購05  ,0,0,0,0,0,0,0,0,0,-40000,0,0,0,0,40000,-40000,-40000
048888,牧德元富94購02  ,0,0,0,0,0,0,0,0,0,-40000,0,0,0,0,40000,-40000,-40000
048970,裕民元大94購01  ,0,0,0,0,0,0,0,0,0,-40000,0,0,0,10000,50000,-40000,-40000
050704,復盛凱基94購03  ,0,0,0,0,0,0,0,0,0,-40000,0,0,0,37000,77000,-40000,-40000
050745,茂林永豐94購06  ,0,0,0,0,0,0,0,0,0,-40000,0,0,0,10000,50000,-40000,-40000
051196,喬山麥證95購01  ,0,0,0,0,40000,-40000,0,0,0,-40000,0,0,0,0,40000,-40000,-40000
051014,智邦凱基95購01  ,0,0,0,0,0,0,0,0,0,-40000,0,0,0,0,40000,-40000,-40000
051306,嘉聯益凱基96購01,0,0,0,0,0,0,0,0,0,-40000,0,0,0,0,40000,-40000,-40000
051830,健策元大97購01  ,0,0,0,0,0,0,0,0,0,-40000,0,0,0,11000,51000,-40000,-40000
051910,大立光元大97購01,0,0,0,0,0,0,0,0,0,-40000,0,0,0,0,40000,-40000,-40000
05174P,元金2X富邦9B售01,0,0,0,0,0,0,0,0,0,-40000,0,0,0,60000,100000,-40000,-40000
052671,祥碩群益96購01  ,0,0,0,0,0,0,0,0,0,-40000,0,0,0,0,40000,-40000,-40000
052404,臻鼎凱基95購05  ,0,0,0,0,0,0,0,0,0,-40000,0,0,0,0,40000,-40000,-40000
052361,大成鋼國票96購01,0,0,0,0,0,0,0,0,0,-40000,0,0,0,0,40000,-40000,-40000
05250P,臻鼎國票96售01  ,0,0,0,0,0,0,0,0,0,-40000,0,0,0,0,40000,-40000,-40000
052098,臺股指富邦95購01,0,0,0,0,0,0,0,0,0,-40000,0,0,0,0,40000,-40000,-40000
052817,楠梓電永豐96購02,0,0,0,0,0,0,0,0,0,-40000,0,0,0,20000,60000,-40000,-40000
052682,上銀元大97購01  ,0,0,0,0,0,0,0,0,0,-40000,0,0,0,21000,61000,-40000,-40000
2702,華園            ,29000,75000,-46000,0,0,0,0,0,0,6000,6000,0,6000,0,0,0,-40000
08609P,世紀鋼永豐9C售03,0,0,0,0,0,0,0,0,0,-40000,0,0,0,0,40000,-40000,-40000
054578,世芯元大99購01  ,0,0,0,0,0,0,0,0,0,-41000,0,0,0,152000,193000,-41000,-41000
054381,世芯群益98購01  ,0,0,0,0,0,0,0,0,0,-41000,0,0,0,17000,58000,-41000,-41000
043641,深中小國票94購01,0,0,0,0,0,0,0,0,0,-41000,0,0,0,0,41000,-41000,-41000
04268P,南電元富93售03  ,0,0,0,0,0,0,0,0,0,-41000,0,0,0,79000,120000,-41000,-41000
04581P,楠梓電康和94售03,0,0,0,0,0,0,0,0,0,-41000,0,0,0,35000,76000,-41000,-41000
046142,康舒統一93購01  ,0,0,0,0,0,0,0,0,0,-41000,0,0,0,39000,80000,-41000,-41000
04647P,上海銀凱基94售04,0,0,0,0,0,0,0,0,0,-41000,0,0,0,0,41000,-41000,-41000
048100,貿聯凱基93購02  ,0,0,0,0,0,0,0,0,0,-41000,0,0,0,7000,48000,-41000,-41000
048265,創意元富93購05  ,0,0,0,0,0,0,0,0,0,-41000,0,0,0,0,41000,-41000,-41000
053089,貿聯元大97購02  ,0,0,0,0,0,0,0,0,0,-41000,0,0,0,0,41000,-41000,-41000
052235,聯發科國票96購02,0,0,0,0,0,0,0,0,0,-41000,0,0,0,2000,43000,-41000,-41000
051201,台積電麥證95購02,0,0,0,0,41000,-41000,0,0,0,-41000,0,0,0,0,41000,-41000,-41000
05091P,台積電元大95售11,0,0,0,0,0,0,0,0,0,-41000,0,0,0,20000,61000,-41000,-41000
050612,台積電元大95購06,0,0,0,0,0,0,0,0,0,-41000,0,0,0,0,41000,-41000,-41000
1321,大洋            ,12000,53000,-41000,0,0,0,0,0,0,0,0,0,0,0,0,0,-41000
06053P,緯穎國票97售05  ,0,0,0,0,0,0,0,0,0,-41000,0,0,0,0,41000,-41000,-41000
3356,奇偶            ,11000,54000,-43000,0,0,0,0,0,0,2000,4000,2000,2000,0,0,0,-41000
054635,台達電中信98購01,0,0,0,0,0,0,0,0,0,-42000,0,0,0,58000,100000,-42000,-42000
053665,臺股指凱基96購26,0,0,0,0,0,0,0,0,0,-42000,0,0,0,3000,45000,-42000,-42000
055724,祥碩元大97購03  ,0,0,0,0,0,0,0,0,0,-42000,0,0,0,0,42000,-42000,-42000
055048,台積電永豐97購04,0,0,0,0,0,0,0,0,0,-42000,0,0,0,0,42000,-42000,-42000
054969,亞翔元大97購01  ,0,0,0,0,0,0,0,0,0,-42000,0,0,0,0,42000,-42000,-42000
054957,興富發元大97購01,0,0,0,0,0,0,0,0,0,-42000,0,0,0,158000,200000,-42000,-42000
05490P,鴻海元大95售23  ,0,0,0,0,0,0,0,0,0,-42000,0,0,0,0,42000,-42000,-42000
045762,微星統一92購01  ,0,0,0,0,0,0,0,0,0,-42000,0,0,0,70000,112000,-42000,-42000
048759,巨大元富96購01  ,0,0,0,0,0,0,0,0,0,-42000,0,0,0,28000,70000,-42000,-42000
049523,微星兆豐94購02  ,0,0,0,0,0,0,0,0,0,-42000,0,0,0,98000,140000,-42000,-42000
048887,牧德元富94購01  ,0,0,0,0,0,0,0,0,0,-42000,0,0,0,0,42000,-42000,-42000
051858,上銀凱基95購01  ,0,0,0,0,0,0,0,0,0,-42000,0,0,0,4000,46000,-42000,-42000
052236,聯發科國票96購03,0,0,0,0,0,0,0,0,0,-42000,0,0,0,0,42000,-42000,-42000
052646,淘帝永豐96購01  ,0,0,0,0,0,0,0,0,0,-42000,0,0,0,0,42000,-42000,-42000
053087,冠德元大96購02  ,0,0,0,0,0,0,0,0,0,-42000,0,0,0,0,42000,-42000,-42000
052869,新日興凱基96購01,0,0,0,0,0,0,0,0,0,-42000,0,0,0,60000,102000,-42000,-42000
4552,力達-KY         ,11000,53000,-42000,0,0,0,0,0,0,0,0,0,0,0,0,0,-42000
5305,敦南            ,18000,38000,-20000,0,0,0,0,0,0,-22000,0,21000,-21000,0,1000,-1000,-42000
05908P,大立光元富96售05,0,0,0,0,0,0,0,0,0,-42000,0,0,0,16000,58000,-42000,-42000
05848P,臺股指元大96售24,0,0,0,0,0,0,0,0,0,-42000,0,0,0,3000,45000,-42000,-42000
1316,上曜            ,10000,52000,-42000,0,0,0,0,0,0,0,0,0,0,0,0,0,-42000
054865,可成群益97購01  ,0,0,0,0,0,0,0,0,0,-43000,0,0,0,10000,53000,-43000,-43000
054669,凌華元富97購01  ,0,0,0,0,0,0,0,0,0,-43000,0,0,0,0,43000,-43000,-43000
055235,金寶台新98購01  ,0,0,0,0,0,0,0,0,0,-43000,0,0,0,57000,100000,-43000,-43000
055217,緯創凱基97購02  ,0,0,0,0,0,0,0,0,0,-43000,0,0,0,0,43000,-43000,-43000
055191,牧德元富97購01  ,0,0,0,0,0,0,0,0,0,-43000,0,0,0,10000,53000,-43000,-43000
055282,聯發科元大97購15,0,0,0,0,0,0,0,0,0,-43000,0,0,0,20000,63000,-43000,-43000
053352,義隆兆豐96購01  ,0,0,0,0,0,0,0,0,0,-43000,0,0,0,219000,262000,-43000,-43000
053934,A50正2元富96購02,0,0,0,0,0,0,0,0,0,-43000,0,0,0,0,43000,-43000,-43000
054180,亞泥康和96購01  ,0,0,0,0,0,0,0,0,0,-43000,0,0,0,7000,50000,-43000,-43000
04568P,瑞昱兆豐94售02  ,0,0,0,0,0,0,0,0,0,-43000,0,0,0,0,43000,-43000,-43000
043066,上銀兆豐93購02  ,0,0,0,0,0,0,0,0,0,-43000,0,0,0,0,43000,-43000,-43000
049334,上銀統一94購01  ,0,0,0,0,0,0,0,0,0,-43000,0,0,0,49000,92000,-43000,-43000
052939,富邦金兆豐96購01,0,0,0,0,0,0,0,0,0,-43000,0,0,0,2000,45000,-43000,-43000
052590,祥碩永豐96購01  ,0,0,0,0,0,0,0,0,0,-43000,0,0,0,18000,61000,-43000,-43000
052464,大立光統一95購05,0,0,0,0,0,0,0,0,0,-43000,0,0,0,82000,125000,-43000,-43000
052140,鈺齊凱基95購02  ,0,0,0,0,0,0,0,0,0,-43000,0,0,0,163000,206000,-43000,-43000
06063P,玉晶光元富97售01,0,0,0,0,0,0,0,0,0,-43000,0,0,0,22000,65000,-43000,-43000
2489,瑞軒            ,90000,0,90000,0,0,0,0,0,0,-133000,12000,145000,-133000,0,0,0,-43000
055327,致新國票98購01  ,0,0,0,0,0,0,0,0,0,-44000,0,0,0,1000,45000,-44000,-44000
05620P,大立光富邦9B售01,0,0,0,0,0,0,0,0,0,-44000,0,0,0,11000,55000,-44000,-44000
055119,力成凱基98購01  ,0,0,0,0,0,0,0,0,0,-44000,0,0,0,10000,54000,-44000,-44000
054764,亞光國票98購01  ,0,0,0,0,0,0,0,0,0,-44000,0,0,0,16000,60000,-44000,-44000
046141,康控統一92購02  ,0,0,0,0,0,0,0,0,0,-44000,0,0,0,0,44000,-44000,-44000
046551,聯發科麥證92購02,0,0,0,6000,50000,-44000,0,0,0,-44000,0,0,0,6000,50000,-44000,-44000
047250,日月光群益94購01,0,0,0,0,0,0,0,0,0,-44000,0,0,0,50000,94000,-44000,-44000
049760,滬深2X國泰95購02,0,0,0,0,0,0,0,0,0,-44000,0,0,0,7000,51000,-44000,-44000
049569,光磊統一94購02  ,0,0,0,0,0,0,0,0,0,-44000,0,0,0,92000,136000,-44000,-44000
049113,大立光統一94購06,0,0,0,0,0,0,0,0,0,-44000,0,0,0,36000,80000,-44000,-44000
047770,聯詠元大93購10  ,0,0,0,0,0,0,0,0,0,-44000,0,0,0,0,44000,-44000,-44000
05222P,致伸凱基95售02  ,0,0,0,0,0,0,0,0,0,-44000,0,0,0,0,44000,-44000,-44000
052216,康友元大96購01  ,0,0,0,0,0,0,0,0,0,-44000,0,0,0,85000,129000,-44000,-44000
052990,超眾元大97購01  ,0,0,0,0,0,0,0,0,0,-44000,0,0,0,57000,101000,-44000,-44000
5215,科嘉-KY         ,63000,69000,-6000,0,0,0,0,0,0,-38000,5000,43000,-38000,0,0,0,-44000
05883P,致伸永豐96售03  ,0,0,0,0,0,0,0,0,0,-44000,0,0,0,0,44000,-44000,-44000
05922P,京元電兆豐96售01,0,0,0,0,0,0,0,0,0,-44000,0,0,0,0,44000,-44000,-44000
06202P,大立光元大98售06,0,0,0,0,0,0,0,0,0,-44000,0,0,0,0,44000,-44000,-44000
1718,中纖            ,95000,139000,-44000,0,0,0,0,0,0,0,0,0,0,0,0,0,-44000
1626,艾美特-KY       ,37000,81000,-44000,0,0,0,0,0,0,0,0,0,0,0,0,0,-44000
055190,華新科元富97購01,0,0,0,0,0,0,0,0,0,-45000,0,0,0,0,45000,-45000,-45000
055226,聯發科國票97購05,0,0,0,0,0,0,0,0,0,-45000,0,0,0,0,45000,-45000,-45000
055677,喬山凱基97購01  ,0,0,0,0,0,0,0,0,0,-45000,0,0,0,0,45000,-45000,-45000
055408,力成國泰98購01  ,0,0,0,0,0,0,0,0,0,-45000,0,0,0,48000,93000,-45000,-45000
055468,智邦凱基97購04  ,0,0,0,0,0,0,0,0,0,-45000,0,0,0,0,45000,-45000,-45000
054237,茂林群益97購01  ,0,0,0,0,0,0,0,0,0,-45000,0,0,0,150000,195000,-45000,-45000
054155,美律第一96購01  ,0,0,0,0,0,0,0,0,0,-45000,0,0,0,10000,55000,-45000,-45000
053967,華邦電元大96購03,0,0,0,0,0,0,0,0,0,-45000,0,0,0,17000,62000,-45000,-45000
053815,聯發科群益96購01,0,0,0,0,0,0,0,0,0,-45000,0,0,0,0,45000,-45000,-45000
053401,臺股指中信99購01,0,0,0,0,0,0,0,0,0,-45000,0,0,0,0,45000,-45000,-45000
053586,建準元大96購01  ,0,0,0,0,0,0,0,0,0,-45000,0,0,0,58000,103000,-45000,-45000
049986,嘉澤凱基94購02  ,0,0,0,0,0,0,0,0,0,-45000,0,0,0,50000,95000,-45000,-45000
047322,日月光元大93購04,0,0,0,0,0,0,0,0,0,-45000,0,0,0,0,45000,-45000,-45000
050018,高股息元大94購02,0,0,0,0,0,0,0,0,0,-45000,0,0,0,5000,50000,-45000,-45000
046694,智邦凱基93購01  ,0,0,0,0,0,0,0,0,0,-45000,0,0,0,13000,58000,-45000,-45000
045645,祥碩凱基93購03  ,0,0,0,0,0,0,0,0,0,-45000,0,0,0,5000,50000,-45000,-45000
04245P,上海銀元大93售03,0,0,0,0,0,0,0,0,0,-45000,0,0,0,0,45000,-45000,-45000
03267P,台灣50元大02售06,0,0,0,0,0,0,0,0,0,-45000,0,0,0,160000,205000,-45000,-45000
049515,同欣電凱基94購01,0,0,0,0,0,0,0,0,0,-45000,0,0,0,4000,49000,-45000,-45000
048914,川湖台新94購01  ,0,0,0,0,0,0,0,0,0,-45000,0,0,0,0,45000,-45000,-45000
046841,智伸科台新93購01,0,0,0,0,0,0,0,0,0,-45000,0,0,0,0,45000,-45000,-45000
050509,元油2X元大94購09,0,0,0,0,0,0,0,0,0,-45000,0,0,0,15000,60000,-45000,-45000
052044,華通凱基97購01  ,0,0,0,0,0,0,0,0,0,-45000,0,0,0,7000,52000,-45000,-45000
050882,華泰國泰96購01  ,0,0,0,0,0,0,0,0,0,-45000,0,0,0,70000,115000,-45000,-45000
1231,聯華食          ,4000,49000,-45000,0,0,0,0,0,0,0,0,0,0,0,0,0,-45000
1503,士電            ,10000,11000,-1000,0,0,0,0,0,0,-44000,0,44000,-44000,0,0,0,-45000
2748,雲品            ,4000,7000,-3000,0,0,0,0,42000,-42000,0,0,0,0,0,0,0,-45000
2820,華票            ,56000,99000,-43000,0,0,0,0,0,0,-2000,120000,122000,-2000,0,0,0,-45000
8482,商億-KY         ,155000,200000,-45000,0,0,0,0,0,0,0,0,0,0,0,0,0,-45000
053964,上銀元大96購05  ,0,0,0,0,0,0,0,0,0,-46000,0,0,0,38000,84000,-46000,-46000
055602,康控元大97購03  ,0,0,0,0,0,0,0,0,0,-46000,0,0,0,110000,156000,-46000,-46000
055358,臻鼎凱基97購01  ,0,0,0,0,0,0,0,0,0,-46000,0,0,0,0,46000,-46000,-46000
054786,全新群益99購02  ,0,0,0,0,0,0,0,0,0,-46000,0,0,0,4000,50000,-46000,-46000
044975,台積電國票92購02,0,0,0,0,0,0,0,0,0,-46000,0,0,0,250000,296000,-46000,-46000
044996,嘉晶國泰95購01  ,0,0,0,0,0,0,0,0,0,-46000,0,0,0,62000,108000,-46000,-46000
046298,聯發科富邦94購01,0,0,0,0,0,0,0,0,0,-46000,0,0,0,72000,118000,-46000,-46000
048745,儒鴻元富97購02  ,0,0,0,0,0,0,0,0,0,-46000,0,0,0,84000,130000,-46000,-46000
052128,聯發科日盛95購03,0,0,0,0,0,0,0,0,0,-46000,0,0,0,57000,103000,-46000,-46000
053170,茂林群益96購04  ,0,0,0,0,0,0,0,0,0,-46000,0,0,0,65000,111000,-46000,-46000
053255,貿聯國泰97購01  ,0,0,0,0,0,0,0,0,0,-46000,0,0,0,35000,81000,-46000,-46000
053296,貿聯中信98購01  ,0,0,0,0,0,0,0,0,0,-46000,0,0,0,7000,53000,-46000,-46000
6214,精誠            ,15000,13000,2000,0,0,0,0,0,0,-48000,0,41000,-41000,0,7000,-7000,-46000
054971,帆宣元大97購02  ,0,0,0,0,0,0,0,0,0,-47000,0,0,0,27000,74000,-47000,-47000
053791,同欣電元大96購05,0,0,0,0,0,0,0,0,0,-47000,0,0,0,116000,163000,-47000,-47000
05370P,矽創元富95售01  ,0,0,0,0,0,0,0,0,0,-47000,0,0,0,10000,57000,-47000,-47000
053580,國巨元大96購10  ,0,0,0,0,0,0,0,0,0,-47000,0,0,0,159000,206000,-47000,-47000
054209,台積電國票97購08,0,20000,-20000,0,0,0,0,0,0,-27000,0,0,0,59000,86000,-27000,-47000
04607P,A50中信94售01   ,0,0,0,0,0,0,0,0,0,-47000,0,0,0,13000,60000,-47000,-47000
047759,復盛元富93購01  ,0,0,0,0,0,0,0,0,0,-47000,0,0,0,65000,112000,-47000,-47000
047897,可成群益94購01  ,0,0,0,0,0,0,0,0,0,-47000,0,0,0,232000,279000,-47000,-47000
052237,嘉澤國票96購02  ,0,0,0,0,0,0,0,0,0,-47000,0,0,0,0,47000,-47000,-47000
052628,樺漢中信96購01  ,0,0,0,0,0,0,0,0,0,-47000,0,0,0,0,47000,-47000,-47000
05180P,玉晶光凱基95售04,0,0,0,0,0,0,0,0,0,-47000,0,0,0,4000,51000,-47000,-47000
051417,揚明光國票96購01,0,0,0,0,0,0,0,0,0,-47000,0,0,0,8000,55000,-47000,-47000
5531,鄉林            ,177000,206000,-29000,0,0,0,0,0,0,-18000,0,18000,-18000,0,0,0,-47000
06082P,華通統一98售01  ,0,0,0,0,0,0,0,0,0,-47000,0,0,0,0,47000,-47000,-47000
00743,國泰中國A150    ,7000,0,7000,0,0,0,0,0,0,-54897,0,0,0,5103,60000,-54897,-47897
054251,聯發科元大96購21,0,0,0,0,0,0,0,0,0,-48000,0,0,0,138000,186000,-48000,-48000
053770,元金2X元大98購01,0,0,0,0,0,0,0,0,0,-48000,0,0,0,0,48000,-48000,-48000
053978,創意元大96購05  ,0,0,0,0,0,0,0,0,0,-48000,0,0,0,340000,388000,-48000,-48000
05508P,華通統一97售01  ,0,0,0,0,0,0,0,0,0,-48000,0,0,0,0,48000,-48000,-48000
055356,大立光凱基97購06,0,0,0,0,0,0,0,0,0,-48000,0,0,0,0,48000,-48000,-48000
055483,和大元大97購03  ,0,0,0,0,0,0,0,0,0,-48000,0,0,0,22000,70000,-48000,-48000
00648R,元大S&P500反1   ,0,0,0,0,0,0,0,0,0,-48000,0,0,0,5000,53000,-48000,-48000
04428P,台光電元大94售02,0,0,0,0,0,0,0,0,0,-48000,0,0,0,52000,100000,-48000,-48000
044190,聯詠富邦93購01  ,0,0,0,0,0,0,0,0,0,-48000,0,0,0,10000,58000,-48000,-48000
046292,聯發科統一92購02,0,0,0,0,0,0,0,0,0,-48000,0,0,0,0,48000,-48000,-48000
046231,創意元大92購07  ,0,0,0,0,0,0,0,0,0,-48000,0,0,0,46000,94000,-48000,-48000
049458,SP黃豆元富96購01,0,0,0,0,0,0,0,0,0,-48000,0,0,0,0,48000,-48000,-48000
048941,牧德永豐94購02  ,0,0,0,0,0,0,0,0,0,-48000,0,0,0,4000,52000,-48000,-48000
049136,華通元大95購01  ,0,0,0,0,0,0,0,0,0,-48000,0,0,0,154000,202000,-48000,-48000
050499,台達電凱基94購11,0,0,0,0,0,0,0,0,0,-48000,0,0,0,26000,74000,-48000,-48000
050101,台積電永昌96購03,0,0,0,0,0,0,0,0,0,-48000,0,0,0,835000,883000,-48000,-48000
051440,鴻海元大95購12  ,0,0,0,0,0,0,0,0,0,-48000,0,0,0,110000,158000,-48000,-48000
051708,創意群益95購02  ,0,0,0,0,0,0,0,0,0,-48000,0,0,0,0,48000,-48000,-48000
050243,華新科凱基94購10,0,0,0,0,0,0,0,0,0,-48000,0,0,0,79000,127000,-48000,-48000
052535,日月光國泰96購01,0,0,0,0,0,0,0,0,0,-48000,0,0,0,46000,94000,-48000,-48000
052148,康友群益95購03  ,0,0,0,0,0,0,0,0,0,-48000,0,0,0,72000,120000,-48000,-48000
05282P,可成元大95售09  ,0,0,0,0,0,0,0,0,0,-48000,0,0,0,83000,131000,-48000,-48000
1439,中和            ,35000,83000,-48000,0,0,0,0,0,0,0,0,0,0,0,0,0,-48000
1109,信大            ,110000,120000,-10000,0,0,0,0,0,0,-38000,0,38000,-38000,0,0,0,-48000
2031,新光鋼          ,128000,176000,-48000,0,0,0,0,0,0,0,11000,11000,0,0,0,0,-48000
2430,燦坤            ,1000,38000,-37000,0,0,0,0,0,0,-11000,0,11000,-11000,0,0,0,-48000
055400,緯穎統一97購01  ,0,0,0,0,0,0,0,0,0,-49000,0,0,0,104000,153000,-49000,-49000
046572,貿聯國泰94購01  ,0,0,0,0,0,0,0,0,0,-49000,0,0,0,140000,189000,-49000,-49000
046688,超眾國票93購03  ,0,0,0,0,0,0,0,0,0,-49000,0,0,0,0,49000,-49000,-49000
04584P,楠梓電永豐94售01,0,0,0,0,0,0,0,0,0,-49000,0,0,0,0,49000,-49000,-49000
050150,國巨群益95購01  ,0,0,0,0,0,0,0,0,0,-49000,0,0,0,98000,147000,-49000,-49000
049765,上証2X元富94購01,0,0,0,0,0,0,0,0,0,-49000,0,0,0,3000,52000,-49000,-49000
04772P,欣興元大94售08  ,0,0,0,0,0,0,0,0,0,-49000,0,0,0,3000,52000,-49000,-49000
052511,聯發科凱基95購14,0,0,0,0,0,0,0,0,0,-49000,0,0,0,41000,90000,-49000,-49000
050716,可成群益96購01  ,0,0,0,0,0,0,0,0,0,-49000,0,0,0,1000,50000,-49000,-49000
055398,超眾統一97購03  ,0,0,0,0,0,0,0,0,0,-50000,0,0,0,70000,120000,-50000,-50000
055278,旺宏元大98購05  ,0,0,0,0,0,0,0,0,0,-50000,0,0,0,244000,294000,-50000,-50000
055480,元上證元大97購02,0,0,0,0,0,0,0,0,0,-50000,0,0,0,0,50000,-50000,-50000
055448,健策統一97購02  ,0,0,0,0,0,0,0,0,0,-50000,0,0,0,0,50000,-50000,-50000
055553,聯發科凱基97購05,0,0,0,0,0,0,0,0,0,-50000,0,0,0,0,50000,-50000,-50000
05744P,台表科元大96售04,0,0,0,0,0,0,0,0,0,-50000,0,0,0,100000,150000,-50000,-50000
055246,美律統一98購01  ,0,0,0,0,0,0,0,0,0,-50000,0,0,0,0,50000,-50000,-50000
055158,亞光元大99購01  ,0,0,0,0,0,0,0,0,0,-50000,0,0,0,23000,73000,-50000,-50000
054819,裕民元大9A購01  ,0,0,0,0,0,0,0,0,0,-50000,0,0,0,0,50000,-50000,-50000
053876,可成永昌98購01  ,0,0,0,0,0,0,0,0,0,-50000,0,0,0,6000,56000,-50000,-50000
054219,楠梓電統一97購01,0,0,0,0,0,0,0,0,0,-50000,0,0,0,50000,100000,-50000,-50000
054456,華泰群益99購01  ,0,0,0,0,0,0,0,0,0,-50000,0,0,0,13000,63000,-50000,-50000
050009,昇陽半永豐94購02,0,0,0,0,0,0,0,0,0,-50000,0,0,0,0,50000,-50000,-50000
046330,祥碩元大92購02  ,0,0,0,0,0,0,0,0,0,-50000,0,0,0,0,50000,-50000,-50000
04610P,世紀鋼永豐94售03,0,0,0,0,0,0,0,0,0,-50000,0,0,0,0,50000,-50000,-50000
046166,嘉聯益兆豐93購01,0,0,0,0,0,0,0,0,0,-50000,0,0,0,0,50000,-50000,-50000
04122P,瑞昱凱基93售09  ,0,0,0,0,0,0,0,0,0,-50000,0,0,0,0,50000,-50000,-50000
04253P,聯發科元富93售01,0,0,0,0,0,0,0,0,0,-50000,0,0,0,0,50000,-50000,-50000
042040,大立光群益93購01,0,0,0,0,0,0,0,0,0,-50000,0,0,0,0,50000,-50000,-50000
04640P,上銀凱基94售05  ,0,0,0,0,0,0,0,0,0,-50000,0,0,0,0,50000,-50000,-50000
046440,義隆亞東93購01  ,0,0,0,0,0,0,0,0,0,-50000,0,0,0,50000,100000,-50000,-50000
04103P,臺股指國票93售10,0,0,0,0,0,0,0,0,0,-50000,0,0,0,50000,100000,-50000,-50000
03266P,寶成國票04售01  ,0,0,0,0,0,0,0,0,0,-50000,0,0,0,0,50000,-50000,-50000
03498P,矽創凱基02售02  ,0,0,0,0,0,0,0,0,0,-50000,0,0,0,0,50000,-50000,-50000
03543P,台泥中信02售01  ,0,0,0,0,0,0,0,0,0,-50000,0,0,0,0,50000,-50000,-50000
03982P,智易國票94售02  ,0,0,0,0,0,0,0,0,0,-50000,0,0,0,0,50000,-50000,-50000
047226,義隆凱基94購01  ,0,0,0,0,0,0,0,0,0,-50000,0,0,0,10000,60000,-50000,-50000
04815P,致伸元大94售04  ,0,0,0,0,0,0,0,0,0,-50000,0,0,0,0,50000,-50000,-50000
049584,台積電元大96購04,0,0,0,0,0,0,0,0,0,-50000,0,0,0,19000,69000,-50000,-50000
048459,嘉聯益凱基93購04,0,0,0,0,0,0,0,0,0,-50000,0,0,0,0,50000,-50000,-50000
049773,臺股指元富94購02,0,0,0,0,0,0,0,0,0,-50000,0,0,0,0,50000,-50000,-50000
048258,國泰金統一93購01,0,0,0,0,0,0,0,0,0,-50000,0,0,0,0,50000,-50000,-50000
049604,創意亞東94購02  ,0,0,0,0,0,0,0,0,0,-50000,0,0,0,0,50000,-50000,-50000
048303,A50凱基96購01   ,0,0,0,0,0,0,0,0,0,-50000,0,0,0,0,50000,-50000,-50000
046912,巨大凱基93購02  ,0,0,0,0,0,0,0,0,0,-50000,0,0,0,0,50000,-50000,-50000
050174,技嘉元大94購01  ,0,0,0,0,0,0,0,0,0,-50000,0,0,0,3000,53000,-50000,-50000
050307,欣興中信95購01  ,0,0,0,0,0,0,0,0,0,-50000,0,0,0,10000,60000,-50000,-50000
050450,富邦金元大94購03,0,0,0,0,0,0,0,0,0,-50000,0,0,0,0,50000,-50000,-50000
050416,高股息凱基96購02,0,0,0,0,0,0,0,0,0,-50000,0,0,0,0,50000,-50000,-50000
050769,聯發科元大94購17,0,0,0,0,0,0,0,0,0,-50000,0,0,0,51000,101000,-50000,-50000
051728,道瓊反國票97購01,0,0,0,0,0,0,0,0,0,-50000,0,0,0,0,50000,-50000,-50000
051688,大立光凱基97購02,0,0,0,0,0,0,0,0,0,-50000,0,0,0,3000,53000,-50000,-50000
051594,和碩元大96購01  ,0,0,0,0,0,0,0,0,0,-50000,0,0,0,0,50000,-50000,-50000
051598,瑞昱兆豐95購01  ,0,0,0,0,0,0,0,0,0,-50000,0,0,0,0,50000,-50000,-50000
051626,可成麥證95購02  ,0,0,0,0,50000,-50000,0,0,0,-50000,0,0,0,0,50000,-50000,-50000
051622,和碩凱基96購01  ,0,0,0,0,0,0,0,0,0,-50000,0,0,0,0,50000,-50000,-50000
052679,致伸富邦98購01  ,0,0,0,0,0,0,0,0,0,-50000,0,0,0,0,50000,-50000,-50000
052306,鴻海國泰97購05  ,0,0,0,0,0,0,0,0,0,-50000,0,0,0,0,50000,-50000,-50000
052761,可成群益96購02  ,0,0,0,0,0,0,0,0,0,-50000,0,0,0,0,50000,-50000,-50000
052934,中磊元大96購01  ,0,0,0,0,0,0,0,0,0,-50000,0,0,0,56000,106000,-50000,-50000
053177,華邦電統一96購01,0,0,0,0,0,0,0,0,0,-50000,0,0,0,0,50000,-50000,-50000
053185,友達中信99購01  ,0,0,0,0,0,0,0,0,0,-50000,0,0,0,20000,70000,-50000,-50000
06227P,大立光群益97售04,0,0,0,0,0,0,0,0,0,-50000,0,0,0,0,50000,-50000,-50000
06055P,華通凱基97售04  ,0,0,0,0,0,0,0,0,0,-50000,0,0,0,0,50000,-50000,-50000
06183P,大立光元大97售05,0,0,0,0,0,0,0,0,0,-50000,0,0,0,0,50000,-50000,-50000
06119P,大立光凱基98售04,0,0,0,0,0,0,0,0,0,-50000,0,0,0,0,50000,-50000,-50000
05947P,大成鋼元大96售03,0,0,0,0,0,0,0,0,0,-50000,0,0,0,0,50000,-50000,-50000
054576,健策元大98購03  ,0,0,0,0,0,0,0,0,0,-51000,0,0,0,107000,158000,-51000,-51000
05425P,華邦電亞東96售02,0,0,0,0,0,0,0,0,0,-51000,0,0,0,0,51000,-51000,-51000
05333P,臺股指國票95售02,0,0,0,0,0,0,0,0,0,-51000,0,0,0,20000,71000,-51000,-51000
054948,聯發科元大97購14,0,0,0,0,0,0,0,0,0,-51000,0,0,0,22000,73000,-51000,-51000
054929,群電凱基97購01  ,0,0,0,0,0,0,0,0,0,-51000,0,0,0,0,51000,-51000,-51000
055018,緯穎元富97購02  ,0,0,0,0,0,0,0,0,0,-51000,0,0,0,5000,56000,-51000,-51000
048572,美利達元大96購04,0,0,0,0,0,0,0,0,0,-51000,0,0,0,50000,101000,-51000,-51000
1201,味全            ,92000,131000,-39000,0,0,0,0,0,0,-12000,0,12000,-12000,0,0,0,-51000
055092,開發金群益9B購01,0,0,0,0,0,0,0,0,0,-52000,0,0,0,0,52000,-52000,-52000
055160,玉晶光元大99購03,0,0,0,0,0,0,0,0,0,-52000,0,0,0,70000,122000,-52000,-52000
055530,聯發科群益98購01,0,0,0,0,0,0,0,0,0,-52000,0,0,0,0,52000,-52000,-52000
04380P,欣興元大94售02  ,0,0,0,0,0,0,0,0,0,-52000,0,0,0,50000,102000,-52000,-52000
045459,致茂元大92購01  ,0,0,0,0,0,0,0,0,0,-52000,0,0,0,52000,104000,-52000,-52000
044061,聯發科元大92購03,0,0,0,0,0,0,0,0,0,-52000,0,0,0,61000,113000,-52000,-52000
046020,滬深2X元大95購02,0,0,0,0,0,0,0,0,0,-52000,0,0,0,110000,162000,-52000,-52000
04506P,旺宏元大94售06  ,0,0,0,0,0,0,0,0,0,-52000,0,0,0,0,52000,-52000,-52000
044578,緯創凱基93購02  ,0,0,0,0,0,0,0,0,0,-52000,0,0,0,0,52000,-52000,-52000
048215,A50正2凱基95購01,0,0,0,0,0,0,0,0,0,-52000,0,0,0,0,52000,-52000,-52000
047708,聯發科凱基93購17,0,0,0,0,0,0,0,0,0,-52000,0,0,0,61000,113000,-52000,-52000
04811P,上銀元大94售02  ,0,0,0,0,0,0,0,0,0,-52000,0,0,0,0,52000,-52000,-52000
05046P,台光電永豐95售02,0,0,0,0,0,0,0,0,0,-52000,0,0,0,12000,64000,-52000,-52000
046886,喬山群益93購01  ,0,0,0,0,0,0,0,0,0,-52000,0,0,0,0,52000,-52000,-52000
05330P,臺股指凱基95售14,0,0,0,0,0,0,0,0,0,-52000,0,0,0,12000,64000,-52000,-52000
051832,復盛元大95購01  ,0,0,0,0,0,0,0,0,0,-52000,0,0,0,4000,56000,-52000,-52000
050638,創意國票94購02  ,0,0,0,0,0,0,0,0,0,-52000,0,0,0,8000,60000,-52000,-52000
055471,聯發科凱基97購04,0,0,0,0,0,0,0,0,0,-53000,0,0,0,276000,329000,-53000,-53000
055316,上銀國票98購01  ,0,0,0,0,0,0,0,0,0,-53000,0,0,0,20000,73000,-53000,-53000
055413,全新富邦98購01  ,0,0,0,0,0,0,0,0,0,-53000,0,0,0,47000,100000,-53000,-53000
05596P,可成統一96售01  ,0,0,0,0,0,0,0,0,0,-53000,0,0,0,36000,89000,-53000,-53000
055153,台光電元大98購02,0,0,0,0,0,0,0,0,0,-53000,0,0,0,35000,88000,-53000,-53000
053417,上銀永豐96購02  ,0,0,0,0,0,0,0,0,0,-53000,0,0,0,117000,170000,-53000,-53000
053637,強茂永豐96購01  ,0,0,0,0,0,0,0,0,0,-53000,0,0,0,28000,81000,-53000,-53000
053842,聯發科統一96購08,0,0,0,0,0,0,0,0,0,-53000,0,0,0,10000,63000,-53000,-53000
054189,貿聯永豐96購03  ,0,0,0,0,0,0,0,0,0,-53000,0,0,0,10000,63000,-53000,-53000
054097,淘帝國票97購01  ,0,0,0,0,0,0,0,0,0,-53000,0,0,0,0,53000,-53000,-53000
054042,華泰元大96購01  ,0,0,0,0,0,0,0,0,0,-53000,0,0,0,20000,73000,-53000,-53000
04625P,燿華元大94售03  ,0,0,0,0,0,0,0,0,0,-53000,0,0,0,0,53000,-53000,-53000
044117,創意兆豐92購01  ,0,0,0,0,0,0,0,0,0,-53000,0,0,0,0,53000,-53000,-53000
045055,聯發科元富98購03,0,0,0,0,0,0,0,0,0,-53000,0,0,0,0,53000,-53000,-53000
044941,鴻海群益93購01  ,0,0,0,0,0,0,0,0,0,-53000,0,0,0,28000,81000,-53000,-53000
03283P,台灣50群益03售03,0,0,0,0,0,0,0,0,0,-53000,0,0,0,0,53000,-53000,-53000
04787P,台積電永昌96售04,0,0,0,0,0,0,0,0,0,-53000,0,0,0,10000,63000,-53000,-53000
047822,臺股指凱基93購16,0,0,0,0,0,0,0,0,0,-53000,0,0,0,0,53000,-53000,-53000
048952,川湖康和94購01  ,0,0,0,0,0,0,0,0,0,-53000,0,0,0,10000,63000,-53000,-53000
050947,聯發科群益95購01,0,0,0,0,0,0,0,0,0,-53000,0,0,0,140000,193000,-53000,-53000
051771,上銀中信95購01  ,0,0,0,0,0,0,0,0,0,-53000,0,0,0,85000,138000,-53000,-53000
051353,聯發科元大95購08,0,0,0,0,0,0,0,0,0,-53000,0,0,0,2000,55000,-53000,-53000
053189,聯發科統一96購05,0,0,0,0,0,0,0,0,0,-53000,0,0,0,45000,98000,-53000,-53000
05953P,台積電國票98售02,0,0,0,0,0,0,0,0,0,-53000,0,0,0,223000,276000,-53000,-53000
8105,凌巨            ,63000,83000,-20000,0,0,0,0,0,0,-33000,0,33000,-33000,0,0,0,-53000
9941,裕融            ,10000,11000,-1000,0,0,0,0,43000,-43000,-9000,15000,24000,-9000,0,0,0,-53000
053428,中磊永豐96購02  ,0,0,0,0,0,0,0,0,0,-54000,0,0,0,0,54000,-54000,-54000
055223,和大國票98購01  ,0,0,0,0,0,0,0,0,0,-54000,0,0,0,0,54000,-54000,-54000
048539,巨大國票94購01  ,0,0,0,0,0,0,0,0,0,-54000,0,0,0,11000,65000,-54000,-54000
049532,同欣電台新94購01,0,0,0,0,0,0,0,0,0,-54000,0,0,0,61000,115000,-54000,-54000
04687P,全新凱基94售02  ,0,0,0,0,0,0,0,0,0,-54000,0,0,0,0,54000,-54000,-54000
04938P,亞德客國票95售01,0,0,0,0,0,0,0,0,0,-54000,0,0,0,15000,69000,-54000,-54000
050409,華通永豐94購01  ,0,0,0,0,0,0,0,0,0,-54000,0,0,0,0,54000,-54000,-54000
047046,台積電國票94購01,0,0,0,0,0,0,0,0,0,-54000,0,0,0,10000,64000,-54000,-54000
052987,華新科元大99購01,0,0,0,0,0,0,0,0,0,-54000,0,0,0,11000,65000,-54000,-54000
05280P,華通元大95售08  ,0,0,0,0,0,0,0,0,0,-54000,0,0,0,41000,95000,-54000,-54000
050954,樺漢群益95購01  ,0,0,0,0,0,0,0,0,0,-54000,0,0,0,49000,103000,-54000,-54000
05084P,嘉聯益永豐95售02,0,0,0,0,0,0,0,0,0,-54000,0,0,0,0,54000,-54000,-54000
05951P,台積電國票97售05,0,0,0,0,0,0,0,0,0,-54000,0,0,0,11000,65000,-54000,-54000
05896P,宏達電群益96售03,0,0,0,0,0,0,0,0,0,-54000,0,0,0,69000,123000,-54000,-54000
054739,義隆凱基98購02  ,0,0,0,0,0,0,0,0,0,-55000,0,0,0,10000,65000,-55000,-55000
054682,東元永豐97購01  ,0,0,0,0,0,0,0,0,0,-55000,0,0,0,0,55000,-55000,-55000
055404,超眾元富97購01  ,0,0,0,0,0,0,0,0,0,-55000,0,0,0,0,55000,-55000,-55000
053644,台表科國票97購03,0,0,0,0,0,0,0,0,0,-55000,0,0,0,35000,90000,-55000,-55000
054217,台表科國票97購05,0,0,0,0,0,0,0,0,0,-55000,0,0,0,20000,75000,-55000,-55000
04315P,台光電國票93售04,0,0,0,0,0,0,0,0,0,-55000,0,0,0,0,55000,-55000,-55000
046259,和大凱基92購02  ,0,0,0,0,0,0,0,0,0,-55000,0,0,0,0,55000,-55000,-55000
044730,上銀國票91購04  ,0,0,0,0,0,0,0,0,0,-55000,0,0,0,0,55000,-55000,-55000
044697,美律元大93購02  ,0,0,0,0,0,0,0,0,0,-55000,0,0,0,5000,60000,-55000,-55000
050544,聯發科凱基95購02,0,0,0,0,0,0,0,0,0,-55000,0,0,0,92000,147000,-55000,-55000
049363,旺宏元大94購07  ,0,0,0,0,0,0,0,0,0,-55000,0,0,0,161000,216000,-55000,-55000
049280,創意國票95購01  ,0,0,0,0,0,0,0,0,0,-55000,0,0,0,15000,70000,-55000,-55000
049309,台達電凱基94購05,0,0,0,0,0,0,0,0,0,-55000,0,0,0,8000,63000,-55000,-55000
047882,超眾國泰94購01  ,0,0,0,0,0,0,0,0,0,-55000,0,0,0,10000,65000,-55000,-55000
048225,全新凱基93購03  ,0,0,0,0,0,0,0,0,0,-55000,0,0,0,45000,100000,-55000,-55000
048861,牧德群益94購01  ,0,0,0,0,0,0,0,0,0,-55000,0,0,0,80000,135000,-55000,-55000
052980,上銀元大96購03  ,0,0,0,0,0,0,0,0,0,-55000,0,0,0,29000,84000,-55000,-55000
051993,和碩元大95購03  ,0,0,0,0,0,0,0,0,0,-55000,0,0,0,15000,70000,-55000,-55000
051995,矽力元大95購03  ,0,0,0,0,0,0,0,0,0,-55000,0,0,0,56000,111000,-55000,-55000
052577,台積電統一96購01,1000,0,1000,0,0,0,0,0,0,-56000,0,0,0,120000,176000,-56000,-55000
05996P,華新科群益96售03,0,0,0,0,0,0,0,0,0,-55000,0,0,0,0,55000,-55000,-55000
06017P,亞光凱基96售04  ,0,0,0,0,0,0,0,0,0,-55000,0,0,0,80000,135000,-55000,-55000
055397,超眾統一97購02  ,0,0,0,0,0,0,0,0,0,-56000,0,0,0,0,56000,-56000,-56000
055005,晶相光元富97購01,0,0,0,0,0,0,0,0,0,-56000,0,0,0,94000,150000,-56000,-56000
047286,美律統一93購02  ,0,0,0,0,0,0,0,0,0,-56000,0,0,0,167000,223000,-56000,-56000
042346,創意富邦92購01  ,0,0,0,0,0,0,0,0,0,-56000,0,0,0,2000,58000,-56000,-56000
047134,聯發科凱基93購10,0,0,0,0,0,0,0,0,0,-56000,0,0,0,100000,156000,-56000,-56000
047155,智原國票93購01  ,0,0,0,0,0,0,0,0,0,-56000,0,0,0,0,56000,-56000,-56000
052605,聯發科元大96購06,0,0,0,0,0,0,0,0,0,-56000,0,0,0,7000,63000,-56000,-56000
052317,台積電元大96購11,0,0,0,0,0,0,0,0,0,-56000,0,0,0,24000,80000,-56000,-56000
050897,嘉晶元大95購03  ,0,0,0,0,0,0,0,0,0,-56000,0,0,0,160000,216000,-56000,-56000
051911,大立光元大98購02,0,0,0,0,0,0,0,0,0,-56000,0,0,0,38000,94000,-56000,-56000
4906,正文            ,170000,161000,9000,0,0,0,0,0,0,-65000,12000,26000,-14000,0,51000,-51000,-56000
9958,世紀鋼          ,56000,78000,-22000,0,0,0,0,0,0,-34000,34000,36000,-2000,20000,52000,-32000,-56000
055161,貿聯元大98購03  ,0,0,0,0,0,0,0,0,0,-57000,0,0,0,81000,138000,-57000,-57000
055543,為升凱基97購01  ,0,0,0,0,0,0,0,0,0,-57000,0,0,0,45000,102000,-57000,-57000
05384P,大立光永豐95售02,0,0,0,0,0,0,0,0,0,-57000,0,0,0,0,57000,-57000,-57000
046026,友訊元大92購01  ,0,0,0,0,0,0,0,0,0,-57000,0,0,0,100000,157000,-57000,-57000
04557P,茂林群益94售03  ,0,0,0,0,0,0,0,0,0,-57000,0,0,0,3000,60000,-57000,-57000
050448,義隆元大94購04  ,0,0,0,0,0,0,0,0,0,-57000,0,0,0,152000,209000,-57000,-57000
049442,滬深2X統一99購01,0,0,0,0,0,0,0,0,0,-57000,0,0,0,0,57000,-57000,-57000
048351,旺宏台新94購02  ,0,0,0,0,0,0,0,0,0,-57000,0,0,0,93000,150000,-57000,-57000
051326,聯發科台新95購01,0,0,0,0,0,0,0,0,0,-57000,0,0,0,0,57000,-57000,-57000
053159,同欣電元大96購02,0,0,0,0,0,0,0,0,0,-57000,0,0,0,122000,179000,-57000,-57000
05944P,富邦金中信96售01,0,0,0,0,0,0,0,0,0,-57000,0,0,0,0,57000,-57000,-57000
1313,聯成            ,143905,201000,-57095,0,0,0,0,0,0,0,0,0,0,0,0,0,-57095
055485,國巨元大97購09  ,0,0,0,0,0,0,0,0,0,-58000,0,0,0,5000,63000,-58000,-58000
055675,亞德客凱基97購02,0,0,0,0,0,0,0,0,0,-58000,0,0,0,0,58000,-58000,-58000
05763P,致新永豐96售01  ,0,0,0,0,0,0,0,0,0,-58000,0,0,0,0,58000,-58000,-58000
055066,佐登永豐97購01  ,0,0,0,0,0,0,0,0,0,-58000,0,0,0,0,58000,-58000,-58000
05486P,大立光凱基95售14,0,0,0,0,0,0,0,0,0,-58000,0,0,0,0,58000,-58000,-58000
049623,創意群益94購01  ,0,0,0,0,0,0,0,0,0,-58000,0,0,0,14000,72000,-58000,-58000
049697,群創元大98購01  ,0,0,0,0,0,0,0,0,0,-58000,0,0,0,122000,180000,-58000,-58000
050391,大立光統一94購07,0,0,0,0,0,0,0,0,0,-58000,0,0,0,14000,72000,-58000,-58000
047177,上銀元大93購05  ,0,0,0,0,0,0,0,0,0,-58000,0,0,0,139000,197000,-58000,-58000
050062,聯發科凱基94購08,0,0,0,0,0,0,0,0,0,-58000,0,0,0,63000,121000,-58000,-58000
053062,緯穎富邦97購01  ,0,0,0,0,0,0,0,0,0,-58000,0,0,0,0,58000,-58000,-58000
052012,聯發科台新95購02,0,0,0,0,0,0,0,0,0,-58000,0,0,0,0,58000,-58000,-58000
050744,健策永豐94購04  ,0,0,0,0,0,0,0,0,0,-58000,0,0,0,27000,85000,-58000,-58000
3058,立德            ,1000,59000,-58000,0,0,0,0,0,0,0,0,0,0,0,0,0,-58000
2634,漢翔            ,547000,543000,4000,0,0,0,0,0,0,-62000,0,62000,-62000,0,0,0,-58000
05493P,華新科富邦99售02,0,0,0,0,0,0,0,0,0,-59000,0,0,0,21000,80000,-59000,-59000
055122,國巨兆豐98購01  ,0,0,0,0,0,0,0,0,0,-59000,0,0,0,41000,100000,-59000,-59000
055569,聚陽統一98購01  ,0,0,0,0,0,0,0,0,0,-59000,0,0,0,0,59000,-59000,-59000
053480,祥碩元大96購02  ,0,0,0,0,0,0,0,0,0,-59000,0,0,0,19000,78000,-59000,-59000
049352,泰鼎永豐95購01  ,0,0,0,0,0,0,0,0,0,-59000,0,0,0,13000,72000,-59000,-59000
046939,燿華元大96購01  ,0,0,0,0,0,0,0,0,0,-59000,0,0,0,31000,90000,-59000,-59000
047887,智原富邦97購01  ,0,0,0,0,0,0,0,0,0,-59000,0,0,0,135000,194000,-59000,-59000
04723P,美律凱基94售06  ,0,0,0,0,0,0,0,0,0,-59000,0,0,0,148000,207000,-59000,-59000
04946P,華通元大94售04  ,0,0,0,0,0,0,0,0,0,-59000,0,0,0,57000,116000,-59000,-59000
053081,上銀元大97購02  ,0,0,0,0,0,0,0,0,0,-59000,0,0,0,47000,106000,-59000,-59000
053178,南亞科統一98購01,0,0,0,0,0,0,0,0,0,-59000,0,0,0,48000,107000,-59000,-59000
1707,葡萄王          ,34000,37000,-3000,0,0,0,0,0,0,-56000,2000,58000,-56000,0,0,0,-59000
05353P,臺股指元富95售07,0,0,0,0,0,0,0,0,0,-60000,0,0,0,0,60000,-60000,-60000
05758P,光罩永豐96售02  ,0,0,0,0,0,0,0,0,0,-60000,0,0,0,0,60000,-60000,-60000
055682,智原凱基98購02  ,0,0,0,0,0,0,0,0,0,-60000,0,0,0,0,60000,-60000,-60000
054989,精元元富97購01  ,0,0,0,0,0,0,0,0,0,-60000,0,0,0,30000,90000,-60000,-60000
055126,嘉澤兆豐97購01  ,0,0,0,0,0,0,0,0,0,-60000,0,0,0,0,60000,-60000,-60000
055166,台積電統一97購05,0,0,0,0,0,0,0,0,0,-60000,0,0,0,145000,205000,-60000,-60000
054961,玉晶光元大99購01,0,0,0,0,0,0,0,0,0,-60000,0,0,0,62000,122000,-60000,-60000
04512P,臺股指元大94售07,0,0,0,0,0,0,0,0,0,-60000,0,0,0,180000,240000,-60000,-60000
045297,台積電元大93購04,0,0,0,0,0,0,0,0,0,-60000,0,0,0,0,60000,-60000,-60000
045991,為升富邦95購01  ,0,0,0,0,0,0,0,0,0,-60000,0,0,0,10000,70000,-60000,-60000
049842,道瓊反中信98購01,0,0,0,0,0,0,0,0,0,-60000,0,0,0,0,60000,-60000,-60000
044641,上証2X國票93購02,0,0,0,0,0,0,0,0,0,-60000,0,0,0,0,60000,-60000,-60000
045038,臻鼎群益93購01  ,0,0,0,0,0,0,0,0,0,-60000,0,0,0,0,60000,-60000,-60000
03562P,台灣50群益02售13,0,0,0,0,0,0,0,0,0,-60000,0,0,0,0,60000,-60000,-60000
043916,群創凱基93購01  ,0,0,0,0,0,0,0,0,0,-60000,0,0,0,145000,205000,-60000,-60000
049516,光罩國票94購02  ,0,0,0,0,0,0,0,0,0,-60000,0,0,0,0,60000,-60000,-60000
049492,聯發科元大95購02,0,0,0,0,0,0,0,0,0,-60000,0,0,0,222000,282000,-60000,-60000
048092,聯發科凱基93購29,0,0,0,0,0,0,0,0,0,-60000,0,0,0,57000,117000,-60000,-60000
047372,創意國票94購01  ,0,0,0,0,0,0,0,0,0,-60000,0,0,0,654000,714000,-60000,-60000
048842,矽格凱基94購01  ,0,0,0,0,0,0,0,0,0,-60000,0,0,0,87000,147000,-60000,-60000
049593,群創元大9A購01  ,0,0,0,0,0,0,0,0,0,-60000,0,0,0,82000,142000,-60000,-60000
049025,華擎群益94購01  ,0,0,0,0,0,0,0,0,0,-60000,0,0,0,272000,332000,-60000,-60000
049286,美律兆豐94購01  ,0,0,0,0,0,0,0,0,0,-60000,0,0,0,50000,110000,-60000,-60000
049077,佳世達凱基94購02,0,0,0,0,0,0,0,0,0,-60000,0,0,0,0,60000,-60000,-60000
049373,大立光元大94購11,0,0,0,0,0,0,0,0,0,-60000,0,0,0,50000,110000,-60000,-60000
049822,大成鋼凱基94購04,0,0,0,0,0,0,0,0,0,-60000,0,0,0,0,60000,-60000,-60000
049814,超眾元大95購04  ,0,0,0,0,0,0,0,0,0,-60000,0,0,0,0,60000,-60000,-60000
050352,欣興群益95購01  ,0,0,0,0,0,0,0,0,0,-60000,0,0,0,0,60000,-60000,-60000
053036,聯電凱基98購01  ,0,0,0,0,0,0,0,0,0,-60000,0,0,0,150000,210000,-60000,-60000
052461,和大統一95購01  ,0,0,0,0,0,0,0,0,0,-60000,0,0,0,56000,116000,-60000,-60000
052350,鴻海統一96購06  ,0,0,0,0,0,0,0,0,0,-60000,0,0,0,0,60000,-60000,-60000
050837,力山國票95購01  ,0,0,0,0,0,0,0,0,0,-60000,0,0,0,0,60000,-60000,-60000
051164,鴻海元大95購05  ,0,0,0,0,0,0,0,0,0,-60000,0,0,0,220000,280000,-60000,-60000
1609,大亞            ,296000,311000,-15000,0,0,0,0,0,0,-45000,9000,54000,-45000,0,0,0,-60000
08865P,欣興元大01售02  ,0,0,0,0,0,0,0,0,0,-60000,0,0,0,0,60000,-60000,-60000
8464,億豐            ,254754,351201,-96447,0,0,0,65000,19000,46000,-10000,12000,22000,-10000,0,0,0,-60447
055268,和大元大97購01  ,0,0,0,0,0,0,0,0,0,-61000,0,0,0,0,61000,-61000,-61000
053591,大立光元大99購03,0,0,0,0,0,0,0,0,0,-61000,0,0,0,6000,67000,-61000,-61000
04369P,台光電凱基94售04,0,0,0,0,0,0,0,0,0,-61000,0,0,0,0,61000,-61000,-61000
042093,台灣50群益94購02,0,1000,-1000,0,0,0,0,0,0,-60000,0,0,0,23000,83000,-60000,-61000
048814,上銀凱基94購01  ,0,0,0,0,0,0,0,0,0,-61000,0,0,0,33000,94000,-61000,-61000
05024P,華通國票96售01  ,0,0,0,0,0,0,0,0,0,-61000,0,0,0,0,61000,-61000,-61000
051462,世芯國泰97購01  ,0,0,0,0,0,0,0,0,0,-61000,0,0,0,66000,127000,-61000,-61000
05162P,玉晶光國票96售03,0,0,0,0,0,0,0,0,0,-61000,0,0,0,50000,111000,-61000,-61000
05946P,和碩中信96售01  ,0,0,0,0,0,0,0,0,0,-61000,0,0,0,15000,76000,-61000,-61000
3024,憶聲            ,33000,57000,-24000,0,0,0,0,0,0,-37000,0,37000,-37000,0,0,0,-61000
05413P,台郡國票96售02  ,0,0,0,0,0,0,0,0,0,-62000,0,0,0,0,62000,-62000,-62000
05449P,臺股指元大95售26,0,0,0,0,0,0,0,0,0,-62000,0,0,0,21000,83000,-62000,-62000
055084,國巨第一97購01  ,0,0,0,0,0,0,0,0,0,-62000,0,0,0,11000,73000,-62000,-62000
049940,臺股指元大94購21,0,0,0,0,0,0,0,0,0,-62000,0,0,0,1000,63000,-62000,-62000
046652,上銀元大93購02  ,0,0,0,0,0,0,0,0,0,-62000,0,0,0,20000,82000,-62000,-62000
046943,聯發科元大93購06,0,0,0,0,0,0,0,0,0,-62000,0,0,0,39000,101000,-62000,-62000
047598,深中小統一94購01,0,0,0,0,0,0,0,0,0,-62000,0,0,0,18000,80000,-62000,-62000
051607,緯創群益96購02  ,0,0,0,0,0,0,0,0,0,-62000,0,0,0,0,62000,-62000,-62000
053014,旺宏統一97購02  ,0,0,0,0,0,0,0,0,0,-62000,0,0,0,138000,200000,-62000,-62000
3010,華立            ,10000,55000,-45000,0,0,0,0,0,0,-17000,0,17000,-17000,0,0,0,-62000
6452,康友-KY         ,112000,108000,4000,0,0,0,0,0,0,-66000,3000,14000,-11000,62000,117000,-55000,-62000
6226,光鼎            ,8000,70000,-62000,0,0,0,0,0,0,0,0,0,0,0,0,0,-62000
06088P,建準永豐97售01  ,0,0,0,0,0,0,0,0,0,-62000,0,0,0,0,62000,-62000,-62000
8341,日友            ,19000,73000,-54000,0,0,0,0,0,0,-8000,0,8000,-8000,0,0,0,-62000
055142,健策永豐98購01  ,0,0,0,0,0,0,0,0,0,-63000,0,0,0,15000,78000,-63000,-63000
055541,聚陽凱基98購01  ,0,0,0,0,0,0,0,0,0,-63000,0,0,0,0,63000,-63000,-63000
054382,康控群益96購03  ,0,0,0,0,0,0,0,0,0,-63000,0,0,0,0,63000,-63000,-63000
053852,南亞科國泰98購01,0,0,0,0,0,0,0,0,0,-63000,0,0,0,57000,120000,-63000,-63000
053890,華新科群益98購01,0,0,0,0,0,0,0,0,0,-63000,0,0,0,230000,293000,-63000,-63000
053820,大立光群益96購05,0,0,0,0,0,0,0,0,0,-63000,0,0,0,150000,213000,-63000,-63000
04600P,可成凱基94售07  ,0,0,0,0,0,0,0,0,0,-63000,0,0,0,9000,72000,-63000,-63000
04672P,台積電統一94售09,0,0,0,0,0,0,0,0,0,-63000,0,0,0,36000,99000,-63000,-63000
052592,華通群益98購01  ,0,0,0,0,0,0,0,0,0,-63000,0,0,0,4000,67000,-63000,-63000
050829,臻鼎凱基96購01  ,0,0,0,0,0,0,0,0,0,-63000,0,0,0,40000,103000,-63000,-63000
05973P,聯詠元大96售06  ,0,0,0,0,0,0,0,0,0,-63000,0,0,0,55000,118000,-63000,-63000
1309,台達化          ,29000,92000,-63000,0,0,0,0,0,0,0,0,0,0,0,0,0,-63000
053888,和大群益97購01  ,0,0,0,0,0,0,0,0,0,-64000,0,0,0,83000,147000,-64000,-64000
054069,亞光國泰98購01  ,0,0,0,0,0,0,0,0,0,-64000,0,0,0,44000,108000,-64000,-64000
055717,聯發科元大97購19,0,0,0,0,0,0,0,0,0,-64000,0,0,0,59000,123000,-64000,-64000
05745P,富邦金兆豐96售02,0,0,0,0,0,0,0,0,0,-64000,0,0,0,0,64000,-64000,-64000
054851,樺漢兆豐97購01  ,0,0,0,0,0,0,0,0,0,-64000,0,0,0,149000,213000,-64000,-64000
045141,創意兆豐92購02  ,0,0,0,0,0,0,0,0,0,-64000,0,0,0,45000,109000,-64000,-64000
042387,台積電永昌93購02,0,0,0,0,0,0,0,0,0,-64000,0,0,0,79000,143000,-64000,-64000
04714P,上海銀元大94售01,0,0,0,0,0,0,0,0,0,-64000,0,0,0,0,64000,-64000,-64000
047909,超眾元大93購03  ,0,0,0,0,0,0,0,0,0,-64000,0,0,0,7000,71000,-64000,-64000
050768,聯發科元大94購16,0,0,0,0,0,0,0,0,0,-64000,0,0,0,3000,67000,-64000,-64000
051612,緯創日盛95購01  ,0,0,0,0,0,0,0,0,0,-64000,0,0,0,0,64000,-64000,-64000
052309,健策國泰97購01  ,0,0,0,0,0,0,0,0,0,-64000,0,0,0,16000,80000,-64000,-64000
052799,上銀元大96購01  ,0,0,0,0,0,0,0,0,0,-64000,0,0,0,86000,150000,-64000,-64000
053124,聯發科凱基96購12,0,0,0,0,0,0,0,0,0,-64000,0,0,0,115000,179000,-64000,-64000
2707,晶華            ,39000,86653,-47653,0,0,0,0,0,0,-17000,0,20000,-20000,3000,0,3000,-64653
054774,同欣電國票98購01,0,0,0,0,0,0,0,0,0,-65000,0,0,0,195000,260000,-65000,-65000
055017,緯穎元富97購01  ,0,0,0,0,0,0,0,0,0,-65000,0,0,0,70000,135000,-65000,-65000
055526,台積電群益97購02,0,0,0,0,0,0,0,0,0,-65000,0,0,0,0,65000,-65000,-65000
053853,康控國泰97購02  ,0,0,0,0,0,0,0,0,0,-65000,0,0,0,1000,66000,-65000,-65000
043442,大立光台新01購01,0,0,0,0,0,0,0,0,0,-65000,0,0,0,2000,67000,-65000,-65000
045246,同欣電群益92購01,0,0,0,0,0,0,0,0,0,-65000,0,0,0,9000,74000,-65000,-65000
046790,康友永豐93購01  ,0,0,0,0,0,0,0,0,0,-65000,0,0,0,0,65000,-65000,-65000
04998P,京元電永豐95售01,0,0,0,0,0,0,0,0,0,-65000,0,0,0,0,65000,-65000,-65000
048196,聯發科元大93購24,0,0,0,0,0,0,0,0,0,-65000,0,0,0,15000,80000,-65000,-65000
052856,滬深2X凱基98購01,0,0,0,0,0,0,0,0,0,-65000,0,0,0,30000,95000,-65000,-65000
051991,泰碩元大95購02  ,0,0,0,0,0,0,0,0,0,-65000,0,0,0,6000,71000,-65000,-65000
05233P,台郡台新95售02  ,0,0,0,0,0,0,0,0,0,-65000,0,0,0,57000,122000,-65000,-65000
05173P,臺股指元大95售17,0,0,0,0,0,0,0,0,0,-65000,0,0,0,0,65000,-65000,-65000
8028,昇陽半導體      ,83000,95000,-12000,0,0,0,0,0,0,-53000,1000,1000,0,0,53000,-53000,-65000
06005P,晶豪科永豐96售04,0,0,0,0,0,0,0,0,0,-65000,0,0,0,30000,95000,-65000,-65000
06140P,華新科群益97售06,0,0,0,0,0,0,0,0,0,-65000,0,0,0,0,65000,-65000,-65000
053783,聯發科元大96購17,0,0,0,0,0,0,0,0,0,-66000,0,0,0,34000,100000,-66000,-66000
055516,上銀中信97購01  ,0,0,0,0,0,0,0,0,0,-66000,0,0,0,0,66000,-66000,-66000
055325,佐登國票98購01  ,0,0,0,0,0,0,0,0,0,-66000,0,0,0,23000,89000,-66000,-66000
042068,台灣50富邦93購02,0,0,0,0,0,0,0,0,0,-66000,0,0,0,0,66000,-66000,-66000
048642,聯發科元大94購02,0,0,0,0,0,0,0,0,0,-66000,0,0,0,309000,375000,-66000,-66000
049587,美律元大95購01  ,0,0,0,0,0,0,0,0,0,-66000,0,0,0,231000,297000,-66000,-66000
047441,聯發科元大93購15,0,0,0,0,0,0,0,0,0,-66000,0,0,0,14000,80000,-66000,-66000
047357,欣興麥證93購01  ,0,0,0,204000,270000,-66000,0,0,0,-66000,0,0,0,204000,270000,-66000,-66000
049438,嘉晶國泰96購01  ,0,0,0,0,0,0,0,0,0,-66000,0,0,0,192000,258000,-66000,-66000
050251,樺漢凱基94購02  ,0,0,0,0,0,0,0,0,0,-66000,0,0,0,47000,113000,-66000,-66000
050951,緯創群益96購01  ,0,0,0,0,0,0,0,0,0,-66000,0,0,0,0,66000,-66000,-66000
053105,鴻海兆豐97購01  ,0,0,0,0,0,0,0,0,0,-66000,0,0,0,0,66000,-66000,-66000
053266,全新群益98購01  ,0,0,0,0,0,0,0,0,0,-66000,0,0,0,51000,117000,-66000,-66000
06185P,台表科元大97售05,0,0,0,0,0,0,0,0,0,-66000,0,0,0,100000,166000,-66000,-66000
05975P,國巨日盛99售02  ,0,0,0,0,0,0,0,0,0,-66000,0,0,0,4000,70000,-66000,-66000
055348,旺宏凱基97購01  ,0,0,0,0,0,0,0,0,0,-67000,0,0,0,1000,68000,-67000,-67000
055007,晶相光元富9A購02,0,0,0,0,0,0,0,0,0,-67000,0,0,0,50000,117000,-67000,-67000
053981,康控元大96購05  ,0,0,0,0,0,0,0,0,0,-67000,0,0,0,458000,525000,-67000,-67000
054615,牧德永豐98購01  ,0,0,0,0,0,0,0,0,0,-67000,0,0,0,19000,86000,-67000,-67000
04548P,大立光元大94售14,0,0,0,0,0,0,0,0,0,-67000,0,0,0,0,67000,-67000,-67000
046536,聯發科群益92購08,0,0,0,0,0,0,0,0,0,-67000,0,0,0,0,67000,-67000,-67000
04618P,電子類群益94售02,0,0,0,0,0,0,0,0,0,-67000,0,0,0,0,67000,-67000,-67000
048733,台勝科麥證95購02,0,0,0,80000,147000,-67000,0,0,0,-67000,0,0,0,80000,147000,-67000,-67000
053005,微星永豐96購01  ,0,0,0,0,0,0,0,0,0,-67000,0,0,0,82000,149000,-67000,-67000
051946,健策統一98購01  ,0,0,0,0,0,0,0,0,0,-67000,0,0,0,23000,90000,-67000,-67000
051785,臻鼎兆豐96購01  ,0,0,0,0,0,0,0,0,0,-67000,0,0,0,0,67000,-67000,-67000
06030P,友達兆豐96售02  ,0,0,0,0,0,0,0,0,0,-67000,0,0,0,100000,167000,-67000,-67000
3014,聯陽            ,54000,110000,-56000,0,0,0,0,0,0,-11000,1000,12000,-11000,0,0,0,-67000
054388,漢唐統一97購02  ,0,0,0,0,0,0,0,0,0,-68000,0,0,0,187000,255000,-68000,-68000
053926,晶相光國票97購01,0,0,0,0,0,0,0,0,0,-68000,0,0,0,76000,144000,-68000,-68000
054729,聯發科日盛97購02,0,0,0,0,0,0,0,0,0,-68000,0,0,0,0,68000,-68000,-68000
054765,亞光國票98購02  ,0,0,0,0,0,0,0,0,0,-68000,0,0,0,13000,81000,-68000,-68000
055650,華新科元富98購01,0,0,0,0,0,0,0,0,0,-68000,0,0,0,0,68000,-68000,-68000
045160,致新凱基92購01  ,0,0,0,0,0,0,0,0,0,-68000,0,0,0,20000,88000,-68000,-68000
043557,元金2X永豐92購01,0,0,0,0,0,0,0,0,0,-68000,0,0,0,2000,70000,-68000,-68000
048128,超眾元大95購01  ,0,0,0,0,0,0,0,0,0,-68000,0,0,0,30000,98000,-68000,-68000
049534,華擎永豐94購02  ,0,0,0,0,0,0,0,0,0,-68000,0,0,0,0,68000,-68000,-68000
04927P,大立光凱基95售06,0,0,0,0,0,0,0,0,0,-68000,0,0,0,0,68000,-68000,-68000
048963,川湖元大94購01  ,0,0,0,0,0,0,0,0,0,-68000,0,0,0,4000,72000,-68000,-68000
052575,茂林凱基96購04  ,0,0,0,0,0,0,0,0,0,-68000,0,0,0,135000,203000,-68000,-68000
052676,聯發科永昌98購01,0,0,0,0,0,0,0,0,0,-68000,0,0,0,221000,289000,-68000,-68000
05790P,臺股指永昌96售07,0,0,0,0,0,0,0,0,0,-69000,0,0,0,350000,419000,-69000,-69000
054691,裕民永豐97購01  ,0,0,0,0,0,0,0,0,0,-69000,0,0,0,0,69000,-69000,-69000
053911,臺股指凱基96購31,0,0,0,0,0,0,0,0,0,-69000,0,0,0,13000,82000,-69000,-69000
053971,聯發科元大97購09,0,0,0,0,0,0,0,0,0,-69000,0,0,0,114000,183000,-69000,-69000
053525,台積電中信96購04,0,0,0,0,0,0,0,0,0,-69000,0,0,0,1000,70000,-69000,-69000
054630,聯鈞凱基98購01  ,0,0,0,0,0,0,0,0,0,-69000,0,0,0,9000,78000,-69000,-69000
045393,寶齡國泰93購01  ,0,0,0,0,0,0,0,0,0,-69000,0,0,0,0,69000,-69000,-69000
044534,南亞科麥證92購01,0,0,0,40000,109000,-69000,0,0,0,-69000,0,0,0,40000,109000,-69000,-69000
046569,同欣電元富92購02,0,0,0,0,0,0,0,0,0,-69000,0,0,0,198000,267000,-69000,-69000
048906,強茂富邦95購01  ,0,0,0,0,0,0,0,0,0,-69000,0,0,0,0,69000,-69000,-69000
048656,大立光元富93購05,0,0,0,0,0,0,0,0,0,-69000,0,0,0,3000,72000,-69000,-69000
048714,巨大康和94購01  ,0,0,0,0,0,0,0,0,0,-69000,0,0,0,95000,164000,-69000,-69000
049020,可成群益94購02  ,0,0,0,0,0,0,0,0,0,-69000,0,0,0,0,69000,-69000,-69000
046955,康舒國票93購01  ,0,0,0,0,0,0,0,0,0,-69000,0,0,0,0,69000,-69000,-69000
046968,台積電群益94購03,0,0,0,0,0,0,0,0,0,-69000,0,0,0,41000,110000,-69000,-69000
053112,中磊兆豐97購01  ,0,0,0,0,0,0,0,0,0,-69000,0,0,0,0,69000,-69000,-69000
053175,矽力群益96購01  ,0,0,0,0,0,0,0,0,0,-69000,0,0,0,30000,99000,-69000,-69000
05921P,同欣電元大96售06,0,0,0,0,0,0,0,0,0,-69000,0,0,0,0,69000,-69000,-69000
054404,新日興康和96購01,0,0,0,0,0,0,0,0,0,-70000,0,0,0,11000,81000,-70000,-70000
054756,世紀鋼凱基99購01,0,0,0,0,0,0,0,0,0,-70000,0,0,0,0,70000,-70000,-70000
054812,鴻海元大97購08  ,0,0,0,0,0,0,0,0,0,-70000,0,0,0,49000,119000,-70000,-70000
05766P,A50正2凱基99售01,0,0,0,0,0,0,0,0,0,-70000,0,0,0,0,70000,-70000,-70000
05624P,同欣電中信98售01,0,0,0,0,0,0,0,0,0,-70000,0,0,0,0,70000,-70000,-70000
05605P,嘉聯益元大97售02,0,0,0,0,0,0,0,0,0,-70000,0,0,0,0,70000,-70000,-70000
05643P,大立光中信98售01,0,0,0,0,0,0,0,0,0,-70000,0,0,0,0,70000,-70000,-70000
05542P,滬深2X元富96售01,0,0,0,0,0,0,0,0,0,-70000,0,0,0,0,70000,-70000,-70000
055394,健策統一97購01  ,0,0,0,0,0,0,0,0,0,-70000,0,0,0,13000,83000,-70000,-70000
055518,華新科中信99購01,0,0,0,0,0,0,0,0,0,-70000,0,0,0,0,70000,-70000,-70000
055522,道瓊反群益01購01,0,0,0,0,0,0,0,0,0,-70000,0,0,0,0,70000,-70000,-70000
046608,超眾兆豐93購02  ,0,0,0,0,0,0,0,0,0,-70000,0,0,0,0,70000,-70000,-70000
050007,貿聯永豐94購01  ,0,0,0,0,0,0,0,0,0,-70000,0,0,0,15000,85000,-70000,-70000
044600,上銀國泰93購01  ,0,0,0,0,0,0,0,0,0,-70000,0,0,0,91000,161000,-70000,-70000
044676,台積電凱基91購20,0,0,0,0,0,0,0,0,0,-70000,0,0,0,0,70000,-70000,-70000
044466,和大群益93購01  ,0,0,0,0,0,0,0,0,0,-70000,0,0,0,155000,225000,-70000,-70000
040987,上証2X凱基92購01,0,0,0,0,0,0,0,0,0,-70000,0,0,0,0,70000,-70000,-70000
050082,聯發科統一94購08,0,0,0,0,0,0,0,0,0,-70000,0,0,0,35000,105000,-70000,-70000
050177,聯發科元大94購11,0,0,0,0,0,0,0,0,0,-70000,0,0,0,84000,154000,-70000,-70000
047504,滬深2X國票9A購01,0,0,0,0,0,0,0,0,0,-70000,0,0,0,0,70000,-70000,-70000
049786,奇鋐兆豐94購01  ,0,0,0,0,0,0,0,0,0,-70000,0,0,0,0,70000,-70000,-70000
047537,聯發科日盛93購01,0,0,0,0,0,0,0,0,0,-70000,0,0,0,30000,100000,-70000,-70000
048695,滬深2X國票95購03,0,0,0,0,0,0,0,0,0,-70000,0,0,0,0,70000,-70000,-70000
049261,大立光元大94購08,0,0,0,0,0,0,0,0,0,-70000,0,0,0,3000,73000,-70000,-70000
04908P,南電國票95售03  ,0,0,0,0,0,0,0,0,0,-70000,0,0,0,0,70000,-70000,-70000
048885,中環元富94購01  ,0,0,0,0,0,0,0,0,0,-70000,0,0,0,0,70000,-70000,-70000
047422,滬深2X兆豐94購02,0,0,0,0,0,0,0,0,0,-70000,0,0,0,0,70000,-70000,-70000
047923,聯發科凱基94購02,0,0,0,0,0,0,0,0,0,-70000,0,0,0,207000,277000,-70000,-70000
052962,台積電凱基97購03,0,0,0,0,0,0,0,0,0,-70000,0,0,0,0,70000,-70000,-70000
05156P,群創兆豐95售01  ,0,0,0,0,0,0,0,0,0,-70000,0,0,0,60000,130000,-70000,-70000
051394,奇鋐兆豐95購01  ,0,0,0,0,0,0,0,0,0,-70000,0,0,0,0,70000,-70000,-70000
051233,力成群益97購01  ,0,0,0,0,0,0,0,0,0,-70000,0,0,0,30000,100000,-70000,-70000
051042,中磊永豐95購01  ,0,0,0,0,0,0,0,0,0,-70000,0,0,0,0,70000,-70000,-70000
051124,創意群益95購01  ,0,0,0,0,0,0,0,0,0,-70000,0,0,0,11000,81000,-70000,-70000
06215P,康控永豐97售02  ,0,0,0,0,0,0,0,0,0,-70000,0,0,0,0,70000,-70000,-70000
2704,國賓            ,18000,88000,-70000,0,0,0,0,0,0,0,0,0,0,0,0,0,-70000
9934,成霖            ,67000,137000,-70000,0,0,0,0,0,0,0,0,0,0,0,0,0,-70000
054518,亞光元大97購01  ,0,0,0,0,0,0,0,0,0,-71000,0,0,0,39000,110000,-71000,-71000
053954,貿聯康和96購01  ,0,0,0,0,0,0,0,0,0,-71000,0,0,0,0,71000,-71000,-71000
053694,創意元大96購03  ,0,0,0,0,0,0,0,0,0,-71000,0,0,0,70000,141000,-71000,-71000
03564P,為升群益02售02  ,0,0,0,0,0,0,0,0,0,-71000,0,0,0,30000,101000,-71000,-71000
046108,A50正2元大95購02,0,0,0,0,0,0,0,0,0,-71000,0,0,0,2000,73000,-71000,-71000
04690P,國巨群益94售06  ,0,0,0,0,0,0,0,0,0,-71000,0,0,0,100000,171000,-71000,-71000
051141,鈺齊永豐95購01  ,0,0,0,0,0,0,0,0,0,-71000,0,0,0,328000,399000,-71000,-71000
051824,華通元大95購07  ,0,0,0,0,0,0,0,0,0,-71000,0,0,0,51000,122000,-71000,-71000
05270P,台表科元大95售05,0,0,0,0,0,0,0,0,0,-71000,0,0,0,30000,101000,-71000,-71000
053327,彩晶台新97購01  ,0,0,0,0,0,0,0,0,0,-71000,0,0,0,20000,91000,-71000,-71000
1722,台肥            ,348000,362000,-14000,0,0,0,0,0,0,-57000,0,101000,-101000,108000,64000,44000,-71000
06151P,華新科元大97售07,0,0,0,0,0,0,0,0,0,-71000,0,0,0,59000,130000,-71000,-71000
054878,和大統一97購02  ,0,0,0,0,0,0,0,0,0,-72000,0,0,0,123000,195000,-72000,-72000
05497P,聯詠統一96售01  ,0,0,0,0,0,0,0,0,0,-72000,0,0,0,172000,244000,-72000,-72000
055037,宏盛富邦99購01  ,0,0,0,0,0,0,0,0,0,-72000,0,0,0,0,72000,-72000,-72000
048538,美利達國票94購01,0,0,0,0,0,0,0,0,0,-72000,0,0,0,38000,110000,-72000,-72000
05278P,台郡元富95售02  ,0,0,0,0,0,0,0,0,0,-72000,0,0,0,10000,82000,-72000,-72000
052019,創意永豐95購02  ,0,0,0,0,0,0,0,0,0,-72000,0,0,0,0,72000,-72000,-72000
4306,炎洲            ,13000,85000,-72000,0,0,0,0,0,0,0,0,0,0,0,0,0,-72000
053993,旺宏群益98購02  ,0,0,0,0,0,0,0,0,0,-73000,0,0,0,37000,110000,-73000,-73000
05358P,大立光元大95售09,0,0,0,0,0,0,0,0,0,-73000,0,0,0,0,73000,-73000,-73000
053345,欣興國票97購02  ,0,0,0,0,0,0,0,0,0,-73000,0,0,0,0,73000,-73000,-73000
049988,貿聯凱基94購02  ,0,0,0,0,0,0,0,0,0,-73000,0,0,0,60000,133000,-73000,-73000
047299,樺漢元富93購01  ,0,0,0,0,0,0,0,0,0,-73000,0,0,0,39000,112000,-73000,-73000
049478,祥碩永豐94購02  ,0,0,0,0,0,0,0,0,0,-73000,0,0,0,21000,94000,-73000,-73000
050291,聯發科凱基94購16,0,0,0,0,0,0,0,0,0,-73000,0,0,0,58000,131000,-73000,-73000
050569,英業達中信94購01,0,0,0,0,0,0,0,0,0,-73000,0,0,0,0,73000,-73000,-73000
2548,華固            ,199678,208000,-8322,0,0,0,0,0,0,-65000,1000,66000,-65000,0,0,0,-73322
053414,臻鼎國票97購01  ,0,0,0,0,0,0,0,0,0,-74000,0,0,0,11000,85000,-74000,-74000
05434P,世紀鋼元富95售02,0,0,0,0,0,0,0,0,0,-74000,0,0,0,0,74000,-74000,-74000
054089,台積電群益96購11,0,0,0,0,0,0,0,0,0,-74000,0,0,0,169000,243000,-74000,-74000
054185,喬山永豐96購02  ,0,0,0,0,0,0,0,0,0,-74000,0,0,0,0,74000,-74000,-74000
054230,上銀群益96購03  ,0,0,0,0,0,0,0,0,0,-74000,0,0,0,148000,222000,-74000,-74000
055170,光磊統一97購01  ,0,0,0,0,0,0,0,0,0,-74000,0,0,0,20000,94000,-74000,-74000
055308,聯發科群益97購04,0,0,0,0,0,0,0,0,0,-74000,0,0,0,0,74000,-74000,-74000
04724P,可成凱基94售08  ,0,0,0,0,0,0,0,0,0,-74000,0,0,0,3000,77000,-74000,-74000
03416B,臺股指凱基95熊05,0,0,0,0,0,0,0,0,0,-74000,0,0,0,2000,76000,-74000,-74000
049491,聯發科元大95購01,0,0,0,0,0,0,0,0,0,-74000,0,0,0,311000,385000,-74000,-74000
048670,華新科永豐93購03,0,0,0,0,0,0,0,0,0,-74000,0,0,0,49000,123000,-74000,-74000
051057,信邦群益95購01  ,0,0,0,0,0,0,0,0,0,-74000,0,0,0,20000,94000,-74000,-74000
05181P,健策凱基95售01  ,0,0,0,0,0,0,0,0,0,-74000,0,0,0,346000,420000,-74000,-74000
051665,台積電元大96購07,0,0,0,0,0,0,0,0,0,-74000,0,0,0,10000,84000,-74000,-74000
051481,聯詠凱基95購02  ,0,0,0,0,0,0,0,0,0,-74000,0,0,0,1000,75000,-74000,-74000
053197,超眾元富96購02  ,0,0,0,0,0,0,0,0,0,-74000,0,0,0,98000,172000,-74000,-74000
053121,上証2X凱基9C購01,0,0,0,0,0,0,0,0,0,-74000,0,0,0,6000,80000,-74000,-74000
06138P,台積電中信99售01,0,0,0,0,0,0,0,0,0,-74000,0,0,0,27000,101000,-74000,-74000
06073P,健策永豐97售01  ,0,0,0,0,0,0,0,0,0,-74000,0,0,0,81000,155000,-74000,-74000
054606,台積電永豐97購02,0,0,0,0,0,0,0,0,0,-75000,0,0,0,13000,88000,-75000,-75000
053948,大立光富邦99購04,0,0,0,0,0,0,0,0,0,-75000,0,0,0,206000,281000,-75000,-75000
053673,超眾元富96購03  ,0,0,0,0,0,0,0,0,0,-75000,0,0,0,0,75000,-75000,-75000
03450P,元油2X元富98售05,0,0,0,0,0,0,0,0,0,-75000,0,0,0,0,75000,-75000,-75000
04322P,可成元大94售01  ,0,0,0,0,0,0,0,0,0,-75000,0,0,0,0,75000,-75000,-75000
045721,中信金凱基92購01,0,0,0,0,0,0,0,0,0,-75000,0,0,0,10000,85000,-75000,-75000
048082,台苯凱基93購01  ,0,0,0,0,0,0,0,0,0,-75000,0,0,0,5000,80000,-75000,-75000
046999,康控富邦99購01  ,0,0,0,0,0,0,0,0,0,-75000,0,0,0,120000,195000,-75000,-75000
053294,聯發科中信9C購01,0,0,0,0,0,0,0,0,0,-75000,0,0,0,0,75000,-75000,-75000
05276P,GIS永豐95售02   ,0,0,0,0,0,0,0,0,0,-75000,0,0,0,0,75000,-75000,-75000
052985,美律元大96購02  ,0,0,0,0,0,0,0,0,0,-75000,0,0,0,23000,98000,-75000,-75000
8422,可寧衛          ,1000,68000,-67000,0,0,0,0,0,0,-8000,0,8000,-8000,0,0,0,-75000
053416,光磊台新97購01  ,0,0,0,0,0,0,0,0,0,-76000,0,0,0,0,76000,-76000,-76000
054280,牧德群益98購01  ,0,0,0,0,0,0,0,0,0,-76000,0,0,0,14000,90000,-76000,-76000
055718,可成元大97購02  ,0,0,0,0,0,0,0,0,0,-76000,0,0,0,0,76000,-76000,-76000
045975,祥碩凱基93購04  ,0,0,0,0,0,0,0,0,0,-76000,0,0,0,4000,80000,-76000,-76000
047410,上銀元富96購01  ,0,0,0,0,0,0,0,0,0,-76000,0,0,0,176000,252000,-76000,-76000
047810,聯發科凱基93購22,0,0,0,0,0,0,0,0,0,-76000,0,0,0,21000,97000,-76000,-76000
048890,傳奇元富97購01  ,0,0,0,0,0,0,0,0,0,-76000,0,0,0,0,76000,-76000,-76000
053248,智伸科國票97購01,0,0,0,0,0,0,0,0,0,-76000,0,0,0,12000,88000,-76000,-76000
052042,台積電日盛95購02,0,0,0,0,0,0,0,0,0,-76000,0,0,0,24000,100000,-76000,-76000
052389,聯發科群益95購05,0,0,0,0,0,0,0,0,0,-76000,0,0,0,0,76000,-76000,-76000
051255,康控元大96購04  ,0,0,0,0,0,0,0,0,0,-76000,0,0,0,0,76000,-76000,-76000
051687,大立光凱基95購12,0,0,0,0,0,0,0,0,0,-76000,0,0,0,2000,78000,-76000,-76000
050241,聯發科凱基94購14,0,0,0,0,0,0,0,0,0,-76000,0,0,0,28000,104000,-76000,-76000
1463,強盛            ,0,76000,-76000,0,0,0,0,0,0,0,0,0,0,0,0,0,-76000
054560,全新群益98購03  ,0,0,0,0,0,0,0,0,0,-77000,0,0,0,82000,159000,-77000,-77000
049952,強茂群益94購01  ,0,0,0,0,0,0,0,0,0,-77000,0,0,0,11000,88000,-77000,-77000
046611,樺漢日盛93購01  ,0,0,0,0,0,0,0,0,0,-77000,0,0,0,134000,211000,-77000,-77000
03970P,奇鋐國票93售01  ,0,0,0,0,0,0,0,0,0,-77000,0,0,0,0,77000,-77000,-77000
046969,聯發科群益93購05,0,0,0,0,0,0,0,0,0,-77000,0,0,0,0,77000,-77000,-77000
04717P,和大凱基94售02  ,0,0,0,0,0,0,0,0,0,-77000,0,0,0,100000,177000,-77000,-77000
049759,元黃金富邦9A購01,0,0,0,0,0,0,0,0,0,-77000,0,0,0,0,77000,-77000,-77000
049296,義隆群益96購01  ,0,0,0,0,0,0,0,0,0,-77000,0,0,0,68000,145000,-77000,-77000
052294,創意國票96購03  ,0,0,0,0,0,0,0,0,0,-77000,0,0,0,14000,91000,-77000,-77000
053284,樺漢元大97購01  ,0,0,0,0,0,0,0,0,0,-77000,0,0,0,216000,293000,-77000,-77000
055706,大立光永豐97購03,0,0,0,0,0,0,0,0,0,-78000,0,0,0,0,78000,-78000,-78000
05748P,臺股指群益99售02,0,0,0,0,0,0,0,0,0,-78000,0,0,0,43000,121000,-78000,-78000
03149P,鴻海群益01售12  ,0,0,0,0,0,0,0,0,0,-78000,0,0,0,20000,98000,-78000,-78000
046866,台積電統一94購03,0,0,0,0,0,0,0,0,0,-78000,0,0,0,0,78000,-78000,-78000
047639,聯發科元大93購16,0,0,0,0,0,0,0,0,0,-78000,0,0,0,112000,190000,-78000,-78000
047104,和大元大93購02  ,0,0,0,0,0,0,0,0,0,-78000,0,0,0,4000,82000,-78000,-78000
048868,劍麟國票94購01  ,0,0,0,0,0,0,0,0,0,-78000,0,0,0,132000,210000,-78000,-78000
052638,緯創凱基96購02  ,0,0,0,0,0,0,0,0,0,-78000,0,0,0,0,78000,-78000,-78000
053742,創意國票97購01  ,0,0,0,0,0,0,0,0,0,-79000,0,0,0,0,79000,-79000,-79000
049152,大立光元大95購06,0,0,0,0,0,0,0,0,0,-79000,0,0,0,18000,97000,-79000,-79000
049691,可成元大94購06  ,0,0,0,0,0,0,0,0,0,-79000,0,0,0,75000,154000,-79000,-79000
052447,聯發科元大96購04,0,0,0,0,0,0,0,0,0,-79000,0,0,0,77000,156000,-79000,-79000
051105,台光電國票96購01,0,0,0,0,0,0,0,0,0,-79000,0,0,0,0,79000,-79000,-79000
05915P,聯發科元大96售19,0,0,0,0,0,0,0,0,0,-79000,0,0,0,348000,427000,-79000,-79000
054562,亞光群益98購01  ,0,0,0,0,0,0,0,0,0,-80000,0,0,0,0,80000,-80000,-80000
05518P,T50反1凱基98售03,0,0,0,0,0,0,0,0,0,-80000,0,0,0,0,80000,-80000,-80000
044364,超眾中信94購01  ,0,0,0,0,0,0,0,0,0,-80000,0,0,0,20000,100000,-80000,-80000
044016,義隆凱基93購01  ,0,0,0,0,0,0,0,0,0,-80000,0,0,0,1000,81000,-80000,-80000
04216P,燿華國票93售02  ,0,0,0,0,0,0,0,0,0,-80000,0,0,0,0,80000,-80000,-80000
047302,為升富邦97購01  ,0,0,0,0,0,0,0,0,0,-80000,0,0,0,0,80000,-80000,-80000
045883,元油2X元大95購07,0,0,0,0,0,0,0,0,0,-80000,0,0,0,0,80000,-80000,-80000
04457P,同欣電統一94售01,0,0,0,0,0,0,0,0,0,-80000,0,0,0,0,80000,-80000,-80000
047094,聯發科麥證93購02,0,0,0,10000,90000,-80000,0,0,0,-80000,0,0,0,10000,90000,-80000,-80000
047038,亞光群益93購01  ,0,0,0,0,0,0,0,0,0,-80000,0,0,0,0,80000,-80000,-80000
047163,義隆台新93購01  ,0,0,0,0,0,0,0,0,0,-80000,0,0,0,0,80000,-80000,-80000
049287,可成兆豐95購01  ,0,0,0,0,0,0,0,0,0,-80000,0,0,0,70000,150000,-80000,-80000
047365,隆達群益93購01  ,0,0,0,0,0,0,0,0,0,-80000,0,0,0,50000,130000,-80000,-80000
050625,康控第一94購01  ,0,0,0,0,0,0,0,0,0,-80000,0,0,0,0,80000,-80000,-80000
052582,喬山台新96購01  ,0,0,0,0,0,0,0,0,0,-80000,0,0,0,0,80000,-80000,-80000
06097P,茂林永豐97售01  ,0,0,0,0,0,0,0,0,0,-80000,0,0,0,300000,380000,-80000,-80000
06196P,元上證元大97售01,0,0,0,0,0,0,0,0,0,-80000,0,0,0,0,80000,-80000,-80000
054860,台積電群益98購01,0,0,0,0,0,0,0,0,0,-81000,0,0,0,115000,196000,-81000,-81000
05655P,南亞科統一96售01,0,0,0,0,0,0,0,0,0,-81000,0,0,0,0,81000,-81000,-81000
054425,聯發科富邦99購03,0,0,0,0,0,0,0,0,0,-81000,0,0,0,35000,116000,-81000,-81000
053524,聯電中信97購02  ,0,0,0,0,0,0,0,0,0,-81000,0,0,0,171000,252000,-81000,-81000
049964,強茂元富94購01  ,0,0,0,0,0,0,0,0,0,-81000,0,0,0,5000,86000,-81000,-81000
046344,超眾國票94購01  ,0,0,0,0,0,0,0,0,0,-81000,0,0,0,0,81000,-81000,-81000
044537,上銀群益92購01  ,0,0,0,0,0,0,0,0,0,-81000,0,0,0,25000,106000,-81000,-81000
04148P,GIS凱基93售05   ,0,0,0,0,0,0,0,0,0,-81000,0,0,0,60000,141000,-81000,-81000
04310P,京元電統一93售03,0,0,0,0,0,0,0,0,0,-81000,0,0,0,0,81000,-81000,-81000
050317,和鑫國票95購02  ,0,0,0,0,0,0,0,0,0,-81000,0,0,0,41000,122000,-81000,-81000
048342,強茂元大93購01  ,0,0,0,0,0,0,0,0,0,-81000,0,0,0,14000,95000,-81000,-81000
048403,聯發科群益93購10,0,0,0,0,0,0,0,0,0,-81000,0,0,0,101000,182000,-81000,-81000
06089P,矽創永豐97售01  ,0,0,0,0,0,0,0,0,0,-81000,0,0,0,39000,120000,-81000,-81000
054370,台積電中信9A購01,0,0,0,0,0,0,0,0,0,-82000,0,0,0,1000,83000,-82000,-82000
054031,中鋼中信98購01  ,0,0,0,0,0,0,0,0,0,-82000,0,0,0,0,82000,-82000,-82000
05656P,台表科統一96售01,0,0,0,0,0,0,0,0,0,-82000,0,0,0,385000,467000,-82000,-82000
055704,亞德客永豐97購04,0,0,0,0,0,0,0,0,0,-82000,0,0,0,0,82000,-82000,-82000
054772,康控國票98購02  ,0,0,0,0,0,0,0,0,0,-82000,0,0,0,11000,93000,-82000,-82000
048172,祥碩永豐93購02  ,0,0,0,0,0,0,0,0,0,-82000,0,0,0,0,82000,-82000,-82000
052713,智邦凱基96購01  ,0,0,0,0,0,0,0,0,0,-82000,0,0,0,10000,92000,-82000,-82000
3017,奇鋐            ,509000,589000,-80000,0,0,0,0,0,0,-2000,0,11000,-11000,25000,16000,9000,-82000
054769,創意國票98購01  ,0,0,0,0,0,0,0,0,0,-83000,0,0,0,0,83000,-83000,-83000
054375,貿聯中信99購01  ,0,0,0,0,0,0,0,0,0,-83000,0,0,0,0,83000,-83000,-83000
050282,T50反1凱基97購01,0,0,0,0,0,0,0,0,0,-83000,0,0,0,52000,135000,-83000,-83000
050543,聯發科凱基95購01,0,0,0,0,0,0,0,0,0,-83000,0,0,0,85000,168000,-83000,-83000
047679,中磊台新93購01  ,0,0,0,0,0,0,0,0,0,-83000,0,0,0,0,83000,-83000,-83000
050756,京元電元富94購03,0,0,0,0,0,0,0,0,0,-83000,0,0,0,19000,102000,-83000,-83000
051009,緯創麥證95購01  ,0,0,0,25000,108000,-83000,0,0,0,-83000,0,0,0,25000,108000,-83000,-83000
055701,亞德客富邦99購01,0,0,0,0,0,0,0,0,0,-84000,0,0,0,0,84000,-84000,-84000
044810,為升國票93購01  ,0,0,0,0,0,0,0,0,0,-84000,0,0,0,0,84000,-84000,-84000
051866,聯發科凱基96購05,0,0,0,0,0,0,0,0,0,-84000,0,0,0,57000,141000,-84000,-84000
052560,康舒國票97購01  ,0,0,0,0,0,0,0,0,0,-84000,0,0,0,10000,94000,-84000,-84000
2342,茂矽            ,9000,91000,-82000,0,0,0,0,0,0,-2000,0,2000,-2000,0,0,0,-84000
05920P,力成元大96售04  ,0,0,0,0,0,0,0,0,0,-84000,0,0,0,0,84000,-84000,-84000
054946,億光元大97購01  ,0,0,0,0,0,0,0,0,0,-85000,0,0,0,166000,251000,-85000,-85000
05496P,聯詠統一95售04  ,0,0,0,0,0,0,0,0,0,-85000,0,0,0,150000,235000,-85000,-85000
044693,滬深2X元大94購01,0,0,0,0,0,0,0,0,0,-85000,0,0,0,143000,228000,-85000,-85000
046591,康舒元大92購01  ,0,0,0,0,0,0,0,0,0,-85000,0,0,0,56000,141000,-85000,-85000
04963P,鴻海元大94售25  ,0,0,0,0,0,0,0,0,0,-85000,0,0,0,65000,150000,-85000,-85000
052635,奇力新凱基98購01,0,0,0,0,0,0,0,0,0,-85000,0,0,0,83000,168000,-85000,-85000
05178P,大立光凱基96售05,0,0,0,0,0,0,0,0,0,-85000,0,0,0,0,85000,-85000,-85000
4141,龍燈-KY         ,0,85000,-85000,0,0,0,0,0,0,0,0,0,0,0,0,0,-85000
055447,華新科統一97購04,0,0,0,0,0,0,0,0,0,-86000,0,0,0,63000,149000,-86000,-86000
053611,聯茂麥證96購01  ,0,0,0,65000,105000,-40000,0,0,0,-86000,0,0,0,65000,151000,-86000,-86000
046249,聯發科群益92購03,0,0,0,0,0,0,0,0,0,-86000,0,0,0,35000,121000,-86000,-86000
044579,臻鼎凱基92購02  ,0,0,0,0,0,0,0,0,0,-86000,0,0,0,0,86000,-86000,-86000
049875,台積電永豐94購04,0,0,0,0,0,0,0,0,0,-86000,0,0,0,383000,469000,-86000,-86000
049982,嘉晶凱基94購01  ,0,0,0,0,0,0,0,0,0,-86000,0,0,0,48000,134000,-86000,-86000
049366,聯發科元大94購05,0,0,0,0,0,0,0,0,0,-86000,0,0,0,77000,163000,-86000,-86000
046848,和大元大93購01  ,0,0,0,0,0,0,0,0,0,-86000,0,0,0,0,86000,-86000,-86000
046987,智邦凱基93購04  ,0,0,0,0,0,0,0,0,0,-86000,0,0,0,9000,95000,-86000,-86000
047996,華邦電元大93購04,0,0,0,0,0,0,0,0,0,-86000,0,0,0,14000,100000,-86000,-86000
049187,義隆台新94購01  ,0,0,0,0,0,0,0,0,0,-86000,0,0,0,42000,128000,-86000,-86000
052466,聯詠統一95購03  ,0,0,0,0,0,0,0,0,0,-86000,0,0,0,0,86000,-86000,-86000
053070,訊芯群益96購01  ,0,0,0,0,0,0,0,0,0,-86000,0,0,0,140000,226000,-86000,-86000
3703,欣陸            ,7000,93000,-86000,0,0,0,0,0,0,0,0,0,0,0,0,0,-86000
3029,零壹            ,33000,119000,-86000,0,0,0,0,0,0,0,0,0,0,0,0,0,-86000
05890P,彩晶元大99售01  ,0,0,0,0,0,0,0,0,0,-86000,0,0,0,0,86000,-86000,-86000
1589,永冠-KY         ,204000,185000,19000,0,0,0,0,0,0,-105000,0,23000,-23000,23000,105000,-82000,-86000
04144P,瑞昱凱基93售10  ,0,0,0,0,0,0,0,0,0,-87000,0,0,0,20000,107000,-87000,-87000
047239,瀚宇博凱基94購01,0,0,0,0,0,0,0,0,0,-87000,0,0,0,244000,331000,-87000,-87000
046838,勤誠群益93購01  ,0,0,0,0,0,0,0,0,0,-87000,0,0,0,195000,282000,-87000,-87000
051499,康控群益95購02  ,0,0,0,0,0,0,0,0,0,-87000,0,0,0,95000,182000,-87000,-87000
050578,聯發科國票95購03,0,0,0,0,0,0,0,0,0,-87000,0,0,0,13000,100000,-87000,-87000
2536,宏普            ,9000,96000,-87000,0,0,0,0,0,0,0,0,0,0,0,0,0,-87000
055025,華新科國泰98購02,0,0,0,0,0,0,0,0,0,-88000,0,0,0,40000,128000,-88000,-88000
054821,貿聯元大9A購01  ,0,0,0,0,0,0,0,0,0,-88000,0,0,0,50000,138000,-88000,-88000
04451P,可成凱基94售04  ,0,0,0,0,0,0,0,0,0,-88000,0,0,0,50000,138000,-88000,-88000
046682,聯發科群益93購03,0,0,0,0,0,0,0,0,0,-88000,0,0,0,0,88000,-88000,-88000
046240,中鋼中信94購01  ,0,0,0,0,0,0,0,0,0,-88000,0,0,0,30000,118000,-88000,-88000
050623,致新元大94購05  ,0,0,0,0,0,0,0,0,0,-88000,0,0,0,141000,229000,-88000,-88000
05078P,義隆永豐95售01  ,0,0,0,0,0,0,0,0,0,-88000,0,0,0,0,88000,-88000,-88000
051333,義隆永豐95購02  ,0,0,0,0,0,0,0,0,0,-88000,0,0,0,10000,98000,-88000,-88000
052724,力成統一97購01  ,0,0,0,0,0,0,0,0,0,-88000,0,0,0,90000,178000,-88000,-88000
054676,牧德台新98購01  ,0,0,0,0,0,0,0,0,0,-89000,0,0,0,30000,119000,-89000,-89000
054256,創意元大96購07  ,0,0,0,0,0,0,0,0,0,-89000,0,0,0,284000,373000,-89000,-89000
047845,美利達元大93購02,0,0,0,0,0,0,0,0,0,-89000,0,0,0,0,89000,-89000,-89000
053136,彩晶國票97購01  ,0,0,0,0,0,0,0,0,0,-89000,0,0,0,0,89000,-89000,-89000
051272,嘉晶群益95購01  ,0,0,0,0,0,0,0,0,0,-89000,0,0,0,40000,129000,-89000,-89000
2601,益航            ,44000,133000,-89000,0,0,0,0,0,0,0,0,0,0,0,0,0,-89000
8110,華東            ,146000,242000,-96000,0,0,0,0,0,0,7000,27000,20000,7000,0,0,0,-89000
9921,巨大            ,691509,682665,8844,0,0,0,58000,128000,-70000,-28000,0,28000,-28000,1000,1000,0,-89156
054118,國巨永豐96購04  ,0,0,0,0,0,0,0,0,0,-90000,0,0,0,20000,110000,-90000,-90000
053868,群創元大99購02  ,0,0,0,0,0,0,0,0,0,-90000,0,0,0,175000,265000,-90000,-90000
054696,嘉聯益永豐97購01,0,0,0,0,0,0,0,0,0,-90000,0,0,0,0,90000,-90000,-90000
05724P,致茂永豐96售01  ,0,0,0,0,0,0,0,0,0,-90000,0,0,0,82000,172000,-90000,-90000
045172,欣興兆豐94購01  ,0,0,0,0,0,0,0,0,0,-90000,0,0,0,10000,100000,-90000,-90000
044815,宏碁兆豐93購01  ,0,0,0,0,0,0,0,0,0,-90000,0,0,0,17000,107000,-90000,-90000
048036,隆達凱基93購01  ,0,0,0,0,0,0,0,0,0,-90000,0,0,0,30000,120000,-90000,-90000
041978,貿聯中信93購01  ,0,0,0,0,0,0,0,0,0,-90000,0,0,0,0,90000,-90000,-90000
044403,新日興凱基92購01,0,0,0,0,0,0,0,0,0,-90000,0,0,0,31000,121000,-90000,-90000
044255,群創元大93購01  ,0,0,0,0,0,0,0,0,0,-90000,0,0,0,455000,545000,-90000,-90000
048793,超眾元大95購02  ,0,0,0,0,0,0,0,0,0,-90000,0,0,0,10000,100000,-90000,-90000
048643,強茂元大94購01  ,0,0,0,0,0,0,0,0,0,-90000,0,0,0,10000,100000,-90000,-90000
04837P,華新科元大94售05,0,0,0,0,0,0,0,0,0,-90000,0,0,0,15000,105000,-90000,-90000
049298,矽格群益95購01  ,0,0,0,0,0,0,0,0,0,-90000,0,0,0,24000,114000,-90000,-90000
050431,聯發科凱基94購18,0,0,0,0,0,0,0,0,0,-90000,0,0,0,167000,257000,-90000,-90000
051315,同欣電麥證95購01,0,0,0,212000,251000,-39000,0,0,0,-90000,0,0,0,214000,304000,-90000,-90000
051256,中磊元大95購01  ,0,0,0,0,0,0,0,0,0,-90000,0,0,0,14000,104000,-90000,-90000
050791,聯發科富邦96購01,0,0,0,0,0,0,0,0,0,-90000,0,0,0,60000,150000,-90000,-90000
050857,義隆台新95購01  ,0,0,0,0,0,0,0,0,0,-90000,0,0,0,0,90000,-90000,-90000
052685,技嘉元大96購01  ,0,0,0,0,0,0,0,0,0,-90000,0,0,0,17000,107000,-90000,-90000
05479P,華新科台新96售01,0,0,0,0,0,0,0,0,0,-91000,0,0,0,129000,220000,-91000,-91000
054876,群電群益97購02  ,0,0,0,0,0,0,0,0,0,-91000,0,0,0,0,91000,-91000,-91000
046540,創意群益92購04  ,0,0,0,0,0,0,0,0,0,-91000,0,0,0,0,91000,-91000,-91000
046132,致新元大92購01  ,0,0,0,0,0,0,0,0,0,-91000,0,0,0,10000,101000,-91000,-91000
047141,宏達電兆豐94購01,0,0,0,0,0,0,0,0,0,-91000,0,0,0,40000,131000,-91000,-91000
048062,南亞科統一93購05,0,0,0,0,0,0,0,0,0,-91000,0,0,0,8000,99000,-91000,-91000
052446,聯發科元大96購03,0,0,0,0,0,0,0,0,0,-91000,0,0,0,80000,171000,-91000,-91000
050850,訊連國票96購01  ,0,0,0,0,0,0,0,0,0,-91000,0,0,0,8000,99000,-91000,-91000
054845,智邦兆豐98購01  ,0,0,0,0,0,0,0,0,0,-92000,0,0,0,59000,151000,-92000,-92000
05780P,台積電統一96售07,0,0,0,0,0,0,0,0,0,-92000,0,0,0,10000,102000,-92000,-92000
051962,晶相光永豐95購02,0,0,0,0,0,0,0,0,0,-92000,0,0,0,138000,230000,-92000,-92000
052469,宏碁亞東95購01  ,0,0,0,0,0,0,0,0,0,-92000,0,0,0,0,92000,-92000,-92000
052013,台積電永豐95購04,0,0,0,0,0,0,0,0,0,-92000,0,0,0,30000,122000,-92000,-92000
3005,神基            ,140000,186000,-46000,0,0,0,0,3000,-3000,-43000,0,39000,-39000,11000,15000,-4000,-92000
1215,卜蜂            ,38000,120000,-82000,0,0,0,0,45000,-45000,35000,41000,0,41000,0,6000,-6000,-92000
06136P,華新科國泰99售02,0,0,0,0,0,0,0,0,0,-92000,0,0,0,187000,279000,-92000,-92000
055554,聯發科凱基97購06,0,0,0,0,0,0,0,0,0,-93000,0,0,0,28000,121000,-93000,-93000
043655,微星富邦93購01  ,0,0,0,0,0,0,0,0,0,-93000,0,0,0,168000,261000,-93000,-93000
03579P,玉晶光台新02售02,0,0,0,0,0,0,0,0,0,-93000,0,0,0,216000,309000,-93000,-93000
044003,聯發科兆豐93購01,0,0,0,0,0,0,0,0,0,-93000,0,0,0,39000,132000,-93000,-93000
048939,華擎永豐94購01  ,0,0,0,0,0,0,0,0,0,-93000,0,0,0,11000,104000,-93000,-93000
04751P,智邦兆豐95售02  ,0,0,0,0,0,0,0,0,0,-93000,0,0,0,29000,122000,-93000,-93000
05226P,智邦統一95售01  ,0,0,0,0,0,0,0,0,0,-93000,0,0,0,153000,246000,-93000,-93000
051160,亞德客元大95購02,0,0,0,0,0,0,0,0,0,-93000,0,0,0,102000,195000,-93000,-93000
06134P,緯穎元富97售03  ,0,0,0,0,0,0,0,0,0,-93000,0,0,0,5000,98000,-93000,-93000
1527,鑽全            ,174000,267000,-93000,0,0,0,0,0,0,0,0,0,0,0,0,0,-93000
9935,慶豐富          ,252000,318000,-66000,0,0,0,0,0,0,-27000,0,16000,-16000,1000,12000,-11000,-93000
053970,聯發科元大97購08,0,0,0,0,0,0,0,0,0,-94000,0,0,0,9000,103000,-94000,-94000
053759,晶相光國泰98購01,0,0,0,0,0,0,0,0,0,-94000,0,0,0,50000,144000,-94000,-94000
053541,泰鼎永豐96購02  ,0,0,0,0,0,0,0,0,0,-94000,0,0,0,0,94000,-94000,-94000
053572,彩晶統一96購01  ,0,0,0,0,0,0,0,0,0,-94000,0,0,0,19000,113000,-94000,-94000
00670L,富邦NASDAQ正2   ,0,5000,-5000,0,0,0,0,0,0,-89000,0,0,0,78000,167000,-89000,-94000
045206,創意國泰93購02  ,0,0,0,0,0,0,0,0,0,-94000,0,0,0,163000,257000,-94000,-94000
050442,復盛凱基94購01  ,0,0,0,0,0,0,0,0,0,-94000,0,0,0,19000,113000,-94000,-94000
047330,康舒元大93購01  ,0,0,0,0,0,0,0,0,0,-94000,0,0,0,138000,232000,-94000,-94000
052898,樺漢群益96購01  ,0,0,0,0,0,0,0,0,0,-94000,0,0,0,36000,130000,-94000,-94000
3047,訊舟            ,19000,110000,-91000,0,0,0,0,0,0,-3000,0,3000,-3000,0,0,0,-94000
053356,聯發科統一96購07,0,0,0,0,0,0,0,0,0,-95000,0,0,0,0,95000,-95000,-95000
054204,元金2X國票9B購02,0,0,0,0,0,0,0,0,0,-95000,0,0,0,0,95000,-95000,-95000
055330,上銀兆豐98購02  ,0,0,0,0,0,0,0,0,0,-95000,0,0,0,25000,120000,-95000,-95000
055657,超眾元富97購02  ,0,0,0,0,0,0,0,0,0,-95000,0,0,0,0,95000,-95000,-95000
046033,義隆元大92購03  ,0,0,0,0,0,0,0,0,0,-95000,0,0,0,61000,156000,-95000,-95000
036805,國巨元富93購02  ,0,0,0,0,0,0,0,0,0,-95000,0,0,0,397000,492000,-95000,-95000
044344,傳奇國泰92購01  ,0,0,0,0,0,0,0,0,0,-95000,0,0,0,0,95000,-95000,-95000
045390,新唐元大92購01  ,0,0,0,0,0,0,0,0,0,-95000,0,0,0,5000,100000,-95000,-95000
049598,超眾元大95購03  ,0,0,0,0,0,0,0,0,0,-95000,0,0,0,50000,145000,-95000,-95000
048340,聯發科元大93購25,0,0,0,0,0,0,0,0,0,-95000,0,0,0,130000,225000,-95000,-95000
052197,台郡元富95購03  ,0,0,0,0,0,0,0,0,0,-95000,0,0,0,13000,108000,-95000,-95000
052154,緯創台新95購01  ,0,0,0,0,0,0,0,0,0,-95000,0,0,0,0,95000,-95000,-95000
051507,彩晶元富95購01  ,0,0,0,0,0,0,0,0,0,-95000,0,0,0,40000,135000,-95000,-95000
051529,東元國票96購01  ,0,0,0,0,0,0,0,0,0,-95000,0,0,0,0,95000,-95000,-95000
051446,中壽元大96購01  ,0,0,0,0,0,0,0,0,0,-95000,0,0,0,18000,113000,-95000,-95000
051438,喬山元大95購03  ,0,0,0,0,0,0,0,0,0,-95000,0,0,0,0,95000,-95000,-95000
06092P,嘉聯益統一97售01,0,0,0,0,0,0,0,0,0,-95000,0,0,0,0,95000,-95000,-95000
05972P,瑞昱元大96售01  ,0,0,0,0,0,0,0,0,0,-95000,0,0,0,5000,100000,-95000,-95000
049052,台積電永豐94購02,0,0,0,0,0,0,0,0,0,-96000,0,0,0,67000,163000,-96000,-96000
048870,義隆國票96購01  ,0,0,0,0,0,0,0,0,0,-96000,0,0,0,86000,182000,-96000,-96000
048211,大立光日盛93購01,0,0,0,0,0,0,0,0,0,-96000,0,0,0,5000,101000,-96000,-96000
051076,緯創國泰96購01  ,0,0,0,0,0,0,0,0,0,-96000,0,0,0,195000,291000,-96000,-96000
05248P,矽創群益96售01  ,0,0,0,0,0,0,0,0,0,-96000,0,0,0,30000,126000,-96000,-96000
05239P,欣興永豐95售03  ,0,0,0,0,0,0,0,0,0,-96000,0,0,0,0,96000,-96000,-96000
05584P,臺股指凱基96售13,0,0,0,0,0,0,0,0,0,-97000,0,0,0,182000,279000,-97000,-97000
055227,聯發科國票98購02,0,0,0,0,0,0,0,0,0,-97000,0,0,0,0,97000,-97000,-97000
046530,聯發科兆豐92購02,0,0,0,0,0,0,0,0,0,-97000,0,0,0,0,97000,-97000,-97000
048688,瑞昱群益94購01  ,0,0,0,0,0,0,0,0,0,-97000,0,0,0,72000,169000,-97000,-97000
046949,群創元大99購01  ,0,0,0,0,0,0,0,0,0,-97000,0,0,0,96000,193000,-97000,-97000
05063P,聯電元大96售03  ,0,0,0,0,0,0,0,0,0,-97000,0,0,0,50000,147000,-97000,-97000
2208,台船            ,33000,130000,-97000,0,0,0,0,0,0,0,0,0,0,0,0,0,-97000
055179,大立光統一97購04,0,0,0,0,0,0,0,0,0,-98000,0,0,0,65000,163000,-98000,-98000
055032,億光富邦99購01  ,2000,0,2000,0,0,0,0,0,0,-100000,0,0,0,211000,311000,-100000,-98000
055707,聯鈞永豐98購01  ,0,0,0,0,0,0,0,0,0,-98000,0,0,0,0,98000,-98000,-98000
05777P,台積電統一96售04,0,0,0,0,0,0,0,0,0,-98000,0,0,0,234000,332000,-98000,-98000
05778P,台積電統一96售05,0,0,0,0,0,0,0,0,0,-98000,0,0,0,198000,296000,-98000,-98000
053597,牧德元大99購01  ,0,0,0,0,0,0,0,0,0,-98000,0,0,0,3000,101000,-98000,-98000
04456P,日月光統一94售01,0,0,0,0,0,0,0,0,0,-98000,0,0,0,1000,99000,-98000,-98000
04207P,臺股指元大93售47,0,0,0,0,0,0,0,0,0,-98000,0,0,0,22000,120000,-98000,-98000
050151,台積電群益94購12,0,0,0,0,0,0,0,0,0,-98000,0,0,0,42000,140000,-98000,-98000
051572,上銀元大95購01  ,0,0,0,0,0,0,0,0,0,-98000,0,0,0,112000,210000,-98000,-98000
051334,宏達電永豐95購01,0,0,0,0,0,0,0,0,0,-98000,0,0,0,7000,105000,-98000,-98000
052714,義隆凱基96購02  ,0,0,0,0,0,0,0,0,0,-98000,0,0,0,143000,241000,-98000,-98000
06061P,訊芯統一97售01  ,0,0,0,0,0,0,0,0,0,-98000,0,0,0,4000,102000,-98000,-98000
06013P,世芯國泰97售03  ,0,0,0,0,0,0,0,0,0,-98000,0,0,0,38000,136000,-98000,-98000
6698,旭暉應材        ,11000,27000,-16000,0,0,0,15000,97000,-82000,0,0,0,0,0,0,0,-98000
053945,國巨富邦98購02  ,0,0,0,0,0,0,0,0,0,-99000,0,0,0,212000,311000,-99000,-99000
054293,健策元大98購02  ,0,0,0,0,0,0,0,0,0,-99000,0,0,0,162000,261000,-99000,-99000
055076,福懋科永豐97購01,0,0,0,0,0,0,0,0,0,-99000,0,0,0,0,99000,-99000,-99000
044125,美律凱基93購01  ,0,0,0,0,0,0,0,0,0,-99000,0,0,0,0,99000,-99000,-99000
04275P,南亞科凱基93售08,0,0,0,0,0,0,0,0,0,-99000,0,0,0,16000,115000,-99000,-99000
045871,元油2X元富96購03,0,0,0,0,0,0,0,0,0,-99000,0,0,0,1000,100000,-99000,-99000
045955,宏碁凱基93購01  ,0,0,0,0,0,0,0,0,0,-99000,0,0,0,1000,100000,-99000,-99000
049434,茂林國票95購01  ,0,0,0,0,0,0,0,0,0,-99000,0,0,0,177000,276000,-99000,-99000
052745,欣興元大96購04  ,0,0,0,0,0,0,0,0,0,-99000,0,0,0,344000,443000,-99000,-99000
053034,上海銀兆豐96購01,0,0,0,0,0,0,0,0,0,-99000,0,0,0,70000,169000,-99000,-99000
051913,緯創元大96購01  ,0,0,0,0,0,0,0,0,0,-99000,0,0,0,0,99000,-99000,-99000
055219,啟碁凱基98購01  ,0,0,0,0,0,0,0,0,0,-100000,0,0,0,0,100000,-100000,-100000
05467P,聯電元大95售02  ,0,0,0,0,0,0,0,0,0,-100000,0,0,0,50000,150000,-100000,-100000
05602P,國巨元大96售06  ,0,0,0,0,0,0,0,0,0,-100000,0,0,0,10000,110000,-100000,-100000
055605,緯穎元大97購02  ,0,0,0,0,0,0,0,0,0,-100000,0,0,0,114000,214000,-100000,-100000
054249,技嘉元大96購03  ,0,0,0,0,0,0,0,0,0,-100000,0,0,0,32000,132000,-100000,-100000
054449,中環第一96購01  ,0,0,0,0,0,0,0,0,0,-100000,0,0,0,0,100000,-100000,-100000
054476,聯發科中信96購03,0,0,0,0,0,0,0,0,0,-100000,0,0,0,20000,120000,-100000,-100000
053764,A50正2富邦99購01,0,0,0,0,0,0,0,0,0,-100000,0,0,0,0,100000,-100000,-100000
053389,彩晶元大98購01  ,0,0,0,0,0,0,0,0,0,-100000,0,0,0,0,100000,-100000,-100000
053390,彩晶元大9A購01  ,0,0,0,0,0,0,0,0,0,-100000,0,0,0,0,100000,-100000,-100000
05343P,臺股指統一95售03,0,0,0,0,0,0,0,0,0,-100000,0,0,0,0,100000,-100000,-100000
044610,A50正2兆豐93購01,0,0,0,0,0,0,0,0,0,-100000,0,0,0,0,100000,-100000,-100000
044777,超眾元大93購01  ,0,0,0,0,0,0,0,0,0,-100000,0,0,0,0,100000,-100000,-100000
048053,美利達中信93購01,0,0,0,0,0,0,0,0,0,-100000,0,0,0,0,100000,-100000,-100000
047264,貿聯國票93購02  ,0,0,0,0,0,0,0,0,0,-100000,0,0,0,120000,220000,-100000,-100000
049866,景碩兆豐94購01  ,0,0,0,0,0,0,0,0,0,-100000,0,0,0,0,100000,-100000,-100000
04602P,聯詠凱基94售02  ,0,0,0,0,0,0,0,0,0,-100000,0,0,0,0,100000,-100000,-100000
046575,GIS國泰93購01   ,0,0,0,0,0,0,0,0,0,-100000,0,0,0,0,100000,-100000,-100000
04660P,臺股指富邦94售03,0,0,0,0,0,0,0,0,0,-100000,0,0,0,0,100000,-100000,-100000
046589,康控元大92購03  ,0,0,0,0,0,0,0,0,0,-100000,0,0,0,0,100000,-100000,-100000
046220,滬深2X元大95購03,0,0,0,0,0,0,0,0,0,-100000,0,0,0,0,100000,-100000,-100000
044479,群創統一91購01  ,0,0,0,0,0,0,0,0,0,-100000,0,0,0,0,100000,-100000,-100000
044410,宏達電麥證92購01,0,0,0,0,100000,-100000,0,0,0,-100000,0,0,0,0,100000,-100000,-100000
04244P,可成元大93售12  ,0,0,0,0,0,0,0,0,0,-100000,0,0,0,0,100000,-100000,-100000
043010,友達元大92購01  ,0,0,0,0,0,0,0,0,0,-100000,0,0,0,0,100000,-100000,-100000
03825P,聯詠元大93售02  ,0,0,0,0,0,0,0,0,0,-100000,0,0,0,0,100000,-100000,-100000
03833P,台光電群益93售01,0,0,0,0,0,0,0,0,0,-100000,0,0,0,0,100000,-100000,-100000
04084P,台表科統一93售01,0,0,0,0,0,0,0,0,0,-100000,0,0,0,0,100000,-100000,-100000
043835,宏達電國票92購01,0,0,0,0,0,0,0,0,0,-100000,0,0,0,0,100000,-100000,-100000
04377P,大立光元大94售04,0,0,0,0,0,0,0,0,0,-100000,0,0,0,0,100000,-100000,-100000
04375P,卜蜂元大94售01  ,0,0,0,0,0,0,0,0,0,-100000,0,0,0,0,100000,-100000,-100000
03203P,台積電凱基01售26,0,0,0,0,0,0,0,0,0,-100000,0,0,0,0,100000,-100000,-100000
049641,台達電凱基94購08,0,0,0,0,0,0,0,0,0,-100000,0,0,0,18000,118000,-100000,-100000
049686,T50反1元大94購02,0,0,0,0,0,0,0,0,0,-100000,0,0,0,100000,200000,-100000,-100000
046832,嘉晶群益93購01  ,0,0,0,0,0,0,0,0,0,-100000,0,0,0,10000,110000,-100000,-100000
04839P,大立光元大94售17,0,0,0,0,0,0,0,0,0,-100000,0,0,0,0,100000,-100000,-100000
047517,元油反元大96購01,0,0,0,0,0,0,0,0,0,-100000,0,0,0,0,100000,-100000,-100000
047607,上海銀富邦93購01,0,0,0,0,0,0,0,0,0,-100000,0,0,0,0,100000,-100000,-100000
047693,T50反1國票95購01,0,0,0,0,0,0,0,0,0,-100000,0,0,0,0,100000,-100000,-100000
050443,復盛凱基94購02  ,0,0,0,0,0,0,0,0,0,-100000,0,0,0,0,100000,-100000,-100000
050200,致新元大94購01  ,0,0,0,0,0,0,0,0,0,-100000,0,0,0,12000,112000,-100000,-100000
04886P,臺股指凱基94售20,0,0,0,0,0,0,0,0,0,-100000,0,0,0,150000,250000,-100000,-100000
048630,南亞元大93購01  ,0,0,0,0,0,0,0,0,0,-100000,0,0,0,0,100000,-100000,-100000
048528,華泰國票94購01  ,0,0,0,0,0,0,0,0,0,-100000,0,0,0,0,100000,-100000,-100000
048448,京元電凱基93購05,0,0,0,0,0,0,0,0,0,-100000,0,0,0,200000,300000,-100000,-100000
047395,聯茂元大94購01  ,0,0,0,0,0,0,0,0,0,-100000,0,0,0,10000,110000,-100000,-100000
047877,滬深2X中信95購07,0,0,0,0,0,0,0,0,0,-100000,0,0,0,0,100000,-100000,-100000
047212,宏達電富邦97購01,0,0,0,0,0,0,0,0,0,-100000,0,0,0,4000,104000,-100000,-100000
051805,元黃金凱基97購02,0,0,0,0,0,0,0,0,0,-100000,0,0,0,5000,105000,-100000,-100000
051238,中環元大96購01  ,0,0,0,0,0,0,0,0,0,-100000,0,0,0,0,100000,-100000,-100000
051580,宏碁元大95購02  ,0,0,0,0,0,0,0,0,0,-100000,0,0,0,0,100000,-100000,-100000
05071P,鴻海統一96售05  ,0,0,0,0,0,0,0,0,0,-100000,0,0,0,100000,200000,-100000,-100000
051166,可成元大95購02  ,0,0,0,0,0,0,0,0,0,-100000,0,0,0,0,100000,-100000,-100000
053271,喬山元大97購01  ,0,0,0,0,0,0,0,0,0,-100000,0,0,0,76000,176000,-100000,-100000
052387,台積電群益95購08,0,0,0,0,0,0,0,0,0,-100000,0,0,0,6000,106000,-100000,-100000
053429,彩晶永豐96購01  ,0,0,0,0,0,0,0,0,0,-101000,0,0,0,69000,170000,-101000,-101000
054596,聯發科麥證97購01,0,0,0,30000,131000,-101000,0,0,0,-101000,0,0,0,30000,131000,-101000,-101000
055273,華泰元大97購01  ,0,0,0,0,0,0,0,0,0,-101000,0,0,0,0,101000,-101000,-101000
04395P,台積電群益94售06,0,0,0,0,0,0,0,0,0,-101000,0,0,0,0,101000,-101000,-101000
045214,上銀元大92購06  ,0,0,0,0,0,0,0,0,0,-101000,0,0,0,50000,151000,-101000,-101000
04507P,台光電元大94售03,0,0,0,0,0,0,0,0,0,-101000,0,0,0,0,101000,-101000,-101000
049892,國巨富邦96購01  ,0,0,0,0,0,0,0,0,0,-101000,0,0,0,107000,208000,-101000,-101000
045858,元油2X統一94購02,0,0,0,0,0,0,0,0,0,-101000,0,0,0,0,101000,-101000,-101000
047893,嘉聯益兆豐94購01,0,0,0,0,0,0,0,0,0,-101000,0,0,0,69000,170000,-101000,-101000
04871P,力成元富94售02  ,0,0,0,0,0,0,0,0,0,-101000,0,0,0,15000,116000,-101000,-101000
050494,可成永昌96購01  ,0,0,0,0,0,0,0,0,0,-101000,0,0,0,10000,111000,-101000,-101000
04685P,訊芯元大94售02  ,0,0,0,0,0,0,0,0,0,-101000,0,0,0,0,101000,-101000,-101000
049834,康控凱基94購01  ,0,0,0,0,0,0,0,0,0,-101000,0,0,0,0,101000,-101000,-101000
052567,台積電凱基96購05,0,0,0,0,0,0,0,0,0,-101000,0,0,0,101000,202000,-101000,-101000
052135,聯發科凱基9B購01,0,0,0,0,0,0,0,0,0,-101000,0,0,0,72000,173000,-101000,-101000
051006,中磊中信95購01  ,0,0,0,0,0,0,0,0,0,-101000,0,0,0,0,101000,-101000,-101000
05193P,台郡台新95售01  ,0,0,0,0,0,0,0,0,0,-101000,0,0,0,10000,111000,-101000,-101000
06182P,群創兆豐97售03  ,0,0,0,0,0,0,0,0,0,-101000,0,0,0,21000,122000,-101000,-101000
05936P,台積電凱基96售20,0,0,0,0,0,0,0,0,0,-101000,0,0,0,43000,144000,-101000,-101000
06222P,致茂元富97售02  ,0,0,0,0,0,0,0,0,0,-101000,0,0,0,40000,141000,-101000,-101000
055662,上銀中信99購01  ,0,0,0,0,0,0,0,0,0,-102000,0,0,0,40000,142000,-102000,-102000
054501,強茂永豐96購02  ,0,0,0,0,0,0,0,0,0,-102000,0,0,0,0,102000,-102000,-102000
03581P,台積電群益03售04,0,0,0,0,0,0,0,0,0,-102000,0,0,0,5000,107000,-102000,-102000
048535,超眾國票94購02  ,0,0,0,0,0,0,0,0,0,-102000,0,0,0,0,102000,-102000,-102000
051463,世芯國泰97購02  ,0,0,0,0,0,0,0,0,0,-102000,0,0,0,51000,153000,-102000,-102000
055437,禾伸堂中信99購01,0,0,0,0,0,0,0,0,0,-103000,0,0,0,10000,113000,-103000,-103000
04684P,欣興元大94售07  ,0,0,0,0,0,0,0,0,0,-103000,0,0,0,0,103000,-103000,-103000
053282,彩晶元大9C購01  ,0,0,0,0,0,0,0,0,0,-103000,0,0,0,52000,155000,-103000,-103000
055639,上銀元富97購02  ,0,0,0,0,0,0,0,0,0,-104000,0,0,0,0,104000,-104000,-104000
054460,和大凱基97購01  ,0,0,0,0,0,0,0,0,0,-104000,0,0,0,132000,236000,-104000,-104000
00714,群益道瓊美國地產,0,0,0,0,0,0,0,0,0,-104000,0,0,0,0,104000,-104000,-104000
052878,台虹凱基96購01  ,0,0,0,0,0,0,0,0,0,-104000,0,0,0,110000,214000,-104000,-104000
053949,康控富邦9A購01  ,0,0,0,0,0,0,0,0,0,-105000,0,0,0,0,105000,-105000,-105000
054662,同欣電元大97購02,0,0,0,0,0,0,0,0,0,-105000,0,0,0,87000,192000,-105000,-105000
04008P,京元電國票93售01,0,0,0,0,0,0,0,0,0,-105000,0,0,0,1000,106000,-105000,-105000
04289P,臺股指中信95售07,0,0,0,0,0,0,0,0,0,-105000,0,0,0,1000,106000,-105000,-105000
049976,台積電凱基94購28,0,0,0,0,0,0,0,0,0,-105000,0,0,0,7000,112000,-105000,-105000
048480,FB上証中信94購01,0,0,0,0,0,0,0,0,0,-105000,0,0,0,0,105000,-105000,-105000
047417,台塑富邦97購01  ,0,0,0,0,0,0,0,0,0,-105000,0,0,0,0,105000,-105000,-105000
052741,聯發科元大96購08,0,0,0,0,0,0,0,0,0,-105000,0,0,0,123000,228000,-105000,-105000
06071P,大立光永豐97售01,0,0,0,0,0,0,0,0,0,-105000,0,0,0,0,105000,-105000,-105000
9933,中鼎            ,132000,179000,-47000,0,0,0,0,0,0,-58000,0,58000,-58000,0,0,0,-105000
055345,國巨凱基98購01  ,0,0,0,0,0,0,0,0,0,-106000,0,0,0,4000,110000,-106000,-106000
055322,欣興國票97購06  ,0,0,0,0,0,0,0,0,0,-106000,0,0,0,4000,110000,-106000,-106000
050165,泰鼎國泰95購02  ,0,0,0,0,0,0,0,0,0,-106000,0,0,0,6000,112000,-106000,-106000
053096,康控統一96購01  ,0,0,0,0,0,0,0,0,0,-106000,0,0,0,48000,154000,-106000,-106000
052532,台積電國泰96購07,0,0,0,0,0,0,0,0,0,-106000,0,0,0,499000,605000,-106000,-106000
055192,世芯元富97購01  ,0,0,0,0,0,0,0,0,0,-107000,0,0,0,27000,134000,-107000,-107000
053743,康控國票97購02  ,0,0,0,0,0,0,0,0,0,-107000,0,0,0,31000,138000,-107000,-107000
053388,群創元大9C購02  ,0,0,0,0,0,0,0,0,0,-107000,0,0,0,244000,351000,-107000,-107000
048045,上銀永豐93購02  ,0,0,0,0,0,0,0,0,0,-107000,0,0,0,39000,146000,-107000,-107000
044247,道瓊反元富97購01,0,0,0,0,0,0,0,0,0,-107000,0,0,0,5000,112000,-107000,-107000
049741,創意群益94購02  ,0,0,0,0,0,0,0,0,0,-107000,0,0,0,0,107000,-107000,-107000
06104P,大立光凱基97售04,0,0,0,0,0,0,0,0,0,-107000,0,0,0,0,107000,-107000,-107000
2841,台開            ,97000,205000,-108000,0,0,0,0,0,0,1000,1000,0,1000,0,0,0,-107000
053399,創意中信96購01  ,0,0,0,0,0,0,0,0,0,-108000,0,0,0,10000,118000,-108000,-108000
053885,全新兆豐96購01  ,0,0,0,0,0,0,0,0,0,-108000,0,0,0,124000,232000,-108000,-108000
054395,華新科永豐96購03,0,0,0,0,0,0,0,0,0,-108000,0,0,0,189000,297000,-108000,-108000
054793,牧德群益9A購01  ,0,0,0,0,0,0,0,0,0,-108000,0,0,0,0,108000,-108000,-108000
044270,群創中信95購02  ,0,0,0,0,0,0,0,0,0,-108000,0,0,0,10000,118000,-108000,-108000
053188,旺宏統一97購03  ,0,0,0,0,0,0,0,0,0,-108000,0,0,0,52000,160000,-108000,-108000
051558,元金2X國泰97購01,0,0,0,0,0,0,0,0,0,-108000,0,0,0,1000,109000,-108000,-108000
051916,和碩元大95購02  ,0,0,0,0,0,0,0,0,0,-108000,0,0,0,0,108000,-108000,-108000
054822,祥碩元大97購01  ,0,0,0,0,0,0,0,0,0,-109000,0,0,0,29000,138000,-109000,-109000
054937,國巨元大97購03  ,0,0,0,0,0,0,0,0,0,-109000,0,0,0,62000,171000,-109000,-109000
055196,致新元富97購01  ,0,0,0,0,0,0,0,0,0,-109000,0,0,0,101000,210000,-109000,-109000
053947,義隆富邦97購01  ,0,0,0,0,0,0,0,0,0,-109000,0,0,0,163000,272000,-109000,-109000
053976,亞光元大96購02  ,0,0,0,0,0,0,0,0,0,-109000,0,0,0,2000,111000,-109000,-109000
053709,台達電凱基96購04,0,0,0,0,0,0,0,0,0,-109000,0,0,0,0,109000,-109000,-109000
048590,貿聯兆豐94購02  ,0,0,0,0,0,0,0,0,0,-109000,0,0,0,10000,119000,-109000,-109000
052967,智邦群益96購01  ,0,0,0,0,0,0,0,0,0,-109000,0,0,0,51000,160000,-109000,-109000
05986P,大立光統一97售03,0,0,0,0,0,0,0,0,0,-109000,0,0,0,237000,346000,-109000,-109000
053698,中磊元大96購02  ,0,0,0,0,0,0,0,0,0,-110000,0,0,0,32000,142000,-110000,-110000
053982,臻鼎元大96購05  ,0,0,0,0,0,0,0,0,0,-110000,0,0,0,0,110000,-110000,-110000
054529,T50反1國泰97購02,0,0,0,0,0,0,0,0,0,-110000,0,0,0,0,110000,-110000,-110000
05631P,國巨富邦9A售01  ,0,0,0,0,0,0,0,0,0,-110000,0,0,0,110000,220000,-110000,-110000
043018,新光金元大93購01,0,0,0,0,0,0,0,0,0,-110000,0,0,0,0,110000,-110000,-110000
04630P,嘉聯益元大95售02,0,0,0,0,0,0,0,0,0,-110000,0,0,0,0,110000,-110000,-110000
048715,A50正2永豐94購01,0,0,0,0,0,0,0,0,0,-110000,0,0,0,0,110000,-110000,-110000
047894,大成鋼群益93購01,0,0,0,0,0,0,0,0,0,-110000,0,0,0,60000,170000,-110000,-110000
049776,全新統一95購02  ,0,0,0,0,0,0,0,0,0,-110000,0,0,0,144000,254000,-110000,-110000
050414,泰鼎永豐94購04  ,0,0,0,0,0,0,0,0,0,-110000,0,0,0,3000,113000,-110000,-110000
052284,日月光凱基96購01,0,0,0,0,0,0,0,0,0,-110000,0,0,0,150000,260000,-110000,-110000
051869,康控凱基96購01  ,0,0,0,0,0,0,0,0,0,-110000,0,0,0,4000,114000,-110000,-110000
05924P,超眾元富96售04  ,0,0,0,0,0,0,0,0,0,-110000,0,0,0,36000,146000,-110000,-110000
06035P,同欣電凱基96售03,0,0,0,0,0,0,0,0,0,-110000,0,0,0,0,110000,-110000,-110000
06190P,玉晶光永豐97售05,0,0,0,0,0,0,0,0,0,-110000,0,0,0,12000,122000,-110000,-110000
046535,宏碁群益92購01  ,0,0,0,0,0,0,0,0,0,-111000,0,0,0,7000,118000,-111000,-111000
046782,建準永豐93購01  ,0,0,0,0,0,0,0,0,0,-111000,0,0,0,14000,125000,-111000,-111000
048402,聯茂兆豐95購01  ,0,0,0,0,0,0,0,0,0,-111000,0,0,0,0,111000,-111000,-111000
048349,美利達元大96購02,0,0,0,0,0,0,0,0,0,-111000,0,0,0,0,111000,-111000,-111000
050699,京鼎凱基96購01  ,0,0,0,0,0,0,0,0,0,-111000,0,0,0,8000,119000,-111000,-111000
052881,康控凱基97購01  ,0,0,0,0,0,0,0,0,0,-111000,0,0,0,0,111000,-111000,-111000
054633,臺股指凱基9A購02,0,0,0,0,0,0,0,0,0,-112000,0,0,0,13000,125000,-112000,-112000
054294,世芯元大96購02  ,0,0,0,0,0,0,0,0,0,-112000,0,0,0,51000,163000,-112000,-112000
053581,台積電元大96購14,0,0,0,0,0,0,0,0,0,-112000,0,0,0,207000,319000,-112000,-112000
047260,嘉晶國票93購02  ,0,0,0,0,0,0,0,0,0,-112000,0,0,0,0,112000,-112000,-112000
04294P,台積電元大95售01,0,0,0,0,0,0,0,0,0,-112000,0,0,0,0,112000,-112000,-112000
00728,第一金工業30    ,0,0,0,0,0,0,0,0,0,-112000,0,0,0,434000,546000,-112000,-112000
048093,聯發科凱基93購30,0,0,0,0,0,0,0,0,0,-112000,0,0,0,87000,199000,-112000,-112000
052957,T50反1凱基99購01,0,0,0,0,0,0,0,0,0,-112000,0,0,0,0,112000,-112000,-112000
06189P,華新科永豐97售03,0,0,0,0,0,0,0,0,0,-112000,0,0,0,0,112000,-112000,-112000
4968,立積            ,291000,384000,-93000,0,0,0,0,0,0,-19000,0,19000,-19000,0,0,0,-112000
055135,聯發科富邦99購05,0,0,0,0,0,0,0,0,0,-113000,0,0,0,0,113000,-113000,-113000
046415,嘉晶元大92購03  ,0,0,0,0,0,0,0,0,0,-113000,0,0,0,0,113000,-113000,-113000
048426,超眾元富93購01  ,0,0,0,0,0,0,0,0,0,-113000,0,0,0,140000,253000,-113000,-113000
052945,嘉晶國票97購01  ,0,0,0,0,0,0,0,0,0,-113000,0,0,0,13000,126000,-113000,-113000
052089,聯發科元大96購02,0,0,0,0,0,0,0,0,0,-113000,0,0,0,120000,233000,-113000,-113000
2912,統一超          ,584169,640119,-55950,0,0,0,1000,0,1000,-59000,0,61000,-61000,2000,0,2000,-113950
05540P,亞德客凱基96售01,0,0,0,0,0,0,0,0,0,-114000,0,0,0,11000,125000,-114000,-114000
054098,嘉晶國票97購04  ,0,0,0,0,0,0,0,0,0,-114000,0,0,0,0,114000,-114000,-114000
049601,矽創元大95購02  ,0,0,0,0,0,0,0,0,0,-114000,0,0,0,34000,148000,-114000,-114000
047808,智邦凱基93購07  ,0,0,0,0,0,0,0,0,0,-114000,0,0,0,11000,125000,-114000,-114000
047503,T50反1國票93購03,0,0,0,0,0,0,0,0,0,-114000,0,0,0,0,114000,-114000,-114000
050933,南亞國票95購01  ,0,0,0,0,0,0,0,0,0,-114000,0,0,0,13000,127000,-114000,-114000
050991,元油2X元大96購04,0,0,0,0,0,0,0,0,0,-114000,0,0,0,21000,135000,-114000,-114000
051240,台積電元大95購12,0,0,0,0,0,0,0,0,0,-114000,0,0,0,210000,324000,-114000,-114000
042930,大立光中信94購01,0,0,0,0,0,0,0,0,0,-115000,0,0,0,0,115000,-115000,-115000
04062P,可成兆豐93售04  ,0,0,0,0,0,0,0,0,0,-115000,0,0,0,0,115000,-115000,-115000
045704,微星日盛92購01  ,0,0,0,0,0,0,0,0,0,-115000,0,0,0,29000,144000,-115000,-115000
048606,聯發科日盛93購02,0,0,0,0,0,0,0,0,0,-115000,0,0,0,0,115000,-115000,-115000
052285,康控凱基95購02  ,0,0,0,0,0,0,0,0,0,-115000,0,0,0,47000,162000,-115000,-115000
052245,緯創康和95購01  ,0,0,0,0,0,0,0,0,0,-115000,0,0,0,0,115000,-115000,-115000
055722,聯鈞元大97購03  ,0,0,0,0,0,0,0,0,0,-116000,0,0,0,0,116000,-116000,-116000
052132,旺宏凱基9B購01  ,0,0,0,0,0,0,0,0,0,-116000,0,0,0,2000,118000,-116000,-116000
054261,智伸科元大96購03,0,0,0,0,0,0,0,0,0,-117000,0,0,0,626000,743000,-117000,-117000
046286,高鐵兆豐93購01  ,0,0,0,0,0,0,0,0,0,-117000,0,0,0,3000,120000,-117000,-117000
04378P,大立光元大94售05,0,0,0,0,0,0,0,0,0,-117000,0,0,0,0,117000,-117000,-117000
048629,滬深2X元大96購04,0,0,0,0,0,0,0,0,0,-117000,0,0,0,0,117000,-117000,-117000
048197,義隆元大93購04  ,0,0,0,0,0,0,0,0,0,-117000,0,0,0,236000,353000,-117000,-117000
05049P,矽創永豐95售01  ,0,0,0,0,0,0,0,0,0,-117000,0,0,0,39000,156000,-117000,-117000
054541,康控國票98購01  ,0,0,0,0,0,0,0,0,0,-118000,0,0,0,15000,133000,-118000,-118000
048862,中磊群益94購01  ,0,0,0,0,0,0,0,0,0,-118000,0,0,0,0,118000,-118000,-118000
049477,泰鼎永豐94購01  ,0,0,0,0,0,0,0,0,0,-118000,0,0,0,43000,161000,-118000,-118000
050971,緯穎永豐95購01  ,0,0,0,0,0,0,0,0,0,-118000,0,0,0,5000,123000,-118000,-118000
2102,泰豐            ,84000,202000,-118000,0,0,0,0,0,0,0,0,0,0,0,0,0,-118000
8499,鼎炫-KY         ,2000,120000,-118000,0,0,0,0,10000,-10000,10000,35000,25000,10000,0,0,0,-118000
053341,聯發科國票97購03,0,0,0,0,0,0,0,0,0,-119000,0,0,0,138000,257000,-119000,-119000
050006,華擎永豐94購03  ,0,0,0,0,0,0,0,0,0,-119000,0,0,0,0,119000,-119000,-119000
046793,聯發科元富99購01,0,0,0,0,0,0,0,0,0,-119000,0,0,0,633000,752000,-119000,-119000
051065,台積電國票96購01,0,0,0,0,0,0,0,0,0,-119000,0,0,0,34000,153000,-119000,-119000
052668,聯發科群益97購01,0,0,0,0,0,0,0,0,0,-119000,0,0,0,35000,154000,-119000,-119000
06040P,亞光康和96售03  ,0,0,0,0,0,0,0,0,0,-119000,0,0,0,0,119000,-119000,-119000
054253,宏達電元大97購03,0,0,0,0,0,0,0,0,0,-120000,0,0,0,20000,140000,-120000,-120000
055251,華新科統一99購01,0,0,0,0,0,0,0,0,0,-120000,0,0,0,103000,223000,-120000,-120000
05506P,茂林凱基96售03  ,0,0,0,0,0,0,0,0,0,-120000,0,0,0,0,120000,-120000,-120000
047270,元油2X永豐94購02,0,0,0,0,0,0,0,0,0,-120000,0,0,0,10000,130000,-120000,-120000
00651R,FH香港反1       ,0,20000,-20000,0,0,0,0,0,0,-100000,0,0,0,684000,784000,-100000,-120000
049466,創意台新94購01  ,0,0,0,0,0,0,0,0,0,-120000,0,0,0,0,120000,-120000,-120000
050327,泰鼎永豐94購03  ,0,0,0,0,0,0,0,0,0,-120000,0,0,0,0,120000,-120000,-120000
04682P,臺股指統一96售01,0,0,0,0,0,0,0,0,0,-120000,0,0,0,0,120000,-120000,-120000
05238P,禾伸堂永豐95售01,0,0,0,0,0,0,0,0,0,-120000,0,0,0,0,120000,-120000,-120000
052950,超眾國票98購01  ,0,0,0,0,0,0,0,0,0,-120000,0,0,0,20000,140000,-120000,-120000
050891,喬山元大95購01  ,0,0,0,0,0,0,0,0,0,-120000,0,0,0,0,120000,-120000,-120000
051375,道瓊反群益9A購01,0,0,0,0,0,0,0,0,0,-120000,0,0,0,0,120000,-120000,-120000
051617,台積電凱基95購14,0,0,0,0,0,0,0,0,0,-120000,0,0,0,155000,275000,-120000,-120000
055212,和大凱基97購02  ,0,0,0,0,0,0,0,0,0,-121000,0,0,0,4000,125000,-121000,-121000
055519,茂林中信99購01  ,0,0,0,0,0,0,0,0,0,-121000,0,0,0,0,121000,-121000,-121000
053662,矽力凱基97購01  ,0,0,0,0,0,0,0,0,0,-121000,0,0,0,0,121000,-121000,-121000
00646,元大S&P500      ,4000,0,4000,0,0,0,0,0,0,-125000,0,0,0,0,125000,-125000,-121000
050153,義隆群益94購01  ,0,0,0,0,0,0,0,0,0,-121000,0,0,0,19000,140000,-121000,-121000
04913P,聯詠元富94售02  ,0,0,0,0,0,0,0,0,0,-121000,0,0,0,3000,124000,-121000,-121000
052369,矽力國票96購02  ,0,0,0,0,0,0,0,0,0,-121000,0,0,0,4000,125000,-121000,-121000
054762,奇力新國票99購01,0,0,0,0,0,0,0,0,0,-122000,0,0,0,49000,171000,-122000,-122000
006207,FH滬深          ,26000,153000,-127000,0,0,0,0,0,0,5000,100000,0,100000,456000,551000,-95000,-122000
043601,亞光元大93購01  ,0,0,0,0,0,0,0,0,0,-122000,0,0,0,10000,132000,-122000,-122000
048485,泰鼎國泰94購02  ,0,0,0,0,0,0,0,0,0,-122000,0,0,0,0,122000,-122000,-122000
047440,聯發科元大93購14,0,0,0,0,0,0,0,0,0,-122000,0,0,0,266000,388000,-122000,-122000
050502,聯發科凱基94購21,0,0,0,0,0,0,0,0,0,-122000,0,0,0,34000,156000,-122000,-122000
06150P,奇力新元大97售06,0,0,0,0,0,0,0,0,0,-122000,0,0,0,60000,182000,-122000,-122000
1702,南僑            ,29000,79000,-50000,0,0,0,0,30000,-30000,-42000,0,28000,-28000,0,14000,-14000,-122000
053654,聯發科凱基98購01,0,0,0,0,0,0,0,0,0,-123000,0,0,0,60000,183000,-123000,-123000
054016,嘉晶永豐96購04  ,0,0,0,0,0,0,0,0,0,-123000,0,0,0,112000,235000,-123000,-123000
044291,群創凱基93購06  ,0,0,0,0,0,0,0,0,0,-123000,0,0,0,2548000,2671000,-123000,-123000
047316,大立光元大94購01,0,0,0,0,0,0,0,0,0,-123000,0,0,0,10000,133000,-123000,-123000
04987P,昇陽半永豐94售04,0,0,0,0,0,0,0,0,0,-123000,0,0,0,0,123000,-123000,-123000
048736,台達電統一94購01,0,0,0,0,0,0,0,0,0,-123000,0,0,0,96000,219000,-123000,-123000
06109P,華新科群益97售05,0,0,0,0,0,0,0,0,0,-123000,0,0,0,27000,150000,-123000,-123000
054387,台積電統一98購02,0,0,0,0,0,0,0,0,0,-124000,0,0,0,187000,311000,-124000,-124000
052819,義隆永豐96購01  ,0,0,0,0,0,0,0,0,0,-124000,0,0,0,291000,415000,-124000,-124000
051968,勤誠永豐95購01  ,0,0,0,0,0,0,0,0,0,-124000,0,0,0,64000,188000,-124000,-124000
047231,大立光凱基95購03,0,0,0,0,0,0,0,0,0,-125000,0,0,0,0,125000,-125000,-125000
047975,緯創兆豐93購01  ,0,0,0,0,0,0,0,0,0,-125000,0,0,0,23000,148000,-125000,-125000
048249,嘉澤兆豐94購01  ,0,0,0,0,0,0,0,0,0,-125000,0,0,0,33000,158000,-125000,-125000
051313,緯創麥證95購02  ,0,0,0,20000,145000,-125000,0,0,0,-125000,0,0,0,20000,145000,-125000,-125000
05068P,鴻海統一95售06  ,0,0,0,0,0,0,0,0,0,-125000,0,0,0,37000,162000,-125000,-125000
05952P,台積電國票97售06,0,0,0,0,0,0,0,0,0,-125000,0,0,0,94000,219000,-125000,-125000
055296,康舒元大97購02  ,0,0,0,0,0,0,0,0,0,-126000,0,0,0,370000,496000,-126000,-126000
05764P,世紀鋼永豐96售03,0,0,0,0,0,0,0,0,0,-126000,0,0,0,0,126000,-126000,-126000
047186,大立光元大93購20,0,0,0,0,0,0,0,0,0,-126000,0,0,0,0,126000,-126000,-126000
051109,美律統一95購02  ,0,0,0,0,0,0,0,0,0,-126000,0,0,0,60000,186000,-126000,-126000
052498,台積電永豐95購06,0,0,0,0,0,0,0,0,0,-126000,0,0,0,539000,665000,-126000,-126000
06172P,台虹永豐97售02  ,0,0,0,0,0,0,0,0,0,-126000,0,0,0,35000,161000,-126000,-126000
3041,揚智            ,86000,212000,-126000,0,0,0,0,0,0,0,0,0,0,0,0,0,-126000
8070,長華*           ,5000,24000,-19000,0,0,0,0,103000,-103000,-4000,0,4000,-4000,0,0,0,-126000
05698P,群創凱基96售01  ,0,0,0,0,0,0,0,0,0,-127000,0,0,0,55000,182000,-127000,-127000
055591,全新元大98購01  ,0,0,0,0,0,0,0,0,0,-127000,0,0,0,0,127000,-127000,-127000
05446P,緯穎元大95售04  ,0,0,0,0,0,0,0,0,0,-127000,0,0,0,50000,177000,-127000,-127000
047246,華新科群益93購01,0,0,0,0,0,0,0,0,0,-127000,0,0,0,0,127000,-127000,-127000
044759,新日興凱基93購01,0,0,0,0,0,0,0,0,0,-127000,0,0,0,20000,147000,-127000,-127000
05906P,國巨元富96售05  ,0,0,0,0,0,0,0,0,0,-127000,0,0,0,20000,147000,-127000,-127000
055520,矽力中信97購02  ,0,0,0,0,0,0,0,0,0,-128000,0,0,0,16000,144000,-128000,-128000
05472P,國巨統一96售02  ,0,0,0,0,0,0,0,0,0,-128000,0,0,0,240000,368000,-128000,-128000
055185,晶相光統一97購01,0,0,0,0,0,0,0,0,0,-128000,0,0,0,95000,223000,-128000,-128000
042787,新日興兆豐93購01,0,0,0,0,0,0,0,0,0,-128000,0,0,0,1000,129000,-128000,-128000
047454,滬深2X群益96購03,0,0,0,0,0,0,0,0,0,-128000,0,0,0,0,128000,-128000,-128000
047663,亞德客永豐93購03,0,0,0,0,0,0,0,0,0,-128000,0,0,0,25000,153000,-128000,-128000
048405,嘉晶群益93購03  ,0,0,0,0,0,0,0,0,0,-128000,0,0,0,22000,150000,-128000,-128000
052959,聯電凱基97購01  ,0,0,0,0,0,0,0,0,0,-128000,0,0,0,10000,138000,-128000,-128000
051084,華通元大95購06  ,0,0,0,0,0,0,0,0,0,-128000,0,0,0,54000,182000,-128000,-128000
2545,皇翔            ,26000,154000,-128000,0,0,0,0,0,0,0,0,0,0,0,0,0,-128000
055221,矽創凱基97購02  ,0,0,0,0,0,0,0,0,0,-129000,0,0,0,69000,198000,-129000,-129000
046350,上銀群益92購02  ,0,0,0,0,0,0,0,0,0,-129000,0,0,0,10000,139000,-129000,-129000
051467,GIS富邦96購01   ,0,0,0,0,0,0,0,0,0,-129000,0,0,0,1000,130000,-129000,-129000
051806,華通凱基96購02  ,0,0,0,0,0,0,0,0,0,-129000,0,0,0,234000,363000,-129000,-129000
052489,義隆國票96購02  ,0,0,0,0,0,0,0,0,0,-129000,0,0,0,50000,179000,-129000,-129000
2392,正崴            ,297000,261000,36000,0,0,0,0,0,0,-165000,159000,110000,49000,9000,223000,-214000,-129000
6706,惠特            ,31000,254000,-223000,0,0,0,90000,0,90000,4000,34000,30000,4000,0,0,0,-129000
055136,聯發科富邦99購06,0,0,0,0,0,0,0,0,0,-130000,0,0,0,0,130000,-130000,-130000
054652,裕隆麥證97購01  ,0,0,0,0,130000,-130000,0,0,0,-130000,0,0,0,0,130000,-130000,-130000
049453,新日興統一94購01,0,0,0,0,0,0,0,0,0,-130000,0,0,0,24000,154000,-130000,-130000
04797P,華新科元大94售04,0,0,0,0,0,0,0,0,0,-130000,0,0,0,0,130000,-130000,-130000
048925,佳世達永豐94購01,0,0,0,0,0,0,0,0,0,-130000,0,0,0,0,130000,-130000,-130000
04899P,力成中信94售02  ,0,0,0,0,0,0,0,0,0,-130000,0,0,0,0,130000,-130000,-130000
052215,樺漢元大96購02  ,0,0,0,0,0,0,0,0,0,-130000,0,0,0,474000,604000,-130000,-130000
051414,新光金國票95購04,0,0,0,0,0,0,0,0,0,-130000,0,0,0,0,130000,-130000,-130000
051000,台郡元大96購01  ,0,0,0,0,0,0,0,0,0,-130000,0,0,0,53000,183000,-130000,-130000
1305,華夏            ,38000,137000,-99000,0,0,0,0,0,0,-31000,4000,35000,-31000,0,0,0,-130000
05762P,昇陽半永豐96售04,0,0,0,0,0,0,0,0,0,-131000,0,0,0,0,131000,-131000,-131000
049960,嘉聯益統一94購01,0,0,0,0,0,0,0,0,0,-131000,0,0,0,0,131000,-131000,-131000
049507,和大凱基94購01  ,0,0,0,0,0,0,0,0,0,-131000,0,0,0,3000,134000,-131000,-131000
048812,上証2X凱基96購01,0,0,0,0,0,0,0,0,0,-131000,0,0,0,0,131000,-131000,-131000
047709,聯發科凱基93購18,0,0,0,0,0,0,0,0,0,-131000,0,0,0,21000,152000,-131000,-131000
048143,聯發科統一94購03,0,0,0,0,0,0,0,0,0,-131000,0,0,0,2000,133000,-131000,-131000
051025,晶華統一95購01  ,0,0,0,0,0,0,0,0,0,-131000,0,0,0,0,131000,-131000,-131000
046336,致新元大92購02  ,0,0,0,0,0,0,0,0,0,-132000,0,0,0,30000,162000,-132000,-132000
048712,樺漢台新94購01  ,0,0,0,0,0,0,0,0,0,-132000,0,0,0,28000,160000,-132000,-132000
051036,喬山台新95購01  ,0,0,0,0,0,0,0,0,0,-132000,0,0,0,0,132000,-132000,-132000
049574,新日興統一94購03,0,0,0,0,0,0,0,0,0,-133000,0,0,0,1000,134000,-133000,-133000
05499P,聯詠元富95售02  ,0,0,0,0,0,0,0,0,0,-134000,0,0,0,327000,461000,-134000,-134000
054134,強茂元大96購01  ,0,0,0,0,0,0,0,0,0,-134000,0,0,0,167000,301000,-134000,-134000
053735,矽力中信97購01  ,0,0,0,0,0,0,0,0,0,-134000,0,0,0,83000,217000,-134000,-134000
044965,大立光中信95購01,0,0,0,0,0,0,0,0,0,-134000,0,0,0,10000,144000,-134000,-134000
047773,超眾元大96購01  ,0,0,0,0,0,0,0,0,0,-134000,0,0,0,12000,146000,-134000,-134000
049086,晶相光凱基94購01,0,0,0,0,0,0,0,0,0,-134000,0,0,0,63000,197000,-134000,-134000
1417,嘉裕            ,14000,148000,-134000,0,0,0,0,0,0,0,0,0,0,0,0,0,-134000
06145P,華新科永豐97售02,0,0,0,0,0,0,0,0,0,-134000,0,0,0,100000,234000,-134000,-134000
3090,日電貿          ,74000,50000,24000,0,0,0,0,0,0,-158000,5000,20000,-15000,0,143000,-143000,-134000
9917,中保科          ,31000,131390,-100390,0,0,0,0,0,0,-34000,0,34000,-34000,0,0,0,-134390
053369,T50反1元大96購06,0,0,0,0,0,0,0,0,0,-135000,0,0,0,0,135000,-135000,-135000
05409P,京元電元富95售05,0,0,0,0,0,0,0,0,0,-135000,0,0,0,11000,146000,-135000,-135000
049269,超眾元大96購02  ,0,0,0,0,0,0,0,0,0,-135000,0,0,0,0,135000,-135000,-135000
051812,臻鼎凱基95購03  ,0,0,0,0,0,0,0,0,0,-135000,0,0,0,5000,140000,-135000,-135000
052917,大立光富邦99購02,0,0,0,0,0,0,0,0,0,-135000,0,0,0,53000,188000,-135000,-135000
055238,茂林台新97購01  ,0,0,0,0,0,0,0,0,0,-136000,0,0,0,86000,222000,-136000,-136000
054697,凌華永豐97購01  ,0,0,0,0,0,0,0,0,0,-136000,0,0,0,0,136000,-136000,-136000
04139P,大立光國票93售03,0,0,0,0,0,0,0,0,0,-136000,0,0,0,14000,150000,-136000,-136000
04619P,華新統一94售02  ,0,0,0,0,0,0,0,0,0,-136000,0,0,0,0,136000,-136000,-136000
044662,力成永豐91購02  ,0,0,0,0,0,0,0,0,0,-136000,0,0,0,12000,148000,-136000,-136000
049117,矽格統一96購01  ,0,0,0,0,0,0,0,0,0,-136000,0,0,0,77000,213000,-136000,-136000
052979,上銀元大96購02  ,0,0,0,0,0,0,0,0,0,-136000,0,0,0,288000,424000,-136000,-136000
052455,樺漢元大96購03  ,0,0,0,0,0,0,0,0,0,-136000,0,0,0,116000,252000,-136000,-136000
054686,順德永豐97購01  ,0,0,0,0,0,0,0,0,0,-137000,0,0,0,0,137000,-137000,-137000
049436,義隆國泰96購02  ,0,0,0,0,0,0,0,0,0,-137000,0,0,0,283000,420000,-137000,-137000
052961,國巨凱基97購02  ,0,0,0,0,0,0,0,0,0,-137000,0,0,0,49000,186000,-137000,-137000
053048,同欣電麥證96購01,0,0,0,144000,244000,-100000,0,0,0,-137000,0,0,0,147000,284000,-137000,-137000
05866P,致伸元大96售01  ,0,0,0,0,0,0,0,0,0,-137000,0,0,0,50000,187000,-137000,-137000
053789,彩晶元大9C購02  ,0,0,0,0,0,0,0,0,0,-138000,0,0,0,0,138000,-138000,-138000
044636,創意統一94購01  ,0,0,0,0,0,0,0,0,0,-138000,0,0,0,25000,163000,-138000,-138000
5285,界霖            ,127000,285000,-158000,0,0,0,0,0,0,20000,50000,30000,20000,0,0,0,-138000
5264,鎧勝-KY         ,92000,196000,-104000,0,0,0,0,0,0,-34441,0,28000,-28000,0,6441,-6441,-138441
053864,義隆元大96購01  ,1000,0,1000,0,0,0,0,0,0,-140000,0,0,0,824000,964000,-140000,-139000
055239,帆宣台新97購01  ,0,0,0,0,0,0,0,0,0,-139000,0,0,0,6000,145000,-139000,-139000
055124,建準兆豐97購01  ,0,0,0,0,0,0,0,0,0,-139000,0,0,0,11000,150000,-139000,-139000
049970,康控國票95購03  ,0,0,0,0,0,0,0,0,0,-139000,0,0,0,0,139000,-139000,-139000
043855,創意富邦93購01  ,0,0,0,0,0,0,0,0,0,-139000,0,0,0,0,139000,-139000,-139000
050522,聯發科元大95購03,0,0,0,0,0,0,0,0,0,-139000,0,0,0,271000,410000,-139000,-139000
048731,創意麥證94購01  ,0,0,0,0,139000,-139000,0,0,0,-139000,0,0,0,0,139000,-139000,-139000
051132,喬山永豐95購02  ,0,0,0,0,0,0,0,0,0,-139000,0,0,0,0,139000,-139000,-139000
2501,國建            ,105000,90000,15000,0,0,0,0,0,0,-154000,0,154000,-154000,0,0,0,-139000
2204,中華            ,41000,133000,-92000,0,0,0,0,0,0,-47000,0,47000,-47000,0,0,0,-139000
054925,神達凱基97購01  ,0,0,0,0,0,0,0,0,0,-140000,0,0,0,0,140000,-140000,-140000
054958,亞光元大97購03  ,0,0,0,0,0,0,0,0,0,-140000,0,0,0,20000,160000,-140000,-140000
054424,大成鋼富邦97購02,0,0,0,0,0,0,0,0,0,-140000,0,0,0,0,140000,-140000,-140000
020000,富邦特選蘋果N   ,0,0,0,0,0,0,0,0,0,-140000,0,0,0,39000,179000,-140000,-140000
046435,聯發科群益92購06,0,0,0,0,0,0,0,0,0,-140000,0,0,0,20000,160000,-140000,-140000
05000P,臺股指永豐95售01,0,0,0,0,0,0,0,0,0,-140000,0,0,0,0,140000,-140000,-140000
051406,泰鼎永豐96購01  ,0,0,0,0,0,0,0,0,0,-140000,0,0,0,23000,163000,-140000,-140000
054645,奇力新群益97購04,0,0,0,0,0,0,0,0,0,-141000,0,0,0,214000,355000,-141000,-141000
05817P,可成凱基96售07  ,0,0,0,0,0,0,0,0,0,-141000,0,0,0,5000,146000,-141000,-141000
051941,樺漢群益95購02  ,0,0,0,0,0,0,0,0,0,-141000,0,0,0,26000,167000,-141000,-141000
052396,台積電凱基97購01,0,0,0,0,0,0,0,0,0,-141000,0,0,0,30000,171000,-141000,-141000
04978P,台表科凱基94售02,0,0,0,0,0,0,0,0,0,-142000,0,0,0,32000,174000,-142000,-142000
05904P,大立光統一96售07,0,0,0,0,0,0,0,0,0,-142000,0,0,0,103000,245000,-142000,-142000
055434,樺漢群益97購01  ,0,0,0,0,0,0,0,0,0,-143000,0,0,0,15000,158000,-143000,-143000
04549P,茂林元大94售02  ,0,0,0,0,0,0,0,0,0,-143000,0,0,0,68000,211000,-143000,-143000
8011,台通            ,40000,181000,-141000,0,0,0,0,0,0,-2000,0,2000,-2000,0,0,0,-143000
054497,國巨永豐96購05  ,0,20000,-20000,0,0,0,0,0,0,-124000,0,0,0,255000,379000,-124000,-144000
051311,瑞昱麥證95購01  ,0,0,0,117000,261000,-144000,0,0,0,-144000,0,0,0,117000,261000,-144000,-144000
045179,義隆永豐92購02  ,0,0,0,0,0,0,0,0,0,-145000,0,0,0,133000,278000,-145000,-145000
044639,京元電元富94購01,0,0,0,0,0,0,0,0,0,-145000,0,0,0,25000,170000,-145000,-145000
00762,元大全球AI      ,0,0,0,0,0,0,0,0,0,-145000,0,30000,-30000,33000,148000,-115000,-145000
043390,康控元大93購01  ,0,0,0,0,0,0,0,0,0,-145000,0,0,0,5000,150000,-145000,-145000
049023,玉晶光群益96購04,0,0,0,0,0,0,0,0,0,-145000,0,0,0,100000,245000,-145000,-145000
8213,志超            ,28000,144000,-116000,0,0,0,0,0,0,-29000,3000,2000,1000,0,30000,-30000,-145000
054726,台積電日盛97購01,0,0,0,0,0,0,0,0,0,-146000,0,0,0,100000,246000,-146000,-146000
050640,致新國票94購01  ,0,0,0,0,0,0,0,0,0,-146000,0,0,0,0,146000,-146000,-146000
06066P,群創台新98售01  ,0,0,0,0,0,0,0,0,0,-146000,0,0,0,274000,420000,-146000,-146000
054999,玉晶光元富97購03,0,0,0,0,0,0,0,0,0,-147000,0,0,0,53000,200000,-147000,-147000
049301,致新群益95購01  ,0,0,0,0,0,0,0,0,0,-147000,0,0,0,210000,357000,-147000,-147000
2387,精元            ,124000,230000,-106000,0,0,0,0,0,0,-41000,1000,14000,-13000,0,28000,-28000,-147000
045016,創意元大94購01  ,0,0,0,0,0,0,0,0,0,-148000,0,0,0,0,148000,-148000,-148000
049004,聯發科中信96購01,0,0,0,0,0,0,0,0,0,-148000,0,0,0,17000,165000,-148000,-148000
5269,祥碩            ,81000,247000,-166000,0,0,0,53000,20000,33000,-15000,4000,18000,-14000,4000,5000,-1000,-148000
4190,佐登-KY         ,26000,94000,-68000,0,0,0,100000,0,100000,-180000,48000,225000,-177000,1000,4000,-3000,-148000
1519,華城            ,10000,57000,-47000,0,0,0,0,100000,-100000,-1000,0,1000,-1000,0,0,0,-148000
053512,台積電群益96購06,0,0,0,0,0,0,0,0,0,-149000,0,0,0,105000,254000,-149000,-149000
049599,樺漢元大95購01  ,0,0,0,0,0,0,0,0,0,-149000,0,0,0,2000,151000,-149000,-149000
051073,同欣電國票96購01,0,0,0,0,0,0,0,0,0,-149000,0,0,0,36000,185000,-149000,-149000
3036,文曄            ,297000,338000,-41000,0,0,0,0,0,0,-108000,12000,105000,-93000,0,15000,-15000,-149000
055218,彩晶凱基99購01  ,0,0,0,0,0,0,0,0,0,-150000,0,0,0,0,150000,-150000,-150000
055141,牧德永豐98購02  ,0,0,0,0,0,0,0,0,0,-150000,0,0,0,13000,163000,-150000,-150000
05759P,智邦永豐96售02  ,0,0,0,0,0,0,0,0,0,-150000,0,0,0,36000,186000,-150000,-150000
055663,崇越中信97購01  ,0,0,0,0,0,0,0,0,0,-150000,0,0,0,0,150000,-150000,-150000
044994,宏達電國泰93購01,0,0,0,0,0,0,0,0,0,-150000,0,0,0,0,150000,-150000,-150000
03029X,元展26          ,0,0,0,0,0,0,0,0,0,-150000,0,0,0,0,150000,-150000,-150000
050013,淘帝國泰95購01  ,0,0,0,0,0,0,0,0,0,-150000,0,0,0,0,150000,-150000,-150000
048112,宏達電群益93購05,0,0,0,0,0,0,0,0,0,-150000,0,0,0,0,150000,-150000,-150000
04929P,同欣電凱基95售01,0,0,0,0,0,0,0,0,0,-150000,0,0,0,0,150000,-150000,-150000
049361,華通元大94購02  ,0,0,0,0,0,0,0,0,0,-150000,0,0,0,0,150000,-150000,-150000
04905P,國巨國票94售04  ,0,0,0,0,0,0,0,0,0,-150000,0,0,0,0,150000,-150000,-150000
048380,T50反1國票94購02,0,0,0,0,0,0,0,0,0,-150000,0,0,0,0,150000,-150000,-150000
046858,群創元大94購02  ,0,0,0,0,0,0,0,0,0,-150000,0,0,0,20000,170000,-150000,-150000
050895,聯發科元大97購01,0,0,0,0,0,0,0,0,0,-150000,0,0,0,114000,264000,-150000,-150000
051361,泰鼎元大95購01  ,0,0,0,0,0,0,0,0,0,-150000,0,0,0,73000,223000,-150000,-150000
051459,臺股指元大95購19,0,0,0,0,0,0,0,0,0,-150000,0,0,0,0,150000,-150000,-150000
052680,T50反1元大96購04,0,0,0,0,0,0,0,0,0,-150000,0,0,0,299000,449000,-150000,-150000
2426,鼎元            ,34000,163000,-129000,0,0,0,0,0,0,-22000,0,22000,-22000,0,0,0,-151000
6209,今國光          ,88000,225000,-137000,0,0,0,0,0,0,-14000,0,14000,-14000,0,0,0,-151000
054158,國巨日盛99購01  ,0,0,0,0,0,0,0,0,0,-152000,0,0,0,292000,444000,-152000,-152000
044751,鴻海凱基93購08  ,0,0,0,0,0,0,0,0,0,-152000,0,0,0,569000,721000,-152000,-152000
046107,勤誠永豐92購01  ,0,0,0,0,0,0,0,0,0,-152000,0,0,0,90000,242000,-152000,-152000
051524,貿聯凱基95購02  ,0,0,0,0,0,0,0,0,0,-152000,0,0,0,3000,155000,-152000,-152000
051696,新日興中信96購01,0,0,0,0,0,0,0,0,0,-152000,0,0,0,335000,487000,-152000,-152000
050879,樺漢統一95購02  ,0,0,0,0,0,0,0,0,0,-152000,0,0,0,48000,200000,-152000,-152000
050970,康舒永豐95購01  ,0,0,0,0,0,0,0,0,0,-152000,0,0,0,0,152000,-152000,-152000
04639P,臺股指群益94售14,0,0,0,0,0,0,0,0,0,-153000,0,0,0,120000,273000,-153000,-153000
046843,上銀永豐93購01  ,0,0,0,0,0,0,0,0,0,-153000,0,0,0,248000,401000,-153000,-153000
047062,鴻海凱基93購24  ,0,0,0,0,0,0,0,0,0,-153000,0,0,0,670000,823000,-153000,-153000
049128,滬深2X元大97購03,0,0,0,0,0,0,0,0,0,-153000,0,0,0,115000,268000,-153000,-153000
054564,玉晶光群益99購01,0,0,0,0,0,0,0,0,0,-154000,0,0,0,22000,176000,-154000,-154000
04880P,GIS永豐94售02   ,0,0,0,0,0,0,0,0,0,-154000,0,0,0,0,154000,-154000,-154000
2809,京城銀          ,214000,264000,-50000,0,0,0,0,0,0,-104000,0,104000,-104000,0,0,0,-154000
054617,超眾永豐97購01  ,0,0,0,0,0,0,0,0,0,-155000,0,0,0,40000,195000,-155000,-155000
05044P,亞德客永豐95售01,0,0,0,0,0,0,0,0,0,-155000,0,0,0,0,155000,-155000,-155000
053118,大立光中信9C購01,0,0,0,0,0,0,0,0,0,-155000,0,0,0,0,155000,-155000,-155000
053110,大立光兆豐97購01,0,0,0,0,0,0,0,0,0,-155000,0,0,0,0,155000,-155000,-155000
053532,台積電永豐96購03,0,0,0,0,0,0,0,0,0,-156000,0,0,0,790000,946000,-156000,-156000
048277,建準永豐93購02  ,0,0,0,0,0,0,0,0,0,-157000,0,0,0,0,157000,-157000,-157000
06170P,禾伸堂元富97售02,0,0,0,0,0,0,0,0,0,-157000,0,0,0,0,157000,-157000,-157000
06112P,台積電兆豐97售01,0,0,0,0,0,0,0,0,0,-157000,0,0,0,0,157000,-157000,-157000
053951,T50反1台新06購02,0,0,0,0,0,0,0,0,0,-158000,0,0,0,12000,170000,-158000,-158000
05616P,台光電永豐96售01,0,0,0,0,0,0,0,0,0,-158000,0,0,0,0,158000,-158000,-158000
050525,嘉晶元大95購02  ,0,0,0,0,0,0,0,0,0,-158000,0,0,0,119000,277000,-158000,-158000
04919P,聯詠凱基94售05  ,0,0,0,0,0,0,0,0,0,-158000,0,0,0,110000,268000,-158000,-158000
051178,大立光凱基95購10,0,0,0,0,0,0,0,0,0,-158000,0,0,0,120000,278000,-158000,-158000
3003,健和興          ,34000,35000,-1000,0,0,0,0,144000,-144000,-13000,0,13000,-13000,0,0,0,-158000
045414,康控群益94購02  ,0,0,0,0,0,0,0,0,0,-159000,0,0,0,30000,189000,-159000,-159000
051451,世芯元大95購03  ,0,0,0,0,0,0,0,0,0,-159000,0,0,0,97000,256000,-159000,-159000
055451,台積電元富97購02,0,0,0,0,0,0,0,0,0,-160000,0,0,0,0,160000,-160000,-160000
054332,世芯永豐97購01  ,0,0,0,0,0,0,0,0,0,-160000,0,0,0,62000,222000,-160000,-160000
049022,聯詠群益94購01  ,0,0,0,0,0,0,0,0,0,-160000,0,0,0,5000,165000,-160000,-160000
048495,南亞科元大93購04,0,0,0,0,0,0,0,0,0,-160000,0,0,0,56000,216000,-160000,-160000
049644,台積電凱基94購21,0,0,0,0,0,0,0,0,0,-160000,0,0,0,19000,179000,-160000,-160000
05841P,華通元大96售04  ,0,0,0,0,0,0,0,0,0,-160000,0,0,0,156000,316000,-160000,-160000
08602P,台灣50凱基96售04,0,0,0,0,0,0,0,0,0,-160000,0,0,0,60000,220000,-160000,-160000
054094,創意群益96購02  ,0,0,0,0,0,0,0,0,0,-161000,0,0,0,8000,169000,-161000,-161000
053513,義隆群益96購05  ,0,0,0,0,0,0,0,0,0,-161000,0,0,0,129000,290000,-161000,-161000
05984P,台積電統一98售01,0,0,0,0,0,0,0,0,0,-161000,0,0,0,6000,167000,-161000,-161000
9940,信義            ,33000,155000,-122000,0,0,0,0,0,0,-39000,17000,56000,-39000,0,0,0,-161000
053992,中環群益96購01  ,0,0,0,0,0,0,0,0,0,-162000,0,0,0,22000,184000,-162000,-162000
055247,聯發科統一98購01,0,0,0,0,0,0,0,0,0,-162000,0,0,0,70000,232000,-162000,-162000
054798,超眾群益97購01  ,0,0,0,0,0,0,0,0,0,-162000,0,0,0,57000,219000,-162000,-162000
044195,台積電國票91購03,0,0,0,0,0,0,0,0,0,-162000,0,0,0,0,162000,-162000,-162000
06155P,智邦統一97售02  ,0,0,0,0,0,0,0,0,0,-162000,0,0,0,146000,308000,-162000,-162000
2015,豐興            ,11000,103000,-92000,0,0,0,0,0,0,-70000,0,70000,-70000,0,0,0,-162000
05599P,欣興台新96售01  ,0,0,0,0,0,0,0,0,0,-163000,0,0,0,0,163000,-163000,-163000
053942,超眾國泰96購02  ,0,0,0,0,0,0,0,0,0,-163000,0,0,0,135000,298000,-163000,-163000
049813,康控元大96購02  ,0,0,0,0,0,0,0,0,0,-163000,0,0,0,7000,170000,-163000,-163000
047086,群創統一93購03  ,0,0,0,0,0,0,0,0,0,-163000,0,0,0,47000,210000,-163000,-163000
048439,上銀凱基93購09  ,0,0,0,0,0,0,0,0,0,-163000,0,0,0,68000,231000,-163000,-163000
049054,禾伸堂永豐94購01,0,0,0,0,0,0,0,0,0,-163000,0,0,0,108000,271000,-163000,-163000
6412,群電            ,639000,772000,-133000,0,0,0,0,0,0,-30000,0,28000,-28000,0,2000,-2000,-163000
054506,矽格永豐96購01  ,0,0,0,0,0,0,0,0,0,-164000,0,0,0,103000,267000,-164000,-164000
06045P,臺股指永豐96售03,0,0,0,0,0,0,0,0,0,-164000,0,0,0,0,164000,-164000,-164000
044620,上銀元大92購04  ,0,0,0,0,0,0,0,0,0,-165000,0,0,0,366000,531000,-165000,-165000
04869P,鴻海元富95售02  ,0,0,0,0,0,0,0,0,0,-165000,0,0,0,20000,185000,-165000,-165000
046855,嘉晶元大94購01  ,0,0,0,0,0,0,0,0,0,-165000,0,0,0,12000,177000,-165000,-165000
050801,元金2X群益98購01,0,0,0,0,0,0,0,0,0,-165000,0,0,0,10000,175000,-165000,-165000
053298,SP黃豆凱基99購01,0,0,0,0,0,0,0,0,0,-165000,0,0,0,0,165000,-165000,-165000
3056,總太            ,24000,189000,-165000,0,0,0,0,0,0,0,0,0,0,0,0,0,-165000
2340,光磊            ,224000,218000,6000,0,0,0,0,0,0,-171000,20000,8000,12000,98000,281000,-183000,-165000
053950,緯穎富邦97購02  ,0,0,0,0,0,0,0,0,0,-166000,0,0,0,4000,170000,-166000,-166000
055207,致新中信99購01  ,0,0,0,0,0,0,0,0,0,-166000,0,0,0,100000,266000,-166000,-166000
051582,聯發科元大97購02,0,0,0,0,0,0,0,0,0,-166000,0,0,0,281000,447000,-166000,-166000
051354,聯發科元大95購09,0,0,0,0,0,0,0,0,0,-166000,0,0,0,46000,212000,-166000,-166000
2547,日勝生          ,23000,203000,-180000,0,0,0,0,0,0,14000,14000,0,14000,0,0,0,-166000
05491P,茂林元大95售04  ,0,0,0,0,0,0,0,0,0,-167000,0,0,0,562000,729000,-167000,-167000
054103,T50反1凱基99購04,0,0,0,0,0,0,0,0,0,-167000,0,0,0,1000,168000,-167000,-167000
054116,順德康和96購01  ,0,0,0,0,0,0,0,0,0,-167000,0,0,0,54000,221000,-167000,-167000
049212,T50反1國票94購04,0,0,0,0,0,0,0,0,0,-167000,0,0,0,751000,918000,-167000,-167000
047885,元金2X富邦99購01,0,0,0,0,0,0,0,0,0,-167000,0,0,0,20000,187000,-167000,-167000
046574,泰鼎國泰94購01  ,0,0,0,0,0,0,0,0,0,-168000,0,0,0,62000,230000,-168000,-168000
051439,川湖元大95購01  ,0,0,0,0,0,0,0,0,0,-168000,0,0,0,0,168000,-168000,-168000
053500,新日興兆豐97購01,0,0,0,0,0,0,0,0,0,-169000,0,0,0,19000,188000,-169000,-169000
055107,旺宏凱基98購04  ,0,0,0,0,0,0,0,0,0,-170000,0,0,0,10000,180000,-170000,-170000
045685,康控元大95購01  ,0,0,0,0,0,0,0,0,0,-170000,0,0,0,10000,180000,-170000,-170000
046775,聯發科台新93購01,0,0,0,0,0,0,0,0,0,-170000,0,0,0,51000,221000,-170000,-170000
04219P,鴻海兆豐93售02  ,0,0,0,0,0,0,0,0,0,-170000,0,0,0,0,170000,-170000,-170000
049216,華邦電國票95購01,0,0,0,0,0,0,0,0,0,-170000,0,0,0,230000,400000,-170000,-170000
048313,南亞科凱基93購06,0,0,0,0,0,0,0,0,0,-170000,0,0,0,0,170000,-170000,-170000
050568,為升中信97購01  ,0,0,0,0,0,0,0,0,0,-170000,0,0,0,0,170000,-170000,-170000
052067,中磊兆豐96購01  ,0,0,0,0,0,0,0,0,0,-170000,0,0,0,0,170000,-170000,-170000
051475,宏碁凱基95購02  ,0,0,0,0,0,0,0,0,0,-171000,0,0,0,1000,172000,-171000,-171000
055742,健策元富97購02  ,0,0,0,0,0,0,0,0,0,-172000,0,0,0,0,172000,-172000,-172000
046836,聯茂群益93購01  ,0,0,0,0,0,0,0,0,0,-172000,0,0,0,0,172000,-172000,-172000
047726,友達群益94購02  ,0,0,0,0,0,0,0,0,0,-172000,0,0,0,228000,400000,-172000,-172000
051211,道瓊反統一95購01,0,0,0,0,0,0,0,0,0,-172000,0,0,0,0,172000,-172000,-172000
055460,華擎永豐97購01  ,0,0,0,0,0,0,0,0,0,-173000,0,0,0,0,173000,-173000,-173000
055501,創意元大97購01  ,0,0,0,0,0,0,0,0,0,-173000,0,0,0,234000,407000,-173000,-173000
053894,創意群益96購01  ,0,0,0,0,0,0,0,0,0,-173000,0,0,0,14000,187000,-173000,-173000
046241,聯發科中信94購02,0,0,0,0,0,0,0,0,0,-173000,0,0,0,172000,345000,-173000,-173000
046829,義隆群益93購01  ,0,0,0,0,0,0,0,0,0,-173000,0,0,0,43000,216000,-173000,-173000
052316,台積電元大96購10,0,0,0,0,0,0,0,0,0,-173000,0,0,0,419000,592000,-173000,-173000
053267,華新科群益96購02,0,0,0,0,0,0,0,0,0,-173000,0,0,0,37000,210000,-173000,-173000
05323P,瑞昱凱基96售02  ,0,0,0,0,0,0,0,0,0,-173000,0,0,0,0,173000,-173000,-173000
051786,A50正2國票95購02,0,0,0,0,0,0,0,0,0,-175000,0,0,0,0,175000,-175000,-175000
6202,盛群            ,13000,173000,-160000,0,0,0,0,0,0,-15000,0,15000,-15000,0,0,0,-175000
055444,致新台新97購01  ,0,0,0,0,0,0,0,0,0,-176000,0,0,0,27000,203000,-176000,-176000
054699,復盛永豐97購01  ,0,0,0,0,0,0,0,0,0,-176000,0,0,0,66000,242000,-176000,-176000
042280,元石油富邦96購01,0,0,0,0,0,0,0,0,0,-176000,0,0,0,0,176000,-176000,-176000
047587,義隆永豐93購02  ,0,0,0,0,0,0,0,0,0,-176000,0,0,0,81000,257000,-176000,-176000
047972,康控富邦95購01  ,0,0,0,0,0,0,0,0,0,-176000,0,0,0,24000,200000,-176000,-176000
052453,崇越元大95購01  ,0,0,0,0,0,0,0,0,0,-176000,0,0,0,53000,229000,-176000,-176000
2006,東和鋼鐵        ,31000,85000,-54000,0,0,0,0,0,0,-122000,0,122000,-122000,0,0,0,-176000
05779P,台積電統一96售06,0,0,0,0,0,0,0,0,0,-177000,0,0,0,136000,313000,-177000,-177000
03364P,金像電元大02售05,0,0,0,0,0,0,0,0,0,-177000,0,0,0,40000,217000,-177000,-177000
052449,創意元大95購04  ,0,0,0,0,0,0,0,0,0,-177000,0,0,0,0,177000,-177000,-177000
2367,燿華            ,746000,661000,85000,0,0,0,0,0,0,-262000,0,50000,-50000,15000,227000,-212000,-177000
054414,全新元大97購02  ,0,0,0,0,0,0,0,0,0,-178000,0,0,0,0,178000,-178000,-178000
03984P,上銀群益93售05  ,0,0,0,0,0,0,0,0,0,-178000,0,0,0,32000,210000,-178000,-178000
044039,康控群益93購01  ,0,0,0,0,0,0,0,0,0,-178000,0,0,0,0,178000,-178000,-178000
1590,亞德客-KY       ,603705,806000,-202295,0,0,0,49000,166,48834,-25000,2000,21000,-19000,6000,12000,-6000,-178461
051614,元金2X凱基97購01,0,0,0,0,0,0,0,0,0,-179000,0,0,0,35000,214000,-179000,-179000
5519,隆大            ,17000,195000,-178000,0,0,0,0,0,0,-1000,0,1000,-1000,0,0,0,-179000
2461,光群雷          ,61000,238000,-177000,0,0,0,0,0,0,-3000,0,3000,-3000,0,0,0,-180000
047559,彩晶凱基94購03  ,0,0,0,0,0,0,0,0,0,-181000,0,0,0,20000,201000,-181000,-181000
055187,彩晶統一98購01  ,0,0,0,0,0,0,0,0,0,-182000,0,0,0,30000,212000,-182000,-182000
046158,聯發科群益92購02,0,0,0,0,0,0,0,0,0,-182000,0,0,0,123000,305000,-182000,-182000
047513,嘉晶國票93購03  ,0,0,0,0,0,0,0,0,0,-182000,0,0,0,8000,190000,-182000,-182000
050533,致新元大94購03  ,0,0,0,0,0,0,0,0,0,-182000,0,0,0,164000,346000,-182000,-182000
051473,台積電凱基95購10,0,0,0,0,0,0,0,0,0,-182000,0,0,0,21000,203000,-182000,-182000
041973,台灣50中信94購01,0,0,0,0,0,0,0,0,0,-183000,0,0,0,231000,414000,-183000,-183000
2881,富邦金          ,7469996,6662117,807879,0,0,0,120000,240500,-120500,-871000,58000,513000,-455000,40000,456000,-416000,-183621
006208,富邦台50        ,0,1000,-1000,0,0,0,0,0,0,-182708,0,0,0,785000,967708,-182708,-183708
055576,嘉晶統一98購01  ,0,0,0,0,0,0,0,0,0,-184000,0,0,0,0,184000,-184000,-184000
049918,宏達電元大94購01,0,0,0,0,0,0,0,0,0,-184000,0,0,0,28000,212000,-184000,-184000
2897,王道銀行        ,47000,14000,33000,0,0,0,0,0,0,-217000,3000,220000,-217000,0,0,0,-184000
6213,聯茂            ,509759,648000,-138241,0,0,0,232000,10000,222000,-268000,143000,99000,44000,9000,321000,-312000,-184241
054708,華通統一97購02  ,0,0,0,0,0,0,0,0,0,-185000,0,0,0,68000,253000,-185000,-185000
044290,群創凱基93購05  ,0,0,0,0,0,0,0,0,0,-185000,0,0,0,320000,505000,-185000,-185000
03767P,瑞昱元大93售05  ,0,0,0,0,0,0,0,0,0,-185000,0,0,0,0,185000,-185000,-185000
051284,上銀統一95購02  ,1000,0,1000,0,0,0,0,0,0,-186000,0,0,0,3000,189000,-186000,-185000
052163,康舒永豐95購02  ,0,0,0,0,0,0,0,0,0,-185000,0,0,0,429000,614000,-185000,-185000
052915,創意元富96購01  ,0,0,0,0,0,0,0,0,0,-186000,0,0,0,60000,246000,-186000,-186000
046625,勤誠凱基93購01  ,0,0,0,0,0,0,0,0,0,-187000,0,0,0,21000,208000,-187000,-187000
048017,美利達國票93購01,0,0,0,0,0,0,0,0,0,-188000,0,0,0,30000,218000,-188000,-188000
03088P,大立光元大01售17,0,0,0,0,0,0,0,0,0,-188000,0,0,0,0,188000,-188000,-188000
052177,京鼎元大95購02  ,0,0,0,0,0,0,0,0,0,-188000,0,0,0,630000,818000,-188000,-188000
051072,強茂國票95購02  ,0,0,0,0,0,0,0,0,0,-188000,0,0,0,70000,258000,-188000,-188000
03413B,臺股指凱基94熊19,0,0,0,0,0,0,0,0,0,-189000,0,0,0,147000,336000,-189000,-189000
049597,泰鼎元大96購01  ,0,0,0,0,0,0,0,0,0,-189000,0,0,0,238000,427000,-189000,-189000
052909,上銀統一96購01  ,0,0,0,0,0,0,0,0,0,-189000,0,0,0,48000,237000,-189000,-189000
055711,上銀元大97購04  ,0,0,0,0,0,0,0,0,0,-190000,0,0,0,242000,432000,-190000,-190000
054202,樺漢富邦97購01  ,0,0,0,0,0,0,0,0,0,-190000,0,0,0,0,190000,-190000,-190000
047892,康控兆豐94購01  ,0,0,0,0,0,0,0,0,0,-190000,0,0,0,0,190000,-190000,-190000
052000,鈺齊元大95購03  ,0,0,0,0,0,0,0,0,0,-190000,0,0,0,553000,743000,-190000,-190000
051928,大立光中信96購03,0,0,0,0,0,0,0,0,0,-190000,0,0,0,50000,240000,-190000,-190000
2034,允強            ,18000,208000,-190000,0,0,0,0,0,0,0,0,0,0,0,0,0,-190000
055133,致新康和97購01  ,0,0,0,0,0,0,0,0,0,-191000,0,0,0,142000,333000,-191000,-191000
00635U,元大S&P黃金     ,14000,28000,-14000,0,0,0,0,0,0,-177000,0,0,0,94000,271000,-177000,-191000
049285,宏碁兆豐94購01  ,0,0,0,0,0,0,0,0,0,-191000,0,0,0,0,191000,-191000,-191000
052814,上証2X永豐96購02,0,0,0,0,0,0,0,0,0,-191000,0,0,0,14000,205000,-191000,-191000
051185,強茂永豐95購03  ,0,0,0,0,0,0,0,0,0,-192000,0,0,0,49000,241000,-192000,-192000
051017,聯發科凱基95購04,0,0,0,0,0,0,0,0,0,-192000,0,0,0,60000,252000,-192000,-192000
048809,創意亞東94購01  ,0,0,0,0,0,0,0,0,0,-193000,0,0,0,0,193000,-193000,-193000
048352,嘉澤台新93購01  ,0,0,0,0,0,0,0,0,0,-193000,0,0,0,0,193000,-193000,-193000
053130,聯發科麥證96購01,0,0,0,162000,355000,-193000,0,0,0,-193000,0,0,0,162000,355000,-193000,-193000
044666,創意國泰93購01  ,0,0,0,0,0,0,0,0,0,-194000,0,0,0,5000,199000,-194000,-194000
053076,貿聯永豐96購01  ,0,0,0,0,0,0,0,0,0,-194000,0,0,0,2000,196000,-194000,-194000
055006,晶相光元富9A購01,0,0,0,0,0,0,0,0,0,-195000,0,0,0,163000,358000,-195000,-195000
054709,宏達電統一97購01,0,0,0,0,0,0,0,0,0,-195000,0,0,0,0,195000,-195000,-195000
054683,川湖永豐97購01  ,0,0,0,0,0,0,0,0,0,-195000,0,0,0,0,195000,-195000,-195000
054132,聯發科元大97購10,0,0,0,0,0,0,0,0,0,-195000,0,0,0,452000,647000,-195000,-195000
050137,臺指反國票96購01,0,0,0,0,0,0,0,0,0,-195000,0,0,0,0,195000,-195000,-195000
051410,京元電國票96購01,0,0,0,0,0,0,0,0,0,-195000,0,0,0,175000,370000,-195000,-195000
053847,美律元富96購02  ,0,0,0,0,0,0,0,0,0,-196000,0,0,0,284000,480000,-196000,-196000
055422,康控永豐97購01  ,0,0,0,0,0,0,0,0,0,-196000,0,0,0,30000,226000,-196000,-196000
050005,京鼎永豐94購01  ,0,0,0,0,0,0,0,0,0,-196000,0,0,0,236000,432000,-196000,-196000
048645,創意元大94購02  ,0,0,0,0,0,0,0,0,0,-196000,0,0,0,79000,275000,-196000,-196000
048898,晶相光國泰96購01,0,0,0,0,0,0,0,0,0,-196000,0,0,0,170000,366000,-196000,-196000
05767P,國巨凱基96售11  ,0,0,0,0,0,0,0,0,0,-197000,0,0,0,643000,840000,-197000,-197000
055047,南港永豐97購01  ,0,0,0,0,0,0,0,0,0,-197000,0,0,0,315000,512000,-197000,-197000
049159,同欣電中信96購01,0,0,0,0,0,0,0,0,0,-197000,0,0,0,267000,464000,-197000,-197000
047910,全新麥證94購01  ,0,0,0,105000,302000,-197000,0,0,0,-197000,0,0,0,105000,302000,-197000,-197000
053279,景碩元大97購01  ,0,0,0,0,0,0,0,0,0,-197000,0,0,0,88000,285000,-197000,-197000
055399,超眾統一99購01  ,0,0,0,0,0,0,0,0,0,-198000,0,0,0,5000,203000,-198000,-198000
050680,上銀元富94購01  ,0,0,0,0,0,0,0,0,0,-198000,0,0,0,376000,574000,-198000,-198000
06070P,漢唐永豐97售01  ,0,0,0,0,0,0,0,0,0,-198000,0,0,0,0,198000,-198000,-198000
049959,創意統一95購02  ,0,0,0,0,0,0,0,0,0,-199000,0,0,0,6000,205000,-199000,-199000
043481,華新群益93購01  ,0,0,0,0,0,0,0,0,0,-199000,0,0,0,0,199000,-199000,-199000
043156,大立光統一94購01,0,0,0,0,0,0,0,0,0,-199000,0,0,0,57000,256000,-199000,-199000
051113,聯電元富95購01  ,0,0,0,0,0,0,0,0,0,-199000,0,0,0,141000,340000,-199000,-199000
052702,群創國票97購03  ,0,0,0,0,0,0,0,0,0,-199000,0,0,0,0,199000,-199000,-199000
055649,華新科元富97購03,0,0,0,0,0,0,0,0,0,-200000,0,0,0,0,200000,-200000,-200000
055241,T50反1統一99購01,0,0,0,0,0,0,0,0,0,-200000,0,0,0,0,200000,-200000,-200000
054144,康控元大97購02  ,0,0,0,0,0,0,0,0,0,-200000,0,0,0,0,200000,-200000,-200000
044104,鴻海中信95購03  ,0,0,0,0,0,0,0,0,0,-200000,0,0,0,0,200000,-200000,-200000
04363P,儒鴻元富94售01  ,0,0,0,0,0,0,0,0,0,-200000,0,0,0,0,200000,-200000,-200000
03800P,景碩元大93售01  ,0,0,0,0,0,0,0,0,0,-200000,0,0,0,0,200000,-200000,-200000
04729P,臺股指中信96售01,0,0,0,0,0,0,0,0,0,-200000,0,0,0,0,200000,-200000,-200000
044768,深中小元大94購02,0,0,0,0,0,0,0,0,0,-200000,0,0,0,0,200000,-200000,-200000
04522P,卜蜂凱基94售02  ,0,0,0,0,0,0,0,0,0,-200000,0,0,0,0,200000,-200000,-200000
04874P,高股息中信97售01,0,0,0,0,0,0,0,0,0,-200000,0,0,0,0,200000,-200000,-200000
048840,上海銀凱基94購02,0,0,0,0,0,0,0,0,0,-200000,0,0,0,0,200000,-200000,-200000
049035,中環兆豐94購01  ,0,0,0,0,0,0,0,0,0,-200000,0,0,0,0,200000,-200000,-200000
048212,美利達日盛93購01,0,0,0,0,0,0,0,0,0,-200000,0,0,0,0,200000,-200000,-200000
048628,T50反1元大96購03,0,0,0,0,0,0,0,0,0,-200000,0,0,0,0,200000,-200000,-200000
050542,宏碁凱基95購01  ,0,0,0,0,0,0,0,0,0,-200000,0,0,0,40000,240000,-200000,-200000
047662,東陽永豐93購01  ,0,0,0,0,0,0,0,0,0,-200000,0,0,0,0,200000,-200000,-200000
05254P,瑞昱凱基95售04  ,0,0,0,0,0,0,0,0,0,-200000,0,0,0,50000,250000,-200000,-200000
2404,漢唐            ,316000,305000,11000,0,0,0,0,0,0,-211000,19000,35000,-16000,6000,201000,-195000,-200000
053635,技嘉永豐96購01  ,0,0,0,0,0,0,0,0,0,-201000,0,0,0,17000,218000,-201000,-201000
05587P,鴻海凱基96售12  ,0,0,0,0,0,0,0,0,0,-201000,0,0,0,0,201000,-201000,-201000
050415,力成永豐94購01  ,0,0,0,0,0,0,0,0,0,-201000,0,0,0,164000,365000,-201000,-201000
047342,T50反1中信99購01,0,0,0,0,0,0,0,0,0,-201000,0,0,0,1000,202000,-201000,-201000
052482,茂林群益95購01  ,0,0,0,0,0,0,0,0,0,-201000,0,0,0,13000,214000,-201000,-201000
04479P,同欣電中信96售02,0,0,0,0,0,0,0,0,0,-202000,0,0,0,0,202000,-202000,-202000
050030,嘉晶元大94購03  ,0,0,0,0,0,0,0,0,0,-202000,0,0,0,71000,273000,-202000,-202000
050743,京鼎永豐94購02  ,0,0,0,0,0,0,0,0,0,-202000,0,0,0,1653000,1855000,-202000,-202000
05891P,聯發科中信98售03,0,0,0,0,0,0,0,0,0,-202000,0,0,0,29000,231000,-202000,-202000
055200,和大群益98購01  ,0,0,0,0,0,0,0,0,0,-203000,0,0,0,202000,405000,-203000,-203000
05501P,健策國票97售01  ,0,0,0,0,0,0,0,0,0,-203000,0,0,0,200000,403000,-203000,-203000
055624,聯發科富邦99購07,0,0,0,0,0,0,0,0,0,-204000,0,0,0,11000,215000,-204000,-204000
046296,上銀元富92購01  ,0,0,0,0,0,0,0,0,0,-204000,0,0,0,90000,294000,-204000,-204000
03721P,卜蜂元大93售01  ,0,0,0,0,0,0,0,0,0,-204000,0,0,0,0,204000,-204000,-204000
03438P,群創群益98售03  ,0,0,0,0,0,0,0,0,0,-204000,0,0,0,0,204000,-204000,-204000
044487,元油2X元大94購01,0,0,0,0,0,0,0,0,0,-204000,0,0,0,0,204000,-204000,-204000
049739,大立光群益94購05,0,0,0,0,0,0,0,0,0,-204000,0,0,0,14000,218000,-204000,-204000
049354,致新永豐94購01  ,0,0,0,0,0,0,0,0,0,-204000,0,0,0,0,204000,-204000,-204000
05551P,電子類元大96售01,0,0,0,0,0,0,0,0,0,-205000,0,0,0,20000,225000,-205000,-205000
054663,同欣電元大97購03,0,0,0,0,0,0,0,0,0,-205000,0,0,0,142000,347000,-205000,-205000
053430,樺漢永豐96購01  ,0,0,0,0,0,0,0,0,0,-205000,0,0,0,93000,298000,-205000,-205000
054354,技嘉富邦97購01  ,0,0,0,0,0,0,0,0,0,-205000,0,0,0,0,205000,-205000,-205000
050100,台積電永昌96購02,0,0,0,0,0,0,0,0,0,-205000,0,0,0,1449000,1654000,-205000,-205000
06106P,國巨群益97售02  ,0,0,0,0,0,0,0,0,0,-205000,0,0,0,34000,239000,-205000,-205000
053366,樺漢國泰98購01  ,0,0,0,0,0,0,0,0,0,-206000,0,0,0,266000,472000,-206000,-206000
054532,強茂國泰98購01  ,0,0,0,0,0,0,0,0,0,-207000,0,0,0,24000,231000,-207000,-207000
046315,淘帝元大92購01  ,0,0,0,0,0,0,0,0,0,-207000,0,0,0,0,207000,-207000,-207000
054534,台積電富邦98購03,0,0,0,0,0,0,0,0,0,-208000,0,0,0,262000,470000,-208000,-208000
053547,台積電凱基96購14,0,0,0,0,0,0,0,0,0,-208000,0,0,0,0,208000,-208000,-208000
053083,中環元大99購01  ,0,0,0,0,0,0,0,0,0,-208000,0,0,0,2000,210000,-208000,-208000
052829,上銀群益96購01  ,0,0,0,0,0,0,0,0,0,-208000,0,0,0,98000,306000,-208000,-208000
8016,矽創            ,128000,61000,67000,0,0,0,0,109000,-109000,-166000,1000,10000,-9000,0,157000,-157000,-208000
053496,義隆兆豐96購02  ,0,0,0,0,0,0,0,0,0,-209000,0,0,0,155000,364000,-209000,-209000
054624,台積電凱基98購03,0,0,0,0,0,0,0,0,0,-209000,0,0,0,133000,342000,-209000,-209000
046568,臻鼎元富95購01  ,0,0,0,0,0,0,0,0,0,-209000,0,0,0,0,209000,-209000,-209000
05306P,泰碩國泰97售01  ,0,0,0,0,0,0,0,0,0,-209000,0,0,0,56000,265000,-209000,-209000
052538,和大統一95購02  ,0,0,0,0,0,0,0,0,0,-209000,0,0,0,270000,479000,-209000,-209000
06036P,台表科凱基96售04,0,0,0,0,0,0,0,0,0,-210000,0,0,0,15000,225000,-210000,-210000
006205,富邦上証        ,897000,0,897000,0,0,0,0,0,0,-1107475,10000,510000,-500000,2374525,2982000,-607475,-210475
03987P,亞光群益93售02  ,0,0,0,0,0,0,0,0,0,-211000,0,0,0,10000,221000,-211000,-211000
055431,和鑫群益98購01  ,0,0,0,0,0,0,0,0,0,-213000,0,0,0,33000,246000,-213000,-213000
05713P,大立光統一96售05,0,0,0,0,0,0,0,0,0,-213000,0,0,0,10000,223000,-213000,-213000
051750,華通富邦96購01  ,0,0,0,0,0,0,0,0,0,-213000,0,0,0,0,213000,-213000,-213000
054330,世芯永豐96購02  ,0,0,0,0,0,0,0,0,0,-215000,0,0,0,50000,265000,-215000,-215000
05375P,健策國票96售02  ,0,0,0,0,0,0,0,0,0,-215000,0,0,0,1000,216000,-215000,-215000
049810,欣興元大95購03  ,0,0,0,0,0,0,0,0,0,-215000,0,0,0,100000,315000,-215000,-215000
048437,義隆麥證93購01  ,0,0,0,40000,255000,-215000,0,0,0,-215000,0,0,0,40000,255000,-215000,-215000
054032,上銀中信96購01  ,0,0,0,0,0,0,0,0,0,-216000,0,0,0,21000,237000,-216000,-216000
048066,樺漢統一93購01  ,0,0,0,0,0,0,0,0,0,-216000,0,0,0,154000,370000,-216000,-216000
04979P,臺股指凱基96售07,0,0,0,0,0,0,0,0,0,-216000,0,0,0,4000,220000,-216000,-216000
051330,宏碁永豐95購01  ,0,0,0,0,0,0,0,0,0,-216000,0,0,0,0,216000,-216000,-216000
06156P,大立光統一97售05,0,0,0,0,0,0,0,0,0,-216000,0,0,0,62000,278000,-216000,-216000
1909,榮成            ,574000,828000,-254000,0,0,0,0,0,0,38000,277000,239000,38000,0,0,0,-216000
046770,聯發科國泰94購01,0,0,0,0,0,0,0,0,0,-217000,0,0,0,143000,360000,-217000,-217000
04894P,世紀鋼元大94售02,0,0,0,0,0,0,0,0,0,-217000,0,0,0,0,217000,-217000,-217000
04213P,台光電凱基93售11,0,0,0,0,0,0,0,0,0,-218000,0,0,0,0,218000,-218000,-218000
04916P,大立光永昌96售02,0,0,0,0,0,0,0,0,0,-218000,0,0,0,0,218000,-218000,-218000
054935,華通元大98購03  ,0,0,0,0,0,0,0,0,0,-219000,0,0,0,57000,276000,-219000,-219000
00638R,元大滬深300反1  ,52000,0,52000,0,0,0,0,0,0,-271000,0,0,0,79000,350000,-271000,-219000
051218,聯發科元富9B購02,0,0,0,0,0,0,0,0,0,-219000,0,0,0,0,219000,-219000,-219000
046162,致新群益92購01  ,0,0,0,0,0,0,0,0,0,-220000,0,0,0,73000,293000,-220000,-220000
049825,台積電凱基94購26,0,0,0,0,0,0,0,0,0,-221000,0,0,0,14000,235000,-221000,-221000
3596,智易            ,91180,224000,-132820,0,0,0,0,0,0,-89000,40000,47000,-7000,14000,96000,-82000,-221820
048007,明基材元大96購01,0,0,0,0,0,0,0,0,0,-222000,0,0,0,0,222000,-222000,-222000
053217,群創凱基99購02  ,0,0,0,0,0,0,0,0,0,-222000,0,0,0,78000,300000,-222000,-222000
1229,聯華            ,97000,220000,-123000,0,0,0,0,0,0,-99000,1000,100000,-99000,0,0,0,-222000
052270,力成日盛95購01  ,0,0,0,0,0,0,0,0,0,-223000,0,0,0,69000,292000,-223000,-223000
047772,泰鼎元大93購05  ,0,0,0,0,0,0,0,0,0,-224000,0,0,0,10000,234000,-224000,-224000
04605P,台積電兆豐94售03,0,0,0,0,0,0,0,0,0,-225000,0,0,0,0,225000,-225000,-225000
051005,緯創中信95購02  ,0,0,0,0,0,0,0,0,0,-225000,0,0,0,0,225000,-225000,-225000
9188,精熙-DR         ,0,225000,-225000,0,0,0,0,0,0,0,0,0,0,0,0,0,-225000
053821,群創群益98購08  ,0,0,0,0,0,0,0,0,0,-226000,0,0,0,15000,241000,-226000,-226000
03025P,國巨元大01售12  ,0,0,0,0,0,0,0,0,0,-226000,0,0,0,26000,252000,-226000,-226000
06091P,華新科統一97售01,0,0,0,0,0,0,0,0,0,-226000,0,0,0,49000,275000,-226000,-226000
055503,健策元大98購05  ,0,0,0,0,0,0,0,0,0,-227000,0,0,0,35000,262000,-227000,-227000
050478,致新永豐94購02  ,0,0,0,0,0,0,0,0,0,-227000,0,0,0,0,227000,-227000,-227000
052849,可成統一97購01  ,0,0,0,0,0,0,0,0,0,-227000,0,0,0,62000,289000,-227000,-227000
2723,美食-KY         ,29000,148000,-119000,0,0,0,0,0,0,-108000,1000,49000,-48000,5000,65000,-60000,-227000
054153,宏達電國泰97購01,0,0,0,0,0,0,0,0,0,-228000,0,0,0,8000,236000,-228000,-228000
05303P,華通國泰97售01  ,0,0,0,0,0,0,0,0,0,-228000,0,0,0,79000,307000,-228000,-228000
050647,聯發科凱基96購01,0,0,0,0,0,0,0,0,0,-228000,0,0,0,122000,350000,-228000,-228000
052797,樺漢兆豐96購01  ,0,0,0,0,0,0,0,0,0,-229000,0,0,0,238000,467000,-229000,-229000
054556,世芯凱基99購01  ,0,0,0,0,0,0,0,0,0,-230000,0,0,0,4000,234000,-230000,-230000
044496,群創元大93購02  ,0,0,0,0,0,0,0,0,0,-230000,0,0,0,160000,390000,-230000,-230000
048319,嘉晶凱基93購04  ,0,0,0,0,0,0,0,0,0,-230000,0,0,0,0,230000,-230000,-230000
049178,宏達電凱基94購02,0,0,0,0,0,0,0,0,0,-230000,0,0,0,0,230000,-230000,-230000
052321,華擎元大95購01  ,0,0,0,0,0,0,0,0,0,-230000,0,0,0,10000,240000,-230000,-230000
048875,晶相光國票94購01,0,0,0,0,0,0,0,0,0,-231000,0,0,0,50000,281000,-231000,-231000
054461,台積電凱基97購09,0,0,0,0,0,0,0,0,0,-232000,0,0,0,42000,274000,-232000,-232000
050393,樺漢統一94購01  ,0,0,0,0,0,0,0,0,0,-232000,0,0,0,398000,630000,-232000,-232000
8163,達方            ,208000,227000,-19000,0,0,0,0,0,0,-213000,0,73000,-73000,0,140000,-140000,-232000
054345,世芯國票96購02  ,0,0,0,0,0,0,0,0,0,-233000,0,0,0,392000,625000,-233000,-233000
055156,華新科元大99購02,0,0,0,0,0,0,0,0,0,-233000,0,0,0,32000,265000,-233000,-233000
045324,嘉晶統一92購01  ,0,0,0,0,0,0,0,0,0,-233000,0,0,0,10000,243000,-233000,-233000
045005,上銀元大92購05  ,0,0,0,0,0,0,0,0,0,-234000,0,0,0,8000,242000,-234000,-234000
054457,強茂群益96購01  ,0,0,0,0,0,0,0,0,0,-235000,0,0,0,0,235000,-235000,-235000
054623,華新科第一97購01,0,0,0,0,0,0,0,0,0,-235000,0,0,0,432000,667000,-235000,-235000
03418B,臺股指元大95熊20,0,0,0,0,0,0,0,0,0,-235000,0,0,0,113000,348000,-235000,-235000
9945,潤泰新          ,340368,406000,-65632,0,0,0,0,0,0,-170000,0,170000,-170000,0,0,0,-235632
053980,泰鼎元大97購02  ,0,0,0,0,0,0,0,0,0,-236000,0,0,0,100000,336000,-236000,-236000
047620,貿聯凱基93購01  ,0,0,0,0,0,0,0,0,0,-236000,0,0,0,80000,316000,-236000,-236000
1210,大成            ,344000,558000,-214000,0,0,0,0,0,0,-22000,48000,70000,-22000,0,0,0,-236000
049848,聯發科群益94購06,0,0,0,0,0,0,0,0,0,-237000,0,0,0,203000,440000,-237000,-237000
06048P,大立光富邦96售05,0,0,0,0,0,0,0,0,0,-237000,0,0,0,0,237000,-237000,-237000
053449,超眾凱基98購01  ,0,0,0,0,0,0,0,0,0,-238000,0,0,0,5000,243000,-238000,-238000
050116,嘉澤元大94購03  ,0,0,0,0,0,0,0,0,0,-238000,0,0,0,0,238000,-238000,-238000
049108,玉晶光富邦96購02,0,0,0,0,0,0,0,0,0,-238000,0,0,0,12000,250000,-238000,-238000
048070,聯發科元富99購03,0,0,0,0,0,0,0,0,0,-239000,0,0,0,37000,276000,-239000,-239000
055083,康友中信97購01  ,0,0,0,0,0,0,0,0,0,-240000,0,0,0,10000,250000,-240000,-240000
04930P,國巨統一94售08  ,0,0,0,0,0,0,0,0,0,-240000,0,0,0,72000,312000,-240000,-240000
052367,聯茂國票96購02  ,0,0,0,0,0,0,0,0,0,-240000,0,0,0,130000,370000,-240000,-240000
2355,敬鵬            ,131000,259000,-128000,0,0,0,0,0,0,-112000,4000,39000,-35000,0,77000,-77000,-240000
3702,大聯大          ,793206,1008552,-215346,0,0,0,0,14000,-14000,-12000,0,123000,-123000,111000,0,111000,-241346
054847,創意兆豐97購01  ,0,0,0,0,0,0,0,0,0,-242000,0,0,0,135000,377000,-242000,-242000
051215,大立光統一95購03,0,0,0,0,0,0,0,0,0,-242000,0,0,0,74000,316000,-242000,-242000
055350,聯發科凱基97購02,0,0,0,0,0,0,0,0,0,-243000,0,0,0,330000,573000,-243000,-243000
050168,緯創富邦95購01  ,0,0,0,0,0,0,0,0,0,-243000,0,0,0,100000,343000,-243000,-243000
050451,嘉晶元大95購01  ,0,0,0,0,0,0,0,0,0,-243000,0,0,0,523000,766000,-243000,-243000
053023,泰鼎國泰97購01  ,0,0,0,0,0,0,0,0,0,-243000,0,0,0,10000,253000,-243000,-243000
055590,聯發科元大98購02,0,0,0,0,0,0,0,0,0,-244000,0,0,0,125000,369000,-244000,-244000
052531,台積電國泰96購06,0,0,0,0,0,0,0,0,0,-244000,0,0,0,20000,264000,-244000,-244000
054267,上銀第一96購01  ,0,0,0,0,0,0,0,0,0,-245000,0,0,0,2000,247000,-245000,-245000
051766,泰鼎元大95購02  ,0,0,0,0,0,0,0,0,0,-245000,0,0,0,80000,325000,-245000,-245000
055456,上銀富邦99購01  ,0,0,0,0,0,0,0,0,0,-246000,0,0,0,118000,364000,-246000,-246000
054771,茂林國票98購02  ,0,0,0,0,0,0,0,0,0,-246000,0,0,0,322000,568000,-246000,-246000
052606,聯發科元大97購04,0,0,0,0,0,0,0,0,0,-247000,0,0,0,220000,467000,-247000,-247000
054129,技嘉元大96購02  ,0,0,0,0,0,0,0,0,0,-248000,0,0,0,8000,256000,-248000,-248000
053669,台積電統一96購08,0,0,0,0,0,0,0,0,0,-248000,0,0,0,307000,555000,-248000,-248000
049779,創意統一95購01  ,0,0,0,0,0,0,0,0,0,-248000,0,0,0,10000,258000,-248000,-248000
047160,台郡國票94購01  ,0,0,0,0,0,0,0,0,0,-249000,0,0,0,201000,450000,-249000,-249000
052556,聯發科國票97購01,0,0,0,0,0,0,0,0,0,-249000,0,0,0,0,249000,-249000,-249000
044224,超眾凱基93購01  ,0,0,0,0,0,0,0,0,0,-250000,0,0,0,90000,340000,-250000,-250000
044864,道瓊反國票96購01,0,0,0,0,0,0,0,0,0,-250000,0,0,0,0,250000,-250000,-250000
048483,可成國泰95購01  ,0,0,0,0,0,0,0,0,0,-250000,0,0,0,12000,262000,-250000,-250000
052897,緯創群益96購03  ,0,0,0,0,0,0,0,0,0,-250000,0,0,0,0,250000,-250000,-250000
054258,牧德元大97購01  ,0,0,0,0,0,0,0,0,0,-251000,0,0,0,6000,257000,-251000,-251000
046546,義隆永豐92購03  ,0,0,0,0,0,0,0,0,0,-251000,0,0,0,23000,274000,-251000,-251000
049115,創意統一94購03  ,0,0,0,0,0,0,0,0,0,-251000,0,0,0,40000,291000,-251000,-251000
2419,仲琦            ,54000,289000,-235000,0,0,0,0,0,0,-16000,0,16000,-16000,0,0,0,-251000
048248,聯發科兆豐95購01,0,0,0,0,0,0,0,0,0,-252000,0,0,0,23000,275000,-252000,-252000
5522,遠雄            ,149000,260000,-111000,0,0,0,0,0,0,-142000,41000,183000,-142000,0,0,0,-253000
048195,聯發科元大93購23,0,0,0,0,0,0,0,0,0,-254000,0,0,0,20000,274000,-254000,-254000
049031,矽格群益94購01  ,0,0,0,0,0,0,0,0,0,-254000,0,0,0,13000,267000,-254000,-254000
053798,台積電中信98購02,0,0,0,0,0,0,0,0,0,-255000,0,0,0,0,255000,-255000,-255000
05686P,臺股指元大96售11,0,0,0,0,0,0,0,0,0,-255000,0,0,0,10000,265000,-255000,-255000
045088,康控元大94購02  ,0,0,0,0,0,0,0,0,0,-255000,0,0,0,36000,291000,-255000,-255000
044964,旺宏中信94購01  ,0,0,0,0,0,0,0,0,0,-255000,0,0,0,101000,356000,-255000,-255000
050142,聯發科元富9A購01,0,0,0,0,0,0,0,0,0,-255000,0,0,0,249000,504000,-255000,-255000
048334,A50正2元大96購01,0,0,0,0,0,0,0,0,0,-255000,0,0,0,0,255000,-255000,-255000
052941,康控兆豐97購01  ,0,0,0,0,0,0,0,0,0,-255000,0,0,0,90000,345000,-255000,-255000
050091,喬山永豐94購02  ,0,0,0,0,0,0,0,0,0,-256000,0,0,0,5000,261000,-256000,-256000
05227P,大立光統一95售04,0,0,0,0,0,0,0,0,0,-257000,0,0,0,0,257000,-257000,-257000
1710,東聯            ,111000,280000,-169000,0,0,0,0,0,0,-88000,0,88000,-88000,0,0,0,-257000
04265P,滬深2X元富93售04,0,0,0,0,0,0,0,0,0,-258000,0,0,0,36000,294000,-258000,-258000
054479,緯創中信98購01  ,0,0,0,0,0,0,0,0,0,-259000,0,0,0,0,259000,-259000,-259000
2328,廣宇            ,49000,183000,-134000,0,0,0,0,0,0,-125000,0,105000,-105000,0,20000,-20000,-259000
2845,遠東銀          ,130000,81431,48569,0,0,0,0,0,0,-308000,0,308000,-308000,0,0,0,-259431
044034,美律群益92購04  ,0,0,0,0,0,0,0,0,0,-260000,0,0,0,10000,270000,-260000,-260000
046771,聯發科國泰94購02,0,0,0,0,0,0,0,0,0,-260000,0,0,0,103000,363000,-260000,-260000
06114P,台積電統一97售03,0,0,0,0,0,0,0,0,0,-260000,0,0,0,0,260000,-260000,-260000
044716,上銀麥證93購01  ,0,0,0,0,318000,-318000,0,0,0,-261000,0,0,0,57000,318000,-261000,-261000
047206,元金2X國泰94購01,0,0,0,0,0,0,0,0,0,-262000,0,0,0,175000,437000,-262000,-262000
054835,致新中信97購01  ,0,0,0,0,0,0,0,0,0,-263000,0,0,0,110000,373000,-263000,-263000
05067P,欣興兆豐96售02  ,0,0,0,0,0,0,0,0,0,-263000,0,0,0,230000,493000,-263000,-263000
047922,聯發科凱基94購01,0,0,0,0,0,0,0,0,0,-265000,0,0,0,136000,401000,-265000,-265000
051570,和碩富邦97購01  ,0,0,0,0,0,0,0,0,0,-265000,0,0,0,255000,520000,-265000,-265000
3653,健策            ,103000,270000,-167000,0,0,0,0,115000,-115000,17000,29000,38000,-9000,58000,32000,26000,-265000
053451,致新凱基96購02  ,0,0,0,0,0,0,0,0,0,-266000,0,0,0,51000,317000,-266000,-266000
053028,康控富邦98購01  ,0,0,0,0,0,0,0,0,0,-266000,0,0,0,0,266000,-266000,-266000
054282,泰鼎群益98購02  ,0,0,0,0,0,0,0,0,0,-267000,0,0,0,13000,280000,-267000,-267000
049046,同欣電兆豐94購01,0,0,0,0,0,0,0,0,0,-269000,0,0,0,353000,622000,-269000,-269000
050306,聯發科中信97購01,0,0,0,0,0,0,0,0,0,-269000,0,0,0,20000,289000,-269000,-269000
050467,力成中信94購01  ,0,0,0,0,0,0,0,0,0,-269000,0,0,0,279000,548000,-269000,-269000
2534,宏盛            ,74000,336000,-262000,0,0,0,0,0,0,-7000,0,1000,-1000,0,6000,-6000,-269000
045765,康控統一92購01  ,0,0,0,0,0,0,0,0,0,-270000,0,0,0,0,270000,-270000,-270000
045854,貿聯富邦93購01  ,0,0,0,0,0,0,0,0,0,-270000,0,0,0,104000,374000,-270000,-270000
3338,泰碩            ,96250,183000,-86750,0,0,0,20000,144000,-124000,-60000,1000,21000,-20000,0,40000,-40000,-270750
054695,世芯永豐98購01  ,0,0,0,0,0,0,0,0,0,-273000,0,0,0,11000,284000,-273000,-273000
2349,錸德            ,54000,223000,-169000,0,0,0,0,100000,-100000,-4000,0,4000,-4000,0,0,0,-273000
2345,智邦            ,1970566,1245474,725092,0,0,0,0,479000,-479000,-521000,24000,247000,-223000,33000,331000,-298000,-274908
047967,南亞科國泰95購01,0,0,0,0,0,0,0,0,0,-275000,0,0,0,154000,429000,-275000,-275000
04742P,瑞昱統一94售01  ,0,0,0,0,0,0,0,0,0,-275000,0,0,0,15000,290000,-275000,-275000
052351,中環元富95購01  ,0,0,0,0,0,0,0,0,0,-276000,0,0,0,50000,326000,-276000,-276000
051318,上銀國票96購01  ,0,0,0,0,0,0,0,0,0,-277000,0,0,0,5000,282000,-277000,-277000
049533,美食永豐94購03  ,0,0,0,0,0,0,0,0,0,-278000,0,0,0,0,278000,-278000,-278000
2106,建大            ,42000,256000,-214000,0,0,0,0,0,0,-64000,0,64000,-64000,0,0,0,-278000
055631,創意永豐98購01  ,0,0,0,0,0,0,0,0,0,-279000,0,0,0,169000,448000,-279000,-279000
050860,喬山永豐95購01  ,0,0,0,0,0,0,0,0,0,-279000,0,0,0,0,279000,-279000,-279000
03109P,台積電元大01售41,0,0,0,0,0,0,0,0,0,-280000,0,0,0,10000,290000,-280000,-280000
050657,宏達電麥證94購01,0,0,0,0,280000,-280000,0,0,0,-280000,0,0,0,0,280000,-280000,-280000
051711,臻鼎群益95購03  ,0,0,0,0,0,0,0,0,0,-280000,0,0,0,0,280000,-280000,-280000
051792,泰鼎國票96購02  ,0,0,0,0,0,0,0,0,0,-280000,0,0,0,0,280000,-280000,-280000
054268,健策第一96購01  ,0,0,0,0,0,0,0,0,0,-281000,0,0,0,259000,540000,-281000,-281000
055564,茂林凱基98購01  ,0,0,0,0,0,0,0,0,0,-283000,0,0,0,0,283000,-283000,-283000
9914,美利達          ,363000,612000,-249000,0,0,0,0,0,0,-34000,20000,29000,-9000,5000,30000,-25000,-283000
046462,康控凱基92購01  ,0,0,0,0,0,0,0,0,0,-284000,0,0,0,0,284000,-284000,-284000
051137,聯詠永豐95購01  ,0,0,0,0,0,0,0,0,0,-285000,0,0,0,0,285000,-285000,-285000
05653P,華邦電統一96售02,0,0,0,0,0,0,0,0,0,-286000,0,0,0,115000,401000,-286000,-286000
05966P,矽力凱基96售03  ,0,0,0,0,0,0,0,0,0,-286000,0,0,0,60000,346000,-286000,-286000
054953,華新科元大97購05,0,0,0,0,0,0,0,0,0,-287000,0,0,0,113000,400000,-287000,-287000
2363,矽統            ,211000,493000,-282000,0,0,0,0,0,0,-5000,0,5000,-5000,0,0,0,-287000
048271,可成富邦95購02  ,0,0,0,0,0,0,0,0,0,-288000,0,0,0,22000,310000,-288000,-288000
052271,力成日盛95購02  ,0,0,0,0,0,0,0,0,0,-288000,0,0,0,41000,329000,-288000,-288000
053519,力成群益96購02  ,0,0,0,0,0,0,0,0,0,-289000,0,0,0,11000,300000,-289000,-289000
049214,台達電國票95購01,0,0,0,0,0,0,0,0,0,-289000,0,0,0,0,289000,-289000,-289000
047969,台達電富邦97購01,0,0,0,0,0,0,0,0,0,-289000,0,0,0,151000,440000,-289000,-289000
053738,群創麥證96購01  ,0,0,0,20000,310000,-290000,0,0,0,-290000,0,0,0,20000,310000,-290000,-290000
048395,南亞科國票93購02,0,0,0,0,0,0,0,0,0,-290000,0,0,0,50000,340000,-290000,-290000
050540,台積電凱基94購38,0,0,0,0,0,0,0,0,0,-290000,0,0,0,20000,310000,-290000,-290000
050750,上銀統一94購02  ,0,0,0,0,0,0,0,0,0,-290000,0,0,0,14000,304000,-290000,-290000
054371,台積電中信9C購01,0,0,0,0,0,0,0,0,0,-292000,0,0,0,1000,293000,-292000,-292000
03938P,聯鈞元大93售01  ,0,0,0,0,0,0,0,0,0,-293000,0,0,0,17000,310000,-293000,-293000
05639P,欣興統一97售01  ,0,0,0,0,0,0,0,0,0,-294000,0,0,0,0,294000,-294000,-294000
051844,宏達電富邦96購01,0,0,0,0,0,0,0,0,0,-294000,0,0,0,93000,387000,-294000,-294000
03148P,聯電群益03售04  ,0,0,0,0,0,0,0,0,0,-295000,0,0,0,0,295000,-295000,-295000
048326,滬深2X國泰94購03,0,0,0,0,0,0,0,0,0,-296000,0,0,0,55000,351000,-296000,-296000
05228P,大立光元富95售09,0,0,0,0,0,0,0,0,0,-296000,0,0,0,5000,301000,-296000,-296000
6153,嘉聯益          ,1106000,1019000,87000,0,0,0,0,0,0,-383000,37000,53000,-16000,23000,390000,-367000,-296000
050304,台光電中信94購01,0,0,0,0,0,0,0,0,0,-297000,0,0,0,93000,390000,-297000,-297000
00738U,元大道瓊白銀    ,0,0,0,0,0,0,0,0,0,-298000,75000,0,75000,214000,587000,-373000,-298000
047529,嘉晶元大94購02  ,0,0,0,0,0,0,0,0,0,-298000,0,0,0,352000,650000,-298000,-298000
052008,創意第一95購01  ,0,0,0,0,0,0,0,0,0,-298000,0,0,0,0,298000,-298000,-298000
051136,可成永豐95購02  ,0,0,0,0,0,0,0,0,0,-298000,0,0,0,0,298000,-298000,-298000
054802,高股息元大97購01,0,0,0,0,0,0,0,0,0,-299000,0,0,0,0,299000,-299000,-299000
048194,華邦電元大94購04,0,0,0,0,0,0,0,0,0,-299000,0,0,0,1000,300000,-299000,-299000
05520P,聯詠凱基96售01  ,0,0,0,0,0,0,0,0,0,-300000,0,0,0,124000,424000,-300000,-300000
03955P,華通統一93售04  ,0,0,0,0,0,0,0,0,0,-300000,0,0,0,400000,700000,-300000,-300000
045040,嘉晶日盛92購01  ,0,0,0,0,0,0,0,0,0,-300000,0,0,0,0,300000,-300000,-300000
04638P,臺股指群益94售13,0,0,0,0,0,0,0,0,0,-300000,0,0,0,0,300000,-300000,-300000
047108,華邦電元大93購03,0,0,0,0,0,0,0,0,0,-300000,0,0,0,2000,302000,-300000,-300000
052208,力成麥證95購01  ,0,0,0,340000,640000,-300000,0,0,0,-300000,0,0,0,340000,640000,-300000,-300000
06081P,深中小元大97售02,0,0,0,0,0,0,0,0,0,-300000,0,0,0,0,300000,-300000,-300000
054037,T50反1元大96購09,0,0,0,0,0,0,0,0,0,-303000,0,0,0,0,303000,-303000,-303000
053221,彩晶凱基98購01  ,0,0,0,0,0,0,0,0,0,-303000,0,0,0,20000,323000,-303000,-303000
053691,聯發科元大96購16,0,0,0,0,0,0,0,0,0,-304000,0,0,0,18000,322000,-304000,-304000
04496P,國巨國泰96售02  ,0,0,0,0,0,0,0,0,0,-304000,0,0,0,0,304000,-304000,-304000
046486,樺漢國泰94購01  ,50000,0,50000,0,0,0,0,0,0,-354000,0,0,0,203000,557000,-354000,-304000
051505,台積電元富95購05,0,0,0,0,0,0,0,0,0,-305000,0,0,0,92000,397000,-305000,-305000
047505,元金2X國票9B購01,0,0,0,0,0,0,0,0,0,-306000,0,0,0,3000,309000,-306000,-306000
053559,台積電國泰98購01,0,0,0,0,0,0,0,0,0,-308000,0,0,0,20000,328000,-308000,-308000
053404,致新群益96購01  ,0,0,0,0,0,0,0,0,0,-308000,0,0,0,64000,372000,-308000,-308000
044717,旺宏統一94購01  ,0,0,0,0,0,0,0,0,0,-308000,0,0,0,31000,339000,-308000,-308000
03821P,上海銀統一95售01,0,0,0,0,0,0,0,0,0,-308000,0,0,0,0,308000,-308000,-308000
055137,GIS富邦98購01   ,0,0,0,0,0,0,0,0,0,-309000,0,0,0,0,309000,-309000,-309000
048594,泰鼎群益93購02  ,0,0,0,0,0,0,0,0,0,-309000,0,0,0,6000,315000,-309000,-309000
054289,聯發科元大97購11,0,0,0,0,0,0,0,0,0,-310000,0,0,0,789000,1099000,-310000,-310000
048627,T50反1元大96購02,0,0,0,0,0,0,0,0,0,-310000,0,0,0,10000,320000,-310000,-310000
051071,聯發科國票96購01,0,0,0,0,0,0,0,0,0,-310000,0,0,0,0,310000,-310000,-310000
1802,台玻            ,65000,166000,-101000,0,0,0,0,0,0,-210000,0,210000,-210000,0,0,0,-311000
2867,三商壽          ,268000,361000,-93000,0,0,0,0,0,0,-218000,0,218000,-218000,0,0,0,-311000
053309,泰鼎凱基96購03  ,0,0,0,0,0,0,0,0,0,-312000,0,0,0,10000,322000,-312000,-312000
051494,中環兆豐95購01  ,0,0,0,0,0,0,0,0,0,-313000,0,0,0,202000,515000,-313000,-313000
6166,凌華            ,750000,1044157,-294157,0,0,0,0,0,0,-19000,0,19000,-19000,5000,5000,0,-313157
042909,順德元大94購01  ,0,0,0,0,0,0,0,0,0,-314000,0,0,0,40000,354000,-314000,-314000
050758,聯發科元富9B購01,0,0,0,0,0,0,0,0,0,-314000,0,0,0,26000,340000,-314000,-314000
053426,創意永豐96購04  ,0,0,0,0,0,0,0,0,0,-315000,0,0,0,167000,482000,-315000,-315000
049224,致新國票95購01  ,0,0,0,0,0,0,0,0,0,-316000,0,0,0,90000,406000,-316000,-316000
053860,台積電元大98購03,0,0,0,0,0,0,0,0,0,-319000,0,0,0,298000,617000,-319000,-319000
051884,樺漢永豐95購01  ,0,0,0,0,0,0,0,0,0,-319000,0,0,0,67000,386000,-319000,-319000
054582,致新元大97購01  ,0,0,0,0,0,0,0,0,0,-320000,0,0,0,5000,325000,-320000,-320000
047999,聯發科元大93購22,0,0,0,0,0,0,0,0,0,-322000,0,0,0,41000,363000,-322000,-322000
052428,嘉晶永豐95購01  ,0,0,0,0,0,0,0,0,0,-322000,0,0,0,114000,436000,-322000,-322000
053679,緯創富邦96購01  ,0,0,0,0,0,0,0,0,0,-324000,0,0,0,130000,454000,-324000,-324000
05776P,鴻海統一98售02  ,0,0,0,0,0,0,0,0,0,-324000,0,0,0,0,324000,-324000,-324000
047370,聯發科國票93購03,0,0,0,0,0,0,0,0,0,-325000,0,0,0,125000,450000,-325000,-325000
055582,亞德客元大97購01,0,0,0,0,0,0,0,0,0,-326000,0,0,0,76000,402000,-326000,-326000
052514,嘉澤凱基96購01  ,0,0,0,0,0,0,0,0,0,-328000,0,0,0,45000,373000,-328000,-328000
048063,聯發科統一93購03,0,0,0,0,0,0,0,0,0,-329000,0,0,0,3000,332000,-329000,-329000
00710B,FH彭博高收益債  ,0,0,0,0,0,0,0,0,0,-332000,0,0,0,160000,492000,-332000,-332000
052228,聯發科凱基96購06,0,0,0,0,0,0,0,0,0,-332000,0,0,0,33000,365000,-332000,-332000
047408,嘉晶統一95購01  ,0,0,0,0,0,0,0,0,0,-333000,0,0,0,11000,344000,-333000,-333000
2605,新興            ,197000,164000,33000,0,0,0,0,376000,-376000,10000,10000,0,10000,0,0,0,-333000
054070,創意國泰96購02  ,0,0,0,0,0,0,0,0,0,-334000,0,0,0,206000,540000,-334000,-334000
05201P,玉晶光國泰97售02,0,0,0,0,0,0,0,0,0,-334000,0,0,0,80000,414000,-334000,-334000
050742,新日興永豐94購01,0,0,0,0,0,0,0,0,0,-334000,0,0,0,341000,675000,-334000,-334000
3698,隆達            ,112000,87000,25000,0,0,0,0,0,0,-359000,2000,361000,-359000,0,0,0,-334000
051455,樺漢元大96購01  ,0,0,0,0,0,0,0,0,0,-335000,0,0,0,251000,586000,-335000,-335000
9910,豐泰            ,178509,454541,-276032,0,0,0,0,25570,-25570,-34000,5000,40000,-35000,1000,0,1000,-335602
054430,上銀台新96購02  ,0,0,0,0,0,0,0,0,0,-337000,0,0,0,4000,341000,-337000,-337000
052161,義隆永豐95購03  ,0,0,0,0,0,0,0,0,0,-342000,0,0,0,0,342000,-342000,-342000
044929,康控國泰93購01  ,0,0,0,0,0,0,0,0,0,-343000,0,0,0,13000,356000,-343000,-343000
052765,新日興群益97購01,0,0,0,0,0,0,0,0,0,-343000,0,0,0,270000,613000,-343000,-343000
050876,復盛永豐95購01  ,0,0,0,0,0,0,0,0,0,-343000,0,0,0,0,343000,-343000,-343000
2301,光寶科          ,1182225,1322553,-140328,0,0,0,0,0,0,-203000,0,170000,-170000,14000,47000,-33000,-343328
054698,同欣電永豐97購01,0,0,0,0,0,0,0,0,0,-345000,0,0,0,10000,355000,-345000,-345000
044532,康控富邦93購01  ,0,0,0,0,0,0,0,0,0,-345000,0,0,0,70000,415000,-345000,-345000
050730,復盛國票94購01  ,0,0,0,0,0,0,0,0,0,-345000,0,0,0,72000,417000,-345000,-345000
053788,泰鼎元大97購01  ,0,0,0,0,0,0,0,0,0,-346000,0,0,0,289000,635000,-346000,-346000
052972,義隆群益96購04  ,0,0,0,0,0,0,0,0,0,-347000,0,0,0,125000,472000,-347000,-347000
052233,台郡凱基96購01  ,0,0,0,0,0,0,0,0,0,-347000,0,0,0,59000,406000,-347000,-347000
053454,創意統一96購02  ,0,0,0,0,0,0,0,0,0,-349000,0,0,0,35000,384000,-349000,-349000
053111,緯創兆豐97購01  ,0,0,0,0,0,0,0,0,0,-349000,0,0,0,0,349000,-349000,-349000
053708,道瓊反凱基98購01,0,0,0,0,0,0,0,0,0,-350000,0,0,0,0,350000,-350000,-350000
05677P,玉晶光群益98售03,0,0,0,0,0,0,0,0,0,-350000,0,0,0,9000,359000,-350000,-350000
045480,滬深2X中信94購01,0,0,0,0,0,0,0,0,0,-350000,0,0,0,270000,620000,-350000,-350000
044809,道瓊反國票93購01,0,0,0,0,0,0,0,0,0,-350000,0,0,0,0,350000,-350000,-350000
05654P,台光電統一96售01,0,0,0,0,0,0,0,0,0,-353000,0,0,0,0,353000,-353000,-353000
05114P,臺股指元富95售02,0,0,0,0,0,0,0,0,0,-353000,0,0,0,282000,635000,-353000,-353000
041452,滬深2X元富93購01,0,0,0,0,0,0,0,0,0,-354000,0,0,0,466000,820000,-354000,-354000
050439,新日興凱基94購01,0,0,0,0,0,0,0,0,0,-354000,0,0,0,99000,453000,-354000,-354000
052537,力成富邦95購01  ,0,0,0,0,0,0,0,0,0,-354000,0,0,0,60000,414000,-354000,-354000
04594P,緯穎元大94售04  ,0,0,0,0,0,0,0,0,0,-355000,0,0,0,200000,555000,-355000,-355000
052349,鴻海統一95購15  ,0,0,0,0,0,0,0,0,0,-355000,0,0,0,10000,365000,-355000,-355000
051654,致新永豐95購01  ,0,0,0,0,0,0,0,0,0,-356000,0,0,0,0,356000,-356000,-356000
05186P,鈺齊中信95售02  ,0,0,0,0,0,0,0,0,0,-357000,0,0,0,0,357000,-357000,-357000
06042P,華新科永豐96售04,0,0,0,0,0,0,0,0,0,-357000,0,0,0,40000,397000,-357000,-357000
053983,樺漢元大97購02  ,1000,0,1000,0,0,0,0,0,0,-360000,0,0,0,671000,1031000,-360000,-359000
053882,聯發科中信98購02,0,0,0,0,0,0,0,0,0,-363000,0,0,0,116000,479000,-363000,-363000
051703,台積電群益95購04,0,0,0,0,0,0,0,0,0,-363000,0,0,0,38000,401000,-363000,-363000
05630P,大立光永昌96售06,0,0,0,0,0,0,0,0,0,-365000,0,0,0,7000,372000,-365000,-365000
2439,美律            ,884000,787500,96500,0,0,0,0,549000,-549000,87000,273000,153000,120000,8000,41000,-33000,-365500
04082P,智邦統一93售03  ,0,0,0,0,0,0,0,0,0,-366000,0,0,0,0,366000,-366000,-366000
051762,國泰金元大95購01,0,0,0,0,0,0,0,0,0,-367000,0,0,0,33000,400000,-367000,-367000
054836,勤誠中信97購01  ,0,0,0,0,0,0,0,0,0,-369000,0,0,0,168000,537000,-369000,-369000
051217,聯發科元富95購01,0,0,0,0,0,0,0,0,0,-369000,0,0,0,0,369000,-369000,-369000
053015,緯創統一96購01  ,0,0,0,0,0,0,0,0,0,-369000,0,0,0,0,369000,-369000,-369000
046349,康控兆豐93購02  ,0,0,0,0,0,0,0,0,0,-370000,0,0,0,0,370000,-370000,-370000
048960,矽格康和94購01  ,0,0,0,0,0,0,0,0,0,-372000,0,0,0,156000,528000,-372000,-372000
3704,合勤控          ,62000,421000,-359000,0,0,0,0,0,0,-13000,0,9000,-9000,1000,5000,-4000,-372000
051569,緯創富邦95購02  ,0,0,0,0,0,0,0,0,0,-373000,0,0,0,0,373000,-373000,-373000
051192,緯創兆豐96購01  ,0,0,0,0,0,0,0,0,0,-375000,0,0,0,0,375000,-375000,-375000
043972,大立光富邦93購02,0,0,0,0,0,0,0,0,0,-376000,0,0,0,68000,444000,-376000,-376000
052725,為升元富96購01  ,0,0,0,0,0,0,0,0,0,-376000,0,0,0,121000,497000,-376000,-376000
055031,南港富邦99購01  ,0,0,0,0,0,0,0,0,0,-380000,0,0,0,476000,856000,-380000,-380000
047880,聯發科國泰94購03,0,0,0,0,0,0,0,0,0,-380000,0,0,0,51000,431000,-380000,-380000
047802,滬深2X凱基95購03,0,0,0,0,0,0,0,0,0,-380000,0,0,0,381000,761000,-380000,-380000
08714P,華碩元富01售03  ,0,0,0,0,0,0,0,0,0,-380000,0,0,0,0,380000,-380000,-380000
054680,華新科康和97購02,0,0,0,0,0,0,0,0,0,-381000,0,0,0,120000,501000,-381000,-381000
055647,義隆元富97購01  ,0,0,0,0,0,0,0,0,0,-381000,0,0,0,0,381000,-381000,-381000
03763P,聯發科元富96售01,0,0,0,0,0,0,0,0,0,-381000,0,0,0,130000,511000,-381000,-381000
2329,華泰            ,180000,560000,-380000,0,0,0,0,0,0,-1000,0,40000,-40000,139000,100000,39000,-381000
05302P,華通國泰96售01  ,0,0,0,0,0,0,0,0,0,-382000,0,0,0,0,382000,-382000,-382000
046204,致新凱基93購01  ,0,0,0,0,0,0,0,0,0,-384000,0,0,0,10000,394000,-384000,-384000
03414B,臺股指凱基99熊01,0,0,0,0,0,0,0,0,0,-385000,0,0,0,15000,400000,-385000,-385000
052942,聯發科中信97購04,0,0,0,0,0,0,0,0,0,-385000,0,0,0,269000,654000,-385000,-385000
050220,台積電元富96購01,0,0,0,0,0,0,0,0,0,-386000,0,0,0,586000,972000,-386000,-386000
053470,華邦電元大96購02,0,0,0,0,0,0,0,0,0,-388000,0,0,0,156000,544000,-388000,-388000
053527,創意中信97購01  ,0,0,0,0,0,0,0,0,0,-388000,0,0,0,20000,408000,-388000,-388000
055106,台積電凱基98購05,0,0,0,0,0,0,0,0,0,-389000,0,0,0,13000,402000,-389000,-389000
06111P,上銀兆豐98售01  ,0,0,0,0,0,0,0,0,0,-389000,0,0,0,212000,601000,-389000,-389000
05862P,大立光國泰98售01,0,0,0,0,0,0,0,0,0,-390000,0,0,0,211000,601000,-390000,-390000
054713,國巨中信9B購01  ,0,0,0,0,0,0,0,0,0,-391000,0,0,0,147000,538000,-391000,-391000
043650,喬山國泰93購02  ,0,0,0,0,0,0,0,0,0,-391000,0,0,0,100000,491000,-391000,-391000
055386,致新元大97購02  ,0,0,0,0,0,0,0,0,0,-392000,0,0,0,35000,427000,-392000,-392000
052483,超眾群益95購03  ,0,0,0,0,0,0,0,0,0,-392000,0,0,0,59000,451000,-392000,-392000
046639,嘉晶永豐93購01  ,0,0,0,0,0,0,0,0,0,-393000,0,0,0,106000,499000,-393000,-393000
051367,可成富邦97購01  ,0,0,0,0,0,0,0,0,0,-395000,0,0,0,10000,405000,-395000,-395000
3673,TPK-KY          ,113000,296000,-183000,0,0,0,0,0,0,-212000,1000,46000,-45000,0,167000,-167000,-395000
051186,創意永豐95購01  ,0,0,0,0,0,0,0,0,0,-397000,0,0,0,77000,474000,-397000,-397000
054981,國巨元富97購02  ,0,0,0,0,0,0,0,0,0,-399000,0,0,0,10000,409000,-399000,-399000
054465,亞光凱基97購01  ,0,0,0,0,0,0,0,0,0,-399000,0,0,0,212000,611000,-399000,-399000
045872,元油2X元富98購03,0,0,0,0,0,0,0,0,0,-399000,0,0,0,10000,409000,-399000,-399000
1104,環泥            ,13000,412000,-399000,0,0,0,0,0,0,0,0,0,0,0,0,0,-399000
04185P,欣興統一93售05  ,0,0,0,0,0,0,0,0,0,-400000,0,0,0,349000,749000,-400000,-400000
047483,新光金凱基99購04,0,0,0,0,0,0,0,0,0,-400000,0,0,0,0,400000,-400000,-400000
050105,力山元大95購02  ,0,0,0,0,0,0,0,0,0,-400000,0,0,0,0,400000,-400000,-400000
053686,台積電元大97購08,0,0,0,0,0,0,0,0,0,-401000,0,0,0,257000,658000,-401000,-401000
04410P,大立光統一94售05,0,0,0,0,0,0,0,0,0,-402000,0,0,0,29000,431000,-402000,-402000
051123,和鑫群益95購01  ,0,0,0,0,0,0,0,0,0,-404000,0,0,0,85000,489000,-404000,-404000
1907,永豐餘          ,65000,326000,-261000,0,0,0,0,0,0,-143000,0,143000,-143000,0,0,0,-404000
052719,致新凱基96購01  ,0,0,0,0,0,0,0,0,0,-407000,0,0,0,146000,553000,-407000,-407000
1434,福懋            ,274226,525000,-250774,0,0,0,0,0,0,-158000,0,158000,-158000,0,0,0,-408774
048259,新日興統一93購01,0,0,0,0,0,0,0,0,0,-409000,0,0,0,58000,467000,-409000,-409000
047644,揚明光元大94購02,0,0,0,0,0,0,0,0,0,-409000,0,0,0,0,409000,-409000,-409000
051056,華新科群益95購03,0,0,0,0,0,0,0,0,0,-412000,0,0,0,1398000,1810000,-412000,-412000
4919,新唐            ,98000,457000,-359000,0,0,0,0,0,0,-53000,1000,20000,-19000,3000,37000,-34000,-412000
2880,華南金          ,2859855,2711399,148456,0,0,0,0,0,0,-561000,0,583000,-583000,22000,0,22000,-412544
6191,精成科          ,58000,478000,-420000,0,0,0,0,0,0,5000,13000,3000,10000,5000,10000,-5000,-415000
03932P,欣興統一93售01  ,0,0,0,0,0,0,0,0,0,-417000,0,0,0,0,417000,-417000,-417000
045031,上銀群益93購02  ,0,0,0,0,0,0,0,0,0,-419000,0,0,0,140000,559000,-419000,-419000
054072,台積電富邦98購02,0,0,0,0,0,0,0,0,0,-420000,0,0,0,466000,886000,-420000,-420000
055395,泰鼎統一97購01  ,0,0,0,0,0,0,0,0,0,-420000,0,0,0,0,420000,-420000,-420000
050874,康控永豐95購01  ,0,0,0,0,0,0,0,0,0,-420000,0,0,0,0,420000,-420000,-420000
050797,聯發科中信99購01,0,0,0,0,0,0,0,0,0,-420000,0,0,0,207000,627000,-420000,-420000
053074,嘉晶永豐96購02  ,0,0,0,0,0,0,0,0,0,-420000,0,0,0,308000,728000,-420000,-420000
06123P,玉晶光元大97售04,0,0,0,0,0,0,0,0,0,-420000,0,0,0,71000,491000,-420000,-420000
053797,台積電中信98購01,0,0,0,0,0,0,0,0,0,-421000,0,0,0,10000,431000,-421000,-421000
2915,潤泰全          ,231264,471360,-240096,0,0,0,0,0,0,-181000,0,51000,-51000,8000,138000,-130000,-421096
053649,台積電凱基97購05,0,0,0,0,0,0,0,0,0,-423000,0,0,0,110000,533000,-423000,-423000
05960P,欣興統一96售01  ,0,0,0,0,0,0,0,0,0,-425000,0,0,0,214000,639000,-425000,-425000
044201,群創國票95購01  ,0,0,0,0,0,0,0,0,0,-426000,0,0,0,681000,1107000,-426000,-426000
052131,台積電凱基96購01,0,0,0,0,0,0,0,0,0,-426000,0,0,0,79000,505000,-426000,-426000
05218P,大立光永昌96售04,0,0,0,0,0,0,0,0,0,-427000,0,0,0,1779000,2206000,-427000,-427000
054405,樺漢康和96購01  ,0,0,0,0,0,0,0,0,0,-432000,0,0,0,1000,433000,-432000,-432000
6531,愛普            ,152000,611447,-459447,0,0,0,0,0,0,27000,32000,5000,27000,0,0,0,-432447
2323,中環            ,1607000,1306000,301000,0,0,0,0,0,0,-734000,2000,657000,-655000,158000,237000,-79000,-433000
046712,勤誠永豐93購01  ,0,0,0,0,0,0,0,0,0,-437000,0,0,0,124000,561000,-437000,-437000
047824,臺股指凱基93購18,0,0,0,0,0,0,0,0,0,-437000,0,0,0,240000,677000,-437000,-437000
053354,康控兆豐97購02  ,0,0,0,0,0,0,0,0,0,-440000,0,0,0,0,440000,-440000,-440000
045785,揚明光元大93購04,0,0,0,0,0,0,0,0,0,-440000,0,0,0,10000,450000,-440000,-440000
043961,道瓊反國泰94購01,0,0,0,0,0,0,0,0,0,-440000,0,0,0,0,440000,-440000,-440000
04768P,大立光國泰96售03,0,0,0,0,0,0,0,0,0,-442000,0,0,0,48000,490000,-442000,-442000
052923,台積電永豐96購02,0,0,0,0,0,0,0,0,0,-443000,0,0,0,7000,450000,-443000,-443000
06153P,健策元大97售04  ,0,0,0,0,0,0,0,0,0,-443000,0,0,0,0,443000,-443000,-443000
053861,台光電元大98購01,0,0,0,0,0,0,0,0,0,-444000,0,0,0,14000,458000,-444000,-444000
2610,華航            ,1190583,1245750,-55167,0,0,0,0,0,0,-389000,0,389000,-389000,0,0,0,-444167
052103,台積電兆豐95購06,0,0,0,0,0,0,0,0,0,-446000,0,0,0,54000,500000,-446000,-446000
054531,聯發科國泰97購02,0,0,0,0,0,0,0,0,0,-447000,0,0,0,40000,487000,-447000,-447000
053761,健策國泰98購01  ,0,0,0,0,0,0,0,0,0,-450000,0,0,0,467000,917000,-450000,-450000
04670P,臺股指國票94售09,0,0,0,0,0,0,0,0,0,-450000,0,0,0,22000,472000,-450000,-450000
053190,聯發科統一99購01,0,0,0,0,0,0,0,0,0,-450000,0,0,0,0,450000,-450000,-450000
04243P,大立光永昌93售08,0,0,0,0,0,0,0,0,0,-451000,0,0,0,0,451000,-451000,-451000
052747,京鼎元大97購01  ,0,0,0,0,0,0,0,0,0,-451000,0,0,0,296000,747000,-451000,-451000
052041,鴻海日盛95購02  ,0,0,0,0,0,0,0,0,0,-451000,0,0,0,0,451000,-451000,-451000
052115,T50反1國票95購03,0,0,0,0,0,0,0,0,0,-454000,0,0,0,136000,590000,-454000,-454000
050472,和大永豐94購01  ,0,0,0,0,0,0,0,0,0,-455000,0,0,0,0,455000,-455000,-455000
04259P,滬深2X群益93售03,0,0,0,0,0,0,0,0,0,-458000,0,0,0,231000,689000,-458000,-458000
8112,至上            ,212000,642000,-430000,0,0,0,0,0,0,-29000,0,29000,-29000,0,0,0,-459000
053256,上銀富邦98購01  ,0,0,0,0,0,0,0,0,0,-463000,0,0,0,376000,839000,-463000,-463000
055411,國巨富邦9A購02  ,0,0,0,0,0,0,0,0,0,-465000,0,0,0,31000,496000,-465000,-465000
053863,聯發科元大96購18,0,0,0,0,0,0,0,0,0,-466000,0,0,0,220000,686000,-466000,-466000
054076,義隆第一96購01  ,0,0,0,0,0,0,0,0,0,-467000,0,0,0,60000,527000,-467000,-467000
053452,臺股指凱基97購01,0,0,0,0,0,0,0,0,0,-468000,0,0,0,187000,655000,-468000,-468000
055128,致新兆豐97購01  ,0,0,0,0,0,0,0,0,0,-468000,0,0,0,0,468000,-468000,-468000
3189,景碩            ,313000,487000,-174000,0,0,0,0,75000,-75000,-219000,18000,175000,-157000,11000,73000,-62000,-468000
9802,鈺齊-KY         ,215000,570000,-355000,0,0,0,275000,89000,186000,-300000,10000,14000,-4000,39000,335000,-296000,-469000
1303,南亞            ,2826186,2911809,-85623,0,0,0,0,6959,-6959,-379000,83000,481000,-398000,19000,0,19000,-471582
06194P,台積電元富97售05,0,0,0,0,0,0,0,0,0,-473000,0,0,0,0,473000,-473000,-473000
054700,致新永豐97購01  ,0,0,0,0,0,0,0,0,0,-475000,0,0,0,28000,503000,-475000,-475000
06152P,玉晶光元大98售06,0,0,0,0,0,0,0,0,0,-475000,0,0,0,46000,521000,-475000,-475000
050325,台積電永豐94購05,0,0,0,0,0,0,0,0,0,-476000,0,0,0,0,476000,-476000,-476000
050353,華擎群益95購01  ,0,0,0,0,0,0,0,0,0,-476000,0,0,0,111000,587000,-476000,-476000
055114,新日興凱基98購01,0,0,0,0,0,0,0,0,0,-478000,0,0,0,23000,501000,-478000,-478000
051297,台積電凱基95購07,0,0,0,0,0,0,0,0,0,-478000,0,0,0,38000,516000,-478000,-478000
055341,台達電凱基97購02,0,0,0,0,0,0,0,0,0,-479000,0,0,0,147000,626000,-479000,-479000
053332,創意永豐96購03  ,0,0,0,0,0,0,0,0,0,-480000,0,0,0,133000,613000,-480000,-480000
2455,全新            ,239000,710000,-471000,0,0,0,0,0,0,-10000,207000,131000,76000,16000,102000,-86000,-481000
046897,康舒群益93購01  ,0,0,0,0,0,0,0,0,0,-484000,0,0,0,122000,606000,-484000,-484000
054905,國揚康和97購01  ,0,0,0,0,0,0,0,0,0,-487000,0,0,0,231000,718000,-487000,-487000
4938,和碩            ,2799319,3078172,-278853,0,0,0,0,19000,-19000,-194000,1000,136000,-135000,32000,91000,-59000,-491853
054397,創意永豐96購05  ,0,0,0,0,0,0,0,0,0,-496000,0,0,0,51000,547000,-496000,-496000
050240,聯發科凱基94購13,0,0,0,0,0,0,0,0,0,-496000,0,0,0,103000,599000,-496000,-496000
049205,聯發科群益94購05,0,0,0,0,0,0,0,0,0,-497000,0,0,0,684000,1181000,-497000,-497000
046474,創意永豐92購03  ,0,0,0,0,0,0,0,0,0,-498000,0,0,0,0,498000,-498000,-498000
045936,富邦金群益94購01,0,0,0,0,0,0,0,0,0,-499000,0,0,0,0,499000,-499000,-499000
03777P,華通中信95售01  ,0,0,0,0,0,0,0,0,0,-499000,0,0,0,0,499000,-499000,-499000
047501,合勤控永豐93購01,0,0,0,0,0,0,0,0,0,-499000,0,0,0,0,499000,-499000,-499000
04814P,健策元大96售01  ,0,0,0,0,0,0,0,0,0,-499000,0,0,0,0,499000,-499000,-499000
3532,台勝科          ,212500,683000,-470500,0,0,0,0,1000,-1000,-28000,8000,27000,-19000,13000,22000,-9000,-499500
055159,玉晶光元大98購05,0,0,0,0,0,0,0,0,0,-509000,0,0,0,23000,532000,-509000,-509000
055209,勤誠康和97購01  ,0,0,0,0,0,0,0,0,0,-509000,0,0,0,58000,567000,-509000,-509000
044974,鴻海國票94購01  ,0,0,0,0,0,0,0,0,0,-514000,0,0,0,0,514000,-514000,-514000
05980P,台積電永昌96售09,0,0,0,0,0,0,0,0,0,-518000,0,0,0,2227000,2745000,-518000,-518000
055375,京鼎元大97購03  ,0,0,0,0,0,0,0,0,0,-519000,0,0,0,179000,698000,-519000,-519000
054331,世芯永豐96購03  ,0,0,0,0,0,0,0,0,0,-520000,0,0,0,194000,714000,-520000,-520000
2889,國票金          ,160000,420000,-260000,0,0,0,0,0,0,-260000,0,260000,-260000,0,0,0,-520000
047646,貿聯元大94購01  ,0,0,0,0,0,0,0,0,0,-523000,0,0,0,60000,583000,-523000,-523000
04773P,金融類元大94售01,0,0,0,0,0,0,0,0,0,-525000,0,0,0,0,525000,-525000,-525000
8150,南茂            ,858000,456000,402000,0,0,0,0,799000,-799000,-128000,0,54000,-54000,0,74000,-74000,-525000
048869,光罩國票94購01  ,0,0,0,0,0,0,0,0,0,-529000,0,0,0,0,529000,-529000,-529000
047048,華邦電國票93購02,0,0,0,0,0,0,0,0,0,-529000,0,0,0,0,529000,-529000,-529000
3044,健鼎            ,386000,754000,-368000,0,0,0,0,78000,-78000,-84000,0,41000,-41000,0,43000,-43000,-530000
052253,康控永豐95購04  ,0,0,0,0,0,0,0,0,0,-533000,0,0,0,0,533000,-533000,-533000
05526P,茂林群益96售03  ,0,0,0,0,0,0,0,0,0,-537000,0,0,0,18000,555000,-537000,-537000
1902,台紙            ,84000,634000,-550000,0,0,0,0,0,0,11000,13000,2000,11000,0,0,0,-539000
1477,聚陽            ,165000,679700,-514700,0,0,0,0,10000,-10000,-15000,3000,20000,-17000,2000,0,2000,-539700
047511,義隆國票93購02  ,0,0,0,0,0,0,0,0,0,-543000,0,0,0,37000,580000,-543000,-543000
051193,新日興兆豐96購01,0,0,0,0,0,0,0,0,0,-544000,0,0,0,110000,654000,-544000,-544000
046293,聯發科統一94購01,0,0,0,0,0,0,0,0,0,-545000,0,0,0,1458000,2003000,-545000,-545000
053563,台積電富邦97購01,0,0,0,0,0,0,0,0,0,-546000,0,0,0,413000,959000,-546000,-546000
8046,南電            ,711000,1153000,-442000,0,0,0,152000,0,152000,-258000,154000,56000,98000,3000,359000,-356000,-548000
051033,台積電兆豐95購03,0,0,0,0,0,0,0,0,0,-549000,0,0,0,414000,963000,-549000,-549000
03857P,聯發科元富99售02,0,0,0,0,0,0,0,0,0,-550000,0,0,0,69000,619000,-550000,-550000
053998,泰鼎群益98購01  ,0,0,0,0,0,0,0,0,0,-558000,0,0,0,59000,617000,-558000,-558000
051732,華通國票97購01  ,0,0,0,0,0,0,0,0,0,-558000,0,0,0,142000,700000,-558000,-558000
3406,玉晶光          ,432427,673000,-240573,0,0,0,0,0,0,-318000,175000,491000,-316000,37000,39000,-2000,-558573
05483P,國巨凱基95售07  ,0,0,0,0,0,0,0,0,0,-560000,0,0,0,100000,660000,-560000,-560000
054689,華新科永豐97購01,0,0,0,0,0,0,0,0,0,-567000,0,0,0,230000,797000,-567000,-567000
3042,晶技            ,415000,710000,-295000,0,0,0,0,10000,-10000,-263000,8000,64000,-56000,6000,213000,-207000,-568000
051187,晶相光永豐95購01,0,0,0,0,0,0,0,0,0,-569000,0,0,0,181000,750000,-569000,-569000
050172,臺指反元大98購02,0,0,0,0,0,0,0,0,0,-570000,0,0,0,0,570000,-570000,-570000
051068,台積電國票97購01,0,0,0,0,0,0,0,0,0,-570000,0,0,0,153000,723000,-570000,-570000
2520,冠德            ,164000,348000,-184000,0,0,0,250000,0,250000,-639000,0,174000,-174000,5000,470000,-465000,-573000
049026,晶相光群益94購01,0,0,0,0,0,0,0,0,0,-574000,0,0,0,652000,1226000,-574000,-574000
051143,鴻海凱基95購11  ,0,0,0,0,0,0,0,0,0,-574000,0,0,0,0,574000,-574000,-574000
052627,中壽中信98購01  ,0,0,0,0,0,0,0,0,0,-580000,0,0,0,110000,690000,-580000,-580000
2375,凱美            ,292000,663000,-371000,0,0,0,0,0,0,-211000,3000,0,3000,8000,222000,-214000,-582000
054021,義隆台新96購01  ,0,0,0,0,0,0,0,0,0,-583000,0,0,0,12000,595000,-583000,-583000
2327,國巨            ,1219245,1605225,-385980,0,0,0,132000,489,131511,-332000,87000,161000,-74000,89000,347000,-258000,-586469
051567,台積電富邦95購06,0,0,0,0,0,0,0,0,0,-596000,0,0,0,18000,614000,-596000,-596000
2615,萬海            ,150000,381000,-231000,0,0,0,0,264000,-264000,-101000,45000,146000,-101000,0,0,0,-596000
3026,禾伸堂          ,166000,514000,-348000,0,0,0,0,0,0,-250000,1000,16000,-15000,7000,242000,-235000,-598000
04313P,國巨元富95售03  ,0,0,0,0,0,0,0,0,0,-600000,0,0,0,0,600000,-600000,-600000
051488,健策凱基96購04  ,0,0,0,0,0,0,0,0,0,-600000,0,0,0,7000,607000,-600000,-600000
052319,可成元大95購12  ,0,0,0,0,0,0,0,0,0,-600000,0,0,0,108000,708000,-600000,-600000
2637,慧洋-KY         ,200000,757000,-557000,0,0,0,0,0,0,-43000,3000,46000,-43000,0,0,0,-600000
049053,可成永豐94購01  ,0,0,0,0,0,0,0,0,0,-604000,0,0,0,0,604000,-604000,-604000
08484P,台灣50中信96售01,0,0,0,0,0,0,0,0,0,-605000,0,0,0,0,605000,-605000,-605000
4958,臻鼎-KY         ,1099867,1338474,-238607,0,0,0,20000,20000,0,-367000,10000,387000,-377000,56000,46000,10000,-605607
050633,義隆群益96購02  ,0,0,0,0,0,0,0,0,0,-610000,0,0,0,173000,783000,-610000,-610000
2027,大成鋼          ,355000,217000,138000,0,0,0,0,380000,-380000,-372000,16000,154000,-138000,48000,282000,-234000,-614000
6176,瑞儀            ,67000,602000,-535000,0,0,0,0,0,0,-88000,18000,55000,-37000,6000,57000,-51000,-623000
052767,智伸科群益98購01,0,0,0,0,0,0,0,0,0,-630000,0,0,0,313000,943000,-630000,-630000
0056,元大高股息      ,44000,2000,42000,0,0,0,100000,0,100000,-776000,45000,0,45000,123000,944000,-821000,-634000
3450,聯鈞            ,329000,1129000,-800000,0,0,0,1231000,650000,581000,-415000,196000,15000,181000,159000,755000,-596000,-634000
04588P,茂林永豐94售04  ,0,0,0,0,0,0,0,0,0,-638000,0,0,0,411000,1049000,-638000,-638000
047470,聯發科中信94購03,0,0,0,0,0,0,0,0,0,-640000,0,0,0,88000,728000,-640000,-640000
047624,台達電國票93購01,0,0,0,0,0,0,0,0,0,-641000,0,0,0,85000,726000,-641000,-641000
051301,聯發科凱基95購08,0,0,0,0,0,0,0,0,0,-644000,0,0,0,76000,720000,-644000,-644000
050481,泰鼎國票96購01  ,0,0,0,0,0,0,0,0,0,-649000,0,0,0,0,649000,-649000,-649000
054727,台積電日盛97購02,0,0,0,0,0,0,0,0,0,-651000,0,0,0,0,651000,-651000,-651000
053192,創意統一96購01  ,0,0,0,0,0,0,0,0,0,-651000,0,0,0,10000,661000,-651000,-651000
053757,聯發科國泰96購04,0,0,0,0,0,0,0,0,0,-671000,0,0,0,35000,706000,-671000,-671000
052768,泰鼎群益96購01  ,0,0,0,0,0,0,0,0,0,-681000,0,0,0,26000,707000,-681000,-681000
052823,創意永豐96購02  ,0,0,0,0,0,0,0,0,0,-686000,0,0,0,257000,943000,-686000,-686000
2368,金像電          ,1384000,2237000,-853000,0,0,0,0,0,0,167000,796000,629000,167000,0,0,0,-686000
047512,宏達電國票94購01,0,0,0,0,0,0,0,0,0,-689000,0,0,0,20000,709000,-689000,-689000
053474,聯發科元大97購06,0,0,0,0,0,0,0,0,0,-691000,0,0,0,841000,1532000,-691000,-691000
051268,創意富邦97購01  ,0,0,0,0,0,0,0,0,0,-695000,0,0,0,83000,778000,-695000,-695000
2357,華碩            ,363924,1006762,-642838,0,0,0,2000,7000,-5000,-48000,0,54000,-54000,6000,0,6000,-695838
03956P,欣興統一93售02  ,0,0,0,0,0,0,0,0,0,-702000,0,0,0,59000,761000,-702000,-702000
049545,台積電群益94購09,0,0,0,0,0,0,0,0,0,-706000,0,0,0,296000,1002000,-706000,-706000
052591,康友永豐97購01  ,0,0,0,0,0,0,0,0,0,-708000,0,0,0,618000,1326000,-708000,-708000
1310,台苯            ,157000,796000,-639000,0,0,0,0,0,0,-70000,0,70000,-70000,0,0,0,-709000
2478,大毅            ,279000,353000,-74000,0,0,0,0,0,0,-638000,21000,2000,19000,43000,700000,-657000,-712000
1216,統一            ,4478461,4829545,-351084,0,0,0,0,0,0,-366000,27000,381000,-354000,12000,24000,-12000,-717084
050603,致新國泰96購01  ,0,0,0,0,0,0,0,0,0,-722000,0,0,0,519000,1241000,-722000,-722000
053251,世紀鋼國票97購02,0,0,0,0,0,0,0,0,0,-730000,0,0,0,0,730000,-730000,-730000
055317,金寶國票98購01  ,0,0,0,0,0,0,0,0,0,-735000,0,0,0,102000,837000,-735000,-735000
044605,超眾國泰93購02  ,0,0,0,0,0,0,0,0,0,-736000,0,0,0,70000,806000,-736000,-736000
051551,新日興永豐95購01,0,0,0,0,0,0,0,0,0,-737000,0,0,0,46000,783000,-737000,-737000
03492P,創意元大02售03  ,0,0,0,0,0,0,0,0,0,-740000,0,0,0,0,740000,-740000,-740000
051600,新日興兆豐96購02,0,0,0,0,0,0,0,0,0,-740000,0,0,0,159000,899000,-740000,-740000
051280,台積電兆豐95購04,0,0,0,0,0,0,0,0,0,-748000,0,0,0,219000,967000,-748000,-748000
047406,香港反統一94購01,0,0,0,0,0,0,0,0,0,-750000,0,0,0,10000,760000,-750000,-750000
051843,聯發科富邦99購01,0,0,0,0,0,0,0,0,0,-751000,0,0,0,674000,1425000,-751000,-751000
054233,聯發科群益96購04,0,0,0,0,0,0,0,0,0,-756000,0,0,0,35000,791000,-756000,-756000
8039,台虹            ,445000,1073000,-628000,0,0,0,0,0,0,-129000,99000,80000,19000,14000,162000,-148000,-757000
05170P,世芯元大95售01  ,0,0,0,0,0,0,0,0,0,-765000,0,0,0,715000,1480000,-765000,-765000
049999,義隆永豐94購01  ,0,0,0,0,0,0,0,0,0,-767000,0,0,0,0,767000,-767000,-767000
048125,和鑫元大96購01  ,0,0,0,0,0,0,0,0,0,-772000,0,0,0,0,772000,-772000,-772000
6278,台表科          ,490000,777000,-287000,0,0,0,0,0,0,-502000,0,401000,-401000,20000,121000,-101000,-789000
05420P,大立光國泰97售03,0,0,0,0,0,0,0,0,0,-807000,0,0,0,50000,857000,-807000,-807000
00642U,元大S&P石油     ,2000,277000,-275000,0,0,0,0,0,0,-540000,221000,0,221000,34000,795000,-761000,-815000
055369,友訊元大97購01  ,0,0,0,0,0,0,0,0,0,-823000,0,0,0,147000,970000,-823000,-823000
052152,創意富邦98購01  ,0,0,0,0,0,0,0,0,0,-823000,0,0,0,37000,860000,-823000,-823000
6451,訊芯-KY         ,346000,830000,-484000,0,0,0,4000,100000,-96000,-243000,1000,7000,-6000,7000,244000,-237000,-823000
04995P,台達電凱基96售03,0,0,0,0,0,0,0,0,0,-827000,0,0,0,210000,1037000,-827000,-827000
050713,矽格麥證94購01  ,0,0,0,20000,849000,-829000,0,0,0,-829000,0,0,0,20000,849000,-829000,-829000
054400,健策永豐96購02  ,0,0,0,0,0,0,0,0,0,-831000,0,0,0,8000,839000,-831000,-831000
048666,康控統一93購01  ,0,0,0,0,0,0,0,0,0,-835000,0,0,0,132000,967000,-835000,-835000
048940,晶相光永豐94購01,0,0,0,0,0,0,0,0,0,-845000,0,0,0,158000,1003000,-845000,-845000
4915,致伸            ,319000,1123000,-804000,0,0,0,0,0,0,-51000,2000,34000,-32000,14000,33000,-19000,-855000
6230,超眾            ,292000,608000,-316000,0,0,0,0,341000,-341000,-203000,103000,305000,-202000,36000,37000,-1000,-860000
053239,崇越永豐96購01  ,0,0,0,0,0,0,0,0,0,-862000,0,0,0,34000,896000,-862000,-862000
2101,南港            ,156000,921000,-765000,0,0,0,0,0,0,-109000,0,101000,-101000,288000,296000,-8000,-874000
00692,富邦公司治理    ,0,0,0,0,0,0,0,0,0,-876000,0,0,0,1116000,1992000,-876000,-876000
00669R,國泰美國道瓊反1 ,0,0,0,0,0,0,0,0,0,-898000,135000,0,135000,51000,1084000,-1033000,-898000
020012,富邦行動通訊N   ,0,0,0,0,0,0,0,0,0,-900000,0,0,0,130000,1030000,-900000,-900000
1795,美時            ,481100,575000,-93900,0,0,0,0,622000,-622000,-219000,1000,220000,-219000,0,0,0,-934900
049153,大立光元大96購02,0,0,0,0,0,0,0,0,0,-939000,0,0,0,758000,1697000,-939000,-939000
00708L,元大S&P黃金正2  ,6000,0,6000,0,0,0,0,0,0,-956000,0,0,0,1371000,2327000,-956000,-950000
08506P,台灣50中信96售02,0,0,0,0,0,0,0,0,0,-954000,0,0,0,0,954000,-954000,-954000
047950,滬深2X永豐94購02,0,0,0,0,0,0,0,0,0,-958000,0,0,0,62000,1020000,-958000,-958000
049973,T50反1日盛9A購01,0,0,0,0,0,0,0,0,0,-976000,0,0,0,0,976000,-976000,-976000
00655L,國泰中國A50正2  ,4000,131000,-127000,0,0,0,0,0,0,-851000,0,0,0,1976000,2827000,-851000,-978000
055260,晶相光統一98購01,0,0,0,0,0,0,0,0,0,-985000,0,0,0,101000,1086000,-985000,-985000
054640,健策中信9B購01  ,0,0,0,0,0,0,0,0,0,-992000,0,0,0,0,992000,-992000,-992000
5469,瀚宇博          ,516000,921000,-405000,0,0,0,0,0,0,-588000,0,7000,-7000,32000,613000,-581000,-993000
2801,彰銀            ,1862091,2326282,-464191,0,0,0,0,0,0,-532000,0,548000,-548000,16000,0,16000,-996191
040498,滬深2X國票92購01,0,0,0,0,0,0,0,0,0,-998000,0,0,0,0,998000,-998000,-998000
051391,聯發科兆豐95購02,0,0,0,0,0,0,0,0,0,-1011000,0,0,0,78000,1089000,-1011000,-1011000
1312,國喬            ,197000,876000,-679000,0,0,0,0,0,0,-346000,0,327000,-327000,0,19000,-19000,-1025000
054197,台積電永昌96購07,0,0,0,0,0,0,0,0,0,-1095000,0,0,0,6970000,8065000,-1095000,-1095000
055041,致新富邦97購01  ,0,0,0,0,0,0,0,0,0,-1124000,0,0,0,30000,1154000,-1124000,-1124000
047586,聯發科永豐94購01,0,0,0,0,0,0,0,0,0,-1124000,0,0,0,1342000,2466000,-1124000,-1124000
047004,台積電統一99購01,0,0,0,0,0,0,0,0,0,-1146000,0,0,0,579000,1725000,-1146000,-1146000
052986,聯發科元大97購05,0,0,0,0,0,0,0,0,0,-1162000,0,0,0,426000,1588000,-1162000,-1162000
051133,台積電永豐95購02,0,0,0,0,0,0,0,0,0,-1203000,0,0,0,1977000,3180000,-1203000,-1203000
052225,台積電凱基96購03,0,0,0,0,0,0,0,0,0,-1210000,0,0,0,675000,1885000,-1210000,-1210000
3019,亞光            ,573000,1096000,-523000,0,0,0,0,350000,-350000,-367000,7000,203000,-196000,11000,182000,-171000,-1240000
2352,佳世達          ,387000,1333000,-946000,0,0,0,0,13000,-13000,-304000,0,297000,-297000,27000,34000,-7000,-1263000
9904,寶成            ,1972621,3003639,-1031018,0,0,0,0,0,0,-250000,0,231000,-231000,6000,25000,-19000,-1281018
2883,開發金          ,6447729,7128500,-680771,0,0,0,0,0,0,-650000,100000,786000,-686000,42000,6000,36000,-1330771
9938,百和            ,134000,837000,-703000,0,0,0,60000,246000,-186000,-454000,0,35000,-35000,5000,424000,-419000,-1343000
051277,聯發科中信9A購01,0,0,0,0,0,0,0,0,0,-1361000,0,0,0,623000,1984000,-1361000,-1361000
2408,南亞科          ,2511093,3664789,-1153696,0,0,0,301000,8476,292524,-516000,102000,346000,-244000,51000,323000,-272000,-1377172
053594,京鼎元大96購02  ,0,0,0,0,0,0,0,0,0,-1402000,0,0,0,75000,1477000,-1402000,-1402000
053614,台積電群益96購08,0,0,0,0,0,0,0,0,0,-1409000,0,0,0,113000,1522000,-1409000,-1409000
1301,台塑            ,1734559,3252924,-1518365,0,0,0,0,75719,-75719,157000,643000,497000,146000,13000,2000,11000,-1437084
051155,聯發科國泰96購01,0,0,0,0,0,0,0,0,0,-1468000,0,0,0,191000,1659000,-1468000,-1468000
055144,T50反1元大97購03,0,0,0,0,0,0,0,0,0,-1500000,0,0,0,1000000,2500000,-1500000,-1500000
1326,台化            ,1399621,2214090,-814469,0,0,0,0,80516,-80516,-689000,24000,714000,-690000,14000,13000,1000,-1583985
049220,聯發科國票95購02,0,0,0,0,0,0,0,0,0,-1634000,0,0,0,1018000,2652000,-1634000,-1634000
2383,台光電          ,932000,1800000,-868000,0,0,0,71000,190000,-119000,-651000,109000,506000,-397000,7000,261000,-254000,-1638000
048178,上銀富邦95購02  ,0,0,0,0,0,0,0,0,0,-1647000,0,0,0,205000,1852000,-1647000,-1647000
046173,聯發科永豐92購01,0,0,0,0,0,0,0,0,0,-1650000,0,0,0,1473000,3123000,-1650000,-1650000
055417,健策富邦98購02  ,0,0,0,0,0,0,0,0,0,-1651000,0,0,0,0,1651000,-1651000,-1651000
2449,京元電子        ,2706257,1866000,840257,0,0,0,0,2001000,-2001000,-499000,36000,230000,-194000,72000,377000,-305000,-1659743
2382,廣達            ,3712192,4873000,-1160808,0,0,0,10000,25000,-15000,-486000,100000,442000,-342000,40000,184000,-144000,-1661808
4904,遠傳            ,1166754,2656001,-1489247,0,0,0,0,59776,-59776,-189000,1000,193000,-192000,4000,1000,3000,-1738023
00850,元大臺灣ESG永續 ,4000,2039000,-2035000,0,0,0,0,0,0,294000,0,0,0,1722000,1428000,294000,-1741000
1605,華新            ,728000,1714000,-986000,0,0,0,0,0,0,-766000,26000,342000,-316000,42000,492000,-450000,-1752000
2456,奇力新          ,612000,2013215,-1401215,0,0,0,442000,0,442000,-807000,105000,470000,-365000,21000,463000,-442000,-1766215
00752,中信中國50      ,5000,0,5000,0,0,0,0,0,0,-1776000,0,0,0,798000,2574000,-1776000,-1771000
2633,台灣高鐵        ,838621,2130448,-1291827,0,0,0,0,0,0,-558000,5000,361000,-356000,5000,207000,-202000,-1849827
040760,T50反1凱基95購01,0,0,0,0,0,0,0,0,0,-1850000,0,0,0,421000,2271000,-1850000,-1850000
3006,晶豪科          ,164000,1216000,-1052000,0,0,0,0,0,0,-822000,5000,53000,-48000,24000,798000,-774000,-1874000
052018,京鼎永豐95購02  ,0,0,0,0,0,0,0,0,0,-1932000,0,0,0,298000,2230000,-1932000,-1932000
00753L,中信中國50正2   ,0,0,0,0,0,0,0,0,0,-2125000,0,0,0,385000,2510000,-2125000,-2125000
054422,T50反1富邦9A購01,0,0,0,0,0,0,0,0,0,-2128000,0,0,0,0,2128000,-2128000,-2128000
3045,台灣大          ,1099561,3112293,-2012732,0,0,0,0,11482,-11482,-240000,0,244000,-244000,4000,0,4000,-2264214
2884,玉山金          ,7716358,9205318,-1488960,0,0,0,0,0,0,-779000,210000,668000,-458000,56000,377000,-321000,-2267960
053856,台積電富邦98購01,0,0,0,0,0,0,0,0,0,-2341000,0,0,0,89000,2430000,-2341000,-2341000
1102,亞泥            ,2802319,4504301,-1701982,0,0,0,0,400000,-400000,-291000,387000,714000,-327000,84000,48000,36000,-2392982
054963,牧德元大97購02  ,0,0,0,0,0,0,0,0,0,-2619000,0,0,0,75000,2694000,-2619000,-2619000
2308,台達電          ,5432169,7956136,-2523967,0,0,0,3000,4676,-1676,-198000,62000,263000,-201000,55000,52000,3000,-2723643
2454,聯發科          ,8414636,12399239,-3984603,0,0,0,18000,773902,-755902,1851000,1419000,439000,980000,989000,118000,871000,-2889505
03650C,T50反1元大98牛05,0,0,0,0,0,0,0,0,0,-2920000,0,0,0,0,2920000,-2920000,-2920000
2834,臺企銀          ,2461488,4670155,-2208667,0,0,0,0,0,0,-737000,0,671000,-671000,0,66000,-66000,-2945667
2492,華新科          ,1432660,3747315,-2314655,0,0,0,37000,106000,-69000,-622000,345000,1317000,-972000,518000,168000,350000,-3005655
6505,台塑化          ,796792,3175065,-2378273,0,0,0,0,170907,-170907,-534000,0,538000,-538000,4000,0,4000,-3083180
055379,牧德元大97購03  ,0,0,0,0,0,0,0,0,0,-3330000,0,0,0,47000,3377000,-3330000,-3330000
2412,中華電          ,2223684,5116315,-2892631,0,0,0,0,6412,-6412,-462255,0,503000,-503000,40745,0,40745,-3361298
052533,聯發科國泰96購03,0,0,0,0,0,0,0,0,0,-3533000,0,0,0,14000,3547000,-3533000,-3533000
052150,台積電富邦95購07,10000,0,10000,0,0,0,0,0,0,-3576000,0,0,0,1034000,4610000,-3576000,-3566000
2337,旺宏            ,5034000,7747000,-2713000,0,0,0,550000,123000,427000,-2570000,939000,2186000,-1247000,91000,1414000,-1323000,-4856000
2888,新光金          ,8233352,10621672,-2388320,0,0,0,0,0,0,-2597000,1000,428000,-427000,144000,2314000,-2170000,-4985320
0050,元大台灣50      ,1000,5291100,-5290100,0,0,0,1200000,0,1200000,-962000,20000,90000,-70000,683000,1575000,-892000,-5052100
053564,台積電富邦99購01,0,0,0,0,0,0,0,0,0,-5248000,0,0,0,476000,5724000,-5248000,-5248000
00701,國泰股利精選30  ,0,1100000,-1100000,0,0,0,0,0,0,-4269000,0,0,0,227000,4496000,-4269000,-5369000
1402,遠東新          ,2923721,8146474,-5222753,0,0,0,0,0,0,-286000,1000,296000,-295000,9000,0,9000,-5508753
2886,兆豐金          ,6126239,10966802,-4840563,0,0,0,19000,313663,-294663,-860000,235000,752000,-517000,55000,398000,-343000,-5995226
2344,華邦電          ,3485357,6209189,-2723832,0,0,0,150000,278000,-128000,-3183000,103000,1463000,-1360000,58000,1881000,-1823000,-6034832
1314,中石化          ,6763000,12980000,-6217000,0,0,0,0,0,0,-604000,0,356000,-356000,50000,298000,-248000,-6821000
1101,台泥            ,5494620,12380659,-6886039,0,0,0,0,6048,-6048,-67000,850000,213000,637000,101000,805000,-704000,-6959087
2618,長榮航          ,2187074,11264485,-9077411,0,0,0,0,0,0,-419000,220000,639000,-419000,0,0,0,-9496411
2409,友達            ,8925279,18209317,-9284038,0,0,0,0,84000,-84000,-2191000,323000,2003000,-1680000,161000,672000,-511000,-11559038
2303,聯電            ,14725447,26160393,-11434946,0,0,0,0,105000,-105000,-452000,305000,1411000,-1106000,1352000,698000,654000,-11991946
00637L,元大滬深300正2  ,3245000,16940000,-13695000,0,0,0,0,60000,-60000,-1190000,0,0,0,18149000,19339000,-1190000,-14945000
00677U,富邦VIX         ,1324000,12336000,-11012000,0,0,0,0,0,0,-5376000,2550000,0,2550000,4828000,12754000,-7926000,-16388000
3481,群創            ,34463009,44642311,-10179302,0,0,0,2844000,82000,2762000,-10450000,1425000,6894000,-5469000,553000,5534000,-4981000,-17867302
2330,台積電          ,24303582,42208023,-17904441,0,0,0,28000,963585,-935585,-322990,1133000,2102000,-969000,784000,137990,646010,-19163016
00672L,元大S&P原油正2  ,3960000,6826000,-2866000,0,0,0,0,0,0,-45362000,4000,0,4000,1870000,47236000,-45366000,-48228000
