證券代號,證券名稱,外陸資買進股數(不含外資自營商),外陸資賣出股數(不含外資自營商),外陸資買賣超股數(不含外資自營商),外資自營商買進股數,外資自營商賣出股數,外資自營商買賣超股數,投信買進股數,投信賣出股數,投信買賣超股數,自營商買賣超股數,自營商買進股數(自行買賣),自營商賣出股數(自行買賣),自營商買賣超股數(自行買賣),自營商買進股數(避險),自營商賣出股數(避險),自營商買賣超股數(避險),三大法人買賣超股數
00673R,元大S&P原油反1  ,0,0,0,0,0,0,0,0,0,31871000,452000,0,452000,31982000,563000,31419000,31871000
3037,欣興            ,26610000,8615000,17995000,0,0,0,4635000,103000,4532000,1247000,2147000,1126000,1021000,1752000,1526000,226000,23774000
2337,旺宏            ,24911000,4207000,20704000,0,0,0,0,17000,-17000,1831000,2271000,619000,1652000,805000,626000,179000,22518000
00677U,富邦VIX         ,7780000,110000,7670000,0,0,0,0,0,0,6970000,4000000,200000,3800000,3830000,660000,3170000,14640000
2891,中信金          ,22496803,11957495,10539308,0,0,0,1700000,0,1700000,73000,100000,114000,-14000,87000,0,87000,12312308
00637L,元大滬深300正2  ,4776000,9944000,-5168000,0,0,0,0,0,0,16373000,0,0,0,28839000,12466000,16373000,11205000
2885,元大金          ,14663068,6529015,8134053,0,0,0,987000,10000,977000,148000,250000,202000,48000,100000,0,100000,9259053
2368,金像電          ,6940000,1362000,5578000,0,0,0,0,0,0,1734000,2155000,421000,1734000,0,0,0,7312000
2603,長榮            ,7227962,584000,6643962,0,0,0,160000,0,160000,-205000,315000,520000,-205000,0,0,0,6598962
2890,永豐金          ,5822347,2852241,2970106,0,0,0,943000,0,943000,2014000,2014000,0,2014000,0,0,0,5927106
2313,華通            ,4995000,1563000,3432000,0,0,0,382000,0,382000,1109000,1077000,309000,768000,458000,117000,341000,4923000
2330,台積電          ,17826229,13407637,4418592,0,0,0,88000,350000,-262000,714000,541000,92000,449000,410000,145000,265000,4870592
00708L,元大S&P黃金正2  ,2362000,0,2362000,0,0,0,0,0,0,2209000,0,0,0,4615000,2406000,2209000,4571000
2883,開發金          ,7048694,4040833,3007861,0,0,0,1238000,0,1238000,-46000,0,27000,-27000,231000,250000,-19000,4199861
00861,元大全球未來通訊,1063000,5000,1058000,0,0,0,0,0,0,3056000,0,0,0,3594000,538000,3056000,4114000
5876,上海商銀        ,4352585,624000,3728585,0,0,0,0,0,0,225000,231000,0,231000,174000,180000,-6000,3953585
2880,華南金          ,3545062,727000,2818062,0,0,0,812000,0,812000,15000,18000,3000,15000,0,0,0,3645062
2892,第一金          ,4069173,3493000,576173,0,0,0,1023000,0,1023000,2015000,2017000,2000,2015000,0,0,0,3614173
00633L,富邦上証正2     ,577000,1396000,-819000,0,0,0,0,0,0,4393900,780000,145000,635000,4662000,903100,3758900,3574900
2881,富邦金          ,7463124,4919248,2543876,0,0,0,1098000,29000,1069000,-50000,50000,112000,-62000,61000,49000,12000,3562876
053845,和大元富96購01  ,0,0,0,0,0,0,0,0,0,3403000,0,0,0,3460000,57000,3403000,3403000
2886,兆豐金          ,6991347,4455000,2536347,0,0,0,1046000,73000,973000,-116000,36000,1000,35000,0,151000,-151000,3393347
2344,華邦電          ,4907076,2234660,2672416,0,0,0,0,28000,-28000,734000,742000,270000,472000,703000,441000,262000,3378416
05716P,T50反1元大98售03,0,0,0,0,0,0,0,0,0,3227000,0,0,0,3577000,350000,3227000,3227000
2458,義隆            ,2452000,703000,1749000,0,0,0,1121000,0,1121000,278000,18000,9000,9000,295000,26000,269000,3148000
052018,京鼎永豐95購02  ,0,0,0,0,0,0,0,0,0,2782000,0,0,0,2945000,163000,2782000,2782000
2002,中鋼            ,3571814,2418000,1153814,0,0,0,1558000,0,1558000,1000,5000,4000,1000,0,0,0,2712814
00632R,元大台灣50反1   ,1853000,0,1853000,0,0,0,0,0,0,793000,1370000,2315000,-945000,3511000,1773000,1738000,2646000
050835,GIS凱基96購01   ,0,0,0,0,0,0,0,0,0,2607000,0,0,0,2887000,280000,2607000,2607000
051405,世芯永豐95購01  ,0,0,0,0,0,0,0,0,0,2513000,0,0,0,3031000,518000,2513000,2513000
2324,仁寶            ,4253458,2050000,2203458,0,0,0,361000,39000,322000,-14000,0,13000,-13000,0,1000,-1000,2511458
3450,聯鈞            ,1359000,1204000,155000,0,0,0,1423000,0,1423000,890000,170000,46000,124000,983000,217000,766000,2468000
050743,京鼎永豐94購02  ,0,0,0,0,0,0,0,0,0,2411000,0,0,0,3593000,1182000,2411000,2411000
3706,神達            ,2309000,294000,2015000,0,0,0,0,7000,-7000,330000,300000,6000,294000,226000,190000,36000,2338000
051033,台積電兆豐95購03,0,0,0,0,0,0,0,0,0,2151000,0,0,0,2726000,575000,2151000,2151000
2327,國巨            ,3042362,1401000,1641362,0,0,0,238000,0,238000,235610,74000,35000,39000,269610,73000,196610,2114972
055001,京鼎元富97購01  ,0,0,0,0,0,0,0,0,0,2069000,0,0,0,2363000,294000,2069000,2069000
5880,合庫金          ,3803235,2586000,1217235,0,0,0,829000,0,829000,17000,21000,4000,17000,0,0,0,2063235
05033P,T50反1元大98售01,0,0,0,0,0,0,0,0,0,2043000,0,0,0,2043000,0,2043000,2043000
051888,國巨元富95購05  ,0,0,0,0,0,0,0,0,0,2015000,0,0,0,2028000,13000,2015000,2015000
042255,群創國票92購01  ,0,0,0,0,0,0,0,0,0,1926000,0,0,0,2363000,437000,1926000,1926000
2504,國產            ,2573000,853000,1720000,0,0,0,0,0,0,206000,200000,0,200000,6000,0,6000,1926000
2382,廣達            ,4026755,2385637,1641118,0,0,0,248000,25000,223000,60000,0,8000,-8000,70000,2000,68000,1924118
040760,T50反1凱基95購01,0,0,0,0,0,0,0,0,0,1905000,0,0,0,2845000,940000,1905000,1905000
1714,和桐            ,1992000,117000,1875000,0,0,0,0,0,0,-2000,0,2000,-2000,0,0,0,1873000
9939,宏全            ,1770000,87000,1683000,0,0,0,0,0,0,95000,24000,41000,-17000,112000,0,112000,1778000
051488,健策凱基96購04  ,0,0,0,0,0,0,0,0,0,1777000,0,0,0,2180000,403000,1777000,1777000
2456,奇力新          ,2478000,2683000,-205000,0,0,0,938000,114000,824000,1114000,876000,367000,509000,683000,78000,605000,1733000
3711,日月光投控      ,6069682,4158450,1911232,0,0,0,0,117000,-117000,-98000,12000,74000,-62000,6000,42000,-36000,1696232
020012,富邦行動通訊N   ,0,0,0,0,0,0,0,0,0,1687000,0,0,0,3274000,1587000,1687000,1687000
5871,中租-KY         ,3756662,2146110,1610552,0,0,0,21000,0,21000,36000,40000,2000,38000,0,2000,-2000,1667552
6005,群益證          ,2044000,410000,1634000,0,0,0,0,0,0,0,0,0,0,0,0,0,1634000
043735,元金2X元大94購01,0,0,0,0,0,0,0,0,0,1604000,0,0,0,1619000,15000,1604000,1604000
3049,和鑫            ,2126000,232000,1894000,0,0,0,0,0,0,-311000,0,0,0,113000,424000,-311000,1583000
5469,瀚宇博          ,2217000,834536,1382464,0,0,0,0,0,0,157000,0,2000,-2000,595000,436000,159000,1539464
051280,台積電兆豐95購04,0,0,0,0,0,0,0,0,0,1521000,0,0,0,1861000,340000,1521000,1521000
05518P,T50反1凱基98售03,0,0,0,0,0,0,0,0,0,1500000,0,0,0,1500000,0,1500000,1500000
8112,至上            ,1893000,445000,1448000,0,0,0,32000,0,32000,0,0,0,0,0,0,0,1480000
2347,聯強            ,2987365,1481000,1506365,0,0,0,0,13000,-13000,-21000,2000,23000,-21000,0,0,0,1472365
2201,裕隆            ,1634000,232000,1402000,0,0,0,0,0,0,39000,0,0,0,42000,3000,39000,1441000
050456,聯茂元大94購09  ,0,0,0,0,0,0,0,0,0,1440000,0,0,0,1521000,81000,1440000,1440000
3034,聯詠            ,4348934,2503769,1845165,0,0,0,0,26000,-26000,-391000,53000,354000,-301000,13000,103000,-90000,1428165
044615,聯茂兆豐93購01  ,0,0,0,0,0,0,0,0,0,1425000,0,0,0,1438000,13000,1425000,1425000
00655L,國泰中國A50正2  ,310000,1000,309000,0,0,0,0,0,0,1106000,0,0,0,3043000,1937000,1106000,1415000
049404,訊芯群益94購02  ,0,0,0,0,0,0,0,0,0,1406000,0,0,0,1661000,255000,1406000,1406000
2801,彰銀            ,2191077,1323236,867841,0,0,0,542000,0,542000,-13000,13000,26000,-13000,0,0,0,1396841
047598,深中小統一94購01,0,0,0,0,0,0,0,0,0,1388000,0,0,0,1406000,18000,1388000,1388000
051597,T50反1中信99購02,0,0,0,0,0,0,0,0,0,1363000,0,0,0,1400000,37000,1363000,1363000
2352,佳世達          ,1276000,881000,395000,0,0,0,942000,13000,929000,-5000,0,13000,-13000,8000,0,8000,1319000
055002,群創元富99購04  ,0,0,0,0,0,0,0,0,0,1300000,0,0,0,1612000,312000,1300000,1300000
050884,聯茂國泰96購01  ,0,0,0,0,0,0,0,0,0,1300000,0,0,0,1401000,101000,1300000,1300000
6153,嘉聯益          ,1578000,187000,1391000,0,0,0,0,0,0,-98000,20000,32000,-12000,115000,201000,-86000,1293000
3545,敦泰            ,1409000,116000,1293000,0,0,0,0,0,0,0,0,0,0,0,0,0,1293000
08469P,富邦金凱基9C售01,0,0,0,0,0,0,0,0,0,1258000,0,0,0,1258000,0,1258000,1258000
05980P,台積電永昌96售09,0,0,0,0,0,0,0,0,0,1209000,0,0,0,1523000,314000,1209000,1209000
3006,晶豪科          ,522000,455000,67000,0,0,0,0,0,0,1129000,86000,0,86000,1131000,88000,1043000,1196000
043040,永冠元富94購01  ,0,0,0,0,0,0,0,0,0,1187000,0,0,0,1536000,349000,1187000,1187000
048889,牧德元富94購03  ,0,0,0,0,0,0,0,0,0,1173000,0,0,0,1253000,80000,1173000,1173000
2317,鴻海            ,12152137,10288640,1863497,0,0,0,0,695000,-695000,1000,1000,3000,-2000,298000,295000,3000,1169497
051507,彩晶元富95購01  ,0,0,0,0,0,0,0,0,0,1158000,0,0,0,1233000,75000,1158000,1158000
051039,台表科康和95購01,0,0,0,0,0,0,0,0,0,1157000,0,0,0,1300000,143000,1157000,1157000
2882,國泰金          ,7601485,6929832,671653,0,0,0,761000,150000,611000,-133825,40000,20000,20000,21175,175000,-153825,1148828
048273,南電富邦97購01  ,0,0,0,0,0,0,0,0,0,1144000,0,0,0,1411000,267000,1144000,1144000
047690,美律富邦97購01  ,0,0,0,0,0,0,0,0,0,1126000,0,0,0,1145000,19000,1126000,1126000
2323,中環            ,1775000,780000,995000,0,0,0,0,0,0,130000,8000,99000,-91000,221000,0,221000,1125000
2377,微星            ,1765257,668506,1096751,0,0,0,96000,227000,-131000,155000,186000,33000,153000,38000,36000,2000,1120751
2332,友訊            ,959000,845000,114000,0,0,0,0,0,0,984000,730000,0,730000,330000,76000,254000,1098000
2889,國票金          ,1314000,233000,1081000,0,0,0,0,0,0,0,0,0,0,0,0,0,1081000
2356,英業達          ,2137687,1027000,1110687,0,0,0,0,29000,-29000,-29000,2000,23000,-21000,0,8000,-8000,1052687
6271,同欣電          ,626000,682000,-56000,0,0,0,752000,30000,722000,385000,326000,28000,298000,116000,29000,87000,1051000
2834,臺企銀          ,5003574,4422163,581411,0,0,0,465000,0,465000,-7000,0,7000,-7000,0,0,0,1039411
2478,大毅            ,1032000,808000,224000,0,0,0,0,0,0,811000,46000,56000,-10000,1003000,182000,821000,1035000
052655,群創統一97購01  ,0,0,0,0,0,0,0,0,0,1029000,0,0,0,1335000,306000,1029000,1029000
2845,遠東銀          ,1219000,131000,1088000,0,0,0,0,0,0,-66000,0,66000,-66000,0,0,0,1022000
1589,永冠-KY         ,1105000,49000,1056000,0,0,0,0,0,0,-42000,15000,59000,-44000,28000,26000,2000,1014000
049212,T50反1國票94購04,0,0,0,0,0,0,0,0,0,1010000,0,0,0,1871000,861000,1010000,1010000
038111,新光金中信91購01,0,0,0,0,0,0,0,0,0,1002000,0,0,0,1002000,0,1002000,1002000
03388P,元油2X元富98售02,0,0,0,0,0,0,0,0,0,1000000,0,0,0,1000000,0,1000000,1000000
043968,易華電國泰92購02,0,0,0,0,0,0,0,0,0,1000000,0,0,0,1000000,0,1000000,1000000
4935,茂林-KY         ,1176000,312000,864000,0,0,0,169000,0,169000,-34000,56000,70000,-14000,169000,189000,-20000,999000
0061,元大寶滬深      ,570000,0,570000,0,0,0,0,0,0,428000,20000,0,20000,576000,168000,408000,998000
045936,富邦金群益94購01,0,0,0,0,0,0,0,0,0,998000,0,0,0,998000,0,998000,998000
050602,訊芯國泰96購01  ,0,0,0,0,0,0,0,0,0,998000,0,0,0,1390000,392000,998000,998000
04457P,同欣電統一94售01,0,0,0,0,0,0,0,0,0,986000,0,0,0,986000,0,986000,986000
043529,泰鼎元大92購01  ,0,0,0,0,0,0,0,0,0,981000,0,0,0,985000,4000,981000,981000
9938,百和            ,1280000,529000,751000,0,0,0,0,0,0,226000,18000,6000,12000,418000,204000,214000,977000
050148,啟碁永豐94購01  ,0,0,0,0,0,0,0,0,0,970000,0,0,0,970000,0,970000,970000
00636,國泰中國A50     ,257000,0,257000,0,0,0,0,0,0,685284,0,0,0,1144284,459000,685284,942284
6288,聯嘉            ,1863000,831000,1032000,0,0,0,0,0,0,-94000,0,94000,-94000,0,0,0,938000
04496P,國巨國泰96售02  ,0,0,0,0,0,0,0,0,0,934000,0,0,0,980000,46000,934000,934000
052841,群創富邦96購02  ,0,0,0,0,0,0,0,0,0,925000,0,0,0,959000,34000,925000,925000
045078,玉山金元大92購01,0,0,0,0,0,0,0,0,0,920000,0,0,0,956000,36000,920000,920000
2367,燿華            ,2557000,1067752,1489248,0,0,0,0,0,0,-572000,0,1000,-1000,113000,684000,-571000,917248
2379,瑞昱            ,2420942,1027873,1393069,0,0,0,15000,4000,11000,-491000,18000,61000,-43000,25000,473000,-448000,913069
054385,矽創群益98購01  ,0,0,0,0,0,0,0,0,0,899000,0,0,0,1073000,174000,899000,899000
052545,康控元富95購02  ,0,0,0,0,0,0,0,0,0,890000,0,0,0,925000,35000,890000,890000
4551,智伸科          ,449000,214185,234815,0,0,0,390000,0,390000,250000,192000,5000,187000,158000,95000,63000,874815
054074,健策富邦98購01  ,0,0,0,0,0,0,0,0,0,873000,0,0,0,875000,2000,873000,873000
045516,聯茂統一94購01  ,0,0,0,0,0,0,0,0,0,867000,0,0,0,1298000,431000,867000,867000
2360,致茂            ,2067000,1200000,867000,0,0,0,35000,2000,33000,-40000,69000,27000,42000,0,82000,-82000,860000
051500,聯茂群益95購01  ,0,0,0,0,0,0,0,0,0,857000,0,0,0,1145000,288000,857000,857000
053691,聯發科元大96購16,0,0,0,0,0,0,0,0,0,854000,0,0,0,929000,75000,854000,854000
044974,鴻海國票94購01  ,0,0,0,0,0,0,0,0,0,846000,0,0,0,897000,51000,846000,846000
047329,聯茂元大93購04  ,0,0,0,0,0,0,0,0,0,843000,0,0,0,883000,40000,843000,843000
048271,可成富邦95購02  ,0,0,0,0,0,0,0,0,0,836000,0,0,0,858000,22000,836000,836000
044964,旺宏中信94購01  ,0,0,0,0,0,0,0,0,0,833000,0,0,0,1046000,213000,833000,833000
051696,新日興中信96購01,0,0,0,0,0,0,0,0,0,830000,0,0,0,1083000,253000,830000,830000
047342,T50反1中信99購01,0,0,0,0,0,0,0,0,0,825000,0,0,0,900000,75000,825000,825000
047197,美律統一94購01  ,0,0,0,0,0,0,0,0,0,824000,0,0,0,1056000,232000,824000,824000
048259,新日興統一93購01,0,0,0,0,0,0,0,0,0,824000,0,0,0,859000,35000,824000,824000
051311,瑞昱麥證95購01  ,0,0,0,1103000,262000,841000,0,0,0,823000,0,0,0,1103000,280000,823000,823000
08405P,聯發科元大9C售11,0,0,0,0,0,0,0,0,0,822000,0,0,0,822000,0,822000,822000
1303,南亞            ,2110056,1750000,360056,0,0,0,487000,0,487000,-26000,6000,21000,-15000,3000,14000,-11000,821056
044408,聯茂凱基93購02  ,0,0,0,0,0,0,0,0,0,821000,0,0,0,1121000,300000,821000,821000
2838,聯邦銀          ,842000,20000,822000,0,0,0,0,0,0,-1000,0,1000,-1000,0,0,0,821000
044640,力成元富91購01  ,0,0,0,0,0,0,0,0,0,817000,0,0,0,837000,20000,817000,817000
2387,精元            ,1246000,437000,809000,0,0,0,0,0,0,3000,0,2000,-2000,70000,65000,5000,812000
2312,金寶            ,2905000,1602000,1303000,0,0,0,0,0,0,-491000,300000,0,300000,46000,837000,-791000,812000
051435,聯茂元富95購01  ,0,0,0,0,0,0,0,0,0,809000,0,0,0,914000,105000,809000,809000
6239,力成            ,2403427,1824826,578601,0,0,0,70000,6000,64000,166000,162000,21000,141000,88000,63000,25000,808601
054395,華新科永豐96購03,0,0,0,0,0,0,0,0,0,804000,0,0,0,1088000,284000,804000,804000
2498,宏達電          ,1313000,202000,1111000,0,0,0,0,7000,-7000,-300000,0,7000,-7000,41000,334000,-293000,804000
054608,致茂永豐97購01  ,0,0,0,0,0,0,0,0,0,796000,0,0,0,873000,77000,796000,796000
053324,康舒群益96購01  ,0,0,0,0,0,0,0,0,0,786000,0,0,0,797000,11000,786000,786000
2492,華新科          ,3136873,2614000,522873,0,0,0,190000,0,190000,72000,316000,228000,88000,201000,217000,-16000,784873
051918,聯茂元大95購01  ,0,0,0,0,0,0,0,0,0,782000,0,0,0,993000,211000,782000,782000
2355,敬鵬            ,1099000,321000,778000,0,0,0,0,0,0,4000,10000,3000,7000,65000,68000,-3000,782000
053102,祥碩元富96購01  ,0,0,0,0,0,0,0,0,0,781000,0,0,0,936000,155000,781000,781000
05076P,深中小群益99售02,0,0,0,0,0,0,0,0,0,781000,0,0,0,798000,17000,781000,781000
04479P,同欣電中信96售02,0,0,0,0,0,0,0,0,0,776000,0,0,0,776000,0,776000,776000
051143,鴻海凱基95購11  ,0,0,0,0,0,0,0,0,0,768000,0,0,0,827000,59000,768000,768000
052240,臻鼎國票96購03  ,0,0,0,0,0,0,0,0,0,762000,0,0,0,762000,0,762000,762000
052722,群創統一97購02  ,0,0,0,0,0,0,0,0,0,757000,0,0,0,800000,43000,757000,757000
053429,彩晶永豐96購01  ,0,0,0,0,0,0,0,0,0,746000,0,0,0,790000,44000,746000,746000
05351P,臺股指元富95售05,0,0,0,0,0,0,0,0,0,735000,0,0,0,975000,240000,735000,735000
054331,世芯永豐96購03  ,0,0,0,0,0,0,0,0,0,734000,0,0,0,792000,58000,734000,734000
055027,牧德國泰99購01  ,0,0,0,0,0,0,0,0,0,733000,0,0,0,1619000,886000,733000,733000
054838,京鼎第一97購01  ,0,0,0,0,0,0,0,0,0,731000,0,0,0,808000,77000,731000,731000
041210,群創元富93購01  ,0,0,0,0,0,0,0,0,0,728000,0,0,0,838000,110000,728000,728000
047361,致茂群益93購01  ,0,0,0,0,0,0,0,0,0,728000,0,0,0,802000,74000,728000,728000
05780P,台積電統一96售07,0,0,0,0,0,0,0,0,0,728000,0,0,0,735000,7000,728000,728000
047516,深中小第一93購01,0,0,0,0,0,0,0,0,0,719000,0,0,0,719000,0,719000,719000
053856,台積電富邦98購01,0,1000,-1000,0,0,0,0,0,0,719000,0,0,0,1088000,369000,719000,718000
04855P,上証2X元富94售02,0,0,0,0,0,0,0,0,0,715000,0,0,0,790000,75000,715000,715000
00643,群益深証中小    ,1014000,82000,932000,0,0,0,0,0,0,-222000,0,40000,-40000,552000,734000,-182000,710000
048030,聯發科凱基93購27,0,0,0,0,0,0,0,0,0,710000,0,0,0,770000,60000,710000,710000
055223,和大國票98購01  ,0,0,0,0,0,0,0,0,0,710000,0,0,0,710000,0,710000,710000
044588,元金2X統一93購01,0,0,0,0,0,0,0,0,0,709000,0,0,0,1204000,495000,709000,709000
050053,訊芯群益94購03  ,0,0,0,0,0,0,0,0,0,706000,0,0,0,931000,225000,706000,706000
045061,聯茂台新93購01  ,0,0,0,0,0,0,0,0,0,700000,0,0,0,700000,0,700000,700000
047196,上銀統一97購01  ,0,0,0,0,0,0,0,0,0,697000,0,0,0,1105000,408000,697000,697000
054340,大成鋼元富96購01,0,0,0,0,0,0,0,0,0,693000,0,0,0,758000,65000,693000,693000
05412P,泰碩國票95售02  ,0,0,0,0,0,0,0,0,0,692000,0,0,0,692000,0,692000,692000
051431,群創元富99購02  ,0,0,0,0,0,0,0,0,0,692000,0,0,0,1003000,311000,692000,692000
03720P,元油2X富邦95售01,0,0,0,0,0,0,0,0,0,691000,0,0,0,691000,0,691000,691000
054441,力成台新96購01  ,0,0,0,0,0,0,0,0,0,689000,0,0,0,689000,0,689000,689000
053847,美律元富96購02  ,0,0,0,0,0,0,0,0,0,684000,0,0,0,1086000,402000,684000,684000
051193,新日興兆豐96購01,0,0,0,0,0,0,0,0,0,682000,0,0,0,729000,47000,682000,682000
047421,聯茂富邦97購01  ,0,0,0,0,0,0,0,0,0,680000,0,0,0,1100000,420000,680000,680000
055184,群創統一98購02  ,0,0,0,0,0,0,0,0,0,680000,0,0,0,700000,20000,680000,680000
046045,聯茂元大92購07  ,0,0,0,0,0,0,0,0,0,678000,0,0,0,688000,10000,678000,678000
049353,茂林永豐94購03  ,0,0,0,0,0,0,0,0,0,678000,0,0,0,1179000,501000,678000,678000
055192,世芯元富97購01  ,0,0,0,0,0,0,0,0,0,675000,0,0,0,731000,56000,675000,675000
044269,群創中信95購01  ,0,0,0,0,0,0,0,0,0,668000,0,0,0,1079000,411000,668000,668000
6451,訊芯-KY         ,540000,394000,146000,0,0,0,918000,0,918000,-397000,6000,6000,0,133000,530000,-397000,667000
049875,台積電永豐94購04,0,0,0,0,0,0,0,0,0,656000,0,0,0,675000,19000,656000,656000
9802,鈺齊-KY         ,545000,791000,-246000,0,0,0,542000,0,542000,358000,27000,27000,0,402000,44000,358000,654000
048149,泰鼎元富95購01  ,0,0,0,0,0,0,0,0,0,653000,0,0,0,653000,0,653000,653000
06153P,健策元大97售04  ,0,0,0,0,0,0,0,0,0,649000,0,0,0,659000,10000,649000,649000
046712,勤誠永豐93購01  ,0,0,0,0,0,0,0,0,0,647000,0,0,0,756000,109000,647000,647000
047495,新日興元富96購01,0,0,0,0,0,0,0,0,0,647000,0,0,0,736000,89000,647000,647000
04644P,全新凱基94售01  ,0,0,0,0,0,0,0,0,0,643000,0,0,0,833000,190000,643000,643000
3702,大聯大          ,825387,364000,461387,0,0,0,0,14000,-14000,195000,0,9000,-9000,204000,0,204000,642387
4414,如興            ,877000,221000,656000,0,0,0,0,0,0,-15000,0,15000,-15000,0,0,0,641000
2812,台中銀          ,614000,179000,435000,0,0,0,228000,0,228000,-25000,0,25000,-25000,0,0,0,638000
055012,茂林元富97購01  ,0,0,0,0,0,0,0,0,0,633000,0,0,0,1056000,423000,633000,633000
047759,復盛元富93購01  ,0,0,0,0,0,0,0,0,0,628000,0,0,0,668000,40000,628000,628000
00634R,富邦上証反1     ,568000,0,568000,0,0,0,0,0,0,59000,0,0,0,157000,98000,59000,627000
1722,台肥            ,888000,339000,549000,0,0,0,0,0,0,76000,0,12000,-12000,88000,0,88000,625000
054889,京鼎統一99購01  ,0,0,0,0,0,0,0,0,0,624000,0,0,0,871000,247000,624000,624000
050859,訊芯康和95購01  ,0,0,0,0,0,0,0,0,0,624000,0,0,0,656000,32000,624000,624000
046816,智邦凱基93購02  ,0,0,0,0,0,0,0,0,0,623000,0,0,0,629000,6000,623000,623000
047062,鴻海凱基93購24  ,0,0,0,0,0,0,0,0,0,620000,0,0,0,780000,160000,620000,620000
051861,鴻海凱基98購01  ,0,0,0,0,0,0,0,0,0,618000,0,0,0,652000,34000,618000,618000
047534,聯茂元大93購05  ,0,0,0,0,0,0,0,0,0,617000,0,0,0,617000,0,617000,617000
050974,大成鋼統一95購01,0,0,0,0,0,0,0,0,0,617000,0,0,0,717000,100000,617000,617000
2392,正崴            ,989000,338000,651000,0,0,0,0,0,0,-35000,0,55000,-55000,68000,48000,20000,616000
00635U,元大S&P黃金     ,531000,0,531000,0,0,0,0,0,0,80000,35000,0,35000,233000,188000,45000,611000
054900,金寶康和97購01  ,0,0,0,0,0,0,0,0,0,610000,0,0,0,771000,161000,610000,610000
051762,國泰金元大95購01,0,0,0,0,0,0,0,0,0,609000,0,0,0,719000,110000,609000,609000
053629,玉山金兆豐96購01,0,0,0,0,0,0,0,0,0,606000,0,0,0,696000,90000,606000,606000
045280,儒鴻富邦94購01  ,0,0,0,0,0,0,0,0,0,602000,0,0,0,806000,204000,602000,602000
05407P,超眾凱基95售04  ,0,0,0,0,0,0,0,0,0,600000,0,0,0,600000,0,600000,600000
045315,矽創國票92購01  ,0,0,0,0,0,0,0,0,0,600000,0,0,0,600000,0,600000,600000
04540P,聯詠永豐94售02  ,0,0,0,0,0,0,0,0,0,600000,0,0,0,600000,0,600000,600000
048536,南電國票93購04  ,0,0,0,0,0,0,0,0,0,600000,0,0,0,633000,33000,600000,600000
05004P,健策統一95售01  ,0,0,0,0,0,0,0,0,0,590000,0,0,0,940000,350000,590000,590000
3052,夆典            ,615000,27000,588000,0,0,0,0,0,0,0,0,0,0,0,0,0,588000
053680,臺股指富邦96購01,0,0,0,0,0,0,0,0,0,584000,0,0,0,634000,50000,584000,584000
053453,新光金統一98購01,0,0,0,0,0,0,0,0,0,583000,0,0,0,593000,10000,583000,583000
054341,燿華元富96購03  ,0,0,0,0,0,0,0,0,0,582000,0,0,0,617000,35000,582000,582000
053104,台表科元富96購02,0,0,0,0,0,0,0,0,0,574000,0,0,0,692000,118000,574000,574000
055407,祥碩國泰98購01  ,0,0,0,0,0,0,0,0,0,573000,0,0,0,658000,85000,573000,573000
046144,康控元富92購01  ,0,0,0,0,0,0,0,0,0,572000,0,0,0,582000,10000,572000,572000
049438,嘉晶國泰96購01  ,0,0,0,0,0,0,0,0,0,564000,0,0,0,686000,122000,564000,564000
050005,京鼎永豐94購01  ,0,0,0,0,0,0,0,0,0,564000,0,0,0,820000,256000,564000,564000
051610,GIS群益95購02   ,0,0,0,0,0,0,0,0,0,564000,0,0,0,579000,15000,564000,564000
055187,彩晶統一98購01  ,0,0,0,0,0,0,0,0,0,564000,0,0,0,594000,30000,564000,564000
054892,彩晶統一99購01  ,0,0,0,0,0,0,0,0,0,563000,0,0,0,563000,0,563000,563000
052131,台積電凱基96購01,0,0,0,0,0,0,0,0,0,561000,0,0,0,598000,37000,561000,561000
044863,矽創兆豐93購01  ,0,0,0,0,0,0,0,0,0,559000,0,0,0,590000,31000,559000,559000
051195,台郡中信95購01  ,0,0,0,0,0,0,0,0,0,557000,0,0,0,652000,95000,557000,557000
2421,建準            ,929000,358000,571000,0,0,0,0,0,0,-16000,10000,0,10000,3000,29000,-26000,555000
053403,彩晶群益98購01  ,0,0,0,0,0,0,0,0,0,554000,0,0,0,559000,5000,554000,554000
052402,健策凱基97購01  ,0,0,0,0,0,0,0,0,0,554000,0,0,0,612000,58000,554000,554000
05352P,臺股指元富95售06,0,0,0,0,0,0,0,0,0,552000,0,0,0,565000,13000,552000,552000
6213,聯茂            ,1132000,1551873,-419873,0,0,0,532000,0,532000,439000,858000,53000,805000,95000,461000,-366000,551127
053899,矽創群益96購02  ,0,0,0,0,0,0,0,0,0,550000,0,0,0,809000,259000,550000,550000
054056,華新科國票96購02,0,0,0,0,0,0,0,0,0,549000,0,0,0,549000,0,549000,549000
049503,矽創元大94購01  ,0,0,0,0,0,0,0,0,0,547000,0,0,0,565000,18000,547000,547000
06022P,緯穎永豐96售03  ,0,0,0,0,0,0,0,0,0,546000,0,0,0,546000,0,546000,546000
043958,臻鼎元富94購01  ,0,0,0,0,0,0,0,0,0,544000,0,0,0,572000,28000,544000,544000
047972,康控富邦95購01  ,0,0,0,0,0,0,0,0,0,544000,0,0,0,854000,310000,544000,544000
2049,上銀            ,1193761,616200,577561,0,0,0,46000,0,46000,-80330,35000,26000,9000,17670,107000,-89330,543231
053518,聯茂群益96購03  ,0,0,0,0,0,0,0,0,0,543000,0,0,0,722000,179000,543000,543000
054568,訊芯群益97購01  ,0,0,0,0,0,0,0,0,0,542000,0,0,0,634000,92000,542000,542000
045235,致茂中信93購01  ,0,0,0,0,0,0,0,0,0,541000,0,0,0,562000,21000,541000,541000
046480,群創元富96購01  ,0,0,0,0,0,0,0,0,0,540000,0,0,0,584000,44000,540000,540000
053184,世紀鋼元富96購01,0,0,0,0,0,0,0,0,0,539000,0,0,0,539000,0,539000,539000
051946,健策統一98購01  ,0,0,0,0,0,0,0,0,0,538000,0,0,0,741000,203000,538000,538000
052924,旺宏永豐96購01  ,0,0,0,0,0,0,0,0,0,536000,0,0,0,556000,20000,536000,536000
054713,國巨中信9B購01  ,0,0,0,0,0,0,0,0,0,536000,0,0,0,851000,315000,536000,536000
047513,嘉晶國票93購03  ,0,0,0,0,0,0,0,0,0,535000,0,0,0,535000,0,535000,535000
053100,美律元富96購01  ,0,0,0,0,0,0,0,0,0,528000,0,0,0,542000,14000,528000,528000
050975,楠梓電統一95購01,0,0,0,0,0,0,0,0,0,528000,0,0,0,641000,113000,528000,528000
048026,瑞昱凱基94購01  ,0,0,0,0,0,0,0,0,0,524000,0,0,0,552000,28000,524000,524000
052428,嘉晶永豐95購01  ,0,0,0,0,0,0,0,0,0,524000,0,0,0,599000,75000,524000,524000
053938,彩晶元富96購01  ,0,0,0,0,0,0,0,0,0,520000,0,0,0,722000,202000,520000,520000
054426,國泰金富邦97購02,0,0,0,0,0,0,0,0,0,520000,0,0,0,554000,34000,520000,520000
039908,元油反富邦92購01,0,0,0,0,0,0,0,0,0,518000,0,0,0,518000,0,518000,518000
050657,宏達電麥證94購01,0,0,0,516000,0,516000,0,0,0,516000,0,0,0,516000,0,516000,516000
054800,訊芯群益99購01  ,0,0,0,0,0,0,0,0,0,515000,0,0,0,711000,196000,515000,515000
053095,台光電統一98購01,0,0,0,0,0,0,0,0,0,514000,0,0,0,920000,406000,514000,514000
04049P,大立光元大95售02,0,0,0,0,0,0,0,0,0,514000,0,0,0,623000,109000,514000,514000
053070,訊芯群益96購01  ,0,0,0,0,0,0,0,0,0,512000,0,0,0,929000,417000,512000,512000
054424,大成鋼富邦97購02,0,0,0,0,0,0,0,0,0,512000,0,0,0,522000,10000,512000,512000
04670P,臺股指國票94售09,0,0,0,0,0,0,0,0,0,511000,0,0,0,558000,47000,511000,511000
047747,致茂元富93購01  ,0,0,0,0,0,0,0,0,0,511000,0,0,0,511000,0,511000,511000
050279,彩晶第一94購01  ,0,0,0,0,0,0,0,0,0,511000,0,0,0,511000,0,511000,511000
2104,國際中橡        ,744780,193000,551780,0,0,0,0,0,0,-41000,0,47000,-47000,6000,0,6000,510780
4977,眾達-KY         ,606000,525000,81000,0,0,0,441000,0,441000,-12000,53000,59000,-6000,0,6000,-6000,510000
051657,台郡元富98購01  ,0,0,0,0,0,0,0,0,0,509000,0,0,0,610000,101000,509000,509000
044270,群創中信95購02  ,0,0,0,0,0,0,0,0,0,507000,0,0,0,527000,20000,507000,507000
051600,新日興兆豐96購02,0,0,0,0,0,0,0,0,0,507000,0,0,0,564000,57000,507000,507000
047301,啟碁國泰94購01  ,0,0,0,0,0,0,0,0,0,506000,0,0,0,520000,14000,506000,506000
053770,元金2X元大98購01,0,0,0,0,0,0,0,0,0,505000,0,0,0,605000,100000,505000,505000
05332P,臺股指國票95售01,0,0,0,0,0,0,0,0,0,504000,0,0,0,588000,84000,504000,504000
006205,富邦上証        ,0,0,0,0,0,0,0,0,0,504000,100000,0,100000,1781000,1377000,404000,504000
1514,亞力            ,695000,187000,508000,0,0,0,0,0,0,-4000,0,4000,-4000,0,0,0,504000
0056,元大高股息      ,41000,1000,40000,0,0,0,130000,0,130000,331000,305000,65000,240000,91000,0,91000,501000
045896,正文元大92購03  ,0,0,0,0,0,0,0,0,0,500000,0,0,0,500000,0,500000,500000
055163,訊芯元大98購01  ,0,0,0,0,0,0,0,0,0,500000,0,0,0,1376000,876000,500000,500000
04512P,臺股指元大94售07,0,0,0,0,0,0,0,0,0,499000,0,0,0,639000,140000,499000,499000
042615,S&P反1國票91購01,0,0,0,0,0,0,0,0,0,499000,0,0,0,499000,0,499000,499000
040745,滬深2X群益92購01,0,0,0,0,0,0,0,0,0,499000,0,0,0,499000,0,499000,499000
049698,TPK元大95購01   ,0,0,0,0,0,0,0,0,0,499000,0,0,0,499000,0,499000,499000
051317,亞德客國票96購01,0,0,0,0,0,0,0,0,0,497000,0,0,0,588000,91000,497000,497000
049234,可成統一94購02  ,0,0,0,0,0,0,0,0,0,496000,0,0,0,496000,0,496000,496000
049701,聯茂元大94購05  ,0,0,0,0,0,0,0,0,0,495000,0,0,0,532000,37000,495000,495000
045231,南電元大94購01  ,0,0,0,0,0,0,0,0,0,494000,0,0,0,544000,50000,494000,494000
054226,燿華元富96購02  ,0,0,0,0,0,0,0,0,0,490000,0,0,0,516000,26000,490000,490000
052629,訊芯中信99購01  ,0,0,0,0,0,0,0,0,0,489000,0,0,0,1031000,542000,489000,489000
051679,百和元大95購02  ,0,0,0,0,0,0,0,0,0,488000,0,0,0,1134000,646000,488000,488000
054695,世芯永豐98購01  ,0,0,0,0,0,0,0,0,0,487000,0,0,0,498000,11000,487000,487000
045893,貿聯元大92購04  ,0,0,0,0,0,0,0,0,0,481000,0,0,0,481000,0,481000,481000
051584,可成元大95購08  ,0,0,0,0,0,0,0,0,0,479000,0,0,0,535000,56000,479000,479000
052662,華新科國票97購01,0,0,0,0,0,0,0,0,0,478000,0,0,0,480000,2000,478000,478000
048595,儒鴻國票96購01  ,0,0,0,0,0,0,0,0,0,477000,0,0,0,477000,0,477000,477000
054661,嘉聯益元大97購03,0,0,0,0,0,0,0,0,0,476000,0,0,0,508000,32000,476000,476000
052893,聯電群益98購01  ,0,0,0,0,0,0,0,0,0,475000,0,0,0,910000,435000,475000,475000
052236,聯發科國票96購03,0,0,0,0,0,0,0,0,0,474000,0,0,0,474000,0,474000,474000
044184,南亞科國泰93購01,0,0,0,0,0,0,0,0,0,471000,0,0,0,476000,5000,471000,471000
049453,新日興統一94購01,0,0,0,0,0,0,0,0,0,470000,0,0,0,490000,20000,470000,470000
052627,中壽中信98購01  ,0,0,0,0,0,0,0,0,0,470000,0,0,0,500000,30000,470000,470000
051940,康舒群益95購01  ,0,0,0,0,0,0,0,0,0,470000,0,0,0,514000,44000,470000,470000
050978,鴻海元富95購03  ,0,0,0,0,0,0,0,0,0,470000,0,0,0,470000,0,470000,470000
049561,道瓊銀統一96購01,0,0,0,0,0,0,0,0,0,469000,0,0,0,511000,42000,469000,469000
055041,致新富邦97購01  ,0,0,0,0,0,0,0,0,0,468000,0,0,0,499000,31000,468000,468000
042942,永冠國票94購01  ,0,0,0,0,0,0,0,0,0,467000,0,0,0,865000,398000,467000,467000
055182,京鼎統一98購01  ,0,0,0,0,0,0,0,0,0,467000,0,0,0,608000,141000,467000,467000
041546,群創統一93購01  ,0,0,0,0,0,0,0,0,0,465000,0,0,0,499000,34000,465000,465000
049831,日月光凱基94購01,0,0,0,0,0,0,0,0,0,465000,0,0,0,470000,5000,465000,465000
055004,群創元富99購06  ,0,0,0,0,0,0,0,0,0,464000,0,0,0,573000,109000,464000,464000
054503,京鼎永豐96購04  ,0,0,0,0,0,0,0,0,0,464000,0,0,0,502000,38000,464000,464000
051768,臻鼎元大95購04  ,0,0,0,0,0,0,0,0,0,463000,0,0,0,463000,0,463000,463000
046568,臻鼎元富95購01  ,0,0,0,0,0,0,0,0,0,462000,0,0,0,482000,20000,462000,462000
051370,聯詠富邦97購01  ,0,0,0,0,0,0,0,0,0,459000,0,0,0,524000,65000,459000,459000
053500,新日興兆豐97購01,0,0,0,0,0,0,0,0,0,458000,0,0,0,474000,16000,458000,458000
049977,瑞昱凱基94購03  ,0,0,0,0,0,0,0,0,0,457000,0,0,0,508000,51000,457000,457000
051430,瑞昱元富95購02  ,0,0,0,0,0,0,0,0,0,457000,0,0,0,559000,102000,457000,457000
054053,聯茂元大96購01  ,0,0,0,0,0,0,0,0,0,452000,0,0,0,613000,161000,452000,452000
044201,群創國票95購01  ,0,0,0,0,0,0,0,0,0,452000,0,0,0,1224000,772000,452000,452000
048126,TPK元大94購02   ,0,0,0,0,0,0,0,0,0,452000,0,0,0,452000,0,452000,452000
2031,新光鋼          ,600000,137000,463000,0,0,0,0,0,0,-11000,0,11000,-11000,0,0,0,452000
05111P,台積電統一95售04,0,0,0,0,0,0,0,0,0,451000,0,0,0,456000,5000,451000,451000
05319P,上銀凱基95售02  ,0,0,0,0,0,0,0,0,0,450000,0,0,0,750000,300000,450000,450000
044775,TPK元大93購01   ,0,0,0,0,0,0,0,0,0,450000,0,0,0,450000,0,450000,450000
048988,聯茂元大94購02  ,0,0,0,0,0,0,0,0,0,450000,0,0,0,556000,106000,450000,450000
04746P,臺股指元大94售17,0,0,0,0,0,0,0,0,0,450000,0,0,0,450000,0,450000,450000
053025,燿華富邦98購02  ,0,0,0,0,0,0,0,0,0,449000,0,0,0,1033000,584000,449000,449000
045515,滬深2X統一92購01,0,0,0,0,0,0,0,0,0,449000,0,0,0,771000,322000,449000,449000
054642,訊芯中信9A購01  ,0,0,0,0,0,0,0,0,0,448000,0,0,0,744000,296000,448000,448000
052900,大成鋼國票97購01,0,0,0,0,0,0,0,0,0,447000,0,0,0,549000,102000,447000,447000
047783,聯茂國泰94購02  ,0,0,0,0,0,0,0,0,0,447000,0,0,0,464000,17000,447000,447000
054239,台郡群益96購02  ,0,0,0,0,0,0,0,0,0,446000,0,0,0,749000,303000,446000,446000
054113,奇力新台新97購01,0,0,0,0,0,0,0,0,0,443000,0,0,0,524000,81000,443000,443000
052733,台郡國泰97購01  ,0,0,0,0,0,0,0,0,0,443000,0,0,0,736000,293000,443000,443000
052770,聯茂群益96購02  ,0,0,0,0,0,0,0,0,0,443000,0,0,0,680000,237000,443000,443000
04989P,國巨元大94售15  ,0,0,0,0,0,0,0,0,0,443000,0,0,0,443000,0,443000,443000
053344,嘉晶國票97購02  ,0,0,0,0,0,0,0,0,0,442000,0,0,0,442000,0,442000,442000
044457,滬深2X國票97購01,0,0,0,0,0,0,0,0,0,440000,0,0,0,540000,100000,440000,440000
049587,美律元大95購01  ,0,0,0,0,0,0,0,0,0,440000,0,0,0,711000,271000,440000,440000
055375,京鼎元大97購03  ,0,0,0,0,0,0,0,0,0,440000,0,0,0,714000,274000,440000,440000
046237,南電元大92購02  ,0,0,0,0,0,0,0,0,0,439000,0,0,0,469000,30000,439000,439000
047408,嘉晶統一95購01  ,0,0,0,0,0,0,0,0,0,438000,0,0,0,438000,0,438000,438000
054618,訊芯永豐97購01  ,0,0,0,0,0,0,0,0,0,437000,0,0,0,938000,501000,437000,437000
051105,台光電國票96購01,0,0,0,0,0,0,0,0,0,434000,0,0,0,434000,0,434000,434000
053444,奇力新凱基96購03,0,0,0,0,0,0,0,0,0,433000,0,0,0,1490000,1057000,433000,433000
047689,瑞昱富邦97購01  ,0,0,0,0,0,0,0,0,0,432000,0,0,0,499000,67000,432000,432000
053032,國巨兆豐97購02  ,0,0,0,0,0,0,0,0,0,431000,0,0,0,622000,191000,431000,431000
049778,宏達電統一94購02,0,0,0,0,0,0,0,0,0,431000,0,0,0,431000,0,431000,431000
050032,TPK元大94購03   ,0,0,0,0,0,0,0,0,0,431000,0,0,0,499000,68000,431000,431000
052043,瑞昱日盛95購01  ,0,0,0,0,0,0,0,0,0,429000,0,0,0,657000,228000,429000,429000
050496,鴻海富邦96購01  ,0,0,0,0,0,0,0,0,0,428000,0,0,0,647000,219000,428000,428000
3708,上緯投控        ,466000,33000,433000,0,0,0,0,0,0,-5000,0,0,0,0,5000,-5000,428000
8163,達方            ,653000,212000,441000,0,0,0,0,80000,-80000,66000,6000,0,6000,67000,7000,60000,427000
048742,瀚宇博統一94購01,0,0,0,0,0,0,0,0,0,426000,0,0,0,820000,394000,426000,426000
050976,台光電統一95購01,0,0,0,0,0,0,0,0,0,425000,0,0,0,470000,45000,425000,425000
052227,瑞昱凱基95購05  ,0,0,0,0,0,0,0,0,0,425000,0,0,0,459000,34000,425000,425000
055405,華泰國泰98購01  ,0,0,0,0,0,0,0,0,0,425000,0,0,0,490000,65000,425000,425000
2353,宏碁            ,3541093,3037000,504093,0,0,0,0,27000,-27000,-53000,38000,12000,26000,12000,91000,-79000,424093
051462,世芯國泰97購01  ,0,0,0,0,0,0,0,0,0,424000,0,0,0,479000,55000,424000,424000
053564,台積電富邦99購01,0,0,0,0,0,0,0,0,0,423000,0,0,0,1881000,1458000,423000,423000
044496,群創元大93購02  ,0,0,0,0,0,0,0,0,0,423000,0,0,0,808000,385000,423000,423000
052102,台泥兆豐96購01  ,0,0,0,0,0,0,0,0,0,422000,0,0,0,442000,20000,422000,422000
050414,泰鼎永豐94購04  ,0,0,0,0,0,0,0,0,0,422000,0,0,0,422000,0,422000,422000
2393,億光            ,541000,527000,14000,0,0,0,0,0,0,408000,189000,13000,176000,418000,186000,232000,422000
049128,滬深2X元大97購03,0,0,0,0,0,0,0,0,0,420000,0,0,0,439000,19000,420000,420000
053939,台表科元富96購03,0,0,0,0,0,0,0,0,0,419000,0,0,0,530000,111000,419000,419000
00648R,元大S&P500反1   ,0,0,0,0,0,0,0,0,0,418000,0,0,0,590000,172000,418000,418000
052316,台積電元大96購10,0,0,0,0,0,0,0,0,0,418000,0,0,0,552000,134000,418000,418000
054879,大成鋼統一97購01,0,0,0,0,0,0,0,0,0,416000,0,0,0,478000,62000,416000,416000
040197,晶電群益92購01  ,0,0,0,0,0,0,0,0,0,416000,0,0,0,443000,27000,416000,416000
048064,可成統一93購02  ,0,0,0,0,0,0,0,0,0,416000,0,0,0,416000,0,416000,416000
054016,嘉晶永豐96購04  ,0,0,0,0,0,0,0,0,0,415000,0,0,0,527000,112000,415000,415000
00783,富邦中証500     ,0,0,0,0,0,0,0,0,0,414000,0,0,0,1407000,993000,414000,414000
047848,可成統一93購01  ,0,0,0,0,0,0,0,0,0,414000,0,0,0,424000,10000,414000,414000
053425,京鼎永豐96購01  ,0,0,0,0,0,0,0,0,0,413000,0,0,0,423000,10000,413000,413000
052885,高鐵兆豐98購01  ,0,0,0,0,0,0,0,0,0,413000,0,0,0,424000,11000,413000,413000
049009,南亞科麥證94購01,0,0,0,559000,147000,412000,0,0,0,412000,0,0,0,559000,147000,412000,412000
051363,矽創元大95購03  ,0,0,0,0,0,0,0,0,0,411000,0,0,0,682000,271000,411000,411000
055191,牧德元富97購01  ,0,0,0,0,0,0,0,0,0,410000,0,0,0,414000,4000,410000,410000
054972,聯茂元大97購02  ,0,0,0,0,0,0,0,0,0,408000,0,0,0,534000,126000,408000,408000
051267,美律富邦96購01  ,0,0,0,0,0,0,0,0,0,408000,0,0,0,410000,2000,408000,408000
049078,瑞昱凱基94購02  ,0,0,0,0,0,0,0,0,0,406000,0,0,0,427000,21000,406000,406000
053388,群創元大9C購02  ,0,0,0,0,0,0,0,0,0,405000,0,0,0,1111000,706000,405000,405000
050146,訊芯康和94購02  ,0,0,0,0,0,0,0,0,0,405000,0,0,0,415000,10000,405000,405000
03298P,台積電統一03售15,0,0,0,0,0,0,0,0,0,402000,0,0,0,422000,20000,402000,402000
053614,台積電群益96購08,0,0,0,0,0,0,0,0,0,401000,0,0,0,582000,181000,401000,401000
053395,致茂中信96購01  ,0,0,0,0,0,0,0,0,0,400000,0,0,0,459000,59000,400000,400000
04253P,聯發科元富93售01,0,0,0,0,0,0,0,0,0,400000,0,0,0,400000,0,400000,400000
044854,智易國泰93購01  ,0,0,0,0,0,0,0,0,0,400000,0,0,0,400000,0,400000,400000
050504,全新凱基94購03  ,0,0,0,0,0,0,0,0,0,400000,0,0,0,400000,0,400000,400000
051506,台積電元富95購06,0,0,0,0,0,0,0,0,0,400000,0,0,0,914000,514000,400000,400000
053323,群創群益98購07  ,0,0,0,0,0,0,0,0,0,399000,0,0,0,912000,513000,399000,399000
047418,智邦富邦97購01  ,0,0,0,0,0,0,0,0,0,399000,0,0,0,856000,457000,399000,399000
045905,志超元大92購01  ,0,0,0,0,0,0,0,0,0,398000,0,0,0,398000,0,398000,398000
047446,TPK元大94購01   ,0,0,0,0,0,0,0,0,0,398000,0,0,0,400000,2000,398000,398000
1717,長興            ,516000,116000,400000,0,0,0,0,0,0,-2000,0,2000,-2000,0,0,0,398000
053236,群創永豐97購02  ,0,0,0,0,0,0,0,0,0,397000,0,0,0,431000,34000,397000,397000
1605,華新            ,1334000,921000,413000,0,0,0,0,0,0,-16000,14000,16000,-2000,0,14000,-14000,397000
053676,新光金國泰98購02,0,0,0,0,0,0,0,0,0,396000,0,0,0,435000,39000,396000,396000
047726,友達群益94購02  ,0,0,0,0,0,0,0,0,0,396000,0,0,0,398000,2000,396000,396000
046897,康舒群益93購01  ,0,0,0,0,0,0,0,0,0,392000,0,0,0,544000,152000,392000,392000
050994,欣興元大96購03  ,0,0,0,0,0,0,0,0,0,391000,0,0,0,558000,167000,391000,391000
047828,華新元大93購03  ,0,0,0,0,0,0,0,0,0,390000,0,0,0,400000,10000,390000,390000
049427,瑞昱兆豐94購01  ,0,0,0,0,0,0,0,0,0,389000,0,0,0,461000,72000,389000,389000
044929,康控國泰93購01  ,0,0,0,0,0,0,0,0,0,388000,0,0,0,388000,0,388000,388000
041452,滬深2X元富93購01,0,0,0,0,0,0,0,0,0,388000,0,0,0,681000,293000,388000,388000
046402,華泰元大92購03  ,0,0,0,0,0,0,0,0,0,387000,0,0,0,387000,0,387000,387000
050662,智易元大96購01  ,0,0,0,0,0,0,0,0,0,386000,0,0,0,635000,249000,386000,386000
049246,大成鋼元大94購02,0,0,0,0,0,0,0,0,0,385000,0,0,0,616000,231000,385000,385000
04835P,鴻海元大94售18  ,0,0,0,0,0,0,0,0,0,385000,0,0,0,385000,0,385000,385000
046639,嘉晶永豐93購01  ,0,0,0,0,0,0,0,0,0,385000,0,0,0,460000,75000,385000,385000
5521,工信            ,596000,210000,386000,0,0,0,0,0,0,-1000,0,1000,-1000,0,0,0,385000
053572,彩晶統一96購01  ,0,0,0,0,0,0,0,0,0,384000,0,0,0,758000,374000,384000,384000
049574,新日興統一94購03,0,0,0,0,0,0,0,0,0,384000,0,0,0,385000,1000,384000,384000
051284,上銀統一95購02  ,0,0,0,0,0,0,0,0,0,384000,0,0,0,387000,3000,384000,384000
050121,南電元大95購02  ,0,0,0,0,0,0,0,0,0,384000,0,0,0,471000,87000,384000,384000
3090,日電貿          ,437000,199000,238000,0,0,0,0,0,0,146000,0,0,0,177000,31000,146000,384000
054709,宏達電統一97購01,0,0,0,0,0,0,0,0,0,383000,0,0,0,383000,0,383000,383000
044855,南電國泰93購01  ,0,0,0,0,0,0,0,0,0,382000,0,0,0,522000,140000,382000,382000
045415,聯茂群益92購02  ,0,0,0,0,0,0,0,0,0,380000,0,0,0,380000,0,380000,380000
055003,群創元富99購05  ,0,0,0,0,0,0,0,0,0,379000,0,0,0,534000,155000,379000,379000
047696,聯發科國票94購02,0,0,0,0,0,0,0,0,0,379000,0,0,0,429000,50000,379000,379000
2888,新光金          ,7816731,6690645,1126086,0,0,0,0,0,0,-748000,0,122000,-122000,171000,797000,-626000,378086
044708,臻鼎元大91購03  ,0,0,0,0,0,0,0,0,0,378000,0,0,0,378000,0,378000,378000
049123,可成元富94購01  ,0,0,0,0,0,0,0,0,0,378000,0,0,0,398000,20000,378000,378000
053519,力成群益96購02  ,0,0,0,0,0,0,0,0,0,375000,0,0,0,387000,12000,375000,375000
052747,京鼎元大97購01  ,0,0,0,0,0,0,0,0,0,375000,0,0,0,698000,323000,375000,375000
051251,信邦元大95購01  ,0,0,0,0,0,0,0,0,0,374000,0,0,0,610000,236000,374000,374000
051551,新日興永豐95購01,0,0,0,0,0,0,0,0,0,374000,0,0,0,409000,35000,374000,374000
06156P,大立光統一97售05,0,0,0,0,0,0,0,0,0,374000,0,0,0,401000,27000,374000,374000
05616P,台光電永豐96售01,0,0,0,0,0,0,0,0,0,374000,0,0,0,374000,0,374000,374000
054573,漢唐元大98購01  ,0,0,0,0,0,0,0,0,0,373000,0,0,0,484000,111000,373000,373000
047946,南亞科統一93購04,0,0,0,0,0,0,0,0,0,373000,0,0,0,373000,0,373000,373000
050451,嘉晶元大95購01  ,0,0,0,0,0,0,0,0,0,373000,0,0,0,720000,347000,373000,373000
054862,群光群益97購01  ,0,0,0,0,0,0,0,0,0,372000,0,0,0,655000,283000,372000,372000
051835,百和元大95購03  ,0,0,0,0,0,0,0,0,0,371000,0,0,0,963000,592000,371000,371000
06012P,世芯國票96售01  ,0,0,0,0,0,0,0,0,0,371000,0,0,0,371000,0,371000,371000
054673,京鼎國泰98購01  ,0,0,0,0,0,0,0,0,0,370000,0,0,0,890000,520000,370000,370000
06097P,茂林永豐97售01  ,0,0,0,0,0,0,0,0,0,370000,0,0,0,570000,200000,370000,370000
054201,聯詠富邦97購02  ,0,0,0,0,0,0,0,0,0,369000,0,0,0,441000,72000,369000,369000
04434P,玉晶光國票96售02,0,0,0,0,0,0,0,0,0,369000,0,0,0,787000,418000,369000,369000
044997,信邦國泰93購01  ,0,0,0,0,0,0,0,0,0,369000,0,0,0,381000,12000,369000,369000
00671R,富邦NASDAQ反1   ,0,0,0,0,0,0,0,0,0,368000,0,0,0,531000,163000,368000,368000
053969,瑞昱元大97購01  ,0,0,0,0,0,0,0,0,0,367000,0,0,0,572000,205000,367000,367000
052794,群創兆豐97購01  ,0,0,0,0,0,0,0,0,0,367000,0,0,0,369000,2000,367000,367000
053389,彩晶元大98購01  ,0,0,0,0,0,0,0,0,0,367000,0,0,0,401000,34000,367000,367000
2014,中鴻            ,462000,93000,369000,0,0,0,0,0,0,-2000,0,2000,-2000,0,0,0,367000
049245,和鑫元富95購01  ,0,0,0,0,0,0,0,0,0,366000,0,0,0,443000,77000,366000,366000
046575,GIS國泰93購01   ,0,0,0,0,0,0,0,0,0,366000,0,0,0,366000,0,366000,366000
052589,群創永豐97購01  ,0,0,0,0,0,0,0,0,0,366000,0,0,0,383000,17000,366000,366000
053377,台積電元大98購01,0,0,0,0,0,0,0,0,0,365000,0,0,0,471000,106000,365000,365000
054934,金寶元大97購01  ,0,0,0,0,0,0,0,0,0,364000,0,0,0,426000,62000,364000,364000
046349,康控兆豐93購02  ,0,0,0,0,0,0,0,0,0,363000,0,0,0,383000,20000,363000,363000
04993P,上銀兆豐96售01  ,0,0,0,0,0,0,0,0,0,363000,0,0,0,383000,20000,363000,363000
054802,高股息元大97購01,0,0,0,0,0,0,0,0,0,360000,0,0,0,360000,0,360000,360000
048183,上海銀群益94購01,0,0,0,0,0,0,0,0,0,360000,0,0,0,360000,0,360000,360000
055130,京鼎康和97購01  ,0,0,0,0,0,0,0,0,0,360000,0,0,0,446000,86000,360000,360000
054771,茂林國票98購02  ,0,0,0,0,0,0,0,0,0,359000,0,0,0,691000,332000,359000,359000
053043,嘉晶凱基96購01  ,0,0,0,0,0,0,0,0,0,359000,0,0,0,372000,13000,359000,359000
043973,元金2X元大94購02,0,0,0,0,0,0,0,0,0,359000,0,0,0,359000,0,359000,359000
052165,訊芯永豐95購03  ,0,0,0,0,0,0,0,0,0,358000,0,0,0,716000,358000,358000,358000
050117,麗豐元大96購02  ,0,0,0,0,0,0,0,0,0,358000,0,0,0,756000,398000,358000,358000
3437,榮創            ,443000,84000,359000,0,0,0,0,0,0,-1000,0,1000,-1000,0,0,0,358000
053841,美律統一96購01  ,0,0,0,0,0,0,0,0,0,355000,0,0,0,405000,50000,355000,355000
054893,帆宣統一99購01  ,0,0,0,0,0,0,0,0,0,355000,0,0,0,407000,52000,355000,355000
045311,GIS元大94購01   ,0,0,0,0,0,0,0,0,0,355000,0,0,0,355000,0,355000,355000
049651,訊芯凱基94購04  ,0,0,0,0,0,0,0,0,0,355000,0,0,0,391000,36000,355000,355000
052207,台郡中信95購02  ,0,0,0,0,0,0,0,0,0,354000,0,0,0,386000,32000,354000,354000
053009,大成鋼統一96購02,0,0,0,0,0,0,0,0,0,353000,0,0,0,409000,56000,353000,353000
046146,南亞科第一92購01,0,0,0,0,0,0,0,0,0,353000,0,0,0,353000,0,353000,353000
03638C,T50反1元大94牛03,0,0,0,0,0,0,0,0,0,353000,0,0,0,468000,115000,353000,353000
053029,國巨第一96購01  ,0,0,0,0,0,0,0,0,0,352000,0,0,0,1193000,841000,352000,352000
052675,新光金國泰98購01,0,0,0,0,0,0,0,0,0,352000,0,0,0,368000,16000,352000,352000
048589,國巨兆豐96購01  ,0,0,0,0,0,0,0,0,0,352000,0,0,0,353000,1000,352000,352000
6285,啟碁            ,301000,96000,205000,0,0,0,0,94000,-94000,241000,337000,0,337000,17000,113000,-96000,352000
8105,凌巨            ,378000,26000,352000,0,0,0,0,0,0,0,0,0,0,0,0,0,352000
053638,信邦永豐96購01  ,0,0,0,0,0,0,0,0,0,350000,0,0,0,683000,333000,350000,350000
054984,華泰元富97購01  ,0,0,0,0,0,0,0,0,0,350000,0,0,0,410000,60000,350000,350000
03304P,欣興元富02售02  ,0,0,0,0,0,0,0,0,0,350000,0,0,0,370000,20000,350000,350000
047245,聯發科群益94購03,0,0,0,0,0,0,0,0,0,350000,0,0,0,370000,20000,350000,350000
046661,冠德元大93購01  ,0,0,0,0,0,0,0,0,0,350000,0,0,0,350000,0,350000,350000
051761,富邦金元大96購01,0,0,0,0,0,0,0,0,0,350000,0,0,0,657000,307000,350000,350000
050946,瑞昱群益95購01  ,0,0,0,0,0,0,0,0,0,349000,0,0,0,380000,31000,349000,349000
053876,可成永昌98購01  ,0,0,0,0,0,0,0,0,0,348000,0,0,0,414000,66000,348000,348000
046642,南電永豐93購01  ,0,0,0,0,0,0,0,0,0,348000,0,0,0,368000,20000,348000,348000
052622,貿聯兆豐97購01  ,0,0,0,0,0,0,0,0,0,348000,0,0,0,412000,64000,348000,348000
054960,新日興元大97購02,0,0,0,0,0,0,0,0,0,347000,0,0,0,483000,136000,347000,347000
052679,致伸富邦98購01  ,0,0,0,0,0,0,0,0,0,346000,0,0,0,446000,100000,346000,346000
050266,兆豐金元大94購01,0,0,0,0,0,0,0,0,0,346000,0,0,0,346000,0,346000,346000
053808,大成鋼群益97購01,0,0,0,0,0,0,0,0,0,345000,0,0,0,357000,12000,345000,345000
050143,臻鼎元富94購05  ,0,0,0,0,0,0,0,0,0,345000,0,0,0,375000,30000,345000,345000
051351,台積電元大95購15,0,0,0,0,0,0,0,0,0,345000,0,0,0,345000,0,345000,345000
051999,勤誠元大95購01  ,0,0,0,0,0,0,0,0,0,344000,0,0,0,480000,136000,344000,344000
055202,神達群益97購01  ,0,0,0,0,0,0,0,0,0,341000,0,0,0,411000,70000,341000,341000
05411P,台積電國票96售08,0,0,0,0,0,0,0,0,0,340000,0,0,0,452000,112000,340000,340000
03993P,滬深2X中信94售03,0,0,0,0,0,0,0,0,0,340000,0,0,0,460000,120000,340000,340000
04966P,台表科元大94售04,0,0,0,0,0,0,0,0,0,340000,0,0,0,340000,0,340000,340000
052574,茂林凱基96購02  ,0,0,0,0,0,0,0,0,0,338000,0,0,0,448000,110000,338000,338000
046938,致茂元大93購02  ,0,0,0,0,0,0,0,0,0,337000,0,0,0,337000,0,337000,337000
053392,致新元大96購01  ,0,0,0,0,0,0,0,0,0,336000,0,0,0,342000,6000,336000,336000
048073,南電元富93購02  ,0,0,0,0,0,0,0,0,0,336000,0,0,0,516000,180000,336000,336000
06013P,世芯國泰97售03  ,0,0,0,0,0,0,0,0,0,336000,0,0,0,409000,73000,336000,336000
054329,華新科永豐96購02,0,0,0,0,0,0,0,0,0,335000,0,0,0,425000,90000,335000,335000
049500,聯茂元大94購04  ,0,0,0,0,0,0,0,0,0,335000,0,0,0,459000,124000,335000,335000
04837P,華新科元大94售05,0,0,0,0,0,0,0,0,0,335000,0,0,0,355000,20000,335000,335000
055395,泰鼎統一97購01  ,0,0,0,0,0,0,0,0,0,335000,0,0,0,335000,0,335000,335000
052462,上銀統一95購03  ,0,0,0,0,0,0,0,0,0,333000,0,0,0,333000,0,333000,333000
051259,鴻海永昌96購03  ,0,0,0,0,0,0,0,0,0,333000,0,0,0,1937000,1604000,333000,333000
041973,台灣50中信94購01,0,0,0,0,0,0,0,0,0,332000,0,0,0,434000,102000,332000,332000
052300,力成台新95購01  ,0,0,0,0,0,0,0,0,0,332000,0,0,0,332000,0,332000,332000
052044,華通凱基97購01  ,0,0,0,0,0,0,0,0,0,332000,0,0,0,360000,28000,332000,332000
05525P,奇力新群益96售02,0,0,0,0,0,0,0,0,0,332000,0,0,0,432000,100000,332000,332000
053181,滬深2X元富99購02,0,0,0,0,0,0,0,0,0,331000,0,0,0,341000,10000,331000,331000
049299,矽創群益94購01  ,0,0,0,0,0,0,0,0,0,331000,0,0,0,517000,186000,331000,331000
042236,強茂國泰91購01  ,0,0,0,0,0,0,0,0,0,330000,0,0,0,330000,0,330000,330000
049053,可成永豐94購01  ,0,0,0,0,0,0,0,0,0,330000,0,0,0,330000,0,330000,330000
052670,茂林群益96購02  ,0,0,0,0,0,0,0,0,0,329000,0,0,0,516000,187000,329000,329000
2912,統一超          ,683575,294688,388887,0,0,0,0,56000,-56000,-4000,0,4000,-4000,0,0,0,328887
046118,高鐵元大92購01  ,0,0,0,0,0,0,0,0,0,328000,0,0,0,328000,0,328000,328000
050220,台積電元富96購01,0,0,0,0,0,0,0,0,0,327000,0,0,0,1165000,838000,327000,327000
041978,貿聯中信93購01  ,0,0,0,0,0,0,0,0,0,325000,0,0,0,325000,0,325000,325000
052336,矽力日盛95購01  ,0,0,0,0,0,0,0,0,0,325000,0,0,0,330000,5000,325000,325000
3376,新日興          ,392000,641000,-249000,0,0,0,981000,0,981000,-407000,223000,308000,-85000,13000,335000,-322000,325000
054378,楠梓電群益98購01,0,0,0,0,0,0,0,0,0,324000,0,0,0,424000,100000,324000,324000
2375,凱美            ,363000,329000,34000,0,0,0,0,0,0,290000,0,0,0,325000,35000,290000,324000
055386,致新元大97購02  ,0,0,0,0,0,0,0,0,0,324000,0,0,0,404000,80000,324000,324000
052735,燿華富邦98購01  ,0,0,0,0,0,0,0,0,0,323000,0,0,0,769000,446000,323000,323000
053398,和鑫中信99購01  ,0,0,0,0,0,0,0,0,0,323000,0,0,0,443000,120000,323000,323000
047842,聯茂元大93購06  ,0,0,0,0,0,0,0,0,0,323000,0,0,0,373000,50000,323000,323000
3008,大立光          ,511310,198689,312621,0,0,0,1000,4000,-3000,13000,15000,2000,13000,2000,2000,0,322621
052793,健鼎兆豐96購01  ,0,0,0,0,0,0,0,0,0,322000,0,0,0,322000,0,322000,322000
045892,和鑫元大93購03  ,0,0,0,0,0,0,0,0,0,322000,0,0,0,322000,0,322000,322000
049770,康控元富95購01  ,0,0,0,0,0,0,0,0,0,322000,0,0,0,342000,20000,322000,322000
051160,亞德客元大95購02,0,0,0,0,0,0,0,0,0,322000,0,0,0,434000,112000,322000,322000
054240,訊芯群益96購03  ,0,0,0,0,0,0,0,0,0,321000,0,0,0,495000,174000,321000,321000
042724,群創群益93購01  ,0,0,0,0,0,0,0,0,0,321000,0,0,0,1099000,778000,321000,321000
05103P,臺股指凱基96售10,0,0,0,0,0,0,0,0,0,321000,0,0,0,604000,283000,321000,321000
051113,聯電元富95購01  ,0,0,0,0,0,0,0,0,0,321000,0,0,0,662000,341000,321000,321000
050943,楠梓電群益96購01,0,0,0,0,0,0,0,0,0,321000,0,0,0,321000,0,321000,321000
054332,世芯永豐97購01  ,0,0,0,0,0,0,0,0,0,320000,0,0,0,382000,62000,320000,320000
6269,台郡            ,1180000,742288,437712,0,0,0,0,194000,-194000,76000,134000,83000,51000,77000,52000,25000,319712
047542,華通凱基94購02  ,0,0,0,0,0,0,0,0,0,319000,0,0,0,450000,131000,319000,319000
048797,美律國泰95購02  ,0,0,0,0,0,0,0,0,0,319000,0,0,0,326000,7000,319000,319000
050562,瑞昱元富94購02  ,0,0,0,0,0,0,0,0,0,319000,0,0,0,447000,128000,319000,319000
053114,聯茂兆豐97購01  ,0,0,0,0,0,0,0,0,0,318000,0,0,0,410000,92000,318000,318000
047341,貿聯第一93購01  ,0,0,0,0,0,0,0,0,0,318000,0,0,0,338000,20000,318000,318000
049496,和鑫元大95購01  ,0,0,0,0,0,0,0,0,0,318000,0,0,0,349000,31000,318000,318000
050752,美律統一94購05  ,0,0,0,0,0,0,0,0,0,318000,0,0,0,408000,90000,318000,318000
051453,智伸科元大95購02,0,0,0,0,0,0,0,0,0,318000,0,0,0,387000,69000,318000,318000
048393,台光電國票93購02,0,0,0,0,0,0,0,0,0,317000,0,0,0,324000,7000,317000,317000
052177,京鼎元大95購02  ,0,0,0,0,0,0,0,0,0,317000,0,0,0,1090000,773000,317000,317000
00738U,元大道瓊白銀    ,291000,0,291000,0,0,0,0,0,0,25000,10000,0,10000,556000,541000,15000,316000
048007,明基材元大96購01,0,0,0,0,0,0,0,0,0,316000,0,0,0,316000,0,316000,316000
050301,矽創凱基94購03  ,0,0,0,0,0,0,0,0,0,316000,0,0,0,388000,72000,316000,316000
2855,統一證          ,413000,97000,316000,0,0,0,0,0,0,0,0,0,0,0,0,0,316000
043965,宏盛國泰92購01  ,0,0,0,0,0,0,0,0,0,315000,0,0,0,315000,0,315000,315000
08602P,台灣50凱基96售04,0,0,0,0,0,0,0,0,0,315000,0,0,0,440000,125000,315000,315000
054616,智伸科永豐97購01,0,0,0,0,0,0,0,0,0,314000,0,0,0,453000,139000,314000,314000
048480,FB上証中信94購01,0,0,0,0,0,0,0,0,0,314000,0,0,0,365000,51000,314000,314000
050196,嘉聯益元大97購01,0,0,0,0,0,0,0,0,0,314000,0,0,0,316000,2000,314000,314000
050750,上銀統一94購02  ,0,0,0,0,0,0,0,0,0,314000,0,0,0,343000,29000,314000,314000
052669,群創群益98購06  ,0,0,0,0,0,0,0,0,0,313000,0,0,0,766000,453000,313000,313000
044605,超眾國泰93購02  ,0,0,0,0,0,0,0,0,0,313000,0,0,0,425000,112000,313000,313000
049055,聯詠永豐94購01  ,0,0,0,0,0,0,0,0,0,313000,0,0,0,715000,402000,313000,313000
047297,康控元富93購01  ,0,0,0,0,0,0,0,0,0,313000,0,0,0,313000,0,313000,313000
052229,奇力新凱基96購01,0,0,0,0,0,0,0,0,0,313000,0,0,0,455000,142000,313000,313000
6257,矽格            ,612000,346600,265400,0,0,0,0,83000,-83000,130000,54000,41000,13000,157000,40000,117000,312400
045640,嘉晶凱基93購01  ,0,0,0,0,0,0,0,0,0,312000,0,0,0,317000,5000,312000,312000
03857P,聯發科元富99售02,0,0,0,0,0,0,0,0,0,312000,0,0,0,312000,0,312000,312000
051711,臻鼎群益95購03  ,0,0,0,0,0,0,0,0,0,312000,0,0,0,312000,0,312000,312000
049124,可成元富94購02  ,0,0,0,0,0,0,0,0,0,311000,0,0,0,361000,50000,311000,311000
050307,欣興中信95購01  ,0,0,0,0,0,0,0,0,0,311000,0,0,0,347000,36000,311000,311000
046410,國泰金元大92購03,0,0,0,0,0,0,0,0,0,310000,0,0,0,340000,30000,310000,310000
00739,元大MSCI A股    ,0,0,0,0,0,0,0,0,0,308984,0,0,0,547984,239000,308984,308984
050945,致茂群益95購01  ,0,0,0,0,0,0,0,0,0,308000,0,0,0,334000,26000,308000,308000
8021,尖點            ,336000,28000,308000,0,0,0,0,0,0,0,0,0,0,0,0,0,308000
055208,京鼎康和97購02  ,0,0,0,0,0,0,0,0,0,308000,0,0,0,397000,89000,308000,308000
054848,群創兆豐98購01  ,0,0,0,0,0,0,0,0,0,307000,0,0,0,332000,25000,307000,307000
053915,光罩國票96購02  ,0,0,0,0,0,0,0,0,0,307000,0,0,0,307000,0,307000,307000
052030,GIS群益95購04   ,0,0,0,0,0,0,0,0,0,307000,0,0,0,317000,10000,307000,307000
3576,聯合再生        ,1017000,510000,507000,0,0,0,0,0,0,-200000,0,200000,-200000,0,0,0,307000
048250,矽創兆豐93購02  ,0,0,0,0,0,0,0,0,0,306000,0,0,0,363000,57000,306000,306000
048305,深100凱基96購01 ,0,0,0,0,0,0,0,0,0,305000,0,0,0,305000,0,305000,305000
051850,臻鼎中信96購01  ,0,0,0,0,0,0,0,0,0,305000,0,0,0,410000,105000,305000,305000
052823,創意永豐96購02  ,0,0,0,0,0,0,0,0,0,304000,0,0,0,325000,21000,304000,304000
051851,TPK群益95購03   ,0,0,0,0,0,0,0,0,0,304000,0,0,0,304000,0,304000,304000
06152P,玉晶光元大98售06,0,0,0,0,0,0,0,0,0,303000,0,0,0,391000,88000,303000,303000
051107,鴻海統一95購05  ,0,0,0,0,0,0,0,0,0,302000,0,0,0,322000,20000,302000,302000
052731,宏達電國泰98購01,0,0,0,0,0,0,0,0,0,301000,0,0,0,340000,39000,301000,301000
04046P,台積電元大93售24,0,0,0,0,0,0,0,0,0,300000,0,0,0,300000,0,300000,300000
03503P,欣興元富05售02  ,0,0,0,0,0,0,0,0,0,300000,0,0,0,300000,0,300000,300000
03504P,T50反1台新04售01,0,0,0,0,0,0,0,0,0,300000,0,0,0,300000,0,300000,300000
046000,台光電統一92購06,0,0,0,0,0,0,0,0,0,300000,0,0,0,408000,108000,300000,300000
049272,世紀鋼元大96購02,0,0,0,0,0,0,0,0,0,300000,0,0,0,300000,0,300000,300000
05951P,台積電國票97售05,0,0,0,0,0,0,0,0,0,300000,0,0,0,341000,41000,300000,300000
05285P,同欣電群益95售02,0,0,0,0,0,0,0,0,0,299000,0,0,0,299000,0,299000,299000
053196,康控元富96購01  ,0,0,0,0,0,0,0,0,0,299000,0,0,0,339000,40000,299000,299000
047078,上海銀兆豐93購01,0,0,0,0,0,0,0,0,0,299000,0,0,0,339000,40000,299000,299000
048178,上銀富邦95購02  ,0,0,0,0,0,0,0,0,0,299000,0,0,0,536000,237000,299000,299000
052195,健策元富95購01  ,0,0,0,0,0,0,0,0,0,299000,0,0,0,309000,10000,299000,299000
052497,楠梓電永豐96購01,0,0,0,0,0,0,0,0,0,299000,0,0,0,319000,20000,299000,299000
048841,聯茂凱基94購06  ,0,0,0,0,0,0,0,0,0,298000,0,0,0,474000,176000,298000,298000
048418,瑞昱統一93購04  ,0,0,0,0,0,0,0,0,0,298000,0,0,0,355000,57000,298000,298000
054419,嘉聯益元大98購02,0,0,0,0,0,0,0,0,0,297000,0,0,0,386000,89000,297000,297000
047965,景碩中信93購01  ,0,0,0,0,0,0,0,0,0,297000,0,0,0,297000,0,297000,297000
047212,宏達電富邦97購01,0,0,0,0,0,0,0,0,0,297000,0,0,0,303000,6000,297000,297000
046516,TPK元大92購03   ,0,0,0,0,0,0,0,0,0,297000,0,0,0,378000,81000,297000,297000
054874,帆宣群益99購02  ,0,0,0,0,0,0,0,0,0,296000,0,0,0,340000,44000,296000,296000
049431,光罩國票96購01  ,0,0,0,0,0,0,0,0,0,296000,0,0,0,296000,0,296000,296000
051895,聯茂元富95購02  ,0,0,0,0,0,0,0,0,0,296000,0,0,0,296000,0,296000,296000
053034,上海銀兆豐96購01,0,0,0,0,0,0,0,0,0,295000,0,0,0,365000,70000,295000,295000
050205,牧德群益94購02  ,0,0,0,0,0,0,0,0,0,295000,0,0,0,343000,48000,295000,295000
053608,彩晶第一96購01  ,0,0,0,0,0,0,0,0,0,293000,0,0,0,539000,246000,293000,293000
04410P,大立光統一94售05,0,0,0,0,0,0,0,0,0,293000,0,0,0,293000,0,293000,293000
051644,聯茂康和95購01  ,0,0,0,0,0,0,0,0,0,293000,0,0,0,326000,33000,293000,293000
05673P,台積電群益96售05,0,0,0,0,0,0,0,0,0,293000,0,0,0,613000,320000,293000,293000
054888,泰碩統一97購01  ,0,0,0,0,0,0,0,0,0,292000,0,0,0,442000,150000,292000,292000
044242,宏達電統一93購01,0,0,0,0,0,0,0,0,0,292000,0,0,0,292000,0,292000,292000
045817,滬深2X凱基95購02,0,0,0,0,0,0,0,0,0,292000,0,0,0,498000,206000,292000,292000
049425,喬山兆豐95購01  ,0,0,0,0,0,0,0,0,0,292000,0,0,0,325000,33000,292000,292000
050935,劍麟國票96購01  ,0,0,0,0,0,0,0,0,0,292000,0,0,0,352000,60000,292000,292000
054991,南亞科元富97購01,0,0,0,0,0,0,0,0,0,291000,0,0,0,307000,16000,291000,291000
05769P,台積電凱基96售16,0,0,0,0,0,0,0,0,0,291000,0,0,0,301000,10000,291000,291000
054330,世芯永豐96購02  ,0,0,0,0,0,0,0,0,0,290000,0,0,0,331000,41000,290000,290000
045412,宏達電群益93購01,0,0,0,0,0,0,0,0,0,290000,0,0,0,300000,10000,290000,290000
043282,美律元大92購02  ,0,0,0,0,0,0,0,0,0,290000,0,0,0,330000,40000,290000,290000
047444,晶技元大93購03  ,0,0,0,0,0,0,0,0,0,290000,0,0,0,359000,69000,290000,290000
04785P,鴻海永豐94售03  ,0,0,0,0,0,0,0,0,0,290000,0,0,0,290000,0,290000,290000
05488P,臺股指凱基95售21,0,0,0,0,0,0,0,0,0,289000,0,0,0,310000,21000,289000,289000
054581,訊芯元大97購02  ,0,0,0,0,0,0,0,0,0,288000,0,0,0,844000,556000,288000,288000
039828,鴻海統一91購01  ,0,0,0,0,0,0,0,0,0,288000,0,0,0,288000,0,288000,288000
047411,康控元富93購02  ,0,0,0,0,0,0,0,0,0,288000,0,0,0,298000,10000,288000,288000
053799,矽創中信9A購01  ,0,0,0,0,0,0,0,0,0,287000,0,0,0,411000,124000,287000,287000
052855,群創日盛99購01  ,0,0,0,0,0,0,0,0,0,287000,0,0,0,674000,387000,287000,287000
044277,彩晶群益92購01  ,0,0,0,0,0,0,0,0,0,286000,0,0,0,292000,6000,286000,286000
051807,瑞昱凱基95購03  ,0,0,0,0,0,0,0,0,0,285000,0,0,0,288000,3000,285000,285000
047758,康舒元富93購01  ,0,0,0,0,0,0,0,0,0,284000,0,0,0,658000,374000,284000,284000
05638P,國巨統一96售04  ,0,0,0,0,0,0,0,0,0,284000,0,0,0,533000,249000,284000,284000
047751,玉山金元富93購01,0,0,0,0,0,0,0,0,0,283000,0,0,0,327000,44000,283000,283000
046629,群創統一98購01  ,0,0,0,0,0,0,0,0,0,283000,0,0,0,306000,23000,283000,283000
051844,宏達電富邦96購01,0,0,0,0,0,0,0,0,0,283000,0,0,0,324000,41000,283000,283000
2929,淘帝-KY         ,294000,5000,289000,0,0,0,0,0,0,-6000,0,0,0,0,6000,-6000,283000
053843,訊芯統一96購01  ,0,0,0,0,0,0,0,0,0,282000,0,0,0,371000,89000,282000,282000
054880,華泰統一97購01  ,0,0,0,0,0,0,0,0,0,282000,0,0,0,352000,70000,282000,282000
054148,矽創元大96購03  ,0,0,0,0,0,0,0,0,0,282000,0,0,0,434000,152000,282000,282000
054227,宏達電元富96購02,0,0,0,0,0,0,0,0,0,282000,0,0,0,292000,10000,282000,282000
052596,群創群益98購05  ,0,0,0,0,0,0,0,0,0,282000,0,0,0,628000,346000,282000,282000
3023,信邦            ,470000,151000,319000,0,0,0,0,0,0,-38000,0,0,0,6000,44000,-38000,281000
053889,致茂群益97購01  ,0,0,0,0,0,0,0,0,0,280000,0,0,0,414000,134000,280000,280000
052672,世紀鋼群益96購02,0,0,0,0,0,0,0,0,0,278000,0,0,0,333000,55000,278000,278000
054873,帆宣群益99購01  ,0,0,0,0,0,0,0,0,0,278000,0,0,0,311000,33000,278000,278000
054963,牧德元大97購02  ,0,0,0,0,0,0,0,0,0,278000,0,0,0,558000,280000,278000,278000
046053,滬深2X群益94購01,0,0,0,0,0,0,0,0,0,278000,0,0,0,283000,5000,278000,278000
048368,燿華統一93購01  ,0,0,0,0,0,0,0,0,0,278000,0,0,0,387000,109000,278000,278000
052609,智易元大97購01  ,0,0,0,0,0,0,0,0,0,278000,0,0,0,328000,50000,278000,278000
053860,台積電元大98購03,0,0,0,0,0,0,0,0,0,277000,0,0,0,599000,322000,277000,277000
044693,滬深2X元大94購01,0,0,0,0,0,0,0,0,0,277000,0,0,0,335000,58000,277000,277000
052128,聯發科日盛95購03,0,0,0,0,0,0,0,0,0,277000,0,0,0,304000,27000,277000,277000
1476,儒鴻            ,412721,120980,291741,0,0,0,0,0,0,-15000,6000,22000,-16000,7000,6000,1000,276741
053868,群創元大99購02  ,0,0,0,0,0,0,0,0,0,276000,0,0,0,605000,329000,276000,276000
043750,美律元大93購01  ,0,0,0,0,0,0,0,0,0,276000,0,0,0,324000,48000,276000,276000
048445,瑞昱凱基93購11  ,0,0,0,0,0,0,0,0,0,276000,0,0,0,299000,23000,276000,276000
05354P,臺股指元富95售08,0,0,0,0,0,0,0,0,0,275000,0,0,0,380000,105000,275000,275000
043344,可成富邦93購01  ,0,0,0,0,0,0,0,0,0,274000,0,0,0,284000,10000,274000,274000
055040,台虹富邦99購01  ,0,0,0,0,0,0,0,0,0,273000,0,0,0,394000,121000,273000,273000
052465,聯詠統一95購02  ,0,0,0,0,0,0,0,0,0,272000,0,0,0,282000,10000,272000,272000
054649,聯茂群益97購01  ,0,0,0,0,0,0,0,0,0,271000,0,0,0,335000,64000,271000,271000
054556,世芯凱基99購01  ,0,0,0,0,0,0,0,0,0,270000,0,0,0,298000,28000,270000,270000
053563,台積電富邦97購01,0,0,0,0,0,0,0,0,0,270000,0,0,0,441000,171000,270000,270000
048157,美律兆豐93購01  ,0,0,0,0,0,0,0,0,0,270000,0,0,0,440000,170000,270000,270000
052106,明泰兆豐95購01  ,0,0,0,0,0,0,0,0,0,270000,0,0,0,270000,0,270000,270000
050486,可成元富94購05  ,0,0,0,0,0,0,0,0,0,270000,0,0,0,270000,0,270000,270000
055123,億光兆豐97購01  ,0,0,0,0,0,0,0,0,0,270000,0,0,0,443000,173000,270000,270000
05501P,健策國票97售01  ,0,0,0,0,0,0,0,0,0,269000,0,0,0,696000,427000,269000,269000
047270,元油2X永豐94購02,0,0,0,0,0,0,0,0,0,269000,0,0,0,369000,100000,269000,269000
049988,貿聯凱基94購02  ,0,0,0,0,0,0,0,0,0,269000,0,0,0,388000,119000,269000,269000
050144,宏達電台新95購01,0,0,0,0,0,0,0,0,0,269000,0,0,0,269000,0,269000,269000
055394,健策統一97購01  ,0,0,0,0,0,0,0,0,0,269000,0,0,0,317000,48000,269000,269000
046131,矽創元大92購03  ,0,0,0,0,0,0,0,0,0,268000,0,0,0,326000,58000,268000,268000
045390,新唐元大92購01  ,0,0,0,0,0,0,0,0,0,268000,0,0,0,268000,0,268000,268000
055254,聯詠統一97購03  ,0,0,0,0,0,0,0,0,0,268000,0,0,0,278000,10000,268000,268000
5434,崇越            ,230000,200000,30000,0,0,0,15000,0,15000,223000,240000,54000,186000,51000,14000,37000,268000
054000,訊芯群益96購02  ,0,0,0,0,0,0,0,0,0,267000,0,0,0,474000,207000,267000,267000
053332,創意永豐96購03  ,0,0,0,0,0,0,0,0,0,267000,0,0,0,293000,26000,267000,267000
044836,宏達電元大93購05,0,0,0,0,0,0,0,0,0,267000,0,0,0,267000,0,267000,267000
049197,信邦永豐94購01  ,0,0,0,0,0,0,0,0,0,267000,0,0,0,319000,52000,267000,267000
3036,文曄            ,1494000,821000,673000,0,0,0,0,0,0,-406000,0,401000,-401000,15000,20000,-5000,267000
053409,和碩兆豐96購02  ,0,0,0,0,0,0,0,0,0,266000,0,0,0,266000,0,266000,266000
053148,華邦電元大96購01,0,0,0,0,0,0,0,0,0,266000,0,0,0,440000,174000,266000,266000
053229,南電台新97購01  ,0,0,0,0,0,0,0,0,0,266000,0,0,0,457000,191000,266000,266000
054358,矽創兆豐96購01  ,0,0,0,0,0,0,0,0,0,266000,0,0,0,366000,100000,266000,266000
055053,瑞昱永豐97購01  ,0,0,0,0,0,0,0,0,0,265000,0,0,0,481000,216000,265000,265000
051149,可成凱基95購04  ,0,0,0,0,0,0,0,0,0,265000,0,0,0,295000,30000,265000,265000
047285,鴻海統一95購02  ,0,0,0,0,0,0,0,0,0,264000,0,0,0,404000,140000,264000,264000
8271,宇瞻            ,417000,154000,263000,0,0,0,0,0,0,0,0,0,0,0,0,0,263000
055235,金寶台新98購01  ,0,0,0,0,0,0,0,0,0,263000,0,0,0,326000,63000,263000,263000
053020,貿聯元富96購01  ,0,0,0,0,0,0,0,0,0,262000,0,0,0,314000,52000,262000,262000
046695,瑞昱凱基93購03  ,0,0,0,0,0,0,0,0,0,262000,0,0,0,297000,35000,262000,262000
048608,燿華凱基93購06  ,0,0,0,0,0,0,0,0,0,261000,0,0,0,261000,0,261000,261000
053208,鴻海凱基96購13  ,0,0,0,0,0,0,0,0,0,260000,0,0,0,275000,15000,260000,260000
054243,國喬元大96購01  ,0,0,0,0,0,0,0,0,0,260000,0,0,0,360000,100000,260000,260000
048337,致茂元大93購04  ,0,0,0,0,0,0,0,0,0,260000,0,0,0,354000,94000,260000,260000
052334,大成鋼日盛95購01,0,0,0,0,0,0,0,0,0,260000,0,0,0,263000,3000,260000,260000
3443,創意            ,297000,29000,268000,0,0,0,72000,1000,71000,-79000,2000,41000,-39000,12000,52000,-40000,260000
053890,華新科群益98購01,0,0,0,0,0,0,0,0,0,259000,0,0,0,410000,151000,259000,259000
03387P,台積電凱基03售11,0,0,0,0,0,0,0,0,0,259000,0,0,0,306000,47000,259000,259000
049593,群創元大9A購01  ,0,0,0,0,0,0,0,0,0,259000,0,0,0,750000,491000,259000,259000
047907,燿華元大93購05  ,0,0,0,0,0,0,0,0,0,259000,0,0,0,293000,34000,259000,259000
053821,群創群益98購08  ,0,0,0,0,0,0,0,0,0,258000,0,0,0,676000,418000,258000,258000
049870,南電兆豐94購01  ,0,0,0,0,0,0,0,0,0,258000,0,0,0,258000,0,258000,258000
046858,群創元大94購02  ,0,0,0,0,0,0,0,0,0,258000,0,0,0,488000,230000,258000,258000
052029,矽力群益95購02  ,0,0,0,0,0,0,0,0,0,258000,0,0,0,361000,103000,258000,258000
055291,京鼎元大97購02  ,0,0,0,0,0,0,0,0,0,258000,0,0,0,417000,159000,258000,258000
044290,群創凱基93購05  ,0,0,0,0,0,0,0,0,0,257000,0,0,0,509000,252000,257000,257000
050491,旺宏國泰96購01  ,0,0,0,0,0,0,0,0,0,257000,0,0,0,346000,89000,257000,257000
4137,麗豐-KY         ,227000,98000,129000,0,0,0,35000,0,35000,93000,30000,15000,15000,87000,9000,78000,257000
053390,彩晶元大9A購01  ,0,0,0,0,0,0,0,0,0,255000,0,0,0,289000,34000,255000,255000
054391,宏達電元富96購04,0,0,0,0,0,0,0,0,0,255000,0,0,0,275000,20000,255000,255000
054574,美律元大99購01  ,0,0,0,0,0,0,0,0,0,255000,0,0,0,300000,45000,255000,255000
046107,勤誠永豐92購01  ,0,0,0,0,0,0,0,0,0,255000,0,0,0,271000,16000,255000,255000
050979,鴻海元富96購02  ,0,0,0,0,0,0,0,0,0,255000,0,0,0,257000,2000,255000,255000
052162,智伸科永豐95購01,0,0,0,0,0,0,0,0,0,255000,0,0,0,314000,59000,255000,255000
055142,健策永豐98購01  ,0,0,0,0,0,0,0,0,0,255000,0,0,0,270000,15000,255000,255000
054275,華通群益97購03  ,0,0,0,0,0,0,0,0,0,254000,0,0,0,254000,0,254000,254000
053186,健策中信9C購01  ,0,0,0,0,0,0,0,0,0,254000,0,0,0,387000,133000,254000,254000
036805,國巨元富93購02  ,0,0,0,0,0,0,0,0,0,254000,0,0,0,712000,458000,254000,254000
048062,南亞科統一93購05,0,0,0,0,0,0,0,0,0,254000,0,0,0,263000,9000,254000,254000
3673,TPK-KY          ,389000,95000,294000,0,0,0,0,0,0,-41000,6000,11000,-5000,7000,43000,-36000,253000
051339,智易永豐95購02  ,0,0,0,0,0,0,0,0,0,252000,0,0,0,518000,266000,252000,252000
2362,藍天            ,307000,59000,248000,0,0,0,0,0,0,4000,4000,0,4000,0,0,0,252000
052680,T50反1元大96購04,0,0,0,0,0,0,0,0,0,251000,0,0,0,251000,0,251000,251000
053689,台光電元大96購01,0,0,0,0,0,0,0,0,0,251000,0,0,0,588000,337000,251000,251000
053986,矽創第一96購01  ,0,0,0,0,0,0,0,0,0,251000,0,0,0,301000,50000,251000,251000
048769,聯鈞凱基94購01  ,0,0,0,0,0,0,0,0,0,251000,0,0,0,465000,214000,251000,251000
051368,國泰金富邦97購01,0,0,0,0,0,0,0,0,0,251000,0,0,0,299000,48000,251000,251000
052346,訊芯凱基95購01  ,0,0,0,0,0,0,0,0,0,251000,0,0,0,548000,297000,251000,251000
050531,訊芯元大95購02  ,0,0,0,0,0,0,0,0,0,251000,0,0,0,670000,419000,251000,251000
050003,景碩永豐94購01  ,0,0,0,0,0,0,0,0,0,251000,0,0,0,270000,19000,251000,251000
2836,高雄銀          ,283000,28000,255000,0,0,0,0,0,0,-4000,0,4000,-4000,0,0,0,251000
054261,智伸科元大96購03,0,0,0,0,0,0,0,0,0,250000,0,0,0,612000,362000,250000,250000
054689,華新科永豐97購01,0,0,0,0,0,0,0,0,0,250000,0,0,0,479000,229000,250000,250000
03546P,欣興群益02售12  ,0,0,0,0,0,0,0,0,0,250000,0,0,0,250000,0,250000,250000
045470,康控元大94購03  ,0,0,0,0,0,0,0,0,0,250000,0,0,0,250000,0,250000,250000
044479,群創統一91購01  ,0,0,0,0,0,0,0,0,0,250000,0,0,0,281000,31000,250000,250000
046460,聯鈞凱基93購02  ,0,0,0,0,0,0,0,0,0,250000,0,0,0,315000,65000,250000,250000
046431,中環第一92購01  ,0,0,0,0,0,0,0,0,0,250000,0,0,0,250000,0,250000,250000
050603,致新國泰96購01  ,0,0,0,0,0,0,0,0,0,250000,0,0,0,423000,173000,250000,250000
05244P,台積電元大95售17,0,0,0,0,0,0,0,0,0,250000,0,0,0,250000,0,250000,250000
05832P,臺股指元富96售04,0,0,0,0,0,0,0,0,0,250000,0,0,0,250000,0,250000,250000
053830,台積電台新96購02,0,0,0,0,0,0,0,0,0,249000,0,0,0,249000,0,249000,249000
053280,群創元大9C購01  ,0,0,0,0,0,0,0,0,0,249000,0,0,0,527000,278000,249000,249000
046685,世紀鋼群益93購02,0,0,0,0,0,0,0,0,0,249000,0,0,0,249000,0,249000,249000
046677,矽創元大93購03  ,0,0,0,0,0,0,0,0,0,249000,0,0,0,262000,13000,249000,249000
046626,台光電統一94購01,0,0,0,0,0,0,0,0,0,249000,0,0,0,327000,78000,249000,249000
050025,燿華元大94購05  ,0,0,0,0,0,0,0,0,0,249000,0,0,0,249000,0,249000,249000
046796,南電元富93購01  ,0,0,0,0,0,0,0,0,0,248000,0,0,0,280000,32000,248000,248000
053004,燿華永豐96購01  ,0,0,0,0,0,0,0,0,0,247000,0,0,0,247000,0,247000,247000
047642,宏達電元大93購08,0,0,0,0,0,0,0,0,0,246000,0,0,0,249000,3000,246000,246000
047075,群創兆豐93購01  ,0,0,0,0,0,0,0,0,0,246000,0,0,0,340000,94000,246000,246000
047749,富邦金元富93購01,0,0,0,0,0,0,0,0,0,246000,0,0,0,456000,210000,246000,246000
051304,緯創凱基96購01  ,0,0,0,0,0,0,0,0,0,245000,0,0,0,330000,85000,245000,245000
051803,矽創永豐95購03  ,0,0,0,0,0,0,0,0,0,245000,0,0,0,245000,0,245000,245000
055188,亞翔統一97購01  ,0,0,0,0,0,0,0,0,0,245000,0,0,0,343000,98000,245000,245000
3533,嘉澤            ,268000,137000,131000,0,0,0,71000,11000,60000,54000,36000,4000,32000,32000,10000,22000,245000
053170,茂林群益96購04  ,0,0,0,0,0,0,0,0,0,244000,0,0,0,319000,75000,244000,244000
05288P,寶成元富95售02  ,0,0,0,0,0,0,0,0,0,244000,0,0,0,244000,0,244000,244000
045183,台光電統一92購02,0,0,0,0,0,0,0,0,0,244000,0,0,0,372000,128000,244000,244000
046432,宏達電中信94購01,0,0,0,0,0,0,0,0,0,244000,0,0,0,244000,0,244000,244000
3661,世芯-KY         ,902000,597000,305000,0,0,0,98000,0,98000,-159000,21000,13000,8000,34000,201000,-167000,244000
2383,台光電          ,1264000,1666000,-402000,0,0,0,949000,195000,754000,-108000,163000,207000,-44000,81000,145000,-64000,244000
053325,GIS群益96購02   ,0,0,0,0,0,0,0,0,0,243000,0,0,0,528000,285000,243000,243000
046788,貿聯永豐93購01  ,0,0,0,0,0,0,0,0,0,243000,0,0,0,253000,10000,243000,243000
048503,百和元大93購02  ,0,0,0,0,0,0,0,0,0,243000,0,0,0,282000,39000,243000,243000
050238,瑞昱凱基94購05  ,0,0,0,0,0,0,0,0,0,243000,0,0,0,296000,53000,243000,243000
2101,南港            ,1228000,1176000,52000,0,0,0,0,0,0,191000,2000,1000,1000,266000,76000,190000,243000
043765,GIS元大93購04   ,0,0,0,0,0,0,0,0,0,242000,0,0,0,252000,10000,242000,242000
00865B,國泰US短期公債  ,0,0,0,0,0,0,0,0,0,242000,0,0,0,259000,17000,242000,242000
046787,和鑫永豐93購01  ,0,0,0,0,0,0,0,0,0,242000,0,0,0,261000,19000,242000,242000
047466,新光金國泰95購01,0,0,0,0,0,0,0,0,0,242000,0,0,0,276000,34000,242000,242000
052214,智伸科元大96購01,0,0,0,0,0,0,0,0,0,241000,0,0,0,285000,44000,241000,241000
054578,世芯元大99購01  ,0,0,0,0,0,0,0,0,0,240000,0,0,0,578000,338000,240000,240000
054073,群創富邦96購03  ,0,0,0,0,0,0,0,0,0,240000,0,0,0,286000,46000,240000,240000
03469P,欣興康和02售01  ,0,0,0,0,0,0,0,0,0,240000,0,0,0,240000,0,240000,240000
048848,滬深2X群益98購02,0,0,0,0,0,0,0,0,0,240000,0,0,0,483000,243000,240000,240000
055061,聯詠永豐97購01  ,0,0,0,0,0,0,0,0,0,239000,0,0,0,257000,18000,239000,239000
053222,聯茂凱基96購03  ,0,0,0,0,0,0,0,0,0,239000,0,0,0,250000,11000,239000,239000
046408,宏達電元大92購06,0,0,0,0,0,0,0,0,0,237000,0,0,0,260000,23000,237000,237000
049932,GIS元大94購03   ,0,0,0,0,0,0,0,0,0,237000,0,0,0,384000,147000,237000,237000
049806,臺企銀元大94購01,0,0,0,0,0,0,0,0,0,237000,0,0,0,237000,0,237000,237000
051445,可成元大95購06  ,0,0,0,0,0,0,0,0,0,237000,0,0,0,287000,50000,237000,237000
053246,聯詠國票97購02  ,0,0,0,0,0,0,0,0,0,236000,0,0,0,266000,30000,236000,236000
6443,元晶            ,279000,43000,236000,0,0,0,0,0,0,0,0,0,0,0,0,0,236000
05446P,緯穎元大95售04  ,0,0,0,0,0,0,0,0,0,235000,0,0,0,285000,50000,235000,235000
046895,智伸科群益93購02,0,0,0,0,0,0,0,0,0,235000,0,0,0,680000,445000,235000,235000
047529,嘉晶元大94購02  ,0,0,0,0,0,0,0,0,0,235000,0,0,0,584000,349000,235000,235000
047298,聯茂元富96購01  ,0,0,0,0,0,0,0,0,0,235000,0,0,0,235000,0,235000,235000
051288,可成統一95購03  ,0,0,0,0,0,0,0,0,0,235000,0,0,0,235000,0,235000,235000
6414,樺漢            ,237000,27000,210000,0,0,0,0,0,0,25000,10000,5000,5000,55000,35000,20000,235000
054456,華泰群益99購01  ,0,0,0,0,0,0,0,0,0,234000,0,0,0,347000,113000,234000,234000
055074,台虹永豐97購01  ,0,0,0,0,0,0,0,0,0,234000,0,0,0,351000,117000,234000,234000
053013,台積電統一97購01,0,0,0,0,0,0,0,0,0,233000,0,0,0,255000,22000,233000,233000
053096,康控統一96購01  ,0,0,0,0,0,0,0,0,0,233000,0,0,0,281000,48000,233000,233000
052909,上銀統一96購01  ,0,0,0,0,0,0,0,0,0,232000,0,0,0,273000,41000,232000,232000
052742,可成元大96購01  ,0,0,0,0,0,0,0,0,0,232000,0,0,0,687000,455000,232000,232000
054772,康控國票98購02  ,0,0,0,0,0,0,0,0,0,232000,0,0,0,243000,11000,232000,232000
050525,嘉晶元大95購02  ,0,0,0,0,0,0,0,0,0,232000,0,0,0,266000,34000,232000,232000
053982,臻鼎元大96購05  ,0,0,0,0,0,0,0,0,0,231000,0,0,0,238000,7000,231000,231000
053794,燿華亞東96購01  ,0,0,0,0,0,0,0,0,0,231000,0,0,0,231000,0,231000,231000
045101,玉晶光中信94購01,0,0,0,0,0,0,0,0,0,231000,0,0,0,379000,148000,231000,231000
047354,訊芯凱基94購01  ,0,0,0,0,0,0,0,0,0,231000,0,0,0,495000,264000,231000,231000
050035,聯茂元大94購07  ,0,0,0,0,0,0,0,0,0,231000,0,0,0,311000,80000,231000,231000
052466,聯詠統一95購03  ,0,0,0,0,0,0,0,0,0,231000,0,0,0,231000,0,231000,231000
04452P,超眾國泰95售01  ,0,0,0,0,0,0,0,0,0,230000,0,0,0,230000,0,230000,230000
049033,大成鋼兆豐94購01,0,0,0,0,0,0,0,0,0,230000,0,0,0,330000,100000,230000,230000
043650,喬山國泰93購02  ,0,0,0,0,0,0,0,0,0,230000,0,0,0,230000,0,230000,230000
04687P,全新凱基94售02  ,0,0,0,0,0,0,0,0,0,230000,0,0,0,230000,0,230000,230000
051681,日月光兆豐95購01,0,0,0,0,0,0,0,0,0,230000,0,0,0,230000,0,230000,230000
052708,楠梓電永豐97購01,0,0,0,0,0,0,0,0,0,229000,0,0,0,249000,20000,229000,229000
053251,世紀鋼國票97購02,0,0,0,0,0,0,0,0,0,229000,0,0,0,229000,0,229000,229000
054238,聯茂群益96購04  ,0,0,0,0,0,0,0,0,0,229000,0,0,0,316000,87000,229000,229000
03250P,日月光元富07售02,0,0,0,0,0,0,0,0,0,229000,0,0,0,229000,0,229000,229000
06021P,世紀鋼元富96售03,0,0,0,0,0,0,0,0,0,229000,0,0,0,229000,0,229000,229000
054069,亞光國泰98購01  ,0,0,0,0,0,0,0,0,0,228000,0,0,0,304000,76000,228000,228000
006207,FH滬深          ,281000,52000,229000,0,0,0,0,0,0,-1000,0,0,0,547000,548000,-1000,228000
049209,GIS群益94購03   ,0,0,0,0,0,0,0,0,0,228000,0,0,0,332000,104000,228000,228000
045139,台光電兆豐92購01,0,0,0,0,0,0,0,0,0,228000,0,0,0,402000,174000,228000,228000
046415,嘉晶元大92購03  ,0,0,0,0,0,0,0,0,0,228000,0,0,0,228000,0,228000,228000
049352,泰鼎永豐95購01  ,0,0,0,0,0,0,0,0,0,228000,0,0,0,241000,13000,228000,228000
047968,南電國泰94購01  ,0,0,0,0,0,0,0,0,0,227000,0,0,0,551000,324000,227000,227000
051991,泰碩元大95購02  ,0,0,0,0,0,0,0,0,0,227000,0,0,0,327000,100000,227000,227000
051463,世芯國泰97購02  ,0,0,0,0,0,0,0,0,0,227000,0,0,0,247000,20000,227000,227000
052468,超眾統一96購02  ,0,0,0,0,0,0,0,0,0,227000,0,0,0,333000,106000,227000,227000
053074,嘉晶永豐96購02  ,0,0,0,0,0,0,0,0,0,226000,0,0,0,515000,289000,226000,226000
045163,瀚宇博國泰93購01,0,0,0,0,0,0,0,0,0,226000,0,0,0,511000,285000,226000,226000
046134,致新國泰93購02  ,0,0,0,0,0,0,0,0,0,226000,0,0,0,313000,87000,226000,226000
049052,台積電永豐94購02,0,0,0,0,0,0,0,0,0,225000,0,0,0,236000,11000,225000,225000
036804,國巨元富93購01  ,0,0,0,0,0,0,0,0,0,224000,0,0,0,499000,275000,224000,224000
6531,愛普            ,362000,138499,223501,0,0,0,0,0,0,0,20000,20000,0,0,0,0,223501
053455,台光電元富96購02,0,0,0,0,0,0,0,0,0,223000,0,0,0,480000,257000,223000,223000
054299,南電元大96購03  ,0,0,0,0,0,0,0,0,0,223000,0,0,0,527000,304000,223000,223000
055066,佐登永豐97購01  ,0,0,0,0,0,0,0,0,0,223000,0,0,0,223000,0,223000,223000
049807,新光金元大96購02,0,0,0,0,0,0,0,0,0,223000,0,0,0,223000,0,223000,223000
052464,大立光統一95購05,0,0,0,0,0,0,0,0,0,223000,0,0,0,335000,112000,223000,223000
049499,康控元大96購01  ,0,0,0,0,0,0,0,0,0,222000,0,0,0,383000,161000,222000,222000
054437,欣興台新97購02  ,0,0,0,0,0,0,0,0,0,221000,0,0,0,224000,3000,221000,221000
044768,深中小元大94購02,0,0,0,0,0,0,0,0,0,221000,0,0,0,221000,0,221000,221000
047559,彩晶凱基94購03  ,0,0,0,0,0,0,0,0,0,221000,0,0,0,257000,36000,221000,221000
047042,佐登群益93購01  ,0,0,0,0,0,0,0,0,0,221000,0,0,0,261000,40000,221000,221000
052115,T50反1國票95購03,0,0,0,0,0,0,0,0,0,221000,0,0,0,767000,546000,221000,221000
054248,燿華元大97購02  ,0,0,0,0,0,0,0,0,0,220000,0,0,0,437000,217000,220000,220000
052744,聯詠元大97購01  ,0,0,0,0,0,0,0,0,0,220000,0,0,0,333000,113000,220000,220000
05283P,健鼎元大95售04  ,0,0,0,0,0,0,0,0,0,220000,0,0,0,220000,0,220000,220000
052833,康控群益96購01  ,0,0,0,0,0,0,0,0,0,220000,0,0,0,305000,85000,220000,220000
046291,友達統一94購01  ,0,0,0,0,0,0,0,0,0,220000,0,0,0,238000,18000,220000,220000
040381,元金2X元富95購01,0,0,0,0,0,0,0,0,0,220000,0,0,0,225000,5000,220000,220000
03958P,嘉聯益統一93售01,0,0,0,0,0,0,0,0,0,220000,0,0,0,220000,0,220000,220000
044228,群創群益91購02  ,0,0,0,0,0,0,0,0,0,220000,0,0,0,220000,0,220000,220000
042912,凌陽元大94購01  ,0,0,0,0,0,0,0,0,0,220000,0,0,0,220000,0,220000,220000
047885,元金2X富邦99購01,0,0,0,0,0,0,0,0,0,220000,0,0,0,240000,20000,220000,220000
048069,南亞科元富95購02,0,0,0,0,0,0,0,0,0,220000,0,0,0,220000,0,220000,220000
047004,台積電統一99購01,0,0,0,0,0,0,0,0,0,220000,0,0,0,728000,508000,220000,220000
049615,香港2X群益98購01,0,0,0,0,0,0,0,0,0,220000,0,0,0,220000,0,220000,220000
049644,台積電凱基94購21,0,0,0,0,0,0,0,0,0,220000,0,0,0,237000,17000,220000,220000
049769,和鑫元富96購01  ,0,0,0,0,0,0,0,0,0,220000,0,0,0,332000,112000,220000,220000
052312,美律富邦96購02  ,0,0,0,0,0,0,0,0,0,220000,0,0,0,242000,22000,220000,220000
047864,信邦康和93購01  ,0,0,0,0,0,0,0,0,0,219000,0,0,0,316000,97000,219000,219000
050375,矽創元大94購02  ,0,0,0,0,0,0,0,0,0,219000,0,0,0,227000,8000,219000,219000
054566,貿聯群益97購02  ,0,0,0,0,0,0,0,0,0,218000,0,0,0,398000,180000,218000,218000
047678,景碩台新93購01  ,0,0,0,0,0,0,0,0,0,218000,0,0,0,218000,0,218000,218000
051383,京鼎群益96購02  ,0,0,0,0,0,0,0,0,0,218000,0,0,0,621000,403000,218000,218000
2820,華票            ,141000,143000,-2000,0,0,0,0,0,0,220000,220000,0,220000,0,0,0,218000
1227,佳格            ,331213,188484,142729,0,0,0,0,0,0,75000,75000,0,75000,0,0,0,217729
8464,億豐            ,489851,344763,145088,0,0,0,78000,6000,72000,0,0,0,0,0,0,0,217088
049157,矽創元大95購01  ,0,0,0,0,0,0,0,0,0,217000,0,0,0,267000,50000,217000,217000
05495P,大立光統一95售07,0,0,0,0,0,0,0,0,0,216000,0,0,0,266000,50000,216000,216000
054370,台積電中信9A購01,0,0,0,0,0,0,0,0,0,216000,0,0,0,246000,30000,216000,216000
048019,GIS麥證94購01   ,0,0,0,216000,0,216000,0,0,0,216000,0,0,0,216000,0,216000,216000
052612,康舒元大97購01  ,0,0,0,0,0,0,0,0,0,216000,0,0,0,288000,72000,216000,216000
08558P,香港2X國票9C售01,0,0,0,0,0,0,0,0,0,216000,0,0,0,216000,0,216000,216000
055238,茂林台新97購01  ,0,0,0,0,0,0,0,0,0,216000,0,0,0,302000,86000,216000,216000
055021,亞德客國泰98購01,0,0,0,0,0,0,0,0,0,215000,0,0,0,459000,244000,215000,215000
053253,友達國泰97購02  ,0,0,0,0,0,0,0,0,0,215000,0,0,0,215000,0,215000,215000
053866,景碩元大97購02  ,0,0,0,0,0,0,0,0,0,215000,0,0,0,225000,10000,215000,215000
048893,南電元富94購01  ,0,0,0,0,0,0,0,0,0,215000,0,0,0,301000,86000,215000,215000
048721,正文永豐94購01  ,0,0,0,0,0,0,0,0,0,215000,0,0,0,341000,126000,215000,215000
051558,元金2X國泰97購01,0,0,0,0,0,0,0,0,0,215000,0,0,0,267000,52000,215000,215000
05181P,健策凱基95售01  ,0,0,0,0,0,0,0,0,0,215000,0,0,0,350000,135000,215000,215000
050453,創意元大95購03  ,0,0,0,0,0,0,0,0,0,215000,0,0,0,327000,112000,215000,215000
03821P,上海銀統一95售01,0,0,0,0,0,0,0,0,0,214000,0,0,0,214000,0,214000,214000
049761,亞德客國泰95購03,0,0,0,0,0,0,0,0,0,214000,0,0,0,228000,14000,214000,214000
049865,和鑫兆豐95購01  ,0,0,0,0,0,0,0,0,0,214000,0,0,0,364000,150000,214000,214000
048378,貿聯元富93購01  ,0,0,0,0,0,0,0,0,0,214000,0,0,0,215000,1000,214000,214000
049457,彩晶統一94購02  ,0,0,0,0,0,0,0,0,0,214000,0,0,0,214000,0,214000,214000
050539,鴻海凱基95購07  ,0,0,0,0,0,0,0,0,0,214000,0,0,0,245000,31000,214000,214000
050084,宏達電元富94購03,0,0,0,0,0,0,0,0,0,213000,0,0,0,240000,27000,213000,213000
2610,華航            ,2485325,1854780,630545,0,0,0,0,0,0,-418000,1000,452000,-451000,33000,0,33000,212545
048395,南亞科國票93購02,0,0,0,0,0,0,0,0,0,212000,0,0,0,292000,80000,212000,212000
2481,強茂            ,504000,246000,258000,0,0,0,0,0,0,-46000,0,0,0,13000,59000,-46000,212000
055167,友訊統一97購01  ,0,0,0,0,0,0,0,0,0,212000,0,0,0,331000,119000,212000,212000
053833,彩晶台新97購02  ,0,0,0,0,0,0,0,0,0,211000,0,0,0,358000,147000,211000,211000
053688,燿華元大96購05  ,0,0,0,0,0,0,0,0,0,211000,0,0,0,352000,141000,211000,211000
053480,祥碩元大96購02  ,0,0,0,0,0,0,0,0,0,211000,0,0,0,250000,39000,211000,211000
051684,瑞昱凱基95購02  ,0,0,0,0,0,0,0,0,0,211000,0,0,0,269000,58000,211000,211000
051852,啟碁群益95購01  ,0,0,0,0,0,0,0,0,0,211000,0,0,0,211000,0,211000,211000
052197,台郡元富95購03  ,0,0,0,0,0,0,0,0,0,211000,0,0,0,337000,126000,211000,211000
054925,神達凱基97購01  ,0,0,0,0,0,0,0,0,0,210000,0,0,0,238000,28000,210000,210000
046127,臻鼎元大92購07  ,0,0,0,0,0,0,0,0,0,210000,0,0,0,311000,101000,210000,210000
044307,GIS兆豐93購01   ,0,0,0,0,0,0,0,0,0,210000,0,0,0,210000,0,210000,210000
047123,中石化中信95購01,0,0,0,0,0,0,0,0,0,210000,0,0,0,265000,55000,210000,210000
051674,臻鼎元大95購02  ,0,0,0,0,0,0,0,0,0,210000,0,0,0,210000,0,210000,210000
055246,美律統一98購01  ,0,0,0,0,0,0,0,0,0,210000,0,0,0,311000,101000,210000,210000
054787,華新科群益97購04,0,0,0,0,0,0,0,0,0,209000,0,0,0,268000,59000,209000,209000
054047,富邦金元大97購01,0,0,0,0,0,0,0,0,0,209000,0,0,0,364000,155000,209000,209000
052796,和碩兆豐96購01  ,0,0,0,0,0,0,0,0,0,209000,0,0,0,217000,8000,209000,209000
045459,致茂元大92購01  ,0,0,0,0,0,0,0,0,0,209000,0,0,0,261000,52000,209000,209000
049884,訊芯永豐94購01  ,0,0,0,0,0,0,0,0,0,209000,0,0,0,258000,49000,209000,209000
050310,卜蜂兆豐94購01  ,0,0,0,0,0,0,0,0,0,209000,0,0,0,219000,10000,209000,209000
1904,正隆            ,415000,40000,375000,0,0,0,0,0,0,-166000,20000,186000,-166000,0,0,0,209000
1609,大亞            ,380000,171000,209000,0,0,0,0,0,0,0,0,0,0,0,0,0,209000
050223,聯茂元富94購02  ,0,0,0,0,0,0,0,0,0,208000,0,0,0,249000,41000,208000,208000
051231,健策群益97購01  ,0,0,0,0,0,0,0,0,0,208000,0,0,0,255000,47000,208000,208000
050876,復盛永豐95購01  ,0,0,0,0,0,0,0,0,0,208000,0,0,0,208000,0,208000,208000
052634,華邦電凱基96購01,0,0,0,0,0,0,0,0,0,208000,0,0,0,213000,5000,208000,208000
053772,大成鋼元大96購02,0,0,0,0,0,0,0,0,0,207000,0,0,0,481000,274000,207000,207000
054374,信邦中信96購01  ,0,0,0,0,0,0,0,0,0,207000,0,0,0,399000,192000,207000,207000
04161P,全新國泰94售01  ,0,0,0,0,0,0,0,0,0,207000,0,0,0,207000,0,207000,207000
049502,訊芯元大94購01  ,0,0,0,0,0,0,0,0,0,207000,0,0,0,290000,83000,207000,207000
050388,鴻海統一94購09  ,0,0,0,0,0,0,0,0,0,207000,0,0,0,435000,228000,207000,207000
053282,彩晶元大9C購01  ,0,0,0,0,0,0,0,0,0,206000,0,0,0,271000,65000,206000,206000
053132,國巨國票97購02  ,0,0,0,0,0,0,0,0,0,206000,0,0,0,548000,342000,206000,206000
044818,可成兆豐93購02  ,0,0,0,0,0,0,0,0,0,206000,0,0,0,206000,0,206000,206000
050532,矽創元大94購03  ,0,0,0,0,0,0,0,0,0,206000,0,0,0,413000,207000,206000,206000
051916,和碩元大95購02  ,0,0,0,0,0,0,0,0,0,206000,0,0,0,427000,221000,206000,206000
044531,欣興富邦93購01  ,0,0,0,0,0,0,0,0,0,205000,0,0,0,411000,206000,205000,205000
048392,宏碁國票94購01  ,0,0,0,0,0,0,0,0,0,205000,0,0,0,215000,10000,205000,205000
05156P,群創兆豐95售01  ,0,0,0,0,0,0,0,0,0,205000,0,0,0,245000,40000,205000,205000
050541,智邦凱基94購04  ,0,0,0,0,0,0,0,0,0,205000,0,0,0,210000,5000,205000,205000
050272,訊芯元大94購03  ,0,0,0,0,0,0,0,0,0,205000,0,0,0,555000,350000,205000,205000
049918,宏達電元大94購01,0,0,0,0,0,0,0,0,0,205000,0,0,0,215000,10000,205000,205000
051307,康舒凱基95購01  ,0,0,0,0,0,0,0,0,0,205000,0,0,0,279000,74000,205000,205000
054119,燿華永豐96購05  ,0,0,0,0,0,0,0,0,0,204000,0,0,0,204000,0,204000,204000
055065,神達永豐97購01  ,0,0,0,0,0,0,0,0,0,204000,0,0,0,371000,167000,204000,204000
044850,南亞科統一94購01,0,0,0,0,0,0,0,0,0,204000,0,0,0,223000,19000,204000,204000
049327,台郡元富94購01  ,0,0,0,0,0,0,0,0,0,204000,0,0,0,245000,41000,204000,204000
050203,美律群益94購04  ,0,0,0,0,0,0,0,0,0,204000,0,0,0,468000,264000,204000,204000
05535P,台積電元大97售06,0,0,0,0,0,0,0,0,0,204000,0,0,0,243000,39000,204000,204000
053771,華新元大97購01  ,0,0,0,0,0,0,0,0,0,203000,0,0,0,203000,0,203000,203000
049780,智易統一94購02  ,0,0,0,0,0,0,0,0,0,203000,0,0,0,478000,275000,203000,203000
051297,台積電凱基95購07,0,0,0,0,0,0,0,0,0,203000,0,0,0,278000,75000,203000,203000
052377,景碩元大96購02  ,0,0,0,0,0,0,0,0,0,203000,0,0,0,233000,30000,203000,203000
054821,貿聯元大9A購01  ,0,0,0,0,0,0,0,0,0,202000,0,0,0,286000,84000,202000,202000
048485,泰鼎國泰94購02  ,0,0,0,0,0,0,0,0,0,202000,0,0,0,202000,0,202000,202000
047772,泰鼎元大93購05  ,0,0,0,0,0,0,0,0,0,202000,0,0,0,212000,10000,202000,202000
049423,臺股指凱基95購02,0,0,0,0,0,0,0,0,0,202000,0,0,0,212000,10000,202000,202000
051594,和碩元大96購01  ,0,0,0,0,0,0,0,0,0,202000,0,0,0,204000,2000,202000,202000
051358,台新金元大95購01,0,0,0,0,0,0,0,0,0,202000,0,0,0,202000,0,202000,202000
050134,世紀鋼凱基94購04,0,0,0,0,0,0,0,0,0,202000,0,0,0,202000,0,202000,202000
046089,南亞科兆豐92購01,0,0,0,0,0,0,0,0,0,201000,0,0,0,201000,0,201000,201000
051141,鈺齊永豐95購01  ,0,0,0,0,0,0,0,0,0,201000,0,0,0,526000,325000,201000,201000
050721,台泥國票94購01  ,0,0,0,0,0,0,0,0,0,201000,0,0,0,201000,0,201000,201000
052484,矽創群益95購02  ,0,0,0,0,0,0,0,0,0,201000,0,0,0,458000,257000,201000,201000
055260,晶相光統一98購01,0,0,0,0,0,0,0,0,0,201000,0,0,0,412000,211000,201000,201000
055030,帆宣國泰99購02  ,0,0,0,0,0,0,0,0,0,200000,0,0,0,621000,421000,200000,200000
054563,泰碩群益99購01  ,0,0,0,0,0,0,0,0,0,200000,0,0,0,211000,11000,200000,200000
054241,深中小元大98購01,0,0,0,0,0,0,0,0,0,200000,0,0,0,200000,0,200000,200000
044267,潤泰全中信91購01,0,0,0,0,0,0,0,0,0,200000,0,0,0,200000,0,200000,200000
04148P,GIS凱基93售05   ,0,0,0,0,0,0,0,0,0,200000,0,0,0,224000,24000,200000,200000
042428,復盛元大91購02  ,0,0,0,0,0,0,0,0,0,200000,0,0,0,200000,0,200000,200000
04542P,致伸永豐94售01  ,0,0,0,0,0,0,0,0,0,200000,0,0,0,400000,200000,200000,200000
045494,裕隆凱基92購02  ,0,0,0,0,0,0,0,0,0,200000,0,0,0,200000,0,200000,200000
045900,臻鼎元大92購05  ,0,0,0,0,0,0,0,0,0,200000,0,0,0,200000,0,200000,200000
04923P,GIS凱基94售06   ,0,0,0,0,0,0,0,0,0,200000,0,0,0,200000,0,200000,200000
049131,元油2X元大94購02,0,0,0,0,0,0,0,0,0,200000,0,0,0,200000,0,200000,200000
046289,群創兆豐92購03  ,0,0,0,0,0,0,0,0,0,200000,0,0,0,200000,0,200000,200000
047892,康控兆豐94購01  ,0,0,0,0,0,0,0,0,0,200000,0,0,0,200000,0,200000,200000
048661,瑞昱統一93購05  ,0,0,0,0,0,0,0,0,0,200000,0,0,0,348000,148000,200000,200000
048679,大成鋼富邦93購01,0,0,0,0,0,0,0,0,0,200000,0,0,0,200000,0,200000,200000
048865,世紀鋼群益94購01,0,0,0,0,0,0,0,0,0,200000,0,0,0,200000,0,200000,200000
052400,聯詠凱基97購01  ,0,0,0,0,0,0,0,0,0,200000,0,0,0,200000,0,200000,200000
052129,鴻海凱基97購02  ,0,0,0,0,0,0,0,0,0,200000,0,0,0,200000,0,200000,200000
051923,聯發科日盛95購02,0,0,0,0,0,0,0,0,0,200000,0,0,0,360000,160000,200000,200000
051786,A50正2國票95購02,0,0,0,0,0,0,0,0,0,200000,0,0,0,200000,0,200000,200000
050890,南電富邦99購01  ,0,0,0,0,0,0,0,0,0,200000,0,0,0,200000,0,200000,200000
050381,鴻海兆豐94購01  ,0,0,0,0,0,0,0,0,0,200000,0,0,0,210000,10000,200000,200000
05587P,鴻海凱基96售12  ,0,0,0,0,0,0,0,0,0,200000,0,0,0,200000,0,200000,200000
06081P,深中小元大97售02,0,0,0,0,0,0,0,0,0,200000,0,0,0,200000,0,200000,200000
054407,美律國票97購02  ,0,0,0,0,0,0,0,0,0,199000,0,0,0,199000,0,199000,199000
053061,GIS富邦97購01   ,0,0,0,0,0,0,0,0,0,199000,0,0,0,199000,0,199000,199000
045653,南茂凱基93購02  ,0,0,0,0,0,0,0,0,0,199000,0,0,0,199000,0,199000,199000
040721,大立光富邦92購01,0,0,0,0,0,0,0,0,0,199000,0,0,0,265000,66000,199000,199000
048067,台光電元富93購01,0,0,0,0,0,0,0,0,0,199000,0,0,0,209000,10000,199000,199000
051480,大立光凱基97購01,0,0,0,0,0,0,0,0,0,199000,0,0,0,216000,17000,199000,199000
6552,易華電          ,233000,21000,212000,0,0,0,0,0,0,-13000,0,0,0,0,13000,-13000,199000
053765,智邦富邦96購01  ,0,0,0,0,0,0,0,0,0,198000,0,0,0,370000,172000,198000,198000
054681,味全永豐97購01  ,0,0,0,0,0,0,0,0,0,198000,0,0,0,198000,0,198000,198000
049144,瑞昱元大94購03  ,0,0,0,0,0,0,0,0,0,198000,0,0,0,218000,20000,198000,198000
048066,樺漢統一93購01  ,0,0,0,0,0,0,0,0,0,198000,0,0,0,266000,68000,198000,198000
048324,訊芯凱基93購03  ,0,0,0,0,0,0,0,0,0,198000,0,0,0,467000,269000,198000,198000
047673,瑞昱元富96購01  ,0,0,0,0,0,0,0,0,0,198000,0,0,0,551000,353000,198000,198000
05874P,台積電群益96售10,0,0,0,0,0,0,0,0,0,198000,0,0,0,290000,92000,198000,198000
053620,臺股指群益96購06,0,0,0,0,0,0,0,0,0,197000,0,0,0,197000,0,197000,197000
00651R,FH香港反1       ,0,0,0,0,0,0,0,0,0,197000,0,0,0,439000,242000,197000,197000
048465,南電台新93購01  ,0,0,0,0,0,0,0,0,0,197000,0,0,0,197000,0,197000,197000
047757,達運元富93購01  ,0,0,0,0,0,0,0,0,0,197000,0,0,0,269000,72000,197000,197000
051302,可成凱基95購06  ,0,0,0,0,0,0,0,0,0,197000,0,0,0,197000,0,197000,197000
053686,台積電元大97購08,0,0,0,0,0,0,0,0,0,196000,0,0,0,206000,10000,196000,196000
053258,上証2X群益9A購03,0,0,0,0,0,0,0,0,0,196000,0,0,0,196000,0,196000,196000
052765,新日興群益97購01,0,0,0,0,0,0,0,0,0,196000,0,0,0,384000,188000,196000,196000
047934,GIS凱基94購01   ,0,0,0,0,0,0,0,0,0,196000,0,0,0,196000,0,196000,196000
053101,創意元富96購03  ,0,0,0,0,0,0,0,0,0,195000,0,0,0,224000,29000,195000,195000
048307,道瓊指凱基93購01,0,0,0,0,0,0,0,0,0,195000,0,0,0,200000,5000,195000,195000
049361,華通元大94購02  ,0,0,0,0,0,0,0,0,0,195000,0,0,0,195000,0,195000,195000
052322,力成元大96購01  ,0,0,0,0,0,0,0,0,0,195000,0,0,0,278000,83000,195000,195000
052678,群創富邦96購01  ,0,0,0,0,0,0,0,0,0,194000,0,0,0,200000,6000,194000,194000
052933,祥碩元大96購01  ,0,0,0,0,0,0,0,0,0,194000,0,0,0,235000,41000,194000,194000
054410,國巨元大96購14  ,0,0,0,0,0,0,0,0,0,194000,0,0,0,277000,83000,194000,194000
051554,鎧勝永豐95購01  ,0,0,0,0,0,0,0,0,0,194000,0,0,0,194000,0,194000,194000
054584,貿聯元富97購01  ,0,0,0,0,0,0,0,0,0,193000,0,0,0,266000,73000,193000,193000
045015,玉晶光元大94購01,0,0,0,0,0,0,0,0,0,193000,0,0,0,193000,0,193000,193000
048070,聯發科元富99購03,0,0,0,0,0,0,0,0,0,193000,0,0,0,204000,11000,193000,193000
051110,可成統一95購01  ,0,0,0,0,0,0,0,0,0,193000,0,0,0,193000,0,193000,193000
050875,訊芯永豐95購01  ,0,0,0,0,0,0,0,0,0,193000,0,0,0,222000,29000,193000,193000
055173,瑞昱統一97購01  ,0,0,0,0,0,0,0,0,0,193000,0,0,0,270000,77000,193000,193000
054186,高鐵永豐96購01  ,0,0,0,0,0,0,0,0,0,192000,0,0,0,250000,58000,192000,192000
051027,楠梓電元富95購01,0,0,0,0,0,0,0,0,0,192000,0,0,0,232000,40000,192000,192000
050165,泰鼎國泰95購02  ,0,0,0,0,0,0,0,0,0,192000,0,0,0,195000,3000,192000,192000
6282,康舒            ,1016000,371000,645000,0,0,0,0,0,0,-453000,1000,40000,-39000,57000,471000,-414000,192000
052941,康控兆豐97購01  ,0,0,0,0,0,0,0,0,0,191000,0,0,0,307000,116000,191000,191000
053541,泰鼎永豐96購02  ,0,0,0,0,0,0,0,0,0,191000,0,0,0,191000,0,191000,191000
04577P,康友元富94售02  ,0,0,0,0,0,0,0,0,0,191000,0,0,0,191000,0,191000,191000
052635,奇力新凱基98購01,0,0,0,0,0,0,0,0,0,191000,0,0,0,338000,147000,191000,191000
2376,技嘉            ,441000,234000,207000,0,0,0,0,5000,-5000,-11000,14000,4000,10000,1000,22000,-21000,191000
055131,茂林康和97購01  ,0,0,0,0,0,0,0,0,0,191000,0,0,0,285000,94000,191000,191000
2105,正新            ,592089,408000,184089,0,0,0,0,0,0,6000,12000,6000,6000,0,0,0,190089
03996P,旺宏國泰95售01  ,0,0,0,0,0,0,0,0,0,190000,0,0,0,190000,0,190000,190000
043599,宏達電元大93購03,0,0,0,0,0,0,0,0,0,190000,0,0,0,225000,35000,190000,190000
043997,致新元大91購02  ,0,0,0,0,0,0,0,0,0,190000,0,0,0,190000,0,190000,190000
046592,南電元大92購03  ,0,0,0,0,0,0,0,0,0,190000,0,0,0,241000,51000,190000,190000
049533,美食永豐94購03  ,0,0,0,0,0,0,0,0,0,190000,0,0,0,200000,10000,190000,190000
052150,台積電富邦95購07,0,62000,-62000,0,0,0,0,0,0,252000,0,0,0,1393000,1141000,252000,190000
051633,可成國票96購03  ,0,0,0,0,0,0,0,0,0,190000,0,0,0,203000,13000,190000,190000
051414,新光金國票95購04,0,0,0,0,0,0,0,0,0,190000,0,0,0,300000,110000,190000,190000
051692,深中小統一95購01,0,0,0,0,0,0,0,0,0,190000,0,0,0,250000,60000,190000,190000
050534,臻鼎兆豐94購01  ,0,0,0,0,0,0,0,0,0,190000,0,0,0,300000,110000,190000,190000
053697,臻鼎元大96購02  ,0,0,0,0,0,0,0,0,0,189000,0,0,0,208000,19000,189000,189000
053256,上銀富邦98購01  ,0,0,0,0,0,0,0,0,0,189000,0,0,0,347000,158000,189000,189000
048125,和鑫元大96購01  ,0,0,0,0,0,0,0,0,0,189000,0,0,0,249000,60000,189000,189000
051842,大成鋼富邦97購01,0,0,0,0,0,0,0,0,0,189000,0,0,0,587000,398000,189000,189000
051467,GIS富邦96購01   ,0,0,0,0,0,0,0,0,0,189000,0,0,0,199000,10000,189000,189000
3044,健鼎            ,804000,634624,169376,0,0,0,0,0,0,19000,25000,2000,23000,6000,10000,-4000,188376
053852,南亞科國泰98購01,0,0,0,0,0,0,0,0,0,188000,0,0,0,291000,103000,188000,188000
051268,創意富邦97購01  ,0,0,0,0,0,0,0,0,0,188000,0,0,0,188000,0,188000,188000
051204,正崴麥證95購01  ,0,0,0,254000,66000,188000,0,0,0,188000,0,0,0,254000,66000,188000,188000
051173,元油2X凱基98購01,0,0,0,0,0,0,0,0,0,188000,0,0,0,260000,72000,188000,188000
055137,GIS富邦98購01   ,0,0,0,0,0,0,0,0,0,188000,0,0,0,198000,10000,188000,188000
05722P,玉晶光國票97售03,0,0,0,0,0,0,0,0,0,188000,0,0,0,432000,244000,188000,188000
048931,晶華永豐94購01  ,0,0,0,0,0,0,0,0,0,187000,0,0,0,192000,5000,187000,187000
050045,祥碩兆豐94購01  ,0,0,0,0,0,0,0,0,0,187000,0,0,0,187000,0,187000,187000
8081,致新            ,425000,210000,215000,0,0,0,0,0,0,-28000,0,0,0,4000,32000,-28000,187000
6452,康友-KY         ,345000,332000,13000,0,0,0,0,0,0,173257,0,0,0,187257,14000,173257,186257
046011,欣興元富95購01  ,0,0,0,0,0,0,0,0,0,186000,0,0,0,670000,484000,186000,186000
045324,嘉晶統一92購01  ,0,0,0,0,0,0,0,0,0,186000,0,0,0,186000,0,186000,186000
051641,矽創國票96購01  ,0,0,0,0,0,0,0,0,0,186000,0,0,0,186000,0,186000,186000
051776,上証2X群益99購01,0,0,0,0,0,0,0,0,0,186000,0,0,0,186000,0,186000,186000
3005,神基            ,320000,129000,191000,0,0,0,0,3000,-3000,-2000,0,0,0,4000,6000,-2000,186000
055376,群創元大01購01  ,0,0,0,0,0,0,0,0,0,186000,0,0,0,890000,704000,186000,186000
052985,美律元大96購02  ,0,0,0,0,0,0,0,0,0,185000,0,0,0,259000,74000,185000,185000
054072,台積電富邦98購02,0,0,0,0,0,0,0,0,0,185000,0,0,0,422000,237000,185000,185000
045182,瑞昱統一92購05  ,0,0,0,0,0,0,0,0,0,185000,0,0,0,263000,78000,185000,185000
047628,新光金國票95購02,0,0,0,0,0,0,0,0,0,185000,0,0,0,499000,314000,185000,185000
047648,智伸科元大93購05,0,0,0,0,0,0,0,0,0,185000,0,0,0,227000,42000,185000,185000
051928,大立光中信96購03,0,0,0,0,0,0,0,0,0,185000,0,0,0,193000,8000,185000,185000
054415,奇力新元大96購06,0,0,0,0,0,0,0,0,0,184000,0,0,0,352000,168000,184000,184000
053051,楠梓電國票97購01,0,0,0,0,0,0,0,0,0,184000,0,0,0,190000,6000,184000,184000
044639,京元電元富94購01,0,0,0,0,0,0,0,0,0,184000,0,0,0,226000,42000,184000,184000
049460,宏達電元富94購01,0,0,0,0,0,0,0,0,0,184000,0,0,0,184000,0,184000,184000
04914P,國巨國泰95售06  ,0,0,0,0,0,0,0,0,0,184000,0,0,0,241000,57000,184000,184000
05218P,大立光永昌96售04,0,0,0,0,0,0,0,0,0,184000,0,0,0,454000,270000,184000,184000
052759,京元電群益96購01,0,0,0,0,0,0,0,0,0,183000,0,0,0,257000,74000,183000,183000
053663,臺股指凱基96購24,0,0,0,0,0,0,0,0,0,183000,0,0,0,183000,0,183000,183000
054376,聯茂中信97購01  ,0,0,0,0,0,0,0,0,0,183000,0,0,0,360000,177000,183000,183000
044190,聯詠富邦93購01  ,0,0,0,0,0,0,0,0,0,183000,0,0,0,318000,135000,183000,183000
055197,致新元富97購02  ,0,0,0,0,0,0,0,0,0,183000,0,0,0,270000,87000,183000,183000
054212,聯詠國票97購03  ,0,0,0,0,0,0,0,0,0,182000,0,0,0,201000,19000,182000,182000
05479P,華新科台新96售01,0,0,0,0,0,0,0,0,0,182000,0,0,0,200000,18000,182000,182000
045168,欣興中信93購02  ,0,0,0,0,0,0,0,0,0,182000,0,0,0,182000,0,182000,182000
046003,欣興統一92購02  ,0,0,0,0,0,0,0,0,0,182000,0,0,0,356000,174000,182000,182000
049285,宏碁兆豐94購01  ,0,0,0,0,0,0,0,0,0,182000,0,0,0,182000,0,182000,182000
051763,新光金元大98購01,0,0,0,0,0,0,0,0,0,182000,0,0,0,282000,100000,182000,182000
055068,亞翔永豐97購01  ,0,0,0,0,0,0,0,0,0,181000,0,0,0,216000,35000,181000,181000
053478,京鼎元大96購01  ,0,0,0,0,0,0,0,0,0,181000,0,0,0,519000,338000,181000,181000
049045,上海銀兆豐94購01,0,0,0,0,0,0,0,0,0,181000,0,0,0,444000,263000,181000,181000
044335,冠德統一91購05  ,0,0,0,0,0,0,0,0,0,181000,0,0,0,181000,0,181000,181000
03874P,臺股指群益95售01,0,0,0,0,0,0,0,0,0,181000,0,0,0,242000,61000,181000,181000
020000,富邦特選蘋果N   ,0,0,0,0,0,0,0,0,0,181000,0,0,0,308000,127000,181000,181000
047709,聯發科凱基93購18,0,0,0,0,0,0,0,0,0,181000,0,0,0,231000,50000,181000,181000
050184,信邦元大94購01  ,0,0,0,0,0,0,0,0,0,181000,0,0,0,181000,0,181000,181000
1718,中纖            ,271000,90000,181000,0,0,0,0,0,0,0,0,0,0,0,0,0,181000
053487,台泥兆豐97購01  ,0,0,0,0,0,0,0,0,0,180000,0,0,0,211000,31000,180000,180000
054571,楠梓電元大99購01,0,0,0,0,0,0,0,0,0,180000,0,0,0,180000,0,180000,180000
045441,南亞科元富92購01,0,0,0,0,0,0,0,0,0,180000,0,0,0,180000,0,180000,180000
04953P,台積電群益94售13,0,0,0,0,0,0,0,0,0,180000,0,0,0,220000,40000,180000,180000
046634,GIS元富93購01   ,0,0,0,0,0,0,0,0,0,180000,0,0,0,200000,20000,180000,180000
051126,訊連群益95購01  ,0,0,0,0,0,0,0,0,0,180000,0,0,0,204000,24000,180000,180000
051816,臺股指凱基95購07,0,0,0,0,0,0,0,0,0,180000,0,0,0,180000,0,180000,180000
08525P,台灣50凱基96售02,0,0,0,0,0,0,0,0,0,180000,0,0,0,180000,0,180000,180000
06044P,同欣電永豐96售03,0,0,0,0,0,0,0,0,0,180000,0,0,0,180000,0,180000,180000
055362,GIS凱基97購03   ,0,0,0,0,0,0,0,0,0,180000,0,0,0,200000,20000,180000,180000
054450,聯茂第一96購01  ,0,0,0,0,0,0,0,0,0,179000,0,0,0,284000,105000,179000,179000
053559,台積電國泰98購01,0,0,0,0,0,0,0,0,0,179000,0,0,0,407000,228000,179000,179000
053370,上証2X元大97購03,0,0,0,0,0,0,0,0,0,179000,0,0,0,197000,18000,179000,179000
049965,矽創元富94購01  ,0,0,0,0,0,0,0,0,0,179000,0,0,0,307000,128000,179000,179000
054324,美律台新97購01  ,0,0,0,0,0,0,0,0,0,178000,0,0,0,188000,10000,178000,178000
049041,和鑫兆豐94購01  ,0,0,0,0,0,0,0,0,0,178000,0,0,0,341000,163000,178000,178000
049964,強茂元富94購01  ,0,0,0,0,0,0,0,0,0,178000,0,0,0,199000,21000,178000,178000
051010,美律日盛95購01  ,0,0,0,0,0,0,0,0,0,178000,0,0,0,467000,289000,178000,178000
2634,漢翔            ,412000,234000,178000,0,0,0,0,0,0,0,0,0,0,0,0,0,178000
9911,櫻花            ,323000,115000,208000,0,0,0,0,30000,-30000,0,0,0,0,0,0,0,178000
054035,聯詠麥證96購01  ,0,0,0,231000,54000,177000,0,0,0,177000,0,0,0,231000,54000,177000,177000
03111P,元油2X富邦97售01,0,0,0,0,0,0,0,0,0,177000,0,0,0,177000,0,177000,177000
043270,康控國泰92購01  ,0,0,0,0,0,0,0,0,0,177000,0,0,0,177000,0,177000,177000
047950,滬深2X永豐94購02,0,0,0,0,0,0,0,0,0,177000,0,0,0,829000,652000,177000,177000
051246,美律元大96購01  ,0,0,0,0,0,0,0,0,0,177000,0,0,0,226000,49000,177000,177000
055257,景碩統一97購01  ,0,0,0,0,0,0,0,0,0,177000,0,0,0,336000,159000,177000,177000
05666P,聯發科凱基96售14,0,0,0,0,0,0,0,0,0,177000,0,0,0,207000,30000,177000,177000
053611,聯茂麥證96購01  ,0,0,0,391000,23000,368000,0,0,0,176000,0,0,0,391000,215000,176000,176000
00639,富邦深100       ,214000,2000,212000,0,0,0,0,0,0,-36000,0,0,0,1595000,1631000,-36000,176000
051572,上銀元大95購01  ,0,0,0,0,0,0,0,0,0,176000,0,0,0,231000,55000,176000,176000
2301,光寶科          ,1976792,1805296,171496,0,0,0,0,0,0,4000,0,9000,-9000,22000,9000,13000,175496
04188P,康控元富93售03  ,0,0,0,0,0,0,0,0,0,175000,0,0,0,195000,20000,175000,175000
051524,貿聯凱基95購02  ,0,0,0,0,0,0,0,0,0,175000,0,0,0,220000,45000,175000,175000
052190,創意群益95購03  ,0,0,0,0,0,0,0,0,0,175000,0,0,0,175000,0,175000,175000
05921P,同欣電元大96售06,0,0,0,0,0,0,0,0,0,175000,0,0,0,190000,15000,175000,175000
3231,緯創            ,5595049,3498889,2096160,0,0,0,0,1702000,-1702000,-220000,5000,7000,-2000,37000,255000,-218000,174160
053023,泰鼎國泰97購01  ,0,0,0,0,0,0,0,0,0,174000,0,0,0,181000,7000,174000,174000
044315,大立光永豐92購01,0,0,0,0,0,0,0,0,0,174000,0,0,0,230000,56000,174000,174000
048502,百和元大93購01  ,0,0,0,0,0,0,0,0,0,174000,0,0,0,445000,271000,174000,174000
046572,貿聯國泰94購01  ,0,0,0,0,0,0,0,0,0,174000,0,0,0,276000,102000,174000,174000
052158,華泰永豐95購01  ,0,0,0,0,0,0,0,0,0,174000,0,0,0,348000,174000,174000,174000
06127P,泰碩元富97售01  ,0,0,0,0,0,0,0,0,0,174000,0,0,0,234000,60000,174000,174000
05300P,健策元大95售02  ,0,0,0,0,0,0,0,0,0,173000,0,0,0,173000,0,173000,173000
053671,可成統一96購03  ,0,0,0,0,0,0,0,0,0,173000,0,0,0,173000,0,173000,173000
049703,訊芯元大95購01  ,0,0,0,0,0,0,0,0,0,173000,0,0,0,342000,169000,173000,173000
052142,滬深2X群益99購04,0,0,0,0,0,0,0,0,0,173000,0,0,0,387000,214000,173000,173000
052503,大成鋼日盛95購02,0,0,0,0,0,0,0,0,0,173000,0,0,0,243000,70000,173000,173000
051178,大立光凱基95購10,0,0,0,0,0,0,0,0,0,173000,0,0,0,203000,30000,173000,173000
050744,健策永豐94購04  ,0,0,0,0,0,0,0,0,0,173000,0,0,0,287000,114000,173000,173000
055335,健策兆豐98購01  ,0,0,0,0,0,0,0,0,0,173000,0,0,0,173000,0,173000,173000
055248,可成統一97購02  ,0,0,0,0,0,0,0,0,0,173000,0,0,0,173000,0,173000,173000
044013,友達凱基93購01  ,0,0,0,0,0,0,0,0,0,172000,0,0,0,187000,15000,172000,172000
044060,美律元大92購05  ,0,0,0,0,0,0,0,0,0,172000,0,0,0,173000,1000,172000,172000
048377,燿華元富93購01  ,0,0,0,0,0,0,0,0,0,172000,0,0,0,178000,6000,172000,172000
047643,新光金元大95購02,0,0,0,0,0,0,0,0,0,172000,0,0,0,172000,0,172000,172000
051242,台積電元大96購06,0,0,0,0,0,0,0,0,0,172000,0,0,0,172000,0,172000,172000
042994,葡萄王元大94購02,0,0,0,0,0,0,0,0,0,171000,0,0,0,171000,0,171000,171000
044994,宏達電國泰93購01,0,0,0,0,0,0,0,0,0,171000,0,0,0,171000,0,171000,171000
049788,智伸科兆豐95購01,0,0,0,0,0,0,0,0,0,171000,0,0,0,195000,24000,171000,171000
04979P,臺股指凱基96售07,0,0,0,0,0,0,0,0,0,171000,0,0,0,180000,9000,171000,171000
052077,可成元富98購02  ,0,0,0,0,0,0,0,0,0,171000,0,0,0,173000,2000,171000,171000
051710,和碩群益95購01  ,0,0,0,0,0,0,0,0,0,171000,0,0,0,185000,14000,171000,171000
053537,玉晶光永豐98購02,0,0,0,0,0,0,0,0,0,170000,0,0,0,260000,90000,170000,170000
049315,上緯控凱基94購03,0,0,0,0,0,0,0,0,0,170000,0,0,0,170000,0,170000,170000
051567,台積電富邦95購06,0,0,0,0,0,0,0,0,0,170000,0,0,0,170000,0,170000,170000
05572P,群創統一96售02  ,0,0,0,0,0,0,0,0,0,170000,0,0,0,270000,100000,170000,170000
053097,超眾統一96購03  ,0,0,0,0,0,0,0,0,0,169000,0,0,0,219000,50000,169000,169000
054498,燿華永豐96購06  ,0,0,0,0,0,0,0,0,0,169000,0,0,0,218000,49000,169000,169000
045373,台化元大92購01  ,0,0,0,0,0,0,0,0,0,169000,0,0,0,242000,73000,169000,169000
051471,國巨凱基97購01  ,0,0,0,0,0,0,0,0,0,169000,0,0,0,179000,10000,169000,169000
050449,宏達電元大95購03,0,0,0,0,0,0,0,0,0,169000,0,0,0,171000,2000,169000,169000
05670P,台積電國票98售01,0,0,0,0,0,0,0,0,0,169000,0,0,0,170000,1000,169000,169000
055502,群創元大9C購03  ,0,0,0,0,0,0,0,0,0,169000,0,0,0,474000,305000,169000,169000
055168,光罩統一98購01  ,0,0,0,0,0,0,0,0,0,169000,0,0,0,185000,16000,169000,169000
04439P,聯發科群益94售04,0,0,0,0,0,0,0,0,0,168000,0,0,0,179000,11000,168000,168000
04571P,華新科國泰95售03,0,0,0,0,0,0,0,0,0,168000,0,0,0,240000,72000,168000,168000
047010,聯詠統一93購05  ,0,0,0,0,0,0,0,0,0,168000,0,0,0,190000,22000,168000,168000
047249,欣興群益93購03  ,0,0,0,0,0,0,0,0,0,168000,0,0,0,168000,0,168000,168000
050185,和鑫元大95購02  ,0,0,0,0,0,0,0,0,0,168000,0,0,0,168000,0,168000,168000
051767,臻鼎元大95購03  ,0,0,0,0,0,0,0,0,0,168000,0,0,0,168000,0,168000,168000
052576,聯茂凱基96購01  ,0,0,0,0,0,0,0,0,0,168000,0,0,0,183000,15000,168000,168000
053452,臺股指凱基97購01,0,0,0,0,0,0,0,0,0,167000,0,0,0,400000,233000,167000,167000
047809,瑞昱凱基93購08  ,0,0,0,0,0,0,0,0,0,167000,0,0,0,195000,28000,167000,167000
051812,臻鼎凱基95購03  ,0,0,0,0,0,0,0,0,0,167000,0,0,0,177000,10000,167000,167000
050007,貿聯永豐94購01  ,0,0,0,0,0,0,0,0,0,167000,0,0,0,174000,7000,167000,167000
055261,帆宣統一98購01  ,0,0,0,0,0,0,0,0,0,167000,0,0,0,234000,67000,167000,167000
05764P,世紀鋼永豐96售03,0,0,0,0,0,0,0,0,0,167000,0,0,0,167000,0,167000,167000
8131,福懋科          ,182000,12000,170000,0,0,0,0,0,0,-3000,0,0,0,1000,4000,-3000,167000
054528,台光電統一96購02,0,0,0,0,0,0,0,0,0,166000,0,0,0,268000,102000,166000,166000
044819,新日興兆豐93購02,0,0,0,0,0,0,0,0,0,166000,0,0,0,226000,60000,166000,166000
043066,上銀兆豐93購02  ,0,0,0,0,0,0,0,0,0,166000,0,0,0,166000,0,166000,166000
045480,滬深2X中信94購01,0,0,0,0,0,0,0,0,0,166000,0,0,0,536000,370000,166000,166000
2349,錸德            ,245000,79000,166000,0,0,0,0,0,0,0,0,0,0,0,0,0,166000
055266,京鼎永豐97購01  ,0,0,0,0,0,0,0,0,0,166000,0,0,0,549000,383000,166000,166000
055397,超眾統一97購02  ,0,0,0,0,0,0,0,0,0,166000,0,0,0,166000,0,166000,166000
055196,致新元富97購01  ,0,0,0,0,0,0,0,0,0,166000,0,0,0,291000,125000,166000,166000
05434P,世紀鋼元富95售02,0,0,0,0,0,0,0,0,0,165000,0,0,0,180000,15000,165000,165000
047165,東陽康和93購01  ,0,0,0,0,0,0,0,0,0,165000,0,0,0,165000,0,165000,165000
048753,智伸科元富94購01,0,0,0,0,0,0,0,0,0,165000,0,0,0,702000,537000,165000,165000
050777,臻鼎元大94購05  ,0,0,0,0,0,0,0,0,0,165000,0,0,0,168000,3000,165000,165000
050823,信邦凱基95購01  ,0,0,0,0,0,0,0,0,0,165000,0,0,0,400000,235000,165000,165000
052594,友訊群益98購01  ,0,0,0,0,0,0,0,0,0,165000,0,0,0,338000,173000,165000,165000
04288P,台積電中信95售06,0,0,0,0,0,0,0,0,0,164000,0,0,0,304000,140000,164000,164000
048584,欣興富邦95購01  ,0,0,0,0,0,0,0,0,0,164000,0,0,0,577000,413000,164000,164000
052482,茂林群益95購01  ,0,0,0,0,0,0,0,0,0,164000,0,0,0,169000,5000,164000,164000
054502,泰碩永豐96購01  ,0,0,0,0,0,0,0,0,0,163000,0,0,0,163000,0,163000,163000
053327,彩晶台新97購01  ,0,0,0,0,0,0,0,0,0,163000,0,0,0,173000,10000,163000,163000
049264,奇鋐元大95購01  ,0,0,0,0,0,0,0,0,0,163000,0,0,0,163000,0,163000,163000
050853,南電國票96購01  ,0,0,0,0,0,0,0,0,0,163000,0,0,0,164000,1000,163000,163000
050494,可成永昌96購01  ,0,0,0,0,0,0,0,0,0,163000,0,0,0,173000,10000,163000,163000
053436,聯茂日盛96購01  ,0,0,0,0,0,0,0,0,0,162000,0,0,0,586000,424000,162000,162000
043390,康控元大93購01  ,0,0,0,0,0,0,0,0,0,162000,0,0,0,212000,50000,162000,162000
046507,宏達電元大92購07,0,0,0,0,0,0,0,0,0,162000,0,0,0,165000,3000,162000,162000
049675,台光電國票95購01,0,0,0,0,0,0,0,0,0,162000,0,0,0,225000,63000,162000,162000
051654,致新永豐95購01  ,0,0,0,0,0,0,0,0,0,162000,0,0,0,162000,0,162000,162000
053086,宏達電元大97購01,0,0,0,0,0,0,0,0,0,161000,0,0,0,177000,16000,161000,161000
049933,GIS元大95購01   ,0,0,0,0,0,0,0,0,0,161000,0,0,0,226000,65000,161000,161000
047410,上銀元富96購01  ,0,0,0,0,0,0,0,0,0,161000,0,0,0,334000,173000,161000,161000
06170P,禾伸堂元富97售02,0,0,0,0,0,0,0,0,0,161000,0,0,0,161000,0,161000,161000
053038,華邦電凱基97購01,0,0,0,0,0,0,0,0,0,160000,0,0,0,161000,1000,160000,160000
053953,群創台新97購01  ,0,0,0,0,0,0,0,0,0,160000,0,0,0,203000,43000,160000,160000
043969,美利達國泰92購01,0,0,0,0,0,0,0,0,0,160000,0,0,0,160000,0,160000,160000
047760,元油反元大96購03,0,0,0,0,0,0,0,0,0,160000,0,0,0,160000,0,160000,160000
049795,華通元大96購02  ,0,0,0,0,0,0,0,0,0,160000,0,0,0,356000,196000,160000,160000
052057,臺股指凱基95購15,0,0,0,0,0,0,0,0,0,160000,0,0,0,180000,20000,160000,160000
052045,瑞昱凱基96購01  ,0,0,0,0,0,0,0,0,0,160000,0,0,0,206000,46000,160000,160000
051305,訊連凱基96購01  ,0,0,0,0,0,0,0,0,0,160000,0,0,0,160000,0,160000,160000
051291,聯詠統一95購01  ,0,0,0,0,0,0,0,0,0,160000,0,0,0,174000,14000,160000,160000
054481,鎧勝中信96購01  ,0,0,0,0,0,0,0,0,0,159000,0,0,0,317000,158000,159000,159000
053175,矽力群益96購01  ,0,0,0,0,0,0,0,0,0,159000,0,0,0,201000,42000,159000,159000
052876,GIS凱基96購03   ,0,0,0,0,0,0,0,0,0,159000,0,0,0,389000,230000,159000,159000
05360P,健策元大95售03  ,0,0,0,0,0,0,0,0,0,159000,0,0,0,160000,1000,159000,159000
043607,GIS元大93購02   ,0,0,0,0,0,0,0,0,0,159000,0,0,0,159000,0,159000,159000
049978,瑞昱凱基94購04  ,0,0,0,0,0,0,0,0,0,159000,0,0,0,278000,119000,159000,159000
048562,宏達電元大95購01,0,0,0,0,0,0,0,0,0,159000,0,0,0,173000,14000,159000,159000
048464,康控台新94購01  ,0,0,0,0,0,0,0,0,0,159000,0,0,0,159000,0,159000,159000
047352,和鑫凱基94購02  ,0,0,0,0,0,0,0,0,0,159000,0,0,0,227000,68000,159000,159000
050503,聯發科凱基94購22,0,0,0,0,0,0,0,0,0,159000,0,0,0,176000,17000,159000,159000
052225,台積電凱基96購03,0,0,0,0,0,0,0,0,0,159000,0,0,0,472000,313000,159000,159000
049950,南亞科群益94購02,0,0,0,0,0,0,0,0,0,158000,0,0,0,244000,86000,158000,158000
050981,GIS元富95購01   ,0,0,0,0,0,0,0,0,0,158000,0,0,0,158000,0,158000,158000
2489,瑞軒            ,165000,20000,145000,0,0,0,0,0,0,13000,14000,1000,13000,0,0,0,158000
053641,正文永豐96購01  ,0,0,0,0,0,0,0,0,0,157000,0,0,0,277000,120000,157000,157000
052783,台郡國票97購01  ,0,0,0,0,0,0,0,0,0,157000,0,0,0,400000,243000,157000,157000
049798,台積電元大94購18,0,0,0,0,0,0,0,0,0,157000,0,0,0,287000,130000,157000,157000
05091P,台積電元大95售11,0,0,0,0,0,0,0,0,0,157000,0,0,0,260000,103000,157000,157000
052200,台光電統一95購02,0,0,0,0,0,0,0,0,0,157000,0,0,0,233000,76000,157000,157000
055149,國巨元大97購06  ,0,0,0,0,0,0,0,0,0,157000,0,0,0,167000,10000,157000,157000
055015,帆宣元富97購01  ,0,0,0,0,0,0,0,0,0,156000,0,0,0,166000,10000,156000,156000
044173,矽創元大92購02  ,0,0,0,0,0,0,0,0,0,156000,0,0,0,275000,119000,156000,156000
046139,京元電統一92購04,0,0,0,0,0,0,0,0,0,156000,0,0,0,263000,107000,156000,156000
047839,景碩元大93購03  ,0,0,0,0,0,0,0,0,0,156000,0,0,0,156000,0,156000,156000
050681,南亞科元富94購01,0,0,0,0,0,0,0,0,0,156000,0,0,0,158000,2000,156000,156000
052928,美律元大98購01  ,0,0,0,0,0,0,0,0,0,155000,0,0,0,298000,143000,155000,155000
044965,大立光中信95購01,0,0,0,0,0,0,0,0,0,155000,0,0,0,201000,46000,155000,155000
044534,南亞科麥證92購01,0,0,0,225000,40000,185000,0,0,0,155000,0,0,0,225000,70000,155000,155000
047128,新日興日盛93購01,0,0,0,0,0,0,0,0,0,155000,0,0,0,623000,468000,155000,155000
050686,欣興兆豐96購01  ,0,0,0,0,0,0,0,0,0,155000,0,0,0,327000,172000,155000,155000
050749,道瓊銀統一96購03,0,0,0,0,0,0,0,0,0,155000,0,0,0,185000,30000,155000,155000
050724,國巨國票96購01  ,0,0,0,0,0,0,0,0,0,155000,0,0,0,175000,20000,155000,155000
051168,訊連元大95購02  ,0,0,0,0,0,0,0,0,0,155000,0,0,0,155000,0,155000,155000
052619,茂林國泰99購01  ,0,0,0,0,0,0,0,0,0,155000,0,0,0,539000,384000,155000,155000
052070,GIS兆豐95購03   ,0,0,0,0,0,0,0,0,0,154000,0,0,0,541000,387000,154000,154000
050120,GIS元大95購02   ,0,0,0,0,0,0,0,0,0,154000,0,0,0,154000,0,154000,154000
055396,瑞儀統一97購01  ,0,0,0,0,0,0,0,0,0,154000,0,0,0,154000,0,154000,154000
055018,緯穎元富97購02  ,0,0,0,0,0,0,0,0,0,153000,0,0,0,156000,3000,153000,153000
054089,台積電群益96購11,0,0,0,0,0,0,0,0,0,153000,0,0,0,381000,228000,153000,153000
045007,台光電元大92購04,0,0,0,0,0,0,0,0,0,153000,0,0,0,163000,10000,153000,153000
049271,百和元大94購01  ,0,0,0,0,0,0,0,0,0,153000,0,0,0,362000,209000,153000,153000
049477,泰鼎永豐94購01  ,0,0,0,0,0,0,0,0,0,153000,0,0,0,176000,23000,153000,153000
050682,南亞科元富94購02,0,0,0,0,0,0,0,0,0,153000,0,0,0,197000,44000,153000,153000
051340,健策永豐95購03  ,0,0,0,0,0,0,0,0,0,153000,0,0,0,362000,209000,153000,153000
051751,聯茂富邦95購01  ,0,0,0,0,0,0,0,0,0,153000,0,0,0,153000,0,153000,153000
06189P,華新科永豐97售03,0,0,0,0,0,0,0,0,0,153000,0,0,0,213000,60000,153000,153000
05889P,群創元大98售02  ,0,0,0,0,0,0,0,0,0,153000,0,0,0,164000,11000,153000,153000
054707,聯茂亞東97購01  ,0,0,0,0,0,0,0,0,0,152000,0,0,0,155000,3000,152000,152000
052748,群創元大9A購02  ,0,0,0,0,0,0,0,0,0,152000,0,0,0,680000,528000,152000,152000
04462P,全新元富96售01  ,0,0,0,0,0,0,0,0,0,152000,0,0,0,157000,5000,152000,152000
041990,A50正2國票97購01,0,0,0,0,0,0,0,0,0,152000,0,0,0,160000,8000,152000,152000
043511,上銀富邦93購01  ,0,0,0,0,0,0,0,0,0,152000,0,0,0,155000,3000,152000,152000
047091,南茂元富93購01  ,0,0,0,0,0,0,0,0,0,152000,0,0,0,152000,0,152000,152000
051875,聯發科兆豐95購04,0,0,0,0,0,0,0,0,0,152000,0,0,0,160000,8000,152000,152000
050621,易華電元大95購01,0,0,0,0,0,0,0,0,0,152000,0,0,0,156000,4000,152000,152000
06134P,緯穎元富97售03  ,0,0,0,0,0,0,0,0,0,152000,0,0,0,187000,35000,152000,152000
055402,正文元富97購02  ,0,0,0,0,0,0,0,0,0,152000,0,0,0,162000,10000,152000,152000
05657P,樺漢統一97售01  ,0,0,0,0,0,0,0,0,0,152000,0,0,0,418000,266000,152000,152000
03734P,新日興元大93售01,0,0,0,0,0,0,0,0,0,151000,0,0,0,181000,30000,151000,151000
046208,滬深2X元富95購03,0,0,0,0,0,0,0,0,0,151000,0,0,0,151000,0,151000,151000
046482,超眾元富92購03  ,0,0,0,0,0,0,0,0,0,151000,0,0,0,192000,41000,151000,151000
048172,祥碩永豐93購02  ,0,0,0,0,0,0,0,0,0,151000,0,0,0,169000,18000,151000,151000
046602,新日興群益94購01,0,0,0,0,0,0,0,0,0,151000,0,0,0,376000,225000,151000,151000
048786,瑞昱元大94購02  ,0,0,0,0,0,0,0,0,0,151000,0,0,0,235000,84000,151000,151000
050661,景碩元大94購02  ,0,0,0,0,0,0,0,0,0,151000,0,0,0,151000,0,151000,151000
051248,華固元大95購01  ,0,0,0,0,0,0,0,0,0,151000,0,0,0,151000,0,151000,151000
05515P,台積電群益96售03,0,0,0,0,0,0,0,0,0,151000,0,0,0,748000,597000,151000,151000
6670,復盛應用        ,177000,20000,157000,0,0,0,0,0,0,-6000,30000,20000,10000,0,16000,-16000,151000
054746,貿聯凱基98購02  ,0,0,0,0,0,0,0,0,0,150000,0,0,0,150000,0,150000,150000
054641,祥碩中信98購01  ,0,0,0,0,0,0,0,0,0,150000,0,0,0,286000,136000,150000,150000
054011,旺宏永豐96購05  ,0,0,0,0,0,0,0,0,0,150000,0,0,0,150000,0,150000,150000
054253,宏達電元大97購03,0,0,0,0,0,0,0,0,0,150000,0,0,0,173000,23000,150000,150000
054303,國巨凱基96購15  ,0,0,0,0,0,0,0,0,0,150000,0,0,0,238000,88000,150000,150000
044614,聯茂兆豐92購02  ,0,0,0,0,0,0,0,0,0,150000,0,0,0,150000,0,150000,150000
044593,緯創國票91購01  ,0,0,0,0,0,0,0,0,0,150000,0,0,0,150000,0,150000,150000
045829,滬深2X群益95購02,0,0,0,0,0,0,0,0,0,150000,0,0,0,150000,0,150000,150000
045518,可成元富92購01  ,0,0,0,0,0,0,0,0,0,150000,0,0,0,150000,0,150000,150000
045288,元油2X元大95購02,0,0,0,0,0,0,0,0,0,150000,0,0,0,150000,0,150000,150000
044101,聯茂國泰92購01  ,0,0,0,0,0,0,0,0,0,150000,0,0,0,165000,15000,150000,150000
043190,宏達電元大93購01,0,0,0,0,0,0,0,0,0,150000,0,0,0,150000,0,150000,150000
046855,嘉晶元大94購01  ,0,0,0,0,0,0,0,0,0,150000,0,0,0,150000,0,150000,150000
049836,矽創凱基94購02  ,0,0,0,0,0,0,0,0,0,150000,0,0,0,230000,80000,150000,150000
047705,燿華凱基94購01  ,0,0,0,0,0,0,0,0,0,150000,0,0,0,180000,30000,150000,150000
051162,楠梓電元大95購01,0,0,0,0,0,0,0,0,0,150000,0,0,0,150000,0,150000,150000
051993,和碩元大95購03  ,0,0,0,0,0,0,0,0,0,150000,0,0,0,382000,232000,150000,150000
051729,華新國票96購01  ,0,0,0,0,0,0,0,0,0,150000,0,0,0,150000,0,150000,150000
044825,旺宏永豐91購05  ,0,0,0,0,0,0,0,0,0,149000,0,0,0,150000,1000,149000,149000
04911P,美律元富94售02  ,0,0,0,0,0,0,0,0,0,149000,0,0,0,234000,85000,149000,149000
048892,台郡元富97購01  ,0,0,0,0,0,0,0,0,0,149000,0,0,0,175000,26000,149000,149000
049145,南亞科元大94購01,0,0,0,0,0,0,0,0,0,149000,0,0,0,411000,262000,149000,149000
046571,瑞昱國泰93購01  ,0,0,0,0,0,0,0,0,0,149000,0,0,0,161000,12000,149000,149000
051123,和鑫群益95購01  ,0,0,0,0,0,0,0,0,0,149000,0,0,0,215000,66000,149000,149000
054699,復盛永豐97購01  ,0,0,0,0,0,0,0,0,0,148000,0,0,0,173000,25000,148000,148000
045018,矽創元大93購01  ,0,0,0,0,0,0,0,0,0,148000,0,0,0,148000,0,148000,148000
044817,可成兆豐93購01  ,0,0,0,0,0,0,0,0,0,148000,0,0,0,223000,75000,148000,148000
050524,宏達電元大95購04,0,0,0,0,0,0,0,0,0,148000,0,0,0,150000,2000,148000,148000
051771,上銀中信95購01  ,0,0,0,0,0,0,0,0,0,148000,0,0,0,220000,72000,148000,148000
053179,大立光統一96購04,0,0,0,0,0,0,0,0,0,147000,0,0,0,177000,30000,147000,147000
044355,景碩元大91購02  ,0,0,0,0,0,0,0,0,0,147000,0,0,0,147000,0,147000,147000
046230,亞光元大92購03  ,0,0,0,0,0,0,0,0,0,147000,0,0,0,153000,6000,147000,147000
047306,儒鴻元大93購03  ,0,0,0,0,0,0,0,0,0,147000,0,0,0,174000,27000,147000,147000
046425,臻鼎元大92購12  ,0,0,0,0,0,0,0,0,0,147000,0,0,0,147000,0,147000,147000
049960,嘉聯益統一94購01,0,0,0,0,0,0,0,0,0,147000,0,0,0,147000,0,147000,147000
05617P,大立光統一97售02,0,0,0,0,0,0,0,0,0,147000,0,0,0,179000,32000,147000,147000
2395,研華            ,369043,203647,165396,0,0,0,0,7000,-7000,-12000,1000,13000,-12000,0,0,0,146396
053033,智易兆豐97購01  ,0,0,0,0,0,0,0,0,0,146000,0,0,0,196000,50000,146000,146000
054237,茂林群益97購01  ,0,0,0,0,0,0,0,0,0,146000,0,0,0,303000,157000,146000,146000
048002,景碩元大93購04  ,0,0,0,0,0,0,0,0,0,146000,0,0,0,146000,0,146000,146000
051592,健策元大96購05  ,0,0,0,0,0,0,0,0,0,146000,0,0,0,335000,189000,146000,146000
052319,可成元大95購12  ,0,0,0,0,0,0,0,0,0,146000,0,0,0,393000,247000,146000,146000
052277,台達電凱基97購01,0,0,0,0,0,0,0,0,0,146000,0,0,0,146000,0,146000,146000
050356,緯穎群益94購05  ,0,0,0,0,0,0,0,0,0,146000,0,0,0,269000,123000,146000,146000
050900,台郡元大95購02  ,0,0,0,0,0,0,0,0,0,146000,0,0,0,314000,168000,146000,146000
06036P,台表科凱基96售04,0,0,0,0,0,0,0,0,0,146000,0,0,0,151000,5000,146000,146000
053631,欣興兆豐97購01  ,0,0,0,0,0,0,0,0,0,145000,0,0,0,265000,120000,145000,145000
049554,禾伸堂富邦96購01,0,0,0,0,0,0,0,0,0,145000,0,0,0,151000,6000,145000,145000
047653,上銀兆豐94購01  ,0,0,0,0,0,0,0,0,0,145000,0,0,0,147000,2000,145000,145000
051301,聯發科凱基95購08,0,0,0,0,0,0,0,0,0,145000,0,0,0,461000,316000,145000,145000
050270,景碩元大94購01  ,0,0,0,0,0,0,0,0,0,145000,0,0,0,214000,69000,145000,145000
050112,高鐵元大94購02  ,0,0,0,0,0,0,0,0,0,145000,0,0,0,169000,24000,145000,145000
051493,台郡凱基95購02  ,0,0,0,0,0,0,0,0,0,145000,0,0,0,217000,72000,145000,145000
051822,和碩元富95購01  ,0,0,0,0,0,0,0,0,0,145000,0,0,0,251000,106000,145000,145000
055416,欣興富邦98購01  ,0,0,0,0,0,0,0,0,0,145000,0,0,0,323000,178000,145000,145000
00693U,街口S&P黃豆     ,0,0,0,0,0,0,0,0,0,144000,0,0,0,154000,10000,144000,144000
049969,泰鼎國票95購01  ,0,0,0,0,0,0,0,0,0,144000,0,0,0,164000,20000,144000,144000
048794,易華電元大97購01,0,0,0,0,0,0,0,0,0,144000,0,0,0,144000,0,144000,144000
046652,上銀元大93購02  ,0,0,0,0,0,0,0,0,0,144000,0,0,0,144000,0,144000,144000
052159,瑞昱永豐95購01  ,0,0,0,0,0,0,0,0,0,144000,0,0,0,284000,140000,144000,144000
055281,台光電元大98購03,0,0,0,0,0,0,0,0,0,144000,0,0,0,195000,51000,144000,144000
2426,鼎元            ,272000,128000,144000,0,0,0,0,0,0,0,0,0,0,0,0,0,144000
053404,致新群益96購01  ,0,0,0,0,0,0,0,0,0,143000,0,0,0,238000,95000,143000,143000
054214,京鼎國票97購02  ,0,40000,-40000,0,0,0,0,0,0,183000,0,0,0,193000,10000,183000,143000
04619P,華新統一94售02  ,0,0,0,0,0,0,0,0,0,143000,0,0,0,143000,0,143000,143000
046033,義隆元大92購03  ,0,0,0,0,0,0,0,0,0,143000,0,0,0,204000,61000,143000,143000
044405,材料凱基93購01  ,0,0,0,0,0,0,0,0,0,143000,0,0,0,143000,0,143000,143000
049922,禾伸堂元大95購01,0,0,0,0,0,0,0,0,0,143000,0,0,0,421000,278000,143000,143000
050969,台郡永豐95購01  ,0,0,0,0,0,0,0,0,0,143000,0,0,0,143000,0,143000,143000
6533,晶心科          ,151000,8000,143000,0,0,0,0,0,0,0,0,0,0,0,0,0,143000
6283,淳安            ,159000,16000,143000,0,0,0,0,0,0,0,0,0,0,0,0,0,143000
05630P,大立光永昌96售06,0,0,0,0,0,0,0,0,0,143000,0,0,0,143000,0,143000,143000
03414B,臺股指凱基99熊01,0,0,0,0,0,0,0,0,0,142000,0,0,0,166000,24000,142000,142000
046672,聯茂元大93購01  ,0,0,0,0,0,0,0,0,0,142000,0,0,0,243000,101000,142000,142000
051186,創意永豐95購01  ,0,0,0,0,0,0,0,0,0,142000,0,0,0,142000,0,142000,142000
052398,瑞昱凱基95購06  ,0,0,0,0,0,0,0,0,0,142000,0,0,0,248000,106000,142000,142000
4968,立積            ,514000,373000,141000,0,0,0,0,0,0,1000,21000,20000,1000,0,0,0,142000
053567,群創富邦97購01  ,0,0,0,0,0,0,0,0,0,141000,0,0,0,146000,5000,141000,141000
053192,創意統一96購01  ,0,0,0,0,0,0,0,0,0,141000,0,0,0,183000,42000,141000,141000
052809,訊芯元大97購01  ,0,0,0,0,0,0,0,0,0,141000,0,0,0,151000,10000,141000,141000
048968,可成元大94購02  ,0,0,0,0,0,0,0,0,0,141000,0,0,0,191000,50000,141000,141000
046512,和鑫元大92購01  ,0,0,0,0,0,0,0,0,0,141000,0,0,0,141000,0,141000,141000
050723,楠梓電國票94購01,0,0,0,0,0,0,0,0,0,141000,0,0,0,141000,0,141000,141000
053454,創意統一96購02  ,0,0,0,0,0,0,0,0,0,140000,0,0,0,145000,5000,140000,140000
05337P,臺股指國票95售06,0,0,0,0,0,0,0,0,0,140000,0,0,0,140000,0,140000,140000
054698,同欣電永豐97購01,0,0,0,0,0,0,0,0,0,140000,0,0,0,140000,0,140000,140000
046335,矽創元大92購04  ,0,0,0,0,0,0,0,0,0,140000,0,0,0,164000,24000,140000,140000
044518,京鼎凱基92購01  ,0,0,0,0,0,0,0,0,0,140000,0,0,0,158000,18000,140000,140000
04216P,燿華國票93售02  ,0,0,0,0,0,0,0,0,0,140000,0,0,0,140000,0,140000,140000
04703P,樺漢統一95售01  ,0,0,0,0,0,0,0,0,0,140000,0,0,0,140000,0,140000,140000
04645P,禾伸堂凱基94售03,0,0,0,0,0,0,0,0,0,140000,0,0,0,140000,0,140000,140000
047817,聯茂凱基93購08  ,0,0,0,0,0,0,0,0,0,140000,0,0,0,140000,0,140000,140000
051230,聯詠群益95購01  ,0,0,0,0,0,0,0,0,0,140000,0,0,0,265000,125000,140000,140000
052590,祥碩永豐96購01  ,0,0,0,0,0,0,0,0,0,140000,0,0,0,140000,0,140000,140000
055463,國喬凱基97購01  ,0,0,0,0,0,0,0,0,0,140000,0,0,0,140000,0,140000,140000
055379,牧德元大97購03  ,0,0,0,0,0,0,0,0,0,140000,0,0,0,389000,249000,140000,140000
045113,玉晶光永豐92購01,0,0,0,0,0,0,0,0,0,139000,0,0,0,210000,71000,139000,139000
047296,日月光元富96購01,0,0,0,0,0,0,0,0,0,139000,0,0,0,149000,10000,139000,139000
049463,華新科富邦97購01,0,0,0,0,0,0,0,0,0,139000,0,0,0,141000,2000,139000,139000
046852,燿華元大93購02  ,0,0,0,0,0,0,0,0,0,139000,0,0,0,207000,68000,139000,139000
050789,矽創國泰96購01  ,0,0,0,0,0,0,0,0,0,139000,0,0,0,218000,79000,139000,139000
050072,京鼎凱基94購02  ,0,0,0,0,0,0,0,0,0,139000,0,0,0,142000,3000,139000,139000
050337,南電國泰95購01  ,0,0,0,0,0,0,0,0,0,139000,0,0,0,299000,160000,139000,139000
055169,光罩統一99購01  ,0,0,0,0,0,0,0,0,0,139000,0,0,0,185000,46000,139000,139000
055221,矽創凱基97購02  ,0,0,0,0,0,0,0,0,0,139000,0,0,0,216000,77000,139000,139000
054158,國巨日盛99購01  ,0,0,0,0,0,0,0,0,0,138000,0,0,0,570000,432000,138000,138000
053265,南亞科群益96購02,0,0,0,0,0,0,0,0,0,138000,0,0,0,236000,98000,138000,138000
04366P,全新元富95售01  ,0,0,0,0,0,0,0,0,0,138000,0,0,0,138000,0,138000,138000
046949,群創元大99購01  ,0,0,0,0,0,0,0,0,0,138000,0,0,0,532000,394000,138000,138000
049894,嘉聯益富邦98購01,0,0,0,0,0,0,0,0,0,138000,0,0,0,148000,10000,138000,138000
052530,台郡元大96購04  ,0,0,0,0,0,0,0,0,0,138000,0,0,0,178000,40000,138000,138000
051473,台積電凱基95購10,0,0,0,0,0,0,0,0,0,138000,0,0,0,188000,50000,138000,138000
1339,昭輝            ,187000,49000,138000,0,0,0,0,0,0,0,0,0,0,0,0,0,138000
052917,大立光富邦99購02,0,0,0,0,0,0,0,0,0,137000,0,0,0,273000,136000,137000,137000
053365,彩晶國泰98購01  ,0,0,0,0,0,0,0,0,0,137000,0,0,0,202000,65000,137000,137000
054294,世芯元大96購02  ,0,0,0,0,0,0,0,0,0,137000,0,0,0,189000,52000,137000,137000
046266,兆豐金凱基92購01,0,0,0,0,0,0,0,0,0,137000,0,0,0,145000,8000,137000,137000
049268,聯茂元大94購03  ,0,0,0,0,0,0,0,0,0,137000,0,0,0,147000,10000,137000,137000
047224,台光電凱基94購01,0,0,0,0,0,0,0,0,0,137000,0,0,0,202000,65000,137000,137000
048281,矽力永豐93購02  ,0,0,0,0,0,0,0,0,0,137000,0,0,0,188000,51000,137000,137000
051959,台郡台新95購03  ,0,0,0,0,0,0,0,0,0,137000,0,0,0,219000,82000,137000,137000
052041,鴻海日盛95購02  ,0,0,0,0,0,0,0,0,0,137000,0,0,0,257000,120000,137000,137000
050188,貿聯元大96購01  ,0,0,0,0,0,0,0,0,0,137000,0,0,0,223000,86000,137000,137000
051215,大立光統一95購03,0,0,0,0,0,0,0,0,0,137000,0,0,0,226000,89000,137000,137000
055218,彩晶凱基99購01  ,0,0,0,0,0,0,0,0,0,137000,0,0,0,137000,0,137000,137000
054352,世芯國泰98購01  ,0,0,0,0,0,0,0,0,0,136000,0,0,0,243000,107000,136000,136000
054682,東元永豐97購01  ,0,0,0,0,0,0,0,0,0,136000,0,0,0,136000,0,136000,136000
052970,美律群益96購01  ,0,0,0,0,0,0,0,0,0,136000,0,0,0,322000,186000,136000,136000
046213,可成統一92購06  ,0,0,0,0,0,0,0,0,0,136000,0,0,0,136000,0,136000,136000
044357,貿聯元大92購02  ,0,0,0,0,0,0,0,0,0,136000,0,0,0,136000,0,136000,136000
03981P,嘉澤凱基93售02  ,0,0,0,0,0,0,0,0,0,136000,0,0,0,136000,0,136000,136000
04260P,亞德客群益93售01,0,0,0,0,0,0,0,0,0,136000,0,0,0,286000,150000,136000,136000
045690,啟碁元大92購01  ,0,0,0,0,0,0,0,0,0,136000,0,0,0,136000,0,136000,136000
047494,華邦電元富96購01,0,0,0,0,0,0,0,0,0,136000,0,0,0,156000,20000,136000,136000
048673,智伸科永豐93購02,0,0,0,0,0,0,0,0,0,136000,0,0,0,213000,77000,136000,136000
051685,台光電凱基95購01,0,0,0,0,0,0,0,0,0,136000,0,0,0,235000,99000,136000,136000
053257,華通富邦97購01  ,0,0,0,0,0,0,0,0,0,135000,0,0,0,155000,20000,135000,135000
054267,上銀第一96購01  ,0,0,0,0,0,0,0,0,0,135000,0,0,0,205000,70000,135000,135000
049364,燿華元大94購02  ,0,0,0,0,0,0,0,0,0,135000,0,0,0,429000,294000,135000,135000
054461,台積電凱基97購09,0,0,0,0,0,0,0,0,0,134000,0,0,0,188000,54000,134000,134000
054175,高鐵台新97購01  ,0,0,0,0,0,0,0,0,0,134000,0,0,0,140000,6000,134000,134000
052706,台虹國票97購01  ,0,0,0,0,0,0,0,0,0,134000,0,0,0,155000,21000,134000,134000
00737,國泰AI+Robo     ,68000,0,68000,0,0,0,0,0,0,66000,0,0,0,183000,117000,66000,134000
047897,可成群益94購01  ,0,0,0,0,0,0,0,0,0,134000,0,0,0,324000,190000,134000,134000
048422,瑞昱元富96購02  ,0,0,0,0,0,0,0,0,0,134000,0,0,0,307000,173000,134000,134000
051749,矽力國泰97購01  ,0,0,0,0,0,0,0,0,0,134000,0,0,0,207000,73000,134000,134000
051362,台郡元大95購04  ,0,0,0,0,0,0,0,0,0,134000,0,0,0,144000,10000,134000,134000
052152,創意富邦98購01  ,0,0,0,0,0,0,0,0,0,134000,0,0,0,171000,37000,134000,134000
051122,美食群益95購01  ,0,0,0,0,0,0,0,0,0,134000,0,0,0,514000,380000,134000,134000
052795,健策兆豐97購01  ,0,0,0,0,0,0,0,0,0,133000,0,0,0,153000,20000,133000,133000
053584,友達元大9B購02  ,0,0,0,0,0,0,0,0,0,133000,0,0,0,246000,113000,133000,133000
053679,緯創富邦96購01  ,0,0,0,0,0,0,0,0,0,133000,0,0,0,298000,165000,133000,133000
00641R,富邦日本反1     ,77000,0,77000,0,0,0,0,0,0,56000,0,0,0,160000,104000,56000,133000
047617,瑞昱凱基93購07  ,0,0,0,0,0,0,0,0,0,133000,0,0,0,201000,68000,133000,133000
046389,百和凱基93購04  ,0,0,0,0,0,0,0,0,0,133000,0,0,0,287000,154000,133000,133000
051432,群創元富99購03  ,0,0,0,0,0,0,0,0,0,133000,0,0,0,173000,40000,133000,133000
2351,順德            ,66000,15000,51000,0,0,0,72000,0,72000,10000,0,0,0,10000,0,10000,133000
052707,景碩台新96購01  ,0,0,0,0,0,0,0,0,0,132000,0,0,0,257000,125000,132000,132000
053108,南亞科兆豐96購01,0,0,0,0,0,0,0,0,0,132000,0,0,0,142000,10000,132000,132000
052816,上銀永豐96購01  ,0,0,0,0,0,0,0,0,0,131000,0,0,0,303000,172000,131000,131000
05370P,矽創元富95售01  ,0,0,0,0,0,0,0,0,0,131000,0,0,0,141000,10000,131000,131000
045814,可成麥證93購01  ,0,0,0,131000,0,131000,0,0,0,131000,0,0,0,131000,0,131000,131000
049410,統一凱基94購02  ,0,0,0,0,0,0,0,0,0,131000,0,0,0,169000,38000,131000,131000
046603,貿聯群益93購01  ,0,0,0,0,0,0,0,0,0,131000,0,0,0,152000,21000,131000,131000
052110,可成元富95購02  ,0,0,0,0,0,0,0,0,0,131000,0,0,0,131000,0,131000,131000
052342,茂林凱基96購01  ,0,0,0,0,0,0,0,0,0,131000,0,0,0,181000,50000,131000,131000
055239,帆宣台新97購01  ,0,0,0,0,0,0,0,0,0,131000,0,0,0,172000,41000,131000,131000
05449P,臺股指元大95售26,0,0,0,0,0,0,0,0,0,130000,0,0,0,150000,20000,130000,130000
054380,世芯群益97購02  ,0,0,0,0,0,0,0,0,0,130000,0,0,0,140000,10000,130000,130000
045043,台達電凱基93購01,0,0,0,0,0,0,0,0,0,130000,0,0,0,150000,20000,130000,130000
045618,元油2X永豐98購01,0,0,0,0,0,0,0,0,0,130000,0,0,0,180000,50000,130000,130000
047332,訊芯元大93購04  ,0,0,0,0,0,0,0,0,0,130000,0,0,0,187000,57000,130000,130000
04886P,臺股指凱基94售20,0,0,0,0,0,0,0,0,0,130000,0,0,0,130000,0,130000,130000
049849,欣興群益94購04  ,0,0,0,0,0,0,0,0,0,130000,0,0,0,130000,0,130000,130000
046769,百和凱基93購06  ,0,0,0,0,0,0,0,0,0,130000,0,0,0,229000,99000,130000,130000
052640,台表科凱基97購01,0,0,0,0,0,0,0,0,0,130000,0,0,0,255000,125000,130000,130000
051651,易華電永豐95購01,0,0,0,0,0,0,0,0,0,130000,0,0,0,130000,0,130000,130000
050352,欣興群益95購01  ,0,0,0,0,0,0,0,0,0,130000,0,0,0,130000,0,130000,130000
05551P,電子類元大96售01,0,0,0,0,0,0,0,0,0,130000,0,0,0,142000,12000,130000,130000
048495,南亞科元大93購04,0,0,0,0,0,0,0,0,0,129000,0,0,0,299000,170000,129000,129000
047073,大立光兆豐94購01,0,0,0,0,0,0,0,0,0,129000,0,0,0,129000,0,129000,129000
047086,群創統一93購03  ,0,0,0,0,0,0,0,0,0,129000,0,0,0,186000,57000,129000,129000
051447,新光金元大97購01,0,0,0,0,0,0,0,0,0,129000,0,0,0,129000,0,129000,129000
051774,聯茂中信96購01  ,0,0,0,0,0,0,0,0,0,129000,0,0,0,301000,172000,129000,129000
1513,中興電          ,256000,127000,129000,0,0,0,0,0,0,0,0,0,0,0,0,0,129000
06071P,大立光永豐97售01,0,0,0,0,0,0,0,0,0,129000,0,0,0,129000,0,129000,129000
054486,漢唐台新96購01  ,0,0,0,0,0,0,0,0,0,128000,0,0,0,128000,0,128000,128000
052968,燿華群益98購01  ,0,0,0,0,0,0,0,0,0,128000,0,0,0,224000,96000,128000,128000
048967,凌陽元大95購01  ,0,0,0,0,0,0,0,0,0,128000,0,0,0,170000,42000,128000,128000
045854,貿聯富邦93購01  ,0,0,0,0,0,0,0,0,0,128000,0,0,0,131000,3000,128000,128000
042943,金寶國票92購01  ,0,0,0,0,0,0,0,0,0,128000,0,0,0,131000,3000,128000,128000
047836,國泰金元大93購01,0,0,0,0,0,0,0,0,0,128000,0,0,0,153000,25000,128000,128000
046939,燿華元大96購01  ,0,0,0,0,0,0,0,0,0,128000,0,0,0,245000,117000,128000,128000
047286,美律統一93購02  ,0,0,0,0,0,0,0,0,0,128000,0,0,0,332000,204000,128000,128000
048499,達運元大96購01  ,0,0,0,0,0,0,0,0,0,128000,0,0,0,615000,487000,128000,128000
048861,牧德群益94購01  ,0,0,0,0,0,0,0,0,0,128000,0,0,0,178000,50000,128000,128000
050324,訊芯台新94購01  ,0,0,0,0,0,0,0,0,0,128000,0,0,0,263000,135000,128000,128000
3031,佰鴻            ,140000,12000,128000,0,0,0,0,0,0,0,0,0,0,0,0,0,128000
3703,欣陸            ,289000,161000,128000,0,0,0,0,0,0,0,0,0,0,0,0,0,128000
052768,泰鼎群益96購01  ,0,0,0,0,0,0,0,0,0,127000,0,0,0,183000,56000,127000,127000
054190,矽創永豐96購01  ,0,0,0,0,0,0,0,0,0,127000,0,0,0,154000,27000,127000,127000
048483,可成國泰95購01  ,0,0,0,0,0,0,0,0,0,127000,0,0,0,647000,520000,127000,127000
050613,台光電元大94購09,0,0,0,0,0,0,0,0,0,127000,0,0,0,342000,215000,127000,127000
051255,康控元大96購04  ,0,0,0,0,0,0,0,0,0,127000,0,0,0,127000,0,127000,127000
055422,康控永豐97購01  ,0,0,0,0,0,0,0,0,0,127000,0,0,0,167000,40000,127000,127000
055189,台虹統一97購01  ,0,0,0,0,0,0,0,0,0,127000,0,0,0,180000,53000,127000,127000
043010,友達元大92購01  ,0,0,0,0,0,0,0,0,0,126000,0,0,0,282000,156000,126000,126000
046211,南電元富92購01  ,0,0,0,0,0,0,0,0,0,126000,0,0,0,136000,10000,126000,126000
049669,訊芯國泰95購01  ,0,0,0,0,0,0,0,0,0,126000,0,0,0,266000,140000,126000,126000
046457,可成凱基92購09  ,0,0,0,0,0,0,0,0,0,126000,0,0,0,136000,10000,126000,126000
052257,燿華國泰96購01  ,0,0,0,0,0,0,0,0,0,126000,0,0,0,268000,142000,126000,126000
052160,美律永豐95購03  ,0,0,0,0,0,0,0,0,0,126000,0,0,0,194000,68000,126000,126000
05698P,群創凱基96售01  ,0,0,0,0,0,0,0,0,0,126000,0,0,0,151000,25000,126000,126000
06145P,華新科永豐97售02,0,0,0,0,0,0,0,0,0,126000,0,0,0,212000,86000,126000,126000
2233,宇隆            ,145000,31000,114000,0,0,0,0,0,0,12000,0,0,0,12000,0,12000,126000
054809,大成鋼元大97購01,0,0,0,0,0,0,0,0,0,125000,0,0,0,323000,198000,125000,125000
054899,南港康和97購01  ,0,0,0,0,0,0,0,0,0,125000,0,0,0,628000,503000,125000,125000
05268P,玉晶光元大98售01,0,0,0,0,0,0,0,0,0,125000,0,0,0,300000,175000,125000,125000
049044,和碩兆豐94購01  ,0,0,0,0,0,0,0,0,0,125000,0,0,0,125000,0,125000,125000
044255,群創元大93購01  ,0,0,0,0,0,0,0,0,0,125000,0,0,0,652000,527000,125000,125000
049742,日月光群益94購02,0,0,0,0,0,0,0,0,0,125000,0,0,0,136000,11000,125000,125000
052273,新光金群益95購02,0,0,0,0,0,0,0,0,0,125000,0,0,0,210000,85000,125000,125000
051603,深中小群益99購03,0,0,0,0,0,0,0,0,0,125000,0,0,0,345000,220000,125000,125000
051000,台郡元大96購01  ,0,0,0,0,0,0,0,0,0,125000,0,0,0,199000,74000,125000,125000
053205,台光電麥證96購01,0,0,0,180000,56000,124000,0,0,0,124000,0,0,0,180000,56000,124000,124000
04503P,元油2X元富98售09,0,0,0,0,0,0,0,0,0,124000,0,0,0,124000,0,124000,124000
049700,瀚宇博元大97購01,0,0,0,0,0,0,0,0,0,124000,0,0,0,255000,131000,124000,124000
047591,訊芯永豐93購02  ,0,0,0,0,0,0,0,0,0,124000,0,0,0,512000,388000,124000,124000
050717,京鼎群益96購01  ,0,0,0,0,0,0,0,0,0,124000,0,0,0,386000,262000,124000,124000
051648,TPK永豐95購01   ,0,0,0,0,0,0,0,0,0,124000,0,0,0,134000,10000,124000,124000
051806,華通凱基96購02  ,0,0,0,0,0,0,0,0,0,124000,0,0,0,124000,0,124000,124000
052479,TPK群益95購04   ,0,0,0,0,0,0,0,0,0,124000,0,0,0,124000,0,124000,124000
054144,康控元大97購02  ,0,0,0,0,0,0,0,0,0,123000,0,0,0,137000,14000,123000,123000
053948,大立光富邦99購04,0,0,0,0,0,0,0,0,0,123000,0,0,0,197000,74000,123000,123000
045384,強茂元大92購01  ,0,0,0,0,0,0,0,0,0,123000,0,0,0,123000,0,123000,123000
048725,京元電日盛94購01,0,0,0,0,0,0,0,0,0,123000,0,0,0,123000,0,123000,123000
048759,巨大元富96購01  ,0,0,0,0,0,0,0,0,0,123000,0,0,0,149000,26000,123000,123000
047349,可成凱基93購06  ,0,0,0,0,0,0,0,0,0,123000,0,0,0,128000,5000,123000,123000
051969,世紀鋼永豐95購01,0,0,0,0,0,0,0,0,0,123000,0,0,0,150000,27000,123000,123000
051527,台郡凱基95購03  ,0,0,0,0,0,0,0,0,0,123000,0,0,0,291000,168000,123000,123000
05942P,奇力新凱基96售04,0,0,0,0,0,0,0,0,0,123000,0,0,0,141000,18000,123000,123000
05819P,臺股指凱基96售16,0,0,0,0,0,0,0,0,0,123000,0,0,0,155000,32000,123000,123000
054993,南亞科元富97購03,0,0,0,0,0,0,0,0,0,122000,0,0,0,122000,0,122000,122000
052915,創意元富96購01  ,0,0,0,0,0,0,0,0,0,122000,0,0,0,132000,10000,122000,122000
05375P,健策國票96售02  ,0,0,0,0,0,0,0,0,0,122000,0,0,0,182000,60000,122000,122000
053840,燿華統一96購02  ,0,0,0,0,0,0,0,0,0,122000,0,0,0,192000,70000,122000,122000
045305,嘉晶元大92購01  ,0,0,0,0,0,0,0,0,0,122000,0,0,0,142000,20000,122000,122000
044697,美律元大93購02  ,0,0,0,0,0,0,0,0,0,122000,0,0,0,203000,81000,122000,122000
047492,儒鴻元富93購01  ,0,0,0,0,0,0,0,0,0,122000,0,0,0,199000,77000,122000,122000
052005,矽力國泰97購02  ,0,0,0,0,0,0,0,0,0,122000,0,0,0,155000,33000,122000,122000
050882,華泰國泰96購01  ,0,0,0,0,0,0,0,0,0,122000,0,0,0,207000,85000,122000,122000
050315,和碩兆豐95購01  ,0,0,0,0,0,0,0,0,0,122000,0,0,0,134000,12000,122000,122000
06091P,華新科統一97售01,0,0,0,0,0,0,0,0,0,122000,0,0,0,150000,28000,122000,122000
055276,台積電元大97購20,0,0,0,0,0,0,0,0,0,122000,0,0,0,130000,8000,122000,122000
2515,中工            ,566000,538000,28000,0,0,0,0,0,0,94000,0,2000,-2000,96000,0,96000,122000
053540,健策永豐96購01  ,0,0,0,0,0,0,0,0,0,121000,0,0,0,121000,0,121000,121000
055093,京鼎群益98購01  ,0,0,0,0,0,0,0,0,0,121000,0,0,0,271000,150000,121000,121000
042903,金寶元大94購01  ,0,0,0,0,0,0,0,0,0,121000,0,0,0,312000,191000,121000,121000
049437,可成國泰96購01  ,0,0,0,0,0,0,0,0,0,121000,0,0,0,186000,65000,121000,121000
051062,超眾群益95購02  ,0,0,0,0,0,0,0,0,0,121000,0,0,0,151000,30000,121000,121000
055186,正文統一97購01  ,0,0,0,0,0,0,0,0,0,121000,0,0,0,177000,56000,121000,121000
05897P,國巨凱基96售12  ,0,0,0,0,0,0,0,0,0,121000,0,0,0,345000,224000,121000,121000
054521,TPK元大96購03   ,0,0,0,0,0,0,0,0,0,120000,0,0,0,188000,68000,120000,120000
053145,元黃金元大96購02,0,0,0,0,0,0,0,0,0,120000,0,0,0,120000,0,120000,120000
052992,冠德台新96購01  ,0,0,0,0,0,0,0,0,0,120000,0,0,0,120000,0,120000,120000
044046,台達電麥證91購01,0,0,0,120000,0,120000,0,0,0,120000,0,0,0,120000,0,120000,120000
044821,瑞儀兆豐93購03  ,0,0,0,0,0,0,0,0,0,120000,0,0,0,120000,0,120000,120000
049258,美律元大94購03  ,0,0,0,0,0,0,0,0,0,120000,0,0,0,304000,184000,120000,120000
046493,緯創富邦93購01  ,0,0,0,0,0,0,0,0,0,120000,0,0,0,120000,0,120000,120000
050990,T50反1元大95購01,0,0,0,0,0,0,0,0,0,120000,0,0,0,120000,0,120000,120000
050129,聯發科凱基94購11,0,0,0,0,0,0,0,0,0,120000,0,0,0,149000,29000,120000,120000
2107,厚生            ,167000,47000,120000,0,0,0,0,0,0,0,0,0,0,0,0,0,120000
053120,復盛中信9A購01  ,0,0,0,0,0,0,0,0,0,119000,0,0,0,209000,90000,119000,119000
052772,台虹群益96購01  ,0,0,0,0,0,0,0,0,0,119000,0,0,0,192000,73000,119000,119000
055069,帆宣永豐97購01  ,0,0,0,0,0,0,0,0,0,119000,0,0,0,189000,70000,119000,119000
054955,宏達電元大98購01,0,0,0,0,0,0,0,0,0,119000,0,0,0,125000,6000,119000,119000
053977,新日興元大96購03,0,0,0,0,0,0,0,0,0,119000,0,0,0,188000,69000,119000,119000
054188,欣興永豐96購03  ,0,0,0,0,0,0,0,0,0,119000,0,0,0,521000,402000,119000,119000
04589P,祥碩永豐94售01  ,0,0,0,0,0,0,0,0,0,119000,0,0,0,299000,180000,119000,119000
048554,燿華元大93購06  ,0,0,0,0,0,0,0,0,0,119000,0,0,0,158000,39000,119000,119000
051570,和碩富邦97購01  ,0,0,0,0,0,0,0,0,0,119000,0,0,0,128000,9000,119000,119000
051372,樺漢富邦96購01  ,0,0,0,0,0,0,0,0,0,119000,0,0,0,124000,5000,119000,119000
052249,大成鋼永豐95購01,0,0,0,0,0,0,0,0,0,119000,0,0,0,282000,163000,119000,119000
6192,巨路            ,146000,27000,119000,0,0,0,0,0,0,0,0,0,0,0,0,0,119000
1319,東陽            ,122312,15000,107312,0,0,0,0,11000,-11000,22000,32000,0,32000,0,10000,-10000,118312
054727,台積電日盛97購02,0,0,0,0,0,0,0,0,0,118000,0,0,0,118000,0,118000,118000
053237,揚明光永豐96購03,0,0,0,0,0,0,0,0,0,118000,0,0,0,118000,0,118000,118000
053354,康控兆豐97購02  ,0,0,0,0,0,0,0,0,0,118000,0,0,0,118000,0,118000,118000
03936P,上銀元大93售06  ,0,0,0,0,0,0,0,0,0,118000,0,0,0,233000,115000,118000,118000
048573,世紀鋼元大93購05,0,0,0,0,0,0,0,0,0,118000,0,0,0,118000,0,118000,118000
049697,群創元大98購01  ,0,0,0,0,0,0,0,0,0,118000,0,0,0,472000,354000,118000,118000
049601,矽創元大95購02  ,0,0,0,0,0,0,0,0,0,118000,0,0,0,142000,24000,118000,118000
046934,智邦元富96購01  ,0,0,0,0,0,0,0,0,0,118000,0,0,0,123000,5000,118000,118000
051961,泰碩永豐95購01  ,0,0,0,0,0,0,0,0,0,118000,0,0,0,118000,0,118000,118000
049989,臻鼎凱基94購02  ,0,0,0,0,0,0,0,0,0,118000,0,0,0,215000,97000,118000,118000
051157,華新科富邦98購01,0,0,0,0,0,0,0,0,0,118000,0,0,0,404000,286000,118000,118000
050869,健策永豐95購01  ,0,0,0,0,0,0,0,0,0,118000,0,0,0,141000,23000,118000,118000
05765P,臺股指永豐96售01,0,0,0,0,0,0,0,0,0,118000,0,0,0,120000,2000,118000,118000
053755,亞光元富96購01  ,0,0,0,0,0,0,0,0,0,117000,0,0,0,117000,0,117000,117000
054937,國巨元大97購03  ,0,0,0,0,0,0,0,0,0,117000,0,0,0,159000,42000,117000,117000
053967,華邦電元大96購03,0,0,0,0,0,0,0,0,0,117000,0,0,0,120000,3000,117000,117000
045807,上緯控國票93購01,0,0,0,0,0,0,0,0,0,117000,0,0,0,387000,270000,117000,117000
049132,大成鋼元大94購01,0,0,0,0,0,0,0,0,0,117000,0,0,0,295000,178000,117000,117000
048016,啟碁國票94購01  ,0,0,0,0,0,0,0,0,0,117000,0,0,0,118000,1000,117000,117000
049986,嘉澤凱基94購02  ,0,0,0,0,0,0,0,0,0,117000,0,0,0,152000,35000,117000,117000
050678,美律統一94購04  ,0,0,0,0,0,0,0,0,0,117000,0,0,0,162000,45000,117000,117000
050097,可成國泰96購02  ,0,0,0,0,0,0,0,0,0,117000,0,0,0,684000,567000,117000,117000
052415,台表科麥證95購02,0,0,0,237000,121000,116000,0,0,0,117000,0,0,0,238000,121000,117000,117000
06040P,亞光康和96售03  ,0,0,0,0,0,0,0,0,0,117000,0,0,0,120000,3000,117000,117000
6456,GIS-KY          ,321000,81000,240000,0,0,0,0,70000,-70000,-53000,8000,0,8000,94000,155000,-61000,117000
3048,益登            ,186000,69000,117000,0,0,0,0,0,0,0,0,0,0,0,0,0,117000
053921,嘉晶國票97購03  ,0,0,0,0,0,0,0,0,0,116000,0,0,0,206000,90000,116000,116000
054024,中鋼康和96購01  ,0,0,0,0,0,0,0,0,0,116000,0,0,0,116000,0,116000,116000
054776,矽創國票98購01  ,0,0,0,0,0,0,0,0,0,116000,0,0,0,159000,43000,116000,116000
053854,聯茂國泰97購02  ,0,0,0,0,0,0,0,0,0,116000,0,0,0,149000,33000,116000,116000
053417,上銀永豐96購02  ,0,0,0,0,0,0,0,0,0,116000,0,0,0,178000,62000,116000,116000
053459,康控國泰97購01  ,0,0,0,0,0,0,0,0,0,116000,0,0,0,179000,63000,116000,116000
052790,智邦兆豐97購01  ,0,0,0,0,0,0,0,0,0,116000,0,0,0,279000,163000,116000,116000
046166,嘉聯益兆豐93購01,0,0,0,0,0,0,0,0,0,116000,0,0,0,116000,0,116000,116000
046889,燿華群益93購02  ,0,0,0,0,0,0,0,0,0,116000,0,0,0,116000,0,116000,116000
046591,康舒元大92購01  ,0,0,0,0,0,0,0,0,0,116000,0,0,0,224000,108000,116000,116000
050462,寶成元大94購01  ,0,0,0,0,0,0,0,0,0,116000,0,0,0,118000,2000,116000,116000
050719,世紀鋼群益96購01,0,0,0,0,0,0,0,0,0,116000,0,0,0,121000,5000,116000,116000
050742,新日興永豐94購01,0,0,0,0,0,0,0,0,0,116000,0,0,0,512000,396000,116000,116000
06042P,華新科永豐96售04,0,0,0,0,0,0,0,0,0,116000,0,0,0,116000,0,116000,116000
053178,南亞科統一98購01,0,0,0,0,0,0,0,0,0,115000,0,0,0,175000,60000,115000,115000
053585,友達元大9C購03  ,0,0,0,0,0,0,0,0,0,115000,0,0,0,172000,57000,115000,115000
053380,南亞科元大97購01,0,0,0,0,0,0,0,0,0,115000,0,0,0,213000,98000,115000,115000
05480P,滬深2X凱基96售05,0,0,0,0,0,0,0,0,0,115000,0,0,0,120000,5000,115000,115000
054137,聯詠元大97購02  ,0,0,0,0,0,0,0,0,0,115000,0,0,0,181000,66000,115000,115000
049100,華新科國泰96購01,0,0,0,0,0,0,0,0,0,115000,0,0,0,120000,5000,115000,115000
043538,元石油國票97購01,0,0,0,0,0,0,0,0,0,115000,0,0,0,115000,0,115000,115000
044125,美律凱基93購01  ,0,0,0,0,0,0,0,0,0,115000,0,0,0,150000,35000,115000,115000
042023,大立光富邦92購04,0,0,0,0,0,0,0,0,0,115000,0,0,0,117000,2000,115000,115000
048018,南亞科麥證93購01,0,0,0,125000,10000,115000,0,0,0,115000,0,0,0,125000,10000,115000,115000
049489,美律元大94購05  ,0,0,0,0,0,0,0,0,0,115000,0,0,0,161000,46000,115000,115000
04749P,臺股指元大94售25,0,0,0,0,0,0,0,0,0,115000,0,0,0,115000,0,115000,115000
046800,儒鴻元大93購02  ,0,0,0,0,0,0,0,0,0,115000,0,0,0,125000,10000,115000,115000
050281,台積電日盛94購03,0,0,0,0,0,0,0,0,0,115000,0,0,0,115000,0,115000,115000
050358,致新群益94購01  ,0,0,0,0,0,0,0,0,0,115000,0,0,0,215000,100000,115000,115000
051732,華通國票97購01  ,0,0,0,0,0,0,0,0,0,115000,0,0,0,225000,110000,115000,115000
054288,華邦電元大96購05,0,0,0,0,0,0,0,0,0,114000,0,0,0,164000,50000,114000,114000
053570,京元電統一96購01,0,0,0,0,0,0,0,0,0,114000,0,0,0,114000,0,114000,114000
046022,國喬元大92購01  ,0,0,0,0,0,0,0,0,0,114000,0,0,0,116000,2000,114000,114000
047604,智原國泰95購01  ,0,0,0,0,0,0,0,0,0,114000,0,0,0,722000,608000,114000,114000
049799,旺宏元大96購01  ,0,0,0,0,0,0,0,0,0,114000,0,0,0,208000,94000,114000,114000
047454,滬深2X群益96購03,0,0,0,0,0,0,0,0,0,114000,0,0,0,154000,40000,114000,114000
051968,勤誠永豐95購01  ,0,0,0,0,0,0,0,0,0,114000,0,0,0,228000,114000,114000,114000
051638,聯茂國票96購01  ,0,0,0,0,0,0,0,0,0,114000,0,0,0,114000,0,114000,114000
052251,台光電永豐95購03,0,0,0,0,0,0,0,0,0,114000,0,0,0,162000,48000,114000,114000
052013,台積電永豐95購04,0,0,0,0,0,0,0,0,0,114000,0,0,0,196000,82000,114000,114000
049904,矽力元富94購01  ,0,0,0,0,0,0,0,0,0,114000,0,0,0,124000,10000,114000,114000
050728,新日興國票94購01,0,0,0,0,0,0,0,0,0,114000,0,0,0,143000,29000,114000,114000
06136P,華新科國泰99售02,0,0,0,0,0,0,0,0,0,114000,0,0,0,285000,171000,114000,114000
053743,康控國票97購02  ,0,0,0,0,0,0,0,0,0,113000,0,0,0,144000,31000,113000,113000
053658,亞光凱基96購01  ,0,0,0,0,0,0,0,0,0,113000,0,0,0,125000,12000,113000,113000
055007,晶相光元富9A購02,0,0,0,0,0,0,0,0,0,113000,0,0,0,163000,50000,113000,113000
048894,光罩國泰94購01  ,0,0,0,0,0,0,0,0,0,113000,0,0,0,253000,140000,113000,113000
046683,宏達電群益93購02,0,0,0,0,0,0,0,0,0,113000,0,0,0,113000,0,113000,113000
04867P,美律統一94售03  ,0,0,0,0,0,0,0,0,0,113000,0,0,0,113000,0,113000,113000
050801,元金2X群益98購01,0,0,0,0,0,0,0,0,0,113000,0,0,0,138000,25000,113000,113000
051474,智邦凱基95購04  ,0,0,0,0,0,0,0,0,0,113000,0,0,0,133000,20000,113000,113000
2609,陽明            ,164000,51000,113000,0,0,0,0,0,0,0,0,0,0,0,0,0,113000
053985,矽創元大96購02  ,0,0,0,0,0,0,0,0,0,112000,0,0,0,318000,206000,112000,112000
053997,健策群益97購02  ,0,0,0,0,0,0,0,0,0,112000,0,0,0,181000,69000,112000,112000
053814,美律群益97購02  ,0,0,0,0,0,0,0,0,0,112000,0,0,0,226000,114000,112000,112000
044849,南亞科統一91購07,0,0,0,0,0,0,0,0,0,112000,0,0,0,112000,0,112000,112000
045763,南亞科統一93購01,0,0,0,0,0,0,0,0,0,112000,0,0,0,118000,6000,112000,112000
049982,嘉晶凱基94購01  ,0,0,0,0,0,0,0,0,0,112000,0,0,0,213000,101000,112000,112000
049708,滬深2X凱基94購02,0,0,0,0,0,0,0,0,0,112000,0,0,0,112000,0,112000,112000
046846,智伸科永豐93購01,0,0,0,0,0,0,0,0,0,112000,0,0,0,168000,56000,112000,112000
047126,拓凱中信93購01  ,0,0,0,0,0,0,0,0,0,112000,0,0,0,151000,39000,112000,112000
049915,瑞昱元大94購07  ,0,0,0,0,0,0,0,0,0,112000,0,0,0,152000,40000,112000,112000
050248,臻鼎凱基94購03  ,0,0,0,0,0,0,0,0,0,112000,0,0,0,112000,0,112000,112000
053736,友達麥證96購01  ,0,0,0,130000,19000,111000,0,0,0,111000,0,0,0,130000,19000,111000,111000
053547,台積電凱基96購14,0,0,0,0,0,0,0,0,0,111000,0,0,0,139000,28000,111000,111000
054606,台積電永豐97購02,0,0,0,0,0,0,0,0,0,111000,0,0,0,142000,31000,111000,111000
046694,智邦凱基93購01  ,0,0,0,0,0,0,0,0,0,111000,0,0,0,124000,13000,111000,111000
050862,燿華永豐95購04  ,0,0,0,0,0,0,0,0,0,111000,0,0,0,111000,0,111000,111000
050970,康舒永豐95購01  ,0,0,0,0,0,0,0,0,0,111000,0,0,0,171000,60000,111000,111000
051573,鴻海元大95購15  ,0,0,0,0,0,0,0,0,0,111000,0,0,0,143000,32000,111000,111000
052011,欣興中信96購01  ,0,0,0,0,0,0,0,0,0,111000,0,0,0,111000,0,111000,111000
052020,聯茂永豐95購02  ,0,0,0,0,0,0,0,0,0,111000,0,0,0,960000,849000,111000,111000
3015,全漢            ,130000,19000,111000,0,0,0,0,0,0,0,0,0,0,0,0,0,111000
055366,國巨元大98購05  ,0,0,0,0,0,0,0,0,0,111000,0,0,0,162000,51000,111000,111000
2354,鴻準            ,1545789,1435000,110789,0,0,0,0,0,0,0,1000,1000,0,0,0,0,110789
054750,聯茂凱基98購02  ,0,0,0,0,0,0,0,0,0,110000,0,0,0,441000,331000,110000,110000
054990,凌陽元富97購01  ,0,0,0,0,0,0,0,0,0,110000,0,0,0,265000,155000,110000,110000
054933,南港元大97購01  ,0,0,0,0,0,0,0,0,0,110000,0,0,0,526000,416000,110000,110000
053649,台積電凱基97購05,0,0,0,0,0,0,0,0,0,110000,0,0,0,220000,110000,110000,110000
053831,台積電台新97購02,0,0,0,0,0,0,0,0,0,110000,0,0,0,110000,0,110000,110000
053878,台表科亞東96購01,0,0,0,0,0,0,0,0,0,110000,0,0,0,110000,0,110000,110000
053154,聯詠元大96購01  ,0,0,0,0,0,0,0,0,0,110000,0,0,0,243000,133000,110000,110000
052712,旺宏凱基96購02  ,0,0,0,0,0,0,0,0,0,110000,0,0,0,111000,1000,110000,110000
052945,嘉晶國票97購01  ,0,0,0,0,0,0,0,0,0,110000,0,0,0,120000,10000,110000,110000
042134,群創富邦91購02  ,0,0,0,0,0,0,0,0,0,110000,0,0,0,110000,0,110000,110000
04160P,儒鴻中信93售01  ,0,0,0,0,0,0,0,0,0,110000,0,0,0,110000,0,110000,110000
046030,南亞科元大92購04,0,0,0,0,0,0,0,0,0,110000,0,0,0,120000,10000,110000,110000
045580,冠德元大92購02  ,0,0,0,0,0,0,0,0,0,110000,0,0,0,110000,0,110000,110000
049401,可成群益94購04  ,0,0,0,0,0,0,0,0,0,110000,0,0,0,110000,0,110000,110000
049399,台光電群益94購02,0,0,0,0,0,0,0,0,0,110000,0,0,0,120000,10000,110000,110000
046877,燿華國泰94購01  ,0,0,0,0,0,0,0,0,0,110000,0,0,0,269000,159000,110000,110000
047517,元油反元大96購01,0,0,0,0,0,0,0,0,0,110000,0,0,0,150000,40000,110000,110000
04850P,全新永豐94售03  ,0,0,0,0,0,0,0,0,0,110000,0,0,0,110000,0,110000,110000
052448,新光金元大96購03,0,0,0,0,0,0,0,0,0,110000,0,0,0,110000,0,110000,110000
051894,嘉聯益元富95購03,0,0,0,0,0,0,0,0,0,110000,0,0,0,110000,0,110000,110000
052779,欣興國票97購01  ,0,0,0,0,0,0,0,0,0,109000,0,0,0,114000,5000,109000,109000
053135,信邦國票96購01  ,0,0,0,0,0,0,0,0,0,109000,0,0,0,174000,65000,109000,109000
055089,金寶群益98購01  ,0,0,0,0,0,0,0,0,0,109000,0,0,0,257000,148000,109000,109000
00653L,富邦印度正2     ,121000,0,121000,0,0,0,0,0,0,-12000,0,0,0,0,12000,-12000,109000
049606,可成第一94購01  ,0,0,0,0,0,0,0,0,0,109000,0,0,0,109000,0,109000,109000
048155,瑞昱兆豐93購01  ,0,0,0,0,0,0,0,0,0,109000,0,0,0,128000,19000,109000,109000
050124,元金2X凱基95購01,0,0,0,0,0,0,0,0,0,109000,0,0,0,113000,4000,109000,109000
055489,瑞昱元大97購02  ,0,0,0,0,0,0,0,0,0,109000,0,0,0,200000,91000,109000,109000
06111P,上銀兆豐98售01  ,0,0,0,0,0,0,0,0,0,109000,0,0,0,120000,11000,109000,109000
054381,世芯群益98購01  ,0,0,0,0,0,0,0,0,0,108000,0,0,0,127000,19000,108000,108000
054397,創意永豐96購05  ,0,0,0,0,0,0,0,0,0,108000,0,0,0,108000,0,108000,108000
054439,健策台新96購03  ,0,0,0,0,0,0,0,0,0,108000,0,0,0,118000,10000,108000,108000
053825,南電群益96購02  ,0,0,0,0,0,0,0,0,0,108000,0,0,0,682000,574000,108000,108000
053789,彩晶元大9C購02  ,0,0,0,0,0,0,0,0,0,108000,0,0,0,142000,34000,108000,108000
042931,啟碁中信95購01  ,0,0,0,0,0,0,0,0,0,108000,0,0,0,108000,0,108000,108000
046054,冠德群益93購01  ,0,0,0,0,0,0,0,0,0,108000,0,0,0,108000,0,108000,108000
045996,南電富邦94購01  ,0,0,0,0,0,0,0,0,0,108000,0,0,0,108000,0,108000,108000
04449P,智邦凱基94售01  ,0,0,0,0,0,0,0,0,0,108000,0,0,0,108000,0,108000,108000
047430,儒鴻元大93購05  ,0,0,0,0,0,0,0,0,0,108000,0,0,0,168000,60000,108000,108000
047205,GIS元富93購03   ,0,0,0,0,0,0,0,0,0,108000,0,0,0,108000,0,108000,108000
048068,南亞科元富95購01,0,0,0,0,0,0,0,0,0,108000,0,0,0,199000,91000,108000,108000
049779,創意統一95購01  ,0,0,0,0,0,0,0,0,0,108000,0,0,0,108000,0,108000,108000
046396,矽創國泰93購01  ,0,0,0,0,0,0,0,0,0,108000,0,0,0,412000,304000,108000,108000
048594,泰鼎群益93購02  ,0,0,0,0,0,0,0,0,0,108000,0,0,0,123000,15000,108000,108000
051935,味全群益95購01  ,0,0,0,0,0,0,0,0,0,108000,0,0,0,108000,0,108000,108000
052406,力成凱基95購03  ,0,0,0,0,0,0,0,0,0,108000,0,0,0,201000,93000,108000,108000
06007P,世芯永豐96售01  ,0,0,0,0,0,0,0,0,0,108000,0,0,0,108000,0,108000,108000
05906P,國巨元富96售05  ,0,0,0,0,0,0,0,0,0,108000,0,0,0,108000,0,108000,108000
052767,智伸科群益98購01,0,0,0,0,0,0,0,0,0,107000,0,0,0,419000,312000,107000,107000
052745,欣興元大96購04  ,0,0,0,0,0,0,0,0,0,107000,0,0,0,477000,370000,107000,107000
053917,友達國票97購03  ,0,0,0,0,0,0,0,0,0,107000,0,0,0,1136000,1029000,107000,107000
054070,創意國泰96購02  ,0,0,0,0,0,0,0,0,0,107000,0,0,0,202000,95000,107000,107000
054075,GIS富邦97購02   ,0,0,0,0,0,0,0,0,0,107000,0,0,0,107000,0,107000,107000
055075,南電永豐97購01  ,0,0,0,0,0,0,0,0,0,107000,0,0,0,117000,10000,107000,107000
04455P,台積電統一94售07,0,0,0,0,0,0,0,0,0,107000,0,0,0,107000,0,107000,107000
00652,富邦印度        ,130000,0,130000,0,0,0,0,0,0,-23000,0,0,0,9000,32000,-23000,107000
048430,瑞昱國票93購02  ,0,0,0,0,0,0,0,0,0,107000,0,0,0,108000,1000,107000,107000
049478,祥碩永豐94購02  ,0,0,0,0,0,0,0,0,0,107000,0,0,0,140000,33000,107000,107000
052253,康控永豐95購04  ,0,0,0,0,0,0,0,0,0,107000,0,0,0,127000,20000,107000,107000
050175,台光電元大94購08,0,0,0,0,0,0,0,0,0,107000,0,0,0,227000,120000,107000,107000
049995,GIS台新94購01   ,0,0,0,0,0,0,0,0,0,107000,0,0,0,107000,0,107000,107000
2841,台開            ,252000,145000,107000,0,0,0,0,0,0,0,0,0,0,0,0,0,107000
055010,佐登元富97購01  ,0,0,0,0,0,0,0,0,0,106000,0,0,0,270000,164000,106000,106000
054082,楠梓電元富96購01,0,0,0,0,0,0,0,0,0,106000,0,0,0,106000,0,106000,106000
044703,緯創元大91購03  ,0,0,0,0,0,0,0,0,0,106000,0,0,0,180000,74000,106000,106000
047038,亞光群益93購01  ,0,0,0,0,0,0,0,0,0,106000,0,0,0,106000,0,106000,106000
047213,新日興富邦97購01,0,0,0,0,0,0,0,0,0,106000,0,0,0,237000,131000,106000,106000
046729,智伸科元大93購01,0,0,0,0,0,0,0,0,0,106000,0,0,0,146000,40000,106000,106000
048184,達運群益93購01  ,0,0,0,0,0,0,0,0,0,106000,0,0,0,116000,10000,106000,106000
052021,易華電永豐95購03,0,0,0,0,0,0,0,0,0,106000,0,0,0,106000,0,106000,106000
052114,華固中信95購01  ,0,0,0,0,0,0,0,0,0,106000,0,0,0,106000,0,106000,106000
2390,云辰            ,107000,1000,106000,0,0,0,0,0,0,0,0,0,0,0,0,0,106000
055082,台郡中信97購01  ,0,0,0,0,0,0,0,0,0,105000,0,0,0,179000,74000,105000,105000
054881,光罩統一97購01  ,0,0,0,0,0,0,0,0,0,105000,0,0,0,143000,38000,105000,105000
054791,泰碩群益99購02  ,0,0,0,0,0,0,0,0,0,105000,0,0,0,117000,12000,105000,105000
053589,宏達電元大97購02,0,0,0,0,0,0,0,0,0,105000,0,0,0,107000,2000,105000,105000
03281P,台積電凱基04售01,0,0,0,0,0,0,0,0,0,105000,0,0,0,105000,0,105000,105000
046983,南茂兆豐94購01  ,0,0,0,0,0,0,0,0,0,105000,0,0,0,105000,0,105000,105000
047403,香港2X統一93購01,0,0,0,0,0,0,0,0,0,105000,0,0,0,110000,5000,105000,105000
049607,台積電兆豐94購04,0,0,0,0,0,0,0,0,0,105000,0,0,0,141000,36000,105000,105000
046833,晶技群益93購01  ,0,0,0,0,0,0,0,0,0,105000,0,0,0,120000,15000,105000,105000
048577,GIS國泰94購01   ,0,0,0,0,0,0,0,0,0,105000,0,0,0,115000,10000,105000,105000
048547,訊芯永豐93購03  ,0,0,0,0,0,0,0,0,0,105000,0,0,0,664000,559000,105000,105000
047651,復盛元大93購01  ,0,0,0,0,0,0,0,0,0,105000,0,0,0,105000,0,105000,105000
051740,可成國票96購04  ,0,0,0,0,0,0,0,0,0,105000,0,0,0,105000,0,105000,105000
053373,台泥元大96購01  ,0,0,0,0,0,0,0,0,0,104000,0,0,0,124000,20000,104000,104000
053166,聯詠群益96購02  ,0,0,0,0,0,0,0,0,0,104000,0,0,0,132000,28000,104000,104000
054098,嘉晶國票97購04  ,0,0,0,0,0,0,0,0,0,104000,0,0,0,104000,0,104000,104000
054346,世芯國票97購01  ,0,0,0,0,0,0,0,0,0,104000,0,0,0,104000,0,104000,104000
046330,祥碩元大92購02  ,0,0,0,0,0,0,0,0,0,104000,0,0,0,104000,0,104000,104000
048154,旺宏兆豐94購01  ,0,0,0,0,0,0,0,0,0,104000,0,0,0,220000,116000,104000,104000
051671,和鑫元大96購02  ,0,0,0,0,0,0,0,0,0,104000,0,0,0,104000,0,104000,104000
05176P,台積電凱基95售11,0,0,0,0,0,0,0,0,0,104000,0,0,0,120000,16000,104000,104000
050026,友達元大96購01  ,0,0,0,0,0,0,0,0,0,104000,0,0,0,255000,151000,104000,104000
050866,景碩永豐95購01  ,0,0,0,0,0,0,0,0,0,104000,0,0,0,104000,0,104000,104000
06151P,華新科元大97售07,0,0,0,0,0,0,0,0,0,104000,0,0,0,176000,72000,104000,104000
053177,華邦電統一96購01,0,0,0,0,0,0,0,0,0,103000,0,0,0,103000,0,103000,103000
046231,創意元大92購07  ,0,0,0,0,0,0,0,0,0,103000,0,0,0,103000,0,103000,103000
045448,宏達電國泰93購02,0,0,0,0,0,0,0,0,0,103000,0,0,0,133000,30000,103000,103000
042787,新日興兆豐93購01,0,0,0,0,0,0,0,0,0,103000,0,0,0,103000,0,103000,103000
043992,康控元大93購02  ,0,0,0,0,0,0,0,0,0,103000,0,0,0,108000,5000,103000,103000
047093,寶成元富93購01  ,0,0,0,0,0,0,0,0,0,103000,0,0,0,103000,0,103000,103000
046561,可成凱基92購11  ,0,0,0,0,0,0,0,0,0,103000,0,0,0,113000,10000,103000,103000
049925,創意元大95購02  ,0,0,0,0,0,0,0,0,0,103000,0,0,0,103000,0,103000,103000
048350,世紀鋼元大95購01,0,0,0,0,0,0,0,0,0,103000,0,0,0,103000,0,103000,103000
05225P,鴻海統一95售09  ,0,0,0,0,0,0,0,0,0,103000,0,0,0,103000,0,103000,103000
2359,所羅門          ,119000,16000,103000,0,0,0,0,0,0,0,0,0,0,0,0,0,103000
053264,南亞科群益96購01,0,0,0,0,0,0,0,0,0,102000,0,0,0,197000,95000,102000,102000
052810,易華電元大96購02,0,0,0,0,0,0,0,0,0,102000,0,0,0,104000,2000,102000,102000
05282P,可成元大95售09  ,0,0,0,0,0,0,0,0,0,102000,0,0,0,187000,85000,102000,102000
054141,TPK元大96購02   ,0,0,0,0,0,0,0,0,0,102000,0,0,0,152000,50000,102000,102000
054010,致伸元富96購01  ,0,0,0,0,0,0,0,0,0,102000,0,0,0,112000,10000,102000,102000
054032,上銀中信96購01  ,0,0,0,0,0,0,0,0,0,102000,0,0,0,122000,20000,102000,102000
043018,新光金元大93購01,0,0,0,0,0,0,0,0,0,102000,0,0,0,102000,0,102000,102000
044717,旺宏統一94購01  ,0,0,0,0,0,0,0,0,0,102000,0,0,0,207000,105000,102000,102000
044666,創意國泰93購01  ,0,0,0,0,0,0,0,0,0,102000,0,0,0,102000,0,102000,102000
044996,嘉晶國泰95購01  ,0,0,0,0,0,0,0,0,0,102000,0,0,0,155000,53000,102000,102000
048139,南電國票94購02  ,0,0,0,0,0,0,0,0,0,102000,0,0,0,102000,0,102000,102000
047881,和鑫國泰95購01  ,0,0,0,0,0,0,0,0,0,102000,0,0,0,208000,106000,102000,102000
050030,嘉晶元大94購03  ,0,0,0,0,0,0,0,0,0,102000,0,0,0,129000,27000,102000,102000
054229,超眾元富96購05  ,0,0,0,0,0,0,0,0,0,101000,0,0,0,101000,0,101000,101000
054367,鴻海中信98購03  ,0,0,0,0,0,0,0,0,0,101000,0,0,0,101000,0,101000,101000
054262,瀚宇博元大96購03,0,0,0,0,0,0,0,0,0,101000,0,0,0,299000,198000,101000,101000
054615,牧德永豐98購01  ,0,0,0,0,0,0,0,0,0,101000,0,0,0,311000,210000,101000,101000
053712,台光電凱基96購04,0,0,0,0,0,0,0,0,0,101000,0,0,0,121000,20000,101000,101000
046240,中鋼中信94購01  ,0,0,0,0,0,0,0,0,0,101000,0,0,0,101000,0,101000,101000
042604,國泰金富邦92購01,0,0,0,0,0,0,0,0,0,101000,0,0,0,101000,0,101000,101000
048192,華通元大96購01  ,0,0,0,0,0,0,0,0,0,101000,0,0,0,167000,66000,101000,101000
047416,台泥富邦94購01  ,0,0,0,0,0,0,0,0,0,101000,0,0,0,111000,10000,101000,101000
049194,卜蜂永豐94購01  ,0,0,0,0,0,0,0,0,0,101000,0,0,0,101000,0,101000,101000
046867,瑞昱統一93購01  ,0,0,0,0,0,0,0,0,0,101000,0,0,0,145000,44000,101000,101000
050877,美律統一95購01  ,0,0,0,0,0,0,0,0,0,101000,0,0,0,241000,140000,101000,101000
051868,貿聯凱基96購01  ,0,0,0,0,0,0,0,0,0,101000,0,0,0,101000,0,101000,101000
055509,訊芯元大97購03  ,0,0,0,0,0,0,0,0,0,101000,0,0,0,465000,364000,101000,101000
05369P,可成元富95售04  ,0,0,0,0,0,0,0,0,0,100000,0,0,0,100000,0,100000,100000
053729,聯茂凱基96購05  ,0,0,0,0,0,0,0,0,0,100000,0,0,0,120000,20000,100000,100000
053872,臻鼎元大96購04  ,0,0,0,0,0,0,0,0,0,100000,0,0,0,100000,0,100000,100000
053853,康控國泰97購02  ,0,0,0,0,0,0,0,0,0,100000,0,0,0,285000,185000,100000,100000
05333P,臺股指國票95售02,0,0,0,0,0,0,0,0,0,100000,0,0,0,160000,60000,100000,100000
052873,新唐凱基96購02  ,0,0,0,0,0,0,0,0,0,100000,0,0,0,100000,0,100000,100000
053147,楠梓電元大98購01,0,0,0,0,0,0,0,0,0,100000,0,0,0,100000,0,100000,100000
054745,智易凱基97購01  ,0,0,0,0,0,0,0,0,0,100000,0,0,0,100000,0,100000,100000
054457,強茂群益96購01  ,0,0,0,0,0,0,0,0,0,100000,0,0,0,100000,0,100000,100000
054153,宏達電國泰97購01,0,0,0,0,0,0,0,0,0,100000,0,0,0,331000,231000,100000,100000
043967,廣越國泰92購01  ,0,0,0,0,0,0,0,0,0,100000,0,0,0,100000,0,100000,100000
043934,致新永豐91購02  ,0,0,0,0,0,0,0,0,0,100000,0,0,0,100000,0,100000,100000
043855,創意富邦93購01  ,0,0,0,0,0,0,0,0,0,100000,0,0,0,100000,0,100000,100000
043856,GIS富邦92購01   ,0,0,0,0,0,0,0,0,0,100000,0,0,0,100000,0,100000,100000
03732P,大立光元大93售16,0,0,0,0,0,0,0,0,0,100000,0,0,0,100000,0,100000,100000
03450P,元油2X元富98售05,0,0,0,0,0,0,0,0,0,100000,0,0,0,100000,0,100000,100000
03454P,台積電凱基03售14,0,0,0,0,0,0,0,0,0,100000,0,0,0,100000,0,100000,100000
03892P,元油2X中信95售01,0,0,0,0,0,0,0,0,0,100000,0,0,0,100000,0,100000,100000
03823P,嘉澤元富93售01  ,0,0,0,0,0,0,0,0,0,100000,0,0,0,100000,0,100000,100000
042681,嘉聯益元大92購01,0,0,0,0,0,0,0,0,0,100000,0,0,0,100000,0,100000,100000
04179P,滬深2X國票93售03,0,0,0,0,0,0,0,0,0,100000,0,0,0,100000,0,100000,100000
041857,宏達電元大92購01,0,0,0,0,0,0,0,0,0,100000,0,0,0,100000,0,100000,100000
04206P,臺股指元大93售46,0,0,0,0,0,0,0,0,0,100000,0,0,0,100000,0,100000,100000
04495P,台積電國票95售01,0,0,0,0,0,0,0,0,0,100000,0,0,0,100000,0,100000,100000
046272,致伸凱基92購06  ,0,0,0,0,0,0,0,0,0,100000,0,0,0,100000,0,100000,100000
046328,臻鼎元大92購09  ,0,0,0,0,0,0,0,0,0,100000,0,0,0,100000,0,100000,100000
046329,臻鼎元大92購10  ,0,0,0,0,0,0,0,0,0,100000,0,0,0,100000,0,100000,100000
045181,華邦電統一92購01,0,0,0,0,0,0,0,0,0,100000,0,0,0,209000,109000,100000,100000
04890P,台積電元大95售05,0,0,0,0,0,0,0,0,0,100000,0,0,0,110000,10000,100000,100000
045000,鴻海富邦93購01  ,0,0,0,0,0,0,0,0,0,100000,0,0,0,100000,0,100000,100000
044731,漢唐國票91購02  ,0,0,0,0,0,0,0,0,0,100000,0,0,0,100000,0,100000,100000
04451P,可成凱基94售04  ,0,0,0,0,0,0,0,0,0,100000,0,0,0,100000,0,100000,100000
045514,南茂凱基93購01  ,0,0,0,0,0,0,0,0,0,100000,0,0,0,100000,0,100000,100000
045363,台達電兆豐92購01,0,0,0,0,0,0,0,0,0,100000,0,0,0,100000,0,100000,100000
045899,臻鼎元大92購03  ,0,0,0,0,0,0,0,0,0,100000,0,0,0,100000,0,100000,100000
045119,美律元大92購06  ,0,0,0,0,0,0,0,0,0,100000,0,0,0,100000,0,100000,100000
046383,群創凱基98購01  ,0,0,0,0,0,0,0,0,0,100000,0,0,0,100000,0,100000,100000
047652,滬深2X兆豐94購03,0,0,0,0,0,0,0,0,0,100000,0,0,0,100000,0,100000,100000
049305,元油2X凱基95購06,0,0,0,0,0,0,0,0,0,100000,0,0,0,100000,0,100000,100000
04854P,鴻海國泰96售04  ,0,0,0,0,0,0,0,0,0,100000,0,0,0,110000,10000,100000,100000
048533,景碩國票94購01  ,0,0,0,0,0,0,0,0,0,100000,0,0,0,100000,0,100000,100000
048481,瑞儀中信93購01  ,0,0,0,0,0,0,0,0,0,100000,0,0,0,100000,0,100000,100000
048474,嘉聯益永豐93購03,0,0,0,0,0,0,0,0,0,100000,0,0,0,100000,0,100000,100000
049146,南亞科元大94購02,0,0,0,0,0,0,0,0,0,100000,0,0,0,182000,82000,100000,100000
047276,中工永豐93購01  ,0,0,0,0,0,0,0,0,0,100000,0,0,0,150000,50000,100000,100000
048812,上証2X凱基96購01,0,0,0,0,0,0,0,0,0,100000,0,0,0,125000,25000,100000,100000
048792,瑞儀元大94購01  ,0,0,0,0,0,0,0,0,0,100000,0,0,0,100000,0,100000,100000
049452,新光金統一94購02,0,0,0,0,0,0,0,0,0,100000,0,0,0,100000,0,100000,100000
047404,香港2X統一94購01,0,0,0,0,0,0,0,0,0,100000,0,0,0,100000,0,100000,100000
047405,香港2X統一96購01,0,0,0,0,0,0,0,0,0,100000,0,0,0,100000,0,100000,100000
048101,致伸凱基93購05  ,0,0,0,0,0,0,0,0,0,100000,0,0,0,120000,20000,100000,100000
046691,儒鴻凱基93購02  ,0,0,0,0,0,0,0,0,0,100000,0,0,0,205000,105000,100000,100000
046984,友達日盛93購01  ,0,0,0,0,0,0,0,0,0,100000,0,0,0,100000,0,100000,100000
047746,宏碁元富93購01  ,0,0,0,0,0,0,0,0,0,100000,0,0,0,100000,0,100000,100000
05187P,力山凱基95售01  ,0,0,0,0,0,0,0,0,0,100000,0,0,0,100000,0,100000,100000
051902,T50反1元大97購01,0,0,0,0,0,0,0,0,0,100000,0,0,0,100000,0,100000,100000
051826,智邦元大95購03  ,0,0,0,0,0,0,0,0,0,100000,0,0,0,338000,238000,100000,100000
051534,景碩國票97購01  ,0,0,0,0,0,0,0,0,0,100000,0,0,0,100000,0,100000,100000
052357,揚明光永豐95購03,0,0,0,0,0,0,0,0,0,100000,0,0,0,100000,0,100000,100000
052605,聯發科元大96購06,0,0,0,0,0,0,0,0,0,100000,0,0,0,100000,0,100000,100000
052572,群創凱基99購01  ,0,0,0,0,0,0,0,0,0,100000,0,0,0,100000,0,100000,100000
05096P,台積電日盛95售01,0,0,0,0,0,0,0,0,0,100000,0,0,0,107000,7000,100000,100000
050698,明泰凱基96購01  ,0,0,0,0,0,0,0,0,0,100000,0,0,0,100000,0,100000,100000
050619,TPK元大95購02   ,0,0,0,0,0,0,0,0,0,100000,0,0,0,100000,0,100000,100000
051164,鴻海元大95購05  ,0,0,0,0,0,0,0,0,0,100000,0,0,0,380000,280000,100000,100000
050013,淘帝國泰95購01  ,0,0,0,0,0,0,0,0,0,100000,0,0,0,100000,0,100000,100000
050131,新光金凱基94購01,0,0,0,0,0,0,0,0,0,100000,0,0,0,100000,0,100000,100000
050596,昇陽半永豐94購03,0,0,0,0,0,0,0,0,0,100000,0,0,0,100000,0,100000,100000
05647P,聯發科國票97售02,0,0,0,0,0,0,0,0,0,100000,0,0,0,100000,0,100000,100000
08612P,嘉晶凱基9C售03  ,0,0,0,0,0,0,0,0,0,100000,0,0,0,100000,0,100000,100000
08991P,玉晶光元大01售06,0,0,0,0,0,0,0,0,0,100000,0,0,0,100000,0,100000,100000
06112P,台積電兆豐97售01,0,0,0,0,0,0,0,0,0,100000,0,0,0,100000,0,100000,100000
06114P,台積電統一97售03,0,0,0,0,0,0,0,0,0,100000,0,0,0,100000,0,100000,100000
4536,拓凱            ,50000,9000,41000,0,0,0,16000,0,16000,43000,45000,0,45000,3000,5000,-2000,100000
054059,欣興國票97購03  ,0,0,0,0,0,0,0,0,0,99000,0,0,0,99000,0,99000,99000
05384P,大立光永豐95售02,0,0,0,0,0,0,0,0,0,99000,0,0,0,99000,0,99000,99000
045325,元油2X永豐94購01,0,0,0,0,0,0,0,0,0,99000,0,0,0,101000,2000,99000,99000
044462,漢唐兆豐93購01  ,0,0,0,0,0,0,0,0,0,99000,0,0,0,125000,26000,99000,99000
04458P,世紀鋼統一96售01,0,0,0,0,0,0,0,0,0,99000,0,0,0,99000,0,99000,99000
045783,明泰元大92購01  ,0,0,0,0,0,0,0,0,0,99000,0,0,0,99000,0,99000,99000
048837,牧德凱基94購04  ,0,0,0,0,0,0,0,0,0,99000,0,0,0,293000,194000,99000,99000
048510,滬深2X凱基93購05,0,0,0,0,0,0,0,0,0,99000,0,0,0,100000,1000,99000,99000
049935,南電元大94購08  ,0,0,0,0,0,0,0,0,0,99000,0,0,0,244000,145000,99000,99000
05821P,臺股指凱基96售18,0,0,0,0,0,0,0,0,0,99000,0,0,0,129000,30000,99000,99000
053851,鴻海國泰98購03  ,0,0,0,0,0,0,0,0,0,98000,0,0,0,98000,0,98000,98000
053767,臻鼎富邦97購02  ,0,0,0,0,0,0,0,0,0,98000,0,0,0,98000,0,98000,98000
053748,燿華永豐96購04  ,0,0,0,0,0,0,0,0,0,98000,0,0,0,204000,106000,98000,98000
053670,台積電統一96購09,0,0,0,0,0,0,0,0,0,98000,0,0,0,104000,6000,98000,98000
053408,友達兆豐98購01  ,0,0,0,0,0,0,0,0,0,98000,0,0,0,130000,32000,98000,98000
053575,聯詠元富96購01  ,0,0,0,0,0,0,0,0,0,98000,0,0,0,98000,0,98000,98000
052727,仁寶元富96購01  ,0,0,0,0,0,0,0,0,0,98000,0,0,0,98000,0,98000,98000
054714,和鑫台新98購01  ,0,0,0,0,0,0,0,0,0,98000,0,0,0,163000,65000,98000,98000
046606,世紀鋼群益93購01,0,0,0,0,0,0,0,0,0,98000,0,0,0,98000,0,98000,98000
046502,建準元大92購04  ,0,0,0,0,0,0,0,0,0,98000,0,0,0,98000,0,98000,98000
046499,技嘉元大92購02  ,0,0,0,0,0,0,0,0,0,98000,0,0,0,98000,0,98000,98000
047790,致伸群益93購04  ,0,0,0,0,0,0,0,0,0,98000,0,0,0,98000,0,98000,98000
050563,臻鼎元富94購07  ,0,0,0,0,0,0,0,0,0,98000,0,0,0,98000,0,98000,98000
050564,臻鼎元富94購08  ,0,0,0,0,0,0,0,0,0,98000,0,0,0,98000,0,98000,98000
05010P,台郡元富95售01  ,0,0,0,0,0,0,0,0,0,98000,0,0,0,98000,0,98000,98000
051057,信邦群益95購01  ,0,0,0,0,0,0,0,0,0,98000,0,0,0,193000,95000,98000,98000
052601,大成鋼元大96購01,0,0,0,0,0,0,0,0,0,98000,0,0,0,276000,178000,98000,98000
052163,康舒永豐95購02  ,0,0,0,0,0,0,0,0,0,98000,0,0,0,661000,563000,98000,98000
051489,世芯凱基95購01  ,0,0,0,0,0,0,0,0,0,98000,0,0,0,104000,6000,98000,98000
051395,聯詠兆豐95購01  ,0,0,0,0,0,0,0,0,0,98000,0,0,0,124000,26000,98000,98000
3312,弘憶股          ,136000,37000,99000,0,0,0,0,0,0,-1000,0,1000,-1000,0,0,0,98000
054048,國泰金元大96購04,0,0,0,0,0,0,0,0,0,97000,0,0,0,107000,10000,97000,97000
052954,大成鋼日盛96購01,0,0,0,0,0,0,0,0,0,97000,0,0,0,127000,30000,97000,97000
052903,致茂國票97購01  ,0,0,0,0,0,0,0,0,0,97000,0,0,0,97000,0,97000,97000
047173,群創永豐93購01  ,0,0,0,0,0,0,0,0,0,97000,0,0,0,97000,0,97000,97000
046871,美律元富93購01  ,0,0,0,0,0,0,0,0,0,97000,0,0,0,239000,142000,97000,97000
051598,瑞昱兆豐95購01  ,0,0,0,0,0,0,0,0,0,97000,0,0,0,97000,0,97000,97000
052390,聯詠群益95購03  ,0,0,0,0,0,0,0,0,0,97000,0,0,0,97000,0,97000,97000
050972,台虹永豐95購01  ,0,0,0,0,0,0,0,0,0,97000,0,0,0,295000,198000,97000,97000
051296,鴻海凱基97購01  ,0,0,0,0,0,0,0,0,0,97000,0,0,0,100000,3000,97000,97000
055371,正崴元大97購02  ,0,0,0,0,0,0,0,0,0,97000,0,0,0,186000,89000,97000,97000
1909,榮成            ,557000,546624,10376,0,0,0,0,0,0,86000,218000,132000,86000,0,0,0,96376
053893,京鼎群益97購02  ,0,0,0,0,0,0,0,0,0,96000,0,0,0,291000,195000,96000,96000
045344,可成凱基92購06  ,0,0,0,0,0,0,0,0,0,96000,0,0,0,96000,0,96000,96000
045442,南亞科元富92購02,0,130000,-130000,0,0,0,0,0,0,226000,0,0,0,226000,0,226000,96000
049475,高鐵永豐94購01  ,0,0,0,0,0,0,0,0,0,96000,0,0,0,96000,0,96000,96000
049829,裕民凱基94購01  ,0,0,0,0,0,0,0,0,0,96000,0,0,0,100000,4000,96000,96000
048001,中工元大96購01  ,0,0,0,0,0,0,0,0,0,96000,0,0,0,357000,261000,96000,96000
051152,鴻海國泰97購01  ,0,0,0,0,0,0,0,0,0,96000,0,0,0,242000,146000,96000,96000
05996P,華新科群益96售03,0,0,0,0,0,0,0,0,0,96000,0,0,0,96000,0,96000,96000
053458,聯詠國泰97購01  ,0,0,0,0,0,0,0,0,0,95000,0,0,0,117000,22000,95000,95000
054007,貿聯統一96購01  ,0,0,0,0,0,0,0,0,0,95000,0,0,0,135000,40000,95000,95000
054281,世芯群益97購01  ,0,0,0,0,0,0,0,0,0,95000,0,0,0,115000,20000,95000,95000
044347,上証2X元大94購01,0,0,0,0,0,0,0,0,0,95000,0,0,0,95000,0,95000,95000
046314,宏達電元大92購05,0,0,0,0,0,0,0,0,0,95000,0,0,0,101000,6000,95000,95000
044963,台積電中信96購01,0,0,0,0,0,0,0,0,0,95000,0,0,0,126000,31000,95000,95000
044049,元金2X元大94購03,0,0,0,0,0,0,0,0,0,95000,0,0,0,100000,5000,95000,95000
048027,京元電凱基93購03,0,0,0,0,0,0,0,0,0,95000,0,0,0,101000,6000,95000,95000
048780,臺股指凱基94購03,0,0,0,0,0,0,0,0,0,95000,0,0,0,105000,10000,95000,95000
049411,大成鋼凱基94購01,0,0,0,0,0,0,0,0,0,95000,0,0,0,105000,10000,95000,95000
048523,TPK元富94購01   ,0,0,0,0,0,0,0,0,0,95000,0,0,0,95000,0,95000,95000
050071,明泰凱基94購01  ,0,0,0,0,0,0,0,0,0,95000,0,0,0,100000,5000,95000,95000
052014,光罩永豐95購01  ,0,0,0,0,0,0,0,0,0,95000,0,0,0,305000,210000,95000,95000
051650,矽力永豐95購01  ,0,0,0,0,0,0,0,0,0,95000,0,0,0,138000,43000,95000,95000
054022,南亞康和96購01  ,0,0,0,0,0,0,0,0,0,94000,0,0,0,94000,0,94000,94000
053952,南亞科台新96購01,0,0,0,0,0,0,0,0,0,94000,0,0,0,106000,12000,94000,94000
053449,超眾凱基98購01  ,0,0,0,0,0,0,0,0,0,94000,0,0,0,94000,0,94000,94000
053399,創意中信96購01  ,0,0,0,0,0,0,0,0,0,94000,0,0,0,104000,10000,94000,94000
053330,燿華永豐96購03  ,0,0,0,0,0,0,0,0,0,94000,0,0,0,201000,107000,94000,94000
052998,拓凱康和96購01  ,0,0,0,0,0,0,0,0,0,94000,0,0,0,204000,110000,94000,94000
046153,京元電亞東92購01,0,0,0,0,0,0,0,0,0,94000,0,0,0,94000,0,94000,94000
043474,創意元大92購01  ,0,0,0,0,0,0,0,0,0,94000,0,0,0,94000,0,94000,94000
042196,元油2X元大93購02,0,0,0,0,0,0,0,0,0,94000,0,0,0,161000,67000,94000,94000
048249,嘉澤兆豐94購01  ,0,0,0,0,0,0,0,0,0,94000,0,0,0,108000,14000,94000,94000
049801,可成元大94購09  ,0,0,0,0,0,0,0,0,0,94000,0,0,0,94000,0,94000,94000
047268,嘉聯益台新93購01,0,0,0,0,0,0,0,0,0,94000,0,0,0,94000,0,94000,94000
047838,亞光元大93購03  ,0,0,0,0,0,0,0,0,0,94000,0,0,0,105000,11000,94000,94000
051954,矽力元富95購04  ,0,0,0,0,0,0,0,0,0,94000,0,0,0,591000,497000,94000,94000
052505,友達日盛9B購02  ,0,0,0,0,0,0,0,0,0,94000,0,0,0,164000,70000,94000,94000
049900,台積電元富94購06,0,0,0,0,0,0,0,0,0,94000,0,0,0,200000,106000,94000,94000
051272,嘉晶群益95購01  ,0,0,0,0,0,0,0,0,0,94000,0,0,0,129000,35000,94000,94000
05862P,大立光國泰98售01,0,0,0,0,0,0,0,0,0,94000,0,0,0,183000,89000,94000,94000
055193,世芯元富97購02  ,0,0,0,0,0,0,0,0,0,94000,0,0,0,349000,255000,94000,94000
2455,全新            ,277000,372000,-95000,0,0,0,26000,8000,18000,171000,44000,16000,28000,149000,6000,143000,94000
05448P,臺股指元大95售25,0,0,0,0,0,0,0,0,0,93000,0,0,0,100000,7000,93000,93000
054770,健策國票98購01  ,0,0,0,0,0,0,0,0,0,93000,0,0,0,152000,59000,93000,93000
054826,復盛元大9A購01  ,0,0,0,0,0,0,0,0,0,93000,0,0,0,190000,97000,93000,93000
03644C,臺股指元大94牛28,0,0,0,0,0,0,0,0,0,93000,0,0,0,100000,7000,93000,93000
048881,美律統一94購02  ,0,0,0,0,0,0,0,0,0,93000,0,0,0,93000,0,93000,93000
045077,國泰金元大92購01,0,0,0,0,0,0,0,0,0,93000,0,0,0,161000,68000,93000,93000
046574,泰鼎國泰94購01  ,0,0,0,0,0,0,0,0,0,93000,0,0,0,93000,0,93000,93000
049968,麗豐國票95購01  ,0,0,0,0,0,0,0,0,0,93000,0,0,0,93000,0,93000,93000
047675,群創元富96購03  ,0,0,0,0,0,0,0,0,0,93000,0,0,0,163000,70000,93000,93000
048630,南亞元大93購01  ,0,0,0,0,0,0,0,0,0,93000,0,0,0,103000,10000,93000,93000
050034,智伸科元大94購01,0,0,0,0,0,0,0,0,0,93000,0,0,0,200000,107000,93000,93000
052539,華邦電統一95購01,0,0,0,0,0,0,0,0,0,93000,0,0,0,162000,69000,93000,93000
052176,景碩元大96購01  ,0,0,0,0,0,0,0,0,0,93000,0,0,0,139000,46000,93000,93000
052105,南亞科兆豐95購01,0,0,0,0,0,0,0,0,0,93000,0,0,0,93000,0,93000,93000
051944,智邦統一95購02  ,0,0,0,0,0,0,0,0,0,93000,0,0,0,324000,231000,93000,93000
051361,泰鼎元大95購01  ,0,0,0,0,0,0,0,0,0,93000,0,0,0,167000,74000,93000,93000
5215,科嘉-KY         ,145000,54000,91000,0,0,0,0,0,0,2000,15000,13000,2000,0,0,0,93000
05592P,可成群益96售03  ,0,0,0,0,0,0,0,0,0,93000,0,0,0,100000,7000,93000,93000
054597,南亞台新97購01  ,0,0,0,0,0,0,0,0,0,92000,0,0,0,157000,65000,92000,92000
054576,健策元大98購03  ,0,0,0,0,0,0,0,0,0,92000,0,0,0,167000,75000,92000,92000
054492,嘉聯益台新96購01,0,0,0,0,0,0,0,0,0,92000,0,0,0,178000,86000,92000,92000
054343,世紀鋼元富96購02,0,0,0,0,0,0,0,0,0,92000,0,0,0,101000,9000,92000,92000
053525,台積電中信96購04,0,0,0,0,0,0,0,0,0,92000,0,0,0,123000,31000,92000,92000
053728,茂林凱基97購01  ,0,0,0,0,0,0,0,0,0,92000,0,0,0,157000,65000,92000,92000
04568P,瑞昱兆豐94售02  ,0,0,0,0,0,0,0,0,0,92000,0,0,0,92000,0,92000,92000
04152P,喬山永豐93售02  ,0,0,0,0,0,0,0,0,0,92000,0,0,0,92000,0,92000,92000
049691,可成元大94購06  ,0,0,0,0,0,0,0,0,0,92000,0,0,0,170000,78000,92000,92000
047360,鴻海群益95購02  ,0,0,0,0,0,0,0,0,0,92000,0,0,0,196000,104000,92000,92000
046462,康控凱基92購01  ,0,0,0,0,0,0,0,0,0,92000,0,0,0,92000,0,92000,92000
051505,台積電元富95購05,0,0,0,0,0,0,0,0,0,92000,0,0,0,207000,115000,92000,92000
052430,泰碩永豐95購02  ,0,0,0,0,0,0,0,0,0,92000,0,0,0,92000,0,92000,92000
050046,矽力兆豐94購01  ,0,0,0,0,0,0,0,0,0,92000,0,0,0,100000,8000,92000,92000
051102,訊芯元大96購01  ,0,0,0,0,0,0,0,0,0,92000,0,0,0,320000,228000,92000,92000
055503,健策元大98購05  ,0,0,0,0,0,0,0,0,0,92000,0,0,0,462000,370000,92000,92000
055177,宏達電統一99購01,0,0,0,0,0,0,0,0,0,92000,0,0,0,92000,0,92000,92000
06058P,玉晶光凱基97售04,0,0,0,0,0,0,0,0,0,92000,0,0,0,102000,10000,92000,92000
08751P,友達群益01售01  ,0,0,0,0,0,0,0,0,0,92000,0,0,0,92000,0,92000,92000
2365,昆盈            ,105000,12000,93000,0,0,0,0,0,0,-1000,0,1000,-1000,0,0,0,92000
053619,和碩群益96購01  ,0,0,0,0,0,0,0,0,0,91000,0,0,0,192000,101000,91000,91000
053529,國巨麥證96購01  ,0,0,0,91000,0,91000,0,0,0,91000,0,0,0,91000,0,91000,91000
052687,國泰金元大96購03,0,0,0,0,0,0,0,0,0,91000,0,0,0,304000,213000,91000,91000
054308,嘉晶凱基98購01  ,0,0,0,0,0,0,0,0,0,91000,0,0,0,196000,105000,91000,91000
054134,強茂元大96購01  ,0,0,0,0,0,0,0,0,0,91000,0,0,0,101000,10000,91000,91000
054775,復盛國票98購01  ,0,0,0,0,0,0,0,0,0,91000,0,0,0,100000,9000,91000,91000
054968,佐登元大97購01  ,0,0,0,0,0,0,0,0,0,91000,0,0,0,101000,10000,91000,91000
044104,鴻海中信95購03  ,0,0,0,0,0,0,0,0,0,91000,0,0,0,91000,0,91000,91000
03060P,微星凱基01售01  ,0,0,0,0,0,0,0,0,0,91000,91000,0,91000,0,0,0,91000
03005X,元展05          ,0,0,0,0,0,0,0,0,0,91000,0,0,0,91000,0,91000,91000
043665,和鑫元大93購01  ,0,0,0,0,0,0,0,0,0,91000,0,0,0,91000,0,91000,91000
048421,聯茂統一93購01  ,0,0,0,0,0,0,0,0,0,91000,0,0,0,91000,0,91000,91000
051069,智邦國票96購01  ,0,0,0,0,0,0,0,0,0,91000,0,0,0,401000,310000,91000,91000
05231P,GIS群益95售03   ,0,0,0,0,0,0,0,0,0,91000,0,0,0,101000,10000,91000,91000
051908,國泰金元大96購02,0,0,0,0,0,0,0,0,0,91000,0,0,0,141000,50000,91000,91000
8926,台汽電          ,125000,34000,91000,0,0,0,0,0,0,0,0,0,0,0,0,0,91000
054815,台積電元大97購14,0,0,0,0,0,0,0,0,0,90000,0,0,0,420000,330000,90000,90000
054591,GIS國泰98購01   ,0,0,0,0,0,0,0,0,0,90000,0,0,0,90000,0,90000,90000
053968,華邦電元大97購01,0,0,0,0,0,0,0,0,0,90000,0,0,0,103000,13000,90000,90000
054263,聯茂元大96購02  ,0,0,0,0,0,0,0,0,0,90000,0,0,0,121000,31000,90000,90000
052837,友達國泰97購01  ,0,0,0,0,0,0,0,0,0,90000,0,0,0,90000,0,90000,90000
053556,康控凱基97購02  ,0,0,0,0,0,0,0,0,0,90000,0,0,0,90000,0,90000,90000
043774,瑞昱兆豐92購01  ,0,0,0,0,0,0,0,0,0,90000,0,0,0,100000,10000,90000,90000
044119,台郡兆豐92購01  ,0,0,0,0,0,0,0,0,0,90000,0,0,0,90000,0,90000,90000
045076,富邦金元大92購01,0,0,0,0,0,0,0,0,0,90000,0,0,0,90000,0,90000,90000
045851,健策永豐92購01  ,0,0,0,0,0,0,0,0,0,90000,0,0,0,94000,4000,90000,90000
044438,GIS元大92購03   ,0,0,0,0,0,0,0,0,0,90000,0,0,0,150000,60000,90000,90000
045975,祥碩凱基93購04  ,0,0,0,0,0,0,0,0,0,90000,0,0,0,111000,21000,90000,90000
048643,強茂元大94購01  ,0,0,0,0,0,0,0,0,0,90000,0,0,0,100000,10000,90000,90000
047674,群創元富96購02  ,0,0,0,0,0,0,0,0,0,90000,0,0,0,90000,0,90000,90000
049592,欣興元大96購01  ,0,0,0,0,0,0,0,0,0,90000,0,0,0,155000,65000,90000,90000
049547,新光金群益94購01,0,0,0,0,0,0,0,0,0,90000,0,0,0,270000,180000,90000,90000
049535,臻鼎永豐94購01  ,0,0,0,0,0,0,0,0,0,90000,0,0,0,90000,0,90000,90000
048342,強茂元大93購01  ,0,0,0,0,0,0,0,0,0,90000,0,0,0,100000,10000,90000,90000
047770,聯詠元大93購10  ,0,0,0,0,0,0,0,0,0,90000,0,0,0,125000,35000,90000,90000
047431,儒鴻元大93購06  ,0,0,0,0,0,0,0,0,0,90000,0,0,0,105000,15000,90000,90000
048216,元油反凱基93購01,0,0,0,0,0,0,0,0,0,90000,0,0,0,90000,0,90000,90000
046540,創意群益92購04  ,0,0,0,0,0,0,0,0,0,90000,0,0,0,90000,0,90000,90000
047313,華新科元大93購08,0,0,0,0,0,0,0,0,0,90000,0,0,0,90000,0,90000,90000
051848,元金2X中信98購02,0,0,0,0,0,0,0,0,0,90000,0,0,0,100000,10000,90000,90000
051253,緯創元大95購02  ,0,0,0,0,0,0,0,0,0,90000,0,0,0,100000,10000,90000,90000
050549,慧洋凱基95購01  ,0,0,0,0,0,0,0,0,0,90000,0,0,0,90000,0,90000,90000
050325,台積電永豐94購05,0,0,0,0,0,0,0,0,0,90000,0,0,0,107000,17000,90000,90000
06092P,嘉聯益統一97售01,0,0,0,0,0,0,0,0,0,90000,0,0,0,90000,0,90000,90000
055128,致新兆豐97購01  ,0,0,0,0,0,0,0,0,0,90000,0,0,0,160000,70000,90000,90000
055194,昇陽半元富97購01,0,0,0,0,0,0,0,0,0,90000,0,0,0,120000,30000,90000,90000
05671P,友達國泰97售03  ,0,0,0,0,0,0,0,0,0,90000,0,0,0,100000,10000,90000,90000
052920,景碩台新96購02  ,0,0,0,0,0,0,0,0,0,89000,0,0,0,207000,118000,89000,89000
054438,群創台新96購01  ,0,0,0,0,0,0,0,0,0,89000,0,0,0,89000,0,89000,89000
054151,瑞昱國泰97購01  ,0,0,0,0,0,0,0,0,0,89000,0,0,0,225000,136000,89000,89000
046931,聯詠統一93購01  ,0,0,0,0,0,0,0,0,0,89000,0,0,0,149000,60000,89000,89000
048146,大立光統一93購11,0,0,0,0,0,0,0,0,0,89000,0,0,0,104000,15000,89000,89000
050031,嘉澤元大95購01  ,0,0,0,0,0,0,0,0,0,89000,0,0,0,528000,439000,89000,89000
052211,台積電元大95購22,0,0,0,0,0,0,0,0,0,89000,0,0,0,376000,287000,89000,89000
05571P,大立光統一96售03,0,0,0,0,0,0,0,0,0,89000,0,0,0,197000,108000,89000,89000
052908,大成鋼統一96購01,0,0,0,0,0,0,0,0,0,88000,0,0,0,94000,6000,88000,88000
052878,台虹凱基96購01  ,0,0,0,0,0,0,0,0,0,88000,0,0,0,208000,120000,88000,88000
053015,緯創統一96購01  ,0,0,0,0,0,0,0,0,0,88000,0,0,0,88000,0,88000,88000
053254,群創國泰98購02  ,0,0,0,0,0,0,0,0,0,88000,0,0,0,88000,0,88000,88000
053551,可成凱基96購05  ,0,0,0,0,0,0,0,0,0,88000,0,0,0,253000,165000,88000,88000
053338,台光電國票97購01,0,0,0,0,0,0,0,0,0,88000,0,0,0,88000,0,88000,88000
048984,上緯控元大94購01,0,0,0,0,0,0,0,0,0,88000,0,0,0,88000,0,88000,88000
04080P,可成元大93售11  ,0,0,0,0,0,0,0,0,0,88000,0,0,0,88000,0,88000,88000
047095,聯詠麥證93購01  ,0,0,0,95000,0,95000,0,0,0,88000,0,0,0,95000,7000,88000,88000
047108,華邦電元大93購03,0,0,0,0,0,0,0,0,0,88000,0,0,0,89000,1000,88000,88000
047807,華邦電凱基93購06,0,0,0,0,0,0,0,0,0,88000,0,0,0,169000,81000,88000,88000
051082,上証2X元大98購01,0,0,0,0,0,0,0,0,0,88000,0,0,0,90000,2000,88000,88000
050699,京鼎凱基96購01  ,0,0,0,0,0,0,0,0,0,88000,0,0,0,115000,27000,88000,88000
053382,友達元大9C購02  ,0,0,0,0,0,0,0,0,0,87000,0,0,0,234000,147000,87000,87000
054121,奇鋐永豐96購02  ,0,0,0,0,0,0,0,0,0,87000,0,0,0,97000,10000,87000,87000
054822,祥碩元大97購01  ,0,0,0,0,0,0,0,0,0,87000,0,0,0,156000,69000,87000,87000
055079,台光電中信97購01,0,0,0,0,0,0,0,0,0,87000,0,0,0,281000,194000,87000,87000
044094,南亞科統一92購01,0,0,0,0,0,0,0,0,0,87000,0,0,0,127000,40000,87000,87000
04509P,臺股指元大94售04,0,0,0,0,0,0,0,0,0,87000,0,0,0,97000,10000,87000,87000
047098,大毅國泰94購01  ,0,0,0,0,0,0,0,0,0,87000,0,0,0,240000,153000,87000,87000
05227P,大立光統一95售04,0,0,0,0,0,0,0,0,0,87000,0,0,0,87000,0,87000,87000
052538,和大統一95購02  ,0,0,0,0,0,0,0,0,0,87000,0,0,0,378000,291000,87000,87000
052642,滬深2X永豐96購03,0,0,0,0,0,0,0,0,0,87000,0,0,0,95000,8000,87000,87000
051780,矽力群益95購01  ,0,0,0,0,0,0,0,0,0,87000,0,0,0,113000,26000,87000,87000
054436,高鐵台新97購02  ,0,0,0,0,0,0,0,0,0,86000,0,0,0,86000,0,86000,86000
053787,健策元大97購02  ,0,0,0,0,0,0,0,0,0,86000,0,0,0,304000,218000,86000,86000
052822,泰碩永豐97購01  ,0,0,0,0,0,0,0,0,0,86000,0,0,0,86000,0,86000,86000
045898,康控元大93購04  ,0,0,0,0,0,0,0,0,0,86000,0,0,0,289000,203000,86000,86000
049624,嘉澤群益94購01  ,0,0,0,0,0,0,0,0,0,86000,0,0,0,174000,88000,86000,86000
049824,鴻海凱基94購18  ,0,0,0,0,0,0,0,0,0,86000,0,0,0,91000,5000,86000,86000
046782,建準永豐93購01  ,0,0,0,0,0,0,0,0,0,86000,0,0,0,100000,14000,86000,86000
050867,聯鈞永豐95購01  ,0,0,0,0,0,0,0,0,0,86000,0,0,0,326000,240000,86000,86000
05575P,玉晶光元富96售01,0,0,0,0,0,0,0,0,0,86000,0,0,0,171000,85000,86000,86000
05871P,全新凱基96售04  ,0,0,0,0,0,0,0,0,0,86000,0,0,0,86000,0,86000,86000
2206,三陽工業        ,112000,26000,86000,0,0,0,0,0,0,0,0,0,0,0,0,0,86000
2006,東和鋼鐵        ,133000,68000,65000,0,0,0,0,0,0,21000,21000,0,21000,0,0,0,86000
053779,台光電元大96購02,0,0,0,0,0,0,0,0,0,85000,0,0,0,212000,127000,85000,85000
054163,燿華凱基97購02  ,0,0,0,0,0,0,0,0,0,85000,0,0,0,85000,0,85000,85000
055044,信錦永豐97購01  ,0,0,0,0,0,0,0,0,0,85000,0,0,0,85000,0,85000,85000
054857,信錦群益97購01  ,0,0,0,0,0,0,0,0,0,85000,0,0,0,85000,0,85000,85000
039910,嘉聯益富邦91購01,0,0,0,0,0,0,0,0,0,85000,0,0,0,85000,0,85000,85000
048726,儒鴻麥證95購01  ,0,0,0,125000,40000,85000,0,0,0,85000,0,0,0,125000,40000,85000,85000
04707P,喬山元大94售01  ,0,0,0,0,0,0,0,0,0,85000,0,0,0,113000,28000,85000,85000
046987,智邦凱基93購04  ,0,0,0,0,0,0,0,0,0,85000,0,0,0,94000,9000,85000,85000
049877,南亞科永豐94購01,0,0,0,0,0,0,0,0,0,85000,0,0,0,103000,18000,85000,85000
050136,柏文兆豐94購01  ,0,0,0,0,0,0,0,0,0,85000,0,0,0,135000,50000,85000,85000
055337,超眾兆豐98購01  ,0,0,0,0,0,0,0,0,0,85000,0,0,0,85000,0,85000,85000
054854,台積電麥證97購01,0,0,0,110000,26000,84000,0,0,0,84000,0,0,0,110000,26000,84000,84000
053647,臺股指國票96購10,0,0,0,0,0,0,0,0,0,84000,0,0,0,85000,1000,84000,84000
053747,滬深2X永豐96購05,0,0,0,0,0,0,0,0,0,84000,0,0,0,84000,0,84000,84000
046370,全新麥證93購01  ,0,0,0,180000,96000,84000,0,0,0,84000,0,0,0,180000,96000,84000,84000
046619,可成凱基93購01  ,0,0,0,0,0,0,0,0,0,84000,0,0,0,84000,0,84000,84000
049517,台光電國票94購02,0,0,0,0,0,0,0,0,0,84000,0,0,0,84000,0,84000,84000
050512,台泥元大94購01  ,0,0,0,0,0,0,0,0,0,84000,0,0,0,119000,35000,84000,84000
052368,力成國票96購01  ,0,0,0,0,0,0,0,0,0,84000,0,0,0,268000,184000,84000,84000
055357,欣興凱基97購04  ,0,0,0,0,0,0,0,0,0,84000,0,0,0,112000,28000,84000,84000
05516P,台積電元大96售12,0,0,0,0,0,0,0,0,0,84000,0,0,0,91000,7000,84000,84000
3038,全台            ,89000,5000,84000,0,0,0,0,0,0,0,0,0,0,0,0,0,84000
053590,新光金元大9A購02,0,0,0,0,0,0,0,0,0,83000,0,0,0,93000,10000,83000,83000
052936,華通兆豐98購01  ,0,0,0,0,0,0,0,0,0,83000,0,0,0,115000,32000,83000,83000
052688,新日興元大96購01,0,0,0,0,0,0,0,0,0,83000,0,0,0,314000,231000,83000,83000
053276,友達元大9C購01  ,0,0,0,0,0,0,0,0,0,83000,0,0,0,118000,35000,83000,83000
053176,矽力群益96購02  ,0,0,0,0,0,0,0,0,0,83000,0,0,0,193000,110000,83000,83000
052995,上銀康和96購01  ,0,0,0,0,0,0,0,0,0,83000,0,0,0,153000,70000,83000,83000
054845,智邦兆豐98購01  ,0,0,0,0,0,0,0,0,0,83000,0,0,0,135000,52000,83000,83000
054718,可成永豐97購01  ,0,0,0,0,0,0,0,0,0,83000,0,0,0,199000,116000,83000,83000
054734,燿華凱基97購03  ,0,0,0,0,0,0,0,0,0,83000,0,0,0,143000,60000,83000,83000
054023,和大康和96購01  ,0,0,0,0,0,0,0,0,0,83000,0,0,0,83000,0,83000,83000
044735,光磊國泰93購01  ,0,0,0,0,0,0,0,0,0,83000,0,0,0,154000,71000,83000,83000
039676,華新科國泰91購02,0,0,0,0,0,0,0,0,0,83000,0,0,0,83000,0,83000,83000
046106,致新永豐92購01  ,0,0,0,0,0,0,0,0,0,83000,0,0,0,100000,17000,83000,83000
049256,瑞昱元大94購04  ,0,0,0,0,0,0,0,0,0,83000,0,0,0,107000,24000,83000,83000
048168,致茂永豐93購02  ,0,0,0,0,0,0,0,0,0,83000,0,0,0,238000,155000,83000,83000
052372,台泥元大95購02  ,0,0,0,0,0,0,0,0,0,83000,0,0,0,141000,58000,83000,83000
052401,智原凱基95購01  ,0,0,0,0,0,0,0,0,0,83000,0,0,0,245000,162000,83000,83000
051529,東元國票96購01  ,0,0,0,0,0,0,0,0,0,83000,0,0,0,83000,0,83000,83000
050222,瑞儀元富94購01  ,0,0,0,0,0,0,0,0,0,83000,0,0,0,94000,11000,83000,83000
050953,臻鼎群益95購01  ,0,0,0,0,0,0,0,0,0,83000,0,0,0,83000,0,83000,83000
050773,京鼎元大94購02  ,0,0,0,0,0,0,0,0,0,83000,0,0,0,321000,238000,83000,83000
051247,可成元大95購04  ,0,0,0,0,0,0,0,0,0,83000,0,0,0,83000,0,83000,83000
8039,台虹            ,779000,652000,127000,0,0,0,0,0,0,-44000,138000,100000,38000,101000,183000,-82000,83000
055398,超眾統一97購03  ,0,0,0,0,0,0,0,0,0,83000,0,0,0,153000,70000,83000,83000
054630,聯鈞凱基98購01  ,0,0,0,0,0,0,0,0,0,82000,0,0,0,83000,1000,82000,82000
053216,京鼎凱基96購02  ,0,0,0,0,0,0,0,0,0,82000,0,0,0,112000,30000,82000,82000
052892,大成鋼群益96購01,0,0,0,0,0,0,0,0,0,82000,0,0,0,190000,108000,82000,82000
053557,聯茂凱基96購04  ,0,0,0,0,0,0,0,0,0,82000,0,0,0,82000,0,82000,82000
053738,群創麥證96購01  ,0,0,0,102000,20000,82000,0,0,0,82000,0,0,0,102000,20000,82000,82000
045718,瑞昱凱基92購01  ,0,0,0,0,0,0,0,0,0,82000,0,0,0,96000,14000,82000,82000
046174,高鐵永豐92購01  ,0,0,0,0,0,0,0,0,0,82000,0,0,0,82000,0,82000,82000
049060,易華電永豐94購02,0,0,0,0,0,0,0,0,0,82000,0,0,0,82000,0,82000,82000
046621,智伸科凱基93購02,0,0,0,0,0,0,0,0,0,82000,0,0,0,110000,28000,82000,82000
047400,欣興永豐93購03  ,0,0,0,0,0,0,0,0,0,82000,0,0,0,237000,155000,82000,82000
046836,聯茂群益93購01  ,0,0,0,0,0,0,0,0,0,82000,0,0,0,82000,0,82000,82000
051207,聯茂麥證95購01  ,0,0,0,102000,20000,82000,0,0,0,82000,0,0,0,102000,20000,82000,82000
051124,創意群益95購01  ,0,0,0,0,0,0,0,0,0,82000,0,0,0,82000,0,82000,82000
052516,臺股指凱基95購20,0,0,0,0,0,0,0,0,0,82000,0,0,0,82000,0,82000,82000
05636P,國巨永豐96售03  ,0,0,0,0,0,0,0,0,0,82000,0,0,0,82000,0,82000,82000
06113P,台積電群益97售01,0,0,0,0,0,0,0,0,0,82000,0,0,0,224000,142000,82000,82000
053381,友達元大9A購02  ,0,0,0,0,0,0,0,0,0,81000,0,0,0,112000,31000,81000,81000
05429P,鴻海統一95售16  ,0,0,0,0,0,0,0,0,0,81000,0,0,0,81000,0,81000,81000
046190,宏盛凱基92購01  ,0,0,0,0,0,0,0,0,0,81000,0,0,0,91000,10000,81000,81000
045282,元油2X永豐92購01,0,0,0,0,0,0,0,0,0,81000,0,0,0,81000,0,81000,81000
047577,宏達電群益93購03,0,0,0,0,0,0,0,0,0,81000,0,0,0,81000,0,81000,81000
049178,宏達電凱基94購02,0,0,0,0,0,0,0,0,0,81000,0,0,0,81000,0,81000,81000
047261,聯詠國票93購02  ,0,0,0,0,0,0,0,0,0,81000,0,0,0,81000,0,81000,81000
05241P,鴻海國泰97售04  ,0,0,0,0,0,0,0,0,0,81000,0,0,0,144000,63000,81000,81000
051283,亞德客統一95購01,0,0,0,0,0,0,0,0,0,81000,0,0,0,283000,202000,81000,81000
050243,華新科凱基94購10,0,0,0,0,0,0,0,0,0,81000,0,0,0,176000,95000,81000,81000
055143,臻鼎永豐97購01  ,0,0,0,0,0,0,0,0,0,81000,0,0,0,82000,1000,81000,81000
2419,仲琦            ,383000,302000,81000,0,0,0,0,0,0,0,0,0,0,0,0,0,81000
8150,南茂            ,1405000,433000,972000,0,0,0,0,868000,-868000,-23000,0,2000,-2000,28000,49000,-21000,81000
054627,義隆凱基98購01  ,0,0,0,0,0,0,0,0,0,80000,0,0,0,90000,10000,80000,80000
054835,致新中信97購01  ,0,0,0,0,0,0,0,0,0,80000,0,0,0,190000,110000,80000,80000
055034,建準富邦99購01  ,0,0,0,0,0,0,0,0,0,80000,0,0,0,100000,20000,80000,80000
055050,敬鵬永豐97購01  ,0,0,0,0,0,0,0,0,0,80000,0,0,0,819000,739000,80000,80000
053744,台郡國票97購03  ,0,0,0,0,0,0,0,0,0,80000,0,0,0,298000,218000,80000,80000
053887,聯茂兆豐97購02  ,0,0,0,0,0,0,0,0,0,80000,0,0,0,984000,904000,80000,80000
052951,GIS國票97購02   ,0,0,0,0,0,0,0,0,0,80000,0,0,0,80000,0,80000,80000
053188,旺宏統一97購03  ,0,0,0,0,0,0,0,0,0,80000,0,0,0,129000,49000,80000,80000
045501,國泰金凱基92購01,0,0,0,0,0,0,0,0,0,80000,0,0,0,90000,10000,80000,80000
045571,元油2X元大95購04,0,0,0,0,0,0,0,0,0,80000,0,0,0,100000,20000,80000,80000
045631,台光電凱基93購06,0,0,0,0,0,0,0,0,0,80000,0,0,0,86000,6000,80000,80000
046002,美律統一93購01  ,0,0,0,0,0,0,0,0,0,80000,0,0,0,140000,60000,80000,80000
042679,群創元大92購02  ,0,0,0,0,0,0,0,0,0,80000,0,0,0,141000,61000,80000,80000
03294P,欣興永豐02售01  ,0,0,0,0,0,0,0,0,0,80000,0,0,0,80000,0,80000,80000
006206,元大上證50      ,6000,88000,-82000,0,0,0,0,0,0,162000,0,20000,-20000,210000,28000,182000,80000
042194,揚明光富邦93購01,0,0,0,0,0,0,0,0,0,80000,0,0,0,80000,0,80000,80000
046716,欣興國泰93購03  ,0,0,0,0,0,0,0,0,0,80000,0,0,0,80000,0,80000,80000
047429,聯茂亞東93購01  ,0,0,0,0,0,0,0,0,0,80000,0,0,0,90000,10000,80000,80000
047777,寶成元大93購01  ,0,0,0,0,0,0,0,0,0,80000,0,0,0,80000,0,80000,80000
047910,全新麥證94購01  ,0,0,0,185000,105000,80000,0,0,0,80000,0,0,0,185000,105000,80000,80000
049386,嘉聯益元大95購01,0,0,0,0,0,0,0,0,0,80000,0,0,0,80000,0,80000,80000
049802,可成元大94購10  ,0,0,0,0,0,0,0,0,0,80000,0,0,0,87000,7000,80000,80000
049711,劍麟凱基94購01  ,0,0,0,0,0,0,0,0,0,80000,0,0,0,100000,20000,80000,80000
049728,正崴中信94購01  ,0,0,0,0,0,0,0,0,0,80000,0,0,0,80000,0,80000,80000
047994,亞德客元大93購03,0,0,0,0,0,0,0,0,0,80000,0,0,0,85000,5000,80000,80000
050255,GIS富邦95購01   ,0,0,0,0,0,0,0,0,0,80000,0,0,0,80000,0,80000,80000
050507,聯詠凱基94購06  ,0,0,0,0,0,0,0,0,0,80000,0,0,0,80000,0,80000,80000
050417,喬山凱基94購01  ,0,0,0,0,0,0,0,0,0,80000,0,0,0,80000,0,80000,80000
051250,大立光元大98購01,0,0,0,0,0,0,0,0,0,80000,0,0,0,81000,1000,80000,80000
051187,晶相光永豐95購01,0,0,0,0,0,0,0,0,0,80000,0,0,0,110000,30000,80000,80000
050766,燿華元大96購02  ,0,0,0,0,0,0,0,0,0,80000,0,0,0,217000,137000,80000,80000
05204P,TPK元大95售03   ,0,0,0,0,0,0,0,0,0,80000,0,0,0,80000,0,80000,80000
051593,和碩元大95購01  ,0,0,0,0,0,0,0,0,0,80000,0,0,0,83000,3000,80000,80000
052010,兆豐金中信95購01,0,0,0,0,0,0,0,0,0,80000,0,0,0,121000,41000,80000,80000
05858P,矽力中信96售01  ,0,0,0,0,0,0,0,0,0,80000,0,0,0,210000,130000,80000,80000
05915P,聯發科元大96售19,0,0,0,0,0,0,0,0,0,80000,0,0,0,460000,380000,80000,80000
053636,全新永豐96購02  ,0,0,0,0,0,0,0,0,0,79000,0,0,0,88000,9000,79000,79000
053471,正崴元大96購01  ,0,0,0,0,0,0,0,0,0,79000,0,0,0,105000,26000,79000,79000
054985,光罩元富97購01  ,0,0,0,0,0,0,0,0,0,79000,0,0,0,264000,185000,79000,79000
03253P,台灣50國泰03售02,0,0,0,0,0,0,0,0,0,79000,0,0,0,79000,0,79000,79000
045131,瑞昱統一92購02  ,0,0,0,0,0,0,0,0,0,79000,0,0,0,115000,36000,79000,79000
047601,上海銀中信93購01,0,0,0,0,0,0,0,0,0,79000,0,0,0,176000,97000,79000,79000
047764,燿華元大93購03  ,0,0,0,0,0,0,0,0,0,79000,0,0,0,131000,52000,79000,79000
052068,瑞儀兆豐96購01  ,0,0,0,0,0,0,0,0,0,79000,0,0,0,79000,0,79000,79000
052260,為升富邦97購02  ,0,0,0,0,0,0,0,0,0,79000,0,0,0,80000,1000,79000,79000
052621,台郡富邦97購01  ,0,0,0,0,0,0,0,0,0,79000,0,0,0,97000,18000,79000,79000
050780,台表科元大96購01,0,0,0,0,0,0,0,0,0,79000,0,0,0,165000,86000,79000,79000
050939,健鼎國票96購01  ,0,0,0,0,0,0,0,0,0,79000,0,0,0,79000,0,79000,79000
051135,建準永豐95購01  ,0,0,0,0,0,0,0,0,0,79000,0,0,0,79000,0,79000,79000
05909P,康友元富96售02  ,0,0,0,0,0,0,0,0,0,79000,0,0,0,79000,0,79000,79000
2023,燁輝            ,172000,93000,79000,0,0,0,0,0,0,0,0,0,0,0,0,0,79000
2457,飛宏            ,117000,38000,79000,0,0,0,0,0,0,0,0,0,0,0,0,0,79000
054911,敬鵬凱基97購01  ,0,0,0,0,0,0,0,0,0,78000,0,0,0,81000,3000,78000,78000
054042,華泰元大96購01  ,0,0,0,0,0,0,0,0,0,78000,0,0,0,148000,70000,78000,78000
053955,華通永豐96購04  ,0,0,0,0,0,0,0,0,0,78000,0,0,0,108000,30000,78000,78000
053844,GIS統一96購01   ,0,0,0,0,0,0,0,0,0,78000,0,0,0,161000,83000,78000,78000
052826,嘉聯益永豐96購01,0,0,0,0,0,0,0,0,0,78000,0,0,0,118000,40000,78000,78000
044108,華新科國票91購03,0,0,0,0,0,0,0,0,0,78000,0,0,0,80000,2000,78000,78000
047202,欣興元富96購01  ,0,0,0,0,0,0,0,0,0,78000,0,0,0,294000,216000,78000,78000
047381,台化元大93購01  ,0,0,0,0,0,0,0,0,0,78000,0,0,0,78000,0,78000,78000
04849P,GIS中信94售01   ,0,0,0,0,0,0,0,0,0,78000,0,0,0,78000,0,78000,78000
050829,臻鼎凱基96購01  ,0,0,0,0,0,0,0,0,0,78000,0,0,0,118000,40000,78000,78000
051805,元黃金凱基97購02,0,0,0,0,0,0,0,0,0,78000,0,0,0,88000,10000,78000,78000
3535,晶彩科          ,88000,10000,78000,0,0,0,0,0,0,0,0,0,0,0,0,0,78000
053248,智伸科國票97購01,0,0,0,0,0,0,0,0,0,77000,0,0,0,89000,12000,77000,77000
054002,GIS群益96購03   ,0,0,0,0,0,0,0,0,0,77000,0,0,0,77000,0,77000,77000
05447P,臺股指元大95售24,0,0,0,0,0,0,0,0,0,77000,0,0,0,252000,175000,77000,77000
054696,嘉聯益永豐97購01,0,0,0,0,0,0,0,0,0,77000,0,0,0,77000,0,77000,77000
048895,光罩國泰95購01  ,0,0,0,0,0,0,0,0,0,77000,0,0,0,217000,140000,77000,77000
047650,矽力元大93購01  ,0,0,0,0,0,0,0,0,0,77000,0,0,0,77000,0,77000,77000
047445,創意元大93購04  ,0,0,0,0,0,0,0,0,0,77000,0,0,0,77000,0,77000,77000
051715,和碩台新95購01  ,0,0,0,0,0,0,0,0,0,77000,0,0,0,115000,38000,77000,77000
052604,建準元大97購01  ,0,0,0,0,0,0,0,0,0,77000,0,0,0,138000,61000,77000,77000
050992,台積電元大97購01,0,0,0,0,0,0,0,0,0,77000,0,0,0,77000,0,77000,77000
050311,上銀兆豐95購01  ,0,0,0,0,0,0,0,0,0,77000,0,0,0,77000,0,77000,77000
050119,瀚宇博元大95購03,0,0,0,0,0,0,0,0,0,77000,0,0,0,167000,90000,77000,77000
5285,界霖            ,81000,4000,77000,0,0,0,0,0,0,0,0,0,0,0,0,0,77000
05971P,世紀鋼永豐96售04,0,0,0,0,0,0,0,0,0,77000,0,0,0,78000,1000,77000,77000
055207,致新中信99購01  ,0,0,0,0,0,0,0,0,0,77000,0,0,0,177000,100000,77000,77000
055263,華新科富邦9A購01,0,0,0,0,0,0,0,0,0,77000,0,0,0,328000,251000,77000,77000
05613P,臻鼎台新96售01  ,0,0,0,0,0,0,0,0,0,77000,0,0,0,141000,64000,77000,77000
054443,樺漢台新96購02  ,0,0,0,0,0,0,0,0,0,76000,0,0,0,76000,0,76000,76000
054400,健策永豐96購02  ,0,0,0,0,0,0,0,0,0,76000,0,0,0,799000,723000,76000,76000
053980,泰鼎元大97購02  ,0,0,0,0,0,0,0,0,0,76000,0,0,0,209000,133000,76000,76000
053813,友達群益9A購03  ,0,0,0,0,0,0,0,0,0,76000,0,0,0,184000,108000,76000,76000
053690,南亞科元大96購02,0,0,0,0,0,0,0,0,0,76000,0,0,0,119000,43000,76000,76000
045275,台光電統一92購03,0,0,0,0,0,0,0,0,0,76000,0,0,0,76000,0,76000,76000
045746,燿華永豐92購01  ,0,0,0,0,0,0,0,0,0,76000,0,0,0,115000,39000,76000,76000
04610P,世紀鋼永豐94售03,0,0,0,0,0,0,0,0,0,76000,0,0,0,76000,0,76000,76000
046604,康控群益93購02  ,0,0,0,0,0,0,0,0,0,76000,0,0,0,112000,36000,76000,76000
047546,瑞昱凱基93購06  ,0,0,0,0,0,0,0,0,0,76000,0,0,0,148000,72000,76000,76000
051260,鴻海永昌96購04  ,0,0,0,0,0,0,0,0,0,76000,0,0,0,2854000,2778000,76000,76000
052543,聯詠元富95購01  ,0,0,0,0,0,0,0,0,0,76000,0,0,0,76000,0,76000,76000
051483,玉晶光凱基96購02,0,0,0,0,0,0,0,0,0,76000,0,0,0,89000,13000,76000,76000
3338,泰碩            ,114000,65000,49000,0,0,0,0,0,0,27000,74000,2000,72000,3000,48000,-45000,76000
053536,明泰永豐96購01  ,0,0,0,0,0,0,0,0,0,75000,0,0,0,75000,0,75000,75000
053347,茂林國票98購01  ,0,0,0,0,0,0,0,0,0,75000,0,0,0,90000,15000,75000,75000
052671,祥碩群益96購01  ,0,0,0,0,0,0,0,0,0,75000,0,0,0,105000,30000,75000,75000
054200,美律富邦97購02  ,0,0,0,0,0,0,0,0,0,75000,0,0,0,95000,20000,75000,75000
054295,世芯元大96購03  ,0,0,0,0,0,0,0,0,0,75000,0,0,0,213000,138000,75000,75000
055029,帆宣國泰99購01  ,0,0,0,0,0,0,0,0,0,75000,0,0,0,541000,466000,75000,75000
055054,群光永豐97購01  ,0,0,0,0,0,0,0,0,0,75000,0,0,0,143000,68000,75000,75000
044318,群創永豐91購01  ,0,0,0,0,0,0,0,0,0,75000,0,0,0,94000,19000,75000,75000
044600,上銀國泰93購01  ,0,0,0,0,0,0,0,0,0,75000,0,0,0,109000,34000,75000,75000
044509,台光電凱基93購03,0,0,0,0,0,0,0,0,0,75000,0,0,0,131000,56000,75000,75000
045082,聯詠元大92購01  ,0,0,0,0,0,0,0,0,0,75000,0,0,0,75000,0,75000,75000
04767P,台積電國泰95售04,0,0,0,0,0,0,0,0,0,75000,0,0,0,200000,125000,75000,75000
048868,劍麟國票94購01  ,0,0,0,0,0,0,0,0,0,75000,0,0,0,117000,42000,75000,75000
049670,鈺齊國泰96購01  ,0,0,0,0,0,0,0,0,0,75000,0,0,0,105000,30000,75000,75000
049819,百和元大94購02  ,0,0,0,0,0,0,0,0,0,75000,0,0,0,349000,274000,75000,75000
047357,欣興麥證93購01  ,0,0,0,275000,200000,75000,0,0,0,75000,0,0,0,275000,200000,75000,75000
051393,新光金兆豐96購01,0,0,0,0,0,0,0,0,0,75000,0,0,0,75000,0,75000,75000
051766,泰鼎元大95購02  ,0,0,0,0,0,0,0,0,0,75000,0,0,0,139000,64000,75000,75000
6416,瑞祺電通        ,72000,57000,15000,0,0,0,0,0,0,60000,60000,0,60000,0,0,0,75000
05625P,國巨國票97售01  ,0,0,0,0,0,0,0,0,0,75000,0,0,0,75000,0,75000,75000
055203,建準中信97購01  ,0,0,0,0,0,0,0,0,0,75000,0,0,0,75000,0,75000,75000
05999P,世芯元大96售01  ,0,0,0,0,0,0,0,0,0,75000,0,0,0,75000,0,75000,75000
054912,群光凱基97購01  ,0,0,0,0,0,0,0,0,0,74000,0,0,0,74000,0,74000,74000
054230,上銀群益96購03  ,0,0,0,0,0,0,0,0,0,74000,0,0,0,203000,129000,74000,74000
054348,康控國票97購03  ,0,0,0,0,0,0,0,0,0,74000,0,0,0,224000,150000,74000,74000
053489,上銀兆豐97購01  ,0,0,0,0,0,0,0,0,0,74000,0,0,0,90000,16000,74000,74000
044306,瑞儀兆豐93購02  ,0,0,0,0,0,0,0,0,0,74000,0,0,0,74000,0,74000,74000
046350,上銀群益92購02  ,0,0,0,0,0,0,0,0,0,74000,0,0,0,74000,0,74000,74000
046332,同欣電元大92購01,0,0,0,0,0,0,0,0,0,74000,0,0,0,114000,40000,74000,74000
046117,強茂元大92購03  ,0,0,0,0,0,0,0,0,0,74000,0,0,0,74000,0,74000,74000
00690,兆豐藍籌30      ,0,0,0,0,0,0,0,0,0,74000,0,0,0,224000,150000,74000,74000
046589,康控元大92購03  ,0,0,0,0,0,0,0,0,0,74000,0,0,0,74000,0,74000,74000
046404,友達元大93購02  ,0,0,0,0,0,0,0,0,0,74000,0,0,0,94000,20000,74000,74000
047924,可成凱基93購10  ,0,0,0,0,0,0,0,0,0,74000,0,0,0,74000,0,74000,74000
052213,富邦金元大95購01,0,0,0,0,0,0,0,0,0,74000,0,0,0,124000,50000,74000,74000
050745,茂林永豐94購06  ,0,0,0,0,0,0,0,0,0,74000,0,0,0,84000,10000,74000,74000
05006P,華通元富95售01  ,0,0,0,0,0,0,0,0,0,74000,0,0,0,175000,101000,74000,74000
055099,可成日盛97購01  ,0,0,0,0,0,0,0,0,0,74000,0,0,0,81000,7000,74000,74000
055403,泰鼎元富97購01  ,0,0,0,0,0,0,0,0,0,74000,0,0,0,74000,0,74000,74000
053558,訊芯凱基96購02  ,0,0,0,0,0,0,0,0,0,73000,0,0,0,263000,190000,73000,73000
053415,聯茂國票97購01  ,0,0,0,0,0,0,0,0,0,73000,0,0,0,128000,55000,73000,73000
052990,超眾元大97購01  ,0,0,0,0,0,0,0,0,0,73000,0,0,0,96000,23000,73000,73000
054453,上海銀亞東96購01,0,0,0,0,0,0,0,0,0,73000,0,0,0,77000,4000,73000,73000
054208,台積電國票97購07,0,0,0,0,0,0,0,0,0,73000,0,0,0,83000,10000,73000,73000
054646,華新科群益97購03,0,0,0,0,0,0,0,0,0,73000,0,0,0,100000,27000,73000,73000
054582,致新元大97購01  ,0,0,0,0,0,0,0,0,0,73000,0,0,0,88000,15000,73000,73000
049086,晶相光凱基94購01,0,0,0,0,0,0,0,0,0,73000,0,0,0,158000,85000,73000,73000
048524,GIS元富94購01   ,0,0,0,0,0,0,0,0,0,73000,0,0,0,73000,0,73000,73000
046859,智伸科元大93購03,0,0,0,0,0,0,0,0,0,73000,0,0,0,128000,55000,73000,73000
048055,燿華國泰95購02  ,0,0,0,0,0,0,0,0,0,73000,0,0,0,105000,32000,73000,73000
050536,亞泥凱基95購01  ,0,0,0,0,0,0,0,0,0,73000,0,0,0,73000,0,73000,73000
050832,力成凱基95購01  ,0,0,0,0,0,0,0,0,0,73000,0,0,0,83000,10000,73000,73000
051892,台光電元富95購03,0,0,0,0,0,0,0,0,0,73000,0,0,0,437000,364000,73000,73000
06004P,奇力新永豐96售02,0,0,0,0,0,0,0,0,0,73000,0,0,0,103000,30000,73000,73000
054519,禾伸堂元大97購02,0,0,0,0,0,0,0,0,0,72000,0,0,0,115000,43000,72000,72000
054628,可成凱基98購01  ,0,0,0,0,0,0,0,0,0,72000,0,0,0,244000,172000,72000,72000
054455,楠梓電群益98購02,0,0,0,0,0,0,0,0,0,72000,0,0,0,82000,10000,72000,72000
053297,鎧勝中信98購01  ,0,0,0,0,0,0,0,0,0,72000,0,0,0,72000,0,72000,72000
046172,美律永豐92購01  ,0,0,0,0,0,0,0,0,0,72000,0,0,0,87000,15000,72000,72000
03645C,臺股指凱基96牛27,0,0,0,0,0,0,0,0,0,72000,0,0,0,78000,6000,72000,72000
048808,美律亞東94購01  ,0,0,0,0,0,0,0,0,0,72000,0,0,0,72000,0,72000,72000
046671,彩晶元大93購03  ,0,0,0,0,0,0,0,0,0,72000,0,0,0,122000,50000,72000,72000
047389,義隆元大94購01  ,0,0,0,0,0,0,0,0,0,72000,0,0,0,187000,115000,72000,72000
047523,瑞昱元大93購09  ,0,0,0,0,0,0,0,0,0,72000,0,0,0,125000,53000,72000,72000
048436,聯茂日盛93購01  ,0,0,0,0,0,0,0,0,0,72000,0,0,0,120000,48000,72000,72000
051758,瑞昱元大95購01  ,0,0,0,0,0,0,0,0,0,72000,0,0,0,327000,255000,72000,72000
051357,可成元大95購05  ,0,0,0,0,0,0,0,0,0,72000,0,0,0,87000,15000,72000,72000
051622,和碩凱基96購01  ,0,0,0,0,0,0,0,0,0,72000,0,0,0,74000,2000,72000,72000
052123,泰碩國票95購01  ,0,0,0,0,0,0,0,0,0,72000,0,0,0,72000,0,72000,72000
050937,可成國票96購02  ,0,0,0,0,0,0,0,0,0,72000,0,0,0,75000,3000,72000,72000
050784,美律國泰96購01  ,0,0,0,0,0,0,0,0,0,72000,0,0,0,108000,36000,72000,72000
050776,康控元大96購03  ,0,0,0,0,0,0,0,0,0,72000,0,0,0,87000,15000,72000,72000
050987,台泥富邦95購01  ,0,0,0,0,0,0,0,0,0,72000,0,0,0,100000,28000,72000,72000
3055,蔚華科          ,110000,38000,72000,0,0,0,0,0,0,0,0,0,0,0,0,0,72000
8996,高力            ,279000,247000,32000,0,0,0,0,0,0,40000,51000,11000,40000,0,0,0,72000
8454,富邦媒          ,79096,15000,64096,0,0,0,7000,0,7000,0,0,0,0,0,0,0,71096
053279,景碩元大97購01  ,0,0,0,0,0,0,0,0,0,71000,0,0,0,476000,405000,71000,71000
053123,京元電凱基96購01,0,0,0,0,0,0,0,0,0,71000,0,0,0,71000,0,71000,71000
053140,燿華永豐96購02  ,0,0,0,0,0,0,0,0,0,71000,0,0,0,93000,22000,71000,71000
042900,卜蜂元大92購01  ,0,0,0,0,0,0,0,0,0,71000,0,0,0,71000,0,71000,71000
043281,漢唐元大92購02  ,0,0,0,0,0,0,0,0,0,71000,0,0,0,71000,0,71000,71000
04903P,全新永豐94售05  ,0,0,0,0,0,0,0,0,0,71000,0,0,0,71000,0,71000,71000
047602,GIS中信93購02   ,0,0,0,0,0,0,0,0,0,71000,0,0,0,92000,21000,71000,71000
047448,啟碁元大93購06  ,0,0,0,0,0,0,0,0,0,71000,0,0,0,94000,23000,71000,71000
049269,超眾元大96購02  ,0,0,0,0,0,0,0,0,0,71000,0,0,0,76000,5000,71000,71000
050672,上証2X富邦97購01,0,0,0,0,0,0,0,0,0,71000,0,0,0,71000,0,71000,71000
052095,彩晶元大97購01  ,0,0,0,0,0,0,0,0,0,71000,0,0,0,85000,14000,71000,71000
06109P,華新科群益97售05,0,0,0,0,0,0,0,0,0,71000,0,0,0,107000,36000,71000,71000
05544P,台表科元富96售01,0,0,0,0,0,0,0,0,0,71000,0,0,0,110000,39000,71000,71000
053218,TPK凱基96購01   ,0,0,0,0,0,0,0,0,0,70000,0,0,0,70000,0,70000,70000
052749,日月光元大96購02,0,0,0,0,0,0,0,0,0,70000,0,0,0,70000,0,70000,70000
053797,台積電中信98購01,0,0,0,0,0,0,0,0,0,70000,0,0,0,150000,80000,70000,70000
054489,牧德台新97購02  ,0,0,0,0,0,0,0,0,0,70000,0,0,0,70000,0,70000,70000
054216,聯茂國票97購03  ,0,0,0,0,0,0,0,0,0,70000,0,0,0,73000,3000,70000,70000
054697,凌華永豐97購01  ,0,0,0,0,0,0,0,0,0,70000,0,0,0,70000,0,70000,70000
054895,南電統一97購01  ,0,0,0,0,0,0,0,0,0,70000,0,0,0,70000,0,70000,70000
054935,華通元大98購03  ,0,0,0,0,0,0,0,0,0,70000,0,0,0,135000,65000,70000,70000
054989,精元元富97購01  ,0,0,0,0,0,0,0,0,0,70000,0,0,0,100000,30000,70000,70000
045577,台光電元大92購06,0,0,0,0,0,0,0,0,0,70000,0,0,0,70000,0,70000,70000
044773,創意元大93購02  ,0,0,0,0,0,0,0,0,0,70000,0,0,0,70000,0,70000,70000
045323,可成統一92購03  ,0,0,0,0,0,0,0,0,0,70000,0,0,0,70000,0,70000,70000
045845,台塑康和92購01  ,0,0,0,0,0,0,0,0,0,70000,0,0,0,70000,0,70000,70000
044739,美利達國泰93購01,0,0,0,0,0,0,0,0,0,70000,0,0,0,70000,0,70000,70000
044087,世紀鋼國票92購01,0,0,0,0,0,0,0,0,0,70000,0,0,0,70000,0,70000,70000
041912,上緯控元大92購01,0,0,0,0,0,0,0,0,0,70000,0,0,0,70000,0,70000,70000
044134,訊芯凱基93購01  ,0,0,0,0,0,0,0,0,0,70000,0,0,0,154000,84000,70000,70000
03818P,智易永豐93售01  ,0,0,0,0,0,0,0,0,0,70000,0,0,0,70000,0,70000,70000
00830,國泰費城半導體  ,35000,0,35000,0,0,0,0,0,0,35000,0,0,0,165000,130000,35000,70000
03283P,台灣50群益03售03,0,0,0,0,0,0,0,0,0,70000,0,0,0,70000,0,70000,70000
047733,友達兆豐95購01  ,0,0,0,0,0,0,0,0,0,70000,0,0,0,70000,0,70000,70000
04915P,鴻海永昌96售02  ,0,0,0,0,0,0,0,0,0,70000,0,0,0,70000,0,70000,70000
047274,華新科永豐93購02,0,0,0,0,0,0,0,0,0,70000,0,0,0,80000,10000,70000,70000
048258,國泰金統一93購01,0,0,0,0,0,0,0,0,0,70000,0,0,0,80000,10000,70000,70000
048295,泰鼎群益93購01  ,0,0,0,0,0,0,0,0,0,70000,0,0,0,184000,114000,70000,70000
052439,寶成富邦97購01  ,0,0,0,0,0,0,0,0,0,70000,0,0,0,90000,20000,70000,70000
052405,聯茂凱基95購01  ,0,0,0,0,0,0,0,0,0,70000,0,0,0,71000,1000,70000,70000
051614,元金2X凱基97購01,0,0,0,0,0,0,0,0,0,70000,0,0,0,156000,86000,70000,70000
050321,GIS國票95購02   ,0,0,0,0,0,0,0,0,0,70000,0,0,0,90000,20000,70000,70000
050233,香港2X凱基96購01,0,0,0,0,0,0,0,0,0,70000,0,0,0,70000,0,70000,70000
2385,群光            ,2289805,2214898,74907,0,0,0,26000,5000,21000,-26000,27000,19000,8000,13000,47000,-34000,69907
053292,美律中信98購01  ,0,0,0,0,0,0,0,0,0,69000,0,0,0,69000,0,69000,69000
043063,台郡中信92購01  ,0,0,0,0,0,0,0,0,0,69000,0,0,0,69000,0,69000,69000
042754,元黃金元大93購01,0,0,0,0,0,0,0,0,0,69000,0,0,0,71000,2000,69000,69000
048897,日電貿國泰95購01,0,0,0,0,0,0,0,0,0,69000,0,0,0,122000,53000,69000,69000
049211,昇陽半群益94購03,0,0,0,0,0,0,0,0,0,69000,0,0,0,80000,11000,69000,69000
048475,台郡永豐93購02  ,0,0,0,0,0,0,0,0,0,69000,0,0,0,103000,34000,69000,69000
048466,卜蜂康和93購01  ,0,0,0,0,0,0,0,0,0,69000,0,0,0,74000,5000,69000,69000
049518,宏達電國票95購02,0,0,0,0,0,0,0,0,0,69000,0,0,0,289000,220000,69000,69000
049976,台積電凱基94購28,0,0,0,0,0,0,0,0,0,69000,0,0,0,88000,19000,69000,69000
049596,智伸科元大95購01,0,0,0,0,0,0,0,0,0,69000,0,0,0,266000,197000,69000,69000
049262,大立光元大94購09,0,0,0,0,0,0,0,0,0,69000,0,0,0,69000,0,69000,69000
050802,康控群益95購01  ,0,0,0,0,0,0,0,0,0,69000,0,0,0,69000,0,69000,69000
051608,新日興群益96購01,0,0,0,0,0,0,0,0,0,69000,0,0,0,223000,154000,69000,69000
051990,泰碩元大95購01  ,0,0,0,0,0,0,0,0,0,69000,0,0,0,73000,4000,69000,69000
05229P,台積電群益95售05,0,0,0,0,0,0,0,0,0,69000,0,0,0,906000,837000,69000,69000
053333,新唐永豐96購01  ,0,0,0,0,0,0,0,0,0,68000,0,0,0,68000,0,68000,68000
053463,可成富邦98購01  ,0,0,0,0,0,0,0,0,0,68000,0,0,0,90000,22000,68000,68000
053726,TPK凱基96購02   ,0,0,0,0,0,0,0,0,0,68000,0,0,0,68000,0,68000,68000
052988,智易元大96購02  ,0,0,0,0,0,0,0,0,0,68000,0,0,0,258000,190000,68000,68000
054621,華新科兆豐98購01,0,0,0,0,0,0,0,0,0,68000,0,0,0,152000,84000,68000,68000
054614,玉晶光永豐97購03,0,0,0,0,0,0,0,0,0,68000,0,0,0,498000,430000,68000,68000
053970,聯發科元大97購08,0,0,0,0,0,0,0,0,0,68000,0,0,0,74000,6000,68000,68000
05402P,台郡永豐95售02  ,0,0,0,0,0,0,0,0,0,68000,0,0,0,68000,0,68000,68000
044356,創意元大92購04  ,0,0,0,0,0,0,0,0,0,68000,0,0,0,68000,0,68000,68000
045426,TPK凱基93購02   ,0,0,0,0,0,0,0,0,0,68000,0,0,0,68000,0,68000,68000
045889,宏盛元大92購01  ,0,0,0,0,0,0,0,0,0,68000,0,0,0,68000,0,68000,68000
043048,金寶國泰93購01  ,0,0,0,0,0,0,0,0,0,68000,0,0,0,68000,0,68000,68000
03867P,樺漢元大93售02  ,0,0,0,0,0,0,0,0,0,68000,0,0,0,68000,0,68000,68000
03651P,統一元大92售01  ,0,0,0,0,0,0,0,0,0,68000,0,0,0,68000,0,68000,68000
049266,和碩元大94購01  ,0,0,0,0,0,0,0,0,0,68000,0,0,0,71000,3000,68000,68000
046455,瑞昱凱基92購03  ,0,0,0,0,0,0,0,0,0,68000,0,0,0,68000,0,68000,68000
047061,鴻海凱基93購23  ,0,0,0,0,0,0,0,0,0,68000,0,0,0,68000,0,68000,68000
046728,明泰元大93購01  ,0,0,0,0,0,0,0,0,0,68000,0,0,0,68000,0,68000,68000
046732,啟碁元大93購01  ,0,0,0,0,0,0,0,0,0,68000,0,0,0,68000,0,68000,68000
047776,志超元大93購01  ,0,0,0,0,0,0,0,0,0,68000,0,0,0,68000,0,68000,68000
047451,世紀鋼元大93購04,0,0,0,0,0,0,0,0,0,68000,0,0,0,68000,0,68000,68000
046585,潤泰全元大92購03,0,0,0,0,0,0,0,0,0,68000,0,0,0,68000,0,68000,68000
047305,卜蜂元大93購02  ,0,0,0,0,0,0,0,0,0,68000,0,0,0,68000,0,68000,68000
046566,臻鼎凱基92購06  ,0,0,0,0,0,0,0,0,0,68000,0,0,0,68000,0,68000,68000
047397,啟碁元大93購05  ,0,0,0,0,0,0,0,0,0,68000,0,0,0,68000,0,68000,68000
049419,欣興凱基94購04  ,0,0,0,0,0,0,0,0,0,68000,0,0,0,84000,16000,68000,68000
047035,華邦電群益94購02,0,0,0,0,0,0,0,0,0,68000,0,0,0,155000,87000,68000,68000
049594,揚明光元大95購01,0,0,0,0,0,0,0,0,0,68000,0,0,0,68000,0,68000,68000
046382,明泰凱基93購01  ,0,0,0,0,0,0,0,0,0,68000,0,0,0,68000,0,68000,68000
046838,勤誠群益93購01  ,0,0,0,0,0,0,0,0,0,68000,0,0,0,253000,185000,68000,68000
048550,中鴻元大96購01  ,0,0,0,0,0,0,0,0,0,68000,0,0,0,68000,0,68000,68000
048563,明泰元大94購01  ,0,0,0,0,0,0,0,0,0,68000,0,0,0,68000,0,68000,68000
047918,智邦凱基93購08  ,0,0,0,0,0,0,0,0,0,68000,0,0,0,68000,0,68000,68000
047931,日月光凱基93購01,0,0,0,0,0,0,0,0,0,68000,0,0,0,75000,7000,68000,68000
047531,新唐元大93購02  ,0,0,0,0,0,0,0,0,0,68000,0,0,0,68000,0,68000,68000
052374,瑞昱元大95購02  ,0,0,0,0,0,0,0,0,0,68000,0,0,0,343000,275000,68000,68000
05264P,微星元大95售02  ,0,0,0,0,0,0,0,0,0,68000,0,0,0,68000,0,68000,68000
051439,川湖元大95購01  ,0,0,0,0,0,0,0,0,0,68000,0,0,0,68000,0,68000,68000
050643,為升凱基94購08  ,0,0,0,0,0,0,0,0,0,68000,0,0,0,68000,0,68000,68000
051146,旺宏凱基95購04  ,0,0,0,0,0,0,0,0,0,68000,0,0,0,69000,1000,68000,68000
051256,中磊元大95購01  ,0,0,0,0,0,0,0,0,0,68000,0,0,0,68000,0,68000,68000
050438,欣興凱基94購09  ,0,0,0,0,0,0,0,0,0,68000,0,0,0,70000,2000,68000,68000
8016,矽創            ,301000,132000,169000,0,0,0,0,15000,-15000,-86000,10000,0,10000,23000,119000,-96000,68000
05585P,臺股指凱基96售14,0,0,0,0,0,0,0,0,0,68000,0,0,0,118000,50000,68000,68000
05927P,正文永豐96售03  ,0,0,0,0,0,0,0,0,0,68000,0,0,0,68000,0,68000,68000
1809,中釉            ,70000,2000,68000,0,0,0,0,0,0,0,0,0,0,0,0,0,68000
054478,可成中信97購01  ,0,0,0,0,0,0,0,0,0,67000,0,0,0,81000,14000,67000,67000
055028,佐登國泰98購01  ,0,0,0,0,0,0,0,0,0,67000,0,0,0,78000,11000,67000,67000
053044,南茂凱基96購02  ,0,0,0,0,0,0,0,0,0,67000,0,0,0,67000,0,67000,67000
053751,康控永豐96購02  ,0,0,0,0,0,0,0,0,0,67000,0,0,0,153000,86000,67000,67000
053386,聯詠元大96購03  ,0,0,0,0,0,0,0,0,0,67000,0,0,0,142000,75000,67000,67000
03005P,旭富群益01售05  ,0,0,0,0,0,0,0,0,0,67000,0,0,0,67000,0,67000,67000
046182,燿華凱基93購04  ,0,0,0,0,0,0,0,0,0,67000,0,0,0,118000,51000,67000,67000
046200,上海銀凱基93購01,0,0,0,0,0,0,0,0,0,67000,0,0,0,117000,50000,67000,67000
046474,創意永豐92購03  ,0,0,0,0,0,0,0,0,0,67000,0,0,0,67000,0,67000,67000
053030,南亞科第一96購01,0,0,0,0,0,0,0,0,0,66000,0,0,0,287000,221000,66000,66000
054907,帆宣康和97購01  ,0,0,0,0,0,0,0,0,0,66000,0,0,0,66000,0,66000,66000
044610,A50正2兆豐93購01,0,0,0,0,0,0,0,0,0,66000,0,0,0,66000,0,66000,66000
046970,聯詠群益93購01  ,0,0,0,0,0,0,0,0,0,66000,0,0,0,72000,6000,66000,66000
047386,南亞科元大93購01,0,0,0,0,0,0,0,0,0,66000,0,0,0,96000,30000,66000,66000
047330,康舒元大93購01  ,0,0,0,0,0,0,0,0,0,66000,0,0,0,320000,254000,66000,66000
048535,超眾國票94購02  ,0,0,0,0,0,0,0,0,0,66000,0,0,0,66000,0,66000,66000
049972,南電國票95購02  ,0,0,0,0,0,0,0,0,0,66000,0,0,0,66000,0,66000,66000
050928,日月光凱基95購01,0,0,0,0,0,0,0,0,0,66000,0,0,0,81000,15000,66000,66000
052617,景碩國泰98購01  ,0,0,0,0,0,0,0,0,0,66000,0,0,0,66000,0,66000,66000
6141,柏承            ,121000,57000,64000,0,0,0,0,0,0,2000,2000,0,2000,0,0,0,66000
2231,為升            ,109000,100000,9000,0,0,0,15000,0,15000,42000,17000,0,17000,29000,4000,25000,66000
054980,國巨元富97購01  ,0,0,0,0,0,0,0,0,0,65000,0,0,0,397000,332000,65000,65000
053724,聯詠凱基96購04  ,0,0,0,0,0,0,0,0,0,65000,0,0,0,106000,41000,65000,65000
053637,強茂永豐96購01  ,0,0,0,0,0,0,0,0,0,65000,0,0,0,88000,23000,65000,65000
045777,強茂元大92購02  ,0,0,0,0,0,0,0,0,0,65000,0,0,0,310000,245000,65000,65000
045512,訊芯凱基92購01  ,0,0,0,0,0,0,0,0,0,65000,0,0,0,84000,19000,65000,65000
046204,致新凱基93購01  ,0,0,0,0,0,0,0,0,0,65000,0,0,0,75000,10000,65000,65000
041427,滬深2X國票93購01,0,0,0,0,0,0,0,0,0,65000,0,0,0,73000,8000,65000,65000
049557,南電元富94購02  ,0,0,0,0,0,0,0,0,0,65000,0,0,0,74000,9000,65000,65000
048810,玉晶光第一94購01,0,0,0,0,0,0,0,0,0,65000,0,0,0,100000,35000,65000,65000
049365,美律元大94購04  ,0,0,0,0,0,0,0,0,0,65000,0,0,0,94000,29000,65000,65000
048079,燿華日盛93購01  ,0,0,0,0,0,0,0,0,0,65000,0,0,0,121000,56000,65000,65000
04696P,亞德客國泰95售02,0,0,0,0,0,0,0,0,0,65000,0,0,0,100000,35000,65000,65000
047216,欣興第一93購01  ,0,0,0,0,0,0,0,0,0,65000,0,0,0,65000,0,65000,65000
052613,易華電元大96購01,0,0,0,0,0,0,0,0,0,65000,0,0,0,65000,0,65000,65000
052560,康舒國票97購01  ,0,0,0,0,0,0,0,0,0,65000,0,0,0,75000,10000,65000,65000
051832,復盛元大95購01  ,0,0,0,0,0,0,0,0,0,65000,0,0,0,68000,3000,65000,65000
050760,矽力元富94購03  ,0,0,0,0,0,0,0,0,0,65000,0,0,0,109000,44000,65000,65000
050731,昇陽半國票96購01,0,0,0,0,0,0,0,0,0,65000,0,0,0,202000,137000,65000,65000
050342,華通元富94購02  ,0,0,0,0,0,0,0,0,0,65000,0,0,0,161000,96000,65000,65000
050601,台表科國泰96購01,0,0,0,0,0,0,0,0,0,65000,0,0,0,115000,50000,65000,65000
05563P,台積電元大97售07,0,0,0,0,0,0,0,0,0,65000,0,0,0,100000,35000,65000,65000
053127,貿聯凱基97購01  ,0,0,0,0,0,0,0,0,0,64000,0,0,0,68000,4000,64000,64000
052746,泰碩元大97購01  ,0,0,0,0,0,0,0,0,0,64000,0,0,0,94000,30000,64000,64000
053918,美律國票97購01  ,0,0,0,0,0,0,0,0,0,64000,0,0,0,64000,0,64000,64000
044866,旺宏國票91購05  ,0,0,0,0,0,0,0,0,0,64000,0,0,0,64000,0,64000,64000
044784,華邦電中信96購01,0,0,0,0,0,0,0,0,0,64000,0,0,0,83000,19000,64000,64000
046141,康控統一92購02  ,0,0,0,0,0,0,0,0,0,64000,0,0,0,64000,0,64000,64000
04612P,上銀群益94售01  ,0,0,0,0,0,0,0,0,0,64000,0,0,0,100000,36000,64000,64000
043652,微星國泰93購01  ,0,0,0,0,0,0,0,0,0,64000,0,0,0,194000,130000,64000,64000
00712,FH富時不動產    ,159000,0,159000,0,0,0,0,0,0,-95000,0,0,0,64000,159000,-95000,64000
045798,華邦電亞東93購02,0,0,0,0,0,0,0,0,0,64000,0,0,0,64000,0,64000,64000
046620,智伸科凱基93購01,0,0,0,0,0,0,0,0,0,64000,0,0,0,100000,36000,64000,64000
047571,滬深2X群益99購01,0,0,0,0,0,0,0,0,0,64000,0,0,0,104000,40000,64000,64000
047993,鑽全元大96購01  ,0,0,0,0,0,0,0,0,0,64000,0,0,0,96000,32000,64000,64000
050327,泰鼎永豐94購03  ,0,0,0,0,0,0,0,0,0,64000,0,0,0,64000,0,64000,64000
049901,瑞昱元富94購01  ,0,0,0,0,0,0,0,0,0,64000,0,0,0,78000,14000,64000,64000
051101,台表科元大96購02,0,0,0,0,0,0,0,0,0,64000,0,0,0,231000,167000,64000,64000
051830,健策元大97購01  ,0,0,0,0,0,0,0,0,0,64000,0,0,0,110000,46000,64000,64000
052004,泰碩國泰97購03  ,0,0,0,0,0,0,0,0,0,64000,0,0,0,74000,10000,64000,64000
052172,致茂元大95購01  ,0,0,0,0,0,0,0,0,0,64000,0,0,0,93000,29000,64000,64000
055311,健策群益98購02  ,0,0,0,0,0,0,0,0,0,64000,0,0,0,83000,19000,64000,64000
3454,晶睿            ,66000,1000,65000,0,0,0,0,0,0,-1000,0,1000,-1000,0,0,0,64000
054196,台光電國泰97購02,0,0,0,0,0,0,0,0,0,63000,0,0,0,75000,12000,63000,63000
054387,台積電統一98購02,0,0,0,0,0,0,0,0,0,63000,0,0,0,208000,145000,63000,63000
054743,聯鈞凱基99購01  ,0,0,0,0,0,0,0,0,0,63000,0,0,0,75000,12000,63000,63000
052967,智邦群益96購01  ,0,0,0,0,0,0,0,0,0,63000,0,0,0,97000,34000,63000,63000
053345,欣興國票97購02  ,0,0,0,0,0,0,0,0,0,63000,0,0,0,181000,118000,63000,63000
053533,光罩永豐96購03  ,0,0,0,0,0,0,0,0,0,63000,0,0,0,73000,10000,63000,63000
04506P,旺宏元大94售06  ,0,0,0,0,0,0,0,0,0,63000,0,0,0,71000,8000,63000,63000
044031,致茂群益92購01  ,0,0,0,0,0,0,0,0,0,63000,0,0,0,109000,46000,63000,63000
043028,南電元大92購01  ,0,0,0,0,0,0,0,0,0,63000,0,0,0,83000,20000,63000,63000
047670,矽力永豐93購01  ,0,0,0,0,0,0,0,0,0,63000,0,0,0,68000,5000,63000,63000
049334,上銀統一94購01  ,0,0,0,0,0,0,0,0,0,63000,0,0,0,112000,49000,63000,63000
048640,南亞科元大93購06,0,0,0,0,0,0,0,0,0,63000,0,0,0,103000,40000,63000,63000
048615,貿聯凱基93購04  ,0,0,0,0,0,0,0,0,0,63000,0,0,0,73000,10000,63000,63000
046419,聯鈞元大92購01  ,0,0,0,0,0,0,0,0,0,63000,0,0,0,163000,100000,63000,63000
052046,漢唐凱基96購01  ,0,0,0,0,0,0,0,0,0,63000,0,0,0,69000,6000,63000,63000
052587,景碩永豐97購01  ,0,0,0,0,0,0,0,0,0,63000,0,0,0,78000,15000,63000,63000
051334,宏達電永豐95購01,0,0,0,0,0,0,0,0,0,63000,0,0,0,80000,17000,63000,63000
051518,富邦金凱基95購01,0,0,0,0,0,0,0,0,0,63000,0,0,0,63000,0,63000,63000
05118P,超眾元大96售04  ,0,0,0,0,0,0,0,0,0,63000,0,0,0,71000,8000,63000,63000
049912,燿華元大94購04  ,0,0,0,0,0,0,0,0,0,63000,0,0,0,215000,152000,63000,63000
3062,建漢            ,115000,51000,64000,0,0,0,0,0,0,-1000,0,1000,-1000,0,0,0,63000
2441,超豐            ,116000,54000,62000,0,0,0,0,0,0,1000,3000,2000,1000,0,0,0,63000
053591,大立光元大99購03,0,0,0,0,0,0,0,0,0,62000,0,0,0,72000,10000,62000,62000
054463,瑞昱凱基97購01  ,0,0,0,0,0,0,0,0,0,62000,0,0,0,80000,18000,62000,62000
054320,國喬台新96購01  ,0,0,0,0,0,0,0,0,0,62000,0,0,0,63000,1000,62000,62000
053981,康控元大96購05  ,0,0,0,0,0,0,0,0,0,62000,0,0,0,474000,412000,62000,62000
044124,燿華凱基93購01  ,0,0,0,0,0,0,0,0,0,62000,0,0,0,92000,30000,62000,62000
038944,上海銀國泰92購01,0,0,0,0,0,0,0,0,0,62000,0,0,0,62000,0,62000,62000
049584,台積電元大96購04,0,0,0,0,0,0,0,0,0,62000,0,0,0,62000,0,62000,62000
048666,康控統一93購01  ,0,0,0,0,0,0,0,0,0,62000,0,0,0,166000,104000,62000,62000
051077,台郡國泰96購02  ,0,0,0,0,0,0,0,0,0,62000,0,0,0,73000,11000,62000,62000
051120,南亞科群益95購01,0,0,0,0,0,0,0,0,0,62000,0,0,0,251000,189000,62000,62000
050704,復盛凱基94購03  ,1000,0,1000,0,0,0,0,0,0,61000,0,0,0,86000,25000,61000,62000
051708,創意群益95購02  ,0,0,0,0,0,0,0,0,0,62000,0,0,0,62000,0,62000,62000
05607P,華通日盛96售01  ,0,0,0,0,0,0,0,0,0,62000,0,0,0,72000,10000,62000,62000
053588,聯發科元大97購07,0,0,0,0,0,0,0,0,0,61000,0,0,0,208000,147000,61000,61000
052896,宏達電群益96購01,0,0,0,0,0,0,0,0,0,61000,0,0,0,81000,20000,61000,61000
052797,樺漢兆豐96購01  ,0,0,0,0,0,0,0,0,0,61000,0,0,0,99000,38000,61000,61000
053173,矽格群益97購01  ,0,0,0,0,0,0,0,0,0,61000,0,0,0,124000,63000,61000,61000
043601,亞光元大93購01  ,0,0,0,0,0,0,0,0,0,61000,0,0,0,61000,0,61000,61000
044174,農林統一91購01  ,0,0,0,0,0,0,0,0,0,61000,0,0,0,61000,0,61000,61000
046942,友達元大99購01  ,0,0,0,0,0,0,0,0,0,61000,0,0,0,101000,40000,61000,61000
051907,台積電元大97購05,0,0,0,0,0,0,0,0,0,61000,0,0,0,90000,29000,61000,61000
051553,牧德永豐96購02  ,0,0,0,0,0,0,0,0,0,61000,0,0,0,125000,64000,61000,61000
051586,國泰金元大96購01,0,0,0,0,0,0,0,0,0,61000,0,0,0,61000,0,61000,61000
052184,台光電群益95購03,0,0,0,0,0,0,0,0,0,61000,0,0,0,142000,81000,61000,61000
052241,台郡國票96購01  ,0,0,0,0,0,0,0,0,0,61000,0,0,0,61000,0,61000,61000
3530,晶相光          ,221000,146000,75000,0,0,0,0,0,0,-14000,1000,0,1000,31000,46000,-15000,61000
052697,滬深2X國票98購01,0,0,0,0,0,0,0,0,0,60000,0,0,0,60000,0,60000,60000
05377P,鴻海凱基95售18  ,0,0,0,0,0,0,0,0,0,60000,0,0,0,64000,4000,60000,60000
053906,宏達電凱基96購02,0,0,0,0,0,0,0,0,0,60000,0,0,0,60000,0,60000,60000
053435,新光金日盛96購01,0,0,0,0,0,0,0,0,0,60000,0,0,0,60000,0,60000,60000
053505,瑞儀兆豐97購01  ,0,0,0,0,0,0,0,0,0,60000,0,0,0,70000,10000,60000,60000
053929,正文國票97購01  ,0,0,0,0,0,0,0,0,0,60000,0,0,0,60000,0,60000,60000
054339,聯詠統一96購02  ,0,0,0,0,0,0,0,0,0,60000,0,0,0,60000,0,60000,60000
054740,強茂凱基99購01  ,0,0,0,0,0,0,0,0,0,60000,0,0,0,60000,0,60000,60000
054978,堤維西元富97購01,0,0,0,0,0,0,0,0,0,60000,0,0,0,70000,10000,60000,60000
054926,神達凱基98購01  ,0,0,0,0,0,0,0,0,0,60000,0,0,0,60000,0,60000,60000
04615P,華新科群益94售03,0,0,0,0,0,0,0,0,0,60000,0,0,0,60000,0,60000,60000
043360,和鑫國票93購01  ,0,0,0,0,0,0,0,0,0,60000,0,0,0,60000,0,60000,60000
044078,台塑國票91購01  ,0,0,0,0,0,0,0,0,0,60000,0,0,0,60000,0,60000,60000
03063P,臺股指凱基04售03,0,0,0,0,0,0,0,0,0,60000,60000,0,60000,0,0,0,60000
03049X,元展46          ,0,0,0,0,0,0,0,0,0,60000,0,0,0,60000,0,60000,60000
03711P,同欣電凱基93售02,0,0,0,0,0,0,0,0,0,60000,0,0,0,60000,0,60000,60000
03553P,可成元富08售03  ,0,0,0,0,0,0,0,0,0,60000,0,0,0,90000,30000,60000,60000
042643,智易兆豐92購01  ,0,0,0,0,0,0,0,0,0,60000,0,0,0,60000,0,60000,60000
042502,上銀凱基93購01  ,0,0,0,0,0,0,0,0,0,60000,0,0,0,90000,30000,60000,60000
04440P,訊芯群益94售01  ,0,0,0,0,0,0,0,0,0,60000,0,0,0,60000,0,60000,60000
044466,和大群益93購01  ,0,0,0,0,0,0,0,0,0,60000,0,0,0,220000,160000,60000,60000
045457,光磊元大93購01  ,0,0,0,0,0,0,0,0,0,60000,0,0,0,60000,0,60000,60000
048910,和鑫富邦98購01  ,0,0,0,0,0,0,0,0,0,60000,0,0,0,82000,22000,60000,60000
048973,禾伸堂元大94購01,0,0,0,0,0,0,0,0,0,60000,0,0,0,100000,40000,60000,60000
048159,聯詠兆豐93購03  ,0,0,0,0,0,0,0,0,0,60000,0,0,0,70000,10000,60000,60000
047141,宏達電兆豐94購01,0,0,0,0,0,0,0,0,0,60000,0,0,0,60000,0,60000,60000
047163,義隆台新93購01  ,0,0,0,0,0,0,0,0,0,60000,0,0,0,60000,0,60000,60000
047087,亞泥元富93購01  ,0,0,0,0,0,0,0,0,0,60000,0,0,0,60000,0,60000,60000
049384,致伸元大94購02  ,0,0,0,0,0,0,0,0,0,60000,0,0,0,60000,0,60000,60000
046546,義隆永豐92購03  ,0,0,0,0,0,0,0,0,0,60000,0,0,0,60000,0,60000,60000
047307,儒鴻元大93購04  ,0,0,0,0,0,0,0,0,0,60000,0,0,0,115000,55000,60000,60000
048611,宏達電凱基93購04,0,0,0,0,0,0,0,0,0,60000,0,0,0,70000,10000,60000,60000
048400,矽創國票93購01  ,0,0,0,0,0,0,0,0,0,60000,0,0,0,60000,0,60000,60000
048707,南電國票95購01  ,0,0,0,0,0,0,0,0,0,60000,0,0,0,60000,0,60000,60000
047722,南電凱基94購02  ,0,0,0,0,0,0,0,0,0,60000,0,0,0,62000,2000,60000,60000
048383,元金2X國票99購01,0,0,0,0,0,0,0,0,0,60000,0,0,0,60000,0,60000,60000
047585,微星永豐93購01  ,0,0,0,0,0,0,0,0,0,60000,0,0,0,60000,0,60000,60000
048340,聯發科元大93購25,0,0,0,0,0,0,0,0,0,60000,0,0,0,119000,59000,60000,60000
049970,康控國票95購03  ,0,0,0,0,0,0,0,0,0,60000,0,0,0,60000,0,60000,60000
049715,華泰凱基94購02  ,0,0,0,0,0,0,0,0,0,60000,0,0,0,100000,40000,60000,60000
049695,新光金元大9A購01,0,0,0,0,0,0,0,0,0,60000,0,0,0,60000,0,60000,60000
052212,可成元大95購11  ,0,0,0,0,0,0,0,0,0,60000,0,0,0,88000,28000,60000,60000
05220P,台積電元大95售16,0,0,0,0,0,0,0,0,0,60000,0,0,0,60000,0,60000,60000
052567,台積電凱基96購05,0,0,0,0,0,0,0,0,0,60000,0,0,0,85000,25000,60000,60000
051323,康控國票96購01  ,0,0,0,0,0,0,0,0,0,60000,0,0,0,60000,0,60000,60000
050166,彩晶國泰95購01  ,0,0,0,0,0,0,0,0,0,60000,0,0,0,60000,0,60000,60000
050345,創意元富94購02  ,0,0,0,0,0,0,0,0,0,60000,0,0,0,60000,0,60000,60000
050576,南亞科國票95購01,0,0,0,0,0,0,0,0,0,60000,0,0,0,80000,20000,60000,60000
050477,矽力永豐94購01  ,0,0,0,0,0,0,0,0,0,60000,0,0,0,70000,10000,60000,60000
4919,新唐            ,127000,55000,72000,0,0,0,0,0,0,-12000,0,0,0,13000,25000,-12000,60000
05568P,台積電統一96售03,0,0,0,0,0,0,0,0,0,60000,0,0,0,100000,40000,60000,60000
1762,中化生          ,69000,9000,60000,0,0,0,0,0,0,0,0,0,0,0,0,0,60000
06087P,國巨永豐97售01  ,0,0,0,0,0,0,0,0,0,60000,0,0,0,92000,32000,60000,60000
054273,宏達電中信98購01,0,0,0,0,0,0,0,0,0,59000,0,0,0,59000,0,59000,59000
054406,旺宏國票98購01  ,0,0,0,0,0,0,0,0,0,59000,0,0,0,64000,5000,59000,59000
053957,瑞昱永豐96購01  ,0,0,0,0,0,0,0,0,0,59000,0,0,0,236000,177000,59000,59000
054068,華通國泰96購02  ,0,0,0,0,0,0,0,0,0,59000,0,0,0,147000,88000,59000,59000
05409P,京元電元富95售05,0,0,0,0,0,0,0,0,0,59000,0,0,0,60000,1000,59000,59000
048961,矽創康和94購01  ,0,0,0,0,0,0,0,0,0,59000,0,0,0,79000,20000,59000,59000
049224,致新國票95購01  ,0,0,0,0,0,0,0,0,0,59000,0,0,0,147000,88000,59000,59000
043908,鴻海凱基93購02  ,0,0,0,0,0,0,0,0,0,59000,0,0,0,59000,0,59000,59000
043148,裕隆統一93購01  ,0,0,0,0,0,0,0,0,0,59000,0,0,0,59000,0,59000,59000
046881,智原富邦99購01  ,0,0,0,0,0,0,0,0,0,59000,0,0,0,94000,35000,59000,59000
048557,瑞昱元大94購01  ,0,0,0,0,0,0,0,0,0,59000,0,0,0,144000,85000,59000,59000
048821,光磊凱基95購01  ,0,0,0,0,0,0,0,0,0,59000,0,0,0,69000,10000,59000,59000
05092P,全新元大95售03  ,0,0,0,0,0,0,0,0,0,59000,0,0,0,59000,0,59000,59000
05094P,大立光元大95售07,0,0,0,0,0,0,0,0,0,59000,0,0,0,100000,41000,59000,59000
051153,鴻海國泰97購02  ,0,0,0,0,0,0,0,0,0,59000,0,0,0,61000,2000,59000,59000
051563,泰鼎國泰96購01  ,0,0,0,0,0,0,0,0,0,59000,0,0,0,119000,60000,59000,59000
051741,可成國票97購01  ,0,0,0,0,0,0,0,0,0,59000,0,0,0,60000,1000,59000,59000
4994,傳奇            ,85000,34000,51000,0,0,0,0,0,0,8000,4000,0,4000,5000,1000,4000,59000
2881B,富邦金乙特      ,0,0,0,0,0,0,0,0,0,59000,59000,0,59000,0,0,0,59000
054052,日月光元大96購06,0,0,0,0,0,0,0,0,0,58000,0,0,0,68000,10000,58000,58000
052831,華固群益96購01  ,0,0,0,0,0,0,0,0,0,58000,0,0,0,58000,0,58000,58000
052921,大成鋼永豐96購01,0,0,0,0,0,0,0,0,0,58000,0,0,0,58000,0,58000,58000
043938,華邦電兆豐93購01,0,0,0,0,0,0,0,0,0,58000,0,0,0,58000,0,58000,58000
048981,牧德元大94購01  ,0,0,0,0,0,0,0,0,0,58000,0,0,0,160000,102000,58000,58000
049015,鴻海群益94購03  ,0,0,0,0,0,0,0,0,0,58000,0,0,0,475000,417000,58000,58000
049415,智邦凱基94購02  ,0,0,0,0,0,0,0,0,0,58000,0,0,0,68000,10000,58000,58000
047226,義隆凱基94購01  ,0,0,0,0,0,0,0,0,0,58000,0,0,0,68000,10000,58000,58000
047997,南亞科元大93購03,0,0,0,0,0,0,0,0,0,58000,0,0,0,191000,133000,58000,58000
049316,茂林凱基94購02  ,0,0,0,0,0,0,0,0,0,58000,0,0,0,67000,9000,58000,58000
047614,台郡群益93購02  ,0,0,0,0,0,0,0,0,0,58000,0,0,0,156000,98000,58000,58000
049495,欣興元大94購06  ,0,0,0,0,0,0,0,0,0,58000,0,0,0,223000,165000,58000,58000
049490,京元電元大95購02,0,0,0,0,0,0,0,0,0,58000,0,0,0,125000,67000,58000,58000
051669,建準元大95購01  ,0,0,0,0,0,0,0,0,0,58000,0,0,0,65000,7000,58000,58000
051523,牧德凱基95購02  ,0,0,0,0,0,0,0,0,0,58000,0,0,0,179000,121000,58000,58000
052376,聯詠元大95購04  ,0,0,0,0,0,0,0,0,0,58000,0,0,0,62000,4000,58000,58000
052407,樺漢凱基95購01  ,0,0,0,0,0,0,0,0,0,58000,0,0,0,70000,12000,58000,58000
052132,旺宏凱基9B購01  ,0,0,0,0,0,0,0,0,0,58000,0,0,0,61000,3000,58000,58000
050569,英業達中信94購01,0,0,0,0,0,0,0,0,0,58000,0,0,0,58000,0,58000,58000
050218,世紀鋼統一94購02,0,0,0,0,0,0,0,0,0,58000,0,0,0,72000,14000,58000,58000
05009P,大立光元富95售06,0,0,0,0,0,0,0,0,0,58000,0,0,0,78000,20000,58000,58000
3702A,大聯大甲特      ,0,0,0,0,0,0,0,0,0,58000,58000,0,58000,0,0,0,58000
3209,全科            ,74000,16000,58000,0,0,0,0,0,0,0,0,0,0,0,0,0,58000
05899P,臺股指凱基96售30,0,0,0,0,0,0,0,0,0,58000,0,0,0,100000,42000,58000,58000
05704P,矽力群益96售04  ,0,0,0,0,0,0,0,0,0,58000,0,0,0,58000,0,58000,58000
054871,明泰群益98購01  ,0,0,0,0,0,0,0,0,0,57000,0,0,0,107000,50000,57000,57000
043758,創意元大92購03  ,0,0,0,0,0,0,0,0,0,57000,0,0,0,57000,0,57000,57000
04367P,滬深2X凱基95售04,0,0,0,0,0,0,0,0,0,57000,0,0,0,91000,34000,57000,57000
00703,台新MSCI中國    ,0,0,0,0,0,0,0,0,0,57000,0,0,0,262000,205000,57000,57000
00640L,富邦日本正2     ,45000,0,45000,0,0,0,0,0,0,12000,0,0,0,342000,330000,12000,57000
049771,GIS元富94購02   ,0,0,0,0,0,0,0,0,0,57000,0,0,0,57000,0,57000,57000
049597,泰鼎元大96購01  ,0,0,0,0,0,0,0,0,0,57000,0,0,0,216000,159000,57000,57000
04967P,台表科永豐94售04,0,0,0,0,0,0,0,0,0,57000,0,0,0,273000,216000,57000,57000
048559,京元電元大93購03,0,0,0,0,0,0,0,0,0,57000,0,0,0,68000,11000,57000,57000
046978,復盛永豐93購01  ,0,0,0,0,0,0,0,0,0,57000,0,0,0,57000,0,57000,57000
052330,燿華亞東95購01  ,0,0,0,0,0,0,0,0,0,57000,0,0,0,57000,0,57000,57000
052366,聯詠國票96購01  ,0,0,0,0,0,0,0,0,0,57000,0,0,0,87000,30000,57000,57000
05884P,旺宏統一96售01  ,0,0,0,0,0,0,0,0,0,57000,0,0,0,107000,50000,57000,57000
3030,德律            ,93000,35000,58000,0,0,0,0,0,0,-1000,0,1000,-1000,0,0,0,57000
3033,威健            ,57059,0,57059,0,0,0,0,0,0,-1000,0,1000,-1000,0,0,0,56059
054579,聯茂元大97購01  ,0,0,0,0,0,0,0,0,0,56000,0,0,0,108000,52000,56000,56000
054019,燿華台新96購01  ,0,0,0,0,0,0,0,0,0,56000,0,0,0,68000,12000,56000,56000
05413P,台郡國票96售02  ,0,0,0,0,0,0,0,0,0,56000,0,0,0,56000,0,56000,56000
053443,智邦凱基97購01  ,0,0,0,0,0,0,0,0,0,56000,0,0,0,103000,47000,56000,56000
053894,創意群益96購01  ,0,0,0,0,0,0,0,0,0,56000,0,0,0,66000,10000,56000,56000
046965,復盛中信93購01  ,0,0,0,0,0,0,0,0,0,56000,0,0,0,56000,0,56000,56000
048795,復盛元大94購01  ,0,0,0,0,0,0,0,0,0,56000,0,0,0,56000,0,56000,56000
049622,聯詠群益94購02  ,0,0,0,0,0,0,0,0,0,56000,0,0,0,56000,0,56000,56000
051824,華通元大95購07  ,0,0,0,0,0,0,0,0,0,56000,0,0,0,94000,38000,56000,56000
051299,致茂凱基95購01  ,0,0,0,0,0,0,0,0,0,56000,0,0,0,109000,53000,56000,56000
4746,台耀            ,65000,11000,54000,0,0,0,0,0,0,2000,2000,0,2000,0,0,0,56000
052848,聯發科統一96購03,0,0,0,0,0,0,0,0,0,55000,0,0,0,55000,0,55000,55000
054688,兆赫永豐97購01  ,0,0,0,0,0,0,0,0,0,55000,0,0,0,55000,0,55000,55000
055014,達興元富97購01  ,0,0,0,0,0,0,0,0,0,55000,0,0,0,55000,0,55000,55000
00702,國泰標普低波高息,0,0,0,0,0,0,0,0,0,55000,0,0,0,65000,10000,55000,55000
045766,上証2X元富92購01,0,0,0,0,0,0,0,0,0,55000,0,0,0,70000,15000,55000,55000
045585,欣興元大93購03  ,0,0,0,0,0,0,0,0,0,55000,0,0,0,145000,90000,55000,55000
044532,康控富邦93購01  ,0,0,0,0,0,0,0,0,0,55000,0,0,0,105000,50000,55000,55000
049734,瑞昱群益94購02  ,0,0,0,0,0,0,0,0,0,55000,0,0,0,85000,30000,55000,55000
049869,訊芯兆豐94購01  ,0,0,0,0,0,0,0,0,0,55000,0,0,0,461000,406000,55000,55000
049494,華新科元大95購05,0,0,0,0,0,0,0,0,0,55000,0,0,0,66000,11000,55000,55000
04690P,國巨群益94售06  ,0,0,0,0,0,0,0,0,0,55000,0,0,0,290000,235000,55000,55000
047685,嘉聯益國泰95購01,0,0,0,0,0,0,0,0,0,55000,0,0,0,161000,106000,55000,55000
048045,上銀永豐93購02  ,0,0,0,0,0,0,0,0,0,55000,0,0,0,55000,0,55000,55000
049171,台達電凱基94購03,0,0,0,0,0,0,0,0,0,55000,0,0,0,70000,15000,55000,55000
048132,冠德國票94購01  ,0,0,0,0,0,0,0,0,0,55000,0,0,0,55000,0,55000,55000
050765,鴻海元大96購02  ,0,0,0,0,0,0,0,0,0,55000,0,0,0,384000,329000,55000,55000
051406,泰鼎永豐96購01  ,0,0,0,0,0,0,0,0,0,55000,0,0,0,55000,0,55000,55000
052192,SP黃豆元富95購04,0,0,0,0,0,0,0,0,0,55000,0,0,0,55000,0,55000,55000
06130P,玉晶光元富97售07,0,0,0,0,0,0,0,0,0,55000,0,0,0,55000,0,55000,55000
06182P,群創兆豐97售03  ,0,0,0,0,0,0,0,0,0,55000,0,0,0,73000,18000,55000,55000
055364,矽創凱基97購03  ,0,0,0,0,0,0,0,0,0,55000,0,0,0,55000,0,55000,55000
054130,漢唐元大97購02  ,0,0,0,0,0,0,0,0,0,54000,0,0,0,431000,377000,54000,54000
053291,旺宏中信9A購01  ,0,0,0,0,0,0,0,0,0,54000,0,0,0,55000,1000,54000,54000
053430,樺漢永豐96購01  ,0,0,0,0,0,0,0,0,0,54000,0,0,0,147000,93000,54000,54000
044415,瑞昱統一91購02  ,0,0,0,0,0,0,0,0,0,54000,0,0,0,54000,0,54000,54000
046327,康控元大92購01  ,0,0,0,0,0,0,0,0,0,54000,0,0,0,70000,16000,54000,54000
00730,富邦臺灣優質高息,0,0,0,0,0,0,0,0,0,54000,0,0,0,258000,204000,54000,54000
00674R,元大S&P黃金反1  ,0,0,0,0,0,0,0,0,0,54000,0,0,0,58000,4000,54000,54000
047271,華通永豐93購01  ,0,0,0,0,0,0,0,0,0,54000,0,0,0,108000,54000,54000,54000
047481,可成凱基93購08  ,0,0,0,0,0,0,0,0,0,54000,0,0,0,64000,10000,54000,54000
048565,康控元大94購04  ,0,0,0,0,0,0,0,0,0,54000,0,0,0,54000,0,54000,54000
049618,美律群益94購03  ,0,0,0,0,0,0,0,0,0,54000,0,0,0,212000,158000,54000,54000
052202,矽力統一96購01  ,0,0,0,0,0,0,0,0,0,54000,0,0,0,66000,12000,54000,54000
052369,矽力國票96購02  ,0,0,0,0,0,0,0,0,0,54000,0,0,0,129000,75000,54000,54000
05248P,矽創群益96售01  ,0,0,0,0,0,0,0,0,0,54000,0,0,0,76000,22000,54000,54000
052581,訊芯元富98購01  ,0,0,0,0,0,0,0,0,0,54000,0,0,0,54000,0,54000,54000
051801,牧德永豐95購04  ,0,0,0,0,0,0,0,0,0,54000,0,0,0,119000,65000,54000,54000
051738,全新國票96購02  ,0,0,0,0,0,0,0,0,0,54000,0,0,0,170000,116000,54000,54000
050759,貿聯元富94購02  ,0,0,0,0,0,0,0,0,0,54000,0,0,0,345000,291000,54000,54000
049880,健策永豐94購02  ,0,0,0,0,0,0,0,0,0,54000,0,0,0,59000,5000,54000,54000
3645,達邁            ,83000,78000,5000,0,0,0,0,0,0,49000,50000,1000,49000,0,0,0,54000
2838A,聯邦銀甲特      ,0,0,0,0,0,0,0,0,0,54000,44000,20000,24000,30000,0,30000,54000
053334,訊芯永豐96購01  ,0,0,0,0,0,0,0,0,0,53000,0,0,0,836000,783000,53000,53000
053226,國巨台新97購02  ,0,0,0,0,0,0,0,0,0,53000,0,0,0,475000,422000,53000,53000
054268,健策第一96購01  ,0,0,0,0,0,0,0,0,0,53000,0,0,0,803000,750000,53000,53000
04978P,台表科凱基94售02,0,0,0,0,0,0,0,0,0,53000,0,0,0,64000,11000,53000,53000
048496,南亞科元大93購05,0,0,0,0,0,0,0,0,0,53000,0,0,0,103000,50000,53000,53000
050730,復盛國票94購01  ,0,0,0,0,0,0,0,0,0,53000,0,0,0,104000,51000,53000,53000
052473,臻鼎亞東95購01  ,0,0,0,0,0,0,0,0,0,53000,0,0,0,53000,0,53000,53000
06063P,玉晶光元富97售01,0,0,0,0,0,0,0,0,0,53000,0,0,0,65000,12000,53000,53000
05975P,國巨日盛99售02  ,0,0,0,0,0,0,0,0,0,53000,0,0,0,57000,4000,53000,53000
054219,楠梓電統一97購01,0,0,0,0,0,0,0,0,0,52000,0,0,0,120000,68000,52000,52000
054798,超眾群益97購01  ,0,0,0,0,0,0,0,0,0,52000,0,0,0,113000,61000,52000,52000
05279P,上銀元大95售02  ,0,0,0,0,0,0,0,0,0,52000,0,0,0,52000,0,52000,52000
045025,瑞昱國票92購01  ,0,0,0,0,0,0,0,0,0,52000,0,0,0,72000,20000,52000,52000
044510,台光電凱基93購04,0,0,0,0,0,0,0,0,0,52000,0,0,0,97000,45000,52000,52000
047518,儒鴻元大93購07  ,0,0,0,0,0,0,0,0,0,52000,0,0,0,226000,174000,52000,52000
049827,正崴凱基94購01  ,0,0,0,0,0,0,0,0,0,52000,0,0,0,52000,0,52000,52000
047246,華新科群益93購01,0,0,0,0,0,0,0,0,0,52000,0,0,0,66000,14000,52000,52000
047387,美律元大93購05  ,0,0,0,0,0,0,0,0,0,52000,0,0,0,138000,86000,52000,52000
051737,瑞昱國票96購01  ,0,0,0,0,0,0,0,0,0,52000,0,0,0,66000,14000,52000,52000
051911,大立光元大98購02,0,0,0,0,0,0,0,0,0,52000,0,0,0,87000,35000,52000,52000
051932,康控國票96購02  ,0,0,0,0,0,0,0,0,0,52000,0,0,0,52000,0,52000,52000
051461,聯詠國泰96購01  ,0,0,0,0,0,0,0,0,0,52000,0,0,0,71000,19000,52000,52000
051564,和碩國泰96購01  ,0,0,0,0,0,0,0,0,0,52000,0,0,0,74000,22000,52000,52000
05069P,鴻海統一96售03  ,0,0,0,0,0,0,0,0,0,52000,0,0,0,52000,0,52000,52000
051041,大立光永豐95購01,0,0,0,0,0,0,0,0,0,52000,0,0,0,52000,0,52000,52000
050157,臻鼎群益94購02  ,0,0,0,0,0,0,0,0,0,52000,0,0,0,82000,30000,52000,52000
055304,瑞昱第一98購01  ,0,0,0,0,0,0,0,0,0,52000,0,0,0,84000,32000,52000,52000
052757,華邦電群益96購01,0,0,0,0,0,0,0,0,0,51000,0,0,0,64000,13000,51000,51000
053626,台積電兆豐96購03,0,0,0,0,0,0,0,0,0,51000,0,0,0,180000,129000,51000,51000
054748,正文凱基98購01  ,0,0,0,0,0,0,0,0,0,51000,0,0,0,51000,0,51000,51000
054970,帆宣元大97購01  ,0,0,0,0,0,0,0,0,0,51000,0,0,0,51000,0,51000,51000
044425,友達國泰92購01  ,0,0,0,0,0,0,0,0,0,51000,0,0,0,67000,16000,51000,51000
045010,可成元大92購04  ,0,0,0,0,0,0,0,0,0,51000,0,0,0,51000,0,51000,51000
048987,崇越元大94購01  ,0,0,0,0,0,0,0,0,0,51000,0,0,0,51000,0,51000,51000
006208,富邦台50        ,0,0,0,0,0,0,0,0,0,51000,0,0,0,358000,307000,51000,51000
03912P,臺股指元大93售36,0,0,0,0,0,0,0,0,0,51000,0,0,0,60000,9000,51000,51000
043357,聯詠國票92購02  ,0,0,0,0,0,0,0,0,0,51000,0,0,0,51000,0,51000,51000
04811P,上銀元大94售02  ,0,0,0,0,0,0,0,0,0,51000,0,0,0,119000,68000,51000,51000
047194,世紀鋼元大96購01,0,0,0,0,0,0,0,0,0,51000,0,0,0,67000,16000,51000,51000
04786P,鴻海永昌96售01  ,0,0,0,0,0,0,0,0,0,51000,0,0,0,52000,1000,51000,51000
049825,台積電凱基94購26,0,0,0,0,0,0,0,0,0,51000,0,0,0,361000,310000,51000,51000
052531,台積電國泰96購06,0,0,0,0,0,0,0,0,0,51000,0,0,0,51000,0,51000,51000
055313,南電群益97購01  ,0,0,0,0,0,0,0,0,0,51000,0,0,0,441000,390000,51000,51000
055209,勤誠康和97購01  ,0,0,0,0,0,0,0,0,0,51000,0,0,0,196000,145000,51000,51000
06046P,健策統一96售03  ,0,0,0,0,0,0,0,0,0,51000,0,0,0,191000,140000,51000,51000
2527,宏璟            ,51000,0,51000,0,0,0,0,0,0,0,0,0,0,0,0,0,51000
2882A,國泰特          ,0,0,0,0,0,0,0,0,0,51000,31000,0,31000,20000,0,20000,51000
055005,晶相光元富97購01,0,0,0,0,0,0,0,0,0,50000,0,0,0,100000,50000,50000,50000
055036,中工富邦9B購01  ,0,0,0,0,0,0,0,0,0,50000,0,0,0,100000,50000,50000,50000
05493P,華新科富邦99售02,0,0,0,0,0,0,0,0,0,50000,0,0,0,80000,30000,50000,50000
054793,牧德群益9A購01  ,0,0,0,0,0,0,0,0,0,50000,0,0,0,50000,0,50000,50000
054807,台化元大9A購02  ,0,0,0,0,0,0,0,0,0,50000,0,0,0,50000,0,50000,50000
054523,GIS元大96購05   ,0,0,0,0,0,0,0,0,0,50000,0,0,0,50000,0,50000,50000
054525,奇鋐元富96購01  ,0,0,0,0,0,0,0,0,0,50000,0,0,0,50000,0,50000,50000
054520,健鼎元大96購02  ,0,0,0,0,0,0,0,0,0,50000,0,0,0,50000,0,50000,50000
054549,台積電凱基98購01,0,0,0,0,0,0,0,0,0,50000,0,0,0,50000,0,50000,50000
054651,台化麥證97購01  ,0,0,0,90000,40000,50000,0,0,0,50000,0,0,0,90000,40000,50000,50000
054204,元金2X國票9B購02,0,0,0,0,0,0,0,0,0,50000,0,0,0,50000,0,50000,50000
054160,華泰凱基98購01  ,0,0,0,0,0,0,0,0,0,50000,0,0,0,50000,0,50000,50000
054087,矽創亞東96購01  ,0,0,0,0,0,0,0,0,0,50000,0,0,0,195000,145000,50000,50000
054259,健策元大97購03  ,0,0,0,0,0,0,0,0,0,50000,0,0,0,102000,52000,50000,50000
054372,南亞科中信96購01,0,0,0,0,0,0,0,0,0,50000,0,0,0,50000,0,50000,50000
054458,復盛群益96購01  ,0,0,0,0,0,0,0,0,0,50000,0,0,0,60000,10000,50000,50000
053595,創意元大96購02  ,0,0,0,0,0,0,0,0,0,50000,0,0,0,199000,149000,50000,50000
053871,臻鼎元大96購03  ,0,0,0,0,0,0,0,0,0,50000,0,0,0,51000,1000,50000,50000
053859,台積電元大97購09,0,0,0,0,0,0,0,0,0,50000,0,0,0,100000,50000,50000,50000
052829,上銀群益96購01  ,0,0,0,0,0,0,0,0,0,50000,0,0,0,156000,106000,50000,50000
053063,力山群益98購01  ,0,0,0,0,0,0,0,0,0,50000,0,0,0,148000,98000,50000,50000
041597,A50正2中信93購01,0,0,0,0,0,0,0,0,0,50000,0,0,0,50000,0,50000,50000
042919,GIS元大93購01   ,0,0,0,0,0,0,0,0,0,50000,0,0,0,60000,10000,50000,50000
042904,金寶元大94購02  ,0,0,0,0,0,0,0,0,0,50000,0,0,0,60000,10000,50000,50000
044083,開發金國票91購01,0,0,0,0,0,0,0,0,0,50000,0,0,0,50000,0,50000,50000
041308,群創群益92購01  ,0,0,0,0,0,0,0,0,0,50000,0,0,0,50000,0,50000,50000
044052,鴻海元大92購04  ,0,0,0,0,0,0,0,0,0,50000,0,0,0,50000,0,50000,50000
044000,群創第一91購01  ,0,0,0,0,0,0,0,0,0,50000,0,0,0,50000,0,50000,50000
041421,滬深2X凱基93購01,0,0,0,0,0,0,0,0,0,50000,0,0,0,50000,0,50000,50000
044213,瑞昱凱基91購11  ,0,0,0,0,0,0,0,0,0,50000,0,0,0,50000,0,50000,50000
045686,臻鼎元大92購02  ,0,0,0,0,0,0,0,0,0,50000,0,0,0,50000,0,50000,50000
039727,台積電群益91購02,0,0,0,0,0,0,0,0,0,50000,0,0,0,50000,0,50000,50000
03214P,技嘉群益02售02  ,0,0,0,0,0,0,0,0,0,50000,0,0,0,50000,0,50000,50000
03416P,聯電台新02售02  ,0,0,0,0,0,0,0,0,0,50000,0,0,0,50000,0,50000,50000
03181P,台灣50元大01售40,0,0,0,0,0,0,0,0,0,50000,0,0,0,50000,0,50000,50000
00728,第一金工業30    ,0,0,0,0,0,0,0,0,0,50000,0,0,0,530000,480000,50000,50000
04243P,大立光永昌93售08,0,0,0,0,0,0,0,0,0,50000,0,0,0,50000,0,50000,50000
048954,裕民康和94購01  ,0,0,0,0,0,0,0,0,0,50000,0,0,0,50000,0,50000,50000
046233,臻鼎元大92購08  ,0,0,0,0,0,0,0,0,0,50000,0,0,0,50000,0,50000,50000
045638,強茂凱基93購02  ,0,0,0,0,0,0,0,0,0,50000,0,0,0,198000,148000,50000,50000
045075,長榮航元大92購01,0,0,0,0,0,0,0,0,0,50000,0,0,0,50000,0,50000,50000
044751,鴻海凱基93購08  ,0,0,0,0,0,0,0,0,0,50000,0,0,0,450000,400000,50000,50000
045533,南茂永豐92購01  ,0,0,0,0,0,0,0,0,0,50000,0,0,0,50000,0,50000,50000
045531,台郡永豐92購01  ,0,0,0,0,0,0,0,0,0,50000,0,0,0,59000,9000,50000,50000
045307,群創元大93購04  ,0,0,0,0,0,0,0,0,0,50000,0,0,0,50000,0,50000,50000
04476P,玉晶光元大94售05,0,0,0,0,0,0,0,0,0,50000,0,0,0,50000,0,50000,50000
044716,上銀麥證93購01  ,0,0,0,50000,0,50000,0,0,0,50000,0,0,0,50000,0,50000,50000
044303,群創兆豐92購01  ,0,0,0,0,0,0,0,0,0,50000,0,0,0,50000,0,50000,50000
045141,創意兆豐92購02  ,0,0,0,0,0,0,0,0,0,50000,0,0,0,50000,0,50000,50000
04838P,宏達電元大95售02,0,0,0,0,0,0,0,0,0,50000,0,0,0,50000,0,50000,50000
046767,南茂凱基93購03  ,0,0,0,0,0,0,0,0,0,50000,0,0,0,50000,0,50000,50000
048641,美律元大94購01  ,0,0,0,0,0,0,0,0,0,50000,0,0,0,89000,39000,50000,50000
048626,矽創台新93購01  ,0,0,0,0,0,0,0,0,0,50000,0,0,0,60000,10000,50000,50000
048646,上緯控元大93購01,0,0,0,0,0,0,0,0,0,50000,0,0,0,50000,0,50000,50000
048491,A50元大93購01   ,0,0,0,0,0,0,0,0,0,50000,0,0,0,155000,105000,50000,50000
047781,上銀國泰94購02  ,0,0,0,0,0,0,0,0,0,50000,0,0,0,73000,23000,50000,50000
048189,臺指反元大96購06,0,0,0,0,0,0,0,0,0,50000,0,0,0,50000,0,50000,50000
046704,智原元富93購01  ,0,0,0,0,0,0,0,0,0,50000,0,0,0,237000,187000,50000,50000
049267,瀚宇博元大95購02,0,0,0,0,0,0,0,0,0,50000,0,0,0,50000,0,50000,50000
047109,華邦電元大94購01,0,0,0,0,0,0,0,0,0,50000,0,0,0,86000,36000,50000,50000
049400,可成群益94購03  ,0,0,0,0,0,0,0,0,0,50000,0,0,0,50000,0,50000,50000
047015,上銀元大93購03  ,0,0,0,0,0,0,0,0,0,50000,0,0,0,63000,13000,50000,50000
048004,康控元大93購05  ,0,0,0,0,0,0,0,0,0,50000,0,0,0,50000,0,50000,50000
048745,儒鴻元富97購02  ,0,0,0,0,0,0,0,0,0,50000,0,0,0,60000,10000,50000,50000
048733,台勝科麥證95購02,0,0,0,100000,52000,48000,0,0,0,50000,0,0,0,102000,52000,50000,50000
052508,矽力日盛95購02  ,0,0,0,0,0,0,0,0,0,50000,0,0,0,80000,30000,50000,50000
052559,茂林國票97購01  ,0,0,0,0,0,0,0,0,0,50000,0,0,0,50000,0,50000,50000
052542,友達元富98購01  ,0,0,0,0,0,0,0,0,0,50000,0,0,0,50000,0,50000,50000
052224,楠梓電凱基97購01,0,0,0,0,0,0,0,0,0,50000,0,0,0,50000,0,50000,50000
052237,嘉澤國票96購02  ,0,0,0,0,0,0,0,0,0,50000,0,0,0,50000,0,50000,50000
052097,GIS元大95購05   ,0,0,0,0,0,0,0,0,0,50000,0,0,0,50000,0,50000,50000
051618,智邦凱基95購06  ,0,0,0,0,0,0,0,0,0,50000,0,0,0,105000,55000,50000,50000
051754,廣宇元大95購01  ,0,0,0,0,0,0,0,0,0,50000,0,0,0,130000,80000,50000,50000
050152,聯發科群益94購07,0,0,0,0,0,0,0,0,0,50000,0,0,0,150000,100000,50000,50000
050118,臻鼎元大94購01  ,0,0,0,0,0,0,0,0,0,50000,0,0,0,50000,0,50000,50000
050193,臻鼎元大94購02  ,0,0,0,0,0,0,0,0,0,50000,0,0,0,50000,0,50000,50000
050194,臻鼎元大94購03  ,0,0,0,0,0,0,0,0,0,50000,0,0,0,50000,0,50000,50000
050520,凌陽元大94購02  ,0,0,0,0,0,0,0,0,0,50000,0,0,0,133000,83000,50000,50000
050450,富邦金元大94購03,0,0,0,0,0,0,0,0,0,50000,0,0,0,150000,100000,50000,50000
051020,健策凱基96購02  ,0,0,0,0,0,0,0,0,0,50000,0,0,0,94000,44000,50000,50000
051244,正崴元大95購01  ,0,0,0,0,0,0,0,0,0,50000,0,0,0,101000,51000,50000,50000
051183,建準永豐95購02  ,0,0,0,0,0,0,0,0,0,50000,0,0,0,50000,0,50000,50000
051220,大立光元富95購08,0,0,0,0,0,0,0,0,0,50000,0,0,0,50000,0,50000,50000
050774,健策元大96購02  ,0,0,0,0,0,0,0,0,0,50000,0,0,0,55000,5000,50000,50000
050833,台郡凱基95購01  ,0,0,0,0,0,0,0,0,0,50000,0,0,0,70000,20000,50000,50000
08582P,臺股指元大9C售30,0,0,0,0,0,0,0,0,0,50000,0,0,0,50000,0,50000,50000
05519P,上証2X凱基98售01,0,0,0,0,0,0,0,0,0,50000,0,0,0,50000,0,50000,50000
055301,台虹元大97購01  ,0,0,0,0,0,0,0,0,0,50000,0,0,0,84000,34000,50000,50000
055372,宏達電元大97購04,0,0,0,0,0,0,0,0,0,50000,0,0,0,50000,0,50000,50000
05686P,臺股指元大96售11,0,0,0,0,0,0,0,0,0,50000,0,0,0,50000,0,50000,50000
05275P,國巨凱基95售05  ,0,0,0,0,0,0,0,0,0,49000,0,0,0,49000,0,49000,49000
053583,漢唐元大96購03  ,0,0,0,0,0,0,0,0,0,49000,0,0,0,114000,65000,49000,49000
053506,南茂兆豐97購01  ,0,0,0,0,0,0,0,0,0,49000,0,0,0,50000,1000,49000,49000
054356,可成兆豐97購01  ,0,0,0,0,0,0,0,0,0,49000,0,0,0,59000,10000,49000,49000
045393,寶齡國泰93購01  ,0,0,0,0,0,0,0,0,0,49000,0,0,0,50000,1000,49000,49000
044673,上銀凱基93購04  ,0,0,0,0,0,0,0,0,0,49000,0,0,0,69000,20000,49000,49000
044631,聯茂元大92購02  ,0,0,0,0,0,0,0,0,0,49000,0,0,0,69000,20000,49000,49000
044439,南電元大93購01  ,0,0,0,0,0,0,0,0,0,49000,0,0,0,224000,175000,49000,49000
04904P,奇力新永豐94售05,0,0,0,0,0,0,0,0,0,49000,0,0,0,54000,5000,49000,49000
044824,元油2X永豐93購02,0,0,0,0,0,0,0,0,0,49000,0,0,0,69000,20000,49000,49000
042993,葡萄王元大94購01,0,0,0,0,0,0,0,0,0,49000,0,0,0,49000,0,49000,49000
046573,上緯控國泰94購01,0,0,0,0,0,0,0,0,0,49000,0,0,0,71000,22000,49000,49000
046660,宏達電元大93購07,0,0,0,0,0,0,0,0,0,49000,0,0,0,52000,3000,49000,49000
047066,力成凱基93購04  ,0,0,0,0,0,0,0,0,0,49000,0,0,0,73000,24000,49000,49000
048185,台郡群益93購04  ,0,0,0,0,0,0,0,0,0,49000,0,0,0,49000,0,49000,49000
047782,燿華國泰95購01  ,0,0,0,0,0,0,0,0,0,49000,0,0,0,116000,67000,49000,49000
050716,可成群益96購01  ,0,0,0,0,0,0,0,0,0,49000,0,0,0,51000,2000,49000,49000
050712,和碩中信94購01  ,0,0,0,0,0,0,0,0,0,49000,0,0,0,59000,10000,49000,49000
050697,冠德凱基96購01  ,0,0,0,0,0,0,0,0,0,49000,0,0,0,53000,4000,49000,49000
051092,禾伸堂元大95購02,0,0,0,0,0,0,0,0,0,49000,0,0,0,105000,56000,49000,49000
050177,聯發科元大94購11,0,0,0,0,0,0,0,0,0,49000,0,0,0,133000,84000,49000,49000
052072,健策統一95購02  ,0,0,0,0,0,0,0,0,0,49000,0,0,0,141000,92000,49000,49000
052536,聯茂國泰97購01  ,0,0,0,0,0,0,0,0,0,49000,0,0,0,122000,73000,49000,49000
2881A,富邦特          ,15000,0,15000,0,0,0,0,0,0,34000,34000,0,34000,0,0,0,49000
2436,偉詮電          ,60000,11000,49000,0,0,0,0,0,0,0,0,0,0,0,0,0,49000
4564,元翎            ,334000,285000,49000,0,0,0,0,0,0,0,0,0,0,0,0,0,49000
054353,世紀鋼國泰98購01,0,0,0,0,0,0,0,0,0,48000,0,0,0,69000,21000,48000,48000
054077,中石化中信98購01,0,0,0,0,0,0,0,0,0,48000,0,0,0,48000,0,48000,48000
054555,欣興凱基98購01  ,0,0,0,0,0,0,0,0,0,48000,0,0,0,101000,53000,48000,48000
052817,楠梓電永豐96購02,0,0,0,0,0,0,0,0,0,48000,0,0,0,68000,20000,48000,48000
052910,鴻海統一96購10  ,0,0,0,0,0,0,0,0,0,48000,0,0,0,48000,0,48000,48000
043928,致茂永豐91購01  ,0,0,0,0,0,0,0,0,0,48000,0,0,0,48000,0,48000,48000
043728,美律國泰93購01  ,0,0,0,0,0,0,0,0,0,48000,0,0,0,139000,91000,48000,48000
049019,美律群益94購02  ,0,0,0,0,0,0,0,0,0,48000,0,0,0,150000,102000,48000,48000
048944,茂林永豐94購01  ,0,0,0,0,0,0,0,0,0,48000,0,0,0,48000,0,48000,48000
048942,上緯控永豐94購01,0,0,0,0,0,0,0,0,0,48000,0,0,0,78000,30000,48000,48000
048898,晶相光國泰96購01,0,0,0,0,0,0,0,0,0,48000,0,0,0,171000,123000,48000,48000
044636,創意統一94購01  ,0,0,0,0,0,0,0,0,0,48000,0,0,0,48000,0,48000,48000
048169,瑞昱永豐93購02  ,0,0,0,0,0,0,0,0,0,48000,0,0,0,78000,30000,48000,48000
046627,高鐵統一95購01  ,0,0,0,0,0,0,0,0,0,48000,0,0,0,77000,29000,48000,48000
048444,燿華凱基93購05  ,0,0,0,0,0,0,0,0,0,48000,0,0,0,68000,20000,48000,48000
049466,創意台新94購01  ,0,0,0,0,0,0,0,0,0,48000,0,0,0,48000,0,48000,48000
04963P,鴻海元大94售25  ,0,0,0,0,0,0,0,0,0,48000,0,0,0,164000,116000,48000,48000
049746,全新永豐95購01  ,0,0,0,0,0,0,0,0,0,48000,0,0,0,68000,20000,48000,48000
051680,國泰金第一95購01,0,0,0,0,0,0,0,0,0,48000,0,0,0,48000,0,48000,48000
051643,瑞昱康和95購01  ,0,0,0,0,0,0,0,0,0,48000,0,0,0,131000,83000,48000,48000
051535,新日興國票96購01,0,0,0,0,0,0,0,0,0,48000,0,0,0,320000,272000,48000,48000
049914,瑞昱元大94購06  ,0,0,0,0,0,0,0,0,0,48000,0,0,0,109000,61000,48000,48000
050511,元油2X元大94購11,0,0,0,0,0,0,0,0,0,48000,0,0,0,60000,12000,48000,48000
051111,可成統一95購02  ,0,0,0,0,0,0,0,0,0,48000,0,0,0,96000,48000,48000,48000
2404,漢唐            ,483000,667000,-184000,0,0,0,25000,0,25000,207000,97000,8000,89000,158000,40000,118000,48000
2908,特力            ,60000,12000,48000,0,0,0,0,0,0,0,0,0,0,0,0,0,48000
05540P,亞德客凱基96售01,0,0,0,0,0,0,0,0,0,48000,0,0,0,214000,166000,48000,48000
05903P,聯發科統一96售09,0,0,0,0,0,0,0,0,0,48000,0,0,0,273000,225000,48000,48000
054173,奇力新台新97購02,0,0,0,0,0,0,0,0,0,47000,0,0,0,190000,143000,47000,47000
054448,矽力兆豐96購01  ,0,0,0,0,0,0,0,0,0,47000,0,0,0,67000,20000,47000,47000
045256,致茂凱基92購01  ,0,0,0,0,0,0,0,0,0,47000,0,0,0,47000,0,47000,47000
043847,台光電國泰92購01,0,0,0,0,0,0,0,0,0,47000,0,0,0,47000,0,47000,47000
042126,欣興統一92購01  ,0,0,0,0,0,0,0,0,0,47000,0,0,0,190000,143000,47000,47000
049688,台光電元大94購04,0,0,0,0,0,0,0,0,0,47000,0,0,0,157000,110000,47000,47000
049451,富邦金統一94購03,0,0,0,0,0,0,0,0,0,47000,0,0,0,56000,9000,47000,47000
047844,台虹元大93購02  ,0,0,0,0,0,0,0,0,0,47000,0,0,0,117000,70000,47000,47000
047837,嘉晶元大93購01  ,0,0,0,0,0,0,0,0,0,47000,0,0,0,87000,40000,47000,47000
047188,聯詠元大93購04  ,0,0,0,0,0,0,0,0,0,47000,0,0,0,47000,0,47000,47000
050050,國泰金群益94購02,0,0,0,0,0,0,0,0,0,47000,0,0,0,135000,88000,47000,47000
050145,矽創台新94購01  ,0,0,0,0,0,0,0,0,0,47000,0,0,0,109000,62000,47000,47000
051409,美律國票96購01  ,0,0,0,0,0,0,0,0,0,47000,0,0,0,47000,0,47000,47000
052003,泰碩國泰97購02  ,0,0,0,0,0,0,0,0,0,47000,0,0,0,190000,143000,47000,47000
052103,台積電兆豐95購06,0,0,0,0,0,0,0,0,0,47000,0,0,0,302000,255000,47000,47000
05904P,大立光統一96售07,0,0,0,0,0,0,0,0,0,47000,0,0,0,103000,56000,47000,47000
2059,川湖            ,53000,5000,48000,0,0,0,0,0,0,-1000,0,1000,-1000,0,0,0,47000
2429,銘旺科          ,63000,16000,47000,0,0,0,0,0,0,0,0,0,0,0,0,0,47000
6525,捷敏-KY         ,50400,4000,46400,0,0,0,0,0,0,0,0,0,0,0,0,0,46400
054090,瑞昱群益97購01  ,0,0,0,0,0,0,0,0,0,46000,0,0,0,129000,83000,46000,46000
054544,統一中信97購01  ,0,0,0,0,0,0,0,0,0,46000,0,0,0,46000,0,46000,46000
054969,亞翔元大97購01  ,0,0,0,0,0,0,0,0,0,46000,0,0,0,78000,32000,46000,46000
054913,億光凱基97購01  ,0,0,0,0,0,0,0,0,0,46000,0,0,0,479000,433000,46000,46000
052886,世紀鋼兆豐96購01,0,0,0,0,0,0,0,0,0,46000,0,0,0,137000,91000,46000,46000
052677,景碩富邦97購01  ,0,0,0,0,0,0,0,0,0,46000,0,0,0,46000,0,46000,46000
053535,宏達電永豐96購02,0,0,0,0,0,0,0,0,0,46000,0,0,0,52000,6000,46000,46000
053766,友達富邦97購01  ,0,0,0,0,0,0,0,0,0,46000,0,0,0,90000,44000,46000,46000
04252P,台達電元富93售02,0,0,0,0,0,0,0,0,0,46000,0,0,0,66000,20000,46000,46000
046286,高鐵兆豐93購01  ,0,0,0,0,0,0,0,0,0,46000,0,0,0,49000,3000,46000,46000
048994,南電元大94購03  ,0,0,0,0,0,0,0,0,0,46000,0,0,0,296000,250000,46000,46000
048211,大立光日盛93購01,0,0,0,0,0,0,0,0,0,46000,0,0,0,250000,204000,46000,46000
047761,亞德客元大93購02,0,0,0,0,0,0,0,0,0,46000,0,0,0,104000,58000,46000,46000
046647,高鐵國泰93購01  ,0,0,0,0,0,0,0,0,0,46000,0,0,0,47000,1000,46000,46000
049345,富邦金統一94購02,0,0,0,0,0,0,0,0,0,46000,0,0,0,55000,9000,46000,46000
052133,華邦電凱基9B購01,0,0,0,0,0,0,0,0,0,46000,0,0,0,129000,83000,46000,46000
051872,矽力凱基96購01  ,0,0,0,0,0,0,0,0,0,46000,0,0,0,51000,5000,46000,46000
050439,新日興凱基94購01,0,0,0,0,0,0,0,0,0,46000,0,0,0,116000,70000,46000,46000
050415,力成永豐94購01  ,0,0,0,0,0,0,0,0,0,46000,0,0,0,91000,45000,46000,46000
050409,華通永豐94購01  ,0,0,0,0,0,0,0,0,0,46000,0,0,0,46000,0,46000,46000
05068P,鴻海統一95售06  ,0,0,0,0,0,0,0,0,0,46000,0,0,0,121000,75000,46000,46000
050756,京元電元富94購03,0,0,0,0,0,0,0,0,0,46000,0,0,0,50000,4000,46000,46000
050918,南亞科日盛95購01,0,0,0,0,0,0,0,0,0,46000,0,0,0,51000,5000,46000,46000
055174,精元統一97購01  ,0,0,0,0,0,0,0,0,0,46000,0,0,0,161000,115000,46000,46000
052761,可成群益96購02  ,0,0,0,0,0,0,0,0,0,45000,0,0,0,48000,3000,45000,45000
053035,台表科兆豐97購01,0,0,0,0,0,0,0,0,0,45000,0,0,0,64000,19000,45000,45000
054971,帆宣元大97購02  ,0,0,0,0,0,0,0,0,0,45000,0,0,0,73000,28000,45000,45000
054586,健鼎國泰99購01  ,0,0,0,0,0,0,0,0,0,45000,0,0,0,55000,10000,45000,45000
054789,高鐵群益98購01  ,0,0,0,0,0,0,0,0,0,45000,0,0,0,46000,1000,45000,45000
054749,聯茂凱基98購01  ,0,0,0,0,0,0,0,0,0,45000,0,0,0,45000,0,45000,45000
054399,智易永豐96購03  ,0,0,0,0,0,0,0,0,0,45000,0,0,0,45000,0,45000,45000
046336,致新元大92購02  ,0,0,0,0,0,0,0,0,0,45000,0,0,0,83000,38000,45000,45000
045613,祥碩群益92購01  ,0,0,0,0,0,0,0,0,0,45000,0,0,0,45000,0,45000,45000
04446P,元油2X凱基94售03,0,0,0,0,0,0,0,0,0,45000,0,0,0,95000,50000,45000,45000
044403,新日興凱基92購01,0,0,0,0,0,0,0,0,0,45000,0,0,0,65000,20000,45000,45000
044424,儒鴻國泰92購01  ,0,0,0,0,0,0,0,0,0,45000,0,0,0,45000,0,45000,45000
045130,瑞昱統一92購01  ,0,0,0,0,0,0,0,0,0,45000,0,0,0,45000,0,45000,45000
044161,台郡永豐91購02  ,0,0,0,0,0,0,0,0,0,45000,0,0,0,45000,0,45000,45000
044975,台積電國票92購02,0,0,0,0,0,0,0,0,0,45000,0,0,0,55000,10000,45000,45000
047698,瑞儀日盛93購01  ,0,0,0,0,0,0,0,0,0,45000,0,0,0,45000,0,45000,45000
047676,臺股指元富99購01,0,0,0,0,0,0,0,0,0,45000,0,0,0,75000,30000,45000,45000
048384,遠東新國票94購01,0,0,0,0,0,0,0,0,0,45000,0,0,0,45000,0,45000,45000
048822,燿華凱基94購03  ,0,0,0,0,0,0,0,0,0,45000,0,0,0,45000,0,45000,45000
047871,健策永豐93購02  ,0,0,0,0,0,0,0,0,0,45000,0,0,0,71000,26000,45000,45000
047215,華新科第一93購01,0,0,0,0,0,0,0,0,0,45000,0,0,0,45000,0,45000,45000
050700,健策凱基96購01  ,0,0,0,0,0,0,0,0,0,45000,0,0,0,66000,21000,45000,45000
050535,台表科群益94購02,0,0,0,0,0,0,0,0,0,45000,0,0,0,129000,84000,45000,45000
050570,聯發科中信97購02,0,0,0,0,0,0,0,0,0,45000,0,0,0,50000,5000,45000,45000
051984,台塑元大95購01  ,0,0,0,0,0,0,0,0,0,45000,0,0,0,45000,0,45000,45000
051703,台積電群益95購04,0,0,0,0,0,0,0,0,0,45000,0,0,0,195000,150000,45000,45000
051747,貿聯國泰96購01  ,0,0,0,0,0,0,0,0,0,45000,0,0,0,46000,1000,45000,45000
051555,聯茂永豐95購01  ,0,0,0,0,0,0,0,0,0,45000,0,0,0,45000,0,45000,45000
052411,嘉聯益亞東95購02,0,0,0,0,0,0,0,0,0,45000,0,0,0,45000,0,45000,45000
054183,亞光康和96購01  ,0,0,0,0,0,0,0,0,0,44000,0,0,0,44000,0,44000,44000
053117,大立光中信9A購02,0,0,0,0,0,0,0,0,0,44000,0,0,0,44000,0,44000,44000
053503,臻鼎兆豐97購01  ,0,0,0,0,0,0,0,0,0,44000,0,0,0,47000,3000,44000,44000
044171,訊芯元大91購02  ,0,0,0,0,0,0,0,0,0,44000,0,0,0,54000,10000,44000,44000
045158,和碩凱基92購01  ,0,0,0,0,0,0,0,0,0,44000,0,0,0,44000,0,44000,44000
048888,牧德元富94購02  ,0,0,0,0,0,0,0,0,0,44000,0,0,0,44000,0,44000,44000
046528,聯詠中信94購01  ,0,0,0,0,0,0,0,0,0,44000,0,0,0,46000,2000,44000,44000
049647,美食凱基94購01  ,0,0,0,0,0,0,0,0,0,44000,0,0,0,81000,37000,44000,44000
049627,嘉聯益群益94購02,0,0,0,0,0,0,0,0,0,44000,0,0,0,44000,0,44000,44000
047688,亞德客富邦95購01,0,0,0,0,0,0,0,0,0,44000,0,0,0,177000,133000,44000,44000
046789,祥碩永豐93購01  ,0,0,0,0,0,0,0,0,0,44000,0,0,0,50000,6000,44000,44000
051699,世紀鋼麥證95購01,0,0,0,64000,20000,44000,0,0,0,44000,0,0,0,64000,20000,44000,44000
050560,聯詠統一94購02  ,0,0,0,0,0,0,0,0,0,44000,0,0,0,66000,22000,44000,44000
051045,南茂永豐95購01  ,0,0,0,0,0,0,0,0,0,44000,0,0,0,88000,44000,44000,44000
05966P,矽力凱基96售03  ,0,0,0,0,0,0,0,0,0,44000,0,0,0,64000,20000,44000,44000
3617,碩天            ,45000,2000,43000,0,0,0,0,0,0,1000,0,1000,-1000,2000,0,2000,44000
2505,國揚            ,293000,271000,22000,0,0,0,0,0,0,22000,1000,0,1000,33000,12000,21000,44000
053185,友達中信99購01  ,0,0,0,0,0,0,0,0,0,43000,0,0,0,63000,20000,43000,43000
05419P,矽力永豐95售02  ,0,0,0,0,0,0,0,0,0,43000,0,0,0,43000,0,43000,43000
05391P,鴻海統一95售12  ,0,0,0,0,0,0,0,0,0,43000,0,0,0,44000,1000,43000,43000
054500,美律永豐96購02  ,0,0,0,0,0,0,0,0,0,43000,0,0,0,111000,68000,43000,43000
054868,國泰金群益9A購01,0,0,0,0,0,0,0,0,0,43000,0,0,0,43000,0,43000,43000
042644,貿聯兆豐92購01  ,0,0,0,0,0,0,0,0,0,43000,0,0,0,107000,64000,43000,43000
00656R,國泰中國A50反1  ,0,0,0,0,0,0,0,0,0,43000,0,0,0,302000,259000,43000,43000
00659R,國泰日本反1     ,0,0,0,0,0,0,0,0,0,43000,0,0,0,44000,1000,43000,43000
049501,台郡元大95購01  ,0,0,0,0,0,0,0,0,0,43000,0,0,0,43000,0,43000,43000
049188,可成台新94購01  ,0,0,0,0,0,0,0,0,0,43000,0,0,0,60000,17000,43000,43000
046916,欣興台新93購01  ,0,0,0,0,0,0,0,0,0,43000,0,0,0,43000,0,43000,43000
051281,健策兆豐96購01  ,0,0,0,0,0,0,0,0,0,43000,0,0,0,43000,0,43000,43000
050915,健策中信98購01  ,0,0,0,0,0,0,0,0,0,43000,0,0,0,44000,1000,43000,43000
051755,台積電元大96購08,0,0,0,0,0,0,0,0,0,43000,0,0,0,43000,0,43000,43000
051924,聯茂日盛95購01  ,0,0,0,0,0,0,0,0,0,43000,0,0,0,213000,170000,43000,43000
052388,旺宏群益96購05  ,0,0,0,0,0,0,0,0,0,43000,0,0,0,50000,7000,43000,43000
052534,貿聯國泰96購02  ,0,0,0,0,0,0,0,0,0,43000,0,0,0,149000,106000,43000,43000
052585,友達永豐97購01  ,0,0,0,0,0,0,0,0,0,43000,0,0,0,156000,113000,43000,43000
052353,高鐵群益97購01  ,0,0,0,0,0,0,0,0,0,43000,0,0,0,62000,19000,43000,43000
06084P,宏達電元富97售02,0,0,0,0,0,0,0,0,0,43000,0,0,0,43000,0,43000,43000
08539P,元油2X國票99售01,0,0,0,0,0,0,0,0,0,43000,0,0,0,45000,2000,43000,43000
06140P,華新科群益97售06,0,0,0,0,0,0,0,0,0,43000,0,0,0,43000,0,43000,43000
055404,超眾元富97購01  ,0,0,0,0,0,0,0,0,0,43000,0,0,0,43000,0,43000,43000
054516,國巨元大97購02  ,0,0,0,0,0,0,0,0,0,42000,0,0,0,55000,13000,42000,42000
054365,遠東新中信96購01,0,0,0,0,0,0,0,0,0,42000,0,0,0,42000,0,42000,42000
052838,新唐國泰98購01  ,0,0,0,0,0,0,0,0,0,42000,0,0,0,50000,8000,42000,42000
053424,欣興永豐96購02  ,0,0,0,0,0,0,0,0,0,42000,0,0,0,294000,252000,42000,42000
053437,啟碁日盛96購01  ,0,0,0,0,0,0,0,0,0,42000,0,0,0,42000,0,42000,42000
053602,台虹元大96購01  ,0,0,0,0,0,0,0,0,0,42000,0,0,0,167000,125000,42000,42000
045189,大立光元富98購01,0,0,0,0,0,0,0,0,0,42000,0,0,0,123000,81000,42000,42000
046074,佐登凱基92購01  ,0,0,0,0,0,0,0,0,0,42000,0,0,0,102000,60000,42000,42000
045031,上銀群益93購02  ,0,0,0,0,0,0,0,0,0,42000,0,0,0,92000,50000,42000,42000
048186,元黃金元大96購01,0,0,0,0,0,0,0,0,0,42000,0,0,0,50000,8000,42000,42000
046962,群創中信95購03  ,0,0,0,0,0,0,0,0,0,42000,0,0,0,43000,1000,42000,42000
046964,祥碩中信93購01  ,0,0,0,0,0,0,0,0,0,42000,0,0,0,52000,10000,42000,42000
046873,可成元富93購01  ,0,0,0,0,0,0,0,0,0,42000,0,0,0,42000,0,42000,42000
046894,日月光群益93購01,0,0,0,0,0,0,0,0,0,42000,0,0,0,52000,10000,42000,42000
052271,力成日盛95購02  ,0,0,0,0,0,0,0,0,0,42000,0,0,0,97000,55000,42000,42000
052217,台光電日盛95購01,0,0,0,0,0,0,0,0,0,42000,0,0,0,62000,20000,42000,42000
050620,和碩元大94購04  ,0,0,0,0,0,0,0,0,0,42000,0,0,0,50000,8000,42000,42000
050996,隆達元大95購01  ,0,0,0,0,0,0,0,0,0,42000,0,0,0,137000,95000,42000,42000
055270,上銀元大97購03  ,0,0,0,0,0,0,0,0,0,42000,0,0,0,123000,81000,42000,42000
06150P,奇力新元大97售06,0,0,0,0,0,0,0,0,0,42000,0,0,0,105000,63000,42000,42000
05934P,國巨凱基96售13  ,0,0,0,0,0,0,0,0,0,42000,0,0,0,104000,62000,42000,42000
8110,華東            ,83000,38000,45000,0,0,0,0,0,0,-3000,0,3000,-3000,0,0,0,42000
053438,玉晶光麥證97購02,0,0,0,120000,79000,41000,0,0,0,41000,0,0,0,120000,79000,41000,41000
053433,友達日盛99購06  ,0,0,0,0,0,0,0,0,0,41000,0,0,0,209000,168000,41000,41000
053504,祥碩兆豐96購01  ,0,0,0,0,0,0,0,0,0,41000,0,0,0,41000,0,41000,41000
053521,緯穎群益96購02  ,0,0,0,0,0,0,0,0,0,41000,0,0,0,103000,62000,41000,41000
052801,友達元大9A購01  ,0,0,0,0,0,0,0,0,0,41000,0,0,0,101000,60000,41000,41000
054865,可成群益97購01  ,0,0,0,0,0,0,0,0,0,41000,0,0,0,64000,23000,41000,41000
00733,富邦臺灣中小    ,0,0,0,0,0,0,0,0,0,41000,0,0,0,238000,197000,41000,41000
00852L,國泰美國道瓊正2 ,0,0,0,0,0,0,0,0,0,41000,0,0,0,50000,9000,41000,41000
047522,微星元大93購02  ,0,0,0,0,0,0,0,0,0,41000,0,0,0,168000,127000,41000,41000
050181,富邦金元大94購02,0,0,0,0,0,0,0,0,0,41000,0,0,0,116000,75000,41000,41000
052404,臻鼎凱基95購05  ,0,0,0,0,0,0,0,0,0,41000,0,0,0,51000,10000,41000,41000
052521,友達元大9B購01  ,0,0,0,0,0,0,0,0,0,41000,0,0,0,61000,20000,41000,41000
051898,富邦金國泰97購01,0,0,0,0,0,0,0,0,0,41000,0,0,0,41000,0,41000,41000
051616,鴻海凱基96購08  ,0,0,0,0,0,0,0,0,0,41000,0,0,0,41000,0,41000,41000
051617,台積電凱基95購14,0,0,0,0,0,0,0,0,0,41000,0,0,0,306000,265000,41000,41000
9919,康那香          ,41000,0,41000,0,0,0,0,0,0,0,0,0,0,0,0,0,41000
2472,立隆電          ,73000,20000,53000,0,0,0,0,0,0,-12000,4000,16000,-12000,0,0,0,41000
4961,天鈺            ,88000,46000,42000,0,0,0,0,0,0,-1000,0,0,0,2000,3000,-1000,41000
05795P,華邦電群益96售05,0,0,0,0,0,0,0,0,0,41000,0,0,0,61000,20000,41000,41000
055175,建準統一97購01  ,0,0,0,0,0,0,0,0,0,41000,0,0,0,56000,15000,41000,41000
055103,南港凱基97購01  ,0,0,0,0,0,0,0,0,0,41000,0,0,0,60000,19000,41000,41000
054820,新日興元大97購01,0,0,0,0,0,0,0,0,0,40000,0,0,0,137000,97000,40000,40000
054938,國巨元大97購04  ,0,0,0,0,0,0,0,0,0,40000,0,0,0,141000,101000,40000,40000
054804,南亞元大9A購01  ,0,0,0,0,0,0,0,0,0,40000,0,0,0,145000,105000,40000,40000
054467,隆達凱基97購01  ,0,0,0,0,0,0,0,0,0,40000,0,0,0,53000,13000,40000,40000
053931,楠梓電統一96購01,0,0,0,0,0,0,0,0,0,40000,0,0,0,40000,0,40000,40000
053582,英業達元大97購01,0,0,0,0,0,0,0,0,0,40000,0,0,0,40000,0,40000,40000
053494,南亞科兆豐96購02,0,0,0,0,0,0,0,0,0,40000,0,0,0,42000,2000,40000,40000
053441,旺宏凱基98購01  ,0,0,0,0,0,0,0,0,0,40000,0,0,0,60000,20000,40000,40000
053448,智易凱基96購03  ,0,0,0,0,0,0,0,0,0,40000,0,0,0,40000,0,40000,40000
053411,深中小國票9B購01,0,0,0,0,0,0,0,0,0,40000,0,0,0,40000,0,40000,40000
053351,A50正2兆豐97購01,0,0,0,0,0,0,0,0,0,40000,0,0,0,120000,80000,40000,40000
039900,上証2X國泰92購01,0,0,0,0,0,0,0,0,0,40000,0,0,0,46000,6000,40000,40000
03242P,聯電統一02售04  ,0,0,0,0,0,0,0,0,0,40000,0,0,0,62000,22000,40000,40000
039951,鴻海群益91購01  ,0,0,0,0,0,0,0,0,0,40000,0,0,0,40000,0,40000,40000
04363P,儒鴻元富94售01  ,0,0,0,0,0,0,0,0,0,40000,0,0,0,40000,0,40000,40000
044954,可成凱基92購01  ,0,0,0,0,0,0,0,0,0,40000,0,0,0,40000,0,40000,40000
044904,聯詠凱基91購04  ,0,0,0,0,0,0,0,0,0,40000,0,0,0,50000,10000,40000,40000
046142,康舒統一93購01  ,0,0,0,0,0,0,0,0,0,40000,0,0,0,86000,46000,40000,40000
04574P,台達電統一94售05,0,0,0,0,0,0,0,0,0,40000,0,0,0,50000,10000,40000,40000
044030,台積電群益91購06,0,0,0,0,0,0,0,0,0,40000,0,0,0,40000,0,40000,40000
040888,國泰金國票91購01,0,0,0,0,0,0,0,0,0,40000,0,0,0,40000,0,40000,40000
04052P,上銀國泰94售01  ,0,0,0,0,0,0,0,0,0,40000,0,0,0,90000,50000,40000,40000
04060P,臺股指群益93售14,0,0,0,0,0,0,0,0,0,40000,0,0,0,40000,0,40000,40000
042896,台積電永昌93購04,0,0,0,0,0,0,0,0,0,40000,0,0,0,40000,0,40000,40000
045808,台表科國票92購02,0,0,0,0,0,0,0,0,0,40000,0,0,0,40000,0,40000,40000
045932,亞泥群益92購01  ,0,0,0,0,0,0,0,0,0,40000,0,0,0,40000,0,40000,40000
045418,上銀凱基92購01  ,0,0,0,0,0,0,0,0,0,40000,0,0,0,40000,0,40000,40000
046062,遠東新凱基92購02,0,0,0,0,0,0,0,0,0,40000,0,0,0,40000,0,40000,40000
048912,牧德富邦94購01  ,0,0,0,0,0,0,0,0,0,40000,0,0,0,40000,0,40000,40000
046799,儒鴻元大93購01  ,0,0,0,0,0,0,0,0,0,40000,0,0,0,55000,15000,40000,40000
049312,亞光凱基94購02  ,0,0,0,0,0,0,0,0,0,40000,0,0,0,56000,16000,40000,40000
048839,牧德凱基95購01  ,0,0,0,0,0,0,0,0,0,40000,0,0,0,118000,78000,40000,40000
047704,智邦凱基93購06  ,0,0,0,0,0,0,0,0,0,40000,0,0,0,83000,43000,40000,40000
049717,微星凱基94購01  ,0,0,0,0,0,0,0,0,0,40000,0,0,0,51000,11000,40000,40000
048147,元油反元富95購01,0,0,0,0,0,0,0,0,0,40000,0,0,0,40000,0,40000,40000
046736,儒鴻群益93購01  ,0,0,0,0,0,0,0,0,0,40000,0,0,0,50000,10000,40000,40000
047058,聯茂國票94購01  ,0,0,0,0,0,0,0,0,0,40000,0,0,0,60000,20000,40000,40000
047048,華邦電國票93購02,0,0,0,0,0,0,0,0,0,40000,0,0,0,40000,0,40000,40000
046479,群創元富94購01  ,0,0,0,0,0,0,0,0,0,40000,0,0,0,40000,0,40000,40000
048034,大立光凱基93購29,0,0,0,0,0,0,0,0,0,40000,0,0,0,40000,0,40000,40000
047371,明泰國票93購01  ,0,0,0,0,0,0,0,0,0,40000,0,0,0,40000,0,40000,40000
051910,大立光元大97購01,0,0,0,0,0,0,0,0,0,40000,0,0,0,40000,0,40000,40000
051980,樺漢凱基96購01  ,0,0,0,0,0,0,0,0,0,40000,0,0,0,50000,10000,40000,40000
052362,瑞昱國票96購02  ,0,0,0,0,0,0,0,0,0,40000,0,0,0,40000,0,40000,40000
052595,奇力新群益96購01,0,0,0,0,0,0,0,0,0,40000,0,0,0,667000,627000,40000,40000
050127,台積電凱基94購31,0,0,0,0,0,0,0,0,0,40000,0,0,0,40000,0,40000,40000
050224,台泥中信94購01  ,0,0,0,0,0,0,0,0,0,40000,0,0,0,78000,38000,40000,40000
049994,聯茂台新94購02  ,0,0,0,0,0,0,0,0,0,40000,0,0,0,289000,249000,40000,40000
050273,GIS元大94購04   ,0,0,0,0,0,0,0,0,0,40000,0,0,0,50000,10000,40000,40000
051232,貿聯群益95購02  ,0,0,0,0,0,0,0,0,0,40000,0,0,0,42000,2000,40000,40000
050623,致新元大94購05  ,0,0,0,0,0,0,0,0,0,40000,0,0,0,93000,53000,40000,40000
050711,TPK中信94購01   ,0,0,0,0,0,0,0,0,0,40000,0,0,0,40000,0,40000,40000
05075P,台積電麥證95售01,0,0,0,40000,0,40000,0,0,0,40000,0,0,0,40000,0,40000,40000
05788P,臺股指永昌96售05,0,0,0,0,0,0,0,0,0,40000,0,0,0,90000,50000,40000,40000
05838P,臺股指富邦96售05,0,0,0,0,0,0,0,0,0,40000,0,0,0,40000,0,40000,40000
05885P,牧德統一96售01  ,0,0,0,0,0,0,0,0,0,40000,0,0,0,95000,55000,40000,40000
06096P,全新永豐97售02  ,0,0,0,0,0,0,0,0,0,40000,0,0,0,46000,6000,40000,40000
06001P,樺漢台新96售01  ,0,0,0,0,0,0,0,0,0,40000,0,0,0,40000,0,40000,40000
4956,光鋐            ,46000,6000,40000,0,0,0,0,0,0,0,0,0,0,0,0,0,40000
2308,台達電          ,2258600,2191743,66857,0,0,0,0,87000,-87000,60000,8000,29000,-21000,93000,12000,81000,39857
053534,微星永豐96購02  ,0,0,0,0,0,0,0,0,0,39000,0,0,0,80000,41000,39000,39000
053780,南亞科元大96購03,0,0,0,0,0,0,0,0,0,39000,0,0,0,88000,49000,39000,39000
05314P,臺股指群益95售13,0,0,0,0,0,0,0,0,0,39000,0,0,0,40000,1000,39000,39000
054326,宏達電台新97購02,0,0,0,0,0,0,0,0,0,39000,0,0,0,46000,7000,39000,39000
054282,泰鼎群益98購02  ,0,0,0,0,0,0,0,0,0,39000,0,0,0,58000,19000,39000,39000
045088,康控元大94購02  ,0,0,0,0,0,0,0,0,0,39000,0,0,0,103000,64000,39000,39000
04454P,大立光富邦98售02,0,0,0,0,0,0,0,0,0,39000,0,0,0,56000,17000,39000,39000
042784,上銀兆豐93購01  ,0,0,0,0,0,0,0,0,0,39000,0,0,0,39000,0,39000,39000
04353P,全新永豐94售01  ,0,0,0,0,0,0,0,0,0,39000,0,0,0,39000,0,39000,39000
047157,智伸科國票93購01,0,0,0,0,0,0,0,0,0,39000,0,0,0,40000,1000,39000,39000
04992P,元油2X富邦97售04,0,0,0,0,0,0,0,0,0,39000,0,0,0,39000,0,39000,39000
047669,台表科永豐93購02,0,0,0,0,0,0,0,0,0,39000,0,0,0,39000,0,39000,39000
051096,日月光元大95購01,0,0,0,0,0,0,0,0,0,39000,0,0,0,51000,12000,39000,39000
050460,GIS元大95購03   ,0,0,0,0,0,0,0,0,0,39000,0,0,0,202000,163000,39000,39000
050215,TPK台新96購01   ,0,0,0,0,0,0,0,0,0,39000,0,0,0,77000,38000,39000,39000
052243,致茂康和95購01  ,0,0,0,0,0,0,0,0,0,39000,0,0,0,42000,3000,39000,39000
052109,可成元富95購01  ,0,0,0,0,0,0,0,0,0,39000,0,0,0,39000,0,39000,39000
051845,世紀鋼富邦96購01,0,0,0,0,0,0,0,0,0,39000,0,0,0,44000,5000,39000,39000
2614,東森            ,55000,15000,40000,0,0,0,0,0,0,-1000,0,1000,-1000,0,0,0,39000
9955,佳龍            ,77000,40000,37000,0,0,0,0,0,0,2000,2000,0,2000,0,0,0,39000
06041P,全新永豐96售03  ,0,0,0,0,0,0,0,0,0,39000,0,0,0,81000,42000,39000,39000
054328,台化康和96購01  ,0,0,0,0,0,0,0,0,0,38000,0,0,0,70000,32000,38000,38000
054444,緯穎台新97購01  ,0,0,0,0,0,0,0,0,0,38000,0,0,0,38000,0,38000,38000
053998,泰鼎群益98購01  ,0,0,0,0,0,0,0,0,0,38000,0,0,0,135000,97000,38000,38000
054844,華邦電兆豐98購01,0,0,0,0,0,0,0,0,0,38000,0,0,0,80000,42000,38000,38000
052857,大成鋼凱基96購01,0,0,0,0,0,0,0,0,0,38000,0,0,0,91000,53000,38000,38000
053883,大立光中信98購02,0,0,0,0,0,0,0,0,0,38000,0,0,0,39000,1000,38000,38000
053715,美律凱基96購04  ,0,0,0,0,0,0,0,0,0,38000,0,0,0,38000,0,38000,38000
053385,聯詠元大96購02  ,0,0,0,0,0,0,0,0,0,38000,0,0,0,162000,124000,38000,38000
039319,華新科國泰92購01,0,0,0,0,0,0,0,0,0,38000,0,0,0,38000,0,38000,38000
043269,GIS麥證92購01   ,0,0,0,38000,0,38000,0,0,0,38000,0,0,0,38000,0,38000,38000
044071,聯發科永豐91購01,0,0,0,0,0,0,0,0,0,38000,0,0,0,50000,12000,38000,38000
044054,台積電元大92購08,0,0,0,0,0,0,0,0,0,38000,0,0,0,38000,0,38000,38000
045749,智邦富邦93購01  ,0,0,0,0,0,0,0,0,0,38000,0,0,0,109000,71000,38000,38000
045775,可成元大92購06  ,0,0,0,0,0,0,0,0,0,38000,0,0,0,38000,0,38000,38000
045221,美律元大92購07  ,0,0,0,0,0,0,0,0,0,38000,0,0,0,38000,0,38000,38000
045633,南亞科凱基92購02,0,0,0,0,0,0,0,0,0,38000,0,0,0,38000,0,38000,38000
049949,燿華群益96購01  ,0,0,0,0,0,0,0,0,0,38000,0,0,0,125000,87000,38000,38000
047840,新日興元大93購03,0,0,0,0,0,0,0,0,0,38000,0,0,0,138000,100000,38000,38000
046618,南亞科凱基93購01,0,0,0,0,0,0,0,0,0,38000,0,0,0,102000,64000,38000,38000
048793,超眾元大95購02  ,0,0,0,0,0,0,0,0,0,38000,0,0,0,39000,1000,38000,38000
048768,景碩凱基94購02  ,0,0,0,0,0,0,0,0,0,38000,0,0,0,50000,12000,38000,38000
04728P,美律亞東94售02  ,0,0,0,0,0,0,0,0,0,38000,0,0,0,38000,0,38000,38000
051871,同欣電凱基95購02,0,0,0,0,0,0,0,0,0,38000,0,0,0,87000,49000,38000,38000
050548,華固凱基95購01  ,0,0,0,0,0,0,0,0,0,38000,0,0,0,38000,0,38000,38000
051099,台郡元大95購03  ,0,0,0,0,0,0,0,0,0,38000,0,0,0,108000,70000,38000,38000
051222,世紀鋼元富95購01,0,0,0,0,0,0,0,0,0,38000,0,0,0,68000,30000,38000,38000
050778,瑞儀元大96購01  ,0,0,0,0,0,0,0,0,0,38000,0,0,0,139000,101000,38000,38000
050923,南亞科凱基95購03,0,0,0,0,0,0,0,0,0,38000,0,0,0,48000,10000,38000,38000
06129P,玉晶光元富97售06,0,0,0,0,0,0,0,0,0,38000,0,0,0,99000,61000,38000,38000
1447,力鵬            ,62000,24000,38000,0,0,0,0,0,0,0,0,0,0,0,0,0,38000
055200,和大群益98購01  ,0,0,0,0,0,0,0,0,0,38000,0,0,0,148000,110000,38000,38000
2913,農林            ,126000,74000,52000,0,0,0,0,0,0,-14000,0,0,0,0,14000,-14000,38000
3515,華擎            ,191000,159000,32000,0,0,0,0,0,0,6000,4000,0,4000,3000,1000,2000,38000
4976,佳凌            ,49000,11000,38000,0,0,0,0,0,0,0,0,0,0,0,0,0,38000
05452P,亞德客群益95售02,0,0,0,0,0,0,0,0,0,37000,0,0,0,57000,20000,37000,37000
054063,聯茂國票97購02  ,0,0,0,0,0,0,0,0,0,37000,0,0,0,50000,13000,37000,37000
053964,上銀元大96購05  ,0,0,0,0,0,0,0,0,0,37000,0,0,0,75000,38000,37000,37000
054312,TPK凱基98購01   ,0,0,0,0,0,0,0,0,0,37000,0,0,0,37000,0,37000,37000
049056,玉晶光永豐95購03,0,0,0,0,0,0,0,0,0,37000,0,0,0,69000,32000,37000,37000
046162,致新群益92購01  ,0,0,0,0,0,0,0,0,0,37000,0,0,0,60000,23000,37000,37000
042997,新光鋼元大94購01,0,0,0,0,0,0,0,0,0,37000,0,0,0,509000,472000,37000,37000
020008,元大特股高息N   ,0,0,0,0,0,0,0,0,0,37000,0,0,0,45000,8000,37000,37000
00866,新光Shiller CAPE,0,0,0,0,0,0,0,0,0,37000,0,0,0,55000,18000,37000,37000
047295,欣興元富96購02  ,0,0,0,0,0,0,0,0,0,37000,0,0,0,107000,70000,37000,37000
046989,可成凱基93購03  ,0,0,0,0,0,0,0,0,0,37000,0,0,0,37000,0,37000,37000
047850,彩晶統一94購01  ,0,0,0,0,0,0,0,0,0,37000,0,0,0,37000,0,37000,37000
047183,台光電元大93購05,0,0,0,0,0,0,0,0,0,37000,0,0,0,37000,0,37000,37000
048657,大成鋼統一93購04,0,0,0,0,0,0,0,0,0,37000,0,0,0,205000,168000,37000,37000
046757,漢唐凱基93購02  ,0,0,0,0,0,0,0,0,0,37000,0,0,0,52000,15000,37000,37000
050961,美律永豐95購01  ,0,0,0,0,0,0,0,0,0,37000,0,0,0,37000,0,37000,37000
050968,超眾永豐95購01  ,0,0,0,0,0,0,0,0,0,37000,0,0,0,41000,4000,37000,37000
050813,旺宏凱基96購01  ,0,0,0,0,0,0,0,0,0,37000,0,0,0,44000,7000,37000,37000
051094,健策元大96購03  ,0,0,0,0,0,0,0,0,0,37000,0,0,0,51000,14000,37000,37000
05172P,臺股指元大95售16,0,0,0,0,0,0,0,0,0,37000,0,0,0,37000,0,37000,37000
052524,新光金元大9B購01,0,0,0,0,0,0,0,0,0,37000,0,0,0,66000,29000,37000,37000
1711,永光            ,62000,25000,37000,0,0,0,0,0,0,0,0,0,0,0,0,0,37000
053759,晶相光國泰98購01,0,0,0,0,0,0,0,0,0,36000,0,0,0,74000,38000,36000,36000
052901,台達電國票97購01,0,0,0,0,0,0,0,0,0,36000,0,0,0,200000,164000,36000,36000
052719,致新凱基96購01  ,0,0,0,0,0,0,0,0,0,36000,0,0,0,64000,28000,36000,36000
043954,京元電統一91購02,0,0,0,0,0,0,0,0,0,36000,0,0,0,41000,5000,36000,36000
04207P,臺股指元大93售47,0,0,0,0,0,0,0,0,0,36000,0,0,0,100000,64000,36000,36000
046085,儒鴻麥證92購01  ,0,0,0,76000,40000,36000,0,0,0,36000,0,0,0,76000,40000,36000,36000
045215,鴻海元大92購05  ,0,0,0,0,0,0,0,0,0,36000,0,0,0,36000,0,36000,36000
045085,新日興元大92購01,0,0,0,0,0,0,0,0,0,36000,0,0,0,36000,0,36000,36000
045439,A50正2元富92購01,0,0,0,0,0,0,0,0,0,36000,0,0,0,36000,0,36000,36000
046821,奇鋐凱基93購02  ,0,0,0,0,0,0,0,0,0,36000,0,0,0,97000,61000,36000,36000
048493,微星元大93購04  ,0,0,0,0,0,0,0,0,0,36000,0,0,0,136000,100000,36000,36000
048501,GIS元大94購02   ,0,0,0,0,0,0,0,0,0,36000,0,0,0,50000,14000,36000,36000
047103,台苯元大93購01  ,0,0,0,0,0,0,0,0,0,36000,0,0,0,36000,0,36000,36000
046933,台泥元富93購01  ,0,0,0,0,0,0,0,0,0,36000,0,0,0,76000,40000,36000,36000
047388,京元電元大95購01,0,0,0,0,0,0,0,0,0,36000,0,0,0,50000,14000,36000,36000
051833,昇陽半元大96購01,0,0,0,0,0,0,0,0,0,36000,0,0,0,141000,105000,36000,36000
051352,南亞科元大95購02,0,0,0,0,0,0,0,0,0,36000,0,0,0,101000,65000,36000,36000
051262,A50富邦96購01   ,0,0,0,0,0,0,0,0,0,36000,0,0,0,36000,0,36000,36000
050201,光磊群益94購01  ,0,0,0,0,0,0,0,0,0,36000,0,0,0,133000,97000,36000,36000
050115,群創元大96購01  ,0,0,0,0,0,0,0,0,0,36000,0,0,0,164000,128000,36000,36000
1604,聲寶            ,126000,90000,36000,0,0,0,0,0,0,0,0,0,0,0,0,0,36000
2405,浩鑫            ,79000,43000,36000,0,0,0,0,0,0,0,0,0,0,0,0,0,36000
053062,緯穎富邦97購01  ,0,0,0,0,0,0,0,0,0,35000,0,0,0,35000,0,35000,35000
053028,康控富邦98購01  ,0,0,0,0,0,0,0,0,0,35000,0,0,0,35000,0,35000,35000
053600,同欣電元大96購04,0,0,0,0,0,0,0,0,0,35000,0,0,0,263000,228000,35000,35000
053545,上銀凱基96購03  ,0,0,0,0,0,0,0,0,0,35000,0,0,0,35000,0,35000,35000
054147,GIS元大96購02   ,0,0,0,0,0,0,0,0,0,35000,0,0,0,100000,65000,35000,35000
054078,鴻海中信98購01  ,0,0,0,0,0,0,0,0,0,35000,0,0,0,40000,5000,35000,35000
055070,聯茂永豐97購01  ,0,0,0,0,0,0,0,0,0,35000,0,0,0,244000,209000,35000,35000
044987,宏達電統一94購01,0,0,0,0,0,0,0,0,0,35000,0,0,0,85000,50000,35000,35000
046180,裕隆凱基93購01  ,0,0,0,0,0,0,0,0,0,35000,0,0,0,40000,5000,35000,35000
046319,新日興元大92購03,0,0,0,0,0,0,0,0,0,35000,0,0,0,302000,267000,35000,35000
049022,聯詠群益94購01  ,0,0,0,0,0,0,0,0,0,35000,0,0,0,40000,5000,35000,35000
044916,美律永豐91購03  ,0,0,0,0,0,0,0,0,0,35000,0,0,0,85000,50000,35000,35000
044947,新光金群益92購01,0,0,0,0,0,0,0,0,0,35000,0,0,0,35000,0,35000,35000
043394,易華電元大94購01,0,0,0,0,0,0,0,0,0,35000,0,0,0,35000,0,35000,35000
047390,富邦金元大93購01,0,0,0,0,0,0,0,0,0,35000,0,0,0,150000,115000,35000,35000
047814,宏達電凱基93購02,0,0,0,0,0,0,0,0,0,35000,0,0,0,50000,15000,35000,35000
047161,世紀鋼國票94購01,0,0,0,0,0,0,0,0,0,35000,0,0,0,35000,0,35000,35000
048268,長榮航中信95購01,0,0,0,0,0,0,0,0,0,35000,0,0,0,65000,30000,35000,35000
048598,瑞昱國票93購03  ,0,0,0,0,0,0,0,0,0,35000,0,0,0,54000,19000,35000,35000
050014,國巨富邦98購01  ,0,0,0,0,0,0,0,0,0,35000,0,0,0,45000,10000,35000,35000
050461,GIS元大95購04   ,0,0,0,0,0,0,0,0,0,35000,0,0,0,50000,15000,35000,35000
050276,百和元大94購03  ,0,0,0,0,0,0,0,0,0,35000,0,0,0,362000,327000,35000,35000
050359,T50反1元大94購05,0,0,0,0,0,0,0,0,0,35000,0,0,0,35000,0,35000,35000
050374,上緯控元大95購01,0,0,0,0,0,0,0,0,0,35000,0,0,0,67000,32000,35000,35000
05064P,台積電元大95售10,0,0,0,0,0,0,0,0,0,35000,0,0,0,35000,0,35000,35000
051440,鴻海元大95購12  ,0,0,0,0,0,0,0,0,0,35000,0,0,0,175000,140000,35000,35000
051491,貿聯凱基95購01  ,0,0,0,0,0,0,0,0,0,35000,0,0,0,50000,15000,35000,35000
052028,健策群益95購02  ,0,0,0,0,0,0,0,0,0,35000,0,0,0,51000,16000,35000,35000
052226,旺宏凱基95購06  ,0,0,0,0,0,0,0,0,0,35000,0,0,0,44000,9000,35000,35000
052317,台積電元大96購11,0,0,0,0,0,0,0,0,0,35000,0,0,0,41000,6000,35000,35000
06172P,台虹永豐97售02  ,0,0,0,0,0,0,0,0,0,35000,0,0,0,70000,35000,35000,35000
055124,建準兆豐97購01  ,0,0,0,0,0,0,0,0,0,35000,0,0,0,46000,11000,35000,35000
05490P,鴻海元大95售23  ,0,0,0,0,0,0,0,0,0,34000,0,0,0,54000,20000,34000,34000
054350,美律國泰98購01  ,0,0,0,0,0,0,0,0,0,34000,0,0,0,106000,72000,34000,34000
04333P,儒鴻凱基93售06  ,0,0,0,0,0,0,0,0,0,34000,0,0,0,34000,0,34000,34000
042068,台灣50富邦93購02,0,0,0,0,0,0,0,0,0,34000,0,0,0,34000,0,34000,34000
048977,晶相光元大94購01,0,0,0,0,0,0,0,0,0,34000,0,0,0,60000,26000,34000,34000
046832,嘉晶群益93購01  ,0,0,0,0,0,0,0,0,0,34000,0,0,0,44000,10000,34000,34000
049718,南亞科凱基94購04,0,0,0,0,0,0,0,0,0,34000,0,0,0,34000,0,34000,34000
04972P,緯穎元富94售03  ,0,0,0,0,0,0,0,0,0,34000,0,0,0,34000,0,34000,34000
049497,茂林元大94購04  ,0,0,0,0,0,0,0,0,0,34000,0,0,0,34000,0,34000,34000
046715,美律國泰94購01  ,0,0,0,0,0,0,0,0,0,34000,0,0,0,34000,0,34000,34000
047135,可成凱基93購05  ,0,0,0,0,0,0,0,0,0,34000,0,0,0,34000,0,34000,34000
046670,彩晶元大93購02  ,0,0,0,0,0,0,0,0,0,34000,0,0,0,34000,0,34000,34000
047007,大立光統一93購05,0,0,0,0,0,0,0,0,0,34000,0,0,0,45000,11000,34000,34000
047026,大毅元大93購02  ,0,0,0,0,0,0,0,0,0,34000,0,0,0,55000,21000,34000,34000
052321,華擎元大95購01  ,0,0,0,0,0,0,0,0,0,34000,0,0,0,40000,6000,34000,34000
052491,泰碩國票99購01  ,0,0,0,0,0,0,0,0,0,34000,0,0,0,34000,0,34000,34000
050817,可成凱基95購01  ,0,0,0,0,0,0,0,0,0,34000,0,0,0,144000,110000,34000,34000
050933,南亞國票95購01  ,0,0,0,0,0,0,0,0,0,34000,0,0,0,53000,19000,34000,34000
050902,南電元大96購01  ,0,0,0,0,0,0,0,0,0,34000,0,0,0,239000,205000,34000,34000
1712,興農            ,67000,33000,34000,0,0,0,0,0,0,0,0,0,0,0,0,0,34000
3004,豐達科          ,37000,3000,34000,0,0,0,0,0,0,0,0,0,0,0,0,0,34000
8404,百和興業-KY     ,44000,10000,34000,0,0,0,0,0,0,0,0,0,0,0,0,0,34000
053862,南亞科元大97購02,0,0,0,0,0,0,0,0,0,33000,0,0,0,62000,29000,33000,33000
053138,華邦電富邦96購01,0,0,0,0,0,0,0,0,0,33000,0,0,0,36000,3000,33000,33000
052979,上銀元大96購02  ,0,0,0,0,0,0,0,0,0,33000,0,0,0,167000,134000,33000,33000
048871,晶豪科國票94購01,0,0,0,0,0,0,0,0,0,33000,0,0,0,770000,737000,33000,33000
035277,景碩台新97購01  ,0,0,0,0,0,0,0,0,0,33000,0,0,0,52000,19000,33000,33000
046731,嘉聯益元大93購03,0,0,0,0,0,0,0,0,0,33000,0,0,0,33000,0,33000,33000
046930,亞光統一93購01  ,0,0,0,0,0,0,0,0,0,33000,0,0,0,50000,17000,33000,33000
046804,群創元大94購01  ,0,0,0,0,0,0,0,0,0,33000,0,0,0,39000,6000,33000,33000
048504,A50正2中信95購01,0,0,0,0,0,0,0,0,0,33000,0,0,0,63000,30000,33000,33000
047691,群創第一93購01  ,0,0,0,0,0,0,0,0,0,33000,0,0,0,33000,0,33000,33000
052541,大立光統一95購06,0,0,0,0,0,0,0,0,0,33000,0,0,0,46000,13000,33000,33000
052051,京鼎凱基95購01  ,0,0,0,0,0,0,0,0,0,33000,0,0,0,43000,10000,33000,33000
05987P,健策統一96售02  ,0,0,0,0,0,0,0,0,0,33000,0,0,0,53000,20000,33000,33000
05677P,玉晶光群益98售03,0,0,0,0,0,0,0,0,0,33000,0,0,0,138000,105000,33000,33000
052994,群創台新99購01  ,0,0,0,0,0,0,0,0,0,32000,0,0,0,144000,112000,32000,32000
053083,中環元大99購01  ,0,0,0,0,0,0,0,0,0,32000,0,0,0,32000,0,32000,32000
053785,聯詠元大96購05  ,0,0,0,0,0,0,0,0,0,32000,0,0,0,83000,51000,32000,32000
053421,南亞科永豐96購01,0,0,0,0,0,0,0,0,0,32000,0,0,0,53000,21000,32000,32000
053335,易華電永豐96購01,0,0,0,0,0,0,0,0,0,32000,0,0,0,32000,0,32000,32000
054094,創意群益96購02  ,0,0,0,0,0,0,0,0,0,32000,0,0,0,37000,5000,32000,32000
054176,亞光台新96購01  ,0,0,0,0,0,0,0,0,0,32000,0,0,0,50000,18000,32000,32000
054639,台新金中信99購01,0,0,0,0,0,0,0,0,0,32000,0,0,0,32000,0,32000,32000
045230,嘉聯益元大93購01,0,0,0,0,0,0,0,0,0,32000,0,0,0,32000,0,32000,32000
044525,台郡凱基91購03  ,0,0,0,0,0,0,0,0,0,32000,0,0,0,32000,0,32000,32000
047505,元金2X國票9B購01,0,0,0,0,0,0,0,0,0,32000,0,0,0,80000,48000,32000,32000
049705,緯穎元大94購05  ,0,0,0,0,0,0,0,0,0,32000,0,0,0,56000,24000,32000,32000
047121,訊芯元大93購03  ,0,0,0,0,0,0,0,0,0,32000,0,0,0,43000,11000,32000,32000
049434,茂林國票95購01  ,0,0,0,0,0,0,0,0,0,32000,0,0,0,221000,189000,32000,32000
052094,瀚宇博元大96購02,0,0,0,0,0,0,0,0,0,32000,0,0,0,107000,75000,32000,32000
052354,健策群益96購02  ,0,0,0,0,0,0,0,0,0,32000,0,0,0,58000,26000,32000,32000
051257,光寶科國泰96購01,0,0,0,0,0,0,0,0,0,32000,0,0,0,32000,0,32000,32000
050441,和碩凱基94購01  ,0,0,0,0,0,0,0,0,0,32000,0,0,0,35000,3000,32000,32000
05030P,台積電元富95售04,0,0,0,0,0,0,0,0,0,32000,0,0,0,32000,0,32000,32000
050056,國巨凱基94購04  ,0,0,0,0,0,0,0,0,0,32000,0,0,0,100000,68000,32000,32000
050101,台積電永昌96購03,0,0,0,0,0,0,0,0,0,32000,0,0,0,103000,71000,32000,32000
055419,國巨永豐97購03  ,0,0,0,0,0,0,0,0,0,32000,0,0,0,32000,0,32000,32000
2103,台橡            ,115000,84000,31000,0,0,0,0,0,0,1000,2000,1000,1000,0,0,0,32000
054847,創意兆豐97購01  ,0,0,0,0,0,0,0,0,0,31000,0,0,0,46000,15000,31000,31000
054155,美律第一96購01  ,0,0,0,0,0,0,0,0,0,31000,0,0,0,110000,79000,31000,31000
054213,欣興國票97購04  ,0,0,0,0,0,0,0,0,0,31000,0,0,0,31000,0,31000,31000
053340,建準國票97購01  ,0,0,0,0,0,0,0,0,0,31000,0,0,0,31000,0,31000,31000
053565,台光電富邦98購01,0,0,0,0,0,0,0,0,0,31000,0,0,0,31000,0,31000,31000
053470,華邦電元大96購02,0,0,0,0,0,0,0,0,0,31000,0,0,0,271000,240000,31000,31000
053798,台積電中信98購02,0,0,0,0,0,0,0,0,0,31000,0,0,0,31000,0,31000,31000
053834,卜蜂永豐96購01  ,0,0,0,0,0,0,0,0,0,31000,0,0,0,31000,0,31000,31000
052846,智邦統一97購01  ,0,0,0,0,0,0,0,0,0,31000,0,0,0,123000,92000,31000,31000
04591P,上銀元大94售01  ,0,0,0,0,0,0,0,0,0,31000,0,0,0,51000,20000,31000,31000
046055,欣興群益92購02  ,0,0,0,0,0,0,0,0,0,31000,0,0,0,124000,93000,31000,31000
046196,欣興凱基92購04  ,0,0,0,0,0,0,0,0,0,31000,0,0,0,39000,8000,31000,31000
04401P,玉晶光兆豐94售01,0,0,0,0,0,0,0,0,0,31000,0,0,0,31000,0,31000,31000
04576P,上海銀統一94售04,0,0,0,0,0,0,0,0,0,31000,0,0,0,31000,0,31000,31000
047266,嘉聯益國票94購02,0,0,0,0,0,0,0,0,0,31000,0,0,0,31000,0,31000,31000
047438,台光電元大93購06,0,0,0,0,0,0,0,0,0,31000,0,0,0,127000,96000,31000,31000
049800,瑞昱元大94購05  ,0,0,0,0,0,0,0,0,0,31000,0,0,0,112000,81000,31000,31000
046853,友達元大93購03  ,0,0,0,0,0,0,0,0,0,31000,0,0,0,41000,10000,31000,31000
050277,上銀亞東94購01  ,0,0,0,0,0,0,0,0,0,31000,0,0,0,31000,0,31000,31000
050444,卜蜂元大94購03  ,0,0,0,0,0,0,0,0,0,31000,0,0,0,56000,25000,31000,31000
051312,國泰金麥證95購01,0,0,0,61000,30000,31000,0,0,0,31000,0,0,0,61000,30000,31000,31000
052061,樺漢國票96購01  ,0,0,0,0,0,0,0,0,0,31000,0,0,0,62000,31000,31000,31000
052170,台積電元大95購20,0,0,0,0,0,0,0,0,0,31000,0,0,0,41000,10000,31000,31000
05692P,聯發科中信9A售02,0,0,0,0,0,0,0,0,0,31000,0,0,0,56000,25000,31000,31000
052791,友達兆豐97購01  ,0,0,0,0,0,0,0,0,0,30000,0,0,0,90000,60000,30000,30000
053252,華邦電國泰98購01,0,0,0,0,0,0,0,0,0,30000,0,0,0,44000,14000,30000,30000
053905,華新科凱基96購10,0,0,0,0,0,0,0,0,0,30000,0,0,0,41000,11000,30000,30000
053654,聯發科凱基98購01,0,0,0,0,0,0,0,0,0,30000,0,0,0,145000,115000,30000,30000
053571,奇鋐統一96購02  ,0,0,0,0,0,0,0,0,0,30000,0,0,0,30000,0,30000,30000
053300,大成鋼凱基96購02,0,0,0,0,0,0,0,0,0,30000,0,0,0,55000,25000,30000,30000
054164,強茂凱基98購01  ,0,0,0,0,0,0,0,0,0,30000,0,0,0,30000,0,30000,30000
054154,智易國泰97購01  ,0,0,0,0,0,0,0,0,0,30000,0,0,0,60000,30000,30000,30000
053972,華新科元大96購06,0,0,0,0,0,0,0,0,0,30000,0,0,0,36000,6000,30000,30000
054027,欣興凱基96購04  ,0,0,0,0,0,0,0,0,0,30000,0,0,0,33000,3000,30000,30000
05481P,鴻海凱基95售21  ,0,0,0,0,0,0,0,0,0,30000,0,0,0,30000,0,30000,30000
054994,建準元富97購01  ,0,0,0,0,0,0,0,0,0,30000,0,0,0,30000,0,30000,30000
054752,易華電凱基97購02,0,0,0,0,0,0,0,0,0,30000,0,0,0,40000,10000,30000,30000
054764,亞光國票98購01  ,0,0,0,0,0,0,0,0,0,30000,0,0,0,30000,0,30000,30000
054742,京鼎凱基99購01  ,0,0,0,0,0,0,0,0,0,30000,0,0,0,30000,0,30000,30000
046081,康舒凱基92購01  ,0,0,0,0,0,0,0,0,0,30000,0,0,0,93000,63000,30000,30000
044230,台表科群益91購03,0,0,0,0,0,0,0,0,0,30000,0,0,0,30000,0,30000,30000
043396,世紀鋼元大93購01,0,0,0,0,0,0,0,0,0,30000,0,0,0,30000,0,30000,30000
042734,大立光兆豐92購02,0,0,0,0,0,0,0,0,0,30000,0,0,0,30000,0,30000,30000
04278P,大立光凱基93售38,0,0,0,0,0,0,0,0,0,30000,0,0,0,30000,0,30000,30000
035274,華新台新97購01  ,0,0,0,0,0,0,0,0,0,30000,0,0,0,30000,0,30000,30000
043910,聯發科凱基91購09,0,0,0,0,0,0,0,0,0,30000,0,0,0,30000,0,30000,30000
043892,矽創元大92購01  ,0,0,0,0,0,0,0,0,0,30000,0,0,0,30000,0,30000,30000
03969P,華新科國票94售01,0,0,0,0,0,0,0,0,0,30000,0,0,0,50000,20000,30000,30000
03267P,台灣50元大02售06,0,0,0,0,0,0,0,0,0,30000,0,0,0,160000,130000,30000,30000
046264,美律凱基93購05  ,0,0,0,0,0,0,0,0,0,30000,0,0,0,58000,28000,30000,30000
045247,遠東新凱基92購01,0,0,0,0,0,0,0,0,0,30000,0,0,0,40000,10000,30000,30000
045260,可成凱基92購04  ,0,0,0,0,0,0,0,0,0,30000,0,0,0,30000,0,30000,30000
045986,南亞科永昌93購01,0,0,0,0,0,0,0,0,0,30000,0,0,0,63000,33000,30000,30000
048983,牧德元大95購01  ,0,0,0,0,0,0,0,0,0,30000,0,0,0,33000,3000,30000,30000
049037,可成兆豐94購01  ,0,0,0,0,0,0,0,0,0,30000,0,0,0,30000,0,30000,30000
049115,創意統一94購03  ,0,0,0,0,0,0,0,0,0,30000,0,0,0,70000,40000,30000,30000
045926,康控康和92購01  ,0,0,0,0,0,0,0,0,0,30000,0,0,0,40000,10000,30000,30000
045908,矽創中信92購01  ,0,0,0,0,0,0,0,0,0,30000,0,0,0,30000,0,30000,30000
045465,冠德元大92購01  ,0,0,0,0,0,0,0,0,0,30000,0,0,0,30000,0,30000,30000
04473P,國巨元大94售03  ,0,0,0,0,0,0,0,0,0,30000,0,0,0,30000,0,30000,30000
044722,滬深2X永豐93購01,0,0,0,0,0,0,0,0,0,30000,0,0,0,30000,0,30000,30000
045784,晶睿元大92購02  ,0,0,0,0,0,0,0,0,0,30000,0,0,0,30000,0,30000,30000
045882,滬深2X元大95購01,0,0,0,0,0,0,0,0,0,30000,0,0,0,60000,30000,30000,30000
045083,智原元大92購01  ,0,0,0,0,0,0,0,0,0,30000,0,0,0,30000,0,30000,30000
046845,燿華永豐93購01  ,0,0,0,0,0,0,0,0,0,30000,0,0,0,40000,10000,30000,30000
046905,新光金凱基99購01,0,0,0,0,0,0,0,0,0,30000,0,0,0,30000,0,30000,30000
047629,深中小元大96購01,0,0,0,0,0,0,0,0,0,30000,0,0,0,30000,0,30000,30000
048370,可成統一93購04  ,0,0,0,0,0,0,0,0,0,30000,0,0,0,130000,100000,30000,30000
049519,新光金國票95購03,0,0,0,0,0,0,0,0,0,30000,0,0,0,50000,20000,30000,30000
049598,超眾元大95購03  ,0,0,0,0,0,0,0,0,0,30000,0,0,0,151000,121000,30000,30000
049846,台泥群益94購01  ,0,0,0,0,0,0,0,0,0,30000,0,0,0,51000,21000,30000,30000
04750P,臺股指元大94售26,0,0,0,0,0,0,0,0,0,30000,0,0,0,30000,0,30000,30000
046803,可成元大93購03  ,0,0,0,0,0,0,0,0,0,30000,0,0,0,30000,0,30000,30000
048645,創意元大94購02  ,0,0,0,0,0,0,0,0,0,30000,0,0,0,72000,42000,30000,30000
046960,台新金中信95購01,0,0,0,0,0,0,0,0,0,30000,0,0,0,30000,0,30000,30000
046979,台泥兆豐93購01  ,0,0,0,0,0,0,0,0,0,30000,0,0,0,40000,10000,30000,30000
047806,旺宏凱基93購05  ,0,0,0,0,0,0,0,0,0,30000,0,0,0,80000,50000,30000,30000
046707,友達康和93購01  ,0,0,0,0,0,0,0,0,0,30000,0,0,0,30000,0,30000,30000
046486,樺漢國泰94購01  ,0,0,0,0,0,0,0,0,0,30000,0,0,0,172000,142000,30000,30000
046467,台虹凱基92購02  ,0,0,0,0,0,0,0,0,0,30000,0,0,0,90000,60000,30000,30000
04877P,聯發科麥證94售04,0,0,0,40000,10000,30000,0,0,0,30000,0,0,0,40000,10000,30000,30000
052104,英業達兆豐96購01,0,0,0,0,0,0,0,0,0,30000,0,0,0,30000,0,30000,30000
052285,康控凱基95購02  ,0,0,0,0,0,0,0,0,0,30000,0,0,0,61000,31000,30000,30000
05149P,緯穎國泰96售01  ,0,0,0,0,0,0,0,0,0,30000,0,0,0,30000,0,30000,30000
05152P,玉晶光群益96售05,0,0,0,0,0,0,0,0,0,30000,0,0,0,30000,0,30000,30000
051552,牧德永豐95購03  ,0,0,0,0,0,0,0,0,0,30000,0,0,0,86000,56000,30000,30000
051539,瀚宇博國票97購01,0,0,0,0,0,0,0,0,0,30000,0,0,0,90000,60000,30000,30000
051825,中環元大95購01  ,0,0,0,0,0,0,0,0,0,30000,0,0,0,30000,0,30000,30000
051781,緯穎群益96購01  ,0,0,0,0,0,0,0,0,0,30000,0,0,0,90000,60000,30000,30000
051701,華通群益97購01  ,0,0,0,0,0,0,0,0,0,30000,0,0,0,30000,0,30000,30000
051863,技嘉凱基95購01  ,0,0,0,0,0,0,0,0,0,30000,0,0,0,30000,0,30000,30000
051949,鴻海元富95購08  ,0,0,0,0,0,0,0,0,0,30000,0,0,0,30000,0,30000,30000
051270,百和富邦95購01  ,0,0,0,0,0,0,0,0,0,30000,0,0,0,30000,0,30000,30000
051194,大立光中信96購02,0,0,0,0,0,0,0,0,0,30000,0,0,0,40000,10000,30000,30000
051136,可成永豐95購02  ,0,0,0,0,0,0,0,0,0,30000,0,0,0,30000,0,30000,30000
050919,台積電凱基95購03,0,0,0,0,0,0,0,0,0,30000,0,0,0,38000,8000,30000,30000
050927,聯詠凱基95購01  ,0,0,0,0,0,0,0,0,0,30000,0,0,0,43000,13000,30000,30000
050897,嘉晶元大95購03  ,0,0,0,0,0,0,0,0,0,30000,0,0,0,46000,16000,30000,30000
050736,台積電康和94購01,0,0,0,0,0,0,0,0,0,30000,0,0,0,30000,0,30000,30000
050404,元大金麥證94購01,1000,0,1000,40000,11000,29000,0,0,0,29000,0,0,0,40000,11000,29000,30000
050405,新光金麥證94購01,0,0,0,30000,0,30000,0,0,0,30000,0,0,0,30000,0,30000,30000
050038,金融類元大94購04,0,0,0,0,0,0,0,0,0,30000,0,0,0,30000,0,30000,30000
050123,群臺反凱基96購01,0,0,0,0,0,0,0,0,0,30000,0,0,0,30000,0,30000,30000
05021P,瑞昱凱基95售01  ,0,0,0,0,0,0,0,0,0,30000,0,0,0,30000,0,30000,30000
05600P,玉晶光台新96售04,0,0,0,0,0,0,0,0,0,30000,0,0,0,30000,0,30000,30000
05612P,台積電元大96售13,0,0,0,0,0,0,0,0,0,30000,0,0,0,30000,0,30000,30000
1338,廣華-KY         ,63000,32000,31000,0,0,0,0,0,0,-1000,0,1000,-1000,0,0,0,30000
05803P,臺股指兆豐96售03,0,0,0,0,0,0,0,0,0,30000,0,0,0,30000,0,30000,30000
2608,嘉里大榮        ,41000,11000,30000,0,0,0,0,0,0,0,0,0,0,0,0,0,30000
2477,美隆電          ,34000,4000,30000,0,0,0,0,0,0,0,0,0,0,0,0,0,30000
054765,亞光國票98購02  ,0,0,0,0,0,0,0,0,0,29000,0,0,0,40000,11000,29000,29000
054310,牧德凱基98購01  ,0,0,0,0,0,0,0,0,0,29000,0,0,0,86000,57000,29000,29000
054315,訊芯凱基98購01  ,0,0,0,0,0,0,0,0,0,29000,0,0,0,234000,205000,29000,29000
053509,華新群益98購01  ,0,0,0,0,0,0,0,0,0,29000,0,0,0,30000,1000,29000,29000
053898,康友群益97購01  ,0,0,0,0,0,0,0,0,0,29000,0,0,0,57000,28000,29000,29000
052778,智原國票97購01  ,0,0,0,0,0,0,0,0,0,29000,0,0,0,47000,18000,29000,29000
052877,矽創凱基96購01  ,0,0,0,0,0,0,0,0,0,29000,0,0,0,199000,170000,29000,29000
049242,佳世達元富96購01,0,0,0,0,0,0,0,0,0,29000,0,0,0,47000,18000,29000,29000
047311,台積電元大93購19,0,0,0,0,0,0,0,0,0,29000,0,0,0,29000,0,29000,29000
046666,欣興元大93購05  ,0,0,0,0,0,0,0,0,0,29000,0,0,0,130000,101000,29000,29000
047166,台達電康和93購01,0,0,0,0,0,0,0,0,0,29000,0,0,0,30000,1000,29000,29000
048656,大立光元富93購05,0,0,0,0,0,0,0,0,0,29000,0,0,0,32000,3000,29000,29000
046755,瑞昱凱基93購05  ,0,0,0,0,0,0,0,0,0,29000,0,0,0,46000,17000,29000,29000
050207,百和群益95購01  ,0,0,0,0,0,0,0,0,0,29000,0,0,0,376000,347000,29000,29000
05035P,聯發科元大95售06,0,0,0,0,0,0,0,0,0,29000,0,0,0,1575000,1546000,29000,29000
05077P,智易群益95售02  ,0,0,0,0,0,0,0,0,0,29000,0,0,0,31000,2000,29000,29000
050815,南亞科凱基95購01,0,0,0,0,0,0,0,0,0,29000,0,0,0,29000,0,29000,29000
051026,健策統一96購01  ,0,0,0,0,0,0,0,0,0,29000,0,0,0,31000,2000,29000,29000
051436,訊芯元富95購01  ,0,0,0,0,0,0,0,0,0,29000,0,0,0,29000,0,29000,29000
052288,敦南統一95購01  ,0,0,0,0,0,0,0,0,0,29000,0,0,0,29000,0,29000,29000
052042,台積電日盛95購02,0,0,0,0,0,0,0,0,0,29000,0,0,0,29000,0,29000,29000
6142,友勁            ,1000,0,1000,0,0,0,0,0,0,28000,28000,0,28000,0,0,0,29000
05796P,臺股指群益96售10,0,0,0,0,0,0,0,0,0,29000,0,0,0,29000,0,29000,29000
05639P,欣興統一97售01  ,0,0,0,0,0,0,0,0,0,29000,0,0,0,34000,5000,29000,29000
05593P,鴻海國票97售03  ,0,0,0,0,0,0,0,0,0,29000,0,0,0,29000,0,29000,29000
053232,友達永豐97購02  ,0,0,0,0,0,0,0,0,0,28000,0,0,0,170000,142000,28000,28000
053221,彩晶凱基98購01  ,0,0,0,0,0,0,0,0,0,28000,0,0,0,61000,33000,28000,28000
053039,聯發科凱基96購11,0,0,0,0,0,0,0,0,0,28000,0,0,0,96000,68000,28000,28000
053903,燿華凱基97購01  ,0,0,0,0,0,0,0,0,0,28000,0,0,0,38000,10000,28000,28000
053911,臺股指凱基96購31,0,0,0,0,0,0,0,0,0,28000,0,0,0,40000,12000,28000,28000
053863,聯發科元大96購18,0,0,0,0,0,0,0,0,0,28000,0,0,0,645000,617000,28000,28000
053735,矽力中信97購01  ,0,0,0,0,0,0,0,0,0,28000,0,0,0,187000,159000,28000,28000
054357,可成兆豐97購02  ,0,0,0,0,0,0,0,0,0,28000,0,0,0,28000,0,28000,28000
054430,上銀台新96購02  ,0,0,0,0,0,0,0,0,0,28000,0,0,0,28000,0,28000,28000
054071,泰鼎國泰97購02  ,0,0,0,0,0,0,0,0,0,28000,0,0,0,164000,136000,28000,28000
054540,泰鼎國票99購01  ,0,0,0,0,0,0,0,0,0,28000,0,0,0,43000,15000,28000,28000
045257,燿華凱基92購02  ,0,0,0,0,0,0,0,0,0,28000,0,0,0,28000,0,28000,28000
044537,上銀群益92購01  ,0,0,0,0,0,0,0,0,0,28000,0,0,0,48000,20000,28000,28000
03852P,華邦電凱基93售05,0,0,0,0,0,0,0,0,0,28000,0,0,0,38000,10000,28000,28000
043936,和大兆豐92購01  ,0,0,0,0,0,0,0,0,0,28000,0,0,0,48000,20000,28000,28000
042433,元油2X永豐96購01,0,0,0,0,0,0,0,0,0,28000,0,0,0,28000,0,28000,28000
03416B,臺股指凱基95熊05,0,0,0,0,0,0,0,0,0,28000,0,0,0,45000,17000,28000,28000
04298P,祥碩元大93售02  ,0,0,0,0,0,0,0,0,0,28000,0,0,0,28000,0,28000,28000
044105,聯詠中信95購01  ,0,0,0,0,0,0,0,0,0,28000,0,0,0,32000,4000,28000,28000
044798,鴻海凱基93購09  ,0,0,0,0,0,0,0,0,0,28000,0,0,0,249000,221000,28000,28000
046751,鴻海凱基93購18  ,0,0,0,0,0,0,0,0,0,28000,0,0,0,28000,0,28000,28000
048629,滬深2X元大96購04,0,0,0,0,0,0,0,0,0,28000,0,0,0,60000,32000,28000,28000
048658,鴻海統一93購09  ,0,0,0,0,0,0,0,0,0,28000,0,0,0,28000,0,28000,28000
048676,和鑫國泰94購02  ,0,0,0,0,0,0,0,0,0,28000,0,0,0,49000,21000,28000,28000
046843,上銀永豐93購01  ,0,0,0,0,0,0,0,0,0,28000,0,0,0,123000,95000,28000,28000
047144,華通群益94購01  ,0,0,0,0,0,0,0,0,0,28000,0,0,0,28000,0,28000,28000
046737,鴻海群益93購04  ,0,0,0,0,0,0,0,0,0,28000,0,0,0,28000,0,28000,28000
046703,瑞昱元富95購01  ,0,0,0,0,0,0,0,0,0,28000,0,0,0,446000,418000,28000,28000
051504,TPK統一95購01   ,0,0,0,0,0,0,0,0,0,28000,0,0,0,84000,56000,28000,28000
051682,元黃金凱基97購01,0,0,0,0,0,0,0,0,0,28000,0,0,0,30000,2000,28000,28000
05122P,鴻海永昌96售06  ,0,0,0,0,0,0,0,0,0,28000,0,0,0,28000,0,28000,28000
055485,國巨元大97購09  ,0,0,0,0,0,0,0,0,0,28000,0,0,0,33000,5000,28000,28000
055273,華泰元大97購01  ,0,0,0,0,0,0,0,0,0,28000,0,0,0,48000,20000,28000,28000
2022,聚亨            ,29000,1000,28000,0,0,0,0,0,0,0,0,0,0,0,0,0,28000
4560,強信-KY         ,154000,126000,28000,0,0,0,0,0,0,0,0,0,0,0,0,0,28000
8429,金麗-KY         ,28000,0,28000,0,0,0,0,0,0,0,0,0,0,0,0,0,28000
054693,神基永豐97購01  ,0,0,0,0,0,0,0,0,0,27000,0,0,0,51000,24000,27000,27000
054031,中鋼中信98購01  ,0,0,0,0,0,0,0,0,0,27000,0,0,0,27000,0,27000,27000
053809,上銀群益96購02  ,0,0,0,0,0,0,0,0,0,27000,0,0,0,137000,110000,27000,27000
053410,啟碁兆豐96購01  ,0,0,0,0,0,0,0,0,0,27000,0,0,0,40000,13000,27000,27000
053414,臻鼎國票97購01  ,0,0,0,0,0,0,0,0,0,27000,0,0,0,37000,10000,27000,27000
053084,國巨元大98購01  ,0,0,0,0,0,0,0,0,0,27000,0,0,0,106000,79000,27000,27000
052714,義隆凱基96購02  ,0,0,0,0,0,0,0,0,0,27000,0,0,0,60000,33000,27000,27000
046124,健策元大92購04  ,0,0,0,0,0,0,0,0,0,27000,0,0,0,27000,0,27000,27000
045856,南亞科國泰94購01,0,0,0,0,0,0,0,0,0,27000,0,0,0,45000,18000,27000,27000
04894P,世紀鋼元大94售02,0,0,0,0,0,0,0,0,0,27000,0,0,0,47000,20000,27000,27000
046696,可成凱基93購02  ,0,0,0,0,0,0,0,0,0,27000,0,0,0,37000,10000,27000,27000
049385,茂林元大94購03  ,0,0,0,0,0,0,0,0,0,27000,0,0,0,27000,0,27000,27000
047287,貿聯統一95購01  ,0,0,0,0,0,0,0,0,0,27000,0,0,0,47000,20000,27000,27000
04834P,鴻海元大94售17  ,0,0,0,0,0,0,0,0,0,27000,0,0,0,70000,43000,27000,27000
051104,鈺齊元大96購01  ,0,0,0,0,0,0,0,0,0,27000,0,0,0,141000,114000,27000,27000
050659,宏達電元大96購01,0,0,0,0,0,0,0,0,0,27000,0,0,0,27000,0,27000,27000
050437,聯詠凱基94購04  ,0,0,0,0,0,0,0,0,0,27000,0,0,0,35000,8000,27000,27000
049893,日月光富邦98購01,0,0,0,0,0,0,0,0,0,27000,0,0,0,30000,3000,27000,27000
051487,健策凱基96購03  ,0,0,0,0,0,0,0,0,0,27000,0,0,0,74000,47000,27000,27000
052653,臺股指永豐97購01,0,0,0,0,0,0,0,0,0,27000,0,0,0,162000,135000,27000,27000
05251P,喬山台新95售02  ,0,2000,-2000,0,0,0,0,0,0,29000,0,0,0,29000,0,29000,27000
8499,鼎炫-KY         ,50000,9000,41000,0,0,0,0,10000,-10000,-4000,0,4000,-4000,0,0,0,27000
3356,奇偶            ,32000,5000,27000,0,0,0,0,0,0,0,0,0,0,0,0,0,27000
1723,中碳            ,57000,30000,27000,0,0,0,0,0,0,0,0,0,0,0,0,0,27000
055338,GIS兆豐97購01   ,0,0,0,0,0,0,0,0,0,27000,0,0,0,27000,0,27000,27000
055110,美律凱基98購02  ,0,0,0,0,0,0,0,0,0,27000,0,0,0,30000,3000,27000,27000
052980,上銀元大96購03  ,0,0,0,0,0,0,0,0,0,26000,0,0,0,30000,4000,26000,26000
053904,漢唐凱基97購01  ,0,0,0,0,0,0,0,0,0,26000,0,0,0,26000,0,26000,26000
053742,創意國票97購01  ,0,0,0,0,0,0,0,0,0,26000,0,0,0,26000,0,26000,26000
05366P,鴻海元富95售12  ,0,0,0,0,0,0,0,0,0,26000,0,0,0,46000,20000,26000,26000
054085,華新科統一96購04,0,0,0,0,0,0,0,0,0,26000,0,0,0,247000,221000,26000,26000
046312,可成元大92購10  ,0,0,0,0,0,0,0,0,0,26000,0,0,0,26000,0,26000,26000
045277,瑞儀統一92購01  ,0,0,0,0,0,0,0,0,0,26000,0,0,0,26000,0,26000,26000
04317P,樺漢國票93售03  ,0,0,0,0,0,0,0,0,0,26000,0,0,0,26000,0,26000,26000
03641C,臺股指凱基95牛18,0,0,0,0,0,0,0,0,0,26000,0,0,0,26000,0,26000,26000
049852,康控群益94購03  ,0,0,0,0,0,0,0,0,0,26000,0,0,0,34000,8000,26000,26000
049167,元油2X凱基97購03,0,0,0,0,0,0,0,0,0,26000,0,0,0,26000,0,26000,26000
047901,復盛群益93購01  ,0,0,0,0,0,0,0,0,0,26000,0,0,0,26000,0,26000,26000
052146,泰碩群益95購01  ,0,0,0,0,0,0,0,0,0,26000,0,0,0,28000,2000,26000,26000
051377,鴻海群益95購07  ,0,0,0,0,0,0,0,0,0,26000,0,0,0,26000,0,26000,26000
050080,國巨統一94購06  ,0,0,0,0,0,0,0,0,0,26000,0,0,0,58000,32000,26000,26000
05019P,喬山中信95售01  ,0,0,0,0,0,0,0,0,0,26000,0,0,0,26000,0,26000,26000
050588,矽創國票95購01  ,0,0,0,0,0,0,0,0,0,26000,0,0,0,26000,0,26000,26000
1444,力麗            ,80000,54000,26000,0,0,0,0,0,0,0,0,0,0,0,0,0,26000
1457,宜進            ,27000,1000,26000,0,0,0,0,0,0,0,0,0,0,0,0,0,26000
06147P,國巨元大97售05  ,0,0,0,0,0,0,0,0,0,26000,0,0,0,28000,2000,26000,26000
3563,牧德            ,123000,34000,89000,0,0,0,0,18000,-18000,-45000,6000,5000,1000,11000,57000,-46000,26000
3607,谷崧            ,53000,27000,26000,0,0,0,0,0,0,0,0,0,0,0,0,0,26000
5283,禾聯碩          ,33000,4000,29000,0,0,0,0,0,0,-3000,0,3000,-3000,0,0,0,26000
3022,威強電          ,27000,1000,26000,0,0,0,0,0,0,0,0,0,0,0,0,0,26000
05416P,喬山永豐95售04  ,0,0,0,0,0,0,0,0,0,25000,0,0,0,25000,0,25000,25000
054508,臺股指永豐96購04,0,0,0,0,0,0,0,0,0,25000,0,0,0,25000,0,25000,25000
054577,世芯元大98購01  ,0,0,0,0,0,0,0,0,0,25000,0,0,0,412000,387000,25000,25000
054846,瑞昱兆豐97購01  ,0,0,0,0,0,0,0,0,0,25000,0,0,0,73000,48000,25000,25000
053694,創意元大96購03  ,0,0,0,0,0,0,0,0,0,25000,0,0,0,119000,94000,25000,25000
053875,GIS元大97購01   ,0,0,0,0,0,0,0,0,0,25000,0,0,0,25000,0,25000,25000
05388P,南亞科元大95售04,0,0,0,0,0,0,0,0,0,25000,0,0,0,207000,182000,25000,25000
053549,南亞科凱基96購02,0,0,0,0,0,0,0,0,0,25000,0,0,0,25000,0,25000,25000
053058,台光電永昌99購01,0,0,0,0,0,0,0,0,0,25000,0,0,0,38000,13000,25000,25000
053213,建準凱基96購02  ,0,0,0,0,0,0,0,0,0,25000,0,0,0,25000,0,25000,25000
053271,喬山元大97購01  ,0,0,0,0,0,0,0,0,0,25000,0,0,0,25000,0,25000,25000
053134,南亞科國票97購01,0,0,0,0,0,0,0,0,0,25000,0,0,0,61000,36000,25000,25000
03635C,滬深2X元富99牛01,0,0,0,0,0,0,0,0,0,25000,0,0,0,105000,80000,25000,25000
03779P,力山凱基93售01  ,0,0,0,0,0,0,0,0,0,25000,0,0,0,45000,20000,25000,25000
044979,微星國票92購01  ,0,0,0,0,0,0,0,0,0,25000,0,0,0,25000,0,25000,25000
044136,百和凱基93購01  ,0,0,0,0,0,0,0,0,0,25000,0,0,0,25000,0,25000,25000
045337,滬深2X凱基95購01,0,0,0,0,0,0,0,0,0,25000,0,0,0,131000,106000,25000,25000
045519,宏達電元富92購01,0,0,0,0,0,0,0,0,0,25000,0,0,0,26000,1000,25000,25000
045087,玉晶光元大95購01,0,0,0,0,0,0,0,0,0,25000,0,0,0,26000,1000,25000,25000
045107,超眾群益92購02  ,0,0,0,0,0,0,0,0,0,25000,0,0,0,25000,0,25000,25000
045834,兆豐金群益92購01,0,0,0,0,0,0,0,0,0,25000,0,0,0,25000,0,25000,25000
044398,南亞科凱基91購09,0,0,0,0,0,0,0,0,0,25000,0,0,0,25000,0,25000,25000
044396,燿華凱基93購02  ,0,0,0,0,0,0,0,0,0,25000,0,0,0,25000,0,25000,25000
046321,群創元大92購07  ,0,0,0,0,0,0,0,0,0,25000,0,0,0,25000,0,25000,25000
046293,聯發科統一94購01,0,0,0,0,0,0,0,0,0,25000,0,0,0,379000,354000,25000,25000
047827,東陽元大93購01  ,0,0,0,0,0,0,0,0,0,25000,0,0,0,25000,0,25000,25000
046443,超眾兆豐93購01  ,0,0,0,0,0,0,0,0,0,25000,0,0,0,25000,0,25000,25000
049147,美律元大94購02  ,0,0,0,0,0,0,0,0,0,25000,0,0,0,150000,125000,25000,25000
047303,寶滬深元大96購01,0,0,0,0,0,0,0,0,0,25000,0,0,0,28000,3000,25000,25000
048000,義隆元大93購03  ,0,0,0,0,0,0,0,0,0,25000,0,0,0,77000,52000,25000,25000
046625,勤誠凱基93購01  ,0,0,0,0,0,0,0,0,0,25000,0,0,0,46000,21000,25000,25000
049929,祥碩元大94購03  ,0,0,0,0,0,0,0,0,0,25000,0,0,0,25000,0,25000,25000
046420,群創元大92購10  ,0,0,0,0,0,0,0,0,0,25000,0,0,0,25000,0,25000,25000
047638,瑞昱元大93購11  ,0,0,0,0,0,0,0,0,0,25000,0,0,0,57000,32000,25000,25000
048225,全新凱基93購03  ,0,0,0,0,0,0,0,0,0,25000,0,0,0,160000,135000,25000,25000
048277,建準永豐93購02  ,0,0,0,0,0,0,0,0,0,25000,0,0,0,25000,0,25000,25000
05044P,亞德客永豐95售01,0,0,0,0,0,0,0,0,0,25000,0,0,0,25000,0,25000,25000
050422,鴻海凱基96購01  ,0,0,0,0,0,0,0,0,0,25000,0,0,0,50000,25000,25000,25000
050309,亞泥兆豐94購01  ,0,0,0,0,0,0,0,0,0,25000,0,0,0,258000,233000,25000,25000
050227,大立光中信96購01,0,0,0,0,0,0,0,0,0,25000,0,0,0,25000,0,25000,25000
050803,康控兆豐96購01  ,0,0,0,0,0,0,0,0,0,25000,0,0,0,25000,0,25000,25000
050963,強茂永豐95購01  ,0,0,0,0,0,0,0,0,0,25000,0,0,0,25000,0,25000,25000
051403,玉晶光永豐95購05,0,0,0,0,0,0,0,0,0,25000,0,0,0,25000,0,25000,25000
051775,旺宏亞東95購01  ,0,0,0,0,0,0,0,0,0,25000,0,0,0,25000,0,25000,25000
051839,和鑫國泰96購01  ,0,0,0,0,0,0,0,0,0,25000,0,0,0,34000,9000,25000,25000
051857,喬山凱基95購01  ,0,0,0,0,0,0,0,0,0,25000,0,0,0,25000,0,25000,25000
052144,鴻海群益95購10  ,0,0,0,0,0,0,0,0,0,25000,0,0,0,25000,0,25000,25000
052032,臺股指群益95購05,0,0,0,0,0,0,0,0,0,25000,0,0,0,26000,1000,25000,25000
052017,奇鋐永豐95購01  ,0,0,0,0,0,0,0,0,0,25000,0,0,0,25000,0,25000,25000
052084,台泥元大95購01  ,0,0,0,0,0,0,0,0,0,25000,0,0,0,71000,46000,25000,25000
052276,力成群益96購01  ,0,0,0,0,0,0,0,0,0,25000,0,0,0,52000,27000,25000,25000
052395,上証2X凱基97購01,0,0,0,0,0,0,0,0,0,25000,0,0,0,25000,0,25000,25000
052637,欣興凱基97購01  ,0,0,0,0,0,0,0,0,0,25000,0,0,0,25000,0,25000,25000
06133P,帆宣元富97售02  ,0,0,0,0,0,0,0,0,0,25000,0,0,0,25000,0,25000,25000
08637P,台灣50中信96售03,0,0,0,0,0,0,0,0,0,25000,0,0,0,75000,50000,25000,25000
1582,信錦            ,74000,49000,25000,0,0,0,0,0,0,0,0,0,0,0,0,0,25000
055373,聯詠元大97購03  ,0,0,0,0,0,0,0,0,0,25000,0,0,0,25000,0,25000,25000
05536P,奇力新元大96售03,0,0,0,0,0,0,0,0,0,25000,0,0,0,226000,201000,25000,25000
055306,燿華群益97購01  ,0,0,0,0,0,0,0,0,0,25000,0,0,0,196000,171000,25000,25000
052684,旺宏元大98購01  ,0,0,0,0,0,0,0,0,0,24000,0,0,0,269000,245000,24000,24000
053296,貿聯中信98購01  ,0,0,0,0,0,0,0,0,0,24000,0,0,0,43000,19000,24000,24000
054716,緯穎康和97購01  ,0,0,0,0,0,0,0,0,0,24000,0,0,0,25000,1000,24000,24000
054168,貿聯凱基97購02  ,0,0,0,0,0,0,0,0,0,24000,0,0,0,32000,8000,24000,24000
046234,彩晶元大92購01  ,0,0,0,0,0,0,0,0,0,24000,0,0,0,24000,0,24000,24000
045299,友達元大92購02  ,0,0,0,0,0,0,0,0,0,24000,0,0,0,54000,30000,24000,24000
044129,群創凱基93購02  ,0,0,0,0,0,0,0,0,0,24000,0,0,0,24000,0,24000,24000
044205,聯茂亞東92購01  ,0,0,0,0,0,0,0,0,0,24000,0,0,0,24000,0,24000,24000
044831,同欣電永豐91購01,0,0,0,0,0,0,0,0,0,24000,0,0,0,25000,1000,24000,24000
044898,旺宏凱基93購01  ,0,0,0,0,0,0,0,0,0,24000,0,0,0,72000,48000,24000,24000
043466,南亞科元大92購01,0,0,0,0,0,0,0,0,0,24000,0,0,0,24000,0,24000,24000
043696,瑞儀兆豐93購01  ,0,0,0,0,0,0,0,0,0,24000,0,0,0,24000,0,24000,24000
048293,聯詠群益93購04  ,0,0,0,0,0,0,0,0,0,24000,0,0,0,24000,0,24000,24000
048614,欣興凱基93購05  ,0,0,0,0,0,0,0,0,0,24000,0,0,0,40000,16000,24000,24000
048845,GIS凱基94購02   ,0,0,0,0,0,0,0,0,0,24000,0,0,0,247000,223000,24000,24000
049720,欣興凱基94購05  ,0,0,0,0,0,0,0,0,0,24000,0,0,0,80000,56000,24000,24000
049525,華新科兆豐94購01,0,0,0,0,0,0,0,0,0,24000,0,0,0,24000,0,24000,24000
049945,樺漢第一94購01  ,0,0,0,0,0,0,0,0,0,24000,0,0,0,28000,4000,24000,24000
049744,亞德客永豐94購01,0,0,0,0,0,0,0,0,0,24000,0,0,0,84000,60000,24000,24000
046609,深中小國票93購01,0,0,0,0,0,0,0,0,0,24000,0,0,0,24000,0,24000,24000
047028,新日興元大93購02,0,0,0,0,0,0,0,0,0,24000,0,0,0,228000,204000,24000,24000
049177,美律凱基94購02  ,0,0,0,0,0,0,0,0,0,24000,0,0,0,33000,9000,24000,24000
049200,元黃金群益98購01,0,0,0,0,0,0,0,0,0,24000,0,0,0,25000,1000,24000,24000
047786,燿華群益93購03  ,0,0,0,0,0,0,0,0,0,24000,0,0,0,24000,0,24000,24000
04742P,瑞昱統一94售01  ,0,0,0,0,0,0,0,0,0,24000,0,0,0,45000,21000,24000,24000
052563,京元電日盛96購01,0,0,0,0,0,0,0,0,0,24000,0,0,0,24000,0,24000,24000
052483,超眾群益95購03  ,0,0,0,0,0,0,0,0,0,24000,0,0,0,118000,94000,24000,24000
052298,易華電國票96購01,0,0,0,0,0,0,0,0,0,24000,0,0,0,24000,0,24000,24000
051897,台光電國泰97購01,0,0,0,0,0,0,0,0,0,24000,0,0,0,50000,26000,24000,24000
051451,世芯元大95購03  ,0,0,0,0,0,0,0,0,0,24000,0,0,0,117000,93000,24000,24000
05164P,南亞科元富95售04,0,0,0,0,0,0,0,0,0,24000,0,0,0,50000,26000,24000,24000
05661P,聯發科統一96售06,0,0,0,0,0,0,0,0,0,24000,0,0,0,297000,273000,24000,24000
05907P,聯發科元富96售05,0,0,0,0,0,0,0,0,0,24000,0,0,0,55000,31000,24000,24000
4766,南寶            ,28000,4000,24000,0,0,0,0,0,0,0,0,0,0,0,0,0,24000
1590,亞德客-KY       ,601756,566800,34956,0,0,0,10000,0,10000,-21000,1000,0,1000,10000,32000,-22000,23956
053290,元油反中信97購01,0,0,0,0,0,0,0,0,0,23000,0,0,0,23000,0,23000,23000
053460,緯穎國泰97購01  ,0,0,0,0,0,0,0,0,0,23000,0,0,0,139000,116000,23000,23000
05374P,台積電國票96售07,0,0,0,0,0,0,0,0,0,23000,0,0,0,134000,111000,23000,23000
053627,宏碁兆豐97購01  ,0,0,0,0,0,0,0,0,0,23000,0,0,0,66000,43000,23000,23000
043757,欣興元大93購01  ,0,0,0,0,0,0,0,0,0,23000,0,0,0,62000,39000,23000,23000
042819,聯茂中信92購01  ,0,0,0,0,0,0,0,0,0,23000,0,0,0,182000,159000,23000,23000
04484P,台積電凱基94售09,0,0,0,0,0,0,0,0,0,23000,0,0,0,24000,1000,23000,23000
045429,復盛凱基92購01  ,0,0,0,0,0,0,0,0,0,23000,0,0,0,23000,0,23000,23000
045644,祥碩凱基92購01  ,0,0,0,0,0,0,0,0,0,23000,0,0,0,23000,0,23000,23000
048162,矽力麥證93購01  ,0,0,0,23000,0,23000,0,0,0,23000,0,0,0,23000,0,23000,23000
046584,可成元大92購11  ,0,0,0,0,0,0,0,0,0,23000,0,0,0,23000,0,23000,23000
047347,台積電凱基93購14,0,0,0,0,0,0,0,0,0,23000,0,0,0,39000,16000,23000,23000
049756,瀚宇博永豐94購01,0,0,0,0,0,0,0,0,0,23000,0,0,0,53000,30000,23000,23000
04975P,華新科凱基96售02,0,0,0,0,0,0,0,0,0,23000,0,0,0,33000,10000,23000,23000
049663,正崴永豐94購01  ,0,0,0,0,0,0,0,0,0,23000,0,0,0,103000,80000,23000,23000
047527,高鐵元大93購02  ,0,0,0,0,0,0,0,0,0,23000,0,0,0,178000,155000,23000,23000
048283,亞德客中信94購01,0,0,0,0,0,0,0,0,0,23000,0,0,0,43000,20000,23000,23000
04826P,華新科麥證95售01,0,0,0,45000,22000,23000,0,0,0,23000,0,0,0,45000,22000,23000,23000
052183,華邦電群益95購01,0,0,0,0,0,0,0,0,0,23000,0,0,0,108000,85000,23000,23000
052575,茂林凱基96購04  ,0,0,0,0,0,0,0,0,0,23000,0,0,0,133000,110000,23000,23000
050922,南亞科凱基95購02,0,0,0,0,0,0,0,0,0,23000,0,0,0,35000,12000,23000,23000
050200,致新元大94購01  ,0,0,0,0,0,0,0,0,0,23000,0,0,0,35000,12000,23000,23000
05881P,彩晶康和96售01  ,0,0,0,0,0,0,0,0,0,23000,0,0,0,23000,0,23000,23000
6214,精誠            ,45000,22000,23000,0,0,0,0,0,0,0,0,0,0,0,0,0,23000
3032,偉訓            ,24000,1000,23000,0,0,0,0,0,0,0,0,0,0,0,0,0,23000
2849,安泰銀          ,23000,0,23000,0,0,0,0,0,0,0,0,0,0,0,0,0,23000
2706,第一店          ,23000,0,23000,0,0,0,0,0,0,0,0,0,0,0,0,0,23000
2331,精英            ,33000,18000,15000,0,0,0,0,0,0,8000,8000,0,8000,0,0,0,23000
053675,臺股指元富96購02,0,0,0,0,0,0,0,0,0,22000,0,0,0,27000,5000,22000,22000
053515,致伸群益96購02  ,0,0,0,0,0,0,0,0,0,22000,0,0,0,53000,31000,22000,22000
052666,瑞昱群益96購01  ,0,0,0,0,0,0,0,0,0,22000,0,0,0,57000,35000,22000,22000
05435P,鴻海群益95售12  ,0,0,0,0,0,0,0,0,0,22000,0,0,0,22000,0,22000,22000
054559,台光電群益99購01,0,0,0,0,0,0,0,0,0,22000,0,0,0,199000,177000,22000,22000
04518P,高鐵群益95售01  ,0,0,0,0,0,0,0,0,0,22000,0,0,0,22000,0,22000,22000
046034,可成元大92購09  ,0,0,0,0,0,0,0,0,0,22000,0,0,0,22000,0,22000,22000
048887,牧德元富94購01  ,0,0,0,0,0,0,0,0,0,22000,0,0,0,22000,0,22000,22000
045782,欣興元大93購04  ,0,0,0,0,0,0,0,0,0,22000,0,0,0,161000,139000,22000,22000
045776,可成元大92購07  ,0,0,0,0,0,0,0,0,0,22000,0,0,0,22000,0,22000,22000
048843,台郡凱基94購01  ,0,0,0,0,0,0,0,0,0,22000,0,0,0,25000,3000,22000,22000
048410,和碩群益93購01  ,0,0,0,0,0,0,0,0,0,22000,0,0,0,37000,15000,22000,22000
048648,祥碩元大93購03  ,0,0,0,0,0,0,0,0,0,22000,0,0,0,22000,0,22000,22000
046854,可成元大93購04  ,0,0,0,0,0,0,0,0,0,22000,0,0,0,22000,0,22000,22000
049189,訊芯康和94購01  ,0,0,0,0,0,0,0,0,0,22000,0,0,0,22000,0,22000,22000
048148,欣興元富93購02  ,0,0,0,0,0,0,0,0,0,22000,0,0,0,172000,150000,22000,22000
046951,GIS元大93購08   ,0,0,0,0,0,0,0,0,0,22000,0,0,0,32000,10000,22000,22000
046941,瑞昱元大93購08  ,0,0,0,0,0,0,0,0,0,22000,0,0,0,42000,20000,22000,22000
050069,禾伸堂凱基94購04,0,0,0,0,0,0,0,0,0,22000,0,0,0,70000,48000,22000,22000
052527,泰鼎元大96購02  ,0,0,0,0,0,0,0,0,0,22000,0,0,0,138000,116000,22000,22000
052016,神基永豐95購01  ,0,0,0,0,0,0,0,0,0,22000,0,0,0,41000,19000,22000,22000
051986,燿華元大96購04  ,0,0,0,0,0,0,0,0,0,22000,0,0,0,75000,53000,22000,22000
8011,台通            ,41000,18000,23000,0,0,0,0,0,0,-1000,0,1000,-1000,0,0,0,22000
6165,捷泰            ,26000,4000,22000,0,0,0,0,0,0,0,0,0,0,0,0,0,22000
6024,群益期          ,27000,5000,22000,0,0,0,0,0,0,0,0,0,0,0,0,0,22000
9942,茂順            ,1000,14000,-13000,0,0,0,0,0,0,35000,35000,0,35000,0,0,0,22000
05941P,聯發科凱基96售22,0,0,0,0,0,0,0,0,0,22000,0,0,0,42000,20000,22000,22000
1464,得力            ,161000,138000,23000,0,0,0,0,0,0,-1000,0,0,0,0,1000,-1000,22000
1409,新纖            ,259000,237000,22000,0,0,0,0,0,0,0,0,0,0,0,0,0,22000
05678P,群創群益97售01  ,0,0,0,0,0,0,0,0,0,22000,0,0,0,42000,20000,22000,22000
05598P,國巨元富96售03  ,0,0,0,0,0,0,0,0,0,22000,0,0,0,22000,0,22000,22000
05559P,臺股指麥證96售01,0,0,0,32000,10000,22000,0,0,0,22000,0,0,0,32000,10000,22000,22000
054530,台光電國泰97購03,0,0,0,0,0,0,0,0,0,21000,0,0,0,21000,0,21000,21000
054570,易華電群益98購01,0,0,0,0,0,0,0,0,0,21000,0,0,0,21000,0,21000,21000
055081,健鼎中信97購01  ,0,0,0,0,0,0,0,0,0,21000,0,0,0,21000,0,21000,21000
054123,易華電永豐96購03,0,0,0,0,0,0,0,0,0,21000,0,0,0,21000,0,21000,21000
053837,貿聯永豐96購02  ,0,0,0,0,0,0,0,0,0,21000,0,0,0,62000,41000,21000,21000
04173P,上海銀凱基93售02,0,0,0,0,0,0,0,0,0,21000,0,0,0,21000,0,21000,21000
04027P,亞德客凱基93售05,0,0,0,0,0,0,0,0,0,21000,0,0,0,21000,0,21000,21000
048875,晶相光國票94購01,0,0,0,0,0,0,0,0,0,21000,0,0,0,81000,60000,21000,21000
046238,嘉澤第一92購01  ,0,0,0,0,0,0,0,0,0,21000,0,0,0,21000,0,21000,21000
046225,南亞科元大92購05,0,0,0,0,0,0,0,0,0,21000,0,0,0,21000,0,21000,21000
046273,和碩凱基92購02  ,0,0,0,0,0,0,0,0,0,21000,0,0,0,34000,13000,21000,21000
047231,大立光凱基95購03,0,0,0,0,0,0,0,0,0,21000,0,0,0,25000,4000,21000,21000
047288,台郡統一93購01  ,0,0,0,0,0,0,0,0,0,21000,0,0,0,33000,12000,21000,21000
049449,宏碁統一94購01  ,0,0,0,0,0,0,0,0,0,21000,0,0,0,21000,0,21000,21000
047557,麗豐凱基94購02  ,0,0,0,0,0,0,0,0,0,21000,0,0,0,99000,78000,21000,21000
049777,華新科統一94購06,0,0,0,0,0,0,0,0,0,21000,0,0,0,27000,6000,21000,21000
048683,日月光富邦93購01,0,0,0,0,0,0,0,0,0,21000,0,0,0,24000,3000,21000,21000
047926,可成凱基94購02  ,0,0,0,0,0,0,0,0,0,21000,0,0,0,31000,10000,21000,21000
051702,鴻海群益95購08  ,0,0,0,0,0,0,0,0,0,21000,0,0,0,21000,0,21000,21000
050584,瑞儀國票95購01  ,0,0,0,0,0,0,0,0,0,21000,0,0,0,41000,20000,21000,21000
050914,健鼎中信95購01  ,0,0,0,0,0,0,0,0,0,21000,0,0,0,21000,0,21000,21000
050692,鴻海凱基96購04  ,0,0,0,0,0,0,0,0,0,21000,0,0,0,26000,5000,21000,21000
05717P,鴻海元大97售07  ,0,0,0,0,0,0,0,0,0,21000,0,0,0,21000,0,21000,21000
055330,上銀兆豐98購02  ,0,0,0,0,0,0,0,0,0,21000,0,0,0,39000,18000,21000,21000
1440,南紡            ,86000,65000,21000,0,0,0,0,0,0,0,0,0,0,0,0,0,21000
05984P,台積電統一98售01,0,0,0,0,0,0,0,0,0,21000,0,0,0,21000,0,21000,21000
05972P,瑞昱元大96售01  ,0,0,0,0,0,0,0,0,0,21000,0,0,0,21000,0,21000,21000
4438,廣越            ,28000,6000,22000,0,0,0,0,0,0,-1000,0,0,0,1000,2000,-1000,21000
3419,譁裕            ,58000,36000,22000,0,0,0,0,0,0,-1000,0,1000,-1000,0,0,0,21000
2406,國碩            ,108000,87000,21000,0,0,0,0,0,0,0,0,0,0,0,0,0,21000
2453,凌群            ,209000,188000,21000,0,0,0,0,0,0,0,0,0,0,0,0,0,21000
053640,上緯控永豐96購01,0,0,0,0,0,0,0,0,0,20000,0,0,0,40000,20000,20000,20000
053678,南亞科富邦97購01,0,0,0,0,0,0,0,0,0,20000,0,0,0,40000,20000,20000,20000
053497,新光金兆豐97購01,0,0,0,0,0,0,0,0,0,20000,0,0,0,20000,0,20000,20000
053466,華通元大98購01  ,0,0,0,0,0,0,0,0,0,20000,0,0,0,36000,16000,20000,20000
05344P,臺股指統一95售04,0,0,0,0,0,0,0,0,0,20000,0,0,0,20000,0,20000,20000
053299,台泥凱基96購01  ,0,0,0,0,0,0,0,0,0,20000,0,0,0,20000,0,20000,20000
053416,光磊台新97購01  ,0,0,0,0,0,0,0,0,0,20000,0,0,0,20000,0,20000,20000
053418,旺宏永豐96購02  ,0,0,0,0,0,0,0,0,0,20000,0,0,0,120000,100000,20000,20000
053364,友達國泰98購01  ,0,0,0,0,0,0,0,0,0,20000,0,0,0,20000,0,20000,20000
05274P,嘉聯益亞東95售01,0,0,0,0,0,0,0,0,0,20000,0,0,0,20000,0,20000,20000
052958,T50反1凱基99購02,0,0,0,0,0,0,0,0,0,20000,0,0,0,20000,0,20000,20000
053198,亞德客日盛96購01,0,0,0,0,0,0,0,0,0,20000,0,0,0,20000,0,20000,20000
053223,台郡凱基96購02  ,0,0,0,0,0,0,0,0,0,20000,0,0,0,37000,17000,20000,20000
053105,鴻海兆豐97購01  ,0,0,0,0,0,0,0,0,0,20000,0,0,0,20000,0,20000,20000
052982,鴻海元大97購06  ,0,0,0,0,0,0,0,0,0,20000,0,0,0,20000,0,20000,20000
054028,臻鼎凱基96購03  ,0,0,0,0,0,0,0,0,0,20000,0,0,0,45000,25000,20000,20000
053979,健策元大98購01  ,0,0,0,0,0,0,0,0,0,20000,0,0,0,306000,286000,20000,20000
054369,鴻海中信9C購01  ,0,0,0,0,0,0,0,0,0,20000,0,0,0,25000,5000,20000,20000
054302,鴻海凱基96購18  ,0,0,0,0,0,0,0,0,0,20000,0,0,0,20000,0,20000,20000
055076,福懋科永豐97購01,0,0,0,0,0,0,0,0,0,20000,0,0,0,20000,0,20000,20000
054652,裕隆麥證97購01  ,0,0,0,20000,0,20000,0,0,0,20000,0,0,0,20000,0,20000,20000
054757,南亞國票98購01  ,0,0,0,0,0,0,0,0,0,20000,0,0,0,20000,0,20000,20000
046252,冠德群益92購01  ,0,0,0,0,0,0,0,0,0,20000,0,0,0,20000,0,20000,20000
046043,日月光元大92購02,0,0,0,0,0,0,0,0,0,20000,0,0,0,20000,0,20000,20000
046038,欣興元大92購07  ,0,0,0,0,0,0,0,0,0,20000,0,0,0,275000,255000,20000,20000
046066,長榮航凱基94購01,0,0,0,0,0,0,0,0,0,20000,0,0,0,20000,0,20000,20000
045263,高鐵凱基92購01  ,0,0,0,0,0,0,0,0,0,20000,0,0,0,20000,0,20000,20000
046004,群創統一93購02  ,0,0,0,0,0,0,0,0,0,20000,0,0,0,20000,0,20000,20000
045274,華邦電統一92購03,0,0,0,0,0,0,0,0,0,20000,0,0,0,20000,0,20000,20000
045560,群創國票92購02  ,0,0,0,0,0,0,0,0,0,20000,0,0,0,20000,0,20000,20000
049222,和碩國票94購01  ,0,0,0,0,0,0,0,0,0,20000,0,0,0,20000,0,20000,20000
048952,川湖康和94購01  ,0,0,0,0,0,0,0,0,0,20000,0,0,0,30000,10000,20000,20000
048935,玉晶光永豐94購04,0,0,0,0,0,0,0,0,0,20000,0,0,0,82000,62000,20000,20000
049020,可成群益94購02  ,0,0,0,0,0,0,0,0,0,20000,0,0,0,20000,0,20000,20000
045824,嘉聯益凱基93購02,0,0,0,0,0,0,0,0,0,20000,0,0,0,120000,100000,20000,20000
045844,臻鼎台新92購01  ,0,0,0,0,0,0,0,0,0,20000,0,0,0,20000,0,20000,20000
044406,臻鼎凱基92購01  ,0,0,0,0,0,0,0,0,0,20000,0,0,0,20000,0,20000,20000
044359,麗豐元大91購02  ,0,0,0,0,0,0,0,0,0,20000,0,0,0,20000,0,20000,20000
045063,聯茂康和92購01  ,0,0,0,0,0,0,0,0,0,20000,0,0,0,20000,0,20000,20000
044568,台積電凱基91購19,0,0,0,0,0,0,0,0,0,20000,0,0,0,30000,10000,20000,20000
044745,景碩群益91購02  ,0,0,0,0,0,0,0,0,0,20000,0,0,0,20000,0,20000,20000
044755,可成凱基91購10  ,0,0,0,0,0,0,0,0,0,20000,0,0,0,20000,0,20000,20000
045455,鴻海元大92購08  ,0,0,0,0,0,0,0,0,0,20000,0,0,0,110000,90000,20000,20000
045310,康友元大92購04  ,0,0,0,0,0,0,0,0,0,20000,0,0,0,50000,30000,20000,20000
045424,友達凱基92購02  ,0,0,0,0,0,0,0,0,0,20000,0,0,0,60000,40000,20000,20000
045358,嘉聯益凱基92購01,0,0,0,0,0,0,0,0,0,20000,0,0,0,20000,0,20000,20000
04595P,臺股指元大94售13,0,0,0,0,0,0,0,0,0,20000,0,0,0,20000,0,20000,20000
03277P,聯發科中信04售03,0,0,0,0,0,0,0,0,0,20000,0,0,0,20000,0,20000,20000
03266P,寶成國票04售01  ,0,0,0,0,0,0,0,0,0,20000,0,0,0,50000,30000,20000,20000
03807P,康友元富93售02  ,0,0,0,0,0,0,0,0,0,20000,0,0,0,50000,30000,20000,20000
043851,國泰金永昌93購01,0,0,0,0,0,0,0,0,0,20000,0,0,0,30000,10000,20000,20000
04381P,世紀鋼元大94售01,0,0,0,0,0,0,0,0,0,20000,0,0,0,20000,0,20000,20000
04396P,玉晶光群益94售02,0,0,0,0,0,0,0,0,0,20000,0,0,0,20000,0,20000,20000
043909,台光電凱基93購01,0,0,0,0,0,0,0,0,0,20000,0,0,0,22000,2000,20000,20000
043942,玉山金兆豐91購01,0,0,0,0,0,0,0,0,0,20000,0,0,0,30000,10000,20000,20000
042417,宏達電元大91購02,0,0,0,0,0,0,0,0,0,20000,0,0,0,20000,0,20000,20000
042312,嘉晶凱基91購01  ,0,0,0,0,0,0,0,0,0,20000,0,0,0,20000,0,20000,20000
043730,旭富國泰93購01  ,0,0,0,0,0,0,0,0,0,20000,0,0,0,20000,0,20000,20000
03026X,元展23          ,0,0,0,0,0,0,0,0,0,20000,0,0,0,20000,0,20000,20000
043475,聯茂元大92購01  ,0,0,0,0,0,0,0,0,0,20000,0,0,0,20000,0,20000,20000
043483,和鑫群益92購01  ,0,0,0,0,0,0,0,0,0,20000,0,0,0,20000,0,20000,20000
03637C,臺股指凱基94牛18,0,0,0,0,0,0,0,0,0,20000,0,0,0,50000,30000,20000,20000
04157P,鎧勝永豐93售02  ,0,0,0,0,0,0,0,0,0,20000,0,0,0,20000,0,20000,20000
043231,鴻海中信95購01  ,0,0,0,0,0,0,0,0,0,20000,0,0,0,30000,10000,20000,20000
04326P,泰鼎元大93售06  ,0,0,0,0,0,0,0,0,0,20000,0,0,0,20000,0,20000,20000
042930,大立光中信94購01,0,0,0,0,0,0,0,0,0,20000,0,0,0,20000,0,20000,20000
044109,宏達電國票92購02,0,0,0,0,0,0,0,0,0,20000,0,0,0,20000,0,20000,20000
042119,宏達電國票91購01,0,0,0,0,0,0,0,0,0,20000,0,0,0,20000,0,20000,20000
04190P,大立光兆豐94售03,0,0,0,0,0,0,0,0,0,20000,0,0,0,30000,10000,20000,20000
046082,矽力凱基92購01  ,0,0,0,0,0,0,0,0,0,20000,0,0,0,20000,0,20000,20000
046114,燿華元大92購04  ,0,0,0,0,0,0,0,0,0,20000,0,0,0,20000,0,20000,20000
045757,台表科國泰93購03,0,0,0,0,0,0,0,0,0,20000,0,0,0,20000,0,20000,20000
04490P,聯發科台新94售02,0,0,0,0,0,0,0,0,0,20000,0,0,0,20000,0,20000,20000
044807,瀚宇博凱基91購01,0,0,0,0,0,0,0,0,0,20000,0,0,0,20000,0,20000,20000
044777,超眾元大93購01  ,0,0,0,0,0,0,0,0,0,20000,0,0,0,70000,50000,20000,20000
044219,智原凱基91購03  ,0,0,0,0,0,0,0,0,0,20000,0,0,0,20000,0,20000,20000
04421P,玉晶光永豐94售02,0,0,0,0,0,0,0,0,0,20000,0,0,0,30000,10000,20000,20000
04797P,華新科元大94售04,0,0,0,0,0,0,0,0,0,20000,0,0,0,20000,0,20000,20000
047681,滬深反中信95購01,0,0,0,0,0,0,0,0,0,20000,0,0,0,20000,0,20000,20000
047713,大立光凱基93購24,0,0,0,0,0,0,0,0,0,20000,0,0,0,20000,0,20000,20000
047718,達興凱基94購01  ,0,0,0,0,0,0,0,0,0,20000,0,0,0,50000,30000,20000,20000
048254,深中小統一93購01,0,0,0,0,0,0,0,0,0,20000,0,0,0,20000,0,20000,20000
048511,美律凱基93購07  ,0,0,0,0,0,0,0,0,0,20000,0,0,0,30000,10000,20000,20000
04860P,鴻海群益94售07  ,0,0,0,0,0,0,0,0,0,20000,0,0,0,20000,0,20000,20000
048556,技嘉元大93購03  ,0,0,0,0,0,0,0,0,0,20000,0,0,0,20000,0,20000,20000
048607,上銀凱基93購11  ,0,0,0,0,0,0,0,0,0,20000,0,0,0,20000,0,20000,20000
048402,聯茂兆豐95購01  ,0,0,0,0,0,0,0,0,0,20000,0,0,0,120000,100000,20000,20000
048415,深中小統一93購03,0,0,0,0,0,0,0,0,0,20000,0,0,0,20000,0,20000,20000
047541,深中小凱基94購01,0,0,0,0,0,0,0,0,0,20000,0,0,0,35000,15000,20000,20000
046825,瀚宇博凱基93購02,0,0,0,0,0,0,0,0,0,20000,0,0,0,20000,0,20000,20000
049845,台積電麥證94購01,0,0,0,20000,0,20000,0,0,0,20000,0,0,0,20000,0,20000,20000
049642,鴻海凱基94購16  ,0,0,0,0,0,0,0,0,0,20000,0,0,0,20000,0,20000,20000
049623,創意群益94購01  ,0,0,0,0,0,0,0,0,0,20000,0,0,0,120000,100000,20000,20000
049721,晶技凱基94購02  ,0,0,0,0,0,0,0,0,0,20000,0,0,0,170000,150000,20000,20000
047572,深中小群益95購01,0,0,0,0,0,0,0,0,0,20000,0,0,0,20000,0,20000,20000
049579,鴻海元大94購06  ,0,0,0,0,0,0,0,0,0,20000,0,0,0,20000,0,20000,20000
048366,深中小統一93購02,0,0,0,0,0,0,0,0,0,20000,0,0,0,20000,0,20000,20000
048382,T50反1國票96購01,0,0,0,0,0,0,0,0,0,20000,0,0,0,50000,30000,20000,20000
049445,遠東新統一94購01,0,0,0,0,0,0,0,0,0,20000,0,0,0,20000,0,20000,20000
047022,聯發科元大93購07,0,0,0,0,0,0,0,0,0,20000,0,0,0,50000,30000,20000,20000
047034,東陽群益93購01  ,0,0,0,0,0,0,0,0,0,20000,0,0,0,20000,0,20000,20000
046612,群創麥證93購01  ,0,0,0,21000,0,21000,0,0,0,20000,0,0,0,21000,1000,20000,20000
047351,聯詠凱基93購02  ,0,0,0,0,0,0,0,0,0,20000,0,0,0,22000,2000,20000,20000
047366,台表科群益93購01,0,0,0,0,0,0,0,0,0,20000,0,0,0,20000,0,20000,20000
048088,台積電凱基93購23,0,0,0,0,0,0,0,0,0,20000,0,0,0,25000,5000,20000,20000
048102,矽力凱基94購01  ,0,0,0,0,0,0,0,0,0,20000,0,0,0,40000,20000,20000,20000
046447,儒鴻凱基92購04  ,0,0,0,0,0,0,0,0,0,20000,0,0,0,20000,0,20000,20000
047127,臻鼎中信95購01  ,0,0,0,0,0,0,0,0,0,20000,0,0,0,30000,10000,20000,20000
047131,鴻海凱基94購03  ,0,0,0,0,0,0,0,0,0,20000,0,0,0,20000,0,20000,20000
047047,旺宏國票95購01  ,0,0,0,0,0,0,0,0,0,20000,0,0,0,39000,19000,20000,20000
047818,台郡凱基93購04  ,0,0,0,0,0,0,0,0,0,20000,0,0,0,34000,14000,20000,20000
047821,臺股指凱基93購15,0,0,0,0,0,0,0,0,0,20000,0,0,0,20000,0,20000,20000
050718,茂林群益94購04  ,0,0,0,0,0,0,0,0,0,20000,0,0,0,27000,7000,20000,20000
050854,世紀鋼國票97購01,0,0,0,0,0,0,0,0,0,20000,0,0,0,20000,0,20000,20000
050861,鴻海永豐95購01  ,0,0,0,0,0,0,0,0,0,20000,0,0,0,93000,73000,20000,20000
051047,深中小群益99購01,0,0,0,0,0,0,0,0,0,20000,0,0,0,240000,220000,20000,20000
050575,南亞科國票94購01,0,0,0,0,0,0,0,0,0,20000,0,0,0,20000,0,20000,20000
050558,台積電統一94購14,0,0,0,0,0,0,0,0,0,20000,0,0,0,20000,0,20000,20000
050464,華通國泰95購01  ,0,0,0,0,0,0,0,0,0,20000,0,0,0,108000,88000,20000,20000
050296,亞光凱基94購03  ,0,0,0,0,0,0,0,0,0,20000,0,0,0,36000,16000,20000,20000
050326,正崴永豐94購03  ,0,0,0,0,0,0,0,0,0,20000,0,0,0,20000,0,20000,20000
050424,鴻海凱基96購03  ,0,0,0,0,0,0,0,0,0,20000,0,0,0,20000,0,20000,20000
050442,復盛凱基94購01  ,0,0,0,0,0,0,0,0,0,20000,0,0,0,35000,15000,20000,20000
050219,台積電元富95購03,0,0,0,0,0,0,0,0,0,20000,0,0,0,34000,14000,20000,20000
051700,深中小群益99購04,0,0,0,0,0,0,0,0,0,20000,0,0,0,20000,0,20000,20000
051914,健策元大96購06  ,0,0,0,0,0,0,0,0,0,20000,0,0,0,38000,18000,20000,20000
05147P,鴻海元大95售11  ,0,0,0,0,0,0,0,0,0,20000,0,0,0,46000,26000,20000,20000
051387,新光金麥證96購01,0,0,0,30000,10000,20000,0,0,0,20000,0,0,0,30000,10000,20000,20000
051356,全新元大96購04  ,0,0,0,0,0,0,0,0,0,20000,0,0,0,50000,30000,20000,20000
051346,仁寶元大95購01  ,0,0,0,0,0,0,0,0,0,20000,0,0,0,20000,0,20000,20000
052024,臺股指永豐95購04,0,0,0,0,0,0,0,0,0,20000,0,0,0,20000,0,20000,20000
052161,義隆永豐95購03  ,0,0,0,0,0,0,0,0,0,20000,0,0,0,20000,0,20000,20000
052203,T50反1中信99購03,0,0,0,0,0,0,0,0,0,20000,0,0,0,20000,0,20000,20000
052205,台積電中信95購09,0,0,0,0,0,0,0,0,0,20000,0,0,0,60000,40000,20000,20000
052247,深中小永豐95購01,0,0,0,0,0,0,0,0,0,20000,0,0,0,20000,0,20000,20000
052515,矽力凱基95購02  ,0,0,0,0,0,0,0,0,0,20000,0,0,0,20000,0,20000,20000
052426,國巨台新96購01  ,0,0,0,0,0,0,0,0,0,20000,0,0,0,20000,0,20000,20000
2417,圓剛            ,66000,46000,20000,0,0,0,0,0,0,0,0,0,0,0,0,0,20000
06029P,聯發科台新96售02,0,0,0,0,0,0,0,0,0,20000,0,0,0,50000,30000,20000,20000
05917P,宏達電元大96售02,0,0,0,0,0,0,0,0,0,20000,0,0,0,53000,33000,20000,20000
05839P,臺股指富邦96售06,0,0,0,0,0,0,0,0,0,20000,0,0,0,50000,30000,20000,20000
05840P,臺股指富邦96售07,0,0,0,0,0,0,0,0,0,20000,0,0,0,30000,10000,20000,20000
1808,潤隆            ,82000,62000,20000,0,0,0,0,0,0,0,0,0,0,0,0,0,20000
055358,臻鼎凱基97購01  ,0,0,0,0,0,0,0,0,0,20000,0,0,0,20000,0,20000,20000
055098,臺股指群益97購01,0,0,0,0,0,0,0,0,0,20000,0,0,0,20000,0,20000,20000
05714P,群創統一97售03  ,0,0,0,0,0,0,0,0,0,20000,0,0,0,20000,0,20000,20000
05683P,矽創元大96售01  ,0,0,0,0,0,0,0,0,0,20000,0,0,0,30000,10000,20000,20000
05643P,大立光中信98售01,0,0,0,0,0,0,0,0,0,20000,0,0,0,20000,0,20000,20000
05573P,仁寶元富96售02  ,0,0,0,0,0,0,0,0,0,20000,0,0,0,20000,0,20000,20000
05547P,群創元大96售03  ,0,0,0,0,0,0,0,0,0,20000,0,0,0,104000,84000,20000,20000
055084,國巨第一97購01  ,0,0,0,0,0,0,0,0,0,19000,0,0,0,30000,11000,19000,19000
054344,景碩國票97購04  ,0,0,0,0,0,0,0,0,0,19000,0,0,0,19000,0,19000,19000
054318,台虹凱基98購01  ,0,0,0,0,0,0,0,0,0,19000,0,0,0,138000,119000,19000,19000
054382,康控群益96購03  ,0,0,0,0,0,0,0,0,0,19000,0,0,0,19000,0,19000,19000
053169,貿聯群益97購01  ,0,0,0,0,0,0,0,0,0,19000,0,0,0,55000,36000,19000,19000
052753,電子類元大96購02,0,0,0,0,0,0,0,0,0,19000,0,0,0,30000,11000,19000,19000
044906,晶技凱基91購01  ,0,0,0,0,0,0,0,0,0,19000,0,0,0,20000,1000,19000,19000
044062,可成元大92購02  ,0,0,0,0,0,0,0,0,0,19000,0,0,0,364000,345000,19000,19000
03629C,元油2X元富98牛06,0,0,0,0,0,0,0,0,0,19000,0,0,0,82000,63000,19000,19000
044705,群創元大93購03  ,0,0,0,0,0,0,0,0,0,19000,0,0,0,59000,40000,19000,19000
047843,超眾元大93購02  ,0,0,0,0,0,0,0,0,0,19000,0,0,0,20000,1000,19000,19000
046719,元石油元大95購02,0,0,0,0,0,0,0,0,0,19000,0,0,0,19000,0,19000,19000
047189,聯詠元大93購05  ,0,0,0,0,0,0,0,0,0,19000,0,0,0,19000,0,19000,19000
049199,茂林永豐95購01  ,0,0,0,0,0,0,0,0,0,19000,0,0,0,21000,2000,19000,19000
049507,和大凱基94購01  ,0,0,0,0,0,0,0,0,0,19000,0,0,0,54000,35000,19000,19000
049739,大立光群益94購05,0,0,0,0,0,0,0,0,0,19000,0,0,0,165000,146000,19000,19000
049833,正文凱基94購05  ,0,0,0,0,0,0,0,0,0,19000,0,0,0,92000,73000,19000,19000
046822,亞光凱基93購04  ,0,0,0,0,0,0,0,0,0,19000,0,0,0,33000,14000,19000,19000
048428,滬深2X國票93購05,0,0,0,0,0,0,0,0,0,19000,0,0,0,20000,1000,19000,19000
048727,大成鋼麥證94購01,0,0,0,59000,40000,19000,0,0,0,19000,0,0,0,59000,40000,19000,19000
047702,鴻海凱基94購13  ,0,0,0,0,0,0,0,0,0,19000,0,0,0,20000,1000,19000,19000
047938,台化國票93購01  ,0,0,0,0,0,0,0,0,0,19000,0,0,0,29000,10000,19000,19000
052431,茂林永豐95購03  ,0,0,0,0,0,0,0,0,0,19000,0,0,0,395000,376000,19000,19000
052164,啟碁永豐95購01  ,0,0,0,0,0,0,0,0,0,19000,0,0,0,31000,12000,19000,19000
050492,漢唐國泰96購01  ,0,0,0,0,0,0,0,0,0,19000,0,0,0,19000,0,19000,19000
050999,瀚宇博元大95購04,0,0,0,0,0,0,0,0,0,19000,0,0,0,104000,85000,19000,19000
055160,玉晶光元大99購03,0,0,0,0,0,0,0,0,0,19000,0,0,0,198000,179000,19000,19000
05823P,臺股指凱基96售20,0,0,0,0,0,0,0,0,0,19000,0,0,0,19000,0,19000,19000
8261,富鼎            ,23000,4000,19000,0,0,0,0,0,0,0,0,0,0,0,0,0,19000
8215,明基材          ,159000,139000,20000,0,0,0,0,0,0,-1000,0,1000,-1000,0,0,0,19000
052961,國巨凱基97購02  ,0,0,0,0,0,0,0,0,0,18000,0,0,0,121000,103000,18000,18000
053311,同欣電凱基96購01,0,0,0,0,0,0,0,0,0,18000,0,0,0,120000,102000,18000,18000
053681,臺股指富邦96購02,0,0,0,0,0,0,0,0,0,18000,0,0,0,51000,33000,18000,18000
054413,台光電元大96購03,0,0,0,0,0,0,0,0,0,18000,0,0,0,78000,60000,18000,18000
054943,群光元大97購01  ,0,0,0,0,0,0,0,0,0,18000,0,0,0,230000,212000,18000,18000
045322,京元電統一92購02,0,0,0,0,0,0,0,0,0,18000,0,0,0,18000,0,18000,18000
045532,台表科永豐92購01,0,0,0,0,0,0,0,0,0,18000,0,0,0,30000,12000,18000,18000
049113,大立光統一94購06,0,0,0,0,0,0,0,0,0,18000,0,0,0,54000,36000,18000,18000
045184,京元電統一93購01,0,0,0,0,0,0,0,0,0,18000,0,0,0,18000,0,18000,18000
045258,漢唐凱基93購01  ,0,0,0,0,0,0,0,0,0,18000,0,0,0,22000,4000,18000,18000
046060,台塑凱基92購01  ,0,0,0,0,0,0,0,0,0,18000,0,0,0,18000,0,18000,18000
04325P,創意元大93售06  ,0,0,0,0,0,0,0,0,0,18000,0,0,0,68000,50000,18000,18000
04336P,台達電元大93售04,0,0,0,0,0,0,0,0,0,18000,0,0,0,68000,50000,18000,18000
045733,瑞昱國票93購01  ,0,0,0,0,0,0,0,0,0,18000,0,0,0,18000,0,18000,18000
048426,超眾元富93購01  ,0,0,0,0,0,0,0,0,0,18000,0,0,0,180000,162000,18000,18000
048435,致新國票93購01  ,0,0,0,0,0,0,0,0,0,18000,0,0,0,43000,25000,18000,18000
049773,臺股指元富94購02,0,0,0,0,0,0,0,0,0,18000,0,0,0,29000,11000,18000,18000
048349,美利達元大96購02,0,0,0,0,0,0,0,0,0,18000,0,0,0,68000,50000,18000,18000
048359,奇鋐永豐93購02  ,0,0,0,0,0,0,0,0,0,18000,0,0,0,18000,0,18000,18000
046890,瑞昱群益93購02  ,0,0,0,0,0,0,0,0,0,18000,0,0,0,43000,25000,18000,18000
048814,上銀凱基94購01  ,0,0,0,0,0,0,0,0,0,18000,0,0,0,18000,0,18000,18000
047353,台郡凱基93購03  ,0,0,0,0,0,0,0,0,0,18000,0,0,0,37000,19000,18000,18000
047773,超眾元大96購01  ,0,0,0,0,0,0,0,0,0,18000,0,0,0,18000,0,18000,18000
051128,台表科群益95購02,0,0,0,0,0,0,0,0,0,18000,0,0,0,246000,228000,18000,18000
050725,光磊國票96購01  ,0,0,0,0,0,0,0,0,0,18000,0,0,0,18000,0,18000,18000
050677,光寶科統一94購01,0,0,0,0,0,0,0,0,0,18000,0,0,0,18000,0,18000,18000
051476,聯發科凱基95購09,0,0,0,0,0,0,0,0,0,18000,0,0,0,35000,17000,18000,18000
051919,台郡元大96購02  ,0,0,0,0,0,0,0,0,0,18000,0,0,0,43000,25000,18000,18000
051697,康友中信95購02  ,0,0,0,0,0,0,0,0,0,18000,0,0,0,151000,133000,18000,18000
9941,裕融            ,36000,33000,3000,0,0,0,0,0,0,15000,15000,0,15000,0,0,0,18000
2484,希華            ,46000,28000,18000,0,0,0,0,0,0,0,0,0,0,0,0,0,18000
4739,康普            ,57000,39000,18000,0,0,0,0,0,0,0,0,0,0,0,0,0,18000
6168,宏齊            ,22000,3000,19000,0,0,0,0,0,0,-1000,0,1000,-1000,0,0,0,18000
05876P,聯發科群益96售03,0,0,0,0,0,0,0,0,0,18000,0,0,0,33000,15000,18000,18000
05954P,旺宏國票97售03  ,0,0,0,0,0,0,0,0,0,18000,0,0,0,20000,2000,18000,18000
06068P,玉晶光康和97售01,0,0,0,0,0,0,0,0,0,18000,0,0,0,21000,3000,18000,18000
1907,永豐餘          ,240000,220000,20000,0,0,0,0,0,0,-2000,0,2000,-2000,0,0,0,18000
054836,勤誠中信97購01  ,0,0,0,0,0,0,0,0,0,17000,0,0,0,252000,235000,17000,17000
054480,和碩中信98購01  ,0,0,0,0,0,0,0,0,0,17000,0,0,0,22000,5000,17000,17000
054459,鈺齊群益96購01  ,0,0,0,0,0,0,0,0,0,17000,0,0,0,345000,328000,17000,17000
054285,國巨元大98購02  ,0,0,0,0,0,0,0,0,0,17000,0,0,0,37000,20000,17000,17000
054232,台積電群益96購12,0,0,0,0,0,0,0,0,0,17000,0,0,0,17000,0,17000,17000
053858,台達電元大96購05,0,0,0,0,0,0,0,0,0,17000,0,0,0,122000,105000,17000,17000
053861,台光電元大98購01,0,0,0,0,0,0,0,0,0,17000,0,0,0,32000,15000,17000,17000
052963,智邦凱基96購02  ,0,0,0,0,0,0,0,0,0,17000,0,0,0,18000,1000,17000,17000
05317P,臺股指永昌95售02,0,0,0,0,0,0,0,0,0,17000,0,0,0,17000,0,17000,17000
053224,矽力凱基96購02  ,0,0,0,0,0,0,0,0,0,17000,0,0,0,48000,31000,17000,17000
053037,國巨凱基96購08  ,0,0,0,0,0,0,0,0,0,17000,0,0,0,61000,44000,17000,17000
053081,上銀元大97購02  ,0,0,0,0,0,0,0,0,0,17000,0,0,0,54000,37000,17000,17000
043391,康控元大94購01  ,0,0,0,0,0,0,0,0,0,17000,0,0,0,207000,190000,17000,17000
040475,台表科群益92購01,0,0,0,0,0,0,0,0,0,17000,0,0,0,17000,0,17000,17000
044312,A50正2永豐92購01,0,0,0,0,0,0,0,0,0,17000,0,0,0,321000,304000,17000,17000
044626,欣興元大92購03  ,0,0,0,0,0,0,0,0,0,17000,0,0,0,191000,174000,17000,17000
047789,景碩群益93購01  ,0,0,0,0,0,0,0,0,0,17000,0,0,0,17000,0,17000,17000
047754,嘉澤元富93購02  ,0,0,0,0,0,0,0,0,0,17000,0,0,0,17000,0,17000,17000
046940,瑞昱元大93購07  ,0,0,0,0,0,0,0,0,0,17000,0,0,0,40000,23000,17000,17000
047171,聯發科永豐93購01,0,0,0,0,0,0,0,0,0,17000,0,0,0,70000,53000,17000,17000
047033,日月光中信95購01,0,0,0,0,0,0,0,0,0,17000,0,0,0,20000,3000,17000,17000
047005,南亞科統一93購03,0,0,0,0,0,0,0,0,0,17000,0,0,0,37000,20000,17000,17000
049455,上海銀統一94購02,0,0,0,0,0,0,0,0,0,17000,0,0,0,20000,3000,17000,17000
047318,聯詠元大93購07  ,0,0,0,0,0,0,0,0,0,17000,0,0,0,27000,10000,17000,17000
051838,國巨國泰97購01  ,0,0,0,0,0,0,0,0,0,17000,0,0,0,18000,1000,17000,17000
051958,貿聯台新95購01  ,0,0,0,0,0,0,0,0,0,17000,0,0,0,47000,30000,17000,17000
050320,台表科國票94購01,0,0,0,0,0,0,0,0,0,17000,0,0,0,17000,0,17000,17000
050338,TPK富邦96購01   ,0,0,0,0,0,0,0,0,0,17000,0,0,0,17000,0,17000,17000
06101P,聯發科日盛97售03,0,0,0,0,0,0,0,0,0,17000,0,0,0,85000,68000,17000,17000
05774P,臺股指凱基99售04,0,0,0,0,0,0,0,0,0,17000,0,0,0,79000,62000,17000,17000
055252,新光金統一98購02,0,0,0,0,0,0,0,0,0,17000,0,0,0,17000,0,17000,17000
055506,台郡元大99購02  ,0,0,0,0,0,0,0,0,0,17000,0,0,0,56000,39000,17000,17000
2443,億麗            ,19000,2000,17000,0,0,0,0,0,0,0,0,0,0,0,0,0,17000
2501,國建            ,68000,51000,17000,0,0,0,0,0,0,0,0,0,0,0,0,0,17000
053052,旺宏國票97購02  ,0,0,0,0,0,0,0,0,0,16000,0,0,0,78000,62000,16000,16000
053021,國巨國泰97購04  ,0,0,0,0,0,0,0,0,0,16000,0,0,0,16000,0,16000,16000
053022,欣興國泰98購01  ,0,0,0,0,0,0,0,0,0,16000,0,0,0,430000,414000,16000,16000
052991,台積電台新96購01,0,0,0,0,0,0,0,0,0,16000,0,0,0,16000,0,16000,16000
05318P,臺股指永昌95售03,0,0,0,0,0,0,0,0,0,16000,0,0,0,21000,5000,16000,16000
052975,嘉聯益群益96購01,0,0,0,0,0,0,0,0,0,16000,0,0,0,48000,32000,16000,16000
052889,致伸麥證97購01  ,0,0,0,16000,0,16000,0,0,0,16000,0,0,0,16000,0,16000,16000
052752,臺股指元大96購06,0,0,0,0,0,0,0,0,0,16000,0,0,0,21000,5000,16000,16000
052799,上銀元大96購01  ,0,0,0,0,0,0,0,0,0,16000,0,0,0,130000,114000,16000,16000
053788,泰鼎元大97購01  ,0,0,0,0,0,0,0,0,0,16000,0,0,0,198000,182000,16000,16000
053586,建準元大96購01  ,0,0,0,0,0,0,0,0,0,16000,0,0,0,100000,84000,16000,16000
054102,百和國票97購04  ,0,0,0,0,0,0,0,0,0,16000,0,0,0,40000,24000,16000,16000
054758,南亞國票9A購01  ,0,0,0,0,0,0,0,0,0,16000,0,0,0,16000,0,16000,16000
054768,泰碩國票99購02  ,0,0,0,0,0,0,0,0,0,16000,0,0,0,16000,0,16000,16000
045919,臺股指國票92購09,0,0,0,0,0,0,0,0,0,16000,0,0,0,16000,0,16000,16000
048982,牧德元大94購02  ,0,0,0,0,0,0,0,0,0,16000,0,0,0,19000,3000,16000,16000
042317,台灣50永豐96購01,0,0,0,0,0,0,0,0,0,16000,0,0,0,17000,1000,16000,16000
03910P,GIS元大93售09   ,0,0,0,0,0,0,0,0,0,16000,0,0,0,16000,0,16000,16000
044960,京元電兆豐93購01,0,0,0,0,0,0,0,0,0,16000,0,0,0,89000,73000,16000,16000
048767,欣興凱基94購01  ,0,0,0,0,0,0,0,0,0,16000,0,0,0,28000,12000,16000,16000
048739,華新科統一94購02,0,0,0,0,0,0,0,0,0,16000,0,0,0,16000,0,16000,16000
049192,元油2X永豐96購02,0,0,0,0,0,0,0,0,0,16000,0,0,0,16000,0,16000,16000
04747P,臺股指元大94售22,0,0,0,0,0,0,0,0,0,16000,0,0,0,316000,300000,16000,16000
047732,美利達群益93購01,0,0,0,0,0,0,0,0,0,16000,0,0,0,16000,0,16000,16000
04683P,南亞科元大94售04,0,0,0,0,0,0,0,0,0,16000,0,0,0,16000,0,16000,16000
04833P,鴻海元大94售16  ,0,0,0,0,0,0,0,0,0,16000,0,0,0,16000,0,16000,16000
047703,台積電凱基93購19,0,0,0,0,0,0,0,0,0,16000,0,0,0,46000,30000,16000,16000
048539,巨大國票94購01  ,0,0,0,0,0,0,0,0,0,16000,0,0,0,22000,6000,16000,16000
048291,台積電群益93購09,0,0,0,0,0,0,0,0,0,16000,0,0,0,39000,23000,16000,16000
050391,大立光統一94購07,0,0,0,0,0,0,0,0,0,16000,0,0,0,60000,44000,16000,16000
050611,鴻海元大95購02  ,0,0,0,0,0,0,0,0,0,16000,0,0,0,92000,76000,16000,16000
050755,和大元富94購01  ,0,0,0,0,0,0,0,0,0,16000,0,0,0,44000,28000,16000,16000
051858,上銀凱基95購01  ,0,0,0,0,0,0,0,0,0,16000,0,0,0,20000,4000,16000,16000
2887E,台新戊特        ,0,0,0,0,0,0,0,0,0,16000,16000,0,16000,0,0,0,16000
2431,聯昌            ,17000,2000,15000,0,0,0,0,0,0,1000,1000,0,1000,0,0,0,16000
2062,橋椿            ,16000,0,16000,0,0,0,0,0,0,0,0,0,0,0,0,0,16000
1537,廣隆            ,19000,3000,16000,0,0,0,0,0,0,0,0,0,0,0,0,0,16000
054593,滬深2X永昌9A購01,0,0,0,0,0,0,0,0,0,15000,0,0,0,15000,0,15000,15000
054548,鴻海凱基98購03  ,0,0,0,0,0,0,0,0,0,15000,0,0,0,15000,0,15000,15000
054928,帆宣凱基98購01  ,0,0,0,0,0,0,0,0,0,15000,0,0,0,25000,10000,15000,15000
054101,茂林國票97購04  ,0,0,0,0,0,0,0,0,0,15000,0,0,0,15000,0,15000,15000
05427P,聯發科凱基96售07,0,0,0,0,0,0,0,0,0,15000,0,0,0,75000,60000,15000,15000
054417,牧德元大96購01  ,0,0,0,0,0,0,0,0,0,15000,0,0,0,15000,0,15000,15000
054401,康普永豐96購01  ,0,0,0,0,0,0,0,0,0,15000,0,0,0,30000,15000,15000,15000
053573,臺股指統一99購01,0,0,0,0,0,0,0,0,0,15000,0,0,0,15000,0,15000,15000
053542,超眾永豐96購01  ,0,0,0,0,0,0,0,0,0,15000,0,0,0,37000,22000,15000,15000
053773,上銀元大96購04  ,0,0,0,0,0,0,0,0,0,15000,0,0,0,95000,80000,15000,15000
053792,百和元大96購01  ,0,0,0,0,0,0,0,0,0,15000,0,0,0,56000,41000,15000,15000
05265P,正崴元大95售03  ,0,0,0,0,0,0,0,0,0,15000,0,0,0,25000,10000,15000,15000
053131,華通國票97購03  ,0,0,0,0,0,0,0,0,0,15000,0,0,0,225000,210000,15000,15000
05323P,瑞昱凱基96售02  ,0,0,0,0,0,0,0,0,0,15000,0,0,0,20000,5000,15000,15000
053118,大立光中信9C購01,0,0,0,0,0,0,0,0,0,15000,0,0,0,15000,0,15000,15000
044195,台積電國票91購03,0,0,0,0,0,0,0,0,0,15000,0,0,0,15000,0,15000,15000
044861,玉晶光兆豐93購01,0,0,0,0,0,0,0,0,0,15000,0,0,0,26000,11000,15000,15000
041816,元油2X凱基92購01,0,0,0,0,0,0,0,0,0,15000,0,0,0,15000,0,15000,15000
044095,大立光統一92購01,0,0,0,0,0,0,0,0,0,15000,0,0,0,25000,10000,15000,15000
044057,致茂元大91購02  ,0,0,0,0,0,0,0,0,0,15000,0,0,0,15000,0,15000,15000
03928P,鎧勝康和93售01  ,0,0,0,0,0,0,0,0,0,15000,0,0,0,15000,0,15000,15000
03939P,康控元大95售02  ,0,0,0,0,0,0,0,0,0,15000,0,0,0,15000,0,15000,15000
00763U,街口道瓊銅      ,0,0,0,0,0,0,0,0,0,15000,0,0,0,15000,0,15000,15000
042346,創意富邦92購01  ,0,0,0,0,0,0,0,0,0,15000,0,0,0,15000,0,15000,15000
042647,台積電統一91購04,0,0,0,0,0,0,0,0,0,15000,0,0,0,15000,0,15000,15000
043944,欣興兆豐93購02  ,0,0,0,0,0,0,0,0,0,15000,0,0,0,141000,126000,15000,15000
043962,亞泥國泰92購01  ,0,0,0,0,0,0,0,0,0,15000,0,0,0,30000,15000,15000,15000
04347P,全新群益94售01  ,0,0,0,0,0,0,0,0,0,15000,0,0,0,15000,0,15000,15000
043694,華新科兆豐92購01,0,0,0,0,0,0,0,0,0,15000,0,0,0,15000,0,15000,15000
048878,康控國票95購02  ,0,0,0,0,0,0,0,0,0,15000,0,0,0,18000,3000,15000,15000
046275,台表科凱基94購01,0,0,0,0,0,0,0,0,0,15000,0,0,0,26000,11000,15000,15000
044407,聯茂凱基93購01  ,0,0,0,0,0,0,0,0,0,15000,0,0,0,96000,81000,15000,15000
047991,元油反元大96購05,0,0,0,0,0,0,0,0,0,15000,0,0,0,15000,0,15000,15000
048851,台達電群益94購01,0,0,0,0,0,0,0,0,0,15000,0,0,0,35000,20000,15000,15000
048697,華新科國票94購06,0,0,0,0,0,0,0,0,0,15000,0,0,0,18000,3000,15000,15000
047493,旺宏元富96購01  ,0,0,0,0,0,0,0,0,0,15000,0,0,0,80000,65000,15000,15000
049309,台達電凱基94購05,0,0,0,0,0,0,0,0,0,15000,0,0,0,23000,8000,15000,15000
047599,大立光統一93購08,0,0,0,0,0,0,0,0,0,15000,0,0,0,30000,15000,15000,15000
046861,和碩元大93購01  ,0,0,0,0,0,0,0,0,0,15000,0,0,0,17000,2000,15000,15000
048863,超眾群益94購01  ,0,0,0,0,0,0,0,0,0,15000,0,0,0,15000,0,15000,15000
049809,聯詠元大94購04  ,0,0,0,0,0,0,0,0,0,15000,0,0,0,15000,0,15000,15000
049936,柏文元大94購02  ,0,0,0,0,0,0,0,0,0,15000,0,0,0,55000,40000,15000,15000
046700,台郡凱基93購02  ,0,0,0,0,0,0,0,0,0,15000,0,0,0,35000,20000,15000,15000
046497,鴻海元大92購17  ,0,0,0,0,0,0,0,0,0,15000,0,0,0,35000,20000,15000,15000
047014,元油反元大99購01,0,0,0,0,0,0,0,0,0,15000,0,0,0,15000,0,15000,15000
049407,台積電日盛94購02,0,0,0,0,0,0,0,0,0,15000,0,0,0,15000,0,15000,15000
047368,南電群益93購01  ,0,0,0,0,0,0,0,0,0,15000,0,0,0,223000,208000,15000,15000
051997,康友元大95購02  ,0,0,0,0,0,0,0,0,0,15000,0,0,0,702000,687000,15000,15000
051688,大立光凱基97購02,0,0,0,0,0,0,0,0,0,15000,0,0,0,15000,0,15000,15000
051394,奇鋐兆豐95購01  ,0,0,0,0,0,0,0,0,0,15000,0,0,0,15000,0,15000,15000
051499,康控群益95購02  ,0,0,0,0,0,0,0,0,0,15000,0,0,0,110000,95000,15000,15000
052525,聯詠元大95購06  ,0,0,0,0,0,0,0,0,0,15000,0,0,0,65000,50000,15000,15000
050284,台泥凱基94購01  ,0,0,0,0,0,0,0,0,0,15000,0,0,0,15000,0,15000,15000
1709,和益            ,20000,5000,15000,0,0,0,0,0,0,0,0,0,0,0,0,0,15000
1612,宏泰            ,15000,0,15000,0,0,0,0,0,0,0,0,0,0,0,0,0,15000
1905,華紙            ,33000,18000,15000,0,0,0,0,0,0,0,0,0,0,0,0,0,15000
05785P,臺股指元大96售19,0,0,0,0,0,0,0,0,0,15000,0,0,0,24000,9000,15000,15000
05802P,臺股指兆豐96售02,0,0,0,0,0,0,0,0,0,15000,0,0,0,15000,0,15000,15000
05610P,國巨群益98售01  ,0,0,0,0,0,0,0,0,0,15000,0,0,0,38000,23000,15000,15000
055164,矽創元大98購01  ,0,0,0,0,0,0,0,0,0,15000,0,0,0,418000,403000,15000,15000
055274,華泰元大97購02  ,0,0,0,0,0,0,0,0,0,15000,0,0,0,85000,70000,15000,15000
2358,廷鑫            ,18000,3000,15000,0,0,0,0,0,0,0,0,0,0,0,0,0,15000
2891B,中信金乙特      ,0,0,0,0,0,0,0,0,0,15000,1000,0,1000,14000,0,14000,15000
2535,達欣工          ,28000,13000,15000,0,0,0,0,0,0,0,0,0,0,0,0,0,15000
4763,材料-KY         ,18000,5000,13000,0,0,0,0,0,0,2000,2000,0,2000,0,0,0,15000
3305,昇貿            ,21000,5000,16000,0,0,0,0,0,0,-1000,0,1000,-1000,0,0,0,15000
8482,商億-KY         ,187000,172000,15000,0,0,0,0,0,0,0,0,0,0,0,0,0,15000
9906,欣巴巴          ,16000,1000,15000,0,0,0,0,0,0,0,0,0,0,0,0,0,15000
053087,冠德元大96購02  ,0,0,0,0,0,0,0,0,0,14000,0,0,0,30000,16000,14000,14000
052659,上証2X國票99購01,0,0,0,0,0,0,0,0,0,14000,0,0,0,14000,0,14000,14000
052676,聯發科永昌98購01,0,0,0,0,0,0,0,0,0,14000,0,0,0,69000,55000,14000,14000
052788,開發金中信98購02,0,0,0,0,0,0,0,0,0,14000,0,0,0,40000,26000,14000,14000
053656,可成凱基96購06  ,0,0,0,0,0,0,0,0,0,14000,0,0,0,191000,177000,14000,14000
054377,臺股指中信99購09,0,0,0,0,0,0,0,0,0,14000,0,0,0,170000,156000,14000,14000
054050,創意元大96購06  ,0,0,0,0,0,0,0,0,0,14000,0,0,0,48000,34000,14000,14000
054054,光磊國票97購02  ,0,0,0,0,0,0,0,0,0,14000,0,0,0,3533000,3519000,14000,14000
054797,臻鼎群益97購01  ,0,0,0,0,0,0,0,0,0,14000,0,0,0,21000,7000,14000,14000
054728,聯發科日盛97購01,0,0,0,0,0,0,0,0,0,14000,0,0,0,20000,6000,14000,14000
044752,台積電凱基91購23,0,0,0,0,0,0,0,0,0,14000,0,0,0,24000,10000,14000,14000
044299,南電凱基93購02  ,0,0,0,0,0,0,0,0,0,14000,0,0,0,44000,30000,14000,14000
03415B,臺股指元大93熊49,0,0,0,0,0,0,0,0,0,14000,0,0,0,95000,81000,14000,14000
04422P,玉晶光永豐94售03,0,0,0,0,0,0,0,0,0,14000,0,0,0,135000,121000,14000,14000
044257,和碩元大91購01  ,0,0,0,0,0,0,0,0,0,14000,0,0,0,14000,0,14000,14000
044966,台表科中信94購01,0,0,0,0,0,0,0,0,0,14000,0,0,0,32000,18000,14000,14000
044911,和碩凱基91購01  ,0,0,0,0,0,0,0,0,0,14000,0,0,0,14000,0,14000,14000
046159,群創群益98購04  ,0,0,0,0,0,0,0,0,0,14000,0,0,0,14000,0,14000,14000
049396,元油2X群益97購03,0,0,0,0,0,0,0,0,0,14000,0,0,0,18000,4000,14000,14000
047031,麗豐元大93購01  ,0,0,0,0,0,0,0,0,0,14000,0,0,0,14000,0,14000,14000
046501,友達元大92購05  ,0,0,0,0,0,0,0,0,0,14000,0,0,0,44000,30000,14000,14000
048050,元油反中信93購01,0,0,0,0,0,0,0,0,0,14000,0,0,0,14000,0,14000,14000
046441,儒鴻兆豐92購01  ,0,0,0,0,0,0,0,0,0,14000,0,0,0,57000,43000,14000,14000
047765,瑞昱元大93購12  ,0,0,0,0,0,0,0,0,0,14000,0,0,0,70000,56000,14000,14000
049704,羅麗芬元大95購01,0,0,0,0,0,0,0,0,0,14000,0,0,0,14000,0,14000,14000
049693,可成元大94購08  ,0,0,0,0,0,0,0,0,0,14000,0,0,0,132000,118000,14000,14000
047540,技嘉麥證93購01  ,0,0,0,14000,0,14000,0,0,0,14000,0,0,0,14000,0,14000,14000
048693,GIS群益94購02   ,0,0,0,0,0,0,0,0,0,14000,0,0,0,22000,8000,14000,14000
047975,緯創兆豐93購01  ,0,0,0,0,0,0,0,0,0,14000,0,0,0,15000,1000,14000,14000
052592,華通群益98購01  ,0,0,0,0,0,0,0,0,0,14000,0,0,0,14000,0,14000,14000
052141,百和凱基95購02  ,0,0,0,0,0,0,0,0,0,14000,0,0,0,120000,106000,14000,14000
052292,緯穎元富95購02  ,0,0,0,0,0,0,0,0,0,14000,0,0,0,32000,18000,14000,14000
6715,嘉基            ,27000,14000,13000,0,0,0,0,0,0,1000,5000,4000,1000,0,0,0,14000
055289,泰碩元大98購01  ,0,0,0,0,0,0,0,0,0,14000,0,0,0,14000,0,14000,14000
055327,致新國票98購01  ,0,0,0,0,0,0,0,0,0,14000,0,0,0,14000,0,14000,14000
1608,華榮            ,19000,5000,14000,0,0,0,0,0,0,0,0,0,0,0,0,0,14000
1325,恆大            ,14000,0,14000,0,0,0,0,0,0,0,0,0,0,0,0,0,14000
054753,復盛凱基98購01  ,0,0,0,0,0,0,0,0,0,13000,0,0,0,32000,19000,13000,13000
055083,康友中信97購01  ,0,0,0,0,0,0,0,0,0,13000,0,0,0,18000,5000,13000,13000
054062,TPK國票96購02   ,0,0,0,0,0,0,0,0,0,13000,0,0,0,13000,0,13000,13000
053995,奇力新群益97購02,0,0,0,0,0,0,0,0,0,13000,0,0,0,127000,114000,13000,13000
054316,矽創凱基97購01  ,0,0,0,0,0,0,0,0,0,13000,0,0,0,98000,85000,13000,13000
054334,超眾永豐96購04  ,0,0,0,0,0,0,0,0,0,13000,0,0,0,62000,49000,13000,13000
054260,貿聯元大96購03  ,0,0,0,0,0,0,0,0,0,13000,0,0,0,13000,0,13000,13000
054465,亞光凱基97購01  ,0,0,0,0,0,0,0,0,0,13000,0,0,0,35000,22000,13000,13000
053484,國巨國票97購03  ,0,0,0,0,0,0,0,0,0,13000,0,0,0,158000,145000,13000,13000
053319,可成群益96購04  ,0,0,0,0,0,0,0,0,0,13000,0,0,0,13000,0,13000,13000
052798,滬深2X元大96購07,0,0,0,0,0,0,0,0,0,13000,0,0,0,17000,4000,13000,13000
052674,智邦國泰98購01  ,0,0,0,0,0,0,0,0,0,13000,0,0,0,382000,369000,13000,13000
053110,大立光兆豐97購01,0,0,0,0,0,0,0,0,0,13000,0,0,0,18000,5000,13000,13000
053234,奇鋐永豐96購01  ,0,0,0,0,0,0,0,0,0,13000,0,0,0,13000,0,13000,13000
053268,日月光群益96購01,0,0,0,0,0,0,0,0,0,13000,0,0,0,13000,0,13000,13000
053191,奇鋐統一96購01  ,0,0,0,0,0,0,0,0,0,13000,0,0,0,13000,0,13000,13000
04010P,上銀元大93售07  ,0,0,0,0,0,0,0,0,0,13000,0,0,0,101000,88000,13000,13000
020004,兆豐電菁英30N   ,0,0,0,0,0,0,0,0,0,13000,0,0,0,15000,2000,13000,13000
043784,鴻海凱基94購01  ,0,0,0,0,0,0,0,0,0,13000,0,0,0,17000,4000,13000,13000
045963,新光金凱基93購01,0,0,0,0,0,0,0,0,0,13000,0,0,0,13000,0,13000,13000
046318,聯詠元大92購04  ,0,0,0,0,0,0,0,0,0,13000,0,0,0,13000,0,13000,13000
04908P,南電國票95售03  ,0,0,0,0,0,0,0,0,0,13000,0,0,0,13000,0,13000,13000
049136,華通元大95購01  ,0,0,0,0,0,0,0,0,0,13000,0,0,0,96000,83000,13000,13000
047940,台光電國票93購01,0,0,0,0,0,0,0,0,0,13000,0,0,0,13000,0,13000,13000
049736,宏達電群益95購03,0,0,0,0,0,0,0,0,0,13000,0,0,0,53000,40000,13000,13000
047639,聯發科元大93購16,0,0,0,0,0,0,0,0,0,13000,0,0,0,95000,82000,13000,13000
049542,鴻海群益94購05  ,0,0,0,0,0,0,0,0,0,13000,0,0,0,23000,10000,13000,13000
046973,矽力群益93購01  ,0,0,0,0,0,0,0,0,0,13000,0,0,0,13000,0,13000,13000
047447,台郡元大94購02  ,0,0,0,0,0,0,0,0,0,13000,0,0,0,74000,61000,13000,13000
047267,瀚宇博台新93購01,0,0,0,0,0,0,0,0,0,13000,0,0,0,30000,17000,13000,13000
052218,大立光日盛95購01,0,0,0,0,0,0,0,0,0,13000,0,0,0,13000,0,13000,13000
052506,日月光日盛95購01,0,0,0,0,0,0,0,0,0,13000,0,0,0,13000,0,13000,13000
052507,日月光日盛95購02,0,0,0,0,0,0,0,0,0,13000,0,0,0,13000,0,13000,13000
05233P,台郡台新95售02  ,0,0,0,0,0,0,0,0,0,13000,0,0,0,70000,57000,13000,13000
051492,臻鼎凱基95購01  ,0,0,0,0,0,0,0,0,0,13000,0,0,0,40000,27000,13000,13000
051647,華新科永豐95購02,0,0,0,0,0,0,0,0,0,13000,0,0,0,51000,38000,13000,13000
051448,聯詠元大95購02  ,0,0,0,0,0,0,0,0,0,13000,0,0,0,13000,0,13000,13000
051423,GIS國票97購01   ,0,0,0,0,0,0,0,0,0,13000,0,0,0,13000,0,13000,13000
051854,鴻海麥證95購04  ,0,0,0,13000,0,13000,0,0,0,13000,0,0,0,13000,0,13000,13000
050471,國泰金台新94購01,0,0,0,0,0,0,0,0,0,13000,0,0,0,30000,17000,13000,13000
050049,華通群益96購01  ,0,0,0,0,0,0,0,0,0,13000,0,0,0,13000,0,13000,13000
051227,技嘉群益97購01  ,0,0,0,0,0,0,0,0,0,13000,0,0,0,13000,0,13000,13000
051163,鴻海元大95購04  ,0,0,0,0,0,0,0,0,0,13000,0,0,0,308000,295000,13000,13000
1441,大東            ,22000,9000,13000,0,0,0,0,0,0,0,0,0,0,0,0,0,13000
1702,南僑            ,17000,2000,15000,0,0,0,0,0,0,-2000,0,2000,-2000,0,0,0,13000
1526,日馳            ,15000,2000,13000,0,0,0,0,0,0,0,0,0,0,0,0,0,13000
2002A,中鋼特          ,0,0,0,0,0,0,0,0,0,13000,13000,0,13000,0,0,0,13000
055401,亞光元富9A購01  ,0,0,0,0,0,0,0,0,0,13000,0,0,0,18000,5000,13000,13000
5471,松翰            ,55000,42000,13000,0,0,0,0,0,0,0,0,0,0,0,0,0,13000
053247,麗豐國票97購01  ,0,0,0,0,0,0,0,0,0,12000,0,0,0,13000,1000,12000,12000
053215,禾伸堂凱基96購01,0,0,0,0,0,0,0,0,0,12000,0,0,0,204000,192000,12000,12000
052830,台光電群益96購01,0,0,0,0,0,0,0,0,0,12000,0,0,0,95000,83000,12000,12000
053307,泰碩凱基97購01  ,0,0,0,0,0,0,0,0,0,12000,0,0,0,20000,8000,12000,12000
053553,聯詠凱基96購03  ,0,0,0,0,0,0,0,0,0,12000,0,0,0,12000,0,12000,12000
054562,亞光群益98購01  ,0,0,0,0,0,0,0,0,0,12000,0,0,0,22000,10000,12000,12000
049074,光罩凱基94購02  ,0,0,0,0,0,0,0,0,0,12000,0,0,0,227000,215000,12000,12000
049042,玉晶光兆豐95購01,0,0,0,0,0,0,0,0,0,12000,0,0,0,26000,14000,12000,12000
048999,康普國票95購01  ,0,0,0,0,0,0,0,0,0,12000,0,0,0,12000,0,12000,12000
048941,牧德永豐94購02  ,0,0,0,0,0,0,0,0,0,12000,0,0,0,85000,73000,12000,12000
046355,欣興群益92購03  ,0,0,0,0,0,0,0,0,0,12000,0,0,0,84000,72000,12000,12000
044375,亞光兆豐92購01  ,0,0,0,0,0,0,0,0,0,12000,0,0,0,12000,0,12000,12000
045027,漢唐國票92購02  ,0,0,0,0,0,0,0,0,0,12000,0,0,0,12000,0,12000,12000
043525,創意元大92購02  ,0,0,0,0,0,0,0,0,0,12000,0,0,0,22000,10000,12000,12000
044236,瑞昱永豐91購01  ,0,0,0,0,0,0,0,0,0,12000,0,0,0,12000,0,12000,12000
04047P,華邦電元大94售03,0,0,0,0,0,0,0,0,0,12000,0,0,0,19000,7000,12000,12000
040772,滬深2X元富92購02,0,0,0,0,0,0,0,0,0,12000,0,0,0,17000,5000,12000,12000
04174P,上銀群益93售06  ,0,0,0,0,0,0,0,0,0,12000,0,0,0,23000,11000,12000,12000
046914,友達台新96購01  ,0,0,0,0,0,0,0,0,0,12000,0,0,0,12000,0,12000,12000
047115,可成元大93購06  ,0,0,0,0,0,0,0,0,0,12000,0,0,0,154000,142000,12000,12000
046947,禾伸堂元大93購01,0,0,0,0,0,0,0,0,0,12000,0,0,0,42000,30000,12000,12000
047729,聯茂群益93購02  ,0,0,0,0,0,0,0,0,0,12000,0,0,0,12000,0,12000,12000
048781,臺股指凱基96購01,0,0,0,0,0,0,0,0,0,12000,0,0,0,15000,3000,12000,12000
046624,彩晶凱基94購02  ,0,0,0,0,0,0,0,0,0,12000,0,0,0,15000,3000,12000,12000
048834,牧德凱基94購01  ,0,0,0,0,0,0,0,0,0,12000,0,0,0,12000,0,12000,12000
046862,台郡元大94購01  ,0,0,0,0,0,0,0,0,0,12000,0,0,0,12000,0,12000,12000
049595,麗豐元大95購01  ,0,0,0,0,0,0,0,0,0,12000,0,0,0,12000,0,12000,12000
049797,台積電元大94購17,0,0,0,0,0,0,0,0,0,12000,0,0,0,12000,0,12000,12000
049858,百和群益94購05  ,0,0,0,0,0,0,0,0,0,12000,0,0,0,62000,50000,12000,12000
048450,聯詠凱基93購09  ,0,0,0,0,0,0,0,0,0,12000,0,0,0,12000,0,12000,12000
051004,台新金中信95購02,0,0,0,0,0,0,0,0,0,12000,0,0,0,30000,18000,12000,12000
049898,緯穎統一95購01  ,0,0,0,0,0,0,0,0,0,12000,0,0,0,12000,0,12000,12000
050191,和碩元大94購02  ,0,0,0,0,0,0,0,0,0,12000,0,0,0,12000,0,12000,12000
050433,華新科凱基94購11,0,0,0,0,0,0,0,0,0,12000,0,0,0,47000,35000,12000,12000
051819,燿華統一96購01  ,0,0,0,0,0,0,0,0,0,12000,0,0,0,12000,0,12000,12000
051785,臻鼎兆豐96購01  ,0,0,0,0,0,0,0,0,0,12000,0,0,0,12000,0,12000,12000
051392,玉山金兆豐95購01,0,0,0,0,0,0,0,0,0,12000,0,0,0,575000,563000,12000,12000
051401,華新科永豐95購01,0,0,0,0,0,0,0,0,0,12000,0,0,0,43000,31000,12000,12000
051364,鴻海國泰97購03  ,0,0,0,0,0,0,0,0,0,12000,0,0,0,13000,1000,12000,12000
052445,南亞科元大95購05,0,0,0,0,0,0,0,0,0,12000,0,0,0,112000,100000,12000,12000
4999,鑫禾            ,12000,0,12000,0,0,0,0,0,0,0,0,0,0,0,0,0,12000
3028,增你強          ,23000,11000,12000,0,0,0,0,0,0,0,0,0,0,0,0,0,12000
3013,晟銘電          ,12000,0,12000,0,0,0,0,0,0,0,0,0,0,0,0,0,12000
2243,宏旭-KY         ,22000,10000,12000,0,0,0,0,0,0,0,0,0,0,0,0,0,12000
2506,太設            ,12000,0,12000,0,0,0,0,0,0,0,0,0,0,0,0,0,12000
2497,怡利電          ,15000,3000,12000,0,0,0,0,0,0,0,0,0,0,0,0,0,12000
2480,敦陽科          ,42000,30000,12000,0,0,0,0,0,0,0,0,0,0,0,0,0,12000
8104,錸寶            ,15000,3000,12000,0,0,0,0,0,0,0,0,0,0,0,0,0,12000
05655P,南亞科統一96售01,0,0,0,0,0,0,0,0,0,12000,0,0,0,12000,0,12000,12000
055317,金寶國票98購01  ,0,0,0,0,0,0,0,0,0,12000,0,0,0,124000,112000,12000,12000
1592,英瑞-KY         ,14000,2000,12000,0,0,0,0,0,0,0,0,0,0,0,0,0,12000
1225,福懋油          ,20000,8000,12000,0,0,0,0,0,0,0,0,0,0,0,0,0,12000
06169P,華新科元富97售02,0,0,0,0,0,0,0,0,0,12000,0,0,0,12000,0,12000,12000
05804P,美律永豐96售01  ,0,0,0,0,0,0,0,0,0,12000,0,0,0,47000,35000,12000,12000
05845P,大立光元大96售06,0,0,0,0,0,0,0,0,0,12000,0,0,0,12000,0,12000,12000
054769,創意國票98購01  ,0,0,0,0,0,0,0,0,0,11000,0,0,0,11000,0,11000,11000
055092,開發金群益9B購01,0,0,0,0,0,0,0,0,0,11000,0,0,0,11000,0,11000,11000
054179,上海銀台新97購01,0,0,0,0,0,0,0,0,0,11000,0,0,0,89000,78000,11000,11000
053511,鴻海群益96購04  ,0,0,0,0,0,0,0,0,0,11000,0,0,0,11000,0,11000,11000
053391,嘉聯益元大99購01,0,0,0,0,0,0,0,0,0,11000,0,0,0,13000,2000,11000,11000
053819,大立光群益96購04,0,0,0,0,0,0,0,0,0,11000,0,0,0,11000,0,11000,11000
053913,華新國票97購01  ,0,0,0,0,0,0,0,0,0,11000,0,0,0,11000,0,11000,11000
052978,貿聯麥證97購01  ,0,0,0,56000,45000,11000,0,0,0,11000,0,0,0,56000,45000,11000,11000
052683,鴻海元大97購03  ,0,0,0,0,0,0,0,0,0,11000,0,0,0,310000,299000,11000,11000
043236,台灣50兆豐93購02,2000,730000,-728000,0,0,0,0,0,0,739000,0,0,0,753000,14000,739000,11000
043983,華邦電元大92購01,0,0,0,0,0,0,0,0,0,11000,0,0,0,11000,0,11000,11000
044260,滬深2X國泰92購02,0,0,0,0,0,0,0,0,0,11000,0,0,0,11000,0,11000,11000
045688,祥碩元大92購01  ,0,0,0,0,0,0,0,0,0,11000,0,0,0,11000,0,11000,11000
044927,聯詠國泰94購01  ,0,0,0,0,0,0,0,0,0,11000,0,0,0,11000,0,11000,11000
043611,台積電群益92購03,0,0,0,0,0,0,0,0,0,11000,0,0,0,50000,39000,11000,11000
043854,華新科富邦93購01,0,0,0,0,0,0,0,0,0,11000,0,0,0,30000,19000,11000,11000
043898,可成群益92購02  ,0,0,0,0,0,0,0,0,0,11000,0,0,0,11000,0,11000,11000
04263P,南電群益93售03  ,0,0,0,0,0,0,0,0,0,11000,0,0,0,11000,0,11000,11000
042566,新光金凱基91購02,0,0,0,0,0,0,0,0,0,11000,0,0,0,11000,0,11000,11000
00669R,國泰美國道瓊反1 ,0,0,0,0,0,0,0,0,0,11000,0,45000,-45000,537000,481000,56000,11000
0055,元大MSCI金融    ,0,0,0,0,0,0,0,0,0,11000,0,0,0,11000,0,11000,11000
04584P,楠梓電永豐94售01,0,0,0,0,0,0,0,0,0,11000,0,0,0,11000,0,11000,11000
044373,台積電兆豐92購01,0,0,0,0,0,0,0,0,0,11000,0,0,0,11000,0,11000,11000
044470,大立光群益91購14,0,0,0,0,0,0,0,0,0,11000,0,0,0,11000,0,11000,11000
044297,台郡凱基91購02  ,0,0,0,0,0,0,0,0,0,11000,0,0,0,18000,7000,11000,11000
044282,上銀凱基93購03  ,0,0,0,0,0,0,0,0,0,11000,0,0,0,11000,0,11000,11000
045383,大毅元大92購01  ,0,0,0,0,0,0,0,0,0,11000,0,0,0,11000,0,11000,11000
045402,可成日盛92購01  ,0,0,0,0,0,0,0,0,0,11000,0,0,0,15000,4000,11000,11000
046201,台郡凱基92購01  ,0,0,0,0,0,0,0,0,0,11000,0,0,0,36000,25000,11000,11000
045185,致伸統一94購01  ,0,0,0,0,0,0,0,0,0,11000,0,0,0,11000,0,11000,11000
048506,華通群益94購03  ,0,0,0,0,0,0,0,0,0,11000,0,0,0,13000,2000,11000,11000
048581,南亞科富邦93購02,0,0,0,0,0,0,0,0,0,11000,0,0,0,21000,10000,11000,11000
049616,卜蜂群益94購01  ,0,0,0,0,0,0,0,0,0,11000,0,0,0,11000,0,11000,11000
046892,聯發科群益93購04,0,0,0,0,0,0,0,0,0,11000,0,0,0,111000,100000,11000,11000
046422,健策元大92購06  ,0,0,0,0,0,0,0,0,0,11000,0,0,0,11000,0,11000,11000
046605,瀚宇博群益93購01,0,0,0,0,0,0,0,0,0,11000,0,0,0,11000,0,11000,11000
047396,力成元大93購01  ,0,0,0,0,0,0,0,0,0,11000,0,0,0,21000,10000,11000,11000
049362,國巨元大94購04  ,0,0,0,0,0,0,0,0,0,11000,0,0,0,11000,0,11000,11000
046580,正崴元大92購01  ,0,0,0,0,0,0,0,0,0,11000,0,0,0,12000,1000,11000,11000
04782P,智伸科統一96售01,0,0,0,0,0,0,0,0,0,11000,0,0,0,13000,2000,11000,11000
047074,大立光兆豐94購02,0,0,0,0,0,0,0,0,0,11000,0,0,0,11000,0,11000,11000
046444,矽力日盛92購01  ,0,0,0,0,0,0,0,0,0,11000,0,0,0,35000,24000,11000,11000
049261,大立光元大94購08,0,0,0,0,0,0,0,0,0,11000,0,0,0,18000,7000,11000,11000
046684,致伸群益93購01  ,0,0,0,0,0,0,0,0,0,11000,0,0,0,11000,0,11000,11000
04691P,智邦群益94售02  ,0,0,0,0,0,0,0,0,0,11000,0,0,0,83000,72000,11000,11000
047167,農林康和93購01  ,0,0,0,0,0,0,0,0,0,11000,0,0,0,14000,3000,11000,11000
047164,亞光台新93購01  ,0,0,0,0,0,0,0,0,0,11000,0,0,0,11000,0,11000,11000
052580,高鐵元富96購01  ,0,0,0,0,0,0,0,0,0,11000,0,0,0,11000,0,11000,11000
052636,大立光凱基96購10,0,0,0,0,0,0,0,0,0,11000,0,0,0,11000,0,11000,11000
052658,友達元富9C購01  ,0,0,0,0,0,0,0,0,0,11000,0,0,0,39000,28000,11000,11000
052201,超眾統一96購01  ,0,0,0,0,0,0,0,0,0,11000,0,0,0,61000,50000,11000,11000
052344,台表科凱基98購01,0,0,0,0,0,0,0,0,0,11000,0,0,0,85000,74000,11000,11000
052143,鴻海群益95購09  ,0,0,0,0,0,0,0,0,0,11000,0,0,0,11000,0,11000,11000
051519,國泰金凱基95購02,0,0,0,0,0,0,0,0,0,11000,0,0,0,11000,0,11000,11000
051705,富邦金群益97購01,0,0,0,0,0,0,0,0,0,11000,0,0,0,11000,0,11000,11000
051865,聯發科凱基96購04,0,0,0,0,0,0,0,0,0,11000,0,0,0,47000,36000,11000,11000
051885,易華電永豐95購02,0,0,0,0,0,0,0,0,0,11000,0,0,0,11000,0,11000,11000
050379,易華電群益96購01,0,0,0,0,0,0,0,0,0,11000,0,0,0,11000,0,11000,11000
050052,致伸群益94購04  ,0,0,0,0,0,0,0,0,0,11000,0,0,0,11000,0,11000,11000
051076,緯創國泰96購01  ,0,0,0,0,0,0,0,0,0,11000,0,0,0,63000,52000,11000,11000
05117P,瑞昱群益95售02  ,0,0,0,0,0,0,0,0,0,11000,0,0,0,11000,0,11000,11000
051219,大立光元富95購07,0,0,0,0,0,0,0,0,0,11000,0,0,0,11000,0,11000,11000
050821,國泰金凱基95購01,0,0,0,0,0,0,0,0,0,11000,0,0,0,13000,2000,11000,11000
05958P,聯發科國票97售04,0,0,0,0,0,0,0,0,0,11000,0,0,0,11000,0,11000,11000
06027P,鴻海台新96售04  ,0,0,0,0,0,0,0,0,0,11000,0,0,0,11000,0,11000,11000
06141P,大立光日盛97售01,0,0,0,0,0,0,0,0,0,11000,0,0,0,11000,0,11000,11000
1810,和成            ,13000,0,13000,0,0,0,0,0,0,-2000,0,2000,-2000,0,0,0,11000
2020,美亞            ,11000,0,11000,0,0,0,0,0,0,0,0,0,0,0,0,0,11000
055115,日月光凱基98購01,0,0,0,0,0,0,0,0,0,11000,0,0,0,11000,0,11000,11000
05672P,鴻海群益96售03  ,0,0,0,0,0,0,0,0,0,11000,0,0,0,11000,0,11000,11000
05632P,大立光群益96售02,0,0,0,0,0,0,0,0,0,11000,0,0,0,11000,0,11000,11000
055443,台虹國票98購01  ,0,0,0,0,0,0,0,0,0,11000,0,0,0,17000,6000,11000,11000
3018,同開            ,15000,4000,11000,0,0,0,0,0,0,0,0,0,0,0,0,0,11000
3025,星通            ,18000,7000,11000,0,0,0,0,0,0,0,0,0,0,0,0,0,11000
3046,建碁            ,11000,0,11000,0,0,0,0,0,0,0,0,0,0,0,0,0,11000
2707,晶華            ,52000,38000,14000,0,0,0,0,0,0,-3000,0,0,0,0,3000,-3000,11000
3164,景岳            ,1000,1000,0,0,0,0,0,0,0,11000,11000,0,11000,0,0,0,11000
05271P,國巨富邦97售01  ,0,0,0,0,0,0,0,0,0,10000,0,0,0,10000,0,10000,10000
052686,華新科元大96購03,0,0,0,0,0,0,0,0,0,10000,0,0,0,10000,0,10000,10000
052808,矽力元大96購02  ,0,0,0,0,0,0,0,0,0,10000,0,0,0,10000,0,10000,10000
052944,宏達電國票97購01,0,0,0,0,0,0,0,0,0,10000,0,0,0,60000,50000,10000,10000
052918,智易富邦97購02  ,0,0,0,0,0,0,0,0,0,10000,0,0,0,30000,20000,10000,10000
052879,滬深2X凱基97購02,0,0,0,0,0,0,0,0,0,10000,0,0,0,10000,0,10000,10000
053171,中磊群益96購01  ,0,0,0,0,0,0,0,0,0,10000,0,0,0,32000,22000,10000,10000
053116,華新科中信96購01,0,0,0,0,0,0,0,0,0,10000,0,0,0,10000,0,10000,10000
053836,亞光永豐96購02  ,0,0,0,0,0,0,0,0,0,10000,0,0,0,21000,11000,10000,10000
053644,台表科國票97購03,0,0,0,0,0,0,0,0,0,10000,0,0,0,40000,30000,10000,10000
053597,牧德元大99購01  ,0,0,0,0,0,0,0,0,0,10000,0,0,0,37000,27000,10000,10000
053756,亞光元富96購02  ,0,0,0,0,0,0,0,0,0,10000,0,0,0,10000,0,10000,10000
053428,中磊永豐96購02  ,0,0,0,0,0,0,0,0,0,10000,0,0,0,10000,0,10000,10000
053501,明泰兆豐96購01  ,0,0,0,0,0,0,0,0,0,10000,0,0,0,10000,0,10000,10000
053488,中石化兆豐97購01,0,0,0,0,0,0,0,0,0,10000,0,0,0,10000,0,10000,10000
053461,台郡永昌99購01  ,0,0,0,0,0,0,0,0,0,10000,0,0,0,19000,9000,10000,10000
053476,冠德元大96購03  ,0,0,0,0,0,0,0,0,0,10000,0,0,0,121000,111000,10000,10000
05353P,臺股指元富95售07,0,0,0,0,0,0,0,0,0,10000,0,0,0,10000,0,10000,10000
054187,亞光永豐96購03  ,0,0,0,0,0,0,0,0,0,10000,0,0,0,21000,11000,10000,10000
054193,鴻海麥證96購02  ,0,0,0,10000,0,10000,0,0,0,10000,0,0,0,10000,0,10000,10000
054228,貿聯元富96購03  ,0,0,0,0,0,0,0,0,0,10000,0,0,0,114000,104000,10000,10000
054466,欣興凱基97購03  ,0,0,0,0,0,0,0,0,0,10000,0,0,0,57000,47000,10000,10000
054501,強茂永豐96購02  ,0,0,0,0,0,0,0,0,0,10000,0,0,0,10000,0,10000,10000
054396,日電貿永豐96購02,0,0,0,0,0,0,0,0,0,10000,0,0,0,55000,45000,10000,10000
054266,緯穎元大96購07  ,0,0,0,0,0,0,0,0,0,10000,0,0,0,98000,88000,10000,10000
054270,寶滬深中信98購01,0,0,0,0,0,0,0,0,0,10000,0,0,0,10000,0,10000,10000
055067,禾聯碩永豐97購01,0,0,0,0,0,0,0,0,0,10000,0,0,0,20000,10000,10000,10000
054819,裕民元大9A購01  ,0,0,0,0,0,0,0,0,0,10000,0,0,0,10000,0,10000,10000
054741,亞光凱基99購01  ,0,0,0,0,0,0,0,0,0,10000,0,0,0,10000,0,10000,10000
05469P,台積電元大95售24,0,0,0,0,0,0,0,0,0,10000,0,0,0,220000,210000,10000,10000
054669,凌華元富97購01  ,0,0,0,0,0,0,0,0,0,10000,0,0,0,10000,0,10000,10000
054532,強茂國泰98購01  ,0,0,0,0,0,0,0,0,0,10000,0,0,0,30000,20000,10000,10000
054533,泰碩國泰98購01  ,0,0,0,0,0,0,0,0,0,10000,0,0,0,10000,0,10000,10000
054650,南亞麥證97購01  ,0,0,0,10000,0,10000,0,0,0,10000,0,0,0,10000,0,10000,10000
045637,可成凱基92購08  ,0,0,0,0,0,0,0,0,0,10000,0,0,0,10000,0,10000,10000
045225,群創元大92購03  ,0,0,0,0,0,0,0,0,0,10000,0,0,0,10000,0,10000,10000
045579,全新元大93購03  ,0,0,0,0,0,0,0,0,0,10000,0,0,0,10000,0,10000,10000
045642,致伸凱基92購02  ,0,0,0,0,0,0,0,0,0,10000,0,0,0,10000,0,10000,10000
045643,臻鼎凱基93購01  ,0,0,0,0,0,0,0,0,0,10000,0,0,0,12000,2000,10000,10000
046021,台泥元大92購01  ,0,0,0,0,0,0,0,0,0,10000,0,0,0,20000,10000,10000,10000
045268,康普凱基92購01  ,0,0,0,0,0,0,0,0,0,10000,0,0,0,10000,0,10000,10000
046187,友達凱基93購03  ,0,0,0,0,0,0,0,0,0,10000,0,0,0,50000,40000,10000,10000
046191,新光金凱基98購01,0,0,0,0,0,0,0,0,0,10000,0,0,0,10000,0,10000,10000
046064,中工凱基94購01  ,0,0,0,0,0,0,0,0,0,10000,0,0,0,17000,7000,10000,10000
046278,緯創台新92購01  ,0,0,0,0,0,0,0,0,0,10000,0,0,0,10000,0,10000,10000
04625P,燿華元大94售03  ,0,0,0,0,0,0,0,0,0,10000,0,0,0,10000,0,10000,10000
046217,康友富邦94購01  ,0,0,0,0,0,0,0,0,0,10000,0,0,0,10000,0,10000,10000
046359,宏達電台新92購01,0,0,0,0,0,0,0,0,0,10000,0,0,0,10000,0,10000,10000
046324,健策元大92購05  ,0,0,0,0,0,0,0,0,0,10000,0,0,0,10000,0,10000,10000
046300,嘉聯益富邦94購01,0,0,0,0,0,0,0,0,0,10000,0,0,0,10000,0,10000,10000
048899,茂林國泰95購01  ,0,0,0,0,0,0,0,0,0,10000,0,0,0,10000,0,10000,10000
049236,元油2X元富96購06,0,0,0,0,0,0,0,0,0,10000,0,0,0,10000,0,10000,10000
049058,茂林永豐94購02  ,0,0,0,0,0,0,0,0,0,10000,0,0,0,10000,0,10000,10000
049075,光磊凱基94購01  ,0,0,0,0,0,0,0,0,0,10000,0,0,0,10000,0,10000,10000
049084,欣興凱基94購03  ,0,0,0,0,0,0,0,0,0,10000,0,0,0,24000,14000,10000,10000
049103,易華電國泰96購01,0,0,0,0,0,0,0,0,0,10000,0,0,0,10000,0,10000,10000
04541P,智易永豐94售03  ,0,0,0,0,0,0,0,0,0,10000,0,0,0,10000,0,10000,10000
045342,台光電凱基92購03,0,0,0,0,0,0,0,0,0,10000,0,0,0,10000,0,10000,10000
04537P,新光金統一94售01,0,0,0,0,0,0,0,0,0,10000,0,0,0,10000,0,10000,10000
045312,矽創元大93購02  ,0,0,0,0,0,0,0,0,0,10000,0,0,0,10000,0,10000,10000
045502,聯詠凱基92購04  ,0,0,0,0,0,0,0,0,0,10000,0,0,0,10000,0,10000,10000
045449,嘉聯益國泰94購01,0,0,0,0,0,0,0,0,0,10000,0,0,0,90000,80000,10000,10000
044321,超眾永豐91購01  ,0,0,0,0,0,0,0,0,0,10000,0,0,0,10000,0,10000,10000
044327,大立光元富91購04,0,0,0,0,0,0,0,0,0,10000,0,0,0,10000,0,10000,10000
045137,鴻海兆豐92購02  ,0,0,0,0,0,0,0,0,0,10000,0,0,0,10000,0,10000,10000
045966,聯詠凱基92購07  ,0,0,0,0,0,0,0,0,0,10000,0,0,0,10000,0,10000,10000
045283,上銀永豐92購01  ,0,0,0,0,0,0,0,0,0,10000,0,0,0,10000,0,10000,10000
045968,貿聯凱基92購03  ,0,0,0,0,0,0,0,0,0,10000,0,0,0,10000,0,10000,10000
045890,欣興元大92購06  ,0,0,0,0,0,0,0,0,0,10000,0,0,0,14000,4000,10000,10000
045159,聯茂凱基92購03  ,0,0,0,0,0,0,0,0,0,10000,0,0,0,10000,0,10000,10000
045171,可成兆豐92購02  ,0,0,0,0,0,0,0,0,0,10000,0,0,0,10000,0,10000,10000
045888,宏達電元大92購04,0,0,0,0,0,0,0,0,0,10000,0,0,0,10000,0,10000,10000
044461,滬深2X兆豐93購01,0,0,0,0,0,0,0,0,0,10000,0,0,0,10000,0,10000,10000
044473,聯茂群益91購03  ,0,0,0,0,0,0,0,0,0,10000,0,0,0,10000,0,10000,10000
044507,燿華凱基93購03  ,0,0,0,0,0,0,0,0,0,10000,0,0,0,10000,0,10000,10000
044571,南亞科凱基91購11,0,0,0,0,0,0,0,0,0,10000,0,0,0,10000,0,10000,10000
044556,健策永豐91購01  ,0,0,0,0,0,0,0,0,0,10000,0,0,0,10000,0,10000,10000
044754,漢唐凱基91購05  ,0,0,0,0,0,0,0,0,0,10000,0,0,0,10000,0,10000,10000
044699,華新科元大91購10,0,0,0,0,0,0,0,0,0,10000,0,0,0,10000,0,10000,10000
044695,國巨元大93購03  ,0,0,0,0,0,0,0,0,0,10000,0,0,0,10000,0,10000,10000
044377,南茂兆豐93購01  ,0,0,0,0,0,0,0,0,0,10000,0,0,0,10000,0,10000,10000
044382,嘉聯益群益94購01,0,0,0,0,0,0,0,0,0,10000,0,0,0,10000,0,10000,10000
045081,大立光元大93購07,0,0,0,0,0,0,0,0,0,10000,0,0,0,11000,1000,10000,10000
045067,燿華元大92購01  ,0,0,0,0,0,0,0,0,0,10000,0,0,0,10000,0,10000,10000
045038,臻鼎群益93購01  ,0,0,0,0,0,0,0,0,0,10000,0,0,0,10000,0,10000,10000
044339,亞光統一91購01  ,0,0,0,0,0,0,0,0,0,10000,0,0,0,15000,5000,10000,10000
045069,美律元大93購03  ,0,0,0,0,0,0,0,0,0,10000,0,0,0,10000,0,10000,10000
045825,力成凱基93購02  ,0,0,0,0,0,0,0,0,0,10000,0,0,0,10000,0,10000,10000
0054,元大台商50      ,0,0,0,0,0,0,0,0,0,10000,0,0,0,10000,0,10000,10000
03798P,台光電元大93售02,0,0,0,0,0,0,0,0,0,10000,0,0,0,10000,0,10000,10000
040430,和大群益92購01  ,0,0,0,0,0,0,0,0,0,10000,0,0,0,10000,0,10000,10000
03118P,台積電國票01售07,0,0,0,0,0,0,0,0,0,10000,0,0,0,10000,0,10000,10000
03397P,台積電中信06售08,0,0,0,0,0,0,0,0,0,10000,0,0,0,10000,0,10000,10000
039985,聯詠國泰91購01  ,0,0,0,0,0,0,0,0,0,10000,0,0,0,10000,0,10000,10000
03919P,可成凱基93售07  ,0,0,0,0,0,0,0,0,0,10000,0,0,0,10000,0,10000,10000
03887P,大立光元富93售02,0,0,0,0,0,0,0,0,0,10000,0,0,0,10000,0,10000,10000
04256P,美律國票93售03  ,0,0,0,0,0,0,0,0,0,10000,0,0,0,10000,0,10000,10000
042539,GIS國泰91購01   ,0,0,0,0,0,0,0,0,0,10000,0,0,0,10000,0,10000,10000
042445,上証2X凱基92購04,0,0,0,0,0,0,0,0,0,10000,0,0,0,20000,10000,10000,10000
042383,嘉聯益兆豐91購01,0,0,0,0,0,0,0,0,0,10000,0,0,0,10000,0,10000,10000
042352,鴻海元大91購03  ,0,0,0,0,0,0,0,0,0,10000,0,0,0,10000,0,10000,10000
042239,大立光永昌93購01,0,0,0,0,0,0,0,0,0,10000,0,0,0,10000,0,10000,10000
043895,鴻海群益92購01  ,0,0,0,0,0,0,0,0,0,10000,0,0,0,10000,0,10000,10000
043963,台化國泰92購01  ,0,0,0,0,0,0,0,0,0,10000,0,0,0,10000,0,10000,10000
043660,華新科元大93購01,0,0,0,0,0,0,0,0,0,10000,0,0,0,20000,10000,10000,10000
03740P,奇鋐群益94售01  ,0,0,0,0,0,0,0,0,0,10000,0,0,0,10000,0,10000,10000
03671P,大立光凱基95售02,0,0,0,0,0,0,0,0,0,10000,0,0,0,10000,0,10000,10000
03538P,景碩元富08售02  ,0,0,0,0,0,0,0,0,0,10000,0,0,0,10000,0,10000,10000
044900,建準凱基93購01  ,0,0,0,0,0,0,0,0,0,10000,0,0,0,10000,0,10000,10000
046123,嘉澤元大92購02  ,0,0,0,0,0,0,0,0,0,10000,0,0,0,10000,0,10000,10000
044883,玉晶光群益93購01,0,0,0,0,0,0,0,0,0,10000,0,0,0,10000,0,10000,10000
046137,遠東新統一92購01,0,0,0,0,0,0,0,0,0,10000,0,0,0,10000,0,10000,10000
045753,大立光國泰94購02,0,0,0,0,0,0,0,0,0,10000,0,0,0,10000,0,10000,10000
046109,遠東新元大92購01,0,0,0,0,0,0,0,0,0,10000,0,0,0,10000,0,10000,10000
044870,上銀統一91購02  ,0,0,0,0,0,0,0,0,0,10000,0,0,0,30000,20000,10000,10000
044815,宏碁兆豐93購01  ,0,0,0,0,0,0,0,0,0,10000,0,0,0,10000,0,10000,10000
044802,南亞科凱基91購17,0,0,0,0,0,0,0,0,0,10000,0,0,0,10000,0,10000,10000
044252,友達麥證91購01  ,0,0,0,10000,0,10000,0,0,0,10000,0,0,0,10000,0,10000,10000
044127,義隆凱基91購04  ,0,0,0,0,0,0,0,0,0,10000,0,0,0,10000,0,10000,10000
044139,鴻海群益91購06  ,0,0,0,0,0,0,0,0,0,10000,0,0,0,10000,0,10000,10000
044149,TPK群益92購01   ,0,0,0,0,0,0,0,0,0,10000,0,0,0,10000,0,10000,10000
044024,祥碩凱基93購01  ,0,0,0,0,0,0,0,0,0,10000,0,0,0,10000,0,10000,10000
044112,超眾國票92購01  ,0,0,0,0,0,0,0,0,0,10000,0,0,0,10000,0,10000,10000
040508,上証2X國泰93購01,0,0,0,0,0,0,0,0,0,10000,0,0,0,10000,0,10000,10000
044079,台化國票91購01  ,0,0,0,0,0,0,0,0,0,10000,0,0,0,10000,0,10000,10000
042650,台灣50元富92購05,0,0,0,0,0,0,0,0,0,10000,0,0,0,10000,0,10000,10000
047195,滬深2X統一93購01,0,0,0,0,0,0,0,0,0,10000,0,0,0,10000,0,10000,10000
047192,啟碁元大93購03  ,0,0,0,0,0,0,0,0,0,10000,0,0,0,78000,68000,10000,10000
046725,可成元大93購02  ,0,0,0,0,0,0,0,0,0,10000,0,0,0,10000,0,10000,10000
046706,智邦台新93購01  ,0,0,0,0,0,0,0,0,0,10000,0,0,0,10000,0,10000,10000
047262,欣興國票93購04  ,0,0,0,0,0,0,0,0,0,10000,0,0,0,10000,0,10000,10000
047227,華新科凱基94購01,0,0,0,0,0,0,0,0,0,10000,0,0,0,45000,35000,10000,10000
047234,晶技凱基93購01  ,0,0,0,0,0,0,0,0,0,10000,0,0,0,45000,35000,10000,10000
047248,奇鋐群益95購01  ,0,0,0,0,0,0,0,0,0,10000,0,0,0,10000,0,10000,10000
04667P,臺股指國票94售06,0,0,0,0,0,0,0,0,0,10000,0,0,0,130000,120000,10000,10000
048838,牧德凱基94購07  ,0,0,0,0,0,0,0,0,0,10000,0,0,0,12000,2000,10000,10000
046445,台化麥證92購01  ,0,0,0,20000,10000,10000,0,0,0,10000,0,0,0,20000,10000,10000,10000
046472,亞光永豐92購01  ,0,0,0,0,0,0,0,0,0,10000,0,0,0,20000,10000,10000,10000
047119,臻鼎元大93購01  ,0,0,0,0,0,0,0,0,0,10000,0,0,0,10000,0,10000,10000
047084,嘉聯益永豐93購02,0,0,0,0,0,0,0,0,0,10000,0,0,0,10000,0,10000,10000
047736,聯發科台新94購01,0,0,0,0,0,0,0,0,0,10000,0,0,0,10000,0,10000,10000
047762,華新元大93購02  ,0,0,0,0,0,0,0,0,0,10000,0,0,0,10000,0,10000,10000
047774,台表科元大95購01,0,0,0,0,0,0,0,0,0,10000,0,0,0,10000,0,10000,10000
046946,益航元大94購01  ,0,0,0,0,0,0,0,0,0,10000,0,0,0,10000,0,10000,10000
046958,鴻海中信93購01  ,0,0,0,0,0,0,0,0,0,10000,0,0,0,10000,0,10000,10000
047478,旺宏凱基93購04  ,0,0,0,0,0,0,0,0,0,10000,0,0,0,17000,7000,10000,10000
047479,美律凱基94購01  ,0,0,0,0,0,0,0,0,0,10000,0,0,0,30000,20000,10000,10000
047455,儒鴻群益93購03  ,0,0,0,0,0,0,0,0,0,10000,0,0,0,10000,0,10000,10000
047291,台積電元富93購05,0,0,0,0,0,0,0,0,0,10000,0,0,0,12000,2000,10000,10000
046513,景碩元大92購02  ,0,0,0,0,0,0,0,0,0,10000,0,0,0,20000,10000,10000,10000
046534,鴻海群益92購05  ,0,0,0,0,0,0,0,0,0,10000,0,0,0,10000,0,10000,10000
046564,聯詠凱基92購09  ,0,0,0,0,0,0,0,0,0,10000,0,0,0,10000,0,10000,10000
048779,美利達凱基94購01,0,0,0,0,0,0,0,0,0,10000,0,0,0,10000,0,10000,10000
048800,瑞昱富邦94購01  ,0,0,0,0,0,0,0,0,0,10000,0,0,0,10000,0,10000,10000
048744,儒鴻元富97購01  ,0,0,0,0,0,0,0,0,0,10000,0,0,0,10000,0,10000,10000
048751,京鼎元富96購01  ,0,0,0,0,0,0,0,0,0,10000,0,0,0,10000,0,10000,10000
04805P,創意元富94售01  ,0,0,0,0,0,0,0,0,0,10000,0,0,0,10000,0,10000,10000
047322,日月光元大93購04,0,0,0,0,0,0,0,0,0,10000,0,0,0,10000,0,10000,10000
047325,材料元大93購01  ,0,0,0,0,0,0,0,0,0,10000,0,0,0,10000,0,10000,10000
04737P,正崴永豐94售02  ,0,0,0,0,0,0,0,0,0,10000,0,0,0,10000,0,10000,10000
048085,鴻海凱基93購32  ,0,0,0,0,0,0,0,0,0,10000,0,0,0,42000,32000,10000,10000
047406,香港反統一94購01,0,0,0,0,0,0,0,0,0,10000,0,0,0,50000,40000,10000,10000
048835,牧德凱基94購02  ,0,0,0,0,0,0,0,0,0,10000,0,0,0,18000,8000,10000,10000
046623,臻鼎凱基93購02  ,0,0,0,0,0,0,0,0,0,10000,0,0,0,10000,0,10000,10000
046645,技嘉國泰94購01  ,0,0,0,0,0,0,0,0,0,10000,0,0,0,20000,10000,10000,10000
047032,台虹元大93購01  ,0,0,0,0,0,0,0,0,0,10000,0,0,0,10000,0,10000,10000
046998,同欣電國泰94購01,0,0,0,0,0,0,0,0,0,10000,0,0,0,10000,0,10000,10000
049374,大立光元大94購12,0,0,0,0,0,0,0,0,0,10000,0,0,0,10000,0,10000,10000
049376,奇鋐元大94購02  ,0,0,0,0,0,0,0,0,0,10000,0,0,0,10000,0,10000,10000
049439,牧德國泰96購01  ,0,0,0,0,0,0,0,0,0,10000,0,0,0,10000,0,10000,10000
048134,祥碩國票93購02  ,0,0,0,0,0,0,0,0,0,10000,0,0,0,10000,0,10000,10000
048120,台泥元大93購02  ,0,0,0,0,0,0,0,0,0,10000,0,0,0,10000,0,10000,10000
048389,國巨國票94購01  ,0,0,0,0,0,0,0,0,0,10000,0,0,0,10000,0,10000,10000
04640P,上銀凱基94售05  ,0,0,0,0,0,0,0,0,0,10000,0,0,0,10000,0,10000,10000
048386,華新國票94購01  ,0,0,0,0,0,0,0,0,0,10000,0,0,0,10000,0,10000,10000
048379,台郡元富96購01  ,0,0,0,0,0,0,0,0,0,10000,0,0,0,45000,35000,10000,10000
046870,大立光統一95購01,0,0,0,0,0,0,0,0,0,10000,0,0,0,108000,98000,10000,10000
048870,義隆國票96購01  ,0,0,0,0,0,0,0,0,0,10000,0,0,0,20000,10000,10000,10000
048335,和大元大93購03  ,0,0,0,0,0,0,0,0,0,10000,0,0,0,10000,0,10000,10000
047590,健策永豐93購01  ,0,0,0,0,0,0,0,0,0,10000,0,0,0,10000,0,10000,10000
047588,大立光永豐94購01,0,0,0,0,0,0,0,0,0,10000,0,0,0,10000,0,10000,10000
047615,為升凱基93購05  ,0,0,0,0,0,0,0,0,0,10000,0,0,0,70000,60000,10000,10000
049766,滬深2X元富94購02,0,0,0,0,0,0,0,0,0,10000,0,0,0,10000,0,10000,10000
049764,TPK國泰95購01   ,0,0,0,0,0,0,0,0,0,10000,0,0,0,148000,138000,10000,10000
04969P,道瓊銀統一94售02,0,0,0,0,0,0,0,0,0,10000,0,0,0,10000,0,10000,10000
049707,華通麥證94購02  ,0,0,0,20000,10000,10000,0,0,0,10000,0,0,0,20000,10000,10000,10000
049931,矽力元大94購01  ,0,0,0,0,0,0,0,0,0,10000,0,0,0,10000,0,10000,10000
04986P,茂林永豐94售05  ,0,0,0,0,0,0,0,0,0,10000,0,0,0,10000,0,10000,10000
048610,華新科凱基94購04,0,0,0,0,0,0,0,0,0,10000,0,0,0,10000,0,10000,10000
04853P,易華電永豐94售03,0,0,0,0,0,0,0,0,0,10000,0,0,0,10000,0,10000,10000
048532,大立光國票93購06,0,0,0,0,0,0,0,0,0,10000,0,0,0,10000,0,10000,10000
047980,東陽群益93購02  ,0,0,0,0,0,0,0,0,0,10000,0,0,0,10000,0,10000,10000
04822P,台積電元富94售08,0,0,0,0,0,0,0,0,0,10000,0,0,0,10000,0,10000,10000
047672,欣興統一93購03  ,0,0,0,0,0,0,0,0,0,10000,0,0,0,10000,0,10000,10000
047668,聯茂永豐93購02  ,0,0,0,0,0,0,0,0,0,10000,0,0,0,10000,0,10000,10000
048447,美律凱基93購06  ,0,0,0,0,0,0,0,0,0,10000,0,0,0,20000,10000,10000,10000
048404,大立光群益93購11,0,0,0,0,0,0,0,0,0,10000,0,0,0,10000,0,10000,10000
050848,日月光國票95購01,0,0,0,0,0,0,0,0,0,10000,0,0,0,305000,295000,10000,10000
05074P,鴻海麥證95售01  ,0,0,0,10000,0,10000,0,0,0,10000,0,0,0,10000,0,10000,10000
050793,大立光富邦96購03,0,0,0,0,0,0,0,0,0,10000,0,0,0,20000,10000,10000,10000
050708,臺股指凱基96購06,0,0,0,0,0,0,0,0,0,10000,0,0,0,20000,10000,10000,10000
05070P,鴻海統一96售04  ,0,0,0,0,0,0,0,0,0,10000,0,0,0,10000,0,10000,10000
050646,美律凱基96購01  ,0,0,0,0,0,0,0,0,0,10000,0,0,0,17000,7000,10000,10000
050628,美律中信94購02  ,0,0,0,0,0,0,0,0,0,10000,0,0,0,20000,10000,10000,10000
051229,亞光群益95購01  ,0,0,0,0,0,0,0,0,0,10000,0,0,0,33000,23000,10000,10000
051226,英業達群益95購01,0,0,0,0,0,0,0,0,0,10000,0,0,0,10000,0,10000,10000
051159,力山元大96購01  ,0,0,0,0,0,0,0,0,0,10000,0,0,0,448000,438000,10000,10000
051169,瀚宇博元大95購05,0,0,0,0,0,0,0,0,0,10000,0,0,0,105000,95000,10000,10000
051263,深中小富邦96購01,0,0,0,0,0,0,0,0,0,10000,0,0,0,10000,0,10000,10000
051314,嘉聯益麥證96購01,0,0,0,10000,0,10000,0,0,0,10000,0,0,0,10000,0,10000,10000
051319,光磊國票96購02  ,0,0,0,0,0,0,0,0,0,10000,0,0,0,10000,0,10000,10000
050985,易華電國泰96購02,0,0,0,0,0,0,0,0,0,10000,0,0,0,10000,0,10000,10000
050039,鴻海中信94購03  ,0,0,0,0,0,0,0,0,0,10000,0,0,0,13000,3000,10000,10000
050065,冠德凱基94購01  ,0,0,0,0,0,0,0,0,0,10000,0,0,0,10000,0,10000,10000
050089,臻鼎台新94購01  ,0,0,0,0,0,0,0,0,0,10000,0,0,0,10000,0,10000,10000
049887,嘉聯益永昌95購01,0,0,0,0,0,0,0,0,0,10000,0,0,0,30000,20000,10000,10000
050016,緯穎富邦95購01  ,0,0,0,0,0,0,0,0,0,10000,0,0,0,17000,7000,10000,10000
04991P,台表科元大94售05,0,0,0,0,0,0,0,0,0,10000,0,0,0,160000,150000,10000,10000
050198,緯穎元大94購09  ,0,0,0,0,0,0,0,0,0,10000,0,0,0,10000,0,10000,10000
050217,健策永豐94購03  ,0,0,0,0,0,0,0,0,0,10000,0,0,0,10000,0,10000,10000
050244,富邦金凱基94購01,0,0,0,0,0,0,0,0,0,10000,0,0,0,10000,0,10000,10000
050236,旺宏凱基94購06  ,0,0,0,0,0,0,0,0,0,10000,0,0,0,25000,15000,10000,10000
050250,台郡凱基94購03  ,0,0,0,0,0,0,0,0,0,10000,0,0,0,20000,10000,10000,10000
050260,鴻海元大94購15  ,0,0,0,0,0,0,0,0,0,10000,0,0,0,63000,53000,10000,10000
050183,奇鋐元大96購01  ,0,0,0,0,0,0,0,0,0,10000,0,0,0,110000,100000,10000,10000
050189,旭富元大94購01  ,0,0,0,0,0,0,0,0,0,10000,0,0,0,10000,0,10000,10000
050159,超眾群益94購03  ,0,0,0,0,0,0,0,0,0,10000,0,0,0,10000,0,10000,10000
050319,康控國票95購04  ,0,0,0,0,0,0,0,0,0,10000,0,0,0,25000,15000,10000,10000
050457,力成元大94購01  ,0,0,0,0,0,0,0,0,0,10000,0,0,0,51000,41000,10000,10000
050527,嘉聯益元大96購01,0,0,0,0,0,0,0,0,0,10000,0,0,0,20000,10000,10000,10000
050547,華新科凱基95購01,0,0,0,0,0,0,0,0,0,10000,0,0,0,46000,36000,10000,10000
051930,國泰金兆豐97購01,0,0,0,0,0,0,0,0,0,10000,0,0,0,10000,0,10000,10000
051748,超眾國泰96購01  ,0,0,0,0,0,0,0,0,0,10000,0,0,0,22000,12000,10000,10000
05178P,大立光凱基96售05,0,0,0,0,0,0,0,0,0,10000,0,0,0,105000,95000,10000,10000
051808,美律凱基96購02  ,0,0,0,0,0,0,0,0,0,10000,0,0,0,20000,10000,10000,10000
051520,新光金凱基97購01,0,0,0,0,0,0,0,0,0,10000,0,0,0,10000,0,10000,10000
051604,喬山群益95購01  ,0,0,0,0,0,0,0,0,0,10000,0,0,0,10000,0,10000,10000
051386,富邦金麥證96購01,0,0,0,10000,0,10000,0,0,0,10000,0,0,0,10000,0,10000,10000
051441,鴻海元大95購13  ,0,0,0,0,0,0,0,0,0,10000,0,0,0,60000,50000,10000,10000
052138,易華電凱基97購01,0,0,0,0,0,0,0,0,0,10000,0,0,0,10000,0,10000,10000
052167,亞泥元大96購01  ,0,0,0,0,0,0,0,0,0,10000,0,0,0,10000,0,10000,10000
05215P,台積電台新95售03,0,0,0,0,0,0,0,0,0,10000,0,0,0,10000,0,10000,10000
052049,緯創凱基97購01  ,0,0,0,0,0,0,0,0,0,10000,0,0,0,10000,0,10000,10000
052350,鴻海統一96購06  ,0,0,0,0,0,0,0,0,0,10000,0,0,0,10000,0,10000,10000
05226P,智邦統一95售01  ,0,0,0,0,0,0,0,0,0,10000,0,0,0,35000,25000,10000,10000
052256,台泥國泰96購01  ,0,0,0,0,0,0,0,0,0,10000,0,0,0,21000,11000,10000,10000
052232,貿聯凱基96購02  ,0,0,0,0,0,0,0,0,0,10000,0,0,0,10000,0,10000,10000
052582,喬山台新96購01  ,0,0,0,0,0,0,0,0,0,10000,0,0,0,10000,0,10000,10000
052568,漢唐凱基96購02  ,0,0,0,0,0,0,0,0,0,10000,0,0,0,14000,4000,10000,10000
052546,友達中信98購01  ,0,0,0,0,0,0,0,0,0,10000,0,0,0,30000,20000,10000,10000
052380,臺股指元大95購21,0,0,0,0,0,0,0,0,0,10000,0,0,0,10000,0,10000,10000
052485,深中小國票96購01,0,0,0,0,0,0,0,0,0,10000,0,0,0,10000,0,10000,10000
3679,新至陞          ,15000,5000,10000,0,0,0,0,0,0,0,0,0,0,0,0,0,10000
6235,華孚            ,11000,1000,10000,0,0,0,0,0,0,0,0,0,0,0,0,0,10000
2705,六福            ,21000,11000,10000,0,0,0,0,0,0,0,0,0,0,0,0,0,10000
055504,貿聯元大98購04  ,0,0,0,0,0,0,0,0,0,10000,0,0,0,100000,90000,10000,10000
05558P,鴻海麥證96售01  ,0,0,0,10000,0,10000,0,0,0,10000,0,0,0,10000,0,10000,10000
05513P,玉山金台新96售01,0,0,0,0,0,0,0,0,0,10000,0,0,0,10000,0,10000,10000
055156,華新科元大99購02,0,0,0,0,0,0,0,0,0,10000,0,0,0,60000,50000,10000,10000
08420P,國巨群益9C售12  ,0,0,0,0,0,0,0,0,0,10000,0,0,0,10000,0,10000,10000
06202P,大立光元大98售06,0,0,0,0,0,0,0,0,0,10000,0,0,0,10000,0,10000,10000
05964P,華通凱基96售06  ,0,0,0,0,0,0,0,0,0,10000,0,0,0,10000,0,10000,10000
05990P,台積電群益96售13,0,0,0,0,0,0,0,0,0,10000,0,0,0,10000,0,10000,10000
06065P,大立光台新97售01,0,0,0,0,0,0,0,0,0,10000,0,0,0,10000,0,10000,10000
05815P,台積電凱基97售06,0,0,0,0,0,0,0,0,0,10000,0,0,0,10000,0,10000,10000
05860P,旺宏康和96售01  ,0,0,0,0,0,0,0,0,0,10000,0,0,0,10000,0,10000,10000
05902P,華通國票96售02  ,0,0,0,0,0,0,0,0,0,10000,0,0,0,20000,10000,10000,10000
054799,超眾群益98購01  ,0,0,0,0,0,0,0,0,0,9000,0,0,0,20000,11000,9000,9000
054806,台化元大9A購01  ,0,0,0,0,0,0,0,0,0,9000,0,0,0,50000,41000,9000,9000
054910,信錦凱基97購01  ,0,0,0,0,0,0,0,0,0,9000,0,0,0,9000,0,9000,9000
054286,台積電元大96購22,0,0,0,0,0,0,0,0,0,9000,0,0,0,129000,120000,9000,9000
054140,智易元大97購03  ,0,0,0,0,0,0,0,0,0,9000,0,0,0,178000,169000,9000,9000
054041,鴻海元大96購22  ,0,0,0,0,0,0,0,0,0,9000,0,0,0,85000,76000,9000,9000
053976,亞光元大96購02  ,0,0,0,0,0,0,0,0,0,9000,0,0,0,29000,20000,9000,9000
053760,牧德國泰98購01  ,0,0,0,0,0,0,0,0,0,9000,0,0,0,31000,22000,9000,9000
053802,南亞科凱基96購04,0,0,0,0,0,0,0,0,0,9000,0,0,0,9000,0,9000,9000
053040,全新凱基98購01  ,0,0,0,0,0,0,0,0,0,9000,0,0,0,9000,0,9000,9000
05315P,鴻海永昌96售08  ,0,0,0,0,0,0,0,0,0,9000,0,0,0,9000,0,9000,9000
053233,大立光永豐96購01,0,0,0,0,0,0,0,0,0,9000,0,0,0,9000,0,9000,9000
053244,光磊國票97購01  ,0,0,0,0,0,0,0,0,0,9000,0,0,0,9000,0,9000,9000
052853,友達日盛99購01  ,0,0,0,0,0,0,0,0,0,9000,0,0,0,39000,30000,9000,9000
05270P,台表科元大95售05,0,0,0,0,0,0,0,0,0,9000,0,0,0,31000,22000,9000,9000
052691,GIS元大96購01   ,0,0,0,0,0,0,0,0,0,9000,0,0,0,9000,0,9000,9000
04267P,康控元富93售04  ,0,0,0,0,0,0,0,0,0,9000,0,0,0,109000,100000,9000,9000
043174,元翎國泰93購01  ,0,0,0,0,0,0,0,0,0,9000,0,0,0,9000,0,9000,9000
043972,大立光富邦93購02,0,0,0,0,0,0,0,0,0,9000,0,0,0,144000,135000,9000,9000
044175,亞光統一92購01  ,0,0,0,0,0,0,0,0,0,9000,0,0,0,9000,0,9000,9000
044247,道瓊反元富97購01,0,0,0,0,0,0,0,0,0,9000,0,0,0,10000,1000,9000,9000
046088,台光電兆豐92購02,0,0,0,0,0,0,0,0,0,9000,0,0,0,192000,183000,9000,9000
03523P,南電元大02售09  ,0,0,0,0,0,0,0,0,0,9000,0,0,0,10000,1000,9000,9000
035275,台積電台新97購01,0,0,0,0,0,0,0,0,0,9000,0,0,0,9000,0,9000,9000
042313,聯鈞凱基91購01  ,0,0,0,0,0,0,0,0,0,9000,0,0,0,10000,1000,9000,9000
042560,康控兆豐92購01  ,0,0,0,0,0,0,0,0,0,9000,0,0,0,9000,0,9000,9000
00700,富邦恒生國企    ,0,0,0,0,0,0,0,0,0,9000,0,0,0,109000,100000,9000,9000
044516,景碩凱基93購02  ,0,0,0,0,0,0,0,0,0,9000,0,0,0,109000,100000,9000,9000
049250,華通元大95購04  ,0,0,0,0,0,0,0,0,0,9000,0,0,0,65000,56000,9000,9000
046322,群創元大92購08  ,0,0,0,0,0,0,0,0,0,9000,0,0,0,9000,0,9000,9000
046302,亞德客元大92購02,0,0,0,0,0,0,0,0,0,9000,0,0,0,9000,0,9000,9000
046268,嘉晶凱基93購02  ,0,0,0,0,0,0,0,0,0,9000,0,0,0,9000,0,9000,9000
045264,嘉晶凱基92購01  ,0,0,0,0,0,0,0,0,0,9000,0,0,0,9000,0,9000,9000
048695,滬深2X國票95購03,0,0,0,0,0,0,0,0,0,9000,0,0,0,10000,1000,9000,9000
048700,和鑫國票95購01  ,0,0,0,0,0,0,0,0,0,9000,0,0,0,23000,14000,9000,9000
049296,義隆群益96購01  ,0,0,0,0,0,0,0,0,0,9000,0,0,0,40000,31000,9000,9000
046866,台積電統一94購03,0,0,0,0,0,0,0,0,0,9000,0,0,0,11000,2000,9000,9000
049493,可成元大94購05  ,0,0,0,0,0,0,0,0,0,9000,0,0,0,128000,119000,9000,9000
046630,京元電元富95購03,0,0,0,0,0,0,0,0,0,9000,0,0,0,9000,0,9000,9000
048105,滬深2X群益99購02,0,0,0,0,0,0,0,0,0,9000,0,0,0,11000,2000,9000,9000
048100,貿聯凱基93購02  ,0,0,0,0,0,0,0,0,0,9000,0,0,0,63000,54000,9000,9000
04916P,大立光永昌96售02,0,0,0,0,0,0,0,0,0,9000,0,0,0,9000,0,9000,9000
047077,日月光兆豐93購01,0,0,0,0,0,0,0,0,0,9000,0,0,0,15000,6000,9000,9000
052535,日月光國泰96購01,0,0,0,0,0,0,0,0,0,9000,0,0,0,30000,21000,9000,9000
052119,漢唐國票96購01  ,0,0,0,0,0,0,0,0,0,9000,0,0,0,30000,21000,9000,9000
051752,緯穎富邦96購01  ,0,0,0,0,0,0,0,0,0,9000,0,0,0,15000,6000,9000,9000
052009,群創第一95購01  ,0,0,0,0,0,0,0,0,0,9000,0,0,0,29000,20000,9000,9000
051974,華新科凱基96購05,0,0,0,0,0,0,0,0,0,9000,0,0,0,117000,108000,9000,9000
050609,鴻海元大94購23  ,0,0,0,0,0,0,0,0,0,9000,0,0,0,17000,8000,9000,9000
050600,瑞儀國泰95購01  ,0,0,0,0,0,0,0,0,0,9000,0,0,0,9000,0,9000,9000
050346,康友元富94購03  ,0,0,0,0,0,0,0,0,0,9000,0,0,0,50000,41000,9000,9000
050151,台積電群益94購12,0,0,0,0,0,0,0,0,0,9000,0,0,0,31000,22000,9000,9000
049883,台表科永豐94購02,0,0,0,0,0,0,0,0,0,9000,0,0,0,9000,0,9000,9000
051233,力成群益97購01  ,0,0,0,0,0,0,0,0,0,9000,0,0,0,58000,49000,9000,9000
050684,台郡元富94購02  ,0,0,0,0,0,0,0,0,0,9000,0,0,0,19000,10000,9000,9000
050670,牧德永豐94購03  ,0,0,0,0,0,0,0,0,0,9000,0,0,0,106000,97000,9000,9000
1708,東鹼            ,9000,0,9000,0,0,0,0,0,0,0,0,0,0,0,0,0,9000
05664P,國巨凱基96售09  ,0,0,0,0,0,0,0,0,0,9000,0,0,0,65000,56000,9000,9000
05676P,欣興群益96售04  ,0,0,0,0,0,0,0,0,0,9000,0,0,0,50000,41000,9000,9000
6152,百一            ,9000,0,9000,0,0,0,0,0,0,0,0,0,0,0,0,0,9000
3257,虹冠電          ,10000,1000,9000,0,0,0,0,0,0,0,0,0,0,0,0,0,9000
9924,福興            ,32000,23000,9000,0,0,0,0,0,0,0,0,0,0,0,0,0,9000
910861,神州-DR         ,9000,0,9000,0,0,0,0,0,0,0,0,0,0,0,0,0,9000
052785,滬深2X中信99購03,0,0,0,0,0,0,0,0,0,8000,0,0,0,8000,0,8000,8000
053713,漢唐凱基96購04  ,0,0,0,0,0,0,0,0,0,8000,0,0,0,22000,14000,8000,8000
053719,可成凱基96購08  ,0,0,0,0,0,0,0,0,0,8000,0,0,0,26000,18000,8000,8000
053579,華通元大97購01  ,0,0,0,0,0,0,0,0,0,8000,0,0,0,98000,90000,8000,8000
053304,可成凱基96購03  ,0,0,0,0,0,0,0,0,0,8000,0,0,0,13000,5000,8000,8000
053926,晶相光國票97購01,0,0,0,0,0,0,0,0,0,8000,0,0,0,84000,76000,8000,8000
054128,台積電元大97購10,0,0,0,0,0,0,0,0,0,8000,0,0,0,138000,130000,8000,8000
054297,台郡元大98購01  ,0,0,0,0,0,0,0,0,0,8000,0,0,0,8000,0,8000,8000
054363,世芯凱基97購01  ,0,0,0,0,0,0,0,0,0,8000,0,0,0,11000,3000,8000,8000
054494,訊芯台新96購01  ,0,0,0,0,0,0,0,0,0,8000,0,0,0,8000,0,8000,8000
054479,緯創中信98購01  ,0,0,0,0,0,0,0,0,0,8000,0,0,0,8000,0,8000,8000
055006,晶相光元富9A購01,0,0,0,0,0,0,0,0,0,8000,0,0,0,136000,128000,8000,8000
054794,貿聯群益98購01  ,0,0,0,0,0,0,0,0,0,8000,0,0,0,14000,6000,8000,8000
054760,台化國票9A購01  ,0,0,0,0,0,0,0,0,0,8000,0,0,0,8000,0,8000,8000
048900,精成科國泰95購01,0,0,0,0,0,0,0,0,0,8000,0,0,0,38000,30000,8000,8000
048876,牧德國票95購02  ,0,0,0,0,0,0,0,0,0,8000,0,0,0,8000,0,8000,8000
048874,玉晶光國票96購01,0,0,0,0,0,0,0,0,0,8000,0,0,0,11000,3000,8000,8000
048945,訊連永豐94購01  ,0,0,0,0,0,0,0,0,0,8000,0,0,0,18000,10000,8000,8000
044513,義隆凱基93購02  ,0,0,0,0,0,0,0,0,0,8000,0,0,0,8000,0,8000,8000
044711,台郡元大93購01  ,0,0,0,0,0,0,0,0,0,8000,0,0,0,18000,10000,8000,8000
044643,滬深2X群益96購01,0,0,0,0,0,0,0,0,0,8000,0,0,0,10000,2000,8000,8000
045792,鴻海兆豐92購04  ,0,0,0,0,0,0,0,0,0,8000,0,0,0,8000,0,8000,8000
0053,元大電子        ,0,0,0,0,0,0,0,0,0,8000,0,0,0,15000,7000,8000,8000
03827P,矽創國票94售01  ,0,0,0,0,0,0,0,0,0,8000,0,0,0,8000,0,8000,8000
03932P,欣興統一93售01  ,0,0,0,0,0,0,0,0,0,8000,0,0,0,10000,2000,8000,8000
03417P,瑞昱群益04售01  ,0,0,0,0,0,0,0,0,0,8000,0,0,0,10000,2000,8000,8000
046095,鴻海國票92購02  ,0,0,0,0,0,0,0,0,0,8000,0,0,0,8000,0,8000,8000
045730,鴻海第一92購01  ,0,0,0,0,0,0,0,0,0,8000,0,0,0,11000,3000,8000,8000
044977,華邦電國票92購01,0,0,0,0,0,0,0,0,0,8000,0,0,0,8000,0,8000,8000
04339P,欣興元大93售08  ,0,0,0,0,0,0,0,0,0,8000,0,0,0,10000,2000,8000,8000
047242,上銀群益93購04  ,0,0,0,0,0,0,0,0,0,8000,0,0,0,163000,155000,8000,8000
049181,正文凱基94購03  ,0,0,0,0,0,0,0,0,0,8000,0,0,0,13000,5000,8000,8000
046565,康控凱基92購02  ,0,0,0,0,0,0,0,0,0,8000,0,0,0,8000,0,8000,8000
048035,聯詠凱基93購06  ,0,0,0,0,0,0,0,0,0,8000,0,0,0,40000,32000,8000,8000
048036,隆達凱基93購01  ,0,0,0,0,0,0,0,0,0,8000,0,0,0,40000,32000,8000,8000
048740,富邦金統一94購01,0,0,0,0,0,0,0,0,0,8000,0,0,0,8000,0,8000,8000
048113,欣興群益93購08  ,0,0,0,0,0,0,0,0,0,8000,0,0,0,11000,3000,8000,8000
049402,奇鋐群益95購02  ,0,0,0,0,0,0,0,0,0,8000,0,0,0,8000,0,8000,8000
049529,華新科中信95購01,0,0,0,0,0,0,0,0,0,8000,0,0,0,133000,125000,8000,8000
048319,嘉晶凱基93購04  ,0,0,0,0,0,0,0,0,0,8000,0,0,0,68000,60000,8000,8000
049834,康控凱基94購01  ,0,0,0,0,0,0,0,0,0,8000,0,0,0,8000,0,8000,8000
049614,聯茂中信94購01  ,0,0,0,0,0,0,0,0,0,8000,0,0,0,8000,0,8000,8000
047925,可成凱基94購01  ,0,0,0,0,0,0,0,0,0,8000,0,0,0,18000,10000,8000,8000
048469,微星永豐93購03  ,0,0,0,0,0,0,0,0,0,8000,0,0,0,30000,22000,8000,8000
048407,貿聯群益93購04  ,0,0,0,0,0,0,0,0,0,8000,0,0,0,21000,13000,8000,8000
046806,瀚宇博元大93購03,0,0,0,0,0,0,0,0,0,8000,0,0,0,28000,20000,8000,8000
050850,訊連國票96購01  ,0,0,0,0,0,0,0,0,0,8000,0,0,0,16000,8000,8000,8000
050076,百和凱基94購02  ,0,0,0,0,0,0,0,0,0,8000,0,0,0,129000,121000,8000,8000
050351,華新科群益95購02,0,0,0,0,0,0,0,0,0,8000,0,0,0,20000,12000,8000,8000
051939,同欣電群益97購01,0,0,0,0,0,0,0,0,0,8000,0,0,0,162000,154000,8000,8000
051389,台達電兆豐95購01,0,0,0,0,0,0,0,0,0,8000,0,0,0,14000,6000,8000,8000
052345,矽力凱基95購01  ,0,0,0,0,0,0,0,0,0,8000,0,0,0,10000,2000,8000,8000
052528,茂林元大95購05  ,0,0,0,0,0,0,0,0,0,8000,0,0,0,214000,206000,8000,8000
9943,好樂迪          ,8000,0,8000,0,0,0,0,0,0,0,0,0,0,0,0,0,8000
9937,全國            ,8000,0,8000,0,0,0,0,0,0,0,0,0,0,0,0,0,8000
4566,時碩工業        ,11000,3000,8000,0,0,0,0,0,0,0,0,0,0,0,0,0,8000
6172,互億            ,11000,3000,8000,0,0,0,0,0,0,0,0,0,0,0,0,0,8000
2524,京城            ,46000,38000,8000,0,0,0,0,0,0,0,0,0,0,0,0,0,8000
05688P,臺股指元大96售13,0,0,0,0,0,0,0,0,0,8000,0,0,0,61000,53000,8000,8000
055455,健策國泰98購02  ,0,0,0,0,0,0,0,0,0,8000,0,0,0,18000,10000,8000,8000
055325,佐登國票98購01  ,0,0,0,0,0,0,0,0,0,8000,0,0,0,31000,23000,8000,8000
1312A,國喬特          ,0,0,0,0,0,0,0,0,0,8000,8000,0,8000,0,0,0,8000
05849P,臺股指元大96售25,0,0,0,0,0,0,0,0,0,8000,0,0,0,13000,5000,8000,8000
05789P,臺股指永昌96售06,0,0,0,0,0,0,0,0,0,8000,0,0,0,9000,1000,8000,8000
06100P,台積電日盛97售03,0,0,0,0,0,0,0,0,0,8000,0,0,0,58000,50000,8000,8000
054665,華通元富97購02  ,0,0,0,0,0,0,0,0,0,7000,0,0,0,55000,48000,7000,7000
054517,高鐵元大96購01  ,0,0,0,0,0,0,0,0,0,7000,0,0,0,96000,89000,7000,7000
054428,禾伸堂富邦98購01,0,0,0,0,0,0,0,0,0,7000,0,0,0,131000,124000,7000,7000
053427,鎧勝永豐96購02  ,0,0,0,0,0,0,0,0,0,7000,0,0,0,88000,81000,7000,7000
053630,奇鋐兆豐97購01  ,0,0,0,0,0,0,0,0,0,7000,0,0,0,10000,3000,7000,7000
053817,華新科群益97購02,0,0,0,0,0,0,0,0,0,7000,0,0,0,69000,62000,7000,7000
053867,創意元大96購04  ,0,0,0,0,0,0,0,0,0,7000,0,0,0,93000,86000,7000,7000
052789,台積電麥證96購01,0,0,0,7000,0,7000,0,0,0,7000,0,0,0,7000,0,7000,7000
052758,友達群益99購01  ,0,0,0,0,0,0,0,0,0,7000,0,0,0,108000,101000,7000,7000
05303P,華通國泰97售01  ,0,0,0,0,0,0,0,0,0,7000,0,0,0,162000,155000,7000,7000
053089,貿聯元大97購02  ,0,0,0,0,0,0,0,0,0,7000,0,0,0,10000,3000,7000,7000
045726,矽創凱基92購01  ,0,0,0,0,0,0,0,0,0,7000,0,0,0,32000,25000,7000,7000
006204,永豐臺灣加權    ,0,0,0,0,0,0,0,0,0,7000,0,0,0,47000,40000,7000,7000
045447,鴻海國泰94購02  ,0,0,0,0,0,0,0,0,0,7000,0,0,0,129000,122000,7000,7000
045386,新光金元大93購02,0,0,0,0,0,0,0,0,0,7000,0,0,0,7000,0,7000,7000
046235,台表科元大92購03,0,0,0,0,0,0,0,0,0,7000,0,0,0,7000,0,7000,7000
048460,盛群凱基94購01  ,0,0,0,0,0,0,0,0,0,7000,0,0,0,7000,0,7000,7000
048525,華通國票94購02  ,0,0,0,0,0,0,0,0,0,7000,0,0,0,8000,1000,7000,7000
049856,緯穎群益94購02  ,0,0,0,0,0,0,0,0,0,7000,0,0,0,14000,7000,7000,7000
049842,道瓊反中信98購01,0,0,0,0,0,0,0,0,0,7000,0,0,0,10000,3000,7000,7000
049532,同欣電台新94購01,0,0,0,0,0,0,0,0,0,7000,0,0,0,12000,5000,7000,7000
049580,國巨元大94購07  ,0,0,0,0,0,0,0,0,0,7000,0,0,0,7000,0,7000,7000
049583,台積電元大95購04,0,0,0,0,0,0,0,0,0,7000,0,0,0,7000,0,7000,7000
048351,旺宏台新94購02  ,0,0,0,0,0,0,0,0,0,7000,0,0,0,100000,93000,7000,7000
048121,亞德客元大93購05,0,0,0,0,0,0,0,0,0,7000,0,0,0,157000,150000,7000,7000
048828,禾伸堂凱基94購02,0,0,0,0,0,0,0,0,0,7000,0,0,0,100000,93000,7000,7000
048059,欣興國泰95購01  ,0,0,0,0,0,0,0,0,0,7000,0,0,0,155000,148000,7000,7000
047057,瀚宇博國票93購01,0,0,0,0,0,0,0,0,0,7000,0,0,0,18000,11000,7000,7000
052347,GIS凱基95購05   ,0,0,0,0,0,0,0,0,0,7000,0,0,0,96000,89000,7000,7000
052305,GIS永豐95購03   ,0,0,0,0,0,0,0,0,0,7000,0,0,0,161000,154000,7000,7000
051408,台積電國票95購03,0,0,0,0,0,0,0,0,0,7000,0,0,0,13000,6000,7000,7000
051495,玉晶光第一95購02,0,0,0,0,0,0,0,0,0,7000,0,0,0,10000,3000,7000,7000
051676,康舒元大95購01  ,0,0,0,0,0,0,0,0,0,7000,0,0,0,20000,13000,7000,7000
050936,國巨國票95購04  ,0,0,0,0,0,0,0,0,0,7000,0,0,0,18000,11000,7000,7000
05089P,亞德客元大95售01,0,0,0,0,0,0,0,0,0,7000,0,0,0,23000,16000,7000,7000
050995,貿聯元大95購02  ,0,0,0,0,0,0,0,0,0,7000,0,0,0,19000,12000,7000,7000
051088,台積電元大95購09,0,0,0,0,0,0,0,0,0,7000,0,0,0,96000,89000,7000,7000
05865P,大立光元大96售09,0,0,0,0,0,0,0,0,0,7000,0,0,0,32000,25000,7000,7000
1219,福壽            ,7000,0,7000,0,0,0,0,0,0,0,0,0,0,0,0,0,7000
08229P,祥碩國票9B售04  ,0,0,0,0,0,0,0,0,0,7000,0,0,0,7000,0,7000,7000
1732,毛寶            ,7000,0,7000,0,0,0,0,0,0,0,0,0,0,0,0,0,7000
055139,欣興永豐97購01  ,0,0,0,0,0,0,0,0,0,7000,0,0,0,183000,176000,7000,7000
055442,矽創國票98購02  ,0,0,0,0,0,0,0,0,0,7000,0,0,0,7000,0,7000,7000
05713P,大立光統一96售05,0,0,0,0,0,0,0,0,0,7000,0,0,0,12000,5000,7000,7000
2832,台產            ,7000,0,7000,0,0,0,0,0,0,0,0,0,0,0,0,0,7000
2485,兆赫            ,115000,74000,41000,0,0,0,0,0,0,-34000,6000,12000,-6000,19000,47000,-28000,7000
6641,基士德-KY       ,9000,2000,7000,0,0,0,0,0,0,0,0,0,0,0,0,0,7000
4576,大銀微系統      ,7000,0,7000,0,0,0,0,0,0,0,0,0,0,0,0,0,7000
052983,國巨元大96購07  ,0,0,0,0,0,0,0,0,0,6000,0,0,0,141000,135000,6000,6000
053886,亞光兆豐96購01  ,0,0,0,0,0,0,0,0,0,6000,0,0,0,6000,0,6000,6000
053601,台表科元大98購01,0,0,0,0,0,0,0,0,0,6000,0,0,0,150000,144000,6000,6000
053725,晶相光凱基96購01,0,0,0,0,0,0,0,0,0,6000,0,0,0,10000,4000,6000,6000
053309,泰鼎凱基96購03  ,0,0,0,0,0,0,0,0,0,6000,0,0,0,6000,0,6000,6000
054251,聯發科元大96購21,0,0,0,0,0,0,0,0,0,6000,0,0,0,37000,31000,6000,6000
054107,上銀凱基97購01  ,0,0,0,0,0,0,0,0,0,6000,0,0,0,36000,30000,6000,6000
054786,全新群益99購02  ,0,0,0,0,0,0,0,0,0,6000,0,0,0,30000,24000,6000,6000
054973,台郡元大98購02  ,0,0,0,0,0,0,0,0,0,6000,0,0,0,6000,0,6000,6000
054921,文曄凱基97購01  ,0,0,0,0,0,0,0,0,0,6000,0,0,0,6000,0,6000,6000
054936,鴻海元大97購10  ,0,0,0,0,0,0,0,0,0,6000,0,0,0,107000,101000,6000,6000
045271,元油2X統一93購01,0,0,0,0,0,0,0,0,0,6000,0,0,0,6000,0,6000,6000
045529,大立光永豐92購03,0,0,0,0,0,0,0,0,0,6000,0,0,0,6000,0,6000,6000
045891,健鼎元大92購01  ,0,0,0,0,0,0,0,0,0,6000,0,0,0,10000,4000,6000,6000
03935P,可成富邦95售01  ,0,0,0,0,0,0,0,0,0,6000,0,0,0,6000,0,6000,6000
03409P,台積電元大02售26,0,0,0,0,0,0,0,0,0,6000,0,0,0,6000,0,6000,6000
03088P,大立光元大01售17,0,0,0,0,0,0,0,0,0,6000,0,0,0,6000,0,6000,6000
03094X,大立光元大68展08,0,0,0,0,0,0,0,0,0,6000,0,0,0,6000,0,6000,6000
03419B,臺股指元富99熊03,0,0,0,0,0,0,0,0,0,6000,0,0,0,6000,0,6000,6000
03754P,致茂永豐93售01  ,0,0,0,0,0,0,0,0,0,6000,0,0,0,6000,0,6000,6000
043671,GIS元大93購03   ,0,0,0,0,0,0,0,0,0,6000,0,0,0,16000,10000,6000,6000
043932,嘉澤永豐91購01  ,0,0,0,0,0,0,0,0,0,6000,0,0,0,6000,0,6000,6000
044853,亞光國泰93購01  ,0,0,0,0,0,0,0,0,0,6000,0,0,0,19000,13000,6000,6000
042793,台積電台新9C購01,0,0,0,0,0,0,0,0,0,6000,0,0,0,6000,0,6000,6000
044115,旺宏日盛91購01  ,0,0,0,0,0,0,0,0,0,6000,0,0,0,6000,0,6000,6000
044022,健策凱基93購02  ,0,0,0,0,0,0,0,0,0,6000,0,0,0,10000,4000,6000,6000
046491,滬深2X富邦95購02,0,0,0,0,0,0,0,0,0,6000,0,0,0,17000,11000,6000,6000
049288,聯茂兆豐95購02  ,0,0,0,0,0,0,0,0,0,6000,0,0,0,6000,0,6000,6000
04718P,亞德客凱基94售03,0,0,0,0,0,0,0,0,0,6000,0,0,0,10000,4000,6000,6000
047477,台積電凱基93購15,0,0,0,0,0,0,0,0,0,6000,0,0,0,39000,33000,6000,6000
049153,大立光元大96購02,0,0,0,0,0,0,0,0,0,6000,0,0,0,396000,390000,6000,6000
046395,友達國泰93購04  ,0,0,0,0,0,0,0,0,0,6000,0,0,0,6000,0,6000,6000
046421,群創元大92購11  ,0,0,0,0,0,0,0,0,0,6000,0,0,0,6000,0,6000,6000
047565,美律國票93購02  ,0,0,0,0,0,0,0,0,0,6000,0,0,0,26000,20000,6000,6000
046885,卜蜂群益93購01  ,0,0,0,0,0,0,0,0,0,6000,0,0,0,6000,0,6000,6000
049839,聯發科亞東94購02,0,0,0,0,0,0,0,0,0,6000,0,0,0,6000,0,6000,6000
049796,國巨元大94購10  ,0,0,0,0,0,0,0,0,0,6000,0,0,0,17000,11000,6000,6000
048484,大立光國泰95購02,0,0,0,0,0,0,0,0,0,6000,0,0,0,6000,0,6000,6000
048265,創意元富93購05  ,0,0,0,0,0,0,0,0,0,6000,0,0,0,6000,0,6000,6000
047914,華新凱基93購03  ,0,0,0,0,0,0,0,0,0,6000,0,0,0,6000,0,6000,6000
047654,鴻海兆豐93購01  ,0,0,0,0,0,0,0,0,0,6000,0,0,0,6000,0,6000,6000
046781,A50永豐93購01   ,0,0,0,0,0,0,0,0,0,6000,0,0,0,6000,0,6000,6000
048844,訊芯凱基94購02  ,0,0,0,0,0,0,0,0,0,6000,0,0,0,6000,0,6000,6000
048698,宏達電國票95購01,0,0,0,0,0,0,0,0,0,6000,0,0,0,6000,0,6000,6000
048612,嘉晶凱基93購05  ,0,0,0,0,0,0,0,0,0,6000,0,0,0,6000,0,6000,6000
051078,力山富邦97購01  ,0,0,0,0,0,0,0,0,0,6000,0,0,0,20000,14000,6000,6000
051309,卜蜂麥證95購01  ,0,0,0,6000,0,6000,0,0,0,6000,0,0,0,6000,0,6000,6000
050732,台虹國票94購01  ,0,0,0,0,0,0,0,0,0,6000,0,0,0,187000,181000,6000,6000
050735,亞光台新94購01  ,0,0,0,0,0,0,0,0,0,6000,0,0,0,6000,0,6000,6000
050332,鴻海國泰96購05  ,0,0,0,0,0,0,0,0,0,6000,0,0,0,33000,27000,6000,6000
050458,台郡元大94購03  ,0,0,0,0,0,0,0,0,0,6000,0,0,0,16000,10000,6000,6000
05049P,矽創永豐95售01  ,0,0,0,0,0,0,0,0,0,6000,0,0,0,45000,39000,6000,6000
050040,鴻海中信94購04  ,0,0,0,0,0,0,0,0,0,6000,0,0,0,10000,4000,6000,6000
051794,臻鼎國票96購02  ,0,0,0,0,0,0,0,0,0,6000,0,0,0,36000,30000,6000,6000
051982,深中小元大95購01,0,0,0,0,0,0,0,0,0,6000,0,0,0,6000,0,6000,6000
051434,中磊元富95購02  ,0,0,0,0,0,0,0,0,0,6000,0,0,0,9000,3000,6000,6000
05133P,臺股指日盛95售01,0,0,0,0,0,0,0,0,0,6000,0,0,0,6000,0,6000,6000
052168,鴻海元大96購10  ,0,0,0,0,0,0,0,0,0,6000,0,0,0,306000,300000,6000,6000
052457,日月光元富95購01,0,0,0,0,0,0,0,0,0,6000,0,0,0,6000,0,6000,6000
6206,飛捷            ,15000,9000,6000,0,0,0,0,0,0,0,0,0,0,0,0,0,6000
2451,創見            ,105000,95000,10000,0,0,0,0,3000,-3000,-1000,0,1000,-1000,0,0,0,6000
2597,潤弘            ,7000,1000,6000,0,0,0,0,0,0,0,0,0,0,0,0,0,6000
2891C,中信金丙特      ,0,0,0,0,0,0,0,0,0,6000,6000,0,6000,0,0,0,6000
2882B,國泰金乙特      ,0,0,0,0,0,0,0,0,0,6000,6000,0,6000,0,0,0,6000
9905,大華            ,6000,0,6000,0,0,0,0,0,0,0,0,0,0,0,0,0,6000
8103,瀚荃            ,6000,0,6000,0,0,0,0,0,0,0,0,0,0,0,0,0,6000
055275,台積電元大97購19,0,0,0,0,0,0,0,0,0,6000,0,0,0,8000,2000,6000,6000
1726,永記            ,6000,0,6000,0,0,0,0,0,0,0,0,0,0,0,0,0,6000
05950P,台積電國票97售04,0,0,0,0,0,0,0,0,0,6000,0,0,0,7000,1000,6000,6000
06019P,緯穎凱基96售03  ,0,0,0,0,0,0,0,0,0,6000,0,0,0,6000,0,6000,6000
01002T,土銀國泰R1      ,5989,0,5989,0,0,0,0,0,0,0,0,0,0,0,0,0,5989
054829,亞光國泰99購01  ,0,0,0,0,0,0,0,0,0,5000,0,0,0,67000,62000,5000,5000
054115,台塑康和96購01  ,0,180000,-180000,0,0,0,0,0,0,185000,0,0,0,185000,0,185000,5000
054086,日月光亞東98購01,0,0,0,0,0,0,0,0,0,5000,0,0,0,5000,0,5000,5000
05395P,旺宏元大96售06  ,0,0,0,0,0,0,0,0,0,5000,0,0,0,5000,0,5000,5000
054342,亞光元富99購01  ,0,0,0,0,0,0,0,0,0,5000,0,0,0,5000,0,5000,5000
05430P,台積電統一95售07,0,0,0,0,0,0,0,0,0,5000,0,0,0,5000,0,5000,5000
054475,鴻海中信96購04  ,0,0,0,0,0,0,0,0,0,5000,0,0,0,5000,0,5000,5000
053477,大立光元大97購03,0,0,0,0,0,0,0,0,0,5000,0,0,0,5000,0,5000,5000
053666,臺股指凱基96購29,0,0,0,0,0,0,0,0,0,5000,0,0,0,5000,0,5000,5000
053776,台積電元大96購19,0,0,0,0,0,0,0,0,0,5000,0,0,0,13000,8000,5000,5000
053031,華新科第一96購01,0,0,0,0,0,0,0,0,0,5000,0,0,0,5000,0,5000,5000
053133,華邦電國票97購01,0,0,0,0,0,0,0,0,0,5000,0,0,0,5000,0,5000,5000
052739,國巨元大96購04  ,0,0,0,0,0,0,0,0,0,5000,0,0,0,15000,10000,5000,5000
052962,台積電凱基97購03,0,0,0,0,0,0,0,0,0,5000,0,0,0,5000,0,5000,5000
03197P,台積電統一01售14,0,0,0,0,0,0,0,0,0,5000,0,0,0,5000,0,5000,5000
039645,瑞儀群益91購01  ,0,0,0,0,0,0,0,0,0,5000,0,0,0,5000,0,5000,5000
043953,鴻海統一91購05  ,0,0,0,0,0,0,0,0,0,5000,0,0,0,5000,0,5000,5000
04379P,大立光元大94售06,0,0,0,0,0,0,0,0,0,5000,0,0,0,30000,25000,5000,5000
042363,復盛元大91購01  ,0,0,0,0,0,0,0,0,0,5000,0,0,0,5000,0,5000,5000
03039X,元展36          ,0,0,0,0,0,0,0,0,0,5000,0,0,0,5000,0,5000,5000
03014X,元展14          ,0,0,0,0,0,0,0,0,0,5000,0,0,0,5000,0,5000,5000
03640P,百和凱基93售05  ,0,0,0,0,0,0,0,0,0,5000,0,0,0,5000,0,5000,5000
03424B,臺股指元大96熊26,0,0,0,0,0,0,0,0,0,5000,0,0,0,5000,0,5000,5000
040950,欣興群益91購01  ,0,0,0,0,0,0,0,0,0,5000,0,0,0,5000,0,5000,5000
041527,T50反1中信96購01,0,0,0,0,0,0,0,0,0,5000,0,0,0,10000,5000,5000,5000
043170,喬山國泰93購01  ,0,0,0,0,0,0,0,0,0,5000,0,0,0,5000,0,5000,5000
044874,新日興統一91購02,0,0,0,0,0,0,0,0,0,5000,0,0,0,11000,6000,5000,5000
044862,台表科兆豐93購01,0,0,0,0,0,0,0,0,0,5000,0,0,0,5000,0,5000,5000
044841,台光電元富91購04,0,0,0,0,0,0,0,0,0,5000,0,0,0,25000,20000,5000,5000
044231,樺漢群益91購01  ,0,0,0,0,0,0,0,0,0,5000,0,0,0,5000,0,5000,5000
044217,華新科凱基93購03,0,0,0,0,0,0,0,0,0,5000,0,0,0,5000,0,5000,5000
044133,樺漢凱基91購06  ,0,0,0,0,0,0,0,0,0,5000,0,0,0,5000,0,5000,5000
044917,奇力新永豐91購02,0,0,0,0,0,0,0,0,0,5000,0,0,0,5000,0,5000,5000
044931,華新元大91購01  ,0,0,0,0,0,0,0,0,0,5000,0,0,0,5000,0,5000,5000
044944,技嘉群益93購01  ,0,0,0,0,0,0,0,0,0,5000,0,0,0,5000,0,5000,5000
045904,勤誠元大92購01  ,0,0,0,0,0,0,0,0,0,5000,0,0,0,17000,12000,5000,5000
045134,嘉晶國票92購01  ,0,0,0,0,0,0,0,0,0,5000,0,0,0,5000,0,5000,5000
045381,南亞科元大92購03,0,0,0,0,0,0,0,0,0,5000,0,0,0,5000,0,5000,5000
045278,A50正2國泰92購01,0,0,0,0,0,0,0,0,0,5000,0,0,0,5000,0,5000,5000
045345,新光金凱基92購01,0,0,0,0,0,0,0,0,0,5000,0,0,0,5000,0,5000,5000
045781,聯詠元大92購03  ,0,0,0,0,0,0,0,0,0,5000,0,0,0,5000,0,5000,5000
044353,宏達電元大93購04,0,0,0,0,0,0,0,0,0,5000,0,0,0,5000,0,5000,5000
044547,南茂群益91購01  ,0,0,0,0,0,0,0,0,0,5000,0,0,0,5000,0,5000,5000
046067,富邦金凱基92購02,0,0,0,0,0,0,0,0,0,5000,0,0,0,5000,0,5000,5000
045576,智邦元大92購07  ,0,0,0,0,0,0,0,0,0,5000,0,0,0,5000,0,5000,5000
046222,上銀元大92購08  ,0,0,0,0,0,0,0,0,0,5000,0,0,0,5000,0,5000,5000
046195,聯詠凱基92購08  ,0,0,0,0,0,0,0,0,0,5000,0,0,0,5000,0,5000,5000
046351,智邦群益92購01  ,0,0,0,0,0,0,0,0,0,5000,0,0,0,5000,0,5000,5000
04920P,智易凱基94售05  ,0,0,0,0,0,0,0,0,0,5000,0,0,0,5000,0,5000,5000
049206,大立光群益94購04,0,0,0,0,0,0,0,0,0,5000,0,0,0,5000,0,5000,5000
04901P,臺股指麥證94售02,0,0,0,5000,0,5000,0,0,0,5000,0,0,0,5000,0,5000,5000
048394,正崴國票94購01  ,0,0,0,0,0,0,0,0,0,5000,0,0,0,37000,32000,5000,5000
048424,揚明光元富95購01,0,0,0,0,0,0,0,0,0,5000,0,0,0,5000,0,5000,5000
048446,南亞科凱基93購07,0,0,0,0,0,0,0,0,0,5000,0,0,0,16000,11000,5000,5000
048858,大立光群益94購03,0,0,0,0,0,0,0,0,0,5000,0,0,0,5000,0,5000,5000
047524,瑞昱元大93購10  ,0,0,0,0,0,0,0,0,0,5000,0,0,0,61000,56000,5000,5000
047909,超眾元大93購03  ,0,0,0,0,0,0,0,0,0,5000,0,0,0,12000,7000,5000,5000
048494,瑞昱元大93購13  ,0,0,0,0,0,0,0,0,0,5000,0,0,0,93000,88000,5000,5000
049826,光磊凱基94購02  ,0,0,0,0,0,0,0,0,0,5000,0,0,0,73000,68000,5000,5000
049636,上証反凱基9A購01,0,0,0,0,0,0,0,0,0,5000,0,0,0,5000,0,5000,5000
049671,上証2X富邦95購01,0,0,0,0,0,0,0,0,0,5000,0,0,0,10000,5000,5000,5000
049640,大成鋼凱基94購02,0,0,0,0,0,0,0,0,0,5000,0,0,0,30000,25000,5000,5000
049641,台達電凱基94購08,0,0,0,0,0,0,0,0,0,5000,0,0,0,30000,25000,5000,5000
048364,臺股指永豐93購04,0,0,0,0,0,0,0,0,0,5000,0,0,0,5000,0,5000,5000
049524,可成兆豐95購02  ,0,0,0,0,0,0,0,0,0,5000,0,0,0,5000,0,5000,5000
049186,寶成凱基94購01  ,0,0,0,0,0,0,0,0,0,5000,0,0,0,5000,0,5000,5000
047334,南茂元大93購03  ,0,0,0,0,0,0,0,0,0,5000,0,0,0,5000,0,5000,5000
048823,漢唐凱基94購01  ,0,0,0,0,0,0,0,0,0,5000,0,0,0,14000,9000,5000,5000
048776,正文凱基94購01  ,0,0,0,0,0,0,0,0,0,5000,0,0,0,5000,0,5000,5000
046664,聯詠元大93購01  ,0,0,0,0,0,0,0,0,0,5000,0,0,0,5000,0,5000,5000
046658,微星元大93購01  ,0,0,0,0,0,0,0,0,0,5000,0,0,0,5000,0,5000,5000
047372,創意國票94購01  ,0,0,0,0,0,0,0,0,0,5000,0,0,0,325000,320000,5000,5000
048111,奇力新群益93購06,0,0,0,0,0,0,0,0,0,5000,0,0,0,14000,9000,5000,5000
047450,南茂元大93購05  ,0,0,0,0,0,0,0,0,0,5000,0,0,0,15000,10000,5000,5000
048199,大立光元大94購03,0,0,0,0,0,0,0,0,0,5000,0,0,0,5000,0,5000,5000
047769,大立光元大96購01,0,0,0,0,0,0,0,0,0,5000,0,0,0,5000,0,5000,5000
04775P,台積電凱基94售29,0,0,0,0,0,0,0,0,0,5000,0,0,0,5000,0,5000,5000
047826,台泥元大93購01  ,0,0,0,0,0,0,0,0,0,5000,0,0,0,5000,0,5000,5000
047878,日股2X中信95購01,0,0,0,0,0,0,0,0,0,5000,0,0,0,5000,0,5000,5000
047187,亞光元大94購01  ,0,0,0,0,0,0,0,0,0,5000,0,0,0,21000,16000,5000,5000
046717,世紀鋼國泰94購01,0,0,0,0,0,0,0,0,0,5000,0,0,0,5000,0,5000,5000
049279,元油2X國票94購02,0,0,0,0,0,0,0,0,0,5000,0,0,0,5000,0,5000,5000
046925,華新科國泰94購03,0,0,0,0,0,0,0,0,0,5000,0,0,0,5000,0,5000,5000
047260,嘉晶國票93購02  ,0,0,0,0,0,0,0,0,0,5000,0,0,0,5000,0,5000,5000
046675,GIS元大93購06   ,0,0,0,0,0,0,0,0,0,5000,0,0,0,45000,40000,5000,5000
052460,元油反統一95購01,0,0,0,0,0,0,0,0,0,5000,0,0,0,5000,0,5000,5000
052073,矽力統一95購03  ,0,0,0,0,0,0,0,0,0,5000,0,0,0,17000,12000,5000,5000
052234,GIS凱基97購01   ,0,0,0,0,0,0,0,0,0,5000,0,0,0,5000,0,5000,5000
051330,宏碁永豐95購01  ,0,0,0,0,0,0,0,0,0,5000,0,0,0,5000,0,5000,5000
051404,牧德永豐96購01  ,0,0,0,0,0,0,0,0,0,5000,0,0,0,77000,72000,5000,5000
05141P,華通台新96售01  ,0,0,0,0,0,0,0,0,0,5000,0,0,0,5000,0,5000,5000
051469,友達日盛9B購01  ,0,0,0,0,0,0,0,0,0,5000,0,0,0,10000,5000,5000,5000
051521,大立光凱基96購07,0,0,0,0,0,0,0,0,0,5000,0,0,0,5000,0,5000,5000
051876,宏達電國票96購01,0,0,0,0,0,0,0,0,0,5000,0,0,0,5000,0,5000,5000
051666,旺宏元大96購05  ,0,0,0,0,0,0,0,0,0,5000,0,0,0,5000,0,5000,5000
051726,南茂永豐95購03  ,0,0,0,0,0,0,0,0,0,5000,0,0,0,5000,0,5000,5000
050114,群創元大95購01  ,0,0,0,0,0,0,0,0,0,5000,0,0,0,84000,79000,5000,5000
050210,華新科國票94購08,0,0,0,0,0,0,0,0,0,5000,0,0,0,5000,0,5000,5000
050519,旺宏元大95購03  ,0,0,0,0,0,0,0,0,0,5000,0,0,0,30000,25000,5000,5000
050517,台積電元大94購27,0,0,0,0,0,0,0,0,0,5000,0,0,0,35000,30000,5000,5000
050334,鴻海國泰96購07  ,0,0,0,0,0,0,0,0,0,5000,0,0,0,27000,22000,5000,5000
05034P,台積電元大95售08,0,0,0,0,0,0,0,0,0,5000,0,0,0,10000,5000,5000,5000
050290,南亞科凱基94購06,0,0,0,0,0,0,0,0,0,5000,0,0,0,5000,0,5000,5000
050363,臺指反元大98購04,0,0,0,0,0,0,0,0,0,5000,0,0,0,5000,0,5000,5000
050407,聯詠台新94購02  ,0,0,0,0,0,0,0,0,0,5000,0,0,0,5000,0,5000,5000
050715,台積電群益96購01,0,0,0,0,0,0,0,0,0,5000,0,0,0,21000,16000,5000,5000
050769,聯發科元大94購17,0,0,0,0,0,0,0,0,0,5000,0,0,0,5000,0,5000,5000
050948,華固群益95購01  ,0,0,0,0,0,0,0,0,0,5000,0,0,0,5000,0,5000,5000
051285,鴻海統一95購07  ,0,0,0,0,0,0,0,0,0,5000,0,0,0,5000,0,5000,5000
051245,南亞科元大95購01,0,0,0,0,0,0,0,0,0,5000,0,0,0,94000,89000,5000,5000
051147,南亞科凱基95購05,0,0,0,0,0,0,0,0,0,5000,0,0,0,5000,0,5000,5000
051019,大立光凱基95購08,0,0,0,0,0,0,0,0,0,5000,0,0,0,10000,5000,5000,5000
051014,智邦凱基95購01  ,0,0,0,0,0,0,0,0,0,5000,0,0,0,5000,0,5000,5000
06026P,華通台新97售01  ,0,0,0,0,0,0,0,0,0,5000,0,0,0,50000,45000,5000,5000
05787P,臺股指永昌96售04,0,0,0,0,0,0,0,0,0,5000,0,0,0,105000,100000,5000,5000
05754P,臺股指中信99售03,0,0,0,0,0,0,0,0,0,5000,0,0,0,5000,0,5000,5000
05825P,臺股指凱基96售22,0,0,0,0,0,0,0,0,0,5000,0,0,0,5000,0,5000,5000
1806,冠軍            ,6000,1000,5000,0,0,0,0,0,0,0,0,0,0,0,0,0,5000
1449,佳和            ,38000,33000,5000,0,0,0,0,0,0,0,0,0,0,0,0,0,5000
055355,大立光凱基97購05,0,0,0,0,0,0,0,0,0,5000,0,0,0,6000,1000,5000,5000
05546P,全新元大97售01  ,0,0,0,0,0,0,0,0,0,5000,0,0,0,5000,0,5000,5000
9944,新麗            ,5000,0,5000,0,0,0,0,0,0,0,0,0,0,0,0,0,5000
3010,華立            ,96000,91000,5000,0,0,0,0,0,0,0,0,0,0,0,0,0,5000
2464,盟立            ,23000,18000,5000,0,0,0,0,0,0,0,0,0,0,0,0,0,5000
6558,興能高          ,56000,51000,5000,0,0,0,0,0,0,0,0,0,0,0,0,0,5000
6108,競國            ,27000,22000,5000,0,0,0,0,0,0,0,0,0,0,0,0,0,5000
4952,凌通            ,10000,5000,5000,0,0,0,0,0,0,0,0,0,0,0,0,0,5000
3346,麗清            ,5000,0,5000,0,0,0,0,0,0,0,0,0,0,0,0,0,5000
3501,維熹            ,6000,1000,5000,0,0,0,0,0,0,0,0,0,0,0,0,0,5000
052949,智易國票97購02  ,0,0,0,0,0,0,0,0,0,4000,0,0,0,5000,1000,4000,4000
052781,瀚宇博國票97購03,0,0,0,0,0,0,0,0,0,4000,0,0,0,10000,6000,4000,4000
052698,深中小國票99購01,0,0,0,0,0,0,0,0,0,4000,0,0,0,17000,13000,4000,4000
052715,可成凱基96購01  ,0,0,0,0,0,0,0,0,0,4000,0,0,0,4000,0,4000,4000
053259,卜蜂群益97購01  ,0,0,0,0,0,0,0,0,0,4000,0,0,0,4000,0,4000,4000
053624,A50正2兆豐97購02,0,0,0,0,0,0,0,0,0,4000,0,0,0,4000,0,4000,4000
053721,國泰金凱基97購01,0,0,0,0,0,0,0,0,0,4000,0,0,0,4000,0,4000,4000
053446,欣興凱基96購02  ,0,0,0,0,0,0,0,0,0,4000,0,0,0,4000,0,4000,4000
053447,京鼎凱基96購03  ,0,0,0,0,0,0,0,0,0,4000,0,0,0,14000,10000,4000,4000
053343,宏達電國票97購02,0,0,0,0,0,0,0,0,0,4000,0,0,0,4000,0,4000,4000
053366,樺漢國泰98購01  ,0,0,0,0,0,0,0,0,0,4000,0,0,0,198000,194000,4000,4000
053407,台積電兆豐96購02,0,0,0,0,0,0,0,0,0,4000,0,0,0,4000,0,4000,4000
054110,群創凱基98購09  ,0,0,0,0,0,0,0,0,0,4000,0,0,0,4000,0,4000,4000
054131,南亞科元大96購04,0,0,0,0,0,0,0,0,0,4000,0,0,0,176000,172000,4000,4000
054601,奇鋐台新98購01  ,0,0,0,0,0,0,0,0,0,4000,0,0,0,13000,9000,4000,4000
049087,晶相光凱基94購02,0,0,0,0,0,0,0,0,0,4000,0,0,0,33000,29000,4000,4000
049068,元油2X凱基95購03,0,0,0,0,0,0,0,0,0,4000,0,0,0,5000,1000,4000,4000
048907,高鐵富邦94購01  ,0,0,0,0,0,0,0,0,0,4000,0,0,0,4000,0,4000,4000
045591,彩晶元大93購01  ,0,0,0,0,0,0,0,0,0,4000,0,0,0,7000,3000,4000,4000
045994,康控富邦94購01  ,0,0,0,0,0,0,0,0,0,4000,0,0,0,22000,18000,4000,4000
044676,台積電凱基91購20,0,0,0,0,0,0,0,0,0,4000,0,0,0,4000,0,4000,4000
045295,台積電元大93購02,0,0,0,0,0,0,0,0,0,4000,0,0,0,4000,0,4000,4000
045121,康控元大93購03  ,0,0,0,0,0,0,0,0,0,4000,0,0,0,154000,150000,4000,4000
045148,友達凱基92購01  ,0,0,0,0,0,0,0,0,0,4000,0,0,0,44000,40000,4000,4000
044298,南電凱基93購01  ,0,0,0,0,0,0,0,0,0,4000,0,0,0,4000,0,4000,4000
045949,貿聯日盛92購01  ,0,0,0,0,0,0,0,0,0,4000,0,0,0,4000,0,4000,4000
045685,康控元大95購01  ,0,0,0,0,0,0,0,0,0,4000,0,0,0,68000,64000,4000,4000
045674,友達元大92購03  ,0,0,0,0,0,0,0,0,0,4000,0,0,0,34000,30000,4000,4000
042953,鴻海台新01購01  ,0,0,0,0,0,0,0,0,0,4000,0,0,0,4000,0,4000,4000
044039,康控群益93購01  ,0,0,0,0,0,0,0,0,0,4000,0,0,0,19000,15000,4000,4000
043945,智易兆豐92購02  ,0,0,0,0,0,0,0,0,0,4000,0,0,0,4000,0,4000,4000
043896,台積電群益92購06,0,0,0,0,0,0,0,0,0,4000,0,0,0,4000,0,4000,4000
00647L,元大S&P500正2   ,0,0,0,0,0,0,0,0,0,4000,0,0,0,4000,0,4000,4000
046681,漢唐群益93購01  ,0,0,0,0,0,0,0,0,0,4000,0,0,0,4000,0,4000,4000
047822,臺股指凱基93購16,0,0,0,0,0,0,0,0,0,4000,0,0,0,4000,0,4000,4000
047803,卜蜂凱基93購03  ,0,0,0,0,0,0,0,0,0,4000,0,0,0,4000,0,4000,4000
047442,聯詠元大93購09  ,0,0,0,0,0,0,0,0,0,4000,0,0,0,4000,0,4000,4000
048107,華通群益93購02  ,0,0,0,0,0,0,0,0,0,4000,0,0,0,4000,0,4000,4000
048830,和鑫凱基94購03  ,0,0,0,0,0,0,0,0,0,4000,0,0,0,4000,0,4000,4000
048032,可成凱基93購13  ,0,0,0,0,0,0,0,0,0,4000,0,0,0,4000,0,4000,4000
049150,新光金元大96購01,0,0,0,0,0,0,0,0,0,4000,0,0,0,4000,0,4000,4000
046535,宏碁群益92購01  ,0,0,0,0,0,0,0,0,0,4000,0,0,0,4000,0,4000,4000
046884,元油反群益95購01,0,0,0,0,0,0,0,0,0,4000,0,0,0,4000,0,4000,4000
046880,瑞昱永昌93購01  ,0,0,0,0,0,0,0,0,0,4000,0,0,0,44000,40000,4000,4000
049646,旺宏凱基94購01  ,0,0,0,0,0,0,0,0,0,4000,0,0,0,8000,4000,4000,4000
049600,緯穎元大95購02  ,0,0,0,0,0,0,0,0,0,4000,0,0,0,4000,0,4000,4000
049866,景碩兆豐94購01  ,0,0,0,0,0,0,0,0,0,4000,0,0,0,4000,0,4000,4000
049863,京元電兆豐94購01,0,0,0,0,0,0,0,0,0,4000,0,0,0,4000,0,4000,4000
047943,欣興國票93購06  ,0,0,0,0,0,0,0,0,0,4000,0,0,0,4000,0,4000,4000
047958,矽創永豐93購02  ,0,0,0,0,0,0,0,0,0,4000,0,0,0,4000,0,4000,4000
046810,瑞昱第一93購01  ,0,0,0,0,0,0,0,0,0,4000,0,0,0,4000,0,4000,4000
047487,南電凱基94購01  ,0,0,0,0,0,0,0,0,0,4000,0,0,0,4000,0,4000,4000
047510,奇力新國票94購01,0,0,0,0,0,0,0,0,0,4000,0,0,0,20000,16000,4000,4000
048429,旺宏國票94購02  ,0,0,0,0,0,0,0,0,0,4000,0,0,0,6000,2000,4000,4000
048711,台郡台新94購01  ,0,0,0,0,0,0,0,0,0,4000,0,0,0,14000,10000,4000,4000
048647,正文元大93購01  ,0,0,0,0,0,0,0,0,0,4000,0,0,0,4000,0,4000,4000
048681,漢唐富邦96購01  ,0,0,0,0,0,0,0,0,0,4000,0,0,0,4000,0,4000,4000
051243,微星元大95購01  ,0,0,0,0,0,0,0,0,0,4000,0,0,0,131000,127000,4000,4000
051203,微星麥證95購01  ,0,0,0,4000,0,4000,0,0,0,4000,0,0,0,4000,0,4000,4000
051869,康控凱基96購01  ,0,0,0,0,0,0,0,0,0,4000,0,0,0,29000,25000,4000,4000
051862,旺宏凱基95購05  ,0,0,0,0,0,0,0,0,0,4000,0,0,0,25000,21000,4000,4000
051640,GIS國票96購03   ,0,0,0,0,0,0,0,0,0,4000,0,0,0,54000,50000,4000,4000
051621,欣興凱基95購02  ,0,0,0,0,0,0,0,0,0,4000,0,0,0,40000,36000,4000,4000
051327,元油2X永豐95購02,0,0,0,0,0,0,0,0,0,4000,0,0,0,7000,3000,4000,4000
052358,台表科永豐95購02,0,0,0,0,0,0,0,0,0,4000,0,0,0,132000,128000,4000,4000
052616,鴻海國泰98購02  ,0,0,0,0,0,0,0,0,0,4000,0,0,0,156000,152000,4000,4000
5533,皇鼎            ,12000,8000,4000,0,0,0,0,0,0,0,0,0,0,0,0,0,4000
6136,富爾特          ,4000,0,4000,0,0,0,0,0,0,0,0,0,0,0,0,0,4000
9933,中鼎            ,192000,210000,-18000,0,0,0,0,0,0,22000,22000,0,22000,0,0,0,4000
05725P,嘉聯益永豐96售02,0,0,0,0,0,0,0,0,0,4000,0,0,0,4000,0,4000,4000
05659P,A50正2中信97售01,0,0,0,0,0,0,0,0,0,4000,0,0,0,8000,4000,4000,4000
055310,聯詠群益97購02  ,0,0,0,0,0,0,0,0,0,4000,0,0,0,22000,18000,4000,4000
055116,康控凱基98購01  ,0,0,0,0,0,0,0,0,0,4000,0,0,0,4000,0,4000,4000
1307,三芳            ,4000,0,4000,0,0,0,0,0,0,0,0,0,0,0,0,0,4000
1323,永裕            ,4000,0,4000,0,0,0,0,0,0,0,0,0,0,0,0,0,4000
1203,味王            ,4000,0,4000,0,0,0,0,0,0,0,0,0,0,0,0,0,4000
1256,鮮活果汁-KY     ,5000,1000,4000,0,0,0,0,0,0,0,0,0,0,0,0,0,4000
1235,興泰            ,4000,0,4000,0,0,0,0,0,0,0,0,0,0,0,0,0,4000
06187P,國巨統一97售05  ,0,0,0,0,0,0,0,0,0,4000,0,0,0,9000,5000,4000,4000
1817,凱撒衛          ,4000,0,4000,0,0,0,0,0,0,0,0,0,0,0,0,0,4000
1528,恩德            ,4000,0,4000,0,0,0,0,0,0,0,0,0,0,0,0,0,4000
1529,樂士            ,4000,0,4000,0,0,0,0,0,0,0,0,0,0,0,0,0,4000
1506,正道            ,4000,0,4000,0,0,0,0,0,0,0,0,0,0,0,0,0,4000
05842P,台積電元大96售15,0,0,0,0,0,0,0,0,0,4000,0,0,0,104000,100000,4000,4000
05870P,聯發科凱基96售19,0,0,0,0,0,0,0,0,0,4000,0,0,0,78000,74000,4000,4000
06059P,泰碩元大97售02  ,0,0,0,0,0,0,0,0,0,4000,0,0,0,4000,0,4000,4000
06060P,玉晶光元大97售03,0,0,0,0,0,0,0,0,0,4000,0,0,0,4000,0,4000,4000
054539,欣興國票98購01  ,0,0,0,0,0,0,0,0,0,3000,0,0,0,70000,67000,3000,3000
054803,味全元大9A購01  ,0,0,0,0,0,0,0,0,0,3000,0,0,0,3000,0,3000,3000
054773,台郡國票98購01  ,0,0,0,0,0,0,0,0,0,3000,0,0,0,3000,0,3000,3000
054778,世紀鋼國票99購01,0,0,0,0,0,0,0,0,0,3000,0,0,0,3000,0,3000,3000
054706,TPK亞東97購01   ,0,0,0,0,0,0,0,0,0,3000,0,0,0,41000,38000,3000,3000
055013,訊連元富97購01  ,0,0,0,0,0,0,0,0,0,3000,0,0,0,93000,90000,3000,3000
055024,興勤國泰98購01  ,0,0,0,0,0,0,0,0,0,3000,0,0,0,102000,99000,3000,3000
05393P,鴻海統一95售14  ,0,0,0,0,0,0,0,0,0,3000,0,0,0,59000,56000,3000,3000
054511,香港反元大98購01,0,0,0,0,0,0,0,0,0,3000,0,0,0,10000,7000,3000,3000
053376,鴻海元大96購19  ,0,0,0,0,0,0,0,0,0,3000,0,0,0,87000,84000,3000,3000
053322,京鼎群益97購01  ,0,0,0,0,0,0,0,0,0,3000,0,0,0,304000,301000,3000,3000
053011,鴻海統一98購01  ,0,0,0,0,0,0,0,0,0,3000,0,0,0,75000,72000,3000,3000
052800,國巨元大96購05  ,0,0,0,0,0,0,0,0,0,3000,0,0,0,4000,1000,3000,3000
052828,滬深2X群益9A購02,0,0,0,0,0,0,0,0,0,3000,0,0,0,3000,0,3000,3000
00657,國泰日經225     ,0,0,0,0,0,0,0,0,0,3000,0,0,0,104000,101000,3000,3000
03938P,聯鈞元大93售01  ,0,0,0,0,0,0,0,0,0,3000,0,0,0,30000,27000,3000,3000
03090X,元展84          ,0,0,0,0,0,0,0,0,0,3000,0,0,0,3000,0,3000,3000
043605,創意元大93購01  ,0,0,0,0,0,0,0,0,0,3000,0,0,0,3000,0,3000,3000
041400,大立光元大91購01,0,0,0,0,0,0,0,0,0,3000,0,0,0,3000,0,3000,3000
043467,全新元大93購01  ,0,0,0,0,0,0,0,0,0,3000,0,0,0,3000,0,3000,3000
044163,台光電元大92購01,0,0,0,0,0,0,0,0,0,3000,0,0,0,66000,63000,3000,3000
044253,美律麥證92購01  ,0,0,0,4000,1000,3000,0,0,0,3000,0,0,0,4000,1000,3000,3000
044959,彩晶凱基92購01  ,0,0,0,0,0,0,0,0,0,3000,0,0,0,5000,2000,3000,3000
045755,嘉澤國泰93購01  ,0,0,0,0,0,0,0,0,0,3000,0,0,0,3000,0,3000,3000
044770,漢唐元大93購02  ,0,0,0,0,0,0,0,0,0,3000,0,0,0,53000,50000,3000,3000
044771,南亞科元大91購13,0,0,0,0,0,0,0,0,0,3000,0,0,0,3000,0,3000,3000
045289,亞德客元大92購01,0,0,0,0,0,0,0,0,0,3000,0,0,0,3000,0,3000,3000
044481,聯茂統一91購04  ,0,0,0,0,0,0,0,0,0,3000,0,0,0,3000,0,3000,3000
045795,瀚宇博兆豐94購01,0,0,0,0,0,0,0,0,0,3000,0,0,0,284000,281000,3000,3000
044998,玉晶光國泰94購01,0,0,0,0,0,0,0,0,0,3000,0,0,0,3000,0,3000,3000
046031,建準元大92購03  ,0,0,0,0,0,0,0,0,0,3000,0,0,0,31000,28000,3000,3000
045254,台積電凱基92購05,0,0,0,0,0,0,0,0,0,3000,0,0,0,5000,2000,3000,3000
045592,台郡元大92購04  ,0,0,0,0,0,0,0,0,0,3000,0,0,0,13000,10000,3000,3000
046366,上緯控永豐92購02,0,0,0,0,0,0,0,0,0,3000,0,0,0,33000,30000,3000,3000
048398,康普國票94購01  ,0,0,0,0,0,0,0,0,0,3000,0,0,0,3000,0,3000,3000
047707,南亞科凱基93購03,0,0,0,0,0,0,0,0,0,3000,0,0,0,3000,0,3000,3000
048308,儒鴻凱基93購05  ,0,0,0,0,0,0,0,0,0,3000,0,0,0,7000,4000,3000,3000
048312,致茂凱基93購02  ,0,0,0,0,0,0,0,0,0,3000,0,0,0,4000,1000,3000,3000
049789,世紀鋼兆豐94購01,0,0,0,0,0,0,0,0,0,3000,0,0,0,3000,0,3000,3000
049808,聯詠元大94購03  ,0,0,0,0,0,0,0,0,0,3000,0,0,0,3000,0,3000,3000
046856,健鼎元大93購01  ,0,0,0,0,0,0,0,0,0,3000,0,0,0,3000,0,3000,3000
046411,新光金元大92購01,0,0,0,0,0,0,0,0,0,3000,0,0,0,3000,0,3000,3000
046532,元石油群益93購01,0,0,0,0,0,0,0,0,0,3000,0,0,0,3000,0,3000,3000
046509,中壽元大92購01  ,0,0,0,0,0,0,0,0,0,3000,0,0,0,17000,14000,3000,3000
047314,大立光元大93購22,0,0,0,0,0,0,0,0,0,3000,0,0,0,3000,0,3000,3000
048784,台積電元大94購04,0,0,0,0,0,0,0,0,0,3000,0,0,0,3000,0,3000,3000
047027,新光金元大95購01,0,0,0,0,0,0,0,0,0,3000,0,0,0,3000,0,3000,3000
046948,聯詠元大93購03  ,0,0,0,0,0,0,0,0,0,3000,0,0,0,3000,0,3000,3000
047458,聯發科群益93購08,0,0,0,0,0,0,0,0,0,3000,0,0,0,23000,20000,3000,3000
046477,台積電統一94購02,0,0,0,0,0,0,0,0,0,3000,0,0,0,3000,0,3000,3000
046448,亞德客凱基92購03,0,0,0,0,0,0,0,0,0,3000,0,0,0,3000,0,3000,3000
047055,旭富國票93購01  ,0,0,0,0,0,0,0,0,0,3000,0,0,0,3000,0,3000,3000
047258,亞德客國票93購01,0,0,0,0,0,0,0,0,0,3000,0,0,0,3000,0,3000,3000
047200,鴻海元富93購04  ,0,0,0,0,0,0,0,0,0,3000,0,0,0,3000,0,3000,3000
046740,大立光群益95購01,0,0,0,0,0,0,0,0,0,3000,0,0,0,3000,0,3000,3000
052566,國巨凱基96購04  ,0,0,0,0,0,0,0,0,0,3000,0,0,0,61000,58000,3000,3000
052573,智伸科凱基97購01,0,0,0,0,0,0,0,0,0,3000,0,0,0,15000,12000,3000,3000
052478,大立光群益95購05,0,0,0,0,0,0,0,0,0,3000,0,0,0,3000,0,3000,3000
052514,嘉澤凱基96購01  ,0,0,0,0,0,0,0,0,0,3000,0,0,0,68000,65000,3000,3000
052339,光寶科凱基95購01,0,0,0,0,0,0,0,0,0,3000,0,0,0,3000,0,3000,3000
052062,臺股指國票95購09,0,0,0,0,0,0,0,0,0,3000,0,0,0,4000,1000,3000,3000
051412,奇力新國票96購01,0,0,0,0,0,0,0,0,0,3000,0,0,0,3000,0,3000,3000
051580,宏碁元大95購02  ,0,0,0,0,0,0,0,0,0,3000,0,0,0,3000,0,3000,3000
051588,聯詠元大95購03  ,0,0,0,0,0,0,0,0,0,3000,0,0,0,3000,0,3000,3000
051513,台積電凱基95購13,0,0,0,0,0,0,0,0,0,3000,0,0,0,3000,0,3000,3000
051526,超眾凱基95購02  ,0,0,0,0,0,0,0,0,0,3000,0,0,0,35000,32000,3000,3000
051879,健策台新96購01  ,0,0,0,0,0,0,0,0,0,3000,0,0,0,3000,0,3000,3000
051915,日月光元大96購01,0,0,0,0,0,0,0,0,0,3000,0,0,0,230000,227000,3000,3000
051179,臺股指凱基95購04,0,0,0,0,0,0,0,0,0,3000,0,0,0,3000,0,3000,3000
051131,玉山金台新95購01,0,0,0,0,0,0,0,0,0,3000,0,0,0,3000,0,3000,3000
051093,聯詠元大95購01  ,0,0,0,0,0,0,0,0,0,3000,0,0,0,3000,0,3000,3000
050676,道瓊銀統一96購02,0,0,0,0,0,0,0,0,0,3000,0,0,0,3000,0,3000,3000
050292,可成凱基94購11  ,0,0,0,0,0,0,0,0,0,3000,0,0,0,13000,10000,3000,3000
050318,景碩國票94購02  ,0,0,0,0,0,0,0,0,0,3000,0,0,0,71000,68000,3000,3000
05060P,台達電富邦97售02,0,0,0,0,0,0,0,0,0,3000,0,0,0,103000,100000,3000,3000
050538,鴻海凱基95購06  ,0,0,0,0,0,0,0,0,0,3000,0,0,0,3000,0,3000,3000
050195,上海銀元大94購03,0,0,0,0,0,0,0,0,0,3000,0,0,0,110000,107000,3000,3000
06045P,臺股指永豐96售03,0,0,0,0,0,0,0,0,0,3000,0,0,0,3000,0,3000,3000
06105P,國巨國票98售02  ,0,0,0,0,0,0,0,0,0,3000,0,0,0,23000,20000,3000,3000
1618,合機            ,3000,0,3000,0,0,0,0,0,0,0,0,0,0,0,0,0,3000
1786,科妍            ,7000,3000,4000,0,0,0,0,0,0,-1000,0,1000,-1000,0,0,0,3000
1760,寶齡富錦        ,9000,5000,4000,0,0,0,0,0,0,-1000,0,0,0,0,1000,-1000,3000
1451,年興            ,8000,5000,3000,0,0,0,0,0,0,0,0,0,0,0,0,0,3000
1442,名軒            ,17000,14000,3000,0,0,0,0,0,0,0,0,0,0,0,0,0,3000
055185,晶相光統一97購01,0,0,0,0,0,0,0,0,0,3000,0,0,0,110000,107000,3000,3000
055307,瑞昱群益97購02  ,0,0,0,0,0,0,0,0,0,3000,0,0,0,57000,54000,3000,3000
055308,聯發科群益97購04,0,0,0,0,0,0,0,0,0,3000,0,0,0,3000,0,3000,3000
05681P,大立光元大96售05,0,0,0,0,0,0,0,0,0,3000,0,0,0,3000,0,3000,3000
05738P,臺股指統一97售01,0,0,0,0,0,0,0,0,0,3000,0,0,0,3000,0,3000,3000
8473,山林水          ,3000,0,3000,0,0,0,0,0,0,0,0,0,0,0,0,0,3000
6177,達麗            ,31000,28000,3000,0,0,0,0,0,0,0,0,0,0,0,0,0,3000
5608,四維航          ,6000,3000,3000,0,0,0,0,0,0,0,0,0,0,0,0,0,3000
5288,豐祥-KY         ,12000,9000,3000,0,0,0,0,0,0,0,0,0,0,0,0,0,3000
3588,通嘉            ,23000,20000,3000,0,0,0,0,0,0,0,0,0,0,0,0,0,3000
4148,全宇生技-KY     ,3000,0,3000,0,0,0,0,0,0,0,0,0,0,0,0,0,3000
2442,新美齊          ,26000,22000,4000,0,0,0,0,0,0,-1000,0,1000,-1000,0,0,0,3000
2428,興勤            ,194000,206000,-12000,0,0,0,0,0,0,15000,0,0,0,26000,11000,15000,3000
2440,太空梭          ,3000,0,3000,0,0,0,0,0,0,0,0,0,0,0,0,0,3000
2852,第一保          ,3000,0,3000,0,0,0,0,0,0,0,0,0,0,0,0,0,3000
2539,櫻花建          ,5000,2000,3000,0,0,0,0,0,0,0,0,0,0,0,0,0,3000
2617,台航            ,39000,36000,3000,0,0,0,0,0,0,0,0,0,0,0,0,0,3000
1789,神隆            ,58120,56000,2120,0,0,0,0,0,0,0,0,0,0,0,0,0,2120
052884,台積電兆豐96購01,0,0,0,0,0,0,0,0,0,2000,0,0,0,92000,90000,2000,2000
052755,滬深2X群益9A購01,0,0,0,0,0,0,0,0,0,2000,0,0,0,2000,0,2000,2000
052777,燿華國票98購01  ,0,0,0,0,0,0,0,0,0,2000,0,0,0,117000,115000,2000,2000
053014,旺宏統一97購02  ,0,0,0,0,0,0,0,0,0,2000,0,0,0,140000,138000,2000,2000
052997,國巨康和96購01  ,0,0,0,0,0,0,0,0,0,2000,0,0,0,2000,0,2000,2000
05305P,華新科國泰97售01,0,0,0,0,0,0,0,0,0,2000,0,0,0,2000,0,2000,2000
053067,牧德群益96購01  ,0,0,0,0,0,0,0,0,0,2000,0,0,0,2000,0,2000,2000
053146,滬深2X元大96購08,0,0,0,0,0,0,0,0,0,2000,0,0,0,2000,0,2000,2000
053151,華新科元大96購04,0,0,0,0,0,0,0,0,0,2000,0,0,0,2000,0,2000,2000
053165,大立光群益96購03,0,0,0,0,0,0,0,0,0,2000,0,0,0,56000,54000,2000,2000
053312,緯穎凱基96購02  ,0,0,0,0,0,0,0,0,0,2000,0,0,0,7000,5000,2000,2000
053313,世紀鋼凱基96購01,0,0,0,0,0,0,0,0,0,2000,0,0,0,112000,110000,2000,2000
053359,矽力統一96購02  ,0,0,0,0,0,0,0,0,0,2000,0,0,0,44000,42000,2000,2000
053346,群創國票97購04  ,0,0,0,0,0,0,0,0,0,2000,0,0,0,32000,30000,2000,2000
053554,欣興凱基97購02  ,0,0,0,0,0,0,0,0,0,2000,0,0,0,4000,2000,2000,2000
054405,樺漢康和96購01  ,0,0,0,0,0,0,0,0,0,2000,0,0,0,2000,0,2000,2000
054392,華通永豐96購05  ,0,0,0,0,0,0,0,0,0,2000,0,0,0,2000,0,2000,2000
054360,智邦凱基96購03  ,0,0,0,0,0,0,0,0,0,2000,0,0,0,28000,26000,2000,2000
053925,群創國票98購01  ,0,0,0,0,0,0,0,0,0,2000,0,0,0,4000,2000,2000,2000
054065,樺漢國票97購01  ,0,0,0,0,0,0,0,0,0,2000,0,0,0,2000,0,2000,2000
054142,致伸元大97購01  ,0,0,0,0,0,0,0,0,0,2000,0,0,0,118000,116000,2000,2000
054670,康友元富97購01  ,0,0,0,0,0,0,0,0,0,2000,0,0,0,211000,209000,2000,2000
05454P,奇鋐群益95售04  ,0,0,0,0,0,0,0,0,0,2000,0,0,0,2000,0,2000,2000
054518,亞光元大97購01  ,0,0,0,0,0,0,0,0,0,2000,0,0,0,90000,88000,2000,2000
04616P,臺股指群益95售02,0,0,0,0,0,0,0,0,0,2000,0,0,0,2000,0,2000,2000
045598,上証2X中信94購02,0,0,0,0,0,0,0,0,0,2000,0,0,0,2000,0,2000,2000
045570,元油2X元大92購02,0,0,0,0,0,0,0,0,0,2000,0,0,0,2000,0,2000,2000
046035,冠德元大92購03  ,0,0,0,0,0,0,0,0,0,2000,0,0,0,2000,0,2000,2000
045810,緯穎國票92購01  ,0,0,0,0,0,0,0,0,0,2000,0,0,0,2000,0,2000,2000
045821,聯詠凱基92購06  ,0,0,0,0,0,0,0,0,0,2000,0,0,0,2000,0,2000,2000
044360,瀚宇博元大91購01,0,0,0,0,0,0,0,0,0,2000,0,0,0,2000,0,2000,2000
045054,聯發科元富98購02,0,0,0,0,0,0,0,0,0,2000,0,0,0,2000,0,2000,2000
044471,京鼎群益91購01  ,0,0,0,0,0,0,0,0,0,2000,0,0,0,2000,0,2000,2000
044423,元油2X國泰92購01,0,0,0,0,0,0,0,0,0,2000,0,0,0,2000,0,2000,2000
044541,景碩群益91購01  ,0,0,0,0,0,0,0,0,0,2000,0,0,0,2000,0,2000,2000
044560,台光電日盛91購01,0,0,0,0,0,0,0,0,0,2000,0,0,0,2000,0,2000,2000
044528,元油2X國泰92購02,0,0,0,0,0,0,0,0,0,2000,0,0,0,2000,0,2000,2000
044606,鈺齊國泰92購01  ,0,0,0,0,0,0,0,0,0,2000,0,0,0,2000,0,2000,2000
045400,康友富邦93購01  ,0,0,0,0,0,0,0,0,0,2000,0,0,0,2000,0,2000,2000
045411,奇力新群益92購02,0,0,0,0,0,0,0,0,0,2000,0,0,0,2000,0,2000,2000
045523,元油2X永豐92購03,0,0,0,0,0,0,0,0,0,2000,0,0,0,2000,0,2000,2000
045934,燿華群益93購01  ,0,0,0,0,0,0,0,0,0,2000,0,0,0,2000,0,2000,2000
045973,臻鼎凱基92購03  ,0,0,0,0,0,0,0,0,0,2000,0,0,0,2000,0,2000,2000
045164,彩晶國泰92購01  ,0,0,0,0,0,0,0,0,0,2000,0,0,0,2000,0,2000,2000
045756,智伸科國泰93購01,0,0,0,0,0,0,0,0,0,2000,0,0,0,3000,1000,2000,2000
045737,友達群益94購01  ,0,0,0,0,0,0,0,0,0,2000,0,0,0,2000,0,2000,2000
044254,深中小元大94購01,0,0,0,0,0,0,0,0,0,2000,0,0,0,2000,0,2000,2000
044243,景碩統一91購01  ,0,0,0,0,0,0,0,0,0,2000,0,0,0,5000,3000,2000,2000
04483P,元油2X凱基97售04,0,0,0,0,0,0,0,0,0,2000,0,0,0,2000,0,2000,2000
044274,華新科群益92購01,0,0,0,0,0,0,0,0,0,2000,0,0,0,2000,0,2000,2000
04427P,滬深2X元大97售02,0,0,0,0,0,0,0,0,0,2000,0,0,0,2000,0,2000,2000
043346,TPK富邦93購01   ,0,0,0,0,0,0,0,0,0,2000,0,0,0,47000,45000,2000,2000
041079,台積電統一91購02,0,0,0,0,0,0,0,0,0,2000,0,0,0,2000,0,2000,2000
044072,義隆永豐91購01  ,0,0,0,0,0,0,0,0,0,2000,0,0,0,2000,0,2000,2000
044029,國巨群益92購02  ,0,0,0,0,0,0,0,0,0,2000,0,0,0,5000,3000,2000,2000
041871,元油2X凱基92購02,0,0,0,0,0,0,0,0,0,2000,0,0,0,2000,0,2000,2000
04195P,上海銀永豐93售01,0,0,0,0,0,0,0,0,0,2000,0,0,0,2000,0,2000,2000
04213P,台光電凱基93售11,0,0,0,0,0,0,0,0,0,2000,0,0,0,2000,0,2000,2000
03012X,元展12          ,0,0,0,0,0,0,0,0,0,2000,0,0,0,2000,0,2000,2000
03642C,臺股指元大94牛27,0,0,0,0,0,0,0,0,0,2000,0,0,0,2000,0,2000,2000
043848,日月光國泰92購01,0,0,0,0,0,0,0,0,0,2000,0,0,0,12000,10000,2000,2000
043778,智原兆豐92購01  ,0,0,0,0,0,0,0,0,0,2000,0,0,0,5000,3000,2000,2000
042366,元油2X國票92購01,0,0,0,0,0,0,0,0,0,2000,0,0,0,2000,0,2000,2000
04245P,上海銀元大93售03,0,0,0,0,0,0,0,0,0,2000,0,0,0,2000,0,2000,2000
03243P,台積電統一02售08,0,0,0,0,0,0,0,0,0,2000,0,0,0,2000,0,2000,2000
03307P,臺股指中信05售02,0,0,0,0,0,0,0,0,0,2000,0,0,0,2000,0,2000,2000
03365P,元油2X富邦98售01,0,0,0,0,0,0,0,0,0,2000,0,0,0,2000,0,2000,2000
03366P,TPK元大02售03   ,0,0,0,0,0,0,0,0,0,2000,0,0,0,2000,0,2000,2000
03988P,上海銀群益93售01,0,0,0,0,0,0,0,0,0,2000,0,0,0,2000,0,2000,2000
039726,台積電群益91購01,0,0,0,0,0,0,0,0,0,2000,0,0,0,2000,0,2000,2000
03977P,上海銀元大93售01,0,0,0,0,0,0,0,0,0,2000,0,0,0,2000,0,2000,2000
03868P,統一凱基93售02  ,0,0,0,0,0,0,0,0,0,2000,0,0,0,2000,0,2000,2000
00654R,富邦印度反1     ,1000,0,1000,0,0,0,0,0,0,1000,0,0,0,1000,0,1000,2000
00660,元大歐洲50      ,0,0,0,0,0,0,0,0,0,2000,0,0,0,2000,0,2000,2000
00685L,群益臺灣加權正2 ,0,0,0,0,0,0,0,0,0,2000,0,0,0,6000,4000,2000,2000
008201,BP上證50        ,0,0,0,0,0,0,0,0,0,2000,0,0,0,2000,0,2000,2000
020007,凱基臺灣500N    ,0,0,0,0,0,0,0,0,0,2000,0,0,0,2000,0,2000,2000
04714P,上海銀元大94售01,0,0,0,0,0,0,0,0,0,2000,0,0,0,2000,0,2000,2000
046927,上銀富邦95購01  ,0,0,0,0,0,0,0,0,0,2000,0,0,0,7000,5000,2000,2000
04647P,上海銀凱基94售04,0,0,0,0,0,0,0,0,0,2000,0,0,0,2000,0,2000,2000
048164,台光電康和93購01,0,0,0,0,0,0,0,0,0,2000,0,0,0,2000,0,2000,2000
048160,GIS兆豐95購01   ,0,0,0,0,0,0,0,0,0,2000,0,0,0,2000,0,2000,2000
047823,臺股指凱基93購17,0,0,0,0,0,0,0,0,0,2000,0,0,0,2000,0,2000,2000
047855,美律國票94購01  ,0,0,0,0,0,0,0,0,0,2000,0,0,0,20000,18000,2000,2000
047021,台光電元大93購03,0,0,0,0,0,0,0,0,0,2000,0,0,0,12000,10000,2000,2000
047002,鴻海統一93購04  ,0,0,0,0,0,0,0,0,0,2000,0,0,0,77000,75000,2000,2000
04938P,亞德客國票95售01,0,0,0,0,0,0,0,0,0,2000,0,0,0,12000,10000,2000,2000
046631,創意元富93購01  ,0,0,0,0,0,0,0,0,0,2000,0,0,0,2000,0,2000,2000
046638,台積電永豐93購01,0,0,0,0,0,0,0,0,0,2000,0,0,0,2000,0,2000,2000
048748,國巨元富96購01  ,0,0,0,0,0,0,0,0,0,2000,0,0,0,2000,0,2000,2000
046503,京元電元大92購08,0,0,0,0,0,0,0,0,0,2000,0,0,0,122000,120000,2000,2000
047290,台積電元富93購04,0,0,0,0,0,0,0,0,0,2000,0,0,0,2000,0,2000,2000
046416,聯詠元大92購05  ,0,0,0,0,0,0,0,0,0,2000,0,0,0,2000,0,2000,2000
04971P,矽力元富94售02  ,0,0,0,0,0,0,0,0,0,2000,0,0,0,141000,139000,2000,2000
048387,台達電國票94購01,0,0,0,0,0,0,0,0,0,2000,0,0,0,4000,2000,2000,2000
049498,茂林元大95購01  ,0,0,0,0,0,0,0,0,0,2000,0,0,0,141000,139000,2000,2000
048860,玉晶光群益96購03,0,0,0,0,0,0,0,0,0,2000,0,0,0,2000,0,2000,2000
047635,華新元大93購01  ,0,0,0,0,0,0,0,0,0,2000,0,0,0,2000,0,2000,2000
047609,奇力新第一93購01,0,0,0,0,0,0,0,0,0,2000,0,0,0,2000,0,2000,2000
049599,樺漢元大95購01  ,0,0,0,0,0,0,0,0,0,2000,0,0,0,2000,0,2000,2000
049774,元油2X統一94購05,0,0,0,0,0,0,0,0,0,2000,0,0,0,2000,0,2000,2000
048561,可成元大93購13  ,0,0,0,0,0,0,0,0,0,2000,0,0,0,2000,0,2000,2000
047920,南亞科凱基93購04,0,0,0,0,0,0,0,0,0,2000,0,0,0,2000,0,2000,2000
048671,大立光永豐93購04,0,0,0,0,0,0,0,0,0,2000,0,0,0,5000,3000,2000,2000
049310,台積電凱基94購15,0,0,0,0,0,0,0,0,0,2000,0,0,0,2000,0,2000,2000
050234,國巨凱基94購10  ,0,0,0,0,0,0,0,0,0,2000,0,0,0,30000,28000,2000,2000
050037,金融類元大94購03,0,0,0,0,0,0,0,0,0,2000,0,0,0,2000,0,2000,2000
050556,道瓊銀統一95購01,0,0,0,0,0,0,0,0,0,2000,0,0,0,2000,0,2000,2000
050587,緯穎國票94購02  ,0,0,0,0,0,0,0,0,0,2000,0,0,0,2000,0,2000,2000
050537,鴻海凱基95購05  ,0,0,0,0,0,0,0,0,0,2000,0,0,0,8000,6000,2000,2000
050295,大立光凱基94購16,0,0,0,0,0,0,0,0,0,2000,0,0,0,2000,0,2000,2000
05039P,鴻海凱基95售10  ,0,0,0,0,0,0,0,0,0,2000,0,0,0,2000,0,2000,2000
050413,麗豐永豐94購01  ,0,0,0,0,0,0,0,0,0,2000,0,0,0,2000,0,2000,2000
050679,上証2X元富97購02,0,0,0,0,0,0,0,0,0,2000,0,0,0,2000,0,2000,2000
05095P,景碩元大95售01  ,0,0,0,0,0,0,0,0,0,2000,0,0,0,2000,0,2000,2000
050841,國巨國票96購02  ,0,0,0,0,0,0,0,0,0,2000,0,0,0,126000,124000,2000,2000
051225,台積電群益95購02,0,0,0,0,0,0,0,0,0,2000,0,0,0,63000,61000,2000,2000
051240,台積電元大95購12,0,0,0,0,0,0,0,0,0,2000,0,0,0,356000,354000,2000,2000
051769,矽力元大95購01  ,0,0,0,0,0,0,0,0,0,2000,0,0,0,66000,64000,2000,2000
051596,超眾元大95購05  ,0,0,0,0,0,0,0,0,0,2000,0,0,0,2000,0,2000,2000
051623,和碩凱基96購02  ,0,0,0,0,0,0,0,0,0,2000,0,0,0,33000,31000,2000,2000
051443,聯發科元大95購10,0,0,0,0,0,0,0,0,0,2000,0,0,0,3000,1000,2000,2000
052089,聯發科元大96購02,0,0,0,0,0,0,0,0,0,2000,0,0,0,83000,81000,2000,2000
052019,創意永豐95購02  ,0,0,0,0,0,0,0,0,0,2000,0,0,0,2000,0,2000,2000
052099,臺股指富邦95購02,0,0,0,0,0,0,0,0,0,2000,0,0,0,2000,0,2000,2000
052252,大立光永豐95購03,0,0,0,0,0,0,0,0,0,2000,0,0,0,2000,0,2000,2000
052520,南亞科元大95購06,0,0,0,0,0,0,0,0,0,2000,0,0,0,18000,16000,2000,2000
052370,滬深2X元大95購04,0,0,0,0,0,0,0,0,0,2000,0,0,0,2000,0,2000,2000
052570,華新科凱基96購06,0,0,0,0,0,0,0,0,0,2000,0,0,0,65000,63000,2000,2000
052537,力成富邦95購01  ,0,0,0,0,0,0,0,0,0,2000,0,0,0,2000,0,2000,2000
1737,臺鹽            ,16000,14000,2000,0,0,0,0,0,0,0,0,0,0,0,0,0,2000
2028,威致            ,2000,0,2000,0,0,0,0,0,0,0,0,0,0,0,0,0,2000
1614,三洋電          ,3000,1000,2000,0,0,0,0,0,0,0,0,0,0,0,0,0,2000
1568,倉佑            ,2000,0,2000,0,0,0,0,0,0,0,0,0,0,0,0,0,2000
1470,大統新創        ,1000,0,1000,0,0,0,0,0,0,1000,1000,0,1000,0,0,0,2000
1503,士電            ,12000,10000,2000,0,0,0,0,0,0,0,0,0,0,0,0,0,2000
1460,宏遠            ,17000,15000,2000,0,0,0,0,0,0,0,0,0,0,0,0,0,2000
1455,集盛            ,5000,3000,2000,0,0,0,0,0,0,0,0,0,0,0,0,0,2000
1456,怡華            ,2000,0,2000,0,0,0,0,0,0,0,0,0,0,0,0,0,2000
06177P,玉晶光元大98售07,0,0,0,0,0,0,0,0,0,2000,0,0,0,2000,0,2000,2000
06034P,世芯凱基96售03  ,0,0,0,0,0,0,0,0,0,2000,0,0,0,2000,0,2000,2000
05959P,聯發科國票98售01,0,0,0,0,0,0,0,0,0,2000,0,0,0,2000,0,2000,2000
05872P,大立光凱基96售15,0,0,0,0,0,0,0,0,0,2000,0,0,0,20000,18000,2000,2000
05817P,可成凱基96售07  ,0,0,0,0,0,0,0,0,0,2000,0,0,0,2000,0,2000,2000
05601P,鴻海元大97售04  ,0,0,0,0,0,0,0,0,0,2000,0,0,0,83000,81000,2000,2000
055448,健策統一97購02  ,0,0,0,0,0,0,0,0,0,2000,0,0,0,10000,8000,2000,2000
055309,冠德群益97購01  ,0,0,0,0,0,0,0,0,0,2000,0,0,0,2000,0,2000,2000
2516,新建            ,2000,0,2000,0,0,0,0,0,0,0,0,0,0,0,0,0,2000
2936,客思達-KY       ,2000,0,2000,0,0,0,0,0,0,0,0,0,0,0,0,0,2000
2415,錩新            ,2000,0,2000,0,0,0,0,0,0,0,0,0,0,0,0,0,2000
2459,敦吉            ,5000,3000,2000,0,0,0,0,0,0,0,0,0,0,0,0,0,2000
2462,良得電          ,2000,0,2000,0,0,0,0,0,0,0,0,0,0,0,0,0,2000
2397,友通            ,4000,2000,2000,0,0,0,0,0,0,0,0,0,0,0,0,0,2000
4562,穎漢            ,2000,0,2000,0,0,0,0,0,0,0,0,0,0,0,0,0,2000
4545,銘鈺            ,2000,0,2000,0,0,0,0,0,0,0,0,0,0,0,0,0,2000
4912,聯德控股-KY     ,5000,4000,1000,0,0,0,0,0,0,1000,1000,0,1000,0,0,0,2000
5007,三星            ,2000,0,2000,0,0,0,0,0,0,0,0,0,0,0,0,0,2000
6579,研揚            ,2000,0,2000,0,0,0,0,0,0,0,0,0,0,0,0,0,2000
6672,騰輝電子-KY     ,20000,18000,2000,0,0,0,0,0,0,0,0,0,0,0,0,0,2000
910322,康師傅-DR       ,2000,0,2000,0,0,0,0,0,0,0,0,0,0,0,0,0,2000
8427,基勝-KY         ,2000,0,2000,0,0,0,0,0,0,0,0,0,0,0,0,0,2000
054852,奇鋐國票98購01  ,0,0,0,0,0,0,0,0,0,1000,0,0,0,1000,0,1000,1000
054079,鴻海中信98購02  ,0,0,0,0,0,0,0,0,0,1000,0,0,0,1000,0,1000,1000
054156,聯電亞東98購01  ,0,0,0,0,0,0,0,0,0,1000,0,0,0,40000,39000,1000,1000
054067,百和國票97購03  ,0,0,0,0,0,0,0,0,0,1000,0,0,0,17000,16000,1000,1000
054026,台積電凱基97購08,0,0,0,0,0,0,0,0,0,1000,0,0,0,1000,0,1000,1000
054347,上緯控國票96購02,0,0,0,0,0,0,0,0,0,1000,0,0,0,11000,10000,1000,1000
054257,揚明光元大96購02,0,0,0,0,0,0,0,0,0,1000,0,0,0,1000,0,1000,1000
054247,華邦電元大96購04,0,0,0,0,0,0,0,0,0,1000,0,0,0,17000,16000,1000,1000
054296,世芯元大97購01  ,0,0,0,0,0,0,0,0,0,1000,0,0,0,142000,141000,1000,1000
054421,臺股指元大99購03,0,0,0,0,0,0,0,0,0,1000,0,0,0,1000,0,1000,1000
053368,京元電富邦98購01,0,0,0,0,0,0,0,0,0,1000,0,0,0,1000,0,1000,1000
053378,台積電元大98購02,0,0,0,0,0,0,0,0,0,1000,0,0,0,284000,283000,1000,1000
053733,華邦電中信98購01,0,0,0,0,0,0,0,0,0,1000,0,0,0,21000,20000,1000,1000
053617,宏達電群益96購02,0,0,0,0,0,0,0,0,0,1000,0,0,0,14000,13000,1000,1000
053901,T50反1凱基99購03,0,0,0,0,0,0,0,0,0,1000,0,0,0,1000,0,1000,1000
053888,和大群益97購01  ,0,0,0,0,0,0,0,0,0,1000,0,0,0,52000,51000,1000,1000
053260,喬山群益96購01  ,0,0,0,0,0,0,0,0,0,1000,0,0,0,1000,0,1000,1000
053064,國巨群益96購04  ,0,0,0,0,0,0,0,0,0,1000,0,0,0,24000,23000,1000,1000
052682,上銀元大97購01  ,0,0,0,0,0,0,0,0,0,1000,0,0,0,6000,5000,1000,1000
052663,奇鋐國票97購01  ,0,0,0,0,0,0,0,0,0,1000,0,0,0,1000,0,1000,1000
05293P,廣達凱基95售01  ,0,0,0,0,0,0,0,0,0,1000,0,0,0,1000,0,1000,1000
052927,友達元大98購02  ,0,0,0,0,0,0,0,0,0,1000,0,0,0,41000,40000,1000,1000
052930,華新科元大97購03,0,0,0,0,0,0,0,0,0,1000,0,0,0,1000,0,1000,1000
020005,永豐外資50N     ,0,0,0,0,0,0,0,0,0,1000,0,0,0,1000,0,1000,1000
00713,元大台灣高息低波,0,0,0,0,0,0,0,0,0,1000,0,0,0,1000,0,1000,1000
00735,國泰臺韓科技    ,0,11000,-11000,0,0,0,0,0,0,12000,0,0,0,121000,109000,12000,1000
03860P,群創元富97售01  ,0,0,0,0,0,0,0,0,0,1000,0,0,0,1000,0,1000,1000
03881P,易華電永豐93售02,0,0,0,0,0,0,0,0,0,1000,0,0,0,1000,0,1000,1000
03402P,大立光凱基02售07,0,0,0,0,0,0,0,0,0,1000,0,0,0,1000,0,1000,1000
03098P,大立光凱基01售10,0,0,0,0,0,0,0,0,0,1000,0,0,0,1000,0,1000,1000
042480,創意元大91購02  ,0,0,0,0,0,0,0,0,0,1000,0,0,0,1000,0,1000,1000
042501,台灣50凱基96購06,0,0,0,0,0,0,0,0,0,1000,0,0,0,1000,0,1000,1000
042382,康控兆豐91購01  ,0,0,0,0,0,0,0,0,0,1000,0,0,0,1000,0,1000,1000
042388,大立光永昌93購02,0,0,0,0,0,0,0,0,0,1000,0,0,0,3000,2000,1000,1000
043925,旺宏台新91購01  ,0,0,0,0,0,0,0,0,0,1000,0,0,0,1000,0,1000,1000
03564P,為升群益02售02  ,0,0,0,0,0,0,0,0,0,1000,0,0,0,1000,0,1000,1000
03581P,台積電群益03售04,0,0,0,0,0,0,0,0,0,1000,0,0,0,1000,0,1000,1000
03064P,台灣50群益01售14,0,0,0,0,0,0,0,0,0,1000,0,0,0,1000,0,1000,1000
03006X,元展06          ,0,0,0,0,0,0,0,0,0,1000,0,0,0,1000,0,1000,1000
044065,亞光元大92購02  ,0,0,0,0,0,0,0,0,0,1000,0,0,0,1000,0,1000,1000
041453,國巨元富93購03  ,0,0,0,0,0,0,0,0,0,1000,0,0,0,1000,0,1000,1000
04344P,台達電國泰94售01,0,0,0,0,0,0,0,0,0,1000,0,0,0,203000,202000,1000,1000
04329P,TPK群益93售04   ,0,0,0,0,0,0,0,0,0,1000,0,0,0,1000,0,1000,1000
043274,聯茂富邦92購01  ,0,0,0,0,0,0,0,0,0,1000,0,0,0,1000,0,1000,1000
042752,台灣50元大96購03,0,0,0,0,0,0,0,0,0,1000,0,0,0,1000,0,1000,1000
044799,華邦電凱基93購01,0,0,0,0,0,0,0,0,0,1000,0,0,0,1000,0,1000,1000
044805,旭富凱基93購01  ,0,0,0,0,0,0,0,0,0,1000,0,0,0,1000,0,1000,1000
044820,臻鼎兆豐93購02  ,0,0,0,0,0,0,0,0,0,1000,0,0,0,10000,9000,1000,1000
044844,國巨統一93購04  ,0,0,0,0,0,0,0,0,0,1000,0,0,0,1000,0,1000,1000
044241,華新科統一92購01,0,0,0,0,0,0,0,0,0,1000,0,0,0,1000,0,1000,1000
044203,國泰金亞東92購01,0,0,0,0,0,0,0,0,0,1000,0,0,0,1000,0,1000,1000
044181,鴻海元富91購02  ,0,0,0,0,0,0,0,0,0,1000,0,0,0,1000,0,1000,1000
044972,元金2X國票96購01,0,0,0,0,0,0,0,0,0,1000,0,0,0,3000,2000,1000,1000
045167,玉晶光富邦92購01,0,0,0,0,0,0,0,0,0,1000,0,0,0,1000,0,1000,1000
045955,宏碁凱基93購01  ,0,0,0,0,0,0,0,0,0,1000,0,0,0,1000,0,1000,1000
045527,建準永豐92購01  ,0,0,0,0,0,0,0,0,0,1000,0,0,0,1000,0,1000,1000
045401,大立光兆豐93購01,0,0,0,0,0,0,0,0,0,1000,0,0,0,1000,0,1000,1000
045374,鴻海元大92購07  ,0,0,0,0,0,0,0,0,0,1000,0,0,0,4000,3000,1000,1000
045298,旺宏元大94購01  ,0,0,0,0,0,0,0,0,0,1000,0,0,0,1000,0,1000,1000
045962,高鐵凱基92購02  ,0,0,0,0,0,0,0,0,0,1000,0,0,0,1000,0,1000,1000
044478,友達統一93購01  ,0,0,0,0,0,0,0,0,0,1000,0,0,0,18000,17000,1000,1000
045049,景碩凱基92購02  ,0,0,0,0,0,0,0,0,0,1000,0,0,0,1000,0,1000,1000
045072,可成元大92購05  ,0,0,0,0,0,0,0,0,0,1000,0,0,0,1000,0,1000,1000
045827,緯穎凱基92購02  ,0,0,0,0,0,0,0,0,0,1000,0,0,0,1000,0,1000,1000
045832,建準群益92購01  ,0,0,0,0,0,0,0,0,0,1000,0,0,0,1000,0,1000,1000
045019,臺股指元大92購13,0,0,0,0,0,0,0,0,0,1000,0,0,0,3000,2000,1000,1000
045219,瑞昱元大92購01  ,0,0,0,0,0,0,0,0,0,1000,0,0,0,21000,20000,1000,1000
045214,上銀元大92購06  ,0,0,0,0,0,0,0,0,0,1000,0,0,0,50000,49000,1000,1000
045556,可成國票93購01  ,0,0,0,0,0,0,0,0,0,1000,0,0,0,1000,0,1000,1000
045614,瀚宇博群益92購01,0,0,0,0,0,0,0,0,0,1000,0,0,0,1000,0,1000,1000
045586,創意元大93購03  ,0,0,0,0,0,0,0,0,0,1000,0,0,0,1000,0,1000,1000
046346,旺宏兆豐92購02  ,0,0,0,0,0,0,0,0,0,1000,0,0,0,1000,0,1000,1000
046265,高鐵凱基92購03  ,0,0,0,0,0,0,0,0,0,1000,0,0,0,1000,0,1000,1000
048946,崇越永豐94購01  ,0,0,0,0,0,0,0,0,0,1000,0,0,0,1000,0,1000,1000
049012,大成鋼群益94購01,0,0,0,0,0,0,0,0,0,1000,0,0,0,1000,0,1000,1000
048877,茂林國票94購01  ,0,0,0,0,0,0,0,0,0,1000,0,0,0,1000,0,1000,1000
049252,國巨元大96購01  ,0,0,0,0,0,0,0,0,0,1000,0,0,0,1000,0,1000,1000
049244,亞光元富94購01  ,0,0,0,0,0,0,0,0,0,1000,0,0,0,3000,2000,1000,1000
049229,台化富邦94購01  ,0,0,0,0,0,0,0,0,0,1000,0,0,0,1000,0,1000,1000
049215,國巨國票94購03  ,0,0,0,0,0,0,0,0,0,1000,0,0,0,1000,0,1000,1000
049140,台積電元大94購07,0,0,0,0,0,0,0,0,0,1000,0,0,0,1000,0,1000,1000
049322,志超凱基94購02  ,0,0,0,0,0,0,0,0,0,1000,0,0,0,1000,0,1000,1000
047528,高鐵元大93購03  ,0,0,0,0,0,0,0,0,0,1000,0,0,0,5000,4000,1000,1000
048687,旺宏群益96購01  ,0,0,0,0,0,0,0,0,0,1000,0,0,0,17000,16000,1000,1000
048689,台光電群益94購01,0,0,0,0,0,0,0,0,0,1000,0,0,0,150000,149000,1000,1000
048399,祥碩國票94購01  ,0,0,0,0,0,0,0,0,0,1000,0,0,0,1000,0,1000,1000
047939,亞德客國票93購02,0,0,0,0,0,0,0,0,0,1000,0,0,0,1000,0,1000,1000
047986,明泰群益93購01  ,0,0,0,0,0,0,0,0,0,1000,0,0,0,1000,0,1000,1000
047711,華新科凱基94購03,0,0,0,0,0,0,0,0,0,1000,0,0,0,21000,20000,1000,1000
047699,亞德客凱基93購04,0,0,0,0,0,0,0,0,0,1000,0,0,0,1000,0,1000,1000
048529,京元電國票94購01,0,0,0,0,0,0,0,0,0,1000,0,0,0,1000,0,1000,1000
048605,百和國票93購02  ,0,0,0,0,0,0,0,0,0,1000,0,0,0,1000,0,1000,1000
048597,台達電國票93購02,0,0,0,0,0,0,0,0,0,1000,0,0,0,1000,0,1000,1000
048505,滬深2X群益99購03,0,0,0,0,0,0,0,0,0,1000,0,0,0,1000,0,1000,1000
049850,上緯控群益94購01,0,0,0,0,0,0,0,0,0,1000,0,0,0,1000,0,1000,1000
049854,超眾群益94購02  ,0,0,0,0,0,0,0,0,0,1000,0,0,0,11000,10000,1000,1000
048862,中磊群益94購01  ,0,0,0,0,0,0,0,0,0,1000,0,0,0,1000,0,1000,1000
048867,台積電兆豐95購01,0,0,0,0,0,0,0,0,0,1000,0,0,0,1000,0,1000,1000
046868,瑞昱統一93購02  ,0,0,0,0,0,0,0,0,0,1000,0,0,0,1000,0,1000,1000
049530,上銀台新94購01  ,0,0,0,0,0,0,0,0,0,1000,0,0,0,1000,0,1000,1000
046520,瀚宇博元大92購02,0,0,0,0,0,0,0,0,0,1000,0,0,0,99000,98000,1000,1000
049151,大立光元大94購07,0,0,0,0,0,0,0,0,0,1000,0,0,0,11000,10000,1000,1000
047317,聯詠元大93購06  ,0,0,0,0,0,0,0,0,0,1000,0,0,0,1000,0,1000,1000
047338,臺股指元大93購33,0,0,0,0,0,0,0,0,0,1000,0,0,0,1000,0,1000,1000
047413,台積電永昌93購05,0,0,0,0,0,0,0,0,0,1000,0,0,0,16000,15000,1000,1000
047392,大立光元大93購24,0,0,0,0,0,0,0,0,0,1000,0,0,0,1000,0,1000,1000
046991,健策凱基93購04  ,0,0,0,0,0,0,0,0,0,1000,0,0,0,1000,0,1000,1000
047025,可成元大93購05  ,0,0,0,0,0,0,0,0,0,1000,0,0,0,2000,1000,1000,1000
049387,緯穎元大94購03  ,0,0,0,0,0,0,0,0,0,1000,0,0,0,31000,30000,1000,1000
049388,南電元大94購05  ,0,0,0,0,0,0,0,0,0,1000,0,0,0,1000,0,1000,1000
049378,聯詠元大94購02  ,0,0,0,0,0,0,0,0,0,1000,0,0,0,1000,0,1000,1000
047882,超眾國泰94購01  ,0,0,0,0,0,0,0,0,0,1000,0,0,0,12000,11000,1000,1000
047853,臺股指元富93購03,0,0,0,0,0,0,0,0,0,1000,0,0,0,1000,0,1000,1000
047469,華通中信93購01  ,0,0,0,0,0,0,0,0,0,1000,0,0,0,1000,0,1000,1000
048198,大立光元大93購28,0,0,0,0,0,0,0,0,0,1000,0,0,0,1000,0,1000,1000
046944,奇力新元大96購01,0,0,0,0,0,0,0,0,0,1000,0,0,0,6000,5000,1000,1000
046969,聯發科群益93購05,0,0,0,0,0,0,0,0,0,1000,0,0,0,1000,0,1000,1000
046961,大立光中信95購02,0,0,0,0,0,0,0,0,0,1000,0,0,0,23000,22000,1000,1000
047434,台積電元大93購21,0,0,0,0,0,0,0,0,0,1000,0,0,0,1000,0,1000,1000
047417,台塑富邦97購01  ,0,0,0,0,0,0,0,0,0,1000,0,0,0,1000,0,1000,1000
046487,鴻海永昌92購01  ,0,0,0,0,0,0,0,0,0,1000,0,0,0,10000,9000,1000,1000
04706P,力山元大95售01  ,0,0,0,0,0,0,0,0,0,1000,0,0,0,101000,100000,1000,1000
049273,臺股指元大94購08,0,0,0,0,0,0,0,0,0,1000,0,0,0,1000,0,1000,1000
046727,新光金元大93購03,0,0,0,0,0,0,0,0,0,1000,0,0,0,1000,0,1000,1000
046721,中鋼元大93購01  ,0,0,0,0,0,0,0,0,0,1000,0,0,0,1000,0,1000,1000
052649,康控永豐96購01  ,0,0,0,0,0,0,0,0,0,1000,0,0,0,1000,0,1000,1000
052361,大成鋼國票96購01,0,0,0,0,0,0,0,0,0,1000,0,0,0,41000,40000,1000,1000
052387,台積電群益95購08,0,0,0,0,0,0,0,0,0,1000,0,0,0,69000,68000,1000,1000
052469,宏碁亞東95購01  ,0,0,0,0,0,0,0,0,0,1000,0,0,0,1000,0,1000,1000
052209,深中小元大95購02,0,0,0,0,0,0,0,0,0,1000,0,0,0,201000,200000,1000,1000
052337,臺股指日盛95購02,0,0,0,0,0,0,0,0,0,1000,0,0,0,1000,0,1000,1000
052327,聯詠中信95購03  ,0,0,0,0,0,0,0,0,0,1000,0,0,0,1000,0,1000,1000
052081,臺股指元富95購03,0,0,0,0,0,0,0,0,0,1000,0,0,0,1000,0,1000,1000
052082,臺股指元富95購04,0,0,0,0,0,0,0,0,0,1000,0,0,0,1000,0,1000,1000
052060,旺宏國票96購02  ,0,0,0,0,0,0,0,0,0,1000,0,0,0,1000,0,1000,1000
051452,貿聯元大95購04  ,0,0,0,0,0,0,0,0,0,1000,0,0,0,1000,0,1000,1000
051415,晶技國票96購01  ,0,0,0,0,0,0,0,0,0,1000,0,0,0,1000,0,1000,1000
051587,大立光元大95購08,0,0,0,0,0,0,0,0,0,1000,0,0,0,1000,0,1000,1000
051566,鴻海富邦95購05  ,0,0,0,0,0,0,0,0,0,1000,0,0,0,1000,0,1000,1000
051579,宏碁元大95購01  ,0,0,0,0,0,0,0,0,0,1000,0,0,0,1000,0,1000,1000
051724,康控永豐95購03  ,0,0,0,0,0,0,0,0,0,1000,0,0,0,1000,0,1000,1000
051706,國泰金群益95購01,0,0,0,0,0,0,0,0,0,1000,0,0,0,1000,0,1000,1000
05192P,玉晶光台新96售02,0,0,0,0,0,0,0,0,0,1000,0,0,0,18000,17000,1000,1000
051877,嘉聯益國票97購02,0,0,0,0,0,0,0,0,0,1000,0,0,0,24000,23000,1000,1000
051294,鴻海元富95購06  ,0,0,0,0,0,0,0,0,0,1000,0,0,0,1000,0,1000,1000
051075,智邦國泰97購01  ,0,0,0,0,0,0,0,0,0,1000,0,0,0,44000,43000,1000,1000
051118,台塑群益95購01  ,0,0,0,0,0,0,0,0,0,1000,0,0,0,52000,51000,1000,1000
050831,超眾凱基95購01  ,0,0,0,0,0,0,0,0,0,1000,0,0,0,1000,0,1000,1000
050907,臺股指元大95購14,0,0,0,0,0,0,0,0,0,1000,0,0,0,1000,0,1000,1000
05061P,鴻海富邦96售03  ,0,0,0,0,0,0,0,0,0,1000,0,0,0,1000,0,1000,1000
050618,緯創元大95購01  ,0,0,0,0,0,0,0,0,0,1000,0,0,0,16000,15000,1000,1000
050727,華新科國票94購09,0,0,0,0,0,0,0,0,0,1000,0,0,0,1000,0,1000,1000
050443,復盛凱基94購02  ,0,0,0,0,0,0,0,0,0,1000,0,0,0,16000,15000,1000,1000
050305,正崴中信95購01  ,0,0,0,0,0,0,0,0,0,1000,0,0,0,1000,0,1000,1000
050317,和鑫國票95購02  ,0,0,0,0,0,0,0,0,0,1000,0,0,0,65000,64000,1000,1000
050518,台積電元大94購28,0,0,0,0,0,0,0,0,0,1000,0,0,0,118000,117000,1000,1000
050542,宏碁凱基95購01  ,0,0,0,0,0,0,0,0,0,1000,0,0,0,1000,0,1000,1000
050000,盟立永豐94購01  ,0,0,0,0,0,0,0,0,0,1000,0,0,0,1000,0,1000,1000
050192,康控元大97購01  ,0,0,0,0,0,0,0,0,0,1000,0,0,0,405000,404000,1000,1000
050153,義隆群益94購01  ,0,0,0,0,0,0,0,0,0,1000,0,0,0,1000,0,1000,1000
8411,福貞-KY         ,1000,0,1000,0,0,0,0,0,0,0,0,0,0,0,0,0,1000
8467,波力-KY         ,1000,0,1000,0,0,0,0,0,0,0,0,0,0,0,0,0,1000
8488,吉源-KY         ,1000,0,1000,0,0,0,0,0,0,0,0,0,0,0,0,0,1000
9136,巨騰-DR         ,4000,3000,1000,0,0,0,0,0,0,0,0,0,0,0,0,0,1000
8033,雷虎            ,3000,2000,1000,0,0,0,0,0,0,0,0,0,0,0,0,0,1000
6582,申豐            ,1000,0,1000,0,0,0,0,0,0,0,0,0,0,0,0,0,1000
6224,聚鼎            ,21000,20000,1000,0,0,0,0,0,0,0,0,0,0,0,0,0,1000
5284,jpp-KY          ,1000,0,1000,0,0,0,0,0,0,0,0,0,0,0,0,0,1000
6184,大豐電          ,1000,0,1000,0,0,0,0,0,0,0,0,0,0,0,0,0,1000
6115,鎰勝            ,1000,0,1000,0,0,0,0,0,0,0,0,0,0,0,0,0,1000
4540,全球傳動        ,21000,20000,1000,0,0,0,0,0,0,0,0,0,0,0,0,0,1000
4526,東台            ,1000,0,1000,0,0,0,0,0,0,0,0,0,0,0,0,0,1000
3416,融程電          ,2000,1000,1000,0,0,0,0,0,0,0,0,0,0,0,0,0,1000
3266,昇陽            ,1000,0,1000,0,0,0,0,0,0,0,0,0,0,0,0,0,1000
3296,勝德            ,2000,1000,1000,0,0,0,0,0,0,0,0,0,0,0,0,0,1000
3229,晟鈦            ,1000,0,1000,0,0,0,0,0,0,0,0,0,0,0,0,0,1000
2374,佳能            ,3000,2000,1000,0,0,0,0,0,0,0,0,0,0,0,0,0,1000
2910,統領            ,0,0,0,0,0,0,0,0,0,1000,1000,0,1000,0,0,0,1000
055118,嘉聯益凱基98購02,0,0,0,0,0,0,0,0,0,1000,0,0,0,1000,0,1000,1000
055490,台光電元大97購01,0,0,0,0,0,0,0,0,0,1000,0,0,0,1000,0,1000,1000
05588P,群創兆豐97售02  ,0,0,0,0,0,0,0,0,0,1000,0,0,0,2000,1000,1000,1000
05801P,正崴兆豐96售01  ,0,0,0,0,0,0,0,0,0,1000,0,0,0,7000,6000,1000,1000
05866P,致伸元大96售01  ,0,0,0,0,0,0,0,0,0,1000,0,0,0,101000,100000,1000,1000
05928P,華邦電康和96售01,0,0,0,0,0,0,0,0,0,1000,0,0,0,1000,0,1000,1000
05953P,台積電國票98售02,0,0,0,0,0,0,0,0,0,1000,0,0,0,224000,223000,1000,1000
05993P,國巨元大96售13  ,0,0,0,0,0,0,0,0,0,1000,0,0,0,1000,0,1000,1000
06009P,宏達電元富96售03,0,0,0,0,0,0,0,0,0,1000,0,0,0,1000,0,1000,1000
1414,東和            ,2000,1000,1000,0,0,0,0,0,0,0,0,0,0,0,0,0,1000
1324,地球            ,1000,0,1000,0,0,0,0,0,0,0,0,0,0,0,0,0,1000
1101B,台泥乙特        ,0,0,0,0,0,0,0,0,0,1000,1000,0,1000,0,0,0,1000
1472,三洋紡          ,4000,3000,1000,0,0,0,0,0,0,0,0,0,0,0,0,0,1000
1587,吉茂            ,1000,0,1000,0,0,0,0,0,0,0,0,0,0,0,0,0,1000
2033,佳大            ,1000,0,1000,0,0,0,0,0,0,0,0,0,0,0,0,0,1000
1731,美吾華          ,1000,0,1000,0,0,0,0,0,0,0,0,0,0,0,0,0,1000
1783,和康生          ,4000,3000,1000,0,0,0,0,0,0,0,0,0,0,0,0,0,1000
1713,國化            ,1000,0,1000,0,0,0,0,0,0,0,0,0,0,0,0,0,1000
1906,寶隆            ,1000,0,1000,0,0,0,0,0,0,0,0,0,0,0,0,0,1000
1903,士紙            ,1000,0,1000,0,0,0,0,0,0,0,0,0,0,0,0,0,1000
052947,晶技國票97購01  ,0,0,0,0,0,0,0,0,0,0,0,0,0,8000,8000,0,0
052969,建準群益97購01  ,0,0,0,0,0,0,0,0,0,0,0,0,0,3000,3000,0,0
052860,旺宏凱基96購03  ,0,0,0,0,0,0,0,0,0,0,0,0,0,2000,2000,0,0
052820,宏達電永豐96購01,0,0,0,0,0,0,0,0,0,0,0,0,0,6000,6000,0,0
052716,欣興凱基96購01  ,0,0,0,0,0,0,0,0,0,0,0,0,0,1000,1000,0,0
052769,達興群益96購01  ,0,0,0,0,0,0,0,0,0,0,0,0,0,10000,10000,0,0
052792,大立光兆豐96購01,0,0,0,0,0,0,0,0,0,0,0,0,0,10000,10000,0,0
053085,華新科元大97購04,0,0,0,0,0,0,0,0,0,0,0,0,0,11000,11000,0,0
053041,可成凱基96購02  ,0,0,0,0,0,0,0,0,0,0,0,0,0,33000,33000,0,0
053242,聯電國票96購04  ,0,0,0,0,0,0,0,0,0,0,0,0,0,6000,6000,0,0
053210,華邦電凱基97購02,0,0,0,0,0,0,0,0,0,0,0,0,0,70000,70000,0,0
053790,嘉聯益元大99購02,0,0,0,0,0,0,0,0,0,0,0,0,0,10000,10000,0,0
053652,友達凱基98購04  ,0,0,0,0,0,0,0,0,0,0,0,0,0,1000,1000,0,0
053750,致伸永豐96購02  ,0,0,0,0,0,0,0,0,0,0,0,0,0,20000,20000,0,0
053714,南亞科凱基96購03,0,0,0,0,0,0,0,0,0,0,0,0,0,5000,5000,0,0
053710,華通凱基96購05  ,0,0,0,0,0,0,0,0,0,0,0,0,0,24000,24000,0,0
053696,日月光元大96購05,0,0,0,0,0,0,0,0,0,0,0,0,0,91000,91000,0,0
053375,鴻海元大96購18  ,0,0,0,0,0,0,0,0,0,0,0,0,0,51000,51000,0,0
053412,台達電國票97購02,0,0,0,0,0,0,0,0,0,0,0,0,0,1000,1000,0,0
053423,亞光永豐96購01  ,0,0,0,0,0,0,0,0,0,0,0,0,0,1000,1000,0,0
053426,創意永豐96購04  ,0,0,0,0,0,0,0,0,0,0,0,0,0,11000,11000,0,0
053467,鴻海元大96購20  ,0,0,0,0,0,0,0,0,0,0,0,0,0,99000,99000,0,0
05441P,華通元大95售09  ,0,0,0,0,0,0,0,0,0,0,0,0,0,3000,3000,0,0
054420,緯穎元大96購08  ,0,0,0,0,0,0,0,0,0,0,0,0,0,47000,47000,0,0
05442P,鴻海元大96售13  ,0,0,0,0,0,0,0,0,0,0,0,0,0,412000,412000,0,0
054514,道瓊銀元大98購01,0,0,0,0,0,0,0,0,0,0,0,0,0,142000,142000,0,0
054462,旺宏凱基96購08  ,0,0,0,0,0,0,0,0,0,0,0,0,0,2000,2000,0,0
054287,台積電元大97購11,0,0,0,0,0,0,0,0,0,0,0,0,0,50000,50000,0,0
054255,亞光元大96購05  ,0,0,0,0,0,0,0,0,0,0,0,0,0,19000,19000,0,0
054245,鴻海元大96購23  ,0,0,0,0,0,0,0,0,0,0,0,0,0,99000,99000,0,0
054362,亞光凱基96購03  ,0,0,0,0,0,0,0,0,0,0,0,0,0,5000,5000,0,0
054314,嘉聯益凱基97購01,0,0,0,0,0,0,0,0,0,0,0,0,0,20000,20000,0,0
054336,台積電統一96購11,0,0,0,0,0,0,0,0,0,0,0,0,0,105000,105000,0,0
054014,宏達電永豐96購04,0,0,0,0,0,0,0,0,0,0,0,0,0,36000,36000,0,0
054184,A50正2永豐96購01,0,0,0,0,0,0,0,0,0,0,0,0,0,3000,3000,0,0
054215,創意國票97購02  ,0,0,0,0,0,0,0,0,0,0,0,0,0,4000,4000,0,0
054092,大立光群益97購01,0,0,0,0,0,0,0,0,0,0,0,0,0,3000,3000,0,0
054136,亞光元大96購04  ,0,0,0,0,0,0,0,0,0,0,0,0,0,9000,9000,0,0
055020,上証2X國泰98購01,0,0,0,0,0,0,0,0,0,0,0,0,0,1200000,1200000,0,0
055073,易華電永豐97購01,0,0,0,0,0,0,0,0,0,0,0,0,0,20000,20000,0,0
05504P,台積電凱基96售04,0,0,0,0,0,0,0,0,0,0,0,0,0,238000,238000,0,0
054590,嘉聯益國泰98購01,0,0,0,0,0,0,0,0,0,0,0,0,0,159000,159000,0,0
054655,貿聯麥證98購01  ,0,0,0,10000,10000,0,0,0,0,0,0,0,0,10000,10000,0,0
054625,旺宏凱基98購03  ,0,0,0,0,0,0,0,0,0,0,0,0,0,2000,2000,0,0
054638,國泰金中信99購01,0,0,0,0,0,0,0,0,0,0,0,0,0,12000,12000,0,0
054690,新興永豐97購01  ,0,0,0,0,0,0,0,0,0,0,0,0,0,55000,55000,0,0
05475P,聯茂亞東95售01  ,0,0,0,0,0,0,0,0,0,0,0,0,0,10000,10000,0,0
054812,鴻海元大97購08  ,0,0,0,0,0,0,0,0,0,0,0,0,0,97000,97000,0,0
054813,鴻海元大97購09  ,0,0,0,0,0,0,0,0,0,0,0,0,0,152000,152000,0,0
054814,台積電元大97購13,0,0,0,0,0,0,0,0,0,0,0,0,0,36000,36000,0,0
049116,瑞儀統一94購01  ,0,0,0,0,0,0,0,0,0,0,0,0,0,28000,28000,0,0
049219,聯發科國票95購01,0,0,0,0,0,0,0,0,0,0,0,0,0,10000,10000,0,0
048880,昇陽半國票94購01,0,0,0,0,0,0,0,0,0,0,0,0,0,30000,30000,0,0
046496,鴻海元大92購16  ,0,0,0,0,0,0,0,0,0,0,0,0,0,51000,51000,0,0
046368,嘉聯益永豐92購04,0,0,0,0,0,0,0,0,0,0,0,0,0,60000,60000,0,0
047998,美律元大93購06  ,0,0,0,0,0,0,0,0,0,0,0,0,0,11000,11000,0,0
046072,台勝科凱基92購03,0,0,0,0,0,0,0,0,0,0,0,0,0,28000,28000,0,0
046183,瑞昱凱基92購02  ,0,0,0,0,0,0,0,0,0,0,0,0,0,10000,10000,0,0
046206,為升國泰93購01  ,0,0,0,0,0,0,0,0,0,0,0,0,0,50000,50000,0,0
046251,宏達電群益92購03,0,0,0,0,0,0,0,0,0,0,0,0,0,36000,36000,0,0
045227,致伸元大93購01  ,0,0,0,0,0,0,0,0,0,0,0,0,0,60000,60000,0,0
045216,鴻海元大93購02  ,0,0,0,0,0,0,0,0,0,0,0,0,0,51000,51000,0,0
045186,鴻海元富92購02  ,0,0,0,0,0,0,0,0,0,0,0,0,0,10000,10000,0,0
045273,鴻海統一92購02  ,0,0,0,0,0,0,0,0,0,0,0,0,0,3000,3000,0,0
046016,緯穎元富92購04  ,0,0,0,0,0,0,0,0,0,0,0,0,0,30000,30000,0,0
046046,世紀鋼元大93購03,0,0,0,0,0,0,0,0,0,0,0,0,0,68000,68000,0,0
04604P,華新科國票95售01,0,0,0,0,0,0,0,0,0,0,0,0,0,299000,299000,0,0
046039,新日興元大92購02,0,0,0,0,0,0,0,0,0,0,0,0,0,10000,10000,0,0
045818,鴻海凱基93購10  ,0,0,0,0,0,0,0,0,0,0,0,0,0,7000,7000,0,0
045786,台勝科元大92購02,0,0,0,0,0,0,0,0,0,0,0,0,0,102000,102000,0,0
045074,華新科元大93購03,0,0,0,0,0,0,0,0,0,0,0,0,0,10000,10000,0,0
044340,TPK統一93購01   ,0,0,0,0,0,0,0,0,0,0,0,0,0,28000,28000,0,0
044344,傳奇國泰92購01  ,0,0,0,0,0,0,0,0,0,0,0,0,0,90000,90000,0,0
044416,台光電統一91購03,0,0,0,0,0,0,0,0,0,0,0,0,0,10000,10000,0,0
044411,A50正2統一93購01,0,0,0,0,0,0,0,0,0,0,0,0,0,30000,30000,0,0
044620,上銀元大92購04  ,0,0,0,0,0,0,0,0,0,0,0,0,0,120000,120000,0,0
044698,奇力新元大93購01,0,0,0,0,0,0,0,0,0,0,0,0,0,10000,10000,0,0
045352,亞光凱基92購03  ,0,0,0,0,0,0,0,0,0,0,0,0,0,7000,7000,0,0
045503,群創凱基93購09  ,0,0,0,0,0,0,0,0,0,0,0,0,0,6000,6000,0,0
045446,鴻海國泰94購01  ,0,0,0,0,0,0,0,0,0,0,0,0,0,36000,36000,0,0
045462,美律元大93購04  ,0,0,0,0,0,0,0,0,0,0,0,0,0,18000,18000,0,0
045165,台虹國泰93購01  ,0,0,0,0,0,0,0,0,0,0,0,0,0,222000,222000,0,0
045160,致新凱基92購01  ,0,0,0,0,0,0,0,0,0,0,0,0,0,7000,7000,0,0
045154,欣興凱基92購03  ,0,0,0,0,0,0,0,0,0,0,0,0,0,1000,1000,0,0
044285,鴻海凱基93購06  ,0,0,0,0,0,0,0,0,0,0,0,0,0,1000,1000,0,0
045150,聯發科凱基93購03,0,0,0,0,0,0,0,0,0,0,0,0,0,2000,2000,0,0
045151,大立光凱基93購02,0,0,0,0,0,0,0,0,0,0,0,0,0,1000,1000,0,0
044970,大毅永豐92購01  ,0,0,0,0,0,0,0,0,0,0,0,0,0,101000,101000,0,0
046132,致新元大92購01  ,0,0,0,0,0,0,0,0,0,0,0,0,0,7000,7000,0,0
046148,友達中信94購01  ,0,0,0,0,0,0,0,0,0,0,0,0,0,40000,40000,0,0
045748,臺股指永豐92購01,0,0,0,0,0,0,0,0,0,0,0,0,0,788000,788000,0,0
045719,台光電凱基92購04,0,0,0,0,0,0,0,0,0,0,0,0,0,10000,10000,0,0
045698,致伸兆豐93購01  ,0,0,0,0,0,0,0,0,0,0,0,0,0,60000,60000,0,0
046115,京元電元大92購04,0,0,0,0,0,0,0,0,0,0,0,0,0,68000,68000,0,0
044180,鴻海元富91購01  ,0,0,0,0,0,0,0,0,0,0,0,0,0,83000,83000,0,0
044128,欣興凱基92購01  ,0,0,0,0,0,0,0,0,0,0,0,0,0,20000,20000,0,0
044200,群創國票93購01  ,0,0,0,0,0,0,0,0,0,0,0,0,0,131000,131000,0,0
044238,燿華統一91購01  ,0,0,0,0,0,0,0,0,0,0,0,0,0,10000,10000,0,0
045671,鴻海元大92購10  ,0,0,0,0,0,0,0,0,0,0,0,0,0,16000,16000,0,0
044834,旺宏元大93購02  ,0,0,0,0,0,0,0,0,0,0,0,0,0,20000,20000,0,0
044279,美律日盛91購02  ,0,0,0,0,0,0,0,0,0,0,0,0,0,5000,5000,0,0
042735,TPK兆豐92購01   ,0,0,0,0,0,0,0,0,0,0,0,0,0,18000,18000,0,0
04269P,華通國票93售03  ,0,0,0,0,0,0,0,0,0,0,0,0,0,100000,100000,0,0
043144,台肥統一93購01  ,0,0,0,0,0,0,0,0,0,0,0,0,0,5000,5000,0,0
043068,TPK兆豐93購01   ,0,0,0,0,0,0,0,0,0,0,0,0,0,17000,17000,0,0
04102P,臺股指國票93售09,0,0,0,0,0,0,0,0,0,0,0,0,0,132000,132000,0,0
040762,滬深2X凱基92購01,0,0,0,0,0,0,0,0,0,0,0,0,0,10000,10000,0,0
04407P,滬深2X統一94售02,0,0,0,0,0,0,0,0,0,0,0,0,0,1000,1000,0,0
04408P,台積電統一94售06,0,0,0,0,0,0,0,0,0,0,0,0,0,20000,20000,0,0
040498,滬深2X國票92購01,0,0,0,0,0,0,0,0,0,0,0,0,0,100000,100000,0,0
041817,鴻海凱基92購01  ,0,0,0,0,0,0,0,0,0,0,0,0,0,3000,3000,0,0
03016P,滬深2X群益01售09,0,0,0,0,0,0,0,0,0,0,0,0,0,20000,20000,0,0
03003P,京鼎群益01售02  ,0,0,0,0,0,0,0,0,0,0,0,0,0,10000,10000,0,0
03781P,智邦凱基93售03  ,0,0,0,0,0,0,0,0,0,0,0,0,0,16000,16000,0,0
03626P,可成兆豐93售03  ,0,0,0,0,0,0,0,0,0,0,0,0,0,300000,300000,0,0
043907,鴻海凱基93購01  ,0,0,0,0,0,0,0,0,0,0,0,0,0,2000,2000,0,0
043894,百和元大92購01  ,0,0,0,0,0,0,0,0,0,0,0,0,0,3000,3000,0,0
04383P,泰鼎國泰95售01  ,0,0,0,0,0,0,0,0,0,0,0,0,0,10000,10000,0,0
043771,鴻海兆豐92購01  ,0,0,0,0,0,0,0,0,0,0,0,0,0,150000,150000,0,0
042425,台郡元大91購01  ,0,0,0,0,0,0,0,0,0,0,0,0,0,10000,10000,0,0
042513,大立光凱基91購02,0,0,0,0,0,0,0,0,0,0,0,0,0,10000,10000,0,0
042550,欣興元大91購01  ,0,0,0,0,0,0,0,0,0,0,0,0,0,10000,10000,0,0
03126P,旭富凱基01售04  ,0,0,0,0,0,0,0,0,0,0,0,0,0,20000,20000,0,0
00732,國泰RMB短期報酬 ,0,0,0,0,0,0,0,0,0,0,0,0,0,100000,100000,0,0
00714,群益道瓊美國地產,0,0,0,0,0,0,0,0,0,0,0,0,0,100000,100000,0,0
00707R,元大S&P日圓反1  ,0,0,0,0,0,0,0,0,0,0,0,0,0,41000,41000,0,0
00691R,兆豐藍籌30反1   ,0,0,0,0,0,0,0,0,0,0,0,0,0,43000,43000,0,0
00689R,國泰20年美債反1 ,0,0,0,0,0,0,0,0,0,0,0,0,0,100000,100000,0,0
03805P,可成元富93售02  ,0,0,0,0,0,0,0,0,0,0,0,0,0,20000,20000,0,0
03826P,瀚宇博元大95售01,0,0,0,0,0,0,0,0,0,0,0,0,0,75000,75000,0,0
00767,FH美國金融股    ,0,0,0,0,0,0,0,0,0,0,0,0,0,100000,100000,0,0
00774B,新光中國政金綠債,0,0,0,0,0,0,0,0,0,0,0,0,0,2000,2000,0,0
00775B,新光投等債15+   ,0,0,0,0,0,0,0,0,0,0,0,0,0,2000,2000,0,0
00668K,國泰美國道瓊+U  ,0,0,0,0,0,0,0,0,0,0,0,0,0,100,100,0,0
00682U,元大美元指數    ,0,0,0,0,0,0,0,0,0,0,0,0,0,40000,40000,0,0
00683L,元大美元指數正2 ,0,0,0,0,0,0,0,0,0,0,0,0,0,40000,40000,0,0
00684R,元大美元指數反1 ,0,0,0,0,0,0,0,0,0,0,0,0,0,40000,40000,0,0
00666R,富邦恒生國企反1 ,0,0,0,0,0,0,0,0,0,0,0,0,0,85000,85000,0,0
00657K,國泰日經225+U   ,0,0,0,0,0,0,0,0,0,0,0,0,0,100,100,0,0
00636K,國泰中國A50+U   ,0,0,0,0,0,0,0,0,0,0,0,0,0,100,100,0,0
00625K,富邦上証+R      ,0,0,0,0,0,0,0,0,0,0,0,0,0,50000,50000,0,0
047145,鴻海群益95購01  ,0,0,0,0,0,0,0,0,0,0,0,0,0,10000,10000,0,0
046750,鴻海凱基93購17  ,0,0,0,0,0,0,0,0,0,0,0,0,0,20000,20000,0,0
047186,大立光元大93購20,0,0,0,0,0,0,0,0,0,0,0,0,0,1000,1000,0,0
047193,南電元大94購02  ,0,0,0,0,0,0,0,0,0,0,0,0,0,18000,18000,0,0
047221,日月光麥證93購01,0,0,0,20000,20000,0,0,0,0,0,0,0,0,20000,20000,0,0
047222,鴻海凱基94購04  ,0,0,0,0,0,0,0,0,0,0,0,0,0,4000,4000,0,0
047238,傳奇凱基94購01  ,0,0,0,0,0,0,0,0,0,0,0,0,0,100000,100000,0,0
047088,可成元富93購03  ,0,0,0,0,0,0,0,0,0,0,0,0,0,36000,36000,0,0
047064,致伸凱基93購03  ,0,0,0,0,0,0,0,0,0,0,0,0,0,20000,20000,0,0
047094,聯發科麥證93購02,0,0,0,20000,20000,0,0,0,0,0,0,0,0,20000,20000,0,0
047134,聯發科凱基93購10,0,0,0,0,0,0,0,0,0,0,0,0,0,75000,75000,0,0
046693,台積電凱基93購03,0,0,0,0,0,0,0,0,0,0,0,0,0,10000,10000,0,0
046699,臻鼎凱基93購03  ,0,0,0,0,0,0,0,0,0,0,0,0,0,4000,4000,0,0
046456,聯發科凱基92購08,0,0,0,0,0,0,0,0,0,0,0,0,0,1000,1000,0,0
046428,矽力元大92購02  ,0,0,0,0,0,0,0,0,0,0,0,0,0,10000,10000,0,0
047433,鴻海元大93購16  ,0,0,0,0,0,0,0,0,0,0,0,0,0,31000,31000,0,0
046953,嘉聯益國票94購01,0,0,0,0,0,0,0,0,0,0,0,0,0,4000,4000,0,0
046932,聯詠統一93購02  ,0,0,0,0,0,0,0,0,0,0,0,0,0,17000,17000,0,0
046936,祥碩元富93購01  ,0,0,0,0,0,0,0,0,0,0,0,0,0,10000,10000,0,0
04693P,超眾群益95售01  ,0,0,0,0,0,0,0,0,0,0,0,0,0,10000,10000,0,0
048202,瑞儀元大93購04  ,0,0,0,0,0,0,0,0,0,0,0,0,0,68000,68000,0,0
048196,聯發科元大93購24,0,0,0,0,0,0,0,0,0,0,0,0,0,6000,6000,0,0
047866,得力永豐93購01  ,0,0,0,0,0,0,0,0,0,0,0,0,0,30000,30000,0,0
04781P,欣興凱基94售06  ,0,0,0,0,0,0,0,0,0,0,0,0,0,20000,20000,0,0
047879,台積電中信93購04,0,0,0,0,0,0,0,0,0,0,0,0,0,20000,20000,0,0
047911,晶技麥證94購01  ,0,0,0,40000,40000,0,0,0,0,0,0,0,0,40000,40000,0,0
047804,鴻海凱基93購26  ,0,0,0,0,0,0,0,0,0,0,0,0,0,9000,9000,0,0
047734,欣興兆豐94購02  ,0,0,0,0,0,0,0,0,0,0,0,0,0,200000,200000,0,0
047728,嘉聯益群益93購01,0,0,0,0,0,0,0,0,0,0,0,0,0,4000,4000,0,0
047029,日月光元大93購01,0,0,0,0,0,0,0,0,0,0,0,0,0,2000,2000,0,0
047393,景碩元大93購02  ,0,0,0,0,0,0,0,0,0,0,0,0,0,2000,2000,0,0
047391,潤泰全元大93購02,0,0,0,0,0,0,0,0,0,0,0,0,0,56000,56000,0,0
04806P,臻鼎元富94售06  ,0,0,0,0,0,0,0,0,0,0,0,0,0,1000,1000,0,0
046649,致伸國泰94購01  ,0,0,0,0,0,0,0,0,0,0,0,0,0,10000,10000,0,0
047345,鴻海凱基94購06  ,0,0,0,0,0,0,0,0,0,0,0,0,0,1000,1000,0,0
046628,大立光統一98購01,0,0,0,0,0,0,0,0,0,0,0,0,0,2000,2000,0,0
048006,瑞儀元大93購03  ,0,0,0,0,0,0,0,0,0,0,0,0,0,10000,10000,0,0
048057,宏達電國泰94購02,0,0,0,0,0,0,0,0,0,0,0,0,0,46000,46000,0,0
048022,儒鴻凱基93購04  ,0,0,0,0,0,0,0,0,0,0,0,0,0,5000,5000,0,0
048024,鴻海凱基93購29  ,0,0,0,0,0,0,0,0,0,0,0,0,0,1000,1000,0,0
048028,聯發科凱基93購25,0,0,0,0,0,0,0,0,0,0,0,0,0,25000,25000,0,0
048014,貿聯國票93購03  ,0,0,0,0,0,0,0,0,0,0,0,0,0,5000,5000,0,0
048824,聯發科凱基94購03,0,0,0,0,0,0,0,0,0,0,0,0,0,21000,21000,0,0
048825,華新科凱基94購05,0,0,0,0,0,0,0,0,0,0,0,0,0,37000,37000,0,0
048798,華新科國泰95購01,0,0,0,0,0,0,0,0,0,0,0,0,0,1000,1000,0,0
049154,玉晶光元大95購02,0,0,0,0,0,0,0,0,0,0,0,0,0,75000,75000,0,0
049172,鴻海凱基94購14  ,0,0,0,0,0,0,0,0,0,0,0,0,0,21000,21000,0,0
049173,鴻海凱基94購15  ,0,0,0,0,0,0,0,0,0,0,0,0,0,19000,19000,0,0
049174,台積電凱基94購11,0,0,0,0,0,0,0,0,0,0,0,0,0,74000,74000,0,0
046521,台郡元大92購06  ,0,0,0,0,0,0,0,0,0,0,0,0,0,10000,10000,0,0
046505,聯發科元大92購20,0,0,0,0,0,0,0,0,0,0,0,0,0,30000,30000,0,0
046583,聯發科元大92購24,0,0,0,0,0,0,0,0,0,0,0,0,0,30000,30000,0,0
047309,鴻海元大93購13  ,0,0,0,0,0,0,0,0,0,0,0,0,0,8000,8000,0,0
04956P,臺股指日盛94售02,0,0,0,0,0,0,0,0,0,0,0,0,0,50000,50000,0,0
049528,台積電中信94購01,0,0,0,0,0,0,0,0,0,0,0,0,0,20000,20000,0,0
046372,東元凱基92購01  ,0,0,0,0,0,0,0,0,0,0,0,0,0,200000,200000,0,0
046387,臻鼎凱基92購04  ,0,0,0,0,0,0,0,0,0,0,0,0,0,10000,10000,0,0
047616,鴻海凱基94購10  ,0,0,0,0,0,0,0,0,0,0,0,0,0,2000,2000,0,0
047640,聯發科元大93購17,0,0,0,0,0,0,0,0,0,0,0,0,0,28000,28000,0,0
047634,亞德客元大93購01,0,0,0,0,0,0,0,0,0,0,0,0,0,9000,9000,0,0
048320,聯詠凱基93購08  ,0,0,0,0,0,0,0,0,0,0,0,0,0,27000,27000,0,0
048321,欣興凱基93購03  ,0,0,0,0,0,0,0,0,0,0,0,0,0,2000,2000,0,0
048333,大立光富邦95購01,0,0,0,0,0,0,0,0,0,0,0,0,0,15000,15000,0,0
048329,台積電永昌93購07,0,0,0,0,0,0,0,0,0,0,0,0,0,100000,100000,0,0
048344,大立光元大93購30,0,0,0,0,0,0,0,0,0,0,0,0,0,1000,1000,0,0
049815,緯穎元大94購06  ,0,0,0,0,0,0,0,0,0,0,0,0,0,2000,2000,0,0
049934,緯穎元大94購08  ,0,0,0,0,0,0,0,0,0,0,0,0,0,30000,30000,0,0
049928,祥碩元大94購02  ,0,0,0,0,0,0,0,0,0,0,0,0,0,10000,10000,0,0
049762,華邦電國泰95購01,0,0,0,0,0,0,0,0,0,0,0,0,0,10000,10000,0,0
049727,台積電中信94購02,0,0,0,0,0,0,0,0,0,0,0,0,0,20000,20000,0,0
049588,聯發科元大94購06,0,0,0,0,0,0,0,0,0,0,0,0,0,3000,3000,0,0
04964P,鴻海元大94售26  ,0,0,0,0,0,0,0,0,0,0,0,0,0,51000,51000,0,0
049665,TPK永昌95購01   ,0,0,0,0,0,0,0,0,0,0,0,0,0,6000,6000,0,0
049692,可成元大94購07  ,0,0,0,0,0,0,0,0,0,0,0,0,0,50000,50000,0,0
048284,臺股指中信95購04,0,0,0,0,0,0,0,0,0,0,0,0,0,5000,5000,0,0
048567,台郡元大93購03  ,0,0,0,0,0,0,0,0,0,0,0,0,0,10000,10000,0,0
048571,美利達元大96購03,0,0,0,0,0,0,0,0,0,0,0,0,0,100000,100000,0,0
048517,致伸凱基93購06  ,0,0,0,0,0,0,0,0,0,0,0,0,0,20000,20000,0,0
048513,欣興凱基93購04  ,0,0,0,0,0,0,0,0,0,0,0,0,0,1000,1000,0,0
049298,矽格群益95購01  ,0,0,0,0,0,0,0,0,0,0,0,0,0,27000,27000,0,0
047915,鴻海凱基93購27  ,0,0,0,0,0,0,0,0,0,0,0,0,0,5000,5000,0,0
047916,台積電凱基93購22,0,0,0,0,0,0,0,0,0,0,0,0,0,1000,1000,0,0
048649,瀚宇博元大93購05,0,0,0,0,0,0,0,0,0,0,0,0,0,156000,156000,0,0
048651,美利達元大96購05,0,0,0,0,0,0,0,0,0,0,0,0,0,100000,100000,0,0
048613,智原凱基93購03  ,0,0,0,0,0,0,0,0,0,0,0,0,0,1000,1000,0,0
048624,美律台新93購01  ,0,0,0,0,0,0,0,0,0,0,0,0,0,10000,10000,0,0
048637,鴻海元大96購01  ,0,0,0,0,0,0,0,0,0,0,0,0,0,3000,3000,0,0
047550,聯發科凱基93購13,0,0,0,0,0,0,0,0,0,0,0,0,0,3000,3000,0,0
047555,欣興凱基93購01  ,0,0,0,0,0,0,0,0,0,0,0,0,0,2000,2000,0,0
047543,鴻海凱基94購09  ,0,0,0,0,0,0,0,0,0,0,0,0,0,21000,21000,0,0
046759,聯發科凱基93購06,0,0,0,0,0,0,0,0,0,0,0,0,0,1000,1000,0,0
049308,台達電凱基94購04,0,0,0,0,0,0,0,0,0,0,0,0,0,24000,24000,0,0
048317,大立光凱基93購36,0,0,0,0,0,0,0,0,0,0,0,0,0,1000,1000,0,0
050111,全新元大95購02  ,0,0,0,0,0,0,0,0,0,0,0,0,0,212000,212000,0,0
050197,矽格元大94購04  ,0,0,0,0,0,0,0,0,0,0,0,0,0,82000,82000,0,0
050208,燿華兆豐95購02  ,0,0,0,0,0,0,0,0,0,0,0,0,0,62000,62000,0,0
050187,群創元大94購03  ,0,0,0,0,0,0,0,0,0,0,0,0,0,80000,80000,0,0
050059,旺宏凱基94購03  ,0,0,0,0,0,0,0,0,0,0,0,0,0,4000,4000,0,0
050092,鴻海永豐94購04  ,0,0,0,0,0,0,0,0,0,0,0,0,0,40000,40000,0,0
050107,鴻海元大94購12  ,0,0,0,0,0,0,0,0,0,0,0,0,0,15000,15000,0,0
050108,鴻海元大94購13  ,0,0,0,0,0,0,0,0,0,0,0,0,0,9000,9000,0,0
050553,緯穎凱基94購06  ,0,0,0,0,0,0,0,0,0,0,0,0,0,22000,22000,0,0
050605,上証2X元大97購02,0,0,0,0,0,0,0,0,0,0,0,0,0,16000,16000,0,0
050513,亞泥元大94購02  ,0,0,0,0,0,0,0,0,0,0,0,0,0,48000,48000,0,0
050528,瑞儀元大94購02  ,0,0,0,0,0,0,0,0,0,0,0,0,0,71000,71000,0,0
050502,聯發科凱基94購21,0,0,0,0,0,0,0,0,0,0,0,0,0,17000,17000,0,0
050291,聯發科凱基94購16,0,0,0,0,0,0,0,0,0,0,0,0,0,17000,17000,0,0
050432,聯發科凱基94購19,0,0,0,0,0,0,0,0,0,0,0,0,0,13000,13000,0,0
050445,鴻海元大94購21  ,0,0,0,0,0,0,0,0,0,0,0,0,0,174000,174000,0,0
050446,鴻海元大94購22  ,0,0,0,0,0,0,0,0,0,0,0,0,0,7000,7000,0,0
050421,鴻海凱基95購04  ,0,0,0,0,0,0,0,0,0,0,0,0,0,3000,3000,0,0
050419,鴻海凱基95購02  ,0,0,0,0,0,0,0,0,0,0,0,0,0,3000,3000,0,0
050423,鴻海凱基96購02  ,0,0,0,0,0,0,0,0,0,0,0,0,0,3000,3000,0,0
050410,燿華永豐95購03  ,0,0,0,0,0,0,0,0,0,0,0,0,0,37000,37000,0,0
050367,鴻海元大94購20  ,0,0,0,0,0,0,0,0,0,0,0,0,0,139000,139000,0,0
050737,聯詠康和94購01  ,0,0,0,0,0,0,0,0,0,0,0,0,0,10000,10000,0,0
050771,華新科元大94購06,0,0,0,0,0,0,0,0,0,0,0,0,0,30000,30000,0,0
050630,大立光亞東96購01,0,0,0,0,0,0,0,0,0,0,0,0,0,1000,1000,0,0
050642,和大凱基94購03  ,0,0,0,0,0,0,0,0,0,0,0,0,0,55000,55000,0,0
050649,華新科凱基96購01,0,0,0,0,0,0,0,0,0,0,0,0,0,10000,10000,0,0
050652,大立光凱基96購03,0,0,0,0,0,0,0,0,0,0,0,0,0,18000,18000,0,0
050673,旺宏富邦96購02  ,0,0,0,0,0,0,0,0,0,0,0,0,0,24000,24000,0,0
05093P,可成元大95售03  ,0,0,0,0,0,0,0,0,0,0,0,0,0,63000,63000,0,0
050984,大立光國泰97購01,0,0,0,0,0,0,0,0,0,0,0,0,0,3000,3000,0,0
050809,鴻海凱基95購08  ,0,0,0,0,0,0,0,0,0,0,0,0,0,3000,3000,0,0
050810,鴻海凱基95購09  ,0,0,0,0,0,0,0,0,0,0,0,0,0,20000,20000,0,0
050893,鴻海元大96購03  ,0,0,0,0,0,0,0,0,0,0,0,0,0,26000,26000,0,0
050883,嘉聯益國泰96購01,0,0,0,0,0,0,0,0,0,0,0,0,0,30000,30000,0,0
051085,鴻海元大95購03  ,0,0,0,0,0,0,0,0,0,0,0,0,0,265000,265000,0,0
051086,鴻海元大96購04  ,0,0,0,0,0,0,0,0,0,0,0,0,0,51000,51000,0,0
050998,訊連元大95購01  ,0,0,0,0,0,0,0,0,0,0,0,0,0,35000,35000,0,0
051050,鴻海群益95購03  ,0,0,0,0,0,0,0,0,0,0,0,0,0,39000,39000,0,0
051306,嘉聯益凱基96購01,0,0,0,0,0,0,0,0,0,0,0,0,0,10000,10000,0,0
051254,健策元大96購04  ,0,0,0,0,0,0,0,0,0,0,0,0,0,30000,30000,0,0
05123P,鴻海永昌96售07  ,0,0,0,0,0,0,0,0,0,0,0,0,0,209000,209000,0,0
051224,華通群益96購03  ,0,0,0,0,0,0,0,0,0,0,0,0,0,2000,2000,0,0
051236,鴻海元大96購05  ,0,0,0,0,0,0,0,0,0,0,0,0,0,201000,201000,0,0
051165,可成元大95購01  ,0,0,0,0,0,0,0,0,0,0,0,0,0,68000,68000,0,0
051199,鴻海麥證95購03  ,0,0,0,10000,10000,0,0,0,0,0,0,0,0,10000,10000,0,0
051900,臻鼎富邦95購01  ,0,0,0,0,0,0,0,0,0,0,0,0,0,20000,20000,0,0
051920,南茂元大95購03  ,0,0,0,0,0,0,0,0,0,0,0,0,0,9000,9000,0,0
051921,南茂元大95購04  ,0,0,0,0,0,0,0,0,0,0,0,0,0,9000,9000,0,0
051973,華新科凱基96購04,0,0,0,0,0,0,0,0,0,0,0,0,0,29000,29000,0,0
051979,群創凱基97購01  ,0,0,0,0,0,0,0,0,0,0,0,0,0,2000,2000,0,0
051667,光磊元大96購02  ,0,0,0,0,0,0,0,0,0,0,0,0,0,2000,2000,0,0
051661,華新科永昌96購01,0,0,0,0,0,0,0,0,0,0,0,0,0,9000,9000,0,0
051779,大立光群益95購02,0,0,0,0,0,0,0,0,0,0,0,0,0,10000,10000,0,0
051787,燿華國票96購02  ,0,0,0,0,0,0,0,0,0,0,0,0,0,110000,110000,0,0
05157P,全新台新96售01  ,0,0,0,0,0,0,0,0,0,0,0,0,0,30000,30000,0,0
051542,南茂國票96購01  ,0,0,0,0,0,0,0,0,0,0,0,0,0,5000,5000,0,0
051512,超眾麥證95購01  ,0,0,0,75000,60000,15000,0,0,0,0,0,0,0,75000,75000,0,0
051531,國巨國票96購04  ,0,0,0,0,0,0,0,0,0,0,0,0,0,1000,1000,0,0
051536,玉晶光國票97購01,0,0,0,0,0,0,0,0,0,0,0,0,0,7000,7000,0,0
051581,聯發科元大95購12,0,0,0,0,0,0,0,0,0,0,0,0,0,3000,3000,0,0
051625,聯發科麥證95購01,0,0,0,10000,10000,0,0,0,0,0,0,0,0,10000,10000,0,0
051637,嘉聯益國票96購01,0,0,0,0,0,0,0,0,0,0,0,0,0,93000,93000,0,0
05146P,鴻海元大95售10  ,0,0,0,0,0,0,0,0,0,0,0,0,0,47000,47000,0,0
051342,光寶科元大95購01,0,0,0,0,0,0,0,0,0,0,0,0,0,49000,49000,0,0
051343,鴻海元大95購07  ,0,0,0,0,0,0,0,0,0,0,0,0,0,10000,10000,0,0
051344,鴻海元大95購08  ,0,0,0,0,0,0,0,0,0,0,0,0,0,175000,175000,0,0
051349,國巨元大95購08  ,0,0,0,0,0,0,0,0,0,0,0,0,0,5000,5000,0,0
051350,台積電元大95購14,0,0,0,0,0,0,0,0,0,0,0,0,0,70000,70000,0,0
05139P,臺股指凱基95售06,0,0,0,0,0,0,0,0,0,0,0,0,0,50000,50000,0,0
052052,嘉澤凱基95購02  ,0,0,0,0,0,0,0,0,0,0,0,0,0,6000,6000,0,0
052171,台積電元大95購21,0,0,0,0,0,0,0,0,0,0,0,0,0,80000,80000,0,0
052182,鴻海群益96購01  ,0,0,0,0,0,0,0,0,0,0,0,0,0,10000,10000,0,0
052153,GIS富邦96購02   ,0,0,0,0,0,0,0,0,0,0,0,0,0,100000,100000,0,0
052320,緯創元大95購05  ,0,0,0,0,0,0,0,0,0,0,0,0,0,9000,9000,0,0
052291,鴻海元富97購02  ,0,0,0,0,0,0,0,0,0,0,0,0,0,50000,50000,0,0
052280,聯發科凱基95購11,0,0,0,0,0,0,0,0,0,0,0,0,0,3000,3000,0,0
052279,旺宏凱基95購07  ,0,0,0,0,0,0,0,0,0,0,0,0,0,1000,1000,0,0
05219P,鴻海元大95售17  ,0,0,0,0,0,0,0,0,0,0,0,0,0,76000,76000,0,0
052186,宏達電群益95購04,0,0,0,0,0,0,0,0,0,0,0,0,0,13000,13000,0,0
052221,東元凱基95購01  ,0,0,0,0,0,0,0,0,0,0,0,0,0,268000,268000,0,0
052493,上証2X中信97購02,0,0,0,0,0,0,0,0,0,0,0,0,0,4000,4000,0,0
05243P,鴻海元大95售19  ,0,0,0,0,0,0,0,0,0,0,0,0,0,92000,92000,0,0
05263P,台積電元大96售09,0,0,0,0,0,0,0,0,0,0,0,0,0,40000,40000,0,0
05261P,鴻海元大95售20  ,0,0,0,0,0,0,0,0,0,0,0,0,0,51000,51000,0,0
052620,上証2X富邦97購02,0,0,0,0,0,0,0,0,0,0,0,0,0,20000,20000,0,0
052548,旺宏亞東96購01  ,0,0,0,0,0,0,0,0,0,0,0,0,0,10000,10000,0,0
052603,鴻海元大96購15  ,0,0,0,0,0,0,0,0,0,0,0,0,0,26000,26000,0,0
2038,海光            ,2000,2000,0,0,0,0,0,0,0,0,0,0,0,0,0,0,0
1454,台富            ,1000,1000,0,0,0,0,0,0,0,0,0,0,0,0,0,0,0
1234,黑松            ,2000,2000,0,0,0,0,0,0,0,0,0,0,0,0,0,0,0
1452,宏益            ,1000,1000,0,0,0,0,0,0,0,0,0,0,0,0,0,0,0
06166P,大立光國票98售01,0,0,0,0,0,0,0,0,0,0,0,0,0,60000,60000,0,0
06194P,台積電元富97售05,0,0,0,0,0,0,0,0,0,0,0,0,0,10000,10000,0,0
06198P,台積電元大98售06,0,0,0,0,0,0,0,0,0,0,0,0,0,110000,110000,0,0
07480P,FBVIX凱基94售01 ,0,0,0,0,0,0,0,0,0,0,0,0,0,1000,1000,0,0
06032P,健策群益97售03  ,0,0,0,0,0,0,0,0,0,0,0,0,0,11000,11000,0,0
05957P,友達國票97售04  ,0,0,0,0,0,0,0,0,0,0,0,0,0,28000,28000,0,0
06057P,大立光凱基98售01,0,0,0,0,0,0,0,0,0,0,0,0,0,150000,150000,0,0
06088P,建準永豐97售01  ,0,0,0,0,0,0,0,0,0,0,0,0,0,20000,20000,0,0
05936P,台積電凱基96售20,0,0,0,0,0,0,0,0,0,0,0,0,0,43000,43000,0,0
05742P,可成元大96售04  ,0,0,0,0,0,0,0,0,0,0,0,0,0,88000,88000,0,0
05773P,臺股指凱基99售03,0,0,0,0,0,0,0,0,0,0,0,0,0,10000,10000,0,0
05824P,臺股指凱基96售21,0,0,0,0,0,0,0,0,0,0,0,0,0,49000,49000,0,0
055633,牧德永豐97購02  ,0,0,0,0,0,0,0,0,0,0,0,0,0,3000,3000,0,0
05719P,可成元大96售03  ,0,0,0,0,0,0,0,0,0,0,0,0,0,88000,88000,0,0
055484,華通元大97購04  ,0,0,0,0,0,0,0,0,0,0,0,0,0,16000,16000,0,0
055543,為升凱基97購01  ,0,0,0,0,0,0,0,0,0,0,0,0,0,10000,10000,0,0
055587,智邦元大97購02  ,0,0,0,0,0,0,0,0,0,0,0,0,0,35000,35000,0,0
055588,瑞昱元大97購03  ,0,0,0,0,0,0,0,0,0,0,0,0,0,28000,28000,0,0
055600,致伸元大97購02  ,0,0,0,0,0,0,0,0,0,0,0,0,0,52000,52000,0,0
055592,奇力新元大97購07,0,0,0,0,0,0,0,0,0,0,0,0,0,10000,10000,0,0
055599,TPK元大97購01   ,0,0,0,0,0,0,0,0,0,0,0,0,0,8000,8000,0,0
055548,旺宏凱基97購02  ,0,0,0,0,0,0,0,0,0,0,0,0,0,2000,2000,0,0
055549,旺宏凱基97購03  ,0,0,0,0,0,0,0,0,0,0,0,0,0,1000,1000,0,0
055554,聯發科凱基97購06,0,0,0,0,0,0,0,0,0,0,0,0,0,1000,1000,0,0
055562,欣興凱基97購06  ,0,0,0,0,0,0,0,0,0,0,0,0,0,2000,2000,0,0
055567,訊芯凱基98購02  ,0,0,0,0,0,0,0,0,0,0,0,0,0,100000,100000,0,0
055467,國巨凱基97購05  ,0,0,0,0,0,0,0,0,0,0,0,0,0,96000,96000,0,0
055433,嘉聯益群益99購01,0,0,0,0,0,0,0,0,0,0,0,0,0,12000,12000,0,0
055113,大立光凱基98購06,0,0,0,0,0,0,0,0,0,0,0,0,0,20000,20000,0,0
055146,華通元大98購04  ,0,0,0,0,0,0,0,0,0,0,0,0,0,18000,18000,0,0
055147,鴻海元大97購11  ,0,0,0,0,0,0,0,0,0,0,0,0,0,101000,101000,0,0
055150,台積電元大98購04,0,0,0,0,0,0,0,0,0,0,0,0,0,64000,64000,0,0
055151,台積電元大98購05,0,0,0,0,0,0,0,0,0,0,0,0,0,193000,193000,0,0
055282,聯發科元大97購15,0,0,0,0,0,0,0,0,0,0,0,0,0,47000,47000,0,0
055356,大立光凱基97購06,0,0,0,0,0,0,0,0,0,0,0,0,0,20000,20000,0,0
055359,超眾凱基97購01  ,0,0,0,0,0,0,0,0,0,0,0,0,0,30000,30000,0,0
055351,聯發科凱基97購03,0,0,0,0,0,0,0,0,0,0,0,0,0,7000,7000,0,0
055348,旺宏凱基97購01  ,0,0,0,0,0,0,0,0,0,0,0,0,0,1000,1000,0,0
2911,麗嬰房          ,1000,0,1000,0,0,0,0,0,0,-1000,0,1000,-1000,0,0,0,0
3002,歐格            ,1000,1000,0,0,0,0,0,0,0,0,0,0,0,0,0,0,0
2514,龍邦            ,4000,4000,0,0,0,0,0,0,0,0,0,0,0,0,0,0,0
2528,皇普            ,4000,4000,0,0,0,0,0,0,0,0,0,0,0,0,0,0,0
2636,台驊投控        ,2000,2000,0,0,0,0,0,0,0,0,0,0,0,0,0,0,0
2227,裕日車          ,2000,2000,0,0,0,0,0,0,0,0,0,0,0,0,0,0,0
2471,資通            ,1000,1000,0,0,0,0,0,0,0,0,0,0,0,0,0,0,0
3167,大量            ,7000,7000,0,0,0,0,0,0,0,0,0,0,0,0,0,0,0
3591,艾笛森          ,2000,2000,0,0,0,0,0,0,0,0,0,0,0,0,0,0,0
8497,格威傳媒        ,0,1000,-1000,0,0,0,0,0,0,1000,1000,0,1000,0,0,0,0
8249,菱光            ,8000,9000,-1000,0,0,0,0,0,0,1000,1000,0,1000,0,0,0,0
8201,無敵            ,1000,1000,0,0,0,0,0,0,0,0,0,0,0,0,0,0,0
054712,上証2X中信98購02,0,0,0,0,0,0,0,0,0,-1000,0,0,0,0,1000,-1000,-1000
054551,聯發科凱基98購02,0,0,0,0,0,0,0,0,0,-1000,0,0,0,1000,2000,-1000,-1000
054583,玉晶光統一97購02,0,0,0,0,0,0,0,0,0,-1000,0,0,0,12000,13000,-1000,-1000
054998,玉晶光元富97購02,0,0,0,0,0,0,0,0,0,-1000,0,0,0,0,1000,-1000,-1000
054947,興勤元大97購01  ,0,0,0,0,0,0,0,0,0,-1000,0,0,0,63000,64000,-1000,-1000
054959,禾伸堂元大98購01,0,0,0,0,0,0,0,0,0,-1000,0,0,0,102000,103000,-1000,-1000
05431P,台光電統一97售01,0,0,0,0,0,0,0,0,0,-1000,0,0,0,0,1000,-1000,-1000
054231,國巨群益98購03  ,0,0,0,0,0,0,0,0,0,-1000,0,0,0,0,1000,-1000,-1000
054279,揚明光群益98購01,0,0,0,0,0,0,0,0,0,-1000,0,0,0,0,1000,-1000,-1000
054505,揚明光永豐97購02,0,0,0,0,0,0,0,0,0,-1000,0,0,0,0,1000,-1000,-1000
054495,滬深2X永豐97購02,0,0,0,0,0,0,0,0,0,-1000,0,0,0,1000,2000,-1000,-1000
053485,矽創國票97購04  ,0,0,0,0,0,0,0,0,0,-1000,0,0,0,9000,10000,-1000,-1000
053826,光磊麥證97購01  ,0,0,0,29000,30000,-1000,0,0,0,-1000,0,0,0,29000,30000,-1000,-1000
053892,景碩群益96購02  ,0,0,0,0,0,0,0,0,0,-1000,0,0,0,4000,5000,-1000,-1000
053897,台郡群益96購01  ,0,0,0,0,0,0,0,0,0,-1000,0,0,0,69000,70000,-1000,-1000
053172,瑞儀群益97購01  ,0,0,0,0,0,0,0,0,0,-1000,0,0,0,20000,21000,-1000,-1000
052999,臺股指康和96購01,0,0,0,0,0,0,0,0,0,-1000,0,0,0,0,1000,-1000,-1000
05280P,華通元大95售08  ,0,0,0,0,0,0,0,0,0,-1000,0,0,0,20000,21000,-1000,-1000
05269P,臻鼎元大95售05  ,0,0,0,0,0,0,0,0,0,-1000,0,0,0,17000,18000,-1000,-1000
05297P,臻鼎凱基95售04  ,0,0,0,0,0,0,0,0,0,-1000,0,0,0,0,1000,-1000,-1000
052929,可成元大96購02  ,0,0,0,0,0,0,0,0,0,-1000,0,0,0,201000,202000,-1000,-1000
052911,友達統一97購02  ,0,0,0,0,0,0,0,0,0,-1000,0,0,0,88000,89000,-1000,-1000
0051,元大中型100     ,0,1000,-1000,0,0,0,0,0,0,0,0,0,0,0,0,0,-1000
00688L,國泰20年美債正2 ,0,0,0,0,0,0,0,0,0,-1000,0,0,0,102000,103000,-1000,-1000
00709,富邦歐洲        ,0,0,0,0,0,0,0,0,0,-1000,0,0,0,100000,101000,-1000,-1000
00731,FH富時高息低波  ,0,0,0,0,0,0,0,0,0,-1000,0,0,0,92000,93000,-1000,-1000
03142P,台灣50國票01售09,0,0,0,0,0,0,0,0,0,-1000,0,0,0,0,1000,-1000,-1000
03900P,瀚宇博群益93售03,0,0,0,0,0,0,0,0,0,-1000,0,0,0,0,1000,-1000,-1000
03572P,欣興統一02售06  ,0,0,0,0,0,0,0,0,0,-1000,0,0,0,0,1000,-1000,-1000
03420B,臺股指元大95熊31,0,0,0,0,0,0,0,0,0,-1000,0,0,0,0,1000,-1000,-1000
03792P,台光電永豐93售01,0,0,0,0,0,0,0,0,0,-1000,0,0,0,0,1000,-1000,-1000
03778P,聯發科麥證93售01,0,0,0,0,1000,-1000,0,0,0,-1000,0,0,0,0,1000,-1000,-1000
03050X,元展47          ,0,0,0,0,0,0,0,0,0,-1000,0,0,0,0,1000,-1000,-1000
044016,義隆凱基93購01  ,0,0,0,0,0,0,0,0,0,-1000,0,0,0,0,1000,-1000,-1000
043442,大立光台新01購01,0,0,0,0,0,0,0,0,0,-1000,0,0,0,4000,5000,-1000,-1000
04346P,大立光兆豐95售02,0,0,0,0,0,0,0,0,0,-1000,0,0,0,0,1000,-1000,-1000
04283P,麗豐永豐93售03  ,0,0,0,0,0,0,0,0,0,-1000,0,0,0,0,1000,-1000,-1000
044835,南亞科元大91購14,0,0,0,0,0,0,0,0,0,-1000,0,0,0,99000,100000,-1000,-1000
044160,南寶永豐91購02  ,0,0,0,0,0,0,0,0,0,-1000,0,0,0,0,1000,-1000,-1000
045715,華邦電凱基92購04,0,0,0,0,0,0,0,0,0,-1000,0,0,0,19000,20000,-1000,-1000
045115,玉晶光永豐94購01,0,0,0,0,0,0,0,0,0,-1000,0,0,0,0,1000,-1000,-1000
045153,大立光凱基93購04,0,0,0,0,0,0,0,0,0,-1000,0,0,0,0,1000,-1000,-1000
045965,大立光凱基92購03,0,0,0,0,0,0,0,0,0,-1000,0,0,0,0,1000,-1000,-1000
045912,潤泰全國票92購01,0,0,0,0,0,0,0,0,0,-1000,0,0,0,0,1000,-1000,-1000
045510,力成凱基92購02  ,0,0,0,0,0,0,0,0,0,-1000,0,0,0,0,1000,-1000,-1000
045535,A50正2群益94購01,0,0,0,0,0,0,0,0,0,-1000,0,0,0,69000,70000,-1000,-1000
045347,大立光凱基93購05,0,0,0,0,0,0,0,0,0,-1000,0,0,0,0,1000,-1000,-1000
045348,大立光凱基93購06,0,0,0,0,0,0,0,0,0,-1000,0,0,0,0,1000,-1000,-1000
045349,大立光凱基93購07,0,0,0,0,0,0,0,0,0,-1000,0,0,0,1000,2000,-1000,-1000
045392,滬深2X國泰93購01,0,0,0,0,0,0,0,0,0,-1000,0,0,0,0,1000,-1000,-1000
044724,亞光永豐91購01  ,0,0,0,0,0,0,0,0,0,-1000,0,0,0,0,1000,-1000,-1000
044648,奇鋐群益93購01  ,0,0,0,0,0,0,0,0,0,-1000,0,0,0,0,1000,-1000,-1000
04456P,日月光統一94售01,0,0,0,0,0,0,0,0,0,-1000,0,0,0,2000,3000,-1000,-1000
044395,台積電凱基91購16,0,0,0,0,0,0,0,0,0,-1000,0,0,0,40000,41000,-1000,-1000
044400,大立光凱基92購01,0,0,0,0,0,0,0,0,0,-1000,0,0,0,0,1000,-1000,-1000
04500P,燿華統一94售01  ,0,0,0,0,0,0,0,0,0,-1000,0,0,0,0,1000,-1000,-1000
044988,玉晶光統一95購01,0,0,0,0,0,0,0,0,0,-1000,0,0,0,1000,2000,-1000,-1000
045823,康普凱基92購02  ,0,0,0,0,0,0,0,0,0,-1000,0,0,0,2000,3000,-1000,-1000
04502P,元油2X元富98售08,0,0,0,0,0,0,0,0,0,-1000,0,0,0,0,1000,-1000,-1000
046042,台勝科元大92購03,0,0,0,0,0,0,0,0,0,-1000,0,0,0,100000,101000,-1000,-1000
045663,元油2X元富94購01,0,0,0,0,0,0,0,0,0,-1000,0,0,0,1000,2000,-1000,-1000
045207,智易國泰93購02  ,0,0,0,0,0,0,0,0,0,-1000,0,0,0,0,1000,-1000,-1000
046228,神基元大92購01  ,0,0,0,0,0,0,0,0,0,-1000,0,0,0,0,1000,-1000,-1000
049040,亞光兆豐95購01  ,0,0,0,0,0,0,0,0,0,-1000,0,0,0,0,1000,-1000,-1000
046798,元油2X元大96購01,0,0,0,0,0,0,0,0,0,-1000,0,0,0,9000,10000,-1000,-1000
048423,聯發科元富93購02,0,0,0,0,0,0,0,0,0,-1000,0,0,0,0,1000,-1000,-1000
048247,聯發科兆豐93購03,0,0,0,0,0,0,0,0,0,-1000,0,0,0,0,1000,-1000,-1000
048267,元金反中信93購01,0,0,0,0,0,0,0,0,0,-1000,0,0,0,0,1000,-1000,-1000
048309,寶齡凱基93購01  ,0,0,0,0,0,0,0,0,0,-1000,0,0,0,0,1000,-1000,-1000
049689,正崴元大94購02  ,0,0,0,0,0,0,0,0,0,-1000,0,0,0,81000,82000,-1000,-1000
049730,滬深2X群益94購02,0,0,0,0,0,0,0,0,0,-1000,0,0,0,0,1000,-1000,-1000
049857,緯穎群益94購03  ,0,0,0,0,0,0,0,0,0,-1000,0,0,0,75000,76000,-1000,-1000
048336,光磊元大93購02  ,0,0,0,0,0,0,0,0,0,-1000,0,0,0,0,1000,-1000,-1000
048367,華邦電統一93購01,0,0,0,0,0,0,0,0,0,-1000,0,0,0,108000,109000,-1000,-1000
04951P,緯創中信94售01  ,0,0,0,0,0,0,0,0,0,-1000,0,0,0,0,1000,-1000,-1000
049472,楠梓電永豐95購01,0,0,0,0,0,0,0,0,0,-1000,0,0,0,36000,37000,-1000,-1000
04954P,健策國票96售01  ,0,0,0,0,0,0,0,0,0,-1000,0,0,0,44000,45000,-1000,-1000
046537,聯發科群益93購02,0,0,0,0,0,0,0,0,0,-1000,0,0,0,0,1000,-1000,-1000
049354,致新永豐94購01  ,0,0,0,0,0,0,0,0,0,-1000,0,0,0,2000,3000,-1000,-1000
049165,元油2X凱基97購01,0,0,0,0,0,0,0,0,0,-1000,0,0,0,0,1000,-1000,-1000
048752,廣越元富95購01  ,0,0,0,0,0,0,0,0,0,-1000,0,0,0,19000,20000,-1000,-1000
048094,大立光凱基93購31,0,0,0,0,0,0,0,0,0,-1000,0,0,0,2000,3000,-1000,-1000
049444,元石油統一94購03,0,0,0,0,0,0,0,0,0,-1000,0,0,0,0,1000,-1000,-1000
047811,聯發科凱基93購23,0,0,0,0,0,0,0,0,0,-1000,0,0,0,1000,2000,-1000,-1000
046928,奇鋐富邦97購01  ,0,0,0,0,0,0,0,0,0,-1000,0,0,0,0,1000,-1000,-1000
047177,上銀元大93購05  ,0,0,0,0,0,0,0,0,0,-1000,0,0,0,109000,110000,-1000,-1000
05253P,智邦凱基95售08  ,0,0,0,0,0,0,0,0,0,-1000,0,0,0,400000,401000,-1000,-1000
052551,台積電國票97購03,0,0,0,0,0,0,0,0,0,-1000,0,0,0,20000,21000,-1000,-1000
052615,鴻海國泰98購01  ,0,0,0,0,0,0,0,0,0,-1000,0,0,0,14000,15000,-1000,-1000
052425,華通台新95購02  ,0,0,0,0,0,0,0,0,0,-1000,0,0,0,0,1000,-1000,-1000
052389,聯發科群益95購05,0,0,0,0,0,0,0,0,0,-1000,0,0,0,0,1000,-1000,-1000
05235P,健鼎康和95售02  ,0,0,0,0,0,0,0,0,0,-1000,0,0,0,51000,52000,-1000,-1000
052286,力成凱基95購02  ,0,0,0,0,0,0,0,0,0,-1000,0,0,0,0,1000,-1000,-1000
052296,TPK國票96購01   ,0,0,0,0,0,0,0,0,0,-1000,0,0,0,499000,500000,-1000,-1000
051381,玉晶光群益98購01,0,0,0,0,0,0,0,0,0,-1000,0,0,0,0,1000,-1000,-1000
051475,宏碁凱基95購02  ,0,0,0,0,0,0,0,0,0,-1000,0,0,0,1000,2000,-1000,-1000
05148P,臻鼎元大95售01  ,0,0,0,0,0,0,0,0,0,-1000,0,0,0,0,1000,-1000,-1000
051482,玉晶光凱基96購01,0,0,0,0,0,0,0,0,0,-1000,0,0,0,9000,10000,-1000,-1000
051422,超眾國票96購01  ,0,0,0,0,0,0,0,0,0,-1000,0,0,0,0,1000,-1000,-1000
051532,潤泰全國票96購01,0,0,0,0,0,0,0,0,0,-1000,0,0,0,0,1000,-1000,-1000
05151P,台光電群益95售02,0,0,0,0,0,0,0,0,0,-1000,0,0,0,10000,11000,-1000,-1000
051717,祥碩康和95購01  ,0,0,0,0,0,0,0,0,0,-1000,0,0,0,15000,16000,-1000,-1000
051271,華新科群益95購04,0,0,0,0,0,0,0,0,0,-1000,0,0,0,0,1000,-1000,-1000
051318,上銀國票96購01  ,0,0,0,0,0,0,0,0,0,-1000,0,0,0,4000,5000,-1000,-1000
051059,康普群益95購01  ,0,0,0,0,0,0,0,0,0,-1000,0,0,0,10000,11000,-1000,-1000
051043,瀚宇博永豐95購01,0,0,0,0,0,0,0,0,0,-1000,0,0,0,0,1000,-1000,-1000
050887,台積電富邦95購05,0,0,0,0,0,0,0,0,0,-1000,0,0,0,4000,5000,-1000,-1000
050864,亞光永豐95購01  ,0,0,0,0,0,0,0,0,0,-1000,0,0,0,10000,11000,-1000,-1000
050822,亞光凱基95購01  ,0,0,0,0,0,0,0,0,0,-1000,0,0,0,16000,17000,-1000,-1000
050665,南電台新94購01  ,0,0,0,0,0,0,0,0,0,-1000,0,0,0,0,1000,-1000,-1000
050764,鴻海元大94購27  ,0,0,0,0,0,0,0,0,0,-1000,0,0,0,175000,176000,-1000,-1000
05037P,華新科元大95售09,0,0,0,0,0,0,0,0,0,-1000,0,0,0,4000,5000,-1000,-1000
050385,貿聯國票95購02  ,0,0,0,0,0,0,0,0,0,-1000,0,0,0,10000,11000,-1000,-1000
050378,上証2X群益98購02,0,0,0,0,0,0,0,0,0,-1000,0,0,0,0,1000,-1000,-1000
050493,聯發科永昌96購01,0,0,0,0,0,0,0,0,0,-1000,0,0,0,16000,17000,-1000,-1000
050515,聯電元大96購01  ,0,0,0,0,0,0,0,0,0,-1000,0,0,0,75000,76000,-1000,-1000
049885,緯穎永豐94購01  ,0,0,0,0,0,0,0,0,0,-1000,0,0,0,0,1000,-1000,-1000
04990P,臻鼎元大94售04  ,0,0,0,0,0,0,0,0,0,-1000,0,0,0,0,1000,-1000,-1000
8072,陞泰            ,0,1000,-1000,0,0,0,0,0,0,0,0,0,0,0,0,0,-1000
8478,東哥遊艇        ,1000,2000,-1000,0,0,0,0,0,0,0,0,0,0,0,0,0,-1000
9930,中聯資源        ,2000,3000,-1000,0,0,0,0,0,0,0,0,0,0,0,0,0,-1000
9941A,裕融甲特        ,0,0,0,0,0,0,0,0,0,-1000,2000,3000,-1000,0,0,0,-1000
3550,聯穎            ,0,0,0,0,0,0,0,0,0,-1000,0,1000,-1000,0,0,0,-1000
3432,台端            ,0,1000,-1000,0,0,0,0,0,0,0,0,0,0,0,0,0,-1000
3057,喬鼎            ,2000,3000,-1000,0,0,0,0,0,0,0,0,0,0,0,0,0,-1000
3058,立德            ,1000,2000,-1000,0,0,0,0,0,0,0,0,0,0,0,0,0,-1000
3054,立萬利          ,0,1000,-1000,0,0,0,0,0,0,0,0,0,0,0,0,0,-1000
4133,亞諾法          ,0,1000,-1000,0,0,0,0,0,0,0,0,0,0,0,0,0,-1000
3694,海華            ,2000,4000,-2000,0,0,0,0,0,0,1000,1000,0,1000,0,0,0,-1000
4106,雃博            ,0,1000,-1000,0,0,0,0,0,0,0,0,0,0,0,0,0,-1000
4555,氣立            ,1000,2000,-1000,0,0,0,0,0,0,0,0,0,0,0,0,0,-1000
4764,雙鍵            ,0,1000,-1000,0,0,0,0,0,0,0,0,0,0,0,0,0,-1000
6164,華興            ,0,1000,-1000,0,0,0,0,0,0,0,0,0,0,0,0,0,-1000
6442,光聖            ,0,1000,-1000,0,0,0,0,0,0,0,0,0,0,0,0,0,-1000
6491,晶碩            ,3000,4000,-1000,0,0,0,0,0,0,0,0,0,0,0,0,0,-1000
2491,吉祥全          ,1000,0,1000,0,0,0,0,0,0,-2000,0,2000,-2000,0,0,0,-1000
2509,全坤建          ,0,1000,-1000,0,0,0,0,0,0,0,0,0,0,0,0,0,-1000
2373,震旦行          ,3000,4000,-1000,0,0,0,0,0,0,0,0,0,0,0,0,0,-1000
055279,華邦電元大97購02,0,0,0,0,0,0,0,0,0,-1000,0,0,0,0,1000,-1000,-1000
055102,上銀凱基98購01  ,0,0,0,0,0,0,0,0,0,-1000,0,0,0,82000,83000,-1000,-1000
05517P,臻鼎元大96售01  ,0,0,0,0,0,0,0,0,0,-1000,0,0,0,0,1000,-1000,-1000
055551,致茂凱基98購01  ,0,0,0,0,0,0,0,0,0,-1000,0,0,0,0,1000,-1000,-1000
055609,旺宏國票99購01  ,0,0,0,0,0,0,0,0,0,-1000,0,0,0,0,1000,-1000,-1000
055590,聯發科元大98購02,0,0,0,0,0,0,0,0,0,-1000,0,0,0,17000,18000,-1000,-1000
055546,台積電凱基97購12,0,0,0,0,0,0,0,0,0,-1000,0,0,0,0,1000,-1000,-1000
055517,國巨中信97購03  ,0,0,0,0,0,0,0,0,0,-1000,0,0,0,0,1000,-1000,-1000
05602P,國巨元大96售06  ,0,0,0,0,0,0,0,0,0,-1000,0,0,0,35000,36000,-1000,-1000
05748P,臺股指群益99售02,0,0,0,0,0,0,0,0,0,-1000,0,0,0,2000,3000,-1000,-1000
05800P,台積電兆豐96售04,0,0,0,0,0,0,0,0,0,-1000,0,0,0,100000,101000,-1000,-1000
05877P,大立光群益96售06,0,0,0,0,0,0,0,0,0,-1000,0,0,0,13000,14000,-1000,-1000
06052P,台郡國票97售06  ,0,0,0,0,0,0,0,0,0,-1000,0,0,0,67000,68000,-1000,-1000
06116P,臺股指日盛97售01,0,0,0,0,0,0,0,0,0,-1000,0,0,0,15000,16000,-1000,-1000
1419,新紡            ,0,1000,-1000,0,0,0,0,0,0,0,0,0,0,0,0,0,-1000
1236,宏亞            ,0,1000,-1000,0,0,0,0,0,0,0,0,0,0,0,0,0,-1000
1530,亞崴            ,0,1000,-1000,0,0,0,0,0,0,0,0,0,0,0,0,0,-1000
1533,車王電          ,0,1000,-1000,0,0,0,0,0,0,0,0,0,0,0,0,0,-1000
1535,中宇            ,1000,2000,-1000,0,0,0,0,0,0,0,0,0,0,0,0,0,-1000
1465,偉全            ,0,1000,-1000,0,0,0,0,0,0,0,0,0,0,0,0,0,-1000
1466,聚隆            ,0,1000,-1000,0,0,0,0,0,0,0,0,0,0,0,0,0,-1000
1539,巨庭            ,1000,2000,-1000,0,0,0,0,0,0,0,0,0,0,0,0,0,-1000
1541,錩泰            ,0,1000,-1000,0,0,0,0,0,0,0,0,0,0,0,0,0,-1000
1603,華電            ,0,1000,-1000,0,0,0,0,0,0,0,0,0,0,0,0,0,-1000
2109,華豐            ,0,1000,-1000,0,0,0,0,0,0,0,0,0,0,0,0,0,-1000
2114,鑫永銓          ,0,1000,-1000,0,0,0,0,0,0,0,0,0,0,0,0,0,-1000
2032,新鋼            ,1000,2000,-1000,0,0,0,0,0,0,0,0,0,0,0,0,0,-1000
2024,志聯            ,0,1000,-1000,0,0,0,0,0,0,0,0,0,0,0,0,0,-1000
1725,元禎            ,1000,2000,-1000,0,0,0,0,0,0,0,0,0,0,0,0,0,-1000
1525,江申            ,0,1060,-1060,0,0,0,0,0,0,0,0,0,0,0,0,0,-1060
1340,勝悅-KY         ,0,1800,-1800,0,0,0,0,0,0,0,0,0,0,0,0,0,-1800
052899,和大國票97購01  ,0,0,0,0,0,0,0,0,0,-2000,0,0,0,58000,60000,-2000,-2000
052766,玉晶光群益9A購01,0,0,0,0,0,0,0,0,0,-2000,0,0,0,21000,23000,-2000,-2000
05336P,臺股指國票95售05,0,0,0,0,0,0,0,0,0,-2000,0,0,0,8000,10000,-2000,-2000
054474,鴻海中信96購03  ,0,0,0,0,0,0,0,0,0,-2000,0,0,0,0,2000,-2000,-2000
054210,台光電國票97購03,0,0,0,0,0,0,0,0,0,-2000,0,0,0,0,2000,-2000,-2000
054265,GIS元大96購03   ,0,0,0,0,0,0,0,0,0,-2000,0,0,0,24000,26000,-2000,-2000
054223,大立光統一98購04,0,0,0,0,0,0,0,0,0,-2000,0,0,0,0,2000,-2000,-2000
054165,亞光凱基96購02  ,0,0,0,0,0,0,0,0,0,-2000,0,0,0,42000,44000,-2000,-2000
054536,宏達電富邦97購03,0,0,0,0,0,0,0,0,0,-2000,0,0,0,0,2000,-2000,-2000
054537,南亞科亞東97購01,0,0,0,0,0,0,0,0,0,-2000,0,0,0,2000,4000,-2000,-2000
054644,A50正2群益9B購01,0,0,0,0,0,0,0,0,0,-2000,0,0,0,5000,7000,-2000,-2000
054600,中壽台新97購01  ,0,0,0,0,0,0,0,0,0,-2000,0,0,0,17000,19000,-2000,-2000
054595,正崴麥證97購01  ,0,0,0,0,2000,-2000,0,0,0,-2000,0,0,0,0,2000,-2000,-2000
054700,致新永豐97購01  ,0,0,0,0,0,0,0,0,0,-2000,0,0,0,26000,28000,-2000,-2000
054683,川湖永豐97購01  ,0,0,0,0,0,0,0,0,0,-2000,0,0,0,0,2000,-2000,-2000
049050,崇越康和94購01  ,0,0,0,0,0,0,0,0,0,-2000,0,0,0,100000,102000,-2000,-2000
048883,玉晶光統一94購01,0,0,0,0,0,0,0,0,0,-2000,0,0,0,0,2000,-2000,-2000
046184,台光電凱基93購08,0,0,0,0,0,0,0,0,0,-2000,0,0,0,18000,20000,-2000,-2000
049204,京元電群益94購02,0,0,0,0,0,0,0,0,0,-2000,0,0,0,12000,14000,-2000,-2000
046353,聯發科群益92購04,0,0,0,0,0,0,0,0,0,-2000,0,0,0,0,2000,-2000,-2000
045572,元油2X元大98購01,0,0,0,0,0,0,0,0,0,-2000,0,0,0,0,2000,-2000,-2000
044633,台郡元大92購03  ,0,0,0,0,0,0,0,0,0,-2000,0,0,0,8000,10000,-2000,-2000
044761,嘉澤凱基91購07  ,0,0,0,0,0,0,0,0,0,-2000,0,0,0,0,2000,-2000,-2000
045314,國巨國票92購01  ,0,0,0,0,0,0,0,0,0,-2000,0,0,0,0,2000,-2000,-2000
045454,上銀元大93購01  ,0,0,0,0,0,0,0,0,0,-2000,0,0,0,0,2000,-2000,-2000
045720,台光電凱基93購07,0,0,0,0,0,0,0,0,0,-2000,0,0,0,0,2000,-2000,-2000
04158P,南電永豐93售04  ,0,0,0,0,0,0,0,0,0,-2000,0,0,0,0,2000,-2000,-2000
04142P,元油反凱基99售01,0,0,0,0,0,0,0,0,0,-2000,0,0,0,0,2000,-2000,-2000
03064X,元展59          ,0,0,0,0,0,0,0,0,0,-2000,0,0,0,0,2000,-2000,-2000
03063X,元展58          ,0,0,0,0,0,0,0,0,0,-2000,0,0,0,0,2000,-2000,-2000
03560P,台積電兆豐03售10,0,0,0,0,0,0,0,0,0,-2000,0,0,0,0,2000,-2000,-2000
04254P,亞德客國票93售03,0,0,0,0,0,0,0,0,0,-2000,0,0,0,0,2000,-2000,-2000
04261P,大立光群益93售12,0,0,0,0,0,0,0,0,0,-2000,0,0,0,0,2000,-2000,-2000
04394P,臻鼎凱基94售01  ,0,0,0,0,0,0,0,0,0,-2000,0,0,0,0,2000,-2000,-2000
042195,元石油元大93購01,0,0,0,0,0,0,0,0,0,-2000,0,0,0,0,2000,-2000,-2000
03106P,T50反1元大01售06,0,0,0,0,0,0,0,0,0,-2000,0,0,0,0,2000,-2000,-2000
01003T,兆豐新光R1      ,0,2000,-2000,0,0,0,0,0,0,0,0,0,0,0,0,0,-2000
01004T,土銀富邦R2      ,0,2000,-2000,0,0,0,0,0,0,0,0,0,0,0,0,0,-2000
020002,元富新中國N     ,0,0,0,0,0,0,0,0,0,-2000,0,0,0,0,2000,-2000,-2000
00771,元大US高息特別股,0,0,0,0,0,0,0,0,0,-2000,0,0,0,0,2000,-2000,-2000
00658L,國泰日本正2     ,0,0,0,0,0,0,0,0,0,-2000,0,0,0,0,2000,-2000,-2000
0052,富邦科技        ,0,2000,-2000,0,0,0,0,0,0,0,0,0,0,100000,100000,0,-2000
006203,元大MSCI台灣    ,0,1000,-1000,0,0,0,0,0,0,-1000,0,0,0,0,1000,-1000,-2000
046723,聯發科元大93購01,0,0,0,0,0,0,0,0,0,-2000,0,0,0,0,2000,-2000,-2000
046678,臺股指元大93購22,0,0,0,0,0,0,0,0,0,-2000,0,0,0,0,2000,-2000,-2000
049257,南亞科元大94購03,0,0,0,0,0,0,0,0,0,-2000,0,0,0,224000,226000,-2000,-2000
048203,矽力元大93購02  ,0,0,0,0,0,0,0,0,0,-2000,0,0,0,10000,12000,-2000,-2000
04743P,台積電元富94售07,0,0,0,0,0,0,0,0,0,-2000,0,0,0,1000,3000,-2000,-2000
048124,大立光元大95購03,0,0,0,0,0,0,0,0,0,-2000,0,0,0,0,2000,-2000,-2000
048755,志超元富96購01  ,0,0,0,0,0,0,0,0,0,-2000,0,0,0,0,2000,-2000,-2000
048764,台光電凱基94購03,0,0,0,0,0,0,0,0,0,-2000,0,0,0,163000,165000,-2000,-2000
047595,元石油元富97購01,0,0,0,0,0,0,0,0,0,-2000,0,0,0,0,2000,-2000,-2000
046907,華晶科凱基93購01,0,0,0,0,0,0,0,0,0,-2000,0,0,0,0,2000,-2000,-2000
049672,臺股指富邦94購01,0,0,0,0,0,0,0,0,0,-2000,0,0,0,0,2000,-2000,-2000
049656,臺股指凱基94購17,0,0,0,0,0,0,0,0,0,-2000,0,0,0,0,2000,-2000,-2000
049629,臺股指群益94購02,0,0,0,0,0,0,0,0,0,-2000,0,0,0,2000,4000,-2000,-2000
048509,上証反凱基99購02,0,0,0,0,0,0,0,0,0,-2000,0,0,0,0,2000,-2000,-2000
048531,大立光國票93購05,0,0,0,0,0,0,0,0,0,-2000,0,0,0,0,2000,-2000,-2000
048572,美利達元大96購04,0,0,0,0,0,0,0,0,0,-2000,0,0,0,50000,52000,-2000,-2000
047695,聯發科國票93購06,0,0,0,0,0,0,0,0,0,-2000,0,0,0,1000,3000,-2000,-2000
049304,元油2X凱基95購05,0,0,0,0,0,0,0,0,0,-2000,0,0,0,0,2000,-2000,-2000
049301,致新群益95購01  ,0,0,0,0,0,0,0,0,0,-2000,0,0,0,58000,60000,-2000,-2000
047982,奇力新群益93購05,0,0,0,0,0,0,0,0,0,-2000,0,0,0,0,2000,-2000,-2000
048655,A50正2元富96購01,0,0,0,0,0,0,0,0,0,-2000,0,0,0,2000,4000,-2000,-2000
047549,聯發科凱基93購12,0,0,0,0,0,0,0,0,0,-2000,0,0,0,8000,10000,-2000,-2000
050063,聯發科凱基94購09,0,0,0,0,0,0,0,0,0,-2000,0,0,0,11000,13000,-2000,-2000
050186,京鼎元大94購01  ,0,0,0,0,0,0,0,0,0,-2000,0,0,0,34000,36000,-2000,-2000
050509,元油2X元大94購09,0,0,0,0,0,0,0,0,0,-2000,0,0,0,20000,22000,-2000,-2000
050510,元油2X元大94購10,0,0,0,0,0,0,0,0,0,-2000,0,0,0,0,2000,-2000,-2000
050478,致新永豐94購02  ,0,0,0,0,0,0,0,0,0,-2000,0,0,0,0,2000,-2000,-2000
050557,台積電統一94購13,0,0,0,0,0,0,0,0,0,-2000,0,0,0,10000,12000,-2000,-2000
050561,上証2X元富97購01,0,0,0,0,0,0,0,0,0,-2000,0,0,0,0,2000,-2000,-2000
05043P,佳世達元富95售01,0,0,0,0,0,0,0,0,0,-2000,0,0,0,0,2000,-2000,-2000
051051,鴻海群益95購04  ,0,0,0,0,0,0,0,0,0,-2000,0,0,0,58000,60000,-2000,-2000
05100P,智邦凱基95售02  ,0,0,0,0,0,0,0,0,0,-2000,0,0,0,35000,37000,-2000,-2000
051025,晶華統一95購01  ,0,0,0,0,0,0,0,0,0,-2000,0,0,0,1000,3000,-2000,-2000
051837,國巨國泰96購04  ,0,0,0,0,0,0,0,0,0,-2000,0,0,0,1000,3000,-2000,-2000
051860,為升凱基95購01  ,0,0,0,0,0,0,0,0,0,-2000,0,0,0,8000,10000,-2000,-2000
051575,國巨元大96購03  ,0,0,0,0,0,0,0,0,0,-2000,0,0,0,277000,279000,-2000,-2000
051390,京元電兆豐95購01,0,0,0,0,0,0,0,0,0,-2000,0,0,0,111000,113000,-2000,-2000
05228P,大立光元富95售09,0,0,0,0,0,0,0,0,0,-2000,0,0,0,8000,10000,-2000,-2000
052036,臺股指群益95購09,0,0,0,0,0,0,0,0,0,-2000,0,0,0,0,2000,-2000,-2000
052371,元金2X元大95購01,0,0,0,0,0,0,0,0,0,-2000,0,0,0,15000,17000,-2000,-2000
052555,漢唐國票97購01  ,0,0,0,0,0,0,0,0,0,-2000,0,0,0,20000,22000,-2000,-2000
1337,再生-KY         ,3000,4000,-1000,0,0,0,0,0,0,-1000,0,1000,-1000,0,0,0,-2000
1315,達新            ,61000,63000,-2000,0,0,0,0,0,0,0,0,0,0,0,0,0,-2000
1232,大統益          ,0,2000,-2000,0,0,0,0,0,0,0,0,0,0,0,0,0,-2000
1233,天仁            ,0,2000,-2000,0,0,0,0,0,0,0,0,0,0,0,0,0,-2000
1598,岱宇            ,17000,17000,0,0,0,0,0,0,0,-2000,0,2000,-2000,0,0,0,-2000
1473,台南            ,4000,6000,-2000,0,0,0,0,0,0,0,0,0,0,0,0,0,-2000
1445,大宇            ,1000,3000,-2000,0,0,0,0,0,0,0,0,0,0,0,0,0,-2000
06082P,華通統一98售01  ,0,0,0,0,0,0,0,0,0,-2000,0,0,0,0,2000,-2000,-2000
05995P,T50正2中信9C售01,0,0,0,0,0,0,0,0,0,-2000,0,0,0,10000,12000,-2000,-2000
06025P,臺股指元大99售02,0,0,0,0,0,0,0,0,0,-2000,0,0,0,0,2000,-2000,-2000
06005P,晶豪科永豐96售04,0,0,0,0,0,0,0,0,0,-2000,0,0,0,28000,30000,-2000,-2000
05908P,大立光元富96售05,0,0,0,0,0,0,0,0,0,-2000,0,0,0,6000,8000,-2000,-2000
05913P,國巨元大96售11  ,0,0,0,0,0,0,0,0,0,-2000,0,0,0,36000,38000,-2000,-2000
05781P,臺股指統一99售02,0,0,0,0,0,0,0,0,0,-2000,0,0,0,0,2000,-2000,-2000
05833P,臺股指元富96售05,0,0,0,0,0,0,0,0,0,-2000,0,0,0,0,2000,-2000,-2000
055644,致茂元富97購01  ,0,0,0,0,0,0,0,0,0,-2000,0,0,0,0,2000,-2000,-2000
055614,華新科國票97購02,0,0,0,0,0,0,0,0,0,-2000,0,0,0,0,2000,-2000,-2000
055552,瑞昱凱基97購02  ,0,0,0,0,0,0,0,0,0,-2000,0,0,0,1000,3000,-2000,-2000
055474,欣興凱基97購05  ,0,0,0,0,0,0,0,0,0,-2000,0,0,0,43000,45000,-2000,-2000
055353,華新科凱基98購03,0,0,0,0,0,0,0,0,0,-2000,0,0,0,0,2000,-2000,-2000
05538P,玉晶光國票97售02,0,0,0,0,0,0,0,0,0,-2000,0,0,0,39000,41000,-2000,-2000
2493,揚博            ,0,2000,-2000,0,0,0,0,0,0,0,0,0,0,0,0,0,-2000
2466,冠西電          ,0,1000,-1000,0,0,0,0,0,0,-1000,0,1000,-1000,0,0,0,-2000
6431,光麗-KY         ,0,2000,-2000,0,0,0,0,0,0,0,0,0,0,0,0,0,-2000
6205,詮欣            ,0,2000,-2000,0,0,0,0,0,0,0,0,0,0,0,0,0,-2000
5538,東明-KY         ,0,0,0,0,0,0,0,2000,-2000,0,0,0,0,0,0,0,-2000
4572,駐龍            ,3000,3000,0,0,0,0,0,0,0,-2000,0,2000,-2000,0,0,0,-2000
4144,康聯-KY         ,0,2000,-2000,0,0,0,0,0,0,0,0,0,0,0,0,0,-2000
3130,一零四          ,30000,32000,-2000,0,0,0,0,0,0,0,0,0,0,0,0,0,-2000
3593,力銘            ,0,2000,-2000,0,0,0,0,0,0,0,0,0,0,0,0,0,-2000
8481,政伸            ,0,2000,-2000,0,0,0,0,0,0,0,0,0,0,0,0,0,-2000
054733,鴻海凱基98購04  ,0,0,0,0,0,0,0,0,0,-3000,0,0,0,0,3000,-3000,-3000
05461P,台積電亞東97售01,0,0,0,0,0,0,0,0,0,-3000,0,0,0,0,3000,-3000,-3000
054565,玉晶光群益99購02,0,0,0,0,0,0,0,0,0,-3000,0,0,0,2000,5000,-3000,-3000
054941,凱美元大97購01  ,0,0,0,0,0,0,0,0,0,-3000,0,0,0,30000,33000,-3000,-3000
055023,億光國泰98購01  ,0,0,0,0,0,0,0,0,0,-3000,0,0,0,158000,161000,-3000,-3000
054177,牧德台新97購01  ,0,0,0,0,0,0,0,0,0,-3000,0,0,0,0,3000,-3000,-3000
053936,旺宏元富96購04  ,0,0,0,0,0,0,0,0,0,-3000,0,0,0,0,3000,-3000,-3000
054472,道瓊反中信9A購01,0,0,0,0,0,0,0,0,0,-3000,0,0,0,0,3000,-3000,-3000
05439P,聯發科國票95售06,0,0,0,0,0,0,0,0,0,-3000,0,0,0,1000,4000,-3000,-3000
053432,世紀鋼永豐96購02,0,0,0,0,0,0,0,0,0,-3000,0,0,0,107000,110000,-3000,-3000
053337,聯電國票97購01  ,0,0,0,0,0,0,0,0,0,-3000,0,0,0,3000,6000,-3000,-3000
053499,禾伸堂兆豐96購01,0,0,0,0,0,0,0,0,0,-3000,0,0,0,0,3000,-3000,-3000
053520,康友群益96購01  ,0,0,0,0,0,0,0,0,0,-3000,0,0,0,6000,9000,-3000,-3000
053734,友達中信98購02  ,0,0,0,0,0,0,0,0,0,-3000,0,0,0,145000,148000,-3000,-3000
052806,玉晶光元大98購04,0,0,0,0,0,0,0,0,0,-3000,0,0,0,22000,25000,-3000,-3000
052673,T50反1國泰97購01,0,0,0,0,0,0,0,0,0,-3000,0,0,0,150000,153000,-3000,-3000
053060,大立光永昌96購05,0,0,0,0,0,0,0,0,0,-3000,0,0,0,0,3000,-3000,-3000
053069,同欣電群益98購01,0,0,0,0,0,0,0,0,0,-3000,0,0,0,180000,183000,-3000,-3000
0057,富邦摩台        ,0,0,0,0,0,0,0,0,0,-3000,0,0,0,20000,23000,-3000,-3000
03071X,元展66          ,0,0,0,0,0,0,0,0,0,-3000,0,0,0,0,3000,-3000,-3000
04006P,滬深2X國票9B售01,0,0,0,0,0,0,0,0,0,-3000,0,0,0,0,3000,-3000,-3000
03237P,大立光元大02售04,0,0,0,0,0,0,0,0,0,-3000,0,0,0,0,3000,-3000,-3000
042387,台積電永昌93購02,0,0,0,0,0,0,0,0,0,-3000,0,0,0,4000,7000,-3000,-3000
03052X,元展49          ,0,0,0,0,0,0,0,0,0,-3000,0,0,0,0,3000,-3000,-3000
04372P,臺股指凱基94售02,0,0,0,0,0,0,0,0,0,-3000,0,0,0,0,3000,-3000,-3000
043289,欣興元大92購01  ,0,0,0,0,0,0,0,0,0,-3000,0,0,0,50000,53000,-3000,-3000
042895,鴻海永昌93購03  ,0,0,0,0,0,0,0,0,0,-3000,0,0,0,3000,6000,-3000,-3000
042941,永冠國票93購01  ,0,0,0,0,0,0,0,0,0,-3000,0,0,0,4000,7000,-3000,-3000
044822,南電兆豐93購01  ,0,0,0,0,0,0,0,0,0,-3000,0,0,0,20000,23000,-3000,-3000
045451,聯發科富邦93購01,0,0,0,0,0,0,0,0,0,-3000,0,0,0,0,3000,-3000,-3000
045907,鴻海中信94購02  ,0,0,0,0,0,0,0,0,0,-3000,0,0,0,0,3000,-3000,-3000
045089,中磊元大94購01  ,0,0,0,0,0,0,0,0,0,-3000,0,0,0,0,3000,-3000,-3000
045100,亞光中信93購01  ,0,0,0,0,0,0,0,0,0,-3000,0,0,0,0,3000,-3000,-3000
045276,臻鼎統一92購01  ,0,0,0,0,0,0,0,0,0,-3000,0,0,0,0,3000,-3000,-3000
04522P,卜蜂凱基94售02  ,0,0,0,0,0,0,0,0,0,-3000,0,0,0,0,3000,-3000,-3000
048934,日電貿永豐94購01,0,0,0,0,0,0,0,0,0,-3000,0,0,0,0,3000,-3000,-3000
049101,聯詠國泰95購01  ,0,0,0,0,0,0,0,0,0,-3000,0,0,0,1000,4000,-3000,-3000
04906P,欣興國票95售01  ,0,0,0,0,0,0,0,0,0,-3000,0,0,0,0,3000,-3000,-3000
047526,可成元大93購08  ,0,0,0,0,0,0,0,0,0,-3000,0,0,0,27000,30000,-3000,-3000
048699,嘉晶國票95購01  ,0,0,0,0,0,0,0,0,0,-3000,0,0,0,0,3000,-3000,-3000
048703,康控國票95購01  ,0,0,0,0,0,0,0,0,0,-3000,0,0,0,1000,4000,-3000,-3000
047973,華通兆豐94購01  ,0,0,0,0,0,0,0,0,0,-3000,0,0,0,5000,8000,-3000,-3000
048582,國泰金富邦93購01,0,0,0,0,0,0,0,0,0,-3000,0,0,0,10000,13000,-3000,-3000
046886,喬山群益93購01  ,0,0,0,0,0,0,0,0,0,-3000,0,0,0,0,3000,-3000,-3000
049508,上銀凱基94購04  ,0,0,0,0,0,0,0,0,0,-3000,0,0,0,20000,23000,-3000,-3000
048762,寶齡凱基94購01  ,0,0,0,0,0,0,0,0,0,-3000,0,0,0,0,3000,-3000,-3000
049377,聯詠元大94購01  ,0,0,0,0,0,0,0,0,0,-3000,0,0,0,1000,4000,-3000,-3000
049456,上海銀統一94購03,0,0,0,0,0,0,0,0,0,-3000,0,0,0,98000,101000,-3000,-3000
049403,欣興群益94購03  ,0,0,0,0,0,0,0,0,0,-3000,0,0,0,0,3000,-3000,-3000
047365,隆達群益93購01  ,0,0,0,0,0,0,0,0,0,-3000,0,0,0,40000,43000,-3000,-3000
04778P,可成凱基94售10  ,0,0,0,0,0,0,0,0,0,-3000,0,0,0,0,3000,-3000,-3000
047895,台積電群益94購04,0,0,0,0,0,0,0,0,0,-3000,0,0,0,17000,20000,-3000,-3000
047083,大立光永豐93購01,0,0,0,0,0,0,0,0,0,-3000,0,0,0,0,3000,-3000,-3000
046702,旺宏元富93購02  ,0,0,0,0,0,0,0,0,0,-3000,0,0,0,0,3000,-3000,-3000
047243,為升群益93購02  ,0,0,0,0,0,0,0,0,0,-3000,0,0,0,0,3000,-3000,-3000
052552,智邦國票97購01  ,0,0,0,0,0,0,0,0,0,-3000,0,0,0,11000,14000,-3000,-3000
052440,上証2X元大95購02,0,0,0,0,0,0,0,0,0,-3000,0,0,0,0,3000,-3000,-3000
052510,聯發科凱基95購13,0,0,0,0,0,0,0,0,0,-3000,0,0,0,0,3000,-3000,-3000
052487,國巨國票96購07  ,0,0,0,0,0,0,0,0,0,-3000,0,0,0,0,3000,-3000,-3000
05207P,高股息中信97售03,0,0,0,0,0,0,0,0,0,-3000,0,0,0,0,3000,-3000,-3000
052318,友達元大98購01  ,0,0,0,0,0,0,0,0,0,-3000,0,0,0,24000,27000,-3000,-3000
052235,聯發科國票96購02,0,0,0,0,0,0,0,0,0,-3000,0,0,0,4000,7000,-3000,-3000
051365,瀚宇博國泰97購01,0,0,0,0,0,0,0,0,0,-3000,0,0,0,182000,185000,-3000,-3000
051831,緯穎元大96購04  ,0,0,0,0,0,0,0,0,0,-3000,0,0,0,0,3000,-3000,-3000
051730,為升國票96購02  ,0,0,0,0,0,0,0,0,0,-3000,0,0,0,40000,43000,-3000,-3000
051070,正崴國票96購01  ,0,0,0,0,0,0,0,0,0,-3000,0,0,0,0,3000,-3000,-3000
050779,超眾元大96購03  ,0,0,0,0,0,0,0,0,0,-3000,0,0,0,2000,5000,-3000,-3000
050886,台積電富邦95購04,0,0,0,0,0,0,0,0,0,-3000,0,0,0,0,3000,-3000,-3000
050899,旭富元大95購01  ,0,0,0,0,0,0,0,0,0,-3000,0,0,0,5000,8000,-3000,-3000
050917,瀚宇博兆豐96購01,0,0,0,0,0,0,0,0,0,-3000,0,0,0,0,3000,-3000,-3000
050294,宏達電凱基94購04,0,0,0,0,0,0,0,0,0,-3000,0,0,0,0,3000,-3000,-3000
050552,禾伸堂凱基94購05,0,0,0,0,0,0,0,0,0,-3000,0,0,0,130000,133000,-3000,-3000
050612,台積電元大95購06,0,0,0,0,0,0,0,0,0,-3000,0,0,0,27000,30000,-3000,-3000
050242,義隆凱基94購04  ,0,0,0,0,0,0,0,0,0,-3000,0,0,0,0,3000,-3000,-3000
05013P,台積電元大96售05,0,0,0,0,0,0,0,0,0,-3000,0,0,0,7000,10000,-3000,-3000
049896,聯發科統一94購06,0,0,0,0,0,0,0,0,0,-3000,0,0,0,0,3000,-3000,-3000
8480,泰昇-KY         ,0,1000,-1000,0,0,0,0,2000,-2000,0,0,0,0,0,0,0,-3000
3712,永崴投控        ,5000,8000,-3000,0,0,0,0,0,0,0,0,0,0,0,0,0,-3000
4722,國精化          ,0,3000,-3000,0,0,0,0,0,0,0,0,0,0,0,0,0,-3000
5234,達興材料        ,3000,6000,-3000,0,0,0,0,0,0,0,0,0,0,0,0,0,-3000
6215,和椿            ,1000,4000,-3000,0,0,0,0,0,0,0,0,0,0,0,0,0,-3000
6277,宏正            ,14000,17000,-3000,0,0,0,0,0,0,0,0,0,0,0,0,0,-3000
2495,普安            ,0,3000,-3000,0,0,0,0,0,0,0,0,0,0,0,0,0,-3000
2414,精技            ,0,2000,-2000,0,0,0,0,0,0,-1000,0,1000,-1000,0,0,0,-3000
2438,翔耀            ,0,3000,-3000,0,0,0,0,0,0,0,0,0,0,0,0,0,-3000
2348,海悅            ,10000,13000,-3000,0,0,0,0,0,0,0,0,0,0,0,0,0,-3000
2642,宅配通          ,3000,6000,-3000,0,0,0,0,0,0,0,0,0,0,0,0,0,-3000
2546,根基            ,3000,6000,-3000,0,0,0,0,0,0,0,0,0,0,0,0,0,-3000
055565,祥碩凱基97購01  ,0,0,0,0,0,0,0,0,0,-3000,0,0,0,0,3000,-3000,-3000
055569,聚陽統一98購01  ,0,0,0,0,0,0,0,0,0,-3000,0,0,0,0,3000,-3000,-3000
055591,全新元大98購01  ,0,0,0,0,0,0,0,0,0,-3000,0,0,0,0,3000,-3000,-3000
055498,大立光元大97購07,0,0,0,0,0,0,0,0,0,-3000,0,0,0,2000,5000,-3000,-3000
05583P,訊芯凱基96售01  ,0,0,0,0,0,0,0,0,0,-3000,0,0,0,0,3000,-3000,-3000
05808P,臺股指國票96售01,0,0,0,0,0,0,0,0,0,-3000,0,0,0,16000,19000,-3000,-3000
05943P,欣興凱基96售03  ,0,0,0,0,0,0,0,0,0,-3000,0,0,0,0,3000,-3000,-3000
1521,大億            ,1000,4000,-3000,0,0,0,0,0,0,0,0,0,0,0,0,0,-3000
1773,勝一            ,4000,7000,-3000,0,0,0,0,0,0,0,0,0,0,0,0,0,-3000
2029,盛餘            ,0,3000,-3000,0,0,0,0,0,0,0,0,0,0,0,0,0,-3000
06197P,國巨元大97售08  ,0,0,0,0,0,0,0,0,0,-3000,0,0,0,0,3000,-3000,-3000
6669,緯穎            ,442303,371300,71003,0,0,0,34000,78000,-44000,-31000,17000,45000,-28000,11000,14000,-3000,-3997
053211,漢唐凱基96購03  ,0,0,0,0,0,0,0,0,0,-4000,0,0,0,0,4000,-4000,-4000
054398,牧德永豐96購03  ,0,0,0,0,0,0,0,0,0,-4000,0,0,0,161000,165000,-4000,-4000
054409,亞光國票97購02  ,0,0,0,0,0,0,0,0,0,-4000,0,0,0,7000,11000,-4000,-4000
05424P,台達電亞東96售02,0,0,0,0,0,0,0,0,0,-4000,0,0,0,0,4000,-4000,-4000
054118,國巨永豐96購04  ,0,0,0,0,0,0,0,0,0,-4000,0,0,0,16000,20000,-4000,-4000
055011,元翎元富97購01  ,0,0,0,0,0,0,0,0,0,-4000,0,0,0,10000,14000,-4000,-4000
055091,微星群益97購01  ,0,0,0,0,0,0,0,0,0,-4000,0,0,0,0,4000,-4000,-4000
054948,聯發科元大97購14,0,0,0,0,0,0,0,0,0,-4000,0,0,0,1000,5000,-4000,-4000
049071,台達電凱基94購02,0,0,0,0,0,0,0,0,0,-4000,0,0,0,0,4000,-4000,-4000
045622,康舒永豐92購01  ,0,0,0,0,0,0,0,0,0,-4000,0,0,0,0,4000,-4000,-4000
045142,聯茂兆豐93購02  ,0,0,0,0,0,0,0,0,0,-4000,0,0,0,28000,32000,-4000,-4000
045517,元油2X元富98購01,0,0,0,0,0,0,0,0,0,-4000,0,0,0,0,4000,-4000,-4000
045334,全新日盛92購01  ,0,0,0,0,0,0,0,0,0,-4000,0,0,0,0,4000,-4000,-4000
044706,智易元大93購02  ,0,0,0,0,0,0,0,0,0,-4000,0,0,0,0,4000,-4000,-4000
020011,統一微波高息20N ,0,0,0,0,0,0,0,0,0,-4000,0,0,0,1000,5000,-4000,-4000
046921,日電貿永豐93購01,0,0,0,0,0,0,0,0,0,-4000,0,0,0,15000,19000,-4000,-4000
046915,禾伸堂台新93購01,0,0,0,0,0,0,0,0,0,-4000,0,0,0,0,4000,-4000,-4000
047040,台勝科群益93購01,0,0,0,0,0,0,0,0,0,-4000,0,0,0,40000,44000,-4000,-4000
048091,漢唐凱基93購03  ,0,0,0,0,0,0,0,0,0,-4000,0,0,0,35000,39000,-4000,-4000
048084,華通凱基93購05  ,0,0,0,0,0,0,0,0,0,-4000,0,0,0,10000,14000,-4000,-4000
049447,聯電統一94購01  ,0,0,0,0,0,0,0,0,0,-4000,0,0,0,0,4000,-4000,-4000
048012,嘉晶國票94購01  ,0,0,0,0,0,0,0,0,0,-4000,0,0,0,73000,77000,-4000,-4000
049357,微星富邦94購01  ,0,0,0,0,0,0,0,0,0,-4000,0,0,0,1000,5000,-4000,-4000
048358,嘉晶永豐93購03  ,0,0,0,0,0,0,0,0,0,-4000,0,0,0,20000,24000,-4000,-4000
046872,全新元富93購02  ,0,0,0,0,0,0,0,0,0,-4000,0,0,0,0,4000,-4000,-4000
048864,昇陽半群益94購01,0,0,0,0,0,0,0,0,0,-4000,0,0,0,7000,11000,-4000,-4000
049765,上証2X元富94購01,0,0,0,0,0,0,0,0,0,-4000,0,0,0,20000,24000,-4000,-4000
049302,聯茂日盛94購01  ,0,0,0,0,0,0,0,0,0,-4000,0,0,0,1000,5000,-4000,-4000
049306,元油2X凱基96購01,0,0,0,0,0,0,0,0,0,-4000,0,0,0,0,4000,-4000,-4000
048243,儒鴻兆豐94購01  ,0,0,0,0,0,0,0,0,0,-4000,0,0,0,110000,114000,-4000,-4000
048682,奇力新富邦96購01,0,0,0,0,0,0,0,0,0,-4000,0,0,0,0,4000,-4000,-4000
048619,台表科凱基93購07,0,0,0,0,0,0,0,0,0,-4000,0,0,0,56000,60000,-4000,-4000
048724,台達電日盛94購01,0,0,0,0,0,0,0,0,0,-4000,0,0,0,1000,5000,-4000,-4000
050122,臺指反凱基96購01,0,0,0,0,0,0,0,0,0,-4000,0,0,0,0,4000,-4000,-4000
050495,大立光永昌96購01,0,0,0,0,0,0,0,0,0,-4000,0,0,0,2000,6000,-4000,-4000
050971,緯穎永豐95購01  ,0,0,0,0,0,0,0,0,0,-4000,0,0,0,8000,12000,-4000,-4000
051013,旺宏凱基95購03  ,0,0,0,0,0,0,0,0,0,-4000,0,0,0,0,4000,-4000,-4000
051115,華通麥證96購01  ,0,0,0,20000,24000,-4000,0,0,0,-4000,0,0,0,20000,24000,-4000,-4000
051797,卜蜂永豐95購01  ,0,0,0,0,0,0,0,0,0,-4000,0,0,0,1000,5000,-4000,-4000
051458,臺股指元大95購18,0,0,0,0,0,0,0,0,0,-4000,0,0,0,0,4000,-4000,-4000
051582,聯發科元大97購02,0,0,0,0,0,0,0,0,0,-4000,0,0,0,66000,70000,-4000,-4000
052293,泰碩國票95購03  ,0,0,0,0,0,0,0,0,0,-4000,0,0,0,0,4000,-4000,-4000
05205P,緯穎元大95售03  ,0,0,0,0,0,0,0,0,0,-4000,0,0,0,0,4000,-4000,-4000
6155,鈞寶            ,101000,105000,-4000,0,0,0,0,0,0,0,0,0,0,0,0,0,-4000
3669,圓展            ,1000,5000,-4000,0,0,0,0,0,0,0,0,0,0,0,0,0,-4000
2712,遠雄來          ,0,4000,-4000,0,0,0,0,0,0,0,0,0,0,0,0,0,-4000
2851,中再保          ,14000,18000,-4000,0,0,0,0,0,0,0,0,0,0,0,0,0,-4000
2239,英利-KY         ,0,4000,-4000,0,0,0,0,0,0,0,0,0,0,0,0,0,-4000
2413,環科            ,0,4000,-4000,0,0,0,0,0,0,0,0,0,0,0,0,0,-4000
2433,互盛電          ,1000,5000,-4000,0,0,0,0,0,0,0,0,0,0,0,0,0,-4000
2496,卓越            ,0,4000,-4000,0,0,0,0,0,0,0,0,0,0,0,0,0,-4000
9908,大台北          ,0,4000,-4000,0,0,0,0,0,0,0,0,0,0,0,0,0,-4000
06190P,玉晶光永豐97售05,0,0,0,0,0,0,0,0,0,-4000,0,0,0,33000,37000,-4000,-4000
05857P,旺宏中信98售02  ,0,0,0,0,0,0,0,0,0,-4000,0,0,0,0,4000,-4000,-4000
05847P,大立光元大96售08,0,0,0,0,0,0,0,0,0,-4000,0,0,0,52000,56000,-4000,-4000
06095P,燿華永豐97售01  ,0,0,0,0,0,0,0,0,0,-4000,0,0,0,0,4000,-4000,-4000
06093P,華通元富97售03  ,0,0,0,0,0,0,0,0,0,-4000,0,0,0,6000,10000,-4000,-4000
055623,貿聯國泰99購01  ,0,0,0,0,0,0,0,0,0,-4000,0,0,0,0,4000,-4000,-4000
055492,華新科元大97購08,0,0,0,0,0,0,0,0,0,-4000,0,0,0,0,4000,-4000,-4000
055345,國巨凱基98購01  ,0,0,0,0,0,0,0,0,0,-4000,0,0,0,0,4000,-4000,-4000
055295,瀚宇博元大97購02,0,0,0,0,0,0,0,0,0,-4000,0,0,0,211000,215000,-4000,-4000
055212,和大凱基97購02  ,0,0,0,0,0,0,0,0,0,-4000,0,0,0,0,4000,-4000,-4000
054956,宏盛元大97購01  ,0,0,0,0,0,0,0,0,0,-5000,0,0,0,5000,10000,-5000,-5000
05489P,臺股指凱基95售22,0,0,0,0,0,0,0,0,0,-5000,0,0,0,0,5000,-5000,-5000
055037,宏盛富邦99購01  ,0,0,0,0,0,0,0,0,0,-5000,0,0,0,0,5000,-5000,-5000
05455P,聯詠日盛95售01  ,0,0,0,0,0,0,0,0,0,-5000,0,0,0,20000,25000,-5000,-5000
054550,旺宏凱基98購02  ,0,0,0,0,0,0,0,0,0,-5000,0,0,0,2000,7000,-5000,-5000
054653,聯發科麥證97購02,0,0,0,5000,10000,-5000,0,0,0,-5000,0,0,0,5000,10000,-5000,-5000
054129,技嘉元大96購02  ,0,0,0,0,0,0,0,0,0,-5000,0,0,0,0,5000,-5000,-5000
054152,漢唐國泰98購02  ,0,0,0,0,0,0,0,0,0,-5000,0,0,0,357000,362000,-5000,-5000
054166,日電貿凱基98購01,0,0,0,0,0,0,0,0,0,-5000,0,0,0,0,5000,-5000,-5000
05418P,瑞昱永豐95售02  ,0,0,0,0,0,0,0,0,0,-5000,0,0,0,18000,23000,-5000,-5000
054198,台積電永昌96購08,0,0,0,0,0,0,0,0,0,-5000,0,0,0,205000,210000,-5000,-5000
054049,亞光元大96購03  ,0,0,0,0,0,0,0,0,0,-5000,0,0,0,9000,14000,-5000,-5000
054440,TPK台新98購01   ,0,0,0,0,0,0,0,0,0,-5000,0,0,0,69000,74000,-5000,-5000
053220,瀚宇博凱基98購01,0,0,0,0,0,0,0,0,0,-5000,0,0,0,0,5000,-5000,-5000
053018,旺宏元富96購02  ,0,0,0,0,0,0,0,0,0,-5000,0,0,0,13000,18000,-5000,-5000
052786,S&P500中信96購01,0,0,0,0,0,0,0,0,0,-5000,0,0,0,0,5000,-5000,-5000
052939,富邦金兆豐96購01,0,0,0,0,0,0,0,0,0,-5000,0,0,0,115000,120000,-5000,-5000
053555,日月光凱基97購01,0,0,0,0,0,0,0,0,0,-5000,0,0,0,2000,7000,-5000,-5000
053498,大立光兆豐96購03,0,0,0,0,0,0,0,0,0,-5000,0,0,0,0,5000,-5000,-5000
053306,晶技凱基97購01  ,0,0,0,0,0,0,0,0,0,-5000,0,0,0,0,5000,-5000,-5000
053384,聯發科元大96購13,0,0,0,0,0,0,0,0,0,-5000,0,0,0,13000,18000,-5000,-5000
053402,A50正2群益9A購02,0,0,0,0,0,0,0,0,0,-5000,0,0,0,0,5000,-5000,-5000
00742,新光內需收益    ,0,0,0,0,0,0,0,0,0,-5000,0,0,0,0,5000,-5000,-5000
03902P,義隆國票94售01  ,0,0,0,0,0,0,0,0,0,-5000,0,0,0,0,5000,-5000,-5000
03879P,智邦永豐93售01  ,0,0,0,0,0,0,0,0,0,-5000,0,0,0,0,5000,-5000,-5000
03890P,聯詠國泰94售02  ,0,0,0,0,0,0,0,0,0,-5000,0,0,0,0,5000,-5000,-5000
03982P,智易國票94售02  ,0,0,0,0,0,0,0,0,0,-5000,0,0,0,0,5000,-5000,-5000
03987P,亞光群益93售02  ,0,0,0,0,0,0,0,0,0,-5000,0,0,0,75000,80000,-5000,-5000
03025X,元展22          ,0,0,0,0,0,0,0,0,0,-5000,0,0,0,0,5000,-5000,-5000
03619C,臺股指元大95牛02,0,0,0,0,0,0,0,0,0,-5000,0,0,0,0,5000,-5000,-5000
04244P,可成元大93售12  ,0,0,0,0,0,0,0,0,0,-5000,0,0,0,0,5000,-5000,-5000
04251P,欣興統一93售06  ,0,0,0,0,0,0,0,0,0,-5000,0,0,0,20000,25000,-5000,-5000
043748,漢唐元大93購01  ,0,0,0,0,0,0,0,0,0,-5000,0,0,0,10000,15000,-5000,-5000
045669,華通元大93購02  ,0,0,0,0,0,0,0,0,0,-5000,0,0,0,4000,9000,-5000,-5000
04567P,臺股指凱基95售01,0,0,0,0,0,0,0,0,0,-5000,0,0,0,0,5000,-5000,-5000
044155,台積電永豐91購03,0,0,0,0,0,0,0,0,0,-5000,0,0,0,0,5000,-5000,-5000
04415P,牧德元富94售05  ,0,0,0,0,0,0,0,0,0,-5000,0,0,0,15000,20000,-5000,-5000
045708,元油2X凱基93購02,0,0,0,0,0,0,0,0,0,-5000,0,0,0,0,5000,-5000,-5000
046113,旺宏元大93購04  ,0,0,0,0,0,0,0,0,0,-5000,0,0,0,15000,20000,-5000,-5000
04120P,智邦凱基93售09  ,0,0,0,0,0,0,0,0,0,-5000,0,0,0,67000,72000,-5000,-5000
04058P,臺股指群益93售12,0,0,0,0,0,0,0,0,0,-5000,0,0,0,0,5000,-5000,-5000
044737,奇鋐國泰93購02  ,0,0,0,0,0,0,0,0,0,-5000,0,0,0,0,5000,-5000,-5000
045870,元油2X元富96購02,0,0,0,0,0,0,0,0,0,-5000,0,0,0,0,5000,-5000,-5000
045060,世紀鋼富邦93購01,0,0,0,0,0,0,0,0,0,-5000,0,0,0,0,5000,-5000,-5000
044364,超眾中信94購01  ,0,0,0,0,0,0,0,0,0,-5000,0,0,0,10000,15000,-5000,-5000
045330,百和亞東93購01  ,0,0,0,0,0,0,0,0,0,-5000,0,0,0,0,5000,-5000,-5000
045103,上海銀亞東94購01,0,0,0,0,0,0,0,0,0,-5000,0,0,0,0,5000,-5000,-5000
045111,亞德客永豐92購01,0,0,0,0,0,0,0,0,0,-5000,0,0,0,0,5000,-5000,-5000
045920,臺股指國票92購10,0,0,0,0,0,0,0,0,0,-5000,0,0,0,0,5000,-5000,-5000
045565,元油2X國泰93購01,0,0,0,0,0,0,0,0,0,-5000,0,0,0,0,5000,-5000,-5000
04601P,大立光凱基94售07,0,0,0,0,0,0,0,0,0,-5000,0,0,0,0,5000,-5000,-5000
04607P,A50中信94售01   ,0,0,0,0,0,0,0,0,0,-5000,0,0,0,0,5000,-5000,-5000
046189,聯發科凱基92購02,0,0,0,0,0,0,0,0,0,-5000,0,0,0,0,5000,-5000,-5000
049121,元油2X元富94購06,0,0,0,0,0,0,0,0,0,-5000,0,0,0,0,5000,-5000,-5000
049024,玉晶光群益97購01,0,0,0,0,0,0,0,0,0,-5000,0,0,0,0,5000,-5000,-5000
049235,元油2X元富96購05,0,0,0,0,0,0,0,0,0,-5000,0,0,0,0,5000,-5000,-5000
049251,國巨元大95購02  ,0,0,0,0,0,0,0,0,0,-5000,0,0,0,0,5000,-5000,-5000
048425,聯茂元富96購02  ,0,0,0,0,0,0,0,0,0,-5000,0,0,0,5000,10000,-5000,-5000
046752,華泰凱基93購01  ,0,0,0,0,0,0,0,0,0,-5000,0,0,0,0,5000,-5000,-5000
049346,新光金統一95購01,0,0,0,0,0,0,0,0,0,-5000,0,0,0,0,5000,-5000,-5000
048269,瀚宇博國泰95購01,0,0,0,0,0,0,0,0,0,-5000,0,0,0,261000,266000,-5000,-5000
049619,宏達電群益95購02,0,0,0,0,0,0,0,0,0,-5000,0,0,0,0,5000,-5000,-5000
04984P,臺股指康和94售04,0,0,0,0,0,0,0,0,0,-5000,0,0,0,0,5000,-5000,-5000
049847,旺宏群益94購04  ,0,0,0,0,0,0,0,0,0,-5000,0,0,0,44000,49000,-5000,-5000
049966,旺宏國票95購02  ,0,0,0,0,0,0,0,0,0,-5000,0,0,0,0,5000,-5000,-5000
047569,世紀鋼國票94購02,0,0,0,0,0,0,0,0,0,-5000,0,0,0,0,5000,-5000,-5000
046378,聯發科凱基92購04,0,0,0,0,0,0,0,0,0,-5000,0,0,0,0,5000,-5000,-5000
04638P,臺股指群益94售13,0,0,0,0,0,0,0,0,0,-5000,0,0,0,0,5000,-5000,-5000
047302,為升富邦97購01  ,0,0,0,0,0,0,0,0,0,-5000,0,0,0,0,5000,-5000,-5000
048754,瀚宇博元富97購01,0,0,0,0,0,0,0,0,0,-5000,0,0,0,164000,169000,-5000,-5000
048777,瀚宇博凱基94購02,0,0,0,0,0,0,0,0,0,-5000,0,0,0,66000,71000,-5000,-5000
046650,台表科國泰94購01,0,0,0,0,0,0,0,0,0,-5000,0,0,0,40000,45000,-5000,-5000
047080,仁寶康和93購01  ,0,0,0,0,0,0,0,0,0,-5000,0,0,0,5000,10000,-5000,-5000
047082,元上證永豐93購01,0,0,0,0,0,0,0,0,0,-5000,0,0,0,6000,11000,-5000,-5000
04710P,台積電元大94售16,0,0,0,0,0,0,0,0,0,-5000,0,0,0,0,5000,-5000,-5000
046476,鴻海統一96購01  ,0,0,0,0,0,0,0,0,0,-5000,0,0,0,0,5000,-5000,-5000
049260,華新科元大96購01,0,0,0,0,0,0,0,0,0,-5000,0,0,0,42000,47000,-5000,-5000
047142,中磊兆豐93購02  ,0,0,0,0,0,0,0,0,0,-5000,0,0,0,0,5000,-5000,-5000
046744,元油2X凱基94購01,0,0,0,0,0,0,0,0,0,-5000,0,0,0,5000,10000,-5000,-5000
047766,聯發科元大93購19,0,0,0,0,0,0,0,0,0,-5000,0,0,0,88000,93000,-5000,-5000
047768,大立光元大95購01,0,0,0,0,0,0,0,0,0,-5000,0,0,0,0,5000,-5000,-5000
052055,緯穎凱基95購03  ,0,0,0,0,0,0,0,0,0,-5000,0,0,0,0,5000,-5000,-5000
052038,國巨永昌96購01  ,0,0,0,0,0,0,0,0,0,-5000,0,0,0,0,5000,-5000,-5000
052326,滬深反中信99購01,0,0,0,0,0,0,0,0,0,-5000,0,0,0,0,5000,-5000,-5000
052230,大立光凱基96購09,0,0,0,0,0,0,0,0,0,-5000,0,0,0,21000,26000,-5000,-5000
052220,T50反1凱基98購01,0,0,0,0,0,0,0,0,0,-5000,0,0,0,0,5000,-5000,-5000
05262P,台積電元大95售19,0,0,0,0,0,0,0,0,0,-5000,0,0,0,0,5000,-5000,-5000
05155P,聯發科兆豐95售03,0,0,0,0,0,0,0,0,0,-5000,0,0,0,0,5000,-5000,-5000
051497,中磊亞東96購01  ,0,0,0,0,0,0,0,0,0,-5000,0,0,0,0,5000,-5000,-5000
051345,鴻海元大95購09  ,0,0,0,0,0,0,0,0,0,-5000,0,0,0,355000,360000,-5000,-5000
051348,國巨元大95購07  ,0,0,0,0,0,0,0,0,0,-5000,0,0,0,5000,10000,-5000,-5000
051665,台積電元大96購07,0,0,0,0,0,0,0,0,0,-5000,0,0,0,0,5000,-5000,-5000
051884,樺漢永豐95購01  ,0,0,0,0,0,0,0,0,0,-5000,0,0,0,62000,67000,-5000,-5000
051913,緯創元大96購01  ,0,0,0,0,0,0,0,0,0,-5000,0,0,0,0,5000,-5000,-5000
051903,T50反1元大97購02,0,0,0,0,0,0,0,0,0,-5000,0,0,0,0,5000,-5000,-5000
05113P,臺股指元富95售01,0,0,0,0,0,0,0,0,0,-5000,0,0,0,0,5000,-5000,-5000
051095,貿聯元大95購03  ,0,0,0,0,0,0,0,0,0,-5000,0,0,0,15000,20000,-5000,-5000
051073,同欣電國票96購01,0,0,0,0,0,0,0,0,0,-5000,0,0,0,0,5000,-5000,-5000
051074,矽力國票96購01  ,0,0,0,0,0,0,0,0,0,-5000,0,0,0,45000,50000,-5000,-5000
051097,嘉聯益元大96購02,0,0,0,0,0,0,0,0,0,-5000,0,0,0,0,5000,-5000,-5000
051021,啟碁凱基95購02  ,0,0,0,0,0,0,0,0,0,-5000,0,0,0,0,5000,-5000,-5000
051265,鴻海富邦96購04  ,0,0,0,0,0,0,0,0,0,-5000,0,0,0,0,5000,-5000,-5000
051180,喬山永豐95購03  ,0,0,0,0,0,0,0,0,0,-5000,0,0,0,0,5000,-5000,-5000
051211,道瓊反統一95購01,0,0,0,0,0,0,0,0,0,-5000,0,0,0,0,5000,-5000,-5000
051217,聯發科元富95購01,0,0,0,0,0,0,0,0,0,-5000,0,0,0,0,5000,-5000,-5000
050957,T50反1台新05購01,0,0,0,0,0,0,0,0,0,-5000,0,0,0,0,5000,-5000,-5000
050944,智邦群益95購01  ,0,0,0,0,0,0,0,0,0,-5000,0,0,0,6000,11000,-5000,-5000
05088P,大立光富邦99售01,0,0,0,0,0,0,0,0,0,-5000,0,0,0,60000,65000,-5000,-5000
050819,宏達電凱基95購01,0,0,0,0,0,0,0,0,0,-5000,0,0,0,0,5000,-5000,-5000
050844,大立光國票96購01,0,0,0,0,0,0,0,0,0,-5000,0,0,0,0,5000,-5000,-5000
050722,聯電國票96購01  ,0,0,0,0,0,0,0,0,0,-5000,0,0,0,0,5000,-5000,-5000
050680,上銀元富94購01  ,0,0,0,0,0,0,0,0,0,-5000,0,0,0,390000,395000,-5000,-5000
050412,全新永豐94購04  ,0,0,0,0,0,0,0,0,0,-5000,0,0,0,0,5000,-5000,-5000
050368,國巨元大94購14  ,0,0,0,0,0,0,0,0,0,-5000,0,0,0,100000,105000,-5000,-5000
050372,全新元大96購03  ,0,0,0,0,0,0,0,0,0,-5000,0,0,0,5000,10000,-5000,-5000
050396,欣興元富94購02  ,0,0,0,0,0,0,0,0,0,-5000,0,0,0,0,5000,-5000,-5000
050180,華新科元大95購08,0,0,0,0,0,0,0,0,0,-5000,0,0,0,15000,20000,-5000,-5000
055211,A50反1凱基9A購01,0,0,0,0,0,0,0,0,0,-5000,0,0,0,0,5000,-5000,-5000
055234,昇陽半國票98購02,0,0,0,0,0,0,0,0,0,-5000,0,0,0,30000,35000,-5000,-5000
055109,正崴凱基98購01  ,0,0,0,0,0,0,0,0,0,-5000,0,0,0,0,5000,-5000,-5000
055323,貿聯國票98購01  ,0,0,0,0,0,0,0,0,0,-5000,0,0,0,4000,9000,-5000,-5000
055566,台表科凱基97購03,0,0,0,0,0,0,0,0,0,-5000,0,0,0,0,5000,-5000,-5000
055556,奇力新凱基98購03,0,0,0,0,0,0,0,0,0,-5000,0,0,0,0,5000,-5000,-5000
05562P,鴻海元大96售16  ,0,0,0,0,0,0,0,0,0,-5000,0,0,0,0,5000,-5000,-5000
05594P,旺宏國票96售04  ,0,0,0,0,0,0,0,0,0,-5000,0,0,0,0,5000,-5000,-5000
05590P,臺股指中信96售05,0,0,0,0,0,0,0,0,0,-5000,0,0,0,0,5000,-5000,-5000
05703P,矽力群益96售03  ,0,0,0,0,0,0,0,0,0,-5000,0,0,0,6000,11000,-5000,-5000
05651P,大立光元大97售02,0,0,0,0,0,0,0,0,0,-5000,0,0,0,15000,20000,-5000,-5000
06120P,大立光凱基98售05,0,0,0,0,0,0,0,0,0,-5000,0,0,0,49000,54000,-5000,-5000
05863P,滬深2X元大96售09,0,0,0,0,0,0,0,0,0,-5000,0,0,0,0,5000,-5000,-5000
05892P,大立光中信98售03,0,0,0,0,0,0,0,0,0,-5000,0,0,0,5000,10000,-5000,-5000
06207P,聯發科凱基97售07,0,0,0,0,0,0,0,0,0,-5000,0,0,0,0,5000,-5000,-5000
06214P,國巨國票98售04  ,0,0,0,0,0,0,0,0,0,-5000,0,0,0,0,5000,-5000,-5000
06149P,台積電元大97售18,0,0,0,0,0,0,0,0,0,-5000,0,0,0,90000,95000,-5000,-5000
08951P,臺股指國票01售08,0,0,0,0,0,0,0,0,0,-5000,0,0,0,0,5000,-5000,-5000
8463,潤泰材          ,34000,39000,-5000,0,0,0,0,0,0,0,0,0,0,0,0,0,-5000
2305,全友            ,0,5000,-5000,0,0,0,0,0,0,0,0,0,0,0,0,0,-5000
2530,華建            ,0,5000,-5000,0,0,0,0,0,0,0,0,0,0,0,0,0,-5000
3011,今皓            ,0,5000,-5000,0,0,0,0,0,0,0,0,0,0,0,0,0,-5000
4725,信昌化          ,17000,22000,-5000,0,0,0,0,0,0,0,0,0,0,0,0,0,-5000
6666,羅麗芬-KY       ,4000,9000,-5000,0,0,0,0,0,0,0,0,0,0,0,0,0,-5000
6674,鋐寶科技        ,0,2000,-2000,0,0,0,0,0,0,-3000,0,3000,-3000,0,0,0,-5000
053320,華新科群益97購01,0,0,0,0,0,0,0,0,0,-6000,0,0,0,15000,21000,-6000,-6000
053339,友達國票97購02  ,0,0,0,0,0,0,0,0,0,-6000,0,0,0,0,6000,-6000,-6000
053727,麗豐凱基97購01  ,0,0,0,0,0,0,0,0,0,-6000,0,0,0,82000,88000,-6000,-6000
052964,台表科凱基96購03,0,0,0,0,0,0,0,0,0,-6000,0,0,0,5000,11000,-6000,-6000
052953,百和國票97購01  ,0,0,0,0,0,0,0,0,0,-6000,0,0,0,10000,16000,-6000,-6000
052664,麗豐國票96購02  ,0,0,0,0,0,0,0,0,0,-6000,0,0,0,87000,93000,-6000,-6000
052693,微星中信96購01  ,0,0,0,0,0,0,0,0,0,-6000,0,0,0,3000,9000,-6000,-6000
052713,智邦凱基96購01  ,0,0,0,0,0,0,0,0,0,-6000,0,0,0,4000,10000,-6000,-6000
053250,百和國票97購02  ,0,0,0,0,0,0,0,0,0,-6000,0,0,0,10000,16000,-6000,-6000
054280,牧德群益98購01  ,0,0,0,0,0,0,0,0,0,-6000,0,0,0,3000,9000,-6000,-6000
053916,漢唐國票97購04  ,0,0,0,0,0,0,0,0,0,-6000,0,0,0,0,6000,-6000,-6000
053950,緯穎富邦97購02  ,0,0,0,0,0,0,0,0,0,-6000,0,0,0,0,6000,-6000,-6000
054170,泰鼎凱基98購01  ,0,0,0,0,0,0,0,0,0,-6000,0,0,0,0,6000,-6000,-6000
054735,漢唐凱基98購01  ,0,0,0,0,0,0,0,0,0,-6000,0,0,0,4000,10000,-6000,-6000
054783,國巨群益98購04  ,0,0,0,0,0,0,0,0,0,-6000,0,0,0,48000,54000,-6000,-6000
046178,聯發科日盛92購01,0,0,0,0,0,0,0,0,0,-6000,0,0,0,0,6000,-6000,-6000
045362,A50正2兆豐93購02,0,0,0,0,0,0,0,0,0,-6000,0,0,0,0,6000,-6000,-6000
045489,晶技台新92購01  ,0,0,0,0,0,0,0,0,0,-6000,0,0,0,0,6000,-6000,-6000
044379,A50正2群益92購01,0,0,0,0,0,0,0,0,0,-6000,0,0,0,14000,20000,-6000,-6000
045831,國巨群益92購05  ,0,0,0,0,0,0,0,0,0,-6000,0,0,0,0,6000,-6000,-6000
044763,瀚宇博凱基93購01,0,0,0,0,0,0,0,0,0,-6000,0,0,0,20000,26000,-6000,-6000
044632,超眾元大91購03  ,0,0,0,0,0,0,0,0,0,-6000,0,0,0,397000,403000,-6000,-6000
044437,台郡元大92購02  ,0,0,0,0,0,0,0,0,0,-6000,0,0,0,4000,10000,-6000,-6000
04139P,大立光國票93售03,0,0,0,0,0,0,0,0,0,-6000,0,0,0,0,6000,-6000,-6000
04772P,欣興元大94售08  ,0,0,0,0,0,0,0,0,0,-6000,0,0,0,0,6000,-6000,-6000
048194,華邦電元大94購04,0,0,0,0,0,0,0,0,0,-6000,0,0,0,5000,11000,-6000,-6000
048181,A50正2群益95購01,0,0,0,0,0,0,0,0,0,-6000,0,0,0,0,6000,-6000,-6000
046551,聯發科麥證92購02,0,0,0,0,6000,-6000,0,0,0,-6000,0,0,0,0,6000,-6000,-6000
046896,臻鼎群益94購01  ,0,0,0,0,0,0,0,0,0,-6000,0,0,0,120000,126000,-6000,-6000
04846P,旺宏凱基94售07  ,0,0,0,0,0,0,0,0,0,-6000,0,0,0,0,6000,-6000,-6000
046756,廣達凱基93購01  ,0,0,0,0,0,0,0,0,0,-6000,0,0,0,4000,10000,-6000,-6000
050209,華通國票95購01  ,0,0,0,0,0,0,0,0,0,-6000,0,0,0,0,6000,-6000,-6000
050018,高股息元大94購02,0,0,0,0,0,0,0,0,0,-6000,0,0,0,8000,14000,-6000,-6000
050023,國巨元大94購12  ,0,0,0,0,0,0,0,0,0,-6000,0,0,0,25000,31000,-6000,-6000
050104,元石油元大97購02,0,0,0,0,0,0,0,0,0,-6000,0,0,0,4000,10000,-6000,-6000
050083,旺宏元富94購01  ,0,0,0,0,0,0,0,0,0,-6000,0,0,0,3000,9000,-6000,-6000
050303,S&P反1中信96購01,0,0,0,0,0,0,0,0,0,-6000,0,0,0,0,6000,-6000,-6000
050330,南電永豐94購01  ,0,0,0,0,0,0,0,0,0,-6000,0,0,0,0,6000,-6000,-6000
050787,致伸國泰96購01  ,0,0,0,0,0,0,0,0,0,-6000,0,0,0,20000,26000,-6000,-6000
050761,華通元大94購05  ,0,0,0,0,0,0,0,0,0,-6000,0,0,0,132000,138000,-6000,-6000
050959,元金2X永豐95購02,0,0,0,0,0,0,0,0,0,-6000,0,0,0,0,6000,-6000,-6000
051948,滬深2X元富9B購01,0,0,0,0,0,0,0,0,0,-6000,0,0,0,12000,18000,-6000,-6000
051662,大立光永昌96購03,0,0,0,0,0,0,0,0,0,-6000,0,0,0,30000,36000,-6000,-6000
051673,玉晶光元大96購04,0,0,0,0,0,0,0,0,0,-6000,0,0,0,3000,9000,-6000,-6000
051788,奇力新國票97購02,0,0,0,0,0,0,0,0,0,-6000,0,0,0,30000,36000,-6000,-6000
051316,T50反1國票95購02,0,0,0,0,0,0,0,0,0,-6000,0,0,0,0,6000,-6000,-6000
051402,玉晶光永豐95購04,0,0,0,0,0,0,0,0,0,-6000,0,0,0,23000,29000,-6000,-6000
052417,聯發科兆豐9B購01,0,0,0,0,0,0,0,0,0,-6000,0,0,0,0,6000,-6000,-6000
052364,全新國票95購02  ,0,0,0,0,0,0,0,0,0,-6000,0,0,0,21000,27000,-6000,-6000
052309,健策國泰97購01  ,0,0,0,0,0,0,0,0,0,-6000,0,0,0,57000,63000,-6000,-6000
052269,T50反1日盛9B購01,0,0,0,0,0,0,0,0,0,-6000,0,0,0,0,6000,-6000,-6000
052059,臺股指凱基95購17,0,0,0,0,0,0,0,0,0,-6000,0,0,0,0,6000,-6000,-6000
6573,虹揚-KY         ,1000,7000,-6000,0,0,0,0,0,0,0,0,0,0,0,0,0,-6000
6189,豐藝            ,7000,13000,-6000,0,0,0,0,0,0,0,0,0,0,0,0,0,-6000
4164,承業醫          ,6000,22000,-16000,0,0,0,0,0,0,10000,10000,0,10000,0,0,0,-6000
3605,宏致            ,196000,202000,-6000,0,0,0,0,0,0,0,0,0,0,0,0,0,-6000
2342,茂矽            ,12000,17000,-5000,0,0,0,0,0,0,-1000,0,1000,-1000,0,0,0,-6000
2476,鉅祥            ,1000,7000,-6000,0,0,0,0,0,0,0,0,0,0,0,0,0,-6000
2450,神腦            ,0,6000,-6000,0,0,0,0,0,0,0,0,0,0,0,0,0,-6000
8442,威宏-KY         ,1000,7000,-6000,0,0,0,0,0,0,0,0,0,0,0,0,0,-6000
06188P,大立光元富97售01,0,0,0,0,0,0,0,0,0,-6000,0,0,0,0,6000,-6000,-6000
06024P,台郡國票97售05  ,0,0,0,0,0,0,0,0,0,-6000,0,0,0,0,6000,-6000,-6000
05665P,台積電凱基96售08,0,0,0,0,0,0,0,0,0,-6000,0,0,0,0,6000,-6000,-6000
05699P,茂林凱基96售05  ,0,0,0,0,0,0,0,0,0,-6000,0,0,0,8000,14000,-6000,-6000
055606,矽創元大97購01  ,0,0,0,0,0,0,0,0,0,-6000,0,0,0,35000,41000,-6000,-6000
055179,大立光統一97購04,0,0,0,0,0,0,0,0,0,-6000,0,0,0,64000,70000,-6000,-6000
055190,華新科元富97購01,0,0,0,0,0,0,0,0,0,-6000,0,0,0,95000,101000,-6000,-6000
054945,正崴元大97購01  ,0,0,0,0,0,0,0,0,0,-7000,0,0,0,28000,35000,-7000,-7000
054159,T50正2凱基99購01,0,0,0,0,0,0,0,0,0,-7000,0,0,0,3000,10000,-7000,-7000
053273,國巨元大96購08  ,0,0,0,0,0,0,0,0,0,-7000,0,0,0,47000,54000,-7000,-7000
053174,同欣電群益98購02,0,0,0,0,0,0,0,0,0,-7000,0,0,0,81000,88000,-7000,-7000
052912,日月光統一96購01,0,0,0,0,0,0,0,0,0,-7000,0,0,0,9000,16000,-7000,-7000
052866,大立光凱基96購12,0,0,0,0,0,0,0,0,0,-7000,0,0,0,3000,10000,-7000,-7000
053580,國巨元大96購10  ,0,0,0,0,0,0,0,0,0,-7000,0,0,0,212000,219000,-7000,-7000
042641,國巨麥證91購03  ,0,0,0,0,7000,-7000,0,0,0,-7000,0,0,0,0,7000,-7000,-7000
03399P,欣興中信02售03  ,0,0,0,0,0,0,0,0,0,-7000,0,0,0,0,7000,-7000,-7000
03109P,台積電元大01售41,0,0,0,0,0,0,0,0,0,-7000,0,0,0,35000,42000,-7000,-7000
00770,國泰北美科技    ,0,0,0,0,0,0,0,0,0,-7000,0,0,0,0,7000,-7000,-7000
044433,華新科元大92購06,0,0,0,0,0,0,0,0,0,-7000,0,0,0,30000,37000,-7000,-7000
044728,上緯控永豐91購02,0,0,0,0,0,0,0,0,0,-7000,0,0,0,1000,8000,-7000,-7000
04585P,楠梓電永豐94售02,0,0,0,0,0,0,0,0,0,-7000,0,0,0,15000,22000,-7000,-7000
045471,鎧勝元大93購01  ,0,0,0,0,0,0,0,0,0,-7000,0,0,0,4000,11000,-7000,-7000
045883,元油2X元大95購07,0,0,0,0,0,0,0,0,0,-7000,0,0,0,120000,127000,-7000,-7000
049016,國巨群益94購02  ,0,0,0,0,0,0,0,0,0,-7000,0,0,0,2000,9000,-7000,-7000
048998,玉晶光國票95購03,0,0,0,0,0,0,0,0,0,-7000,0,0,0,14000,21000,-7000,-7000
048507,聯茂群益93購05  ,0,0,0,0,0,0,0,0,0,-7000,0,0,0,0,7000,-7000,-7000
048008,聯發科富邦95購02,0,0,0,0,0,0,0,0,0,-7000,0,0,0,0,7000,-7000,-7000
049372,華新科元大95購04,0,0,0,0,0,0,0,0,0,-7000,0,0,0,75000,82000,-7000,-7000
052294,創意國票96購03  ,0,0,0,0,0,0,0,0,0,-7000,0,0,0,7000,14000,-7000,-7000
051485,玉晶光凱基97購02,0,0,0,0,0,0,0,0,0,-7000,0,0,0,16000,23000,-7000,-7000
051778,全新群益95購01  ,0,0,0,0,0,0,0,0,0,-7000,0,0,0,0,7000,-7000,-7000
050926,禾伸堂凱基95購01,0,0,0,0,0,0,0,0,0,-7000,0,0,0,115000,122000,-7000,-7000
050706,柏文凱基94購01  ,0,0,0,0,0,0,0,0,0,-7000,0,0,0,0,7000,-7000,-7000
050644,國巨凱基96購01  ,0,0,0,0,0,0,0,0,0,-7000,0,0,0,3000,10000,-7000,-7000
050989,台表科富邦95購01,0,0,0,0,0,0,0,0,0,-7000,0,0,0,50000,57000,-7000,-7000
050282,T50反1凱基97購01,0,0,0,0,0,0,0,0,0,-7000,0,0,0,0,7000,-7000,-7000
050355,瑞儀群益94購01  ,0,0,0,0,0,0,0,0,0,-7000,0,0,0,4000,11000,-7000,-7000
050077,臺股指凱基99購02,0,0,0,0,0,0,0,0,0,-7000,0,0,0,1000,8000,-7000,-7000
050079,元油2X統一94購06,0,0,0,0,0,0,0,0,0,-7000,0,0,0,7000,14000,-7000,-7000
050254,大立光富邦96購02,0,0,0,0,0,0,0,0,0,-7000,0,0,0,3000,10000,-7000,-7000
055349,京元電凱基97購02,0,0,0,0,0,0,0,0,0,-7000,0,0,0,0,7000,-7000,-7000
055285,華新科元大99購03,0,0,0,0,0,0,0,0,0,-7000,0,0,0,102000,109000,-7000,-7000
055430,宏達電群益97購01,0,0,0,0,0,0,0,0,0,-7000,0,0,0,7000,14000,-7000,-7000
055421,玉晶光永豐98購04,0,0,0,0,0,0,0,0,0,-7000,0,0,0,0,7000,-7000,-7000
06048P,大立光富邦96售05,0,0,0,0,0,0,0,0,0,-7000,0,0,0,1000,8000,-7000,-7000
05848P,臺股指元大96售24,0,0,0,0,0,0,0,0,0,-7000,0,0,0,0,7000,-7000,-7000
06219P,國巨元富97售05  ,0,0,0,0,0,0,0,0,0,-7000,0,0,0,0,7000,-7000,-7000
1453,大將            ,0,7000,-7000,0,0,0,0,0,0,0,0,0,0,0,0,0,-7000
1734,杏輝            ,4000,11000,-7000,0,0,0,0,0,0,0,0,0,0,0,0,0,-7000
4439,冠星-KY         ,0,7000,-7000,0,0,0,0,0,0,0,0,0,0,0,0,0,-7000
3705,永信            ,14000,21000,-7000,0,0,0,0,0,0,0,0,0,0,0,0,0,-7000
4119,旭富            ,14000,20000,-6000,0,0,0,0,0,0,-1000,0,0,0,0,1000,-1000,-7000
6504,南六            ,0,7000,-7000,0,0,0,0,0,0,0,0,0,0,0,0,0,-7000
6278,台表科          ,1115000,1479000,-364000,0,0,0,200000,0,200000,157000,173000,56000,117000,145000,105000,40000,-7000
05340P,臺股指國票95售08,0,0,0,0,0,0,0,0,0,-8000,0,0,0,0,8000,-8000,-8000
052824,揚明光永豐96購02,0,0,0,0,0,0,0,0,0,-8000,0,0,0,88000,96000,-8000,-8000
053990,晶技兆豐96購01  ,0,0,0,0,0,0,0,0,0,-8000,0,0,0,117000,125000,-8000,-8000
054927,帆宣凱基97購01  ,0,0,0,0,0,0,0,0,0,-8000,0,0,0,4000,12000,-8000,-8000
055048,台積電永豐97購04,0,0,0,0,0,0,0,0,0,-8000,0,0,0,30000,38000,-8000,-8000
048955,慧洋康和94購01  ,0,0,0,0,0,0,0,0,0,-8000,0,0,0,0,8000,-8000,-8000
045246,同欣電群益92購01,0,0,0,0,0,0,0,0,0,-8000,0,0,0,0,8000,-8000,-8000
045937,臻鼎群益93購02  ,0,0,0,0,0,0,0,0,0,-8000,0,0,0,52000,60000,-8000,-8000
045361,鈺齊凱基93購01  ,0,0,0,0,0,0,0,0,0,-8000,0,0,0,0,8000,-8000,-8000
00670L,富邦NASDAQ正2   ,0,48000,-48000,0,0,0,0,0,0,40000,0,0,0,182000,142000,40000,-8000
03092P,臺股指元大01售21,0,0,0,0,0,0,0,0,0,-8000,0,0,0,0,8000,-8000,-8000
03885P,華新科統一96售01,0,0,0,0,0,0,0,0,0,-8000,0,0,0,120000,128000,-8000,-8000
04332P,A50正2日盛93售01,0,0,0,0,0,0,0,0,0,-8000,0,0,0,25000,33000,-8000,-8000
044779,GIS元大93購05   ,0,0,0,0,0,0,0,0,0,-8000,0,0,0,2000,10000,-8000,-8000
048093,聯發科凱基93購30,0,0,0,0,0,0,0,0,0,-8000,0,0,0,88000,96000,-8000,-8000
046968,台積電群益94購03,0,0,0,0,0,0,0,0,0,-8000,0,0,0,23000,31000,-8000,-8000
047872,貿聯永豐93購02  ,0,0,0,0,0,0,0,0,0,-8000,0,0,0,200000,208000,-8000,-8000
047677,亞德客台新93購01,0,0,0,0,0,0,0,0,0,-8000,0,0,0,2000,10000,-8000,-8000
047942,華新科國票94購04,0,0,0,0,0,0,0,0,0,-8000,0,0,0,2000,10000,-8000,-8000
046828,聯發科群益94購01,0,0,0,0,0,0,0,0,0,-8000,0,0,0,0,8000,-8000,-8000
048416,台達電統一93購02,0,0,0,0,0,0,0,0,0,-8000,0,0,0,0,8000,-8000,-8000
048720,智易永豐94購02  ,0,0,0,0,0,0,0,0,0,-8000,0,0,0,55000,63000,-8000,-8000
048638,台光電元大94購01,0,0,0,0,0,0,0,0,0,-8000,0,0,0,57000,65000,-8000,-8000
048702,正文國票95購01  ,0,0,0,0,0,0,0,0,0,-8000,0,0,0,0,8000,-8000,-8000
049867,日月光兆豐94購01,0,0,0,0,0,0,0,0,0,-8000,0,0,0,13000,21000,-8000,-8000
049772,臺股指元富94購01,0,0,0,0,0,0,0,0,0,-8000,0,0,0,0,8000,-8000,-8000
050202,建準群益95購01  ,0,0,0,0,0,0,0,0,0,-8000,0,0,0,26000,34000,-8000,-8000
049892,國巨富邦96購01  ,0,0,0,0,0,0,0,0,0,-8000,0,0,0,72000,80000,-8000,-8000
050610,鴻海元大94購24  ,0,0,0,0,0,0,0,0,0,-8000,0,0,0,94000,102000,-8000,-8000
051087,國巨元大97購01  ,0,0,0,0,0,0,0,0,0,-8000,0,0,0,2000,10000,-8000,-8000
050808,台達電凱基96購02,0,0,0,0,0,0,0,0,0,-8000,0,0,0,3000,11000,-8000,-8000
051818,國巨統一95購02  ,0,0,0,0,0,0,0,0,0,-8000,0,0,0,4000,12000,-8000,-8000
051881,上証2X永豐95購02,0,0,0,0,0,0,0,0,0,-8000,0,0,0,2000,10000,-8000,-8000
051332,奇力新永豐95購01,0,0,0,0,0,0,0,0,0,-8000,0,0,0,122000,130000,-8000,-8000
051595,康控元大95購04  ,0,0,0,0,0,0,0,0,0,-8000,0,0,0,2000,10000,-8000,-8000
052511,聯發科凱基95購14,0,0,0,0,0,0,0,0,0,-8000,0,0,0,16000,24000,-8000,-8000
6209,今國光          ,110000,117000,-7000,0,0,0,0,0,0,-1000,0,1000,-1000,0,0,0,-8000
2420,新巨            ,24000,32000,-8000,0,0,0,0,0,0,0,0,0,0,0,0,0,-8000
2030,彰源            ,10000,18000,-8000,0,0,0,0,0,0,0,0,0,0,0,0,0,-8000
05794P,華邦電群益96售04,0,0,0,0,0,0,0,0,0,-8000,0,0,0,0,8000,-8000,-8000
05918P,大立光元大96售11,0,0,0,0,0,0,0,0,0,-8000,0,0,0,50000,58000,-8000,-8000
055501,創意元大97購01  ,0,0,0,0,0,0,0,0,0,-8000,0,0,0,31000,39000,-8000,-8000
055537,康友群益97購03  ,0,0,0,0,0,0,0,0,0,-8000,0,0,0,0,8000,-8000,-8000
054861,智邦群益97購01  ,0,0,0,0,0,0,0,0,0,-9000,0,0,0,11000,20000,-9000,-9000
054664,台表科元大97購04,0,0,0,0,0,0,0,0,0,-9000,0,0,0,1000,10000,-9000,-9000
053974,大立光元大96購10,0,0,0,0,0,0,0,0,0,-9000,0,0,0,0,9000,-9000,-9000
054264,超眾元大97購02  ,0,0,0,0,0,0,0,0,0,-9000,0,0,0,25000,34000,-9000,-9000
054319,世紀鋼凱基96購02,0,0,0,0,0,0,0,0,0,-9000,0,0,0,4000,13000,-9000,-9000
054469,同欣電凱基97購01,0,0,0,0,0,0,0,0,0,-9000,0,0,0,0,9000,-9000,-9000
053125,宏達電凱基96購01,0,0,0,0,0,0,0,0,0,-9000,0,0,0,1000,10000,-9000,-9000
053212,友達凱基99購04  ,0,0,0,0,0,0,0,0,0,-9000,0,0,0,71000,80000,-9000,-9000
053419,光罩永豐96購01  ,0,0,0,0,0,0,0,0,0,-9000,0,0,0,67000,76000,-9000,-9000
053668,鴻海統一97購01  ,0,0,0,0,0,0,0,0,0,-9000,0,0,0,10000,19000,-9000,-9000
044848,華邦電統一94購01,0,0,0,0,0,0,0,0,0,-9000,0,0,0,56000,65000,-9000,-9000
044187,泰鼎國泰93購01  ,0,0,0,0,0,0,0,0,0,-9000,0,0,0,0,9000,-9000,-9000
045694,智邦兆豐93購05  ,0,0,0,0,0,0,0,0,0,-9000,0,0,0,0,9000,-9000,-9000
044950,玉晶光群益94購01,0,0,0,0,0,0,0,0,0,-9000,0,0,0,3000,12000,-9000,-9000
043060,欣興中信93購01  ,0,0,0,0,0,0,0,0,0,-9000,0,0,0,70000,79000,-9000,-9000
041991,元油2X國票98購01,0,0,0,0,0,0,0,0,0,-9000,0,0,0,0,9000,-9000,-9000
03950P,聯發科中信93售03,0,0,0,0,0,0,0,0,0,-9000,0,0,0,10000,19000,-9000,-9000
042295,大立光元大92購04,0,0,0,0,0,0,0,0,0,-9000,0,0,0,1000,10000,-9000,-9000
03650C,T50反1元大98牛05,0,0,0,0,0,0,0,0,0,-9000,0,0,0,0,9000,-9000,-9000
045440,旺宏元富92購01  ,0,0,0,0,0,0,0,0,0,-9000,0,0,0,2000,11000,-9000,-9000
044463,全新兆豐93購01  ,0,0,0,0,0,0,0,0,0,-9000,0,0,0,10000,19000,-9000,-9000
046068,國泰金凱基92購02,0,0,0,0,0,0,0,0,0,-9000,0,0,0,21000,30000,-9000,-9000
046209,全新元富92購01  ,0,0,0,0,0,0,0,0,0,-9000,0,0,0,0,9000,-9000,-9000
048732,台勝科麥證95購01,0,0,0,0,9000,-9000,0,0,0,-9000,0,0,0,0,9000,-9000,-9000
049748,智原永豐94購01  ,0,0,0,0,0,0,0,0,0,-9000,0,0,0,68000,77000,-9000,-9000
049515,同欣電凱基94購01,0,0,0,0,0,0,0,0,0,-9000,0,0,0,2000,11000,-9000,-9000
049576,元油2X元大94購06,0,0,0,0,0,0,0,0,0,-9000,0,0,0,1000,10000,-9000,-9000
048684,上海銀富邦93購02,0,0,0,0,0,0,0,0,0,-9000,0,0,0,11000,20000,-9000,-9000
048417,國巨統一94購01  ,0,0,0,0,0,0,0,0,0,-9000,0,0,0,2000,11000,-9000,-9000
046802,聯電元大93購01  ,0,0,0,0,0,0,0,0,0,-9000,0,0,0,12000,21000,-9000,-9000
046791,台郡統一96購01  ,0,0,0,0,0,0,0,0,0,-9000,0,0,0,63000,72000,-9000,-9000
047475,為升凱基93購04  ,0,0,0,0,0,0,0,0,0,-9000,0,0,0,1000,10000,-9000,-9000
047459,全新群益93購02  ,0,0,0,0,0,0,0,0,0,-9000,0,0,0,0,9000,-9000,-9000
047263,揚明光國票94購01,0,0,0,0,0,0,0,0,0,-9000,0,0,0,0,9000,-9000,-9000
047052,大毅國票93購01  ,0,0,0,0,0,0,0,0,0,-9000,0,0,0,21000,30000,-9000,-9000
047376,南電國票94購01  ,0,0,0,0,0,0,0,0,0,-9000,0,0,0,15000,24000,-9000,-9000
048829,欣興凱基94購02  ,0,0,0,0,0,0,0,0,0,-9000,0,0,0,27000,36000,-9000,-9000
049442,滬深2X統一99購01,0,0,0,0,0,0,0,0,0,-9000,0,0,0,2000,11000,-9000,-9000
047328,瀚宇博元大93購04,0,0,0,0,0,0,0,0,0,-9000,0,0,0,138000,147000,-9000,-9000
052628,樺漢中信96購01  ,0,0,0,0,0,0,0,0,0,-9000,0,0,0,0,9000,-9000,-9000
05230P,京元電群益95售01,0,0,0,0,0,0,0,0,0,-9000,0,0,0,0,9000,-9000,-9000
051522,玉晶光凱基95購05,0,0,0,0,0,0,0,0,0,-9000,0,0,0,21000,30000,-9000,-9000
050842,旺宏國票97購01  ,0,0,0,0,0,0,0,0,0,-9000,0,0,0,1000,10000,-9000,-9000
050593,台表科永豐94購03,0,0,0,0,0,0,0,0,0,-9000,0,0,0,2000,11000,-9000,-9000
050522,聯發科元大95購03,0,0,0,0,0,0,0,0,0,-9000,0,0,0,0,9000,-9000,-9000
050287,台達電凱基94購10,0,0,0,0,0,0,0,0,0,-9000,0,0,0,1000,10000,-9000,-9000
055601,茂林元大97購03  ,0,0,0,0,0,0,0,0,0,-9000,0,0,0,3000,12000,-9000,-9000
055583,國巨元大97購10  ,0,0,0,0,0,0,0,0,0,-9000,0,0,0,0,9000,-9000,-9000
05724P,致茂永豐96售01  ,0,0,0,0,0,0,0,0,0,-9000,0,0,0,73000,82000,-9000,-9000
055153,台光電元大98購02,0,0,0,0,0,0,0,0,0,-9000,0,0,0,61000,70000,-9000,-9000
05820P,臺股指凱基96售17,0,0,0,0,0,0,0,0,0,-9000,0,0,0,11000,20000,-9000,-9000
2010,春源            ,0,8000,-8000,0,0,0,0,0,0,-1000,0,1000,-1000,0,0,0,-9000
5515,建國            ,0,9000,-9000,0,0,0,0,0,0,0,0,0,0,0,0,0,-9000
4108,懷特            ,0,9000,-9000,0,0,0,0,0,0,0,0,0,0,0,0,0,-9000
4737,華廣            ,38000,47000,-9000,0,0,0,0,0,0,0,0,0,0,0,0,0,-9000
053653,京元電凱基96購02,0,0,0,0,0,0,0,0,0,-10000,0,0,0,0,10000,-10000,-10000
053651,台光電凱基98購01,0,0,0,0,0,0,0,0,0,-10000,0,0,0,57000,67000,-10000,-10000
053645,臺股指國票96購08,0,0,0,0,0,0,0,0,0,-10000,0,0,0,0,10000,-10000,-10000
05359P,嘉澤元大95售02  ,0,0,0,0,0,0,0,0,0,-10000,0,0,0,0,10000,-10000,-10000
053908,貿聯凱基98購01  ,0,0,0,0,0,0,0,0,0,-10000,0,0,0,0,10000,-10000,-10000
053783,聯發科元大96購17,0,0,0,0,0,0,0,0,0,-10000,0,0,0,5000,15000,-10000,-10000
05328P,臺股指凱基95售12,0,0,0,0,0,0,0,0,0,-10000,0,0,0,0,10000,-10000,-10000
05347P,滬深2X元富9B售02,0,0,0,0,0,0,0,0,0,-10000,0,0,0,0,10000,-10000,-10000
053227,晶技台新96購01  ,0,0,0,0,0,0,0,0,0,-10000,0,0,0,7000,17000,-10000,-10000
053053,京元電國票97購02,0,0,0,0,0,0,0,0,0,-10000,0,0,0,0,10000,-10000,-10000
052832,益航群益96購01  ,0,0,0,0,0,0,0,0,0,-10000,0,0,0,40000,50000,-10000,-10000
052844,台積電統一96購02,0,0,0,0,0,0,0,0,0,-10000,0,0,0,0,10000,-10000,-10000
052905,潤泰全國票97購01,0,0,0,0,0,0,0,0,0,-10000,0,0,0,0,10000,-10000,-10000
052959,聯電凱基97購01  ,0,0,0,0,0,0,0,0,0,-10000,0,0,0,0,10000,-10000,-10000
052685,技嘉元大96購01  ,0,0,0,0,0,0,0,0,0,-10000,0,0,0,20000,30000,-10000,-10000
05266P,華新科元大95售11,0,0,0,0,0,0,0,0,0,-10000,0,0,0,0,10000,-10000,-10000
052780,玉晶光國票96購04,0,0,0,0,0,0,0,0,0,-10000,0,0,0,0,10000,-10000,-10000
052760,盟立群益96購01  ,0,0,0,0,0,0,0,0,0,-10000,0,0,0,0,10000,-10000,-10000
054515,華通元大98購02  ,0,0,0,0,0,0,0,0,0,-10000,0,0,0,16000,26000,-10000,-10000
054435,華新科台新97購02,0,0,0,0,0,0,0,0,0,-10000,0,0,0,3000,13000,-10000,-10000
054433,南亞科台新96購02,0,0,0,0,0,0,0,0,0,-10000,0,0,0,0,10000,-10000,-10000
054313,麗豐凱基96購02  ,0,0,0,0,0,0,0,0,0,-10000,0,0,0,0,10000,-10000,-10000
054305,光磊凱基98購01  ,0,0,0,0,0,0,0,0,0,-10000,0,0,0,0,10000,-10000,-10000
054373,富邦金中信97購01,0,0,0,0,0,0,0,0,0,-10000,0,0,0,0,10000,-10000,-10000
053940,康友元富96購01  ,0,0,0,0,0,0,0,0,0,-10000,0,0,0,42000,52000,-10000,-10000
053993,旺宏群益98購02  ,0,0,0,0,0,0,0,0,0,-10000,0,0,0,22000,32000,-10000,-10000
054038,T50反1元大98購04,0,0,0,0,0,0,0,0,0,-10000,0,0,0,0,10000,-10000,-10000
054064,台郡國票97購04  ,0,0,0,0,0,0,0,0,0,-10000,0,0,0,102000,112000,-10000,-10000
054192,國巨中信98購01  ,0,0,0,0,0,0,0,0,0,-10000,0,0,0,91000,101000,-10000,-10000
054202,樺漢富邦97購01  ,0,0,0,0,0,0,0,0,0,-10000,0,0,0,0,10000,-10000,-10000
05420P,大立光國泰97售03,0,0,0,0,0,0,0,0,0,-10000,0,0,0,30000,40000,-10000,-10000
054816,聯發科元大97購12,0,0,0,0,0,0,0,0,0,-10000,0,0,0,18000,28000,-10000,-10000
054736,南亞科凱基98購01,0,0,0,0,0,0,0,0,0,-10000,0,0,0,0,10000,-10000,-10000
054666,強茂元富97購01  ,0,0,0,0,0,0,0,0,0,-10000,0,0,0,0,10000,-10000,-10000
054885,建準統一98購01  ,0,0,0,0,0,0,0,0,0,-10000,0,0,0,0,10000,-10000,-10000
05484P,台積電凱基95售18,0,0,0,0,0,0,0,0,0,-10000,0,0,0,0,10000,-10000,-10000
054842,台達電兆豐98購01,0,0,0,0,0,0,0,0,0,-10000,0,0,0,0,10000,-10000,-10000
054831,緯穎國泰98購01  ,0,0,0,0,0,0,0,0,0,-10000,0,0,0,24000,34000,-10000,-10000
054909,福懋科康和97購01,0,0,0,0,0,0,0,0,0,-10000,0,0,0,0,10000,-10000,-10000
054997,文曄元富97購01  ,0,0,0,0,0,0,0,0,0,-10000,0,0,0,0,10000,-10000,-10000
047269,同欣電康和93購01,0,0,0,0,0,0,0,0,0,-10000,0,0,0,0,10000,-10000,-10000
046367,康普永豐92購01  ,0,0,0,0,0,0,0,0,0,-10000,0,0,0,0,10000,-10000,-10000
046360,儒鴻永豐92購01  ,0,0,0,0,0,0,0,0,0,-10000,0,0,0,10000,20000,-10000,-10000
04633P,旺宏群益96售04  ,0,0,0,0,0,0,0,0,0,-10000,0,0,0,10000,20000,-10000,-10000
046290,儒鴻統一93購01  ,0,0,0,0,0,0,0,0,0,-10000,0,0,0,10000,20000,-10000,-10000
046306,瑞昱元大92購02  ,0,0,0,0,0,0,0,0,0,-10000,0,0,0,0,10000,-10000,-10000
046307,瑞昱元大92購03  ,0,0,0,0,0,0,0,0,0,-10000,0,0,0,0,10000,-10000,-10000
046308,廣達元大92購02  ,0,0,0,0,0,0,0,0,0,-10000,0,0,0,0,10000,-10000,-10000
046316,大立光元大92購20,0,0,0,0,0,0,0,0,0,-10000,0,0,0,0,10000,-10000,-10000
046229,大立光元大92購19,0,0,0,0,0,0,0,0,0,-10000,0,0,0,0,10000,-10000,-10000
046010,大立光元富92購03,0,0,0,0,0,0,0,0,0,-10000,0,0,0,2000,12000,-10000,-10000
046036,大立光元大92購15,0,0,0,0,0,0,0,0,0,-10000,0,0,0,0,10000,-10000,-10000
046037,大立光元大92購16,0,0,0,0,0,0,0,0,0,-10000,0,0,0,0,10000,-10000,-10000
045615,樺漢群益92購01  ,0,0,0,0,0,0,0,0,0,-10000,0,0,0,0,10000,-10000,-10000
045626,上銀凱基93購05  ,0,0,0,0,0,0,0,0,0,-10000,0,0,0,10000,20000,-10000,-10000
045636,京元電凱基92購03,0,0,0,0,0,0,0,0,0,-10000,0,0,0,30000,40000,-10000,-10000
04563P,可成凱基94售05  ,0,0,0,0,0,0,0,0,0,-10000,0,0,0,0,10000,-10000,-10000
049254,台積電元大96購02,0,0,0,0,0,0,0,0,0,-10000,0,0,0,0,10000,-10000,-10000
048911,玉晶光富邦96購01,0,0,0,0,0,0,0,0,0,-10000,0,0,0,0,10000,-10000,-10000
048896,凌陽國泰95購01  ,0,0,0,0,0,0,0,0,0,-10000,0,0,0,0,10000,-10000,-10000
049096,南茂凱基94購01  ,0,0,0,0,0,0,0,0,0,-10000,0,0,0,0,10000,-10000,-10000
049141,旺宏元大95購01  ,0,0,0,0,0,0,0,0,0,-10000,0,0,0,0,10000,-10000,-10000
044508,微星凱基92購02  ,0,0,0,0,0,0,0,0,0,-10000,0,0,0,0,10000,-10000,-10000
044501,滬深2X凱基92購02,0,0,0,0,0,0,0,0,0,-10000,0,0,0,40000,50000,-10000,-10000
044570,智邦凱基91購06  ,0,0,0,0,0,0,0,0,0,-10000,0,0,0,0,10000,-10000,-10000
044563,亞德客凱基92購01,0,0,0,0,0,0,0,0,0,-10000,0,0,0,0,10000,-10000,-10000
044517,新日興凱基91購01,0,0,0,0,0,0,0,0,0,-10000,0,0,0,0,10000,-10000,-10000
044713,南電元大91購04  ,0,0,0,0,0,0,0,0,0,-10000,0,0,0,0,10000,-10000,-10000
044704,新日興元大91購01,0,0,0,0,0,0,0,0,0,-10000,0,0,0,97000,107000,-10000,-10000
044623,奇力新元大92購01,0,0,0,0,0,0,0,0,0,-10000,0,0,0,0,10000,-10000,-10000
044608,奇力新富邦93購01,0,0,0,0,0,0,0,0,0,-10000,0,0,0,0,10000,-10000,-10000
045011,華新科元大92購08,0,0,0,0,0,0,0,0,0,-10000,0,0,0,10000,20000,-10000,-10000
045839,台郡群益92購01  ,0,0,0,0,0,0,0,0,0,-10000,0,0,0,8000,18000,-10000,-10000
045779,大立光元大93購11,0,0,0,0,0,0,0,0,0,-10000,0,0,0,0,10000,-10000,-10000
044397,微星凱基92購01  ,0,0,0,0,0,0,0,0,0,-10000,0,0,0,0,10000,-10000,-10000
04433P,上証2X國票95售01,0,0,0,0,0,0,0,0,0,-10000,0,0,0,0,10000,-10000,-10000
045036,TPK群益93購02   ,0,0,0,0,0,0,0,0,0,-10000,0,0,0,0,10000,-10000,-10000
045474,力成元大92購01  ,0,0,0,0,0,0,0,0,0,-10000,0,0,0,0,10000,-10000,-10000
045461,廣達元大92購01  ,0,0,0,0,0,0,0,0,0,-10000,0,0,0,0,10000,-10000,-10000
045492,鑽全凱基92購01  ,0,0,0,0,0,0,0,0,0,-10000,0,0,0,0,10000,-10000,-10000
045540,全新群益92購03  ,0,0,0,0,0,0,0,0,0,-10000,0,0,0,0,10000,-10000,-10000
04532P,臺股指凱基94售04,0,0,0,0,0,0,0,0,0,-10000,0,0,0,0,10000,-10000,-10000
04534P,臻鼎元富94售03  ,0,0,0,0,0,0,0,0,0,-10000,0,0,0,0,10000,-10000,-10000
045346,潤泰全凱基92購02,0,0,0,0,0,0,0,0,0,-10000,0,0,0,0,10000,-10000,-10000
045303,華新科元大92購10,0,0,0,0,0,0,0,0,0,-10000,0,0,0,10000,20000,-10000,-10000
045967,日電貿凱基92購01,0,0,0,0,0,0,0,0,0,-10000,0,0,0,20000,30000,-10000,-10000
045092,聯茂元大92購03  ,0,0,0,0,0,0,0,0,0,-10000,0,0,0,0,10000,-10000,-10000
045152,大立光凱基93購03,0,0,0,0,0,0,0,0,0,-10000,0,0,0,0,10000,-10000,-10000
045117,玉晶光日盛92購01,0,0,0,0,0,0,0,0,0,-10000,0,0,0,0,10000,-10000,-10000
044286,智邦凱基91購04  ,0,0,0,0,0,0,0,0,0,-10000,0,0,0,0,10000,-10000,-10000
044774,嘉澤元大91購06  ,0,0,0,0,0,0,0,0,0,-10000,0,0,0,0,10000,-10000,-10000
044329,日月光元富91購01,0,0,0,0,0,0,0,0,0,-10000,0,0,0,0,10000,-10000,-10000
044337,大立光統一91購10,0,0,0,0,0,0,0,0,0,-10000,0,0,0,0,10000,-10000,-10000
03593P,京元電元富05售02,0,0,0,0,0,0,0,0,0,-10000,0,0,0,0,10000,-10000,-10000
03481P,欣興群益02售08  ,0,0,0,0,0,0,0,0,0,-10000,0,0,0,0,10000,-10000,-10000
03492P,創意元大02售03  ,0,0,0,0,0,0,0,0,0,-10000,0,0,0,0,10000,-10000,-10000
03026P,國巨元大01售13  ,0,0,0,0,0,0,0,0,0,-10000,0,0,0,0,10000,-10000,-10000
03033P,微星國票03售01  ,0,0,0,0,0,0,0,0,0,-10000,0,0,0,0,10000,-10000,-10000
03793P,超眾永豐93售01  ,0,0,0,0,0,0,0,0,0,-10000,0,0,0,0,10000,-10000,-10000
042294,大立光元大91購05,0,0,0,0,0,0,0,0,0,-10000,0,0,0,0,10000,-10000,-10000
04377P,大立光元大94售04,0,0,0,0,0,0,0,0,0,-10000,0,0,0,0,10000,-10000,-10000
04382P,美律國泰95售01  ,0,0,0,0,0,0,0,0,0,-10000,0,0,0,52000,62000,-10000,-10000
03995P,滬深2X國泰95售01,0,0,0,0,0,0,0,0,0,-10000,0,0,0,0,10000,-10000,-10000
03917P,鴻海凱基94售07  ,0,0,0,0,0,0,0,0,0,-10000,0,0,0,0,10000,-10000,-10000
03839P,華通統一93售02  ,0,0,0,0,0,0,0,0,0,-10000,0,0,0,0,10000,-10000,-10000
03110P,聯發科元大01售26,0,0,0,0,0,0,0,0,0,-10000,0,0,0,0,10000,-10000,-10000
03103P,聯發科元富01售02,0,0,0,0,0,0,0,0,0,-10000,0,0,0,0,10000,-10000,-10000
03148P,聯電群益03售04  ,0,0,0,0,0,0,0,0,0,-10000,0,0,0,0,10000,-10000,-10000
04009P,可成國票93售03  ,0,0,0,0,0,0,0,0,0,-10000,0,0,0,0,10000,-10000,-10000
04044P,鴻海元大93售18  ,0,0,0,0,0,0,0,0,0,-10000,0,0,0,0,10000,-10000,-10000
03364P,金像電元大02售05,0,0,0,0,0,0,0,0,0,-10000,0,0,0,0,10000,-10000,-10000
03241P,聯電統一02售03  ,0,0,0,0,0,0,0,0,0,-10000,0,0,0,0,10000,-10000,-10000
041909,大立光元大92購01,0,0,0,0,0,0,0,0,0,-10000,0,0,0,0,10000,-10000,-10000
044043,旺宏中信91購02  ,0,0,0,0,0,0,0,0,0,-10000,0,0,0,1000,11000,-10000,-10000
044064,大立光元大92購08,0,0,0,0,0,0,0,0,0,-10000,0,0,0,0,10000,-10000,-10000
04146P,可成凱基93售14  ,0,0,0,0,0,0,0,0,0,-10000,0,0,0,0,10000,-10000,-10000
04137P,元油反國票97售01,0,0,0,0,0,0,0,0,0,-10000,0,0,0,0,10000,-10000,-10000
04312P,聯茂統一93售02  ,0,0,0,0,0,0,0,0,0,-10000,0,0,0,0,10000,-10000,-10000
04165P,南亞科元富95售03,0,0,0,0,0,0,0,0,0,-10000,0,0,0,0,10000,-10000,-10000
043468,華新科元大92購03,0,0,0,0,0,0,0,0,0,-10000,0,0,0,10000,20000,-10000,-10000
042915,大立光元大93購01,0,0,0,0,0,0,0,0,0,-10000,0,0,0,0,10000,-10000,-10000
04290P,滬深2X富邦96售03,0,0,0,0,0,0,0,0,0,-10000,0,0,0,0,10000,-10000,-10000
042918,矽格元大94購01  ,0,0,0,0,0,0,0,0,0,-10000,0,0,0,9000,19000,-10000,-10000
044946,奇力新群益92購01,0,0,0,0,0,0,0,0,0,-10000,0,0,0,0,10000,-10000,-10000
044935,玉晶光元大93購03,0,0,0,0,0,0,0,0,0,-10000,0,0,0,0,10000,-10000,-10000
044943,旺宏群益93購03  ,0,0,0,0,0,0,0,0,0,-10000,0,0,0,18000,28000,-10000,-10000
044899,智邦凱基91購08  ,0,0,0,0,0,0,0,0,0,-10000,0,0,0,0,10000,-10000,-10000
044889,台泥凱基91購01  ,0,0,0,0,0,0,0,0,0,-10000,0,0,0,0,10000,-10000,-10000
04488P,聯發科凱基94售05,0,0,0,0,0,0,0,0,0,-10000,0,0,0,0,10000,-10000,-10000
045710,儒鴻凱基92購02  ,0,0,0,0,0,0,0,0,0,-10000,0,0,0,4000,14000,-10000,-10000
045700,道瓊指中信94購01,0,0,0,0,0,0,0,0,0,-10000,0,0,0,0,10000,-10000,-10000
045717,微星凱基92購03  ,0,0,0,0,0,0,0,0,0,-10000,0,0,0,0,10000,-10000,-10000
046120,大立光元大92購17,0,0,0,0,0,0,0,0,0,-10000,0,0,0,0,10000,-10000,-10000
046121,大立光元大92購18,0,0,0,0,0,0,0,0,0,-10000,0,0,0,0,10000,-10000,-10000
04417P,光罩國泰95售02  ,0,0,0,0,0,0,0,0,0,-10000,0,0,0,0,10000,-10000,-10000
044130,嘉澤凱基91購03  ,0,0,0,0,0,0,0,0,0,-10000,0,0,0,0,10000,-10000,-10000
044265,滬深2X中信95購05,0,0,0,0,0,0,0,0,0,-10000,0,0,0,10000,20000,-10000,-10000
044199,亞光國票91購01  ,0,0,0,0,0,0,0,0,0,-10000,0,0,0,0,10000,-10000,-10000
044801,微星凱基93購01  ,0,0,0,0,0,0,0,0,0,-10000,0,0,0,0,10000,-10000,-10000
044808,聯茂凱基91購02  ,0,0,0,0,0,0,0,0,0,-10000,0,0,0,0,10000,-10000,-10000
047316,大立光元大94購01,0,0,0,0,0,0,0,0,0,-10000,0,0,0,0,10000,-10000,-10000
048778,聯茂凱基94購04  ,0,0,0,0,0,0,0,0,0,-10000,0,0,0,0,10000,-10000,-10000
048820,台積電凱基94購06,0,0,0,0,0,0,0,0,0,-10000,0,0,0,100000,110000,-10000,-10000
048735,美利達麥證95購01,0,0,0,0,10000,-10000,0,0,0,-10000,0,0,0,0,10000,-10000,-10000
046536,聯發科群益92購08,0,0,0,0,0,0,0,0,0,-10000,0,0,0,0,10000,-10000,-10000
047277,晶技永豐93購01  ,0,0,0,0,0,0,0,0,0,-10000,0,0,0,0,10000,-10000,-10000
049359,台達電元大94購06,0,0,0,0,0,0,0,0,0,-10000,0,0,0,0,10000,-10000,-10000
048141,大成鋼統一93購02,0,0,0,0,0,0,0,0,0,-10000,0,0,0,0,10000,-10000,-10000
049371,可成元大94購04  ,0,0,0,0,0,0,0,0,0,-10000,0,0,0,72000,82000,-10000,-10000
049446,為升統一94購01  ,0,0,0,0,0,0,0,0,0,-10000,0,0,0,10000,20000,-10000,-10000
049409,滬深2X凱基96購04,0,0,0,0,0,0,0,0,0,-10000,0,0,0,0,10000,-10000,-10000
049394,T50反1群益94購01,0,0,0,0,0,0,0,0,0,-10000,0,0,0,0,10000,-10000,-10000
049416,美律凱基94購04  ,0,0,0,0,0,0,0,0,0,-10000,0,0,0,0,10000,-10000,-10000
047000,和大統一93購01  ,0,0,0,0,0,0,0,0,0,-10000,0,0,0,19000,29000,-10000,-10000
047001,大成鋼統一93購01,0,0,0,0,0,0,0,0,0,-10000,0,0,0,0,10000,-10000,-10000
046653,鴻海元大93購05  ,0,0,0,0,0,0,0,0,0,-10000,0,0,0,3000,13000,-10000,-10000
046659,瑞昱元大93購02  ,0,0,0,0,0,0,0,0,0,-10000,0,0,0,10000,20000,-10000,-10000
047385,華邦電元大94購02,0,0,0,0,0,0,0,0,0,-10000,0,0,0,6000,16000,-10000,-10000
047355,世紀鋼凱基94購01,0,0,0,0,0,0,0,0,0,-10000,0,0,0,0,10000,-10000,-10000
048095,大立光凱基93購32,0,0,0,0,0,0,0,0,0,-10000,0,0,0,1000,11000,-10000,-10000
048083,台達電凱基93購04,0,0,0,0,0,0,0,0,0,-10000,0,0,0,0,10000,-10000,-10000
047081,晶技康和93購01  ,0,0,0,0,0,0,0,0,0,-10000,0,0,0,0,10000,-10000,-10000
04709P,台積電元大94售15,0,0,0,0,0,0,0,0,0,-10000,0,0,0,0,10000,-10000,-10000
047133,旺宏凱基93購03  ,0,0,0,0,0,0,0,0,0,-10000,0,0,0,0,10000,-10000,-10000
046433,康友中信92購01  ,0,0,0,0,0,0,0,0,0,-10000,0,0,0,10000,20000,-10000,-10000
047191,同欣電元大93購02,0,0,0,0,0,0,0,0,0,-10000,0,0,0,38000,48000,-10000,-10000
047460,富邦金群益95購01,0,0,0,0,0,0,0,0,0,-10000,0,0,0,0,10000,-10000,-10000
047465,滬深2X國泰94購01,0,0,0,0,0,0,0,0,0,-10000,0,0,0,0,10000,-10000,-10000
048151,世紀鋼元富93購01,0,0,0,0,0,0,0,0,0,-10000,0,0,0,0,10000,-10000,-10000
048170,智原永豐93購02  ,0,0,0,0,0,0,0,0,0,-10000,0,0,0,5000,15000,-10000,-10000
048166,滬深2X永豐96購02,0,0,0,0,0,0,0,0,0,-10000,0,0,0,0,10000,-10000,-10000
047449,南茂元大93購04  ,0,0,0,0,0,0,0,0,0,-10000,0,0,0,0,10000,-10000,-10000
046982,瀚宇博兆豐94購02,0,0,0,0,0,0,0,0,0,-10000,0,0,0,171000,181000,-10000,-10000
047899,貿聯群益93購03  ,0,0,0,0,0,0,0,0,0,-10000,0,0,0,100000,110000,-10000,-10000
047865,健鼎康和93購01  ,0,0,0,0,0,0,0,0,0,-10000,0,0,0,0,10000,-10000,-10000
047851,智易元富93購02  ,0,0,0,0,0,0,0,0,0,-10000,0,0,0,0,10000,-10000,-10000
047748,漢唐元富93購02  ,0,0,0,0,0,0,0,0,0,-10000,0,0,0,0,10000,-10000,-10000
049324,臺股指凱基94購06,0,0,0,0,0,0,0,0,0,-10000,0,0,0,0,10000,-10000,-10000
046758,聯發科凱基93購05,0,0,0,0,0,0,0,0,0,-10000,0,0,0,17000,27000,-10000,-10000
04676P,彩晶統一94售03  ,0,0,0,0,0,0,0,0,0,-10000,0,0,0,0,10000,-10000,-10000
04932P,香港2X中信96售01,0,0,0,0,0,0,0,0,0,-10000,0,0,0,0,10000,-10000,-10000
048462,南電凱基93購06  ,0,0,0,0,0,0,0,0,0,-10000,0,0,0,0,10000,-10000,-10000
046831,大立光群益94購01,0,0,0,0,0,0,0,0,0,-10000,0,0,0,21000,31000,-10000,-10000
046818,奇力新凱基93購04,0,0,0,0,0,0,0,0,0,-10000,0,0,0,0,10000,-10000,-10000
047504,滬深2X國票9A購01,0,0,0,0,0,0,0,0,0,-10000,0,0,0,0,10000,-10000,-10000
047548,友達凱基99購03  ,0,0,0,0,0,0,0,0,0,-10000,0,0,0,0,10000,-10000,-10000
04753P,台積電統一94售11,0,0,0,0,0,0,0,0,0,-10000,0,0,0,0,10000,-10000,-10000
047530,智伸科元大93購04,0,0,0,0,0,0,0,0,0,-10000,0,0,0,0,10000,-10000,-10000
048437,義隆麥證93購01  ,0,0,0,0,10000,-10000,0,0,0,-10000,0,0,0,0,10000,-10000,-10000
048704,台表科國票95購01,0,0,0,0,0,0,0,0,0,-10000,0,0,0,0,10000,-10000,-10000
04792P,智邦元大94售06  ,0,0,0,0,0,0,0,0,0,-10000,0,0,0,0,10000,-10000,-10000
048233,南電凱基93購05  ,0,0,0,0,0,0,0,0,0,-10000,0,0,0,0,10000,-10000,-10000
048261,鴻海元富95購01  ,0,0,0,0,0,0,0,0,0,-10000,0,0,0,10000,20000,-10000,-10000
047716,晶技凱基93購03  ,0,0,0,0,0,0,0,0,0,-10000,0,0,0,0,10000,-10000,-10000
04770P,鴻海元大94售09  ,0,0,0,0,0,0,0,0,0,-10000,0,0,0,0,10000,-10000,-10000
047710,聯發科凱基93購21,0,0,0,0,0,0,0,0,0,-10000,0,0,0,4000,14000,-10000,-10000
047708,聯發科凱基93購17,0,0,0,0,0,0,0,0,0,-10000,0,0,0,30000,40000,-10000,-10000
048580,台達電富邦93購01,0,0,0,0,0,0,0,0,0,-10000,0,0,0,0,10000,-10000,-10000
048569,台虹元大93購03  ,0,0,0,0,0,0,0,0,0,-10000,0,0,0,0,10000,-10000,-10000
048521,華通統一93購05  ,0,0,0,0,0,0,0,0,0,-10000,0,0,0,0,10000,-10000,-10000
049551,電子類群益94購01,0,0,0,0,0,0,0,0,0,-10000,0,0,0,0,10000,-10000,-10000
049556,智易元富94購01  ,0,0,0,0,0,0,0,0,0,-10000,0,0,0,0,10000,-10000,-10000
046424,正文元大92購04  ,0,0,0,0,0,0,0,0,0,-10000,0,0,0,30000,40000,-10000,-10000
048869,光罩國票94購01  ,0,0,0,0,0,0,0,0,0,-10000,0,0,0,519000,529000,-10000,-10000
04684P,欣興元大94售07  ,0,0,0,0,0,0,0,0,0,-10000,0,0,0,0,10000,-10000,-10000
047630,元油反元大96購02,0,0,0,0,0,0,0,0,0,-10000,0,0,0,0,10000,-10000,-10000
048330,大立光永昌93購07,0,0,0,0,0,0,0,0,0,-10000,0,0,0,0,10000,-10000,-10000
04974P,聯發科凱基96售02,0,0,0,0,0,0,0,0,0,-10000,0,0,0,0,10000,-10000,-10000
049759,元黃金富邦9A購01,0,0,0,0,0,0,0,0,0,-10000,0,0,0,0,10000,-10000,-10000
049719,義隆凱基94購03  ,0,0,0,0,0,0,0,0,0,-10000,0,0,0,0,10000,-10000,-10000
049650,啟碁凱基94購03  ,0,0,0,0,0,0,0,0,0,-10000,0,0,0,0,10000,-10000,-10000
049974,聯發科日盛94購02,0,0,0,0,0,0,0,0,0,-10000,0,0,0,0,10000,-10000,-10000
049979,美律凱基94購07  ,0,0,0,0,0,0,0,0,0,-10000,0,0,0,0,10000,-10000,-10000
049828,華新科凱基94購06,0,0,0,0,0,0,0,0,0,-10000,0,0,0,16000,26000,-10000,-10000
049812,致伸元大94購03  ,0,0,0,0,0,0,0,0,0,-10000,0,0,0,80000,90000,-10000,-10000
049783,元油2X兆豐95購01,0,0,0,0,0,0,0,0,0,-10000,0,0,0,0,10000,-10000,-10000
050579,聯發科國票95購04,0,0,0,0,0,0,0,0,0,-10000,0,0,0,0,10000,-10000,-10000
050544,聯發科凱基95購02,0,0,0,0,0,0,0,0,0,-10000,0,0,0,26000,36000,-10000,-10000
050567,道瓊銀中信96購01,0,0,0,0,0,0,0,0,0,-10000,0,0,0,0,10000,-10000,-10000
050028,華新科元大94購03,0,0,0,0,0,0,0,0,0,-10000,0,0,0,30000,40000,-10000,-10000
049996,元油2X永豐94購05,0,0,0,0,0,0,0,0,0,-10000,0,0,0,0,10000,-10000,-10000
050093,國巨永豐94購05  ,0,0,0,0,0,0,0,0,0,-10000,0,0,0,50000,60000,-10000,-10000
050228,中磊中信96購01  ,0,0,0,0,0,0,0,0,0,-10000,0,0,0,0,10000,-10000,-10000
050239,廣達凱基94購01  ,0,0,0,0,0,0,0,0,0,-10000,0,0,0,7000,17000,-10000,-10000
05023P,和碩凱基95售01  ,0,0,0,0,0,0,0,0,0,-10000,0,0,0,0,10000,-10000,-10000
05018P,臺股指元大95售09,0,0,0,0,0,0,0,0,0,-10000,0,0,0,0,10000,-10000,-10000
050174,技嘉元大94購01  ,0,0,0,0,0,0,0,0,0,-10000,0,0,0,0,10000,-10000,-10000
05017P,臺股指元大95售08,0,0,0,0,0,0,0,0,0,-10000,0,0,0,0,10000,-10000,-10000
05011P,南電國泰96售01  ,0,0,0,0,0,0,0,0,0,-10000,0,0,0,0,10000,-10000,-10000
050137,臺指反國票96購01,0,0,0,0,0,0,0,0,0,-10000,0,0,0,0,10000,-10000,-10000
05012P,台積電元大95售07,0,0,0,0,0,0,0,0,0,-10000,0,0,0,0,10000,-10000,-10000
050828,康控凱基95購01  ,0,0,0,0,0,0,0,0,0,-10000,0,0,0,10000,20000,-10000,-10000
05081P,京鼎永豐95售01  ,0,0,0,0,0,0,0,0,0,-10000,0,0,0,0,10000,-10000,-10000
050818,華新科凱基95購02,0,0,0,0,0,0,0,0,0,-10000,0,0,0,0,10000,-10000,-10000
050811,國巨凱基95購02  ,0,0,0,0,0,0,0,0,0,-10000,0,0,0,10000,20000,-10000,-10000
050964,晶技永豐95購02  ,0,0,0,0,0,0,0,0,0,-10000,0,0,0,40000,50000,-10000,-10000
050667,國巨永豐94購06  ,0,0,0,0,0,0,0,0,0,-10000,0,0,0,0,10000,-10000,-10000
050790,昇陽半國泰96購02,0,0,0,0,0,0,0,0,0,-10000,0,0,0,0,10000,-10000,-10000
051083,A50正2元大98購01,0,0,0,0,0,0,0,0,0,-10000,0,0,0,0,10000,-10000,-10000
051150,宏達電凱基95購02,0,0,0,0,0,0,0,0,0,-10000,0,0,0,5000,15000,-10000,-10000
05112P,燿華統一95售01  ,0,0,0,0,0,0,0,0,0,-10000,0,0,0,0,10000,-10000,-10000
051137,聯詠永豐95購01  ,0,0,0,0,0,0,0,0,0,-10000,0,0,0,0,10000,-10000,-10000
051029,緯創元富95購01  ,0,0,0,0,0,0,0,0,0,-10000,0,0,0,0,10000,-10000,-10000
051237,鴻海元大97購01  ,0,0,0,0,0,0,0,0,0,-10000,0,0,0,88000,98000,-10000,-10000
051279,喬山兆豐96購01  ,0,0,0,0,0,0,0,0,0,-10000,0,0,0,0,10000,-10000,-10000
051313,緯創麥證95購02  ,0,0,0,10000,20000,-10000,0,0,0,-10000,0,0,0,10000,20000,-10000,-10000
051537,牧德國票96購01  ,0,0,0,0,0,0,0,0,0,-10000,0,0,0,0,10000,-10000,-10000
051626,可成麥證95購02  ,0,0,0,0,10000,-10000,0,0,0,-10000,0,0,0,0,10000,-10000,-10000
051620,可成凱基95購10  ,0,0,0,0,0,0,0,0,0,-10000,0,0,0,0,10000,-10000,-10000
051659,力山國泰97購01  ,0,0,0,0,0,0,0,0,0,-10000,0,0,0,0,10000,-10000,-10000
051472,台積電凱基95購09,0,0,0,0,0,0,0,0,0,-10000,0,0,0,8000,18000,-10000,-10000
051433,中磊元富95購01  ,0,0,0,0,0,0,0,0,0,-10000,0,0,0,12000,22000,-10000,-10000
051859,劍麟凱基96購01  ,0,0,0,0,0,0,0,0,0,-10000,0,0,0,0,10000,-10000,-10000
051849,旺宏中信98購01  ,0,0,0,0,0,0,0,0,0,-10000,0,0,0,35000,45000,-10000,-10000
051981,南茂凱基96購01  ,0,0,0,0,0,0,0,0,0,-10000,0,0,0,0,10000,-10000,-10000
051823,矽力元富95購02  ,0,0,0,0,0,0,0,0,0,-10000,0,0,0,378000,388000,-10000,-10000
051813,GIS凱基96購02   ,0,0,0,0,0,0,0,0,0,-10000,0,0,0,0,10000,-10000,-10000
052349,鴻海統一95購15  ,0,0,0,0,0,0,0,0,0,-10000,0,0,0,0,10000,-10000,-10000
052228,聯發科凱基96購06,0,0,0,0,0,0,0,0,0,-10000,0,0,0,12000,22000,-10000,-10000
05221P,玉晶光元大95售04,0,0,0,0,0,0,0,0,0,-10000,0,0,0,50000,60000,-10000,-10000
052067,中磊兆豐96購01  ,0,0,0,0,0,0,0,0,0,-10000,0,0,0,0,10000,-10000,-10000
05217P,鴻海統一95售08  ,0,0,0,0,0,0,0,0,0,-10000,0,0,0,11000,21000,-10000,-10000
05213P,台積電國票96售05,0,0,0,0,0,0,0,0,0,-10000,0,0,0,0,10000,-10000,-10000
052624,微星亞東97購01  ,0,0,0,0,0,0,0,0,0,-10000,0,0,0,0,10000,-10000,-10000
052476,台光電群益98購01,0,0,0,0,0,0,0,0,0,-10000,0,0,0,92000,102000,-10000,-10000
052373,鴻海元大95購22  ,0,0,0,0,0,0,0,0,0,-10000,0,0,0,30000,40000,-10000,-10000
052393,康友群益95購05  ,0,0,0,0,0,0,0,0,0,-10000,0,0,0,60000,70000,-10000,-10000
4141,龍燈-KY         ,0,10000,-10000,0,0,0,0,0,0,0,0,0,0,0,0,0,-10000
3504,揚明光          ,62000,73000,-11000,0,0,0,0,0,0,1000,0,0,0,4000,3000,1000,-10000
3149,正達            ,9000,19000,-10000,0,0,0,0,0,0,0,0,0,0,0,0,0,-10000
5706,鳳凰            ,3000,13000,-10000,0,0,0,0,0,0,0,0,0,0,0,0,0,-10000
2488,漢平            ,1000,11000,-10000,0,0,0,0,0,0,0,0,0,0,0,0,0,-10000
2905,三商            ,46000,56000,-10000,0,0,0,0,0,0,0,0,0,0,0,0,0,-10000
3027,盛達            ,0,10000,-10000,0,0,0,0,0,0,0,0,0,0,0,0,0,-10000
1436,華友聯          ,3000,13000,-10000,0,0,0,0,0,0,0,0,0,0,0,0,0,-10000
08897P,國巨群益01售10  ,0,0,0,0,0,0,0,0,0,-10000,0,0,0,0,10000,-10000,-10000
1304,台聚            ,137000,147000,-10000,0,0,0,0,0,0,0,0,0,0,0,0,0,-10000
06126P,凌陽元富97售02  ,0,0,0,0,0,0,0,0,0,-10000,0,0,0,0,10000,-10000,-10000
06143P,鴻海永豐97售02  ,0,0,0,0,0,0,0,0,0,-10000,0,0,0,0,10000,-10000,-10000
06158P,玉晶光元富97售08,0,0,0,0,0,0,0,0,0,-10000,0,0,0,38000,48000,-10000,-10000
06171P,台積電統一97售06,0,0,0,0,0,0,0,0,0,-10000,0,0,0,146000,156000,-10000,-10000
06080P,景碩群益98售02  ,0,0,0,0,0,0,0,0,0,-10000,0,0,0,0,10000,-10000,-10000
06064P,台積電台新98售01,0,0,0,0,0,0,0,0,0,-10000,0,0,0,0,10000,-10000,-10000
05988P,光磊元富96售02  ,0,0,0,0,0,0,0,0,0,-10000,0,0,0,0,10000,-10000,-10000
05970P,超眾永豐96售03  ,0,0,0,0,0,0,0,0,0,-10000,0,0,0,0,10000,-10000,-10000
05948P,茂林元大96售03  ,0,0,0,0,0,0,0,0,0,-10000,0,0,0,50000,60000,-10000,-10000
055136,聯發科富邦99購06,0,0,0,0,0,0,0,0,0,-10000,0,0,0,0,10000,-10000,-10000
055108,智邦凱基98購01  ,0,0,0,0,0,0,0,0,0,-10000,0,0,0,0,10000,-10000,-10000
055119,力成凱基98購01  ,0,0,0,0,0,0,0,0,0,-10000,0,0,0,0,10000,-10000,-10000
055195,昇陽半元富97購02,0,0,0,0,0,0,0,0,0,-10000,0,0,0,30000,40000,-10000,-10000
055213,大成鋼凱基98購01,0,0,0,0,0,0,0,0,0,-10000,0,0,0,34000,44000,-10000,-10000
055228,聯發科國票98購03,0,0,0,0,0,0,0,0,0,-10000,0,0,0,44000,54000,-10000,-10000
055253,大立光統一97購06,0,0,0,0,0,0,0,0,0,-10000,0,0,0,28000,38000,-10000,-10000
055271,鴻海元大98購03  ,0,0,0,0,0,0,0,0,0,-10000,0,0,0,0,10000,-10000,-10000
055346,國巨凱基98購02  ,0,0,0,0,0,0,0,0,0,-10000,0,0,0,0,10000,-10000,-10000
055390,國巨統一98購03  ,0,0,0,0,0,0,0,0,0,-10000,0,0,0,0,10000,-10000,-10000
05721P,全新群益98售02  ,0,0,0,0,0,0,0,0,0,-10000,0,0,0,5000,15000,-10000,-10000
05701P,彩晶凱基96售01  ,0,0,0,0,0,0,0,0,0,-10000,0,0,0,0,10000,-10000,-10000
05691P,聯發科中信98售01,0,0,0,0,0,0,0,0,0,-10000,0,0,0,0,10000,-10000,-10000
05705P,上証2X永豐96售03,0,0,0,0,0,0,0,0,0,-10000,0,0,0,0,10000,-10000,-10000
05694P,台積電凱基96售09,0,0,0,0,0,0,0,0,0,-10000,0,0,0,0,10000,-10000,-10000
05653P,華邦電統一96售02,0,0,0,0,0,0,0,0,0,-10000,0,0,0,0,10000,-10000,-10000
05663P,創意元富96售04  ,0,0,0,0,0,0,0,0,0,-10000,0,0,0,0,10000,-10000,-10000
055622,群創國泰99購01  ,0,0,0,0,0,0,0,0,0,-10000,0,0,0,0,10000,-10000,-10000
055635,緯穎永豐97購01  ,0,0,0,0,0,0,0,0,0,-10000,0,0,0,0,10000,-10000,-10000
055636,元油反元富97購02,0,0,0,0,0,0,0,0,0,-10000,0,0,0,0,10000,-10000,-10000
055581,和大元大97購04  ,0,0,0,0,0,0,0,0,0,-10000,0,0,0,0,10000,-10000,-10000
055618,麗豐國票98購01  ,0,0,0,0,0,0,0,0,0,-10000,0,0,0,0,10000,-10000,-10000
055522,道瓊反群益01購01,0,0,0,0,0,0,0,0,0,-10000,0,0,0,0,10000,-10000,-10000
055488,華邦電元大98購01,0,0,0,0,0,0,0,0,0,-10000,0,0,0,50000,60000,-10000,-10000
055437,禾伸堂中信99購01,0,0,0,0,0,0,0,0,0,-10000,0,0,0,0,10000,-10000,-10000
055461,TPK永豐97購01   ,0,0,0,0,0,0,0,0,0,-10000,0,0,0,0,10000,-10000,-10000
055473,禾伸堂凱基97購01,0,0,0,0,0,0,0,0,0,-10000,0,0,0,7000,17000,-10000,-10000
055432,臻鼎群益97購02  ,0,0,0,0,0,0,0,0,0,-10000,0,0,0,0,10000,-10000,-10000
054905,國揚康和97購01  ,0,0,0,0,0,0,0,0,0,-11000,0,0,0,198000,209000,-11000,-11000
054603,智易台新98購01  ,0,0,0,0,0,0,0,0,0,-11000,0,0,0,0,11000,-11000,-11000
054133,奇力新元大97購04,0,0,0,0,0,0,0,0,0,-11000,0,0,0,143000,154000,-11000,-11000
053994,微星群益96購01  ,0,0,0,0,0,0,0,0,0,-11000,0,0,0,1000,12000,-11000,-11000
054304,台積電凱基96購23,0,0,0,0,0,0,0,0,0,-11000,0,0,0,0,11000,-11000,-11000
052987,華新科元大99購01,0,0,0,0,0,0,0,0,0,-11000,0,0,0,1000,12000,-11000,-11000
053150,聯發科元大96購11,0,0,0,0,0,0,0,0,0,-11000,0,0,0,38000,49000,-11000,-11000
053528,南電中信9A購01  ,0,0,0,0,0,0,0,0,0,-11000,0,0,0,120000,131000,-11000,-11000
053349,台郡國票97購02  ,0,0,0,0,0,0,0,0,0,-11000,0,0,0,0,11000,-11000,-11000
053749,揚明光永豐97購01,0,0,0,0,0,0,0,0,0,-11000,0,0,0,0,11000,-11000,-11000
04151P,日電貿康和93售01,0,0,0,0,0,0,0,0,0,-11000,0,0,0,4000,15000,-11000,-11000
03956P,欣興統一93售02  ,0,0,0,0,0,0,0,0,0,-11000,0,0,0,133000,144000,-11000,-11000
045894,智伸科元大92購01,0,0,0,0,0,0,0,0,0,-11000,0,0,0,0,11000,-11000,-11000
045433,康友永豐92購01  ,0,0,0,0,0,0,0,0,0,-11000,0,0,0,2000,13000,-11000,-11000
044576,禾伸堂凱基91購03,0,0,0,0,0,0,0,0,0,-11000,0,0,0,20000,31000,-11000,-11000
04889P,華通元大94售03  ,0,0,0,0,0,0,0,0,0,-11000,0,0,0,20000,31000,-11000,-11000
045220,漢唐元大94購01  ,0,0,0,0,0,0,0,0,0,-11000,0,0,0,9000,20000,-11000,-11000
045270,南電凱基92購03  ,0,0,0,0,0,0,0,0,0,-11000,0,0,0,19000,30000,-11000,-11000
046073,日月光凱基92購03,0,0,0,0,0,0,0,0,0,-11000,0,0,0,6000,17000,-11000,-11000
046186,南亞科凱基92購03,0,0,0,0,0,0,0,0,0,-11000,0,0,0,9000,20000,-11000,-11000
046357,聯發科台新92購01,0,0,0,0,0,0,0,0,0,-11000,0,0,0,0,11000,-11000,-11000
049835,緯穎凱基94購05  ,0,0,0,0,0,0,0,0,0,-11000,0,0,0,10000,21000,-11000,-11000
049952,強茂群益94購01  ,0,0,0,0,0,0,0,0,0,-11000,0,0,0,0,11000,-11000,-11000
047573,儒鴻群益93購04  ,0,0,0,0,0,0,0,0,0,-11000,0,0,0,11000,22000,-11000,-11000
048314,京元電凱基93購04,0,0,0,0,0,0,0,0,0,-11000,0,0,0,113000,124000,-11000,-11000
047663,亞德客永豐93購03,0,0,0,0,0,0,0,0,0,-11000,0,0,0,32000,43000,-11000,-11000
047930,嘉澤凱基93購03  ,0,0,0,0,0,0,0,0,0,-11000,0,0,0,8000,19000,-11000,-11000
048405,嘉晶群益93購03  ,0,0,0,0,0,0,0,0,0,-11000,0,0,0,50000,61000,-11000,-11000
048406,欣興群益93購09  ,0,0,0,0,0,0,0,0,0,-11000,0,0,0,33000,44000,-11000,-11000
048712,樺漢台新94購01  ,0,0,0,0,0,0,0,0,0,-11000,0,0,0,17000,28000,-11000,-11000
048849,光寶科群益94購01,0,0,0,0,0,0,0,0,0,-11000,0,0,0,0,11000,-11000,-11000
046826,統一群益94購01  ,0,0,0,0,0,0,0,0,0,-11000,0,0,0,0,11000,-11000,-11000
046753,台積電凱基93購04,0,0,0,0,0,0,0,0,0,-11000,0,0,0,10000,21000,-11000,-11000
047808,智邦凱基93購07  ,0,0,0,0,0,0,0,0,0,-11000,0,0,0,0,11000,-11000,-11000
048195,聯發科元大93購23,0,0,0,0,0,0,0,0,0,-11000,0,0,0,20000,31000,-11000,-11000
04807P,聯茂元富94售01  ,0,0,0,0,0,0,0,0,0,-11000,0,0,0,0,11000,-11000,-11000
048832,玉晶光凱基95購02,0,0,0,0,0,0,0,0,0,-11000,0,0,0,0,11000,-11000,-11000
046533,為升群益92購02  ,0,0,0,0,0,0,0,0,0,-11000,0,0,0,0,11000,-11000,-11000
046578,聯電元大92購01  ,0,0,0,0,0,0,0,0,0,-11000,0,0,0,0,11000,-11000,-11000
048790,大立光元大95購05,0,0,0,0,0,0,0,0,0,-11000,0,0,0,0,11000,-11000,-11000
052422,聯電國票96購03  ,0,0,0,0,0,0,0,0,0,-11000,0,0,0,0,11000,-11000,-11000
052606,聯發科元大97購04,0,0,0,0,0,0,0,0,0,-11000,0,0,0,334000,345000,-11000,-11000
052602,聯電元大97購01  ,0,0,0,0,0,0,0,0,0,-11000,0,0,0,148000,159000,-11000,-11000
051937,廣達群益95購01  ,0,0,0,0,0,0,0,0,0,-11000,0,0,0,0,11000,-11000,-11000
051846,S&P反1中信96購02,0,0,0,0,0,0,0,0,0,-11000,0,0,0,0,11000,-11000,-11000
051428,玉晶光統一96購01,0,0,0,0,0,0,0,0,0,-11000,0,0,0,0,11000,-11000,-11000
051486,玉晶光凱基97購03,0,0,0,0,0,0,0,0,0,-11000,0,0,0,18000,29000,-11000,-11000
051388,大立光麥證95購03,0,0,0,0,11000,-11000,0,0,0,-11000,0,0,0,0,11000,-11000,-11000
051206,大立光麥證95購02,0,0,0,1000,12000,-11000,0,0,0,-11000,0,0,0,2000,13000,-11000,-11000
051176,聯發科凱基95購07,0,0,0,0,0,0,0,0,0,-11000,0,0,0,0,11000,-11000,-11000
050653,聯鈞凱基96購01  ,0,0,0,0,0,0,0,0,0,-11000,0,0,0,116000,127000,-11000,-11000
050141,國巨統一94購07  ,0,0,0,0,0,0,0,0,0,-11000,0,0,0,24000,35000,-11000,-11000
049878,宏達電永豐94購01,0,0,0,0,0,0,0,0,0,-11000,0,0,0,45000,56000,-11000,-11000
050550,大立光凱基95購04,0,0,0,0,0,0,0,0,0,-11000,0,0,0,1000,12000,-11000,-11000
050516,華通元大95購05  ,0,0,0,0,0,0,0,0,0,-11000,0,0,0,254000,265000,-11000,-11000
050466,瑞儀中信94購01  ,0,0,0,0,0,0,0,0,0,-11000,0,0,0,9000,20000,-11000,-11000
05029P,鴻海元富95售04  ,0,0,0,0,0,0,0,0,0,-11000,0,0,0,2000,13000,-11000,-11000
055459,建準永豐97購03  ,0,0,0,0,0,0,0,0,0,-11000,0,0,0,0,11000,-11000,-11000
055471,聯發科凱基97購04,0,0,0,0,0,0,0,0,0,-11000,0,0,0,21000,32000,-11000,-11000
055576,嘉晶統一98購01  ,0,0,0,0,0,0,0,0,0,-11000,0,0,0,0,11000,-11000,-11000
055586,旺宏元大98購06  ,0,0,0,0,0,0,0,0,0,-11000,0,0,0,47000,58000,-11000,-11000
055365,華通元大97購03  ,0,0,0,0,0,0,0,0,0,-11000,0,0,0,53000,64000,-11000,-11000
055161,貿聯元大98購03  ,0,0,0,0,0,0,0,0,0,-11000,0,0,0,38000,49000,-11000,-11000
06102P,智邦凱基97售03  ,0,0,0,0,0,0,0,0,0,-11000,0,0,0,4000,15000,-11000,-11000
05806P,宏達電永豐96售03,0,0,0,0,0,0,0,0,0,-11000,0,0,0,12000,23000,-11000,-11000
05851P,力山群益97售01  ,0,0,0,0,0,0,0,0,0,-11000,0,0,0,31000,42000,-11000,-11000
1560,中砂            ,49000,60000,-11000,0,0,0,0,0,0,0,0,0,0,0,0,0,-11000
2612,中航            ,14000,25000,-11000,0,0,0,0,0,0,0,0,0,0,0,0,0,-11000
2727,王品            ,10000,21000,-11000,0,0,0,0,0,0,0,0,0,0,0,0,0,-11000
5305,敦南            ,31000,39000,-8000,0,0,0,0,0,0,-3000,0,0,0,0,3000,-3000,-11000
6477,安集            ,11000,22000,-11000,0,0,0,0,0,0,0,0,0,0,0,0,0,-11000
3060,銘異            ,1000,11000,-10000,0,0,0,0,0,0,-1000,0,1000,-1000,0,0,0,-11000
4916,事欣科          ,5000,16000,-11000,0,0,0,0,0,0,0,0,0,0,0,0,0,-11000
053753,啟碁永豐96購01  ,0,0,0,0,0,0,0,0,0,-12000,0,0,0,10000,22000,-12000,-12000
053745,康友國票97購01  ,0,0,0,0,0,0,0,0,0,-12000,0,0,0,10000,22000,-12000,-12000
053716,京元電凱基97購01,0,0,0,0,0,0,0,0,0,-12000,0,0,0,1000,13000,-12000,-12000
053828,貿聯麥證96購01  ,0,0,0,18000,20000,-2000,0,0,0,-12000,0,0,0,18000,30000,-12000,-12000
053379,南亞科元大96購01,0,0,0,0,0,0,0,0,0,-12000,0,0,0,18000,30000,-12000,-12000
053008,達方永豐96購01  ,0,0,0,0,0,0,0,0,0,-12000,0,0,0,38000,50000,-12000,-12000
052957,T50反1凱基99購01,0,0,0,0,0,0,0,0,0,-12000,0,0,0,0,12000,-12000,-12000
052814,上証2X永豐96購02,0,0,0,0,0,0,0,0,0,-12000,0,0,0,4000,16000,-12000,-12000
054274,智易中信96購02  ,0,0,0,0,0,0,0,0,0,-12000,0,0,0,0,12000,-12000,-12000
054509,上証反元大99購01,0,0,0,0,0,0,0,0,0,-12000,0,0,0,0,12000,-12000,-12000
054021,義隆台新96購01  ,0,0,0,0,0,0,0,0,0,-12000,0,0,0,0,12000,-12000,-12000
053956,旺宏永豐96購04  ,0,0,0,0,0,0,0,0,0,-12000,0,0,0,0,12000,-12000,-12000
054171,台郡凱基97購01  ,0,0,0,0,0,0,0,0,0,-12000,0,0,0,34000,46000,-12000,-12000
05451P,臺股指元大95售28,0,0,0,0,0,0,0,0,0,-12000,0,0,0,3000,15000,-12000,-12000
054524,華通元富96購03  ,0,0,0,0,0,0,0,0,0,-12000,0,0,0,12000,24000,-12000,-12000
046365,禾伸堂永豐92購02,0,0,0,0,0,0,0,0,0,-12000,0,0,0,0,12000,-12000,-12000
048995,宏全元大94購01  ,0,0,0,0,0,0,0,0,0,-12000,0,0,0,0,12000,-12000,-12000
049031,矽格群益94購01  ,0,0,0,0,0,0,0,0,0,-12000,0,0,0,3000,15000,-12000,-12000
044435,嘉澤元大91購03  ,0,0,0,0,0,0,0,0,0,-12000,0,0,0,0,12000,-12000,-12000
03199P,台積電統一01售16,0,0,0,0,0,0,0,0,0,-12000,0,0,0,95000,107000,-12000,-12000
00711B,FH彭博新興債    ,0,0,0,0,0,0,0,0,0,-12000,0,0,0,113000,125000,-12000,-12000
00715L,街口布蘭特油正2 ,0,0,0,0,0,0,0,0,0,-12000,0,0,0,0,12000,-12000,-12000
04575P,新日興統一94售02,0,0,0,0,0,0,0,0,0,-12000,0,0,0,52000,64000,-12000,-12000
046165,中磊兆豐93購01  ,0,0,0,0,0,0,0,0,0,-12000,0,0,0,0,12000,-12000,-12000
044942,國巨群益94購01  ,0,0,0,0,0,0,0,0,0,-12000,0,0,0,1000,13000,-12000,-12000
04802P,國巨凱基94售07  ,0,0,0,0,0,0,0,0,0,-12000,0,0,0,0,12000,-12000,-12000
049176,漢唐凱基94購02  ,0,0,0,0,0,0,0,0,0,-12000,0,0,0,18000,30000,-12000,-12000
046648,和鑫國泰94購01  ,0,0,0,0,0,0,0,0,0,-12000,0,0,0,190000,202000,-12000,-12000
048143,聯發科統一94購03,0,0,0,0,0,0,0,0,0,-12000,0,0,0,0,12000,-12000,-12000
048115,樺漢群益93購01  ,0,0,0,0,0,0,0,0,0,-12000,0,0,0,10000,22000,-12000,-12000
048153,台積電兆豐94購01,0,0,0,0,0,0,0,0,0,-12000,0,0,0,0,12000,-12000,-12000
047461,大立光群益93購09,0,0,0,0,0,0,0,0,0,-12000,0,0,0,4000,16000,-12000,-12000
047443,智原元大94購01  ,0,0,0,0,0,0,0,0,0,-12000,0,0,0,230000,242000,-12000,-12000
046771,聯發科國泰94購02,0,0,0,0,0,0,0,0,0,-12000,0,0,0,68000,80000,-12000,-12000
048390,國巨國票94購02  ,0,0,0,0,0,0,0,0,0,-12000,0,0,0,4000,16000,-12000,-12000
049679,臺股指國票94購12,0,0,0,0,0,0,0,0,0,-12000,0,0,0,0,12000,-12000,-12000
050425,國巨凱基94購12  ,0,0,0,0,0,0,0,0,0,-12000,0,0,0,88000,100000,-12000,-12000
05046P,台光電永豐95售02,0,0,0,0,0,0,0,0,0,-12000,0,0,0,0,12000,-12000,-12000
050110,京元電元大94購03,0,0,0,0,0,0,0,0,0,-12000,0,0,0,0,12000,-12000,-12000
050259,鴻海元大94購14  ,0,0,0,0,0,0,0,0,0,-12000,0,0,0,10000,22000,-12000,-12000
05121P,創意國泰96售01  ,0,0,0,0,0,0,0,0,0,-12000,0,0,0,95000,107000,-12000,-12000
051030,康友元富95購01  ,0,0,0,0,0,0,0,0,0,-12000,0,0,0,13000,25000,-12000,-12000
051420,康控國票95購05  ,0,0,0,0,0,0,0,0,0,-12000,0,0,0,17000,29000,-12000,-12000
052519,旺宏元大95購05  ,0,0,0,0,0,0,0,0,0,-12000,0,0,0,33000,45000,-12000,-12000
052397,燿華凱基96購02  ,0,0,0,0,0,0,0,0,0,-12000,0,0,0,0,12000,-12000,-12000
052447,聯發科元大96購04,0,0,0,0,0,0,0,0,0,-12000,0,0,0,23000,35000,-12000,-12000
3321,同泰            ,26000,8000,18000,0,0,0,0,0,0,-30000,0,30000,-30000,0,0,0,-12000
2850,新產            ,5000,17000,-12000,0,0,0,0,0,0,0,0,0,0,0,0,0,-12000
2816,旺旺保          ,5000,17000,-12000,0,0,0,0,0,0,0,0,0,0,0,0,0,-12000
2482,連宇            ,0,12000,-12000,0,0,0,0,0,0,0,0,0,0,0,0,0,-12000
8367,建新國際        ,3000,15000,-12000,0,0,0,0,0,0,0,0,0,0,0,0,0,-12000
1531,高林股          ,0,12000,-12000,0,0,0,0,0,0,0,0,0,0,0,0,0,-12000
1316,上曜            ,7000,19000,-12000,0,0,0,0,0,0,0,0,0,0,0,0,0,-12000
05946P,和碩中信96售01  ,0,0,0,0,0,0,0,0,0,-12000,0,0,0,0,12000,-12000,-12000
05830P,滬深2X元富99售03,0,0,0,0,0,0,0,0,0,-12000,0,0,0,0,12000,-12000,-12000
06108P,奇力新群益97售05,0,0,0,0,0,0,0,0,0,-12000,0,0,0,64000,76000,-12000,-12000
06083P,華通統一98售02  ,0,0,0,0,0,0,0,0,0,-12000,0,0,0,0,12000,-12000,-12000
055298,啟碁元大97購02  ,0,0,0,0,0,0,0,0,0,-12000,0,0,0,12000,24000,-12000,-12000
055458,燿華永豐98購01  ,0,0,0,0,0,0,0,0,0,-12000,0,0,0,10000,22000,-12000,-12000
05589P,大立光中信9A售01,0,0,0,0,0,0,0,0,0,-12000,0,0,0,13000,25000,-12000,-12000
05640P,旺宏元富96售03  ,0,0,0,0,0,0,0,0,0,-12000,0,0,0,0,12000,-12000,-12000
05720P,可成中信98售01  ,0,0,0,0,0,0,0,0,0,-12000,0,0,0,0,12000,-12000,-12000
054599,正崴台新97購01  ,0,0,0,0,0,0,0,0,0,-13000,0,0,0,38000,51000,-13000,-13000
055078,亞泥中信98購01  ,0,0,0,0,0,0,0,0,0,-13000,0,0,0,0,13000,-13000,-13000
054203,滬深2X國票96購03,0,0,0,0,0,0,0,0,0,-13000,0,0,0,2000,15000,-13000,-13000
052710,玉晶光日盛96購01,0,0,0,0,0,0,0,0,0,-13000,0,0,0,0,13000,-13000,-13000
053049,T50反1國票98購01,0,0,0,0,0,0,0,0,0,-13000,0,0,0,0,13000,-13000,-13000
053056,同欣電國票97購01,0,0,0,0,0,0,0,0,0,-13000,0,0,0,0,13000,-13000,-13000
053124,聯發科凱基96購12,0,0,0,0,0,0,0,0,0,-13000,0,0,0,156000,169000,-13000,-13000
03334P,宏達電元大02售04,0,0,0,0,0,0,0,0,0,-13000,0,0,0,5000,18000,-13000,-13000
046287,禾伸堂兆豐92購01,0,0,0,0,0,0,0,0,0,-13000,0,0,0,0,13000,-13000,-13000
049985,華擎凱基94購01  ,0,0,0,0,0,0,0,0,0,-13000,0,0,0,0,13000,-13000,-13000
049569,光磊統一94購02  ,0,0,0,0,0,0,0,0,0,-13000,0,0,0,79000,92000,-13000,-13000
047641,可成元大93購09  ,0,0,0,0,0,0,0,0,0,-13000,0,0,0,12000,25000,-13000,-13000
047488,臺股指凱基93購04,0,0,0,0,0,0,0,0,0,-13000,0,0,0,0,13000,-13000,-13000
04870P,大立光元富94售11,0,0,0,0,0,0,0,0,0,-13000,0,0,0,299000,312000,-13000,-13000
047969,台達電富邦97購01,0,0,0,0,0,0,0,0,0,-13000,0,0,0,205000,218000,-13000,-13000
047912,台郡麥證94購01  ,0,0,0,52000,67000,-15000,0,0,0,-13000,0,0,0,54000,67000,-13000,-13000
047886,京元電富邦95購01,0,0,0,0,0,0,0,0,0,-13000,0,0,0,155000,168000,-13000,-13000
047147,嘉晶群益93購02  ,0,0,0,0,0,0,0,0,0,-13000,0,0,0,0,13000,-13000,-13000
048135,瀚宇博國票94購01,0,0,0,0,0,0,0,0,0,-13000,0,0,0,5000,18000,-13000,-13000
052384,臺股指元大95購30,0,0,0,0,0,0,0,0,0,-13000,0,0,0,4000,17000,-13000,-13000
052378,矽力元大96購01  ,0,0,0,0,0,0,0,0,0,-13000,0,0,0,87000,100000,-13000,-13000
052656,力山元富96購01  ,0,0,0,0,0,0,0,0,0,-13000,0,0,0,0,13000,-13000,-13000
052096,力成元大95購01  ,0,0,0,0,0,0,0,0,0,-13000,0,0,0,42000,55000,-13000,-13000
051560,玉晶光國泰97購03,0,0,0,0,0,0,0,0,0,-13000,0,0,0,0,13000,-13000,-13000
050199,南電元大94購09  ,0,0,0,0,0,0,0,0,0,-13000,0,0,0,281000,294000,-13000,-13000
050615,奇力新元大95購03,0,0,0,0,0,0,0,0,0,-13000,0,0,0,4000,17000,-13000,-13000
050429,漢唐凱基94購04  ,0,0,0,0,0,0,0,0,0,-13000,0,0,0,20000,33000,-13000,-13000
050333,鴻海國泰96購06  ,0,0,0,0,0,0,0,0,0,-13000,0,0,0,94000,107000,-13000,-13000
05667P,旺宏台新96售01  ,0,0,0,0,0,0,0,0,0,-13000,0,0,0,0,13000,-13000,-13000
055486,國巨元大98購06  ,0,0,0,0,0,0,0,0,0,-13000,0,0,0,20000,33000,-13000,-13000
055526,台積電群益97購02,0,0,0,0,0,0,0,0,0,-13000,0,0,0,0,13000,-13000,-13000
055324,TPK國票98購03   ,0,0,0,0,0,0,0,0,0,-13000,0,0,0,0,13000,-13000,-13000
055236,建準台新98購01  ,0,0,0,0,0,0,0,0,0,-13000,0,0,0,35000,48000,-13000,-13000
05977P,旺宏永豐96售06  ,0,0,0,0,0,0,0,0,0,-13000,0,0,0,0,13000,-13000,-13000
06028P,智邦台新97售01  ,0,0,0,0,0,0,0,0,0,-13000,0,0,0,50000,63000,-13000,-13000
05757P,旺宏永豐96售03  ,0,0,0,0,0,0,0,0,0,-13000,0,0,0,0,13000,-13000,-13000
05923P,旺宏元富96售05  ,0,0,0,0,0,0,0,0,0,-13000,0,0,0,0,13000,-13000,-13000
2015,豐興            ,46000,59000,-13000,0,0,0,0,0,0,0,0,0,0,0,0,0,-13000
2034,允強            ,25000,38000,-13000,0,0,0,0,0,0,0,0,0,0,0,0,0,-13000
2108,南帝            ,64000,77000,-13000,0,0,0,0,0,0,0,0,0,0,0,0,0,-13000
2106,建大            ,88000,152000,-64000,0,0,0,0,0,0,51000,52000,1000,51000,0,0,0,-13000
2314,台揚            ,40000,38000,2000,0,0,0,0,0,0,-15000,0,0,0,10000,25000,-15000,-13000
5388,中磊            ,123000,119000,4000,0,0,0,0,2000,-2000,-15000,5000,0,5000,11000,31000,-20000,-13000
053046,智易中信96購01  ,0,0,0,0,0,0,0,0,0,-14000,0,0,0,0,14000,-14000,-14000
053255,貿聯國泰97購01  ,0,0,0,0,0,0,0,0,0,-14000,0,0,0,154000,168000,-14000,-14000
052668,聯發科群益97購01,0,0,0,0,0,0,0,0,0,-14000,0,0,0,1000,15000,-14000,-14000
053355,超眾兆豐97購01  ,0,0,0,0,0,0,0,0,0,-14000,0,0,0,62000,76000,-14000,-14000
054199,大立光永昌96購07,0,0,0,0,0,0,0,0,0,-14000,0,0,0,0,14000,-14000,-14000
054084,旺宏統一97購05  ,0,0,0,0,0,0,0,0,0,-14000,0,0,0,56000,70000,-14000,-14000
054468,台郡凱基98購01  ,0,0,0,0,0,0,0,0,0,-14000,0,0,0,66000,80000,-14000,-14000
054412,智邦元大96購03  ,0,0,0,0,0,0,0,0,0,-14000,0,0,0,199000,213000,-14000,-14000
054371,台積電中信9C購01,0,0,0,0,0,0,0,0,0,-14000,0,0,0,32000,46000,-14000,-14000
05436P,台積電群益95售07,0,0,0,0,0,0,0,0,0,-14000,0,0,0,11000,25000,-14000,-14000
054366,和大中信98購01  ,0,0,0,0,0,0,0,0,0,-14000,0,0,0,68000,82000,-14000,-14000
055000,玉晶光元富97購04,0,0,0,0,0,0,0,0,0,-14000,0,0,0,0,14000,-14000,-14000
045208,力成國泰94購01  ,0,0,0,0,0,0,0,0,0,-14000,0,0,0,0,14000,-14000,-14000
048985,茂林元大94購01  ,0,0,0,0,0,0,0,0,0,-14000,0,0,0,7000,21000,-14000,-14000
045456,鴻海元大93購04  ,0,0,0,0,0,0,0,0,0,-14000,0,0,0,53000,67000,-14000,-14000
00736,國泰新興市場    ,0,1000,-1000,0,0,0,0,0,0,-13000,0,0,0,111000,124000,-13000,-14000
049398,微星群益94購02  ,0,0,0,0,0,0,0,0,0,-14000,0,0,0,25000,39000,-14000,-14000
049166,元油2X凱基97購02,0,0,0,0,0,0,0,0,0,-14000,0,0,0,26000,40000,-14000,-14000
04732P,聯茂群益94售01  ,0,0,0,0,0,0,0,0,0,-14000,0,0,0,10000,24000,-14000,-14000
048746,台達電元富94購01,0,0,0,0,0,0,0,0,0,-14000,0,0,0,10000,24000,-14000,-14000
047893,嘉聯益兆豐94購01,0,0,0,0,0,0,0,0,0,-14000,0,0,0,96000,110000,-14000,-14000
047798,臺股指群益93購09,0,0,0,0,0,0,0,0,0,-14000,0,0,0,30000,44000,-14000,-14000
047480,全新凱基93購01  ,0,0,0,0,0,0,0,0,0,-14000,0,0,0,0,14000,-14000,-14000
048591,台郡兆豐94購01  ,0,0,0,0,0,0,0,0,0,-14000,0,0,0,42000,56000,-14000,-14000
049586,正崴元大94購01  ,0,0,0,0,0,0,0,0,0,-14000,0,0,0,34000,48000,-14000,-14000
049873,華新科台新94購02,0,0,0,0,0,0,0,0,0,-14000,0,0,0,0,14000,-14000,-14000
050357,南電群益94購02  ,0,0,0,0,0,0,0,0,0,-14000,0,0,0,6000,20000,-14000,-14000
050545,奇力新凱基95購01,0,0,0,0,0,0,0,0,0,-14000,0,0,0,0,14000,-14000,-14000
050521,聯發科元大94購15,0,0,0,0,0,0,0,0,0,-14000,0,0,0,23000,37000,-14000,-14000
051054,正崴群益95購01  ,0,0,0,0,0,0,0,0,0,-14000,0,0,0,0,14000,-14000,-14000
051810,欣興凱基95購03  ,0,0,0,0,0,0,0,0,0,-14000,0,0,0,1000,15000,-14000,-14000
051707,欣興群益95購02  ,0,0,0,0,0,0,0,0,0,-14000,0,0,0,137000,151000,-14000,-14000
052054,台表科凱基96購01,0,0,0,0,0,0,0,0,0,-14000,0,0,0,70000,84000,-14000,-14000
052282,宏達電凱基95購05,0,0,0,0,0,0,0,0,0,-14000,0,0,0,0,14000,-14000,-14000
052650,台郡永豐96購01  ,0,0,0,0,0,0,0,0,0,-14000,0,0,0,0,14000,-14000,-14000
052577,台積電統一96購01,0,0,0,0,0,0,0,0,0,-14000,0,0,0,60000,74000,-14000,-14000
6541,泰福-KY         ,23000,36000,-13000,0,0,0,0,0,0,-1000,0,1000,-1000,0,0,0,-14000
3311,閎暉            ,0,14000,-14000,0,0,0,0,0,0,0,0,0,0,0,0,0,-14000
2425,承啟            ,180000,194000,-14000,0,0,0,0,0,0,0,0,0,0,0,0,0,-14000
911622,泰聚亨-DR       ,0,14000,-14000,0,0,0,0,0,0,0,0,0,0,0,0,0,-14000
1730,花仙子          ,8000,22000,-14000,0,0,0,0,0,0,0,0,0,0,0,0,0,-14000
1321,大洋            ,26000,40000,-14000,0,0,0,0,0,0,0,0,0,0,0,0,0,-14000
05853P,欣興群益96售05  ,0,0,0,0,0,0,0,0,0,-14000,0,0,0,0,14000,-14000,-14000
055487,國巨元大98購07  ,0,0,0,0,0,0,0,0,0,-14000,0,0,0,4000,18000,-14000,-14000
054860,台積電群益98購01,0,0,0,0,0,0,0,0,0,-15000,0,0,0,125000,140000,-15000,-15000
054541,康控國票98購01  ,0,0,0,0,0,0,0,0,0,-15000,0,0,0,5000,20000,-15000,-15000
053298,SP黃豆凱基99購01,0,0,0,0,0,0,0,0,0,-15000,0,0,0,0,15000,-15000,-15000
053314,A50正2群益9A購01,0,0,0,0,0,0,0,0,0,-15000,0,0,0,0,15000,-15000,-15000
053401,臺股指中信99購01,0,0,0,0,0,0,0,0,0,-15000,0,0,0,8000,23000,-15000,-15000
053805,奇鋐凱基98購02  ,0,0,0,0,0,0,0,0,0,-15000,0,0,0,0,15000,-15000,-15000
05371P,臺股指中信95售10,0,0,0,0,0,0,0,0,0,-15000,0,0,0,0,15000,-15000,-15000
053119,日月光中信97購01,0,0,0,0,0,0,0,0,0,-15000,0,0,0,0,15000,-15000,-15000
053065,大立光群益96購01,0,0,0,0,0,0,0,0,0,-15000,0,0,0,0,15000,-15000,-15000
04023P,臺股指元富99售02,0,0,0,0,0,0,0,0,0,-15000,0,0,0,50000,65000,-15000,-15000
043966,潤泰全國泰92購01,0,0,0,0,0,0,0,0,0,-15000,0,0,0,0,15000,-15000,-15000
03751P,旺宏富邦95售01  ,0,0,0,0,0,0,0,0,0,-15000,0,0,0,0,15000,-15000,-15000
045721,中信金凱基92購01,0,0,0,0,0,0,0,0,0,-15000,0,0,0,10000,25000,-15000,-15000
040987,上証2X凱基92購01,0,0,0,0,0,0,0,0,0,-15000,0,0,0,15000,30000,-15000,-15000
044025,台表科凱基93購02,0,0,0,0,0,0,0,0,0,-15000,0,0,0,6000,21000,-15000,-15000
043156,大立光統一94購01,0,0,0,0,0,0,0,0,0,-15000,0,0,0,34000,49000,-15000,-15000
044678,南亞科凱基91購13,0,0,0,0,0,0,0,0,0,-15000,0,0,0,9000,24000,-15000,-15000
044399,南亞科凱基91購10,0,0,0,0,0,0,0,0,0,-15000,0,0,0,7000,22000,-15000,-15000
048980,嘉澤元大94購02  ,0,0,0,0,0,0,0,0,0,-15000,0,0,0,121000,136000,-15000,-15000
049230,台達電富邦96購01,0,0,0,0,0,0,0,0,0,-15000,0,0,0,0,15000,-15000,-15000
045993,美律富邦93購01  ,0,0,0,0,0,0,0,0,0,-15000,0,0,0,5000,20000,-15000,-15000
045236,元油2X國票92購05,0,0,0,0,0,0,0,0,0,-15000,0,0,0,0,15000,-15000,-15000
04965P,日月光元大94售02,0,0,0,0,0,0,0,0,0,-15000,0,0,0,0,15000,-15000,-15000
049680,臺股指國票94購13,0,0,0,0,0,0,0,0,0,-15000,0,0,0,7000,22000,-15000,-15000
04959P,可成凱基94售14  ,0,0,0,0,0,0,0,0,0,-15000,0,0,0,0,15000,-15000,-15000
047618,義隆凱基94購02  ,0,0,0,0,0,0,0,0,0,-15000,0,0,0,0,15000,-15000,-15000
048303,A50凱基96購01   ,0,0,0,0,0,0,0,0,0,-15000,0,0,0,1000,16000,-15000,-15000
046813,聯電凱基96購01  ,0,0,0,0,0,0,0,0,0,-15000,0,0,0,40000,55000,-15000,-15000
046770,聯發科國泰94購01,0,0,0,0,0,0,0,0,0,-15000,0,0,0,45000,60000,-15000,-15000
048179,臻鼎富邦97購01  ,0,0,0,0,0,0,0,0,0,-15000,0,0,0,0,15000,-15000,-15000
046459,大立光凱基92購12,0,0,0,0,0,0,0,0,0,-15000,0,0,0,10000,25000,-15000,-15000
047063,漢唐凱基95購01  ,0,0,0,0,0,0,0,0,0,-15000,0,0,0,0,15000,-15000,-15000
048788,華新科元大95購02,0,0,0,0,0,0,0,0,0,-15000,0,0,0,25000,40000,-15000,-15000
048025,鴻海凱基93購30  ,0,0,0,0,0,0,0,0,0,-15000,0,0,0,1000,16000,-15000,-15000
046988,南亞科凱基93購02,0,0,0,0,0,0,0,0,0,-15000,0,0,0,5000,20000,-15000,-15000
049380,欣興元大94購04  ,0,0,0,0,0,0,0,0,0,-15000,0,0,0,178000,193000,-15000,-15000
051382,玉晶光群益98購02,0,0,0,0,0,0,0,0,0,-15000,0,0,0,0,15000,-15000,-15000
051218,聯發科元富9B購02,0,0,0,0,0,0,0,0,0,-15000,0,0,0,0,15000,-15000,-15000
050951,緯創群益96購01  ,0,0,0,0,0,0,0,0,0,-15000,0,0,0,0,15000,-15000,-15000
050490,上証2X國泰95購01,0,0,0,0,0,0,0,0,0,-15000,0,0,0,10000,25000,-15000,-15000
050594,康友永豐94購01  ,0,0,0,0,0,0,0,0,0,-15000,0,0,0,53000,68000,-15000,-15000
050411,聯發科永豐94購05,0,0,0,0,0,0,0,0,0,-15000,0,0,0,19000,34000,-15000,-15000
050354,瀚宇博群益94購02,0,0,0,0,0,0,0,0,0,-15000,0,0,0,18000,33000,-15000,-15000
050204,華新科群益94購05,0,0,0,0,0,0,0,0,0,-15000,0,0,0,60000,75000,-15000,-15000
050154,可成群益94購05  ,0,0,0,0,0,0,0,0,0,-15000,0,0,0,0,15000,-15000,-15000
050155,華新科群益95購01,0,0,0,0,0,0,0,0,0,-15000,0,0,0,79000,94000,-15000,-15000
049917,華新科元大94購02,0,0,0,0,0,0,0,0,0,-15000,0,0,0,30000,45000,-15000,-15000
055434,樺漢群益97購01  ,0,0,0,0,0,0,0,0,0,-15000,0,0,0,0,15000,-15000,-15000
055573,國巨統一97購06  ,0,0,0,0,0,0,0,0,0,-15000,0,0,0,0,15000,-15000,-15000
055602,康控元大97購03  ,0,0,0,0,0,0,0,0,0,-15000,0,0,0,0,15000,-15000,-15000
05599P,欣興台新96售01  ,0,0,0,0,0,0,0,0,0,-15000,0,0,0,0,15000,-15000,-15000
055399,超眾統一99購01  ,0,0,0,0,0,0,0,0,0,-15000,0,0,0,0,15000,-15000,-15000
1446,宏和            ,17000,32000,-15000,0,0,0,0,0,0,0,0,0,0,0,0,0,-15000
6197,佳必琪          ,13000,28000,-15000,0,0,0,0,0,0,0,0,0,0,0,0,0,-15000
053217,群創凱基99購02  ,0,0,0,0,0,0,0,0,0,-16000,0,0,0,87000,103000,-16000,-16000
053731,矽創凱基96購03  ,0,0,0,0,0,0,0,0,0,-16000,0,0,0,5000,21000,-16000,-16000
05381P,聯詠群益95售02  ,0,0,0,0,0,0,0,0,0,-16000,0,0,0,7000,23000,-16000,-16000
054429,中石化台新97購01,0,0,0,0,0,0,0,0,0,-16000,0,0,0,0,16000,-16000,-16000
049243,佳世達元富96購02,0,0,0,0,0,0,0,0,0,-16000,0,0,0,4000,20000,-16000,-16000
049142,智邦元大94購01  ,0,0,0,0,0,0,0,0,0,-16000,0,0,0,125000,141000,-16000,-16000
045052,聯發科元富92購01,0,0,0,0,0,0,0,0,0,-16000,0,0,0,35000,51000,-16000,-16000
045836,群創群益98購01  ,0,0,0,0,0,0,0,0,0,-16000,0,0,0,0,16000,-16000,-16000
044602,大立光國泰93購01,0,20000,-20000,0,0,0,0,0,0,4000,0,0,0,25000,21000,4000,-16000
04450P,京元電凱基94售01,0,0,0,0,0,0,0,0,0,-16000,0,0,0,0,16000,-16000,-16000
04554P,可成中信94售01  ,0,0,0,0,0,0,0,0,0,-16000,0,0,0,0,16000,-16000,-16000
042137,元油2X元大93購01,0,0,0,0,0,0,0,0,0,-16000,0,0,0,0,16000,-16000,-16000
04414P,牧德元富94售04  ,0,0,0,0,0,0,0,0,0,-16000,0,0,0,50000,66000,-16000,-16000
043647,台積電國票92購01,0,0,0,0,0,0,0,0,0,-16000,0,0,0,23000,39000,-16000,-16000
036628,統一台新99購01  ,0,0,0,0,0,0,0,0,0,-16000,0,0,0,0,16000,-16000,-16000
049430,國巨國票95購02  ,0,0,0,0,0,0,0,0,0,-16000,0,0,0,18000,34000,-16000,-16000
047293,全新元富93購03  ,0,0,0,0,0,0,0,0,0,-16000,0,0,0,0,16000,-16000,-16000
047780,友達中信96購01  ,0,0,0,0,0,0,0,0,0,-16000,0,0,0,64000,80000,-16000,-16000
047763,旺宏元大94購04  ,0,0,0,0,0,0,0,0,0,-16000,0,0,0,103000,119000,-16000,-16000
048223,微星凱基93購02  ,0,0,0,0,0,0,0,0,0,-16000,0,0,0,0,16000,-16000,-16000
047511,義隆國票93購02  ,0,0,0,0,0,0,0,0,0,-16000,0,0,0,0,16000,-16000,-16000
047687,元金2X富邦96購01,0,0,0,0,0,0,0,0,0,-16000,0,0,0,2000,18000,-16000,-16000
046888,鴻海群益93購05  ,0,0,0,0,0,0,0,0,0,-16000,0,0,0,29000,45000,-16000,-16000
049733,旺宏群益94購03  ,0,0,0,0,0,0,0,0,0,-16000,0,0,0,68000,84000,-16000,-16000
050085,國泰金元富94購01,0,0,0,0,0,0,0,0,0,-16000,0,0,0,121000,137000,-16000,-16000
050671,超眾永豐94購04  ,0,0,0,0,0,0,0,0,0,-16000,0,0,0,32000,48000,-16000,-16000
051190,可成兆豐95購03  ,0,0,0,0,0,0,0,0,0,-16000,0,0,0,10000,26000,-16000,-16000
051182,旺宏永豐95購01  ,0,0,0,0,0,0,0,0,0,-16000,0,0,0,32000,48000,-16000,-16000
052219,大立光日盛95購02,0,0,0,0,0,0,0,0,0,-16000,0,0,0,4000,20000,-16000,-16000
052181,南茂元大95購05  ,0,0,0,0,0,0,0,0,0,-16000,0,0,0,515000,531000,-16000,-16000
6226,光鼎            ,15000,31000,-16000,0,0,0,0,0,0,0,0,0,0,0,0,0,-16000
4552,力達-KY         ,18000,34000,-16000,0,0,0,0,0,0,0,0,0,0,0,0,0,-16000
9925,新保            ,18000,4000,14000,0,0,0,0,0,0,-30000,0,30000,-30000,0,0,0,-16000
06203P,奇力新中信98售02,0,0,0,0,0,0,0,0,0,-16000,0,0,0,0,16000,-16000,-16000
05755P,臺股指中信99售04,0,0,0,0,0,0,0,0,0,-16000,0,0,0,4000,20000,-16000,-16000
055316,上銀國票98購01  ,0,0,0,0,0,0,0,0,0,-16000,0,0,0,9000,25000,-16000,-16000
055284,全新元大99購01  ,0,0,0,0,0,0,0,0,0,-16000,0,0,0,0,16000,-16000,-16000
055593,華新科元大97購10,0,0,0,0,0,0,0,0,0,-16000,0,0,0,0,16000,-16000,-16000
055527,旺宏群益99購03  ,0,0,0,0,0,0,0,0,0,-16000,0,0,0,0,16000,-16000,-16000
055426,旺宏群益99購02  ,0,0,0,0,0,0,0,0,0,-16000,0,0,0,12000,28000,-16000,-16000
1434,福懋            ,346767,362000,-15233,0,0,0,0,0,0,-1000,0,1000,-1000,0,0,0,-16233
053919,可成國票97購02  ,0,0,0,0,0,0,0,0,0,-17000,0,0,0,6000,23000,-17000,-17000
054777,昇陽半國票98購01,0,0,0,0,0,0,0,0,0,-17000,0,0,0,0,17000,-17000,-17000
053527,創意中信97購01  ,0,0,0,0,0,0,0,0,0,-17000,0,0,0,3000,20000,-17000,-17000
053530,聯發科康和96購01,0,0,0,0,0,0,0,0,0,-17000,0,0,0,15000,32000,-17000,-17000
043513,台灣50元大96購05,0,0,0,0,0,0,0,0,0,-17000,0,0,0,2000,19000,-17000,-17000
00675L,富邦臺灣加權正2 ,0,0,0,0,0,0,0,0,0,-17000,0,0,0,33000,50000,-17000,-17000
04275P,南亞科凱基93售08,0,0,0,0,0,0,0,0,0,-17000,0,0,0,0,17000,-17000,-17000
046364,淘帝永豐92購01  ,0,0,0,0,0,0,0,0,0,-17000,0,0,0,0,17000,-17000,-17000
049754,豐祥永豐94購01  ,0,0,0,0,0,0,0,0,0,-17000,0,0,0,3000,20000,-17000,-17000
049749,創意永豐94購01  ,0,0,0,0,0,0,0,0,0,-17000,0,0,0,0,17000,-17000,-17000
048516,麗豐凱基93購02  ,0,0,0,0,0,0,0,0,0,-17000,0,0,0,5000,22000,-17000,-17000
049343,華新科統一94購03,0,0,0,0,0,0,0,0,0,-17000,0,0,0,30000,47000,-17000,-17000
046734,華通國票93購02  ,0,0,0,0,0,0,0,0,0,-17000,0,0,0,20000,37000,-17000,-17000
049156,緯穎元大96購01  ,0,0,0,0,0,0,0,0,0,-17000,0,0,0,13000,30000,-17000,-17000
04731P,臺股指中信96售03,0,0,0,0,0,0,0,0,0,-17000,0,0,0,3000,20000,-17000,-17000
052156,滬深2X永豐95購03,0,0,0,0,0,0,0,0,0,-17000,0,0,0,183000,200000,-17000,-17000
052204,台泥中信96購01  ,0,0,0,0,0,0,0,0,0,-17000,0,0,0,16000,33000,-17000,-17000
051484,玉晶光凱基97購01,0,0,0,0,0,0,0,0,0,-17000,0,0,0,15000,32000,-17000,-17000
051468,智邦日盛95購01  ,0,0,0,0,0,0,0,0,0,-17000,0,0,0,0,17000,-17000,-17000
051893,瀚宇博元富95購01,0,0,0,0,0,0,0,0,0,-17000,0,0,0,188000,205000,-17000,-17000
050993,聯發科元大95購05,0,0,0,0,0,0,0,0,0,-17000,0,0,0,10000,27000,-17000,-17000
050632,國巨群益94購07  ,0,0,0,0,0,0,0,0,0,-17000,0,0,0,73000,90000,-17000,-17000
050977,聯發科統一95購02,0,0,0,0,0,0,0,0,0,-17000,0,0,0,5000,22000,-17000,-17000
050090,鈺齊康和94購01  ,0,0,0,0,0,0,0,0,0,-17000,0,0,0,1000,18000,-17000,-17000
049902,大立光元富94購05,0,0,0,0,0,0,0,0,0,-17000,0,0,0,20000,37000,-17000,-17000
05025P,聯發科群益95售02,0,0,0,0,0,0,0,0,0,-17000,0,0,0,21000,38000,-17000,-17000
050226,華新科中信94購01,0,0,0,0,0,0,0,0,0,-17000,0,0,0,60000,77000,-17000,-17000
050426,國巨凱基94購14  ,0,0,0,0,0,0,0,0,0,-17000,0,0,0,32000,49000,-17000,-17000
1217,愛之味          ,21000,38000,-17000,0,0,0,0,0,0,0,0,0,0,0,0,0,-17000
1109,信大            ,87000,104000,-17000,0,0,0,0,0,0,0,0,0,0,0,0,0,-17000
055297,啟碁元大97購01  ,0,0,0,0,0,0,0,0,0,-17000,0,0,0,3000,20000,-17000,-17000
05524P,瀚宇博國票97售02,0,0,0,0,0,0,0,0,0,-17000,0,0,0,0,17000,-17000,-17000
8114,振樺電          ,1000,11000,-10000,0,0,0,0,7000,-7000,0,0,0,0,0,0,0,-17000
2207,和泰車          ,137873,152100,-14227,0,0,0,0,0,0,-3000,3000,7000,-4000,1000,0,1000,-17227
053810,台達電群益96購01,0,0,0,0,0,0,0,0,0,-18000,0,0,0,0,18000,-18000,-18000
053197,超眾元富96購02  ,0,0,0,0,0,0,0,0,0,-18000,0,0,0,80000,98000,-18000,-18000
053121,上証2X凱基9C購01,0,0,0,0,0,0,0,0,0,-18000,0,0,0,3000,21000,-18000,-18000
052966,光磊群益96購01  ,0,0,0,0,0,0,0,0,0,-18000,0,0,0,100000,118000,-18000,-18000
054592,美律永昌9A購01  ,0,0,0,0,0,0,0,0,0,-18000,0,0,0,51000,69000,-18000,-18000
054849,日月光兆豐97購01,0,0,0,0,0,0,0,0,0,-18000,0,0,0,0,18000,-18000,-18000
054404,新日興康和96購01,0,0,0,0,0,0,0,0,0,-18000,0,0,0,3000,21000,-18000,-18000
046202,台表科凱基93購04,0,0,0,0,0,0,0,0,0,-18000,0,0,0,31000,49000,-18000,-18000
04557P,茂林群益94售03  ,0,0,0,0,0,0,0,0,0,-18000,0,0,0,105000,123000,-18000,-18000
045511,同欣電凱基92購02,0,0,0,0,0,0,0,0,0,-18000,0,0,0,30000,48000,-18000,-18000
045055,聯發科元富98購03,0,0,0,0,0,0,0,0,0,-18000,0,0,0,0,18000,-18000,-18000
046108,A50正2元大95購02,0,0,0,0,0,0,0,0,0,-18000,0,0,0,14000,32000,-18000,-18000
00665L,富邦恒生國企正2 ,3000,0,3000,0,0,0,0,0,0,-21000,0,0,0,14000,35000,-21000,-18000
00650L,FH香港正2       ,0,43000,-43000,0,0,0,0,0,0,25000,0,0,0,372000,347000,25000,-18000
00645,富邦日本        ,0,0,0,0,0,0,0,0,0,-18000,0,0,0,63000,81000,-18000,-18000
043916,群創凱基93購01  ,0,0,0,0,0,0,0,0,0,-18000,0,0,0,229000,247000,-18000,-18000
046829,義隆群益93購01  ,0,0,0,0,0,0,0,0,0,-18000,0,0,0,25000,43000,-18000,-18000
049803,華新科元大95購07,0,0,0,0,0,0,0,0,0,-18000,0,0,0,48000,66000,-18000,-18000
047574,和大群益93購03  ,0,0,0,0,0,0,0,0,0,-18000,0,0,0,12000,30000,-18000,-18000
050313,大立光兆豐94購05,0,0,0,0,0,0,0,0,0,-18000,0,0,0,4000,22000,-18000,-18000
050583,瑞儀國票94購01  ,0,0,0,0,0,0,0,0,0,-18000,0,0,0,9000,27000,-18000,-18000
049903,大立光元富94購06,0,0,0,0,0,0,0,0,0,-18000,0,0,0,27000,45000,-18000,-18000
049886,華通永昌95購01  ,0,0,0,0,0,0,0,0,0,-18000,0,0,0,7000,25000,-18000,-18000
049916,台光電元大94購06,0,0,0,0,0,0,0,0,0,-18000,0,0,0,62000,80000,-18000,-18000
050909,華夏中信95購01  ,0,0,0,0,0,0,0,0,0,-18000,0,0,0,2000,20000,-18000,-18000
050740,旺宏永豐94購03  ,0,0,0,0,0,0,0,0,0,-18000,0,0,0,21000,39000,-18000,-18000
051557,昇陽半永豐96購01,0,0,0,0,0,0,0,0,0,-18000,0,0,0,0,18000,-18000,-18000
052191,超眾群益96購01  ,0,0,0,0,0,0,0,0,0,-18000,0,0,0,5000,23000,-18000,-18000
052333,嘉聯益兆豐96購01,0,0,0,0,0,0,0,0,0,-18000,0,0,0,2000,20000,-18000,-18000
052325,高股息中信99購01,0,0,0,0,0,0,0,0,0,-18000,0,0,0,12000,30000,-18000,-18000
05831P,臺股指元富96售03,0,0,0,0,0,0,0,0,0,-18000,0,0,0,0,18000,-18000,-18000
05850P,台積電兆豐96售06,0,0,0,0,0,0,0,0,0,-18000,0,0,0,141000,159000,-18000,-18000
055350,聯發科凱基97購02,0,0,0,0,0,0,0,0,0,-18000,0,0,0,9000,27000,-18000,-18000
05675P,美律群益97售01  ,0,0,0,0,0,0,0,0,0,-18000,0,0,0,17000,35000,-18000,-18000
05649P,矽創國票97售03  ,0,0,0,0,0,0,0,0,0,-18000,0,0,0,0,18000,-18000,-18000
8101,華冠            ,0,18000,-18000,0,0,0,0,0,0,0,0,0,0,0,0,0,-18000
4989,榮科            ,5000,23000,-18000,0,0,0,0,0,0,0,0,0,0,0,0,0,-18000
2467,志聖            ,19000,37000,-18000,0,0,0,0,0,0,0,0,0,0,0,0,0,-18000
054708,華通統一97購02  ,0,0,0,0,0,0,0,0,0,-19000,0,0,0,77000,96000,-19000,-19000
052732,新唐國泰97購01  ,0,0,0,0,0,0,0,0,0,-19000,0,0,0,0,19000,-19000,-19000
053157,日月光元大96購03,0,0,0,0,0,0,0,0,0,-19000,0,0,0,21000,40000,-19000,-19000
053126,健策凱基97購02  ,0,0,0,0,0,0,0,0,0,-19000,0,0,0,89000,108000,-19000,-19000
053665,臺股指凱基96購26,0,0,0,0,0,0,0,0,0,-19000,0,0,0,0,19000,-19000,-19000
053522,臺股指群益99購01,0,0,0,0,0,0,0,0,0,-19000,0,0,0,1000,20000,-19000,-19000
00851,台新全球AI      ,0,0,0,0,0,0,0,0,0,-19000,0,0,0,13000,32000,-19000,-19000
03824P,燿華元大94售01  ,0,0,0,0,0,0,0,0,0,-19000,0,0,0,1000,20000,-19000,-19000
045704,微星日盛92購01  ,0,0,0,0,0,0,0,0,0,-19000,0,0,0,10000,29000,-19000,-19000
044573,元大金凱基91購02,0,0,0,0,0,0,0,0,0,-19000,0,0,0,1000,20000,-19000,-19000
044759,新日興凱基93購01,0,0,0,0,0,0,0,0,0,-19000,0,0,0,1000,20000,-19000,-19000
045166,深100富邦92購01 ,0,0,0,0,0,0,0,0,0,-19000,0,0,0,1000,20000,-19000,-19000
045568,上証2X元大95購01,0,0,0,0,0,0,0,0,0,-19000,0,0,0,1000,20000,-19000,-19000
045202,力成凱基92購01  ,0,0,0,0,0,0,0,0,0,-19000,0,0,0,21000,40000,-19000,-19000
046341,A50正2國票93購01,0,0,0,0,0,0,0,0,0,-19000,0,0,0,0,19000,-19000,-19000
049109,嘉澤富邦95購01  ,0,0,0,0,0,0,0,0,0,-19000,0,0,0,0,19000,-19000,-19000
046844,旺宏永豐93購01  ,0,0,0,0,0,0,0,0,0,-19000,0,0,0,29000,48000,-19000,-19000
049527,國巨中信95購01  ,0,0,0,0,0,0,0,0,0,-19000,0,0,0,5000,24000,-19000,-19000
046375,友達凱基98購01  ,0,0,0,0,0,0,0,0,0,-19000,0,0,0,1000,20000,-19000,-19000
046391,上海銀統一94購01,0,0,0,0,0,0,0,0,0,-19000,0,0,0,1000,20000,-19000,-19000
047485,景碩凱基94購01  ,0,0,0,0,0,0,0,0,0,-19000,0,0,0,21000,40000,-19000,-19000
048414,滬深2X統一98購01,0,0,0,0,0,0,0,0,0,-19000,0,0,0,1000,20000,-19000,-19000
048527,鴻海國票94購02  ,0,0,0,0,0,0,0,0,0,-19000,0,0,0,0,19000,-19000,-19000
047928,禾伸堂凱基93購04,0,0,0,0,0,0,0,0,0,-19000,0,0,0,50000,69000,-19000,-19000
046557,亞泥凱基93購02  ,0,0,0,0,0,0,0,0,0,-19000,0,0,0,8000,27000,-19000,-19000
046992,智伸科凱基93購03,0,0,0,0,0,0,0,0,0,-19000,0,0,0,0,19000,-19000,-19000
047090,緯創元富93購01  ,0,0,0,0,0,0,0,0,0,-19000,0,0,0,31000,50000,-19000,-19000
05211P,國巨國票96售05  ,0,0,0,0,0,0,0,0,0,-19000,0,0,0,0,19000,-19000,-19000
051516,全新凱基96購02  ,0,0,0,0,0,0,0,0,0,-19000,0,0,0,0,19000,-19000,-19000
051912,健鼎元大96購01  ,0,0,0,0,0,0,0,0,0,-19000,0,0,0,49000,68000,-19000,-19000
051977,泰碩凱基95購01  ,0,0,0,0,0,0,0,0,0,-19000,0,0,0,10000,29000,-19000,-19000
050783,旺宏國泰96購02  ,0,0,0,0,0,0,0,0,0,-19000,0,0,0,48000,67000,-19000,-19000
050931,上証2X國票95購03,0,0,0,0,0,0,0,0,0,-19000,0,0,0,0,19000,-19000,-19000
051295,國巨元富95購04  ,0,0,0,0,0,0,0,0,0,-19000,0,0,0,322000,341000,-19000,-19000
2616,山隆            ,0,19000,-19000,0,0,0,0,0,0,0,0,0,0,0,0,0,-19000
3050,鈺德            ,0,19000,-19000,0,0,0,0,0,0,0,0,0,0,0,0,0,-19000
055314,華邦電中信99購01,0,0,0,0,0,0,0,0,0,-19000,0,0,0,9000,28000,-19000,-19000
05859P,台表科國票97售04,0,0,0,0,0,0,0,0,0,-19000,0,0,0,48000,67000,-19000,-19000
2012,春雨            ,0,19000,-19000,0,0,0,0,0,0,0,0,0,0,0,0,0,-19000
1437,勤益控          ,1000,20000,-19000,0,0,0,0,0,0,0,0,0,0,0,0,0,-19000
053450,同欣電凱基96購02,0,0,0,0,0,0,0,0,0,-20000,0,0,0,0,20000,-20000,-20000
053422,可成永豐96購01  ,0,0,0,0,0,0,0,0,0,-20000,0,0,0,78000,98000,-20000,-20000
05329P,臺股指凱基95售13,0,0,0,0,0,0,0,0,0,-20000,0,0,0,0,20000,-20000,-20000
05364P,臺股指富邦95售04,0,0,0,0,0,0,0,0,0,-20000,0,0,0,0,20000,-20000,-20000
053700,臺股指元大96購23,0,0,0,0,0,0,0,0,0,-20000,0,0,0,0,20000,-20000,-20000
053695,智易元大97購02  ,0,0,0,0,0,0,0,0,0,-20000,0,0,0,30000,50000,-20000,-20000
05376P,聯發科日盛95售04,0,0,0,0,0,0,0,0,0,-20000,0,0,0,0,20000,-20000,-20000
053857,宏達電富邦97購02,0,0,0,0,0,0,0,0,0,-20000,0,0,0,10000,30000,-20000,-20000
053277,大立光元大96購04,0,0,0,0,0,0,0,0,0,-20000,0,0,0,0,20000,-20000,-20000
05278P,台郡元富95售02  ,0,0,0,0,0,0,0,0,0,-20000,0,0,0,0,20000,-20000,-20000
052960,中環凱基96購01  ,0,0,0,0,0,0,0,0,0,-20000,0,0,0,0,20000,-20000,-20000
052956,聯發科日盛96購01,0,0,0,0,0,0,0,0,0,-20000,0,0,0,20000,40000,-20000,-20000
052868,緯創凱基96購03  ,0,0,0,0,0,0,0,0,0,-20000,0,0,0,0,20000,-20000,-20000
054756,世紀鋼凱基99購01,0,0,0,0,0,0,0,0,0,-20000,0,0,0,0,20000,-20000,-20000
054981,國巨元富97購02  ,0,0,0,0,0,0,0,0,0,-20000,0,0,0,26000,46000,-20000,-20000
055026,健和興國泰98購01,0,0,0,0,0,0,0,0,0,-20000,0,0,0,0,20000,-20000,-20000
05432P,國巨元富95售07  ,0,0,0,0,0,0,0,0,0,-20000,0,0,0,0,20000,-20000,-20000
054051,貿聯元大97購03  ,0,0,0,0,0,0,0,0,0,-20000,0,0,0,10000,30000,-20000,-20000
054080,微星中信98購01  ,0,0,0,0,0,0,0,0,0,-20000,0,0,0,12000,32000,-20000,-20000
054126,和大元大96購02  ,0,0,0,0,0,0,0,0,0,-20000,0,0,0,87000,107000,-20000,-20000
054233,聯發科群益96購04,0,0,0,0,0,0,0,0,0,-20000,0,0,0,34000,54000,-20000,-20000
049069,元油2X凱基95購04,0,0,0,0,0,0,0,0,0,-20000,0,0,0,0,20000,-20000,-20000
048969,兆赫元大94購01  ,0,0,0,0,0,0,0,0,0,-20000,0,0,0,0,20000,-20000,-20000
049014,台達電群益94購02,0,0,0,0,0,0,0,0,0,-20000,0,0,0,10000,30000,-20000,-20000
048939,華擎永豐94購01  ,0,0,0,0,0,0,0,0,0,-20000,0,0,0,0,20000,-20000,-20000
048919,堤維西永豐94購01,0,0,0,0,0,0,0,0,0,-20000,0,0,0,0,20000,-20000,-20000
046362,華通永豐92購02  ,0,0,0,0,0,0,0,0,0,-20000,0,0,0,12000,32000,-20000,-20000
046301,亞泥元大92購02  ,0,0,0,0,0,0,0,0,0,-20000,0,0,0,0,20000,-20000,-20000
046185,正崴凱基93購02  ,0,0,0,0,0,0,0,0,0,-20000,0,0,0,0,20000,-20000,-20000
045218,華邦電元大92購03,0,0,0,0,0,0,0,0,0,-20000,0,0,0,1000,21000,-20000,-20000
045646,瑞儀凱基93購05  ,0,0,0,0,0,0,0,0,0,-20000,0,0,0,0,20000,-20000,-20000
04559P,華通凱基94售03  ,0,0,0,0,0,0,0,0,0,-20000,0,0,0,0,20000,-20000,-20000
045632,正崴凱基93購01  ,0,0,0,0,0,0,0,0,0,-20000,0,0,0,2000,22000,-20000,-20000
045629,智邦凱基92購01  ,0,0,0,0,0,0,0,0,0,-20000,0,0,0,0,20000,-20000,-20000
04605P,台積電兆豐94售03,0,0,0,0,0,0,0,0,0,-20000,0,0,0,0,20000,-20000,-20000
045172,欣興兆豐94購01  ,0,0,0,0,0,0,0,0,0,-20000,0,0,0,0,20000,-20000,-20000
045895,智伸科元大92購02,0,0,0,0,0,0,0,0,0,-20000,0,0,0,10000,30000,-20000,-20000
045959,京元電凱基92購05,0,0,0,0,0,0,0,0,0,-20000,0,0,0,0,20000,-20000,-20000
045970,日月光凱基92購02,0,0,0,0,0,0,0,0,0,-20000,0,0,0,0,20000,-20000,-20000
045507,瀚宇博凱基92購01,0,0,0,0,0,0,0,0,0,-20000,0,0,0,0,20000,-20000,-20000
045520,嘉聯益元富92購01,0,0,0,0,0,0,0,0,0,-20000,0,0,0,0,20000,-20000,-20000
045473,聯茂元大92購05  ,0,0,0,0,0,0,0,0,0,-20000,0,0,0,0,20000,-20000,-20000
045378,智邦元大92購04  ,0,0,0,0,0,0,0,0,0,-20000,0,0,0,0,20000,-20000,-20000
044671,台積電兆豐93購01,0,0,0,0,0,0,0,0,0,-20000,0,0,0,0,20000,-20000,-20000
044497,嘉澤元大91購04  ,0,0,0,0,0,0,0,0,0,-20000,0,0,0,0,20000,-20000,-20000
045073,可成元大93購01  ,0,0,0,0,0,0,0,0,0,-20000,0,0,0,121000,141000,-20000,-20000
044386,滬深2X日盛91購01,0,0,0,0,0,0,0,0,0,-20000,0,0,0,0,20000,-20000,-20000
045797,健策中信93購01  ,0,0,0,0,0,0,0,0,0,-20000,0,0,0,11000,31000,-20000,-20000
046122,晶技元大92購01  ,0,0,0,0,0,0,0,0,0,-20000,0,0,0,0,20000,-20000,-20000
045768,大立光元富95購02,0,0,0,0,0,0,0,0,0,-20000,0,0,0,10000,30000,-20000,-20000
044933,華邦電元大91購03,0,0,0,0,0,0,0,0,0,-20000,0,0,0,0,20000,-20000,-20000
046126,致伸元大92購05  ,0,0,0,0,0,0,0,0,0,-20000,0,0,0,0,20000,-20000,-20000
04268P,南電元富93售03  ,0,0,0,0,0,0,0,0,0,-20000,0,0,0,0,20000,-20000,-20000
04295P,智邦元大93售10  ,0,0,0,0,0,0,0,0,0,-20000,0,0,0,0,20000,-20000,-20000
042977,京元電凱基92購01,0,0,0,0,0,0,0,0,0,-20000,0,0,0,0,20000,-20000,-20000
042979,奇力新凱基92購01,0,0,0,0,0,0,0,0,0,-20000,0,0,0,0,20000,-20000,-20000
043012,義隆元大92購01  ,0,0,0,0,0,0,0,0,0,-20000,0,0,0,0,20000,-20000,-20000
043272,羅麗芬國泰94購01,0,0,0,0,0,0,0,0,0,-20000,0,0,0,15000,35000,-20000,-20000
041870,A50正2凱基96購01,0,0,0,0,0,0,0,0,0,-20000,0,0,0,0,20000,-20000,-20000
04404P,玉晶光國票94售01,0,0,0,0,0,0,0,0,0,-20000,0,0,0,40000,60000,-20000,-20000
043980,旺宏元大92購05  ,0,0,0,0,0,0,0,0,0,-20000,0,0,0,0,20000,-20000,-20000
04053P,聯茂國泰94售01  ,0,0,0,0,0,0,0,0,0,-20000,0,0,0,10000,30000,-20000,-20000
03815P,嘉聯益凱基93售03,0,0,0,0,0,0,0,0,0,-20000,0,0,0,10000,30000,-20000,-20000
00757,統一FANG+       ,0,0,0,0,0,0,0,0,0,-20000,0,0,0,217000,237000,-20000,-20000
00743,國泰中國A150    ,0,0,0,0,0,0,0,0,0,-20000,0,0,0,2000,22000,-20000,-20000
00631L,元大台灣50正2   ,0,20000,-20000,0,0,0,0,0,0,0,0,0,0,163000,163000,0,-20000
03183P,鴻海元大01售28  ,0,0,0,0,0,0,0,0,0,-20000,0,0,0,0,20000,-20000,-20000
03832P,臺股指中信95售03,0,0,0,0,0,0,0,0,0,-20000,0,0,0,0,20000,-20000,-20000
03859P,聯詠元富93售04  ,0,0,0,0,0,0,0,0,0,-20000,0,0,0,0,20000,-20000,-20000
039212,台達電台新9A購01,0,0,0,0,0,0,0,0,0,-20000,0,0,0,0,20000,-20000,-20000
043912,華新科凱基93購01,0,0,0,0,0,0,0,0,0,-20000,0,0,0,10000,30000,-20000,-20000
042414,漢唐元大92購01  ,0,0,0,0,0,0,0,0,0,-20000,0,0,0,0,20000,-20000,-20000
04234P,華通群益94售02  ,0,0,0,0,0,0,0,0,0,-20000,0,0,0,0,20000,-20000,-20000
042227,元油2X永豐93購01,0,0,0,0,0,0,0,0,0,-20000,0,0,0,10000,30000,-20000,-20000
04264P,宏碁統一93售01  ,0,0,0,0,0,0,0,0,0,-20000,0,0,0,0,20000,-20000,-20000
042449,華新科凱基91購02,0,0,0,0,0,0,0,0,0,-20000,0,0,0,0,20000,-20000,-20000
043522,華新科元大92購04,0,0,0,0,0,0,0,0,0,-20000,0,0,0,0,20000,-20000,-20000
043591,智邦元大92購02  ,0,0,0,0,0,0,0,0,0,-20000,0,0,0,0,20000,-20000,-20000
047041,貿聯群益93購02  ,0,0,0,0,0,0,0,0,0,-20000,0,0,0,0,20000,-20000,-20000
046673,樺漢元大93購01  ,0,0,0,0,0,0,0,0,0,-20000,0,0,0,0,20000,-20000,-20000
047913,美利達麥證93購01,0,0,0,0,20000,-20000,0,0,0,-20000,0,0,0,0,20000,-20000,-20000
047829,旺宏元大93購06  ,0,0,0,0,0,0,0,0,0,-20000,0,0,0,0,20000,-20000,-20000
04741P,台積電統一94售10,0,0,0,0,0,0,0,0,0,-20000,0,0,0,0,20000,-20000,-20000
047036,台光電群益93購02,0,0,0,0,0,0,0,0,0,-20000,0,0,0,5000,25000,-20000,-20000
049393,世紀鋼第一94購01,0,0,0,0,0,0,0,0,0,-20000,0,0,0,0,20000,-20000,-20000
046640,揚明光永豐93購01,0,0,0,0,0,0,0,0,0,-20000,0,0,0,0,20000,-20000,-20000
046663,亞光元大93購02  ,0,0,0,0,0,0,0,0,0,-20000,0,0,0,9000,29000,-20000,-20000
047299,樺漢元富93購01  ,0,0,0,0,0,0,0,0,0,-20000,0,0,0,0,20000,-20000,-20000
048009,中壽富邦94購01  ,0,0,0,0,0,0,0,0,0,-20000,0,0,0,0,20000,-20000,-20000
048316,可成凱基93購15  ,0,0,0,0,0,0,0,0,0,-20000,0,0,0,88000,108000,-20000,-20000
048468,光磊永豐93購01  ,0,0,0,0,0,0,0,0,0,-20000,0,0,0,0,20000,-20000,-20000
048500,樺漢元大93購03  ,0,0,0,0,0,0,0,0,0,-20000,0,0,0,0,20000,-20000,-20000
047532,上海銀元大93購02,0,0,0,0,0,0,0,0,0,-20000,0,0,0,140000,160000,-20000,-20000
049313,晶技凱基94購01  ,0,0,0,0,0,0,0,0,0,-20000,0,0,0,0,20000,-20000,-20000
047482,新光金凱基99購03,0,0,0,0,0,0,0,0,0,-20000,0,0,0,0,20000,-20000,-20000
048454,合勤控凱基94購01,0,0,0,0,0,0,0,0,0,-20000,0,0,0,0,20000,-20000,-20000
046405,京元電元大92購07,0,0,0,0,0,0,0,0,0,-20000,0,0,0,0,20000,-20000,-20000
048372,美利達統一93購01,0,0,0,0,0,0,0,0,0,-20000,0,0,0,10000,30000,-20000,-20000
049520,TPK國票95購01   ,0,0,0,0,0,0,0,0,0,-20000,0,0,0,0,20000,-20000,-20000
049565,楠梓電統一94購01,0,0,0,0,0,0,0,0,0,-20000,0,0,0,0,20000,-20000,-20000
046903,友達凱基99購01  ,0,0,0,0,0,0,0,0,0,-20000,0,0,0,10000,30000,-20000,-20000
046891,南亞科群益93購01,0,0,0,0,0,0,0,0,0,-20000,0,0,0,50000,70000,-20000,-20000
047594,滬深2X元富93購02,0,0,0,0,0,0,0,0,0,-20000,0,0,0,0,20000,-20000,-20000
048328,滬深2X永昌94購01,0,0,0,0,0,0,0,0,0,-20000,0,0,0,0,20000,-20000,-20000
049790,滬深2X元大97購04,0,0,0,0,0,0,0,0,0,-20000,0,0,0,30000,50000,-20000,-20000
049731,A50正2群益94購02,0,0,0,0,0,0,0,0,0,-20000,0,0,0,0,20000,-20000,-20000
05126P,牧德群益95售01  ,0,0,0,0,0,0,0,0,0,-20000,0,0,0,0,20000,-20000,-20000
051011,國巨凱基95購03  ,0,0,0,0,0,0,0,0,0,-20000,0,0,0,2000,22000,-20000,-20000
051081,聯茂富邦96購01  ,0,0,0,0,0,0,0,0,0,-20000,0,0,0,60000,80000,-20000,-20000
05097P,聯發科日盛95售01,0,0,0,0,0,0,0,0,0,-20000,0,0,0,0,20000,-20000,-20000
050894,旺宏元大96購03  ,0,0,0,0,0,0,0,0,0,-20000,0,0,0,0,20000,-20000,-20000
050873,新唐永豐95購01  ,0,0,0,0,0,0,0,0,0,-20000,0,0,0,0,20000,-20000,-20000
050713,矽格麥證94購01  ,0,0,0,0,20000,-20000,0,0,0,-20000,0,0,0,0,20000,-20000,-20000
050647,聯發科凱基96購01,0,0,0,0,0,0,0,0,0,-20000,0,0,0,26000,46000,-20000,-20000
050057,國巨凱基94購05  ,0,0,0,0,0,0,0,0,0,-20000,0,0,0,31000,51000,-20000,-20000
05022P,智易凱基95售01  ,0,0,0,0,0,0,0,0,0,-20000,0,0,0,0,20000,-20000,-20000
050235,國巨凱基94購11  ,0,0,0,0,0,0,0,0,0,-20000,0,0,0,0,20000,-20000,-20000
050126,國巨凱基94購08  ,0,0,0,0,0,0,0,0,0,-20000,0,0,0,42000,62000,-20000,-20000
050128,旺宏凱基94購04  ,0,0,0,0,0,0,0,0,0,-20000,0,0,0,1000,21000,-20000,-20000
050540,台積電凱基94購38,0,0,0,0,0,0,0,0,0,-20000,0,0,0,0,20000,-20000,-20000
050565,矽格元富94購01  ,0,0,0,0,0,0,0,0,0,-20000,0,0,0,110000,130000,-20000,-20000
050479,上証2X國票95購02,0,0,0,0,0,0,0,0,0,-20000,0,0,0,0,20000,-20000,-20000
051970,元黃金凱基98購01,0,0,0,0,0,0,0,0,0,-20000,0,0,0,0,20000,-20000,-20000
051834,南電元大96購02  ,0,0,0,0,0,0,0,0,0,-20000,0,0,0,2000,22000,-20000,-20000
051589,健鼎元大95購02  ,0,0,0,0,0,0,0,0,0,-20000,0,0,0,0,20000,-20000,-20000
051590,玉晶光元大96購02,0,0,0,0,0,0,0,0,0,-20000,0,0,0,1000,21000,-20000,-20000
052311,台積電富邦95購09,0,0,0,0,0,0,0,0,0,-20000,0,0,0,0,20000,-20000,-20000
052579,亞泥元富96購01  ,0,0,0,0,0,0,0,0,0,-20000,0,0,0,3000,23000,-20000,-20000
06199P,聯發科元大97售17,0,0,0,0,0,0,0,0,0,-20000,0,0,0,140000,160000,-20000,-20000
05844P,旺宏元大96售07  ,0,0,0,0,0,0,0,0,0,-20000,0,0,0,0,20000,-20000,-20000
05846P,大立光元大96售07,0,0,0,0,0,0,0,0,0,-20000,0,0,0,0,20000,-20000,-20000
05768P,台積電凱基96售15,0,0,0,0,0,0,0,0,0,-20000,0,0,0,0,20000,-20000,-20000
06023P,超眾國票96售03  ,0,0,0,0,0,0,0,0,0,-20000,0,0,0,0,20000,-20000,-20000
06031P,新光金兆豐96售02,0,0,0,0,0,0,0,0,0,-20000,0,0,0,0,20000,-20000,-20000
05989P,健策元富96售01  ,0,0,0,0,0,0,0,0,0,-20000,0,0,0,40000,60000,-20000,-20000
05531P,臺股指群益96售04,0,0,0,0,0,0,0,0,0,-20000,0,0,0,0,20000,-20000,-20000
055278,旺宏元大98購05  ,0,0,0,0,0,0,0,0,0,-20000,0,0,0,334000,354000,-20000,-20000
055226,聯發科國票97購05,0,0,0,0,0,0,0,0,0,-20000,0,0,0,0,20000,-20000,-20000
055145,T50反1元大97購04,0,0,0,0,0,0,0,0,0,-20000,0,0,0,0,20000,-20000,-20000
055170,光磊統一97購01  ,0,0,0,0,0,0,0,0,0,-20000,0,0,0,0,20000,-20000,-20000
055638,上銀元富97購01  ,0,0,0,0,0,0,0,0,0,-20000,0,0,0,0,20000,-20000,-20000
2427,三商電          ,0,20000,-20000,0,0,0,0,0,0,0,0,0,0,0,0,0,-20000
8341,日友            ,19000,40000,-21000,0,0,0,0,0,0,1000,1000,0,1000,0,0,0,-20000
9927,泰銘            ,2000,22000,-20000,0,0,0,0,0,0,0,0,0,0,0,0,0,-20000
9188,精熙-DR         ,0,20000,-20000,0,0,0,0,0,0,0,0,0,0,0,0,0,-20000
054029,瀚宇博凱基96購02,0,0,0,0,0,0,0,0,0,-21000,0,0,0,19000,40000,-21000,-21000
054992,南亞科元富97購02,0,0,0,0,0,0,0,0,0,-21000,0,0,0,9000,30000,-21000,-21000
054894,GIS統一97購01   ,0,0,0,0,0,0,0,0,0,-21000,0,0,0,9000,30000,-21000,-21000
054796,康普群益98購01  ,0,0,0,0,0,0,0,0,0,-21000,0,0,0,0,21000,-21000,-21000
054596,聯發科麥證97購01,0,0,0,0,21000,-21000,0,0,0,-21000,0,0,0,0,21000,-21000,-21000
054617,超眾永豐97購01  ,0,0,0,0,0,0,0,0,0,-21000,0,0,0,44000,65000,-21000,-21000
052925,日電貿永豐96購01,0,0,0,0,0,0,0,0,0,-21000,0,0,0,0,21000,-21000,-21000
052762,欣興群益96購01  ,0,0,0,0,0,0,0,0,0,-21000,0,0,0,11000,32000,-21000,-21000
05313P,臺股指群益95售12,0,0,0,0,0,0,0,0,0,-21000,0,0,0,0,21000,-21000,-21000
053705,滬深2X凱基99購01,0,0,0,0,0,0,0,0,0,-21000,0,0,0,65000,86000,-21000,-21000
04528P,智原凱基94售01  ,0,0,0,0,0,0,0,0,0,-21000,0,0,0,22000,43000,-21000,-21000
045106,玉晶光群益95購01,0,0,0,0,0,0,0,0,0,-21000,0,0,0,10000,31000,-21000,-21000
045645,祥碩凱基93購03  ,0,0,0,0,0,0,0,0,0,-21000,0,0,0,17000,38000,-21000,-21000
046339,訊芯中信92購01  ,0,0,0,0,0,0,0,0,0,-21000,0,0,0,5000,26000,-21000,-21000
049729,日月光中信94購01,0,0,0,0,0,0,0,0,0,-21000,0,0,0,0,21000,-21000,-21000
049948,聯發科麥證94購01,0,0,0,10000,31000,-21000,0,0,0,-21000,0,0,0,10000,31000,-21000,-21000
049516,光罩國票94購02  ,0,0,0,0,0,0,0,0,0,-21000,0,0,0,39000,60000,-21000,-21000
046381,緯創凱基93購03  ,0,0,0,0,0,0,0,0,0,-21000,0,0,0,53000,74000,-21000,-21000
047706,燿華凱基95購01  ,0,0,0,0,0,0,0,0,0,-21000,0,0,0,54000,75000,-21000,-21000
049168,卜蜂凱基94購01  ,0,0,0,0,0,0,0,0,0,-21000,0,0,0,0,21000,-21000,-21000
047427,貿聯亞東93購01  ,0,0,0,0,0,0,0,0,0,-21000,0,0,0,0,21000,-21000,-21000
047824,臺股指凱基93購18,0,0,0,0,0,0,0,0,0,-21000,0,0,0,393000,414000,-21000,-21000
047117,禾伸堂元大93購02,0,0,0,0,0,0,0,0,0,-21000,0,0,0,20000,41000,-21000,-21000
051525,日月光凱基95購02,0,0,0,0,0,0,0,0,0,-21000,0,0,0,0,21000,-21000,-21000
05183P,台積電元富95售07,0,0,0,0,0,0,0,0,0,-21000,0,0,0,0,21000,-21000,-21000
050485,國巨統一96購01  ,0,0,0,0,0,0,0,0,0,-21000,0,0,0,32000,53000,-21000,-21000
050577,美律國票94購03  ,0,0,0,0,0,0,0,0,0,-21000,0,0,0,10000,31000,-21000,-21000
050400,臻鼎中信97購01  ,0,0,0,0,0,0,0,0,0,-21000,0,0,0,30000,51000,-21000,-21000
050387,鴻海統一94購08  ,0,0,0,0,0,0,0,0,0,-21000,0,0,0,58000,79000,-21000,-21000
050650,大立光凱基96購01,0,0,0,0,0,0,0,0,0,-21000,0,0,0,1000,22000,-21000,-21000
05080P,亞光永豐95售02  ,0,0,0,0,0,0,0,0,0,-21000,0,0,0,40000,61000,-21000,-21000
2702,華園            ,46000,67000,-21000,0,0,0,0,0,0,0,0,0,0,0,0,0,-21000
5906,台南-KY         ,2000,23000,-21000,0,0,0,0,0,0,0,0,0,0,0,0,0,-21000
05700P,臻鼎凱基96售02  ,0,0,0,0,0,0,0,0,0,-21000,0,0,0,0,21000,-21000,-21000
055476,台郡凱基97購02  ,0,0,0,0,0,0,0,0,0,-21000,0,0,0,0,21000,-21000,-21000
05991P,聯茂群益96售05  ,0,0,0,0,0,0,0,0,0,-21000,0,0,0,0,21000,-21000,-21000
053643,漢唐國票97購02  ,0,0,0,0,0,0,0,0,0,-22000,0,0,0,0,22000,-22000,-22000
052771,GIS群益96購01   ,0,0,0,0,0,0,0,0,0,-22000,0,0,0,32000,54000,-22000,-22000
052904,冠德國票97購01  ,0,0,0,0,0,0,0,0,0,-22000,0,0,0,0,22000,-22000,-22000
054720,禾伸堂永豐97購01,0,0,0,0,0,0,0,0,0,-22000,0,0,0,108000,130000,-22000,-22000
054870,新日興群益98購01,0,0,0,0,0,0,0,0,0,-22000,0,0,0,282000,304000,-22000,-22000
053992,中環群益96購01  ,0,0,0,0,0,0,0,0,0,-22000,0,0,0,0,22000,-22000,-22000
05400P,台積電永豐95售05,0,0,0,0,0,0,0,0,0,-22000,0,0,0,178000,200000,-22000,-22000
054244,華新元大96購01  ,0,0,0,0,0,0,0,0,0,-22000,0,0,0,13000,35000,-22000,-22000
054414,全新元大97購02  ,0,0,0,0,0,0,0,0,0,-22000,0,0,0,0,22000,-22000,-22000
054416,禾伸堂元大97購01,0,0,0,0,0,0,0,0,0,-22000,0,0,0,0,22000,-22000,-22000
046352,智邦群益92購02  ,0,0,0,0,0,0,0,0,0,-22000,0,0,0,0,22000,-22000,-22000
048902,昇陽半國泰96購01,0,0,0,0,0,0,0,0,0,-22000,0,0,0,30000,52000,-22000,-22000
040145,國巨凱基92購01  ,0,0,0,0,0,0,0,0,0,-22000,0,0,0,0,22000,-22000,-22000
00663L,國泰臺灣加權正2 ,0,0,0,0,0,0,0,0,0,-22000,45000,0,45000,6000,73000,-67000,-22000
04265P,滬深2X元富93售04,0,0,0,0,0,0,0,0,0,-22000,0,0,0,31000,53000,-22000,-22000
047207,晶技國泰94購01  ,0,0,0,0,0,0,0,0,0,-22000,0,0,0,158000,180000,-22000,-22000
047420,全新富邦97購01  ,0,0,0,0,0,0,0,0,0,-22000,0,0,0,0,22000,-22000,-22000
049179,高鐵凱基94購01  ,0,0,0,0,0,0,0,0,0,-22000,0,0,0,8000,30000,-22000,-22000
048836,牧德凱基94購03  ,0,0,0,0,0,0,0,0,0,-22000,0,0,0,65000,87000,-22000,-22000
047013,超眾元富96購01  ,0,0,0,0,0,0,0,0,0,-22000,0,0,0,5000,27000,-22000,-22000
047974,新光金兆豐93購01,0,0,0,0,0,0,0,0,0,-22000,0,0,0,10000,32000,-22000,-22000
047578,新光金群益93購01,0,0,0,0,0,0,0,0,0,-22000,0,0,0,0,22000,-22000,-22000
050792,可成富邦96購01  ,0,0,0,0,0,0,0,0,0,-22000,0,0,0,128000,150000,-22000,-22000
051239,國巨元大96購02  ,0,0,0,0,0,0,0,0,0,-22000,0,0,0,68000,90000,-22000,-22000
051750,華通富邦96購01  ,0,0,0,0,0,0,0,0,0,-22000,0,0,0,70000,92000,-22000,-22000
052441,亞泥元大95購01  ,0,0,0,0,0,0,0,0,0,-22000,0,0,0,36000,58000,-22000,-22000
05861P,瀚宇博永豐96售02,0,0,0,0,0,0,0,0,0,-22000,0,0,0,0,22000,-22000,-22000
06142P,台虹康和97售02  ,0,0,0,0,0,0,0,0,0,-22000,0,0,0,0,22000,-22000,-22000
2013,中鋼構          ,7000,29000,-22000,0,0,0,0,0,0,0,0,0,0,0,0,0,-22000
1626,艾美特-KY       ,3000,25000,-22000,0,0,0,0,0,0,0,0,0,0,0,0,0,-22000
1701,中化            ,10000,32000,-22000,0,0,0,0,0,0,0,0,0,0,0,0,0,-22000
05634P,玉晶光台新97售01,0,0,0,0,0,0,0,0,0,-22000,0,0,0,0,22000,-22000,-22000
5907,大洋-KY         ,3000,24000,-21000,0,0,0,0,0,0,-1000,0,1000,-1000,0,0,0,-22000
3041,揚智            ,282000,292000,-10000,0,0,0,0,0,0,-12000,0,12000,-12000,0,0,0,-22000
2897,王道銀行        ,10000,32000,-22000,0,0,0,0,0,0,0,0,0,0,0,0,0,-22000
6415,矽力-KY         ,575409,564500,10909,0,0,0,52000,70000,-18000,-15000,13000,8000,5000,5000,25000,-20000,-22091
054715,中橡康和97購01  ,0,0,0,0,0,0,0,0,0,-23000,0,0,0,45000,68000,-23000,-23000
05281P,南亞科元大95售03,0,0,0,0,0,0,0,0,0,-23000,0,0,0,1000,24000,-23000,-23000
052725,為升元富96購01  ,0,0,0,0,0,0,0,0,0,-23000,0,0,0,98000,121000,-23000,-23000
053914,國巨國票96購08  ,0,0,0,0,0,0,0,0,0,-23000,0,0,0,45000,68000,-23000,-23000
053350,台表科國票97購02,0,0,0,0,0,0,0,0,0,-23000,0,0,0,137000,160000,-23000,-23000
043023,康普元大94購01  ,0,0,0,0,0,0,0,0,0,-23000,0,0,0,1000,24000,-23000,-23000
04338P,亞光元大93售04  ,0,0,0,0,0,0,0,0,0,-23000,0,0,0,0,23000,-23000,-23000
042093,台灣50群益94購02,1000,403000,-402000,0,0,0,0,0,0,379000,0,0,0,443000,64000,379000,-23000
044875,玉晶光統一93購01,0,0,0,0,0,0,0,0,0,-23000,0,0,0,22000,45000,-23000,-23000
00638R,元大滬深300反1  ,42000,0,42000,0,0,0,0,0,0,-65000,0,0,0,117000,182000,-65000,-23000
045984,亞光麥證93購02  ,0,0,0,0,23000,-23000,0,0,0,-23000,0,0,0,0,23000,-23000,-23000
045612,麗豐群益92購01  ,0,0,0,0,0,0,0,0,0,-23000,0,0,0,17000,40000,-23000,-23000
044354,奇鋐元大93購02  ,0,0,0,0,0,0,0,0,0,-23000,0,0,0,0,23000,-23000,-23000
049714,國巨凱基94購02  ,0,0,0,0,0,0,0,0,0,-23000,0,0,0,12000,35000,-23000,-23000
04787P,台積電永昌96售04,0,0,0,0,0,0,0,0,0,-23000,0,0,0,0,23000,-23000,-23000
052607,大立光元大96購03,0,0,0,0,0,0,0,0,0,-23000,0,0,0,32000,55000,-23000,-23000
051556,台表科永豐96購01,0,0,0,0,0,0,0,0,0,-23000,0,0,0,33000,56000,-23000,-23000
050064,華新科凱基94購08,0,0,0,0,0,0,0,0,0,-23000,0,0,0,7000,30000,-23000,-23000
4532,瑞智            ,17000,40000,-23000,0,0,0,0,0,0,0,0,0,0,0,0,0,-23000
9902,台火            ,13000,36000,-23000,0,0,0,0,0,0,0,0,0,0,0,0,0,-23000
8462,柏文            ,15000,51000,-36000,0,0,0,15000,0,15000,-2000,0,0,0,0,2000,-2000,-23000
055106,台積電凱基98購05,0,0,0,0,0,0,0,0,0,-23000,0,0,0,9000,32000,-23000,-23000
055305,旺宏群益99購01  ,0,0,0,0,0,0,0,0,0,-23000,0,0,0,0,23000,-23000,-23000
055400,緯穎統一97購01  ,0,0,0,0,0,0,0,0,0,-23000,0,0,0,100000,123000,-23000,-23000
06015P,大立光富邦98售04,0,0,0,0,0,0,0,0,0,-23000,0,0,0,0,23000,-23000,-23000
053592,亞光元大96購01  ,0,0,0,0,0,0,0,0,0,-24000,0,0,0,10000,34000,-24000,-24000
052660,京元電國票97購01,0,0,0,0,0,0,0,0,0,-24000,0,0,0,1000,25000,-24000,-24000
052883,百和亞東97購01  ,0,0,0,0,0,0,0,0,0,-24000,0,0,0,32000,56000,-24000,-24000
053239,崇越永豐96購01  ,0,0,0,0,0,0,0,0,0,-24000,0,0,0,10000,34000,-24000,-24000
053128,瀚宇博凱基96購01,0,0,0,0,0,0,0,0,0,-24000,0,0,0,95000,119000,-24000,-24000
05466P,旺宏富邦97售01  ,0,0,0,0,0,0,0,0,0,-24000,0,0,0,0,24000,-24000,-24000
055046,上銀永豐97購01  ,0,0,0,0,0,0,0,0,0,-24000,0,0,0,171000,195000,-24000,-24000
053933,大立光統一96購06,0,0,0,0,0,0,0,0,0,-24000,0,0,0,5000,29000,-24000,-24000
053960,晶技永豐96購02  ,0,0,0,0,0,0,0,0,0,-24000,0,0,0,0,24000,-24000,-24000
04043P,復盛元富93售02  ,0,0,0,0,0,0,0,0,0,-24000,0,0,0,0,24000,-24000,-24000
03686P,大立光統一98售02,0,0,0,0,0,0,0,0,0,-24000,0,0,0,40000,64000,-24000,-24000
047190,聯茂元大93購03  ,0,0,0,0,0,0,0,0,0,-24000,0,0,0,0,24000,-24000,-24000
049375,大立光元大94購13,0,0,0,0,0,0,0,0,0,-24000,0,0,0,1000,25000,-24000,-24000
047283,世紀鋼永豐93購02,0,0,0,0,0,0,0,0,0,-24000,0,0,0,0,24000,-24000,-24000
046878,康友國泰94購01  ,0,0,0,0,0,0,0,0,0,-24000,0,0,0,0,24000,-24000,-24000
04751P,智邦兆豐95售02  ,0,0,0,0,0,0,0,0,0,-24000,0,0,0,5000,29000,-24000,-24000
04842P,群創元大96售02  ,0,0,0,0,0,0,0,0,0,-24000,0,0,0,10000,34000,-24000,-24000
050304,台光電中信94購01,0,0,0,0,0,0,0,0,0,-24000,0,0,0,372000,396000,-24000,-24000
051158,嘉晶富邦96購01  ,0,0,0,0,0,0,0,0,0,-24000,0,0,0,0,24000,-24000,-24000
05114P,臺股指元富95售02,0,0,0,0,0,0,0,0,0,-24000,0,0,0,128000,152000,-24000,-24000
050624,鈺齊元大94購01  ,0,0,0,0,0,0,0,0,0,-24000,0,0,0,36000,60000,-24000,-24000
050690,台達電凱基96購01,0,0,0,0,0,0,0,0,0,-24000,0,0,0,12000,36000,-24000,-24000
052611,力成元大96購02  ,0,0,0,0,0,0,0,0,0,-24000,0,0,0,92000,116000,-24000,-24000
052396,台積電凱基97購01,0,0,0,0,0,0,0,0,0,-24000,0,0,0,16000,40000,-24000,-24000
05247P,上銀群益95售01  ,0,0,0,0,0,0,0,0,0,-24000,0,0,0,22000,46000,-24000,-24000
052481,利勤群益95購01  ,0,0,0,0,0,0,0,0,0,-24000,0,0,0,0,24000,-24000,-24000
052090,聯發科元大97購03,0,0,0,0,0,0,0,0,0,-24000,0,0,0,10000,34000,-24000,-24000
06144P,台光電永豐97售01,0,0,0,0,0,0,0,0,0,-24000,0,0,0,0,24000,-24000,-24000
06157P,聯鈞統一97售02  ,0,0,0,0,0,0,0,0,0,-24000,0,0,0,24000,48000,-24000,-24000
055513,旺宏亞東98購01  ,0,0,0,0,0,0,0,0,0,-24000,0,0,0,0,24000,-24000,-24000
5258,虹堡            ,48000,72000,-24000,0,0,0,0,0,0,0,0,0,0,0,0,0,-24000
2388,威盛            ,171000,195000,-24000,0,0,0,0,0,0,0,0,0,0,0,0,0,-24000
054161,友訊凱基98購01  ,0,0,0,0,0,0,0,0,0,-25000,0,0,0,5000,30000,-25000,-25000
05450P,臺股指元大95售27,0,0,0,0,0,0,0,0,0,-25000,0,0,0,0,25000,-25000,-25000
054677,智易台新98購02  ,0,0,0,0,0,0,0,0,0,-25000,0,0,0,0,25000,-25000,-25000
053075,欣興永豐96購01  ,0,0,0,0,0,0,0,0,0,-25000,0,0,0,112000,137000,-25000,-25000
053026,奇力新富邦98購01,0,0,0,0,0,0,0,0,0,-25000,0,0,0,46000,71000,-25000,-25000
053552,華新科凱基96購08,0,0,0,0,0,0,0,0,0,-25000,0,0,0,5000,30000,-25000,-25000
053283,同欣電元大96購03,0,0,0,0,0,0,0,0,0,-25000,0,0,0,112000,137000,-25000,-25000
053397,國泰金中信96購01,0,0,0,0,0,0,0,0,0,-25000,0,0,0,0,25000,-25000,-25000
053786,新日興元大96購02,0,0,0,0,0,0,0,0,0,-25000,0,0,0,261000,286000,-25000,-25000
04395P,台積電群益94售06,0,0,0,0,0,0,0,0,0,-25000,0,0,0,0,25000,-25000,-25000
03834P,漢唐群益93售03  ,0,0,0,0,0,0,0,0,0,-25000,0,0,0,0,25000,-25000,-25000
044167,大立光元大93購03,0,0,0,0,0,0,0,0,0,-25000,0,0,0,2000,27000,-25000,-25000
044220,欣興凱基91購05  ,0,0,0,0,0,0,0,0,0,-25000,0,0,0,0,25000,-25000,-25000
044934,玉晶光元大93購01,0,0,0,0,0,0,0,0,0,-25000,0,0,0,1000,26000,-25000,-25000
04487P,南亞科凱基94售01,0,0,0,0,0,0,0,0,0,-25000,0,0,0,0,25000,-25000,-25000
045699,GIS兆豐92購02   ,0,0,0,0,0,0,0,0,0,-25000,0,0,0,0,25000,-25000,-25000
04103P,臺股指國票93售10,0,0,0,0,0,0,0,0,0,-25000,0,0,0,35000,60000,-25000,-25000
045080,大立光元大93購06,0,0,0,0,0,0,0,0,0,-25000,0,0,0,0,25000,-25000,-25000
044710,中磊元大93購01  ,0,0,0,0,0,0,0,0,0,-25000,0,0,0,0,25000,-25000,-25000
045128,旺宏統一92購01  ,0,0,0,0,0,0,0,0,0,-25000,0,0,0,15000,40000,-25000,-25000
045930,康控永豐92購01  ,0,0,0,0,0,0,0,0,0,-25000,0,0,0,60000,85000,-25000,-25000
049248,台達電元大94購04,0,0,0,0,0,0,0,0,0,-25000,0,0,0,0,25000,-25000,-25000
048924,光罩永豐94購01  ,0,0,0,0,0,0,0,0,0,-25000,0,0,0,61000,86000,-25000,-25000
049135,台達電元大94購03,0,0,0,0,0,0,0,0,0,-25000,0,0,0,0,25000,-25000,-25000
04871P,力成元富94售02  ,0,0,0,0,0,0,0,0,0,-25000,0,0,0,0,25000,-25000,-25000
047655,聯發科兆豐93購02,0,0,0,0,0,0,0,0,0,-25000,0,0,0,0,25000,-25000,-25000
049578,台達電元大94購09,0,0,0,0,0,0,0,0,0,-25000,0,0,0,0,25000,-25000,-25000
048129,力成元大93購02  ,0,0,0,0,0,0,0,0,0,-25000,0,0,0,2000,27000,-25000,-25000
04788P,台積電永昌96售05,0,0,0,0,0,0,0,0,0,-25000,0,0,0,0,25000,-25000,-25000
047419,聯發科富邦95購01,0,0,0,0,0,0,0,0,0,-25000,0,0,0,0,25000,-25000,-25000
052053,泰鼎凱基96購01  ,0,0,0,0,0,0,0,0,0,-25000,0,0,0,5000,30000,-25000,-25000
05202P,鴻海元大95售16  ,0,0,0,0,0,0,0,0,0,-25000,0,0,0,0,25000,-25000,-25000
052265,聯發科亞東95購01,0,0,0,0,0,0,0,0,0,-25000,0,0,0,0,25000,-25000,-25000
052391,瑞儀群益95購01  ,0,0,0,0,0,0,0,0,0,-25000,0,0,0,40000,65000,-25000,-25000
05257P,欣興凱基95售04  ,0,0,0,0,0,0,0,0,0,-25000,0,0,0,0,25000,-25000,-25000
051479,兆豐金凱基95購01,0,0,0,0,0,0,0,0,0,-25000,0,0,0,103000,128000,-25000,-25000
051411,聯發科國票95購05,0,0,0,0,0,0,0,0,0,-25000,0,0,0,0,25000,-25000,-25000
051324,康友國票96購01  ,0,0,0,0,0,0,0,0,0,-25000,0,0,0,0,25000,-25000,-25000
051994,瀚宇博元大96購01,0,0,0,0,0,0,0,0,0,-25000,0,0,0,168000,193000,-25000,-25000
050634,華新科群益96購01,0,0,0,0,0,0,0,0,0,-25000,0,0,0,2000,27000,-25000,-25000
051009,緯創麥證95購01  ,0,0,0,0,25000,-25000,0,0,0,-25000,0,0,0,0,25000,-25000,-25000
05104P,智邦台新95售02  ,0,0,0,0,0,0,0,0,0,-25000,0,0,0,0,25000,-25000,-25000
050161,鴻海國泰96購03  ,0,0,0,0,0,0,0,0,0,-25000,0,0,0,135000,160000,-25000,-25000
050240,聯發科凱基94購13,0,0,0,0,0,0,0,0,0,-25000,0,0,0,23000,48000,-25000,-25000
2486,一詮            ,9000,33000,-24000,0,0,0,0,0,0,-1000,0,1000,-1000,0,0,0,-25000
4155,訊映            ,3000,28000,-25000,0,0,0,0,0,0,0,0,0,0,0,0,0,-25000
055657,超眾元富97購02  ,0,0,0,0,0,0,0,0,0,-25000,0,0,0,0,25000,-25000,-25000
05646P,聯發科國票96售05,0,0,0,0,0,0,0,0,0,-25000,0,0,0,5000,30000,-25000,-25000
1432,大魯閣          ,0,25000,-25000,0,0,0,0,0,0,0,0,0,0,0,0,0,-25000
1218,泰山            ,34000,59000,-25000,0,0,0,0,0,0,0,0,0,0,0,0,0,-25000
05879P,台積電台新96售03,0,0,0,0,0,0,0,0,0,-25000,0,0,0,0,25000,-25000,-25000
053158,茂林元大96購01  ,0,0,0,0,0,0,0,0,0,-26000,0,0,0,82000,108000,-26000,-26000
053183,大立光元富96購03,0,0,0,0,0,0,0,0,0,-26000,0,0,0,0,26000,-26000,-26000
054788,華新科群益98購02,0,0,0,0,0,0,0,0,0,-26000,0,0,0,14000,40000,-26000,-26000
054300,華通凱基96購07  ,0,0,0,0,0,0,0,0,0,-26000,0,0,0,107000,133000,-26000,-26000
054217,台表科國票97購05,0,0,0,0,0,0,0,0,0,-26000,0,0,0,32000,58000,-26000,-26000
049030,凌華群益94購01  ,0,0,0,0,0,0,0,0,0,-26000,0,0,0,10000,36000,-26000,-26000
048872,玉晶光國票94購02,0,0,0,0,0,0,0,0,0,-26000,0,0,0,12000,38000,-26000,-26000
00766L,台新MSCI中國正2 ,0,0,0,0,0,0,0,0,0,-26000,22000,0,22000,311000,359000,-48000,-26000
03418B,臺股指元大95熊20,0,0,0,0,0,0,0,0,0,-26000,0,0,0,33000,59000,-26000,-26000
047120,啟碁元大93購02  ,0,0,0,0,0,0,0,0,0,-26000,0,0,0,68000,94000,-26000,-26000
047369,漢唐國票94購01  ,0,0,0,0,0,0,0,0,0,-26000,0,0,0,0,26000,-26000,-26000
049522,華通兆豐94購02  ,0,0,0,0,0,0,0,0,0,-26000,0,0,0,9000,35000,-26000,-26000
049967,華新科國票94購07,0,0,0,0,0,0,0,0,0,-26000,0,0,0,95000,121000,-26000,-26000
050402,緯穎中信96購01  ,0,0,0,0,0,0,0,0,0,-26000,0,0,0,5000,31000,-26000,-26000
051052,台積電群益95購01,0,0,0,0,0,0,0,0,0,-26000,0,0,0,114000,140000,-26000,-26000
051241,台積電元大95購13,0,0,0,0,0,0,0,0,0,-26000,0,0,0,131000,157000,-26000,-26000
052623,台郡兆豐96購01  ,0,0,0,0,0,0,0,0,0,-26000,0,0,0,19000,45000,-26000,-26000
052522,聯發科元大96購05,0,0,0,0,0,0,0,0,0,-26000,0,0,0,212000,238000,-26000,-26000
052454,力成元大95購02  ,0,0,0,0,0,0,0,0,0,-26000,0,0,0,15000,41000,-26000,-26000
06061P,訊芯統一97售01  ,0,0,0,0,0,0,0,0,0,-26000,0,0,0,0,26000,-26000,-26000
05545P,台表科國泰98售01,0,0,0,0,0,0,0,0,0,-26000,0,0,0,30000,56000,-26000,-26000
4190,佐登-KY         ,10000,85000,-75000,0,0,0,0,0,0,49000,60000,4000,56000,6000,13000,-7000,-26000
2423,固緯            ,2000,23000,-21000,0,0,0,0,0,0,-5000,0,5000,-5000,0,0,0,-26000
054434,友達台新96購03  ,0,0,0,0,0,0,0,0,0,-27000,0,0,0,217000,244000,-27000,-27000
053885,全新兆豐96購01  ,0,0,0,0,0,0,0,0,0,-27000,0,0,0,80000,107000,-27000,-27000
053431,志超永豐96購01  ,0,0,0,0,0,0,0,0,0,-27000,0,0,0,0,27000,-27000,-27000
03921P,亞光凱基94售01  ,0,0,0,0,0,0,0,0,0,-27000,0,0,0,45000,72000,-27000,-27000
049577,台達電元大94購08,0,0,0,0,0,0,0,0,0,-27000,0,0,0,0,27000,-27000,-27000
048575,旺宏國泰94購04  ,0,0,0,0,0,0,0,0,0,-27000,0,0,0,44000,71000,-27000,-27000
047023,聯發科元大93購08,0,0,0,0,0,0,0,0,0,-27000,0,0,0,0,27000,-27000,-27000
048219,為升凱基93購06  ,0,0,0,0,0,0,0,0,0,-27000,0,0,0,100000,127000,-27000,-27000
052278,國巨凱基95購06  ,0,0,0,0,0,0,0,0,0,-27000,0,0,0,31000,58000,-27000,-27000
051866,聯發科凱基96購05,0,0,0,0,0,0,0,0,0,-27000,0,0,0,2000,29000,-27000,-27000
051109,美律統一95購02  ,0,0,0,0,0,0,0,0,0,-27000,0,0,0,141000,168000,-27000,-27000
6449,鈺邦            ,38000,64000,-26000,0,0,0,0,0,0,-1000,0,1000,-1000,0,0,0,-27000
055444,致新台新97購01  ,0,0,0,0,0,0,0,0,0,-27000,0,0,0,0,27000,-27000,-27000
055472,大立光凱基97購07,0,0,0,0,0,0,0,0,0,-27000,0,0,0,0,27000,-27000,-27000
055214,聯電凱基97購02  ,0,0,0,0,0,0,0,0,0,-27000,0,0,0,0,27000,-27000,-27000
06075P,智邦凱基97售02  ,0,0,0,0,0,0,0,0,0,-27000,0,0,0,7000,34000,-27000,-27000
05931P,鴻海凱基96售15  ,0,0,0,0,0,0,0,0,0,-27000,0,0,0,0,27000,-27000,-27000
05901P,臺股指凱基9C售01,0,0,0,0,0,0,0,0,0,-27000,0,0,0,0,27000,-27000,-27000
06139P,台積電中信99售02,0,0,0,0,0,0,0,0,0,-27000,0,0,0,0,27000,-27000,-27000
053507,百和兆豐96購01  ,0,0,0,0,0,0,0,0,0,-28000,0,0,0,62000,90000,-28000,-28000
053881,南亞科中信97購01,0,0,0,0,0,0,0,0,0,-28000,0,0,0,5000,33000,-28000,-28000
053267,華新科群益96購02,0,0,0,0,0,0,0,0,0,-28000,0,0,0,12000,40000,-28000,-28000
055062,文曄永豐97購01  ,0,0,0,0,0,0,0,0,0,-28000,0,0,0,0,28000,-28000,-28000
00662,富邦NASDAQ      ,0,0,0,0,0,0,0,0,0,-28000,0,0,0,113000,141000,-28000,-28000
043753,聯發科元大92購02,0,0,0,0,0,0,0,0,0,-28000,0,0,0,17000,45000,-28000,-28000
045716,智邦凱基92購02  ,0,0,0,0,0,0,0,0,0,-28000,0,0,0,0,28000,-28000,-28000
047810,聯發科凱基93購22,0,0,0,0,0,0,0,0,0,-28000,0,0,0,2000,30000,-28000,-28000
04723P,美律凱基94售06  ,0,0,0,0,0,0,0,0,0,-28000,0,0,0,120000,148000,-28000,-28000
047236,智伸科凱基93購05,0,0,0,0,0,0,0,0,0,-28000,0,0,0,84000,112000,-28000,-28000
046547,大立光永豐92購05,0,0,0,0,0,0,0,0,0,-28000,0,0,0,0,28000,-28000,-28000
048038,樺漢凱基93購03  ,0,0,0,0,0,0,0,0,0,-28000,0,0,0,96000,124000,-28000,-28000
04768P,大立光國泰96售03,0,0,0,0,0,0,0,0,0,-28000,0,0,0,0,28000,-28000,-28000
047922,聯發科凱基94購01,0,0,0,0,0,0,0,0,0,-28000,0,0,0,155000,183000,-28000,-28000
048675,台達電國泰94購02,0,0,0,0,0,0,0,0,0,-28000,0,0,0,0,28000,-28000,-28000
048453,嘉澤凱基93購05  ,0,0,0,0,0,0,0,0,0,-28000,0,0,0,21000,49000,-28000,-28000
049335,聯電統一97購01  ,0,0,0,0,0,0,0,0,0,-28000,0,0,0,0,28000,-28000,-28000
048376,台達電元富93購01,0,0,0,0,0,0,0,0,0,-28000,0,0,0,0,28000,-28000,-28000
049608,旺宏兆豐94購02  ,0,0,0,0,0,0,0,0,0,-28000,0,0,0,0,28000,-28000,-28000
049814,超眾元大95購04  ,0,0,0,0,0,0,0,0,0,-28000,0,0,0,2000,30000,-28000,-28000
051156,鴻海富邦97購01  ,0,0,0,0,0,0,0,0,0,-28000,0,0,0,257000,285000,-28000,-28000
051170,南電元大95購03  ,0,0,0,0,0,0,0,0,0,-28000,0,0,0,194000,222000,-28000,-28000
050879,樺漢統一95購02  ,0,0,0,0,0,0,0,0,0,-28000,0,0,0,12000,40000,-28000,-28000
051936,力山群益95購02  ,0,0,0,0,0,0,0,0,0,-28000,0,0,0,11000,39000,-28000,-28000
051481,聯詠凱基95購02  ,0,0,0,0,0,0,0,0,0,-28000,0,0,0,2000,30000,-28000,-28000
1611,中電            ,23000,51000,-28000,0,0,0,0,0,0,0,0,0,0,0,0,0,-28000
06078P,臺股指凱基9A售01,0,0,0,0,0,0,0,0,0,-28000,0,0,0,0,28000,-28000,-28000
055135,聯發科富邦99購05,0,0,0,0,0,0,0,0,0,-28000,0,0,0,0,28000,-28000,-28000
05552P,聯詠群益96售01  ,0,0,0,0,0,0,0,0,0,-28000,0,0,0,11000,39000,-28000,-28000
4104,佳醫            ,5000,33000,-28000,0,0,0,0,0,0,0,0,0,0,0,0,0,-28000
3583,辛耘            ,58000,86000,-28000,0,0,0,0,0,0,0,0,0,0,0,0,0,-28000
054903,億光康和97購02  ,0,0,0,0,0,0,0,0,0,-29000,0,0,0,166000,195000,-29000,-29000
05470P,康控元大95售05  ,0,0,0,0,0,0,0,0,0,-29000,0,0,0,31000,60000,-29000,-29000
054564,玉晶光群益99購01,0,0,0,0,0,0,0,0,0,-29000,0,0,0,23000,52000,-29000,-29000
053827,漢唐麥證9A購01  ,0,0,0,155000,184000,-29000,0,0,0,-29000,0,0,0,155000,184000,-29000,-29000
053361,友達元富99購01  ,0,0,0,0,0,0,0,0,0,-29000,0,0,0,42000,71000,-29000,-29000
053331,玉晶光永豐97購02,0,0,0,0,0,0,0,0,0,-29000,0,0,0,1000,30000,-29000,-29000
045752,全新國泰93購01  ,0,0,0,0,0,0,0,0,0,-29000,0,0,0,10000,39000,-29000,-29000
049111,元油2X統一94購03,0,0,0,0,0,0,0,0,0,-29000,0,0,0,0,29000,-29000,-29000
045380,漢唐元大93購03  ,0,0,0,0,0,0,0,0,0,-29000,0,0,0,1000,30000,-29000,-29000
045360,樺漢凱基92購01  ,0,0,0,0,0,0,0,0,0,-29000,0,0,0,8000,37000,-29000,-29000
045542,鎧勝群益93購01  ,0,0,0,0,0,0,0,0,0,-29000,0,0,0,49000,78000,-29000,-29000
045058,華邦電國泰94購01,0,0,0,0,0,0,0,0,0,-29000,0,0,0,10000,39000,-29000,-29000
049751,牧德永豐95購01  ,0,0,0,0,0,0,0,0,0,-29000,0,0,0,108000,137000,-29000,-29000
049590,華新科元大94購01,0,0,0,0,0,0,0,0,0,-29000,0,0,0,32000,61000,-29000,-29000
047612,瑞昱群益93購03  ,0,0,0,0,0,0,0,0,0,-29000,0,0,0,42000,71000,-29000,-29000
046801,中橡元大93購01  ,0,0,0,0,0,0,0,0,0,-29000,0,0,0,40000,69000,-29000,-29000
047118,欣興元大93購06  ,0,0,0,0,0,0,0,0,0,-29000,0,0,0,289000,318000,-29000,-29000
047054,聯詠國票93購01  ,0,0,0,0,0,0,0,0,0,-29000,0,0,0,0,29000,-29000,-29000
048217,亞德客凱基93購06,0,0,0,0,0,0,0,0,0,-29000,0,0,0,16000,45000,-29000,-29000
05143P,臻鼎台新95售01  ,0,0,0,0,0,0,0,0,0,-29000,0,0,0,10000,39000,-29000,-29000
052215,樺漢元大96購02  ,0,0,0,0,0,0,0,0,0,-29000,0,0,0,152000,181000,-29000,-29000
051053,台光電群益95購01,0,0,0,0,0,0,0,0,0,-29000,0,0,0,190000,219000,-29000,-29000
2748,雲品            ,0,4000,-4000,0,0,0,0,25000,-25000,0,0,0,0,0,0,0,-29000
055233,康友國票98購01  ,0,0,0,0,0,0,0,0,0,-29000,0,0,0,0,29000,-29000,-29000
055265,玉晶光永豐98購03,0,0,0,0,0,0,0,0,0,-29000,0,0,0,6000,35000,-29000,-29000
05891P,聯發科中信98售03,0,0,0,0,0,0,0,0,0,-29000,0,0,0,0,29000,-29000,-29000
1459,聯發            ,0,29000,-29000,0,0,0,0,0,0,0,0,0,0,0,0,0,-29000
053493,智邦兆豐97購02  ,0,0,0,0,0,0,0,0,0,-30000,0,0,0,74000,104000,-30000,-30000
05387P,鴻海元大95售21  ,0,0,0,0,0,0,0,0,0,-30000,0,0,0,41000,71000,-30000,-30000
053190,聯發科統一99購01,0,0,0,0,0,0,0,0,0,-30000,0,0,0,0,30000,-30000,-30000
053189,聯發科統一96購05,0,0,0,0,0,0,0,0,0,-30000,0,0,0,0,30000,-30000,-30000
053107,旺宏兆豐97購01  ,0,0,0,0,0,0,0,0,0,-30000,0,0,0,0,30000,-30000,-30000
052751,臺股指元大96購05,0,0,0,0,0,0,0,0,0,-30000,0,0,0,0,30000,-30000,-30000
054611,全新永豐97購01  ,0,0,0,0,0,0,0,0,0,-30000,0,0,0,0,30000,-30000,-30000
054442,啟碁台新96購01  ,0,0,0,0,0,0,0,0,0,-30000,0,0,0,0,30000,-30000,-30000
054473,鴻海中信96購02  ,0,0,0,0,0,0,0,0,0,-30000,0,0,0,0,30000,-30000,-30000
05421P,鴻海元大96售12  ,0,0,0,0,0,0,0,0,0,-30000,0,0,0,326000,356000,-30000,-30000
054162,光罩凱基98購01  ,0,0,0,0,0,0,0,0,0,-30000,0,0,0,119000,149000,-30000,-30000
053934,A50正2元富96購02,0,0,0,0,0,0,0,0,0,-30000,0,0,0,20000,50000,-30000,-30000
045880,超眾元富92購01  ,0,0,0,0,0,0,0,0,0,-30000,0,0,0,0,30000,-30000,-30000
044758,玉山金凱基93購01,0,0,0,0,0,0,0,0,0,-30000,0,0,0,10000,40000,-30000,-30000
044741,玉山金富邦93購01,0,0,0,0,0,0,0,0,0,-30000,0,0,0,20000,50000,-30000,-30000
045467,智易元大93購03  ,0,0,0,0,0,0,0,0,0,-30000,0,0,0,0,30000,-30000,-30000
045308,泰鼎元大93購02  ,0,0,0,0,0,0,0,0,0,-30000,0,0,0,0,30000,-30000,-30000
04593P,台積電元大94售11,0,0,0,0,0,0,0,0,0,-30000,0,0,0,0,30000,-30000,-30000
04508P,臺股指元大94售03,0,0,0,0,0,0,0,0,0,-30000,0,0,0,0,30000,-30000,-30000
049238,元油2X元富96購08,0,0,0,0,0,0,0,0,0,-30000,0,0,0,0,30000,-30000,-30000
048925,佳世達永豐94購01,0,0,0,0,0,0,0,0,0,-30000,0,0,0,0,30000,-30000,-30000
049007,玉晶光中信96購01,0,0,0,0,0,0,0,0,0,-30000,0,0,0,20000,50000,-30000,-30000
045630,技嘉凱基93購02  ,0,0,0,0,0,0,0,0,0,-30000,0,0,0,0,30000,-30000,-30000
045634,友達凱基93購02  ,0,0,0,0,0,0,0,0,0,-30000,0,0,0,10000,40000,-30000,-30000
046061,中石化凱基98購01,0,0,0,0,0,0,0,0,0,-30000,0,0,0,49000,79000,-30000,-30000
046205,明基材凱基93購01,0,0,0,0,0,0,0,0,0,-30000,0,0,0,0,30000,-30000,-30000
045764,智易統一94購01  ,0,0,0,0,0,0,0,0,0,-30000,0,0,0,0,30000,-30000,-30000
046094,南茂兆豐92購01  ,0,0,0,0,0,0,0,0,0,-30000,0,0,0,0,30000,-30000,-30000
046116,京元電元大92購05,0,0,0,0,0,0,0,0,0,-30000,0,0,0,50000,80000,-30000,-30000
046156,光磊群益92購01  ,0,0,0,0,0,0,0,0,0,-30000,0,0,0,0,30000,-30000,-30000
044218,禾伸堂凱基91購01,0,0,0,0,0,0,0,0,0,-30000,0,0,0,0,30000,-30000,-30000
04480P,微星兆豐94售01  ,0,0,0,0,0,0,0,0,0,-30000,0,0,0,0,30000,-30000,-30000
04081P,聯詠元大93售11  ,0,0,0,0,0,0,0,0,0,-30000,0,0,0,0,30000,-30000,-30000
04083P,欣興統一94售01  ,0,0,0,0,0,0,0,0,0,-30000,0,0,0,0,30000,-30000,-30000
04314P,聯茂元富93售01  ,0,0,0,0,0,0,0,0,0,-30000,0,0,0,0,30000,-30000,-30000
043764,康友元大92購03  ,0,0,0,0,0,0,0,0,0,-30000,0,0,0,0,30000,-30000,-30000
03768P,聯發科元大93售03,0,0,0,0,0,0,0,0,0,-30000,0,0,0,0,30000,-30000,-30000
03831P,臺股指中信95售02,0,0,0,0,0,0,0,0,0,-30000,0,0,0,0,30000,-30000,-30000
048190,道瓊反元大96購02,0,0,0,0,0,0,0,0,0,-30000,0,0,0,0,30000,-30000,-30000
048161,旺宏麥證94購01  ,0,0,0,29000,59000,-30000,0,0,0,-30000,0,0,0,29000,59000,-30000,-30000
047453,電子類元大93購04,0,0,0,0,0,0,0,0,0,-30000,0,0,0,0,30000,-30000,-30000
047439,漢唐元大95購01  ,0,0,0,0,0,0,0,0,0,-30000,0,0,0,0,30000,-30000,-30000
047725,廣達群益93購01  ,0,0,0,0,0,0,0,0,0,-30000,0,0,0,0,30000,-30000,-30000
046697,麗豐凱基94購01  ,0,0,0,0,0,0,0,0,0,-30000,0,0,0,5000,35000,-30000,-30000
047240,樺漢凱基93購01  ,0,0,0,0,0,0,0,0,0,-30000,0,0,0,0,30000,-30000,-30000
048017,美利達國票93購01,0,0,0,0,0,0,0,0,0,-30000,0,0,0,0,30000,-30000,-30000
048782,亞泥元大94購01  ,0,0,0,0,0,0,0,0,0,-30000,0,0,0,17000,47000,-30000,-30000
048818,台達電凱基94購01,0,0,0,0,0,0,0,0,0,-30000,0,0,0,24000,54000,-30000,-30000
048803,大立光富邦96購01,0,0,0,0,0,0,0,0,0,-30000,0,0,0,0,30000,-30000,-30000
048758,美利達元富96購02,0,0,0,0,0,0,0,0,0,-30000,0,0,0,0,30000,-30000,-30000
048765,奇力新凱基94購01,0,0,0,0,0,0,0,0,0,-30000,0,0,0,10000,40000,-30000,-30000
04652P,臺股指凱基94售11,0,0,0,0,0,0,0,0,0,-30000,0,0,0,0,30000,-30000,-30000
047279,日月光永豐93購01,0,0,0,0,0,0,0,0,0,-30000,0,0,0,45000,75000,-30000,-30000
049367,全新元大96購01  ,0,0,0,0,0,0,0,0,0,-30000,0,0,0,120000,150000,-30000,-30000
046522,樺漢元大92購03  ,0,0,0,0,0,0,0,0,0,-30000,0,0,0,70000,100000,-30000,-30000
04662P,臺股指國票94售01,0,0,0,0,0,0,0,0,0,-30000,0,0,0,0,30000,-30000,-30000
046622,正文凱基93購01  ,0,0,0,0,0,0,0,0,0,-30000,0,0,0,0,30000,-30000,-30000
047537,聯發科日盛93購01,0,0,0,0,0,0,0,0,0,-30000,0,0,0,0,30000,-30000,-30000
046811,和大凱基93購01  ,0,0,0,0,0,0,0,0,0,-30000,0,0,0,0,30000,-30000,-30000
048672,日電貿永豐93購02,0,0,0,0,0,0,0,0,0,-30000,0,0,0,5000,35000,-30000,-30000
048248,聯發科兆豐95購01,0,0,0,0,0,0,0,0,0,-30000,0,0,0,0,30000,-30000,-30000
048230,瀚宇博凱基93購03,0,0,0,0,0,0,0,0,0,-30000,0,0,0,0,30000,-30000,-30000
048497,京元電元大93購02,0,0,0,0,0,0,0,0,0,-30000,0,0,0,0,30000,-30000,-30000
04828P,聯發科凱基94售15,0,0,0,0,0,0,0,0,0,-30000,0,0,0,0,30000,-30000,-30000
048275,A50正2永豐93購01,0,0,0,0,0,0,0,0,0,-30000,0,0,0,0,30000,-30000,-30000
046908,達運凱基93購01  ,0,0,0,0,0,0,0,0,0,-30000,0,0,0,20000,50000,-30000,-30000
049563,華新統一95購01  ,0,0,0,0,0,0,0,0,0,-30000,0,0,0,10000,40000,-30000,-30000
049775,旺宏統一95購02  ,0,0,0,0,0,0,0,0,0,-30000,0,0,0,0,30000,-30000,-30000
051023,S&P反1統一95購02,0,0,0,0,0,0,0,0,0,-30000,0,0,0,0,30000,-30000,-30000
051188,鴻海兆豐95購01  ,0,0,0,0,0,0,0,0,0,-30000,0,0,0,40000,70000,-30000,-30000
050401,鎧勝中信94購01  ,0,0,0,0,0,0,0,0,0,-30000,0,0,0,0,30000,-30000,-30000
050574,微星國票94購01  ,0,0,0,0,0,0,0,0,0,-30000,0,0,0,0,30000,-30000,-30000
050566,高股息中信97購02,0,0,0,0,0,0,0,0,0,-30000,0,0,0,30000,60000,-30000,-30000
050241,聯發科凱基94購14,0,0,0,0,0,0,0,0,0,-30000,0,0,0,20000,50000,-30000,-30000
052199,鴻海統一95購11  ,0,0,0,0,0,0,0,0,0,-30000,0,0,0,0,30000,-30000,-30000
052121,全新國票96購03  ,0,0,0,0,0,0,0,0,0,-30000,0,0,0,0,30000,-30000,-30000
052504,鴻海日盛95購03  ,0,0,0,0,0,0,0,0,0,-30000,0,0,0,9000,39000,-30000,-30000
05238P,禾伸堂永豐95售01,0,0,0,0,0,0,0,0,0,-30000,0,0,0,0,30000,-30000,-30000
052385,滬深2X群益99購05,0,0,0,0,0,0,0,0,0,-30000,0,0,0,186000,216000,-30000,-30000
052540,華新科統一95購03,0,0,0,0,0,0,0,0,0,-30000,0,0,0,44000,74000,-30000,-30000
051569,緯創富邦95購02  ,0,0,0,0,0,0,0,0,0,-30000,0,0,0,0,30000,-30000,-30000
052002,滬深2X國泰96購01,0,0,0,0,0,0,0,0,0,-30000,0,0,0,10000,40000,-30000,-30000
1532,勤美            ,18000,48000,-30000,0,0,0,0,0,0,0,0,0,0,0,0,0,-30000
2017,官田鋼          ,3000,32000,-29000,0,0,0,0,0,0,-1000,0,1000,-1000,0,0,0,-30000
08795P,聯發科凱基01售11,0,0,0,0,0,0,0,0,0,-30000,0,0,0,0,30000,-30000,-30000
05856P,A50正2中信99售01,0,0,0,0,0,0,0,0,0,-30000,0,0,0,0,30000,-30000,-30000
05924P,超眾元富96售04  ,0,0,0,0,0,0,0,0,0,-30000,0,0,0,16000,46000,-30000,-30000
055114,新日興凱基98購01,0,0,0,0,0,0,0,0,0,-30000,0,0,0,0,30000,-30000,-30000
055534,晶技群益97購03  ,0,0,0,0,0,0,0,0,0,-30000,0,0,0,0,30000,-30000,-30000
055528,華邦電群益97購01,0,0,0,0,0,0,0,0,0,-30000,0,0,0,0,30000,-30000,-30000
3094,聯傑            ,24000,54000,-30000,0,0,0,0,0,0,0,0,0,0,0,0,0,-30000
5243,乙盛-KY         ,151000,210000,-59000,0,0,0,0,0,0,29000,29000,0,29000,0,0,0,-30000
054178,中磊台新97購01  ,0,0,0,0,0,0,0,0,0,-31000,0,0,0,7000,38000,-31000,-31000
054759,台化國票98購01  ,0,0,0,0,0,0,0,0,0,-31000,0,0,0,8000,39000,-31000,-31000
054897,信錦康和97購01  ,0,0,0,0,0,0,0,0,0,-31000,0,0,0,51000,82000,-31000,-31000
052882,南電凱基96購02  ,0,0,0,0,0,0,0,0,0,-31000,0,0,0,37000,68000,-31000,-31000
052854,聯詠日盛96購01  ,0,0,0,0,0,0,0,0,0,-31000,0,0,0,13000,44000,-31000,-31000
053550,聯發科凱基96購15,0,0,0,0,0,0,0,0,0,-31000,0,0,0,10000,41000,-31000,-31000
042927,道瓊反中信94購01,0,0,0,0,0,0,0,0,0,-31000,0,0,0,0,31000,-31000,-31000
046356,智伸科群益93購01,0,0,0,0,0,0,0,0,0,-31000,0,0,0,194000,225000,-31000,-31000
048959,凌華康和94購01  ,0,0,0,0,0,0,0,0,0,-31000,0,0,0,25000,56000,-31000,-31000
048879,瀚宇博國票95購01,0,0,0,0,0,0,0,0,0,-31000,0,0,0,0,31000,-31000,-31000
049054,禾伸堂永豐94購01,0,0,0,0,0,0,0,0,0,-31000,0,0,0,90000,121000,-31000,-31000
049546,正崴群益94購01  ,0,0,0,0,0,0,0,0,0,-31000,0,0,0,10000,41000,-31000,-31000
048231,台表科凱基93購06,0,0,0,0,0,0,0,0,0,-31000,0,0,0,44000,75000,-31000,-31000
048092,聯發科凱基93購29,0,0,0,0,0,0,0,0,0,-31000,0,0,0,23000,54000,-31000,-31000
049170,亞德客凱基94購01,0,0,0,0,0,0,0,0,0,-31000,0,0,0,21000,52000,-31000,-31000
04800P,聯茂元大94售08  ,0,0,0,0,0,0,0,0,0,-31000,0,0,0,0,31000,-31000,-31000
047146,智邦群益93購01  ,0,0,0,0,0,0,0,0,0,-31000,0,0,0,151000,182000,-31000,-31000
046427,樺漢元大92購02  ,0,0,0,0,0,0,0,0,0,-31000,0,0,0,50000,81000,-31000,-31000
048165,嘉澤康和93購01  ,0,0,0,0,0,0,0,0,0,-31000,0,0,0,6000,37000,-31000,-31000
051634,大立光國票96購03,0,0,0,0,0,0,0,0,0,-31000,0,0,0,2000,33000,-31000,-31000
050581,美食國票94購02  ,0,0,0,0,0,0,0,0,0,-31000,0,0,0,70000,101000,-31000,-31000
050331,鈺齊永豐94購02  ,0,0,0,0,0,0,0,0,0,-31000,0,0,0,565000,596000,-31000,-31000
050807,群臺反凱基95購01,0,0,0,0,0,0,0,0,0,-31000,0,0,0,0,31000,-31000,-31000
050814,微星凱基95購01  ,0,0,0,0,0,0,0,0,0,-31000,0,0,0,0,31000,-31000,-31000
6202,盛群            ,81000,112000,-31000,0,0,0,0,0,0,0,0,0,0,0,0,0,-31000
055424,聚陽群益98購01  ,0,0,0,0,0,0,0,0,0,-31000,0,0,0,0,31000,-31000,-31000
05645P,聯發科凱基96售13,0,0,0,0,0,0,0,0,0,-31000,0,0,0,23000,54000,-31000,-31000
055117,臻鼎凱基98購02  ,0,0,0,0,0,0,0,0,0,-31000,0,0,0,0,31000,-31000,-31000
055222,臺股指凱基97購05,0,0,0,0,0,0,0,0,0,-31000,0,0,0,0,31000,-31000,-31000
05776P,鴻海統一98售02  ,0,0,0,0,0,0,0,0,0,-31000,0,0,0,2000,33000,-31000,-31000
06212P,華新科元大97售11,0,0,0,0,0,0,0,0,0,-31000,0,0,0,166000,197000,-31000,-31000
1110,東泥            ,0,31000,-31000,0,0,0,0,0,0,0,0,0,0,0,0,0,-31000
053838,正文永豐96購02  ,0,0,0,0,0,0,0,0,0,-32000,0,0,0,182000,214000,-32000,-32000
053781,友達元大9B購03  ,0,0,0,0,0,0,0,0,0,-32000,0,0,0,118000,150000,-32000,-32000
053661,嘉澤凱基97購01  ,0,0,0,0,0,0,0,0,0,-32000,0,0,0,6000,38000,-32000,-32000
055039,神達富邦99購01  ,0,0,0,0,0,0,0,0,0,-32000,0,0,0,731000,763000,-32000,-32000
054499,台光電永豐96購02,0,0,0,0,0,0,0,0,0,-32000,0,0,0,0,32000,-32000,-32000
048989,矽格元大94購02  ,0,0,0,0,0,0,0,0,0,-32000,0,0,0,37000,69000,-32000,-32000
044302,智邦兆豐93購02  ,0,0,0,0,0,0,0,0,0,-32000,0,0,0,8000,40000,-32000,-32000
045820,京元電凱基92購04,0,0,0,0,0,0,0,0,0,-32000,0,0,0,52000,84000,-32000,-32000
00668,國泰美國道瓊    ,0,10000,-10000,0,0,0,0,0,0,-22000,0,0,0,0,22000,-22000,-32000
00678,群益NBI生技     ,0,32000,-32000,0,0,0,0,0,0,0,0,0,0,450000,450000,0,-32000
047457,旺宏群益95購01  ,0,0,0,0,0,0,0,0,0,-32000,0,0,0,56000,88000,-32000,-32000
048775,智伸科凱基94購01,0,0,0,0,0,0,0,0,0,-32000,0,0,0,10000,42000,-32000,-32000
047395,聯茂元大94購01  ,0,0,0,0,0,0,0,0,0,-32000,0,0,0,148000,180000,-32000,-32000
049408,旺宏日盛94購01  ,0,0,0,0,0,0,0,0,0,-32000,0,0,0,23000,55000,-32000,-32000
048642,聯發科元大94購02,0,0,0,0,0,0,0,0,0,-32000,0,0,0,43000,75000,-32000,-32000
049753,傳奇永豐94購01  ,0,0,0,0,0,0,0,0,0,-32000,0,0,0,10000,42000,-32000,-32000
05079P,可成永豐95售01  ,0,0,0,0,0,0,0,0,0,-32000,0,0,0,18000,50000,-32000,-32000
050785,全新國泰96購01  ,0,0,0,0,0,0,0,0,0,-32000,0,0,0,10000,42000,-32000,-32000
051214,大立光統一95購02,0,0,0,0,0,0,0,0,0,-32000,0,0,0,88000,120000,-32000,-32000
050376,百和元大95購01  ,0,0,0,0,0,0,0,0,0,-32000,0,0,0,396000,428000,-32000,-32000
051938,旭富群益95購01  ,0,0,0,0,0,0,0,0,0,-32000,0,0,0,0,32000,-32000,-32000
051799,台積電永豐96購01,0,0,0,0,0,0,0,0,0,-32000,0,0,0,23000,55000,-32000,-32000
052593,台積電群益96購02,0,0,0,0,0,0,0,0,0,-32000,0,0,0,73000,105000,-32000,-32000
052614,聯電國泰97購01  ,0,0,0,0,0,0,0,0,0,-32000,0,0,0,100000,132000,-32000,-32000
052031,臺股指群益95購04,0,0,0,0,0,0,0,0,0,-32000,0,0,0,0,32000,-32000,-32000
05985P,燿華統一96售03  ,0,0,0,0,0,0,0,0,0,-32000,0,0,0,57000,89000,-32000,-32000
055584,國巨元大97購11  ,0,0,0,0,0,0,0,0,0,-32000,0,0,0,0,32000,-32000,-32000
2731,雄獅            ,6000,38000,-32000,0,0,0,0,0,0,0,0,0,0,0,0,0,-32000
2545,皇翔            ,8000,40000,-32000,0,0,0,0,0,0,0,0,0,0,0,0,0,-32000
2906,高林            ,0,32000,-32000,0,0,0,0,0,0,0,0,0,0,0,0,0,-32000
054234,可成群益96購05  ,0,0,0,0,0,0,0,0,0,-33000,0,0,0,17000,50000,-33000,-33000
054957,興富發元大97購01,0,0,0,0,0,0,0,0,0,-33000,0,0,0,17000,50000,-33000,-33000
05472P,國巨統一96售02  ,0,0,0,0,0,0,0,0,0,-33000,0,0,0,20000,53000,-33000,-33000
053758,華新科國泰97購02,0,0,0,0,0,0,0,0,0,-33000,0,0,0,3000,36000,-33000,-33000
053849,聯發科元富96購04,0,0,0,0,0,0,0,0,0,-33000,0,0,0,0,33000,-33000,-33000
052763,晶技群益97購01  ,0,0,0,0,0,0,0,0,0,-33000,0,0,0,8000,41000,-33000,-33000
053093,緯穎元大96購06  ,0,0,0,0,0,0,0,0,0,-33000,0,0,0,43000,76000,-33000,-33000
043051,天鈺國泰93購01  ,0,0,0,0,0,0,0,0,0,-33000,0,0,0,20000,53000,-33000,-33000
045751,智邦國泰93購01  ,0,0,0,0,0,0,0,0,0,-33000,0,0,0,0,33000,-33000,-33000
045858,元油2X統一94購02,0,0,0,0,0,0,0,0,0,-33000,0,0,0,0,33000,-33000,-33000
044604,嘉聯益國泰93購01,0,0,0,0,0,0,0,0,0,-33000,0,0,0,76000,109000,-33000,-33000
045108,康友群益93購02  ,0,0,0,0,0,0,0,0,0,-33000,0,0,0,13000,46000,-33000,-33000
045365,智邦兆豐93購04  ,0,0,0,0,0,0,0,0,0,-33000,0,0,0,2000,35000,-33000,-33000
049694,華新科元大95購06,0,0,0,0,0,0,0,0,0,-33000,0,0,0,0,33000,-33000,-33000
049649,信邦凱基94購01  ,0,0,0,0,0,0,0,0,0,-33000,0,0,0,133000,166000,-33000,-33000
048670,華新科永豐93購03,0,0,0,0,0,0,0,0,0,-33000,0,0,0,41000,74000,-33000,-33000
048010,嘉聯益富邦97購01,0,0,0,0,0,0,0,0,0,-33000,0,0,0,67000,100000,-33000,-33000
049366,聯發科元大94購05,0,0,0,0,0,0,0,0,0,-33000,0,0,0,34000,67000,-33000,-33000
04708P,國巨元大94售11  ,0,0,0,0,0,0,0,0,0,-33000,0,0,0,10000,43000,-33000,-33000
051591,玉晶光元大97購01,0,0,0,0,0,0,0,0,0,-33000,0,0,0,10000,43000,-33000,-33000
050694,國巨凱基96購03  ,0,0,0,0,0,0,0,0,0,-33000,0,0,0,30000,63000,-33000,-33000
050825,嘉澤凱基95購01  ,0,0,0,0,0,0,0,0,0,-33000,0,0,0,11000,44000,-33000,-33000
05555P,健策群益98售01  ,0,0,0,0,0,0,0,0,0,-33000,0,0,0,0,33000,-33000,-33000
055431,和鑫群益98購01  ,0,0,0,0,0,0,0,0,0,-33000,0,0,0,11000,44000,-33000,-33000
055339,緯穎兆豐98購01  ,0,0,0,0,0,0,0,0,0,-33000,0,0,0,0,33000,-33000,-33000
06110P,國巨國泰98售02  ,0,0,0,0,0,0,0,0,0,-33000,0,0,0,276000,309000,-33000,-33000
4930,燦星網          ,0,32574,-32574,0,0,0,0,0,0,-1000,0,1000,-1000,0,0,0,-33574
053737,華新科麥證96購01,0,0,0,38000,72000,-34000,0,0,0,-34000,0,0,0,38000,72000,-34000,-34000
044456,鈺齊永豐91購02  ,0,0,0,0,0,0,0,0,0,-34000,0,0,0,16000,50000,-34000,-34000
044941,鴻海群益93購01  ,0,0,0,0,0,0,0,0,0,-34000,0,0,0,18000,52000,-34000,-34000
03639P,祥碩凱基93售05  ,0,0,0,0,0,0,0,0,0,-34000,0,0,0,11000,45000,-34000,-34000
046608,超眾兆豐93購02  ,0,0,0,0,0,0,0,0,0,-34000,0,0,0,0,34000,-34000,-34000
048431,瑞昱國票94購01  ,0,0,0,0,0,0,0,0,0,-34000,0,0,0,16000,50000,-34000,-34000
05124P,華新科富邦97售02,0,0,0,0,0,0,0,0,0,-34000,0,0,0,0,34000,-34000,-34000
051252,健鼎元大95購01  ,0,0,0,0,0,0,0,0,0,-34000,0,0,0,36000,70000,-34000,-34000
05128P,聯發科中信97售03,0,0,0,0,0,0,0,0,0,-34000,0,0,0,252000,286000,-34000,-34000
050590,晶技永豐95購01  ,0,0,0,0,0,0,0,0,0,-34000,0,0,0,12000,46000,-34000,-34000
050573,光寶科國票94購01,0,0,0,0,0,0,0,0,0,-34000,0,0,0,0,34000,-34000,-34000
050533,致新元大94購03  ,0,0,0,0,0,0,0,0,0,-34000,0,0,0,93000,127000,-34000,-34000
051501,康友群益95購02  ,0,0,0,0,0,0,0,0,0,-34000,0,0,0,11000,45000,-34000,-34000
051353,聯發科元大95購08,0,0,0,0,0,0,0,0,0,-34000,0,0,0,0,34000,-34000,-34000
05180P,玉晶光凱基95售04,0,0,0,0,0,0,0,0,0,-34000,0,0,0,16000,50000,-34000,-34000
052047,建準凱基96購01  ,0,0,0,0,0,0,0,0,0,-34000,0,0,0,0,34000,-34000,-34000
05249P,臻鼎國票95售01  ,0,0,0,0,0,0,0,0,0,-34000,0,0,0,36000,70000,-34000,-34000
2399,映泰            ,33000,66000,-33000,0,0,0,0,0,0,-1000,0,1000,-1000,0,0,0,-34000
8466,美吉吉-KY       ,0,34000,-34000,0,0,0,0,0,0,0,0,0,0,0,0,0,-34000
1707,葡萄王          ,44000,81000,-37000,0,0,0,0,0,0,3000,4000,0,4000,0,1000,-1000,-34000
1558,伸興            ,3000,37000,-34000,0,0,0,0,0,0,0,0,0,0,0,0,0,-34000
055296,康舒元大97購02  ,0,0,0,0,0,0,0,0,0,-34000,0,0,0,525000,559000,-34000,-34000
055418,華通永豐97購01  ,0,0,0,0,0,0,0,0,0,-34000,0,0,0,16000,50000,-34000,-34000
053357,可成統一96購02  ,0,0,0,0,0,0,0,0,0,-35000,0,0,0,45000,80000,-35000,-35000
053055,聯詠國票97購01  ,0,0,0,0,0,0,0,0,0,-35000,0,0,0,30000,65000,-35000,-35000
054676,牧德台新98購01  ,0,0,0,0,0,0,0,0,0,-35000,0,0,0,3000,38000,-35000,-35000
054654,全新麥證99購01  ,0,0,0,40000,75000,-35000,0,0,0,-35000,0,0,0,40000,75000,-35000,-35000
054841,亞德客兆豐97購01,0,0,0,0,0,0,0,0,0,-35000,0,0,0,10000,45000,-35000,-35000
044246,力成統一91購01  ,0,0,0,0,0,0,0,0,0,-35000,0,0,0,0,35000,-35000,-35000
044995,大立光國泰94購01,0,0,0,0,0,0,0,0,0,-35000,0,0,0,104000,139000,-35000,-35000
04581P,楠梓電康和94售03,0,0,0,0,0,0,0,0,0,-35000,0,0,0,0,35000,-35000,-35000
045506,麗豐凱基92購02  ,0,0,0,0,0,0,0,0,0,-35000,0,0,0,5000,40000,-35000,-35000
04628P,欣興元大95售01  ,0,0,0,0,0,0,0,0,0,-35000,0,0,0,0,35000,-35000,-35000
046764,亞光凱基93購03  ,0,0,0,0,0,0,0,0,0,-35000,0,0,0,0,35000,-35000,-35000
049564,聯電統一94購03  ,0,0,0,0,0,0,0,0,0,-35000,0,0,0,0,35000,-35000,-35000
049413,台達電凱基94購06,0,0,0,0,0,0,0,0,0,-35000,0,0,0,10000,45000,-35000,-35000
049459,全新元富95購02  ,0,0,0,0,0,0,0,0,0,-35000,0,0,0,20000,55000,-35000,-35000
04935P,鴻海中信96售01  ,0,0,0,0,0,0,0,0,0,-35000,0,0,0,0,35000,-35000,-35000
049185,南電凱基94購03  ,0,0,0,0,0,0,0,0,0,-35000,0,0,0,5000,40000,-35000,-35000
04654P,臺股指凱基94售13,0,0,0,0,0,0,0,0,0,-35000,0,0,0,30000,65000,-35000,-35000
048029,聯發科凱基93購26,0,0,0,0,0,0,0,0,0,-35000,0,0,0,7000,42000,-35000,-35000
049263,大立光元大94購10,0,0,0,0,0,0,0,0,0,-35000,0,0,0,7000,42000,-35000,-35000
047250,日月光群益94購01,0,0,0,0,0,0,0,0,0,-35000,0,0,0,74000,109000,-35000,-35000
051995,矽力元大95購03  ,0,0,0,0,0,0,0,0,0,-35000,0,0,0,33000,68000,-35000,-35000
051470,玉晶光日盛95購01,0,0,0,0,0,0,0,0,0,-35000,0,0,0,0,35000,-35000,-35000
05041P,大立光凱基95售09,0,0,0,0,0,0,0,0,0,-35000,0,0,0,32000,67000,-35000,-35000
050251,樺漢凱基94購02  ,0,0,0,0,0,0,0,0,0,-35000,0,0,0,0,35000,-35000,-35000
04988P,楠梓電元大94售01,0,0,0,0,0,0,0,0,0,-35000,0,0,0,0,35000,-35000,-35000
051185,強茂永豐95購03  ,0,0,0,0,0,0,0,0,0,-35000,0,0,0,10000,45000,-35000,-35000
05660P,玉晶光第一96售01,0,0,0,0,0,0,0,0,0,-35000,0,0,0,0,35000,-35000,-35000
05695P,台積電凱基96售10,0,0,0,0,0,0,0,0,0,-35000,0,0,0,0,35000,-35000,-35000
05637P,聯電元大96售04  ,0,0,0,0,0,0,0,0,0,-35000,0,0,0,15000,50000,-35000,-35000
055344,國巨凱基97購04  ,0,0,0,0,0,0,0,0,0,-35000,0,0,0,0,35000,-35000,-35000
055380,智易元大98購02  ,0,0,0,0,0,0,0,0,0,-35000,0,0,0,0,35000,-35000,-35000
06180P,禾伸堂群益97售01,0,0,0,0,0,0,0,0,0,-35000,0,0,0,53000,88000,-35000,-35000
053017,世紀鋼統一96購02,0,0,0,0,0,0,0,0,0,-36000,0,0,0,27000,63000,-36000,-36000
053492,華邦電兆豐97購01,0,0,0,0,0,0,0,0,0,-36000,0,0,0,30000,66000,-36000,-36000
05380P,鴻海群益95售11  ,0,0,0,0,0,0,0,0,0,-36000,0,0,0,4000,40000,-36000,-36000
048978,晶相光元大94購02,0,0,0,0,0,0,0,0,0,-36000,0,0,0,4000,40000,-36000,-36000
048949,昇陽半永豐94購01,0,0,0,0,0,0,0,0,0,-36000,0,0,0,10000,46000,-36000,-36000
049059,超眾永豐94購01  ,0,0,0,0,0,0,0,0,0,-36000,0,0,0,49000,85000,-36000,-36000
045127,鴻海統一92購01  ,0,0,0,0,0,0,0,0,0,-36000,0,0,0,45000,81000,-36000,-36000
047138,智伸科凱基93購04,0,0,0,0,0,0,0,0,0,-36000,0,0,0,26000,62000,-36000,-36000
047787,正崴群益93購01  ,0,0,0,0,0,0,0,0,0,-36000,0,0,0,18000,54000,-36000,-36000
046567,正崴元富92購01  ,0,0,0,0,0,0,0,0,0,-36000,0,0,0,0,36000,-36000,-36000
050572,大立光中信97購01,0,0,0,0,0,0,0,0,0,-36000,0,0,0,0,36000,-36000,-36000
051690,超眾凱基95購03  ,0,0,0,0,0,0,0,0,0,-36000,0,0,0,0,36000,-36000,-36000
052461,和大統一95購01  ,0,0,0,0,0,0,0,0,0,-36000,0,0,0,20000,56000,-36000,-36000
05759P,智邦永豐96售02  ,0,0,0,0,0,0,0,0,0,-36000,0,0,0,0,36000,-36000,-36000
05896P,宏達電群益96售03,0,0,0,0,0,0,0,0,0,-36000,0,0,0,33000,69000,-36000,-36000
055352,奇力新凱基97購01,0,0,0,0,0,0,0,0,0,-36000,0,0,0,1000,37000,-36000,-36000
055280,智邦元大97購01  ,0,0,0,0,0,0,0,0,0,-36000,0,0,0,57000,93000,-36000,-36000
05522P,友達元富96售02  ,0,0,0,0,0,0,0,0,0,-36000,0,0,0,35000,71000,-36000,-36000
05596P,可成統一96售01  ,0,0,0,0,0,0,0,0,0,-36000,0,0,0,0,36000,-36000,-36000
2444,兆勁            ,46000,82000,-36000,0,0,0,0,0,0,0,0,0,0,0,0,0,-36000
053569,漢唐統一98購01  ,0,0,0,0,0,0,0,0,0,-37000,0,0,0,354000,391000,-37000,-37000
055025,華新科國泰98購02,0,0,0,0,0,0,0,0,0,-37000,0,0,0,2000,39000,-37000,-37000
054256,創意元大96購07  ,0,0,0,0,0,0,0,0,0,-37000,0,0,0,42000,79000,-37000,-37000
049018,光罩群益94購01  ,0,0,0,0,0,0,0,0,0,-37000,0,0,0,33000,70000,-37000,-37000
049073,光罩凱基94購01  ,0,0,0,0,0,0,0,0,0,-37000,0,0,0,56000,93000,-37000,-37000
043050,欣興國泰93購01  ,0,0,0,0,0,0,0,0,0,-37000,0,0,0,57000,94000,-37000,-37000
046549,康友永豐92購02  ,0,0,0,0,0,0,0,0,0,-37000,0,0,0,0,37000,-37000,-37000
047880,聯發科國泰94購03,0,0,0,0,0,0,0,0,0,-37000,0,0,0,24000,61000,-37000,-37000
048662,京元電統一93購04,0,0,0,0,0,0,0,0,0,-37000,0,0,0,82000,119000,-37000,-37000
051784,國巨兆豐95購01  ,0,0,0,0,0,0,0,0,0,-37000,0,0,0,13000,50000,-37000,-37000
049899,台積電元富94購05,0,0,0,0,0,0,0,0,0,-37000,0,0,0,132000,169000,-37000,-37000
050758,聯發科元富9B購01,0,0,0,0,0,0,0,0,0,-37000,0,0,0,0,37000,-37000,-37000
5225,東科-KY         ,33000,70000,-37000,0,0,0,0,0,0,0,0,0,0,0,0,0,-37000
055166,台積電統一97購05,0,0,0,0,0,0,0,0,0,-37000,0,0,0,106000,143000,-37000,-37000
06017P,亞光凱基96售04  ,0,0,0,0,0,0,0,0,0,-37000,0,0,0,43000,80000,-37000,-37000
054309,禾伸堂凱基98購01,0,0,0,0,0,0,0,0,0,-38000,0,0,0,7000,45000,-38000,-38000
054194,國巨麥證96購02  ,0,0,0,7000,45000,-38000,0,0,0,-38000,0,0,0,7000,45000,-38000,-38000
053966,旺宏元大96購08  ,0,0,0,0,0,0,0,0,0,-38000,0,0,0,330000,368000,-38000,-38000
054823,祥碩元大97購02  ,0,0,0,0,0,0,0,0,0,-38000,0,0,0,115000,153000,-38000,-38000
054882,台光電統一97購02,0,0,0,0,0,0,0,0,0,-38000,0,0,0,98000,136000,-38000,-38000
053474,聯發科元大97購06,0,0,0,0,0,0,0,0,0,-38000,0,0,0,39000,77000,-38000,-38000
053842,聯發科統一96購08,0,0,0,0,0,0,0,0,0,-38000,0,0,0,0,38000,-38000,-38000
053816,聯發科群益96購02,0,0,0,0,0,0,0,0,0,-38000,0,0,0,22000,60000,-38000,-38000
053092,台表科元大97購02,0,0,0,0,0,0,0,0,0,-38000,0,0,0,30000,68000,-38000,-38000
052874,超眾凱基96購01  ,0,0,0,0,0,0,0,0,0,-38000,0,0,0,36000,74000,-38000,-38000
04594P,緯穎元大94售04  ,0,0,0,0,0,0,0,0,0,-38000,0,0,0,422000,460000,-38000,-38000
045341,華邦電凱基93購04,0,0,0,0,0,0,0,0,0,-38000,0,0,0,69000,107000,-38000,-38000
048728,台達電麥證94購01,0,0,0,0,49000,-49000,0,0,0,-38000,0,0,0,11000,49000,-38000,-38000
048542,美利達台新93購01,0,0,0,0,0,0,0,0,0,-38000,0,0,0,0,38000,-38000,-38000
048538,美利達國票94購01,0,0,0,0,0,0,0,0,0,-38000,0,0,0,0,38000,-38000,-38000
051065,台積電國票96購01,0,0,0,0,0,0,0,0,0,-38000,0,0,0,17000,55000,-38000,-38000
05040P,聯發科凱基95售05,0,0,0,0,0,0,0,0,0,-38000,0,0,0,19000,57000,-38000,-38000
051989,華固元大95購02  ,0,0,0,0,0,0,0,0,0,-38000,0,0,0,12000,50000,-38000,-38000
051962,晶相光永豐95購02,0,0,0,0,0,0,0,0,0,-38000,0,0,0,73000,111000,-38000,-38000
051396,健鼎兆豐95購01  ,0,0,0,0,0,0,0,0,0,-38000,0,0,0,12000,50000,-38000,-38000
052037,全新國泰96購02  ,0,0,0,0,0,0,0,0,0,-38000,0,0,0,0,38000,-38000,-38000
055107,旺宏凱基98購04  ,0,0,0,0,0,0,0,0,0,-38000,0,0,0,0,38000,-38000,-38000
053099,正崴元富96購01  ,0,0,0,0,0,0,0,0,0,-39000,0,0,0,32000,71000,-39000,-39000
053129,緯穎凱基96購01  ,0,0,0,0,0,0,0,0,0,-39000,0,0,0,1000,40000,-39000,-39000
053048,同欣電麥證96購01,0,0,0,50000,129000,-79000,0,0,0,-39000,0,0,0,90000,129000,-39000,-39000
053741,漢唐國票97購03  ,0,0,0,0,0,0,0,0,0,-39000,0,0,0,10000,49000,-39000,-39000
053677,同欣電國泰97購01,0,0,0,0,0,0,0,0,0,-39000,0,0,0,70000,109000,-39000,-39000
05478P,智伸科國票96售02,0,0,0,0,0,0,0,0,0,-39000,0,0,0,6000,45000,-39000,-39000
054143,茂林元大96購04  ,0,0,0,0,0,0,0,0,0,-39000,0,0,0,85000,124000,-39000,-39000
054307,高鐵凱基98購01  ,0,0,0,0,0,0,0,0,0,-39000,0,0,0,0,39000,-39000,-39000
054298,台表科元大97購03,0,0,0,0,0,0,0,0,0,-39000,0,0,0,20000,59000,-39000,-39000
047947,欣興統一93購04  ,0,0,0,0,0,0,0,0,0,-39000,0,0,0,403000,442000,-39000,-39000
04748P,臺股指元大94售23,0,0,0,0,0,0,0,0,0,-39000,0,0,0,530000,569000,-39000,-39000
04760P,旺宏凱基94售02  ,0,0,0,0,0,0,0,0,0,-39000,0,0,0,39000,78000,-39000,-39000
046466,台虹凱基92購01  ,0,0,0,0,0,0,0,0,0,-39000,0,0,0,40000,79000,-39000,-39000
052501,茂林永豐95購04  ,0,0,0,0,0,0,0,0,0,-39000,0,0,0,294000,333000,-39000,-39000
051624,智邦麥證95購02  ,0,0,0,30000,69000,-39000,0,0,0,-39000,0,0,0,30000,69000,-39000,-39000
051873,緯穎凱基95購02  ,0,0,0,0,0,0,0,0,0,-39000,0,0,0,0,39000,-39000,-39000
051906,國巨元大95購09  ,0,0,0,0,0,0,0,0,0,-39000,0,0,0,12000,51000,-39000,-39000
055158,亞光元大99購01  ,0,0,0,0,0,0,0,0,0,-39000,0,0,0,35000,74000,-39000,-39000
054460,和大凱基97購01  ,0,0,0,0,0,0,0,0,0,-40000,0,0,0,80000,120000,-40000,-40000
054017,茂林永豐96購02  ,0,0,0,0,0,0,0,0,0,-40000,0,0,0,345000,385000,-40000,-40000
054817,聯發科元大97購13,0,0,0,0,0,0,0,0,0,-40000,0,0,0,12000,52000,-40000,-40000
054531,聯發科國泰97購02,0,0,0,0,0,0,0,0,0,-40000,0,0,0,10000,50000,-40000,-40000
05485P,旺宏凱基95售08  ,0,0,0,0,0,0,0,0,0,-40000,0,0,0,0,40000,-40000,-40000
053672,嘉澤元富96購02  ,0,0,0,0,0,0,0,0,0,-40000,0,0,0,0,40000,-40000,-40000
053704,國巨群益96購06  ,0,0,0,0,0,0,0,0,0,-40000,0,0,0,0,40000,-40000,-40000
053413,台積電國票99購01,0,0,0,0,0,0,0,0,0,-40000,0,0,0,11000,51000,-40000,-40000
053152,大立光元大99購01,0,0,0,0,0,0,0,0,0,-40000,0,0,0,20000,60000,-40000,-40000
053209,台積電凱基96購07,0,0,0,0,0,0,0,0,0,-40000,0,0,0,0,40000,-40000,-40000
053204,旺宏麥證96購01  ,0,0,0,10000,50000,-40000,0,0,0,-40000,0,0,0,10000,50000,-40000,-40000
052728,上証2X國泰97購01,0,0,0,0,0,0,0,0,0,-40000,0,0,0,0,40000,-40000,-40000
045939,緯穎群益92購03  ,0,0,0,0,0,0,0,0,0,-40000,0,0,0,0,40000,-40000,-40000
04590P,元石油元大97售01,0,0,0,0,0,0,0,0,0,-40000,0,0,0,15000,55000,-40000,-40000
045093,台表科元大93購02,0,0,0,0,0,0,0,0,0,-40000,0,0,0,0,40000,-40000,-40000
044401,亞光凱基93購01  ,0,0,0,0,0,0,0,0,0,-40000,0,0,0,2000,42000,-40000,-40000
044645,元金2X群益93購01,0,0,0,0,0,0,0,0,0,-40000,0,0,0,12000,52000,-40000,-40000
049104,元油2X富邦97購02,0,0,0,0,0,0,0,0,0,-40000,0,0,0,15000,55000,-40000,-40000
049249,台達電元大94購05,0,0,0,0,0,0,0,0,0,-40000,0,0,0,0,40000,-40000,-40000
049237,元油2X元富96購07,0,0,0,0,0,0,0,0,0,-40000,0,0,0,0,40000,-40000,-40000
045660,欣興富邦93購03  ,0,0,0,0,0,0,0,0,0,-40000,0,0,0,0,40000,-40000,-40000
04337P,台積電元大93售25,0,0,0,0,0,0,0,0,0,-40000,0,0,0,0,40000,-40000,-40000
042983,亞光凱基92購01  ,0,0,0,0,0,0,0,0,0,-40000,0,0,0,0,40000,-40000,-40000
044182,鴻海元富92購01  ,0,0,0,0,0,0,0,0,0,-40000,0,0,0,10000,50000,-40000,-40000
044145,玉山金群益91購01,0,0,0,0,0,0,0,0,0,-40000,0,0,0,20000,60000,-40000,-40000
045741,嘉晶群益92購01  ,0,0,0,0,0,0,0,0,0,-40000,0,0,0,50000,90000,-40000,-40000
03748P,大立光凱基93售14,0,0,0,0,0,0,0,0,0,-40000,0,0,0,0,40000,-40000,-40000
03516P,臺股指國票02售05,0,0,0,0,0,0,0,0,0,-40000,0,0,0,10000,50000,-40000,-40000
046748,喬山凱基93購01  ,0,0,0,0,0,0,0,0,0,-40000,0,0,0,0,40000,-40000,-40000
049286,美律兆豐94購01  ,0,0,0,0,0,0,0,0,0,-40000,0,0,0,185000,225000,-40000,-40000
047739,致伸永豐93購01  ,0,0,0,0,0,0,0,0,0,-40000,0,0,0,0,40000,-40000,-40000
049175,台積電凱基94購12,0,0,0,0,0,0,0,0,0,-40000,0,0,0,0,40000,-40000,-40000
049414,台積電凱基94購18,0,0,0,0,0,0,0,0,0,-40000,0,0,0,20000,60000,-40000,-40000
049492,聯發科元大95購02,0,0,0,0,0,0,0,0,0,-40000,0,0,0,6000,46000,-40000,-40000
049331,元石油統一94購01,0,0,0,0,0,0,0,0,0,-40000,0,0,0,0,40000,-40000,-40000
047723,廣宇群益94購01  ,0,0,0,0,0,0,0,0,0,-40000,0,0,0,0,40000,-40000,-40000
051951,聯發科元富95購02,0,0,0,0,0,0,0,0,0,-40000,0,0,0,0,40000,-40000,-40000
051760,奇力新元大95購04,0,0,0,0,0,0,0,0,0,-40000,0,0,0,0,40000,-40000,-40000
05173P,臺股指元大95售17,0,0,0,0,0,0,0,0,0,-40000,0,0,0,0,40000,-40000,-40000
05171P,臺股指元大95售15,0,0,0,0,0,0,0,0,0,-40000,0,0,0,10000,50000,-40000,-40000
052489,義隆國票96購02  ,0,0,0,0,0,0,0,0,0,-40000,0,0,0,0,40000,-40000,-40000
05246P,南電元大95售04  ,0,0,0,0,0,0,0,0,0,-40000,0,0,0,10000,50000,-40000,-40000
052651,台表科永豐96購02,0,0,0,0,0,0,0,0,0,-40000,0,0,0,136000,176000,-40000,-40000
050463,百和元大94購04  ,0,0,0,0,0,0,0,0,0,-40000,0,0,0,0,40000,-40000,-40000
049906,光寶科元大94購03,0,0,0,0,0,0,0,0,0,-40000,0,0,0,10000,50000,-40000,-40000
050172,臺指反元大98購02,0,0,0,0,0,0,0,0,0,-40000,0,0,0,0,40000,-40000,-40000
050176,正崴元大94購03  ,0,0,0,0,0,0,0,0,0,-40000,0,0,0,26000,66000,-40000,-40000
051292,牧德統一97購01  ,0,0,0,0,0,0,0,0,0,-40000,0,0,0,0,40000,-40000,-40000
055258,玉晶光統一97購03,0,0,0,0,0,0,0,0,0,-40000,0,0,0,55000,95000,-40000,-40000
055632,群創永豐98購01  ,0,0,0,0,0,0,0,0,0,-40000,0,0,0,0,40000,-40000,-40000
05582P,群創凱基98售06  ,0,0,0,0,0,0,0,0,0,-40000,0,0,0,10000,50000,-40000,-40000
05586P,臺股指凱基96售15,0,0,0,0,0,0,0,0,0,-40000,0,0,0,0,40000,-40000,-40000
055453,華邦電元富97購01,0,0,0,0,0,0,0,0,0,-40000,0,0,0,0,40000,-40000,-40000
055454,華邦電元富97購02,0,0,0,0,0,0,0,0,0,-40000,0,0,0,2000,42000,-40000,-40000
06035P,同欣電凱基96售03,0,0,0,0,0,0,0,0,0,-40000,0,0,0,0,40000,-40000,-40000
06124P,超眾元大97售03  ,0,0,0,0,0,0,0,0,0,-40000,0,0,0,0,40000,-40000,-40000
05751P,台積電中信96售05,0,0,0,0,0,0,0,0,0,-40000,0,0,0,0,40000,-40000,-40000
05807P,泰鼎永豐96售03  ,0,0,0,0,0,0,0,0,0,-40000,0,0,0,0,40000,-40000,-40000
06222P,致茂元富97售02  ,0,0,0,0,0,0,0,0,0,-40000,0,0,0,0,40000,-40000,-40000
06191P,鴻海群益97售03  ,0,0,0,0,0,0,0,0,0,-40000,0,0,0,0,40000,-40000,-40000
2468,華經            ,14000,54000,-40000,0,0,0,0,0,0,0,0,0,0,0,0,0,-40000
052764,景碩群益98購01  ,0,0,0,0,0,0,0,0,0,-41000,0,0,0,29000,70000,-41000,-41000
052845,旺宏統一97購01  ,0,0,0,0,0,0,0,0,0,-41000,0,0,0,5000,46000,-41000,-41000
053160,台表科元大96購03,0,0,0,0,0,0,0,0,0,-41000,0,0,0,119000,160000,-41000,-41000
053284,樺漢元大97購01  ,0,0,0,0,0,0,0,0,0,-41000,0,0,0,69000,110000,-41000,-41000
05346P,臺股指統一95售06,0,0,0,0,0,0,0,0,0,-41000,0,0,0,0,41000,-41000,-41000
054974,台表科元大98購02,0,0,0,0,0,0,0,0,0,-41000,0,0,0,4000,45000,-41000,-41000
054766,智原國票98購01  ,0,0,0,0,0,0,0,0,0,-41000,0,0,0,70000,111000,-41000,-41000
04358P,TPK永豐94售01   ,0,0,0,0,0,0,0,0,0,-41000,0,0,0,0,41000,-41000,-41000
042991,南電凱基92購02  ,0,0,0,0,0,0,0,0,0,-41000,0,0,0,30000,71000,-41000,-41000
048928,華新科永豐94購02,0,0,0,0,0,0,0,0,0,-41000,0,0,0,180000,221000,-41000,-41000
048937,玉晶光永豐95購01,0,0,0,0,0,0,0,0,0,-41000,0,0,0,31000,72000,-41000,-41000
048590,貿聯兆豐94購02  ,0,0,0,0,0,0,0,0,0,-41000,0,0,0,49000,90000,-41000,-41000
048678,統一富邦93購01  ,0,0,0,0,0,0,0,0,0,-41000,0,0,0,44000,85000,-41000,-41000
049793,為升元大94購04  ,0,0,0,0,0,0,0,0,0,-41000,0,0,0,128000,169000,-41000,-41000
047415,欣興永昌93購01  ,0,0,0,0,0,0,0,0,0,-41000,0,0,0,45000,86000,-41000,-41000
051003,中環中信97購01  ,0,0,0,0,0,0,0,0,0,-41000,0,0,0,0,41000,-41000,-41000
050791,聯發科富邦96購01,0,0,0,0,0,0,0,0,0,-41000,0,0,0,0,41000,-41000,-41000
052223,聯電凱基96購02  ,0,0,0,0,0,0,0,0,0,-41000,0,0,0,52000,93000,-41000,-41000
052254,康友永豐95購03  ,0,0,0,0,0,0,0,0,0,-41000,0,0,0,113000,154000,-41000,-41000
051828,微星元大95購03  ,0,0,0,0,0,0,0,0,0,-41000,0,0,0,42000,83000,-41000,-41000
051642,鈺齊台新95購01  ,0,0,0,0,0,0,0,0,0,-41000,0,0,0,110000,151000,-41000,-41000
9917,中保科          ,98000,110000,-12000,0,0,0,0,0,0,-29000,0,29000,-29000,0,0,0,-41000
1309,台達化          ,24000,65000,-41000,0,0,0,0,0,0,0,1000,1000,0,0,0,0,-41000
06089P,矽創永豐97售01  ,0,0,0,0,0,0,0,0,0,-41000,0,0,0,0,41000,-41000,-41000
05949P,台積電國票96售09,0,0,0,0,0,0,0,0,0,-41000,0,0,0,332000,373000,-41000,-41000
055259,玉晶光統一9A購01,0,0,0,0,0,0,0,0,0,-41000,0,0,0,1000,42000,-41000,-41000
05526P,茂林群益96售03  ,0,0,0,0,0,0,0,0,0,-41000,0,0,0,1000,42000,-41000,-41000
055303,鈺齊元大97購01  ,0,0,0,0,0,0,0,0,0,-41000,0,0,0,39000,80000,-41000,-41000
054680,華新科康和97購02,0,0,0,0,0,0,0,0,0,-42000,0,0,0,78000,120000,-42000,-42000
054588,玉晶光國泰99購02,0,0,0,0,0,0,0,0,0,-42000,0,0,0,72000,114000,-42000,-42000
054942,凱美元大97購02  ,0,0,0,0,0,0,0,0,0,-42000,0,0,0,32000,74000,-42000,-42000
054058,晶豪科國票98購01,0,0,0,0,0,0,0,0,0,-42000,0,0,0,64000,106000,-42000,-42000
054224,亞光統一98購01  ,0,0,0,0,0,0,0,0,0,-42000,0,0,0,2000,44000,-42000,-42000
054291,高鐵元大97購01  ,0,0,0,0,0,0,0,0,0,-42000,0,0,0,11000,53000,-42000,-42000
053468,鴻海元大98購01  ,0,0,0,0,0,0,0,0,0,-42000,0,0,0,8000,50000,-42000,-42000
053281,茂林元大96購02  ,0,0,0,0,0,0,0,0,0,-42000,0,0,0,724000,766000,-42000,-42000
049210,昇陽半群益94購02,0,0,0,0,0,0,0,0,0,-42000,0,0,0,0,42000,-42000,-42000
049373,大立光元大94購11,0,0,0,0,0,0,0,0,0,-42000,0,0,0,10000,52000,-42000,-42000
049187,義隆台新94購01  ,0,0,0,0,0,0,0,0,0,-42000,0,0,0,0,42000,-42000,-42000
049284,瑞昱中信94購02  ,0,0,0,0,0,0,0,0,0,-42000,0,0,0,122000,164000,-42000,-42000
047214,啟碁富邦97購01  ,0,0,0,0,0,0,0,0,0,-42000,0,0,0,31000,73000,-42000,-42000
04756P,大立光元富94售08,0,0,0,0,0,0,0,0,0,-42000,0,0,0,8000,50000,-42000,-42000
048545,嘉澤永豐93購03  ,0,0,0,0,0,0,0,0,0,-42000,0,0,0,121000,163000,-42000,-42000
051450,世芯元大95購02  ,0,0,0,0,0,0,0,0,0,-42000,0,0,0,141000,183000,-42000,-42000
051456,鈺齊元大95購01  ,0,0,0,0,0,0,0,0,0,-42000,0,0,0,76000,118000,-42000,-42000
055319,國巨國票98購03  ,0,0,0,0,0,0,0,0,0,-42000,0,0,0,20000,62000,-42000,-42000
055240,京元電元富97購01,0,0,0,0,0,0,0,0,0,-42000,0,0,0,8000,50000,-42000,-42000
06106P,國巨群益97售02  ,0,0,0,0,0,0,0,0,0,-42000,0,0,0,66000,108000,-42000,-42000
05777P,台積電統一96售04,0,0,0,0,0,0,0,0,0,-42000,0,0,0,162000,204000,-42000,-42000
052894,國巨群益96購03  ,0,0,0,0,0,0,0,0,0,-43000,0,0,0,89000,132000,-43000,-43000
052724,力成統一97購01  ,0,0,0,0,0,0,0,0,0,-43000,0,0,0,32000,75000,-43000,-43000
053512,台積電群益96購06,0,0,0,0,0,0,0,0,0,-43000,0,0,0,72000,115000,-43000,-43000
054276,國巨群益96購07  ,0,0,0,0,0,0,0,0,0,-43000,0,0,0,29000,72000,-43000,-43000
054258,牧德元大97購01  ,0,0,0,0,0,0,0,0,0,-43000,0,0,0,116000,159000,-43000,-43000
054335,緯穎永豐96購02  ,0,0,0,0,0,0,0,0,0,-43000,0,0,0,15000,58000,-43000,-43000
054345,世芯國票96購02  ,0,0,0,0,0,0,0,0,0,-43000,0,0,0,55000,98000,-43000,-43000
054095,同欣電群益98購03,0,0,0,0,0,0,0,0,0,-43000,0,0,0,66000,109000,-43000,-43000
054914,億光凱基98購01  ,0,0,0,0,0,0,0,0,0,-43000,0,0,0,329000,372000,-43000,-43000
054918,華新科凱基98購02,0,0,0,0,0,0,0,0,0,-43000,0,0,0,19000,62000,-43000,-43000
054869,新光金群益97購01,0,0,0,0,0,0,0,0,0,-43000,0,0,0,0,43000,-43000,-43000
054999,玉晶光元富97購03,0,0,0,0,0,0,0,0,0,-43000,0,0,0,0,43000,-43000,-43000
055057,興勤永豐97購01  ,0,0,0,0,0,0,0,0,0,-43000,0,0,0,157000,200000,-43000,-43000
045971,智伸科凱基92購01,0,0,0,0,0,0,0,0,0,-43000,0,0,0,10000,53000,-43000,-43000
047869,景碩永豐93購01  ,0,0,0,0,0,0,0,0,0,-43000,0,0,0,0,43000,-43000,-43000
051795,T50反1台新05購02,0,0,0,0,0,0,0,0,0,-43000,0,0,0,0,43000,-43000,-43000
052477,美律群益98購01  ,0,0,0,0,0,0,0,0,0,-43000,0,0,0,157000,200000,-43000,-43000
050954,樺漢群益95購01  ,0,0,0,0,0,0,0,0,0,-43000,0,0,0,10000,53000,-43000,-43000
050017,百和富邦94購01  ,0,0,0,0,0,0,0,0,0,-43000,0,0,0,67000,110000,-43000,-43000
050578,聯發科國票95購03,0,0,0,0,0,0,0,0,0,-43000,0,0,0,0,43000,-43000,-43000
050430,京元電凱基94購03,0,0,0,0,0,0,0,0,0,-43000,0,0,0,57000,100000,-43000,-43000
055408,力成國泰98購01  ,0,0,0,0,0,0,0,0,0,-43000,0,0,0,17000,60000,-43000,-43000
055621,國巨國泰98購03  ,0,0,0,0,0,0,0,0,0,-43000,0,0,0,0,43000,-43000,-43000
054901,群光康和97購01  ,0,0,0,0,0,0,0,0,0,-44000,0,0,0,0,44000,-44000,-44000
05476P,聯發科群益95售06,0,0,0,0,0,0,0,0,0,-44000,0,0,0,79000,123000,-44000,-44000
054452,華通亞東96購01  ,0,0,0,0,0,0,0,0,0,-44000,0,0,0,0,44000,-44000,-44000
054402,康控永豐96購03  ,0,0,0,0,0,0,0,0,0,-44000,0,0,0,24000,68000,-44000,-44000
053513,義隆群益96購05  ,0,0,0,0,0,0,0,0,0,-44000,0,0,0,63000,107000,-44000,-44000
053434,國泰金日盛96購01,0,0,0,0,0,0,0,0,0,-44000,0,0,0,19000,63000,-44000,-44000
053603,臺股指元大96購20,0,0,0,0,0,0,0,0,0,-44000,0,0,0,0,44000,-44000,-44000
053054,禾伸堂國票97購01,0,0,0,0,0,0,0,0,0,-44000,0,0,0,12000,56000,-44000,-44000
045826,樺漢凱基92購02  ,0,0,0,0,0,0,0,0,0,-44000,0,0,0,0,44000,-44000,-44000
046282,全新永豐92購01  ,0,0,0,0,0,0,0,0,0,-44000,0,0,0,72000,116000,-44000,-44000
04517P,宏達電群益95售01,0,0,0,0,0,0,0,0,0,-44000,0,0,0,0,44000,-44000,-44000
048936,玉晶光永豐94購05,0,0,0,0,0,0,0,0,0,-44000,0,0,0,11000,55000,-44000,-44000
042470,元油2X元大93購04,0,0,0,0,0,0,0,0,0,-44000,0,0,0,29000,73000,-44000,-44000
00762,元大全球AI      ,0,0,0,0,0,0,0,0,0,-44000,0,0,0,115000,159000,-44000,-44000
03888P,大立光元富93售03,0,0,0,0,0,0,0,0,0,-44000,0,0,0,0,44000,-44000,-44000
048201,智易元大93購06  ,0,0,0,0,0,0,0,0,0,-44000,0,0,0,166000,210000,-44000,-44000
049458,SP黃豆元富96購01,0,0,0,0,0,0,0,0,0,-44000,0,0,0,40000,84000,-44000,-44000
049294,南亞科群益94購01,0,0,0,0,0,0,0,0,0,-44000,0,0,0,148000,192000,-44000,-44000
049667,大立光國泰96購01,0,0,0,0,0,0,0,0,0,-44000,0,0,0,35000,79000,-44000,-44000
055525,國巨群益98購05  ,0,0,0,0,0,0,0,0,0,-44000,0,0,0,0,44000,-44000,-44000
055493,華新科元大97購09,0,0,0,0,0,0,0,0,0,-44000,0,0,0,29000,73000,-44000,-44000
055180,文曄統一97購01  ,0,0,0,0,0,0,0,0,0,-44000,0,0,0,58000,102000,-44000,-44000
055112,晶豪科凱基98購01,0,0,0,0,0,0,0,0,0,-44000,0,0,0,50000,94000,-44000,-44000
1439,中和            ,8000,52000,-44000,0,0,0,0,0,0,0,0,0,0,0,0,0,-44000
1231,聯華食          ,15000,59026,-44026,0,0,0,0,0,0,0,0,0,0,0,0,0,-44026
053076,貿聯永豐96購01  ,0,0,0,0,0,0,0,0,0,-45000,0,0,0,0,45000,-45000,-45000
052741,聯發科元大96購08,0,0,0,0,0,0,0,0,0,-45000,0,0,0,30000,75000,-45000,-45000
053548,旺宏凱基96購04  ,0,0,0,0,0,0,0,0,0,-45000,0,0,0,89000,134000,-45000,-45000
054390,智邦元富96購03  ,0,0,0,0,0,0,0,0,0,-45000,0,0,0,159000,204000,-45000,-45000
05458P,台積電凱基97售02,0,0,0,0,0,0,0,0,0,-45000,0,0,0,25000,70000,-45000,-45000
054919,興富發凱基97購01,0,0,0,0,0,0,0,0,0,-45000,0,0,0,5000,50000,-45000,-45000
044884,嘉澤群益93購01  ,0,0,0,0,0,0,0,0,0,-45000,0,0,0,0,45000,-45000,-45000
044800,華邦電凱基93購02,0,0,0,0,0,0,0,0,0,-45000,0,0,0,0,45000,-45000,-45000
044879,上証2X群益93購01,0,0,0,0,0,0,0,0,0,-45000,0,0,0,10000,55000,-45000,-45000
048953,佳世達康和94購01,0,0,0,0,0,0,0,0,0,-45000,0,0,0,0,45000,-45000,-45000
046257,A50正2國票94購01,0,0,0,0,0,0,0,0,0,-45000,0,0,0,164000,209000,-45000,-45000
044402,景碩凱基93購01  ,0,0,0,0,0,0,0,0,0,-45000,0,0,0,26000,71000,-45000,-45000
045458,智邦元大92購05  ,0,0,0,0,0,0,0,0,0,-45000,0,0,0,5000,50000,-45000,-45000
049504,臺股指元大94購15,0,0,0,0,0,0,0,0,0,-45000,0,0,0,2000,47000,-45000,-45000
048566,上海銀元大93購04,0,0,0,0,0,0,0,0,0,-45000,0,0,0,145000,190000,-45000,-45000
048856,高鐵群益94購01  ,0,0,0,0,0,0,0,0,0,-45000,0,0,0,89000,134000,-45000,-45000
049424,中石化兆豐94購01,0,0,0,0,0,0,0,0,0,-45000,0,0,0,23000,68000,-45000,-45000
048193,旺宏元大94購05  ,0,0,0,0,0,0,0,0,0,-45000,0,0,0,20000,65000,-45000,-45000
05032P,台積電國泰96售05,0,0,0,0,0,0,0,0,0,-45000,0,0,0,82000,127000,-45000,-45000
049921,大立光元大94購16,0,0,0,0,0,0,0,0,0,-45000,0,0,0,6000,51000,-45000,-45000
050858,欣興台新95購01  ,0,0,0,0,0,0,0,0,0,-45000,0,0,0,0,45000,-45000,-45000
05952P,台積電國票97售06,0,0,0,0,0,0,0,0,0,-45000,0,0,0,70000,115000,-45000,-45000
055500,京鼎元大97購04  ,0,0,0,0,0,0,0,0,0,-45000,0,0,0,134000,179000,-45000,-45000
054904,興勤康和97購01  ,0,0,0,0,0,0,0,0,0,-46000,0,0,0,70000,116000,-46000,-46000
054761,台光電國票98購02,0,0,0,0,0,0,0,0,0,-46000,0,0,0,72000,118000,-46000,-46000
054327,亞光台新96購02  ,0,0,0,0,0,0,0,0,0,-46000,0,0,0,2000,48000,-46000,-46000
053874,台表科元大96購05,0,0,0,0,0,0,0,0,0,-46000,0,0,0,37000,83000,-46000,-46000
05273P,國巨群益95售02  ,0,0,0,0,0,0,0,0,0,-46000,0,0,0,4000,50000,-46000,-46000
05287P,鴻海元富95售09  ,0,0,0,0,0,0,0,0,0,-46000,0,0,0,40000,86000,-46000,-46000
052932,正文元大97購01  ,0,0,0,0,0,0,0,0,0,-46000,0,0,0,220000,266000,-46000,-46000
053206,聯發科麥證96購02,0,0,0,10000,56000,-46000,0,0,0,-46000,0,0,0,10000,56000,-46000,-46000
04544P,欣興富邦96售02  ,0,0,0,0,0,0,0,0,0,-46000,0,0,0,0,46000,-46000,-46000
048992,昇陽半元大94購02,0,0,0,0,0,0,0,0,0,-46000,0,0,0,57000,103000,-46000,-46000
00676R,富邦臺灣加權反1 ,0,52000,-52000,0,0,0,0,0,0,6000,0,0,0,197000,191000,6000,-46000
047491,旺宏統一94購03  ,0,0,0,0,0,0,0,0,0,-46000,0,0,0,94000,140000,-46000,-46000
051017,聯發科凱基95購04,0,0,0,0,0,0,0,0,0,-46000,0,0,0,58000,104000,-46000,-46000
052578,大立光統一97購01,0,0,0,0,0,0,0,0,0,-46000,0,0,0,0,46000,-46000,-46000
055628,旺宏永豐97購01  ,0,0,0,0,0,0,0,0,0,-46000,0,0,0,10000,56000,-46000,-46000
055293,晶相光元大97購01,0,0,0,0,0,0,0,0,0,-46000,0,0,0,7000,53000,-46000,-46000
055262,台虹國泰98購01  ,0,0,0,0,0,0,0,0,0,-46000,0,0,0,11000,57000,-46000,-46000
055336,茂林兆豐98購01  ,0,0,0,0,0,0,0,0,0,-46000,0,0,0,350000,396000,-46000,-46000
06123P,玉晶光元大97售04,0,0,0,0,0,0,0,0,0,-46000,0,0,0,0,46000,-46000,-46000
1615,大山            ,2000,15000,-13000,0,0,0,0,0,0,-33000,0,33000,-33000,0,0,0,-46000
052825,TPK永豐96購01   ,0,0,0,0,0,0,0,0,0,-47000,0,0,0,21000,68000,-47000,-47000
054898,台肥康和97購01  ,0,0,0,0,0,0,0,0,0,-47000,0,0,0,0,47000,-47000,-47000
055090,國巨群益97購03  ,0,0,0,0,0,0,0,0,0,-47000,0,0,0,31000,78000,-47000,-47000
044683,聯鈞凱基93購01  ,0,0,0,0,0,0,0,0,0,-47000,0,0,0,50000,97000,-47000,-47000
049539,元油2X群益9A購01,0,0,0,0,0,0,0,0,0,-47000,0,0,0,0,47000,-47000,-47000
047626,全新國票94購01  ,0,0,0,0,0,0,0,0,0,-47000,0,0,0,0,47000,-47000,-47000
052216,康友元大96購01  ,0,0,0,0,0,0,0,0,0,-47000,0,0,0,38000,85000,-47000,-47000
051066,台積電國票96購02,0,0,0,0,0,0,0,0,0,-47000,0,0,0,16000,63000,-47000,-47000
05063P,聯電元大96售03  ,0,0,0,0,0,0,0,0,0,-47000,0,0,0,3000,50000,-47000,-47000
049888,智邦國泰96購01  ,0,0,0,0,0,0,0,0,0,-47000,0,0,0,88000,135000,-47000,-47000
050058,國巨凱基94購06  ,0,0,0,0,0,0,0,0,0,-47000,0,0,0,29000,76000,-47000,-47000
050554,百和凱基95購01  ,0,0,0,0,0,0,0,0,0,-47000,0,0,0,55000,102000,-47000,-47000
06137P,玉晶光永豐97售04,0,0,0,0,0,0,0,0,0,-47000,0,0,0,19000,66000,-47000,-47000
055389,國巨統一98購02  ,0,0,0,0,0,0,0,0,0,-47000,0,0,0,0,47000,-47000,-47000
055288,日電貿元大97購02,0,0,0,0,0,0,0,0,0,-47000,0,0,0,0,47000,-47000,-47000
055413,全新富邦98購01  ,0,0,0,0,0,0,0,0,0,-47000,0,0,0,0,47000,-47000,-47000
8422,可寧衛          ,8000,55000,-47000,0,0,0,0,0,0,0,0,0,0,0,0,0,-47000
9958,世紀鋼          ,268000,149000,119000,0,0,0,0,181000,-181000,15000,45000,0,45000,31000,61000,-30000,-47000
6591,動力-KY         ,149000,198000,-49000,0,0,0,0,0,0,2000,5000,3000,2000,0,0,0,-47000
054635,台達電中信98購01,0,0,0,0,0,0,0,0,0,-48000,0,0,0,10000,58000,-48000,-48000
054393,漢唐永豐96購01  ,0,0,0,0,0,0,0,0,0,-48000,0,0,0,154000,202000,-48000,-48000
052871,群創凱基98購07  ,0,0,0,0,0,0,0,0,0,-48000,0,0,0,119000,167000,-48000,-48000
044511,全新凱基92購01  ,0,0,0,0,0,0,0,0,0,-48000,0,0,0,1000,49000,-48000,-48000
045484,聯電亞東94購01  ,0,0,0,0,0,0,0,0,0,-48000,0,0,0,0,48000,-48000,-48000
045233,神基日盛92購01  ,0,0,0,0,0,0,0,0,0,-48000,0,0,0,0,48000,-48000,-48000
047948,瑞儀統一93購01  ,0,0,0,0,0,0,0,0,0,-48000,0,0,0,108000,156000,-48000,-48000
04692P,大立光群益94售06,0,0,0,0,0,0,0,0,0,-48000,0,0,0,85000,133000,-48000,-48000
052490,禾伸堂國票95購01,0,0,0,0,0,0,0,0,0,-48000,0,0,0,4000,52000,-48000,-48000
052446,聯發科元大96購03,0,0,0,0,0,0,0,0,0,-48000,0,0,0,1000,49000,-48000,-48000
051841,南茂國泰96購01  ,0,0,0,0,0,0,0,0,0,-48000,0,0,0,27000,75000,-48000,-48000
3029,零壹            ,106000,154000,-48000,0,0,0,0,0,0,0,0,0,0,0,0,0,-48000
052898,樺漢群益96購01  ,0,0,0,0,0,0,0,0,0,-49000,0,0,0,3000,52000,-49000,-49000
053806,鎧勝凱基96購02  ,0,0,0,0,0,0,0,0,0,-49000,0,0,0,1000,50000,-49000,-49000
053482,矽力元大96購03  ,0,0,0,0,0,0,0,0,0,-49000,0,0,0,73000,122000,-49000,-49000
054311,世芯凱基96購02  ,0,0,0,0,0,0,0,0,0,-49000,0,0,0,0,49000,-49000,-49000
054293,健策元大98購02  ,0,0,0,0,0,0,0,0,0,-49000,0,0,0,340000,389000,-49000,-49000
053961,揚明光永豐96購04,0,0,0,0,0,0,0,0,0,-49000,0,0,0,0,49000,-49000,-49000
054609,正崴永豐97購01  ,0,0,0,0,0,0,0,0,0,-49000,0,0,0,6000,55000,-49000,-49000
054527,國巨統一97購03  ,0,0,0,0,0,0,0,0,0,-49000,0,0,0,0,49000,-49000,-49000
055063,玉晶光永豐99購01,0,0,0,0,0,0,0,0,0,-49000,0,0,0,75000,124000,-49000,-49000
054946,億光元大97購01  ,0,0,0,0,0,0,0,0,0,-49000,0,0,0,125000,174000,-49000,-49000
044480,瀚宇博統一91購01,0,0,0,0,0,0,0,0,0,-49000,0,0,0,69000,118000,-49000,-49000
043580,大立光元富94購01,0,0,0,0,0,0,0,0,0,-49000,0,0,0,33000,82000,-49000,-49000
047079,GIS兆豐94購01   ,0,0,0,0,0,0,0,0,0,-49000,0,0,0,21000,70000,-49000,-49000
048807,崇越中信94購01  ,0,0,0,0,0,0,0,0,0,-49000,0,0,0,0,49000,-49000,-49000
047929,景碩凱基93購03  ,0,0,0,0,0,0,0,0,0,-49000,0,0,0,1000,50000,-49000,-49000
047996,華邦電元大93購04,0,0,0,0,0,0,0,0,0,-49000,0,0,0,11000,60000,-49000,-49000
047525,漢唐元大93購04  ,0,0,0,0,0,0,0,0,0,-49000,0,0,0,1000,50000,-49000,-49000
049962,台光電元富94購01,0,0,0,0,0,0,0,0,0,-49000,0,0,0,281000,330000,-49000,-49000
051829,玉晶光元大98購02,0,0,0,0,0,0,0,0,0,-49000,0,0,0,6000,55000,-49000,-49000
051704,智邦群益95購02  ,0,0,0,0,0,0,0,0,0,-49000,0,0,0,0,49000,-49000,-49000
051619,智邦凱基95購07  ,0,0,0,0,0,0,0,0,0,-49000,0,0,0,35000,84000,-49000,-49000
05160P,國巨國票96售03  ,0,0,0,0,0,0,0,0,0,-49000,0,0,0,21000,70000,-49000,-49000
051515,聯發科凱基95購10,0,0,0,0,0,0,0,0,0,-49000,0,0,0,68000,117000,-49000,-49000
050592,矽格永豐94購02  ,0,0,0,0,0,0,0,0,0,-49000,0,0,0,0,49000,-49000,-49000
050508,上証2X元大97購01,0,0,0,0,0,0,0,0,0,-49000,0,0,0,1000,50000,-49000,-49000
050263,旺宏元大94購10  ,0,0,0,0,0,0,0,0,0,-49000,0,0,0,50000,99000,-49000,-49000
3024,憶聲            ,18000,51000,-33000,0,0,0,0,0,0,-16000,0,16000,-16000,0,0,0,-49000
6668,中揚光          ,154000,173000,-19000,0,0,0,0,0,0,-30000,0,29000,-29000,0,1000,-1000,-49000
4960,誠美材          ,0,49000,-49000,0,0,0,0,0,0,0,0,0,0,0,0,0,-49000
05584P,臺股指凱基96售13,0,0,0,0,0,0,0,0,0,-49000,0,0,0,197000,246000,-49000,-49000
05983P,聯詠國票96售02  ,0,0,0,0,0,0,0,0,0,-49000,0,0,0,0,49000,-49000,-49000
05893P,國巨兆豐96售04  ,0,0,0,0,0,0,0,0,0,-49000,0,0,0,117000,166000,-49000,-49000
054958,亞光元大97購03  ,0,0,0,0,0,0,0,0,0,-50000,0,0,0,10000,60000,-50000,-50000
054930,群電凱基98購01  ,0,0,0,0,0,0,0,0,0,-50000,0,0,0,0,50000,-50000,-50000
054853,TPK國票98購02   ,0,0,0,0,0,0,0,0,0,-50000,0,0,0,0,50000,-50000,-50000
05477P,華新科群益95售06,0,0,0,0,0,0,0,0,0,-50000,0,0,0,0,50000,-50000,-50000
05467P,聯電元大95售02  ,0,0,0,0,0,0,0,0,0,-50000,0,0,0,0,50000,-50000,-50000
053927,牧德國票97購01  ,0,0,0,0,0,0,0,0,0,-50000,0,0,0,0,50000,-50000,-50000
054157,國巨亞東96購01  ,0,0,0,0,0,0,0,0,0,-50000,0,0,0,2290000,2340000,-50000,-50000
054250,漢唐元大96購04  ,0,0,0,0,0,0,0,0,0,-50000,0,0,0,47000,97000,-50000,-50000
054322,國巨台新96購02  ,0,0,0,0,0,0,0,0,0,-50000,0,0,0,30000,80000,-50000,-50000
054317,昇陽半凱基98購01,0,0,0,0,0,0,0,0,0,-50000,0,0,0,0,50000,-50000,-50000
054422,T50反1富邦9A購01,0,0,0,0,0,0,0,0,0,-50000,0,0,0,0,50000,-50000,-50000
053369,T50反1元大96購06,0,0,0,0,0,0,0,0,0,-50000,0,0,0,0,50000,-50000,-50000
053855,康友國泰98購01  ,0,0,0,0,0,0,0,0,0,-50000,0,0,0,614000,664000,-50000,-50000
053907,揚明光凱基96購01,0,0,0,0,0,0,0,0,0,-50000,0,0,0,0,50000,-50000,-50000
052813,T50正2永豐96購01,0,0,0,0,0,0,0,0,0,-50000,0,0,0,15000,65000,-50000,-50000
052734,台表科國泰98購02,0,0,0,0,0,0,0,0,0,-50000,0,0,0,81000,131000,-50000,-50000
053162,緯穎元大97購01  ,0,0,0,0,0,0,0,0,0,-50000,0,0,0,119000,169000,-50000,-50000
053072,國巨台新97購01  ,0,0,0,0,0,0,0,0,0,-50000,0,0,0,250000,300000,-50000,-50000
043663,大立光元大92購07,0,0,0,0,0,0,0,0,0,-50000,0,0,0,0,50000,-50000,-50000
043693,為升兆豐93購01  ,0,0,0,0,0,0,0,0,0,-50000,0,0,0,0,50000,-50000,-50000
03763P,聯發科元富96售01,0,0,0,0,0,0,0,0,0,-50000,0,0,0,40000,90000,-50000,-50000
04226P,宏達電元富93售01,0,0,0,0,0,0,0,0,0,-50000,0,0,0,0,50000,-50000,-50000
042298,群創元大92購01  ,0,0,0,0,0,0,0,0,0,-50000,0,0,0,10000,60000,-50000,-50000
04380P,欣興元大94售02  ,0,0,0,0,0,0,0,0,0,-50000,0,0,0,0,50000,-50000,-50000
04388P,滬深2X凱基95售05,0,0,0,0,0,0,0,0,0,-50000,0,0,0,0,50000,-50000,-50000
03836P,華泰凱基93售02  ,0,0,0,0,0,0,0,0,0,-50000,0,0,0,0,50000,-50000,-50000
044839,同欣電元大91購02,0,0,0,0,0,0,0,0,0,-50000,0,0,0,0,50000,-50000,-50000
044778,力成元大91購02  ,0,0,0,0,0,0,0,0,0,-50000,0,0,0,0,50000,-50000,-50000
046143,京元電元富92購01,0,0,0,0,0,0,0,0,0,-50000,0,0,0,0,50000,-50000,-50000
045762,微星統一92購01  ,0,0,0,0,0,0,0,0,0,-50000,0,0,0,0,50000,-50000,-50000
043027,康友元大92購02  ,0,0,0,0,0,0,0,0,0,-50000,0,0,0,0,50000,-50000,-50000
042914,大立光元大92購06,0,0,0,0,0,0,0,0,0,-50000,0,0,0,0,50000,-50000,-50000
04176P,台達電元大94售01,0,0,0,0,0,0,0,0,0,-50000,0,0,0,0,50000,-50000,-50000
04084P,台表科統一93售01,0,0,0,0,0,0,0,0,0,-50000,0,0,0,0,50000,-50000,-50000
04050P,創意元大93售05  ,0,0,0,0,0,0,0,0,0,-50000,0,0,0,0,50000,-50000,-50000
044506,智邦凱基91購05  ,0,0,0,0,0,0,0,0,0,-50000,0,0,0,0,50000,-50000,-50000
04435P,台積電中信95售07,0,0,0,0,0,0,0,0,0,-50000,0,0,0,0,50000,-50000,-50000
045079,大立光元大93購05,0,0,0,0,0,0,0,0,0,-50000,0,0,0,0,50000,-50000,-50000
045881,同欣電元富92購01,0,0,0,0,0,0,0,0,0,-50000,0,0,0,21000,71000,-50000,-50000
045479,T50反1中信95購01,0,0,0,0,0,0,0,0,0,-50000,0,0,0,0,50000,-50000,-50000
045974,傳奇凱基93購02  ,0,0,0,0,0,0,0,0,0,-50000,0,0,0,0,50000,-50000,-50000
045887,台光電元大92購07,0,0,0,0,0,0,0,0,0,-50000,0,0,0,50000,100000,-50000,-50000
045096,達方元大92購01  ,0,0,0,0,0,0,0,0,0,-50000,0,0,0,0,50000,-50000,-50000
046029,微星元大92購02  ,0,0,0,0,0,0,0,0,0,-50000,0,0,0,200000,250000,-50000,-50000
045619,強茂永豐92購01  ,0,0,0,0,0,0,0,0,0,-50000,0,0,0,0,50000,-50000,-50000
046249,聯發科群益92購03,0,0,0,0,0,0,0,0,0,-50000,0,0,0,10000,60000,-50000,-50000
046345,世紀鋼國票93購01,0,0,0,0,0,0,0,0,0,-50000,0,0,0,16000,66000,-50000,-50000
048974,日電貿元大94購01,0,0,0,0,0,0,0,0,0,-50000,0,0,0,0,50000,-50000,-50000
049093,昇陽半凱基94購01,0,0,0,0,0,0,0,0,0,-50000,0,0,0,0,50000,-50000,-50000
049079,聯發科凱基94購04,0,0,0,0,0,0,0,0,0,-50000,0,0,0,67000,117000,-50000,-50000
049810,欣興元大95購03  ,0,0,0,0,0,0,0,0,0,-50000,0,0,0,53000,103000,-50000,-50000
049743,全新台新94購01  ,0,0,0,0,0,0,0,0,0,-50000,0,0,0,20000,70000,-50000,-50000
048339,友達元大95購01  ,0,0,0,0,0,0,0,0,0,-50000,0,0,0,103000,153000,-50000,-50000
049538,元油2X群益98購01,0,0,0,0,0,0,0,0,0,-50000,0,0,0,0,50000,-50000,-50000
049473,光罩永豐94購03  ,0,0,0,0,0,0,0,0,0,-50000,0,0,0,10000,60000,-50000,-50000
048842,矽格凱基94購01  ,0,0,0,0,0,0,0,0,0,-50000,0,0,0,0,50000,-50000,-50000
048412,台勝科亞東93購01,0,0,0,0,0,0,0,0,0,-50000,0,0,0,0,50000,-50000,-50000
047995,台達電元大96購01,0,0,0,0,0,0,0,0,0,-50000,0,0,0,0,50000,-50000,-50000
048288,T50反1群益93購05,0,0,0,0,0,0,0,0,0,-50000,0,0,0,0,50000,-50000,-50000
048061,鴻海統一95購03  ,0,0,0,0,0,0,0,0,0,-50000,0,0,0,16000,66000,-50000,-50000
046531,臻鼎兆豐92購02  ,0,0,0,0,0,0,0,0,0,-50000,0,0,0,0,50000,-50000,-50000
048080,元石油凱基96購01,0,0,0,0,0,0,0,0,0,-50000,0,0,0,0,50000,-50000,-50000
047043,廣越群益93購01  ,0,0,0,0,0,0,0,0,0,-50000,0,0,0,0,50000,-50000,-50000
046440,義隆亞東93購01  ,0,0,0,0,0,0,0,0,0,-50000,0,0,0,0,50000,-50000,-50000
046746,儒鴻凱基93購03  ,0,0,0,0,0,0,0,0,0,-50000,0,0,0,25000,75000,-50000,-50000
048204,訊芯元大93購06  ,0,0,0,0,0,0,0,0,0,-50000,0,0,0,132000,182000,-50000,-50000
047432,台達電元大93購01,0,0,0,0,0,0,0,0,0,-50000,0,0,0,0,50000,-50000,-50000
04697P,臺股指元富94售03,0,0,0,0,0,0,0,0,0,-50000,0,0,0,40000,90000,-50000,-50000
046937,聯電元大99購01  ,0,0,0,0,0,0,0,0,0,-50000,0,0,0,0,50000,-50000,-50000
050162,中環國泰95購01  ,0,0,0,0,0,0,0,0,0,-50000,0,0,0,0,50000,-50000,-50000
050036,矽格元大94購03  ,0,0,0,0,0,0,0,0,0,-50000,0,0,0,27000,77000,-50000,-50000
050073,傳奇凱基94購02  ,0,0,0,0,0,0,0,0,0,-50000,0,0,0,0,50000,-50000,-50000
049890,嘉澤國泰95購01  ,0,0,0,0,0,0,0,0,0,-50000,0,0,0,161000,211000,-50000,-50000
050020,為升元大94購06  ,0,0,0,0,0,0,0,0,0,-50000,0,0,0,10000,60000,-50000,-50000
05052P,友達群益97售01  ,0,0,0,0,0,0,0,0,0,-50000,0,0,0,0,50000,-50000,-50000
050616,潤泰全元大94購01,0,0,0,0,0,0,0,0,0,-50000,0,0,0,150000,200000,-50000,-50000
050286,為升凱基94購05  ,0,0,0,0,0,0,0,0,0,-50000,0,0,0,30000,80000,-50000,-50000
050447,廣達元大94購01  ,0,0,0,0,0,0,0,0,0,-50000,0,0,0,0,50000,-50000,-50000
050394,大立光元富94購09,0,0,0,0,0,0,0,0,0,-50000,0,0,0,0,50000,-50000,-50000
050892,聯電元大96購02  ,0,0,0,0,0,0,0,0,0,-50000,0,0,0,41000,91000,-50000,-50000
050804,和大日盛95購01  ,0,0,0,0,0,0,0,0,0,-50000,0,0,0,29000,79000,-50000,-50000
051189,鴻海兆豐96購01  ,0,0,0,0,0,0,0,0,0,-50000,0,0,0,0,50000,-50000,-50000
051161,喬山元大95購02  ,0,0,0,0,0,0,0,0,0,-50000,0,0,0,0,50000,-50000,-50000
051459,臺股指元大95購19,0,0,0,0,0,0,0,0,0,-50000,0,0,0,0,50000,-50000,-50000
051687,大立光凱基95購12,0,0,0,0,0,0,0,0,0,-50000,0,0,0,2000,52000,-50000,-50000
05259P,臺股指凱基96售12,0,0,0,0,0,0,0,0,0,-50000,0,0,0,0,50000,-50000,-50000
05254P,瑞昱凱基95售04  ,0,0,0,0,0,0,0,0,0,-50000,0,0,0,0,50000,-50000,-50000
052351,中環元富95購01  ,0,0,0,0,0,0,0,0,0,-50000,0,0,0,0,50000,-50000,-50000
052173,廣達元大95購02  ,0,0,0,0,0,0,0,0,0,-50000,0,0,0,0,50000,-50000,-50000
05741P,聯發科元大96售14,0,0,0,0,0,0,0,0,0,-50000,0,0,0,932000,982000,-50000,-50000
06138P,台積電中信99售01,0,0,0,0,0,0,0,0,0,-50000,0,0,0,30000,80000,-50000,-50000
1902,台紙            ,133000,243000,-110000,0,0,0,60000,0,60000,0,1000,1000,0,0,0,0,-50000
06217P,鴻海元富97售05  ,0,0,0,0,0,0,0,0,0,-50000,0,0,0,0,50000,-50000,-50000
055477,同欣電凱基98購01,0,0,0,0,0,0,0,0,0,-50000,0,0,0,11000,61000,-50000,-50000
055499,大立光元大98購05,0,0,0,0,0,0,0,0,0,-50000,0,0,0,0,50000,-50000,-50000
055315,晶技麥證97購01  ,0,0,0,0,50000,-50000,0,0,0,-50000,0,0,0,0,50000,-50000,-50000
055126,嘉澤兆豐97購01  ,0,0,0,0,0,0,0,0,0,-50000,0,0,0,0,50000,-50000,-50000
2369,菱生            ,119000,168000,-49000,0,0,0,0,0,0,-1000,0,1000,-1000,0,0,0,-50000
053791,同欣電元大96購05,0,0,0,0,0,0,0,0,0,-51000,0,0,0,28000,79000,-51000,-51000
053451,致新凱基96購02  ,0,0,0,0,0,0,0,0,0,-51000,0,0,0,0,51000,-51000,-51000
054850,上海銀兆豐97購01,0,0,0,0,0,0,0,0,0,-51000,0,0,0,59000,110000,-51000,-51000
05507P,聯茂凱基96售02  ,0,0,0,0,0,0,0,0,0,-51000,0,0,0,0,51000,-51000,-51000
046269,禾伸堂凱基92購03,0,0,0,0,0,0,0,0,0,-51000,0,0,0,13000,64000,-51000,-51000
042169,元油2X凱基92購03,0,0,0,0,0,0,0,0,0,-51000,0,0,0,0,51000,-51000,-51000
03601P,聯發科凱基92售07,0,0,0,0,0,0,0,0,0,-51000,0,0,0,0,51000,-51000,-51000
048741,欣興統一94購02  ,0,0,0,0,0,0,0,0,0,-51000,0,0,0,39000,90000,-51000,-51000
048540,百和國票93購01  ,0,0,0,0,0,0,0,0,0,-51000,0,0,0,0,51000,-51000,-51000
049811,聯鈞元大94購01  ,0,0,0,0,0,0,0,0,0,-51000,0,0,0,57000,108000,-51000,-51000
05223P,臻鼎凱基95售02  ,0,0,0,0,0,0,0,0,0,-51000,0,0,0,49000,100000,-51000,-51000
050911,光磊中信98購01  ,0,0,0,0,0,0,0,0,0,-51000,0,0,0,78000,129000,-51000,-51000
055247,聯發科統一98購01,0,0,0,0,0,0,0,0,0,-51000,0,0,0,50000,101000,-51000,-51000
06008P,燿華統一96售04  ,0,0,0,0,0,0,0,0,0,-51000,0,0,0,46000,97000,-51000,-51000
054896,聯茂日盛97購01  ,0,0,0,0,0,0,0,0,0,-52000,0,0,0,540000,592000,-52000,-52000
054953,華新科元大97購05,0,0,0,0,0,0,0,0,0,-52000,0,0,0,61000,113000,-52000,-52000
054325,奇力新台新97購03,0,0,0,0,0,0,0,0,0,-52000,0,0,0,64000,116000,-52000,-52000
05422P,大立光中信97售02,0,0,0,0,0,0,0,0,0,-52000,0,0,0,3000,55000,-52000,-52000
052869,新日興凱基96購01,0,0,0,0,0,0,0,0,0,-52000,0,0,0,6000,58000,-52000,-52000
04140P,聯茂國票93售03  ,0,0,0,0,0,0,0,0,0,-52000,0,0,0,0,52000,-52000,-52000
045627,聯電凱基93購03  ,0,0,0,0,0,0,0,0,0,-52000,0,0,0,2000,54000,-52000,-52000
048940,晶相光永豐94購01,0,0,0,0,0,0,0,0,0,-52000,0,0,0,127000,179000,-52000,-52000
04428P,台光電元大94售02,0,0,0,0,0,0,0,0,0,-52000,0,0,0,17000,69000,-52000,-52000
049307,上銀凱基94購03  ,0,0,0,0,0,0,0,0,0,-52000,0,0,0,16000,68000,-52000,-52000
047870,嘉澤永豐93購02  ,0,0,0,0,0,0,0,0,0,-52000,0,0,0,27000,79000,-52000,-52000
051112,台郡統一95購01  ,0,0,0,0,0,0,0,0,0,-52000,0,0,0,174000,226000,-52000,-52000
050580,強茂國票95購01  ,0,0,0,0,0,0,0,0,0,-52000,0,0,0,0,52000,-52000,-52000
052261,台泥第一95購01  ,0,0,0,0,0,0,0,0,0,-52000,0,0,0,0,52000,-52000,-52000
052180,緯穎元大96購05  ,0,0,0,0,0,0,0,0,0,-52000,0,0,0,17000,69000,-52000,-52000
051442,正崴元大95購02  ,0,0,0,0,0,0,0,0,0,-52000,0,0,0,39000,91000,-52000,-52000
055495,長榮航元大97購01,0,0,0,0,0,0,0,0,0,-52000,0,0,0,0,52000,-52000,-52000
053560,漢唐國泰98購01  ,0,0,0,0,0,0,0,0,0,-53000,0,0,0,223000,276000,-53000,-53000
054096,佳世達國票97購01,0,0,0,0,0,0,0,0,0,-53000,0,0,0,7000,60000,-53000,-53000
054116,順德康和96購01  ,0,0,0,0,0,0,0,0,0,-53000,0,0,0,1000,54000,-53000,-53000
055051,藍天永豐97購01  ,0,0,0,0,0,0,0,0,0,-53000,0,0,0,0,53000,-53000,-53000
054538,台光電國票98購01,0,0,0,0,0,0,0,0,0,-53000,0,0,0,0,53000,-53000,-53000
03640C,元油2X元大9B牛02,0,0,0,0,0,0,0,0,0,-53000,0,0,0,0,53000,-53000,-53000
047218,南茂日盛93購01  ,0,0,0,0,0,0,0,0,0,-53000,0,0,0,0,53000,-53000,-53000
047312,聯發科元大93購13,0,0,0,0,0,0,0,0,0,-53000,0,0,0,0,53000,-53000,-53000
04939P,國巨國票95售03  ,0,0,0,0,0,0,0,0,0,-53000,0,0,0,0,53000,-53000,-53000
048592,漢唐群益93購04  ,0,0,0,0,0,0,0,0,0,-53000,0,0,0,99000,152000,-53000,-53000
051967,康友永豐95購02  ,0,0,0,0,0,0,0,0,0,-53000,0,0,0,0,53000,-53000,-53000
052188,欣興群益95購03  ,0,0,0,0,0,0,0,0,0,-53000,0,0,0,11000,64000,-53000,-53000
050589,昇陽半國票94購02,0,0,0,0,0,0,0,0,0,-53000,0,0,0,0,53000,-53000,-53000
051201,台積電麥證95購02,0,0,0,47000,100000,-53000,0,0,0,-53000,0,0,0,47000,100000,-53000,-53000
055598,欣興元大97購03  ,0,0,0,0,0,0,0,0,0,-53000,0,0,0,53000,106000,-53000,-53000
055388,華通統一97購03  ,0,0,0,0,0,0,0,0,0,-53000,0,0,0,0,53000,-53000,-53000
06131P,京鼎元富97售02  ,0,0,0,0,0,0,0,0,0,-53000,0,0,0,0,53000,-53000,-53000
6139,亞翔            ,331000,346000,-15000,0,0,0,0,0,0,-38000,2000,4000,-2000,2000,38000,-36000,-53000
9907,統一實          ,71000,124000,-53000,0,0,0,0,0,0,0,0,0,0,0,0,0,-53000
054542,台表科國票98購01,0,0,0,0,0,0,0,0,0,-54000,0,0,0,93000,147000,-54000,-54000
053924,京鼎國票97購01  ,0,0,0,0,0,0,0,0,0,-54000,0,0,0,0,54000,-54000,-54000
053576,智原元富96購01  ,0,0,0,0,0,0,0,0,0,-54000,0,0,0,4000,58000,-54000,-54000
05306P,泰碩國泰97售01  ,0,0,0,0,0,0,0,0,0,-54000,0,0,0,10000,64000,-54000,-54000
053142,緯穎永豐96購01  ,0,0,0,0,0,0,0,0,0,-54000,0,0,0,0,54000,-54000,-54000
047714,禾伸堂凱基93購03,0,0,0,0,0,0,0,0,0,-54000,0,0,0,50000,104000,-54000,-54000
048696,台達電國票96購01,0,0,0,0,0,0,0,0,0,-54000,0,0,0,0,54000,-54000,-54000
048665,欣興統一93購07  ,0,0,0,0,0,0,0,0,0,-54000,0,0,0,543000,597000,-54000,-54000
048098,嘉澤凱基93購04  ,0,0,0,0,0,0,0,0,0,-54000,0,0,0,21000,75000,-54000,-54000
050505,可成凱基94購12  ,0,0,0,0,0,0,0,0,0,-54000,0,0,0,14000,68000,-54000,-54000
052313,聯電元大98購01  ,0,0,0,0,0,0,0,0,0,-54000,0,0,0,100000,154000,-54000,-54000
052386,鴻海群益96購02  ,0,0,0,0,0,0,0,0,0,-54000,0,0,0,11000,65000,-54000,-54000
051965,傳奇永豐95購01  ,0,0,0,0,0,0,0,0,0,-54000,0,0,0,0,54000,-54000,-54000
055122,國巨兆豐98購01  ,0,0,0,0,0,0,0,0,0,-54000,0,0,0,2000,56000,-54000,-54000
053143,昇陽半永豐96購03,0,0,0,0,0,0,0,0,0,-55000,0,0,0,9000,64000,-55000,-55000
053203,智易日盛96購01  ,0,0,0,0,0,0,0,0,0,-55000,0,0,0,0,55000,-55000,-55000
052839,上海銀國泰97購01,0,0,0,0,0,0,0,0,0,-55000,0,0,0,48000,103000,-55000,-55000
053784,奇力新元大97購02,0,0,0,0,0,0,0,0,0,-55000,0,0,0,0,55000,-55000,-55000
03420P,牧德群益02售04  ,0,0,0,0,0,0,0,0,0,-55000,0,0,0,0,55000,-55000,-55000
03544P,鴻海群益02售07  ,0,0,0,0,0,0,0,0,0,-55000,0,0,0,0,55000,-55000,-55000
04376P,漢唐元大94售04  ,0,0,0,0,0,0,0,0,0,-55000,0,0,0,0,55000,-55000,-55000
045543,百和群益94購01  ,0,0,0,0,0,0,0,0,0,-55000,0,0,0,5000,60000,-55000,-55000
049233,聯發科統一94購04,0,0,0,0,0,0,0,0,0,-55000,0,0,0,0,55000,-55000,-55000
045255,華邦電凱基93購03,0,0,0,0,0,0,0,0,0,-55000,0,0,0,7000,62000,-55000,-55000
048773,貿聯凱基94購01  ,0,0,0,0,0,0,0,0,0,-55000,0,0,0,28000,83000,-55000,-55000
051528,亞泥國票96購01  ,0,0,0,0,0,0,0,0,0,-55000,0,0,0,0,55000,-55000,-55000
052467,嘉聯益統一96購01,0,0,0,0,0,0,0,0,0,-55000,0,0,0,59000,114000,-55000,-55000
05260P,和碩元富95售02  ,0,0,0,0,0,0,0,0,0,-55000,0,0,0,1000,56000,-55000,-55000
052088,漢唐元大95購02  ,0,0,0,0,0,0,0,0,0,-55000,0,0,0,63000,118000,-55000,-55000
050468,矽格中信94購01  ,0,0,0,0,0,0,0,0,0,-55000,0,0,0,5000,60000,-55000,-55000
050431,聯發科凱基94購18,0,0,0,0,0,0,0,0,0,-55000,0,0,0,167000,222000,-55000,-55000
050024,旺宏元大94購09  ,0,0,0,0,0,0,0,0,0,-55000,0,0,0,14000,69000,-55000,-55000
050173,旺宏元大96購02  ,0,0,0,0,0,0,0,0,0,-55000,0,0,0,221000,276000,-55000,-55000
050608,台達電元大94購12,0,0,0,0,0,0,0,0,0,-55000,0,0,0,20000,75000,-55000,-55000
055244,國巨統一98購01  ,0,0,0,0,0,0,0,0,0,-55000,0,0,0,0,55000,-55000,-55000
06094P,台達電中信97售01,0,0,0,0,0,0,0,0,0,-55000,0,0,0,65000,120000,-55000,-55000
05973P,聯詠元大96售06  ,0,0,0,0,0,0,0,0,0,-55000,0,0,0,0,55000,-55000,-55000
053628,微星兆豐96購01  ,0,0,0,0,0,0,0,0,0,-56000,0,0,0,8000,64000,-56000,-56000
046028,微星元大92購01  ,0,0,0,0,0,0,0,0,0,-56000,0,0,0,101000,157000,-56000,-56000
049295,全新群益94購02  ,0,0,0,0,0,0,0,0,0,-56000,0,0,0,0,56000,-56000,-56000
049712,為升凱基94購03  ,0,0,0,0,0,0,0,0,0,-56000,0,0,0,0,56000,-56000,-56000
049617,光罩群益94購03  ,0,0,0,0,0,0,0,0,0,-56000,0,0,0,30000,86000,-56000,-56000
05090P,國巨元大95售05  ,0,0,0,0,0,0,0,0,0,-56000,0,0,0,26000,82000,-56000,-56000
051084,華通元大95購06  ,0,0,0,0,0,0,0,0,0,-56000,0,0,0,58000,114000,-56000,-56000
050314,晶技兆豐94購01  ,0,0,0,0,0,0,0,0,0,-56000,0,0,0,12000,68000,-56000,-56000
052449,創意元大95購04  ,0,0,0,0,0,0,0,0,0,-56000,0,0,0,4000,60000,-56000,-56000
051645,光寶科永豐95購01,0,0,0,0,0,0,0,0,0,-56000,0,0,0,14000,70000,-56000,-56000
051490,世芯凱基96購01  ,0,0,0,0,0,0,0,0,0,-56000,0,0,0,103000,159000,-56000,-56000
051941,樺漢群益95購02  ,0,0,0,0,0,0,0,0,0,-56000,0,0,0,20000,76000,-56000,-56000
1733,五鼎            ,5000,61000,-56000,0,0,0,0,0,0,0,0,0,0,0,0,0,-56000
05509P,智邦元富96售02  ,0,0,0,0,0,0,0,0,0,-56000,0,0,0,0,56000,-56000,-56000
055331,國巨兆豐99購01  ,0,0,0,0,0,0,0,0,0,-56000,0,0,0,0,56000,-56000,-56000
6605,帝寶            ,7000,63000,-56000,0,0,0,0,0,0,0,0,0,0,0,0,0,-56000
053615,光罩群益96購01  ,0,0,0,0,0,0,0,0,0,-57000,0,0,0,48000,105000,-57000,-57000
053581,台積電元大96購14,0,0,0,0,0,0,0,0,0,-57000,0,0,0,143000,200000,-57000,-57000
053406,國巨兆豐96購02  ,0,0,0,0,0,0,0,0,0,-57000,0,0,0,15000,72000,-57000,-57000
053066,欣興群益96購02  ,0,0,0,0,0,0,0,0,0,-57000,0,0,0,131000,188000,-57000,-57000
054485,華邦電台新96購01,0,0,0,0,0,0,0,0,0,-57000,0,0,0,24000,81000,-57000,-57000
054717,亞德客永豐97購01,0,0,0,0,0,0,0,0,0,-57000,0,0,0,50000,107000,-57000,-57000
049255,旺宏元大97購02  ,0,0,0,0,0,0,0,0,0,-57000,0,0,0,21000,78000,-57000,-57000
043641,深中小國票94購01,0,0,0,0,0,0,0,0,0,-57000,0,0,0,13000,70000,-57000,-57000
044886,台表科群益91購06,0,0,0,0,0,0,0,0,0,-57000,0,0,0,13000,70000,-57000,-57000
048432,全新國票95購01  ,0,0,0,0,0,0,0,0,0,-57000,0,0,0,32000,89000,-57000,-57000
047437,旺宏元大94購02  ,0,0,0,0,0,0,0,0,0,-57000,0,0,0,13000,70000,-57000,-57000
051790,貿聯國票95購03  ,0,0,0,0,0,0,0,0,0,-57000,0,0,0,253000,310000,-57000,-57000
052263,聯電亞東95購01  ,0,0,0,0,0,0,0,0,0,-57000,0,0,0,0,57000,-57000,-57000
050836,緯穎凱基95購01  ,0,0,0,0,0,0,0,0,0,-57000,0,0,0,14000,71000,-57000,-57000
4306,炎洲            ,7000,63000,-56000,0,0,0,0,0,0,-1000,0,1000,-1000,0,0,0,-57000
05514P,康舒永豐96售01  ,0,0,0,0,0,0,0,0,0,-57000,0,0,0,0,57000,-57000,-57000
055520,矽力中信97購02  ,0,0,0,0,0,0,0,0,0,-57000,0,0,0,0,57000,-57000,-57000
055508,矽力元大97購01  ,0,0,0,0,0,0,0,0,0,-57000,0,0,0,45000,102000,-57000,-57000
05961P,鴻海群益97售01  ,0,0,0,0,0,0,0,0,0,-57000,0,0,0,0,57000,-57000,-57000
05465P,台表科永豐95售03,0,0,0,0,0,0,0,0,0,-58000,0,0,0,44000,102000,-58000,-58000
054447,國泰金兆豐96購01,0,0,0,0,0,0,0,0,0,-58000,0,0,0,14000,72000,-58000,-58000
054206,鴻海國票99購01  ,0,0,0,0,0,0,0,0,0,-58000,0,0,0,0,58000,-58000,-58000
054195,亞泥國泰98購01  ,0,0,0,0,0,0,0,0,0,-58000,0,0,0,98000,156000,-58000,-58000
052861,台光電凱基96購03,0,0,0,0,0,0,0,0,0,-58000,0,0,0,246000,304000,-58000,-58000
053387,緯創元大97購01  ,0,0,0,0,0,0,0,0,0,-58000,0,0,0,10000,68000,-58000,-58000
053301,華通凱基96購04  ,0,0,0,0,0,0,0,0,0,-58000,0,0,0,9000,67000,-58000,-58000
053495,聯發科兆豐96購02,0,0,0,0,0,0,0,0,0,-58000,0,0,0,45000,103000,-58000,-58000
00753L,中信中國50正2   ,0,0,0,0,0,0,0,0,0,-58000,0,0,0,135000,193000,-58000,-58000
045068,台光電元大92購05,0,0,0,0,0,0,0,0,0,-58000,0,0,0,2000,60000,-58000,-58000
047046,台積電國票94購01,0,0,0,0,0,0,0,0,0,-58000,0,0,0,22000,80000,-58000,-58000
04801P,矽力元大94售02  ,0,0,0,0,0,0,0,0,0,-58000,0,0,0,10000,68000,-58000,-58000
048037,台表科凱基93購05,0,0,0,0,0,0,0,0,0,-58000,0,0,0,11000,69000,-58000,-58000
050448,義隆元大94購04  ,0,0,0,0,0,0,0,0,0,-58000,0,0,0,70000,128000,-58000,-58000
051945,智邦統一95購03  ,0,0,0,0,0,0,0,0,0,-58000,0,0,0,20000,78000,-58000,-58000
05669P,嘉晶永豐96售03  ,0,0,0,0,0,0,0,0,0,-58000,0,0,0,0,58000,-58000,-58000
055329,百和國票98購01  ,0,0,0,0,0,0,0,0,0,-58000,0,0,0,26000,84000,-58000,-58000
055360,台表科凱基97購02,0,0,0,0,0,0,0,0,0,-58000,0,0,0,60000,118000,-58000,-58000
2328,廣宇            ,116000,220000,-104000,0,0,0,0,0,0,46000,0,2000,-2000,50000,2000,48000,-58000
053846,友達元富99購02  ,0,0,0,0,0,0,0,0,0,-59000,0,0,0,0,59000,-59000,-59000
053839,華通統一96購01  ,0,0,0,0,0,0,0,0,0,-59000,0,0,0,22000,81000,-59000,-59000
054013,聯發科永豐96購02,0,0,0,0,0,0,0,0,0,-59000,0,0,0,1000,60000,-59000,-59000
054246,國巨元大96購12  ,0,0,0,0,0,0,0,0,0,-59000,0,0,0,22000,81000,-59000,-59000
05492P,聯茂元大95售02  ,0,0,0,0,0,0,0,0,0,-59000,0,0,0,106000,165000,-59000,-59000
044692,鈺齊凱基91購01  ,0,0,0,0,0,0,0,0,0,-59000,0,0,0,51000,110000,-59000,-59000
04599P,南亞科凱基94售03,0,0,0,0,0,0,0,0,0,-59000,0,0,0,10000,69000,-59000,-59000
00686R,群益臺灣加權反1 ,0,0,0,0,0,0,0,0,0,-59000,0,0,0,3000,62000,-59000,-59000
048791,智原元大94購02  ,0,0,0,0,0,0,0,0,0,-59000,0,0,0,70000,129000,-59000,-59000
047111,台光電元大93購04,0,0,0,0,0,0,0,0,0,-59000,0,0,0,1000,60000,-59000,-59000
047184,漢唐元大94購02  ,0,0,0,0,0,0,0,0,0,-59000,0,0,0,1000,60000,-59000,-59000
046980,智邦兆豐94購01  ,0,0,0,0,0,0,0,0,0,-59000,0,0,0,0,59000,-59000,-59000
04931P,臻鼎元富94售09  ,0,0,0,0,0,0,0,0,0,-59000,0,0,0,19000,78000,-59000,-59000
048227,亞光凱基93購05  ,0,0,0,0,0,0,0,0,0,-59000,0,0,0,11000,70000,-59000,-59000
049823,為升凱基94購04  ,0,0,0,0,0,0,0,0,0,-59000,0,0,0,0,59000,-59000,-59000
051764,欣興元大95購07  ,0,0,0,0,0,0,0,0,0,-59000,0,0,0,99000,158000,-59000,-59000
050921,旺宏凱基95購02  ,0,0,0,0,0,0,0,0,0,-59000,0,0,0,81000,140000,-59000,-59000
051310,台達電麥證95購01,0,0,0,0,61000,-61000,0,0,0,-59000,0,0,0,2000,61000,-59000,-59000
055312,台虹群益99購01  ,0,0,0,0,0,0,0,0,0,-59000,0,0,0,10000,69000,-59000,-59000
055287,日電貿元大97購01,0,0,0,0,0,0,0,0,0,-59000,0,0,0,25000,84000,-59000,-59000
054961,玉晶光元大99購01,0,0,0,0,0,0,0,0,0,-60000,0,0,0,464000,524000,-60000,-60000
054580,樺漢元大98購01  ,0,0,0,0,0,0,0,0,0,-60000,0,0,0,107000,167000,-60000,-60000
054726,台積電日盛97購01,0,0,0,0,0,0,0,0,0,-60000,0,0,0,115000,175000,-60000,-60000
05433P,智原元富95售02  ,0,0,0,0,0,0,0,0,0,-60000,0,0,0,0,60000,-60000,-60000
054323,旺宏台新96購02  ,0,0,0,0,0,0,0,0,0,-60000,0,0,0,0,60000,-60000,-60000
054418,茂林元大97購01  ,0,0,0,0,0,0,0,0,0,-60000,0,0,0,59000,119000,-60000,-60000
054076,義隆第一96購01  ,0,0,0,0,0,0,0,0,0,-60000,0,0,0,0,60000,-60000,-60000
053303,建準凱基96購03  ,0,0,0,0,0,0,0,0,0,-60000,0,0,0,0,60000,-60000,-60000
053363,旺宏國泰98購02  ,0,0,0,0,0,0,0,0,0,-60000,0,0,0,160000,220000,-60000,-60000
052723,新唐統一97購01  ,0,0,0,0,0,0,0,0,0,-60000,0,0,0,17000,77000,-60000,-60000
053214,冠德凱基96購02  ,0,0,0,0,0,0,0,0,0,-60000,0,0,0,20000,80000,-60000,-60000
03398P,瑞昱中信06售03  ,0,0,0,0,0,0,0,0,0,-60000,0,0,0,0,60000,-60000,-60000
046092,智伸科兆豐92購01,0,0,0,0,0,0,0,0,0,-60000,0,0,0,0,60000,-60000,-60000
045772,台光電元大93購01,0,0,0,0,0,0,0,0,0,-60000,0,0,0,0,60000,-60000,-60000
045664,元油2X元富96購01,0,0,0,0,0,0,0,0,0,-60000,0,0,0,0,60000,-60000,-60000
040744,滬深2X國票94購01,0,0,0,0,0,0,0,0,0,-60000,0,0,0,0,60000,-60000,-60000
042908,智邦元大92購01  ,0,0,0,0,0,0,0,0,0,-60000,0,0,0,0,60000,-60000,-60000
045658,儒鴻國泰93購01  ,0,0,0,0,0,0,0,0,0,-60000,0,0,0,70000,130000,-60000,-60000
046296,上銀元富92購01  ,0,0,0,0,0,0,0,0,0,-60000,0,0,0,0,60000,-60000,-60000
049217,智邦國票95購01  ,0,0,0,0,0,0,0,0,0,-60000,0,0,0,0,60000,-60000,-60000
044512,奇力新凱基93購02,0,0,0,0,0,0,0,0,0,-60000,0,0,0,0,60000,-60000,-60000
049791,元油2X元大94購07,0,0,0,0,0,0,0,0,0,-60000,0,0,0,0,60000,-60000,-60000
049589,奇力新元大95購02,0,0,0,0,0,0,0,0,0,-60000,0,0,0,10000,70000,-60000,-60000
049511,奇力新凱基94購03,0,0,0,0,0,0,0,0,0,-60000,0,0,0,0,60000,-60000,-60000
04758P,國巨凱基94售03  ,0,0,0,0,0,0,0,0,0,-60000,0,0,0,0,60000,-60000,-60000
046898,南茂麥證93購01  ,0,0,0,0,60000,-60000,0,0,0,-60000,0,0,0,0,60000,-60000,-60000
048593,華新科群益93購04,0,0,0,0,0,0,0,0,0,-60000,0,0,0,21000,81000,-60000,-60000
048434,樺漢國票93購02  ,0,0,0,0,0,0,0,0,0,-60000,0,0,0,0,60000,-60000,-60000
046954,同欣電國票93購01,0,0,0,0,0,0,0,0,0,-60000,0,0,0,0,60000,-60000,-60000
047182,智邦元大93購07  ,0,0,0,0,0,0,0,0,0,-60000,0,0,0,0,60000,-60000,-60000
047374,麗豐國票93購01  ,0,0,0,0,0,0,0,0,0,-60000,0,0,0,0,60000,-60000,-60000
046668,嘉澤元大93購01  ,0,0,0,0,0,0,0,0,0,-60000,0,0,0,15000,75000,-60000,-60000
04812P,國巨元大95售03  ,0,0,0,0,0,0,0,0,0,-60000,0,0,0,0,60000,-60000,-60000
048137,力成國票93購01  ,0,0,0,0,0,0,0,0,0,-60000,0,0,0,0,60000,-60000,-60000
05099P,台積電凱基95售06,0,0,0,0,0,0,0,0,0,-60000,0,0,0,0,60000,-60000,-60000
050912,正崴中信95購02  ,0,0,0,0,0,0,0,0,0,-60000,0,0,0,0,60000,-60000,-60000
050871,麗豐永豐95購01  ,0,0,0,0,0,0,0,0,0,-60000,0,0,0,10000,70000,-60000,-60000
05067P,欣興兆豐96售02  ,0,0,0,0,0,0,0,0,0,-60000,0,0,0,0,60000,-60000,-60000
050264,聯發科元大94購13,0,0,0,0,0,0,0,0,0,-60000,0,0,0,0,60000,-60000,-60000
049997,聯發科永豐94購04,0,0,0,0,0,0,0,0,0,-60000,0,0,0,2000,62000,-60000,-60000
051925,瀚宇博第一95購01,0,0,0,0,0,0,0,0,0,-60000,0,0,0,210000,270000,-60000,-60000
051583,可成元大95購07  ,0,0,0,0,0,0,0,0,0,-60000,0,0,0,66000,126000,-60000,-60000
052238,智易國票96購01  ,0,0,0,0,0,0,0,0,0,-60000,0,0,0,0,60000,-60000,-60000
052080,康友元富98購02  ,0,0,0,0,0,0,0,0,0,-60000,0,0,0,0,60000,-60000,-60000
052147,上緯控群益95購01,0,0,0,0,0,0,0,0,0,-60000,0,0,0,1000,61000,-60000,-60000
052554,正崴國票97購01  ,0,0,0,0,0,0,0,0,0,-60000,0,0,0,0,60000,-60000,-60000
055391,光罩統一97購02  ,0,0,0,0,0,0,0,0,0,-60000,0,0,0,116000,176000,-60000,-60000
055385,昇陽半元大98購01,0,0,0,0,0,0,0,0,0,-60000,0,0,0,40000,100000,-60000,-60000
055141,牧德永豐98購02  ,0,0,0,0,0,0,0,0,0,-60000,0,0,0,37000,97000,-60000,-60000
055479,GIS凱基97購04   ,0,0,0,0,0,0,0,0,0,-60000,0,0,0,0,60000,-60000,-60000
06039P,亞光台新96售03  ,0,0,0,0,0,0,0,0,0,-60000,0,0,0,0,60000,-60000,-60000
05919P,京鼎元大96售03  ,0,0,0,0,0,0,0,0,0,-60000,0,0,0,210000,270000,-60000,-60000
05925P,晶技永豐96售03  ,0,0,0,0,0,0,0,0,0,-60000,0,0,0,0,60000,-60000,-60000
06163P,聯詠群益97售01  ,0,0,0,0,0,0,0,0,0,-60000,0,0,0,0,60000,-60000,-60000
052864,奇力新凱基96購02,0,0,0,0,0,0,0,0,0,-61000,0,0,0,60000,121000,-61000,-61000
053835,南亞科永豐96購02,0,0,0,0,0,0,0,0,0,-61000,0,0,0,68000,129000,-61000,-61000
054785,建準群益98購01  ,0,0,0,0,0,0,0,0,0,-61000,0,0,0,3000,64000,-61000,-61000
045372,台塑元大92購01  ,0,0,0,0,0,0,0,0,0,-61000,0,0,0,0,61000,-61000,-61000
048950,達方永豐94購01  ,0,0,0,0,0,0,0,0,0,-61000,0,0,0,0,61000,-61000,-61000
049117,矽格統一96購01  ,0,0,0,0,0,0,0,0,0,-61000,0,0,0,16000,77000,-61000,-61000
042916,佐登元大94購01  ,0,0,0,0,0,0,0,0,0,-61000,0,0,0,72000,133000,-61000,-61000
041528,國泰金中信93購01,0,0,0,0,0,0,0,0,0,-61000,0,0,0,10000,71000,-61000,-61000
04121P,宏碁凱基93售02  ,0,0,0,0,0,0,0,0,0,-61000,0,0,0,1000,62000,-61000,-61000
047379,元油2X元大96購03,0,0,0,0,0,0,0,0,0,-61000,0,0,0,20000,81000,-61000,-61000
049591,開發金元大98購01,0,0,0,0,0,0,0,0,0,-61000,0,0,0,190000,251000,-61000,-61000
049621,美食群益94購02  ,0,0,0,0,0,0,0,0,0,-61000,0,0,0,0,61000,-61000,-61000
049820,世紀鋼元大96購03,0,0,0,0,0,0,0,0,0,-61000,0,0,0,0,61000,-61000,-61000
049859,味全兆豐95購01  ,0,0,0,0,0,0,0,0,0,-61000,0,0,0,0,61000,-61000,-61000
05186P,鈺齊中信95售02  ,0,0,0,0,0,0,0,0,0,-61000,0,0,0,212000,273000,-61000,-61000
05687P,臺股指元大96售12,0,0,0,0,0,0,0,0,0,-61000,0,0,0,15000,76000,-61000,-61000
05453P,智邦群益95售03  ,0,0,0,0,0,0,0,0,0,-62000,0,0,0,21000,83000,-62000,-62000
054209,台積電國票97購08,20000,0,20000,0,0,0,0,0,0,-82000,0,0,0,10000,92000,-82000,-62000
054507,鈺齊永豐96購01  ,0,0,0,0,0,0,0,0,0,-62000,0,0,0,340000,402000,-62000,-62000
053824,樺漢群益96購02  ,0,0,0,0,0,0,0,0,0,-62000,0,0,0,58000,120000,-62000,-62000
053439,台積電凱基96購11,0,0,0,0,0,0,0,0,0,-62000,0,0,0,73000,135000,-62000,-62000
052974,瀚宇博群益96購01,0,0,0,0,0,0,0,0,0,-62000,0,0,0,103000,165000,-62000,-62000
053003,國巨永豐96購02  ,0,0,0,0,0,0,0,0,0,-62000,0,0,0,106000,168000,-62000,-62000
044003,聯發科兆豐93購01,0,0,0,0,0,0,0,0,0,-62000,0,0,0,10000,72000,-62000,-62000
049732,國巨群益94購05  ,0,0,0,0,0,0,0,0,0,-62000,0,0,0,31000,93000,-62000,-62000
048730,智原麥證94購01  ,0,0,0,0,62000,-62000,0,0,0,-62000,0,0,0,0,62000,-62000,-62000
048553,光磊元大93購03  ,0,0,0,0,0,0,0,0,0,-62000,0,0,0,6000,68000,-62000,-62000
047659,大立光麥證93購01,0,0,0,0,62000,-62000,0,0,0,-62000,0,0,0,0,62000,-62000,-62000
049448,光磊統一94購01  ,0,0,0,0,0,0,0,0,0,-62000,0,0,0,126000,188000,-62000,-62000
048766,禾伸堂凱基94購01,0,0,0,0,0,0,0,0,0,-62000,0,0,0,10000,72000,-62000,-62000
047105,和大元大94購01  ,0,0,0,0,0,0,0,0,0,-62000,0,0,0,0,62000,-62000,-62000
055447,華新科統一97購04,0,0,0,0,0,0,0,0,0,-62000,0,0,0,1000,63000,-62000,-62000
2607,榮運            ,19000,81000,-62000,0,0,0,0,0,0,0,0,0,0,0,0,0,-62000
9940,信義            ,19000,94000,-75000,0,0,0,0,0,0,13000,13000,0,13000,0,0,0,-62000
6409,旭隼            ,343000,401775,-58775,0,0,0,0,0,0,-4000,0,4000,-4000,0,0,0,-62775
053005,微星永豐96購01  ,0,0,0,0,0,0,0,0,0,-63000,0,0,0,11000,74000,-63000,-63000
052875,樺漢凱基96購02  ,0,0,0,0,0,0,0,0,0,-63000,0,0,0,0,63000,-63000,-63000
054534,台積電富邦98購03,0,0,0,0,0,0,0,0,0,-63000,0,0,0,231000,294000,-63000,-63000
046342,聯發科國票92購02,0,0,0,0,0,0,0,0,0,-63000,0,0,0,10000,73000,-63000,-63000
04471P,華通元大95售03  ,0,0,0,0,0,0,0,0,0,-63000,0,0,0,20000,83000,-63000,-63000
049370,可成元大94購03  ,0,0,0,0,0,0,0,0,0,-63000,0,0,0,25000,88000,-63000,-63000
047921,南亞科凱基93購05,0,0,0,0,0,0,0,0,0,-63000,0,0,0,5000,68000,-63000,-63000
049341,旺宏統一95購01  ,0,0,0,0,0,0,0,0,0,-63000,0,0,0,0,63000,-63000,-63000
050002,智原永豐94購02  ,0,0,0,0,0,0,0,0,0,-63000,0,0,0,236000,299000,-63000,-63000
050075,南電凱基94購04  ,0,0,0,0,0,0,0,0,0,-63000,0,0,0,25000,88000,-63000,-63000
05708P,奇力新國票97售04,0,0,0,0,0,0,0,0,0,-63000,0,0,0,47000,110000,-63000,-63000
045022,聯電亞東93購01  ,0,0,0,0,0,0,0,0,0,-64000,0,0,0,0,64000,-64000,-64000
048046,正崴永豐93購01  ,0,0,0,0,0,0,0,0,0,-64000,0,0,0,0,64000,-64000,-64000
04672P,台積電統一94售09,0,0,0,0,0,0,0,0,0,-64000,0,0,0,2000,66000,-64000,-64000
050302,百和凱基94購03  ,0,0,0,0,0,0,0,0,0,-64000,0,0,0,37000,101000,-64000,-64000
051652,昇陽半永豐96購02,0,0,0,0,0,0,0,0,0,-64000,0,0,0,0,64000,-64000,-64000
052533,聯發科國泰96購03,0,0,0,0,0,0,0,0,0,-64000,0,0,0,68000,132000,-64000,-64000
05740P,宏達電元富96售01,0,0,0,0,0,0,0,0,0,-64000,0,0,0,0,64000,-64000,-64000
06010P,國泰金元富96售01,0,0,0,0,0,0,0,0,0,-64000,0,0,0,0,64000,-64000,-64000
05981P,可成永昌98售02  ,0,0,0,0,0,0,0,0,0,-64000,0,0,0,0,64000,-64000,-64000
6412,群電            ,852000,918000,-66000,0,0,0,0,0,0,2000,0,2000,-2000,4000,0,4000,-64000
054762,奇力新國票99購01,0,0,0,0,0,0,0,0,0,-65000,0,0,0,0,65000,-65000,-65000
054432,台積電台新96購05,0,0,0,0,0,0,0,0,0,-65000,0,0,0,25000,90000,-65000,-65000
054236,貿聯群益96購01  ,0,0,0,0,0,0,0,0,0,-65000,0,0,0,18000,83000,-65000,-65000
052756,國巨群益96購02  ,0,0,0,0,0,0,0,0,0,-65000,0,0,0,23000,88000,-65000,-65000
053274,旺宏元大98購03  ,0,0,0,0,0,0,0,0,0,-65000,0,0,0,32000,97000,-65000,-65000
053820,大立光群益96購05,0,0,0,0,0,0,0,0,0,-65000,0,0,0,55000,120000,-65000,-65000
053711,鴻海凱基96購14  ,0,0,0,0,0,0,0,0,0,-65000,0,0,0,0,65000,-65000,-65000
048176,美利達國泰94購01,0,0,0,0,0,0,0,0,0,-65000,0,0,0,30000,95000,-65000,-65000
047894,大成鋼群益93購01,0,0,0,0,0,0,0,0,0,-65000,0,0,0,0,65000,-65000,-65000
047289,啟碁統一97購01  ,0,0,0,0,0,0,0,0,0,-65000,0,0,0,133000,198000,-65000,-65000
048688,瑞昱群益94購01  ,0,0,0,0,0,0,0,0,0,-65000,0,0,0,11000,76000,-65000,-65000
052647,晶技永豐97購01  ,0,0,0,0,0,0,0,0,0,-65000,0,0,0,0,65000,-65000,-65000
052244,廣達康和95購01  ,0,0,0,0,0,0,0,0,0,-65000,0,0,0,0,65000,-65000,-65000
051550,日電貿永豐95購01,0,0,0,0,0,0,0,0,0,-65000,0,0,0,0,65000,-65000,-65000
050514,聯電元大94購01  ,0,0,0,0,0,0,0,0,0,-65000,0,0,0,4000,69000,-65000,-65000
051287,台積電統一95購05,0,0,0,0,0,0,0,0,0,-65000,0,0,0,197000,262000,-65000,-65000
2867,三商壽          ,257000,319000,-62000,0,0,0,0,0,0,-3000,0,3000,-3000,0,0,0,-65000
05798P,臺股指群益96售12,0,0,0,0,0,0,0,0,0,-65000,0,0,0,0,65000,-65000,-65000
055369,友訊元大97購01  ,0,0,0,0,0,0,0,0,0,-65000,0,0,0,82000,147000,-65000,-65000
053864,義隆元大96購01  ,0,0,0,0,0,0,0,0,0,-66000,0,0,0,240000,306000,-66000,-66000
053199,旺宏日盛96購01  ,0,0,0,0,0,0,0,0,0,-66000,0,0,0,12000,78000,-66000,-66000
052661,奇力新國票97購03,0,0,0,0,0,0,0,0,0,-66000,0,0,0,2000,68000,-66000,-66000
054408,義隆國票98購01  ,0,0,0,0,0,0,0,0,0,-66000,0,0,0,0,66000,-66000,-66000
054686,順德永豐97購01  ,0,0,0,0,0,0,0,0,0,-66000,0,0,0,0,66000,-66000,-66000
054966,貿聯元大98購02  ,0,0,0,0,0,0,0,0,0,-66000,0,0,0,230000,296000,-66000,-66000
045086,玉晶光元大94購02,0,0,0,0,0,0,0,0,0,-66000,0,0,0,10000,76000,-66000,-66000
046243,麗豐中信92購01  ,0,0,0,0,0,0,0,0,0,-66000,0,0,0,0,66000,-66000,-66000
04399P,樺漢群益94售01  ,0,0,0,0,0,0,0,0,0,-66000,0,0,0,34000,100000,-66000,-66000
04294P,台積電元大95售01,0,0,0,0,0,0,0,0,0,-66000,0,0,0,0,66000,-66000,-66000
048715,A50正2永豐94購01,11000,0,11000,0,0,0,0,0,0,-77000,0,0,0,20000,97000,-77000,-66000
048348,矽力元大93購03  ,0,0,0,0,0,0,0,0,0,-66000,0,0,0,24000,90000,-66000,-66000
049412,為升凱基94購01  ,0,0,0,0,0,0,0,0,0,-66000,0,0,0,0,66000,-66000,-66000
050523,義隆元大94購05  ,0,0,0,0,0,0,0,0,0,-66000,0,0,0,76000,142000,-66000,-66000
049911,智邦元大94購05  ,0,0,0,0,0,0,0,0,0,-66000,0,0,0,100000,166000,-66000,-66000
051960,美食永豐95購01  ,0,0,0,0,0,0,0,0,0,-66000,0,0,0,183000,249000,-66000,-66000
054828,正崴國泰99購01  ,0,0,0,0,0,0,0,0,0,-67000,0,0,0,1000,68000,-67000,-67000
054483,聯電台新96購01  ,0,0,0,0,0,0,0,0,0,-67000,0,0,0,0,67000,-67000,-67000
052993,欣興台新97購01  ,0,0,0,0,0,0,0,0,0,-67000,0,0,0,98000,165000,-67000,-67000
049023,玉晶光群益96購04,0,0,0,0,0,0,0,0,0,-67000,0,0,0,395000,462000,-67000,-67000
048114,景碩群益93購02  ,0,0,0,0,0,0,0,0,0,-67000,0,0,0,39000,106000,-67000,-67000
046665,智原元大93購01  ,0,0,0,0,0,0,0,0,0,-67000,0,0,0,186000,253000,-67000,-67000
052087,鴻海元大96購09  ,0,0,0,0,0,0,0,0,0,-67000,0,0,0,41000,108000,-67000,-67000
052591,康友永豐97購01  ,0,0,0,0,0,0,0,0,0,-67000,0,0,0,562000,629000,-67000,-67000
051148,聯發科凱基95購06,0,0,0,0,0,0,0,0,0,-67000,0,0,0,1000,68000,-67000,-67000
05778P,台積電統一96售05,0,0,0,0,0,0,0,0,0,-67000,0,0,0,131000,198000,-67000,-67000
05905P,晶技統一97售01  ,0,0,0,0,0,0,0,0,0,-67000,0,0,0,14000,81000,-67000,-67000
6592,和潤企業        ,50000,117000,-67000,0,0,0,0,0,0,0,0,0,0,0,0,0,-67000
052787,國巨中信96購02  ,0,0,0,0,0,0,0,0,0,-68000,0,0,0,45000,113000,-68000,-68000
053944,亞泥富邦97購01  ,0,0,0,0,0,0,0,0,0,-68000,0,0,0,157000,225000,-68000,-68000
049082,晶豪科凱基94購01,0,0,0,0,0,0,0,0,0,-68000,0,0,0,224000,292000,-68000,-68000
049017,旺宏群益96購03  ,0,0,0,0,0,0,0,0,0,-68000,0,0,0,18000,86000,-68000,-68000
044675,廣宇凱基93購02  ,0,0,0,0,0,0,0,0,0,-68000,0,0,0,0,68000,-68000,-68000
044524,瑞儀凱基93購02  ,0,0,0,0,0,0,0,0,0,-68000,0,0,0,0,68000,-68000,-68000
04477P,南電元大94售04  ,0,0,0,0,0,0,0,0,0,-68000,0,0,0,0,68000,-68000,-68000
044986,上銀統一92購01  ,0,0,0,0,0,0,0,0,0,-68000,0,0,0,40000,108000,-68000,-68000
00680L,元大美債20正2   ,0,0,0,0,0,0,0,0,0,-68000,0,0,0,15000,83000,-68000,-68000
03425B,臺股指元大9A熊01,0,0,0,0,0,0,0,0,0,-68000,0,0,0,14000,82000,-68000,-68000
048130,美利達元大96購01,0,0,0,0,0,0,0,0,0,-68000,0,0,0,0,68000,-68000,-68000
049149,華新科元大95購03,0,0,0,0,0,0,0,0,0,-68000,0,0,0,72000,140000,-68000,-68000
047327,中磊元大93購04  ,0,0,0,0,0,0,0,0,0,-68000,0,0,0,0,68000,-68000,-68000
047185,益航元大94購02  ,0,0,0,0,0,0,0,0,0,-68000,0,0,0,0,68000,-68000,-68000
04925P,和碩元大94售03  ,0,0,0,0,0,0,0,0,0,-68000,0,0,0,0,68000,-68000,-68000
048325,美利達凱基93購05,0,0,0,0,0,0,0,0,0,-68000,0,0,0,0,68000,-68000,-68000
048718,台光電永豐94購01,0,0,0,0,0,0,0,0,0,-68000,0,0,0,0,68000,-68000,-68000
048439,上銀凱基93購09  ,0,0,0,0,0,0,0,0,0,-68000,0,0,0,0,68000,-68000,-68000
047936,美利達凱基93購02,0,0,0,0,0,0,0,0,0,-68000,0,0,0,0,68000,-68000,-68000
050674,瑞昱富邦94購02  ,0,0,0,0,0,0,0,0,0,-68000,0,0,0,122000,190000,-68000,-68000
049913,微星元大94購01  ,0,0,0,0,0,0,0,0,0,-68000,0,0,0,33000,101000,-68000,-68000
050060,光磊凱基94購03  ,0,0,0,0,0,0,0,0,0,-68000,0,0,0,0,68000,-68000,-68000
050617,神基元大94購01  ,0,0,0,0,0,0,0,0,0,-68000,0,0,0,0,68000,-68000,-68000
050329,超眾永豐94購03  ,0,0,0,0,0,0,0,0,0,-68000,0,0,0,0,68000,-68000,-68000
052526,智伸科元大96購02,0,0,0,0,0,0,0,0,0,-68000,0,0,0,430000,498000,-68000,-68000
052434,茂林國泰97購01  ,0,0,0,0,0,0,0,0,0,-68000,0,0,0,341000,409000,-68000,-68000
052315,廣宇元大95購02  ,0,0,0,0,0,0,0,0,0,-68000,0,0,0,80000,148000,-68000,-68000
051675,瑞儀元大96購02  ,0,0,0,0,0,0,0,0,0,-68000,0,0,0,0,68000,-68000,-68000
5203,訊連            ,25000,113000,-88000,0,0,0,0,0,0,20000,4000,0,4000,16000,0,16000,-68000
05564P,玉晶光元大97售02,0,0,0,0,0,0,0,0,0,-68000,0,0,0,52000,120000,-68000,-68000
054659,亞光元大97購02  ,0,0,0,0,0,0,0,0,0,-69000,0,0,0,159000,228000,-69000,-69000
054594,國巨麥證97購01  ,0,0,0,49000,118000,-69000,0,0,0,-69000,0,0,0,49000,118000,-69000,-69000
05298P,上銀元大95售03  ,0,0,0,0,0,0,0,0,0,-69000,0,0,0,51000,120000,-69000,-69000
053374,台達電元大96購03,0,0,0,0,0,0,0,0,0,-69000,0,0,0,2000,71000,-69000,-69000
053566,大立光富邦99購03,0,0,0,0,0,0,0,0,0,-69000,0,0,0,20000,89000,-69000,-69000
053539,智易永豐96購01  ,0,0,0,0,0,0,0,0,0,-69000,0,0,0,95000,164000,-69000,-69000
045287,元油2X元大95購01,0,0,0,0,0,0,0,0,0,-69000,0,0,0,131000,200000,-69000,-69000
049602,南電元大95購01  ,0,0,0,0,0,0,0,0,0,-69000,0,0,0,52000,121000,-69000,-69000
049832,麗豐凱基94購05  ,0,0,0,0,0,0,0,0,0,-69000,0,0,0,15000,84000,-69000,-69000
047235,嘉澤凱基93購01  ,0,0,0,0,0,0,0,0,0,-69000,0,0,0,21000,90000,-69000,-69000
047875,南電永豐93購02  ,0,0,0,0,0,0,0,0,0,-69000,0,0,0,1000,70000,-69000,-69000
049155,同欣電元大94購01,0,0,0,0,0,0,0,0,0,-69000,0,0,0,1000,70000,-69000,-69000
052250,光磊永豐95購01  ,0,0,0,0,0,0,0,0,0,-69000,0,0,0,133000,202000,-69000,-69000
050636,上証2X國票94購01,0,0,0,0,0,0,0,0,0,-69000,0,0,0,18000,87000,-69000,-69000
051031,康友元富95購02  ,0,0,0,0,0,0,0,0,0,-69000,0,0,0,184000,253000,-69000,-69000
055582,亞德客元大97購01,0,0,0,0,0,0,0,0,0,-69000,0,0,0,20000,89000,-69000,-69000
055264,國巨永豐98購01  ,0,0,0,0,0,0,0,0,0,-69000,0,0,0,0,69000,-69000,-69000
05998P,台積電元大97售12,0,0,0,0,0,0,0,0,0,-69000,0,0,0,485000,554000,-69000,-69000
053420,華邦電永豐96購01,0,0,0,0,0,0,0,0,0,-70000,0,0,0,20000,90000,-70000,-70000
054864,聯發科群益97購02,0,0,0,0,0,0,0,0,0,-70000,0,0,0,0,70000,-70000,-70000
054924,景碩凱基98購01  ,0,0,0,0,0,0,0,0,0,-70000,0,0,0,2000,72000,-70000,-70000
055080,正崴中信99購01  ,0,0,0,0,0,0,0,0,0,-70000,0,0,0,0,70000,-70000,-70000
055038,華航富邦99購01  ,0,0,0,0,0,0,0,0,0,-70000,0,0,0,0,70000,-70000,-70000
05392P,鴻海統一95售13  ,0,0,0,0,0,0,0,0,0,-70000,0,0,0,60000,130000,-70000,-70000
053923,亞光國票97購01  ,0,0,0,0,0,0,0,0,0,-70000,0,0,0,0,70000,-70000,-70000
05405P,大立光群益95售04,0,0,0,0,0,0,0,0,0,-70000,0,0,0,390000,460000,-70000,-70000
045869,滬深2X元富95購01,0,0,0,0,0,0,0,0,0,-70000,0,0,0,10000,80000,-70000,-70000
03421B,臺股指元大99熊01,0,0,0,0,0,0,0,0,0,-70000,0,0,0,0,70000,-70000,-70000
044792,康友群益93購01  ,0,0,0,0,0,0,0,0,0,-70000,0,0,0,0,70000,-70000,-70000
04876P,台光電中信94售02,0,0,0,0,0,0,0,0,0,-70000,0,0,0,30000,100000,-70000,-70000
047898,嘉澤群益93購02  ,0,0,0,0,0,0,0,0,0,-70000,0,0,0,17000,87000,-70000,-70000
047264,貿聯國票93購02  ,0,0,0,0,0,0,0,0,0,-70000,0,0,0,40000,110000,-70000,-70000
048334,A50正2元大96購01,0,0,0,0,0,0,0,0,0,-70000,0,0,0,0,70000,-70000,-70000
048564,智易元大94購01  ,0,0,0,0,0,0,0,0,0,-70000,0,0,0,115000,185000,-70000,-70000
04856P,光磊元富94售01  ,0,0,0,0,0,0,0,0,0,-70000,0,0,0,0,70000,-70000,-70000
046794,智伸科元富93購01,0,0,0,0,0,0,0,0,0,-70000,0,0,0,599000,669000,-70000,-70000
050293,強茂凱基94購01  ,0,0,0,0,0,0,0,0,0,-70000,0,0,0,50000,120000,-70000,-70000
050386,智伸科國票94購01,0,0,0,0,0,0,0,0,0,-70000,0,0,0,48000,118000,-70000,-70000
052323,矽力元大95購04  ,0,0,0,0,0,0,0,0,0,-70000,0,0,0,31000,101000,-70000,-70000
051602,南茂兆豐96購01  ,0,0,0,0,0,0,0,0,0,-70000,0,0,0,0,70000,-70000,-70000
051446,中壽元大96購01  ,0,0,0,0,0,0,0,0,0,-70000,0,0,0,81000,151000,-70000,-70000
051336,智原永豐95購01  ,0,0,0,0,0,0,0,0,0,-70000,0,0,0,92000,162000,-70000,-70000
06107P,美律群益98售02  ,0,0,0,0,0,0,0,0,0,-70000,0,0,0,7000,77000,-70000,-70000
05835P,臺股指元富96售07,0,0,0,0,0,0,0,0,0,-70000,0,0,0,0,70000,-70000,-70000
06148P,台積電元大97售17,0,0,0,0,0,0,0,0,0,-70000,0,0,0,50000,120000,-70000,-70000
055604,訊芯元大98購02  ,0,0,0,0,0,0,0,0,0,-70000,0,0,0,50000,120000,-70000,-70000
054384,瀚宇博群益96購02,0,0,0,0,0,0,0,0,0,-71000,0,0,0,49000,120000,-71000,-71000
05459P,聯詠凱基95售03  ,0,0,0,0,0,0,0,0,0,-71000,0,0,0,10000,81000,-71000,-71000
054529,T50反1國泰97購02,0,0,0,0,0,0,0,0,0,-71000,0,0,0,0,71000,-71000,-71000
054587,玉晶光國泰99購01,0,0,0,0,0,0,0,0,0,-71000,0,0,0,2000,73000,-71000,-71000
05348P,美律元富98售01  ,0,0,0,0,0,0,0,0,0,-71000,0,0,0,277000,348000,-71000,-71000
053870,正文元大96購01  ,0,0,0,0,0,0,0,0,0,-71000,0,0,0,203000,274000,-71000,-71000
045355,聯鈞凱基92購01  ,0,0,0,0,0,0,0,0,0,-71000,0,0,0,52000,123000,-71000,-71000
048979,晶相光元大94購03,0,0,0,0,0,0,0,0,0,-71000,0,0,0,9000,80000,-71000,-71000
048403,聯發科群益93購10,0,0,0,0,0,0,0,0,0,-71000,0,0,0,10000,81000,-71000,-71000
04765P,宏達電永豐94售02,0,0,0,0,0,0,0,0,0,-71000,0,0,0,0,71000,-71000,-71000
055462,華邦電日盛97購01,0,0,0,0,0,0,0,0,0,-71000,0,0,0,0,71000,-71000,-71000
055634,訊芯永豐97購02  ,0,0,0,0,0,0,0,0,0,-71000,0,0,0,299000,370000,-71000,-71000
05325P,臺股指凱基95售09,0,0,0,0,0,0,0,0,0,-72000,0,0,0,0,72000,-72000,-72000
054560,全新群益98購03  ,0,0,0,0,0,0,0,0,0,-72000,0,0,0,10000,82000,-72000,-72000
054546,玉晶光中信9B購01,0,0,0,0,0,0,0,0,0,-72000,0,0,0,89000,161000,-72000,-72000
054004,鴻海統一96購14  ,0,0,0,0,0,0,0,0,0,-72000,0,0,0,0,72000,-72000,-72000
048923,國巨永豐94購02  ,0,0,0,0,0,0,0,0,0,-72000,0,0,0,32000,104000,-72000,-72000
045665,聯電元富92購01  ,0,0,0,0,0,0,0,0,0,-72000,0,0,0,4000,76000,-72000,-72000
048772,智易凱基94購01  ,0,0,0,0,0,0,0,0,0,-72000,0,0,0,0,72000,-72000,-72000
049379,智原元大95購01  ,0,0,0,0,0,0,0,0,0,-72000,0,0,0,50000,122000,-72000,-72000
052403,麗豐凱基96購01  ,0,0,0,0,0,0,0,0,0,-72000,0,0,0,0,72000,-72000,-72000
052379,鈺齊元大95購04  ,0,0,0,0,0,0,0,0,0,-72000,0,0,0,257000,329000,-72000,-72000
05635P,健策台新96售02  ,0,0,0,0,0,0,0,0,0,-72000,0,0,0,15000,87000,-72000,-72000
055483,和大元大97購03  ,0,0,0,0,0,0,0,0,0,-72000,0,0,0,0,72000,-72000,-72000
6112,聚碩            ,13000,85004,-72004,0,0,0,0,0,0,0,0,0,0,0,0,0,-72004
053456,大立光元富96購04,0,0,0,0,0,0,0,0,0,-73000,0,0,0,39000,112000,-73000,-73000
03772P,聯茂元大93售02  ,0,0,0,0,0,0,0,0,0,-73000,0,0,0,0,73000,-73000,-73000
043964,台肥國泰92購01  ,0,0,0,0,0,0,0,0,0,-73000,0,0,0,0,73000,-73000,-73000
01007T,兆豐國泰R2      ,0,73000,-73000,0,0,0,0,0,0,0,0,0,0,0,0,0,-73000
044574,潤泰全凱基93購01,0,0,0,0,0,0,0,0,0,-73000,0,0,0,0,73000,-73000,-73000
047981,南亞科群益93購02,0,0,0,0,0,0,0,0,0,-73000,0,0,0,67000,140000,-73000,-73000
049735,台光電群益94購03,0,0,0,0,0,0,0,0,0,-73000,0,0,0,198000,271000,-73000,-73000
052111,智原元富95購01  ,0,0,0,0,0,0,0,0,0,-73000,0,0,0,8000,81000,-73000,-73000
052136,瑞儀凱基95購01  ,0,0,0,0,0,0,0,0,0,-73000,0,0,0,0,73000,-73000,-73000
05042P,GIS凱基95售03   ,0,0,0,0,0,0,0,0,0,-73000,0,0,0,27000,100000,-73000,-73000
050530,台表科元大95購04,0,0,0,0,0,0,0,0,0,-73000,0,0,0,15000,88000,-73000,-73000
050150,國巨群益95購01  ,0,0,0,0,0,0,0,0,0,-73000,0,0,0,26000,99000,-73000,-73000
050656,瑞儀凱基96購01  ,0,0,0,0,0,0,0,0,0,-73000,0,0,0,0,73000,-73000,-73000
050762,楠梓電元大94購02,0,0,0,0,0,0,0,0,0,-73000,0,0,0,27000,100000,-73000,-73000
2338,光罩            ,370000,472000,-102000,0,0,0,0,0,0,29000,185000,69000,116000,103000,190000,-87000,-73000
1308,亞聚            ,8000,81000,-73000,0,0,0,0,0,0,0,0,0,0,0,0,0,-73000
053848,聯發科元富96購03,0,0,0,0,0,0,0,0,0,-74000,0,0,0,100000,174000,-74000,-74000
053774,台達電元大96購04,0,0,0,0,0,0,0,0,0,-74000,0,0,0,1000,75000,-74000,-74000
053988,友達亞東96購01  ,0,0,0,0,0,0,0,0,0,-74000,0,0,0,102000,176000,-74000,-74000
054801,康友群益97購02  ,0,0,0,0,0,0,0,0,0,-74000,0,0,0,105000,179000,-74000,-74000
045500,聯發科凱基93購04,0,0,0,0,0,0,0,0,0,-74000,0,0,0,5000,79000,-74000,-74000
049226,元石油富邦95購01,0,0,0,0,0,0,0,0,0,-74000,0,0,0,1000,75000,-74000,-74000
045179,義隆永豐92購02  ,0,0,0,0,0,0,0,0,0,-74000,0,0,0,22000,96000,-74000,-74000
046158,聯發科群益92購02,0,0,0,0,0,0,0,0,0,-74000,0,0,0,0,74000,-74000,-74000
04162P,南亞科統一94售02,0,0,0,0,0,0,0,0,0,-74000,0,0,0,0,74000,-74000,-74000
049951,全新群益94購03  ,0,0,0,0,0,0,0,0,0,-74000,0,0,0,40000,114000,-74000,-74000
055251,華新科統一99購01,0,0,0,0,0,0,0,0,0,-74000,0,0,0,35000,109000,-74000,-74000
055132,台虹康和97購01  ,0,0,0,0,0,0,0,0,0,-74000,0,0,0,193000,267000,-74000,-74000
054675,美律台新98購01  ,0,0,0,0,0,0,0,0,0,-75000,0,0,0,94000,169000,-75000,-75000
053358,晶技統一98購01  ,0,0,0,0,0,0,0,0,0,-75000,0,0,0,5000,80000,-75000,-75000
053266,全新群益98購01  ,0,0,0,0,0,0,0,0,0,-75000,0,0,0,6000,81000,-75000,-75000
053156,緯創元大96購02  ,0,0,0,0,0,0,0,0,0,-75000,0,0,0,0,75000,-75000,-75000
053006,玉晶光永豐96購03,0,0,0,0,0,0,0,0,0,-75000,0,0,0,1000,76000,-75000,-75000
04345P,景碩國泰94售02  ,0,0,0,0,0,0,0,0,0,-75000,0,0,0,0,75000,-75000,-75000
042902,光寶科元大94購01,0,0,0,0,0,0,0,0,0,-75000,0,0,0,10000,85000,-75000,-75000
03891P,晶技國泰94售02  ,0,0,0,0,0,0,0,0,0,-75000,0,0,0,125000,200000,-75000,-75000
04225P,台積電元富94售02,0,0,0,0,0,0,0,0,0,-75000,0,0,0,0,75000,-75000,-75000
049247,光寶科元大94購02,0,0,0,0,0,0,0,0,0,-75000,0,0,0,175000,250000,-75000,-75000
044564,喬山凱基92購01  ,0,0,0,0,0,0,0,0,0,-75000,0,0,0,0,75000,-75000,-75000
049741,創意群益94購02  ,0,0,0,0,0,0,0,0,0,-75000,0,0,0,25000,100000,-75000,-75000
047584,元金2X永豐95購01,0,0,0,0,0,0,0,0,0,-75000,0,0,0,5000,80000,-75000,-75000
049491,聯發科元大95購01,0,0,0,0,0,0,0,0,0,-75000,0,0,0,1000,76000,-75000,-75000
046784,嘉晶永豐93購02  ,0,0,0,0,0,0,0,0,0,-75000,0,0,0,0,75000,-75000,-75000
04799P,健策元大94售03  ,0,0,0,0,0,0,0,0,0,-75000,0,0,0,25000,100000,-75000,-75000
051072,強茂國票95購02  ,0,0,0,0,0,0,0,0,0,-75000,0,0,0,35000,110000,-75000,-75000
050081,聯發科統一94購07,0,0,0,0,0,0,0,0,0,-75000,0,0,0,0,75000,-75000,-75000
052453,崇越元大95購01  ,0,0,0,0,0,0,0,0,0,-75000,0,0,0,135000,210000,-75000,-75000
052600,力山元大97購01  ,0,0,0,0,0,0,0,0,0,-75000,0,0,0,0,75000,-75000,-75000
052569,聯發科凱基96購08,0,0,0,0,0,0,0,0,0,-75000,0,0,0,89000,164000,-75000,-75000
05570P,聯發科統一96售04,0,0,0,0,0,0,0,0,0,-75000,0,0,0,40000,115000,-75000,-75000
06122P,亞光元大98售01  ,0,0,0,0,0,0,0,0,0,-75000,0,0,0,3000,78000,-75000,-75000
05320P,華通凱基96售03  ,0,0,0,0,0,0,0,0,0,-76000,0,0,0,10000,86000,-76000,-76000
053326,瀚宇博台新96購01,0,0,0,0,0,0,0,0,0,-76000,0,0,0,38000,114000,-76000,-76000
053869,嘉澤元大96購02  ,0,0,0,0,0,0,0,0,0,-76000,0,0,0,25000,101000,-76000,-76000
04621P,楠梓電統一94售02,0,0,0,0,0,0,0,0,0,-76000,0,0,0,0,76000,-76000,-76000
046103,麗豐永豐92購01  ,0,0,0,0,0,0,0,0,0,-76000,0,0,0,12000,88000,-76000,-76000
049760,滬深2X國泰95購02,0,0,0,0,0,0,0,0,0,-76000,0,0,0,0,76000,-76000,-76000
052432,康友永豐95購04  ,0,0,0,0,0,0,0,0,0,-76000,0,0,0,105000,181000,-76000,-76000
052429,禾伸堂永豐95購02,0,0,0,0,0,0,0,0,0,-76000,0,0,0,37000,113000,-76000,-76000
052206,燿華中信95購02  ,0,0,0,0,0,0,0,0,0,-76000,0,0,0,124000,200000,-76000,-76000
050261,國巨元大95購04  ,0,0,0,0,0,0,0,0,0,-76000,0,0,0,277000,353000,-76000,-76000
050543,聯發科凱基95購01,0,0,0,0,0,0,0,0,0,-76000,0,0,0,17000,93000,-76000,-76000
051103,緯穎元大96購03  ,0,0,0,0,0,0,0,0,0,-76000,0,0,0,67000,143000,-76000,-76000
051058,景碩群益96購01  ,0,0,0,0,0,0,0,0,0,-76000,0,0,0,12000,88000,-76000,-76000
055286,晶技元大98購03  ,0,0,0,0,0,0,0,0,0,-76000,0,0,0,181000,257000,-76000,-76000
053625,國巨兆豐96購03  ,0,0,0,0,0,0,0,0,0,-77000,0,0,0,108000,185000,-77000,-77000
053321,智原群益96購02  ,0,0,0,0,0,0,0,0,0,-77000,0,0,0,94000,171000,-77000,-77000
053544,華新凱基96購01  ,0,0,0,0,0,0,0,0,0,-77000,0,0,0,2000,79000,-77000,-77000
053091,同欣電元大96購01,0,0,0,0,0,0,0,0,0,-77000,0,0,0,52000,129000,-77000,-77000
054355,上海銀富邦98購01,0,0,0,0,0,0,0,0,0,-77000,0,0,0,193000,270000,-77000,-77000
04600P,可成凱基94售07  ,0,0,0,0,0,0,0,0,0,-77000,0,0,0,32000,109000,-77000,-77000
046412,潤泰全元大92購02,0,0,0,0,0,0,0,0,0,-77000,0,0,0,0,77000,-77000,-77000
047319,晶技元大93購02  ,0,0,0,0,0,0,0,0,0,-77000,0,0,0,3000,80000,-77000,-77000
048156,正崴兆豐93購01  ,0,0,0,0,0,0,0,0,0,-77000,0,0,0,0,77000,-77000,-77000
051142,臺股指永豐95購02,0,0,0,0,0,0,0,0,0,-77000,0,0,0,23000,100000,-77000,-77000
05140P,台表科國票96售01,0,0,0,0,0,0,0,0,0,-77000,0,0,0,70000,147000,-77000,-77000
06076P,大立光凱基98售03,0,0,0,0,0,0,0,0,0,-77000,0,0,0,0,77000,-77000,-77000
06038P,國泰金台新96售01,0,0,0,0,0,0,0,0,0,-77000,0,0,0,0,77000,-77000,-77000
5525,順天            ,20000,97000,-77000,0,0,0,0,0,0,0,0,0,0,0,0,0,-77000
054043,漢唐元大97購01  ,0,0,0,0,0,0,0,0,0,-78000,0,0,0,219000,297000,-78000,-78000
054149,達方元大96購01  ,0,0,0,0,0,0,0,0,0,-78000,0,0,0,0,78000,-78000,-78000
053243,楠梓電國票97購02,0,0,0,0,0,0,0,0,0,-78000,0,0,0,0,78000,-78000,-78000
053472,漢唐元大96購02  ,0,0,0,0,0,0,0,0,0,-78000,0,0,0,161000,239000,-78000,-78000
053481,同欣電元大97購01,0,0,0,0,0,0,0,0,0,-78000,0,0,0,94000,172000,-78000,-78000
053302,國巨凱基96購10  ,0,0,0,0,0,0,0,0,0,-78000,0,0,0,21000,99000,-78000,-78000
04888P,臺股指凱基95售03,0,0,0,0,0,0,0,0,0,-78000,0,0,0,2000,80000,-78000,-78000
00646,元大S&P500      ,0,0,0,0,0,0,0,0,0,-78000,0,0,0,3000,81000,-78000,-78000
047175,台塑元大93購01  ,0,0,0,0,0,0,0,0,0,-78000,0,0,0,0,78000,-78000,-78000
047110,智邦元大93購05  ,0,0,0,0,0,0,0,0,0,-78000,0,0,0,22000,100000,-78000,-78000
051798,國巨永豐95購03  ,0,0,0,0,0,0,0,0,0,-78000,0,0,0,114000,192000,-78000,-78000
052452,茂林元大95購03  ,0,0,0,0,0,0,0,0,0,-78000,0,0,0,154000,232000,-78000,-78000
055127,台虹兆豐97購01  ,0,0,0,0,0,0,0,0,0,-78000,0,0,0,161000,239000,-78000,-78000
053275,燿華元大97購01  ,0,0,0,0,0,0,0,0,0,-79000,0,0,0,402000,481000,-79000,-79000
054962,玉晶光元大99購02,0,0,0,0,0,0,0,0,0,-79000,0,0,0,258000,337000,-79000,-79000
04115P,欣興群益93售06  ,0,0,0,0,0,0,0,0,0,-79000,0,0,0,0,79000,-79000,-79000
048653,巨大元大96購02  ,0,0,0,0,0,0,0,0,0,-79000,0,0,0,185000,264000,-79000,-79000
051202,智邦麥證95購01  ,0,0,0,0,79000,-79000,0,0,0,-79000,0,0,0,0,79000,-79000,-79000
050258,為升元大94購08  ,0,0,0,0,0,0,0,0,0,-79000,0,0,0,40000,119000,-79000,-79000
050225,亞泥中信94購01  ,0,0,0,0,0,0,0,0,0,-79000,0,0,0,0,79000,-79000,-79000
8070,長華*           ,1000,9000,-8000,0,0,0,0,71000,-71000,0,0,0,0,0,0,0,-79000
2633,台灣高鐵        ,1209111,1063912,145199,0,0,0,0,0,0,-225000,0,89000,-89000,17000,153000,-136000,-79801
054824,同欣電元大97購04,0,0,0,0,0,0,0,0,0,-80000,0,0,0,64000,144000,-80000,-80000
05483P,國巨凱基95售07  ,0,0,0,0,0,0,0,0,0,-80000,0,0,0,20000,100000,-80000,-80000
054569,GIS群益98購01   ,0,0,0,0,0,0,0,0,0,-80000,0,0,0,78000,158000,-80000,-80000
05445P,聯詠元大95售05  ,0,0,0,0,0,0,0,0,0,-80000,0,0,0,3000,83000,-80000,-80000
053149,京元電元大96購02,0,0,0,0,0,0,0,0,0,-80000,0,0,0,0,80000,-80000,-80000
052973,冠德群益96購01  ,0,0,0,0,0,0,0,0,0,-80000,0,0,0,0,80000,-80000,-80000
053660,群創凱基98購08  ,0,0,0,0,0,0,0,0,0,-80000,0,0,0,46000,126000,-80000,-80000
053815,聯發科群益96購01,0,0,0,0,0,0,0,0,0,-80000,0,0,0,10000,90000,-80000,-80000
03412P,滬深2X群益98售01,0,0,0,0,0,0,0,0,0,-80000,0,0,0,30000,110000,-80000,-80000
045203,同欣電凱基92購01,0,0,0,0,0,0,0,0,0,-80000,0,0,0,11000,91000,-80000,-80000
044536,深中小群益92購01,0,0,0,0,0,0,0,0,0,-80000,0,0,0,0,80000,-80000,-80000
048354,滬深2X永豐93購03,0,0,0,0,0,0,0,0,0,-80000,0,0,0,20000,100000,-80000,-80000
047620,貿聯凱基93購01  ,0,0,0,0,0,0,0,0,0,-80000,0,0,0,90000,170000,-80000,-80000
04980P,臺股指凱基96售08,0,0,0,0,0,0,0,0,0,-80000,0,0,0,0,80000,-80000,-80000
04713P,創意元大95售01  ,0,0,0,0,0,0,0,0,0,-80000,0,0,0,0,80000,-80000,-80000
047039,晶技群益93購02  ,0,0,0,0,0,0,0,0,0,-80000,0,0,0,10000,90000,-80000,-80000
047020,智邦元大93購04  ,0,0,0,0,0,0,0,0,0,-80000,0,0,0,80000,160000,-80000,-80000
052438,瑞儀富邦95購01  ,0,0,0,0,0,0,0,0,0,-80000,0,0,0,0,80000,-80000,-80000
052210,華夏元大95購01  ,0,0,0,0,0,0,0,0,0,-80000,0,0,0,0,80000,-80000,-80000
052076,可成元富98購01  ,0,0,0,0,0,0,0,0,0,-80000,0,0,0,210000,290000,-80000,-80000
051985,智邦元大95購05  ,0,0,0,0,0,0,0,0,0,-80000,0,0,0,115000,195000,-80000,-80000
051886,道瓊反統一95購03,0,0,0,0,0,0,0,0,0,-80000,0,0,0,0,80000,-80000,-80000
05165P,欣興元富95售03  ,0,0,0,0,0,0,0,0,0,-80000,0,0,0,35000,115000,-80000,-80000
055435,佳世達中信99購01,0,0,0,0,0,0,0,0,0,-80000,0,0,0,0,80000,-80000,-80000
054662,同欣電元大97購02,0,0,0,0,0,0,0,0,0,-81000,0,0,0,0,81000,-81000,-81000
054722,傳奇永豐97購01  ,0,0,0,0,0,0,0,0,0,-81000,0,0,0,0,81000,-81000,-81000
048926,燿華永豐95購01  ,0,0,0,0,0,0,0,0,0,-81000,0,0,0,5000,86000,-81000,-81000
049028,麗豐群益94購01  ,0,0,0,0,0,0,0,0,0,-81000,0,0,0,39000,120000,-81000,-81000
049426,為升兆豐95購01  ,0,0,0,0,0,0,0,0,0,-81000,0,0,0,0,81000,-81000,-81000
04715P,聯茂元大94售06  ,0,0,0,0,0,0,0,0,0,-81000,0,0,0,0,81000,-81000,-81000
047587,義隆永豐93購02  ,0,0,0,0,0,0,0,0,0,-81000,0,0,0,0,81000,-81000,-81000
04639P,臺股指群益94售14,0,0,0,0,0,0,0,0,0,-81000,0,0,0,17000,98000,-81000,-81000
050820,美食凱基95購01  ,0,0,0,0,0,0,0,0,0,-81000,0,0,0,10000,91000,-81000,-81000
050805,光寶科日盛95購01,0,0,0,0,0,0,0,0,0,-81000,0,0,0,0,81000,-81000,-81000
06073P,健策永豐97售01  ,0,0,0,0,0,0,0,0,0,-81000,0,0,0,0,81000,-81000,-81000
2228,劍麟            ,79000,182000,-103000,0,0,0,0,0,0,22000,0,0,0,22000,0,22000,-81000
053699,臺股指元大96購22,0,0,0,0,0,0,0,0,0,-82000,0,0,0,459000,541000,-82000,-82000
052972,義隆群益96購04  ,0,0,0,0,0,0,0,0,0,-82000,0,0,0,10000,92000,-82000,-82000
053094,聯電統一97購02  ,0,0,0,0,0,0,0,0,0,-82000,0,0,0,7000,89000,-82000,-82000
03417B,臺股指凱基95熊19,0,0,0,0,0,0,0,0,0,-82000,0,0,0,0,82000,-82000,-82000
04250P,嘉晶統一95售02  ,0,0,0,0,0,0,0,0,0,-82000,0,0,0,36000,118000,-82000,-82000
04857P,美律元富94售01  ,0,0,0,0,0,0,0,0,0,-82000,0,0,0,10000,92000,-82000,-82000
048056,全新國泰94購02  ,0,0,0,0,0,0,0,0,0,-82000,0,0,0,0,82000,-82000,-82000
050335,正崴國泰96購01  ,0,0,0,0,0,0,0,0,0,-82000,0,0,0,31000,113000,-82000,-82000
051927,國巨中信96購01  ,0,0,0,0,0,0,0,0,0,-82000,0,0,0,86000,168000,-82000,-82000
052079,康友元富98購01  ,0,0,0,0,0,0,0,0,0,-82000,0,0,0,135000,217000,-82000,-82000
052633,國巨凱基96購05  ,0,0,0,0,0,0,0,0,0,-82000,0,0,0,97000,179000,-82000,-82000
2548,華固            ,157000,234000,-77000,0,0,0,20000,0,20000,-25000,0,19000,-19000,0,6000,-6000,-82000
05786P,臺股指永昌96售03,0,0,0,0,0,0,0,0,0,-82000,855000,0,855000,2218000,3155000,-937000,-82000
05684P,臺股指元大96售09,0,0,0,0,0,0,0,0,0,-82000,0,0,0,25000,107000,-82000,-82000
055381,茂林元大97購02  ,0,0,0,0,0,0,0,0,0,-82000,0,0,0,45000,127000,-82000,-82000
053639,禾伸堂永豐96購01,0,0,0,0,0,0,0,0,0,-83000,0,0,0,20000,103000,-83000,-83000
054883,億光統一97購01  ,0,0,0,0,0,0,0,0,0,-83000,0,0,0,472000,555000,-83000,-83000
05403P,台積電富邦95售08,0,0,0,0,0,0,0,0,0,-83000,0,0,0,0,83000,-83000,-83000
04301P,微星中信93售01  ,0,0,0,0,0,0,0,0,0,-83000,0,0,0,0,83000,-83000,-83000
046069,禾伸堂凱基92購01,0,0,0,0,0,0,0,0,0,-83000,0,0,0,0,83000,-83000,-83000
044345,世紀鋼國泰92購01,0,0,0,0,0,0,0,0,0,-83000,0,0,0,35000,118000,-83000,-83000
048736,台達電統一94購01,0,0,0,0,0,0,0,0,0,-83000,0,0,0,41000,124000,-83000,-83000
047908,南亞科元大93購02,0,0,0,0,0,0,0,0,0,-83000,0,0,0,145000,228000,-83000,-83000
051712,嘉聯益群益95購01,0,0,0,0,0,0,0,0,0,-83000,0,0,0,0,83000,-83000,-83000
051028,台光電元富95購02,0,0,0,0,0,0,0,0,0,-83000,0,0,0,174000,257000,-83000,-83000
055243,國巨統一97購04  ,0,0,0,0,0,0,0,0,0,-83000,0,0,0,0,83000,-83000,-83000
055440,矽力國票98購01  ,0,0,0,0,0,0,0,0,0,-83000,0,0,0,3000,86000,-83000,-83000
054292,欣興元大96購06  ,0,0,0,0,0,0,0,0,0,-84000,0,0,0,507000,591000,-84000,-84000
045369,康控兆豐93購01  ,0,0,0,0,0,0,0,0,0,-84000,0,0,0,10000,94000,-84000,-84000
048664,華新科統一94購01,0,0,0,0,0,0,0,0,0,-84000,0,0,0,5000,89000,-84000,-84000
050949,亞光群益96購01  ,0,0,0,0,0,0,0,0,0,-84000,0,0,0,24000,108000,-84000,-84000
051533,健鼎國票96購02  ,0,0,0,0,0,0,0,0,0,-84000,0,0,0,0,84000,-84000,-84000
2537,聯上發          ,44000,128000,-84000,0,0,0,0,0,0,0,0,0,0,0,0,0,-84000
5534,長虹            ,63000,207000,-144000,0,0,0,0,0,0,60000,60000,0,60000,0,0,0,-84000
054725,國巨日盛97購01  ,0,0,0,0,0,0,0,0,0,-85000,0,0,0,65000,150000,-85000,-85000
053657,元大金凱基96購01,0,0,0,0,0,0,0,0,0,-85000,0,0,0,0,85000,-85000,-85000
046105,同欣電永豐92購02,0,0,0,0,0,0,0,0,0,-85000,0,0,0,60000,145000,-85000,-85000
049930,上海銀元大94購02,0,0,0,0,0,0,0,0,0,-85000,0,0,0,96000,181000,-85000,-85000
046473,晶技永豐92購01  ,0,0,0,0,0,0,0,0,0,-85000,0,0,0,20000,105000,-85000,-85000
051933,嘉聯益國票97購03,0,0,0,0,0,0,0,0,0,-85000,0,0,0,0,85000,-85000,-85000
052307,潤泰全國泰96購01,0,0,0,0,0,0,0,0,0,-85000,0,0,0,60000,145000,-85000,-85000
049895,國巨統一94購04  ,0,0,0,0,0,0,0,0,0,-85000,0,0,0,13000,98000,-85000,-85000
2601,益航            ,26000,110000,-84000,0,0,0,0,0,0,-1000,0,1000,-1000,0,0,0,-85000
053159,同欣電元大96購02,0,0,0,0,0,0,0,0,0,-86000,0,0,0,4000,90000,-86000,-86000
053935,華通元富96購02  ,0,0,0,0,0,0,0,0,0,-86000,0,0,0,15000,101000,-86000,-86000
045084,欣興元大93購02  ,0,0,0,0,0,0,0,0,0,-86000,0,0,0,75000,161000,-86000,-86000
048200,欣興元大93購07  ,0,0,0,0,0,0,0,0,0,-86000,0,0,0,232000,318000,-86000,-86000
050132,日電貿凱基94購02,0,0,0,0,0,0,0,0,0,-86000,0,0,0,10000,96000,-86000,-86000
050298,智伸科凱基94購02,0,0,0,0,0,0,0,0,0,-86000,0,0,0,0,86000,-86000,-86000
050852,矽創國票95購02  ,0,0,0,0,0,0,0,0,0,-86000,0,0,0,69000,155000,-86000,-86000
05731P,創意統一96售03  ,0,0,0,0,0,0,0,0,0,-86000,0,0,0,45000,131000,-86000,-86000
054349,同欣電國票97購02,0,0,0,0,0,0,0,0,0,-87000,0,0,0,5000,92000,-87000,-87000
054744,晶相光凱基99購01,0,0,0,0,0,0,0,0,0,-87000,0,0,0,8000,95000,-87000,-87000
054684,裕隆永豐97購01  ,0,0,0,0,0,0,0,0,0,-87000,0,0,0,0,87000,-87000,-87000
052923,台積電永豐96購02,0,0,0,0,0,0,0,0,0,-87000,0,0,0,18000,105000,-87000,-87000
045285,禾伸堂永豐92購01,0,0,0,0,0,0,0,0,0,-87000,0,0,0,10000,97000,-87000,-87000
049034,台達電兆豐94購01,0,0,0,0,0,0,0,0,0,-87000,0,0,0,8000,95000,-87000,-87000
046080,同欣電凱基92購03,0,0,0,0,0,0,0,0,0,-87000,0,0,0,28000,115000,-87000,-87000
04306P,上銀凱基93售10  ,0,0,0,0,0,0,0,0,0,-87000,0,0,0,20000,107000,-87000,-87000
03722P,華通元大93售04  ,0,0,0,0,0,0,0,0,0,-87000,0,0,0,0,87000,-87000,-87000
04032P,聯茂凱基94售02  ,0,0,0,0,0,0,0,0,0,-87000,0,0,0,4000,91000,-87000,-87000
047631,味全元大93購01  ,0,0,0,0,0,0,0,0,0,-87000,0,0,0,0,87000,-87000,-87000
052652,台虹永豐96購01  ,0,0,0,0,0,0,0,0,0,-87000,0,0,0,206000,293000,-87000,-87000
052455,樺漢元大96購03  ,0,0,0,0,0,0,0,0,0,-87000,0,0,0,2000,89000,-87000,-87000
052989,麗豐元大98購01  ,0,0,0,0,0,0,0,0,0,-88000,0,0,0,5000,93000,-88000,-88000
053616,奇力新群益97購01,0,0,0,0,0,0,0,0,0,-88000,0,0,0,32000,120000,-88000,-88000
054837,欣興第一97購01  ,0,0,0,0,0,0,0,0,0,-88000,0,0,0,337000,425000,-88000,-88000
054386,鴻海統一98購03  ,0,0,0,0,0,0,0,0,0,-88000,0,0,0,0,88000,-88000,-88000
046026,友訊元大92購01  ,0,0,0,0,0,0,0,0,0,-88000,0,0,0,12000,100000,-88000,-88000
045001,旺宏富邦94購01  ,0,0,0,0,0,0,0,0,0,-88000,0,0,0,50000,138000,-88000,-88000
044495,可成元大91購09  ,0,0,0,0,0,0,0,0,0,-88000,0,0,0,47000,135000,-88000,-88000
048677,智伸科國泰94購01,0,0,0,0,0,0,0,0,0,-88000,0,0,0,281000,369000,-88000,-88000
047831,台光電元大93購07,0,0,0,0,0,0,0,0,0,-88000,0,0,0,2000,90000,-88000,-88000
047364,欣興群益93購04  ,0,0,0,0,0,0,0,0,0,-88000,0,0,0,22000,110000,-88000,-88000
052392,台表科群益96購02,0,0,0,0,0,0,0,0,0,-88000,0,0,0,40000,128000,-88000,-88000
050664,全新台新94購02  ,0,0,0,0,0,0,0,0,0,-88000,0,0,0,0,88000,-88000,-88000
055494,華新科元大98購01,0,0,0,0,0,0,0,0,0,-88000,0,0,0,0,88000,-88000,-88000
05986P,大立光統一97售03,0,0,0,0,0,0,0,0,0,-88000,0,0,0,30000,118000,-88000,-88000
053946,全新富邦97購02  ,0,0,0,0,0,0,0,0,0,-89000,0,0,0,10000,99000,-89000,-89000
054045,奇力新元大97購03,0,0,0,0,0,0,0,0,0,-89000,0,0,0,139000,228000,-89000,-89000
054055,全新國票99購02  ,0,0,0,0,0,0,0,0,0,-89000,0,0,0,30000,119000,-89000,-89000
053752,超眾永豐96購02  ,0,0,0,0,0,0,0,0,0,-89000,0,0,0,38000,127000,-89000,-89000
053103,瀚宇博元富96購01,0,0,0,0,0,0,0,0,0,-89000,0,0,0,307000,396000,-89000,-89000
045850,嘉澤永豐92購01  ,0,0,0,0,0,0,0,0,0,-89000,0,0,0,23000,112000,-89000,-89000
047755,麗豐元富93購01  ,0,0,0,0,0,0,0,0,0,-89000,0,0,0,132000,221000,-89000,-89000
047771,緯創元大93購01  ,0,0,0,0,0,0,0,0,0,-89000,0,0,0,0,89000,-89000,-89000
047979,中石化群益95購01,0,0,0,0,0,0,0,0,0,-89000,0,0,0,0,89000,-89000,-89000
046869,聯發科統一95購01,0,0,0,0,0,0,0,0,0,-89000,0,0,0,3000,92000,-89000,-89000
05066P,康控元大95售03  ,0,0,0,0,0,0,0,0,0,-89000,0,0,0,0,89000,-89000,-89000
049486,旺宏元大94購08  ,0,0,0,0,0,0,0,0,0,-89000,0,0,0,86000,175000,-89000,-89000
055491,奇力新元大98購03,0,0,0,0,0,0,0,0,0,-89000,0,0,0,2000,91000,-89000,-89000
055215,智邦凱基98購02  ,0,0,0,0,0,0,0,0,0,-89000,0,0,0,1000,90000,-89000,-89000
2520,冠德            ,185000,114000,71000,0,0,0,0,45000,-45000,-115000,0,0,0,4000,119000,-115000,-89000
6166,凌華            ,736000,822000,-86000,0,0,0,0,0,0,-3000,0,2000,-2000,2000,3000,-1000,-89000
8210,勤誠            ,589000,609000,-20000,0,0,0,0,4000,-4000,-65000,68000,32000,36000,10000,111000,-101000,-89000
054060,晶技國票97購02  ,0,0,0,0,0,0,0,0,0,-90000,0,0,0,0,90000,-90000,-90000
054061,晶技國票97購03  ,0,0,0,0,0,0,0,0,0,-90000,0,0,0,10000,100000,-90000,-90000
054271,中石化中信99購01,0,0,0,0,0,0,0,0,0,-90000,0,0,0,0,90000,-90000,-90000
055017,緯穎元富97購01  ,0,0,0,0,0,0,0,0,0,-90000,0,0,0,10000,100000,-90000,-90000
045960,聯發科凱基92購01,0,0,0,0,0,0,0,0,0,-90000,0,0,0,0,90000,-90000,-90000
046020,滬深2X元大95購02,0,0,0,0,0,0,0,0,0,-90000,0,0,0,116000,206000,-90000,-90000
046194,禾伸堂凱基92購02,0,0,0,0,0,0,0,0,0,-90000,0,0,0,10000,100000,-90000,-90000
04851P,創意永豐94售02  ,0,0,0,0,0,0,0,0,0,-90000,0,0,0,0,90000,-90000,-90000
046981,智伸科兆豐94購01,0,0,0,0,0,0,0,0,0,-90000,0,0,0,104000,194000,-90000,-90000
049909,國巨元大95購01  ,0,0,0,0,0,0,0,0,0,-90000,0,0,0,46000,136000,-90000,-90000
050660,欣興元大96購02  ,0,0,0,0,0,0,0,0,0,-90000,0,0,0,70000,160000,-90000,-90000
052107,台積電統一95購06,0,0,0,0,0,0,0,0,0,-90000,0,0,0,40000,130000,-90000,-90000
051502,南茂群益95購01  ,0,0,0,0,0,0,0,0,0,-90000,0,0,0,0,90000,-90000,-90000
05153P,台表科群益96售01,0,0,0,0,0,0,0,0,0,-90000,0,0,0,0,90000,-90000,-90000
06006P,欣興永豐96售04  ,0,0,0,0,0,0,0,0,0,-90000,0,0,0,0,90000,-90000,-90000
1515,力山            ,225000,351765,-126765,0,0,0,0,0,0,36000,0,0,0,38000,2000,36000,-90765
053079,世紀鋼永豐96購01,0,0,0,0,0,0,0,0,0,-91000,0,0,0,0,91000,-91000,-91000
052907,嘉澤國票97購01  ,0,0,0,0,0,0,0,0,0,-91000,0,0,0,5000,96000,-91000,-91000
052976,台表科群益96購03,0,0,0,0,0,0,0,0,0,-91000,0,0,0,176000,267000,-91000,-91000
053490,為升兆豐97購01  ,0,0,0,0,0,0,0,0,0,-91000,0,0,0,0,91000,-91000,-91000
049127,上海銀元富94購01,0,0,0,0,0,0,0,0,0,-91000,0,0,0,338000,429000,-91000,-91000
042909,順德元大94購01  ,0,0,0,0,0,0,0,0,0,-91000,0,0,0,9000,100000,-91000,-91000
044852,華邦電國泰93購02,0,0,0,0,0,0,0,0,0,-91000,0,0,0,0,91000,-91000,-91000
047740,樺漢永豐93購01  ,0,0,0,0,0,0,0,0,0,-91000,0,0,0,0,91000,-91000,-91000
046465,GIS凱基95購01   ,0,0,0,0,0,0,0,0,0,-91000,0,0,0,210000,301000,-91000,-91000
047932,麗豐凱基93購01  ,0,0,0,0,0,0,0,0,0,-91000,0,0,0,26000,117000,-91000,-91000
047956,麗豐永豐93購02  ,0,0,0,0,0,0,0,0,0,-91000,0,0,0,89000,180000,-91000,-91000
048427,百和元富95購01  ,0,0,0,0,0,0,0,0,0,-91000,0,0,0,321000,412000,-91000,-91000
048714,巨大康和94購01  ,0,0,0,0,0,0,0,0,0,-91000,0,0,0,38000,129000,-91000,-91000
051864,聯發科凱基96購03,0,0,0,0,0,0,0,0,0,-91000,0,0,0,20000,111000,-91000,-91000
051670,欣興元大95購06  ,0,0,0,0,0,0,0,0,0,-91000,0,0,0,460000,551000,-91000,-91000
052270,力成日盛95購01  ,0,0,0,0,0,0,0,0,0,-91000,0,0,0,59000,150000,-91000,-91000
055384,緯穎元大98購02  ,0,0,0,0,0,0,0,0,0,-91000,0,0,0,10000,101000,-91000,-91000
055290,玉晶光元大98購08,0,0,0,0,0,0,0,0,0,-91000,0,0,0,180000,271000,-91000,-91000
053400,緯穎中信9A購01  ,0,0,0,0,0,0,0,0,0,-92000,0,0,0,27000,119000,-92000,-92000
052818,智邦永豐96購01  ,0,0,0,0,0,0,0,0,0,-92000,0,0,0,54000,146000,-92000,-92000
03025P,國巨元大01售12  ,0,0,0,0,0,0,0,0,0,-92000,0,0,0,0,92000,-92000,-92000
043879,貿聯元大92購01  ,0,0,0,0,0,0,0,0,0,-92000,0,0,0,0,92000,-92000,-92000
048997,智原國票95購01  ,0,0,0,0,0,0,0,0,0,-92000,0,0,0,0,92000,-92000,-92000
047586,聯發科永豐94購01,0,0,0,0,0,0,0,0,0,-92000,0,0,0,372000,464000,-92000,-92000
05168P,鴻海元大95售14  ,0,0,0,0,0,0,0,0,0,-92000,0,0,0,59000,151000,-92000,-92000
051632,全新國票96購01  ,0,0,0,0,0,0,0,0,0,-92000,0,0,0,4000,96000,-92000,-92000
05027P,南電群益95售01  ,0,0,0,0,0,0,0,0,0,-92000,0,0,0,10000,102000,-92000,-92000
055101,台肥凱基97購01  ,0,0,0,0,0,0,0,0,0,-92000,0,0,0,0,92000,-92000,-92000
055456,上銀富邦99購01  ,0,0,0,0,0,0,0,0,0,-92000,0,0,0,29000,121000,-92000,-92000
053596,嘉澤元大96購01  ,0,0,0,0,0,0,0,0,0,-93000,0,0,0,75000,168000,-93000,-93000
054624,台積電凱基98購03,0,0,0,0,0,0,0,0,0,-93000,0,0,0,51000,144000,-93000,-93000
054379,光磊群益98購01  ,0,0,0,0,0,0,0,0,0,-93000,0,0,0,5000,98000,-93000,-93000
045002,高股息元大92購02,0,0,0,0,0,0,0,0,0,-93000,0,0,0,6000,99000,-93000,-93000
045008,南亞科元大92購02,0,0,0,0,0,0,0,0,0,-93000,0,0,0,27000,120000,-93000,-93000
04079P,燿華元大93售04  ,0,0,0,0,0,0,0,0,0,-93000,0,0,0,5000,98000,-93000,-93000
047519,台達電元大93購02,0,0,0,0,0,0,0,0,0,-93000,0,0,0,1000,94000,-93000,-93000
046741,GIS群益94購01   ,0,0,0,0,0,0,0,0,0,-93000,0,0,0,91000,184000,-93000,-93000
047232,禾伸堂凱基93購02,0,0,0,0,0,0,0,0,0,-93000,0,0,0,24000,117000,-93000,-93000
047788,欣興群益93購05  ,0,0,0,0,0,0,0,0,0,-93000,0,0,0,1320000,1413000,-93000,-93000
049397,台達電群益94購03,0,0,0,0,0,0,0,0,0,-93000,0,0,0,5000,98000,-93000,-93000
052025,國巨群益96購01  ,0,0,0,0,0,0,0,0,0,-93000,0,0,0,10000,103000,-93000,-93000
045873,元油2X元富98購04,0,0,0,0,0,0,0,0,0,-94000,0,0,0,10000,104000,-94000,-94000
05916P,聯發科元大96售20,0,0,0,0,0,0,0,0,0,-94000,0,0,0,266000,360000,-94000,-94000
054491,瀚宇博台新96購02,0,0,0,0,0,0,0,0,0,-95000,0,0,0,25000,120000,-95000,-95000
054351,華新科國泰97購03,0,0,0,0,0,0,0,0,0,-95000,0,0,0,22000,117000,-95000,-95000
053891,欣興群益98購01  ,0,0,0,0,0,0,0,0,0,-95000,0,0,0,317000,412000,-95000,-95000
052740,聯發科元大96購07,0,0,0,0,0,0,0,0,0,-95000,0,0,0,14000,109000,-95000,-95000
053194,緯穎統一99購01  ,0,0,0,0,0,0,0,0,0,-95000,0,0,0,5000,100000,-95000,-95000
044296,嘉聯益凱基93購01,0,0,0,0,0,0,0,0,0,-95000,0,0,0,21000,116000,-95000,-95000
04054P,滬深2X富邦96售02,0,0,0,0,0,0,0,0,0,-95000,0,0,0,300000,395000,-95000,-95000
044061,聯發科元大92購03,0,0,0,0,0,0,0,0,0,-95000,0,0,0,26000,121000,-95000,-95000
047096,元油反國泰96購01,0,0,0,0,0,0,0,0,0,-95000,0,0,0,25000,120000,-95000,-95000
048616,智伸科凱基93購07,0,0,0,0,0,0,0,0,0,-95000,0,0,0,5000,100000,-95000,-95000
050901,樺漢元大95購02  ,0,0,0,0,0,0,0,0,0,-95000,0,0,0,136000,231000,-95000,-95000
055326,緯穎國票97購06  ,0,0,0,0,0,0,0,0,0,-95000,0,0,0,1000,96000,-95000,-95000
2723,美食-KY         ,370000,581000,-211000,0,0,0,0,0,0,116000,11000,1000,10000,114000,8000,106000,-95000
053164,台光電群益96購02,0,0,0,0,0,0,0,0,0,-96000,0,0,0,111000,207000,-96000,-96000
05301P,矽力元大95售02  ,0,0,0,0,0,0,0,0,0,-96000,0,0,0,164000,260000,-96000,-96000
055035,興勤富邦98購01  ,0,0,0,0,0,0,0,0,0,-96000,0,0,0,24000,120000,-96000,-96000
04276P,聯發科凱基93售33,0,0,0,0,0,0,0,0,0,-96000,0,0,0,5000,101000,-96000,-96000
046295,超眾統一92購01  ,0,0,0,0,0,0,0,0,0,-96000,0,0,0,133000,229000,-96000,-96000
046785,禾伸堂永豐93購01,0,0,0,0,0,0,0,0,0,-96000,0,0,0,24000,120000,-96000,-96000
049523,微星兆豐94購02  ,0,0,0,0,0,0,0,0,0,-96000,0,0,0,1000,97000,-96000,-96000
049961,GIS統一94購01   ,0,0,0,0,0,0,0,0,0,-96000,0,0,0,56000,152000,-96000,-96000
049668,大立光國泰96購02,0,0,0,0,0,0,0,0,0,-96000,0,0,0,43000,139000,-96000,-96000
051223,台化群益95購01  ,0,0,0,0,0,0,0,0,0,-96000,0,0,0,2000,98000,-96000,-96000
049889,欣興國泰96購01  ,0,0,0,0,0,0,0,0,0,-96000,0,0,0,212000,308000,-96000,-96000
052233,台郡凱基96購01  ,0,0,0,0,0,0,0,0,0,-96000,0,0,0,48000,144000,-96000,-96000
1522,堤維西          ,31000,127000,-96000,0,0,0,0,0,0,0,0,0,0,0,0,0,-96000
06161P,聯發科群益97售03,0,0,0,0,0,0,0,0,0,-96000,0,0,0,217000,313000,-96000,-96000
054364,智伸科凱基96購01,0,0,0,0,0,0,0,0,0,-97000,0,0,0,88000,185000,-97000,-97000
053811,國巨群益98購02  ,0,0,0,0,0,0,0,0,0,-97000,0,0,0,49000,146000,-97000,-97000
049861,正崴兆豐94購01  ,0,0,0,0,0,0,0,0,0,-97000,0,0,0,0,97000,-97000,-97000
04717P,和大凱基94售02  ,0,0,0,0,0,0,0,0,0,-97000,0,0,0,3000,100000,-97000,-97000
047887,智原富邦97購01  ,0,0,0,0,0,0,0,0,0,-97000,0,0,0,45000,142000,-97000,-97000
051216,為升元富95購01  ,0,0,0,0,0,0,0,0,0,-97000,0,0,0,148000,245000,-97000,-97000
051289,大立光統一96購01,0,0,0,0,0,0,0,0,0,-97000,0,0,0,39000,136000,-97000,-97000
050956,鈺齊群益95購01  ,0,0,0,0,0,0,0,0,0,-97000,0,0,0,154000,251000,-97000,-97000
06160P,台達電群益97售01,0,0,0,0,0,0,0,0,0,-97000,0,0,0,160000,257000,-97000,-97000
053757,聯發科國泰96購04,0,0,0,0,0,0,0,0,0,-98000,0,0,0,39000,137000,-98000,-98000
053693,欣興元大96購05  ,0,0,0,0,0,0,0,0,0,-98000,0,0,0,174000,272000,-98000,-98000
053071,南電群益96購01  ,0,0,0,0,0,0,0,0,0,-98000,0,0,0,282000,380000,-98000,-98000
053278,禾伸堂元大96購01,0,0,0,0,0,0,0,0,0,-98000,0,0,0,103000,201000,-98000,-98000
053235,智原永豐96購01  ,0,0,0,0,0,0,0,0,0,-98000,0,0,0,57000,155000,-98000,-98000
054866,宏盛群益98購01  ,0,0,0,0,0,0,0,0,0,-98000,0,0,0,0,98000,-98000,-98000
044961,聯電中信94購01  ,0,0,0,0,0,0,0,0,0,-98000,0,0,0,6000,104000,-98000,-98000
048757,美利達元富96購01,0,0,0,0,0,0,0,0,0,-98000,0,0,0,0,98000,-98000,-98000
049851,致伸群益94購03  ,0,0,0,0,0,0,0,0,0,-98000,0,0,0,0,98000,-98000,-98000
048296,康控群益93購03  ,0,0,0,0,0,0,0,0,0,-98000,0,0,0,0,98000,-98000,-98000
050980,欣興元富95購02  ,0,0,0,0,0,0,0,0,0,-98000,0,0,0,74000,172000,-98000,-98000
05110P,上銀統一95售01  ,0,0,0,0,0,0,0,0,0,-98000,0,0,0,176000,274000,-98000,-98000
052026,漢唐群益95購01  ,0,0,0,0,0,0,0,0,0,-98000,0,0,0,30000,128000,-98000,-98000
052529,力成元大95購03  ,0,0,0,0,0,0,0,0,0,-98000,0,0,0,15000,113000,-98000,-98000
051947,矽力統一95購01  ,0,0,0,0,0,0,0,0,0,-98000,0,0,0,10000,108000,-98000,-98000
05569P,漢唐統一97售01  ,0,0,0,0,0,0,0,0,0,-98000,0,0,0,0,98000,-98000,-98000
054920,智原凱基98購01  ,0,0,0,0,0,0,0,0,0,-99000,0,0,0,70000,169000,-99000,-99000
042234,S&P反1國泰92購01,0,0,0,0,0,0,0,0,0,-99000,0,0,0,0,99000,-99000,-99000
047967,南亞科國泰95購01,0,0,0,0,0,0,0,0,0,-99000,0,0,0,357000,456000,-99000,-99000
052275,日月光群益95購01,0,0,0,0,0,0,0,0,0,-99000,0,0,0,32000,131000,-99000,-99000
050271,上緯控元大96購01,0,0,0,0,0,0,0,0,0,-99000,0,0,0,1000,100000,-99000,-99000
05618P,聯發科元富96售02,0,0,0,0,0,0,0,0,0,-99000,0,0,0,0,99000,-99000,-99000
05529P,臺股指群益96售02,0,0,0,0,0,0,0,0,0,-99000,0,0,0,0,99000,-99000,-99000
05530P,臺股指群益96售03,0,0,0,0,0,0,0,0,0,-99000,0,0,0,0,99000,-99000,-99000
055009,合勤控元富97購01,0,0,0,0,0,0,0,0,0,-100000,0,0,0,0,100000,-100000,-100000
055071,群電永豐97購01  ,0,0,0,0,0,0,0,0,0,-100000,0,0,0,0,100000,-100000,-100000
054754,昇陽半凱基98購02,0,0,0,0,0,0,0,0,0,-100000,0,0,0,0,100000,-100000,-100000
054506,矽格永豐96購01  ,0,0,0,0,0,0,0,0,0,-100000,0,0,0,2000,102000,-100000,-100000
053984,康友元大96購05  ,0,0,0,0,0,0,0,0,0,-100000,0,0,0,147000,247000,-100000,-100000
053609,華新中信9A購01  ,0,0,0,0,0,0,0,0,0,-100000,0,0,0,0,100000,-100000,-100000
053318,全新群益99購01  ,0,0,0,0,0,0,0,0,0,-100000,0,0,0,45000,145000,-100000,-100000
053442,光罩凱基96購01  ,0,0,0,0,0,0,0,0,0,-100000,0,0,0,0,100000,-100000,-100000
043835,宏達電國票92購01,0,0,0,0,0,0,0,0,0,-100000,0,0,0,0,100000,-100000,-100000
03597P,玉晶光凱基03售12,0,0,0,0,0,0,0,0,0,-100000,0,0,0,100000,200000,-100000,-100000
04041P,大立光統一94售03,0,0,0,0,0,0,0,0,0,-100000,0,0,0,0,100000,-100000,-100000
03146P,台灣50群益03售01,0,0,0,0,0,0,0,0,0,-100000,0,0,0,0,100000,-100000,-100000
03875P,滬深2X國票05售01,0,0,0,0,0,0,0,0,0,-100000,0,0,0,0,100000,-100000,-100000
03957P,創意統一94售02  ,0,0,0,0,0,0,0,0,0,-100000,0,0,0,0,100000,-100000,-100000
03965P,上銀國票94售01  ,0,0,0,0,0,0,0,0,0,-100000,0,0,0,0,100000,-100000,-100000
044937,瀚宇博元大91購02,0,0,0,0,0,0,0,0,0,-100000,0,0,0,0,100000,-100000,-100000
044224,超眾凱基93購01  ,0,0,0,0,0,0,0,0,0,-100000,0,0,0,30000,130000,-100000,-100000
043026,康友元大92購01  ,0,0,0,0,0,0,0,0,0,-100000,0,0,0,100000,200000,-100000,-100000
046065,益航凱基93購02  ,0,0,0,0,0,0,0,0,0,-100000,0,0,0,110000,210000,-100000,-100000
045662,華邦電統一94購02,0,0,0,0,0,0,0,0,0,-100000,0,0,0,166000,266000,-100000,-100000
048993,昇陽半元大94購03,0,0,0,0,0,0,0,0,0,-100000,0,0,0,0,100000,-100000,-100000
048884,川湖元富94購01  ,0,0,0,0,0,0,0,0,0,-100000,0,0,0,0,100000,-100000,-100000
049025,華擎群益94購01  ,0,0,0,0,0,0,0,0,0,-100000,0,0,0,150000,250000,-100000,-100000
045371,元石油元大95購01,0,0,0,0,0,0,0,0,0,-100000,0,0,0,0,100000,-100000,-100000
04549P,茂林元大94售02  ,0,0,0,0,0,0,0,0,0,-100000,0,0,0,0,100000,-100000,-100000
04545P,國巨元大94售05  ,0,0,0,0,0,0,0,0,0,-100000,0,0,0,0,100000,-100000,-100000
044991,T50反1國泰93購02,0,0,0,0,0,0,0,0,0,-100000,0,0,0,0,100000,-100000,-100000
044551,滬深2X永豐91購02,0,0,0,0,0,0,0,0,0,-100000,0,0,0,0,100000,-100000,-100000
044688,傳奇凱基93購01  ,0,0,0,0,0,0,0,0,0,-100000,0,0,0,0,100000,-100000,-100000
048234,美利達凱基93購03,0,0,0,0,0,0,0,0,0,-100000,0,0,0,0,100000,-100000,-100000
046812,為升凱基93購02  ,0,0,0,0,0,0,0,0,0,-100000,0,0,0,0,100000,-100000,-100000
048847,A50群益98購01   ,0,0,0,0,0,0,0,0,0,-100000,0,0,0,100000,200000,-100000,-100000
049817,南電元大94購07  ,0,0,0,0,0,0,0,0,0,-100000,0,0,0,132000,232000,-100000,-100000
049794,台達電元大94購10,0,0,0,0,0,0,0,0,0,-100000,0,0,0,0,100000,-100000,-100000
049785,華新科兆豐95購01,0,0,0,0,0,0,0,0,0,-100000,0,0,0,316000,416000,-100000,-100000
049944,日月光第一94購01,0,0,0,0,0,0,0,0,0,-100000,0,0,0,0,100000,-100000,-100000
049706,世紀鋼元大95購02,0,0,0,0,0,0,0,0,0,-100000,0,0,0,0,100000,-100000,-100000
049609,全新兆豐95購01  ,0,0,0,0,0,0,0,0,0,-100000,0,0,0,50000,150000,-100000,-100000
048326,滬深2X國泰94購03,0,0,0,0,0,0,0,0,0,-100000,0,0,0,300000,400000,-100000,-100000
048774,麗豐凱基94購04  ,0,0,0,0,0,0,0,0,0,-100000,0,0,0,5000,105000,-100000,-100000
046506,全新元大92購05  ,0,0,0,0,0,0,0,0,0,-100000,0,0,0,0,100000,-100000,-100000
04726P,TPK凱基94售04   ,0,0,0,0,0,0,0,0,0,-100000,0,0,0,0,100000,-100000,-100000
04940P,台積電國票95售02,0,0,0,0,0,0,0,0,0,-100000,0,0,0,0,100000,-100000,-100000
049381,欣興元大94購05  ,0,0,0,0,0,0,0,0,0,-100000,0,0,0,329000,429000,-100000,-100000
048112,宏達電群益93購05,0,0,0,0,0,0,0,0,0,-100000,0,0,0,0,100000,-100000,-100000
047359,台達電群益93購01,0,0,0,0,0,0,0,0,0,-100000,0,0,0,10000,110000,-100000,-100000
048086,鴻海凱基93購33  ,0,0,0,0,0,0,0,0,0,-100000,0,0,0,1000,101000,-100000,-100000
047401,南茂永豐93購01  ,0,0,0,0,0,0,0,0,0,-100000,0,0,0,0,100000,-100000,-100000
047877,滬深2X中信95購07,0,0,0,0,0,0,0,0,0,-100000,0,0,0,0,100000,-100000,-100000
047830,智邦元大93購08  ,0,0,0,0,0,0,0,0,0,-100000,0,0,0,0,100000,-100000,-100000
047778,美利達元大93購01,0,0,0,0,0,0,0,0,0,-100000,0,0,0,0,100000,-100000,-100000
047422,滬深2X兆豐94購02,0,0,0,0,0,0,0,0,0,-100000,0,0,0,0,100000,-100000,-100000
048177,臺指反富邦99購01,0,0,0,0,0,0,0,0,0,-100000,0,0,0,0,100000,-100000,-100000
049287,可成兆豐95購01  ,0,0,0,0,0,0,0,0,0,-100000,0,0,0,0,100000,-100000,-100000
050571,美食中信95購01  ,0,0,0,0,0,0,0,0,0,-100000,0,0,0,0,100000,-100000,-100000
050113,欣興元大95購05  ,0,0,0,0,0,0,0,0,0,-100000,0,0,0,101000,201000,-100000,-100000
050130,華新科凱基94購09,0,0,0,0,0,0,0,0,0,-100000,0,0,0,10000,110000,-100000,-100000
050125,中環凱基94購01  ,0,0,0,0,0,0,0,0,0,-100000,0,0,0,0,100000,-100000,-100000
050168,緯創富邦95購01  ,0,0,0,0,0,0,0,0,0,-100000,0,0,0,0,100000,-100000,-100000
050171,臺指反元大97購03,0,0,0,0,0,0,0,0,0,-100000,0,0,0,0,100000,-100000,-100000
050257,為升元大94購07  ,0,0,0,0,0,0,0,0,0,-100000,0,0,0,115000,215000,-100000,-100000
051249,潤泰全元大95購01,0,0,0,0,0,0,0,0,0,-100000,0,0,0,37000,137000,-100000,-100000
051235,鴻海元大95購06  ,0,0,0,0,0,0,0,0,0,-100000,0,0,0,80000,180000,-100000,-100000
050849,智伸科國票95購01,0,0,0,0,0,0,0,0,0,-100000,0,0,0,8000,108000,-100000,-100000
050888,群創富邦95購01  ,0,0,0,0,0,0,0,0,0,-100000,0,0,0,0,100000,-100000,-100000
050622,昇陽半元大94購05,0,0,0,0,0,0,0,0,0,-100000,0,0,0,0,100000,-100000,-100000
050703,矽格凱基94購02  ,0,0,0,0,0,0,0,0,0,-100000,0,0,0,0,100000,-100000,-100000
050781,昇陽半元大94購06,0,0,0,0,0,0,0,0,0,-100000,0,0,0,0,100000,-100000,-100000
052553,技嘉國票96購01  ,0,0,0,0,0,0,0,0,0,-100000,0,0,0,0,100000,-100000,-100000
05258P,臺股指凱基96售11,0,0,0,0,0,0,0,0,0,-100000,0,0,0,0,100000,-100000,-100000
051998,昇陽半元大96購02,0,0,0,0,0,0,0,0,0,-100000,0,0,0,0,100000,-100000,-100000
051856,亞德客凱基95購01,0,0,0,0,0,0,0,0,0,-100000,0,0,0,16000,116000,-100000,-100000
051678,鈺齊元大95購02  ,0,0,0,0,0,0,0,0,0,-100000,0,0,0,57000,157000,-100000,-100000
051759,全新元大95購04  ,0,0,0,0,0,0,0,0,0,-100000,0,0,0,0,100000,-100000,-100000
05162P,玉晶光國票96售03,0,0,0,0,0,0,0,0,0,-100000,0,0,0,0,100000,-100000,-100000
051359,中信金元大95購01,0,0,0,0,0,0,0,0,0,-100000,0,0,0,1187000,1287000,-100000,-100000
055363,緯穎凱基98購03  ,0,0,0,0,0,0,0,0,0,-100000,0,0,0,5000,105000,-100000,-100000
055100,得力凱基97購01  ,0,0,0,0,0,0,0,0,0,-100000,0,0,0,0,100000,-100000,-100000
05631P,國巨富邦9A售01  ,0,0,0,0,0,0,0,0,0,-100000,0,0,0,50000,150000,-100000,-100000
055497,開發金元大97購01,0,0,0,0,0,0,0,0,0,-100000,0,0,0,0,100000,-100000,-100000
06185P,台表科元大97售05,0,0,0,0,0,0,0,0,0,-100000,0,0,0,0,100000,-100000,-100000
1103,嘉泥            ,340000,440000,-100000,0,0,0,0,0,0,0,0,0,0,53000,53000,0,-100000
1720,生達            ,8000,108000,-100000,0,0,0,0,0,0,0,0,0,0,0,0,0,-100000
05920P,力成元大96售04  ,0,0,0,0,0,0,0,0,0,-100000,0,0,0,0,100000,-100000,-100000
05756P,臺股指中信99售05,0,0,0,0,0,0,0,0,0,-100000,0,0,0,0,100000,-100000,-100000
06030P,友達兆豐96售02  ,0,0,0,0,0,0,0,0,0,-100000,0,0,0,0,100000,-100000,-100000
6698,旭暉應材        ,39000,120000,-81000,0,0,0,20000,0,20000,-39000,4000,43000,-39000,0,0,0,-100000
052984,漢唐元大96購01  ,0,0,0,0,0,0,0,0,0,-101000,0,0,0,71000,172000,-101000,-101000
054808,東元元大9A購01  ,0,0,0,0,0,0,0,0,0,-101000,0,0,0,168000,269000,-101000,-101000
049067,元油2X凱基94購02,0,0,0,0,0,0,0,0,0,-101000,0,0,0,0,101000,-101000,-101000
048991,昇陽半元大94購01,0,0,0,0,0,0,0,0,0,-101000,0,0,0,9000,110000,-101000,-101000
046150,欣興國票92購02  ,0,0,0,0,0,0,0,0,0,-101000,0,0,0,0,101000,-101000,-101000
04035P,全新群益93售03  ,0,0,0,0,0,0,0,0,0,-101000,0,0,0,21000,122000,-101000,-101000
049363,旺宏元大94購07  ,0,0,0,0,0,0,0,0,0,-101000,0,0,0,118000,219000,-101000,-101000
049860,亞德客兆豐94購01,0,0,0,0,0,0,0,0,0,-101000,0,0,0,15000,116000,-101000,-101000
051360,緯創元大95購03  ,0,0,0,0,0,0,0,0,0,-101000,0,0,0,0,101000,-101000,-101000
052608,欣興元大97購01  ,0,0,0,0,0,0,0,0,0,-101000,0,0,0,68000,169000,-101000,-101000
052310,聯電富邦95購01  ,0,0,0,0,0,0,0,0,0,-101000,0,0,0,0,101000,-101000,-101000
05062P,大立光富邦98售03,0,0,0,0,0,0,0,0,0,-101000,0,0,0,79000,180000,-101000,-101000
051089,旺宏元大96購04  ,0,0,0,0,0,0,0,0,0,-101000,0,0,0,64000,165000,-101000,-101000
050268,智原元大95購03  ,0,0,0,0,0,0,0,0,0,-101000,0,0,0,207000,308000,-101000,-101000
05967P,臺股指麥證96售02,0,0,0,100000,201000,-101000,0,0,0,-101000,0,0,0,100000,201000,-101000,-101000
05784P,臺股指元大96售18,0,0,0,0,0,0,0,0,0,-101000,0,0,0,1000,102000,-101000,-101000
05641P,貿聯元富96售02  ,0,0,0,0,0,0,0,0,0,-101000,0,0,0,62000,163000,-101000,-101000
05739P,臺股指統一97售02,0,0,0,0,0,0,0,0,0,-101000,0,0,0,0,101000,-101000,-101000
055199,國喬群益97購01  ,0,0,0,0,0,0,0,0,0,-101000,0,0,0,175000,276000,-101000,-101000
053989,奇力新兆豐97購01,0,0,0,0,0,0,0,0,0,-102000,0,0,0,41000,143000,-102000,-102000
053947,義隆富邦97購01  ,0,0,0,0,0,0,0,0,0,-102000,0,0,0,48000,150000,-102000,-102000
054278,晶技群益97購02  ,0,0,0,0,0,0,0,0,0,-102000,0,0,0,0,102000,-102000,-102000
053523,T50反1中信9A購01,0,0,0,0,0,0,0,0,0,-102000,0,0,0,40000,142000,-102000,-102000
053293,聯發科中信9B購01,0,0,0,0,0,0,0,0,0,-102000,0,0,0,200000,302000,-102000,-102000
053812,台積電群益96購09,0,0,0,0,0,0,0,0,0,-102000,0,0,0,288000,390000,-102000,-102000
03535P,臺股指凱基02售14,0,0,0,0,0,0,0,0,0,-102000,0,0,0,50000,152000,-102000,-102000
046294,台勝科統一92購01,0,0,0,0,0,0,0,0,0,-102000,0,0,0,218000,320000,-102000,-102000
049740,禾伸堂群益94購01,0,0,0,0,0,0,0,0,0,-102000,0,0,0,150000,252000,-102000,-102000
046875,康友元富93購01  ,0,0,0,0,0,0,0,0,0,-102000,0,0,0,0,102000,-102000,-102000
046569,同欣電元富92購02,0,0,0,0,0,0,0,0,0,-102000,0,0,0,27000,129000,-102000,-102000
050116,嘉澤元大94購03  ,0,0,0,0,0,0,0,0,0,-102000,0,0,0,10000,112000,-102000,-102000
050604,上証2X永昌94購01,0,0,0,0,0,0,0,0,0,-102000,0,0,0,0,102000,-102000,-102000
050687,上銀日盛94購01  ,0,0,0,0,0,0,0,0,0,-102000,0,0,0,30000,132000,-102000,-102000
050960,台光電永豐95購01,0,0,0,0,0,0,0,0,0,-102000,0,0,0,0,102000,-102000,-102000
052517,滬深2X元大95購05,0,0,0,0,0,0,0,0,0,-102000,0,0,0,8000,110000,-102000,-102000
05945P,聯詠中信96售01  ,0,0,0,0,0,0,0,0,0,-102000,0,0,0,0,102000,-102000,-102000
053082,聯電元大98購03  ,0,0,0,0,0,0,0,0,0,-103000,0,0,0,100000,203000,-103000,-103000
052694,開發金中信98購01,0,0,0,0,0,0,0,0,0,-103000,0,0,0,97000,200000,-103000,-103000
054181,華新康和96購01  ,0,0,0,0,0,0,0,0,0,-103000,0,0,0,70000,173000,-103000,-103000
05463P,創意國票96售04  ,0,0,0,0,0,0,0,0,0,-103000,0,0,0,0,103000,-103000,-103000
049004,聯發科中信96購01,0,0,0,0,0,0,0,0,0,-103000,0,0,0,0,103000,-103000,-103000
051772,玉山金中信95購01,0,0,0,0,0,0,0,0,0,-103000,0,0,0,16000,119000,-103000,-103000
05779P,台積電統一96售06,0,0,0,0,0,0,0,0,0,-103000,0,0,0,0,103000,-103000,-103000
054964,智易元大99購01  ,0,0,0,0,0,0,0,0,0,-104000,0,0,0,13000,117000,-104000,-104000
054425,聯發科富邦99購03,0,0,0,0,0,0,0,0,0,-104000,0,0,0,10000,114000,-104000,-104000
053200,華邦電日盛96購01,0,0,0,0,0,0,0,0,0,-104000,0,0,0,184000,288000,-104000,-104000
048918,上証2X永豐94購01,0,0,0,0,0,0,0,0,0,-104000,0,0,0,6000,110000,-104000,-104000
047498,力成康和93購01  ,0,0,0,0,0,0,0,0,0,-104000,0,0,0,83000,187000,-104000,-104000
048583,智原富邦98購01  ,0,0,0,0,0,0,0,0,0,-104000,0,0,0,18000,122000,-104000,-104000
048609,京元電凱基93購07,0,0,0,0,0,0,0,0,0,-104000,0,0,0,0,104000,-104000,-104000
051068,台積電國票97購01,0,0,0,0,0,0,0,0,0,-104000,0,0,0,67000,171000,-104000,-104000
049897,華新科統一94購07,0,0,0,0,0,0,0,0,0,-104000,0,0,0,65000,169000,-104000,-104000
054008,大立光元富96購06,0,0,0,0,0,0,0,0,0,-105000,0,0,0,381000,486000,-105000,-105000
03828P,致茂中信95售01  ,0,0,0,0,0,0,0,0,0,-105000,0,0,0,85000,190000,-105000,-105000
048691,智伸科群益94購01,0,0,0,0,0,0,0,0,0,-105000,0,0,0,141000,246000,-105000,-105000
046393,瀚宇博元富92購01,0,0,0,0,0,0,0,0,0,-105000,0,0,0,0,105000,-105000,-105000
04961P,貿聯凱基94售03  ,0,0,0,0,0,0,0,0,0,-105000,0,0,0,0,105000,-105000,-105000
04716P,中石化凱基94售01,0,0,0,0,0,0,0,0,0,-105000,0,0,0,195000,300000,-105000,-105000
051032,南電元富95購01  ,0,0,0,0,0,0,0,0,0,-105000,0,0,0,0,105000,-105000,-105000
050955,達方群益97購01  ,0,0,0,0,0,0,0,0,0,-105000,0,0,0,0,105000,-105000,-105000
2511,太子            ,91000,196000,-105000,0,0,0,0,0,0,0,0,0,0,0,0,0,-105000
054132,聯發科元大97購10,0,0,0,0,0,0,0,0,0,-106000,0,0,0,343000,449000,-106000,-106000
05471P,聯電統一95售01  ,0,0,0,0,0,0,0,0,0,-106000,0,0,0,2000,108000,-106000,-106000
047380,統一元大93購01  ,0,0,0,0,0,0,0,0,0,-106000,0,0,0,69000,175000,-106000,-106000
046611,樺漢日盛93購01  ,0,0,0,0,0,0,0,0,0,-106000,0,0,0,28000,134000,-106000,-106000
049843,康友中信95購01  ,0,0,0,0,0,0,0,0,0,-106000,0,0,0,142000,248000,-106000,-106000
051987,廣達元大95購01  ,0,0,0,0,0,0,0,0,0,-106000,0,0,0,7000,113000,-106000,-106000
5531,鄉林            ,54000,160000,-106000,0,0,0,0,0,0,0,0,0,0,0,0,0,-106000
05878P,創意群益98售01  ,0,0,0,0,0,0,0,0,0,-106000,0,0,0,0,106000,-106000,-106000
051668,智邦元大95購02  ,0,0,0,0,0,0,0,0,0,-107000,0,0,0,171000,278000,-107000,-107000
049905,為升元大94購05  ,0,0,0,0,0,0,0,0,0,-107000,0,0,0,20000,127000,-107000,-107000
1215,卜蜂            ,40000,97000,-57000,0,0,0,0,30000,-30000,-20000,0,0,0,0,20000,-20000,-107000
05611P,康控群益96售02  ,0,0,0,0,0,0,0,0,0,-107000,0,0,0,11000,118000,-107000,-107000
054619,昇陽半永豐97購03,0,0,0,0,0,0,0,0,0,-108000,0,0,0,0,108000,-108000,-108000
053718,全新凱基97購02  ,0,0,0,0,0,0,0,0,0,-108000,0,0,0,0,108000,-108000,-108000
00710B,FH彭博高收益債  ,0,0,0,0,0,0,0,0,0,-108000,0,0,0,82000,190000,-108000,-108000
049089,正文凱基94購02  ,0,0,0,0,0,0,0,0,0,-108000,0,0,0,40000,148000,-108000,-108000
04620P,聯電統一94售04  ,0,0,0,0,0,0,0,0,0,-108000,0,0,0,0,108000,-108000,-108000
049830,智易凱基94購02  ,0,0,0,0,0,0,0,0,0,-108000,0,0,0,16000,124000,-108000,-108000
049681,旺宏統一94購04  ,0,0,0,0,0,0,0,0,0,-108000,0,0,0,69000,177000,-108000,-108000
048558,漢唐元大93購06  ,0,0,0,0,0,0,0,0,0,-108000,0,0,0,24000,132000,-108000,-108000
06043P,創意永豐96售06  ,0,0,0,0,0,0,0,0,0,-108000,0,0,0,0,108000,-108000,-108000
049108,玉晶光富邦96購02,0,0,0,0,0,0,0,0,0,-109000,0,0,0,13000,122000,-109000,-109000
049036,燿華兆豐95購01  ,0,0,0,0,0,0,0,0,0,-109000,0,0,0,113000,222000,-109000,-109000
049134,為升元大95購01  ,0,0,0,0,0,0,0,0,0,-109000,0,0,0,20000,129000,-109000,-109000
042040,大立光群益93購01,0,0,0,0,0,0,0,0,0,-109000,0,0,0,1000,110000,-109000,-109000
049585,旺宏元大95購02  ,0,0,0,0,0,0,0,0,0,-109000,0,0,0,88000,197000,-109000,-109000
046863,康友元大93購01  ,0,0,0,0,0,0,0,0,0,-109000,0,0,0,48000,157000,-109000,-109000
048761,力山凱基94購01  ,0,0,0,0,0,0,0,0,0,-109000,0,0,0,0,109000,-109000,-109000
051988,台光電元大95購01,0,0,0,0,0,0,0,0,0,-109000,0,0,0,100000,209000,-109000,-109000
051548,鈺齊康和95購01  ,0,0,0,0,0,0,0,0,0,-109000,0,0,0,20000,129000,-109000,-109000
2542,興富發          ,491261,610000,-118739,0,0,0,0,0,0,9000,21000,12000,9000,0,0,0,-109739
053270,台塑元大96購01  ,0,0,0,0,0,0,0,0,0,-110000,0,0,0,0,110000,-110000,-110000
052913,鴻海元富96購05  ,0,0,0,0,0,0,0,0,0,-110000,0,0,0,30000,140000,-110000,-110000
052827,昇陽半永豐97購01,0,0,0,0,0,0,0,0,0,-110000,0,0,0,0,110000,-110000,-110000
054660,禾伸堂元大97購03,0,0,0,0,0,0,0,0,0,-110000,0,0,0,101000,211000,-110000,-110000
04334P,中石化康和93售01,0,0,0,0,0,0,0,0,0,-110000,0,0,0,100000,210000,-110000,-110000
03978P,瑞儀元大93售01  ,0,0,0,0,0,0,0,0,0,-110000,0,0,0,0,110000,-110000,-110000
048951,宏全永豐94購01  ,0,0,0,0,0,0,0,0,0,-110000,0,0,0,54000,164000,-110000,-110000
049406,T50反1日盛97購01,0,0,0,0,0,0,0,0,0,-110000,0,0,0,0,110000,-110000,-110000
049417,奇力新凱基94購02,0,0,0,0,0,0,0,0,0,-110000,0,0,0,43000,153000,-110000,-110000
047606,元油反富邦94購01,0,0,0,0,0,0,0,0,0,-110000,0,0,0,0,110000,-110000,-110000
051658,深中小國泰97購01,0,0,0,0,0,0,0,0,0,-110000,0,0,0,10000,120000,-110000,-110000
051418,智易國票97購01  ,0,0,0,0,0,0,0,0,0,-110000,0,0,0,0,110000,-110000,-110000
052444,友訊元大95購01  ,0,0,0,0,0,0,0,0,0,-110000,0,0,0,0,110000,-110000,-110000
052075,旺宏元富95購03  ,0,0,0,0,0,0,0,0,0,-110000,0,0,0,18000,128000,-110000,-110000
052145,京元電群益95購02,0,0,0,0,0,0,0,0,0,-110000,0,0,0,0,110000,-110000,-110000
050179,全新元大96購02  ,0,0,0,0,0,0,0,0,0,-110000,0,0,0,0,110000,-110000,-110000
050182,淘帝元大94購01  ,0,0,0,0,0,0,0,0,0,-110000,0,0,0,0,110000,-110000,-110000
050498,為升凱基94購07  ,0,0,0,0,0,0,0,0,0,-110000,0,0,0,0,110000,-110000,-110000
050353,華擎群益95購01  ,0,0,0,0,0,0,0,0,0,-110000,0,0,0,0,110000,-110000,-110000
050328,臻鼎永豐94購03  ,0,0,0,0,0,0,0,0,0,-110000,0,0,0,0,110000,-110000,-110000
051290,大立光統一96購02,0,0,0,0,0,0,0,0,0,-110000,0,0,0,1000,111000,-110000,-110000
05894P,友達群益98售02  ,0,0,0,0,0,0,0,0,0,-110000,0,0,0,0,110000,-110000,-110000
05841P,華通元大96售04  ,0,0,0,0,0,0,0,0,0,-110000,0,0,0,61000,171000,-110000,-110000
055361,樺漢凱基97購01  ,0,0,0,0,0,0,0,0,0,-110000,0,0,0,0,110000,-110000,-110000
054629,華新科凱基98購01,0,0,0,0,0,0,0,0,0,-111000,0,0,0,1000,112000,-111000,-111000
054610,聯發科永豐97購01,0,0,0,0,0,0,0,0,0,-111000,0,0,0,5000,116000,-111000,-111000
054878,和大統一97購02  ,0,0,0,0,0,0,0,0,0,-111000,0,0,0,12000,123000,-111000,-111000
052851,滬深2X元富96購02,0,0,0,0,0,0,0,0,0,-111000,0,0,0,225000,336000,-111000,-111000
053642,瀚宇博永豐96購01,0,0,0,0,0,0,0,0,0,-111000,0,0,0,107000,218000,-111000,-111000
053803,聯發科凱基96購18,0,0,0,0,0,0,0,0,0,-111000,0,0,0,126000,237000,-111000,-111000
04547P,高鐵元大94售01  ,0,0,0,0,0,0,0,0,0,-111000,0,0,0,0,111000,-111000,-111000
049259,聯發科元大94購04,0,0,0,0,0,0,0,0,0,-111000,0,0,0,0,111000,-111000,-111000
050585,矽格國票94購01  ,0,0,0,0,0,0,0,0,0,-111000,0,0,0,0,111000,-111000,-111000
05744P,台表科元大96售04,0,0,0,0,0,0,0,0,0,-111000,0,0,0,0,111000,-111000,-111000
1519,華城            ,17000,78000,-61000,0,0,0,0,50000,-50000,0,0,0,0,0,0,0,-111000
047153,聯發科國票93購02,0,0,0,0,0,0,0,0,0,-112000,0,0,0,0,112000,-112000,-112000
050087,美食台新94購01  ,0,0,0,0,0,0,0,0,0,-112000,0,0,0,70000,182000,-112000,-112000
051379,新光金群益95購01,0,0,0,0,0,0,0,0,0,-112000,0,0,0,0,112000,-112000,-112000
2204,中華            ,157000,269000,-112000,0,0,0,0,0,0,0,0,0,0,0,0,0,-112000
05912P,和大元大96售01  ,0,0,0,0,0,0,0,0,0,-112000,0,0,0,3000,115000,-112000,-112000
052943,奇力新國票96購02,0,0,0,0,0,0,0,0,0,-113000,0,0,0,7000,120000,-113000,-113000
053230,達方台新97購01  ,0,0,0,0,0,0,0,0,0,-113000,0,0,0,40000,153000,-113000,-113000
054375,貿聯中信99購01  ,0,0,0,0,0,0,0,0,0,-113000,0,0,0,67000,180000,-113000,-113000
048965,佳世達元大94購01,0,0,0,0,0,0,0,0,0,-113000,0,0,0,30000,143000,-113000,-113000
052137,台表科凱基96購02,0,0,0,0,0,0,0,0,0,-113000,0,0,0,124000,237000,-113000,-113000
051213,華新科統一95購01,0,0,0,0,0,0,0,0,0,-113000,0,0,0,17000,130000,-113000,-113000
3622,洋華            ,14000,85000,-71000,0,0,0,0,0,0,-42000,0,42000,-42000,0,0,0,-113000
045169,瀚宇博中信92購01,0,0,0,0,0,0,0,0,0,-114000,0,0,0,36000,150000,-114000,-114000
047251,麗豐群益93購01  ,0,0,0,0,0,0,0,0,0,-114000,0,0,0,12000,126000,-114000,-114000
046945,大毅元大93購01  ,0,0,0,0,0,0,0,0,0,-114000,0,0,0,15000,129000,-114000,-114000
048109,旺宏群益94購02  ,0,0,0,0,0,0,0,0,0,-114000,0,0,0,23000,137000,-114000,-114000
052140,鈺齊凱基95購02  ,0,0,0,0,0,0,0,0,0,-114000,0,0,0,120000,234000,-114000,-114000
051385,矽創群益95購01  ,0,0,0,0,0,0,0,0,0,-114000,0,0,0,125000,239000,-114000,-114000
3047,訊舟            ,26000,139000,-113000,0,0,0,0,0,0,-1000,0,1000,-1000,0,0,0,-114000
053080,力山元大96購02  ,0,0,0,0,0,0,0,0,0,-115000,0,0,0,88000,203000,-115000,-115000
052695,台表科中信98購01,0,0,0,0,0,0,0,0,0,-115000,0,0,0,236000,351000,-115000,-115000
047724,智邦群益93購03  ,0,0,0,0,0,0,0,0,0,-115000,0,0,0,0,115000,-115000,-115000
04948P,瑞儀元大94售03  ,0,0,0,0,0,0,0,0,0,-115000,0,0,0,10000,125000,-115000,-115000
048850,聯電群益96購01  ,0,0,0,0,0,0,0,0,0,-115000,0,0,0,4000,119000,-115000,-115000
049318,樺漢凱基94購01  ,0,0,0,0,0,0,0,0,0,-115000,0,0,0,0,115000,-115000,-115000
052955,國巨日盛96購01  ,0,0,0,0,0,0,0,0,0,-116000,0,0,0,40000,156000,-116000,-116000
054832,興勤中信97購01  ,0,0,0,0,0,0,0,0,0,-116000,0,0,0,0,116000,-116000,-116000
047978,元油反群益97購01,0,0,0,0,0,0,0,0,0,-116000,0,0,0,110000,226000,-116000,-116000
051540,力成國票95購01  ,0,0,0,0,0,0,0,0,0,-116000,0,0,0,160000,276000,-116000,-116000
051883,智原永豐95購03  ,0,0,0,0,0,0,0,0,0,-116000,0,0,0,25000,141000,-116000,-116000
05604P,聯發科元大96售10,0,0,0,0,0,0,0,0,0,-116000,0,0,0,1136000,1252000,-116000,-116000
053130,聯發科麥證96購01,0,0,0,10000,127000,-117000,0,0,0,-117000,0,0,0,10000,127000,-117000,-117000
053295,奇力新中信96購01,0,0,0,0,0,0,0,0,0,-117000,0,0,0,15000,132000,-117000,-117000
049143,智邦元大94購02  ,0,0,0,0,0,0,0,0,0,-117000,0,0,0,88000,205000,-117000,-117000
049980,奇力新凱基94購04,0,0,0,0,0,0,0,0,0,-117000,0,0,0,57000,174000,-117000,-117000
048118,百和群益94購03  ,0,0,0,0,0,0,0,0,0,-117000,0,0,0,169000,286000,-117000,-117000
05201P,玉晶光國泰97售02,0,0,0,0,0,0,0,0,0,-117000,0,0,0,10000,127000,-117000,-117000
052363,廣達國票96購01  ,0,0,0,0,0,0,0,0,0,-117000,0,0,0,20000,137000,-117000,-117000
049874,全新康和94購01  ,0,0,0,0,0,0,0,0,0,-117000,0,0,0,0,117000,-117000,-117000
4942,嘉彰            ,20000,137000,-117000,0,0,0,0,0,0,0,0,0,0,0,0,0,-117000
052919,鈺齊富邦98購01  ,0,0,0,0,0,0,0,0,0,-118000,0,0,0,35000,153000,-118000,-118000
055022,精元國泰99購01  ,0,0,0,0,0,0,0,0,0,-118000,0,0,0,432000,550000,-118000,-118000
053996,晶相光群益97購01,0,0,0,0,0,0,0,0,0,-118000,0,0,0,134000,252000,-118000,-118000
047067,啟碁凱基93購01  ,0,0,0,0,0,0,0,0,0,-118000,0,0,0,0,118000,-118000,-118000
048246,京元電兆豐93購02,0,0,0,0,0,0,0,0,0,-118000,0,0,0,0,118000,-118000,-118000
05054P,臻鼎群益95售02  ,0,0,0,0,0,0,0,0,0,-118000,0,0,0,0,118000,-118000,-118000
051909,潤泰全元大95購02,0,0,0,0,0,0,0,0,0,-118000,0,0,0,0,118000,-118000,-118000
051427,聯發科統一95購04,0,0,0,0,0,0,0,0,0,-118000,0,0,0,0,118000,-118000,-118000
055277,旺宏元大97購04  ,0,0,0,0,0,0,0,0,0,-118000,0,0,0,114000,232000,-118000,-118000
1108,幸福            ,0,118000,-118000,0,0,0,0,0,0,0,0,0,0,0,0,0,-118000
052859,國巨凱基96購07  ,0,0,0,0,0,0,0,0,0,-119000,0,0,0,34000,153000,-119000,-119000
047952,華通永豐93購03  ,0,0,0,0,0,0,0,0,0,-119000,0,0,0,90000,209000,-119000,-119000
048652,巨大元大96購01  ,0,0,0,0,0,0,0,0,0,-119000,0,0,0,46000,165000,-119000,-119000
046610,義隆國票93購01  ,0,0,0,0,0,0,0,0,0,-119000,0,0,0,200000,319000,-119000,-119000
050253,百和國泰96購01  ,0,0,0,0,0,0,0,0,0,-119000,0,0,0,571000,690000,-119000,-119000
050214,嘉晶台新94購01  ,0,0,0,0,0,0,0,0,0,-119000,0,0,0,42000,161000,-119000,-119000
06115P,台積電統一97售04,0,0,0,0,0,0,0,0,0,-119000,0,0,0,0,119000,-119000,-119000
2547,日勝生          ,95000,213000,-118000,0,0,0,0,0,0,-1000,0,1000,-1000,0,0,0,-119000
053294,聯發科中信9C購01,0,0,0,0,0,0,0,0,0,-120000,0,0,0,0,120000,-120000,-120000
053768,S&P反1元大99購01,0,0,0,0,0,0,0,0,0,-120000,0,0,0,30000,150000,-120000,-120000
053884,緯穎第一96購01  ,0,0,0,0,0,0,0,0,0,-120000,0,0,0,11000,131000,-120000,-120000
054005,旺宏統一97購04  ,0,0,0,0,0,0,0,0,0,-120000,0,0,0,4000,124000,-120000,-120000
03528P,日月光凱基02售02,0,0,0,0,0,0,0,0,0,-120000,0,0,0,0,120000,-120000,-120000
04067P,聯發科凱基93售24,0,0,0,0,0,0,0,0,0,-120000,0,0,0,0,120000,-120000,-120000
046667,晶技元大93購01  ,0,0,0,0,0,0,0,0,0,-120000,0,0,0,2000,122000,-120000,-120000
046644,台達電國泰93購01,0,0,0,0,0,0,0,0,0,-120000,0,0,0,0,120000,-120000,-120000
047945,滬深2X統一94購01,0,0,0,0,0,0,0,0,0,-120000,0,0,0,0,120000,-120000,-120000
050599,美食麥證94購01  ,0,0,0,10000,130000,-120000,0,0,0,-120000,0,0,0,10000,130000,-120000,-120000
051609,貿聯群益95購03  ,0,0,0,0,0,0,0,0,0,-120000,0,0,0,17000,137000,-120000,-120000
051815,百和凱基96購01  ,0,0,0,0,0,0,0,0,0,-120000,0,0,0,132000,252000,-120000,-120000
052414,聯電麥證95購01  ,0,0,0,20000,141000,-121000,0,0,0,-120000,0,0,0,21000,141000,-120000,-120000
06174P,國巨元大97售07  ,0,0,0,0,0,0,0,0,0,-120000,0,0,0,43000,163000,-120000,-120000
05528P,臺股指群益96售01,0,0,0,0,0,0,0,0,0,-120000,0,0,0,30000,150000,-120000,-120000
05521P,創意永豐96售01  ,0,0,0,0,0,0,0,0,0,-120000,0,0,0,0,120000,-120000,-120000
055507,樺漢元大98購02  ,0,0,0,0,0,0,0,0,0,-120000,0,0,0,18000,138000,-120000,-120000
055605,緯穎元大97購02  ,0,0,0,0,0,0,0,0,0,-120000,0,0,0,0,120000,-120000,-120000
053877,奇力新亞東96購01,0,0,0,0,0,0,0,0,0,-121000,0,0,0,0,121000,-121000,-121000
053231,奇力新康和96購01,0,0,0,0,0,0,0,0,0,-121000,0,0,0,0,121000,-121000,-121000
042558,瑞昱中信94購01  ,0,0,0,0,0,0,0,0,0,-121000,0,0,0,88000,209000,-121000,-121000
048576,義隆國泰95購01  ,0,0,0,0,0,0,0,0,0,-121000,0,0,0,73000,194000,-121000,-121000
051655,欣興元富95購04  ,0,0,0,0,0,0,0,0,0,-121000,0,0,0,229000,350000,-121000,-121000
050350,全新群益94購04  ,0,0,0,0,0,0,0,0,0,-121000,0,0,0,0,121000,-121000,-121000
1477,聚陽            ,201000,320350,-119350,0,0,0,0,0,0,-2000,4000,6000,-2000,0,0,0,-121350
053496,義隆兆豐96購02  ,0,0,0,0,0,0,0,0,0,-122000,0,0,0,33000,155000,-122000,-122000
054252,奇力新元大96購04,0,0,0,0,0,0,0,0,0,-122000,0,0,0,83000,205000,-122000,-122000
054496,為升永豐96購01  ,0,0,0,0,0,0,0,0,0,-122000,0,0,0,0,122000,-122000,-122000
054678,麗豐台新98購02  ,0,0,0,0,0,0,0,0,0,-122000,0,0,0,110000,232000,-122000,-122000
04357P,智易永豐94售01  ,0,0,0,0,0,0,0,0,0,-122000,0,0,0,0,122000,-122000,-122000
046104,智伸科永豐92購02,0,0,0,0,0,0,0,0,0,-122000,0,0,0,156000,278000,-122000,-122000
049102,智伸科國泰96購01,0,0,0,0,0,0,0,0,0,-122000,0,0,0,412000,534000,-122000,-122000
047923,聯發科凱基94購02,0,0,0,0,0,0,0,0,0,-122000,0,0,0,110000,232000,-122000,-122000
050135,禾伸堂兆豐95購01,0,0,0,0,0,0,0,0,0,-122000,0,0,0,45000,167000,-122000,-122000
051071,聯發科國票96購01,0,0,0,0,0,0,0,0,0,-122000,0,0,0,0,122000,-122000,-122000
053036,聯電凱基98購01  ,0,0,0,0,0,0,0,0,0,-123000,0,0,0,7000,130000,-123000,-123000
046348,嘉澤兆豐93購01  ,0,0,0,0,0,0,0,0,0,-123000,0,0,0,58000,181000,-123000,-123000
04085P,欣興元富93售01  ,0,0,0,0,0,0,0,0,0,-123000,0,0,0,0,123000,-123000,-123000
051258,鈺齊國泰97購01  ,0,0,0,0,0,0,0,0,0,-123000,0,0,0,60000,183000,-123000,-123000
050767,京元電元大96購01,0,0,0,0,0,0,0,0,0,-123000,0,0,0,70000,193000,-123000,-123000
050395,大立光元富94購10,0,0,0,0,0,0,0,0,0,-123000,0,0,0,7000,130000,-123000,-123000
052078,大立光元富95購10,0,0,0,0,0,0,0,0,0,-123000,0,0,0,0,123000,-123000,-123000
05603P,聯發科元大96售09,0,0,0,0,0,0,0,0,0,-123000,0,0,0,216000,339000,-123000,-123000
055133,致新康和97購01  ,0,0,0,0,0,0,0,0,0,-123000,0,0,0,19000,142000,-123000,-123000
05487P,台表科凱基95售02,0,0,0,0,0,0,0,0,0,-124000,0,0,0,7000,131000,-124000,-124000
044126,奇力新凱基93購01,0,0,0,0,0,0,0,0,0,-124000,0,0,0,43000,167000,-124000,-124000
045679,欣興元大94購01  ,0,0,0,0,0,0,0,0,0,-124000,0,0,0,108000,232000,-124000,-124000
048787,義隆元大94購02  ,0,0,0,0,0,0,0,0,0,-124000,0,0,0,58000,182000,-124000,-124000
051384,康友群益95購01  ,0,0,0,0,0,0,0,0,0,-124000,0,0,0,121000,245000,-124000,-124000
051791,智伸科國票96購01,0,0,0,0,0,0,0,0,0,-124000,0,0,0,143000,267000,-124000,-124000
05520P,聯詠凱基96售01  ,0,0,0,0,0,0,0,0,0,-124000,0,0,0,0,124000,-124000,-124000
053778,旺宏元大97購03  ,0,0,0,0,0,0,0,0,0,-125000,0,0,0,49000,174000,-125000,-125000
04223P,友達統一93售05  ,0,0,0,0,0,0,0,0,0,-125000,0,0,0,3000,128000,-125000,-125000
044320,瀚宇博永豐91購01,0,0,0,0,0,0,0,0,0,-125000,0,0,0,20000,145000,-125000,-125000
045410,華邦電群益94購01,0,0,0,0,0,0,0,0,0,-125000,0,0,0,3000,128000,-125000,-125000
045874,東元元富92購01  ,0,0,0,0,0,0,0,0,0,-125000,0,0,0,266000,391000,-125000,-125000
047343,台達電中信95購01,0,0,0,0,0,0,0,0,0,-125000,0,0,0,77000,202000,-125000,-125000
048627,T50反1元大96購02,0,0,0,0,0,0,0,0,0,-125000,0,0,0,0,125000,-125000,-125000
05154P,台積電兆豐95售05,0,0,0,0,0,0,0,0,0,-125000,0,0,0,25000,150000,-125000,-125000
1802,台玻            ,86000,183000,-97000,0,0,0,0,0,0,-28000,0,28000,-28000,0,0,0,-125000
053873,力成元大96購03  ,0,0,0,0,0,0,0,0,0,-126000,0,0,0,19000,145000,-126000,-126000
053962,聯茂永豐96購01  ,0,0,0,0,0,0,0,0,0,-126000,0,0,0,83000,209000,-126000,-126000
046281,正崴永豐92購01  ,0,0,0,0,0,0,0,0,0,-126000,0,0,0,30000,156000,-126000,-126000
043775,友達兆豐92購01  ,0,0,0,0,0,0,0,0,0,-126000,0,0,0,25000,151000,-126000,-126000
050133,鈺齊凱基94購01  ,1000,0,1000,0,0,0,0,0,0,-127000,0,0,0,328000,455000,-127000,-126000
055411,國巨富邦9A購02  ,0,0,0,0,0,0,0,0,0,-126000,0,0,0,70000,196000,-126000,-126000
045871,元油2X元富96購03,0,0,0,0,0,0,0,0,0,-127000,0,0,0,100000,227000,-127000,-127000
044326,大立光元富91購03,0,0,0,0,0,0,0,0,0,-127000,0,0,0,26000,153000,-127000,-127000
046827,漢唐群益93購02  ,0,0,0,0,0,0,0,0,0,-127000,0,0,0,28000,155000,-127000,-127000
050467,力成中信94購01  ,0,0,0,0,0,0,0,0,0,-127000,0,0,0,75000,202000,-127000,-127000
050991,元油2X元大96購04,0,0,0,0,0,0,0,0,0,-127000,0,0,0,45000,172000,-127000,-127000
054567,拓凱群益98購01  ,0,0,0,0,0,0,0,0,0,-128000,0,0,0,103000,231000,-128000,-128000
053822,正文群益97購01  ,0,0,0,0,0,0,0,0,0,-128000,0,0,0,157000,285000,-128000,-128000
053502,智伸科兆豐97購01,0,0,0,0,0,0,0,0,0,-128000,0,0,0,205000,333000,-128000,-128000
04104P,臺股指國票93售11,0,0,0,0,0,0,0,0,0,-128000,0,0,0,42000,170000,-128000,-128000
048667,旺宏永豐94購02  ,0,0,0,0,0,0,0,0,0,-128000,0,0,0,10000,138000,-128000,-128000
050800,百和中信95購01  ,0,0,0,0,0,0,0,0,0,-128000,0,0,0,23000,151000,-128000,-128000
051636,嘉晶國票95購02  ,0,0,0,0,0,0,0,0,0,-128000,0,0,0,0,128000,-128000,-128000
055436,晶豪科中信99購01,0,0,0,0,0,0,0,0,0,-128000,0,0,0,0,128000,-128000,-128000
055206,台虹中信97購01  ,0,0,0,0,0,0,0,0,0,-128000,0,0,0,65000,193000,-128000,-128000
048276,旺宏永豐94購01  ,0,0,0,0,0,0,0,0,0,-129000,0,0,0,1000,130000,-129000,-129000
04784P,超眾元富94售01  ,0,0,0,0,0,0,0,0,0,-129000,0,0,0,15000,144000,-129000,-129000
050751,聯電統一94購05  ,0,0,0,0,0,0,0,0,0,-129000,0,0,0,0,129000,-129000,-129000
050582,傳奇國票94購01  ,0,0,0,0,0,0,0,0,0,-129000,0,0,0,0,129000,-129000,-129000
055159,玉晶光元大98購05,0,0,0,0,0,0,0,0,0,-129000,0,0,0,98000,227000,-129000,-129000
055624,聯發科富邦99購07,0,0,0,0,0,0,0,0,0,-129000,0,0,0,2000,131000,-129000,-129000
2340,光磊            ,124000,200000,-76000,0,0,0,0,0,0,-53000,4000,8000,-4000,58000,107000,-49000,-129000
053228,康友台新97購01  ,0,0,0,0,0,0,0,0,0,-130000,0,0,0,1000,131000,-130000,-130000
052950,超眾國票98購01  ,0,0,0,0,0,0,0,0,0,-130000,0,0,0,57000,187000,-130000,-130000
05296P,牧德凱基96售01  ,0,0,0,0,0,0,0,0,0,-130000,0,0,0,0,130000,-130000,-130000
055096,緯穎群益97購01  ,0,0,0,0,0,0,0,0,0,-130000,0,0,0,27000,157000,-130000,-130000
053971,聯發科元大97購09,0,0,0,0,0,0,0,0,0,-130000,0,0,0,0,130000,-130000,-130000
044034,美律群益92購04  ,0,0,0,0,0,0,0,0,0,-130000,0,0,0,10000,140000,-130000,-130000
04178P,聯茂元大93售07  ,0,0,0,0,0,0,0,0,0,-130000,0,0,0,27000,157000,-130000,-130000
048882,智原統一96購01  ,0,0,0,0,0,0,0,0,0,-130000,0,0,0,226000,356000,-130000,-130000
046975,元金2X永豐93購01,0,0,0,0,0,0,0,0,0,-130000,0,0,0,50000,180000,-130000,-130000
04919P,聯詠凱基94售05  ,0,0,0,0,0,0,0,0,0,-130000,0,0,0,0,130000,-130000,-130000
051455,樺漢元大96購01  ,0,0,0,0,0,0,0,0,0,-130000,0,0,0,65000,195000,-130000,-130000
052343,同欣電凱基95購03,0,0,0,0,0,0,0,0,0,-130000,0,0,0,341000,471000,-130000,-130000
052367,聯茂國票96購02  ,0,0,0,0,0,0,0,0,0,-130000,0,0,0,3000,133000,-130000,-130000
2538,基泰            ,9000,139000,-130000,0,0,0,0,0,0,0,0,0,0,0,0,0,-130000
055449,超眾統一9A購01  ,0,0,0,0,0,0,0,0,0,-130000,0,0,0,28000,158000,-130000,-130000
055370,旺宏元大97購05  ,0,0,0,0,0,0,0,0,0,-130000,0,0,0,13000,143000,-130000,-130000
08890P,為升元大01售04  ,0,0,0,0,0,0,0,0,0,-130000,0,0,0,5000,135000,-130000,-130000
1305,華夏            ,25000,155000,-130000,0,0,0,0,0,0,0,0,0,0,0,0,0,-130000
054220,國巨統一97購02  ,0,0,0,0,0,0,0,0,0,-131000,0,0,0,6000,137000,-131000,-131000
049436,義隆國泰96購02  ,0,0,0,0,0,0,0,0,0,-131000,0,0,0,40000,171000,-131000,-131000
052148,康友群益95購03  ,0,0,0,0,0,0,0,0,0,-131000,0,0,0,191000,322000,-131000,-131000
051040,漢唐永豐95購01  ,0,0,0,0,0,0,0,0,0,-131000,0,0,0,178000,309000,-131000,-131000
051098,矽格元大95購01  ,0,0,0,0,0,0,0,0,0,-131000,0,0,0,112000,243000,-131000,-131000
054235,欣興群益96購06  ,0,0,0,0,0,0,0,0,0,-132000,0,0,0,223000,355000,-132000,-132000
054663,同欣電元大97購03,0,0,0,0,0,0,0,0,0,-132000,0,0,0,78000,210000,-132000,-132000
053561,玉晶光國泰98購01,0,0,0,0,0,0,0,0,0,-132000,0,0,0,66000,198000,-132000,-132000
053315,漢唐群益96購02  ,0,0,0,0,0,0,0,0,0,-132000,0,0,0,30000,162000,-132000,-132000
048771,嘉澤凱基94購01  ,0,0,0,0,0,0,0,0,0,-132000,0,0,0,11000,143000,-132000,-132000
051175,國巨凱基95購04  ,0,0,0,0,0,0,0,0,0,-132000,0,0,0,104000,236000,-132000,-132000
052499,合勤控永豐95購01,0,0,0,0,0,0,0,0,0,-132000,0,0,0,3000,135000,-132000,-132000
05974P,國巨富邦97售03  ,0,0,0,0,0,0,0,0,0,-132000,0,0,0,67000,199000,-132000,-132000
05497P,聯詠統一96售01  ,0,0,0,0,0,0,0,0,0,-133000,0,0,0,37000,170000,-133000,-133000
046511,欣興元大92購08  ,0,0,0,0,0,0,0,0,0,-133000,0,0,0,106000,239000,-133000,-133000
05690P,友達中信96售02  ,0,0,0,0,0,0,0,0,0,-133000,0,0,0,0,133000,-133000,-133000
053562,玉晶光國泰98購02,0,0,0,0,0,0,0,0,0,-134000,0,0,0,52000,186000,-134000,-134000
04453P,聯發科富邦94售04,0,0,0,0,0,0,0,0,0,-134000,0,0,0,833000,967000,-134000,-134000
047210,漢唐富邦95購01  ,0,0,0,0,0,0,0,0,0,-134000,0,0,0,1000,135000,-134000,-134000
054464,奇力新凱基98購02,0,0,0,0,0,0,0,0,0,-135000,0,0,0,466000,601000,-135000,-135000
044275,欣興群益92購01  ,0,0,0,0,0,0,0,0,0,-135000,0,0,0,0,135000,-135000,-135000
04228P,貿聯永豐93售03  ,0,0,0,0,0,0,0,0,0,-135000,0,0,0,0,135000,-135000,-135000
049289,樺漢兆豐94購01  ,0,0,0,0,0,0,0,0,0,-135000,0,0,0,52000,187000,-135000,-135000
046552,晶技麥證92購01  ,0,0,0,10000,145000,-135000,0,0,0,-135000,0,0,0,10000,145000,-135000,-135000
053978,創意元大96購05  ,0,0,0,0,0,0,0,0,0,-136000,0,0,0,15000,151000,-136000,-136000
054585,禾伸堂國泰99購01,0,0,0,0,0,0,0,0,0,-136000,0,0,0,133000,269000,-136000,-136000
043776,奇力新兆豐92購01,0,0,0,0,0,0,0,0,0,-136000,0,0,0,12000,148000,-136000,-136000
048966,佳世達元大95購01,0,0,0,0,0,0,0,0,0,-136000,0,0,0,0,136000,-136000,-136000
050147,為升永豐94購01  ,0,0,0,0,0,0,0,0,0,-136000,0,0,0,0,136000,-136000,-136000
05628P,茂林國票97售02  ,0,0,0,0,0,0,0,0,0,-136000,0,0,0,33000,169000,-136000,-136000
055205,京鼎中信99購01  ,0,0,0,0,0,0,0,0,0,-136000,0,0,0,237000,373000,-136000,-136000
054944,精元元大97購01  ,0,0,0,0,0,0,0,0,0,-137000,0,0,0,44000,181000,-137000,-137000
053574,奇力新元富99購01,0,0,0,0,0,0,0,0,0,-137000,0,0,0,176000,313000,-137000,-137000
053655,全新凱基98購02  ,0,0,0,0,0,0,0,0,0,-137000,0,0,0,98000,235000,-137000,-137000
052937,國巨兆豐97購01  ,0,0,0,0,0,0,0,0,0,-137000,0,0,0,789000,926000,-137000,-137000
052888,台表科中信9A購01,0,0,0,0,0,0,0,0,0,-137000,0,0,0,157000,294000,-137000,-137000
045059,同欣電國泰93購01,0,0,0,0,0,0,0,0,0,-137000,0,0,0,163000,300000,-137000,-137000
049549,瀚宇博群益94購01,0,0,0,0,0,0,0,0,0,-137000,0,0,0,1000,138000,-137000,-137000
050067,美食凱基94購02  ,0,0,0,0,0,0,0,0,0,-137000,0,0,0,0,137000,-137000,-137000
06155P,智邦統一97售02  ,0,0,0,0,0,0,0,0,0,-137000,0,0,0,0,137000,-137000,-137000
1736,喬山            ,171000,265000,-94000,0,0,0,0,0,0,-43000,8000,0,8000,0,51000,-51000,-137000
1517,利奇            ,0,137000,-137000,0,0,0,0,0,0,0,0,0,0,0,0,0,-137000
053965,聯電元大98購04  ,0,0,0,0,0,0,0,0,0,-138000,0,0,0,0,138000,-138000,-138000
044198,友達國票92購01  ,0,0,0,0,0,0,0,0,0,-138000,0,0,0,0,138000,-138000,-138000
047637,旺宏元大94購03  ,0,0,0,0,0,0,0,0,0,-138000,0,0,0,65000,203000,-138000,-138000
049311,漢唐凱基94購03  ,0,0,0,0,0,0,0,0,0,-138000,0,0,0,0,138000,-138000,-138000
050280,國巨日盛94購01  ,0,0,0,0,0,0,0,0,0,-138000,0,0,0,0,138000,-138000,-138000
054383,傳奇群益97購01  ,0,0,0,0,0,0,0,0,0,-139000,0,0,0,21000,160000,-139000,-139000
052891,台泥群益96購01  ,0,0,0,0,0,0,0,0,0,-139000,0,0,0,75000,214000,-139000,-139000
053219,祥碩凱基96購01  ,0,0,0,0,0,0,0,0,0,-139000,0,0,0,19000,158000,-139000,-139000
049152,大立光元大95購06,0,0,0,0,0,0,0,0,0,-139000,0,0,0,11000,150000,-139000,-139000
051007,台光電麥證95購01,0,0,0,19000,157000,-138000,0,0,0,-139000,0,0,0,19000,158000,-139000,-139000
051001,緯穎元大96購02  ,0,0,0,0,0,0,0,0,0,-139000,0,0,0,41000,180000,-139000,-139000
1313,聯成            ,91000,230000,-139000,0,0,0,0,0,0,0,0,0,0,0,0,0,-139000
054623,華新科第一97購01,0,0,0,0,0,0,0,0,0,-140000,0,0,0,322000,462000,-140000,-140000
045765,康控統一92購01  ,0,0,0,0,0,0,0,0,0,-140000,0,0,0,160000,300000,-140000,-140000
049038,高鐵兆豐94購01  ,0,0,0,0,0,0,0,0,0,-140000,0,0,0,25000,165000,-140000,-140000
04520P,欣興群益94售02  ,0,0,0,0,0,0,0,0,0,-140000,0,0,0,0,140000,-140000,-140000
048197,義隆元大93購04  ,0,0,0,0,0,0,0,0,0,-140000,0,0,0,27000,167000,-140000,-140000
046790,康友永豐93購01  ,0,0,0,0,0,0,0,0,0,-140000,0,0,0,10000,150000,-140000,-140000
050068,美食凱基94購03  ,0,0,0,0,0,0,0,0,0,-140000,0,0,0,0,140000,-140000,-140000
050178,聯發科元大94購12,0,0,0,0,0,0,0,0,0,-140000,0,0,0,0,140000,-140000,-140000
052648,茂林永豐96購01  ,0,0,0,0,0,0,0,0,0,-140000,0,0,0,390000,530000,-140000,-140000
052194,旺宏元富95購04  ,0,0,0,0,0,0,0,0,0,-140000,0,0,0,25000,165000,-140000,-140000
055220,緯穎凱基98購02  ,0,0,0,0,0,0,0,0,0,-140000,0,0,0,10000,150000,-140000,-140000
055300,緯穎元大98購01  ,0,0,0,0,0,0,0,0,0,-140000,0,0,0,38000,178000,-140000,-140000
054604,麗豐台新98購01  ,0,0,0,0,0,0,0,0,0,-141000,0,0,0,10000,151000,-141000,-141000
054830,世芯國泰99購01  ,0,0,0,0,0,0,0,0,0,-141000,0,0,0,253000,394000,-141000,-141000
054001,康友群益96購02  ,0,0,0,0,0,0,0,0,0,-141000,0,0,0,0,141000,-141000,-141000
049133,為升元大94購02  ,0,0,0,0,0,0,0,0,0,-141000,0,0,0,19000,160000,-141000,-141000
04257P,景碩國票93售01  ,0,0,0,0,0,0,0,0,0,-141000,0,0,0,0,141000,-141000,-141000
052463,聯電統一96購01  ,0,0,0,0,0,0,0,0,0,-141000,0,0,0,0,141000,-141000,-141000
08625P,台灣50凱基96售05,0,0,0,0,0,0,0,0,0,-141000,0,0,0,10000,151000,-141000,-141000
052717,正文凱基96購01  ,0,0,0,0,0,0,0,0,0,-142000,0,0,0,5000,147000,-142000,-142000
04241P,欣興國泰95售02  ,0,0,0,0,0,0,0,0,0,-142000,0,0,0,1000,143000,-142000,-142000
042767,世紀鋼元大92購01,0,0,0,0,0,0,0,0,0,-142000,0,0,0,0,142000,-142000,-142000
050753,百和統一94購01  ,0,0,0,0,0,0,0,0,0,-142000,0,0,0,260000,402000,-142000,-142000
06154P,超眾元大98售01  ,0,0,0,0,0,0,0,0,0,-142000,0,0,0,0,142000,-142000,-142000
6706,惠特            ,55000,232000,-177000,0,0,0,0,0,0,35000,50000,15000,35000,0,0,0,-142000
05286P,矽力統一95售02  ,0,0,0,0,0,0,0,0,0,-143000,0,0,0,64000,207000,-143000,-143000
03643C,臺股指元富99牛04,0,0,0,0,0,0,0,0,0,-143000,0,0,0,3000,146000,-143000,-143000
04905P,國巨國票94售04  ,0,0,0,0,0,0,0,0,0,-143000,0,0,0,257000,400000,-143000,-143000
049481,為升元大94購03  ,0,0,0,0,0,0,0,0,0,-143000,0,0,0,10000,153000,-143000,-143000
3003,健和興          ,62000,68000,-6000,0,0,0,0,140000,-140000,3000,0,0,0,3000,0,3000,-143000
052971,京元電群益98購01,0,0,0,0,0,0,0,0,0,-144000,0,0,0,20000,164000,-144000,-144000
052952,矽創國票97購02  ,0,0,0,0,0,0,0,0,0,-144000,0,0,0,0,144000,-144000,-144000
052690,台表科元大97購01,0,0,0,0,0,0,0,0,0,-144000,0,0,0,154000,298000,-144000,-144000
054863,億光群益97購01  ,0,0,0,0,0,0,0,0,0,-144000,0,0,0,336000,480000,-144000,-144000
045803,旺宏國票93購01  ,0,0,0,0,0,0,0,0,0,-144000,0,0,0,0,144000,-144000,-144000
04127P,聯茂國票93售02  ,0,0,0,0,0,0,0,0,0,-144000,0,0,0,2000,146000,-144000,-144000
048639,漢唐元大93購07  ,0,0,0,0,0,0,0,0,0,-144000,0,0,0,1000,145000,-144000,-144000
053942,超眾國泰96購02  ,0,0,0,0,0,0,0,0,0,-145000,0,0,0,45000,190000,-145000,-145000
054333,茂林永豐96購03  ,0,0,0,0,0,0,0,0,0,-145000,0,0,0,439000,584000,-145000,-145000
04168P,元金2X凱基99售01,0,0,0,0,0,0,0,0,0,-145000,0,0,0,5000,150000,-145000,-145000
043484,TPK群益93購01   ,0,0,0,0,0,0,0,0,0,-145000,0,0,0,23000,168000,-145000,-145000
04430P,晶相光元大94售04,0,0,0,0,0,0,0,0,0,-145000,0,0,0,15000,160000,-145000,-145000
049216,華邦電國票95購01,0,0,0,0,0,0,0,0,0,-145000,0,0,0,2000,147000,-145000,-145000
048127,麗豐元大94購01  ,0,0,0,0,0,0,0,0,0,-145000,0,0,0,197000,342000,-145000,-145000
052523,奇力新元大97購01,0,0,0,0,0,0,0,0,0,-145000,0,0,0,245000,390000,-145000,-145000
052085,聯電元大95購01  ,0,0,0,0,0,0,0,0,0,-145000,0,0,0,2000,147000,-145000,-145000
8028,昇陽半導體      ,49000,204000,-155000,0,0,0,0,0,0,10000,1000,1000,0,12000,2000,10000,-145000
05652P,臻鼎群益96售01  ,0,0,0,0,0,0,0,0,0,-145000,0,0,0,19000,164000,-145000,-145000
05496P,聯詠統一95售04  ,0,0,0,0,0,0,0,0,0,-146000,0,0,0,4000,150000,-146000,-146000
055055,精元永豐97購01  ,0,0,0,0,0,0,0,0,0,-146000,0,0,0,265000,411000,-146000,-146000
045878,欣興元富92購02  ,0,0,0,0,0,0,0,0,0,-146000,0,0,0,420000,566000,-146000,-146000
049813,康控元大96購02  ,0,0,0,0,0,0,0,0,0,-146000,0,0,0,4000,150000,-146000,-146000
052157,東元永豐95購01  ,0,0,0,0,0,0,0,0,0,-146000,0,0,0,456000,602000,-146000,-146000
053761,健策國泰98購01  ,0,0,0,0,0,0,0,0,0,-147000,0,0,0,850000,997000,-147000,-147000
045774,義隆元大92購02  ,0,0,0,0,0,0,0,0,0,-147000,0,0,0,97000,244000,-147000,-147000
049323,百和凱基94購01  ,0,0,0,0,0,0,0,0,0,-147000,0,0,0,44000,191000,-147000,-147000
047483,新光金凱基99購04,0,0,0,0,0,0,0,0,0,-147000,0,0,0,3000,150000,-147000,-147000
05620P,大立光富邦9B售01,0,0,0,0,0,0,0,0,0,-147000,0,0,0,2000,149000,-147000,-147000
055341,台達電凱基97購02,0,0,0,0,0,0,0,0,0,-147000,0,0,0,2000,149000,-147000,-147000
055201,興勤群益98購01  ,0,0,0,0,0,0,0,0,0,-147000,0,0,0,30000,177000,-147000,-147000
053078,昇陽半永豐97購02,0,0,0,0,0,0,0,0,0,-148000,0,0,0,0,148000,-148000,-148000
043655,微星富邦93購01  ,0,0,0,0,0,0,0,0,0,-148000,0,0,0,52000,200000,-148000,-148000
049747,嘉晶永豐94購02  ,0,0,0,0,0,0,0,0,0,-148000,0,0,0,0,148000,-148000,-148000
050714,深中小群益98購01,0,0,0,0,0,0,0,0,0,-148000,0,0,0,610000,758000,-148000,-148000
5264,鎧勝-KY         ,55000,200000,-145000,0,0,0,0,0,0,-3000,0,1000,-1000,9000,11000,-2000,-148000
2302,麗正            ,7000,155000,-148000,0,0,0,0,0,0,0,0,0,0,0,0,0,-148000
054884,友達統一99購01  ,0,0,0,0,0,0,0,0,0,-149000,0,0,0,108000,257000,-149000,-149000
054851,樺漢兆豐97購01  ,0,0,0,0,0,0,0,0,0,-149000,0,0,0,0,149000,-149000,-149000
03896P,長榮航凱基95售01,0,0,0,0,0,0,0,0,0,-149000,0,0,0,1000,150000,-149000,-149000
047633,力山元大94購01  ,0,0,0,0,0,0,0,0,0,-149000,0,0,0,0,149000,-149000,-149000
049479,矽格永豐94購01  ,0,0,0,0,0,0,0,0,0,-149000,0,0,0,300000,449000,-149000,-149000
052000,鈺齊元大95購03  ,0,0,0,0,0,0,0,0,0,-149000,0,0,0,599000,748000,-149000,-149000
1417,嘉裕            ,10000,159000,-149000,0,0,0,0,0,0,0,0,0,0,0,0,0,-149000
055049,智邦永豐97購01  ,0,0,0,0,0,0,0,0,0,-150000,0,0,0,30000,180000,-150000,-150000
054668,傳奇元富97購03  ,0,0,0,0,0,0,0,0,0,-150000,0,0,0,5000,155000,-150000,-150000
054146,康友元大96購06  ,0,0,0,0,0,0,0,0,0,-150000,0,0,0,140000,290000,-150000,-150000
042280,元石油富邦96購01,0,0,0,0,0,0,0,0,0,-150000,0,0,0,0,150000,-150000,-150000
044055,智邦元大92購03  ,0,0,0,0,0,0,0,0,0,-150000,0,0,0,0,150000,-150000,-150000
04592P,台積電元大94售10,0,0,0,0,0,0,0,0,0,-150000,0,0,0,0,150000,-150000,-150000
048891,傳奇元富97購02  ,0,0,0,0,0,0,0,0,0,-150000,0,0,0,0,150000,-150000,-150000
047636,台達電元大93購03,0,0,0,0,0,0,0,0,0,-150000,0,0,0,1000,151000,-150000,-150000
046835,傳奇群益93購01  ,0,0,0,0,0,0,0,0,0,-150000,0,0,0,0,150000,-150000,-150000
049476,美食永豐94購02  ,0,0,0,0,0,0,0,0,0,-150000,0,0,0,27000,177000,-150000,-150000
049868,傳奇兆豐94購01  ,0,0,0,0,0,0,0,0,0,-150000,0,0,0,0,150000,-150000,-150000
048122,台達電元大96購02,0,0,0,0,0,0,0,0,0,-150000,0,0,0,0,150000,-150000,-150000
052281,全新凱基97購01  ,0,0,0,0,0,0,0,0,0,-150000,0,0,0,150000,300000,-150000,-150000
050252,聯發科國泰95購01,0,0,0,0,0,0,0,0,0,-150000,0,0,0,1000,151000,-150000,-150000
051035,百和兆豐95購01  ,0,0,0,0,0,0,0,0,0,-150000,0,0,0,153000,303000,-150000,-150000
05888P,友達元大97售01  ,0,0,0,0,0,0,0,0,0,-150000,0,0,0,0,150000,-150000,-150000
055231,大毅國票98購02  ,0,0,0,0,0,0,0,0,0,-150000,0,0,0,61000,211000,-150000,-150000
055294,智易元大98購01  ,0,0,0,0,0,0,0,0,0,-150000,0,0,0,0,150000,-150000,-150000
054552,聯發科凱基98購03,0,0,0,0,0,0,0,0,0,-151000,0,0,0,0,151000,-151000,-151000
054932,台肥元大97購01  ,0,0,0,0,0,0,0,0,0,-151000,0,0,0,109000,260000,-151000,-151000
053475,華新科元大96購05,0,0,0,0,0,0,0,0,0,-151000,0,0,0,129000,280000,-151000,-151000
049240,華通元富94購01  ,0,0,0,0,0,0,0,0,0,-151000,0,0,0,165000,316000,-151000,-151000
045450,元油2X富邦93購04,0,0,0,0,0,0,0,0,0,-151000,0,0,0,0,151000,-151000,-151000
043990,智易元大93購01  ,0,0,0,0,0,0,0,0,0,-151000,0,0,0,0,151000,-151000,-151000
044876,同欣電統一91購01,0,0,0,0,0,0,0,0,0,-151000,0,0,0,68000,219000,-151000,-151000
048498,嘉澤元大94購01  ,0,0,0,0,0,0,0,0,0,-151000,0,0,0,55000,206000,-151000,-151000
051578,智邦元大96購01  ,0,0,0,0,0,0,0,0,0,-151000,0,0,0,106000,257000,-151000,-151000
053662,矽力凱基97購01  ,0,0,0,0,0,0,0,0,0,-152000,0,0,0,54000,206000,-152000,-152000
055032,億光富邦99購01  ,1000,0,1000,0,0,0,0,0,0,-153000,0,0,0,158000,311000,-153000,-152000
054138,晶技元大98購02  ,0,0,0,0,0,0,0,0,0,-152000,0,0,0,0,152000,-152000,-152000
052135,聯發科凱基9B購01,0,0,0,0,0,0,0,0,0,-152000,0,0,0,27000,179000,-152000,-152000
054207,國巨國票98購01  ,0,0,0,0,0,0,0,0,0,-153000,0,0,0,239000,392000,-153000,-153000
049923,智原元大95購02  ,0,0,0,0,0,0,0,0,0,-153000,0,0,0,106000,259000,-153000,-153000
04655P,臺股指凱基94售14,0,0,0,0,0,0,0,0,0,-153000,0,0,0,270000,423000,-153000,-153000
048040,百和凱基93購07  ,0,0,0,0,0,0,0,0,0,-153000,0,0,0,131000,284000,-153000,-153000
047834,義隆元大93購02  ,0,0,0,0,0,0,0,0,0,-153000,0,0,0,102000,255000,-153000,-153000
050088,禾伸堂台新94購01,0,0,0,0,0,0,0,0,0,-153000,0,0,0,15000,168000,-153000,-153000
1463,強盛            ,1000,154000,-153000,0,0,0,0,0,0,0,0,0,0,0,0,0,-153000
5607,遠雄港          ,74000,267000,-193000,0,0,0,0,0,0,40000,40000,0,40000,0,0,0,-153000
00706L,元大S&P日圓正2  ,0,0,0,0,0,0,0,0,0,-153200,0,0,0,0,153200,-153200,-153200
047206,元金2X國泰94購01,0,0,0,0,0,0,0,0,0,-154000,0,0,0,400000,554000,-154000,-154000
050269,欣興元大94購09  ,0,0,0,0,0,0,0,0,0,-154000,0,0,0,338000,492000,-154000,-154000
5519,隆大            ,140000,294000,-154000,0,0,0,0,0,0,0,0,0,0,0,0,0,-154000
3059,華晶科          ,33000,160000,-127000,0,0,0,0,0,0,-27000,0,4000,-4000,0,23000,-23000,-154000
055302,達方元大97購01  ,0,0,0,0,0,0,0,0,0,-154000,0,0,0,20000,174000,-154000,-154000
055255,欣興統一97購02  ,0,0,0,0,0,0,0,0,0,-154000,0,0,0,512000,666000,-154000,-154000
054965,健策元大98購04  ,0,0,0,0,0,0,0,0,0,-155000,0,0,0,430000,585000,-155000,-155000
054704,玉晶光第一97購01,0,0,0,0,0,0,0,0,0,-155000,0,0,0,40000,195000,-155000,-155000
053024,國巨富邦97購02  ,0,0,0,0,0,0,0,0,0,-155000,0,0,0,137000,292000,-155000,-155000
047582,滬深2X永豐95購02,0,0,0,0,0,0,0,0,0,-155000,0,0,0,100000,255000,-155000,-155000
05914P,友達元大96售04  ,0,0,0,0,0,0,0,0,0,-155000,0,0,0,102000,257000,-155000,-155000
4426,利勤            ,64000,221000,-157000,0,0,0,0,0,0,2000,2000,0,2000,0,0,0,-155000
050306,聯發科中信97購01,0,0,0,0,0,0,0,0,0,-156000,0,0,0,0,156000,-156000,-156000
050607,為升元大94購10  ,0,0,0,0,0,0,0,0,0,-156000,0,0,0,30000,186000,-156000,-156000
052565,上銀凱基96購01  ,0,0,0,0,0,0,0,0,0,-156000,0,0,0,78000,234000,-156000,-156000
05887P,友達元富99售03  ,0,0,0,0,0,0,0,0,0,-156000,0,0,0,0,156000,-156000,-156000
052926,旺宏元大98購02  ,0,0,0,0,0,0,0,0,0,-157000,0,0,0,535000,692000,-157000,-157000
045090,瀚宇博元大93購01,0,0,0,0,0,0,0,0,0,-157000,0,0,0,100000,257000,-157000,-157000
052092,貿聯元大96購02  ,0,0,0,0,0,0,0,0,0,-157000,0,0,0,151000,308000,-157000,-157000
054493,同欣電台新96購01,0,0,0,0,0,0,0,0,0,-158000,0,0,0,0,158000,-158000,-158000
052134,智邦凱基95購09  ,0,0,0,0,0,0,0,0,0,-158000,0,0,0,117000,275000,-158000,-158000
051354,聯發科元大95購09,0,0,0,0,0,0,0,0,0,-158000,0,0,0,4000,162000,-158000,-158000
054767,日電貿國票98購01,0,0,0,0,0,0,0,0,0,-159000,0,0,0,0,159000,-159000,-159000
052819,義隆永豐96購01  ,0,0,0,0,0,0,0,0,0,-159000,0,0,0,58000,217000,-159000,-159000
052644,聯發科永豐96購01,0,0,0,0,0,0,0,0,0,-159000,0,0,0,15000,174000,-159000,-159000
050454,嘉澤元大94購04  ,0,0,0,0,0,0,0,0,0,-159000,0,0,0,52000,211000,-159000,-159000
051167,京鼎元大95購01  ,0,0,0,0,0,0,0,0,0,-159000,0,0,0,446000,605000,-159000,-159000
055229,大毅國票97購02  ,0,0,0,0,0,0,0,0,0,-159000,0,0,0,6000,165000,-159000,-159000
046239,中石化中信92購02,0,0,0,0,0,0,0,0,0,-160000,0,0,0,0,160000,-160000,-160000
03769P,聯發科元大93售04,0,0,0,0,0,0,0,0,0,-160000,0,0,0,792000,952000,-160000,-160000
047632,儒鴻元大93購08  ,0,0,0,0,0,0,0,0,0,-160000,0,0,0,190000,350000,-160000,-160000
04996P,台積電凱基95售02,0,0,0,0,0,0,0,0,0,-160000,0,0,0,0,160000,-160000,-160000
048476,同欣電永豐93購01,0,0,0,0,0,0,0,0,0,-160000,0,0,0,119000,279000,-160000,-160000
048443,旺宏凱基93購08  ,0,0,0,0,0,0,0,0,0,-160000,0,0,0,2000,162000,-160000,-160000
047181,智邦元大93購06  ,0,0,0,0,0,0,0,0,0,-160000,0,0,0,0,160000,-160000,-160000
051266,國巨富邦99購01  ,0,0,0,0,0,0,0,0,0,-160000,0,0,0,262000,422000,-160000,-160000
055450,台積電元富97購01,0,0,0,0,0,0,0,0,0,-160000,0,0,0,204000,364000,-160000,-160000
3014,聯陽            ,57000,217000,-160000,0,0,0,0,0,0,0,0,0,0,0,0,0,-160000
04744P,臻鼎元富94售04  ,0,0,0,0,0,0,0,0,0,-161000,0,0,0,0,161000,-161000,-161000
049919,美食元大94購03  ,0,0,0,0,0,0,0,0,0,-161000,0,0,0,5000,166000,-161000,-161000
052359,百和永豐95購01  ,0,0,0,0,0,0,0,0,0,-161000,0,0,0,189000,350000,-161000,-161000
052328,台表科中信99購01,0,0,0,0,0,0,0,0,0,-161000,0,0,0,314000,475000,-161000,-161000
3016,嘉晶            ,136000,175000,-39000,0,0,0,0,0,0,-122000,0,0,0,89000,211000,-122000,-161000
049043,新唐兆豐94購01  ,0,0,0,0,0,0,0,0,0,-162000,0,0,0,40000,202000,-162000,-162000
051355,聯發科元大96購01,0,0,0,0,0,0,0,0,0,-162000,0,0,0,180000,342000,-162000,-162000
053457,旺宏國泰98購03  ,0,0,0,0,0,0,0,0,0,-163000,0,0,0,103000,266000,-163000,-163000
054221,華新科統一96購05,0,0,0,0,0,0,0,0,0,-163000,0,0,0,22000,185000,-163000,-163000
05131P,聯詠統一97售01  ,0,0,0,0,0,0,0,0,0,-163000,0,0,0,88000,251000,-163000,-163000
6191,精成科          ,124000,284000,-160000,0,0,0,0,0,0,-3000,0,0,0,2000,5000,-3000,-163000
053057,聯電國泰97購02  ,0,0,0,0,0,0,0,0,0,-164000,0,0,0,260000,424000,-164000,-164000
049225,達方國票94購01  ,0,0,0,0,0,0,0,0,0,-164000,0,0,0,0,164000,-164000,-164000
043870,光磊元大92購01  ,0,0,0,0,0,0,0,0,0,-164000,0,0,0,0,164000,-164000,-164000
051300,台光電凱基96購02,0,0,0,0,0,0,0,0,0,-164000,0,0,0,109000,273000,-164000,-164000
048962,宏全康和94購01  ,0,0,0,0,0,0,0,0,0,-165000,0,0,0,0,165000,-165000,-165000
049983,智原凱基94購02  ,0,0,0,0,0,0,0,0,0,-165000,0,0,0,102000,267000,-165000,-165000
05002P,台積電統一95售03,0,0,0,0,0,0,0,0,0,-165000,0,0,0,275000,440000,-165000,-165000
051757,佳世達元大95購02,0,0,0,0,0,0,0,0,0,-165000,0,0,0,0,165000,-165000,-165000
055299,康友元大97購02  ,0,0,0,0,0,0,0,0,0,-165000,0,0,0,117000,282000,-165000,-165000
048960,矽格康和94購01  ,0,0,0,0,0,0,0,0,0,-166000,0,0,0,0,166000,-166000,-166000
03960P,新日興元富96售02,0,0,0,0,0,0,0,0,0,-166000,0,0,0,206000,372000,-166000,-166000
050729,聯鈞國票94購01  ,0,0,0,0,0,0,0,0,0,-166000,0,0,0,120000,286000,-166000,-166000
055250,華新科統一97購02,0,0,0,0,0,0,0,0,0,-166000,0,0,0,0,166000,-166000,-166000
055428,友達群益9C購01  ,0,0,0,0,0,0,0,0,0,-166000,0,0,0,10000,176000,-166000,-166000
053153,大立光元大99購02,0,0,0,0,0,0,0,0,0,-167000,0,0,0,6000,173000,-167000,-167000
054388,漢唐統一97購02  ,0,0,0,0,0,0,0,0,0,-167000,0,0,0,10000,177000,-167000,-167000
048933,晶豪科永豐94購01,0,0,0,0,0,0,0,0,0,-167000,0,0,0,88000,255000,-167000,-167000
051184,聯發科永豐95購03,0,0,0,0,0,0,0,0,0,-167000,0,0,0,13000,180000,-167000,-167000
052856,滬深2X凱基98購01,0,0,0,0,0,0,0,0,0,-168000,0,0,0,144000,312000,-168000,-168000
042712,元石油國票95購01,0,0,0,0,0,0,0,0,0,-168000,0,0,0,331000,499000,-168000,-168000
052255,T50反1國泰96購01,0,0,0,0,0,0,0,0,0,-169000,0,0,0,0,169000,-169000,-169000
055378,晶相光元大97購02,0,0,0,0,0,0,0,0,0,-169000,0,0,0,29000,198000,-169000,-169000
045483,智邦第一92購01  ,0,0,0,0,0,0,0,0,0,-170000,0,0,0,0,170000,-170000,-170000
048346,智易元大95購01  ,0,0,0,0,0,0,0,0,0,-170000,0,0,0,0,170000,-170000,-170000
04682P,臺股指統一96售01,0,0,0,0,0,0,0,0,0,-170000,0,0,0,0,170000,-170000,-170000
04820P,聯茂永豐94售02  ,0,0,0,0,0,0,0,0,0,-170000,0,0,0,88000,258000,-170000,-170000
049876,智邦永豐94購01  ,0,0,0,0,0,0,0,0,0,-170000,0,0,0,0,170000,-170000,-170000
055322,欣興國票97購06  ,0,0,0,0,0,0,0,0,0,-170000,0,0,0,6000,176000,-170000,-170000
06168P,台表科國票97售06,0,0,0,0,0,0,0,0,0,-170000,0,0,0,0,170000,-170000,-170000
054607,台積電永豐97購03,0,0,0,0,0,0,0,0,0,-171000,0,0,0,30000,201000,-171000,-171000
05502P,台表科國票97售01,0,0,0,0,0,0,0,0,0,-171000,0,0,0,105000,276000,-171000,-171000
050559,聯發科統一94購10,0,0,0,0,0,0,0,0,0,-171000,0,0,0,20000,191000,-171000,-171000
051034,正崴兆豐95購01  ,0,0,0,0,0,0,0,0,0,-171000,0,0,0,89000,260000,-171000,-171000
050930,矽格凱基95購01  ,0,0,0,0,0,0,0,0,0,-171000,0,0,0,9000,180000,-171000,-171000
055328,鈺齊國票98購01  ,0,0,0,0,0,0,0,0,0,-172000,0,0,0,29000,201000,-172000,-172000
054122,康友永豐96購01  ,0,0,0,0,0,0,0,0,0,-173000,0,0,0,219000,392000,-173000,-173000
053310,彩晶凱基98購02  ,0,0,0,0,0,0,0,0,0,-173000,0,0,0,21000,194000,-173000,-173000
050529,矽格元大94購05  ,0,0,0,0,0,0,0,0,0,-173000,0,0,0,2000,175000,-173000,-173000
053341,聯發科國票97購03,0,0,0,0,0,0,0,0,0,-174000,0,0,0,20000,194000,-174000,-174000
053122,美律凱基98購01  ,0,0,0,0,0,0,0,0,0,-174000,0,0,0,41000,215000,-174000,-174000
051366,康友國泰97購01  ,0,0,0,0,0,0,0,0,0,-174000,0,0,0,625000,799000,-174000,-174000
055340,華新科日盛97購01,0,0,0,0,0,0,0,0,0,-174000,0,0,0,0,174000,-174000,-174000
05767P,國巨凱基96售11  ,0,0,0,0,0,0,0,0,0,-174000,0,0,0,169000,343000,-174000,-174000
1229,聯華            ,240650,415000,-174350,0,0,0,0,0,0,0,0,0,0,0,0,0,-174350
052726,鴻海元富96購03  ,0,0,0,0,0,0,0,0,0,-175000,0,0,0,100000,275000,-175000,-175000
05438P,康控永豐95售05  ,0,0,0,0,0,0,0,0,0,-175000,0,0,0,0,175000,-175000,-175000
051155,聯發科國泰96購01,0,0,0,0,0,0,0,0,0,-175000,0,0,0,109000,284000,-175000,-175000
2915,潤泰全          ,214554,433326,-218772,0,0,0,0,0,0,43000,4000,6000,-2000,45000,0,45000,-175772
04429P,和鑫元大94售01  ,0,0,0,0,0,0,0,0,0,-176000,0,0,0,1000,177000,-176000,-176000
049293,友訊群益95購01  ,0,0,0,0,0,0,0,0,0,-176000,0,0,0,121000,297000,-176000,-176000
051286,國巨統一97購01  ,0,0,0,0,0,0,0,0,0,-176000,0,0,0,71000,247000,-176000,-176000
054872,瀚宇博群益98購01,0,0,0,0,0,0,0,0,0,-177000,0,0,0,70000,247000,-177000,-177000
049241,智邦元富94購01  ,0,0,0,0,0,0,0,0,0,-177000,0,0,0,168000,345000,-177000,-177000
048142,聯電統一93購01  ,0,0,0,0,0,0,0,0,0,-177000,0,0,0,0,177000,-177000,-177000
050913,全新中信97購01  ,0,0,0,0,0,0,0,0,0,-177000,0,0,0,0,177000,-177000,-177000
050469,聯電台新94購01  ,0,0,0,0,0,0,0,0,0,-177000,0,0,0,0,177000,-177000,-177000
048514,嘉澤凱基93購06  ,0,0,0,0,0,0,0,0,0,-178000,0,0,0,62000,240000,-178000,-178000
046864,和大統一97購01  ,0,0,0,0,0,0,0,0,0,-178000,0,0,0,354000,532000,-178000,-178000
050393,樺漢統一94購01  ,0,0,0,0,0,0,0,0,0,-178000,0,0,0,202000,380000,-178000,-178000
3380,明泰            ,144000,256000,-112000,0,0,0,0,0,0,-66000,2000,20000,-18000,0,48000,-48000,-178000
054632,緯穎凱基9A購01  ,0,0,0,0,0,0,0,0,0,-179000,0,0,0,0,179000,-179000,-179000
054359,南亞科日盛96購02,0,0,0,0,0,0,0,0,0,-179000,0,0,0,607000,786000,-179000,-179000
053895,智易群益96購02  ,0,0,0,0,0,0,0,0,0,-179000,0,0,0,0,179000,-179000,-179000
045094,樺漢元大92購01  ,0,0,0,0,0,0,0,0,0,-179000,0,0,0,56000,235000,-179000,-179000
046792,京元電元富96購01,0,0,0,0,0,0,0,0,0,-179000,0,0,0,72000,251000,-179000,-179000
054522,康友元大96購07  ,0,0,0,0,0,0,0,0,0,-180000,0,0,0,141000,321000,-180000,-180000
04546P,台積電元大94售09,0,0,0,0,0,0,0,0,0,-180000,0,0,0,0,180000,-180000,-180000
044689,超眾凱基93購03  ,0,0,0,0,0,0,0,0,0,-180000,0,0,0,0,180000,-180000,-180000
047961,百和永豐93購03  ,0,0,0,0,0,0,0,0,0,-180000,0,0,0,171000,351000,-180000,-180000
052185,奇力新群益95購03,0,0,0,0,0,0,0,0,0,-180000,0,0,0,129000,309000,-180000,-180000
052208,力成麥證95購01  ,0,0,0,124000,304000,-180000,0,0,0,-180000,0,0,0,124000,304000,-180000,-180000
054284,和大元大96購03  ,0,0,0,0,0,0,0,0,0,-181000,0,0,0,26000,207000,-181000,-181000
04447P,上銀凱基94售02  ,0,0,0,0,0,0,0,0,0,-181000,0,0,0,56000,237000,-181000,-181000
051814,鈺齊凱基95購01  ,0,0,0,0,0,0,0,0,0,-181000,0,0,0,411000,592000,-181000,-181000
2499,東貝            ,16000,197000,-181000,0,0,0,0,0,0,0,0,0,0,0,0,0,-181000
053945,國巨富邦98購02  ,0,0,0,0,0,0,0,0,0,-182000,0,0,0,178000,360000,-182000,-182000
053963,百和永豐96購01  ,0,0,0,0,0,0,0,0,0,-182000,0,0,0,272000,454000,-182000,-182000
044816,漢唐兆豐93購02  ,0,0,0,0,0,0,0,0,0,-182000,0,0,0,4000,186000,-182000,-182000
04859P,台達電群益94售04,0,0,0,0,0,0,0,0,0,-182000,0,0,0,78000,260000,-182000,-182000
048167,旺宏永豐93購04  ,0,0,0,0,0,0,0,0,0,-182000,0,0,0,232000,414000,-182000,-182000
050637,欣興國票94購02  ,0,0,0,0,0,0,0,0,0,-182000,0,0,0,0,182000,-182000,-182000
05648P,康控國票97售01  ,0,0,0,0,0,0,0,0,0,-182000,0,0,0,5000,187000,-182000,-182000
044284,聯電凱基92購01  ,0,0,0,0,0,0,0,0,0,-183000,0,0,0,25000,208000,-183000,-183000
049112,可成統一94購01  ,0,0,0,0,0,0,0,0,0,-183000,0,0,0,581000,764000,-183000,-183000
048313,南亞科凱基93購06,0,0,0,0,0,0,0,0,0,-183000,0,0,0,10000,193000,-183000,-183000
049570,華新科統一94購04,0,0,0,0,0,0,0,0,0,-184000,0,0,0,144000,328000,-184000,-184000
049956,國巨統一94購05  ,0,0,0,0,0,0,0,0,0,-184000,0,0,0,63000,247000,-184000,-184000
055072,康友永豐97購02  ,0,0,0,0,0,0,0,0,0,-185000,0,0,0,0,185000,-185000,-185000
045414,康控群益94購02  ,0,0,0,0,0,0,0,0,0,-185000,0,0,0,25000,210000,-185000,-185000
043457,鴻海元大93購01  ,0,0,0,0,0,0,0,0,0,-185000,0,0,0,16000,201000,-185000,-185000
051840,康友國泰97購02  ,0,0,0,0,0,0,0,0,0,-185000,0,0,0,626000,811000,-185000,-185000
055478,訊芯凱基97購01  ,0,0,0,0,0,0,0,0,0,-185000,0,0,0,4000,189000,-185000,-185000
05843P,台積電元大96售16,0,0,0,0,0,0,0,0,0,-185000,0,0,0,67000,252000,-185000,-185000
052667,漢唐群益96購01  ,10000,0,10000,0,0,0,0,0,0,-196000,0,0,0,31000,227000,-196000,-186000
049326,聯發科元富94購01,0,0,0,0,0,0,0,0,0,-186000,0,0,0,12000,198000,-186000,-186000
051545,裕隆康和95購01  ,0,0,0,0,0,0,0,0,0,-186000,0,0,0,10000,196000,-186000,-186000
053880,智邦中信96購01  ,0,0,0,0,0,0,0,0,0,-187000,0,0,0,132000,319000,-187000,-187000
047273,奇力新永豐93購03,0,0,0,0,0,0,0,0,0,-187000,0,0,0,12000,199000,-187000,-187000
053440,台積電凱基96購12,0,0,0,0,0,0,0,0,0,-188000,0,0,0,0,188000,-188000,-188000
049745,國巨永豐94購04  ,0,0,0,0,0,0,0,0,0,-188000,0,0,0,70000,258000,-188000,-188000
050898,智原元大96購01  ,0,0,0,0,0,0,0,0,0,-188000,0,0,0,11000,199000,-188000,-188000
050997,麗豐元大95購03  ,0,0,0,0,0,0,0,0,0,-188000,0,0,0,6000,194000,-188000,-188000
04879P,康控永豐94售02  ,0,0,0,0,0,0,0,0,0,-189000,0,0,0,58000,247000,-189000,-189000
052352,力成元富95購01  ,0,0,0,0,0,0,0,0,0,-189000,0,0,0,14000,203000,-189000,-189000
055272,國巨元大98購04  ,0,0,0,0,0,0,0,0,0,-189000,0,0,0,78000,267000,-189000,-189000
042326,元油2X國票94購01,0,0,0,0,0,0,0,0,0,-190000,0,0,0,0,190000,-190000,-190000
04729P,臺股指中信96售01,0,0,0,0,0,0,0,0,0,-190000,0,0,0,20000,210000,-190000,-190000
049971,台郡國票95購01  ,0,0,0,0,0,0,0,0,0,-190000,0,0,0,0,190000,-190000,-190000
04869P,鴻海元富95售02  ,0,0,0,0,0,0,0,0,0,-190000,0,0,0,0,190000,-190000,-190000
05245P,台積電元大95售18,0,0,0,0,0,0,0,0,0,-190000,0,0,0,182000,372000,-190000,-190000
9914,美利達          ,293000,416000,-123000,0,0,0,0,66000,-66000,-1000,1000,0,1000,3000,5000,-2000,-190000
03423B,臺股指元大94熊29,0,0,0,0,0,0,0,0,0,-191000,0,0,0,0,191000,-191000,-191000
045206,創意國泰93購02  ,0,0,0,0,0,0,0,0,0,-191000,0,0,0,20000,211000,-191000,-191000
04745P,祥碩元大94售04  ,0,0,0,0,0,0,0,0,0,-191000,0,0,0,230000,421000,-191000,-191000
051899,欣興國泰97購01  ,0,0,0,0,0,0,0,0,0,-191000,0,0,0,201000,392000,-191000,-191000
051315,同欣電麥證95購01,0,0,0,0,244000,-244000,0,0,0,-191000,0,0,0,53000,244000,-191000,-191000
054825,康友元大97購01  ,0,0,0,0,0,0,0,0,0,-192000,0,0,0,125000,317000,-192000,-192000
044562,元油2X凱基92購05,0,0,0,0,0,0,0,0,0,-192000,0,0,0,103000,295000,-192000,-192000
044877,旺宏元富91購01  ,0,0,0,0,0,0,0,0,0,-192000,0,0,0,0,192000,-192000,-192000
044846,旺宏統一93購01  ,0,0,0,0,0,0,0,0,0,-192000,0,0,0,40000,232000,-192000,-192000
050895,聯發科元大97購01,0,0,0,0,0,0,0,0,0,-192000,0,0,0,5000,197000,-192000,-192000
050685,緯穎元富94購02  ,0,0,0,0,0,0,0,0,0,-192000,0,0,0,391000,583000,-192000,-192000
054954,華新科元大97購06,0,0,0,0,0,0,0,0,0,-193000,0,0,0,72000,265000,-193000,-193000
054747,麗豐凱基98購01  ,0,0,0,0,0,0,0,0,0,-193000,0,0,0,5000,198000,-193000,-193000
053405,台達電兆豐96購01,0,0,0,0,0,0,0,0,0,-193000,0,0,0,0,193000,-193000,-193000
044332,華邦電統一91購01,0,0,0,0,0,0,0,0,0,-193000,0,0,0,12000,205000,-193000,-193000
053245,全新國票97購01  ,0,0,0,0,0,0,0,0,0,-194000,0,0,0,35000,229000,-194000,-194000
055085,大毅國票97購01  ,0,0,0,0,0,0,0,0,0,-194000,0,0,0,13000,207000,-194000,-194000
045213,A50正2元大95購01,0,0,0,0,0,0,0,0,0,-195000,0,0,0,185000,380000,-195000,-195000
047239,瀚宇博凱基94購01,0,0,0,0,0,0,0,0,0,-196000,0,0,0,50000,246000,-196000,-196000
050763,楠梓電元大94購03,0,0,0,0,0,0,0,0,0,-196000,0,0,0,82000,278000,-196000,-196000
05174P,元金2X富邦9B售01,0,0,0,0,0,0,0,0,0,-196000,0,0,0,0,196000,-196000,-196000
055230,大毅國票98購01  ,0,0,0,0,0,0,0,0,0,-196000,0,0,0,0,196000,-196000,-196000
054637,智邦中信98購01  ,0,0,0,0,0,0,0,0,0,-197000,0,0,0,10000,207000,-197000,-197000
051400,國巨永豐95購01  ,0,0,0,0,0,0,0,0,0,-197000,0,0,0,108000,305000,-197000,-197000
052027,智原群益95購01  ,0,0,0,0,0,0,0,0,0,-197000,0,0,0,0,197000,-197000,-197000
054083,智伸科元富96購01,0,0,0,0,0,0,0,0,0,-198000,0,0,0,427000,625000,-198000,-198000
049091,訊連凱基94購01  ,0,0,0,0,0,0,0,0,0,-198000,0,0,0,2000,200000,-198000,-198000
046577,東元元大92購02  ,0,0,0,0,0,0,0,0,0,-199000,0,0,0,101000,300000,-199000,-199000
050051,智原群益94購01  ,0,0,0,0,0,0,0,0,0,-199000,0,0,0,86000,285000,-199000,-199000
05790P,臺股指永昌96售07,0,0,0,0,0,0,0,0,0,-199000,0,0,0,553000,752000,-199000,-199000
9946,三發地產        ,92000,295000,-203000,0,0,0,0,0,0,4000,5000,1000,4000,0,0,0,-199000
05394P,聯詠中信95售02  ,0,0,0,0,0,0,0,0,0,-200000,0,0,0,0,200000,-200000,-200000
054449,中環第一96購01  ,0,0,0,0,0,0,0,0,0,-200000,0,0,0,0,200000,-200000,-200000
053464,喬山元大96購01  ,0,0,0,0,0,0,0,0,0,-200000,0,0,0,0,200000,-200000,-200000
053764,A50正2富邦99購01,0,0,0,0,0,0,0,0,0,-200000,0,0,0,0,200000,-200000,-200000
048964,劍麟元大94購01  ,0,0,0,0,0,0,0,0,0,-200000,0,0,0,0,200000,-200000,-200000
04617P,臺股指群益95售03,0,0,0,0,0,0,0,0,0,-200000,0,0,0,0,200000,-200000,-200000
04618P,電子類群益94售02,0,0,0,0,0,0,0,0,0,-200000,0,0,0,0,200000,-200000,-200000
045947,欣興兆豐93購04  ,0,0,0,0,0,0,0,0,0,-200000,0,0,0,0,200000,-200000,-200000
04588P,茂林永豐94售04  ,0,0,0,0,0,0,0,0,0,-200000,0,0,0,500000,700000,-200000,-200000
04475P,欣興元大94售03  ,0,0,0,0,0,0,0,0,0,-200000,0,0,0,25000,225000,-200000,-200000
04397P,玉晶光群益95售03,0,0,0,0,0,0,0,0,0,-200000,0,0,0,0,200000,-200000,-200000
04386P,大立光日盛94售01,0,0,0,0,0,0,0,0,0,-200000,0,0,0,0,200000,-200000,-200000
03955P,華通統一93售04  ,0,0,0,0,0,0,0,0,0,-200000,0,0,0,0,200000,-200000,-200000
03179P,聯發科群益01售16,0,0,0,0,0,0,0,0,0,-200000,0,0,0,0,200000,-200000,-200000
04783P,貿聯元富94售01  ,0,0,0,0,0,0,0,0,0,-200000,0,0,0,0,200000,-200000,-200000
048408,正文群益93購01  ,0,0,0,0,0,0,0,0,0,-200000,0,0,0,14000,214000,-200000,-200000
048270,T50反1富邦99購01,0,0,0,0,0,0,0,0,0,-200000,0,0,0,0,200000,-200000,-200000
04995P,台達電凱基96售03,0,0,0,0,0,0,0,0,0,-200000,0,0,0,0,200000,-200000,-200000
049487,智邦元大94購03  ,0,0,0,0,0,0,0,0,0,-200000,0,0,0,0,200000,-200000,-200000
049488,智邦元大95購01  ,0,0,0,0,0,0,0,0,0,-200000,0,0,0,0,200000,-200000,-200000
050098,嘉聯益國泰95購02,0,0,0,0,0,0,0,0,0,-200000,0,0,0,15000,215000,-200000,-200000
051904,深100元大95購01 ,0,0,0,0,0,0,0,0,0,-200000,0,0,0,0,200000,-200000,-200000
05650P,台積電富邦96售01,0,0,0,0,0,0,0,0,0,-200000,0,0,0,0,200000,-200000,-200000
053352,義隆兆豐96購01  ,0,0,0,0,0,0,0,0,0,-201000,0,0,0,18000,219000,-201000,-201000
054710,東元元富97購01  ,0,0,0,0,0,0,0,0,0,-201000,0,0,0,169000,370000,-201000,-201000
055047,南港永豐97購01  ,0,0,0,0,0,0,0,0,0,-201000,0,0,0,153000,354000,-201000,-201000
049776,全新統一95購02  ,0,0,0,0,0,0,0,0,0,-201000,0,0,0,199000,400000,-201000,-201000
051568,智邦富邦95購01  ,0,0,0,0,0,0,0,0,0,-201000,0,0,0,0,201000,-201000,-201000
03583P,微星元大02售03  ,0,0,0,0,0,0,0,0,0,-202000,0,0,0,6000,208000,-202000,-202000
05116P,台積電群益95售03,0,0,0,0,0,0,0,0,0,-202000,0,0,0,0,202000,-202000,-202000
1104,環泥            ,4000,206000,-202000,0,0,0,0,0,0,0,0,0,0,0,0,0,-202000
053524,聯電中信97購02  ,0,0,0,0,0,0,0,0,0,-203000,0,0,0,0,203000,-203000,-203000
053538,京鼎永豐96購03  ,0,0,0,0,0,0,0,0,0,-203000,0,0,0,259000,462000,-203000,-203000
049683,美食統一94購01  ,0,0,0,0,0,0,0,0,0,-204000,0,0,0,0,204000,-204000,-204000
046742,智原日盛93購01  ,0,0,0,0,0,0,0,0,0,-204000,0,0,0,92000,296000,-204000,-204000
048048,大立光永豐93購03,0,0,0,0,0,0,0,0,0,-204000,0,0,0,21000,225000,-204000,-204000
050526,貿聯元大95購01  ,0,0,0,0,0,0,0,0,0,-204000,0,0,0,146000,350000,-204000,-204000
051378,奇力新群益95購01,0,0,0,0,0,0,0,0,0,-204000,0,0,0,164000,368000,-204000,-204000
4915,致伸            ,435000,623895,-188895,0,0,0,0,0,0,-16000,5000,0,5000,20000,41000,-21000,-204895
03351P,台積電麥證02售07,0,0,0,0,0,0,0,0,0,-205000,0,0,0,0,205000,-205000,-205000
04419P,奇力新永豐94售01,0,0,0,0,0,0,0,0,0,-205000,0,0,0,0,205000,-205000,-205000
3017,奇鋐            ,294000,481000,-187000,0,0,0,0,0,0,-18000,0,0,0,16000,34000,-18000,-205000
049696,欣興元大95購02  ,0,0,0,0,0,0,0,0,0,-206000,0,0,0,87000,293000,-206000,-206000
051410,京元電國票96購01,0,0,0,0,0,0,0,0,0,-206000,0,0,0,34000,240000,-206000,-206000
052289,為升元富95購02  ,0,0,0,0,0,0,0,0,0,-206000,0,0,0,2000,208000,-206000,-206000
050010,鈺齊永豐94購01  ,0,0,0,0,0,0,0,0,0,-206000,0,0,0,205000,411000,-206000,-206000
2704,國賓            ,23000,229000,-206000,0,0,0,0,0,0,0,0,0,0,0,0,0,-206000
9945,潤泰新          ,289027,320357,-31330,0,0,0,0,0,0,-175000,0,171000,-171000,0,4000,-4000,-206330
04412P,欣興元富94售01  ,0,0,0,0,0,0,0,0,0,-207000,0,0,0,0,207000,-207000,-207000
049480,同欣電永豐94購01,0,0,0,0,0,0,0,0,0,-207000,0,0,0,89000,296000,-207000,-207000
052456,滬深2X元富9B購03,0,0,0,0,0,0,0,0,0,-207000,0,0,0,12000,219000,-207000,-207000
052610,貿聯元大97購01  ,0,0,0,0,0,0,0,0,0,-207000,0,0,0,123000,330000,-207000,-207000
051559,宏達電國泰96購01,0,0,0,0,0,0,0,0,0,-207000,0,0,0,178000,385000,-207000,-207000
05697P,友達凱基96售01  ,0,0,0,0,0,0,0,0,0,-207000,0,0,0,3000,210000,-207000,-207000
055152,旺宏元大98購04  ,0,0,0,0,0,0,0,0,0,-207000,0,0,0,425000,632000,-207000,-207000
053016,鈺齊統一96購01  ,0,0,0,0,0,0,0,0,0,-208000,0,0,0,58000,266000,-208000,-208000
047292,台光電元富96購01,0,0,0,0,0,0,0,0,0,-209000,0,0,0,114000,323000,-209000,-209000
050606,劍麟元大94購02  ,0,0,0,0,0,0,0,0,0,-209000,0,0,0,71000,280000,-209000,-209000
05595P,友達統一96售02  ,0,0,0,0,0,0,0,0,0,-209000,0,0,0,0,209000,-209000,-209000
05775P,台積電國泰98售02,0,0,0,0,0,0,0,0,0,-209000,0,0,0,88000,297000,-209000,-209000
054781,台化群益99購01  ,0,0,0,0,0,0,0,0,0,-210000,0,0,0,0,210000,-210000,-210000
045522,滬深2X永豐94購01,0,0,0,0,0,0,0,0,0,-210000,0,0,0,40000,250000,-210000,-210000
04892P,聯發科元大94售14,0,0,0,0,0,0,0,0,0,-210000,0,0,0,0,210000,-210000,-210000
049822,大成鋼凱基94購04,0,0,0,0,0,0,0,0,0,-210000,0,0,0,0,210000,-210000,-210000
047954,漢唐永豐93購02  ,0,0,0,0,0,0,0,0,0,-210000,0,0,0,191000,401000,-210000,-210000
047960,鈺齊永豐93購01  ,0,0,0,0,0,0,0,0,0,-210000,0,0,0,28000,238000,-210000,-210000
050648,全新凱基96購01  ,0,0,0,0,0,0,0,0,0,-210000,0,0,0,0,210000,-210000,-210000
052437,聯發科富邦99購02,0,0,0,0,0,0,0,0,0,-210000,0,0,0,10000,220000,-210000,-210000
052355,為升永豐95購02  ,0,0,0,0,0,0,0,0,0,-210000,0,0,0,40000,250000,-210000,-210000
05621P,聯電中信96售01  ,0,0,0,0,0,0,0,0,0,-210000,0,0,0,0,210000,-210000,-210000
046220,滬深2X元大95購03,0,0,0,0,0,0,0,0,0,-211000,0,0,0,0,211000,-211000,-211000
048632,大成鋼元大93購02,0,0,0,0,0,0,0,0,0,-211000,0,0,0,590000,801000,-211000,-211000
052175,可成元大95購10  ,0,0,0,0,0,0,0,0,0,-211000,0,0,0,0,211000,-211000,-211000
050158,上海銀群益96購01,0,0,0,0,0,0,0,0,0,-211000,0,0,0,189000,400000,-211000,-211000
055094,智易群益98購01  ,0,0,0,0,0,0,0,0,0,-212000,0,0,0,0,212000,-212000,-212000
052922,國巨永豐96購01  ,5000,0,5000,0,0,0,0,0,0,-217000,0,0,0,3000,220000,-217000,-212000
046298,聯發科富邦94購01,0,0,0,0,0,0,0,0,0,-212000,0,0,0,0,212000,-212000,-212000
06018P,康控凱基96售03  ,0,0,0,0,0,0,0,0,0,-212000,0,0,0,0,212000,-212000,-212000
053865,欣興元大97購02  ,0,0,0,0,0,0,0,0,0,-213000,0,0,0,568000,781000,-213000,-213000
053316,友達群益9A購01  ,0,0,0,0,0,0,0,0,0,-214000,0,0,0,90000,304000,-214000,-214000
04038P,聯茂群益93售03  ,0,0,0,0,0,0,0,0,0,-214000,0,0,0,0,214000,-214000,-214000
048452,緯創凱基93購04  ,0,0,0,0,0,0,0,0,0,-214000,0,0,0,0,214000,-214000,-214000
05712P,友達統一97售03  ,0,0,0,0,0,0,0,0,0,-215000,0,0,0,0,215000,-215000,-215000
042801,達邁元大93購01  ,0,0,0,0,0,0,0,0,0,-216000,0,0,0,18000,234000,-216000,-216000
049369,義隆元大95購01  ,0,0,0,0,0,0,0,0,0,-216000,0,0,0,18000,234000,-216000,-216000
053012,國巨統一96購03  ,0,0,0,0,0,0,0,0,0,-217000,0,0,0,520000,737000,-217000,-217000
05867P,友達兆豐97售02  ,0,0,0,0,0,0,0,0,0,-217000,0,0,0,1000,218000,-217000,-217000
054774,同欣電國票98購01,0,0,0,0,0,0,0,0,0,-218000,0,0,0,17000,235000,-218000,-218000
051677,達方元大95購01  ,0,0,0,0,0,0,0,0,0,-218000,0,0,0,20000,238000,-218000,-218000
055154,聯發科元大98購01,0,0,0,0,0,0,0,0,0,-218000,0,0,0,59000,277000,-218000,-218000
4906,正文            ,183000,376000,-193000,0,0,0,0,0,0,-25000,0,23000,-23000,123000,125000,-2000,-218000
044925,漢唐國泰93購01  ,0,0,0,0,0,0,0,0,0,-219000,0,0,0,271000,490000,-219000,-219000
048242,統一兆豐93購01  ,0,0,0,0,0,0,0,0,0,-219000,0,0,0,1000,220000,-219000,-219000
2208,台船            ,48822,267000,-218178,0,0,0,0,0,0,-1000,0,1000,-1000,0,0,0,-219178
053951,T50反1台新06購02,0,0,0,0,0,0,0,0,0,-220000,0,0,0,0,220000,-220000,-220000
043175,傳奇國泰93購01  ,0,0,0,0,0,0,0,0,0,-220000,0,0,0,0,220000,-220000,-220000
049955,崇越群益95購01  ,0,0,0,0,0,0,0,0,0,-220000,0,0,0,30000,250000,-220000,-220000
06047P,聯發科富邦99售04,0,0,0,0,0,0,0,0,0,-220000,0,0,0,10000,230000,-220000,-220000
045136,台肥兆豐92購01  ,0,0,0,0,0,0,0,0,0,-221000,0,0,0,5000,226000,-221000,-221000
047737,義隆麥證94購01  ,0,0,0,0,221000,-221000,0,0,0,-221000,0,0,0,0,221000,-221000,-221000
03984P,上銀群益93售05  ,0,0,0,0,0,0,0,0,0,-222000,0,0,0,0,222000,-222000,-222000
054497,國巨永豐96購05  ,0,0,0,0,0,0,0,0,0,-223000,0,0,0,191000,414000,-223000,-223000
049676,美食國票94購01  ,0,0,0,0,0,0,0,0,0,-223000,0,0,0,0,223000,-223000,-223000
052502,瀚宇博永豐95購02,0,0,0,0,0,0,0,0,0,-223000,0,0,0,111000,334000,-223000,-223000
054093,智原群益97購01  ,0,0,0,0,0,0,0,0,0,-224000,0,0,0,3000,227000,-224000,-224000
055033,漢唐富邦98購01  ,0,0,0,0,0,0,0,0,0,-224000,0,0,0,47000,271000,-224000,-224000
053261,國巨群益96購05  ,0,0,0,0,0,0,0,0,0,-224000,0,0,0,60000,284000,-224000,-224000
048690,美律群益94購01  ,0,0,0,0,0,0,0,0,0,-224000,0,0,0,10000,234000,-224000,-224000
050390,聯發科統一94購09,0,0,0,0,0,0,0,0,0,-224000,0,0,0,10000,234000,-224000,-224000
053669,台積電統一96購08,0,0,0,0,0,0,0,0,0,-226000,0,0,0,138000,364000,-226000,-226000
00664R,國泰臺灣加權反1 ,0,0,0,0,0,0,0,0,0,-226000,0,0,0,277000,503000,-226000,-226000
04898P,瑞儀中信95售01  ,0,0,0,0,0,0,0,0,0,-226000,0,0,0,0,226000,-226000,-226000
051753,華通元大96購03  ,0,0,0,0,0,0,0,0,0,-226000,0,0,0,19000,245000,-226000,-226000
055181,日電貿統一97購01,0,0,0,0,0,0,0,0,0,-226000,0,0,0,50000,276000,-226000,-226000
053829,力成麥證96購01  ,0,0,0,0,227000,-227000,0,0,0,-227000,0,0,0,0,227000,-227000,-227000
053941,國巨國泰96購05  ,0,0,0,0,0,0,0,0,0,-227000,0,0,0,494000,721000,-227000,-227000
05170P,世芯元大95售01  ,0,0,0,0,0,0,0,0,0,-227000,0,0,0,265000,492000,-227000,-227000
051802,同欣電永豐95購02,0,0,0,0,0,0,0,0,0,-227000,0,0,0,34000,261000,-227000,-227000
2536,宏普            ,11000,238000,-227000,0,0,0,0,0,0,0,0,0,0,0,0,0,-227000
053823,茂林群益96購06  ,0,0,0,0,0,0,0,0,0,-228000,0,0,0,270000,498000,-228000,-228000
053396,漢唐中信9A購01  ,0,0,0,0,0,0,0,0,0,-228000,0,0,0,44000,272000,-228000,-228000
047503,T50反1國票93購03,0,0,0,0,0,0,0,0,0,-228000,0,0,0,0,228000,-228000,-228000
052015,漢唐永豐95購02  ,0,0,0,0,0,0,0,0,0,-228000,0,0,0,73000,301000,-228000,-228000
051943,台積電麥證95購03,0,0,0,41000,270000,-229000,0,0,0,-229000,0,0,0,41000,270000,-229000,-229000
052836,旺宏國泰98購01  ,0,0,0,0,0,0,0,0,0,-230000,0,0,0,422000,652000,-230000,-230000
05444P,大立光元大95售10,0,0,0,0,0,0,0,0,0,-230000,0,0,0,0,230000,-230000,-230000
03498P,矽創凱基02售02  ,0,0,0,0,0,0,0,0,0,-230000,0,0,0,0,230000,-230000,-230000
049159,同欣電中信96購01,0,0,0,0,0,0,0,0,0,-230000,0,0,0,45000,275000,-230000,-230000
049350,麗豐康和94購01  ,0,0,0,0,0,0,0,0,0,-230000,0,0,0,195000,425000,-230000,-230000
047999,聯發科元大93購22,0,0,0,0,0,0,0,0,0,-230000,0,0,0,0,230000,-230000,-230000
2887,台新金          ,3430274,4614337,-1184063,0,0,0,900000,0,900000,54000,54000,0,54000,0,0,0,-230063
04259P,滬深2X群益93售03,0,0,0,0,0,0,0,0,0,-231000,0,0,0,0,231000,-231000,-231000
042561,南電兆豐92購01  ,0,0,0,0,0,0,0,0,0,-231000,0,0,0,23000,254000,-231000,-231000
047852,矽創元富93購01  ,0,0,0,0,0,0,0,0,0,-231000,0,0,0,331000,562000,-231000,-231000
051870,台郡凱基95購04  ,0,0,0,0,0,0,0,0,0,-231000,0,0,0,10000,241000,-231000,-231000
044514,亞光凱基93購02  ,0,0,0,0,0,0,0,0,0,-234000,0,0,0,17000,251000,-234000,-234000
055412,旺宏富邦99購01  ,0,0,0,0,0,0,0,0,0,-234000,0,0,0,10000,244000,-234000,-234000
054290,奇力新元大96購05,0,0,0,0,0,0,0,0,0,-235000,0,0,0,41000,276000,-235000,-235000
051926,聯電中信97購01  ,0,0,0,0,0,0,0,0,0,-235000,0,0,0,19000,254000,-235000,-235000
8213,志超            ,65000,305000,-240000,0,0,0,0,0,0,5000,0,0,0,5000,0,5000,-235000
054446,美食兆豐97購01  ,0,0,0,0,0,0,0,0,0,-236000,0,0,0,214000,450000,-236000,-236000
04958P,和大凱基94售04  ,0,0,0,0,0,0,0,0,0,-236000,0,0,0,60000,296000,-236000,-236000
052564,美食日盛96購01  ,0,0,0,0,0,0,0,0,0,-236000,0,0,0,10000,246000,-236000,-236000
046241,聯發科中信94購02,0,0,0,0,0,0,0,0,0,-237000,0,0,0,102000,339000,-237000,-237000
049297,日電貿群益95購01,0,0,0,0,0,0,0,0,0,-237000,0,0,0,2000,239000,-237000,-237000
08749P,鴻海台新01售02  ,0,0,0,0,0,0,0,0,0,-237000,0,0,0,3000,240000,-237000,-237000
054242,元油反元大98購02,0,0,0,0,0,0,0,0,0,-238000,0,0,0,275000,513000,-238000,-238000
054782,國巨群益97購01  ,0,0,0,0,0,0,0,0,0,-238000,0,0,0,12000,250000,-238000,-238000
052849,可成統一97購01  ,0,0,0,0,0,0,0,0,0,-238000,0,0,0,447000,685000,-238000,-238000
046904,大毅凱基93購01  ,0,0,0,0,0,0,0,0,0,-238000,0,0,0,0,238000,-238000,-238000
051718,上証2X永豐95購01,0,0,0,0,0,0,0,0,0,-238000,0,0,0,31000,269000,-238000,-238000
053019,禾伸堂元富96購01,0,0,0,0,0,0,0,0,0,-239000,0,0,0,3000,242000,-239000,-239000
054124,達方永豐96購02  ,0,0,0,0,0,0,0,0,0,-239000,0,0,0,20000,259000,-239000,-239000
049690,義隆元大95購02  ,0,0,0,0,0,0,0,0,0,-239000,0,0,0,0,239000,-239000,-239000
053077,同欣電永豐96購01,0,0,0,0,0,0,0,0,0,-240000,0,0,0,0,240000,-240000,-240000
03543P,台泥中信02售01  ,0,0,0,0,0,0,0,0,0,-240000,0,0,0,0,240000,-240000,-240000
047049,聯發科國票94購01,0,0,0,0,0,0,0,0,0,-240000,0,0,0,5000,245000,-240000,-240000
05224P,華通統一95售03  ,0,0,0,0,0,0,0,0,0,-240000,0,0,0,159000,399000,-240000,-240000
055283,聯發科元大97購16,0,0,0,0,0,0,0,0,0,-240000,0,0,0,66000,306000,-240000,-240000
05760P,京鼎永豐96售02  ,0,0,0,0,0,0,0,0,0,-242000,0,0,0,0,242000,-242000,-242000
054887,大毅統一98購01  ,0,0,0,0,0,0,0,0,0,-244000,0,0,0,30000,274000,-244000,-244000
051139,康友永豐95購01  ,0,0,0,0,0,0,0,0,0,-244000,0,0,0,185000,429000,-244000,-244000
04061P,臺股指群益93售15,0,0,0,0,0,0,0,0,0,-245000,0,0,0,1000,246000,-245000,-245000
046435,聯發科群益92購06,0,0,0,0,0,0,0,0,0,-245000,0,0,0,0,245000,-245000,-245000
052308,大立光國泰97購02,0,0,0,0,0,0,0,0,0,-245000,0,0,0,1000,246000,-245000,-245000
053155,晶技元大97購02  ,0,0,0,0,0,0,0,0,0,-246000,0,0,0,0,246000,-246000,-246000
048905,旺宏富邦96購01  ,0,0,0,0,0,0,0,0,0,-246000,0,0,0,71000,317000,-246000,-246000
049325,智邦元富94購02  ,0,0,0,0,0,0,0,0,0,-246000,0,0,0,50000,296000,-246000,-246000
052375,奇力新元大96購02,0,0,0,0,0,0,0,0,0,-246000,0,0,0,76000,322000,-246000,-246000
051890,智邦元富95購03  ,0,0,0,0,0,0,0,0,0,-246000,0,0,0,0,246000,-246000,-246000
04946P,華通元大94售04  ,0,0,0,0,0,0,0,0,0,-247000,0,0,0,20000,267000,-247000,-247000
05939P,聯發科凱基96售20,0,0,0,0,0,0,0,0,0,-247000,0,0,0,60000,307000,-247000,-247000
053342,全新國票99購01  ,0,0,0,0,0,0,0,0,0,-248000,0,0,0,0,248000,-248000,-248000
04603P,訊芯凱基94售03  ,0,0,0,0,0,0,0,0,0,-248000,0,0,0,0,248000,-248000,-248000
044237,漢唐永豐91購01  ,0,0,0,0,0,0,0,0,0,-248000,0,0,0,0,248000,-248000,-248000
05028P,康控永豐95售02  ,0,0,0,0,0,0,0,0,0,-248000,0,0,0,0,248000,-248000,-248000
053113,瀚宇博兆豐97購01,0,0,0,0,0,0,0,0,0,-249000,0,0,0,143000,392000,-249000,-249000
052807,貿聯元大98購01  ,0,0,0,0,0,0,0,0,0,-249000,0,0,0,126000,375000,-249000,-249000
041042,美律群益92購01  ,0,0,0,0,0,0,0,0,0,-249000,0,0,0,41000,290000,-249000,-249000
04771P,友達元大96售02  ,0,0,0,0,0,0,0,0,0,-249000,0,0,0,0,249000,-249000,-249000
052006,康友富邦98購01  ,0,0,0,0,0,0,0,0,0,-249000,0,0,0,544000,793000,-249000,-249000
051615,華通凱基96購01  ,0,0,0,0,0,0,0,0,0,-249000,0,0,0,232000,481000,-249000,-249000
045205,鈺齊凱基92購01  ,0,0,0,0,0,0,0,0,0,-250000,0,0,0,16000,266000,-250000,-250000
048442,友訊凱基94購01  ,0,0,0,0,0,0,0,0,0,-250000,0,0,0,133000,383000,-250000,-250000
04669P,臺股指國票94售08,0,0,0,0,0,0,0,0,0,-250000,0,0,0,20000,270000,-250000,-250000
05579P,友達凱基98售03  ,0,0,0,0,0,0,0,0,0,-250000,0,0,0,0,250000,-250000,-250000
055056,億光永豐97購01  ,0,0,0,0,0,0,0,0,0,-251000,0,0,0,265000,516000,-251000,-251000
05629P,聯發科永昌99售02,0,0,0,0,0,0,0,0,0,-251000,0,0,0,671000,922000,-251000,-251000
06011P,貿聯元富96售04  ,0,0,0,0,0,0,0,0,0,-251000,0,0,0,0,251000,-251000,-251000
055064,碩天永豐97購01  ,0,0,0,0,0,0,0,0,0,-252000,0,0,0,0,252000,-252000,-252000
054987,凱美元富97購01  ,0,0,0,0,0,0,0,0,0,-252000,0,0,0,0,252000,-252000,-252000
054902,億光康和97購01  ,0,0,0,0,0,0,0,0,0,-252000,0,0,0,118000,370000,-252000,-252000
050499,台達電凱基94購11,0,0,0,0,0,0,0,0,0,-252000,0,0,0,8000,260000,-252000,-252000
054702,智邦第一97購01  ,0,0,0,0,0,0,0,0,0,-253000,0,0,0,0,253000,-253000,-253000
054283,元油反元大99購02,0,0,0,0,0,0,0,0,0,-253000,0,0,0,0,253000,-253000,-253000
04201P,智原群益93售01  ,0,0,0,0,0,0,0,0,0,-253000,0,0,0,0,253000,-253000,-253000
04230P,臺股指中信95售06,0,0,0,0,0,0,0,0,0,-253000,0,0,0,7000,260000,-253000,-253000
047984,禾伸堂群益93購01,0,0,0,0,0,0,0,0,0,-253000,0,0,0,1000,254000,-253000,-253000
053850,嘉澤元富96購03  ,0,0,0,0,0,0,0,0,0,-254000,0,0,0,0,254000,-254000,-254000
051843,聯發科富邦99購01,0,0,0,0,0,0,0,0,0,-255000,0,0,0,216000,471000,-255000,-255000
055120,南港兆豐97購01  ,0,0,0,0,0,0,0,0,0,-255000,0,0,0,118000,373000,-255000,-255000
049848,聯發科群益94購06,0,0,0,0,0,0,0,0,0,-256000,0,0,0,168000,424000,-256000,-256000
051106,華通統一95購02  ,0,0,0,0,0,0,0,0,0,-256000,0,0,0,172000,428000,-256000,-256000
054112,台積電麥證96購02,0,0,0,33000,290000,-257000,0,0,0,-257000,0,0,0,33000,290000,-257000,-257000
04313P,國巨元富95售03  ,0,0,0,0,0,0,0,0,0,-257000,0,0,0,50000,307000,-257000,-257000
04327P,台積電國泰95售01,0,0,0,0,0,0,0,0,0,-257000,0,0,0,3000,260000,-257000,-257000
050772,美食元大94購06  ,0,0,0,0,0,0,0,0,0,-257000,0,0,0,0,257000,-257000,-257000
050190,麗豐元大95購02  ,0,0,0,0,0,0,0,0,0,-257000,0,0,0,273000,530000,-257000,-257000
04536P,長榮航統一94售01,0,0,0,0,0,0,0,0,0,-258000,0,0,0,0,258000,-258000,-258000
051733,中環國票96購02  ,0,0,0,0,0,0,0,0,0,-258000,0,0,0,0,258000,-258000,-258000
3698,隆達            ,114000,210000,-96000,0,0,0,0,0,0,-162000,0,162000,-162000,0,0,0,-258000
054784,順德群益9A購01  ,0,0,0,0,0,0,0,0,0,-259000,0,0,0,13000,272000,-259000,-259000
053920,新光金國票98購01,0,0,0,0,0,0,0,0,0,-260000,0,0,0,0,260000,-260000,-260000
052069,聯茂兆豐96購01  ,0,0,0,0,0,0,0,0,0,-261000,0,0,0,257000,518000,-261000,-261000
054488,禾伸堂台新96購01,0,0,0,0,0,0,0,0,0,-263000,0,0,0,70000,333000,-263000,-263000
054672,華新科國泰99購01,0,0,0,0,0,0,0,0,0,-263000,0,0,0,38000,301000,-263000,-263000
00850,元大臺灣ESG永續 ,0,0,0,0,0,0,0,0,0,-263000,0,0,0,498000,761000,-263000,-263000
052450,嘉澤元大95購03  ,0,0,0,0,0,0,0,0,0,-263000,0,0,0,116000,379000,-263000,-263000
050029,美食元大94購04  ,0,0,0,0,0,0,0,0,0,-263000,0,0,0,5000,268000,-263000,-263000
054009,欣興元富96購03  ,0,0,0,0,0,0,0,0,0,-264000,0,0,0,27000,291000,-264000,-264000
051585,美食元大95購01  ,0,0,0,0,0,0,0,0,0,-264000,0,0,0,273000,537000,-264000,-264000
050947,聯發科群益95購01,0,0,0,0,0,0,0,0,0,-265000,0,0,0,12000,277000,-265000,-265000
055393,華新科統一97購03,0,0,0,0,0,0,0,0,0,-265000,0,0,0,0,265000,-265000,-265000
04194P,欣興永豐93售05  ,0,0,0,0,0,0,0,0,0,-266000,0,0,0,0,266000,-266000,-266000
049545,台積電群益94購09,0,0,0,0,0,0,0,0,0,-266000,0,0,0,137000,403000,-266000,-266000
048237,致茂國票94購01  ,0,0,0,0,0,0,0,0,0,-266000,0,0,0,238000,504000,-266000,-266000
055008,隆達元富97購01  ,0,0,0,0,0,0,0,0,0,-267000,0,0,0,41000,308000,-267000,-267000
04627P,聯發科元大94售08,0,0,0,0,0,0,0,0,0,-268000,0,0,0,0,268000,-268000,-268000
048668,奇力新永豐93購04,0,0,0,0,0,0,0,0,0,-268000,0,0,0,1000,269000,-268000,-268000
047136,潤泰全凱基94購01,0,0,0,0,0,0,0,0,0,-268000,0,0,0,0,268000,-268000,-268000
055171,凱美統一97購01  ,0,0,0,0,0,0,0,0,0,-268000,0,0,0,0,268000,-268000,-268000
055178,晶豪科統一97購01,0,0,0,0,0,0,0,0,0,-268000,0,0,0,159000,427000,-268000,-268000
052729,國巨國泰97購03  ,0,0,0,0,0,0,0,0,0,-269000,0,0,0,177000,446000,-269000,-269000
049032,百和群益94購04  ,0,0,0,0,0,0,0,0,0,-269000,0,0,0,241000,510000,-269000,-269000
03873P,智伸科群益93售03,0,0,0,0,0,0,0,0,0,-269000,0,0,0,22000,291000,-269000,-269000
05026P,貿聯群益95售01  ,0,0,0,0,0,0,0,0,0,-269000,0,0,0,6000,275000,-269000,-269000
1210,大成            ,273000,399000,-126000,0,0,0,0,55520,-55520,-88000,6000,94000,-88000,0,0,0,-269520
053973,晶豪科元大96購01,0,0,0,0,0,0,0,0,0,-270000,0,0,0,117000,387000,-270000,-270000
050874,康控永豐95購01  ,0,0,0,0,0,0,0,0,0,-270000,0,0,0,0,270000,-270000,-270000
05895P,奇力新群益96售03,0,0,0,0,0,0,0,0,0,-270000,0,0,0,5000,275000,-270000,-270000
8046,南電            ,1176000,1432000,-256000,0,0,0,190000,0,190000,-204000,250000,30000,220000,246000,670000,-424000,-270000
052586,晶豪科永豐96購01,0,0,0,0,0,0,0,0,0,-271000,0,0,0,89000,360000,-271000,-271000
047160,台郡國票94購01  ,0,0,0,0,0,0,0,0,0,-272000,0,0,0,243000,515000,-272000,-272000
051063,台郡群益95購01  ,0,0,0,0,0,0,0,0,0,-272000,0,0,0,373000,645000,-272000,-272000
053687,智邦元大96購02  ,0,0,0,0,0,0,0,0,0,-273000,0,0,0,71000,344000,-273000,-273000
055237,晶豪科台新97購01,0,0,0,0,0,0,0,0,0,-273000,0,0,0,2000,275000,-273000,-273000
054858,台肥群益97購01  ,0,0,0,0,0,0,0,0,0,-274000,0,0,0,0,274000,-274000,-274000
045056,欣興元富92購01  ,0,0,0,0,0,0,0,0,0,-274000,0,0,0,14000,288000,-274000,-274000
048287,嘉晶兆豐94購01  ,0,0,0,0,0,0,0,0,0,-274000,0,0,0,97000,371000,-274000,-274000
051891,智邦元富95購04  ,0,0,0,0,0,0,0,0,0,-274000,0,0,0,0,274000,-274000,-274000
051953,矽力元富95購03  ,0,0,0,0,0,0,0,0,0,-274000,0,0,0,708000,982000,-274000,-274000
05532P,臺股指群益96售05,0,0,0,0,0,0,0,0,0,-274000,0,0,0,50000,324000,-274000,-274000
3596,智易            ,279000,563000,-284000,0,0,0,0,0,0,10000,15000,22000,-7000,112000,95000,17000,-274000
044487,元油2X元大94購01,0,0,0,0,0,0,0,0,0,-275000,0,0,0,0,275000,-275000,-275000
047624,台達電國票93購01,0,0,0,0,0,0,0,0,0,-275000,0,0,0,0,275000,-275000,-275000
05580P,美律凱基96售03  ,0,0,0,0,0,0,0,0,0,-275000,0,0,0,20000,295000,-275000,-275000
054890,聯鈞統一99購01  ,0,0,0,0,0,0,0,0,0,-276000,0,0,0,247000,523000,-276000,-276000
045575,智邦元大92購06  ,0,0,0,0,0,0,0,0,0,-276000,0,0,0,0,276000,-276000,-276000
050074,訊芯凱基94購05  ,0,0,0,0,0,0,0,0,0,-276000,0,0,0,611000,887000,-276000,-276000
049924,欣興元大95購04  ,0,0,0,0,0,0,0,0,0,-278000,0,0,0,347000,625000,-278000,-278000
3406,玉晶光          ,418000,963000,-545000,0,0,0,3000,14000,-11000,278000,331000,58000,273000,12000,7000,5000,-278000
05401P,聯茂永豐95售03  ,0,0,0,0,0,0,0,0,0,-280000,0,0,0,0,280000,-280000,-280000
044764,聯茂凱基93購03  ,0,0,0,0,0,0,0,0,0,-280000,0,0,0,17000,297000,-280000,-280000
053650,華邦電凱基98購01,0,0,0,0,0,0,0,0,0,-281000,0,0,0,20000,301000,-281000,-281000
047941,義隆國票94購02  ,0,0,0,0,0,0,0,0,0,-281000,0,0,0,10000,291000,-281000,-281000
049198,聯鈞永豐94購01  ,0,0,0,0,0,0,0,0,0,-281000,0,0,0,41000,322000,-281000,-281000
054289,聯發科元大97購11,0,0,0,0,0,0,0,0,0,-282000,0,0,0,200000,482000,-282000,-282000
054701,宏全永豐97購01  ,0,0,0,0,0,0,0,0,0,-283000,0,0,0,142000,425000,-283000,-283000
048391,友訊國票94購01  ,0,0,0,0,0,0,0,0,0,-283000,0,0,0,70000,353000,-283000,-283000
2102,泰豐            ,31000,314000,-283000,0,0,0,0,0,0,0,0,0,0,0,0,0,-283000
054795,合勤控群益98購01,0,0,0,0,0,0,0,0,0,-284000,0,0,0,0,284000,-284000,-284000
053465,聯電元大96購05  ,0,0,0,0,0,0,0,0,0,-284000,0,0,0,53000,337000,-284000,-284000
051049,亞德客群益95購01,0,0,0,0,0,0,0,0,0,-284000,0,0,0,513000,797000,-284000,-284000
050834,啟碁凱基95購01  ,0,0,0,0,0,0,0,0,0,-284000,0,0,0,33000,317000,-284000,-284000
05199P,訊芯永豐95售02  ,0,0,0,0,0,0,0,0,0,-286000,0,0,0,23000,309000,-286000,-286000
052977,奇力新麥證97購01,0,0,0,18000,356000,-338000,0,0,0,-288000,0,0,0,68000,356000,-288000,-288000
054081,聯電元富96購01  ,0,0,0,0,0,0,0,0,0,-288000,0,0,0,31000,319000,-288000,-288000
06014P,聯發科富邦97售02,0,0,0,0,0,0,0,0,0,-288000,0,0,0,20000,308000,-288000,-288000
05718P,國巨元大96售09  ,0,0,0,0,0,0,0,0,0,-288000,0,0,0,340000,628000,-288000,-288000
054575,聯鈞元大97購01  ,0,0,0,0,0,0,0,0,0,-289000,0,0,0,296000,585000,-289000,-289000
048972,晶豪科元大94購01,0,0,0,0,0,0,0,0,0,-289000,0,0,0,51000,340000,-289000,-289000
055332,奇力新兆豐98購01,0,0,0,0,0,0,0,0,0,-289000,0,0,0,10000,299000,-289000,-289000
05414P,台表科國票96售02,0,0,0,0,0,0,0,0,0,-290000,0,0,0,0,290000,-290000,-290000
049076,佳世達凱基94購01,0,0,0,0,0,0,0,0,0,-290000,0,0,0,20000,310000,-290000,-290000
048857,晶豪科群益94購01,0,0,0,0,0,0,0,0,0,-290000,0,0,0,8000,298000,-290000,-290000
046722,智邦元大93購02  ,0,0,0,0,0,0,0,0,0,-290000,0,0,0,0,290000,-290000,-290000
052113,漢唐中信98購01  ,0,0,0,0,0,0,0,0,0,-291000,0,0,0,35000,326000,-291000,-291000
05397P,大立光凱基96售08,0,0,0,0,0,0,0,0,0,-292000,0,0,0,513000,805000,-292000,-292000
046333,康友元大92購05  ,0,0,0,0,0,0,0,0,0,-292000,0,0,0,62000,354000,-292000,-292000
2027,大成鋼          ,654000,296000,358000,0,0,0,0,0,0,-650000,0,34000,-34000,139000,755000,-616000,-292000
05437P,聯詠永豐95售02  ,0,0,0,0,0,0,0,0,0,-293000,0,0,0,59000,352000,-293000,-293000
03908P,致茂元大93售03  ,0,0,0,0,0,0,0,0,0,-293000,0,0,0,0,293000,-293000,-293000
06066P,群創台新98售01  ,0,0,0,0,0,0,0,0,0,-293000,0,0,0,257000,550000,-293000,-293000
052130,國巨凱基9B購01  ,0,0,0,0,0,0,0,0,0,-294000,0,0,0,218000,512000,-294000,-294000
054012,廣達永豐96購01  ,0,0,0,0,0,0,0,0,0,-295000,0,0,0,0,295000,-295000,-295000
053383,京元電元大97購01,0,0,0,0,0,0,0,0,0,-295000,0,0,0,62000,357000,-295000,-295000
05214P,台積電國票97售02,0,0,0,0,0,0,0,0,0,-297000,0,0,0,203000,500000,-297000,-297000
052597,茂林群益96購01  ,0,0,0,0,0,0,0,0,0,-297000,0,0,0,439000,736000,-297000,-297000
054337,智邦統一96購01  ,0,0,0,0,0,0,0,0,0,-299000,0,0,0,0,299000,-299000,-299000
054951,大毅元大97購01  ,0,0,0,0,0,0,0,0,0,-299000,0,0,0,230000,529000,-299000,-299000
051975,美食凱基95購02  ,0,0,0,0,0,0,0,0,0,-299000,0,0,0,66000,365000,-299000,-299000
051376,力山群益95購01  ,0,0,0,0,0,0,0,0,0,-299000,0,0,0,0,299000,-299000,-299000
051328,力山永豐95購01  ,0,0,0,0,0,0,0,0,0,-299000,0,0,0,0,299000,-299000,-299000
05363P,臺股指富邦95售03,0,0,0,0,0,0,0,0,0,-300000,0,0,0,0,300000,-300000,-300000
053800,華通凱基97購03  ,0,0,0,0,0,0,0,0,0,-300000,0,0,0,0,300000,-300000,-300000
053090,新唐元大96購01  ,0,0,0,0,0,0,0,0,0,-300000,0,0,0,67000,367000,-300000,-300000
043961,道瓊反國泰94購01,0,0,0,0,0,0,0,0,0,-300000,0,0,0,0,300000,-300000,-300000
045228,泰鼎元大93購01  ,0,0,0,0,0,0,0,0,0,-300000,0,0,0,0,300000,-300000,-300000
047148,和鑫群益93購01  ,0,0,0,0,0,0,0,0,0,-300000,0,0,0,100000,400000,-300000,-300000
04719P,台達電凱基94售09,0,0,0,0,0,0,0,0,0,-300000,0,0,0,0,300000,-300000,-300000
046690,元油2X凱基93購03,0,0,0,0,0,0,0,0,0,-300000,0,0,0,6000,306000,-300000,-300000
049190,元油2X永豐94購04,0,0,0,0,0,0,0,0,0,-300000,0,0,0,0,300000,-300000,-300000
04700P,臺股指元富94售06,0,0,0,0,0,0,0,0,0,-300000,0,0,0,0,300000,-300000,-300000
04796P,聯發科元大94售10,0,0,0,0,0,0,0,0,0,-300000,0,0,0,40000,340000,-300000,-300000
04858P,健策元富94售01  ,0,0,0,0,0,0,0,0,0,-300000,0,0,0,100000,400000,-300000,-300000
044426,欣興國泰93購02  ,0,0,0,0,0,0,0,0,0,-301000,0,0,0,697000,998000,-301000,-301000
04875P,台積電中信94售04,0,0,0,0,0,0,0,0,0,-301000,0,0,0,28000,329000,-301000,-301000
051234,南電群益95購02  ,0,0,0,0,0,0,0,0,0,-301000,0,0,0,127000,428000,-301000,-301000
050452,智原元大95購04  ,0,0,0,0,0,0,0,0,0,-301000,0,0,0,248000,549000,-301000,-301000
053045,國巨中信97購01  ,0,0,0,0,0,0,0,0,0,-302000,0,0,0,59000,361000,-302000,-302000
03557P,欣興元大02售17  ,0,0,0,0,0,0,0,0,0,-302000,0,0,0,0,302000,-302000,-302000
04117P,聯發科元大93售21,0,0,0,0,0,0,0,0,0,-302000,0,0,0,66000,368000,-302000,-302000
055125,智原兆豐97購01  ,0,0,0,0,0,0,0,0,0,-302000,0,0,0,36000,338000,-302000,-302000
052931,麗豐元大97購01  ,0,0,0,0,0,0,0,0,0,-303000,0,0,0,79000,382000,-303000,-303000
053568,智伸科富邦98購01,0,0,0,0,0,0,0,0,0,-304000,0,0,0,1173000,1477000,-304000,-304000
04550P,超眾元大94售01  ,0,0,0,0,0,0,0,0,0,-304000,0,0,0,70000,374000,-304000,-304000
044289,群創凱基93購04  ,0,0,0,0,0,0,0,0,0,-304000,0,0,0,168000,472000,-304000,-304000
1312,國喬            ,178000,454000,-276000,0,0,0,0,0,0,-28000,0,0,0,0,28000,-28000,-304000
2534,宏盛            ,67400,334000,-266600,0,0,0,0,0,0,-38000,0,0,0,0,38000,-38000,-304600
048117,南電群益93購02  ,0,0,0,0,0,0,0,0,0,-305000,0,0,0,125000,430000,-305000,-305000
048855,華新科群益94購02,0,0,0,0,0,0,0,0,0,-305000,0,0,0,101000,406000,-305000,-305000
049046,同欣電兆豐94購01,0,0,0,0,0,0,0,0,0,-308000,0,0,0,65000,373000,-308000,-308000
053371,滬深2X元大99購01,0,0,0,0,0,0,0,0,0,-309000,0,0,0,201000,510000,-309000,-309000
054739,義隆凱基98購02  ,0,0,0,0,0,0,0,0,0,-309000,0,0,0,10000,319000,-309000,-309000
044957,貿聯凱基92購01  ,0,0,0,0,0,0,0,0,0,-310000,0,0,0,40000,350000,-310000,-310000
047143,為升群益93購01  ,0,0,0,0,0,0,0,0,0,-310000,0,0,0,0,310000,-310000,-310000
051056,華新科群益95購03,0,0,0,0,0,0,0,0,0,-310000,0,0,0,1706000,2016000,-310000,-310000
051498,智易群益96購01  ,0,0,0,0,0,0,0,0,0,-310000,0,0,0,42000,352000,-310000,-310000
054535,旺宏富邦97購02  ,0,0,0,0,0,0,0,0,0,-311000,0,0,0,553000,864000,-311000,-311000
054561,奇力新群益97購03,0,0,0,0,0,0,0,0,0,-312000,0,0,0,221000,533000,-312000,-312000
049652,GIS凱基94購05   ,0,0,0,0,0,0,0,0,0,-312000,0,0,0,83000,395000,-312000,-312000
048131,全新國票94購02  ,0,0,0,0,0,0,0,0,0,-313000,0,0,0,0,313000,-313000,-313000
047983,宏達電群益93購04,0,0,0,0,0,0,0,0,0,-314000,0,0,0,0,314000,-314000,-314000
054389,為升元富96購02  ,0,0,0,0,0,0,0,0,0,-315000,0,0,0,46000,361000,-315000,-315000
04551P,台表科元大94售02,0,0,0,0,0,0,0,0,0,-315000,0,0,0,50000,365000,-315000,-315000
055415,禾伸堂富邦9B購01,0,0,0,0,0,0,0,0,0,-315000,0,0,0,233000,548000,-315000,-315000
054967,神達元大97購01  ,0,0,0,0,0,0,0,0,0,-316000,0,0,0,100000,416000,-316000,-316000
03029X,元展26          ,0,0,0,0,0,0,0,0,0,-316000,0,0,0,0,316000,-316000,-316000
046795,瀚宇博元富93購01,0,0,0,0,0,0,0,0,0,-317000,0,0,0,372000,689000,-317000,-317000
050988,廣達富邦95購01  ,0,0,0,0,0,0,0,0,0,-317000,0,0,0,37000,354000,-317000,-317000
055267,百和永豐97購01  ,0,0,0,0,0,0,0,0,0,-317000,0,0,0,232000,549000,-317000,-317000
3189,景碩            ,297000,506000,-209000,0,0,0,0,0,0,-108000,64000,50000,14000,31000,153000,-122000,-317000
051209,百和麥證95購01  ,0,0,0,80000,401000,-321000,0,0,0,-318000,0,0,0,83000,401000,-318000,-318000
047611,滬深2X群益93購02,0,0,0,0,0,0,0,0,0,-319000,0,0,0,180000,499000,-319000,-319000
052231,景碩凱基96購01  ,0,0,0,0,0,0,0,0,0,-319000,0,0,0,0,319000,-319000,-319000
048971,美食元大94購01  ,0,0,0,0,0,0,0,0,0,-320000,0,0,0,0,320000,-320000,-320000
1201,味全            ,71000,365000,-294000,0,0,0,0,0,0,-26000,0,0,0,5000,31000,-26000,-320000
054197,台積電永昌96購07,0,0,0,0,0,0,0,0,0,-321000,0,0,0,2485000,2806000,-321000,-321000
2357,華碩            ,513427,831000,-317573,0,0,0,0,6000,-6000,1000,0,4000,-4000,5000,0,5000,-322573
051130,百和群益96購01  ,0,0,0,0,0,0,0,0,0,-323000,0,0,0,159000,482000,-323000,-323000
055392,凱美統一97購03  ,0,0,0,0,0,0,0,0,0,-323000,0,0,0,50000,373000,-323000,-323000
055420,欣興永豐98購01  ,0,0,0,0,0,0,0,0,0,-323000,0,0,0,102000,425000,-323000,-323000
052091,緯創元大95購04  ,0,0,0,0,0,0,0,0,0,-324000,0,0,0,1000,325000,-324000,-324000
05499P,聯詠元富95售02  ,0,0,0,0,0,0,0,0,0,-327000,0,0,0,0,327000,-327000,-327000
050797,聯發科中信99購01,0,0,0,0,0,0,0,0,0,-327000,0,0,0,20000,347000,-327000,-327000
054648,智原群益98購01  ,0,0,0,0,0,0,0,0,0,-328000,0,0,0,65000,393000,-328000,-328000
054622,漢唐第一97購01  ,0,0,0,0,0,0,0,0,0,-328000,0,0,0,200000,528000,-328000,-328000
3056,總太            ,11000,339000,-328000,0,0,0,0,0,0,0,0,0,0,0,0,0,-328000
054877,百和群益98購01  ,0,0,0,0,0,0,0,0,0,-329000,0,0,0,131000,460000,-329000,-329000
054006,智易統一97購01  ,0,0,0,0,0,0,0,0,0,-329000,0,0,0,9000,338000,-329000,-329000
041409,創意中信93購01  ,0,0,0,0,0,0,0,0,0,-331000,0,0,0,568000,899000,-331000,-331000
051836,華通國泰95購02  ,0,0,0,0,0,0,0,0,0,-331000,0,0,0,26000,357000,-331000,-331000
053514,麗豐群益96購01  ,0,0,0,0,0,0,0,0,0,-332000,0,0,0,22000,354000,-332000,-332000
049027,智易群益94購02  ,0,0,0,0,0,0,0,0,0,-332000,0,0,0,0,332000,-332000,-332000
050614,聯發科元大95購04,0,0,0,0,0,0,0,0,0,-334000,0,0,0,50000,384000,-334000,-334000
08484P,台灣50中信96售01,0,0,0,0,0,0,0,0,0,-334000,0,0,0,325000,659000,-334000,-334000
049114,玉晶光統一94購02,0,0,0,0,0,0,0,0,0,-335000,0,0,0,249000,584000,-335000,-335000
050100,台積電永昌96購02,0,0,0,0,0,0,0,0,0,-336000,0,0,0,408000,744000,-336000,-336000
054477,聯發科中信9C購02,0,0,0,0,0,0,0,0,0,-337000,0,0,0,41000,378000,-337000,-337000
1527,鑽全            ,212000,545000,-333000,0,0,0,0,0,0,-4000,0,4000,-4000,0,0,0,-337000
3042,晶技            ,937000,1534000,-597000,0,0,0,0,50000,-50000,310000,114000,0,114000,242000,46000,196000,-337000
048901,矽格國泰95購01  ,0,0,0,0,0,0,0,0,0,-339000,0,0,0,90000,429000,-339000,-339000
047394,合勤控元大93購02,0,0,0,0,0,0,0,0,0,-339000,0,0,0,0,339000,-339000,-339000
05055P,台表科群益95售01,0,0,0,0,0,0,0,0,0,-339000,0,0,0,0,339000,-339000,-339000
054952,大毅元大97購02  ,0,0,0,0,0,0,0,0,0,-341000,0,0,0,295000,636000,-341000,-341000
047324,康普元大93購01  ,0,0,0,0,0,0,0,0,0,-341000,0,0,0,0,341000,-341000,-341000
049805,美食元大94購02  ,0,0,0,0,0,0,0,0,0,-341000,0,0,0,0,341000,-341000,-341000
049973,T50反1日盛9A購01,0,0,0,0,0,0,0,0,0,-342000,0,0,0,0,342000,-342000,-342000
052914,奇力新元富96購01,0,0,0,0,0,0,0,0,0,-344000,0,0,0,89000,433000,-344000,-344000
046730,瀚宇博元大93購02,0,0,0,0,0,0,0,0,0,-344000,0,0,0,2000,346000,-344000,-344000
05656P,台表科統一96售01,0,0,0,0,0,0,0,0,0,-344000,0,0,0,41000,385000,-344000,-344000
05304P,國巨國泰97售02  ,0,0,0,0,0,0,0,0,0,-345000,0,0,0,117000,462000,-345000,-345000
053187,國巨統一96購05  ,0,0,0,0,0,0,0,0,0,-345000,0,0,0,29000,374000,-345000,-345000
05682P,大立光元大98售03,0,0,0,0,0,0,0,0,0,-345000,0,0,0,110000,455000,-345000,-345000
055292,聯鈞元大97購02  ,0,0,0,0,0,0,0,0,0,-345000,0,0,0,144000,489000,-345000,-345000
054843,中環兆豐97購01  ,0,0,0,0,0,0,0,0,0,-346000,0,0,0,46000,392000,-346000,-346000
054833,京鼎中信97購01  ,0,0,0,0,0,0,0,0,0,-347000,0,0,0,549000,896000,-347000,-347000
051212,國巨統一95購01  ,0,0,0,0,0,0,0,0,0,-347000,0,0,0,45000,392000,-347000,-347000
3665,貿聯-KY         ,499000,827618,-328618,0,0,0,13000,45000,-32000,13000,87000,34000,53000,32000,72000,-40000,-347618
054338,全新統一96購01  ,0,0,0,0,0,0,0,0,0,-350000,0,0,0,162000,512000,-350000,-350000
04185P,欣興統一93售05  ,0,0,0,0,0,0,0,0,0,-350000,0,0,0,128000,478000,-350000,-350000
047072,義隆兆豐94購01  ,0,0,0,0,0,0,0,0,0,-350000,0,0,0,12000,362000,-350000,-350000
049957,智邦統一94購01  ,0,0,0,0,0,0,0,0,0,-350000,0,0,0,0,350000,-350000,-350000
049625,智易群益95購01  ,0,0,0,0,0,0,0,0,0,-350000,0,0,0,9000,359000,-350000,-350000
05267P,欣興元大95售08  ,0,0,0,0,0,0,0,0,0,-351000,0,0,0,120000,471000,-351000,-351000
048279,聯鈞永豐93購01  ,0,0,0,0,0,0,0,0,0,-351000,0,0,0,39000,390000,-351000,-351000
051723,嘉澤永豐95購01  ,0,0,0,0,0,0,0,0,0,-351000,0,0,0,18000,369000,-351000,-351000
052711,滬深2X凱基97購01,0,0,0,0,0,0,0,0,0,-352000,0,0,0,0,352000,-352000,-352000
052124,京鼎國票95購01  ,0,0,0,0,0,0,0,0,0,-352000,0,0,0,78000,430000,-352000,-352000
054988,凱美元富97購02  ,0,0,0,0,0,0,0,0,0,-353000,0,0,0,0,353000,-353000,-353000
03840P,台積電統一99售02,0,0,0,0,0,0,0,0,0,-353000,0,0,0,101000,454000,-353000,-353000
05119P,聯發科國泰96售02,0,0,0,0,0,0,0,0,0,-353000,0,0,0,167000,520000,-353000,-353000
050938,智原國票96購01  ,0,0,0,0,0,0,0,0,0,-353000,0,0,0,50000,403000,-353000,-353000
054631,台郡凱基98購02  ,0,0,0,0,0,0,0,0,0,-354000,0,0,0,10000,364000,-354000,-354000
053180,同欣電統一96購01,0,0,0,0,0,0,0,0,0,-354000,0,0,0,45000,399000,-354000,-354000
042191,元油2X富邦93購01,0,0,0,0,0,0,0,0,0,-354000,0,0,0,6000,360000,-354000,-354000
047868,欣興永豐93購04  ,0,0,0,0,0,0,0,0,0,-354000,0,0,0,0,354000,-354000,-354000
050149,東元群益94購01  ,0,0,0,0,0,0,0,0,0,-354000,0,0,0,2000,356000,-354000,-354000
052324,康友元大96購02  ,0,0,0,0,0,0,0,0,0,-354000,0,0,0,329000,683000,-354000,-354000
053959,晶豪科永豐96購02,0,0,0,0,0,0,0,0,0,-355000,0,0,0,52000,407000,-355000,-355000
046745,國喬凱基93購01  ,0,0,0,0,0,0,0,0,0,-355000,0,0,0,256000,611000,-355000,-355000
055045,台肥永豐97購01  ,0,0,0,0,0,0,0,0,0,-356000,0,0,0,0,356000,-356000,-356000
03673P,康控元富92售02  ,0,0,0,0,0,0,0,0,0,-357000,0,0,0,0,357000,-357000,-357000
04831P,聯詠富邦96售01  ,0,0,0,0,0,0,0,0,0,-358000,0,0,0,2000,360000,-358000,-358000
053722,新光金凱基9C購01,0,0,0,0,0,0,0,0,0,-359000,0,0,0,91000,450000,-359000,-359000
050397,力成元富94購01  ,0,0,0,0,0,0,0,0,0,-359000,0,0,0,375000,734000,-359000,-359000
050806,華新科日盛95購01,0,0,0,0,0,0,0,0,0,-359000,0,0,0,201000,560000,-359000,-359000
05940P,聯發科凱基96售21,0,0,0,0,0,0,0,0,0,-359000,0,0,0,200000,559000,-359000,-359000
05680P,聯發科元大96售12,0,0,0,0,0,0,0,0,0,-360000,0,0,0,33000,393000,-360000,-360000
2809,京城銀          ,331000,692000,-361000,0,0,0,0,0,0,0,0,0,0,0,0,0,-361000
049026,晶相光群益94購01,0,0,0,0,0,0,0,0,0,-362000,0,0,0,185000,547000,-362000,-362000
051397,聯茂兆豐95購03  ,0,0,0,0,0,0,0,0,0,-364000,0,0,0,230000,594000,-364000,-364000
051543,鈺齊國票96購01  ,0,0,0,0,0,0,0,0,0,-364000,0,0,0,36000,400000,-364000,-364000
2474,可成            ,1598086,1790800,-192714,0,0,0,0,0,0,-173000,2000,1000,1000,28000,202000,-174000,-365714
053168,晶技群益98購01  ,0,0,0,0,0,0,0,0,0,-366000,0,0,0,6000,372000,-366000,-366000
054711,禾伸堂元富97購01,0,0,0,0,0,0,0,0,0,-366000,0,0,0,0,366000,-366000,-366000
053263,華邦電群益96購03,0,0,0,0,0,0,0,0,0,-367000,0,0,0,11000,378000,-367000,-367000
053659,智原凱基97購01  ,0,0,0,0,0,0,0,0,0,-367000,0,0,0,178000,545000,-367000,-367000
048486,傳奇國泰95購01  ,0,0,0,0,0,0,0,0,0,-370000,0,0,0,0,370000,-370000,-370000
051889,智邦元富95購02  ,0,0,0,0,0,0,0,0,0,-371000,0,0,0,120000,491000,-371000,-371000
4967,十銓            ,46000,410000,-364000,0,0,0,0,0,0,-8000,0,8000,-8000,0,0,0,-372000
03413B,臺股指凱基94熊19,0,0,0,0,0,0,0,0,0,-373000,0,0,0,321000,694000,-373000,-373000
054906,神達康和97購01  ,0,0,0,0,0,0,0,0,0,-374000,0,0,0,0,374000,-374000,-374000
05491P,茂林元大95售04  ,0,0,0,0,0,0,0,0,0,-375000,0,0,0,760000,1135000,-375000,-375000
04019P,聯茂永豐93售01  ,0,0,0,0,0,0,0,0,0,-375000,0,0,0,0,375000,-375000,-375000
04289P,臺股指中信95售07,0,0,0,0,0,0,0,0,0,-375000,0,0,0,0,375000,-375000,-375000
04930P,國巨統一94售08  ,0,0,0,0,0,0,0,0,0,-375000,0,0,0,40000,415000,-375000,-375000
3653,健策            ,234000,360000,-126000,0,0,0,0,192000,-192000,-59000,23000,35000,-12000,67000,114000,-47000,-377000
053593,晶技元大98購01  ,0,0,0,0,0,0,0,0,0,-378000,0,0,0,25000,403000,-378000,-378000
04626P,聯發科元大94售07,0,0,0,0,0,0,0,0,0,-378000,0,0,0,20000,398000,-378000,-378000
5522,遠雄            ,79000,670000,-591000,0,0,0,138000,0,138000,74000,75000,1000,74000,0,0,0,-379000
05633P,台表科群益96售04,0,0,0,0,0,0,0,0,0,-380000,0,0,0,42000,422000,-380000,-380000
053238,麗豐永豐96購01  ,0,0,0,0,0,0,0,0,0,-382000,0,0,0,80000,462000,-382000,-382000
048805,瀚宇博富邦95購01,0,0,0,0,0,0,0,0,0,-382000,0,0,0,109000,491000,-382000,-382000
052935,康友元大96購03  ,0,0,0,0,0,0,0,0,0,-383000,0,0,0,355000,738000,-383000,-383000
054558,劍麟群益99購01  ,0,0,0,0,0,0,0,0,0,-383000,0,0,0,18000,401000,-383000,-383000
052093,麗豐元大96購04  ,0,0,0,0,0,0,0,0,0,-383000,0,0,0,5000,388000,-383000,-383000
04848P,康控凱基94售02  ,0,0,0,0,0,0,0,0,0,-384000,0,0,0,0,384000,-384000,-384000
048224,聯發科凱基93購31,0,0,0,0,0,0,0,0,0,-385000,0,0,0,219000,604000,-385000,-385000
052942,聯發科中信97購04,0,0,0,0,0,0,0,0,0,-386000,0,0,0,333000,719000,-386000,-386000
053483,嘉澤第一96購01  ,0,0,0,0,0,0,0,0,0,-386000,0,0,0,7000,393000,-386000,-386000
054117,宏全康和96購01  ,0,0,0,0,0,0,0,0,0,-387000,0,0,0,20000,407000,-387000,-387000
049575,美食康和94購02  ,0,0,0,0,0,0,0,0,0,-388000,0,0,0,0,388000,-388000,-388000
052494,百和中信95購02  ,0,0,0,0,0,0,0,0,0,-388000,0,0,0,47000,435000,-388000,-388000
4927,泰鼎-KY         ,336000,473000,-137000,0,0,0,0,0,0,-254000,34000,42000,-8000,0,246000,-246000,-391000
053983,樺漢元大97購02  ,0,0,0,0,0,0,0,0,0,-392000,0,0,0,254000,646000,-392000,-392000
051228,聯發科群益95購03,0,0,0,0,0,0,0,0,0,-393000,0,0,0,11000,404000,-393000,-393000
054647,禾伸堂群益99購01,0,0,0,0,0,0,0,0,0,-394000,0,0,0,35000,429000,-394000,-394000
048381,T50反1國票94購03,0,0,0,0,0,0,0,0,0,-394000,0,0,0,16000,410000,-394000,-394000
052996,聯電康和96購01  ,0,0,0,0,0,0,0,0,0,-395000,0,0,0,0,395000,-395000,-395000
05005P,台表科統一95售01,0,0,0,0,0,0,0,0,0,-395000,0,0,0,110000,505000,-395000,-395000
048705,GIS國票95購01   ,0,0,0,0,0,0,0,0,0,-397000,0,0,0,53000,450000,-397000,-397000
055140,晶相光永豐97購01,0,0,0,0,0,0,0,0,0,-397000,0,0,0,0,397000,-397000,-397000
046084,美利達凱基92購02,0,0,0,0,0,0,0,0,0,-398000,0,0,0,0,398000,-398000,-398000
048075,美利達元富93購02,0,0,0,0,0,0,0,0,0,-398000,0,0,0,0,398000,-398000,-398000
052738,聯電元大98購02  ,0,0,0,0,0,0,0,0,0,-400000,0,0,0,6000,406000,-400000,-400000
054543,元金2X中信01購01,0,0,0,0,0,0,0,0,0,-400000,0,0,0,350000,750000,-400000,-400000
04214P,美利達凱基93售04,0,0,0,0,0,0,0,0,0,-400000,0,0,0,0,400000,-400000,-400000
03154P,華新科群益01售07,0,0,0,0,0,0,0,0,0,-400000,0,0,0,0,400000,-400000,-400000
050265,美食元大94購05  ,0,0,0,0,0,0,0,0,0,-400000,0,0,0,5000,405000,-400000,-400000
050663,麗豐元大96購03  ,0,0,0,0,0,0,0,0,0,-400000,0,0,0,127000,527000,-400000,-400000
08506P,台灣50中信96售02,0,0,0,0,0,0,0,0,0,-400000,0,0,0,0,400000,-400000,-400000
052480,麗豐群益95購01  ,0,0,0,0,0,0,0,0,0,-401000,0,0,0,2000,403000,-401000,-401000
2402,毅嘉            ,48000,449000,-401000,0,0,0,0,0,0,0,0,0,0,0,0,0,-401000
051996,康友元大95購01  ,0,0,0,0,0,0,0,0,0,-404000,0,0,0,98000,502000,-404000,-404000
052852,國巨元富96購02  ,0,0,0,0,0,0,0,0,0,-405000,0,0,0,526000,931000,-405000,-405000
04051P,友達中信94售02  ,0,0,0,0,0,0,0,0,0,-405000,0,0,0,0,405000,-405000,-405000
05813P,臺股指國票96售06,0,0,0,0,0,0,0,0,0,-405000,0,0,0,0,405000,-405000,-405000
6120,達運            ,173000,575000,-402000,0,0,0,0,0,0,-4000,0,1000,-1000,0,3000,-3000,-406000
055659,百和元富97購01  ,0,0,0,0,0,0,0,0,0,-408000,0,0,0,0,408000,-408000,-408000
054545,奇力新中信98購01,0,0,0,0,0,0,0,0,0,-409000,0,0,0,212000,621000,-409000,-409000
051691,台表科凱基95購01,0,0,0,0,0,0,0,0,0,-409000,0,0,0,47000,456000,-409000,-409000
054983,國巨元富97購04  ,0,0,0,0,0,0,0,0,0,-410000,0,0,0,46000,456000,-410000,-410000
047370,聯發科國票93購03,0,0,0,0,0,0,0,0,0,-410000,0,0,0,69000,479000,-410000,-410000
048357,漢唐永豐93購04  ,0,0,0,0,0,0,0,0,0,-411000,0,0,0,75000,486000,-411000,-411000
051530,鴻海國票97購01  ,0,0,0,0,0,0,0,0,0,-411000,0,0,0,80000,491000,-411000,-411000
06056P,台積電凱基98售02,0,0,0,0,0,0,0,0,0,-411000,0,0,0,0,411000,-411000,-411000
055058,大毅永豐97購01  ,0,0,0,0,0,0,0,0,0,-412000,0,0,0,0,412000,-412000,-412000
052847,漢唐統一99購01  ,0,0,0,0,0,0,0,0,0,-412000,0,0,0,249000,661000,-412000,-412000
049787,麗豐兆豐94購01  ,0,0,0,0,0,0,0,0,0,-412000,0,0,0,200000,612000,-412000,-412000
047750,開發金元富93購01,0,0,0,0,0,0,0,0,0,-412000,0,0,0,175000,587000,-412000,-412000
1710,東聯            ,169000,580000,-411000,0,0,0,0,0,0,-1000,0,1000,-1000,0,0,0,-412000
051611,鈺齊群益95購02  ,0,0,0,0,0,0,0,0,0,-413000,0,0,0,63000,476000,-413000,-413000
051827,智邦元大95購04  ,0,0,0,0,0,0,0,0,0,-413000,0,0,0,120000,533000,-413000,-413000
047514,亞光國票94購01  ,0,0,0,0,0,0,0,0,0,-415000,0,0,0,110000,525000,-415000,-415000
048512,全新凱基93購04  ,0,0,0,0,0,0,0,0,0,-415000,0,0,0,0,415000,-415000,-415000
050633,義隆群益96購02  ,0,0,0,0,0,0,0,0,0,-416000,0,0,0,10000,426000,-416000,-416000
3518,柏騰            ,144000,513000,-369000,0,0,0,0,0,0,-47000,0,47000,-47000,0,0,0,-416000
04947P,聯詠元大94售05  ,0,0,0,0,0,0,0,0,0,-417000,0,0,0,0,417000,-417000,-417000
054572,國巨元大98購03  ,0,0,0,0,0,0,0,0,0,-418000,0,0,0,65000,483000,-418000,-418000
054645,奇力新群益97購04,0,0,0,0,0,0,0,0,0,-421000,0,0,0,18000,439000,-421000,-421000
053317,友達群益9A購02  ,0,0,0,0,0,0,0,0,0,-421000,0,0,0,141000,562000,-421000,-421000
050027,義隆元大94購03  ,0,0,0,0,0,0,0,0,0,-422000,0,0,0,370000,792000,-422000,-422000
051114,鈺齊中信95購01  ,0,0,0,0,0,0,0,0,0,-422000,0,0,0,136000,558000,-422000,-422000
049620,美食群益94購01  ,0,0,0,0,0,0,0,0,0,-423000,0,0,0,0,423000,-423000,-423000
05679P,台表科群益96售05,0,0,0,0,0,0,0,0,0,-424000,0,0,0,110000,534000,-424000,-424000
054427,潤泰全富邦97購01,0,0,0,0,0,0,0,0,0,-425000,0,0,0,0,425000,-425000,-425000
051391,聯發科兆豐95購02,0,0,0,0,0,0,0,0,0,-426000,0,0,0,0,426000,-426000,-426000
052193,國巨元富95購06  ,0,0,0,0,0,0,0,0,0,-428000,0,0,0,31000,459000,-428000,-428000
03605P,美利達統一92售01,0,0,0,0,0,0,0,0,0,-429000,0,0,0,111000,540000,-429000,-429000
046369,同欣電日盛92購01,0,0,0,0,0,0,0,0,0,-429000,0,0,0,0,429000,-429000,-429000
052512,全新凱基96購03  ,0,0,0,0,0,0,0,0,0,-429000,0,0,0,0,429000,-429000,-429000
05473P,聯詠統一97售02  ,0,0,0,0,0,0,0,0,0,-430000,0,0,0,0,430000,-430000,-430000
049737,美食群益94購03  ,0,0,0,0,0,0,0,0,0,-430000,0,0,0,29000,459000,-430000,-430000
048628,T50反1元大96購03,0,0,0,0,0,0,0,0,0,-430000,0,0,0,0,430000,-430000,-430000
055172,凱美統一97購02  ,0,0,0,0,0,0,0,0,0,-430000,0,0,0,50000,480000,-430000,-430000
052532,台積電國泰96購07,0,0,0,0,0,0,0,0,0,-433000,0,0,0,17000,450000,-433000,-433000
04193P,智原永豐93售01  ,0,0,0,0,0,0,0,0,0,-434000,0,0,0,0,434000,-434000,-434000
04795P,聯發科元大94售09,0,0,0,0,0,0,0,0,0,-434000,0,0,0,0,434000,-434000,-434000
046999,康控富邦99購01  ,0,0,0,0,0,0,0,0,0,-435000,0,0,0,90000,525000,-435000,-435000
050865,欣興永豐95購01  ,0,0,0,0,0,0,0,0,0,-435000,0,0,0,98000,533000,-435000,-435000
03801P,智伸科元大93售02,0,0,0,0,0,0,0,0,0,-436000,0,0,0,2000,438000,-436000,-436000
053068,智伸科群益96購01,0,0,0,0,0,0,0,0,0,-438000,0,0,0,300000,738000,-438000,-438000
05203P,華新科元大95售10,0,0,0,0,0,0,0,0,0,-438000,0,0,0,27000,465000,-438000,-438000
055198,奇力新第一97購01,0,0,0,0,0,0,0,0,0,-441000,0,0,0,189000,630000,-441000,-441000
051639,康友國票96購02  ,0,0,0,0,0,0,0,0,0,-442000,0,0,0,30000,472000,-442000,-442000
05523P,聯發科國票96售04,0,0,0,0,0,0,0,0,0,-442000,0,0,0,8000,450000,-442000,-442000
03869P,和大群益93售02  ,0,0,0,0,0,0,0,0,0,-444000,0,0,0,4000,448000,-444000,-444000
049300,南電群益94購01  ,0,0,0,0,0,0,0,0,0,-444000,0,0,0,158000,602000,-444000,-444000
053912,T50反1國票97購02,0,0,0,0,0,0,0,0,0,-445000,0,0,0,0,445000,-445000,-445000
9935,慶豐富          ,266000,726000,-460000,0,0,0,0,0,0,14000,0,0,0,14000,0,14000,-446000
04526P,美律凱基94售03  ,0,0,0,0,0,0,0,0,0,-448000,0,0,0,0,448000,-448000,-448000
03177P,國巨群益01售12  ,0,0,0,0,0,0,0,0,0,-450000,0,0,0,0,450000,-450000,-450000
3026,禾伸堂          ,474000,1207000,-733000,0,0,0,0,0,0,282000,3000,1000,2000,290000,10000,280000,-451000
9921,巨大            ,839702,1297436,-457734,0,0,0,0,0,0,5000,2000,0,2000,3000,0,3000,-452734
049853,上海銀群益94購02,0,0,0,0,0,0,0,0,0,-453000,0,0,0,78000,531000,-453000,-453000
053137,旺宏富邦98購01  ,0,0,0,0,0,0,0,0,0,-455000,0,0,0,15000,470000,-455000,-455000
054403,同欣電永豐96購02,0,0,0,0,0,0,0,0,0,-457000,0,0,0,0,457000,-457000,-457000
051367,可成富邦97購01  ,0,0,0,0,0,0,0,0,0,-458000,0,0,0,1000,459000,-458000,-458000
04219P,鴻海兆豐93售02  ,0,0,0,0,0,0,0,0,0,-459000,0,0,0,0,459000,-459000,-459000
050757,聯發科元富94購03,0,0,0,0,0,0,0,0,0,-459000,0,0,0,50000,509000,-459000,-459000
048052,力成中信93購01  ,0,0,0,0,0,0,0,0,0,-463000,0,0,0,30000,493000,-463000,-463000
044592,元油2X國票93購02,0,0,0,0,0,0,0,0,0,-464000,0,0,0,2000,466000,-464000,-464000
054671,國巨國泰98購01  ,0,0,0,0,0,0,0,0,0,-467000,0,0,0,17000,484000,-467000,-467000
03102P,臺股指凱基03售08,0,0,0,0,0,0,0,0,0,-468000,0,0,0,0,468000,-468000,-468000
05828P,台積電統一97售02,0,0,0,0,0,0,0,0,0,-468000,0,0,0,184000,652000,-468000,-468000
5269,祥碩            ,238000,631000,-393000,0,0,0,25000,84000,-59000,-17000,11000,3000,8000,0,25000,-25000,-469000
047802,滬深2X凱基95購03,0,0,0,0,0,0,0,0,0,-470000,0,0,0,535000,1005000,-470000,-470000
053510,聯電群益97購01  ,0,0,0,0,0,0,0,0,0,-471000,0,0,0,32000,503000,-471000,-471000
044464,滬深2X群益95購01,0,0,0,0,0,0,0,0,0,-473000,0,0,0,667000,1140000,-473000,-473000
051511,鈺齊中信97購01  ,0,0,0,0,0,0,0,0,0,-474000,0,0,0,75000,549000,-474000,-474000
04001P,聯發科凱基93售15,0,0,0,0,0,0,0,0,0,-475000,0,0,0,0,475000,-475000,-475000
053943,元油反富邦97購03,0,0,0,0,0,0,0,0,0,-476000,0,0,0,0,476000,-476000,-476000
042805,智邦統一93購01  ,0,0,0,0,0,0,0,0,0,-481000,0,0,0,0,481000,-481000,-481000
04166P,美利達元富93售03,0,0,0,0,0,0,0,0,0,-481000,0,0,0,499000,980000,-481000,-481000
051466,玉晶光富邦97購01,0,0,0,0,0,0,0,0,0,-481000,0,0,0,0,481000,-481000,-481000
05053P,新日興群益95售01,0,0,0,0,0,0,0,0,0,-482000,0,0,0,35000,517000,-482000,-482000
06069P,台積電永豐97售01,0,0,0,0,0,0,0,0,0,-482000,0,0,0,536000,1018000,-482000,-482000
05960P,欣興統一96售01  ,0,0,0,0,0,0,0,0,0,-482000,0,0,0,4000,486000,-482000,-482000
050639,GIS國票96購01   ,0,0,0,0,0,0,0,0,0,-486000,0,0,0,105000,591000,-486000,-486000
2615,萬海            ,105000,470962,-365962,0,0,0,0,0,0,-121000,0,121000,-121000,0,0,0,-486962
053604,臺股指元大96購21,0,0,0,0,0,0,0,0,0,-487000,0,0,0,0,487000,-487000,-487000
053287,臺股指元大96購15,0,0,0,0,0,0,0,0,0,-490000,0,0,0,0,490000,-490000,-490000
052381,臺股指元大95購22,0,0,0,0,0,0,0,0,0,-490000,0,0,0,0,490000,-490000,-490000
054886,大毅統一97購01  ,0,0,0,0,0,0,0,0,0,-491000,0,0,0,183000,674000,-491000,-491000
048956,美食康和94購01  ,0,0,0,0,0,0,0,0,0,-492000,0,0,0,0,492000,-492000,-492000
6230,超眾            ,236000,304000,-68000,0,0,0,206000,619000,-413000,-12000,13000,12000,1000,21000,34000,-13000,-493000
055256,日電貿統一99購01,0,0,0,0,0,0,0,0,0,-493000,0,0,0,0,493000,-493000,-493000
053517,崇越群益97購01  ,0,0,0,0,0,0,0,0,0,-494000,0,0,0,1000,495000,-494000,-494000
051380,禾伸堂群益95購01,0,0,0,0,0,0,0,0,0,-494000,0,0,0,65000,559000,-494000,-494000
052382,臺股指元大95購23,0,0,0,0,0,0,0,0,0,-495000,0,0,0,0,495000,-495000,-495000
053289,臺股指元大96購17,0,0,0,0,0,0,0,0,0,-496000,0,0,0,0,496000,-496000,-496000
048294,智原群益93購02  ,0,0,0,0,0,0,0,0,0,-496000,0,0,0,15000,511000,-496000,-496000
044971,元油2X國票92購02,0,0,0,0,0,0,0,0,0,-498000,0,0,0,0,498000,-498000,-498000
054218,S&P反1統一98購02,0,0,0,0,0,0,0,0,0,-499000,0,0,0,0,499000,-499000,-499000
03438P,群創群益98售03  ,0,0,0,0,0,0,0,0,0,-499000,0,0,0,0,499000,-499000,-499000
045005,上銀元大92購05  ,0,0,0,0,0,0,0,0,0,-499000,0,0,0,0,499000,-499000,-499000
05294P,亞光凱基95售02  ,0,0,0,0,0,0,0,0,0,-500000,0,0,0,0,500000,-500000,-500000
054046,義隆元大96購02  ,0,0,0,0,0,0,0,0,0,-501000,0,0,0,283000,784000,-501000,-501000
055245,凱美統一99購01  ,0,0,0,0,0,0,0,0,0,-501000,0,0,0,33000,534000,-501000,-501000
05072P,聯電元富95售02  ,0,0,0,0,0,0,0,0,0,-504000,0,0,0,0,504000,-504000,-504000
046919,大毅永豐93購01  ,0,0,0,0,0,0,0,0,0,-506000,0,0,0,128000,634000,-506000,-506000
2606,裕民            ,125000,633000,-508000,0,0,0,0,0,0,2000,4000,0,4000,0,2000,-2000,-506000
2449,京元電子        ,2747000,2260000,487000,0,0,0,0,1168000,-1168000,174000,52000,50000,2000,317000,145000,172000,-507000
051127,同欣電群益95購01,0,0,0,0,0,0,0,0,0,-508000,0,0,0,104000,612000,-508000,-508000
053161,康友元大96購04  ,0,0,0,0,0,0,0,0,0,-510000,0,0,0,216000,726000,-510000,-510000
05361P,聯發科富邦97售01,0,0,0,0,0,0,0,0,0,-511000,0,0,0,5000,516000,-511000,-511000
053610,矽力中信98購01  ,0,0,0,0,0,0,0,0,0,-513000,0,0,0,84000,597000,-513000,-513000
049201,劍麟群益94購01  ,0,0,0,0,0,0,0,0,0,-513000,0,0,0,0,513000,-513000,-513000
052179,康友元大95購03  ,0,0,0,0,0,0,0,0,0,-513000,0,0,0,436000,949000,-513000,-513000
055446,奇力新統一9A購01,0,0,0,0,0,0,0,0,0,-513000,0,0,0,49000,562000,-513000,-513000
053262,華邦電群益96購02,0,0,0,0,0,0,0,0,0,-515000,0,0,0,139000,654000,-515000,-515000
045872,元油2X元富98購03,0,0,0,0,0,0,0,0,0,-517000,0,0,0,19000,536000,-517000,-517000
03765P,大立光元富96售01,0,0,0,0,0,0,0,0,0,-517000,0,0,0,38000,555000,-517000,-517000
051437,百和元富95購02  ,0,0,0,0,0,0,0,0,0,-518000,0,0,0,333000,851000,-518000,-518000
047903,滬深2X元大96購01,0,0,0,0,0,0,0,0,0,-519000,0,0,0,169000,688000,-519000,-519000
052805,晶技元大97購01  ,0,0,0,0,0,0,0,0,0,-524000,0,0,0,179000,703000,-524000,-524000
03945P,欣興群益94售01  ,0,0,0,0,0,0,0,0,0,-526000,0,0,0,15000,541000,-526000,-526000
4943,康控-KY         ,151000,108000,43000,0,0,0,0,521000,-521000,-49000,53000,0,53000,13000,115000,-102000,-527000
049998,奇力新永豐94購03,0,0,0,0,0,0,0,0,0,-528000,0,0,0,30000,558000,-528000,-528000
049220,聯發科國票95購02,0,0,0,0,0,0,0,0,0,-529000,0,0,0,499000,1028000,-529000,-529000
046793,聯發科元富99購01,0,0,0,0,0,0,0,0,0,-529000,0,0,0,35000,564000,-529000,-529000
050062,聯發科凱基94購08,0,0,0,0,0,0,0,0,0,-529000,0,0,0,27000,556000,-529000,-529000
048315,聯發科凱基93購32,0,0,0,0,0,0,0,0,0,-533000,0,0,0,49000,582000,-533000,-533000
048031,全新凱基93購02  ,0,0,0,0,0,0,0,0,0,-534000,0,0,0,10000,544000,-534000,-534000
052498,台積電永豐95購06,0,0,0,0,0,0,0,0,0,-534000,0,0,0,35000,569000,-534000,-534000
05130P,聯發科統一95售03,0,0,0,0,0,0,0,0,0,-540000,0,0,0,250000,790000,-540000,-540000
2329,華泰            ,215000,270000,-55000,0,0,0,0,0,0,-486000,0,0,0,28000,514000,-486000,-541000
9934,成霖            ,58000,600000,-542000,0,0,0,0,0,0,0,0,0,0,0,0,0,-542000
055129,鈺齊兆豐97購01  ,0,0,0,0,0,0,0,0,0,-545000,0,0,0,119000,664000,-545000,-545000
055183,聯鈞統一97購01  ,0,0,0,0,0,0,0,0,0,-548000,0,0,0,70000,618000,-548000,-548000
049910,智邦元大94購04  ,0,0,0,0,0,0,0,0,0,-549000,0,0,0,0,549000,-549000,-549000
04014P,聯發科元大93售18,0,0,0,0,0,0,0,0,0,-552000,0,0,0,0,552000,-552000,-552000
04474P,聯發科元大94售03,0,0,0,0,0,0,0,0,0,-554000,0,0,0,30000,584000,-554000,-554000
049926,智易元大95購02  ,0,0,0,0,0,0,0,0,0,-554000,0,0,0,11000,565000,-554000,-554000
054827,宏全元大9A購01  ,0,0,0,0,0,0,0,0,0,-556000,0,0,0,60000,616000,-556000,-556000
2316,楠梓電          ,161000,535000,-374000,0,0,0,0,0,0,-182000,0,1000,-1000,23000,204000,-181000,-556000
03841P,聯發科統一93售02,0,0,0,0,0,0,0,0,0,-558000,0,0,0,0,558000,-558000,-558000
044715,康友中信91購01  ,0,0,0,0,0,0,0,0,0,-559000,0,0,0,90000,649000,-559000,-559000
045861,智邦統一93購02  ,0,0,0,0,0,0,0,0,0,-559000,0,0,0,131000,690000,-559000,-559000
047512,宏達電國票94購01,0,0,0,0,0,0,0,0,0,-563000,0,0,0,10000,573000,-563000,-563000
050488,美食元富94購02  ,0,0,0,0,0,0,0,0,0,-563000,0,0,0,0,563000,-563000,-563000
054394,奇力新永豐96購03,0,0,0,0,0,0,0,0,0,-564000,0,0,0,28000,592000,-564000,-564000
05826P,臺股指凱基96售23,0,0,0,0,0,0,0,0,0,-564000,0,0,0,184000,748000,-564000,-564000
054685,國巨永豐97購02  ,0,0,0,0,0,0,0,0,0,-569000,0,0,0,465000,1034000,-569000,-569000
051777,聯發科群益95購04,0,0,0,0,0,0,0,0,0,-570000,0,0,0,56000,626000,-570000,-570000
055637,亞德客元富97購01,0,0,0,0,0,0,0,0,0,-574000,0,0,0,0,574000,-574000,-574000
053001,力山永豐96購01  ,0,0,0,0,0,0,0,0,0,-575000,0,0,0,0,575000,-575000,-575000
053098,國巨元富96購04  ,0,0,0,0,0,0,0,0,0,-577000,0,0,0,52000,629000,-577000,-577000
3035,智原            ,414000,1421000,-1007000,0,0,0,435000,0,435000,-8000,92000,162000,-70000,252000,190000,62000,-580000
2605,新興            ,14000,445000,-431000,0,0,0,0,150000,-150000,0,0,0,0,0,0,0,-581000
2401,凌陽            ,234000,805000,-571000,0,0,0,0,0,0,-13000,3000,20000,-17000,4000,0,4000,-584000
3704,合勤控          ,142000,778000,-636000,0,0,0,0,0,0,46000,0,2000,-2000,49000,1000,48000,-590000
1310,台苯            ,90000,723000,-633000,0,0,0,42000,0,42000,0,0,0,0,0,0,0,-591000
2345,智邦            ,1102088,1704936,-602848,0,0,0,13000,106000,-93000,104000,156000,153000,3000,223000,122000,101000,-591848
05746P,台積電群益96售07,0,0,0,0,0,0,0,0,0,-592000,0,0,0,1264000,1856000,-592000,-592000
049125,禾伸堂元富94購01,0,0,0,0,0,0,0,0,0,-593000,0,0,0,16000,609000,-593000,-593000
05310P,智原永豐95售04  ,0,0,0,0,0,0,0,0,0,-594000,0,0,0,0,594000,-594000,-594000
055031,南港富邦99購01  ,0,0,0,0,0,0,0,0,0,-594000,0,0,0,56000,650000,-594000,-594000
055334,禾伸堂兆豐97購01,0,0,0,0,0,0,0,0,0,-597000,0,0,0,0,597000,-597000,-597000
049686,T50反1元大94購02,0,0,0,0,0,0,0,0,0,-599000,0,0,0,0,599000,-599000,-599000
054633,臺股指凱基9A購02,0,0,0,0,0,0,0,0,0,-600000,0,0,0,3000,603000,-600000,-600000
03967P,聯發科國票93售04,0,0,0,0,0,0,0,0,0,-600000,0,0,0,0,600000,-600000,-600000
050274,GIS元大94購05   ,0,0,0,0,0,0,0,0,0,-603000,0,0,0,74000,677000,-603000,-603000
054950,奇力新元大98購02,0,0,0,0,0,0,0,0,0,-610000,0,0,0,202000,812000,-610000,-610000
053999,台表科群益96購06,0,0,0,0,0,0,0,0,0,-612000,0,0,0,124000,736000,-612000,-612000
052023,鈺齊永豐95購02  ,0,0,0,0,0,0,0,0,0,-612000,0,0,0,0,612000,-612000,-612000
052399,台光電凱基95購03,0,0,0,0,0,0,0,0,0,-613000,0,0,0,56000,669000,-613000,-613000
3532,台勝科          ,44000,523000,-479000,0,0,0,0,143000,-143000,9000,0,9000,-9000,26000,8000,18000,-613000
052981,鴻海元大97購05  ,0,0,0,0,0,0,0,0,0,-622000,0,0,0,230000,852000,-622000,-622000
03777P,華通中信95售01  ,0,0,0,0,0,0,0,0,0,-630000,0,0,0,0,630000,-630000,-630000
053167,欣興群益96購03  ,0,0,0,0,0,0,0,0,0,-632000,0,0,0,61000,693000,-632000,-632000
055052,凱美永豐97購01  ,0,0,0,0,0,0,0,0,0,-636000,0,0,0,172000,808000,-636000,-636000
1101,台泥            ,8786344,9234990,-448646,0,0,0,423000,93508,329492,-518000,40000,312000,-272000,28000,274000,-246000,-637154
048943,智伸科永豐94購01,0,0,0,0,0,0,0,0,0,-643000,0,0,0,0,643000,-643000,-643000
053634,劍麟永豐96購01  ,0,0,0,0,0,0,0,0,0,-649000,0,0,0,1000,650000,-649000,-649000
054982,國巨元富97購03  ,0,0,0,0,0,0,0,0,0,-651000,0,0,0,171000,822000,-651000,-651000
4142,國光生          ,109000,770000,-661000,0,0,0,0,0,0,-1000,0,1000,-1000,0,0,0,-662000
047867,旺宏永豐93購02  ,0,0,0,0,0,0,0,0,0,-664000,0,0,0,20000,684000,-664000,-664000
055333,晶豪科兆豐97購01,0,0,0,0,0,0,0,0,0,-664000,0,0,0,39000,703000,-664000,-664000
053882,聯發科中信98購02,0,0,0,0,0,0,0,0,0,-666000,0,0,0,1000,667000,-666000,-666000
047149,聯鈞群益93購01  ,0,0,0,0,0,0,0,0,0,-668000,0,0,0,186000,854000,-668000,-668000
051144,鴻海凱基95購12  ,0,0,0,0,0,0,0,0,0,-671000,0,0,0,0,671000,-671000,-671000
054790,禾伸堂群益98購01,0,0,0,0,0,0,0,0,0,-672000,0,0,0,41000,713000,-672000,-672000
050487,美食元富94購01  ,0,0,0,0,0,0,0,0,0,-676000,0,0,0,0,676000,-676000,-676000
054254,晶豪科元大96購02,0,0,0,0,0,0,0,0,0,-677000,0,0,0,116000,793000,-677000,-677000
052645,美食永豐96購01  ,0,0,0,0,0,0,0,0,0,-691000,0,0,0,5000,696000,-691000,-691000
3413,京鼎            ,181000,675000,-494000,0,0,0,75000,0,75000,-274000,94000,68000,26000,118000,418000,-300000,-693000
053896,麗豐群益97購01  ,0,0,0,0,0,0,0,0,0,-704000,0,0,0,25000,729000,-704000,-704000
054454,滬深2X群益96購04,0,0,0,0,0,0,0,0,0,-705000,0,0,0,0,705000,-705000,-705000
9105,泰金寶-DR       ,85000,803000,-718000,0,0,0,0,0,0,0,0,0,0,0,0,0,-718000
050142,聯發科元富9A購01,0,0,0,0,0,0,0,0,0,-720000,0,0,0,156000,876000,-720000,-720000
055155,奇力新元大99購01,0,0,0,0,0,0,0,0,0,-722000,0,0,0,68000,790000,-722000,-722000
00692,富邦公司治理    ,1000,3000,-2000,0,0,0,0,0,0,-727000,0,0,0,1295000,2022000,-727000,-729000
2823,中壽            ,2494049,3289267,-795218,0,0,0,0,0,0,57000,120000,4000,116000,12000,71000,-59000,-738218
054504,聯鈞永豐96購01  ,0,0,0,0,0,0,0,0,0,-741000,0,0,0,110000,851000,-741000,-741000
054125,元油反元大96購09,0,0,0,0,0,0,0,0,0,-753000,0,0,0,10000,763000,-753000,-753000
054949,奇力新元大98購01,0,0,0,0,0,0,0,0,0,-768000,0,0,0,201000,969000,-768000,-768000
2439,美律            ,792000,1242000,-450000,0,0,0,0,196000,-196000,-122000,73000,11000,62000,23000,207000,-184000,-768000
053532,台積電永豐96購03,0,0,0,0,0,0,0,0,0,-769000,0,0,0,53000,822000,-769000,-769000
9910,豐泰            ,513900,1183653,-669753,0,0,0,0,97800,-97800,-5000,1000,6000,-5000,0,0,0,-772553
053587,京元電元大98購01,0,0,0,0,0,0,0,0,0,-774000,0,0,0,200000,974000,-774000,-774000
1536,和大            ,339000,1030000,-691000,0,0,0,0,0,0,-89000,43000,59000,-16000,7000,80000,-73000,-780000
05197P,智原永豐95售02  ,0,0,0,0,0,0,0,0,0,-782000,0,0,0,0,782000,-782000,-782000
05216P,國巨永豐95售02  ,0,0,0,0,0,0,0,0,0,-790000,0,0,0,0,790000,-790000,-790000
048063,聯發科統一93購03,0,0,0,0,0,0,0,0,0,-792000,0,0,0,0,792000,-792000,-792000
054658,道瓊銀元大9A購01,0,0,0,0,0,0,0,0,0,-796000,0,0,0,14000,810000,-796000,-796000
4958,臻鼎-KY         ,594235,1169095,-574860,0,0,0,0,0,0,-222000,21000,61000,-40000,2000,184000,-182000,-796860
054015,晶豪科永豐96購03,0,0,0,0,0,0,0,0,0,-798000,0,0,0,125000,923000,-798000,-798000
2461,光群雷          ,86000,891000,-805000,0,0,0,0,0,0,2000,2000,0,2000,0,0,0,-803000
054044,京元電元大96購03,0,0,0,0,0,0,0,0,0,-810000,0,0,0,149000,959000,-810000,-810000
1326,台化            ,1306136,2014000,-707864,0,0,0,386000,107000,279000,-383000,0,382000,-382000,0,1000,-1000,-811864
1102,亞泥            ,3791771,4473727,-681956,0,0,0,0,0,0,-130000,90000,214000,-124000,57000,63000,-6000,-811956
053269,同欣電群益96購01,0,0,0,0,0,0,0,0,0,-814000,0,0,0,215000,1029000,-814000,-814000
2363,矽統            ,128000,942000,-814000,0,0,0,0,0,0,0,0,0,0,0,0,0,-814000
054512,元油反元大99購03,0,0,0,0,0,0,0,0,0,-815000,0,0,0,0,815000,-815000,-815000
6196,帆宣            ,311000,1043000,-732000,0,0,0,0,0,0,-87000,1000,1000,0,51000,138000,-87000,-819000
06181P,國巨中信97售02  ,0,0,0,0,0,0,0,0,0,-828000,0,0,0,0,828000,-828000,-828000
05120P,聯發科國泰97售01,0,0,0,0,0,0,0,0,0,-829000,0,0,0,121000,950000,-829000,-829000
054091,晶豪科群益96購01,0,0,0,0,0,0,0,0,0,-837000,0,0,0,11000,848000,-837000,-837000
05868P,台積電凱基96售17,0,0,0,0,0,0,0,0,0,-838000,0,0,0,55000,893000,-838000,-838000
053717,聯發科凱基96購17,0,0,0,0,0,0,0,0,0,-839000,0,0,0,337000,1176000,-839000,-839000
00717,富邦美國特別股  ,0,0,0,0,0,0,0,0,0,-848000,0,0,0,276000,1124000,-848000,-848000
055249,大毅統一99購01  ,0,0,0,0,0,0,0,0,0,-860000,0,0,0,244000,1104000,-860000,-860000
047646,貿聯元大94購01  ,0,0,0,0,0,0,0,0,0,-868000,0,0,0,114000,982000,-868000,-868000
047102,潤泰全富邦95購01,0,0,0,0,0,0,0,0,0,-871000,0,0,0,0,871000,-871000,-871000
4938,和碩            ,3242243,3844000,-601757,0,0,0,0,19000,-19000,-254000,0,9000,-9000,5000,250000,-245000,-874757
6176,瑞儀            ,208000,1062000,-854000,0,0,0,0,7000,-7000,-36000,11000,2000,9000,1000,46000,-45000,-897000
6251,定穎            ,1261000,2408000,-1147000,0,0,0,439000,0,439000,-219000,502000,721000,-219000,0,0,0,-927000
054979,南港元富97購01  ,0,0,0,0,0,0,0,0,0,-949000,0,0,0,528000,1477000,-949000,-949000
053782,京元電元大98購02,0,0,0,0,0,0,0,0,0,-969000,0,0,0,0,969000,-969000,-969000
03576P,台灣50元富06售01,0,0,0,0,0,0,0,0,0,-969000,0,0,0,70000,1039000,-969000,-969000
055176,大毅統一98購02  ,0,0,0,0,0,0,0,0,0,-969000,0,0,0,1000,970000,-969000,-969000
047470,聯發科中信94購03,0,0,0,0,0,0,0,0,0,-977000,0,0,0,648000,1625000,-977000,-977000
2371,大同            ,989430,1090000,-100570,0,0,0,0,21000,-21000,-859000,1000,860000,-859000,0,0,0,-980570
9904,寶成            ,1571111,2763969,-1192858,0,0,0,239000,2000,237000,-36000,16000,7000,9000,0,45000,-45000,-991858
055144,T50反1元大97購03,0,0,0,0,0,0,0,0,0,-1000000,0,0,0,0,1000000,-1000000,-1000000
055138,大毅永豐97購02  ,0,0,0,0,0,0,0,0,0,-1007000,0,0,0,229000,1236000,-1007000,-1007000
044081,鴻海國票92購01  ,0,0,0,0,0,0,0,0,0,-1008000,0,0,0,0,1008000,-1008000,-1008000
04608P,晶相光永豐94售02,0,0,0,0,0,0,0,0,0,-1010000,0,0,0,8000,1018000,-1010000,-1010000
054589,聯鈞國泰99購01  ,0,0,0,0,0,0,0,0,0,-1032000,0,0,0,695000,1727000,-1032000,-1032000
2637,慧洋-KY         ,364000,1417000,-1053000,0,0,0,0,0,0,-20000,0,0,0,0,20000,-20000,-1073000
051429,智邦元富95購01  ,0,0,0,0,0,0,0,0,0,-1079000,0,0,0,90000,1169000,-1079000,-1079000
055157,晶豪科元大97購01,2000,0,2000,0,0,0,0,0,0,-1089000,0,0,0,141000,1230000,-1089000,-1087000
045053,聯發科元富98購01,0,0,0,0,0,0,0,0,0,-1110000,0,0,0,409000,1519000,-1110000,-1110000
051773,元大金中信95購02,1000,0,1000,0,0,0,0,0,0,-1141000,0,0,0,0,1141000,-1141000,-1140000
050683,智原元富94購02  ,0,0,0,0,0,0,0,0,0,-1150000,0,0,0,14000,1164000,-1150000,-1150000
1795,美時            ,429000,726000,-297000,0,0,0,0,576000,-576000,-309000,17000,326000,-309000,0,0,0,-1182000
054120,奇力新永豐96購01,0,0,0,0,0,0,0,0,0,-1186000,0,0,0,156000,1342000,-1186000,-1186000
049205,聯發科群益94購05,0,0,0,0,0,0,0,0,0,-1196000,0,0,0,113000,1309000,-1196000,-1196000
1402,遠東新          ,1466603,2955000,-1488397,0,0,0,338000,0,338000,-82000,0,56000,-56000,0,26000,-26000,-1232397
049462,康友元富94購01  ,0,0,0,0,0,0,0,0,0,-1255000,0,0,0,6000,1261000,-1255000,-1255000
055406,大毅國泰99購01  ,0,0,0,0,0,0,0,0,0,-1298000,0,0,0,202000,1500000,-1298000,-1298000
048278,聯發科永豐93購03,0,0,0,0,0,0,0,0,0,-1341000,0,0,0,257000,1598000,-1341000,-1341000
051277,聯發科中信9A購01,0,0,0,0,0,0,0,0,0,-1346000,0,0,0,848000,2194000,-1346000,-1346000
046173,聯發科永豐92購01,0,0,0,0,0,0,0,0,0,-1422000,0,0,0,1577000,2999000,-1422000,-1422000
2408,南亞科          ,3238203,4331952,-1093749,0,0,0,29000,8000,21000,-363000,270000,177000,93000,73000,529000,-456000,-1435749
041900,元油2X富邦96購01,0,0,0,0,0,0,0,0,0,-1467000,0,0,0,176000,1643000,-1467000,-1467000
054818,奇力新元大97購05,0,0,0,0,0,0,0,0,0,-1472000,0,0,0,265000,1737000,-1472000,-1472000
05553P,智原群益96售01  ,0,0,0,0,0,0,0,0,0,-1513000,0,0,0,0,1513000,-1513000,-1513000
055414,奇力新富邦9B購01,0,0,0,0,0,0,0,0,0,-1556000,0,0,0,1000,1557000,-1556000,-1556000
2903,遠百            ,250000,1326000,-1076000,0,0,0,0,427000,-427000,-59000,1000,60000,-59000,0,0,0,-1562000
05163P,聯發科統一96售02,0,0,0,0,0,0,0,0,0,-1577000,0,0,0,10000,1587000,-1577000,-1577000
053594,京鼎元大96購02  ,0,0,0,0,0,0,0,0,0,-1606000,0,0,0,682000,2288000,-1606000,-1606000
047440,聯發科元大93購14,0,0,0,0,0,0,0,0,0,-1647000,0,0,0,0,1647000,-1647000,-1647000
4904,遠傳            ,828876,2425860,-1596984,0,0,0,0,70000,-70000,-5000,10000,14000,-4000,0,1000,-1000,-1671984
049763,美食國泰96購01  ,0,0,0,0,0,0,0,0,0,-1687000,0,0,0,289000,1976000,-1687000,-1687000
044291,群創凱基93購06  ,0,0,0,0,0,0,0,0,0,-1698000,0,0,0,1245000,2943000,-1698000,-1698000
054694,聯鈞永豐97購01  ,0,0,0,0,0,0,0,0,0,-1702000,0,0,0,159000,1861000,-1702000,-1702000
00752,中信中國50      ,3000,0,3000,0,0,0,0,0,0,-1730000,0,0,0,979000,2709000,-1730000,-1727000
6505,台塑化          ,750662,2383000,-1632338,0,0,0,0,125000,-125000,9000,12000,3000,9000,0,0,0,-1748338
052986,聯發科元大97購05,0,0,0,0,0,0,0,0,0,-1793000,0,0,0,390000,2183000,-1793000,-1793000
2430,燦坤            ,0,1796000,-1796000,0,0,0,0,0,0,0,0,0,0,0,0,0,-1796000
051133,台積電永豐95購02,0,0,0,0,0,0,0,0,0,-1850000,0,0,0,694000,2544000,-1850000,-1850000
1216,統一            ,3882182,6089078,-2206896,0,0,0,424000,115000,309000,-8000,0,19000,-19000,17000,6000,11000,-1905896
1504,東元            ,1325000,3354000,-2029000,0,0,0,0,0,0,87000,0,23000,-23000,110000,0,110000,-1942000
054891,聯鈞統一99購02  ,0,0,0,0,0,0,0,0,0,-2038000,0,0,0,197000,2235000,-2038000,-2038000
2412,中華電          ,2211772,4759796,-2548024,0,0,0,449000,134000,315000,165000,182000,8000,174000,5000,14000,-9000,-2068024
042796,永冠元大93購01  ,0,0,0,0,0,0,0,0,0,-2319000,0,0,0,100000,2419000,-2319000,-2319000
054640,健策中信9B購01  ,0,0,0,0,0,0,0,0,0,-2409000,0,0,0,183000,2592000,-2409000,-2409000
3019,亞光            ,393000,2839000,-2446000,0,0,0,0,0,0,-22000,21000,28000,-7000,15000,30000,-15000,-2468000
3045,台灣大          ,1009831,3506381,-2496550,0,0,0,0,132000,-132000,96000,106000,10000,96000,0,0,0,-2532550
055417,健策富邦98購02  ,0,0,0,0,0,0,0,0,0,-2701000,0,0,0,0,2701000,-2701000,-2701000
1301,台塑            ,2336947,6026000,-3689053,0,0,0,0,99000,-99000,846000,954000,92000,862000,0,16000,-16000,-2942053
00642U,元大S&P石油     ,3000,449000,-446000,0,0,0,0,0,0,-2775000,325000,0,325000,5000,3105000,-3100000,-3221000
2409,友達            ,19407084,24554000,-5146916,0,0,0,137000,84000,53000,504000,1390000,219000,1171000,349000,1016000,-667000,-4589916
6116,彩晶            ,4777000,7277000,-2500000,0,0,0,0,0,0,-2803000,355000,331000,24000,112000,2939000,-2827000,-5303000
2448,晶電            ,4083000,9642000,-5559000,0,0,0,304000,355000,-51000,295000,657000,282000,375000,0,80000,-80000,-5315000
2454,聯發科          ,6147029,9452475,-3305446,0,0,0,3000,1611000,-1608000,-406000,227000,505000,-278000,168000,296000,-128000,-5319446
052314,鴻海元大96購11  ,0,0,0,0,0,0,0,0,0,-5458000,0,0,0,4000,5462000,-5458000,-5458000
2884,玉山金          ,8338030,16308490,-7970460,0,0,0,1003000,4000,999000,299000,642000,105000,537000,219000,457000,-238000,-6672460
0050,元大台灣50      ,373000,4863000,-4490000,0,0,0,60000,0,60000,-2783000,110000,148000,-38000,33000,2778000,-2745000,-7213000
2303,聯電            ,21989505,34349809,-12360304,0,0,0,1561000,105000,1456000,1999000,1807000,161000,1646000,687000,334000,353000,-8905304
00701,國泰股利精選30  ,0,1255000,-1255000,0,0,0,0,0,0,-9511000,0,0,0,1622000,11133000,-9511000,-10766000
2618,長榮航          ,947102,13293954,-12346852,0,0,0,259000,0,259000,-171000,382000,529000,-147000,0,24000,-24000,-12258852
1314,中石化          ,8819150,21615000,-12795850,0,0,0,0,0,0,-291000,0,62000,-62000,16000,245000,-229000,-13086850
3481,群創            ,34732402,43385000,-8652598,0,0,0,2627000,82000,2545000,-8294000,1358000,2221000,-863000,812000,8243000,-7431000,-14401598
00672L,元大S&P原油正2  ,4000,9541000,-9537000,0,0,0,0,0,0,-58347000,36000,0,36000,1718000,60101000,-58383000,-67884000
