證券代號,證券名稱,外陸資買進股數(不含外資自營商),外陸資賣出股數(不含外資自營商),外陸資買賣超股數(不含外資自營商),外資自營商買進股數,外資自營商賣出股數,外資自營商買賣超股數,投信買進股數,投信賣出股數,投信買賣超股數,自營商買賣超股數,自營商買進股數(自行買賣),自營商賣出股數(自行買賣),自營商買賣超股數(自行買賣),自營商買進股數(避險),自營商賣出股數(避險),自營商買賣超股數(避險),三大法人買賣超股數
00632R,元大台灣50反1   ,76209000,14239000,61970000,0,0,0,0,0,0,280649000,5088000,7680000,-2592000,318883000,35642000,283241000,342619000
00852L,國泰美國道瓊正2 ,10430000,0,10430000,0,0,0,0,0,0,1683000,0,0,0,1706000,23000,1683000,12113000
055223,和大國票98購01  ,0,0,0,0,0,0,0,0,0,6856000,0,0,0,6856000,0,6856000,6856000
058351,上銀凱基9A購02  ,0,0,0,0,0,0,0,0,0,3640000,0,0,0,3670000,30000,3640000,3640000
2303,聯電            ,64600000,61479904,3120096,0,0,0,277000,38000,239000,72000,1200000,958000,242000,222000,392000,-170000,3431096
9919,康那香          ,3729000,669000,3060000,0,0,0,0,0,0,0,0,0,0,0,0,0,3060000
057094,祥碩元富98購01  ,0,0,0,0,0,0,0,0,0,2665000,0,0,0,2735000,70000,2665000,2665000
054102,百和國票97購04  ,0,0,0,0,0,0,0,0,0,2455000,0,0,0,2600000,145000,2455000,2455000
00676R,富邦臺灣加權反1 ,0,72000,-72000,0,0,0,0,0,0,2514000,0,0,0,4764000,2250000,2514000,2442000
00638R,元大滬深300反1  ,1186000,0,1186000,0,0,0,0,0,0,1235000,0,0,0,2684000,1449000,1235000,2421000
00634R,富邦上証反1     ,2020000,6000,2014000,0,0,0,0,0,0,98000,0,0,0,3405000,3307000,98000,2112000
053314,A50正2群益9A購01,0,0,0,0,0,0,0,0,0,2079000,0,0,0,2390000,311000,2079000,2079000
053657,元大金凱基96購01,0,0,0,0,0,0,0,0,0,1996000,0,0,0,1996000,0,1996000,1996000
3042,晶技            ,5997000,2913000,3084000,0,0,0,0,626000,-626000,-521000,55000,226000,-171000,103000,453000,-350000,1937000
054743,聯鈞凱基99購01  ,0,0,0,0,0,0,0,0,0,1893000,0,0,0,1988000,95000,1893000,1893000
03737P,臺股指中信95售01,0,0,0,0,0,0,0,0,0,1799000,0,0,0,1799000,0,1799000,1799000
057542,上銀凱基99購01  ,0,0,0,0,0,0,0,0,0,1798000,0,0,0,1808000,10000,1798000,1798000
058120,台灣50國票99購03,0,0,0,0,0,0,0,0,0,1798000,0,0,0,2156000,358000,1798000,1798000
058425,S&P正2元富01購02,0,0,0,0,0,0,0,0,0,1797000,0,0,0,1797000,0,1797000,1797000
057749,華新科國票99購01,0,0,0,0,0,0,0,0,0,1785000,0,0,0,1785000,0,1785000,1785000
054067,百和國票97購03  ,0,0,0,0,0,0,0,0,0,1678000,0,0,0,1808000,130000,1678000,1678000
4142,國光生          ,3513000,1571878,1941122,0,0,0,0,0,0,-268000,60000,328000,-268000,0,0,0,1673122
2368,金像電          ,12325000,17379000,-5054000,0,0,0,6374000,0,6374000,344000,716000,372000,344000,0,0,0,1664000
6176,瑞儀            ,2083000,1184000,899000,0,0,0,165000,4000,161000,550000,103000,172000,-69000,627000,8000,619000,1610000
2449,京元電子        ,6499000,6203130,295870,0,0,0,122000,11000,111000,1151000,190000,262000,-72000,1480000,257000,1223000,1557870
058191,祥碩永豐99購01  ,0,0,0,0,0,0,0,0,0,1545000,0,0,0,2910000,1365000,1545000,1545000
058381,元石油中信9C購01,0,0,0,0,0,0,0,0,0,1466000,0,0,0,1466000,0,1466000,1466000
056987,南茂群益98購01  ,0,0,0,0,0,0,0,0,0,1462000,0,0,0,1485000,23000,1462000,1462000
058595,T50正2元富99購01,0,0,0,0,0,0,0,0,0,1429000,0,0,0,1439000,10000,1429000,1429000
2375,凱美            ,2380000,982000,1398000,0,0,0,0,0,0,-13000,0,0,0,0,13000,-13000,1385000
020012,富邦行動通訊N   ,0,0,0,0,0,0,0,0,0,1369000,0,0,0,1663000,294000,1369000,1369000
057799,世紀鋼兆豐98購01,0,0,0,0,0,0,0,0,0,1353000,0,0,0,1562000,209000,1353000,1353000
00656R,國泰中國A50反1  ,454000,0,454000,0,0,0,0,0,0,866000,0,0,0,1091000,225000,866000,1320000
056778,元石油群益9B購01,0,0,0,0,0,0,0,0,0,1303000,0,0,0,1303000,0,1303000,1303000
00738U,元大道瓊白銀    ,572000,13000,559000,0,0,0,0,0,0,737000,0,0,0,2061000,1324000,737000,1296000
2323,中環            ,6034000,4733000,1301000,0,0,0,0,0,0,-8000,97000,225000,-128000,191000,71000,120000,1293000
056516,晶豪科兆豐98購01,0,0,0,0,0,0,0,0,0,1291000,0,0,0,2378000,1087000,1291000,1291000
1325,恆大            ,1731000,505000,1226000,0,0,0,0,0,0,28000,28000,0,28000,0,0,0,1254000
051075,智邦國泰97購01  ,0,0,0,0,0,0,0,0,0,1223000,0,0,0,1318000,95000,1223000,1223000
054874,帆宣群益99購02  ,0,0,0,0,0,0,0,0,0,1200000,0,0,0,1200000,0,1200000,1200000
058482,祥碩凱基99購02  ,0,0,0,0,0,0,0,0,0,1164000,0,0,0,1307000,143000,1164000,1164000
00830,國泰費城半導體  ,1235000,3000,1232000,0,0,0,0,0,0,-73000,0,0,0,104000,177000,-73000,1159000
2027,大成鋼          ,1112000,2255000,-1143000,0,0,0,0,0,0,2266000,116000,239000,-123000,2450000,61000,2389000,1123000
9958,世紀鋼          ,1709000,1093000,616000,0,0,0,1269000,0,1269000,-785000,115000,79000,36000,98000,919000,-821000,1100000
052042,台積電日盛95購02,0,0,0,0,0,0,0,0,0,1094000,0,0,0,1198000,104000,1094000,1094000
058690,元油2X國票9A購03,0,0,0,0,0,0,0,0,0,1089000,0,0,0,1099000,10000,1089000,1089000
052844,台積電統一96購02,0,0,0,0,0,0,0,0,0,1078000,0,0,0,1078000,0,1078000,1078000
00677U,富邦VIX         ,24156000,65992000,-41836000,0,0,0,0,0,0,42899000,180000,0,180000,70367000,27648000,42719000,1063000
056930,晶豪科台新98購01,0,0,0,0,0,0,0,0,0,1061000,0,0,0,1112000,51000,1061000,1061000
049986,嘉澤凱基94購02  ,0,0,0,0,0,0,0,0,0,1060000,0,0,0,1060000,0,1060000,1060000
046011,欣興元富95購01  ,0,0,0,0,0,0,0,0,0,1040000,0,0,0,1040000,0,1040000,1040000
053458,聯詠國泰97購01  ,0,0,0,0,0,0,0,0,0,1034000,0,0,0,1054000,20000,1034000,1034000
055102,上銀凱基98購01  ,0,0,0,0,0,0,0,0,0,1018000,0,0,0,1058000,40000,1018000,1018000
052614,聯電國泰97購01  ,0,0,0,0,0,0,0,0,0,1014000,0,0,0,1039000,25000,1014000,1014000
04401P,玉晶光兆豐94售01,0,0,0,0,0,0,0,0,0,1012000,0,0,0,1020000,8000,1012000,1012000
1312,國喬            ,2496000,1458000,1038000,0,0,0,0,3000,-3000,-26000,1000,34000,-33000,7000,0,7000,1009000
048483,可成國泰95購01  ,0,0,0,0,0,0,0,0,0,1000000,0,0,0,1000000,0,1000000,1000000
053562,玉晶光國泰98購02,0,0,0,0,0,0,0,0,0,999000,0,0,0,1675000,676000,999000,999000
03555P,聯電元大02售24  ,0,0,0,0,0,0,0,0,0,998000,0,0,0,998000,0,998000,998000
052074,鴻海元富95購10  ,0,0,0,0,0,0,0,0,0,998000,0,0,0,998000,0,998000,998000
053044,南茂凱基96購02  ,0,0,0,0,0,0,0,0,0,998000,0,0,0,998000,0,998000,998000
053460,緯穎國泰97購01  ,0,0,0,0,0,0,0,0,0,991000,0,0,0,1172000,181000,991000,991000
056914,臺股指元大99購09,0,0,0,0,0,0,0,0,0,984000,0,0,0,2167000,1183000,984000,984000
053977,新日興元大96購03,0,0,0,0,0,0,0,0,0,980000,0,0,0,1010000,30000,980000,980000
1515,力山            ,1438000,468000,970000,0,0,0,0,0,0,6000,25000,12000,13000,6000,13000,-7000,976000
050453,創意元大95購03  ,0,0,0,0,0,0,0,0,0,960000,0,0,0,960000,0,960000,960000
045189,大立光元富98購01,0,0,0,0,0,0,0,0,0,950000,0,0,0,2011000,1061000,950000,950000
057539,南茂元大98購02  ,0,0,0,0,0,0,0,0,0,949000,0,0,0,974000,25000,949000,949000
056017,台積電群益97購04,0,0,0,0,0,0,0,0,0,943000,0,0,0,1497000,554000,943000,943000
055771,台積電日盛97購04,0,0,0,0,0,0,0,0,0,942000,0,0,0,952000,10000,942000,942000
046479,群創元富94購01  ,0,0,0,0,0,0,0,0,0,930000,0,0,0,930000,0,930000,930000
049888,智邦國泰96購01  ,0,0,0,0,0,0,0,0,0,930000,0,0,0,950000,20000,930000,930000
056180,南茂元富97購01  ,0,0,0,0,0,0,0,0,0,925000,0,0,0,975000,50000,925000,925000
053967,華邦電元大96購03,0,0,0,0,0,0,0,0,0,922000,0,0,0,922000,0,922000,922000
03050X,元展47          ,0,0,0,0,0,0,0,0,0,916000,0,0,0,1261000,345000,916000,916000
03033P,微星國票03售01  ,0,10000,-10000,0,0,0,0,0,0,917000,0,0,0,966000,49000,917000,907000
054877,百和群益98購01  ,0,0,0,0,0,0,0,0,0,888000,0,0,0,1923000,1035000,888000,888000
057268,臻鼎兆豐99購01  ,0,0,0,0,0,0,0,0,0,853000,0,0,0,853000,0,853000,853000
054723,鴻海日盛97購01  ,0,0,0,0,0,0,0,0,0,845000,0,0,0,845000,0,845000,845000
058718,台灣50元富03購01,0,0,0,0,0,0,0,0,0,838000,0,0,0,970000,132000,838000,838000
052899,和大國票97購01  ,0,0,0,0,0,0,0,0,0,838000,0,0,0,838000,0,838000,838000
3017,奇鋐            ,2460000,1909000,551000,0,0,0,339000,1000,338000,-52000,0,0,0,29000,81000,-52000,837000
058708,臺股指元大9A購21,0,0,0,0,0,0,0,0,0,824000,0,0,0,1192000,368000,824000,824000
053627,宏碁兆豐97購01  ,0,0,0,0,0,0,0,0,0,822000,0,0,0,822000,0,822000,822000
053184,世紀鋼元富96購01,0,0,0,0,0,0,0,0,0,814000,0,0,0,886000,72000,814000,814000
00651R,FH香港反1       ,249000,120000,129000,0,0,0,0,0,0,684000,0,0,0,1065000,381000,684000,813000
058207,南茂凱基99購01  ,0,0,0,0,0,0,0,0,0,811000,0,0,0,1268000,457000,811000,811000
052434,茂林國泰97購01  ,0,0,0,0,0,0,0,0,0,810000,0,0,0,891000,81000,810000,810000
053561,玉晶光國泰98購01,0,0,0,0,0,0,0,0,0,806000,0,0,0,1194000,388000,806000,806000
04168P,元金2X凱基99售01,0,0,0,0,0,0,0,0,0,799000,0,0,0,799000,0,799000,799000
058855,台積電兆豐99購02,0,0,0,0,0,0,0,0,0,791000,0,0,0,1281000,490000,791000,791000
057710,金融類群益98購01,0,0,0,0,0,0,0,0,0,790000,0,0,0,790000,0,790000,790000
053342,全新國票99購01  ,0,0,0,0,0,0,0,0,0,790000,0,0,0,790000,0,790000,790000
053255,貿聯國泰97購01  ,0,0,0,0,0,0,0,0,0,768000,0,0,0,908000,140000,768000,768000
055735,宏達電元富98購01,0,0,0,0,0,0,0,0,0,765000,0,0,0,865000,100000,765000,765000
06222P,致茂元富97售02  ,0,0,0,0,0,0,0,0,0,749000,0,0,0,933000,184000,749000,749000
054055,全新國票99購02  ,0,0,0,0,0,0,0,0,0,740000,0,0,0,740000,0,740000,740000
054344,景碩國票97購04  ,0,0,0,0,0,0,0,0,0,730000,0,0,0,820000,90000,730000,730000
053318,全新群益99購01  ,0,0,0,0,0,0,0,0,0,726000,0,0,0,730000,4000,726000,726000
6456,GIS-KY          ,2016000,1261000,755000,0,0,0,0,0,0,-34000,1000,34000,-33000,9000,10000,-1000,721000
050979,鴻海元富96購02  ,0,0,0,0,0,0,0,0,0,715000,0,0,0,955000,240000,715000,715000
06170P,禾伸堂元富97售02,0,0,0,0,0,0,0,0,0,714000,0,0,0,728000,14000,714000,714000
053407,台積電兆豐96購02,20000,0,20000,0,0,0,0,0,0,693000,0,0,0,1247000,554000,693000,713000
03517P,臺股指國票02售06,0,0,0,0,0,0,0,0,0,700000,0,0,0,710000,10000,700000,700000
056727,滬深反凱基9B購01,0,0,0,0,0,0,0,0,0,695000,0,0,0,795000,100000,695000,695000
050695,台積電凱基94購40,0,0,0,0,0,0,0,0,0,682000,0,0,0,682000,0,682000,682000
04496P,國巨國泰96售02  ,0,0,0,0,0,0,0,0,0,678000,0,0,0,678000,0,678000,678000
046717,世紀鋼國泰94購01,0,0,0,0,0,0,0,0,0,677000,0,0,0,677000,0,677000,677000
058586,鴻海中信01購02  ,0,0,0,0,0,0,0,0,0,671000,0,0,0,692000,21000,671000,671000
3704,合勤控          ,1257000,598000,659000,0,0,0,0,0,0,-1000,0,1000,-1000,0,0,0,658000
050758,聯發科元富9B購01,0,0,0,0,0,0,0,0,0,648000,0,0,0,739000,91000,648000,648000
00693U,街口S&P黃豆     ,0,0,0,0,0,0,0,0,0,639000,0,0,0,1498000,859000,639000,639000
054061,晶技國票97購03  ,0,0,0,0,0,0,0,0,0,634000,0,0,0,634000,0,634000,634000
057740,茂林富邦9A購01  ,0,0,0,0,0,0,0,0,0,627000,0,0,0,694000,67000,627000,627000
051028,台光電元富95購02,0,0,0,0,0,0,0,0,0,625000,0,0,0,625000,0,625000,625000
054770,健策國票98購01  ,0,0,0,0,0,0,0,0,0,618000,0,0,0,618000,0,618000,618000
052362,瑞昱國票96購02  ,0,0,0,0,0,0,0,0,0,605000,0,0,0,605000,0,605000,605000
053222,聯茂凱基96購03  ,0,0,0,0,0,0,0,0,0,601000,0,0,0,601000,0,601000,601000
2474,可成            ,3448337,2719712,728625,0,0,0,44000,8000,36000,-164000,104000,229000,-125000,6000,45000,-39000,600625
055800,欣興永豐97購02  ,0,0,0,0,0,0,0,0,0,600000,0,0,0,600000,0,600000,600000
055477,同欣電凱基98購01,0,0,0,0,0,0,0,0,0,598000,0,0,0,658000,60000,598000,598000
052886,世紀鋼兆豐96購01,0,0,0,0,0,0,0,0,0,588000,0,0,0,588000,0,588000,588000
057786,聯發科國票98購05,0,0,0,0,0,0,0,0,0,580000,0,0,0,587000,7000,580000,580000
058857,元油2X日盛99購02,0,0,0,0,0,0,0,0,0,578000,0,0,0,578000,0,578000,578000
051429,智邦元富95購01  ,0,0,0,0,0,0,0,0,0,574000,0,0,0,584000,10000,574000,574000
2897A,王道銀甲特      ,0,0,0,0,0,0,0,0,0,573000,573000,0,573000,0,0,0,573000
052532,台積電國泰96購07,0,0,0,0,0,0,0,0,0,571000,0,0,0,846000,275000,571000,571000
058121,國巨國票9A購01  ,0,0,0,0,0,0,0,0,0,567000,0,0,0,577000,10000,567000,567000
6278,台表科          ,1910000,1199000,711000,0,0,0,80000,161000,-81000,-64000,1000,16000,-15000,1000,50000,-49000,566000
03840P,台積電統一99售02,0,0,0,0,0,0,0,0,0,565000,0,0,0,683000,118000,565000,565000
6230,超眾            ,893000,302000,591000,0,0,0,0,2000,-2000,-24000,30000,44000,-14000,2000,12000,-10000,565000
058569,健策凱基9A購01  ,0,0,0,0,0,0,0,0,0,556000,0,0,0,562000,6000,556000,556000
058388,健策國票9A購01  ,0,0,0,0,0,0,0,0,0,555000,0,0,0,555000,0,555000,555000
052947,晶技國票97購01  ,0,0,0,0,0,0,0,0,0,550000,0,0,0,550000,0,550000,550000
045479,T50反1中信95購01,0,0,0,0,0,0,0,0,0,549000,0,0,0,549000,0,549000,549000
055996,矽力國泰99購01  ,0,0,0,0,0,0,0,0,0,546000,0,0,0,546000,0,546000,546000
052687,國泰金元大96購03,0,0,0,0,0,0,0,0,0,544000,0,0,0,707000,163000,544000,544000
056598,京元電元富98購01,0,0,0,0,0,0,0,0,0,540000,0,0,0,540000,0,540000,540000
08852P,台灣50台新01售01,0,0,0,0,0,0,0,0,0,536000,0,0,0,537000,1000,536000,536000
6202,盛群            ,1216000,737000,479000,0,0,0,279000,1000,278000,-223000,0,223000,-223000,0,0,0,534000
058661,臺股指中信9C購01,0,0,0,0,0,0,0,0,0,529000,0,0,0,549000,20000,529000,529000
03664C,臺股指元大05牛01,0,0,0,0,0,0,0,0,0,528000,0,0,0,549000,21000,528000,528000
057274,友達元大98購03  ,0,0,0,0,0,0,0,0,0,520000,0,0,0,560000,40000,520000,520000
054763,宏達電國票99購01,0,0,0,0,0,0,0,0,0,519000,0,0,0,519000,0,519000,519000
08674P,嘉晶元富07售02  ,0,0,0,0,0,0,0,0,0,519000,0,0,0,519000,0,519000,519000
05307P,光寶科中信95售01,0,0,0,0,0,0,0,0,0,516000,0,0,0,526000,10000,516000,516000
051602,南茂兆豐96購01  ,0,0,0,0,0,0,0,0,0,515000,0,0,0,520000,5000,515000,515000
052789,台積電麥證96購01,0,0,0,788000,275000,513000,0,0,0,513000,0,0,0,788000,275000,513000,513000
057855,晶技國票99購01  ,0,0,0,0,0,0,0,0,0,511000,0,0,0,511000,0,511000,511000
056773,晶技元大99購03  ,0,0,0,0,0,0,0,0,0,511000,0,0,0,519000,8000,511000,511000
058753,元石油群益9B購03,0,0,0,0,0,0,0,0,0,511000,0,0,0,511000,0,511000,511000
049200,元黃金群益98購01,0,0,0,0,0,0,0,0,0,509000,0,0,0,829000,320000,509000,509000
057679,臺股指元大98購09,0,0,0,0,0,0,0,0,0,507000,0,0,0,507000,0,507000,507000
057781,國巨國票99購04  ,0,0,0,0,0,0,0,0,0,505000,0,0,0,505000,0,505000,505000
054756,世紀鋼凱基99購01,0,0,0,0,0,0,0,0,0,504000,0,0,0,776000,272000,504000,504000
053083,中環元大99購01  ,0,0,0,0,0,0,0,0,0,502000,0,0,0,652000,150000,502000,502000
050337,南電國泰95購01  ,0,0,0,0,0,0,0,0,0,499000,0,0,0,499000,0,499000,499000
054620,南茂永豐97購01  ,0,0,0,0,0,0,0,0,0,499000,0,0,0,499000,0,499000,499000
051841,南茂國泰96購01  ,0,0,0,0,0,0,0,0,0,499000,0,0,0,529000,30000,499000,499000
055319,國巨國票98購03  ,0,0,0,0,0,0,0,0,0,499000,0,0,0,499000,0,499000,499000
055166,台積電統一97購05,0,0,0,0,0,0,0,0,0,499000,0,0,0,499000,0,499000,499000
045768,大立光元富95購02,0,0,0,0,0,0,0,0,0,497000,0,0,0,636000,139000,497000,497000
052882,南電凱基96購02  ,0,0,0,0,0,0,0,0,0,496000,0,0,0,518000,22000,496000,496000
057969,緯穎國泰99購01  ,0,0,0,0,0,0,0,0,0,495000,0,0,0,495000,0,495000,495000
049429,國巨國票95購01  ,0,0,0,0,0,0,0,0,0,488000,0,0,0,498000,10000,488000,488000
00653L,富邦印度正2     ,26000,27000,-1000,0,0,0,0,0,0,488000,0,0,0,575000,87000,488000,487000
1904,正隆            ,1045000,1787000,-742000,0,0,0,1710000,310000,1400000,-172000,1000,173000,-172000,0,0,0,486000
057912,美律日盛99購01  ,0,0,0,0,0,0,0,0,0,484000,0,0,0,484000,0,484000,484000
058382,S&P500中信99購01,0,0,0,0,0,0,0,0,0,484000,0,0,0,484000,0,484000,484000
053056,同欣電國票97購01,0,0,0,0,0,0,0,0,0,484000,0,0,0,496000,12000,484000,484000
051631,國巨國票96購06  ,0,0,0,0,0,0,0,0,0,483000,0,0,0,483000,0,483000,483000
05268P,玉晶光元大98售01,0,0,0,0,0,0,0,0,0,481000,0,0,0,894000,413000,481000,481000
04545P,國巨元大94售05  ,0,0,0,0,0,0,0,0,0,480000,0,0,0,480000,0,480000,480000
050442,復盛凱基94購01  ,0,0,0,0,0,0,0,0,0,480000,0,0,0,480000,0,480000,480000
052006,康友富邦98購01  ,0,0,0,0,0,0,0,0,0,477000,0,0,0,477000,0,477000,477000
051746,玉晶光國泰97購07,0,0,0,0,0,0,0,0,0,475000,0,0,0,1154000,679000,475000,475000
058276,道瓊指中信9C購01,0,0,0,0,0,0,0,0,0,474000,0,0,0,474000,0,474000,474000
056936,禾伸堂元富98購01,0,0,0,0,0,0,0,0,0,469000,0,0,0,469000,0,469000,469000
058060,貿聯元富98購01  ,0,0,0,0,0,0,0,0,0,463000,0,0,0,473000,10000,463000,463000
08998P,玉晶光群益02售15,0,0,0,0,0,0,0,0,0,462000,0,0,0,462000,0,462000,462000
056492,全新國泰9A購01  ,0,0,0,0,0,0,0,0,0,460000,0,0,0,460000,0,460000,460000
049797,台積電元大94購17,0,0,0,0,0,0,0,0,0,460000,0,0,0,655000,195000,460000,460000
058866,元油2X國票99購04,0,0,0,0,0,0,0,0,0,457000,0,0,0,467000,10000,457000,457000
051254,健策元大96購04  ,0,0,0,0,0,0,0,0,0,456000,0,0,0,865000,409000,456000,456000
00668,國泰美國道瓊    ,568000,0,568000,0,0,0,0,0,0,-113000,0,0,0,129000,242000,-113000,455000
1476,儒鴻            ,1214000,585204,628796,0,0,0,1000,81000,-80000,-95571,15000,96000,-81000,1000,15571,-14571,453225
8028,昇陽半導體      ,878000,454000,424000,0,0,0,0,0,0,29000,65000,4000,61000,1000,33000,-32000,453000
058689,元油2X國票99購03,0,0,0,0,0,0,0,0,0,450000,0,0,0,450000,0,450000,450000
00670L,富邦NASDAQ正2   ,154000,19000,135000,0,0,0,0,0,0,315000,0,0,0,331000,16000,315000,450000
054201,聯詠富邦97購02  ,0,0,0,0,0,0,0,0,0,447000,0,0,0,511000,64000,447000,447000
058383,道瓊指中信9C購02,0,0,0,0,0,0,0,0,0,445000,0,0,0,455000,10000,445000,445000
047681,滬深反中信95購01,0,0,0,0,0,0,0,0,0,444000,0,0,0,511000,67000,444000,444000
055067,禾聯碩永豐97購01,0,0,0,0,0,0,0,0,0,440000,0,0,0,440000,0,440000,440000
3035,智原            ,2021000,1479000,542000,0,0,0,0,0,0,-102000,68000,116000,-48000,2000,56000,-54000,440000
054753,復盛凱基98購01  ,0,0,0,0,0,0,0,0,0,437000,0,0,0,537000,100000,437000,437000
058206,祥碩凱基99購01  ,0,0,0,0,0,0,0,0,0,434000,0,0,0,594000,160000,434000,434000
047202,欣興元富96購01  ,0,0,0,0,0,0,0,0,0,433000,0,0,0,944000,511000,433000,433000
4915,致伸            ,1488000,1022000,466000,0,0,0,0,2000,-2000,-37000,5000,41000,-36000,1000,2000,-1000,427000
03857P,聯發科元富99售02,0,0,0,0,0,0,0,0,0,425000,0,0,0,829000,404000,425000,425000
055342,鴻海凱基97購04  ,0,0,0,0,0,0,0,0,0,421000,0,0,0,421000,0,421000,421000
057864,奇力新凱基99購03,0,0,0,0,0,0,0,0,0,420000,0,0,0,475000,55000,420000,420000
058093,神達元大9A購01  ,0,0,0,0,0,0,0,0,0,417000,0,0,0,430000,13000,417000,417000
048573,世紀鋼元大93購05,0,0,0,0,0,0,0,0,0,417000,0,0,0,452000,35000,417000,417000
052417,聯發科兆豐9B購01,0,0,0,0,0,0,0,0,0,417000,0,0,0,915000,498000,417000,417000
056162,祥碩凱基97購03  ,0,0,0,0,0,0,0,0,0,417000,0,0,0,484000,67000,417000,417000
056580,泰鼎元大9A購01  ,0,0,0,0,0,0,0,0,0,414000,0,0,0,462000,48000,414000,414000
058619,台灣50國票99購04,0,0,0,0,0,0,0,0,0,412000,0,0,0,505000,93000,412000,412000
050652,大立光凱基96購03,0,0,0,0,0,0,0,0,0,412000,0,0,0,559000,147000,412000,412000
056566,臻鼎群益98購01  ,0,0,0,0,0,0,0,0,0,411000,0,0,0,420000,9000,411000,411000
058500,元石油元大9C購01,0,0,0,0,0,0,0,0,0,410000,0,0,0,410000,0,410000,410000
054009,欣興元富96購03  ,0,0,0,0,0,0,0,0,0,410000,0,0,0,410000,0,410000,410000
056592,台積電元富98購01,0,0,0,0,0,0,0,0,0,408000,0,0,0,602000,194000,408000,408000
06715P,台積電元大99售04,0,0,0,0,0,0,0,0,0,407000,0,0,0,417000,10000,407000,407000
6416,瑞祺電通        ,498000,577000,-79000,0,0,0,423000,0,423000,61000,212000,151000,61000,0,0,0,405000
2915,潤泰全          ,852000,1256000,-404000,0,0,0,0,2000,-2000,808000,7000,79000,-72000,925000,45000,880000,402000
08801P,聯發科元大01售13,0,0,0,0,0,0,0,0,0,401000,0,0,0,401000,0,401000,401000
00717,富邦美國特別股  ,2000,0,2000,0,0,0,0,0,0,398914,0,0,0,833000,434086,398914,400914
057974,上銀永豐98購02  ,0,0,0,0,0,0,0,0,0,400000,0,0,0,400000,0,400000,400000
042792,T50反1台新9C購01,0,0,0,0,0,0,0,0,0,400000,0,0,0,400000,0,400000,400000
054083,智伸科元富96購01,0,0,0,0,0,0,0,0,0,400000,0,0,0,400000,0,400000,400000
054209,台積電國票97購08,0,0,0,0,0,0,0,0,0,399000,0,0,0,399000,0,399000,399000
9955,佳龍            ,489000,91000,398000,0,0,0,0,0,0,-1000,0,1000,-1000,0,0,0,397000
046562,大立光凱基95購01,0,0,0,0,0,0,0,0,0,396000,0,0,0,396000,0,396000,396000
047408,嘉晶統一95購01  ,0,0,0,0,0,0,0,0,0,395000,0,0,0,395000,0,395000,395000
051950,旺宏元富95購02  ,0,0,0,0,0,0,0,0,0,395000,0,0,0,400000,5000,395000,395000
050492,漢唐國泰96購01  ,0,0,0,0,0,0,0,0,0,394000,0,0,0,441000,47000,394000,394000
3504,揚明光          ,529000,114000,415000,0,0,0,1000,0,1000,-24000,0,10000,-10000,0,14000,-14000,392000
057757,鴻海凱基98購13  ,0,0,0,0,0,0,0,0,0,390000,0,0,0,453000,63000,390000,390000
050669,嘉晶永豐96購01  ,0,0,0,0,0,0,0,0,0,386000,0,0,0,390000,4000,386000,386000
055811,國巨國票98購05  ,0,0,0,0,0,0,0,0,0,385000,0,0,0,395000,10000,385000,385000
054630,聯鈞凱基98購01  ,0,0,0,0,0,0,0,0,0,385000,0,0,0,390000,5000,385000,385000
5607,遠雄港          ,582000,186000,396000,0,0,0,0,0,0,-11000,9000,20000,-11000,0,0,0,385000
055355,大立光凱基97購05,0,0,0,0,0,0,0,0,0,383000,0,0,0,414000,31000,383000,383000
6452,康友-KY         ,906000,240000,666000,0,0,0,0,0,0,-283717,0,144717,-144717,8000,147000,-139000,382283
057840,健策富邦99購01  ,0,0,0,0,0,0,0,0,0,380000,0,0,0,380000,0,380000,380000
056753,群創兆豐98購02  ,0,0,0,0,0,0,0,0,0,380000,0,0,0,430000,50000,380000,380000
00647L,元大S&P500正2   ,45000,9000,36000,0,0,0,0,0,0,344000,0,0,0,373000,29000,344000,380000
045055,聯發科元富98購03,0,0,0,0,0,0,0,0,0,380000,0,0,0,519000,139000,380000,380000
050853,南電國票96購01  ,0,0,0,0,0,0,0,0,0,379000,0,0,0,379000,0,379000,379000
049157,矽創元大95購01  ,0,0,0,0,0,0,0,0,0,379000,0,0,0,379000,0,379000,379000
050261,國巨元大95購04  ,0,0,0,0,0,0,0,0,0,378000,0,0,0,388000,10000,378000,378000
052917,大立光富邦99購02,0,0,0,0,0,0,0,0,0,377000,0,0,0,541000,164000,377000,377000
052097,GIS元大95購05   ,0,0,0,0,0,0,0,0,0,374000,0,0,0,429000,55000,374000,374000
058891,元油2X元大9C購07,0,0,0,0,0,0,0,0,0,372000,0,0,0,372000,0,372000,372000
054155,美律第一96購01  ,0,0,0,0,0,0,0,0,0,370000,0,0,0,370000,0,370000,370000
056412,上証2X中信9A購02,0,0,0,0,0,0,0,0,0,369000,0,0,0,444000,75000,369000,369000
03183P,鴻海元大01售28  ,0,0,0,0,0,0,0,0,0,369000,0,0,0,379000,10000,369000,369000
054768,泰碩國票99購02  ,0,0,0,0,0,0,0,0,0,369000,0,0,0,378000,9000,369000,369000
052851,滬深2X元富96購02,0,0,0,0,0,0,0,0,0,367000,0,0,0,458000,91000,367000,367000
051020,健策凱基96購02  ,0,0,0,0,0,0,0,0,0,363000,0,0,0,426000,63000,363000,363000
4968,立積            ,982000,561000,421000,0,0,0,3000,0,3000,-61000,0,32000,-32000,1000,30000,-29000,363000
057447,智邦元富02購01  ,0,0,0,0,0,0,0,0,0,362000,0,0,0,420000,58000,362000,362000
4943,康控-KY         ,811000,375000,436000,0,0,0,0,0,0,-74000,0,28000,-28000,4000,50000,-46000,362000
05009P,大立光元富95售06,0,0,0,0,0,0,0,0,0,360000,0,0,0,360000,0,360000,360000
055693,南茂凱基97購01  ,0,0,0,0,0,0,0,0,0,360000,0,0,0,360000,0,360000,360000
054965,健策元大98購04  ,0,0,0,0,0,0,0,0,0,360000,0,0,0,410000,50000,360000,360000
048831,玉晶光凱基95購01,0,0,0,0,0,0,0,0,0,358000,0,0,0,519000,161000,358000,358000
07000P,T50反1元大99售03,0,10000,-10000,0,0,0,0,0,0,366000,0,0,0,479000,113000,366000,356000
057063,立積國泰9A購01  ,0,0,0,0,0,0,0,0,0,355000,0,0,0,355000,0,355000,355000
05770P,聯發科凱基96售16,0,0,0,0,0,0,0,0,0,355000,0,0,0,370000,15000,355000,355000
040760,T50反1凱基95購01,0,0,0,0,0,0,0,0,0,355000,0,0,0,355000,0,355000,355000
053701,台積電兆豐96購05,0,0,0,0,0,0,0,0,0,354000,0,0,0,399000,45000,354000,354000
058378,南電凱基99購01  ,0,0,0,0,0,0,0,0,0,353000,0,0,0,367000,14000,353000,353000
053219,祥碩凱基96購01  ,0,0,0,0,0,0,0,0,0,353000,0,0,0,434000,81000,353000,353000
058527,世紀鋼元大99購01,0,0,0,0,0,0,0,0,0,352000,0,0,0,675000,323000,352000,352000
053005,微星永豐96購01  ,0,0,0,0,0,0,0,0,0,352000,0,0,0,362000,10000,352000,352000
1409,新纖            ,375000,801000,-426000,0,0,0,0,0,0,778000,1000000,222000,778000,0,0,0,352000
047541,深中小凱基94購01,0,0,0,0,0,0,0,0,0,351000,0,0,0,351000,0,351000,351000
6552,易華電          ,462000,118000,344000,0,0,0,0,0,0,7000,13000,1000,12000,1000,6000,-5000,351000
057833,聯發科元富02購06,0,0,0,0,0,0,0,0,0,350000,0,0,0,360000,10000,350000,350000
054539,欣興國票98購01  ,0,0,0,0,0,0,0,0,0,350000,0,0,0,350000,0,350000,350000
052939,富邦金兆豐96購01,0,0,0,0,0,0,0,0,0,350000,0,0,0,620000,270000,350000,350000
054854,台積電麥證97購01,0,0,0,350000,0,350000,0,0,0,350000,0,0,0,350000,0,350000,350000
05947P,大成鋼元大96售03,0,0,0,0,0,0,0,0,0,349000,0,0,0,365000,16000,349000,349000
058858,元油2X凱基9A購07,0,0,0,0,0,0,0,0,0,348000,0,0,0,412000,64000,348000,348000
03612C,臺股指元大95牛01,0,0,0,0,0,0,0,0,0,347000,0,0,0,409000,62000,347000,347000
057263,可成兆豐99購01  ,0,0,0,0,0,0,0,0,0,345000,0,0,0,505000,160000,345000,345000
046570,旺宏國泰94購01  ,0,0,0,0,0,0,0,0,0,344000,0,0,0,369000,25000,344000,344000
051272,嘉晶群益95購01  ,0,0,0,0,0,0,0,0,0,342000,0,0,0,348000,6000,342000,342000
055790,南電凱基97購01  ,0,0,0,0,0,0,0,0,0,342000,0,0,0,392000,50000,342000,342000
050363,臺指反元大98購04,0,0,0,0,0,0,0,0,0,341000,0,0,0,391000,50000,341000,341000
056018,旺宏群益97購02  ,0,0,0,0,0,0,0,0,0,340000,0,0,0,340000,0,340000,340000
053068,智伸科群益96購01,0,0,0,0,0,0,0,0,0,340000,0,0,0,340000,0,340000,340000
058489,台灣50群益9B購01,0,0,0,0,0,0,0,0,0,339000,0,0,0,339000,0,339000,339000
057965,臺股指元大98購14,0,0,0,0,0,0,0,0,0,339000,0,0,0,655000,316000,339000,339000
057709,電子類群益98購01,0,0,0,0,0,0,0,0,0,338000,0,0,0,338000,0,338000,338000
054353,世紀鋼國泰98購01,0,0,0,0,0,0,0,0,0,338000,0,0,0,504000,166000,338000,338000
04745P,祥碩元大94售04  ,0,0,0,0,0,0,0,0,0,337000,0,0,0,342000,5000,337000,337000
054343,世紀鋼元富96購02,0,0,0,0,0,0,0,0,0,335000,0,0,0,343000,8000,335000,335000
3413,京鼎            ,1370000,444000,926000,0,0,0,0,275000,-275000,-317000,3000,306000,-303000,1000,15000,-14000,334000
052870,玉晶光凱基96購03,0,0,0,0,0,0,0,0,0,333000,0,0,0,353000,20000,333000,333000
054112,台積電麥證96購02,0,0,0,931000,0,931000,0,0,0,331000,0,0,0,931000,600000,331000,331000
057728,瑞昱國泰99購01  ,0,0,0,0,0,0,0,0,0,330000,0,0,0,330000,0,330000,330000
057410,南電群益98購01  ,0,0,0,0,0,0,0,0,0,330000,0,0,0,330000,0,330000,330000
049985,華擎凱基94購01  ,0,0,0,0,0,0,0,0,0,329000,0,0,0,444000,115000,329000,329000
3535,晶彩科          ,583000,254000,329000,0,0,0,0,0,0,0,0,0,0,0,0,0,329000
051845,世紀鋼富邦96購01,0,0,0,0,0,0,0,0,0,328000,0,0,0,736000,408000,328000,328000
052686,華新科元大96購03,0,0,0,0,0,0,0,0,0,328000,0,0,0,430000,102000,328000,328000
052343,同欣電凱基95購03,0,0,0,0,0,0,0,0,0,327000,0,0,0,332000,5000,327000,327000
03999P,鴻海凱基94售11  ,0,0,0,0,0,0,0,0,0,324000,0,0,0,622000,298000,324000,324000
053629,玉山金兆豐96購01,0,0,0,0,0,0,0,0,0,324000,0,0,0,329000,5000,324000,324000
6288,聯嘉            ,704000,396000,308000,0,0,0,0,0,0,15000,26000,11000,15000,0,0,0,323000
055276,台積電元大97購20,0,0,0,0,0,0,0,0,0,321000,0,0,0,321000,0,321000,321000
054884,友達統一99購01  ,0,0,0,0,0,0,0,0,0,320000,0,0,0,320000,0,320000,320000
043642,元金2X國票97購01,0,0,0,0,0,0,0,0,0,317000,0,0,0,416000,99000,317000,317000
050786,健策國泰96購01  ,0,0,0,0,0,0,0,0,0,317000,0,0,0,387000,70000,317000,317000
055018,緯穎元富97購02  ,0,0,0,0,0,0,0,0,0,317000,0,0,0,391000,74000,317000,317000
8112,至上            ,1641000,1289000,352000,0,0,0,0,6000,-6000,-30000,33000,63000,-30000,0,0,0,316000
056797,台積電麥證98購01,0,0,0,360000,45000,315000,0,0,0,315000,0,0,0,360000,45000,315000,315000
055000,玉晶光元富97購04,0,0,0,0,0,0,0,0,0,315000,0,0,0,315000,0,315000,315000
056532,技嘉凱基98購01  ,0,0,0,0,0,0,0,0,0,314000,0,0,0,319000,5000,314000,314000
046942,友達元大99購01  ,0,0,0,0,0,0,0,0,0,314000,0,0,0,396000,82000,314000,314000
055011,元翎元富97購01  ,0,0,0,0,0,0,0,0,0,313000,0,0,0,331000,18000,313000,313000
054755,世紀鋼凱基98購01,0,0,0,0,0,0,0,0,0,313000,0,0,0,443000,130000,313000,313000
050402,緯穎中信96購01  ,0,0,0,0,0,0,0,0,0,312000,0,0,0,343000,31000,312000,312000
055907,台虹兆豐98購01  ,0,0,0,0,0,0,0,0,0,312000,0,0,0,312000,0,312000,312000
06869P,金融類元大99售01,0,0,0,0,0,0,0,0,0,311000,0,0,0,391000,80000,311000,311000
056606,華新科富邦9A購02,0,0,0,0,0,0,0,0,0,310000,0,0,0,311000,1000,310000,310000
056673,中石化元富9B購01,0,0,0,0,0,0,0,0,0,310000,0,0,0,330000,20000,310000,310000
058094,祥碩元大98購09  ,0,0,0,0,0,0,0,0,0,310000,0,0,0,459000,149000,310000,310000
053224,矽力凱基96購02  ,0,0,0,0,0,0,0,0,0,310000,0,0,0,355000,45000,310000,310000
051889,智邦元富95購02  ,0,0,0,0,0,0,0,0,0,309000,0,0,0,329000,20000,309000,309000
057937,神達群益98購02  ,0,0,0,0,0,0,0,0,0,308000,0,0,0,308000,0,308000,308000
047623,世紀鋼凱基94購02,0,0,0,0,0,0,0,0,0,308000,0,0,0,353000,45000,308000,308000
053996,晶相光群益97購01,0,0,0,0,0,0,0,0,0,306000,0,0,0,306000,0,306000,306000
9944,新麗            ,480000,175000,305000,0,0,0,0,0,0,0,0,0,0,0,0,0,305000
055029,帆宣國泰99購01  ,0,0,0,0,0,0,0,0,0,304000,0,0,0,401000,97000,304000,304000
4746,台耀            ,542000,453000,89000,0,0,0,440000,212000,228000,-14000,0,14000,-14000,0,0,0,303000
058845,元油2X群益9C購04,0,0,0,0,0,0,0,0,0,302000,0,0,0,302000,0,302000,302000
058978,SGBR2X凱基9A購03,0,0,0,0,0,0,0,0,0,302000,0,0,0,608000,306000,302000,302000
054229,超眾元富96購05  ,0,0,0,0,0,0,0,0,0,302000,0,0,0,302000,0,302000,302000
058017,漢唐凱基99購01  ,0,0,0,0,0,0,0,0,0,300000,0,0,0,300000,0,300000,300000
058099,鴻海國泰9A購02  ,0,0,0,0,0,0,0,0,0,300000,0,0,0,2491000,2191000,300000,300000
056347,GIS凱基9A購01   ,0,0,0,0,0,0,0,0,0,300000,0,0,0,300000,0,300000,300000
051304,緯創凱基96購01  ,0,0,0,0,0,0,0,0,0,300000,0,0,0,300000,0,300000,300000
050575,南亞科國票94購01,0,0,0,0,0,0,0,0,0,300000,0,0,0,300000,0,300000,300000
055566,台表科凱基97購03,0,0,0,0,0,0,0,0,0,300000,0,0,0,300000,0,300000,300000
051363,矽創元大95購03  ,0,0,0,0,0,0,0,0,0,299000,0,0,0,299000,0,299000,299000
053858,台達電元大96購05,0,0,0,0,0,0,0,0,0,299000,0,0,0,299000,0,299000,299000
054991,南亞科元富97購01,0,0,0,0,0,0,0,0,0,299000,0,0,0,299000,0,299000,299000
055336,茂林兆豐98購01  ,0,0,0,0,0,0,0,0,0,298000,0,0,0,310000,12000,298000,298000
052746,泰碩元大97購01  ,0,0,0,0,0,0,0,0,0,298000,0,0,0,318000,20000,298000,298000
2365,昆盈            ,398000,102000,296000,0,0,0,0,0,0,0,0,0,0,0,0,0,296000
056720,世紀鋼永豐98購01,0,0,0,0,0,0,0,0,0,294000,0,0,0,305000,11000,294000,294000
3049,和鑫            ,2921000,2591000,330000,0,0,0,0,17000,-17000,-19000,0,0,0,22000,41000,-19000,294000
053456,大立光元富96購04,0,0,0,0,0,0,0,0,0,292000,0,0,0,292000,0,292000,292000
1435,中福            ,347000,56000,291000,0,0,0,0,0,0,0,0,0,0,0,0,0,291000
056473,奇力新元大99購02,0,0,0,0,0,0,0,0,0,290000,0,0,0,320000,30000,290000,290000
054542,台表科國票98購01,0,0,0,0,0,0,0,0,0,290000,0,0,0,290000,0,290000,290000
054968,佐登元大97購01  ,0,0,0,0,0,0,0,0,0,290000,0,0,0,290000,0,290000,290000
051735,台積電國票96購06,0,0,0,0,0,0,0,0,0,289000,0,0,0,345000,56000,289000,289000
057575,世紀鋼永豐98購02,0,0,0,0,0,0,0,0,0,288000,0,0,0,293000,5000,288000,288000
05359P,嘉澤元大95售02  ,0,0,0,0,0,0,0,0,0,288000,0,0,0,303000,15000,288000,288000
056517,茂林兆豐99購01  ,0,0,0,0,0,0,0,0,0,287000,0,0,0,287000,0,287000,287000
052884,台積電兆豐96購01,0,0,0,0,0,0,0,0,0,287000,0,0,0,317000,30000,287000,287000
3645,達邁            ,567000,269000,298000,0,0,0,0,0,0,-11000,0,11000,-11000,0,0,0,287000
058838,國巨中信99購03  ,0,0,0,0,0,0,0,0,0,286000,0,0,0,340000,54000,286000,286000
058109,台灣50元富9B購01,0,0,0,0,0,0,0,0,0,282000,0,0,0,420000,138000,282000,282000
049789,世紀鋼兆豐94購01,0,0,0,0,0,0,0,0,0,282000,0,0,0,412000,130000,282000,282000
053432,世紀鋼永豐96購02,0,0,0,0,0,0,0,0,0,282000,0,0,0,282000,0,282000,282000
058464,矽創兆豐9A購01  ,0,0,0,0,0,0,0,0,0,280000,0,0,0,541000,261000,280000,280000
049845,台積電麥證94購01,0,0,0,280000,0,280000,0,0,0,280000,0,0,0,280000,0,280000,280000
049649,信邦凱基94購01  ,0,0,0,0,0,0,0,0,0,280000,0,0,0,280000,0,280000,280000
04829P,大立光凱基94售14,0,0,0,0,0,0,0,0,0,280000,0,0,0,280000,0,280000,280000
053891,欣興群益98購01  ,0,0,0,0,0,0,0,0,0,280000,0,0,0,350000,70000,280000,280000
054647,禾伸堂群益99購01,0,0,0,0,0,0,0,0,0,280000,0,0,0,450000,170000,280000,280000
053236,群創永豐97購02  ,0,0,0,0,0,0,0,0,0,280000,0,0,0,280000,0,280000,280000
056490,台積電國泰99購01,0,0,0,0,0,0,0,0,0,279000,0,0,0,309000,30000,279000,279000
052658,友達元富9C購01  ,0,0,0,0,0,0,0,0,0,278000,0,0,0,278000,0,278000,278000
052005,矽力國泰97購02  ,0,0,0,0,0,0,0,0,0,278000,0,0,0,310000,32000,278000,278000
058274,世紀鋼永豐99購01,0,0,0,0,0,0,0,0,0,276000,0,0,0,280000,4000,276000,276000
058888,元油2X元大99購16,0,0,0,0,0,0,0,0,0,276000,0,0,0,291000,15000,276000,276000
054687,建準永豐97購02  ,0,0,0,0,0,0,0,0,0,276000,0,0,0,277000,1000,276000,276000
051561,玉晶光國泰97購04,0,0,0,0,0,0,0,0,0,276000,0,0,0,596000,320000,276000,276000
6558,興能高          ,1027000,539000,488000,0,0,0,0,212000,-212000,0,0,0,0,0,0,0,276000
051488,健策凱基96購04  ,0,0,0,0,0,0,0,0,0,275000,0,0,0,275000,0,275000,275000
2404,漢唐            ,533030,560000,-26970,0,0,0,0,1000,-1000,302400,24000,31600,-7600,360000,50000,310000,274430
051745,玉晶光國泰97購06,0,0,0,0,0,0,0,0,0,274000,0,0,0,274000,0,274000,274000
054192,國巨中信98購01  ,0,0,0,0,0,0,0,0,0,274000,0,0,0,274000,0,274000,274000
058982,台積電凱基99購08,0,0,0,0,0,0,0,0,0,270000,0,0,0,1701000,1431000,270000,270000
054665,華通元富97購02  ,0,0,0,0,0,0,0,0,0,270000,0,0,0,330000,60000,270000,270000
054589,聯鈞國泰99購01  ,0,0,0,0,0,0,0,0,0,269000,0,0,0,309000,40000,269000,269000
052123,泰碩國票95購01  ,0,0,0,0,0,0,0,0,0,269000,0,0,0,279000,10000,269000,269000
055450,台積電元富97購01,0,0,0,0,0,0,0,0,0,269000,0,0,0,269000,0,269000,269000
06211P,鴻海元大98售04  ,0,0,0,0,0,0,0,0,0,268000,0,0,0,306000,38000,268000,268000
058456,京鼎永豐99購01  ,0,0,0,0,0,0,0,0,0,268000,0,0,0,268000,0,268000,268000
051415,晶技國票96購01  ,0,0,0,0,0,0,0,0,0,267000,0,0,0,267000,0,267000,267000
3052,夆典            ,753000,486000,267000,0,0,0,0,0,0,0,0,0,0,0,0,0,267000
053273,國巨元大96購08  ,0,0,0,0,0,0,0,0,0,266000,0,0,0,271000,5000,266000,266000
056398,南茂永豐98購01  ,0,0,0,0,0,0,0,0,0,265000,0,0,0,265000,0,265000,265000
057240,茂林凱基9A購01  ,0,0,0,0,0,0,0,0,0,265000,0,0,0,314000,49000,265000,265000
057013,聯發科麥證98購01,0,0,0,330000,76000,254000,0,0,0,264000,0,0,0,340000,76000,264000,264000
058058,大立光元富9B購02,0,0,0,0,0,0,0,0,0,262000,0,0,0,389000,127000,262000,262000
00674R,元大S&P黃金反1  ,0,0,0,0,0,0,0,0,0,262000,0,0,0,324000,62000,262000,262000
053560,漢唐國泰98購01  ,0,0,0,0,0,0,0,0,0,260000,0,0,0,315000,55000,260000,260000
057518,世紀鋼元富98購01,0,0,0,0,0,0,0,0,0,259000,0,0,0,315000,56000,259000,259000
058071,大立光凱基98購19,0,0,0,0,0,0,0,0,0,257000,0,0,0,272000,15000,257000,257000
058498,世紀鋼群益99購01,0,0,0,0,0,0,0,0,0,257000,0,0,0,257000,0,257000,257000
055738,玉山金元富97購01,0,0,0,0,0,0,0,0,0,257000,0,0,0,505000,248000,257000,257000
052670,茂林群益96購02  ,0,0,0,0,0,0,0,0,0,256000,0,0,0,256000,0,256000,256000
051842,大成鋼富邦97購01,0,0,0,0,0,0,0,0,0,256000,0,0,0,256000,0,256000,256000
6504,南六            ,393000,138000,255000,0,0,0,0,0,0,0,0,0,0,0,0,0,255000
05181P,健策凱基95售01  ,0,0,0,0,0,0,0,0,0,252000,0,0,0,300000,48000,252000,252000
054162,光罩凱基98購01  ,0,0,0,0,0,0,0,0,0,252000,0,0,0,287000,35000,252000,252000
058824,晶技富邦9A購01  ,0,0,0,0,0,0,0,0,0,251000,0,0,0,308000,57000,251000,251000
056320,京鼎群益99購01  ,0,0,0,0,0,0,0,0,0,251000,0,0,0,251000,0,251000,251000
055967,臻鼎元大97購01  ,0,0,0,0,0,0,0,0,0,251000,0,0,0,301000,50000,251000,251000
057597,華通群益9A購02  ,0,0,0,0,0,0,0,0,0,250000,0,0,0,250000,0,250000,250000
058758,台積電群益99購05,0,0,0,0,0,0,0,0,0,250000,0,0,0,320000,70000,250000,250000
058409,鴻海兆豐99購05  ,0,0,0,0,0,0,0,0,0,250000,0,0,0,284000,34000,250000,250000
052176,景碩元大96購01  ,0,0,0,0,0,0,0,0,0,250000,0,0,0,250000,0,250000,250000
052742,可成元大96購01  ,0,0,0,0,0,0,0,0,0,250000,0,0,0,450000,200000,250000,250000
054403,同欣電永豐96購02,0,0,0,0,0,0,0,0,0,250000,0,0,0,250000,0,250000,250000
058719,智邦元富99購01  ,0,0,0,0,0,0,0,0,0,249000,0,0,0,324000,75000,249000,249000
057561,大立光兆豐98購02,0,0,0,0,0,0,0,0,0,249000,0,0,0,299000,50000,249000,249000
052011,欣興中信96購01  ,0,0,0,0,0,0,0,0,0,249000,0,0,0,249000,0,249000,249000
06658P,台灣50富邦9C售01,0,0,0,0,0,0,0,0,0,248000,0,0,0,248000,0,248000,248000
056500,大立光富邦9B購02,0,0,0,0,0,0,0,0,0,247000,0,0,0,352000,105000,247000,247000
058772,茂林兆豐9A購01  ,0,0,0,0,0,0,0,0,0,247000,0,0,0,247000,0,247000,247000
053639,禾伸堂永豐96購01,0,0,0,0,0,0,0,0,0,247000,0,0,0,306000,59000,247000,247000
05677P,玉晶光群益98售03,0,0,0,0,0,0,0,0,0,246000,0,0,0,502000,256000,246000,246000
05275P,國巨凱基95售05  ,0,0,0,0,0,0,0,0,0,246000,0,0,0,266000,20000,246000,246000
055960,義隆元大97購01  ,0,0,0,0,0,0,0,0,0,246000,0,0,0,264000,18000,246000,246000
058666,上証反群益01購01,0,0,0,0,0,0,0,0,0,245000,0,0,0,245000,0,245000,245000
050653,聯鈞凱基96購01  ,0,0,0,0,0,0,0,0,0,245000,0,0,0,300000,55000,245000,245000
053079,世紀鋼永豐96購01,0,0,0,0,0,0,0,0,0,244000,0,0,0,254000,10000,244000,244000
05111P,台積電統一95售04,0,0,0,0,0,0,0,0,0,243000,0,0,0,243000,0,243000,243000
03413B,臺股指凱基94熊19,0,0,0,0,0,0,0,0,0,243000,0,0,0,493000,250000,243000,243000
045877,友達元富95購01  ,0,0,0,0,0,0,0,0,0,243000,0,0,0,243000,0,243000,243000
057826,祥碩元大98購08  ,0,0,0,0,0,0,0,0,0,242000,0,0,0,313000,71000,242000,242000
053989,奇力新兆豐97購01,0,0,0,0,0,0,0,0,0,241000,0,0,0,382000,141000,241000,241000
054775,復盛國票98購01  ,0,0,0,0,0,0,0,0,0,241000,0,0,0,241000,0,241000,241000
054336,台積電統一96購11,0,0,0,0,0,0,0,0,0,240000,0,0,0,250000,10000,240000,240000
054152,漢唐國泰98購02  ,0,0,0,0,0,0,0,0,0,239000,0,0,0,500000,261000,239000,239000
05420P,大立光國泰97售03,0,0,0,0,0,0,0,0,0,239000,0,0,0,1172000,933000,239000,239000
054345,世芯國票96購02  ,0,0,0,0,0,0,0,0,0,238000,0,0,0,238000,0,238000,238000
054548,鴻海凱基98購03  ,0,0,0,0,0,0,0,0,0,238000,0,0,0,298000,60000,238000,238000
054926,神達凱基98購01  ,0,0,0,0,0,0,0,0,0,238000,0,0,0,293000,55000,238000,238000
058253,臺股指元大9A購17,0,0,0,0,0,0,0,0,0,237000,0,0,0,340000,103000,237000,237000
06772P,國巨中信99售01  ,0,0,0,0,0,0,0,0,0,237000,0,0,0,237000,0,237000,237000
048471,旭富永豐93購01  ,0,0,0,0,0,0,0,0,0,236000,0,0,0,236000,0,236000,236000
08663P,台灣50元大96售01,0,0,0,0,0,0,0,0,0,235000,0,0,0,235000,0,235000,235000
058532,禾伸堂元富99購01,0,0,0,0,0,0,0,0,0,234000,0,0,0,234000,0,234000,234000
1439,中和            ,325000,91000,234000,0,0,0,0,0,0,0,0,0,0,0,0,0,234000
05638P,國巨統一96售04  ,0,0,0,0,0,0,0,0,0,232000,0,0,0,232000,0,232000,232000
056055,國巨元大97購15  ,0,0,0,0,0,0,0,0,0,232000,0,0,0,255000,23000,232000,232000
056600,聯茂元富98購01  ,0,0,0,0,0,0,0,0,0,231000,0,0,0,233000,2000,231000,231000
054921,文曄凱基97購01  ,0,0,0,0,0,0,0,0,0,231000,0,0,0,232000,1000,231000,231000
06855P,聯發科富邦9A售01,0,0,0,0,0,0,0,0,0,231000,0,0,0,247000,16000,231000,231000
057682,台積電日盛9A購03,0,0,0,0,0,0,0,0,0,230000,0,0,0,230000,0,230000,230000
057437,可成國票99購01  ,0,0,0,0,0,0,0,0,0,230000,0,0,0,230000,0,230000,230000
058588,致茂中信9B購01  ,0,0,0,0,0,0,0,0,0,230000,0,0,0,230000,0,230000,230000
058401,華航元大9A購01  ,0,0,0,0,0,0,0,0,0,230000,0,0,0,260000,30000,230000,230000
058419,聯發科麥證99購02,0,0,0,240000,10000,230000,0,0,0,230000,0,0,0,240000,10000,230000,230000
050166,彩晶國泰95購01  ,0,0,0,0,0,0,0,0,0,230000,0,0,0,250000,20000,230000,230000
056192,智邦富邦98購01  ,350000,0,350000,0,0,0,0,0,0,-120000,0,0,0,285000,405000,-120000,230000
056144,GIS元大98購01   ,0,0,0,0,0,0,0,0,0,228000,0,0,0,310000,82000,228000,228000
2402,毅嘉            ,609000,186000,423000,0,0,0,0,194000,-194000,-1000,0,1000,-1000,0,0,0,228000
050322,世紀鋼國票95購01,0,0,0,0,0,0,0,0,0,227000,0,0,0,237000,10000,227000,227000
2388,威盛            ,521000,295000,226000,0,0,0,0,0,0,0,0,0,0,0,0,0,226000
057291,國巨國泰9A購01  ,0,0,0,0,0,0,0,0,0,225000,0,0,0,225000,0,225000,225000
052423,宏達電國票96購02,0,0,0,0,0,0,0,0,0,225000,0,0,0,225000,0,225000,225000
2390,云辰            ,555000,328000,227000,0,0,0,0,0,0,-2000,0,2000,-2000,0,0,0,225000
2515,中工            ,1256000,1005000,251000,0,0,0,0,0,0,-26000,3000,17000,-14000,0,12000,-12000,225000
055289,泰碩元大98購01  ,0,0,0,0,0,0,0,0,0,224000,0,0,0,623000,399000,224000,224000
4976,佳凌            ,443000,205000,238000,0,0,0,0,0,0,-14000,0,14000,-14000,0,0,0,224000
054667,神基元富97購01  ,0,0,0,0,0,0,0,0,0,223000,0,0,0,275000,52000,223000,223000
056155,嘉晶凱基97購01  ,0,0,0,0,0,0,0,0,0,222000,0,0,0,262000,40000,222000,222000
046385,群創凱基98購03  ,0,0,0,0,0,0,0,0,0,221000,0,0,0,343000,122000,221000,221000
050783,旺宏國泰96購02  ,0,0,0,0,0,0,0,0,0,221000,0,0,0,351000,130000,221000,221000
058787,元石油元大9A購01,0,0,0,0,0,0,0,0,0,220000,0,0,0,220000,0,220000,220000
049407,台積電日盛94購02,0,0,0,0,0,0,0,0,0,220000,0,0,0,220000,0,220000,220000
04107P,元黃金中信94售01,0,0,0,0,0,0,0,0,0,220000,0,0,0,220000,0,220000,220000
03497P,金像電凱基02售06,0,0,0,0,0,0,0,0,0,220000,0,0,0,220000,0,220000,220000
055826,中石化元大97購01,0,0,0,0,0,0,0,0,0,220000,0,0,0,221000,1000,220000,220000
051862,旺宏凱基95購05  ,0,0,0,0,0,0,0,0,0,220000,0,0,0,220000,0,220000,220000
05699P,茂林凱基96售05  ,0,0,0,0,0,0,0,0,0,219000,0,0,0,226000,7000,219000,219000
051222,世紀鋼元富95購01,0,0,0,0,0,0,0,0,0,219000,0,0,0,332000,113000,219000,219000
05574P,英業達元富96售01,0,0,0,0,0,0,0,0,0,219000,0,0,0,229000,10000,219000,219000
053742,創意國票97購01  ,0,0,0,0,0,0,0,0,0,219000,0,0,0,239000,20000,219000,219000
056699,光罩國泰99購01  ,0,0,0,0,0,0,0,0,0,218000,0,0,0,231000,13000,218000,218000
056379,玉晶光元富98購01,0,0,0,0,0,0,0,0,0,218000,0,0,0,218000,0,218000,218000
058244,神達元大99購02  ,0,0,0,0,0,0,0,0,0,218000,0,0,0,224000,6000,218000,218000
055808,世紀鋼永豐97購01,0,0,0,0,0,0,0,0,0,218000,0,0,0,391000,173000,218000,218000
049152,大立光元大95購06,0,0,0,0,0,0,0,0,0,216000,0,0,0,250000,34000,216000,216000
03177P,國巨群益01售12  ,0,0,0,0,0,0,0,0,0,216000,0,0,0,216000,0,216000,216000
053457,旺宏國泰98購03  ,0,0,0,0,0,0,0,0,0,216000,0,0,0,216000,0,216000,216000
057273,智邦元大98購05  ,0,0,0,0,0,0,0,0,0,215000,0,0,0,225000,10000,215000,215000
03896P,長榮航凱基95售01,0,0,0,0,0,0,0,0,0,215000,0,0,0,216000,1000,215000,215000
052325,高股息中信99購01,0,0,0,0,0,0,0,0,0,215000,0,0,0,596000,381000,215000,215000
057450,國泰金元富98購01,0,0,0,0,0,0,0,0,0,214000,0,0,0,271000,57000,214000,214000
051077,台郡國泰96購02  ,0,0,0,0,0,0,0,0,0,214000,0,0,0,214000,0,214000,214000
052617,景碩國泰98購01  ,0,0,0,0,0,0,0,0,0,214000,0,0,0,231000,17000,214000,214000
057497,祥碩元大98購06  ,0,0,0,0,0,0,0,0,0,210000,0,0,0,277000,67000,210000,210000
056413,上証反中信9A購01,0,0,0,0,0,0,0,0,0,210000,0,0,0,410000,200000,210000,210000
058289,奇鋐國票9A購01  ,0,0,0,0,0,0,0,0,0,210000,0,0,0,210000,0,210000,210000
054043,漢唐元大97購01  ,0,0,0,0,0,0,0,0,0,210000,0,0,0,210000,0,210000,210000
053098,國巨元富96購04  ,0,0,0,0,0,0,0,0,0,210000,0,0,0,210000,0,210000,210000
054228,貿聯元富96購03  ,0,0,0,0,0,0,0,0,0,210000,0,0,0,210000,0,210000,210000
058076,神達凱基98購02  ,0,0,0,0,0,0,0,0,0,208000,0,0,0,218000,10000,208000,208000
053917,友達國票97購03  ,0,0,0,0,0,0,0,0,0,208000,0,0,0,209000,1000,208000,208000
07074P,FBVIX凱基9A售01 ,0,0,0,0,0,0,0,0,0,208000,0,0,0,454000,246000,208000,208000
4906,正文            ,804000,588000,216000,0,0,0,0,0,0,-9000,47000,20000,27000,0,36000,-36000,207000
054390,智邦元富96購03  ,0,0,0,0,0,0,0,0,0,206000,0,0,0,270000,64000,206000,206000
053464,喬山元大96購01  ,0,0,0,0,0,0,0,0,0,206000,0,0,0,206000,0,206000,206000
056050,晶技國票98購01  ,0,0,0,0,0,0,0,0,0,206000,0,0,0,206000,0,206000,206000
058204,世芯凱基9A購01  ,0,0,0,0,0,0,0,0,0,205000,0,0,0,233000,28000,205000,205000
05666P,聯發科凱基96售14,0,0,0,0,0,0,0,0,0,205000,0,0,0,205000,0,205000,205000
058257,聯陽國泰9B購01  ,0,0,0,0,0,0,0,0,0,203000,0,0,0,316000,113000,203000,203000
058347,玉晶光群益9B購01,0,0,0,0,0,0,0,0,0,203000,0,0,0,212000,9000,203000,203000
047505,元金2X國票9B購01,0,0,0,0,0,0,0,0,0,203000,0,0,0,203000,0,203000,203000
056221,鴻海凱基99購01  ,0,0,0,0,0,0,0,0,0,203000,0,0,0,213000,10000,203000,203000
052531,台積電國泰96購06,0,0,0,0,0,0,0,0,0,203000,0,0,0,325000,122000,203000,203000
1707,葡萄王          ,623000,774000,-151000,0,0,0,388000,0,388000,-34000,2000,51000,-49000,15000,0,15000,203000
057381,微星國泰9A購01  ,0,0,0,0,0,0,0,0,0,202000,0,0,0,466000,264000,202000,202000
053270,台塑元大96購01  ,0,0,0,0,0,0,0,0,0,201000,0,0,0,401000,200000,201000,201000
057133,京鼎凱基98購02  ,0,0,0,0,0,0,0,0,0,200000,0,0,0,200000,0,200000,200000
057587,微星國票99購01  ,0,0,0,0,0,0,0,0,0,200000,0,0,0,200000,0,200000,200000
056723,國巨中信9A購01  ,0,0,0,0,0,0,0,0,0,200000,0,0,0,210000,10000,200000,200000
056858,國巨群益99購03  ,0,0,0,0,0,0,0,0,0,200000,0,0,0,200000,0,200000,200000
04208P,臺股指元大93售48,0,0,0,0,0,0,0,0,0,200000,0,0,0,200000,0,200000,200000
051039,台表科康和95購01,0,0,0,0,0,0,0,0,0,200000,0,0,0,200000,0,200000,200000
04560P,台積電凱基94售16,0,0,0,0,0,0,0,0,0,200000,0,0,0,200000,0,200000,200000
054550,旺宏凱基98購02  ,0,0,0,0,0,0,0,0,0,200000,0,0,0,200000,0,200000,200000
054567,拓凱群益98購01  ,0,0,0,0,0,0,0,0,0,200000,0,0,0,200000,0,200000,200000
05210P,台積電凱基95售15,0,0,0,0,0,0,0,0,0,200000,0,0,0,200000,0,200000,200000
049241,智邦元富94購01  ,0,0,0,0,0,0,0,0,0,200000,0,0,0,200000,0,200000,200000
048388,華通國票94購01  ,0,0,0,0,0,0,0,0,0,200000,0,0,0,200000,0,200000,200000
051113,聯電元富95購01  ,0,0,0,0,0,0,0,0,0,200000,0,0,0,200000,0,200000,200000
050611,鴻海元大95購02  ,0,0,0,0,0,0,0,0,0,200000,0,0,0,200000,0,200000,200000
049697,群創元大98購01  ,0,0,0,0,0,0,0,0,0,200000,0,0,0,200000,0,200000,200000
052936,華通兆豐98購01  ,0,0,0,0,0,0,0,0,0,200000,0,0,0,200000,0,200000,200000
052941,康控兆豐97購01  ,0,0,0,0,0,0,0,0,0,200000,0,0,0,200000,0,200000,200000
052610,貿聯元大97購01  ,0,0,0,0,0,0,0,0,0,200000,0,0,0,210000,10000,200000,200000
055923,矽力凱基98購01  ,0,0,0,0,0,0,0,0,0,200000,0,0,0,200000,0,200000,200000
054742,京鼎凱基99購01  ,0,0,0,0,0,0,0,0,0,200000,0,0,0,200000,0,200000,200000
052239,泰鼎國票97購01  ,0,0,0,0,0,0,0,0,0,200000,0,0,0,200000,0,200000,200000
054101,茂林國票97購04  ,0,0,0,0,0,0,0,0,0,200000,0,0,0,200000,0,200000,200000
057402,嘉晶群益98購02  ,0,0,0,0,0,0,0,0,0,199000,0,0,0,199000,0,199000,199000
06552P,茂林元大99售02  ,0,0,0,0,0,0,0,0,0,199000,0,0,0,264000,65000,199000,199000
06112P,台積電兆豐97售01,0,0,0,0,0,0,0,0,0,198000,0,0,0,201000,3000,198000,198000
052293,泰碩國票95購03  ,0,0,0,0,0,0,0,0,0,198000,0,0,0,208000,10000,198000,198000
050719,世紀鋼群益96購01,0,0,0,0,0,0,0,0,0,197000,0,0,0,217000,20000,197000,197000
058205,神達凱基9B購01  ,0,0,0,0,0,0,0,0,0,196000,0,0,0,258000,62000,196000,196000
055350,聯發科凱基97購02,0,0,0,0,0,0,0,0,0,195000,0,0,0,200000,5000,195000,195000
055653,聯詠元富01購02  ,0,0,0,0,0,0,0,0,0,195000,0,0,0,230000,35000,195000,195000
3532,台勝科          ,436000,977048,-541048,0,0,0,1000,0,1000,735000,1000,4000,-3000,739000,1000,738000,194952
08679P,台灣50元大01售15,0,0,0,0,0,0,0,0,0,194000,0,0,0,1990000,1796000,194000,194000
058367,大立光凱基9A購01,0,0,0,0,0,0,0,0,0,193000,0,0,0,221000,28000,193000,193000
052345,矽力凱基95購01  ,0,0,0,0,0,0,0,0,0,193000,0,0,0,220000,27000,193000,193000
055300,緯穎元大98購01  ,0,0,0,0,0,0,0,0,0,193000,0,0,0,298000,105000,193000,193000
6209,今國光          ,484000,291000,193000,0,0,0,0,0,0,0,0,0,0,0,0,0,193000
057842,緯穎富邦99購02  ,0,0,0,0,0,0,0,0,0,192000,0,0,0,393000,201000,192000,192000
057478,智邦元大99購01  ,0,0,0,0,0,0,0,0,0,191000,0,0,0,263000,72000,191000,191000
048519,緯穎凱基93購02  ,0,0,0,0,0,0,0,0,0,191000,0,0,0,191000,0,191000,191000
052991,台積電台新96購01,0,0,0,0,0,0,0,0,0,191000,0,0,0,200000,9000,191000,191000
050130,華新科凱基94購09,0,0,0,0,0,0,0,0,0,190000,0,0,0,190000,0,190000,190000
049622,聯詠群益94購02  ,0,0,0,0,0,0,0,0,0,190000,0,0,0,190000,0,190000,190000
050603,致新國泰96購01  ,0,0,0,0,0,0,0,0,0,190000,0,0,0,200000,10000,190000,190000
045836,群創群益98購01  ,0,0,0,0,0,0,0,0,0,190000,0,0,0,200000,10000,190000,190000
05315P,鴻海永昌96售08  ,0,0,0,0,0,0,0,0,0,190000,0,0,0,190000,0,190000,190000
053467,鴻海元大96購20  ,0,0,0,0,0,0,0,0,0,190000,0,0,0,270000,80000,190000,190000
056455,群創凱基9A購01  ,0,0,0,0,0,0,0,0,0,189000,0,0,0,200000,11000,189000,189000
050186,京鼎元大94購01  ,0,0,0,0,0,0,0,0,0,189000,0,0,0,189000,0,189000,189000
054860,台積電群益98購01,0,0,0,0,0,0,0,0,0,188000,0,0,0,189000,1000,188000,188000
052747,京鼎元大97購01  ,0,0,0,0,0,0,0,0,0,188000,0,0,0,328000,140000,188000,188000
056641,華通凱基98購03  ,0,0,0,0,0,0,0,0,0,186000,0,0,0,186000,0,186000,186000
058403,玉晶光元大99購12,0,0,0,0,0,0,0,0,0,186000,0,0,0,384000,198000,186000,186000
052721,友達統一96購01  ,0,0,0,0,0,0,0,0,0,185000,0,0,0,185000,0,185000,185000
056080,世紀鋼元大97購03,0,0,0,0,0,0,0,0,0,185000,0,0,0,201000,16000,185000,185000
052961,國巨凱基97購02  ,0,0,0,0,0,0,0,0,0,185000,0,0,0,185000,0,185000,185000
052866,大立光凱基96購12,0,0,0,0,0,0,0,0,0,185000,0,0,0,195000,10000,185000,185000
057623,友訊國泰99購01  ,0,0,0,0,0,0,0,0,0,184000,0,0,0,184000,0,184000,184000
053690,南亞科元大96購02,0,0,0,0,0,0,0,0,0,183000,0,0,0,308000,125000,183000,183000
055584,國巨元大97購11  ,0,0,0,0,0,0,0,0,0,183000,0,0,0,221000,38000,183000,183000
2534,宏盛            ,477000,290000,187000,0,0,0,0,0,0,-4000,0,4000,-4000,0,0,0,183000
048575,旺宏國泰94購04  ,0,0,0,0,0,0,0,0,0,181000,0,0,0,319000,138000,181000,181000
052590,祥碩永豐96購01  ,0,0,0,0,0,0,0,0,0,181000,0,0,0,300000,119000,181000,181000
056864,新日興群益99購01,0,0,0,0,0,0,0,0,0,180000,0,0,0,180000,0,180000,180000
058110,光寶科元富98購01,0,0,0,0,0,0,0,0,0,180000,0,0,0,230000,50000,180000,180000
06033P,可成凱基96售09  ,0,0,0,0,0,0,0,0,0,180000,0,0,0,463000,283000,180000,180000
046680,上証反群益95購01,0,0,0,0,0,0,0,0,0,180000,0,0,0,180000,0,180000,180000
052798,滬深2X元大96購07,0,0,0,0,0,0,0,0,0,180000,0,0,0,180000,0,180000,180000
055082,台郡中信97購01  ,0,0,0,0,0,0,0,0,0,180000,0,0,0,200000,20000,180000,180000
054688,兆赫永豐97購01  ,0,0,0,0,0,0,0,0,0,180000,0,0,0,180000,0,180000,180000
048350,世紀鋼元大95購01,0,0,0,0,0,0,0,0,0,179000,0,0,0,267000,88000,179000,179000
048733,台勝科麥證95購02,0,0,0,232000,53000,179000,0,0,0,179000,0,0,0,232000,53000,179000,179000
058336,鴻海元富99購07  ,0,0,0,0,0,0,0,0,0,178000,0,0,0,188000,10000,178000,178000
058334,鴻海元富99購05  ,0,0,0,0,0,0,0,0,0,177000,0,0,0,227000,50000,177000,177000
04834P,鴻海元大94售17  ,0,0,0,0,0,0,0,0,0,176000,0,0,0,300000,124000,176000,176000
048628,T50反1元大96購03,0,0,0,0,0,0,0,0,0,176000,0,0,0,176000,0,176000,176000
054445,技嘉兆豐96購01  ,0,0,0,0,0,0,0,0,0,176000,0,0,0,176000,0,176000,176000
06958P,FBVIX凱基9C售02 ,0,0,0,0,0,0,0,0,0,176000,0,0,0,181000,5000,176000,176000
057875,京鼎元大98購03  ,0,0,0,0,0,0,0,0,0,175000,0,0,0,200000,25000,175000,175000
050099,台積電永昌96購01,0,0,0,0,0,0,0,0,0,175000,0,0,0,289000,114000,175000,175000
054573,漢唐元大98購01  ,0,0,0,0,0,0,0,0,0,175000,0,0,0,205000,30000,175000,175000
055230,大毅國票98購01  ,0,0,0,0,0,0,0,0,0,174000,0,0,0,174000,0,174000,174000
057870,大立光凱基99購02,0,0,0,0,0,0,0,0,0,173000,0,0,0,203000,30000,173000,173000
5264,鎧勝-KY         ,742000,532000,210000,0,0,0,0,0,0,-37000,0,40000,-40000,4000,1000,3000,173000
057732,牧德國泰9A購01  ,0,0,0,0,0,0,0,0,0,172000,0,0,0,180000,8000,172000,172000
048007,明基材元大96購01,0,0,0,0,0,0,0,0,0,172000,0,0,0,372000,200000,172000,172000
056256,聯茂元富97購03  ,0,0,0,0,0,0,0,0,0,170000,0,0,0,180000,10000,170000,170000
03652C,臺股指元大03牛01,0,0,0,0,0,0,0,0,0,170000,0,0,0,481000,311000,170000,170000
053323,群創群益98購07  ,0,0,0,0,0,0,0,0,0,170000,0,0,0,170000,0,170000,170000
05020P,廣達中信95售01  ,0,0,0,0,0,0,0,0,0,170000,0,0,0,170000,0,170000,170000
055065,神達永豐97購01  ,0,0,0,0,0,0,0,0,0,170000,0,0,0,242000,72000,170000,170000
051660,緯穎國泰96購02  ,0,0,0,0,0,0,0,0,0,170000,0,0,0,170000,0,170000,170000
055681,奇鋐凱基98購03  ,0,0,0,0,0,0,0,0,0,170000,0,0,0,170000,0,170000,170000
055487,國巨元大98購07  ,0,0,0,0,0,0,0,0,0,170000,0,0,0,170000,0,170000,170000
057719,欣興元富02購01  ,0,0,0,0,0,0,0,0,0,169000,0,0,0,278000,109000,169000,169000
058640,台灣50麥證9A購01,0,0,0,199000,30000,169000,0,0,0,169000,0,0,0,199000,30000,169000,169000
052811,玉晶光台新96購03,0,0,0,0,0,0,0,0,0,169000,0,0,0,308000,139000,169000,169000
058587,台積電中信9C購03,0,0,0,0,0,0,0,0,0,168000,0,0,0,218000,50000,168000,168000
058511,華新科元大9B購01,0,0,0,0,0,0,0,0,0,168000,0,0,0,280000,112000,168000,168000
051378,奇力新群益95購01,0,0,0,0,0,0,0,0,0,168000,0,0,0,180000,12000,168000,168000
057825,和碩元大98購02  ,0,0,0,0,0,0,0,0,0,167000,0,0,0,167000,0,167000,167000
05696P,南亞科凱基96售01,0,0,0,0,0,0,0,0,0,167000,0,0,0,303000,136000,167000,167000
055694,光罩國票98購01  ,0,0,0,0,0,0,0,0,0,167000,0,0,0,167000,0,167000,167000
056734,國巨凱基99購01  ,0,0,0,0,0,0,0,0,0,166000,0,0,0,168000,2000,166000,166000
058451,智邦永豐9A購01  ,0,0,0,0,0,0,0,0,0,166000,0,0,0,391000,225000,166000,166000
050451,嘉晶元大95購01  ,0,0,0,0,0,0,0,0,0,166000,0,0,0,405000,239000,166000,166000
053904,漢唐凱基97購01  ,0,0,0,0,0,0,0,0,0,166000,0,0,0,166000,0,166000,166000
00680L,元大美債20正2   ,0,0,0,0,0,0,0,0,0,165000,0,0,0,348000,183000,165000,165000
044974,鴻海國票94購01  ,0,0,0,0,0,0,0,0,0,165000,0,0,0,165000,0,165000,165000
053705,滬深2X凱基99購01,0,0,0,0,0,0,0,0,0,165000,0,0,0,245000,80000,165000,165000
06264P,友達凱基98售06  ,0,0,0,0,0,0,0,0,0,165000,0,0,0,165000,0,165000,165000
053312,緯穎凱基96購02  ,0,0,0,0,0,0,0,0,0,164000,0,0,0,164000,0,164000,164000
06800P,台灣50群益9A售02,0,0,0,0,0,0,0,0,0,164000,0,0,0,164000,0,164000,164000
058350,T50正2凱基9B購01,0,0,0,0,0,0,0,0,0,163000,0,0,0,163000,0,163000,163000
058520,智易元大99購03  ,0,0,0,0,0,0,0,0,0,163000,0,0,0,166000,3000,163000,163000
050266,兆豐金元大94購01,0,0,0,0,0,0,0,0,0,163000,0,0,0,163000,0,163000,163000
04433P,上証2X國票95售01,0,0,0,0,0,0,0,0,0,163000,0,0,0,163000,0,163000,163000
055645,技嘉元富97購01  ,0,0,0,0,0,0,0,0,0,163000,0,0,0,163000,0,163000,163000
054710,東元元富97購01  ,0,0,0,0,0,0,0,0,0,162000,0,0,0,340000,178000,162000,162000
056659,泰碩元大99購01  ,0,0,0,0,0,0,0,0,0,161000,0,0,0,307000,146000,161000,161000
056557,世紀鋼凱基98購02,0,0,0,0,0,0,0,0,0,161000,0,0,0,179000,18000,161000,161000
05176P,台積電凱基95售11,0,0,0,0,0,0,0,0,0,161000,0,0,0,161000,0,161000,161000
056597,宏碁元富98購01  ,0,0,0,0,0,0,0,0,0,160000,0,0,0,660000,500000,160000,160000
049553,鴻海國泰96購02  ,0,0,0,0,0,0,0,0,0,160000,0,0,0,192000,32000,160000,160000
050694,國巨凱基96購03  ,0,0,0,0,0,0,0,0,0,160000,0,0,0,200000,40000,160000,160000
051317,亞德客國票96購01,0,0,0,0,0,0,0,0,0,160000,0,0,0,160000,0,160000,160000
052010,兆豐金中信95購01,0,0,0,0,0,0,0,0,0,160000,0,0,0,165000,5000,160000,160000
08447P,緯穎永豐9C售02  ,0,0,0,0,0,0,0,0,0,160000,0,0,0,160000,0,160000,160000
057365,智邦元大98購07  ,0,0,0,0,0,0,0,0,0,159000,0,0,0,228000,69000,159000,159000
053313,世紀鋼凱基96購01,0,0,0,0,0,0,0,0,0,159000,0,0,0,514000,355000,159000,159000
052313,聯電元大98購01  ,0,0,0,0,0,0,0,0,0,159000,0,0,0,174000,15000,159000,159000
053887,聯茂兆豐97購02  ,0,0,0,0,0,0,0,0,0,159000,0,0,0,320000,161000,159000,159000
058842,元油2X群益9C購01,0,0,0,0,0,0,0,0,0,158000,0,0,0,158000,0,158000,158000
05091P,台積電元大95售11,0,0,0,0,0,0,0,0,0,158000,0,0,0,549000,391000,158000,158000
058632,世紀鋼國票9A購01,0,0,0,0,0,0,0,0,0,157000,0,0,0,187000,30000,157000,157000
056593,台積電元富98購02,0,0,0,0,0,0,0,0,0,157000,0,0,0,290000,133000,157000,157000
056344,嘉晶凱基98購02  ,0,0,0,0,0,0,0,0,0,156000,0,0,0,250000,94000,156000,156000
051931,美律國票96購02  ,0,0,0,0,0,0,0,0,0,155000,0,0,0,195000,40000,155000,155000
055538,鴻海日盛97購04  ,0,0,0,0,0,0,0,0,0,155000,0,0,0,165000,10000,155000,155000
056556,南電凱基98購01  ,0,0,0,0,0,0,0,0,0,154000,0,0,0,186000,32000,154000,154000
058415,祥碩兆豐99購01  ,0,0,0,0,0,0,0,0,0,154000,0,0,0,179000,25000,154000,154000
055993,致茂國泰99購01  ,0,0,0,0,0,0,0,0,0,154000,0,0,0,204000,50000,154000,154000
03543P,台泥中信02售01  ,0,0,0,0,0,0,0,0,0,153000,0,0,0,173000,20000,153000,153000
052766,玉晶光群益9A購01,0,0,0,0,0,0,0,0,0,153000,0,0,0,156000,3000,153000,153000
08653P,台灣50凱基96售07,0,0,0,0,0,0,0,0,0,153000,0,0,0,153000,0,153000,153000
2520,冠德            ,1118000,746000,372000,0,0,0,0,0,0,-219000,35000,214000,-179000,0,40000,-40000,153000
056572,義隆元大99購01  ,0,0,0,0,0,0,0,0,0,152000,0,0,0,162000,10000,152000,152000
045678,華新科元大95購01,0,0,0,0,0,0,0,0,0,152000,0,0,0,349000,197000,152000,152000
049835,緯穎凱基94購05  ,0,0,0,0,0,0,0,0,0,152000,0,0,0,162000,10000,152000,152000
051482,玉晶光凱基96購01,0,0,0,0,0,0,0,0,0,152000,0,0,0,152000,0,152000,152000
045657,T50反1國泰94購01,0,0,0,0,0,0,0,0,0,151000,0,0,0,151000,0,151000,151000
05347P,滬深2X元富9B售02,0,0,0,0,0,0,0,0,0,151000,0,0,0,161000,10000,151000,151000
057815,信邦元大98購01  ,0,0,0,0,0,0,0,0,0,150000,0,0,0,170000,20000,150000,150000
057602,聯茂群益98購02  ,0,0,0,0,0,0,0,0,0,150000,0,0,0,150000,0,150000,150000
047782,燿華國泰95購01  ,0,0,0,0,0,0,0,0,0,150000,0,0,0,150000,0,150000,150000
051500,聯茂群益95購01  ,0,0,0,0,0,0,0,0,0,150000,0,0,0,171000,21000,150000,150000
051405,世芯永豐95購01  ,0,0,0,0,0,0,0,0,0,150000,0,0,0,150000,0,150000,150000
053281,茂林元大96購02  ,0,0,0,0,0,0,0,0,0,150000,0,0,0,288000,138000,150000,150000
053897,台郡群益96購01  ,0,0,0,0,0,0,0,0,0,150000,0,0,0,150000,0,150000,150000
051990,泰碩元大95購01  ,0,0,0,0,0,0,0,0,0,150000,0,0,0,150000,0,150000,150000
054963,牧德元大97購02  ,0,0,0,0,0,0,0,0,0,150000,0,0,0,220000,70000,150000,150000
052575,茂林凱基96購04  ,0,0,0,0,0,0,0,0,0,150000,0,0,0,150000,0,150000,150000
053183,大立光元富96購03,0,0,0,0,0,0,0,0,0,150000,0,0,0,250000,100000,150000,150000
08484P,台灣50中信96售01,0,0,0,0,0,0,0,0,0,150000,0,0,0,150000,0,150000,150000
04930P,國巨統一94售08  ,0,0,0,0,0,0,0,0,0,149000,0,0,0,149000,0,149000,149000
053593,晶技元大98購01  ,0,0,0,0,0,0,0,0,0,149000,0,0,0,149000,0,149000,149000
06572P,台積電永昌99售01,0,0,0,0,0,0,0,0,0,149000,0,0,0,159000,10000,149000,149000
057784,台積電國票9B購01,0,0,0,0,0,0,0,0,0,148000,0,0,0,215000,67000,148000,148000
058523,聯茂元大99購08  ,0,0,0,0,0,0,0,0,0,148000,0,0,0,158000,10000,148000,148000
053477,大立光元大97購03,0,0,0,0,0,0,0,0,0,148000,0,0,0,298000,150000,148000,148000
055371,正崴元大97購02  ,0,0,0,0,0,0,0,0,0,148000,0,0,0,208000,60000,148000,148000
058509,聯發科元大99購12,0,0,0,0,0,0,0,0,0,147000,0,0,0,268000,121000,147000,147000
055891,鴻海統一9A購01  ,0,0,0,0,0,0,0,0,0,147000,0,0,0,147000,0,147000,147000
052309,健策國泰97購01  ,0,0,0,0,0,0,0,0,0,147000,0,0,0,147000,0,147000,147000
06505P,康控國票99售02  ,0,0,0,0,0,0,0,0,0,147000,0,0,0,147000,0,147000,147000
5215,科嘉-KY         ,123000,182000,-59000,0,0,0,207000,0,207000,-1000,1000,2000,-1000,0,0,0,147000
3605,宏致            ,433000,247000,186000,0,0,0,0,0,0,-39000,0,39000,-39000,0,0,0,147000
052078,大立光元富95購10,0,0,0,0,0,0,0,0,0,146000,0,0,0,186000,40000,146000,146000
056071,創意元大97購02  ,0,0,0,0,0,0,0,0,0,146000,0,0,0,236000,90000,146000,146000
05791P,臺股指中信99售06,0,0,0,0,0,0,0,0,0,145000,0,0,0,630000,485000,145000,145000
057203,麗豐元富98購02  ,0,0,0,0,0,0,0,0,0,145000,0,0,0,232000,87000,145000,145000
056869,國巨日盛99購03  ,0,0,0,0,0,0,0,0,0,145000,0,0,0,145000,0,145000,145000
050262,台積電元大94購21,0,0,0,0,0,0,0,0,0,145000,0,0,0,200000,55000,145000,145000
047969,台達電富邦97購01,0,0,0,0,0,0,0,0,0,145000,0,0,0,145000,0,145000,145000
056200,大毅永豐98購01  ,0,0,0,0,0,0,0,0,0,145000,0,0,0,195000,50000,145000,145000
055860,啟碁元大97購04  ,0,0,0,0,0,0,0,0,0,145000,0,0,0,150000,5000,145000,145000
052787,國巨中信96購02  ,0,0,0,0,0,0,0,0,0,145000,0,0,0,145000,0,145000,145000
053154,聯詠元大96購01  ,0,0,0,0,0,0,0,0,0,145000,0,0,0,145000,0,145000,145000
06382P,大毅元富97售02  ,0,0,0,0,0,0,0,0,0,145000,0,0,0,176000,31000,145000,145000
057851,鴻海國票99購06  ,0,0,0,0,0,0,0,0,0,144000,0,0,0,294000,150000,144000,144000
046218,T50反1元大93購02,0,0,0,0,0,0,0,0,0,144000,0,0,0,144000,0,144000,144000
054932,台肥元大97購01  ,0,0,0,0,0,0,0,0,0,144000,0,0,0,230000,86000,144000,144000
056535,全新凱基99購02  ,0,0,0,0,0,0,0,0,0,143000,0,0,0,143000,0,143000,143000
04723P,美律凱基94售06  ,0,0,0,0,0,0,0,0,0,143000,0,0,0,216000,73000,143000,143000
053654,聯發科凱基98購01,0,0,0,0,0,0,0,0,0,143000,0,0,0,143000,0,143000,143000
055393,華新科統一97購03,0,0,0,0,0,0,0,0,0,143000,0,0,0,143000,0,143000,143000
06652P,長榮航元大98售01,0,0,0,0,0,0,0,0,0,143000,0,0,0,430000,287000,143000,143000
046855,嘉晶元大94購01  ,0,0,0,0,0,0,0,0,0,142000,0,0,0,150000,8000,142000,142000
06358P,力成中信97售02  ,0,0,0,0,0,0,0,0,0,142000,0,0,0,142000,0,142000,142000
01003T,兆豐新光R1      ,141000,0,141000,0,0,0,0,0,0,0,0,0,0,0,0,0,141000
051466,玉晶光富邦97購01,0,0,0,0,0,0,0,0,0,141000,0,0,0,201000,60000,141000,141000
055060,聯陽永豐97購01  ,0,0,0,0,0,0,0,0,0,141000,0,0,0,151000,10000,141000,141000
054444,緯穎台新97購01  ,0,0,0,0,0,0,0,0,0,141000,0,0,0,164000,23000,141000,141000
057648,和碩元大98購01  ,0,0,0,0,0,0,0,0,0,140000,0,0,0,140000,0,140000,140000
058200,世芯康和99購01  ,0,0,0,0,0,0,0,0,0,140000,0,0,0,140000,0,140000,140000
050782,台積電國泰96購03,0,0,0,0,0,0,0,0,0,140000,0,0,0,199000,59000,140000,140000
050061,聯發科凱基94購07,0,0,0,0,0,0,0,0,0,140000,0,0,0,140000,0,140000,140000
045861,智邦統一93購02  ,0,0,0,0,0,0,0,0,0,140000,0,0,0,140000,0,140000,140000
053921,嘉晶國票97購03  ,0,0,0,0,0,0,0,0,0,140000,0,0,0,140000,0,140000,140000
058226,世芯元富99購01  ,0,0,0,0,0,0,0,0,0,139000,0,0,0,272000,133000,139000,139000
058529,S&P正2元富9B購01,0,0,0,0,0,0,0,0,0,139000,0,0,0,139000,0,139000,139000
058627,聯發科國票99購04,0,0,0,0,0,0,0,0,0,139000,0,0,0,142000,3000,139000,139000
058335,鴻海元富99購06  ,0,0,0,0,0,0,0,0,0,139000,0,0,0,159000,20000,139000,139000
06012P,世芯國票96售01  ,0,0,0,0,0,0,0,0,0,139000,0,0,0,150000,11000,139000,139000
056637,台光電日盛9A購01,0,0,0,0,0,0,0,0,0,139000,0,0,0,139000,0,139000,139000
04589P,祥碩永豐94售01  ,0,0,0,0,0,0,0,0,0,139000,0,0,0,139000,0,139000,139000
042994,葡萄王元大94購02,0,0,0,0,0,0,0,0,0,139000,0,0,0,309000,170000,139000,139000
05007P,旺宏元富95售01  ,0,0,0,0,0,0,0,0,0,139000,0,0,0,149000,10000,139000,139000
06394P,台積電元大97售28,0,0,0,0,0,0,0,0,0,139000,0,0,0,228000,89000,139000,139000
05006P,華通元富95售01  ,0,0,0,0,0,0,0,0,0,138000,0,0,0,138000,0,138000,138000
038489,T50反1台新9A購01,0,0,0,0,0,0,0,0,0,138000,0,0,0,138000,0,138000,138000
06877P,台積電兆豐98售04,0,0,0,0,0,0,0,0,0,138000,0,0,0,408000,270000,138000,138000
058089,聯發科元大98購15,0,0,0,0,0,0,0,0,0,137000,0,0,0,210000,73000,137000,137000
056077,矽力元大97購07  ,0,0,0,0,0,0,0,0,0,137000,0,0,0,288000,151000,137000,137000
06587P,國巨元大98售13  ,0,0,0,0,0,0,0,0,0,137000,0,0,0,167000,30000,137000,137000
056478,晶技元大99購01  ,0,0,0,0,0,0,0,0,0,136000,0,0,0,144000,8000,136000,136000
057725,台達電國泰9A購01,0,0,0,0,0,0,0,0,0,136000,0,0,0,156000,20000,136000,136000
049052,台積電永豐94購02,0,0,0,0,0,0,0,0,0,136000,0,0,0,146000,10000,136000,136000
048699,嘉晶國票95購01  ,0,0,0,0,0,0,0,0,0,136000,0,0,0,136000,0,136000,136000
053344,嘉晶國票97購02  ,0,0,0,0,0,0,0,0,0,135000,0,0,0,135000,0,135000,135000
049438,嘉晶國泰96購01  ,0,0,0,0,0,0,0,0,0,135000,0,0,0,135000,0,135000,135000
055381,茂林元大97購02  ,0,0,0,0,0,0,0,0,0,135000,0,0,0,215000,80000,135000,135000
057199,台達電元富02購01,0,0,0,0,0,0,0,0,0,134000,0,0,0,190000,56000,134000,134000
056537,冠德凱基98購01  ,0,0,0,0,0,0,0,0,0,134000,0,0,0,145000,11000,134000,134000
056562,奇力新群益98購01,0,0,0,0,0,0,0,0,0,133000,0,0,0,133000,0,133000,133000
04913P,聯詠元富94售02  ,0,0,0,0,0,0,0,0,0,133000,0,0,0,133000,0,133000,133000
051483,玉晶光凱基96購02,0,0,0,0,0,0,0,0,0,133000,0,0,0,133000,0,133000,133000
056079,世紀鋼元大97購02,0,0,0,0,0,0,0,0,0,133000,0,0,0,257000,124000,133000,133000
053414,臻鼎國票97購01  ,0,0,0,0,0,0,0,0,0,133000,0,0,0,133000,0,133000,133000
2104,國際中橡        ,1208000,1012000,196000,0,0,0,0,1000,-1000,-62000,25000,87000,-62000,0,0,0,133000
6166,凌華            ,430711,296000,134711,0,0,0,0,1000,-1000,-1000,0,0,0,0,1000,-1000,132711
056442,瑞昱凱基98購02  ,0,0,0,0,0,0,0,0,0,132000,0,0,0,155000,23000,132000,132000
050722,聯電國票96購01  ,0,0,0,0,0,0,0,0,0,132000,0,0,0,137000,5000,132000,132000
05401P,聯茂永豐95售03  ,0,0,0,0,0,0,0,0,0,132000,0,0,0,160000,28000,132000,132000
055729,金寶元富99購01  ,0,0,0,0,0,0,0,0,0,132000,0,0,0,280000,148000,132000,132000
2609,陽明            ,270000,138000,132000,0,0,0,0,0,0,0,0,0,0,0,0,0,132000
050971,緯穎永豐95購01  ,0,0,0,0,0,0,0,0,0,131000,0,0,0,190000,59000,131000,131000
05278P,台郡元富95售02  ,0,0,0,0,0,0,0,0,0,131000,0,0,0,166000,35000,131000,131000
052706,台虹國票97購01  ,0,0,0,0,0,0,0,0,0,131000,0,0,0,131000,0,131000,131000
055863,緯穎元大97購05  ,0,0,0,0,0,0,0,0,0,131000,0,0,0,556000,425000,131000,131000
055232,泰碩國票98購01  ,0,0,0,0,0,0,0,0,0,131000,0,0,0,131000,0,131000,131000
056416,華新科中信98購01,0,0,0,0,0,0,0,0,0,130000,0,0,0,130000,0,130000,130000
057574,中磊永豐98購01  ,0,0,0,0,0,0,0,0,0,130000,0,0,0,130000,0,130000,130000
057942,可成國票99購02  ,0,0,0,0,0,0,0,0,0,130000,0,0,0,130000,0,130000,130000
058889,元油2X元大9C購05,0,0,0,0,0,0,0,0,0,130000,0,0,0,151000,21000,130000,130000
047137,健策凱基94購01  ,0,0,0,0,0,0,0,0,0,130000,0,0,0,160000,30000,130000,130000
03632C,臺股指元大95牛03,0,0,0,0,0,0,0,0,0,130000,0,0,0,205000,75000,130000,130000
03128P,玉晶光國泰03售04,0,0,0,0,0,0,0,0,0,130000,0,0,0,130000,0,130000,130000
05123P,鴻海永昌96售07  ,0,0,0,0,0,0,0,0,0,130000,0,0,0,130000,0,130000,130000
054791,泰碩群益99購02  ,0,0,0,0,0,0,0,0,0,130000,0,0,0,443000,313000,130000,130000
054300,華通凱基96購07  ,0,0,0,0,0,0,0,0,0,130000,0,0,0,130000,0,130000,130000
052521,友達元大9B購01  ,0,0,0,0,0,0,0,0,0,130000,0,0,0,281000,151000,130000,130000
055880,神達元富97購02  ,0,0,0,0,0,0,0,0,0,130000,0,0,0,165000,35000,130000,130000
052751,臺股指元大96購05,0,0,0,0,0,0,0,0,0,130000,0,0,0,130000,0,130000,130000
4551,智伸科          ,273000,149000,124000,0,0,0,0,0,0,6000,20000,9000,11000,0,5000,-5000,130000
056667,上銀國票99購01  ,0,0,0,0,0,0,0,0,0,129000,0,0,0,129000,0,129000,129000
048499,達運元大96購01  ,0,0,0,0,0,0,0,0,0,129000,0,0,0,129000,0,129000,129000
00710B,FH彭博高收益債  ,0,0,0,0,0,0,0,0,0,129000,0,0,0,229000,100000,129000,129000
055831,台達電元大97購01,0,0,0,0,0,0,0,0,0,129000,0,0,0,250000,121000,129000,129000
057161,亞德客元大98購02,0,0,0,0,0,0,0,0,0,128000,0,0,0,128000,0,128000,128000
052674,智邦國泰98購01  ,0,0,0,0,0,0,0,0,0,128000,0,0,0,268000,140000,128000,128000
055005,晶相光元富97購01,0,0,0,0,0,0,0,0,0,128000,0,0,0,155000,27000,128000,128000
055275,台積電元大97購19,0,0,0,0,0,0,0,0,0,128000,0,0,0,138000,10000,128000,128000
057095,祥碩元富98購02  ,0,0,0,0,0,0,0,0,0,127000,0,0,0,177000,50000,127000,127000
056919,英業達兆豐98購01,0,0,0,0,0,0,0,0,0,127000,0,0,0,243000,116000,127000,127000
048748,國巨元富96購01  ,0,0,0,0,0,0,0,0,0,127000,0,0,0,151000,24000,127000,127000
049864,聯發科兆豐94購01,0,0,0,0,0,0,0,0,0,127000,0,0,0,340000,213000,127000,127000
054113,奇力新台新97購01,0,0,0,0,0,0,0,0,0,127000,0,0,0,130000,3000,127000,127000
051999,勤誠元大95購01  ,0,0,0,0,0,0,0,0,0,127000,0,0,0,132000,5000,127000,127000
3022,威強電          ,174000,39000,135000,0,0,0,0,0,0,-8000,0,8000,-8000,0,0,0,127000
056701,國產國泰9A購01  ,0,0,0,0,0,0,0,0,0,126000,0,0,0,326000,200000,126000,126000
056299,友達元大9B購04  ,0,0,0,0,0,0,0,0,0,126000,0,0,0,162000,36000,126000,126000
058024,台積電國泰9A購01,0,0,0,0,0,0,0,0,0,126000,0,0,0,136000,10000,126000,126000
058485,智邦國票9A購01  ,0,0,0,0,0,0,0,0,0,126000,0,0,0,126000,0,126000,126000
050685,緯穎元富94購02  ,0,0,0,0,0,0,0,0,0,126000,0,0,0,126000,0,126000,126000
050114,群創元大95購01  ,0,0,0,0,0,0,0,0,0,126000,0,0,0,136000,10000,126000,126000
03638C,T50反1元大94牛03,0,0,0,0,0,0,0,0,0,126000,0,0,0,231000,105000,126000,126000
049554,禾伸堂富邦96購01,0,0,0,0,0,0,0,0,0,126000,0,0,0,126000,0,126000,126000
049406,T50反1日盛97購01,0,0,0,0,0,0,0,0,0,126000,0,0,0,126000,0,126000,126000
051830,健策元大97購01  ,0,0,0,0,0,0,0,0,0,126000,0,0,0,166000,40000,126000,126000
053019,禾伸堂元富96購01,0,0,0,0,0,0,0,0,0,126000,0,0,0,176000,50000,126000,126000
057916,國巨凱基98購13  ,0,0,0,0,0,0,0,0,0,125000,0,0,0,125000,0,125000,125000
057135,立積凱基98購01  ,0,0,0,0,0,0,0,0,0,125000,0,0,0,150000,25000,125000,125000
051001,緯穎元大96購02  ,0,0,0,0,0,0,0,0,0,125000,0,0,0,151000,26000,125000,125000
04388P,滬深2X凱基95售05,0,0,0,0,0,0,0,0,0,125000,0,0,0,125000,0,125000,125000
042752,台灣50元大96購03,0,0,0,0,0,0,0,0,0,125000,0,0,0,125000,0,125000,125000
055547,台積電凱基97購13,0,0,0,0,0,0,0,0,0,125000,0,0,0,125000,0,125000,125000
056165,矽力凱基98購02  ,0,0,0,0,0,0,0,0,0,125000,0,0,0,125000,0,125000,125000
056193,聯發科富邦99購08,0,0,0,0,0,0,0,0,0,125000,0,0,0,229000,104000,125000,125000
07083P,台積電統一9A售06,0,0,0,0,0,0,0,0,0,125000,0,0,0,125000,0,125000,125000
049820,世紀鋼元大96購03,0,0,0,0,0,0,0,0,0,124000,0,0,0,161000,37000,124000,124000
055804,祥碩永豐97購02  ,0,0,0,0,0,0,0,0,0,124000,0,0,0,154000,30000,124000,124000
052593,台積電群益96購02,0,0,0,0,0,0,0,0,0,124000,0,0,0,124000,0,124000,124000
052003,泰碩國泰97購02  ,0,0,0,0,0,0,0,0,0,124000,0,0,0,1431000,1307000,124000,124000
9103,美德醫療-DR     ,193000,71000,122000,0,0,0,0,0,0,2000,2000,0,2000,0,0,0,124000
058799,晶技元大99購04  ,0,0,0,0,0,0,0,0,0,123000,0,0,0,131000,8000,123000,123000
053528,南電中信9A購01  ,0,0,0,0,0,0,0,0,0,123000,0,0,0,123000,0,123000,123000
052341,泰鼎凱基96購02  ,0,0,0,0,0,0,0,0,0,123000,0,0,0,123000,0,123000,123000
05562P,鴻海元大96售16  ,0,0,0,0,0,0,0,0,0,123000,0,0,0,123000,0,123000,123000
058299,同欣電凱基9A購01,0,0,0,0,0,0,0,0,0,122000,0,0,0,132000,10000,122000,122000
057750,神達國票99購01  ,0,0,0,0,0,0,0,0,0,122000,0,0,0,122000,0,122000,122000
048588,世紀鋼中信94購01,0,0,0,0,0,0,0,0,0,122000,0,0,0,257000,135000,122000,122000
047572,深中小群益95購01,0,0,0,0,0,0,0,0,0,122000,0,0,0,202000,80000,122000,122000
052834,彩晶群益96購01  ,0,0,0,0,0,0,0,0,0,122000,0,0,0,122000,0,122000,122000
055235,金寶台新98購01  ,0,0,0,0,0,0,0,0,0,122000,0,0,0,160000,38000,122000,122000
058333,鴻海元富99購04  ,0,0,0,0,0,0,0,0,0,121000,0,0,0,131000,10000,121000,121000
058623,國巨國票99購08  ,0,0,0,0,0,0,0,0,0,121000,0,0,0,121000,0,121000,121000
058275,S&P500中信9B購01,0,0,0,0,0,0,0,0,0,121000,0,0,0,121000,0,121000,121000
058771,神達兆豐99購01  ,0,0,0,0,0,0,0,0,0,121000,0,0,0,121000,0,121000,121000
03016P,滬深2X群益01售09,0,0,0,0,0,0,0,0,0,121000,0,0,0,121000,0,121000,121000
049255,旺宏元大97購02  ,0,0,0,0,0,0,0,0,0,121000,0,0,0,131000,10000,121000,121000
052053,泰鼎凱基96購01  ,0,0,0,0,0,0,0,0,0,121000,0,0,0,440000,319000,121000,121000
054831,緯穎國泰98購01  ,0,0,0,0,0,0,0,0,0,121000,0,0,0,121000,0,121000,121000
058830,健策永豐99購02  ,0,0,0,0,0,0,0,0,0,120000,0,0,0,120000,0,120000,120000
057924,健策凱基98購02  ,0,0,0,0,0,0,0,0,0,120000,0,0,0,120000,0,120000,120000
058505,台積電元大99購08,0,0,0,0,0,0,0,0,0,120000,0,0,0,277000,157000,120000,120000
058432,台積電統一9B購03,0,0,0,0,0,0,0,0,0,120000,0,0,0,120000,0,120000,120000
057125,國巨凱基98購12  ,0,0,0,0,0,0,0,0,0,120000,0,0,0,160000,40000,120000,120000
056485,同欣電元大98購01,0,0,0,0,0,0,0,0,0,120000,0,0,0,130000,10000,120000,120000
056583,昇陽半元大98購02,0,0,0,0,0,0,0,0,0,120000,0,0,0,130000,10000,120000,120000
056543,京鼎凱基98購01  ,0,0,0,0,0,0,0,0,0,120000,0,0,0,230000,110000,120000,120000
050035,聯茂元大94購07  ,0,0,0,0,0,0,0,0,0,120000,0,0,0,283000,163000,120000,120000
048433,聯詠國票94購01  ,0,0,0,0,0,0,0,0,0,120000,0,0,0,120000,0,120000,120000
05010P,台郡元富95售01  ,0,0,0,0,0,0,0,0,0,120000,0,0,0,120000,0,120000,120000
049706,世紀鋼元大95購02,0,0,0,0,0,0,0,0,0,120000,0,0,0,253000,133000,120000,120000
05076P,深中小群益99售02,0,0,0,0,0,0,0,0,0,120000,0,0,0,120000,0,120000,120000
049392,臺股指麥證94購01,0,0,0,120000,0,120000,0,0,0,120000,0,0,0,120000,0,120000,120000
051969,世紀鋼永豐95購01,0,0,0,0,0,0,0,0,0,120000,0,0,0,140000,20000,120000,120000
054419,嘉聯益元大98購02,0,0,0,0,0,0,0,0,0,120000,0,0,0,120000,0,120000,120000
3653,健策            ,955000,723000,232000,0,0,0,48000,50000,-2000,-110000,0,0,0,20000,130000,-110000,120000
06490P,鴻海富邦99售02  ,0,0,0,0,0,0,0,0,0,120000,0,0,0,385000,265000,120000,120000
2704,國賓            ,35000,58000,-23000,0,0,0,0,0,0,143000,143000,0,143000,0,0,0,120000
058365,奇力新凱基9A購01,0,0,0,0,0,0,0,0,0,119000,0,0,0,182000,63000,119000,119000
04804P,聯發科凱基94售12,0,0,0,0,0,0,0,0,0,119000,0,0,0,129000,10000,119000,119000
051731,聯電國票96購02  ,0,0,0,0,0,0,0,0,0,119000,0,0,0,119000,0,119000,119000
056651,聯茂凱基98購04  ,0,0,0,0,0,0,0,0,0,118000,0,0,0,150000,32000,118000,118000
01002T,土銀國泰R1      ,118000,0,118000,0,0,0,0,0,0,0,0,0,0,0,0,0,118000
00783,富邦中証500     ,9000,156000,-147000,0,0,0,0,0,0,265000,0,0,0,1081000,816000,265000,118000
049434,茂林國票95購01  ,0,0,0,0,0,0,0,0,0,118000,0,0,0,118000,0,118000,118000
048574,台積電國泰95購02,0,0,0,0,0,0,0,0,0,118000,0,0,0,121000,3000,118000,118000
052546,友達中信98購01  ,0,0,0,0,0,0,0,0,0,118000,0,0,0,223000,105000,118000,118000
051564,和碩國泰96購01  ,0,0,0,0,0,0,0,0,0,118000,0,0,0,118000,0,118000,118000
04831P,聯詠富邦96售01  ,0,0,0,0,0,0,0,0,0,117000,0,0,0,152000,35000,117000,117000
042993,葡萄王元大94購01,0,0,0,0,0,0,0,0,0,117000,0,0,0,157000,40000,117000,117000
056614,智邦永豐98購01  ,0,0,0,0,0,0,0,0,0,116000,0,0,0,116000,0,116000,116000
056843,冠德元富98購01  ,0,0,0,0,0,0,0,0,0,116000,0,0,0,130000,14000,116000,116000
056106,晶相光永豐97購02,0,0,0,0,0,0,0,0,0,116000,0,0,0,116000,0,116000,116000
054819,裕民元大9A購01  ,0,0,0,0,0,0,0,0,0,116000,0,0,0,121000,5000,116000,116000
053450,同欣電凱基96購02,0,0,0,0,0,0,0,0,0,116000,0,0,0,116000,0,116000,116000
057257,台泥兆豐99購01  ,0,0,0,0,0,0,0,0,0,115000,0,0,0,118000,3000,115000,115000
057612,瑞昱元富02購01  ,0,0,0,0,0,0,0,0,0,115000,0,0,0,155000,40000,115000,115000
058597,瑞昱台新99購01  ,0,0,0,0,0,0,0,0,0,115000,0,0,0,174000,59000,115000,115000
058278,FBVIX中信03購02 ,0,0,0,0,0,0,0,0,0,115000,0,0,0,162000,47000,115000,115000
058662,禾伸堂兆豐99購01,0,0,0,0,0,0,0,0,0,115000,0,0,0,307000,192000,115000,115000
054847,創意兆豐97購01  ,0,0,0,0,0,0,0,0,0,115000,0,0,0,115000,0,115000,115000
1626,艾美特-KY       ,160000,45000,115000,0,0,0,0,0,0,0,0,0,0,0,0,0,115000
056645,大立光凱基98購12,0,0,0,0,0,0,0,0,0,114000,0,0,0,134000,20000,114000,114000
050311,上銀兆豐95購01  ,0,0,0,0,0,0,0,0,0,114000,0,0,0,314000,200000,114000,114000
054727,台積電日盛97購02,0,0,0,0,0,0,0,0,0,114000,0,0,0,188000,74000,114000,114000
053651,台光電凱基98購01,0,0,0,0,0,0,0,0,0,114000,0,0,0,126000,12000,114000,114000
051725,緯穎永豐95購02  ,0,0,0,0,0,0,0,0,0,114000,0,0,0,114000,0,114000,114000
053162,緯穎元大97購01  ,0,0,0,0,0,0,0,0,0,114000,0,0,0,149000,35000,114000,114000
6533,晶心科          ,276000,157000,119000,0,0,0,0,0,0,-5000,0,5000,-5000,0,0,0,114000
056292,統一元大97購01  ,0,0,0,0,0,0,0,0,0,113000,0,0,0,139000,26000,113000,113000
050982,台積電國泰96購04,0,0,0,0,0,0,0,0,0,113000,0,0,0,208000,95000,113000,113000
05758P,光罩永豐96售02  ,0,0,0,0,0,0,0,0,0,112000,0,0,0,112000,0,112000,112000
057734,訊芯國泰9A購01  ,0,0,0,0,0,0,0,0,0,112000,0,0,0,233000,121000,112000,112000
06081P,深中小元大97售02,0,0,0,0,0,0,0,0,0,112000,0,0,0,205000,93000,112000,112000
050789,矽創國泰96購01  ,0,0,0,0,0,0,0,0,0,112000,0,0,0,365000,253000,112000,112000
043656,上証反元大94購01,0,0,0,0,0,0,0,0,0,112000,0,0,0,112000,0,112000,112000
054716,緯穎康和97購01  ,0,0,0,0,0,0,0,0,0,112000,0,0,0,123000,11000,112000,112000
6141,柏承            ,375000,263000,112000,0,0,0,0,0,0,0,0,0,0,0,0,0,112000
057823,神達元大98購01  ,0,0,0,0,0,0,0,0,0,111000,0,0,0,158000,47000,111000,111000
055027,牧德國泰99購01  ,0,0,0,0,0,0,0,0,0,111000,0,0,0,408000,297000,111000,111000
053405,台達電兆豐96購01,0,0,0,0,0,0,0,0,0,111000,0,0,0,149000,38000,111000,111000
052738,聯電元大98購02  ,0,0,0,0,0,0,0,0,0,111000,0,0,0,216000,105000,111000,111000
07240P,台灣50台新94售01,0,0,0,0,0,0,0,0,0,111000,0,0,0,111000,0,111000,111000
057494,玉晶光元大99購09,0,0,0,0,0,0,0,0,0,110000,0,0,0,134000,24000,110000,110000
057191,祥碩元大98購05  ,0,0,0,0,0,0,0,0,0,110000,0,0,0,196000,86000,110000,110000
057317,技嘉凱基98購02  ,0,0,0,0,0,0,0,0,0,110000,0,0,0,125000,15000,110000,110000
056429,華通凱基98購02  ,0,0,0,0,0,0,0,0,0,110000,0,0,0,110000,0,110000,110000
056725,鴻海國票99購03  ,0,0,0,0,0,0,0,0,0,110000,0,0,0,110000,0,110000,110000
058785,臺股指國票99購04,0,0,0,0,0,0,0,0,0,110000,0,0,0,110000,0,110000,110000
058021,牧德凱基98購02  ,0,0,0,0,0,0,0,0,0,110000,0,0,0,110000,0,110000,110000
05858P,矽力中信96售01  ,0,0,0,0,0,0,0,0,0,110000,0,0,0,110000,0,110000,110000
050809,鴻海凱基95購08  ,0,0,0,0,0,0,0,0,0,110000,0,0,0,110000,0,110000,110000
04614P,光罩群益94售02  ,0,0,0,0,0,0,0,0,0,110000,0,0,0,110000,0,110000,110000
050572,大立光中信97購01,0,0,0,0,0,0,0,0,0,110000,0,0,0,136000,26000,110000,110000
049114,玉晶光統一94購02,0,0,0,0,0,0,0,0,0,110000,0,0,0,110000,0,110000,110000
048903,華通富邦95購01  ,0,0,0,0,0,0,0,0,0,110000,0,0,0,110000,0,110000,110000
053361,友達元富99購01  ,0,0,0,0,0,0,0,0,0,110000,0,0,0,110000,0,110000,110000
051832,復盛元大95購01  ,0,0,0,0,0,0,0,0,0,110000,0,0,0,130000,20000,110000,110000
052292,緯穎元富95購02  ,0,0,0,0,0,0,0,0,0,110000,0,0,0,130000,20000,110000,110000
052328,台表科中信99購01,0,0,0,0,0,0,0,0,0,110000,0,0,0,110000,0,110000,110000
055228,聯發科國票98購03,0,0,0,0,0,0,0,0,0,110000,0,0,0,110000,0,110000,110000
2034,允強            ,216030,105000,111030,0,0,0,0,0,0,-2000,0,2000,-2000,0,0,0,109030
06133P,帆宣元富97售02  ,0,0,0,0,0,0,0,0,0,109000,0,0,0,150000,41000,109000,109000
050548,華固凱基95購01  ,0,2000,-2000,0,0,0,0,0,0,111000,0,0,0,266000,155000,111000,109000
051484,玉晶光凱基97購01,0,0,0,0,0,0,0,0,0,109000,0,0,0,231000,122000,109000,109000
052058,臺股指凱基95購16,0,0,0,0,0,0,0,0,0,109000,0,0,0,109000,0,109000,109000
051755,台積電元大96購08,0,0,0,0,0,0,0,0,0,109000,0,0,0,759000,650000,109000,109000
06488P,台積電元富98售05,0,0,0,0,0,0,0,0,0,109000,0,0,0,680000,571000,109000,109000
045087,玉晶光元大95購01,0,0,0,0,0,0,0,0,0,108000,0,0,0,191000,83000,108000,108000
2314,台揚            ,351000,230000,121000,0,0,0,0,0,0,-13000,0,0,0,0,13000,-13000,108000
6226,光鼎            ,226000,118000,108000,0,0,0,0,0,0,0,0,0,0,0,0,0,108000
04169P,鴻海凱基93售34  ,0,0,0,0,0,0,0,0,0,107000,0,0,0,117000,10000,107000,107000
052938,華新科兆豐96購01,0,0,0,0,0,0,0,0,0,107000,0,0,0,107000,0,107000,107000
056555,矽創凱基98購01  ,0,0,0,0,0,0,0,0,0,106000,0,0,0,137000,31000,106000,106000
03576P,台灣50元富06售01,0,0,0,0,0,0,0,0,0,106000,0,0,0,126000,20000,106000,106000
048287,嘉晶兆豐94購01  ,0,0,0,0,0,0,0,0,0,106000,0,0,0,300000,194000,106000,106000
051366,康友國泰97購01  ,0,0,0,0,0,0,0,0,0,106000,0,0,0,126000,20000,106000,106000
048627,T50反1元大96購02,0,0,0,0,0,0,0,0,0,106000,0,0,0,147000,41000,106000,106000
055409,元黃金富邦01購01,0,0,0,0,0,0,0,0,0,106000,0,0,0,141000,35000,106000,106000
054612,慧洋永豐97購01  ,0,0,0,0,0,0,0,0,0,106000,0,0,0,116000,10000,106000,106000
054896,聯茂日盛97購01  ,0,0,0,0,0,0,0,0,0,106000,0,0,0,110000,4000,106000,106000
057453,矽創元富98購01  ,0,0,0,0,0,0,0,0,0,105000,0,0,0,115000,10000,105000,105000
058196,台塑中信99購01  ,0,0,0,0,0,0,0,0,0,105000,0,0,0,116000,11000,105000,105000
050081,聯發科統一94購07,0,0,0,0,0,0,0,0,0,105000,0,0,0,105000,0,105000,105000
050138,台表科國票95購02,0,0,0,0,0,0,0,0,0,105000,0,0,0,105000,0,105000,105000
051739,奇力新國票97購01,0,0,0,0,0,0,0,0,0,105000,0,0,0,105000,0,105000,105000
055719,可成元大97購03  ,0,0,0,0,0,0,0,0,0,105000,0,0,0,295000,190000,105000,105000
053221,彩晶凱基98購01  ,0,0,0,0,0,0,0,0,0,105000,0,0,0,105000,0,105000,105000
2547,日勝生          ,336000,277000,59000,0,0,0,0,0,0,46000,53000,7000,46000,0,0,0,105000
058088,鴻海元大9A購01  ,0,0,0,0,0,0,0,0,0,104000,0,0,0,338000,234000,104000,104000
06175P,台積電元大97售21,0,0,0,0,0,0,0,0,0,104000,0,0,0,189000,85000,104000,104000
055485,國巨元大97購09  ,0,0,0,0,0,0,0,0,0,104000,0,0,0,144000,40000,104000,104000
053759,晶相光國泰98購01,0,0,0,0,0,0,0,0,0,104000,0,0,0,111000,7000,104000,104000
6142,友勁            ,4000,0,4000,0,0,0,0,0,0,100000,100000,0,100000,0,0,0,104000
058258,世芯國泰9A購01  ,0,0,0,0,0,0,0,0,0,103000,0,0,0,113000,10000,103000,103000
057223,富邦金日盛99購01,0,0,0,0,0,0,0,0,0,103000,0,0,0,103000,0,103000,103000
048269,瀚宇博國泰95購01,0,0,0,0,0,0,0,0,0,103000,0,0,0,103000,0,103000,103000
051000,台郡元大96購01  ,0,0,0,0,0,0,0,0,0,103000,0,0,0,178000,75000,103000,103000
051575,國巨元大96購03  ,0,0,0,0,0,0,0,0,0,103000,0,0,0,150000,47000,103000,103000
05509P,智邦元富96售02  ,0,0,0,0,0,0,0,0,0,103000,0,0,0,286000,183000,103000,103000
057689,南亞科凱基99購02,0,0,0,0,0,0,0,0,0,102000,0,0,0,102000,0,102000,102000
058566,聯發科凱基9A購02,0,0,0,0,0,0,0,0,0,102000,0,0,0,105000,3000,102000,102000
058815,華新科台新99購03,0,0,0,0,0,0,0,0,0,102000,0,0,0,412000,310000,102000,102000
051633,可成國票96購03  ,0,0,0,0,0,0,0,0,0,102000,0,0,0,102000,0,102000,102000
058421,國泰金麥證01購01,0,0,0,130000,29000,101000,0,0,0,101000,0,0,0,130000,29000,101000,101000
05640P,旺宏元富96售03  ,0,0,0,0,0,0,0,0,0,101000,0,0,0,136000,35000,101000,101000
054040,中石化元大9C購01,0,0,0,0,0,0,0,0,0,101000,0,0,0,101000,0,101000,101000
051833,昇陽半元大96購01,0,0,0,0,0,0,0,0,0,101000,0,0,0,106000,5000,101000,101000
055511,大立光兆豐97購02,0,0,0,0,0,0,0,0,0,101000,0,0,0,111000,10000,101000,101000
5388,中磊            ,686000,535000,151000,0,0,0,0,3000,-3000,-47000,2000,36000,-34000,1000,14000,-13000,101000
056247,台郡群益97購01  ,0,0,0,0,0,0,0,0,0,100000,0,0,0,100000,0,100000,100000
056232,瑞儀凱基98購01  ,0,0,0,0,0,0,0,0,0,100000,0,0,0,200000,100000,100000,100000
056235,鴻海群益97購07  ,0,0,0,0,0,0,0,0,0,100000,0,0,0,350000,250000,100000,100000
056303,亞光元大97購04  ,0,0,0,0,0,0,0,0,0,100000,0,0,0,120000,20000,100000,100000
05649P,矽創國票97售03  ,0,0,0,0,0,0,0,0,0,100000,0,0,0,100000,0,100000,100000
056796,國巨麥證98購02  ,0,0,0,100000,0,100000,0,0,0,100000,0,0,0,100000,0,100000,100000
056812,泰鼎統一98購01  ,0,0,0,0,0,0,0,0,0,100000,0,0,0,100000,0,100000,100000
056638,臺股指日盛98購01,0,0,0,0,0,0,0,0,0,100000,0,0,0,100000,0,100000,100000
056625,致伸永豐98購01  ,0,0,0,0,0,0,0,0,0,100000,0,0,0,200000,100000,100000,100000
056703,群創國泰9A購01  ,0,0,0,0,0,0,0,0,0,100000,0,0,0,120000,20000,100000,100000
056912,臺股指元大99購04,0,0,0,0,0,0,0,0,0,100000,0,0,0,100000,0,100000,100000
056988,聚陽兆豐98購01  ,0,0,0,0,0,0,0,0,0,100000,0,0,0,100000,0,100000,100000
057029,緯穎凱基98購04  ,0,0,0,0,0,0,0,0,0,100000,0,0,0,100000,0,100000,100000
057726,華通國泰9A購01  ,0,0,0,0,0,0,0,0,0,100000,0,0,0,100000,0,100000,100000
057584,國巨亞東99購01  ,0,0,0,0,0,0,0,0,0,100000,0,0,0,100000,0,100000,100000
057137,鈺齊凱基98購01  ,0,0,0,0,0,0,0,0,0,100000,0,0,0,100000,0,100000,100000
057139,華新科兆豐98購02,0,0,0,0,0,0,0,0,0,100000,0,0,0,100000,0,100000,100000
057397,茂林中信9A購01  ,0,0,0,0,0,0,0,0,0,100000,0,0,0,110000,10000,100000,100000
058387,國巨國票9A購03  ,0,0,0,0,0,0,0,0,0,100000,0,0,0,100000,0,100000,100000
058893,元油2X元大9C購10,0,0,0,0,0,0,0,0,0,100000,0,0,0,100000,0,100000,100000
054540,泰鼎國票99購01  ,0,0,0,0,0,0,0,0,0,100000,0,0,0,100000,0,100000,100000
054389,為升元富96購02  ,0,0,0,0,0,0,0,0,0,100000,0,0,0,100000,0,100000,100000
050090,鈺齊康和94購01  ,0,0,0,0,0,0,0,0,0,100000,0,0,0,100000,0,100000,100000
052075,旺宏元富95購03  ,0,0,0,0,0,0,0,0,0,100000,0,0,0,100000,0,100000,100000
048569,台虹元大93購03  ,0,0,0,0,0,0,0,0,0,100000,0,0,0,100000,0,100000,100000
048893,南電元富94購01  ,0,0,0,0,0,0,0,0,0,100000,0,0,0,100000,0,100000,100000
050364,卜蜂元大94購02  ,0,0,0,0,0,0,0,0,0,100000,0,0,0,100000,0,100000,100000
050348,鴻海群益94購06  ,0,0,0,0,0,0,0,0,0,100000,0,0,0,100000,0,100000,100000
051219,大立光元富95購07,0,0,0,0,0,0,0,0,0,100000,0,0,0,100000,0,100000,100000
051062,超眾群益95購02  ,0,0,0,0,0,0,0,0,0,100000,0,0,0,100000,0,100000,100000
050579,聯發科國票95購04,0,0,0,0,0,0,0,0,0,100000,0,0,0,100000,0,100000,100000
050949,亞光群益96購01  ,0,0,0,0,0,0,0,0,0,100000,0,0,0,100000,0,100000,100000
050934,喬山國票96購01  ,0,0,0,0,0,0,0,0,0,100000,0,0,0,100000,0,100000,100000
050880,大立光元富95購03,0,0,0,0,0,0,0,0,0,100000,0,0,0,140000,40000,100000,100000
050788,台郡國泰96購01  ,0,0,0,0,0,0,0,0,0,100000,0,0,0,126000,26000,100000,100000
044637,滬深2X元富94購01,0,0,0,0,0,0,0,0,0,100000,0,0,0,100000,0,100000,100000
047295,欣興元富96購02  ,0,0,0,0,0,0,0,0,0,100000,0,0,0,100000,0,100000,100000
047495,新日興元富96購01,0,0,0,0,0,0,0,0,0,100000,0,0,0,100000,0,100000,100000
053186,健策中信9C購01  ,0,0,0,0,0,0,0,0,0,100000,0,0,0,250000,150000,100000,100000
052869,新日興凱基96購01,0,0,0,0,0,0,0,0,0,100000,0,0,0,100000,0,100000,100000
052858,華通凱基97購02  ,0,0,0,0,0,0,0,0,0,100000,0,0,0,100000,0,100000,100000
053242,聯電國票96購04  ,0,0,0,0,0,0,0,0,0,100000,0,0,0,100000,0,100000,100000
052579,亞泥元富96購01  ,0,0,0,0,0,0,0,0,0,100000,0,0,0,114000,14000,100000,100000
055741,健策元富97購01  ,0,0,0,0,0,0,0,0,0,100000,0,0,0,100000,0,100000,100000
055600,致伸元大97購02  ,0,0,0,0,0,0,0,0,0,100000,0,0,0,100000,0,100000,100000
052792,大立光兆豐96購01,0,0,0,0,0,0,0,0,0,100000,0,0,0,100000,0,100000,100000
056188,晶相光統一99購01,0,0,0,0,0,0,0,0,0,100000,0,0,0,100000,0,100000,100000
055099,可成日盛97購01  ,0,0,0,0,0,0,0,0,0,100000,0,0,0,100000,0,100000,100000
055122,國巨兆豐98購01  ,0,0,0,0,0,0,0,0,0,100000,0,0,0,100000,0,100000,100000
054856,得力群益99購01  ,0,0,0,0,0,0,0,0,0,100000,0,0,0,100000,0,100000,100000
054919,興富發凱基97購01,0,0,0,0,0,0,0,0,0,100000,0,0,0,100000,0,100000,100000
05468P,鴻海元大96售14  ,0,0,0,0,0,0,0,0,0,100000,0,0,0,302000,202000,100000,100000
054978,堤維西元富97購01,0,0,0,0,0,0,0,0,0,100000,0,0,0,100000,0,100000,100000
055159,玉晶光元大98購05,0,0,0,0,0,0,0,0,0,100000,0,0,0,100000,0,100000,100000
054806,台化元大9A購01  ,0,0,0,0,0,0,0,0,0,100000,0,0,0,100000,0,100000,100000
054397,創意永豐96購05  ,0,0,0,0,0,0,0,0,0,100000,0,0,0,100000,0,100000,100000
054462,旺宏凱基96購08  ,0,0,0,0,0,0,0,0,0,100000,0,0,0,200000,100000,100000,100000
054436,高鐵台新97購02  ,0,0,0,0,0,0,0,0,0,100000,0,0,0,100000,0,100000,100000
054117,宏全康和96購01  ,0,0,0,0,0,0,0,0,0,100000,0,0,0,400000,300000,100000,100000
054060,晶技國票97購02  ,0,0,0,0,0,0,0,0,0,100000,0,0,0,100000,0,100000,100000
054219,楠梓電統一97購01,0,0,0,0,0,0,0,0,0,100000,0,0,0,100000,0,100000,100000
06955P,臻鼎元富99售01  ,0,0,0,0,0,0,0,0,0,100000,0,0,0,130000,30000,100000,100000
047556,群創凱基95購01  ,0,0,0,0,0,0,0,0,0,99000,0,0,0,99000,0,99000,99000
042918,矽格元大94購01  ,0,0,0,0,0,0,0,0,0,99000,0,0,0,109000,10000,99000,99000
049954,健策群益95購01  ,0,0,0,0,0,0,0,0,0,99000,0,0,0,99000,0,99000,99000
049029,茂林群益94購01  ,0,0,0,0,0,0,0,0,0,99000,0,0,0,99000,0,99000,99000
054308,嘉晶凱基98購01  ,0,0,0,0,0,0,0,0,0,99000,0,0,0,169000,70000,99000,99000
058829,華新科永豐99購04,0,0,0,0,0,0,0,0,0,98000,0,0,0,148000,50000,98000,98000
057454,上銀國泰99購02  ,0,0,0,0,0,0,0,0,0,98000,0,0,0,98000,0,98000,98000
057535,泰鼎元大99購01  ,0,0,0,0,0,0,0,0,0,98000,0,0,0,108000,10000,98000,98000
04571P,華新科國泰95售03,0,0,0,0,0,0,0,0,0,98000,0,0,0,364000,266000,98000,98000
052307,潤泰全國泰96購01,0,0,0,0,0,0,0,0,0,98000,0,0,0,258000,160000,98000,98000
052516,臺股指凱基95購20,0,0,0,0,0,0,0,0,0,98000,0,0,0,98000,0,98000,98000
055700,緯穎國泰98購02  ,0,0,0,0,0,0,0,0,0,98000,0,0,0,118000,20000,98000,98000
055432,臻鼎群益97購02  ,0,0,0,0,0,0,0,0,0,98000,0,0,0,98000,0,98000,98000
3419,譁裕            ,196000,98000,98000,0,0,0,0,0,0,0,0,0,0,0,0,0,98000
057643,聯發科元大99購03,0,0,0,0,0,0,0,0,0,97000,0,0,0,168000,71000,97000,97000
057444,台泥元富98購01  ,0,0,0,0,0,0,0,0,0,97000,0,0,0,127000,30000,97000,97000
056875,亞光凱基98購03  ,0,0,0,0,0,0,0,0,0,97000,0,0,0,97000,0,97000,97000
058773,和碩兆豐99購01  ,0,0,0,0,0,0,0,0,0,97000,0,0,0,100000,3000,97000,97000
058651,FBVIX中信9C購01 ,0,0,0,0,0,0,0,0,0,97000,0,0,0,97000,0,97000,97000
05837P,臺股指富邦96售04,0,0,0,0,0,0,0,0,0,97000,0,0,0,97000,0,97000,97000
058353,國巨凱基99購09  ,0,0,0,0,0,0,0,0,0,97000,0,0,0,117000,20000,97000,97000
045931,緯穎永豐93購01  ,0,0,0,0,0,0,0,0,0,97000,0,0,0,120000,23000,97000,97000
053777,台積電元大96購20,0,0,0,0,0,0,0,0,0,97000,0,0,0,99000,2000,97000,97000
056220,上証2X凱基99購01,0,0,0,0,0,0,0,0,0,97000,0,0,0,97000,0,97000,97000
05174P,元金2X富邦9B售01,0,0,0,0,0,0,0,0,0,97000,0,0,0,97000,0,97000,97000
1440,南紡            ,556000,441000,115000,0,0,0,0,0,0,-18000,0,18000,-18000,0,0,0,97000
1465,偉全            ,121000,24000,97000,0,0,0,0,0,0,0,0,0,0,0,0,0,97000
058570,臻鼎凱基9A購01  ,0,0,0,0,0,0,0,0,0,96000,0,0,0,104000,8000,96000,96000
058909,神達元大99購03  ,0,0,0,0,0,0,0,0,0,96000,0,0,0,111000,15000,96000,96000
057341,技嘉台新98購01  ,0,0,0,0,0,0,0,0,0,96000,0,0,0,96000,0,96000,96000
057751,神達國票99購02  ,0,0,0,0,0,0,0,0,0,96000,0,0,0,97000,1000,96000,96000
055202,神達群益97購01  ,0,0,0,0,0,0,0,0,0,96000,0,0,0,156000,60000,96000,96000
053725,晶相光凱基96購01,0,0,0,0,0,0,0,0,0,96000,0,0,0,96000,0,96000,96000
06525P,上証2X國泰99售01,0,0,0,0,0,0,0,0,0,96000,0,0,0,98000,2000,96000,96000
6592,和潤企業        ,220000,124000,96000,0,0,0,0,0,0,0,0,0,0,0,0,0,96000
057766,矽力凱基98購03  ,0,0,0,0,0,0,0,0,0,95000,0,0,0,200000,105000,95000,95000
057586,台積電國票99購06,0,0,0,0,0,0,0,0,0,95000,0,0,0,110000,15000,95000,95000
046905,新光金凱基99購01,0,0,0,0,0,0,0,0,0,95000,0,0,0,105000,10000,95000,95000
050900,台郡元大95購02  ,0,0,0,0,0,0,0,0,0,95000,0,0,0,100000,5000,95000,95000
053251,世紀鋼國票97購02,0,0,0,0,0,0,0,0,0,95000,0,0,0,95000,0,95000,95000
055481,聚陽元大97購01  ,0,0,0,0,0,0,0,0,0,95000,0,0,0,130000,35000,95000,95000
055857,嘉聯益元大97購04,0,0,0,0,0,0,0,0,0,95000,0,0,0,95000,0,95000,95000
055915,大立光凱基98購07,0,0,0,0,0,0,0,0,0,95000,0,0,0,100000,5000,95000,95000
056002,嘉晶永豐97購01  ,0,0,0,0,0,0,0,0,0,95000,0,0,0,184000,89000,95000,95000
055605,緯穎元大97購02  ,0,0,0,0,0,0,0,0,0,95000,0,0,0,245000,150000,95000,95000
052665,緯穎國票96購03  ,0,0,0,0,0,0,0,0,0,95000,0,0,0,95000,0,95000,95000
051699,世紀鋼麥證95購01,0,0,0,425000,330000,95000,0,0,0,95000,0,0,0,425000,330000,95000,95000
053532,台積電永豐96購03,0,0,0,0,0,0,0,0,0,95000,0,0,0,95000,0,95000,95000
5203,訊連            ,822000,719000,103000,0,0,0,10000,0,10000,-18000,0,10000,-10000,8000,16000,-8000,95000
041527,T50反1中信96購01,0,0,0,0,0,0,0,0,0,94000,0,0,0,104000,10000,94000,94000
050014,國巨富邦98購01  ,0,0,0,0,0,0,0,0,0,94000,0,0,0,120000,26000,94000,94000
051305,訊連凱基96購01  ,0,0,0,0,0,0,0,0,0,94000,0,0,0,120000,26000,94000,94000
054996,聯陽元富97購01  ,0,0,0,0,0,0,0,0,0,94000,0,0,0,100000,6000,94000,94000
06897P,FBVIX群益01售01 ,0,0,0,0,0,0,0,0,0,94000,0,0,0,95000,1000,94000,94000
057197,立積台新98購01  ,0,0,0,0,0,0,0,0,0,93000,0,0,0,123000,30000,93000,93000
056459,茂林凱基99購01  ,0,0,0,0,0,0,0,0,0,93000,0,0,0,176000,83000,93000,93000
056240,嘉晶群益97購02  ,0,0,0,0,0,0,0,0,0,93000,0,0,0,93000,0,93000,93000
053976,亞光元大96購02  ,0,0,0,0,0,0,0,0,0,93000,0,0,0,100000,7000,93000,93000
036630,玉山金台新99購01,0,0,0,0,0,0,0,0,0,93000,0,0,0,93000,0,93000,93000
045837,群創群益98購02  ,0,0,0,0,0,0,0,0,0,93000,0,0,0,93000,0,93000,93000
046187,友達凱基93購03  ,0,0,0,0,0,0,0,0,0,93000,0,0,0,93000,0,93000,93000
056333,台積電日盛9B購01,0,0,0,0,0,0,0,0,0,92000,0,0,0,282000,190000,92000,92000
056445,聯發科凱基98購07,0,0,0,0,0,0,0,0,0,92000,0,0,0,192000,100000,92000,92000
057309,南茂兆豐99購01  ,0,0,0,0,0,0,0,0,0,92000,0,0,0,185000,93000,92000,92000
054293,健策元大98購02  ,0,0,0,0,0,0,0,0,0,92000,0,0,0,112000,20000,92000,92000
054943,群光元大97購01  ,0,0,0,0,0,0,0,0,0,92000,0,0,0,112000,20000,92000,92000
053827,漢唐麥證9A購01  ,0,0,0,112000,20000,92000,0,0,0,92000,0,0,0,112000,20000,92000,92000
9136,巨騰-DR         ,94000,3000,91000,0,0,0,0,0,0,1000,2000,1000,1000,0,0,0,92000
04386P,大立光日盛94售01,0,0,0,0,0,0,0,0,0,91000,0,0,0,91000,0,91000,91000
054100,致伸國票97購03  ,0,0,0,0,0,0,0,0,0,91000,0,0,0,91000,0,91000,91000
06971P,台光電元大99售03,0,0,0,0,0,0,0,0,0,91000,0,0,0,104000,13000,91000,91000
057120,茂林康和98購01  ,0,0,0,0,0,0,0,0,0,90000,0,0,0,92000,2000,90000,90000
057668,華新科元大9A購01,0,0,0,0,0,0,0,0,0,90000,0,0,0,90000,0,90000,90000
056899,可成元大98購01  ,0,0,0,0,0,0,0,0,0,90000,0,0,0,102000,12000,90000,90000
058922,聯發科元富03購02,0,0,0,0,0,0,0,0,0,90000,0,0,0,120000,30000,90000,90000
03765P,大立光元富96售01,0,0,0,0,0,0,0,0,0,90000,0,0,0,90000,0,90000,90000
03777P,華通中信95售01  ,0,0,0,0,0,0,0,0,0,90000,0,0,0,90000,0,90000,90000
04454P,大立光富邦98售02,0,0,0,0,0,0,0,0,0,90000,0,0,0,100000,10000,90000,90000
053298,SP黃豆凱基99購01,0,0,0,0,0,0,0,0,0,90000,0,0,0,200000,110000,90000,90000
049798,台積電元大94購18,0,0,0,0,0,0,0,0,0,90000,0,0,0,90000,0,90000,90000
054143,茂林元大96購04  ,0,0,0,0,0,0,0,0,0,90000,0,0,0,110000,20000,90000,90000
052256,台泥國泰96購01  ,0,0,0,0,0,0,0,0,0,90000,0,0,0,90000,0,90000,90000
053406,國巨兆豐96購02  ,0,0,0,0,0,0,0,0,0,90000,0,0,0,90000,0,90000,90000
052405,聯茂凱基95購01  ,0,0,0,0,0,0,0,0,0,90000,0,0,0,90000,0,90000,90000
052527,泰鼎元大96購02  ,0,0,0,0,0,0,0,0,0,90000,0,0,0,120000,30000,90000,90000
055331,國巨兆豐99購01  ,0,0,0,0,0,0,0,0,0,90000,0,0,0,90000,0,90000,90000
055594,華新科元大98購02,0,0,0,0,0,0,0,0,0,90000,0,0,0,130000,40000,90000,90000
052878,台虹凱基96購01  ,0,0,0,0,0,0,0,0,0,90000,0,0,0,90000,0,90000,90000
052576,聯茂凱基96購01  ,0,0,0,0,0,0,0,0,0,90000,0,0,0,189000,99000,90000,90000
07026P,超眾凱基99售03  ,0,0,0,0,0,0,0,0,0,90000,0,0,0,260000,170000,90000,90000
06615P,鴻海元大9C售02  ,0,0,0,0,0,0,0,0,0,90000,0,0,0,229000,139000,90000,90000
06674P,祥碩群益98售02  ,0,0,0,0,0,0,0,0,0,90000,0,0,0,105000,15000,90000,90000
08714P,華碩元富01售03  ,0,0,0,0,0,0,0,0,0,90000,0,0,0,1913000,1823000,90000,90000
058474,鴻海凱基9A購06  ,0,0,0,0,0,0,0,0,0,89000,0,0,0,170000,81000,89000,89000
057041,國巨元大99購04  ,0,0,0,0,0,0,0,0,0,89000,0,0,0,160000,71000,89000,89000
057540,緯穎日盛99購01  ,0,0,0,0,0,0,0,0,0,89000,0,0,0,89000,0,89000,89000
057804,為升元大98購01  ,4000,0,4000,0,0,0,0,0,0,85000,0,0,0,94000,9000,85000,89000
05620P,大立光富邦9B售01,0,0,0,0,0,0,0,0,0,89000,0,0,0,89000,0,89000,89000
051695,元金2X中信98購01,0,0,0,0,0,0,0,0,0,89000,0,0,0,200000,111000,89000,89000
056439,華邦電凱基98購02,0,0,0,0,0,0,0,0,0,88000,0,0,0,142000,54000,88000,88000
056432,鴻海凱基98購08  ,0,0,0,0,0,0,0,0,0,88000,0,0,0,103000,15000,88000,88000
058331,鴻海元富99購02  ,0,0,0,0,0,0,0,0,0,88000,0,0,0,88000,0,88000,88000
058232,聯發科元大99購05,0,0,0,0,0,0,0,0,0,88000,0,0,0,158000,70000,88000,88000
051157,華新科富邦98購01,0,0,0,0,0,0,0,0,0,88000,0,0,0,181000,93000,88000,88000
04592P,台積電元大94售10,0,0,0,0,0,0,0,0,0,88000,0,0,0,103000,15000,88000,88000
055262,台虹國泰98購01  ,0,0,0,0,0,0,0,0,0,88000,0,0,0,157000,69000,88000,88000
056595,台積電元富98購04,0,0,0,0,0,0,0,0,0,87000,0,0,0,100000,13000,87000,87000
04484P,台積電凱基94售09,0,0,0,0,0,0,0,0,0,87000,0,0,0,100000,13000,87000,87000
049272,世紀鋼元大96購02,0,2000,-2000,0,0,0,0,0,0,89000,0,0,0,151000,62000,89000,87000
05538P,玉晶光國票97售02,0,0,0,0,0,0,0,0,0,87000,0,0,0,100000,13000,87000,87000
06647P,台積電元大98售13,0,0,0,0,0,0,0,0,0,87000,0,0,0,207000,120000,87000,87000
056852,矽格元富98購01  ,0,0,0,0,0,0,0,0,0,86000,0,0,0,146000,60000,86000,86000
049815,緯穎元大94購06  ,0,0,0,0,0,0,0,0,0,86000,0,0,0,90000,4000,86000,86000
04384P,上証2X中信96售01,0,0,0,0,0,0,0,0,0,86000,0,0,0,86000,0,86000,86000
053121,上証2X凱基9C購01,0,0,0,0,0,0,0,0,0,86000,0,0,0,154000,68000,86000,86000
054421,臺股指元大99購03,0,0,0,0,0,0,0,0,0,86000,0,0,0,441000,355000,86000,86000
053673,超眾元富96購03  ,0,0,0,0,0,0,0,0,0,86000,0,0,0,110000,24000,86000,86000
056855,祥碩中信98購02  ,0,0,0,0,0,0,0,0,0,85000,0,0,0,105000,20000,85000,85000
056257,聯茂元富97購04  ,0,0,0,0,0,0,0,0,0,85000,0,0,0,85000,0,85000,85000
057315,台灣50康和9A購03,0,0,0,0,0,0,0,0,0,85000,0,0,0,85000,0,85000,85000
058030,國巨永豐98購08  ,0,0,0,0,0,0,0,0,0,85000,0,0,0,85000,0,85000,85000
047493,旺宏元富96購01  ,0,0,0,0,0,0,0,0,0,85000,0,0,0,100000,15000,85000,85000
056098,矽創元富97購02  ,0,0,0,0,0,0,0,0,0,85000,0,0,0,115000,30000,85000,85000
055641,鴻海元富97購04  ,0,0,0,0,0,0,0,0,0,85000,0,0,0,110000,25000,85000,85000
057964,緯穎元大99購03  ,0,0,0,0,0,0,0,0,0,84000,0,0,0,111000,27000,84000,84000
058833,台表科永豐99購01,0,0,0,0,0,0,0,0,0,84000,0,0,0,85000,1000,84000,84000
058818,南電台新99購03  ,0,0,0,0,0,0,0,0,0,84000,0,0,0,84000,0,84000,84000
056407,嘉晶國票99購01  ,0,0,0,0,0,0,0,0,0,84000,0,0,0,84000,0,84000,84000
045906,鴻海中信94購01  ,0,0,0,0,0,0,0,0,0,84000,0,0,0,84000,0,84000,84000
051067,台積電國票96購03,0,0,0,0,0,0,0,0,0,84000,0,0,0,84000,0,84000,84000
05072P,聯電元富95售02  ,0,0,0,0,0,0,0,0,0,84000,0,0,0,94000,10000,84000,84000
048485,泰鼎國泰94購02  ,0,0,0,0,0,0,0,0,0,84000,0,0,0,84000,0,84000,84000
049090,茂林凱基94購01  ,0,0,0,0,0,0,0,0,0,84000,0,0,0,124000,40000,84000,84000
055780,禾伸堂凱基99購01,0,0,0,0,0,0,0,0,0,84000,0,0,0,84000,0,84000,84000
053592,亞光元大96購01  ,0,0,0,0,0,0,0,0,0,84000,0,0,0,84000,0,84000,84000
056335,微星凱基98購01  ,0,0,0,0,0,0,0,0,0,83000,0,0,0,83000,0,83000,83000
056839,台光電元富98購02,0,0,0,0,0,0,0,0,0,83000,0,0,0,93000,10000,83000,83000
056715,瀚宇博永豐98購01,0,0,0,0,0,0,0,0,0,83000,0,0,0,110000,27000,83000,83000
06058P,玉晶光凱基97售04,0,0,0,0,0,0,0,0,0,83000,0,0,0,111000,28000,83000,83000
05906P,國巨元富96售05  ,0,0,0,0,0,0,0,0,0,83000,0,0,0,103000,20000,83000,83000
058202,鴻海凱基9A購04  ,0,0,0,0,0,0,0,0,0,83000,0,0,0,83000,0,83000,83000
053309,泰鼎凱基96購03  ,0,0,0,0,0,0,0,0,0,83000,0,0,0,113000,30000,83000,83000
05011P,南電國泰96售01  ,0,0,0,0,0,0,0,0,0,83000,0,0,0,141000,58000,83000,83000
048696,台達電國票96購01,0,0,0,0,0,0,0,0,0,83000,0,0,0,83000,0,83000,83000
044639,京元電元富94購01,0,0,0,0,0,0,0,0,0,83000,0,0,0,83000,0,83000,83000
04763P,臺股指凱基96售05,0,0,0,0,0,0,0,0,0,83000,0,0,0,105000,22000,83000,83000
04313P,國巨元富95售03  ,0,0,0,0,0,0,0,0,0,83000,0,0,0,83000,0,83000,83000
051636,嘉晶國票95購02  ,0,0,0,0,0,0,0,0,0,83000,0,0,0,83000,0,83000,83000
5258,虹堡            ,154000,71000,83000,0,0,0,0,0,0,0,0,0,0,0,0,0,83000
4190,佐登-KY         ,189000,96000,93000,0,0,0,0,0,0,-10000,5000,10000,-5000,1000,6000,-5000,83000
058090,聯發科元大98購16,0,0,0,0,0,0,0,0,0,82000,0,0,0,279000,197000,82000,82000
058068,旺宏凱基98購11  ,0,0,0,0,0,0,0,0,0,82000,0,0,0,82000,0,82000,82000
05948P,茂林元大96售03  ,0,0,0,0,0,0,0,0,0,82000,0,0,0,321000,239000,82000,82000
051736,旺宏國票96購01  ,0,0,0,0,0,0,0,0,0,82000,0,0,0,92000,10000,82000,82000
053400,緯穎中信9A購01  ,0,0,0,0,0,0,0,0,0,82000,0,0,0,82000,0,82000,82000
056418,台光電元富98購01,0,0,0,0,0,0,0,0,0,81000,0,0,0,86000,5000,81000,81000
057165,國巨元大99購05  ,0,0,0,0,0,0,0,0,0,81000,0,0,0,111000,30000,81000,81000
044996,嘉晶國泰95購01  ,0,0,0,0,0,0,0,0,0,81000,0,0,0,91000,10000,81000,81000
044927,聯詠國泰94購01  ,0,0,0,0,0,0,0,0,0,81000,0,0,0,81000,0,81000,81000
054347,上緯控國票96購02,0,0,0,0,0,0,0,0,0,81000,0,0,0,91000,10000,81000,81000
052727,仁寶元富96購01  ,0,0,0,0,0,0,0,0,0,81000,0,0,0,121000,40000,81000,81000
2208,台船            ,299000,209000,90000,0,0,0,0,0,0,-9000,0,9000,-9000,0,0,0,81000
05772P,景碩凱基96售02  ,0,0,0,0,0,0,0,0,0,80000,0,0,0,275000,195000,80000,80000
057528,南亞科元大99購01,0,0,0,0,0,0,0,0,0,80000,0,0,0,90000,10000,80000,80000
056739,美律凱基98購04  ,0,0,0,0,0,0,0,0,0,80000,0,0,0,237000,157000,80000,80000
056946,國巨統一98購05  ,0,0,0,0,0,0,0,0,0,80000,0,0,0,80000,0,80000,80000
058793,鴻海元大99購19  ,0,0,0,0,0,0,0,0,0,80000,0,0,0,204000,124000,80000,80000
058522,聯茂元大99購07  ,0,0,0,0,0,0,0,0,0,80000,0,0,0,200000,120000,80000,80000
048901,矽格國泰95購01  ,0,0,0,0,0,0,0,0,0,80000,0,0,0,80000,0,80000,80000
048694,緯穎群益94購01  ,0,0,0,0,0,0,0,0,0,80000,0,0,0,80000,0,80000,80000
05153P,台表科群益96售01,0,0,0,0,0,0,0,0,0,80000,0,0,0,80000,0,80000,80000
050253,百和國泰96購01  ,0,0,0,0,0,0,0,0,0,80000,0,0,0,80000,0,80000,80000
04479P,同欣電中信96售02,0,0,0,0,0,0,0,0,0,80000,0,0,0,190000,110000,80000,80000
047194,世紀鋼元大96購01,0,0,0,0,0,0,0,0,0,80000,0,0,0,101000,21000,80000,80000
044382,嘉聯益群益94購01,0,0,0,0,0,0,0,0,0,80000,0,0,0,80000,0,80000,80000
049497,茂林元大94購04  ,0,0,0,0,0,0,0,0,0,80000,0,0,0,80000,0,80000,80000
03763P,聯發科元富96售01,0,0,0,0,0,0,0,0,0,80000,0,0,0,150000,70000,80000,80000
056072,群創元大97購01  ,0,0,0,0,0,0,0,0,0,80000,0,0,0,250000,170000,80000,80000
053034,上海銀兆豐96購01,0,0,0,0,0,0,0,0,0,80000,0,0,0,80000,0,80000,80000
052945,嘉晶國票97購01  ,0,0,0,0,0,0,0,0,0,80000,0,0,0,80000,0,80000,80000
055442,矽創國票98購02  ,0,0,0,0,0,0,0,0,0,80000,0,0,0,80000,0,80000,80000
054808,東元元大9A購01  ,0,0,0,0,0,0,0,0,0,80000,0,0,0,208000,128000,80000,80000
052018,京鼎永豐95購02  ,0,0,0,0,0,0,0,0,0,80000,0,0,0,80000,0,80000,80000
053624,A50正2兆豐97購02,0,0,0,0,0,0,0,0,0,80000,0,0,0,310000,230000,80000,80000
053590,新光金元大9A購02,0,0,0,0,0,0,0,0,0,80000,0,0,0,100000,20000,80000,80000
055164,矽創元大98購01  ,0,0,0,0,0,0,0,0,0,80000,0,0,0,160000,80000,80000,80000
057231,美律凱基98購05  ,0,0,0,0,0,0,0,0,0,79000,0,0,0,175000,96000,79000,79000
049829,裕民凱基94購01  ,0,0,0,0,0,0,0,0,0,79000,0,0,0,79000,0,79000,79000
048877,茂林國票94購01  ,0,0,0,0,0,0,0,0,0,79000,0,0,0,79000,0,79000,79000
048811,鴻海日盛94購01  ,0,0,0,0,0,0,0,0,0,79000,0,0,0,149000,70000,79000,79000
054066,緯穎國票97購03  ,0,0,0,0,0,0,0,0,0,79000,0,0,0,79000,0,79000,79000
057340,玉晶光元富98購04,0,0,0,0,0,0,0,0,0,78000,0,0,0,98000,20000,78000,78000
058514,潤泰全元大99購01,0,0,0,0,0,0,0,0,0,78000,0,0,0,168000,90000,78000,78000
050039,鴻海中信94購03  ,0,0,0,0,0,0,0,0,0,78000,0,0,0,103000,25000,78000,78000
051403,玉晶光永豐95購05,0,0,0,0,0,0,0,0,0,78000,0,0,0,84000,6000,78000,78000
047543,鴻海凱基94購09  ,0,0,0,0,0,0,0,0,0,78000,0,0,0,110000,32000,78000,78000
054210,台光電國票97購03,0,0,0,0,0,0,0,0,0,78000,0,0,0,78000,0,78000,78000
052223,聯電凱基96購02  ,0,0,0,0,0,0,0,0,0,78000,0,0,0,78000,0,78000,78000
055344,國巨凱基97購04  ,0,0,0,0,0,0,0,0,0,78000,0,0,0,78000,0,78000,78000
055635,緯穎永豐97購01  ,0,0,0,0,0,0,0,0,0,78000,0,0,0,78000,0,78000,78000
6213,聯茂            ,855000,1305829,-450829,0,0,0,249000,471000,-222000,750000,1147000,327000,820000,26000,96000,-70000,77171
058606,聯發科元大99購13,0,0,0,0,0,0,0,0,0,77000,0,0,0,182000,105000,77000,77000
058684,健策凱基99購02  ,0,0,0,0,0,0,0,0,0,77000,0,0,0,77000,0,77000,77000
057259,台積電兆豐98購03,0,0,0,0,0,0,0,0,0,77000,0,0,0,177000,100000,77000,77000
056705,超眾國泰99購01  ,0,0,0,0,0,0,0,0,0,77000,0,0,0,90000,13000,77000,77000
050427,台積電凱基94購34,0,0,0,0,0,0,0,0,0,77000,0,0,0,87000,10000,77000,77000
053754,英業達元富96購02,0,0,0,0,0,0,0,0,0,77000,0,0,0,137000,60000,77000,77000
053028,康控富邦98購01  ,0,0,0,0,0,0,0,0,0,77000,0,0,0,87000,10000,77000,77000
055501,創意元大97購01  ,0,0,0,0,0,0,0,0,0,77000,0,0,0,106000,29000,77000,77000
053919,可成國票97購02  ,0,0,0,0,0,0,0,0,0,77000,0,0,0,77000,0,77000,77000
06860P,台灣50兆豐98售01,0,0,0,0,0,0,0,0,0,77000,0,0,0,87000,10000,77000,77000
057020,台積電凱基99購02,0,0,0,0,0,0,0,0,0,76000,0,0,0,88000,12000,76000,76000
05979P,華新科中信96售02,0,0,0,0,0,0,0,0,0,76000,0,0,0,76000,0,76000,76000
057877,神達元大99購01  ,0,0,0,0,0,0,0,0,0,76000,0,0,0,79000,3000,76000,76000
049199,茂林永豐95購01  ,0,0,0,0,0,0,0,0,0,76000,0,0,0,76000,0,76000,76000
050100,台積電永昌96購02,0,0,0,0,0,0,0,0,0,76000,0,0,0,119000,43000,76000,76000
053557,聯茂凱基96購04  ,0,0,0,0,0,0,0,0,0,76000,0,0,0,94000,18000,76000,76000
056096,超眾元富9A購01  ,0,0,0,0,0,0,0,0,0,76000,0,0,0,86000,10000,76000,76000
058086,鴻海元大98購14  ,0,0,0,0,0,0,0,0,0,75000,0,0,0,228000,153000,75000,75000
058609,玉山金元大99購01,0,0,0,0,0,0,0,0,0,75000,0,0,0,100000,25000,75000,75000
058821,泰鼎國泰9B購01  ,0,0,0,0,0,0,0,0,0,75000,0,0,0,100000,25000,75000,75000
05685P,臺股指元大96售10,0,0,0,0,0,0,0,0,0,75000,0,0,0,75000,0,75000,75000
056468,鴻海元大98購07  ,0,0,0,0,0,0,0,0,0,75000,0,0,0,87000,12000,75000,75000
053343,宏達電國票97購02,0,0,0,0,0,0,0,0,0,75000,0,0,0,75000,0,75000,75000
054575,聯鈞元大97購01  ,0,0,0,0,0,0,0,0,0,75000,0,0,0,100000,25000,75000,75000
051092,禾伸堂元大95購02,0,0,0,0,0,0,0,0,0,75000,0,0,0,75000,0,75000,75000
050957,T50反1台新05購01,0,0,0,0,0,0,0,0,0,75000,0,0,0,75000,0,75000,75000
04410P,大立光統一94售05,0,0,0,0,0,0,0,0,0,75000,0,0,0,75000,0,75000,75000
046191,新光金凱基98購01,0,0,0,0,0,0,0,0,0,75000,0,0,0,75000,0,75000,75000
055568,緯穎凱基97購02  ,0,0,0,0,0,0,0,0,0,75000,0,0,0,75000,0,75000,75000
053142,緯穎永豐96購01  ,0,0,0,0,0,0,0,0,0,75000,0,0,0,176000,101000,75000,75000
051802,同欣電永豐95購02,0,0,0,0,0,0,0,0,0,75000,0,0,0,75000,0,75000,75000
051582,聯發科元大97購02,0,0,0,0,0,0,0,0,0,75000,0,0,0,136000,61000,75000,75000
053548,旺宏凱基96購04  ,0,0,0,0,0,0,0,0,0,75000,0,0,0,75000,0,75000,75000
055253,大立光統一97購06,0,0,0,0,0,0,0,0,0,75000,0,0,0,75000,0,75000,75000
052218,大立光日盛95購01,0,0,0,0,0,0,0,0,0,75000,0,0,0,85000,10000,75000,75000
052552,智邦國票97購01  ,0,0,0,0,0,0,0,0,0,75000,0,0,0,75000,0,75000,75000
053625,國巨兆豐96購03  ,0,0,0,0,0,0,0,0,0,75000,0,0,0,75000,0,75000,75000
08602P,台灣50凱基96售04,0,0,0,0,0,0,0,0,0,75000,0,0,0,1070000,995000,75000,75000
6531,愛普            ,873000,805000,68000,0,0,0,0,0,0,7000,48000,41000,7000,0,0,0,75000
058122,美律國票9A購01  ,0,0,0,0,0,0,0,0,0,74000,0,0,0,74000,0,74000,74000
058184,鴻海永豐99購01  ,0,0,0,0,0,0,0,0,0,73000,0,0,0,85000,12000,73000,73000
058486,大立光國票9A購01,0,0,0,0,0,0,0,0,0,73000,0,0,0,73000,0,73000,73000
05682P,大立光元大98售03,0,0,0,0,0,0,0,0,0,73000,0,0,0,84000,11000,73000,73000
020000,富邦特選蘋果N   ,0,0,0,0,0,0,0,0,0,73000,0,0,0,170000,97000,73000,73000
050396,欣興元富94購02  ,0,0,0,0,0,0,0,0,0,73000,0,0,0,73000,0,73000,73000
1338,廣華-KY         ,119000,48000,71000,0,0,0,0,0,0,2000,2000,0,2000,0,0,0,73000
058263,大成鋼永豐99購01,0,0,0,0,0,0,0,0,0,72000,0,0,0,72000,0,72000,72000
058266,宏達電永豐99購01,0,0,0,0,0,0,0,0,0,72000,0,0,0,75000,3000,72000,72000
049690,義隆元大95購02  ,0,0,0,0,0,0,0,0,0,72000,0,0,0,72000,0,72000,72000
052488,旺宏國票96購03  ,0,0,0,0,0,0,0,0,0,72000,0,0,0,72000,0,72000,72000
06597P,國巨富邦9A售05  ,0,0,0,0,0,0,0,0,0,72000,0,0,0,72000,0,72000,72000
058172,國巨凱基9B購02  ,0,0,0,0,0,0,0,0,0,71000,0,0,0,220000,149000,71000,71000
056310,神達元大97購02  ,0,0,0,0,0,0,0,0,0,71000,0,0,0,117000,46000,71000,71000
044809,道瓊反國票93購01,0,0,0,0,0,0,0,0,0,71000,0,0,0,71000,0,71000,71000
050920,旺宏凱基95購01  ,0,0,0,0,0,0,0,0,0,71000,0,0,0,71000,0,71000,71000
054295,世芯元大96購03  ,0,0,0,0,0,0,0,0,0,71000,0,0,0,384000,313000,71000,71000
053229,南電台新97購01  ,0,0,0,0,0,0,0,0,0,71000,0,0,0,91000,20000,71000,71000
05650P,台積電富邦96售01,0,0,0,0,0,0,0,0,0,70000,0,0,0,70000,0,70000,70000
057009,信邦中信99購01  ,0,0,0,0,0,0,0,0,0,70000,0,0,0,70000,0,70000,70000
058237,嘉晶元大99購04  ,0,0,0,0,0,0,0,0,0,70000,0,0,0,178000,108000,70000,70000
058629,嘉晶國票9A購01  ,0,0,0,0,0,0,0,0,0,70000,0,0,0,70000,0,70000,70000
05830P,滬深2X元富99售03,0,0,0,0,0,0,0,0,0,70000,0,0,0,70000,0,70000,70000
06011P,貿聯元富96售04  ,0,0,0,0,0,0,0,0,0,70000,0,0,0,70000,0,70000,70000
044302,智邦兆豐93購02  ,0,0,0,0,0,0,0,0,0,70000,0,0,0,70000,0,70000,70000
04377P,大立光元大94售04,0,0,0,0,0,0,0,0,0,70000,0,0,0,70000,0,70000,70000
049927,健策元大94購02  ,0,0,0,0,0,0,0,0,0,70000,0,0,0,180000,110000,70000,70000
051409,美律國票96購01  ,0,0,0,0,0,0,0,0,0,70000,0,0,0,240000,170000,70000,70000
052172,致茂元大95購01  ,0,0,0,0,0,0,0,0,0,70000,0,0,0,90000,20000,70000,70000
050012,台積電國泰95購03,0,0,0,0,0,0,0,0,0,70000,0,0,0,80000,10000,70000,70000
053161,康友元大96購04  ,0,0,0,0,0,0,0,0,0,70000,0,0,0,70000,0,70000,70000
055484,華通元大97購04  ,0,0,0,0,0,0,0,0,0,70000,0,0,0,180000,110000,70000,70000
053703,緯穎兆豐96購01  ,0,0,0,0,0,0,0,0,0,70000,0,0,0,70000,0,70000,70000
055451,台積電元富97購02,0,0,0,0,0,0,0,0,0,70000,0,0,0,70000,0,70000,70000
054191,香港2X中信98購01,0,0,0,0,0,0,0,0,0,70000,0,0,0,70000,0,70000,70000
052543,聯詠元富95購01  ,0,0,0,0,0,0,0,0,0,70000,0,0,0,70000,0,70000,70000
054958,亞光元大97購03  ,0,0,0,0,0,0,0,0,0,70000,0,0,0,70000,0,70000,70000
055085,大毅國票97購01  ,0,0,0,0,0,0,0,0,0,70000,0,0,0,70000,0,70000,70000
06393P,台積電元大97售27,0,0,0,0,0,0,0,0,0,70000,0,0,0,358000,288000,70000,70000
06326P,鴻海中信01售01  ,0,0,0,0,0,0,0,0,0,70000,0,0,0,80000,10000,70000,70000
06896P,信邦中信98售01  ,0,0,0,0,0,0,0,0,0,70000,0,0,0,71000,1000,70000,70000
06837P,上銀統一9A售02  ,0,0,0,0,0,0,0,0,0,70000,0,0,0,70000,0,70000,70000
8104,錸寶            ,101000,29000,72000,0,0,0,0,0,0,-2000,0,2000,-2000,0,0,0,70000
058648,聯陽永豐99購01  ,0,0,0,0,0,0,0,0,0,69000,0,0,0,144000,75000,69000,69000
058475,台積電凱基99購06,0,0,0,0,0,0,0,0,0,69000,0,0,0,320000,251000,69000,69000
050616,潤泰全元大94購01,0,0,0,0,0,0,0,0,0,69000,0,0,0,69000,0,69000,69000
050778,瑞儀元大96購01  ,0,0,0,0,0,0,0,0,0,69000,0,0,0,70000,1000,69000,69000
053809,上銀群益96購02  ,0,0,0,0,0,0,0,0,0,69000,0,0,0,98000,29000,69000,69000
05288P,寶成元富95售02  ,0,0,0,0,0,0,0,0,0,69000,0,0,0,69000,0,69000,69000
06812P,台灣50元富9C售01,0,0,0,0,0,0,0,0,0,69000,0,0,0,537000,468000,69000,69000
2405,浩鑫            ,355000,286000,69000,0,0,0,0,0,0,0,0,0,0,0,0,0,69000
058225,旺宏元富99購01  ,0,0,0,0,0,0,0,0,0,68000,0,0,0,298000,230000,68000,68000
058264,瑞昱永豐99購01  ,0,0,0,0,0,0,0,0,0,68000,0,0,0,68000,0,68000,68000
058176,聯發科凱基99購05,0,0,0,0,0,0,0,0,0,68000,0,0,0,68000,0,68000,68000
058054,台積電統一9C購01,0,0,0,0,0,0,0,0,0,68000,0,0,0,74000,6000,68000,68000
058820,致茂國泰9B購01  ,0,0,0,0,0,0,0,0,0,68000,0,0,0,68000,0,68000,68000
058894,元油2X元大9C購11,0,0,0,0,0,0,0,0,0,68000,0,0,0,69000,1000,68000,68000
056998,麗豐康和98購01  ,0,0,0,0,0,0,0,0,0,68000,0,0,0,68000,0,68000,68000
056352,鴻海元大99購01  ,0,0,0,0,0,0,0,0,0,68000,0,0,0,69000,1000,68000,68000
057121,立積康和98購01  ,0,0,0,0,0,0,0,0,0,68000,0,0,0,68000,0,68000,68000
057467,祥碩永豐98購04  ,0,0,0,0,0,0,0,0,0,68000,0,0,0,384000,316000,68000,68000
049811,聯鈞元大94購01  ,0,0,0,0,0,0,0,0,0,68000,0,0,0,69000,1000,68000,68000
054063,聯茂國票97購02  ,0,0,0,0,0,0,0,0,0,68000,0,0,0,68000,0,68000,68000
054164,強茂凱基98購01  ,0,0,0,0,0,0,0,0,0,68000,0,0,0,68000,0,68000,68000
052300,力成台新95購01  ,0,0,0,0,0,0,0,0,0,68000,0,0,0,68000,0,68000,68000
052422,聯電國票96購03  ,0,0,0,0,0,0,0,0,0,68000,0,0,0,68000,0,68000,68000
050553,緯穎凱基94購06  ,0,0,0,0,0,0,0,0,0,67000,0,0,0,67000,0,67000,67000
04802P,國巨凱基94售07  ,0,0,0,0,0,0,0,0,0,67000,0,0,0,67000,0,67000,67000
047151,台積電國票94購02,0,0,0,0,0,0,0,0,0,67000,0,0,0,67000,0,67000,67000
051784,國巨兆豐95購01  ,0,0,0,0,0,0,0,0,0,67000,0,0,0,67000,0,67000,67000
051618,智邦凱基95購06  ,0,0,0,0,0,0,0,0,0,67000,0,0,0,124000,57000,67000,67000
052580,高鐵元富96購01  ,0,0,0,0,0,0,0,0,0,67000,0,0,0,157000,90000,67000,67000
06456P,聯發科統一98售03,0,0,0,0,0,0,0,0,0,67000,0,0,0,70000,3000,67000,67000
056669,貿聯國票99購01  ,0,0,0,0,0,0,0,0,0,66000,0,0,0,66000,0,66000,66000
04915P,鴻海永昌96售02  ,0,0,0,0,0,0,0,0,0,66000,0,0,0,66000,0,66000,66000
049101,聯詠國泰95購01  ,0,0,0,0,0,0,0,0,0,66000,0,0,0,66000,0,66000,66000
053149,京元電元大96購02,0,0,0,0,0,0,0,0,0,66000,0,0,0,71000,5000,66000,66000
05412P,泰碩國票95售02  ,0,0,0,0,0,0,0,0,0,66000,0,0,0,67000,1000,66000,66000
055131,茂林康和97購01  ,0,0,0,0,0,0,0,0,0,66000,0,0,0,80000,14000,66000,66000
4106,雃博            ,203000,137000,66000,0,0,0,0,0,0,0,0,0,0,0,0,0,66000
056668,光磊國票99購01  ,0,0,0,0,0,0,0,0,0,65000,0,0,0,70000,5000,65000,65000
05783P,嘉澤元富96售01  ,0,0,0,0,0,0,0,0,0,65000,0,0,0,96000,31000,65000,65000
05923P,旺宏元富96售05  ,0,0,0,0,0,0,0,0,0,65000,0,0,0,133000,68000,65000,65000
06156P,大立光統一97售05,0,0,0,0,0,0,0,0,0,65000,0,0,0,67000,2000,65000,65000
058250,台虹元大99購01  ,0,0,0,0,0,0,0,0,0,65000,0,0,0,65000,0,65000,65000
058469,臺股指中信9A購05,0,0,0,0,0,0,0,0,0,65000,0,0,0,90000,25000,65000,65000
058493,台積電群益9A購01,0,0,0,0,0,0,0,0,0,65000,0,0,0,100000,35000,65000,65000
058400,聯發科元大99購09,0,0,0,0,0,0,0,0,0,65000,0,0,0,166000,101000,65000,65000
053293,聯發科中信9B購01,0,0,0,0,0,0,0,0,0,65000,0,0,0,105000,40000,65000,65000
054335,緯穎永豐96購02  ,0,0,0,0,0,0,0,0,0,65000,0,0,0,65000,0,65000,65000
049870,南電兆豐94購01  ,0,0,0,0,0,0,0,0,0,65000,0,0,0,65000,0,65000,65000
04215P,鴻海國票93售02  ,0,0,0,0,0,0,0,0,0,65000,0,0,0,65000,0,65000,65000
041534,T50反1凱基96購01,0,0,0,0,0,0,0,0,0,65000,0,0,0,65000,0,65000,65000
05361P,聯發科富邦97售01,0,0,0,0,0,0,0,0,0,65000,0,0,0,65000,0,65000,65000
052215,樺漢元大96購02  ,0,0,0,0,0,0,0,0,0,65000,0,0,0,65000,0,65000,65000
053951,T50反1台新06購02,0,0,0,0,0,0,0,0,0,65000,0,0,0,65000,0,65000,65000
055440,矽力國票98購01  ,0,0,0,0,0,0,0,0,0,65000,0,0,0,65000,0,65000,65000
055665,亞德客群益97購01,0,0,0,0,0,0,0,0,0,65000,0,0,0,65000,0,65000,65000
4961,天鈺            ,257000,196000,61000,0,0,0,0,0,0,4000,4000,0,4000,0,0,0,65000
056357,台積電元大9A購01,0,0,0,0,0,0,0,0,0,64000,0,0,0,575000,511000,64000,64000
04955P,大立光日盛94售02,0,0,0,0,0,0,0,0,0,64000,0,0,0,64000,0,64000,64000
052601,大成鋼元大96購01,0,0,0,0,0,0,0,0,0,64000,0,0,0,221000,157000,64000,64000
057506,聯鈞國票99購02  ,0,0,0,0,0,0,0,0,0,63000,0,0,0,63000,0,63000,63000
057260,微星兆豐98購01  ,0,0,0,0,0,0,0,0,0,63000,0,0,0,63000,0,63000,63000
05722P,玉晶光國票97售03,0,0,0,0,0,0,0,0,0,63000,0,0,0,79000,16000,63000,63000
048273,南電富邦97購01  ,0,0,0,0,0,0,0,0,0,63000,0,0,0,63000,0,63000,63000
047024,奇力新元大95購01,0,0,0,0,0,0,0,0,0,63000,0,0,0,118000,55000,63000,63000
0061,元大寶滬深      ,4000,5000,-1000,0,0,0,0,0,0,64000,70000,30000,40000,62000,38000,24000,63000
04884P,聯發科凱基94售20,0,0,0,0,0,0,0,0,0,63000,0,0,0,108000,45000,63000,63000
06370P,貿聯凱基97售03  ,0,0,0,0,0,0,0,0,0,63000,0,0,0,100000,37000,63000,63000
048899,茂林國泰95購01  ,0,0,0,0,0,0,0,0,0,62000,0,0,0,72000,10000,62000,62000
051259,鴻海永昌96購03  ,0,0,0,0,0,0,0,0,0,62000,0,0,0,62000,0,62000,62000
04756P,大立光元富94售08,0,0,0,0,0,0,0,0,0,62000,0,0,0,84000,22000,62000,62000
047063,漢唐凱基95購01  ,0,0,0,0,0,0,0,0,0,62000,0,0,0,62000,0,62000,62000
054470,緯穎國票97購04  ,0,0,0,0,0,0,0,0,0,62000,0,0,0,62000,0,62000,62000
055286,晶技元大98購03  ,0,0,0,0,0,0,0,0,0,62000,0,0,0,70000,8000,62000,62000
054056,華新科國票96購02,0,0,0,0,0,0,0,0,0,62000,0,0,0,71000,9000,62000,62000
054266,緯穎元大96購07  ,0,0,0,0,0,0,0,0,0,62000,0,0,0,86000,24000,62000,62000
052463,聯電統一96購01  ,0,0,0,0,0,0,0,0,0,62000,0,0,0,62000,0,62000,62000
05186P,鈺齊中信95售02  ,0,0,0,0,0,0,0,0,0,62000,0,0,0,64000,2000,62000,62000
06790P,台積電凱基9A售04,0,0,0,0,0,0,0,0,0,62000,0,0,0,134000,72000,62000,62000
057171,台光電元大9B購01,0,0,0,0,0,0,0,0,0,61000,0,0,0,109000,48000,61000,61000
057129,聯發科凱基99購03,0,0,0,0,0,0,0,0,0,61000,0,0,0,71000,10000,61000,61000
057399,滬深反群益9C購01,0,0,0,0,0,0,0,0,0,61000,0,0,0,61000,0,61000,61000
05753P,臺股指中信99售02,0,0,0,0,0,0,0,0,0,61000,0,0,0,131000,70000,61000,61000
05631P,國巨富邦9A售01  ,0,0,0,0,0,0,0,0,0,61000,0,0,0,78000,17000,61000,61000
05690P,友達中信96售02  ,0,0,0,0,0,0,0,0,0,61000,0,0,0,61000,0,61000,61000
048551,鴻海元大94購02  ,0,0,0,0,0,0,0,0,0,61000,0,0,0,238000,177000,61000,61000
054821,貿聯元大9A購01  ,0,0,0,0,0,0,0,0,0,61000,0,0,0,61000,0,61000,61000
053746,彰銀康和96購01  ,0,0,0,0,0,0,0,0,0,61000,0,0,0,75000,14000,61000,61000
055728,緯穎元大97購03  ,0,0,0,0,0,0,0,0,0,61000,0,0,0,76000,15000,61000,61000
06714P,台積電元大98售15,0,0,0,0,0,0,0,0,0,61000,0,0,0,220000,159000,61000,61000
3018,同開            ,211000,150000,61000,0,0,0,0,0,0,0,0,0,0,0,0,0,61000
1795,美時            ,1373000,311000,1062000,0,0,0,0,1002000,-1002000,1000,1000,0,1000,0,0,0,61000
056694,欣興群益98購04  ,0,0,0,0,0,0,0,0,0,60000,0,0,0,110000,50000,60000,60000
056306,晶相光元大98購01,0,0,0,0,0,0,0,0,0,60000,0,0,0,130000,70000,60000,60000
056519,創意國票99購01  ,0,0,0,0,0,0,0,0,0,60000,0,0,0,68000,8000,60000,60000
056462,訊芯凱基98購03  ,0,0,0,0,0,0,0,0,0,60000,0,0,0,110000,50000,60000,60000
057693,臺股指凱基98購11,60000,0,60000,0,0,0,0,0,0,0,0,0,0,0,0,0,60000
058318,致茂永豐9A購01  ,0,0,0,0,0,0,0,0,0,60000,0,0,0,87000,27000,60000,60000
058342,鴻海群益9A購01  ,0,0,0,0,0,0,0,0,0,60000,0,0,0,71000,11000,60000,60000
058626,瑞昱國票9A購01  ,0,0,0,0,0,0,0,0,0,60000,0,0,0,60000,0,60000,60000
058613,茂林元大99購03  ,0,0,0,0,0,0,0,0,0,60000,0,0,0,70000,10000,60000,60000
058023,南電凱基98購02  ,0,0,0,0,0,0,0,0,0,60000,0,0,0,60000,0,60000,60000
058005,茂林群益98購04  ,0,0,0,0,0,0,0,0,0,60000,0,0,0,60000,0,60000,60000
057945,京鼎國票99購03  ,0,0,0,0,0,0,0,0,0,60000,0,0,0,70000,10000,60000,60000
058980,鴻海凱基99購06  ,0,0,0,0,0,0,0,0,0,60000,0,0,0,213000,153000,60000,60000
049207,茂林群益94購02  ,0,0,0,0,0,0,0,0,0,60000,0,0,0,70000,10000,60000,60000
054358,矽創兆豐96購01  ,0,0,0,0,0,0,0,0,0,60000,0,0,0,60000,0,60000,60000
054519,禾伸堂元大97購02,0,0,0,0,0,0,0,0,0,60000,0,0,0,103000,43000,60000,60000
049762,華邦電國泰95購01,0,0,0,0,0,0,0,0,0,60000,0,0,0,120000,60000,60000,60000
051536,玉晶光國票97購01,0,0,0,0,0,0,0,0,0,60000,0,0,0,64000,4000,60000,60000
049871,T50反1台新9A購02,0,0,0,0,0,0,0,0,0,60000,0,0,0,60000,0,60000,60000
049908,鴻海元大94購08  ,0,0,0,0,0,0,0,0,0,60000,0,0,0,80000,20000,60000,60000
048706,緯穎國票94購01  ,0,0,0,0,0,0,0,0,0,60000,0,0,0,60000,0,60000,60000
050165,泰鼎國泰95購02  ,0,0,0,0,0,0,0,0,0,60000,0,0,0,60000,0,60000,60000
051170,南電元大95購03  ,0,0,0,0,0,0,0,0,0,60000,0,0,0,60000,0,60000,60000
046740,大立光群益95購01,0,0,0,0,0,0,0,0,0,60000,0,0,0,140000,80000,60000,60000
046438,群創群益95購01  ,0,0,0,0,0,0,0,0,0,60000,0,0,0,60000,0,60000,60000
04588P,茂林永豐94售04  ,0,0,0,0,0,0,0,0,0,60000,0,0,0,60000,0,60000,60000
045866,南茂統一94購01  ,0,0,0,0,0,0,0,0,0,60000,0,0,0,60000,0,60000,60000
049527,國巨中信95購01  ,0,0,0,0,0,0,0,0,0,60000,0,0,0,60000,0,60000,60000
03996P,旺宏國泰95售01  ,0,0,0,0,0,0,0,0,0,60000,0,0,0,121000,61000,60000,60000
042388,大立光永昌93購02,0,0,0,0,0,0,0,0,0,60000,0,0,0,60000,0,60000,60000
04314P,聯茂元富93售01  ,0,0,0,0,0,0,0,0,0,60000,0,0,0,60000,0,60000,60000
04338P,亞光元大93售04  ,0,0,0,0,0,0,0,0,0,60000,0,0,0,60000,0,60000,60000
03039X,元展36          ,0,0,0,0,0,0,0,0,0,60000,0,0,0,60000,0,60000,60000
03412P,滬深2X群益98售01,0,0,0,0,0,0,0,0,0,60000,0,0,0,205000,145000,60000,60000
053830,台積電台新96購02,0,0,0,0,0,0,0,0,0,60000,0,0,0,60000,0,60000,60000
056206,泰鼎永豐97購01  ,0,0,0,0,0,0,0,0,0,60000,0,0,0,61000,1000,60000,60000
055774,台光電凱基97購02,0,0,0,0,0,0,0,0,0,60000,0,0,0,60000,0,60000,60000
055387,世紀鋼元大97購01,0,0,0,0,0,0,0,0,0,60000,0,0,0,120000,60000,60000,60000
055401,亞光元富9A購01  ,0,0,0,0,0,0,0,0,0,60000,0,0,0,150000,90000,60000,60000
053091,同欣電元大96購01,0,0,0,0,0,0,0,0,0,60000,0,0,0,90000,30000,60000,60000
053197,超眾元富96購02  ,0,0,0,0,0,0,0,0,0,60000,0,0,0,60000,0,60000,60000
053062,緯穎富邦97購01  ,0,0,0,0,0,0,0,0,0,60000,0,0,0,80000,20000,60000,60000
053500,新日興兆豐97購01,0,0,0,0,0,0,0,0,0,60000,0,0,0,70000,10000,60000,60000
054801,康友群益97購02  ,0,0,0,0,0,0,0,0,0,60000,0,0,0,60000,0,60000,60000
052312,美律富邦96購02  ,0,0,0,0,0,0,0,0,0,60000,0,0,0,60000,0,60000,60000
054237,茂林群益97購01  ,0,0,0,0,0,0,0,0,0,60000,0,0,0,60000,0,60000,60000
052200,台光電統一95購02,0,0,0,0,0,0,0,0,0,60000,0,0,0,60000,0,60000,60000
051657,台郡元富98購01  ,0,0,0,0,0,0,0,0,0,60000,0,0,0,80000,20000,60000,60000
052026,漢唐群益95購01  ,0,0,0,0,0,0,0,0,0,60000,0,0,0,60000,0,60000,60000
052057,臺股指凱基95購15,0,0,0,0,0,0,0,0,0,60000,0,0,0,60000,0,60000,60000
055117,臻鼎凱基98購02  ,0,0,0,0,0,0,0,0,0,60000,0,0,0,60000,0,60000,60000
055036,中工富邦9B購01  ,0,0,0,0,0,0,0,0,0,60000,0,0,0,60000,0,60000,60000
08164P,滬深2X中信95售04,0,0,0,0,0,0,0,0,0,60000,0,0,0,60000,0,60000,60000
06962P,華新科永豐99售01,0,0,0,0,0,0,0,0,0,60000,0,0,0,81000,21000,60000,60000
057557,聯茂凱基99購04  ,0,0,0,0,0,0,0,0,0,59000,0,0,0,78000,19000,59000,59000
056524,欣興中信98購02  ,0,0,0,0,0,0,0,0,0,59000,0,0,0,240000,181000,59000,59000
04751P,智邦兆豐95售02  ,0,0,0,0,0,0,0,0,0,59000,0,0,0,117000,58000,59000,59000
05484P,台積電凱基95售18,0,0,0,0,0,0,0,0,0,59000,0,0,0,60000,1000,59000,59000
056477,欣興元大98購02  ,0,0,0,0,0,0,0,0,0,58000,0,0,0,78000,20000,58000,58000
056764,友達元大9A購03  ,0,0,0,0,0,0,0,0,0,58000,0,0,0,87000,29000,58000,58000
057610,致茂元富98購02  ,0,0,0,0,0,0,0,0,0,58000,0,0,0,58000,0,58000,58000
057611,技嘉元富98購02  ,0,0,0,0,0,0,0,0,0,58000,0,0,0,58000,0,58000,58000
054568,訊芯群益97購01  ,0,0,0,0,0,0,0,0,0,58000,0,0,0,58000,0,58000,58000
055032,億光富邦99購01  ,0,0,0,0,0,0,0,0,0,58000,0,0,0,58000,0,58000,58000
053478,京鼎元大96購01  ,0,0,0,0,0,0,0,0,0,58000,0,0,0,58000,0,58000,58000
055500,京鼎元大97購04  ,0,0,0,0,0,0,0,0,0,58000,0,0,0,58000,0,58000,58000
055403,泰鼎元富97購01  ,0,0,0,0,0,0,0,0,0,58000,0,0,0,58000,0,58000,58000
052805,晶技元大97購01  ,0,0,0,0,0,0,0,0,0,58000,0,0,0,66000,8000,58000,58000
06944P,健鼎元富98售02  ,0,0,0,0,0,0,0,0,0,58000,0,0,0,65000,7000,58000,58000
4916,事欣科          ,118000,59000,59000,0,0,0,0,0,0,-1000,0,1000,-1000,0,0,0,58000
056636,台積電日盛9A購01,0,0,0,0,0,0,0,0,0,57000,0,0,0,537000,480000,57000,57000
054563,泰碩群益99購01  ,0,0,0,0,0,0,0,0,0,57000,0,0,0,190000,133000,57000,57000
049885,緯穎永豐94購01  ,0,0,0,0,0,0,0,0,0,57000,0,0,0,58000,1000,57000,57000
049433,健策國票95購03  ,0,0,0,0,0,0,0,0,0,57000,0,0,0,67000,10000,57000,57000
055327,致新國票98購01  ,0,0,0,0,0,0,0,0,0,57000,0,0,0,57000,0,57000,57000
053658,亞光凱基96購01  ,0,0,0,0,0,0,0,0,0,57000,0,0,0,57000,0,57000,57000
05252P,華通凱基95售01  ,0,0,0,0,0,0,0,0,0,57000,0,0,0,57000,0,57000,57000
3702A,大聯大甲特      ,44000,7000,37000,0,0,0,0,0,0,20000,20000,0,20000,0,0,0,57000
06725P,聯電元富98售01  ,0,0,0,0,0,0,0,0,0,57000,0,0,0,107000,50000,57000,57000
06508P,台灣50統一98售01,0,0,0,0,0,0,0,0,0,57000,0,0,0,57000,0,57000,57000
057226,上銀凱基98購06  ,0,0,0,0,0,0,0,0,0,56000,0,0,0,76000,20000,56000,56000
00702,國泰標普低波高息,0,0,0,0,0,0,0,0,0,56000,0,0,0,56000,0,56000,56000
05039P,鴻海凱基95售10  ,0,0,0,0,0,0,0,0,0,56000,0,0,0,86000,30000,56000,56000
04875P,台積電中信94售04,0,0,0,0,0,0,0,0,0,56000,0,0,0,56000,0,56000,56000
051978,泰碩凱基96購01  ,0,0,0,0,0,0,0,0,0,56000,0,0,0,157000,101000,56000,56000
06496P,台灣50日盛98售01,0,0,0,0,0,0,0,0,0,56000,0,0,0,56000,0,56000,56000
4739,康普            ,207000,132000,75000,0,0,0,0,0,0,-19000,0,19000,-19000,0,0,0,56000
3596,智易            ,809000,755000,54000,0,0,0,0,2000,-2000,4000,50000,36000,14000,9000,19000,-10000,56000
057428,正崴兆豐98購01  ,0,0,0,0,0,0,0,0,0,55000,0,0,0,55000,0,55000,55000
057308,同欣電兆豐99購01,0,0,0,0,0,0,0,0,0,55000,0,0,0,55000,0,55000,55000
056436,台積電凱基98購10,0,0,0,0,0,0,0,0,0,55000,0,0,0,55000,0,55000,55000
058154,泰碩統一9A購01  ,0,0,0,0,0,0,0,0,0,55000,0,0,0,55000,0,55000,55000
058552,欣興永豐99購01  ,0,0,0,0,0,0,0,0,0,55000,0,0,0,60000,5000,55000,55000
04889P,華通元大94售03  ,0,0,0,0,0,0,0,0,0,55000,0,0,0,62000,7000,55000,55000
049224,致新國票95購01  ,0,0,0,0,0,0,0,0,0,55000,0,0,0,55000,0,55000,55000
052114,華固中信95購01  ,0,0,0,0,0,0,0,0,0,55000,0,0,0,255000,200000,55000,55000
049761,亞德客國泰95購03,0,0,0,0,0,0,0,0,0,55000,0,0,0,195000,140000,55000,55000
049681,旺宏統一94購04  ,0,0,0,0,0,0,0,0,0,55000,0,0,0,55000,0,55000,55000
047435,台積電元大94購01,0,0,0,0,0,0,0,0,0,55000,0,0,0,70000,15000,55000,55000
04805P,創意元富94售01  ,0,0,0,0,0,0,0,0,0,55000,0,0,0,55000,0,55000,55000
051991,泰碩元大95購02  ,0,0,0,0,0,0,0,0,0,55000,0,0,0,145000,90000,55000,55000
054905,國揚康和97購01  ,0,0,0,0,0,0,0,0,0,55000,0,0,0,185000,130000,55000,55000
054951,大毅元大97購01  ,0,0,0,0,0,0,0,0,0,55000,0,0,0,75000,20000,55000,55000
054917,聯發科凱基98購05,0,0,0,0,0,0,0,0,0,55000,0,0,0,55000,0,55000,55000
055278,旺宏元大98購05  ,0,0,0,0,0,0,0,0,0,55000,0,0,0,55000,0,55000,55000
055265,玉晶光永豐98購03,0,0,0,0,0,0,0,0,0,55000,0,0,0,60000,5000,55000,55000
054231,國巨群益98購03  ,0,0,0,0,0,0,0,0,0,55000,0,0,0,55000,0,55000,55000
053043,嘉晶凱基96購01  ,0,0,0,0,0,0,0,0,0,55000,0,0,0,141000,86000,55000,55000
053191,奇鋐統一96購01  ,0,0,0,0,0,0,0,0,0,55000,0,0,0,55000,0,55000,55000
053787,健策元大97購02  ,0,0,0,0,0,0,0,0,0,55000,0,0,0,85000,30000,55000,55000
06412P,南亞科日盛97售01,0,0,0,0,0,0,0,0,0,55000,0,0,0,55000,0,55000,55000
056548,瀚宇博凱基98購02,0,0,0,0,0,0,0,0,0,54000,0,0,0,208000,154000,54000,54000
05755P,臺股指中信99售04,0,0,0,0,0,0,0,0,0,54000,0,0,0,85000,31000,54000,54000
045054,聯發科元富98購02,0,0,0,0,0,0,0,0,0,54000,0,0,0,224000,170000,54000,54000
049857,緯穎群益94購03  ,0,0,0,0,0,0,0,0,0,54000,0,0,0,54000,0,54000,54000
051489,世芯凱基95購01  ,0,0,0,0,0,0,0,0,0,54000,0,0,0,163000,109000,54000,54000
056101,光磊永豐98購01  ,0,0,0,0,0,0,0,0,0,54000,0,0,0,54000,0,54000,54000
06573P,台積電永昌99售02,0,0,0,0,0,0,0,0,0,54000,0,0,0,94000,40000,54000,54000
06943P,致茂元富98售03  ,0,0,0,0,0,0,0,0,0,54000,0,0,0,66000,12000,54000,54000
057298,旭富永豐98購01  ,0,0,0,0,0,0,0,0,0,53000,0,0,0,90000,37000,53000,53000
04977P,力成凱基96售01  ,0,0,0,0,0,0,0,0,0,53000,0,0,0,344000,291000,53000,53000
052084,台泥元大95購01  ,0,0,0,0,0,0,0,0,0,53000,0,0,0,60000,7000,53000,53000
052987,華新科元大99購01,0,0,0,0,0,0,0,0,0,53000,0,0,0,60000,7000,53000,53000
05548P,臺股指元大96售02,0,0,0,0,0,0,0,0,0,53000,0,0,0,56000,3000,53000,53000
055367,台積電元大97購23,0,0,0,0,0,0,0,0,0,53000,0,0,0,727000,674000,53000,53000
057180,華新科元大99購08,0,0,0,0,0,0,0,0,0,52000,0,0,0,162000,110000,52000,52000
057201,華擎元富98購01  ,0,0,0,0,0,0,0,0,0,52000,0,0,0,115000,63000,52000,52000
056971,麗豐永豐98購01  ,0,0,0,0,0,0,0,0,0,52000,0,0,0,52000,0,52000,52000
058044,鴻海元大99購07  ,0,0,0,0,0,0,0,0,0,52000,0,0,0,234000,182000,52000,52000
05975P,國巨日盛99售02  ,0,0,0,0,0,0,0,0,0,52000,0,0,0,79000,27000,52000,52000
048395,南亞科國票93購02,0,0,0,0,0,0,0,0,0,52000,0,0,0,52000,0,52000,52000
04783P,貿聯元富94售01  ,0,0,0,0,0,0,0,0,0,52000,0,0,0,52000,0,52000,52000
054876,群電群益97購02  ,0,0,0,0,0,0,0,0,0,52000,0,0,0,114000,62000,52000,52000
055019,福懋科元富97購01,0,0,0,0,0,0,0,0,0,52000,0,0,0,97000,45000,52000,52000
053383,京元電元大97購01,0,0,0,0,0,0,0,0,0,52000,0,0,0,109000,57000,52000,52000
055281,台光電元大98購03,0,0,0,0,0,0,0,0,0,52000,0,0,0,52000,0,52000,52000
053163,上証2X群益9A購02,0,0,0,0,0,0,0,0,0,52000,0,0,0,469000,417000,52000,52000
055879,神達元富97購01  ,0,0,0,0,0,0,0,0,0,52000,0,0,0,118000,66000,52000,52000
06978P,聯發科富邦9B售02,0,0,0,0,0,0,0,0,0,52000,0,0,0,87000,35000,52000,52000
06640P,國巨兆豐99售02  ,0,0,0,0,0,0,0,0,0,52000,0,0,0,52000,0,52000,52000
06099P,鴻海日盛97售03  ,0,0,0,0,0,0,0,0,0,51000,0,0,0,51000,0,51000,51000
057891,華新科統一9A購01,0,0,0,0,0,0,0,0,0,51000,0,0,0,51000,0,51000,51000
057562,奇鋐兆豐98購01  ,0,0,0,0,0,0,0,0,0,51000,0,0,0,205000,154000,51000,51000
057718,旺宏元富02購02  ,0,0,0,0,0,0,0,0,0,51000,0,0,0,111000,60000,51000,51000
057678,臺股指元大98購08,0,0,0,0,0,0,0,0,0,51000,0,0,0,51000,0,51000,51000
050169,臺指反元大97購01,0,0,0,0,0,0,0,0,0,51000,0,0,0,152000,101000,51000,51000
1308,亞聚            ,283000,220000,63000,0,0,0,0,0,0,-12000,0,12000,-12000,0,0,0,51000
057874,可成元大99購02  ,0,0,0,0,0,0,0,0,0,50000,0,0,0,60000,10000,50000,50000
057526,智邦元大98購10  ,0,0,0,0,0,0,0,0,0,50000,0,0,0,108000,58000,50000,50000
057572,明泰永豐98購01  ,0,0,0,0,0,0,0,0,0,50000,0,0,0,50000,0,50000,50000
057635,中鋼元大98購01  ,0,0,0,0,0,0,0,0,0,50000,0,0,0,150000,100000,50000,50000
057443,臺股指統一99購04,0,0,0,0,0,0,0,0,0,50000,0,0,0,50000,0,50000,50000
056861,美律群益99購01  ,0,0,0,0,0,0,0,0,0,50000,0,0,0,50000,0,50000,50000
056844,欣興元富98購03  ,0,0,0,0,0,0,0,0,0,50000,0,0,0,83000,33000,50000,50000
056546,致伸凱基98購01  ,0,0,0,0,0,0,0,0,0,50000,0,0,0,220000,170000,50000,50000
056295,國巨元大97購16  ,0,0,0,0,0,0,0,0,0,50000,0,0,0,50000,0,50000,50000
056419,欣興元富98購02  ,0,0,0,0,0,0,0,0,0,50000,0,0,0,50000,0,50000,50000
058611,欣興元大99購06  ,0,0,0,0,0,0,0,0,0,50000,0,0,0,50000,0,50000,50000
058621,華通國票9A購01  ,0,0,0,0,0,0,0,0,0,50000,0,0,0,50000,0,50000,50000
06100P,台積電日盛97售03,0,0,0,0,0,0,0,0,0,50000,0,0,0,65000,15000,50000,50000
06049P,創意亞東97售01  ,0,0,0,0,0,0,0,0,0,50000,0,0,0,60000,10000,50000,50000
058800,健策元大99購03  ,0,0,0,0,0,0,0,0,0,50000,0,0,0,52000,2000,50000,50000
058782,臺股指國票99購01,0,0,0,0,0,0,0,0,0,50000,0,0,0,50000,0,50000,50000
058780,牧德國票9A購01  ,0,0,0,0,0,0,0,0,0,50000,0,0,0,50000,0,50000,50000
051531,國巨國票96購04  ,0,0,0,0,0,0,0,0,0,50000,0,0,0,50000,0,50000,50000
051348,國巨元大95購07  ,0,0,0,0,0,0,0,0,0,50000,0,0,0,60000,10000,50000,50000
05145P,道瓊反元大98售01,0,0,0,0,0,0,0,0,0,50000,0,0,0,50000,0,50000,50000
048644,華固元大93購01  ,0,0,0,0,0,0,0,0,0,50000,0,0,0,60000,10000,50000,50000
04833P,鴻海元大94售16  ,0,0,0,0,0,0,0,0,0,50000,0,0,0,60000,10000,50000,50000
048552,鴻海元大94購03  ,0,0,0,0,0,0,0,0,0,50000,0,0,0,104000,54000,50000,50000
048783,國巨元大94購01  ,0,0,0,0,0,0,0,0,0,50000,0,0,0,60000,10000,50000,50000
048959,凌華康和94購01  ,0,0,0,0,0,0,0,0,0,50000,0,0,0,50000,0,50000,50000
053356,聯發科統一96購07,0,0,0,0,0,0,0,0,0,50000,0,0,0,50000,0,50000,50000
053366,樺漢國泰98購01  ,0,0,0,0,0,0,0,0,0,50000,0,0,0,50000,0,50000,50000
054348,康控國票97購03  ,0,0,0,0,0,0,0,0,0,50000,0,0,0,50000,0,50000,50000
054047,富邦金元大97購01,0,0,0,0,0,0,0,0,0,50000,0,0,0,70000,20000,50000,50000
047737,義隆麥證94購01  ,0,0,0,50000,0,50000,0,0,0,50000,0,0,0,50000,0,50000,50000
047512,宏達電國票94購01,0,0,0,0,0,0,0,0,0,50000,0,0,0,50000,0,50000,50000
047692,T50反1國票94購01,0,0,0,0,0,0,0,0,0,50000,0,0,0,50000,0,50000,50000
04078P,臺股指凱基93售14,0,0,0,0,0,0,0,0,0,50000,0,0,0,50000,0,50000,50000
03498P,矽創凱基02售02  ,0,0,0,0,0,0,0,0,0,50000,0,0,0,50000,0,50000,50000
047047,旺宏國票95購01  ,0,0,0,0,0,0,0,0,0,50000,0,0,0,50000,0,50000,50000
047219,美律麥證94購01  ,0,0,0,50000,0,50000,0,0,0,50000,0,0,0,50000,0,50000,50000
045825,力成凱基93購02  ,0,0,0,0,0,0,0,0,0,50000,0,0,0,50000,0,50000,50000
048264,華新科元富93購01,0,0,0,0,0,0,0,0,0,50000,0,0,0,50000,0,50000,50000
049501,台郡元大95購01  ,0,0,0,0,0,0,0,0,0,50000,0,0,0,50000,0,50000,50000
050952,健策群益96購01  ,0,0,0,0,0,0,0,0,0,50000,0,0,0,50000,0,50000,50000
055892,國巨統一99購01  ,0,0,0,0,0,0,0,0,0,50000,0,0,0,50000,0,50000,50000
055829,上銀元大97購06  ,0,0,0,0,0,0,0,0,0,50000,0,0,0,50000,0,50000,50000
055833,華通元大98購05  ,0,0,0,0,0,0,0,0,0,50000,0,0,0,50000,0,50000,50000
05274P,嘉聯益亞東95售01,0,0,0,0,0,0,0,0,0,50000,0,0,0,50000,0,50000,50000
055573,國巨統一97購06  ,0,0,0,0,0,0,0,0,0,50000,0,0,0,50000,0,50000,50000
052914,奇力新元富96購01,0,0,0,0,0,0,0,0,0,50000,0,0,0,50000,0,50000,50000
053788,泰鼎元大97購01  ,0,0,0,0,0,0,0,0,0,50000,0,0,0,50000,0,50000,50000
052861,台光電凱基96購03,0,0,0,0,0,0,0,0,0,50000,0,0,0,50000,0,50000,50000
055385,昇陽半元大98購01,0,0,0,0,0,0,0,0,0,50000,0,0,0,70000,20000,50000,50000
055408,力成國泰98購01  ,0,0,0,0,0,0,0,0,0,50000,0,0,0,75000,25000,50000,50000
054778,世紀鋼國票99購01,0,0,0,0,0,0,0,0,0,50000,0,0,0,96000,46000,50000,50000
055237,晶豪科台新97購01,0,0,0,0,0,0,0,0,0,50000,0,0,0,50000,0,50000,50000
053481,同欣電元大97購01,0,0,0,0,0,0,0,0,0,50000,0,0,0,95000,45000,50000,50000
053959,晶豪科永豐96購02,0,0,0,0,0,0,0,0,0,50000,0,0,0,50000,0,50000,50000
054216,聯茂國票97購03  ,0,0,0,0,0,0,0,0,0,50000,0,0,0,50000,0,50000,50000
054275,華通群益97購03  ,0,0,0,0,0,0,0,0,0,50000,0,0,0,50000,0,50000,50000
05467P,聯電元大95售02  ,0,0,0,0,0,0,0,0,0,50000,0,0,0,60000,10000,50000,50000
055321,大立光國票98購02,0,0,0,0,0,0,0,0,0,50000,0,0,0,50000,0,50000,50000
054938,國巨元大97購04  ,0,0,0,0,0,0,0,0,0,50000,0,0,0,51000,1000,50000,50000
052459,道瓊反統一95購04,0,0,0,0,0,0,0,0,0,50000,0,0,0,50000,0,50000,50000
053652,友達凱基98購04  ,0,0,0,0,0,0,0,0,0,50000,0,0,0,50000,0,50000,50000
051650,矽力永豐95購01  ,0,0,0,0,0,0,0,0,0,50000,0,0,0,214000,164000,50000,50000
051671,和鑫元大96購02  ,0,0,0,0,0,0,0,0,0,50000,0,0,0,50000,0,50000,50000
051664,鴻海元大96購07  ,0,0,0,0,0,0,0,0,0,50000,0,0,0,50000,0,50000,50000
1457,宜進            ,191000,141000,50000,0,0,0,0,0,0,0,0,0,0,0,0,0,50000
06670P,鴻海群益98售06  ,0,0,0,0,0,0,0,0,0,50000,0,0,0,50000,0,50000,50000
06444P,大立光凱基98售08,0,0,0,0,0,0,0,0,0,50000,0,0,0,50000,0,50000,50000
06489P,台積電元富98售06,0,0,0,0,0,0,0,0,0,50000,0,0,0,90000,40000,50000,50000
06369P,台積電凱基97售16,0,0,0,0,0,0,0,0,0,50000,0,0,0,75000,25000,50000,50000
06379P,群創統一97售05  ,0,0,0,0,0,0,0,0,0,50000,0,0,0,50000,0,50000,50000
06328P,台積電中信01售02,0,0,0,0,0,0,0,0,0,50000,0,0,0,50000,0,50000,50000
06902P,聯電凱基98售02  ,0,0,0,0,0,0,0,0,0,50000,0,0,0,60000,10000,50000,50000
06856P,台灣50永豐99售03,0,0,0,0,0,0,0,0,0,50000,0,0,0,50000,0,50000,50000
06875P,台灣50永昌9A售02,0,0,0,0,0,0,0,0,0,50000,0,0,0,100000,50000,50000,50000
6283,淳安            ,127000,77000,50000,0,0,0,0,0,0,0,0,0,0,0,0,0,50000
058803,世紀鋼元大99購03,0,0,0,0,0,0,0,0,0,49000,0,0,0,150000,101000,49000,49000
058843,元油2X群益9C購02,0,0,0,0,0,0,0,0,0,49000,0,0,0,49000,0,49000,49000
058687,聯茂凱基9A購01  ,0,0,0,0,0,0,0,0,0,49000,0,0,0,79000,30000,49000,49000
06204P,鴻海群益97售04  ,0,0,0,0,0,0,0,0,0,49000,0,0,0,60000,11000,49000,49000
056603,嘉聯益國泰9A購01,0,0,0,0,0,0,0,0,0,49000,0,0,0,60000,11000,49000,49000
057076,緯穎永豐98購01  ,0,0,0,0,0,0,0,0,0,49000,0,0,0,49000,0,49000,49000
049504,臺股指元大94購15,0,0,0,0,0,0,0,0,0,49000,0,0,0,49000,0,49000,49000
047962,T50反1中信96購02,0,0,0,0,0,0,0,0,0,49000,0,0,0,59000,10000,49000,49000
050727,華新科國票94購09,0,0,0,0,0,0,0,0,0,49000,0,0,0,49000,0,49000,49000
051897,台光電國泰97購01,0,0,0,0,0,0,0,0,0,49000,0,0,0,49000,0,49000,49000
053280,群創元大9C購01  ,0,0,0,0,0,0,0,0,0,49000,0,0,0,90000,41000,49000,49000
06692P,瑞昱凱基98售03  ,0,0,0,0,0,0,0,0,0,49000,0,0,0,80000,31000,49000,49000
2702,華園            ,78000,29000,49000,0,0,0,0,0,0,0,0,0,0,0,0,0,49000
057224,和碩日盛9A購01  ,0,0,0,0,0,0,0,0,0,48000,0,0,0,70000,22000,48000,48000
057433,上銀國票98購04  ,0,0,0,0,0,0,0,0,0,48000,0,0,0,48000,0,48000,48000
057414,華新科日盛9A購01,0,0,0,0,0,0,0,0,0,48000,0,0,0,50000,2000,48000,48000
057278,可成元大98購06  ,0,0,0,0,0,0,0,0,0,48000,0,0,0,80000,32000,48000,48000
056837,國巨元富98購02  ,0,0,0,0,0,0,0,0,0,48000,0,0,0,48000,0,48000,48000
058616,台虹元大9A購01  ,0,0,0,0,0,0,0,0,0,48000,0,0,0,48000,0,48000,48000
058487,晶技國票9A購01  ,0,0,0,0,0,0,0,0,0,48000,0,0,0,48000,0,48000,48000
058467,日月光中信9A購01,0,0,0,0,0,0,0,0,0,48000,0,0,0,48000,0,48000,48000
058028,國巨富邦99購04  ,0,0,0,0,0,0,0,0,0,48000,0,0,0,48000,0,48000,48000
058063,旺宏中信98購04  ,0,0,0,0,0,0,0,0,0,48000,0,0,0,68000,20000,48000,48000
058130,瑞昱元大99購01  ,0,0,0,0,0,0,0,0,0,48000,0,0,0,177000,129000,48000,48000
050690,台達電凱基96購01,0,0,0,0,0,0,0,0,0,48000,0,0,0,68000,20000,48000,48000
049091,訊連凱基94購01  ,0,0,0,0,0,0,0,0,0,48000,0,0,0,68000,20000,48000,48000
047127,臻鼎中信95購01  ,0,0,0,0,0,0,0,0,0,48000,0,0,0,48000,0,48000,48000
052930,華新科元大97購03,0,0,0,0,0,0,0,0,0,48000,0,0,0,168000,120000,48000,48000
055989,矽力元富9A購01  ,0,0,0,0,0,0,0,0,0,48000,0,0,0,63000,15000,48000,48000
05432P,國巨元富95售07  ,0,0,0,0,0,0,0,0,0,48000,0,0,0,48000,0,48000,48000
054448,矽力兆豐96購01  ,0,0,0,0,0,0,0,0,0,48000,0,0,0,50000,2000,48000,48000
054790,禾伸堂群益98購01,0,0,0,0,0,0,0,0,0,48000,0,0,0,48000,0,48000,48000
054780,中石化群益99購01,0,0,0,0,0,0,0,0,0,48000,0,0,0,48000,0,48000,48000
2637,慧洋-KY         ,257000,607000,-350000,0,0,0,1000,0,1000,397000,470000,70000,400000,0,3000,-3000,48000
06327P,台積電中信01售01,0,0,0,0,0,0,0,0,0,48000,0,0,0,49000,1000,48000,48000
8261,富鼎            ,149000,101000,48000,0,0,0,0,0,0,0,0,0,0,0,0,0,48000
058283,世紀鋼中信99購01,0,0,0,0,0,0,0,0,0,47000,0,0,0,630000,583000,47000,47000
057967,聯發科國泰9A購02,0,0,0,0,0,0,0,0,0,47000,0,0,0,50000,3000,47000,47000
058355,旺宏凱基99購04  ,0,0,0,0,0,0,0,0,0,47000,0,0,0,167000,120000,47000,47000
057078,國巨統一9A購02  ,0,0,0,0,0,0,0,0,0,47000,0,0,0,48000,1000,47000,47000
057620,康控凱基99購01  ,0,0,0,0,0,0,0,0,0,47000,0,0,0,50000,3000,47000,47000
057641,旺宏元大98購10  ,0,0,0,0,0,0,0,0,0,47000,0,0,0,50000,3000,47000,47000
047690,美律富邦97購01  ,0,0,0,0,0,0,0,0,0,47000,0,0,0,47000,0,47000,47000
050336,緯穎國泰94購02  ,0,0,0,0,0,0,0,0,0,47000,0,0,0,47000,0,47000,47000
053516,茂林群益96購05  ,0,0,0,0,0,0,0,0,0,47000,0,0,0,47000,0,47000,47000
053402,A50正2群益9A購02,0,0,0,0,0,0,0,0,0,47000,0,0,0,84000,37000,47000,47000
055104,台達電凱基98購01,0,0,0,0,0,0,0,0,0,47000,0,0,0,50000,3000,47000,47000
055561,奇鋐凱基97購01  ,0,0,0,0,0,0,0,0,0,47000,0,0,0,47000,0,47000,47000
055519,茂林中信99購01  ,0,0,0,0,0,0,0,0,0,47000,0,0,0,120000,73000,47000,47000
051591,玉晶光元大97購01,0,0,0,0,0,0,0,0,0,47000,0,0,0,114000,67000,47000,47000
06378P,國巨統一97售08  ,0,0,0,0,0,0,0,0,0,47000,0,0,0,47000,0,47000,47000
1730,花仙子          ,337000,205000,132000,0,0,0,0,0,0,-85000,0,85000,-85000,0,0,0,47000
057096,緯穎元富98購01  ,0,0,0,0,0,0,0,0,0,46000,0,0,0,78000,32000,46000,46000
058538,智邦台新99購02  ,0,0,0,0,0,0,0,0,0,46000,0,0,0,413000,367000,46000,46000
058116,正崴中信99購02  ,0,0,0,0,0,0,0,0,0,46000,0,0,0,94000,48000,46000,46000
058901,美律元大99購07  ,0,0,0,0,0,0,0,0,0,46000,0,0,0,102000,56000,46000,46000
04858P,健策元富94售01  ,0,0,0,0,0,0,0,0,0,46000,0,0,0,56000,10000,46000,46000
05215P,台積電台新95售03,0,0,0,0,0,0,0,0,0,46000,0,0,0,1613000,1567000,46000,46000
04777P,聯發科凱基94售10,0,0,0,0,0,0,0,0,0,46000,0,0,0,46000,0,46000,46000
00866,新光Shiller CAPE,0,0,0,0,0,0,0,0,0,46000,0,0,0,46000,0,46000,46000
04373P,滬深2X元大97售01,0,0,0,0,0,0,0,0,0,46000,0,0,0,77000,31000,46000,46000
055132,台虹康和97購01  ,0,0,0,0,0,0,0,0,0,46000,0,0,0,47000,1000,46000,46000
054971,帆宣元大97購02  ,0,0,0,0,0,0,0,0,0,46000,0,0,0,62000,16000,46000,46000
054138,晶技元大98購02  ,0,0,0,0,0,0,0,0,0,46000,0,0,0,46000,0,46000,46000
053499,禾伸堂兆豐96購01,0,0,0,0,0,0,0,0,0,46000,0,0,0,66000,20000,46000,46000
07008P,台郡中信99售02  ,0,0,0,0,0,0,0,0,0,46000,0,0,0,46000,0,46000,46000
05862P,大立光國泰98售01,0,0,0,0,0,0,0,0,0,45000,0,0,0,80000,35000,45000,45000
058360,台光電凱基9A購02,0,0,0,0,0,0,0,0,0,45000,0,0,0,45000,0,45000,45000
057061,華擎國泰9A購01  ,0,0,0,0,0,0,0,0,0,45000,0,0,0,45000,0,45000,45000
057564,台積電富邦9B購03,0,0,0,0,0,0,0,0,0,45000,0,0,0,45000,0,45000,45000
057686,中50凱基99購01  ,0,0,0,0,0,0,0,0,0,45000,0,0,0,60000,15000,45000,45000
056782,鴻海群益98購04  ,0,0,0,0,0,0,0,0,0,45000,0,0,0,87000,42000,45000,45000
056428,台達電凱基99購01,0,0,0,0,0,0,0,0,0,45000,0,0,0,128000,83000,45000,45000
056302,大立光元大97購17,0,0,0,0,0,0,0,0,0,45000,0,0,0,45000,0,45000,45000
056575,禾伸堂元大99購01,0,0,0,0,0,0,0,0,0,45000,0,0,0,305000,260000,45000,45000
04287P,A50正2中信96售01,0,0,0,0,0,0,0,0,0,45000,0,0,0,70000,25000,45000,45000
050842,旺宏國票97購01  ,0,0,0,0,0,0,0,0,0,45000,0,0,0,45000,0,45000,45000
048986,訊連元大94購01  ,0,0,0,0,0,0,0,0,0,45000,0,0,0,55000,10000,45000,45000
049796,國巨元大94購10  ,0,0,0,0,0,0,0,0,0,45000,0,0,0,45000,0,45000,45000
053415,聯茂國票97購01  ,0,0,0,0,0,0,0,0,0,45000,0,0,0,45000,0,45000,45000
055220,緯穎凱基98購02  ,0,0,0,0,0,0,0,0,0,45000,0,0,0,55000,10000,45000,45000
054957,興富發元大97購01,0,0,0,0,0,0,0,0,0,45000,0,0,0,78000,33000,45000,45000
052980,上銀元大96購03  ,0,0,0,0,0,0,0,0,0,45000,0,0,0,155000,110000,45000,45000
08966P,臺指反元大04售07,0,0,0,0,0,0,0,0,0,45000,0,0,0,54000,9000,45000,45000
9110,越南控-DR       ,45000,0,45000,0,0,0,0,0,0,0,0,0,0,0,0,0,45000
05652P,臻鼎群益96售01  ,0,0,0,0,0,0,0,0,0,44000,0,0,0,49000,5000,44000,44000
056846,晶相光元富98購01,0,0,0,0,0,0,0,0,0,44000,0,0,0,110000,66000,44000,44000
058575,智邦群益99購01  ,0,0,0,0,0,0,0,0,0,44000,0,0,0,44000,0,44000,44000
058508,聯發科元大99購11,0,0,0,0,0,0,0,0,0,44000,0,0,0,147000,103000,44000,44000
06223P,漢唐元富97售02  ,0,0,0,0,0,0,0,0,0,44000,0,0,0,86000,42000,44000,44000
05214P,台積電國票97售02,0,0,0,0,0,0,0,0,0,44000,0,0,0,44000,0,44000,44000
049321,緯穎凱基94購02  ,0,0,0,0,0,0,0,0,0,44000,0,0,0,44000,0,44000,44000
04806P,臻鼎元富94售06  ,0,0,0,0,0,0,0,0,0,44000,0,0,0,44000,0,44000,44000
052565,上銀凱基96購01  ,0,0,0,0,0,0,0,0,0,44000,0,0,0,65000,21000,44000,44000
052745,欣興元大96購04  ,0,0,0,0,0,0,0,0,0,44000,0,0,0,44000,0,44000,44000
052453,崇越元大95購01  ,0,0,0,0,0,0,0,0,0,44000,0,0,0,54000,10000,44000,44000
055259,玉晶光統一9A購01,0,0,0,0,0,0,0,0,0,44000,0,0,0,64000,20000,44000,44000
6582,申豐            ,108000,63000,45000,0,0,0,0,0,0,-1000,0,1000,-1000,0,0,0,44000
2399,映泰            ,382000,355000,27000,0,0,0,0,0,0,17000,17000,0,17000,0,0,0,44000
057973,神達富邦9A購01  ,0,0,0,0,0,0,0,0,0,43000,0,0,0,43000,0,43000,43000
057024,義隆凱基99購01  ,0,0,0,0,0,0,0,0,0,43000,0,0,0,43000,0,43000,43000
0054,元大台商50      ,3000,0,3000,0,0,0,0,0,0,40000,0,0,0,48000,8000,40000,43000
053487,台泥兆豐97購01  ,0,0,0,0,0,0,0,0,0,43000,0,0,0,43000,0,43000,43000
05242P,群創國泰97售01  ,0,0,0,0,0,0,0,0,0,43000,0,0,0,55000,12000,43000,43000
052984,漢唐元大96購01  ,0,0,0,0,0,0,0,0,0,43000,0,0,0,94000,51000,43000,43000
2062,橋椿            ,55000,12000,43000,0,0,0,0,0,0,0,0,0,0,0,0,0,43000
06450P,聯發科元大98售03,0,0,0,0,0,0,0,0,0,43000,0,0,0,74000,31000,43000,43000
056513,臻鼎亞東99購01  ,0,0,0,0,0,0,0,0,0,42000,0,0,0,42000,0,42000,42000
056246,祥碩群益97購01  ,0,0,0,0,0,0,0,0,0,42000,0,0,0,112000,70000,42000,42000
056361,美律元大99購02  ,0,0,0,0,0,0,0,0,0,42000,0,0,0,42000,0,42000,42000
057646,玉山金元大98購01,0,0,0,0,0,0,0,0,0,42000,0,0,0,218000,176000,42000,42000
057073,康控永豐98購01  ,0,0,0,0,0,0,0,0,0,42000,0,0,0,52000,10000,42000,42000
05741P,聯發科元大96售14,0,0,0,0,0,0,0,0,0,42000,0,0,0,71000,29000,42000,42000
03828P,致茂中信95售01  ,0,0,0,0,0,0,0,0,0,42000,0,0,0,42000,0,42000,42000
05455P,聯詠日盛95售01  ,0,0,0,0,0,0,0,0,0,42000,0,0,0,42000,0,42000,42000
050522,聯發科元大95購03,0,0,0,0,0,0,0,0,0,42000,0,0,0,52000,10000,42000,42000
053173,矽格群益97購01  ,0,0,0,0,0,0,0,0,0,42000,0,0,0,50000,8000,42000,42000
056053,和大元大97購05  ,0,0,0,0,0,0,0,0,0,42000,0,0,0,42000,0,42000,42000
052249,大成鋼永豐95購01,0,0,0,0,0,0,0,0,0,42000,0,0,0,42000,0,42000,42000
2427,三商電          ,70000,28000,42000,0,0,0,0,0,0,0,0,0,0,0,0,0,42000
2451,創見            ,227000,923131,-696131,0,0,0,0,1000,-1000,739000,22000,58000,-36000,775000,0,775000,41869
057097,致新元富98購01  ,0,0,0,0,0,0,0,0,0,41000,0,0,0,81000,40000,41000,41000
05632P,大立光群益96售02,0,0,0,0,0,0,0,0,0,41000,0,0,0,41000,0,41000,41000
057016,中石化凱基9B購01,0,0,0,0,0,0,0,0,0,41000,0,0,0,52000,11000,41000,41000
056997,台灣50康和9A購02,0,0,0,0,0,0,0,0,0,41000,0,0,0,41000,0,41000,41000
057932,美律群益98購04  ,0,0,0,0,0,0,0,0,0,41000,0,0,0,41000,0,41000,41000
058600,國巨元大99購15  ,0,0,0,0,0,0,0,0,0,41000,0,0,0,270000,229000,41000,41000
06216P,上銀元富97售03  ,0,0,0,0,0,0,0,0,0,41000,0,0,0,41000,0,41000,41000
048637,鴻海元大96購01  ,0,0,0,0,0,0,0,0,0,41000,0,0,0,574000,533000,41000,41000
00703,台新MSCI中國    ,0,0,0,0,0,0,0,0,0,41000,0,0,0,259000,218000,41000,41000
054129,技嘉元大96購02  ,0,0,0,0,0,0,0,0,0,41000,0,0,0,105000,64000,41000,41000
055030,帆宣國泰99購02  ,0,0,0,0,0,0,0,0,0,41000,0,0,0,250000,209000,41000,41000
055017,緯穎元富97購01  ,0,0,0,0,0,0,0,0,0,41000,0,0,0,85000,44000,41000,41000
05568P,台積電統一96售03,0,0,0,0,0,0,0,0,0,41000,0,0,0,41000,0,41000,41000
053207,SP黃豆凱基96購01,0,0,0,0,0,0,0,0,0,41000,0,0,0,41000,0,41000,41000
052830,台光電群益96購01,0,0,0,0,0,0,0,0,0,41000,0,0,0,41000,0,41000,41000
06427P,鴻海元大97售13  ,0,0,0,0,0,0,0,0,0,41000,0,0,0,50000,9000,41000,41000
06158P,玉晶光元富97售08,0,0,0,0,0,0,0,0,0,40000,0,0,0,40000,0,40000,40000
058751,南茂凱基9A購01  ,0,0,0,0,0,0,0,0,0,40000,0,0,0,40000,0,40000,40000
058369,亞光凱基99購02  ,0,0,0,0,0,0,0,0,0,40000,0,0,0,70000,30000,40000,40000
057915,台泥凱基98購01  ,0,0,0,0,0,0,0,0,0,40000,0,0,0,40000,0,40000,40000
058189,嘉澤永豐99購01  ,0,0,0,0,0,0,0,0,0,40000,0,0,0,40000,0,40000,40000
056964,聯發科永豐98購03,0,0,0,0,0,0,0,0,0,40000,0,0,0,290000,250000,40000,40000
057048,新日興元大98購01,0,0,0,0,0,0,0,0,0,40000,0,0,0,70000,30000,40000,40000
056880,緯穎國票98購02  ,0,0,0,0,0,0,0,0,0,40000,0,0,0,40000,0,40000,40000
056881,台灣50康和9A購01,0,0,0,0,0,0,0,0,0,40000,0,0,0,40000,0,40000,40000
05688P,臺股指元大96售13,0,0,0,0,0,0,0,0,0,40000,0,0,0,40000,0,40000,40000
056934,國巨元富98購04  ,0,0,0,0,0,0,0,0,0,40000,0,0,0,40000,0,40000,40000
056747,致新凱基99購01  ,0,0,0,0,0,0,0,0,0,40000,0,0,0,54000,14000,40000,40000
05641P,貿聯元富96售02  ,0,0,0,0,0,0,0,0,0,40000,0,0,0,40000,0,40000,40000
056448,全新凱基99購01  ,0,0,0,0,0,0,0,0,0,40000,0,0,0,56000,16000,40000,40000
057100,國巨中信9A購02  ,0,0,0,0,0,0,0,0,0,40000,0,0,0,40000,0,40000,40000
057477,智邦元大98購09  ,0,0,0,0,0,0,0,0,0,40000,0,0,0,50000,10000,40000,40000
057636,上銀元大98購06  ,0,0,0,0,0,0,0,0,0,40000,0,0,0,60000,20000,40000,40000
057770,亞德客群益98購01,0,0,0,0,0,0,0,0,0,40000,0,0,0,50000,10000,40000,40000
047356,貿聯兆豐94購01  ,0,0,0,0,0,0,0,0,0,40000,0,0,0,40000,0,40000,40000
04731P,臺股指中信96售03,0,0,0,0,0,0,0,0,0,40000,0,0,0,40000,0,40000,40000
04072P,臺股指凱基93售08,0,0,0,0,0,0,0,0,0,40000,0,0,0,40000,0,40000,40000
04109P,臺股指永昌93售04,0,0,0,0,0,0,0,0,0,40000,40000,0,40000,0,0,0,40000
04106P,滬深2X永豐93售02,0,0,0,0,0,0,0,0,0,40000,0,0,0,70000,30000,40000,40000
047763,旺宏元大94購04  ,0,0,0,0,0,0,0,0,0,40000,0,0,0,40000,0,40000,40000
047944,中石化元富96購01,0,0,0,0,0,0,0,0,0,40000,0,0,0,40000,0,40000,40000
047098,大毅國泰94購01  ,0,0,0,0,0,0,0,0,0,40000,0,0,0,40000,0,40000,40000
04690P,國巨群益94售06  ,0,0,0,0,0,0,0,0,0,40000,0,0,0,40000,0,40000,40000
044942,國巨群益94購01  ,0,0,0,0,0,0,0,0,0,40000,0,0,0,40000,0,40000,40000
048087,國巨凱基93購07  ,0,0,0,0,0,0,0,0,0,40000,0,0,0,50000,10000,40000,40000
04557P,茂林群益94售03  ,0,0,0,0,0,0,0,0,0,40000,0,0,0,40000,0,40000,40000
051324,康友國票96購01  ,0,0,0,0,0,0,0,0,0,40000,0,0,0,77000,37000,40000,40000
051338,揚明光永豐95購02,0,0,0,0,0,0,0,0,0,40000,0,0,0,40000,0,40000,40000
050628,美律中信94購02  ,0,0,0,0,0,0,0,0,0,40000,0,0,0,40000,0,40000,40000
051529,東元國票96購01  ,0,0,0,0,0,0,0,0,0,40000,0,0,0,40000,0,40000,40000
051380,禾伸堂群益95購01,0,0,0,0,0,0,0,0,0,40000,0,0,0,41000,1000,40000,40000
050480,健策國票95購04  ,0,0,0,0,0,0,0,0,0,40000,0,0,0,40000,0,40000,40000
050366,鴻海元大94購19  ,0,0,0,0,0,0,0,0,0,40000,0,0,0,68000,28000,40000,40000
053292,美律中信98購01  ,0,0,0,0,0,0,0,0,0,40000,0,0,0,40000,0,40000,40000
053297,鎧勝中信98購01  ,0,0,0,0,0,0,0,0,0,40000,0,0,0,40000,0,40000,40000
04854P,鴻海國泰96售04  ,0,0,0,0,0,0,0,0,0,40000,0,0,0,56000,16000,40000,40000
049273,臺股指元大94購08,0,0,0,0,0,0,0,0,0,40000,0,0,0,40000,0,40000,40000
048390,國巨國票94購02  ,0,0,0,0,0,0,0,0,0,40000,0,0,0,50000,10000,40000,40000
052828,滬深2X群益9A購02,0,0,0,0,0,0,0,0,0,40000,0,0,0,40000,0,40000,40000
053103,瀚宇博元富96購01,0,0,0,0,0,0,0,0,0,40000,0,0,0,40000,0,40000,40000
053049,T50反1國票98購01,0,0,0,0,0,0,0,0,0,40000,0,0,0,40000,0,40000,40000
051828,微星元大95購03  ,0,0,0,0,0,0,0,0,0,40000,0,0,0,40000,0,40000,40000
055619,同欣電國票98購02,0,0,0,0,0,0,0,0,0,40000,0,0,0,40000,0,40000,40000
052816,上銀永豐96購01  ,0,0,0,0,0,0,0,0,0,40000,0,0,0,50000,10000,40000,40000
052739,國巨元大96購04  ,0,0,0,0,0,0,0,0,0,40000,0,0,0,40000,0,40000,40000
054628,可成凱基98購01  ,0,0,0,0,0,0,0,0,0,40000,0,0,0,60000,20000,40000,40000
056146,台虹元大98購01  ,0,0,0,0,0,0,0,0,0,40000,0,0,0,45000,5000,40000,40000
055965,泰鼎元大97購03  ,0,0,0,0,0,0,0,0,0,40000,0,0,0,50000,10000,40000,40000
055844,大毅元大98購01  ,0,0,0,0,0,0,0,0,0,40000,0,0,0,58000,18000,40000,40000
05573P,仁寶元富96售02  ,0,0,0,0,0,0,0,0,0,40000,0,0,0,170000,130000,40000,40000
054987,凱美元富97購01  ,0,0,0,0,0,0,0,0,0,40000,0,0,0,40000,0,40000,40000
055100,得力凱基97購01  ,0,0,0,0,0,0,0,0,0,40000,0,0,0,40000,0,40000,40000
055337,超眾兆豐98購01  ,0,0,0,0,0,0,0,0,0,40000,0,0,0,70000,30000,40000,40000
052535,日月光國泰96購01,0,0,0,0,0,0,0,0,0,40000,0,0,0,45000,5000,40000,40000
051948,滬深2X元富9B購01,0,0,0,0,0,0,0,0,0,40000,0,0,0,40000,0,40000,40000
054096,佳世達國票97購01,0,0,0,0,0,0,0,0,0,40000,0,0,0,50000,10000,40000,40000
054296,世芯元大97購01  ,0,0,0,0,0,0,0,0,0,40000,0,0,0,55000,15000,40000,40000
054299,南電元大96購03  ,0,0,0,0,0,0,0,0,0,40000,0,0,0,40000,0,40000,40000
053916,漢唐國票97購04  ,0,0,0,0,0,0,0,0,0,40000,0,0,0,149000,109000,40000,40000
05240P,玉晶光永豐96售01,0,0,0,0,0,0,0,0,0,40000,0,0,0,40000,0,40000,40000
052334,大成鋼日盛95購01,0,0,0,0,0,0,0,0,0,40000,0,0,0,40000,0,40000,40000
06472P,道瓊銀元大98售03,0,0,0,0,0,0,0,0,0,40000,0,0,0,80000,40000,40000,40000
07107P,臺股指統一99售07,0,0,0,0,0,0,0,0,0,40000,0,0,0,40000,0,40000,40000
06741P,台積電富邦98售04,0,0,0,0,0,0,0,0,0,40000,0,0,0,40000,0,40000,40000
056674,華邦電元富98購01,0,0,0,0,0,0,0,0,0,39000,0,0,0,59000,20000,39000,39000
058081,技嘉群益9A購03  ,0,0,0,0,0,0,0,0,0,39000,0,0,0,39000,0,39000,39000
058298,聯茂凱基99購05  ,0,0,0,0,0,0,0,0,0,39000,0,0,0,48000,9000,39000,39000
058775,台積電國票9A購02,0,0,0,0,0,0,0,0,0,39000,0,0,0,59000,20000,39000,39000
05886P,華通元富96售01  ,0,0,0,0,0,0,0,0,0,39000,0,0,0,120000,81000,39000,39000
06046P,健策統一96售03  ,0,0,0,0,0,0,0,0,0,39000,0,0,0,47000,8000,39000,39000
048583,智原富邦98購01  ,0,0,0,0,0,0,0,0,0,39000,0,0,0,40000,1000,39000,39000
04897P,喬山中信94售01  ,0,0,0,0,0,0,0,0,0,39000,0,0,0,39000,0,39000,39000
050122,臺指反凱基96購01,0,0,0,0,0,0,0,0,0,39000,0,0,0,79000,40000,39000,39000
04784P,超眾元富94售01  ,0,0,0,0,0,0,0,0,0,39000,0,0,0,39000,0,39000,39000
053677,同欣電國泰97購01,0,0,0,0,0,0,0,0,0,39000,0,0,0,431000,392000,39000,39000
055063,玉晶光永豐99購01,0,0,0,0,0,0,0,0,0,39000,0,0,0,308000,269000,39000,39000
055952,上銀元大97購08  ,0,0,0,0,0,0,0,0,0,39000,0,0,0,40000,1000,39000,39000
07015P,國巨元大99售13  ,0,5000,-5000,0,0,0,0,0,0,44000,0,0,0,404000,360000,44000,39000
2882B,國泰金乙特      ,37000,0,37000,0,0,0,0,0,0,2000,24000,22000,2000,0,0,0,39000
058721,立積元富9C購01  ,0,0,0,0,0,0,0,0,0,38000,0,0,0,123000,85000,38000,38000
057981,臻鼎永豐98購01  ,0,0,0,0,0,0,0,0,0,38000,0,0,0,38000,0,38000,38000
058158,台積電台新99購01,0,0,0,0,0,0,0,0,0,38000,0,0,0,1206000,1168000,38000,38000
056431,鴻海凱基98購07  ,0,0,0,0,0,0,0,0,0,38000,0,0,0,38000,0,38000,38000
056263,友訊統一99購01  ,0,0,0,0,0,0,0,0,0,38000,0,0,0,38000,0,38000,38000
046476,鴻海統一96購01  ,0,0,0,0,0,0,0,0,0,38000,0,0,0,89000,51000,38000,38000
046628,大立光統一98購01,0,0,0,0,0,0,0,0,0,38000,0,0,0,52000,14000,38000,38000
055816,新日興國票98購01,0,0,0,0,0,0,0,0,0,38000,0,0,0,40000,2000,38000,38000
056164,聯茂凱基98購03  ,0,0,0,0,0,0,0,0,0,38000,0,0,0,60000,22000,38000,38000
055612,台光電國票97購04,0,0,0,0,0,0,0,0,0,38000,0,0,0,38000,0,38000,38000
053071,南電群益96購01  ,0,0,0,0,0,0,0,0,0,38000,0,0,0,40000,2000,38000,38000
051638,聯茂國票96購01  ,0,0,0,0,0,0,0,0,0,38000,0,0,0,44000,6000,38000,38000
051673,玉晶光元大96購04,0,0,0,0,0,0,0,0,0,38000,0,0,0,70000,32000,38000,38000
052056,緯穎凱基95購04  ,0,0,0,0,0,0,0,0,0,38000,0,0,0,40000,2000,38000,38000
052367,聯茂國票96購02  ,0,0,0,0,0,0,0,0,0,38000,0,0,0,38000,0,38000,38000
1731,美吾華          ,178000,140000,38000,0,0,0,0,0,0,0,0,0,0,0,0,0,38000
08703P,華碩凱基01售02  ,0,0,0,0,0,0,0,0,0,38000,0,0,0,100000,62000,38000,38000
1410,南染            ,40000,2000,38000,0,0,0,0,0,0,0,0,0,0,0,0,0,38000
6541,泰福-KY         ,136000,98000,38000,0,0,0,0,0,0,0,0,0,0,0,0,0,38000
056647,晶技凱基98購02  ,0,0,0,0,0,0,0,0,0,37000,0,0,0,39000,2000,37000,37000
057544,鴻海凱基02購01  ,0,0,0,0,0,0,0,0,0,37000,0,0,0,120000,83000,37000,37000
057417,國巨凱基9A購03  ,0,0,0,0,0,0,0,0,0,37000,0,0,0,127000,90000,37000,37000
04933P,中石化中信96售01,0,0,0,0,0,0,0,0,0,37000,0,0,0,37000,0,37000,37000
055333,晶豪科兆豐97購01,0,0,0,0,0,0,0,0,0,37000,0,0,0,62000,25000,37000,37000
05517P,臻鼎元大96售01  ,0,0,0,0,0,0,0,0,0,37000,0,0,0,42000,5000,37000,37000
06410P,祥碩統一97售01  ,0,0,0,0,0,0,0,0,0,37000,0,0,0,57000,20000,37000,37000
06286P,世芯國票97售02  ,0,0,0,0,0,0,0,0,0,37000,0,0,0,37000,0,37000,37000
057233,聯發科凱基98購14,0,0,0,0,0,0,0,0,0,36000,0,0,0,46000,10000,36000,36000
056769,國產元大98購01  ,0,0,0,0,0,0,0,0,0,36000,0,0,0,50000,14000,36000,36000
056301,開發金元大9A購01,0,0,0,0,0,0,0,0,0,36000,0,0,0,40000,4000,36000,36000
058168,國巨凱基9A購04  ,0,0,0,0,0,0,0,0,0,36000,0,0,0,136000,100000,36000,36000
058363,全新凱基9A購02  ,0,0,0,0,0,0,0,0,0,36000,0,0,0,36000,0,36000,36000
03520P,臺股指國票02售09,0,0,0,0,0,0,0,0,0,36000,0,0,0,76000,40000,36000,36000
03314P,台積電元大02售16,0,0,0,0,0,0,0,0,0,36000,0,0,0,36000,0,36000,36000
050484,世紀鋼國票95購02,0,0,0,0,0,0,0,0,0,36000,0,0,0,36000,0,36000,36000
05532P,臺股指群益96售05,0,0,0,0,0,0,0,0,0,36000,0,0,0,36000,0,36000,36000
055301,台虹元大97購01  ,0,0,0,0,0,0,0,0,0,36000,0,0,0,36000,0,36000,36000
06965P,台積電台新99售02,0,0,0,0,0,0,0,0,0,36000,0,0,0,575000,539000,36000,36000
06870P,台灣50群益9A售03,0,0,0,0,0,0,0,0,0,36000,0,0,0,36000,0,36000,36000
3443,創意            ,446000,401000,45000,0,0,0,0,0,0,-9000,3000,18000,-15000,11000,5000,6000,36000
058624,台積電國票99購09,0,0,0,0,0,0,0,0,0,35000,0,0,0,35000,0,35000,35000
05863P,滬深2X元大96售09,0,0,0,0,0,0,0,0,0,35000,0,0,0,35000,0,35000,35000
058885,元石油元大9C購02,0,0,0,0,0,0,0,0,0,35000,0,0,0,38000,3000,35000,35000
056678,力成元富98購01  ,0,0,0,0,0,0,0,0,0,35000,0,0,0,35000,0,35000,35000
057126,台積電凱基99購03,0,0,0,0,0,0,0,0,0,35000,0,0,0,35000,0,35000,35000
057159,晶技永豐98購01  ,0,0,0,0,0,0,0,0,0,35000,0,0,0,50000,15000,35000,35000
057533,晶相光元大98購02,0,0,0,0,0,0,0,0,0,35000,0,0,0,60000,25000,35000,35000
057501,超眾群益98購04  ,0,0,0,0,0,0,0,0,0,35000,0,0,0,35000,0,35000,35000
057767,緯穎凱基98購06  ,0,0,0,0,0,0,0,0,0,35000,0,0,0,35000,0,35000,35000
057824,日月光元大98購01,0,0,0,0,0,0,0,0,0,35000,0,0,0,55000,20000,35000,35000
051250,大立光元大98購01,0,0,0,0,0,0,0,0,0,35000,0,0,0,75000,40000,35000,35000
048945,訊連永豐94購01  ,0,0,0,0,0,0,0,0,0,35000,0,0,0,40000,5000,35000,35000
050023,國巨元大94購12  ,0,0,0,0,0,0,0,0,0,35000,0,0,0,35000,0,35000,35000
050082,聯發科統一94購08,0,0,0,0,0,0,0,0,0,35000,0,0,0,35000,0,35000,35000
054767,日電貿國票98購01,0,0,0,0,0,0,0,0,0,35000,0,0,0,35000,0,35000,35000
053449,超眾凱基98購01  ,0,0,0,0,0,0,0,0,0,35000,0,0,0,35000,0,35000,35000
053228,康友台新97購01  ,0,0,0,0,0,0,0,0,0,35000,0,0,0,50000,15000,35000,35000
053258,上証2X群益9A購03,0,0,0,0,0,0,0,0,0,35000,0,0,0,300000,265000,35000,35000
053769,香港反元大99購01,0,0,0,0,0,0,0,0,0,35000,0,0,0,35000,0,35000,35000
055570,華通統一98購03  ,0,0,0,0,0,0,0,0,0,35000,0,0,0,35000,0,35000,35000
055698,茂林國票98購03  ,0,0,0,0,0,0,0,0,0,35000,0,0,0,35000,0,35000,35000
052692,滬深2X中信99購02,0,0,0,0,0,0,0,0,0,35000,0,0,0,35000,0,35000,35000
06873P,嘉晶元富98售02  ,0,0,0,0,0,0,0,0,0,35000,0,0,0,916000,881000,35000,35000
06751P,旺宏凱基98售10  ,0,0,0,0,0,0,0,0,0,35000,0,0,0,73000,38000,35000,35000
07104P,聯發科元富99售04,0,0,0,0,0,0,0,0,0,35000,0,0,0,36000,1000,35000,35000
07124P,台積電元大99售21,0,0,0,0,0,0,0,0,0,35000,0,0,0,163000,128000,35000,35000
057003,立積國票98購01  ,0,0,0,0,0,0,0,0,0,34000,0,0,0,64000,30000,34000,34000
056409,麗豐國票99購01  ,0,0,0,0,0,0,0,0,0,34000,0,0,0,34000,0,34000,34000
058856,新光金兆豐99購01,0,0,0,0,0,0,0,0,0,34000,0,0,0,54000,20000,34000,34000
06193P,台積電元富97售04,0,0,0,0,0,0,0,0,0,34000,0,0,0,705000,671000,34000,34000
058229,為升元大99購02  ,0,0,0,0,0,0,0,0,0,34000,0,0,0,74000,40000,34000,34000
058042,鴻海元大98購12  ,0,0,0,0,0,0,0,0,0,34000,0,0,0,209000,175000,34000,34000
048385,亞德客國票94購01,0,0,0,0,0,0,0,0,0,34000,0,0,0,40000,6000,34000,34000
049439,牧德國泰96購01  ,0,0,0,0,0,0,0,0,0,34000,0,0,0,410000,376000,34000,34000
049593,群創元大9A購01  ,0,0,0,0,0,0,0,0,0,34000,0,0,0,63000,29000,34000,34000
052836,旺宏國泰98購01  ,0,0,0,0,0,0,0,0,0,34000,0,0,0,34000,0,34000,34000
1760,寶齡富錦        ,120000,84000,36000,0,0,0,0,0,0,-2000,0,2000,-2000,0,0,0,34000
8404,百和興業-KY     ,173000,139000,34000,0,0,0,0,0,0,0,0,0,0,0,0,0,34000
058271,訊連永豐99購01  ,0,0,0,0,0,0,0,0,0,33000,0,0,0,46000,13000,33000,33000
058293,光寶科凱基9A購01,0,0,0,0,0,0,0,0,0,33000,0,0,0,62000,29000,33000,33000
056426,上証2X凱基9A購01,0,0,0,0,0,0,0,0,0,33000,0,0,0,88000,55000,33000,33000
056766,義隆元大98購01  ,0,0,0,0,0,0,0,0,0,33000,0,0,0,63000,30000,33000,33000
057318,台光電凱基9A購01,0,0,0,0,0,0,0,0,0,33000,0,0,0,33000,0,33000,33000
048257,台積電統一93購07,0,0,0,0,0,0,0,0,0,33000,0,0,0,107000,74000,33000,33000
042315,T50反1台新96購01,0,0,0,0,0,0,0,0,0,33000,0,0,0,33000,0,33000,33000
048937,玉晶光永豐95購01,0,0,0,0,0,0,0,0,0,33000,0,0,0,553000,520000,33000,33000
053358,晶技統一98購01  ,0,0,0,0,0,0,0,0,0,33000,0,0,0,33000,0,33000,33000
053000,臺股指康和96購02,0,0,0,0,0,0,0,0,0,33000,0,0,0,33000,0,33000,33000
053687,智邦元大96購02  ,0,0,0,0,0,0,0,0,0,33000,0,0,0,166000,133000,33000,33000
056087,世芯統一97購01  ,0,0,0,0,0,0,0,0,0,33000,0,0,0,33000,0,33000,33000
05413P,台郡國票96售02  ,0,0,0,0,0,0,0,0,0,33000,0,0,0,33000,0,33000,33000
4912,聯德控股-KY     ,51000,18000,33000,0,0,0,0,0,0,0,0,0,0,0,0,0,33000
1721,三晃            ,75000,37000,38000,0,0,0,0,0,0,-5000,0,5000,-5000,0,0,0,33000
06935P,神達元大98售02  ,0,0,0,0,0,0,0,0,0,33000,0,0,0,44000,11000,33000,33000
056735,國巨凱基99購02  ,0,0,0,0,0,0,0,0,0,32000,0,0,0,165000,133000,32000,32000
056472,美律元大99購03  ,0,0,0,0,0,0,0,0,0,32000,0,0,0,52000,20000,32000,32000
056576,晶技元大99購02  ,0,0,0,0,0,0,0,0,0,32000,0,0,0,32000,0,32000,32000
058304,鴻海元大99購12  ,0,0,0,0,0,0,0,0,0,32000,0,0,0,459000,427000,32000,32000
058988,大立光凱基9A購02,0,0,0,0,0,0,0,0,0,32000,0,0,0,42000,10000,32000,32000
04366P,全新元富95售01  ,0,0,0,0,0,0,0,0,0,32000,0,0,0,32000,0,32000,32000
047784,元油反富邦94購03,0,0,0,0,0,0,0,0,0,32000,0,0,0,32000,0,32000,32000
04549P,茂林元大94售02  ,0,0,0,0,0,0,0,0,0,32000,0,0,0,62000,30000,32000,32000
053504,祥碩兆豐96購01  ,0,0,0,0,0,0,0,0,0,32000,0,0,0,32000,0,32000,32000
054405,樺漢康和96購01  ,0,0,0,0,0,0,0,0,0,32000,0,0,0,32000,0,32000,32000
051938,旭富群益95購01  ,0,0,0,0,0,0,0,0,0,32000,0,0,0,32000,0,32000,32000
055092,開發金群益9B購01,0,0,0,0,0,0,0,0,0,32000,0,0,0,32000,0,32000,32000
055809,T50反1國票98購02,0,0,0,0,0,0,0,0,0,32000,0,0,0,32000,0,32000,32000
055758,旺宏群益97購01  ,0,0,0,0,0,0,0,0,0,32000,0,0,0,32000,0,32000,32000
055966,茂林元大99購01  ,0,0,0,0,0,0,0,0,0,32000,0,0,0,60000,28000,32000,32000
053813,友達群益9A購03  ,0,0,0,0,0,0,0,0,0,32000,0,0,0,32000,0,32000,32000
05266P,華新科元大95售11,0,0,0,0,0,0,0,0,0,32000,0,0,0,161000,129000,32000,32000
05260P,和碩元富95售02  ,0,0,0,0,0,0,0,0,0,32000,0,0,0,32000,0,32000,32000
1734,杏輝            ,131000,99000,32000,0,0,0,0,0,0,0,0,0,0,0,0,0,32000
058087,鴻海元大98購15  ,0,0,0,0,0,0,0,0,0,31000,0,0,0,313000,282000,31000,31000
056444,南亞科凱基99購01,0,0,0,0,0,0,0,0,0,31000,0,0,0,35000,4000,31000,31000
056932,T50反1元富98購01,0,0,0,0,0,0,0,0,0,31000,0,0,0,31000,0,31000,31000
057083,立積統一98購01  ,0,0,0,0,0,0,0,0,0,31000,0,0,0,31000,0,31000,31000
057552,禾伸堂凱基98購05,0,0,0,0,0,0,0,0,0,31000,0,0,0,31000,0,31000,31000
04684P,欣興元大94售07  ,0,0,0,0,0,0,0,0,0,31000,0,0,0,31000,0,31000,31000
050807,群臺反凱基95購01,0,0,0,0,0,0,0,0,0,31000,0,0,0,41000,10000,31000,31000
03481P,欣興群益02售08  ,0,0,0,0,0,0,0,0,0,31000,0,0,0,31000,0,31000,31000
03751P,旺宏富邦95售01  ,0,0,0,0,0,0,0,0,0,31000,0,0,0,31000,0,31000,31000
04914P,國巨國泰95售06  ,0,0,0,0,0,0,0,0,0,31000,0,0,0,31000,0,31000,31000
049212,T50反1國票94購04,0,0,0,0,0,0,0,0,0,31000,0,0,0,31000,0,31000,31000
055398,超眾統一97購03  ,0,0,0,0,0,0,0,0,0,31000,0,0,0,31000,0,31000,31000
052719,致新凱基96購01  ,0,0,0,0,0,0,0,0,0,31000,0,0,0,31000,0,31000,31000
1507,永大            ,89000,38000,51000,0,0,0,0,0,0,-20000,0,20000,-20000,0,0,0,31000
06724P,台灣50國票98售01,0,0,0,0,0,0,0,0,0,31000,0,0,0,31000,0,31000,31000
07087P,聯發科台新99售02,0,0,0,0,0,0,0,0,0,31000,0,0,0,1138000,1107000,31000,31000
06649P,聯發科元大98售08,0,0,0,0,0,0,0,0,0,31000,0,0,0,106000,75000,31000,31000
057490,可成元大98購10  ,0,0,0,0,0,0,0,0,0,30000,0,0,0,50000,20000,30000,30000
057659,台表科兆豐98購01,0,0,0,0,0,0,0,0,0,30000,0,0,0,30000,0,30000,30000
057828,緯穎元大99購02  ,0,0,0,0,0,0,0,0,0,30000,0,0,0,50000,20000,30000,30000
057758,鴻海凱基99購03  ,0,0,0,0,0,0,0,0,0,30000,0,0,0,30000,0,30000,30000
057178,可成元大98購03  ,0,0,0,0,0,0,0,0,0,30000,0,0,0,70000,40000,30000,30000
057312,美律麥證98購01  ,0,0,0,40000,10000,30000,0,0,0,30000,0,0,0,40000,10000,30000,30000
057342,玉晶光台新98購01,0,0,0,0,0,0,0,0,0,30000,0,0,0,130000,100000,30000,30000
056909,嘉聯益元大99購03,0,0,0,0,0,0,0,0,0,30000,0,0,0,32000,2000,30000,30000
056890,國巨元大98購11  ,0,0,0,0,0,0,0,0,0,30000,0,0,0,30000,0,30000,30000
056453,禾伸堂凱基99購02,0,0,0,0,0,0,0,0,0,30000,0,0,0,40000,10000,30000,30000
056584,鴻海統一9B購01  ,0,0,0,0,0,0,0,0,0,30000,0,0,0,32000,2000,30000,30000
056558,台達電群益98購01,0,0,0,0,0,0,0,0,0,30000,0,0,0,30000,0,30000,30000
056255,華新科元富97購05,0,0,0,0,0,0,0,0,0,30000,0,0,0,100000,70000,30000,30000
058004,大立光群益98購03,0,0,0,0,0,0,0,0,0,30000,0,0,0,30000,0,30000,30000
058020,大立光凱基99購03,0,0,0,0,0,0,0,0,0,30000,0,0,0,40000,10000,30000,30000
058195,鈺齊永豐99購01  ,0,0,0,0,0,0,0,0,0,30000,0,0,0,30000,0,30000,30000
058193,緯穎永豐99購01  ,0,0,0,0,0,0,0,0,0,30000,0,0,0,30000,0,30000,30000
058151,台積電統一9A購04,0,0,0,0,0,0,0,0,0,30000,0,0,0,30000,0,30000,30000
058117,元石油群益9B購02,0,0,0,0,0,0,0,0,0,30000,0,0,0,30000,0,30000,30000
058406,聯茂元大99購06  ,0,0,0,0,0,0,0,0,0,30000,0,0,0,80000,50000,30000,30000
058446,新光金富邦9C購01,0,0,0,0,0,0,0,0,0,30000,0,0,0,50000,20000,30000,30000
058594,台灣50元富9B購03,0,0,0,0,0,0,0,0,0,30000,0,0,0,30000,0,30000,30000
058548,元石油永豐99購01,0,0,0,0,0,0,0,0,0,30000,0,0,0,30000,0,30000,30000
058503,鴻海元大99購14  ,0,0,0,0,0,0,0,0,0,30000,0,0,0,189000,159000,30000,30000
058844,元油2X群益9C購03,0,0,0,0,0,0,0,0,0,30000,0,0,0,30000,0,30000,30000
06150P,奇力新元大97售06,0,0,0,0,0,0,0,0,0,30000,0,0,0,40000,10000,30000,30000
05934P,國巨凱基96售13  ,0,0,0,0,0,0,0,0,0,30000,0,0,0,135000,105000,30000,30000
05911P,南亞科永豐96售03,0,0,0,0,0,0,0,0,0,30000,0,0,0,30000,0,30000,30000
04916P,大立光永昌96售02,0,0,0,0,0,0,0,0,0,30000,0,0,0,30000,0,30000,30000
049156,緯穎元大96購01  ,0,0,0,0,0,0,0,0,0,30000,0,0,0,30000,0,30000,30000
048396,奇力新國票94購02,0,0,0,0,0,0,0,0,0,30000,0,0,0,30000,0,30000,30000
048888,牧德元富94購02  ,0,0,0,0,0,0,0,0,0,30000,0,0,0,30000,0,30000,30000
048722,台表科永豐94購01,0,0,0,0,0,0,0,0,0,30000,0,0,0,30000,0,30000,30000
048836,牧德凱基94購03  ,0,0,0,0,0,0,0,0,0,30000,0,0,0,30000,0,30000,30000
053347,茂林國票98購01  ,0,0,0,0,0,0,0,0,0,30000,0,0,0,44000,14000,30000,30000
052170,台積電元大95購20,0,0,0,0,0,0,0,0,0,30000,0,0,0,31000,1000,30000,30000
052119,漢唐國票96購01  ,0,0,0,0,0,0,0,0,0,30000,0,0,0,30000,0,30000,30000
052091,緯創元大95購04  ,0,0,0,0,0,0,0,0,0,30000,0,0,0,30000,0,30000,30000
052094,瀚宇博元大96購02,0,0,0,0,0,0,0,0,0,30000,0,0,0,30000,0,30000,30000
054021,義隆台新96購01  ,0,0,0,0,0,0,0,0,0,30000,0,0,0,30000,0,30000,30000
050586,康友國票94購01  ,0,0,0,0,0,0,0,0,0,30000,0,0,0,30000,0,30000,30000
050601,台表科國泰96購01,0,0,0,0,0,0,0,0,0,30000,0,0,0,30000,0,30000,30000
050602,訊芯國泰96購01  ,0,0,0,0,0,0,0,0,0,30000,0,0,0,30000,0,30000,30000
051361,泰鼎元大95購01  ,0,0,0,0,0,0,0,0,0,30000,0,0,0,30000,0,30000,30000
051388,大立光麥證95購03,0,0,0,30000,0,30000,0,0,0,30000,0,0,0,30000,0,30000,30000
048634,華通元大94購01  ,0,0,0,0,0,0,0,0,0,30000,0,0,0,30000,0,30000,30000
051428,玉晶光統一96購01,0,0,0,0,0,0,0,0,0,30000,0,0,0,30000,0,30000,30000
051435,聯茂元富95購01  ,0,0,0,0,0,0,0,0,0,30000,0,0,0,30000,0,30000,30000
049902,大立光元富94購05,0,0,0,0,0,0,0,0,0,30000,0,0,0,30000,0,30000,30000
049907,鴻海元大94購07  ,0,0,0,0,0,0,0,0,0,30000,0,0,0,60000,30000,30000,30000
049929,祥碩元大94購03  ,0,0,0,0,0,0,0,0,0,30000,0,0,0,30000,0,30000,30000
050482,台郡國票94購04  ,0,0,0,0,0,0,0,0,0,30000,0,0,0,30000,0,30000,30000
050447,廣達元大94購01  ,0,0,0,0,0,0,0,0,0,30000,0,0,0,30000,0,30000,30000
050191,和碩元大94購02  ,0,0,0,0,0,0,0,0,0,30000,0,0,0,30000,0,30000,30000
050385,貿聯國票95購02  ,0,0,0,0,0,0,0,0,0,30000,0,0,0,30000,0,30000,30000
051086,鴻海元大96購04  ,0,0,0,0,0,0,0,0,0,30000,0,0,0,30000,0,30000,30000
04070P,臺股指凱基93售06,0,0,0,0,0,0,0,0,0,30000,30000,0,30000,0,0,0,30000
047675,群創元富96購03  ,0,0,0,0,0,0,0,0,0,30000,0,0,0,30000,0,30000,30000
047566,華新科國票94購02,0,0,0,0,0,0,0,0,0,30000,0,0,0,30000,0,30000,30000
047510,奇力新國票94購01,0,0,0,0,0,0,0,0,0,30000,0,0,0,30000,0,30000,30000
04267P,康控元富93售04  ,0,0,0,0,0,0,0,0,0,30000,0,0,0,30000,0,30000,30000
04956P,臺股指日盛94售02,0,0,0,0,0,0,0,0,0,30000,0,0,0,30000,0,30000,30000
050969,台郡永豐95購01  ,0,0,0,0,0,0,0,0,0,30000,0,0,0,30000,0,30000,30000
045435,鴻海統一94購01  ,0,0,0,0,0,0,0,0,0,30000,0,0,0,40000,10000,30000,30000
04505P,佳世達元富96售03,0,0,0,0,0,0,0,0,0,30000,0,0,0,30000,0,30000,30000
045298,旺宏元大94購01  ,0,0,0,0,0,0,0,0,0,30000,0,0,0,30000,0,30000,30000
052650,台郡永豐96購01  ,0,0,0,0,0,0,0,0,0,30000,0,0,0,30000,0,30000,30000
052763,晶技群益97購01  ,0,0,0,0,0,0,0,0,0,30000,0,0,0,30000,0,30000,30000
052764,景碩群益98購01  ,0,0,0,0,0,0,0,0,0,30000,0,0,0,30000,0,30000,30000
052765,新日興群益97購01,0,0,0,0,0,0,0,0,0,30000,0,0,0,30000,0,30000,30000
055695,大毅國票98購03  ,0,0,0,0,0,0,0,0,0,30000,0,0,0,30000,0,30000,30000
055739,健鼎元富97購01  ,0,0,0,0,0,0,0,0,0,30000,0,0,0,30000,0,30000,30000
055721,聯詠元大97購04  ,0,0,0,0,0,0,0,0,0,30000,0,0,0,30000,0,30000,30000
055713,國巨元大98購09  ,0,0,0,0,0,0,0,0,0,30000,0,0,0,30000,0,30000,30000
055602,康控元大97購03  ,0,0,0,0,0,0,0,0,0,30000,0,0,0,30000,0,30000,30000
056134,可成元大97購06  ,0,0,0,0,0,0,0,0,0,30000,0,0,0,50000,20000,30000,30000
051826,智邦元大95購03  ,0,0,0,0,0,0,0,0,0,30000,0,0,0,150000,120000,30000,30000
051792,泰鼎國票96購02  ,0,0,0,0,0,0,0,0,0,30000,0,0,0,30000,0,30000,30000
052597,茂林群益96購01  ,0,0,0,0,0,0,0,0,0,30000,0,0,0,30000,0,30000,30000
054614,玉晶光永豐97購03,0,0,0,0,0,0,0,0,0,30000,0,0,0,130000,100000,30000,30000
051627,華新科麥證95購03,0,0,0,40000,10000,30000,0,0,0,30000,0,0,0,40000,10000,30000,30000
051766,泰鼎元大95購02  ,0,0,0,0,0,0,0,0,0,30000,0,0,0,30000,0,30000,30000
053052,旺宏國票97購02  ,0,0,0,0,0,0,0,0,0,30000,0,0,0,30000,0,30000,30000
053145,元黃金元大96購02,0,0,0,0,0,0,0,0,0,30000,0,0,0,80000,50000,30000,30000
05322P,台積電凱基95售17,0,0,0,0,0,0,0,0,0,30000,0,0,0,110000,80000,30000,30000
055107,旺宏凱基98購04  ,0,0,0,0,0,0,0,0,0,30000,0,0,0,50000,20000,30000,30000
054934,金寶元大97購01  ,0,0,0,0,0,0,0,0,0,30000,0,0,0,30000,0,30000,30000
054867,華航群益99購01  ,0,0,0,0,0,0,0,0,0,30000,0,0,0,150000,120000,30000,30000
055031,南港富邦99購01  ,0,0,0,0,0,0,0,0,0,30000,0,0,0,30000,0,30000,30000
051959,台郡台新95購03  ,0,0,0,0,0,0,0,0,0,30000,0,0,0,32000,2000,30000,30000
055334,禾伸堂兆豐97購01,0,0,0,0,0,0,0,0,0,30000,0,0,0,84000,54000,30000,30000
053628,微星兆豐96購01  ,0,0,0,0,0,0,0,0,0,30000,0,0,0,30000,0,30000,30000
053905,華新科凱基96購10,0,0,0,0,0,0,0,0,0,30000,0,0,0,30000,0,30000,30000
052424,泰碩國票97購01  ,0,0,0,0,0,0,0,0,0,30000,0,0,0,30000,0,30000,30000
055294,智易元大98購01  ,0,0,0,0,0,0,0,0,0,30000,0,0,0,130000,100000,30000,30000
05409P,京元電元富95售05,0,0,0,0,0,0,0,0,0,30000,0,0,0,56000,26000,30000,30000
054089,台積電群益96購11,0,0,0,0,0,0,0,0,0,30000,0,0,0,30000,0,30000,30000
052226,旺宏凱基95購06  ,0,0,0,0,0,0,0,0,0,30000,0,0,0,30000,0,30000,30000
06688P,鴻海中信02售01  ,0,0,0,0,0,0,0,0,0,30000,0,0,0,30000,0,30000,30000
06466P,台積電統一9B售01,0,0,0,0,0,0,0,0,0,30000,0,0,0,30000,0,30000,30000
06501P,臺股指元大9A售06,0,0,0,0,0,0,0,0,0,30000,0,0,0,30000,0,30000,30000
06843P,鴻海元大98售11  ,0,0,0,0,0,0,0,0,0,30000,0,0,0,127000,97000,30000,30000
2206,三陽工業        ,271000,225000,46000,0,0,0,0,0,0,-16000,0,16000,-16000,0,0,0,30000
6668,中揚光          ,261000,231000,30000,0,0,0,0,0,0,0,0,0,0,0,0,0,30000
8482,商億-KY         ,92000,62000,30000,0,0,0,0,0,0,0,0,0,0,0,0,0,30000
058452,義隆永豐99購02  ,0,0,0,0,0,0,0,0,0,29000,0,0,0,82000,53000,29000,29000
058259,訊連國泰9B購01  ,0,0,0,0,0,0,0,0,0,29000,0,0,0,293000,264000,29000,29000
058038,滬深反元大98購01,0,0,0,0,0,0,0,0,0,29000,0,0,0,29000,0,29000,29000
057923,晶豪科凱基98購02,0,0,0,0,0,0,0,0,0,29000,0,0,0,70000,41000,29000,29000
05692P,聯發科中信9A售02,0,0,0,0,0,0,0,0,0,29000,0,0,0,65000,36000,29000,29000
057064,華新科富邦9B購01,0,0,0,0,0,0,0,0,0,29000,0,0,0,31000,2000,29000,29000
057493,聯詠元大98購02  ,0,0,0,0,0,0,0,0,0,29000,0,0,0,65000,36000,29000,29000
04709P,台積電元大94售15,0,0,0,0,0,0,0,0,0,29000,0,0,0,157000,128000,29000,29000
04601P,大立光凱基94售07,0,0,0,0,0,0,0,0,0,29000,0,0,0,29000,0,29000,29000
049310,台積電凱基94購15,0,0,0,0,0,0,0,0,0,29000,0,0,0,30000,1000,29000,29000
03959P,義隆元富96售01  ,0,0,0,0,0,0,0,0,0,29000,0,0,0,32000,3000,29000,29000
050325,台積電永豐94購05,0,0,0,0,0,0,0,0,0,29000,0,0,0,39000,10000,29000,29000
049674,國巨元富94購02  ,0,0,0,0,0,0,0,0,0,29000,0,0,0,29000,0,29000,29000
055652,聯詠元富01購01  ,0,0,0,0,0,0,0,0,0,29000,0,0,0,150000,121000,29000,29000
2020,美亞            ,60000,31000,29000,0,0,0,0,0,0,0,0,0,0,0,0,0,29000
06853P,華擎元富98售03  ,0,0,0,0,0,0,0,0,0,29000,0,0,0,29000,0,29000,29000
058011,台虹國票99購01  ,0,0,0,0,0,0,0,0,0,28000,0,0,0,28000,0,28000,28000
058513,宏達電元大99購05,0,0,0,0,0,0,0,0,0,28000,0,0,0,52000,24000,28000,28000
058502,鴻海元大99購13  ,0,0,0,0,0,0,0,0,0,28000,0,0,0,182000,154000,28000,28000
050315,和碩兆豐95購01  ,0,0,0,0,0,0,0,0,0,28000,0,0,0,68000,40000,28000,28000
047491,旺宏統一94購03  ,0,0,0,0,0,0,0,0,0,28000,0,0,0,28000,0,28000,28000
049477,泰鼎永豐94購01  ,0,0,0,0,0,0,0,0,0,28000,0,0,0,28000,0,28000,28000
04595P,臺股指元大94售13,0,0,0,0,0,0,0,0,0,28000,0,0,0,28000,0,28000,28000
052753,電子類元大96購02,0,0,0,0,0,0,0,0,0,28000,0,0,0,50000,22000,28000,28000
056061,國泰金元大97購02,0,0,0,0,0,0,0,0,0,28000,0,0,0,30000,2000,28000,28000
056168,鴻海元富97購07  ,0,0,0,0,0,0,0,0,0,28000,0,0,0,60000,32000,28000,28000
052822,泰碩永豐97購01  ,0,0,0,0,0,0,0,0,0,28000,0,0,0,53000,25000,28000,28000
05375P,健策國票96售02  ,0,0,0,0,0,0,0,0,0,28000,0,0,0,38000,10000,28000,28000
05387P,鴻海元大95售21  ,0,0,0,0,0,0,0,0,0,28000,0,0,0,28000,0,28000,28000
055291,京鼎元大97購02  ,0,0,0,0,0,0,0,0,0,28000,0,0,0,58000,30000,28000,28000
05250P,臻鼎國票96售01  ,0,0,0,0,0,0,0,0,0,28000,0,0,0,28000,0,28000,28000
2881A,富邦特          ,34000,90000,-56000,0,0,0,0,0,0,84000,84000,0,84000,0,0,0,28000
05792P,臺股指中信99售07,0,0,0,0,0,0,0,0,0,27000,0,0,0,27000,0,27000,27000
057727,華邦電國泰9A購01,0,0,0,0,0,0,0,0,0,27000,0,0,0,110000,83000,27000,27000
057675,同欣電元大98購02,0,0,0,0,0,0,0,0,0,27000,0,0,0,40000,13000,27000,27000
057111,立積群益98購02  ,0,0,0,0,0,0,0,0,0,27000,0,0,0,62000,35000,27000,27000
056621,宏達電永豐98購01,0,0,0,0,0,0,0,0,0,27000,0,0,0,49000,22000,27000,27000
056286,奇鋐永豐97購01  ,0,0,0,0,0,0,0,0,0,27000,0,0,0,30000,3000,27000,27000
056297,台光電元大97購04,0,0,0,0,0,0,0,0,0,27000,0,0,0,37000,10000,27000,27000
054469,同欣電凱基97購01,0,0,0,0,0,0,0,0,0,27000,0,0,0,27000,0,27000,27000
054194,國巨麥證96購02  ,0,0,0,126000,1099000,-973000,0,0,0,27000,0,0,0,1126000,1099000,27000,27000
051840,康友國泰97購02  ,0,0,0,0,0,0,0,0,0,27000,0,0,0,60000,33000,27000,27000
055672,國巨日盛97購02  ,0,0,0,0,0,0,0,0,0,27000,0,0,0,150000,123000,27000,27000
05670P,台積電國票98售01,0,0,0,0,0,0,0,0,0,26000,0,0,0,52000,26000,26000,26000
058231,技嘉元大99購02  ,0,0,0,0,0,0,0,0,0,26000,0,0,0,31000,5000,26000,26000
058341,T50反1群益99購01,0,0,0,0,0,0,0,0,0,26000,0,0,0,66000,40000,26000,26000
06237P,台積電元大97售26,0,0,0,0,0,0,0,0,0,26000,0,0,0,577000,551000,26000,26000
04436P,聯發科中信96售02,0,0,0,0,0,0,0,0,0,26000,0,0,0,41000,15000,26000,26000
04437P,滬深2X群益98售03,0,0,0,0,0,0,0,0,0,26000,0,0,0,26000,0,26000,26000
048021,滬深反凱基93購02,0,0,0,0,0,0,0,0,0,26000,0,0,0,26000,0,26000,26000
04335P,大成鋼元大93售01,0,0,0,0,0,0,0,0,0,26000,0,0,0,26000,0,26000,26000
049723,緯穎凱基94購04  ,0,0,0,0,0,0,0,0,0,26000,0,0,0,26000,0,26000,26000
04979P,臺股指凱基96售07,0,0,0,0,0,0,0,0,0,26000,0,0,0,26000,0,26000,26000
054578,世芯元大99購01  ,0,0,0,0,0,0,0,0,0,26000,0,0,0,60000,34000,26000,26000
05558P,鴻海麥證96售01  ,0,0,0,30000,4000,26000,0,0,0,26000,0,0,0,30000,4000,26000,26000
05543P,鴻海元富96售04  ,0,0,0,0,0,0,0,0,0,26000,0,0,0,56000,30000,26000,26000
052969,建準群益97購01  ,0,0,0,0,0,0,0,0,0,26000,0,0,0,26000,0,26000,26000
054637,智邦中信98購01  ,0,0,0,0,0,0,0,0,0,26000,0,0,0,30000,4000,26000,26000
052342,茂林凱基96購01  ,0,0,0,0,0,0,0,0,0,26000,0,0,0,50000,24000,26000,26000
05522P,友達元富96售02  ,0,0,0,0,0,0,0,0,0,26000,0,0,0,26000,0,26000,26000
053498,大立光兆豐96購03,0,0,0,0,0,0,0,0,0,26000,0,0,0,26000,0,26000,26000
053580,國巨元大96購10  ,0,0,0,0,0,0,0,0,0,26000,0,0,0,26000,0,26000,26000
05360P,健策元大95售03  ,0,0,0,0,0,0,0,0,0,26000,0,0,0,120000,94000,26000,26000
06304P,臺股指元大97售10,0,0,0,0,0,0,0,0,0,26000,0,0,0,26000,0,26000,26000
06157P,聯鈞統一97售02  ,0,0,0,0,0,0,0,0,0,25000,0,0,0,30000,5000,25000,25000
06020P,燿華元富96售04  ,0,0,0,0,0,0,0,0,0,25000,0,0,0,25000,0,25000,25000
058792,鴻海元大99購18  ,0,0,0,0,0,0,0,0,0,25000,0,0,0,166000,141000,25000,25000
05875P,旺宏群益98售01  ,0,0,0,0,0,0,0,0,0,25000,0,0,0,25000,0,25000,25000
058867,元油2X國票99購05,0,0,0,0,0,0,0,0,0,25000,0,0,0,35000,10000,25000,25000
05835P,臺股指元富96售07,0,0,0,0,0,0,0,0,0,25000,0,0,0,25000,0,25000,25000
056911,緯穎元大99購01  ,0,0,0,0,0,0,0,0,0,25000,0,0,0,38000,13000,25000,25000
056542,緯創凱基98購01  ,0,0,0,0,0,0,0,0,0,25000,0,0,0,190000,165000,25000,25000
05655P,南亞科統一96售01,0,0,0,0,0,0,0,0,0,25000,0,0,0,25000,0,25000,25000
057193,力成元大98購02  ,0,0,0,0,0,0,0,0,0,25000,0,0,0,25000,0,25000,25000
057195,南茂元大98購01  ,0,0,0,0,0,0,0,0,0,25000,0,0,0,77000,52000,25000,25000
057476,國巨元大98購19  ,0,0,0,0,0,0,0,0,0,25000,0,0,0,40000,15000,25000,25000
057821,晶相光元大98購03,0,0,0,0,0,0,0,0,0,25000,0,0,0,25000,0,25000,25000
057809,英業達元大98購01,0,0,0,0,0,0,0,0,0,25000,0,0,0,60000,35000,25000,25000
053339,友達國票97購02  ,0,0,0,0,0,0,0,0,0,25000,0,0,0,25000,0,25000,25000
053310,彩晶凱基98購02  ,0,0,0,0,0,0,0,0,0,25000,0,0,0,25000,0,25000,25000
048498,嘉澤元大94購01  ,0,0,0,0,0,0,0,0,0,25000,0,0,0,25000,0,25000,25000
051526,超眾凱基95購02  ,0,0,0,0,0,0,0,0,0,25000,0,0,0,25000,0,25000,25000
051307,康舒凱基95購01  ,0,0,0,0,0,0,0,0,0,25000,0,0,0,25000,0,25000,25000
050414,泰鼎永豐94購04  ,0,0,0,0,0,0,0,0,0,25000,0,0,0,25000,0,25000,25000
051069,智邦國票96購01  ,0,0,0,0,0,0,0,0,0,25000,0,0,0,25000,0,25000,25000
050188,貿聯元大96購01  ,0,0,0,0,0,0,0,0,0,25000,0,0,0,30000,5000,25000,25000
047897,可成群益94購01  ,0,0,0,0,0,0,0,0,0,25000,0,0,0,25000,0,25000,25000
04749P,臺股指元大94售25,0,0,0,0,0,0,0,0,0,25000,0,0,0,25000,0,25000,25000
050948,華固群益95購01  ,0,0,0,0,0,0,0,0,0,25000,0,0,0,40000,15000,25000,25000
049544,台積電群益94購08,0,0,0,0,0,0,0,0,0,25000,0,0,0,25000,0,25000,25000
046770,聯發科國泰94購01,0,0,0,0,0,0,0,0,0,25000,0,0,0,25000,0,25000,25000
05204P,TPK元大95售03   ,0,0,0,0,0,0,0,0,0,25000,0,0,0,25000,0,25000,25000
05167P,百和元富95售03  ,0,0,0,0,0,0,0,0,0,25000,0,0,0,25000,0,25000,25000
05469P,台積電元大95售24,0,0,0,0,0,0,0,0,0,25000,0,0,0,100000,75000,25000,25000
054730,上証2X凱基98購02,0,0,0,0,0,0,0,0,0,25000,0,0,0,27000,2000,25000,25000
055192,世芯元富97購01  ,0,0,0,0,0,0,0,0,0,25000,0,0,0,125000,100000,25000,25000
053546,台積電凱基96購13,0,0,0,0,0,0,0,0,0,25000,0,0,0,25000,0,25000,25000
054480,和碩中信98購01  ,0,0,0,0,0,0,0,0,0,25000,0,0,0,25000,0,25000,25000
05427P,聯發科凱基96售07,0,0,0,0,0,0,0,0,0,25000,0,0,0,25000,0,25000,25000
052871,群創凱基98購07  ,0,0,0,0,0,0,0,0,0,25000,0,0,0,25000,0,25000,25000
055429,華新科群益99購01,0,0,0,0,0,0,0,0,0,25000,0,0,0,25000,0,25000,25000
052619,茂林國泰99購01  ,0,0,0,0,0,0,0,0,0,25000,0,0,0,25000,0,25000,25000
052652,台虹永豐96購01  ,0,0,0,0,0,0,0,0,0,25000,0,0,0,25000,0,25000,25000
056173,廣達元富97購01  ,0,0,0,0,0,0,0,0,0,25000,0,0,0,182000,157000,25000,25000
06449P,台積電元大98售09,0,0,0,0,0,0,0,0,0,25000,0,0,0,25000,0,25000,25000
057618,台光電凱基99購01,0,0,0,0,0,0,0,0,0,24000,0,0,0,24000,0,24000,24000
056358,友訊元大99購01  ,0,0,0,0,0,0,0,0,0,24000,0,0,0,24000,0,24000,24000
058761,欣興群益99購02  ,0,0,0,0,0,0,0,0,0,24000,0,0,0,24000,0,24000,24000
04807P,聯茂元富94售01  ,0,0,0,0,0,0,0,0,0,24000,0,0,0,29000,5000,24000,24000
049498,茂林元大95購01  ,0,0,0,0,0,0,0,0,0,24000,0,0,0,64000,40000,24000,24000
043784,鴻海凱基94購01  ,0,0,0,0,0,0,0,0,0,24000,0,0,0,104000,80000,24000,24000
01004T,土銀富邦R2      ,24000,0,24000,0,0,0,0,0,0,0,0,0,0,0,0,0,24000
04911P,美律元富94售02  ,0,0,0,0,0,0,0,0,0,24000,0,0,0,24000,0,24000,24000
055757,大成鋼群益99購01,0,0,0,0,0,0,0,0,0,24000,0,0,0,25000,1000,24000,24000
055862,矽力元大97購04  ,0,0,0,0,0,0,0,0,0,24000,0,0,0,35000,11000,24000,24000
05551P,電子類元大96售01,0,0,0,0,0,0,0,0,0,24000,0,0,0,26000,2000,24000,24000
055535,緯創群益98購01  ,0,0,0,0,0,0,0,0,0,24000,0,0,0,55000,31000,24000,24000
053728,茂林凱基97購01  ,0,0,0,0,0,0,0,0,0,24000,0,0,0,26000,2000,24000,24000
055255,欣興統一97購02  ,0,0,0,0,0,0,0,0,0,24000,0,0,0,24000,0,24000,24000
06782P,大立光元大99售07,0,0,0,0,0,0,0,0,0,24000,0,0,0,81000,57000,24000,24000
07053P,台灣50兆豐01售01,0,0,0,0,0,0,0,0,0,24000,0,0,0,24000,0,24000,24000
5706,鳳凰            ,36000,12000,24000,0,0,0,0,0,0,0,0,0,0,0,0,0,24000
3257,虹冠電          ,63000,39000,24000,0,0,0,0,0,0,0,0,0,0,0,0,0,24000
056463,台虹凱基98購02  ,0,0,0,0,0,0,0,0,0,23000,0,0,0,33000,10000,23000,23000
056677,智伸科元富98購01,0,0,0,0,0,0,0,0,0,23000,0,0,0,52000,29000,23000,23000
04907P,超眾國票95售01  ,0,0,0,0,0,0,0,0,0,23000,0,0,0,23000,0,23000,23000
04857P,美律元富94售01  ,0,0,0,0,0,0,0,0,0,23000,0,0,0,23000,0,23000,23000
049260,華新科元大96購01,0,0,0,0,0,0,0,0,0,23000,0,0,0,25000,2000,23000,23000
04204P,臺股指元大93售44,0,0,0,0,0,0,0,0,0,23000,0,0,0,36000,13000,23000,23000
03935P,可成富邦95售01  ,0,0,0,0,0,0,0,0,0,23000,0,0,0,23000,0,23000,23000
054761,台光電國票98購02,0,0,0,0,0,0,0,0,0,23000,0,0,0,23000,0,23000,23000
05503P,智邦日盛96售01  ,0,0,0,0,0,0,0,0,0,23000,0,0,0,23000,0,23000,23000
05378P,台積電凱基96售02,0,0,0,0,0,0,0,0,0,23000,0,0,0,33000,10000,23000,23000
055638,上銀元富97購01  ,0,0,0,0,0,0,0,0,0,23000,0,0,0,23000,0,23000,23000
055671,世紀鋼群益97購01,0,0,0,0,0,0,0,0,0,23000,0,0,0,27000,4000,23000,23000
05612P,台積電元大96售13,0,0,0,0,0,0,0,0,0,23000,0,0,0,43000,20000,23000,23000
07005P,台積電統一9B售05,0,0,0,0,0,0,0,0,0,23000,0,0,0,23000,0,23000,23000
056867,華通麥證98購01  ,0,0,0,22000,0,22000,0,0,0,22000,0,0,0,22000,0,22000,22000
056386,TPK國泰99購01   ,0,0,0,0,0,0,0,0,0,22000,0,0,0,59000,37000,22000,22000
06213P,大立光元大98售07,0,0,0,0,0,0,0,0,0,22000,0,0,0,37000,15000,22000,22000
058501,S&P正2元大99購01,0,0,0,0,0,0,0,0,0,22000,0,0,0,50000,28000,22000,22000
058555,矽創永豐9A購01  ,0,0,0,0,0,0,0,0,0,22000,0,0,0,22000,0,22000,22000
058576,南亞科群益99購01,0,0,0,0,0,0,0,0,0,22000,0,0,0,22000,0,22000,22000
05790P,臺股指永昌96售07,0,0,0,0,0,0,0,0,0,22000,1000,0,1000,51000,30000,21000,22000
047508,旺宏國票94購01  ,0,0,0,0,0,0,0,0,0,22000,0,0,0,52000,30000,22000,22000
04160P,儒鴻中信93售01  ,0,0,0,0,0,0,0,0,0,22000,0,0,0,22000,0,22000,22000
044643,滬深2X群益96購01,0,0,0,0,0,0,0,0,0,22000,0,0,0,102000,80000,22000,22000
05063P,聯電元大96售03  ,0,0,0,0,0,0,0,0,0,22000,0,0,0,85000,63000,22000,22000
056065,奇鋐元大97購01  ,0,0,0,0,0,0,0,0,0,22000,0,0,0,22000,0,22000,22000
055759,技嘉群益98購02  ,0,0,0,0,0,0,0,0,0,22000,0,0,0,32000,10000,22000,22000
055726,台表科元大98購03,0,0,0,0,0,0,0,0,0,22000,0,0,0,32000,10000,22000,22000
053749,揚明光永豐97購01,0,0,0,0,0,0,0,0,0,22000,0,0,0,35000,13000,22000,22000
055424,聚陽群益98購01  ,0,0,0,0,0,0,0,0,0,22000,0,0,0,22000,0,22000,22000
055076,福懋科永豐97購01,0,0,0,0,0,0,0,0,0,22000,0,0,0,22000,0,22000,22000
06749P,技嘉元富98售03  ,0,0,0,0,0,0,0,0,0,22000,0,0,0,63000,41000,22000,22000
06707P,臺股指台新99售04,0,0,0,0,0,0,0,0,0,22000,0,0,0,22000,0,22000,22000
1526,日馳            ,90000,63000,27000,0,0,0,0,0,0,-5000,0,5000,-5000,0,0,0,22000
058585,S&P正2中信9B購02,0,0,0,0,0,0,0,0,0,21000,0,0,0,21000,0,21000,21000
058307,聯發科元大99購08,0,0,0,0,0,0,0,0,0,21000,0,0,0,104000,83000,21000,21000
057537,聯茂元大98購04  ,0,0,0,0,0,0,0,0,0,21000,0,0,0,31000,10000,21000,21000
057759,聯發科凱基98購17,0,0,0,0,0,0,0,0,0,21000,0,0,0,71000,50000,21000,21000
057200,技嘉元富98購01  ,0,0,0,0,0,0,0,0,0,21000,0,0,0,80000,59000,21000,21000
057179,可成元大98購04  ,0,0,0,0,0,0,0,0,0,21000,0,0,0,100000,79000,21000,21000
050189,旭富元大94購01  ,0,0,0,0,0,0,0,0,0,21000,0,0,0,30000,9000,21000,21000
050121,南電元大95購02  ,0,0,0,0,0,0,0,0,0,21000,0,0,0,32000,11000,21000,21000
048769,聯鈞凱基94購01  ,0,0,0,0,0,0,0,0,0,21000,0,0,0,26000,5000,21000,21000
054544,統一中信97購01  ,0,0,0,0,0,0,0,0,0,21000,0,0,0,121000,100000,21000,21000
04337P,台積電元大93售25,0,0,0,0,0,0,0,0,0,21000,0,0,0,32000,11000,21000,21000
04136P,智邦元大93售09  ,0,0,0,0,0,0,0,0,0,21000,0,0,0,21000,0,21000,21000
054916,聯發科凱基98購04,0,0,0,0,0,0,0,0,0,21000,0,0,0,21000,0,21000,21000
054952,大毅元大97購02  ,0,0,0,0,0,0,0,0,0,21000,0,0,0,31000,10000,21000,21000
05499P,聯詠元富95售02  ,0,0,0,0,0,0,0,0,0,21000,0,0,0,76000,55000,21000,21000
055346,國巨凱基98購02  ,0,0,0,0,0,0,0,0,0,21000,0,0,0,21000,0,21000,21000
055296,康舒元大97購02  ,0,0,0,0,0,0,0,0,0,21000,0,0,0,36000,15000,21000,21000
055302,達方元大97購01  ,0,0,0,0,0,0,0,0,0,21000,0,0,0,31000,10000,21000,21000
055283,聯發科元大97購16,0,0,0,0,0,0,0,0,0,21000,0,0,0,315000,294000,21000,21000
055270,上銀元大97購03  ,0,0,0,0,0,0,0,0,0,21000,0,0,0,69000,48000,21000,21000
05234P,美食康和95售01  ,0,0,0,0,0,0,0,0,0,21000,0,0,0,22000,1000,21000,21000
054081,聯電元富96購01  ,0,0,0,0,0,0,0,0,0,21000,0,0,0,21000,0,21000,21000
052598,滬深2X元大96購05,0,0,0,0,0,0,0,0,0,21000,0,0,0,21000,0,21000,21000
053265,南亞科群益96購02,0,0,0,0,0,0,0,0,0,21000,0,0,0,21000,0,21000,21000
052970,美律群益96購01  ,0,0,0,0,0,0,0,0,0,21000,0,0,0,21000,0,21000,21000
055512,聯詠兆豐97購01  ,0,0,0,0,0,0,0,0,0,21000,0,0,0,48000,27000,21000,21000
055579,健策統一9A購01  ,0,0,0,0,0,0,0,0,0,21000,0,0,0,21000,0,21000,21000
055865,臺股指元大97購02,0,0,0,0,0,0,0,0,0,21000,0,0,0,21000,0,21000,21000
06721P,臺股指中信9A售03,0,0,0,0,0,0,0,0,0,21000,0,0,0,21000,0,21000,21000
06577P,聯發科日盛9A售02,0,0,0,0,0,0,0,0,0,21000,0,0,0,21000,0,21000,21000
06314P,GIS元富97售02   ,0,0,0,0,0,0,0,0,0,21000,0,0,0,21000,0,21000,21000
06928P,鴻海元大99售10  ,0,0,0,0,0,0,0,0,0,21000,0,0,0,95000,74000,21000,21000
911868,同方友友-DR     ,21000,0,21000,0,0,0,0,0,0,0,0,0,0,0,0,0,21000
057239,貿聯凱基98購05  ,0,0,0,0,0,0,0,0,0,20000,0,0,0,20000,0,20000,20000
057215,友達群益98購03  ,0,0,0,0,0,0,0,0,0,20000,0,0,0,200000,180000,20000,20000
057113,祥碩群益98購01  ,0,0,0,0,0,0,0,0,0,20000,0,0,0,39000,19000,20000,20000
057144,南電兆豐98購01  ,0,0,0,0,0,0,0,0,0,20000,0,0,0,20000,0,20000,20000
057108,潤泰全群益98購01,0,0,0,0,0,0,0,0,0,20000,0,0,0,20000,0,20000,20000
057118,欣興日盛9A購01  ,0,0,0,0,0,0,0,0,0,20000,0,0,0,20000,0,20000,20000
057429,華新科兆豐98購03,0,0,0,0,0,0,0,0,0,20000,0,0,0,20000,0,20000,20000
057368,微星元大98購02  ,0,0,0,0,0,0,0,0,0,20000,0,0,0,20000,0,20000,20000
057371,可成元大98購08  ,0,0,0,0,0,0,0,0,0,20000,0,0,0,50000,30000,20000,20000
057684,聯茂日盛99購01  ,0,0,0,0,0,0,0,0,0,20000,0,0,0,20000,0,20000,20000
057691,健策凱基99購01  ,0,0,0,0,0,0,0,0,0,20000,0,0,0,20000,0,20000,20000
05778P,台積電統一96售05,0,0,0,0,0,0,0,0,0,20000,0,0,0,20000,0,20000,20000
057791,可成統一99購01  ,0,0,0,0,0,0,0,0,0,20000,0,0,0,20000,0,20000,20000
057863,美律凱基9A購01  ,0,0,0,0,0,0,0,0,0,20000,0,0,0,20000,0,20000,20000
057550,聯發科凱基02購01,0,0,0,0,0,0,0,0,0,20000,0,0,0,87000,67000,20000,20000
057486,美律元大98購04  ,0,0,0,0,0,0,0,0,0,20000,0,0,0,23000,3000,20000,20000
057507,貿聯國票98購02  ,0,0,0,0,0,0,0,0,0,20000,0,0,0,20000,0,20000,20000
057630,茂林永豐98購01  ,0,0,0,0,0,0,0,0,0,20000,0,0,0,80000,60000,20000,20000
057667,可成元大99購01  ,0,0,0,0,0,0,0,0,0,20000,0,0,0,51000,31000,20000,20000
056408,奇鋐國票99購01  ,0,0,0,0,0,0,0,0,0,20000,0,0,0,20000,0,20000,20000
056423,奇鋐統一98購01  ,0,0,0,0,0,0,0,0,0,20000,0,0,0,20000,0,20000,20000
056351,鴻海元大98購06  ,0,0,0,0,0,0,0,0,0,20000,0,0,0,21000,1000,20000,20000
056381,台虹元富98購01  ,0,0,0,0,0,0,0,0,0,20000,0,0,0,20000,0,20000,20000
056279,新日興富邦99購01,0,0,0,0,0,0,0,0,0,20000,0,0,0,20000,0,20000,20000
056324,南亞科兆豐98購01,0,0,0,0,0,0,0,0,0,20000,0,0,0,20000,0,20000,20000
056509,晶相光永豐98購01,0,0,0,0,0,0,0,0,0,20000,0,0,0,30000,10000,20000,20000
056503,楠梓電永豐98購01,0,0,0,0,0,0,0,0,0,20000,0,0,0,20000,0,20000,20000
056891,國巨元大99購03  ,0,0,0,0,0,0,0,0,0,20000,0,0,0,30000,10000,20000,20000
056900,可成元大98購02  ,0,0,0,0,0,0,0,0,0,20000,0,0,0,40000,20000,20000,20000
056902,大立光元大98購12,0,0,0,0,0,0,0,0,0,20000,0,0,0,40000,20000,20000,20000
056745,聯茂凱基99購03  ,0,0,0,0,0,0,0,0,0,20000,0,0,0,23000,3000,20000,20000
056794,上銀麥證98購01  ,0,0,0,20000,0,20000,0,0,0,20000,0,0,0,20000,0,20000,20000
056670,樺漢國票99購01  ,0,0,0,0,0,0,0,0,0,20000,0,0,0,20000,0,20000,20000
058422,百和麥證99購01  ,0,0,0,30000,10000,20000,0,0,0,20000,0,0,0,30000,10000,20000,20000
058420,聯發科麥證99購03,0,0,0,40000,20000,20000,0,0,0,20000,0,0,0,40000,20000,20000,20000
058410,國巨兆豐99購03  ,0,0,0,0,0,0,0,0,0,20000,0,0,0,60000,40000,20000,20000
058580,華新科群益99購02,0,0,0,0,0,0,0,0,0,20000,0,0,0,20000,0,20000,20000
058478,聯發科凱基9A購01,0,0,0,0,0,0,0,0,0,20000,0,0,0,43000,23000,20000,20000
058540,嘉聯益國泰9A購02,0,0,0,0,0,0,0,0,0,20000,0,0,0,20000,0,20000,20000
057886,聯詠群益98購01  ,0,0,0,0,0,0,0,0,0,20000,0,0,0,20000,0,20000,20000
057950,T50正2元大9B購04,0,0,0,0,0,0,0,0,0,20000,0,0,0,20000,0,20000,20000
057976,旺宏永豐98購03  ,0,0,0,0,0,0,0,0,0,20000,0,0,0,20000,0,20000,20000
058049,帆宣元大98購01  ,0,0,0,0,0,0,0,0,0,20000,0,0,0,40000,20000,20000,20000
058074,欣興凱基99購01  ,0,0,0,0,0,0,0,0,0,20000,0,0,0,20000,0,20000,20000
058064,華邦電亞東99購01,0,0,0,0,0,0,0,0,0,20000,0,0,0,20000,0,20000,20000
058238,奇鋐元大99購02  ,0,0,0,0,0,0,0,0,0,20000,0,0,0,29000,9000,20000,20000
058239,景碩元大99購03  ,0,0,0,0,0,0,0,0,0,20000,0,0,0,20000,0,20000,20000
058233,聯發科元大99購06,0,0,0,0,0,0,0,0,0,20000,0,0,0,154000,134000,20000,20000
058269,世芯永豐9A購01  ,0,0,0,0,0,0,0,0,0,20000,0,0,0,39000,19000,20000,20000
058162,上銀日盛9B購01  ,0,0,0,0,0,0,0,0,0,20000,0,0,0,20000,0,20000,20000
058187,泰碩永豐99購01  ,0,0,0,0,0,0,0,0,0,20000,0,0,0,20000,0,20000,20000
06214P,國巨國票98售04  ,0,0,0,0,0,0,0,0,0,20000,0,0,0,20000,0,20000,20000
06091P,華新科統一97售01,0,0,0,0,0,0,0,0,0,20000,0,0,0,20000,0,20000,20000
058769,友達兆豐99購01  ,0,0,0,0,0,0,0,0,0,20000,0,0,0,20000,0,20000,20000
058694,鈺齊國票9A購02  ,0,0,0,0,0,0,0,0,0,20000,0,0,0,20000,0,20000,20000
058702,國巨元大99購16  ,0,0,0,0,0,0,0,0,0,20000,0,0,0,30000,10000,20000,20000
058937,仁寶中信99購01  ,0,0,0,0,0,0,0,0,0,20000,0,0,0,20000,0,20000,20000
04139P,大立光國票93售03,0,0,0,0,0,0,0,0,0,20000,0,0,0,20000,0,20000,20000
04086P,臺股指元富93售04,0,0,0,0,0,0,0,0,0,20000,0,0,0,20000,0,20000,20000
040160,SP黃豆元富95購01,0,0,0,0,0,0,0,0,0,20000,0,0,0,20000,0,20000,20000
04738P,揚明光永豐94售03,0,0,0,0,0,0,0,0,0,20000,0,0,0,25000,5000,20000,20000
04744P,臻鼎元富94售04  ,0,0,0,0,0,0,0,0,0,20000,0,0,0,20000,0,20000,20000
047483,新光金凱基99購04,0,0,0,0,0,0,0,0,0,20000,0,0,0,40000,20000,20000,20000
047627,華新科國票94購03,0,0,0,0,0,0,0,0,0,20000,0,0,0,20000,0,20000,20000
047697,台郡國票94購02  ,0,0,0,0,0,0,0,0,0,20000,0,0,0,20000,0,20000,20000
047912,台郡麥證94購01  ,0,0,0,20000,0,20000,0,0,0,20000,0,0,0,20000,0,20000,20000
048003,旭富元大93購01  ,0,0,0,0,0,0,0,0,0,20000,0,0,0,20000,0,20000,20000
048012,嘉晶國票94購01  ,0,0,0,0,0,0,0,0,0,20000,0,0,0,20000,0,20000,20000
04331P,健策國票93售02  ,0,0,0,0,0,0,0,0,0,20000,0,0,0,20000,0,20000,20000
043641,深中小國票94購01,0,0,0,0,0,0,0,0,0,20000,0,0,0,20000,0,20000,20000
03015X,元展15          ,0,0,0,0,0,0,0,0,0,20000,0,0,0,20000,0,20000,20000
04193P,智原永豐93售01  ,0,0,0,0,0,0,0,0,0,20000,0,0,0,20000,0,20000,20000
04157P,鎧勝永豐93售02  ,0,0,0,0,0,0,0,0,0,20000,0,0,0,20000,0,20000,20000
04419P,奇力新永豐94售01,0,0,0,0,0,0,0,0,0,20000,0,0,0,30000,10000,20000,20000
048222,台積電凱基93購26,0,0,0,0,0,0,0,0,0,20000,0,0,0,36000,16000,20000,20000
049431,光罩國票96購01  ,0,0,0,0,0,0,0,0,0,20000,0,0,0,20000,0,20000,20000
049325,智邦元富94購02  ,0,0,0,0,0,0,0,0,0,20000,0,0,0,20000,0,20000,20000
049528,台積電中信94購01,0,0,0,0,0,0,0,0,0,20000,0,0,0,30000,10000,20000,20000
049490,京元電元大95購02,0,0,0,0,0,0,0,0,0,20000,0,0,0,50000,30000,20000,20000
050893,鴻海元大96購03  ,0,0,0,0,0,0,0,0,0,20000,0,0,0,95000,75000,20000,20000
050894,旺宏元大96購03  ,0,0,0,0,0,0,0,0,0,20000,0,0,0,20000,0,20000,20000
050790,昇陽半國泰96購02,0,0,0,0,0,0,0,0,0,20000,0,0,0,20000,0,20000,20000
050839,楠梓電國票96購01,0,0,0,0,0,0,0,0,0,20000,0,0,0,20000,0,20000,20000
05099P,台積電凱基95售06,0,0,0,0,0,0,0,0,0,20000,0,0,0,20000,0,20000,20000
049580,國巨元大94購07  ,0,0,0,0,0,0,0,0,0,20000,0,0,0,20000,0,20000,20000
04958P,和大凱基94售04  ,0,0,0,0,0,0,0,0,0,20000,0,0,0,40000,20000,20000,20000
050941,T50反1群益95購01,0,0,0,0,0,0,0,0,0,20000,0,0,0,30000,10000,20000,20000
048122,台達電元大96購02,0,0,0,0,0,0,0,0,0,20000,0,0,0,20000,0,20000,20000
04506P,旺宏元大94售06  ,0,0,0,0,0,0,0,0,0,20000,0,0,0,32000,12000,20000,20000
046202,台表科凱基93購04,0,0,0,0,0,0,0,0,0,20000,0,0,0,20000,0,20000,20000
046113,旺宏元大93購04  ,0,0,0,0,0,0,0,0,0,20000,0,0,0,20000,0,20000,20000
046298,聯發科富邦94購01,0,0,0,0,0,0,0,0,0,20000,0,0,0,20000,0,20000,20000
054549,台積電凱基98購01,0,0,0,0,0,0,0,0,0,20000,0,0,0,20000,0,20000,20000
054588,玉晶光國泰99購02,0,0,0,0,0,0,0,0,0,20000,0,0,0,24000,4000,20000,20000
052085,聯電元大95購01  ,0,0,0,0,0,0,0,0,0,20000,0,0,0,20000,0,20000,20000
049132,大成鋼元大94購01,0,0,0,0,0,0,0,0,0,20000,0,0,0,20000,0,20000,20000
049143,智邦元大94購02  ,0,0,0,0,0,0,0,0,0,20000,0,0,0,20000,0,20000,20000
049062,華新科日盛94購01,0,0,0,0,0,0,0,0,0,20000,0,0,0,20000,0,20000,20000
049215,國巨國票94購03  ,0,0,0,0,0,0,0,0,0,20000,0,0,0,20000,0,20000,20000
048568,緯穎元大93購06  ,0,0,0,0,0,0,0,0,0,20000,0,0,0,20000,0,20000,20000
048484,大立光國泰95購02,0,0,0,0,0,0,0,0,0,20000,0,0,0,50000,30000,20000,20000
048505,滬深2X群益99購03,0,0,0,0,0,0,0,0,0,20000,0,0,0,20000,0,20000,20000
048373,A50正2元富95購01,0,0,0,0,0,0,0,0,0,20000,0,0,0,105000,85000,20000,20000
05054P,臻鼎群益95售02  ,0,0,0,0,0,0,0,0,0,20000,0,0,0,20000,0,20000,20000
050667,國巨永豐94購06  ,0,0,0,0,0,0,0,0,0,20000,0,0,0,20000,0,20000,20000
050515,聯電元大96購01  ,0,0,0,0,0,0,0,0,0,20000,0,0,0,30000,10000,20000,20000
050705,南電凱基96購01  ,0,0,0,0,0,0,0,0,0,20000,0,0,0,20000,0,20000,20000
050729,聯鈞國票94購01  ,0,0,0,0,0,0,0,0,0,20000,0,0,0,20000,0,20000,20000
051242,台積電元大96購06,0,0,0,0,0,0,0,0,0,20000,0,0,0,21000,1000,20000,20000
051206,大立光麥證95購02,0,0,0,30000,10000,20000,0,0,0,20000,0,0,0,30000,10000,20000,20000
051248,華固元大95購01  ,0,0,0,0,0,0,0,0,0,20000,0,0,0,115000,95000,20000,20000
050597,聯電麥證94購01  ,0,0,0,20000,0,20000,0,0,0,20000,0,0,0,20000,0,20000,20000
049619,宏達電群益95購02,0,0,0,0,0,0,0,0,0,20000,0,0,0,20000,0,20000,20000
049946,智邦兆豐95購01  ,0,0,0,0,0,0,0,0,0,20000,0,0,0,20000,0,20000,20000
051452,貿聯元大95購04  ,0,0,0,0,0,0,0,0,0,20000,0,0,0,95000,75000,20000,20000
051434,中磊元富95購02  ,0,0,0,0,0,0,0,0,0,20000,0,0,0,20000,0,20000,20000
048635,鴻海元大94購04  ,0,0,0,0,0,0,0,0,0,20000,0,0,0,40000,20000,20000,20000
048704,台表科國票95購01,0,0,0,0,0,0,0,0,0,20000,0,0,0,20000,0,20000,20000
04866P,台積電統一95售02,0,0,0,0,0,0,0,0,0,20000,0,0,0,20000,0,20000,20000
055878,泰碩元富97購02  ,0,0,0,0,0,0,0,0,0,20000,0,0,0,23000,3000,20000,20000
055821,勤誠國票98購01  ,0,0,0,0,0,0,0,0,0,20000,0,0,0,20000,0,20000,20000
055763,鎧勝群益97購01  ,0,0,0,0,0,0,0,0,0,20000,0,0,0,20000,0,20000,20000
056133,可成元大97購05  ,0,0,0,0,0,0,0,0,0,20000,0,0,0,30000,10000,20000,20000
056126,台郡國票98購02  ,0,0,0,0,0,0,0,0,0,20000,0,0,0,20000,0,20000,20000
056211,南港國票98購01  ,0,0,0,0,0,0,0,0,0,20000,0,0,0,20000,0,20000,20000
055583,國巨元大97購10  ,0,0,0,0,0,0,0,0,0,20000,0,0,0,40000,20000,20000,20000
055591,全新元大98購01  ,0,0,0,0,0,0,0,0,0,20000,0,0,0,20000,0,20000,20000
055687,瀚宇博凱基97購01,0,0,0,0,0,0,0,0,0,20000,0,0,0,20000,0,20000,20000
055678,上銀凱基97購02  ,0,0,0,0,0,0,0,0,0,20000,0,0,0,20000,0,20000,20000
052783,台郡國票97購01  ,0,0,0,0,0,0,0,0,0,20000,0,0,0,20000,0,20000,20000
053818,富邦金群益98購01,0,0,0,0,0,0,0,0,0,20000,0,0,0,20000,0,20000,20000
052657,友達元富96購01  ,0,0,0,0,0,0,0,0,0,20000,0,0,0,20000,0,20000,20000
052705,超眾國票97購01  ,0,0,0,0,0,0,0,0,0,20000,0,0,0,20000,0,20000,20000
053112,中磊兆豐97購01  ,0,0,0,0,0,0,0,0,0,20000,0,0,0,20000,0,20000,20000
053078,昇陽半永豐97購02,0,0,0,0,0,0,0,0,0,20000,0,0,0,20000,0,20000,20000
053189,聯發科統一96購05,0,0,0,0,0,0,0,0,0,20000,0,0,0,20000,0,20000,20000
053158,茂林元大96購01  ,0,0,0,0,0,0,0,0,0,20000,0,0,0,20000,0,20000,20000
052889,致伸麥證97購01  ,0,0,0,20000,0,20000,0,0,0,20000,0,0,0,20000,0,20000,20000
052932,正文元大97購01  ,0,0,0,0,0,0,0,0,0,20000,0,0,0,20000,0,20000,20000
052933,祥碩元大96購01  ,0,0,0,0,0,0,0,0,0,20000,0,0,0,60000,40000,20000,20000
052586,晶豪科永豐96購01,0,0,0,0,0,0,0,0,0,20000,0,0,0,21000,1000,20000,20000
052555,漢唐國票97購01  ,0,0,0,0,0,0,0,0,0,20000,0,0,0,20000,0,20000,20000
051624,智邦麥證95購02  ,0,0,0,30000,10000,20000,0,0,0,20000,0,0,0,30000,10000,20000,20000
051596,超眾元大95購05  ,0,0,0,0,0,0,0,0,0,20000,0,0,0,20000,0,20000,20000
051572,上銀元大95購01  ,0,0,0,0,0,0,0,0,0,20000,0,0,0,20000,0,20000,20000
055377,揚明光元大98購01,0,0,0,0,0,0,0,0,0,20000,0,0,0,20000,0,20000,20000
053773,上銀元大96購04  ,0,0,0,0,0,0,0,0,0,20000,0,0,0,20000,0,20000,20000
053718,全新凱基97購02  ,0,0,0,0,0,0,0,0,0,20000,0,0,0,20000,0,20000,20000
054111,緯穎凱基97購01  ,0,0,0,0,0,0,0,0,0,20000,0,0,0,20000,0,20000,20000
054281,世芯群益97購01  ,0,0,0,0,0,0,0,0,0,20000,0,0,0,20000,0,20000,20000
054259,健策元大97購03  ,0,0,0,0,0,0,0,0,0,20000,0,0,0,330000,310000,20000,20000
054161,友訊凱基98購01  ,0,0,0,0,0,0,0,0,0,20000,0,0,0,20000,0,20000,20000
054202,樺漢富邦97購01  ,0,0,0,0,0,0,0,0,0,20000,0,0,0,20000,0,20000,20000
054652,裕隆麥證97購01  ,0,0,0,20000,0,20000,0,0,0,20000,0,0,0,20000,0,20000,20000
05218P,大立光永昌96售04,0,0,0,0,0,0,0,0,0,20000,0,0,0,20000,0,20000,20000
052209,深中小元大95購02,0,0,0,0,0,0,0,0,0,20000,0,0,0,20000,0,20000,20000
053872,臻鼎元大96購04  ,0,0,0,0,0,0,0,0,0,20000,0,0,0,20000,0,20000,20000
053433,友達日盛99購06  ,0,0,0,0,0,0,0,0,0,20000,0,0,0,20000,0,20000,20000
052344,台表科凱基98購01,0,0,0,0,0,0,0,0,0,20000,0,0,0,20000,0,20000,20000
052378,矽力元大96購01  ,0,0,0,0,0,0,0,0,0,20000,0,0,0,46000,26000,20000,20000
053908,貿聯凱基98購01  ,0,0,0,0,0,0,0,0,0,20000,0,0,0,20000,0,20000,20000
053964,上銀元大96購05  ,0,0,0,0,0,0,0,0,0,20000,0,0,0,30000,10000,20000,20000
055269,和大元大97購02  ,0,0,0,0,0,0,0,0,0,20000,0,0,0,20000,0,20000,20000
054769,創意國票98購01  ,0,0,0,0,0,0,0,0,0,20000,0,0,0,20000,0,20000,20000
055231,大毅國票98購02  ,0,0,0,0,0,0,0,0,0,20000,0,0,0,20000,0,20000,20000
053513,義隆群益96購05  ,0,0,0,0,0,0,0,0,0,20000,0,0,0,20000,0,20000,20000
055366,國巨元大98購05  ,0,0,0,0,0,0,0,0,0,20000,0,0,0,30000,10000,20000,20000
052491,泰碩國票99購01  ,0,0,0,0,0,0,0,0,0,20000,0,0,0,20000,0,20000,20000
052000,鈺齊元大95購03  ,0,0,0,0,0,0,0,0,0,20000,0,0,0,20000,0,20000,20000
051929,GIS中信96購01   ,0,0,0,0,0,0,0,0,0,20000,0,0,0,20000,0,20000,20000
055006,晶相光元富9A購01,0,0,0,0,0,0,0,0,0,20000,0,0,0,20000,0,20000,20000
05501P,健策國票97售01  ,0,0,0,0,0,0,0,0,0,20000,0,0,0,20000,0,20000,20000
055207,致新中信99購01  ,0,0,0,0,0,0,0,0,0,20000,0,0,0,20000,0,20000,20000
054955,宏達電元大98購01,0,0,0,0,0,0,0,0,0,20000,0,0,0,21000,1000,20000,20000
054950,奇力新元大98購02,0,0,0,0,0,0,0,0,0,20000,0,0,0,20000,0,20000,20000
055106,台積電凱基98購05,0,0,0,0,0,0,0,0,0,20000,0,0,0,20000,0,20000,20000
055096,緯穎群益97購01  ,0,0,0,0,0,0,0,0,0,20000,0,0,0,20000,0,20000,20000
055140,晶相光永豐97購01,0,0,0,0,0,0,0,0,0,20000,0,0,0,20000,0,20000,20000
06904P,TPK凱基98售03   ,0,0,0,0,0,0,0,0,0,20000,0,0,0,20000,0,20000,20000
06878P,台灣50日盛9B售01,0,0,0,0,0,0,0,0,0,20000,0,0,0,130000,110000,20000,20000
07004P,大立光兆豐9A售01,0,0,0,0,0,0,0,0,0,20000,0,0,0,135000,115000,20000,20000
06316P,臺股指元富97售03,0,0,0,0,0,0,0,0,0,20000,0,0,0,20000,0,20000,20000
06620P,聯發科元大98售07,0,0,0,0,0,0,0,0,0,20000,0,0,0,20000,0,20000,20000
08995P,台灣50群益01售12,0,0,0,0,0,0,0,0,0,20000,0,0,0,20000,0,20000,20000
00771,元大US高息特別股,0,0,0,0,0,0,0,0,0,19280,0,76000,-76000,96000,720,95280,19280
058760,嘉晶群益9A購01  ,0,0,0,0,0,0,0,0,0,19000,0,0,0,19000,0,19000,19000
058106,神達統一98購02  ,0,0,0,0,0,0,0,0,0,19000,0,0,0,19000,0,19000,19000
05849P,臺股指元大96售25,0,0,0,0,0,0,0,0,0,19000,0,0,0,19000,0,19000,19000
058571,緯穎凱基9A購02  ,0,0,0,0,0,0,0,0,0,19000,0,0,0,39000,20000,19000,19000
058311,緯穎元大99購05  ,0,0,0,0,0,0,0,0,0,19000,0,0,0,75000,56000,19000,19000
056649,智易凱基98購01  ,0,0,0,0,0,0,0,0,0,19000,0,0,0,86000,67000,19000,19000
049385,茂林元大94購03  ,0,0,0,0,0,0,0,0,0,19000,0,0,0,39000,20000,19000,19000
050615,奇力新元大95購03,0,0,0,0,0,0,0,0,0,19000,0,0,0,20000,1000,19000,19000
051083,A50正2元大98購01,0,0,0,0,0,0,0,0,0,19000,0,0,0,20000,1000,19000,19000
050198,緯穎元大94購09  ,0,0,0,0,0,0,0,0,0,19000,0,0,0,19000,0,19000,19000
055249,大毅統一99購01  ,0,0,0,0,0,0,0,0,0,19000,0,0,0,83000,64000,19000,19000
054418,茂林元大97購01  ,0,0,0,0,0,0,0,0,0,19000,0,0,0,20000,1000,19000,19000
054098,嘉晶國票97購04  ,0,0,0,0,0,0,0,0,0,19000,0,0,0,19000,0,19000,19000
055379,牧德元大97購03  ,0,0,0,0,0,0,0,0,0,19000,0,0,0,20000,1000,19000,19000
055439,台表科國票98購02,0,0,0,0,0,0,0,0,0,19000,0,0,0,19000,0,19000,19000
2642,宅配通          ,155000,136000,19000,0,0,0,0,0,0,0,0,0,0,0,0,0,19000
2929,淘帝-KY         ,278000,255000,23000,0,0,0,0,0,0,-4000,0,3000,-3000,0,1000,-1000,19000
07021P,台積電富邦9C售02,0,0,0,0,0,0,0,0,0,19000,0,0,0,19000,0,19000,19000
056724,臻鼎中信9A購01  ,0,0,0,0,0,0,0,0,0,18000,0,0,0,68000,50000,18000,18000
056916,台達電兆豐98購02,0,0,0,0,0,0,0,0,0,18000,0,0,0,38000,20000,18000,18000
058139,臻鼎元大99購01  ,0,0,0,0,0,0,0,0,0,18000,0,0,0,58000,40000,18000,18000
058851,大立光群益99購07,0,0,0,0,0,0,0,0,0,18000,0,0,0,65000,47000,18000,18000
06044P,同欣電永豐96售03,0,0,0,0,0,0,0,0,0,18000,0,0,0,25000,7000,18000,18000
050765,鴻海元大96購02  ,0,0,0,0,0,0,0,0,0,18000,0,0,0,19000,1000,18000,18000
05037P,華新科元大95售09,0,0,0,0,0,0,0,0,0,18000,0,0,0,210000,192000,18000,18000
05029P,鴻海元富95售04  ,0,0,0,0,0,0,0,0,0,18000,0,0,0,18000,0,18000,18000
051281,健策兆豐96購01  ,0,0,0,0,0,0,0,0,0,18000,0,0,0,78000,60000,18000,18000
048311,台積電凱基93購28,0,0,0,0,0,0,0,0,0,18000,0,0,0,20000,2000,18000,18000
050022,鴻海元大94購11  ,0,0,0,0,0,0,0,0,0,18000,0,0,0,70000,52000,18000,18000
050108,鴻海元大94購13  ,0,0,0,0,0,0,0,0,0,18000,0,0,0,18000,0,18000,18000
050793,大立光富邦96購03,0,0,0,0,0,0,0,0,0,18000,0,0,0,18000,0,18000,18000
04713P,創意元大95售01  ,0,0,0,0,0,0,0,0,0,18000,0,0,0,18000,0,18000,18000
03890P,聯詠國泰94售02  ,0,0,0,0,0,0,0,0,0,18000,0,0,0,18000,0,18000,18000
04080P,可成元大93售11  ,0,0,0,0,0,0,0,0,0,18000,0,0,0,18000,0,18000,18000
05261P,鴻海元大95售20  ,0,0,0,0,0,0,0,0,0,18000,0,0,0,565000,547000,18000,18000
051592,健策元大96購05  ,0,0,0,0,0,0,0,0,0,18000,0,0,0,18000,0,18000,18000
053278,禾伸堂元大96購01,0,0,0,0,0,0,0,0,0,18000,0,0,0,29000,11000,18000,18000
053896,麗豐群益97購01  ,0,0,0,0,0,0,0,0,0,18000,0,0,0,18000,0,18000,18000
052421,元油反國票9B購01,0,0,0,0,0,0,0,0,0,18000,0,0,0,18000,0,18000,18000
053493,智邦兆豐97購02  ,0,0,0,0,0,0,0,0,0,18000,0,0,0,18000,0,18000,18000
05531P,臺股指群益96售04,0,0,0,0,0,0,0,0,0,18000,0,0,0,18000,0,18000,18000
06516P,國巨凱基98售08  ,0,0,0,0,0,0,0,0,0,18000,0,0,0,22000,4000,18000,18000
06371P,茂林國票98售04  ,0,0,0,0,0,0,0,0,0,18000,0,0,0,18000,0,18000,18000
06342P,世芯統一98售01  ,0,0,0,0,0,0,0,0,0,18000,0,0,0,24000,6000,18000,18000
06451P,聯發科元大98售04,0,0,0,0,0,0,0,0,0,18000,0,0,0,33000,15000,18000,18000
2302,麗正            ,18000,0,18000,0,0,0,0,0,0,0,0,0,0,0,0,0,18000
057911,國巨日盛98購01  ,0,0,0,0,0,0,0,0,0,17000,0,0,0,17000,0,17000,17000
056495,泰鼎國泰99購01  ,0,0,0,0,0,0,0,0,0,17000,0,0,0,17000,0,17000,17000
056391,大立光富邦9C購01,0,0,0,0,0,0,0,0,0,17000,0,0,0,17000,0,17000,17000
04482P,臺股指日盛94售01,0,0,0,0,0,0,0,0,0,17000,0,0,0,17000,0,17000,17000
04427P,滬深2X元大97售02,0,0,0,0,0,0,0,0,0,17000,0,0,0,20000,3000,17000,17000
048910,和鑫富邦98購01  ,0,0,0,0,0,0,0,0,0,17000,0,0,0,17000,0,17000,17000
049856,緯穎群益94購02  ,0,0,0,0,0,0,0,0,0,17000,0,0,0,17000,0,17000,17000
050217,健策永豐94購03  ,0,0,0,0,0,0,0,0,0,17000,0,0,0,67000,50000,17000,17000
054887,大毅統一98購01  ,0,0,0,0,0,0,0,0,0,17000,0,0,0,17000,0,17000,17000
052541,大立光統一95購06,0,0,0,0,0,0,0,0,0,17000,0,0,0,17000,0,17000,17000
055280,智邦元大97購01  ,0,0,0,0,0,0,0,0,0,17000,0,0,0,31000,14000,17000,17000
054412,智邦元大96購03  ,0,0,0,0,0,0,0,0,0,17000,0,0,0,107000,90000,17000,17000
05219P,鴻海元大95售17  ,0,0,0,0,0,0,0,0,0,17000,0,0,0,17000,0,17000,17000
052955,國巨日盛96購01  ,0,0,0,0,0,0,0,0,0,17000,0,0,0,17000,0,17000,17000
052604,建準元大97購01  ,0,0,0,0,0,0,0,0,0,17000,0,0,0,17000,0,17000,17000
055532,中工群益98購01  ,0,0,0,0,0,0,0,0,0,17000,0,0,0,30000,13000,17000,17000
05576P,群創日盛99售02  ,0,0,0,0,0,0,0,0,0,17000,0,0,0,35000,18000,17000,17000
1598,岱宇            ,136000,44000,92000,0,0,0,0,0,0,-75000,0,75000,-75000,0,0,0,17000
2233,宇隆            ,94000,77000,17000,0,0,0,0,0,0,0,0,0,0,0,0,0,17000
056353,鴻海元大99購02  ,0,0,0,0,0,0,0,0,0,16000,0,0,0,90000,74000,16000,16000
057385,光罩永豐99購01  ,0,0,0,0,0,0,0,0,0,16000,0,0,0,16000,0,16000,16000
057949,南電國票99購01  ,0,0,0,0,0,0,0,0,0,16000,0,0,0,16000,0,16000,16000
058025,聯茂國泰99購01  ,0,0,0,0,0,0,0,0,0,16000,0,0,0,40000,24000,16000,16000
05801P,正崴兆豐96售01  ,0,0,0,0,0,0,0,0,0,16000,0,0,0,16000,0,16000,16000
06030P,友達兆豐96售02  ,0,0,0,0,0,0,0,0,0,16000,0,0,0,16000,0,16000,16000
050617,神基元大94購01  ,0,0,0,0,0,0,0,0,0,16000,0,0,0,18000,2000,16000,16000
049010,台表科麥證95購01,0,0,0,28000,12000,16000,0,0,0,16000,0,0,0,28000,12000,16000,16000
05396P,台郡元大95售05  ,0,0,0,0,0,0,0,0,0,16000,0,0,0,16000,0,16000,16000
053979,健策元大98購01  ,0,0,0,0,0,0,0,0,0,16000,0,0,0,59000,43000,16000,16000
049484,台積電元大95購02,0,0,0,0,0,0,0,0,0,16000,0,0,0,275000,259000,16000,16000
049352,泰鼎永豐95購01  ,0,0,0,0,0,0,0,0,0,16000,0,0,0,16000,0,16000,16000
04747P,臺股指元大94售22,0,0,0,0,0,0,0,0,0,16000,0,0,0,16000,0,16000,16000
04743P,台積電元富94售07,0,0,0,0,0,0,0,0,0,16000,0,0,0,16000,0,16000,16000
00666R,富邦恒生國企反1 ,29000,0,29000,0,0,0,0,0,0,-13000,0,0,0,65000,78000,-13000,16000
055601,茂林元大97購03  ,0,0,0,0,0,0,0,0,0,16000,0,0,0,21000,5000,16000,16000
052780,玉晶光國票96購04,0,0,0,0,0,0,0,0,0,16000,0,0,0,85000,69000,16000,16000
053864,義隆元大96購01  ,0,0,0,0,0,0,0,0,0,16000,0,0,0,60000,44000,16000,16000
053502,智伸科兆豐97購01,0,0,0,0,0,0,0,0,0,16000,0,0,0,16000,0,16000,16000
05471P,聯電統一95售01  ,0,0,0,0,0,0,0,0,0,16000,0,0,0,16000,0,16000,16000
055180,文曄統一97購01  ,0,0,0,0,0,0,0,0,0,16000,0,0,0,16000,0,16000,16000
1446,宏和            ,78000,57000,21000,0,0,0,0,0,0,-5000,0,5000,-5000,0,0,0,16000
2358,廷鑫            ,52000,31000,21000,0,0,0,0,0,0,-5000,0,5000,-5000,0,0,0,16000
06557P,台積電兆豐98售02,0,0,0,0,0,0,0,0,0,16000,0,0,0,2300000,2284000,16000,16000
06579P,臺股指麥證98售03,0,0,0,16000,0,16000,0,0,0,16000,0,0,0,16000,0,16000,16000
8463,潤泰材          ,172000,156000,16000,0,0,0,0,0,0,0,0,0,0,0,0,0,16000
6666,羅麗芬-KY       ,29000,11000,18000,0,0,0,0,0,0,-2000,0,0,0,0,2000,-2000,16000
8464,億豐            ,1103900,1004000,99900,0,0,0,1000,45000,-44000,-40000,0,40000,-40000,0,0,0,15900
05974P,國巨富邦97售03  ,0,0,0,0,0,0,0,0,0,15000,0,0,0,15000,0,15000,15000
05914P,友達元大96售04  ,0,0,0,0,0,0,0,0,0,15000,0,0,0,16000,1000,15000,15000
06114P,台積電統一97售03,0,0,0,0,0,0,0,0,0,15000,0,0,0,15000,0,15000,15000
06173P,華通元大97售02  ,0,0,0,0,0,0,0,0,0,15000,0,0,0,39000,24000,15000,15000
06220P,廣宇元富97售02  ,0,0,0,0,0,0,0,0,0,15000,0,0,0,25000,10000,15000,15000
06198P,台積電元大98售06,0,0,0,0,0,0,0,0,0,15000,0,0,0,70000,55000,15000,15000
058976,元油2X凱基9A購09,0,0,0,0,0,0,0,0,0,15000,0,0,0,40000,25000,15000,15000
058720,旭富元富99購01  ,0,0,0,0,0,0,0,0,0,15000,0,0,0,123000,108000,15000,15000
058290,南電國票9A購01  ,0,0,0,0,0,0,0,0,0,15000,0,0,0,15000,0,15000,15000
05844P,旺宏元大96售07  ,0,0,0,0,0,0,0,0,0,15000,0,0,0,175000,160000,15000,15000
05746P,台積電群益96售07,0,0,0,0,0,0,0,0,0,15000,0,0,0,15000,0,15000,15000
05733P,臺股指統一96售03,0,0,0,0,0,0,0,0,0,15000,0,0,0,15000,0,15000,15000
057053,立積元大98購02  ,0,0,0,0,0,0,0,0,0,15000,0,0,0,15000,0,15000,15000
057763,康控凱基99購02  ,0,0,0,0,0,0,0,0,0,15000,0,0,0,15000,0,15000,15000
056387,智伸科國泰99購01,0,0,0,0,0,0,0,0,0,15000,0,0,0,15000,0,15000,15000
056579,麗豐元大99購01  ,0,0,0,0,0,0,0,0,0,15000,0,0,0,38000,23000,15000,15000
05658P,日月光元富96售02,0,0,0,0,0,0,0,0,0,15000,0,0,0,25000,10000,15000,15000
056945,鴻海統一98購12  ,0,0,0,0,0,0,0,0,0,15000,0,0,0,16000,1000,15000,15000
056646,奇鋐凱基99購02  ,0,0,0,0,0,0,0,0,0,15000,0,0,0,15000,0,15000,15000
048051,大立光中信94購03,0,0,0,0,0,0,0,0,0,15000,0,0,0,57000,42000,15000,15000
04735P,聯茂兆豐94售01  ,0,0,0,0,0,0,0,0,0,15000,0,0,0,25000,10000,15000,15000
049362,國巨元大94購04  ,0,0,0,0,0,0,0,0,0,15000,0,0,0,15000,0,15000,15000
044584,世紀鋼凱基93購05,0,0,0,0,0,0,0,0,0,15000,0,0,0,20000,5000,15000,15000
05083P,麗豐永豐95售02  ,0,0,0,0,0,0,0,0,0,15000,0,0,0,15000,0,15000,15000
04950P,上証2X中信96售02,0,0,0,0,0,0,0,0,0,15000,0,0,0,20000,5000,15000,15000
049600,緯穎元大95購02  ,0,0,0,0,0,0,0,0,0,15000,0,0,0,19000,4000,15000,15000
047213,新日興富邦97購01,0,0,0,0,0,0,0,0,0,15000,0,0,0,27000,12000,15000,15000
047014,元油反元大99購01,0,0,0,0,0,0,0,0,0,15000,0,0,0,15000,0,15000,15000
048151,世紀鋼元富93購01,0,0,0,0,0,0,0,0,0,15000,0,0,0,15000,0,15000,15000
04547P,高鐵元大94售01  ,0,0,0,0,0,0,0,0,0,15000,0,0,0,15000,0,15000,15000
05402P,台郡永豐95售02  ,0,0,0,0,0,0,0,0,0,15000,0,0,0,15000,0,15000,15000
048429,旺宏國票94購02  ,0,0,0,0,0,0,0,0,0,15000,0,0,0,15000,0,15000,15000
048860,玉晶光群益96購03,0,0,0,0,0,0,0,0,0,15000,0,0,0,26000,11000,15000,15000
050645,台積電凱基94購39,0,0,0,0,0,0,0,0,0,15000,0,0,0,70000,55000,15000,15000
048710,奇力新台新94購01,0,0,0,0,0,0,0,0,0,15000,0,0,0,15000,0,15000,15000
05030P,台積電元富95售04,0,0,0,0,0,0,0,0,0,15000,0,0,0,42000,27000,15000,15000
051074,矽力國票96購01  ,0,0,0,0,0,0,0,0,0,15000,0,0,0,15000,0,15000,15000
051049,亞德客群益95購01,0,0,0,0,0,0,0,0,0,15000,0,0,0,15000,0,15000,15000
055004,群創元富99購06  ,0,0,0,0,0,0,0,0,0,15000,0,0,0,60000,45000,15000,15000
05473P,聯詠統一97售02  ,0,0,0,0,0,0,0,0,0,15000,0,0,0,15000,0,15000,15000
051934,緯穎國票96購01  ,0,0,0,0,0,0,0,0,0,15000,0,0,0,15000,0,15000,15000
051927,國巨中信96購01  ,0,0,0,0,0,0,0,0,0,15000,0,0,0,15000,0,15000,15000
051916,和碩元大95購02  ,0,0,0,0,0,0,0,0,0,15000,0,0,0,15000,0,15000,15000
051973,華新科凱基96購04,0,0,0,0,0,0,0,0,0,15000,0,0,0,15000,0,15000,15000
053542,超眾永豐96購01  ,0,0,0,0,0,0,0,0,0,15000,0,0,0,15000,0,15000,15000
053545,上銀凱基96購03  ,0,0,0,0,0,0,0,0,0,15000,0,0,0,35000,20000,15000,15000
055258,玉晶光統一97購03,0,0,0,0,0,0,0,0,0,15000,0,0,0,15000,0,15000,15000
054811,裕隆元大9A購01  ,0,0,0,0,0,0,0,0,0,15000,0,0,0,70000,55000,15000,15000
054406,旺宏國票98購01  ,0,0,0,0,0,0,0,0,0,15000,0,0,0,15000,0,15000,15000
052420,道瓊反國票9B購01,0,0,0,0,0,0,0,0,0,15000,0,0,0,20000,5000,15000,15000
053880,智邦中信96購01  ,0,0,0,0,0,0,0,0,0,15000,0,0,0,30000,15000,15000,15000
053372,元油反元大98購01,0,0,0,0,0,0,0,0,0,15000,0,0,0,15000,0,15000,15000
054085,華新科統一96購04,0,0,0,0,0,0,0,0,0,15000,0,0,0,15000,0,15000,15000
054282,泰鼎群益98購02  ,0,0,0,0,0,0,0,0,0,15000,0,0,0,15000,0,15000,15000
054280,牧德群益98購01  ,0,0,0,0,0,0,0,0,0,15000,0,0,0,15000,0,15000,15000
052785,滬深2X中信99購03,0,0,0,0,0,0,0,0,0,15000,0,0,0,53000,38000,15000,15000
052796,和碩兆豐96購01  ,0,0,0,0,0,0,0,0,0,15000,0,0,0,15000,0,15000,15000
05458P,台積電凱基97售02,0,0,0,0,0,0,0,0,0,15000,0,0,0,87000,72000,15000,15000
055609,旺宏國票99購01  ,0,0,0,0,0,0,0,0,0,15000,0,0,0,15000,0,15000,15000
055921,新唐凱基98購01  ,0,0,0,0,0,0,0,0,0,15000,0,0,0,15000,0,15000,15000
056035,鴻海凱基97購06  ,0,0,0,0,0,0,0,0,0,15000,0,0,0,20000,5000,15000,15000
051831,緯穎元大96購04  ,0,0,0,0,0,0,0,0,0,15000,0,0,0,15000,0,15000,15000
05177P,台積電凱基95售12,0,0,0,0,0,0,0,0,0,15000,0,0,0,120000,105000,15000,15000
053761,健策國泰98購01  ,0,0,0,0,0,0,0,0,0,15000,0,0,0,15000,0,15000,15000
055470,南亞科凱基97購01,0,0,0,0,0,0,0,0,0,15000,0,0,0,15000,0,15000,15000
05296P,牧德凱基96售01  ,0,0,0,0,0,0,0,0,0,15000,0,0,0,130000,115000,15000,15000
052937,國巨兆豐97購01  ,0,0,0,0,0,0,0,0,0,15000,0,0,0,15000,0,15000,15000
053102,祥碩元富96購01  ,0,0,0,0,0,0,0,0,0,15000,0,0,0,26000,11000,15000,15000
8114,振樺電          ,39000,20000,19000,0,0,0,0,4000,-4000,0,0,0,0,0,0,0,15000
07038P,華新科台新99售01,0,0,0,0,0,0,0,0,0,15000,0,0,0,1230000,1215000,15000,15000
07063P,臺股指元大9A售24,0,0,0,0,0,0,0,0,0,15000,0,0,0,21000,6000,15000,15000
1316,上曜            ,241000,218000,23000,0,0,0,0,0,0,-8000,0,8000,-8000,0,0,0,15000
2360,致茂            ,1462000,1058607,403393,0,0,0,0,303000,-303000,-86000,25000,118000,-93000,18000,11000,7000,14393
056746,超眾凱基99購01  ,0,0,0,0,0,0,0,0,0,14000,0,0,0,94000,80000,14000,14000
057663,國巨元大99購08  ,0,0,0,0,0,0,0,0,0,14000,0,0,0,60000,46000,14000,14000
057499,奇鋐群益98購01  ,0,0,0,0,0,0,0,0,0,14000,0,0,0,14000,0,14000,14000
058436,聯發科統一9B購03,0,0,0,0,0,0,0,0,0,14000,0,0,0,14000,0,14000,14000
05850P,台積電兆豐96售06,0,0,0,0,0,0,0,0,0,14000,0,0,0,154000,140000,14000,14000
05806P,宏達電永豐96售03,0,0,0,0,0,0,0,0,0,14000,0,0,0,14000,0,14000,14000
057893,亞德客元富98購03,0,0,0,0,0,0,0,0,0,14000,0,0,0,91000,77000,14000,14000
058175,旺宏凱基99購03  ,0,0,0,0,0,0,0,0,0,14000,0,0,0,14000,0,14000,14000
05885P,牧德統一96售01  ,0,0,0,0,0,0,0,0,0,14000,0,0,0,17000,3000,14000,14000
06111P,上銀兆豐98售01  ,0,0,0,0,0,0,0,0,0,14000,0,0,0,14000,0,14000,14000
05041P,大立光凱基95售09,0,0,0,0,0,0,0,0,0,14000,0,0,0,14000,0,14000,14000
04980P,臺股指凱基96售08,0,0,0,0,0,0,0,0,0,14000,0,0,0,14000,0,14000,14000
04912P,可成元富94售06  ,0,0,0,0,0,0,0,0,0,14000,0,0,0,14000,0,14000,14000
045753,大立光國泰94購02,0,0,0,0,0,0,0,0,0,14000,0,0,0,47000,33000,14000,14000
044879,上証2X群益93購01,0,0,0,0,0,0,0,0,0,14000,0,0,0,14000,0,14000,14000
053013,台積電統一97購01,0,0,0,0,0,0,0,0,0,14000,0,0,0,64000,50000,14000,14000
055994,聯發科國泰99購02,0,0,0,0,0,0,0,0,0,14000,0,0,0,36000,22000,14000,14000
056095,臻鼎元富9A購01  ,0,0,0,0,0,0,0,0,0,14000,0,0,0,100000,86000,14000,14000
053525,台積電中信96購04,0,0,0,0,0,0,0,0,0,14000,0,0,0,20000,6000,14000,14000
051856,亞德客凱基95購01,0,0,0,0,0,0,0,0,0,14000,0,0,0,22000,8000,14000,14000
3016,嘉晶            ,1145000,997000,148000,0,0,0,0,0,0,-134000,0,24000,-24000,144000,254000,-110000,14000
07039P,南電台新99售01  ,0,0,0,0,0,0,0,0,0,14000,0,0,0,14000,0,14000,14000
06305P,臺股指元大97售11,0,0,0,0,0,0,0,0,0,14000,0,0,0,14000,0,14000,14000
058098,T50反1國泰9A購02,0,0,0,0,0,0,0,0,0,13000,0,0,0,13000,0,13000,13000
058224,世芯統一9B購02  ,0,0,0,0,0,0,0,0,0,13000,0,0,0,13000,0,13000,13000
058574,台積電群益99購03,0,0,0,0,0,0,0,0,0,13000,0,0,0,13000,0,13000,13000
058362,聯發科凱基99購06,0,0,0,0,0,0,0,0,0,13000,0,0,0,85000,72000,13000,13000
058352,鴻海凱基9A購05  ,0,0,0,0,0,0,0,0,0,13000,0,0,0,61000,48000,13000,13000
057504,技嘉麥證98購01  ,0,0,0,13000,0,13000,0,0,0,13000,0,0,0,13000,0,13000,13000
05720P,可成中信98售01  ,0,0,0,0,0,0,0,0,0,13000,0,0,0,36000,23000,13000,13000
05728P,滬深2X凱基98售03,0,0,0,0,0,0,0,0,0,13000,0,0,0,93000,80000,13000,13000
05637P,聯電元大96售04  ,0,0,0,0,0,0,0,0,0,13000,0,0,0,13000,0,13000,13000
056311,泰鼎元大98購01  ,0,0,0,0,0,0,0,0,0,13000,0,0,0,114000,101000,13000,13000
048130,美利達元大96購01,0,0,0,0,0,0,0,0,0,13000,0,0,0,23000,10000,13000,13000
045736,台積電群益94購01,0,0,0,0,0,0,0,0,0,13000,0,0,0,60000,47000,13000,13000
04606P,高股息中信96售01,0,0,0,0,0,0,0,0,0,13000,0,0,0,13000,0,13000,13000
05094P,大立光元大95售07,0,0,0,0,0,0,0,0,0,13000,0,0,0,14000,1000,13000,13000
04946P,華通元大94售04  ,0,0,0,0,0,0,0,0,0,13000,0,0,0,13000,0,13000,13000
03669C,滬深2X元富09牛01,0,0,0,0,0,0,0,0,0,13000,0,0,0,40000,27000,13000,13000
00707R,元大S&P日圓反1  ,0,0,0,0,0,0,0,0,0,13000,0,0,0,23000,10000,13000,13000
04289P,臺股指中信95售07,0,0,0,0,0,0,0,0,0,13000,0,0,0,13000,0,13000,13000
04385P,可成日盛94售01  ,0,0,0,0,0,0,0,0,0,13000,0,0,0,13000,0,13000,13000
03267P,台灣50元大02售06,0,0,0,0,0,0,0,0,0,13000,0,0,0,13000,0,13000,13000
048976,華擎元大94購01  ,0,0,0,0,0,0,0,0,0,13000,0,0,0,13000,0,13000,13000
05002P,台積電統一95售03,0,0,0,0,0,0,0,0,0,13000,0,0,0,123000,110000,13000,13000
048567,台郡元大93購03  ,0,0,0,0,0,0,0,0,0,13000,0,0,0,20000,7000,13000,13000
054385,矽創群益98購01  ,0,0,0,0,0,0,0,0,0,13000,0,0,0,13000,0,13000,13000
051359,中信金元大95購01,0,0,0,0,0,0,0,0,0,13000,0,0,0,128000,115000,13000,13000
049653,緯穎凱基94購03  ,0,0,0,0,0,0,0,0,0,13000,0,0,0,23000,10000,13000,13000
051912,健鼎元大96購01  ,0,0,0,0,0,0,0,0,0,13000,0,0,0,13000,0,13000,13000
051749,矽力國泰97購01  ,0,0,0,0,0,0,0,0,0,13000,0,0,0,95000,82000,13000,13000
053947,義隆富邦97購01  ,0,0,0,0,0,0,0,0,0,13000,0,0,0,73000,60000,13000,13000
05619P,創意元富96售02  ,0,0,0,0,0,0,0,0,0,13000,0,0,0,53000,40000,13000,13000
055959,美律元大97購03  ,0,0,0,0,0,0,0,0,0,13000,0,0,0,13000,0,13000,13000
052663,奇鋐國票97購01  ,0,0,0,0,0,0,0,0,0,13000,0,0,0,13000,0,13000,13000
055515,聚陽中信9A購01  ,0,0,0,0,0,0,0,0,0,13000,0,0,0,13000,0,13000,13000
052983,國巨元大96購07  ,0,0,0,0,0,0,0,0,0,13000,0,0,0,15000,2000,13000,13000
06296P,燿華元大98售01  ,0,0,0,0,0,0,0,0,0,13000,0,0,0,13000,0,13000,13000
06551P,貿聯元大98售05  ,0,0,0,0,0,0,0,0,0,13000,0,0,0,23000,10000,13000,13000
06539P,聯發科凱基98售12,0,0,0,0,0,0,0,0,0,13000,0,0,0,20000,7000,13000,13000
06717P,可成元大98售09  ,0,0,0,0,0,0,0,0,0,13000,0,0,0,13000,0,13000,13000
07060P,台表科國票9A售01,0,0,0,0,0,0,0,0,0,13000,0,0,0,24000,11000,13000,13000
07105P,大毅元富99售02  ,0,0,0,0,0,0,0,0,0,13000,0,0,0,33000,20000,13000,13000
2882A,國泰特          ,0,0,0,0,0,0,0,0,0,13000,16000,3000,13000,0,0,0,13000
2414,精技            ,117000,101000,16000,0,0,0,0,0,0,-3000,0,3000,-3000,0,0,0,13000
2527,宏璟            ,11000,27000,-16000,0,0,0,0,0,0,29000,37000,8000,29000,0,0,0,13000
3588,通嘉            ,112000,99000,13000,0,0,0,0,0,0,0,0,0,0,0,0,0,13000
4560,強信-KY         ,41000,28000,13000,0,0,0,0,0,0,0,0,0,0,0,0,0,13000
056817,國巨永豐98購04  ,0,0,0,0,0,0,0,0,0,12000,0,0,0,12000,0,12000,12000
057190,立積元大9A購02  ,0,0,0,0,0,0,0,0,0,12000,0,0,0,42000,30000,12000,12000
057517,矽創元富98購02  ,0,0,0,0,0,0,0,0,0,12000,0,0,0,12000,0,12000,12000
057752,臺股指國票98購08,0,0,0,0,0,0,0,0,0,12000,0,0,0,12000,0,12000,12000
05842P,台積電元大96售15,0,0,0,0,0,0,0,0,0,12000,0,0,0,387000,375000,12000,12000
058220,世芯國票9A購01  ,0,0,0,0,0,0,0,0,0,12000,0,0,0,12000,0,12000,12000
057941,聯電國票99購01  ,0,0,0,0,0,0,0,0,0,12000,0,0,0,12000,0,12000,12000
05800P,台積電兆豐96售04,0,0,0,0,0,0,0,0,0,12000,0,0,0,35000,23000,12000,12000
06167P,欣興國票97售05  ,0,0,0,0,0,0,0,0,0,12000,0,0,0,12000,0,12000,12000
06241P,大立光元富9A售01,0,0,0,0,0,0,0,0,0,12000,0,0,0,12000,0,12000,12000
05992P,華通元大96售05  ,0,0,0,0,0,0,0,0,0,12000,0,0,0,32000,20000,12000,12000
058849,奇力新群益99購02,0,0,0,0,0,0,0,0,0,12000,0,0,0,20000,8000,12000,12000
058884,世紀鋼永豐99購02,0,0,0,0,0,0,0,0,0,12000,0,0,0,30000,18000,12000,12000
05869P,旺宏凱基96售05  ,0,0,0,0,0,0,0,0,0,12000,0,0,0,37000,25000,12000,12000
049700,瀚宇博元大97購01,0,0,0,0,0,0,0,0,0,12000,0,0,0,12000,0,12000,12000
048677,智伸科國泰94購01,0,0,0,0,0,0,0,0,0,12000,0,0,0,12000,0,12000,12000
048440,國巨凱基93購08  ,0,0,0,0,0,0,0,0,0,12000,0,0,0,50000,38000,12000,12000
03420B,臺股指元大95熊31,0,0,0,0,0,0,0,0,0,12000,0,0,0,80000,68000,12000,12000
04306P,上銀凱基93售10  ,0,0,0,0,0,0,0,0,0,12000,0,0,0,12000,0,12000,12000
00865B,國泰US短期公債  ,0,0,0,0,0,0,0,0,0,12000,0,0,0,12000,0,12000,12000
00770,國泰北美科技    ,18000,0,18000,0,0,0,0,0,0,-6000,0,0,0,6000,12000,-6000,12000
047883,臺股指永昌93購01,0,0,0,0,0,0,0,0,0,12000,0,0,0,34000,22000,12000,12000
04728P,美律亞東94售02  ,0,0,0,0,0,0,0,0,0,12000,0,0,0,12000,0,12000,12000
04754P,宏達電元富94售02,0,0,0,0,0,0,0,0,0,12000,0,0,0,12000,0,12000,12000
049436,義隆國泰96購02  ,0,0,0,0,0,0,0,0,0,12000,0,0,0,12000,0,12000,12000
049316,茂林凱基94購02  ,0,0,0,0,0,0,0,0,0,12000,0,0,0,22000,10000,12000,12000
04462P,全新元富96售01  ,0,0,0,0,0,0,0,0,0,12000,0,0,0,72000,60000,12000,12000
04447P,上銀凱基94售02  ,0,0,0,0,0,0,0,0,0,12000,0,0,0,12000,0,12000,12000
04395P,台積電群益94售06,0,0,0,0,0,0,0,0,0,12000,0,0,0,12000,0,12000,12000
051047,深中小群益99購01,0,0,0,0,0,0,0,0,0,12000,0,0,0,12000,0,12000,12000
049613,華通中信94購01  ,0,0,0,0,0,0,0,0,0,12000,0,0,0,12000,0,12000,12000
046813,聯電凱基96購01  ,0,0,0,0,0,0,0,0,0,12000,0,0,0,20000,8000,12000,12000
048149,泰鼎元富95購01  ,0,0,0,0,0,0,0,0,0,12000,0,0,0,12000,0,12000,12000
04500P,燿華統一94售01  ,0,0,0,0,0,0,0,0,0,12000,0,0,0,12000,0,12000,12000
04721P,正崴凱基94售02  ,0,0,0,0,0,0,0,0,0,12000,0,0,0,12000,0,12000,12000
053193,超眾統一97購01  ,0,0,0,0,0,0,0,0,0,12000,0,0,0,20000,8000,12000,12000
052630,滬深2X日盛96購01,0,0,0,0,0,0,0,0,0,12000,0,0,0,12000,0,12000,12000
052561,矽創國票97購01  ,0,0,0,0,0,0,0,0,0,12000,0,0,0,12000,0,12000,12000
052669,群創群益98購06  ,0,0,0,0,0,0,0,0,0,12000,0,0,0,12000,0,12000,12000
055715,智邦元大97購04  ,0,0,0,0,0,0,0,0,0,12000,0,0,0,12000,0,12000,12000
055221,矽創凱基97購02  ,0,0,0,0,0,0,0,0,0,12000,0,0,0,12000,0,12000,12000
05494P,華邦電統一95售02,0,0,0,0,0,0,0,0,0,12000,0,0,0,12000,0,12000,12000
4148,全宇生技-KY     ,19000,8000,11000,0,0,0,0,0,0,1000,1000,0,1000,0,0,0,12000
08539P,元油2X國票99售01,0,0,0,0,0,0,0,0,0,12000,0,0,0,12000,0,12000,12000
06886P,旺宏元大99售07  ,0,0,0,0,0,0,0,0,0,12000,0,0,0,44000,32000,12000,12000
06664P,聯發科兆豐98售02,0,0,0,0,0,0,0,0,0,12000,0,0,0,12000,0,12000,12000
058678,南亞科日盛99購01,0,0,0,0,0,0,0,0,0,11000,0,0,0,11000,0,11000,11000
058912,祥碩元大99購01  ,0,0,0,0,0,0,0,0,0,11000,0,0,0,79000,68000,11000,11000
06014P,聯發科富邦97售02,0,0,0,0,0,0,0,0,0,11000,0,0,0,12000,1000,11000,11000
06101P,聯發科日盛97售03,0,0,0,0,0,0,0,0,0,11000,0,0,0,11000,0,11000,11000
057957,嘉晶元大98購01  ,0,0,0,0,0,0,0,0,0,11000,0,0,0,28000,17000,11000,11000
058635,華新科兆豐99購03,0,0,0,0,0,0,0,0,0,11000,0,0,0,51000,40000,11000,11000
057676,臺股指元大98購06,0,0,0,0,0,0,0,0,0,11000,0,0,0,11000,0,11000,11000
057183,玉晶光元大99購07,0,0,0,0,0,0,0,0,0,11000,0,0,0,41000,30000,11000,11000
057105,致茂群益9A購01  ,0,0,0,0,0,0,0,0,0,11000,0,0,0,11000,0,11000,11000
05731P,創意統一96售03  ,0,0,0,0,0,0,0,0,0,11000,0,0,0,11000,0,11000,11000
056905,欣興元大98購03  ,0,0,0,0,0,0,0,0,0,11000,0,0,0,13000,2000,11000,11000
056528,為升凱基98購01  ,0,0,0,0,0,0,0,0,0,11000,0,0,0,131000,120000,11000,11000
04475P,欣興元大94售03  ,0,0,0,0,0,0,0,0,0,11000,0,0,0,11000,0,11000,11000
04605P,台積電兆豐94售03,0,0,0,0,0,0,0,0,0,11000,0,0,0,151000,140000,11000,11000
050892,聯電元大96購02  ,0,0,0,0,0,0,0,0,0,11000,0,0,0,41000,30000,11000,11000
04824P,亞泥中信94售02  ,0,0,0,0,0,0,0,0,0,11000,0,0,0,11000,0,11000,11000
04828P,聯發科凱基94售15,0,0,0,0,0,0,0,0,0,11000,0,0,0,12000,1000,11000,11000
053352,義隆兆豐96購01  ,0,0,0,0,0,0,0,0,0,11000,0,0,0,87000,76000,11000,11000
051406,泰鼎永豐96購01  ,0,0,0,0,0,0,0,0,0,11000,0,0,0,11000,0,11000,11000
051728,道瓊反國票97購01,0,0,0,0,0,0,0,0,0,11000,0,0,0,11000,0,11000,11000
052519,旺宏元大95購05  ,0,0,0,0,0,0,0,0,0,11000,0,0,0,59000,48000,11000,11000
054188,欣興永豐96購03  ,0,0,0,0,0,0,0,0,0,11000,0,0,0,47000,36000,11000,11000
053889,致茂群益97購01  ,0,0,0,0,0,0,0,0,0,11000,0,0,0,11000,0,11000,11000
055714,智邦元大97購03  ,0,0,0,0,0,0,0,0,0,11000,0,0,0,52000,41000,11000,11000
055828,上銀元大97購05  ,0,0,0,0,0,0,0,0,0,11000,0,0,0,77000,66000,11000,11000
051834,南電元大96購02  ,0,0,0,0,0,0,0,0,0,11000,0,0,0,11000,0,11000,11000
055441,緯穎國票98購01  ,0,0,0,0,0,0,0,0,0,11000,0,0,0,11000,0,11000,11000
055415,禾伸堂富邦9B購01,0,0,0,0,0,0,0,0,0,11000,0,0,0,11000,0,11000,11000
06391P,上銀中信97售03  ,0,0,0,0,0,0,0,0,0,11000,0,0,0,11000,0,11000,11000
06440P,台積電凱基98售07,0,0,0,0,0,0,0,0,0,11000,0,0,0,11000,0,11000,11000
06924P,台積電群益98售07,0,0,0,0,0,0,0,0,0,11000,0,0,0,21000,10000,11000,11000
07108P,FBVIX台新99售02 ,0,0,0,0,0,0,0,0,0,11000,0,0,0,11000,0,11000,11000
08525P,台灣50凱基96售02,0,0,0,0,0,0,0,0,0,11000,0,0,0,11000,0,11000,11000
2881B,富邦金乙特      ,0,0,0,0,0,0,0,0,0,11000,39000,28000,11000,0,0,0,11000
056560,旺宏群益98購03  ,0,0,0,0,0,0,0,0,0,10000,0,0,0,31000,21000,10000,10000
056561,台光電群益98購02,0,0,0,0,0,0,0,0,0,10000,0,0,0,11000,1000,10000,10000
056574,亞光元大99購03  ,0,0,0,0,0,0,0,0,0,10000,0,0,0,20000,10000,10000,10000
056504,國巨永豐98購02  ,0,0,0,0,0,0,0,0,0,10000,0,0,0,10000,0,10000,10000
056498,A50正2富邦9B購01,0,0,0,0,0,0,0,0,0,10000,0,0,0,10000,0,10000,10000
056332,台郡國票99購01  ,0,0,0,0,0,0,0,0,0,10000,0,0,0,10000,0,10000,10000
056293,上銀元大97購10  ,0,0,0,0,0,0,0,0,0,10000,0,0,0,10000,0,10000,10000
056273,祥碩統一97購02  ,0,0,0,0,0,0,0,0,0,10000,0,0,0,20000,10000,10000,10000
056374,聯發科統一9B購01,0,0,0,0,0,0,0,0,0,10000,0,0,0,20000,10000,10000,10000
056365,欣興元大98購01  ,0,0,0,0,0,0,0,0,0,10000,0,0,0,10000,0,10000,10000
056424,泰碩統一98購01  ,0,0,0,0,0,0,0,0,0,10000,0,0,0,10000,0,10000,10000
056427,上銀凱基98購03  ,0,0,0,0,0,0,0,0,0,10000,0,0,0,10000,0,10000,10000
056898,全新元大98購02  ,0,0,0,0,0,0,0,0,0,10000,0,0,0,10000,0,10000,10000
056857,國巨群益99購02  ,0,0,0,0,0,0,0,0,0,10000,0,0,0,50000,40000,10000,10000
05697P,友達凱基96售01  ,0,0,0,0,0,0,0,0,0,10000,0,0,0,10000,0,10000,10000
056989,鴻海兆豐98購02  ,0,0,0,0,0,0,0,0,0,10000,0,0,0,35000,25000,10000,10000
057032,A50反1元大9B購01,0,0,0,0,0,0,0,0,0,10000,0,0,0,10000,0,10000,10000
056795,鴻海麥證98購01  ,0,0,0,10000,0,10000,0,0,0,10000,0,0,0,10000,0,10000,10000
056743,貿聯凱基98購04  ,0,0,0,0,0,0,0,0,0,10000,0,0,0,10000,0,10000,10000
05674P,瑞昱群益96售02  ,0,0,0,0,0,0,0,0,0,10000,0,0,0,10000,0,10000,10000
056719,台虹永豐98購01  ,0,0,0,0,0,0,0,0,0,10000,0,0,0,10000,0,10000,10000
056738,國巨凱基9A購02  ,0,0,0,0,0,0,0,0,0,10000,0,0,0,11000,1000,10000,10000
056652,上証反元大9B購01,0,0,0,0,0,0,0,0,0,10000,0,0,0,10000,0,10000,10000
056657,華邦電元大99購01,0,0,0,0,0,0,0,0,0,10000,0,0,0,20000,10000,10000,10000
057321,台泥群益98購01  ,0,0,0,0,0,0,0,0,0,10000,0,0,0,20000,10000,10000,10000
057329,緯穎群益98購02  ,0,0,0,0,0,0,0,0,0,10000,0,0,0,10000,0,10000,10000
057333,智邦國票99購01  ,0,0,0,0,0,0,0,0,0,10000,0,0,0,20000,10000,10000,10000
057363,華通元大99購02  ,0,0,0,0,0,0,0,0,0,10000,0,0,0,52000,42000,10000,10000
057364,國巨元大98購18  ,0,0,0,0,0,0,0,0,0,10000,0,0,0,10000,0,10000,10000
057287,彩晶元大9C購03  ,0,0,0,0,0,0,0,0,0,10000,0,0,0,10000,0,10000,10000
057282,大立光元大99購06,0,0,0,0,0,0,0,0,0,10000,0,0,0,32000,22000,10000,10000
057255,聯發科麥證98購02,0,0,0,10000,10000,0,0,0,0,10000,0,0,0,20000,10000,10000,10000
057276,全新元大99購03  ,0,0,0,0,0,0,0,0,0,10000,0,0,0,47000,37000,10000,10000
057277,可成元大98購05  ,0,0,0,0,0,0,0,0,0,10000,0,0,0,30000,20000,10000,10000
057266,TPK兆豐98購02   ,0,0,0,0,0,0,0,0,0,10000,0,0,0,30000,20000,10000,10000
057452,新日興元富98購01,0,0,0,0,0,0,0,0,0,10000,0,0,0,10000,0,10000,10000
057438,禾伸堂國票99購01,0,0,0,0,0,0,0,0,0,10000,0,0,0,10000,0,10000,10000
057440,台積電統一98購10,0,0,0,0,0,0,0,0,0,10000,0,0,0,10000,0,10000,10000
057442,玉晶光統一98購03,0,0,0,0,0,0,0,0,0,10000,0,0,0,10000,0,10000,10000
057388,奇鋐永豐98購02  ,0,0,0,0,0,0,0,0,0,10000,0,0,0,10000,0,10000,10000
057418,台光電凱基98購04,0,0,0,0,0,0,0,0,0,10000,0,0,0,10000,0,10000,10000
057404,貿聯群益99購01  ,0,0,0,0,0,0,0,0,0,10000,0,0,0,10000,0,10000,10000
057103,禾伸堂中信9A購01,0,0,0,0,0,0,0,0,0,10000,0,0,0,10000,0,10000,10000
057060,緯穎元大98購05  ,0,0,0,0,0,0,0,0,0,10000,0,0,0,20000,10000,10000,10000
057149,京鼎國票99購02  ,0,0,0,0,0,0,0,0,0,10000,0,0,0,10000,0,10000,10000
057162,上銀元大98購03  ,0,0,0,0,0,0,0,0,0,10000,0,0,0,20000,10000,10000,10000
057163,上銀元大98購04  ,0,0,0,0,0,0,0,0,0,10000,0,0,0,10000,0,10000,10000
057181,亞光元大98購02  ,0,0,0,0,0,0,0,0,0,10000,0,0,0,31000,21000,10000,10000
057169,微星元大98購01  ,0,0,0,0,0,0,0,0,0,10000,0,0,0,10000,0,10000,10000
05721P,全新群益98售02  ,0,0,0,0,0,0,0,0,0,10000,0,0,0,20000,10000,10000,10000
057776,京元電群益98購02,0,0,0,0,0,0,0,0,0,10000,0,0,0,20000,10000,10000,10000
05773P,臺股指凱基99售03,0,0,0,0,0,0,0,0,0,10000,0,0,0,213000,203000,10000,10000
057745,泰鼎永豐99購01  ,0,0,0,0,0,0,0,0,0,10000,0,0,0,30000,20000,10000,10000
057748,華通國票98購04  ,0,0,0,0,0,0,0,0,0,10000,0,0,0,10000,0,10000,10000
057861,台積電凱基98購16,0,0,0,0,0,0,0,0,0,10000,0,0,0,10000,0,10000,10000
057790,台積電統一99購04,0,0,0,0,0,0,0,0,0,10000,0,0,0,10000,0,10000,10000
057778,大立光群益98購02,0,0,0,0,0,0,0,0,0,10000,0,0,0,10000,0,10000,10000
05780P,台積電統一96售07,0,0,0,0,0,0,0,0,0,10000,0,0,0,10000,0,10000,10000
057820,華擎元大98購02  ,0,0,0,0,0,0,0,0,0,10000,0,0,0,10000,0,10000,10000
05749P,臺股指群益99售03,0,0,0,0,0,0,0,0,0,10000,0,0,0,10000,0,10000,10000
057500,神達群益98購01  ,0,0,0,0,0,0,0,0,0,10000,0,0,0,10000,0,10000,10000
057482,微星元大98購03  ,0,0,0,0,0,0,0,0,0,10000,0,0,0,10000,0,10000,10000
057492,大立光元大98購18,0,0,0,0,0,0,0,0,0,10000,0,0,0,34000,24000,10000,10000
057560,華新科兆豐99購01,0,0,0,0,0,0,0,0,0,10000,0,0,0,10000,0,10000,10000
057662,上銀元大9A購01  ,0,0,0,0,0,0,0,0,0,10000,0,0,0,10000,0,10000,10000
057629,泰碩永豐98購02  ,0,0,0,0,0,0,0,0,0,10000,0,0,0,10000,0,10000,10000
057571,泰碩永豐98購01  ,0,0,0,0,0,0,0,0,0,10000,0,0,0,10000,0,10000,10000
057609,友訊元富98購01  ,0,0,0,0,0,0,0,0,0,10000,0,0,0,10000,0,10000,10000
057613,瑞昱元富02購02  ,0,0,0,0,0,0,0,0,0,10000,0,0,0,10000,0,10000,10000
058622,國巨國票99購07  ,0,0,0,0,0,0,0,0,0,10000,0,0,0,10000,0,10000,10000
058565,鴻海凱基9A購07  ,0,0,0,0,0,0,0,0,0,10000,0,0,0,113000,103000,10000,10000
058515,健鼎元大99購01  ,0,0,0,0,0,0,0,0,0,10000,0,0,0,10000,0,10000,10000
058516,健鼎元大99購02  ,0,0,0,0,0,0,0,0,0,10000,0,0,0,10000,0,10000,10000
058524,超眾元大99購04  ,0,0,0,0,0,0,0,0,0,10000,0,0,0,50000,40000,10000,10000
058438,大立光統一9B購01,0,0,0,0,0,0,0,0,0,10000,0,0,0,10000,0,10000,10000
05839P,臺股指富邦96售06,0,0,0,0,0,0,0,0,0,10000,0,0,0,10000,0,10000,10000
058374,玉晶光凱基9A購03,0,0,0,0,0,0,0,0,0,10000,0,0,0,50000,40000,10000,10000
058346,嘉晶群益99購01  ,0,0,0,0,0,0,0,0,0,10000,0,0,0,11000,1000,10000,10000
058306,聯發科元大99購07,0,0,0,0,0,0,0,0,0,10000,0,0,0,109000,99000,10000,10000
057963,緯穎元大98購08  ,0,0,0,0,0,0,0,0,0,10000,0,0,0,10000,0,10000,10000
057878,台郡元大99購04  ,0,0,0,0,0,0,0,0,0,10000,0,0,0,10000,0,10000,10000
058012,鈺齊國票99購01  ,0,0,0,0,0,0,0,0,0,10000,0,0,0,10000,0,10000,10000
057994,技嘉中信98購01  ,0,0,0,0,0,0,0,0,0,10000,0,0,0,10000,0,10000,10000
058051,同欣電元大98購03,0,0,0,0,0,0,0,0,0,10000,0,0,0,10000,0,10000,10000
058214,世芯群益9A購01  ,0,0,0,0,0,0,0,0,0,10000,0,0,0,10000,0,10000,10000
058240,景碩元大99購04  ,0,0,0,0,0,0,0,0,0,10000,0,0,0,10000,0,10000,10000
058096,南電元大98購04  ,0,0,0,0,0,0,0,0,0,10000,0,0,0,10000,0,10000,10000
05811P,臺股指國票96售04,0,0,0,0,0,0,0,0,0,10000,0,0,0,10000,0,10000,10000
058149,百和元大99購02  ,0,0,0,0,0,0,0,0,0,10000,0,0,0,10000,0,10000,10000
06079P,燿華群益98售02  ,0,0,0,0,0,0,0,0,0,10000,0,0,0,10000,0,10000,10000
06074P,台積電凱基98售04,0,0,0,0,0,0,0,0,0,10000,0,0,0,10000,0,10000,10000
06124P,超眾元大97售03  ,0,0,0,0,0,0,0,0,0,10000,0,0,0,10000,0,10000,10000
06138P,台積電中信99售01,0,0,0,0,0,0,0,0,0,10000,0,0,0,10000,0,10000,10000
06196P,元上證元大97售01,0,0,0,0,0,0,0,0,0,10000,0,0,0,10000,0,10000,10000
05987P,健策統一96售02  ,0,0,0,0,0,0,0,0,0,10000,0,0,0,10000,0,10000,10000
06047P,聯發科富邦99售04,0,0,0,0,0,0,0,0,0,10000,0,0,0,17000,7000,10000,10000
05958P,聯發科國票97售04,0,0,0,0,0,0,0,0,0,10000,0,0,0,11000,1000,10000,10000
05945P,聯詠中信96售01  ,0,0,0,0,0,0,0,0,0,10000,0,0,0,10000,0,10000,10000
058906,晶相光元大99購01,0,0,0,0,0,0,0,0,0,10000,0,0,0,10000,0,10000,10000
058887,元石油元大9C購04,0,0,0,0,0,0,0,0,0,10000,0,0,0,10000,0,10000,10000
058846,鴻海群益99購03  ,0,0,0,0,0,0,0,0,0,10000,0,0,0,10000,0,10000,10000
058944,元石油群益9C購02,0,0,0,0,0,0,0,0,0,10000,0,0,0,10000,0,10000,10000
059001,聯發科元大99購17,0,0,0,0,0,0,0,0,0,10000,0,0,0,35000,25000,10000,10000
05865P,大立光元大96售09,0,0,0,0,0,0,0,0,0,10000,0,0,0,11000,1000,10000,10000
058650,台虹永豐9A購01  ,0,0,0,0,0,0,0,0,0,10000,0,0,0,10000,0,10000,10000
058732,矽格永豐99購01  ,0,0,0,0,0,0,0,0,0,10000,0,0,0,27000,17000,10000,10000
05873P,華通群益97售02  ,0,0,0,0,0,0,0,0,0,10000,0,0,0,10000,0,10000,10000
058778,聯發科國票9A購01,0,0,0,0,0,0,0,0,0,10000,0,0,0,10000,0,10000,10000
049900,台積電元富94購06,0,0,0,0,0,0,0,0,0,10000,0,0,0,10000,0,10000,10000
049893,日月光富邦98購01,0,0,0,0,0,0,0,0,0,10000,0,0,0,10000,0,10000,10000
049862,南亞科兆豐94購01,0,0,0,0,0,0,0,0,0,10000,0,0,0,10000,0,10000,10000
04869P,鴻海元富95售02  ,0,0,0,0,0,0,0,0,0,10000,0,0,0,30000,20000,10000,10000
049971,台郡國票95購01  ,0,0,0,0,0,0,0,0,0,10000,0,0,0,10000,0,10000,10000
049702,台表科元大95購03,0,0,0,0,0,0,0,0,0,10000,0,0,0,53000,43000,10000,10000
049713,鴻海凱基94購17  ,0,0,0,0,0,0,0,0,0,10000,0,0,0,10000,0,10000,10000
049714,國巨凱基94購02  ,0,0,0,0,0,0,0,0,0,10000,0,0,0,10000,0,10000,10000
051537,牧德國票96購01  ,0,0,0,0,0,0,0,0,0,10000,0,0,0,10000,0,10000,10000
051544,T50反1康和98購01,0,0,0,0,0,0,0,0,0,10000,0,0,0,10000,0,10000,10000
051249,潤泰全元大95購01,0,0,0,0,0,0,0,0,0,10000,0,0,0,10000,0,10000,10000
050618,緯創元大95購01  ,0,0,0,0,0,0,0,0,0,10000,0,0,0,10000,0,10000,10000
051286,國巨統一97購01  ,0,0,0,0,0,0,0,0,0,10000,0,0,0,10000,0,10000,10000
051352,南亞科元大95購02,0,0,0,0,0,0,0,0,0,10000,0,0,0,10000,0,10000,10000
050383,超眾兆豐95購01  ,0,0,0,0,0,0,0,0,0,10000,0,0,0,10000,0,10000,10000
050368,國巨元大94購14  ,0,0,0,0,0,0,0,0,0,10000,0,0,0,20000,10000,10000,10000
05032P,台積電國泰96售05,0,0,0,0,0,0,0,0,0,10000,0,0,0,20000,10000,10000,10000
050259,鴻海元大94購14  ,0,0,0,0,0,0,0,0,0,10000,0,0,0,10000,0,10000,10000
051187,晶相光永豐95購01,0,0,0,0,0,0,0,0,0,10000,0,0,0,10000,0,10000,10000
051160,亞德客元大95購02,0,0,0,0,0,0,0,0,0,10000,0,0,0,30000,20000,10000,10000
050197,矽格元大94購04  ,0,0,0,0,0,0,0,0,0,10000,0,0,0,20000,10000,10000,10000
050550,大立光凱基95購04,0,0,0,0,0,0,0,0,0,10000,0,0,0,460000,450000,10000,10000
050569,英業達中信94購01,0,0,0,0,0,0,0,0,0,10000,0,0,0,10000,0,10000,10000
05053P,新日興群益95售01,0,0,0,0,0,0,0,0,0,10000,0,0,0,10000,0,10000,10000
050151,台積電群益94購12,0,0,0,0,0,0,0,0,0,10000,0,0,0,20000,10000,10000,10000
050766,燿華元大96購02  ,0,0,0,0,0,0,0,0,0,10000,0,0,0,20000,10000,10000,10000
050728,新日興國票94購01,0,0,0,0,0,0,0,0,0,10000,0,0,0,10000,0,10000,10000
050681,南亞科元富94購01,0,0,0,0,0,0,0,0,0,10000,0,0,0,10000,0,10000,10000
051245,南亞科元大95購01,0,0,0,0,0,0,0,0,0,10000,0,0,0,20000,10000,10000,10000
050525,嘉晶元大95購02  ,0,0,0,0,0,0,0,0,0,10000,0,0,0,50000,40000,10000,10000
050481,泰鼎國票96購01  ,0,0,0,0,0,0,0,0,0,10000,0,0,0,10000,0,10000,10000
050459,台表科元大94購03,0,0,0,0,0,0,0,0,0,10000,0,0,0,20000,10000,10000,10000
053337,聯電國票97購01  ,0,0,0,0,0,0,0,0,0,10000,0,0,0,10000,0,10000,10000
05332P,臺股指國票95售01,0,0,0,0,0,0,0,0,0,10000,0,0,0,10000,0,10000,10000
054346,世芯國票97購01  ,0,0,0,0,0,0,0,0,0,10000,0,0,0,10000,0,10000,10000
050117,麗豐元大96購02  ,0,0,0,0,0,0,0,0,0,10000,0,0,0,10000,0,10000,10000
052115,T50反1國票95購03,0,0,0,0,0,0,0,0,0,10000,0,0,0,10000,0,10000,10000
054394,奇力新永豐96購03,0,0,0,0,0,0,0,0,0,10000,0,0,0,10000,0,10000,10000
05452P,亞德客群益95售02,0,0,0,0,0,0,0,0,0,10000,0,0,0,10000,0,10000,10000
054037,T50反1元大96購09,0,0,0,0,0,0,0,0,0,10000,0,0,0,10000,0,10000,10000
054049,亞光元大96購03  ,0,0,0,0,0,0,0,0,0,10000,0,0,0,20000,10000,10000,10000
054584,貿聯元富97購01  ,0,0,0,0,0,0,0,0,0,10000,0,0,0,10000,0,10000,10000
054574,美律元大99購01  ,0,0,0,0,0,0,0,0,0,10000,0,0,0,25000,15000,10000,10000
048435,致新國票93購01  ,0,0,0,0,0,0,0,0,0,10000,0,0,0,10000,0,10000,10000
048989,矽格元大94購02  ,0,0,0,0,0,0,0,0,0,10000,0,0,0,10000,0,10000,10000
048982,牧德元大94購02  ,0,0,0,0,0,0,0,0,0,10000,0,0,0,10000,0,10000,10000
048963,川湖元大94購01  ,0,0,0,0,0,0,0,0,0,10000,0,0,0,10000,0,10000,10000
049044,和碩兆豐94購01  ,0,0,0,0,0,0,0,0,0,10000,0,0,0,10000,0,10000,10000
048832,玉晶光凱基95購02,0,0,0,0,0,0,0,0,0,10000,0,0,0,25000,15000,10000,10000
048834,牧德凱基94購01  ,0,0,0,0,0,0,0,0,0,10000,0,0,0,10000,0,10000,10000
048729,鴻海麥證94購01  ,0,0,0,10000,0,10000,0,0,0,10000,0,0,0,10000,0,10000,10000
048738,台積電統一94購04,0,0,0,0,0,0,0,0,0,10000,0,0,0,10000,0,10000,10000
048838,牧德凱基94購07  ,0,0,0,0,0,0,0,0,0,10000,0,0,0,10000,0,10000,10000
048842,矽格凱基94購01  ,0,0,0,0,0,0,0,0,0,10000,0,0,0,10000,0,10000,10000
048786,瑞昱元大94購02  ,0,0,0,0,0,0,0,0,0,10000,0,0,0,10000,0,10000,10000
048557,瑞昱元大94購01  ,0,0,0,0,0,0,0,0,0,10000,0,0,0,49000,39000,10000,10000
04852P,臻鼎永豐94售02  ,0,0,0,0,0,0,0,0,0,10000,0,0,0,10000,0,10000,10000
049221,健策國票95購02  ,0,0,0,0,0,0,0,0,0,10000,0,0,0,10000,0,10000,10000
049222,和碩國票94購01  ,0,0,0,0,0,0,0,0,0,10000,0,0,0,10000,0,10000,10000
049247,光寶科元大94購02,0,0,0,0,0,0,0,0,0,10000,0,0,0,10000,0,10000,10000
048610,華新科凱基94購04,0,0,0,0,0,0,0,0,0,10000,0,0,0,10000,0,10000,10000
04918P,華新科凱基94售12,0,0,0,0,0,0,0,0,0,10000,0,0,0,10000,0,10000,10000
050045,祥碩兆豐94購01  ,0,0,0,0,0,0,0,0,0,10000,0,0,0,10000,0,10000,10000
050036,矽格元大94購03  ,0,0,0,0,0,0,0,0,0,10000,0,0,0,20000,10000,10000,10000
049266,和碩元大94購01  ,0,0,0,0,0,0,0,0,0,10000,0,0,0,10000,0,10000,10000
048383,元金2X國票99購01,0,0,0,0,0,0,0,0,0,10000,0,0,0,10000,0,10000,10000
048355,國巨永豐93購04  ,0,0,0,0,0,0,0,0,0,10000,0,0,0,10000,0,10000,10000
04931P,臻鼎元富94售09  ,0,0,0,0,0,0,0,0,0,10000,0,0,0,10000,0,10000,10000
049378,聯詠元大94購02  ,0,0,0,0,0,0,0,0,0,10000,0,0,0,20000,10000,10000,10000
049361,華通元大94購02  ,0,0,0,0,0,0,0,0,0,10000,0,0,0,10000,0,10000,10000
049469,元金2X永豐94購01,0,0,0,0,0,0,0,0,0,10000,0,0,0,10000,0,10000,10000
048203,矽力元大93購02  ,0,0,0,0,0,0,0,0,0,10000,0,0,0,10000,0,10000,10000
048197,義隆元大93購04  ,0,0,0,0,0,0,0,0,0,10000,0,0,0,10000,0,10000,10000
044298,南電凱基93購01  ,0,0,0,0,0,0,0,0,0,10000,0,0,0,10000,0,10000,10000
044512,奇力新凱基93購02,0,0,0,0,0,0,0,0,0,10000,0,0,0,10000,0,10000,10000
044402,景碩凱基93購01  ,0,0,0,0,0,0,0,0,0,10000,0,0,0,10000,0,10000,10000
050919,台積電凱基95購03,0,0,0,0,0,0,0,0,0,10000,0,0,0,10000,0,10000,10000
05079P,可成永豐95售01  ,0,0,0,0,0,0,0,0,0,10000,0,0,0,10000,0,10000,10000
05078P,義隆永豐95售01  ,0,0,0,0,0,0,0,0,0,10000,0,0,0,20000,10000,10000,10000
050955,達方群益97購01  ,0,0,0,0,0,0,0,0,0,10000,0,0,0,10000,0,10000,10000
046046,世紀鋼元大93購03,0,0,0,0,0,0,0,0,0,10000,0,0,0,10000,0,10000,10000
04593P,台積電元大94售11,0,0,0,0,0,0,0,0,0,10000,0,0,0,70000,60000,10000,10000
045975,祥碩凱基93購04  ,0,0,0,0,0,0,0,0,0,10000,0,0,0,10000,0,10000,10000
04597P,為升凱基94售02  ,0,0,0,0,0,0,0,0,0,10000,0,0,0,10000,0,10000,10000
04599P,南亞科凱基94售03,0,0,0,0,0,0,0,0,0,10000,0,0,0,20000,10000,10000,10000
045794,奇力新兆豐93購01,0,0,0,0,0,0,0,0,0,10000,0,0,0,10000,0,10000,10000
045807,上緯控國票93購01,0,0,0,0,0,0,0,0,0,10000,0,0,0,10000,0,10000,10000
04548P,大立光元大94售14,0,0,0,0,0,0,0,0,0,10000,0,0,0,10000,0,10000,10000
04546P,台積電元大94售09,0,0,0,0,0,0,0,0,0,10000,0,0,0,10000,0,10000,10000
046460,聯鈞凱基93購02  ,0,0,0,0,0,0,0,0,0,10000,0,0,0,10000,0,10000,10000
04610P,世紀鋼永豐94售03,0,0,0,0,0,0,0,0,0,10000,0,0,0,10000,0,10000,10000
04631P,臺股指中信95售08,0,0,0,0,0,0,0,0,0,10000,0,0,0,10000,0,10000,10000
046379,奇力新凱基93購03,0,0,0,0,0,0,0,0,0,10000,0,0,0,10000,0,10000,10000
04624P,台積電元大94售14,0,0,0,0,0,0,0,0,0,10000,0,0,0,110000,100000,10000,10000
046164,健策兆豐93購03  ,0,0,0,0,0,0,0,0,0,10000,0,0,0,10000,0,10000,10000
044767,世紀鋼凱基93購06,0,0,0,0,0,0,0,0,0,10000,0,0,0,10000,0,10000,10000
044871,國巨統一93購05  ,0,0,0,0,0,0,0,0,0,10000,0,0,0,10000,0,10000,10000
04692P,大立光群益94售06,0,0,0,0,0,0,0,0,0,10000,0,0,0,90000,80000,10000,10000
046878,康友國泰94購01  ,0,0,0,0,0,0,0,0,0,10000,0,0,0,10000,0,10000,10000
045015,玉晶光元大94購01,0,0,0,0,0,0,0,0,0,10000,0,0,0,10000,0,10000,10000
048120,台泥元大93購02  ,0,0,0,0,0,0,0,0,0,10000,0,0,0,10000,0,10000,10000
048165,嘉澤康和93購01  ,0,0,0,0,0,0,0,0,0,10000,0,0,0,10000,0,10000,10000
048137,力成國票93購01  ,0,0,0,0,0,0,0,0,0,10000,0,0,0,10000,0,10000,10000
048129,力成元大93購02  ,0,0,0,0,0,0,0,0,0,10000,0,0,0,10000,0,10000,10000
047514,亞光國票94購01  ,0,0,0,0,0,0,0,0,0,10000,0,0,0,10000,0,10000,10000
04394P,臻鼎凱基94售01  ,0,0,0,0,0,0,0,0,0,10000,0,0,0,10000,0,10000,10000
048000,義隆元大93購03  ,0,0,0,0,0,0,0,0,0,10000,0,0,0,10000,0,10000,10000
047416,台泥富邦94購01  ,0,0,0,0,0,0,0,0,0,10000,0,0,0,10000,0,10000,10000
047342,T50反1中信99購01,0,0,0,0,0,0,0,0,0,10000,0,0,0,10000,0,10000,10000
03953P,易華電凱基94售01,0,0,0,0,0,0,0,0,0,10000,0,0,0,10000,0,10000,10000
04113P,臺股指富邦93售06,0,0,0,0,0,0,0,0,0,10000,0,0,0,10000,0,10000,10000
04132P,瑞昱群益93售04  ,0,0,0,0,0,0,0,0,0,10000,0,0,0,10000,0,10000,10000
04064P,臺股指兆豐93售03,0,0,0,0,0,0,0,0,0,10000,0,0,0,10000,0,10000,10000
04141P,啟碁國票93售01  ,0,0,0,0,0,0,0,0,0,10000,0,0,0,10000,0,10000,10000
00753L,中信中國50正2   ,0,0,0,0,0,0,0,0,0,10000,0,0,0,104000,94000,10000,10000
043156,大立光統一94購01,0,0,0,0,0,0,0,0,0,10000,0,0,0,10000,0,10000,10000
04288P,台積電中信95售06,0,0,0,0,0,0,0,0,0,10000,0,0,0,10000,0,10000,10000
04285P,超眾永豐93售04  ,0,0,0,0,0,0,0,0,0,10000,0,0,0,10000,0,10000,10000
04187P,麗豐元富93售02  ,0,0,0,0,0,0,0,0,0,10000,0,0,0,10000,0,10000,10000
04148P,GIS凱基93售05   ,0,0,0,0,0,0,0,0,0,10000,0,0,0,10000,0,10000,10000
04219P,鴻海兆豐93售02  ,0,0,0,0,0,0,0,0,0,10000,0,0,0,10000,0,10000,10000
04210P,鴻海凱基93售36  ,0,0,0,0,0,0,0,0,0,10000,0,0,0,20000,10000,10000,10000
03087P,聯發科元大01售24,0,0,0,0,0,0,0,0,0,10000,0,0,0,10000,0,10000,10000
03103P,聯發科元富01售02,0,0,0,0,0,0,0,0,0,10000,0,0,0,10000,0,10000,10000
04378P,大立光元大94售05,0,0,0,0,0,0,0,0,0,10000,0,0,0,10000,0,10000,10000
04379P,大立光元大94售06,0,0,0,0,0,0,0,0,0,10000,0,0,0,10000,0,10000,10000
043580,大立光元富94購01,0,0,0,0,0,0,0,0,0,10000,0,0,0,10000,0,10000,10000
04346P,大立光兆豐95售02,0,0,0,0,0,0,0,0,0,10000,0,0,0,13000,3000,10000,10000
055420,欣興永豐98購01  ,0,0,0,0,0,0,0,0,0,10000,0,0,0,48000,38000,10000,10000
055443,台虹國票98購01  ,0,0,0,0,0,0,0,0,0,10000,0,0,0,10000,0,10000,10000
055467,國巨凱基97購05  ,0,0,0,0,0,0,0,0,0,10000,0,0,0,10000,0,10000,10000
052640,台表科凱基97購01,0,0,0,0,0,0,0,0,0,10000,0,0,0,10000,0,10000,10000
053772,大成鋼元大96購02,0,0,0,0,0,0,0,0,0,10000,0,0,0,10000,0,10000,10000
051822,和碩元富95購01  ,0,0,0,0,0,0,0,0,0,10000,0,0,0,10000,0,10000,10000
052588,玉晶光永豐98購01,0,0,0,0,0,0,0,0,0,10000,0,0,0,49000,39000,10000,10000
052611,力成元大96購02  ,0,0,0,0,0,0,0,0,0,10000,0,0,0,10000,0,10000,10000
052612,康舒元大97購01  ,0,0,0,0,0,0,0,0,0,10000,0,0,0,10000,0,10000,10000
05259P,臺股指凱基96售12,0,0,0,0,0,0,0,0,0,10000,0,0,0,50000,40000,10000,10000
051567,台積電富邦95購06,0,0,0,0,0,0,0,0,0,10000,0,0,0,10000,0,10000,10000
053126,健策凱基97購02  ,0,0,0,0,0,0,0,0,0,10000,0,0,0,60000,50000,10000,10000
053084,國巨元大98購01  ,0,0,0,0,0,0,0,0,0,10000,0,0,0,20000,10000,10000,10000
05310P,智原永豐95售04  ,0,0,0,0,0,0,0,0,0,10000,0,0,0,10000,0,10000,10000
055510,GIS元大97購03   ,0,0,0,0,0,0,0,0,0,10000,0,0,0,10000,0,10000,10000
053037,國巨凱基96購08  ,0,0,0,0,0,0,0,0,0,10000,0,0,0,10000,0,10000,10000
053031,華新科第一96購01,0,0,0,0,0,0,0,0,0,10000,0,0,0,10000,0,10000,10000
053054,禾伸堂國票97購01,0,0,0,0,0,0,0,0,0,10000,0,0,0,10000,0,10000,10000
052981,鴻海元大97購05  ,0,0,0,0,0,0,0,0,0,10000,0,0,0,10000,0,10000,10000
052948,景碩國票97購02  ,0,0,0,0,0,0,0,0,0,10000,0,0,0,100000,90000,10000,10000
052952,矽創國票97購02  ,0,0,0,0,0,0,0,0,0,10000,0,0,0,10000,0,10000,10000
053250,百和國票97購02  ,0,0,0,0,0,0,0,0,0,10000,0,0,0,40000,30000,10000,10000
053252,華邦電國泰98購01,0,0,0,0,0,0,0,0,0,10000,0,0,0,10000,0,10000,10000
052829,上銀群益96購01  ,0,0,0,0,0,0,0,0,0,10000,0,0,0,10000,0,10000,10000
055830,上銀元大97購07  ,0,0,0,0,0,0,0,0,0,10000,0,0,0,26000,16000,10000,10000
05584P,臺股指凱基96售13,0,0,0,0,0,0,0,0,0,10000,0,0,0,10000,0,10000,10000
055850,聯詠元大97購06  ,0,0,0,0,0,0,0,0,0,10000,0,0,0,40000,30000,10000,10000
055872,亞泥元富97購01  ,0,0,0,0,0,0,0,0,0,10000,0,0,0,10000,0,10000,10000
055975,鴻海統一98購05  ,0,0,0,0,0,0,0,0,0,10000,0,0,0,10000,0,10000,10000
055924,深中小群益9B購01,0,0,0,0,0,0,0,0,0,10000,0,0,0,10000,0,10000,10000
055962,晶豪科元大97購02,0,0,0,0,0,0,0,0,0,10000,0,0,0,10000,0,10000,10000
055955,微星元大97購01  ,0,0,0,0,0,0,0,0,0,10000,0,0,0,10000,0,10000,10000
055949,亞德客元大97購04,0,0,0,0,0,0,0,0,0,10000,0,0,0,40000,30000,10000,10000
056069,新日興元大97購03,0,0,0,0,0,0,0,0,0,10000,0,0,0,20000,10000,10000,10000
05603P,聯發科元大96售09,0,0,0,0,0,0,0,0,0,10000,0,0,0,10000,0,10000,10000
056120,聯茂群益97購02  ,0,0,0,0,0,0,0,0,0,10000,0,0,0,10000,0,10000,10000
056156,禾伸堂凱基98購04,0,0,0,0,0,0,0,0,0,10000,0,0,0,10000,0,10000,10000
055712,金寶元大97購02  ,0,0,0,0,0,0,0,0,0,10000,0,0,0,10000,0,10000,10000
055679,華通凱基99購01  ,0,0,0,0,0,0,0,0,0,10000,0,0,0,10000,0,10000,10000
055597,禾伸堂元大98購02,0,0,0,0,0,0,0,0,0,10000,0,0,0,35000,25000,10000,10000
055639,上銀元富97購02  ,0,0,0,0,0,0,0,0,0,10000,0,0,0,30000,20000,10000,10000
055647,義隆元富97購01  ,0,0,0,0,0,0,0,0,0,10000,0,0,0,10000,0,10000,10000
055523,道瓊銀群益9A購01,0,0,0,0,0,0,0,0,0,10000,0,0,0,10000,0,10000,10000
055525,國巨群益98購05  ,0,0,0,0,0,0,0,0,0,10000,0,0,0,10000,0,10000,10000
055542,亞德客凱基97購01,0,0,0,0,0,0,0,0,0,10000,0,0,0,10000,0,10000,10000
055585,國巨元大98購08  ,0,0,0,0,0,0,0,0,0,10000,0,0,0,10000,0,10000,10000
055587,智邦元大97購02  ,0,0,0,0,0,0,0,0,0,10000,0,0,0,28000,18000,10000,10000
052681,T50反1元大98購02,0,0,0,0,0,0,0,0,0,10000,0,0,0,10000,0,10000,10000
054604,麗豐台新98購01  ,0,0,0,0,0,0,0,0,0,10000,0,0,0,10000,0,10000,10000
052696,玉晶光麥證97購01,0,0,0,40000,30000,10000,0,0,0,10000,0,0,0,40000,30000,10000,10000
052818,智邦永豐96購01  ,0,0,0,0,0,0,0,0,0,10000,0,0,0,68000,58000,10000,10000
052782,超眾國票96購02  ,0,0,0,0,0,0,0,0,0,10000,0,0,0,10000,0,10000,10000
052795,健策兆豐97購01  ,0,0,0,0,0,0,0,0,0,10000,0,0,0,10000,0,10000,10000
052799,上銀元大96購01  ,0,0,0,0,0,0,0,0,0,10000,0,0,0,14000,4000,10000,10000
053371,滬深2X元大99購01,0,0,0,0,0,0,0,0,0,10000,0,0,0,10000,0,10000,10000
054661,嘉聯益元大97購03,0,0,0,0,0,0,0,0,0,10000,0,0,0,10000,0,10000,10000
054649,聯茂群益97購01  ,0,0,0,0,0,0,0,0,0,10000,0,0,0,10000,0,10000,10000
05223P,臻鼎凱基95售02  ,0,0,0,0,0,0,0,0,0,10000,0,0,0,10000,0,10000,10000
054215,創意國票97購02  ,0,0,0,0,0,0,0,0,0,10000,0,0,0,10000,0,10000,10000
054238,聯茂群益96購04  ,0,0,0,0,0,0,0,0,0,10000,0,0,0,10000,0,10000,10000
054285,國巨元大98購02  ,0,0,0,0,0,0,0,0,0,10000,0,0,0,15000,5000,10000,10000
054094,創意群益96購02  ,0,0,0,0,0,0,0,0,0,10000,0,0,0,10000,0,10000,10000
054149,達方元大96購01  ,0,0,0,0,0,0,0,0,0,10000,0,0,0,10000,0,10000,10000
055285,華新科元大99購03,0,0,0,0,0,0,0,0,0,10000,0,0,0,10000,0,10000,10000
055271,鴻海元大98購03  ,0,0,0,0,0,0,0,0,0,10000,0,0,0,50000,40000,10000,10000
054812,鴻海元大97購08  ,0,0,0,0,0,0,0,0,0,10000,0,0,0,31000,21000,10000,10000
054809,大成鋼元大97購01,0,0,0,0,0,0,0,0,0,10000,0,0,0,30000,20000,10000,10000
054807,台化元大9A購02  ,0,0,0,0,0,0,0,0,0,10000,0,0,0,10000,0,10000,10000
055241,T50反1統一99購01,0,0,0,0,0,0,0,0,0,10000,0,0,0,10000,0,10000,10000
053566,大立光富邦99購03,0,0,0,0,0,0,0,0,0,10000,0,0,0,10000,0,10000,10000
053950,緯穎富邦97購02  ,0,0,0,0,0,0,0,0,0,10000,0,0,0,10000,0,10000,10000
052413,上証反中信97購01,0,0,0,0,0,0,0,0,0,10000,0,0,0,85000,75000,10000,10000
053480,祥碩元大96購02  ,0,0,0,0,0,0,0,0,0,10000,0,0,0,73000,63000,10000,10000
052399,台光電凱基95購03,0,0,0,0,0,0,0,0,0,10000,0,0,0,10000,0,10000,10000
052382,臺股指元大95購23,0,0,0,0,0,0,0,0,0,10000,0,0,0,10000,0,10000,10000
053648,台積電凱基97購04,0,0,0,0,0,0,0,0,0,10000,0,0,0,10000,0,10000,10000
055323,貿聯國票98購01  ,0,0,0,0,0,0,0,0,0,10000,0,0,0,10000,0,10000,10000
055326,緯穎國票97購06  ,0,0,0,0,0,0,0,0,0,10000,0,0,0,10000,0,10000,10000
05533P,滬深2X富邦97售01,0,0,0,0,0,0,0,0,0,10000,0,0,0,20000,10000,10000,10000
052450,嘉澤元大95購03  ,0,0,0,0,0,0,0,0,0,10000,0,0,0,30000,20000,10000,10000
051717,祥碩康和95購01  ,0,0,0,0,0,0,0,0,0,10000,0,0,0,10000,0,10000,10000
051684,瑞昱凱基95購02  ,0,0,0,0,0,0,0,0,0,10000,0,0,0,10000,0,10000,10000
051693,華新科統一95購02,0,0,0,0,0,0,0,0,0,10000,0,0,0,10000,0,10000,10000
051924,聯茂日盛95購01  ,0,0,0,0,0,0,0,0,0,10000,0,0,0,10000,0,10000,10000
051985,智邦元大95購05  ,0,0,0,0,0,0,0,0,0,10000,0,0,0,88000,78000,10000,10000
054949,奇力新元大98購01,0,0,0,0,0,0,0,0,0,10000,0,0,0,10000,0,10000,10000
054940,台積電元大97購16,0,0,0,0,0,0,0,0,0,10000,0,0,0,111000,101000,10000,10000
054880,華泰統一97購01  ,0,0,0,0,0,0,0,0,0,10000,0,0,0,10000,0,10000,10000
054865,可成群益97購01  ,0,0,0,0,0,0,0,0,0,10000,0,0,0,10000,0,10000,10000
05481P,鴻海凱基95售21  ,0,0,0,0,0,0,0,0,0,10000,0,0,0,30000,20000,10000,10000
055153,台光電元大98購02,0,0,0,0,0,0,0,0,0,10000,0,0,0,20000,10000,10000,10000
055155,奇力新元大99購01,0,0,0,0,0,0,0,0,0,10000,0,0,0,110000,100000,10000,10000
05510P,燿華元富96售01  ,0,0,0,0,0,0,0,0,0,10000,0,0,0,10000,0,10000,10000
055313,南電群益97購01  ,0,0,0,0,0,0,0,0,0,10000,0,0,0,25000,15000,10000,10000
054707,聯茂亞東97購01  ,0,0,0,0,0,0,0,0,0,10000,0,0,0,10000,0,10000,10000
055183,聯鈞統一97購01  ,0,0,0,0,0,0,0,0,0,10000,0,0,0,10000,0,10000,10000
055189,台虹統一97購01  ,0,0,0,0,0,0,0,0,0,10000,0,0,0,10000,0,10000,10000
055191,牧德元富97購01  ,0,0,0,0,0,0,0,0,0,10000,0,0,0,10000,0,10000,10000
055196,致新元富97購01  ,0,0,0,0,0,0,0,0,0,10000,0,0,0,10000,0,10000,10000
2606,裕民            ,367000,260000,107000,0,0,0,2000,3000,-1000,-96000,2000,98000,-96000,0,0,0,10000
1537,廣隆            ,43000,31000,12000,0,0,0,0,2000,-2000,0,0,0,0,0,0,0,10000
06986P,台積電台新9A售01,0,0,0,0,0,0,0,0,0,10000,0,0,0,1008000,998000,10000,10000
06917P,聯電亞東99售01  ,0,0,0,0,0,0,0,0,0,10000,0,0,0,10000,0,10000,10000
06908P,健策國泰99售02  ,0,0,0,0,0,0,0,0,0,10000,0,0,0,10000,0,10000,10000
06885P,國巨國票99售06  ,0,0,0,0,0,0,0,0,0,10000,0,0,0,10000,0,10000,10000
06773P,台灣50兆豐9A售01,0,0,0,0,0,0,0,0,0,10000,0,12000,-12000,22000,0,22000,10000
06771P,台灣50中信02售01,0,0,0,0,0,0,0,0,0,10000,0,0,0,10000,0,10000,10000
06430P,大立光元大97售16,0,0,0,0,0,0,0,0,0,10000,0,0,0,15000,5000,10000,10000
06411P,晶相光永豐97售03,0,0,0,0,0,0,0,0,0,10000,0,0,0,10000,0,10000,10000
06389P,聯發科兆豐97售01,0,0,0,0,0,0,0,0,0,10000,0,0,0,10000,0,10000,10000
06321P,台積電統一98售03,0,0,0,0,0,0,0,0,0,10000,0,0,0,10000,0,10000,10000
06285P,台積電國票98售04,0,0,0,0,0,0,0,0,0,10000,0,0,0,10000,0,10000,10000
06671P,台積電群益98售04,0,0,0,0,0,0,0,0,0,10000,0,0,0,10000,0,10000,10000
06661P,玉晶光永豐98售05,0,0,0,0,0,0,0,0,0,10000,0,0,0,10000,0,10000,10000
06547P,大立光元大98售09,0,0,0,0,0,0,0,0,0,10000,0,0,0,10000,0,10000,10000
06549P,大立光元大98售11,0,0,0,0,0,0,0,0,0,10000,0,0,0,10000,0,10000,10000
06513P,鴻海凱基98售10  ,0,0,0,0,0,0,0,0,0,10000,0,0,0,56000,46000,10000,10000
06536P,臺股指群益98售04,0,0,0,0,0,0,0,0,0,10000,0,0,0,10000,0,10000,10000
06568P,國巨永豐98售05  ,0,0,0,0,0,0,0,0,0,10000,0,0,0,10000,0,10000,10000
06590P,大立光元大98售13,0,0,0,0,0,0,0,0,0,10000,0,0,0,10000,0,10000,10000
4576,大銀微系統      ,51000,41000,10000,0,0,0,0,0,0,0,0,0,0,0,0,0,10000
8011,台通            ,74000,65000,9000,0,0,0,0,0,0,1000,1000,0,1000,0,0,0,10000
6152,百一            ,27000,17000,10000,0,0,0,0,0,0,0,0,0,0,0,0,0,10000
058886,元石油元大9C購03,0,0,0,0,0,0,0,0,0,9000,0,0,0,9000,0,9000,9000
06120P,大立光凱基98售05,0,0,0,0,0,0,0,0,0,9000,0,0,0,19000,10000,9000,9000
058470,台灣50日盛9B購02,0,0,0,0,0,0,0,0,0,9000,0,0,0,9000,0,9000,9000
057158,義隆永豐99購01  ,0,0,0,0,0,0,0,0,0,9000,0,0,0,52000,43000,9000,9000
057378,康友元大98購02  ,0,0,0,0,0,0,0,0,0,9000,0,0,0,9000,0,9000,9000
00742,新光內需收益    ,0,0,0,0,0,0,0,0,0,9000,0,0,0,13000,4000,9000,9000
047521,台積電元大94購03,0,0,0,0,0,0,0,0,0,9000,0,0,0,360000,351000,9000,9000
04480P,微星兆豐94售01  ,0,0,0,0,0,0,0,0,0,9000,0,0,0,9000,0,9000,9000
047161,世紀鋼國票94購01,0,0,0,0,0,0,0,0,0,9000,0,0,0,10000,1000,9000,9000
046599,S&P反1群益93購01,0,0,0,0,0,0,0,0,0,9000,0,0,0,9000,0,9000,9000
045754,大立光國泰94購03,0,0,0,0,0,0,0,0,0,9000,0,0,0,70000,61000,9000,9000
04855P,上証2X元富94售02,0,0,0,0,0,0,0,0,0,9000,0,0,0,9000,0,9000,9000
048732,台勝科麥證95購01,0,0,0,25000,16000,9000,0,0,0,9000,0,0,0,25000,16000,9000,9000
04900P,矽格中信94售02  ,0,0,0,0,0,0,0,0,0,9000,0,0,0,29000,20000,9000,9000
054391,宏達電元富96購04,0,0,0,0,0,0,0,0,0,9000,0,0,0,9000,0,9000,9000
054381,世芯群益98購01  ,0,0,0,0,0,0,0,0,0,9000,0,0,0,14000,5000,9000,9000
05433P,智原元富95售02  ,0,0,0,0,0,0,0,0,0,9000,0,0,0,10000,1000,9000,9000
050439,新日興凱基94購01,0,0,0,0,0,0,0,0,0,9000,0,0,0,9000,0,9000,9000
051486,玉晶光凱基97購03,0,0,0,0,0,0,0,0,0,9000,0,0,0,9000,0,9000,9000
051861,鴻海凱基98購01  ,0,0,0,0,0,0,0,0,0,9000,0,0,0,9000,0,9000,9000
052418,玉晶光兆豐96購01,0,0,0,0,0,0,0,0,0,9000,0,0,0,10000,1000,9000,9000
054820,新日興元大97購01,0,0,0,0,0,0,0,0,0,9000,0,0,0,10000,1000,9000,9000
053441,旺宏凱基98購01  ,0,0,0,0,0,0,0,0,0,9000,0,0,0,25000,16000,9000,9000
055788,緯穎凱基97購04  ,0,0,0,0,0,0,0,0,0,9000,0,0,0,65000,56000,9000,9000
052867,晶技凱基96購01  ,0,0,0,0,0,0,0,0,0,9000,0,0,0,43000,34000,9000,9000
052977,奇力新麥證97購01,0,0,0,120000,111000,9000,0,0,0,9000,0,0,0,120000,111000,9000,9000
052602,聯電元大97購01  ,0,0,0,0,0,0,0,0,0,9000,0,0,0,40000,31000,9000,9000
05374P,台積電國票96售07,0,0,0,0,0,0,0,0,0,9000,0,0,0,9000,0,9000,9000
6449,鈺邦            ,100000,91000,9000,0,0,0,0,0,0,0,0,0,0,0,0,0,9000
06705P,臻鼎元富98售03  ,0,0,0,0,0,0,0,0,0,9000,0,0,0,60000,51000,9000,9000
06506P,台郡國票99售02  ,0,0,0,0,0,0,0,0,0,9000,0,0,0,9000,0,9000,9000
08506P,台灣50中信96售02,0,0,0,0,0,0,0,0,0,9000,0,0,0,9000,0,9000,9000
2548,華固            ,615000,633000,-18000,0,0,0,50000,4000,46000,-19000,40000,59000,-19000,29000,29000,0,9000
2887E,台新戊特        ,0,0,0,0,0,0,0,0,0,9000,9000,0,9000,0,0,0,9000
057503,世紀鋼群益98購02,0,0,0,0,0,0,0,0,0,8000,0,0,0,8000,0,8000,8000
05774P,臺股指凱基99售04,0,0,0,0,0,0,0,0,0,8000,0,0,0,21000,13000,8000,8000
056714,晶相光永豐98購02,0,0,0,0,0,0,0,0,0,8000,0,0,0,8000,0,8000,8000
056836,國巨元富98購01  ,0,0,0,0,0,0,0,0,0,8000,0,0,0,8000,0,8000,8000
057045,美律元大99購04  ,0,0,0,0,0,0,0,0,0,8000,0,0,0,21000,13000,8000,8000
058417,國巨麥證99購01  ,0,0,0,50000,42000,8000,0,0,0,8000,0,0,0,50000,42000,8000,8000
058134,信邦元大99購01  ,0,0,0,0,0,0,0,0,0,8000,0,0,0,40000,32000,8000,8000
05990P,台積電群益96售13,0,0,0,0,0,0,0,0,0,8000,0,0,0,10000,2000,8000,8000
050587,緯穎國票94購02  ,0,0,0,0,0,0,0,0,0,8000,0,0,0,8000,0,8000,8000
050742,新日興永豐94購01,0,0,0,0,0,0,0,0,0,8000,0,0,0,8000,0,8000,8000
051100,同欣電元大95購01,0,0,0,0,0,0,0,0,0,8000,0,0,0,23000,15000,8000,8000
054053,聯茂元大96購01  ,0,0,0,0,0,0,0,0,0,8000,0,0,0,108000,100000,8000,8000
05400P,台積電永豐95售05,0,0,0,0,0,0,0,0,0,8000,0,0,0,8000,0,8000,8000
04896P,上証2X中信95售01,0,0,0,0,0,0,0,0,0,8000,0,0,0,28000,20000,8000,8000
04898P,瑞儀中信95售01  ,0,0,0,0,0,0,0,0,0,8000,0,0,0,20000,12000,8000,8000
048852,旺宏群益96購02  ,0,0,0,0,0,0,0,0,0,8000,0,0,0,105000,97000,8000,8000
048391,友訊國票94購01  ,0,0,0,0,0,0,0,0,0,8000,0,0,0,8000,0,8000,8000
04607P,A50中信94售01   ,0,0,0,0,0,0,0,0,0,8000,0,0,0,8000,0,8000,8000
04527P,大立光凱基94售04,0,0,0,0,0,0,0,0,0,8000,0,0,0,8000,0,8000,8000
05096P,台積電日盛95售01,0,0,0,0,0,0,0,0,0,8000,0,0,0,18000,10000,8000,8000
04951P,緯創中信94售01  ,0,0,0,0,0,0,0,0,0,8000,0,0,0,8000,0,8000,8000
044299,南電凱基93購02  ,0,0,0,0,0,0,0,0,0,8000,0,0,0,8000,0,8000,8000
04758P,國巨凱基94售03  ,0,0,0,0,0,0,0,0,0,8000,0,0,0,8000,0,8000,8000
04052P,上銀國泰94售01  ,0,0,0,0,0,0,0,0,0,8000,0,0,0,159000,151000,8000,8000
03418B,臺股指元大95熊20,0,0,0,0,0,0,0,0,0,8000,0,0,0,208000,200000,8000,8000
042754,元黃金元大93購01,0,0,0,0,0,0,0,0,0,8000,0,0,0,8000,0,8000,8000
05258P,臺股指凱基96售11,0,0,0,0,0,0,0,0,0,8000,0,0,0,28000,20000,8000,8000
055877,奇鋐元富97購01  ,0,0,0,0,0,0,0,0,0,8000,0,0,0,28000,20000,8000,8000
055858,聯茂元大97購03  ,0,0,0,0,0,0,0,0,0,8000,0,0,0,90000,82000,8000,8000
055953,上銀元大97購09  ,0,0,0,0,0,0,0,0,0,8000,0,0,0,32000,24000,8000,8000
053861,台光電元大98購01,0,0,0,0,0,0,0,0,0,8000,0,0,0,10000,2000,8000,8000
052754,上証2X群益9A購01,0,0,0,0,0,0,0,0,0,8000,0,0,0,20000,12000,8000,8000
052671,祥碩群益96購01  ,0,0,0,0,0,0,0,0,0,8000,0,0,0,10000,2000,8000,8000
055676,亞德客凱基97購03,0,0,0,0,0,0,0,0,0,8000,0,0,0,8000,0,8000,8000
055747,康舒元富97購01  ,0,0,0,0,0,0,0,0,0,8000,0,0,0,18000,10000,8000,8000
053373,台泥元大96購01  ,0,0,0,0,0,0,0,0,0,8000,0,0,0,10000,2000,8000,8000
053940,康友元富96購01  ,0,0,0,0,0,0,0,0,0,8000,0,0,0,10000,2000,8000,8000
053945,國巨富邦98購02  ,0,0,0,0,0,0,0,0,0,8000,0,0,0,8000,0,8000,8000
05163P,聯發科統一96售02,0,0,0,0,0,0,0,0,0,8000,0,0,0,8000,0,8000,8000
055356,大立光凱基97購06,0,0,0,0,0,0,0,0,0,8000,0,0,0,68000,60000,8000,8000
055311,健策群益98購02  ,0,0,0,0,0,0,0,0,0,8000,0,0,0,8000,0,8000,8000
054739,義隆凱基98購02  ,0,0,0,0,0,0,0,0,0,8000,0,0,0,26000,18000,8000,8000
1732,毛寶            ,8000,0,8000,0,0,0,0,0,0,0,0,0,0,0,0,0,8000
06298P,聯發科元大97售20,0,0,0,0,0,0,0,0,0,8000,0,0,0,28000,20000,8000,8000
06373P,聯發科元大97售22,0,0,0,0,0,0,0,0,0,8000,0,0,0,52000,44000,8000,8000
06893P,致新元富98售02  ,0,0,0,0,0,0,0,0,0,8000,0,0,0,10000,2000,8000,8000
07027P,台積電群益99售04,0,0,0,0,0,0,0,0,0,8000,0,0,0,8000,0,8000,8000
9906,欣巴巴          ,8000,0,8000,0,0,0,0,0,0,0,0,0,0,0,0,0,8000
058201,華通凱基9A購01  ,0,0,0,0,0,0,0,0,0,7000,0,0,0,7000,0,7000,7000
057884,華邦電群益98購02,0,0,0,0,0,0,0,0,0,7000,0,0,0,17000,10000,7000,7000
056903,大立光元大99購04,0,0,0,0,0,0,0,0,0,7000,0,0,0,27000,20000,7000,7000
057852,國巨國票99購05  ,0,0,0,0,0,0,0,0,0,7000,0,0,0,7000,0,7000,7000
05754P,臺股指中信99售03,0,0,0,0,0,0,0,0,0,7000,0,0,0,7000,0,7000,7000
057523,大成鋼元大99購01,0,0,0,0,0,0,0,0,0,7000,0,0,0,90000,83000,7000,7000
05744P,台表科元大96售04,0,0,0,0,0,0,0,0,0,7000,0,0,0,27000,20000,7000,7000
057300,訊連永豐98購01  ,0,0,0,0,0,0,0,0,0,7000,0,0,0,73000,66000,7000,7000
057202,TPK元富98購02   ,0,0,0,0,0,0,0,0,0,7000,0,0,0,20000,13000,7000,7000
00711B,FH彭博新興債    ,0,0,0,0,0,0,0,0,0,7000,0,0,0,509000,502000,7000,7000
03005P,旭富群益01售05  ,0,0,0,0,0,0,0,0,0,7000,0,0,0,7000,0,7000,7000
00691R,兆豐藍籌30反1   ,0,0,0,0,0,0,0,0,0,7000,0,0,0,8000,1000,7000,7000
048262,台積電元富94購01,0,0,0,0,0,0,0,0,0,7000,0,0,0,13000,6000,7000,7000
046087,亞德客兆豐93購01,0,0,0,0,0,0,0,0,0,7000,0,0,0,10000,3000,7000,7000
04612P,上銀群益94售01  ,0,0,0,0,0,0,0,0,0,7000,0,0,0,7000,0,7000,7000
04630P,嘉聯益元大95售02,0,0,0,0,0,0,0,0,0,7000,0,0,0,7000,0,7000,7000
04569P,聯詠兆豐94售01  ,0,0,0,0,0,0,0,0,0,7000,0,0,0,7000,0,7000,7000
052135,聯發科凱基9B購01,0,0,0,0,0,0,0,0,0,7000,0,0,0,8000,1000,7000,7000
05040P,聯發科凱基95售05,0,0,0,0,0,0,0,0,0,7000,0,0,0,10000,3000,7000,7000
050200,致新元大94購01  ,0,0,0,0,0,0,0,0,0,7000,0,0,0,7000,0,7000,7000
05061P,鴻海富邦96售03  ,0,0,0,0,0,0,0,0,0,7000,0,0,0,7000,0,7000,7000
055008,隆達元富97購01  ,0,0,0,0,0,0,0,0,0,7000,0,0,0,7000,0,7000,7000
05500P,臺股指中信96售04,0,0,0,0,0,0,0,0,0,7000,0,0,0,7000,0,7000,7000
055340,華新科日盛97購01,0,0,0,0,0,0,0,0,0,7000,0,0,0,7000,0,7000,7000
051734,台積電國票95購04,0,0,0,0,0,0,0,0,0,7000,0,0,0,7000,0,7000,7000
054413,台光電元大96購03,0,0,0,0,0,0,0,0,0,7000,0,0,0,8000,1000,7000,7000
052229,奇力新凱基96購01,0,0,0,0,0,0,0,0,0,7000,0,0,0,7000,0,7000,7000
052237,嘉澤國票96購02  ,0,0,0,0,0,0,0,0,0,7000,0,0,0,10000,3000,7000,7000
055932,玉山金群益99購01,0,0,0,0,0,0,0,0,0,7000,0,0,0,27000,20000,7000,7000
056078,勤誠元大97購01  ,0,0,0,0,0,0,0,0,0,7000,0,0,0,10000,3000,7000,7000
05608P,聯發科凱基96售10,0,0,0,0,0,0,0,0,0,7000,0,0,0,7000,0,7000,7000
052979,上銀元大96購02  ,0,0,0,0,0,0,0,0,0,7000,0,0,0,20000,13000,7000,7000
8341,日友            ,224000,210000,14000,0,0,0,7000,0,7000,-14000,0,14000,-14000,0,0,0,7000
9926,新海            ,0,3000,-3000,0,0,0,0,0,0,10000,10000,0,10000,0,0,0,7000
5243,乙盛-KY         ,160000,153000,7000,0,0,0,0,0,0,0,0,0,0,0,0,0,7000
06892P,聯鈞元富98售01  ,0,0,0,0,0,0,0,0,0,7000,0,0,0,46000,39000,7000,7000
06361P,聯發科群益97售06,0,0,0,0,0,0,0,0,0,7000,0,0,0,47000,40000,7000,7000
07125P,台積電元大99售22,0,0,0,0,0,0,0,0,0,7000,0,0,0,47000,40000,7000,7000
057128,台光電凱基98購03,0,0,0,0,0,0,0,0,0,6000,0,0,0,6000,0,6000,6000
05713P,大立光統一96售05,0,0,0,0,0,0,0,0,0,6000,0,0,0,6000,0,6000,6000
057054,立積元大98購03  ,0,0,0,0,0,0,0,0,0,6000,0,0,0,6000,0,6000,6000
057267,康控兆豐99購01  ,0,0,0,0,0,0,0,0,0,6000,0,0,0,6000,0,6000,6000
057022,智邦凱基98購04  ,0,0,0,0,0,0,0,0,0,6000,0,0,0,84000,78000,6000,6000
056268,新日興統一97購01,0,0,0,0,0,0,0,0,0,6000,0,0,0,6000,0,6000,6000
056233,超眾凱基97購02  ,0,0,0,0,0,0,0,0,0,6000,0,0,0,6000,0,6000,6000
056493,晶技國泰99購01  ,0,0,0,0,0,0,0,0,0,6000,0,0,0,6000,0,6000,6000
058179,國巨國泰9B購02  ,0,0,0,0,0,0,0,0,0,6000,0,0,0,6000,0,6000,6000
058397,大成鋼元大99購02,0,0,0,0,0,0,0,0,0,6000,0,0,0,83000,77000,6000,6000
058405,訊連元大99購02  ,0,0,0,0,0,0,0,0,0,6000,0,0,0,16000,10000,6000,6000
05846P,大立光元大96售07,0,0,0,0,0,0,0,0,0,6000,0,0,0,10000,4000,6000,6000
058554,瀚宇博永豐99購01,0,0,0,0,0,0,0,0,0,6000,0,0,0,6000,0,6000,6000
06195P,台積電元富97售06,0,0,0,0,0,0,0,0,0,6000,0,0,0,36000,30000,6000,6000
058774,台郡兆豐9A購01  ,0,0,0,0,0,0,0,0,0,6000,0,0,0,10000,4000,6000,6000
058831,茂林永豐99購01  ,0,0,0,0,0,0,0,0,0,6000,0,0,0,6000,0,6000,6000
058671,旺宏群益9A購01  ,0,0,0,0,0,0,0,0,0,6000,0,0,0,30000,24000,6000,6000
050604,上証2X永昌94購01,0,0,0,0,0,0,0,0,0,6000,0,0,0,6000,0,6000,6000
049694,華新科元大95購06,0,0,0,0,0,0,0,0,0,6000,0,0,0,313000,307000,6000,6000
051424,緯穎國票97購01  ,0,0,0,0,0,0,0,0,0,6000,0,0,0,9000,3000,6000,6000
049891,T50反1富邦94購02,0,0,0,0,0,0,0,0,0,6000,0,0,0,6000,0,6000,6000
04990P,臻鼎元大94售04  ,0,0,0,0,0,0,0,0,0,6000,0,0,0,6000,0,6000,6000
051419,麗豐國票96購01  ,0,0,0,0,0,0,0,0,0,6000,0,0,0,6000,0,6000,6000
050320,台表科國票94購01,0,0,0,0,0,0,0,0,0,6000,0,0,0,6000,0,6000,6000
05108P,欣興中信95售02  ,0,0,0,0,0,0,0,0,0,6000,0,0,0,6000,0,6000,6000
052181,南茂元大95購05  ,0,0,0,0,0,0,0,0,0,6000,0,0,0,6000,0,6000,6000
052180,緯穎元大96購05  ,0,0,0,0,0,0,0,0,0,6000,0,0,0,14000,8000,6000,6000
053973,晶豪科元大96購01,0,0,0,0,0,0,0,0,0,6000,0,0,0,16000,10000,6000,6000
054349,同欣電國票97購02,0,0,0,0,0,0,0,0,0,6000,0,0,0,10000,4000,6000,6000
050054,緯穎群益94購04  ,0,0,0,0,0,0,0,0,0,6000,0,0,0,6000,0,6000,6000
048723,世紀鋼永豐94購02,0,0,0,0,0,0,0,0,0,6000,0,0,0,6000,0,6000,6000
04619P,華新統一94售02  ,0,0,0,0,0,0,0,0,0,6000,0,0,0,6000,0,6000,6000
049526,緯穎兆豐95購01  ,0,0,0,0,0,0,0,0,0,6000,0,0,0,6000,0,6000,6000
05103P,臺股指凱基96售10,0,0,0,0,0,0,0,0,0,6000,0,0,0,6000,0,6000,6000
00682U,元大美元指數    ,0,0,0,0,0,0,0,0,0,6000,0,0,0,7000,1000,6000,6000
00683L,元大美元指數正2 ,0,0,0,0,0,0,0,0,0,6000,0,0,0,34000,28000,6000,6000
0055,元大MSCI金融    ,1000,2000,-1000,0,0,0,0,0,0,7000,0,0,0,9000,2000,7000,6000
03038X,元展35          ,0,0,0,0,0,0,0,0,0,6000,0,0,0,6000,0,6000,6000
04051P,友達中信94售02  ,0,0,0,0,0,0,0,0,0,6000,0,0,0,6000,0,6000,6000
052967,智邦群益96購01  ,0,0,0,0,0,0,0,0,0,6000,0,0,0,12000,6000,6000,6000
056169,鴻海元富97購08  ,0,0,0,0,0,0,0,0,0,6000,0,0,0,10000,4000,6000,6000
055818,晶相光國票97購02,0,0,0,0,0,0,0,0,0,6000,0,0,0,6000,0,6000,6000
052731,宏達電國泰98購01,0,0,0,0,0,0,0,0,0,6000,0,0,0,6000,0,6000,6000
052308,大立光國泰97購02,0,0,0,0,0,0,0,0,0,6000,0,0,0,6000,0,6000,6000
054795,合勤控群益98購01,0,0,0,0,0,0,0,0,0,6000,0,0,0,6000,0,6000,6000
05166P,中磊元富95售03  ,0,0,0,0,0,0,0,0,0,6000,0,0,0,6000,0,6000,6000
052544,牧德元富95購01  ,0,0,0,0,0,0,0,0,0,6000,0,0,0,18000,12000,6000,6000
055054,群光永豐97購01  ,0,0,0,0,0,0,0,0,0,6000,0,0,0,6000,0,6000,6000
054912,群光凱基97購01  ,0,0,0,0,0,0,0,0,0,6000,0,0,0,6000,0,6000,6000
1413,宏洲            ,6000,0,6000,0,0,0,0,0,0,0,0,0,0,0,0,0,6000
1726,永記            ,9000,3000,6000,0,0,0,0,0,0,0,0,0,0,0,0,0,6000
1529,樂士            ,0,5000,-5000,0,0,0,0,0,0,11000,11000,0,11000,0,0,0,6000
2109,華豐            ,28000,22000,6000,0,0,0,0,0,0,0,0,0,0,0,0,0,6000
2444,兆勁            ,80000,74000,6000,0,0,0,0,0,0,0,0,0,0,0,0,0,6000
06482P,台積電凱基98售13,0,0,0,0,0,0,0,0,0,6000,0,0,0,106000,100000,6000,6000
06792P,臺股指凱基98售02,0,0,0,0,0,0,0,0,0,6000,0,0,0,6000,0,6000,6000
07088P,訊芯永豐99售02  ,0,0,0,0,0,0,0,0,0,6000,0,0,0,10000,4000,6000,6000
3356,奇偶            ,53000,47000,6000,0,0,0,0,0,0,0,0,0,0,0,0,0,6000
8480,泰昇-KY         ,25000,19000,6000,0,0,0,0,0,0,0,0,0,0,0,0,0,6000
6409,旭隼            ,399500,386000,13500,0,0,0,0,0,0,-8000,0,8000,-8000,0,0,0,5500
058809,國巨統一9B購03  ,0,0,0,0,0,0,0,0,0,5000,0,0,0,25000,20000,5000,5000
058801,致伸元大99購01  ,0,0,0,0,0,0,0,0,0,5000,0,0,0,5000,0,5000,5000
05878P,創意群益98售01  ,0,0,0,0,0,0,0,0,0,5000,0,0,0,5000,0,5000,5000
058871,元油2X國票9A購06,0,0,0,0,0,0,0,0,0,5000,0,0,0,5000,0,5000,5000
058965,祥碩兆豐99購02  ,0,0,0,0,0,0,0,0,0,5000,0,0,0,5000,0,5000,5000
06153P,健策元大97售04  ,0,0,0,0,0,0,0,0,0,5000,0,0,0,47000,42000,5000,5000
058550,南亞科永豐99購01,0,0,0,0,0,0,0,0,0,5000,0,0,0,5000,0,5000,5000
058625,旺宏國票9A購01  ,0,0,0,0,0,0,0,0,0,5000,0,0,0,5000,0,5000,5000
058476,旺宏凱基9A購01  ,0,0,0,0,0,0,0,0,0,5000,0,0,0,10000,5000,5000,5000
058544,FBVIX富邦9B購01 ,0,0,0,0,0,0,0,0,0,5000,0,0,0,5000,0,5000,5000
05815P,台積電凱基97售06,0,0,0,0,0,0,0,0,0,5000,0,0,0,5000,0,5000,5000
058223,世芯統一9B購01  ,0,0,0,0,0,0,0,0,0,5000,0,0,0,5000,0,5000,5000
058260,華新科富邦9C購01,0,0,0,0,0,0,0,0,0,5000,0,0,0,5000,0,5000,5000
057892,上証2X元富02購01,0,0,0,0,0,0,0,0,0,5000,0,0,0,5000,0,5000,5000
05789P,臺股指永昌96售06,0,0,0,0,0,0,0,0,0,5000,0,0,0,45000,40000,5000,5000
058080,台積電群益98購06,0,0,0,0,0,0,0,0,0,5000,0,0,0,10000,5000,5000,5000
058084,大立光群益98購04,0,0,0,0,0,0,0,0,0,5000,0,0,0,5000,0,5000,5000
058016,智邦凱基98購06  ,0,0,0,0,0,0,0,0,0,5000,0,0,0,10000,5000,5000,5000
058031,旺宏永豐98購04  ,0,0,0,0,0,0,0,0,0,5000,0,0,0,5000,0,5000,5000
056446,聯發科凱基98購08,0,0,0,0,0,0,0,0,0,5000,0,0,0,180000,175000,5000,5000
056567,瀚宇博群益98購02,0,0,0,0,0,0,0,0,0,5000,0,0,0,5000,0,5000,5000
056586,光罩統一98購02  ,0,0,0,0,0,0,0,0,0,5000,0,0,0,5000,0,5000,5000
056596,光磊元富98購01  ,0,0,0,0,0,0,0,0,0,5000,0,0,0,30000,25000,5000,5000
05634P,玉晶光台新97售01,0,0,0,0,0,0,0,0,0,5000,0,0,0,5000,0,5000,5000
057019,台積電凱基98購14,0,0,0,0,0,0,0,0,0,5000,0,0,0,5000,0,5000,5000
056826,A50正2富邦9B購02,0,0,0,0,0,0,0,0,0,5000,0,0,0,5000,0,5000,5000
056635,亞德客日盛99購01,0,0,0,0,0,0,0,0,0,5000,0,0,0,5000,0,5000,5000
057336,聯發科國票99購01,0,0,0,0,0,0,0,0,0,5000,0,0,0,5000,0,5000,5000
057374,禾伸堂元大99購03,0,0,0,0,0,0,0,0,0,5000,0,0,0,60000,55000,5000,5000
057411,臺股指群益99購05,0,0,0,0,0,0,0,0,0,5000,0,0,0,5000,0,5000,5000
057510,泰碩統一98購02  ,0,0,0,0,0,0,0,0,0,5000,0,0,0,5000,0,5000,5000
057591,鴻海兆豐99購01  ,0,0,0,0,0,0,0,0,0,5000,0,0,0,5000,0,5000,5000
057841,茂林富邦9A購02  ,0,0,0,0,0,0,0,0,0,5000,0,0,0,10000,5000,5000,5000
03921P,亞光凱基94售01  ,0,0,0,0,0,0,0,0,0,5000,0,0,0,5000,0,5000,5000
03657C,T50反1元大99牛01,0,0,0,0,0,0,0,0,0,5000,0,0,0,5000,0,5000,5000
03786P,鴻海群益94售02  ,0,0,0,0,0,0,0,0,0,5000,0,0,0,5000,0,5000,5000
03831P,臺股指中信95售02,0,0,0,0,0,0,0,0,0,5000,0,0,0,5000,0,5000,5000
047547,友達凱基99購02  ,0,0,0,0,0,0,0,0,0,5000,0,0,0,25000,20000,5000,5000
04302P,和碩中信93售01  ,0,0,0,0,0,0,0,0,0,5000,0,0,0,5000,0,5000,5000
04198P,滬深2X群益95售04,0,0,0,0,0,0,0,0,0,5000,0,0,0,5000,0,5000,5000
00763U,街口道瓊銅      ,0,0,0,0,0,0,0,0,0,5000,0,0,0,6000,1000,5000,5000
049522,華通兆豐94購02  ,0,0,0,0,0,0,0,0,0,5000,0,0,0,10000,5000,5000,5000
05081P,京鼎永豐95售01  ,0,0,0,0,0,0,0,0,0,5000,0,0,0,5000,0,5000,5000
04826P,華新科麥證95售01,0,0,0,60000,505000,-445000,0,0,0,5000,0,0,0,565000,560000,5000,5000
049430,國巨國票95購02  ,0,0,0,0,0,0,0,0,0,5000,0,0,0,15000,10000,5000,5000
044049,元金2X元大94購03,0,0,0,0,0,0,0,0,0,5000,0,0,0,15000,10000,5000,5000
04440P,訊芯群益94售01  ,0,0,0,0,0,0,0,0,0,5000,0,0,0,5000,0,5000,5000
04653P,臺股指凱基94售12,0,0,0,0,0,0,0,0,0,5000,0,0,0,5000,0,5000,5000
04563P,可成凱基94售05  ,0,0,0,0,0,0,0,0,0,5000,0,0,0,6000,1000,5000,5000
04536P,長榮航統一94售01,0,0,0,0,0,0,0,0,0,5000,0,0,0,5000,0,5000,5000
04540P,聯詠永豐94售02  ,0,0,0,0,0,0,0,0,0,5000,0,0,0,5000,0,5000,5000
04517P,宏達電群益95售01,0,0,0,0,0,0,0,0,0,5000,0,0,0,5000,0,5000,5000
049154,玉晶光元大95購02,0,0,0,0,0,0,0,0,0,5000,0,0,0,30000,25000,5000,5000
048555,技嘉元大93購02  ,0,0,0,0,0,0,0,0,0,5000,0,0,0,5000,0,5000,5000
054372,南亞科中信96購01,0,0,0,0,0,0,0,0,0,5000,0,0,0,5000,0,5000,5000
05107P,鴻海兆豐96售02  ,0,0,0,0,0,0,0,0,0,5000,0,0,0,25000,20000,5000,5000
050202,建準群益95購01  ,0,0,0,0,0,0,0,0,0,5000,0,0,0,5000,0,5000,5000
050529,矽格元大94購05  ,0,0,0,0,0,0,0,0,0,5000,0,0,0,5000,0,5000,5000
050717,京鼎群益96購01  ,0,0,0,0,0,0,0,0,0,5000,0,0,0,5000,0,5000,5000
05075P,台積電麥證95售01,0,0,0,5000,0,5000,0,0,0,5000,0,0,0,5000,0,5000,5000
05140P,台表科國票96售01,0,0,0,0,0,0,0,0,0,5000,0,0,0,15000,10000,5000,5000
049909,國巨元大95購01  ,0,0,0,0,0,0,0,0,0,5000,0,0,0,20000,15000,5000,5000
051458,臺股指元大95購18,0,0,0,0,0,0,0,0,0,5000,0,0,0,5000,0,5000,5000
04971P,矽力元富94售02  ,0,0,0,0,0,0,0,0,0,5000,0,0,0,5000,0,5000,5000
054888,泰碩統一97購01  ,0,0,0,0,0,0,0,0,0,5000,0,0,0,20000,15000,5000,5000
055095,啟碁群益98購01  ,0,0,0,0,0,0,0,0,0,5000,0,0,0,5000,0,5000,5000
055176,大毅統一98購02  ,0,0,0,0,0,0,0,0,0,5000,0,0,0,5000,0,5000,5000
053612,T50反1群益96購01,0,0,0,0,0,0,0,0,0,5000,0,0,0,5000,0,5000,5000
055324,TPK國票98購03   ,0,0,0,0,0,0,0,0,0,5000,0,0,0,5000,0,5000,5000
052475,滬深2X群益99購06,0,0,0,0,0,0,0,0,0,5000,0,0,0,15000,10000,5000,5000
051988,台光電元大95購01,0,0,0,0,0,0,0,0,0,5000,0,0,0,10000,5000,5000,5000
052017,奇鋐永豐95購01  ,0,0,0,0,0,0,0,0,0,5000,0,0,0,5000,0,5000,5000
055261,帆宣統一98購01  ,0,0,0,0,0,0,0,0,0,5000,0,0,0,5000,0,5000,5000
053523,T50反1中信9A購01,0,0,0,0,0,0,0,0,0,5000,0,0,0,5000,0,5000,5000
054992,南亞科元富97購02,0,0,0,0,0,0,0,0,0,5000,0,0,0,5000,0,5000,5000
053476,冠德元大96購03  ,0,0,0,0,0,0,0,0,0,5000,0,0,0,5000,0,5000,5000
052373,鴻海元大95購22  ,0,0,0,0,0,0,0,0,0,5000,0,0,0,5000,0,5000,5000
052329,台積電亞東96購01,0,0,0,0,0,0,0,0,0,5000,0,0,0,165000,160000,5000,5000
052203,T50反1中信99購03,0,0,0,0,0,0,0,0,0,5000,0,0,0,5000,0,5000,5000
053442,光罩凱基96購01  ,0,0,0,0,0,0,0,0,0,5000,0,0,0,5000,0,5000,5000
053869,嘉澤元大96購02  ,0,0,0,0,0,0,0,0,0,5000,0,0,0,5000,0,5000,5000
054170,泰鼎凱基98購01  ,0,0,0,0,0,0,0,0,0,5000,0,0,0,5000,0,5000,5000
052693,微星中信96購01  ,0,0,0,0,0,0,0,0,0,5000,0,0,0,5000,0,5000,5000
052723,新唐統一97購01  ,0,0,0,0,0,0,0,0,0,5000,0,0,0,5000,0,5000,5000
052744,聯詠元大97購01  ,0,0,0,0,0,0,0,0,0,5000,0,0,0,5000,0,5000,5000
052815,滬深2X永豐97購01,0,0,0,0,0,0,0,0,0,5000,0,0,0,5000,0,5000,5000
055586,旺宏元大98購06  ,0,0,0,0,0,0,0,0,0,5000,0,0,0,5000,0,5000,5000
055589,台光電元大98購04,0,0,0,0,0,0,0,0,0,5000,0,0,0,15000,10000,5000,5000
055902,同欣電中信99購01,0,0,0,0,0,0,0,0,0,5000,0,0,0,5000,0,5000,5000
055917,禾伸堂凱基98購02,0,0,0,0,0,0,0,0,0,5000,0,0,0,5000,0,5000,5000
056032,勤誠康和97購03  ,0,0,0,0,0,0,0,0,0,5000,0,0,0,5000,0,5000,5000
056020,義隆群益97購01  ,0,0,0,0,0,0,0,0,0,5000,0,0,0,5000,0,5000,5000
056170,鴻海元富97購09  ,0,0,0,0,0,0,0,0,0,5000,0,0,0,20000,15000,5000,5000
056056,旺宏元大97購06  ,0,0,0,0,0,0,0,0,0,5000,0,0,0,10000,5000,5000,5000
056127,致新國票98購02  ,0,0,0,0,0,0,0,0,0,5000,0,0,0,5000,0,5000,5000
052985,美律元大96購02  ,0,0,0,0,0,0,0,0,0,5000,0,0,0,5000,0,5000,5000
052950,超眾國票98購01  ,0,0,0,0,0,0,0,0,0,5000,0,0,0,5000,0,5000,5000
052943,奇力新國票96購02,0,0,0,0,0,0,0,0,0,5000,0,0,0,5000,0,5000,5000
052892,大成鋼群益96購01,0,0,0,0,0,0,0,0,0,5000,0,0,0,5000,0,5000,5000
053153,大立光元大99購02,0,0,0,0,0,0,0,0,0,5000,0,0,0,190000,185000,5000,5000
051827,智邦元大95購04  ,0,0,0,0,0,0,0,0,0,5000,0,0,0,150000,145000,5000,5000
05160P,國巨國票96售03  ,0,0,0,0,0,0,0,0,0,5000,0,0,0,5000,0,5000,5000
053753,啟碁永豐96購01  ,0,0,0,0,0,0,0,0,0,5000,0,0,0,5000,0,5000,5000
07032P,聯發科統一9C售02,0,0,0,0,0,0,0,0,0,5000,0,0,0,5000,0,5000,5000
06942P,台灣50台新02售01,0,0,0,0,0,0,0,0,0,5000,0,3000,-3000,8000,0,8000,5000
06801P,技嘉群益99售02  ,0,0,0,0,0,0,0,0,0,5000,0,0,0,5000,0,5000,5000
06802P,緯穎群益98售03  ,0,0,0,0,0,0,0,0,0,5000,0,0,0,7000,2000,5000,5000
06732P,台灣50日盛9A售01,0,0,0,0,0,0,0,0,0,5000,0,0,0,5000,0,5000,5000
06476P,臺股指永豐98售01,0,0,0,0,0,0,0,0,0,5000,0,0,0,5000,0,5000,5000
06447P,上銀元大98售01  ,0,0,0,0,0,0,0,0,0,5000,0,0,0,5000,0,5000,5000
06302P,臺股指元大97售06,0,0,0,0,0,0,0,0,0,5000,0,0,0,5000,0,5000,5000
06524P,臺股指麥證98售02,0,0,0,5000,0,5000,0,0,0,5000,0,0,0,5000,0,5000,5000
06509P,鴻海群益98售03  ,0,0,0,0,0,0,0,0,0,5000,0,0,0,5000,0,5000,5000
06543P,鴻海元大98售08  ,0,0,0,0,0,0,0,0,0,5000,0,0,0,136000,131000,5000,5000
2891B,中信金乙特      ,22000,0,22000,0,0,0,0,0,0,-17000,2000,19000,-17000,0,0,0,5000
1809,中釉            ,184000,179000,5000,0,0,0,0,0,0,0,0,0,0,0,0,0,5000
1256,鮮活果汁-KY     ,42000,37250,4750,0,0,0,0,0,0,0,0,0,0,0,0,0,4750
057713,美律統一99購01  ,0,0,0,0,0,0,0,0,0,4000,0,0,0,4000,0,4000,4000
057331,台積電國票99購04,0,0,0,0,0,0,0,0,0,4000,0,0,0,60000,56000,4000,4000
057343,道瓊反統一9A購01,0,0,0,0,0,0,0,0,0,4000,0,0,0,4000,0,4000,4000
05664P,國巨凱基96售09  ,0,0,0,0,0,0,0,0,0,4000,0,0,0,8000,4000,4000,4000
05661P,聯發科統一96售06,0,0,0,0,0,0,0,0,0,4000,0,0,0,4000,0,4000,4000
056698,T50反1國泰9A購01,0,0,0,0,0,0,0,0,0,4000,0,0,0,4000,0,4000,4000
056833,和大元富9B購01  ,0,0,0,0,0,0,0,0,0,4000,0,0,0,4000,0,4000,4000
056346,聯茂凱基99購02  ,0,0,0,0,0,0,0,0,0,4000,0,0,0,69000,65000,4000,4000
058035,旭富永豐98購02  ,0,0,0,0,0,0,0,0,0,4000,0,0,0,55000,51000,4000,4000
058127,FBVIX元大9C購01 ,0,0,0,0,0,0,0,0,0,4000,0,0,0,4000,0,4000,4000
058371,智原凱基9A購01  ,0,0,0,0,0,0,0,0,0,4000,0,0,0,9000,5000,4000,4000
058429,欣興元富99購01  ,0,0,0,0,0,0,0,0,0,4000,0,0,0,40000,36000,4000,4000
06160P,台達電群益97售01,0,0,0,0,0,0,0,0,0,4000,0,0,0,12000,8000,4000,4000
06207P,聯發科凱基97售07,0,0,0,0,0,0,0,0,0,4000,0,0,0,5000,1000,4000,4000
06200P,聯發科元大97售18,0,0,0,0,0,0,0,0,0,4000,0,0,0,6000,2000,4000,4000
059013,臺股指元大9A購32,0,0,0,0,0,0,0,0,0,4000,0,0,0,50000,46000,4000,4000
058764,康友群益99購01  ,0,0,0,0,0,0,0,0,0,4000,0,0,0,4000,0,4000,4000
050184,信邦元大94購01  ,0,0,0,0,0,0,0,0,0,4000,0,0,0,14000,10000,4000,4000
050263,旺宏元大94購10  ,0,0,0,0,0,0,0,0,0,4000,0,0,0,35000,31000,4000,4000
054351,華新科國泰97購03,0,0,0,0,0,0,0,0,0,4000,0,0,0,4000,0,4000,4000
052159,瑞昱永豐95購01  ,0,0,0,0,0,0,0,0,0,4000,0,0,0,4000,0,4000,4000
04832P,為升元大94售09  ,0,0,0,0,0,0,0,0,0,4000,0,0,0,4000,0,4000,4000
049141,旺宏元大95購01  ,0,0,0,0,0,0,0,0,0,4000,0,0,0,47000,43000,4000,4000
049136,華通元大95購01  ,0,0,0,0,0,0,0,0,0,4000,0,0,0,20000,16000,4000,4000
048813,元黃金凱基94購01,0,0,0,0,0,0,0,0,0,4000,0,0,0,4000,0,4000,4000
04703P,樺漢統一95售01  ,0,0,0,0,0,0,0,0,0,4000,0,0,0,4000,0,4000,4000
046928,奇鋐富邦97購01  ,0,0,0,0,0,0,0,0,0,4000,0,0,0,4000,0,4000,4000
044645,元金2X群益93購01,0,0,0,0,0,0,0,0,0,4000,0,0,0,4000,0,4000,4000
01010T,京城樂富R1      ,4000,0,4000,0,0,0,0,0,0,0,0,0,0,0,0,0,4000
03399P,欣興中信02售03  ,0,0,0,0,0,0,0,0,0,4000,0,0,0,42000,38000,4000,4000
047813,華新科凱基93購07,0,0,0,0,0,0,0,0,0,4000,0,0,0,4000,0,4000,4000
05546P,全新元大97售01  ,0,0,0,0,0,0,0,0,0,4000,0,0,0,4000,0,4000,4000
051597,T50反1中信99購02,0,0,0,0,0,0,0,0,0,4000,0,0,0,4000,0,4000,4000
052060,旺宏國票96購02  ,0,0,0,0,0,0,0,0,0,4000,0,0,0,10000,6000,4000,4000
053791,同欣電元大96購05,0,0,0,0,0,0,0,0,0,4000,0,0,0,4000,0,4000,4000
055986,祥碩元富97購01  ,0,0,0,0,0,0,0,0,0,4000,0,0,0,17000,13000,4000,4000
055621,國巨國泰98購03  ,0,0,0,0,0,0,0,0,0,4000,0,0,0,4000,0,4000,4000
052784,緯穎國票97購02  ,0,0,0,0,0,0,0,0,0,4000,0,0,0,4000,0,4000,4000
05298P,上銀元大95售03  ,0,0,0,0,0,0,0,0,0,4000,0,0,0,5000,1000,4000,4000
054232,台積電群益96購12,0,0,0,0,0,0,0,0,0,4000,0,0,0,4000,0,4000,4000
054458,復盛群益96購01  ,0,0,0,0,0,0,0,0,0,4000,0,0,0,4000,0,4000,4000
051668,智邦元大95購02  ,0,0,0,0,0,0,0,0,0,4000,0,0,0,120000,116000,4000,4000
051665,台積電元大96購07,0,0,0,0,0,0,0,0,0,4000,0,0,0,5000,1000,4000,4000
052452,茂林元大95購03  ,0,0,0,0,0,0,0,0,0,4000,0,0,0,66000,62000,4000,4000
055339,緯穎兆豐98購01  ,0,0,0,0,0,0,0,0,0,4000,0,0,0,6000,2000,4000,4000
055097,福懋科群益97購01,0,0,0,0,0,0,0,0,0,4000,0,0,0,4000,0,4000,4000
054937,國巨元大97購03  ,0,0,0,0,0,0,0,0,0,4000,0,0,0,9000,5000,4000,4000
1592,英瑞-KY         ,67000,63000,4000,0,0,0,0,0,0,0,0,0,0,0,0,0,4000
2936,客思達-KY       ,5000,0,5000,0,0,0,0,0,0,-1000,0,1000,-1000,0,0,0,4000
06696P,台灣50國票99售01,0,0,0,0,0,0,0,0,0,4000,0,0,0,4000,0,4000,4000
06745P,台積電群益98售05,0,0,0,0,0,0,0,0,0,4000,0,0,0,4000,0,4000,4000
06842P,臺股指統一9A售03,0,0,0,0,0,0,0,0,0,4000,0,0,0,4000,0,4000,4000
06991P,矽創群益99售01  ,0,0,0,0,0,0,0,0,0,4000,0,0,0,4000,0,4000,4000
07017P,台灣50元富9B售02,0,0,0,0,0,0,0,0,0,4000,0,0,0,23000,19000,4000,4000
07064P,臺股指元大9A售25,0,0,0,0,0,0,0,0,0,4000,0,0,0,466000,462000,4000,4000
4994,傳奇            ,153000,122000,31000,0,0,0,0,0,0,-27000,1000,25000,-24000,0,3000,-3000,4000
3296,勝德            ,1000,0,1000,0,0,0,0,0,0,3000,3000,0,3000,0,0,0,4000
4571,鈞興-KY         ,4000,1000,3000,0,0,0,0,0,0,1000,1000,0,1000,0,0,0,4000
05874P,台積電群益96售10,0,0,0,0,0,0,0,0,0,3000,0,0,0,3000,0,3000,3000
058798,大立光元大99購11,0,0,0,0,0,0,0,0,0,3000,0,0,0,51000,48000,3000,3000
058746,華通凱基9A購02  ,0,0,0,0,0,0,0,0,0,3000,0,0,0,3000,0,3000,3000
058989,茂林凱基99購02  ,0,0,0,0,0,0,0,0,0,3000,0,0,0,5000,2000,3000,3000
06184P,大立光元大97售06,0,0,0,0,0,0,0,0,0,3000,0,0,0,25000,22000,3000,3000
06078P,臺股指凱基9A售01,0,0,0,0,0,0,0,0,0,3000,0,0,0,8000,5000,3000,3000
05788P,臺股指永昌96售05,0,0,0,0,0,0,0,0,0,3000,0,0,0,34000,31000,3000,3000
056370,台郡元大98購03  ,0,0,0,0,0,0,0,0,0,3000,0,0,0,3000,0,3000,3000
05671P,友達國泰97售03  ,0,0,0,0,0,0,0,0,0,3000,0,0,0,3000,0,3000,3000
057327,玉晶光群益9A購04,0,0,0,0,0,0,0,0,0,3000,0,0,0,3000,0,3000,3000
057398,台郡中信99購01  ,0,0,0,0,0,0,0,0,0,3000,0,0,0,5000,2000,3000,3000
057473,T50反1元大98購08,0,0,0,0,0,0,0,0,0,3000,0,0,0,6000,3000,3000,3000
057777,可成群益9A購03  ,0,0,0,0,0,0,0,0,0,3000,0,0,0,3000,0,3000,3000
05775P,台積電國泰98售02,0,0,0,0,0,0,0,0,0,3000,0,0,0,3000,0,3000,3000
057817,景碩元大98購01  ,0,0,0,0,0,0,0,0,0,3000,0,0,0,13000,10000,3000,3000
057585,鴻海國票99購05  ,0,0,0,0,0,0,0,0,0,3000,0,0,0,3000,0,3000,3000
05748P,臺股指群益99售02,0,0,0,0,0,0,0,0,0,3000,0,0,0,3000,0,3000,3000
04776P,聯發科凱基94售06,0,0,0,0,0,0,0,0,0,3000,0,0,0,3000,0,3000,3000
03810P,大立光富邦98售01,0,0,0,0,0,0,0,0,0,3000,0,0,0,3000,0,3000,3000
04230P,臺股指中信95售06,0,0,0,0,0,0,0,0,0,3000,0,0,0,3000,0,3000,3000
00775B,新光投等債15+   ,0,0,0,0,0,0,0,0,0,3000,0,0,0,5000,2000,3000,3000
0053,元大電子        ,0,0,0,0,0,0,0,0,0,3000,0,0,0,14000,11000,3000,3000
048220,鴻海凱基93購35  ,0,0,0,0,0,0,0,0,0,3000,0,0,0,3000,0,3000,3000
049478,祥碩永豐94購02  ,0,0,0,0,0,0,0,0,0,3000,0,0,0,3000,0,3000,3000
049447,聯電統一94購01  ,0,0,0,0,0,0,0,0,0,3000,0,0,0,3000,0,3000,3000
04504P,台積電元富94售04,0,0,0,0,0,0,0,0,0,3000,0,0,0,3000,0,3000,3000
04682P,臺股指統一96售01,0,0,0,0,0,0,0,0,0,3000,0,0,0,3000,0,3000,3000
049198,聯鈞永豐94購01  ,0,0,0,0,0,0,0,0,0,3000,0,0,0,3000,0,3000,3000
054332,世芯永豐97購01  ,0,0,0,0,0,0,0,0,0,3000,0,0,0,3000,0,3000,3000
054350,美律國泰98購01  ,0,0,0,0,0,0,0,0,0,3000,0,0,0,3000,0,3000,3000
054380,世芯群益97購02  ,0,0,0,0,0,0,0,0,0,3000,0,0,0,3000,0,3000,3000
051099,台郡元大95購03  ,0,0,0,0,0,0,0,0,0,3000,0,0,0,3000,0,3000,3000
050134,世紀鋼凱基94購04,0,0,0,0,0,0,0,0,0,3000,0,0,0,3000,0,3000,3000
05022P,智易凱基95售01  ,0,0,0,0,0,0,0,0,0,3000,0,0,0,12000,9000,3000,3000
04964P,鴻海元大94售26  ,0,0,0,0,0,0,0,0,0,3000,0,0,0,16000,13000,3000,3000
04863P,技嘉元大94售02  ,0,0,0,0,0,0,0,0,0,3000,0,0,0,13000,10000,3000,3000
049898,緯穎統一95購01  ,0,0,0,0,0,0,0,0,0,3000,0,0,0,3000,0,3000,3000
054891,聯鈞統一99購02  ,0,0,0,0,0,0,0,0,0,3000,0,0,0,5000,2000,3000,3000
055129,鈺齊兆豐97購01  ,0,0,0,0,0,0,0,0,0,3000,0,0,0,3000,0,3000,3000
055178,晶豪科統一97購01,0,0,0,0,0,0,0,0,0,3000,0,0,0,3000,0,3000,3000
055211,A50反1凱基9A購01,0,0,0,0,0,0,0,0,0,3000,0,0,0,428000,425000,3000,3000
054420,緯穎元大96購08  ,0,0,0,0,0,0,0,0,0,3000,0,0,0,52000,49000,3000,3000
052311,台積電富邦95購09,0,0,0,0,0,0,0,0,0,3000,0,0,0,23000,20000,3000,3000
055530,聯發科群益98購01,0,0,0,0,0,0,0,0,0,3000,0,0,0,3000,0,3000,3000
055795,茂林國泰98購01  ,0,0,0,0,0,0,0,0,0,3000,0,0,0,3000,0,3000,3000
056161,康控凱基98購02  ,0,0,0,0,0,0,0,0,0,3000,0,0,0,3000,0,3000,3000
056145,緯穎元大98購03  ,0,0,0,0,0,0,0,0,0,3000,0,0,0,16000,13000,3000,3000
05290P,國巨永豐95售04  ,0,0,0,0,0,0,0,0,0,3000,0,0,0,3000,0,3000,3000
052910,鴻海統一96購10  ,0,0,0,0,0,0,0,0,0,3000,0,0,0,4000,1000,3000,3000
053155,晶技元大97購02  ,0,0,0,0,0,0,0,0,0,3000,0,0,0,23000,20000,3000,3000
053168,晶技群益98購01  ,0,0,0,0,0,0,0,0,0,3000,0,0,0,21000,18000,3000,3000
4438,廣越            ,11000,9000,2000,0,0,0,0,0,0,1000,2000,1000,1000,0,0,0,3000
4141,龍燈-KY         ,26000,23000,3000,0,0,0,0,0,0,0,0,0,0,0,0,0,3000
07070P,晶相光元富99售01,0,0,0,0,0,0,0,0,0,3000,0,0,0,23000,20000,3000,3000
06742P,可成富邦99售02  ,0,0,0,0,0,0,0,0,0,3000,0,0,0,3000,0,3000,3000
06867P,訊芯元大98售08  ,0,0,0,0,0,0,0,0,0,3000,0,0,0,105000,102000,3000,3000
06632P,創意群益98售03  ,0,0,0,0,0,0,0,0,0,3000,0,0,0,3000,0,3000,3000
06546P,聯發科元大98售05,0,0,0,0,0,0,0,0,0,3000,0,0,0,43000,40000,3000,3000
06618P,智邦元大98售04  ,0,0,0,0,0,0,0,0,0,3000,0,0,0,16000,13000,3000,3000
06619P,聯發科元大98售06,0,0,0,0,0,0,0,0,0,3000,0,0,0,50000,47000,3000,3000
06350P,臺股指台新99售02,0,0,0,0,0,0,0,0,0,3000,0,0,0,3000,0,3000,3000
1817,凱撒衛          ,20000,15000,5000,0,0,0,0,0,0,-2000,0,2000,-2000,0,0,0,3000
2002A,中鋼特          ,0,0,0,0,0,0,0,0,0,3000,6000,3000,3000,0,0,0,3000
1437,勤益控          ,58000,51000,7000,0,0,0,0,0,0,-4000,0,4000,-4000,0,0,0,3000
057633,緯穎永豐98購02  ,0,0,0,0,0,0,0,0,0,2000,0,0,0,2000,0,2000,2000
057396,健鼎中信99購01  ,0,0,0,0,0,0,0,0,0,2000,0,0,0,2000,0,2000,2000
057058,祥碩元大98購04  ,0,0,0,0,0,0,0,0,0,2000,0,0,0,154000,152000,2000,2000
057245,福懋科台新98購01,0,0,0,0,0,0,0,0,0,2000,0,0,0,2000,0,2000,2000
056763,國巨元大99購02  ,0,0,0,0,0,0,0,0,0,2000,0,0,0,32000,30000,2000,2000
05694P,台積電凱基96售09,0,0,0,0,0,0,0,0,0,2000,0,0,0,2000,0,2000,2000
056856,華通群益9A購01  ,0,0,0,0,0,0,0,0,0,2000,0,0,0,7000,5000,2000,2000
05686P,臺股指元大96售11,0,0,0,0,0,0,0,0,0,2000,0,0,0,2000,0,2000,2000
056275,國巨國泰98購04  ,0,0,0,0,0,0,0,0,0,2000,0,0,0,2000,0,2000,2000
057955,技嘉元大98購07  ,0,0,0,0,0,0,0,0,0,2000,0,0,0,2000,0,2000,2000
057972,群創富邦9C購01  ,0,0,0,0,0,0,0,0,0,2000,0,0,0,2000,0,2000,2000
058428,大立光元富99購02,0,0,0,0,0,0,0,0,0,2000,0,0,0,10000,8000,2000,2000
058364,奇力新凱基99購04,0,0,0,0,0,0,0,0,0,2000,0,0,0,4000,2000,2000,2000
05853P,欣興群益96售05  ,0,0,0,0,0,0,0,0,0,2000,0,0,0,2000,0,2000,2000
058558,鴻海日盛9A購02  ,0,0,0,0,0,0,0,0,0,2000,0,0,0,64000,62000,2000,2000
06113P,台積電群益97售01,0,0,0,0,0,0,0,0,0,2000,0,0,0,2000,0,2000,2000
06119P,大立光凱基98售04,0,0,0,0,0,0,0,0,0,2000,0,0,0,2000,0,2000,2000
06092P,嘉聯益統一97售01,0,0,0,0,0,0,0,0,0,2000,0,0,0,2000,0,2000,2000
06181P,國巨中信97售02  ,0,0,0,0,0,0,0,0,0,2000,0,0,0,2000,0,2000,2000
05959P,聯發科國票98售01,0,0,0,0,0,0,0,0,0,2000,0,0,0,2000,0,2000,2000
05915P,聯發科元大96售19,0,0,0,0,0,0,0,0,0,2000,0,0,0,3000,1000,2000,2000
05933P,鴻海凱基97售03  ,0,0,0,0,0,0,0,0,0,2000,0,0,0,2000,0,2000,2000
058700,鴻海元大99購15  ,0,0,0,0,0,0,0,0,0,2000,0,0,0,106000,104000,2000,2000
058776,台積電國票9A購03,0,0,0,0,0,0,0,0,0,2000,0,0,0,21000,19000,2000,2000
049934,緯穎元大94購08  ,0,0,0,0,0,0,0,0,0,2000,0,0,0,13000,11000,2000,2000
051450,世芯元大95購02  ,0,0,0,0,0,0,0,0,0,2000,0,0,0,17000,15000,2000,2000
050624,鈺齊元大94購01  ,0,0,0,0,0,0,0,0,0,2000,0,0,0,2000,0,2000,2000
050214,嘉晶台新94購01  ,0,0,0,0,0,0,0,0,0,2000,0,0,0,2000,0,2000,2000
050500,台積電凱基94購36,0,0,0,0,0,0,0,0,0,2000,0,0,0,2000,0,2000,2000
051081,聯茂富邦96購01  ,0,0,0,0,0,0,0,0,0,2000,0,0,0,2000,0,2000,2000
051053,台光電群益95購01,0,0,0,0,0,0,0,0,0,2000,0,0,0,2000,0,2000,2000
05028P,康控永豐95售02  ,0,0,0,0,0,0,0,0,0,2000,0,0,0,2000,0,2000,2000
05035P,聯發科元大95售06,0,0,0,0,0,0,0,0,0,2000,0,0,0,2000,0,2000,2000
05454P,奇鋐群益95售04  ,0,0,0,0,0,0,0,0,0,2000,0,0,0,3000,1000,2000,2000
053288,臺股指元大96購16,0,0,0,0,0,0,0,0,0,2000,0,0,0,2000,0,2000,2000
052107,台積電統一95購06,0,0,0,0,0,0,0,0,0,2000,0,0,0,12000,10000,2000,2000
05005P,台表科統一95售01,0,0,0,0,0,0,0,0,0,2000,0,0,0,2000,0,2000,2000
049246,大成鋼元大94購02,0,0,0,0,0,0,0,0,0,2000,0,0,0,2000,0,2000,2000
048379,台郡元富96購01  ,0,0,0,0,0,0,0,0,0,2000,0,0,0,10000,8000,2000,2000
048412,台勝科亞東93購01,0,0,0,0,0,0,0,0,0,2000,0,0,0,2000,0,2000,2000
045996,南電富邦94購01  ,0,0,0,0,0,0,0,0,0,2000,0,0,0,2000,0,2000,2000
049408,旺宏日盛94購01  ,0,0,0,0,0,0,0,0,0,2000,0,0,0,2000,0,2000,2000
044105,聯詠中信95購01  ,0,0,0,0,0,0,0,0,0,2000,0,0,0,2000,0,2000,2000
04396P,玉晶光群益94售02,0,0,0,0,0,0,0,0,0,2000,0,0,0,2000,0,2000,2000
04465P,大立光元富94售03,0,0,0,0,0,0,0,0,0,2000,0,0,0,2000,0,2000,2000
050850,訊連國票96購01  ,0,0,0,0,0,0,0,0,0,2000,0,0,0,7000,5000,2000,2000
050869,健策永豐95購01  ,0,0,0,0,0,0,0,0,0,2000,0,0,0,2000,0,2000,2000
049611,緯穎兆豐95購02  ,0,0,0,0,0,0,0,0,0,2000,0,0,0,12000,10000,2000,2000
042793,台積電台新9C購01,0,0,0,0,0,0,0,0,0,2000,0,0,0,66000,64000,2000,2000
03388P,元油2X元富98售02,0,0,0,0,0,0,0,0,0,2000,0,0,0,2000,0,2000,2000
03064X,元展59          ,0,0,0,0,0,0,0,0,0,2000,0,0,0,5000,3000,2000,2000
03016X,元展16          ,0,0,0,0,0,0,0,0,0,2000,0,0,0,2000,0,2000,2000
04084P,台表科統一93售01,0,0,0,0,0,0,0,0,0,2000,0,0,0,2000,0,2000,2000
03561P,台灣50群益02售12,0,0,0,0,0,0,0,0,0,2000,0,0,0,2000,0,2000,2000
053167,欣興群益96購03  ,0,0,0,0,0,0,0,0,0,2000,0,0,0,9000,7000,2000,2000
052912,日月光統一96購01,0,0,0,0,0,0,0,0,0,2000,0,0,0,2000,0,2000,2000
052839,上海銀國泰97購01,0,0,0,0,0,0,0,0,0,2000,0,0,0,2000,0,2000,2000
05282P,可成元大95售09  ,0,0,0,0,0,0,0,0,0,2000,0,0,0,2000,0,2000,2000
051619,智邦凱基95購07  ,0,0,0,0,0,0,0,0,0,2000,0,0,0,2000,0,2000,2000
053765,智邦富邦96購01  ,0,0,0,0,0,0,0,0,0,2000,0,0,0,2000,0,2000,2000
05604P,聯發科元大96售10,0,0,0,0,0,0,0,0,0,2000,0,0,0,2000,0,2000,2000
05606P,TPK國票97售02   ,0,0,0,0,0,0,0,0,0,2000,0,0,0,2000,0,2000,2000
056171,鴻海元富97購10  ,0,0,0,0,0,0,0,0,0,2000,0,0,0,22000,20000,2000,2000
056212,台光電國票98購03,0,0,0,0,0,0,0,0,0,2000,0,0,0,2000,0,2000,2000
05586P,臺股指凱基96售15,0,0,0,0,0,0,0,0,0,2000,0,0,0,2000,0,2000,2000
056006,義隆亞東97購01  ,0,0,0,0,0,0,0,0,0,2000,0,0,0,2000,0,2000,2000
055534,晶技群益97購03  ,0,0,0,0,0,0,0,0,0,2000,0,0,0,2000,0,2000,2000
055707,聯鈞永豐98購01  ,0,0,0,0,0,0,0,0,0,2000,0,0,0,2000,0,2000,2000
052734,台表科國泰98購02,0,0,0,0,0,0,0,0,0,2000,0,0,0,2000,0,2000,2000
054331,世芯永豐96購03  ,0,0,0,0,0,0,0,0,0,2000,0,0,0,2000,0,2000,2000
054301,楠梓電凱基98購01,0,0,0,0,0,0,0,0,0,2000,0,0,0,2000,0,2000,2000
054106,元油反凱基9C購01,0,0,0,0,0,0,0,0,0,2000,0,0,0,2000,0,2000,2000
055288,日電貿元大97購02,0,0,0,0,0,0,0,0,0,2000,0,0,0,9000,7000,2000,2000
055229,大毅國票97購02  ,0,0,0,0,0,0,0,0,0,2000,0,0,0,10000,8000,2000,2000
05497P,聯詠統一96售01  ,0,0,0,0,0,0,0,0,0,2000,0,0,0,2000,0,2000,2000
055039,神達富邦99購01  ,0,0,0,0,0,0,0,0,0,2000,0,0,0,2000,0,2000,2000
055364,矽創凱基97購03  ,0,0,0,0,0,0,0,0,0,2000,0,0,0,2000,0,2000,2000
05358P,大立光元大95售09,0,0,0,0,0,0,0,0,0,2000,0,0,0,470000,468000,2000,2000
052515,矽力凱基95購02  ,0,0,0,0,0,0,0,0,0,2000,0,0,0,2000,0,2000,2000
05173P,臺股指元大95售17,0,0,0,0,0,0,0,0,0,2000,0,0,0,2000,0,2000,2000
2539,櫻花建          ,9000,7000,2000,0,0,0,0,0,0,0,0,0,0,0,0,0,2000
2722,夏都            ,2000,0,2000,0,0,0,0,0,0,0,0,0,0,0,0,0,2000
06351P,臺股指台新99售03,0,0,0,0,0,0,0,0,0,2000,0,0,0,2000,0,2000,2000
06320P,上銀統一97售04  ,0,0,0,0,0,0,0,0,0,2000,0,0,0,2000,0,2000,2000
06483P,聯發科凱基98售10,0,0,0,0,0,0,0,0,0,2000,0,0,0,2000,0,2000,2000
06610P,台積電凱基9A售03,0,0,0,0,0,0,0,0,0,2000,0,0,0,8000,6000,2000,2000
06876P,台灣50兆豐9B售01,0,0,0,0,0,0,0,0,0,2000,0,2000,-2000,34000,30000,4000,2000
06900P,FBVIX國票12售01 ,0,0,0,0,0,0,0,0,0,2000,0,0,0,2000,0,2000,2000
06920P,台灣50凱基9A售01,0,0,0,0,0,0,0,0,0,2000,0,0,0,84000,82000,2000,2000
06939P,國巨永豐98售09  ,0,0,0,0,0,0,0,0,0,2000,0,0,0,2000,0,2000,2000
3346,麗清            ,23000,21000,2000,0,0,0,0,0,0,0,0,0,0,0,0,0,2000
6431,光麗-KY         ,2000,0,2000,0,0,0,0,0,0,0,0,0,0,0,0,0,2000
05880P,創意康和96售01  ,0,0,0,0,0,0,0,0,0,1000,0,0,0,6000,5000,1000,1000
058637,晶技兆豐99購01  ,0,0,0,0,0,0,0,0,0,1000,0,0,0,1000,0,1000,1000
058994,道瓊指元大99購01,0,0,0,0,0,0,0,0,0,1000,0,0,0,7000,6000,1000,1000
059015,華通元富99購02  ,0,0,0,0,0,0,0,0,0,1000,0,0,0,1000,0,1000,1000
05903P,聯發科統一96售09,0,0,0,0,0,0,0,0,0,1000,0,0,0,1000,0,1000,1000
05930P,景碩康和96售01  ,0,0,0,0,0,0,0,0,0,1000,0,0,0,1000,0,1000,1000
05972P,瑞昱元大96售01  ,0,0,0,0,0,0,0,0,0,1000,0,0,0,16000,15000,1000,1000
05991P,聯茂群益96售05  ,0,0,0,0,0,0,0,0,0,1000,0,0,0,1000,0,1000,1000
05982P,漢唐國票96售03  ,0,0,0,0,0,0,0,0,0,1000,0,0,0,1000,0,1000,1000
06055P,華通凱基97售04  ,0,0,0,0,0,0,0,0,0,1000,0,0,0,1000,0,1000,1000
06056P,台積電凱基98售02,0,0,0,0,0,0,0,0,0,1000,0,0,0,15000,14000,1000,1000
06065P,大立光台新97售01,0,0,0,0,0,0,0,0,0,1000,0,0,0,1000,0,1000,1000
06178P,大立光第一99售01,0,0,0,0,0,0,0,0,0,1000,0,0,0,1000,0,1000,1000
06179P,國巨群益97售04  ,0,0,0,0,0,0,0,0,0,1000,0,0,0,1000,0,1000,1000
06106P,國巨群益97售02  ,0,0,0,0,0,0,0,0,0,1000,0,0,0,1000,0,1000,1000
06110P,國巨國泰98售02  ,0,0,0,0,0,0,0,0,0,1000,0,0,0,1000,0,1000,1000
058618,南電元大99購02  ,0,0,0,0,0,0,0,0,0,1000,0,0,0,88000,87000,1000,1000
05845P,大立光元大96售06,0,0,0,0,0,0,0,0,0,1000,0,0,0,10000,9000,1000,1000
058345,台光電群益99購03,0,0,0,0,0,0,0,0,0,1000,0,0,0,1000,0,1000,1000
057890,滬深反統一98購01,0,0,0,0,0,0,0,0,0,1000,0,0,0,1000,0,1000,1000
058091,欣興元大99購03  ,0,0,0,0,0,0,0,0,0,1000,0,0,0,2000,1000,1000,1000
058133,華新科元大9A購02,0,0,0,0,0,0,0,0,0,1000,0,0,0,1000,0,1000,1000
058165,FBVIX凱基9C購01 ,0,0,0,0,0,0,0,0,0,1000,0,0,0,1000,0,1000,1000
05626P,景碩國票97售03  ,0,0,0,0,0,0,0,0,0,1000,0,0,0,1000,0,1000,1000
056850,彩晶元富99購01  ,0,0,0,0,0,0,0,0,0,1000,0,0,0,1000,0,1000,1000
05703P,矽力群益96售03  ,0,0,0,0,0,0,0,0,0,1000,0,0,0,1000,0,1000,1000
057052,華擎元大98購01  ,0,0,0,0,0,0,0,0,0,1000,0,0,0,1000,0,1000,1000
057084,立積統一9B購01  ,0,0,0,0,0,0,0,0,0,1000,0,0,0,1000,0,1000,1000
05740P,宏達電元富96售01,0,0,0,0,0,0,0,0,0,1000,0,0,0,8000,7000,1000,1000
057392,福懋科永豐98購01,0,0,0,0,0,0,0,0,0,1000,0,0,0,10000,9000,1000,1000
05729P,臺股指凱基97售02,0,0,0,0,0,0,0,0,0,1000,0,0,0,10000,9000,1000,1000
057665,技嘉元大99購01  ,0,0,0,0,0,0,0,0,0,1000,0,0,0,1000,0,1000,1000
057589,超眾國票9A購01  ,0,0,0,0,0,0,0,0,0,1000,0,0,0,1000,0,1000,1000
03566P,臺股指日盛03售01,0,0,0,0,0,0,0,0,0,1000,0,0,0,1000,0,1000,1000
03603P,群創凱基98售04  ,0,0,0,0,0,0,0,0,0,1000,0,0,0,1000,0,1000,1000
03427B,臺股指元大9A熊02,0,0,0,0,0,0,0,0,0,1000,0,0,0,1000,0,1000,1000
04110P,臺股指富邦93售03,0,0,0,0,0,0,0,0,0,1000,0,0,0,1000,0,1000,1000
04746P,臺股指元大94售17,0,0,0,0,0,0,0,0,0,1000,0,0,0,1000,0,1000,1000
03094X,大立光元大68展08,1000,0,1000,0,0,0,0,0,0,0,0,0,0,4000,4000,0,1000
04274P,滬深2X凱基94售01,0,0,0,0,0,0,0,0,0,1000,0,0,0,1000,0,1000,1000
04172P,大立光凱基93售34,0,0,0,0,0,0,0,0,0,1000,0,0,0,62000,61000,1000,1000
03010X,元展10          ,0,0,0,0,0,0,0,0,0,1000,0,0,0,2000,1000,1000,1000
00736,國泰新興市場    ,0,10000,-10000,0,0,0,0,0,0,11000,0,0,0,116000,105000,11000,1000
051026,健策統一96購01  ,0,0,0,0,0,0,0,0,0,1000,0,0,0,1000,0,1000,1000
050870,旭富永豐95購01  ,0,0,0,0,0,0,0,0,0,1000,0,0,0,1000,0,1000,1000
050813,旺宏凱基96購01  ,0,0,0,0,0,0,0,0,0,1000,0,0,0,1000,0,1000,1000
04455P,台積電統一94售07,0,0,0,0,0,0,0,0,0,1000,0,0,0,1000,0,1000,1000
044183,S&P反1國泰93購01,0,0,0,0,0,0,0,0,0,1000,0,0,0,1000,0,1000,1000
04584P,楠梓電永豐94售01,0,0,0,0,0,0,0,0,0,1000,0,0,0,1000,0,1000,1000
046791,台郡統一96購01  ,0,0,0,0,0,0,0,0,0,1000,0,0,0,1000,0,1000,1000
04639P,臺股指群益94售14,0,0,0,0,0,0,0,0,0,1000,0,0,0,1000,0,1000,1000
046159,群創群益98購04  ,0,0,0,0,0,0,0,0,0,1000,0,0,0,1000,0,1000,1000
046375,友達凱基98購01  ,0,0,0,0,0,0,0,0,0,1000,0,0,0,3000,2000,1000,1000
048106,臺指反群益93購02,0,0,0,0,0,0,0,0,0,1000,0,0,0,1000,0,1000,1000
047051,可成國票94購01  ,0,0,0,0,0,0,0,0,0,1000,0,0,0,1000,0,1000,1000
048393,台光電國票93購02,0,0,0,0,0,0,0,0,0,1000,0,0,0,1000,0,1000,1000
048382,T50反1國票96購01,0,0,0,0,0,0,0,0,0,1000,0,0,0,1000,0,1000,1000
04876P,台光電中信94售02,0,0,0,0,0,0,0,0,0,1000,0,0,0,1000,0,1000,1000
049117,矽格統一96購01  ,0,0,0,0,0,0,0,0,0,1000,0,0,0,1000,0,1000,1000
049082,晶豪科凱基94購01,0,0,0,0,0,0,0,0,0,1000,0,0,0,1000,0,1000,1000
05212P,台積電國票96售04,0,0,0,0,0,0,0,0,0,1000,0,0,0,1000,0,1000,1000
053289,臺股指元大96購17,0,0,0,0,0,0,0,0,0,1000,0,0,0,1000,0,1000,1000
053990,晶技兆豐96購01  ,0,0,0,0,0,0,0,0,0,1000,0,0,0,1000,0,1000,1000
054577,世芯元大98購01  ,0,0,0,0,0,0,0,0,0,1000,0,0,0,1000,0,1000,1000
053995,奇力新群益97購02,0,0,0,0,0,0,0,0,0,1000,0,0,0,4000,3000,1000,1000
05034P,台積電元大95售08,0,0,0,0,0,0,0,0,0,1000,0,0,0,456000,455000,1000,1000
050456,聯茂元大94購09  ,0,0,0,0,0,0,0,0,0,1000,0,0,0,1000,0,1000,1000
05062P,大立光富邦98售03,0,0,0,0,0,0,0,0,0,1000,0,0,0,1000,0,1000,1000
05127P,鴻海亞東96售01  ,0,0,0,0,0,0,0,0,0,1000,0,0,0,171000,170000,1000,1000
049678,臺股指國票94購11,0,0,0,0,0,0,0,0,0,1000,0,0,0,1000,0,1000,1000
051459,臺股指元大95購19,0,0,0,0,0,0,0,0,0,1000,0,0,0,1000,0,1000,1000
04862P,台積電元大94售26,0,0,0,0,0,0,0,0,0,1000,0,0,0,12000,11000,1000,1000
051412,奇力新國票96購01,0,0,0,0,0,0,0,0,0,1000,0,0,0,37000,36000,1000,1000
049892,國巨富邦96購01  ,0,0,0,0,0,0,0,0,0,1000,0,0,0,1000,0,1000,1000
051918,聯茂元大95購01  ,0,0,0,0,0,0,0,0,0,1000,0,0,0,67000,66000,1000,1000
05365P,臺股指富邦95售05,0,0,0,0,0,0,0,0,0,1000,0,0,0,1000,0,1000,1000
053637,強茂永豐96購01  ,0,0,0,0,0,0,0,0,0,1000,0,0,0,1000,0,1000,1000
054933,南港元大97購01  ,0,0,0,0,0,0,0,0,0,1000,0,0,0,1000,0,1000,1000
05466P,旺宏富邦97售01  ,0,0,0,0,0,0,0,0,0,1000,0,0,0,1000,0,1000,1000
054271,中石化中信99購01,0,0,0,0,0,0,0,0,0,1000,0,0,0,1000,0,1000,1000
052192,SP黃豆元富95購04,0,0,0,0,0,0,0,0,0,1000,0,0,0,63000,62000,1000,1000
052278,國巨凱基95購06  ,0,0,0,0,0,0,0,0,0,1000,0,0,0,1000,0,1000,1000
05228P,大立光元富95售09,0,0,0,0,0,0,0,0,0,1000,0,0,0,1000,0,1000,1000
05571P,大立光統一96售03,0,0,0,0,0,0,0,0,0,1000,0,0,0,1000,0,1000,1000
055657,超眾元富97購02  ,0,0,0,0,0,0,0,0,0,1000,0,0,0,1000,0,1000,1000
055940,致新群益98購01  ,0,0,0,0,0,0,0,0,0,1000,0,0,0,1000,0,1000,1000
055796,南電國泰98購01  ,0,0,0,0,0,0,0,0,0,1000,0,0,0,1000,0,1000,1000
055776,宏達電凱基98購02,0,0,0,0,0,0,0,0,0,1000,0,0,0,1000,0,1000,1000
05614P,臺股指康和96售03,0,0,0,0,0,0,0,0,0,1000,0,0,0,1000,0,1000,1000
056107,智易永豐97購02  ,0,0,0,0,0,0,0,0,0,1000,0,0,0,1000,0,1000,1000
05370P,矽創元富95售01  ,0,0,0,0,0,0,0,0,0,1000,0,0,0,59000,58000,1000,1000
055449,超眾統一9A購01  ,0,0,0,0,0,0,0,0,0,1000,0,0,0,1000,0,1000,1000
051608,新日興群益96購01,0,0,0,0,0,0,0,0,0,1000,0,0,0,5000,4000,1000,1000
052062,臺股指國票95購09,0,0,0,0,0,0,0,0,0,1000,0,0,0,1000,0,1000,1000
053807,T50反1群益96購02,0,0,0,0,0,0,0,0,0,1000,0,0,0,1000,0,1000,1000
053227,晶技台新96購01  ,0,0,0,0,0,0,0,0,0,1000,0,0,0,1000,0,1000,1000
053137,旺宏富邦98購01  ,0,0,0,0,0,0,0,0,0,1000,0,0,0,2000,1000,1000,1000
6674,鋐寶科技        ,6000,5000,1000,0,0,0,0,0,0,0,2000,2000,0,0,0,0,1000
6573,虹揚-KY         ,7000,6000,1000,0,0,0,0,0,0,0,0,0,0,0,0,0,1000
5538,東明-KY         ,1000,0,1000,0,0,0,0,0,0,0,0,0,0,0,0,0,1000
3686,達能            ,4000,3000,1000,0,0,0,0,0,0,0,0,0,0,0,0,0,1000
3536,誠創            ,0,0,0,0,0,0,0,0,0,1000,1000,0,1000,0,0,0,1000
4164,承業醫          ,100000,99000,1000,0,0,0,0,1000,-1000,1000,5000,4000,1000,0,0,0,1000
4562,穎漢            ,3000,2000,1000,0,0,0,0,0,0,0,0,0,0,0,0,0,1000
8481,政伸            ,1000,0,1000,0,0,0,0,0,0,0,0,0,0,0,0,0,1000
8442,威宏-KY         ,4000,3000,1000,0,0,0,0,0,0,0,0,0,0,0,0,0,1000
8427,基勝-KY         ,1000,0,1000,0,0,0,0,0,0,0,0,0,0,0,0,0,1000
9937,全國            ,1000,0,1000,0,0,0,0,0,0,0,0,0,0,0,0,0,1000
06960P,國巨凱基99售08  ,0,0,0,0,0,0,0,0,0,1000,0,0,0,1000,0,1000,1000
07031P,台灣50中信03售02,0,0,0,0,0,0,0,0,0,1000,0,0,0,5000,4000,1000,1000
07040P,台灣50元大9C售02,0,0,0,0,0,0,0,0,0,1000,0,0,0,60000,59000,1000,1000
06906P,國巨國泰99售01  ,0,0,0,0,0,0,0,0,0,1000,0,0,0,1000,0,1000,1000
06883P,聯茂群益98售03  ,0,0,0,0,0,0,0,0,0,1000,0,0,0,1000,0,1000,1000
06789P,鴻海凱基98售12  ,0,0,0,0,0,0,0,0,0,1000,0,0,0,1000,0,1000,1000
06616P,國巨元大98售15  ,0,0,0,0,0,0,0,0,0,1000,0,0,0,41000,40000,1000,1000
06500P,臺股指元大9A售05,0,0,0,0,0,0,0,0,0,1000,0,0,0,1000,0,1000,1000
06628P,訊芯元富98售03  ,0,0,0,0,0,0,0,0,0,1000,0,0,0,1000,0,1000,1000
06711P,臺股指台新99售08,0,0,0,0,0,0,0,0,0,1000,0,0,0,1000,0,1000,1000
06467P,旺宏統一98售01  ,0,0,0,0,0,0,0,0,0,1000,0,0,0,1000,0,1000,1000
06453P,群創元大9B售02  ,0,0,0,0,0,0,0,0,0,1000,0,0,0,1000,0,1000,1000
06431P,新日興元大97售05,0,0,0,0,0,0,0,0,0,1000,0,0,0,1000,0,1000,1000
06345P,臺股指統一9A售01,0,0,0,0,0,0,0,0,0,1000,0,0,0,1000,0,1000,1000
2465,麗臺            ,1000,0,1000,0,0,0,0,0,0,0,0,0,0,0,0,0,1000
1418,東華            ,0,0,0,0,0,0,0,0,0,1000,1000,0,1000,0,0,0,1000
057614,華新科元富99購04,0,0,0,0,0,0,0,0,0,0,0,0,0,10000,10000,0,0
057624,新日興國泰99購01,0,0,0,0,0,0,0,0,0,0,0,0,0,79000,79000,0,0
057508,康控國票99購03  ,0,0,0,0,0,0,0,0,0,0,0,0,0,10000,10000,0,0
057514,華新科元富99購03,0,0,0,0,0,0,0,0,0,0,0,0,0,10000,10000,0,0
05779P,台積電統一96售06,0,0,0,0,0,0,0,0,0,0,0,0,0,120000,120000,0,0
057795,鴻海兆豐99購02  ,0,0,0,0,0,0,0,0,0,0,0,0,0,15000,15000,0,0
057845,晶相光永豐98購03,0,0,0,0,0,0,0,0,0,0,0,0,0,260000,260000,0,0
057854,聯發科國票99購03,0,0,0,0,0,0,0,0,0,0,0,0,0,10000,10000,0,0
057859,神達康和98購01  ,0,0,0,0,0,0,0,0,0,0,0,0,0,16000,16000,0,0
057873,義隆元大98購03  ,0,0,0,0,0,0,0,0,0,0,0,0,0,10000,10000,0,0
05786P,臺股指永昌96售03,0,0,0,0,0,0,0,0,0,0,0,0,0,32000,32000,0,0
057733,嘉聯益國泰99購01,0,0,0,0,0,0,0,0,0,0,0,0,0,10000,10000,0,0
05769P,台積電凱基96售16,0,0,0,0,0,0,0,0,0,0,0,0,0,195000,195000,0,0
057690,美律凱基99購03  ,0,0,0,0,0,0,0,0,0,0,0,0,0,22000,22000,0,0
057281,大立光元大98購16,0,0,0,0,0,0,0,0,0,0,0,0,0,30000,30000,0,0
057373,大立光元大98購17,0,0,0,0,0,0,0,0,0,0,0,0,0,34000,34000,0,0
057375,欣興元大98購09  ,0,0,0,0,0,0,0,0,0,0,0,0,0,10000,10000,0,0
057056,立積元大99購02  ,0,0,0,0,0,0,0,0,0,0,0,0,0,5000,5000,0,0
057148,玉晶光國票99購04,0,0,0,0,0,0,0,0,0,0,0,0,0,13000,13000,0,0
057153,祥碩國泰99購01  ,0,0,0,0,0,0,0,0,0,0,0,0,0,21000,21000,0,0
05717P,鴻海元大97售07  ,0,0,0,0,0,0,0,0,0,0,0,0,0,10000,10000,0,0
05702P,矽創凱基96售02  ,0,0,0,0,0,0,0,0,0,0,0,0,0,40000,40000,0,0
056954,聯詠富邦9A購01  ,0,0,0,0,0,0,0,0,0,0,0,0,0,1000,1000,0,0
056960,光罩永豐98購01  ,0,0,0,0,0,0,0,0,0,0,0,0,0,5000,5000,0,0
056983,大立光群益99購02,0,0,0,0,0,0,0,0,0,0,0,0,0,10000,10000,0,0
056895,技嘉元大98購01  ,0,0,0,0,0,0,0,0,0,0,0,0,0,1000,1000,0,0
056929,華新科台新98購01,0,0,0,0,0,0,0,0,0,0,0,0,0,5000,5000,0,0
056768,宏達電元大99購03,0,0,0,0,0,0,0,0,0,0,0,0,0,113000,113000,0,0
056772,欣興元大99購01  ,0,0,0,0,0,0,0,0,0,0,0,0,0,4000,4000,0,0
056790,彩晶群益98購03  ,0,0,0,0,0,0,0,0,0,0,0,0,0,11000,11000,0,0
056818,正崴永豐98購01  ,0,0,0,0,0,0,0,0,0,0,0,0,0,5000,5000,0,0
056762,亞德客元大98購01,0,0,0,0,0,0,0,0,0,0,0,0,0,13000,13000,0,0
056765,友達元大9B購05  ,0,0,0,0,0,0,0,0,0,0,0,0,0,270000,270000,0,0
056707,鴻海富邦99購03  ,0,0,0,0,0,0,0,0,0,0,0,0,0,170000,170000,0,0
056644,宏達電凱基98購04,0,0,0,0,0,0,0,0,0,0,0,0,0,72000,72000,0,0
056239,宏達電群益98購01,0,0,0,0,0,0,0,0,0,0,0,0,0,1000,1000,0,0
056294,上銀元大97購11  ,0,0,0,0,0,0,0,0,0,0,0,0,0,10000,10000,0,0
05630P,大立光永昌96售06,0,0,0,0,0,0,0,0,0,0,0,0,0,10000,10000,0,0
056371,樺漢元大98購03  ,0,0,0,0,0,0,0,0,0,0,0,0,0,10000,10000,0,0
056380,麗豐元富98購01  ,0,0,0,0,0,0,0,0,0,0,0,0,0,10000,10000,0,0
056360,智邦元大98購01  ,0,0,0,0,0,0,0,0,0,0,0,0,0,45000,45000,0,0
056430,鴻海凱基98購06  ,0,0,0,0,0,0,0,0,0,0,0,0,0,55000,55000,0,0
056394,晶豪科永豐98購01,0,0,0,0,0,0,0,0,0,0,0,0,0,3000,3000,0,0
056590,樺漢統一9A購01  ,0,0,0,0,0,0,0,0,0,0,0,0,0,1000,1000,0,0
056570,旺宏元大98購07  ,0,0,0,0,0,0,0,0,0,0,0,0,0,35000,35000,0,0
056549,嘉聯益凱基98購04,0,0,0,0,0,0,0,0,0,0,0,0,0,200000,200000,0,0
056488,致新元大99購01  ,0,0,0,0,0,0,0,0,0,0,0,0,0,10000,10000,0,0
056479,玉晶光元大99購05,0,0,0,0,0,0,0,0,0,0,0,0,0,3000,3000,0,0
056482,貿聯元大99購01  ,0,0,0,0,0,0,0,0,0,0,0,0,0,60000,60000,0,0
05651P,大立光元大97售02,0,0,0,0,0,0,0,0,0,0,0,0,0,10000,10000,0,0
058166,鴻海凱基9A購01  ,0,0,0,0,0,0,0,0,0,0,0,0,0,125000,125000,0,0
058148,百和元大99購01  ,0,0,0,0,0,0,0,0,0,0,0,0,0,10000,10000,0,0
05816P,台積電凱基97售07,0,0,0,0,0,0,0,0,0,0,0,0,0,110000,110000,0,0
058236,大立光元大99購09,0,0,0,0,0,0,0,0,0,0,0,0,0,40000,40000,0,0
05828P,台積電統一97售02,0,0,0,0,0,0,0,0,0,0,0,0,0,10000,10000,0,0
058045,鴻海元大99購08  ,0,0,0,0,0,0,0,0,0,0,0,0,0,134000,134000,0,0
05787P,臺股指永昌96售04,0,0,0,0,0,0,0,0,0,0,1000,0,1000,31000,32000,-1000,0
057984,聯發科台新98購01,0,0,0,0,0,0,0,0,0,0,0,0,0,499000,499000,0,0
057962,超眾元大99購03  ,0,0,0,0,0,0,0,0,0,0,0,0,0,10000,10000,0,0
057958,禾伸堂元大99購05,0,0,0,0,0,0,0,0,0,0,0,0,0,4000,4000,0,0
057930,旺宏群益99購04  ,0,0,0,0,0,0,0,0,0,0,0,0,0,12000,12000,0,0
057936,健策群益99購01  ,0,0,0,0,0,0,0,0,0,0,0,0,0,11000,11000,0,0
058348,台表科群益99購01,0,0,0,0,0,0,0,0,0,0,0,0,0,1000,1000,0,0
058313,台積電富邦9B購04,0,0,0,0,0,0,0,0,0,0,0,0,0,80000,80000,0,0
058321,大立光永豐99購01,0,0,0,0,0,0,0,0,0,0,0,0,0,2000,2000,0,0
058416,鴻海麥證99購01  ,0,0,0,100000,0,100000,0,0,0,0,0,0,0,100000,100000,0,0
058458,牧德永豐9A購01  ,0,0,0,0,0,0,0,0,0,0,0,0,0,50000,50000,0,0
058375,群創凱基9B購04  ,0,0,0,0,0,0,0,0,0,0,0,0,0,72000,72000,0,0
058404,貿聯元大99購02  ,0,0,0,0,0,0,0,0,0,0,0,0,0,37000,37000,0,0
058545,義隆富邦9C購01  ,0,0,0,0,0,0,0,0,0,0,0,0,0,6000,6000,0,0
058512,宏達電元大99購04,0,0,0,0,0,0,0,0,0,0,0,0,0,1000,1000,0,0
058617,南電元大99購01  ,0,0,0,0,0,0,0,0,0,0,0,0,0,10000,10000,0,0
058610,欣興元大99購05  ,0,0,0,0,0,0,0,0,0,0,0,0,0,1000,1000,0,0
058573,鴻海群益9A購02  ,0,0,0,0,0,0,0,0,0,0,0,0,0,15000,15000,0,0
06105P,國巨國票98售02  ,0,0,0,0,0,0,0,0,0,0,0,0,0,10000,10000,0,0
06162P,大立光群益97售02,0,0,0,0,0,0,0,0,0,0,0,0,0,1249000,1249000,0,0
06027P,鴻海台新96售04  ,0,0,0,0,0,0,0,0,0,0,0,0,0,400000,400000,0,0
05969P,台積電台新96售04,0,0,0,0,0,0,0,0,0,0,0,0,0,749000,749000,0,0
05935P,台積電凱基96售19,0,0,0,0,0,0,0,0,0,0,0,0,0,480000,480000,0,0
05936P,台積電凱基96售20,0,0,0,0,0,0,0,0,0,0,0,0,0,152000,152000,0,0
05924P,超眾元富96售04  ,0,0,0,0,0,0,0,0,0,0,0,0,0,10000,10000,0,0
059117,禾伸堂永豐99購01,0,0,0,0,0,0,0,0,0,0,0,0,0,3000,3000,0,0
059080,亞泥元大99購01  ,0,0,0,0,0,0,0,0,0,0,0,0,0,9000,9000,0,0
059085,鴻海元大99購25  ,0,0,0,0,0,0,0,0,0,0,0,0,0,47000,47000,0,0
05904P,大立光統一96售07,0,0,0,0,0,0,0,0,0,0,0,0,0,1000,1000,0,0
059059,宏達電凱基99購03,0,0,0,0,0,0,0,0,0,0,0,0,0,30000,30000,0,0
059064,緯穎凱基99購02  ,0,0,0,0,0,0,0,0,0,0,0,0,0,100000,100000,0,0
058997,鴻海元大99購21  ,0,0,0,0,0,0,0,0,0,0,0,0,0,99000,99000,0,0
059004,嘉晶元大99購05  ,0,0,0,0,0,0,0,0,0,0,0,0,0,18000,18000,0,0
058873,美律國票9A購02  ,0,0,0,0,0,0,0,0,0,0,0,0,0,2000,2000,0,0
058874,聯鈞國票9A購01  ,0,0,0,0,0,0,0,0,0,0,0,0,0,40000,40000,0,0
058878,旭富國泰9B購01  ,0,0,0,0,0,0,0,0,0,0,0,0,0,1000,1000,0,0
058916,SGBR2X元富99購02,0,0,0,0,0,0,0,0,0,0,0,0,0,2000,2000,0,0
058654,鴻海中信03購01  ,0,0,0,0,0,0,0,0,0,0,0,0,0,1000,1000,0,0
058674,宏達電群益99購01,0,0,0,0,0,0,0,0,0,0,0,0,0,12000,12000,0,0
058691,友訊國票9A購01  ,0,0,0,0,0,0,0,0,0,0,0,0,0,60000,60000,0,0
058693,旭富國票9A購01  ,0,0,0,0,0,0,0,0,0,0,0,0,0,10000,10000,0,0
058699,楠梓電元大99購02,0,0,0,0,0,0,0,0,0,0,0,0,0,10000,10000,0,0
058725,美律富邦9A購01  ,0,0,0,0,0,0,0,0,0,0,0,0,0,2000,2000,0,0
05879P,台積電台新96售03,0,0,0,0,0,0,0,0,0,0,0,0,0,10000,10000,0,0
058731,貿聯永豐99購02  ,0,0,0,0,0,0,0,0,0,0,0,0,0,10000,10000,0,0
049872,聯發科台新94購03,0,0,0,0,0,0,0,0,0,0,0,0,0,171000,171000,0,0
049808,聯詠元大94購03  ,0,0,0,0,0,0,0,0,0,0,0,0,0,20000,20000,0,0
049795,華通元大96購02  ,0,0,0,0,0,0,0,0,0,0,0,0,0,50000,50000,0,0
04989P,國巨元大94售15  ,0,0,0,0,0,0,0,0,0,0,0,0,0,20000,20000,0,0
048660,台積電統一93購09,0,0,0,0,0,0,0,0,0,0,0,0,0,35000,35000,0,0
048636,鴻海元大94購05  ,0,0,0,0,0,0,0,0,0,0,0,0,0,60000,60000,0,0
051251,信邦元大95購01  ,0,0,0,0,0,0,0,0,0,0,0,0,0,30000,30000,0,0
05134P,鴻海凱基96售06  ,0,0,0,0,0,0,0,0,0,0,0,0,0,6000,6000,0,0
051350,台積電元大95購14,0,0,0,0,0,0,0,0,0,0,0,0,0,1000,1000,0,0
051290,大立光統一96購02,0,0,0,0,0,0,0,0,0,0,0,0,0,18000,18000,0,0
050609,鴻海元大94購23  ,0,0,0,0,0,0,0,0,0,0,0,0,0,30000,30000,0,0
050514,聯電元大94購01  ,0,0,0,0,0,0,0,0,0,0,0,0,0,10000,10000,0,0
050517,台積電元大94購27,0,0,0,0,0,0,0,0,0,0,0,0,0,1000,1000,0,0
050518,台積電元大94購28,0,0,0,0,0,0,0,0,0,0,0,0,0,1000,1000,0,0
050496,鴻海富邦96購01  ,0,0,0,0,0,0,0,0,0,0,0,0,0,10000,10000,0,0
050771,華新科元大94購06,0,0,0,0,0,0,0,0,0,0,0,0,0,10000,10000,0,0
050749,道瓊銀統一96購03,0,0,0,0,0,0,0,0,0,0,0,0,0,10000,10000,0,0
050680,上銀元富94購01  ,0,0,0,0,0,0,0,0,0,0,0,0,0,30000,30000,0,0
05070P,鴻海統一96售04  ,0,0,0,0,0,0,0,0,0,0,0,0,0,30000,30000,0,0
050551,大立光凱基95購05,0,0,0,0,0,0,0,0,0,0,0,0,0,160000,160000,0,0
050227,大立光中信96購01,0,0,0,0,0,0,0,0,0,0,0,0,0,100000,100000,0,0
050204,華新科群益94購05,0,0,0,0,0,0,0,0,0,0,0,0,0,50000,50000,0,0
050779,超眾元大96購03  ,0,0,0,0,0,0,0,0,0,0,0,0,0,5000,5000,0,0
050380,台積電亞東94購02,0,0,0,0,0,0,0,0,0,0,0,0,0,100000,100000,0,0
050260,鴻海元大94購15  ,0,0,0,0,0,0,0,0,0,0,0,0,0,1000,1000,0,0
051088,台積電元大95購09,0,0,0,0,0,0,0,0,0,0,0,0,0,1000,1000,0,0
051127,同欣電群益95購01,0,0,0,0,0,0,0,0,0,0,0,0,0,60000,60000,0,0
054051,貿聯元大97購03  ,0,0,0,0,0,0,0,0,0,0,0,0,0,10000,10000,0,0
05403P,台積電富邦95售08,0,0,0,0,0,0,0,0,0,0,0,0,0,11000,11000,0,0
054559,台光電群益99購01,0,0,0,0,0,0,0,0,0,0,0,0,0,10000,10000,0,0
053295,奇力新中信96購01,0,0,0,0,0,0,0,0,0,0,0,0,0,50000,50000,0,0
052090,聯發科元大97購03,0,0,0,0,0,0,0,0,0,0,0,0,0,100000,100000,0,0
048972,晶豪科元大94購01,0,0,0,0,0,0,0,0,0,0,0,0,0,590000,590000,0,0
048983,牧德元大95購01  ,0,0,0,0,0,0,0,0,0,0,0,0,0,19000,19000,0,0
049138,台積電元大94購05,0,0,0,0,0,0,0,0,0,0,0,0,0,1000,1000,0,0
04877P,聯發科麥證94售04,0,0,0,10000,10000,0,0,0,0,0,0,0,0,10000,10000,0,0
048782,亞泥元大94購01  ,0,0,0,0,0,0,0,0,0,0,0,0,0,10000,10000,0,0
048819,國巨凱基94購01  ,0,0,0,0,0,0,0,0,0,0,0,0,0,70000,70000,0,0
048789,大立光元大95購04,0,0,0,0,0,0,0,0,0,0,0,0,0,1000,1000,0,0
048790,大立光元大95購05,0,0,0,0,0,0,0,0,0,0,0,0,0,1000,1000,0,0
04894P,世紀鋼元大94售02,0,0,0,0,0,0,0,0,0,0,0,0,0,50000,50000,0,0
048329,台積電永昌93購07,0,0,0,0,0,0,0,0,0,0,0,0,0,30000,30000,0,0
04839P,大立光元大94售17,0,0,0,0,0,0,0,0,0,0,0,0,0,10000,10000,0,0
050019,T50反1元大94購04,0,0,0,0,0,0,0,0,0,0,0,0,0,1000,1000,0,0
050021,鴻海元大94購10  ,0,0,0,0,0,0,0,0,0,0,0,0,0,20000,20000,0,0
04922P,日月光凱基94售02,0,0,0,0,0,0,0,0,0,0,0,0,0,10000,10000,0,0
049172,鴻海凱基94購14  ,0,0,0,0,0,0,0,0,0,0,0,0,0,90000,90000,0,0
049173,鴻海凱基94購15  ,0,0,0,0,0,0,0,0,0,0,0,0,0,80000,80000,0,0
049160,鴻海第一95購01  ,0,0,0,0,0,0,0,0,0,0,0,0,0,120000,120000,0,0
04722P,南亞科凱基94售05,0,0,0,0,0,0,0,0,0,0,0,0,0,30000,30000,0,0
04811P,上銀元大94售02  ,0,0,0,0,0,0,0,0,0,0,0,0,0,20000,20000,0,0
04497P,元油2X富邦97售03,0,0,0,0,0,0,0,0,0,0,0,0,0,7000,7000,0,0
04508P,臺股指元大94售03,0,0,0,0,0,0,0,0,0,0,0,0,0,1000000,1000000,0,0
045106,玉晶光群益95購01,0,0,0,0,0,0,0,0,0,0,0,0,0,10000,10000,0,0
045331,旺宏群益94購01  ,0,0,0,0,0,0,0,0,0,0,0,0,0,10000,10000,0,0
046291,友達統一94購01  ,0,0,0,0,0,0,0,0,0,0,0,0,0,26000,26000,0,0
04623P,台積電元大94售13,0,0,0,0,0,0,0,0,0,0,0,0,0,30000,30000,0,0
04609P,健策永豐94售01  ,0,0,0,0,0,0,0,0,0,0,0,0,0,10000,10000,0,0
046600,鴻海群益94購01  ,0,0,0,0,0,0,0,0,0,0,0,0,0,5000,5000,0,0
046598,T50反1群益93購04,0,0,0,0,0,0,0,0,0,0,0,0,0,260000,260000,0,0
04598P,光罩凱基94售03  ,0,0,0,0,0,0,0,0,0,0,0,0,0,73000,73000,0,0
045759,T50反1統一94購02,0,0,0,0,0,0,0,0,0,0,0,0,0,10000,10000,0,0
04555P,元油2X群益95售01,0,0,0,0,0,0,0,0,0,0,0,0,0,50000,50000,0,0
045468,健策元大94購01  ,0,0,0,0,0,0,0,0,0,0,0,0,0,10000,10000,0,0
045443,群創元富98購01  ,0,0,0,0,0,0,0,0,0,0,0,0,0,10000,10000,0,0
048199,大立光元大94購03,0,0,0,0,0,0,0,0,0,0,0,0,0,1000,1000,0,0
049394,T50反1群益94購01,0,0,0,0,0,0,0,0,0,0,0,0,0,280000,280000,0,0
04942P,台積電台新94售01,0,0,0,0,0,0,0,0,0,0,0,0,0,998000,998000,0,0
049297,日電貿群益95購01,0,0,0,0,0,0,0,0,0,0,0,0,0,10000,10000,0,0
049360,台達電元大94購07,0,0,0,0,0,0,0,0,0,0,0,0,0,10000,10000,0,0
050836,緯穎凱基95購01  ,0,0,0,0,0,0,0,0,0,0,0,0,0,48000,48000,0,0
04949P,致新元大94售04  ,0,0,0,0,0,0,0,0,0,0,0,0,0,10000,10000,0,0
049536,T50反1群益94購02,0,0,0,0,0,0,0,0,0,0,0,0,0,10000,10000,0,0
049551,電子類群益94購01,0,0,0,0,0,0,0,0,0,0,0,0,0,300000,300000,0,0
051011,國巨凱基95購03  ,0,0,0,0,0,0,0,0,0,0,0,0,0,7000,7000,0,0
050978,鴻海元富95購03  ,0,0,0,0,0,0,0,0,0,0,0,0,0,60000,60000,0,0
05098P,鴻海凱基95售15  ,0,0,0,0,0,0,0,0,0,0,0,0,0,20000,20000,0,0
049589,奇力新元大95購02,0,0,0,0,0,0,0,0,0,0,0,0,0,33000,33000,0,0
049579,鴻海元大94購06  ,0,0,0,0,0,0,0,0,0,0,0,0,0,31000,31000,0,0
00732,國泰RMB短期報酬 ,0,0,0,0,0,0,0,0,0,0,0,0,0,100000,100000,0,0
00774B,新光中國政金綠債,0,0,0,0,0,0,0,0,0,0,0,0,0,2000,2000,0,0
006207,FH滬深          ,1000,692000,-691000,0,0,0,0,0,0,691000,0,0,0,692000,1000,691000,0
00625K,富邦上証+R      ,0,0,0,0,0,0,0,0,0,0,0,0,0,50000,50000,0,0
00636K,國泰中國A50+U   ,0,0,0,0,0,0,0,0,0,0,0,0,0,100,100,0,0
00668K,國泰美國道瓊+U  ,0,0,0,0,0,0,0,0,0,0,0,0,0,100,100,0,0
00657K,國泰日經225+U   ,0,0,0,0,0,0,0,0,0,0,0,0,0,100,100,0,0
04205P,臺股指元大93售45,0,0,0,0,0,0,0,0,0,0,0,0,0,10000,10000,0,0
04206P,臺股指元大93售46,0,0,0,0,0,0,0,0,0,0,0,0,0,120000,120000,0,0
03334P,宏達電元大02售04,0,0,0,0,0,0,0,0,0,0,0,0,0,5000,5000,0,0
047726,友達群益94購02  ,0,0,0,0,0,0,0,0,0,0,0,0,0,8000,8000,0,0
04780P,大立光凱基94售11,0,0,0,0,0,0,0,0,0,0,0,0,0,60000,60000,0,0
048001,中工元大96購01  ,0,0,0,0,0,0,0,0,0,0,0,0,0,22000,22000,0,0
04799P,健策元大94售03  ,0,0,0,0,0,0,0,0,0,0,0,0,0,10000,10000,0,0
047968,南電國泰94購01  ,0,0,0,0,0,0,0,0,0,0,0,0,0,12000,12000,0,0
047911,晶技麥證94購01  ,0,0,0,0,860000,-860000,0,0,0,0,0,0,0,860000,860000,0,0
03826P,瀚宇博元大95售01,0,0,0,0,0,0,0,0,0,0,0,0,0,30000,30000,0,0
03885P,華新科統一96售01,0,0,0,0,0,0,0,0,0,0,0,0,0,10000,10000,0,0
047350,華新科凱基94購02,0,0,0,0,0,0,0,0,0,0,0,0,0,10000,10000,0,0
05321P,鴻海凱基95售17  ,0,0,0,0,0,0,0,0,0,0,0,0,0,21000,21000,0,0
053110,大立光兆豐97購01,0,0,0,0,0,0,0,0,0,0,0,0,0,100000,100000,0,0
053129,緯穎凱基96購01  ,0,0,0,0,0,0,0,0,0,0,0,0,0,8000,8000,0,0
053151,華新科元大96購04,0,0,0,0,0,0,0,0,0,0,0,0,0,10000,10000,0,0
053069,同欣電群益98購01,0,0,0,0,0,0,0,0,0,0,0,0,0,40000,40000,0,0
053262,華邦電群益96購02,0,0,0,0,0,0,0,0,0,0,0,0,0,6000,6000,0,0
053269,同欣電群益96購01,0,0,0,0,0,0,0,0,0,0,0,0,0,10000,10000,0,0
05284P,鴻海兆豐95售04  ,0,0,0,0,0,0,0,0,0,0,0,0,0,20000,20000,0,0
05289P,鴻海永豐95售05  ,0,0,0,0,0,0,0,0,0,0,0,0,0,40000,40000,0,0
052896,宏達電群益96購01,0,0,0,0,0,0,0,0,0,0,0,0,0,1000,1000,0,0
052877,矽創凱基96購01  ,0,0,0,0,0,0,0,0,0,0,0,0,0,299000,299000,0,0
05157P,全新台新96售01  ,0,0,0,0,0,0,0,0,0,0,0,0,0,10000,10000,0,0
051801,牧德永豐95購04  ,0,0,0,0,0,0,0,0,0,0,0,0,0,20000,20000,0,0
051846,S&P反1中信96購02,0,0,0,0,0,0,0,0,0,0,0,0,0,10000,10000,0,0
055430,宏達電群益97購01,0,0,0,0,0,0,0,0,0,0,0,0,0,2000,2000,0,0
055459,建準永豐97購03  ,0,0,0,0,0,0,0,0,0,0,0,0,0,10000,10000,0,0
055454,華邦電元富97購02,0,0,0,0,0,0,0,0,0,0,0,0,0,20000,20000,0,0
05376P,聯發科日盛95售04,0,0,0,0,0,0,0,0,0,0,0,0,0,150000,150000,0,0
05377P,鴻海凱基95售18  ,0,0,0,0,0,0,0,0,0,0,0,0,0,30000,30000,0,0
053755,亞光元富96購01  ,0,0,0,0,0,0,0,0,0,0,0,0,0,103000,103000,0,0
056166,微星台新97購01  ,0,0,0,0,0,0,0,0,0,0,0,0,0,35000,35000,0,0
056064,大立光元大97購14,0,0,0,0,0,0,0,0,0,0,0,0,0,20000,20000,0,0
05578P,鴻海凱基96售11  ,0,0,0,0,0,0,0,0,0,0,0,0,0,20000,20000,0,0
055785,祥碩凱基97購02  ,0,0,0,0,0,0,0,0,0,0,0,0,0,53000,53000,0,0
055839,瑞昱元大97購04  ,0,0,0,0,0,0,0,0,0,0,0,0,0,10000,10000,0,0
055951,大成鋼元大97購02,0,0,0,0,0,0,0,0,0,0,0,0,0,20000,20000,0,0
055954,南港元大97購02  ,0,0,0,0,0,0,0,0,0,0,0,0,0,1000,1000,0,0
056038,可成凱基97購01  ,0,0,0,0,0,0,0,0,0,0,0,0,0,40000,40000,0,0
055675,亞德客凱基97購02,0,0,0,0,0,0,0,0,0,0,0,0,0,2000,2000,0,0
055720,宏達電元大97購05,0,0,0,0,0,0,0,0,0,0,0,0,0,5000,5000,0,0
055524,鴻海群益98購01  ,0,0,0,0,0,0,0,0,0,0,0,0,0,150000,150000,0,0
055646,漢唐元富97購01  ,0,0,0,0,0,0,0,0,0,0,0,0,0,15000,15000,0,0
052733,台郡國泰97購01  ,0,0,0,0,0,0,0,0,0,0,0,0,0,13000,13000,0,0
052759,京元電群益96購01,0,0,0,0,0,0,0,0,0,0,0,0,0,2000,2000,0,0
052290,鴻海元富97購01  ,0,0,0,0,0,0,0,0,0,0,0,0,0,10000,10000,0,0
052280,聯發科凱基95購11,0,0,0,0,0,0,0,0,0,0,0,0,0,10000,10000,0,0
052282,宏達電凱基95購05,0,0,0,0,0,0,0,0,0,0,0,0,0,11000,11000,0,0
052230,大立光凱基96購09,0,0,0,0,0,0,0,0,0,0,0,0,0,2000,2000,0,0
052211,台積電元大95購22,0,0,0,0,0,0,0,0,0,0,0,0,0,1000,1000,0,0
052227,瑞昱凱基95購05  ,0,0,0,0,0,0,0,0,0,0,0,0,0,20000,20000,0,0
052184,台光電群益95購03,0,0,0,0,0,0,0,0,0,0,0,0,0,6000,6000,0,0
054643,上証2X群益9B購01,0,0,0,0,0,0,0,0,0,0,0,0,0,10000,10000,0,0
053376,鴻海元大96購19  ,0,0,0,0,0,0,0,0,0,0,0,0,0,1000,1000,0,0
053381,友達元大9A購02  ,0,0,0,0,0,0,0,0,0,0,0,0,0,10000,10000,0,0
053391,嘉聯益元大99購01,0,0,0,0,0,0,0,0,0,0,0,0,0,20000,20000,0,0
053417,上銀永豐96購02  ,0,0,0,0,0,0,0,0,0,0,0,0,0,10000,10000,0,0
05341P,臺股指兆豐95售02,0,0,0,0,0,0,0,0,0,0,0,0,0,12000,12000,0,0
053404,致新群益96購01  ,0,0,0,0,0,0,0,0,0,0,0,0,0,20000,20000,0,0
054254,晶豪科元大96購02,0,0,0,0,0,0,0,0,0,0,0,0,0,10000,10000,0,0
054286,台積電元大96購22,0,0,0,0,0,0,0,0,0,0,0,0,0,11000,11000,0,0
054247,華邦電元大96購04,0,0,0,0,0,0,0,0,0,0,0,0,0,10000,10000,0,0
054213,欣興國票97購04  ,0,0,0,0,0,0,0,0,0,0,0,0,0,20000,20000,0,0
054092,大立光群益97購01,0,0,0,0,0,0,0,0,0,0,0,0,0,230000,230000,0,0
05415P,台積電台新95售04,0,0,0,0,0,0,0,0,0,0,0,0,0,1568000,1568000,0,0
054148,矽創元大96購03  ,0,0,0,0,0,0,0,0,0,0,0,0,0,50000,50000,0,0
054153,宏達電國泰97購01,0,0,0,0,0,0,0,0,0,0,0,0,0,4000,4000,0,0
054135,大立光元大97購04,0,0,0,0,0,0,0,0,0,0,0,0,0,1000,1000,0,0
054130,漢唐元大97購02  ,0,0,0,0,0,0,0,0,0,0,0,0,0,30000,30000,0,0
054121,奇鋐永豐96購02  ,0,0,0,0,0,0,0,0,0,0,0,0,0,30000,30000,0,0
054127,台積電元大96購21,0,0,0,0,0,0,0,0,0,0,0,0,0,1000,1000,0,0
054813,鴻海元大97購09  ,0,0,0,0,0,0,0,0,0,0,0,0,0,1000,1000,0,0
053535,宏達電永豐96購02,0,0,0,0,0,0,0,0,0,0,0,0,0,1000,1000,0,0
055238,茂林台新97購01  ,0,0,0,0,0,0,0,0,0,0,0,0,0,89000,89000,0,0
055115,日月光凱基98購01,0,0,0,0,0,0,0,0,0,0,0,0,0,8000,8000,0,0
054424,大成鋼富邦97購02,0,0,0,0,0,0,0,0,0,0,0,0,0,180000,180000,0,0
054416,禾伸堂元大97購01,0,0,0,0,0,0,0,0,0,0,0,0,0,35000,35000,0,0
053898,康友群益97購01  ,0,0,0,0,0,0,0,0,0,0,0,0,0,40000,40000,0,0
052354,健策群益96購02  ,0,0,0,0,0,0,0,0,0,0,0,0,0,9000,9000,0,0
052374,瑞昱元大95購02  ,0,0,0,0,0,0,0,0,0,0,0,0,0,59000,59000,0,0
05241P,鴻海國泰97售04  ,0,0,0,0,0,0,0,0,0,0,0,0,0,212000,212000,0,0
052409,國巨亞東95購01  ,0,0,0,0,0,0,0,0,0,0,0,0,0,300000,300000,0,0
054677,智易台新98購02  ,0,0,0,0,0,0,0,0,0,0,0,0,0,20000,20000,0,0
055310,聯詠群益97購02  ,0,0,0,0,0,0,0,0,0,0,0,0,0,30000,30000,0,0
054985,光罩元富97購01  ,0,0,0,0,0,0,0,0,0,0,0,0,0,40000,40000,0,0
055206,台虹中信97購01  ,0,0,0,0,0,0,0,0,0,0,0,0,0,10000,10000,0,0
055190,華新科元富97購01,0,0,0,0,0,0,0,0,0,0,0,0,0,100000,100000,0,0
054947,興勤元大97購01  ,0,0,0,0,0,0,0,0,0,0,0,0,0,25000,25000,0,0
055148,鴻海元大98購02  ,0,0,0,0,0,0,0,0,0,0,0,0,0,10000,10000,0,0
05362P,可成富邦97售02  ,0,0,0,0,0,0,0,0,0,0,0,0,0,1000,1000,0,0
053581,台積電元大96購14,0,0,0,0,0,0,0,0,0,0,0,0,0,1000,1000,0,0
053584,友達元大9B購02  ,0,0,0,0,0,0,0,0,0,0,0,0,0,20000,20000,0,0
052483,超眾群益95購03  ,0,0,0,0,0,0,0,0,0,0,0,0,0,60000,60000,0,0
052429,禾伸堂永豐95購02,0,0,0,0,0,0,0,0,0,0,0,0,0,7000,7000,0,0
054824,同欣電元大97購04,0,0,0,0,0,0,0,0,0,0,0,0,0,10000,10000,0,0
054826,復盛元大9A購01  ,0,0,0,0,0,0,0,0,0,0,0,0,0,10000,10000,0,0
05482P,鴻海凱基95售22  ,0,0,0,0,0,0,0,0,0,0,0,0,0,20000,20000,0,0
051906,國巨元大95購09  ,0,0,0,0,0,0,0,0,0,0,0,0,0,20000,20000,0,0
051939,同欣電群益97購01,0,0,0,0,0,0,0,0,0,0,0,0,0,11000,11000,0,0
051875,聯發科兆豐95購04,0,0,0,0,0,0,0,0,0,0,0,0,0,50000,50000,0,0
05164P,南亞科元富95售04,0,0,0,0,0,0,0,0,0,0,0,0,0,10000,10000,0,0
07127P,精元元大99售01  ,0,0,0,0,0,0,0,0,0,0,0,0,0,10000,10000,0,0
1724,台硝            ,1000,1000,0,0,0,0,0,0,0,0,0,0,0,0,0,0,0
2712,遠雄來          ,1000,1000,0,0,0,0,0,0,0,0,0,0,0,0,0,0,0
2630,亞航            ,2000,1000,1000,0,0,0,0,0,0,-1000,0,1000,-1000,0,0,0,0
3004,豐達科          ,92000,92000,0,0,0,0,0,0,0,0,0,0,0,0,0,0,0
2901,欣欣            ,1000,1000,0,0,0,0,0,0,0,0,0,0,0,0,0,0,0
06364P,鴻海凱基97售08  ,0,0,0,0,0,0,0,0,0,0,0,0,0,20000,20000,0,0
06366P,鴻海凱基97售10  ,0,0,0,0,0,0,0,0,0,0,0,0,0,20000,20000,0,0
06367P,台積電凱基97售14,0,0,0,0,0,0,0,0,0,0,0,0,0,10000,10000,0,0
06368P,台積電凱基97售15,0,0,0,0,0,0,0,0,0,0,0,0,0,410000,410000,0,0
06335P,台積電麥證97售02,0,0,0,0,490000,-490000,0,0,0,0,0,0,0,490000,490000,0,0
06336P,鴻海元大98售05  ,0,0,0,0,0,0,0,0,0,0,0,0,0,10000,10000,0,0
06313P,訊芯元富97售01  ,0,0,0,0,0,0,0,0,0,0,0,0,0,30000,30000,0,0
06443P,台積電凱基99售01,0,0,0,0,0,0,0,0,0,0,0,0,0,12000,12000,0,0
06481P,台積電凱基98售12,0,0,0,0,0,0,0,0,0,0,0,0,0,100000,100000,0,0
06722P,臺股指中信9A售04,0,0,0,0,0,0,0,0,0,0,0,0,0,171000,171000,0,0
06622P,牧德元大98售01  ,0,0,0,0,0,0,0,0,0,0,0,0,0,30000,30000,0,0
06663P,鴻海兆豐98售03  ,0,0,0,0,0,0,0,0,0,0,0,0,0,20000,20000,0,0
06517P,國巨凱基98售09  ,0,0,0,0,0,0,0,0,0,0,0,0,0,60000,60000,0,0
06522P,元油2X群益9B售03,0,0,0,0,0,0,0,0,0,0,0,0,0,10000,10000,0,0
06591P,大立光元大98售14,0,0,0,0,0,0,0,0,0,0,0,0,0,10000,10000,0,0
06592P,欣興元大98售04  ,0,0,0,0,0,0,0,0,0,0,0,0,0,10000,10000,0,0
06585P,鴻海元大99售04  ,0,0,0,0,0,0,0,0,0,0,0,0,0,9000,9000,0,0
06586P,鴻海元大9C售01  ,0,0,0,0,0,0,0,0,0,0,0,0,0,60000,60000,0,0
06767P,台積電永昌99售03,0,0,0,0,0,0,0,0,0,0,0,0,0,10000,10000,0,0
06776P,鴻海元大99售05  ,0,0,0,0,0,0,0,0,0,0,0,0,0,20000,20000,0,0
06752P,訊芯凱基98售05  ,0,0,0,0,0,0,0,0,0,0,0,0,0,23000,23000,0,0
06911P,鴻海元大99售09  ,0,0,0,0,0,0,0,0,0,0,0,0,0,66000,66000,0,0
06913P,聯發科元大98售14,0,0,0,0,0,0,0,0,0,0,0,0,0,20000,20000,0,0
06916P,聯鈞元富98售02  ,0,0,0,0,0,0,0,0,0,0,0,0,0,3000,3000,0,0
06932P,大立光元大98售21,0,0,0,0,0,0,0,0,0,0,0,0,0,90000,90000,0,0
07048P,台積電中信03售01,0,0,0,0,0,0,0,0,0,0,0,0,0,1000,1000,0,0
07049P,聯發科中信99售03,0,0,0,0,0,0,0,0,0,0,0,0,0,20000,20000,0,0
07114P,旺宏兆豐9A售01  ,0,0,0,0,0,0,0,0,0,0,0,0,0,31000,31000,0,0
06973P,臺股指元大9A售11,0,0,0,0,0,0,0,0,0,0,0,0,0,10000,10000,0,0
06974P,臺股指元大9A售12,0,0,0,0,0,0,0,0,0,0,0,0,0,20000,20000,0,0
07018P,台灣50統一9B售01,0,0,0,0,0,0,0,0,0,0,0,0,0,10000,10000,0,0
07016P,聯發科元大99售10,0,0,0,0,0,0,0,0,0,0,0,0,0,20000,20000,0,0
07006P,旺宏統一9B售03  ,0,0,0,0,0,0,0,0,0,0,0,0,0,10000,10000,0,0
07002P,鴻海兆豐99售04  ,0,0,0,0,0,0,0,0,0,0,0,0,0,10000,10000,0,0
8478,東哥遊艇        ,2000,2000,0,0,0,0,0,0,0,0,0,0,0,0,0,0,0
911616,杜康-DR         ,2000,2000,0,0,0,0,0,0,0,0,0,0,0,0,0,0,0
4439,冠星-KY         ,1000,1000,0,0,0,0,0,0,0,0,0,0,0,0,0,0,0
3494,誠研            ,1000,1000,0,0,0,0,0,0,0,0,0,0,0,0,0,0,0
6655,科定            ,1000,2000,-1000,0,0,0,0,0,0,1000,1000,0,1000,0,0,0,0
6215,和椿            ,10000,21000,-11000,0,0,0,0,0,0,11000,11000,0,11000,0,0,0,0
05877P,大立光群益96售06,0,0,0,0,0,0,0,0,0,-1000,0,0,0,1000,2000,-1000,-1000
058795,可成元大99購03  ,0,0,0,0,0,0,0,0,0,-1000,0,0,0,86000,87000,-1000,-1000
058729,國巨永豐99購03  ,0,0,0,0,0,0,0,0,0,-1000,0,0,0,1000,2000,-1000,-1000
058919,SGBR2X元富99購05,0,0,0,0,0,0,0,0,0,-1000,0,0,0,0,1000,-1000,-1000
058981,國巨凱基99購10  ,0,0,0,0,0,0,0,0,0,-1000,0,0,0,0,1000,-1000,-1000
059091,中信金元大99購01,0,0,0,0,0,0,0,0,0,-1000,0,0,0,0,1000,-1000,-1000
05929P,宏達電康和96售01,0,0,0,0,0,0,0,0,0,-1000,0,0,0,0,1000,-1000,-1000
06069P,台積電永豐97售01,0,0,0,0,0,0,0,0,0,-1000,0,0,0,0,1000,-1000,-1000
05998P,台積電元大97售12,0,0,0,0,0,0,0,0,0,-1000,0,0,0,0,1000,-1000,-1000
06080P,景碩群益98售02  ,0,0,0,0,0,0,0,0,0,-1000,0,0,0,0,1000,-1000,-1000
06230P,亞德客永豐97售03,0,0,0,0,0,0,0,0,0,-1000,0,0,0,0,1000,-1000,-1000
058361,美律凱基99購06  ,0,0,0,0,0,0,0,0,0,-1000,0,0,0,97000,98000,-1000,-1000
057903,聯鈞永豐99購01  ,0,0,0,0,0,0,0,0,0,-1000,0,0,0,61000,62000,-1000,-1000
056588,聯發科統一9A購02,0,0,0,0,0,0,0,0,0,-1000,0,0,0,3000,4000,-1000,-1000
056941,台郡元富9B購01  ,0,0,0,0,0,0,0,0,0,-1000,0,0,0,11000,12000,-1000,-1000
05711P,茂林國票97售03  ,0,0,0,0,0,0,0,0,0,-1000,0,0,0,10000,11000,-1000,-1000
057771,鴻海群益99購01  ,0,0,0,0,0,0,0,0,0,-1000,0,0,0,22000,23000,-1000,-1000
057481,技嘉元大98購04  ,0,0,0,0,0,0,0,0,0,-1000,0,0,0,1000,2000,-1000,-1000
057598,鴻海群益98購07  ,0,0,0,0,0,0,0,0,0,-1000,0,0,0,5000,6000,-1000,-1000
040381,元金2X元富95購01,0,0,0,0,0,0,0,0,0,-1000,0,0,0,0,1000,-1000,-1000
00660,元大歐洲50      ,0,0,0,0,0,0,0,0,0,-1000,0,0,0,49000,50000,-1000,-1000
00661,元大日經225     ,0,0,0,0,0,0,0,0,0,-1000,0,0,0,2000,3000,-1000,-1000
00767,FH美國金融股    ,0,0,0,0,0,0,0,0,0,-1000,0,0,0,0,1000,-1000,-1000
00776,新光ICE美國權值 ,0,0,0,0,0,0,0,0,0,-1000,0,0,0,0,1000,-1000,-1000
049582,台積電元大95購03,0,0,0,0,0,0,0,0,0,-1000,0,0,0,190000,191000,-1000,-1000
050875,訊芯永豐95購01  ,0,0,0,0,0,0,0,0,0,-1000,0,0,0,0,1000,-1000,-1000
049417,奇力新凱基94購02,0,0,0,0,0,0,0,0,0,-1000,0,0,0,0,1000,-1000,-1000
043973,元金2X元大94購02,0,0,0,0,0,0,0,0,0,-1000,0,0,0,0,1000,-1000,-1000
046219,T50反1元大93購03,0,0,0,0,0,0,0,0,0,-1000,0,0,0,2000,3000,-1000,-1000
04622P,臺股指統一94售01,0,0,0,0,0,0,0,0,0,-1000,0,0,0,0,1000,-1000,-1000
04628P,欣興元大95售01  ,0,0,0,0,0,0,0,0,0,-1000,0,0,0,11000,12000,-1000,-1000
04495P,台積電國票95售01,0,0,0,0,0,0,0,0,0,-1000,0,0,0,0,1000,-1000,-1000
048175,矽力國泰95購01  ,0,0,0,0,0,0,0,0,0,-1000,0,0,0,5000,6000,-1000,-1000
044850,南亞科統一94購01,0,0,0,0,0,0,0,0,0,-1000,0,0,0,0,1000,-1000,-1000
04707P,喬山元大94售01  ,0,0,0,0,0,0,0,0,0,-1000,0,0,0,0,1000,-1000,-1000
04693P,超眾群益95售01  ,0,0,0,0,0,0,0,0,0,-1000,0,0,0,5000,6000,-1000,-1000
048427,百和元富95購01  ,0,0,0,0,0,0,0,0,0,-1000,0,0,0,0,1000,-1000,-1000
048820,台積電凱基94購06,0,0,0,0,0,0,0,0,0,-1000,0,0,0,52000,53000,-1000,-1000
052083,S&P反1元大97購02,0,0,0,0,0,0,0,0,0,-1000,0,0,0,0,1000,-1000,-1000
054513,元金2X元大96購01,0,0,0,0,0,0,0,0,0,-1000,0,0,0,0,1000,-1000,-1000
054370,台積電中信9A購01,0,0,0,0,0,0,0,0,0,-1000,0,0,0,10000,11000,-1000,-1000
051241,台積電元大95購13,0,0,0,0,0,0,0,0,0,-1000,0,0,0,0,1000,-1000,-1000
050252,聯發科國泰95購01,0,0,0,0,0,0,0,0,0,-1000,0,0,0,0,1000,-1000,-1000
050489,聯詠元富94購01  ,0,0,0,0,0,0,0,0,0,-1000,0,0,0,0,1000,-1000,-1000
050650,大立光凱基96購01,0,0,0,0,0,0,0,0,0,-1000,0,0,0,8000,9000,-1000,-1000
05152P,玉晶光群益96售05,0,0,0,0,0,0,0,0,0,-1000,0,0,0,0,1000,-1000,-1000
051508,元黃金中信97購01,0,0,0,0,0,0,0,0,0,-1000,0,0,0,0,1000,-1000,-1000
04870P,大立光元富94售11,0,0,0,0,0,0,0,0,0,-1000,0,0,0,0,1000,-1000,-1000
051682,元黃金凱基97購01,0,0,0,0,0,0,0,0,0,-1000,0,0,0,0,1000,-1000,-1000
053684,台積電元大96購17,0,0,0,0,0,0,0,0,0,-1000,0,0,0,0,1000,-1000,-1000
053685,台積電元大96購18,0,0,0,0,0,0,0,0,0,-1000,0,0,0,0,1000,-1000,-1000
051979,群創凱基97購01  ,0,0,0,0,0,0,0,0,0,-1000,0,0,0,104000,105000,-1000,-1000
055345,國巨凱基98購01  ,0,0,0,0,0,0,0,0,0,-1000,0,0,0,0,1000,-1000,-1000
055151,台積電元大98購05,0,0,0,0,0,0,0,0,0,-1000,0,0,0,0,1000,-1000,-1000
054693,神基永豐97購01  ,0,0,0,0,0,0,0,0,0,-1000,0,0,0,10000,11000,-1000,-1000
055284,全新元大99購01  ,0,0,0,0,0,0,0,0,0,-1000,0,0,0,0,1000,-1000,-1000
054200,美律富邦97購02  ,0,0,0,0,0,0,0,0,0,-1000,0,0,0,0,1000,-1000,-1000
054290,奇力新元大96購05,0,0,0,0,0,0,0,0,0,-1000,0,0,0,0,1000,-1000,-1000
053377,台積電元大98購01,0,0,0,0,0,0,0,0,0,-1000,0,0,0,0,1000,-1000,-1000
053867,創意元大96購04  ,0,0,0,0,0,0,0,0,0,-1000,0,0,0,20000,21000,-1000,-1000
053468,鴻海元大98購01  ,0,0,0,0,0,0,0,0,0,-1000,0,0,0,0,1000,-1000,-1000
053463,可成富邦98購01  ,0,0,0,0,0,0,0,0,0,-1000,0,0,0,0,1000,-1000,-1000
05599P,欣興台新96售01  ,0,0,0,0,0,0,0,0,0,-1000,0,0,0,0,1000,-1000,-1000
05581P,華新科凱基96售07,0,0,0,0,0,0,0,0,0,-1000,0,0,0,10000,11000,-1000,-1000
055781,聯詠凱基98購01  ,0,0,0,0,0,0,0,0,0,-1000,0,0,0,1000,2000,-1000,-1000
055462,華邦電日盛97購01,0,0,0,0,0,0,0,0,0,-1000,0,0,0,0,1000,-1000,-1000
051823,矽力元富95購02  ,0,0,0,0,0,0,0,0,0,-1000,0,0,0,0,1000,-1000,-1000
052563,京元電日盛96購01,0,0,0,0,0,0,0,0,0,-1000,0,0,0,0,1000,-1000,-1000
051603,深中小群益99購03,0,0,0,0,0,0,0,0,0,-1000,0,0,0,2000,3000,-1000,-1000
052849,可成統一97購01  ,0,0,0,0,0,0,0,0,0,-1000,0,0,0,0,1000,-1000,-1000
052863,友達凱基98購02  ,0,0,0,0,0,0,0,0,0,-1000,0,0,0,0,1000,-1000,-1000
053003,國巨永豐96購02  ,0,0,0,0,0,0,0,0,0,-1000,0,0,0,0,1000,-1000,-1000
6405,悅城            ,2000,3000,-1000,0,0,0,0,0,0,0,0,0,0,0,0,0,-1000
4104,佳醫            ,67000,48000,19000,0,0,0,0,1000,-1000,-19000,0,19000,-19000,0,0,0,-1000
4807,日成-KY         ,4000,5000,-1000,0,0,0,0,0,0,0,0,0,0,0,0,0,-1000
4956,光鋐            ,61000,63000,-2000,0,0,0,0,0,0,1000,1000,0,1000,0,0,0,-1000
8940,新天地          ,0,0,0,0,0,0,0,0,0,-1000,0,1000,-1000,0,0,0,-1000
8488,吉源-KY         ,0,1000,-1000,0,0,0,0,0,0,0,0,0,0,0,0,0,-1000
06945P,國巨群益99售04  ,0,0,0,0,0,0,0,0,0,-1000,0,0,0,0,1000,-1000,-1000
06950P,鴻海統一9B售02  ,0,0,0,0,0,0,0,0,0,-1000,0,0,0,0,1000,-1000,-1000
07037P,台積電台新99售03,0,0,0,0,0,0,0,0,0,-1000,0,0,0,600000,601000,-1000,-1000
06918P,嘉聯益亞東99售01,0,0,0,0,0,0,0,0,0,-1000,0,0,0,49000,50000,-1000,-1000
06895P,台灣50統一9A售01,0,0,0,0,0,0,0,0,0,-1000,0,0,0,0,1000,-1000,-1000
06859P,元金2X中信9C售01,0,0,0,0,0,0,0,0,0,-1000,0,0,0,0,1000,-1000,-1000
06578P,華新科國票98售02,0,0,0,0,0,0,0,0,0,-1000,0,0,0,0,1000,-1000,-1000
06602P,國巨統一99售02  ,0,0,0,0,0,0,0,0,0,-1000,0,0,0,0,1000,-1000,-1000
06613P,華新科富邦9A售03,0,0,0,0,0,0,0,0,0,-1000,0,0,0,10000,11000,-1000,-1000
06545P,致茂元大98售01  ,0,0,0,0,0,0,0,0,0,-1000,0,0,0,10000,11000,-1000,-1000
06559P,玉晶光元富98售02,0,0,0,0,0,0,0,0,0,-1000,0,0,0,0,1000,-1000,-1000
06689P,鴻海中信9C售02  ,0,0,0,0,0,0,0,0,0,-1000,0,0,0,0,1000,-1000,-1000
06469P,臺股指凱基99售09,0,0,0,0,0,0,0,0,0,-1000,0,0,0,7000,8000,-1000,-1000
06477P,緯穎國票99售02  ,0,0,0,0,0,0,0,0,0,-1000,0,0,0,0,1000,-1000,-1000
06330P,南亞科群益97售03,0,0,0,0,0,0,0,0,0,-1000,0,0,0,0,1000,-1000,-1000
06283P,祥碩永豐97售01  ,0,0,0,0,0,0,0,0,0,-1000,0,0,0,1000,2000,-1000,-1000
3054,立萬利          ,2000,2000,0,0,0,0,0,0,0,-1000,0,1000,-1000,0,0,0,-1000
1720,生達            ,90000,87000,3000,0,0,0,0,0,0,-4000,0,4000,-4000,0,0,0,-1000
1776,展宇            ,0,1000,-1000,0,0,0,0,0,0,0,0,0,0,0,0,0,-1000
1903,士紙            ,0,1000,-1000,0,0,0,0,0,0,0,0,0,0,0,0,0,-1000
2031,新光鋼          ,412000,299000,113000,0,0,0,0,1000,-1000,-113000,36000,149000,-113000,0,0,0,-1000
2033,佳大            ,2000,3000,-1000,0,0,0,0,0,0,0,0,0,0,0,0,0,-1000
07123P,鴻海元大99售23  ,0,0,0,0,0,0,0,0,0,-1000,0,0,0,49000,50000,-1000,-1000
1110,東泥            ,0,1000,-1000,0,0,0,0,0,0,0,0,0,0,0,0,0,-1000
1419,新紡            ,0,1000,-1000,0,0,0,0,0,0,0,0,0,0,0,0,0,-1000
1235,興泰            ,0,0,0,0,0,0,0,0,0,-1000,0,1000,-1000,0,0,0,-1000
1236,宏亞            ,0,0,0,0,0,0,0,0,0,-1000,0,1000,-1000,0,0,0,-1000
1453,大將            ,0,1000,-1000,0,0,0,0,0,0,0,0,0,0,0,0,0,-1000
057577,廣宇中信9A購01  ,0,0,0,0,0,0,0,0,0,-2000,0,0,0,0,2000,-2000,-2000
057578,可成中信99購01  ,0,0,0,0,0,0,0,0,0,-2000,0,0,0,0,2000,-2000,-2000
057652,欣興永昌9C購01  ,0,0,0,0,0,0,0,0,0,-2000,0,0,0,0,2000,-2000,-2000
057769,T50反1群益98購02,0,0,0,0,0,0,0,0,0,-2000,0,0,0,0,2000,-2000,-2000
057222,鴻海國票99購04  ,0,0,0,0,0,0,0,0,0,-2000,0,0,0,20000,22000,-2000,-2000
057227,台積電凱基98購15,0,0,0,0,0,0,0,0,0,-2000,0,0,0,28000,30000,-2000,-2000
057466,泰鼎永豐98購01  ,0,0,0,0,0,0,0,0,0,-2000,0,0,0,0,2000,-2000,-2000
057988,鈺齊元富98購02  ,0,0,0,0,0,0,0,0,0,-2000,0,0,0,0,2000,-2000,-2000
058006,台郡群益98購04  ,0,0,0,0,0,0,0,0,0,-2000,0,0,0,0,2000,-2000,-2000
058055,華擎統一9A購01  ,0,0,0,0,0,0,0,0,0,-2000,0,0,0,0,2000,-2000,-2000
058448,滬深2X永豐9A購01,0,0,0,0,0,0,0,0,0,-2000,0,0,0,0,2000,-2000,-2000
06239P,奇力新元大97售08,0,0,0,0,0,0,0,0,0,-2000,0,0,0,3000,5000,-2000,-2000
06174P,國巨元大97售07  ,0,0,0,0,0,0,0,0,0,-2000,0,0,0,41000,43000,-2000,-2000
06067P,華新科康和97售01,0,0,0,0,0,0,0,0,0,-2000,0,0,0,8000,10000,-2000,-2000
05919P,京鼎元大96售03  ,0,0,0,0,0,0,0,0,0,-2000,0,0,0,2000,4000,-2000,-2000
058895,鴻海元大99購20  ,0,0,0,0,0,0,0,0,0,-2000,0,0,0,300000,302000,-2000,-2000
058683,可成凱基9A購01  ,0,0,0,0,0,0,0,0,0,-2000,0,0,0,0,2000,-2000,-2000
04987P,昇陽半永豐94售04,0,0,0,0,0,0,0,0,0,-2000,0,0,0,0,2000,-2000,-2000
049837,臺股指凱基96購02,0,0,0,0,0,0,0,0,0,-2000,0,0,0,0,2000,-2000,-2000
051401,華新科永豐95購01,0,0,0,0,0,0,0,0,0,-2000,0,0,0,8000,10000,-2000,-2000
049784,台積電兆豐94購05,0,0,0,0,0,0,0,0,0,-2000,0,0,0,20000,22000,-2000,-2000
050233,香港2X凱基96購01,0,0,0,0,0,0,0,0,0,-2000,0,0,0,0,2000,-2000,-2000
050283,T50反1凱基9A購01,0,0,0,0,0,0,0,0,0,-2000,0,0,0,0,2000,-2000,-2000
051239,國巨元大96購02  ,0,0,0,0,0,0,0,0,0,-2000,0,0,0,18000,20000,-2000,-2000
054354,技嘉富邦97購01  ,0,0,0,0,0,0,0,0,0,-2000,0,0,0,0,2000,-2000,-2000
054551,聯發科凱基98購02,0,0,0,0,0,0,0,0,0,-2000,0,0,0,0,2000,-2000,-2000
05008P,大立光元富95售05,0,0,0,0,0,0,0,0,0,-2000,0,0,0,0,2000,-2000,-2000
053302,國巨凱基96購10  ,0,0,0,0,0,0,0,0,0,-2000,0,0,0,8000,10000,-2000,-2000
054338,全新統一96購01  ,0,0,0,0,0,0,0,0,0,-2000,0,0,0,0,2000,-2000,-2000
046866,台積電統一94購03,0,0,0,0,0,0,0,0,0,-2000,0,0,0,1000,3000,-2000,-2000
05088P,大立光富邦99售01,0,0,0,0,0,0,0,0,0,-2000,0,0,0,1000,3000,-2000,-2000
049584,台積電元大96購04,0,0,0,0,0,0,0,0,0,-2000,0,0,0,8000,10000,-2000,-2000
00757,統一FANG+       ,0,0,0,0,0,0,0,0,0,-2000,0,0,0,200000,202000,-2000,-2000
03052X,元展49          ,0,0,0,0,0,0,0,0,0,-2000,0,0,0,0,2000,-2000,-2000
03035X,元展32          ,0,0,0,0,0,0,0,0,0,-2000,0,0,0,0,2000,-2000,-2000
04322P,可成元大94售01  ,0,0,0,0,0,0,0,0,0,-2000,0,0,0,14000,16000,-2000,-2000
047783,聯茂國泰94購02  ,0,0,0,0,0,0,0,0,0,-2000,0,0,0,0,2000,-2000,-2000
047701,鴻海凱基94購12  ,0,0,0,0,0,0,0,0,0,-2000,0,0,0,24000,26000,-2000,-2000
04753P,台積電統一94售11,0,0,0,0,0,0,0,0,0,-2000,0,0,0,0,2000,-2000,-2000
053029,國巨第一96購01  ,0,0,0,0,0,0,0,0,0,-2000,0,0,0,0,2000,-2000,-2000
052923,台積電永豐96購02,0,0,0,0,0,0,0,0,0,-2000,0,0,0,0,2000,-2000,-2000
051776,上証2X群益99購01,0,0,0,0,0,0,0,0,0,-2000,0,0,0,102000,104000,-2000,-2000
051752,緯穎富邦96購01  ,0,0,0,0,0,0,0,0,0,-2000,0,0,0,0,2000,-2000,-2000
051805,元黃金凱基97購02,0,0,0,0,0,0,0,0,0,-2000,0,0,0,0,2000,-2000,-2000
055471,聯發科凱基97購04,0,0,0,0,0,0,0,0,0,-2000,0,0,0,3000,5000,-2000,-2000
055384,緯穎元大98購02  ,0,0,0,0,0,0,0,0,0,-2000,0,0,0,59000,61000,-2000,-2000
056108,麗豐永豐97購01  ,0,0,0,0,0,0,0,0,0,-2000,0,0,0,0,2000,-2000,-2000
055711,上銀元大97購04  ,0,0,0,0,0,0,0,0,0,-2000,0,0,0,20000,22000,-2000,-2000
055727,矽力元大97購02  ,0,0,0,0,0,0,0,0,0,-2000,0,0,0,0,2000,-2000,-2000
052202,矽力統一96購01  ,0,0,0,0,0,0,0,0,0,-2000,0,0,0,0,2000,-2000,-2000
054272,華通中信98購01  ,0,0,0,0,0,0,0,0,0,-2000,0,0,0,0,2000,-2000,-2000
05416P,喬山永豐95售04  ,0,0,0,0,0,0,0,0,0,-2000,0,0,0,0,2000,-2000,-2000
054074,健策富邦98購01  ,0,0,0,0,0,0,0,0,0,-2000,0,0,0,0,2000,-2000,-2000
055272,國巨元大98購04  ,0,0,0,0,0,0,0,0,0,-2000,0,0,0,50000,52000,-2000,-2000
053506,南茂兆豐97購01  ,0,0,0,0,0,0,0,0,0,-2000,0,0,0,30000,32000,-2000,-2000
053484,國巨國票97購03  ,0,0,0,0,0,0,0,0,0,-2000,0,0,0,0,2000,-2000,-2000
054478,可成中信97購01  ,0,0,0,0,0,0,0,0,0,-2000,0,0,0,0,2000,-2000,-2000
054899,南港康和97購01  ,0,0,0,0,0,0,0,0,0,-2000,0,0,0,0,2000,-2000,-2000
054842,台達電兆豐98購01,0,0,0,0,0,0,0,0,0,-2000,0,0,0,10000,12000,-2000,-2000
05203P,華新科元大95售10,0,0,0,0,0,0,0,0,0,-2000,0,0,0,159000,161000,-2000,-2000
051697,康友中信95購02  ,0,0,0,0,0,0,0,0,0,-2000,0,0,0,0,2000,-2000,-2000
1459,聯發            ,0,2000,-2000,0,0,0,0,0,0,0,0,0,0,0,0,0,-2000
07135P,臺股指元大9A售29,0,0,0,0,0,0,0,0,0,-2000,0,0,0,0,2000,-2000,-2000
2038,海光            ,8000,10000,-2000,0,0,0,0,0,0,0,0,0,0,0,0,0,-2000
2243,宏旭-KY         ,0,2000,-2000,0,0,0,0,0,0,0,0,0,0,0,0,0,-2000
2013,中鋼構          ,34000,36000,-2000,0,0,0,0,0,0,0,0,0,0,0,0,0,-2000
1525,江申            ,0,2000,-2000,0,0,0,0,0,0,0,0,0,0,0,0,0,-2000
1516,川飛            ,5000,7000,-2000,0,0,0,0,0,0,0,0,0,0,0,0,0,-2000
3046,建碁            ,5000,7000,-2000,0,0,0,0,0,0,0,0,0,0,0,0,0,-2000
3021,鴻名            ,1000,2000,-1000,0,0,0,0,0,0,-1000,0,1000,-1000,0,0,0,-2000
2891C,中信金丙特      ,0,0,0,0,0,0,0,0,0,-2000,7000,9000,-2000,0,0,0,-2000
3011,今皓            ,0,2000,-2000,0,0,0,0,0,0,0,0,0,0,0,0,0,-2000
2910,統領            ,1000,3000,-2000,0,0,0,0,0,0,0,0,0,0,0,0,0,-2000
2460,建通            ,0,2000,-2000,0,0,0,0,0,0,0,0,0,0,0,0,0,-2000
06299P,可成元大97售04  ,0,0,0,0,0,0,0,0,0,-2000,0,0,0,0,2000,-2000,-2000
06376P,上銀統一99售01  ,0,0,0,0,0,0,0,0,0,-2000,0,0,0,0,2000,-2000,-2000
06654P,欣興元大98售08  ,0,0,0,0,0,0,0,0,0,-2000,0,0,0,10000,12000,-2000,-2000
06621P,欣興元大98售06  ,0,0,0,0,0,0,0,0,0,-2000,0,0,0,10000,12000,-2000,-2000
06645P,上銀元大98售05  ,0,0,0,0,0,0,0,0,0,-2000,0,0,0,5000,7000,-2000,-2000
06600P,貿聯永豐98售01  ,0,0,0,0,0,0,0,0,0,-2000,0,0,0,2000,4000,-2000,-2000
06912P,台光電元大99售02,0,0,0,0,0,0,0,0,0,-2000,0,0,0,10000,12000,-2000,-2000
06788P,臺股指元大98售05,0,0,0,0,0,0,0,0,0,-2000,0,0,0,0,2000,-2000,-2000
06810P,國巨統一99售03  ,0,0,0,0,0,0,0,0,0,-2000,0,0,0,0,2000,-2000,-2000
06845P,億光元大98售02  ,0,0,0,0,0,0,0,0,0,-2000,0,0,0,10000,12000,-2000,-2000
07102P,南電元大99售03  ,0,0,0,0,0,0,0,0,0,-2000,0,0,0,0,2000,-2000,-2000
07078P,鴻海群益99售02  ,0,0,0,0,0,0,0,0,0,-2000,0,0,0,0,2000,-2000,-2000
06957P,FBVIX凱基01售01 ,0,0,0,0,0,0,0,0,0,-2000,0,0,0,9000,11000,-2000,-2000
06949P,台表科元大99售01,0,0,0,0,0,0,0,0,0,-2000,0,0,0,12000,14000,-2000,-2000
06940P,旺宏永豐98售05  ,0,0,0,0,0,0,0,0,0,-2000,0,0,0,0,2000,-2000,-2000
07003P,聯發科兆豐99售02,0,0,0,0,0,0,0,0,0,-2000,0,0,0,10000,12000,-2000,-2000
8466,美吉吉-KY       ,1000,3000,-2000,0,0,0,0,0,0,0,0,0,0,0,0,0,-2000
8467,波力-KY         ,0,2000,-2000,0,0,0,0,0,0,0,0,0,0,0,0,0,-2000
9942,茂順            ,24000,26000,-2000,0,0,0,0,0,0,0,0,0,0,0,0,0,-2000
9931,欣高            ,0,2000,-2000,0,0,0,0,0,0,0,0,0,0,0,0,0,-2000
4919,新唐            ,280000,237000,43000,0,0,0,1000,1000,0,-45000,1000,24000,-23000,12000,34000,-22000,-2000
4555,氣立            ,2000,4000,-2000,0,0,0,0,0,0,0,0,0,0,0,0,0,-2000
3130,一零四          ,0,2000,-2000,0,0,0,0,0,0,0,0,0,0,0,0,0,-2000
6671,三能-KY         ,0,2000,-2000,0,0,0,0,0,0,0,0,0,0,0,0,0,-2000
6133,金橋            ,0,2000,-2000,0,0,0,0,0,0,0,0,0,0,0,0,0,-2000
5284,jpp-KY          ,2000,4000,-2000,0,0,0,0,0,0,0,0,0,0,0,0,0,-2000
058765,緯穎群益99購03  ,0,0,0,0,0,0,0,0,0,-3000,0,0,0,0,3000,-3000,-3000
058970,鴻海永豐99購02  ,0,0,0,0,0,0,0,0,0,-3000,0,0,0,15000,18000,-3000,-3000
059077,FBVIX元大99購05 ,0,0,0,0,0,0,0,0,0,-3000,0,0,0,0,3000,-3000,-3000
06068P,玉晶光康和97售01,0,0,0,0,0,0,0,0,0,-3000,0,0,0,1000,4000,-3000,-3000
05995P,T50正2中信9C售01,0,0,0,0,0,0,0,0,0,-3000,0,0,0,0,3000,-3000,-3000
06169P,華新科元富97售02,0,0,0,0,0,0,0,0,0,-3000,0,0,0,7000,10000,-3000,-3000
058439,玉晶光統一01購02,0,0,0,0,0,0,0,0,0,-3000,0,0,0,4000,7000,-3000,-3000
058314,欣興富邦9B購01  ,0,0,0,0,0,0,0,0,0,-3000,0,0,0,0,3000,-3000,-3000
058628,宏達電國票9A購01,0,0,0,0,0,0,0,0,0,-3000,0,0,0,0,3000,-3000,-3000
058059,晶技元富98購01  ,0,0,0,0,0,0,0,0,0,-3000,0,0,0,37000,40000,-3000,-3000
057249,華邦電統一9A購01,0,0,0,0,0,0,0,0,0,-3000,0,0,0,0,3000,-3000,-3000
057796,鴻海兆豐99購03  ,0,0,0,0,0,0,0,0,0,-3000,0,0,0,10000,13000,-3000,-3000
057818,泰碩元大9A購01  ,0,0,0,0,0,0,0,0,0,-3000,0,0,0,135000,138000,-3000,-3000
056904,大立光元大99購05,0,0,0,0,0,0,0,0,0,-3000,0,0,0,25000,28000,-3000,-3000
056612,台積電永豐98購01,0,0,0,0,0,0,0,0,0,-3000,0,0,0,7000,10000,-3000,-3000
056414,國巨中信98購02  ,0,0,0,0,0,0,0,0,0,-3000,0,0,0,7000,10000,-3000,-3000
047832,漢唐元大94購03  ,0,0,0,0,0,0,0,0,0,-3000,0,0,0,20000,23000,-3000,-3000
03560P,台積電兆豐03售10,0,0,0,0,0,0,0,0,0,-3000,0,0,0,0,3000,-3000,-3000
03671C,元油2X元大03牛01,0,0,0,0,0,0,0,0,0,-3000,0,0,0,0,3000,-3000,-3000
042379,T50反1群益93購03,0,0,0,0,0,0,0,0,0,-3000,0,0,0,0,3000,-3000,-3000
00743,國泰中國A150    ,0,292000,-292000,0,0,0,0,0,0,289000,0,0,0,294000,5000,289000,-3000
01007T,兆豐國泰R2      ,0,3000,-3000,0,0,0,0,0,0,0,0,0,0,0,0,0,-3000
00657,國泰日經225     ,4000,0,4000,0,0,0,0,0,0,-7000,0,0,0,100000,107000,-7000,-3000
006203,元大MSCI台灣    ,3000,1000,2000,0,0,0,0,0,0,-5000,0,0,0,1000,6000,-5000,-3000
006204,永豐臺灣加權    ,0,0,0,0,0,0,0,0,0,-3000,0,0,0,3000,6000,-3000,-3000
04820P,聯茂永豐94售02  ,0,0,0,0,0,0,0,0,0,-3000,0,0,0,0,3000,-3000,-3000
048288,T50反1群益93購05,0,0,0,0,0,0,0,0,0,-3000,0,0,0,0,3000,-3000,-3000
044909,玉晶光凱基93購02,0,0,0,0,0,0,0,0,0,-3000,0,0,0,0,3000,-3000,-3000
045250,華通凱基94購01  ,0,0,0,0,0,0,0,0,0,-3000,0,0,0,0,3000,-3000,-3000
04835P,鴻海元大94售18  ,0,0,0,0,0,0,0,0,0,-3000,0,0,0,10000,13000,-3000,-3000
051227,技嘉群益97購01  ,0,0,0,0,0,0,0,0,0,-3000,0,0,0,12000,15000,-3000,-3000
05105P,大立光台新95售02,0,0,0,0,0,0,0,0,0,-3000,0,0,0,0,3000,-3000,-3000
050458,台郡元大94購03  ,0,0,0,0,0,0,0,0,0,-3000,0,0,0,10000,13000,-3000,-3000
050446,鴻海元大94購22  ,0,0,0,0,0,0,0,0,0,-3000,0,0,0,0,3000,-3000,-3000
054708,華通統一97購02  ,0,0,0,0,0,0,0,0,0,-3000,0,0,0,0,3000,-3000,-3000
053521,緯穎群益96購02  ,0,0,0,0,0,0,0,0,0,-3000,0,0,0,6000,9000,-3000,-3000
054267,上銀第一96購01  ,0,0,0,0,0,0,0,0,0,-3000,0,0,0,0,3000,-3000,-3000
055702,美律富邦98購01  ,0,0,0,0,0,0,0,0,0,-3000,0,0,0,0,3000,-3000,-3000
05276P,GIS永豐95售02   ,0,0,0,0,0,0,0,0,0,-3000,0,0,0,0,3000,-3000,-3000
052724,力成統一97購01  ,0,0,0,0,0,0,0,0,0,-3000,0,0,0,0,3000,-3000,-3000
052676,聯發科永昌98購01,0,0,0,0,0,0,0,0,0,-3000,0,0,0,0,3000,-3000,-3000
056029,國巨麥證98購01  ,0,0,0,0,3000,-3000,0,0,0,-3000,0,0,0,0,3000,-3000,-3000
6581,鋼聯            ,1000,4000,-3000,0,0,0,0,0,0,0,0,0,0,0,0,0,-3000
8033,雷虎            ,0,3000,-3000,0,0,0,0,0,0,0,0,0,0,0,0,0,-3000
3057,喬鼎            ,0,3000,-3000,0,0,0,0,0,0,0,0,0,0,0,0,0,-3000
9935,慶豐富          ,384000,387000,-3000,0,0,0,0,0,0,0,0,0,0,0,0,0,-3000
06990P,康友元富99售03  ,0,0,0,0,0,0,0,0,0,-3000,0,0,0,47000,50000,-3000,-3000
06963P,鴻海凱基99售04  ,0,0,0,0,0,0,0,0,0,-3000,0,0,0,59000,62000,-3000,-3000
07081P,南電群益9A售01  ,0,0,0,0,0,0,0,0,0,-3000,0,0,0,0,3000,-3000,-3000
07101P,台郡元大99售06  ,0,0,0,0,0,0,0,0,0,-3000,0,0,0,10000,13000,-3000,-3000
07043P,國巨元大99售14  ,0,0,0,0,0,0,0,0,0,-3000,0,0,0,45000,48000,-3000,-3000
06763P,技嘉元大98售05  ,0,0,0,0,0,0,0,0,0,-3000,0,0,0,7000,10000,-3000,-3000
06765P,欣興元大98售11  ,0,0,0,0,0,0,0,0,0,-3000,0,0,0,0,3000,-3000,-3000
06576P,台光電群益98售03,0,0,0,0,0,0,0,0,0,-3000,0,0,0,0,3000,-3000,-3000
06540P,聯發科凱基98售13,0,0,0,0,0,0,0,0,0,-3000,0,0,0,5000,8000,-3000,-3000
06636P,可成凱基98售08  ,0,0,0,0,0,0,0,0,0,-3000,0,0,0,100000,103000,-3000,-3000
06624P,訊芯元大98售06  ,0,0,0,0,0,0,0,0,0,-3000,0,0,0,2000,5000,-3000,-3000
06498P,臺股指元大9A售03,0,0,0,0,0,0,0,0,0,-3000,0,0,0,27000,30000,-3000,-3000
2466,冠西電          ,2000,6000,-4000,0,0,0,0,0,0,1000,1000,0,1000,0,0,0,-3000
2739,寒舍            ,0,3000,-3000,0,0,0,0,0,0,0,0,0,0,0,0,0,-3000
1101B,台泥乙特        ,0,0,0,0,0,0,0,0,0,-3000,18000,21000,-3000,0,0,0,-3000
1506,正道            ,0,3000,-3000,0,0,0,0,0,0,0,0,0,0,0,0,0,-3000
056382,道瓊反國泰9A購01,0,0,0,0,0,0,0,0,0,-4000,0,0,0,0,4000,-4000,-4000
056309,合勤控元大97購01,0,0,0,0,0,0,0,0,0,-4000,0,0,0,0,4000,-4000,-4000
057772,台積電群益99購01,0,0,0,0,0,0,0,0,0,-4000,0,0,0,20000,24000,-4000,-4000
057638,上銀元大99購01  ,0,0,0,0,0,0,0,0,0,-4000,0,0,0,0,4000,-4000,-4000
057379,寶成元大98購02  ,0,0,0,0,0,0,0,0,0,-4000,0,0,0,30000,34000,-4000,-4000
058052,南電元大98購02  ,0,0,0,0,0,0,0,0,0,-4000,0,0,0,22000,26000,-4000,-4000
058473,上銀凱基9A購03  ,0,0,0,0,0,0,0,0,0,-4000,0,0,0,0,4000,-4000,-4000
058349,滬深2X日盛9A購01,0,0,0,0,0,0,0,0,0,-4000,0,0,0,0,4000,-4000,-4000
06161P,聯發科群益97售03,0,0,0,0,0,0,0,0,0,-4000,0,0,0,0,4000,-4000,-4000
06005P,晶豪科永豐96售04,0,0,0,0,0,0,0,0,0,-4000,0,0,0,0,4000,-4000,-4000
059114,華新科永豐99購05,0,0,0,0,0,0,0,0,0,-4000,0,0,0,56000,60000,-4000,-4000
058951,南電群益99購01  ,0,0,0,0,0,0,0,0,0,-4000,0,0,0,0,4000,-4000,-4000
059017,台灣50統一9B購03,0,0,0,0,0,0,0,0,0,-4000,0,0,0,0,4000,-4000,-4000
058797,大毅元大99購03  ,0,0,0,0,0,0,0,0,0,-4000,0,0,0,0,4000,-4000,-4000
050173,旺宏元大96購02  ,0,0,0,0,0,0,0,0,0,-4000,0,0,0,6000,10000,-4000,-4000
050174,技嘉元大94購01  ,0,0,0,0,0,0,0,0,0,-4000,0,0,0,30000,34000,-4000,-4000
050275,緯穎元大94購10  ,0,0,0,0,0,0,0,0,0,-4000,0,0,0,0,4000,-4000,-4000
051532,潤泰全國票96購01,0,0,0,0,0,0,0,0,0,-4000,0,0,0,0,4000,-4000,-4000
053355,超眾兆豐97購01  ,0,0,0,0,0,0,0,0,0,-4000,0,0,0,0,4000,-4000,-4000
052132,旺宏凱基9B購01  ,0,0,0,0,0,0,0,0,0,-4000,0,0,0,3000,7000,-4000,-4000
04646P,TPK凱基94售03   ,0,0,0,0,0,0,0,0,0,-4000,0,0,0,6000,10000,-4000,-4000
049387,緯穎元大94購03  ,0,0,0,0,0,0,0,0,0,-4000,0,0,0,0,4000,-4000,-4000
044533,S&P反1中信94購02,0,0,0,0,0,0,0,0,0,-4000,0,0,0,10000,14000,-4000,-4000
04957P,上証2X凱基96售02,0,0,0,0,0,0,0,0,0,-4000,0,0,0,0,4000,-4000,-4000
050990,T50反1元大95購01,0,0,0,0,0,0,0,0,0,-4000,0,0,0,0,4000,-4000,-4000
03012X,元展12          ,0,0,0,0,0,0,0,0,0,-4000,0,0,0,0,4000,-4000,-4000
03049X,元展46          ,0,0,0,0,0,0,0,0,0,-4000,0,0,0,0,4000,-4000,-4000
04726P,TPK凱基94售04   ,0,0,0,0,0,0,0,0,0,-4000,0,0,0,6000,10000,-4000,-4000
035276,南亞科台新97購01,0,0,0,0,0,0,0,0,0,-4000,0,0,0,2000,6000,-4000,-4000
047406,香港反統一94購01,0,0,0,0,0,0,0,0,0,-4000,0,0,0,1000,5000,-4000,-4000
055980,祥碩統一98購01  ,0,0,0,0,0,0,0,0,0,-4000,0,0,0,0,4000,-4000,-4000
055827,中石化元大98購01,0,0,0,0,0,0,0,0,0,-4000,0,0,0,0,4000,-4000,-4000
056066,奇鋐元大98購02  ,0,0,0,0,0,0,0,0,0,-4000,0,0,0,16000,20000,-4000,-4000
05621P,聯電中信96售01  ,0,0,0,0,0,0,0,0,0,-4000,0,0,0,41000,45000,-4000,-4000
052736,T50反1元大96購05,0,0,0,0,0,0,0,0,0,-4000,0,0,0,9000,13000,-4000,-4000
053053,京元電國票97購02,0,0,0,0,0,0,0,0,0,-4000,0,0,0,0,4000,-4000,-4000
05230P,京元電群益95售01,0,0,0,0,0,0,0,0,0,-4000,0,0,0,0,4000,-4000,-4000
055113,大立光凱基98購06,0,0,0,0,0,0,0,0,0,-4000,0,0,0,0,4000,-4000,-4000
055214,聯電凱基97購02  ,0,0,0,0,0,0,0,0,0,-4000,0,0,0,6000,10000,-4000,-4000
1423,利華            ,5000,9000,-4000,0,0,0,0,0,0,0,0,0,0,0,0,0,-4000
08818P,台灣50凱基01售18,0,5000,-5000,0,0,0,0,0,0,1000,0,0,0,1000,0,1000,-4000
2069,運錩            ,6000,10000,-4000,0,0,0,0,0,0,0,0,0,0,0,0,0,-4000
2032,新鋼            ,3000,7000,-4000,0,0,0,0,0,0,0,0,0,0,0,0,0,-4000
2530,華建            ,1000,5000,-4000,0,0,0,0,0,0,0,0,0,0,0,0,0,-4000
2429,銘旺科          ,71000,75000,-4000,0,0,0,0,0,0,0,0,0,0,0,0,0,-4000
2482,連宇            ,8000,12000,-4000,0,0,0,0,0,0,0,0,0,0,0,0,0,-4000
06359P,上銀群益97售03  ,0,0,0,0,0,0,0,0,0,-4000,0,0,0,22000,26000,-4000,-4000
06339P,上銀統一97售06  ,0,0,0,0,0,0,0,0,0,-4000,0,0,0,6000,10000,-4000,-4000
06560P,台積電統一98售07,0,0,0,0,0,0,0,0,0,-4000,0,0,0,0,4000,-4000,-4000
06833P,矽力群益99售01  ,0,0,0,0,0,0,0,0,0,-4000,0,0,0,0,4000,-4000,-4000
06865P,亞德客元大98售04,0,0,0,0,0,0,0,0,0,-4000,0,0,0,10000,14000,-4000,-4000
07071P,立積元富99售01  ,0,0,0,0,0,0,0,0,0,-4000,0,0,0,7000,11000,-4000,-4000
8443,阿瘦            ,1000,5000,-4000,0,0,0,0,0,0,0,0,0,0,0,0,0,-4000
3266,昇陽            ,0,3000,-3000,0,0,0,0,0,0,-1000,0,1000,-1000,0,0,0,-4000
4930,燦星網          ,4000,8000,-4000,0,0,0,0,0,0,0,0,0,0,0,0,0,-4000
6172,互億            ,4000,8000,-4000,0,0,0,0,0,0,0,0,0,0,0,0,0,-4000
058781,康友國票9A購01  ,0,0,0,0,0,0,0,0,0,-5000,0,0,0,0,5000,-5000,-5000
059010,臺股指元大99購12,0,0,0,0,0,0,0,0,0,-5000,0,0,0,0,5000,-5000,-5000
059005,嘉晶元大99購06  ,0,0,0,0,0,0,0,0,0,-5000,0,0,0,27000,32000,-5000,-5000
05910P,力山永豐96售02  ,0,0,0,0,0,0,0,0,0,-5000,0,0,0,0,5000,-5000,-5000
05977P,旺宏永豐96售06  ,0,0,0,0,0,0,0,0,0,-5000,0,0,0,0,5000,-5000,-5000
06076P,大立光凱基98售03,0,0,0,0,0,0,0,0,0,-5000,0,0,0,27000,32000,-5000,-5000
06212P,華新科元大97售11,0,0,0,0,0,0,0,0,0,-5000,0,0,0,7000,12000,-5000,-5000
058433,台積電統一9B購04,0,0,0,0,0,0,0,0,0,-5000,0,0,0,0,5000,-5000,-5000
058402,欣興元大99購04  ,0,0,0,0,0,0,0,0,0,-5000,0,0,0,3000,8000,-5000,-5000
058484,元金2X國票04購01,0,0,0,0,0,0,0,0,0,-5000,0,0,0,0,5000,-5000,-5000
058630,日月光國票9A購01,0,0,0,0,0,0,0,0,0,-5000,0,0,0,0,5000,-5000,-5000
058636,亞光兆豐9A購01  ,0,0,0,0,0,0,0,0,0,-5000,0,0,0,0,5000,-5000,-5000
058591,台灣50統一9B購02,0,0,0,0,0,0,0,0,0,-5000,0,0,0,0,5000,-5000,-5000
05854P,華新科凱基96售09,0,0,0,0,0,0,0,0,0,-5000,0,0,0,10000,15000,-5000,-5000
058015,旺宏凱基99購02  ,0,0,0,0,0,0,0,0,0,-5000,0,0,0,0,5000,-5000,-5000
058034,神達永豐98購02  ,0,0,0,0,0,0,0,0,0,-5000,0,0,0,8000,13000,-5000,-5000
057899,台積電永豐98購04,0,0,0,0,0,0,0,0,0,-5000,0,0,0,0,5000,-5000,-5000
057919,技嘉凱基98購03  ,0,0,0,0,0,0,0,0,0,-5000,0,0,0,0,5000,-5000,-5000
057933,聯發科群益98購06,0,0,0,0,0,0,0,0,0,-5000,0,0,0,30000,35000,-5000,-5000
058208,百和凱基99購01  ,0,0,0,0,0,0,0,0,0,-5000,0,0,0,20000,25000,-5000,-5000
057349,聯發科統一98購04,0,0,0,0,0,0,0,0,0,-5000,0,0,0,0,5000,-5000,-5000
057204,利勤元富98購01  ,0,0,0,0,0,0,0,0,0,-5000,0,0,0,15000,20000,-5000,-5000
05712P,友達統一97售03  ,0,0,0,0,0,0,0,0,0,-5000,0,0,0,0,5000,-5000,-5000
057104,康友中信99購01  ,0,0,0,0,0,0,0,0,0,-5000,0,0,0,0,5000,-5000,-5000
057658,玉晶光兆豐99購02,0,0,0,0,0,0,0,0,0,-5000,0,0,0,5000,10000,-5000,-5000
057582,亞光中信9A購02  ,0,0,0,0,0,0,0,0,0,-5000,0,0,0,0,5000,-5000,-5000
057683,技嘉日盛98購01  ,0,0,0,0,0,0,0,0,0,-5000,0,0,0,0,5000,-5000,-5000
057811,南亞科元大98購08,0,0,0,0,0,0,0,0,0,-5000,0,0,0,25000,30000,-5000,-5000
056373,上銀統一99購02  ,0,0,0,0,0,0,0,0,0,-5000,0,0,0,0,5000,-5000,-5000
056447,聯發科凱基98購09,0,0,0,0,0,0,0,0,0,-5000,0,0,0,1000,6000,-5000,-5000
056465,臺股指凱基99購07,0,0,0,0,0,0,0,0,0,-5000,0,0,0,0,5000,-5000,-5000
056821,日電貿永豐98購01,0,0,0,0,0,0,0,0,0,-5000,0,0,0,0,5000,-5000,-5000
047780,友達中信96購01  ,0,0,0,0,0,0,0,0,0,-5000,0,0,0,10000,15000,-5000,-5000
03980P,群創凱基95售02  ,0,0,0,0,0,0,0,0,0,-5000,0,0,0,0,5000,-5000,-5000
04023P,臺股指元富99售02,0,0,0,0,0,0,0,0,0,-5000,0,0,0,5000,10000,-5000,-5000
04025P,宏達電國泰94售01,0,0,0,0,0,0,0,0,0,-5000,0,0,0,9000,14000,-5000,-5000
047405,香港2X統一96購01,0,0,0,0,0,0,0,0,0,-5000,0,0,0,0,5000,-5000,-5000
03077X,元展72          ,0,0,0,0,0,0,0,0,0,-5000,0,0,0,0,5000,-5000,-5000
03415B,臺股指元大93熊49,0,0,0,0,0,0,0,0,0,-5000,0,0,0,12000,17000,-5000,-5000
04293P,滬深2X元大96售02,0,0,0,0,0,0,0,0,0,-5000,0,0,0,5000,10000,-5000,-5000
04954P,健策國票96售01  ,0,0,0,0,0,0,0,0,0,-5000,0,0,0,5000,10000,-5000,-5000
044567,華通凱基93購03  ,0,0,0,0,0,0,0,0,0,-5000,0,0,0,5000,10000,-5000,-5000
05207P,高股息中信97售03,0,0,0,0,0,0,0,0,0,-5000,0,0,0,0,5000,-5000,-5000
050109,國巨元大94購13  ,0,0,0,0,0,0,0,0,0,-5000,0,0,0,10000,15000,-5000,-5000
054571,楠梓電元大99購01,0,0,0,0,0,0,0,0,0,-5000,0,0,0,0,5000,-5000,-5000
054383,傳奇群益97購01  ,0,0,0,0,0,0,0,0,0,-5000,0,0,0,0,5000,-5000,-5000
053993,旺宏群益98購02  ,0,0,0,0,0,0,0,0,0,-5000,0,0,0,3000,8000,-5000,-5000
048348,矽力元大93購03  ,0,0,0,0,0,0,0,0,0,-5000,0,0,0,0,5000,-5000,-5000
049153,大立光元大96購02,0,0,0,0,0,0,0,0,0,-5000,0,0,0,146000,151000,-5000,-5000
05135P,鴻海凱基96售07  ,0,0,0,0,0,0,0,0,0,-5000,0,0,0,54000,59000,-5000,-5000
050612,台積電元大95購06,0,0,0,0,0,0,0,0,0,-5000,0,0,0,0,5000,-5000,-5000
050629,廣宇亞東96購01  ,0,0,0,0,0,0,0,0,0,-5000,0,0,0,0,5000,-5000,-5000
049931,矽力元大94購01  ,0,0,0,0,0,0,0,0,0,-5000,0,0,0,10000,15000,-5000,-5000
051479,兆豐金凱基95購01,0,0,0,0,0,0,0,0,0,-5000,0,0,0,0,5000,-5000,-5000
050374,上緯控元大95購01,0,0,0,0,0,0,0,0,0,-5000,0,0,0,0,5000,-5000,-5000
05119P,聯發科國泰96售02,0,0,0,0,0,0,0,0,0,-5000,0,0,0,0,5000,-5000,-5000
051131,玉山金台新95購01,0,0,0,0,0,0,0,0,0,-5000,0,0,0,20000,25000,-5000,-5000
050218,世紀鋼統一94購02,0,0,0,0,0,0,0,0,0,-5000,0,0,0,5000,10000,-5000,-5000
05519P,上証2X凱基98售01,0,0,0,0,0,0,0,0,0,-5000,0,0,0,15000,20000,-5000,-5000
054966,貿聯元大98購02  ,0,0,0,0,0,0,0,0,0,-5000,0,0,0,0,5000,-5000,-5000
054942,凱美元大97購02  ,0,0,0,0,0,0,0,0,0,-5000,0,0,0,110000,115000,-5000,-5000
054931,緯穎凱基98購01  ,0,0,0,0,0,0,0,0,0,-5000,0,0,0,11000,16000,-5000,-5000
055072,康友永豐97購02  ,0,0,0,0,0,0,0,0,0,-5000,0,0,0,0,5000,-5000,-5000
051704,智邦群益95購02  ,0,0,0,0,0,0,0,0,0,-5000,0,0,0,0,5000,-5000,-5000
052029,矽力群益95購02  ,0,0,0,0,0,0,0,0,0,-5000,0,0,0,0,5000,-5000,-5000
051908,國泰金元大96購02,0,0,0,0,0,0,0,0,0,-5000,0,0,0,0,5000,-5000,-5000
053582,英業達元大97購01,0,0,0,0,0,0,0,0,0,-5000,0,0,0,10000,15000,-5000,-5000
052530,台郡元大96購04  ,0,0,0,0,0,0,0,0,0,-5000,0,0,0,0,5000,-5000,-5000
053596,嘉澤元大96購01  ,0,0,0,0,0,0,0,0,0,-5000,0,0,0,0,5000,-5000,-5000
053600,同欣電元大96購04,0,0,0,0,0,0,0,0,0,-5000,0,0,0,20000,25000,-5000,-5000
05447P,臺股指元大95售24,0,0,0,0,0,0,0,0,0,-5000,0,0,0,0,5000,-5000,-5000
052375,奇力新元大96購02,0,0,0,0,0,0,0,0,0,-5000,0,0,0,8000,13000,-5000,-5000
055264,國巨永豐98購01  ,0,0,0,0,0,0,0,0,0,-5000,0,0,0,0,5000,-5000,-5000
054640,健策中信9B購01  ,0,0,0,0,0,0,0,0,0,-5000,0,0,0,125000,130000,-5000,-5000
053080,力山元大96購02  ,0,0,0,0,0,0,0,0,0,-5000,0,0,0,0,5000,-5000,-5000
053215,禾伸堂凱基96購01,0,0,0,0,0,0,0,0,0,-5000,0,0,0,5000,10000,-5000,-5000
055436,晶豪科中信99購01,0,0,0,0,0,0,0,0,0,-5000,0,0,0,0,5000,-5000,-5000
055444,致新台新97購01  ,0,0,0,0,0,0,0,0,0,-5000,0,0,0,0,5000,-5000,-5000
053745,康友國票97購01  ,0,0,0,0,0,0,0,0,0,-5000,0,0,0,0,5000,-5000,-5000
053734,友達中信98購02  ,0,0,0,0,0,0,0,0,0,-5000,0,0,0,5000,10000,-5000,-5000
051560,玉晶光國泰97購03,0,0,0,0,0,0,0,0,0,-5000,0,0,0,251000,256000,-5000,-5000
053814,美律群益97購02  ,0,0,0,0,0,0,0,0,0,-5000,0,0,0,0,5000,-5000,-5000
052770,聯茂群益96購02  ,0,0,0,0,0,0,0,0,0,-5000,0,0,0,5000,10000,-5000,-5000
053825,南電群益96購02  ,0,0,0,0,0,0,0,0,0,-5000,0,0,0,10000,15000,-5000,-5000
055723,康控元大97購04  ,0,0,0,0,0,0,0,0,0,-5000,0,0,0,0,5000,-5000,-5000
055669,緯穎群益97購02  ,0,0,0,0,0,0,0,0,0,-5000,0,0,0,0,5000,-5000,-5000
055680,美律凱基99購01  ,0,0,0,0,0,0,0,0,0,-5000,0,0,0,0,5000,-5000,-5000
055590,聯發科元大98購02,0,0,0,0,0,0,0,0,0,-5000,0,0,0,5000,10000,-5000,-5000
056218,億光中信98購01  ,0,0,0,0,0,0,0,0,0,-5000,0,0,0,0,5000,-5000,-5000
055910,瑞昱凱基98購01  ,0,0,0,0,0,0,0,0,0,-5000,0,0,0,0,5000,-5000,-5000
6205,詮欣            ,1000,6000,-5000,0,0,0,0,0,0,0,0,0,0,0,0,0,-5000
6243,迅杰            ,0,5000,-5000,0,0,0,0,0,0,0,0,0,0,0,0,0,-5000
8201,無敵            ,2000,7000,-5000,0,0,0,0,0,0,0,0,0,0,0,0,0,-5000
07050P,宏達電中信9B售01,0,0,0,0,0,0,0,0,0,-5000,0,0,0,0,5000,-5000,-5000
06951P,台積電統一9B售02,0,0,0,0,0,0,0,0,0,-5000,0,0,0,7000,12000,-5000,-5000
07013P,玉晶光群益9A售06,0,0,0,0,0,0,0,0,0,-5000,0,0,0,0,5000,-5000,-5000
06914P,南茂元大98售03  ,0,0,0,0,0,0,0,0,0,-5000,0,0,0,1000,6000,-5000,-5000
06929P,鴻海元大99售11  ,0,0,0,0,0,0,0,0,0,-5000,0,0,0,69000,74000,-5000,-5000
06927P,台灣50元大9B售03,0,0,0,0,0,0,0,0,0,-5000,0,0,0,5000,10000,-5000,-5000
06532P,友達元富98售04  ,0,0,0,0,0,0,0,0,0,-5000,0,0,0,0,5000,-5000,-5000
06582P,可成凱基98售06  ,0,0,0,0,0,0,0,0,0,-5000,0,0,0,0,5000,-5000,-5000
06627P,華新科元富99售01,0,0,0,0,0,0,0,0,0,-5000,0,0,0,0,5000,-5000,-5000
06354P,大立光永豐97售04,0,0,0,0,0,0,0,0,0,-5000,0,0,0,0,5000,-5000,-5000
06386P,欣興永豐97售03  ,0,0,0,0,0,0,0,0,0,-5000,0,0,0,10000,15000,-5000,-5000
06387P,緯穎永豐97售02  ,0,0,0,0,0,0,0,0,0,-5000,0,0,0,0,5000,-5000,-5000
06417P,台積電兆豐97售03,0,0,0,0,0,0,0,0,0,-5000,0,0,0,0,5000,-5000,-5000
2906,高林            ,1000,6000,-5000,0,0,0,0,0,0,0,0,0,0,0,0,0,-5000
1539,巨庭            ,4000,9000,-5000,0,0,0,0,0,0,0,0,0,0,0,0,0,-5000
1541,錩泰            ,4000,9000,-5000,0,0,0,0,0,0,0,0,0,0,0,0,0,-5000
07134P,臺股指元大9A售28,0,0,0,0,0,0,0,0,0,-5000,0,0,0,0,5000,-5000,-5000
1445,大宇            ,1000,5000,-4000,0,0,0,0,0,0,-1000,0,1000,-1000,0,0,0,-5000
05700P,臻鼎凱基96售02  ,0,0,0,0,0,0,0,0,0,-6000,0,0,0,0,6000,-6000,-6000
05636P,國巨永豐96售03  ,0,0,0,0,0,0,0,0,0,-6000,0,0,0,0,6000,-6000,-6000
057654,A50正2中信98購01,0,0,0,0,0,0,0,0,0,-6000,0,0,0,0,6000,-6000,-6000
057530,奇鋐元大99購01  ,0,0,0,0,0,0,0,0,0,-6000,0,0,0,14000,20000,-6000,-6000
057055,立積元大99購01  ,0,0,0,0,0,0,0,0,0,-6000,0,0,0,18000,24000,-6000,-6000
057146,技嘉國票98購01  ,0,0,0,0,0,0,0,0,0,-6000,0,0,0,0,6000,-6000,-6000
058551,義隆永豐99購03  ,0,0,0,0,0,0,0,0,0,-6000,0,0,0,70000,76000,-6000,-6000
058582,禾伸堂群益99購02,0,0,0,0,0,0,0,0,0,-6000,0,0,0,13000,19000,-6000,-6000
058450,旺宏永豐99購01  ,0,0,0,0,0,0,0,0,0,-6000,0,0,0,144000,150000,-6000,-6000
058319,大毅永豐9A購01  ,0,0,0,0,0,0,0,0,0,-6000,0,0,0,2000,8000,-6000,-6000
06208P,台郡凱基97售03  ,0,0,0,0,0,0,0,0,0,-6000,0,0,0,0,6000,-6000,-6000
06087P,國巨永豐97售01  ,0,0,0,0,0,0,0,0,0,-6000,0,0,0,22000,28000,-6000,-6000
06131P,京鼎元富97售02  ,0,0,0,0,0,0,0,0,0,-6000,0,0,0,16000,22000,-6000,-6000
059098,元油2X統一9B購03,0,0,0,0,0,0,0,0,0,-6000,0,0,0,0,6000,-6000,-6000
058995,台達電元大99購01,0,0,0,0,0,0,0,0,0,-6000,0,0,0,0,6000,-6000,-6000
058875,台表科國票9A購02,0,0,0,0,0,0,0,0,0,-6000,0,0,0,0,6000,-6000,-6000
058664,百和兆豐99購01  ,0,0,0,0,0,0,0,0,0,-6000,0,0,0,20000,26000,-6000,-6000
058744,FBVIX凱基9C購03 ,0,0,0,0,0,0,0,0,0,-6000,0,0,0,4000,10000,-6000,-6000
049803,華新科元大95購07,0,0,0,0,0,0,0,0,0,-6000,0,0,0,8000,14000,-6000,-6000
048460,盛群凱基94購01  ,0,0,0,0,0,0,0,0,0,-6000,0,0,0,346000,352000,-6000,-6000
04998P,京元電永豐95售01,0,0,0,0,0,0,0,0,0,-6000,0,0,0,6000,12000,-6000,-6000
04860P,鴻海群益94售07  ,0,0,0,0,0,0,0,0,0,-6000,0,0,0,0,6000,-6000,-6000
049253,台積電元大94購08,0,0,0,0,0,0,0,0,0,-6000,0,0,0,16000,22000,-6000,-6000
054367,鴻海中信98購03  ,0,0,0,0,0,0,0,0,0,-6000,0,0,0,0,6000,-6000,-6000
05436P,台積電群益95售07,0,0,0,0,0,0,0,0,0,-6000,0,0,0,6000,12000,-6000,-6000
04823P,台積電元富94售09,0,0,0,0,0,0,0,0,0,-6000,0,0,0,14000,20000,-6000,-6000
048283,亞德客中信94購01,0,0,0,0,0,0,0,0,0,-6000,0,0,0,10000,16000,-6000,-6000
04565P,聯詠凱基94售01  ,0,0,0,0,0,0,0,0,0,-6000,0,0,0,0,6000,-6000,-6000
04566P,GIS凱基94售04   ,0,0,0,0,0,0,0,0,0,-6000,0,0,0,6000,12000,-6000,-6000
04602P,聯詠凱基94售02  ,0,0,0,0,0,0,0,0,0,-6000,0,0,0,0,6000,-6000,-6000
047579,大立光群益94購02,0,0,0,0,0,0,0,0,0,-6000,0,0,0,0,6000,-6000,-6000
056028,GIS群益97購02   ,0,0,0,0,0,0,0,0,0,-6000,0,0,0,0,6000,-6000,-6000
055761,創意群益97購01  ,0,0,0,0,0,0,0,0,0,-6000,0,0,0,0,6000,-6000,-6000
056142,超眾元大97購06  ,0,0,0,0,0,0,0,0,0,-6000,0,0,0,0,6000,-6000,-6000
055688,力成凱基98購02  ,0,0,0,0,0,0,0,0,0,-6000,0,0,0,0,6000,-6000,-6000
053691,聯發科元大96購16,0,0,0,0,0,0,0,0,0,-6000,0,0,0,0,6000,-6000,-6000
053024,國巨富邦97購02  ,0,0,0,0,0,0,0,0,0,-6000,0,0,0,0,6000,-6000,-6000
055490,台光電元大97購01,0,0,0,0,0,0,0,0,0,-6000,0,0,0,4000,10000,-6000,-6000
052975,嘉聯益群益96購01,0,0,0,0,0,0,0,0,0,-6000,0,0,0,0,6000,-6000,-6000
052191,超眾群益96購01  ,0,0,0,0,0,0,0,0,0,-6000,0,0,0,0,6000,-6000,-6000
054262,瀚宇博元大96購03,0,0,0,0,0,0,0,0,0,-6000,0,0,0,8000,14000,-6000,-6000
054169,上緯控凱基98購01,0,0,0,0,0,0,0,0,0,-6000,0,0,0,0,6000,-6000,-6000
052524,新光金元大9B購01,0,0,0,0,0,0,0,0,0,-6000,0,0,0,100000,106000,-6000,-6000
052013,台積電永豐95購04,0,0,0,0,0,0,0,0,0,-6000,0,0,0,0,6000,-6000,-6000
1521,大億            ,0,6000,-6000,0,0,0,0,0,0,0,0,0,0,0,0,0,-6000
1725,元禎            ,0,7000,-7000,0,0,0,0,0,0,1000,1000,0,1000,0,0,0,-6000
2239,英利-KY         ,18000,27000,-9000,0,0,0,0,0,0,3000,3000,0,3000,0,0,0,-6000
2904,匯僑            ,0,8000,-8000,0,0,0,0,0,0,2000,2000,0,2000,0,0,0,-6000
2491,吉祥全          ,0,6000,-6000,0,0,0,0,0,0,0,0,0,0,0,0,0,-6000
06494P,鴻海永昌98售03  ,0,0,0,0,0,0,0,0,0,-6000,0,0,0,0,6000,-6000,-6000
06374P,台表科元大97售06,0,0,0,0,0,0,0,0,0,-6000,0,0,0,0,6000,-6000,-6000
06606P,訊芯元富98售02  ,0,0,0,0,0,0,0,0,0,-6000,0,0,0,765000,771000,-6000,-6000
8374,羅昇            ,1000,7000,-6000,0,0,0,0,0,0,0,0,0,0,0,0,0,-6000
6216,居易            ,1000,7000,-6000,0,0,0,0,0,0,0,0,0,0,0,0,0,-6000
6579,研揚            ,3000,9000,-6000,0,0,0,0,0,0,0,0,0,0,0,0,0,-6000
4764,雙鍵            ,3000,9000,-6000,0,0,0,0,0,0,0,0,0,0,0,0,0,-6000
3058,立德            ,4000,10000,-6000,0,0,0,0,0,0,0,0,0,0,0,0,0,-6000
058688,矽創凱基9A購01  ,0,0,0,0,0,0,0,0,0,-7000,0,0,0,11000,18000,-7000,-7000
05921P,同欣電元大96售06,0,0,0,0,0,0,0,0,0,-7000,0,0,0,3000,10000,-7000,-7000
05968P,鴻海台新96售02  ,0,0,0,0,0,0,0,0,0,-7000,0,0,0,180000,187000,-7000,-7000
058356,華邦電凱基99購01,0,0,0,0,0,0,0,0,0,-7000,0,0,0,0,7000,-7000,-7000
058161,T50反1日盛03購01,0,0,0,0,0,0,0,0,0,-7000,0,0,0,2000,9000,-7000,-7000
057827,康友元大98購03  ,0,0,0,0,0,0,0,0,0,-7000,0,0,0,13000,20000,-7000,-7000
057000,亞德客國票99購01,0,0,0,0,0,0,0,0,0,-7000,0,0,0,0,7000,-7000,-7000
036628,統一台新99購01  ,0,0,0,0,0,0,0,0,0,-7000,0,0,0,0,7000,-7000,-7000
049485,台積電元大96購03,0,0,0,0,0,0,0,0,0,-7000,0,0,0,242000,249000,-7000,-7000
05085P,鴻海日盛95售01  ,0,0,0,0,0,0,0,0,0,-7000,0,0,0,3000,10000,-7000,-7000
05456P,鴻海凱基95售19  ,0,0,0,0,0,0,0,0,0,-7000,0,0,0,60000,67000,-7000,-7000
051471,國巨凱基97購01  ,0,0,0,0,0,0,0,0,0,-7000,0,0,0,8000,15000,-7000,-7000
050172,臺指反元大98購02,0,0,0,0,0,0,0,0,0,-7000,0,0,0,36000,43000,-7000,-7000
05116P,台積電群益95售03,0,0,0,0,0,0,0,0,0,-7000,0,0,0,0,7000,-7000,-7000
051899,欣興國泰97購01  ,0,0,0,0,0,0,0,0,0,-7000,0,0,0,0,7000,-7000,-7000
053881,南亞科中信97購01,0,0,0,0,0,0,0,0,0,-7000,0,0,0,0,7000,-7000,-7000
05527P,聯茂群益96售01  ,0,0,0,0,0,0,0,0,0,-7000,0,0,0,5000,12000,-7000,-7000
053181,滬深2X元富99購02,0,0,0,0,0,0,0,0,0,-7000,0,0,0,8000,15000,-7000,-7000
053081,上銀元大97購02  ,0,0,0,0,0,0,0,0,0,-7000,0,0,0,13000,20000,-7000,-7000
3432,台端            ,2000,9000,-7000,0,0,0,0,0,0,0,0,0,0,0,0,0,-7000
4545,銘鈺            ,3000,9000,-6000,0,0,0,0,0,0,-1000,0,1000,-1000,0,0,0,-7000
5906,台南-KY         ,1000,8000,-7000,0,0,0,0,0,0,0,0,0,0,0,0,0,-7000
8222,寶一            ,1000,8000,-7000,0,0,0,0,0,0,0,0,0,0,0,0,0,-7000
8499,鼎炫-KY         ,41000,48000,-7000,0,0,0,0,0,0,0,0,0,0,0,0,0,-7000
9912,偉聯            ,0,7000,-7000,0,0,0,0,0,0,0,1000,1000,0,0,0,0,-7000
9941A,裕融甲特        ,0,0,0,0,0,0,0,0,0,-7000,10000,17000,-7000,0,0,0,-7000
06515P,國巨凱基98售06  ,0,0,0,0,0,0,0,0,0,-7000,0,0,0,150000,157000,-7000,-7000
06868P,電子類元大99售01,0,0,0,0,0,0,0,0,0,-7000,0,0,0,107000,114000,-7000,-7000
07019P,鴻海台新99售01  ,0,0,0,0,0,0,0,0,0,-7000,0,0,0,2120000,2127000,-7000,-7000
2471,資通            ,9000,16000,-7000,0,0,0,0,0,0,0,0,0,0,0,0,0,-7000
2528,皇普            ,19000,26000,-7000,0,0,0,0,0,0,0,3000,3000,0,0,0,0,-7000
2397,友通            ,9000,12000,-3000,0,0,0,0,0,0,-4000,0,4000,-4000,0,0,0,-7000
2611,志信            ,1000,8000,-7000,0,0,0,0,0,0,0,0,0,0,0,0,0,-7000
2838A,聯邦銀甲特      ,0,8000,-8000,0,0,0,0,0,0,1000,24000,23000,1000,0,0,0,-7000
1535,中宇            ,2000,9000,-7000,0,0,0,0,0,0,0,0,0,0,0,0,0,-7000
1436,華友聯          ,2000,9000,-7000,0,0,0,0,0,0,0,0,0,0,0,0,0,-7000
1441,大東            ,6000,13000,-7000,0,0,0,0,0,0,0,0,0,0,0,0,0,-7000
1337,再生-KY         ,13000,18000,-5000,0,0,0,0,0,0,-2000,4000,6000,-2000,0,0,0,-7000
08864P,欣興元大01售01  ,0,0,0,0,0,0,0,0,0,-7000,0,0,0,0,7000,-7000,-7000
056938,泰碩元富98購01  ,0,0,0,0,0,0,0,0,0,-8000,0,0,0,53000,61000,-8000,-8000
056617,美律永豐98購01  ,0,0,0,0,0,0,0,0,0,-8000,0,0,0,28000,36000,-8000,-8000
057807,友訊元大98購02  ,0,0,0,0,0,0,0,0,0,-8000,0,0,0,15000,23000,-8000,-8000
05747P,漢唐群益96售03  ,0,0,0,0,0,0,0,0,0,-8000,0,0,0,0,8000,-8000,-8000
057288,聯茂元大98購03  ,0,0,0,0,0,0,0,0,0,-8000,0,0,0,12000,20000,-8000,-8000
058050,台郡元大99購05  ,0,0,0,0,0,0,0,0,0,-8000,0,0,0,5000,13000,-8000,-8000
058504,台積電元大99購07,0,0,0,0,0,0,0,0,0,-8000,0,0,0,50000,58000,-8000,-8000
06243P,亞光元富97售01  ,0,0,0,0,0,0,0,0,0,-8000,0,0,0,21000,29000,-8000,-8000
058737,鴻海第一01購01  ,0,0,0,0,0,0,0,0,0,-8000,0,0,0,2000,10000,-8000,-8000
050760,矽力元富94購03  ,0,0,0,0,0,0,0,0,0,-8000,0,0,0,42000,50000,-8000,-8000
049903,大立光元富94購06,0,0,0,0,0,0,0,0,0,-8000,0,0,0,0,8000,-8000,-8000
054504,聯鈞永豐96購01  ,0,0,0,0,0,0,0,0,0,-8000,0,0,0,2000,10000,-8000,-8000
049980,奇力新凱基94購04,0,0,0,0,0,0,0,0,0,-8000,0,0,0,2000,10000,-8000,-8000
04450P,京元電凱基94售01,0,0,0,0,0,0,0,0,0,-8000,0,0,0,0,8000,-8000,-8000
055486,國巨元大98購06  ,0,0,0,0,0,0,0,0,0,-8000,0,0,0,30000,38000,-8000,-8000
052989,麗豐元大98購01  ,0,0,0,0,0,0,0,0,0,-8000,0,0,0,0,8000,-8000,-8000
05286P,矽力統一95售02  ,0,0,0,0,0,0,0,0,0,-8000,0,0,0,22000,30000,-8000,-8000
05541P,鴻海統一96售08  ,0,0,0,0,0,0,0,0,0,-8000,0,0,0,0,8000,-8000,-8000
055703,緯穎富邦98購01  ,0,0,0,0,0,0,0,0,0,-8000,0,0,0,74000,82000,-8000,-8000
055710,亞德客元大97購03,0,0,0,0,0,0,0,0,0,-8000,0,0,0,40000,48000,-8000,-8000
054172,易華電凱基98購01,0,0,0,0,0,0,0,0,0,-8000,0,0,0,10000,18000,-8000,-8000
052523,奇力新元大97購01,0,0,0,0,0,0,0,0,0,-8000,0,0,0,120000,128000,-8000,-8000
055118,嘉聯益凱基98購02,0,0,0,0,0,0,0,0,0,-8000,0,0,0,0,8000,-8000,-8000
1219,福壽            ,3000,11000,-8000,0,0,0,0,0,0,0,0,0,0,0,0,0,-8000
1713,國化            ,1000,9000,-8000,0,0,0,0,0,0,0,0,0,0,0,0,0,-8000
2923,鼎固-KY         ,0,8000,-8000,0,0,0,0,0,0,0,0,0,0,0,0,0,-8000
2509,全坤建          ,0,8000,-8000,0,0,0,0,0,0,0,0,0,0,0,0,0,-8000
2477,美隆電          ,39000,29000,10000,0,0,0,0,0,0,-18000,1000,19000,-18000,0,0,0,-8000
07062P,台積電元大99售15,0,0,0,0,0,0,0,0,0,-8000,0,0,0,80000,88000,-8000,-8000
06884P,台郡群益98售03  ,0,0,0,0,0,0,0,0,0,-8000,0,0,0,1000,9000,-8000,-8000
06660P,大立光富邦9B售03,0,0,0,0,0,0,0,0,0,-8000,0,0,0,15000,23000,-8000,-8000
06372P,聯發科元大97售21,0,0,0,0,0,0,0,0,0,-8000,0,0,0,13000,21000,-8000,-8000
06338P,亞德客統一97售02,0,0,0,0,0,0,0,0,0,-8000,0,0,0,13000,21000,-8000,-8000
06308P,國巨元富97售06  ,0,0,0,0,0,0,0,0,0,-8000,0,0,0,2155000,2163000,-8000,-8000
3528,安馳            ,3000,9000,-6000,0,0,0,0,0,0,-2000,0,2000,-2000,0,0,0,-8000
3550,聯穎            ,0,8000,-8000,0,0,0,0,0,0,0,0,0,0,0,0,0,-8000
058881,全新永豐99購01  ,0,0,0,0,0,0,0,0,0,-9000,0,0,0,1000,10000,-9000,-9000
05962P,大立光群益96售07,0,0,0,0,0,0,0,0,0,-9000,0,0,0,881000,890000,-9000,-9000
059111,元油2X永豐99購03,0,0,0,0,0,0,0,0,0,-9000,0,0,0,0,9000,-9000,-9000
06054P,臺股指中信9A售01,0,0,0,0,0,0,0,0,0,-9000,0,0,0,1000,10000,-9000,-9000
06062P,宏達電元富97售01,0,0,0,0,0,0,0,0,0,-9000,0,0,0,1000,10000,-9000,-9000
058507,美律元大9A購01  ,0,0,0,0,0,0,0,0,0,-9000,0,0,0,23000,32000,-9000,-9000
058424,滬深2X元富99購04,0,0,0,0,0,0,0,0,0,-9000,0,0,0,0,9000,-9000,-9000
058095,昇陽半元大98購03,0,0,0,0,0,0,0,0,0,-9000,0,0,0,0,9000,-9000,-9000
057059,易華電元大99購01,0,0,0,0,0,0,0,0,0,-9000,0,0,0,0,9000,-9000,-9000
057188,佐登元大98購01  ,0,0,0,0,0,0,0,0,0,-9000,0,0,0,0,9000,-9000,-9000
05689P,滬深2X中信97售02,0,0,0,0,0,0,0,0,0,-9000,0,0,0,0,9000,-9000,-9000
048221,鴻海凱基95購01  ,0,0,0,0,0,0,0,0,0,-9000,0,0,0,20000,29000,-9000,-9000
050896,華新科元大96購02,0,0,0,0,0,0,0,0,0,-9000,0,0,0,97000,106000,-9000,-9000
049602,南電元大95購01  ,0,0,0,0,0,0,0,0,0,-9000,0,0,0,10000,19000,-9000,-9000
04159P,滬深2X中信95售08,0,0,0,0,0,0,0,0,0,-9000,0,0,0,90000,99000,-9000,-9000
048417,國巨統一94購01  ,0,0,0,0,0,0,0,0,0,-9000,0,0,0,21000,30000,-9000,-9000
04841P,群創元大94售04  ,0,0,0,0,0,0,0,0,0,-9000,0,0,0,0,9000,-9000,-9000
04995P,台達電凱基96售03,0,0,0,0,0,0,0,0,0,-9000,0,0,0,30000,39000,-9000,-9000
051439,川湖元大95購01  ,0,0,0,0,0,0,0,0,0,-9000,0,0,0,1000,10000,-9000,-9000
051283,亞德客統一95購01,0,0,0,0,0,0,0,0,0,-9000,0,0,0,0,9000,-9000,-9000
04966P,台表科元大94售04,0,0,0,0,0,0,0,0,0,-9000,0,0,0,11000,20000,-9000,-9000
050356,緯穎群益94購05  ,0,0,0,0,0,0,0,0,0,-9000,0,0,0,1000,10000,-9000,-9000
055007,晶相光元富9A購02,0,0,0,0,0,0,0,0,0,-9000,0,0,0,32000,41000,-9000,-9000
05472P,國巨統一96售02  ,0,0,0,0,0,0,0,0,0,-9000,0,0,0,55000,64000,-9000,-9000
052528,茂林元大95購05  ,0,0,0,0,0,0,0,0,0,-9000,0,0,0,50000,59000,-9000,-9000
055368,台積電元大97購24,0,0,0,0,0,0,0,0,0,-9000,0,0,0,20000,29000,-9000,-9000
052443,台積電元大95購23,0,0,0,0,0,0,0,0,0,-9000,0,0,0,21000,30000,-9000,-9000
054263,聯茂元大96購02  ,0,0,0,0,0,0,0,0,0,-9000,0,0,0,11000,20000,-9000,-9000
05388P,南亞科元大95售04,0,0,0,0,0,0,0,0,0,-9000,0,0,0,5000,14000,-9000,-9000
055233,康友國票98購01  ,0,0,0,0,0,0,0,0,0,-9000,0,0,0,23000,32000,-9000,-9000
055722,聯鈞元大97購03  ,0,0,0,0,0,0,0,0,0,-9000,0,0,0,35000,44000,-9000,-9000
052662,華新科國票97購01,0,0,0,0,0,0,0,0,0,-9000,0,0,0,1000,10000,-9000,-9000
05158P,華通永豐95售01  ,0,0,0,0,0,0,0,0,0,-9000,0,0,0,21000,30000,-9000,-9000
4581,光隆精密-KY     ,0,9000,-9000,0,0,0,0,0,0,0,0,0,0,0,0,0,-9000
4755,三福化          ,0,5000,-5000,0,0,0,0,0,0,-4000,1000,5000,-4000,0,0,0,-9000
910322,康師傅-DR       ,0,9000,-9000,0,0,0,0,0,0,0,0,0,0,0,0,0,-9000
8072,陞泰            ,0,7000,-7000,0,0,0,0,0,0,-2000,0,2000,-2000,0,0,0,-9000
06681P,致茂元大98售02  ,0,0,0,0,0,0,0,0,0,-9000,0,0,0,0,9000,-9000,-9000
06558P,旺宏元富98售02  ,0,0,0,0,0,0,0,0,0,-9000,0,0,0,0,9000,-9000,-9000
06764P,聯發科元大98售11,0,0,0,0,0,0,0,0,0,-9000,0,0,0,1000,10000,-9000,-9000
06729P,聯詠元大98售03  ,0,0,0,0,0,0,0,0,0,-9000,0,0,0,2000,11000,-9000,-9000
1727,中華化          ,0,9000,-9000,0,0,0,0,0,0,0,0,0,0,0,0,0,-9000
1532,勤美            ,89000,98000,-9000,0,0,0,0,0,0,0,0,0,0,0,0,0,-9000
1524,耿鼎            ,2000,11000,-9000,0,0,0,0,0,0,0,0,0,0,0,0,0,-9000
2024,志聯            ,1000,10000,-9000,0,0,0,0,0,0,0,0,0,0,0,0,0,-9000
1233,天仁            ,2000,11000,-9000,0,0,0,0,0,0,0,0,0,0,0,0,0,-9000
1432,大魯閣          ,0,8000,-8000,0,0,0,0,0,0,-1000,0,1000,-1000,0,0,0,-9000
056908,牧德元大99購03  ,0,0,0,0,0,0,0,0,0,-10000,0,0,0,0,10000,-10000,-10000
056847,佐登元富98購01  ,0,0,0,0,0,0,0,0,0,-10000,0,0,0,0,10000,-10000,-10000
056942,昇陽半元富98購01,0,0,0,0,0,0,0,0,0,-10000,0,0,0,0,10000,-10000,-10000
056953,智邦富邦98購02  ,0,0,0,0,0,0,0,0,0,-10000,0,0,0,0,10000,-10000,-10000
056980,建準群益98購02  ,0,0,0,0,0,0,0,0,0,-10000,0,0,0,0,10000,-10000,-10000
057004,滬深反中信9A購01,0,0,0,0,0,0,0,0,0,-10000,0,0,0,0,10000,-10000,-10000
05701P,彩晶凱基96售01  ,0,0,0,0,0,0,0,0,0,-10000,0,0,0,0,10000,-10000,-10000
056610,鴻海永豐98購01  ,0,0,0,0,0,0,0,0,0,-10000,0,0,0,0,10000,-10000,-10000
056611,國巨永豐98購03  ,0,0,0,0,0,0,0,0,0,-10000,0,0,0,0,10000,-10000,-10000
056665,上証2X國票99購02,0,0,0,0,0,0,0,0,0,-10000,0,0,0,0,10000,-10000,-10000
05665P,台積電凱基96售08,0,0,0,0,0,0,0,0,0,-10000,0,0,0,10000,20000,-10000,-10000
056798,華新科麥證98購01,0,0,0,10000,20000,-10000,0,0,0,-10000,0,0,0,10000,20000,-10000,-10000
05672P,鴻海群益96售03  ,0,0,0,0,0,0,0,0,0,-10000,0,0,0,0,10000,-10000,-10000
056364,亞光元大99購02  ,0,0,0,0,0,0,0,0,0,-10000,0,0,0,0,10000,-10000,-10000
056383,上銀國泰99購01  ,0,0,0,0,0,0,0,0,0,-10000,0,0,0,0,10000,-10000,-10000
056404,嘉聯益群益9A購01,0,0,0,0,0,0,0,0,0,-10000,0,0,0,0,10000,-10000,-10000
056315,同欣電元大97購05,0,0,0,0,0,0,0,0,0,-10000,0,0,0,0,10000,-10000,-10000
056307,貿聯元大97購05  ,0,0,0,0,0,0,0,0,0,-10000,0,0,0,0,10000,-10000,-10000
056329,上銀國票98購02  ,0,0,0,0,0,0,0,0,0,-10000,0,0,0,0,10000,-10000,-10000
056321,創意群益98購02  ,0,0,0,0,0,0,0,0,0,-10000,0,0,0,0,10000,-10000,-10000
056281,深中小永豐97購01,0,0,0,0,0,0,0,0,0,-10000,0,0,0,0,10000,-10000,-10000
056471,台光電元大99購01,0,0,0,0,0,0,0,0,0,-10000,0,0,0,0,10000,-10000,-10000
05643P,大立光中信98售01,0,0,0,0,0,0,0,0,0,-10000,0,0,0,10000,20000,-10000,-10000
056523,光寶科中信98購01,0,0,0,0,0,0,0,0,0,-10000,0,0,0,141000,151000,-10000,-10000
056508,揚明光永豐98購01,0,0,0,0,0,0,0,0,0,-10000,0,0,0,0,10000,-10000,-10000
056484,聯茂元大98購02  ,0,0,0,0,0,0,0,0,0,-10000,0,0,0,0,10000,-10000,-10000
056578,智易元大99購02  ,0,0,0,0,0,0,0,0,0,-10000,0,0,0,0,10000,-10000,-10000
057207,立積元富98購02  ,0,0,0,0,0,0,0,0,0,-10000,0,0,0,0,10000,-10000,-10000
057081,大立光統一98購07,0,0,0,0,0,0,0,0,0,-10000,0,0,0,0,10000,-10000,-10000
057089,奇力新元富98購01,0,0,0,0,0,0,0,0,0,-10000,0,0,0,0,10000,-10000,-10000
057166,國巨元大99購06  ,0,0,0,0,0,0,0,0,0,-10000,0,0,0,0,10000,-10000,-10000
057299,立積永豐98購02  ,0,0,0,0,0,0,0,0,0,-10000,0,0,0,0,10000,-10000,-10000
057369,奇力新元大99購05,0,0,0,0,0,0,0,0,0,-10000,0,0,0,0,10000,-10000,-10000
057347,國巨統一9A購03  ,0,0,0,0,0,0,0,0,0,-10000,0,0,0,0,10000,-10000,-10000
057403,亞光群益98購04  ,0,0,0,0,0,0,0,0,0,-10000,0,0,0,15000,25000,-10000,-10000
057479,致茂元大98購03  ,0,0,0,0,0,0,0,0,0,-10000,0,0,0,0,10000,-10000,-10000
057484,南亞科元大98購06,0,0,0,0,0,0,0,0,0,-10000,0,0,0,10000,20000,-10000,-10000
057495,牧德元大99購04  ,0,0,0,0,0,0,0,0,0,-10000,0,0,0,0,10000,-10000,-10000
057524,旺宏元大99購04  ,0,0,0,0,0,0,0,0,0,-10000,0,0,0,10000,20000,-10000,-10000
057644,奇力新元大98購04,0,0,0,0,0,0,0,0,0,-10000,0,0,0,0,10000,-10000,-10000
05761P,嘉澤永豐96售01  ,0,0,0,0,0,0,0,0,0,-10000,0,0,0,10000,20000,-10000,-10000
057579,長榮航中信9A購01,0,0,0,0,0,0,0,0,0,-10000,0,0,0,0,10000,-10000,-10000
057805,華通元大98購06  ,0,0,0,0,0,0,0,0,0,-10000,0,0,0,0,10000,-10000,-10000
057876,隆達元大98購01  ,0,0,0,0,0,0,0,0,0,-10000,0,0,0,0,10000,-10000,-10000
057670,欣興元大99購02  ,0,0,0,0,0,0,0,0,0,-10000,0,0,0,3000,13000,-10000,-10000
057674,台郡元大99購03  ,0,0,0,0,0,0,0,0,0,-10000,0,0,0,0,10000,-10000,-10000
057723,臺股指元富98購02,0,0,0,0,0,0,0,0,0,-10000,0,0,0,0,10000,-10000,-10000
058145,聯茂元大99購03  ,0,0,0,0,0,0,0,0,0,-10000,0,0,0,10000,20000,-10000,-10000
058132,義隆元大99購03  ,0,0,0,0,0,0,0,0,0,-10000,0,0,0,0,10000,-10000,-10000
058124,玉晶光國票9A購01,0,0,0,0,0,0,0,0,0,-10000,0,0,0,0,10000,-10000,-10000
058153,景碩統一9B購01  ,0,0,0,0,0,0,0,0,0,-10000,0,0,0,0,10000,-10000,-10000
058171,國巨凱基9A購07  ,0,0,0,0,0,0,0,0,0,-10000,0,0,0,0,10000,-10000,-10000
058272,超眾永豐9A購01  ,0,0,0,0,0,0,0,0,0,-10000,0,0,0,0,10000,-10000,-10000
058246,帆宣元大99購01  ,0,0,0,0,0,0,0,0,0,-10000,0,0,0,0,10000,-10000,-10000
058252,臺股指元大9A購16,0,0,0,0,0,0,0,0,0,-10000,0,0,0,0,10000,-10000,-10000
058029,台灣50永豐9A購01,0,0,0,0,0,0,0,0,0,-10000,0,0,0,0,10000,-10000,-10000
057959,欣興元大98購14  ,0,0,0,0,0,0,0,0,0,-10000,0,0,0,3000,13000,-10000,-10000
057887,智原群益98購04  ,0,0,0,0,0,0,0,0,0,-10000,0,0,0,0,10000,-10000,-10000
057908,國泰金亞東99購01,0,0,0,0,0,0,0,0,0,-10000,0,0,0,0,10000,-10000,-10000
058303,華通元大99購03  ,0,0,0,0,0,0,0,0,0,-10000,0,0,0,167000,177000,-10000,-10000
058518,玉晶光元大99購13,0,0,0,0,0,0,0,0,0,-10000,0,0,0,40000,50000,-10000,-10000
058542,T50反1富邦9B購01,0,0,0,0,0,0,0,0,0,-10000,0,0,0,0,10000,-10000,-10000
058483,道瓊指國票9A購01,0,0,0,0,0,0,0,0,0,-10000,0,0,0,0,10000,-10000,-10000
05857P,旺宏中信98售02  ,0,0,0,0,0,0,0,0,0,-10000,0,0,0,0,10000,-10000,-10000
058562,元油2X凱基99購01,0,0,0,0,0,0,0,0,0,-10000,0,0,0,0,10000,-10000,-10000
05984P,台積電統一98售01,0,0,0,0,0,0,0,0,0,-10000,0,0,0,0,10000,-10000,-10000
06009P,宏達電元富96售03,0,0,0,0,0,0,0,0,0,-10000,0,0,0,0,10000,-10000,-10000
06015P,大立光富邦98售04,0,0,0,0,0,0,0,0,0,-10000,0,0,0,0,10000,-10000,-10000
059095,訊芯元大99購01  ,0,0,0,0,0,0,0,0,0,-10000,0,0,0,0,10000,-10000,-10000
059081,和大元大99購01  ,0,0,0,0,0,0,0,0,0,-10000,0,0,0,0,10000,-10000,-10000
05971P,世紀鋼永豐96售04,0,0,0,0,0,0,0,0,0,-10000,0,0,0,0,10000,-10000,-10000
05922P,京元電兆豐96售01,0,0,0,0,0,0,0,0,0,-10000,0,0,0,0,10000,-10000,-10000
059122,超眾永豐99購01  ,0,0,0,0,0,0,0,0,0,-10000,0,0,0,30000,40000,-10000,-10000
05927P,正文永豐96售03  ,0,0,0,0,0,0,0,0,0,-10000,0,0,0,0,10000,-10000,-10000
06189P,華新科永豐97售03,0,0,0,0,0,0,0,0,0,-10000,0,0,0,66000,76000,-10000,-10000
06142P,台虹康和97售02  ,0,0,0,0,0,0,0,0,0,-10000,0,0,0,0,10000,-10000,-10000
06151P,華新科元大97售07,0,0,0,0,0,0,0,0,0,-10000,0,0,0,50000,60000,-10000,-10000
06093P,華通元富97售03  ,0,0,0,0,0,0,0,0,0,-10000,0,0,0,33000,43000,-10000,-10000
058852,貿聯群益99購04  ,0,0,0,0,0,0,0,0,0,-10000,0,0,0,0,10000,-10000,-10000
058899,旺宏元大99購10  ,0,0,0,0,0,0,0,0,0,-10000,0,0,0,115000,125000,-10000,-10000
05897P,國巨凱基96售12  ,0,0,0,0,0,0,0,0,0,-10000,0,0,0,1000,11000,-10000,-10000
059022,聯發科統一9B購04,0,0,0,0,0,0,0,0,0,-10000,0,0,0,0,10000,-10000,-10000
059047,元油2X凱基9A購10,0,0,0,0,0,0,0,0,0,-10000,0,0,0,0,10000,-10000,-10000
058953,S&P反1國票03購01,0,0,0,0,0,0,0,0,0,-10000,0,0,0,0,10000,-10000,-10000
058954,元油2X國票9A購07,0,0,0,0,0,0,0,0,0,-10000,0,0,0,0,10000,-10000,-10000
058958,台表科國票9A購03,0,0,0,0,0,0,0,0,0,-10000,0,0,0,5000,15000,-10000,-10000
058985,可成凱基99購03  ,0,0,0,0,0,0,0,0,0,-10000,0,0,0,0,10000,-10000,-10000
058748,景碩凱基9A購01  ,0,0,0,0,0,0,0,0,0,-10000,0,0,0,0,10000,-10000,-10000
058730,玉晶光永豐9A購01,0,0,0,0,0,0,0,0,0,-10000,0,0,0,0,10000,-10000,-10000
058713,國巨統一9B購02  ,0,0,0,0,0,0,0,0,0,-10000,0,0,0,0,10000,-10000,-10000
058641,鴻海麥證99購02  ,0,0,0,2000,10000,-8000,0,0,0,-10000,0,0,0,2000,12000,-10000,-10000
058817,嘉聯益台新99購01,0,0,0,0,0,0,0,0,0,-10000,0,0,0,137000,147000,-10000,-10000
058839,瑞儀中信99購02  ,0,0,0,0,0,0,0,0,0,-10000,0,0,0,0,10000,-10000,-10000
058840,T50反1群益99購02,0,0,0,0,0,0,0,0,0,-10000,0,0,0,0,10000,-10000,-10000
058841,深中小群益01購01,0,0,0,0,0,0,0,0,0,-10000,0,0,0,0,10000,-10000,-10000
05033P,T50反1元大98售01,0,0,0,0,0,0,0,0,0,-10000,0,0,0,0,10000,-10000,-10000
050389,鴻海統一95購04  ,0,0,0,0,0,0,0,0,0,-10000,0,0,0,0,10000,-10000,-10000
050419,鴻海凱基95購02  ,0,0,0,0,0,0,0,0,0,-10000,0,0,0,0,10000,-10000,-10000
050303,S&P反1中信96購01,0,0,0,0,0,0,0,0,0,-10000,0,0,0,0,10000,-10000,-10000
050250,台郡凱基94購03  ,0,0,0,0,0,0,0,0,0,-10000,0,0,0,0,10000,-10000,-10000
050239,廣達凱基94購01  ,0,0,0,0,0,0,0,0,0,-10000,0,0,0,0,10000,-10000,-10000
051163,鴻海元大95購04  ,0,0,0,0,0,0,0,0,0,-10000,0,0,0,0,10000,-10000,-10000
051056,華新科群益95購03,0,0,0,0,0,0,0,0,0,-10000,0,0,0,0,10000,-10000,-10000
051082,上証2X元大98購01,0,0,0,0,0,0,0,0,0,-10000,0,0,0,0,10000,-10000,-10000
050763,楠梓電元大94購03,0,0,0,0,0,0,0,0,0,-10000,0,0,0,40000,50000,-10000,-10000
050716,可成群益96購01  ,0,0,0,0,0,0,0,0,0,-10000,0,0,0,0,10000,-10000,-10000
050493,聯發科永昌96購01,0,0,0,0,0,0,0,0,0,-10000,0,0,0,0,10000,-10000,-10000
050519,旺宏元大95購03  ,0,0,0,0,0,0,0,0,0,-10000,0,0,0,40000,50000,-10000,-10000
050163,群創國泰95購01  ,0,0,0,0,0,0,0,0,0,-10000,0,0,0,0,10000,-10000,-10000
050177,聯發科元大94購11,0,0,0,0,0,0,0,0,0,-10000,0,0,0,0,10000,-10000,-10000
05018P,臺股指元大95售09,0,0,0,0,0,0,0,0,0,-10000,0,0,0,0,10000,-10000,-10000
050530,台表科元大95購04,0,0,0,0,0,0,0,0,0,-10000,0,0,0,0,10000,-10000,-10000
050545,奇力新凱基95購01,0,0,0,0,0,0,0,0,0,-10000,0,0,0,0,10000,-10000,-10000
049688,台光電元大94購04,0,0,0,0,0,0,0,0,0,-10000,0,0,0,0,10000,-10000,-10000
049705,緯穎元大94購05  ,0,0,0,0,0,0,0,0,0,-10000,0,0,0,0,10000,-10000,-10000
049763,美食國泰96購01  ,0,0,0,0,0,0,0,0,0,-10000,0,0,0,0,10000,-10000,-10000
049751,牧德永豐95購01  ,0,0,0,0,0,0,0,0,0,-10000,0,0,0,0,10000,-10000,-10000
051280,台積電兆豐95購04,0,0,0,0,0,0,0,0,0,-10000,0,0,0,0,10000,-10000,-10000
051268,創意富邦97購01  ,0,0,0,0,0,0,0,0,0,-10000,0,0,0,0,10000,-10000,-10000
051318,上銀國票96購01  ,0,0,0,0,0,0,0,0,0,-10000,0,0,0,0,10000,-10000,-10000
050610,鴻海元大94購24  ,0,0,0,0,0,0,0,0,0,-10000,0,0,0,1000,11000,-10000,-10000
05057P,鴻海國票96售01  ,0,0,0,0,0,0,0,0,0,-10000,0,0,0,0,10000,-10000,-10000
048676,和鑫國泰94購02  ,0,0,0,0,0,0,0,0,0,-10000,0,0,0,0,10000,-10000,-10000
048638,台光電元大94購01,0,0,0,0,0,0,0,0,0,-10000,0,0,0,0,10000,-10000,-10000
05141P,華通台新96售01  ,0,0,0,0,0,0,0,0,0,-10000,0,0,0,0,10000,-10000,-10000
049916,台光電元大94購06,0,0,0,0,0,0,0,0,0,-10000,0,0,0,0,10000,-10000,-10000
04991P,台表科元大94售05,0,0,0,0,0,0,0,0,0,-10000,0,0,0,0,10000,-10000,-10000
049843,康友中信95購01  ,0,0,0,0,0,0,0,0,0,-10000,0,0,0,20000,30000,-10000,-10000
049866,景碩兆豐94購01  ,0,0,0,0,0,0,0,0,0,-10000,0,0,0,10000,20000,-10000,-10000
04909P,鴻海統一94售10  ,0,0,0,0,0,0,0,0,0,-10000,0,0,0,0,10000,-10000,-10000
048990,台表科元大94購01,0,0,0,0,0,0,0,0,0,-10000,0,0,0,0,10000,-10000,-10000
048987,崇越元大94購01  ,0,0,0,0,0,0,0,0,0,-10000,0,0,0,5000,15000,-10000,-10000
049017,旺宏群益96購03  ,0,0,0,0,0,0,0,0,0,-10000,0,0,0,0,10000,-10000,-10000
049000,元油2X中信95購02,0,0,0,0,0,0,0,0,0,-10000,0,0,0,0,10000,-10000,-10000
048755,志超元富96購01  ,0,0,0,0,0,0,0,0,0,-10000,0,0,0,0,10000,-10000,-10000
04891P,友達元大94售01  ,0,0,0,0,0,0,0,0,0,-10000,0,0,0,10000,20000,-10000,-10000
048859,玉晶光群益96購02,0,0,0,0,0,0,0,0,0,-10000,0,0,0,0,10000,-10000,-10000
048766,禾伸堂凱基94購01,0,0,0,0,0,0,0,0,0,-10000,0,0,0,0,10000,-10000,-10000
050024,旺宏元大94購09  ,0,0,0,0,0,0,0,0,0,-10000,0,0,0,0,10000,-10000,-10000
048480,FB上証中信94購01,0,0,0,0,0,0,0,0,0,-10000,0,0,0,0,10000,-10000,-10000
04849P,GIS中信94售01   ,0,0,0,0,0,0,0,0,0,-10000,0,0,0,0,10000,-10000,-10000
054556,世芯凱基99購01  ,0,0,0,0,0,0,0,0,0,-10000,0,0,0,279000,289000,-10000,-10000
053984,康友元大96購05  ,0,0,0,0,0,0,0,0,0,-10000,0,0,0,0,10000,-10000,-10000
053978,創意元大96購05  ,0,0,0,0,0,0,0,0,0,-10000,0,0,0,210000,220000,-10000,-10000
054586,健鼎國泰99購01  ,0,0,0,0,0,0,0,0,0,-10000,0,0,0,0,10000,-10000,-10000
053972,華新科元大96購06,0,0,0,0,0,0,0,0,0,-10000,0,0,0,61000,71000,-10000,-10000
052076,可成元富98購01  ,0,0,0,0,0,0,0,0,0,-10000,0,0,0,0,10000,-10000,-10000
050115,群創元大96購01  ,0,0,0,0,0,0,0,0,0,-10000,0,0,0,0,10000,-10000,-10000
04173P,上海銀凱基93售02,0,0,0,0,0,0,0,0,0,-10000,0,0,0,10000,20000,-10000,-10000
042089,台灣50中信94購03,0,0,0,0,0,0,0,0,0,-10000,0,0,0,0,10000,-10000,-10000
04235P,鴻海群益93售08  ,0,0,0,0,0,0,0,0,0,-10000,0,0,0,0,10000,-10000,-10000
04297P,微星元大93售03  ,0,0,0,0,0,0,0,0,0,-10000,0,0,0,0,10000,-10000,-10000
042927,道瓊反中信94購01,0,0,0,0,0,0,0,0,0,-10000,0,0,0,0,10000,-10000,-10000
04279P,超眾凱基93售07  ,0,0,0,0,0,0,0,0,0,-10000,0,0,0,0,10000,-10000,-10000
04278P,大立光凱基93售38,0,0,0,0,0,0,0,0,0,-10000,0,0,0,10000,20000,-10000,-10000
042904,金寶元大94購02  ,0,0,0,0,0,0,0,0,0,-10000,0,0,0,0,10000,-10000,-10000
03085P,台積電元大01售34,0,0,0,0,0,0,0,0,0,-10000,0,0,0,0,10000,-10000,-10000
04382P,美律國泰95售01  ,0,0,0,0,0,0,0,0,0,-10000,0,0,0,0,10000,-10000,-10000
0057,富邦摩台        ,0,0,0,0,0,0,0,0,0,-10000,0,0,0,21000,31000,-10000,-10000
020011,統一微波高息20N ,0,0,0,0,0,0,0,0,0,-10000,0,0,0,0,10000,-10000,-10000
04162P,南亞科統一94售02,0,0,0,0,0,0,0,0,0,-10000,0,0,0,0,10000,-10000,-10000
03951P,新光金凱基95售01,0,0,0,0,0,0,0,0,0,-10000,0,0,0,40000,50000,-10000,-10000
04724P,可成凱基94售08  ,0,0,0,0,0,0,0,0,0,-10000,0,0,0,0,10000,-10000,-10000
047296,日月光元富96購01,0,0,0,0,0,0,0,0,0,-10000,0,0,0,0,10000,-10000,-10000
03637C,臺股指凱基94牛18,0,0,0,0,0,0,0,0,0,-10000,0,0,0,0,10000,-10000,-10000
03630C,臺股指元富93牛02,0,0,0,0,0,0,0,0,0,-10000,0,0,0,0,10000,-10000,-10000
03604P,群創凱基98售05  ,0,0,0,0,0,0,0,0,0,-10000,0,0,0,0,10000,-10000,-10000
04761P,可成凱基94售09  ,0,0,0,0,0,0,0,0,0,-10000,0,0,0,0,10000,-10000,-10000
047439,漢唐元大95購01  ,0,0,0,0,0,0,0,0,0,-10000,0,0,0,0,10000,-10000,-10000
04781P,欣興凱基94售06  ,0,0,0,0,0,0,0,0,0,-10000,0,0,0,0,10000,-10000,-10000
047835,華新科元大93購09,0,0,0,0,0,0,0,0,0,-10000,0,0,0,0,10000,-10000,-10000
04791P,台積電元大94售20,0,0,0,0,0,0,0,0,0,-10000,0,0,0,0,10000,-10000,-10000
04790P,台積電元大94售19,0,0,0,0,0,0,0,0,0,-10000,0,0,0,805000,815000,-10000,-10000
04788P,台積電永昌96售05,0,0,0,0,0,0,0,0,0,-10000,0,0,0,0,10000,-10000,-10000
047994,亞德客元大93購03,0,0,0,0,0,0,0,0,0,-10000,0,0,0,0,10000,-10000,-10000
049607,台積電兆豐94購04,0,0,0,0,0,0,0,0,0,-10000,0,0,0,0,10000,-10000,-10000
049561,道瓊銀統一96購01,0,0,0,0,0,0,0,0,0,-10000,0,0,0,0,10000,-10000,-10000
049559,香港反統一94購02,0,0,0,0,0,0,0,0,0,-10000,0,0,0,0,10000,-10000,-10000
050964,晶技永豐95購02  ,0,0,0,0,0,0,0,0,0,-10000,0,0,0,50000,60000,-10000,-10000
051048,臺指反群益96購01,0,0,0,0,0,0,0,0,0,-10000,0,0,0,0,10000,-10000,-10000
050844,大立光國票96購01,0,0,0,0,0,0,0,0,0,-10000,0,0,0,0,10000,-10000,-10000
05087P,GIS國泰96售01   ,0,0,0,0,0,0,0,0,0,-10000,0,0,0,0,10000,-10000,-10000
050811,國巨凱基95購02  ,0,0,0,0,0,0,0,0,0,-10000,0,0,0,0,10000,-10000,-10000
048193,旺宏元大94購05  ,0,0,0,0,0,0,0,0,0,-10000,0,0,0,0,10000,-10000,-10000
048189,臺指反元大96購06,0,0,0,0,0,0,0,0,0,-10000,0,0,0,0,10000,-10000,-10000
048191,亞德客元大93購06,0,0,0,0,0,0,0,0,0,-10000,0,0,0,0,10000,-10000,-10000
04402P,TPK兆豐95售01   ,0,0,0,0,0,0,0,0,0,-10000,0,0,0,0,10000,-10000,-10000
044407,聯茂凱基93購01  ,0,0,0,0,0,0,0,0,0,-10000,0,0,0,0,10000,-10000,-10000
04432P,昇陽半元大94售04,0,0,0,0,0,0,0,0,0,-10000,0,0,0,0,10000,-10000,-10000
048289,臺指反群益95購01,0,0,0,0,0,0,0,0,0,-10000,0,0,0,0,10000,-10000,-10000
04945P,鴻海永豐94售06  ,0,0,0,0,0,0,0,0,0,-10000,0,0,0,0,10000,-10000,-10000
04647P,上海銀凱基94售04,0,0,0,0,0,0,0,0,0,-10000,0,0,0,0,10000,-10000,-10000
04643P,京元電凱基94售02,0,0,0,0,0,0,0,0,0,-10000,0,0,0,0,10000,-10000,-10000
046588,大立光元大93購13,0,0,0,0,0,0,0,0,0,-10000,0,0,0,10000,20000,-10000,-10000
046864,和大統一97購01  ,0,0,0,0,0,0,0,0,0,-10000,0,0,0,0,10000,-10000,-10000
046242,大立光中信93購02,0,0,0,0,0,0,0,0,0,-10000,0,0,0,10000,20000,-10000,-10000
045293,鴻海元大94購01  ,0,0,0,0,0,0,0,0,0,-10000,0,0,0,0,10000,-10000,-10000
04529P,正文凱基94售04  ,0,0,0,0,0,0,0,0,0,-10000,0,0,0,0,10000,-10000,-10000
048162,矽力麥證93購01  ,0,0,0,0,10000,-10000,0,0,0,-10000,0,0,0,0,10000,-10000,-10000
048150,矽力元富93購01  ,0,0,0,0,0,0,0,0,0,-10000,0,0,0,0,10000,-10000,-10000
048119,臺指反元大96購03,0,0,0,0,0,0,0,0,0,-10000,0,0,0,0,10000,-10000,-10000
048097,聯詠凱基93購07  ,0,0,0,0,0,0,0,0,0,-10000,0,0,0,0,10000,-10000,-10000
046937,聯電元大99購01  ,0,0,0,0,0,0,0,0,0,-10000,0,0,0,110000,120000,-10000,-10000
047033,日月光中信95購01,0,0,0,0,0,0,0,0,0,-10000,0,0,0,0,10000,-10000,-10000
044864,道瓊反國票96購01,0,0,0,0,0,0,0,0,0,-10000,0,0,0,0,10000,-10000,-10000
04487P,南亞科凱基94售01,0,0,0,0,0,0,0,0,0,-10000,0,0,0,0,10000,-10000,-10000
047184,漢唐元大94購02  ,0,0,0,0,0,0,0,0,0,-10000,0,0,0,0,10000,-10000,-10000
052553,技嘉國票96購01  ,0,0,0,0,0,0,0,0,0,-10000,0,0,0,0,10000,-10000,-10000
054624,台積電凱基98購03,0,0,0,0,0,0,0,0,0,-10000,0,0,0,0,10000,-10000,-10000
051756,台積電元大97購04,0,0,0,0,0,0,0,0,0,-10000,0,0,0,0,10000,-10000,-10000
051613,S&P反1凱基96購01,0,0,0,0,0,0,0,0,0,-10000,0,0,0,21000,31000,-10000,-10000
051835,百和元大95購03  ,0,0,0,0,0,0,0,0,0,-10000,0,0,0,0,10000,-10000,-10000
05183P,台積電元富95售07,0,0,0,0,0,0,0,0,0,-10000,0,0,0,552000,562000,-10000,-10000
052581,訊芯元富98購01  ,0,0,0,0,0,0,0,0,0,-10000,0,0,0,0,10000,-10000,-10000
05257P,欣興凱基95售04  ,0,0,0,0,0,0,0,0,0,-10000,0,0,0,19000,29000,-10000,-10000
052608,欣興元大97購01  ,0,0,0,0,0,0,0,0,0,-10000,0,0,0,0,10000,-10000,-10000
055386,致新元大97購02  ,0,0,0,0,0,0,0,0,0,-10000,0,0,0,20000,30000,-10000,-10000
053695,智易元大97購02  ,0,0,0,0,0,0,0,0,0,-10000,0,0,0,0,10000,-10000,-10000
053688,燿華元大96購05  ,0,0,0,0,0,0,0,0,0,-10000,0,0,0,0,10000,-10000,-10000
053689,台光電元大96購01,0,0,0,0,0,0,0,0,0,-10000,0,0,0,0,10000,-10000,-10000
052621,台郡富邦97購01  ,0,0,0,0,0,0,0,0,0,-10000,0,0,0,0,10000,-10000,-10000
052622,貿聯兆豐97購01  ,0,0,0,0,0,0,0,0,0,-10000,0,0,0,0,10000,-10000,-10000
053729,聯茂凱基96購05  ,0,0,0,0,0,0,0,0,0,-10000,0,0,0,10000,20000,-10000,-10000
053736,友達麥證96購01  ,0,0,0,0,10000,-10000,0,0,0,-10000,0,0,0,0,10000,-10000,-10000
053768,S&P反1元大99購01,0,0,0,0,0,0,0,0,0,-10000,0,0,0,0,10000,-10000,-10000
052848,聯發科統一96購03,0,0,0,0,0,0,0,0,0,-10000,0,0,0,0,10000,-10000,-10000
053268,日月光群益96購01,0,0,0,0,0,0,0,0,0,-10000,0,0,0,0,10000,-10000,-10000
052915,創意元富96購01  ,0,0,0,0,0,0,0,0,0,-10000,0,0,0,0,10000,-10000,-10000
052934,中磊元大96購01  ,0,0,0,0,0,0,0,0,0,-10000,0,0,0,40000,50000,-10000,-10000
053022,欣興國泰98購01  ,0,0,0,0,0,0,0,0,0,-10000,0,0,0,1000,11000,-10000,-10000
053051,楠梓電國票97購01,0,0,0,0,0,0,0,0,0,-10000,0,0,0,0,10000,-10000,-10000
05309P,康友中信95售03  ,0,0,0,0,0,0,0,0,0,-10000,0,0,0,0,10000,-10000,-10000
053092,台表科元大97購02,0,0,0,0,0,0,0,0,0,-10000,0,0,0,0,10000,-10000,-10000
053176,矽力群益96購02  ,0,0,0,0,0,0,0,0,0,-10000,0,0,0,31000,41000,-10000,-10000
053195,玉晶光元富96購02,0,0,0,0,0,0,0,0,0,-10000,0,0,0,0,10000,-10000,-10000
053192,創意統一96購01  ,0,0,0,0,0,0,0,0,0,-10000,0,0,0,0,10000,-10000,-10000
052679,致伸富邦98購01  ,0,0,0,0,0,0,0,0,0,-10000,0,0,0,0,10000,-10000,-10000
052741,聯發科元大96購08,0,0,0,0,0,0,0,0,0,-10000,0,0,0,0,10000,-10000,-10000
052718,新唐凱基96購01  ,0,0,0,0,0,0,0,0,0,-10000,0,0,0,0,10000,-10000,-10000
05270P,台表科元大95售05,0,0,0,0,0,0,0,0,0,-10000,0,0,0,0,10000,-10000,-10000
053822,正文群益97購01  ,0,0,0,0,0,0,0,0,0,-10000,0,0,0,0,10000,-10000,-10000
052786,S&P500中信96購01,0,0,0,0,0,0,0,0,0,-10000,0,0,0,0,10000,-10000,-10000
052790,智邦兆豐97購01  ,0,0,0,0,0,0,0,0,0,-10000,0,0,0,45000,55000,-10000,-10000
052801,友達元大9A購01  ,0,0,0,0,0,0,0,0,0,-10000,0,0,0,11000,21000,-10000,-10000
055709,深中小元大97購03,0,0,0,0,0,0,0,0,0,-10000,0,0,0,20000,30000,-10000,-10000
055730,建準元富97購02  ,0,0,0,0,0,0,0,0,0,-10000,0,0,0,0,10000,-10000,-10000
055691,訊芯凱基97購02  ,0,0,0,0,0,0,0,0,0,-10000,0,0,0,0,10000,-10000,-10000
055699,康控國票97購04  ,0,0,0,0,0,0,0,0,0,-10000,0,0,0,0,10000,-10000,-10000
055650,華新科元富98購01,0,0,0,0,0,0,0,0,0,-10000,0,0,0,10000,20000,-10000,-10000
05557P,S&P500中信96售02,0,0,0,0,0,0,0,0,0,-10000,0,0,0,0,10000,-10000,-10000
055529,華邦電群益97購02,0,0,0,0,0,0,0,0,0,-10000,0,0,0,0,10000,-10000,-10000
055559,大立光凱基97購09,0,0,0,0,0,0,0,0,0,-10000,0,0,0,10000,20000,-10000,-10000
055628,旺宏永豐97購01  ,0,0,0,0,0,0,0,0,0,-10000,0,0,0,30000,40000,-10000,-10000
055613,全新國票98購01  ,0,0,0,0,0,0,0,0,0,-10000,0,0,0,0,10000,-10000,-10000
055615,宏達電國票99購02,0,0,0,0,0,0,0,0,0,-10000,0,0,0,0,10000,-10000,-10000
05611P,康控群益96售02  ,0,0,0,0,0,0,0,0,0,-10000,0,0,0,0,10000,-10000,-10000
056132,台光電元大97購03,0,0,0,0,0,0,0,0,0,-10000,0,0,0,7000,17000,-10000,-10000
056047,台積電兆豐97購02,0,0,0,0,0,0,0,0,0,-10000,0,0,0,0,10000,-10000,-10000
056076,超眾元大97購05  ,0,0,0,0,0,0,0,0,0,-10000,0,0,0,0,10000,-10000,-10000
056179,康友元富97購02  ,0,0,0,0,0,0,0,0,0,-10000,0,0,0,10000,20000,-10000,-10000
05617P,大立光統一97售02,0,0,0,0,0,0,0,0,0,-10000,0,0,0,0,10000,-10000,-10000
055770,欣興麥證97購01  ,0,0,0,0,10000,-10000,0,0,0,-10000,0,0,0,0,10000,-10000,-10000
055820,矽力國票98購02  ,0,0,0,0,0,0,0,0,0,-10000,0,0,0,0,10000,-10000,-10000
055834,國巨元大97購13  ,0,0,0,0,0,0,0,0,0,-10000,0,0,0,20000,30000,-10000,-10000
055849,聯詠元大97購05  ,0,0,0,0,0,0,0,0,0,-10000,0,0,0,30000,40000,-10000,-10000
055859,啟碁元大97購03  ,0,0,0,0,0,0,0,0,0,-10000,0,0,0,0,10000,-10000,-10000
055976,台積電統一99購03,0,0,0,0,0,0,0,0,0,-10000,0,0,0,0,10000,-10000,-10000
055985,聯鈞元富97購01  ,0,0,0,0,0,0,0,0,0,-10000,0,0,0,0,10000,-10000,-10000
055956,瑞昱元大97購05  ,0,0,0,0,0,0,0,0,0,-10000,0,0,0,58000,68000,-10000,-10000
055958,台光電元大97購02,0,0,0,0,0,0,0,0,0,-10000,0,0,0,0,10000,-10000,-10000
055268,和大元大97購01  ,0,0,0,0,0,0,0,0,0,-10000,0,0,0,0,10000,-10000,-10000
053520,康友群益96購01  ,0,0,0,0,0,0,0,0,0,-10000,0,0,0,0,10000,-10000,-10000
053489,上銀兆豐97購01  ,0,0,0,0,0,0,0,0,0,-10000,0,0,0,10000,20000,-10000,-10000
055227,聯發科國票98購02,0,0,0,0,0,0,0,0,0,-10000,0,0,0,0,10000,-10000,-10000
052400,聯詠凱基97購01  ,0,0,0,0,0,0,0,0,0,-10000,0,0,0,0,10000,-10000,-10000
052402,健策凱基97購01  ,0,0,0,0,0,0,0,0,0,-10000,0,0,0,40000,50000,-10000,-10000
052388,旺宏群益96購05  ,0,0,0,0,0,0,0,0,0,-10000,0,0,0,10000,20000,-10000,-10000
05238P,禾伸堂永豐95售01,0,0,0,0,0,0,0,0,0,-10000,0,0,0,30000,40000,-10000,-10000
05446P,緯穎元大95售04  ,0,0,0,0,0,0,0,0,0,-10000,0,0,0,0,10000,-10000,-10000
052317,台積電元大96購11,0,0,0,0,0,0,0,0,0,-10000,0,0,0,0,10000,-10000,-10000
053911,臺股指凱基96購31,0,0,0,0,0,0,0,0,0,-10000,0,0,0,0,10000,-10000,-10000
054465,亞光凱基97購01  ,0,0,0,0,0,0,0,0,0,-10000,0,0,0,0,10000,-10000,-10000
054467,隆達凱基97購01  ,0,0,0,0,0,0,0,0,0,-10000,0,0,0,0,10000,-10000,-10000
054428,禾伸堂富邦98購01,0,0,0,0,0,0,0,0,0,-10000,0,0,0,4000,14000,-10000,-10000
053890,華新科群益98購01,0,0,0,0,0,0,0,0,0,-10000,0,0,0,0,10000,-10000,-10000
053401,臺股指中信99購01,0,0,0,0,0,0,0,0,0,-10000,0,0,0,0,10000,-10000,-10000
053421,南亞科永豐96購01,0,0,0,0,0,0,0,0,0,-10000,0,0,0,40000,50000,-10000,-10000
052205,台積電中信95購09,0,0,0,0,0,0,0,0,0,-10000,0,0,0,0,10000,-10000,-10000
054305,光磊凱基98購01  ,0,0,0,0,0,0,0,0,0,-10000,0,0,0,0,10000,-10000,-10000
052274,大立光群益95購03,0,0,0,0,0,0,0,0,0,-10000,0,0,0,0,10000,-10000,-10000
05222P,致伸凱基95售02  ,0,0,0,0,0,0,0,0,0,-10000,0,0,0,0,10000,-10000,-10000
05224P,華通統一95售03  ,0,0,0,0,0,0,0,0,0,-10000,0,0,0,10000,20000,-10000,-10000
054288,華邦電元大96購05,0,0,0,0,0,0,0,0,0,-10000,0,0,0,0,10000,-10000,-10000
054297,台郡元大98購01  ,0,0,0,0,0,0,0,0,0,-10000,0,0,0,60000,70000,-10000,-10000
054298,台表科元大97購03,0,0,0,0,0,0,0,0,0,-10000,0,0,0,0,10000,-10000,-10000
054309,禾伸堂凱基98購01,0,0,0,0,0,0,0,0,0,-10000,0,0,0,0,10000,-10000,-10000
054197,台積電永昌96購07,0,0,0,0,0,0,0,0,0,-10000,0,0,0,102000,112000,-10000,-10000
054146,康友元大96購06  ,0,0,0,0,0,0,0,0,0,-10000,0,0,0,0,10000,-10000,-10000
054103,T50反1凱基99購04,0,0,0,0,0,0,0,0,0,-10000,0,0,0,0,10000,-10000,-10000
052444,友訊元大95購01  ,0,0,0,0,0,0,0,0,0,-10000,0,0,0,0,10000,-10000,-10000
054829,亞光國泰99購01  ,0,0,0,0,0,0,0,0,0,-10000,0,0,0,0,10000,-10000,-10000
054825,康友元大97購01  ,0,0,0,0,0,0,0,0,0,-10000,0,0,0,0,10000,-10000,-10000
055370,旺宏元大97購05  ,0,0,0,0,0,0,0,0,0,-10000,0,0,0,0,10000,-10000,-10000
055316,上銀國票98購01  ,0,0,0,0,0,0,0,0,0,-10000,0,0,0,0,10000,-10000,-10000
052529,力成元大95購03  ,0,0,0,0,0,0,0,0,0,-10000,0,0,0,0,10000,-10000,-10000
053599,崇越元大96購01  ,0,0,0,0,0,0,0,0,0,-10000,0,0,0,0,10000,-10000,-10000
051639,康友國票96購02  ,0,0,0,0,0,0,0,0,0,-10000,0,0,0,20000,30000,-10000,-10000
053676,新光金國泰98購02,0,0,0,0,0,0,0,0,0,-10000,0,0,0,0,10000,-10000,-10000
051989,華固元大95購02  ,0,0,0,0,0,0,0,0,0,-10000,0,0,0,40000,50000,-10000,-10000
052038,國巨永昌96購01  ,0,0,0,0,0,0,0,0,0,-10000,0,0,0,0,10000,-10000,-10000
051982,深中小元大95購01,0,0,0,0,0,0,0,0,0,-10000,0,0,0,10000,20000,-10000,-10000
054748,正文凱基98購01  ,0,0,0,0,0,0,0,0,0,-10000,0,0,0,0,10000,-10000,-10000
054720,禾伸堂永豐97購01,0,0,0,0,0,0,0,0,0,-10000,0,0,0,40000,50000,-10000,-10000
054701,宏全永豐97購01  ,0,0,0,0,0,0,0,0,0,-10000,0,0,0,0,10000,-10000,-10000
054678,麗豐台新98購02  ,0,0,0,0,0,0,0,0,0,-10000,0,0,0,0,10000,-10000,-10000
054670,康友元富97購01  ,0,0,0,0,0,0,0,0,0,-10000,0,0,0,10000,20000,-10000,-10000
054974,台表科元大98購02,0,0,0,0,0,0,0,0,0,-10000,0,0,0,0,10000,-10000,-10000
055167,友訊統一97購01  ,0,0,0,0,0,0,0,0,0,-10000,0,0,0,0,10000,-10000,-10000
055161,貿聯元大98購03  ,0,0,0,0,0,0,0,0,0,-10000,0,0,0,0,10000,-10000,-10000
055187,彩晶統一98購01  ,0,0,0,0,0,0,0,0,0,-10000,0,0,0,0,10000,-10000,-10000
055053,瑞昱永豐97購01  ,0,0,0,0,0,0,0,0,0,-10000,0,0,0,0,10000,-10000,-10000
055075,南電永豐97購01  ,0,0,0,0,0,0,0,0,0,-10000,0,0,0,0,10000,-10000,-10000
05514P,康舒永豐96售01  ,0,0,0,0,0,0,0,0,0,-10000,0,0,0,0,10000,-10000,-10000
055081,健鼎中信97購01  ,0,0,0,0,0,0,0,0,0,-10000,0,0,0,0,10000,-10000,-10000
054935,華通元大98購03  ,0,0,0,0,0,0,0,0,0,-10000,0,0,0,0,10000,-10000,-10000
054946,億光元大97購01  ,0,0,0,0,0,0,0,0,0,-10000,0,0,0,0,10000,-10000,-10000
054851,樺漢兆豐97購01  ,0,0,0,0,0,0,0,0,0,-10000,0,0,0,0,10000,-10000,-10000
08795P,聯發科凱基01售11,0,0,0,0,0,0,0,0,0,-10000,0,0,0,0,10000,-10000,-10000
08218P,滬深2X凱基96售01,0,0,0,0,0,0,0,0,0,-10000,0,0,0,40000,50000,-10000,-10000
2114,鑫永銓          ,2000,12000,-10000,0,0,0,0,0,0,0,0,0,0,0,0,0,-10000
2497,怡利電          ,2000,12000,-10000,0,0,0,0,0,0,0,0,0,0,0,0,0,-10000
2413,環科            ,11000,21000,-10000,0,0,0,0,0,0,0,0,0,0,0,0,0,-10000
2613,中櫃            ,1000,10000,-9000,0,0,0,0,0,0,-1000,0,1000,-1000,0,0,0,-10000
06737P,台郡凱基98售07  ,0,0,0,0,0,0,0,0,0,-10000,0,0,0,0,10000,-10000,-10000
06849P,欣興元大98售12  ,0,0,0,0,0,0,0,0,0,-10000,0,0,0,10000,20000,-10000,-10000
07047P,S&P500中信9B售02,0,0,0,0,0,0,0,0,0,-10000,0,0,0,0,10000,-10000,-10000
07082P,美律元大99售06  ,0,0,0,0,0,0,0,0,0,-10000,0,0,0,0,10000,-10000,-10000
07009P,臺股指中信9B售01,0,0,0,0,0,0,0,0,0,-10000,0,0,0,7000,17000,-10000,-10000
06981P,台灣50麥證99售02,0,0,0,0,10000,-10000,0,0,0,-10000,0,0,0,0,10000,-10000,-10000
06534P,聯發科群益98售04,0,0,0,0,0,0,0,0,0,-10000,0,0,0,0,10000,-10000,-10000
06583P,可成凱基98售07  ,0,0,0,0,0,0,0,0,0,-10000,0,0,0,0,10000,-10000,-10000
06683P,訊芯元大98售07  ,0,0,0,0,0,0,0,0,0,-10000,0,0,0,36000,46000,-10000,-10000
06685P,鴻海國泰9A售01  ,0,0,0,0,0,0,0,0,0,-10000,0,0,0,0,10000,-10000,-10000
06687P,A50正2中信9A售01,0,0,0,0,0,0,0,0,0,-10000,0,0,0,0,10000,-10000,-10000
06706P,智原台新98售02  ,0,0,0,0,0,0,0,0,0,-10000,0,0,0,20000,30000,-10000,-10000
06271P,彩晶凱基97售01  ,0,0,0,0,0,0,0,0,0,-10000,0,0,0,0,10000,-10000,-10000
06495P,華新科亞東9A售01,0,0,0,0,0,0,0,0,0,-10000,0,0,0,60000,70000,-10000,-10000
06493P,聯發科永豐98售02,0,0,0,0,0,0,0,0,0,-10000,0,0,0,25000,35000,-10000,-10000
06473P,鴻海元大99售03  ,0,0,0,0,0,0,0,0,0,-10000,0,0,0,20000,30000,-10000,-10000
06404P,鴻海元富97售16  ,0,0,0,0,0,0,0,0,0,-10000,0,0,0,0,10000,-10000,-10000
4557,永新-KY         ,2000,11000,-9000,0,0,0,0,0,0,-1000,0,1000,-1000,0,0,0,-10000
5533,皇鼎            ,0,10000,-10000,0,0,0,0,0,0,0,0,0,0,0,0,0,-10000
4960,誠美材          ,0,10000,-10000,0,0,0,0,0,0,0,0,0,0,0,0,0,-10000
06135P,志超元富97售01  ,0,0,0,0,0,0,0,0,0,-11000,0,0,0,0,11000,-11000,-11000
06123P,玉晶光元大97售04,0,0,0,0,0,0,0,0,0,-11000,0,0,0,10000,21000,-11000,-11000
06225P,華新科元富97售04,0,0,0,0,0,0,0,0,0,-11000,0,0,0,14000,25000,-11000,-11000
05973P,聯詠元大96售06  ,0,0,0,0,0,0,0,0,0,-11000,0,0,0,0,11000,-11000,-11000
05847P,大立光元大96售08,0,0,0,0,0,0,0,0,0,-11000,0,0,0,2000,13000,-11000,-11000
058449,台積電永豐99購01,0,0,0,0,0,0,0,0,0,-11000,0,0,0,0,11000,-11000,-11000
058082,美律群益98購05  ,0,0,0,0,0,0,0,0,0,-11000,0,0,0,0,11000,-11000,-11000
058156,超眾統一9A購02  ,0,0,0,0,0,0,0,0,0,-11000,0,0,0,0,11000,-11000,-11000
057687,中502X凱基98購01,0,0,0,0,0,0,0,0,0,-11000,0,0,0,0,11000,-11000,-11000
05766P,A50正2凱基99售01,0,0,0,0,0,0,0,0,0,-11000,0,0,0,129000,140000,-11000,-11000
057182,禾伸堂元大99購02,0,0,0,0,0,0,0,0,0,-11000,0,0,0,36000,47000,-11000,-11000
056582,易華電元大98購01,0,0,0,0,0,0,0,0,0,-11000,0,0,0,0,11000,-11000,-11000
045907,鴻海中信94購02  ,0,0,0,0,0,0,0,0,0,-11000,0,0,0,189000,200000,-11000,-11000
054001,康友群益96購02  ,0,0,0,0,0,0,0,0,0,-11000,0,0,0,0,11000,-11000,-11000
054522,康友元大96購07  ,0,0,0,0,0,0,0,0,0,-11000,0,0,0,3000,14000,-11000,-11000
054357,可成兆豐97購02  ,0,0,0,0,0,0,0,0,0,-11000,0,0,0,0,11000,-11000,-11000
050006,華擎永豐94購03  ,0,0,0,0,0,0,0,0,0,-11000,0,0,0,20000,31000,-11000,-11000
054941,凱美元大97購01  ,0,0,0,0,0,0,0,0,0,-11000,0,0,0,65000,76000,-11000,-11000
055103,南港凱基97購01  ,0,0,0,0,0,0,0,0,0,-11000,0,0,0,1000,12000,-11000,-11000
053662,矽力凱基97購01  ,0,0,0,0,0,0,0,0,0,-11000,0,0,0,0,11000,-11000,-11000
055365,華通元大97購03  ,0,0,0,0,0,0,0,0,0,-11000,0,0,0,34000,45000,-11000,-11000
054822,祥碩元大97購01  ,0,0,0,0,0,0,0,0,0,-11000,0,0,0,77000,88000,-11000,-11000
05444P,大立光元大95售10,0,0,0,0,0,0,0,0,0,-11000,0,0,0,550000,561000,-11000,-11000
053902,S&P反1凱基97購01,0,0,0,0,0,0,0,0,0,-11000,0,0,0,0,11000,-11000,-11000
052667,漢唐群益96購01  ,0,0,0,0,0,0,0,0,0,-11000,0,0,0,0,11000,-11000,-11000
055378,晶相光元大97購02,0,0,0,0,0,0,0,0,0,-11000,0,0,0,10000,21000,-11000,-11000
055373,聯詠元大97購03  ,0,0,0,0,0,0,0,0,0,-11000,0,0,0,84000,95000,-11000,-11000
6164,華興            ,5000,13000,-8000,0,0,0,0,0,0,-3000,0,3000,-3000,0,0,0,-11000
06926P,可成群益9A售04  ,0,0,0,0,0,0,0,0,0,-11000,0,0,0,0,11000,-11000,-11000
3047,訊舟            ,95000,105000,-10000,0,0,0,0,0,0,-1000,0,1000,-1000,0,0,0,-11000
2483,百容            ,4000,11000,-7000,0,0,0,0,0,0,-4000,0,4000,-4000,0,0,0,-11000
07138P,台灣50群益9B售04,0,0,0,0,0,0,0,0,0,-11000,0,0,0,0,11000,-11000,-11000
1220,台榮            ,0,6000,-6000,0,0,0,0,0,0,-5000,0,5000,-5000,0,0,0,-11000
1232,大統益          ,28000,38000,-10000,0,0,0,0,1000,-1000,0,0,0,0,0,0,0,-11000
056396,祥碩永豐98購01  ,0,0,0,0,0,0,0,0,0,-12000,0,0,0,38000,50000,-12000,-12000
057006,國巨中信98購03  ,0,0,0,0,0,0,0,0,0,-12000,0,0,0,10000,22000,-12000,-12000
056992,祥碩兆豐98購01  ,0,0,0,0,0,0,0,0,0,-12000,0,0,0,5000,17000,-12000,-12000
056976,喬山群益98購01  ,0,0,0,0,0,0,0,0,0,-12000,0,0,0,60000,72000,-12000,-12000
057194,南電元大98購01  ,0,0,0,0,0,0,0,0,0,-12000,0,0,0,53000,65000,-12000,-12000
05723P,華通永豐96售03  ,0,0,0,0,0,0,0,0,0,-12000,0,0,0,58000,70000,-12000,-12000
057115,元油2X日盛9A購01,0,0,0,0,0,0,0,0,0,-12000,0,0,0,0,12000,-12000,-12000
058007,南電群益98購02  ,0,0,0,0,0,0,0,0,0,-12000,0,0,0,10000,22000,-12000,-12000
057986,華新科元富99購05,0,0,0,0,0,0,0,0,0,-12000,0,0,0,390000,402000,-12000,-12000
06202P,大立光元大98售06,0,0,0,0,0,0,0,0,0,-12000,0,0,0,40000,52000,-12000,-12000
058791,鴻海元大99購17  ,0,0,0,0,0,0,0,0,0,-12000,0,0,0,140000,152000,-12000,-12000
058964,群創兆豐99購01  ,0,0,0,0,0,0,0,0,0,-12000,0,0,0,0,12000,-12000,-12000
059032,元石油群益9C購03,0,0,0,0,0,0,0,0,0,-12000,0,0,0,0,12000,-12000,-12000
058860,SGBR2X凱基9A購01,0,0,0,0,0,0,0,0,0,-12000,0,0,0,0,12000,-12000,-12000
04837P,華新科元大94售05,0,0,0,0,0,0,0,0,0,-12000,0,0,0,5000,17000,-12000,-12000
048944,茂林永豐94購01  ,0,0,0,0,0,0,0,0,0,-12000,0,0,0,18000,30000,-12000,-12000
054515,華通元大98購02  ,0,0,0,0,0,0,0,0,0,-12000,0,0,0,30000,42000,-12000,-12000
050543,聯發科凱基95購01,0,0,0,0,0,0,0,0,0,-12000,0,0,0,72000,84000,-12000,-12000
050119,瀚宇博元大95購03,0,0,0,0,0,0,0,0,0,-12000,0,0,0,0,12000,-12000,-12000
051202,智邦麥證95購01  ,0,0,0,8000,20000,-12000,0,0,0,-12000,0,0,0,8000,20000,-12000,-12000
051240,台積電元大95購12,0,0,0,0,0,0,0,0,0,-12000,0,0,0,1000,13000,-12000,-12000
04591P,上銀元大94售01  ,0,0,0,0,0,0,0,0,0,-12000,0,0,0,3000,15000,-12000,-12000
04785P,鴻海永豐94售03  ,0,0,0,0,0,0,0,0,0,-12000,0,0,0,0,12000,-12000,-12000
047529,嘉晶元大94購02  ,0,0,0,0,0,0,0,0,0,-12000,0,0,0,31000,43000,-12000,-12000
00735,國泰臺韓科技    ,0,75000,-75000,0,0,0,0,0,0,63000,0,0,0,174000,111000,63000,-12000
00684R,元大美元指數反1 ,0,0,0,0,0,0,0,0,0,-12000,0,0,0,0,12000,-12000,-12000
03197P,台積電統一01售14,0,0,0,0,0,0,0,0,0,-12000,0,0,0,60000,72000,-12000,-12000
053093,緯穎元大96購06  ,0,0,0,0,0,0,0,0,0,-12000,0,0,0,60000,72000,-12000,-12000
052883,百和亞東97購01  ,0,0,0,0,0,0,0,0,0,-12000,0,0,0,0,12000,-12000,-12000
055787,聯茂凱基99購01  ,0,0,0,0,0,0,0,0,0,-12000,0,0,0,0,12000,-12000,-12000
056128,和大中信99購01  ,0,0,0,0,0,0,0,0,0,-12000,0,0,0,0,12000,-12000,-12000
054827,宏全元大9A購01  ,0,0,0,0,0,0,0,0,0,-12000,0,0,0,20000,32000,-12000,-12000
053586,建準元大96購01  ,0,0,0,0,0,0,0,0,0,-12000,0,0,0,0,12000,-12000,-12000
054929,群電凱基97購01  ,0,0,0,0,0,0,0,0,0,-12000,0,0,0,0,12000,-12000,-12000
1225,福懋油          ,9000,21000,-12000,0,0,0,0,0,0,0,0,0,0,0,0,0,-12000
2516,新建            ,3000,15000,-12000,0,0,0,0,0,0,0,0,0,0,0,0,0,-12000
3002,歐格            ,5000,16000,-11000,0,0,0,0,0,0,-1000,0,1000,-1000,0,0,0,-12000
06863P,欣興凱基98售05  ,0,0,0,0,0,0,0,0,0,-12000,0,0,0,18000,30000,-12000,-12000
06762P,智邦元大98售11  ,0,0,0,0,0,0,0,0,0,-12000,0,0,0,0,12000,-12000,-12000
06994P,台光電凱基99售02,0,0,0,0,0,0,0,0,0,-12000,0,0,0,28000,40000,-12000,-12000
06491P,台積電富邦99售02,0,0,0,0,0,0,0,0,0,-12000,0,0,0,0,12000,-12000,-12000
6128,上福            ,7000,19000,-12000,0,0,0,0,0,0,0,0,0,0,0,0,0,-12000
059018,滬深2X統一9A購01,0,0,0,0,0,0,0,0,0,-13000,0,0,0,0,13000,-13000,-13000
058790,楠梓電元大99購03,0,0,0,0,0,0,0,0,0,-13000,0,0,0,0,13000,-13000,-13000
058827,聯發科永豐9A購01,0,0,0,0,0,0,0,0,0,-13000,0,0,0,200000,213000,-13000,-13000
058814,南亞科台新99購01,0,0,0,0,0,0,0,0,0,-13000,0,0,0,0,13000,-13000,-13000
058705,長榮航元大99購01,0,0,0,0,0,0,0,0,0,-13000,0,0,0,0,13000,-13000,-13000
06192P,高股息中信98售01,0,0,0,0,0,0,0,0,0,-13000,0,0,0,0,13000,-13000,-13000
057475,聯電元大9A購01  ,0,0,0,0,0,0,0,0,0,-13000,0,0,0,47000,60000,-13000,-13000
05742P,可成元大96售04  ,0,0,0,0,0,0,0,0,0,-13000,0,0,0,10000,23000,-13000,-13000
057702,同欣電群益99購01,0,0,0,0,0,0,0,0,0,-13000,0,0,0,0,13000,-13000,-13000
057871,國巨元大99購09  ,0,0,0,0,0,0,0,0,0,-13000,0,0,0,42000,55000,-13000,-13000
056277,上銀富邦99購02  ,0,0,0,0,0,0,0,0,0,-13000,0,0,0,0,13000,-13000,-13000
04342P,揚明光永豐93售03,0,0,0,0,0,0,0,0,0,-13000,0,0,0,0,13000,-13000,-13000
04767P,台積電國泰95售04,0,0,0,0,0,0,0,0,0,-13000,0,0,0,131000,144000,-13000,-13000
04765P,宏達電永豐94售02,0,0,0,0,0,0,0,0,0,-13000,0,0,0,0,13000,-13000,-13000
04488P,聯發科凱基94售05,0,0,0,0,0,0,0,0,0,-13000,0,0,0,21000,34000,-13000,-13000
050931,上証2X國票95購03,0,0,0,0,0,0,0,0,0,-13000,0,0,0,0,13000,-13000,-13000
04978P,台表科凱基94售02,0,0,0,0,0,0,0,0,0,-13000,0,0,0,0,13000,-13000,-13000
055012,茂林元富97購01  ,0,0,0,0,0,0,0,0,0,-13000,0,0,0,237000,250000,-13000,-13000
053602,台虹元大96購01  ,0,0,0,0,0,0,0,0,0,-13000,0,0,0,134000,147000,-13000,-13000
055661,亞德客中信98購01,0,0,0,0,0,0,0,0,0,-13000,0,0,0,4000,17000,-13000,-13000
055744,茂林元富97購02  ,0,0,0,0,0,0,0,0,0,-13000,0,0,0,39000,52000,-13000,-13000
051578,智邦元大96購01  ,0,0,0,0,0,0,0,0,0,-13000,0,0,0,172000,185000,-13000,-13000
4144,康聯-KY         ,2000,15000,-13000,0,0,0,0,0,0,0,0,0,0,0,0,0,-13000
3591,艾笛森          ,8000,20000,-12000,0,0,0,0,0,0,-1000,0,1000,-1000,0,0,0,-13000
06593P,欣興元大98售05  ,0,0,0,0,0,0,0,0,0,-13000,0,0,0,10000,23000,-13000,-13000
06967P,台郡台新99售02  ,0,0,0,0,0,0,0,0,0,-13000,0,0,0,0,13000,-13000,-13000
06759P,台積電元大98售17,0,0,0,0,0,0,0,0,0,-13000,0,0,0,92000,105000,-13000,-13000
06898P,FBVIX群益9C售03 ,0,0,0,0,0,0,0,0,0,-13000,0,0,0,310000,323000,-13000,-13000
3032,偉訓            ,26000,32000,-6000,0,0,0,0,0,0,-7000,2000,9000,-7000,0,0,0,-13000
1417,嘉裕            ,10000,23000,-13000,0,0,0,0,0,0,0,0,0,0,0,0,0,-13000
1786,科妍            ,73000,85000,-12000,0,0,0,0,0,0,-1000,8000,9000,-1000,0,0,0,-13000
1608,華榮            ,42000,52000,-10000,0,0,0,0,0,0,-3000,0,3000,-3000,0,0,0,-13000
056384,玉晶光國泰9A購02,0,0,0,0,0,0,0,0,0,-14000,0,0,0,37000,51000,-14000,-14000
057216,聯發科群益99購01,0,0,0,0,0,0,0,0,0,-14000,0,0,0,0,14000,-14000,-14000
06235P,國巨元大97售12  ,0,0,0,0,0,0,0,0,0,-14000,0,0,0,45000,59000,-14000,-14000
058653,光寶科中信9A購01,0,0,0,0,0,0,0,0,0,-14000,0,0,0,109000,123000,-14000,-14000
057914,日月光日盛9A購01,0,0,0,0,0,0,0,0,0,-14000,0,0,0,1000,15000,-14000,-14000
058077,超眾凱基98購02  ,0,0,0,0,0,0,0,0,0,-14000,0,0,0,6000,20000,-14000,-14000
058384,大成鋼中信99購01,0,0,0,0,0,0,0,0,0,-14000,0,0,0,51000,65000,-14000,-14000
05064P,台積電元大95售10,0,0,0,0,0,0,0,0,0,-14000,0,0,0,56000,70000,-14000,-14000
04961P,貿聯凱基94售03  ,0,0,0,0,0,0,0,0,0,-14000,0,0,0,9000,23000,-14000,-14000
04997P,燿華台新95售02  ,0,0,0,0,0,0,0,0,0,-14000,0,0,0,0,14000,-14000,-14000
049610,奇力新兆豐95購01,0,0,0,0,0,0,0,0,0,-14000,0,0,0,5000,19000,-14000,-14000
04795P,聯發科元大94售09,0,0,0,0,0,0,0,0,0,-14000,0,0,0,50000,64000,-14000,-14000
03960P,新日興元富96售02,0,0,0,0,0,0,0,0,0,-14000,0,0,0,121000,135000,-14000,-14000
04345P,景碩國泰94售02  ,0,0,0,0,0,0,0,0,0,-14000,0,0,0,8000,22000,-14000,-14000
055416,欣興富邦98購01  ,0,0,0,0,0,0,0,0,0,-14000,0,0,0,0,14000,-14000,-14000
055642,廣宇元富97購01  ,0,0,0,0,0,0,0,0,0,-14000,0,0,0,42000,56000,-14000,-14000
05244P,台積電元大95售17,0,0,0,0,0,0,0,0,0,-14000,0,0,0,80000,94000,-14000,-14000
051983,道瓊反元大95購01,0,0,0,0,0,0,0,0,0,-14000,0,0,0,0,14000,-14000,-14000
052252,大立光永豐95購03,0,0,0,0,0,0,0,0,0,-14000,0,0,0,0,14000,-14000,-14000
3027,盛達            ,3000,13000,-10000,0,0,0,0,0,0,-4000,0,4000,-4000,0,0,0,-14000
06835P,台灣50國票9A售01,0,0,0,0,0,0,0,0,0,-14000,0,0,0,1000,15000,-14000,-14000
06651P,華新科元大99售09,0,0,0,0,0,0,0,0,0,-14000,0,0,0,91000,105000,-14000,-14000
6214,精誠            ,492000,520000,-28000,0,0,0,0,3000,-3000,17000,36000,19000,17000,0,0,0,-14000
8462,柏文            ,39000,53361,-14361,0,0,0,0,0,0,0,0,0,0,0,0,0,-14361
058704,台積電元大99購17,0,0,0,0,0,0,0,0,0,-15000,0,0,0,50000,65000,-15000,-15000
058905,京鼎元大99購01  ,0,0,0,0,0,0,0,0,0,-15000,0,0,0,100000,115000,-15000,-15000
058933,FBVIX台新9B購01 ,0,0,0,0,0,0,0,0,0,-15000,0,0,0,0,15000,-15000,-15000
06154P,超眾元大98售01  ,0,0,0,0,0,0,0,0,0,-15000,0,0,0,153000,168000,-15000,-15000
06017P,亞光凱基96售04  ,0,0,0,0,0,0,0,0,0,-15000,0,0,0,0,15000,-15000,-15000
057251,泰鼎統一98購02  ,0,0,0,0,0,0,0,0,0,-15000,0,0,0,0,15000,-15000,-15000
057175,美律元大98購03  ,0,0,0,0,0,0,0,0,0,-15000,0,0,0,76000,91000,-15000,-15000
057145,上銀國票98購03  ,0,0,0,0,0,0,0,0,0,-15000,0,0,0,10000,25000,-15000,-15000
057151,易華電國票99購01,0,0,0,0,0,0,0,0,0,-15000,0,0,0,0,15000,-15000,-15000
057400,全新群益9A購01  ,0,0,0,0,0,0,0,0,0,-15000,0,0,0,0,15000,-15000,-15000
057367,技嘉元大98購02  ,0,0,0,0,0,0,0,0,0,-15000,0,0,0,0,15000,-15000,-15000
057744,健策永豐98購02  ,0,0,0,0,0,0,0,0,0,-15000,0,0,0,0,15000,-15000,-15000
057783,台積電國票9A購01,0,0,0,0,0,0,0,0,0,-15000,0,0,0,5000,20000,-15000,-15000
05763P,致新永豐96售01  ,0,0,0,0,0,0,0,0,0,-15000,0,0,0,0,15000,-15000,-15000
057569,光磊永豐98購03  ,0,0,0,0,0,0,0,0,0,-15000,0,0,0,0,15000,-15000,-15000
057534,旭富元大98購01  ,0,0,0,0,0,0,0,0,0,-15000,0,0,0,20000,35000,-15000,-15000
056402,智易群益98購02  ,0,0,0,0,0,0,0,0,0,-15000,0,0,0,0,15000,-15000,-15000
05628P,茂林國票97售02  ,0,0,0,0,0,0,0,0,0,-15000,0,0,0,0,15000,-15000,-15000
056870,全新日盛9A購01  ,0,0,0,0,0,0,0,0,0,-15000,0,0,0,0,15000,-15000,-15000
03021P,玉晶光群益02售25,0,0,0,0,0,0,0,0,0,-15000,0,0,0,422000,437000,-15000,-15000
04273P,上証反凱基99售01,0,0,0,0,0,0,0,0,0,-15000,0,0,0,0,15000,-15000,-15000
041870,A50正2凱基96購01,0,0,0,0,0,0,0,0,0,-15000,0,0,0,35000,50000,-15000,-15000
00688L,國泰20年美債正2 ,0,0,0,0,0,0,0,0,0,-15000,0,0,0,25000,40000,-15000,-15000
04779P,大立光凱基94售10,0,0,0,0,0,0,0,0,0,-15000,0,0,0,0,15000,-15000,-15000
049591,開發金元大98購01,0,0,0,0,0,0,0,0,0,-15000,0,0,0,0,15000,-15000,-15000
046492,旺宏富邦94購02  ,0,0,0,0,0,0,0,0,0,-15000,0,0,0,0,15000,-15000,-15000
050030,嘉晶元大94購03  ,0,0,0,0,0,0,0,0,0,-15000,0,0,0,58000,73000,-15000,-15000
049252,國巨元大96購01  ,0,0,0,0,0,0,0,0,0,-15000,0,0,0,70000,85000,-15000,-15000
048911,玉晶光富邦96購01,0,0,0,0,0,0,0,0,0,-15000,0,0,0,0,15000,-15000,-15000
054041,鴻海元大96購22  ,0,0,0,0,0,0,0,0,0,-15000,0,0,0,0,15000,-15000,-15000
049721,晶技凱基94購02  ,0,0,0,0,0,0,0,0,0,-15000,0,0,0,150000,165000,-15000,-15000
050196,嘉聯益元大97購01,0,0,0,0,0,0,0,0,0,-15000,0,0,0,0,15000,-15000,-15000
054310,牧德凱基98購01  ,0,0,0,0,0,0,0,0,0,-15000,0,0,0,0,15000,-15000,-15000
053934,A50正2元富96購02,0,0,0,0,0,0,0,0,0,-15000,0,0,0,105000,120000,-15000,-15000
05445P,聯詠元大95售05  ,0,0,0,0,0,0,0,0,0,-15000,0,0,0,0,15000,-15000,-15000
054437,欣興台新97購02  ,0,0,0,0,0,0,0,0,0,-15000,0,0,0,0,15000,-15000,-15000
055293,晶相光元大97購01,0,0,0,0,0,0,0,0,0,-15000,0,0,0,10000,25000,-15000,-15000
055315,晶技麥證97購01  ,0,0,0,5000,20000,-15000,0,0,0,-15000,0,0,0,5000,20000,-15000,-15000
054900,金寶康和97購01  ,0,0,0,0,0,0,0,0,0,-15000,0,0,0,0,15000,-15000,-15000
054608,致茂永豐97購01  ,0,0,0,0,0,0,0,0,0,-15000,0,0,0,0,15000,-15000,-15000
056114,台達電群益97購02,0,0,0,0,0,0,0,0,0,-15000,0,0,0,0,15000,-15000,-15000
056093,大毅元富97購01  ,0,0,0,0,0,0,0,0,0,-15000,0,0,0,10000,25000,-15000,-15000
056073,智伸科元大97購01,0,0,0,0,0,0,0,0,0,-15000,0,0,0,0,15000,-15000,-15000
056207,茂林永豐97購03  ,0,0,0,0,0,0,0,0,0,-15000,0,0,0,0,15000,-15000,-15000
055427,技嘉群益98購01  ,0,0,0,0,0,0,0,0,0,-15000,0,0,0,0,15000,-15000,-15000
055399,超眾統一99購01  ,0,0,0,0,0,0,0,0,0,-15000,0,0,0,0,15000,-15000,-15000
055382,台郡元大99購01  ,0,0,0,0,0,0,0,0,0,-15000,0,0,0,0,15000,-15000,-15000
053732,S&P反1中信9C購01,0,0,0,0,0,0,0,0,0,-15000,0,0,0,0,15000,-15000,-15000
05368P,可成元富95售03  ,0,0,0,0,0,0,0,0,0,-15000,0,0,0,12000,27000,-15000,-15000
053799,矽創中信9A購01  ,0,0,0,0,0,0,0,0,0,-15000,0,0,0,35000,50000,-15000,-15000
05320P,華通凱基96售03  ,0,0,0,0,0,0,0,0,0,-15000,0,0,0,0,15000,-15000,-15000
6201,亞弘電          ,2000,17000,-15000,0,0,0,0,0,0,0,1000,1000,0,0,0,0,-15000
6442,光聖            ,1000,16000,-15000,0,0,0,0,0,0,0,0,0,0,0,0,0,-15000
3607,谷崧            ,8000,23000,-15000,0,0,0,0,0,0,0,0,0,0,0,0,0,-15000
4552,力達-KY         ,57000,59000,-2000,0,0,0,0,0,0,-13000,0,13000,-13000,0,0,0,-15000
4566,時碩工業        ,48000,64000,-16000,0,0,0,0,0,0,1000,1000,0,1000,0,0,0,-15000
06766P,玉晶光元大99售10,0,0,0,0,0,0,0,0,0,-15000,0,0,0,32000,47000,-15000,-15000
06739P,聯詠兆豐98售02  ,0,0,0,0,0,0,0,0,0,-15000,0,0,0,20000,35000,-15000,-15000
07103P,南電元大99售04  ,0,0,0,0,0,0,0,0,0,-15000,0,0,0,0,15000,-15000,-15000
07117P,SGBR2X凱基9C售01,0,0,0,0,0,0,0,0,0,-15000,0,0,0,0,15000,-15000,-15000
3040,遠見            ,1000,16000,-15000,0,0,0,0,0,0,0,0,0,0,0,0,0,-15000
2705,六福            ,0,14000,-14000,0,0,0,0,0,0,-1000,0,1000,-1000,0,0,0,-15000
2468,華經            ,7000,22000,-15000,0,0,0,0,0,0,0,0,0,0,0,0,0,-15000
2443,億麗            ,0,15000,-15000,0,0,0,0,0,0,0,0,0,0,0,0,0,-15000
056828,國巨富邦9A購03  ,0,0,0,0,0,0,0,0,0,-16000,0,0,0,0,16000,-16000,-16000
05724P,致茂永豐96售01  ,0,0,0,0,0,0,0,0,0,-16000,0,0,0,105000,121000,-16000,-16000
05805P,義隆永豐96售02  ,0,0,0,0,0,0,0,0,0,-16000,0,0,0,1000,17000,-16000,-16000
058100,聯茂國泰99購02  ,0,0,0,0,0,0,0,0,0,-16000,0,0,0,36000,52000,-16000,-16000
052089,聯發科元大96購02,0,0,0,0,0,0,0,0,0,-16000,0,0,0,4000,20000,-16000,-16000
049046,同欣電兆豐94購01,0,0,0,0,0,0,0,0,0,-16000,0,0,0,0,16000,-16000,-16000
046645,技嘉國泰94購01  ,0,0,0,0,0,0,0,0,0,-16000,0,0,0,0,16000,-16000,-16000
04559P,華通凱基94售03  ,0,0,0,0,0,0,0,0,0,-16000,0,0,0,0,16000,-16000,-16000
047211,華新科富邦99購01,0,0,0,0,0,0,0,0,0,-16000,0,0,0,12000,28000,-16000,-16000
048177,臺指反富邦99購01,0,0,0,0,0,0,0,0,0,-16000,0,0,0,177000,193000,-16000,-16000
049587,美律元大95購01  ,0,0,0,0,0,0,0,0,0,-16000,0,0,0,94000,110000,-16000,-16000
044374,燿華兆豐93購01  ,0,0,0,0,0,0,0,0,0,-16000,0,0,0,0,16000,-16000,-16000
03647P,京元電元富95售02,0,0,0,0,0,0,0,0,0,-16000,0,0,0,47000,63000,-16000,-16000
04177P,富邦金元大94售01,0,0,0,0,0,0,0,0,0,-16000,0,0,0,31000,47000,-16000,-16000
05379P,可成凱基95售11  ,0,0,0,0,0,0,0,0,0,-16000,0,0,0,14000,30000,-16000,-16000
05283P,健鼎元大95售04  ,0,0,0,0,0,0,0,0,0,-16000,0,0,0,5000,21000,-16000,-16000
052594,友訊群益98購01  ,0,0,0,0,0,0,0,0,0,-16000,0,0,0,4000,20000,-16000,-16000
056062,大立光元大97購12,0,0,0,0,0,0,0,0,0,-16000,0,0,0,127000,143000,-16000,-16000
053823,茂林群益96購06  ,0,0,0,0,0,0,0,0,0,-16000,0,0,0,0,16000,-16000,-16000
055023,億光國泰98購01  ,0,0,0,0,0,0,0,0,0,-16000,0,0,0,13000,29000,-16000,-16000
1603,華電            ,13000,29000,-16000,0,0,0,0,0,0,0,0,0,0,0,0,0,-16000
2008,高興昌          ,0,16000,-16000,0,0,0,0,0,0,0,0,0,0,0,0,0,-16000
07111P,台積電群益99售08,0,0,0,0,0,0,0,0,0,-16000,0,0,0,0,16000,-16000,-16000
07079P,台積電群益99售06,0,0,0,0,0,0,0,0,0,-16000,0,0,0,0,16000,-16000,-16000
07073P,臺股指中信9B售02,0,0,0,0,0,0,0,0,0,-16000,0,0,0,0,16000,-16000,-16000
06646P,國巨元大98售16  ,0,0,0,0,0,0,0,0,0,-16000,0,0,0,135000,151000,-16000,-16000
5525,順天            ,6000,22000,-16000,0,0,0,0,0,0,0,0,0,0,0,0,0,-16000
8103,瀚荃            ,0,32000,-32000,0,0,0,0,0,0,16000,16000,0,16000,0,0,0,-16000
058243,華擎元大99購01  ,0,0,0,0,0,0,0,0,0,-17000,0,0,0,50000,67000,-17000,-17000
058521,日月光元大99購01,0,0,0,0,0,0,0,0,0,-17000,0,0,0,13000,30000,-17000,-17000
058549,藍天永豐99購01  ,0,0,0,0,0,0,0,0,0,-17000,0,0,0,91000,108000,-17000,-17000
06245P,健策元富97售03  ,0,0,0,0,0,0,0,0,0,-17000,0,0,0,0,17000,-17000,-17000
057311,玉晶光日盛9A購01,0,0,0,0,0,0,0,0,0,-17000,0,0,0,23000,40000,-17000,-17000
05776P,鴻海統一98售02  ,0,0,0,0,0,0,0,0,0,-17000,0,0,0,13000,30000,-17000,-17000
05673P,台積電群益96售05,0,0,0,0,0,0,0,0,0,-17000,0,0,0,20000,37000,-17000,-17000
056744,麗豐凱基9A購01  ,0,0,0,0,0,0,0,0,0,-17000,0,0,0,50000,67000,-17000,-17000
056405,聯茂群益98購01  ,0,0,0,0,0,0,0,0,0,-17000,0,0,0,0,17000,-17000,-17000
056392,玉晶光富邦9C購01,0,0,0,0,0,0,0,0,0,-17000,0,0,0,10000,27000,-17000,-17000
056359,旺宏元大9A購01  ,0,0,0,0,0,0,0,0,0,-17000,0,0,0,5000,22000,-17000,-17000
042928,台積電中信95購01,0,0,0,0,0,0,0,0,0,-17000,0,0,0,11000,28000,-17000,-17000
04734P,上海銀兆豐94售02,0,0,0,0,0,0,0,0,0,-17000,0,0,0,3000,20000,-17000,-17000
03430B,臺股指元大9B熊01,0,0,0,0,0,0,0,0,0,-17000,0,0,0,81000,98000,-17000,-17000
04786P,鴻海永昌96售01  ,0,0,0,0,0,0,0,0,0,-17000,0,0,0,1000,18000,-17000,-17000
047769,大立光元大96購01,0,0,0,0,0,0,0,0,0,-17000,0,0,0,94000,111000,-17000,-17000
04769P,高股息元大94售01,0,0,0,0,0,0,0,0,0,-17000,0,0,0,3000,20000,-17000,-17000
049383,健策元大95購01  ,0,0,0,0,0,0,0,0,0,-17000,0,0,0,10000,27000,-17000,-17000
054516,國巨元大97購02  ,0,0,0,0,0,0,0,0,0,-17000,0,0,0,3000,20000,-17000,-17000
054543,元金2X中信01購01,0,0,0,0,0,0,0,0,0,-17000,0,0,0,1000,18000,-17000,-17000
051721,玉晶光永豐96購02,0,0,0,0,0,0,0,0,0,-17000,0,0,0,32000,49000,-17000,-17000
055330,上銀兆豐98購02  ,0,0,0,0,0,0,0,0,0,-17000,0,0,0,88000,105000,-17000,-17000
052493,上証2X中信97購02,0,0,0,0,0,0,0,0,0,-17000,0,0,0,0,17000,-17000,-17000
054178,中磊台新97購01  ,0,0,0,0,0,0,0,0,0,-17000,0,0,0,0,17000,-17000,-17000
054248,燿華元大97購02  ,0,0,0,0,0,0,0,0,0,-17000,0,0,0,0,17000,-17000,-17000
05279P,上銀元大95售02  ,0,0,0,0,0,0,0,0,0,-17000,0,0,0,0,17000,-17000,-17000
055649,華新科元富97購03,0,0,0,0,0,0,0,0,0,-17000,0,0,0,110000,127000,-17000,-17000
056194,聯發科富邦9B購01,0,0,0,0,0,0,0,0,0,-17000,0,0,0,50000,67000,-17000,-17000
056217,A50正2中信99購02,0,0,0,0,0,0,0,0,0,-17000,0,0,0,0,17000,-17000,-17000
053230,達方台新97購01  ,0,0,0,0,0,0,0,0,0,-17000,0,0,0,150000,167000,-17000,-17000
052895,台積電群益96購04,0,0,0,0,0,0,0,0,0,-17000,0,0,0,0,17000,-17000,-17000
055480,元上證元大97購02,0,0,0,0,0,0,0,0,0,-17000,0,0,0,0,17000,-17000,-17000
6641,基士德-KY       ,2000,19000,-17000,0,0,0,0,0,0,0,0,0,0,0,0,0,-17000
06402P,鴻海元富97售14  ,0,0,0,0,0,0,0,0,0,-17000,0,0,0,0,17000,-17000,-17000
06270P,致伸凱基97售03  ,0,0,0,0,0,0,0,0,0,-17000,0,0,0,0,17000,-17000,-17000
06997P,台灣50中信03售01,0,0,0,0,0,0,0,0,0,-17000,0,0,0,4000,21000,-17000,-17000
06834P,訊芯群益99售02  ,0,0,0,0,0,0,0,0,0,-17000,0,0,0,0,17000,-17000,-17000
06777P,鴻海元大99售06  ,0,0,0,0,0,0,0,0,0,-17000,0,0,0,23000,40000,-17000,-17000
06783P,亞光元大98售03  ,0,0,0,0,0,0,0,0,0,-17000,0,0,0,1000,18000,-17000,-17000
06934P,聯鈞元大98售03  ,0,0,0,0,0,0,0,0,0,-17000,0,0,0,10000,27000,-17000,-17000
06858P,道瓊指中信9B售01,0,0,0,0,0,0,0,0,0,-17000,0,0,0,3000,20000,-17000,-17000
1528,恩德            ,7000,11000,-4000,0,0,0,0,0,0,-13000,0,13000,-13000,0,0,0,-17000
1512,瑞利            ,0,17000,-17000,0,0,0,0,0,0,0,0,0,0,0,0,0,-17000
1443,立益            ,1000,18000,-17000,0,0,0,0,0,0,0,0,0,0,0,0,0,-17000
1108,幸福            ,1000,18000,-17000,0,0,0,0,0,0,0,0,0,0,0,0,0,-17000
2481,強茂            ,1173000,1174000,-1000,0,0,0,0,0,0,-16000,0,0,0,25000,41000,-16000,-17000
2939,凱羿-KY         ,0,17000,-17000,0,0,0,0,0,0,0,0,0,0,0,0,0,-17000
1590,亞德客-KY       ,1238532,1430148,-191616,0,0,0,208000,0,208000,-34000,0,34000,-34000,32000,32000,0,-17616
056368,祥碩元大98購02  ,0,0,0,0,0,0,0,0,0,-18000,0,0,0,55000,73000,-18000,-18000
06232P,智易永豐97售01  ,0,0,0,0,0,0,0,0,0,-18000,0,0,0,10000,28000,-18000,-18000
06129P,玉晶光元富97售06,0,0,0,0,0,0,0,0,0,-18000,0,0,0,6000,24000,-18000,-18000
058984,全新凱基9A購03  ,0,0,0,0,0,0,0,0,0,-18000,0,0,0,0,18000,-18000,-18000
058659,力成中信99購01  ,0,0,0,0,0,0,0,0,0,-18000,0,0,0,12000,30000,-18000,-18000
058385,創意中信99購01  ,0,0,0,0,0,0,0,0,0,-18000,0,0,0,412000,430000,-18000,-18000
058143,瑞儀元大99購02  ,0,0,0,0,0,0,0,0,0,-18000,0,0,0,116000,134000,-18000,-18000
058026,上銀富邦9A購01  ,0,0,0,0,0,0,0,0,0,-18000,0,0,0,17000,35000,-18000,-18000
050745,茂林永豐94購06  ,0,0,0,0,0,0,0,0,0,-18000,0,0,0,22000,40000,-18000,-18000
051315,同欣電麥證95購01,0,0,0,0,18000,-18000,0,0,0,-18000,0,0,0,0,18000,-18000,-18000
044530,台積電富邦94購01,0,0,0,0,0,0,0,0,0,-18000,0,0,0,14000,32000,-18000,-18000
05097P,聯發科日盛95售01,0,0,0,0,0,0,0,0,0,-18000,0,0,0,0,18000,-18000,-18000
047630,元油反元大96購02,0,0,0,0,0,0,0,0,0,-18000,0,0,0,15000,33000,-18000,-18000
056135,緯創元大98購01  ,0,0,0,0,0,0,0,0,0,-18000,0,0,0,40000,58000,-18000,-18000
055755,禾伸堂兆豐97購02,0,0,0,0,0,0,0,0,0,-18000,0,0,0,64000,82000,-18000,-18000
055890,鴻海統一99購01  ,0,0,0,0,0,0,0,0,0,-18000,0,0,0,0,18000,-18000,-18000
05602P,國巨元大96售06  ,0,0,0,0,0,0,0,0,0,-18000,0,0,0,12000,30000,-18000,-18000
052672,世紀鋼群益96購02,0,0,0,0,0,0,0,0,0,-18000,0,0,0,12000,30000,-18000,-18000
052520,南亞科元大95購06,0,0,0,0,0,0,0,0,0,-18000,0,0,0,254000,272000,-18000,-18000
051722,玉晶光永豐97購01,0,0,0,0,0,0,0,0,0,-18000,0,0,0,48000,66000,-18000,-18000
054744,晶相光凱基99購01,0,0,0,0,0,0,0,0,0,-18000,0,0,0,2000,20000,-18000,-18000
1783,和康生          ,4000,22000,-18000,0,0,0,0,0,0,0,0,0,0,0,0,0,-18000
1454,台富            ,2000,20000,-18000,0,0,0,0,0,0,0,0,0,0,0,0,0,-18000
1466,聚隆            ,1000,20000,-19000,0,0,0,0,0,0,1000,2000,1000,1000,0,0,0,-18000
3025,星通            ,12000,31000,-19000,0,0,0,0,0,0,1000,1000,0,1000,0,0,0,-18000
2462,良得電          ,4000,20000,-16000,0,0,0,0,0,0,-2000,0,2000,-2000,0,0,0,-18000
2373,震旦行          ,1000,4000,-3000,0,0,0,0,0,0,-15000,0,15000,-15000,0,0,0,-18000
06848P,聯詠元大98售04  ,0,0,0,0,0,0,0,0,0,-18000,0,0,0,5000,23000,-18000,-18000
5531,鄉林            ,262000,280000,-18000,0,0,0,0,0,0,0,0,0,0,0,0,0,-18000
6197,佳必琪          ,48000,74000,-26000,0,0,0,0,0,0,8000,8000,0,8000,0,0,0,-18000
058249,緯穎元大99購04  ,0,0,0,0,0,0,0,0,0,-19000,0,0,0,11000,30000,-19000,-19000
058323,泰鼎永豐9A購01  ,0,0,0,0,0,0,0,0,0,-19000,0,0,0,11000,30000,-19000,-19000
058339,康友元富99購02  ,0,0,0,0,0,0,0,0,0,-19000,0,0,0,1000,20000,-19000,-19000
058598,T50反1元大99購04,0,0,0,0,0,0,0,0,0,-19000,0,0,0,5000,24000,-19000,-19000
058607,聯發科元大99購14,0,0,0,0,0,0,0,0,0,-19000,0,0,0,247000,266000,-19000,-19000
058697,亞德客元大99購01,0,0,0,0,0,0,0,0,0,-19000,0,0,0,21000,40000,-19000,-19000
05913P,國巨元大96售11  ,0,0,0,0,0,0,0,0,0,-19000,0,0,0,27000,46000,-19000,-19000
05659P,A50正2中信97售01,0,0,0,0,0,0,0,0,0,-19000,0,0,0,1000,20000,-19000,-19000
057567,嘉聯益富邦9A購01,0,0,0,0,0,0,0,0,0,-19000,0,0,0,1000,20000,-19000,-19000
05719P,可成元大96售03  ,0,0,0,0,0,0,0,0,0,-19000,0,0,0,10000,29000,-19000,-19000
054690,新興永豐97購01  ,0,0,0,0,0,0,0,0,0,-19000,0,0,0,1000,20000,-19000,-19000
053194,緯穎統一99購01  ,0,0,0,0,0,0,0,0,0,-19000,0,0,0,10000,29000,-19000,-19000
05369P,可成元富95售04  ,0,0,0,0,0,0,0,0,0,-19000,0,0,0,46000,65000,-19000,-19000
3312,弘憶股          ,124000,143000,-19000,0,0,0,0,0,0,0,0,0,0,0,0,0,-19000
3167,大量            ,13000,30000,-17000,0,0,0,0,0,0,-2000,0,2000,-2000,0,0,0,-19000
06938P,南電元大98售03  ,0,0,0,0,0,0,0,0,0,-19000,0,0,0,0,19000,-19000,-19000
07094P,華通國票9A售03  ,0,0,0,0,0,0,0,0,0,-19000,0,0,0,1000,20000,-19000,-19000
06441P,台積電凱基98售08,0,0,0,0,0,0,0,0,0,-19000,0,0,0,192000,211000,-19000,-19000
2706,第一店          ,6000,25000,-19000,0,0,0,0,0,0,0,0,0,0,0,0,0,-19000
2748,雲品            ,7000,15000,-8000,0,0,0,0,11000,-11000,0,0,0,0,0,0,0,-19000
2701,萬企            ,1000,20000,-19000,0,0,0,0,0,0,0,0,0,0,0,0,0,-19000
057214,瑞昱群益98購01  ,0,0,0,0,0,0,0,0,0,-20000,0,0,0,0,20000,-20000,-20000
057230,建準凱基98購02  ,0,0,0,0,0,0,0,0,0,-20000,0,0,0,0,20000,-20000,-20000
057370,可成元大98購07  ,0,0,0,0,0,0,0,0,0,-20000,0,0,0,10000,30000,-20000,-20000
057372,華新科元大99購10,0,0,0,0,0,0,0,0,0,-20000,0,0,0,70000,90000,-20000,-20000
057422,欣興凱基98購04  ,0,0,0,0,0,0,0,0,0,-20000,0,0,0,0,20000,-20000,-20000
057376,新日興元大98購04,0,0,0,0,0,0,0,0,0,-20000,0,0,0,0,20000,-20000,-20000
057461,國巨永豐98購07  ,0,0,0,0,0,0,0,0,0,-20000,0,0,0,0,20000,-20000,-20000
057615,元油2X凱基98購02,0,0,0,0,0,0,0,0,0,-20000,0,0,0,0,20000,-20000,-20000
05762P,昇陽半永豐96售04,0,0,0,0,0,0,0,0,0,-20000,0,0,0,0,20000,-20000,-20000
057502,訊芯群益98購02  ,0,0,0,0,0,0,0,0,0,-20000,0,0,0,0,20000,-20000,-20000
057711,台積電統一9A購03,0,0,0,0,0,0,0,0,0,-20000,0,0,0,0,20000,-20000,-20000
057672,茂林元大98購02  ,0,0,0,0,0,0,0,0,0,-20000,0,0,0,10000,30000,-20000,-20000
057872,旺宏元大99購06  ,0,0,0,0,0,0,0,0,0,-20000,0,0,0,0,20000,-20000,-20000
057860,金寶凱基98購01  ,0,0,0,0,0,0,0,0,0,-20000,0,0,0,0,20000,-20000,-20000
056581,超眾元大99購01  ,0,0,0,0,0,0,0,0,0,-20000,0,0,0,0,20000,-20000,-20000
056577,玉晶光元大99購06,0,0,0,0,0,0,0,0,0,-20000,0,0,0,10000,30000,-20000,-20000
056550,瑞儀凱基99購01  ,0,0,0,0,0,0,0,0,0,-20000,0,0,0,40000,60000,-20000,-20000
056551,台郡凱基98購04  ,0,0,0,0,0,0,0,0,0,-20000,0,0,0,0,20000,-20000,-20000
056541,智原凱基98購03  ,0,0,0,0,0,0,0,0,0,-20000,0,0,0,0,20000,-20000,-20000
056547,臻鼎凱基99購01  ,0,0,0,0,0,0,0,0,0,-20000,0,0,0,10000,30000,-20000,-20000
056530,旺宏凱基98購06  ,0,0,0,0,0,0,0,0,0,-20000,0,0,0,0,20000,-20000,-20000
056536,義隆凱基98購04  ,0,0,0,0,0,0,0,0,0,-20000,0,0,0,48000,68000,-20000,-20000
056487,康友元大98購01  ,0,0,0,0,0,0,0,0,0,-20000,0,0,0,22000,42000,-20000,-20000
056367,祥碩元大98購01  ,0,0,0,0,0,0,0,0,0,-20000,0,0,0,92000,112000,-20000,-20000
056376,玉晶光統一98購01,0,0,0,0,0,0,0,0,0,-20000,0,0,0,0,20000,-20000,-20000
056350,上銀元大98購02  ,0,0,0,0,0,0,0,0,0,-20000,0,0,0,0,20000,-20000,-20000
056354,國巨元大98購10  ,0,0,0,0,0,0,0,0,0,-20000,0,0,0,10000,30000,-20000,-20000
05623P,台積電中信96售03,0,0,0,0,0,0,0,0,0,-20000,0,0,0,0,20000,-20000,-20000
056242,緯創群益9A購01  ,0,0,0,0,0,0,0,0,0,-20000,0,0,0,5000,25000,-20000,-20000
056312,茂林元大98購01  ,0,0,0,0,0,0,0,0,0,-20000,0,0,0,0,20000,-20000,-20000
056770,國產元大98購02  ,0,0,0,0,0,0,0,0,0,-20000,0,0,0,30000,50000,-20000,-20000
056776,聯茂元大99購01  ,0,0,0,0,0,0,0,0,0,-20000,0,0,0,8000,28000,-20000,-20000
056655,旺宏元大99購02  ,0,0,0,0,0,0,0,0,0,-20000,0,0,0,5000,25000,-20000,-20000
056656,華邦電元大98購02,0,0,0,0,0,0,0,0,0,-20000,0,0,0,40000,60000,-20000,-20000
056685,光罩統一98購03  ,0,0,0,0,0,0,0,0,0,-20000,0,0,0,0,20000,-20000,-20000
056624,景碩永豐98購01  ,0,0,0,0,0,0,0,0,0,-20000,0,0,0,0,20000,-20000,-20000
056892,旺宏元大9A購02  ,0,0,0,0,0,0,0,0,0,-20000,0,0,0,0,20000,-20000,-20000
05932P,鴻海凱基96售16  ,0,0,0,0,0,0,0,0,0,-20000,0,0,0,0,20000,-20000,-20000
06060P,玉晶光元大97售03,0,0,0,0,0,0,0,0,0,-20000,0,0,0,73000,93000,-20000,-20000
06064P,台積電台新98售01,0,0,0,0,0,0,0,0,0,-20000,0,0,0,485000,505000,-20000,-20000
06042P,華新科永豐96售04,0,0,0,0,0,0,0,0,0,-20000,0,0,0,0,20000,-20000,-20000
06155P,智邦統一97售02  ,0,0,0,0,0,0,0,0,0,-20000,0,0,0,0,20000,-20000,-20000
058973,麗豐永豐99購01  ,0,0,0,0,0,0,0,0,0,-20000,0,0,0,0,20000,-20000,-20000
059016,晶相光元富99購03,0,0,0,0,0,0,0,0,0,-20000,0,0,0,0,20000,-20000,-20000
058998,鴻海元大99購22  ,0,0,0,0,0,0,0,0,0,-20000,0,0,0,173000,193000,-20000,-20000
05892P,大立光中信98售03,0,0,0,0,0,0,0,0,0,-20000,0,0,0,0,20000,-20000,-20000
058612,健策元大99購02  ,0,0,0,0,0,0,0,0,0,-20000,0,0,0,0,20000,-20000,-20000
058605,華邦電元大99購04,0,0,0,0,0,0,0,0,0,-20000,0,0,0,0,20000,-20000,-20000
058553,合勤控永豐99購01,0,0,0,0,0,0,0,0,0,-20000,0,0,0,0,20000,-20000,-20000
058533,玉晶光元富99購01,0,0,0,0,0,0,0,0,0,-20000,0,0,0,10000,30000,-20000,-20000
058315,TPK富邦9C購01   ,0,0,0,0,0,0,0,0,0,-20000,0,0,0,0,20000,-20000,-20000
058273,同欣電永豐99購01,0,0,0,0,0,0,0,0,0,-20000,0,0,0,0,20000,-20000,-20000
058105,旺宏統一9A購02  ,0,0,0,0,0,0,0,0,0,-20000,0,0,0,0,20000,-20000,-20000
058150,中502X統一9B購01,0,0,0,0,0,0,0,0,0,-20000,0,0,0,0,20000,-20000,-20000
057970,國巨富邦99購03  ,0,0,0,0,0,0,0,0,0,-20000,0,0,0,0,20000,-20000,-20000
04391P,玉晶光凱基95售03,0,0,0,0,0,0,0,0,0,-20000,0,0,0,0,20000,-20000,-20000
03975P,大立光元大94售02,0,0,0,0,0,0,0,0,0,-20000,0,0,0,0,20000,-20000,-20000
04290P,滬深2X富邦96售03,0,0,0,0,0,0,0,0,0,-20000,0,0,0,0,20000,-20000,-20000
042387,台積電永昌93購02,0,0,0,0,0,0,0,0,0,-20000,0,0,0,0,20000,-20000,-20000
03022X,富展01          ,0,0,0,0,0,0,0,0,0,-20000,0,0,0,0,20000,-20000,-20000
041596,S&P反1中信94購01,0,0,0,0,0,0,0,0,0,-20000,0,0,0,0,20000,-20000,-20000
049598,超眾元大95購03  ,0,0,0,0,0,0,0,0,0,-20000,0,0,0,10000,30000,-20000,-20000
049599,樺漢元大95購01  ,0,0,0,0,0,0,0,0,0,-20000,0,0,0,60000,80000,-20000,-20000
050799,嘉聯益中信98購01,0,0,0,0,0,0,0,0,0,-20000,0,0,0,0,20000,-20000,-20000
05086P,鴻海凱基95售13  ,0,0,0,0,0,0,0,0,0,-20000,0,0,0,20000,40000,-20000,-20000
050901,樺漢元大95購02  ,0,0,0,0,0,0,0,0,0,-20000,0,0,0,0,20000,-20000,-20000
049552,鴻海國泰96購01  ,0,0,0,0,0,0,0,0,0,-20000,0,0,0,0,20000,-20000,-20000
04451P,可成凱基94售04  ,0,0,0,0,0,0,0,0,0,-20000,0,0,0,0,20000,-20000,-20000
044270,群創中信95購02  ,0,0,0,0,0,0,0,0,0,-20000,0,0,0,0,20000,-20000,-20000
044429,元金2X元大94購04,0,0,0,0,0,0,0,0,0,-20000,0,0,0,0,20000,-20000,-20000
049482,國巨元大94購06  ,0,0,0,0,0,0,0,0,0,-20000,0,0,0,0,20000,-20000,-20000
04827P,國巨凱基94售09  ,0,0,0,0,0,0,0,0,0,-20000,0,0,0,0,20000,-20000,-20000
048186,元黃金元大96購01,0,0,0,0,0,0,0,0,0,-20000,0,0,0,0,20000,-20000,-20000
048158,大立光兆豐95購01,0,0,0,0,0,0,0,0,0,-20000,0,0,0,0,20000,-20000,-20000
04518P,高鐵群益95售01  ,0,0,0,0,0,0,0,0,0,-20000,0,0,0,5000,25000,-20000,-20000
045220,漢唐元大94購01  ,0,0,0,0,0,0,0,0,0,-20000,0,0,0,70000,90000,-20000,-20000
047073,大立光兆豐94購01,0,0,0,0,0,0,0,0,0,-20000,0,0,0,0,20000,-20000,-20000
04551P,台表科元大94售02,0,0,0,0,0,0,0,0,0,-20000,0,0,0,0,20000,-20000,-20000
046862,台郡元大94購01  ,0,0,0,0,0,0,0,0,0,-20000,0,0,0,0,20000,-20000,-20000
04640P,上銀凱基94售05  ,0,0,0,0,0,0,0,0,0,-20000,0,0,0,0,20000,-20000,-20000
046390,旺宏統一94購02  ,0,0,0,0,0,0,0,0,0,-20000,0,0,0,0,20000,-20000,-20000
05128P,聯發科中信97售03,0,0,0,0,0,0,0,0,0,-20000,0,0,0,0,20000,-20000,-20000
049738,神基群益94購01  ,0,0,0,0,0,0,0,0,0,-20000,0,0,0,0,20000,-20000,-20000
049947,S&P反1中信97購01,0,0,0,0,0,0,0,0,0,-20000,0,0,0,0,20000,-20000,-20000
04994P,大成鋼凱基95售01,0,0,0,0,0,0,0,0,0,-20000,0,0,0,0,20000,-20000,-20000
051509,鴻海中信97購01  ,0,0,0,0,0,0,0,0,0,-20000,0,0,0,0,20000,-20000,-20000
051510,新光金中信97購01,0,0,0,0,0,0,0,0,0,-20000,0,0,0,0,20000,-20000,-20000
048686,滬深2X中信95購09,0,0,0,0,0,0,0,0,0,-20000,0,0,0,0,20000,-20000,-20000
04865P,台積電亞東95售01,0,0,0,0,0,0,0,0,0,-20000,0,0,0,120000,140000,-20000,-20000
050710,元黃金中信96購01,0,0,0,0,0,0,0,0,0,-20000,0,0,0,0,20000,-20000,-20000
050527,嘉聯益元大96購01,0,0,0,0,0,0,0,0,0,-20000,0,0,0,0,20000,-20000,-20000
050558,台積電統一94購14,0,0,0,0,0,0,0,0,0,-20000,0,0,0,0,20000,-20000,-20000
051179,臺股指凱基95購04,0,0,0,0,0,0,0,0,0,-20000,0,0,0,0,20000,-20000,-20000
051055,友達群益98購01  ,0,0,0,0,0,0,0,0,0,-20000,0,0,0,10000,30000,-20000,-20000
051104,鈺齊元大96購01  ,0,0,0,0,0,0,0,0,0,-20000,0,0,0,10000,30000,-20000,-20000
050271,上緯控元大96購01,0,0,0,0,0,0,0,0,0,-20000,0,0,0,0,20000,-20000,-20000
050425,國巨凱基94購12  ,0,0,0,0,0,0,0,0,0,-20000,0,0,0,0,20000,-20000,-20000
050362,深中小元大94購04,0,0,0,0,0,0,0,0,0,-20000,0,0,0,0,20000,-20000,-20000
054368,鴻海中信9A購02  ,0,0,0,0,0,0,0,0,0,-20000,0,0,0,0,20000,-20000,-20000
054369,鴻海中信9C購01  ,0,0,0,0,0,0,0,0,0,-20000,0,0,0,0,20000,-20000,-20000
054386,鴻海統一98購03  ,0,0,0,0,0,0,0,0,0,-20000,0,0,0,0,20000,-20000,-20000
054017,茂林永豐96購02  ,0,0,0,0,0,0,0,0,0,-20000,0,0,0,20000,40000,-20000,-20000
054581,訊芯元大97購02  ,0,0,0,0,0,0,0,0,0,-20000,0,0,0,0,20000,-20000,-20000
050057,國巨凱基94購05  ,0,0,0,0,0,0,0,0,0,-20000,0,0,0,0,20000,-20000,-20000
050092,鴻海永豐94購04  ,0,0,0,0,0,0,0,0,0,-20000,0,0,0,0,20000,-20000,-20000
052113,漢唐中信98購01  ,0,0,0,0,0,0,0,0,0,-20000,0,0,0,0,20000,-20000,-20000
052095,彩晶元大97購01  ,0,0,0,0,0,0,0,0,0,-20000,0,0,0,10000,30000,-20000,-20000
053345,欣興國票97購02  ,0,0,0,0,0,0,0,0,0,-20000,0,0,0,0,20000,-20000,-20000
053369,T50反1元大96購06,0,0,0,0,0,0,0,0,0,-20000,0,0,0,0,20000,-20000,-20000
053283,同欣電元大96購03,0,0,0,0,0,0,0,0,0,-20000,0,0,0,4000,24000,-20000,-20000
048979,晶相光元大94購03,0,0,0,0,0,0,0,0,0,-20000,0,0,0,10000,30000,-20000,-20000
048995,宏全元大94購01  ,0,0,0,0,0,0,0,0,0,-20000,0,0,0,0,20000,-20000,-20000
049130,臺指反元大98購01,0,0,0,0,0,0,0,0,0,-20000,0,0,0,0,20000,-20000,-20000
048902,昇陽半國泰96購01,0,0,0,0,0,0,0,0,0,-20000,0,0,0,0,20000,-20000,-20000
048757,美利達元富96購01,0,0,0,0,0,0,0,0,0,-20000,0,0,0,0,20000,-20000,-20000
04882P,鴻海凱基94售19  ,0,0,0,0,0,0,0,0,0,-20000,0,0,0,0,20000,-20000,-20000
04920P,智易凱基94售05  ,0,0,0,0,0,0,0,0,0,-20000,0,0,0,0,20000,-20000,-20000
04851P,創意永豐94售02  ,0,0,0,0,0,0,0,0,0,-20000,0,0,0,0,20000,-20000,-20000
050028,華新科元大94購03,0,0,0,0,0,0,0,0,0,-20000,0,0,0,30000,50000,-20000,-20000
052626,上証2X中信9A購01,0,0,0,0,0,0,0,0,0,-20000,0,0,0,180000,200000,-20000,-20000
052627,中壽中信98購01  ,0,0,0,0,0,0,0,0,0,-20000,0,0,0,0,20000,-20000,-20000
053771,華新元大97購01  ,0,0,0,0,0,0,0,0,0,-20000,0,0,0,0,20000,-20000,-20000
055374,明泰元大97購01  ,0,0,0,0,0,0,0,0,0,-20000,0,0,0,0,20000,-20000,-20000
055435,佳世達中信99購01,0,0,0,0,0,0,0,0,0,-20000,0,0,0,0,20000,-20000,-20000
055446,奇力新統一9A購01,0,0,0,0,0,0,0,0,0,-20000,0,0,0,0,20000,-20000,-20000
052570,華新科凱基96購06,0,0,0,0,0,0,0,0,0,-20000,0,0,0,0,20000,-20000,-20000
052607,大立光元大96購03,0,0,0,0,0,0,0,0,0,-20000,0,0,0,100000,120000,-20000,-20000
054623,華新科第一97購01,0,0,0,0,0,0,0,0,0,-20000,0,0,0,0,20000,-20000,-20000
053686,台積電元大97購08,0,0,0,0,0,0,0,0,0,-20000,0,0,0,0,20000,-20000,-20000
053085,華新科元大97購04,0,0,0,0,0,0,0,0,0,-20000,0,0,0,70000,90000,-20000,-20000
05547P,群創元大96售03  ,0,0,0,0,0,0,0,0,0,-20000,0,0,0,0,20000,-20000,-20000
05550P,臺股指元大96售07,0,0,0,0,0,0,0,0,0,-20000,0,0,0,0,20000,-20000,-20000
053274,旺宏元大98購03  ,0,0,0,0,0,0,0,0,0,-20000,0,0,0,0,20000,-20000,-20000
053798,台積電中信98購02,0,0,0,0,0,0,0,0,0,-20000,0,0,0,0,20000,-20000,-20000
052826,嘉聯益永豐96購01,0,0,0,0,0,0,0,0,0,-20000,0,0,0,0,20000,-20000,-20000
052675,新光金國泰98購01,0,0,0,0,0,0,0,0,0,-20000,0,0,0,0,20000,-20000,-20000
054636,華通中信97購01  ,0,0,0,0,0,0,0,0,0,-20000,0,0,0,0,20000,-20000,-20000
052713,智邦凱基96購01  ,0,0,0,0,0,0,0,0,0,-20000,0,0,0,0,20000,-20000,-20000
05382P,電子類群益95售02,0,0,0,0,0,0,0,0,0,-20000,0,0,0,0,20000,-20000,-20000
055690,矽力凱基97購02  ,0,0,0,0,0,0,0,0,0,-20000,0,0,0,0,20000,-20000,-20000
055748,GIS元富97購01   ,0,0,0,0,0,0,0,0,0,-20000,0,0,0,0,20000,-20000,-20000
05597P,鴻海元富96售06  ,0,0,0,0,0,0,0,0,0,-20000,0,0,0,0,20000,-20000,-20000
055984,大立光元富97購02,0,0,0,0,0,0,0,0,0,-20000,0,0,0,2000,22000,-20000,-20000
055931,冠德群益97購02  ,0,0,0,0,0,0,0,0,0,-20000,0,0,0,0,20000,-20000,-20000
055957,瑞昱元大97購06  ,0,0,0,0,0,0,0,0,0,-20000,0,0,0,0,20000,-20000,-20000
055782,新日興凱基99購01,0,0,0,0,0,0,0,0,0,-20000,0,0,0,0,20000,-20000,-20000
055807,勤誠永豐97購01  ,0,0,0,0,0,0,0,0,0,-20000,0,0,0,0,20000,-20000,-20000
055832,台達電元大97購02,0,0,0,0,0,0,0,0,0,-20000,0,0,0,10000,30000,-20000,-20000
056141,聯茂元大97購05  ,0,0,0,0,0,0,0,0,0,-20000,0,0,0,10000,30000,-20000,-20000
056154,宏達電凱基97購03,0,0,0,0,0,0,0,0,0,-20000,0,0,0,55000,75000,-20000,-20000
056063,大立光元大97購13,0,0,0,0,0,0,0,0,0,-20000,0,0,0,10000,30000,-20000,-20000
055304,瑞昱第一98購01  ,0,0,0,0,0,0,0,0,0,-20000,0,0,0,0,20000,-20000,-20000
055307,瑞昱群益97購02  ,0,0,0,0,0,0,0,0,0,-20000,0,0,0,0,20000,-20000,-20000
055309,冠德群益97購01  ,0,0,0,0,0,0,0,0,0,-20000,0,0,0,0,20000,-20000,-20000
055173,瑞昱統一97購01  ,0,0,0,0,0,0,0,0,0,-20000,0,0,0,0,20000,-20000,-20000
054959,禾伸堂元大98購01,0,0,0,0,0,0,0,0,0,-20000,0,0,0,0,20000,-20000,-20000
054918,華新科凱基98購02,0,0,0,0,0,0,0,0,0,-20000,0,0,0,0,20000,-20000,-20000
054948,聯發科元大97購14,0,0,0,0,0,0,0,0,0,-20000,0,0,0,0,20000,-20000,-20000
055156,華新科元大99購02,0,0,0,0,0,0,0,0,0,-20000,0,0,0,0,20000,-20000,-20000
055080,正崴中信99購01  ,0,0,0,0,0,0,0,0,0,-20000,0,0,0,0,20000,-20000,-20000
055121,鴻海兆豐97購03  ,0,0,0,0,0,0,0,0,0,-20000,0,0,0,0,20000,-20000,-20000
051882,潤泰全永豐95購01,0,0,0,0,0,0,0,0,0,-20000,0,0,0,0,20000,-20000,-20000
051647,華新科永豐95購02,0,0,0,0,0,0,0,0,0,-20000,0,0,0,34000,54000,-20000,-20000
051691,台表科凱基95購01,0,0,0,0,0,0,0,0,0,-20000,0,0,0,0,20000,-20000,-20000
051928,大立光中信96購03,0,0,0,0,0,0,0,0,0,-20000,0,0,0,0,20000,-20000,-20000
055351,聯發科凱基97購03,0,0,0,0,0,0,0,0,0,-20000,0,0,0,0,20000,-20000,-20000
052446,聯發科元大96購03,0,0,0,0,0,0,0,0,0,-20000,0,0,0,0,20000,-20000,-20000
054258,牧德元大97購01  ,0,0,0,0,0,0,0,0,0,-20000,0,0,0,10000,30000,-20000,-20000
054137,聯詠元大97購02  ,0,0,0,0,0,0,0,0,0,-20000,0,0,0,338000,358000,-20000,-20000
052234,GIS凱基97購01   ,0,0,0,0,0,0,0,0,0,-20000,0,0,0,0,20000,-20000,-20000
054312,TPK凱基98購01   ,0,0,0,0,0,0,0,0,0,-20000,0,0,0,0,20000,-20000,-20000
052207,台郡中信95購02  ,0,0,0,0,0,0,0,0,0,-20000,0,0,0,0,20000,-20000,-20000
053423,亞光永豐96購01  ,0,0,0,0,0,0,0,0,0,-20000,0,0,0,0,20000,-20000,-20000
053387,緯創元大97購01  ,0,0,0,0,0,0,0,0,0,-20000,0,0,0,0,20000,-20000,-20000
053512,台積電群益96購06,0,0,0,0,0,0,0,0,0,-20000,0,0,0,0,20000,-20000,-20000
055243,國巨統一97購04  ,0,0,0,0,0,0,0,0,0,-20000,0,0,0,0,20000,-20000,-20000
054439,健策台新96購03  ,0,0,0,0,0,0,0,0,0,-20000,0,0,0,0,20000,-20000,-20000
053965,聯電元大98購04  ,0,0,0,0,0,0,0,0,0,-20000,0,0,0,0,20000,-20000,-20000
052385,滬深2X群益99購05,0,0,0,0,0,0,0,0,0,-20000,0,0,0,25000,45000,-20000,-20000
2305,全友            ,0,20000,-20000,0,0,0,0,0,0,0,0,0,0,0,0,0,-20000
2496,卓越            ,1000,19000,-18000,0,0,0,0,0,0,-2000,0,2000,-2000,0,0,0,-20000
1474,弘裕            ,1000,20000,-19000,0,0,0,0,0,0,-1000,1000,2000,-1000,0,0,0,-20000
07126P,台積電元大99售23,0,0,0,0,0,0,0,0,0,-20000,0,0,0,70000,90000,-20000,-20000
08637P,台灣50中信96售03,0,0,0,0,0,0,0,0,0,-20000,0,0,0,0,20000,-20000,-20000
1615,大山            ,4000,24000,-20000,0,0,0,0,0,0,0,0,0,0,0,0,0,-20000
06448P,華通元大99售01  ,0,0,0,0,0,0,0,0,0,-20000,0,0,0,30000,50000,-20000,-20000
06507P,台表科國票99售01,0,0,0,0,0,0,0,0,0,-20000,0,0,0,0,20000,-20000,-20000
06353P,電子類富邦99售02,0,0,0,0,0,0,0,0,0,-20000,0,0,0,0,20000,-20000,-20000
06348P,鈺齊元富97售02  ,0,0,0,0,0,0,0,0,0,-20000,0,0,0,0,20000,-20000,-20000
06605P,玉晶光元富98售03,0,0,0,0,0,0,0,0,0,-20000,0,0,0,0,20000,-20000,-20000
06655P,TPK元大98售02   ,0,0,0,0,0,0,0,0,0,-20000,0,0,0,10000,30000,-20000,-20000
06510P,燿華永豐98售03  ,0,0,0,0,0,0,0,0,0,-20000,0,0,0,5000,25000,-20000,-20000
07061P,台積電元大99售14,0,0,0,0,0,0,0,0,0,-20000,0,0,0,40000,60000,-20000,-20000
07054P,華新科兆豐99售04,0,0,0,0,0,0,0,0,0,-20000,0,0,0,10000,30000,-20000,-20000
07030P,鈺齊群益99售01  ,0,0,0,0,0,0,0,0,0,-20000,0,0,0,0,20000,-20000,-20000
06921P,台光電凱基98售06,0,0,0,0,0,0,0,0,0,-20000,0,0,0,0,20000,-20000,-20000
06758P,鴻海元大98售10  ,0,0,0,0,0,0,0,0,0,-20000,0,0,0,20000,40000,-20000,-20000
3164,景岳            ,1000,21000,-20000,0,0,0,0,0,0,0,0,0,0,0,0,0,-20000
3593,力銘            ,0,20000,-20000,0,0,0,0,0,0,0,0,0,0,0,0,0,-20000
5285,界霖            ,80000,92000,-12000,0,0,0,0,0,0,-8000,0,8000,-8000,0,0,0,-20000
058043,鴻海元大98購13  ,0,0,0,0,0,0,0,0,0,-21000,0,0,0,107000,128000,-21000,-21000
058129,國巨元大99購10  ,0,0,0,0,0,0,0,0,0,-21000,0,0,0,1000,22000,-21000,-21000
058738,FBVIX中信03購04 ,0,0,0,0,0,0,0,0,0,-21000,0,0,0,63000,84000,-21000,-21000
056845,揚明光元富98購01,0,0,0,0,0,0,0,0,0,-21000,0,0,0,0,21000,-21000,-21000
05662P,景碩元富96售01  ,0,0,0,0,0,0,0,0,0,-21000,0,0,0,0,21000,-21000,-21000
053975,大立光元大98購04,0,0,0,0,0,0,0,0,0,-21000,0,0,0,4000,25000,-21000,-21000
054506,矽格永豐96購01  ,0,0,0,0,0,0,0,0,0,-21000,0,0,0,129000,150000,-21000,-21000
049759,元黃金富邦9A購01,0,0,0,0,0,0,0,0,0,-21000,0,0,0,60000,81000,-21000,-21000
053949,康控富邦9A購01  ,0,0,0,0,0,0,0,0,0,-21000,0,0,0,0,21000,-21000,-21000
05350P,可成元富98售04  ,0,0,0,0,0,0,0,0,0,-21000,0,0,0,0,21000,-21000,-21000
053587,京元電元大98購01,0,0,0,0,0,0,0,0,0,-21000,0,0,0,159000,180000,-21000,-21000
3501,維熹            ,18000,39000,-21000,0,0,0,0,0,0,0,0,0,0,0,0,0,-21000
8411,福貞-KY         ,0,21000,-21000,0,0,0,0,0,0,0,0,0,0,0,0,0,-21000
06779P,智邦元大98售12  ,0,0,0,0,0,0,0,0,0,-21000,0,0,0,0,21000,-21000,-21000
06977P,臺股指元大9A售15,0,0,0,0,0,0,0,0,0,-21000,0,0,0,2000,23000,-21000,-21000
2506,太設            ,1000,12000,-11000,0,0,0,0,0,0,-10000,0,10000,-10000,0,0,0,-21000
2431,聯昌            ,28000,49000,-21000,0,0,0,0,0,0,0,0,0,0,0,0,0,-21000
056628,矽創永豐98購01  ,0,0,0,0,0,0,0,0,0,-22000,0,0,0,32000,54000,-22000,-22000
057819,新日興元大99購01,0,0,0,0,0,0,0,0,0,-22000,0,0,0,0,22000,-22000,-22000
057480,技嘉元大98購03  ,0,0,0,0,0,0,0,0,0,-22000,0,0,0,0,22000,-22000,-22000
057416,T50反1凱基9C購01,0,0,0,0,0,0,0,0,0,-22000,0,0,0,0,22000,-22000,-22000
06176P,台積電元大97售22,0,0,0,0,0,0,0,0,0,-22000,0,0,0,129000,151000,-22000,-22000
05920P,力成元大96售04  ,0,0,0,0,0,0,0,0,0,-22000,0,0,0,10000,32000,-22000,-22000
059084,鴻海元大99購24  ,0,0,0,0,0,0,0,0,0,-22000,0,0,0,73000,95000,-22000,-22000
058357,智邦凱基99購02  ,0,0,0,0,0,0,0,0,0,-22000,0,0,0,6000,28000,-22000,-22000
054534,台積電富邦98購03,0,0,0,0,0,0,0,0,0,-22000,0,0,0,0,22000,-22000,-22000
054046,義隆元大96購02  ,0,0,0,0,0,0,0,0,0,-22000,0,0,0,313000,335000,-22000,-22000
052142,滬深2X群益99購04,0,0,0,0,0,0,0,0,0,-22000,0,0,0,0,22000,-22000,-22000
047196,上銀統一97購01  ,0,0,0,0,0,0,0,0,0,-22000,0,0,0,0,22000,-22000,-22000
049418,大立光凱基94購05,0,0,0,0,0,0,0,0,0,-22000,0,0,0,0,22000,-22000,-22000
04165P,南亞科元富95售03,0,0,0,0,0,0,0,0,0,-22000,0,0,0,24000,46000,-22000,-22000
00650L,FH香港正2       ,0,0,0,0,0,0,0,0,0,-22000,0,0,0,226000,248000,-22000,-22000
053540,健策永豐96購01  ,0,0,0,0,0,0,0,0,0,-22000,0,0,0,20000,42000,-22000,-22000
053089,貿聯元大97購02  ,0,0,0,0,0,0,0,0,0,-22000,0,0,0,2000,24000,-22000,-22000
2524,京城            ,47000,63000,-16000,0,0,0,0,6000,-6000,0,0,0,0,0,0,0,-22000
1203,味王            ,1000,23000,-22000,0,0,0,0,0,0,0,0,0,0,0,0,0,-22000
06398P,禾伸堂凱基97售02,0,0,0,0,0,0,0,0,0,-22000,0,0,0,13000,35000,-22000,-22000
4766,南寶            ,165000,196000,-31000,0,0,0,0,0,0,9000,9000,0,9000,0,0,0,-22000
5515,建國            ,14000,36000,-22000,0,0,0,0,0,0,0,0,0,0,0,0,0,-22000
5269,祥碩            ,238000,283000,-45000,0,0,0,77000,0,77000,-54000,6000,13000,-7000,4000,51000,-47000,-22000
6698,旭暉應材        ,19000,31000,-12000,0,0,0,0,0,0,-10000,0,10000,-10000,0,0,0,-22000
058459,南電永豐99購01  ,0,0,0,0,0,0,0,0,0,-23000,0,0,0,2000,25000,-23000,-23000
06073P,健策永豐97售01  ,0,0,0,0,0,0,0,0,0,-23000,0,0,0,82000,105000,-23000,-23000
057062,立積國泰99購01  ,0,0,0,0,0,0,0,0,0,-23000,0,0,0,22000,45000,-23000,-23000
056767,大毅元大99購01  ,0,0,0,0,0,0,0,0,0,-23000,0,0,0,11000,34000,-23000,-23000
056417,欣興中信98購01  ,0,0,0,0,0,0,0,0,0,-23000,0,0,0,0,23000,-23000,-23000
047768,大立光元大95購01,0,0,0,0,0,0,0,0,0,-23000,0,0,0,27000,50000,-23000,-23000
04792P,智邦元大94售06  ,0,0,0,0,0,0,0,0,0,-23000,0,0,0,0,23000,-23000,-23000
05095P,景碩元大95售01  ,0,0,0,0,0,0,0,0,0,-23000,0,0,0,60000,83000,-23000,-23000
046050,臺股指元大93購20,0,0,0,0,0,0,0,0,0,-23000,0,0,0,13000,36000,-23000,-23000
05021P,瑞昱凱基95售01  ,0,0,0,0,0,0,0,0,0,-23000,0,0,0,2000,25000,-23000,-23000
052935,康友元大96購03  ,0,0,0,0,0,0,0,0,0,-23000,0,0,0,62000,85000,-23000,-23000
052631,T50反1凱基98購02,0,0,0,0,0,0,0,0,0,-23000,0,0,0,0,23000,-23000,-23000
055716,致茂元大97購01  ,0,0,0,0,0,0,0,0,0,-23000,0,0,0,23000,46000,-23000,-23000
053412,台達電國票97購02,0,0,0,0,0,0,0,0,0,-23000,0,0,0,160000,183000,-23000,-23000
051943,台積電麥證95購03,0,0,0,0,23000,-23000,0,0,0,-23000,0,0,0,0,23000,-23000,-23000
8473,山林水          ,5000,28000,-23000,0,0,0,0,0,0,0,0,0,0,0,0,0,-23000
06566P,華通永豐98售03  ,0,0,0,0,0,0,0,0,0,-23000,0,0,0,62000,85000,-23000,-23000
1234,黑松            ,2000,25000,-23000,0,0,0,0,0,0,0,0,0,0,0,0,0,-23000
057005,元油2X中信9C購01,0,0,0,0,0,0,0,0,0,-24000,0,0,0,0,24000,-24000,-24000
05976P,國巨凱基96售14  ,0,0,0,0,0,0,0,0,0,-24000,0,0,0,2000,26000,-24000,-24000
058715,鴻海台新99購02  ,0,0,0,0,0,0,0,0,0,-24000,0,0,0,666000,690000,-24000,-24000
058991,台灣50元大03購01,0,0,0,0,0,0,0,0,0,-24000,0,0,0,0,24000,-24000,-24000
059012,臺股指元大9A購31,0,0,0,0,0,0,0,0,0,-24000,0,0,0,112000,136000,-24000,-24000
058069,美律凱基99購05  ,0,0,0,0,0,0,0,0,0,-24000,0,0,0,31000,55000,-24000,-24000
057896,嘉晶元富98購01  ,0,0,0,0,0,0,0,0,0,-24000,0,0,0,156000,180000,-24000,-24000
03917P,鴻海凱基94售07  ,0,0,0,0,0,0,0,0,0,-24000,0,0,0,26000,50000,-24000,-24000
03564P,為升群益02售02  ,0,0,0,0,0,0,0,0,0,-24000,0,0,0,1000,25000,-24000,-24000
00686R,群益臺灣加權反1 ,0,0,0,0,0,0,0,0,0,-24000,0,0,0,386000,410000,-24000,-24000
055683,晶技凱基99購01  ,0,0,0,0,0,0,0,0,0,-24000,0,0,0,17000,41000,-24000,-24000
05291P,鴻海凱基95售16  ,0,0,0,0,0,0,0,0,0,-24000,0,0,0,101000,125000,-24000,-24000
07133P,臺股指元大9A售27,0,0,0,0,0,0,0,0,0,-24000,0,0,0,0,24000,-24000,-24000
1568,倉佑            ,15000,35000,-20000,0,0,0,0,0,0,-4000,0,4000,-4000,0,0,0,-24000
1533,車王電          ,14000,38000,-24000,0,0,0,0,0,0,0,0,0,0,0,0,0,-24000
06399P,台表科凱基97售05,0,0,0,0,0,0,0,0,0,-24000,0,0,0,0,24000,-24000,-24000
06471P,臺股指凱基99售11,0,0,0,0,0,0,0,0,0,-24000,0,0,0,21000,45000,-24000,-24000
6136,富爾特          ,34000,53000,-19000,0,0,0,0,0,0,-5000,1000,6000,-5000,0,0,0,-24000
3305,昇貿            ,6000,30000,-24000,0,0,0,0,0,0,0,0,0,0,0,0,0,-24000
3149,正達            ,17000,41000,-24000,0,0,0,0,0,0,0,0,0,0,0,0,0,-24000
058230,國巨元大99購11  ,0,0,0,0,0,0,0,0,0,-25000,0,0,0,10000,35000,-25000,-25000
058427,大毅元富99購01  ,0,0,0,0,0,0,0,0,0,-25000,0,0,0,0,25000,-25000,-25000
058320,華新科永豐99購02,0,0,0,0,0,0,0,0,0,-25000,0,0,0,0,25000,-25000,-25000
058680,國巨麥證99購02  ,0,0,0,0,25000,-25000,0,0,0,-25000,0,0,0,0,25000,-25000,-25000
06147P,國巨元大97售05  ,0,0,0,0,0,0,0,0,0,-25000,0,0,0,60000,85000,-25000,-25000
056859,台積電群益98購02,0,0,0,0,0,0,0,0,0,-25000,0,0,0,0,25000,-25000,-25000
056618,京元電永豐98購01,0,0,0,0,0,0,0,0,0,-25000,0,0,0,331000,356000,-25000,-25000
056680,華通統一98購04  ,0,0,0,0,0,0,0,0,0,-25000,0,0,0,0,25000,-25000,-25000
056702,欣興國泰9A購01  ,0,0,0,0,0,0,0,0,0,-25000,0,0,0,201000,226000,-25000,-25000
057306,玉晶光兆豐99購01,0,0,0,0,0,0,0,0,0,-25000,0,0,0,0,25000,-25000,-25000
057566,欣興富邦99購01  ,0,0,0,0,0,0,0,0,0,-25000,0,0,0,0,25000,-25000,-25000
057850,上銀兆豐99購02  ,0,0,0,0,0,0,0,0,0,-25000,0,0,0,0,25000,-25000,-25000
00665L,富邦恒生國企正2 ,9000,38000,-29000,0,0,0,0,0,0,4000,0,0,0,87000,83000,4000,-25000
04077P,臺股指凱基93售13,0,0,0,0,0,0,0,0,0,-25000,10000,0,10000,0,35000,-35000,-25000
047298,聯茂元富96購01  ,0,0,0,0,0,0,0,0,0,-25000,0,0,0,0,25000,-25000,-25000
048125,和鑫元大96購01  ,0,0,0,0,0,0,0,0,0,-25000,0,0,0,0,25000,-25000,-25000
050540,台積電凱基94購38,0,0,0,0,0,0,0,0,0,-25000,0,0,0,25000,50000,-25000,-25000
04975P,華新科凱基96售02,0,0,0,0,0,0,0,0,0,-25000,0,0,0,0,25000,-25000,-25000
050595,緯穎永豐94購03  ,0,0,0,0,0,0,0,0,0,-25000,0,0,0,21000,46000,-25000,-25000
05216P,國巨永豐95售02  ,0,0,0,0,0,0,0,0,0,-25000,0,0,0,0,25000,-25000,-25000
04892P,聯發科元大94售14,0,0,0,0,0,0,0,0,0,-25000,0,0,0,41000,66000,-25000,-25000
048985,茂林元大94購01  ,0,0,0,0,0,0,0,0,0,-25000,0,0,0,20000,45000,-25000,-25000
052903,致茂國票97購01  ,0,0,0,0,0,0,0,0,0,-25000,0,0,0,10000,35000,-25000,-25000
053850,嘉澤元富96購03  ,0,0,0,0,0,0,0,0,0,-25000,0,0,0,10000,35000,-25000,-25000
051748,超眾國泰96購01  ,0,0,0,0,0,0,0,0,0,-25000,0,0,0,100000,125000,-25000,-25000
054759,台化國票98購01  ,0,0,0,0,0,0,0,0,0,-25000,0,0,0,0,25000,-25000,-25000
054749,聯茂凱基98購01  ,0,0,0,0,0,0,0,0,0,-25000,0,0,0,20000,45000,-25000,-25000
053439,台積電凱基96購11,0,0,0,0,0,0,0,0,0,-25000,0,0,0,0,25000,-25000,-25000
052216,康友元大96購01  ,0,0,0,0,0,0,0,0,0,-25000,0,0,0,25000,50000,-25000,-25000
053507,百和兆豐96購01  ,0,0,0,0,0,0,0,0,0,-25000,0,0,0,0,25000,-25000,-25000
054410,國巨元大96購14  ,0,0,0,0,0,0,0,0,0,-25000,0,0,0,5000,30000,-25000,-25000
3321,同泰            ,67000,22000,45000,0,0,0,0,10000,-10000,-60000,0,60000,-60000,0,0,0,-25000
4572,駐龍            ,7000,32000,-25000,0,0,0,0,0,0,0,0,0,0,0,0,0,-25000
4989,榮科            ,18000,43000,-25000,0,0,0,0,0,0,0,0,0,0,0,0,0,-25000
8454,富邦媒          ,136000,144000,-8000,0,0,0,1000,0,1000,-18000,1000,19000,-18000,0,0,0,-25000
06265P,美律凱基97售01  ,0,0,0,0,0,0,0,0,0,-25000,0,0,0,20000,45000,-25000,-25000
06584P,欣興凱基98售03  ,0,0,0,0,0,0,0,0,0,-25000,0,0,0,28000,53000,-25000,-25000
06847P,奇力新元大98售05,0,0,0,0,0,0,0,0,0,-25000,0,0,0,20000,45000,-25000,-25000
1614,三洋電          ,1000,26000,-25000,0,0,0,0,0,0,0,0,0,0,0,0,0,-25000
07131P,緯穎元大99售06  ,0,0,0,0,0,0,0,0,0,-25000,0,0,0,14000,39000,-25000,-25000
057236,聯詠凱基98購03  ,0,0,0,0,0,0,0,0,0,-26000,0,0,0,0,26000,-26000,-26000
056893,智邦元大98購02  ,0,0,0,0,0,0,0,0,0,-26000,0,0,0,68000,94000,-26000,-26000
06128P,玉晶光元富97售05,0,0,0,0,0,0,0,0,0,-26000,0,0,0,26000,52000,-26000,-26000
058019,美律凱基99購04  ,0,0,0,0,0,0,0,0,0,-26000,0,0,0,6000,32000,-26000,-26000
046944,奇力新元大96購01,0,0,0,0,0,0,0,0,0,-26000,0,0,0,44000,70000,-26000,-26000
04627P,聯發科元大94售08,0,0,0,0,0,0,0,0,0,-26000,0,0,0,40000,66000,-26000,-26000
04819P,嘉澤永豐94售01  ,0,0,0,0,0,0,0,0,0,-26000,0,0,0,0,26000,-26000,-26000
04308P,京元電凱基93售06,0,0,0,0,0,0,0,0,0,-26000,0,0,0,0,26000,-26000,-26000
1806,冠軍            ,3000,19000,-16000,0,0,0,0,0,0,-10000,0,10000,-10000,0,0,0,-26000
2616,山隆            ,7000,33000,-26000,0,0,0,0,0,0,0,0,0,0,0,0,0,-26000
4999,鑫禾            ,3000,23000,-20000,0,0,0,0,0,0,-6000,0,6000,-6000,0,0,0,-26000
057978,聯發科永豐98購05,0,0,0,0,0,0,0,0,0,-27000,0,0,0,93000,120000,-27000,-27000
058194,勤誠永豐99購01  ,0,0,0,0,0,0,0,0,0,-27000,0,0,0,0,27000,-27000,-27000
05980P,台積電永昌96售09,0,0,0,0,0,0,0,0,0,-27000,0,0,0,57000,84000,-27000,-27000
056854,友達中信9A購01  ,0,0,0,0,0,0,0,0,0,-27000,0,0,0,3000,30000,-27000,-27000
056966,嘉晶永豐98購01  ,0,0,0,0,0,0,0,0,0,-27000,0,0,0,122000,149000,-27000,-27000
056539,新光金凱基9A購01,0,0,0,0,0,0,0,0,0,-27000,0,0,0,0,27000,-27000,-27000
04936P,大立光中信95售03,0,0,0,0,0,0,0,0,0,-27000,0,0,0,3000,30000,-27000,-27000
053332,創意永豐96購03  ,0,0,0,0,0,0,0,0,0,-27000,0,0,0,7000,34000,-27000,-27000
054546,玉晶光中信9B購01,0,0,0,0,0,0,0,0,0,-27000,0,0,0,247000,274000,-27000,-27000
054395,華新科永豐96購03,0,0,0,0,0,0,0,0,0,-27000,0,0,0,0,27000,-27000,-27000
054972,聯茂元大97購02  ,0,0,0,0,0,0,0,0,0,-27000,0,0,0,35000,62000,-27000,-27000
055569,聚陽統一98購01  ,0,0,0,0,0,0,0,0,0,-27000,0,0,0,0,27000,-27000,-27000
056198,台光電永豐97購02,0,0,0,0,0,0,0,0,0,-27000,0,0,0,0,27000,-27000,-27000
6184,大豐電          ,4000,31000,-27000,0,0,0,0,0,0,0,0,0,0,0,0,0,-27000
4722,國精化          ,1000,22000,-21000,0,0,0,0,0,0,-6000,1000,7000,-6000,0,0,0,-27000
3712,永崴投控        ,112000,133000,-21000,0,0,0,0,0,0,-6000,0,6000,-6000,0,0,0,-27000
9930,中聯資源        ,21000,46000,-25000,0,0,0,0,0,0,-2000,0,2000,-2000,0,0,0,-27000
1618,合機            ,0,27000,-27000,0,0,0,0,0,0,0,0,0,0,0,0,0,-27000
07148P,富邦金元大99售01,0,0,0,0,0,0,0,0,0,-27000,0,0,0,0,27000,-27000,-27000
08625P,台灣50凱基96售05,0,0,0,0,0,0,0,0,0,-27000,0,0,0,1070000,1097000,-27000,-27000
06528P,台積電富邦99售03,0,0,0,0,0,0,0,0,0,-27000,0,0,0,10000,37000,-27000,-27000
06650P,聯發科元大98售09,0,0,0,0,0,0,0,0,0,-27000,0,0,0,114000,141000,-27000,-27000
06704P,玉晶光元富98售05,0,0,0,0,0,0,0,0,0,-27000,0,0,0,0,27000,-27000,-27000
06486P,麗豐元大98售02  ,0,0,0,0,0,0,0,0,0,-27000,0,0,0,52000,79000,-27000,-27000
056506,晶豪科永豐98購02,0,0,0,0,0,0,0,0,0,-28000,0,0,0,0,28000,-28000,-28000
056433,鴻海凱基98購09  ,0,0,0,0,0,0,0,0,0,-28000,0,0,0,114000,142000,-28000,-28000
056340,可成凱基98購04  ,0,0,0,0,0,0,0,0,0,-28000,0,0,0,97000,125000,-28000,-28000
056969,智易永豐98購01  ,0,0,0,0,0,0,0,0,0,-28000,0,0,0,11000,39000,-28000,-28000
057021,台積電凱基9A購02,0,0,0,0,0,0,0,0,0,-28000,0,0,0,0,28000,-28000,-28000
05757P,旺宏永豐96售03  ,0,0,0,0,0,0,0,0,0,-28000,0,0,0,0,28000,-28000,-28000
050106,台達電元大94購11,0,0,0,0,0,0,0,0,0,-28000,0,0,0,0,28000,-28000,-28000
051193,新日興兆豐96購01,0,0,0,0,0,0,0,0,0,-28000,0,0,0,15000,43000,-28000,-28000
045750,鈺齊富邦94購01  ,0,0,0,0,0,0,0,0,0,-28000,0,0,0,0,28000,-28000,-28000
05281P,南亞科元大95售03,0,0,0,0,0,0,0,0,0,-28000,0,0,0,0,28000,-28000,-28000
053792,百和元大96購01  ,0,0,0,0,0,0,0,0,0,-28000,0,0,0,20000,48000,-28000,-28000
053026,奇力新富邦98購01,0,0,0,0,0,0,0,0,0,-28000,0,0,0,6000,34000,-28000,-28000
053786,新日興元大96購02,0,0,0,0,0,0,0,0,0,-28000,0,0,0,22000,50000,-28000,-28000
051774,聯茂中信96購01  ,0,0,0,0,0,0,0,0,0,-28000,0,0,0,166000,194000,-28000,-28000
05442P,鴻海元大96售13  ,0,0,0,0,0,0,0,0,0,-28000,0,0,0,108000,136000,-28000,-28000
05405P,大立光群益95售04,0,0,0,0,0,0,0,0,0,-28000,0,0,0,20000,48000,-28000,-28000
06439P,上銀凱基98售02  ,0,0,0,0,0,0,0,0,0,-28000,0,0,0,20000,48000,-28000,-28000
06857P,超眾永豐98售02  ,0,0,0,0,0,0,0,0,0,-28000,0,0,0,5000,33000,-28000,-28000
06888P,日月光元大98售02,0,0,0,0,0,0,0,0,0,-28000,0,0,0,0,28000,-28000,-28000
2009,第一銅          ,9000,35000,-26000,0,0,0,0,0,0,-2000,0,2000,-2000,0,0,0,-28000
4108,懷特            ,0,28000,-28000,0,0,0,0,0,0,0,0,0,0,0,0,0,-28000
3694,海華            ,9000,34000,-25000,0,0,0,0,0,0,-3000,0,3000,-3000,0,0,0,-28000
057154,易華電國泰99購01,0,0,0,0,0,0,0,0,0,-29000,0,0,0,0,29000,-29000,-29000
05944P,富邦金中信96售01,0,0,0,0,0,0,0,0,0,-29000,0,0,0,62000,91000,-29000,-29000
058462,台積電兆豐99購01,0,39000,-39000,0,0,0,0,0,0,10000,0,0,0,10000,0,10000,-29000
03009X,元展09          ,0,0,0,0,0,0,0,0,0,-29000,0,0,0,0,29000,-29000,-29000
03647C,T50反1元富99牛02,0,0,0,0,0,0,0,0,0,-29000,0,0,0,540000,569000,-29000,-29000
05169P,玉晶光元大95售03,0,0,0,0,0,0,0,0,0,-29000,0,0,0,61000,90000,-29000,-29000
055648,可成元富97購01  ,0,0,0,0,0,0,0,0,0,-29000,0,0,0,0,29000,-29000,-29000
3622,洋華            ,107000,136000,-29000,0,0,0,0,0,0,0,0,0,0,0,0,0,-29000
6491,晶碩            ,35000,64000,-29000,0,0,0,0,0,0,0,0,0,0,0,0,0,-29000
9902,台火            ,8000,29000,-21000,0,0,0,0,0,0,-8000,0,8000,-8000,0,0,0,-29000
06852P,臺股指元大98售11,0,0,0,0,0,0,0,0,0,-29000,0,0,0,5000,34000,-29000,-29000
06839P,玉晶光統一9A售05,0,0,0,0,0,0,0,0,0,-29000,0,0,0,2000,31000,-29000,-29000
06470P,臺股指凱基99售10,0,0,0,0,0,0,0,0,0,-29000,0,0,0,9000,38000,-29000,-29000
058491,滬深2X群益01購01,0,0,0,0,0,0,0,0,0,-30000,0,0,0,0,30000,-30000,-30000
058519,嘉澤元大99購01  ,0,0,0,0,0,0,0,0,0,-30000,0,0,0,40000,70000,-30000,-30000
058399,美律元大99購05  ,0,0,0,0,0,0,0,0,0,-30000,0,0,0,15000,45000,-30000,-30000
058248,聯茂元大99購05  ,0,0,0,0,0,0,0,0,0,-30000,0,0,0,15000,45000,-30000,-30000
058144,聯茂元大99購02  ,0,0,0,0,0,0,0,0,0,-30000,0,0,0,20000,50000,-30000,-30000
058167,鴻海凱基9A購03  ,0,0,0,0,0,0,0,0,0,-30000,0,0,0,131000,161000,-30000,-30000
057960,聯鈞元大98購02  ,0,0,0,0,0,0,0,0,0,-30000,0,0,0,10000,40000,-30000,-30000
057925,貿聯凱基99購01  ,0,0,0,0,0,0,0,0,0,-30000,0,0,0,0,30000,-30000,-30000
059089,聯發科元大99購19,0,0,0,0,0,0,0,0,0,-30000,0,0,0,20000,50000,-30000,-30000
06185P,台表科元大97售05,0,0,0,0,0,0,0,0,0,-30000,0,0,0,0,30000,-30000,-30000
05871P,全新凱基96售04  ,0,0,0,0,0,0,0,0,0,-30000,0,0,0,0,30000,-30000,-30000
058975,台灣50凱基01購02,0,0,0,0,0,0,0,0,0,-30000,0,0,0,0,30000,-30000,-30000
058935,元油2X中信9C購03,0,0,0,0,0,0,0,0,0,-30000,0,0,0,0,30000,-30000,-30000
058911,茂林元大99購04  ,0,0,0,0,0,0,0,0,0,-30000,0,0,0,45000,75000,-30000,-30000
058862,聯發科凱基99購08,0,0,0,0,0,0,0,0,0,-30000,0,0,0,0,30000,-30000,-30000
057198,智伸科統一9B購01,0,0,0,0,0,0,0,0,0,-30000,0,0,0,100000,130000,-30000,-30000
057335,技嘉國票99購01  ,0,0,0,0,0,0,0,0,0,-30000,0,0,0,0,30000,-30000,-30000
057394,台積電中信9C購02,0,0,0,0,0,0,0,0,0,-30000,0,0,0,0,30000,-30000,-30000
057485,友達元大9C購04  ,0,0,0,0,0,0,0,0,0,-30000,0,0,0,0,30000,-30000,-30000
057857,牧德國票99購01  ,0,0,0,0,0,0,0,0,0,-30000,0,0,0,0,30000,-30000,-30000
057743,華擎永豐98購03  ,0,0,0,0,0,0,0,0,0,-30000,0,0,0,0,30000,-30000,-30000
056910,超眾元大99購02  ,0,0,0,0,0,0,0,0,0,-30000,0,0,0,50000,80000,-30000,-30000
056326,TPK兆豐98購01   ,0,0,0,0,0,0,0,0,0,-30000,0,0,0,0,30000,-30000,-30000
056399,上証2X群益9C購01,0,0,0,0,0,0,0,0,0,-30000,0,0,0,55000,85000,-30000,-30000
056559,華通群益98購02  ,0,0,0,0,0,0,0,0,0,-30000,0,0,0,20000,50000,-30000,-30000
04392P,牧德凱基94售05  ,0,0,0,0,0,0,0,0,0,-30000,0,0,0,30000,60000,-30000,-30000
047494,華邦電元富96購01,0,0,0,0,0,0,0,0,0,-30000,0,0,0,0,30000,-30000,-30000
042676,臺指反元大93購01,0,0,0,0,0,0,0,0,0,-30000,0,0,0,0,30000,-30000,-30000
03154P,華新科群益01售07,0,0,0,0,0,0,0,0,0,-30000,0,0,0,0,30000,-30000,-30000
04645P,禾伸堂凱基94售03,0,0,0,0,0,0,0,0,0,-30000,0,0,0,0,30000,-30000,-30000
049377,聯詠元大94購01  ,0,0,0,0,0,0,0,0,0,-30000,0,0,0,0,30000,-30000,-30000
049572,華固統一94購03  ,0,0,0,0,0,0,0,0,0,-30000,0,0,0,0,30000,-30000,-30000
051194,大立光中信96購02,0,0,0,0,0,0,0,0,0,-30000,0,0,0,0,30000,-30000,-30000
051139,康友永豐95購01  ,0,0,0,0,0,0,0,0,0,-30000,0,0,0,0,30000,-30000,-30000
051146,旺宏凱基95購04  ,0,0,0,0,0,0,0,0,0,-30000,0,0,0,0,30000,-30000,-30000
051230,聯詠群益95購01  ,0,0,0,0,0,0,0,0,0,-30000,0,0,0,0,30000,-30000,-30000
051120,南亞科群益95購01,0,0,0,0,0,0,0,0,0,-30000,0,0,0,0,30000,-30000,-30000
050243,華新科凱基94購10,0,0,0,0,0,0,0,0,0,-30000,0,0,0,0,30000,-30000,-30000
050256,臺指反元大98購03,0,0,0,0,0,0,0,0,0,-30000,0,0,0,10000,40000,-30000,-30000
050630,大立光亞東96購01,0,0,0,0,0,0,0,0,0,-30000,0,0,0,346000,376000,-30000,-30000
051257,光寶科國泰96購01,0,0,0,0,0,0,0,0,0,-30000,0,0,0,20000,50000,-30000,-30000
049785,華新科兆豐95購01,0,0,0,0,0,0,0,0,0,-30000,0,0,0,30000,60000,-30000,-30000
049726,道瓊反中信96購01,0,0,0,0,0,0,0,0,0,-30000,0,0,0,0,30000,-30000,-30000
051396,健鼎兆豐95購01  ,0,0,0,0,0,0,0,0,0,-30000,0,0,0,0,30000,-30000,-30000
048687,旺宏群益96購01  ,0,0,0,0,0,0,0,0,0,-30000,0,0,0,0,30000,-30000,-30000
048642,聯發科元大94購02,0,0,0,0,0,0,0,0,0,-30000,0,0,0,0,30000,-30000,-30000
051469,友達日盛9B購01  ,0,0,0,0,0,0,0,0,0,-30000,0,0,0,0,30000,-30000,-30000
049809,聯詠元大94購04  ,0,0,0,0,0,0,0,0,0,-30000,0,0,0,0,30000,-30000,-30000
052134,智邦凱基95購09  ,0,0,0,0,0,0,0,0,0,-30000,0,0,0,40000,70000,-30000,-30000
054031,中鋼中信98購01  ,0,0,0,0,0,0,0,0,0,-30000,0,0,0,0,30000,-30000,-30000
049058,茂林永豐94購02  ,0,0,0,0,0,0,0,0,0,-30000,0,0,0,10000,40000,-30000,-30000
048876,牧德國票95購02  ,0,0,0,0,0,0,0,0,0,-30000,0,0,0,0,30000,-30000,-30000
050055,道瓊反凱基95購01,0,0,0,0,0,0,0,0,0,-30000,0,0,0,10000,40000,-30000,-30000
049267,瀚宇博元大95購02,0,0,0,0,0,0,0,0,0,-30000,0,0,0,10000,40000,-30000,-30000
055633,牧德永豐97購02  ,0,0,0,0,0,0,0,0,0,-30000,0,0,0,0,30000,-30000,-30000
05561P,大立光兆豐96售02,0,0,0,0,0,0,0,0,0,-30000,0,0,0,0,30000,-30000,-30000
055557,華新科凱基97購01,0,0,0,0,0,0,0,0,0,-30000,0,0,0,0,30000,-30000,-30000
055745,臻鼎元富97購01  ,0,0,0,0,0,0,0,0,0,-30000,0,0,0,120000,150000,-30000,-30000
056197,友訊永豐97購01  ,0,0,0,0,0,0,0,0,0,-30000,0,0,0,0,30000,-30000,-30000
056074,茂林元大97購04  ,0,0,0,0,0,0,0,0,0,-30000,0,0,0,30000,60000,-30000,-30000
056070,新日興元大97購04,0,0,0,0,0,0,0,0,0,-30000,0,0,0,0,30000,-30000,-30000
055964,正文元大97購02  ,0,0,0,0,0,0,0,0,0,-30000,0,0,0,20000,50000,-30000,-30000
051590,玉晶光元大96購02,0,0,0,0,0,0,0,0,0,-30000,0,0,0,24000,54000,-30000,-30000
051825,中環元大95購01  ,0,0,0,0,0,0,0,0,0,-30000,0,0,0,0,30000,-30000,-30000
053778,旺宏元大97購03  ,0,0,0,0,0,0,0,0,0,-30000,0,0,0,0,30000,-30000,-30000
055466,台達電凱基97購03,0,0,0,0,0,0,0,0,0,-30000,0,0,0,10000,40000,-30000,-30000
055405,華泰國泰98購01  ,0,0,0,0,0,0,0,0,0,-30000,0,0,0,0,30000,-30000,-30000
055421,玉晶光永豐98購04,0,0,0,0,0,0,0,0,0,-30000,0,0,0,0,30000,-30000,-30000
055503,健策元大98購05  ,0,0,0,0,0,0,0,0,0,-30000,0,0,0,0,30000,-30000,-30000
053266,全新群益98購01  ,0,0,0,0,0,0,0,0,0,-30000,0,0,0,0,30000,-30000,-30000
053243,楠梓電國票97購02,0,0,0,0,0,0,0,0,0,-30000,0,0,0,0,30000,-30000,-30000
052940,玉晶光兆豐97購01,0,0,0,0,0,0,0,0,0,-30000,0,0,0,32000,62000,-30000,-30000
051696,新日興中信96購01,0,0,0,0,0,0,0,0,0,-30000,0,0,0,20000,50000,-30000,-30000
051914,健策元大96購06  ,0,0,0,0,0,0,0,0,0,-30000,0,0,0,0,30000,-30000,-30000
05254P,瑞昱凱基95售04  ,0,0,0,0,0,0,0,0,0,-30000,0,0,0,0,30000,-30000,-30000
052454,力成元大95購02  ,0,0,0,0,0,0,0,0,0,-30000,0,0,0,55000,85000,-30000,-30000
054702,智邦第一97購01  ,0,0,0,0,0,0,0,0,0,-30000,0,0,0,0,30000,-30000,-30000
055015,帆宣元富97購01  ,0,0,0,0,0,0,0,0,0,-30000,0,0,0,0,30000,-30000,-30000
055119,力成凱基98購01  ,0,0,0,0,0,0,0,0,0,-30000,0,0,0,0,30000,-30000,-30000
05505P,聯發科凱基96售09,0,0,0,0,0,0,0,0,0,-30000,0,0,0,42000,72000,-30000,-30000
055139,欣興永豐97購01  ,0,0,0,0,0,0,0,0,0,-30000,0,0,0,0,30000,-30000,-30000
055112,晶豪科凱基98購01,0,0,0,0,0,0,0,0,0,-30000,0,0,0,0,30000,-30000,-30000
05493P,華新科富邦99售02,0,0,0,0,0,0,0,0,0,-30000,0,0,0,20000,50000,-30000,-30000
054059,欣興國票97購03  ,0,0,0,0,0,0,0,0,0,-30000,0,0,0,0,30000,-30000,-30000
054079,鴻海中信98購02  ,0,0,0,0,0,0,0,0,0,-30000,0,0,0,0,30000,-30000,-30000
054118,國巨永豐96購04  ,0,0,0,0,0,0,0,0,0,-30000,0,0,0,0,30000,-30000,-30000
053465,聯電元大96購05  ,0,0,0,0,0,0,0,0,0,-30000,0,0,0,0,30000,-30000,-30000
053408,友達兆豐98購01  ,0,0,0,0,0,0,0,0,0,-30000,0,0,0,0,30000,-30000,-30000
053382,友達元大9C購02  ,0,0,0,0,0,0,0,0,0,-30000,0,0,0,0,30000,-30000,-30000
053385,聯詠元大96購02  ,0,0,0,0,0,0,0,0,0,-30000,0,0,0,20000,50000,-30000,-30000
053380,南亞科元大97購01,0,0,0,0,0,0,0,0,0,-30000,0,0,0,60000,90000,-30000,-30000
053966,旺宏元大96購08  ,0,0,0,0,0,0,0,0,0,-30000,0,0,0,40000,70000,-30000,-30000
054481,鎧勝中信96購01  ,0,0,0,0,0,0,0,0,0,-30000,0,0,0,0,30000,-30000,-30000
053574,奇力新元富99購01,0,0,0,0,0,0,0,0,0,-30000,0,0,0,0,30000,-30000,-30000
06460P,亞德客元富98售02,0,0,0,0,0,0,0,0,0,-30000,0,0,0,10000,40000,-30000,-30000
06502P,A50中信98售01   ,0,0,0,0,0,0,0,0,0,-30000,0,0,0,0,30000,-30000,-30000
06690P,玉晶光群益9A售05,0,0,0,0,0,0,0,0,0,-30000,0,0,0,0,30000,-30000,-30000
06684P,緯穎元大98售06  ,0,0,0,0,0,0,0,0,0,-30000,0,0,0,70000,100000,-30000,-30000
06846P,美律元大98售05  ,0,0,0,0,0,0,0,0,0,-30000,0,0,0,0,30000,-30000,-30000
06727P,台光電元大98售05,0,0,0,0,0,0,0,0,0,-30000,0,0,0,0,30000,-30000,-30000
07098P,台積電元大99售18,0,0,0,0,0,0,0,0,0,-30000,0,0,0,40000,70000,-30000,-30000
1708,東鹼            ,18000,44000,-26000,0,0,0,0,0,0,-4000,0,4000,-4000,0,0,0,-30000
5283,禾聯碩          ,17000,38000,-21000,0,0,0,0,0,0,-9000,3000,3000,0,0,9000,-9000,-30000
3311,閎暉            ,12000,42000,-30000,0,0,0,0,0,0,0,0,0,0,0,0,0,-30000
056467,上証2X元大98購02,0,0,0,0,0,0,0,0,0,-31000,0,0,0,6000,37000,-31000,-31000
057040,國巨元大98購12  ,0,0,0,0,0,0,0,0,0,-31000,0,0,0,26000,57000,-31000,-31000
059062,群創凱基99購05  ,0,0,0,0,0,0,0,0,0,-31000,0,0,0,17000,48000,-31000,-31000
059121,瑞儀永豐99購01  ,0,0,0,0,0,0,0,0,0,-31000,0,0,0,0,31000,-31000,-31000
050477,矽力永豐94購01  ,0,0,0,0,0,0,0,0,0,-31000,0,0,0,0,31000,-31000,-31000
04935P,鴻海中信96售01  ,0,0,0,0,0,0,0,0,0,-31000,0,0,0,24000,55000,-31000,-31000
048190,道瓊反元大96購02,0,0,0,0,0,0,0,0,0,-31000,0,0,0,0,31000,-31000,-31000
052338,道瓊反凱基97購02,0,0,0,0,0,0,0,0,0,-31000,0,0,0,9000,40000,-31000,-31000
054166,日電貿凱基98購01,0,0,0,0,0,0,0,0,0,-31000,0,0,0,0,31000,-31000,-31000
052806,玉晶光元大98購04,0,0,0,0,0,0,0,0,0,-31000,0,0,0,134000,165000,-31000,-31000
2911,麗嬰房          ,4000,30000,-26000,0,0,0,0,0,0,-5000,0,5000,-5000,0,0,0,-31000
2415,錩新            ,0,31000,-31000,0,0,0,0,0,0,0,0,0,0,0,0,0,-31000
05993P,國巨元大96售13  ,0,0,0,0,0,0,0,0,0,-32000,0,0,0,47000,79000,-32000,-32000
057835,華擎元富9B購01  ,0,0,0,0,0,0,0,0,0,-32000,0,0,0,6000,38000,-32000,-32000
057242,台郡凱基98購05  ,0,0,0,0,0,0,0,0,0,-32000,0,0,0,201000,233000,-32000,-32000
048623,世紀鋼凱基94購03,0,0,0,0,0,0,0,0,0,-32000,0,0,0,4000,36000,-32000,-32000
054572,國巨元大98購03  ,0,0,0,0,0,0,0,0,0,-32000,0,0,0,10000,42000,-32000,-32000
052080,康友元富98購02  ,0,0,0,0,0,0,0,0,0,-32000,0,0,0,10000,42000,-32000,-32000
05264P,微星元大95售02  ,0,0,0,0,0,0,0,0,0,-32000,0,0,0,0,32000,-32000,-32000
054617,超眾永豐97購01  ,0,0,0,0,0,0,0,0,0,-32000,0,0,0,0,32000,-32000,-32000
052316,台積電元大96購10,0,0,0,0,0,0,0,0,0,-32000,0,0,0,0,32000,-32000,-32000
05237P,為升永豐95售01  ,0,0,0,0,0,0,0,0,0,-32000,0,0,0,21000,53000,-32000,-32000
054461,台積電凱基97購09,0,0,0,0,0,0,0,0,0,-32000,0,0,0,0,32000,-32000,-32000
054731,S&P反1凱基98購01,0,0,0,0,0,0,0,0,0,-32000,0,0,0,0,32000,-32000,-32000
05189P,新光金凱基97售02,0,0,0,0,0,0,0,0,0,-32000,0,0,0,33000,65000,-32000,-32000
2636,台驊投控        ,11000,41000,-30000,0,0,0,0,0,0,-2000,0,2000,-2000,0,0,0,-32000
2597,潤弘            ,0,17000,-17000,0,0,0,0,0,0,-15000,1000,16000,-15000,0,0,0,-32000
1733,五鼎            ,97000,122000,-25000,0,0,0,0,0,0,-7000,9000,16000,-7000,0,0,0,-32000
1540,喬福            ,2000,34000,-32000,0,0,0,0,0,0,0,0,0,0,0,0,0,-32000
07159P,台積電永豐99售04,0,0,0,0,0,0,0,0,0,-32000,0,0,0,0,32000,-32000,-32000
06743P,創意永豐98售03  ,0,0,0,0,0,0,0,0,0,-32000,0,0,0,0,32000,-32000,-32000
06401P,鴻海元富97售13  ,0,0,0,0,0,0,0,0,0,-32000,0,0,0,0,32000,-32000,-32000
4720,德淵            ,11000,43000,-32000,0,0,0,0,0,0,0,0,0,0,0,0,0,-32000
6235,華孚            ,33000,64000,-31000,0,0,0,0,0,0,-1000,0,1000,-1000,0,0,0,-32000
057296,智原永豐98購01  ,0,0,0,0,0,0,0,0,0,-33000,0,0,0,0,33000,-33000,-33000
05905P,晶技統一97售01  ,0,0,0,0,0,0,0,0,0,-33000,0,0,0,10000,43000,-33000,-33000
05908P,大立光元富96售05,0,0,0,0,0,0,0,0,0,-33000,0,0,0,0,33000,-33000,-33000
06094P,台達電中信97售01,0,0,0,0,0,0,0,0,0,-33000,0,0,0,10000,43000,-33000,-33000
048425,聯茂元富96購02  ,0,0,0,0,0,0,0,0,0,-33000,0,0,0,0,33000,-33000,-33000
050371,台積電元大94購25,0,0,0,0,0,0,0,0,0,-33000,0,0,0,40000,73000,-33000,-33000
051902,T50反1元大97購01,0,0,0,0,0,0,0,0,0,-33000,0,0,0,27000,60000,-33000,-33000
051987,廣達元大95購01  ,0,0,0,0,0,0,0,0,0,-33000,0,0,0,139000,172000,-33000,-33000
05535P,台積電元大97售06,0,0,0,0,0,0,0,0,0,-33000,0,0,0,52000,85000,-33000,-33000
054680,華新科康和97購02,0,0,0,0,0,0,0,0,0,-33000,0,0,0,0,33000,-33000,-33000
051848,元金2X中信98購02,0,0,0,0,0,0,0,0,0,-33000,0,0,0,0,33000,-33000,-33000
055383,GIS元大97購02   ,0,0,0,0,0,0,0,0,0,-33000,0,0,0,10000,43000,-33000,-33000
053271,喬山元大97購01  ,0,0,0,0,0,0,0,0,0,-33000,0,0,0,0,33000,-33000,-33000
055582,亞德客元大97購01,0,0,0,0,0,0,0,0,0,-33000,0,0,0,47000,80000,-33000,-33000
05589P,大立光中信9A售01,0,0,0,0,0,0,0,0,0,-33000,0,0,0,96000,129000,-33000,-33000
6224,聚鼎            ,39000,73000,-34000,0,0,0,0,1000,-1000,2000,7000,5000,2000,0,0,0,-33000
6605,帝寶            ,7000,39000,-32000,0,0,0,0,1000,-1000,0,0,0,0,0,0,0,-33000
6177,達麗            ,77000,110000,-33000,0,0,0,0,0,0,0,0,0,0,0,0,0,-33000
4137,麗豐-KY         ,159000,190000,-31000,0,0,0,0,0,0,-2000,0,4000,-4000,3000,1000,2000,-33000
8367,建新國際        ,0,27000,-27000,0,0,0,0,0,0,-6000,0,6000,-6000,0,0,0,-33000
1414,東和            ,5000,25000,-20000,0,0,0,0,0,0,-13000,0,13000,-13000,0,0,0,-33000
1582,信錦            ,173000,187000,-14000,0,0,0,0,0,0,-19000,1000,20000,-19000,0,0,0,-33000
2227,裕日車          ,5000,37000,-32000,0,0,0,1000,2000,-1000,0,0,0,0,0,0,0,-33000
06043P,創意永豐96售06  ,0,0,0,0,0,0,0,0,0,-34000,0,0,0,4000,38000,-34000,-34000
05793P,臺股指中信99售08,0,0,0,0,0,0,0,0,0,-34000,0,0,0,15000,49000,-34000,-34000
058046,國巨元大9A購01  ,0,0,0,0,0,0,0,0,0,-34000,0,0,0,55000,89000,-34000,-34000
056972,祥碩永豐98購02  ,0,0,0,0,0,0,0,0,0,-34000,0,0,0,126000,160000,-34000,-34000
048263,台積電元富95購01,0,0,0,0,0,0,0,0,0,-34000,0,0,0,24000,58000,-34000,-34000
00706L,元大S&P日圓正2  ,0,0,0,0,0,0,0,0,0,-34000,0,0,0,24000,58000,-34000,-34000
055083,康友中信97購01  ,0,0,0,0,0,0,0,0,0,-34000,0,0,0,0,34000,-34000,-34000
054128,台積電元大97購10,0,0,0,0,0,0,0,0,0,-34000,0,0,0,1000,35000,-34000,-34000
054292,欣興元大96購06  ,0,0,0,0,0,0,0,0,0,-34000,0,0,0,11000,45000,-34000,-34000
1451,年興            ,1000,35000,-34000,0,0,0,0,0,0,0,0,0,0,0,0,0,-34000
2495,普安            ,9000,43000,-34000,0,0,0,0,0,0,0,0,0,0,0,0,0,-34000
1808,潤隆            ,115828,98000,17828,0,0,0,0,0,0,-52000,0,52000,-52000,0,0,0,-34172
056901,華新科元大98購03,0,0,0,0,0,0,0,0,0,-35000,0,0,0,10000,45000,-35000,-35000
05683P,矽創元大96售01  ,0,0,0,0,0,0,0,0,0,-35000,0,0,0,0,35000,-35000,-35000
056491,南亞科國泰99購01,0,0,0,0,0,0,0,0,0,-35000,0,0,0,15000,50000,-35000,-35000
057487,聯發科元大98購10,0,0,0,0,0,0,0,0,0,-35000,0,0,0,190000,225000,-35000,-35000
058173,台積電凱基99購04,0,0,0,0,0,0,0,0,0,-35000,0,0,0,159000,194000,-35000,-35000
058471,台積電日盛9C購01,0,0,0,0,0,0,0,0,0,-35000,0,0,0,0,35000,-35000,-35000
058564,元金2X凱基9C購01,10000,0,10000,0,0,0,0,0,0,-45000,0,0,0,0,45000,-45000,-35000
058910,泰鼎元大99購03  ,0,0,0,0,0,0,0,0,0,-35000,0,0,0,0,35000,-35000,-35000
03993P,滬深2X中信94售03,0,0,0,0,0,0,0,0,0,-35000,0,0,0,20000,55000,-35000,-35000
050801,元金2X群益98購01,0,0,0,0,0,0,0,0,0,-35000,0,0,0,0,35000,-35000,-35000
046064,中工凱基94購01  ,0,0,0,0,0,0,0,0,0,-35000,0,0,0,15000,50000,-35000,-35000
05229P,台積電群益95售05,0,0,0,0,0,0,0,0,0,-35000,0,0,0,30000,65000,-35000,-35000
053474,聯發科元大97購06,0,0,0,0,0,0,0,0,0,-35000,0,0,0,30000,65000,-35000,-35000
053534,微星永豐96購02  ,0,0,0,0,0,0,0,0,0,-35000,0,0,0,36000,71000,-35000,-35000
055014,達興元富97購01  ,0,0,0,0,0,0,0,0,0,-35000,0,0,0,15000,50000,-35000,-35000
055209,勤誠康和97購01  ,0,0,0,0,0,0,0,0,0,-35000,0,0,0,130000,165000,-35000,-35000
051873,緯穎凱基95購02  ,0,0,0,0,0,0,0,0,0,-35000,0,0,0,50000,85000,-35000,-35000
056034,華通凱基98購01  ,0,0,0,0,0,0,0,0,0,-35000,0,0,0,0,35000,-35000,-35000
055414,奇力新富邦9B購01,0,0,0,0,0,0,0,0,0,-35000,0,0,0,0,35000,-35000,-35000
2485,兆赫            ,307000,264000,43000,0,0,0,0,0,0,-78000,0,56000,-56000,0,22000,-22000,-35000
06656P,GIS元大98售02   ,0,0,0,0,0,0,0,0,0,-35000,0,0,0,0,35000,-35000,-35000
06637P,大立光凱基98售15,0,0,0,0,0,0,0,0,0,-35000,0,0,0,15000,50000,-35000,-35000
06761P,台積電元大99售05,0,0,0,0,0,0,0,0,0,-35000,0,0,0,160000,195000,-35000,-35000
06733P,鴻海凱基99售02  ,0,0,0,0,0,0,0,0,0,-35000,0,0,0,25000,60000,-35000,-35000
6192,巨路            ,61000,96000,-35000,0,0,0,0,1000,-1000,1000,1000,0,1000,0,0,0,-35000
05743P,創意元大96售01  ,0,0,0,0,0,0,0,0,0,-36000,0,0,0,4000,40000,-36000,-36000
03618C,高股息凱基95牛01,0,0,0,0,0,0,0,0,0,-36000,0,0,0,0,36000,-36000,-36000
049769,和鑫元富96購01  ,0,0,0,0,0,0,0,0,0,-36000,0,0,0,0,36000,-36000,-36000
05457P,鴻海凱基95售20  ,0,0,0,0,0,0,0,0,0,-36000,0,0,0,26000,62000,-36000,-36000
054246,國巨元大96購12  ,0,0,0,0,0,0,0,0,0,-36000,0,0,0,0,36000,-36000,-36000
054082,楠梓電元富96購01,0,0,0,0,0,0,0,0,0,-36000,0,0,0,0,36000,-36000,-36000
06969P,上銀元大99售02  ,0,0,0,0,0,0,0,0,0,-36000,0,0,0,10000,46000,-36000,-36000
06273P,台表科凱基97售04,0,0,0,0,0,0,0,0,0,-36000,0,0,0,0,36000,-36000,-36000
2459,敦吉            ,14000,42000,-28000,0,0,0,0,0,0,-8000,0,8000,-8000,0,0,0,-36000
057596,聯茂兆豐99購01  ,0,0,0,0,0,0,0,0,0,-37000,0,0,0,134000,171000,-37000,-37000
056450,可成凱基98購05  ,0,0,0,0,0,0,0,0,0,-37000,0,0,0,68000,105000,-37000,-37000
06084P,宏達電元富97售02,0,0,0,0,0,0,0,0,0,-37000,0,0,0,5000,42000,-37000,-37000
052079,康友元富98購01  ,0,0,0,0,0,0,0,0,0,-37000,0,0,0,13000,50000,-37000,-37000
053351,A50正2兆豐97購01,0,0,0,0,0,0,0,0,0,-37000,0,0,0,0,37000,-37000,-37000
049667,大立光國泰96購01,0,0,0,0,0,0,0,0,0,-37000,0,0,0,0,37000,-37000,-37000
05012P,台積電元大95售07,0,0,0,0,0,0,0,0,0,-37000,0,0,0,94000,131000,-37000,-37000
00700,富邦恒生國企    ,0,0,0,0,0,0,0,0,0,-37000,0,0,0,83000,120000,-37000,-37000
052476,台光電群益98購01,0,0,0,0,0,0,0,0,0,-37000,0,0,0,3000,40000,-37000,-37000
055376,群創元大01購01  ,0,0,0,0,0,0,0,0,0,-37000,0,0,0,124000,161000,-37000,-37000
052832,益航群益96購01  ,0,0,0,0,0,0,0,0,0,-37000,0,0,0,25000,62000,-37000,-37000
052925,日電貿永豐96購01,0,0,0,0,0,0,0,0,0,-37000,0,0,0,20000,57000,-37000,-37000
052990,超眾元大97購01  ,0,0,0,0,0,0,0,0,0,-37000,0,0,0,0,37000,-37000,-37000
1463,強盛            ,2000,41000,-39000,0,0,0,0,0,0,2000,3000,1000,2000,0,0,0,-37000
06657P,寶成元大98售01  ,0,0,0,0,0,0,0,0,0,-37000,0,0,0,15000,52000,-37000,-37000
07046P,大立光富邦9C售03,0,0,0,0,0,0,0,0,0,-37000,0,0,0,15000,52000,-37000,-37000
06933P,禾伸堂元大98售03,0,0,0,0,0,0,0,0,0,-37000,0,0,0,24000,61000,-37000,-37000
2231,為升            ,528000,395000,133000,0,0,0,0,87495,-87495,-83196,4000,80000,-76000,6000,13196,-7196,-37691
06077P,GIS凱基97售02   ,0,0,0,0,0,0,0,0,0,-38000,0,0,0,0,38000,-38000,-38000
06066P,群創台新98售01  ,0,0,0,0,0,0,0,0,0,-38000,0,0,0,6000,44000,-38000,-38000
056939,康控元富98購01  ,0,0,0,0,0,0,0,0,0,-38000,0,0,0,0,38000,-38000,-38000
056755,聯茂兆豐98購01  ,0,0,0,0,0,0,0,0,0,-38000,0,0,0,20000,58000,-38000,-38000
057737,國巨富邦99購02  ,0,0,0,0,0,0,0,0,0,-38000,0,0,0,0,38000,-38000,-38000
057283,欣興元大98購07  ,0,0,0,0,0,0,0,0,0,-38000,0,0,0,62000,100000,-38000,-38000
00731,FH富時高息低波  ,1000,1000,0,0,0,0,0,0,0,-38000,0,0,0,385000,423000,-38000,-38000
00662,富邦NASDAQ      ,9000,8000,1000,0,0,0,0,0,0,-39000,0,15000,-15000,1000,25000,-24000,-38000
05137P,華新科凱基96售03,0,0,0,0,0,0,0,0,0,-38000,0,0,0,15000,53000,-38000,-38000
049804,華固元大94購01  ,0,0,0,0,0,0,0,0,0,-38000,0,0,0,10000,48000,-38000,-38000
054020,技嘉台新97購01  ,0,0,0,0,0,0,0,0,0,-38000,0,0,0,0,38000,-38000,-38000
049036,燿華兆豐95購01  ,0,0,0,0,0,0,0,0,0,-38000,0,0,0,0,38000,-38000,-38000
051600,新日興兆豐96購02,0,0,0,0,0,0,0,0,0,-38000,0,0,0,0,38000,-38000,-38000
051910,大立光元大97購01,0,0,0,0,0,0,0,0,0,-38000,0,0,0,4000,42000,-38000,-38000
054846,瑞昱兆豐97購01  ,0,0,0,0,0,0,0,0,0,-38000,0,0,0,0,38000,-38000,-38000
06901P,亞德客凱基98售02,0,0,0,0,0,0,0,0,0,-38000,0,0,0,80000,118000,-38000,-38000
06984P,上銀富邦9B售01  ,0,0,0,0,0,0,0,0,0,-38000,0,0,0,60000,98000,-38000,-38000
6165,捷泰            ,62000,100000,-38000,0,0,0,0,0,0,0,0,0,0,0,0,0,-38000
6112,聚碩            ,93000,130000,-37000,0,0,0,0,0,0,-1000,1000,2000,-1000,0,0,0,-38000
5225,東科-KY         ,165000,202000,-37000,0,0,0,0,0,0,-1000,1000,2000,-1000,0,0,0,-38000
059086,國巨元大99購18  ,0,0,0,0,0,0,0,0,0,-39000,0,0,0,0,39000,-39000,-39000
058907,健策元大99購04  ,0,0,0,0,0,0,0,0,0,-39000,0,0,0,15000,54000,-39000,-39000
058261,大立光富邦03購01,0,0,0,0,0,0,0,0,0,-39000,0,0,0,62000,101000,-39000,-39000
058061,貿聯元富9B購01  ,0,0,0,0,0,0,0,0,0,-39000,0,0,0,10000,49000,-39000,-39000
051485,玉晶光凱基97購02,0,0,0,0,0,0,0,0,0,-39000,0,0,0,65000,104000,-39000,-39000
048102,矽力凱基94購01  ,0,0,0,0,0,0,0,0,0,-39000,0,0,0,2000,41000,-39000,-39000
05245P,台積電元大95售18,0,0,0,0,0,0,0,0,0,-39000,0,0,0,307000,346000,-39000,-39000
053101,創意元富96購03  ,0,0,0,0,0,0,0,0,0,-39000,0,0,0,0,39000,-39000,-39000
8497,格威傳媒        ,6000,9000,-3000,0,0,0,0,0,0,-36000,0,36000,-36000,0,0,0,-39000
07069P,欣興元富99售02  ,0,0,0,0,0,0,0,0,0,-39000,0,0,0,0,39000,-39000,-39000
06667P,鴻海凱基98售11  ,0,0,0,0,0,0,0,0,0,-39000,0,0,0,602000,641000,-39000,-39000
06716P,台積電元大9A售02,0,0,0,0,0,0,0,0,0,-39000,0,0,0,181000,220000,-39000,-39000
057998,玉晶光麥證9A購01,0,0,0,0,40000,-40000,0,0,0,-40000,0,0,0,0,40000,-40000,-40000
057985,華通元富02購03  ,0,0,0,0,0,0,0,0,0,-40000,0,0,0,20000,60000,-40000,-40000
057909,台光電兆豐98購01,0,0,0,0,0,0,0,0,0,-40000,0,0,0,0,40000,-40000,-40000
058288,南亞科國票9A購01,0,0,0,0,0,0,0,0,0,-40000,0,0,0,10000,50000,-40000,-40000
05817P,可成凱基96售07  ,0,0,0,0,0,0,0,0,0,-40000,0,0,0,0,40000,-40000,-40000
058182,日電貿國泰9A購01,0,0,0,0,0,0,0,0,0,-40000,0,0,0,10000,50000,-40000,-40000
058177,華新科凱基99購02,0,0,0,0,0,0,0,0,0,-40000,0,0,0,0,40000,-40000,-40000
058114,台積電第一01購01,0,0,0,0,0,0,0,0,0,-40000,0,0,0,0,40000,-40000,-40000
058539,聯發科台新99購01,0,0,0,0,0,0,0,0,0,-40000,0,0,0,574000,614000,-40000,-40000
058454,嘉晶永豐99購01  ,0,0,0,0,0,0,0,0,0,-40000,0,0,0,11000,51000,-40000,-40000
058324,嘉聯益永豐9A購01,0,0,0,0,0,0,0,0,0,-40000,0,0,0,15000,55000,-40000,-40000
058966,元油2X日盛99購03,0,0,0,0,0,0,0,0,0,-40000,0,0,0,0,40000,-40000,-40000
058955,台積電國票9A購04,0,0,0,0,0,0,0,0,0,-40000,0,0,0,0,40000,-40000,-40000
058660,樺漢中信9A購01  ,0,0,0,0,0,0,0,0,0,-40000,0,0,0,18000,58000,-40000,-40000
059049,元油2X凱基9A購12,0,0,0,0,0,0,0,0,0,-40000,0,0,0,0,40000,-40000,-40000
06190P,玉晶光永豐97售05,0,0,0,0,0,0,0,0,0,-40000,0,0,0,0,40000,-40000,-40000
057313,聯發科麥證99購01,0,0,0,0,40000,-40000,0,0,0,-40000,0,0,0,0,40000,-40000,-40000
057858,T50正2康和98購01,0,0,0,0,0,0,0,0,0,-40000,0,0,0,0,40000,-40000,-40000
057536,康控元大99購03  ,0,0,0,0,0,0,0,0,0,-40000,0,0,0,0,40000,-40000,-40000
056737,國巨凱基9A購01  ,0,0,0,0,0,0,0,0,0,-40000,0,0,0,10000,50000,-40000,-40000
056692,燿華群益98購03  ,0,0,0,0,0,0,0,0,0,-40000,0,0,0,0,40000,-40000,-40000
056990,聯發科兆豐98購01,0,0,0,0,0,0,0,0,0,-40000,0,0,0,0,40000,-40000,-40000
056460,同欣電凱基99購01,0,0,0,0,0,0,0,0,0,-40000,0,0,0,0,40000,-40000,-40000
056510,正文永豐98購02  ,0,0,0,0,0,0,0,0,0,-40000,0,0,0,0,40000,-40000,-40000
056317,華通群益99購02  ,0,0,0,0,0,0,0,0,0,-40000,0,0,0,0,40000,-40000,-40000
04493P,漢唐永豐94售01  ,0,0,0,0,0,0,0,0,0,-40000,0,0,0,0,40000,-40000,-40000
046881,智原富邦99購01  ,0,0,0,0,0,0,0,0,0,-40000,0,0,0,0,40000,-40000,-40000
04476P,玉晶光元大94售05,0,0,0,0,0,0,0,0,0,-40000,0,0,0,0,40000,-40000,-40000
045856,南亞科國泰94購01,0,0,0,0,0,0,0,0,0,-40000,0,0,0,0,40000,-40000,-40000
049382,牧德元大94購04  ,0,0,0,0,0,0,0,0,0,-40000,0,0,0,20000,60000,-40000,-40000
049462,康友元富94購01  ,0,0,0,0,0,0,0,0,0,-40000,0,0,0,0,40000,-40000,-40000
048261,鴻海元富95購01  ,0,0,0,0,0,0,0,0,0,-40000,0,0,0,0,40000,-40000,-40000
00714,群益道瓊美國地產,1000,0,1000,0,0,0,0,0,0,-41000,0,0,0,2000,43000,-41000,-40000
04144P,瑞昱凱基93售10  ,0,0,0,0,0,0,0,0,0,-40000,0,0,0,0,40000,-40000,-40000
041832,T50反1統一94購01,0,0,0,0,0,0,0,0,0,-40000,0,0,0,0,40000,-40000,-40000
03418P,大毅群益02售03  ,0,0,0,0,0,0,0,0,0,-40000,0,0,0,0,40000,-40000,-40000
04116P,京元電元大94售02,0,0,0,0,0,0,0,0,0,-40000,0,0,0,15000,55000,-40000,-40000
04049P,大立光元大95售02,0,0,0,0,0,0,0,0,0,-40000,0,0,0,455000,495000,-40000,-40000
047629,深中小元大96購01,0,0,0,0,0,0,0,0,0,-40000,0,0,0,0,40000,-40000,-40000
047736,聯發科台新94購01,0,0,0,0,0,0,0,0,0,-40000,0,0,0,0,40000,-40000,-40000
051382,玉晶光群益98購02,0,0,0,0,0,0,0,0,0,-40000,0,0,0,62000,102000,-40000,-40000
050369,台積電元大94購23,0,0,0,0,0,0,0,0,0,-40000,0,0,0,110000,150000,-40000,-40000
050309,亞泥兆豐94購01  ,0,0,0,0,0,0,0,0,0,-40000,0,0,0,0,40000,-40000,-40000
050312,大立光兆豐94購04,0,0,0,0,0,0,0,0,0,-40000,0,0,0,40000,80000,-40000,-40000
051231,健策群益97購01  ,0,0,0,0,0,0,0,0,0,-40000,0,0,0,0,40000,-40000,-40000
048358,嘉晶永豐93購03  ,0,0,0,0,0,0,0,0,0,-40000,0,0,0,0,40000,-40000,-40000
048334,A50正2元大96購01,0,0,0,0,0,0,0,0,0,-40000,0,0,0,0,40000,-40000,-40000
050031,嘉澤元大95購01  ,0,0,0,0,0,0,0,0,0,-40000,0,0,0,0,40000,-40000,-40000
053983,樺漢元大97購02  ,0,0,0,0,0,0,0,0,0,-40000,0,0,0,0,40000,-40000,-40000
053331,玉晶光永豐97購02,0,0,0,0,0,0,0,0,0,-40000,0,0,0,10000,50000,-40000,-40000
053146,滬深2X元大96購08,0,0,0,0,0,0,0,0,0,-40000,0,0,0,0,40000,-40000,-40000
053174,同欣電群益98購02,0,0,0,0,0,0,0,0,0,-40000,0,0,0,15000,55000,-40000,-40000
051588,聯詠元大95購03  ,0,0,0,0,0,0,0,0,0,-40000,0,0,0,0,40000,-40000,-40000
051576,台積電元大97購02,0,0,0,0,0,0,0,0,0,-40000,0,0,0,6000,46000,-40000,-40000
051820,道瓊反元富95購01,0,0,0,0,0,0,0,0,0,-40000,0,0,0,0,40000,-40000,-40000
056086,奇力新統一98購01,0,0,0,0,0,0,0,0,0,-40000,0,0,0,0,40000,-40000,-40000
056222,台積電凱基9A購01,0,0,0,0,0,0,0,0,0,-40000,0,0,0,0,40000,-40000,-40000
052807,貿聯元大98購01  ,0,0,0,0,0,0,0,0,0,-40000,0,0,0,0,40000,-40000,-40000
052437,聯發科富邦99購02,0,0,0,0,0,0,0,0,0,-40000,0,0,0,0,40000,-40000,-40000
053591,大立光元大99購03,0,0,0,0,0,0,0,0,0,-40000,0,0,0,10000,50000,-40000,-40000
053615,光罩群益96購01  ,0,0,0,0,0,0,0,0,0,-40000,0,0,0,0,40000,-40000,-40000
055126,嘉澤兆豐97購01  ,0,0,0,0,0,0,0,0,0,-40000,0,0,0,0,40000,-40000,-40000
055105,鴻海凱基98購05  ,0,0,0,0,0,0,0,0,0,-40000,0,0,0,0,40000,-40000,-40000
055143,臻鼎永豐97購01  ,0,0,0,0,0,0,0,0,0,-40000,0,0,0,0,40000,-40000,-40000
054291,高鐵元大97購01  ,0,0,0,0,0,0,0,0,0,-40000,0,0,0,200000,240000,-40000,-40000
054656,深中小元大97購01,0,0,0,0,0,0,0,0,0,-40000,0,0,0,10000,50000,-40000,-40000
053413,台積電國票99購01,0,0,0,0,0,0,0,0,0,-40000,0,0,0,0,40000,-40000,-40000
054810,中橡元大9A購01  ,0,0,0,0,0,0,0,0,0,-40000,0,0,0,0,40000,-40000,-40000
06403P,鴻海元富97售15  ,0,0,0,0,0,0,0,0,0,-40000,0,0,0,0,40000,-40000,-40000
06409P,康友元富97售03  ,0,0,0,0,0,0,0,0,0,-40000,0,0,0,0,40000,-40000,-40000
06728P,全新元大98售03  ,0,0,0,0,0,0,0,0,0,-40000,0,0,0,0,40000,-40000,-40000
2731,雄獅            ,24000,64000,-40000,0,0,0,0,0,0,0,0,0,0,0,0,0,-40000
2908,特力            ,4000,44000,-40000,0,0,0,0,0,0,0,0,0,0,0,0,0,-40000
2888A,新光金甲特      ,0,0,0,0,0,0,0,0,0,-40000,0,40000,-40000,0,0,0,-40000
4526,東台            ,3000,41000,-38000,0,0,0,0,0,0,-2000,0,2000,-2000,0,0,0,-40000
3416,融程電          ,1000,41000,-40000,0,0,0,0,0,0,0,1000,1000,0,0,0,0,-40000
06217P,鴻海元富97售05  ,0,0,0,0,0,0,0,0,0,-41000,0,0,0,0,41000,-41000,-41000
058638,矽力兆豐99購01  ,0,0,0,0,0,0,0,0,0,-41000,0,0,0,290000,331000,-41000,-41000
058075,貿聯凱基99購02  ,0,0,0,0,0,0,0,0,0,-41000,0,0,0,100000,141000,-41000,-41000
054565,玉晶光群益99購02,0,0,0,0,0,0,0,0,0,-41000,0,0,0,1000,42000,-41000,-41000
049004,聯發科中信96購01,0,0,0,0,0,0,0,0,0,-41000,0,0,0,0,41000,-41000,-41000
04842P,群創元大96售02  ,0,0,0,0,0,0,0,0,0,-41000,0,0,0,15000,56000,-41000,-41000
051522,玉晶光凱基95購05,0,0,0,0,0,0,0,0,0,-41000,0,0,0,7000,48000,-41000,-41000
03033X,元展30          ,0,0,0,0,0,0,0,0,0,-41000,0,0,0,1000,42000,-41000,-41000
00685L,群益臺灣加權正2 ,0,0,0,0,0,0,0,0,0,-41000,0,0,0,75000,116000,-41000,-41000
0051,元大中型100     ,0,0,0,0,0,0,0,0,0,-41000,0,0,0,0,41000,-41000,-41000
049583,台積電元大95購04,0,0,0,0,0,0,0,0,0,-41000,0,0,0,45000,86000,-41000,-41000
053438,玉晶光麥證97購02,0,0,0,160000,201000,-41000,0,0,0,-41000,0,0,0,160000,201000,-41000,-41000
053378,台積電元大98購02,0,0,0,0,0,0,0,0,0,-41000,0,0,0,0,41000,-41000,-41000
054632,緯穎凱基9A購01  ,0,0,0,0,0,0,0,0,0,-41000,0,0,0,0,41000,-41000,-41000
6281,全國電          ,15000,47000,-32000,0,0,0,0,0,0,-9000,0,9000,-9000,0,0,0,-41000
07035P,大立光元富99售04,0,0,0,0,0,0,0,0,0,-41000,0,0,0,7000,48000,-41000,-41000
06177P,玉晶光元大98售07,0,0,0,0,0,0,0,0,0,-42000,0,0,0,10000,52000,-42000,-42000
056771,嘉晶元大99購01  ,0,0,0,0,0,0,0,0,0,-42000,0,0,0,28000,70000,-42000,-42000
050784,美律國泰96購01  ,0,0,0,0,0,0,0,0,0,-42000,0,0,0,38000,80000,-42000,-42000
00646,元大S&P500      ,1094000,62000,1032000,0,0,0,0,0,0,-1074000,0,0,0,0,1074000,-1074000,-42000
051416,創意國票96購02  ,0,0,0,0,0,0,0,0,0,-42000,0,0,0,0,42000,-42000,-42000
050378,上証2X群益98購02,0,0,0,0,0,0,0,0,0,-42000,0,0,0,245000,287000,-42000,-42000
049129,S&P反1元大97購01,0,0,0,0,0,0,0,0,0,-42000,0,0,0,0,42000,-42000,-42000
054564,玉晶光群益99購01,0,0,0,0,0,0,0,0,0,-42000,0,0,0,18000,60000,-42000,-42000
05545P,台表科國泰98售01,0,0,0,0,0,0,0,0,0,-42000,0,0,0,18000,60000,-42000,-42000
05395P,旺宏元大96售06  ,0,0,0,0,0,0,0,0,0,-42000,0,0,0,43000,85000,-42000,-42000
07090P,台灣50凱基01售01,0,0,0,0,0,0,0,0,0,-42000,0,0,0,8000,50000,-42000,-42000
06952P,大立光統一9A售03,0,0,0,0,0,0,0,0,0,-42000,0,0,0,0,42000,-42000,-42000
06850P,聯茂元大98售06  ,0,0,0,0,0,0,0,0,0,-42000,0,0,0,0,42000,-42000,-42000
06263P,燿華凱基97售04  ,0,0,0,0,0,0,0,0,0,-42000,0,0,0,0,42000,-42000,-42000
06261P,上銀凱基97售03  ,0,0,0,0,0,0,0,0,0,-42000,0,0,0,0,42000,-42000,-42000
06337P,祥碩元大97售05  ,0,0,0,0,0,0,0,0,0,-42000,0,0,0,488000,530000,-42000,-42000
06588P,台積電元大98售11,0,0,0,0,0,0,0,0,0,-42000,0,0,0,140000,182000,-42000,-42000
3679,新至陞          ,9000,45000,-36000,0,0,0,0,0,0,-6000,0,6000,-6000,0,0,0,-42000
057446,旺宏元富02購01  ,0,0,0,0,0,0,0,0,0,-43000,0,0,0,25000,68000,-43000,-43000
058770,貿聯兆豐9A購01  ,0,0,0,0,0,0,0,0,0,-43000,0,0,0,77000,120000,-43000,-43000
054535,旺宏富邦97購02  ,0,0,0,0,0,0,0,0,0,-43000,0,0,0,7000,50000,-43000,-43000
04759P,台積電凱基94售27,0,0,0,0,0,0,0,0,0,-43000,0,0,0,0,43000,-43000,-43000
046662,大立光元大93購14,0,0,0,0,0,0,0,0,0,-43000,0,0,0,20000,63000,-43000,-43000
052371,元金2X元大95購01,0,0,0,0,0,0,0,0,0,-43000,0,0,0,0,43000,-43000,-43000
053735,矽力中信97購01  ,0,0,0,0,0,0,0,0,0,-43000,0,0,0,0,43000,-43000,-43000
8070,長華*           ,50000,92000,-42000,0,0,0,0,2000,-2000,1000,11000,10000,1000,0,0,0,-43000
06726P,欣興元富98售04  ,0,0,0,0,0,0,0,0,0,-43000,0,0,0,77000,120000,-43000,-43000
3024,憶聲            ,15000,58000,-43000,0,0,0,0,0,0,0,0,0,0,0,0,0,-43000
1517,利奇            ,0,43000,-43000,0,0,0,0,0,0,0,0,0,0,0,0,0,-43000
1323,永裕            ,3000,45000,-42000,0,0,0,0,0,0,-1000,0,1000,-1000,0,0,0,-43000
1340,勝悅-KY         ,30000,72000,-42000,0,0,0,0,0,0,-1000,0,1000,-1000,0,0,0,-43000
06130P,玉晶光元富97售07,0,0,0,0,0,0,0,0,0,-44000,0,0,0,9000,53000,-44000,-44000
058590,南電中信9A購02  ,0,0,0,0,0,0,0,0,0,-44000,0,0,0,6000,50000,-44000,-44000
057366,智邦元大98購08  ,0,0,0,0,0,0,0,0,0,-44000,0,0,0,101000,145000,-44000,-44000
03662C,FBVIX凱基03牛01 ,0,0,0,0,0,0,0,0,0,-44000,0,0,0,7000,51000,-44000,-44000
00689R,國泰20年美債反1 ,0,0,0,0,0,0,0,0,0,-44000,0,0,0,112000,156000,-44000,-44000
054377,臺股指中信99購09,0,0,0,0,0,0,0,0,0,-44000,0,0,0,0,44000,-44000,-44000
04844P,京元電亞東94售01,0,0,0,0,0,0,0,0,0,-44000,0,0,0,0,44000,-44000,-44000
048873,玉晶光國票95購02,0,0,0,0,0,0,0,0,0,-44000,0,0,0,8000,52000,-44000,-44000
04838P,宏達電元大95售02,0,0,0,0,0,0,0,0,0,-44000,0,0,0,0,44000,-44000,-44000
050306,聯發科中信97購01,0,0,0,0,0,0,0,0,0,-44000,0,0,0,0,44000,-44000,-44000
05544P,台表科元富96售01,0,0,0,0,0,0,0,0,0,-44000,0,0,0,0,44000,-44000,-44000
1416,廣豐            ,0,43000,-43000,0,0,0,0,0,0,-1000,0,1000,-1000,0,0,0,-44000
1444,力麗            ,368000,407000,-39000,0,0,0,0,0,0,-5000,0,5000,-5000,0,0,0,-44000
9907,統一實          ,275000,311000,-36000,0,0,0,0,0,0,-8000,0,8000,-8000,0,0,0,-44000
4952,凌通            ,39000,81000,-42000,0,0,0,0,0,0,-2000,0,2000,-2000,0,0,0,-44000
5007,三星            ,3000,47000,-44000,0,0,0,0,0,0,0,0,0,0,0,0,0,-44000
057330,台積電國票99購03,0,0,0,0,0,0,0,0,0,-45000,0,0,0,0,45000,-45000,-45000
057271,國巨元大98購17  ,0,0,0,0,0,0,0,0,0,-45000,0,0,0,0,45000,-45000,-45000
057449,華新科元富99購02,0,0,0,0,0,0,0,0,0,-45000,0,0,0,0,45000,-45000,-45000
057192,力成元大98購01  ,0,0,0,0,0,0,0,0,0,-45000,0,0,0,5000,50000,-45000,-45000
05856P,A50正2中信99售01,0,0,0,0,0,0,0,0,0,-45000,0,0,0,0,45000,-45000,-45000
058309,大毅元大99購02  ,0,0,0,0,0,0,0,0,0,-45000,0,0,0,0,45000,-45000,-45000
058092,牧德元大98購02  ,0,0,0,0,0,0,0,0,0,-45000,0,0,0,0,45000,-45000,-45000
058811,台積電統一9A購05,0,0,0,0,0,0,0,0,0,-45000,0,0,0,5000,50000,-45000,-45000
00733,富邦臺灣中小    ,0,0,0,0,0,0,0,0,0,-45000,0,0,0,210000,255000,-45000,-45000
047603,瑞昱國泰94購01  ,0,0,0,0,0,0,0,0,0,-45000,0,0,0,30000,75000,-45000,-45000
045767,大立光元富95購01,0,0,0,0,0,0,0,0,0,-45000,0,0,0,30000,75000,-45000,-45000
047004,台積電統一99購01,0,0,0,0,0,0,0,0,0,-45000,0,0,0,0,45000,-45000,-45000
048305,深100凱基96購01 ,0,0,0,0,0,0,0,0,0,-45000,0,0,0,0,45000,-45000,-45000
052067,中磊兆豐96購01  ,0,0,0,0,0,0,0,0,0,-45000,0,0,0,8000,53000,-45000,-45000
052323,矽力元大95購04  ,0,0,0,0,0,0,0,0,0,-45000,0,0,0,0,45000,-45000,-45000
05348P,美律元富98售01  ,0,0,0,0,0,0,0,0,0,-45000,0,0,0,35000,80000,-45000,-45000
052201,超眾統一96購01  ,0,0,0,0,0,0,0,0,0,-45000,0,0,0,0,45000,-45000,-45000
055138,大毅永豐97購02  ,0,0,0,0,0,0,0,0,0,-45000,0,0,0,0,45000,-45000,-45000
054975,福懋科元大97購01,0,0,0,0,0,0,0,0,0,-45000,0,0,0,30000,75000,-45000,-45000
4540,全球傳動        ,61000,106000,-45000,0,0,0,0,0,0,0,0,0,0,0,0,0,-45000
3454,晶睿            ,35000,71000,-36000,0,0,0,0,1000,-1000,-8000,0,8000,-8000,0,0,0,-45000
1503,士電            ,32000,38000,-6000,0,0,0,0,0,0,-39000,0,39000,-39000,0,0,0,-45000
1307,三芳            ,17000,62000,-45000,0,0,0,0,0,0,0,0,0,0,0,0,0,-45000
2453,凌群            ,108000,153000,-45000,0,0,0,0,0,0,0,0,0,0,0,0,0,-45000
06954P,大立光元富99售01,0,0,0,0,0,0,0,0,0,-45000,0,0,0,10000,55000,-45000,-45000
06641P,智邦兆豐99售01  ,0,0,0,0,0,0,0,0,0,-45000,0,0,0,20000,65000,-45000,-45000
059011,臺股指元大9A購30,0,0,0,0,0,0,0,0,0,-46000,0,0,0,49000,95000,-46000,-46000
059024,大立光統一9B購04,0,0,0,0,0,0,0,0,0,-46000,0,0,0,30000,76000,-46000,-46000
05695P,台積電凱基96售10,0,0,0,0,0,0,0,0,0,-46000,0,0,0,64000,110000,-46000,-46000
056545,TPK凱基98購02   ,0,0,0,0,0,0,0,0,0,-46000,0,0,0,10000,56000,-46000,-46000
050890,南電富邦99購01  ,0,0,0,0,0,0,0,0,0,-46000,0,0,0,2000,48000,-46000,-46000
050854,世紀鋼國票97購01,0,0,0,0,0,0,0,0,0,-46000,0,0,0,34000,80000,-46000,-46000
05485P,旺宏凱基95售08  ,0,0,0,0,0,0,0,0,0,-46000,0,0,0,49000,95000,-46000,-46000
055411,國巨富邦9A購02  ,0,0,0,0,0,0,0,0,0,-46000,0,0,0,10000,56000,-46000,-46000
06822P,上銀富邦99售03  ,0,0,0,0,0,0,0,0,0,-46000,0,0,0,61000,107000,-46000,-46000
2374,佳能            ,4000,49000,-45000,0,0,0,0,0,0,-1000,0,1000,-1000,0,0,0,-46000
1339,昭輝            ,68000,100000,-32000,0,0,0,0,0,0,-14000,1000,15000,-14000,0,0,0,-46000
08163P,T50正2中信95售01,0,0,0,0,0,0,0,0,0,-46000,0,0,0,0,46000,-46000,-46000
1231,聯華食          ,38000,84000,-46000,0,0,0,0,0,0,0,0,0,0,0,0,0,-46000
3518,柏騰            ,117000,163000,-46000,0,0,0,0,0,0,0,0,0,0,0,0,0,-46000
056599,臻鼎元富98購01  ,0,0,0,0,0,0,0,0,0,-47000,0,0,0,60000,107000,-47000,-47000
056512,易華電永豐98購01,0,0,0,0,0,0,0,0,0,-47000,0,0,0,0,47000,-47000,-47000
06070P,漢唐永豐97售01  ,0,0,0,0,0,0,0,0,0,-47000,0,0,0,0,47000,-47000,-47000
058219,台灣50國票9A購02,0,0,0,0,0,0,0,0,0,-47000,0,0,0,1000,48000,-47000,-47000
049585,旺宏元大95購02  ,0,0,0,0,0,0,0,0,0,-47000,0,0,0,8000,55000,-47000,-47000
048892,台郡元富97購01  ,0,0,0,0,0,0,0,0,0,-47000,0,0,0,3000,50000,-47000,-47000
04846P,旺宏凱基94售07  ,0,0,0,0,0,0,0,0,0,-47000,0,0,0,25000,72000,-47000,-47000
054593,滬深2X永昌9A購01,0,0,0,0,0,0,0,0,0,-47000,0,0,0,6000,53000,-47000,-47000
055565,祥碩凱基97購01  ,0,0,0,0,0,0,0,0,0,-47000,0,0,0,64000,111000,-47000,-47000
053888,和大群益97購01  ,0,0,0,0,0,0,0,0,0,-47000,0,0,0,33000,80000,-47000,-47000
6277,宏正            ,31000,60000,-29000,0,0,0,0,0,0,-18000,0,18000,-18000,0,0,0,-47000
2472,立隆電          ,91000,159000,-68000,0,0,0,0,1000,-1000,22000,39000,17000,22000,0,0,0,-47000
06608P,立積群益99售02  ,0,0,0,0,0,0,0,0,0,-47000,0,0,0,0,47000,-47000,-47000
06199P,聯發科元大97售17,0,0,0,0,0,0,0,0,0,-48000,0,0,0,34000,82000,-48000,-48000
050429,漢唐凱基94購04  ,0,0,0,0,0,0,0,0,0,-48000,0,0,0,20000,68000,-48000,-48000
054241,深中小元大98購01,0,0,0,0,0,0,0,0,0,-48000,0,0,0,20000,68000,-48000,-48000
052482,茂林群益95購01  ,0,0,0,0,0,0,0,0,0,-48000,0,0,0,12000,60000,-48000,-48000
053784,奇力新元大97購02,0,0,0,0,0,0,0,0,0,-48000,0,0,0,100000,148000,-48000,-48000
9925,新保            ,16000,52000,-36000,0,0,0,0,0,0,-12000,0,12000,-12000,0,0,0,-48000
06057P,大立光凱基98售01,0,0,0,0,0,0,0,0,0,-49000,0,0,0,1000,50000,-49000,-49000
06026P,華通台新97售01  ,0,0,0,0,0,0,0,0,0,-49000,0,0,0,0,49000,-49000,-49000
05938P,旺宏凱基96售07  ,0,0,0,0,0,0,0,0,0,-49000,0,0,0,17000,66000,-49000,-49000
058727,嘉晶富邦9A購01  ,0,0,0,0,0,0,0,0,0,-49000,0,0,0,304000,353000,-49000,-49000
058281,奇力新中信99購01,0,0,0,0,0,0,0,0,0,-49000,0,0,0,10000,59000,-49000,-49000
057669,嘉晶元大99購03  ,0,0,0,0,0,0,0,0,0,-49000,0,0,0,313000,362000,-49000,-49000
057782,台積電國票99購07,0,0,0,0,0,0,0,0,0,-49000,0,0,0,9000,58000,-49000,-49000
050594,康友永豐94購01  ,0,0,0,0,0,0,0,0,0,-49000,0,0,0,0,49000,-49000,-49000
050897,嘉晶元大95購03  ,0,0,0,0,0,0,0,0,0,-49000,0,0,0,32000,81000,-49000,-49000
05461P,台積電亞東97售01,0,0,0,0,0,0,0,0,0,-49000,0,0,0,385000,434000,-49000,-49000
052690,台表科元大97購01,0,0,0,0,0,0,0,0,0,-49000,0,0,0,30000,79000,-49000,-49000
05422P,大立光中信97售02,0,0,0,0,0,0,0,0,0,-49000,0,0,0,60000,109000,-49000,-49000
055290,玉晶光元大98購08,0,0,0,0,0,0,0,0,0,-49000,0,0,0,4000,53000,-49000,-49000
9905,大華            ,3000,51000,-48000,0,0,0,0,0,0,-1000,0,1000,-1000,0,0,0,-49000
3055,蔚華科          ,32000,44000,-12000,0,0,0,0,0,0,-37000,0,37000,-37000,0,0,0,-49000
057717,友訊元富98購02  ,0,0,0,0,0,0,0,0,0,-50000,0,0,0,10000,60000,-50000,-50000
057548,微星凱基99購01  ,0,0,0,0,0,0,0,0,0,-50000,0,0,0,0,50000,-50000,-50000
057212,台積電群益98購03,0,0,0,0,0,0,0,0,0,-50000,0,0,0,0,50000,-50000,-50000
057069,台積電永豐98購02,0,0,0,0,0,0,0,0,0,-50000,0,0,0,8000,58000,-50000,-50000
057114,台虹群益98購01  ,0,0,0,0,0,0,0,0,0,-50000,0,0,0,20000,70000,-50000,-50000
057451,大立光元富9B購01,0,0,0,0,0,0,0,0,0,-50000,0,0,0,60000,110000,-50000,-50000
057406,茂林群益98購03  ,0,0,0,0,0,0,0,0,0,-50000,0,0,0,0,50000,-50000,-50000
057264,新光金兆豐98購01,0,0,0,0,0,0,0,0,0,-50000,0,0,0,0,50000,-50000,-50000
057279,國揚元大98購01  ,0,0,0,0,0,0,0,0,0,-50000,0,0,0,0,50000,-50000,-50000
056227,奇力新凱基98購04,0,0,0,0,0,0,0,0,0,-50000,0,0,0,0,50000,-50000,-50000
056285,可成永豐97購02  ,0,0,0,0,0,0,0,0,0,-50000,0,0,0,0,50000,-50000,-50000
057023,美律凱基99購02  ,0,0,0,0,0,0,0,0,0,-50000,0,0,0,60000,110000,-50000,-50000
056915,上銀兆豐99購01  ,0,0,0,0,0,0,0,0,0,-50000,0,0,0,5000,55000,-50000,-50000
056639,國產康和98購01  ,0,0,0,0,0,0,0,0,0,-50000,0,0,0,50000,100000,-50000,-50000
058247,聯茂元大99購04  ,0,0,0,0,0,0,0,0,0,-50000,0,0,0,28000,78000,-50000,-50000
058070,華新科凱基98購07,0,0,0,0,0,0,0,0,0,-50000,0,0,0,0,50000,-50000,-50000
058722,台郡元富99購01  ,0,0,0,0,0,0,0,0,0,-50000,0,0,0,0,50000,-50000,-50000
059003,中壽元大99購01  ,0,0,0,0,0,0,0,0,0,-50000,0,0,0,30000,80000,-50000,-50000
058969,亞德客永豐99購01,0,0,0,0,0,0,0,0,0,-50000,0,0,0,27000,77000,-50000,-50000
058902,聯發科元大99購15,0,0,0,0,0,0,0,0,0,-50000,0,0,0,78000,128000,-50000,-50000
058925,旭富元富99購02  ,0,0,0,0,0,0,0,0,0,-50000,0,0,0,0,50000,-50000,-50000
059092,聯陽元大99購01  ,0,0,0,0,0,0,0,0,0,-50000,0,0,0,0,50000,-50000,-50000
06053P,緯穎國票97售05  ,0,0,0,0,0,0,0,0,0,-50000,0,0,0,0,50000,-50000,-50000
050887,台積電富邦95購05,0,0,0,0,0,0,0,0,0,-50000,0,0,0,40000,90000,-50000,-50000
050921,旺宏凱基95購02  ,0,0,0,0,0,0,0,0,0,-50000,0,0,0,0,50000,-50000,-50000
049612,香港反中信96購01,0,0,0,0,0,0,0,0,0,-50000,0,0,0,5000,55000,-50000,-50000
050998,訊連元大95購01  ,0,0,0,0,0,0,0,0,0,-50000,0,0,0,10000,60000,-50000,-50000
049313,晶技凱基94購01  ,0,0,0,0,0,0,0,0,0,-50000,0,0,0,0,50000,-50000,-50000
044216,華新科凱基93購02,0,0,0,0,0,0,0,0,0,-50000,0,0,0,0,50000,-50000,-50000
047140,滬深2X兆豐94購01,0,0,0,0,0,0,0,0,0,-50000,0,0,0,0,50000,-50000,-50000
045535,A50正2群益94購01,0,0,0,0,0,0,0,0,0,-50000,0,0,0,0,50000,-50000,-50000
038095,T50反1群益93購02,0,0,0,0,0,0,0,0,0,-50000,0,0,0,0,50000,-50000,-50000
03421B,臺股指元大99熊01,0,0,0,0,0,0,0,0,0,-50000,0,0,0,3000,53000,-50000,-50000
03422B,臺股指凱基96熊28,0,0,0,0,0,0,0,0,0,-50000,0,0,0,0,50000,-50000,-50000
03181P,台灣50元大01售40,0,0,0,0,0,0,0,0,0,-50000,0,0,0,0,50000,-50000,-50000
042719,臺指反群益93購01,0,0,0,0,0,0,0,0,0,-50000,0,0,0,30000,80000,-50000,-50000
050641,上証反凱基96購01,0,0,0,0,0,0,0,0,0,-50000,0,0,0,0,50000,-50000,-50000
051300,台光電凱基96購02,0,0,0,0,0,0,0,0,0,-50000,0,0,0,0,50000,-50000,-50000
049671,上証2X富邦95購01,0,0,0,0,0,0,0,0,0,-50000,0,0,0,0,50000,-50000,-50000
050665,南電台新94購01  ,0,0,0,0,0,0,0,0,0,-50000,0,0,0,0,50000,-50000,-50000
050744,健策永豐94購04  ,0,0,0,0,0,0,0,0,0,-50000,0,0,0,50000,100000,-50000,-50000
050367,鴻海元大94購20  ,0,0,0,0,0,0,0,0,0,-50000,0,0,0,1000,51000,-50000,-50000
051101,台表科元大96購02,0,0,0,0,0,0,0,0,0,-50000,0,0,0,0,50000,-50000,-50000
051073,同欣電國票96購01,0,0,0,0,0,0,0,0,0,-50000,0,0,0,0,50000,-50000,-50000
04843P,致新元大94售02  ,0,0,0,0,0,0,0,0,0,-50000,0,0,0,0,50000,-50000,-50000
049024,玉晶光群益97購01,0,0,0,0,0,0,0,0,0,-50000,0,0,0,2000,52000,-50000,-50000
049270,台表科元大95購02,0,0,0,0,0,0,0,0,0,-50000,0,0,0,32000,82000,-50000,-50000
050016,緯穎富邦95購01  ,0,0,0,0,0,0,0,0,0,-50000,0,0,0,0,50000,-50000,-50000
048504,A50正2中信95購01,0,0,0,0,0,0,0,0,0,-50000,0,0,0,0,50000,-50000,-50000
054371,台積電中信9C購01,0,0,0,0,0,0,0,0,0,-50000,0,0,0,10000,60000,-50000,-50000
054011,旺宏永豐96購05  ,0,0,0,0,0,0,0,0,0,-50000,0,0,0,0,50000,-50000,-50000
053333,新唐永豐96購01  ,0,0,0,0,0,0,0,0,0,-50000,0,0,0,0,50000,-50000,-50000
050107,鴻海元大94購12  ,0,0,0,0,0,0,0,0,0,-50000,0,0,0,0,50000,-50000,-50000
052126,群創國票97購01  ,0,0,0,0,0,0,0,0,0,-50000,0,0,0,0,50000,-50000,-50000
052120,友達國票96購01  ,0,0,0,0,0,0,0,0,0,-50000,0,0,0,60000,110000,-50000,-50000
054796,康普群益98購01  ,0,0,0,0,0,0,0,0,0,-50000,0,0,0,0,50000,-50000,-50000
053501,明泰兆豐96購01  ,0,0,0,0,0,0,0,0,0,-50000,0,0,0,0,50000,-50000,-50000
053510,聯電群益97購01  ,0,0,0,0,0,0,0,0,0,-50000,0,0,0,10000,60000,-50000,-50000
054069,亞光國泰98購01  ,0,0,0,0,0,0,0,0,0,-50000,0,0,0,30000,80000,-50000,-50000
05410P,聯發科元富95售04,0,0,0,0,0,0,0,0,0,-50000,0,0,0,0,50000,-50000,-50000
054173,奇力新台新97購02,0,0,0,0,0,0,0,0,0,-50000,0,0,0,0,50000,-50000,-50000
053868,群創元大99購02  ,0,0,0,0,0,0,0,0,0,-50000,0,0,0,0,50000,-50000,-50000
053427,鎧勝永豐96購02  ,0,0,0,0,0,0,0,0,0,-50000,0,0,0,50000,100000,-50000,-50000
054313,麗豐凱基96購02  ,0,0,0,0,0,0,0,0,0,-50000,0,0,0,0,50000,-50000,-50000
052478,大立光群益95購05,0,0,0,0,0,0,0,0,0,-50000,0,0,0,0,50000,-50000,-50000
053601,台表科元大98購01,0,0,0,0,0,0,0,0,0,-50000,0,0,0,0,50000,-50000,-50000
053632,新唐兆豐96購01  ,0,0,0,0,0,0,0,0,0,-50000,0,0,0,200000,250000,-50000,-50000
051904,深100元大95購01 ,0,0,0,0,0,0,0,0,0,-50000,0,0,0,0,50000,-50000,-50000
051683,A50正2凱基97購01,0,0,0,0,0,0,0,0,0,-50000,0,0,0,0,50000,-50000,-50000
054843,中環兆豐97購01  ,0,0,0,0,0,0,0,0,0,-50000,0,0,0,100000,150000,-50000,-50000
055089,金寶群益98購01  ,0,0,0,0,0,0,0,0,0,-50000,0,0,0,0,50000,-50000,-50000
055124,建準兆豐97購01  ,0,0,0,0,0,0,0,0,0,-50000,0,0,0,0,50000,-50000,-50000
054961,玉晶光元大99購01,0,0,0,0,0,0,0,0,0,-50000,0,0,0,134000,184000,-50000,-50000
055024,興勤國泰98購01  ,0,0,0,0,0,0,0,0,0,-50000,0,0,0,250000,300000,-50000,-50000
054740,強茂凱基99購01  ,0,0,0,0,0,0,0,0,0,-50000,0,0,0,0,50000,-50000,-50000
054605,鴻海永豐97購01  ,0,0,0,0,0,0,0,0,0,-50000,0,0,0,0,50000,-50000,-50000
056068,欣興元大97購05  ,0,0,0,0,0,0,0,0,0,-50000,0,0,0,5000,55000,-50000,-50000
056054,亞德客元大97購05,0,0,0,0,0,0,0,0,0,-50000,0,0,0,0,50000,-50000,-50000
056151,建準凱基97購01  ,0,0,0,0,0,0,0,0,0,-50000,0,0,0,0,50000,-50000,-50000
056115,奇力新群益97購06,0,0,0,0,0,0,0,0,0,-50000,0,0,0,0,50000,-50000,-50000
054619,昇陽半永豐97購03,0,0,0,0,0,0,0,0,0,-50000,0,0,0,0,50000,-50000,-50000
051610,GIS群益95購02   ,0,0,0,0,0,0,0,0,0,-50000,0,0,0,0,50000,-50000,-50000
055380,智易元大98購02  ,0,0,0,0,0,0,0,0,0,-50000,0,0,0,0,50000,-50000,-50000
055508,矽力元大97購01  ,0,0,0,0,0,0,0,0,0,-50000,0,0,0,20000,70000,-50000,-50000
2450,神腦            ,26000,52000,-26000,0,0,0,0,0,0,-24000,0,24000,-24000,0,0,0,-50000
06556P,臺股指元大99售08,0,0,0,0,0,0,0,0,0,-50000,0,0,0,0,50000,-50000,-50000
06989P,鴻海元富99售10  ,0,0,0,0,0,0,0,0,0,-50000,0,0,0,0,50000,-50000,-50000
06993P,鴻海凱基99售05  ,0,0,0,0,0,0,0,0,0,-50000,0,0,0,30000,80000,-50000,-50000
059088,台積電元大99購27,0,0,0,0,0,0,0,0,0,-51000,0,0,0,4000,55000,-51000,-51000
06183P,大立光元大97售05,0,0,0,0,0,0,0,0,0,-51000,0,0,0,459000,510000,-51000,-51000
058898,台積電元大99購20,0,0,0,0,0,0,0,0,0,-51000,0,0,0,213000,264000,-51000,-51000
058956,健策國票9A購02  ,0,0,0,0,0,0,0,0,0,-51000,0,0,0,0,51000,-51000,-51000
058413,義隆兆豐99購01  ,0,0,0,0,0,0,0,0,0,-51000,0,0,0,30000,81000,-51000,-51000
054363,世芯凱基97購01  ,0,0,0,0,0,0,0,0,0,-51000,0,0,0,62000,113000,-51000,-51000
04926P,聯發科凱基95售03,0,0,0,0,0,0,0,0,0,-51000,0,0,0,0,51000,-51000,-51000
04881P,高股息凱基96售01,0,0,0,0,0,0,0,0,0,-51000,0,0,0,860000,911000,-51000,-51000
053256,上銀富邦98購01  ,0,0,0,0,0,0,0,0,0,-51000,0,0,0,5000,56000,-51000,-51000
056131,鴻海元大97購12  ,0,0,0,0,0,0,0,0,0,-51000,0,0,0,21000,72000,-51000,-51000
055754,和大兆豐97購01  ,0,0,0,0,0,0,0,0,0,-51000,0,0,0,0,51000,-51000,-51000
052707,景碩台新96購01  ,0,0,0,0,0,0,0,0,0,-51000,0,0,0,14000,65000,-51000,-51000
055598,欣興元大97購03  ,0,0,0,0,0,0,0,0,0,-51000,0,0,0,10000,61000,-51000,-51000
05486P,大立光凱基95售14,0,0,0,0,0,0,0,0,0,-51000,0,0,0,150000,201000,-51000,-51000
051701,華通群益97購01  ,0,0,0,0,0,0,0,0,0,-51000,0,0,0,11000,62000,-51000,-51000
054142,致伸元大97購01  ,0,0,0,0,0,0,0,0,0,-51000,0,0,0,0,51000,-51000,-51000
06988P,鴻海元富99售09  ,0,0,0,0,0,0,0,0,0,-51000,0,0,0,0,51000,-51000,-51000
07089P,臺指2X中信01售01,0,0,0,0,0,0,0,0,0,-51000,0,0,0,0,51000,-51000,-51000
07022P,嘉晶永豐99售02  ,0,0,0,0,0,0,0,0,0,-51000,0,0,0,63000,114000,-51000,-51000
3050,鈺德            ,27000,78000,-51000,0,0,0,0,0,0,0,0,0,0,0,0,0,-51000
07128P,大毅元大99售04  ,0,0,0,0,0,0,0,0,0,-51000,0,0,0,15000,66000,-51000,-51000
1737,臺鹽            ,42000,93000,-51000,0,0,0,0,0,0,0,0,0,0,0,0,0,-51000
6525,捷敏-KY         ,64000,115000,-51000,0,0,0,0,0,0,0,0,0,0,0,0,0,-51000
058445,旺宏富邦9C購01  ,0,0,0,0,0,0,0,0,0,-52000,0,0,0,0,52000,-52000,-52000
05890P,彩晶元大99售01  ,0,0,0,0,0,0,0,0,0,-52000,0,0,0,0,52000,-52000,-52000
06194P,台積電元富97售05,0,0,0,0,0,0,0,0,0,-52000,0,0,0,342000,394000,-52000,-52000
054356,可成兆豐97購01  ,0,0,0,0,0,0,0,0,0,-52000,0,0,0,10000,62000,-52000,-52000
03425B,臺股指元大9A熊01,0,0,0,0,0,0,0,0,0,-52000,0,0,0,7000,59000,-52000,-52000
03860P,群創元富97售01  ,0,0,0,0,0,0,0,0,0,-52000,0,0,0,0,52000,-52000,-52000
05196P,台積電永豐95售03,0,0,0,0,0,0,0,0,0,-52000,0,0,0,0,52000,-52000,-52000
055724,祥碩元大97購03  ,0,0,0,0,0,0,0,0,0,-52000,0,0,0,34000,86000,-52000,-52000
05272P,臻鼎中信97售03  ,0,0,0,0,0,0,0,0,0,-52000,0,0,0,53000,105000,-52000,-52000
055911,可成凱基98購02  ,0,0,0,0,0,0,0,0,0,-52000,0,0,0,0,52000,-52000,-52000
4426,利勤            ,206000,258000,-52000,0,0,0,0,0,0,0,0,0,0,0,0,0,-52000
1467,南緯            ,0,52000,-52000,0,0,0,0,0,0,0,0,0,0,0,0,0,-52000
07065P,臺股指元大9A售26,0,0,0,0,0,0,0,0,0,-52000,0,0,0,766000,818000,-52000,-52000
06959P,鴻海凱基9A售02  ,0,0,0,0,0,0,0,0,0,-52000,0,0,0,0,52000,-52000,-52000
06550P,健策元大99售01  ,0,0,0,0,0,0,0,0,0,-52000,0,0,0,285000,337000,-52000,-52000
06594P,立積元大98售01  ,0,0,0,0,0,0,0,0,0,-52000,0,0,0,150000,202000,-52000,-52000
1722,台肥            ,1242000,1123400,118600,0,0,0,0,1000,-1000,-170000,0,169000,-169000,0,1000,-1000,-52400
058354,台積電凱基9A購06,0,0,0,0,0,0,0,0,0,-53000,0,0,0,475000,528000,-53000,-53000
058615,矽創元大99購01  ,0,0,0,0,0,0,0,0,0,-53000,0,0,0,121000,174000,-53000,-53000
05663P,創意元富96售04  ,0,0,0,0,0,0,0,0,0,-53000,0,0,0,41000,94000,-53000,-53000
057049,新日興元大98購02,0,0,0,0,0,0,0,0,0,-53000,0,0,0,12000,65000,-53000,-53000
057116,鴻海日盛9A購01  ,0,0,0,0,0,0,0,0,0,-53000,0,0,0,45000,98000,-53000,-53000
05209P,鴻海凱基96售09  ,0,0,0,0,0,0,0,0,0,-53000,0,0,0,200000,253000,-53000,-53000
05263P,台積電元大96售09,0,0,0,0,0,0,0,0,0,-53000,0,0,0,1229000,1282000,-53000,-53000
051577,台積電元大97購03,0,0,0,0,0,0,0,0,0,-53000,0,0,0,28000,81000,-53000,-53000
4737,華廣            ,11000,66000,-55000,0,0,0,0,0,0,2000,2000,0,2000,0,0,0,-53000
6115,鎰勝            ,29000,62000,-33000,0,0,0,0,0,0,-20000,1000,21000,-20000,0,0,0,-53000
056774,和鑫元大98購01  ,0,0,0,0,0,0,0,0,0,-54000,0,0,0,10000,64000,-54000,-54000
06089P,矽創永豐97售01  ,0,0,0,0,0,0,0,0,0,-54000,0,0,0,11000,65000,-54000,-54000
05989P,健策元富96售01  ,0,0,0,0,0,0,0,0,0,-54000,0,0,0,50000,104000,-54000,-54000
058996,台達電元大99購02,0,0,0,0,0,0,0,0,0,-54000,0,0,0,0,54000,-54000,-54000
054025,鴻海凱基96購17  ,0,0,0,0,0,0,0,0,0,-54000,0,0,0,25000,79000,-54000,-54000
051103,緯穎元大96購03  ,0,0,0,0,0,0,0,0,0,-54000,0,0,0,50000,104000,-54000,-54000
05300P,健策元大95售02  ,0,0,0,0,0,0,0,0,0,-54000,0,0,0,130000,184000,-54000,-54000
052771,GIS群益96購01   ,0,0,0,0,0,0,0,0,0,-54000,0,0,0,40000,94000,-54000,-54000
058923,華新科元富99購06,0,0,0,0,0,0,0,0,0,-55000,0,0,0,20000,75000,-55000,-55000
06234P,亞德客元大97售02,0,0,0,0,0,0,0,0,0,-55000,0,0,0,0,55000,-55000,-55000
057894,華通元富02購02  ,0,0,0,0,0,0,0,0,0,-55000,0,0,0,0,55000,-55000,-55000
057027,祥碩凱基98購01  ,0,0,0,0,0,0,0,0,0,-55000,0,0,0,15000,70000,-55000,-55000
056425,聯發科日盛9A購01,0,0,0,0,0,0,0,0,0,-55000,0,0,0,0,55000,-55000,-55000
057252,牧德元富98購01  ,0,0,0,0,0,0,0,0,0,-55000,0,0,0,0,55000,-55000,-55000
057261,瑞昱兆豐98購01  ,0,0,0,0,0,0,0,0,0,-55000,0,0,0,0,55000,-55000,-55000
057600,大立光群益99購03,0,0,0,0,0,0,0,0,0,-55000,0,0,0,10000,65000,-55000,-55000
057580,玉山金中信9A購01,0,0,0,0,0,0,0,0,0,-55000,0,0,0,0,55000,-55000,-55000
054039,元油反元大96購08,0,0,0,0,0,0,0,0,0,-55000,0,0,0,15000,70000,-55000,-55000
048874,玉晶光國票96購01,0,0,0,0,0,0,0,0,0,-55000,0,0,0,0,55000,-55000,-55000
039212,台達電台新9A購01,0,0,0,0,0,0,0,0,0,-55000,0,0,0,0,55000,-55000,-55000
04028P,燿華凱基94售02  ,0,0,0,0,0,0,0,0,0,-55000,0,0,0,10000,65000,-55000,-55000
03417B,臺股指凱基95熊19,0,0,0,0,0,0,0,0,0,-55000,0,0,0,0,55000,-55000,-55000
04543P,鴻海富邦95售03  ,0,0,0,0,0,0,0,0,0,-55000,0,0,0,65000,120000,-55000,-55000
04618P,電子類群益94售02,0,0,0,0,0,0,0,0,0,-55000,0,0,0,9000,64000,-55000,-55000
047154,新光金國票95購01,0,0,0,0,0,0,0,0,0,-55000,0,0,0,0,55000,-55000,-55000
049597,泰鼎元大96購01  ,0,0,0,0,0,0,0,0,0,-55000,0,0,0,10000,65000,-55000,-55000
055901,超眾中信97購01  ,0,0,0,0,0,0,0,0,0,-55000,0,0,0,0,55000,-55000,-55000
052859,國巨凱基96購07  ,0,0,0,0,0,0,0,0,0,-55000,0,0,0,0,55000,-55000,-55000
055431,和鑫群益98購01  ,0,0,0,0,0,0,0,0,0,-55000,0,0,0,0,55000,-55000,-55000
055160,玉晶光元大99購03,0,0,0,0,0,0,0,0,0,-55000,0,0,0,67000,122000,-55000,-55000
054107,上銀凱基97購01  ,0,0,0,0,0,0,0,0,0,-55000,0,0,0,0,55000,-55000,-55000
8249,菱光            ,5000,60000,-55000,0,0,0,0,0,0,0,0,0,0,0,0,0,-55000
1321,大洋            ,34000,84000,-50000,0,0,0,0,0,0,-5000,5000,10000,-5000,0,0,0,-55000
07145P,為升元大99售03  ,0,0,0,0,0,0,0,0,0,-55000,0,0,0,0,55000,-55000,-55000
06475P,牧德永豐98售03  ,0,0,0,0,0,0,0,0,0,-55000,0,0,0,10000,65000,-55000,-55000
057866,玉山金凱基98購01,0,0,0,0,0,0,0,0,0,-56000,0,0,0,10000,66000,-56000,-56000
056994,緯穎兆豐98購02  ,0,0,0,0,0,0,0,0,0,-56000,0,0,0,306000,362000,-56000,-56000
06021P,世紀鋼元富96售03,0,0,0,0,0,0,0,0,0,-56000,0,0,0,340000,396000,-56000,-56000
058921,聯發科元富03購01,0,0,0,0,0,0,0,0,0,-56000,0,0,0,0,56000,-56000,-56000
058928,國巨統一9C購01  ,0,0,0,0,0,0,0,0,0,-56000,0,0,0,0,56000,-56000,-56000
0052,富邦科技        ,13000,14000,-1000,0,0,0,0,0,0,-55000,0,0,0,107000,162000,-55000,-56000
050229,鴻海麥證94購02  ,0,0,0,0,56000,-56000,0,0,0,-56000,0,0,0,0,56000,-56000,-56000
05366P,鴻海元富95售12  ,0,0,0,0,0,0,0,0,0,-56000,0,0,0,62000,118000,-56000,-56000
053708,道瓊反凱基98購01,0,0,0,0,0,0,0,0,0,-56000,0,0,0,3000,59000,-56000,-56000
052962,台積電凱基97購03,0,0,0,0,0,0,0,0,0,-56000,0,0,0,10000,66000,-56000,-56000
06400P,鴻海元富97售12  ,0,0,0,0,0,0,0,0,0,-56000,0,0,0,0,56000,-56000,-56000
07020P,玉晶光台新99售02,0,0,0,0,0,0,0,0,0,-56000,0,0,0,482000,538000,-56000,-56000
2430,燦坤            ,2000,53000,-51000,0,0,0,0,0,0,-5000,0,5000,-5000,0,0,0,-56000
9908,大台北          ,47000,67000,-20000,0,0,0,0,0,0,-36000,4000,40000,-36000,0,0,0,-56000
059048,元油2X凱基9A購11,0,0,0,0,0,0,0,0,0,-57000,0,0,0,0,57000,-57000,-57000
06097P,茂林永豐97售01  ,0,0,0,0,0,0,0,0,0,-57000,0,0,0,0,57000,-57000,-57000
058245,訊連元大99購01  ,0,0,0,0,0,0,0,0,0,-57000,0,0,0,9000,66000,-57000,-57000
05669P,嘉晶永豐96售03  ,0,0,0,0,0,0,0,0,0,-57000,0,0,0,57000,114000,-57000,-57000
056290,正文永豐98購01  ,0,0,0,0,0,0,0,0,0,-57000,0,0,0,26000,83000,-57000,-57000
048848,滬深2X群益98購02,0,0,0,0,0,0,0,0,0,-57000,0,0,0,20000,77000,-57000,-57000
042692,台灣50凱基96購09,0,0,0,0,0,0,0,0,0,-57000,0,0,0,155000,212000,-57000,-57000
056140,康控元大98購01  ,0,0,0,0,0,0,0,0,0,-57000,0,0,0,11000,68000,-57000,-57000
05246P,南電元大95售04  ,0,0,0,0,0,0,0,0,0,-57000,0,0,0,50000,107000,-57000,-57000
5608,四維航          ,12000,61000,-49000,0,0,0,0,0,0,-8000,0,8000,-8000,0,0,0,-57000
1460,宏遠            ,188000,245000,-57000,0,0,0,0,0,0,0,0,0,0,0,0,0,-57000
2029,盛餘            ,6000,63000,-57000,0,0,0,0,0,0,0,0,0,0,0,0,0,-57000
2030,彰源            ,51000,108000,-57000,0,0,0,0,0,0,0,0,0,0,0,0,0,-57000
058927,勤誠元富99購02  ,0,0,0,0,0,0,0,0,0,-58000,0,0,0,0,58000,-58000,-58000
05888P,友達元大97售01  ,0,0,0,0,0,0,0,0,0,-58000,0,0,0,40000,98000,-58000,-58000
052104,英業達兆豐96購01,0,0,0,0,0,0,0,0,0,-58000,0,0,0,288000,346000,-58000,-58000
051505,台積電元富95購05,0,0,0,0,0,0,0,0,0,-58000,0,0,0,65000,123000,-58000,-58000
05470P,康控元大95售05  ,0,0,0,0,0,0,0,0,0,-58000,0,0,0,10000,68000,-58000,-58000
06880P,鈺齊凱基98售03  ,0,0,0,0,0,0,0,0,0,-58000,0,0,0,0,58000,-58000,-58000
06347P,祥碩元富97售02  ,0,0,0,0,0,0,0,0,0,-58000,0,0,0,184000,242000,-58000,-58000
3617,碩天            ,65000,116000,-51000,0,0,0,0,3000,-3000,-4000,2000,6000,-4000,0,0,0,-58000
059109,台積電富邦9C購03,0,0,0,0,0,0,0,0,0,-59000,0,0,0,0,59000,-59000,-59000
057028,台郡凱基99購02  ,0,0,0,0,0,0,0,0,0,-59000,0,0,0,4000,63000,-59000,-59000
056848,泰鼎元富98購01  ,0,0,0,0,0,0,0,0,0,-59000,0,0,0,17000,76000,-59000,-59000
054576,健策元大98購03  ,0,0,0,0,0,0,0,0,0,-59000,0,0,0,0,59000,-59000,-59000
00709,富邦歐洲        ,0,0,0,0,0,0,0,0,0,-59000,0,0,0,100000,159000,-59000,-59000
047074,大立光兆豐94購02,0,0,0,0,0,0,0,0,0,-59000,0,0,0,30000,89000,-59000,-59000
054669,凌華元富97購01  ,0,0,0,0,0,0,0,0,0,-59000,0,0,0,112000,171000,-59000,-59000
052647,晶技永豐97購01  ,0,0,0,0,0,0,0,0,0,-59000,0,0,0,10000,69000,-59000,-59000
1702,南僑            ,57000,113000,-56000,0,0,0,0,2000,-2000,-1000,1000,2000,-1000,0,0,0,-59000
056962,技嘉永豐98購01  ,0,0,0,0,0,0,0,0,0,-60000,0,0,0,0,60000,-60000,-60000
056658,美食元大98購01  ,0,0,0,0,0,0,0,0,0,-60000,0,0,0,150000,210000,-60000,-60000
056789,和碩群益98購01  ,0,0,0,0,0,0,0,0,0,-60000,0,0,0,0,60000,-60000,-60000
056395,玉晶光永豐9B購01,0,0,0,0,0,0,0,0,0,-60000,0,0,0,2000,62000,-60000,-60000
056388,勤誠國泰99購01  ,0,0,0,0,0,0,0,0,0,-60000,0,0,0,0,60000,-60000,-60000
056573,華新科元大99購06,0,0,0,0,0,0,0,0,0,-60000,0,0,0,10000,70000,-60000,-60000
057788,嘉聯益國票99購01,0,0,0,0,0,0,0,0,0,-60000,0,0,0,0,60000,-60000,-60000
057570,技嘉永豐98購02  ,0,0,0,0,0,0,0,0,0,-60000,0,0,0,0,60000,-60000,-60000
057176,全新元大99購02  ,0,0,0,0,0,0,0,0,0,-60000,0,0,0,20000,80000,-60000,-60000
057170,瑞昱元大98購01  ,0,0,0,0,0,0,0,0,0,-60000,0,0,0,12000,72000,-60000,-60000
057099,元油2X中信9B購03,0,0,0,0,0,0,0,0,0,-60000,0,0,0,50000,110000,-60000,-60000
059054,國巨凱基99購11  ,0,0,0,0,0,0,0,0,0,-60000,0,0,0,0,60000,-60000,-60000
06102P,智邦凱基97售03  ,0,0,0,0,0,0,0,0,0,-60000,0,0,0,0,60000,-60000,-60000
059009,世紀鋼元大99購04,0,0,0,0,0,0,0,0,0,-60000,0,0,0,126000,186000,-60000,-60000
058987,華新科凱基9B購01,0,0,0,0,0,0,0,0,0,-60000,0,0,0,0,60000,-60000,-60000
058140,臻鼎元大99購02  ,0,0,0,0,0,0,0,0,0,-60000,0,0,0,0,60000,-60000,-60000
058408,華通兆豐99購02  ,0,0,0,0,0,0,0,0,0,-60000,0,0,0,75000,135000,-60000,-60000
058398,中環元大99購02  ,0,0,0,0,0,0,0,0,0,-60000,0,0,0,30000,90000,-60000,-60000
058396,力山元大99購01  ,0,0,0,0,0,0,0,0,0,-60000,0,0,0,0,60000,-60000,-60000
04687P,全新凱基94售02  ,0,0,0,0,0,0,0,0,0,-60000,0,0,0,0,60000,-60000,-60000
048105,滬深2X群益99購02,0,0,0,0,0,0,0,0,0,-60000,0,0,0,0,60000,-60000,-60000
048128,超眾元大95購01  ,0,0,0,0,0,0,0,0,0,-60000,0,0,0,0,60000,-60000,-60000
04603P,訊芯凱基94售03  ,0,0,0,0,0,0,0,0,0,-60000,0,0,0,0,60000,-60000,-60000
049488,智邦元大95購01  ,0,0,0,0,0,0,0,0,0,-60000,0,0,0,0,60000,-60000,-60000
048284,臺股指中信95購04,0,0,0,0,0,0,0,0,0,-60000,0,0,0,0,60000,-60000,-60000
04727P,臺股指凱基96售03,0,0,0,0,0,0,0,0,0,-60000,0,0,0,10000,70000,-60000,-60000
047569,世紀鋼國票94購02,0,0,0,0,0,0,0,0,0,-60000,0,0,0,80000,140000,-60000,-60000
047482,新光金凱基99購03,0,0,0,0,0,0,0,0,0,-60000,0,0,0,0,60000,-60000,-60000
04782P,智伸科統一96售01,0,0,0,0,0,0,0,0,0,-60000,0,0,0,0,60000,-60000,-60000
048010,嘉聯益富邦97購01,0,0,0,0,0,0,0,0,0,-60000,0,0,0,0,60000,-60000,-60000
048058,大立光國泰95購01,0,0,0,0,0,0,0,0,0,-60000,0,0,0,10000,70000,-60000,-60000
054580,樺漢元大98購01  ,0,0,0,0,0,0,0,0,0,-60000,0,0,0,0,60000,-60000,-60000
054510,S&P反1元大98購01,0,0,0,0,0,0,0,0,0,-60000,0,0,0,0,60000,-60000,-60000
053305,聯詠凱基96購02  ,0,0,0,0,0,0,0,0,0,-60000,0,0,0,0,60000,-60000,-60000
048797,美律國泰95購02  ,0,0,0,0,0,0,0,0,0,-60000,0,0,0,0,60000,-60000,-60000
04845P,台積電凱基94售33,0,0,0,0,0,0,0,0,0,-60000,0,0,0,0,60000,-60000,-60000
04840P,大立光元大94售18,0,0,0,0,0,0,0,0,0,-60000,0,0,0,10000,70000,-60000,-60000
051421,彩晶國票95購01  ,0,0,0,0,0,0,0,0,0,-60000,0,0,0,0,60000,-60000,-60000
051535,新日興國票96購01,0,0,0,0,0,0,0,0,0,-60000,0,0,0,5000,65000,-60000,-60000
051277,聯發科中信9A購01,0,0,0,0,0,0,0,0,0,-60000,0,0,0,0,60000,-60000,-60000
050220,台積電元富96購01,0,0,0,0,0,0,0,0,0,-60000,0,0,0,0,60000,-60000,-60000
050780,台表科元大96購01,0,0,0,0,0,0,0,0,0,-60000,0,0,0,0,60000,-60000,-60000
052661,奇力新國票97購03,0,0,0,0,0,0,0,0,0,-60000,0,0,0,0,60000,-60000,-60000
052740,聯發科元大96購07,0,0,0,0,0,0,0,0,0,-60000,0,0,0,0,60000,-60000,-60000
056152,可成凱基97購02  ,0,0,0,0,0,0,0,0,0,-60000,0,0,0,0,60000,-60000,-60000
05618P,聯發科元富96售02,0,0,0,0,0,0,0,0,0,-60000,0,0,0,151000,211000,-60000,-60000
056008,全新中信9B購01  ,0,0,0,0,0,0,0,0,0,-60000,0,0,0,0,60000,-60000,-60000
053797,台積電中信98購01,0,0,0,0,0,0,0,0,0,-60000,0,0,0,0,60000,-60000,-60000
053006,玉晶光永豐96購03,0,0,0,0,0,0,0,0,0,-60000,0,0,0,24000,84000,-60000,-60000
053047,寶成中信97購01  ,0,0,0,0,0,0,0,0,0,-60000,0,0,0,0,60000,-60000,-60000
055482,聚陽元大97購02  ,0,0,0,0,0,0,0,0,0,-60000,0,0,0,20000,80000,-60000,-60000
055483,和大元大97購03  ,0,0,0,0,0,0,0,0,0,-60000,0,0,0,10000,70000,-60000,-60000
055495,長榮航元大97購01,0,0,0,0,0,0,0,0,0,-60000,0,0,0,0,60000,-60000,-60000
053204,旺宏麥證96購01  ,0,0,0,0,60000,-60000,0,0,0,-60000,0,0,0,0,60000,-60000,-60000
053719,可成凱基96購08  ,0,0,0,0,0,0,0,0,0,-60000,0,0,0,0,60000,-60000,-60000
05262P,台積電元大95售19,0,0,0,0,0,0,0,0,0,-60000,0,0,0,80000,140000,-60000,-60000
05474P,智邦亞東95售01  ,0,0,0,0,0,0,0,0,0,-60000,0,0,0,0,60000,-60000,-60000
055200,和大群益98購01  ,0,0,0,0,0,0,0,0,0,-60000,0,0,0,12000,72000,-60000,-60000
054922,文曄凱基98購01  ,0,0,0,0,0,0,0,0,0,-60000,0,0,0,50000,110000,-60000,-60000
055078,亞泥中信98購01  ,0,0,0,0,0,0,0,0,0,-60000,0,0,0,0,60000,-60000,-60000
054132,聯發科元大97購10,0,0,0,0,0,0,0,0,0,-60000,0,0,0,55000,115000,-60000,-60000
053529,國巨麥證96購01  ,0,0,0,0,60000,-60000,0,0,0,-60000,0,0,0,0,60000,-60000,-60000
052321,華擎元大95購01  ,0,0,0,0,0,0,0,0,0,-60000,0,0,0,0,60000,-60000,-60000
052386,鴻海群益96購02  ,0,0,0,0,0,0,0,0,0,-60000,0,0,0,40000,100000,-60000,-60000
2022,聚亨            ,6000,62000,-56000,0,0,0,0,0,0,-4000,0,4000,-4000,0,0,0,-60000
06887P,華新科元大98售04,0,0,0,0,0,0,0,0,0,-60000,0,0,0,0,60000,-60000,-60000
057902,嘉晶永豐98購02  ,220000,0,220000,0,0,0,0,0,0,-281000,0,0,0,14000,295000,-281000,-61000
057389,玉晶光永豐98購06,0,0,0,0,0,0,0,0,0,-61000,0,0,0,30000,91000,-61000,-61000
05782P,聯詠元富96售02  ,0,0,0,0,0,0,0,0,0,-61000,0,0,0,71000,132000,-61000,-61000
056565,欣興群益98購03  ,0,0,0,0,0,0,0,0,0,-61000,0,0,0,512000,573000,-61000,-61000
050235,國巨凱基94購11  ,0,0,0,0,0,0,0,0,0,-61000,0,0,0,0,61000,-61000,-61000
051451,世芯元大95購03  ,0,0,0,0,0,0,0,0,0,-61000,0,0,0,56000,117000,-61000,-61000
051751,聯茂富邦95購01  ,0,0,0,0,0,0,0,0,0,-61000,0,0,0,0,61000,-61000,-61000
2433,互盛電          ,16000,62000,-46000,0,0,0,0,0,0,-15000,0,15000,-15000,0,0,0,-61000
2457,飛宏            ,100000,161000,-61000,0,0,0,0,0,0,0,0,0,0,0,0,0,-61000
056362,聯發科元大99購01,0,0,0,0,0,0,0,0,0,-62000,0,0,0,343000,405000,-62000,-62000
056616,台光電永豐98購01,0,0,0,0,0,0,0,0,0,-62000,0,0,0,60000,122000,-62000,-62000
05691P,聯發科中信98售01,0,0,0,0,0,0,0,0,0,-62000,0,0,0,10000,72000,-62000,-62000
057337,聯發科國票99購02,0,0,0,0,0,0,0,0,0,-62000,0,0,0,60000,122000,-62000,-62000
057241,超眾凱基99購02  ,0,0,0,0,0,0,0,0,0,-62000,0,0,0,38000,100000,-62000,-62000
050491,旺宏國泰96購01  ,0,0,0,0,0,0,0,0,0,-62000,0,0,0,353000,415000,-62000,-62000
006206,元大上證50      ,3000,74000,-71000,0,0,0,0,0,0,9000,0,0,0,15000,6000,9000,-62000
051555,聯茂永豐95購01  ,0,0,0,0,0,0,0,0,0,-62000,0,0,0,0,62000,-62000,-62000
053496,義隆兆豐96購02  ,0,0,0,0,0,0,0,0,0,-62000,0,0,0,0,62000,-62000,-62000
051666,旺宏元大96購05  ,0,0,0,0,0,0,0,0,0,-62000,0,0,0,127000,189000,-62000,-62000
06851P,鈺齊元大98售01  ,0,0,0,0,0,0,0,0,0,-62000,0,0,0,0,62000,-62000,-62000
06428P,國巨元大97售17  ,0,0,0,0,0,0,0,0,0,-62000,0,0,0,35000,97000,-62000,-62000
4155,訊映            ,185000,245000,-60000,0,0,0,0,0,0,-2000,0,2000,-2000,0,0,0,-62000
058282,聯茂中信99購01  ,0,0,0,0,0,0,0,0,0,-63000,0,0,0,30000,93000,-63000,-63000
058652,SGBR2X中信01購01,0,0,0,0,0,0,0,0,0,-63000,0,0,0,0,63000,-63000,-63000
06010P,國泰金元富96售01,0,0,0,0,0,0,0,0,0,-63000,0,0,0,3000,66000,-63000,-63000
00681R,元大美債20反1   ,0,0,0,0,0,0,0,0,0,-63000,0,66000,-66000,182000,179000,3000,-63000
03635C,滬深2X元富99牛01,0,0,0,0,0,0,0,0,0,-63000,0,0,0,20000,83000,-63000,-63000
048675,台達電國泰94購02,0,0,0,0,0,0,0,0,0,-63000,0,0,0,0,63000,-63000,-63000
050056,國巨凱基94購04  ,0,0,0,0,0,0,0,0,0,-63000,0,0,0,0,63000,-63000,-63000
054158,國巨日盛99購01  ,0,0,0,0,0,0,0,0,0,-63000,0,0,0,10000,73000,-63000,-63000
055881,康控元富97購01  ,0,0,0,0,0,0,0,0,0,-63000,0,0,0,7000,70000,-63000,-63000
5907,大洋-KY         ,36000,99000,-63000,0,0,0,0,0,0,0,0,0,0,0,0,0,-63000
2228,劍麟            ,128000,189000,-61000,0,0,0,0,2000,-2000,0,0,0,0,0,0,0,-63000
059097,世紀鋼元大99購05,0,0,0,0,0,0,0,0,0,-64000,0,0,0,10000,74000,-64000,-64000
05912P,和大元大96售01  ,0,0,0,0,0,0,0,0,0,-64000,0,0,0,1000,65000,-64000,-64000
057961,茂林元大9A購01  ,0,0,0,0,0,0,0,0,0,-64000,0,0,0,20000,84000,-64000,-64000
05727P,新光金日盛96售02,0,0,0,0,0,0,0,0,0,-64000,0,0,0,63000,127000,-64000,-64000
057307,瀚宇博兆豐99購01,0,0,0,0,0,0,0,0,0,-64000,0,0,0,370000,434000,-64000,-64000
057787,TPK國票99購01   ,0,0,0,0,0,0,0,0,0,-64000,0,0,0,41000,105000,-64000,-64000
05082P,健策永豐95售02  ,0,0,0,0,0,0,0,0,0,-64000,0,0,0,132000,196000,-64000,-64000
046208,滬深2X元富95購03,0,0,0,0,0,0,0,0,0,-64000,0,0,0,40000,104000,-64000,-64000
051974,華新科凱基96購05,0,0,0,0,0,0,0,0,0,-64000,0,0,0,0,64000,-64000,-64000
054737,京元電凱基99購01,0,0,0,0,0,0,0,0,0,-64000,0,0,0,0,64000,-64000,-64000
2423,固緯            ,75000,145000,-70000,0,0,0,0,0,0,6000,6000,0,6000,0,0,0,-64000
057206,立積元富98購01  ,0,0,0,0,0,0,0,0,0,-65000,0,0,0,0,65000,-65000,-65000
056756,T50反1元大98購06,0,0,0,0,0,0,0,0,0,-65000,0,0,0,20000,85000,-65000,-65000
056313,聯茂元大98購01  ,0,0,0,0,0,0,0,0,0,-65000,0,0,0,23000,88000,-65000,-65000
056341,宏達電凱基9A購01,0,0,0,0,0,0,0,0,0,-65000,0,0,0,40000,105000,-65000,-65000
058284,滬深反群益01購01,0,0,0,0,0,0,0,0,0,-65000,0,0,0,5000,70000,-65000,-65000
059093,旭富元大99購01  ,0,0,0,0,0,0,0,0,0,-65000,0,0,0,10000,75000,-65000,-65000
06197P,國巨元大97售08  ,0,0,0,0,0,0,0,0,0,-65000,0,0,0,35000,100000,-65000,-65000
058960,臺股指國票99購05,0,0,0,0,0,0,0,0,0,-65000,0,0,0,405000,470000,-65000,-65000
035275,台積電台新97購01,0,0,0,0,0,0,0,0,0,-65000,0,0,0,122000,187000,-65000,-65000
04797P,華新科元大94售04,0,0,0,0,0,0,0,0,0,-65000,0,0,0,0,65000,-65000,-65000
048346,智易元大95購01  ,0,0,0,0,0,0,0,0,0,-65000,0,0,0,45000,110000,-65000,-65000
049875,台積電永豐94購04,0,0,0,0,0,0,0,0,0,-65000,0,0,0,0,65000,-65000,-65000
054967,神達元大97購01  ,0,0,0,0,0,0,0,0,0,-65000,0,0,0,105000,170000,-65000,-65000
055101,台肥凱基97購01  ,0,0,0,0,0,0,0,0,0,-65000,0,0,0,0,65000,-65000,-65000
055913,中信金凱基97購01,0,0,0,0,0,0,0,0,0,-65000,0,0,0,120000,185000,-65000,-65000
056137,聯鈞元大9A購01  ,0,0,0,0,0,0,0,0,0,-65000,0,0,0,65000,130000,-65000,-65000
06936P,瑞儀元大98售01  ,0,0,0,0,0,0,0,0,0,-65000,0,0,0,49000,114000,-65000,-65000
058938,台積電中信01購03,0,0,0,0,0,0,0,0,0,-66000,0,0,0,92000,158000,-66000,-66000
06075P,智邦凱基97售02  ,0,0,0,0,0,0,0,0,0,-66000,0,0,0,0,66000,-66000,-66000
058468,聯茂中信99購02  ,0,0,0,0,0,0,0,0,0,-66000,0,0,0,78000,144000,-66000,-66000
058477,億光凱基9A購01  ,0,0,0,0,0,0,0,0,0,-66000,0,0,0,5000,71000,-66000,-66000
056443,南亞科凱基98購03,0,0,0,0,0,0,0,0,0,-66000,0,0,0,0,66000,-66000,-66000
053306,晶技凱基97購01  ,0,0,0,0,0,0,0,0,0,-66000,0,0,0,0,66000,-66000,-66000
06648P,華邦電元大98售03,0,0,0,0,0,0,0,0,0,-66000,0,0,0,15000,81000,-66000,-66000
6183,關貿            ,28000,89000,-61000,0,0,0,0,0,0,-5000,0,5000,-5000,0,0,0,-66000
057996,臻鼎中信98購01  ,0,0,0,0,0,0,0,0,0,-67000,0,0,0,93000,160000,-67000,-67000
06132P,正文元富97售01  ,0,0,0,0,0,0,0,0,0,-67000,0,0,0,38000,105000,-67000,-67000
056196,聯茂富邦98購02  ,0,0,0,0,0,0,0,0,0,-67000,0,0,0,7000,74000,-67000,-67000
055476,台郡凱基97購02  ,0,0,0,0,0,0,0,0,0,-67000,0,0,0,0,67000,-67000,-67000
6591,動力-KY         ,83000,149000,-66000,0,0,0,0,0,0,-1000,0,1000,-1000,0,0,0,-67000
4725,信昌化          ,70000,137000,-67000,0,0,0,0,0,0,0,0,0,0,0,0,0,-67000
06719P,台灣50群益9A售01,0,0,0,0,0,0,0,0,0,-67000,0,0,0,23000,90000,-67000,-67000
1558,伸興            ,37000,94000,-57000,0,0,0,0,0,0,-10000,0,10000,-10000,0,0,0,-67000
057512,華邦電台新98購01,0,0,0,0,0,0,0,0,0,-68000,0,0,0,0,68000,-68000,-68000
05437P,聯詠永豐95售02  ,0,0,0,0,0,0,0,0,0,-68000,0,0,0,12000,80000,-68000,-68000
047418,智邦富邦97購01  ,0,0,0,0,0,0,0,0,0,-68000,0,0,0,46000,114000,-68000,-68000
052685,技嘉元大96購01  ,0,0,0,0,0,0,0,0,0,-68000,0,0,0,37000,105000,-68000,-68000
052750,臺股指元大96購04,0,0,0,0,0,0,0,0,0,-68000,0,0,0,14000,82000,-68000,-68000
052016,神基永豐95購01  ,0,0,0,0,0,0,0,0,0,-68000,0,0,0,0,68000,-68000,-68000
9943,好樂迪          ,19000,87000,-68000,0,0,0,0,0,0,0,0,0,0,0,0,0,-68000
057456,道瓊銀富邦9C購01,0,0,0,0,0,0,0,0,0,-69000,0,0,0,121000,190000,-69000,-69000
06085P,義隆台新97售01  ,0,0,0,0,0,0,0,0,0,-69000,0,0,0,23000,92000,-69000,-69000
053992,中環群益96購01  ,0,0,0,0,0,0,0,0,0,-69000,0,0,0,0,69000,-69000,-69000
05013P,台積電元大96售05,0,0,0,0,0,0,0,0,0,-69000,0,0,0,312000,381000,-69000,-69000
052428,嘉晶永豐95購01  ,0,0,0,0,0,0,0,0,0,-69000,0,0,0,20000,89000,-69000,-69000
055406,大毅國泰99購01  ,0,0,0,0,0,0,0,0,0,-69000,0,0,0,650000,719000,-69000,-69000
2489,瑞軒            ,423000,411000,12000,0,0,0,0,0,0,-81000,17000,100000,-83000,2000,0,2000,-69000
2511,太子            ,301000,340000,-39000,0,0,0,0,0,0,-30000,0,30000,-30000,0,0,0,-69000
058703,台積電元大99購16,0,0,0,0,0,0,0,0,0,-70000,0,0,0,50000,120000,-70000,-70000
058510,全新元大9B購02  ,0,0,0,0,0,0,0,0,0,-70000,0,0,0,0,70000,-70000,-70000
057189,康控元大98購02  ,0,0,0,0,0,0,0,0,0,-70000,0,0,0,40000,110000,-70000,-70000
057213,華邦電群益98購01,0,0,0,0,0,0,0,0,0,-70000,0,0,0,50000,120000,-70000,-70000
057545,國巨凱基99購05  ,0,0,0,0,0,0,0,0,0,-70000,0,0,0,0,70000,-70000,-70000
057685,台灣50凱基9C購01,0,0,0,0,0,0,0,0,0,-70000,0,0,0,0,70000,-70000,-70000
051224,華通群益96購03  ,0,0,0,0,0,0,0,0,0,-70000,0,0,0,0,70000,-70000,-70000
050406,台積電台新95購02,0,0,0,0,0,0,0,0,0,-70000,0,0,0,549000,619000,-70000,-70000
051432,群創元富99購03  ,0,0,0,0,0,0,0,0,0,-70000,0,0,0,10000,80000,-70000,-70000
054518,亞光元大97購01  ,0,0,0,0,0,0,0,0,0,-70000,0,0,0,0,70000,-70000,-70000
053322,京鼎群益97購01  ,0,0,0,0,0,0,0,0,0,-70000,0,0,0,0,70000,-70000,-70000
050915,健策中信98購01  ,0,0,0,0,0,0,0,0,0,-70000,0,0,0,10000,80000,-70000,-70000
052644,聯發科永豐96購01,0,0,0,0,0,0,0,0,0,-70000,0,0,0,0,70000,-70000,-70000
055513,旺宏亞東98購01  ,0,0,0,0,0,0,0,0,0,-70000,0,0,0,0,70000,-70000,-70000
052916,華新科富邦96購01,0,0,0,0,0,0,0,0,0,-70000,0,0,0,10000,80000,-70000,-70000
055742,健策元富97購02  ,0,0,0,0,0,0,0,0,0,-70000,0,0,0,0,70000,-70000,-70000
055049,智邦永豐97購01  ,0,0,0,0,0,0,0,0,0,-70000,0,0,0,5000,75000,-70000,-70000
055064,碩天永豐97購01  ,0,0,0,0,0,0,0,0,0,-70000,0,0,0,0,70000,-70000,-70000
054751,GIS凱基98購01   ,0,0,0,0,0,0,0,0,0,-70000,0,0,0,0,70000,-70000,-70000
052213,富邦金元大95購01,0,0,0,0,0,0,0,0,0,-70000,0,0,0,0,70000,-70000,-70000
055292,聯鈞元大97購02  ,0,0,0,0,0,0,0,0,0,-70000,0,0,0,10000,80000,-70000,-70000
05239P,欣興永豐95售03  ,0,0,0,0,0,0,0,0,0,-70000,0,0,0,10000,80000,-70000,-70000
1104,環泥            ,103000,171000,-68000,0,0,0,0,2000,-2000,0,0,0,0,0,0,0,-70000
06416P,大立光群益97售06,0,0,0,0,0,0,0,0,0,-70000,0,0,0,1000,71000,-70000,-70000
06778P,台積電元大99售06,0,0,0,0,0,0,0,0,0,-70000,0,0,0,149000,219000,-70000,-70000
8101,華冠            ,95000,165000,-70000,0,0,0,0,0,0,0,0,0,0,0,0,0,-70000
4763,材料-KY         ,104000,163000,-59000,0,0,0,0,0,0,-11000,4000,15000,-11000,0,0,0,-70000
4133,亞諾法          ,109000,179000,-70000,0,0,0,0,0,0,0,0,0,0,0,0,0,-70000
058169,國巨凱基9A購05  ,0,0,0,0,0,0,0,0,0,-71000,0,0,0,55000,126000,-71000,-71000
06006P,欣興永豐96售04  ,0,0,0,0,0,0,0,0,0,-71000,0,0,0,20000,91000,-71000,-71000
052396,台積電凱基97購01,0,0,0,0,0,0,0,0,0,-71000,0,0,0,0,71000,-71000,-71000
06571P,欣興永豐98售03  ,0,0,0,0,0,0,0,0,0,-71000,0,0,0,10000,81000,-71000,-71000
05942P,奇力新凱基96售04,0,0,0,0,0,0,0,0,0,-72000,0,0,0,0,72000,-72000,-72000
06244P,智易元富97售02  ,0,0,0,0,0,0,0,0,0,-72000,0,0,0,3000,75000,-72000,-72000
058337,日月光元富99購01,0,0,0,0,0,0,0,0,0,-72000,0,0,0,98000,170000,-72000,-72000
04071P,臺股指凱基93售07,0,0,0,0,0,0,0,0,0,-72000,134000,0,134000,0,206000,-206000,-72000
04801P,矽力元大94售02  ,0,0,0,0,0,0,0,0,0,-72000,0,0,0,15000,87000,-72000,-72000
00678,群益NBI生技     ,31000,103000,-72000,0,0,0,0,0,0,0,0,0,0,0,0,0,-72000
03416B,臺股指凱基95熊05,0,0,0,0,0,0,0,0,0,-72000,0,0,0,4000,76000,-72000,-72000
05023P,和碩凱基95售01  ,0,0,0,0,0,0,0,0,0,-72000,0,0,0,1000,73000,-72000,-72000
050673,旺宏富邦96購02  ,0,0,0,0,0,0,0,0,0,-72000,0,0,0,3000,75000,-72000,-72000
053938,彩晶元富96購01  ,0,0,0,0,0,0,0,0,0,-72000,0,0,0,0,72000,-72000,-72000
053900,T50反1日盛99購01,0,0,0,0,0,0,0,0,0,-72000,0,0,0,42000,114000,-72000,-72000
051688,大立光凱基97購02,0,0,0,0,0,0,0,0,0,-72000,0,0,0,165000,237000,-72000,-72000
1305,華夏            ,387000,454000,-67000,0,0,0,0,2000,-2000,-3000,0,3000,-3000,0,0,0,-72000
2913,農林            ,200000,271000,-71000,0,0,0,0,0,0,-1000,2000,3000,-1000,0,0,0,-72000
3209,全科            ,51000,122000,-71000,0,0,0,0,0,0,-1000,0,1000,-1000,0,0,0,-72000
9917,中保科          ,75000,106000,-31000,0,0,0,0,2000,-2000,-39000,0,39000,-39000,0,0,0,-72000
9939,宏全            ,687000,484000,203000,0,0,0,0,2000,-2000,-273000,11000,272000,-261000,10000,22000,-12000,-72000
058067,台積電第一9C購01,0,0,0,0,0,0,0,0,0,-73000,0,0,0,8000,81000,-73000,-73000
06240P,奇力新元富97售03,0,0,0,0,0,0,0,0,0,-73000,0,0,0,0,73000,-73000,-73000
06188P,大立光元富97售01,0,0,0,0,0,0,0,0,0,-73000,0,0,0,0,73000,-73000,-73000
056849,瀚宇博元富98購01,0,0,0,0,0,0,0,0,0,-73000,0,0,0,2000,75000,-73000,-73000
03433B,臺股指元大9C熊01,0,0,0,0,0,0,0,0,0,-73000,0,0,0,2000,75000,-73000,-73000
03670C,元油2X元富99牛01,0,0,0,0,0,0,0,0,0,-73000,0,0,0,1000,74000,-73000,-73000
04564P,大立光凱基94售06,0,0,0,0,0,0,0,0,0,-73000,0,0,0,17000,90000,-73000,-73000
055644,致茂元富97購01  ,0,0,0,0,0,0,0,0,0,-73000,0,0,0,10000,83000,-73000,-73000
05256P,義隆凱基95售02  ,0,0,0,0,0,0,0,0,0,-73000,0,0,0,0,73000,-73000,-73000
2612,中航            ,42000,115000,-73000,0,0,0,0,0,0,0,0,0,0,0,0,0,-73000
2464,盟立            ,180000,169000,11000,0,0,0,0,1000,-1000,-83000,0,83000,-83000,0,0,0,-73000
06623P,立積元大98售04  ,0,0,0,0,0,0,0,0,0,-73000,0,0,0,61000,134000,-73000,-73000
06791P,聯發科凱基98售16,0,0,0,0,0,0,0,0,0,-73000,0,0,0,74000,147000,-73000,-73000
06844P,智邦元大98售13  ,0,0,0,0,0,0,0,0,0,-73000,0,0,0,5000,78000,-73000,-73000
8422,可寧衛          ,82035,117000,-34965,0,0,0,0,2000,-2000,-37000,0,37000,-37000,0,0,0,-73965
056363,華新科元大99購04,0,0,0,0,0,0,0,0,0,-74000,0,0,0,116000,190000,-74000,-74000
058900,旺宏元大99購11  ,0,0,0,0,0,0,0,0,0,-74000,0,0,0,116000,190000,-74000,-74000
050884,聯茂國泰96購01  ,0,0,0,0,0,0,0,0,0,-74000,0,0,0,0,74000,-74000,-74000
04818P,華新科永豐94售03,0,0,0,0,0,0,0,0,0,-74000,0,0,0,7000,81000,-74000,-74000
052069,聯茂兆豐96購01  ,0,0,0,0,0,0,0,0,0,-74000,0,0,0,0,74000,-74000,-74000
05305P,華新科國泰97售01,0,0,0,0,0,0,0,0,0,-74000,0,0,0,1682000,1756000,-74000,-74000
06614P,祥碩永豐98售03  ,0,0,0,0,0,0,0,0,0,-74000,0,0,0,0,74000,-74000,-74000
06201P,可成元大97售01  ,0,0,0,0,0,0,0,0,0,-75000,0,0,0,70000,145000,-75000,-75000
06018P,康控凱基96售03  ,0,0,0,0,0,0,0,0,0,-75000,0,0,0,1000,76000,-75000,-75000
05999P,世芯元大96售01  ,0,0,0,0,0,0,0,0,0,-75000,0,0,0,265000,340000,-75000,-75000
058322,玉晶光永豐99購02,0,0,0,0,0,0,0,0,0,-75000,0,0,0,0,75000,-75000,-75000
03668C,臺股指元大03牛02,0,0,0,0,0,0,0,0,0,-75000,0,0,0,0,75000,-75000,-75000
051472,台積電凱基95購09,0,0,0,0,0,0,0,0,0,-75000,0,0,0,0,75000,-75000,-75000
051844,宏達電富邦96購01,0,0,0,0,0,0,0,0,0,-75000,0,0,0,25000,100000,-75000,-75000
055593,華新科元大97購10,0,0,0,0,0,0,0,0,0,-75000,0,0,0,20000,95000,-75000,-75000
053537,玉晶光永豐98購02,0,0,0,0,0,0,0,0,0,-75000,0,0,0,30000,105000,-75000,-75000
3003,健和興          ,330000,189000,141000,0,0,0,0,202000,-202000,-14000,1000,15000,-14000,0,0,0,-75000
3583,辛耘            ,107000,182000,-75000,0,0,0,0,0,0,0,0,0,0,0,0,0,-75000
06028P,智邦台新97售01  ,0,0,0,0,0,0,0,0,0,-76000,0,0,0,314000,390000,-76000,-76000
058643,T50正2富邦03購01,0,0,0,0,0,0,0,0,0,-76000,0,0,0,0,76000,-76000,-76000
04932P,香港2X中信96售01,0,0,0,0,0,0,0,0,0,-76000,0,0,0,5000,81000,-76000,-76000
054398,牧德永豐96購03  ,0,0,0,0,0,0,0,0,0,-76000,0,0,0,0,76000,-76000,-76000
05159P,聯發科永豐95售04,0,0,0,0,0,0,0,0,0,-76000,0,0,0,0,76000,-76000,-76000
6024,群益期          ,67000,143000,-76000,0,0,0,0,0,0,0,0,0,0,0,0,0,-76000
06679P,旺宏元大98售09  ,0,0,0,0,0,0,0,0,0,-76000,0,0,0,80000,156000,-76000,-76000
06309P,光罩元富97售03  ,0,0,0,0,0,0,0,0,0,-76000,0,0,0,8000,84000,-76000,-76000
06312P,樺漢元富97售02  ,0,0,0,0,0,0,0,0,0,-76000,0,0,0,65000,141000,-76000,-76000
06228P,亞德客凱基97售04,0,0,0,0,0,0,0,0,0,-77000,0,0,0,105000,182000,-77000,-77000
056494,緯創國泰99購01  ,0,0,0,0,0,0,0,0,0,-77000,0,0,0,98000,175000,-77000,-77000
056967,奇鋐永豐98購01  ,0,0,0,0,0,0,0,0,0,-77000,0,0,0,0,77000,-77000,-77000
053353,玉晶光兆豐97購03,0,0,0,0,0,0,0,0,0,-77000,0,0,0,10000,87000,-77000,-77000
052146,泰碩群益95購01  ,0,0,0,0,0,0,0,0,0,-77000,0,0,0,53000,130000,-77000,-77000
052133,華邦電凱基9B購01,0,0,0,0,0,0,0,0,0,-77000,0,0,0,45000,122000,-77000,-77000
06748P,智邦台新98售02  ,0,0,0,0,0,0,0,0,0,-77000,0,0,0,0,77000,-77000,-77000
056338,聯發科凱基99購01,0,0,0,0,0,0,0,0,0,-78000,0,0,0,25000,103000,-78000,-78000
058344,旺宏群益99購05  ,0,0,0,0,0,0,0,0,0,-78000,0,0,0,40000,118000,-78000,-78000
058370,聯詠凱基99購01  ,0,0,0,0,0,0,0,0,0,-78000,0,0,0,0,78000,-78000,-78000
04567P,臺股指凱基95售01,0,0,0,0,0,0,0,0,0,-78000,0,0,0,27000,105000,-78000,-78000
047355,世紀鋼凱基94購01,0,0,0,0,0,0,0,0,0,-78000,0,0,0,20000,98000,-78000,-78000
00762,元大全球AI      ,0,2000,-2000,0,0,0,0,0,0,-76000,0,0,0,0,76000,-76000,-78000
052324,康友元大96購02  ,0,0,0,0,0,0,0,0,0,-78000,0,0,0,5000,83000,-78000,-78000
07076P,鴻海凱基9A售08  ,0,0,0,0,0,0,0,0,0,-78000,0,0,0,53000,131000,-78000,-78000
06680P,智邦元大98售06  ,0,0,0,0,0,0,0,0,0,-78000,0,0,0,386000,464000,-78000,-78000
06604P,聯發科元富02售02,0,0,0,0,0,0,0,0,0,-78000,0,0,0,72000,150000,-78000,-78000
058340,高股息群益99購01,0,0,0,0,0,0,0,0,0,-79000,0,0,0,4899000,4978000,-79000,-79000
058971,台積電永豐99購03,0,0,0,0,0,0,0,0,0,-79000,0,0,0,1000,80000,-79000,-79000
056457,嘉澤凱基98購01  ,0,0,0,0,0,0,0,0,0,-79000,0,0,0,3000,82000,-79000,-79000
055282,聯發科元大97購15,0,0,0,0,0,0,0,0,0,-79000,0,0,0,25000,104000,-79000,-79000
055460,華擎永豐97購01  ,0,0,0,0,0,0,0,0,0,-79000,0,0,0,156000,235000,-79000,-79000
2607,榮運            ,231000,285000,-54000,0,0,0,0,0,0,-25000,0,25000,-25000,0,0,0,-79000
056476,智原元大98購02  ,0,0,0,0,0,0,0,0,0,-80000,0,0,0,0,80000,-80000,-80000
057026,長榮航凱基98購01,0,0,0,0,0,0,0,0,0,-80000,0,0,0,260000,340000,-80000,-80000
057525,光磊元大99購01  ,0,0,0,0,0,0,0,0,0,-80000,0,0,0,20000,100000,-80000,-80000
058974,臺股指永豐99購03,0,0,0,0,0,0,0,0,0,-80000,0,0,0,0,80000,-80000,-80000
05895P,奇力新群益96售03,0,0,0,0,0,0,0,0,0,-80000,0,0,0,0,80000,-80000,-80000
058698,華通元大99購05  ,0,0,0,0,0,0,0,0,0,-80000,0,0,0,0,80000,-80000,-80000
06036P,台表科凱基96售04,0,0,0,0,0,0,0,0,0,-80000,0,0,0,0,80000,-80000,-80000
058338,康友元富99購01  ,0,0,0,0,0,0,0,0,0,-80000,0,0,0,70000,150000,-80000,-80000
04733P,康控兆豐95售01  ,0,0,0,0,0,0,0,0,0,-80000,0,0,0,20000,100000,-80000,-80000
03557P,欣興元大02售17  ,0,0,0,0,0,0,0,0,0,-80000,0,0,0,61000,141000,-80000,-80000
046148,友達中信94購01  ,0,0,0,0,0,0,0,0,0,-80000,0,0,0,0,80000,-80000,-80000
049292,鴻海群益94購04  ,0,0,0,0,0,0,0,0,0,-80000,0,0,0,0,80000,-80000,-80000
05149P,緯穎國泰96售01  ,0,0,0,0,0,0,0,0,0,-80000,0,0,0,0,80000,-80000,-80000
04993P,上銀兆豐96售01  ,0,0,0,0,0,0,0,0,0,-80000,0,0,0,8000,88000,-80000,-80000
051266,國巨富邦99購01  ,0,0,0,0,0,0,0,0,0,-80000,0,0,0,81000,161000,-80000,-80000
051598,瑞昱兆豐95購01  ,0,0,0,0,0,0,0,0,0,-80000,0,0,0,20000,100000,-80000,-80000
054615,牧德永豐98購01  ,0,0,0,0,0,0,0,0,0,-80000,0,0,0,0,80000,-80000,-80000
052838,新唐國泰98購01  ,0,0,0,0,0,0,0,0,0,-80000,0,0,0,0,80000,-80000,-80000
052760,盟立群益96購01  ,0,0,0,0,0,0,0,0,0,-80000,0,0,0,0,80000,-80000,-80000
056075,瀚宇博元大97購03,0,0,0,0,0,0,0,0,0,-80000,0,0,0,106000,186000,-80000,-80000
053565,台光電富邦98購01,0,0,0,0,0,0,0,0,0,-80000,0,0,0,20000,100000,-80000,-80000
053866,景碩元大97購02  ,0,0,0,0,0,0,0,0,0,-80000,0,0,0,0,80000,-80000,-80000
05406P,台光電凱基95售02,0,0,0,0,0,0,0,0,0,-80000,0,0,0,0,80000,-80000,-80000
053665,臺股指凱基96購26,0,0,0,0,0,0,0,0,0,-80000,0,0,0,0,80000,-80000,-80000
055110,美律凱基98購02  ,0,0,0,0,0,0,0,0,0,-80000,0,0,0,20000,100000,-80000,-80000
054906,神達康和97購01  ,0,0,0,0,0,0,0,0,0,-80000,0,0,0,25000,105000,-80000,-80000
054850,上海銀兆豐97購01,0,0,0,0,0,0,0,0,0,-80000,0,0,0,10000,90000,-80000,-80000
2376,技嘉            ,843000,1982000,-1139000,0,0,0,253000,7000,246000,813000,26000,68000,-42000,1038000,183000,855000,-80000
08897P,國巨群益01售10  ,0,0,0,0,0,0,0,0,0,-80000,0,0,0,70000,150000,-80000,-80000
08100P,台灣50元富95售01,0,0,0,0,0,0,0,0,0,-80000,0,0,0,10000,90000,-80000,-80000
06474P,鴻海富邦98售03  ,0,0,0,0,0,0,0,0,0,-80000,0,0,0,2000,82000,-80000,-80000
07034P,大立光元富99售03,0,0,0,0,0,0,0,0,0,-80000,0,0,0,0,80000,-80000,-80000
07085P,超眾元富9C售01  ,0,0,0,0,0,0,0,0,0,-80000,0,0,0,0,80000,-80000,-80000
058328,世紀鋼統一9B購01,0,0,0,0,0,0,0,0,0,-81000,0,0,0,0,81000,-81000,-81000
046961,大立光中信95購02,0,0,0,0,0,0,0,0,0,-81000,0,0,0,85000,166000,-81000,-81000
04718P,亞德客凱基94售03,0,0,0,0,0,0,0,0,0,-81000,0,0,0,0,81000,-81000,-81000
05507P,聯茂凱基96售02  ,0,0,0,0,0,0,0,0,0,-81000,0,0,0,184000,265000,-81000,-81000
054319,世紀鋼凱基96購02,0,0,0,0,0,0,0,0,0,-81000,0,0,0,380000,461000,-81000,-81000
05323P,瑞昱凱基96售02  ,0,0,0,0,0,0,0,0,0,-81000,0,0,0,35000,116000,-81000,-81000
06581P,南亞科凱基98售04,0,0,0,0,0,0,0,0,0,-81000,0,0,0,23000,104000,-81000,-81000
8429,金麗-KY         ,9000,84000,-75000,0,0,0,0,0,0,-6000,0,6000,-6000,0,0,0,-81000
056538,國泰金凱基98購01,0,0,0,0,0,0,0,0,0,-82000,0,0,0,22000,104000,-82000,-82000
056339,聯發科凱基99購02,0,0,0,0,0,0,0,0,0,-82000,0,0,0,0,82000,-82000,-82000
050797,聯發科中信99購01,0,0,0,0,0,0,0,0,0,-82000,0,0,0,13000,95000,-82000,-82000
053505,瑞儀兆豐97購01  ,0,0,0,0,0,0,0,0,0,-82000,0,0,0,0,82000,-82000,-82000
054477,聯發科中信9C購02,0,0,0,0,0,0,0,0,0,-82000,0,0,0,0,82000,-82000,-82000
5534,長虹            ,169000,196000,-27000,0,0,0,0,2000,-2000,-53000,0,53000,-53000,0,0,0,-82000
06406P,可成元富97售04  ,0,0,0,0,0,0,0,0,0,-82000,0,0,0,0,82000,-82000,-82000
06930P,台積電元大98售19,0,0,0,0,0,0,0,0,0,-82000,0,0,0,125000,207000,-82000,-82000
3031,佰鴻            ,84000,166000,-82000,0,0,0,0,0,0,0,0,0,0,0,0,0,-82000
5288,豐祥-KY         ,27000,111020,-84020,0,0,0,0,0,0,2000,2000,0,2000,0,0,0,-82020
057043,台積電元大99購02,0,0,0,0,0,0,0,0,0,-83000,0,0,0,469000,552000,-83000,-83000
057488,聯發科元大99購02,0,0,0,0,0,0,0,0,0,-83000,0,0,0,383000,466000,-83000,-83000
057377,康控元大99購02  ,0,0,0,0,0,0,0,0,0,-83000,0,0,0,17000,100000,-83000,-83000
058115,台光電中信99購01,0,0,0,0,0,0,0,0,0,-83000,0,0,0,48000,131000,-83000,-83000
050590,晶技永豐95購01  ,0,0,0,0,0,0,0,0,0,-83000,0,0,0,60000,143000,-83000,-83000
050497,臺指反凱基96購02,0,0,0,0,0,0,0,0,0,-83000,0,0,0,70000,153000,-83000,-83000
053969,瑞昱元大97購01  ,0,0,0,0,0,0,0,0,0,-83000,0,0,0,4000,87000,-83000,-83000
05464P,華通康和95售02  ,0,0,0,0,0,0,0,0,0,-83000,0,0,0,40000,123000,-83000,-83000
3665,貿聯-KY         ,747000,691000,56000,0,0,0,16000,153000,-137000,-2000,141000,96000,45000,1000,48000,-47000,-83000
049668,大立光國泰96購02,0,0,0,0,0,0,0,0,0,-84000,0,0,0,1000,85000,-84000,-84000
050093,國巨永豐94購05  ,0,0,0,0,0,0,0,0,0,-84000,0,0,0,110000,194000,-84000,-84000
046792,京元電元富96購01,0,0,0,0,0,0,0,0,0,-84000,0,0,0,30000,114000,-84000,-84000
047895,台積電群益94購04,0,0,0,0,0,0,0,0,0,-84000,0,0,0,1000,85000,-84000,-84000
04327P,台積電國泰95售01,0,0,0,0,0,0,0,0,0,-84000,0,0,0,150000,234000,-84000,-84000
2348,海悅            ,60000,164000,-104000,0,0,0,0,0,0,20000,28000,8000,20000,0,0,0,-84000
06139P,台積電中信99售02,0,0,0,0,0,0,0,0,0,-85000,0,0,0,2000,87000,-85000,-85000
057093,臻鼎元富98購02  ,0,0,0,0,0,0,0,0,0,-85000,0,0,0,403000,488000,-85000,-85000
057565,可成富邦99購01  ,0,0,0,0,0,0,0,0,0,-85000,0,0,0,25000,110000,-85000,-85000
057651,矽力元大98購03  ,0,0,0,0,0,0,0,0,0,-85000,0,0,0,0,85000,-85000,-85000
056486,樺漢元大98購04  ,0,0,0,0,0,0,0,0,0,-85000,0,0,0,15000,100000,-85000,-85000
00652,富邦印度        ,20000,1000,19000,0,0,0,0,0,0,-104000,0,0,0,11000,115000,-104000,-85000
048248,聯發科兆豐95購01,0,0,0,0,0,0,0,0,0,-85000,0,0,0,0,85000,-85000,-85000
054554,大立光凱基98購02,0,0,0,0,0,0,0,0,0,-85000,0,0,0,0,85000,-85000,-85000
054361,技嘉凱基96購01  ,0,0,0,0,0,0,0,0,0,-85000,0,0,0,100000,185000,-85000,-85000
04927P,大立光凱基95售06,0,0,0,0,0,0,0,0,0,-85000,0,0,0,1000,86000,-85000,-85000
049264,奇鋐元大95購01  ,0,0,0,0,0,0,0,0,0,-85000,0,0,0,0,85000,-85000,-85000
049231,鴻海富邦95購02  ,0,0,0,0,0,0,0,0,0,-85000,0,0,0,20000,105000,-85000,-85000
054417,牧德元大96購01  ,0,0,0,0,0,0,0,0,0,-85000,0,0,0,20000,105000,-85000,-85000
05367P,鴻海元富95售13  ,0,0,0,0,0,0,0,0,0,-85000,0,0,0,0,85000,-85000,-85000
06961P,台積電凱基99售05,0,0,0,0,0,0,0,0,0,-85000,0,0,0,1012000,1097000,-85000,-85000
058305,華邦電元大99購02,0,0,0,0,0,0,0,0,0,-86000,0,0,0,54000,140000,-86000,-86000
00645,富邦日本        ,0,0,0,0,0,0,0,0,0,-86000,0,0,0,65000,151000,-86000,-86000
05580P,美律凱基96售03  ,0,0,0,0,0,0,0,0,0,-86000,0,0,0,6000,92000,-86000,-86000
06998P,S&P正2中信9B售01,0,0,0,0,0,0,0,0,0,-86000,0,0,0,1000,87000,-86000,-86000
06445P,大立光凱基98售09,0,0,0,0,0,0,0,0,0,-86000,0,0,0,0,86000,-86000,-86000
06479P,聯發科中信99售02,0,0,0,0,0,0,0,0,0,-86000,0,0,0,6000,92000,-86000,-86000
06395P,台積電元大97售29,0,0,0,0,0,0,0,0,0,-86000,0,0,0,232000,318000,-86000,-86000
3708,上緯投控        ,121000,178000,-57000,0,0,0,0,0,0,-29000,0,11000,-11000,0,18000,-18000,-86000
06022P,緯穎永豐96售03  ,0,0,0,0,0,0,0,0,0,-87000,0,0,0,34000,121000,-87000,-87000
057556,智易凱基99購01  ,0,0,0,0,0,0,0,0,0,-87000,0,0,0,18000,105000,-87000,-87000
04471P,華通元大95售03  ,0,0,0,0,0,0,0,0,0,-87000,0,0,0,40000,127000,-87000,-87000
04963P,鴻海元大94售25  ,0,0,0,0,0,0,0,0,0,-87000,0,0,0,78000,165000,-87000,-87000
055494,華新科元大98購01,0,0,0,0,0,0,0,0,0,-87000,0,0,0,40000,127000,-87000,-87000
055013,訊連元富97購01  ,0,0,0,0,0,0,0,0,0,-87000,0,0,0,266000,353000,-87000,-87000
9927,泰銘            ,5000,91000,-86000,0,0,0,0,0,0,-1000,0,1000,-1000,0,0,0,-87000
06702P,智邦元富98售01  ,0,0,0,0,0,0,0,0,0,-87000,0,0,0,419000,506000,-87000,-87000
2455,全新            ,1498000,1172000,326000,0,0,0,16000,1000,15000,-428000,74000,411000,-337000,1000,92000,-91000,-87000
057455,景碩國泰99購01  ,0,0,0,0,0,0,0,0,0,-88000,0,0,0,289000,377000,-88000,-88000
06059P,泰碩元大97售02  ,0,0,0,0,0,0,0,0,0,-88000,0,0,0,75000,163000,-88000,-88000
05882P,華新科永豐96售01,0,0,0,0,0,0,0,0,0,-88000,0,0,0,43000,131000,-88000,-88000
058908,貿聯元大99購03  ,0,0,0,0,0,0,0,0,0,-88000,0,0,0,41000,129000,-88000,-88000
058608,華新科元大99購13,0,0,0,0,0,0,0,0,0,-88000,0,0,0,79000,167000,-88000,-88000
05104P,智邦台新95售02  ,0,0,0,0,0,0,0,0,0,-88000,0,0,0,10000,98000,-88000,-88000
049314,京鼎凱基94購01  ,0,0,0,0,0,0,0,0,0,-88000,0,0,0,37000,125000,-88000,-88000
054910,信錦凱基97購01  ,0,0,0,0,0,0,0,0,0,-88000,0,0,0,0,88000,-88000,-88000
3015,全漢            ,22000,103000,-81000,0,0,0,0,0,0,-7000,0,7000,-7000,0,0,0,-88000
056497,GIS國泰99購01   ,0,0,0,0,0,0,0,0,0,-89000,0,0,0,0,89000,-89000,-89000
04272P,元上證凱基94售01,0,0,0,0,0,0,0,0,0,-89000,0,0,0,11000,100000,-89000,-89000
04003P,麗豐凱基94售03  ,0,0,0,0,0,0,0,0,0,-89000,0,0,0,26000,115000,-89000,-89000
056305,群創元大9A購03  ,0,0,0,0,0,0,0,0,0,-90000,0,0,0,0,90000,-90000,-90000
056792,訊芯群益98購01  ,0,0,0,0,0,0,0,0,0,-90000,0,0,0,10000,100000,-90000,-90000
057491,美食元大98購03  ,0,0,0,0,0,0,0,0,0,-90000,0,0,0,100000,190000,-90000,-90000
06246P,茂林元富97售03  ,0,0,0,0,0,0,0,0,0,-90000,0,0,0,24000,114000,-90000,-90000
04770P,鴻海元大94售09  ,0,0,0,0,0,0,0,0,0,-90000,0,0,0,20000,110000,-90000,-90000
042903,金寶元大94購01  ,0,0,0,0,0,0,0,0,0,-90000,0,0,0,10000,100000,-90000,-90000
05089P,亞德客元大95售01,0,0,0,0,0,0,0,0,0,-90000,0,0,0,13000,103000,-90000,-90000
04714P,上海銀元大94售01,0,0,0,0,0,0,0,0,0,-90000,0,0,0,0,90000,-90000,-90000
048124,大立光元大95購03,0,0,0,0,0,0,0,0,0,-90000,0,0,0,10000,100000,-90000,-90000
050007,貿聯永豐94購01  ,0,0,0,0,0,0,0,0,0,-90000,0,0,0,0,90000,-90000,-90000
054026,台積電凱基97購08,0,0,0,0,0,0,0,0,0,-90000,0,0,0,0,90000,-90000,-90000
052112,滬深2X中信99購01,0,0,0,0,0,0,0,0,0,-90000,0,0,0,0,90000,-90000,-90000
053294,聯發科中信9C購01,0,0,0,0,0,0,0,0,0,-90000,0,0,0,22000,112000,-90000,-90000
055079,台光電中信97購01,0,0,0,0,0,0,0,0,0,-90000,0,0,0,150000,240000,-90000,-90000
055146,華通元大98購04  ,0,0,0,0,0,0,0,0,0,-90000,0,0,0,0,90000,-90000,-90000
054984,華泰元富97購01  ,0,0,0,0,0,0,0,0,0,-90000,0,0,0,0,90000,-90000,-90000
053957,瑞昱永豐96購01  ,0,0,0,0,0,0,0,0,0,-90000,0,0,0,0,90000,-90000,-90000
052182,鴻海群益96購01  ,0,0,0,0,0,0,0,0,0,-90000,0,0,0,0,90000,-90000,-90000
053036,聯電凱基98購01  ,0,0,0,0,0,0,0,0,0,-90000,0,0,0,20000,110000,-90000,-90000
053276,友達元大9C購01  ,0,0,0,0,0,0,0,0,0,-90000,0,0,0,0,90000,-90000,-90000
053277,大立光元大96購04,0,0,0,0,0,0,0,0,0,-90000,0,0,0,0,90000,-90000,-90000
053744,台郡國票97購03  ,0,0,0,0,0,0,0,0,0,-90000,0,0,0,0,90000,-90000,-90000
052756,國巨群益96購02  ,0,0,0,0,0,0,0,0,0,-90000,0,0,0,0,90000,-90000,-90000
055526,台積電群益97購02,0,0,0,0,0,0,0,0,0,-90000,0,0,0,20000,110000,-90000,-90000
055606,矽創元大97購01  ,0,0,0,0,0,0,0,0,0,-90000,0,0,0,40000,130000,-90000,-90000
2852,第一保          ,5000,89000,-84000,0,0,0,0,0,0,-6000,0,6000,-6000,0,0,0,-90000
1531,高林股          ,0,90000,-90000,0,0,0,0,0,0,0,0,0,0,0,0,0,-90000
06946P,T50正2元大9C售01,0,0,0,0,0,0,0,0,0,-90000,0,0,0,0,90000,-90000,-90000
06750P,聯發科元富02售03,0,0,0,0,0,0,0,0,0,-90000,0,0,0,24000,114000,-90000,-90000
058368,奇鋐凱基9A購01  ,0,0,0,0,0,0,0,0,0,-91000,0,0,0,26000,117000,-91000,-91000
057847,聯茂永豐98購01  ,0,0,0,0,0,0,0,0,0,-91000,0,0,0,0,91000,-91000,-91000
056642,旺宏凱基98購07  ,0,0,0,0,0,0,0,0,0,-91000,0,0,0,50000,141000,-91000,-91000
051400,國巨永豐95購01  ,0,0,0,0,0,0,0,0,0,-91000,0,0,0,30000,121000,-91000,-91000
047687,元金2X富邦96購01,0,0,0,0,0,0,0,0,0,-91000,0,0,0,10000,101000,-91000,-91000
1718,中纖            ,656000,747000,-91000,0,0,0,0,0,0,0,0,0,0,0,0,0,-91000
6672,騰輝電子-KY     ,186000,277000,-91000,0,0,0,0,0,0,0,0,0,0,0,0,0,-91000
058138,晶相光元大9C購01,0,0,0,0,0,0,0,0,0,-92000,0,0,0,20000,112000,-92000,-92000
05100P,智邦凱基95售02  ,0,0,0,0,0,0,0,0,0,-92000,0,0,0,0,92000,-92000,-92000
051769,矽力元大95購01  ,0,0,0,0,0,0,0,0,0,-92000,0,0,0,41000,133000,-92000,-92000
054711,禾伸堂元富97購01,0,0,0,0,0,0,0,0,0,-92000,0,0,0,8000,100000,-92000,-92000
5234,達興材料        ,36000,120000,-84000,0,0,0,0,1000,-1000,-7000,1000,8000,-7000,0,0,0,-92000
6189,豐藝            ,24000,73000,-49000,0,0,0,0,0,0,-43000,3000,46000,-43000,0,0,0,-92000
1522,堤維西          ,132000,217000,-85000,0,0,0,0,4000,-4000,-3000,0,3000,-3000,0,0,0,-92000
058834,GIS永豐99購01   ,0,0,0,0,0,0,0,0,0,-93000,0,0,0,17000,110000,-93000,-93000
057532,智原元大98購03  ,0,0,0,0,0,0,0,0,0,-93000,0,0,0,0,93000,-93000,-93000
057634,道瓊反元大99購01,0,0,0,0,0,0,0,0,0,-93000,0,0,0,0,93000,-93000,-93000
057074,立積永豐98購01  ,0,0,0,0,0,0,0,0,0,-93000,0,0,0,15000,108000,-93000,-93000
051552,牧德永豐95購03  ,0,0,0,0,0,0,0,0,0,-93000,0,0,0,40000,133000,-93000,-93000
051490,世芯凱基96購01  ,0,0,0,0,0,0,0,0,0,-93000,0,0,0,355000,448000,-93000,-93000
054277,亞光群益97購01  ,0,0,0,0,0,0,0,0,0,-93000,0,0,0,1000,94000,-93000,-93000
055873,聚陽元富97購01  ,0,0,0,0,0,0,0,0,0,-93000,0,0,0,27000,120000,-93000,-93000
06718P,聯詠元大98售01  ,0,0,0,0,0,0,0,0,0,-93000,0,0,0,0,93000,-93000,-93000
057735,台灣50富邦9C購02,0,0,0,0,0,0,0,0,0,-94000,0,0,0,0,94000,-94000,-94000
056469,國巨元大99購01  ,0,0,0,0,0,0,0,0,0,-94000,0,0,0,58000,152000,-94000,-94000
06247P,同欣電元富97售02,0,0,0,0,0,0,0,0,0,-94000,0,0,0,41000,135000,-94000,-94000
048898,晶相光國泰96購01,0,0,0,0,0,0,0,0,0,-94000,0,0,0,635000,729000,-94000,-94000
05178P,大立光凱基96售05,0,0,0,0,0,0,0,0,0,-94000,0,0,0,21000,115000,-94000,-94000
054316,矽創凱基97購01  ,0,0,0,0,0,0,0,0,0,-94000,0,0,0,56000,150000,-94000,-94000
055349,京元電凱基97購02,0,0,0,0,0,0,0,0,0,-94000,0,0,0,230000,324000,-94000,-94000
06533P,上証2X中信9B售01,0,0,0,0,0,0,0,0,0,-94000,0,0,0,92000,186000,-94000,-94000
058103,台積電永豐98購06,0,0,0,0,0,0,0,0,0,-95000,0,0,0,50000,145000,-95000,-95000
056529,中環凱基98購01  ,0,0,0,0,0,0,0,0,0,-95000,0,0,0,115000,210000,-95000,-95000
057380,技嘉國泰9A購01  ,0,0,0,0,0,0,0,0,0,-95000,0,0,0,205000,300000,-95000,-95000
051381,玉晶光群益98購01,0,0,0,0,0,0,0,0,0,-95000,0,0,0,116000,211000,-95000,-95000
045428,彩晶凱基94購01  ,0,0,0,0,0,0,0,0,0,-95000,0,0,0,5000,100000,-95000,-95000
054733,鴻海凱基98購04  ,0,0,0,0,0,0,0,0,0,-95000,0,0,0,0,95000,-95000,-95000
055021,亞德客國泰98購01,0,0,0,0,0,0,0,0,0,-95000,0,0,0,104000,199000,-95000,-95000
054318,台虹凱基98購01  ,0,0,0,0,0,0,0,0,0,-95000,0,0,0,26000,121000,-95000,-95000
054802,高股息元大97購01,0,0,0,0,0,0,0,0,0,-95000,0,0,0,0,95000,-95000,-95000
057047,華新科元大99購07,0,0,0,0,0,0,0,0,0,-96000,0,0,0,4000,100000,-96000,-96000
058568,宏達電凱基9A購02,0,0,0,0,0,0,0,0,0,-96000,0,0,0,64000,160000,-96000,-96000
049483,台積電元大94購12,0,0,0,0,0,0,0,0,0,-96000,0,0,0,150000,246000,-96000,-96000
050566,高股息中信97購02,0,0,0,0,0,0,0,0,0,-96000,0,0,0,20000,116000,-96000,-96000
052297,旭富國票96購01  ,0,0,0,0,0,0,0,0,0,-96000,0,0,0,37000,133000,-96000,-96000
4536,拓凱            ,29000,94000,-65000,0,0,0,0,26000,-26000,-5000,0,2000,-2000,0,3000,-3000,-96000
05994P,奇鋐元大96售02  ,0,0,0,0,0,0,0,0,0,-97000,0,0,0,125000,222000,-97000,-97000
056318,鴻海群益98購02  ,0,0,0,0,0,0,0,0,0,-97000,0,0,0,8000,105000,-97000,-97000
057831,聯發科元富02購04,0,0,0,0,0,0,0,0,0,-97000,0,0,0,6000,103000,-97000,-97000
04996P,台積電凱基95售02,0,0,0,0,0,0,0,0,0,-97000,0,0,0,3000,100000,-97000,-97000
05477P,華新科群益95售06,0,0,0,0,0,0,0,0,0,-97000,0,0,0,0,97000,-97000,-97000
6715,嘉基            ,22000,93000,-71000,0,0,0,0,0,0,-26000,0,26000,-26000,0,0,0,-97000
06642P,可成兆豐98售01  ,0,0,0,0,0,0,0,0,0,-97000,0,0,0,3000,100000,-97000,-97000
2010,春源            ,33000,130000,-97000,0,0,0,0,0,0,0,0,0,0,0,0,0,-97000
056534,京元電凱基98購01,0,0,0,0,0,0,0,0,0,-98000,0,0,0,15000,113000,-98000,-98000
056604,鴻海富邦9A購01  ,0,0,0,0,0,0,0,0,0,-98000,0,0,0,10000,108000,-98000,-98000
058528,世紀鋼元大99購02,0,0,0,0,0,0,0,0,0,-98000,0,0,0,334000,432000,-98000,-98000
058376,貿聯凱基9A購01  ,0,0,0,0,0,0,0,0,0,-98000,0,0,0,96000,194000,-98000,-98000
058212,華新科群益9A購01,0,0,0,0,0,0,0,0,0,-98000,0,0,0,102000,200000,-98000,-98000
04878P,國巨康和94售02  ,0,0,0,0,0,0,0,0,0,-98000,0,0,0,0,98000,-98000,-98000
054317,昇陽半凱基98購01,0,0,0,0,0,0,0,0,0,-98000,0,0,0,2000,100000,-98000,-98000
052004,泰碩國泰97購03  ,0,0,0,0,0,0,0,0,0,-98000,0,0,0,164000,262000,-98000,-98000
055651,富邦金元富97購01,0,0,0,0,0,0,0,0,0,-98000,0,0,0,1030000,1128000,-98000,-98000
1773,勝一            ,12000,110000,-98000,0,0,0,0,0,0,0,0,0,0,0,0,0,-98000
2486,一詮            ,28000,125000,-97000,0,0,0,0,0,0,-1000,0,1000,-1000,0,0,0,-98000
07012P,智邦群益9A售01  ,0,0,0,0,0,0,0,0,0,-98000,0,0,0,22000,120000,-98000,-98000
06165P,臺股指凱基9A售03,0,0,0,0,0,0,0,0,0,-99000,0,0,0,1435000,1534000,-99000,-99000
056369,彩晶元大01購01  ,0,0,0,0,0,0,0,0,0,-99000,0,0,0,0,99000,-99000,-99000
03428P,台積電元大02售28,0,0,0,0,0,0,0,0,0,-99000,0,0,0,21000,120000,-99000,-99000
06734P,智邦凱基98售05  ,0,0,0,0,0,0,0,0,0,-99000,0,0,0,18000,117000,-99000,-99000
06461P,玉晶光國泰9A售01,0,0,0,0,0,0,0,0,0,-99000,0,0,0,10000,109000,-99000,-99000
2488,漢平            ,21000,120000,-99000,0,0,0,0,0,0,0,0,0,0,0,0,0,-99000
2359,所羅門          ,221000,320000,-99000,0,0,0,0,0,0,0,1000,1000,0,0,0,0,-99000
056441,燿華凱基98購01  ,0,0,0,0,0,0,0,0,0,-100000,0,0,0,0,100000,-100000,-100000
056937,智原元富98購01  ,0,0,0,0,0,0,0,0,0,-100000,0,0,0,0,100000,-100000,-100000
056896,南亞科元大98購01,0,0,0,0,0,0,0,0,0,-100000,0,0,0,0,100000,-100000,-100000
057430,富邦金兆豐98購01,0,0,0,0,0,0,0,0,0,-100000,0,0,0,0,100000,-100000,-100000
057220,鈺齊群益98購01  ,0,0,0,0,0,0,0,0,0,-100000,0,0,0,0,100000,-100000,-100000
057205,元翎元富98購01  ,0,0,0,0,0,0,0,0,0,-100000,0,0,0,30000,130000,-100000,-100000
057208,上海銀元富98購01,0,0,0,0,0,0,0,0,0,-100000,0,0,0,300000,400000,-100000,-100000
058859,元油2X凱基9A購08,0,0,0,0,0,0,0,0,0,-100000,0,0,0,0,100000,-100000,-100000
058192,訊芯永豐99購01  ,0,0,0,0,0,0,0,0,0,-100000,0,0,0,0,100000,-100000,-100000
057993,中環中信98購01  ,0,0,0,0,0,0,0,0,0,-100000,0,0,0,0,100000,-100000,-100000
058292,上銀凱基9A購01  ,0,0,0,0,0,0,0,0,0,-100000,0,0,0,20000,120000,-100000,-100000
047989,深中小元大96購02,0,0,0,0,0,0,0,0,0,-100000,0,0,0,0,100000,-100000,-100000
04175P,台積電群益94售05,0,0,0,0,0,0,0,0,0,-100000,0,0,0,200000,300000,-100000,-100000
04431P,牧德元大94售03  ,0,0,0,0,0,0,0,0,0,-100000,0,0,0,0,100000,-100000,-100000
048243,儒鴻兆豐94購01  ,0,0,0,0,0,0,0,0,0,-100000,0,0,0,0,100000,-100000,-100000
04417P,光罩國泰95售02  ,0,0,0,0,0,0,0,0,0,-100000,0,0,0,0,100000,-100000,-100000
051031,康友元富95購02  ,0,0,0,0,0,0,0,0,0,-100000,0,0,0,0,100000,-100000,-100000
044930,元黃金富邦93購01,0,0,0,0,0,0,0,0,0,-100000,0,0,0,0,100000,-100000,-100000
04717P,和大凱基94售02  ,0,0,0,0,0,0,0,0,0,-100000,0,0,0,1000,101000,-100000,-100000
045598,上証2X中信94購02,0,0,0,0,0,0,0,0,0,-100000,0,0,0,0,100000,-100000,-100000
049283,滬深2X中信95購10,0,0,0,0,0,0,0,0,0,-100000,0,0,0,0,100000,-100000,-100000
054012,廣達永豐96購01  ,0,0,0,0,0,0,0,0,0,-100000,0,0,0,0,100000,-100000,-100000
050552,禾伸堂凱基94購05,0,0,0,0,0,0,0,0,0,-100000,0,0,0,0,100000,-100000,-100000
050347,上証2X群益98購01,0,0,0,0,0,0,0,0,0,-100000,0,0,0,0,100000,-100000,-100000
052800,國巨元大96購05  ,0,0,0,0,0,0,0,0,0,-100000,0,0,0,0,100000,-100000,-100000
052794,群創兆豐97購01  ,0,0,0,0,0,0,0,0,0,-100000,0,0,0,0,100000,-100000,-100000
05462P,美律亞東97售01  ,0,0,0,0,0,0,0,0,0,-100000,0,0,0,0,100000,-100000,-100000
056159,牧德凱基99購01  ,0,0,0,0,0,0,0,0,0,-100000,0,0,0,0,100000,-100000,-100000
051601,群創兆豐95購02  ,0,0,0,0,0,0,0,0,0,-100000,0,0,0,0,100000,-100000,-100000
05156P,群創兆豐95售01  ,0,0,0,0,0,0,0,0,0,-100000,0,0,0,0,100000,-100000,-100000
051804,新光金日盛95購01,0,0,0,0,0,0,0,0,0,-100000,0,0,0,0,100000,-100000,-100000
052635,奇力新凱基98購01,0,0,0,0,0,0,0,0,0,-100000,0,0,0,0,100000,-100000,-100000
053175,矽力群益96購01  ,0,0,0,0,0,0,0,0,0,-100000,0,0,0,0,100000,-100000,-100000
053130,聯發科麥證96購01,0,0,0,0,100000,-100000,0,0,0,-100000,0,0,0,0,100000,-100000,-100000
052040,臺股指永昌95購01,0,0,0,0,0,0,0,0,0,-100000,0,0,0,0,100000,-100000,-100000
052059,臺股指凱基95購17,0,0,0,0,0,0,0,0,0,-100000,0,0,0,0,100000,-100000,-100000
052047,建準凱基96購01  ,0,0,0,0,0,0,0,0,0,-100000,0,0,0,0,100000,-100000,-100000
051729,華新國票96購01  ,0,0,0,0,0,0,0,0,0,-100000,0,0,0,0,100000,-100000,-100000
051898,富邦金國泰97購01,0,0,0,0,0,0,0,0,0,-100000,0,0,0,0,100000,-100000,-100000
055360,台表科凱基97購02,0,0,0,0,0,0,0,0,0,-100000,0,0,0,0,100000,-100000,-100000
052498,台積電永豐95購06,0,0,0,0,0,0,0,0,0,-100000,0,0,0,0,100000,-100000,-100000
055010,佐登元富97購01  ,0,0,0,0,0,0,0,0,0,-100000,0,0,0,0,100000,-100000,-100000
054325,奇力新台新97購03,0,0,0,0,0,0,0,0,0,-100000,0,0,0,0,100000,-100000,-100000
053865,欣興元大97購02  ,0,0,0,0,0,0,0,0,0,-100000,0,0,0,0,100000,-100000,-100000
054253,宏達電元大97購03,0,0,0,0,0,0,0,0,0,-100000,0,0,0,0,100000,-100000,-100000
054798,超眾群益97購01  ,0,0,0,0,0,0,0,0,0,-100000,0,0,0,0,100000,-100000,-100000
06434P,超眾群益98售02  ,0,0,0,0,0,0,0,0,0,-100000,0,0,0,0,100000,-100000,-100000
06731P,聯茂元大98售05  ,0,0,0,0,0,0,0,0,0,-100000,0,0,0,10000,110000,-100000,-100000
057516,和鑫元富98購01  ,0,0,0,0,0,0,0,0,0,-101000,0,0,0,50000,151000,-101000,-101000
04919P,聯詠凱基94售05  ,0,0,0,0,0,0,0,0,0,-101000,0,0,0,0,101000,-101000,-101000
2204,中華            ,154000,147000,7000,0,0,0,0,0,0,-108000,0,108000,-108000,0,0,0,-101000
056906,玉晶光元大9B購01,0,0,0,0,0,0,0,0,0,-102000,0,0,0,170000,272000,-102000,-102000
056754,智易兆豐99購01  ,0,0,0,0,0,0,0,0,0,-102000,0,0,0,48000,150000,-102000,-102000
05891P,聯發科中信98售03,0,0,0,0,0,0,0,0,0,-102000,0,0,0,0,102000,-102000,-102000
058826,台積電永豐99購02,0,0,0,0,0,0,0,0,0,-102000,0,0,0,0,102000,-102000,-102000
05946P,和碩中信96售01  ,0,0,0,0,0,0,0,0,0,-102000,0,0,0,7000,109000,-102000,-102000
05049P,矽創永豐95售01  ,0,0,0,0,0,0,0,0,0,-102000,0,0,0,18000,120000,-102000,-102000
054195,亞泥國泰98購01  ,0,0,0,0,0,0,0,0,0,-102000,0,0,0,117000,219000,-102000,-102000
054712,上証2X中信98購02,0,0,0,0,0,0,0,0,0,-102000,0,0,0,0,102000,-102000,-102000
055631,創意永豐98購01  ,0,0,0,0,0,0,0,0,0,-102000,0,0,0,0,102000,-102000,-102000
1452,宏益            ,12000,114000,-102000,0,0,0,0,0,0,0,0,0,0,0,0,0,-102000
06262P,國巨凱基97售07  ,0,0,0,0,0,0,0,0,0,-102000,0,0,0,300000,402000,-102000,-102000
057798,貿聯兆豐99購01  ,0,0,0,0,0,0,0,0,0,-103000,0,0,0,0,103000,-103000,-103000
03615C,臺股指元大94牛01,0,0,0,0,0,0,0,0,0,-103000,0,0,0,89000,192000,-103000,-103000
055855,牧德元大99購02  ,0,0,0,0,0,0,0,0,0,-103000,0,0,0,0,103000,-103000,-103000
06408P,聯茂元富97售02  ,0,0,0,0,0,0,0,0,0,-103000,0,0,0,7000,110000,-103000,-103000
2536,宏普            ,81000,181000,-100000,0,0,0,0,0,0,-3000,0,3000,-3000,0,0,0,-103000
3029,零壹            ,334000,438000,-104000,0,0,0,0,0,0,1000,1000,0,1000,0,0,0,-103000
8163,達方            ,717000,632000,85000,0,0,0,1000,188000,-187000,-1000,6000,5000,1000,0,2000,-2000,-103000
057303,喬山兆豐99購01  ,0,0,0,0,0,0,0,0,0,-104000,0,0,0,130000,234000,-104000,-104000
058682,聯發科凱基99購07,0,0,0,0,0,0,0,0,0,-104000,0,0,0,0,104000,-104000,-104000
052682,上銀元大97購01  ,0,0,0,0,0,0,0,0,0,-104000,0,0,0,120000,224000,-104000,-104000
052684,旺宏元大98購01  ,0,0,0,0,0,0,0,0,0,-104000,0,0,0,36000,140000,-104000,-104000
053120,復盛中信9A購01  ,0,0,0,0,0,0,0,0,0,-104000,0,0,0,36000,140000,-104000,-104000
054977,SP黃豆元富9B購01,0,0,0,0,0,0,0,0,0,-104000,0,0,0,0,104000,-104000,-104000
051919,台郡元大96購02  ,0,0,0,0,0,0,0,0,0,-104000,0,0,0,10000,114000,-104000,-104000
058932,FBVIX台新99購01 ,0,0,0,0,0,0,0,0,0,-105000,0,0,0,1000,106000,-105000,-105000
057272,台積電元大98購14,0,0,0,0,0,0,0,0,0,-105000,0,0,0,1142000,1247000,-105000,-105000
056935,華新科元富98購02,0,0,0,0,0,0,0,0,0,-105000,0,0,0,40000,145000,-105000,-105000
050927,聯詠凱基95購01  ,0,0,0,0,0,0,0,0,0,-105000,0,0,0,0,105000,-105000,-105000
04434P,玉晶光國票96售02,0,0,0,0,0,0,0,0,0,-105000,0,0,0,0,105000,-105000,-105000
048760,S&P反1凱基94購01,0,0,0,0,0,0,0,0,0,-105000,0,0,0,0,105000,-105000,-105000
053398,和鑫中信99購01  ,0,0,0,0,0,0,0,0,0,-105000,0,0,0,0,105000,-105000,-105000
052326,滬深反中信99購01,0,0,0,0,0,0,0,0,0,-105000,0,0,0,431000,536000,-105000,-105000
053482,矽力元大96購03  ,0,0,0,0,0,0,0,0,0,-105000,0,0,0,192000,297000,-105000,-105000
055507,樺漢元大98購02  ,0,0,0,0,0,0,0,0,0,-105000,0,0,0,0,105000,-105000,-105000
5522,遠雄            ,477000,361000,116000,0,0,0,0,0,0,-221000,0,221000,-221000,0,0,0,-105000
3094,聯傑            ,26000,131000,-105000,0,0,0,0,0,0,0,0,0,0,0,0,0,-105000
2493,揚博            ,9000,108000,-99000,0,0,0,0,0,0,-6000,0,6000,-6000,0,0,0,-105000
1315,達新            ,58000,161000,-103000,0,0,0,0,2000,-2000,0,0,0,0,0,0,0,-105000
056474,華新科元大99購05,0,0,0,0,0,0,0,0,0,-106000,0,0,0,14000,120000,-106000,-106000
057091,華新科元富9A購01,0,0,0,0,0,0,0,0,0,-106000,0,0,0,440000,546000,-106000,-106000
057645,華新科元大99購11,0,0,0,0,0,0,0,0,0,-106000,0,0,0,125000,231000,-106000,-106000
04953P,台積電群益94售13,0,0,0,0,0,0,0,0,0,-106000,0,0,0,49000,155000,-106000,-106000
054122,康友永豐96購01  ,0,0,0,0,0,0,0,0,0,-106000,0,0,0,0,106000,-106000,-106000
057138,亞德客兆豐98購01,0,0,0,0,0,0,0,0,0,-107000,0,0,0,0,107000,-107000,-107000
058710,臺股指元大9A購23,0,0,0,0,0,0,0,0,0,-107000,0,0,0,100000,207000,-107000,-107000
06238P,台積電元大98售07,0,0,0,0,0,0,0,0,0,-107000,0,0,0,315000,422000,-107000,-107000
053282,彩晶元大9C購01  ,0,0,0,0,0,0,0,0,0,-107000,0,0,0,15000,122000,-107000,-107000
049894,嘉聯益富邦98購01,0,0,0,0,0,0,0,0,0,-107000,0,0,0,0,107000,-107000,-107000
053279,景碩元大97購01  ,0,0,0,0,0,0,0,0,0,-107000,0,0,0,5000,112000,-107000,-107000
051562,玉晶光國泰97購05,0,0,0,0,0,0,0,0,0,-107000,0,0,0,74000,181000,-107000,-107000
06307P,聚陽元富97售02  ,0,0,0,0,0,0,0,0,0,-107000,0,0,0,8000,115000,-107000,-107000
06019P,緯穎凱基96售03  ,0,0,0,0,0,0,0,0,0,-108000,0,0,0,161000,269000,-108000,-108000
057953,聚陽元大98購01  ,0,0,0,0,0,0,0,0,0,-108000,0,0,0,105000,213000,-108000,-108000
057703,矽力群益98購01  ,0,0,0,0,0,0,0,0,0,-108000,0,0,0,0,108000,-108000,-108000
04923P,GIS凱基94售06   ,0,0,0,0,0,0,0,0,0,-108000,0,0,0,6000,114000,-108000,-108000
051038,健策台新95購01  ,0,0,0,0,0,0,0,0,0,-108000,0,0,0,90000,198000,-108000,-108000
00690,兆豐藍籌30      ,3000,5000,-2000,0,0,0,0,0,0,-106000,0,0,0,166000,272000,-106000,-108000
052456,滬深2X元富9B購03,0,0,0,0,0,0,0,0,0,-108000,0,0,0,0,108000,-108000,-108000
055163,訊芯元大98購01  ,0,0,0,0,0,0,0,0,0,-108000,0,0,0,22000,130000,-108000,-108000
056325,群創兆豐9A購01  ,0,0,0,0,0,0,0,0,0,-109000,0,0,0,0,109000,-109000,-109000
047457,旺宏群益95購01  ,0,0,0,0,0,0,0,0,0,-109000,0,0,0,1000,110000,-109000,-109000
051487,健策凱基96購03  ,0,0,0,0,0,0,0,0,0,-109000,0,0,0,0,109000,-109000,-109000
050155,華新科群益95購01,0,0,0,0,0,0,0,0,0,-109000,0,0,0,86000,195000,-109000,-109000
05601P,鴻海元大97售04  ,0,0,0,0,0,0,0,0,0,-109000,0,0,0,242000,351000,-109000,-109000
06564P,國巨富邦9A售04  ,0,0,0,0,0,0,0,0,0,-109000,0,0,0,0,109000,-109000,-109000
3705,永信            ,43000,152000,-109000,0,0,0,0,0,0,0,0,0,0,0,0,0,-109000
056316,訊芯元大98購03  ,0,0,0,0,0,0,0,0,0,-110000,0,0,0,0,110000,-110000,-110000
056993,GIS兆豐99購01   ,0,0,0,0,0,0,0,0,0,-110000,0,0,0,0,110000,-110000,-110000
057527,億光元大98購01  ,0,0,0,0,0,0,0,0,0,-110000,0,0,0,0,110000,-110000,-110000
057302,福懋科中信98購01,0,0,0,0,0,0,0,0,0,-110000,0,0,0,0,110000,-110000,-110000
049170,亞德客凱基94購01,0,0,0,0,0,0,0,0,0,-110000,0,0,0,0,110000,-110000,-110000
049287,可成兆豐95購01  ,0,0,0,0,0,0,0,0,0,-110000,0,0,0,0,110000,-110000,-110000
049056,玉晶光永豐95購03,0,0,0,0,0,0,0,0,0,-110000,0,0,0,0,110000,-110000,-110000
047774,台表科元大95購01,0,0,0,0,0,0,0,0,0,-110000,0,0,0,110000,220000,-110000,-110000
056037,美律凱基98購03  ,0,0,0,0,0,0,0,0,0,-110000,0,0,0,0,110000,-110000,-110000
054944,精元元大97購01  ,0,0,0,0,0,0,0,0,0,-110000,0,0,0,30000,140000,-110000,-110000
053885,全新兆豐96購01  ,0,0,0,0,0,0,0,0,0,-110000,0,0,0,0,110000,-110000,-110000
06862P,大立光凱基98售16,0,0,0,0,0,0,0,0,0,-110000,0,0,0,76000,186000,-110000,-110000
2727,王品            ,54000,131000,-77000,0,0,0,0,33000,-33000,0,0,0,0,0,0,0,-110000
058310,大立光元大99購10,0,0,0,0,0,0,0,0,0,-111000,0,0,0,93000,204000,-111000,-111000
055028,佐登國泰98購01  ,0,0,0,0,0,0,0,0,0,-111000,0,0,0,0,111000,-111000,-111000
055474,欣興凱基97購05  ,0,0,0,0,0,0,0,0,0,-111000,0,0,0,136000,247000,-111000,-111000
06537P,華通凱基98售04  ,0,0,0,0,0,0,0,0,0,-111000,0,0,0,0,111000,-111000,-111000
6477,安集            ,27000,129000,-102000,0,0,0,0,0,0,-9000,0,9000,-9000,0,0,0,-111000
052920,景碩台新96購02  ,0,0,0,0,0,0,0,0,0,-112000,0,0,0,0,112000,-112000,-112000
2476,鉅祥            ,23000,135000,-112000,0,0,0,0,0,0,0,0,0,0,0,0,0,-112000
2461,光群雷          ,218000,330000,-112000,0,0,0,0,0,0,0,0,0,0,0,0,0,-112000
058186,聯發科永豐99購01,0,0,0,0,0,0,0,0,0,-113000,0,0,0,300000,413000,-113000,-113000
058767,亞德客兆豐99購01,0,0,0,0,0,0,0,0,0,-113000,0,0,0,130000,243000,-113000,-113000
055499,大立光元大98購05,0,0,0,0,0,0,0,0,0,-113000,0,0,0,63000,176000,-113000,-113000
3013,晟銘電          ,4000,118000,-114000,0,0,0,0,0,0,1000,1000,0,1000,0,0,0,-113000
056982,華新科群益98購05,0,0,0,0,0,0,0,0,0,-114000,0,0,0,0,114000,-114000,-114000
054594,國巨麥證97購01  ,0,0,0,51000,165000,-114000,0,0,0,-114000,0,0,0,51000,165000,-114000,-114000
053883,大立光中信98購02,0,0,0,0,0,0,0,0,0,-114000,0,0,0,0,114000,-114000,-114000
057802,卜蜂元大98購01  ,0,0,0,0,0,0,0,0,0,-115000,0,0,0,0,115000,-115000,-115000
057862,智邦凱基99購01  ,0,0,0,0,0,0,0,0,0,-115000,0,0,0,22000,137000,-115000,-115000
058943,元石油群益9C購01,0,0,0,0,0,0,0,0,0,-115000,0,0,0,0,115000,-115000,-115000
06224P,可成元富97售02  ,0,0,0,0,0,0,0,0,0,-115000,0,0,0,25000,140000,-115000,-115000
048975,玉晶光元大94購03,0,0,0,0,0,0,0,0,0,-115000,0,0,0,26000,141000,-115000,-115000
05480P,滬深2X凱基96售05,0,0,0,0,0,0,0,0,0,-115000,0,0,0,0,115000,-115000,-115000
055303,鈺齊元大97購01  ,0,0,0,0,0,0,0,0,0,-115000,0,0,0,0,115000,-115000,-115000
051961,泰碩永豐95購01  ,0,0,0,0,0,0,0,0,0,-115000,0,0,0,20000,135000,-115000,-115000
2849,安泰銀          ,13000,120000,-107000,0,0,0,0,0,0,-8000,0,8000,-8000,0,0,0,-115000
2103,台橡            ,412000,424000,-12000,0,0,0,0,0,0,-103000,0,103000,-103000,0,0,0,-115000
06554P,臺股指元大99售06,0,0,0,0,0,0,0,0,0,-115000,0,0,0,403000,518000,-115000,-115000
06890P,金融類元大98售02,0,0,0,0,0,0,0,0,0,-115000,0,0,0,0,115000,-115000,-115000
5519,隆大            ,47000,162000,-115000,0,0,0,0,0,0,0,0,0,0,0,0,0,-115000
057813,京元電元大98購03,0,0,0,0,0,0,0,0,0,-116000,0,0,0,84000,200000,-116000,-116000
053307,泰碩凱基97購01  ,0,0,0,0,0,0,0,0,0,-116000,0,0,0,91000,207000,-116000,-116000
04798P,牧德元大95售02  ,0,0,0,0,0,0,0,0,0,-116000,0,0,0,0,116000,-116000,-116000
05295P,緯創凱基95售01  ,0,0,0,0,0,0,0,0,0,-116000,0,0,0,17000,133000,-116000,-116000
5521,工信            ,172000,288000,-116000,0,0,0,0,0,0,0,0,0,0,0,0,0,-116000
06891P,緯穎富邦99售03  ,0,0,0,0,0,0,0,0,0,-116000,0,0,0,20000,136000,-116000,-116000
047825,道瓊反元大96購01,0,0,0,0,0,0,0,0,0,-117000,0,0,0,25000,142000,-117000,-117000
056092,亞德客元富97購02,0,0,0,0,0,0,0,0,0,-117000,0,0,0,5000,122000,-117000,-117000
3338,泰碩            ,1601000,1427000,174000,0,0,0,8000,146000,-138000,-153000,90000,59000,31000,79000,263000,-184000,-117000
058768,南港兆豐99購01  ,0,0,0,0,0,0,0,0,0,-118000,0,0,0,284000,402000,-118000,-118000
058235,大立光元大99購08,0,0,0,0,0,0,0,0,0,-118000,0,0,0,323000,441000,-118000,-118000
055697,牧德國票98購01  ,0,0,0,0,0,0,0,0,0,-118000,0,0,0,22000,140000,-118000,-118000
055022,精元國泰99購01  ,0,0,0,0,0,0,0,0,0,-118000,0,0,0,147000,265000,-118000,-118000
06889P,臺股指元大98售13,0,0,0,0,0,0,0,0,0,-118000,0,0,0,45000,163000,-118000,-118000
06995P,臺股指凱基99售16,0,0,0,0,0,0,0,0,0,-118000,0,0,0,4000,122000,-118000,-118000
2102,泰豐            ,177000,295000,-118000,0,0,0,0,0,0,0,0,0,0,0,0,0,-118000
1449,佳和            ,46000,164000,-118000,0,0,0,0,0,0,0,0,0,0,0,0,0,-118000
056786,亞光群益98購03  ,0,0,0,0,0,0,0,0,0,-119000,0,0,0,0,119000,-119000,-119000
056230,可成凱基98購03  ,0,0,0,0,0,0,0,0,0,-119000,0,0,0,0,119000,-119000,-119000
051089,旺宏元大96購04  ,0,0,0,0,0,0,0,0,0,-119000,0,0,0,15000,134000,-119000,-119000
056219,T50反1日盛02購01,0,0,0,0,0,0,0,0,0,-119000,0,0,0,14000,133000,-119000,-119000
3028,增你強          ,14000,133000,-119000,0,0,0,0,0,0,0,1000,1000,0,0,0,0,-119000
056464,臺股指凱基99購06,0,0,0,0,0,0,0,0,0,-120000,0,0,0,0,120000,-120000,-120000
056775,康控元大99購01  ,0,0,0,0,0,0,0,0,0,-120000,0,0,0,0,120000,-120000,-120000
058203,信邦凱基99購01  ,0,0,0,0,0,0,0,0,0,-120000,0,0,0,20000,140000,-120000,-120000
058160,奇鋐元富99購01  ,0,0,0,0,0,0,0,0,0,-120000,0,0,0,10000,130000,-120000,-120000
058296,明泰凱基99購01  ,0,0,0,0,0,0,0,0,0,-120000,0,0,0,0,120000,-120000,-120000
05965P,健策凱基96售05  ,0,0,0,0,0,0,0,0,0,-120000,0,0,0,20000,140000,-120000,-120000
059060,大立光凱基9A購03,0,0,0,0,0,0,0,0,0,-120000,0,0,0,0,120000,-120000,-120000
051431,群創元富99購02  ,0,0,0,0,0,0,0,0,0,-120000,0,0,0,0,120000,-120000,-120000
051349,國巨元大95購08  ,0,0,0,0,0,0,0,0,0,-120000,0,0,0,0,120000,-120000,-120000
052125,群創國票95購02  ,0,0,0,0,0,0,0,0,0,-120000,0,0,0,0,120000,-120000,-120000
048895,光罩國泰95購01  ,0,0,0,0,0,0,0,0,0,-120000,0,0,0,0,120000,-120000,-120000
04752P,大立光群益94售07,0,0,0,0,0,0,0,0,0,-120000,0,0,0,0,120000,-120000,-120000
044468,台積電群益93購01,0,0,0,0,0,0,0,0,0,-120000,0,0,0,10000,130000,-120000,-120000
055968,祥碩元大97購04  ,0,0,0,0,0,0,0,0,0,-120000,0,0,0,59000,179000,-120000,-120000
051798,國巨永豐95購03  ,0,0,0,0,0,0,0,0,0,-120000,0,0,0,0,120000,-120000,-120000
052518,道瓊反元大95購02,0,0,0,0,0,0,0,0,0,-120000,0,0,0,2000,122000,-120000,-120000
05411P,台積電國票96售08,0,0,0,0,0,0,0,0,0,-120000,0,0,0,0,120000,-120000,-120000
4977,眾達-KY         ,339000,497000,-158000,0,0,0,38000,0,38000,0,46000,40000,6000,0,6000,-6000,-120000
058766,力山兆豐99購01  ,0,0,0,0,0,0,0,0,0,-121000,0,0,0,0,121000,-121000,-121000
056851,瑞儀元富98購01  ,0,0,0,0,0,0,0,0,0,-121000,0,0,0,25000,146000,-121000,-121000
044805,旭富凱基93購01  ,0,0,0,0,0,0,0,0,0,-121000,0,0,0,10000,131000,-121000,-121000
047833,全新元大94購02  ,0,0,0,0,0,0,0,0,0,-121000,0,0,0,0,121000,-121000,-121000
053962,聯茂永豐96購01  ,0,0,0,0,0,0,0,0,0,-121000,0,0,0,0,121000,-121000,-121000
055358,臻鼎凱基97購01  ,0,0,0,0,0,0,0,0,0,-121000,0,0,0,14000,135000,-121000,-121000
1810,和成            ,2000,116000,-114000,0,0,0,0,0,0,-7000,0,7000,-7000,0,0,0,-121000
058209,臺股指凱基01購01,0,0,0,0,0,0,0,0,0,-122000,0,0,0,22000,144000,-122000,-122000
05179P,大立光凱基96售06,0,0,0,0,0,0,0,0,0,-122000,0,0,0,22000,144000,-122000,-122000
052595,奇力新群益96購01,0,0,0,0,0,0,0,0,0,-122000,0,0,0,20000,142000,-122000,-122000
06736P,新日興凱基98售03,0,0,0,0,0,0,0,0,0,-122000,0,0,0,0,122000,-122000,-122000
047685,嘉聯益國泰95購01,0,0,0,0,0,0,0,0,0,-123000,0,0,0,0,123000,-123000,-123000
05504P,台積電凱基96售04,0,0,0,0,0,0,0,0,0,-123000,0,0,0,1377000,1500000,-123000,-123000
2059,川湖            ,25000,147000,-122000,0,0,0,6000,1000,5000,-6000,2000,8000,-6000,0,0,0,-123000
057232,京元電凱基98購02,0,0,0,0,0,0,0,0,0,-124000,0,0,0,0,124000,-124000,-124000
035277,景碩台新97購01  ,0,0,0,0,0,0,0,0,0,-124000,0,0,0,0,124000,-124000,-124000
056015,華通群益99購01  ,0,0,0,0,0,0,0,0,0,-124000,0,0,0,30000,154000,-124000,-124000
058837,SGBR2X中信9C購01,0,0,0,0,0,0,0,0,0,-125000,0,0,0,100000,225000,-125000,-125000
056060,宏達電元大99購01,0,0,0,0,0,0,0,0,0,-125000,0,0,0,118000,243000,-125000,-125000
052206,燿華中信95購02  ,0,0,0,0,0,0,0,0,0,-125000,0,0,0,0,125000,-125000,-125000
06866P,聯發科元大98售13,0,0,0,0,0,0,0,0,0,-125000,0,0,0,35000,160000,-125000,-125000
06992P,玉晶光日盛9B售01,0,0,0,0,0,0,0,0,0,-125000,0,0,0,4000,129000,-125000,-125000
06538P,國巨凱基98售11  ,0,0,0,0,0,0,0,0,0,-125000,0,0,0,0,125000,-125000,-125000
06644P,亞德客元大98售03,0,0,0,0,0,0,0,0,0,-125000,0,0,0,10000,135000,-125000,-125000
06125P,楠梓電元富99售01,0,0,0,0,0,0,0,0,0,-126000,0,0,0,33000,159000,-126000,-126000
057445,華通元富02購01  ,0,0,0,0,0,0,0,0,0,-126000,0,0,0,10000,136000,-126000,-126000
057764,台表科凱基9A購01,0,0,0,0,0,0,0,0,0,-126000,0,0,0,0,126000,-126000,-126000
050101,台積電永昌96購03,0,0,0,0,0,0,0,0,0,-126000,0,0,0,140000,266000,-126000,-126000
051397,聯茂兆豐95購03  ,0,0,0,0,0,0,0,0,0,-126000,0,0,0,0,126000,-126000,-126000
051849,旺宏中信98購01  ,0,0,0,0,0,0,0,0,0,-126000,0,0,0,84000,210000,-126000,-126000
06964P,臺股指凱基9B售01,0,0,0,0,0,0,0,0,0,-126000,0,0,0,64000,190000,-126000,-126000
048847,A50群益98購01   ,0,0,0,0,0,0,0,0,0,-127000,0,0,0,0,127000,-127000,-127000
046155,道瓊反群益94購01,0,0,0,0,0,0,0,0,0,-127000,0,0,0,0,127000,-127000,-127000
052926,旺宏元大98購02  ,0,0,0,0,0,0,0,0,0,-127000,0,0,0,30000,157000,-127000,-127000
052269,T50反1日盛9B購01,0,0,0,0,0,0,0,0,0,-127000,0,0,0,5000,132000,-127000,-127000
07093P,台積電凱基99售07,0,0,0,0,0,0,0,0,0,-127000,0,0,0,0,127000,-127000,-127000
03686P,大立光統一98售02,0,0,0,0,0,0,0,0,0,-128000,0,0,0,2000,130000,-128000,-128000
05004P,健策統一95售01  ,0,0,0,0,0,0,0,0,0,-128000,0,0,0,10000,138000,-128000,-128000
050219,台積電元富95購03,0,0,0,0,0,0,0,0,0,-128000,0,0,0,0,128000,-128000,-128000
053443,智邦凱基97購01  ,0,0,0,0,0,0,0,0,0,-128000,0,0,0,41000,169000,-128000,-128000
051995,矽力元大95購03  ,0,0,0,0,0,0,0,0,0,-128000,0,0,0,0,128000,-128000,-128000
2614,東森            ,387000,515000,-128000,0,0,0,0,0,0,0,0,0,0,0,0,0,-128000
3576,聯合再生        ,988000,1116000,-128000,0,0,0,0,0,0,0,0,0,0,0,0,0,-128000
052179,康友元大95購03  ,0,0,0,0,0,0,0,0,0,-129000,0,0,0,71000,200000,-129000,-129000
039550,滬深反凱基94購01,0,0,0,0,0,0,0,0,0,-129000,0,0,0,1000,130000,-129000,-129000
3033,威健            ,63000,192000,-129000,0,0,0,0,0,0,0,0,0,0,0,0,0,-129000
057865,富邦金凱基98購01,0,0,0,0,0,0,0,0,0,-130000,0,0,0,0,130000,-130000,-130000
058377,茂林凱基9A購03  ,0,0,0,0,0,0,0,0,0,-130000,0,0,0,68000,198000,-130000,-130000
045504,群創凱基94購01  ,0,0,0,0,0,0,0,0,0,-130000,0,0,0,62000,192000,-130000,-130000
048788,華新科元大95購02,0,0,0,0,0,0,0,0,0,-130000,0,0,0,42000,172000,-130000,-130000
05038P,牧德元大95售03  ,0,0,0,0,0,0,0,0,0,-130000,0,0,0,0,130000,-130000,-130000
049745,國巨永豐94購04  ,0,0,0,0,0,0,0,0,0,-130000,0,0,0,0,130000,-130000,-130000
055133,致新康和97購01  ,0,0,0,0,0,0,0,0,0,-130000,0,0,0,0,130000,-130000,-130000
2546,根基            ,12000,137000,-125000,0,0,0,0,0,0,-5000,0,5000,-5000,0,0,0,-130000
06555P,臺股指元大99售07,0,0,0,0,0,0,0,0,0,-130000,0,0,0,4000,134000,-130000,-130000
056475,宏達電元大99購02,0,0,0,0,0,0,0,0,0,-131000,0,0,0,39000,170000,-131000,-131000
04441P,台積電台新95售01,0,0,0,0,0,0,0,0,0,-131000,0,0,0,0,131000,-131000,-131000
054684,裕隆永豐97購01  ,0,0,0,0,0,0,0,0,0,-131000,0,0,0,71000,202000,-131000,-131000
2816,旺旺保          ,9000,140000,-131000,0,0,0,0,0,0,0,0,0,0,0,0,0,-131000
05925P,晶技永豐96售03  ,0,0,0,0,0,0,0,0,0,-132000,0,0,0,16000,148000,-132000,-132000
06063P,玉晶光元富97售01,0,0,0,0,0,0,0,0,0,-132000,0,0,0,1003000,1135000,-132000,-132000
020008,元大特股高息N   ,0,0,0,0,0,0,0,0,0,-132000,0,0,0,22000,154000,-132000,-132000
052272,T50反1群益95購03,0,0,0,0,0,0,0,0,0,-132000,0,0,0,3000,135000,-132000,-132000
05460P,台郡凱基95售05  ,0,0,0,0,0,0,0,0,0,-132000,0,0,0,1000,133000,-132000,-132000
1217,愛之味          ,237000,369000,-132000,0,0,0,0,0,0,0,0,0,0,0,0,0,-132000
057883,中環群益98購01  ,0,0,0,0,0,0,0,0,0,-133000,0,0,0,32000,165000,-133000,-133000
056571,燿華元大98購02  ,0,0,0,0,0,0,0,0,0,-133000,0,0,0,25000,158000,-133000,-133000
00766L,台新MSCI中國正2 ,0,0,0,0,0,0,0,0,0,-133000,0,0,0,461000,594000,-133000,-133000
052167,亞泥元大96購01  ,0,0,0,0,0,0,0,0,0,-133000,0,0,0,90000,223000,-133000,-133000
055240,京元電元富97購01,0,0,0,0,0,0,0,0,0,-133000,0,0,0,0,133000,-133000,-133000
1711,永光            ,21000,139000,-118000,0,0,0,0,0,0,-15000,0,15000,-15000,0,0,0,-133000
058163,道瓊反凱基9B購01,0,0,0,0,0,0,0,0,0,-134000,0,0,0,18000,152000,-134000,-134000
050398,上証2X中信97購01,0,0,0,0,0,0,0,0,0,-134000,0,0,0,0,134000,-134000,-134000
053697,臻鼎元大96購02  ,0,0,0,0,0,0,0,0,0,-134000,0,0,0,120000,254000,-134000,-134000
3036,文曄            ,118000,299000,-181000,0,0,0,2000,9000,-7000,54000,105000,75000,30000,26000,2000,24000,-134000
9940,信義            ,54000,120000,-66000,0,0,0,0,0,0,-68000,0,68000,-68000,0,0,0,-134000
059002,聯發科元大99購18,0,0,0,0,0,0,0,0,0,-135000,0,0,0,194000,329000,-135000,-135000
03658C,T50反1元大9A牛02,0,0,0,0,0,0,0,0,0,-135000,0,0,0,0,135000,-135000,-135000
4306,炎洲            ,77000,220000,-143000,0,0,0,0,0,0,8000,14000,6000,8000,0,0,0,-135000
06665P,欣興兆豐99售01  ,0,0,0,0,0,0,0,0,0,-135000,0,0,0,2000,137000,-135000,-135000
4532,瑞智            ,57000,180000,-123000,0,0,0,0,0,0,-13000,0,13000,-13000,0,0,0,-136000
05909P,康友元富96售02  ,0,0,0,0,0,0,0,0,0,-137000,0,0,0,5000,142000,-137000,-137000
05564P,玉晶光元大97售02,0,0,0,0,0,0,0,0,0,-137000,0,0,0,167000,304000,-137000,-137000
3669,圓展            ,33000,120000,-87000,0,0,0,0,0,0,-50000,0,50000,-50000,0,0,0,-137000
058717,南電台新99購02  ,0,0,0,0,0,0,0,0,0,-138000,0,0,0,100000,238000,-138000,-138000
056713,華擎永豐98購01  ,0,0,0,0,0,0,0,0,0,-138000,0,0,0,19000,157000,-138000,-138000
055876,美食元富9A購01  ,0,0,0,0,0,0,0,0,0,-139000,0,0,0,15000,154000,-139000,-139000
06980P,緯穎永豐99售02  ,0,0,0,0,0,0,0,0,0,-139000,0,0,0,5000,144000,-139000,-139000
06035P,同欣電凱基96售03,0,0,0,0,0,0,0,0,0,-140000,0,0,0,116000,256000,-140000,-140000
03861P,群創元富99售01  ,0,0,0,0,0,0,0,0,0,-140000,0,0,0,10000,150000,-140000,-140000
040215,上証反凱基95購01,0,0,0,0,0,0,0,0,0,-140000,0,0,0,0,140000,-140000,-140000
050135,禾伸堂兆豐95購01,0,0,0,0,0,0,0,0,0,-140000,0,0,0,0,140000,-140000,-140000
050180,華新科元大95購08,0,0,0,0,0,0,0,0,0,-140000,0,0,0,50000,190000,-140000,-140000
053974,大立光元大96購10,0,0,0,0,0,0,0,0,0,-140000,0,0,0,60000,200000,-140000,-140000
048998,玉晶光國票95購03,0,0,0,0,0,0,0,0,0,-140000,0,0,0,75000,215000,-140000,-140000
055588,瑞昱元大97購03  ,0,0,0,0,0,0,0,0,0,-140000,0,0,0,110000,250000,-140000,-140000
054834,帆宣中信97購01  ,0,0,0,0,0,0,0,0,0,-140000,0,0,0,0,140000,-140000,-140000
053392,致新元大96購01  ,0,0,0,0,0,0,0,0,0,-140000,0,0,0,70000,210000,-140000,-140000
054960,新日興元大97購02,0,0,0,0,0,0,0,0,0,-140000,0,0,0,21000,161000,-140000,-140000
06146P,S&P反1元大97售03,0,0,0,0,0,0,0,0,0,-141000,0,0,0,0,141000,-141000,-141000
057697,國巨群益98購09  ,0,0,0,0,0,0,0,0,0,-141000,0,0,0,564000,705000,-141000,-141000
057721,華擎元富98購02  ,0,0,0,0,0,0,0,0,0,-141000,0,0,0,54000,195000,-141000,-141000
05136P,台積電凱基95售08,0,0,0,0,0,0,0,0,0,-141000,0,0,0,36000,177000,-141000,-141000
05294P,亞光凱基95售02  ,0,0,0,0,0,0,0,0,0,-141000,0,0,0,0,141000,-141000,-141000
046630,京元電元富95購03,0,0,0,0,0,0,0,0,0,-142000,0,0,0,0,142000,-142000,-142000
053115,滬深2X中信97購01,0,0,0,0,0,0,0,0,0,-142000,0,0,0,14000,156000,-142000,-142000
05443P,宏達電元大95售05,0,0,0,0,0,0,0,0,0,-142000,0,0,0,0,142000,-142000,-142000
1709,和益            ,80000,222000,-142000,0,0,0,0,0,0,0,0,0,0,0,0,0,-142000
053172,瑞儀群益97購01  ,0,0,0,0,0,0,0,0,0,-143000,0,0,0,0,143000,-143000,-143000
1611,中電            ,30000,173000,-143000,0,0,0,0,0,0,0,0,0,0,0,0,0,-143000
3661,世芯-KY         ,1678000,1718000,-40000,0,0,0,112000,70000,42000,-145000,36000,38000,-2000,5000,148000,-143000,-143000
6451,訊芯-KY         ,601000,690000,-89000,0,0,0,0,0,0,-54000,16000,19000,-3000,2000,53000,-51000,-143000
057071,華擎永豐98購02  ,0,0,0,0,0,0,0,0,0,-144000,0,0,0,353000,497000,-144000,-144000
00663L,國泰臺灣加權正2 ,0,17000,-17000,0,0,0,0,0,0,-127000,0,0,0,111000,238000,-127000,-144000
049899,台積電元富94購05,0,0,0,0,0,0,0,0,0,-144000,0,0,0,0,144000,-144000,-144000
2832,台產            ,7000,151000,-144000,0,0,0,0,0,0,0,0,0,0,0,0,0,-144000
058968,T50正2永豐99購01,0,0,0,0,0,0,0,0,0,-145000,0,0,0,0,145000,-145000,-145000
058188,華擎永豐99購01  ,0,0,0,0,0,0,0,0,0,-145000,0,0,0,55000,200000,-145000,-145000
051225,台積電群益95購02,0,0,0,0,0,0,0,0,0,-145000,0,0,0,15000,160000,-145000,-145000
048349,美利達元大96購02,0,0,0,0,0,0,0,0,0,-145000,0,0,0,42000,187000,-145000,-145000
6155,鈞寶            ,99000,252000,-153000,0,0,0,0,0,0,8000,8000,0,8000,0,0,0,-145000
058142,瑞儀元大99購01  ,0,0,0,0,0,0,0,0,0,-146000,0,0,0,114000,260000,-146000,-146000
049982,嘉晶凱基94購01  ,0,0,0,0,0,0,0,0,0,-146000,0,0,0,116000,262000,-146000,-146000
052821,晶技永豐96購01  ,0,0,0,0,0,0,0,0,0,-146000,0,0,0,50000,196000,-146000,-146000
1455,集盛            ,155000,298000,-143000,0,0,0,0,0,0,-3000,0,3000,-3000,0,0,0,-146000
051449,玉晶光元大96購01,0,0,0,0,0,0,0,0,0,-147000,0,0,0,110000,257000,-147000,-147000
04294P,台積電元大95售01,0,0,0,0,0,0,0,0,0,-147000,0,0,0,209000,356000,-147000,-147000
043442,大立光台新01購01,0,0,0,0,0,0,0,0,0,-147000,0,0,0,69000,216000,-147000,-147000
055674,南港康和97購02  ,0,0,0,0,0,0,0,0,0,-147000,0,0,0,0,147000,-147000,-147000
05479P,華新科台新96售01,0,0,0,0,0,0,0,0,0,-147000,0,0,0,501000,648000,-147000,-147000
052020,聯茂永豐95購02  ,0,0,0,0,0,0,0,0,0,-147000,0,0,0,1000,148000,-147000,-147000
2514,龍邦            ,1000,135000,-134000,0,0,0,0,0,0,-13000,0,13000,-13000,0,0,0,-147000
051234,南電群益95購02  ,0,0,0,0,0,0,0,0,0,-148000,0,0,0,102000,250000,-148000,-148000
2015,豐興            ,286000,330000,-44000,0,0,0,0,3000,-3000,-101000,0,101000,-101000,0,0,0,-148000
9802,鈺齊-KY         ,1587000,1061000,526000,0,0,0,0,612000,-612000,-62000,0,2000,-2000,8000,68000,-60000,-148000
049636,上証反凱基9A購01,0,0,0,0,0,0,0,0,0,-149000,0,0,0,105000,254000,-149000,-149000
04902P,國巨台新94售04  ,0,0,0,0,0,0,0,0,0,-149000,0,0,0,20000,169000,-149000,-149000
054497,國巨永豐96購05  ,0,0,0,0,0,0,0,0,0,-149000,0,0,0,0,149000,-149000,-149000
058185,國巨永豐99購01  ,0,0,0,0,0,0,0,0,0,-150000,0,0,0,0,150000,-150000,-150000
058211,國巨群益9A購02  ,0,0,0,0,0,0,0,0,0,-150000,0,0,0,0,150000,-150000,-150000
057253,高股息中信99購02,0,0,0,0,0,0,0,0,0,-150000,0,0,0,0,150000,-150000,-150000
057382,聯發科國泰9A購01,0,0,0,0,0,0,0,0,0,-150000,0,0,0,20000,170000,-150000,-150000
056664,上証反中信9B購01,0,0,0,0,0,0,0,0,0,-150000,0,0,0,0,150000,-150000,-150000
056835,聯電元富99購01  ,0,0,0,0,0,0,0,0,0,-150000,0,0,0,628000,778000,-150000,-150000
056501,貿聯富邦99購01  ,0,0,0,0,0,0,0,0,0,-150000,0,0,0,0,150000,-150000,-150000
054016,嘉晶永豐96購04  ,0,0,0,0,0,0,0,0,0,-150000,0,0,0,0,150000,-150000,-150000
053299,台泥凱基96購01  ,0,0,0,0,0,0,0,0,0,-150000,0,0,0,1000,151000,-150000,-150000
049641,台達電凱基94購08,0,0,0,0,0,0,0,0,0,-150000,0,0,0,0,150000,-150000,-150000
044265,滬深2X中信95購05,0,0,0,0,0,0,0,0,0,-150000,0,0,0,0,150000,-150000,-150000
053875,GIS元大97購01   ,0,0,0,0,0,0,0,0,0,-150000,0,0,0,0,150000,-150000,-150000
054303,國巨凱基96購15  ,0,0,0,0,0,0,0,0,0,-150000,0,0,0,0,150000,-150000,-150000
055362,GIS凱基97購03   ,0,0,0,0,0,0,0,0,0,-150000,0,0,0,0,150000,-150000,-150000
055666,鴻海群益97購05  ,0,0,0,0,0,0,0,0,0,-150000,0,0,0,0,150000,-150000,-150000
052831,華固群益96購01  ,0,0,0,0,0,0,0,0,0,-150000,0,0,0,299000,449000,-150000,-150000
06832P,玉晶光凱基98售03,0,0,0,0,0,0,0,0,0,-150000,0,0,0,213000,363000,-150000,-150000
058934,台灣50中信03購03,0,0,0,0,0,0,0,0,0,-152000,0,0,0,90000,242000,-152000,-152000
00851,台新全球AI      ,0,0,0,0,0,0,0,0,0,-152000,0,0,0,33000,185000,-152000,-152000
04774P,金融類元大94售02,0,0,0,0,0,0,0,0,0,-152000,0,0,0,0,152000,-152000,-152000
1906,寶隆            ,5000,157000,-152000,0,0,0,0,0,0,0,0,0,0,0,0,0,-152000
2428,興勤            ,188000,325000,-137000,0,0,0,0,2000,-2000,-13000,0,11000,-11000,2000,4000,-2000,-152000
6139,亞翔            ,181000,303000,-122000,0,0,0,0,10000,-10000,-20000,1000,21000,-20000,0,0,0,-152000
052885,高鐵兆豐98購01  ,0,0,0,0,0,0,0,0,0,-153000,0,0,0,100000,253000,-153000,-153000
3038,全台            ,227000,384000,-157000,0,0,0,0,0,0,4000,4000,0,4000,0,0,0,-153000
9924,福興            ,75000,198000,-123000,0,0,0,0,0,0,-30000,0,30000,-30000,0,0,0,-153000
1723,中碳            ,58000,178000,-120000,0,0,0,0,0,0,-33000,1000,34000,-33000,0,0,0,-153000
056777,矽力元大98購02  ,0,0,0,0,0,0,0,0,0,-154000,0,0,0,5000,159000,-154000,-154000
056721,台灣50永昌9A購01,0,0,0,0,0,0,0,0,0,-154000,0,0,0,5000,159000,-154000,-154000
06383P,聯茂元富97售01  ,0,0,0,0,0,0,0,0,0,-154000,0,0,0,499000,653000,-154000,-154000
3515,華擎            ,356000,872000,-516000,0,0,0,303000,4000,299000,63000,82000,26000,56000,21000,14000,7000,-154000
6415,矽力-KY         ,531000,634000,-103000,0,0,0,1000,18000,-17000,-34000,0,11000,-11000,1000,24000,-23000,-154000
051847,香港反中信99購01,0,0,0,0,0,0,0,0,0,-155000,0,0,0,10000,165000,-155000,-155000
054848,群創兆豐98購01  ,0,0,0,0,0,0,0,0,0,-155000,0,0,0,0,155000,-155000,-155000
054794,貿聯群益98購01  ,0,0,0,0,0,0,0,0,0,-155000,0,0,0,0,155000,-155000,-155000
055277,旺宏元大97購04  ,0,0,0,0,0,0,0,0,0,-155000,0,0,0,10000,165000,-155000,-155000
1612,宏泰            ,0,149000,-149000,0,0,0,0,0,0,-6000,0,6000,-6000,0,0,0,-155000
2419,仲琦            ,144000,278000,-134000,0,0,0,0,0,0,-22000,0,22000,-22000,0,0,0,-156000
06894P,鈺齊元富98售03  ,0,0,0,0,0,0,0,0,0,-156000,0,0,0,5000,161000,-156000,-156000
056608,力山永豐98購01  ,0,0,0,0,0,0,0,0,0,-157000,0,0,0,12000,169000,-157000,-157000
05715P,創意元富96售05  ,0,0,0,0,0,0,0,0,0,-157000,0,0,0,103000,260000,-157000,-157000
057910,華新科兆豐99購02,0,0,0,0,0,0,0,0,0,-157000,0,0,0,65000,222000,-157000,-157000
5305,敦南            ,100000,241000,-141000,0,0,0,0,0,0,-16000,0,16000,-16000,0,0,0,-157000
047722,南電凱基94購02  ,0,0,0,0,0,0,0,0,0,-158000,0,0,0,0,158000,-158000,-158000
055322,欣興國票97購06  ,0,0,0,0,0,0,0,0,0,-158000,0,0,0,0,158000,-158000,-158000
058936,國喬中信99購01  ,0,0,0,0,0,0,0,0,0,-159000,0,0,0,0,159000,-159000,-159000
057124,為升凱基98購02  ,0,0,0,0,0,0,0,0,0,-159000,0,0,0,0,159000,-159000,-159000
049860,亞德客兆豐94購01,0,0,0,0,0,0,0,0,0,-159000,0,0,0,0,159000,-159000,-159000
6120,達運            ,275000,381000,-106000,0,0,0,0,0,0,-53000,0,53000,-53000,0,0,0,-159000
6206,飛捷            ,59000,188000,-129000,0,0,0,0,1000,-1000,-29000,0,29000,-29000,0,0,0,-159000
057673,臻鼎元大98購01  ,0,0,0,0,0,0,0,0,0,-160000,0,0,0,114000,274000,-160000,-160000
056788,日月光群益98購01,0,0,0,0,0,0,0,0,0,-160000,0,0,0,0,160000,-160000,-160000
056470,旺宏元大99購01  ,0,0,0,0,0,0,0,0,0,-160000,0,0,0,50000,210000,-160000,-160000
059087,台積電元大99購26,0,0,0,0,0,0,0,0,0,-160000,0,0,0,15000,175000,-160000,-160000
044439,南電元大93購01  ,0,0,0,0,0,0,0,0,0,-160000,0,0,0,10000,170000,-160000,-160000
04550P,超眾元大94售01  ,0,0,0,0,0,0,0,0,0,-160000,0,0,0,10000,170000,-160000,-160000
053918,美律國票97購01  ,0,0,0,0,0,0,0,0,0,-160000,0,0,0,0,160000,-160000,-160000
051843,聯發科富邦99購01,0,0,0,0,0,0,0,0,0,-160000,0,0,0,50000,210000,-160000,-160000
07044P,台積電元大99售13,0,0,0,0,0,0,0,0,0,-160000,0,0,0,80000,240000,-160000,-160000
058227,台灣50元大9C購01,0,0,0,0,0,0,0,0,0,-161000,0,0,0,12000,173000,-161000,-161000
058506,台積電元大99購09,0,0,0,0,0,0,0,0,0,-161000,0,0,0,223000,384000,-161000,-161000
057640,台積電元大98購16,0,0,0,0,0,0,0,0,0,-161000,0,0,0,116000,277000,-161000,-161000
05745P,富邦金兆豐96售02,0,0,0,0,0,0,0,0,0,-161000,0,0,0,36000,197000,-161000,-161000
05536P,奇力新元大96售03,0,0,0,0,0,0,0,0,0,-161000,0,0,0,49000,210000,-161000,-161000
05759P,智邦永豐96售02  ,0,0,0,0,0,0,0,0,0,-162000,0,0,0,67000,229000,-162000,-162000
057513,智邦台新98購01  ,0,0,0,0,0,0,0,0,0,-162000,0,0,0,176000,338000,-162000,-162000
059021,台積電統一9B購07,0,0,0,0,0,0,0,0,0,-162000,0,0,0,0,162000,-162000,-162000
04696P,亞德客國泰95售02,0,0,0,0,0,0,0,0,0,-162000,0,0,0,235000,397000,-162000,-162000
051087,國巨元大97購01  ,0,0,0,0,0,0,0,0,0,-162000,0,0,0,0,162000,-162000,-162000
054979,南港元富97購01  ,0,0,0,0,0,0,0,0,0,-162000,0,0,0,0,162000,-162000,-162000
9941,裕融            ,98000,207000,-109000,0,0,0,0,0,0,-53000,0,53000,-53000,0,0,0,-162000
056451,可成凱基99購01  ,0,0,0,0,0,0,0,0,0,-163000,0,0,0,0,163000,-163000,-163000
053114,聯茂兆豐97購01  ,0,0,0,0,0,0,0,0,0,-163000,0,0,0,5000,168000,-163000,-163000
058665,台灣50群益9B購02,0,0,0,0,0,0,0,0,0,-164000,0,0,0,0,164000,-164000,-164000
057954,宏碁元大99購01  ,0,0,0,0,0,0,0,0,0,-164000,0,0,0,30000,194000,-164000,-164000
043585,道瓊反元大94購01,0,0,0,0,0,0,0,0,0,-164000,0,0,0,0,164000,-164000,-164000
05764P,世紀鋼永豐96售03,0,0,0,0,0,0,0,0,0,-165000,0,0,0,0,165000,-165000,-165000
07122P,欣興凱基99售05  ,0,0,0,0,0,0,0,0,0,-165000,0,0,0,0,165000,-165000,-165000
03650C,T50反1元大98牛05,0,0,0,0,0,0,0,0,0,-166000,0,0,0,6000,172000,-166000,-166000
06007P,世芯永豐96售01  ,0,0,0,0,0,0,0,0,0,-168000,0,0,0,47000,215000,-168000,-168000
050123,群臺反凱基96購01,0,0,0,0,0,0,0,0,0,-168000,0,0,0,165000,333000,-168000,-168000
053724,聯詠凱基96購04  ,0,0,0,0,0,0,0,0,0,-168000,0,0,0,0,168000,-168000,-168000
054925,神達凱基97購01  ,0,0,0,0,0,0,0,0,0,-168000,0,0,0,360000,528000,-168000,-168000
06982P,義隆凱基99售02  ,0,0,0,0,0,0,0,0,0,-168000,0,0,0,10000,178000,-168000,-168000
058733,同欣電永豐99購02,0,0,0,0,0,0,0,0,0,-169000,0,0,0,120000,289000,-169000,-169000
058112,神達元富98購01  ,0,0,0,0,0,0,0,0,0,-169000,0,0,0,31000,200000,-169000,-169000
057448,致茂元富98購01  ,0,0,0,0,0,0,0,0,0,-169000,0,0,0,130000,299000,-169000,-169000
055193,世芯元富97購02  ,0,0,0,0,0,0,0,0,0,-169000,0,0,0,232000,401000,-169000,-169000
054311,世芯凱基96購02  ,0,0,0,0,0,0,0,0,0,-169000,0,0,0,934000,1103000,-169000,-169000
2329,華泰            ,937000,1013000,-76000,0,0,0,0,12000,-12000,-81000,0,51000,-51000,2000,32000,-30000,-169000
056531,佳世達凱基98購01,0,0,0,0,0,0,0,0,0,-170000,0,0,0,0,170000,-170000,-170000
056250,瑞昱兆豐97購02  ,0,0,0,0,0,0,0,0,0,-170000,0,0,0,0,170000,-170000,-170000
053389,彩晶元大98購01  ,0,0,0,0,0,0,0,0,0,-170000,0,0,0,0,170000,-170000,-170000
052587,景碩永豐97購01  ,0,0,0,0,0,0,0,0,0,-170000,0,0,0,0,170000,-170000,-170000
07146P,瑞昱元大99售02  ,0,0,0,0,0,0,0,0,0,-170000,0,0,0,0,170000,-170000,-170000
049108,玉晶光富邦96購02,0,0,0,0,0,0,0,0,0,-171000,0,0,0,0,171000,-171000,-171000
055938,矽力群益97購01  ,0,0,0,0,0,0,0,0,0,-171000,0,0,0,20000,191000,-171000,-171000
06407P,創意元富97售02  ,0,0,0,0,0,0,0,0,0,-171000,0,0,0,36000,207000,-171000,-171000
2436,偉詮電          ,141000,297000,-156000,0,0,0,0,0,0,-16000,1000,17000,-16000,0,0,0,-172000
3533,嘉澤            ,302000,491000,-189000,0,0,0,33000,1000,32000,-15000,20000,29000,-9000,3000,9000,-6000,-172000
056229,可成凱基97購04  ,0,0,0,0,0,0,0,0,0,-173000,0,0,0,10000,183000,-173000,-173000
050899,旭富元大95購01  ,0,0,0,0,0,0,0,0,0,-173000,0,0,0,20000,193000,-173000,-173000
06514P,國巨凱基98售05  ,0,0,0,0,0,0,0,0,0,-173000,0,0,0,55000,228000,-173000,-173000
053205,台光電麥證96購01,0,0,0,20000,194000,-174000,0,0,0,-174000,0,0,0,20000,194000,-174000,-174000
2707,晶華            ,57000,171000,-114000,0,0,0,0,31228,-31228,-29000,0,28000,-28000,0,1000,-1000,-174228
058531,華通元富99購01  ,0,0,0,0,0,0,0,0,0,-175000,0,0,0,105000,280000,-175000,-175000
06159P,牧德元富97售02  ,0,0,0,0,0,0,0,0,0,-175000,0,0,0,0,175000,-175000,-175000
00675L,富邦臺灣加權正2 ,0,1000,-1000,0,0,0,0,0,0,-174000,0,0,0,589000,763000,-174000,-175000
054340,大成鋼元富96購01,0,0,0,0,0,0,0,0,0,-175000,0,0,0,20000,195000,-175000,-175000
053090,新唐元大96購01  ,0,0,0,0,0,0,0,0,0,-175000,0,0,0,0,175000,-175000,-175000
051957,旺宏台新95購02  ,0,0,0,0,0,0,0,0,0,-175000,0,0,0,622000,797000,-175000,-175000
055718,可成元大97購02  ,0,0,0,0,0,0,0,0,0,-176000,0,0,0,22000,198000,-176000,-176000
052130,國巨凱基9B購01  ,0,0,0,0,0,0,0,0,0,-177000,0,0,0,20000,197000,-177000,-177000
058794,旺宏元大99購09  ,0,0,0,0,0,0,0,0,0,-178000,0,0,0,333000,511000,-178000,-178000
053086,宏達電元大97購01,0,0,0,0,0,0,0,0,0,-178000,0,0,0,42000,220000,-178000,-178000
054177,牧德台新97購01  ,0,0,0,0,0,0,0,0,0,-178000,0,0,0,121000,299000,-178000,-178000
2106,建大            ,174000,236000,-62000,0,0,0,0,2000,-2000,-114000,0,114000,-114000,0,0,0,-178000
053859,台積電元大97購09,0,0,0,0,0,0,0,0,0,-179000,0,0,0,31000,210000,-179000,-179000
2363,矽統            ,457000,636000,-179000,0,0,0,0,0,0,0,0,0,0,0,0,0,-179000
07014P,華通元大99售04  ,0,0,0,0,0,0,0,0,0,-179000,0,0,0,11000,190000,-179000,-179000
050774,健策元大96購02  ,0,0,0,0,0,0,0,0,0,-180000,0,0,0,50000,230000,-180000,-180000
051461,聯詠國泰96購01  ,0,0,0,0,0,0,0,0,0,-180000,0,0,0,70000,250000,-180000,-180000
047436,台積電元大94購02,0,0,0,0,0,0,0,0,0,-180000,0,0,0,10000,190000,-180000,-180000
053065,大立光群益96購01,0,0,0,0,0,0,0,0,0,-180000,0,0,0,0,180000,-180000,-180000
055372,宏達電元大97購04,0,0,0,0,0,0,0,0,0,-180000,0,0,0,40000,220000,-180000,-180000
054976,上証2X元富9A購01,0,0,0,0,0,0,0,0,0,-180000,0,0,0,0,180000,-180000,-180000
06300P,緯穎元大97售04  ,0,0,0,0,0,0,0,0,0,-180000,0,0,0,20000,200000,-180000,-180000
056553,啟碁凱基98購02  ,0,0,0,0,0,0,0,0,0,-181000,0,0,0,19000,200000,-181000,-181000
057066,緯穎富邦99購01  ,0,0,0,0,0,0,0,0,0,-182000,0,0,0,45000,227000,-182000,-182000
058602,台積電元大99購11,0,0,0,0,0,0,0,0,0,-182000,0,0,0,101000,283000,-182000,-182000
050245,大立光凱基94購12,0,0,0,0,0,0,0,0,0,-182000,0,0,0,10000,192000,-182000,-182000
057656,大成鋼兆豐98購01,0,0,0,0,0,0,0,0,0,-183000,0,0,0,306000,489000,-183000,-183000
06617P,智邦元大98售03  ,0,0,0,0,0,0,0,0,0,-183000,0,0,0,272000,455000,-183000,-183000
2538,基泰            ,36000,226000,-190000,0,0,0,0,0,0,7000,7000,0,7000,0,0,0,-183000
2542,興富發          ,1902000,1931000,-29000,0,0,0,0,0,0,-154000,103000,257000,-154000,0,0,0,-183000
044963,台積電中信96購01,0,0,0,0,0,0,0,0,0,-184000,0,0,0,140000,324000,-184000,-184000
050142,聯發科元富9A購01,0,0,0,0,0,0,0,0,0,-185000,0,0,0,437000,622000,-185000,-185000
053379,南亞科元大96購01,0,0,0,0,0,0,0,0,0,-185000,0,0,0,0,185000,-185000,-185000
3530,晶相光          ,502000,612000,-110000,0,0,0,0,0,0,-75000,0,6000,-6000,7000,76000,-69000,-185000
052813,T50正2永豐96購01,0,0,0,0,0,0,0,0,0,-186000,0,0,0,0,186000,-186000,-186000
050264,聯發科元大94購13,0,0,0,0,0,0,0,0,0,-187000,0,0,0,0,187000,-187000,-187000
053597,牧德元大99購01  ,0,0,0,0,0,0,0,0,0,-187000,0,0,0,99000,286000,-187000,-187000
1442,名軒            ,4000,167000,-163000,0,0,0,0,16000,-16000,-8000,0,8000,-8000,0,0,0,-187000
3059,華晶科          ,182000,363000,-181000,0,0,0,0,0,0,-7000,0,7000,-7000,0,0,0,-188000
055341,台達電凱基97購02,0,0,0,0,0,0,0,0,0,-189000,0,0,0,110000,299000,-189000,-189000
054294,世芯元大96購02  ,0,0,0,0,0,0,0,0,0,-189000,0,0,0,4000,193000,-189000,-189000
05577P,上銀凱基96售02  ,0,0,0,0,0,0,0,0,0,-189000,0,0,0,12000,201000,-189000,-189000
053707,A50正2凱基99購02,0,0,0,0,0,0,0,0,0,-189000,0,0,0,0,189000,-189000,-189000
6168,宏齊            ,21000,178000,-157000,0,0,0,0,0,0,-32000,0,32000,-32000,0,0,0,-189000
051158,嘉晶富邦96購01  ,0,0,0,0,0,0,0,0,0,-190000,0,0,0,15000,205000,-190000,-190000
051175,國巨凱基95購04  ,0,0,0,0,0,0,0,0,0,-190000,0,0,0,0,190000,-190000,-190000
03648C,T50反1元大96牛07,0,0,0,0,0,0,0,0,0,-190000,0,0,0,0,190000,-190000,-190000
053610,矽力中信98購01  ,0,0,0,0,0,0,0,0,0,-190000,0,0,0,303000,493000,-190000,-190000
053655,全新凱基98購02  ,0,0,0,0,0,0,0,0,0,-190000,0,0,0,10000,200000,-190000,-190000
054714,和鑫台新98購01  ,0,0,0,0,0,0,0,0,0,-190000,0,0,0,5000,195000,-190000,-190000
6443,元晶            ,78000,268000,-190000,0,0,0,0,0,0,0,0,0,0,0,0,0,-190000
056526,力山凱基98購01  ,0,0,0,0,0,0,0,0,0,-191000,0,0,0,31000,222000,-191000,-191000
2023,燁輝            ,380000,536000,-156000,0,0,0,0,0,0,-35000,0,35000,-35000,0,0,0,-191000
053349,台郡國票97購02  ,0,0,0,0,0,0,0,0,0,-192000,0,0,0,10000,202000,-192000,-192000
2425,承啟            ,196000,388000,-192000,0,0,0,0,0,0,0,0,0,0,0,0,0,-192000
4564,元翎            ,187000,379000,-192000,0,0,0,0,0,0,0,0,0,0,0,0,0,-192000
04383P,泰鼎國泰95售01  ,0,0,0,0,0,0,0,0,0,-193000,0,0,0,257000,450000,-193000,-193000
052957,T50反1凱基99購01,0,0,0,0,0,0,0,0,0,-193000,0,0,0,10000,203000,-193000,-193000
052743,華新科元大97購01,0,0,0,0,0,0,0,0,0,-193000,0,0,0,73000,266000,-193000,-193000
048049,滬深反中信96購01,0,0,0,0,0,0,0,0,0,-194000,0,0,0,15000,209000,-194000,-194000
05142P,華新科台新95售01,0,0,0,0,0,0,0,0,0,-194000,0,0,0,95000,289000,-194000,-194000
053630,奇鋐兆豐97購01  ,0,0,0,0,0,0,0,0,0,-194000,0,0,0,86000,280000,-194000,-194000
05192P,玉晶光台新96售02,0,0,0,0,0,0,0,0,0,-194000,0,0,0,210000,404000,-194000,-194000
051094,健策元大96購03  ,0,0,0,0,0,0,0,0,0,-195000,0,0,0,18000,213000,-195000,-195000
04796P,聯發科元大94售10,0,0,0,0,0,0,0,0,0,-196000,0,0,0,60000,256000,-196000,-196000
055971,矽力元大97購05  ,0,0,0,0,0,0,0,0,0,-196000,0,0,0,10000,206000,-196000,-196000
3557,嘉威            ,16000,212000,-196000,0,0,0,0,0,0,0,0,0,0,0,0,0,-196000
1215,卜蜂            ,161000,323000,-162000,0,0,0,0,2000,-2000,-32000,0,32000,-32000,0,0,0,-196000
06595P,祥碩元大98售03  ,0,0,0,0,0,0,0,0,0,-196000,0,0,0,50000,246000,-196000,-196000
00713,元大台灣高息低波,1000,126000,-125000,0,0,0,0,0,0,-72000,0,0,0,5000,77000,-72000,-197000
055458,燿華永豐98購01  ,0,0,0,0,0,0,0,0,0,-197000,0,0,0,0,197000,-197000,-197000
056393,精元永豐98購01  ,0,0,0,0,0,0,0,0,0,-198000,0,0,0,0,198000,-198000,-198000
056676,國產元富98購01  ,0,0,0,0,0,0,0,0,0,-198000,0,0,0,0,198000,-198000,-198000
06589P,台積電元大98售12,0,0,0,0,0,0,0,0,0,-198000,0,0,0,123000,321000,-198000,-198000
051050,鴻海群益95購03  ,0,0,0,0,0,0,0,0,0,-199000,0,0,0,100000,299000,-199000,-199000
052368,力成國票96購01  ,0,0,0,0,0,0,0,0,0,-199000,0,0,0,0,199000,-199000,-199000
056653,元石油元大98購01,0,0,0,0,0,0,0,0,0,-200000,0,0,0,0,200000,-200000,-200000
057018,亞德客凱基98購01,0,0,0,0,0,0,0,0,0,-200000,0,0,0,0,200000,-200000,-200000
056249,鴻海兆豐97購05  ,0,0,0,0,0,0,0,0,0,-200000,0,0,0,0,200000,-200000,-200000
049617,光罩群益94購03  ,0,0,0,0,0,0,0,0,0,-200000,0,0,0,0,200000,-200000,-200000
050205,牧德群益94購02  ,0,0,0,0,0,0,0,0,0,-200000,0,0,0,0,200000,-200000,-200000
046949,群創元大99購01  ,0,0,0,0,0,0,0,0,0,-200000,0,0,0,100000,300000,-200000,-200000
054456,華泰群益99購01  ,0,0,0,0,0,0,0,0,0,-200000,0,0,0,0,200000,-200000,-200000
054073,群創富邦96購03  ,0,0,0,0,0,0,0,0,0,-200000,0,0,0,0,200000,-200000,-200000
055216,友達凱基98購05  ,0,0,0,0,0,0,0,0,0,-200000,0,0,0,0,200000,-200000,-200000
055425,聚陽群益99購01  ,0,0,0,0,0,0,0,0,0,-200000,0,0,0,0,200000,-200000,-200000
054621,華新科兆豐98購01,0,0,0,0,0,0,0,0,0,-200000,0,0,0,0,200000,-200000,-200000
053148,華邦電元大96購01,0,0,0,0,0,0,0,0,0,-200000,0,0,0,30000,230000,-200000,-200000
053220,瀚宇博凱基98購01,0,0,0,0,0,0,0,0,0,-200000,0,0,0,0,200000,-200000,-200000
054607,台積電永豐97購03,0,0,0,0,0,0,0,0,0,-200000,0,0,0,0,200000,-200000,-200000
055663,崇越中信97購01  ,0,0,0,0,0,0,0,0,0,-200000,0,0,0,0,200000,-200000,-200000
3437,榮創            ,212000,412000,-200000,0,0,0,0,0,0,0,0,0,0,0,0,0,-200000
053971,聯發科元大97購09,0,0,0,0,0,0,0,0,0,-201000,0,0,0,10000,211000,-201000,-201000
054320,國喬台新96購01  ,0,0,0,0,0,0,0,0,0,-201000,0,0,0,0,201000,-201000,-201000
1218,泰山            ,129000,332000,-203000,0,0,0,0,0,0,0,0,0,0,0,0,0,-203000
058999,台積電元大99購24,0,0,0,0,0,0,0,0,0,-204000,0,0,0,543000,747000,-204000,-204000
1201,味全            ,258000,451000,-193000,0,0,0,0,0,0,-11000,0,15000,-15000,4000,0,4000,-204000
056437,台積電凱基98購11,0,0,0,0,0,0,0,0,0,-205000,0,0,0,100000,305000,-205000,-205000
054818,奇力新元大97購05,0,0,0,0,0,0,0,0,0,-205000,0,0,0,0,205000,-205000,-205000
054939,台積電元大97購15,0,0,0,0,0,0,0,0,0,-205000,0,0,0,91000,296000,-205000,-205000
055637,亞德客元富97購01,0,0,0,0,0,0,0,0,0,-205000,0,0,0,2000,207000,-205000,-205000
050124,元金2X凱基95購01,0,0,0,0,0,0,0,0,0,-207000,0,0,0,0,207000,-207000,-207000
048652,巨大元大96購01  ,0,0,0,0,0,0,0,0,0,-207000,0,0,0,0,207000,-207000,-207000
045444,群創元富98購02  ,0,0,0,0,0,0,0,0,0,-207000,0,0,0,10000,217000,-207000,-207000
2850,新產            ,78000,288000,-210000,0,0,0,0,0,0,2000,2000,0,2000,0,0,0,-208000
057065,牧德富邦99購01  ,0,0,0,0,0,0,0,0,0,-209000,0,0,0,0,209000,-209000,-209000
2608,嘉里大榮        ,36000,204000,-168000,0,0,0,0,0,0,-41000,0,41000,-41000,0,0,0,-209000
058366,元大金凱基99購01,0,0,0,0,0,0,0,0,0,-210000,0,0,0,15000,225000,-210000,-210000
050614,聯發科元大95購04,0,0,0,0,0,0,0,0,0,-210000,0,0,0,10000,220000,-210000,-210000
049137,華通元大95購02  ,0,0,0,0,0,0,0,0,0,-210000,0,0,0,92000,302000,-210000,-210000
051907,台積電元大97購05,0,0,0,0,0,0,0,0,0,-210000,0,0,0,0,210000,-210000,-210000
06332P,世紀鋼群益98售01,0,0,0,0,0,0,0,0,0,-210000,0,0,0,2000,212000,-210000,-210000
6669,緯穎            ,869000,1098295,-229295,0,0,0,117000,0,117000,-98000,44000,54000,-10000,3000,91000,-88000,-210295
048286,滬深2X兆豐94購04,0,0,0,0,0,0,0,0,0,-211000,0,0,0,0,211000,-211000,-211000
047680,上証反中信96購01,0,0,0,0,0,0,0,0,0,-211000,0,0,0,0,211000,-211000,-211000
051694,A50正2中信96購03,0,0,0,0,0,0,0,0,0,-211000,0,0,0,0,211000,-211000,-211000
6706,惠特            ,50000,281000,-231000,0,0,0,20000,0,20000,0,0,0,0,0,0,0,-211000
05090P,國巨元大95售05  ,0,0,0,0,0,0,0,0,0,-212000,0,0,0,52000,264000,-212000,-212000
9911,櫻花            ,234000,443000,-209000,0,0,0,0,2000,-2000,-1000,2000,3000,-1000,0,0,0,-212000
3703,欣陸            ,29000,242000,-213000,0,0,0,0,0,0,0,0,0,0,0,0,0,-213000
07067P,旺宏台新99售02  ,0,0,0,0,0,0,0,0,0,-213000,0,0,0,2000,215000,-213000,-213000
058312,大毅國泰9B購01  ,0,0,0,0,0,0,0,0,0,-214000,0,0,0,30000,244000,-214000,-214000
04657P,國巨永豐94售03  ,0,0,0,0,0,0,0,0,0,-214000,0,0,0,1000,215000,-214000,-214000
1736,喬山            ,506000,677000,-171000,0,0,0,0,11000,-11000,-32000,9000,13000,-4000,2000,30000,-28000,-214000
1227,佳格            ,1108000,1181465,-73465,0,0,0,1000,7000,-6000,-135000,1000,136000,-135000,0,0,0,-214465
049505,臺股指元大94購16,0,0,0,0,0,0,0,0,0,-215000,0,0,0,129000,344000,-215000,-215000
00728,第一金工業30    ,0,0,0,0,0,0,0,0,0,-215000,0,0,0,620000,835000,-215000,-215000
04885P,大立光凱基94售19,0,0,0,0,0,0,0,0,0,-215000,0,0,0,162000,377000,-215000,-215000
052173,廣達元大95購02  ,0,0,0,0,0,0,0,0,0,-215000,0,0,0,10000,225000,-215000,-215000
055003,群創元富99購05  ,0,0,0,0,0,0,0,0,0,-215000,0,0,0,200000,415000,-215000,-215000
055493,華新科元大97購09,0,0,0,0,0,0,0,0,0,-215000,0,0,0,10000,225000,-215000,-215000
1309,台達化          ,105000,320000,-215000,0,0,0,0,0,0,0,0,0,0,0,0,0,-215000
05255P,義隆凱基95售01  ,0,0,0,0,0,0,0,0,0,-216000,0,0,0,0,216000,-216000,-216000
05609P,國泰金凱基96售01,0,0,0,0,0,0,0,0,0,-216000,0,0,0,198000,414000,-216000,-216000
1473,台南            ,34000,249000,-215000,0,0,0,0,0,0,-1000,0,1000,-1000,0,0,0,-216000
058646,聯茂富邦9A購01  ,0,0,0,0,0,0,0,0,0,-217000,0,0,0,0,217000,-217000,-217000
056348,S&P反1元大9A購01,0,0,0,0,0,0,0,0,0,-217000,0,0,0,0,217000,-217000,-217000
052922,國巨永豐96購01  ,0,0,0,0,0,0,0,0,0,-217000,0,0,0,0,217000,-217000,-217000
058228,為升元大99購01  ,0,0,0,0,0,0,0,0,0,-218000,0,0,0,135000,353000,-218000,-218000
053770,元金2X元大98購01,0,0,0,0,0,0,0,0,0,-218000,0,0,0,140000,358000,-218000,-218000
1313,聯成            ,377000,589000,-212000,0,0,0,0,6000,-6000,0,0,0,0,0,0,0,-218000
2545,皇翔            ,10000,228000,-218000,0,0,0,0,0,0,0,0,0,0,0,0,0,-218000
07077P,緯穎凱基99售01  ,0,0,0,0,0,0,0,0,0,-218000,0,0,0,40000,258000,-218000,-218000
058414,大立光兆豐99購02,0,0,0,0,0,0,0,0,0,-219000,0,0,0,560000,779000,-219000,-219000
056385,創意國泰99購01  ,0,0,0,0,0,0,0,0,0,-219000,0,0,0,10000,229000,-219000,-219000
05644P,大立光中信9A售03,0,0,0,0,0,0,0,0,0,-219000,0,0,0,117000,336000,-219000,-219000
00739,元大MSCI A股    ,3000,3000,0,0,0,0,0,0,0,-219000,0,77000,-77000,141000,283000,-142000,-219000
058709,臺股指元大9A購22,0,0,0,0,0,0,0,0,0,-220000,0,0,0,363000,583000,-220000,-220000
056172,鴻海元富97購11  ,0,0,0,0,0,0,0,0,0,-220000,0,0,0,0,220000,-220000,-220000
053985,矽創元大96購02  ,0,0,0,0,0,0,0,0,0,-221000,0,0,0,69000,290000,-221000,-221000
051780,矽力群益95購01  ,0,0,0,0,0,0,0,0,0,-221000,0,0,0,0,221000,-221000,-221000
053152,大立光元大99購01,0,0,0,0,0,0,0,0,0,-221000,0,0,0,120000,341000,-221000,-221000
054070,創意國泰96購02  ,0,0,0,0,0,0,0,0,0,-221000,0,0,0,80000,301000,-221000,-221000
04142P,元油反凱基99售01,0,0,0,0,0,0,0,0,0,-222000,0,0,0,0,222000,-222000,-222000
05512P,華新科台新97售01,0,0,0,0,0,0,0,0,0,-223000,0,0,0,462000,685000,-223000,-223000
2406,國碩            ,108000,331000,-223000,0,0,0,0,0,0,0,0,0,0,0,0,0,-223000
058412,聯發科兆豐99購01,0,0,0,0,0,0,0,0,0,-224000,0,0,0,85000,309000,-224000,-224000
2617,台航            ,33000,257000,-224000,0,0,0,0,0,0,0,0,0,0,0,0,0,-224000
06996P,臺股指凱基99售17,0,0,0,0,0,0,0,0,0,-224000,0,0,0,912000,1136000,-224000,-224000
054131,南亞科元大96購04,0,0,0,0,0,0,0,0,0,-225000,0,0,0,10000,235000,-225000,-225000
05855P,滬深2X中信9C售01,0,0,0,0,0,0,0,0,0,-226000,0,0,0,50000,276000,-226000,-226000
048655,A50正2元富96購01,0,0,0,0,0,0,0,0,0,-226000,0,0,0,0,226000,-226000,-226000
054644,A50正2群益9B購01,0,0,0,0,0,0,0,0,0,-226000,0,0,0,100000,326000,-226000,-226000
1464,得力            ,178000,398000,-220000,0,0,0,0,7000,-7000,1000,0,0,0,1000,0,1000,-226000
06121P,同欣電凱基97售02,0,0,0,0,0,0,0,0,0,-227000,0,0,0,60000,287000,-227000,-227000
054159,T50正2凱基99購01,0,0,0,0,0,0,0,0,0,-227000,0,0,0,0,227000,-227000,-227000
056009,奇力新中信98購03,0,0,0,0,0,0,0,0,0,-227000,0,0,0,0,227000,-227000,-227000
8210,勤誠            ,311000,617000,-306000,0,0,0,100000,2000,98000,-19000,2000,12000,-10000,27000,36000,-9000,-227000
056507,創意永豐98購02  ,0,0,0,0,0,0,0,0,0,-228000,0,0,0,4000,232000,-228000,-228000
052691,GIS元大96購01   ,0,0,0,0,0,0,0,0,0,-228000,0,0,0,62000,290000,-228000,-228000
054427,潤泰全富邦97購01,0,0,0,0,0,0,0,0,0,-228000,0,0,0,1000,229000,-228000,-228000
1229,聯華            ,443000,511000,-68000,0,0,0,2000,11000,-9000,-151000,0,151000,-151000,0,0,0,-228000
058656,燿華中信99購01  ,0,0,0,0,0,0,0,0,0,-229000,0,0,0,150000,379000,-229000,-229000
06503P,臺股指中信9A售02,0,0,0,0,0,0,0,0,0,-229000,0,0,0,12000,241000,-229000,-229000
3698,隆達            ,442000,516000,-74000,0,0,0,0,0,0,-155000,20000,175000,-155000,0,0,0,-229000
059052,為升凱基99購01  ,0,0,0,0,0,0,0,0,0,-230000,0,0,0,0,230000,-230000,-230000
2006,東和鋼鐵        ,627000,692381,-65381,0,0,0,2000,2000,0,-165000,1000,166000,-165000,0,0,0,-230381
056742,玉晶光凱基9A購01,0,0,0,0,0,0,0,0,0,-233000,0,0,0,60000,293000,-233000,-233000
047383,鴻海元大95購01  ,0,0,0,0,0,0,0,0,0,-233000,0,0,0,104000,337000,-233000,-233000
051623,和碩凱基96購02  ,0,0,0,0,0,0,0,0,0,-234000,0,0,0,10000,244000,-234000,-234000
05600P,玉晶光台新96售04,0,0,0,0,0,0,0,0,0,-235000,0,0,0,625000,860000,-235000,-235000
055861,矽力元大97購03  ,0,0,0,0,0,0,0,0,0,-235000,0,0,0,0,235000,-235000,-235000
07084P,S&P正2元富9B售02,0,0,0,0,0,0,0,0,0,-236000,0,0,0,0,236000,-236000,-236000
058373,晶技凱基99購02  ,0,0,0,0,0,0,0,0,0,-237000,0,0,0,27000,264000,-237000,-237000
04929P,同欣電凱基95售01,0,0,0,0,0,0,0,0,0,-237000,0,0,0,4000,241000,-237000,-237000
2484,希華            ,67000,305000,-238000,0,0,0,0,0,0,1000,1000,0,1000,0,0,0,-237000
048070,聯發科元富99購03,0,0,0,0,0,0,0,0,0,-238000,0,0,0,93000,331000,-238000,-238000
08570P,台灣50凱基96售03,0,0,0,0,0,0,0,0,0,-238000,0,0,0,0,238000,-238000,-238000
06569P,可成永豐98售01  ,0,0,0,0,0,0,0,0,0,-238000,0,0,0,19000,257000,-238000,-238000
00636,國泰中國A50     ,20000,332000,-312000,0,0,0,0,0,0,73365,20000,20000,0,331000,257635,73365,-238635
058457,創意永豐99購01  ,0,0,0,0,0,0,0,0,0,-239000,0,0,0,164000,403000,-239000,-239000
052857,大成鋼凱基96購01,0,0,0,0,0,0,0,0,0,-239000,0,0,0,30000,269000,-239000,-239000
054489,牧德台新97購02  ,0,0,0,0,0,0,0,0,0,-239000,0,0,0,221000,460000,-239000,-239000
1447,力鵬            ,40000,266000,-226000,0,0,0,0,0,0,-13000,0,13000,-13000,0,0,0,-239000
1604,聲寶            ,50000,283000,-233000,0,0,0,0,6000,-6000,0,0,0,0,0,0,0,-239000
3062,建漢            ,256000,483000,-227000,0,0,0,0,0,0,-12000,0,12000,-12000,0,0,0,-239000
048562,宏達電元大95購01,0,0,0,0,0,0,0,0,0,-240000,0,0,0,20000,260000,-240000,-240000
052451,旭富元大95購02  ,0,0,0,0,0,0,0,0,0,-240000,0,0,0,37000,277000,-240000,-240000
055475,臻鼎凱基97購02  ,0,0,0,0,0,0,0,0,0,-240000,0,0,0,10000,250000,-240000,-240000
055840,南亞科元大97購03,0,0,0,0,0,0,0,0,0,-240000,0,0,0,0,240000,-240000,-240000
058614,台郡元大9A購01  ,0,0,0,0,0,0,0,0,0,-241000,0,0,0,27000,268000,-241000,-241000
05118P,超眾元大96售04  ,0,0,0,0,0,0,0,0,0,-241000,0,0,0,15000,256000,-241000,-241000
055701,亞德客富邦99購01,0,0,0,0,0,0,0,0,0,-241000,0,0,0,59000,300000,-241000,-241000
2107,厚生            ,26000,250000,-224000,0,0,0,0,16000,-16000,-1000,0,1000,-1000,0,0,0,-241000
06730P,祥碩元大98售07  ,0,0,0,0,0,0,0,0,0,-241000,0,0,0,104000,345000,-241000,-241000
057431,京鼎兆豐98購02  ,0,0,0,0,0,0,0,0,0,-242000,0,0,0,38000,280000,-242000,-242000
04816P,台積電兆豐94售06,0,0,0,0,0,0,0,0,0,-242000,0,0,0,397000,639000,-242000,-242000
05205P,緯穎元大95售03  ,0,0,0,0,0,0,0,0,0,-243000,0,0,0,0,243000,-243000,-243000
058330,鴻海元富99購01  ,0,0,0,0,0,0,0,0,0,-244000,0,0,0,335000,579000,-244000,-244000
06013P,世芯國泰97售03  ,0,0,0,0,0,0,0,0,0,-244000,0,0,0,351000,595000,-244000,-244000
2207,和泰車          ,360240,556618,-196378,0,0,0,6000,1000,5000,-53000,0,53000,-53000,0,0,0,-244378
054376,聯茂中信97購01  ,0,0,0,0,0,0,0,0,0,-245000,0,0,0,68000,313000,-245000,-245000
8081,致新            ,271000,517000,-246000,0,0,0,0,1000,-1000,2000,22000,6000,16000,1000,15000,-14000,-245000
00640L,富邦日本正2     ,1000,0,1000,0,0,0,0,0,0,-247000,0,0,0,1174000,1421000,-247000,-246000
056829,台積電富邦9A購01,35000,0,35000,0,0,0,0,0,0,-282000,0,0,0,0,282000,-282000,-247000
05154P,台積電兆豐95售05,0,0,0,0,0,0,0,0,0,-248000,0,0,0,258000,506000,-248000,-248000
6108,競國            ,35000,266000,-231000,0,0,0,0,0,0,-17000,0,17000,-17000,0,0,0,-248000
053291,旺宏中信9A購01  ,0,0,0,0,0,0,0,0,0,-249000,0,0,0,1000,250000,-249000,-249000
4934,太極            ,503000,752000,-249000,0,0,0,0,0,0,0,0,0,0,0,0,0,-249000
07113P,台積電兆豐99售03,0,0,0,0,0,0,0,0,0,-249000,0,0,0,2515000,2764000,-249000,-249000
056533,友達凱基9A購02  ,0,0,0,0,0,0,0,0,0,-250000,0,0,0,0,250000,-250000,-250000
057228,友達凱基9B購01  ,0,0,0,0,0,0,0,0,0,-250000,0,0,0,0,250000,-250000,-250000
054014,宏達電永豐96購04,0,0,0,0,0,0,0,0,0,-250000,0,0,0,0,250000,-250000,-250000
03649C,T50反1凱基99牛05,0,0,0,0,0,0,0,0,0,-250000,0,0,0,0,250000,-250000,-250000
055120,南港兆豐97購01  ,0,0,0,0,0,0,0,0,0,-250000,0,0,0,106000,356000,-250000,-250000
056007,上銀中信97購02  ,0,0,0,0,0,0,0,0,0,-250000,0,0,0,25000,275000,-250000,-250000
052592,華通群益98購01  ,0,0,0,0,0,0,0,0,0,-250000,0,0,0,0,250000,-250000,-250000
051971,元金2X凱基97購02,0,0,0,0,0,0,0,0,0,-252000,0,0,0,0,252000,-252000,-252000
052441,亞泥元大95購01  ,0,0,0,0,0,0,0,0,0,-253000,0,0,0,0,253000,-253000,-253000
058359,瑞昱凱基99購01  ,0,0,0,0,0,0,0,0,0,-255000,0,0,0,35000,290000,-255000,-255000
04794P,友達元大96售03  ,0,0,0,0,0,0,0,0,0,-255000,0,0,0,0,255000,-255000,-255000
051052,台積電群益95購01,0,0,0,0,0,0,0,0,0,-255000,0,0,0,100000,355000,-255000,-255000
055456,上銀富邦99購01  ,0,0,0,0,0,0,0,0,0,-255000,0,0,0,45000,300000,-255000,-255000
6412,群電            ,263000,513000,-250000,0,0,0,0,0,0,-5000,0,5000,-5000,0,0,0,-255000
3010,華立            ,35000,280000,-245000,0,0,0,0,3000,-3000,-8000,1000,9000,-8000,0,0,0,-256000
5871,中租-KY         ,4600000,4741634,-141634,0,0,0,36000,5000,31000,-146000,30000,178000,-148000,2000,0,2000,-256634
05900P,臺股指凱基99售05,0,0,0,0,0,0,0,0,0,-257000,0,0,0,30000,287000,-257000,-257000
03619C,臺股指元大95牛02,0,0,0,0,0,0,0,0,0,-257000,0,0,0,265000,522000,-257000,-257000
057529,嘉晶元大99購02  ,0,0,0,0,0,0,0,0,0,-258000,0,0,0,515000,773000,-258000,-258000
052809,訊芯元大97購01  ,0,0,0,0,0,0,0,0,0,-258000,0,0,0,110000,368000,-258000,-258000
058601,台積電元大99購10,0,0,0,0,0,0,0,0,0,-259000,0,0,0,97000,356000,-259000,-259000
056011,矽力中信99購01  ,0,0,0,0,0,0,0,0,0,-259000,0,0,0,0,259000,-259000,-259000
05513P,玉山金台新96售01,0,0,0,0,0,0,0,0,0,-259000,0,0,0,0,259000,-259000,-259000
07058P,台積電凱基9A售07,0,0,0,0,0,0,0,0,0,-259000,0,0,0,290000,549000,-259000,-259000
047683,亞德客國泰95購01,0,0,0,0,0,0,0,0,0,-260000,0,0,0,119000,379000,-260000,-260000
050230,聯發科麥證94購02,0,0,0,80000,340000,-260000,0,0,0,-260000,0,0,0,80000,340000,-260000,-260000
055152,旺宏元大98購04  ,0,0,0,0,0,0,0,0,0,-260000,0,0,0,105000,365000,-260000,-260000
052445,南亞科元大95購05,0,0,0,0,0,0,0,0,0,-260000,0,0,0,710000,970000,-260000,-260000
051977,泰碩凱基95購01  ,0,0,0,0,0,0,0,0,0,-260000,0,0,0,140000,400000,-260000,-260000
048785,台積電元大96購01,0,0,0,0,0,0,0,0,0,-261000,0,0,0,77000,338000,-261000,-261000
054793,牧德群益9A購01  ,0,0,0,0,0,0,0,0,0,-261000,0,0,0,0,261000,-261000,-261000
052865,大立光凱基96購11,0,0,0,0,0,0,0,0,0,-261000,0,0,0,0,261000,-261000,-261000
2851,中再保          ,28000,287451,-259451,0,0,0,0,0,0,-2000,0,2000,-2000,0,0,0,-261451
047688,亞德客富邦95購01,0,0,0,0,0,0,0,0,0,-262000,0,0,0,0,262000,-262000,-262000
055520,矽力中信97購02  ,0,0,0,0,0,0,0,0,0,-262000,0,0,0,87000,349000,-262000,-262000
058343,台積電群益99購02,0,0,0,0,0,0,0,0,0,-263000,0,0,0,19000,282000,-263000,-263000
058979,上銀凱基99購04  ,0,0,0,0,0,0,0,0,0,-263000,0,0,0,0,263000,-263000,-263000
048744,儒鴻元富97購01  ,0,0,0,0,0,0,0,0,0,-263000,0,0,0,0,263000,-263000,-263000
06229P,欣興凱基97售07  ,0,0,0,0,0,0,0,0,0,-265000,0,0,0,210000,475000,-265000,-265000
054676,牧德台新98購01  ,0,0,0,0,0,0,0,0,0,-265000,0,0,0,90000,355000,-265000,-265000
057927,勤誠凱基98購01  ,0,0,0,0,0,0,0,0,0,-266000,0,0,0,8000,274000,-266000,-266000
056634,為升兆豐99購01  ,0,0,0,0,0,0,0,0,0,-267000,0,0,0,40000,307000,-267000,-267000
05162P,玉晶光國票96售03,0,0,0,0,0,0,0,0,0,-267000,0,0,0,5000,272000,-267000,-267000
05693P,滬深2X凱基98售02,0,0,0,0,0,0,0,0,0,-268000,0,0,0,104000,372000,-268000,-268000
057917,台積電凱基98購17,0,0,0,0,0,0,0,0,0,-268000,0,0,0,110000,378000,-268000,-268000
055874,中環元富9A購01  ,0,0,0,0,0,0,0,0,0,-268000,0,0,0,52000,320000,-268000,-268000
03671P,大立光凱基95售02,0,0,0,0,0,0,0,0,0,-270000,0,0,0,0,270000,-270000,-270000
054133,奇力新元大97購04,0,0,0,0,0,0,0,0,0,-271000,0,0,0,250000,521000,-271000,-271000
051855,道瓊反凱基97購01,0,0,0,0,0,0,0,0,0,-272000,0,0,0,241000,513000,-272000,-272000
06872P,亞德客元富98售04,0,0,0,0,0,0,0,0,0,-272000,0,0,0,41000,313000,-272000,-272000
04354P,華新科永豐94售01,0,0,0,0,0,0,0,0,0,-273000,0,0,0,0,273000,-273000,-273000
051390,京元電兆豐95購01,0,0,0,0,0,0,0,0,0,-273000,0,0,0,50000,323000,-273000,-273000
058903,聯發科元大99購16,0,0,0,0,0,0,0,0,0,-274000,0,0,0,132000,406000,-274000,-274000
056594,台積電元富98購03,0,0,0,0,0,0,0,0,0,-274000,0,0,0,0,274000,-274000,-274000
051501,康友群益95購02  ,0,0,0,0,0,0,0,0,0,-275000,0,0,0,0,275000,-275000,-275000
050102,鴻海富邦95購04  ,0,0,0,0,0,0,0,0,0,-275000,0,0,0,0,275000,-275000,-275000
05101P,大立光凱基95售11,0,0,0,0,0,0,0,0,0,-277000,0,0,0,0,277000,-277000,-277000
053760,牧德國泰98購01  ,0,0,0,0,0,0,0,0,0,-277000,0,0,0,210000,487000,-277000,-277000
056527,大成鋼凱基98購03,0,0,0,0,0,0,0,0,0,-278000,0,0,0,1000,279000,-278000,-278000
044763,瀚宇博凱基93購01,0,0,0,0,0,0,0,0,0,-278000,0,0,0,10000,288000,-278000,-278000
2420,新巨            ,6000,270000,-264000,0,0,0,0,0,0,-15000,0,15000,-15000,0,0,0,-279000
053495,聯發科兆豐96購02,0,0,0,0,0,0,0,0,0,-280000,0,0,0,50000,330000,-280000,-280000
055157,晶豪科元大97購01,0,0,0,0,0,0,0,0,0,-280000,0,0,0,0,280000,-280000,-280000
043513,台灣50元大96購05,0,0,0,0,0,0,0,0,0,-282000,0,0,0,189000,471000,-282000,-282000
052606,聯發科元大97購04,0,0,0,0,0,0,0,0,0,-282000,0,0,0,70000,352000,-282000,-282000
07092P,上銀凱基99售03  ,0,0,0,0,0,0,0,0,0,-282000,0,0,0,0,282000,-282000,-282000
058101,台積電富邦9C購01,0,0,0,0,0,0,0,0,0,-284000,0,0,0,17000,301000,-284000,-284000
05221P,玉晶光元大95售04,0,0,0,0,0,0,0,0,0,-284000,0,0,0,122000,406000,-284000,-284000
05898P,旺宏凱基96售06  ,0,0,0,0,0,0,0,0,0,-285000,0,0,0,76000,361000,-285000,-285000
042168,台灣50凱基96購01,0,0,0,0,0,0,0,0,0,-285000,0,0,0,278000,563000,-285000,-285000
051347,國巨元大95購06  ,0,0,0,0,0,0,0,0,0,-285000,0,0,0,30000,315000,-285000,-285000
6670,復盛應用        ,174000,436000,-262000,0,0,0,0,0,0,-23000,0,2000,-2000,0,21000,-21000,-285000
9946,三發地產        ,483000,768000,-285000,0,0,0,0,0,0,0,0,0,0,0,0,0,-285000
06219P,國巨元富97售05  ,0,0,0,0,0,0,0,0,0,-286000,0,0,0,1059000,1345000,-286000,-286000
2498,宏達電          ,2278000,2352000,-74000,0,0,0,0,0,0,-212000,187000,218000,-31000,13000,194000,-181000,-286000
058097,台灣50國泰99購01,0,0,0,0,0,0,0,0,0,-287000,0,0,0,10000,297000,-287000,-287000
051218,聯發科元富9B購02,0,0,0,0,0,0,0,0,0,-287000,0,0,0,0,287000,-287000,-287000
050334,鴻海國泰96購07  ,0,0,0,0,0,0,0,0,0,-289000,0,0,0,11000,300000,-289000,-289000
050213,華新科台新94購03,0,0,0,0,0,0,0,0,0,-289000,0,0,0,0,289000,-289000,-289000
04596P,臺股指元大94售14,1000,0,1000,0,0,0,0,0,0,-290000,0,0,0,47000,337000,-290000,-289000
3034,聯詠            ,2322987,2683189,-360202,0,0,0,10000,14000,-4000,75000,19000,89000,-70000,205000,60000,145000,-289202
050512,台泥元大94購01  ,0,0,0,0,0,0,0,0,0,-290000,0,0,0,20000,310000,-290000,-290000
053296,貿聯中信98購01  ,0,0,0,0,0,0,0,0,0,-290000,0,0,0,0,290000,-290000,-290000
054366,和大中信98購01  ,0,0,0,0,0,0,0,0,0,-290000,0,0,0,0,290000,-290000,-290000
05421P,鴻海元大96售12  ,0,0,0,0,0,0,0,0,0,-290000,0,0,0,242000,532000,-290000,-290000
052942,聯發科中信97購04,0,0,0,0,0,0,0,0,0,-290000,0,0,0,0,290000,-290000,-290000
055624,聯發科富邦99購07,0,0,0,0,0,0,0,0,0,-290000,0,0,0,0,290000,-290000,-290000
07480P,FBVIX凱基94售01 ,0,0,0,0,0,0,0,0,0,-290000,0,0,0,0,290000,-290000,-290000
1109,信大            ,71000,355000,-284000,0,0,0,0,5000,-5000,-1000,2000,3000,-1000,0,0,0,-290000
06521P,矽力元大98售01  ,0,0,0,0,0,0,0,0,0,-290000,0,0,0,12000,302000,-290000,-290000
04712P,國泰金元大94售01,0,0,0,0,0,0,0,0,0,-291000,0,0,0,226000,517000,-291000,-291000
054845,智邦兆豐98購01  ,0,0,0,0,0,0,0,0,0,-291000,0,0,0,257000,548000,-291000,-291000
056675,聯發科元富02購01,0,0,0,0,0,0,0,0,0,-292000,0,0,0,0,292000,-292000,-292000
049463,華新科富邦97購01,0,0,0,0,0,0,0,0,0,-293000,0,0,0,0,293000,-293000,-293000
057258,中環兆豐98購01  ,0,0,0,0,0,0,0,0,0,-294000,0,0,0,59000,353000,-294000,-294000
053860,台積電元大98購03,0,0,0,0,0,0,0,0,0,-295000,0,0,0,0,295000,-295000,-295000
053653,京元電凱基96購02,0,0,0,0,0,0,0,0,0,-296000,0,0,0,0,296000,-296000,-296000
056783,國巨群益99購01  ,0,0,0,0,0,0,0,0,0,-298000,0,0,0,31000,329000,-298000,-298000
06118P,上証2X凱基98售03,0,0,0,0,0,0,0,0,0,-298000,0,0,0,0,298000,-298000,-298000
2442,新美齊          ,522000,794000,-272000,0,0,0,0,0,0,-26000,0,26000,-26000,0,0,0,-298000
4942,嘉彰            ,42000,333000,-291000,0,0,0,0,7000,-7000,0,7000,7000,0,0,0,0,-298000
047421,聯茂富邦97購01  ,0,0,0,0,0,0,0,0,0,-299000,0,0,0,168000,467000,-299000,-299000
055516,上銀中信97購01  ,0,0,0,0,0,0,0,0,0,-299000,0,0,0,0,299000,-299000,-299000
2383,台光電          ,820000,1047000,-227000,0,0,0,0,1000,-1000,-71000,108000,160000,-52000,4000,23000,-19000,-299000
06016P,京元電凱基96售03,0,0,0,0,0,0,0,0,0,-300000,0,0,0,30000,330000,-300000,-300000
059053,鴻海凱基99購07  ,0,0,0,0,0,0,0,0,0,-300000,0,0,0,100000,400000,-300000,-300000
057234,宏達電凱基98購05,0,0,0,0,0,0,0,0,0,-300000,0,0,0,97000,397000,-300000,-300000
052105,南亞科兆豐95購01,0,0,0,0,0,0,0,0,0,-300000,0,0,0,100000,400000,-300000,-300000
055793,臺股指凱基97購16,0,0,0,0,0,0,0,0,0,-300000,0,0,0,0,300000,-300000,-300000
055438,鴻海國票98購01  ,0,0,0,0,0,0,0,0,0,-300000,0,0,0,0,300000,-300000,-300000
051672,玉晶光元大96購03,0,0,0,0,0,0,0,0,0,-300000,0,0,0,248000,548000,-300000,-300000
055222,臺股指凱基97購05,0,0,0,0,0,0,0,0,0,-301000,0,0,0,99000,400000,-301000,-301000
053074,嘉晶永豐96購02  ,0,0,0,0,0,0,0,0,0,-301000,0,0,0,129000,430000,-301000,-301000
058896,中環元大99購03  ,0,0,0,0,0,0,0,0,0,-302000,0,0,0,0,302000,-302000,-302000
2421,建準            ,1688000,1956000,-268000,0,0,0,0,0,0,-34000,1000,25000,-24000,0,10000,-10000,-302000
2912,統一超          ,1376039,1634176,-258137,0,0,0,53000,2000,51000,-95000,0,96000,-96000,1000,0,1000,-302137
053817,華新科群益97購02,0,0,0,0,0,0,0,0,0,-304000,0,0,0,68000,372000,-304000,-304000
06414P,矽力凱基97售03  ,0,0,0,0,0,0,0,0,0,-306000,0,0,0,3000,309000,-306000,-306000
04286P,滬深2X中信96售01,0,0,0,0,0,0,0,0,0,-307000,0,0,0,10000,317000,-307000,-307000
051800,旺宏永豐95購02  ,0,0,0,0,0,0,0,0,0,-308000,0,0,0,50000,358000,-308000,-308000
057546,台積電凱基02購01,0,0,0,0,0,0,0,0,0,-310000,0,0,0,0,310000,-310000,-310000
048181,A50正2群益95購01,0,0,0,0,0,0,0,0,0,-310000,0,0,0,40000,350000,-310000,-310000
050127,台積電凱基94購31,0,0,0,0,0,0,0,0,0,-310000,0,0,0,0,310000,-310000,-310000
051771,上銀中信95購01  ,0,0,0,0,0,0,0,0,0,-310000,0,0,0,0,310000,-310000,-310000
054814,台積電元大97購13,0,0,0,0,0,0,0,0,0,-310000,0,0,0,1000,311000,-310000,-310000
049921,大立光元大94購16,0,0,0,0,0,0,0,0,0,-311000,0,0,0,1000,312000,-311000,-311000
2401,凌陽            ,324000,565000,-241000,0,0,0,0,0,0,-70000,64000,134000,-70000,0,0,0,-311000
056602,嘉澤國泰99購01  ,0,0,0,0,0,0,0,0,0,-312000,0,0,0,5000,317000,-312000,-312000
057515,智原元富98購02  ,0,0,0,0,0,0,0,0,0,-313000,0,0,0,0,313000,-313000,-313000
05807P,泰鼎永豐96售03  ,0,0,0,0,0,0,0,0,0,-313000,0,0,0,85000,398000,-313000,-313000
2362,藍天            ,108000,362000,-254000,0,0,0,0,1000,-1000,-58000,6000,64000,-58000,0,0,0,-313000
1527,鑽全            ,106000,415000,-309000,0,0,0,0,4000,-4000,0,0,0,0,0,0,0,-313000
054234,可成群益96購05  ,5000,0,5000,0,0,0,0,0,0,-320000,0,0,0,0,320000,-320000,-315000
052591,康友永豐97購01  ,0,0,0,0,0,0,0,0,0,-315000,0,0,0,0,315000,-315000,-315000
05718P,國巨元大96售09  ,0,0,0,0,0,0,0,0,0,-316000,0,0,0,122000,438000,-316000,-316000
049254,台積電元大96購02,0,0,0,0,0,0,0,0,0,-316000,0,0,0,205000,521000,-316000,-316000
055498,大立光元大97購07,0,0,0,0,0,0,0,0,0,-316000,0,0,0,15000,331000,-316000,-316000
06127P,泰碩元富97售01  ,0,0,0,0,0,0,0,0,0,-318000,0,0,0,321000,639000,-318000,-318000
2499,東貝            ,328000,646000,-318000,0,0,0,0,0,0,0,0,0,0,0,0,0,-318000
06152P,玉晶光元大98售06,0,0,0,0,0,0,0,0,0,-319000,0,0,0,13000,332000,-319000,-319000
058332,鴻海元富99購03  ,0,0,0,0,0,0,0,0,0,-320000,0,0,0,203000,523000,-320000,-320000
054836,勤誠中信97購01  ,0,0,0,0,0,0,0,0,0,-320000,0,0,0,0,320000,-320000,-320000
08609P,世紀鋼永豐9C售03,0,0,0,0,0,0,0,0,0,-320000,0,0,0,0,320000,-320000,-320000
053300,大成鋼凱基96購02,0,0,0,0,0,0,0,0,0,-321000,0,0,0,0,321000,-321000,-321000
03414B,臺股指凱基99熊01,0,1000,-1000,0,0,0,0,0,0,-320000,0,0,0,187000,507000,-320000,-321000
05583P,訊芯凱基96售01  ,0,0,0,0,0,0,0,0,0,-322000,0,0,0,74000,396000,-322000,-322000
2108,南帝            ,123000,423000,-300000,0,0,0,0,5000,-5000,-17000,0,17000,-17000,0,0,0,-322000
8213,志超            ,173000,483000,-310000,0,0,0,0,6000,-6000,-6000,1000,7000,-6000,0,0,0,-322000
2327,國巨            ,4566793,4323877,242916,0,0,0,0,185000,-185000,-381000,230000,490000,-260000,303000,424000,-121000,-323084
2426,鼎元            ,209000,499000,-290000,0,0,0,0,0,0,-34000,0,34000,-34000,0,0,0,-324000
052152,創意富邦98購01  ,0,0,0,0,0,0,0,0,0,-325000,0,0,0,30000,355000,-325000,-325000
6414,樺漢            ,198060,516000,-317940,0,0,0,0,0,0,-9000,39000,44000,-5000,1000,5000,-4000,-326940
03434B,臺股指元大99熊10,0,0,0,0,0,0,0,0,0,-327000,0,0,0,0,327000,-327000,-327000
05506P,茂林凱基96售03  ,0,0,0,0,0,0,0,0,0,-327000,0,0,0,20000,347000,-327000,-327000
054781,台化群益99購01  ,0,0,0,0,0,0,0,0,0,-327000,0,0,0,8000,335000,-327000,-327000
058525,台虹元大99購02  ,0,0,0,0,0,0,0,0,0,-328000,0,0,0,42000,370000,-328000,-328000
04771P,友達元大96售02  ,0,0,0,0,0,0,0,0,0,-328000,0,0,0,90000,418000,-328000,-328000
1560,中砂            ,104000,425000,-321000,0,0,0,0,2000,-2000,-5000,0,5000,-5000,0,0,0,-328000
058658,瑞儀中信99購01  ,0,0,0,0,0,0,0,0,0,-329000,0,0,0,27000,356000,-329000,-329000
051399,玉晶光台新96購01,0,0,0,0,0,0,0,0,0,-329000,0,0,0,16000,345000,-329000,-329000
053123,京元電凱基96購01,0,0,0,0,0,0,0,0,0,-329000,0,0,0,0,329000,-329000,-329000
054028,臻鼎凱基96購03  ,0,0,0,0,0,0,0,0,0,-330000,0,0,0,0,330000,-330000,-330000
05293P,廣達凱基95售01  ,0,0,0,0,0,0,0,0,0,-330000,0,0,0,0,330000,-330000,-330000
055149,國巨元大97購06  ,0,0,0,0,0,0,0,0,0,-335000,0,0,0,2000,337000,-335000,-335000
8926,台汽電          ,457000,592000,-135000,0,0,0,1000,11000,-10000,-190000,0,190000,-190000,0,0,0,-335000
3673,TPK-KY          ,1092000,1300648,-208648,0,0,0,0,0,0,-129000,57000,83000,-26000,1000,104000,-103000,-337648
050370,台積電元大94購24,0,0,0,0,0,0,0,0,0,-338000,0,0,0,30000,368000,-338000,-338000
1589,永冠-KY         ,47000,393000,-346000,0,0,0,0,0,0,7000,22000,15000,7000,0,0,0,-339000
053577,上証2X元大96購02,0,0,0,0,0,0,0,0,0,-340000,0,0,0,0,340000,-340000,-340000
051762,國泰金元大95購01,0,0,0,0,0,0,0,0,0,-340000,0,0,0,0,340000,-340000,-340000
052802,華新科元大97購02,0,0,0,0,0,0,0,0,0,-340000,0,0,0,70000,410000,-340000,-340000
07099P,台積電元大99售19,0,0,0,0,0,0,0,0,0,-340000,0,0,0,40000,380000,-340000,-340000
053960,晶技永豐96購02  ,0,0,0,0,0,0,0,0,0,-341000,0,0,0,32000,373000,-341000,-341000
8110,華東            ,298000,656000,-358000,0,0,0,0,16000,-16000,31000,68000,37000,31000,0,0,0,-343000
056605,台積電富邦9B購02,0,0,0,0,0,0,0,0,0,-344000,0,0,0,0,344000,-344000,-344000
04773P,金融類元大94售01,0,0,0,0,0,0,0,0,0,-344000,0,0,0,0,344000,-344000,-344000
042953,鴻海台新01購01  ,0,0,0,0,0,0,0,0,0,-344000,0,0,0,446000,790000,-344000,-344000
04568P,瑞昱兆豐94售02  ,0,0,0,0,0,0,0,0,0,-345000,0,0,0,26000,371000,-345000,-345000
050192,康控元大97購01  ,0,0,0,0,0,0,0,0,0,-345000,0,0,0,0,345000,-345000,-345000
052994,群創台新99購01  ,0,0,0,0,0,0,0,0,0,-345000,0,0,0,40000,385000,-345000,-345000
6271,同欣電          ,532000,1333000,-801000,0,0,0,72000,200000,-128000,584000,745000,28000,717000,5000,138000,-133000,-345000
056059,美律元大98購02  ,0,0,0,0,0,0,0,0,0,-346000,0,0,0,0,346000,-346000,-346000
2905,三商            ,114000,460000,-346000,0,0,0,0,0,0,0,0,0,0,0,0,0,-346000
054585,禾伸堂國泰99購01,0,0,0,0,0,0,0,0,0,-347000,0,0,0,198000,545000,-347000,-347000
06426P,T50正2元大9B售01,0,0,0,0,0,0,0,0,0,-347000,0,0,0,0,347000,-347000,-347000
058490,元黃金群益9B購01,0,0,0,0,0,0,0,0,0,-350000,0,0,0,0,350000,-350000,-350000
04830P,大立光凱基94售15,0,0,0,0,0,0,0,0,0,-350000,0,0,0,0,350000,-350000,-350000
057879,電子類元大99購02,0,0,0,0,0,0,0,0,0,-351000,0,0,0,0,351000,-351000,-351000
04710P,台積電元大94售16,0,0,0,0,0,0,0,0,0,-352000,0,0,0,355000,707000,-352000,-352000
042501,台灣50凱基96購06,0,0,0,0,0,0,0,0,0,-352000,0,0,0,708000,1060000,-352000,-352000
042929,台積電中信95購02,0,0,0,0,0,0,0,0,0,-357000,0,0,0,80000,437000,-357000,-357000
05194P,玉晶光康和95售01,0,0,0,0,0,0,0,0,0,-359000,0,0,0,0,359000,-359000,-359000
2439,美律            ,505000,908000,-403000,0,0,0,0,218000,-218000,262000,177000,311000,-134000,417000,21000,396000,-359000
048328,滬深2X永昌94購01,0,0,0,0,0,0,0,0,0,-360000,0,0,0,0,360000,-360000,-360000
054998,玉晶光元富97購02,0,0,0,0,0,0,0,0,0,-360000,0,0,0,0,360000,-360000,-360000
06346P,聯鈞元富97售02  ,0,0,0,0,0,0,0,0,0,-362000,0,0,0,8000,370000,-362000,-362000
058904,晶技元大99購05  ,0,0,0,0,0,0,0,0,0,-363000,0,0,0,4000,367000,-363000,-363000
057393,台積電中信02購01,0,0,0,0,0,0,0,0,0,-364000,0,0,0,0,364000,-364000,-364000
055596,新光金元大9B購02,0,0,0,0,0,0,0,0,0,-365000,0,0,0,40000,405000,-365000,-365000
058379,臺股指凱基99購14,0,0,0,0,0,0,0,0,0,-367000,0,0,0,0,367000,-367000,-367000
03438P,群創群益98售03  ,0,0,0,0,0,0,0,0,0,-369000,0,0,0,0,369000,-369000,-369000
056355,台積電元大98購08,0,0,0,0,0,0,0,0,0,-370000,0,0,0,423000,793000,-370000,-370000
052387,台積電群益95購08,0,0,0,0,0,0,0,0,0,-371000,0,0,0,0,371000,-371000,-371000
8016,矽創            ,975000,1332000,-357000,0,0,0,20000,1000,19000,-34000,1000,11000,-10000,7000,31000,-24000,-372000
6285,啟碁            ,329000,742000,-413000,0,0,0,0,0,0,40000,119000,69000,50000,7000,17000,-10000,-373000
2351,順德            ,281000,255000,26000,0,0,0,0,334000,-334000,-65000,0,71000,-71000,6000,0,6000,-373000
1609,大亞            ,296000,652000,-356000,0,0,0,1000,0,1000,-18000,0,18000,-18000,0,0,0,-373000
055909,大成鋼凱基98購02,0,0,0,0,0,0,0,0,0,-374000,0,0,0,0,374000,-374000,-374000
1519,華城            ,161000,485000,-324000,0,0,0,0,50000,-50000,0,0,0,0,0,0,0,-374000
1701,中化            ,206000,573000,-367000,0,0,0,0,0,0,-8000,0,8000,-8000,0,0,0,-375000
058526,鈺齊元大99購02  ,0,0,0,0,0,0,0,0,0,-378000,0,0,0,222000,600000,-378000,-378000
058073,大立光凱基99購04,0,0,0,0,0,0,0,0,0,-378000,0,0,0,41000,419000,-378000,-378000
047123,中石化中信95購01,0,0,0,0,0,0,0,0,0,-380000,0,0,0,20000,400000,-380000,-380000
055798,聯茂富邦98購01  ,0,0,0,0,0,0,0,0,0,-380000,0,0,0,200000,580000,-380000,-380000
056291,聯茂永豐97購03  ,0,0,0,0,0,0,0,0,0,-382000,0,0,0,10000,392000,-382000,-382000
055417,健策富邦98購02  ,0,0,0,0,0,0,0,0,0,-382000,0,0,0,0,382000,-382000,-382000
06311P,嘉聯益元富97售02,0,0,0,0,0,0,0,0,0,-382000,0,0,0,64000,446000,-382000,-382000
058037,台灣50元大9B購02,0,0,0,0,0,0,0,0,0,-383000,0,0,0,0,383000,-383000,-383000
04775P,台積電凱基94售29,0,0,0,0,0,0,0,0,0,-383000,0,0,0,0,383000,-383000,-383000
06038P,國泰金台新96售01,0,0,0,0,0,0,0,0,0,-384000,0,0,0,65000,449000,-384000,-384000
2345,智邦            ,2367889,2588459,-220570,0,0,0,90000,3000,87000,-254000,125000,246000,-121000,22000,155000,-133000,-387570
06025P,臺股指元大99售02,0,0,0,0,0,0,0,0,0,-389000,0,0,0,224000,613000,-389000,-389000
058865,群創凱基01購01  ,0,0,0,0,0,0,0,0,0,-389000,0,0,0,0,389000,-389000,-389000
048179,臻鼎富邦97購01  ,0,0,0,0,0,0,0,0,0,-390000,0,0,0,0,390000,-390000,-390000
054841,亞德客兆豐97購01,0,0,0,0,0,0,0,0,0,-390000,0,0,0,198000,588000,-390000,-390000
057838,台郡國泰99購01  ,0,0,0,0,0,0,0,0,0,-391000,0,0,0,118000,509000,-391000,-391000
050791,聯發科富邦96購01,0,0,0,0,0,0,0,0,0,-391000,0,0,0,0,391000,-391000,-391000
1605,華新            ,2848000,8769000,-5921000,0,0,0,8000,0,8000,5522000,131000,181000,-50000,5854000,282000,5572000,-391000
05201P,玉晶光國泰97售02,0,0,0,0,0,0,0,0,0,-393000,0,0,0,1511000,1904000,-393000,-393000
2328,廣宇            ,247000,514000,-267000,0,0,0,0,8000,-8000,-120000,37000,156000,-119000,0,1000,-1000,-395000
2601,益航            ,305000,689000,-384000,0,0,0,0,12000,-12000,0,0,0,0,0,0,0,-396000
06669P,緯穎凱基98售05  ,0,0,0,0,0,0,0,0,0,-399000,0,0,0,0,399000,-399000,-399000
056461,樺漢凱基98購02  ,0,0,0,0,0,0,0,0,0,-400000,0,0,0,7000,407000,-400000,-400000
051358,台新金元大95購01,0,0,0,0,0,0,0,0,0,-400000,0,0,0,0,400000,-400000,-400000
051514,智邦凱基95購05  ,0,0,0,0,0,0,0,0,0,-400000,0,0,0,0,400000,-400000,-400000
054662,同欣電元大97購02,0,0,0,0,0,0,0,0,0,-400000,0,0,0,0,400000,-400000,-400000
052416,滬深2X兆豐96購02,0,0,0,0,0,0,0,0,0,-400000,0,0,0,0,400000,-400000,-400000
052860,旺宏凱基96購03  ,0,0,0,0,0,0,0,0,0,-400000,0,0,0,0,400000,-400000,-400000
07100P,華航元大99售01  ,0,0,0,0,0,0,0,0,0,-400000,0,0,0,20000,420000,-400000,-400000
2537,聯上發          ,607000,1007000,-400000,0,0,0,0,0,0,0,0,0,0,0,0,0,-400000
03237P,大立光元大02售04,0,0,0,0,0,0,0,0,0,-401000,0,0,0,0,401000,-401000,-401000
056552,台表科凱基99購01,0,0,0,0,0,0,0,0,0,-402000,0,0,0,106000,508000,-402000,-402000
042317,台灣50永豐96購01,0,0,0,0,0,0,0,0,0,-404000,0,0,0,10000,414000,-404000,-404000
057034,道瓊反元大9B購01,0,0,0,0,0,0,0,0,0,-406000,0,0,0,1000,407000,-406000,-406000
07001P,國巨元大99售12  ,0,0,0,0,0,0,0,0,0,-407000,0,0,0,652000,1059000,-407000,-407000
051455,樺漢元大96購01  ,0,0,0,0,0,0,0,0,0,-410000,0,0,0,0,410000,-410000,-410000
051063,台郡群益95購01  ,0,0,0,0,0,0,0,0,0,-410000,0,0,0,130000,540000,-410000,-410000
054553,宏達電凱基99購01,0,0,0,0,0,0,0,0,0,-410000,0,0,0,0,410000,-410000,-410000
055595,宏達電元大98購02,0,0,0,0,0,0,0,0,0,-410000,0,0,0,11000,421000,-410000,-410000
051677,達方元大95購01  ,0,0,0,0,0,0,0,0,0,-410000,0,0,0,0,410000,-410000,-410000
055343,國巨凱基97購03  ,0,0,0,0,0,0,0,0,0,-410000,0,0,0,0,410000,-410000,-410000
5471,松翰            ,1292000,1676000,-384000,0,0,0,0,0,0,-26000,0,26000,-26000,0,0,0,-410000
044965,大立光中信95購01,0,0,0,0,0,0,0,0,0,-412000,0,0,0,0,412000,-412000,-412000
053564,台積電富邦99購01,0,9000,-9000,0,0,0,0,0,0,-406000,0,0,0,0,406000,-406000,-415000
05301P,矽力元大95售02  ,0,0,0,0,0,0,0,0,0,-415000,0,0,0,130000,545000,-415000,-415000
048192,華通元大96購01  ,0,0,0,0,0,0,0,0,0,-422000,0,0,0,133000,555000,-422000,-422000
2903,遠百            ,280000,516000,-236000,0,0,0,0,0,0,-190000,0,190000,-190000,0,0,0,-426000
055852,聯鈞元大98購01  ,0,0,0,0,0,0,0,0,0,-428000,0,0,0,71000,499000,-428000,-428000
3008,大立光          ,309000,686614,-377614,0,0,0,7211,10000,-2789,-48000,2000,19000,-17000,3000,34000,-31000,-428403
3005,神基            ,497000,2226000,-1729000,0,0,0,0,2000,-2000,1302000,2000,71000,-69000,1401000,30000,1371000,-429000
03427P,聯電元大02售11  ,0,0,0,0,0,0,0,0,0,-430000,0,0,0,30000,460000,-430000,-430000
06760P,台積電元大98售18,0,0,0,0,0,0,0,0,0,-431000,0,0,0,352000,783000,-431000,-431000
5434,崇越            ,177000,586000,-409000,0,0,0,0,1000,-1000,-21000,9000,25000,-16000,0,5000,-5000,-431000
056913,臺股指元大99購05,0,0,0,0,0,0,0,0,0,-433000,0,0,0,255000,688000,-433000,-433000
057625,泰鼎國泰9A購01  ,0,0,0,0,0,0,0,0,0,-435000,0,0,0,69000,504000,-435000,-435000
059025,台灣50台新9B購02,0,0,0,0,0,0,0,0,0,-438000,0,0,0,10000,448000,-438000,-438000
2352,佳世達          ,1251000,1294000,-43000,0,0,0,5000,13000,-8000,-387000,115000,502000,-387000,0,0,0,-438000
047571,滬深2X群益99購01,0,0,0,0,0,0,0,0,0,-439000,0,0,0,0,439000,-439000,-439000
06653P,美食元大98售02  ,0,0,0,0,0,0,0,0,0,-439000,0,0,0,34000,473000,-439000,-439000
057270,遠東新元大98購01,0,0,0,0,0,0,0,0,0,-440000,0,0,0,30000,470000,-440000,-440000
04768P,大立光國泰96售03,0,0,0,0,0,0,0,0,0,-440000,0,0,0,91000,531000,-440000,-440000
06295P,國巨元大97售14  ,0,0,0,0,0,0,0,0,0,-440000,0,0,0,53000,493000,-440000,-440000
06529P,貿聯富邦99售03  ,0,0,0,0,0,0,0,0,0,-441000,0,0,0,60000,501000,-441000,-441000
052927,友達元大98購02  ,0,0,0,0,0,0,0,0,0,-442000,0,0,0,30000,472000,-442000,-442000
058990,GIS凱基99購02   ,0,0,0,0,0,0,0,0,0,-446000,0,0,0,0,446000,-446000,-446000
6196,帆宣            ,211000,637000,-426000,0,0,0,0,0,0,-20000,1000,0,1000,8000,29000,-21000,-446000
1513,中興電          ,358000,786000,-428000,0,0,0,0,4000,-4000,-16000,18000,34000,-16000,0,0,0,-448000
051464,彩晶國泰96購01  ,0,0,0,0,0,0,0,0,0,-450000,0,0,0,0,450000,-450000,-450000
054236,貿聯群益96購01  ,0,0,0,0,0,0,0,0,0,-450000,0,0,0,0,450000,-450000,-450000
2501,國建            ,73000,332000,-259000,0,0,0,0,0,0,-191000,0,191000,-191000,0,0,0,-450000
2836,高雄銀          ,91000,547000,-456000,0,0,0,0,0,0,6000,6000,0,6000,0,0,0,-450000
8215,明基材          ,336000,773000,-437000,0,0,0,0,5000,-5000,-11000,0,0,0,0,11000,-11000,-453000
058603,台積電元大99購12,0,0,0,0,0,0,0,0,0,-454000,0,0,0,395000,849000,-454000,-454000
6153,嘉聯益          ,1939000,2262000,-323000,0,0,0,0,0,0,-136000,87000,189000,-102000,13000,47000,-34000,-459000
4967,十銓            ,957000,1420000,-463000,0,0,0,0,0,0,3000,28000,25000,3000,0,0,0,-460000
3030,德律            ,123000,548000,-425000,0,0,0,0,4000,-4000,-33000,7000,40000,-33000,0,0,0,-462000
059094,臻鼎元大99購03  ,0,0,0,0,0,0,0,0,0,-464000,0,0,0,0,464000,-464000,-464000
1103,嘉泥            ,609000,843000,-234000,0,0,0,0,16000,-16000,-215000,0,215000,-215000,0,0,0,-465000
05767P,國巨凱基96售11  ,0,0,0,0,0,0,0,0,0,-466000,0,0,0,115000,581000,-466000,-466000
1762,中化生          ,227000,662000,-435000,0,0,0,0,0,0,-35000,0,35000,-35000,0,0,0,-470000
06134P,緯穎元富97售03  ,0,0,0,0,0,0,0,0,0,-471000,0,0,0,75000,546000,-471000,-471000
04973P,台積電凱基94售41,0,0,0,0,0,0,0,0,0,-474000,0,0,0,450000,924000,-474000,-474000
051559,宏達電國泰96購01,0,0,0,0,0,0,0,0,0,-480000,0,0,0,0,480000,-480000,-480000
051829,玉晶光元大98購02,0,0,0,0,0,0,0,0,0,-486000,0,0,0,86000,572000,-486000,-486000
2605,新興            ,71000,541000,-470000,0,0,0,0,4000,-4000,-12000,0,12000,-12000,0,0,0,-486000
046703,瑞昱元富95購01  ,0,0,0,0,0,0,0,0,0,-488000,0,0,0,0,488000,-488000,-488000
1319,東陽            ,337000,742000,-405000,0,0,0,0,2000,-2000,-82000,9000,91000,-82000,4000,4000,0,-489000
047466,新光金國泰95購01,0,0,0,0,0,0,0,0,0,-490000,0,0,0,0,490000,-490000,-490000
048590,貿聯兆豐94購02  ,0,0,0,0,0,0,0,0,0,-490000,0,0,0,0,490000,-490000,-490000
049139,台積電元大94購06,0,0,0,0,0,0,0,0,0,-490000,0,0,0,11000,501000,-490000,-490000
1304,台聚            ,155000,638000,-483000,0,0,0,0,7000,-7000,0,0,0,0,0,0,0,-490000
06915P,晶技元富98售02  ,0,0,0,0,0,0,0,0,0,-491000,0,0,0,115000,606000,-491000,-491000
9910,豐泰            ,1221000,1517495,-296495,0,0,0,0,151400,-151400,-44000,25000,69000,-44000,0,0,0,-491895
2392,正崴            ,734000,779000,-45000,0,0,0,0,8000,-8000,-440000,37000,479000,-442000,10000,8000,2000,-493000
05434P,世紀鋼元富95售02,0,0,0,0,0,0,0,0,0,-494000,0,0,0,64000,558000,-494000,-494000
00712,FH富時不動產    ,0,876000,-876000,0,0,0,0,0,0,382000,0,0,0,393000,11000,382000,-494000
051888,國巨元富95購05  ,0,0,0,0,0,0,0,0,0,-494000,0,0,0,0,494000,-494000,-494000
1710,東聯            ,140000,496000,-356000,0,0,0,0,0,0,-138000,0,138000,-138000,0,0,0,-494000
07011P,宏達電凱基99售02,0,0,0,0,0,0,0,0,0,-494000,0,0,0,0,494000,-494000,-494000
052568,漢唐凱基96購02  ,0,0,0,0,0,0,0,0,0,-498000,0,0,0,0,498000,-498000,-498000
050679,上証2X元富97購02,0,0,0,0,0,0,0,0,0,-499000,0,0,0,0,499000,-499000,-499000
054484,仁寶台新96購01  ,0,0,0,0,0,0,0,0,0,-499000,0,0,0,0,499000,-499000,-499000
2467,志聖            ,106000,592000,-486000,0,0,0,0,0,0,-13000,1000,14000,-13000,0,0,0,-499000
050521,聯發科元大94購15,0,0,0,0,0,0,0,0,0,-500000,0,0,0,0,500000,-500000,-500000
055354,宏達電凱基98購01,0,0,0,0,0,0,0,0,0,-500000,0,0,0,0,500000,-500000,-500000
051609,貿聯群益95購03  ,0,0,0,0,0,0,0,0,0,-500000,0,0,0,0,500000,-500000,-500000
1902,台紙            ,19000,509000,-490000,0,0,0,0,5000,-5000,-5000,0,5000,-5000,0,0,0,-500000
04760P,旺宏凱基94售02  ,0,0,0,0,0,0,0,0,0,-502000,0,0,0,19000,521000,-502000,-502000
2820,華票            ,449000,768000,-319000,0,0,0,0,0,0,-185000,4000,189000,-185000,0,0,0,-504000
059000,台積電元大99購25,0,0,0,0,0,0,0,0,0,-506000,0,0,0,112000,618000,-506000,-506000
06454P,緯穎元大98售04  ,0,0,0,0,0,0,0,0,0,-507000,0,0,0,122000,629000,-507000,-507000
2535,達欣工          ,176000,688000,-512000,0,0,0,0,1000,-1000,5000,7000,2000,5000,0,0,0,-508000
04167P,滬深反凱基99售01,0,0,0,0,0,0,0,0,0,-510000,0,0,0,0,510000,-510000,-510000
052958,T50反1凱基99購02,0,0,0,0,0,0,0,0,0,-510000,0,0,0,0,510000,-510000,-510000
057555,玉晶光凱基9A購02,0,0,0,0,0,0,0,0,0,-514000,0,0,0,0,514000,-514000,-514000
048178,上銀富邦95購02  ,0,0,0,0,0,0,0,0,0,-515000,0,0,0,0,515000,-515000,-515000
07075P,FBVIX凱基9C售04 ,0,0,0,0,0,0,0,0,0,-515000,0,0,0,85000,600000,-515000,-515000
04787P,台積電永昌96售04,0,0,0,0,0,0,0,0,0,-516000,0,0,0,141000,657000,-516000,-516000
05575P,玉晶光元富96售01,0,0,0,0,0,0,0,0,0,-518000,0,0,0,404000,922000,-518000,-518000
3044,健鼎            ,1074000,1499454,-425454,0,0,0,0,1000,-1000,-92000,3000,68000,-65000,2000,29000,-27000,-518454
2338,光罩            ,947000,1372000,-425000,0,0,0,0,6000,-6000,-91000,0,0,0,12000,103000,-91000,-522000
3060,銘異            ,262000,776000,-514000,0,0,0,0,0,0,-10000,0,10000,-10000,0,0,0,-524000
4414,如興            ,167000,693000,-526000,0,0,0,0,0,0,0,0,0,0,0,0,0,-526000
040761,T50反1凱基95購02,0,0,0,0,0,0,0,0,0,-530000,0,0,0,60000,590000,-530000,-530000
8105,凌巨            ,371000,862000,-491000,0,0,0,0,0,0,-41000,0,41000,-41000,0,0,0,-532000
06740P,台灣50國泰9A售02,0,0,0,0,0,0,0,0,0,-532000,0,0,0,0,532000,-532000,-532000
056505,聯發科永豐98購01,0,0,0,0,0,0,0,0,0,-533000,0,0,0,817000,1350000,-533000,-533000
058950,國巨群益99購06  ,0,0,0,0,0,0,0,0,0,-534000,0,0,0,6000,540000,-534000,-534000
058897,國巨元大99購17  ,0,0,0,0,0,0,0,0,0,-534000,0,0,0,109000,643000,-534000,-534000
058926,勤誠元富99購01  ,0,0,0,0,0,0,0,0,0,-535000,0,0,0,0,535000,-535000,-535000
1712,興農            ,134000,667000,-533000,0,0,0,0,2000,-2000,0,0,0,0,0,0,0,-535000
00643,群益深証中小    ,234000,497000,-263000,0,0,0,0,0,0,-273000,0,0,0,1000,274000,-273000,-536000
053209,台積電凱基96購07,0,0,0,0,0,0,0,0,0,-539000,0,0,0,30000,569000,-539000,-539000
053363,旺宏國泰98購02  ,0,0,0,0,0,0,0,0,0,-540000,0,0,0,410000,950000,-540000,-540000
053855,康友國泰98購01  ,0,0,0,0,0,0,0,0,0,-541000,0,0,0,10000,551000,-541000,-541000
2412,中華電          ,6975000,7134867,-159867,0,0,0,292000,19000,273000,-656000,2000,658000,-656000,9000,9000,0,-542867
05901P,臺股指凱基9C售01,0,0,0,0,0,0,0,0,0,-545000,0,0,0,899000,1444000,-545000,-545000
057814,聯發科元大98購12,0,0,0,0,0,0,0,0,0,-545000,0,0,0,270000,815000,-545000,-545000
3380,明泰            ,227000,858000,-631000,0,0,0,0,0,0,86000,231000,153000,78000,14000,6000,8000,-545000
3376,新日興          ,1112000,1663107,-551107,0,0,0,109000,1000,108000,-104000,25000,50000,-25000,3000,82000,-79000,-547107
050304,台光電中信94購01,0,0,0,0,0,0,0,0,0,-550000,0,0,0,0,550000,-550000,-550000
047886,京元電富邦95購01,0,0,0,0,0,0,0,0,0,-550000,0,0,0,0,550000,-550000,-550000
048154,旺宏兆豐94購01  ,0,0,0,0,0,0,0,0,0,-550000,0,0,0,0,550000,-550000,-550000
058426,旺宏元富99購02  ,0,0,0,0,0,0,0,0,0,-552000,0,0,0,28000,580000,-552000,-552000
2316,楠梓電          ,703000,1249000,-546000,0,0,0,0,0,0,-6000,27000,20000,7000,0,13000,-13000,-552000
1717,長興            ,70000,439000,-369000,0,0,0,0,0,0,-183000,0,183000,-183000,0,0,0,-552000
052689,玉晶光元大98購03,0,0,0,0,0,0,0,0,0,-554000,0,0,0,172000,726000,-554000,-554000
053057,聯電國泰97購02  ,0,0,0,0,0,0,0,0,0,-554000,0,0,0,20000,574000,-554000,-554000
05635P,健策台新96售02  ,0,0,0,0,0,0,0,0,0,-558000,0,0,0,86000,644000,-558000,-558000
00737,國泰AI+Robo     ,0,385000,-385000,0,0,0,0,0,0,-174000,0,0,0,0,174000,-174000,-559000
055488,華邦電元大98購01,0,0,0,0,0,0,0,0,0,-563000,0,0,0,27000,590000,-563000,-563000
2441,超豐            ,124000,617000,-493000,0,0,0,1000,6000,-5000,-65000,14000,79000,-65000,0,0,0,-563000
056921,京元電兆豐98購01,0,0,0,0,0,0,0,0,0,-565000,0,0,0,344000,909000,-565000,-565000
00752,中信中國50      ,0,0,0,0,0,0,0,0,0,-566259,0,0,0,782000,1348259,-566259,-566259
03253P,台灣50國泰03售02,0,0,0,0,0,0,0,0,0,-568000,0,0,0,48000,616000,-568000,-568000
056016,鴻海群益97購06  ,0,0,0,0,0,0,0,0,0,-570000,0,0,0,0,570000,-570000,-570000
06987P,鴻海元富99售08  ,0,0,0,0,0,0,0,0,0,-571000,0,0,0,1176000,1747000,-571000,-571000
04812P,國巨元大95售03  ,0,0,0,0,0,0,0,0,0,-575000,0,0,0,0,575000,-575000,-575000
044247,道瓊反元富97購01,0,0,0,0,0,0,0,0,0,-575000,0,0,0,0,575000,-575000,-575000
04708P,國巨元大94售11  ,0,0,0,0,0,0,0,0,0,-578000,0,0,0,15000,593000,-578000,-578000
06970P,旺宏元大99售08  ,0,0,0,0,0,0,0,0,0,-579000,0,0,0,121000,700000,-579000,-579000
056356,台積電元大99購01,0,0,0,0,0,0,0,0,0,-580000,0,0,0,365000,945000,-580000,-580000
05598P,國巨元富96售03  ,0,0,0,0,0,0,0,0,0,-582000,0,0,0,148000,730000,-582000,-582000
047652,滬深2X兆豐94購03,0,0,0,0,0,0,0,0,0,-589000,0,0,0,20000,609000,-589000,-589000
4119,旭富            ,504000,1068000,-564000,0,0,0,1000,11000,-10000,-15000,20000,63000,-43000,47000,19000,28000,-589000
057880,金融類元大99購02,0,0,0,0,0,0,0,0,0,-595000,0,0,0,150000,745000,-595000,-595000
057042,台積電元大98購10,10000,0,10000,0,0,0,0,0,0,-606000,0,0,0,217000,823000,-606000,-596000
056977,國巨群益9A購01  ,0,0,0,0,0,0,0,0,0,-596000,0,0,0,0,596000,-596000,-596000
2504,國產            ,1749000,2275000,-526000,0,0,0,0,0,0,-70000,0,40000,-40000,48000,78000,-30000,-596000
06757P,台灣50元大9B售01,0,0,0,0,0,0,0,0,0,-597000,0,0,0,1453000,2050000,-597000,-597000
053815,聯發科群益96購01,0,0,0,0,0,0,0,0,0,-600000,0,0,0,0,600000,-600000,-600000
057724,亞德客國泰99購01,0,0,0,0,0,0,0,0,0,-605000,0,0,0,467000,1072000,-605000,-605000
052971,京元電群益98購01,0,0,0,0,0,0,0,0,0,-606000,0,0,0,5000,611000,-606000,-606000
051799,台積電永豐96購01,0,0,0,0,0,0,0,0,0,-606000,0,0,0,10000,616000,-606000,-606000
057265,聯詠兆豐98購01  ,0,0,0,0,0,0,0,0,0,-608000,0,0,0,211000,819000,-608000,-608000
2369,菱生            ,351000,924000,-573000,0,0,0,0,0,0,-35000,1000,36000,-35000,0,0,0,-608000
055428,友達群益9C購01  ,0,0,0,0,0,0,0,0,0,-610000,0,0,0,400000,1010000,-610000,-610000
2387,精元            ,567000,1068000,-501000,0,0,0,0,0,0,-112000,0,21000,-21000,35000,126000,-91000,-613000
8131,福懋科          ,127000,710000,-583000,0,0,0,1000,3000,-2000,-30000,11000,40000,-29000,1000,2000,-1000,-615000
3406,玉晶光          ,1437000,1686000,-249000,0,0,0,0,80000,-80000,-287000,263000,400000,-137000,18000,168000,-150000,-616000
04960P,大立光凱基96售04,0,0,0,0,0,0,0,0,0,-618000,0,0,0,2000,620000,-618000,-618000
9934,成霖            ,15000,601000,-586000,0,0,0,0,6000,-6000,-27000,0,27000,-27000,0,0,0,-619000
058530,為升元富99購01  ,0,0,0,0,0,0,0,0,0,-620000,0,0,0,166000,786000,-620000,-620000
2417,圓剛            ,785000,1405000,-620000,0,0,0,0,0,0,0,1000,1000,0,0,0,0,-620000
050686,欣興兆豐96購01  ,0,0,0,0,0,0,0,0,0,-622000,0,0,0,0,622000,-622000,-622000
053503,臻鼎兆豐97購01  ,0,0,0,0,0,0,0,0,0,-624000,0,0,0,35000,659000,-624000,-624000
057427,華通兆豐99購01  ,0,0,0,0,0,0,0,0,0,-630000,0,0,0,50000,680000,-630000,-630000
048509,上証反凱基99購02,0,0,0,0,0,0,0,0,0,-630000,0,0,0,10000,640000,-630000,-630000
1514,亞力            ,120000,741000,-621000,0,0,0,0,0,0,-10000,0,10000,-10000,0,0,0,-631000
06682P,玉晶光元大99售08,0,0,0,0,0,0,0,0,0,-632000,0,0,0,40000,672000,-632000,-632000
1905,華紙            ,82000,695000,-613000,0,0,0,0,0,0,-23000,0,23000,-23000,0,0,0,-636000
058472,亞德客凱基9A購01,0,0,0,0,0,0,0,0,0,-637000,0,0,0,83000,720000,-637000,-637000
2355,敬鵬            ,233000,824000,-591000,0,0,0,0,0,0,-46000,2000,48000,-46000,0,0,0,-637000
06668P,祥碩凱基98售02  ,0,0,0,0,0,0,0,0,0,-637000,0,0,0,70000,707000,-637000,-637000
053027,玉晶光富邦98購01,0,0,0,0,0,0,0,0,0,-641000,0,0,0,10000,651000,-641000,-641000
2332,友訊            ,1880000,1674000,206000,0,0,0,0,0,0,-847000,3000,761000,-758000,0,89000,-89000,-641000
053316,友達群益9A購01  ,0,0,0,0,0,0,0,0,0,-643000,0,0,0,60000,703000,-643000,-643000
052688,新日興元大96購01,0,0,0,0,0,0,0,0,0,-644000,0,0,0,10000,654000,-644000,-644000
055213,大成鋼凱基98購01,0,0,0,0,0,0,0,0,0,-645000,0,0,0,0,645000,-645000,-645000
06310P,精元元富97售02  ,0,0,0,0,0,0,0,0,0,-650000,0,0,0,45000,695000,-650000,-650000
052755,滬深2X群益9A購01,0,0,0,0,0,0,0,0,0,-651000,0,0,0,0,651000,-651000,-651000
050754,元金2X元富9B購01,0,0,0,0,0,0,0,0,0,-656000,0,0,0,1285000,1941000,-656000,-656000
049491,聯發科元大95購01,0,0,0,0,0,0,0,0,0,-660000,0,0,0,1210000,1870000,-660000,-660000
07010P,T50正2凱基9C售01,0,0,0,0,0,0,0,0,0,-673000,0,0,0,21000,694000,-673000,-673000
6282,康舒            ,774000,1342000,-568000,0,0,0,0,13000,-13000,-94000,22000,105000,-83000,0,11000,-11000,-675000
052101,滬深2X兆豐96購01,0,0,0,0,0,0,0,0,0,-679000,0,0,0,0,679000,-679000,-679000
3702,大聯大          ,2043000,4352268,-2309268,0,0,0,4000,3000,1000,1623000,3000,179000,-176000,1809000,10000,1799000,-685268
048270,T50反1富邦99購01,0,0,0,0,0,0,0,0,0,-686000,0,0,0,0,686000,-686000,-686000
2340,光磊            ,377000,883000,-506000,0,0,0,0,2000,-2000,-178000,33000,93000,-60000,0,118000,-118000,-686000
2357,華碩            ,1586000,2896051,-1310051,0,0,0,410000,2000,408000,215000,7000,25000,-18000,236000,3000,233000,-687051
056466,臺股指凱基99購08,0,0,0,0,0,0,0,0,0,-690000,0,0,0,0,690000,-690000,-690000
054784,順德群益9A購01  ,0,0,0,0,0,0,0,0,0,-690000,0,0,0,0,690000,-690000,-690000
00730,富邦臺灣優質高息,1000,0,1000,0,0,0,0,0,0,-694000,0,0,0,477000,1171000,-694000,-693000
053118,大立光中信9C購01,0,0,0,0,0,0,0,0,0,-698000,0,0,0,278000,976000,-698000,-698000
2377,微星            ,972000,2697462,-1725462,0,0,0,450000,3000,447000,579000,21000,113000,-92000,711000,40000,671000,-699462
2331,精英            ,98000,802000,-704000,0,0,0,0,0,0,3000,7000,4000,3000,0,0,0,-701000
006205,富邦上証        ,129000,569000,-440000,0,0,0,0,0,0,-263000,40000,40000,0,1103000,1366000,-263000,-703000
050644,國巨凱基96購01  ,0,0,0,0,0,0,0,0,0,-705000,0,0,0,10000,715000,-705000,-705000
048867,台積電兆豐95購01,0,0,0,0,0,0,0,0,0,-707000,0,0,0,30000,737000,-707000,-707000
056569,T50正2元大9B購02,0,0,0,0,0,0,0,0,0,-708000,0,0,0,0,708000,-708000,-708000
2897,王道銀行        ,107000,613000,-506000,0,0,0,5000,0,5000,-208000,13000,221000,-208000,0,0,0,-709000
8046,南電            ,2358222,2895000,-536778,0,0,0,44000,0,44000,-219000,30000,122000,-92000,16000,143000,-127000,-711778
051970,元黃金凱基98購01,0,0,0,0,0,0,0,0,0,-721000,0,0,0,92000,813000,-721000,-721000
2855,統一證          ,69000,768000,-699000,0,0,0,0,24000,-24000,0,0,0,0,0,0,0,-723000
8021,尖點            ,68000,795000,-727000,0,0,0,0,0,0,-4000,10000,14000,-4000,0,0,0,-731000
8996,高力            ,731000,1069000,-338000,0,0,0,0,383000,-383000,-12000,0,12000,-12000,0,0,0,-733000
06459P,亞德客元富98售01,0,0,0,0,0,0,0,0,0,-736000,0,0,0,34000,770000,-736000,-736000
05397P,大立光凱基96售08,0,0,0,0,0,0,0,0,0,-740000,0,0,0,70000,810000,-740000,-740000
3048,益登            ,136000,863000,-727000,0,0,0,0,0,0,-18000,0,18000,-18000,0,0,0,-745000
054868,國泰金群益9A購01,0,0,0,0,0,0,0,0,0,-748000,0,0,0,61000,809000,-748000,-748000
2049,上銀            ,1067960,1463866,-395906,0,0,0,100000,156480,-56480,-302000,57000,283000,-226000,11000,87000,-76000,-754386
6191,精成科          ,402000,1151000,-749000,0,0,0,0,6000,-6000,-2000,0,0,0,0,2000,-2000,-757000
2395,研華            ,1015000,1767771,-752771,0,0,0,3000,1000,2000,-15000,2000,17000,-15000,0,0,0,-765771
04847P,聯發科凱基94售17,0,0,0,0,0,0,0,0,0,-770000,0,0,0,0,770000,-770000,-770000
047027,新光金元大95購01,0,0,0,0,0,0,0,0,0,-770000,0,0,0,0,770000,-770000,-770000
055489,瑞昱元大97購02  ,0,0,0,0,0,0,0,0,0,-773000,0,0,0,170000,943000,-773000,-773000
3450,聯鈞            ,1267000,2457000,-1190000,0,0,0,615000,0,615000,-200000,6000,44000,-38000,5000,167000,-162000,-775000
06034P,世芯凱基96售03  ,0,0,0,0,0,0,0,0,0,-782000,0,0,0,43000,825000,-782000,-782000
054779,台塑群益98購01  ,0,0,0,0,0,0,0,0,0,-785000,0,0,0,20000,805000,-785000,-785000
058945,S&P正2群益9C購01,0,0,0,0,0,0,0,0,0,-791000,0,0,0,0,791000,-791000,-791000
052171,台積電元大95購21,0,0,0,0,0,0,0,0,0,-793000,0,0,0,31000,824000,-793000,-793000
050399,潤泰全中信95購01,0,0,0,0,0,0,0,0,0,-800000,0,0,0,0,800000,-800000,-800000
045172,欣興兆豐94購01  ,0,0,0,0,0,0,0,0,0,-800000,0,0,0,0,800000,-800000,-800000
049601,矽創元大95購02  ,0,0,0,0,0,0,0,0,0,-800000,0,0,0,0,800000,-800000,-800000
048331,臺指反富邦97購01,0,0,0,0,0,0,0,0,0,-805000,0,0,0,0,805000,-805000,-805000
5469,瀚宇博          ,1394000,2180000,-786000,0,0,0,0,8000,-8000,-14000,1000,0,1000,13000,28000,-15000,-808000
045817,滬深2X凱基95購02,0,0,0,0,0,0,0,0,0,-809000,0,0,0,0,809000,-809000,-809000
057167,台積電元大99購03,0,0,0,0,0,0,0,0,0,-813000,0,0,0,451000,1264000,-813000,-813000
05170P,世芯元大95售01  ,0,0,0,0,0,0,0,0,0,-813000,0,0,0,322000,1135000,-813000,-813000
1477,聚陽            ,421000,1619159,-1198159,0,0,0,0,1000,-1000,384000,484000,80000,404000,0,20000,-20000,-815159
2480,敦陽科          ,133000,907000,-774000,0,0,0,0,2000,-2000,-40000,1000,41000,-40000,0,0,0,-816000
057664,台積電元大9A購03,60000,0,60000,0,0,0,0,0,0,-882000,0,0,0,647000,1529000,-882000,-822000
3563,牧德            ,132000,934000,-802000,0,0,0,0,6000,-6000,-20000,0,6000,-6000,22000,36000,-14000,-828000
050049,華通群益96購01  ,0,0,0,0,0,0,0,0,0,-829000,0,0,0,99000,928000,-829000,-829000
3026,禾伸堂          ,489000,1231000,-742000,0,0,0,0,0,0,-87000,2000,45000,-43000,38000,82000,-44000,-829000
2014,中鴻            ,961000,1569000,-608000,0,0,0,0,0,0,-225000,0,225000,-225000,0,0,0,-833000
9933,中鼎            ,1145000,1875000,-730000,0,0,0,0,0,0,-103000,0,103000,-103000,0,0,0,-833000
3019,亞光            ,832000,1325000,-493000,0,0,0,20000,0,20000,-362000,67000,400000,-333000,8000,37000,-29000,-835000
4935,茂林-KY         ,857000,1650000,-793000,0,0,0,184000,100000,84000,-127000,0,0,0,5000,132000,-127000,-836000
9105,泰金寶-DR       ,532000,1369000,-837000,0,0,0,0,0,0,0,0,0,0,0,0,0,-837000
047212,宏達電富邦97購01,0,0,0,0,0,0,0,0,0,-840000,0,0,0,100000,940000,-840000,-840000
9945,潤泰新          ,659000,1232000,-573000,0,0,0,0,3000,-3000,-264000,10000,165000,-155000,0,109000,-109000,-840000
056540,聯詠凱基98購02  ,0,0,0,0,0,0,0,0,0,-847000,0,0,0,160000,1007000,-847000,-847000
1536,和大            ,338000,1133273,-795273,0,0,0,0,0,0,-52000,1000,47000,-46000,0,6000,-6000,-847273
054425,聯發科富邦99購03,0,0,0,0,0,0,0,0,0,-851000,0,0,0,80000,931000,-851000,-851000
1802,台玻            ,135000,721000,-586000,0,0,0,0,0,0,-270000,0,270000,-270000,0,0,0,-856000
06375P,矽力元大97售06  ,0,0,0,0,0,0,0,0,0,-867000,0,0,0,50000,917000,-867000,-867000
057305,南亞科兆豐98購02,0,0,0,0,0,0,0,0,0,-868000,0,0,0,202000,1070000,-868000,-868000
053936,旺宏元富96購04  ,0,0,0,0,0,0,0,0,0,-870000,0,0,0,0,870000,-870000,-870000
06966P,健策台新9A售02  ,0,0,0,0,0,0,0,0,0,-873000,0,0,0,20000,893000,-873000,-873000
006208,富邦台50        ,10000,10000,0,0,0,0,0,0,0,-878000,0,0,0,349000,1227000,-878000,-878000
056955,台灣50永豐98購01,0,0,0,0,0,0,0,0,0,-880000,0,0,0,0,880000,-880000,-880000
056925,群創兆豐98購03  ,0,0,0,0,0,0,0,0,0,-887000,0,0,0,0,887000,-887000,-887000
052178,台郡元大96購03  ,0,0,0,0,0,0,0,0,0,-898000,0,0,0,120000,1018000,-898000,-898000
2505,國揚            ,125000,919000,-794000,0,0,0,0,0,0,-115000,0,13000,-13000,0,102000,-102000,-909000
044694,道瓊反元大94購02,0,0,0,0,0,0,0,0,0,-910000,0,0,0,0,910000,-910000,-910000
2615,萬海            ,228000,966271,-738271,0,0,0,5000,5000,0,-180000,0,180000,-180000,0,0,0,-918271
2349,錸德            ,574000,1495000,-921000,0,0,0,0,0,0,0,0,0,0,0,0,0,-921000
056515,燿華兆豐99購01  ,0,0,0,0,0,0,0,0,0,-925000,0,0,0,0,925000,-925000,-925000
2492,華新科          ,3780256,4573792,-793536,0,0,0,0,128000,-128000,-5000,228000,550000,-322000,551000,234000,317000,-926536
06662P,玉晶光中信9A售01,0,0,0,0,0,0,0,0,0,-928000,0,0,0,9000,937000,-928000,-928000
047316,大立光元大94購01,0,0,0,0,0,0,0,0,0,-930000,0,0,0,0,930000,-930000,-930000
05549P,臺股指元大96售03,0,0,0,0,0,0,0,0,0,-934000,0,0,0,745000,1679000,-934000,-934000
048153,台積電兆豐94購01,0,0,0,0,0,0,0,0,0,-935000,0,0,0,48000,983000,-935000,-935000
00664R,國泰臺灣加權反1 ,0,0,0,0,0,0,0,0,0,-939000,0,0,0,2964000,3903000,-939000,-939000
2478,大毅            ,2801000,3659000,-858000,0,0,0,0,0,0,-81000,0,15000,-15000,45000,111000,-66000,-939000
049140,台積電元大94購07,0,0,0,0,0,0,0,0,0,-940000,0,0,0,120000,1060000,-940000,-940000
3056,總太            ,137000,1046000,-909000,0,0,0,0,10000,-10000,-31000,15000,46000,-31000,0,0,0,-950000
07120P,聯發科凱基99售09,0,0,0,0,0,0,0,0,0,-953000,0,0,0,0,953000,-953000,-953000
3090,日電貿          ,353000,1303000,-950000,0,0,0,0,0,0,-11000,5000,16000,-11000,3000,3000,0,-961000
6005,群益證          ,269000,1215000,-946000,0,0,0,0,19000,-19000,0,0,0,0,0,0,0,-965000
058836,FBVIX中信03購05 ,0,0,0,0,0,0,0,0,0,-971000,0,0,0,708000,1679000,-971000,-971000
056749,滬深2X兆豐99購01,0,0,0,0,0,0,0,0,0,-973000,0,0,0,521000,1494000,-973000,-973000
04814P,健策元大96售01  ,0,0,0,0,0,0,0,0,0,-973000,0,0,0,0,973000,-973000,-973000
06879P,長榮航凱基98售02,0,0,0,0,0,0,0,0,0,-978000,0,0,0,47000,1025000,-978000,-978000
06738P,瑞昱兆豐98售02  ,0,0,0,0,0,0,0,0,0,-987000,0,0,0,17000,1004000,-987000,-987000
06874P,台積電台新98售02,0,0,0,0,0,0,0,0,0,-998000,0,0,0,10000,1008000,-998000,-998000
05306P,泰碩國泰97售01  ,0,0,0,0,0,0,0,0,0,-999000,0,0,0,247000,1246000,-999000,-999000
054625,旺宏凱基98購03  ,0,0,0,0,0,0,0,0,0,-1000000,0,0,0,0,1000000,-1000000,-1000000
055369,友訊元大97購01  ,0,0,0,0,0,0,0,0,0,-1000000,0,0,0,0,1000000,-1000000,-1000000
055055,精元永豐97購01  ,0,0,0,0,0,0,0,0,0,-1000000,0,0,0,0,1000000,-1000000,-1000000
1907,永豐餘          ,305000,1098000,-793000,0,0,0,0,26000,-26000,-185000,0,185000,-185000,0,0,0,-1004000
3682,亞太電          ,354000,1358571,-1004571,0,0,0,0,0,0,0,0,0,0,0,0,0,-1004571
2634,漢翔            ,258000,1248161,-990161,0,0,0,2000,1000,1000,-19000,0,19000,-19000,0,0,0,-1008161
058961,台灣50兆豐9C購01,0,0,0,0,0,0,0,0,0,-1012000,0,0,0,0,1012000,-1012000,-1012000
9914,美利達          ,768000,1468000,-700000,0,0,0,0,303000,-303000,-11000,26000,33000,-7000,0,4000,-4000,-1014000
058745,元金2X凱基9C購02,0,0,0,0,0,0,0,0,0,-1015000,0,0,0,0,1015000,-1015000,-1015000
3023,信邦            ,579000,1713600,-1134600,0,0,0,190000,0,190000,-88000,3000,81000,-78000,0,10000,-10000,-1032600
2017,官田鋼          ,14000,57000,-43000,0,0,0,0,0,0,-991237,0,991237,-991237,0,0,0,-1034237
2342,茂矽            ,1140000,2175000,-1035000,0,0,0,0,0,0,0,0,0,0,0,0,0,-1035000
8039,台虹            ,551000,1486000,-935000,0,0,0,0,0,0,-100000,5000,33000,-28000,4000,76000,-72000,-1035000
04250P,嘉晶統一95售02  ,0,0,0,0,0,0,0,0,0,-1038000,0,0,0,17000,1055000,-1038000,-1038000
048572,美利達元大96購04,0,0,0,0,0,0,0,0,0,-1043000,0,0,0,85000,1128000,-1043000,-1043000
058547,世紀鋼富邦9A購01,0,0,0,0,0,0,0,0,0,-1052000,0,0,0,1037000,2089000,-1052000,-1052000
049023,玉晶光群益96購04,0,0,0,0,0,0,0,0,0,-1053000,0,0,0,217000,1270000,-1053000,-1053000
9938,百和            ,710000,694218,15782,0,0,0,0,823000,-823000,-246000,10000,41000,-31000,11000,226000,-215000,-1053218
058941,華新科中信99購03,0,0,0,0,0,0,0,0,0,-1059000,0,0,0,60000,1119000,-1059000,-1059000
8150,南茂            ,1607000,2308000,-701000,0,0,0,0,0,0,-366000,0,66000,-66000,23000,323000,-300000,-1067000
00654R,富邦印度反1     ,0,14000,-14000,0,0,0,0,0,0,-1059000,0,0,0,18000,1077000,-1059000,-1073000
2393,億光            ,239000,1233325,-994325,0,0,0,0,0,0,-81000,17000,81000,-64000,1000,18000,-17000,-1075325
055363,緯穎凱基98購03  ,0,0,0,0,0,0,0,0,0,-1090000,0,0,0,169000,1259000,-1090000,-1090000
058391,T50反1元大99購02,0,0,0,0,0,0,0,0,0,-1094000,0,0,0,91000,1185000,-1094000,-1094000
2838,聯邦銀          ,380000,1073000,-693000,0,0,0,0,0,0,-406000,6000,412000,-406000,0,0,0,-1099000
07119P,台積電凱基9A售08,0,0,0,0,0,0,0,0,0,-1099000,0,0,0,170000,1269000,-1099000,-1099000
2841,台開            ,317000,1402000,-1085000,0,0,0,0,0,0,-15000,0,15000,-15000,0,0,0,-1100000
1434,福懋            ,981000,1841000,-860000,0,0,0,5000,0,5000,-260000,0,260000,-260000,0,0,0,-1115000
052066,華邦電兆豐96購01,0,0,0,0,0,0,0,0,0,-1120000,0,0,0,92000,1212000,-1120000,-1120000
05540P,亞德客凱基96售01,0,0,0,0,0,0,0,0,0,-1124000,0,0,0,200000,1324000,-1124000,-1124000
049007,玉晶光中信96購01,0,0,0,0,0,0,0,0,0,-1127000,0,0,0,125000,1252000,-1127000,-1127000
053706,S&P反1凱基99購01,0,0,0,0,0,0,0,0,0,-1131000,0,0,0,30000,1161000,-1131000,-1131000
058848,台積電群益99購07,0,0,0,0,0,0,0,0,0,-1159000,0,0,0,603000,1762000,-1159000,-1159000
1210,大成            ,395000,1415000,-1020000,0,0,0,0,5000,-5000,-151000,2000,153000,-151000,0,0,0,-1176000
07121P,華新科凱基99售03,0,0,0,0,0,0,0,0,0,-1192000,0,0,0,1145000,2337000,-1192000,-1192000
057806,國巨元大98購20  ,0,0,0,0,0,0,0,0,0,-1194000,0,0,0,64000,1258000,-1194000,-1194000
055094,智易群益98購01  ,0,0,0,0,0,0,0,0,0,-1210000,0,0,0,0,1210000,-1210000,-1210000
053611,聯茂麥證96購01  ,0,0,0,30000,1250000,-1220000,0,0,0,-1220000,0,0,0,30000,1250000,-1220000,-1220000
8271,宇瞻            ,175000,1401000,-1226000,0,0,0,0,0,0,-3000,27000,30000,-3000,0,0,0,-1229000
2385,群光            ,1468994,3248250,-1779256,0,0,0,1000,2000,-1000,549000,1000,86000,-85000,642000,8000,634000,-1231256
00701,國泰股利精選30  ,5000,58000,-53000,0,0,0,0,0,0,-1187000,0,0,0,1054000,2241000,-1187000,-1240000
2723,美食-KY         ,469000,1702823,-1233823,0,0,0,1000,0,1000,-26000,0,24000,-24000,0,2000,-2000,-1258823
3014,聯陽            ,306000,1514000,-1208000,0,0,0,0,5000,-5000,-51000,16000,18000,-2000,19000,68000,-49000,-1264000
058407,滬深2X兆豐9A購01,0,0,0,0,0,0,0,0,0,-1266000,0,0,0,0,1266000,-1266000,-1266000
057563,旭富國泰9A購01  ,0,0,0,0,0,0,0,0,0,-1300000,0,0,0,53000,1353000,-1300000,-1300000
05483P,國巨凱基95售07  ,0,0,0,0,0,0,0,0,0,-1301000,0,0,0,0,1301000,-1301000,-1301000
9921,巨大            ,815000,2060649,-1245649,0,0,0,1000,18000,-17000,-40000,3000,43000,-40000,0,0,0,-1302649
04890P,台積電元大95售05,0,0,0,0,0,0,0,0,0,-1314000,0,0,0,162000,1476000,-1314000,-1314000
058663,瑞儀兆豐9A購01  ,0,0,0,0,0,0,0,0,0,-1320000,0,0,0,40000,1360000,-1320000,-1320000
4904,遠傳            ,3152000,4032882,-880882,0,0,0,7000,5000,2000,-452000,2000,455000,-453000,3000,2000,1000,-1330882
4927,泰鼎-KY         ,689000,2158000,-1469000,0,0,0,436000,0,436000,-302000,25000,133000,-108000,11000,205000,-194000,-1335000
1310,台苯            ,300000,1500000,-1200000,0,0,0,0,9000,-9000,-138000,4000,142000,-138000,0,0,0,-1347000
2354,鴻準            ,1243328,2436447,-1193119,0,0,0,3000,2000,1000,-161000,14000,169000,-155000,0,6000,-6000,-1353119
057210,T50反1群益98購01,0,0,0,0,0,0,0,0,0,-1367000,0,0,0,6000,1373000,-1367000,-1367000
00861,元大全球未來通訊,135000,0,135000,0,0,0,0,0,0,-1546000,0,0,0,100000,1646000,-1546000,-1411000
05966P,矽力凱基96售03  ,0,0,0,0,0,0,0,0,0,-1415000,0,0,0,10000,1425000,-1415000,-1415000
058174,台積電凱基9A購05,0,0,0,0,0,0,0,0,0,-1428000,0,0,0,353000,1781000,-1428000,-1428000
6251,定穎            ,1220000,2231000,-1011000,0,0,0,0,10000,-10000,-425000,205000,630000,-425000,0,0,0,-1446000
00635U,元大S&P黃金     ,33000,493000,-460000,0,0,0,0,0,0,-1018000,0,0,0,227000,1245000,-1018000,-1478000
046793,聯發科元富99購01,0,0,0,0,0,0,0,0,0,-1480000,0,0,0,25000,1505000,-1480000,-1480000
2101,南港            ,549000,2012000,-1463000,0,0,0,0,0,0,-21000,1000,92000,-91000,110000,40000,70000,-1484000
2458,義隆            ,638000,2162000,-1524000,0,0,0,118000,1000,117000,-83000,72000,129000,-57000,9000,35000,-26000,-1490000
00639,富邦深100       ,0,1352000,-1352000,0,0,0,0,0,0,-145000,0,90000,-90000,977000,1032000,-55000,-1497000
3045,台灣大          ,1998144,3219352,-1221208,0,0,0,8000,8000,0,-305000,3000,311000,-308000,3000,0,3000,-1526208
058633,台灣50兆豐99購01,0,0,0,0,0,0,0,0,0,-1545000,0,0,0,8000,1553000,-1545000,-1545000
3006,晶豪科          ,391000,1464000,-1073000,0,0,0,0,0,0,-472000,11000,44000,-33000,70000,509000,-439000,-1545000
057143,台郡兆豐98購01  ,0,0,0,0,0,0,0,0,0,-1549000,0,0,0,201000,1750000,-1549000,-1549000
2201,裕隆            ,727000,2126000,-1399000,0,0,0,0,0,0,-167000,0,178000,-178000,19000,8000,11000,-1566000
2347,聯強            ,2068000,5012886,-2944886,0,0,0,0,6000,-6000,1364000,9000,220000,-211000,1575000,0,1575000,-1586886
05642P,玉晶光兆豐97售02,0,0,0,0,0,0,0,0,0,-1588000,0,0,0,385000,1973000,-1588000,-1588000
1789,神隆            ,1014000,1967075,-953075,0,0,0,0,590000,-590000,-47000,0,47000,-47000,0,0,0,-1590075
07025P,玉晶光凱基99售01,0,0,0,0,0,0,0,0,0,-1597000,0,0,0,200000,1797000,-1597000,-1597000
3041,揚智            ,579000,2204000,-1625000,0,0,0,0,0,0,0,0,0,0,0,0,0,-1625000
1714,和桐            ,477000,2132000,-1655000,0,0,0,0,0,0,-17000,0,17000,-17000,0,0,0,-1672000
058380,臺股指凱基99購15,0,0,0,0,0,0,0,0,0,-1685000,0,0,0,5000,1690000,-1685000,-1685000
2867,三商壽          ,1086000,2410000,-1324000,0,0,0,0,0,0,-399000,0,399000,-399000,0,0,0,-1723000
6269,台郡            ,1464000,2306000,-842000,0,0,0,26000,848000,-822000,-68000,71000,156000,-85000,49000,32000,17000,-1732000
2356,英業達          ,3128000,7187431,-4059431,0,0,0,9000,0,9000,2297000,59000,328000,-269000,2627000,61000,2566000,-1753431
00641R,富邦日本反1     ,200000,0,200000,0,0,0,0,0,0,-1980000,0,0,0,125000,2105000,-1980000,-1780000
2367,燿華            ,4914000,6653000,-1739000,0,0,0,0,7000,-7000,-70000,0,58000,-58000,26000,38000,-12000,-1816000
04189P,台積電兆豐94售02,0,0,0,0,0,0,0,0,0,-1826000,0,0,0,122000,1948000,-1826000,-1826000
054532,強茂國泰98購01  ,0,0,0,0,0,0,0,0,0,-1835000,0,0,0,1000,1836000,-1835000,-1835000
2845,遠東銀          ,983000,2394000,-1411000,0,0,0,7000,3000,4000,-475000,11000,486000,-475000,0,0,0,-1882000
3545,敦泰            ,821000,2726000,-1905000,0,0,0,0,0,0,-30000,0,30000,-30000,0,0,0,-1935000
054999,玉晶光元富97購03,0,0,0,0,0,0,0,0,0,-1938000,0,0,0,2000,1940000,-1938000,-1938000
6257,矽格            ,432000,2386000,-1954000,0,0,0,0,7000,-7000,-1000,179000,146000,33000,15000,49000,-34000,-1962000
2889,國票金          ,559000,2103000,-1544000,0,0,0,0,9000,-9000,-412000,21000,433000,-412000,0,0,0,-1965000
047885,元金2X富邦99購01,0,0,0,0,0,0,0,0,0,-1966000,0,0,0,0,1966000,-1966000,-1966000
045053,聯發科元富98購01,0,0,0,0,0,0,0,0,0,-1991000,0,0,0,90000,2081000,-1991000,-1991000
051911,大立光元大98購02,66000,0,66000,0,0,0,0,0,0,-2064000,0,0,0,215000,2279000,-2064000,-1998000
2312,金寶            ,509000,2435000,-1926000,0,0,0,0,8000,-8000,-110000,3000,7000,-4000,2000,108000,-106000,-2044000
04400P,台積電兆豐95售02,0,0,0,0,0,0,0,0,0,-2054000,0,0,0,193000,2247000,-2054000,-2054000
00708L,元大S&P黃金正2  ,69000,489000,-420000,0,0,0,0,0,0,-1760000,0,0,0,4645000,6405000,-1760000,-2180000
00673R,元大S&P原油反1  ,10000,16000,-6000,0,0,0,0,0,0,-2215000,0,0,0,3301000,5516000,-2215000,-2221000
00671R,富邦NASDAQ反1   ,200000,467000,-267000,0,0,0,0,0,0,-2008000,0,0,0,238000,2246000,-2008000,-2275000
3037,欣興            ,8200731,6938000,1262731,0,0,0,0,2104000,-2104000,-1439000,170000,1022000,-852000,23000,610000,-587000,-2280269
058914,元油2X元富01購02,0,0,0,0,0,0,0,0,0,-2284000,0,0,0,453000,2737000,-2284000,-2284000
07118P,台積電凱基99售09,0,0,0,0,0,0,0,0,0,-2289000,0,0,0,912000,3201000,-2289000,-2289000
00648R,元大S&P500反1   ,0,1050000,-1050000,0,0,0,0,0,0,-1441000,0,0,0,524000,1965000,-1441000,-2491000
6239,力成            ,1573000,3918601,-2345601,0,0,0,2000,3000,-1000,-156000,18000,114000,-96000,0,60000,-60000,-2502601
2454,聯發科          ,3803843,5868786,-2064943,0,0,0,205000,4000,201000,-662000,114000,450000,-336000,23000,349000,-326000,-2525943
6505,台塑化          ,1757000,3134547,-1377547,0,0,0,157000,824000,-667000,-544000,5000,551000,-546000,2000,0,2000,-2588547
058962,元油2X兆豐9A購02,0,0,0,0,0,0,0,0,0,-2608000,0,0,0,0,2608000,-2608000,-2608000
2809,京城銀          ,966000,1962000,-996000,0,0,0,2000,789000,-787000,-865000,50000,915000,-865000,0,0,0,-2648000
00672L,元大S&P原油正2  ,953000,5317000,-4364000,0,0,0,0,0,0,1635000,0,0,0,15033000,13398000,1635000,-2729000
2105,正新            ,1094829,3697206,-2602377,0,0,0,0,2000,-2000,-152000,1000,141000,-140000,13000,25000,-12000,-2756377
2633,台灣高鐵        ,1785000,4286648,-2501648,0,0,0,6000,3000,3000,-272000,24000,316000,-292000,21000,1000,20000,-2770648
2456,奇力新          ,1130000,3777000,-2647000,0,0,0,0,126000,-126000,-73000,14000,40000,-26000,25000,72000,-47000,-2846000
058686,祥碩凱基99購03  ,0,0,0,0,0,0,0,0,0,-2878000,0,0,0,716000,3594000,-2878000,-2878000
3706,神達            ,2215000,4666920,-2451920,0,0,0,507000,787000,-280000,-148000,81000,150000,-69000,4000,83000,-79000,-2879920
5876,上海商銀        ,2731000,5556339,-2825339,0,0,0,0,13000,-13000,-144524,281000,384000,-103000,13000,54524,-41524,-2982863
05180P,玉晶光凱基95售04,0,0,0,0,0,0,0,0,0,-3028000,0,0,0,110000,3138000,-3028000,-3028000
3189,景碩            ,729000,3162000,-2433000,0,0,0,0,500000,-500000,-105000,106000,131000,-25000,26000,106000,-80000,-3038000
2379,瑞昱            ,2455572,5501380,-3045808,0,0,0,158000,2000,156000,-157000,49000,162000,-113000,8000,52000,-44000,-3046808
2371,大同            ,1451000,4541000,-3090000,0,0,0,0,0,0,-58000,132000,190000,-58000,0,0,0,-3148000
2301,光寶科          ,3701494,7745351,-4043857,0,0,0,50000,2000,48000,811000,80000,409000,-329000,1141000,1000,1140000,-3184857
00631L,元大台灣50正2   ,158000,245000,-87000,0,0,0,0,0,0,-3107000,110000,0,110000,3721000,6938000,-3217000,-3194000
1314,中石化          ,1802000,4087000,-2285000,0,0,0,8000,0,8000,-947000,25000,887000,-862000,0,85000,-85000,-3224000
1102,亞泥            ,6081960,11077431,-4995471,0,0,0,308000,15000,293000,1355000,88000,295000,-207000,1601000,39000,1562000,-3347471
4958,臻鼎-KY         ,3793000,6783362,-2990362,0,0,0,43000,146000,-103000,-277000,311000,566000,-255000,32000,54000,-22000,-3370362
4938,和碩            ,2558449,6781028,-4222579,0,0,0,5000,11000,-6000,587000,55000,180000,-125000,791000,79000,712000,-3641579
00655L,國泰中國A50正2  ,1000000,10000,990000,0,0,0,0,0,0,-4638308,0,0,0,1591000,6229308,-4638308,-3648308
1216,統一            ,8555080,11939321,-3384241,0,0,0,105000,16000,89000,-467000,30000,506000,-476000,11000,2000,9000,-3762241
058913,元油2X元富01購01,0,0,0,0,0,0,0,0,0,-3798000,0,0,0,370000,4168000,-3798000,-3798000
2812,台中銀          ,1050000,4261070,-3211070,0,0,0,0,8000,-8000,-581000,30000,611000,-581000,0,0,0,-3800070
2308,台達電          ,4284000,8050015,-3766015,0,0,0,6000,5000,1000,-253000,95000,348000,-253000,11000,11000,0,-4018015
9904,寶成            ,3122000,6926235,-3804235,0,0,0,7000,8000,-1000,-487000,26000,513000,-487000,5000,5000,0,-4292235
00692,富邦公司治理    ,2000,0,2000,0,0,0,0,0,0,-4317000,0,0,0,945000,5262000,-4317000,-4315000
1301,台塑            ,3460000,7269553,-3809553,0,0,0,24000,23000,1000,-536000,82000,664000,-582000,70000,24000,46000,-4344553
1909,榮成            ,2535000,6760000,-4225000,0,0,0,61000,4000,57000,-276000,10000,286000,-276000,0,0,0,-4444000
2408,南亞科          ,5256000,7390902,-2134902,0,0,0,30000,2782000,-2752000,285000,359000,835000,-476000,846000,85000,761000,-4601902
1402,遠東新          ,3724000,6512439,-2788439,0,0,0,12000,1746000,-1734000,-113000,477000,591000,-114000,9000,8000,1000,-4635439
2353,宏碁            ,4163000,8510000,-4347000,0,0,0,0,3000,-3000,-371000,275000,431000,-156000,3000,218000,-215000,-4721000
1303,南亞            ,4075000,8405631,-4330631,0,0,0,29000,18000,11000,-590000,10000,598000,-588000,18000,20000,-2000,-4909631
2618,長榮航          ,3977000,6303000,-2326000,0,0,0,11000,717900,-706900,-1977000,229000,1423000,-1194000,55000,838000,-783000,-5009900
2603,長榮            ,3857000,8240755,-4383755,0,0,0,11000,18000,-7000,-851000,7000,858000,-851000,0,0,0,-5241755
2313,華通            ,3948000,8400000,-4452000,0,0,0,238000,236000,2000,-978000,687000,956000,-269000,34000,743000,-709000,-5428000
00850,元大臺灣ESG永續 ,2000,1000,1000,0,0,0,0,0,0,-5573000,0,0,0,873000,6446000,-5573000,-5572000
2801,彰銀            ,4403000,9262293,-4859293,0,0,0,23000,34000,-11000,-831000,26000,867000,-841000,25000,15000,10000,-5701293
2610,華航            ,3308000,7967000,-4659000,0,0,0,13000,29000,-16000,-1043000,3000,546000,-543000,0,500000,-500000,-5718000
2881,富邦金          ,24213000,28736991,-4523991,0,0,0,24000,350000,-326000,-962000,17000,805000,-788000,57000,231000,-174000,-5811991
2448,晶電            ,4110000,10608261,-6498261,0,0,0,1110000,0,1110000,-590000,610000,1145000,-535000,0,55000,-55000,-5978261
2382,廣達            ,3636000,12021560,-8385560,0,0,0,109000,6000,103000,2190000,1941000,615000,1326000,918000,54000,864000,-6092560
1326,台化            ,2546000,9303248,-6757248,0,0,0,116000,16000,100000,23000,48000,575000,-527000,575000,25000,550000,-6634248
1504,東元            ,1186000,8319000,-7133000,0,0,0,4000,4000,0,220000,501000,275000,226000,0,6000,-6000,-6913000
3231,緯創            ,3667467,11633143,-7965676,0,0,0,73000,9000,64000,770000,126000,1115000,-989000,1765000,6000,1759000,-7131676
1101,台泥            ,5642000,14196909,-8554909,0,0,0,29000,22000,7000,1123000,15000,114000,-99000,1752000,530000,1222000,-7424909
2324,仁寶            ,4779888,15391054,-10611166,0,0,0,10000,0,10000,2956000,14000,259000,-245000,3301000,100000,3201000,-7645166
00669R,國泰美國道瓊反1 ,0,10000,-10000,0,0,0,0,0,0,-7661000,0,0,0,841000,8502000,-7661000,-7671000
3711,日月光投控      ,5731000,13632143,-7901143,0,0,0,10000,11000,-1000,-358000,58000,409000,-351000,9000,16000,-7000,-8260143
6116,彩晶            ,7475000,15393016,-7918016,0,0,0,0,0,0,-602000,16000,328000,-312000,131000,421000,-290000,-8520016
00642U,元大S&P石油     ,16000,422000,-406000,0,0,0,0,0,0,-8268000,0,0,0,2083000,10351000,-8268000,-8674000
00633L,富邦上証正2     ,1593000,3003000,-1410000,0,0,0,0,0,0,-7418000,0,5000,-5000,5054000,12467000,-7413000,-8828000
2887,台新金          ,11985000,21195505,-9210505,0,0,0,24000,24000,0,-822000,3000,840000,-837000,25000,10000,15000,-10032505
2880,華南金          ,7607000,16863983,-9256983,0,0,0,27000,44000,-17000,-925000,18000,948000,-930000,21000,16000,5000,-10198983
00715L,街口布蘭特油正2 ,36000,1078000,-1042000,0,0,0,0,0,0,-9495000,0,0,0,249000,9744000,-9495000,-10537000
2002,中鋼            ,9288000,19222060,-9934060,0,0,0,36000,31000,5000,-1513000,73000,1588000,-1515000,28000,26000,2000,-11442060
2823,中壽            ,8107000,19813792,-11706792,0,0,0,11000,13000,-2000,-610000,38000,681000,-643000,97000,64000,33000,-12318792
2337,旺宏            ,10813000,21819000,-11006000,0,0,0,85000,1134000,-1049000,-771000,432000,532000,-100000,264000,935000,-671000,-12826000
5880,合庫金          ,8162000,20410635,-12248635,0,0,0,29000,26000,3000,-830000,2000,853000,-851000,21000,0,21000,-13075635
2882,國泰金          ,9902118,20383075,-10480957,0,0,0,29000,37000,-8000,-2674000,0,2546000,-2546000,20000,148000,-128000,-13162957
2883,開發金          ,10350000,22296159,-11946159,0,0,0,34000,18000,16000,-1279000,0,1262000,-1262000,33000,50000,-17000,-13209159
2344,華邦電          ,10222000,19461351,-9239351,0,0,0,9000,2079000,-2070000,-2034000,482000,2291000,-1809000,71000,296000,-225000,-13343351
2834,臺企銀          ,4936000,17328567,-12392567,0,0,0,15000,3000,12000,-991000,36000,959000,-923000,0,68000,-68000,-13371567
2892,第一金          ,7285000,19858393,-12573393,0,0,0,28000,35000,-7000,-802000,1000,810000,-809000,27000,20000,7000,-13382393
2890,永豐金          ,7995075,22824018,-14828943,0,0,0,26000,36000,-10000,-578000,3000,597000,-594000,26000,10000,16000,-15416943
2888,新光金          ,12503000,30136879,-17633879,0,0,0,300000,10000,290000,-699000,126000,1007000,-881000,564000,382000,182000,-18042879
2885,元大金          ,11973000,30791608,-18818608,0,0,0,27000,32000,-5000,737000,719000,33000,686000,55000,4000,51000,-18086608
2884,玉山金          ,13439110,32270252,-18831142,0,0,0,26000,32000,-6000,-1104000,304000,897000,-593000,68000,579000,-511000,-19941142
2886,兆豐金          ,11840000,34301434,-22461434,0,0,0,31000,44000,-13000,911000,54000,930000,-876000,1834000,47000,1787000,-21563434
2317,鴻海            ,17686577,36673363,-18986786,0,0,0,20000,38000,-18000,-3130000,209000,1499000,-1290000,998000,2838000,-1840000,-22134786
0050,元大台灣50      ,81139,11959000,-11877861,0,0,0,0,0,0,-10338998,299000,2022000,-1723000,2412000,11027998,-8615998,-22216859
3481,群創            ,32290000,51781287,-19491287,0,0,0,0,4833000,-4833000,-3047000,753000,1986000,-1233000,94000,1908000,-1814000,-27371287
2409,友達            ,23002250,44072908,-21070658,0,0,0,22000,6520000,-6498000,-1285000,1179000,2551000,-1372000,314000,227000,87000,-28853658
2891,中信金          ,40196000,74706427,-34510427,0,0,0,43000,61000,-18000,-1295000,15000,1276000,-1261000,48000,82000,-34000,-35823427
2330,台積電          ,25930495,67797107,-41866612,0,0,0,299000,124000,175000,-5213981,1090000,2419000,-1329000,459000,4343981,-3884981,-46905593
00637L,元大滬深300正2  ,9299000,14480000,-5181000,0,0,0,0,0,0,-46983000,0,0,0,23037000,70020000,-46983000,-52164000
0056,元大高股息      ,51000,3000,48000,0,0,0,0,0,0,-68781000,610000,0,610000,1000000,70391000,-69391000,-68733000
