證券代號,證券名稱,外陸資買進股數(不含外資自營商),外陸資賣出股數(不含外資自營商),外陸資買賣超股數(不含外資自營商),外資自營商買進股數,外資自營商賣出股數,外資自營商買賣超股數,投信買進股數,投信賣出股數,投信買賣超股數,自營商買賣超股數,自營商買進股數(自行買賣),自營商賣出股數(自行買賣),自營商買賣超股數(自行買賣),自營商買進股數(避險),自營商賣出股數(避險),自營商買賣超股數(避險),三大法人買賣超股數
3481,群創            ,44392132,27920347,16471785,0,0,0,1105000,0,1105000,837000,1325000,49000,1276000,475000,914000,-439000,18413785
3037,欣興            ,20014000,4958000,15056000,0,0,0,1215000,468000,747000,1124000,254000,648000,-394000,1759000,241000,1518000,16927000
2303,聯電            ,56953000,35958881,20994119,0,0,0,0,3173000,-3173000,-2753000,996000,1376000,-380000,44000,2417000,-2373000,15068119
2317,鴻海            ,30629358,19169667,11459691,0,0,0,0,456000,-456000,3141000,573000,15000,558000,3258000,675000,2583000,14144691
2313,華通            ,13652000,5930000,7722000,0,0,0,2158000,55000,2103000,416000,581000,1356000,-775000,2133000,942000,1191000,10241000
00677U,富邦VIX         ,6761000,2324000,4437000,0,0,0,0,0,0,2973000,0,0,0,3673000,700000,2973000,7410000
2330,台積電          ,21403010,16305102,5097908,0,0,0,136000,125000,11000,819000,1132000,306000,826000,268000,275000,-7000,5927908
6269,台郡            ,7810000,4126000,3684000,0,0,0,2065000,293000,1772000,183000,696000,604000,92000,212000,121000,91000,5639000
3189,景碩            ,5757000,1648000,4109000,0,0,0,239000,226000,13000,1183000,189000,111000,78000,1240000,135000,1105000,5305000
0056,元大高股息      ,6069,2000,4069,0,0,0,0,0,0,5127000,685000,0,685000,4582000,140000,4442000,5131069
048106,臺指反群益93購02,0,0,0,0,0,0,0,0,0,4700000,0,0,0,4700000,0,4700000,4700000
00861,元大全球未來通訊,651000,2000,649000,0,0,0,0,0,0,3953000,300000,0,300000,5250000,1597000,3653000,4602000
2881,富邦金          ,12637000,8244476,4392524,0,0,0,54000,0,54000,97000,284000,50000,234000,3000,140000,-137000,4543524
2454,聯發科          ,8589951,4496911,4093040,0,0,0,25000,8000,17000,12000,151000,159000,-8000,170000,150000,20000,4122040
6239,力成            ,5705000,2492439,3212561,0,0,0,295000,0,295000,449000,183000,8000,175000,286000,12000,274000,3956561
01003T,兆豐新光R1      ,3901000,0,3901000,0,0,0,0,0,0,0,0,0,0,0,0,0,3901000
2891,中信金          ,18742000,14256856,4485144,0,0,0,138000,57000,81000,-827000,659000,250000,409000,0,1236000,-1236000,3739144
03638C,T50反1元大94牛03,0,0,0,0,0,0,0,0,0,3570000,0,0,0,4268000,698000,3570000,3570000
053564,台積電富邦99購01,0,0,0,0,0,0,0,0,0,3257000,0,0,0,3368000,111000,3257000,3257000
052733,台郡國泰97購01  ,0,0,0,0,0,0,0,0,0,3119000,0,0,0,3253000,134000,3119000,3119000
2610,華航            ,3913000,1067259,2845741,0,0,0,0,0,0,178000,177000,0,177000,44000,43000,1000,3023741
052314,鴻海元大96購11  ,0,0,0,0,0,0,0,0,0,2999000,0,0,0,3306000,307000,2999000,2999000
053949,康控富邦9A購01  ,0,0,0,0,0,0,0,0,0,2900000,0,0,0,2902000,2000,2900000,2900000
050884,聯茂國泰96購01  ,0,0,0,0,0,0,0,0,0,2805000,0,0,0,3000000,195000,2805000,2805000
054400,健策永豐96購02  ,0,0,0,0,0,0,0,0,0,2782000,0,0,0,6351000,3569000,2782000,2782000
2371,大同            ,3520000,912098,2607902,0,0,0,0,0,0,155000,155000,0,155000,0,0,0,2762902
6251,定穎            ,2273000,745000,1528000,0,0,0,200000,0,200000,1020000,1400000,380000,1020000,0,0,0,2748000
2603,長榮            ,3832779,1307765,2525014,0,0,0,0,0,0,178000,168000,0,168000,10000,0,10000,2703014
2201,裕隆            ,1653000,970000,683000,0,0,0,2000000,0,2000000,-28000,65000,0,65000,100000,193000,-93000,2655000
2376,技嘉            ,4629000,1853000,2776000,0,0,0,501000,0,501000,-690000,121000,450000,-329000,126000,487000,-361000,2587000
00673R,元大S&P原油反1  ,681000,415000,266000,0,0,0,0,0,0,2208000,0,0,0,2344000,136000,2208000,2474000
6213,聯茂            ,1454000,1397000,57000,0,0,0,2314000,0,2314000,-22000,218000,493000,-275000,434000,181000,253000,2349000
2327,國巨            ,3736000,1342996,2393004,0,0,0,183000,20000,163000,-413000,77000,382000,-305000,99000,207000,-108000,2143004
2474,可成            ,3359120,1494859,1864261,0,0,0,0,0,0,222000,38000,32000,6000,217000,1000,216000,2086261
053710,華通凱基96購05  ,0,0,0,0,0,0,0,0,0,2026000,0,0,0,2141000,115000,2026000,2026000
053856,台積電富邦98購01,0,0,0,0,0,0,0,0,0,2013000,0,0,0,3289000,1276000,2013000,2013000
055701,亞德客富邦99購01,0,0,0,0,0,0,0,0,0,2000000,0,0,0,2178000,178000,2000000,2000000
2383,台光電          ,2746000,1164000,1582000,0,0,0,141000,1000,140000,269000,112000,249000,-137000,438000,32000,406000,1991000
045142,聯茂兆豐93購02  ,0,0,0,0,0,0,0,0,0,1972000,0,0,0,2010000,38000,1972000,1972000
2345,智邦            ,3766000,1950353,1815647,0,0,0,167000,0,167000,-34000,245000,216000,29000,80000,143000,-63000,1948647
051113,聯電元富95購01  ,0,0,0,0,0,0,0,0,0,1925000,0,0,0,1953000,28000,1925000,1925000
054497,國巨永豐96購05  ,0,0,0,0,0,0,0,0,0,1846000,0,0,0,2051000,205000,1846000,1846000
2353,宏碁            ,4250000,2494476,1755524,0,0,0,0,0,0,83000,109000,6000,103000,39000,59000,-20000,1838524
056605,台積電富邦9B購02,0,0,0,0,0,0,0,0,0,1830000,0,0,0,1854000,24000,1830000,1830000
053563,台積電富邦97購01,0,0,0,0,0,0,0,0,0,1790000,0,0,0,1829000,39000,1790000,1790000
052504,鴻海日盛95購03  ,0,0,0,0,0,0,0,0,0,1765000,0,0,0,1782000,17000,1765000,1765000
052150,台積電富邦95購07,0,0,0,0,0,0,0,0,0,1665000,0,0,0,2295000,630000,1665000,1665000
055644,致茂元富97購01  ,0,0,0,0,0,0,0,0,0,1641000,0,0,0,2127000,486000,1641000,1641000
2360,致茂            ,1894853,446736,1448117,0,0,0,0,2000,-2000,181000,148000,30000,118000,64000,1000,63000,1627117
040160,SP黃豆元富95購01,0,0,0,0,0,0,0,0,0,1627000,0,0,0,1627000,0,1627000,1627000
049205,聯發科群益94購05,0,0,0,0,0,0,0,0,0,1622000,0,0,0,1622000,0,1622000,1622000
055927,南亞科群益97購01,0,0,0,0,0,0,0,0,0,1617000,0,0,0,1622000,5000,1617000,1617000
047824,臺股指凱基93購18,0,0,0,0,0,0,0,0,0,1603000,0,0,0,1603000,0,1603000,1603000
049214,台達電國票95購01,0,0,0,0,0,0,0,0,0,1551000,0,0,0,1561000,10000,1551000,1551000
05283P,健鼎元大95售04  ,0,0,0,0,0,0,0,0,0,1502000,0,0,0,1581000,79000,1502000,1502000
8046,南電            ,1806000,1266000,540000,0,0,0,981000,0,981000,-28000,144000,114000,30000,218000,276000,-58000,1493000
00850,元大臺灣ESG永續 ,4000,0,4000,0,0,0,0,0,0,1449000,0,0,0,1782000,333000,1449000,1453000
051405,世芯永豐95購01  ,0,0,0,0,0,0,0,0,0,1441000,0,0,0,1794000,353000,1441000,1441000
5469,瀚宇博          ,1435000,251000,1184000,0,0,0,0,0,0,249000,21000,0,21000,273000,45000,228000,1433000
056005,臺股指永豐97購04,0,0,0,0,0,0,0,0,0,1399000,0,0,0,1566000,167000,1399000,1399000
053452,臺股指凱基97購01,0,0,0,0,0,0,0,0,0,1390000,0,0,0,1390000,0,1390000,1390000
03650C,T50反1元大98牛05,0,0,0,0,0,0,0,0,0,1380000,0,0,0,1380000,0,1380000,1380000
2349,錸德            ,1497000,118000,1379000,0,0,0,0,0,0,0,0,0,0,0,0,0,1379000
052225,台積電凱基96購03,0,0,0,0,0,0,0,0,0,1364000,0,0,0,1364000,0,1364000,1364000
4725,信昌化          ,1479000,122000,1357000,0,0,0,0,0,0,0,0,0,0,0,0,0,1357000
041973,台灣50中信94購01,0,0,0,0,0,0,0,0,0,1341000,0,0,0,1506000,165000,1341000,1341000
056756,T50反1元大98購06,0,0,0,0,0,0,0,0,0,1341000,0,0,0,1352000,11000,1341000,1341000
046685,世紀鋼群益93購02,0,0,0,0,0,0,0,0,0,1321000,0,0,0,1321000,0,1321000,1321000
054968,佐登元大97購01  ,0,0,0,0,0,0,0,0,0,1309000,0,0,0,1339000,30000,1309000,1309000
053992,中環群益96購01  ,0,0,0,0,0,0,0,0,0,1229000,0,0,0,1262000,33000,1229000,1229000
049185,南電凱基94購03  ,0,0,0,0,0,0,0,0,0,1227000,0,0,0,1297000,70000,1227000,1227000
053675,臺股指元富96購02,0,0,0,0,0,0,0,0,0,1219000,0,0,0,1266000,47000,1219000,1219000
2368,金像電          ,4547000,7179000,-2632000,0,0,0,3248000,0,3248000,579000,1435000,856000,579000,0,0,0,1195000
00634R,富邦上証反1     ,1383000,1000,1382000,0,0,0,0,0,0,-211000,0,447000,-447000,769000,533000,236000,1171000
051316,T50反1國票95購02,0,0,0,0,0,0,0,0,0,1160000,0,0,0,1510000,350000,1160000,1160000
3044,健鼎            ,2641000,2079001,561999,0,0,0,0,0,0,565000,191000,34000,157000,415000,7000,408000,1126999
020000,富邦特選蘋果N   ,0,0,0,0,0,0,0,0,0,1123000,0,0,0,1130000,7000,1123000,1123000
054680,華新科康和97購02,0,0,0,0,0,0,0,0,0,1121000,0,0,0,2041000,920000,1121000,1121000
1227,佳格            ,1249000,180947,1068053,0,0,0,0,0,0,37000,37000,0,37000,0,0,0,1105053
06440P,台積電凱基98售07,0,0,0,0,0,0,0,0,0,1097000,0,0,0,1175000,78000,1097000,1097000
049900,台積電元富94購06,0,0,0,0,0,0,0,0,0,1090000,0,0,0,2048000,958000,1090000,1090000
054330,世芯永豐96購02  ,0,0,0,0,0,0,0,0,0,1082000,0,0,0,1102000,20000,1082000,1082000
00638R,元大滬深300反1  ,1143000,101000,1042000,0,0,0,0,0,0,35000,0,0,0,100000,65000,35000,1077000
9946,三發地產        ,1349000,311000,1038000,0,0,0,0,0,0,31000,32000,1000,31000,0,0,0,1069000
3231,緯創            ,4795000,3000921,1794079,0,0,0,0,1000000,-1000000,267000,388000,0,388000,68000,189000,-121000,1061079
1312,國喬            ,1365000,519000,846000,0,0,0,0,0,0,212000,206000,0,206000,6000,0,6000,1058000
052770,聯茂群益96購02  ,0,0,0,0,0,0,0,0,0,1035000,0,0,0,1359000,324000,1035000,1035000
042909,順德元大94購01  ,0,0,0,0,0,0,0,0,0,1030000,0,0,0,1030000,0,1030000,1030000
08218P,滬深2X凱基96售01,0,0,0,0,0,0,0,0,0,1021000,0,0,0,1021000,0,1021000,1021000
2367,燿華            ,2085000,1637000,448000,0,0,0,0,0,0,572000,24000,0,24000,577000,29000,548000,1020000
052400,聯詠凱基97購01  ,0,0,0,0,0,0,0,0,0,1016000,0,0,0,1030000,14000,1016000,1016000
06195P,台積電元富97售06,0,0,0,0,0,0,0,0,0,1001000,0,0,0,1884000,883000,1001000,1001000
051732,華通國票97購01  ,0,0,0,0,0,0,0,0,0,991000,0,0,0,1276000,285000,991000,991000
052181,南茂元大95購05  ,0,0,0,0,0,0,0,0,0,984000,0,0,0,1384000,400000,984000,984000
049190,元油2X永豐94購04,0,0,0,0,0,0,0,0,0,978000,0,0,0,998000,20000,978000,978000
055863,緯穎元大97購05  ,0,0,0,0,0,0,0,0,0,966000,0,0,0,1270000,304000,966000,966000
00631L,元大台灣50正2   ,484000,0,484000,0,0,0,0,0,0,479000,0,50000,-50000,661000,132000,529000,963000
056307,貿聯元大97購05  ,0,0,0,0,0,0,0,0,0,957000,0,0,0,978000,21000,957000,957000
055144,T50反1元大97購03,0,0,0,0,0,0,0,0,0,955000,0,0,0,1558000,603000,955000,955000
054081,聯電元富96購01  ,20000,0,20000,0,0,0,0,0,0,919000,0,0,0,1515000,596000,919000,939000
2492,華新科          ,3575516,2466629,1108887,0,0,0,34000,72000,-38000,-134000,101000,160000,-59000,163000,238000,-75000,936887
050913,全新中信97購01  ,0,0,0,0,0,0,0,0,0,931000,0,0,0,1034000,103000,931000,931000
055250,華新科統一97購02,0,0,0,0,0,0,0,0,0,917000,0,0,0,978000,61000,917000,917000
055433,嘉聯益群益99購01,0,0,0,0,0,0,0,0,0,904000,0,0,0,905000,1000,904000,904000
006205,富邦上証        ,581000,0,581000,0,0,0,0,0,0,320125,0,0,0,1975125,1655000,320125,901125
051750,華通富邦96購01  ,0,0,0,0,0,0,0,0,0,901000,0,0,0,912000,11000,901000,901000
056255,華新科元富97購05,0,0,0,0,0,0,0,0,0,896000,0,0,0,927000,31000,896000,896000
056439,華邦電凱基98購02,0,0,0,0,0,0,0,0,0,896000,0,0,0,917000,21000,896000,896000
05118P,超眾元大96售04  ,0,0,0,0,0,0,0,0,0,893000,0,0,0,938000,45000,893000,893000
051000,台郡元大96購01  ,0,0,0,0,0,0,0,0,0,889000,0,0,0,982000,93000,889000,889000
052942,聯發科中信97購04,0,0,0,0,0,0,0,0,0,883000,0,0,0,966000,83000,883000,883000
8016,矽創            ,509000,174000,335000,0,0,0,249000,0,249000,289000,167000,8000,159000,140000,10000,130000,873000
048787,義隆元大94購02  ,0,0,0,0,0,0,0,0,0,866000,0,0,0,931000,65000,866000,866000
2867,三商壽          ,1281000,432000,849000,0,0,0,0,0,0,8000,108000,100000,8000,0,0,0,857000
056829,台積電富邦9A購01,0,0,0,0,0,0,0,0,0,852000,0,0,0,1020000,168000,852000,852000
056087,世芯統一97購01  ,0,0,0,0,0,0,0,0,0,848000,0,0,0,876000,28000,848000,848000
4119,旭富            ,962000,342000,620000,0,0,0,192000,0,192000,33000,31000,51000,-20000,78000,25000,53000,845000
3450,聯鈞            ,813000,472000,341000,0,0,0,288000,0,288000,215000,25000,0,25000,246000,56000,190000,844000
044291,群創凱基93購06  ,0,0,0,0,0,0,0,0,0,839000,0,0,0,839000,0,839000,839000
054411,光磊元大97購02  ,0,0,0,0,0,0,0,0,0,834000,0,0,0,834000,0,834000,834000
2455,全新            ,631000,607000,24000,0,0,0,446000,0,446000,361000,153000,50000,103000,337000,79000,258000,831000
052367,聯茂國票96購02  ,0,0,0,0,0,0,0,0,0,828000,0,0,0,994000,166000,828000,828000
044960,京元電兆豐93購01,0,0,0,0,0,0,0,0,0,821000,0,0,0,821000,0,821000,821000
03007X,元展07          ,0,0,0,0,0,0,0,0,0,814000,0,0,0,814000,0,814000,814000
048167,旺宏永豐93購04  ,0,0,0,0,0,0,0,0,0,814000,0,0,0,824000,10000,814000,814000
051063,台郡群益95購01  ,0,0,0,0,0,0,0,0,0,812000,0,0,0,844000,32000,812000,812000
055131,茂林康和97購01  ,0,0,0,0,0,0,0,0,0,810000,0,0,0,993000,183000,810000,810000
052913,鴻海元富96購05  ,0,0,0,0,0,0,0,0,0,805000,0,0,0,835000,30000,805000,805000
6282,康舒            ,1028000,287000,741000,0,0,0,0,0,0,61000,17000,0,17000,49000,5000,44000,802000
053798,台積電中信98購02,0,0,0,0,0,0,0,0,0,784000,0,0,0,784000,0,784000,784000
00639,富邦深100       ,818000,0,818000,0,0,0,0,0,0,-43000,0,0,0,1189000,1232000,-43000,775000
056193,聯發科富邦99購08,0,0,0,0,0,0,0,0,0,774000,0,0,0,1127000,353000,774000,774000
054331,世芯永豐96購03  ,0,0,0,0,0,0,0,0,0,772000,0,0,0,1556000,784000,772000,772000
054197,台積電永昌96購07,0,0,0,0,0,0,0,0,0,767000,0,0,0,1933000,1166000,767000,767000
0050,元大台灣50      ,1247054,371000,876054,0,0,0,0,0,0,-121000,423000,270000,153000,774000,1048000,-274000,755054
054640,健策中信9B購01  ,0,0,0,0,0,0,0,0,0,743000,0,0,0,1143000,400000,743000,743000
054268,健策第一96購01  ,0,0,0,0,0,0,0,0,0,741000,0,0,0,889000,148000,741000,741000
2882,國泰金          ,5504968,5046236,458732,0,0,0,62000,0,62000,209000,367000,0,367000,72000,230000,-158000,729732
055323,貿聯國票98購01  ,0,0,0,0,0,0,0,0,0,729000,0,0,0,799000,70000,729000,729000
3661,世芯-KY         ,2891000,1925000,966000,0,0,0,0,4000,-4000,-237000,21000,32000,-11000,31000,257000,-226000,725000
051585,美食元大95購01  ,0,0,0,0,0,0,0,0,0,723000,0,0,0,877000,154000,723000,723000
1504,東元            ,1802000,1181000,621000,0,0,0,0,0,0,79000,87000,8000,79000,0,0,0,700000
05034P,台積電元大95售08,0,0,0,0,0,0,0,0,0,699000,0,0,0,701000,2000,699000,699000
053717,聯發科凱基96購17,0,0,0,0,0,0,0,0,0,696000,0,0,0,1434000,738000,696000,696000
3005,神基            ,706000,187000,519000,0,0,0,0,0,0,177000,267000,0,267000,45000,135000,-90000,696000
054201,聯詠富邦97購02  ,0,0,0,0,0,0,0,0,0,694000,0,0,0,751000,57000,694000,694000
03199P,台積電統一01售16,0,0,0,0,0,0,0,0,0,690000,0,0,0,710000,20000,690000,690000
051507,彩晶元富95購01  ,0,0,0,0,0,0,0,0,0,690000,0,0,0,805000,115000,690000,690000
055417,健策富邦98購02  ,0,0,0,0,0,0,0,0,0,688000,0,0,0,688000,0,688000,688000
055192,世芯元富97購01  ,0,0,0,0,0,0,0,0,0,670000,0,0,0,987000,317000,670000,670000
06193P,台積電元富97售04,0,0,0,0,0,0,0,0,0,667000,0,0,0,1839000,1172000,667000,667000
3673,TPK-KY          ,1196000,519000,677000,0,0,0,0,0,0,-13000,17000,10000,7000,47000,67000,-20000,664000
051505,台積電元富95購05,0,0,0,0,0,0,0,0,0,662000,0,0,0,3683000,3021000,662000,662000
050671,超眾永豐94購04  ,0,0,0,0,0,0,0,0,0,657000,0,0,0,803000,146000,657000,657000
3026,禾伸堂          ,1120000,491000,629000,0,0,0,0,0,0,28000,5000,0,5000,63000,40000,23000,657000
054120,奇力新永豐96購01,0,0,0,0,0,0,0,0,0,653000,0,0,0,708000,55000,653000,653000
051574,鴻海元大96購06  ,0,0,0,0,0,0,0,0,0,648000,0,0,0,648000,0,648000,648000
055645,技嘉元富97購01  ,0,0,0,0,0,0,0,0,0,642000,0,0,0,1307000,665000,642000,642000
044464,滬深2X群益95購01,0,0,0,0,0,0,0,0,0,642000,0,0,0,642000,0,642000,642000
055191,牧德元富97購01  ,0,0,0,0,0,0,0,0,0,638000,0,0,0,690000,52000,638000,638000
047372,創意國票94購01  ,0,0,0,0,0,0,0,0,0,635000,0,0,0,775000,140000,635000,635000
044289,群創凱基93購04  ,0,0,0,0,0,0,0,0,0,632000,0,0,0,752000,120000,632000,632000
050049,華通群益96購01  ,0,0,0,0,0,0,0,0,0,631000,0,0,0,699000,68000,631000,631000
047160,台郡國票94購01  ,0,0,0,0,0,0,0,0,0,621000,0,0,0,627000,6000,621000,621000
049386,嘉聯益元大95購01,0,0,0,0,0,0,0,0,0,619000,0,0,0,649000,30000,619000,619000
054449,中環第一96購01  ,0,0,0,0,0,0,0,0,0,617000,0,0,0,637000,20000,617000,617000
047880,聯發科國泰94購03,0,0,0,0,0,0,0,0,0,613000,0,0,0,700000,87000,613000,613000
055224,鴻海國票99購02  ,0,0,0,0,0,0,0,0,0,610000,0,0,0,860000,250000,610000,610000
056797,台積電麥證98購01,0,0,0,610000,0,610000,0,0,0,610000,0,0,0,610000,0,610000,610000
07866P,上証2X國票97售01,0,0,0,0,0,0,0,0,0,602000,0,0,0,702000,100000,602000,602000
050319,康控國票95購04  ,0,0,0,0,0,0,0,0,0,600000,0,0,0,800000,200000,600000,600000
04386P,大立光日盛94售01,0,0,0,0,0,0,0,0,0,599000,0,0,0,599000,0,599000,599000
054074,健策富邦98購01  ,0,0,0,0,0,0,0,0,0,599000,0,0,0,603000,4000,599000,599000
2439,美律            ,2135000,1668000,467000,0,0,0,0,27000,-27000,155000,109000,191000,-82000,282000,45000,237000,595000
00692,富邦公司治理    ,0,0,0,0,0,0,0,0,0,593000,0,0,0,1896000,1303000,593000,593000
045861,智邦統一93購02  ,0,0,0,0,0,0,0,0,0,593000,0,0,0,605000,12000,593000,593000
054101,茂林國票97購04  ,0,0,0,0,0,0,0,0,0,591000,0,0,0,790000,199000,591000,591000
055446,奇力新統一9A購01,0,0,0,0,0,0,0,0,0,590000,0,0,0,806000,216000,590000,590000
052351,中環元富95購01  ,0,0,0,0,0,0,0,0,0,590000,0,0,0,590000,0,590000,590000
048156,正崴兆豐93購01  ,0,0,0,0,0,0,0,0,0,589000,0,0,0,589000,0,589000,589000
047886,京元電富邦95購01,0,0,0,0,0,0,0,0,0,588000,0,0,0,744000,156000,588000,588000
055133,致新康和97購01  ,0,0,0,0,0,0,0,0,0,586000,0,0,0,686000,100000,586000,586000
047540,技嘉麥證93購01  ,0,0,0,1128000,545000,583000,0,0,0,583000,0,0,0,1128000,545000,583000,583000
055495,長榮航元大97購01,0,0,0,0,0,0,0,0,0,581000,0,0,0,948000,367000,581000,581000
051283,亞德客統一95購01,0,0,0,0,0,0,0,0,0,580000,0,0,0,660000,80000,580000,580000
052296,TPK國票96購01   ,0,0,0,0,0,0,0,0,0,580000,0,0,0,1298000,718000,580000,580000
06034P,世芯凱基96售03  ,0,0,0,0,0,0,0,0,0,580000,0,0,0,600000,20000,580000,580000
054332,世芯永豐97購01  ,0,0,0,0,0,0,0,0,0,579000,0,0,0,791000,212000,579000,579000
3596,智易            ,727000,479000,248000,0,0,0,20000,0,20000,311000,7000,120000,-113000,441000,17000,424000,579000
6166,凌華            ,725000,151000,574000,0,0,0,0,0,0,5000,5000,0,5000,5000,5000,0,579000
3034,聯詠            ,4443991,4014771,429220,0,0,0,232000,174000,58000,88000,379000,229000,150000,56000,118000,-62000,575220
05777P,台積電統一96售04,0,0,0,0,0,0,0,0,0,575000,0,0,0,1127000,552000,575000,575000
050533,致新元大94購03  ,0,0,0,0,0,0,0,0,0,573000,0,0,0,620000,47000,573000,573000
055833,華通元大98購05  ,0,0,0,0,0,0,0,0,0,572000,0,0,0,778000,206000,572000,572000
047912,台郡麥證94購01  ,0,0,0,773000,203000,570000,0,0,0,570000,0,0,0,773000,203000,570000,570000
053825,南電群益96購02  ,0,0,0,0,0,0,0,0,0,570000,0,0,0,997000,427000,570000,570000
3413,京鼎            ,598000,287000,311000,0,0,0,8000,0,8000,248000,76000,15000,61000,209000,22000,187000,567000
1789,神隆            ,668000,107000,561000,0,0,0,0,0,0,5000,5000,0,5000,0,0,0,566000
055379,牧德元大97購03  ,0,0,0,0,0,0,0,0,0,565000,0,0,0,661000,96000,565000,565000
054239,台郡群益96購02  ,0,60000,-60000,0,0,0,0,0,0,624000,0,0,0,646000,22000,624000,564000
047737,義隆麥證94購01  ,0,0,0,620000,57000,563000,0,0,0,563000,0,0,0,620000,57000,563000,563000
051959,台郡台新95購03  ,0,0,0,0,0,0,0,0,0,562000,0,0,0,588000,26000,562000,562000
054294,世芯元大96購02  ,0,0,0,0,0,0,0,0,0,558000,0,0,0,606000,48000,558000,558000
055579,健策統一9A購01  ,0,0,0,0,0,0,0,0,0,557000,0,0,0,1133000,576000,557000,557000
3016,嘉晶            ,270000,143000,127000,0,0,0,0,0,0,430000,8000,0,8000,453000,31000,422000,557000
055896,南電統一97購02  ,0,0,0,0,0,0,0,0,0,555000,0,0,0,555000,0,555000,555000
054891,聯鈞統一99購02  ,0,0,0,0,0,0,0,0,0,555000,0,0,0,716000,161000,555000,555000
051570,和碩富邦97購01  ,0,0,0,0,0,0,0,0,0,548000,0,0,0,695000,147000,548000,548000
056086,奇力新統一98購01,0,0,0,0,0,0,0,0,0,546000,0,0,0,991000,445000,546000,546000
054717,亞德客永豐97購01,0,0,0,0,0,0,0,0,0,543000,0,0,0,889000,346000,543000,543000
049538,元油2X群益98購01,0,0,0,0,0,0,0,0,0,542000,0,0,0,712000,170000,542000,542000
052553,技嘉國票96購01  ,0,0,0,0,0,0,0,0,0,535000,0,0,0,582000,47000,535000,535000
053029,國巨第一96購01  ,0,0,0,0,0,0,0,0,0,535000,0,0,0,706000,171000,535000,535000
053371,滬深2X元大99購01,0,0,0,0,0,0,0,0,0,534000,0,0,0,546000,12000,534000,534000
6456,GIS-KY          ,560000,165000,395000,0,0,0,0,0,0,137000,11000,0,11000,128000,2000,126000,532000
056311,泰鼎元大98購01  ,0,0,0,0,0,0,0,0,0,530000,0,0,0,951000,421000,530000,530000
053841,美律統一96購01  ,0,0,0,0,0,0,0,0,0,529000,0,0,0,529000,0,529000,529000
054044,京元電元大96購03,0,0,0,0,0,0,0,0,0,528000,0,0,0,558000,30000,528000,528000
052020,聯茂永豐95購02  ,0,0,0,0,0,0,0,0,0,527000,0,0,0,905000,378000,527000,527000
055492,華新科元大97購08,0,0,0,0,0,0,0,0,0,525000,0,0,0,625000,100000,525000,525000
00739,元大MSCI A股    ,614000,0,614000,0,0,0,0,0,0,-90000,0,0,0,356000,446000,-90000,524000
050100,台積電永昌96購02,0,0,0,0,0,0,0,0,0,517000,0,0,0,1143000,626000,517000,517000
056618,京元電永豐98購01,0,0,0,0,0,0,0,0,0,513000,0,0,0,715000,202000,513000,513000
049744,亞德客永豐94購01,0,0,0,0,0,0,0,0,0,512000,0,0,0,625000,113000,512000,512000
043758,創意元大92購03  ,0,0,0,0,0,0,0,0,0,510000,0,0,0,510000,0,510000,510000
051353,聯發科元大95購08,0,0,0,0,0,0,0,0,0,508000,0,0,0,528000,20000,508000,508000
055041,致新富邦97購01  ,0,0,0,0,0,0,0,0,0,506000,0,0,0,506000,0,506000,506000
051451,世芯元大95購03  ,0,0,0,0,0,0,0,0,0,505000,0,0,0,572000,67000,505000,505000
042561,南電兆豐92購01  ,0,0,0,0,0,0,0,0,0,503000,0,0,0,533000,30000,503000,503000
047969,台達電富邦97購01,0,0,0,0,0,0,0,0,0,503000,0,0,0,600000,97000,503000,503000
048590,貿聯兆豐94購02  ,0,0,0,0,0,0,0,0,0,503000,0,0,0,675000,172000,503000,503000
050559,聯發科統一94購10,0,0,0,0,0,0,0,0,0,502000,0,0,0,818000,316000,502000,502000
053045,國巨中信97購01  ,0,0,0,0,0,0,0,0,0,502000,0,0,0,754000,252000,502000,502000
054561,奇力新群益97購03,0,0,0,0,0,0,0,0,0,501000,0,0,0,501000,0,501000,501000
8112,至上            ,731000,241000,490000,0,0,0,0,0,0,11000,11000,0,11000,0,0,0,501000
045782,欣興元大93購04  ,0,0,0,0,0,0,0,0,0,499000,0,0,0,600000,101000,499000,499000
044081,鴻海國票92購01  ,0,0,0,0,0,0,0,0,0,499000,0,0,0,499000,0,499000,499000
050527,嘉聯益元大96購01,0,0,0,0,0,0,0,0,0,499000,0,0,0,499000,0,499000,499000
050511,元油2X元大94購11,0,0,0,0,0,0,0,0,0,499000,0,0,0,499000,0,499000,499000
06573P,台積電永昌99售02,0,0,0,0,0,0,0,0,0,499000,0,0,0,499000,0,499000,499000
053855,康友國泰98購01  ,0,0,0,0,0,0,0,0,0,498000,0,0,0,613000,115000,498000,498000
1904,正隆            ,1021000,469000,552000,0,0,0,0,0,0,-55000,50000,105000,-55000,0,0,0,497000
047466,新光金國泰95購01,0,0,0,0,0,0,0,0,0,496000,0,0,0,517000,21000,496000,496000
051390,京元電兆豐95購01,0,0,0,0,0,0,0,0,0,496000,0,0,0,649000,153000,496000,496000
2841,台開            ,711000,217000,494000,0,0,0,0,0,0,0,0,0,0,0,0,0,494000
046858,群創元大94購02  ,0,0,0,0,0,0,0,0,0,493000,0,0,0,517000,24000,493000,493000
056277,上銀富邦99購02  ,0,0,0,0,0,0,0,0,0,492000,0,0,0,651000,159000,492000,492000
053463,可成富邦98購01  ,0,0,0,0,0,0,0,0,0,492000,0,0,0,673000,181000,492000,492000
055675,亞德客凱基97購02,0,0,0,0,0,0,0,0,0,491000,0,0,0,491000,0,491000,491000
2329,華泰            ,534000,161000,373000,0,0,0,0,0,0,118000,19000,0,19000,135000,36000,99000,491000
3702,大聯大          ,1819000,1342236,476764,0,0,0,0,0,0,14000,358000,224000,134000,0,120000,-120000,490764
055703,緯穎富邦98購01  ,0,0,0,0,0,0,0,0,0,490000,0,0,0,615000,125000,490000,490000
054916,聯發科凱基98購04,0,0,0,0,0,0,0,0,0,489000,0,0,0,499000,10000,489000,489000
049279,元油2X國票94購02,0,0,0,0,0,0,0,0,0,489000,0,0,0,490000,1000,489000,489000
055198,奇力新第一97購01,0,0,0,0,0,0,0,0,0,488000,0,0,0,946000,458000,488000,488000
051516,全新凱基96購02  ,0,0,0,0,0,0,0,0,0,488000,0,0,0,500000,12000,488000,488000
054037,T50反1元大96購09,0,0,0,0,0,0,0,0,0,487000,0,0,0,497000,10000,487000,487000
056191,世紀鋼統一97購01,0,0,0,0,0,0,0,0,0,486000,0,0,0,486000,0,486000,486000
054699,復盛永豐97購01  ,0,0,0,0,0,0,0,0,0,485000,0,0,0,545000,60000,485000,485000
049576,元油2X元大94購06,0,0,0,0,0,0,0,0,0,485000,0,0,0,629000,144000,485000,485000
051573,鴻海元大95購15  ,0,10000,-10000,0,0,0,0,0,0,495000,0,0,0,523000,28000,495000,485000
055998,臺股指富邦99購01,0,0,0,0,0,0,0,0,0,484000,0,0,0,484000,0,484000,484000
06225P,華新科元富97售04,0,0,0,0,0,0,0,0,0,484000,0,0,0,538000,54000,484000,484000
056688,聯詠統一98購01  ,0,0,0,0,0,0,0,0,0,484000,0,0,0,484000,0,484000,484000
054390,智邦元富96購03  ,0,0,0,0,0,0,0,0,0,483000,0,0,0,600000,117000,483000,483000
055940,致新群益98購01  ,0,0,0,0,0,0,0,0,0,479000,0,0,0,489000,10000,479000,479000
052309,健策國泰97購01  ,0,0,0,0,0,0,0,0,0,474000,0,0,0,526000,52000,474000,474000
4927,泰鼎-KY         ,581000,812000,-231000,0,0,0,81000,0,81000,624000,314000,0,314000,446000,136000,310000,474000
046298,聯發科富邦94購01,0,0,0,0,0,0,0,0,0,472000,0,0,0,541000,69000,472000,472000
051301,聯發科凱基95購08,0,0,0,0,0,0,0,0,0,470000,0,0,0,470000,0,470000,470000
048928,華新科永豐94購02,0,0,0,0,0,0,0,0,0,470000,0,0,0,503000,33000,470000,470000
051777,聯發科群益95購04,0,0,0,0,0,0,0,0,0,469000,0,0,0,564000,95000,469000,469000
2542,興富發          ,1248191,832752,415439,0,0,0,0,0,0,51000,72000,21000,51000,0,0,0,466439
055444,致新台新97購01  ,0,0,0,0,0,0,0,0,0,464000,0,0,0,464000,0,464000,464000
052233,台郡凱基96購01  ,0,0,0,0,0,0,0,0,0,464000,0,0,0,482000,18000,464000,464000
053752,超眾永豐96購02  ,0,0,0,0,0,0,0,0,0,462000,0,0,0,573000,111000,462000,462000
054979,南港元富97購01  ,0,0,0,0,0,0,0,0,0,461000,0,0,0,518000,57000,461000,461000
056755,聯茂兆豐98購01  ,0,0,0,0,0,0,0,0,0,461000,0,0,0,590000,129000,461000,461000
052676,聯發科永昌98購01,0,0,0,0,0,0,0,0,0,459000,0,0,0,1159000,700000,459000,459000
3041,揚智            ,534000,75000,459000,0,0,0,0,0,0,0,0,0,0,0,0,0,459000
047495,新日興元富96購01,0,0,0,0,0,0,0,0,0,458000,0,0,0,753000,295000,458000,458000
053513,義隆群益96購05  ,0,0,0,0,0,0,0,0,0,458000,0,0,0,468000,10000,458000,458000
053885,全新兆豐96購01  ,0,0,0,0,0,0,0,0,0,454000,0,0,0,502000,48000,454000,454000
4935,茂林-KY         ,147000,351000,-204000,0,0,0,439000,0,439000,218000,144000,65000,79000,196000,57000,139000,453000
055235,金寶台新98購01  ,0,0,0,0,0,0,0,0,0,452000,0,0,0,553000,101000,452000,452000
054713,國巨中信9B購01  ,0,0,0,0,0,0,0,0,0,450000,0,0,0,1057000,607000,450000,450000
054483,聯電台新96購01  ,0,0,0,0,0,0,0,0,0,448000,0,0,0,448000,0,448000,448000
054198,台積電永昌96購08,0,0,0,0,0,0,0,0,0,447000,0,0,0,727000,280000,447000,447000
048559,京元電元大93購03,0,0,0,0,0,0,0,0,0,447000,0,0,0,447000,0,447000,447000
2375,凱美            ,618000,210000,408000,0,0,0,0,0,0,39000,3000,0,3000,100000,64000,36000,447000
2498,宏達電          ,886879,420000,466879,0,0,0,0,0,0,-20000,43000,42000,1000,17000,38000,-21000,446879
055398,超眾統一97購03  ,0,0,0,0,0,0,0,0,0,444000,0,0,0,470000,26000,444000,444000
054983,國巨元富97購04  ,0,0,0,0,0,0,0,0,0,443000,0,0,0,991000,548000,443000,443000
03648C,T50反1元大96牛07,0,0,0,0,0,0,0,0,0,440000,0,0,0,460000,20000,440000,440000
047483,新光金凱基99購04,0,0,0,0,0,0,0,0,0,438000,0,0,0,540000,102000,438000,438000
055704,亞德客永豐97購04,0,0,0,0,0,0,0,0,0,437000,0,0,0,437000,0,437000,437000
050776,康控元大96購03  ,0,0,0,0,0,0,0,0,0,435000,0,0,0,499000,64000,435000,435000
056626,同欣電永豐98購01,0,0,0,0,0,0,0,0,0,435000,0,0,0,544000,109000,435000,435000
051891,智邦元富95購04  ,0,0,0,0,0,0,0,0,0,433000,0,0,0,457000,24000,433000,433000
056147,鴻海日盛97購05  ,0,0,0,0,0,0,0,0,0,429000,0,0,0,2277000,1848000,429000,429000
053083,中環元大99購01  ,0,0,0,0,0,0,0,0,0,428000,0,0,0,474000,46000,428000,428000
051231,健策群益97購01  ,0,0,0,0,0,0,0,0,0,427000,0,0,0,1105000,678000,427000,427000
2451,創見            ,605000,141118,463882,0,0,0,0,0,0,-37000,13000,0,13000,0,50000,-50000,426882
053357,可成統一96購02  ,0,0,0,0,0,0,0,0,0,426000,0,0,0,752000,326000,426000,426000
056209,超眾永豐97購02  ,0,0,0,0,0,0,0,0,0,425000,0,0,0,486000,61000,425000,425000
054545,奇力新中信98購01,0,0,0,0,0,0,0,0,0,425000,0,0,0,684000,259000,425000,425000
055870,智原台新97購01  ,0,0,0,0,0,0,0,0,0,424000,0,0,0,514000,90000,424000,424000
056052,T50反1元大97購06,0,0,0,0,0,0,0,0,0,423000,0,0,0,976000,553000,423000,423000
055256,日電貿統一99購01,0,0,0,0,0,0,0,0,0,423000,0,0,0,485000,62000,423000,423000
049059,超眾永豐94購01  ,0,0,0,0,0,0,0,0,0,423000,0,0,0,423000,0,423000,423000
056163,嘉聯益凱基98購03,0,0,0,0,0,0,0,0,0,422000,0,0,0,432000,10000,422000,422000
052675,新光金國泰98購01,0,0,0,0,0,0,0,0,0,422000,0,0,0,422000,0,422000,422000
051457,寶成元大95購01  ,0,0,0,0,0,0,0,0,0,418000,0,0,0,419000,1000,418000,418000
055742,健策元富97購02  ,0,0,0,0,0,0,0,0,0,415000,0,0,0,458000,43000,415000,415000
054606,台積電永豐97購02,0,0,0,0,0,0,0,0,0,415000,0,0,0,433000,18000,415000,415000
055207,致新中信99購01  ,0,0,0,0,0,0,0,0,0,412000,0,0,0,412000,0,412000,412000
047864,信邦康和93購01  ,0,0,0,0,0,0,0,0,0,412000,0,0,0,418000,6000,412000,412000
046800,儒鴻元大93購02  ,0,0,0,0,0,0,0,0,0,410000,0,0,0,410000,0,410000,410000
049550,柏文群益94購01  ,0,0,0,0,0,0,0,0,0,410000,0,0,0,410000,0,410000,410000
049795,華通元大96購02  ,0,0,0,0,0,0,0,0,0,409000,0,0,0,826000,417000,409000,409000
052914,奇力新元富96購01,0,0,0,0,0,0,0,0,0,409000,0,0,0,1351000,942000,409000,409000
056047,台積電兆豐97購02,0,0,0,0,0,0,0,0,0,406000,0,0,0,526000,120000,406000,406000
053349,台郡國票97購02  ,0,0,0,0,0,0,0,0,0,406000,0,0,0,408000,2000,406000,406000
053896,麗豐群益97購01  ,0,0,0,0,0,0,0,0,0,406000,0,0,0,471000,65000,406000,406000
056269,新日興統一98購01,0,0,0,0,0,0,0,0,0,403000,0,0,0,423000,20000,403000,403000
054380,世芯群益97購02  ,0,0,0,0,0,0,0,0,0,403000,0,0,0,427000,24000,403000,403000
053009,大成鋼統一96購02,0,0,0,0,0,0,0,0,0,402000,0,0,0,520000,118000,402000,402000
2377,微星            ,1973001,1605661,367340,0,0,0,53000,0,53000,-19000,74000,62000,12000,32000,63000,-31000,401340
049216,華邦電國票95購01,0,0,0,0,0,0,0,0,0,401000,0,0,0,401000,0,401000,401000
055629,華新科永豐97購04,0,0,0,0,0,0,0,0,0,400000,0,0,0,575000,175000,400000,400000
03148P,聯電群益03售04  ,0,0,0,0,0,0,0,0,0,400000,0,0,0,400000,0,400000,400000
052442,中環元大95購02  ,0,0,0,0,0,0,0,0,0,400000,0,0,0,400000,0,400000,400000
055569,聚陽統一98購01  ,0,0,0,0,0,0,0,0,0,399000,0,0,0,468000,69000,399000,399000
052135,聯發科凱基9B購01,0,0,0,0,0,0,0,0,0,399000,0,0,0,454000,55000,399000,399000
050462,寶成元大94購01  ,0,0,0,0,0,0,0,0,0,397000,0,0,0,418000,21000,397000,397000
051696,新日興中信96購01,0,0,0,0,0,0,0,0,0,397000,0,0,0,583000,186000,397000,397000
053444,奇力新凱基96購03,0,0,0,0,0,0,0,0,0,397000,0,0,0,550000,153000,397000,397000
056396,祥碩永豐98購01  ,0,0,0,0,0,0,0,0,0,396000,0,0,0,413000,17000,396000,396000
049452,新光金統一94購02,0,0,0,0,0,0,0,0,0,396000,0,0,0,426000,30000,396000,396000
052563,京元電日盛96購01,0,0,0,0,0,0,0,0,0,395000,0,0,0,395000,0,395000,395000
2027,大成鋼          ,796000,186000,610000,0,0,0,0,0,0,-215000,68000,14000,54000,35000,304000,-269000,395000
052550,鴻海國票97購02  ,0,0,0,0,0,0,0,0,0,394000,0,0,0,424000,30000,394000,394000
051654,致新永豐95購01  ,0,0,0,0,0,0,0,0,0,394000,0,0,0,397000,3000,394000,394000
053699,臺股指元大96購22,0,0,0,0,0,0,0,0,0,394000,0,0,0,474000,80000,394000,394000
2352,佳世達          ,821000,924000,-103000,0,0,0,435000,0,435000,62000,62000,0,62000,0,0,0,394000
056390,台積電富邦9B購01,0,0,0,0,0,0,0,0,0,392000,0,0,0,416000,24000,392000,392000
055555,全新凱基9A購01  ,0,0,0,0,0,0,0,0,0,392000,0,0,0,697000,305000,392000,392000
055662,上銀中信99購01  ,0,0,0,0,0,0,0,0,0,391000,0,0,0,463000,72000,391000,391000
055802,新日興永豐97購01,0,0,0,0,0,0,0,0,0,391000,0,0,0,714000,323000,391000,391000
056511,超眾永豐98購01  ,0,0,0,0,0,0,0,0,0,391000,0,0,0,441000,50000,391000,391000
055154,聯發科元大98購01,0,0,0,0,0,0,0,0,0,391000,0,0,0,510000,119000,391000,391000
056011,矽力中信99購01  ,0,0,0,0,0,0,0,0,0,390000,0,0,0,659000,269000,390000,390000
049004,聯發科中信96購01,0,0,0,0,0,0,0,0,0,389000,0,0,0,398000,9000,389000,389000
2355,敬鵬            ,732000,363000,369000,0,0,0,0,0,0,20000,13000,0,13000,7000,0,7000,389000
055688,力成凱基98購02  ,0,0,0,0,0,0,0,0,0,386000,0,0,0,525000,139000,386000,386000
04227P,滬深2X永豐94售04,0,0,0,0,0,0,0,0,0,385000,0,0,0,415000,30000,385000,385000
00671R,富邦NASDAQ反1   ,9000,0,9000,0,0,0,0,0,0,376000,0,0,0,448000,72000,376000,385000
048246,京元電兆豐93購02,0,0,0,0,0,0,0,0,0,385000,0,0,0,395000,10000,385000,385000
047586,聯發科永豐94購01,0,0,0,0,0,0,0,0,0,383000,0,0,0,585000,202000,383000,383000
049361,華通元大94購02  ,0,0,0,0,0,0,0,0,0,380000,0,0,0,435000,55000,380000,380000
04589P,祥碩永豐94售01  ,0,0,0,0,0,0,0,0,0,380000,0,0,0,380000,0,380000,380000
04198P,滬深2X群益95售04,0,0,0,0,0,0,0,0,0,380000,0,0,0,400000,20000,380000,380000
053971,聯發科元大97購09,0,0,0,0,0,0,0,0,0,380000,0,0,0,430000,50000,380000,380000
056700,華新科國泰99購03,0,0,0,0,0,0,0,0,0,380000,0,0,0,406000,26000,380000,380000
00635U,元大S&P黃金     ,4000,0,4000,0,0,0,0,0,0,375000,80000,0,80000,341000,46000,295000,379000
054012,廣達永豐96購01  ,0,0,0,0,0,0,0,0,0,379000,0,0,0,392000,13000,379000,379000
050767,京元電元大96購01,0,0,0,0,0,0,0,0,0,378000,0,0,0,597000,219000,378000,378000
053198,亞德客日盛96購01,0,0,0,0,0,0,0,0,0,378000,0,0,0,428000,50000,378000,378000
055906,大立光兆豐97購03,0,0,0,0,0,0,0,0,0,377000,0,0,0,400000,23000,377000,377000
054835,致新中信97購01  ,0,0,0,0,0,0,0,0,0,377000,0,0,0,377000,0,377000,377000
054295,世芯元大96購03  ,0,0,0,0,0,0,0,0,0,376000,0,0,0,618000,242000,376000,376000
048073,南電元富93購02  ,0,0,0,0,0,0,0,0,0,376000,0,0,0,645000,269000,376000,376000
052316,台積電元大96購10,0,0,0,0,0,0,0,0,0,376000,0,0,0,446000,70000,376000,376000
6257,矽格            ,802000,342000,460000,0,0,0,0,0,0,-84000,11000,133000,-122000,52000,14000,38000,376000
053073,技嘉康和96購01  ,0,0,0,0,0,0,0,0,0,375000,0,0,0,758000,383000,375000,375000
055455,健策國泰98購02  ,0,0,0,0,0,0,0,0,0,374000,0,0,0,503000,129000,374000,374000
06347P,祥碩元富97售02  ,0,0,0,0,0,0,0,0,0,374000,0,0,0,848000,474000,374000,374000
055300,緯穎元大98購01  ,0,0,0,0,0,0,0,0,0,373000,0,0,0,515000,142000,373000,373000
054121,奇鋐永豐96購02  ,0,0,0,0,0,0,0,0,0,373000,0,0,0,635000,262000,373000,373000
052195,健策元富95購01  ,0,0,0,0,0,0,0,0,0,373000,0,0,0,891000,518000,373000,373000
050351,華新科群益95購02,0,0,0,0,0,0,0,0,0,372000,0,0,0,437000,65000,372000,372000
054293,健策元大98購02  ,0,0,0,0,0,0,0,0,0,370000,0,0,0,1027000,657000,370000,370000
050576,南亞科國票95購01,0,0,0,0,0,0,0,0,0,369000,0,0,0,370000,1000,369000,369000
046116,京元電元大92購05,0,0,0,0,0,0,0,0,0,368000,0,0,0,398000,30000,368000,368000
049137,華通元大95購02  ,0,0,0,0,0,0,0,0,0,367000,0,0,0,430000,63000,367000,367000
051359,中信金元大95購01,0,0,0,0,0,0,0,0,0,367000,0,0,0,1041000,674000,367000,367000
051907,台積電元大97購05,0,0,0,0,0,0,0,0,0,365000,0,0,0,386000,21000,365000,365000
06198P,台積電元大98售06,0,0,0,0,0,0,0,0,0,365000,0,0,0,1030000,665000,365000,365000
045161,玉晶光國泰94購03,0,0,0,0,0,0,0,0,0,362000,0,0,0,362000,0,362000,362000
048576,義隆國泰95購01  ,0,0,0,0,0,0,0,0,0,362000,0,0,0,388000,26000,362000,362000
08484P,台灣50中信96售01,0,0,0,0,0,0,0,0,0,362000,0,0,0,400000,38000,362000,362000
054354,技嘉富邦97購01  ,0,0,0,0,0,0,0,0,0,361000,0,0,0,467000,106000,361000,361000
052013,台積電永豐95購04,0,0,0,0,0,0,0,0,0,361000,0,0,0,620000,259000,361000,361000
053946,全新富邦97購02  ,0,0,0,0,0,0,0,0,0,361000,0,0,0,864000,503000,361000,361000
056812,泰鼎統一98購01  ,0,0,0,0,0,0,0,0,0,361000,0,0,0,361000,0,361000,361000
3006,晶豪科          ,295000,123000,172000,0,0,0,0,0,0,189000,8000,2000,6000,200000,17000,183000,361000
046241,聯發科中信94購02,0,0,0,0,0,0,0,0,0,360000,0,0,0,370000,10000,360000,360000
053512,台積電群益96購06,0,0,0,0,0,0,0,0,0,359000,0,0,0,667000,308000,359000,359000
056265,國泰金統一97購01,0,0,0,0,0,0,0,0,0,358000,0,0,0,358000,0,358000,358000
052057,臺股指凱基95購15,0,0,0,0,0,0,0,0,0,358000,0,0,0,360000,2000,358000,358000
048259,新日興統一93購01,0,0,0,0,0,0,0,0,0,357000,0,0,0,360000,3000,357000,357000
052893,聯電群益98購01  ,0,0,0,0,0,0,0,0,0,357000,0,0,0,441000,84000,357000,357000
052425,華通台新95購02  ,0,0,0,0,0,0,0,0,0,355000,0,0,0,357000,2000,355000,355000
055282,聯發科元大97購15,0,0,0,0,0,0,0,0,0,354000,0,0,0,785000,431000,354000,354000
051340,健策永豐95購03  ,0,0,0,0,0,0,0,0,0,353000,0,0,0,536000,183000,353000,353000
054684,裕隆永豐97購01  ,0,0,0,0,0,0,0,0,0,352000,0,0,0,824000,472000,352000,352000
056370,台郡元大98購03  ,0,0,0,0,0,0,0,0,0,352000,0,0,0,417000,65000,352000,352000
047357,欣興麥證93購01  ,0,0,0,363000,11000,352000,0,0,0,352000,0,0,0,363000,11000,352000,352000
053587,京元電元大98購01,0,0,0,0,0,0,0,0,0,352000,0,0,0,574000,222000,352000,352000
055580,南茂統一97購01  ,0,0,0,0,0,0,0,0,0,351000,0,0,0,382000,31000,351000,351000
055125,智原兆豐97購01  ,0,0,0,0,0,0,0,0,0,351000,0,0,0,351000,0,351000,351000
056635,亞德客日盛99購01,0,0,0,0,0,0,0,0,0,351000,0,0,0,454000,103000,351000,351000
6669,緯穎            ,811226,337096,474130,0,0,0,0,132000,-132000,8000,27000,19000,8000,24000,24000,0,350130
053178,南亞科統一98購01,0,0,0,0,0,0,0,0,0,350000,0,0,0,454000,104000,350000,350000
052127,日月光國票96購01,0,0,0,0,0,0,0,0,0,350000,0,0,0,350000,0,350000,350000
054463,瑞昱凱基97購01  ,0,0,0,0,0,0,0,0,0,349000,0,0,0,354000,5000,349000,349000
053356,聯發科統一96購07,0,0,0,0,0,0,0,0,0,349000,0,0,0,537000,188000,349000,349000
1736,喬山            ,439000,150000,289000,0,0,0,0,0,0,58000,20000,0,20000,46000,8000,38000,347000
057092,健策元富98購01  ,0,0,0,0,0,0,0,0,0,345000,0,0,0,502000,157000,345000,345000
054281,世芯群益97購01  ,0,0,0,0,0,0,0,0,0,342000,0,0,0,399000,57000,342000,342000
045189,大立光元富98購01,0,0,0,0,0,0,0,0,0,342000,0,0,0,375000,33000,342000,342000
1513,中興電          ,644000,208000,436000,0,0,0,0,50000,-50000,-44000,0,44000,-44000,0,0,0,342000
055892,國巨統一99購01  ,0,0,0,0,0,0,0,0,0,341000,0,0,0,352000,11000,341000,341000
044531,欣興富邦93購01  ,0,0,0,0,0,0,0,0,0,341000,0,0,0,341000,0,341000,341000
04787P,台積電永昌96售04,0,0,0,0,0,0,0,0,0,339000,0,0,0,753000,414000,339000,339000
049420,日電貿凱基94購01,0,0,0,0,0,0,0,0,0,338000,0,0,0,338000,0,338000,338000
06152P,玉晶光元大98售06,0,0,0,0,0,0,0,0,0,338000,0,0,0,421000,83000,338000,338000
043748,漢唐元大93購01  ,0,0,0,0,0,0,0,0,0,337000,0,0,0,337000,0,337000,337000
049367,全新元大96購01  ,0,0,0,0,0,0,0,0,0,336000,0,0,0,497000,161000,336000,336000
048429,旺宏國票94購02  ,0,0,0,0,0,0,0,0,0,336000,0,0,0,616000,280000,336000,336000
053197,超眾元富96購02  ,0,0,0,0,0,0,0,0,0,336000,0,0,0,945000,609000,336000,336000
053570,京元電統一96購01,0,0,0,0,0,0,0,0,0,336000,0,0,0,384000,48000,336000,336000
056671,台灣50元富9A購01,0,0,0,0,0,0,0,0,0,336000,0,0,0,387000,51000,336000,336000
2481,強茂            ,460000,149000,311000,0,0,0,0,0,0,24000,0,0,0,29000,5000,24000,335000
054129,技嘉元大96購02  ,0,2000,-2000,0,0,0,0,0,0,336000,0,0,0,673000,337000,336000,334000
055973,亞德客統一97購01,0,0,0,0,0,0,0,0,0,333000,0,0,0,372000,39000,333000,333000
006207,FH滬深          ,5000,0,5000,0,0,0,0,0,0,328000,0,0,0,368000,40000,328000,333000
050543,聯發科凱基95購01,0,0,0,0,0,0,0,0,0,332000,0,0,0,378000,46000,332000,332000
056035,鴻海凱基97購06  ,0,0,0,0,0,0,0,0,0,331000,0,0,0,381000,50000,331000,331000
054695,世芯永豐98購01  ,0,0,0,0,0,0,0,0,0,331000,0,0,0,522000,191000,331000,331000
00783,富邦中証500     ,887000,0,887000,0,0,0,0,0,0,-556000,0,0,0,1356000,1912000,-556000,331000
051512,超眾麥證95購01  ,0,0,0,361000,30000,331000,0,0,0,331000,0,0,0,361000,30000,331000,331000
055567,訊芯凱基98購02  ,0,0,0,0,0,0,0,0,0,330000,0,0,0,330000,0,330000,330000
050902,南電元大96購01  ,0,0,0,0,0,0,0,0,0,330000,0,0,0,355000,25000,330000,330000
049924,欣興元大95購04  ,0,0,0,0,0,0,0,0,0,330000,0,0,0,340000,10000,330000,330000
052917,大立光富邦99購02,0,0,0,0,0,0,0,0,0,330000,0,0,0,422000,92000,330000,330000
051462,世芯國泰97購01  ,0,0,0,0,0,0,0,0,0,329000,0,0,0,428000,99000,329000,329000
00669R,國泰美國道瓊反1 ,0,0,0,0,0,0,0,0,0,328000,0,175000,-175000,750000,247000,503000,328000
052041,鴻海日盛95購02  ,0,0,0,0,0,0,0,0,0,328000,0,0,0,328000,0,328000,328000
045484,聯電亞東94購01  ,0,0,0,0,0,0,0,0,0,327000,0,0,0,327000,0,327000,327000
051821,京元電元富95購04,0,0,0,0,0,0,0,0,0,327000,0,0,0,330000,3000,327000,327000
049863,京元電兆豐94購01,0,0,0,0,0,0,0,0,0,326000,0,0,0,326000,0,326000,326000
051266,國巨富邦99購01  ,0,0,0,0,0,0,0,0,0,325000,0,0,0,511000,186000,325000,325000
052250,光磊永豐95購01  ,0,0,0,0,0,0,0,0,0,325000,0,0,0,335000,10000,325000,325000
05748P,臺股指群益99售02,0,0,0,0,0,0,0,0,0,325000,0,0,0,400000,75000,325000,325000
051297,台積電凱基95購07,0,0,0,0,0,0,0,0,0,324000,0,0,0,324000,0,324000,324000
047862,超眾台新93購01  ,0,0,0,0,0,0,0,0,0,323000,0,0,0,329000,6000,323000,323000
054473,鴻海中信96購02  ,0,0,0,0,0,0,0,0,0,322000,0,0,0,322000,0,322000,322000
055287,日電貿元大97購01,0,0,0,0,0,0,0,0,0,322000,0,0,0,526000,204000,322000,322000
055712,金寶元大97購02  ,0,0,0,0,0,0,0,0,0,320000,0,0,0,396000,76000,320000,320000
051136,可成永豐95購02  ,0,0,0,0,0,0,0,0,0,320000,0,0,0,320000,0,320000,320000
049331,元石油統一94購01,0,0,0,0,0,0,0,0,0,320000,0,0,0,320000,0,320000,320000
055676,亞德客凱基97購03,0,0,0,0,0,0,0,0,0,319000,0,0,0,449000,130000,319000,319000
054847,創意兆豐97購01  ,0,0,0,0,0,0,0,0,0,319000,0,0,0,369000,50000,319000,319000
042916,佐登元大94購01  ,0,0,0,0,0,0,0,0,0,319000,0,0,0,380000,61000,319000,319000
04015P,可成元大93售10  ,0,0,0,0,0,0,0,0,0,319000,0,0,0,845000,526000,319000,319000
06110P,國巨國泰98售02  ,0,0,0,0,0,0,0,0,0,319000,0,0,0,499000,180000,319000,319000
036804,國巨元富93購01  ,0,0,0,0,0,0,0,0,0,318000,0,0,0,333000,15000,318000,318000
054426,國泰金富邦97購02,0,0,0,0,0,0,0,0,0,316000,0,0,0,519000,203000,316000,316000
055605,緯穎元大97購02  ,0,0,0,0,0,0,0,0,0,316000,0,0,0,559000,243000,316000,316000
044188,超眾國泰93購01  ,0,0,0,0,0,0,0,0,0,316000,0,0,0,350000,34000,316000,316000
050756,京元電元富94購03,0,0,0,0,0,0,0,0,0,316000,0,0,0,316000,0,316000,316000
055551,致茂凱基98購01  ,0,0,0,0,0,0,0,0,0,315000,0,0,0,394000,79000,315000,315000
054770,健策國票98購01  ,0,0,0,0,0,0,0,0,0,315000,0,0,0,341000,26000,315000,315000
046931,聯詠統一93購01  ,0,0,0,0,0,0,0,0,0,315000,0,0,0,509000,194000,315000,315000
051551,新日興永豐95購01,0,0,0,0,0,0,0,0,0,315000,0,0,0,335000,20000,315000,315000
041042,美律群益92購01  ,0,0,0,0,0,0,0,0,0,314000,0,0,0,314000,0,314000,314000
055304,瑞昱第一98購01  ,0,0,0,0,0,0,0,0,0,313000,0,0,0,313000,0,313000,313000
045627,聯電凱基93購03  ,0,0,0,0,0,0,0,0,0,313000,0,0,0,346000,33000,313000,313000
049570,華新科統一94購04,0,0,0,0,0,0,0,0,0,313000,0,0,0,345000,32000,313000,313000
047536,正崴日盛93購01  ,0,0,0,0,0,0,0,0,0,313000,0,0,0,313000,0,313000,313000
055128,致新兆豐97購01  ,0,0,0,0,0,0,0,0,0,311000,0,0,0,341000,30000,311000,311000
053958,京元電永豐96購01,0,0,0,0,0,0,0,0,0,311000,0,0,0,311000,0,311000,311000
050431,聯發科凱基94購18,0,0,0,0,0,0,0,0,0,310000,0,0,0,326000,16000,310000,310000
054017,茂林永豐96購02  ,0,0,0,0,0,0,0,0,0,310000,0,0,0,350000,40000,310000,310000
06454P,緯穎元大98售04  ,0,0,0,0,0,0,0,0,0,310000,0,0,0,555000,245000,310000,310000
056819,奇力新永豐98購01,0,0,0,0,0,0,0,0,0,309000,0,0,0,470000,161000,309000,309000
051463,世芯國泰97購02  ,0,0,0,0,0,0,0,0,0,308000,0,0,0,407000,99000,308000,308000
052749,日月光元大96購02,0,0,0,0,0,0,0,0,0,308000,0,0,0,406000,98000,308000,308000
3090,日電貿          ,832000,285000,547000,0,0,0,0,0,0,-239000,5000,9000,-4000,35000,270000,-235000,308000
05060P,台達電富邦97售02,0,0,0,0,0,0,0,0,0,307000,0,0,0,329000,22000,307000,307000
2401,凌陽            ,452000,152000,300000,0,0,0,0,0,0,7000,17000,0,17000,0,10000,-10000,307000
054229,超眾元富96購05  ,0,0,0,0,0,0,0,0,0,306000,0,0,0,525000,219000,306000,306000
046369,同欣電日盛92購01,0,0,0,0,0,0,0,0,0,306000,0,0,0,400000,94000,306000,306000
00643,群益深証中小    ,719000,0,719000,0,0,0,0,0,0,-413000,0,0,0,278000,691000,-413000,306000
054055,全新國票99購02  ,0,0,0,0,0,0,0,0,0,306000,0,0,0,475000,169000,306000,306000
053268,日月光群益96購01,0,0,0,0,0,0,0,0,0,306000,0,0,0,458000,152000,306000,306000
053559,台積電國泰98購01,0,0,0,0,0,0,0,0,0,306000,0,0,0,309000,3000,306000,306000
06361P,聯發科群益97售06,0,0,0,0,0,0,0,0,0,306000,0,0,0,335000,29000,306000,306000
056345,嘉聯益凱基99購01,0,0,0,0,0,0,0,0,0,305000,0,0,0,315000,10000,305000,305000
050286,為升凱基94購05  ,0,0,0,0,0,0,0,0,0,305000,0,0,0,305000,0,305000,305000
050469,聯電台新94購01  ,0,0,0,0,0,0,0,0,0,305000,0,0,0,305000,0,305000,305000
4968,立積            ,606000,462000,144000,0,0,0,0,0,0,161000,123000,10000,113000,53000,5000,48000,305000
056385,創意國泰99購01  ,0,0,0,0,0,0,0,0,0,304000,0,0,0,362000,58000,304000,304000
054425,聯發科富邦99購03,0,0,0,0,0,0,0,0,0,303000,0,0,0,403000,100000,303000,303000
6226,光鼎            ,331000,28000,303000,0,0,0,0,0,0,0,0,0,0,0,0,0,303000
055187,彩晶統一98購01  ,0,0,0,0,0,0,0,0,0,302000,0,0,0,317000,15000,302000,302000
043040,永冠元富94購01  ,0,0,0,0,0,0,0,0,0,301000,0,0,0,301000,0,301000,301000
051657,台郡元富98購01  ,0,0,0,0,0,0,0,0,0,301000,0,0,0,398000,97000,301000,301000
5269,祥碩            ,626000,278000,348000,0,0,0,6000,61000,-55000,8000,33000,46000,-13000,23000,2000,21000,301000
055169,光罩統一99購01  ,0,0,0,0,0,0,0,0,0,300000,0,0,0,300000,0,300000,300000
056326,TPK兆豐98購01   ,0,0,0,0,0,0,0,0,0,300000,0,0,0,455000,155000,300000,300000
055543,為升凱基97購01  ,0,0,0,0,0,0,0,0,0,300000,0,0,0,300000,0,300000,300000
055627,亞德客永豐97購02,0,0,0,0,0,0,0,0,0,300000,0,0,0,368000,68000,300000,300000
042735,TPK兆豐92購01   ,0,0,0,0,0,0,0,0,0,300000,0,0,0,300000,0,300000,300000
049792,元油2X元大94購08,0,0,0,0,0,0,0,0,0,300000,0,0,0,300000,0,300000,300000
049315,上緯控凱基94購03,0,0,0,0,0,0,0,0,0,300000,0,0,0,300000,0,300000,300000
048234,美利達凱基93購03,0,0,0,0,0,0,0,0,0,300000,0,0,0,300000,0,300000,300000
048455,上緯控凱基94購01,0,0,0,0,0,0,0,0,0,300000,0,0,0,300000,0,300000,300000
048840,上海銀凱基94購02,0,0,0,0,0,0,0,0,0,300000,0,0,0,300000,0,300000,300000
051238,中環元大96購01  ,0,0,0,0,0,0,0,0,0,300000,0,0,0,300000,0,300000,300000
08703P,華碩凱基01售02  ,0,0,0,0,0,0,0,0,0,300000,0,0,0,300000,0,300000,300000
06039P,亞光台新96售03  ,0,0,0,0,0,0,0,0,0,300000,0,0,0,300000,0,300000,300000
054510,S&P反1元大98購01,0,0,0,0,0,0,0,0,0,299000,0,0,0,299000,0,299000,299000
047394,合勤控元大93購02,0,0,0,0,0,0,0,0,0,299000,0,0,0,299000,0,299000,299000
046676,羅麗芬元大93購01,0,0,0,0,0,0,0,0,0,299000,0,0,0,299000,0,299000,299000
050599,美食麥證94購01  ,0,0,0,299000,0,299000,0,0,0,299000,0,0,0,299000,0,299000,299000
049053,可成永豐94購01  ,0,0,0,0,0,0,0,0,0,299000,0,0,0,315000,16000,299000,299000
050548,華固凱基95購01  ,0,0,0,0,0,0,0,0,0,299000,0,0,0,299000,0,299000,299000
4414,如興            ,401000,102000,299000,0,0,0,0,0,0,0,0,0,0,0,0,0,299000
048556,技嘉元大93購03  ,0,0,0,0,0,0,0,0,0,297000,0,0,0,338000,41000,297000,297000
050983,新光金國泰97購01,0,0,0,0,0,0,0,0,0,297000,0,0,0,333000,36000,297000,297000
051915,日月光元大96購01,0,0,0,0,0,0,0,0,0,297000,0,0,0,436000,139000,297000,297000
053182,大立光元富96購02,0,0,0,0,0,0,0,0,0,296000,0,0,0,296000,0,296000,296000
056051,T50反1元大97購05,0,0,0,0,0,0,0,0,0,295000,0,0,0,505000,210000,295000,295000
051369,新光金富邦9A購01,0,0,0,0,0,0,0,0,0,295000,0,0,0,295000,0,295000,295000
050468,矽格中信94購01  ,0,0,0,0,0,0,0,0,0,295000,0,0,0,295000,0,295000,295000
045795,瀚宇博兆豐94購01,0,0,0,0,0,0,0,0,0,294000,0,0,0,294000,0,294000,294000
8271,宇瞻            ,415000,86000,329000,0,0,0,0,0,0,-35000,0,35000,-35000,0,0,0,294000
045870,元油2X元富96購02,0,0,0,0,0,0,0,0,0,292000,0,0,0,504000,212000,292000,292000
053415,聯茂國票97購01  ,0,0,0,0,0,0,0,0,0,292000,0,0,0,400000,108000,292000,292000
056720,世紀鋼永豐98購01,0,0,0,0,0,0,0,0,0,292000,0,0,0,298000,6000,292000,292000
049136,華通元大95購01  ,0,0,0,0,0,0,0,0,0,291000,0,0,0,579000,288000,291000,291000
053532,台積電永豐96購03,0,0,0,0,0,0,0,0,0,291000,0,0,0,392000,101000,291000,291000
3653,健策            ,523000,591000,-68000,0,0,0,504000,0,504000,-145000,59000,71000,-12000,187000,320000,-133000,291000
055652,聯詠元富01購01  ,0,0,0,0,0,0,0,0,0,290000,0,0,0,290000,0,290000,290000
045371,元石油元大95購01,0,0,0,0,0,0,0,0,0,290000,0,0,0,290000,0,290000,290000
053761,健策國泰98購01  ,0,0,0,0,0,0,0,0,0,290000,0,0,0,1113000,823000,290000,290000
052066,華邦電兆豐96購01,0,0,0,0,0,0,0,0,0,290000,0,0,0,340000,50000,290000,290000
052077,可成元富98購02  ,0,0,0,0,0,0,0,0,0,290000,0,0,0,300000,10000,290000,290000
051550,日電貿永豐95購01,0,0,0,0,0,0,0,0,0,290000,0,0,0,335000,45000,290000,290000
052335,新光金日盛95購02,0,0,0,0,0,0,0,0,0,289000,0,0,0,329000,40000,289000,289000
05375P,健策國票96售02  ,0,0,0,0,0,0,0,0,0,288000,0,0,0,438000,150000,288000,288000
055840,南亞科元大97購03,0,0,0,0,0,0,0,0,0,286000,0,0,0,315000,29000,286000,286000
054961,玉晶光元大99購01,0,0,0,0,0,0,0,0,0,286000,0,0,0,431000,145000,286000,286000
00766L,台新MSCI中國正2 ,0,0,0,0,0,0,0,0,0,285000,0,0,0,316000,31000,285000,285000
047759,復盛元富93購01  ,0,0,0,0,0,0,0,0,0,284000,0,0,0,404000,120000,284000,284000
3380,明泰            ,628000,455000,173000,0,0,0,0,0,0,111000,15000,115000,-100000,211000,0,211000,284000
054020,技嘉台新97購01  ,0,0,0,0,0,0,0,0,0,283000,0,0,0,321000,38000,283000,283000
056660,臺股指元大9A購07,0,0,0,0,0,0,0,0,0,283000,0,0,0,297000,14000,283000,283000
06382P,大毅元富97售02  ,0,0,0,0,0,0,0,0,0,283000,0,0,0,364000,81000,283000,283000
056458,日月光凱基98購02,0,0,0,0,0,0,0,0,0,282000,0,0,0,312000,30000,282000,282000
046443,超眾兆豐93購01  ,0,0,0,0,0,0,0,0,0,282000,0,0,0,282000,0,282000,282000
051600,新日興兆豐96購02,0,0,0,0,0,0,0,0,0,282000,0,0,0,397000,115000,282000,282000
2605,新興            ,300000,143000,157000,0,0,0,0,0,0,125000,125000,0,125000,0,0,0,282000
051429,智邦元富95購01  ,0,0,0,0,0,0,0,0,0,281000,0,0,0,631000,350000,281000,281000
048898,晶相光國泰96購01,0,0,0,0,0,0,0,0,0,281000,0,0,0,484000,203000,281000,281000
048314,京元電凱基93購04,0,0,0,0,0,0,0,0,0,281000,0,0,0,281000,0,281000,281000
049364,燿華元大94購02  ,0,0,0,0,0,0,0,0,0,280000,0,0,0,430000,150000,280000,280000
045732,儒鴻國票93購01  ,0,0,0,0,0,0,0,0,0,280000,0,0,0,285000,5000,280000,280000
053059,聯發科永昌99購01,0,0,0,0,0,0,0,0,0,280000,0,0,0,333000,53000,280000,280000
06081P,深中小元大97售02,0,0,0,0,0,0,0,0,0,280000,0,0,0,280000,0,280000,280000
055806,致新永豐97購02  ,0,0,0,0,0,0,0,0,0,279000,0,0,0,347000,68000,279000,279000
047882,超眾國泰94購01  ,0,0,0,0,0,0,0,0,0,279000,0,0,0,755000,476000,279000,279000
045073,可成元大93購01  ,0,0,0,0,0,0,0,0,0,279000,0,0,0,300000,21000,279000,279000
050719,世紀鋼群益96購01,0,0,0,0,0,0,0,0,0,279000,0,0,0,282000,3000,279000,279000
052535,日月光國泰96購01,0,0,0,0,0,0,0,0,0,279000,0,0,0,340000,61000,279000,279000
4943,康控-KY         ,421000,321000,100000,0,0,0,0,0,0,179000,116000,0,116000,92000,29000,63000,279000
4967,十銓            ,228000,200000,28000,0,0,0,200000,0,200000,51000,56000,5000,51000,0,0,0,279000
046727,新光金元大93購03,0,0,0,0,0,0,0,0,0,278000,0,0,0,311000,33000,278000,278000
051888,國巨元富95購05  ,0,0,0,0,0,0,0,0,0,277000,0,0,0,969000,692000,277000,277000
053377,台積電元大98購01,0,0,0,0,0,0,0,0,0,277000,0,0,0,312000,35000,277000,277000
048609,京元電凱基93購07,0,0,0,0,0,0,0,0,0,276000,0,0,0,276000,0,276000,276000
8996,高力            ,690000,435000,255000,0,0,0,0,0,0,21000,21000,0,21000,0,0,0,276000
051112,台郡統一95購01  ,0,0,0,0,0,0,0,0,0,274000,0,0,0,310000,36000,274000,274000
054848,群創兆豐98購01  ,0,0,0,0,0,0,0,0,0,273000,0,0,0,285000,12000,273000,273000
2419,仲琦            ,351000,85660,265340,0,0,0,0,0,0,7000,7000,0,7000,0,0,0,272340
04373P,滬深2X元大97售01,0,0,0,0,0,0,0,0,0,272000,0,0,0,1093000,821000,272000,272000
053097,超眾統一96購03  ,0,0,0,0,0,0,0,0,0,272000,0,0,0,420000,148000,272000,272000
052827,昇陽半永豐97購01,0,0,0,0,0,0,0,0,0,272000,0,0,0,296000,24000,272000,272000
045231,南電元大94購01  ,0,0,0,0,0,0,0,0,0,271000,0,0,0,283000,12000,271000,271000
053997,健策群益97購02  ,0,0,0,0,0,0,0,0,0,271000,0,0,0,618000,347000,271000,271000
047604,智原國泰95購01  ,0,0,0,0,0,0,0,0,0,270000,0,0,0,650000,380000,270000,270000
06090P,旺宏統一97售06  ,0,0,0,0,0,0,0,0,0,270000,0,0,0,290000,20000,270000,270000
054130,漢唐元大97購02  ,0,0,0,0,0,0,0,0,0,269000,0,0,0,279000,10000,269000,269000
052144,鴻海群益95購10  ,0,0,0,0,0,0,0,0,0,269000,0,0,0,269000,0,269000,269000
049243,佳世達元富96購02,0,0,0,0,0,0,0,0,0,268000,0,0,0,268000,0,268000,268000
052152,創意富邦98購01  ,0,0,0,0,0,0,0,0,0,267000,0,0,0,500000,233000,267000,267000
053583,漢唐元大96購03  ,0,0,0,0,0,0,0,0,0,267000,0,0,0,267000,0,267000,267000
055624,聯發科富邦99購07,0,0,0,0,0,0,0,0,0,266000,0,0,0,454000,188000,266000,266000
056096,超眾元富9A購01  ,0,0,0,0,0,0,0,0,0,265000,0,0,0,490000,225000,265000,265000
055025,華新科國泰98購02,0,0,0,0,0,0,0,0,0,265000,0,0,0,337000,72000,265000,265000
050623,致新元大94購05  ,0,0,0,0,0,0,0,0,0,265000,0,0,0,265000,0,265000,265000
050968,超眾永豐95購01  ,0,0,0,0,0,0,0,0,0,265000,0,0,0,397000,132000,265000,265000
052008,創意第一95購01  ,0,0,0,0,0,0,0,0,0,265000,0,0,0,295000,30000,265000,265000
051545,裕隆康和95購01  ,0,0,0,0,0,0,0,0,0,265000,0,0,0,407000,142000,265000,265000
056744,麗豐凱基9A購01  ,0,0,0,0,0,0,0,0,0,265000,0,0,0,265000,0,265000,265000
051277,聯發科中信9A購01,0,0,0,0,0,0,0,0,0,264000,0,0,0,1079000,815000,264000,264000
052399,台光電凱基95購03,0,0,0,0,0,0,0,0,0,264000,0,0,0,282000,18000,264000,264000
053380,南亞科元大97購01,0,0,0,0,0,0,0,0,0,264000,0,0,0,332000,68000,264000,264000
055076,福懋科永豐97購01,0,0,0,0,0,0,0,0,0,263000,0,0,0,315000,52000,263000,263000
054700,致新永豐97購01  ,0,0,0,0,0,0,0,0,0,263000,0,0,0,350000,87000,263000,263000
054346,世芯國票97購01  ,0,0,0,0,0,0,0,0,0,263000,0,0,0,263000,0,263000,263000
056236,台積電群益97購06,0,0,0,0,0,0,0,0,0,263000,0,0,0,1213000,950000,263000,263000
048027,京元電凱基93購03,0,0,0,0,0,0,0,0,0,263000,0,0,0,263000,0,263000,263000
041978,貿聯中信93購01  ,0,0,0,0,0,0,0,0,0,263000,0,0,0,263000,0,263000,263000
048143,聯發科統一94購03,0,0,0,0,0,0,0,0,0,263000,0,0,0,596000,333000,263000,263000
048272,新光金富邦98購01,0,0,0,0,0,0,0,0,0,263000,0,0,0,300000,37000,263000,263000
055448,健策統一97購02  ,0,0,0,0,0,0,0,0,0,262000,0,0,0,302000,40000,262000,262000
056043,力成凱基97購01  ,0,0,0,0,0,0,0,0,0,262000,0,0,0,293000,31000,262000,262000
047212,宏達電富邦97購01,0,0,0,0,0,0,0,0,0,262000,0,0,0,272000,10000,262000,262000
2618,長榮航          ,5311000,4712622,598378,0,0,0,22000,0,22000,-359000,160000,519000,-359000,0,0,0,261378
054900,金寶康和97購01  ,0,0,0,0,0,0,0,0,0,261000,0,0,0,465000,204000,261000,261000
03418B,臺股指元大95熊20,0,0,0,0,0,0,0,0,0,261000,0,0,0,386000,125000,261000,261000
050521,聯發科元大94購15,0,0,0,0,0,0,0,0,0,261000,0,0,0,335000,74000,261000,261000
054334,超眾永豐96購04  ,0,0,0,0,0,0,0,0,0,260000,0,0,0,362000,102000,260000,260000
054296,世芯元大97購01  ,0,0,0,0,0,0,0,0,0,260000,0,0,0,303000,43000,260000,260000
03875P,滬深2X國票05售01,0,0,0,0,0,0,0,0,0,260000,0,0,0,260000,0,260000,260000
044060,美律元大92購05  ,0,0,0,0,0,0,0,0,0,260000,0,0,0,260000,0,260000,260000
051047,深中小群益99購01,0,0,0,0,0,0,0,0,0,260000,0,0,0,440000,180000,260000,260000
053258,上証2X群益9A購03,0,0,0,0,0,0,0,0,0,260000,0,0,0,260000,0,260000,260000
055106,台積電凱基98購05,0,0,0,0,0,0,0,0,0,259000,0,0,0,261000,2000,259000,259000
045741,嘉晶群益92購01  ,0,0,0,0,0,0,0,0,0,259000,0,0,0,259000,0,259000,259000
2340,光磊            ,391950,288000,103950,0,0,0,0,0,0,155000,6000,0,6000,502000,353000,149000,258950
047196,上銀統一97購01  ,0,0,0,0,0,0,0,0,0,258000,0,0,0,561000,303000,258000,258000
050433,華新科凱基94購11,0,0,0,0,0,0,0,0,0,258000,0,0,0,265000,7000,258000,258000
05225P,鴻海統一95售09  ,0,0,0,0,0,0,0,0,0,258000,0,0,0,300000,42000,258000,258000
055694,光罩國票98購01  ,0,0,0,0,0,0,0,0,0,257000,0,0,0,376000,119000,257000,257000
050647,聯發科凱基96購01,0,0,0,0,0,0,0,0,0,257000,0,0,0,267000,10000,257000,257000
051560,玉晶光國泰97購03,0,0,0,0,0,0,0,0,0,257000,0,0,0,508000,251000,257000,257000
055518,華新科中信99購01,0,0,0,0,0,0,0,0,0,255000,0,0,0,593000,338000,255000,255000
054408,義隆國票98購01  ,0,0,0,0,0,0,0,0,0,255000,0,0,0,338000,83000,255000,255000
055413,全新富邦98購01  ,0,0,0,0,0,0,0,0,0,254000,0,0,0,706000,452000,254000,254000
044407,聯茂凱基93購01  ,0,0,0,0,0,0,0,0,0,254000,0,0,0,254000,0,254000,254000
048142,聯電統一93購01  ,0,0,0,0,0,0,0,0,0,254000,0,0,0,254000,0,254000,254000
051487,健策凱基96購03  ,0,0,0,0,0,0,0,0,0,254000,0,0,0,284000,30000,254000,254000
048662,京元電統一93購04,0,0,0,0,0,0,0,0,0,254000,0,0,0,304000,50000,254000,254000
047450,南茂元大93購05  ,0,0,0,0,0,0,0,0,0,253000,0,0,0,347000,94000,253000,253000
052448,新光金元大96購03,0,0,0,0,0,0,0,0,0,251000,0,0,0,251000,0,251000,251000
053979,健策元大98購01  ,0,0,0,0,0,0,0,0,0,251000,0,0,0,857000,606000,251000,251000
056762,亞德客元大98購01,0,0,0,0,0,0,0,0,0,251000,0,0,0,408000,157000,251000,251000
046221,台化元大92購02  ,0,0,0,0,0,0,0,0,0,250000,0,0,0,250000,0,250000,250000
045000,鴻海富邦93購01  ,0,0,0,0,0,0,0,0,0,250000,0,0,0,250000,0,250000,250000
03568P,臺股指凱基04售08,0,0,0,0,0,0,0,0,0,250000,0,0,0,250000,0,250000,250000
050199,南電元大94購09  ,0,0,0,0,0,0,0,0,0,250000,0,0,0,256000,6000,250000,250000
05308P,台積電中信95售08,0,0,0,0,0,0,0,0,0,250000,0,0,0,250000,0,250000,250000
056189,樺漢統一97購02  ,0,0,0,0,0,0,0,0,0,249000,0,0,0,306000,57000,249000,249000
047663,亞德客永豐93購03,0,0,0,0,0,0,0,0,0,249000,0,0,0,306000,57000,249000,249000
048000,義隆元大93購03  ,0,0,0,0,0,0,0,0,0,249000,0,0,0,425000,176000,249000,249000
053941,國巨國泰96購05  ,0,0,0,0,0,0,0,0,0,248000,0,0,0,270000,22000,248000,248000
056541,智原凱基98購03  ,0,0,0,0,0,0,0,0,0,247000,0,0,0,297000,50000,247000,247000
055671,世紀鋼群益97購01,0,0,0,0,0,0,0,0,0,247000,0,0,0,263000,16000,247000,247000
049022,聯詠群益94購01  ,0,0,0,0,0,0,0,0,0,247000,0,0,0,330000,83000,247000,247000
049438,嘉晶國泰96購01  ,0,0,0,0,0,0,0,0,0,247000,0,0,0,430000,183000,247000,247000
050708,臺股指凱基96購06,0,0,0,0,0,0,0,0,0,247000,0,0,0,305000,58000,247000,247000
054166,日電貿凱基98購01,0,0,0,0,0,0,0,0,0,247000,0,0,0,257000,10000,247000,247000
052937,國巨兆豐97購01  ,0,0,0,0,0,0,0,0,0,247000,0,0,0,573000,326000,247000,247000
056818,正崴永豐98購01  ,0,0,0,0,0,0,0,0,0,247000,0,0,0,250000,3000,247000,247000
050142,聯發科元富9A購01,0,0,0,0,0,0,0,0,0,246000,0,0,0,344000,98000,246000,246000
055181,日電貿統一97購01,0,0,0,0,0,0,0,0,0,245000,0,0,0,245000,0,245000,245000
055196,致新元富97購01  ,0,0,0,0,0,0,0,0,0,245000,0,0,0,265000,20000,245000,245000
051056,華新科群益95購03,0,0,0,0,0,0,0,0,0,245000,0,0,0,245000,0,245000,245000
051946,健策統一98購01  ,0,0,0,0,0,0,0,0,0,245000,0,0,0,749000,504000,245000,245000
6155,鈞寶            ,315000,64000,251000,0,0,0,0,0,0,-6000,0,6000,-6000,0,0,0,245000
055868,臺股指元大97購07,0,0,0,0,0,0,0,0,0,244000,0,0,0,250000,6000,244000,244000
049028,麗豐群益94購01  ,0,0,0,0,0,0,0,0,0,244000,0,0,0,247000,3000,244000,244000
3704,合勤控          ,612000,381000,231000,0,0,0,0,0,0,13000,0,0,0,13000,0,13000,244000
054971,帆宣元大97購02  ,0,0,0,0,0,0,0,0,0,243000,0,0,0,362000,119000,243000,243000
054632,緯穎凱基9A購01  ,0,0,0,0,0,0,0,0,0,243000,0,0,0,243000,0,243000,243000
048178,上銀富邦95購02  ,0,0,0,0,0,0,0,0,0,243000,0,0,0,656000,413000,243000,243000
2905,三商            ,276000,55000,221000,0,0,0,0,0,0,22000,28000,6000,22000,0,0,0,243000
06286P,世芯國票97售02  ,0,0,0,0,0,0,0,0,0,243000,0,0,0,434000,191000,243000,243000
050759,貿聯元富94購02  ,0,0,0,0,0,0,0,0,0,241000,0,0,0,425000,184000,241000,241000
053318,全新群益99購01  ,0,0,0,0,0,0,0,0,0,241000,0,0,0,383000,142000,241000,241000
056505,聯發科永豐98購01,0,0,0,0,0,0,0,0,0,240000,0,0,0,3131000,2891000,240000,240000
03882P,鴻海元大93售10  ,0,0,0,0,0,0,0,0,0,240000,0,0,0,1741000,1501000,240000,240000
050383,超眾兆豐95購01  ,0,0,0,0,0,0,0,0,0,240000,0,0,0,350000,110000,240000,240000
053119,日月光中信97購01,0,0,0,0,0,0,0,0,0,240000,0,0,0,340000,100000,240000,240000
9933,中鼎            ,1012000,802000,210000,0,0,0,0,0,0,30000,30000,0,30000,0,0,0,240000
056104,義隆永豐97購01  ,0,0,0,0,0,0,0,0,0,239000,0,0,0,239000,0,239000,239000
053368,京元電富邦98購01,0,0,0,0,0,0,0,0,0,239000,0,0,0,239000,0,239000,239000
049957,智邦統一94購01  ,0,0,0,0,0,0,0,0,0,238000,0,0,0,250000,12000,238000,238000
052193,國巨元富95購06  ,0,0,0,0,0,0,0,0,0,238000,0,0,0,359000,121000,238000,238000
052339,光寶科凱基95購01,0,0,0,0,0,0,0,0,0,238000,0,0,0,422000,184000,238000,238000
055334,禾伸堂兆豐97購01,0,0,0,0,0,0,0,0,0,237000,0,0,0,287000,50000,237000,237000
051804,新光金日盛95購01,0,0,0,0,0,0,0,0,0,237000,0,0,0,277000,40000,237000,237000
055075,南電永豐97購01  ,0,0,0,0,0,0,0,0,0,236000,0,0,0,256000,20000,236000,236000
054793,牧德群益9A購01  ,0,0,0,0,0,0,0,0,0,236000,0,0,0,261000,25000,236000,236000
054339,聯詠統一96購02  ,0,0,0,0,0,0,0,0,0,236000,0,0,0,274000,38000,236000,236000
050633,義隆群益96購02  ,0,0,0,0,0,0,0,0,0,236000,0,0,0,302000,66000,236000,236000
052483,超眾群益95購03  ,0,0,0,0,0,0,0,0,0,236000,0,0,0,355000,119000,236000,236000
06131P,京鼎元富97售02  ,0,0,0,0,0,0,0,0,0,236000,0,0,0,242000,6000,236000,236000
054711,禾伸堂元富97購01,0,0,0,0,0,0,0,0,0,235000,0,0,0,454000,219000,235000,235000
05612P,台積電元大96售13,0,0,0,0,0,0,0,0,0,235000,0,0,0,600000,365000,235000,235000
055901,超眾中信97購01  ,0,0,0,0,0,0,0,0,0,235000,0,0,0,237000,2000,235000,235000
046531,臻鼎兆豐92購02  ,0,0,0,0,0,0,0,0,0,235000,0,0,0,245000,10000,235000,235000
052414,聯電麥證95購01  ,0,0,0,259000,24000,235000,0,0,0,235000,0,0,0,259000,24000,235000,235000
055588,瑞昱元大97購03  ,0,0,0,0,0,0,0,0,0,233000,0,0,0,330000,97000,233000,233000
048192,華通元大96購01  ,0,0,0,0,0,0,0,0,0,233000,0,0,0,448000,215000,233000,233000
052923,台積電永豐96購02,0,0,0,0,0,0,0,0,0,233000,0,0,0,290000,57000,233000,233000
053013,台積電統一97購01,0,0,0,0,0,0,0,0,0,233000,0,0,0,238000,5000,233000,233000
053996,晶相光群益97購01,0,0,0,0,0,0,0,0,0,233000,0,0,0,456000,223000,233000,233000
055949,亞德客元大97購04,0,0,0,0,0,0,0,0,0,232000,0,0,0,392000,160000,232000,232000
047557,麗豐凱基94購02  ,0,0,0,0,0,0,0,0,0,232000,0,0,0,333000,101000,232000,232000
04191P,儒鴻永豐93售02  ,0,0,0,0,0,0,0,0,0,232000,0,0,0,235000,3000,232000,232000
056214,義隆國票99購01  ,0,0,0,0,0,0,0,0,0,231000,0,0,0,239000,8000,231000,231000
054617,超眾永豐97購01  ,0,0,0,0,0,0,0,0,0,231000,0,0,0,321000,90000,231000,231000
054590,嘉聯益國泰98購01,0,0,0,0,0,0,0,0,0,231000,0,0,0,333000,102000,231000,231000
049545,台積電群益94購09,0,0,0,0,0,0,0,0,0,231000,0,0,0,355000,124000,231000,231000
049448,光磊統一94購01  ,0,0,0,0,0,0,0,0,0,231000,0,0,0,233000,2000,231000,231000
06245P,健策元富97售03  ,0,0,0,0,0,0,0,0,0,231000,0,0,0,400000,169000,231000,231000
054573,漢唐元大98購01  ,0,0,0,0,0,0,0,0,0,230000,0,0,0,280000,50000,230000,230000
055301,台虹元大97購01  ,0,0,0,0,0,0,0,0,0,230000,0,0,0,278000,48000,230000,230000
050517,台積電元大94購27,0,0,0,0,0,0,0,0,0,230000,0,0,0,272000,42000,230000,230000
05063P,聯電元大96售03  ,0,0,0,0,0,0,0,0,0,230000,0,0,0,235000,5000,230000,230000
049219,聯發科國票95購01,0,0,0,0,0,0,0,0,0,230000,0,0,0,343000,113000,230000,230000
053098,國巨元富96購04  ,0,0,0,0,0,0,0,0,0,230000,0,0,0,367000,137000,230000,230000
051748,超眾國泰96購01  ,0,0,0,0,0,0,0,0,0,230000,0,0,0,354000,124000,230000,230000
056643,奇力新凱基99購01,0,0,0,0,0,0,0,0,0,230000,0,0,0,291000,61000,230000,230000
048402,聯茂兆豐95購01  ,0,0,0,0,0,0,0,0,0,229000,0,0,0,250000,21000,229000,229000
053383,京元電元大97購01,0,0,0,0,0,0,0,0,0,229000,0,0,0,422000,193000,229000,229000
055491,奇力新元大98購03,0,0,0,0,0,0,0,0,0,228000,0,0,0,248000,20000,228000,228000
046134,致新國泰93購02  ,0,0,0,0,0,0,0,0,0,228000,0,0,0,228000,0,228000,228000
053149,京元電元大96購02,0,0,0,0,0,0,0,0,0,227000,0,0,0,285000,58000,227000,227000
044639,京元電元富94購01,0,0,0,0,0,0,0,0,0,226000,0,0,0,456000,230000,226000,226000
053542,超眾永豐96購01  ,0,0,0,0,0,0,0,0,0,226000,0,0,0,297000,71000,226000,226000
051853,京元電亞東95購01,0,0,0,0,0,0,0,0,0,226000,0,0,0,226000,0,226000,226000
052227,瑞昱凱基95購05  ,0,0,0,0,0,0,0,0,0,226000,0,0,0,248000,22000,226000,226000
052530,台郡元大96購04  ,0,0,0,0,0,0,0,0,0,226000,0,0,0,317000,91000,226000,226000
055885,大成鋼統一97購02,0,0,0,0,0,0,0,0,0,225000,0,0,0,235000,10000,225000,225000
055325,佐登國票98購01  ,0,0,0,0,0,0,0,0,0,225000,0,0,0,320000,95000,225000,225000
054439,健策台新96購03  ,0,0,0,0,0,0,0,0,0,225000,0,0,0,272000,47000,225000,225000
045172,欣興兆豐94購01  ,0,0,0,0,0,0,0,0,0,225000,0,0,0,225000,0,225000,225000
046921,日電貿永豐93購01,0,0,0,0,0,0,0,0,0,224000,0,0,0,244000,20000,224000,224000
050238,瑞昱凱基94購05  ,0,0,0,0,0,0,0,0,0,224000,0,0,0,251000,27000,224000,224000
055926,國巨群益98購06  ,0,0,0,0,0,0,0,0,0,223000,0,0,0,383000,160000,223000,223000
03050X,元展47          ,0,0,0,0,0,0,0,0,0,223000,0,0,0,250000,27000,223000,223000
050430,京元電凱基94購03,0,0,0,0,0,0,0,0,0,223000,0,0,0,223000,0,223000,223000
052291,鴻海元富97購02  ,0,0,0,0,0,0,0,0,0,223000,0,0,0,235000,12000,223000,223000
052744,聯詠元大97購01  ,0,0,0,0,0,0,0,0,0,223000,0,0,0,552000,329000,223000,223000
054578,世芯元大99購01  ,0,0,0,0,0,0,0,0,0,222000,0,0,0,301000,79000,222000,222000
00641R,富邦日本反1     ,90000,0,90000,0,0,0,0,0,0,132000,0,0,0,232000,100000,132000,222000
050231,聯發科麥證94購03,0,0,0,232000,10000,222000,0,0,0,222000,0,0,0,232000,10000,222000,222000
4564,元翎            ,319000,97000,222000,0,0,0,0,0,0,0,0,0,0,0,0,0,222000
2428,興勤            ,292000,91000,201000,0,0,0,0,0,0,21000,3000,0,3000,18000,0,18000,222000
050230,聯發科麥證94購02,0,0,0,271000,50000,221000,0,0,0,221000,0,0,0,271000,50000,221000,221000
051705,富邦金群益97購01,0,0,0,0,0,0,0,0,0,221000,0,0,0,237000,16000,221000,221000
055653,聯詠元富01購02  ,0,0,0,0,0,0,0,0,0,220000,0,0,0,250000,30000,220000,220000
052466,聯詠統一95購03  ,0,0,0,0,0,0,0,0,0,220000,0,0,0,220000,0,220000,220000
053180,同欣電統一96購01,0,0,0,0,0,0,0,0,0,220000,0,0,0,220000,0,220000,220000
056449,義隆凱基98購03  ,0,0,0,0,0,0,0,0,0,219000,0,0,0,326000,107000,219000,219000
054672,華新科國泰99購01,0,0,0,0,0,0,0,0,0,219000,0,0,0,292000,73000,219000,219000
048743,美利達統一94購01,0,0,0,0,0,0,0,0,0,219000,0,0,0,219000,0,219000,219000
053820,大立光群益96購05,0,0,0,0,0,0,0,0,0,219000,0,0,0,359000,140000,219000,219000
044717,旺宏統一94購01  ,0,0,0,0,0,0,0,0,0,218000,0,0,0,228000,10000,218000,218000
046630,京元電元富95購03,0,0,0,0,0,0,0,0,0,218000,0,0,0,228000,10000,218000,218000
047416,台泥富邦94購01  ,0,0,0,0,0,0,0,0,0,218000,0,0,0,218000,0,218000,218000
054103,T50反1凱基99購04,0,0,0,0,0,0,0,0,0,218000,0,0,0,218000,0,218000,218000
051567,台積電富邦95購06,0,0,0,0,0,0,0,0,0,218000,0,0,0,269000,51000,218000,218000
054297,台郡元大98購01  ,0,0,0,0,0,0,0,0,0,217000,0,0,0,270000,53000,217000,217000
056176,創意元富97購01  ,0,0,0,0,0,0,0,0,0,217000,0,0,0,356000,139000,217000,217000
055450,台積電元富97購01,0,0,0,0,0,0,0,0,0,217000,0,0,0,782000,565000,217000,217000
044605,超眾國泰93購02  ,0,0,0,0,0,0,0,0,0,217000,0,0,0,282000,65000,217000,217000
051677,達方元大95購01  ,0,0,0,0,0,0,0,0,0,217000,0,0,0,317000,100000,217000,217000
055193,世芯元富97購02  ,0,0,0,0,0,0,0,0,0,216000,0,0,0,594000,378000,216000,216000
055003,群創元富99購05  ,0,0,0,0,0,0,0,0,0,216000,0,0,0,272000,56000,216000,216000
050177,聯發科元大94購11,0,0,0,0,0,0,0,0,0,216000,0,0,0,350000,134000,216000,216000
052201,超眾統一96購01  ,0,0,0,0,0,0,0,0,0,216000,0,0,0,233000,17000,216000,216000
052936,華通兆豐98購01  ,0,0,0,0,0,0,0,0,0,216000,0,0,0,274000,58000,216000,216000
048196,聯發科元大93購24,0,0,0,0,0,0,0,0,0,215000,0,0,0,246000,31000,215000,215000
05249P,臻鼎國票95售01  ,0,0,0,0,0,0,0,0,0,215000,0,0,0,239000,24000,215000,215000
05234P,美食康和95售01  ,0,0,0,0,0,0,0,0,0,215000,0,0,0,416000,201000,215000,215000
052788,開發金中信98購02,0,0,0,0,0,0,0,0,0,215000,0,0,0,215000,0,215000,215000
054642,訊芯中信9A購01  ,0,0,0,0,0,0,0,0,0,214000,0,0,0,230000,16000,214000,214000
055857,嘉聯益元大97購04,0,0,0,0,0,0,0,0,0,214000,0,0,0,414000,200000,214000,214000
052253,康控永豐95購04  ,0,0,0,0,0,0,0,0,0,214000,0,0,0,318000,104000,214000,214000
051598,瑞昱兆豐95購01  ,0,0,0,0,0,0,0,0,0,214000,0,0,0,236000,22000,214000,214000
053003,國巨永豐96購02  ,0,0,0,0,0,0,0,0,0,214000,0,0,0,223000,9000,214000,214000
050358,致新群益94購01  ,0,0,0,0,0,0,0,0,0,213000,0,0,0,224000,11000,213000,213000
052585,友達永豐97購01  ,0,0,0,0,0,0,0,0,0,213000,0,0,0,213000,0,213000,213000
056473,奇力新元大99購02,0,0,0,0,0,0,0,0,0,212000,0,0,0,479000,267000,212000,212000
052568,漢唐凱基96購02  ,0,0,0,0,0,0,0,0,0,212000,0,0,0,222000,10000,212000,212000
053392,致新元大96購01  ,0,0,0,0,0,0,0,0,0,212000,0,0,0,276000,64000,212000,212000
055310,聯詠群益97購02  ,0,0,0,0,0,0,0,0,0,211000,0,0,0,543000,332000,211000,211000
03497P,金像電凱基02售06,0,0,0,0,0,0,0,0,0,211000,0,0,0,238000,27000,211000,211000
050439,新日興凱基94購01,0,0,0,0,0,0,0,0,0,211000,0,0,0,217000,6000,211000,211000
049236,元油2X元富96購06,0,0,0,0,0,0,0,0,0,211000,0,0,0,298000,87000,211000,211000
052629,訊芯中信99購01  ,0,0,0,0,0,0,0,0,0,211000,0,0,0,591000,380000,211000,211000
052894,國巨群益96購03  ,0,0,0,0,0,0,0,0,0,211000,0,0,0,257000,46000,211000,211000
056362,聯發科元大99購01,0,0,0,0,0,0,0,0,0,210000,0,0,0,690000,480000,210000,210000
043231,鴻海中信95購01  ,0,0,0,0,0,0,0,0,0,210000,0,0,0,229000,19000,210000,210000
04758P,國巨凱基94售03  ,0,0,0,0,0,0,0,0,0,210000,0,0,0,210000,0,210000,210000
049761,亞德客國泰95購03,0,0,0,0,0,0,0,0,0,210000,0,0,0,210000,0,210000,210000
049812,致伸元大94購03  ,0,0,0,0,0,0,0,0,0,210000,0,0,0,310000,100000,210000,210000
050596,昇陽半永豐94購03,0,0,0,0,0,0,0,0,0,210000,0,0,0,210000,0,210000,210000
050899,旭富元大95購01  ,3000,0,3000,0,0,0,0,0,0,207000,0,0,0,515000,308000,207000,210000
051911,大立光元大98購02,0,0,0,0,0,0,0,0,0,210000,0,0,0,817000,607000,210000,210000
053803,聯發科凱基96購18,0,0,0,0,0,0,0,0,0,210000,0,0,0,210000,0,210000,210000
055097,福懋科群益97購01,0,0,0,0,0,0,0,0,0,209000,0,0,0,247000,38000,209000,209000
054521,TPK元大96購03   ,0,0,0,0,0,0,0,0,0,209000,0,0,0,210000,1000,209000,209000
052509,鴻海凱基96購10  ,0,0,0,0,0,0,0,0,0,209000,0,0,0,209000,0,209000,209000
1722,台肥            ,312000,172000,140000,0,0,0,0,0,0,69000,49000,0,49000,22000,2000,20000,209000
051488,健策凱基96購04  ,0,0,0,0,0,0,0,0,0,208000,0,0,0,535000,327000,208000,208000
051370,聯詠富邦97購01  ,0,0,0,0,0,0,0,0,0,208000,0,0,0,590000,382000,208000,208000
051749,矽力國泰97購01  ,0,0,0,0,0,0,0,0,0,208000,0,0,0,239000,31000,208000,208000
055240,京元電元富97購01,0,0,0,0,0,0,0,0,0,207000,0,0,0,297000,90000,207000,207000
056593,台積電元富98購02,0,0,0,0,0,0,0,0,0,207000,0,0,0,561000,354000,207000,207000
056320,京鼎群益99購01  ,0,0,0,0,0,0,0,0,0,207000,0,0,0,311000,104000,207000,207000
053782,京元電元大98購02,0,0,0,0,0,0,0,0,0,207000,0,0,0,218000,11000,207000,207000
053302,國巨凱基96購10  ,0,0,0,0,0,0,0,0,0,207000,0,0,0,266000,59000,207000,207000
055122,國巨兆豐98購01  ,0,0,0,0,0,0,0,0,0,206000,0,0,0,376000,170000,206000,206000
050149,東元群益94購01  ,0,0,0,0,0,0,0,0,0,206000,0,0,0,206000,0,206000,206000
050098,嘉聯益國泰95購02,0,0,0,0,0,0,0,0,0,206000,0,0,0,502000,296000,206000,206000
052072,健策統一95購02  ,0,0,0,0,0,0,0,0,0,206000,0,0,0,339000,133000,206000,206000
052925,日電貿永豐96購01,0,0,0,0,0,0,0,0,0,206000,0,0,0,323000,117000,206000,206000
056266,開發金統一9A購01,0,0,0,0,0,0,0,0,0,205000,0,0,0,205000,0,205000,205000
047897,可成群益94購01  ,0,0,0,0,0,0,0,0,0,204000,0,0,0,321000,117000,204000,204000
05618P,聯發科元富96售02,0,0,0,0,0,0,0,0,0,203000,0,0,0,299000,96000,203000,203000
043390,康控元大93購01  ,0,0,0,0,0,0,0,0,0,203000,0,0,0,203000,0,203000,203000
044269,群創中信95購01  ,0,0,0,0,0,0,0,0,0,202000,0,0,0,830000,628000,202000,202000
053662,矽力凱基97購01  ,0,0,0,0,0,0,0,0,0,202000,0,0,0,202000,0,202000,202000
2338,光罩            ,364000,442000,-78000,0,0,0,0,0,0,280000,10000,0,10000,445000,175000,270000,202000
056159,牧德凱基99購01  ,0,0,0,0,0,0,0,0,0,201000,0,0,0,201000,0,201000,201000
055855,牧德元大99購02  ,0,0,0,0,0,0,0,0,0,201000,0,0,0,477000,276000,201000,201000
045824,嘉聯益凱基93購02,0,0,0,0,0,0,0,0,0,201000,0,0,0,201000,0,201000,201000
046610,義隆國票93購01  ,0,0,0,0,0,0,0,0,0,201000,0,0,0,201000,0,201000,201000
046644,台達電國泰93購01,0,0,0,0,0,0,0,0,0,201000,0,0,0,201000,0,201000,201000
056947,國巨統一9A購01  ,0,0,0,0,0,0,0,0,0,201000,0,0,0,211000,10000,201000,201000
047651,復盛元大93購01  ,0,0,0,0,0,0,0,0,0,200000,0,0,0,200000,0,200000,200000
049739,大立光群益94購05,0,0,0,0,0,0,0,0,0,200000,0,0,0,240000,40000,200000,200000
049636,上証反凱基9A購01,0,0,0,0,0,0,0,0,0,200000,0,0,0,200000,0,200000,200000
049719,義隆凱基94購03  ,0,0,0,0,0,0,0,0,0,200000,0,0,0,200000,0,200000,200000
04355P,大立光永豐94售02,0,0,0,0,0,0,0,0,0,200000,0,0,0,200000,0,200000,200000
04416P,牧德元富94售06  ,0,0,0,0,0,0,0,0,0,200000,0,0,0,200000,0,200000,200000
046950,隆達元大93購01  ,0,0,0,0,0,0,0,0,0,200000,0,0,0,200000,0,200000,200000
03917P,鴻海凱基94售07  ,0,0,0,0,0,0,0,0,0,200000,0,0,0,200000,0,200000,200000
045417,華新凱基93購01  ,0,0,0,0,0,0,0,0,0,200000,0,0,0,200000,0,200000,200000
04298P,祥碩元大93售02  ,0,0,0,0,0,0,0,0,0,200000,0,0,0,200000,0,200000,200000
050416,高股息凱基96購02,0,0,0,0,0,0,0,0,0,200000,0,0,0,200000,0,200000,200000
051296,鴻海凱基97購01  ,0,0,0,0,0,0,0,0,0,200000,0,0,0,200000,0,200000,200000
051142,臺股指永豐95購02,0,0,0,0,0,0,0,0,0,200000,0,0,0,215000,15000,200000,200000
050742,新日興永豐94購01,0,0,0,0,0,0,0,0,0,200000,0,0,0,387000,187000,200000,200000
055762,智伸科群益97購01,0,0,0,0,0,0,0,0,0,199000,0,0,0,199000,0,199000,199000
055575,華新科統一98購01,0,0,0,0,0,0,0,0,0,199000,0,0,0,247000,48000,199000,199000
04349P,美律國票94售02  ,0,0,0,0,0,0,0,0,0,199000,0,0,0,200000,1000,199000,199000
049259,聯發科元大94購04,0,0,0,0,0,0,0,0,0,199000,0,0,0,399000,200000,199000,199000
051479,兆豐金凱基95購01,0,0,0,0,0,0,0,0,0,199000,0,0,0,199000,0,199000,199000
053039,聯發科凱基96購11,0,0,0,0,0,0,0,0,0,199000,0,0,0,297000,98000,199000,199000
050131,新光金凱基94購01,0,0,0,0,0,0,0,0,0,198000,0,0,0,232000,34000,198000,198000
053106,鴻海兆豐98購01  ,0,0,0,0,0,0,0,0,0,198000,0,0,0,242000,44000,198000,198000
051834,南電元大96購02  ,0,0,0,0,0,0,0,0,0,198000,0,0,0,198000,0,198000,198000
051890,智邦元富95購03  ,0,0,0,0,0,0,0,0,0,198000,0,0,0,312000,114000,198000,198000
3036,文曄            ,641000,553000,88000,0,0,0,0,0,0,110000,40000,27000,13000,97000,0,97000,198000
051222,世紀鋼元富95購01,0,0,0,0,0,0,0,0,0,197000,0,0,0,199000,2000,197000,197000
052178,台郡元大96購03  ,0,0,0,0,0,0,0,0,0,197000,0,0,0,210000,13000,197000,197000
054169,上緯控凱基98購01,0,0,0,0,0,0,0,0,0,197000,0,0,0,200000,3000,197000,197000
2105,正新            ,754000,647179,106821,0,0,0,0,0,0,90000,90000,0,90000,0,0,0,196821
055109,正崴凱基98購01  ,0,0,0,0,0,0,0,0,0,196000,0,0,0,196000,0,196000,196000
047871,健策永豐93購02  ,0,0,0,0,0,0,0,0,0,196000,0,0,0,286000,90000,196000,196000
050603,致新國泰96購01  ,0,0,0,0,0,0,0,0,0,196000,0,0,0,232000,36000,196000,196000
049798,台積電元大94購18,0,0,0,0,0,0,0,0,0,196000,0,0,0,321000,125000,196000,196000
048336,光磊元大93購02  ,0,0,0,0,0,0,0,0,0,196000,0,0,0,204000,8000,196000,196000
053094,聯電統一97購02  ,0,0,0,0,0,0,0,0,0,196000,0,0,0,306000,110000,196000,196000
052980,上銀元大96購03  ,0,0,0,0,0,0,0,0,0,196000,0,0,0,218000,22000,196000,196000
053472,漢唐元大96購02  ,0,0,0,0,0,0,0,0,0,196000,0,0,0,273000,77000,196000,196000
051680,國泰金第一95購01,0,0,0,0,0,0,0,0,0,196000,0,0,0,196000,0,196000,196000
052926,旺宏元大98購02  ,0,0,0,0,0,0,0,0,0,196000,0,0,0,272000,76000,196000,196000
056105,智原永豐97購01  ,0,0,0,0,0,0,0,0,0,195000,0,0,0,350000,155000,195000,195000
043916,群創凱基93購01  ,0,0,0,0,0,0,0,0,0,195000,0,0,0,263000,68000,195000,195000
049000,元油2X中信95購02,0,0,0,0,0,0,0,0,0,195000,0,0,0,200000,5000,195000,195000
053391,嘉聯益元大99購01,0,0,0,0,0,0,0,0,0,195000,0,0,0,325000,130000,195000,195000
052939,富邦金兆豐96購01,0,0,0,0,0,0,0,0,0,195000,0,0,0,208000,13000,195000,195000
1592,英瑞-KY         ,200000,5000,195000,0,0,0,0,0,0,0,0,0,0,0,0,0,195000
05687P,臺股指元大96售12,0,0,0,0,0,0,0,0,0,195000,0,0,0,200000,5000,195000,195000
055244,國巨統一98購01  ,0,0,0,0,0,0,0,0,0,194000,0,0,0,198000,4000,194000,194000
054299,南電元大96購03  ,0,0,0,0,0,0,0,0,0,194000,0,0,0,561000,367000,194000,194000
048634,華通元大94購01  ,0,0,0,0,0,0,0,0,0,194000,0,0,0,453000,259000,194000,194000
048337,致茂元大93購04  ,0,0,0,0,0,0,0,0,0,194000,0,0,0,200000,6000,194000,194000
055029,帆宣國泰99購01  ,0,0,0,0,0,0,0,0,0,193000,0,0,0,449000,256000,193000,193000
054935,華通元大98購03  ,0,0,0,0,0,0,0,0,0,193000,0,0,0,270000,77000,193000,193000
043775,友達兆豐92購01  ,0,0,0,0,0,0,0,0,0,193000,0,0,0,193000,0,193000,193000
049381,欣興元大94購05  ,0,0,0,0,0,0,0,0,0,193000,0,0,0,533000,340000,193000,193000
054779,台塑群益98購01  ,0,0,0,0,0,0,0,0,0,192000,0,0,0,305000,113000,192000,192000
6552,易華電          ,253000,61030,191970,0,0,0,0,0,0,0,1000,0,1000,0,1000,-1000,191970
054748,正文凱基98購01  ,0,0,0,0,0,0,0,0,0,191000,0,0,0,191000,0,191000,191000
055336,茂林兆豐98購01  ,0,0,0,0,0,0,0,0,0,191000,0,0,0,486000,295000,191000,191000
053638,信邦永豐96購01  ,0,0,0,0,0,0,0,0,0,191000,0,0,0,278000,87000,191000,191000
052439,寶成富邦97購01  ,0,0,0,0,0,0,0,0,0,191000,0,0,0,311000,120000,191000,191000
6209,今國光          ,210000,23000,187000,0,0,0,0,0,0,4000,4000,0,4000,0,0,0,191000
2723,美食-KY         ,464000,381000,83000,0,0,0,0,0,0,108000,12000,0,12000,107000,11000,96000,191000
056821,日電貿永豐98購01,0,0,0,0,0,0,0,0,0,191000,0,0,0,345000,154000,191000,191000
05760P,京鼎永豐96售02  ,0,0,0,0,0,0,0,0,0,191000,0,0,0,191000,0,191000,191000
054830,世芯國泰99購01  ,0,0,0,0,0,0,0,0,0,190000,0,0,0,233000,43000,190000,190000
055683,晶技凱基99購01  ,0,0,0,0,0,0,0,0,0,190000,0,0,0,202000,12000,190000,190000
055794,聯發科國泰99購01,0,0,0,0,0,0,0,0,0,190000,0,0,0,200000,10000,190000,190000
04766P,緯穎永豐94售02  ,0,0,0,0,0,0,0,0,0,190000,0,0,0,200000,10000,190000,190000
045093,台表科元大93購02,0,0,0,0,0,0,0,0,0,190000,0,0,0,200000,10000,190000,190000
045213,A50正2元大95購01,0,0,0,0,0,0,0,0,0,190000,0,0,0,210000,20000,190000,190000
050730,復盛國票94購01  ,0,0,0,0,0,0,0,0,0,190000,0,0,0,290000,100000,190000,190000
052726,鴻海元富96購03  ,0,0,0,0,0,0,0,0,0,190000,0,0,0,540000,350000,190000,190000
053470,華邦電元大96購02,0,0,0,0,0,0,0,0,0,190000,0,0,0,551000,361000,190000,190000
053496,義隆兆豐96購02  ,0,0,0,0,0,0,0,0,0,190000,0,0,0,197000,7000,190000,190000
055874,中環元富9A購01  ,0,0,0,0,0,0,0,0,0,189000,0,0,0,189000,0,189000,189000
055590,聯發科元大98購02,0,0,0,0,0,0,0,0,0,189000,0,0,0,853000,664000,189000,189000
055457,聚陽永豐97購01  ,0,0,0,0,0,0,0,0,0,189000,0,0,0,190000,1000,189000,189000
050026,友達元大96購01  ,0,0,0,0,0,0,0,0,0,188000,0,0,0,200000,12000,188000,188000
053453,新光金統一98購01,0,0,0,0,0,0,0,0,0,188000,0,0,0,238000,50000,188000,188000
053454,創意統一96購02  ,0,0,0,0,0,0,0,0,0,188000,0,0,0,330000,142000,188000,188000
053244,光磊國票97購01  ,0,0,0,0,0,0,0,0,0,188000,0,0,0,188000,0,188000,188000
056884,元油2X元大99購02,0,0,0,0,0,0,0,0,0,188000,0,0,0,200000,12000,188000,188000
05978P,麗豐永豐96售02  ,0,0,0,0,0,0,0,0,0,188000,0,0,0,220000,32000,188000,188000
054333,茂林永豐96購03  ,0,0,0,0,0,0,0,0,0,187000,0,0,0,307000,120000,187000,187000
048791,智原元大94購02  ,0,0,0,0,0,0,0,0,0,187000,0,0,0,200000,13000,187000,187000
050879,樺漢統一95購02  ,0,0,0,0,0,0,0,0,0,187000,0,0,0,187000,0,187000,187000
3035,智原            ,343000,161000,182000,0,0,0,0,0,0,5000,7000,0,7000,64000,66000,-2000,187000
2442,新美齊          ,206000,25000,181000,0,0,0,0,0,0,6000,8000,2000,6000,0,0,0,187000
055886,上銀統一97購02  ,0,0,0,0,0,0,0,0,0,186000,0,0,0,243000,57000,186000,186000
056572,義隆元大99購01  ,0,0,0,0,0,0,0,0,0,185000,0,0,0,365000,180000,185000,185000
05419P,矽力永豐95售02  ,0,0,0,0,0,0,0,0,0,185000,0,0,0,185000,0,185000,185000
054303,國巨凱基96購15  ,0,0,0,0,0,0,0,0,0,184000,0,0,0,184000,0,184000,184000
054576,健策元大98購03  ,0,0,0,0,0,0,0,0,0,184000,0,0,0,484000,300000,184000,184000
055942,臺股指群益9C購01,0,0,0,0,0,0,0,0,0,184000,0,0,0,186000,2000,184000,184000
046933,台泥元富93購01  ,0,0,0,0,0,0,0,0,0,184000,0,0,0,184000,0,184000,184000
047482,新光金凱基99購03,0,0,0,0,0,0,0,0,0,184000,0,0,0,184000,0,184000,184000
047973,華通兆豐94購01  ,6000,0,6000,0,0,0,0,0,0,178000,0,0,0,475000,297000,178000,184000
049776,全新統一95購02  ,0,0,0,0,0,0,0,0,0,184000,0,0,0,214000,30000,184000,184000
1909,榮成            ,323000,241000,82000,0,0,0,47000,0,47000,55000,55000,0,55000,0,0,0,184000
3008,大立光          ,274237,107591,166646,0,0,0,0,7000,-7000,24000,17000,7000,10000,15000,1000,14000,183646
056054,亞德客元大97購05,0,0,0,0,0,0,0,0,0,183000,0,0,0,203000,20000,183000,183000
054739,義隆凱基98購02  ,0,0,0,0,0,0,0,0,0,183000,0,0,0,206000,23000,183000,183000
043156,大立光統一94購01,0,0,0,0,0,0,0,0,0,183000,0,0,0,250000,67000,183000,183000
050725,光磊國票96購01  ,0,0,0,0,0,0,0,0,0,183000,0,0,0,183000,0,183000,183000
053181,滬深2X元富99購02,0,0,0,0,0,0,0,0,0,183000,0,0,0,220000,37000,183000,183000
052173,廣達元大95購02  ,0,0,0,0,0,0,0,0,0,183000,0,0,0,239000,56000,183000,183000
054593,滬深2X永昌9A購01,0,0,0,0,0,0,0,0,0,182000,0,0,0,182000,0,182000,182000
044602,大立光國泰93購01,0,0,0,0,0,0,0,0,0,182000,0,0,0,217000,35000,182000,182000
03314P,台積電元大02售16,0,0,0,0,0,0,0,0,0,182000,0,0,0,222000,40000,182000,182000
049451,富邦金統一94購03,0,0,0,0,0,0,0,0,0,182000,0,0,0,204000,22000,182000,182000
049318,樺漢凱基94購01  ,0,0,0,0,0,0,0,0,0,182000,0,0,0,182000,0,182000,182000
053186,健策中信9C購01  ,0,0,0,0,0,0,0,0,0,182000,0,0,0,222000,40000,182000,182000
3437,榮創            ,211000,29000,182000,0,0,0,0,0,0,0,0,0,0,0,0,0,182000
054790,禾伸堂群益98購01,0,0,0,0,0,0,0,0,0,181000,0,0,0,189000,8000,181000,181000
056207,茂林永豐97購03  ,0,0,0,0,0,0,0,0,0,181000,0,0,0,276000,95000,181000,181000
054158,國巨日盛99購01  ,0,0,0,0,0,0,0,0,0,181000,0,0,0,467000,286000,181000,181000
054008,大立光元富96購06,0,0,0,0,0,0,0,0,0,181000,0,0,0,187000,6000,181000,181000
1605,華新            ,1617000,1347000,270000,0,0,0,0,0,0,-89000,198000,42000,156000,179000,424000,-245000,181000
055596,新光金元大9B購02,0,0,0,0,0,0,0,0,0,180000,0,0,0,250000,70000,180000,180000
048897,日電貿國泰95購01,0,0,0,0,0,0,0,0,0,180000,0,0,0,185000,5000,180000,180000
048254,深中小統一93購01,0,0,0,0,0,0,0,0,0,180000,0,0,0,210000,30000,180000,180000
050869,健策永豐95購01  ,0,0,0,0,0,0,0,0,0,180000,0,0,0,461000,281000,180000,180000
049146,南亞科元大94購02,0,0,0,0,0,0,0,0,0,180000,0,0,0,194000,14000,180000,180000
051824,華通元大95購07  ,0,0,0,0,0,0,0,0,0,180000,0,0,0,249000,69000,180000,180000
06238P,台積電元大98售07,0,0,0,0,0,0,0,0,0,180000,0,0,0,200000,20000,180000,180000
056422,全新統一98購02  ,0,0,0,0,0,0,0,0,0,179000,0,0,0,179000,0,179000,179000
050988,廣達富邦95購01  ,0,0,0,0,0,0,0,0,0,179000,0,0,0,236000,57000,179000,179000
053435,新光金日盛96購01,0,0,0,0,0,0,0,0,0,179000,0,0,0,179000,0,179000,179000
056525,T50反1凱基99購06,0,0,0,0,0,0,0,0,0,178000,0,0,0,187000,9000,178000,178000
054948,聯發科元大97購14,0,0,0,0,0,0,0,0,0,178000,0,0,0,188000,10000,178000,178000
045618,元油2X永豐98購01,0,0,0,0,0,0,0,0,0,178000,0,0,0,244000,66000,178000,178000
05825P,臺股指凱基96售22,0,0,0,0,0,0,0,0,0,178000,0,0,0,180000,2000,178000,178000
055374,明泰元大97購01  ,0,0,0,0,0,0,0,0,0,177000,0,0,0,301000,124000,177000,177000
055679,華通凱基99購01  ,0,0,0,0,0,0,0,0,0,177000,0,0,0,212000,35000,177000,177000
045585,欣興元大93購03  ,0,0,0,0,0,0,0,0,0,177000,0,0,0,213000,36000,177000,177000
04558P,瑞昱日盛94售01  ,0,0,0,0,0,0,0,0,0,177000,0,0,0,177000,0,177000,177000
044408,聯茂凱基93購02  ,0,0,0,0,0,0,0,0,0,177000,0,0,0,213000,36000,177000,177000
052738,聯電元大98購02  ,0,0,0,0,0,0,0,0,0,177000,0,0,0,254000,77000,177000,177000
06046P,健策統一96售03  ,0,0,0,0,0,0,0,0,0,177000,0,0,0,250000,73000,177000,177000
056463,台虹凱基98購02  ,0,0,0,0,0,0,0,0,0,176000,0,0,0,212000,36000,176000,176000
050991,元油2X元大96購04,0,0,0,0,0,0,0,0,0,176000,0,0,0,602000,426000,176000,176000
053626,台積電兆豐96購03,0,0,0,0,0,0,0,0,0,176000,0,0,0,857000,681000,176000,176000
055515,聚陽中信9A購01  ,0,0,0,0,0,0,0,0,0,175000,0,0,0,245000,70000,175000,175000
055736,宏達電元富99購01,0,0,0,0,0,0,0,0,0,175000,0,0,0,175000,0,175000,175000
054363,世芯凱基97購01  ,0,0,0,0,0,0,0,0,0,175000,0,0,0,196000,21000,175000,175000
047802,滬深2X凱基95購03,0,0,0,0,0,0,0,0,0,175000,0,0,0,175000,0,175000,175000
04383P,泰鼎國泰95售01  ,40000,0,40000,0,0,0,0,0,0,135000,0,0,0,210000,75000,135000,175000
044038,群創群益93購02  ,0,0,0,0,0,0,0,0,0,175000,0,0,0,175000,0,175000,175000
046460,聯鈞凱基93購02  ,0,0,0,0,0,0,0,0,0,175000,0,0,0,198000,23000,175000,175000
053669,台積電統一96購08,0,0,0,0,0,0,0,0,0,175000,0,0,0,175000,0,175000,175000
051814,鈺齊凱基95購01  ,0,0,0,0,0,0,0,0,0,175000,0,0,0,180000,5000,175000,175000
052194,旺宏元富95購04  ,0,0,0,0,0,0,0,0,0,175000,0,0,0,180000,5000,175000,175000
052089,聯發科元大96購02,0,0,0,0,0,0,0,0,0,175000,0,0,0,215000,40000,175000,175000
054895,南電統一97購01  ,0,0,0,0,0,0,0,0,0,174000,0,0,0,250000,76000,174000,174000
055944,日月光麥證97購01,0,0,0,300000,126000,174000,0,0,0,174000,0,0,0,300000,126000,174000,174000
056010,力成中信97購01  ,0,0,0,0,0,0,0,0,0,173000,0,0,0,650000,477000,173000,173000
056598,京元電元富98購01,0,0,0,0,0,0,0,0,0,173000,0,0,0,249000,76000,173000,173000
050806,華新科日盛95購01,0,0,0,0,0,0,0,0,0,173000,0,0,0,196000,23000,173000,173000
053465,聯電元大96購05  ,0,0,0,0,0,0,0,0,0,173000,0,0,0,506000,333000,173000,173000
056606,華新科富邦9A購02,0,0,0,0,0,0,0,0,0,172000,0,0,0,183000,11000,172000,172000
055023,億光國泰98購01  ,0,0,0,0,0,0,0,0,0,172000,0,0,0,172000,0,172000,172000
054369,鴻海中信9C購01  ,0,0,0,0,0,0,0,0,0,172000,0,0,0,251000,79000,172000,172000
050785,全新國泰96購01  ,0,0,0,0,0,0,0,0,0,172000,0,0,0,273000,101000,172000,172000
05139P,臺股指凱基95售06,0,0,0,0,0,0,0,0,0,172000,0,0,0,405000,233000,172000,172000
052092,貿聯元大96購02  ,0,0,0,0,0,0,0,0,0,172000,0,0,0,232000,60000,172000,172000
054364,智伸科凱基96購01,0,0,0,0,0,0,0,0,0,171000,0,0,0,453000,282000,171000,171000
03686P,大立光統一98售02,0,0,0,0,0,0,0,0,0,171000,0,0,0,358000,187000,171000,171000
049893,日月光富邦98購01,0,0,0,0,0,0,0,0,0,171000,0,0,0,202000,31000,171000,171000
050372,全新元大96購03  ,0,0,0,0,0,0,0,0,0,171000,0,0,0,414000,243000,171000,171000
051841,南茂國泰96購01  ,0,0,0,0,0,0,0,0,0,171000,0,0,0,171000,0,171000,171000
053231,奇力新康和96購01,0,0,0,0,0,0,0,0,0,171000,0,0,0,171000,0,171000,171000
053135,信邦國票96購01  ,0,0,0,0,0,0,0,0,0,171000,0,0,0,171000,0,171000,171000
051279,喬山兆豐96購01  ,0,0,0,0,0,0,0,0,0,170000,0,0,0,200000,30000,170000,170000
052246,超眾康和95購01  ,0,0,0,0,0,0,0,0,0,170000,0,0,0,200000,30000,170000,170000
054909,福懋科康和97購01,0,0,0,0,0,0,0,0,0,169000,0,0,0,252000,83000,169000,169000
056190,昇陽半統一97購01,0,0,0,0,0,0,0,0,0,169000,0,0,0,207000,38000,169000,169000
056173,廣達元富97購01  ,0,0,0,0,0,0,0,0,0,169000,0,0,0,195000,26000,169000,169000
049408,旺宏日盛94購01  ,0,0,0,0,0,0,0,0,0,169000,0,0,0,258000,89000,169000,169000
050744,健策永豐94購04  ,0,0,0,0,0,0,0,0,0,169000,0,0,0,370000,201000,169000,169000
053666,臺股指凱基96購29,0,0,0,0,0,0,0,0,0,169000,0,0,0,194000,25000,169000,169000
05468P,鴻海元大96售14  ,0,0,0,0,0,0,0,0,0,168000,0,0,0,972000,804000,168000,168000
047285,鴻海統一95購02  ,0,0,0,0,0,0,0,0,0,168000,0,0,0,660000,492000,168000,168000
00675L,富邦臺灣加權正2 ,38000,0,38000,0,0,0,0,0,0,130000,0,0,0,132000,2000,130000,168000
049289,樺漢兆豐94購01  ,0,0,0,0,0,0,0,0,0,168000,0,0,0,221000,53000,168000,168000
053101,創意元富96購03  ,0,0,0,0,0,0,0,0,0,168000,0,0,0,228000,60000,168000,168000
056583,昇陽半元大98購02,0,0,0,0,0,0,0,0,0,167000,0,0,0,266000,99000,167000,167000
056004,南電永豐97購02  ,0,0,0,0,0,0,0,0,0,167000,0,0,0,167000,0,167000,167000
03253P,台灣50國泰03售02,0,0,0,0,0,0,0,0,0,167000,0,0,0,377000,210000,167000,167000
051086,鴻海元大96購04  ,0,0,0,0,0,0,0,0,0,167000,0,0,0,649000,482000,167000,167000
048670,華新科永豐93購03,0,0,0,0,0,0,0,0,0,167000,0,0,0,280000,113000,167000,167000
053012,國巨統一96購03  ,0,0,0,0,0,0,0,0,0,167000,0,0,0,177000,10000,167000,167000
053432,世紀鋼永豐96購02,0,0,0,0,0,0,0,0,0,167000,0,0,0,179000,12000,167000,167000
052667,漢唐群益96購01  ,0,0,0,0,0,0,0,0,0,167000,0,0,0,215000,48000,167000,167000
056239,宏達電群益98購01,0,0,0,0,0,0,0,0,0,166000,0,0,0,188000,22000,166000,166000
055021,亞德客國泰98購01,0,0,0,0,0,0,0,0,0,166000,0,0,0,260000,94000,166000,166000
050601,台表科國泰96購01,0,0,0,0,0,0,0,0,0,166000,0,0,0,229000,63000,166000,166000
052404,臻鼎凱基95購05  ,0,0,0,0,0,0,0,0,0,166000,0,0,0,168000,2000,166000,166000
053124,聯發科凱基96購12,0,0,0,0,0,0,0,0,0,166000,0,0,0,168000,2000,166000,166000
3062,建漢            ,301000,135000,166000,0,0,0,0,0,0,0,0,0,0,0,0,0,166000
054249,技嘉元大96購03  ,0,0,0,0,0,0,0,0,0,165000,0,0,0,252000,87000,165000,165000
04544P,欣興富邦96售02  ,0,0,0,0,0,0,0,0,0,165000,0,0,0,211000,46000,165000,165000
049763,美食國泰96購01  ,0,0,0,0,0,0,0,0,0,165000,0,0,0,850000,685000,165000,165000
049641,台達電凱基94購08,0,0,0,0,0,0,0,0,0,165000,0,0,0,172000,7000,165000,165000
047974,新光金兆豐93購01,0,0,0,0,0,0,0,0,0,165000,0,0,0,230000,65000,165000,165000
050751,聯電統一94購05  ,0,0,0,0,0,0,0,0,0,165000,0,0,0,472000,307000,165000,165000
051150,宏達電凱基95購02,0,0,0,0,0,0,0,0,0,165000,0,0,0,165000,0,165000,165000
050516,華通元大95購05  ,0,0,0,0,0,0,0,0,0,165000,0,0,0,369000,204000,165000,165000
050151,台積電群益94購12,0,0,0,0,0,0,0,0,0,165000,0,0,0,211000,46000,165000,165000
053255,貿聯國泰97購01  ,0,0,0,0,0,0,0,0,0,165000,0,0,0,560000,395000,165000,165000
053777,台積電元大96購20,0,0,0,0,0,0,0,0,0,165000,0,0,0,242000,77000,165000,165000
05181P,健策凱基95售01  ,0,0,0,0,0,0,0,0,0,165000,0,0,0,210000,45000,165000,165000
056194,聯發科富邦9B購01,0,0,0,0,0,0,0,0,0,164000,0,0,0,323000,159000,164000,164000
055866,臺股指元大97購03,0,0,0,0,0,0,0,0,0,164000,0,0,0,1084000,920000,164000,164000
046602,新日興群益94購01,0,0,0,0,0,0,0,0,0,164000,0,0,0,335000,171000,164000,164000
047766,聯發科元大93購19,0,0,0,0,0,0,0,0,0,164000,0,0,0,176000,12000,164000,164000
05076P,深中小群益99售02,0,0,0,0,0,0,0,0,0,164000,0,0,0,1005000,841000,164000,164000
053884,緯穎第一96購01  ,0,0,0,0,0,0,0,0,0,164000,0,0,0,249000,85000,164000,164000
4961,天鈺            ,196000,32000,164000,0,0,0,0,0,0,0,0,0,0,0,0,0,164000
055650,華新科元富98購01,0,0,0,0,0,0,0,0,0,163000,0,0,0,291000,128000,163000,163000
056356,台積電元大99購01,0,0,0,0,0,0,0,0,0,163000,0,0,0,258000,95000,163000,163000
051004,台新金中信95購02,0,0,0,0,0,0,0,0,0,163000,0,0,0,163000,0,163000,163000
049866,景碩兆豐94購01  ,0,0,0,0,0,0,0,0,0,163000,0,0,0,205000,42000,163000,163000
048591,台郡兆豐94購01  ,0,0,0,0,0,0,0,0,0,163000,0,0,0,163000,0,163000,163000
047722,南電凱基94購02  ,0,0,0,0,0,0,0,0,0,162000,0,0,0,476000,314000,162000,162000
054011,旺宏永豐96購05  ,0,0,0,0,0,0,0,0,0,162000,0,0,0,165000,3000,162000,162000
9802,鈺齊-KY         ,130000,309000,-179000,0,0,0,314000,0,314000,27000,12000,0,12000,29000,14000,15000,162000
056080,世紀鋼元大97購03,0,0,0,0,0,0,0,0,0,161000,0,0,0,161000,0,161000,161000
055871,群創台新97購02  ,0,0,0,0,0,0,0,0,0,161000,0,0,0,161000,0,161000,161000
00653L,富邦印度正2     ,195000,0,195000,0,0,0,0,0,0,-34000,0,0,0,25000,59000,-34000,161000
050243,華新科凱基94購10,0,0,0,0,0,0,0,0,0,161000,0,0,0,178000,17000,161000,161000
051099,台郡元大95購03  ,0,0,0,0,0,0,0,0,0,161000,0,0,0,211000,50000,161000,161000
051489,世芯凱基95購01  ,0,0,0,0,0,0,0,0,0,161000,0,0,0,198000,37000,161000,161000
05759P,智邦永豐96售02  ,0,0,0,0,0,0,0,0,0,161000,0,0,0,280000,119000,161000,161000
055640,鴻海元富97購03  ,0,0,0,0,0,0,0,0,0,160000,0,0,0,180000,20000,160000,160000
05448P,臺股指元大95售25,0,0,0,0,0,0,0,0,0,160000,0,0,0,210000,50000,160000,160000
04229P,臺股指中信95售05,0,0,0,0,0,0,0,0,0,160000,0,0,0,170000,10000,160000,160000
046797,T50反1元大96購01,0,0,0,0,0,0,0,0,0,160000,0,0,0,380000,220000,160000,160000
045749,智邦富邦93購01  ,0,0,0,0,0,0,0,0,0,160000,0,0,0,210000,50000,160000,160000
047598,深中小統一94購01,0,0,0,0,0,0,0,0,0,160000,0,0,0,190000,30000,160000,160000
049785,華新科兆豐95購01,0,0,0,0,0,0,0,0,0,160000,0,0,0,174000,14000,160000,160000
047245,聯發科群益94購03,0,0,0,0,0,0,0,0,0,160000,0,0,0,161000,1000,160000,160000
047075,群創兆豐93購01  ,0,0,0,0,0,0,0,0,0,160000,0,0,0,160000,0,160000,160000
050915,健策中信98購01  ,0,0,0,0,0,0,0,0,0,160000,0,0,0,180000,20000,160000,160000
049250,華通元大95購04  ,0,0,0,0,0,0,0,0,0,160000,0,0,0,299000,139000,160000,160000
050660,欣興元大96購02  ,0,0,0,0,0,0,0,0,0,160000,0,0,0,163000,3000,160000,160000
049849,欣興群益94購04  ,0,0,0,0,0,0,0,0,0,160000,0,0,0,160000,0,160000,160000
049342,聯發科統一94購05,0,0,0,0,0,0,0,0,0,160000,0,0,0,170000,10000,160000,160000
051692,深中小統一95購01,0,0,0,0,0,0,0,0,0,160000,0,0,0,160000,0,160000,160000
052732,新唐國泰97購01  ,0,0,0,0,0,0,0,0,0,160000,0,0,0,180000,20000,160000,160000
056710,漢唐永豐98購01  ,0,0,0,0,0,0,0,0,0,160000,0,0,0,161000,1000,160000,160000
3576,聯合再生        ,264000,54000,210000,0,0,0,0,0,0,-50000,0,50000,-50000,0,0,0,160000
054445,技嘉兆豐96購01  ,0,0,0,0,0,0,0,0,0,159000,0,0,0,159000,0,159000,159000
055123,億光兆豐97購01  ,0,0,0,0,0,0,0,0,0,159000,0,0,0,207000,48000,159000,159000
055760,新日興群益98購02,0,0,0,0,0,0,0,0,0,159000,0,0,0,489000,330000,159000,159000
05291P,鴻海凱基95售16  ,0,0,0,0,0,0,0,0,0,159000,0,0,0,185000,26000,159000,159000
052859,國巨凱基96購07  ,0,0,0,0,0,0,0,0,0,159000,0,0,0,160000,1000,159000,159000
052878,台虹凱基96購01  ,0,0,0,0,0,0,0,0,0,159000,0,0,0,160000,1000,159000,159000
052795,健策兆豐97購01  ,0,0,0,0,0,0,0,0,0,159000,0,0,0,198000,39000,159000,159000
051734,台積電國票95購04,0,0,0,0,0,0,0,0,0,159000,0,0,0,431000,272000,159000,159000
056300,聯發科元大97購23,0,0,0,0,0,0,0,0,0,158000,0,0,0,483000,325000,158000,158000
050405,新光金麥證94購01,0,0,0,158000,0,158000,0,0,0,158000,0,0,0,158000,0,158000,158000
048725,京元電日盛94購01,0,0,0,0,0,0,0,0,0,158000,0,0,0,416000,258000,158000,158000
053911,臺股指凱基96購31,0,0,0,0,0,0,0,0,0,158000,0,0,0,160000,2000,158000,158000
06155P,智邦統一97售02  ,0,0,0,0,0,0,0,0,0,158000,0,0,0,183000,25000,158000,158000
056388,勤誠國泰99購01  ,0,0,0,0,0,0,0,0,0,157000,0,0,0,182000,25000,157000,157000
054209,台積電國票97購08,0,0,0,0,0,0,0,0,0,157000,0,0,0,377000,220000,157000,157000
047194,世紀鋼元大96購01,0,0,0,0,0,0,0,0,0,157000,0,0,0,160000,3000,157000,157000
049853,上海銀群益94購02,0,0,0,0,0,0,0,0,0,157000,0,0,0,157000,0,157000,157000
049297,日電貿群益95購01,0,0,0,0,0,0,0,0,0,157000,0,0,0,167000,10000,157000,157000
1210,大成            ,389000,236000,153000,0,0,0,0,0,0,4000,51000,47000,4000,0,0,0,157000
3712,永崴投控        ,177000,18000,159000,0,0,0,0,0,0,-2000,0,2000,-2000,0,0,0,157000
050471,國泰金台新94購01,0,0,0,0,0,0,0,0,0,156000,0,0,0,189000,33000,156000,156000
056186,智原統一97購01  ,0,0,0,0,0,0,0,0,0,155000,0,0,0,155000,0,155000,155000
045086,玉晶光元大94購02,0,0,0,0,0,0,0,0,0,155000,0,0,0,176000,21000,155000,155000
044190,聯詠富邦93購01  ,0,0,0,0,0,0,0,0,0,155000,0,0,0,155000,0,155000,155000
041991,元油2X國票98購01,0,0,0,0,0,0,0,0,0,155000,0,0,0,175000,20000,155000,155000
050579,聯發科國票95購04,0,0,0,0,0,0,0,0,0,155000,0,0,0,200000,45000,155000,155000
050061,聯發科凱基94購07,0,0,0,0,0,0,0,0,0,155000,0,0,0,329000,174000,155000,155000
051446,中壽元大96購01  ,0,0,0,0,0,0,0,0,0,155000,0,0,0,155000,0,155000,155000
053635,技嘉永豐96購01  ,0,0,0,0,0,0,0,0,0,155000,0,0,0,323000,168000,155000,155000
052944,宏達電國票97購01,0,0,0,0,0,0,0,0,0,155000,0,0,0,180000,25000,155000,155000
056721,台灣50永昌9A購01,0,0,0,0,0,0,0,0,0,155000,0,0,0,185000,30000,155000,155000
056946,國巨統一98購05  ,0,0,0,0,0,0,0,0,0,155000,0,0,0,157000,2000,155000,155000
046066,長榮航凱基94購01,0,0,0,0,0,0,0,0,0,154000,0,0,0,204000,50000,154000,154000
046572,貿聯國泰94購01  ,0,0,0,0,0,0,0,0,0,154000,0,0,0,210000,56000,154000,154000
052241,台郡國票96購01  ,0,0,0,0,0,0,0,0,0,154000,0,0,0,176000,22000,154000,154000
6141,柏承            ,242000,88000,154000,0,0,0,0,0,0,0,0,0,0,0,0,0,154000
055197,致新元富97購02  ,0,0,0,0,0,0,0,0,0,153000,0,0,0,153000,0,153000,153000
049892,國巨富邦96購01  ,0,0,0,0,0,0,0,0,0,153000,0,0,0,158000,5000,153000,153000
3312,弘憶股          ,174000,21000,153000,0,0,0,0,0,0,0,0,0,0,0,0,0,153000
05749P,臺股指群益99售03,0,0,0,0,0,0,0,0,0,153000,0,0,0,165000,12000,153000,153000
054344,景碩國票97購04  ,0,0,0,0,0,0,0,0,0,152000,0,0,0,298000,146000,152000,152000
05631P,國巨富邦9A售01  ,0,0,0,0,0,0,0,0,0,152000,0,0,0,172000,20000,152000,152000
04131P,裕隆群益93售01  ,0,0,0,0,0,0,0,0,0,152000,0,0,0,252000,100000,152000,152000
04503P,元油2X元富98售09,0,0,0,0,0,0,0,0,0,152000,0,0,0,152000,0,152000,152000
048446,南亞科凱基93購07,0,0,0,0,0,0,0,0,0,152000,0,0,0,152000,0,152000,152000
049046,同欣電兆豐94購01,0,0,0,0,0,0,0,0,0,152000,0,0,0,192000,40000,152000,152000
052167,亞泥元大96購01  ,0,0,0,0,0,0,0,0,0,152000,0,0,0,157000,5000,152000,152000
3504,揚明光          ,155000,38000,117000,0,0,0,0,0,0,35000,3000,0,3000,32000,0,32000,152000
056079,世紀鋼元大97購02,0,0,0,0,0,0,0,0,0,151000,0,0,0,152000,1000,151000,151000
054447,國泰金兆豐96購01,0,0,0,0,0,0,0,0,0,151000,0,0,0,239000,88000,151000,151000
048781,臺股指凱基96購01,0,0,0,0,0,0,0,0,0,151000,0,0,0,272000,121000,151000,151000
055237,晶豪科台新97購01,0,0,0,0,0,0,0,0,0,150000,0,0,0,150000,0,150000,150000
055355,大立光凱基97購05,0,0,0,0,0,0,0,0,0,150000,0,0,0,229000,79000,150000,150000
054919,興富發凱基97購01,0,0,0,0,0,0,0,0,0,150000,0,0,0,150000,0,150000,150000
055706,大立光永豐97購03,0,0,0,0,0,0,0,0,0,150000,0,0,0,150000,0,150000,150000
044643,滬深2X群益96購01,0,0,0,0,0,0,0,0,0,150000,0,0,0,150000,0,150000,150000
00771,元大US高息特別股,0,0,0,0,0,0,0,0,0,150000,0,0,0,158000,8000,150000,150000
047386,南亞科元大93購01,0,0,0,0,0,0,0,0,0,150000,0,0,0,150000,0,150000,150000
047458,聯發科群益93購08,0,0,0,0,0,0,0,0,0,150000,0,0,0,190000,40000,150000,150000
049736,宏達電群益95購03,0,0,0,0,0,0,0,0,0,150000,0,0,0,150000,0,150000,150000
04842P,群創元大96售02  ,0,0,0,0,0,0,0,0,0,150000,0,0,0,150000,0,150000,150000
050106,台達電元大94購11,0,0,0,0,0,0,0,0,0,150000,0,0,0,150000,0,150000,150000
050581,美食國票94購02  ,0,0,0,0,0,0,0,0,0,150000,0,0,0,230000,80000,150000,150000
052149,電子類群益95購01,0,0,0,0,0,0,0,0,0,150000,0,0,0,170000,20000,150000,150000
051981,南茂凱基96購01  ,0,0,0,0,0,0,0,0,0,150000,0,0,0,150000,0,150000,150000
052533,聯發科國泰96購03,0,0,0,0,0,0,0,0,0,150000,0,0,0,150000,0,150000,150000
053497,新光金兆豐97購01,0,0,0,0,0,0,0,0,0,150000,0,0,0,150000,0,150000,150000
053654,聯發科凱基98購01,0,0,0,0,0,0,0,0,0,150000,0,0,0,270000,120000,150000,150000
3038,全台            ,184000,39000,145000,0,0,0,0,0,0,5000,5000,0,5000,0,0,0,150000
06056P,台積電凱基98售02,0,0,0,0,0,0,0,0,0,150000,0,0,0,201000,51000,150000,150000
056380,麗豐元富98購01  ,0,0,0,0,0,0,0,0,0,149000,0,0,0,210000,61000,149000,149000
054870,新日興群益98購01,0,0,0,0,0,0,0,0,0,149000,0,0,0,231000,82000,149000,149000
054322,國巨台新96購02  ,0,0,0,0,0,0,0,0,0,149000,0,0,0,149000,0,149000,149000
044364,超眾中信94購01  ,0,0,0,0,0,0,0,0,0,149000,0,0,0,185000,36000,149000,149000
044429,元金2X元大94購04,0,0,0,0,0,0,0,0,0,149000,0,0,0,150000,1000,149000,149000
050099,台積電永昌96購01,0,0,0,0,0,0,0,0,0,149000,0,0,0,179000,30000,149000,149000
055002,群創元富99購04  ,0,0,0,0,0,0,0,0,0,148000,0,0,0,240000,92000,148000,148000
05536P,奇力新元大96售03,0,0,0,0,0,0,0,0,0,148000,0,0,0,200000,52000,148000,148000
055284,全新元大99購01  ,0,0,0,0,0,0,0,0,0,148000,0,0,0,381000,233000,148000,148000
039550,滬深反凱基94購01,0,0,0,0,0,0,0,0,0,148000,0,0,0,150000,2000,148000,148000
049078,瑞昱凱基94購02  ,0,0,0,0,0,0,0,0,0,148000,0,0,0,180000,32000,148000,148000
053294,聯發科中信9C購01,0,0,0,0,0,0,0,0,0,148000,0,0,0,149000,1000,148000,148000
053170,茂林群益96購04  ,0,0,0,0,0,0,0,0,0,148000,0,0,0,385000,237000,148000,148000
052719,致新凱基96購01  ,0,0,0,0,0,0,0,0,0,148000,0,0,0,148000,0,148000,148000
06421P,嘉澤統一97售02  ,0,0,0,0,0,0,0,0,0,148000,0,0,0,260000,112000,148000,148000
3535,晶彩科          ,187000,39000,148000,0,0,0,0,0,0,0,0,0,0,0,0,0,148000
056166,微星台新97購01  ,0,0,0,0,0,0,0,0,0,147000,0,0,0,218000,71000,147000,147000
048509,上証反凱基99購02,0,0,0,0,0,0,0,0,0,147000,0,0,0,157000,10000,147000,147000
049861,正崴兆豐94購01  ,0,0,0,0,0,0,0,0,0,147000,0,0,0,147000,0,147000,147000
052587,景碩永豐97購01  ,0,0,0,0,0,0,0,0,0,147000,0,0,0,210000,63000,147000,147000
1802,台玻            ,254000,213000,41000,0,0,0,0,0,0,106000,106000,0,106000,0,0,0,147000
050220,台積電元富96購01,0,0,0,0,0,0,0,0,0,146000,0,0,0,159000,13000,146000,146000
049153,大立光元大96購02,0,0,0,0,0,0,0,0,0,146000,0,0,0,186000,40000,146000,146000
053399,創意中信96購01  ,0,0,0,0,0,0,0,0,0,146000,0,0,0,397000,251000,146000,146000
053827,漢唐麥證9A購01  ,0,0,0,151000,5000,146000,0,0,0,146000,0,0,0,151000,5000,146000,146000
06089P,矽創永豐97售01  ,0,0,0,0,0,0,0,0,0,146000,0,0,0,166000,20000,146000,146000
05858P,矽力中信96售01  ,0,0,0,0,0,0,0,0,0,146000,0,0,0,186000,40000,146000,146000
056860,正崴群益98購01  ,0,0,0,0,0,0,0,0,0,146000,0,0,0,155000,9000,146000,146000
055424,聚陽群益98購01  ,0,0,0,0,0,0,0,0,0,145000,0,0,0,145000,0,145000,145000
054981,國巨元富97購02  ,0,0,0,0,0,0,0,0,0,145000,0,0,0,154000,9000,145000,145000
054359,南亞科日盛96購02,0,0,0,0,0,0,0,0,0,145000,0,0,0,220000,75000,145000,145000
053456,大立光元富96購04,0,0,0,0,0,0,0,0,0,145000,0,0,0,193000,48000,145000,145000
055538,鴻海日盛97購04  ,0,0,0,0,0,0,0,0,0,144000,0,0,0,240000,96000,144000,144000
046191,新光金凱基98購01,0,0,0,0,0,0,0,0,0,144000,0,0,0,154000,10000,144000,144000
046499,技嘉元大92購02  ,0,0,0,0,0,0,0,0,0,144000,0,0,0,459000,315000,144000,144000
048428,滬深2X國票93購05,0,0,0,0,0,0,0,0,0,144000,0,0,0,144000,0,144000,144000
053342,全新國票99購01  ,0,0,0,0,0,0,0,0,0,144000,0,0,0,239000,95000,144000,144000
052862,正崴凱基96購01  ,0,0,0,0,0,0,0,0,0,144000,0,0,0,144000,0,144000,144000
06170P,禾伸堂元富97售02,0,0,0,0,0,0,0,0,0,144000,0,0,0,199000,55000,144000,144000
6670,復盛應用        ,281000,124000,157000,0,0,0,0,0,0,-13000,12000,15000,-3000,0,10000,-10000,144000
054381,世芯群益98購01  ,0,0,0,0,0,0,0,0,0,143000,0,0,0,172000,29000,143000,143000
049079,聯發科凱基94購04,0,0,0,0,0,0,0,0,0,143000,0,0,0,143000,0,143000,143000
052694,開發金中信98購01,0,0,0,0,0,0,0,0,0,143000,0,0,0,143000,0,143000,143000
052310,聯電富邦95購01  ,0,0,0,0,0,0,0,0,0,143000,0,0,0,145000,2000,143000,143000
053691,聯發科元大96購16,0,0,0,0,0,0,0,0,0,143000,0,0,0,210000,67000,143000,143000
054458,復盛群益96購01  ,0,0,0,0,0,0,0,0,0,142000,0,0,0,164000,22000,142000,142000
054986,藍天元富97購01  ,0,0,0,0,0,0,0,0,0,142000,0,0,0,147000,5000,142000,142000
049623,創意群益94購01  ,0,0,0,0,0,0,0,0,0,142000,0,0,0,340000,198000,142000,142000
046795,瀚宇博元富93購01,0,0,0,0,0,0,0,0,0,142000,0,0,0,346000,204000,142000,142000
051284,上銀統一95購02  ,0,0,0,0,0,0,0,0,0,142000,0,0,0,152000,10000,142000,142000
052959,聯電凱基97購01  ,0,0,0,0,0,0,0,0,0,142000,0,0,0,183000,41000,142000,142000
051670,欣興元大95購06  ,0,0,0,0,0,0,0,0,0,142000,0,0,0,274000,132000,142000,142000
055019,福懋科元富97購01,0,0,0,0,0,0,0,0,0,141000,0,0,0,285000,144000,141000,141000
054934,金寶元大97購01  ,0,0,0,0,0,0,0,0,0,141000,0,0,0,174000,33000,141000,141000
054714,和鑫台新98購01  ,0,0,0,0,0,0,0,0,0,141000,0,0,0,382000,241000,141000,141000
055649,華新科元富97購03,0,0,0,0,0,0,0,0,0,141000,0,0,0,908000,767000,141000,141000
046694,智邦凱基93購01  ,0,0,0,0,0,0,0,0,0,141000,0,0,0,148000,7000,141000,141000
050281,台積電日盛94購03,0,0,0,0,0,0,0,0,0,141000,0,0,0,149000,8000,141000,141000
049241,智邦元富94購01  ,0,0,0,0,0,0,0,0,0,141000,0,0,0,224000,83000,141000,141000
049023,玉晶光群益96購04,0,0,0,0,0,0,0,0,0,141000,0,0,0,276000,135000,141000,141000
052664,麗豐國票96購02  ,0,0,0,0,0,0,0,0,0,141000,0,0,0,181000,40000,141000,141000
06018P,康控凱基96售03  ,0,0,0,0,0,0,0,0,0,141000,0,0,0,141000,0,141000,141000
056835,聯電元富99購01  ,0,0,0,0,0,0,0,0,0,141000,0,0,0,159000,18000,141000,141000
055427,技嘉群益98購01  ,0,0,0,0,0,0,0,0,0,140000,0,0,0,256000,116000,140000,140000
056148,臺股指日盛97購03,0,0,0,0,0,0,0,0,0,140000,0,0,0,140000,0,140000,140000
054987,凱美元富97購01  ,0,0,0,0,0,0,0,0,0,140000,0,0,0,257000,117000,140000,140000
047921,南亞科凱基93購05,0,0,0,0,0,0,0,0,0,140000,0,0,0,200000,60000,140000,140000
050368,國巨元大94購14  ,0,0,0,0,0,0,0,0,0,140000,0,0,0,140000,0,140000,140000
049440,T50反1統一94購04,0,0,0,0,0,0,0,0,0,140000,0,0,0,240000,100000,140000,140000
048278,聯發科永豐93購03,0,0,0,0,0,0,0,0,0,140000,0,0,0,140000,0,140000,140000
052385,滬深2X群益99購05,0,0,0,0,0,0,0,0,0,140000,0,0,0,315000,175000,140000,140000
056705,超眾國泰99購01  ,0,0,0,0,0,0,0,0,0,140000,0,0,0,140000,0,140000,140000
056943,華通統一99購01  ,0,0,0,0,0,0,0,0,0,140000,0,0,0,141000,1000,140000,140000
055254,聯詠統一97購03  ,0,0,0,0,0,0,0,0,0,139000,0,0,0,153000,14000,139000,139000
056020,義隆群益97購01  ,0,0,0,0,0,0,0,0,0,139000,0,0,0,204000,65000,139000,139000
047939,亞德客國票93購02,0,0,0,0,0,0,0,0,0,139000,0,0,0,165000,26000,139000,139000
047389,義隆元大94購01  ,0,0,0,0,0,0,0,0,0,139000,0,0,0,204000,65000,139000,139000
006206,元大上證50      ,8000,8000,0,0,0,0,0,0,0,139000,0,0,0,143000,4000,139000,139000
05049P,矽創永豐95售01  ,0,0,0,0,0,0,0,0,0,139000,0,0,0,139000,0,139000,139000
051526,超眾凱基95購02  ,0,0,0,0,0,0,0,0,0,139000,0,0,0,253000,114000,139000,139000
051868,貿聯凱基96購01  ,0,0,0,0,0,0,0,0,0,139000,0,0,0,239000,100000,139000,139000
05904P,大立光統一96售07,0,0,0,0,0,0,0,0,0,139000,0,0,0,143000,4000,139000,139000
055519,茂林中信99購01  ,0,0,0,0,0,0,0,0,0,138000,0,0,0,307000,169000,138000,138000
047767,聯發科元大93購20,0,0,0,0,0,0,0,0,0,138000,0,0,0,201000,63000,138000,138000
052317,台積電元大96購11,0,0,0,0,0,0,0,0,0,138000,0,0,0,153000,15000,138000,138000
056704,健策國泰99購01  ,0,0,0,0,0,0,0,0,0,138000,0,0,0,676000,538000,138000,138000
8926,台汽電          ,305000,318000,-13000,0,0,0,0,0,0,151000,151000,0,151000,0,0,0,138000
054824,同欣電元大97購04,0,0,0,0,0,0,0,0,0,137000,0,0,0,156000,19000,137000,137000
0061,元大寶滬深      ,286000,0,286000,0,0,0,0,0,0,-149000,0,0,0,110000,259000,-149000,137000
042912,凌陽元大94購01  ,0,0,0,0,0,0,0,0,0,137000,0,0,0,398000,261000,137000,137000
047480,全新凱基93購01  ,0,0,0,0,0,0,0,0,0,137000,0,0,0,170000,33000,137000,137000
050340,鴻海統一94購07  ,0,0,0,0,0,0,0,0,0,137000,0,0,0,154000,17000,137000,137000
050101,台積電永昌96購03,0,0,0,0,0,0,0,0,0,137000,0,0,0,137000,0,137000,137000
047448,啟碁元大93購06  ,0,0,0,0,0,0,0,0,0,136000,0,0,0,136000,0,136000,136000
044201,群創國票95購01  ,0,0,0,0,0,0,0,0,0,136000,0,0,0,136000,0,136000,136000
049115,創意統一94購03  ,0,0,0,0,0,0,0,0,0,136000,0,0,0,257000,121000,136000,136000
052637,欣興凱基97購01  ,0,0,0,0,0,0,0,0,0,136000,0,0,0,166000,30000,136000,136000
051856,亞德客凱基95購01,0,0,0,0,0,0,0,0,0,136000,0,0,0,166000,30000,136000,136000
053950,緯穎富邦97購02  ,0,0,0,0,0,0,0,0,0,136000,0,0,0,149000,13000,136000,136000
3665,貿聯-KY         ,389000,348000,41000,0,0,0,5000,0,5000,90000,55000,0,55000,50000,15000,35000,136000
056658,美食元大98購01  ,0,0,0,0,0,0,0,0,0,136000,0,0,0,353000,217000,136000,136000
056335,微星凱基98購01  ,0,0,0,0,0,0,0,0,0,135000,0,0,0,300000,165000,135000,135000
046317,亞光元大92購04  ,0,0,0,0,0,0,0,0,0,135000,0,0,0,150000,15000,135000,135000
046999,康控富邦99購01  ,0,0,0,0,0,0,0,0,0,135000,0,0,0,439000,304000,135000,135000
049197,信邦永豐94購01  ,0,0,0,0,0,0,0,0,0,135000,0,0,0,205000,70000,135000,135000
051299,致茂凱基95購01  ,0,0,0,0,0,0,0,0,0,135000,0,0,0,218000,83000,135000,135000
050998,訊連元大95購01  ,0,0,0,0,0,0,0,0,0,135000,0,0,0,185000,50000,135000,135000
051596,超眾元大95購05  ,0,0,0,0,0,0,0,0,0,135000,0,0,0,231000,96000,135000,135000
051611,鈺齊群益95購02  ,0,0,0,0,0,0,0,0,0,135000,0,0,0,175000,40000,135000,135000
2314,台揚            ,259000,124000,135000,0,0,0,0,0,0,0,0,0,0,0,0,0,135000
3698,隆達            ,256000,135000,121000,0,0,0,0,0,0,14000,14000,0,14000,0,0,0,135000
054076,義隆第一96購01  ,0,0,0,0,0,0,0,0,0,134000,0,0,0,184000,50000,134000,134000
047470,聯發科中信94購03,0,0,0,0,0,0,0,0,0,133000,0,0,0,293000,160000,133000,133000
051160,亞德客元大95購02,0,0,0,0,0,0,0,0,0,133000,0,0,0,383000,250000,133000,133000
8105,凌巨            ,235000,116000,119000,0,0,0,0,0,0,14000,14000,0,14000,0,0,0,133000
6533,晶心科          ,173000,40000,133000,0,0,0,0,0,0,0,0,0,0,0,0,0,133000
054843,中環兆豐97購01  ,0,0,0,0,0,0,0,0,0,132000,0,0,0,254000,122000,132000,132000
051499,康控群益95購02  ,0,0,0,0,0,0,0,0,0,132000,0,0,0,499000,367000,132000,132000
053863,聯發科元大96購18,0,0,0,0,0,0,0,0,0,132000,0,0,0,207000,75000,132000,132000
051825,中環元大95購01  ,0,0,0,0,0,0,0,0,0,132000,0,0,0,132000,0,132000,132000
051938,旭富群益95購01  ,0,0,0,0,0,0,0,0,0,132000,0,0,0,332000,200000,132000,132000
05660P,玉晶光第一96售01,0,0,0,0,0,0,0,0,0,132000,0,0,0,150000,18000,132000,132000
055283,聯發科元大97購16,0,0,0,0,0,0,0,0,0,131000,0,0,0,634000,503000,131000,131000
055638,上銀元富97購01  ,0,0,0,0,0,0,0,0,0,131000,0,0,0,206000,75000,131000,131000
044016,義隆凱基93購01  ,0,0,0,0,0,0,0,0,0,131000,0,0,0,182000,51000,131000,131000
051092,禾伸堂元大95購02,0,0,0,0,0,0,0,0,0,131000,0,0,0,152000,21000,131000,131000
050332,鴻海國泰96購05  ,0,0,0,0,0,0,0,0,0,131000,0,0,0,134000,3000,131000,131000
051926,聯電中信97購01  ,0,0,0,0,0,0,0,0,0,131000,0,0,0,161000,30000,131000,131000
8261,富鼎            ,140000,9000,131000,0,0,0,0,0,0,0,0,0,0,0,0,0,131000
044013,友達凱基93購01  ,0,0,0,0,0,0,0,0,0,130000,0,0,0,130000,0,130000,130000
04792P,智邦元大94售06  ,0,0,0,0,0,0,0,0,0,130000,0,0,0,379000,249000,130000,130000
045774,義隆元大92購02  ,0,0,0,0,0,0,0,0,0,130000,0,0,0,130000,0,130000,130000
047028,新日興元大93購02,0,0,0,0,0,0,0,0,0,130000,0,0,0,329000,199000,130000,130000
050421,鴻海凱基95購04  ,0,0,0,0,0,0,0,0,0,130000,0,0,0,230000,100000,130000,130000
051247,可成元大95購04  ,0,0,0,0,0,0,0,0,0,130000,0,0,0,170000,40000,130000,130000
055796,南電國泰98購01  ,0,0,0,0,0,0,0,0,0,129000,0,0,0,129000,0,129000,129000
047441,聯發科元大93購15,0,0,0,0,0,0,0,0,0,129000,0,0,0,150000,21000,129000,129000
048992,昇陽半元大94購02,0,0,0,0,0,0,0,0,0,129000,0,0,0,165000,36000,129000,129000
048848,滬深2X群益98購02,0,0,0,0,0,0,0,0,0,129000,0,0,0,209000,80000,129000,129000
054689,華新科永豐97購01,0,0,0,0,0,0,0,0,0,128000,0,0,0,191000,63000,128000,128000
050252,聯發科國泰95購01,0,0,0,0,0,0,0,0,0,128000,0,0,0,297000,169000,128000,128000
9939,宏全            ,190000,191000,-1000,0,0,0,0,0,0,129000,94000,0,94000,38000,3000,35000,128000
045797,健策中信93購01  ,0,0,0,0,0,0,0,0,0,127000,0,0,0,177000,50000,127000,127000
044759,新日興凱基93購01,0,0,0,0,0,0,0,0,0,127000,0,0,0,182000,55000,127000,127000
00656R,國泰中國A50反1  ,91000,0,91000,0,0,0,0,0,0,36000,10000,0,10000,517000,491000,26000,127000
051969,世紀鋼永豐95購01,0,0,0,0,0,0,0,0,0,127000,0,0,0,128000,1000,127000,127000
051624,智邦麥證95購02  ,0,0,0,167000,40000,127000,0,0,0,127000,0,0,0,167000,40000,127000,127000
055069,帆宣永豐97購01  ,0,20000,-20000,0,0,0,0,0,0,146000,0,0,0,184000,38000,146000,126000
048688,瑞昱群益94購01  ,0,0,0,0,0,0,0,0,0,126000,0,0,0,186000,60000,126000,126000
052845,旺宏統一97購01  ,0,0,0,0,0,0,0,0,0,126000,0,0,0,126000,0,126000,126000
053641,正文永豐96購01  ,0,0,0,0,0,0,0,0,0,126000,0,0,0,126000,0,126000,126000
056951,牧德統一99購01  ,0,0,0,0,0,0,0,0,0,126000,0,0,0,196000,70000,126000,126000
2324,仁寶            ,4245000,4084564,160436,0,0,0,30000,0,30000,-65000,136000,2000,134000,15000,214000,-199000,125436
055404,超眾元富97購01  ,0,0,0,0,0,0,0,0,0,125000,0,0,0,148000,23000,125000,125000
055214,聯電凱基97購02  ,0,0,0,0,0,0,0,0,0,125000,0,0,0,517000,392000,125000,125000
05568P,台積電統一96售03,0,0,0,0,0,0,0,0,0,125000,0,0,0,125000,0,125000,125000
055552,瑞昱凱基97購02  ,0,0,0,0,0,0,0,0,0,125000,0,0,0,130000,5000,125000,125000
056268,新日興統一97購01,0,0,0,0,0,0,0,0,0,125000,0,0,0,130000,5000,125000,125000
056566,臻鼎群益98購01  ,0,0,0,0,0,0,0,0,0,125000,0,0,0,130000,5000,125000,125000
042724,群創群益93購01  ,0,0,0,0,0,0,0,0,0,125000,0,0,0,125000,0,125000,125000
047444,晶技元大93購03  ,0,0,0,0,0,0,0,0,0,125000,0,0,0,125000,0,125000,125000
047438,台光電元大93購06,0,0,0,0,0,0,0,0,0,125000,0,0,0,125000,0,125000,125000
047049,聯發科國票94購01,0,0,0,0,0,0,0,0,0,125000,0,0,0,156000,31000,125000,125000
049695,新光金元大9A購01,0,0,0,0,0,0,0,0,0,125000,0,0,0,125000,0,125000,125000
045937,臻鼎群益93購02  ,0,0,0,0,0,0,0,0,0,125000,0,0,0,125000,0,125000,125000
050411,聯發科永豐94購05,0,0,0,0,0,0,0,0,0,125000,0,0,0,177000,52000,125000,125000
050769,聯發科元大94購17,0,0,0,0,0,0,0,0,0,125000,0,0,0,157000,32000,125000,125000
053602,台虹元大96購01  ,0,0,0,0,0,0,0,0,0,125000,0,0,0,182000,57000,125000,125000
053120,復盛中信9A購01  ,0,0,0,0,0,0,0,0,0,125000,0,0,0,165000,40000,125000,125000
06194P,台積電元富97售05,0,0,0,0,0,0,0,0,0,125000,0,0,0,1189000,1064000,125000,125000
056405,聯茂群益98購01  ,0,0,0,0,0,0,0,0,0,124000,0,0,0,180000,56000,124000,124000
055194,昇陽半元富97購01,0,0,0,0,0,0,0,0,0,124000,0,0,0,274000,150000,124000,124000
047736,聯發科台新94購01,0,0,0,0,0,0,0,0,0,124000,0,0,0,124000,0,124000,124000
051115,華通麥證96購01  ,0,0,0,172000,48000,124000,0,0,0,124000,0,0,0,172000,48000,124000,124000
051168,訊連元大95購02  ,0,0,0,0,0,0,0,0,0,124000,0,0,0,302000,178000,124000,124000
051001,緯穎元大96購02  ,0,0,0,0,0,0,0,0,0,124000,0,0,0,326000,202000,124000,124000
054343,世紀鋼元富96購02,0,0,0,0,0,0,0,0,0,123000,0,0,0,123000,0,123000,123000
044898,旺宏凱基93購01  ,0,0,0,0,0,0,0,0,0,123000,0,0,0,128000,5000,123000,123000
048026,瑞昱凱基94購01  ,0,0,0,0,0,0,0,0,0,123000,0,0,0,154000,31000,123000,123000
053142,緯穎永豐96購01  ,0,0,0,0,0,0,0,0,0,123000,0,0,0,200000,77000,123000,123000
051562,玉晶光國泰97購05,0,0,0,0,0,0,0,0,0,123000,0,0,0,144000,21000,123000,123000
052099,臺股指富邦95購02,0,0,0,0,0,0,0,0,0,123000,0,0,0,127000,4000,123000,123000
056955,台灣50永豐98購01,0,0,0,0,0,0,0,0,0,123000,0,0,0,206000,83000,123000,123000
056298,億光元大97購02  ,0,0,0,0,0,0,0,0,0,122000,0,0,0,122000,0,122000,122000
055844,大毅元大98購01  ,0,0,0,0,0,0,0,0,0,122000,0,0,0,499000,377000,122000,122000
046965,復盛中信93購01  ,0,0,0,0,0,0,0,0,0,122000,0,0,0,122000,0,122000,122000
050240,聯發科凱基94購13,0,0,0,0,0,0,0,0,0,122000,0,0,0,124000,2000,122000,122000
052403,麗豐凱基96購01  ,0,0,0,0,0,0,0,0,0,122000,0,0,0,127000,5000,122000,122000
05306P,泰碩國泰97售01  ,0,0,0,0,0,0,0,0,0,122000,0,0,0,122000,0,122000,122000
047787,正崴群益93購01  ,0,0,0,0,0,0,0,0,0,121000,0,0,0,121000,0,121000,121000
00712,FH富時不動產    ,1000,0,1000,0,0,0,0,0,0,120000,0,0,0,137000,17000,120000,121000
048828,禾伸堂凱基94購02,0,0,0,0,0,0,0,0,0,121000,0,0,0,200000,79000,121000,121000
049309,台達電凱基94購05,0,0,0,0,0,0,0,0,0,121000,0,0,0,121000,0,121000,121000
053980,泰鼎元大97購02  ,0,0,0,0,0,0,0,0,0,121000,0,0,0,437000,316000,121000,121000
055435,佳世達中信99購01,0,0,0,0,0,0,0,0,0,120000,0,0,0,120000,0,120000,120000
054366,和大中信98購01  ,0,0,0,0,0,0,0,0,0,120000,0,0,0,200000,80000,120000,120000
054516,國巨元大97購02  ,0,0,0,0,0,0,0,0,0,120000,0,0,0,165000,45000,120000,120000
055253,大立光統一97購06,0,0,0,0,0,0,0,0,0,120000,0,0,0,300000,180000,120000,120000
055275,台積電元大97購19,0,0,0,0,0,0,0,0,0,120000,0,0,0,250000,130000,120000,120000
049366,聯發科元大94購05,0,0,0,0,0,0,0,0,0,120000,0,0,0,190000,70000,120000,120000
047057,瀚宇博國票93購01,0,0,0,0,0,0,0,0,0,120000,0,0,0,150000,30000,120000,120000
047493,旺宏元富96購01  ,0,0,0,0,0,0,0,0,0,120000,0,0,0,296000,176000,120000,120000
049466,創意台新94購01  ,0,0,0,0,0,0,0,0,0,120000,0,0,0,201000,81000,120000,120000
048418,瑞昱統一93購04  ,0,0,0,0,0,0,0,0,0,120000,0,0,0,170000,50000,120000,120000
048308,儒鴻凱基93購05  ,0,0,0,0,0,0,0,0,0,120000,0,0,0,120000,0,120000,120000
051016,京元電凱基95購03,0,0,0,0,0,0,0,0,0,120000,0,0,0,120000,0,120000,120000
051411,聯發科國票95購05,0,0,0,0,0,0,0,0,0,120000,0,0,0,120000,0,120000,120000
049111,元油2X統一94購03,0,0,0,0,0,0,0,0,0,120000,0,0,0,130000,10000,120000,120000
054110,群創凱基98購09  ,0,0,0,0,0,0,0,0,0,120000,0,0,0,120000,0,120000,120000
052468,超眾統一96購02  ,0,0,0,0,0,0,0,0,0,120000,0,0,0,573000,453000,120000,120000
052094,瀚宇博元大96購02,0,0,0,0,0,0,0,0,0,120000,0,0,0,220000,100000,120000,120000
051832,復盛元大95購01  ,0,0,0,0,0,0,0,0,0,120000,0,0,0,120000,0,120000,120000
054648,智原群益98購01  ,0,0,0,0,0,0,0,0,0,119000,0,0,0,348000,229000,119000,119000
056073,智伸科元大97購01,0,0,0,0,0,0,0,0,0,119000,0,0,0,119000,0,119000,119000
04974P,聯發科凱基96售02,0,0,0,0,0,0,0,0,0,119000,0,0,0,150000,31000,119000,119000
006208,富邦台50        ,0,0,0,0,0,0,0,0,0,119000,0,0,0,543000,424000,119000,119000
049148,全新元大95購01  ,0,0,0,0,0,0,0,0,0,119000,0,0,0,213000,94000,119000,119000
053152,大立光元大99購01,0,0,0,0,0,0,0,0,0,119000,0,0,0,149000,30000,119000,119000
05924P,超眾元富96售04  ,0,0,0,0,0,0,0,0,0,119000,0,0,0,119000,0,119000,119000
2534,宏盛            ,172000,54000,118000,0,0,0,0,0,0,1000,1000,0,1000,0,0,0,119000
056033,T50正2凱基99購02,0,0,0,0,0,0,0,0,0,118000,0,0,0,118000,0,118000,118000
04034P,技嘉群益93售03  ,0,0,0,0,0,0,0,0,0,118000,0,0,0,118000,0,118000,118000
042317,台灣50永豐96購01,0,0,0,0,0,0,0,0,0,118000,0,0,0,123000,5000,118000,118000
047673,瑞昱元富96購01  ,0,0,0,0,0,0,0,0,0,118000,0,0,0,216000,98000,118000,118000
047681,滬深反中信95購01,0,0,0,0,0,0,0,0,0,118000,0,0,0,429000,311000,118000,118000
050397,力成元富94購01  ,0,0,0,0,0,0,0,0,0,118000,0,0,0,352000,234000,118000,118000
054084,旺宏統一97購05  ,0,0,0,0,0,0,0,0,0,118000,0,0,0,128000,10000,118000,118000
056747,致新凱基99購01  ,0,0,0,0,0,0,0,0,0,118000,0,0,0,118000,0,118000,118000
054799,超眾群益98購01  ,0,0,0,0,0,0,0,0,0,117000,0,0,0,128000,11000,117000,117000
054377,臺股指中信99購09,0,0,0,0,0,0,0,0,0,117000,0,0,0,151000,34000,117000,117000
054467,隆達凱基97購01  ,0,0,0,0,0,0,0,0,0,117000,0,0,0,118000,1000,117000,117000
054818,奇力新元大97購05,0,0,0,0,0,0,0,0,0,117000,0,0,0,117000,0,117000,117000
049417,奇力新凱基94購02,0,0,0,0,0,0,0,0,0,117000,0,0,0,129000,12000,117000,117000
053401,臺股指中信99購01,0,0,0,0,0,0,0,0,0,117000,0,0,0,150000,33000,117000,117000
056862,聯發科群益98購03,0,0,0,0,0,0,0,0,0,117000,0,0,0,154000,37000,117000,117000
057078,國巨統一9A購02  ,0,0,0,0,0,0,0,0,0,117000,0,0,0,263000,146000,117000,117000
2501,國建            ,123000,80000,43000,0,0,0,0,0,0,74000,74000,0,74000,0,0,0,117000
2820,華票            ,125000,67000,58000,0,0,0,0,0,0,59000,59000,0,59000,0,0,0,117000
6412,群電            ,177000,98000,79000,0,0,0,0,0,0,38000,41000,3000,38000,0,0,0,117000
6191,精成科          ,243000,114000,129000,0,0,0,0,0,0,-12000,0,18000,-18000,6000,0,6000,117000
055477,同欣電凱基98購01,0,0,0,0,0,0,0,0,0,116000,0,0,0,187000,71000,116000,116000
00650L,FH香港正2       ,0,0,0,0,0,0,0,0,0,116000,0,0,0,279000,163000,116000,116000
048512,全新凱基93購04  ,0,0,0,0,0,0,0,0,0,116000,0,0,0,592000,476000,116000,116000
051211,道瓊反統一95購01,0,0,0,0,0,0,0,0,0,116000,0,0,0,116000,0,116000,116000
053229,南電台新97購01  ,0,0,0,0,0,0,0,0,0,116000,0,0,0,128000,12000,116000,116000
054173,奇力新台新97購02,0,0,0,0,0,0,0,0,0,116000,0,0,0,141000,25000,116000,116000
053904,漢唐凱基97購01  ,0,0,0,0,0,0,0,0,0,116000,0,0,0,116000,0,116000,116000
052653,臺股指永豐97購01,0,0,0,0,0,0,0,0,0,116000,0,0,0,166000,50000,116000,116000
6196,帆宣            ,601000,530000,71000,0,0,0,0,0,0,45000,35000,0,35000,28000,18000,10000,116000
05683P,矽創元大96售01  ,0,0,0,0,0,0,0,0,0,116000,0,0,0,116000,0,116000,116000
055976,台積電統一99購03,0,0,0,0,0,0,0,0,0,115000,0,0,0,119000,4000,115000,115000
054970,帆宣元大97購01  ,0,0,0,0,0,0,0,0,0,115000,0,0,0,143000,28000,115000,115000
055365,華通元大97購03  ,0,0,0,0,0,0,0,0,0,115000,0,0,0,399000,284000,115000,115000
054735,漢唐凱基98購01  ,0,0,0,0,0,0,0,0,0,115000,0,0,0,128000,13000,115000,115000
047999,聯發科元大93購22,0,0,0,0,0,0,0,0,0,115000,0,0,0,145000,30000,115000,115000
045871,元油2X元富96購03,0,0,0,0,0,0,0,0,0,115000,0,0,0,140000,25000,115000,115000
047696,聯發科國票94購02,0,0,0,0,0,0,0,0,0,115000,0,0,0,165000,50000,115000,115000
047010,聯詠統一93購05  ,0,0,0,0,0,0,0,0,0,115000,0,0,0,283000,168000,115000,115000
046671,彩晶元大93購03  ,0,0,0,0,0,0,0,0,0,115000,0,0,0,130000,15000,115000,115000
046474,創意永豐92購03  ,0,0,0,0,0,0,0,0,0,115000,0,0,0,165000,50000,115000,115000
051329,智邦永豐95購01  ,0,0,0,0,0,0,0,0,0,115000,0,0,0,115000,0,115000,115000
051490,世芯凱基96購01  ,0,0,0,0,0,0,0,0,0,115000,0,0,0,118000,3000,115000,115000
048158,大立光兆豐95購01,0,0,0,0,0,0,0,0,0,115000,0,0,0,120000,5000,115000,115000
050218,世紀鋼統一94購02,0,0,0,0,0,0,0,0,0,115000,0,0,0,140000,25000,115000,115000
049826,光磊凱基94購02  ,0,0,0,0,0,0,0,0,0,115000,0,0,0,115000,0,115000,115000
048243,儒鴻兆豐94購01  ,0,0,0,0,0,0,0,0,0,115000,0,0,0,130000,15000,115000,115000
052723,新唐統一97購01  ,0,0,0,0,0,0,0,0,0,115000,0,0,0,115000,0,115000,115000
053187,國巨統一96購05  ,0,0,0,0,0,0,0,0,0,115000,0,0,0,119000,4000,115000,115000
053525,台積電中信96購04,0,0,0,0,0,0,0,0,0,115000,0,0,0,125000,10000,115000,115000
05974P,國巨富邦97售03  ,0,0,0,0,0,0,0,0,0,115000,0,0,0,125000,10000,115000,115000
045643,臻鼎凱基93購01  ,0,0,0,0,0,0,0,0,0,114000,0,0,0,116000,2000,114000,114000
048185,台郡群益93購04  ,0,0,0,0,0,0,0,0,0,114000,0,0,0,114000,0,114000,114000
04995P,台達電凱基96售03,0,0,0,0,0,0,0,0,0,114000,0,0,0,114000,0,114000,114000
053341,聯發科國票97購03,0,0,0,0,0,0,0,0,0,114000,0,0,0,169000,55000,114000,114000
053860,台積電元大98購03,0,0,0,0,0,0,0,0,0,114000,0,0,0,340000,226000,114000,114000
5434,崇越            ,406000,350000,56000,0,0,0,2000,0,2000,56000,5000,1000,4000,52000,0,52000,114000
03027P,玉晶光元大01售09,0,0,0,0,0,0,0,0,0,113000,0,0,0,113000,0,113000,113000
054096,佳世達國票97購01,0,0,0,0,0,0,0,0,0,113000,0,0,0,140000,27000,113000,113000
052547,光磊兆豐96購01  ,0,0,0,0,0,0,0,0,0,113000,0,0,0,113000,0,113000,113000
052376,聯詠元大95購04  ,0,0,0,0,0,0,0,0,0,113000,0,0,0,138000,25000,113000,113000
051937,廣達群益95購01  ,0,0,0,0,0,0,0,0,0,113000,0,0,0,136000,23000,113000,113000
055252,新光金統一98購02,0,0,0,0,0,0,0,0,0,112000,0,0,0,277000,165000,112000,112000
048338,正崴元大93購01  ,0,0,0,0,0,0,0,0,0,112000,0,0,0,122000,10000,112000,112000
051533,健鼎國票96購02  ,0,0,0,0,0,0,0,0,0,112000,0,0,0,330000,218000,112000,112000
051322,國泰金國票96購01,0,0,0,0,0,0,0,0,0,112000,0,0,0,178000,66000,112000,112000
052076,可成元富98購01  ,0,0,0,0,0,0,0,0,0,112000,0,0,0,196000,84000,112000,112000
052833,康控群益96購01  ,0,0,0,0,0,0,0,0,0,112000,0,0,0,260000,148000,112000,112000
054028,臻鼎凱基96購03  ,0,0,0,0,0,0,0,0,0,112000,0,0,0,112000,0,112000,112000
053713,漢唐凱基96購04  ,0,0,0,0,0,0,0,0,0,112000,0,0,0,165000,53000,112000,112000
5234,達興材料        ,123000,11000,112000,0,0,0,0,0,0,0,3000,3000,0,0,0,0,112000
9945,潤泰新          ,264000,189919,74081,0,0,0,0,0,0,37000,41000,4000,37000,0,0,0,111081
054487,京元電台新97購01,0,0,0,0,0,0,0,0,0,111000,0,0,0,242000,131000,111000,111000
044995,大立光國泰94購01,0,0,0,0,0,0,0,0,0,111000,0,0,0,311000,200000,111000,111000
052043,瑞昱日盛95購01  ,0,0,0,0,0,0,0,0,0,111000,0,0,0,494000,383000,111000,111000
05801P,正崴兆豐96售01  ,0,0,0,0,0,0,0,0,0,111000,0,0,0,111000,0,111000,111000
054598,鴻海台新98購01  ,0,0,0,0,0,0,0,0,0,110000,0,0,0,110000,0,110000,110000
055385,昇陽半元大98購01,0,0,0,0,0,0,0,0,0,110000,0,0,0,166000,56000,110000,110000
055768,臺股指群益97購06,0,0,0,0,0,0,0,0,0,110000,0,0,0,110000,0,110000,110000
055657,超眾元富97購02  ,0,0,0,0,0,0,0,0,0,110000,0,0,0,370000,260000,110000,110000
056182,台光電統一97購03,0,0,0,0,0,0,0,0,0,110000,0,0,0,110000,0,110000,110000
044965,大立光中信95購01,0,0,0,0,0,0,0,0,0,110000,0,0,0,110000,0,110000,110000
048028,聯發科凱基93購25,0,0,0,0,0,0,0,0,0,110000,0,0,0,110000,0,110000,110000
049612,香港反中信96購01,0,0,0,0,0,0,0,0,0,110000,0,0,0,130000,20000,110000,110000
050871,麗豐永豐95購01  ,0,0,0,0,0,0,0,0,0,110000,0,0,0,110000,0,110000,110000
049436,義隆國泰96購02  ,0,0,0,0,0,0,0,0,0,110000,0,0,0,115000,5000,110000,110000
049058,茂林永豐94購02  ,0,0,0,0,0,0,0,0,0,110000,0,0,0,110000,0,110000,110000
05053P,新日興群益95售01,0,0,0,0,0,0,0,0,0,110000,0,0,0,110000,0,110000,110000
051844,宏達電富邦96購01,0,0,0,0,0,0,0,0,0,110000,0,0,0,131000,21000,110000,110000
05986P,大立光統一97售03,0,0,0,0,0,0,0,0,0,110000,0,0,0,120000,10000,110000,110000
6477,安集            ,114000,6000,108000,0,0,0,0,0,0,2000,2000,0,2000,0,0,0,110000
049301,致新群益95購01  ,0,0,0,0,0,0,0,0,0,109000,0,0,0,109000,0,109000,109000
052088,漢唐元大95購02  ,0,0,0,0,0,0,0,0,0,109000,0,0,0,109000,0,109000,109000
053910,嘉聯益凱基98購01,0,0,0,0,0,0,0,0,0,109000,0,0,0,161000,52000,109000,109000
053018,旺宏元富96購02  ,0,0,0,0,0,0,0,0,0,109000,0,0,0,109000,0,109000,109000
055614,華新科國票97購02,0,0,0,0,0,0,0,0,0,108000,0,0,0,185000,77000,108000,108000
046804,群創元大94購01  ,0,0,0,0,0,0,0,0,0,108000,0,0,0,108000,0,108000,108000
053520,康友群益96購01  ,0,0,0,0,0,0,0,0,0,108000,0,0,0,137000,29000,108000,108000
054528,台光電統一96購02,0,0,0,0,0,0,0,0,0,107000,0,0,0,107000,0,107000,107000
054737,京元電凱基99購01,0,0,0,0,0,0,0,0,0,107000,0,0,0,230000,123000,107000,107000
050447,廣達元大94購01  ,0,0,0,0,0,0,0,0,0,107000,0,0,0,139000,32000,107000,107000
05028P,康控永豐95售02  ,0,0,0,0,0,0,0,0,0,107000,0,0,0,127000,20000,107000,107000
053245,全新國票97購01  ,0,0,0,0,0,0,0,0,0,107000,0,0,0,107000,0,107000,107000
053894,創意群益96購01  ,0,0,0,0,0,0,0,0,0,107000,0,0,0,444000,337000,107000,107000
055332,奇力新兆豐98購01,0,0,0,0,0,0,0,0,0,106000,0,0,0,137000,31000,106000,106000
05492P,聯茂元大95售02  ,0,0,0,0,0,0,0,0,0,106000,0,0,0,133000,27000,106000,106000
049779,創意統一95購01  ,0,0,0,0,0,0,0,0,0,106000,0,0,0,106000,0,106000,106000
050315,和碩兆豐95購01  ,0,0,0,0,0,0,0,0,0,106000,0,0,0,116000,10000,106000,106000
048977,晶相光元大94購01,0,0,0,0,0,0,0,0,0,106000,0,0,0,106000,0,106000,106000
050765,鴻海元大96購02  ,0,0,0,0,0,0,0,0,0,106000,0,0,0,663000,557000,106000,106000
057049,新日興元大98購02,0,0,0,0,0,0,0,0,0,106000,0,0,0,202000,96000,106000,106000
057052,華擎元大98購01  ,0,0,0,0,0,0,0,0,0,106000,0,0,0,160000,54000,106000,106000
2382,廣達            ,2491000,2762622,-271622,0,0,0,20000,9000,11000,366000,618000,137000,481000,5000,120000,-115000,105378
056158,新日興凱基98購02,0,0,0,0,0,0,0,0,0,105000,0,0,0,105000,0,105000,105000
03085P,台積電元大01售34,0,0,0,0,0,0,0,0,0,105000,0,0,0,105000,0,105000,105000
051149,可成凱基95購04  ,0,0,0,0,0,0,0,0,0,105000,0,0,0,120000,15000,105000,105000
050329,超眾永豐94購03  ,0,0,0,0,0,0,0,0,0,105000,0,0,0,105000,0,105000,105000
049854,超眾群益94購02  ,0,0,0,0,0,0,0,0,0,105000,0,0,0,115000,10000,105000,105000
050121,南電元大95購02  ,0,0,0,0,0,0,0,0,0,105000,0,0,0,215000,110000,105000,105000
050008,超眾永豐94購02  ,0,0,0,0,0,0,0,0,0,105000,0,0,0,105000,0,105000,105000
053653,京元電凱基96購02,0,0,0,0,0,0,0,0,0,105000,0,0,0,133000,28000,105000,105000
3003,健和興          ,145000,58000,87000,0,0,0,0,0,0,18000,4000,0,4000,14000,0,14000,105000
056245,嘉澤群益97購01  ,0,0,0,0,0,0,0,0,0,104000,0,0,0,128000,24000,104000,104000
056504,國巨永豐98購02  ,0,0,0,0,0,0,0,0,0,104000,0,0,0,107000,3000,104000,104000
054371,台積電中信9C購01,0,0,0,0,0,0,0,0,0,104000,0,0,0,149000,45000,104000,104000
044022,健策凱基93購02  ,0,0,0,0,0,0,0,0,0,104000,0,0,0,107000,3000,104000,104000
046026,友訊元大92購01  ,0,0,0,0,0,0,0,0,0,104000,0,0,0,234000,130000,104000,104000
046362,華通永豐92購02  ,0,0,0,0,0,0,0,0,0,104000,0,0,0,214000,110000,104000,104000
047047,旺宏國票95購01  ,0,0,0,0,0,0,0,0,0,104000,0,0,0,137000,33000,104000,104000
053716,京元電凱基97購01,0,0,0,0,0,0,0,0,0,104000,0,0,0,141000,37000,104000,104000
053184,世紀鋼元富96購01,0,0,0,0,0,0,0,0,0,104000,0,0,0,104000,0,104000,104000
053137,旺宏富邦98購01  ,0,0,0,0,0,0,0,0,0,104000,0,0,0,123000,19000,104000,104000
3047,訊舟            ,113000,9000,104000,0,0,0,0,0,0,0,0,0,0,0,0,0,104000
054336,台積電統一96購11,0,0,0,0,0,0,0,0,0,103000,0,0,0,103000,0,103000,103000
054816,聯發科元大97購12,0,0,0,0,0,0,0,0,0,103000,0,0,0,113000,10000,103000,103000
054973,台郡元大98購02  ,0,0,0,0,0,0,0,0,0,103000,0,0,0,171000,68000,103000,103000
055222,臺股指凱基97購05,0,0,0,0,0,0,0,0,0,103000,0,0,0,105000,2000,103000,103000
047689,瑞昱富邦97購01  ,0,0,0,0,0,0,0,0,0,103000,0,0,0,315000,212000,103000,103000
046448,亞德客凱基92購03,0,0,0,0,0,0,0,0,0,103000,0,0,0,103000,0,103000,103000
046882,智易富邦97購01  ,0,0,0,0,0,0,0,0,0,103000,0,0,0,105000,2000,103000,103000
042903,金寶元大94購01  ,0,0,0,0,0,0,0,0,0,103000,0,0,0,233000,130000,103000,103000
048536,南電國票93購04  ,0,0,0,0,0,0,0,0,0,103000,0,0,0,180000,77000,103000,103000
050829,臻鼎凱基96購01  ,0,0,0,0,0,0,0,0,0,103000,0,0,0,103000,0,103000,103000
051687,大立光凱基95購12,0,0,0,0,0,0,0,0,0,103000,0,0,0,105000,2000,103000,103000
056619,強茂永豐98購01  ,0,0,0,0,0,0,0,0,0,103000,0,0,0,113000,10000,103000,103000
2395,研華            ,401000,317464,83536,0,0,0,0,0,0,19000,19000,0,19000,0,0,0,102536
055220,緯穎凱基98購02  ,0,0,0,0,0,0,0,0,0,102000,0,0,0,143000,41000,102000,102000
054370,台積電中信9A購01,0,0,0,0,0,0,0,0,0,102000,0,0,0,149000,47000,102000,102000
03444P,道瓊銀群益02售04,0,0,0,0,0,0,0,0,0,102000,0,0,0,108000,6000,102000,102000
04228P,貿聯永豐93售03  ,0,0,0,0,0,0,0,0,0,102000,0,0,0,102000,0,102000,102000
00665L,富邦恒生國企正2 ,9000,0,9000,0,0,0,0,0,0,93000,0,0,0,126000,33000,93000,102000
047354,訊芯凱基94購01  ,0,0,0,0,0,0,0,0,0,102000,0,0,0,149000,47000,102000,102000
04630P,嘉聯益元大95售02,0,0,0,0,0,0,0,0,0,102000,0,0,0,155000,53000,102000,102000
051455,樺漢元大96購01  ,0,0,0,0,0,0,0,0,0,102000,0,0,0,110000,8000,102000,102000
1319,東陽            ,266000,157000,109000,0,0,0,0,34000,-34000,27000,32000,0,32000,0,5000,-5000,102000
3532,台勝科          ,273000,116000,157000,0,0,0,0,0,0,-55000,11000,17000,-6000,0,49000,-49000,102000
6139,亞翔            ,181000,106000,75000,0,0,0,0,0,0,27000,1000,0,1000,30000,4000,26000,102000
055092,開發金群益9B購01,0,0,0,0,0,0,0,0,0,101000,0,0,0,111000,10000,101000,101000
00648R,元大S&P500反1   ,0,0,0,0,0,0,0,0,0,101000,0,0,0,147000,46000,101000,101000
03769P,聯發科元大93售04,0,0,0,0,0,0,0,0,0,101000,0,0,0,671000,570000,101000,101000
051684,瑞昱凱基95購02  ,0,0,0,0,0,0,0,0,0,101000,0,0,0,145000,44000,101000,101000
052765,新日興群益97購01,0,0,0,0,0,0,0,0,0,101000,0,0,0,268000,167000,101000,101000
052571,新光金凱基98購02,0,0,0,0,0,0,0,0,0,101000,0,0,0,129000,28000,101000,101000
053439,台積電凱基96購11,0,0,0,0,0,0,0,0,0,101000,0,0,0,101000,0,101000,101000
054053,聯茂元大96購01  ,0,0,0,0,0,0,0,0,0,101000,0,0,0,219000,118000,101000,101000
5258,虹堡            ,119000,18000,101000,0,0,0,0,0,0,0,0,0,0,0,0,0,101000
06363P,臺股指麥證97售02,0,0,0,101000,0,101000,0,0,0,101000,0,0,0,101000,0,101000,101000
06452P,大立光元大98售08,0,0,0,0,0,0,0,0,0,101000,0,0,0,112000,11000,101000,101000
055095,啟碁群益98購01  ,0,0,0,0,0,0,0,0,0,100000,0,0,0,100000,0,100000,100000
054957,興富發元大97購01,0,0,0,0,0,0,0,0,0,100000,0,0,0,150000,50000,100000,100000
055414,奇力新富邦9B購01,0,0,0,0,0,0,0,0,0,100000,0,0,0,128000,28000,100000,100000
054653,聯發科麥證97購02,0,0,0,100000,0,100000,0,0,0,100000,0,0,0,100000,0,100000,100000
056216,智原第一97購01  ,0,0,0,0,0,0,0,0,0,100000,0,0,0,100000,0,100000,100000
05607P,華通日盛96售01  ,0,0,0,0,0,0,0,0,0,100000,0,0,0,100000,0,100000,100000
056034,華通凱基98購01  ,0,0,0,0,0,0,0,0,0,100000,0,0,0,154000,54000,100000,100000
03799P,京元電元大94售01,0,0,0,0,0,0,0,0,0,100000,0,0,0,100000,0,100000,100000
03450P,元油2X元富98售05,0,0,0,0,0,0,0,0,0,100000,0,0,0,100000,0,100000,100000
045165,台虹國泰93購01  ,0,0,0,0,0,0,0,0,0,100000,0,0,0,100000,0,100000,100000
042679,群創元大92購02  ,0,0,0,0,0,0,0,0,0,100000,0,0,0,100000,0,100000,100000
047734,欣興兆豐94購02  ,0,0,0,0,0,0,0,0,0,100000,0,0,0,200000,100000,100000,100000
044487,元油2X元大94購01,0,0,0,0,0,0,0,0,0,100000,0,0,0,300000,200000,100000,100000
044354,奇鋐元大93購02  ,0,0,0,0,0,0,0,0,0,100000,0,0,0,100000,0,100000,100000
047866,得力永豐93購01  ,0,0,0,0,0,0,0,0,0,100000,0,0,0,100000,0,100000,100000
04414P,牧德元富94售04  ,0,0,0,0,0,0,0,0,0,100000,0,0,0,500000,400000,100000,100000
04476P,玉晶光元大94售05,0,0,0,0,0,0,0,0,0,100000,0,0,0,100000,0,100000,100000
04702P,臺股指元富94售08,0,0,0,0,0,0,0,0,0,100000,0,0,0,100000,0,100000,100000
047405,香港2X統一96購01,0,0,0,0,0,0,0,0,0,100000,0,0,0,100000,0,100000,100000
046511,欣興元大92購08  ,0,0,0,0,0,0,0,0,0,100000,0,0,0,100000,0,100000,100000
047922,聯發科凱基94購01,0,0,0,0,0,0,0,0,0,100000,0,0,0,100000,0,100000,100000
047643,新光金元大95購02,0,0,0,0,0,0,0,0,0,100000,0,0,0,100000,0,100000,100000
047595,元石油元富97購01,0,0,0,0,0,0,0,0,0,100000,0,0,0,100000,0,100000,100000
047549,聯發科凱基93購12,0,0,0,0,0,0,0,0,0,100000,0,0,0,100000,0,100000,100000
04588P,茂林永豐94售04  ,0,0,0,0,0,0,0,0,0,100000,0,0,0,100000,0,100000,100000
051248,華固元大95購01  ,0,0,0,0,0,0,0,0,0,100000,0,0,0,100000,0,100000,100000
050963,強茂永豐95購01  ,0,0,0,0,0,0,0,0,0,100000,0,0,0,100000,0,100000,100000
050710,元黃金中信96購01,0,0,0,0,0,0,0,0,0,100000,0,0,0,100000,0,100000,100000
049813,康控元大96購02  ,0,0,0,0,0,0,0,0,0,100000,0,0,0,100000,0,100000,100000
050284,台泥凱基94購01  ,0,0,0,0,0,0,0,0,0,100000,0,0,0,100000,0,100000,100000
048423,聯發科元富93購02,0,0,0,0,0,0,0,0,0,100000,0,0,0,100000,0,100000,100000
048189,臺指反元大96購06,0,0,0,0,0,0,0,0,0,100000,0,0,0,100000,0,100000,100000
048066,樺漢統一93購01  ,0,0,0,0,0,0,0,0,0,100000,0,0,0,100000,0,100000,100000
048573,世紀鋼元大93購05,0,0,0,0,0,0,0,0,0,100000,0,0,0,100000,0,100000,100000
050546,可成凱基94購13  ,0,0,0,0,0,0,0,0,0,100000,0,0,0,100000,0,100000,100000
049852,康控群益94購03  ,0,0,0,0,0,0,0,0,0,100000,0,0,0,100000,0,100000,100000
050429,漢唐凱基94購04  ,0,0,0,0,0,0,0,0,0,100000,0,0,0,100000,0,100000,100000
053870,正文元大96購01  ,0,0,0,0,0,0,0,0,0,100000,0,0,0,100000,0,100000,100000
053786,新日興元大96購02,0,0,0,0,0,0,0,0,0,100000,0,0,0,100000,0,100000,100000
053789,彩晶元大9C購02  ,0,0,0,0,0,0,0,0,0,100000,0,0,0,100000,0,100000,100000
053422,可成永豐96購01  ,0,0,0,0,0,0,0,0,0,100000,0,0,0,100000,0,100000,100000
053473,聯發科元大96購15,0,0,0,0,0,0,0,0,0,100000,0,0,0,161000,61000,100000,100000
053526,正崴中信96購01  ,0,0,0,0,0,0,0,0,0,100000,0,0,0,100000,0,100000,100000
053284,樺漢元大97購01  ,0,0,0,0,0,0,0,0,0,100000,0,0,0,100000,0,100000,100000
052372,台泥元大95購02  ,0,0,0,0,0,0,0,0,0,100000,0,0,0,100000,0,100000,100000
052718,新唐凱基96購01  ,0,0,0,0,0,0,0,0,0,100000,0,0,0,100000,0,100000,100000
052774,京元電亞東96購01,0,0,0,0,0,0,0,0,0,100000,0,0,0,100000,0,100000,100000
052906,緯創國票97購01  ,0,0,0,0,0,0,0,0,0,100000,0,0,0,110000,10000,100000,100000
051595,康控元大95購04  ,0,0,0,0,0,0,0,0,0,100000,0,0,0,100000,0,100000,100000
051837,國巨國泰96購04  ,0,0,0,0,0,0,0,0,0,100000,0,0,0,100000,0,100000,100000
052140,鈺齊凱基95購02  ,0,0,0,0,0,0,0,0,0,100000,0,0,0,100000,0,100000,100000
052122,新光金國票96購01,0,0,0,0,0,0,0,0,0,100000,0,0,0,100000,0,100000,100000
052111,智原元富95購01  ,0,0,0,0,0,0,0,0,0,100000,0,0,0,100000,0,100000,100000
052175,可成元大95購10  ,0,0,0,0,0,0,0,0,0,100000,0,0,0,100000,0,100000,100000
056874,友達凱基98購08  ,0,0,0,0,0,0,0,0,0,100000,0,0,0,100000,0,100000,100000
057006,國巨中信98購03  ,0,0,0,0,0,0,0,0,0,100000,0,0,0,150000,50000,100000,100000
5243,乙盛-KY         ,221000,122000,99000,0,0,0,0,0,0,1000,1000,0,1000,0,0,0,100000
4190,佐登-KY         ,144000,66000,78000,0,0,0,0,0,0,22000,0,4000,-4000,35000,9000,26000,100000
2402,毅嘉            ,137000,39000,98000,0,0,0,0,0,0,2000,2000,0,2000,0,0,0,100000
055582,亞德客元大97購01,0,0,0,0,0,0,0,0,0,99000,0,0,0,262000,163000,99000,99000
056431,鴻海凱基98購07  ,0,0,0,0,0,0,0,0,0,99000,0,0,0,186000,87000,99000,99000
050004,明泰永豐94購01  ,0,0,0,0,0,0,0,0,0,99000,0,0,0,99000,0,99000,99000
050297,欣興凱基94購08  ,0,0,0,0,0,0,0,0,0,99000,0,0,0,100000,1000,99000,99000
052212,可成元大95購11  ,0,0,0,0,0,0,0,0,0,99000,0,0,0,210000,111000,99000,99000
052001,寶成元大95購02  ,0,0,0,0,0,0,0,0,0,99000,0,0,0,406000,307000,99000,99000
053417,上銀永豐96購02  ,0,0,0,0,0,0,0,0,0,99000,0,0,0,142000,43000,99000,99000
053857,宏達電富邦97購02,0,0,0,0,0,0,0,0,0,99000,0,0,0,100000,1000,99000,99000
053589,宏達電元大97購02,0,0,0,0,0,0,0,0,0,99000,0,0,0,100000,1000,99000,99000
054138,晶技元大98購02  ,0,0,0,0,0,0,0,0,0,99000,0,0,0,156000,57000,99000,99000
056949,義隆統一98購01  ,0,0,0,0,0,0,0,0,0,99000,0,0,0,99000,0,99000,99000
055553,聯發科凱基97購05,0,0,0,0,0,0,0,0,0,98000,0,0,0,108000,10000,98000,98000
047968,南電國泰94購01  ,0,0,0,0,0,0,0,0,0,98000,0,0,0,411000,313000,98000,98000
047327,中磊元大93購04  ,0,0,0,0,0,0,0,0,0,98000,0,0,0,98000,0,98000,98000
046647,高鐵國泰93購01  ,0,0,0,0,0,0,0,0,0,98000,0,0,0,98000,0,98000,98000
046991,健策凱基93購04  ,0,0,0,0,0,0,0,0,0,98000,0,0,0,138000,40000,98000,98000
050298,智伸科凱基94購02,0,0,0,0,0,0,0,0,0,98000,0,0,0,98000,0,98000,98000
048177,臺指反富邦99購01,0,0,0,0,0,0,0,0,0,98000,0,0,0,100000,2000,98000,98000
049283,滬深2X中信95購10,0,0,0,0,0,0,0,0,0,98000,0,0,0,100000,2000,98000,98000
049998,奇力新永豐94購03,0,0,0,0,0,0,0,0,0,98000,0,0,0,118000,20000,98000,98000
050422,鴻海凱基96購01  ,0,0,0,0,0,0,0,0,0,98000,0,0,0,189000,91000,98000,98000
053600,同欣電元大96購04,0,0,0,0,0,0,0,0,0,98000,0,0,0,167000,69000,98000,98000
053659,智原凱基97購01  ,0,0,0,0,0,0,0,0,0,98000,0,0,0,99000,1000,98000,98000
053355,超眾兆豐97購01  ,0,0,0,0,0,0,0,0,0,98000,0,0,0,139000,41000,98000,98000
053427,鎧勝永豐96購02  ,0,0,0,0,0,0,0,0,0,98000,0,0,0,98000,0,98000,98000
053016,鈺齊統一96購01  ,0,0,0,0,0,0,0,0,0,98000,0,0,0,148000,50000,98000,98000
053001,力山永豐96購01  ,0,0,0,0,0,0,0,0,0,98000,0,0,0,99000,1000,98000,98000
051987,廣達元大95購01  ,0,0,0,0,0,0,0,0,0,98000,0,0,0,144000,46000,98000,98000
2913,農林            ,149000,96000,53000,0,0,0,0,0,0,45000,25000,0,25000,20000,0,20000,98000
6202,盛群            ,135000,44000,91000,0,0,0,0,0,0,7000,7000,0,7000,0,0,0,98000
05543P,鴻海元富96售04  ,0,0,0,0,0,0,0,0,0,97000,0,0,0,100000,3000,97000,97000
054352,世芯國泰98購01  ,0,0,0,0,0,0,0,0,0,97000,0,0,0,162000,65000,97000,97000
047128,新日興日盛93購01,0,0,0,0,0,0,0,0,0,97000,0,0,0,97000,0,97000,97000
044964,旺宏中信94購01  ,0,0,0,0,0,0,0,0,0,97000,0,0,0,340000,243000,97000,97000
044934,玉晶光元大93購01,86000,0,86000,0,0,0,0,0,0,11000,0,0,0,180000,169000,11000,97000
045293,鴻海元大94購01  ,0,0,0,0,0,0,0,0,0,97000,0,0,0,233000,136000,97000,97000
049915,瑞昱元大94購07  ,0,0,0,0,0,0,0,0,0,97000,0,0,0,119000,22000,97000,97000
048824,聯發科凱基94購03,0,0,0,0,0,0,0,0,0,97000,0,0,0,117000,20000,97000,97000
053326,瀚宇博台新96購01,0,0,0,0,0,0,0,0,0,97000,0,0,0,97000,0,97000,97000
054132,聯發科元大97購10,0,0,0,0,0,0,0,0,0,97000,0,0,0,199000,102000,97000,97000
06375P,矽力元大97售06  ,0,0,0,0,0,0,0,0,0,97000,0,0,0,99000,2000,97000,97000
05849P,臺股指元大96售25,0,0,0,0,0,0,0,0,0,97000,0,0,0,486000,389000,97000,97000
055335,健策兆豐98購01  ,0,0,0,0,0,0,0,0,0,96000,0,0,0,156000,60000,96000,96000
055270,上銀元大97購03  ,0,0,0,0,0,0,0,0,0,96000,0,0,0,178000,82000,96000,96000
048582,國泰金富邦93購01,0,0,0,0,0,0,0,0,0,96000,0,0,0,144000,48000,96000,96000
05040P,聯發科凱基95售05,0,0,0,0,0,0,0,0,0,96000,0,0,0,96000,0,96000,96000
050335,正崴國泰96購01  ,0,0,0,0,0,0,0,0,0,96000,0,0,0,96000,0,96000,96000
050111,全新元大95購02  ,0,0,0,0,0,0,0,0,0,96000,0,0,0,139000,43000,96000,96000
050261,國巨元大95購04  ,0,0,0,0,0,0,0,0,0,96000,0,0,0,116000,20000,96000,96000
051186,創意永豐95購01  ,0,0,0,0,0,0,0,0,0,96000,0,0,0,313000,217000,96000,96000
053667,鴻海統一96購12  ,0,0,0,0,0,0,0,0,0,96000,0,0,0,96000,0,96000,96000
051704,智邦群益95購02  ,0,0,0,0,0,0,0,0,0,96000,0,0,0,152000,56000,96000,96000
052705,超眾國票97購01  ,0,0,0,0,0,0,0,0,0,96000,0,0,0,156000,60000,96000,96000
5907,大洋-KY         ,109000,13000,96000,0,0,0,0,0,0,0,1000,1000,0,0,0,0,96000
2485,兆赫            ,131000,51000,80000,0,0,0,0,0,0,16000,11000,0,11000,5000,0,5000,96000
055681,奇鋐凱基98購03  ,0,0,0,0,0,0,0,0,0,95000,0,0,0,130000,35000,95000,95000
055995,華擎國泰99購01  ,0,0,0,0,0,0,0,0,0,95000,0,0,0,103000,8000,95000,95000
00830,國泰費城半導體  ,43000,0,43000,0,0,0,0,0,0,52000,0,0,0,167000,115000,52000,95000
04136P,智邦元大93售09  ,0,0,0,0,0,0,0,0,0,95000,0,0,0,204000,109000,95000,95000
048099,健策凱基93購06  ,0,0,0,0,0,0,0,0,0,95000,0,0,0,116000,21000,95000,95000
050063,聯發科凱基94購09,0,0,0,0,0,0,0,0,0,95000,0,0,0,105000,10000,95000,95000
052214,智伸科元大96購01,0,0,0,0,0,0,0,0,0,95000,0,0,0,100000,5000,95000,95000
05409P,京元電元富95售05,0,0,0,0,0,0,0,0,0,95000,0,0,0,105000,10000,95000,95000
052972,義隆群益96購04  ,0,0,0,0,0,0,0,0,0,95000,0,0,0,177000,82000,95000,95000
2316,楠梓電          ,345000,709000,-364000,0,0,0,0,0,0,459000,5000,0,5000,486000,32000,454000,95000
05957P,友達國票97售04  ,0,0,0,0,0,0,0,0,0,95000,0,0,0,95000,0,95000,95000
054914,億光凱基98購01  ,0,0,0,0,0,0,0,0,0,94000,0,0,0,106000,12000,94000,94000
054828,正崴國泰99購01  ,0,0,0,0,0,0,0,0,0,94000,0,0,0,94000,0,94000,94000
00728,第一金工業30    ,0,0,0,0,0,0,0,0,0,94000,0,0,0,641000,547000,94000,94000
04456P,日月光統一94售01,0,0,0,0,0,0,0,0,0,94000,0,0,0,135000,41000,94000,94000
044124,燿華凱基93購01  ,0,0,0,0,0,0,0,0,0,94000,0,0,0,94000,0,94000,94000
04696P,亞德客國泰95售02,0,0,0,0,0,0,0,0,0,94000,0,0,0,100000,6000,94000,94000
046934,智邦元富96購01  ,0,0,0,0,0,0,0,0,0,94000,0,0,0,268000,174000,94000,94000
045866,南茂統一94購01  ,0,0,0,0,0,0,0,0,0,94000,0,0,0,94000,0,94000,94000
047442,聯詠元大93購09  ,0,0,0,0,0,0,0,0,0,94000,0,0,0,94000,0,94000,94000
048042,廣越康和93購02  ,0,0,0,0,0,0,0,0,0,94000,0,0,0,94000,0,94000,94000
049055,聯詠永豐94購01  ,0,0,0,0,0,0,0,0,0,94000,0,0,0,162000,68000,94000,94000
049311,漢唐凱基94購03  ,0,0,0,0,0,0,0,0,0,94000,0,0,0,94000,0,94000,94000
048652,巨大元大96購01  ,0,0,0,0,0,0,0,0,0,94000,0,0,0,100000,6000,94000,94000
053021,國巨國泰97購04  ,0,0,0,0,0,0,0,0,0,94000,0,0,0,94000,0,94000,94000
053024,國巨富邦97購02  ,0,0,0,0,0,0,0,0,0,94000,0,0,0,187000,93000,94000,94000
053568,智伸科富邦98購01,0,0,0,0,0,0,0,0,0,94000,0,0,0,113000,19000,94000,94000
051752,緯穎富邦96購01  ,0,0,0,0,0,0,0,0,0,94000,0,0,0,133000,39000,94000,94000
052767,智伸科群益98購01,0,0,0,0,0,0,0,0,0,94000,0,0,0,94000,0,94000,94000
5876,上海商銀        ,2146000,2137956,8044,0,0,0,0,0,0,85000,125000,50000,75000,25000,15000,10000,93044
055033,漢唐富邦98購01  ,0,0,0,0,0,0,0,0,0,93000,0,0,0,99000,6000,93000,93000
055728,緯穎元大97購03  ,0,0,0,0,0,0,0,0,0,93000,0,0,0,190000,97000,93000,93000
055517,國巨中信97購03  ,0,0,0,0,0,0,0,0,0,93000,0,0,0,151000,58000,93000,93000
03857P,聯發科元富99售02,0,0,0,0,0,0,0,0,0,93000,0,0,0,331000,238000,93000,93000
049324,臺股指凱基94購06,0,0,0,0,0,0,0,0,0,93000,0,0,0,93000,0,93000,93000
049049,玉晶光康和94購02,0,0,0,0,0,0,0,0,0,93000,0,0,0,129000,36000,93000,93000
052910,鴻海統一96購10  ,0,0,0,0,0,0,0,0,0,93000,0,0,0,149000,56000,93000,93000
053644,台表科國票97購03,0,0,0,0,0,0,0,0,0,93000,0,0,0,143000,50000,93000,93000
054085,華新科統一96購04,0,0,0,0,0,0,0,0,0,93000,0,0,0,95000,2000,93000,93000
053283,同欣電元大96購03,0,0,0,0,0,0,0,0,0,93000,0,0,0,137000,44000,93000,93000
1808,潤隆            ,157000,84000,73000,0,0,0,0,0,0,20000,21000,1000,20000,0,0,0,93000
055817,京鼎國票99購01  ,0,0,0,0,0,0,0,0,0,92000,0,0,0,340000,248000,92000,92000
056429,華通凱基98購02  ,0,0,0,0,0,0,0,0,0,92000,0,0,0,146000,54000,92000,92000
055012,茂林元富97購01  ,0,0,0,0,0,0,0,0,0,92000,0,0,0,195000,103000,92000,92000
054960,新日興元大97購02,0,0,0,0,0,0,0,0,0,92000,0,0,0,159000,67000,92000,92000
054361,技嘉凱基96購01  ,0,0,0,0,0,0,0,0,0,92000,0,0,0,337000,245000,92000,92000
04163P,可成統一93售03  ,0,0,0,0,0,0,0,0,0,92000,0,0,0,125000,33000,92000,92000
044563,亞德客凱基92購01,0,0,0,0,0,0,0,0,0,92000,0,0,0,92000,0,92000,92000
047410,上銀元富96購01  ,0,0,0,0,0,0,0,0,0,92000,0,0,0,302000,210000,92000,92000
04737P,正崴永豐94售02  ,0,0,0,0,0,0,0,0,0,92000,0,0,0,92000,0,92000,92000
050400,臻鼎中信97購01  ,0,0,0,0,0,0,0,0,0,92000,0,0,0,154000,62000,92000,92000
050301,矽創凱基94購03  ,0,0,0,0,0,0,0,0,0,92000,0,0,0,100000,8000,92000,92000
05315P,鴻海永昌96售08  ,0,0,0,0,0,0,0,0,0,92000,0,0,0,155000,63000,92000,92000
053235,智原永豐96購01  ,0,0,0,0,0,0,0,0,0,92000,0,0,0,316000,224000,92000,92000
053579,華通元大97購01  ,0,0,0,0,0,0,0,0,0,92000,0,0,0,115000,23000,92000,92000
057043,台積電元大99購02,0,0,0,0,0,0,0,0,0,92000,0,0,0,166000,74000,92000,92000
056865,樺漢群益98購01  ,0,0,0,0,0,0,0,0,0,92000,0,0,0,240000,148000,92000,92000
056811,健策統一9B購01  ,0,0,0,0,0,0,0,0,0,92000,0,0,0,440000,348000,92000,92000
054509,上証反元大99購01,0,0,0,0,0,0,0,0,0,91000,0,0,0,110000,19000,91000,91000
055808,世紀鋼永豐97購01,0,0,0,0,0,0,0,0,0,91000,0,0,0,159000,68000,91000,91000
047296,日月光元富96購01,0,0,0,0,0,0,0,0,0,91000,0,0,0,107000,16000,91000,91000
049569,光磊統一94購02  ,0,0,0,0,0,0,0,0,0,91000,0,0,0,91000,0,91000,91000
00647L,元大S&P500正2   ,0,1000,-1000,0,0,0,0,0,0,92000,15000,0,15000,77000,0,77000,91000
050876,復盛永豐95購01  ,0,0,0,0,0,0,0,0,0,91000,0,0,0,127000,36000,91000,91000
050159,超眾群益94購03  ,0,0,0,0,0,0,0,0,0,91000,0,0,0,91000,0,91000,91000
053722,新光金凱基9C購01,0,0,0,0,0,0,0,0,0,91000,0,0,0,161000,70000,91000,91000
053044,南茂凱基96購02  ,0,0,0,0,0,0,0,0,0,91000,0,0,0,161000,70000,91000,91000
051668,智邦元大95購02  ,0,0,0,0,0,0,0,0,0,91000,0,0,0,267000,176000,91000,91000
051927,國巨中信96購01  ,0,0,0,0,0,0,0,0,0,91000,0,0,0,96000,5000,91000,91000
06071P,大立光永豐97售01,0,0,0,0,0,0,0,0,0,91000,0,0,0,108000,17000,91000,91000
055992,智原台新97購02  ,0,0,0,0,0,0,0,0,0,90000,0,0,0,122000,32000,90000,90000
055510,GIS元大97購03   ,0,0,0,0,0,0,0,0,0,90000,0,0,0,90000,0,90000,90000
054817,聯發科元大97購13,0,0,0,0,0,0,0,0,0,90000,0,0,0,130000,40000,90000,90000
054854,台積電麥證97購01,0,0,0,98000,8000,90000,0,0,0,90000,0,0,0,98000,8000,90000,90000
055286,晶技元大98購03  ,0,0,0,0,0,0,0,0,0,90000,0,0,0,100000,10000,90000,90000
03995P,滬深2X國泰95售01,0,0,0,0,0,0,0,0,0,90000,0,0,0,90000,0,90000,90000
04548P,大立光元大94售14,0,0,0,0,0,0,0,0,0,90000,0,0,0,100000,10000,90000,90000
044735,光磊國泰93購01  ,0,0,0,0,0,0,0,0,0,90000,0,0,0,90000,0,90000,90000
045851,健策永豐92購01  ,0,0,0,0,0,0,0,0,0,90000,0,0,0,110000,20000,90000,90000
046332,同欣電元大92購01,0,0,0,0,0,0,0,0,0,90000,0,0,0,100000,10000,90000,90000
047941,義隆國票94購02  ,0,0,0,0,0,0,0,0,0,90000,0,0,0,90000,0,90000,90000
049983,智原凱基94購02  ,0,0,0,0,0,0,0,0,0,90000,0,0,0,90000,0,90000,90000
048203,矽力元大93購02  ,0,0,0,0,0,0,0,0,0,90000,0,0,0,91000,1000,90000,90000
049825,台積電凱基94購26,0,0,0,0,0,0,0,0,0,90000,0,0,0,90000,0,90000,90000
048529,京元電國票94購01,0,0,0,0,0,0,0,0,0,90000,0,0,0,90000,0,90000,90000
049296,義隆群益96購01  ,0,0,0,0,0,0,0,0,0,90000,0,0,0,190000,100000,90000,90000
050640,致新國票94購01  ,0,0,0,0,0,0,0,0,0,90000,0,0,0,90000,0,90000,90000
049225,達方國票94購01  ,0,0,0,0,0,0,0,0,0,90000,0,0,0,100000,10000,90000,90000
051017,聯發科凱基95購04,0,0,0,0,0,0,0,0,0,90000,0,0,0,90000,0,90000,90000
050987,台泥富邦95購01  ,0,0,0,0,0,0,0,0,0,90000,0,0,0,100000,10000,90000,90000
051070,正崴國票96購01  ,0,0,0,0,0,0,0,0,0,90000,0,0,0,90000,0,90000,90000
052554,正崴國票97購01  ,0,0,0,0,0,0,0,0,0,90000,0,0,0,90000,0,90000,90000
052979,上銀元大96購02  ,0,0,0,0,0,0,0,0,0,90000,0,0,0,181000,91000,90000,90000
053676,新光金國泰98購02,0,0,0,0,0,0,0,0,0,90000,0,0,0,117000,27000,90000,90000
053797,台積電中信98購01,0,0,0,0,0,0,0,0,0,90000,0,0,0,123000,33000,90000,90000
06215P,康控永豐97售02  ,0,0,0,0,0,0,0,0,0,90000,0,0,0,102000,12000,90000,90000
2707,晶華            ,40000,23000,17000,0,0,0,0,0,0,73000,61000,0,61000,12000,0,12000,90000
6224,聚鼎            ,102000,12000,90000,0,0,0,0,0,0,0,0,0,0,0,0,0,90000
1590,亞德客-KY       ,389355,264229,125126,0,0,0,55000,5000,50000,-86000,14000,2000,12000,5000,103000,-98000,89126
054826,復盛元大9A購01  ,0,0,0,0,0,0,0,0,0,89000,0,0,0,101000,12000,89000,89000
054726,台積電日盛97購01,0,0,0,0,0,0,0,0,0,89000,0,0,0,1120000,1031000,89000,89000
055854,群創元大98購04  ,0,0,0,0,0,0,0,0,0,89000,0,0,0,92000,3000,89000,89000
055741,健策元富97購01  ,0,0,0,0,0,0,0,0,0,89000,0,0,0,300000,211000,89000,89000
056491,南亞科國泰99購01,0,0,0,0,0,0,0,0,0,89000,0,0,0,110000,21000,89000,89000
047114,全新元大94購01  ,0,0,0,0,0,0,0,0,0,89000,0,0,0,139000,50000,89000,89000
051365,瀚宇博國泰97購01,0,0,0,0,0,0,0,0,0,89000,0,0,0,119000,30000,89000,89000
050280,國巨日盛94購01  ,0,0,0,0,0,0,0,0,0,89000,0,0,0,89000,0,89000,89000
049152,大立光元大95購06,0,0,0,0,0,0,0,0,0,89000,0,0,0,96000,7000,89000,89000
053715,美律凱基96購04  ,0,0,0,0,0,0,0,0,0,89000,0,0,0,121000,32000,89000,89000
053474,聯發科元大97購06,0,0,0,0,0,0,0,0,0,89000,0,0,0,488000,399000,89000,89000
8163,達方            ,384000,308000,76000,0,0,0,0,0,0,13000,29000,16000,13000,1000,1000,0,89000
056901,華新科元大98購03,0,0,0,0,0,0,0,0,0,89000,0,0,0,125000,36000,89000,89000
055484,華通元大97購04  ,0,0,0,0,0,0,0,0,0,88000,0,0,0,257000,169000,88000,88000
054945,正崴元大97購01  ,0,0,0,0,0,0,0,0,0,88000,0,0,0,88000,0,88000,88000
054975,福懋科元大97購01,0,0,0,0,0,0,0,0,0,88000,0,0,0,88000,0,88000,88000
055245,凱美統一99購01  ,0,0,0,0,0,0,0,0,0,88000,0,0,0,110000,22000,88000,88000
04956P,臺股指日盛94售02,0,0,0,0,0,0,0,0,0,88000,0,0,0,171000,83000,88000,88000
050726,可成國票96購01  ,0,0,0,0,0,0,0,0,0,88000,0,0,0,100000,12000,88000,88000
048231,台表科凱基93購06,0,0,0,0,0,0,0,0,0,88000,0,0,0,159000,71000,88000,88000
049453,新日興統一94購01,0,0,0,0,0,0,0,0,0,88000,0,0,0,88000,0,88000,88000
054104,T50反1凱基9A購02,0,0,0,0,0,0,0,0,0,88000,0,0,0,88000,0,88000,88000
053897,台郡群益96購01  ,0,0,0,0,0,0,0,0,0,88000,0,0,0,200000,112000,88000,88000
052311,台積電富邦95購09,0,0,0,0,0,0,0,0,0,88000,0,0,0,88000,0,88000,88000
054724,鴻海日盛97購02  ,0,0,0,0,0,0,0,0,0,87000,0,0,0,220000,133000,87000,87000
054394,奇力新永豐96購03,0,0,0,0,0,0,0,0,0,87000,0,0,0,270000,183000,87000,87000
055639,上銀元富97購02  ,0,0,0,0,0,0,0,0,0,87000,0,0,0,294000,207000,87000,87000
055935,創意群益97購02  ,0,0,0,0,0,0,0,0,0,87000,0,0,0,331000,244000,87000,87000
049740,禾伸堂群益94購01,0,0,0,0,0,0,0,0,0,87000,0,0,0,127000,40000,87000,87000
048217,亞德客凱基93購06,0,0,0,0,0,0,0,0,0,87000,0,0,0,87000,0,87000,87000
049280,創意國票95購01  ,0,0,0,0,0,0,0,0,0,87000,0,0,0,87000,0,87000,87000
048091,漢唐凱基93購03  ,0,0,0,0,0,0,0,0,0,87000,0,0,0,87000,0,87000,87000
050974,大成鋼統一95購01,0,0,0,0,0,0,0,0,0,87000,0,0,0,222000,135000,87000,87000
052380,臺股指元大95購21,0,0,0,0,0,0,0,0,0,87000,0,0,0,87000,0,87000,87000
052695,台表科中信98購01,0,0,0,0,0,0,0,0,0,87000,0,0,0,166000,79000,87000,87000
052763,晶技群益97購01  ,0,0,0,0,0,0,0,0,0,87000,0,0,0,98000,11000,87000,87000
6451,訊芯-KY         ,247000,359000,-112000,0,0,0,129000,0,129000,70000,1000,12000,-11000,105000,24000,81000,87000
054776,矽創國票98購01  ,0,0,0,0,0,0,0,0,0,86000,0,0,0,86000,0,86000,86000
049549,瀚宇博群益94購01,0,0,0,0,0,0,0,0,0,86000,0,0,0,100000,14000,86000,86000
043753,聯發科元大92購02,0,0,0,0,0,0,0,0,0,86000,0,0,0,86000,0,86000,86000
050393,樺漢統一94購01  ,0,0,0,0,0,0,0,0,0,86000,0,0,0,96000,10000,86000,86000
052501,茂林永豐95購04  ,0,0,0,0,0,0,0,0,0,86000,0,0,0,136000,50000,86000,86000
053623,臺股指群益96購09,0,0,0,0,0,0,0,0,0,86000,0,0,0,106000,20000,86000,86000
053787,健策元大97購02  ,0,0,0,0,0,0,0,0,0,86000,0,0,0,671000,585000,86000,86000
052967,智邦群益96購01  ,0,0,0,0,0,0,0,0,0,86000,0,0,0,131000,45000,86000,86000
053053,京元電國票97購02,0,0,0,0,0,0,0,0,0,86000,0,0,0,96000,10000,86000,86000
1515,力山            ,126000,40000,86000,0,0,0,0,0,0,0,1000,0,1000,0,1000,-1000,86000
2390,云辰            ,102000,16000,86000,0,0,0,0,0,0,0,0,0,0,0,0,0,86000
057089,奇力新元富98購01,0,0,0,0,0,0,0,0,0,86000,0,0,0,338000,252000,86000,86000
055763,鎧勝群益97購01  ,0,0,0,0,0,0,0,0,0,85000,0,0,0,85000,0,85000,85000
055486,國巨元大98購06  ,0,0,0,0,0,0,0,0,0,85000,0,0,0,178000,93000,85000,85000
05654P,台光電統一96售01,0,0,0,0,0,0,0,0,0,85000,0,0,0,151000,66000,85000,85000
044270,群創中信95購02  ,0,0,0,0,0,0,0,0,0,85000,0,0,0,91000,6000,85000,85000
049649,信邦凱基94購01  ,0,0,0,0,0,0,0,0,0,85000,0,0,0,126000,41000,85000,85000
047614,台郡群益93購02  ,0,0,0,0,0,0,0,0,0,85000,0,0,0,105000,20000,85000,85000
050137,臺指反國票96購01,0,0,0,0,0,0,0,0,0,85000,0,0,0,200000,115000,85000,85000
053022,欣興國泰98購01  ,0,0,0,0,0,0,0,0,0,85000,0,0,0,214000,129000,85000,85000
053686,台積電元大97購08,0,0,0,0,0,0,0,0,0,85000,0,0,0,154000,69000,85000,85000
05262P,台積電元大95售19,0,0,0,0,0,0,0,0,0,85000,0,0,0,85000,0,85000,85000
052900,大成鋼國票97購01,0,0,0,0,0,0,0,0,0,85000,0,0,0,100000,15000,85000,85000
051577,台積電元大97購03,0,0,0,0,0,0,0,0,0,85000,0,0,0,137000,52000,85000,85000
3031,佰鴻            ,103000,23000,80000,0,0,0,0,0,0,5000,5000,0,5000,0,0,0,85000
055697,牧德國票98購01  ,0,0,0,0,0,0,0,0,0,84000,0,0,0,132000,48000,84000,84000
055387,世紀鋼元大97購01,0,0,0,0,0,0,0,0,0,84000,0,0,0,86000,2000,84000,84000
048435,致新國票93購01  ,0,0,0,0,0,0,0,0,0,84000,0,0,0,84000,0,84000,84000
049894,嘉聯益富邦98購01,0,0,0,0,0,0,0,0,0,84000,0,0,0,200000,116000,84000,84000
051360,緯創元大95購03  ,0,0,0,0,0,0,0,0,0,84000,0,0,0,120000,36000,84000,84000
052869,新日興凱基96購01,0,0,0,0,0,0,0,0,0,84000,0,0,0,94000,10000,84000,84000
053143,昇陽半永豐96購03,0,0,0,0,0,0,0,0,0,84000,0,0,0,105000,21000,84000,84000
4540,全球傳動        ,109000,25000,84000,0,0,0,0,0,0,0,0,0,0,0,0,0,84000
4566,時碩工業        ,97000,16000,81000,0,0,0,0,0,0,3000,3000,0,3000,0,0,0,84000
054933,南港元大97購01  ,0,0,0,0,0,0,0,0,0,83000,0,0,0,261000,178000,83000,83000
055526,台積電群益97購02,0,0,0,0,0,0,0,0,0,83000,0,0,0,103000,20000,83000,83000
047542,華通凱基94購02  ,0,0,0,0,0,0,0,0,0,83000,0,0,0,172000,89000,83000,83000
050557,台積電統一94購13,0,0,0,0,0,0,0,0,0,83000,0,0,0,83000,0,83000,83000
05320P,華通凱基96售03  ,0,0,0,0,0,0,0,0,0,83000,0,0,0,110000,27000,83000,83000
052422,聯電國票96購03  ,0,0,0,0,0,0,0,0,0,83000,0,0,0,83000,0,83000,83000
052172,致茂元大95購01  ,0,0,0,0,0,0,0,0,0,83000,0,0,0,237000,154000,83000,83000
06285P,台積電國票98售04,0,0,0,0,0,0,0,0,0,83000,0,0,0,116000,33000,83000,83000
056007,上銀中信97購02  ,0,0,0,0,0,0,0,0,0,82000,0,0,0,82000,0,82000,82000
055307,瑞昱群益97購02  ,0,0,0,0,0,0,0,0,0,82000,0,0,0,130000,48000,82000,82000
054597,南亞台新97購01  ,0,0,0,0,0,0,0,0,0,82000,0,0,0,82000,0,82000,82000
047222,鴻海凱基94購04  ,0,0,0,0,0,0,0,0,0,82000,0,0,0,103000,21000,82000,82000
047799,技嘉兆豐93購01  ,0,0,0,0,0,0,0,0,0,82000,0,0,0,112000,30000,82000,82000
049038,高鐵兆豐94購01  ,0,0,0,0,0,0,0,0,0,82000,0,0,0,127000,45000,82000,82000
050179,全新元大96購02  ,0,0,0,0,0,0,0,0,0,82000,0,0,0,175000,93000,82000,82000
051450,世芯元大95購02  ,0,0,0,0,0,0,0,0,0,82000,0,0,0,186000,104000,82000,82000
051833,昇陽半元大96購01,0,0,0,0,0,0,0,0,0,82000,0,0,0,161000,79000,82000,82000
051889,智邦元富95購02  ,0,0,0,0,0,0,0,0,0,82000,0,0,0,298000,216000,82000,82000
052454,力成元大95購02  ,0,0,0,0,0,0,0,0,0,82000,0,0,0,95000,13000,82000,82000
053122,美律凱基98購01  ,0,0,0,0,0,0,0,0,0,82000,0,0,0,151000,69000,82000,82000
053433,友達日盛99購06  ,0,0,0,0,0,0,0,0,0,82000,0,0,0,225000,143000,82000,82000
6168,宏齊            ,98000,22000,76000,0,0,0,0,0,0,6000,7000,1000,6000,0,0,0,82000
056597,宏碁元富98購01  ,0,0,0,0,0,0,0,0,0,81000,0,0,0,100000,19000,81000,81000
045022,聯電亞東93購01  ,0,0,0,0,0,0,0,0,0,81000,0,0,0,81000,0,81000,81000
04120P,智邦凱基93售09  ,0,0,0,0,0,0,0,0,0,81000,0,0,0,81000,0,81000,81000
04970P,中環元富94售02  ,0,0,0,0,0,0,0,0,0,81000,0,0,0,81000,0,81000,81000
051201,台積電麥證95購02,0,0,0,201000,120000,81000,0,0,0,81000,0,0,0,201000,120000,81000,81000
049226,元石油富邦95購01,0,0,0,0,0,0,0,0,0,81000,0,0,0,191000,110000,81000,81000
048394,正崴國票94購01  ,0,0,0,0,0,0,0,0,0,81000,0,0,0,141000,60000,81000,81000
049902,大立光元富94購05,0,0,0,0,0,0,0,0,0,81000,0,0,0,81000,0,81000,81000
048606,聯發科日盛93購02,0,0,0,0,0,0,0,0,0,81000,0,0,0,181000,100000,81000,81000
052955,國巨日盛96購01  ,0,0,0,0,0,0,0,0,0,81000,0,0,0,81000,0,81000,81000
05370P,矽創元富95售01  ,0,0,0,0,0,0,0,0,0,81000,0,0,0,81000,0,81000,81000
052375,奇力新元大96購02,0,0,0,0,0,0,0,0,0,81000,0,0,0,491000,410000,81000,81000
051641,矽創國票96購01  ,0,0,0,0,0,0,0,0,0,81000,0,0,0,81000,0,81000,81000
2499,東貝            ,114000,33000,81000,0,0,0,0,0,0,0,0,0,0,0,0,0,81000
1710,東聯            ,154000,118000,36000,0,0,0,0,0,0,45000,45000,0,45000,0,0,0,81000
06003P,亞光康和96售02  ,0,0,0,0,0,0,0,0,0,81000,0,0,0,81000,0,81000,81000
055895,群創統一97購04  ,0,0,0,0,0,0,0,0,0,80000,0,0,0,80000,0,80000,80000
055170,光磊統一97購01  ,0,0,0,0,0,0,0,0,0,80000,0,0,0,80000,0,80000,80000
055066,佐登永豐97購01  ,0,0,0,0,0,0,0,0,0,80000,0,0,0,80000,0,80000,80000
05504P,台積電凱基96售04,0,0,0,0,0,0,0,0,0,80000,0,0,0,100000,20000,80000,80000
047090,緯創元富93購01  ,0,0,0,0,0,0,0,0,0,80000,0,0,0,90000,10000,80000,80000
04763P,臺股指凱基96售05,0,0,0,0,0,0,0,0,0,80000,0,0,0,80000,0,80000,80000
047923,聯發科凱基94購02,0,0,0,0,0,0,0,0,0,80000,0,0,0,130000,50000,80000,80000
047341,貿聯第一93購01  ,0,0,0,0,0,0,0,0,0,80000,0,0,0,80000,0,80000,80000
04021P,寶滬深元富93售01,0,0,0,0,0,0,0,0,0,80000,0,0,0,80000,0,80000,80000
04295P,智邦元大93售10  ,0,0,0,0,0,0,0,0,0,80000,0,0,0,80000,0,80000,80000
044768,深中小元大94購02,0,0,0,0,0,0,0,0,0,80000,0,0,0,80000,0,80000,80000
045664,元油2X元富96購01,0,0,0,0,0,0,0,0,0,80000,0,0,0,80000,0,80000,80000
050496,鴻海富邦96購01  ,0,0,0,0,0,0,0,0,0,80000,0,0,0,80000,0,80000,80000
04834P,鴻海元大94售17  ,0,0,0,0,0,0,0,0,0,80000,0,0,0,120000,40000,80000,80000
05031P,台光電元富95售01,0,0,0,0,0,0,0,0,0,80000,0,0,0,140000,60000,80000,80000
050721,台泥國票94購01  ,0,0,0,0,0,0,0,0,0,80000,0,0,0,80000,0,80000,80000
050848,日月光國票95購01,0,0,0,0,0,0,0,0,0,80000,0,0,0,439000,359000,80000,80000
051209,百和麥證95購01  ,0,0,0,80000,0,80000,0,0,0,80000,0,0,0,80000,0,80000,80000
05122P,鴻海永昌96售06  ,0,0,0,0,0,0,0,0,0,80000,0,0,0,191000,111000,80000,80000
051091,聯發科元大95購07,0,0,0,0,0,0,0,0,0,80000,0,0,0,80000,0,80000,80000
051366,康友國泰97購01  ,0,0,0,0,0,0,0,0,0,80000,0,0,0,365000,285000,80000,80000
051312,國泰金麥證95購01,0,0,0,100000,20000,80000,0,0,0,80000,0,0,0,100000,20000,80000,80000
052123,泰碩國票95購01  ,0,0,0,0,0,0,0,0,0,80000,0,0,0,80000,0,80000,80000
051961,泰碩永豐95購01  ,0,0,0,0,0,0,0,0,0,80000,0,0,0,80000,0,80000,80000
052011,欣興中信96購01  ,0,0,0,0,0,0,0,0,0,80000,0,0,0,80000,0,80000,80000
052461,和大統一95購01  ,0,0,0,0,0,0,0,0,0,80000,0,0,0,130000,50000,80000,80000
052886,世紀鋼兆豐96購01,0,0,0,0,0,0,0,0,0,80000,0,0,0,80000,0,80000,80000
054147,GIS元大96購02   ,0,0,0,0,0,0,0,0,0,80000,0,0,0,81000,1000,80000,80000
06102P,智邦凱基97售03  ,0,0,0,0,0,0,0,0,0,80000,0,0,0,118000,38000,80000,80000
056639,國產康和98購01  ,0,0,0,0,0,0,0,0,0,80000,0,0,0,150000,70000,80000,80000
2109,華豐            ,88000,8000,80000,0,0,0,0,0,0,0,0,0,0,0,0,0,80000
6108,競國            ,98000,22000,76000,0,0,0,0,0,0,4000,4000,0,4000,0,0,0,80000
5215,科嘉-KY         ,128000,48000,80000,0,0,0,0,0,0,0,0,0,0,0,0,0,80000
055293,晶相光元大97購01,0,0,0,0,0,0,0,0,0,79000,0,0,0,159000,80000,79000,79000
054351,華新科國泰97購03,0,0,0,0,0,0,0,0,0,79000,0,0,0,108000,29000,79000,79000
054301,楠梓電凱基98購01,0,0,0,0,0,0,0,0,0,79000,0,0,0,90000,11000,79000,79000
056037,美律凱基98購03  ,0,0,0,0,0,0,0,0,0,79000,0,0,0,228000,149000,79000,79000
055449,超眾統一9A購01  ,0,0,0,0,0,0,0,0,0,79000,0,0,0,331000,252000,79000,79000
055720,宏達電元大97購05,0,0,0,0,0,0,0,0,0,79000,0,0,0,80000,1000,79000,79000
050932,台塑國票96購01  ,0,0,0,0,0,0,0,0,0,79000,0,0,0,79000,0,79000,79000
048315,聯發科凱基93購32,0,0,0,0,0,0,0,0,0,79000,0,0,0,123000,44000,79000,79000
048227,亞光凱基93購05  ,0,0,0,0,0,0,0,0,0,79000,0,0,0,94000,15000,79000,79000
049967,華新科國票94購07,0,0,0,0,0,0,0,0,0,79000,0,0,0,142000,63000,79000,79000
053933,大立光統一96購06,0,0,0,0,0,0,0,0,0,79000,0,0,0,100000,21000,79000,79000
052552,智邦國票97購01  ,0,0,0,0,0,0,0,0,0,79000,0,0,0,111000,32000,79000,79000
052015,漢唐永豐95購02  ,0,0,0,0,0,0,0,0,0,79000,0,0,0,79000,0,79000,79000
055586,旺宏元大98購06  ,0,0,0,0,0,0,0,0,0,78000,0,0,0,86000,8000,78000,78000
054499,台光電永豐96購02,0,0,0,0,0,0,0,0,0,78000,0,0,0,78000,0,78000,78000
054984,華泰元富97購01  ,0,0,0,0,0,0,0,0,0,78000,0,0,0,114000,36000,78000,78000
03960P,新日興元富96售02,0,0,0,0,0,0,0,0,0,78000,0,0,0,124000,46000,78000,78000
048218,上銀凱基93購07  ,0,0,0,0,0,0,0,0,0,78000,0,0,0,178000,100000,78000,78000
053681,臺股指富邦96購02,0,0,0,0,0,0,0,0,0,78000,0,0,0,78000,0,78000,78000
055478,訊芯凱基97購01  ,0,0,0,0,0,0,0,0,0,77000,0,0,0,77000,0,77000,77000
055882,嘉聯益元富97購01,0,0,0,0,0,0,0,0,0,77000,0,0,0,86000,9000,77000,77000
056490,台積電國泰99購01,0,0,0,0,0,0,0,0,0,77000,0,0,0,87000,10000,77000,77000
056290,正文永豐98購01  ,0,0,0,0,0,0,0,0,0,77000,0,0,0,84000,7000,77000,77000
04233P,儒鴻兆豐93售01  ,0,0,0,0,0,0,0,0,0,77000,0,0,0,131000,54000,77000,77000
047725,廣達群益93購01  ,0,0,0,0,0,0,0,0,0,77000,0,0,0,77000,0,77000,77000
046290,儒鴻統一93購01  ,0,0,0,0,0,0,0,0,0,77000,0,0,0,193000,116000,77000,77000
047089,聯詠元富93購03  ,0,0,0,0,0,0,0,0,0,77000,0,0,0,107000,30000,77000,77000
046122,晶技元大92購01  ,0,0,0,0,0,0,0,0,0,77000,0,0,0,77000,0,77000,77000
050443,復盛凱基94購02  ,0,0,0,0,0,0,0,0,0,77000,0,0,0,77000,0,77000,77000
053639,禾伸堂永豐96購01,0,0,0,0,0,0,0,0,0,77000,0,0,0,77000,0,77000,77000
05346P,臺股指統一95售06,0,0,0,0,0,0,0,0,0,77000,0,0,0,133000,56000,77000,77000
052085,聯電元大95購01  ,0,0,0,0,0,0,0,0,0,77000,0,0,0,164000,87000,77000,77000
052191,超眾群益96購01  ,0,0,0,0,0,0,0,0,0,77000,0,0,0,120000,43000,77000,77000
051879,健策台新96購01  ,0,0,0,0,0,0,0,0,0,77000,0,0,0,77000,0,77000,77000
2328,廣宇            ,285000,222000,63000,0,0,0,0,0,0,14000,17000,2000,15000,0,1000,-1000,77000
3533,嘉澤            ,486000,253000,233000,0,0,0,0,141000,-141000,-15000,10000,33000,-23000,11000,3000,8000,77000
056102,億光永豐97購02  ,0,0,0,0,0,0,0,0,0,76000,0,0,0,103000,27000,76000,76000
056444,南亞科凱基99購01,0,0,0,0,0,0,0,0,0,76000,0,0,0,76000,0,76000,76000
056539,新光金凱基9A購01,0,0,0,0,0,0,0,0,0,76000,0,0,0,86000,10000,76000,76000
055816,新日興國票98購01,0,0,0,0,0,0,0,0,0,76000,0,0,0,181000,105000,76000,76000
055964,正文元大97購02  ,0,0,0,0,0,0,0,0,0,76000,0,0,0,168000,92000,76000,76000
055494,華新科元大98購01,0,0,0,0,0,0,0,0,0,76000,0,0,0,134000,58000,76000,76000
054949,奇力新元大98購01,0,0,0,0,0,0,0,0,0,76000,0,0,0,219000,143000,76000,76000
055146,華通元大98購04  ,0,0,0,0,0,0,0,0,0,76000,0,0,0,208000,132000,76000,76000
055263,華新科富邦9A購01,0,0,0,0,0,0,0,0,0,76000,0,0,0,188000,112000,76000,76000
054582,致新元大97購01  ,0,0,0,0,0,0,0,0,0,76000,0,0,0,86000,10000,76000,76000
047997,南亞科元大93購03,0,0,0,0,0,0,0,0,0,76000,0,0,0,147000,71000,76000,76000
043940,京元電兆豐92購01,0,0,0,0,0,0,0,0,0,76000,0,0,0,76000,0,76000,76000
048258,國泰金統一93購01,0,0,0,0,0,0,0,0,0,76000,0,0,0,121000,45000,76000,76000
048558,漢唐元大93購06  ,0,0,0,0,0,0,0,0,0,76000,0,0,0,76000,0,76000,76000
051182,旺宏永豐95購01  ,0,0,0,0,0,0,0,0,0,76000,0,0,0,92000,16000,76000,76000
050856,智邦台新95購01  ,0,0,0,0,0,0,0,0,0,76000,0,0,0,76000,0,76000,76000
050715,台積電群益96購01,0,0,0,0,0,0,0,0,0,76000,0,0,0,139000,63000,76000,76000
051725,緯穎永豐95購02  ,0,0,0,0,0,0,0,0,0,76000,0,0,0,126000,50000,76000,76000
051797,卜蜂永豐95購01  ,0,0,0,0,0,0,0,0,0,76000,0,0,0,76000,0,76000,76000
05238P,禾伸堂永豐95售01,0,0,0,0,0,0,0,0,0,76000,0,0,0,116000,40000,76000,76000
053942,超眾國泰96購02  ,0,0,0,0,0,0,0,0,0,76000,0,0,0,296000,220000,76000,76000
1409,新纖            ,344000,341000,3000,0,0,0,0,0,0,73000,73000,0,73000,0,0,0,76000
054311,世芯凱基96購02  ,0,0,0,0,0,0,0,0,0,75000,0,0,0,87000,12000,75000,75000
054263,聯茂元大96購02  ,0,0,0,0,0,0,0,0,0,75000,0,0,0,153000,78000,75000,75000
055710,亞德客元大97購03,0,0,0,0,0,0,0,0,0,75000,0,0,0,181000,106000,75000,75000
055918,和鑫凱基97購01  ,0,0,0,0,0,0,0,0,0,75000,0,0,0,91000,16000,75000,75000
055996,矽力國泰99購01  ,0,0,0,0,0,0,0,0,0,75000,0,0,0,446000,371000,75000,75000
056469,國巨元大99購01  ,0,0,0,0,0,0,0,0,0,75000,0,0,0,217000,142000,75000,75000
056339,聯發科凱基99購02,0,0,0,0,0,0,0,0,0,75000,0,0,0,98000,23000,75000,75000
00730,富邦臺灣優質高息,0,0,0,0,0,0,0,0,0,75000,0,0,0,283000,208000,75000,75000
049588,聯發科元大94購06,0,0,0,0,0,0,0,0,0,75000,0,0,0,259000,184000,75000,75000
047569,世紀鋼國票94購02,0,0,0,0,0,0,0,0,0,75000,0,0,0,75000,0,75000,75000
048974,日電貿元大94購01,0,0,0,0,0,0,0,0,0,75000,0,0,0,94000,19000,75000,75000
050352,欣興群益95購01  ,0,0,0,0,0,0,0,0,0,75000,0,0,0,75000,0,75000,75000
048698,宏達電國票95購01,0,0,0,0,0,0,0,0,0,75000,0,0,0,95000,20000,75000,75000
054043,漢唐元大97購01  ,0,0,0,0,0,0,0,0,0,75000,0,0,0,86000,11000,75000,75000
053110,大立光兆豐97購01,0,0,0,0,0,0,0,0,0,75000,0,0,0,75000,0,75000,75000
052476,台光電群益98購01,0,0,0,0,0,0,0,0,0,75000,0,0,0,263000,188000,75000,75000
052216,康友元大96購01  ,0,0,0,0,0,0,0,0,0,75000,0,0,0,78000,3000,75000,75000
05692P,聯發科中信9A售02,0,0,0,0,0,0,0,0,0,75000,0,0,0,80000,5000,75000,75000
06222P,致茂元富97售02  ,0,0,0,0,0,0,0,0,0,75000,0,0,0,115000,40000,75000,75000
056067,智原元大97購01  ,0,0,0,0,0,0,0,0,0,74000,0,0,0,388000,314000,74000,74000
045500,聯發科凱基93購04,0,0,0,0,0,0,0,0,0,74000,0,0,0,89000,15000,74000,74000
050841,國巨國票96購02  ,0,0,0,0,0,0,0,0,0,74000,0,0,0,74000,0,74000,74000
052540,華新科統一95購03,0,0,0,0,0,0,0,0,0,74000,0,0,0,74000,0,74000,74000
06013P,世芯國泰97售03  ,0,0,0,0,0,0,0,0,0,74000,0,0,0,82000,8000,74000,74000
056916,台達電兆豐98購02,0,0,0,0,0,0,0,0,0,74000,0,0,0,104000,30000,74000,74000
05662P,景碩元富96售01  ,0,0,0,0,0,0,0,0,0,74000,0,0,0,106000,32000,74000,74000
1449,佳和            ,77000,3000,74000,0,0,0,0,0,0,0,0,0,0,0,0,0,74000
05649P,矽創國票97售03  ,0,0,0,0,0,0,0,0,0,73000,0,0,0,73000,0,73000,73000
055978,大立光統一98購05,0,0,0,0,0,0,0,0,0,73000,0,0,0,210000,137000,73000,73000
054749,聯茂凱基98購01  ,0,0,0,0,0,0,0,0,0,73000,0,0,0,120000,47000,73000,73000
054679,台積電康和99購01,0,0,0,0,0,0,0,0,0,73000,0,0,0,73000,0,73000,73000
054841,亞德客兆豐97購01,0,0,0,0,0,0,0,0,0,73000,0,0,0,203000,130000,73000,73000
042787,新日興兆豐93購01,0,0,0,0,0,0,0,0,0,73000,0,0,0,73000,0,73000,73000
047618,義隆凱基94購02  ,0,0,0,0,0,0,0,0,0,73000,0,0,0,83000,10000,73000,73000
049627,嘉聯益群益94購02,0,0,0,0,0,0,0,0,0,73000,0,0,0,73000,0,73000,73000
051227,技嘉群益97購01  ,0,0,0,0,0,0,0,0,0,73000,0,0,0,440000,367000,73000,73000
051255,康控元大96購04  ,0,0,0,0,0,0,0,0,0,73000,0,0,0,88000,15000,73000,73000
048084,華通凱基93購05  ,0,0,0,0,0,0,0,0,0,73000,0,0,0,147000,74000,73000,73000
048769,聯鈞凱基94購01  ,0,0,0,0,0,0,0,0,0,73000,0,0,0,93000,20000,73000,73000
054021,義隆台新96購01  ,0,0,0,0,0,0,0,0,0,73000,0,0,0,85000,12000,73000,73000
2426,鼎元            ,128000,64000,64000,0,0,0,0,0,0,9000,9000,0,9000,0,0,0,73000
05705P,上証2X永豐96售03,0,0,0,0,0,0,0,0,0,73000,0,0,0,73000,0,73000,73000
056954,聯詠富邦9A購01  ,0,0,0,0,0,0,0,0,0,73000,0,0,0,586000,513000,73000,73000
06118P,上証2X凱基98售03,0,0,0,0,0,0,0,0,0,73000,0,0,0,75000,2000,73000,73000
055058,大毅永豐97購01  ,0,0,0,0,0,0,0,0,0,72000,0,0,0,104000,32000,72000,72000
055212,和大凱基97購02  ,0,0,0,0,0,0,0,0,0,72000,0,0,0,72000,0,72000,72000
00666R,富邦恒生國企反1 ,0,0,0,0,0,0,0,0,0,72000,0,0,0,88000,16000,72000,72000
050602,訊芯國泰96購01  ,0,0,0,0,0,0,0,0,0,72000,0,0,0,134000,62000,72000,72000
054194,國巨麥證96購02  ,0,0,0,99000,27000,72000,0,0,0,72000,0,0,0,99000,27000,72000,72000
054069,亞光國泰98購01  ,0,0,0,0,0,0,0,0,0,72000,0,0,0,337000,265000,72000,72000
053767,臻鼎富邦97購02  ,0,0,0,0,0,0,0,0,0,72000,0,0,0,75000,3000,72000,72000
052674,智邦國泰98購01  ,0,0,0,0,0,0,0,0,0,72000,0,0,0,73000,1000,72000,72000
05914P,友達元大96售04  ,0,0,0,0,0,0,0,0,0,72000,0,0,0,119000,47000,72000,72000
055362,GIS凱基97購03   ,0,0,0,0,0,0,0,0,0,71000,0,0,0,71000,0,71000,71000
055672,國巨日盛97購02  ,0,0,0,0,0,0,0,0,0,71000,0,0,0,112000,41000,71000,71000
045163,瀚宇博國泰93購01,0,0,0,0,0,0,0,0,0,71000,0,0,0,71000,0,71000,71000
048003,旭富元大93購01  ,0,0,0,0,0,0,0,0,0,71000,0,0,0,84000,13000,71000,71000
048350,世紀鋼元大95購01,0,0,0,0,0,0,0,0,0,71000,0,0,0,71000,0,71000,71000
049917,華新科元大94購02,0,0,0,0,0,0,0,0,0,71000,0,0,0,118000,47000,71000,71000
051998,昇陽半元大96購02,0,0,0,0,0,0,0,0,0,71000,0,0,0,83000,12000,71000,71000
056857,國巨群益99購02  ,0,0,0,0,0,0,0,0,0,71000,0,0,0,117000,46000,71000,71000
3682,亞太電          ,168000,97000,71000,0,0,0,0,0,0,0,0,0,0,0,0,0,71000
3094,聯傑            ,111000,40000,71000,0,0,0,0,0,0,0,0,0,0,0,0,0,71000
055661,亞德客中信98購01,0,0,0,0,0,0,0,0,0,70000,0,0,0,180000,110000,70000,70000
055511,大立光兆豐97購02,0,0,0,0,0,0,0,0,0,70000,0,0,0,70000,0,70000,70000
056413,上証反中信9A購01,0,0,0,0,0,0,0,0,0,70000,0,0,0,80000,10000,70000,70000
056602,嘉澤國泰99購01  ,0,0,0,0,0,0,0,0,0,70000,0,0,0,100000,30000,70000,70000
056092,亞德客元富97購02,0,0,0,0,0,0,0,0,0,70000,0,0,0,92000,22000,70000,70000
055350,聯發科凱基97購02,0,0,0,0,0,0,0,0,0,70000,0,0,0,132000,62000,70000,70000
054808,東元元大9A購01  ,0,0,0,0,0,0,0,0,0,70000,0,0,0,100000,30000,70000,70000
054798,超眾群益97購01  ,0,0,0,0,0,0,0,0,0,70000,0,0,0,70000,0,70000,70000
054614,玉晶光永豐97購03,0,0,0,0,0,0,0,0,0,70000,0,0,0,262000,192000,70000,70000
054616,智伸科永豐97購01,0,0,0,0,0,0,0,0,0,70000,0,0,0,70000,0,70000,70000
054507,鈺齊永豐96購01  ,0,0,0,0,0,0,0,0,0,70000,0,0,0,120000,50000,70000,70000
054215,創意國票97購02  ,0,0,0,0,0,0,0,0,0,70000,0,0,0,70000,0,70000,70000
054318,台虹凱基98購01  ,0,0,0,0,0,0,0,0,0,70000,0,0,0,153000,83000,70000,70000
048007,明基材元大96購01,0,0,0,0,0,0,0,0,0,70000,0,0,0,120000,50000,70000,70000
047094,聯發科麥證93購02,0,0,0,687000,17000,670000,0,0,0,70000,0,0,0,687000,617000,70000,70000
045149,聯發科凱基93購02,0,0,0,0,0,0,0,0,0,70000,0,0,0,70000,0,70000,70000
044645,元金2X群益93購01,0,0,0,0,0,0,0,0,0,70000,0,0,0,70000,0,70000,70000
04983P,臺股指康和94售03,0,0,0,0,0,0,0,0,0,70000,0,0,0,70000,0,70000,70000
050093,國巨永豐94購05  ,0,0,0,0,0,0,0,0,0,70000,0,0,0,105000,35000,70000,70000
048335,和大元大93購03  ,0,0,0,0,0,0,0,0,0,70000,0,0,0,70000,0,70000,70000
049875,台積電永豐94購04,0,0,0,0,0,0,0,0,0,70000,0,0,0,214000,144000,70000,70000
050534,臻鼎兆豐94購01  ,0,0,0,0,0,0,0,0,0,70000,0,0,0,80000,10000,70000,70000
048952,川湖康和94購01  ,0,0,0,0,0,0,0,0,0,70000,0,0,0,70000,0,70000,70000
05004P,健策統一95售01  ,0,0,0,0,0,0,0,0,0,70000,0,0,0,534000,464000,70000,70000
052028,健策群益95購02  ,0,0,0,0,0,0,0,0,0,70000,0,0,0,267000,197000,70000,70000
051568,智邦富邦95購01  ,0,0,0,0,0,0,0,0,0,70000,0,0,0,203000,133000,70000,70000
052782,超眾國票96購02  ,0,0,0,0,0,0,0,0,0,70000,0,0,0,78000,8000,70000,70000
052844,台積電統一96購02,0,0,0,0,0,0,0,0,0,70000,0,0,0,80000,10000,70000,70000
052815,滬深2X永豐97購01,0,0,0,0,0,0,0,0,0,70000,0,0,0,70000,0,70000,70000
052341,泰鼎凱基96購02  ,0,0,0,0,0,0,0,0,0,70000,0,0,0,286000,216000,70000,70000
05361P,聯發科富邦97售01,0,0,0,0,0,0,0,0,0,70000,0,0,0,70000,0,70000,70000
05307P,光寶科中信95售01,0,0,0,0,0,0,0,0,0,70000,0,0,0,70000,0,70000,70000
055238,茂林台新97購01  ,0,0,0,0,0,0,0,0,0,69000,0,0,0,95000,26000,69000,69000
056488,致新元大99購01  ,0,0,0,0,0,0,0,0,0,69000,0,0,0,119000,50000,69000,69000
055597,禾伸堂元大98購02,0,0,0,0,0,0,0,0,0,69000,0,0,0,82000,13000,69000,69000
048979,晶相光元大94購03,0,0,0,0,0,0,0,0,0,69000,0,0,0,153000,84000,69000,69000
050947,聯發科群益95購01,0,0,0,0,0,0,0,0,0,69000,0,0,0,70000,1000,69000,69000
050442,復盛凱基94購01  ,0,0,0,0,0,0,0,0,0,69000,0,0,0,77000,8000,69000,69000
048863,超眾群益94購01  ,0,0,0,0,0,0,0,0,0,69000,0,0,0,80000,11000,69000,69000
052943,奇力新國票96購02,0,0,0,0,0,0,0,0,0,69000,0,0,0,102000,33000,69000,69000
053242,聯電國票96購04  ,0,0,0,0,0,0,0,0,0,69000,0,0,0,99000,30000,69000,69000
053510,聯電群益97購01  ,0,0,0,0,0,0,0,0,0,69000,0,0,0,179000,110000,69000,69000
053610,矽力中信98購01  ,0,0,0,0,0,0,0,0,0,69000,0,0,0,179000,110000,69000,69000
051690,超眾凱基95購03  ,0,0,0,0,0,0,0,0,0,69000,0,0,0,81000,12000,69000,69000
051703,台積電群益95購04,0,0,0,0,0,0,0,0,0,69000,0,0,0,69000,0,69000,69000
8021,尖點            ,166000,102000,64000,0,0,0,0,0,0,5000,5000,0,5000,0,0,0,69000
05820P,臺股指凱基96售17,0,0,0,0,0,0,0,0,0,69000,0,0,0,77000,8000,69000,69000
055938,矽力群益97購01  ,0,0,0,0,0,0,0,0,0,68000,0,0,0,407000,339000,68000,68000
055773,瑞昱凱基97購03  ,0,0,0,0,0,0,0,0,0,68000,0,0,0,76000,8000,68000,68000
056309,合勤控元大97購01,0,0,0,0,0,0,0,0,0,68000,0,0,0,68000,0,68000,68000
056197,友訊永豐97購01  ,0,0,0,0,0,0,0,0,0,68000,0,0,0,68000,0,68000,68000
054849,日月光兆豐97購01,0,0,0,0,0,0,0,0,0,68000,0,0,0,307000,239000,68000,68000
054345,世芯國票96購02  ,0,0,0,0,0,0,0,0,0,68000,0,0,0,74000,6000,68000,68000
054265,GIS元大96購03   ,0,0,0,0,0,0,0,0,0,68000,0,0,0,97000,29000,68000,68000
04375P,卜蜂元大94售01  ,0,0,0,0,0,0,0,0,0,68000,0,0,0,88000,20000,68000,68000
047809,瑞昱凱基93購08  ,0,0,0,0,0,0,0,0,0,68000,0,0,0,76000,8000,68000,68000
047845,美利達元大93購02,0,0,0,0,0,0,0,0,0,68000,0,0,0,68000,0,68000,68000
04053P,聯茂國泰94售01  ,0,0,0,0,0,0,0,0,0,68000,0,0,0,70000,2000,68000,68000
03412P,滬深2X群益98售01,0,0,0,0,0,0,0,0,0,68000,0,0,0,329000,261000,68000,68000
047642,宏達電元大93購08,0,0,0,0,0,0,0,0,0,68000,0,0,0,68000,0,68000,68000
046717,世紀鋼國泰94購01,0,0,0,0,0,0,0,0,0,68000,0,0,0,68000,0,68000,68000
048994,南電元大94購03  ,0,0,0,0,0,0,0,0,0,68000,0,0,0,70000,2000,68000,68000
050502,聯發科凱基94購21,0,0,0,0,0,0,0,0,0,68000,0,0,0,68000,0,68000,68000
050112,高鐵元大94購02  ,0,0,0,0,0,0,0,0,0,68000,0,0,0,69000,1000,68000,68000
051030,康友元富95購01  ,0,0,0,0,0,0,0,0,0,68000,0,0,0,72000,4000,68000,68000
051244,正崴元大95購01  ,0,0,0,0,0,0,68000,0,0,0,68000,0,68000,68000,,,
048951,宏全永豐94購01  ,0,0,0,0,0,0,0,0,0,68000,0,0,0,168000,100000,68000,68000
048125,和鑫元大96購01  ,0,0,0,0,0,0,0,0,0,68000,0,0,0,68000,0,68000,68000
049134,為升元大95購01  ,0,0,0,0,0,0,0,0,0,68000,0,0,0,202000,134000,68000,68000
051548,鈺齊康和95購01  ,0,0,0,0,0,0,0,0,0,68000,0,0,0,68000,0,68000,68000
052805,晶技元大97購01  ,0,0,0,0,0,0,0,0,0,68000,0,0,0,93000,25000,68000,68000
053725,晶相光凱基96購01,0,0,0,0,0,0,0,0,0,68000,0,0,0,94000,26000,68000,68000
053471,正崴元大96購01  ,0,0,0,0,0,0,0,0,0,68000,0,0,0,68000,0,68000,68000
053333,新唐永豐96購01  ,0,0,0,0,0,0,0,0,0,68000,0,0,0,68000,0,68000,68000
053215,禾伸堂凱基96購01,0,0,0,0,0,0,0,0,0,68000,0,0,0,105000,37000,68000,68000
053092,台表科元大97購02,0,0,0,0,0,0,0,0,0,68000,0,0,0,80000,12000,68000,68000
05963P,貿聯國票97售02  ,0,0,0,0,0,0,0,0,0,68000,0,0,0,68000,0,68000,68000
3706,神達            ,1109000,1455000,-346000,0,0,0,0,0,0,414000,32000,6000,26000,393000,5000,388000,68000
3356,奇偶            ,76000,8000,68000,0,0,0,0,0,0,0,0,0,0,0,0,0,68000
056116,義隆群益97購02  ,0,0,0,0,0,0,0,0,0,67000,0,0,0,125000,58000,67000,67000
056532,技嘉凱基98購01  ,0,0,0,0,0,0,0,0,0,67000,0,0,0,117000,50000,67000,67000
049494,華新科元大95購05,0,0,0,0,0,0,0,0,0,67000,0,0,0,76000,9000,67000,67000
049170,亞德客凱基94購01,0,0,0,0,0,0,0,0,0,67000,0,0,0,93000,26000,67000,67000
048548,緯穎永豐93購02  ,0,0,0,0,0,0,0,0,0,67000,0,0,0,98000,31000,67000,67000
053588,聯發科元大97購07,0,0,0,0,0,0,0,0,0,67000,0,0,0,189000,122000,67000,67000
051647,華新科永豐95購02,0,0,0,0,0,0,0,0,0,67000,0,0,0,170000,103000,67000,67000
05772P,景碩凱基96售02  ,0,0,0,0,0,0,0,0,0,67000,0,0,0,82000,15000,67000,67000
055807,勤誠永豐97購01  ,0,0,0,0,0,0,0,0,0,66000,0,0,0,76000,10000,66000,66000
054435,華新科台新97購02,0,0,0,0,0,0,0,0,0,66000,0,0,0,88000,22000,66000,66000
054821,貿聯元大9A購01  ,0,0,0,0,0,0,0,0,0,66000,0,0,0,550000,484000,66000,66000
055229,大毅國票97購02  ,0,0,0,0,0,0,0,0,0,66000,0,0,0,69000,3000,66000,66000
055389,國巨統一98購02  ,0,0,0,0,0,0,0,0,0,66000,0,0,0,68000,2000,66000,66000
055420,欣興永豐98購01  ,0,0,0,0,0,0,0,0,0,66000,0,0,0,366000,300000,66000,66000
049864,聯發科兆豐94購01,0,0,0,0,0,0,0,0,0,66000,0,0,0,166000,100000,66000,66000
048933,晶豪科永豐94購01,0,0,0,0,0,0,0,0,0,66000,0,0,0,106000,40000,66000,66000
050854,世紀鋼國票97購01,0,0,0,0,0,0,0,0,0,66000,0,0,0,66000,0,66000,66000
052816,上銀永豐96購01  ,0,0,0,0,0,0,0,0,0,66000,0,0,0,86000,20000,66000,66000
052622,貿聯兆豐97購01  ,0,0,0,0,0,0,0,0,0,66000,0,0,0,121000,55000,66000,66000
053920,新光金國票98購01,0,0,0,0,0,0,0,0,0,66000,0,0,0,66000,0,66000,66000
053123,京元電凱基96購01,0,0,0,0,0,0,0,0,0,66000,0,0,0,85000,19000,66000,66000
053211,漢唐凱基96購03  ,0,0,0,0,0,0,0,0,0,66000,0,0,0,66000,0,66000,66000
05331P,上証2X國票96售01,0,0,0,0,0,0,0,0,0,66000,0,0,0,80000,14000,66000,66000
056921,京元電兆豐98購01,0,0,0,0,0,0,0,0,0,66000,0,0,0,167000,101000,66000,66000
05888P,友達元大97售01  ,0,90000,-90000,0,0,0,0,0,0,156000,0,0,0,202000,46000,156000,66000
054946,億光元大97購01  ,0,0,0,0,0,0,0,0,0,65000,0,0,0,65000,0,65000,65000
054607,台積電永豐97購03,0,0,0,0,0,0,0,0,0,65000,0,0,0,96000,31000,65000,65000
054775,復盛國票98購01  ,0,0,0,0,0,0,0,0,0,65000,0,0,0,68000,3000,65000,65000
055812,台積電國票99購02,0,0,0,0,0,0,0,0,0,65000,0,0,0,85000,20000,65000,65000
049372,華新科元大95購04,0,0,0,0,0,0,0,0,0,65000,0,0,0,147000,82000,65000,65000
046113,旺宏元大93購04  ,0,0,0,0,0,0,0,0,0,65000,0,0,0,65000,0,65000,65000
047628,新光金國票95購02,0,0,0,0,0,0,0,0,0,65000,0,0,0,65000,0,65000,65000
047529,嘉晶元大94購02  ,0,0,0,0,0,0,0,0,0,65000,0,0,0,68000,3000,65000,65000
042191,元油2X富邦93購01,0,0,0,0,0,0,0,0,0,65000,0,0,0,65000,0,65000,65000
048535,超眾國票94購02  ,0,0,0,0,0,0,0,0,0,65000,0,0,0,75000,10000,65000,65000
048334,A50正2元大96購01,0,0,0,0,0,0,0,0,0,65000,0,0,0,120000,55000,65000,65000
048340,聯發科元大93購25,0,0,0,0,0,0,0,0,0,65000,0,0,0,155000,90000,65000,65000
048555,技嘉元大93購02  ,0,0,0,0,0,0,0,0,0,65000,0,0,0,242000,177000,65000,65000
053315,漢唐群益96購02  ,0,0,0,0,0,0,0,0,0,65000,0,0,0,81000,16000,65000,65000
054142,致伸元大97購01  ,0,0,0,0,0,0,0,0,0,65000,0,0,0,128000,63000,65000,65000
053591,大立光元大99購03,0,0,0,0,0,0,0,0,0,65000,0,0,0,65000,0,65000,65000
051558,元金2X國泰97購01,0,0,0,0,0,0,0,0,0,65000,0,0,0,65000,0,65000,65000
051953,矽力元富95購03  ,0,0,0,0,0,0,0,0,0,65000,0,0,0,344000,279000,65000,65000
08974P,可成群益02售02  ,0,0,0,0,0,0,0,0,0,65000,0,0,0,65000,0,65000,65000
05686P,臺股指元大96售11,0,0,0,0,0,0,0,0,0,65000,0,0,0,110000,45000,65000,65000
05731P,創意統一96售03  ,0,0,0,0,0,0,0,0,0,65000,0,0,0,82000,17000,65000,65000
3545,敦泰            ,619000,559000,60000,0,0,0,0,0,0,5000,8000,3000,5000,0,0,0,65000
056049,奇力新國票98購01,0,0,0,0,0,0,0,0,0,64000,0,0,0,117000,53000,64000,64000
03639P,祥碩凱基93售05  ,0,0,0,0,0,0,0,0,0,64000,0,0,0,64000,0,64000,64000
03629C,元油2X元富98牛06,0,0,0,0,0,0,0,0,0,64000,0,0,0,79000,15000,64000,64000
046987,智邦凱基93購04  ,0,0,0,0,0,0,0,0,0,64000,0,0,0,96000,32000,64000,64000
04962P,易華電凱基96售01,0,0,0,0,0,0,0,0,0,64000,0,0,0,79000,15000,64000,64000
049261,大立光元大94購08,0,0,0,0,0,0,0,0,0,64000,0,0,0,154000,90000,64000,64000
052026,漢唐群益95購01  ,0,0,0,0,0,0,0,0,0,64000,0,0,0,84000,20000,64000,64000
052514,嘉澤凱基96購01  ,0,0,0,0,0,0,0,0,0,64000,0,0,0,68000,4000,64000,64000
3530,晶相光          ,102000,102000,0,0,0,0,0,0,0,64000,1000,0,1000,85000,22000,63000,64000
2472,立隆電          ,89000,27000,62000,0,0,0,0,0,0,2000,3000,1000,2000,0,0,0,64000
06212P,華新科元大97售11,0,0,0,0,0,0,0,0,0,64000,0,0,0,296000,232000,64000,64000
056103,聯發科永豐97購03,0,0,0,0,0,0,0,0,0,63000,0,0,0,112000,49000,63000,63000
046938,致茂元大93購02  ,0,0,0,0,0,0,0,0,0,63000,0,0,0,69000,6000,63000,63000
046829,義隆群益93購01  ,0,0,0,0,0,0,0,0,0,63000,0,0,0,63000,0,63000,63000
048889,牧德元富94購03  ,0,0,0,0,0,0,0,0,0,63000,0,0,0,76000,13000,63000,63000
050350,全新群益94購04  ,0,0,0,0,0,0,0,0,0,63000,0,0,0,172000,109000,63000,63000
053773,上銀元大96購04  ,0,0,0,0,0,0,0,0,0,63000,0,0,0,145000,82000,63000,63000
06423P,亞光台新97售01  ,0,0,0,0,0,0,0,0,0,63000,0,0,0,63000,0,63000,63000
3346,麗清            ,68000,4000,64000,0,0,0,0,0,0,-1000,0,1000,-1000,0,0,0,63000
056076,超眾元大97購05  ,0,0,0,0,0,0,0,0,0,62000,0,0,0,195000,133000,62000,62000
055581,和大元大97購04  ,0,0,0,0,0,0,0,0,0,62000,0,0,0,65000,3000,62000,62000
054442,啟碁台新96購01  ,0,0,0,0,0,0,0,0,0,62000,0,0,0,62000,0,62000,62000
055117,臻鼎凱基98購02  ,0,0,0,0,0,0,0,0,0,62000,0,0,0,62000,0,62000,62000
055361,樺漢凱基97購01  ,0,0,0,0,0,0,0,0,0,62000,0,0,0,62000,0,62000,62000
00703,台新MSCI中國    ,0,0,0,0,0,0,0,0,0,62000,0,0,0,70000,8000,62000,62000
049325,智邦元富94購02  ,0,0,0,0,0,0,0,0,0,62000,0,0,0,363000,301000,62000,62000
049473,光罩永豐94購03  ,0,0,0,0,0,0,0,0,0,62000,0,0,0,142000,80000,62000,62000
048525,華通國票94購02  ,0,0,0,0,0,0,0,0,0,62000,0,0,0,122000,60000,62000,62000
050847,創意國票96購01  ,0,0,0,0,0,0,0,0,0,62000,0,0,0,62000,0,62000,62000
054065,樺漢國票97購01  ,0,0,0,0,0,0,0,0,0,62000,0,0,0,62000,0,62000,62000
052996,聯電康和96購01  ,0,0,0,0,0,0,0,0,0,62000,0,0,0,62000,0,62000,62000
052921,大成鋼永豐96購01,0,0,0,0,0,0,0,0,0,62000,0,0,0,62000,0,62000,62000
052068,瑞儀兆豐96購01  ,0,0,0,0,0,0,0,0,0,62000,0,0,0,132000,70000,62000,62000
06213P,大立光元大98售07,0,0,0,0,0,0,0,0,0,62000,0,0,0,62000,0,62000,62000
054432,台積電台新96購05,0,0,0,0,0,0,0,0,0,61000,0,0,0,71000,10000,61000,61000
054221,華新科統一96購05,0,0,0,0,0,0,0,0,0,61000,0,0,0,61000,0,61000,61000
056408,奇鋐國票99購01  ,0,0,0,0,0,0,0,0,0,61000,0,0,0,61000,0,61000,61000
04644P,全新凱基94售01  ,0,0,0,0,0,0,0,0,0,61000,0,0,0,61000,0,61000,61000
049515,同欣電凱基94購01,0,0,0,0,0,0,0,0,0,61000,0,0,0,71000,10000,61000,61000
045854,貿聯富邦93購01  ,0,0,0,0,0,0,0,0,0,61000,0,0,0,61000,0,61000,61000
046201,台郡凱基92購01  ,0,0,0,0,0,0,0,0,0,61000,0,0,0,61000,0,61000,61000
047699,亞德客凱基93購04,0,0,0,0,0,0,0,0,0,61000,0,0,0,61000,0,61000,61000
049157,矽創元大95購01  ,0,0,0,0,0,0,0,0,0,61000,0,0,0,81000,20000,61000,61000
052781,瀚宇博國票97購03,0,0,0,0,0,0,0,0,0,61000,0,0,0,61000,0,61000,61000
052990,超眾元大97購01  ,0,0,0,0,0,0,0,0,0,61000,0,0,0,360000,299000,61000,61000
053091,同欣電元大96購01,0,0,0,0,0,0,0,0,0,61000,0,0,0,125000,64000,61000,61000
053404,致新群益96購01  ,0,0,0,0,0,0,0,0,0,61000,0,0,0,162000,101000,61000,61000
2387,精元            ,244000,195000,49000,0,0,0,0,0,0,12000,4000,0,4000,8000,0,8000,61000
4976,佳凌            ,67000,9000,58000,0,0,0,0,0,0,3000,3000,0,3000,0,0,0,61000
056510,正文永豐98購02  ,0,0,0,0,0,0,0,0,0,60000,0,0,0,60000,0,60000,60000
056601,鈺齊元富98購01  ,0,0,0,0,0,0,0,0,0,60000,0,0,0,130000,70000,60000,60000
055619,同欣電國票98購02,0,0,0,0,0,0,0,0,0,60000,0,0,0,60000,0,60000,60000
055467,國巨凱基97購05  ,0,0,0,0,0,0,0,0,0,60000,0,0,0,103000,43000,60000,60000
055430,宏達電群益97購01,0,0,0,0,0,0,0,0,0,60000,0,0,0,81000,21000,60000,60000
055872,亞泥元富97購01  ,0,0,0,0,0,0,0,0,0,60000,0,0,0,96000,36000,60000,60000
055867,臺股指元大97購05,0,0,0,0,0,0,0,0,0,60000,0,0,0,60000,0,60000,60000
055782,新日興凱基99購01,0,0,0,0,0,0,0,0,0,60000,0,0,0,64000,4000,60000,60000
054596,聯發科麥證97購01,0,0,0,60000,0,60000,0,0,0,60000,0,0,0,60000,0,60000,60000
054624,台積電凱基98購03,0,0,0,0,0,0,0,0,0,60000,0,0,0,60000,0,60000,60000
05522P,友達元富96售02  ,0,0,0,0,0,0,0,0,0,60000,0,0,0,160000,100000,60000,60000
054988,凱美元富97購02  ,0,0,0,0,0,0,0,0,0,60000,0,0,0,238000,178000,60000,60000
054974,台表科元大98購02,0,0,0,0,0,0,0,0,0,60000,0,0,0,90000,30000,60000,60000
046642,南電永豐93購01  ,0,0,0,0,0,0,0,0,0,60000,0,0,0,60000,0,60000,60000
046688,超眾國票93購03  ,0,0,0,0,0,0,0,0,0,60000,0,0,0,60000,0,60000,60000
045914,超眾國票93購01  ,0,0,0,0,0,0,0,0,0,60000,0,0,0,60000,0,60000,60000
047095,聯詠麥證93購01  ,0,0,0,110000,50000,60000,0,0,0,60000,0,0,0,110000,50000,60000,60000
047112,聯發科元大93購11,0,0,0,0,0,0,0,0,0,60000,0,0,0,60000,0,60000,60000
047154,新光金國票95購01,0,0,0,0,0,0,0,0,0,60000,0,0,0,60000,0,60000,60000
046149,宏達電國票93購01,0,0,0,0,0,0,0,0,0,60000,0,0,0,60000,0,60000,60000
046061,中石化凱基98購01,0,0,0,0,0,0,0,0,0,60000,0,0,0,60000,0,60000,60000
046344,超眾國票94購01  ,0,0,0,0,0,0,0,0,0,60000,0,0,0,147000,87000,60000,60000
042089,台灣50中信94購03,0,0,0,0,0,0,0,0,0,60000,0,0,0,88000,28000,60000,60000
03821P,上海銀統一95售01,0,0,0,0,0,0,0,0,0,60000,0,0,0,60000,0,60000,60000
03665P,華邦電永豐92售01,0,0,0,0,0,0,0,0,0,60000,0,0,0,60000,0,60000,60000
03946P,麗豐群益93售02  ,0,0,0,0,0,0,0,0,0,60000,0,0,0,60000,0,60000,60000
045401,大立光兆豐93購01,0,0,0,0,0,0,0,0,0,60000,0,0,0,60000,0,60000,60000
050722,聯電國票96購01  ,0,0,0,0,0,0,0,0,0,60000,0,0,0,60000,0,60000,60000
051414,新光金國票95購04,0,0,0,0,0,0,0,0,0,60000,0,0,0,60000,0,60000,60000
051408,台積電國票95購03,0,0,0,0,0,0,0,0,0,60000,0,0,0,72000,12000,60000,60000
051402,玉晶光永豐95購04,0,0,0,0,0,0,0,0,0,60000,0,0,0,130000,70000,60000,60000
048465,南電台新93購01  ,0,0,0,0,0,0,0,0,0,60000,0,0,0,270000,210000,60000,60000
048359,奇鋐永豐93購02  ,0,0,0,0,0,0,0,0,0,60000,0,0,0,60000,0,60000,60000
048847,A50群益98購01   ,0,0,0,0,0,0,0,0,0,60000,0,0,0,231000,171000,60000,60000
050493,聯發科永昌96購01,0,0,0,0,0,0,0,0,0,60000,0,0,0,413000,353000,60000,60000
050574,微星國票94購01  ,0,0,0,0,0,0,0,0,0,60000,0,0,0,70000,10000,60000,60000
048632,大成鋼元大93購02,0,0,0,0,0,0,0,0,0,60000,0,0,0,60000,0,60000,60000
053469,光磊元大97購01  ,0,0,0,0,0,0,0,0,0,60000,0,0,0,64000,4000,60000,60000
053507,百和兆豐96購01  ,0,0,0,0,0,0,0,0,0,60000,0,0,0,71000,11000,60000,60000
053159,同欣電元大96購02,0,0,0,0,0,0,0,0,0,60000,0,0,0,67000,7000,60000,60000
05301P,矽力元大95售02  ,0,0,0,0,0,0,0,0,0,60000,0,0,0,60000,0,60000,60000
053017,世紀鋼統一96購02,0,0,0,0,0,0,0,0,0,60000,0,0,0,75000,15000,60000,60000
053051,楠梓電國票97購01,0,0,0,0,0,0,0,0,0,60000,0,0,0,60000,0,60000,60000
052614,聯電國泰97購01  ,0,0,0,0,0,0,0,0,0,60000,0,0,0,60000,0,60000,60000
052703,貿聯國票97購01  ,0,0,0,0,0,0,0,0,0,60000,0,0,0,60000,0,60000,60000
05237P,為升永豐95售01  ,0,0,0,0,0,0,0,0,0,60000,0,0,0,60000,0,60000,60000
052366,聯詠國票96購01  ,0,0,0,0,0,0,0,0,0,60000,0,0,0,60000,0,60000,60000
052263,聯電亞東95購01  ,0,0,0,0,0,0,0,0,0,60000,0,0,0,60000,0,60000,60000
052036,臺股指群益95購09,0,0,0,0,0,0,0,0,0,60000,0,0,0,60000,0,60000,60000
05167P,百和元富95售03  ,0,0,0,0,0,0,0,0,0,60000,0,0,0,60000,0,60000,60000
051805,元黃金凱基97購02,0,0,0,0,0,0,0,0,0,60000,0,0,0,60000,0,60000,60000
1701,中化            ,118000,58000,60000,0,0,0,0,0,0,0,0,0,0,0,0,0,60000
06202P,大立光元大98售06,0,0,0,0,0,0,0,0,0,60000,0,0,0,65000,5000,60000,60000
06399P,台表科凱基97售05,0,0,0,0,0,0,0,0,0,60000,0,0,0,60000,0,60000,60000
06307P,聚陽元富97售02  ,0,0,0,0,0,0,0,0,0,60000,0,0,0,60000,0,60000,60000
055061,聯詠永豐97購01  ,0,0,0,0,0,0,0,0,0,59000,0,0,0,180000,121000,59000,59000
054903,億光康和97購02  ,0,0,0,0,0,0,0,0,0,59000,0,0,0,59000,0,59000,59000
054864,聯發科群益97購02,0,0,0,0,0,0,0,0,0,59000,0,0,0,60000,1000,59000,59000
054762,奇力新國票99購01,0,0,0,0,0,0,0,0,0,59000,0,0,0,89000,30000,59000,59000
056562,奇力新群益98購01,0,0,0,0,0,0,0,0,0,59000,0,0,0,897000,838000,59000,59000
05657P,樺漢統一97售01  ,0,0,0,0,0,0,0,0,0,59000,0,0,0,59000,0,59000,59000
046859,智伸科元大93購03,0,0,0,0,0,0,0,0,0,59000,0,0,0,59000,0,59000,59000
045054,聯發科元富98購02,0,0,0,0,0,0,0,0,0,59000,0,0,0,378000,319000,59000,59000
047830,智邦元大93購08  ,0,0,0,0,0,0,0,0,0,59000,0,0,0,115000,56000,59000,59000
047901,復盛群益93購01  ,0,0,0,0,0,0,0,0,0,59000,0,0,0,59000,0,59000,59000
050359,T50反1元大94購05,0,0,0,0,0,0,0,0,0,59000,0,0,0,59000,0,59000,59000
051435,聯茂元富95購01  ,0,0,0,0,0,0,0,0,0,59000,0,0,0,281000,222000,59000,59000
050939,健鼎國票96購01  ,0,0,0,0,0,0,0,0,0,59000,0,0,0,188000,129000,59000,59000
053299,台泥凱基96購01  ,0,0,0,0,0,0,0,0,0,59000,0,0,0,59000,0,59000,59000
056559,華通群益98購02  ,0,0,0,0,0,0,0,0,0,58000,0,0,0,93000,35000,58000,58000
056589,康控統一98購01  ,0,0,0,0,0,0,0,0,0,58000,0,0,0,279000,221000,58000,58000
056229,可成凱基97購04  ,0,0,0,0,0,0,0,0,0,58000,0,0,0,88000,30000,58000,58000
055631,創意永豐98購01  ,0,0,0,0,0,0,0,0,0,58000,0,0,0,218000,160000,58000,58000
055396,瑞儀統一97購01  ,0,0,0,0,0,0,0,0,0,58000,0,0,0,145000,87000,58000,58000
045957,技嘉凱基93購03  ,0,0,0,0,0,0,0,0,0,58000,0,0,0,69000,11000,58000,58000
051521,大立光凱基96購07,0,0,0,0,0,0,0,0,0,58000,0,0,0,58000,0,58000,58000
048127,麗豐元大94購01  ,0,0,0,0,0,0,0,0,0,58000,0,0,0,410000,352000,58000,58000
050446,鴻海元大94購22  ,0,0,0,0,0,0,0,0,0,58000,0,0,0,58000,0,58000,58000
049463,華新科富邦97購01,0,0,0,0,0,0,0,0,0,58000,0,0,0,164000,106000,58000,58000
053304,可成凱基96購03  ,0,0,0,0,0,0,0,0,0,58000,0,0,0,68000,10000,58000,58000
054128,台積電元大97購10,0,0,0,0,0,0,0,0,0,58000,0,0,0,68000,10000,58000,58000
053574,奇力新元富99購01,0,0,0,0,0,0,0,0,0,58000,0,0,0,311000,253000,58000,58000
052059,臺股指凱基95購17,0,0,0,0,0,0,0,0,0,58000,0,0,0,58000,0,58000,58000
052390,聯詠群益95購03  ,0,0,0,0,0,0,0,0,0,58000,0,0,0,64000,6000,58000,58000
052413,上証反中信97購01,0,0,0,0,0,0,0,0,0,58000,0,0,0,58000,0,58000,58000
056895,技嘉元大98購01  ,0,0,0,0,0,0,0,0,0,58000,0,0,0,133000,75000,58000,58000
3321,同泰            ,64000,6000,58000,0,0,0,0,0,0,0,0,0,0,0,0,0,58000
2809,京城銀          ,245000,238000,7000,0,0,0,0,0,0,51000,51000,0,51000,0,0,0,58000
8210,勤誠            ,388000,285000,103000,0,0,0,0,50000,-50000,5000,0,0,0,21000,16000,5000,58000
6283,淳安            ,76000,18000,58000,0,0,0,0,0,0,0,0,0,0,0,0,0,58000
055289,泰碩元大98購01  ,0,0,0,0,0,0,0,0,0,57000,0,0,0,57000,0,57000,57000
054929,群電凱基97購01  ,0,0,0,0,0,0,0,0,0,57000,0,0,0,57000,0,57000,57000
054982,國巨元富97購03  ,0,0,0,0,0,0,0,0,0,57000,0,0,0,803000,746000,57000,57000
055830,上銀元大97購07  ,0,0,0,0,0,0,0,0,0,57000,0,0,0,195000,138000,57000,57000
049377,聯詠元大94購01  ,0,0,0,0,0,0,0,0,0,57000,0,0,0,63000,6000,57000,57000
047004,台積電統一99購01,0,0,0,0,0,0,0,0,0,57000,0,0,0,122000,65000,57000,57000
047541,深中小凱基94購01,0,0,0,0,0,0,0,0,0,57000,0,0,0,64000,7000,57000,57000
044134,訊芯凱基93購01  ,0,0,0,0,0,0,0,0,0,57000,0,0,0,73000,16000,57000,57000
049312,亞光凱基94購02  ,0,0,0,0,0,0,0,0,0,57000,0,0,0,96000,39000,57000,57000
048564,智易元大94購01  ,0,0,0,0,0,0,0,0,0,57000,0,0,0,59000,2000,57000,57000
049112,可成統一94購01  ,0,0,0,0,0,0,0,0,0,57000,0,0,0,57000,0,57000,57000
050791,聯發科富邦96購01,0,0,0,0,0,0,0,0,0,57000,0,0,0,75000,18000,57000,57000
052623,台郡兆豐96購01  ,0,0,0,0,0,0,0,0,0,57000,0,0,0,208000,151000,57000,57000
051928,大立光中信96購03,0,0,0,0,0,0,0,0,0,57000,0,0,0,93000,36000,57000,57000
051721,玉晶光永豐96購02,0,0,0,0,0,0,0,0,0,57000,0,0,0,57000,0,57000,57000
053690,南亞科元大96購02,0,0,0,0,0,0,0,0,0,57000,0,0,0,60000,3000,57000,57000
053687,智邦元大96購02  ,0,0,0,0,0,0,0,0,0,57000,0,0,0,175000,118000,57000,57000
05826P,臺股指凱基96售23,0,0,0,0,0,0,0,0,0,57000,0,0,0,194000,137000,57000,57000
06547P,大立光元大98售09,0,0,0,0,0,0,0,0,0,57000,0,0,0,57000,0,57000,57000
055635,緯穎永豐97購01  ,0,0,0,0,0,0,0,0,0,56000,0,0,0,124000,68000,56000,56000
056154,宏達電凱基97購03,0,0,0,0,0,0,0,0,0,56000,0,0,0,66000,10000,56000,56000
056180,南茂元富97購01  ,0,0,0,0,0,0,0,0,0,56000,0,0,0,97000,41000,56000,56000
055186,正文統一97購01  ,0,0,0,0,0,0,0,0,0,56000,0,0,0,56000,0,56000,56000
054769,創意國票98購01  ,0,0,0,0,0,0,0,0,0,56000,0,0,0,156000,100000,56000,56000
046982,瀚宇博兆豐94購02,0,0,0,0,0,0,0,0,0,56000,0,0,0,56000,0,56000,56000
047893,嘉聯益兆豐94購01,0,0,0,0,0,0,0,0,0,56000,0,0,0,188000,132000,56000,56000
04007P,國巨國票93售03  ,0,0,0,0,0,0,0,0,0,56000,0,0,0,56000,0,56000,56000
047558,臻鼎凱基93購06  ,0,0,0,0,0,0,0,0,0,56000,0,0,0,76000,20000,56000,56000
050836,緯穎凱基95購01  ,0,0,0,0,0,0,0,0,0,56000,0,0,0,98000,42000,56000,56000
050110,京元電元大94購03,0,0,0,0,0,0,0,0,0,56000,0,0,0,56000,0,56000,56000
050911,光磊中信98購01  ,0,0,0,0,0,0,0,0,0,56000,0,0,0,56000,0,56000,56000
048245,台積電兆豐93購07,0,0,0,0,0,0,0,0,0,56000,0,0,0,56000,0,56000,56000
048651,美利達元大96購05,0,0,0,0,0,0,0,0,0,56000,0,0,0,56000,0,56000,56000
048726,儒鴻麥證95購01  ,0,0,0,178000,122000,56000,0,0,0,56000,0,0,0,178000,122000,56000,56000
048736,台達電統一94購01,0,0,0,0,0,0,0,0,0,56000,0,0,0,66000,10000,56000,56000
050168,緯創富邦95購01  ,0,0,0,0,0,0,0,0,0,56000,0,0,0,56000,0,56000,56000
053270,台塑元大96購01  ,0,0,0,0,0,0,0,0,0,56000,0,0,0,109000,53000,56000,56000
053264,南亞科群益96購01,0,0,0,0,0,0,0,0,0,56000,0,0,0,160000,104000,56000,56000
052757,華邦電群益96購01,0,0,0,0,0,0,0,0,0,56000,0,0,0,100000,44000,56000,56000
052836,旺宏國泰98購01  ,0,0,0,0,0,0,0,0,0,56000,0,0,0,70000,14000,56000,56000
06160P,台達電群益97售01,0,0,0,0,0,0,0,0,0,56000,0,0,0,84000,28000,56000,56000
054791,泰碩群益99購02  ,0,0,0,0,0,0,0,0,0,55000,0,0,0,105000,50000,55000,55000
054251,聯發科元大96購21,0,0,0,0,0,0,0,0,0,55000,0,0,0,255000,200000,55000,55000
055269,和大元大97購02  ,0,0,0,0,0,0,0,0,0,55000,0,0,0,58000,3000,55000,55000
055383,GIS元大97購02   ,0,0,0,0,0,0,0,0,0,55000,0,0,0,134000,79000,55000,55000
054920,智原凱基98購01  ,0,0,0,0,0,0,0,0,0,55000,0,0,0,125000,70000,55000,55000
056069,新日興元大97購03,0,0,0,0,0,0,0,0,0,55000,0,0,0,80000,25000,55000,55000
056243,創意群益97購03  ,0,0,0,0,0,0,0,0,0,55000,0,0,0,346000,291000,55000,55000
056534,京元電凱基98購01,0,0,0,0,0,0,0,0,0,55000,0,0,0,68000,13000,55000,55000
056381,台虹元富98購01  ,0,0,0,0,0,0,0,0,0,55000,0,0,0,109000,54000,55000,55000
055699,康控國票97購04  ,0,0,0,0,0,0,0,0,0,55000,0,0,0,163000,108000,55000,55000
046528,聯詠中信94購01  ,0,0,0,0,0,0,0,0,0,55000,0,0,0,75000,20000,55000,55000
046546,義隆永豐92購03  ,0,0,0,0,0,0,0,0,0,55000,0,0,0,55000,0,55000,55000
03896P,長榮航凱基95售01,0,0,0,0,0,0,0,0,0,55000,0,0,0,110000,55000,55000,55000
049062,華新科日盛94購01,0,0,0,0,0,0,0,0,0,55000,0,0,0,59000,4000,55000,55000
048765,奇力新凱基94購01,0,0,0,0,0,0,0,0,0,55000,0,0,0,55000,0,55000,55000
048426,超眾元富93購01  ,0,0,0,0,0,0,0,0,0,55000,0,0,0,493000,438000,55000,55000
050031,嘉澤元大95購01  ,0,0,0,0,0,0,0,0,0,55000,0,0,0,108000,53000,55000,55000
051582,聯發科元大97購02,0,0,0,0,0,0,0,0,0,55000,0,0,0,405000,350000,55000,55000
053554,欣興凱基97購02  ,0,0,0,0,0,0,0,0,0,55000,0,0,0,55000,0,55000,55000
053062,緯穎富邦97購01  ,0,0,0,0,0,0,0,0,0,55000,0,0,0,107000,52000,55000,55000
053781,友達元大9B購03  ,0,0,0,0,0,0,0,0,0,55000,0,0,0,81000,26000,55000,55000
053830,台積電台新96購02,0,0,0,0,0,0,0,0,0,55000,0,0,0,65000,10000,55000,55000
06228P,亞德客凱基97售04,0,0,0,0,0,0,0,0,0,55000,0,0,0,65000,10000,55000,55000
056794,上銀麥證98購01  ,0,0,0,100000,45000,55000,0,0,0,55000,0,0,0,100000,45000,55000,55000
3588,通嘉            ,70000,15000,55000,0,0,0,0,0,0,0,0,0,0,0,0,0,55000
3059,華晶科          ,137000,62000,75000,0,0,0,0,20000,-20000,0,0,0,0,0,0,0,55000
056321,創意群益98購02  ,0,0,0,0,0,0,0,0,0,54000,0,0,0,358000,304000,54000,54000
047908,南亞科元大93購02,0,0,0,0,0,0,0,0,0,54000,0,0,0,152000,98000,54000,54000
04629P,康控元大94售05  ,0,0,0,0,0,0,54000,0,0,0,104000,50000,54000,54000,,,
045908,矽創中信92購01  ,0,0,0,0,0,0,0,0,0,54000,0,0,0,94000,40000,54000,54000
047232,禾伸堂凱基93購02,0,0,0,0,0,0,0,0,0,54000,0,0,0,54000,0,54000,54000
049897,華新科統一94購07,0,0,0,0,0,0,0,0,0,54000,0,0,0,72000,18000,54000,54000
048599,和鑫國票96購01  ,0,0,0,0,0,0,0,0,0,54000,0,0,0,60000,6000,54000,54000
053658,亞光凱基96購01  ,0,0,0,0,0,0,0,0,0,54000,0,0,0,115000,61000,54000,54000
053729,聯茂凱基96購05  ,0,0,0,0,0,0,0,0,0,54000,0,0,0,110000,56000,54000,54000
054094,創意群益96購02  ,0,0,0,0,0,0,0,0,0,54000,0,0,0,338000,284000,54000,54000
052681,T50反1元大98購02,0,0,0,0,0,0,0,0,0,54000,0,0,0,54000,0,54000,54000
052627,中壽中信98購01  ,0,0,0,0,0,0,0,0,0,54000,0,0,0,73000,19000,54000,54000
052661,奇力新國票97購03,0,0,0,0,0,0,0,0,0,54000,0,0,0,74000,20000,54000,54000
052650,台郡永豐96購01  ,0,0,0,0,0,0,0,0,0,54000,0,0,0,144000,90000,54000,54000
052445,南亞科元大95購05,0,0,0,0,0,0,0,0,0,54000,0,0,0,63000,9000,54000,54000
1786,科妍            ,63000,4000,59000,0,0,0,0,0,0,-5000,0,5000,-5000,0,0,0,54000
055432,臻鼎群益97購02  ,0,0,0,0,0,0,0,0,0,53000,0,0,0,53000,0,53000,53000
055828,上銀元大97購05  ,0,0,0,0,0,0,0,0,0,53000,0,0,0,123000,70000,53000,53000
055395,泰鼎統一97購01  ,0,0,0,0,0,0,0,0,0,53000,0,0,0,74000,21000,53000,53000
055179,大立光統一97購04,0,0,0,0,0,0,0,0,0,53000,0,0,0,170000,117000,53000,53000
054285,國巨元大98購02  ,0,0,0,0,0,0,0,0,0,53000,0,0,0,108000,55000,53000,53000
054783,國巨群益98購04  ,0,0,0,0,0,0,0,0,0,53000,0,0,0,178000,125000,53000,53000
054633,臺股指凱基9A購02,0,0,0,0,0,0,0,0,0,53000,0,0,0,150000,97000,53000,53000
047684,景碩國泰94購01  ,0,0,0,0,0,0,0,0,0,53000,0,0,0,53000,0,53000,53000
046793,聯發科元富99購01,0,0,0,0,0,0,0,0,0,53000,0,0,0,365000,312000,53000,53000
048731,創意麥證94購01  ,0,0,0,158000,105000,53000,0,0,0,53000,0,0,0,158000,105000,53000,53000
049144,瑞昱元大94購03  ,0,0,0,0,0,0,0,0,0,53000,0,0,0,148000,95000,53000,53000
050761,華通元大94購05  ,0,0,0,0,0,0,0,0,0,53000,0,0,0,345000,292000,53000,53000
052818,智邦永豐96購01  ,0,0,0,0,0,0,0,0,0,53000,0,0,0,170000,117000,53000,53000
051580,宏碁元大95購02  ,0,0,0,0,0,0,0,0,0,53000,0,0,0,108000,55000,53000,53000
051665,台積電元大96購07,0,0,0,0,0,0,0,0,0,53000,0,0,0,63000,10000,53000,53000
051919,台郡元大96購02  ,0,0,0,0,0,0,0,0,0,53000,0,0,0,53000,0,53000,53000
053491,鴻海兆豐97購02  ,0,0,0,0,0,0,0,0,0,53000,0,0,0,108000,55000,53000,53000
053295,奇力新中信96購01,0,0,0,0,0,0,0,0,0,53000,0,0,0,80000,27000,53000,53000
06022P,緯穎永豐96售03  ,0,0,0,0,0,0,0,0,0,53000,0,0,0,75000,22000,53000,53000
054350,美律國泰98購01  ,0,0,0,0,0,0,0,0,0,52000,0,0,0,397000,345000,52000,52000
054991,南亞科元富97購01,0,0,0,0,0,0,0,0,0,52000,0,0,0,271000,219000,52000,52000
055841,南亞科元大97購04,0,0,0,0,0,0,0,0,0,52000,0,0,0,100000,48000,52000,52000
055717,聯發科元大97購19,0,0,0,0,0,0,0,0,0,52000,0,0,0,297000,245000,52000,52000
056464,臺股指凱基99購06,0,0,0,0,0,0,0,0,0,52000,0,0,0,52000,0,52000,52000
056596,光磊元富98購01  ,0,0,0,0,0,0,0,0,0,52000,0,0,0,52000,0,52000,52000
044512,奇力新凱基93購02,0,0,0,0,0,0,0,0,0,52000,0,0,0,62000,10000,52000,52000
047274,華新科永豐93購02,0,0,0,0,0,0,0,0,0,52000,0,0,0,52000,0,52000,52000
050750,上銀統一94購02  ,0,0,0,0,0,0,0,0,0,52000,0,0,0,112000,60000,52000,52000
051089,旺宏元大96購04  ,0,0,0,0,0,0,0,0,0,52000,0,0,0,61000,9000,52000,52000
051263,深中小富邦96購01,0,0,0,0,0,0,0,0,0,52000,0,0,0,70000,18000,52000,52000
049343,華新科統一94購03,0,0,0,0,0,0,0,0,0,52000,0,0,0,93000,41000,52000,52000
050200,致新元大94購01  ,0,0,0,0,0,0,0,0,0,52000,0,0,0,52000,0,52000,52000
053558,訊芯凱基96購02  ,0,0,0,0,0,0,0,0,0,52000,0,0,0,62000,10000,52000,52000
053937,光磊元富96購01  ,0,0,0,0,0,0,0,0,0,52000,0,0,0,52000,0,52000,52000
053883,大立光中信98購02,0,0,0,0,0,0,0,0,0,52000,0,0,0,52000,0,52000,52000
052103,台積電兆豐95購06,0,0,0,0,0,0,0,0,0,52000,0,0,0,145000,93000,52000,52000
08897P,國巨群益01售10  ,0,0,0,0,0,0,0,0,0,52000,0,0,0,155000,103000,52000,52000
056938,泰碩元富98購01  ,0,0,0,0,0,0,0,0,0,52000,0,0,0,52000,0,52000,52000
056476,智原元大98購02  ,0,0,0,0,0,0,0,0,0,51000,0,0,0,458000,407000,51000,51000
05562P,鴻海元大96售16  ,0,0,0,0,0,0,0,0,0,51000,0,0,0,58000,7000,51000,51000
055994,聯發科國泰99購02,0,0,0,0,0,0,0,0,0,51000,0,0,0,159000,108000,51000,51000
054462,旺宏凱基96購08  ,0,0,0,0,0,0,0,0,0,51000,0,0,0,132000,81000,51000,51000
049885,緯穎永豐94購01  ,0,0,0,0,0,0,0,0,0,51000,0,0,0,86000,35000,51000,51000
048329,台積電永昌93購07,0,0,0,0,0,0,0,0,0,51000,0,0,0,53000,2000,51000,51000
049927,健策元大94購02  ,0,0,0,0,0,0,0,0,0,51000,0,0,0,63000,12000,51000,51000
049143,智邦元大94購02  ,0,0,0,0,0,0,0,0,0,51000,0,0,0,90000,39000,51000,51000
052402,健策凱基97購01  ,0,0,0,0,0,0,0,0,0,51000,0,0,0,545000,494000,51000,51000
052308,大立光國泰97購02,0,0,0,0,0,0,0,0,0,51000,0,0,0,60000,9000,51000,51000
053015,緯創統一96購01  ,0,0,0,0,0,0,0,0,0,51000,0,0,0,51000,0,51000,51000
053130,聯發科麥證96購01,0,0,0,81000,30000,51000,0,0,0,51000,0,0,0,81000,30000,51000,51000
056611,國巨永豐98購03  ,0,0,0,0,0,0,0,0,0,51000,0,0,0,64000,13000,51000,51000
056681,鴻海統一98購09  ,0,0,0,0,0,0,0,0,0,51000,0,0,0,51000,0,51000,51000
2882B,國泰金乙特      ,0,0,0,0,0,0,0,0,0,51000,51000,0,51000,0,0,0,51000
9958,世紀鋼          ,264000,53000,211000,0,0,0,0,0,0,-160000,16000,4000,12000,15000,187000,-172000,51000
054764,亞光國票98購01  ,0,0,0,0,0,0,0,0,0,50000,0,0,0,50000,0,50000,50000
055118,嘉聯益凱基98購02,0,0,0,0,0,0,0,0,0,50000,0,0,0,121000,71000,50000,50000
054966,貿聯元大98購02  ,0,0,0,0,0,0,0,0,0,50000,0,0,0,100000,50000,50000,50000
055358,臻鼎凱基97購01  ,0,0,0,0,0,0,0,0,0,50000,0,0,0,50000,0,50000,50000
055776,宏達電凱基98購02,0,0,0,0,0,0,0,0,0,50000,0,0,0,50000,0,50000,50000
056244,群創群益98購09  ,0,0,0,0,0,0,0,0,0,50000,0,0,0,70000,20000,50000,50000
056135,緯創元大98購01  ,0,0,0,0,0,0,0,0,0,50000,0,0,0,59000,9000,50000,50000
047263,揚明光國票94購01,0,0,0,0,0,0,0,0,0,50000,0,0,0,50000,0,50000,50000
046320,明泰元大92購02  ,0,0,0,0,0,0,0,0,0,50000,0,0,0,50000,0,50000,50000
04604P,華新科國票95售01,0,0,0,0,0,0,0,0,0,50000,0,0,0,100000,50000,50000,50000
046088,台光電兆豐92購02,0,0,0,0,0,0,0,0,0,50000,0,0,0,50000,0,50000,50000
046158,聯發科群益92購02,0,0,0,0,0,0,0,0,0,50000,0,0,0,50000,0,50000,50000
046431,中環第一92購01  ,0,0,0,0,0,0,0,0,0,50000,0,0,0,50000,0,50000,50000
049685,T50反1元大94購01,0,0,0,0,0,0,0,0,0,50000,0,0,0,50000,0,50000,50000
049788,智伸科兆豐95購01,0,0,0,0,0,0,0,0,0,50000,0,0,0,50000,0,50000,50000
047568,創意國票93購03  ,0,0,0,0,0,0,0,0,0,50000,0,0,0,50000,0,50000,50000
045810,緯穎國票92購01  ,0,0,0,0,0,0,0,0,0,50000,0,0,0,50000,0,50000,50000
046222,上銀元大92購08  ,0,0,0,0,0,0,0,0,0,50000,0,0,0,50000,0,50000,50000
047380,統一元大93購01  ,0,0,0,0,0,0,0,0,0,50000,0,0,0,50000,0,50000,50000
046564,聯詠凱基92購09  ,0,0,0,0,0,0,0,0,0,50000,0,0,0,70000,20000,50000,50000
043696,瑞儀兆豐93購01  ,0,0,0,0,0,0,0,0,0,50000,0,0,0,50000,0,50000,50000
046787,和鑫永豐93購01  ,0,0,0,0,0,0,0,0,0,50000,0,0,0,50000,0,50000,50000
046888,鴻海群益93購05  ,0,0,0,0,0,0,0,0,0,50000,0,0,0,50000,0,50000,50000
046983,南茂兆豐94購01  ,0,0,0,0,0,0,0,0,0,50000,0,0,0,50000,0,50000,50000
03778P,聯發科麥證93售01,0,0,0,50000,0,50000,0,0,0,50000,0,0,0,50000,0,50000,50000
04550P,超眾元大94售01  ,0,0,0,0,0,0,0,0,0,50000,0,0,0,50000,0,50000,50000
042558,瑞昱中信94購01  ,0,0,0,0,0,0,0,0,0,50000,0,0,0,51000,1000,50000,50000
03305P,台達電台新02售01,0,0,0,0,0,0,0,0,0,50000,0,0,0,50000,0,50000,50000
04158P,南電永豐93售04  ,0,0,0,0,0,0,0,0,0,50000,0,0,0,50000,0,50000,50000
04203P,超眾元大93售04  ,0,0,0,0,0,0,0,0,0,50000,0,0,0,50000,0,50000,50000
049082,晶豪科凱基94購01,0,0,0,0,0,0,0,0,0,50000,0,0,0,50000,0,50000,50000
049293,友訊群益95購01  ,0,0,0,0,0,0,0,0,0,50000,0,0,0,95000,45000,50000,50000
051294,鴻海元富95購06  ,0,0,0,0,0,0,0,0,0,50000,0,0,0,50000,0,50000,50000
05137P,華新科凱基96售03,0,0,0,0,0,0,0,0,0,50000,0,0,0,50000,0,50000,50000
051213,華新科統一95購01,0,0,0,0,0,0,0,0,0,50000,0,0,0,66000,16000,50000,50000
04855P,上証2X元富94售02,0,0,0,0,0,0,0,0,0,50000,0,0,0,50000,0,50000,50000
048224,聯發科凱基93購31,0,0,0,0,0,0,0,0,0,50000,0,0,0,50000,0,50000,50000
049878,宏達電永豐94購01,0,0,0,0,0,0,0,0,0,50000,0,0,0,50000,0,50000,50000
04864P,欣興元大94售10  ,0,0,0,0,0,0,0,0,0,50000,0,0,0,50000,0,50000,50000
049005,可成中信95購01  ,0,0,0,0,0,0,0,0,0,50000,0,0,0,50000,0,50000,50000
053099,正崴元富96購01  ,0,0,0,0,0,0,0,0,0,50000,0,0,0,58000,8000,50000,50000
052956,聯發科日盛96購01,0,0,0,0,0,0,0,0,0,50000,0,0,0,55000,5000,50000,50000
053038,華邦電凱基97購01,0,0,0,0,0,0,0,0,0,50000,0,0,0,50000,0,50000,50000
053724,聯詠凱基96購04  ,0,0,0,0,0,0,0,0,0,50000,0,0,0,52000,2000,50000,50000
053611,聯茂麥證96購01  ,0,0,0,60000,0,60000,0,0,0,50000,0,0,0,60000,10000,50000,50000
053990,晶技兆豐96購01  ,0,0,0,0,0,0,0,0,0,50000,0,0,0,50000,0,50000,50000
05416P,喬山永豐95售04  ,0,0,0,0,0,0,0,0,0,50000,0,0,0,50000,0,50000,50000
052489,義隆國票96購02  ,0,0,0,0,0,0,0,0,0,50000,0,0,0,60000,10000,50000,50000
052838,新唐國泰98購01  ,0,0,0,0,0,0,0,0,0,50000,0,0,0,50000,0,50000,50000
052855,群創日盛99購01  ,0,0,0,0,0,0,0,0,0,50000,0,0,0,70000,20000,50000,50000
052616,鴻海國泰98購02  ,0,0,0,0,0,0,0,0,0,50000,0,0,0,160000,110000,50000,50000
052752,臺股指元大96購06,0,0,0,0,0,0,0,0,0,50000,0,0,0,50000,0,50000,50000
8213,志超            ,289000,239000,50000,0,0,0,0,0,0,0,0,0,0,0,0,0,50000
4763,材料-KY         ,60000,10000,50000,0,0,0,0,0,0,0,0,0,0,0,0,0,50000
3209,全科            ,67000,20000,47000,0,0,0,0,0,0,3000,3000,0,3000,0,0,0,50000
2441,超豐            ,163000,130000,33000,0,0,0,0,0,0,17000,17000,0,17000,0,0,0,50000
056701,國產國泰9A購01  ,0,0,0,0,0,0,0,0,0,50000,0,0,0,50000,0,50000,50000
056824,元石油富邦9B購01,0,0,0,0,0,0,0,0,0,50000,0,0,0,50000,0,50000,50000
05745P,富邦金兆豐96售02,0,0,0,0,0,0,0,0,0,50000,0,0,0,50000,0,50000,50000
06551P,貿聯元大98售05  ,0,0,0,0,0,0,0,0,0,50000,0,0,0,50000,0,50000,50000
06427P,鴻海元大97售13  ,0,0,0,0,0,0,0,0,0,50000,0,0,0,55000,5000,50000,50000
056242,緯創群益9A購01  ,0,0,0,0,0,0,0,0,0,49000,0,0,0,75000,26000,49000,49000
055460,華擎永豐97購01  ,0,0,0,0,0,0,0,0,0,49000,0,0,0,53000,4000,49000,49000
055190,華新科元富97購01,0,0,0,0,0,0,0,0,0,49000,0,0,0,114000,65000,49000,49000
054572,國巨元大98購03  ,0,0,0,0,0,0,0,0,0,49000,0,0,0,136000,87000,49000,49000
045630,技嘉凱基93購02  ,0,0,0,0,0,0,0,0,0,49000,0,0,0,117000,68000,49000,49000
048645,創意元大94購02  ,0,0,0,0,0,0,0,0,0,49000,0,0,0,157000,108000,49000,49000
050010,鈺齊永豐94購01  ,0,0,0,0,0,0,0,0,0,49000,0,0,0,79000,30000,49000,49000
04848P,康控凱基94售02  ,0,0,0,0,0,0,0,0,0,49000,0,0,0,59000,10000,49000,49000
048883,玉晶光統一94購01,0,0,0,0,0,0,0,0,0,49000,0,0,0,49000,0,49000,49000
051120,南亞科群益95購01,0,0,0,0,0,0,0,0,0,49000,0,0,0,104000,55000,49000,49000
051156,鴻海富邦97購01  ,0,0,0,0,0,0,0,0,0,49000,0,0,0,49000,0,49000,49000
051419,麗豐國票96購01  ,0,0,0,0,0,0,0,0,0,49000,0,0,0,89000,40000,49000,49000
048163,南亞科台新93購01,0,0,0,0,0,0,0,0,0,49000,0,0,0,49000,0,49000,49000
051899,欣興國泰97購01  ,0,0,0,0,0,0,0,0,0,49000,0,0,0,80000,31000,49000,49000
052010,兆豐金中信95購01,0,0,0,0,0,0,0,0,0,49000,0,0,0,70000,21000,49000,49000
053994,微星群益96購01  ,0,0,0,0,0,0,0,0,0,49000,0,0,0,62000,13000,49000,49000
054038,T50反1元大98購04,0,0,0,0,0,0,0,0,0,49000,0,0,0,60000,11000,49000,49000
053778,旺宏元大97購03  ,0,0,0,0,0,0,0,0,0,49000,0,0,0,179000,130000,49000,49000
053757,聯發科國泰96購04,0,0,0,0,0,0,0,0,0,49000,0,0,0,49000,0,49000,49000
053166,聯詠群益96購02  ,0,0,0,0,0,0,0,0,0,49000,0,0,0,172000,123000,49000,49000
056896,南亞科元大98購01,0,0,0,0,0,0,0,0,0,49000,0,0,0,57000,8000,49000,49000
2207,和泰車          ,264000,200928,63072,0,0,0,0,30000,-30000,15000,17000,2000,15000,0,0,0,48072
054773,台郡國票98購01  ,0,0,0,0,0,0,0,0,0,48000,0,0,0,60000,12000,48000,48000
054202,樺漢富邦97購01  ,0,0,0,0,0,0,0,0,0,48000,0,0,0,225000,177000,48000,48000
054863,億光群益97購01  ,0,0,0,0,0,0,0,0,0,48000,0,0,0,48000,0,48000,48000
056263,友訊統一99購01  ,0,0,0,0,0,0,0,0,0,48000,0,0,0,48000,0,48000,48000
056226,聯發科凱基97購10,0,0,0,0,0,0,0,0,0,48000,0,0,0,72000,24000,48000,48000
046932,聯詠統一93購02  ,0,0,0,0,0,0,0,0,0,48000,0,0,0,49000,1000,48000,48000
045115,玉晶光永豐94購01,0,0,0,0,0,0,0,0,0,48000,0,0,0,49000,1000,48000,48000
046737,鴻海群益93購04  ,0,0,0,0,0,0,0,0,0,48000,0,0,0,48000,0,48000,48000
045796,廣達中信93購01  ,0,0,0,0,0,0,0,0,0,48000,0,0,0,82000,34000,48000,48000
050292,可成凱基94購11  ,0,0,0,0,0,0,0,0,0,48000,0,0,0,68000,20000,48000,48000
049257,南亞科元大94購03,0,0,0,0,0,0,0,0,0,48000,0,0,0,51000,3000,48000,48000
050823,信邦凱基95購01  ,0,0,0,0,0,0,0,0,0,48000,0,0,0,176000,128000,48000,48000
051416,創意國票96購02  ,0,0,0,0,0,0,0,0,0,48000,0,0,0,131000,83000,48000,48000
051524,貿聯凱基95購02  ,0,0,0,0,0,0,0,0,0,48000,0,0,0,48000,0,48000,48000
051020,健策凱基96購02  ,0,0,0,0,0,0,0,0,0,48000,0,0,0,498000,450000,48000,48000
053527,創意中信97購01  ,0,0,0,0,0,0,0,0,0,48000,0,0,0,108000,60000,48000,48000
05358P,大立光元大95售09,0,0,0,0,0,0,0,0,0,48000,0,0,0,48000,0,48000,48000
052689,玉晶光元大98購03,0,0,0,0,0,0,0,0,0,48000,0,0,0,48000,0,48000,48000
052902,鴻海國票97購04  ,0,0,0,0,0,0,0,0,0,48000,0,0,0,100000,52000,48000,48000
052469,宏碁亞東95購01  ,0,0,0,0,0,0,0,0,0,48000,0,0,0,48000,0,48000,48000
052411,嘉聯益亞東95購02,0,0,0,0,0,0,0,0,0,48000,0,0,0,48000,0,48000,48000
052337,臺股指日盛95購02,0,0,0,0,0,0,0,0,0,48000,0,0,0,61000,13000,48000,48000
056897,南亞科元大98購02,0,0,0,0,0,0,0,0,0,48000,0,0,0,55000,7000,48000,48000
056684,旺宏統一98購02  ,0,0,0,0,0,0,0,0,0,48000,0,0,0,48000,0,48000,48000
1309,台達化          ,73000,25000,48000,0,0,0,0,0,0,0,0,0,0,0,0,0,48000
06041P,全新永豐96售03  ,0,0,0,0,0,0,0,0,0,48000,0,0,0,75000,27000,48000,48000
06190P,玉晶光永豐97售05,0,0,0,0,0,0,0,0,0,48000,0,0,0,51000,3000,48000,48000
056414,國巨中信98購02  ,0,0,0,0,0,0,0,0,0,47000,0,0,0,60000,13000,47000,47000
054938,國巨元大97購04  ,0,0,0,0,0,0,0,0,0,47000,0,0,0,174000,127000,47000,47000
054335,緯穎永豐96購02  ,0,0,0,0,0,0,0,0,0,47000,0,0,0,168000,121000,47000,47000
054482,大成鋼台新96購01,0,0,0,0,0,0,0,0,0,47000,0,0,0,47000,0,47000,47000
047431,儒鴻元大93購06  ,0,0,0,0,0,0,0,0,0,47000,0,0,0,448000,401000,47000,47000
051204,正崴麥證95購01  ,0,0,0,47000,0,47000,0,0,0,47000,0,0,0,47000,0,47000,47000
051617,台積電凱基95購14,0,0,0,0,0,0,0,0,0,47000,0,0,0,47000,0,47000,47000
051830,健策元大97購01  ,0,0,0,0,0,0,0,0,0,47000,0,0,0,441000,394000,47000,47000
053874,台表科元大96購05,0,0,0,0,0,0,0,0,0,47000,0,0,0,50000,3000,47000,47000
054108,台積電凱基96購22,0,0,0,0,0,0,0,0,0,47000,0,0,0,47000,0,47000,47000
053005,微星永豐96購01  ,0,0,0,0,0,0,0,0,0,47000,0,0,0,186000,139000,47000,47000
1760,寶齡富錦        ,106000,61000,45000,0,0,0,0,0,0,2000,0,0,0,3000,1000,2000,47000
054805,台苯元大9A購01  ,0,0,0,0,0,0,0,0,0,46000,0,0,0,75000,29000,46000,46000
055634,訊芯永豐97購02  ,0,0,0,0,0,0,0,0,0,46000,0,0,0,90000,44000,46000,46000
046734,華通國票93購02  ,0,0,0,0,0,0,0,0,0,46000,0,0,0,106000,60000,46000,46000
049508,上銀凱基94購04  ,0,0,0,0,0,0,0,0,0,46000,0,0,0,81000,35000,46000,46000
051537,牧德國票96購01  ,0,0,0,0,0,0,0,0,0,46000,0,0,0,56000,10000,46000,46000
051387,新光金麥證96購01,0,0,0,56000,10000,46000,0,0,0,46000,0,0,0,56000,10000,46000,46000
048100,貿聯凱基93購02  ,0,0,0,0,0,0,0,0,0,46000,0,0,0,105000,59000,46000,46000
04820P,聯茂永豐94售02  ,0,0,0,0,0,0,0,0,0,46000,0,0,0,56000,10000,46000,46000
053150,聯發科元大96購11,0,0,0,0,0,0,0,0,0,46000,0,0,0,58000,12000,46000,46000
053468,鴻海元大98購01  ,0,0,0,0,0,0,0,0,0,46000,0,0,0,93000,47000,46000,46000
3004,豐達科          ,54000,8000,46000,0,0,0,0,0,0,0,0,0,0,0,0,0,46000
8481,政伸            ,49000,3000,46000,0,0,0,0,0,0,0,0,0,0,0,0,0,46000
056682,鴻海統一98購10  ,0,0,0,0,0,0,0,0,0,46000,0,0,0,46000,0,46000,46000
05703P,矽力群益96售03  ,0,0,0,0,0,0,0,0,0,46000,0,0,0,56000,10000,46000,46000
055695,大毅國票98購03  ,0,0,0,0,0,0,0,0,0,45000,0,0,0,55000,10000,45000,45000
055501,創意元大97購01  ,0,0,0,0,0,0,0,0,0,45000,0,0,0,109000,64000,45000,45000
055804,祥碩永豐97購02  ,0,0,0,0,0,0,0,0,0,45000,0,0,0,117000,72000,45000,45000
056536,義隆凱基98購04  ,0,0,0,0,0,0,0,0,0,45000,0,0,0,65000,20000,45000,45000
056077,矽力元大97購07  ,0,0,0,0,0,0,0,0,0,45000,0,0,0,65000,20000,45000,45000
05605P,嘉聯益元大97售02,0,0,0,0,0,0,0,0,0,45000,0,0,0,45000,0,45000,45000
054853,TPK國票98購02   ,0,0,0,0,0,0,0,0,0,45000,0,0,0,70000,25000,45000,45000
046379,奇力新凱基93購03,0,0,0,0,0,0,0,0,0,45000,0,0,0,45000,0,45000,45000
045514,南茂凱基93購01  ,0,0,0,0,0,0,0,0,0,45000,0,0,0,45000,0,45000,45000
045448,宏達電國泰93購02,0,0,0,0,0,0,0,0,0,45000,0,0,0,75000,30000,45000,45000
050081,聯發科統一94購07,0,0,0,0,0,0,0,0,0,45000,0,0,0,143000,98000,45000,45000
048814,上銀凱基94購01  ,0,0,0,0,0,0,0,0,0,45000,0,0,0,55000,10000,45000,45000
050016,緯穎富邦95購01  ,0,0,0,0,0,0,0,0,0,45000,0,0,0,69000,24000,45000,45000
05041P,大立光凱基95售09,0,0,0,0,0,0,0,0,0,45000,0,0,0,100000,55000,45000,45000
049807,新光金元大96購02,0,0,0,0,0,0,0,0,0,45000,0,0,0,45000,0,45000,45000
050307,欣興中信95購01  ,0,0,0,0,0,0,0,0,0,45000,0,0,0,90000,45000,45000,45000
053484,國巨國票97購03  ,0,0,0,0,0,0,0,0,0,45000,0,0,0,70000,25000,45000,45000
053848,聯發科元富96購03,0,0,0,0,0,0,0,0,0,45000,0,0,0,45000,0,45000,45000
053735,矽力中信97購01  ,0,0,0,0,0,0,0,0,0,45000,0,0,0,85000,40000,45000,45000
052355,為升永豐95購02  ,0,0,0,0,0,0,0,0,0,45000,0,0,0,45000,0,45000,45000
052290,鴻海元富97購01  ,0,0,0,0,0,0,0,0,0,45000,0,0,0,45000,0,45000,45000
052269,T50反1日盛9B購01,0,0,0,0,0,0,0,0,0,45000,0,0,0,53000,8000,45000,45000
056796,國巨麥證98購02  ,0,0,0,45000,0,45000,0,0,0,45000,0,0,0,45000,0,45000,45000
06183P,大立光元大97售05,0,0,0,0,0,0,0,0,0,45000,0,0,0,50000,5000,45000,45000
06122P,亞光元大98售01  ,0,0,0,0,0,0,0,0,0,45000,0,0,0,100000,55000,45000,45000
06006P,欣興永豐96售04  ,0,0,0,0,0,0,0,0,0,45000,0,0,0,162000,117000,45000,45000
06480P,上銀凱基98售04  ,0,0,0,0,0,0,0,0,0,45000,0,0,0,45000,0,45000,45000
8429,金麗-KY         ,49000,4000,45000,0,0,0,0,0,0,0,0,0,0,0,0,0,45000
3048,益登            ,73000,28000,45000,0,0,0,0,0,0,0,0,0,0,0,0,0,45000
3607,谷崧            ,47000,2000,45000,0,0,0,0,0,0,0,0,0,0,0,0,0,45000
1582,信錦            ,141000,100000,41000,0,0,0,0,0,0,4000,4000,0,4000,0,0,0,45000
2228,劍麟            ,94000,49000,45000,0,0,0,0,0,0,0,0,0,0,0,0,0,45000
054685,國巨永豐97購02  ,0,0,0,0,0,0,0,0,0,44000,0,0,0,669000,625000,44000,44000
054568,訊芯群益97購01  ,0,0,0,0,0,0,0,0,0,44000,0,0,0,122000,78000,44000,44000
054563,泰碩群益99購01  ,0,0,0,0,0,0,0,0,0,44000,0,0,0,44000,0,44000,44000
054360,智邦凱基96購03  ,0,0,0,0,0,0,0,0,0,44000,0,0,0,105000,61000,44000,44000
056114,台達電群益97購02,0,0,0,0,0,0,0,0,0,44000,0,0,0,44000,0,44000,44000
056281,深中小永豐97購01,0,0,0,0,0,0,0,0,0,44000,0,0,0,44000,0,44000,44000
055442,矽創國票98購02  ,0,0,0,0,0,0,0,0,0,44000,0,0,0,44000,0,44000,44000
047142,中磊兆豐93購02  ,0,0,0,0,0,0,0,0,0,44000,0,0,0,44000,0,44000,44000
046645,技嘉國泰94購01  ,0,0,0,0,0,0,0,0,0,44000,0,0,0,710000,666000,44000,44000
049125,禾伸堂元富94購01,0,0,0,0,0,0,0,0,0,44000,0,0,0,308000,264000,44000,44000
050849,智伸科國票95購01,0,0,0,0,0,0,0,0,0,44000,0,0,0,71000,27000,44000,44000
050659,宏達電元大96購01,0,0,0,0,0,0,0,0,0,44000,0,0,0,44000,0,44000,44000
052915,創意元富96購01  ,0,0,0,0,0,0,0,0,0,44000,0,0,0,286000,242000,44000,44000
052745,欣興元大96購04  ,0,0,0,0,0,0,0,0,0,44000,0,0,0,195000,151000,44000,44000
052635,奇力新凱基98購01,0,0,0,0,0,0,0,0,0,44000,0,0,0,44000,0,44000,44000
051771,上銀中信95購01  ,0,0,0,0,0,0,0,0,0,44000,0,0,0,65000,21000,44000,44000
05401P,聯茂永豐95售03  ,0,0,0,0,0,0,0,0,0,44000,0,0,0,47000,3000,44000,44000
9907,統一實          ,128000,90000,38000,0,0,0,0,0,0,6000,6000,0,6000,0,0,0,44000
5285,界霖            ,55000,13000,42000,0,0,0,0,0,0,2000,2000,0,2000,0,0,0,44000
2505,國揚            ,210000,322774,-112774,0,0,0,0,0,0,156000,44000,0,44000,117000,5000,112000,43226
055975,鴻海統一98購05  ,0,0,0,0,0,0,0,0,0,43000,0,0,0,368000,325000,43000,43000
056336,南亞科凱基98購02,0,0,0,0,0,0,0,0,0,43000,0,0,0,43000,0,43000,43000
056057,華邦電元大97購05,0,0,0,0,0,0,0,0,0,43000,0,0,0,100000,57000,43000,43000
054491,瀚宇博台新96購02,0,0,0,0,0,0,0,0,0,43000,0,0,0,43000,0,43000,43000
046724,聯發科元大93購02,0,0,0,0,0,0,0,0,0,43000,0,0,0,45000,2000,43000,43000
047639,聯發科元大93購16,0,0,0,0,0,0,0,0,0,43000,0,0,0,43000,0,43000,43000
045768,大立光元富95購02,0,0,0,0,0,0,0,0,0,43000,0,0,0,47000,4000,43000,43000
045220,漢唐元大94購01  ,0,0,0,0,0,0,0,0,0,43000,0,0,0,43000,0,43000,43000
045018,矽創元大93購01  ,0,0,0,0,0,0,0,0,0,43000,0,0,0,53000,10000,43000,43000
048991,昇陽半元大94購01,0,0,0,0,0,0,0,0,0,43000,0,0,0,55000,12000,43000,43000
049145,南亞科元大94購01,0,0,0,0,0,0,0,0,0,43000,0,0,0,116000,73000,43000,43000
050291,聯發科凱基94購16,0,0,0,0,0,0,0,0,0,43000,0,0,0,43000,0,43000,43000
050946,瑞昱群益95購01  ,0,0,0,0,0,0,0,0,0,43000,0,0,0,81000,38000,43000,43000
048273,南電富邦97購01  ,0,0,0,0,0,0,0,0,0,43000,0,0,0,80000,37000,43000,43000
050189,旭富元大94購01  ,0,0,0,0,0,0,0,0,0,43000,0,0,0,56000,13000,43000,43000
053875,GIS元大97購01   ,0,0,0,0,0,0,0,0,0,43000,0,0,0,43000,0,43000,43000
053337,聯電國票97購01  ,0,0,0,0,0,0,0,0,0,43000,0,0,0,117000,74000,43000,43000
053224,矽力凱基96購02  ,0,0,0,0,0,0,0,0,0,43000,0,0,0,44000,1000,43000,43000
051591,玉晶光元大97購01,0,0,0,0,0,0,0,0,0,43000,0,0,0,154000,111000,43000,43000
052286,力成凱基95購02  ,0,0,0,0,0,0,0,0,0,43000,0,0,0,85000,42000,43000,43000
052446,聯發科元大96購03,0,0,0,0,0,0,0,0,0,43000,0,0,0,73000,30000,43000,43000
055211,A50反1凱基9A購01,0,0,0,0,0,0,0,0,0,42000,0,0,0,229000,187000,42000,42000
055363,緯穎凱基98購03  ,0,0,0,0,0,0,0,0,0,42000,0,0,0,55000,13000,42000,42000
055349,京元電凱基97購02,0,0,0,0,0,0,0,0,0,42000,0,0,0,83000,41000,42000,42000
056210,矽創永豐97購02  ,0,0,0,0,0,0,0,0,0,42000,0,0,0,327000,285000,42000,42000
056237,智邦群益97購02  ,0,0,0,0,0,0,0,0,0,42000,0,0,0,81000,39000,42000,42000
055503,健策元大98購05  ,0,0,0,0,0,0,0,0,0,42000,0,0,0,802000,760000,42000,42000
055536,嘉聯益群益99購02,0,0,0,0,0,0,0,0,0,42000,0,0,0,50000,8000,42000,42000
044908,玉晶光凱基93購01,0,0,0,0,0,0,0,0,0,42000,0,0,0,50000,8000,42000,42000
044711,台郡元大93購01  ,0,0,0,0,0,0,0,0,0,42000,0,0,0,52000,10000,42000,42000
044493,京元電元大92購02,0,0,0,0,0,0,0,0,0,42000,0,0,0,42000,0,42000,42000
047688,亞德客富邦95購01,0,0,0,0,0,0,0,0,0,42000,0,0,0,42000,0,42000,42000
047117,禾伸堂元大93購02,0,0,0,0,0,0,0,0,0,42000,0,0,0,43000,1000,42000,42000
05018P,臺股指元大95售09,0,0,0,0,0,0,0,0,0,42000,0,0,0,45000,3000,42000,42000
049891,T50反1富邦94購02,0,0,0,0,0,0,0,0,0,42000,0,0,0,132000,90000,42000,42000
048855,華新科群益94購02,0,0,0,0,0,0,0,0,0,42000,0,0,0,131000,89000,42000,42000
050360,T50反1元大94購06,0,0,0,0,0,0,0,0,0,42000,0,0,0,50000,8000,42000,42000
049291,華通群益94購04  ,0,0,0,0,0,0,0,0,0,42000,0,0,0,43000,1000,42000,42000
050649,華新科凱基96購01,0,0,0,0,0,0,0,0,0,42000,0,0,0,50000,8000,42000,42000
052294,創意國票96購03  ,0,0,0,0,0,0,0,0,0,42000,0,0,0,42000,0,42000,42000
052398,瑞昱凱基95購06  ,0,0,0,0,0,0,0,0,0,42000,0,0,0,65000,23000,42000,42000
052204,台泥中信96購01  ,0,0,0,0,0,0,0,0,0,42000,0,0,0,42000,0,42000,42000
053232,友達永豐97購02  ,0,0,0,0,0,0,0,0,0,42000,0,0,0,115000,73000,42000,42000
053000,臺股指康和96購02,0,0,0,0,0,0,0,0,0,42000,0,0,0,42000,0,42000,42000
053057,聯電國泰97購02  ,0,0,0,0,0,0,0,0,0,42000,0,0,0,125000,83000,42000,42000
053363,旺宏國泰98購02  ,0,0,0,0,0,0,0,0,0,42000,0,0,0,82000,40000,42000,42000
053754,英業達元富96購02,0,0,0,0,0,0,0,0,0,42000,0,0,0,42000,0,42000,42000
053673,超眾元富96購03  ,0,0,0,0,0,0,0,0,0,42000,0,0,0,373000,331000,42000,42000
054035,聯詠麥證96購01  ,0,0,0,72000,30000,42000,0,0,0,42000,0,0,0,72000,30000,42000,42000
2609,陽明            ,152000,110000,42000,0,0,0,0,0,0,0,0,0,0,0,0,0,42000
5225,東科-KY         ,52000,10000,42000,0,0,0,0,0,0,0,0,0,0,0,0,0,42000
05973P,聯詠元大96售06  ,0,0,0,0,0,0,0,0,0,42000,0,0,0,62000,20000,42000,42000
056009,奇力新中信98購03,0,0,0,0,0,0,0,0,0,41000,0,0,0,347000,306000,41000,41000
055923,矽力凱基98購01  ,0,0,0,0,0,0,0,0,0,41000,0,0,0,41000,0,41000,41000
056271,嘉澤統一97購01  ,0,0,0,0,0,0,0,0,0,41000,0,0,0,57000,16000,41000,41000
055371,正崴元大97購02  ,0,0,0,0,0,0,0,0,0,41000,0,0,0,153000,112000,41000,41000
054932,台肥元大97購01  ,0,0,0,0,0,0,0,0,0,41000,0,0,0,214000,173000,41000,41000
054464,奇力新凱基98購02,0,0,0,0,0,0,0,0,0,41000,0,0,0,61000,20000,41000,41000
047653,上銀兆豐94購01  ,0,0,0,0,0,0,0,0,0,41000,0,0,0,51000,10000,41000,41000
04453P,聯發科富邦94售04,0,0,0,0,0,0,0,0,0,41000,0,0,0,43000,2000,41000,41000
044224,超眾凱基93購01  ,0,0,0,0,0,0,0,0,0,41000,0,0,0,74000,33000,41000,41000
050618,緯創元大95購01  ,0,0,0,0,0,0,0,0,0,41000,0,0,0,49000,8000,41000,41000
05108P,欣興中信95售02  ,0,0,0,0,0,0,0,0,0,41000,0,0,0,76000,35000,41000,41000
051473,台積電凱基95購10,0,0,0,0,0,0,0,0,0,41000,0,0,0,41000,0,41000,41000
050408,臻鼎台新94購02  ,0,0,0,0,0,0,0,0,0,41000,0,0,0,47000,6000,41000,41000
049030,凌華群益94購01  ,0,0,0,0,0,0,0,0,0,41000,0,0,0,62000,21000,41000,41000
049346,新光金統一95購01,0,0,0,0,0,0,0,0,0,41000,0,0,0,200000,159000,41000,41000
049316,茂林凱基94購02  ,0,0,0,0,0,0,0,0,0,41000,0,0,0,51000,10000,41000,41000
050079,元油2X統一94購06,0,0,0,0,0,0,0,0,0,41000,0,0,0,41000,0,41000,41000
048784,台積電元大94購04,0,0,0,0,0,0,0,0,0,41000,0,0,0,273000,232000,41000,41000
054047,富邦金元大97購01,0,0,0,0,0,0,0,0,0,41000,0,0,0,140000,99000,41000,41000
05387P,鴻海元大95售21  ,0,0,0,0,0,0,0,0,0,41000,0,0,0,165000,124000,41000,41000
052961,國巨凱基97購02  ,0,0,0,0,0,0,0,0,0,41000,0,0,0,55000,14000,41000,41000
051619,智邦凱基95購07  ,0,0,0,0,0,0,0,0,0,41000,0,0,0,78000,37000,41000,41000
052326,滬深反中信99購01,0,0,0,0,0,0,0,0,0,41000,0,0,0,100000,59000,41000,41000
052741,聯發科元大96購08,0,0,0,0,0,0,0,0,0,41000,0,0,0,186000,145000,41000,41000
056937,智原元富98購01  ,0,0,0,0,0,0,0,0,0,41000,0,0,0,62000,21000,41000,41000
8104,錸寶            ,53000,12000,41000,0,0,0,0,0,0,0,0,0,0,0,0,0,41000
8482,商億-KY         ,66000,25000,41000,0,0,0,0,0,0,0,0,0,0,0,0,0,41000
054639,台新金中信99購01,0,0,0,0,0,0,0,0,0,40000,0,0,0,40000,0,40000,40000
054806,台化元大9A購01  ,0,0,0,0,0,0,0,0,0,40000,0,0,0,50000,10000,40000,40000
054753,復盛凱基98購01  ,0,0,0,0,0,0,0,0,0,40000,0,0,0,40000,0,40000,40000
05486P,大立光凱基95售14,0,0,0,0,0,0,0,0,0,40000,0,0,0,40000,0,40000,40000
055359,超眾凱基97購01  ,0,0,0,0,0,0,0,0,0,40000,0,0,0,40000,0,40000,40000
055243,國巨統一97購04  ,0,0,0,0,0,0,0,0,0,40000,0,0,0,40000,0,40000,40000
05633P,台表科群益96售04,0,0,0,0,0,0,0,0,0,40000,0,0,0,42000,2000,40000,40000
05625P,國巨國票97售01  ,0,0,0,0,0,0,0,0,0,40000,0,0,0,40000,0,40000,40000
056547,臻鼎凱基99購01  ,0,0,0,0,0,0,0,0,0,40000,0,0,0,50000,10000,40000,40000
056039,宏達電凱基97購02,0,0,0,0,0,0,0,0,0,40000,0,0,0,40000,0,40000,40000
055708,茂林永豐97購02  ,0,0,0,0,0,0,0,0,0,40000,0,0,0,121000,81000,40000,40000
044927,聯詠國泰94購01  ,0,0,0,0,0,0,0,0,0,40000,0,0,0,40000,0,40000,40000
044756,強茂凱基93購01  ,0,0,0,0,0,0,0,0,0,40000,0,0,0,40000,0,40000,40000
044763,瀚宇博凱基93購01,0,0,0,0,0,0,0,0,0,40000,0,0,0,50000,10000,40000,40000
04444P,玉晶光永豐94售06,0,0,0,0,0,0,0,0,0,40000,0,0,0,40000,0,40000,40000
044405,材料凱基93購01  ,0,0,0,0,0,0,0,0,0,40000,0,0,0,40000,0,40000,40000
046818,奇力新凱基93購04,0,0,0,0,0,0,0,0,0,40000,0,0,0,41000,1000,40000,40000
046896,臻鼎群益94購01  ,0,0,0,0,0,0,0,0,0,40000,0,0,0,40000,0,40000,40000
00683L,元大美元指數正2 ,0,0,0,0,0,0,0,0,0,40000,0,0,0,80000,40000,40000,40000
04768P,大立光國泰96售03,0,0,0,0,0,0,0,0,0,40000,0,0,0,100000,60000,40000,40000
045820,京元電凱基92購04,0,0,0,0,0,0,0,0,0,40000,0,0,0,50000,10000,40000,40000
04670P,臺股指國票94售09,0,0,0,0,0,0,0,0,0,40000,0,0,0,201000,161000,40000,40000
046729,智伸科元大93購01,0,0,0,0,0,0,0,0,0,40000,0,0,0,65000,25000,40000,40000
046756,廣達凱基93購01  ,0,0,0,0,0,0,0,0,0,40000,0,0,0,40000,0,40000,40000
046537,聯發科群益93購02,0,0,0,0,0,0,0,0,0,40000,0,0,0,76000,36000,40000,40000
046522,樺漢元大92購03  ,0,0,0,0,0,0,0,0,0,40000,0,0,0,40000,0,40000,40000
047385,華邦電元大94購02,0,0,0,0,0,0,0,0,0,40000,0,0,0,40000,0,40000,40000
047002,鴻海統一93購04  ,0,0,0,0,0,0,0,0,0,40000,0,0,0,60000,20000,40000,40000
046335,矽創元大92購04  ,0,0,0,0,0,0,0,0,0,40000,0,0,0,40000,0,40000,40000
04950P,上証2X中信96售02,0,0,0,0,0,0,0,0,0,40000,0,0,0,40000,0,40000,40000
049375,大立光元大94購13,0,0,0,0,0,0,0,0,0,40000,0,0,0,40000,0,40000,40000
049775,旺宏統一95購02  ,0,0,0,0,0,0,0,0,0,40000,0,0,0,42000,2000,40000,40000
049670,鈺齊國泰96購01  ,0,0,0,0,0,0,0,0,0,40000,0,0,0,40000,0,40000,40000
050224,台泥中信94購01  ,0,0,0,0,0,0,0,0,0,40000,0,0,0,40000,0,40000,40000
048349,美利達元大96購02,0,0,0,0,0,0,0,0,0,40000,0,0,0,40000,0,40000,40000
048917,和鑫台新94購01  ,0,0,0,0,0,0,0,0,0,40000,0,0,0,40000,0,40000,40000
050572,大立光中信97購01,0,0,0,0,0,0,0,0,0,40000,0,0,0,40000,0,40000,40000
049996,元油2X永豐94購05,0,0,0,0,0,0,0,0,0,40000,0,0,0,50000,10000,40000,40000
050526,貿聯元大95購01  ,0,0,0,0,0,0,0,0,0,40000,0,0,0,145000,105000,40000,40000
051441,鴻海元大95購13  ,0,0,0,0,0,0,0,0,0,40000,0,0,0,90000,50000,40000,40000
051528,亞泥國票96購01  ,0,0,0,0,0,0,0,0,0,40000,0,0,0,40000,0,40000,40000
051514,智邦凱基95購05  ,0,0,0,0,0,0,0,0,0,40000,0,0,0,152000,112000,40000,40000
051207,聯茂麥證95購01  ,0,0,0,40000,0,40000,0,0,0,40000,0,0,0,40000,0,40000,40000
051216,為升元富95購01  ,0,0,0,0,0,0,0,0,0,40000,0,0,0,50000,10000,40000,40000
050896,華新科元大96購02,0,0,0,0,0,0,0,0,0,40000,0,0,0,54000,14000,40000,40000
050780,台表科元大96購01,0,0,0,0,0,0,0,0,0,40000,0,0,0,43000,3000,40000,40000
05257P,欣興凱基95售04  ,0,0,0,0,0,0,0,0,0,40000,0,0,0,46000,6000,40000,40000
052797,樺漢兆豐96購01  ,0,0,0,0,0,0,0,0,0,40000,0,0,0,50000,10000,40000,40000
052443,台積電元大95購23,0,0,0,0,0,0,0,0,0,40000,0,0,0,44000,4000,40000,40000
051775,旺宏亞東95購01  ,0,0,0,0,0,0,0,0,0,40000,0,0,0,40000,0,40000,40000
052169,鴻海元大97購02  ,0,0,0,0,0,0,0,0,0,40000,0,0,0,40000,0,40000,40000
05208P,TPK中信95售01   ,0,0,0,0,0,0,0,0,0,40000,0,0,0,40000,0,40000,40000
052975,嘉聯益群益96購01,0,0,0,0,0,0,0,0,0,40000,0,0,0,40000,0,40000,40000
053076,貿聯永豐96購01  ,0,0,0,0,0,0,0,0,0,40000,0,0,0,40000,0,40000,40000
053078,昇陽半永豐97購02,0,0,0,0,0,0,0,0,0,40000,0,0,0,40000,0,40000,40000
053864,義隆元大96購01  ,0,0,0,0,0,0,0,0,0,40000,0,0,0,140000,100000,40000,40000
054022,南亞康和96購01  ,0,0,0,0,0,0,0,0,0,40000,0,0,0,40000,0,40000,40000
053887,聯茂兆豐97購02  ,0,0,0,0,0,0,0,0,0,40000,0,0,0,1011000,971000,40000,40000
2351,順德            ,63000,48000,15000,0,0,0,20000,0,20000,5000,5000,0,5000,0,0,0,40000
056662,臺股指元大9A購09,0,0,0,0,0,0,0,0,0,40000,0,0,0,40000,0,40000,40000
056696,茂林群益98購02  ,0,0,0,0,0,0,0,0,0,40000,0,0,0,295000,255000,40000,40000
06101P,聯發科日盛97售03,0,0,0,0,0,0,0,0,0,40000,0,0,0,40000,0,40000,40000
06036P,台表科凱基96售04,0,0,0,0,0,0,0,0,0,40000,0,0,0,77000,37000,40000,40000
06037P,超眾國票98售02  ,0,0,0,0,0,0,0,0,0,40000,0,0,0,40000,0,40000,40000
055568,緯穎凱基97購02  ,0,0,0,0,0,0,0,0,0,39000,0,0,0,39000,0,39000,39000
055171,凱美統一97購01  ,0,0,0,0,0,0,0,0,0,39000,0,0,0,117000,78000,39000,39000
055401,亞光元富9A購01  ,0,0,0,0,0,0,0,0,0,39000,0,0,0,40000,1000,39000,39000
054725,國巨日盛97購01  ,0,0,0,0,0,0,0,0,0,39000,0,0,0,39000,0,39000,39000
047181,智邦元大93購06  ,0,0,0,0,0,0,0,0,0,39000,0,0,0,90000,51000,39000,39000
042516,健策凱基93購01  ,0,0,0,0,0,0,0,0,0,39000,0,0,0,39000,0,39000,39000
04472P,中環元大94售01  ,0,0,0,0,0,0,0,0,0,39000,0,0,0,47000,8000,39000,39000
048128,超眾元大95購01  ,0,0,0,0,0,0,0,0,0,39000,0,0,0,75000,36000,39000,39000
051093,聯詠元大95購01  ,0,0,0,0,0,0,0,0,0,39000,0,0,0,39000,0,39000,39000
048676,和鑫國泰94購02  ,0,0,0,0,0,0,0,0,0,39000,0,0,0,100000,61000,39000,39000
050201,光磊群益94購01  ,0,0,0,0,0,0,0,0,0,39000,0,0,0,39000,0,39000,39000
054057,晶豪科國票97購01,0,0,0,0,0,0,0,0,0,39000,0,0,0,39000,0,39000,39000
053826,光磊麥證97購01  ,0,0,0,39000,0,39000,0,0,0,39000,0,0,0,39000,0,39000,39000
053749,揚明光永豐97購01,0,0,0,0,0,0,0,0,0,39000,0,0,0,49000,10000,39000,39000
053227,晶技台新96購01  ,0,0,0,0,0,0,0,0,0,39000,0,0,0,39000,0,39000,39000
053126,健策凱基97購02  ,0,0,0,0,0,0,0,0,0,39000,0,0,0,147000,108000,39000,39000
052044,華通凱基97購01  ,0,0,0,0,0,0,0,0,0,39000,0,0,0,121000,82000,39000,39000
051840,康友國泰97購02  ,0,0,0,0,0,0,0,0,0,39000,0,0,0,299000,260000,39000,39000
051649,中磊永豐95購02  ,0,0,0,0,0,0,0,0,0,39000,0,0,0,43000,4000,39000,39000
052429,禾伸堂永豐95購02,0,0,0,0,0,0,0,0,0,39000,0,0,0,69000,30000,39000,39000
06552P,茂林元大99售02  ,0,0,0,0,0,0,0,0,0,39000,0,0,0,41000,2000,39000,39000
056830,友達富邦99購01  ,0,0,0,0,0,0,0,0,0,39000,0,0,0,78000,39000,39000,39000
055236,建準台新98購01  ,0,0,0,0,0,0,0,0,0,38000,0,0,0,38000,0,38000,38000
054876,群電群益97購02  ,0,0,0,0,0,0,0,0,0,38000,0,0,0,38000,0,38000,38000
055788,緯穎凱基97購04  ,0,0,0,0,0,0,0,0,0,38000,0,0,0,39000,1000,38000,38000
056557,世紀鋼凱基98購02,0,0,0,0,0,0,0,0,0,38000,0,0,0,42000,4000,38000,38000
045055,聯發科元富98購03,0,0,0,0,0,0,0,0,0,38000,0,0,0,81000,43000,38000,38000
00690,兆豐藍籌30      ,0,0,0,0,0,0,0,0,0,38000,0,0,0,38000,0,38000,38000
045967,日電貿凱基92購01,0,0,0,0,0,0,0,0,0,38000,0,0,0,40000,2000,38000,38000
050239,廣達凱基94購01  ,0,0,0,0,0,0,0,0,0,38000,0,0,0,72000,34000,38000,38000
048498,嘉澤元大94購01  ,0,0,0,0,0,0,0,0,0,38000,0,0,0,64000,26000,38000,38000
049931,矽力元大94購01  ,0,0,0,0,0,0,0,0,0,38000,0,0,0,39000,1000,38000,38000
050936,國巨國票95購04  ,0,0,0,0,0,0,0,0,0,38000,0,0,0,44000,6000,38000,38000
051423,GIS國票97購01   ,0,0,0,0,0,0,0,0,0,38000,0,0,0,38000,0,38000,38000
051453,智伸科元大95購02,0,0,0,0,0,0,0,0,0,38000,0,0,0,38000,0,38000,38000
051310,台達電麥證95購01,0,0,0,88000,50000,38000,0,0,0,38000,0,0,0,88000,50000,38000,38000
050774,健策元大96購02  ,0,0,0,0,0,0,0,0,0,38000,0,0,0,257000,219000,38000,38000
051632,全新國票96購01  ,0,0,0,0,0,0,0,0,0,38000,0,0,0,38000,0,38000,38000
051829,玉晶光元大98購02,0,0,0,0,0,0,0,0,0,38000,0,0,0,49000,11000,38000,38000
052210,華夏元大95購01  ,0,0,0,0,0,0,0,0,0,38000,0,0,0,38000,0,38000,38000
052223,聯電凱基96購02  ,0,0,0,0,0,0,0,0,0,38000,0,0,0,60000,22000,38000,38000
052977,奇力新麥證97購01,0,0,0,108000,60000,48000,0,0,0,38000,0,0,0,148000,110000,38000,38000
053770,元金2X元大98購01,0,0,0,0,0,0,0,0,0,38000,0,0,0,40000,2000,38000,38000
05366P,鴻海元富95售12  ,0,0,0,0,0,0,0,0,0,38000,0,0,0,108000,70000,38000,38000
06255P,臺股指群益97售08,0,0,0,0,0,0,0,0,0,38000,0,0,0,43000,5000,38000,38000
1611,中電            ,49000,11000,38000,0,0,0,0,0,0,0,0,0,0,0,0,0,38000
3149,正達            ,46000,3000,43000,0,0,0,0,0,0,-5000,0,5000,-5000,0,0,0,38000
8114,振樺電          ,43000,6000,37000,0,0,0,0,0,0,1000,1000,0,1000,0,0,0,38000
056550,瑞儀凱基99購01  ,0,0,0,0,0,0,0,0,0,37000,0,0,0,51000,14000,37000,37000
056502,A50正2永豐98購01,0,0,0,0,0,0,0,0,0,37000,0,0,0,47000,10000,37000,37000
056238,聯發科群益98購02,0,0,0,0,0,0,0,0,0,37000,0,0,0,141000,104000,37000,37000
056275,國巨國泰98購04  ,0,0,0,0,0,0,0,0,0,37000,0,0,0,447000,410000,37000,37000
055950,華新元大97購02  ,0,0,0,0,0,0,0,0,0,37000,0,0,0,79000,42000,37000,37000
055677,喬山凱基97購01  ,0,0,0,0,0,0,0,0,0,37000,0,0,0,40000,3000,37000,37000
055248,可成統一97購02  ,0,0,0,0,0,0,0,0,0,37000,0,0,0,105000,68000,37000,37000
054702,智邦第一97購01  ,0,0,0,0,0,0,0,0,0,37000,0,0,0,137000,100000,37000,37000
054478,可成中信97購01  ,0,0,0,0,0,0,0,0,0,37000,0,0,0,102000,65000,37000,37000
049745,國巨永豐94購04  ,0,0,0,0,0,0,0,0,0,37000,0,0,0,166000,129000,37000,37000
045632,正崴凱基93購01  ,0,0,0,0,0,0,0,0,0,37000,0,0,0,37000,0,37000,37000
045393,寶齡國泰93購01  ,0,0,0,0,0,0,0,0,0,37000,0,0,0,37000,0,37000,37000
044850,南亞科統一94購01,0,0,0,0,0,0,0,0,0,37000,0,0,0,38000,1000,37000,37000
049285,宏碁兆豐94購01  ,0,0,0,0,0,0,0,0,0,37000,0,0,0,110000,73000,37000,37000
051292,牧德統一97購01  ,0,0,0,0,0,0,0,0,0,37000,0,0,0,37000,0,37000,37000
051506,台積電元富95購06,0,0,0,0,0,0,0,0,0,37000,0,0,0,793000,756000,37000,37000
051103,緯穎元大96購03  ,0,0,0,0,0,0,0,0,0,37000,0,0,0,37000,0,37000,37000
049848,聯發科群益94購06,0,0,0,0,0,0,0,0,0,37000,0,0,0,190000,153000,37000,37000
050226,華新科中信94購01,0,0,0,0,0,0,0,0,0,37000,0,0,0,150000,113000,37000,37000
048837,牧德凱基94購04  ,0,0,0,0,0,0,0,0,0,37000,0,0,0,47000,10000,37000,37000
050158,上海銀群益96購01,0,0,0,0,0,0,0,0,0,37000,0,0,0,100000,63000,37000,37000
051784,國巨兆豐95購01  ,0,0,0,0,0,0,0,0,0,37000,0,0,0,41000,4000,37000,37000
052864,奇力新凱基96購02,0,0,0,0,0,0,0,0,0,37000,0,0,0,50000,13000,37000,37000
4766,南寶            ,45000,13000,32000,0,0,0,0,0,0,5000,5000,0,5000,0,0,0,37000
3050,鈺德            ,41000,4000,37000,0,0,0,0,0,0,0,0,0,0,0,0,0,37000
06124P,超眾元大97售03  ,0,0,0,0,0,0,0,0,0,37000,0,0,0,60000,23000,37000,37000
054266,緯穎元大96購07  ,0,0,0,0,0,0,0,0,0,36000,0,0,0,169000,133000,36000,36000
054663,同欣電元大97購03,0,0,0,0,0,0,0,0,0,36000,0,0,0,79000,43000,36000,36000
054851,樺漢兆豐97購01  ,0,0,0,0,0,0,0,0,0,36000,0,0,0,77000,41000,36000,36000
055599,TPK元大97購01   ,0,0,0,0,0,0,0,0,0,36000,0,0,0,111000,75000,36000,36000
056126,台郡國票98購02  ,0,0,0,0,0,0,0,0,0,36000,0,0,0,40000,4000,36000,36000
05653P,華邦電統一96售02,0,2000,-2000,0,0,0,0,0,0,38000,0,0,0,92000,54000,38000,36000
047818,台郡凱基93購04  ,0,0,0,0,0,0,0,0,0,36000,0,0,0,53000,17000,36000,36000
04032P,聯茂凱基94售02  ,0,0,0,0,0,0,0,0,0,36000,0,0,0,36000,0,36000,36000
049574,新日興統一94購03,0,0,0,0,0,0,0,0,0,36000,0,0,0,36000,0,36000,36000
046403,技嘉元大92購01  ,0,0,0,0,0,0,0,0,0,36000,0,0,0,70000,34000,36000,36000
050455,貿聯元大94購02  ,0,0,0,0,0,0,0,0,0,36000,0,0,0,222000,186000,36000,36000
048691,智伸科群益94購01,0,0,0,0,0,0,0,0,0,36000,0,0,0,66000,30000,36000,36000
050322,世紀鋼國票95購01,0,0,0,0,0,0,0,0,0,36000,0,0,0,36000,0,36000,36000
051106,華通統一95購02  ,0,0,0,0,0,0,0,0,0,36000,0,0,0,45000,9000,36000,36000
051159,力山元大96購01  ,0,0,0,0,0,0,0,0,0,36000,0,0,0,36000,0,36000,36000
051317,亞德客國票96購01,0,0,0,0,0,0,0,0,0,36000,0,0,0,49000,13000,36000,36000
051400,國巨永豐95購01  ,0,0,0,0,0,0,0,0,0,36000,0,0,0,82000,46000,36000,36000
050034,智伸科元大94購01,0,0,0,0,0,0,0,0,0,36000,0,0,0,36000,0,36000,36000
052778,智原國票97購01  ,0,0,0,0,0,0,0,0,0,36000,0,0,0,128000,92000,36000,36000
05248P,矽創群益96售01  ,0,0,0,0,0,0,0,0,0,36000,0,0,0,36000,0,36000,36000
052342,茂林凱基96購01  ,0,0,0,0,0,0,0,0,0,36000,0,0,0,56000,20000,36000,36000
052130,國巨凱基9B購01  ,0,0,0,0,0,0,0,0,0,36000,0,0,0,79000,43000,36000,36000
053521,緯穎群益96購02  ,0,0,0,0,0,0,0,0,0,36000,0,0,0,123000,87000,36000,36000
05987P,健策統一96售02  ,0,0,0,0,0,0,0,0,0,36000,0,0,0,36000,0,36000,36000
056823,智伸科永豐98購01,0,0,0,0,0,0,0,0,0,36000,0,0,0,36000,0,36000,36000
056868,奇力新麥證98購01,0,0,0,61000,25000,36000,0,0,0,36000,0,0,0,61000,25000,36000,36000
056723,國巨中信9A購01  ,0,0,0,0,0,0,0,0,0,36000,0,0,0,44000,8000,36000,36000
3454,晶睿            ,55000,21000,34000,0,0,0,0,0,0,2000,2000,0,2000,0,0,0,36000
6672,騰輝電子-KY     ,119000,83000,36000,0,0,0,0,0,0,0,0,0,0,0,0,0,36000
056391,大立光富邦9C購01,0,0,0,0,0,0,0,0,0,35000,0,0,0,75000,40000,35000,35000
055951,大成鋼元大97購02,0,0,0,0,0,0,0,0,0,35000,0,0,0,35000,0,35000,35000
055977,南亞科統一97購01,0,0,0,0,0,0,0,0,0,35000,0,0,0,35000,0,35000,35000
055834,國巨元大97購13  ,0,0,0,0,0,0,0,0,0,35000,0,0,0,89000,54000,35000,35000
055049,智邦永豐97購01  ,0,0,0,0,0,0,0,0,0,35000,0,0,0,130000,95000,35000,35000
055172,凱美統一97購02  ,0,0,0,0,0,0,0,0,0,35000,0,0,0,157000,122000,35000,35000
055135,聯發科富邦99購05,0,0,0,0,0,0,0,0,0,35000,0,0,0,35000,0,35000,35000
046450,鴻海凱基93購12  ,0,0,0,0,0,0,0,0,0,35000,0,0,0,35000,0,35000,35000
03788P,聯發科群益94售02,0,0,0,0,0,0,0,0,0,35000,0,0,0,55000,20000,35000,35000
03642C,臺股指元大94牛27,0,0,0,0,0,0,0,0,0,35000,0,0,0,225000,190000,35000,35000
03544P,鴻海群益02售07  ,0,0,0,0,0,0,0,0,0,35000,0,0,0,35000,0,35000,35000
046970,聯詠群益93購01  ,0,0,0,0,0,0,0,0,0,35000,0,0,0,35000,0,35000,35000
04421P,玉晶光永豐94售02,0,0,0,0,0,0,0,0,0,35000,0,0,0,60000,25000,35000,35000
049149,華新科元大95購03,0,0,0,0,0,0,0,0,0,35000,0,0,0,111000,76000,35000,35000
051351,台積電元大95購15,0,0,0,0,0,0,0,0,0,35000,0,0,0,55000,20000,35000,35000
051152,鴻海國泰97購01  ,0,0,0,0,0,0,0,0,0,35000,0,0,0,115000,80000,35000,35000
050984,大立光國泰97購01,0,0,0,0,0,0,0,0,0,35000,0,0,0,35000,0,35000,35000
050483,樺漢國票94購01  ,0,0,0,0,0,0,0,0,0,35000,0,0,0,40000,5000,35000,35000
048843,台郡凱基94購01  ,0,0,0,0,0,0,0,0,0,35000,0,0,0,48000,13000,35000,35000
048070,聯發科元富99購03,0,0,0,0,0,0,0,0,0,35000,0,0,0,35000,0,35000,35000
053553,聯詠凱基96購03  ,0,0,0,0,0,0,0,0,0,35000,0,0,0,37000,2000,35000,35000
053127,貿聯凱基97購01  ,0,0,0,0,0,0,0,0,0,35000,0,0,0,35000,0,35000,35000
053914,國巨國票96購08  ,0,0,0,0,0,0,0,0,0,35000,0,0,0,37000,2000,35000,35000
1718,中纖            ,159000,124000,35000,0,0,0,0,0,0,0,0,0,0,0,0,0,35000
1455,集盛            ,47000,12000,35000,0,0,0,0,0,0,0,0,0,0,0,0,0,35000
2423,固緯            ,41000,6000,35000,0,0,0,0,0,0,0,0,0,0,0,0,0,35000
06109P,華新科群益97售05,0,0,0,0,0,0,0,0,0,35000,0,0,0,66000,31000,35000,35000
06249P,億光統一97售02  ,0,0,0,0,0,0,0,0,0,35000,0,0,0,35000,0,35000,35000
055046,上銀永豐97購01  ,0,0,0,0,0,0,0,0,0,34000,0,0,0,34000,0,34000,34000
054855,得力群益98購01  ,0,0,0,0,0,0,0,0,0,34000,0,0,0,84000,50000,34000,34000
054652,裕隆麥證97購01  ,0,0,0,82000,48000,34000,0,0,0,34000,0,0,0,82000,48000,34000,34000
054506,矽格永豐96購01  ,0,0,0,0,0,0,0,0,0,34000,0,0,0,36000,2000,34000,34000
054420,緯穎元大96購08  ,0,0,0,0,0,0,0,0,0,34000,0,0,0,226000,192000,34000,34000
055737,開發金元富97購01,0,0,0,0,0,0,0,0,0,34000,0,0,0,34000,0,34000,34000
055698,茂林國票98購03  ,0,0,0,0,0,0,0,0,0,34000,0,0,0,44000,10000,34000,34000
056308,TPK元大97購02   ,0,0,0,0,0,0,0,0,0,34000,0,0,0,167000,133000,34000,34000
043895,鴻海群益92購01  ,0,0,0,0,0,0,0,0,0,34000,0,0,0,34000,0,34000,34000
044126,奇力新凱基93購01,0,0,0,0,0,0,0,0,0,34000,0,0,0,47000,13000,34000,34000
045703,技嘉日盛92購01  ,0,0,0,0,0,0,0,0,0,34000,0,0,0,67000,33000,34000,34000
04340P,易華電元大94售02,0,0,0,0,0,0,0,0,0,34000,0,0,0,70000,36000,34000,34000
03429B,臺股指元富97熊07,0,0,0,0,0,0,0,0,0,34000,0,0,0,100000,66000,34000,34000
046446,技嘉麥證92購01  ,0,0,0,34000,0,34000,0,0,0,34000,0,0,0,34000,0,34000,34000
049713,鴻海凱基94購17  ,0,0,0,0,0,0,0,0,0,34000,0,0,0,79000,45000,34000,34000
048067,台光電元富93購01,0,0,0,0,0,0,0,0,0,34000,0,0,0,34000,0,34000,34000
048089,智邦凱基93購10  ,0,0,0,0,0,0,0,0,0,34000,0,0,0,39000,5000,34000,34000
050075,南電凱基94購04  ,0,0,0,0,0,0,0,0,0,34000,0,0,0,104000,70000,34000,34000
048909,聯詠富邦94購01  ,0,0,0,0,0,0,0,0,0,34000,0,0,0,34000,0,34000,34000
048865,世紀鋼群益94購01,0,0,0,0,0,0,0,0,0,34000,0,0,0,34000,0,34000,34000
048786,瑞昱元大94購02  ,0,0,0,0,0,0,0,0,0,34000,0,0,0,159000,125000,34000,34000
048793,超眾元大95購02  ,0,0,0,0,0,0,0,0,0,34000,0,0,0,131000,97000,34000,34000
051240,台積電元大95購12,0,0,0,0,0,0,0,0,0,34000,0,0,0,147000,113000,34000,34000
04891P,友達元大94售01  ,0,0,0,0,0,0,0,0,0,34000,0,0,0,34000,0,34000,34000
050620,和碩元大94購04  ,0,0,0,0,0,0,0,0,0,34000,0,0,0,58000,24000,34000,34000
053649,台積電凱基97購05,0,0,0,0,0,0,0,0,0,34000,0,0,0,40000,6000,34000,34000
053792,百和元大96購01  ,0,0,0,0,0,0,0,0,0,34000,0,0,0,34000,0,34000,34000
053056,同欣電國票97購01,0,0,0,0,0,0,0,0,0,34000,0,0,0,72000,38000,34000,34000
06353P,電子類富邦99售02,0,0,0,0,0,0,0,0,0,34000,0,0,0,100000,66000,34000,34000
05704P,矽力群益96售04  ,0,0,0,0,0,0,0,0,0,34000,0,0,0,34000,0,34000,34000
05782P,聯詠元富96售02  ,0,0,0,0,0,0,0,0,0,34000,0,0,0,50000,16000,34000,34000
1711,永光            ,39000,5000,34000,0,0,0,0,0,0,0,0,0,0,0,0,0,34000
3583,辛耘            ,48000,14000,34000,0,0,0,0,0,0,0,0,0,0,0,0,0,34000
6120,達運            ,215000,180000,35000,0,0,0,0,0,0,-1000,4000,0,4000,0,5000,-5000,34000
056352,鴻海元大99購01  ,0,0,0,0,0,0,0,0,0,33000,0,0,0,67000,34000,33000,33000
056319,智原群益98購02  ,0,0,0,0,0,0,0,0,0,33000,0,0,0,33000,0,33000,33000
055713,國巨元大98購09  ,0,0,0,0,0,0,0,0,0,33000,0,0,0,123000,90000,33000,33000
054683,川湖永豐97購01  ,0,0,0,0,0,0,0,0,0,33000,0,0,0,144000,111000,33000,33000
055161,貿聯元大98購03  ,0,0,0,0,0,0,0,0,0,33000,0,0,0,63000,30000,33000,33000
049773,臺股指元富94購02,0,0,0,0,0,0,0,0,0,33000,0,0,0,45000,12000,33000,33000
047447,台郡元大94購02  ,0,0,0,0,0,0,0,0,0,33000,0,0,0,33000,0,33000,33000
047847,鴻海統一93購07  ,0,0,0,0,0,0,0,0,0,33000,0,0,0,232000,199000,33000,33000
051179,臺股指凱基95購04,0,0,0,0,0,0,0,0,0,33000,0,0,0,55000,22000,33000,33000
050204,華新科群益94購05,0,0,0,0,0,0,0,0,0,33000,0,0,0,80000,47000,33000,33000
049896,聯發科統一94購06,0,0,0,0,0,0,0,0,0,33000,0,0,0,96000,63000,33000,33000
05005P,台表科統一95售01,0,0,0,0,0,0,0,0,0,33000,0,0,0,56000,23000,33000,33000
048572,美利達元大96購04,0,0,0,0,0,0,0,0,0,33000,0,0,0,33000,0,33000,33000
048602,上緯控國票96購01,0,0,0,0,0,0,0,0,0,33000,0,0,0,33000,0,33000,33000
052691,GIS元大96購01   ,0,0,0,0,0,0,0,0,0,33000,0,0,0,126000,93000,33000,33000
2608,嘉里大榮        ,60000,54000,6000,0,0,0,0,0,0,27000,27000,0,27000,0,0,0,33000
05893P,國巨兆豐96售04  ,0,0,0,0,0,0,0,0,0,33000,0,0,0,33000,0,33000,33000
054992,南亞科元富97購02,0,0,0,0,0,0,0,0,0,32000,0,0,0,32000,0,32000,32000
054310,牧德凱基98購01  ,0,0,0,0,0,0,0,0,0,32000,0,0,0,46000,14000,32000,32000
05579P,友達凱基98售03  ,0,0,0,0,0,0,0,0,0,32000,0,0,0,32000,0,32000,32000
055777,冠德凱基97購01  ,0,0,0,0,0,0,0,0,0,32000,0,0,0,32000,0,32000,32000
055928,南亞科群益97購02,0,0,0,0,0,0,0,0,0,32000,0,0,0,32000,0,32000,32000
056279,新日興富邦99購01,0,0,0,0,0,0,0,0,0,32000,0,0,0,80000,48000,32000,32000
056295,國巨元大97購16  ,0,0,0,0,0,0,0,0,0,32000,0,0,0,38000,6000,32000,32000
00652,富邦印度        ,12000,0,12000,0,0,0,0,0,0,20000,0,0,0,20000,0,20000,32000
047695,聯發科國票93購06,0,0,0,0,0,0,0,0,0,32000,0,0,0,42000,10000,32000,32000
049741,創意群益94購02  ,0,0,0,0,0,0,0,0,0,32000,0,0,0,138000,106000,32000,32000
049501,台郡元大95購01  ,0,0,0,0,0,0,0,0,0,32000,0,0,0,32000,0,32000,32000
049434,茂林國票95購01  ,0,0,0,0,0,0,0,0,0,32000,0,0,0,69000,37000,32000,32000
048197,義隆元大93購04  ,0,0,0,0,0,0,0,0,0,32000,0,0,0,84000,52000,32000,32000
051522,玉晶光凱基95購05,0,0,0,0,0,0,0,0,0,32000,0,0,0,32000,0,32000,32000
049203,智邦群益94購01  ,0,0,0,0,0,0,0,0,0,32000,0,0,0,32000,0,32000,32000
048945,訊連永豐94購01  ,0,0,0,0,0,0,0,0,0,32000,0,0,0,63000,31000,32000,32000
052142,滬深2X群益99購04,0,0,0,0,0,0,0,0,0,32000,0,0,0,267000,235000,32000,32000
052040,臺股指永昌95購01,0,0,0,0,0,0,0,0,0,32000,0,0,0,32000,0,32000,32000
053531,國泰金康和96購01,0,0,0,0,0,0,0,0,0,32000,0,0,0,107000,75000,32000,32000
053421,南亞科永豐96購01,0,0,0,0,0,0,0,0,0,32000,0,0,0,100000,68000,32000,32000
053279,景碩元大97購01  ,2000,0,2000,0,0,0,0,0,0,30000,0,0,0,528000,498000,30000,32000
053580,國巨元大96購10  ,0,0,0,0,0,0,0,0,0,32000,0,0,0,227000,195000,32000,32000
06501P,臺股指元大9A售06,0,0,0,0,0,0,0,0,0,32000,0,0,0,32000,0,32000,32000
056788,日月光群益98購01,0,0,0,0,0,0,0,0,0,32000,0,0,0,45000,13000,32000,32000
2457,飛宏            ,81000,49000,32000,0,0,0,0,0,0,0,0,0,0,0,0,0,32000
3669,圓展            ,15000,8000,7000,0,0,0,25000,0,25000,0,0,0,0,0,0,0,32000
3055,蔚華科          ,87000,55000,32000,0,0,0,0,0,0,0,0,0,0,0,0,0,32000
056230,可成凱基98購03  ,0,0,0,0,0,0,0,0,0,31000,0,0,0,70000,39000,31000,31000
056113,新日興兆豐98購01,0,0,0,0,0,0,0,0,0,31000,0,0,0,290000,259000,31000,31000
055792,臺股指凱基97購15,0,0,0,0,0,0,0,0,0,31000,0,0,0,32000,1000,31000,31000
054430,上銀台新96購02  ,0,0,0,0,0,0,0,0,0,31000,0,0,0,31000,0,31000,31000
049415,智邦凱基94購02  ,0,0,0,0,0,0,0,0,0,31000,0,0,0,38000,7000,31000,31000
049754,豐祥永豐94購01  ,0,0,0,0,0,0,0,0,0,31000,0,0,0,31000,0,31000,31000
04972P,緯穎元富94售03  ,0,0,0,0,0,0,0,0,0,31000,0,0,0,141000,110000,31000,31000
047120,啟碁元大93購02  ,0,0,0,0,0,0,0,0,0,31000,0,0,0,31000,0,31000,31000
047543,鴻海凱基94購09  ,0,0,0,0,0,0,0,0,0,31000,0,0,0,32000,1000,31000,31000
046521,台郡元大92購06  ,0,0,0,0,0,0,0,0,0,31000,0,0,0,31000,0,31000,31000
048941,牧德永豐94購02  ,0,0,0,0,0,0,0,0,0,31000,0,0,0,59000,28000,31000,31000
050867,聯鈞永豐95購01  ,0,0,0,0,0,0,0,0,0,31000,0,0,0,126000,95000,31000,31000
051362,台郡元大95購04  ,0,0,0,0,0,0,0,0,0,31000,0,0,0,81000,50000,31000,31000
050402,緯穎中信96購01  ,0,0,0,0,0,0,0,0,0,31000,0,0,0,47000,16000,31000,31000
048611,宏達電凱基93購04,0,0,0,0,0,0,0,0,0,31000,0,0,0,31000,0,31000,31000
051572,上銀元大95購01  ,0,0,0,0,0,0,0,0,0,31000,0,0,0,130000,99000,31000,31000
052499,合勤控永豐95購01,0,0,0,0,0,0,0,0,0,31000,0,0,0,31000,0,31000,31000
2832,台產            ,50000,19000,31000,0,0,0,0,0,0,0,0,0,0,0,0,0,31000
4739,康普            ,67000,36000,31000,0,0,0,0,0,0,0,0,0,0,0,0,0,31000
4306,炎洲            ,96000,61000,35000,0,0,0,0,0,0,-4000,0,4000,-4000,0,0,0,31000
056891,國巨元大99購03  ,0,0,0,0,0,0,0,0,0,31000,0,0,0,31000,0,31000,31000
1305,華夏            ,128000,126000,2000,0,0,0,0,0,0,29000,29000,0,29000,0,0,0,31000
2547,日勝生          ,222000,191680,30320,0,0,0,0,0,0,0,0,0,0,0,0,0,30320
054373,富邦金中信97購01,0,0,0,0,0,0,0,0,0,30000,0,0,0,104000,74000,30000,30000
054218,S&P反1統一98購02,0,0,0,0,0,0,0,0,0,30000,0,0,0,30000,0,30000,30000
054789,高鐵群益98購01  ,0,0,0,0,0,0,0,0,0,30000,0,0,0,30000,0,30000,30000
054605,鴻海永豐97購01  ,0,0,0,0,0,0,0,0,0,30000,0,0,0,30000,0,30000,30000
054883,億光統一97購01  ,0,0,0,0,0,0,0,0,0,30000,0,0,0,50000,20000,30000,30000
054888,泰碩統一97購01  ,0,0,0,0,0,0,0,0,0,30000,0,0,0,30000,0,30000,30000
055315,晶技麥證97購01  ,0,0,0,30000,0,30000,0,0,0,30000,0,0,0,30000,0,30000,30000
055924,深中小群益9B購01,0,0,0,0,0,0,0,0,0,30000,0,0,0,30000,0,30000,30000
05595P,友達統一96售02  ,0,0,0,0,0,0,0,0,0,30000,0,0,0,30000,0,30000,30000
055602,康控元大97購03  ,0,0,0,0,0,0,0,0,0,30000,0,0,0,342000,312000,30000,30000
056083,億光統一97購03  ,0,0,0,0,0,0,0,0,0,30000,0,0,0,40000,10000,30000,30000
056127,致新國票98購02  ,0,0,0,0,0,0,0,0,0,30000,0,0,0,115000,85000,30000,30000
056305,群創元大9A購03  ,0,0,0,0,0,0,0,0,0,30000,0,0,0,735000,705000,30000,30000
046767,南茂凱基93購03  ,0,0,0,0,0,0,0,0,0,30000,0,0,0,40000,10000,30000,30000
046664,聯詠元大93購01  ,0,0,0,0,0,0,0,0,0,30000,0,0,0,30000,0,30000,30000
046988,南亞科凱基93購02,0,0,0,0,0,0,0,0,0,30000,0,0,0,30000,0,30000,30000
047015,上銀元大93購03  ,0,0,0,0,0,0,0,0,0,30000,0,0,0,30000,0,30000,30000
047042,佐登群益93購01  ,0,0,0,0,0,0,0,0,0,30000,0,0,0,30000,0,30000,30000
047504,滬深2X國票9A購01,0,0,0,0,0,0,0,0,0,30000,0,0,0,40000,10000,30000,30000
047596,元油反元富97購01,0,0,0,0,0,0,0,0,0,30000,0,0,0,30000,0,30000,30000
047578,新光金群益93購01,0,0,0,0,0,0,0,0,0,30000,0,0,0,30000,0,30000,30000
047928,禾伸堂凱基93購04,0,0,0,0,0,0,0,0,0,30000,0,0,0,40000,10000,30000,30000
048022,儒鴻凱基93購04  ,0,0,0,0,0,0,0,0,0,30000,0,0,0,30000,0,30000,30000
047251,麗豐群益93購01  ,0,0,0,0,0,0,0,0,0,30000,0,0,0,30000,0,30000,30000
046045,聯茂元大92購07  ,0,0,0,0,0,0,0,0,0,30000,0,0,0,30000,0,30000,30000
047213,新日興富邦97購01,0,0,0,0,0,0,0,0,0,30000,0,0,0,138000,108000,30000,30000
049563,華新統一95購01  ,0,0,0,0,0,0,0,0,0,30000,0,0,0,386000,356000,30000,30000
045150,聯發科凱基93購03,0,0,0,0,0,0,0,0,0,30000,0,0,0,52000,22000,30000,30000
045380,漢唐元大93購03  ,0,0,0,0,0,0,0,0,0,30000,0,0,0,30000,0,30000,30000
04555P,元油2X群益95售01,0,0,0,0,0,0,0,0,0,30000,0,0,0,30000,0,30000,30000
045467,智易元大93購03  ,0,0,0,0,0,0,0,0,0,30000,0,0,0,30000,0,30000,30000
046960,台新金中信95購01,0,0,0,0,0,0,0,0,0,30000,0,0,0,30000,0,30000,30000
047832,漢唐元大94購03  ,0,0,0,0,0,0,0,0,0,30000,0,0,0,30000,0,30000,30000
045060,世紀鋼富邦93購01,0,0,0,0,0,0,0,0,0,30000,0,0,0,30000,0,30000,30000
046836,聯茂群益93購01  ,0,0,0,0,0,0,0,0,0,30000,0,0,0,30000,0,30000,30000
046866,台積電統一94購03,0,0,0,0,0,0,0,0,0,30000,0,0,0,30000,0,30000,30000
045679,欣興元大94購01  ,0,0,0,0,0,0,0,0,0,30000,0,0,0,30000,0,30000,30000
04404P,玉晶光國票94售01,0,0,0,0,0,0,0,0,0,30000,0,0,0,30000,0,30000,30000
043913,富邦金凱基92購01,0,0,0,0,0,0,0,0,0,30000,0,0,0,30000,0,30000,30000
043849,達興國泰92購01  ,0,0,0,0,0,0,0,0,0,30000,0,0,0,30000,0,30000,30000
044578,緯創凱基93購02  ,0,0,0,0,0,0,0,0,0,30000,0,0,0,30000,0,30000,30000
044883,玉晶光群益93購01,0,0,0,0,0,0,0,0,0,30000,0,0,0,30000,0,30000,30000
050484,世紀鋼國票95購02,0,0,0,0,0,0,0,0,0,30000,0,0,0,30000,0,30000,30000
049469,元金2X永豐94購01,0,0,0,0,0,0,0,0,0,30000,0,0,0,30000,0,30000,30000
049472,楠梓電永豐95購01,0,0,0,0,0,0,0,0,0,30000,0,0,0,30000,0,30000,30000
049445,遠東新統一94購01,0,0,0,0,0,0,0,0,0,30000,0,0,0,30000,0,30000,30000
048678,統一富邦93購01  ,0,0,0,0,0,0,0,0,0,30000,0,0,0,53000,23000,30000,30000
049968,麗豐國票95購01  ,0,0,0,0,0,0,0,0,0,30000,0,0,0,30000,0,30000,30000
048244,廣宇兆豐93購01  ,0,0,0,0,0,0,0,0,0,30000,0,0,0,30000,0,30000,30000
050085,國泰金元富94購01,0,0,0,0,0,0,0,0,0,30000,0,0,0,50000,20000,30000,30000
049845,台積電麥證94購01,0,0,0,40000,10000,30000,0,0,0,30000,0,0,0,40000,10000,30000,30000
050234,國巨凱基94購10  ,0,0,0,0,0,0,0,0,0,30000,0,0,0,40000,10000,30000,30000
050241,聯發科凱基94購14,0,0,0,0,0,0,0,0,0,30000,0,0,0,30000,0,30000,30000
04876P,台光電中信94售02,0,0,0,0,0,0,0,0,0,30000,0,0,0,30000,0,30000,30000
048514,嘉澤凱基93購06  ,0,0,0,0,0,0,0,0,0,30000,0,0,0,32000,2000,30000,30000
048441,台積電凱基93購29,0,0,0,0,0,0,0,0,0,30000,0,0,0,30000,0,30000,30000
048364,臺股指永豐93購04,0,0,0,0,0,0,0,0,0,30000,0,0,0,30000,0,30000,30000
051357,可成元大95購05  ,0,0,0,0,0,0,0,0,0,30000,0,0,0,30000,0,30000,30000
051509,鴻海中信97購01  ,0,0,0,0,0,0,0,0,0,30000,0,0,0,30000,0,30000,30000
051476,聯發科凱基95購09,0,0,0,0,0,0,0,0,0,30000,0,0,0,30000,0,30000,30000
051178,大立光凱基95購10,0,0,0,0,0,0,0,0,0,30000,0,0,0,42000,12000,30000,30000
050933,南亞國票95購01  ,0,0,0,0,0,0,0,0,0,30000,0,0,0,30000,0,30000,30000
050887,台積電富邦95購05,0,0,0,0,0,0,0,0,0,30000,0,0,0,30000,0,30000,30000
050815,南亞科凱基95購01,0,0,0,0,0,0,0,0,0,30000,0,0,0,30000,0,30000,30000
050645,台積電凱基94購39,0,0,0,0,0,0,0,0,0,30000,0,0,0,30000,0,30000,30000
050653,聯鈞凱基96購01  ,0,0,0,0,0,0,0,0,0,30000,0,0,0,50000,20000,30000,30000
050700,健策凱基96購01  ,0,0,0,0,0,0,0,0,0,30000,0,0,0,213000,183000,30000,30000
049159,同欣電中信96購01,0,0,0,0,0,0,0,0,0,30000,0,0,0,421000,391000,30000,30000
052430,泰碩永豐95購02  ,0,0,0,0,0,0,0,0,0,30000,0,0,0,30000,0,30000,30000
052280,聯發科凱基95購11,0,0,0,0,0,0,0,0,0,30000,0,0,0,40000,10000,30000,30000
052255,T50反1國泰96購01,0,0,0,0,0,0,0,0,0,30000,0,0,0,30000,0,30000,30000
052649,康控永豐96購01  ,0,0,0,0,0,0,0,0,0,30000,0,0,0,30000,0,30000,30000
052620,上証2X富邦97購02,0,0,0,0,0,0,0,0,0,30000,0,0,0,30000,0,30000,30000
051575,國巨元大96購03  ,0,0,0,0,0,0,0,0,0,30000,0,0,0,218000,188000,30000,30000
052145,京元電群益95購02,0,0,0,0,0,0,0,0,0,30000,0,0,0,30000,0,30000,30000
053672,嘉澤元富96購02  ,0,0,0,0,0,0,0,0,0,30000,0,0,0,75000,45000,30000,30000
05376P,聯發科日盛95售04,0,0,0,0,0,0,0,0,0,30000,0,0,0,30000,0,30000,30000
053783,聯發科元大96購17,0,0,0,0,0,0,0,0,0,30000,0,0,0,52000,22000,30000,30000
053746,彰銀康和96購01  ,0,0,0,0,0,0,0,0,0,30000,0,0,0,30000,0,30000,30000
054152,漢唐國泰98購02  ,0,0,0,0,0,0,0,0,0,30000,0,0,0,108000,78000,30000,30000
053248,智伸科國票97購01,0,0,0,0,0,0,0,0,0,30000,0,0,0,46000,16000,30000,30000
053460,緯穎國泰97購01  ,0,0,0,0,0,0,0,0,0,30000,0,0,0,30000,0,30000,30000
053236,群創永豐97購02  ,0,0,0,0,0,0,0,0,0,30000,0,0,0,40000,10000,30000,30000
05323P,瑞昱凱基96售02  ,0,0,0,0,0,0,0,0,0,30000,0,0,0,30000,0,30000,30000
2538,基泰            ,56000,26000,30000,0,0,0,0,0,0,0,0,0,0,0,0,0,30000
4919,新唐            ,111000,70000,41000,0,0,0,0,0,0,-11000,9000,0,9000,3000,23000,-20000,30000
06502P,A50中信98售01   ,0,0,0,0,0,0,0,0,0,30000,0,0,0,30000,0,30000,30000
06175P,台積電元大97售21,0,0,0,0,0,0,0,0,0,30000,0,0,0,30000,0,30000,30000
056810,群創統一9A購01  ,0,0,0,0,0,0,0,0,0,30000,0,0,0,30000,0,30000,30000
05681P,大立光元大96售05,0,0,0,0,0,0,0,0,0,30000,0,0,0,30000,0,30000,30000
056753,群創兆豐98購02  ,0,0,0,0,0,0,0,0,0,30000,0,0,0,30000,0,30000,30000
05675P,美律群益97售01  ,0,0,0,0,0,0,0,0,0,30000,0,0,0,30000,0,30000,30000
056628,矽創永豐98購01  ,0,0,0,0,0,0,0,0,0,30000,0,0,0,409000,379000,30000,30000
05733P,臺股指統一96售03,0,0,0,0,0,0,0,0,0,30000,0,0,0,50000,20000,30000,30000
056247,台郡群益97購01  ,0,0,0,0,0,0,0,0,0,29000,0,0,0,109000,80000,29000,29000
055943,瑞昱麥證97購01  ,0,0,0,101000,61000,40000,0,0,0,29000,0,0,0,101000,72000,29000,29000
055419,國巨永豐97購03  ,0,0,0,0,0,0,0,0,0,29000,0,0,0,29000,0,29000,29000
054750,聯茂凱基98購02  ,0,0,0,0,0,0,0,0,0,29000,0,0,0,75000,46000,29000,29000
046791,台郡統一96購01  ,0,0,0,0,0,0,0,0,0,29000,0,0,0,63000,34000,29000,29000
049586,正崴元大94購01  ,0,0,0,0,0,0,0,0,0,29000,0,0,0,42000,13000,29000,29000
047193,南電元大94購02  ,0,0,0,0,0,0,0,0,0,29000,0,0,0,29000,0,29000,29000
047457,旺宏群益95購01  ,0,0,0,0,0,0,0,0,0,29000,0,0,0,40000,11000,29000,29000
046257,A50正2國票94購01,0,0,0,0,0,0,0,0,0,29000,0,0,0,32000,3000,29000,29000
049204,京元電群益94購02,0,0,0,0,0,0,0,0,0,29000,0,0,0,29000,0,29000,29000
051278,臻鼎中信97購02  ,0,0,0,0,0,0,0,0,0,29000,0,0,0,30000,1000,29000,29000
048320,聯詠凱基93購08  ,0,0,0,0,0,0,0,0,0,29000,0,0,0,29000,0,29000,29000
048821,光磊凱基95購01  ,0,0,0,0,0,0,0,0,0,29000,0,0,0,109000,80000,29000,29000
050250,台郡凱基94購03  ,0,0,0,0,0,0,0,0,0,29000,0,0,0,30000,1000,29000,29000
048049,滬深反中信96購01,0,0,0,0,0,0,0,0,0,29000,0,0,0,30000,1000,29000,29000
050028,華新科元大94購03,0,0,0,0,0,0,0,0,0,29000,0,0,0,54000,25000,29000,29000
052984,漢唐元大96購01  ,0,0,0,0,0,0,0,0,0,29000,0,0,0,57000,28000,29000,29000
053506,南茂兆豐97購01  ,0,0,0,0,0,0,0,0,0,29000,0,0,0,34000,5000,29000,29000
053982,臻鼎元大96購05  ,0,0,0,0,0,0,0,0,0,29000,0,0,0,174000,145000,29000,29000
053784,奇力新元大97購02,0,0,0,0,0,0,0,0,0,29000,0,0,0,29000,0,29000,29000
051875,聯發科兆豐95購04,0,0,0,0,0,0,0,0,0,29000,0,0,0,94000,65000,29000,29000
056817,國巨永豐98購04  ,0,0,0,0,0,0,0,0,0,29000,0,0,0,29000,0,29000,29000
056871,新日興日盛99購01,0,0,0,0,0,0,0,0,0,29000,0,0,0,29000,0,29000,29000
2404,漢唐            ,506020,436000,70020,0,0,0,0,0,0,-42000,25000,0,25000,20000,87000,-67000,28020
054809,大成鋼元大97購01,0,0,0,0,0,0,0,0,0,28000,0,0,0,142000,114000,28000,28000
055319,國巨國票98購03  ,0,0,0,0,0,0,0,0,0,28000,0,0,0,46000,18000,28000,28000
054958,亞光元大97購03  ,0,0,0,0,0,0,0,0,0,28000,0,0,0,28000,0,28000,28000
055542,亞德客凱基97購01,0,0,0,0,0,0,0,0,0,28000,0,0,0,80000,52000,28000,28000
055456,上銀富邦99購01  ,0,0,0,0,0,0,0,0,0,28000,0,0,0,29000,1000,28000,28000
056227,奇力新凱基98購04,0,0,0,0,0,0,0,0,0,28000,0,0,0,40000,12000,28000,28000
056091,百和統一97購01  ,0,0,0,0,0,0,0,0,0,28000,0,0,0,56000,28000,28000,28000
047445,創意元大93購04  ,0,0,0,0,0,0,0,0,0,28000,0,0,0,39000,11000,28000,28000
046319,新日興元大92購03,0,0,0,0,0,0,0,0,0,28000,0,0,0,28000,0,28000,28000
046906,新光金凱基99購02,0,0,0,0,0,0,0,0,0,28000,0,0,0,28000,0,28000,28000
035277,景碩台新97購01  ,0,0,0,0,0,0,0,0,0,28000,0,0,0,51000,23000,28000,28000
050129,聯發科凱基94購11,0,0,0,0,0,0,0,0,0,28000,0,0,0,28000,0,28000,28000
048265,創意元富93購05  ,0,0,0,0,0,0,0,0,0,28000,0,0,0,82000,54000,28000,28000
051311,瑞昱麥證95購01  ,0,0,0,452000,424000,28000,0,0,0,28000,0,0,0,452000,424000,28000,28000
050753,百和統一94購01  ,0,0,0,0,0,0,0,0,0,28000,0,0,0,56000,28000,28000,28000
051885,易華電永豐95購02,0,0,0,0,0,0,0,0,0,28000,0,0,0,28000,0,28000,28000
051939,同欣電群益97購01,0,0,0,0,0,0,0,0,0,28000,0,0,0,313000,285000,28000,28000
05251P,喬山台新95售02  ,0,0,0,0,0,0,0,0,0,28000,0,0,0,33000,5000,28000,28000
052551,台積電國票97購03,0,0,0,0,0,0,0,0,0,28000,0,0,0,28000,0,28000,28000
052567,台積電凱基96購05,0,0,0,0,0,0,0,0,0,28000,0,0,0,28000,0,28000,28000
053737,華新科麥證96購01,0,0,0,61000,33000,28000,0,0,0,28000,0,0,0,61000,33000,28000,28000
1444,力麗            ,102000,74000,28000,0,0,0,0,0,0,0,0,0,0,0,0,0,28000
2467,志聖            ,46000,22000,24000,0,0,0,0,0,0,4000,4000,0,4000,0,0,0,28000
3060,銘異            ,31000,6000,25000,0,0,0,0,0,0,3000,3000,0,3000,0,0,0,28000
4934,太極            ,251000,223000,28000,0,0,0,0,0,0,0,0,0,0,0,0,0,28000
056863,義隆群益98購01  ,0,0,0,0,0,0,0,0,0,28000,0,0,0,113000,85000,28000,28000
056961,凱美永豐98購01  ,0,0,0,0,0,0,0,0,0,28000,0,0,0,144000,116000,28000,28000
06459P,亞德客元富98售01,0,0,0,0,0,0,0,0,0,28000,0,0,0,91000,63000,28000,28000
056231,嘉聯益凱基97購02,0,0,0,0,0,0,0,0,0,27000,0,0,0,49000,22000,27000,27000
05630P,大立光永昌96售06,0,0,0,0,0,0,0,0,0,27000,0,0,0,127000,100000,27000,27000
056338,聯發科凱基99購01,0,0,0,0,0,0,0,0,0,27000,0,0,0,42000,15000,27000,27000
056403,茂林群益98購01  ,0,0,0,0,0,0,0,0,0,27000,0,0,0,377000,350000,27000,27000
056575,禾伸堂元大99購01,0,0,0,0,0,0,0,0,0,27000,0,0,0,166000,139000,27000,27000
056607,貿聯富邦99購02  ,0,0,0,0,0,0,0,0,0,27000,0,0,0,30000,3000,27000,27000
055600,致伸元大97購02  ,0,0,0,0,0,0,0,0,0,27000,0,0,0,375000,348000,27000,27000
055790,南電凱基97購01  ,0,0,0,0,0,0,0,0,0,27000,0,0,0,126000,99000,27000,27000
054704,玉晶光第一97購01,0,0,0,0,0,0,0,0,0,27000,0,0,0,100000,73000,27000,27000
054594,國巨麥證97購01  ,0,0,0,67000,40000,27000,0,0,0,27000,0,0,0,67000,40000,27000,27000
054628,可成凱基98購01  ,0,0,0,0,0,0,0,0,0,27000,0,0,0,34000,7000,27000,27000
054527,國巨統一97購03  ,0,0,0,0,0,0,0,0,0,27000,0,0,0,57000,30000,27000,27000
054250,漢唐元大96購04  ,0,0,0,0,0,0,0,0,0,27000,0,0,0,38000,11000,27000,27000
054353,世紀鋼國泰98購01,0,0,0,0,0,0,0,0,0,27000,0,0,0,139000,112000,27000,27000
054460,和大凱基97購01  ,0,0,0,0,0,0,0,0,0,27000,0,0,0,70000,43000,27000,27000
00663L,國泰臺灣加權正2 ,0,0,0,0,0,0,0,0,0,27000,0,0,0,28000,1000,27000,27000
00753L,中信中國50正2   ,0,0,0,0,0,0,0,0,0,27000,0,0,0,80000,53000,27000,27000
00743,國泰中國A150    ,41000,0,41000,0,0,0,0,0,0,-14000,0,0,0,17000,31000,-14000,27000
04499P,滬深2X統一94售03,0,0,0,0,0,0,0,0,0,27000,0,0,0,34000,7000,27000,27000
043784,鴻海凱基94購01  ,0,0,0,0,0,0,0,0,0,27000,0,0,0,27000,0,27000,27000
043909,台光電凱基93購01,0,0,0,0,0,0,0,0,0,27000,0,0,0,30000,3000,27000,27000
045694,智邦兆豐93購05  ,0,0,0,0,0,0,0,0,0,27000,0,0,0,220000,193000,27000,27000
049498,茂林元大95購01  ,0,0,0,0,0,0,0,0,0,27000,0,0,0,75000,48000,27000,27000
045763,南亞科統一93購01,0,0,0,0,0,0,0,0,0,27000,0,0,0,127000,100000,27000,27000
050922,南亞科凱基95購02,0,0,0,0,0,0,0,0,0,27000,0,0,0,27000,0,27000,27000
050107,鴻海元大94購12  ,0,0,0,0,0,0,0,0,0,27000,0,0,0,87000,60000,27000,27000
049914,瑞昱元大94購06  ,0,0,0,0,0,0,0,0,0,27000,0,0,0,80000,53000,27000,27000
04853P,易華電永豐94售03,0,0,0,0,0,0,0,0,0,27000,0,0,0,27000,0,27000,27000
050425,國巨凱基94購12  ,0,0,0,0,0,0,0,0,0,27000,0,0,0,30000,3000,27000,27000
050333,鴻海國泰96購06  ,0,0,0,0,0,0,0,0,0,27000,0,0,0,27000,0,27000,27000
053804,富邦金凱基96購01,0,0,0,0,0,0,0,0,0,27000,0,0,0,40000,13000,27000,27000
053728,茂林凱基97購01  ,0,0,0,0,0,0,0,0,0,27000,0,0,0,30000,3000,27000,27000
053396,漢唐中信9A購01  ,0,0,0,0,0,0,0,0,0,27000,0,0,0,95000,68000,27000,27000
05310P,智原永豐95售04  ,0,0,0,0,0,0,0,0,0,27000,0,0,0,27000,0,27000,27000
052491,泰碩國票99購01  ,0,0,0,0,0,0,0,0,0,27000,0,0,0,27000,0,27000,27000
051945,智邦統一95購03  ,0,0,0,0,0,0,0,0,0,27000,0,0,0,91000,64000,27000,27000
052131,台積電凱基96購01,0,0,0,0,0,0,0,0,0,27000,0,0,0,27000,0,27000,27000
052134,智邦凱基95購09  ,0,0,0,0,0,0,0,0,0,27000,0,0,0,91000,64000,27000,27000
051564,和碩國泰96購01  ,0,0,0,0,0,0,0,0,0,27000,0,0,0,27000,0,27000,27000
06216P,上銀元富97售03  ,0,0,0,0,0,0,0,0,0,27000,0,0,0,27000,0,27000,27000
6115,鎰勝            ,23000,1000,22000,0,0,0,0,0,0,5000,5000,0,5000,0,0,0,27000
8499,鼎炫-KY         ,29000,2000,27000,0,0,0,0,0,0,0,0,0,0,0,0,0,27000
3029,零壹            ,75000,48000,27000,0,0,0,0,0,0,0,0,0,0,0,0,0,27000
054367,鴻海中信98購03  ,0,0,0,0,0,0,0,0,0,26000,0,0,0,26000,0,26000,26000
054207,國巨國票98購01  ,0,0,0,0,0,0,0,0,0,26000,0,0,0,26000,0,26000,26000
054768,泰碩國票99購02  ,0,0,0,0,0,0,0,0,0,26000,0,0,0,26000,0,26000,26000
054766,智原國票98購01  ,0,0,0,0,0,0,0,0,0,26000,0,0,0,70000,44000,26000,26000
055143,臻鼎永豐97購01  ,0,0,0,0,0,0,0,0,0,26000,0,0,0,161000,135000,26000,26000
056048,同欣電兆豐97購01,0,0,0,0,0,0,0,0,0,26000,0,0,0,375000,349000,26000,26000
05566P,景碩永豐96售01  ,0,0,0,0,0,0,0,0,0,26000,0,0,0,26000,0,26000,26000
056434,國巨凱基98購03  ,0,0,0,0,0,0,0,0,0,26000,0,0,0,26000,0,26000,26000
046204,致新凱基93購01  ,0,0,0,0,0,0,0,0,0,26000,0,0,0,26000,0,26000,26000
046703,瑞昱元富95購01  ,0,0,0,0,0,0,0,0,0,26000,0,0,0,102000,76000,26000,26000
049523,微星兆豐94購02  ,0,0,0,0,0,0,0,0,0,26000,0,0,0,86000,60000,26000,26000
047273,奇力新永豐93購03,0,0,0,0,0,0,0,0,0,26000,0,0,0,26000,0,26000,26000
04462P,全新元富96售01  ,0,0,0,0,0,0,0,0,0,26000,0,0,0,26000,0,26000,26000
046785,禾伸堂永豐93購01,0,0,0,0,0,0,0,0,0,26000,0,0,0,53000,27000,26000,26000
045470,康控元大94購03  ,0,0,0,0,0,0,0,0,0,26000,0,0,0,40000,14000,26000,26000
04301P,微星中信93售01  ,0,0,0,0,0,0,0,0,0,26000,0,0,0,39000,13000,26000,26000
048667,旺宏永豐94購02  ,0,0,0,0,0,0,0,0,0,26000,0,0,0,48000,22000,26000,26000
050505,可成凱基94購12  ,0,0,0,0,0,0,0,0,0,26000,0,0,0,30000,4000,26000,26000
048324,訊芯凱基93購03  ,0,0,0,0,0,0,0,0,0,26000,0,0,0,26000,0,26000,26000
050184,信邦元大94購01  ,0,0,0,0,0,0,0,0,0,26000,0,0,0,26000,0,26000,26000
050992,台積電元大97購01,0,0,0,0,0,0,0,0,0,26000,0,0,0,26000,0,26000,26000
051269,康友富邦97購01  ,0,0,0,0,0,0,0,0,0,26000,0,0,0,26000,0,26000,26000
051380,禾伸堂群益95購01,0,0,0,0,0,0,0,0,0,26000,0,0,0,37000,11000,26000,26000
051534,景碩國票97購01  ,0,0,0,0,0,0,0,0,0,26000,0,0,0,144000,118000,26000,26000
050662,智易元大96購01  ,0,0,0,0,0,0,0,0,0,26000,0,0,0,170000,144000,26000,26000
049237,元油2X元富96購07,0,0,0,0,0,0,0,0,0,26000,0,0,0,46000,20000,26000,26000
052107,台積電統一95購06,0,0,0,0,0,0,0,0,0,26000,0,0,0,395000,369000,26000,26000
051894,嘉聯益元富95購03,0,0,0,0,0,0,0,0,0,26000,0,0,0,36000,10000,26000,26000
053442,光罩凱基96購01  ,0,0,0,0,0,0,0,0,0,26000,0,0,0,26000,0,26000,26000
053742,創意國票97購01  ,0,0,0,0,0,0,0,0,0,26000,0,0,0,58000,32000,26000,26000
2486,一詮            ,41000,16000,25000,0,0,0,0,0,0,1000,1000,0,1000,0,0,0,26000
4952,凌通            ,29000,3000,26000,0,0,0,0,0,0,0,0,0,0,0,0,0,26000
4532,瑞智            ,58000,32000,26000,0,0,0,0,0,0,0,0,0,0,0,0,0,26000
056325,群創兆豐9A購01  ,0,0,0,0,0,0,0,0,0,25000,0,0,0,25000,0,25000,25000
055711,上銀元大97購04  ,0,0,0,0,0,0,0,0,0,25000,0,0,0,199000,174000,25000,25000
055573,國巨統一97購06  ,0,0,0,0,0,0,0,0,0,25000,0,0,0,55000,30000,25000,25000
055824,臺股指國票97購11,0,0,0,0,0,0,0,0,0,25000,0,0,0,25000,0,25000,25000
055011,元翎元富97購01  ,0,0,0,0,0,0,0,0,0,25000,0,0,0,65000,40000,25000,25000
05420P,大立光國泰97售03,0,0,0,0,0,0,0,0,0,25000,0,0,0,45000,20000,25000,25000
054457,強茂群益96購01  ,0,0,0,0,0,0,0,0,0,25000,0,0,0,98000,73000,25000,25000
04076P,臺股指凱基93售12,0,0,0,0,0,0,0,0,0,25000,0,0,0,25000,0,25000,25000
044439,南電元大93購01  ,0,0,0,0,0,0,0,0,0,25000,0,0,0,25000,0,25000,25000
047761,亞德客元大93購02,0,0,0,0,0,0,0,0,0,25000,0,0,0,25000,0,25000,25000
047826,台泥元大93購01  ,0,0,0,0,0,0,0,0,0,25000,0,0,0,70000,45000,25000,25000
043513,台灣50元大96購05,0,0,0,0,0,0,0,0,0,25000,0,0,0,25000,0,25000,25000
043051,天鈺國泰93購01  ,0,0,0,0,0,0,0,0,0,25000,0,0,0,25000,0,25000,25000
043912,華新科凱基93購01,0,0,0,0,0,0,0,0,0,25000,0,0,0,25000,0,25000,25000
044119,台郡兆豐92購01  ,0,0,0,0,0,0,0,0,0,25000,0,0,0,25000,0,25000,25000
046417,聯詠元大92購06  ,0,0,0,0,0,0,0,0,0,25000,0,0,0,25000,0,25000,25000
046738,台積電群益93購05,0,0,0,0,0,0,0,0,0,25000,0,0,0,25000,0,25000,25000
047063,漢唐凱基95購01  ,0,0,0,0,0,0,0,0,0,25000,0,0,0,25000,0,25000,25000
047420,全新富邦97購01  ,0,0,0,0,0,0,0,0,0,25000,0,0,0,40000,15000,25000,25000
047938,台化國票93購01  ,0,0,0,0,0,0,0,0,0,25000,0,0,0,25000,0,25000,25000
047437,旺宏元大94購02  ,0,0,0,0,0,0,0,0,0,25000,0,0,0,52000,27000,25000,25000
047484,聯詠凱基93購03  ,0,0,0,0,0,0,0,0,0,25000,0,0,0,25000,0,25000,25000
047655,聯發科兆豐93購02,0,0,0,0,0,0,0,0,0,25000,0,0,0,95000,70000,25000,25000
048159,聯詠兆豐93購03  ,0,0,0,0,0,0,0,0,0,25000,0,0,0,86000,61000,25000,25000
049091,訊連凱基94購01  ,0,0,0,0,0,0,0,0,0,25000,0,0,0,26000,1000,25000,25000
051422,超眾國票96購01  ,0,0,0,0,0,0,0,0,0,25000,0,0,0,78000,53000,25000,25000
051258,鈺齊國泰97購01  ,0,0,0,0,0,0,0,0,0,25000,0,0,0,25000,0,25000,25000
048565,康控元大94購04  ,0,0,0,0,0,0,0,0,0,25000,0,0,0,25000,0,25000,25000
050489,聯詠元富94購01  ,0,0,0,0,0,0,0,0,0,25000,0,0,0,86000,61000,25000,25000
050472,和大永豐94購01  ,0,0,0,0,0,0,0,0,0,25000,0,0,0,25000,0,25000,25000
050141,國巨統一94購07  ,0,0,0,0,0,0,0,0,0,25000,0,0,0,25000,0,25000,25000
049313,晶技凱基94購01  ,0,0,0,0,0,0,0,0,0,25000,0,0,0,25000,0,25000,25000
053805,奇鋐凱基98購02  ,0,0,0,0,0,0,0,0,0,25000,0,0,0,25000,0,25000,25000
053560,漢唐國泰98購01  ,0,0,0,0,0,0,0,0,0,25000,0,0,0,31000,6000,25000,25000
051985,智邦元大95購05  ,0,0,0,0,0,0,0,0,0,25000,0,0,0,288000,263000,25000,25000
052102,台泥兆豐96購01  ,0,0,0,0,0,0,0,0,0,25000,0,0,0,25000,0,25000,25000
051801,牧德永豐95購04  ,0,0,0,0,0,0,0,0,0,25000,0,0,0,48000,23000,25000,25000
052289,為升元富95購02  ,0,0,0,0,0,0,0,0,0,25000,0,0,0,206000,181000,25000,25000
052720,鴻海統一96購07  ,0,0,0,0,0,0,0,0,0,25000,0,0,0,25000,0,25000,25000
5706,鳳凰            ,28000,3000,25000,0,0,0,0,0,0,0,0,0,0,0,0,0,25000
2849,安泰銀          ,6000,17000,-11000,0,0,0,0,0,0,36000,36000,0,36000,0,0,0,25000
1809,中釉            ,34000,9000,25000,0,0,0,0,0,0,0,0,0,0,0,0,0,25000
2393,億光            ,830000,746000,84000,0,0,0,0,0,0,-59000,35000,22000,13000,13000,85000,-72000,25000
06203P,奇力新中信98售02,0,0,0,0,0,0,0,0,0,25000,0,0,0,55000,30000,25000,25000
05863P,滬深2X元大96售09,0,0,0,0,0,0,0,0,0,25000,0,0,0,35000,10000,25000,25000
06271P,彩晶凱基97售01  ,0,0,0,0,0,0,0,0,0,25000,0,0,0,25000,0,25000,25000
057044,旺宏元大98購08  ,0,0,0,0,0,0,0,0,0,25000,0,0,0,30000,5000,25000,25000
05836P,臺股指元富96售08,0,0,0,0,0,0,0,0,0,25000,0,0,0,25000,0,25000,25000
6706,惠特            ,63000,137305,-74305,0,0,0,54000,0,54000,45000,81000,36000,45000,0,0,0,24695
054233,聯發科群益96購04,0,0,0,0,0,0,0,0,0,24000,0,0,0,30000,6000,24000,24000
056470,旺宏元大99購01  ,0,0,0,0,0,0,0,0,0,24000,0,0,0,28000,4000,24000,24000
049583,台積電元大95購04,0,0,0,0,0,0,0,0,0,24000,0,0,0,284000,260000,24000,24000
04786P,鴻海永昌96售01  ,0,0,0,0,0,0,0,0,0,24000,0,0,0,100000,76000,24000,24000
047749,富邦金元富93購01,0,0,0,0,0,0,0,0,0,24000,0,0,0,34000,10000,24000,24000
047774,台表科元大95購01,0,0,0,0,0,0,0,0,0,24000,0,0,0,114000,90000,24000,24000
049423,臺股指凱基95購02,0,0,0,0,0,0,0,0,0,24000,0,0,0,47000,23000,24000,24000
050590,晶技永豐95購01  ,0,0,0,0,0,0,0,0,0,24000,0,0,0,24000,0,24000,24000
050595,緯穎永豐94購03  ,0,0,0,0,0,0,0,0,0,24000,0,0,0,64000,40000,24000,24000
050504,全新凱基94購03  ,0,0,0,0,0,0,0,0,0,24000,0,0,0,91000,67000,24000,24000
048592,漢唐群益93購04  ,0,0,0,0,0,0,0,0,0,24000,0,0,0,39000,15000,24000,24000
049835,緯穎凱基94購05  ,0,0,0,0,0,0,0,0,0,24000,0,0,0,53000,29000,24000,24000
048892,台郡元富97購01  ,0,0,0,0,0,0,0,0,0,24000,0,0,0,24000,0,24000,24000
051287,台積電統一95購05,0,0,0,0,0,0,0,0,0,24000,0,0,0,28000,4000,24000,24000
051038,健策台新95購01  ,0,0,0,0,0,0,0,0,0,24000,0,0,0,24000,0,24000,24000
051042,中磊永豐95購01  ,0,0,0,0,0,0,0,0,0,24000,0,0,0,28000,4000,24000,24000
049124,可成元富94購02  ,0,0,0,0,0,0,0,0,0,24000,0,0,0,30000,6000,24000,24000
048130,美利達元大96購01,0,0,0,0,0,0,0,0,0,24000,0,0,0,24000,0,24000,24000
052826,嘉聯益永豐96購01,0,0,0,0,0,0,0,0,0,24000,0,0,0,34000,10000,24000,24000
052467,嘉聯益統一96購01,0,0,0,0,0,0,0,0,0,24000,0,0,0,72000,48000,24000,24000
05347P,滬深2X元富9B售02,0,0,0,0,0,0,0,0,0,24000,0,0,0,84000,60000,24000,24000
053494,南亞科兆豐96購02,0,0,0,0,0,0,0,0,0,24000,0,0,0,24000,0,24000,24000
053418,旺宏永豐96購02  ,0,0,0,0,0,0,0,0,0,24000,0,0,0,365000,341000,24000,24000
053194,緯穎統一99購01  ,0,0,0,0,0,0,0,0,0,24000,0,0,0,28000,4000,24000,24000
053657,元大金凱基96購01,0,0,0,0,0,0,0,0,0,24000,0,0,0,40000,16000,24000,24000
054183,亞光康和96購01  ,0,0,0,0,0,0,0,0,0,24000,0,0,0,24000,0,24000,24000
3022,威強電          ,33000,9000,24000,0,0,0,0,0,0,0,0,0,0,0,0,0,24000
3605,宏致            ,171000,150000,21000,0,0,0,0,0,0,3000,3000,0,3000,0,0,0,24000
056910,超眾元大99購02  ,0,0,0,0,0,0,0,0,0,24000,0,0,0,137000,113000,24000,24000
056651,聯茂凱基98購04  ,0,0,0,0,0,0,0,0,0,24000,0,0,0,46000,22000,24000,24000
06578P,華新科國票98售02,0,0,0,0,0,0,0,0,0,24000,0,0,0,30000,6000,24000,24000
056233,超眾凱基97購02  ,0,0,0,0,0,0,0,0,0,23000,0,0,0,36000,13000,23000,23000
055852,聯鈞元大98購01  ,0,0,0,0,0,0,0,0,0,23000,0,0,0,436000,413000,23000,23000
055445,旺宏統一99購01  ,0,0,0,0,0,0,0,0,0,23000,0,0,0,48000,25000,23000,23000
054746,貿聯凱基98購02  ,0,0,0,0,0,0,0,0,0,23000,0,0,0,33000,10000,23000,23000
05471P,聯電統一95售01  ,0,0,0,0,0,0,0,0,0,23000,0,0,0,109000,86000,23000,23000
054662,同欣電元大97購02,0,0,0,0,0,0,0,0,0,23000,0,0,0,33000,10000,23000,23000
055114,新日興凱基98購01,0,0,0,0,0,0,0,0,0,23000,0,0,0,26000,3000,23000,23000
055366,國巨元大98購05  ,0,0,0,0,0,0,0,0,0,23000,0,0,0,23000,0,23000,23000
047781,上銀國泰94購02  ,0,0,0,0,0,0,0,0,0,23000,0,0,0,23000,0,23000,23000
044433,華新科元大92購06,0,0,0,0,0,0,0,0,0,23000,0,0,0,26000,3000,23000,23000
044928,玉晶光國泰93購01,0,0,0,0,0,0,0,0,0,23000,0,0,0,23000,0,23000,23000
041528,國泰金中信93購01,0,0,0,0,0,0,0,0,0,23000,0,0,0,23000,0,23000,23000
049492,聯發科元大95購02,0,0,0,0,0,0,0,0,0,23000,0,0,0,408000,385000,23000,23000
046269,禾伸堂凱基92購03,0,0,0,0,0,0,0,0,0,23000,0,0,0,35000,12000,23000,23000
049808,聯詠元大94購03  ,0,0,0,0,0,0,0,0,0,23000,0,0,0,23000,0,23000,23000
051363,矽創元大95購03  ,0,0,0,0,0,0,0,0,0,23000,0,0,0,121000,98000,23000,23000
051471,國巨凱基97購01  ,0,0,0,0,0,0,0,0,0,23000,0,0,0,23000,0,23000,23000
048872,玉晶光國票94購02,0,0,0,0,0,0,0,0,0,23000,0,0,0,128000,105000,23000,23000
050219,台積電元富95購03,0,0,0,0,0,0,0,0,0,23000,0,0,0,33000,10000,23000,23000
048834,牧德凱基94購01  ,0,0,0,0,0,0,0,0,0,23000,0,0,0,23000,0,23000,23000
050512,台泥元大94購01  ,0,0,0,0,0,0,0,0,0,23000,0,0,0,73000,50000,23000,23000
050012,台積電國泰95購03,0,0,0,0,0,0,0,0,0,23000,0,0,0,23000,0,23000,23000
049025,華擎群益94購01  ,0,0,0,0,0,0,0,0,0,23000,0,0,0,23000,0,23000,23000
054171,台郡凱基97購01  ,0,0,0,0,0,0,0,0,0,23000,0,0,0,25000,2000,23000,23000
053266,全新群益98購01  ,0,0,0,0,0,0,0,0,0,23000,0,0,0,307000,284000,23000,23000
053321,智原群益96購02  ,0,0,0,0,0,0,0,0,0,23000,0,0,0,33000,10000,23000,23000
053451,致新凱基96購02  ,0,0,0,0,0,0,0,0,0,23000,0,0,0,23000,0,23000,23000
052574,茂林凱基96購02  ,0,0,0,0,0,0,0,0,0,23000,0,0,0,33000,10000,23000,23000
052090,聯發科元大97購03,0,0,0,0,0,0,0,0,0,23000,0,0,0,108000,85000,23000,23000
06050P,玉晶光國票98售01,0,0,0,0,0,0,0,0,0,23000,0,0,0,33000,10000,23000,23000
056802,友達台新98購01  ,0,0,0,0,0,0,0,0,0,23000,0,0,0,24000,1000,23000,23000
3419,譁裕            ,37000,14000,23000,0,0,0,0,0,0,0,0,0,0,0,0,0,23000
2882A,國泰特          ,0,0,0,0,0,0,0,0,0,23000,23000,0,23000,0,0,0,23000
1435,中福            ,31000,8000,23000,0,0,0,0,0,0,0,0,0,0,0,0,0,23000
6414,樺漢            ,25000,38000,-13000,0,0,0,24000,0,24000,12000,16000,7000,9000,13000,10000,3000,23000
6582,申豐            ,32000,9000,23000,0,0,0,0,0,0,0,0,0,0,0,0,0,23000
6230,超眾            ,402000,363000,39000,0,0,0,50000,0,50000,-66000,91000,6000,85000,78000,229000,-151000,23000
055089,金寶群益98購01  ,0,0,0,0,0,0,0,0,0,22000,0,0,0,124000,102000,22000,22000
054797,臻鼎群益97購01  ,0,0,0,0,0,0,0,0,0,22000,0,0,0,22000,0,22000,22000
054781,台化群益99購01  ,0,0,0,0,0,0,0,0,0,22000,0,0,0,22000,0,22000,22000
054396,日電貿永豐96購02,0,0,0,0,0,0,0,0,0,22000,0,0,0,121000,99000,22000,22000
055425,聚陽群益99購01  ,0,0,0,0,0,0,0,0,0,22000,0,0,0,22000,0,22000,22000
055696,華新科國票98購01,0,0,0,0,0,0,0,0,0,22000,0,0,0,73000,51000,22000,22000
056089,同欣電統一98購01,0,0,0,0,0,0,0,0,0,22000,0,0,0,267000,245000,22000,22000
056549,嘉聯益凱基98購04,0,0,0,0,0,0,0,0,0,22000,0,0,0,51000,29000,22000,22000
056519,創意國票99購01  ,0,0,0,0,0,0,0,0,0,22000,0,0,0,58000,36000,22000,22000
047704,智邦凱基93購06  ,0,0,0,0,0,0,0,0,0,22000,0,0,0,65000,43000,22000,22000
049653,緯穎凱基94購03  ,0,0,0,0,0,0,0,0,0,22000,0,0,0,22000,0,22000,22000
047291,台積電元富93購05,0,0,0,0,0,0,0,0,0,22000,0,0,0,22000,0,22000,22000
03025P,國巨元大01售12  ,0,0,0,0,0,0,0,0,0,22000,0,0,0,22000,0,22000,22000
03020X,元展20          ,0,0,0,0,0,0,0,0,0,22000,0,0,0,22000,0,22000,22000
042556,台灣50中信96購04,0,0,0,0,0,0,0,0,0,22000,0,0,0,42000,20000,22000,22000
044633,台郡元大92購03  ,0,0,0,0,0,0,0,0,0,22000,0,0,0,22000,0,22000,22000
044611,正崴兆豐92購01  ,0,0,0,0,0,0,0,0,0,22000,0,0,0,22000,0,22000,22000
043650,喬山國泰93購02  ,0,0,0,0,0,0,0,0,0,22000,0,0,0,22000,0,22000,22000
046813,聯電凱基96購01  ,0,0,0,0,0,0,0,0,0,22000,0,0,0,43000,21000,22000,22000
048616,智伸科凱基93購07,0,0,0,0,0,0,0,0,0,22000,0,0,0,25000,3000,22000,22000
04941P,台達電台新94售02,0,0,0,0,0,0,0,0,0,22000,0,0,0,22000,0,22000,22000
051421,彩晶國票95購01  ,0,0,0,0,0,0,0,0,0,22000,0,0,0,22000,0,22000,22000
051515,聯發科凱基95購10,0,0,0,0,0,0,0,0,0,22000,0,0,0,22000,0,22000,22000
051350,台積電元大95購14,0,0,0,0,0,0,0,0,0,22000,0,0,0,106000,84000,22000,22000
051404,牧德永豐96購01  ,0,0,0,0,0,0,0,0,0,22000,0,0,0,34000,12000,22000,22000
051088,台積電元大95購09,0,0,0,0,0,0,0,0,0,22000,0,0,0,51000,29000,22000,22000
050771,華新科元大94購06,0,0,0,0,0,0,0,0,0,22000,0,0,0,93000,71000,22000,22000
051849,旺宏中信98購01  ,0,0,0,0,0,0,0,0,0,22000,0,0,0,72000,50000,22000,22000
051634,大立光國票96購03,0,0,0,0,0,0,0,0,0,22000,0,0,0,143000,121000,22000,22000
052393,康友群益95購05  ,0,0,0,0,0,0,0,0,0,22000,0,0,0,71000,49000,22000,22000
052884,台積電兆豐96購01,0,0,0,0,0,0,0,0,0,22000,0,0,0,47000,25000,22000,22000
052899,和大國票97購01  ,0,0,0,0,0,0,0,0,0,22000,0,0,0,22000,0,22000,22000
053489,上銀兆豐97購01  ,0,0,0,0,0,0,0,0,0,22000,0,0,0,35000,13000,22000,22000
053534,微星永豐96購02  ,0,0,0,0,0,0,0,0,0,22000,0,0,0,131000,109000,22000,22000
053291,旺宏中信9A購01  ,0,0,0,0,0,0,0,0,0,22000,0,0,0,80000,58000,22000,22000
054153,宏達電國泰97購01,0,0,0,0,0,0,0,0,0,22000,0,0,0,46000,24000,22000,22000
053604,臺股指元大96購21,0,0,0,0,0,0,0,0,0,22000,0,0,0,22000,0,22000,22000
1447,力鵬            ,48000,26000,22000,0,0,0,0,0,0,0,0,0,0,0,0,0,22000
1321,大洋            ,56000,35000,21000,0,0,0,0,0,0,1000,1000,0,1000,0,0,0,22000
2374,佳能            ,22000,8000,14000,0,0,0,0,0,0,8000,8000,0,8000,0,0,0,22000
2528,皇普            ,16000,2000,14000,0,0,0,0,0,0,8000,9000,1000,8000,0,0,0,22000
3703,欣陸            ,53000,31000,22000,0,0,0,0,0,0,0,0,0,0,0,0,0,22000
057068,國巨永豐98購06  ,0,0,0,0,0,0,0,0,0,22000,0,0,0,30000,8000,22000,22000
056962,技嘉永豐98購01  ,0,0,0,0,0,0,0,0,0,22000,0,0,0,74000,52000,22000,22000
06140P,華新科群益97售06,0,0,0,0,0,0,0,0,0,22000,0,0,0,32000,10000,22000,22000
06234P,亞德客元大97售02,0,0,0,0,0,0,0,0,0,22000,0,0,0,372000,350000,22000,22000
056452,亞光凱基98購02  ,0,0,0,0,0,0,0,0,0,21000,0,0,0,52000,31000,21000,21000
056110,嘉聯益永豐97購02,0,0,0,0,0,0,0,0,0,21000,0,0,0,51000,30000,21000,21000
055721,聯詠元大97購04  ,0,0,0,0,0,0,0,0,0,21000,0,0,0,58000,37000,21000,21000
055603,超眾元大97購04  ,0,0,0,0,0,0,0,0,0,21000,0,0,0,113000,92000,21000,21000
055598,欣興元大97購03  ,0,0,0,0,0,0,0,0,0,21000,0,0,0,21000,0,21000,21000
055488,華邦電元大98購01,0,0,0,0,0,0,0,0,0,21000,0,0,0,96000,75000,21000,21000
054245,鴻海元大96購23  ,0,0,0,0,0,0,0,0,0,21000,0,0,0,21000,0,21000,21000
054261,智伸科元大96購03,0,0,0,0,0,0,0,0,0,21000,0,0,0,121000,100000,21000,21000
054280,牧德群益98購01  ,0,0,0,0,0,0,0,0,0,21000,0,0,0,41000,20000,21000,21000
054673,京鼎國泰98購01  ,0,0,0,0,0,0,0,0,0,21000,0,0,0,300000,279000,21000,21000
043580,大立光元富94購01,0,0,0,0,0,0,0,0,0,21000,0,0,0,23000,2000,21000,21000
043757,欣興元大93購01  ,0,0,0,0,0,0,0,0,0,21000,0,0,0,135000,114000,21000,21000
04274P,滬深2X凱基94售01,0,0,0,0,0,0,0,0,0,21000,0,0,0,21000,0,21000,21000
04291P,鴻海富邦93售04  ,0,0,0,0,0,0,0,0,0,21000,0,0,0,23000,2000,21000,21000
045206,創意國泰93購02  ,0,0,0,0,0,0,0,0,0,21000,0,0,0,165000,144000,21000,21000
047246,華新科群益93購01,0,0,0,0,0,0,0,0,0,21000,0,0,0,51000,30000,21000,21000
049615,香港2X群益98購01,0,0,0,0,0,0,0,0,0,21000,0,0,0,21000,0,21000,21000
047307,儒鴻元大93購04  ,0,0,0,0,0,0,0,0,0,21000,0,0,0,21000,0,21000,21000
047545,智邦凱基93購05  ,0,0,0,0,0,0,0,0,0,21000,0,0,0,23000,2000,21000,21000
047027,新光金元大95購01,0,0,0,0,0,0,0,0,0,21000,0,0,0,22000,1000,21000,21000
046740,大立光群益95購01,0,0,0,0,0,0,0,0,0,21000,0,0,0,21000,0,21000,21000
046699,臻鼎凱基93購03  ,0,0,0,0,0,0,0,0,0,21000,0,0,0,25000,4000,21000,21000
050704,復盛凱基94購03  ,0,0,0,0,0,0,0,0,0,21000,0,0,0,26000,5000,21000,21000
050604,上証2X永昌94購01,0,0,0,0,0,0,0,0,0,21000,0,0,0,31000,10000,21000,21000
048968,可成元大94購02  ,0,0,0,0,0,0,0,0,0,21000,0,0,0,41000,20000,21000,21000
048973,禾伸堂元大94購01,0,0,0,0,0,0,0,0,0,21000,0,0,0,25000,4000,21000,21000
049150,新光金元大96購01,0,0,0,0,0,0,0,0,0,21000,0,0,0,43000,22000,21000,21000
051126,訊連群益95購01  ,0,0,0,0,0,0,0,0,0,21000,0,0,0,273000,252000,21000,21000
051392,玉山金兆豐95購01,0,0,0,0,0,0,0,0,0,21000,0,0,0,126000,105000,21000,21000
051372,樺漢富邦96購01  ,0,0,0,0,0,0,0,0,0,21000,0,0,0,21000,0,21000,21000
050155,華新科群益95購01,0,0,0,0,0,0,0,0,0,21000,0,0,0,49000,28000,21000,21000
049985,華擎凱基94購01  ,0,0,0,0,0,0,0,0,0,21000,0,0,0,41000,20000,21000,21000
050056,國巨凱基94購04  ,0,0,0,0,0,0,0,0,0,21000,0,0,0,21000,0,21000,21000
050248,臻鼎凱基94購03  ,0,0,0,0,0,0,0,0,0,21000,0,0,0,71000,50000,21000,21000
048298,華通麥證94購01  ,0,0,0,180000,165000,15000,0,0,0,21000,0,0,0,186000,165000,21000,21000
049828,華新科凱基94購06,0,0,0,0,0,0,0,0,0,21000,0,0,0,28000,7000,21000,21000
048552,鴻海元大94購03  ,0,0,0,0,0,0,0,0,0,21000,0,0,0,25000,4000,21000,21000
053581,台積電元大96購14,0,0,0,0,0,0,0,0,0,21000,0,0,0,44000,23000,21000,21000
053801,台積電凱基96購18,0,0,0,0,0,0,0,0,0,21000,0,0,0,31000,10000,21000,21000
053366,樺漢國泰98購01  ,0,0,0,0,0,0,0,0,0,21000,0,0,0,128000,107000,21000,21000
053450,同欣電凱基96購02,0,0,0,0,0,0,0,0,0,21000,0,0,0,30000,9000,21000,21000
053085,華新科元大97購04,0,0,0,0,0,0,0,0,0,21000,0,0,0,26000,5000,21000,21000
052715,可成凱基96購01  ,0,0,0,0,0,0,0,0,0,21000,0,0,0,51000,30000,21000,21000
052377,景碩元大96購02  ,0,0,0,0,0,0,0,0,0,21000,0,0,0,741000,720000,21000,21000
052306,鴻海國泰97購05  ,0,0,0,0,0,0,0,0,0,21000,0,0,0,21000,0,21000,21000
052229,奇力新凱基96購01,0,0,0,0,0,0,0,0,0,21000,0,0,0,31000,10000,21000,21000
052170,台積電元大95購20,0,0,0,0,0,0,0,0,0,21000,0,0,0,80000,59000,21000,21000
052045,瑞昱凱基96購01  ,0,0,0,0,0,0,0,0,0,21000,0,0,0,64000,43000,21000,21000
08590P,智邦凱基9C售04  ,0,0,0,0,0,0,0,0,0,21000,0,0,0,21000,0,21000,21000
4916,事欣科          ,43000,22000,21000,0,0,0,0,0,0,0,0,0,0,0,0,0,21000
05470P,康控元大95售05  ,0,0,0,0,0,0,0,0,0,20000,0,0,0,20000,0,20000,20000
054660,禾伸堂元大97購03,0,0,0,0,0,0,0,0,0,20000,0,0,0,20000,0,20000,20000
054222,大立光統一98購03,0,0,0,0,0,0,0,0,0,20000,0,0,0,20000,0,20000,20000
054468,台郡凱基98購01  ,0,0,0,0,0,0,0,0,0,20000,0,0,0,20000,0,20000,20000
054990,凌陽元富97購01  ,0,0,0,0,0,0,0,0,0,20000,0,0,0,20000,0,20000,20000
054936,鴻海元大97購10  ,0,0,0,0,0,0,0,0,0,20000,0,0,0,237000,217000,20000,20000
054910,信錦凱基97購01  ,0,0,0,0,0,0,0,0,0,20000,0,0,0,20000,0,20000,20000
055356,大立光凱基97購06,0,0,0,0,0,0,0,0,0,20000,0,0,0,20000,0,20000,20000
055155,奇力新元大99購01,0,0,0,0,0,0,0,0,0,20000,0,0,0,20000,0,20000,20000
055276,台積電元大97購20,0,0,0,0,0,0,0,0,0,20000,0,0,0,135000,115000,20000,20000
055775,友達凱基9A購01  ,0,0,0,0,0,0,0,0,0,20000,0,0,0,20000,0,20000,20000
056029,國巨麥證98購01  ,0,0,0,50000,30000,20000,0,0,0,20000,0,0,0,50000,30000,20000,20000
055960,義隆元大97購01  ,0,0,0,0,0,0,0,0,0,20000,0,0,0,54000,34000,20000,20000
056330,玉晶光國票99購03,0,0,0,0,0,0,0,0,0,20000,0,0,0,20000,0,20000,20000
056406,建準國票99購01  ,0,0,0,0,0,0,0,0,0,20000,0,0,0,20000,0,20000,20000
046736,儒鴻群益93購01  ,0,0,0,0,0,0,0,0,0,20000,0,0,0,20000,0,20000,20000
046746,儒鴻凱基93購03  ,0,0,0,0,0,0,0,0,0,20000,0,0,0,20000,0,20000,20000
046653,鴻海元大93購05  ,0,0,0,0,0,0,0,0,0,20000,0,0,0,20000,0,20000,20000
046513,景碩元大92購02  ,0,0,0,0,0,0,0,0,0,20000,0,0,0,20000,0,20000,20000
047059,智邦日盛93購01  ,0,0,0,0,0,0,0,0,0,20000,0,0,0,20000,0,20000,20000
047909,超眾元大93購03  ,0,0,0,0,0,0,0,0,0,20000,0,0,0,20000,0,20000,20000
046195,聯詠凱基92購08  ,0,0,0,0,0,0,0,0,0,20000,0,0,0,30000,10000,20000,20000
046226,聯發科元大92購11,0,0,0,0,0,0,0,0,0,20000,0,0,0,20000,0,20000,20000
046308,廣達元大92購02  ,0,0,0,0,0,0,0,0,0,20000,0,0,0,20000,0,20000,20000
047443,智原元大94購01  ,0,0,0,0,0,0,0,0,0,20000,0,0,0,40000,20000,20000,20000
045753,大立光國泰94購02,0,0,0,0,0,0,0,0,0,20000,0,0,0,20000,0,20000,20000
047947,欣興統一93購04  ,0,0,0,0,0,0,0,0,0,20000,0,0,0,20000,0,20000,20000
047911,晶技麥證94購01  ,0,0,0,20000,0,20000,0,0,0,20000,0,0,0,20000,0,20000,20000
049564,聯電統一94購03  ,0,0,0,0,0,0,0,0,0,20000,0,0,0,20000,0,20000,20000
049401,可成群益94購04  ,0,0,0,0,0,0,0,0,0,20000,0,0,0,20000,0,20000,20000
049704,羅麗芬元大95購01,0,0,0,0,0,0,0,0,0,20000,0,0,0,20000,0,20000,20000
046416,聯詠元大92購05  ,0,0,0,0,0,0,0,0,0,20000,0,0,0,20000,0,20000,20000
046377,聯發科凱基92購03,0,0,0,0,0,0,0,0,0,20000,0,0,0,30000,10000,20000,20000
047189,聯詠元大93購05  ,0,0,0,0,0,0,0,0,0,20000,0,0,0,20000,0,20000,20000
046186,南亞科凱基92購03,0,0,0,0,0,0,0,0,0,20000,0,0,0,20000,0,20000,20000
04615P,華新科群益94售03,0,0,0,0,0,0,0,0,0,20000,0,0,0,20000,0,20000,20000
047215,華新科第一93購01,0,0,0,0,0,0,0,0,0,20000,0,0,0,20000,0,20000,20000
046080,同欣電凱基92購03,0,0,0,0,0,0,0,0,0,20000,0,0,0,20000,0,20000,20000
047141,宏達電兆豐94購01,0,0,0,0,0,0,0,0,0,20000,0,0,0,20000,0,20000,20000
047113,聯發科元大93購12,0,0,0,0,0,0,0,0,0,20000,0,0,0,72000,52000,20000,20000
047107,上銀元大93購04  ,0,0,0,0,0,0,0,0,0,20000,0,0,0,20000,0,20000,20000
045898,康控元大93購04  ,0,0,0,0,0,0,0,0,0,20000,0,0,0,104000,84000,20000,20000
03958P,嘉聯益統一93售01,0,0,0,0,0,0,0,0,0,20000,0,0,0,120000,100000,20000,20000
03645C,臺股指凱基96牛27,0,0,0,0,0,0,0,0,0,20000,0,0,0,20000,0,20000,20000
042993,葡萄王元大94購01,0,0,0,0,0,0,0,0,0,20000,0,0,0,20000,0,20000,20000
042644,貿聯兆豐92購01  ,0,0,0,0,0,0,0,0,0,20000,0,0,0,20000,0,20000,20000
042502,上銀凱基93購01  ,0,0,0,0,0,0,0,0,0,20000,0,0,0,50000,30000,20000,20000
045454,上銀元大93購01  ,0,0,0,0,0,0,0,0,0,20000,0,0,0,20000,0,20000,20000
045447,鴻海國泰94購02  ,0,0,0,0,0,0,0,0,0,20000,0,0,0,20000,0,20000,20000
045311,GIS元大94購01   ,0,0,0,0,0,0,0,0,0,20000,0,0,0,20000,0,20000,20000
03189P,玉晶光元大03售05,0,0,0,0,0,0,0,0,0,20000,0,0,0,20000,0,20000,20000
04173P,上海銀凱基93售02,0,0,0,0,0,0,0,0,0,20000,0,0,0,20000,0,20000,20000
043750,美律元大93購01  ,0,0,0,0,0,0,0,0,0,20000,0,0,0,20000,0,20000,20000
043908,鴻海凱基93購02  ,0,0,0,0,0,0,0,0,0,20000,0,0,0,20000,0,20000,20000
044095,大立光統一92購01,0,0,0,0,0,0,0,0,0,20000,0,0,0,20000,0,20000,20000
044901,聯發科凱基93購01,0,0,0,0,0,0,0,0,0,20000,0,0,0,20000,0,20000,20000
047726,友達群益94購02  ,0,0,0,0,0,0,0,0,0,20000,0,0,0,20000,0,20000,20000
044403,新日興凱基92購01,0,0,0,0,0,0,0,0,0,20000,0,0,0,20000,0,20000,20000
047879,台積電中信93購04,0,0,0,0,0,0,0,0,0,20000,0,0,0,20000,0,20000,20000
046968,台積電群益94購03,0,0,0,0,0,0,0,0,0,20000,0,0,0,37000,17000,20000,20000
048567,台郡元大93購03  ,0,0,0,0,0,0,0,0,0,20000,0,0,0,20000,0,20000,20000
048051,大立光中信94購03,0,0,0,0,0,0,0,0,0,20000,0,0,0,20000,0,20000,20000
049910,智邦元大94購04  ,0,0,0,0,0,0,0,0,0,20000,0,0,0,121000,101000,20000,20000
048221,鴻海凱基95購01  ,0,0,0,0,0,0,0,0,0,20000,0,0,0,30000,10000,20000,20000
048191,亞德客元大93購06,0,0,0,0,0,0,0,0,0,20000,0,0,0,20000,0,20000,20000
049851,致伸群益94購03  ,0,0,0,0,0,0,0,0,0,20000,0,0,0,20000,0,20000,20000
050058,國巨凱基94購06  ,0,0,0,0,0,0,0,0,0,20000,0,0,0,20000,0,20000,20000
048887,牧德元富94購01  ,0,0,0,0,0,0,0,0,0,20000,0,0,0,20000,0,20000,20000
048888,牧德元富94購02  ,0,0,0,0,0,0,0,0,0,20000,0,0,0,30000,10000,20000,20000
049941,臺股指元大94購24,0,0,0,0,0,0,0,0,0,20000,0,0,0,20000,0,20000,20000
048410,和碩群益93購01  ,0,0,0,0,0,0,0,0,0,20000,0,0,0,40000,20000,20000,20000
048459,嘉聯益凱基93購04,0,0,0,0,0,0,0,0,0,20000,0,0,0,20000,0,20000,20000
049486,旺宏元大94購08  ,0,0,0,0,0,0,0,0,0,20000,0,0,0,25000,5000,20000,20000
049455,上海銀統一94購02,0,0,0,0,0,0,0,0,0,20000,0,0,0,20000,0,20000,20000
049977,瑞昱凱基94購03  ,0,0,0,0,0,0,0,0,0,20000,0,0,0,200000,180000,20000,20000
050007,貿聯永豐94購01  ,0,0,0,0,0,0,0,0,0,20000,0,0,0,20000,0,20000,20000
049425,喬山兆豐95購01  ,0,0,0,0,0,0,0,0,0,20000,0,0,0,150000,130000,20000,20000
049422,矽創凱基94購01  ,0,0,0,0,0,0,0,0,0,20000,0,0,0,20000,0,20000,20000
050437,聯詠凱基94購04  ,0,0,0,0,0,0,0,0,0,20000,0,0,0,22000,2000,20000,20000
050423,鴻海凱基96購02  ,0,0,0,0,0,0,0,0,0,20000,0,0,0,20000,0,20000,20000
050386,智伸科國票94購01,0,0,0,0,0,0,0,0,0,20000,0,0,0,20000,0,20000,20000
049345,富邦金統一94購02,0,0,0,0,0,0,0,0,0,20000,0,0,0,30000,10000,20000,20000
048666,康控統一93購01  ,0,0,0,0,0,0,0,0,0,20000,0,0,0,20000,0,20000,20000
048630,南亞元大93購01  ,0,0,0,0,0,0,0,0,0,20000,0,0,0,20000,0,20000,20000
051352,南亞科元大95購02,0,0,0,0,0,0,0,0,0,20000,0,0,0,93000,73000,20000,20000
051285,鴻海統一95購07  ,0,0,0,0,0,0,0,0,0,20000,0,0,0,20000,0,20000,20000
051262,A50富邦96購01   ,0,0,0,0,0,0,0,0,0,20000,0,0,0,20000,0,20000,20000
051265,鴻海富邦96購04  ,0,0,0,0,0,0,0,0,0,20000,0,0,0,20000,0,20000,20000
051298,智邦凱基95購03  ,0,0,0,0,0,0,0,0,0,20000,0,0,0,67000,47000,20000,20000
051529,東元國票96購01  ,0,0,0,0,0,0,0,0,0,20000,0,0,0,20000,0,20000,20000
05152P,玉晶光群益96售05,0,0,0,0,0,0,0,0,0,20000,0,0,0,20000,0,20000,20000
051442,正崴元大95購02  ,0,0,0,0,0,0,0,0,0,20000,0,0,0,70000,50000,20000,20000
051444,聯發科元大95購11,0,0,0,0,0,0,0,0,0,20000,0,0,0,30000,10000,20000,20000
051448,聯詠元大95購02  ,0,0,0,0,0,0,0,0,0,20000,0,0,0,124000,104000,20000,20000
051100,同欣電元大95購01,0,0,0,0,0,0,0,0,0,20000,0,0,0,22000,2000,20000,20000
051205,華新科麥證95購02,0,0,0,20000,0,20000,0,0,0,20000,0,0,0,20000,0,20000,20000
049172,鴻海凱基94購14  ,0,0,0,0,0,0,0,0,0,20000,0,0,0,90000,70000,20000,20000
049128,滬深2X元大97購03,0,0,0,0,0,0,0,0,0,20000,0,0,0,20000,0,20000,20000
050048,百和國票94購01  ,0,0,0,0,0,0,0,0,0,20000,0,0,0,20000,0,20000,20000
050313,大立光兆豐94購05,0,0,0,0,0,0,0,0,0,20000,0,0,0,20000,0,20000,20000
048944,茂林永豐94購01  ,0,0,0,0,0,0,0,0,0,20000,0,0,0,20000,0,20000,20000
048924,光罩永豐94購01  ,0,0,0,0,0,0,0,0,0,20000,0,0,0,20000,0,20000,20000
048112,宏達電群益93購05,0,0,0,0,0,0,0,0,0,20000,0,0,0,20000,0,20000,20000
049256,瑞昱元大94購04  ,0,0,0,0,0,0,0,0,0,20000,0,0,0,149000,129000,20000,20000
050634,華新科群益96購01,0,0,0,0,0,0,0,0,0,20000,0,0,0,20000,0,20000,20000
050833,台郡凱基95購01  ,0,0,0,0,0,0,0,0,0,20000,0,0,0,20000,0,20000,20000
052062,臺股指國票95購09,0,0,0,0,0,0,0,0,0,20000,0,0,0,20000,0,20000,20000
052137,台表科凱基96購02,0,0,0,0,0,0,0,0,0,20000,0,0,0,20000,0,20000,20000
051810,欣興凱基95購03  ,0,0,0,0,0,0,0,0,0,20000,0,0,0,50000,30000,20000,20000
052256,台泥國泰96購01  ,0,0,0,0,0,0,0,0,0,20000,0,0,0,20000,0,20000,20000
052363,廣達國票96購01  ,0,0,0,0,0,0,0,0,0,20000,0,0,0,20000,0,20000,20000
052327,聯詠中信95購03  ,0,0,0,0,0,0,0,0,0,20000,0,0,0,135000,115000,20000,20000
052683,鴻海元大97購03  ,0,0,0,0,0,0,0,0,0,20000,0,0,0,20000,0,20000,20000
052589,群創永豐97購01  ,0,0,0,0,0,0,0,0,0,20000,0,0,0,50000,30000,20000,20000
052799,上銀元大96購01  ,0,0,0,0,0,0,0,0,0,20000,0,0,0,78000,58000,20000,20000
052801,友達元大9A購01  ,0,0,0,0,0,0,0,0,0,20000,0,0,0,185000,165000,20000,20000
053055,聯詠國票97購01  ,0,0,0,0,0,0,0,0,0,20000,0,0,0,128000,108000,20000,20000
053192,創意統一96購01  ,0,0,0,0,0,0,0,0,0,20000,0,0,0,20000,0,20000,20000
053188,旺宏統一97購03  ,0,0,0,0,0,0,0,0,0,20000,0,0,0,20000,0,20000,20000
053437,啟碁日盛96購01  ,0,0,0,0,0,0,0,0,0,20000,0,0,0,45000,25000,20000,20000
053845,和大元富96購01  ,0,0,0,0,0,0,0,0,0,20000,0,0,0,20000,0,20000,20000
053739,A50正2國票9A購01,0,0,0,0,0,0,0,0,0,20000,0,0,0,26000,6000,20000,20000
05407P,超眾凱基95售04  ,0,0,0,0,0,0,0,0,0,20000,0,0,0,20000,0,20000,20000
053987,宏碁亞東96購01  ,0,0,0,0,0,0,0,0,0,20000,0,0,0,20000,0,20000,20000
053970,聯發科元大97購08,0,0,0,0,0,0,0,0,0,20000,0,0,0,20000,0,20000,20000
3057,喬鼎            ,29000,9000,20000,0,0,0,0,0,0,0,0,0,0,0,0,0,20000
2488,漢平            ,28000,8000,20000,0,0,0,0,0,0,0,0,0,0,0,0,0,20000
2748,雲品            ,24000,3000,21000,0,0,0,0,1000,-1000,0,0,0,0,0,0,0,20000
2453,凌群            ,66000,46000,20000,0,0,0,0,0,0,0,0,0,0,0,0,0,20000
2239,英利-KY         ,23000,3000,20000,0,0,0,0,0,0,0,0,0,0,0,0,0,20000
2331,精英            ,44000,24000,20000,0,0,0,0,0,0,0,0,0,0,0,0,0,20000
2023,燁輝            ,118000,100000,18000,0,0,0,0,0,0,2000,2000,0,2000,0,0,0,20000
1340,勝悅-KY         ,31000,11000,20000,0,0,0,0,0,0,0,0,0,0,0,0,0,20000
06322P,超眾統一97售04  ,0,0,0,0,0,0,0,0,0,20000,0,0,0,88000,68000,20000,20000
05970P,超眾永豐96售03  ,0,0,0,0,0,0,0,0,0,20000,0,0,0,20000,0,20000,20000
05993P,國巨元大96售13  ,0,0,0,0,0,0,0,0,0,20000,0,0,0,50000,30000,20000,20000
05767P,國巨凱基96售11  ,0,0,0,0,0,0,0,0,0,20000,0,0,0,20000,0,20000,20000
05677P,玉晶光群益98售03,0,0,0,0,0,0,0,0,0,20000,0,0,0,130000,110000,20000,20000
056864,新日興群益99購01,0,0,0,0,0,0,0,0,0,20000,0,0,0,210000,190000,20000,20000
056676,國產元富98購01  ,0,0,0,0,0,0,0,0,0,20000,0,0,0,30000,10000,20000,20000
056752,國巨兆豐98購02  ,0,0,0,0,0,0,0,0,0,20000,0,0,0,70000,50000,20000,20000
056576,晶技元大99購02  ,0,0,0,0,0,0,0,0,0,19000,0,0,0,19000,0,19000,19000
055724,祥碩元大97購03  ,0,0,0,0,0,0,0,0,0,19000,0,0,0,25000,6000,19000,19000
054778,世紀鋼國票99購01,0,0,0,0,0,0,0,0,0,19000,0,0,0,70000,51000,19000,19000
044184,南亞科國泰93購01,0,0,0,0,0,0,0,0,0,19000,0,0,0,19000,0,19000,19000
044165,聯發科元大92購04,0,0,0,0,0,0,0,0,0,19000,0,0,0,20000,1000,19000,19000
046070,景碩凱基92購03  ,0,0,0,0,0,0,0,0,0,19000,0,0,0,19000,0,19000,19000
047919,技嘉凱基93購06  ,0,0,0,0,0,0,0,0,0,19000,0,0,0,20000,1000,19000,19000
051300,台光電凱基96購02,0,0,0,0,0,0,0,0,0,19000,0,0,0,60000,41000,19000,19000
049003,智邦中信95購01  ,0,0,0,0,0,0,0,0,0,19000,0,0,0,19000,0,19000,19000
050027,義隆元大94購03  ,0,0,0,0,0,0,0,0,0,19000,0,0,0,30000,11000,19000,19000
050480,健策國票95購04  ,0,0,0,0,0,0,0,0,0,19000,0,0,0,19000,0,19000,19000
049890,嘉澤國泰95購01  ,0,0,0,0,0,0,0,0,0,19000,0,0,0,35000,16000,19000,19000
048839,牧德凱基95購01  ,0,0,0,0,0,0,0,0,0,19000,0,0,0,19000,0,19000,19000
048773,貿聯凱基94購01  ,0,0,0,0,0,0,0,0,0,19000,0,0,0,42000,23000,19000,19000
048263,台積電元富95購01,0,0,0,0,0,0,0,0,0,19000,0,0,0,19000,0,19000,19000
048562,宏達電元大95購01,0,0,0,0,0,0,0,0,0,19000,0,0,0,20000,1000,19000,19000
053948,大立光富邦99購04,0,0,0,0,0,0,0,0,0,19000,0,0,0,191000,172000,19000,19000
054045,奇力新元大97購03,0,0,0,0,0,0,0,0,0,19000,0,0,0,387000,368000,19000,19000
054178,中磊台新97購01  ,0,0,0,0,0,0,0,0,0,19000,0,0,0,19000,0,19000,19000
053852,南亞科國泰98購01,0,0,0,0,0,0,0,0,0,19000,0,0,0,35000,16000,19000,19000
053431,志超永豐96購01  ,0,0,0,0,0,0,0,0,0,19000,0,0,0,20000,1000,19000,19000
053352,義隆兆豐96購01  ,0,0,0,0,0,0,0,0,0,19000,0,0,0,203000,184000,19000,19000
053081,上銀元大97購02  ,0,0,0,0,0,0,0,0,0,19000,0,0,0,113000,94000,19000,19000
052895,台積電群益96購04,0,0,0,0,0,0,0,0,0,19000,0,0,0,52000,33000,19000,19000
052606,聯發科元大97購04,0,0,0,0,0,0,0,0,0,19000,0,0,0,422000,403000,19000,19000
052608,欣興元大97購01  ,0,0,0,0,0,0,0,0,0,19000,0,0,0,599000,580000,19000,19000
051873,緯穎凱基95購02  ,0,0,0,0,0,0,0,0,0,19000,0,0,0,114000,95000,19000,19000
052128,聯發科日盛95購03,0,0,0,0,0,0,0,0,0,19000,0,0,0,19000,0,19000,19000
06330P,南亞科群益97售03,0,0,0,0,0,0,0,0,0,19000,0,0,0,22000,3000,19000,19000
054678,麗豐台新98購02  ,0,0,0,0,0,0,0,0,0,18000,0,0,0,49000,31000,18000,18000
054470,緯穎國票97購04  ,0,0,0,0,0,0,0,0,0,18000,0,0,0,18000,0,18000,18000
05569P,漢唐統一97售01  ,0,0,0,0,0,0,0,0,0,18000,0,0,0,18000,0,18000,18000
055647,義隆元富97購01  ,0,0,0,0,0,0,0,0,0,18000,0,0,0,18000,0,18000,18000
055480,元上證元大97購02,0,0,0,0,0,0,0,0,0,18000,0,0,0,18000,0,18000,18000
055955,微星元大97購01  ,0,0,0,0,0,0,0,0,0,18000,0,0,0,218000,200000,18000,18000
055922,台郡凱基98購03  ,0,0,0,0,0,0,0,0,0,18000,0,0,0,18000,0,18000,18000
056529,中環凱基98購01  ,0,0,0,0,0,0,0,0,0,18000,0,0,0,18000,0,18000,18000
056374,聯發科統一9B購01,0,0,0,0,0,0,0,0,0,18000,0,0,0,111000,93000,18000,18000
056467,上証2X元大98購02,0,0,0,0,0,0,0,0,0,18000,0,0,0,23000,5000,18000,18000
047459,全新群益93購02  ,0,0,0,0,0,0,0,0,0,18000,0,0,0,18000,0,18000,18000
047652,滬深2X兆豐94購03,0,0,0,0,0,0,0,0,0,18000,0,0,0,18000,0,18000,18000
047626,全新國票94購01  ,0,0,0,0,0,0,0,0,0,18000,0,0,0,18000,0,18000,18000
046223,華通元大92購04  ,0,0,0,0,0,0,0,0,0,18000,0,0,0,20000,2000,18000,18000
047040,台勝科群益93購01,0,0,0,0,0,0,0,0,0,18000,0,0,0,28000,10000,18000,18000
047023,聯發科元大93購08,0,0,0,0,0,0,0,0,0,18000,0,0,0,20000,2000,18000,18000
047231,大立光凱基95購03,0,0,0,0,0,0,0,0,0,18000,0,0,0,69000,51000,18000,18000
046178,聯發科日盛92購01,0,0,0,0,0,0,0,0,0,18000,0,0,0,39000,21000,18000,18000
044510,台光電凱基93購04,0,0,0,0,0,0,0,0,0,18000,0,0,0,30000,12000,18000,18000
046872,全新元富93購02  ,0,0,0,0,0,0,0,0,0,18000,0,0,0,18000,0,18000,18000
042255,群創國票92購01  ,0,0,0,0,0,0,0,0,0,18000,0,0,0,18000,0,18000,18000
00865B,國泰US短期公債  ,0,0,0,0,0,0,0,0,0,18000,10000,0,10000,8000,0,8000,18000
03827P,矽創國票94售01  ,0,0,0,0,0,0,0,0,0,18000,0,0,0,18000,0,18000,18000
036628,統一台新99購01  ,0,0,0,0,0,0,0,0,0,18000,0,0,0,18000,0,18000,18000
048905,旺宏富邦96購01  ,0,0,0,0,0,0,0,0,0,18000,0,0,0,43000,25000,18000,18000
049956,國巨統一94購05  ,0,0,0,0,0,0,0,0,0,18000,0,0,0,18000,0,18000,18000
048283,亞德客中信94購01,0,0,0,0,0,0,0,0,0,18000,0,0,0,31000,13000,18000,18000
048401,南電國票93購03  ,0,0,0,0,0,0,0,0,0,18000,0,0,0,60000,42000,18000,18000
048388,華通國票94購01  ,0,0,0,0,0,0,0,0,0,18000,0,0,0,60000,42000,18000,18000
04863P,技嘉元大94售02  ,0,0,0,0,0,0,0,0,0,18000,0,0,0,174000,156000,18000,18000
051033,台積電兆豐95購03,0,0,0,0,0,0,0,0,0,18000,0,0,0,18000,0,18000,18000
052022,南電永豐95購03  ,0,0,0,0,0,0,0,0,0,18000,0,0,0,18000,0,18000,18000
051737,瑞昱國票96購01  ,0,0,0,0,0,0,0,0,0,18000,0,0,0,21000,3000,18000,18000
051608,新日興群益96購01,0,0,0,0,0,0,0,0,0,18000,0,0,0,20000,2000,18000,18000
052556,聯發科國票97購01,0,0,0,0,0,0,0,0,0,18000,0,0,0,38000,20000,18000,18000
052482,茂林群益95購01  ,0,0,0,0,0,0,0,0,0,18000,0,0,0,30000,12000,18000,18000
053158,茂林元大96購01  ,5000,0,5000,0,0,0,0,0,0,13000,0,0,0,57000,44000,13000,18000
053251,世紀鋼國票97購02,0,0,0,0,0,0,0,0,0,18000,0,0,0,28000,10000,18000,18000
053466,華通元大98購01  ,0,0,0,0,0,0,0,0,0,18000,0,0,0,126000,108000,18000,18000
053877,奇力新亞東96購01,0,0,0,0,0,0,0,0,0,18000,0,0,0,18000,0,18000,18000
054137,聯詠元大97購02  ,0,0,0,0,0,0,0,0,0,18000,0,0,0,462000,444000,18000,18000
06154P,超眾元大98售01  ,0,0,0,0,0,0,0,0,0,18000,0,0,0,130000,112000,18000,18000
06070P,漢唐永豐97售01  ,0,0,0,0,0,0,0,0,0,18000,0,0,0,18000,0,18000,18000
056789,和碩群益98購01  ,0,0,0,0,0,0,0,0,0,18000,0,0,0,28000,10000,18000,18000
3563,牧德            ,108000,136000,-28000,0,0,0,35000,0,35000,11000,42000,20000,22000,16000,27000,-11000,18000
4552,力達-KY         ,44000,26000,18000,0,0,0,0,0,0,0,0,0,0,0,0,0,18000
056442,瑞昱凱基98購02  ,0,0,0,0,0,0,0,0,0,17000,0,0,0,74000,57000,17000,17000
056303,亞光元大97購04  ,0,0,0,0,0,0,0,0,0,17000,0,0,0,99000,82000,17000,17000
055729,金寶元富99購01  ,0,0,0,0,0,0,0,0,0,17000,0,0,0,179000,162000,17000,17000
055565,祥碩凱基97購01  ,0,0,0,0,0,0,0,0,0,17000,0,0,0,48000,31000,17000,17000
055610,光磊國票98購01  ,0,0,0,0,0,0,0,0,0,17000,0,0,0,17000,0,17000,17000
054490,臻鼎台新96購02  ,0,0,0,0,0,0,0,0,0,17000,0,0,0,136000,119000,17000,17000
054213,欣興國票97購04  ,0,0,0,0,0,0,0,0,0,17000,0,0,0,84000,67000,17000,17000
055030,帆宣國泰99購02  ,0,0,0,0,0,0,0,0,0,17000,0,0,0,113000,96000,17000,17000
020008,元大特股高息N   ,0,0,0,0,0,0,0,0,0,17000,0,0,0,49000,32000,17000,17000
046861,和碩元大93購01  ,0,0,0,0,0,0,0,0,0,17000,0,0,0,17000,0,17000,17000
046263,智邦凱基92購05  ,0,0,0,0,0,0,0,0,0,17000,0,0,0,17000,0,17000,17000
047523,瑞昱元大93購09  ,0,0,0,0,0,0,0,0,0,17000,0,0,0,35000,18000,17000,17000
04575P,新日興統一94售02,0,0,0,0,0,0,0,0,0,17000,0,0,0,50000,33000,17000,17000
050642,和大凱基94購03  ,0,0,0,0,0,0,0,0,0,17000,0,0,0,20000,3000,17000,17000
049117,矽格統一96購01  ,0,0,0,0,0,0,0,0,0,17000,0,0,0,76000,59000,17000,17000
048742,瀚宇博統一94購01,0,0,0,0,0,0,0,0,0,17000,0,0,0,27000,10000,17000,17000
048708,智邦亞東94購01  ,0,0,0,0,0,0,0,0,0,17000,0,0,0,17000,0,17000,17000
049965,矽創元富94購01  ,0,0,0,0,0,0,0,0,0,17000,0,0,0,96000,79000,17000,17000
053981,康控元大96購05  ,0,0,0,0,0,0,0,0,0,17000,0,0,0,20000,3000,17000,17000
051871,同欣電凱基95購02,0,0,0,0,0,0,0,0,0,17000,0,0,0,48000,31000,17000,17000
052035,臺股指群益95購08,0,0,0,0,0,0,0,0,0,17000,0,0,0,17000,0,17000,17000
2881A,富邦特          ,15000,0,15000,0,0,0,0,0,0,2000,2000,0,2000,0,0,0,17000
1445,大宇            ,17000,0,17000,0,0,0,0,0,0,0,0,0,0,0,0,0,17000
1529,樂士            ,5000,1000,4000,0,0,0,0,0,0,13000,13000,0,13000,0,0,0,17000
05665P,台積電凱基96售08,0,0,0,0,0,0,0,0,0,17000,0,0,0,25000,8000,17000,17000
05519P,上証2X凱基98售01,0,0,0,0,0,0,0,0,0,16000,0,0,0,17000,1000,16000,16000
055402,正文元富97購02  ,0,0,0,0,0,0,0,0,0,16000,0,0,0,16000,0,16000,16000
054220,國巨統一97購02  ,0,0,0,0,0,0,0,0,0,16000,0,0,0,35000,19000,16000,16000
054744,晶相光凱基99購01,0,0,0,0,0,0,0,0,0,16000,0,0,0,32000,16000,16000,16000
054777,昇陽半國票98購01,0,0,0,0,0,0,0,0,0,16000,0,0,0,22000,6000,16000,16000
054615,牧德永豐98購01  ,0,0,0,0,0,0,0,0,0,16000,0,0,0,26000,10000,16000,16000
055632,群創永豐98購01  ,0,0,0,0,0,0,0,0,0,16000,0,0,0,16000,0,16000,16000
05576P,群創日盛99售02  ,0,0,0,0,0,0,0,0,0,16000,0,0,0,16000,0,16000,16000
055831,台達電元大97購01,0,0,0,0,0,0,0,0,0,16000,0,0,0,178000,162000,16000,16000
056551,台郡凱基98購04  ,0,0,0,0,0,0,0,0,0,16000,0,0,0,16000,0,16000,16000
047388,京元電元大95購01,0,0,0,0,0,0,0,0,0,16000,0,0,0,136000,120000,16000,16000
046039,新日興元大92購02,0,0,0,0,0,0,0,0,0,16000,0,0,0,16000,0,16000,16000
046919,大毅永豐93購01  ,0,0,0,0,0,0,0,0,0,16000,0,0,0,17000,1000,16000,16000
045016,創意元大94購01  ,0,0,0,0,0,0,0,0,0,16000,0,0,0,16000,0,16000,16000
04314P,聯茂元富93售01  ,0,0,0,0,0,0,0,0,0,16000,0,0,0,16000,0,16000,16000
03296P,台積電統一02售13,0,0,0,0,0,0,0,0,0,16000,0,0,0,17000,1000,16000,16000
04106P,滬深2X永豐93售02,0,0,0,0,0,0,0,0,0,16000,0,0,0,16000,0,16000,16000
03841P,聯發科統一93售02,0,0,0,0,0,0,0,0,0,16000,0,0,0,16000,0,16000,16000
049974,聯發科日盛94購02,0,0,0,0,0,0,0,0,0,16000,0,0,0,217000,201000,16000,16000
050018,高股息元大94購02,0,0,0,0,0,0,0,0,0,16000,0,0,0,16000,0,16000,16000
049488,智邦元大95購01  ,0,0,0,0,0,0,0,0,0,16000,0,0,0,48000,32000,16000,16000
048650,台表科元大93購05,0,0,0,0,0,0,0,0,0,16000,0,0,0,116000,100000,16000,16000
049335,聯電統一97購01  ,0,0,0,0,0,0,0,0,0,16000,0,0,0,26000,10000,16000,16000
048281,矽力永豐93購02  ,0,0,0,0,0,0,0,0,0,16000,0,0,0,130000,114000,16000,16000
050191,和碩元大94購02  ,0,0,0,0,0,0,0,0,0,16000,0,0,0,22000,6000,16000,16000
050064,華新科凱基94購08,0,0,0,0,0,0,0,0,0,16000,0,0,0,23000,7000,16000,16000
04857P,美律元富94售01  ,0,0,0,0,0,0,0,0,0,16000,0,0,0,22000,6000,16000,16000
049913,微星元大94購01  ,0,0,0,0,0,0,0,0,0,16000,0,0,0,127000,111000,16000,16000
050919,台積電凱基95購03,0,0,0,0,0,0,0,0,0,16000,0,0,0,16000,0,16000,16000
050907,臺股指元大95購14,0,0,0,0,0,0,0,0,0,16000,0,0,0,16000,0,16000,16000
051215,大立光統一95購03,0,0,0,0,0,0,0,0,0,16000,0,0,0,135000,119000,16000,16000
051318,上銀國票96購01  ,0,0,0,0,0,0,0,0,0,16000,0,0,0,16000,0,16000,16000
051286,國巨統一97購01  ,0,0,0,0,0,0,0,0,0,16000,0,0,0,16000,0,16000,16000
051281,健策兆豐96購01  ,0,0,0,0,0,0,0,0,0,16000,0,0,0,16000,0,16000,16000
051434,中磊元富95購02  ,0,0,0,0,0,0,0,0,0,16000,0,0,0,33000,17000,16000,16000
05213P,台積電國票96售05,0,0,0,0,0,0,0,0,0,16000,0,0,0,20000,4000,16000,16000
051715,和碩台新95購01  ,0,0,0,0,0,0,0,0,0,16000,0,0,0,56000,40000,16000,16000
052523,奇力新元大97購01,0,0,0,0,0,0,0,0,0,16000,0,0,0,460000,444000,16000,16000
052787,國巨中信96購02  ,0,0,0,0,0,0,0,0,0,16000,0,0,0,25000,9000,16000,16000
053603,臺股指元大96購20,0,0,0,0,0,0,0,0,0,16000,0,0,0,16000,0,16000,16000
053443,智邦凱基97購01  ,0,0,0,0,0,0,0,0,0,16000,0,0,0,46000,30000,16000,16000
053552,華新科凱基96購08,0,0,0,0,0,0,0,0,0,16000,0,0,0,37000,21000,16000,16000
06273P,台表科凱基97售04,0,0,0,0,0,0,0,0,0,16000,0,0,0,16000,0,16000,16000
2015,豐興            ,21000,35000,-14000,0,0,0,0,0,0,30000,30000,0,30000,0,0,0,16000
2017,官田鋼          ,22000,6000,16000,0,0,0,0,0,0,0,0,0,0,0,0,0,16000
3024,憶聲            ,34000,18000,16000,0,0,0,0,0,0,0,0,0,0,0,0,0,16000
8404,百和興業-KY     ,119000,103000,16000,0,0,0,0,0,0,0,0,0,0,0,0,0,16000
6177,達麗            ,47000,31599,15401,0,0,0,0,0,0,0,0,0,0,0,0,0,15401
056291,聯茂永豐97購03  ,0,0,0,0,0,0,0,0,0,15000,0,0,0,559000,544000,15000,15000
056285,可成永豐97購02  ,0,0,0,0,0,0,0,0,0,15000,0,0,0,15000,0,15000,15000
056027,樺漢群益97購02  ,0,0,0,0,0,0,0,0,0,15000,0,0,0,198000,183000,15000,15000
05559P,臺股指麥證96售01,0,0,0,15000,0,15000,0,0,0,15000,0,0,0,15000,0,15000,15000
055476,台郡凱基97購02  ,0,0,0,0,0,0,0,0,0,15000,0,0,0,20000,5000,15000,15000
055496,高鐵元大97購02  ,0,0,0,0,0,0,0,0,0,15000,0,0,0,15000,0,15000,15000
054676,牧德台新98購01  ,0,0,0,0,0,0,0,0,0,15000,0,0,0,18000,3000,15000,15000
054494,訊芯台新96購01  ,0,0,0,0,0,0,0,0,0,15000,0,0,0,20000,5000,15000,15000
054417,牧德元大96購01  ,0,0,0,0,0,0,0,0,0,15000,0,0,0,15000,0,15000,15000
055085,大毅國票97購01  ,0,0,0,0,0,0,0,0,0,15000,0,0,0,27000,12000,15000,15000
054887,大毅統一98購01  ,0,0,0,0,0,0,0,0,0,15000,0,0,0,15000,0,15000,15000
054965,健策元大98購04  ,0,0,0,0,0,0,0,0,0,15000,0,0,0,541000,526000,15000,15000
03953P,易華電凱基94售01,0,0,0,0,0,0,0,0,0,15000,0,0,0,15000,0,15000,15000
045295,台積電元大93購02,0,0,0,0,0,0,0,0,0,15000,0,0,0,15000,0,15000,15000
042904,金寶元大94購02  ,0,0,0,0,0,0,0,0,0,15000,0,0,0,20000,5000,15000,15000
043457,鴻海元大93購01  ,0,0,0,0,0,0,0,0,0,15000,0,0,0,15000,0,15000,15000
043655,微星富邦93購01  ,0,0,0,0,0,0,0,0,0,15000,0,0,0,15000,0,15000,15000
043771,鴻海兆豐92購01  ,0,0,0,0,0,0,0,0,0,15000,0,0,0,15000,0,15000,15000
04454P,大立光富邦98售02,0,0,0,0,0,0,0,0,0,15000,0,0,0,15000,0,15000,15000
044600,上銀國泰93購01  ,0,0,0,0,0,0,0,0,0,15000,0,0,0,15000,0,15000,15000
047714,禾伸堂凱基93購03,0,0,0,0,0,0,0,0,0,15000,0,0,0,16000,1000,15000,15000
047177,上銀元大93購05  ,0,0,0,0,0,0,0,0,0,15000,0,0,0,68000,53000,15000,15000
049705,緯穎元大94購05  ,0,0,0,0,0,0,0,0,0,15000,0,0,0,15000,0,15000,15000
049585,旺宏元大95購02  ,0,0,0,0,0,0,0,0,0,15000,0,0,0,130000,115000,15000,15000
04703P,樺漢統一95售01  ,0,0,0,0,0,0,0,0,0,15000,0,0,0,18000,3000,15000,15000
046300,嘉聯益富邦94購01,0,0,0,0,0,0,0,0,0,15000,0,0,0,16000,1000,15000,15000
046753,台積電凱基93購04,0,0,0,0,0,0,0,0,0,15000,0,0,0,19000,4000,15000,15000
047360,鴻海群益95購02  ,0,0,0,0,0,0,0,0,0,15000,0,0,0,15000,0,15000,15000
047676,臺股指元富99購01,0,0,0,0,0,0,0,0,0,15000,0,0,0,20000,5000,15000,15000
051256,中磊元大95購01  ,0,0,0,0,0,0,0,0,0,15000,0,0,0,15000,0,15000,15000
051379,新光金群益95購01,0,0,0,0,0,0,0,0,0,15000,0,0,0,20000,5000,15000,15000
051198,鴻海麥證95購02  ,0,0,0,15000,0,15000,0,0,0,15000,0,0,0,15000,0,15000,15000
051087,國巨元大97購01  ,0,0,0,0,0,0,0,0,0,15000,0,0,0,15000,0,15000,15000
051147,南亞科凱基95購05,0,0,0,0,0,0,0,0,0,15000,0,0,0,15000,0,15000,15000
050930,矽格凱基95購01  ,0,0,0,0,0,0,0,0,0,15000,0,0,0,15000,0,15000,15000
050264,聯發科元大94購13,0,0,0,0,0,0,0,0,0,15000,0,0,0,283000,268000,15000,15000
048962,宏全康和94購01  ,0,0,0,0,0,0,0,0,0,15000,0,0,0,85000,70000,15000,15000
049262,大立光元大94購09,0,0,0,0,0,0,0,0,0,15000,0,0,0,15000,0,15000,15000
050611,鴻海元大95購02  ,0,0,0,0,0,0,0,0,0,15000,0,0,0,759000,744000,15000,15000
05080P,亞光永豐95售02  ,0,0,0,0,0,0,0,0,0,15000,0,0,0,25000,10000,15000,15000
048193,旺宏元大94購05  ,0,0,0,0,0,0,0,0,0,15000,0,0,0,21000,6000,15000,15000
049958,華新科統一94購08,0,0,0,0,0,0,0,0,0,15000,0,0,0,15000,0,15000,15000
048802,聯發科富邦94購03,0,0,0,0,0,0,0,0,0,15000,0,0,0,25000,10000,15000,15000
049319,GIS凱基94購03   ,0,0,0,0,0,0,0,0,0,15000,0,0,0,15000,0,15000,15000
050377,華通第一94購01  ,0,0,0,0,0,0,0,0,0,15000,0,0,0,665000,650000,15000,15000
049475,高鐵永豐94購01  ,0,0,0,0,0,0,0,0,0,15000,0,0,0,15000,0,15000,15000
048682,奇力新富邦96購01,0,0,0,0,0,0,0,0,0,15000,0,0,0,15000,0,15000,15000
050492,漢唐國泰96購01  ,0,0,0,0,0,0,0,0,0,15000,0,0,0,15000,0,15000,15000
050022,鴻海元大94購11  ,0,0,0,0,0,0,0,0,0,15000,0,0,0,17000,2000,15000,15000
050130,華新科凱基94購09,0,0,0,0,0,0,0,0,0,15000,0,0,0,22000,7000,15000,15000
053567,群創富邦97購01  ,0,0,0,0,0,0,0,0,0,15000,0,0,0,15000,0,15000,15000
052800,國巨元大96購05  ,0,0,0,0,0,0,0,0,0,15000,0,0,0,15000,0,15000,15000
052929,可成元大96購02  ,0,0,0,0,0,0,0,0,0,15000,0,0,0,224000,209000,15000,15000
052682,上銀元大97購01  ,0,0,0,0,0,0,0,0,0,15000,0,0,0,20000,5000,15000,15000
052343,同欣電凱基95購03,0,0,0,0,0,0,0,0,0,15000,0,0,0,81000,66000,15000,15000
052365,聯詠國票95購02  ,0,0,0,0,0,0,0,0,0,15000,0,0,0,45000,30000,15000,15000
051858,上銀凱基95購01  ,0,0,0,0,0,0,0,0,0,15000,0,0,0,30000,15000,15000,15000
051588,聯詠元大95購03  ,0,0,0,0,0,0,0,0,0,15000,0,0,0,15000,0,15000,15000
05155P,聯發科兆豐95售03,0,0,0,0,0,0,0,0,0,15000,0,0,0,20000,5000,15000,15000
051664,鴻海元大96購07  ,0,0,0,0,0,0,0,0,0,15000,0,0,0,15000,0,15000,15000
052086,鴻海元大96購08  ,0,0,0,0,0,0,0,0,0,15000,0,0,0,15000,0,15000,15000
6184,大豐電          ,19000,4000,15000,0,0,0,0,0,0,0,0,0,0,0,0,0,15000
6214,精誠            ,84000,82000,2000,0,0,0,0,0,0,13000,15000,2000,13000,0,0,0,15000
4545,銘鈺            ,19000,4000,15000,0,0,0,0,0,0,0,0,0,0,0,0,0,15000
6541,泰福-KY         ,73000,58000,15000,0,0,0,0,0,0,0,0,0,0,0,0,0,15000
6277,宏正            ,15000,3000,12000,0,0,0,0,0,0,3000,3000,0,3000,0,0,0,15000
2388,威盛            ,60000,45000,15000,0,0,0,0,0,0,0,0,0,0,0,0,0,15000
06246P,茂林元富97售03  ,0,0,0,0,0,0,0,0,0,15000,0,0,0,110000,95000,15000,15000
06052P,台郡國票97售06  ,0,0,0,0,0,0,0,0,0,15000,0,0,0,15000,0,15000,15000
06016P,京元電凱基96售03,0,0,0,0,0,0,0,0,0,15000,0,0,0,25000,10000,15000,15000
5525,順天            ,28000,13784,14216,0,0,0,0,0,0,0,0,0,0,0,0,0,14216
9919,康那香          ,21150,12000,9150,0,0,0,0,0,0,5000,5000,0,5000,0,0,0,14150
054928,帆宣凱基98購01  ,0,0,0,0,0,0,0,0,0,14000,0,0,0,14000,0,14000,14000
055339,緯穎兆豐98購01  ,0,0,0,0,0,0,0,0,0,14000,0,0,0,31000,17000,14000,14000
055288,日電貿元大97購02,0,0,0,0,0,0,0,0,0,14000,0,0,0,272000,258000,14000,14000
054300,華通凱基96購07  ,0,0,0,0,0,0,0,0,0,14000,0,0,0,72000,58000,14000,14000
054329,華新科永豐96購02,0,0,0,0,0,0,0,0,0,14000,0,0,0,34000,20000,14000,14000
054629,華新科凱基98購01,0,30000,-30000,0,0,0,0,0,0,44000,0,0,0,75000,31000,44000,14000
05608P,聯發科凱基96售10,0,0,0,0,0,0,0,0,0,14000,0,0,0,14000,0,14000,14000
056130,新日興麥證97購01,0,0,0,55000,41000,14000,0,0,0,14000,0,0,0,55000,41000,14000,14000
046700,台郡凱基93購02  ,0,0,0,0,0,0,0,0,0,14000,0,0,0,25000,11000,14000,14000
046628,大立光統一98購01,0,0,0,0,0,0,0,0,0,14000,0,0,0,53000,39000,14000,14000
046905,新光金凱基99購01,0,0,0,0,0,0,0,0,0,14000,0,0,0,64000,50000,14000,14000
044819,新日興兆豐93購02,0,0,0,0,0,0,0,0,0,14000,0,0,0,71000,57000,14000,14000
044875,玉晶光統一93購01,0,0,0,0,0,0,0,0,0,14000,0,0,0,14000,0,14000,14000
04366P,全新元富95售01  ,0,0,0,0,0,0,0,0,0,14000,0,0,0,20000,6000,14000,14000
00733,富邦臺灣中小    ,0,0,0,0,0,0,0,0,0,14000,0,0,0,230000,216000,14000,14000
050135,禾伸堂兆豐95購01,0,0,0,0,0,0,0,0,0,14000,0,0,0,139000,125000,14000,14000
050233,香港2X凱基96購01,0,0,0,0,0,0,0,0,0,14000,0,0,0,14000,0,14000,14000
049950,南亞科群益94購02,0,0,0,0,0,0,0,0,0,14000,0,0,0,41000,27000,14000,14000
050062,聯發科凱基94購08,0,0,0,0,0,0,0,0,0,14000,0,0,0,14000,0,14000,14000
048226,大立光凱基93購35,0,0,0,0,0,0,0,0,0,14000,0,0,0,15000,1000,14000,14000
049907,鴻海元大94購07  ,0,0,0,0,0,0,0,0,0,14000,0,0,0,15000,1000,14000,14000
050684,台郡元富94購02  ,0,0,0,0,0,0,0,0,0,14000,0,0,0,16000,2000,14000,14000
052228,聯發科凱基96購06,0,0,0,0,0,0,0,0,0,14000,0,0,0,14000,0,14000,14000
051708,創意群益95購02  ,0,0,0,0,0,0,0,0,0,14000,0,0,0,55000,41000,14000,14000
052388,旺宏群益96購05  ,0,0,0,0,0,0,0,0,0,14000,0,0,0,20000,6000,14000,14000
052278,國巨凱基95購06  ,0,0,0,0,0,0,0,0,0,14000,0,0,0,29000,15000,14000,14000
052601,大成鋼元大96購01,0,0,0,0,0,0,0,0,0,14000,0,0,0,75000,61000,14000,14000
052874,超眾凱基96購01  ,0,0,0,0,0,0,0,0,0,14000,0,0,0,23000,9000,14000,14000
053020,貿聯元富96購01  ,0,0,0,0,0,0,0,0,0,14000,0,0,0,30000,16000,14000,14000
8215,明基材          ,241000,228000,13000,0,0,0,0,0,0,1000,1000,0,1000,0,0,0,14000
8103,瀚荃            ,14000,1000,13000,0,0,0,0,0,0,1000,1000,0,1000,0,0,0,14000
2108,南帝            ,47000,47000,0,0,0,0,0,0,0,14000,14000,0,14000,0,0,0,14000
1416,廣豐            ,15000,2000,13000,0,0,0,0,0,0,1000,1000,0,1000,0,0,0,14000
3167,大量            ,14000,3000,11000,0,0,0,0,0,0,3000,3000,0,3000,0,0,0,14000
2614,東森            ,142000,130000,12000,0,0,0,0,0,0,2000,2000,0,2000,0,0,0,14000
05966P,矽力凱基96售03  ,0,0,0,0,0,0,0,0,0,14000,0,0,0,20000,6000,14000,14000
06100P,台積電日盛97售03,0,0,0,0,0,0,0,0,0,14000,0,0,0,130000,116000,14000,14000
1109,信大            ,44000,32000,12000,0,0,0,0,0,0,2000,13000,11000,2000,0,0,0,14000
056093,大毅元富97購01  ,0,0,0,0,0,0,0,0,0,13000,0,0,0,33000,20000,13000,13000
055829,上銀元大97購06  ,0,0,0,0,0,0,0,0,0,13000,0,0,0,74000,61000,13000,13000
055791,臺股指凱基97購14,0,0,0,0,0,0,0,0,0,13000,0,0,0,13000,0,13000,13000
054922,文曄凱基98購01  ,0,0,0,0,0,0,0,0,0,13000,0,0,0,13000,0,13000,13000
00678,群益NBI生技     ,0,0,0,0,0,0,0,0,0,13000,0,0,0,463000,450000,13000,13000
04514P,元石油中信97售01,0,0,0,0,0,0,0,0,0,13000,0,0,0,18000,5000,13000,13000
035275,台積電台新97購01,0,0,0,0,0,0,0,0,0,13000,0,0,0,13000,0,13000,13000
046929,大立光統一93購03,0,0,0,0,0,0,0,0,0,13000,0,0,0,13000,0,13000,13000
046973,矽力群益93購01  ,0,0,0,0,0,0,0,0,0,13000,0,0,0,15000,2000,13000,13000
047896,京元電群益93購01,0,0,0,0,0,0,0,0,0,13000,0,0,0,23000,10000,13000,13000
04645P,禾伸堂凱基94售03,0,0,0,0,0,0,0,0,0,13000,0,0,0,13000,0,13000,13000
047020,智邦元大93購04  ,0,0,0,0,0,0,0,0,0,13000,0,0,0,51000,38000,13000,13000
047046,台積電國票94購01,0,0,0,0,0,0,0,0,0,13000,0,0,0,18000,5000,13000,13000
047332,訊芯元大93購04  ,0,0,0,0,0,0,0,0,0,13000,0,0,0,111000,98000,13000,13000
04574P,台達電統一94售05,0,0,0,0,0,0,0,0,0,13000,0,0,0,13000,0,13000,13000
047703,台積電凱基93購19,0,0,0,0,0,0,0,0,0,13000,0,0,0,13000,0,13000,13000
049255,旺宏元大97購02  ,0,0,0,0,0,0,0,0,0,13000,0,0,0,25000,12000,13000,13000
049803,華新科元大95購07,0,0,0,0,0,0,0,0,0,13000,0,0,0,13000,0,13000,13000
049210,昇陽半群益94購02,0,0,0,0,0,0,0,0,0,13000,0,0,0,25000,12000,13000,13000
050263,旺宏元大94購10  ,0,0,0,0,0,0,0,0,0,13000,0,0,0,30000,17000,13000,13000
049177,美律凱基94購02  ,0,0,0,0,0,0,0,0,0,13000,0,0,0,45000,32000,13000,13000
051384,康友群益95購01  ,0,0,0,0,0,0,0,0,0,13000,0,0,0,65000,52000,13000,13000
050491,旺宏國泰96購01  ,0,0,0,0,0,0,0,0,0,13000,0,0,0,38000,25000,13000,13000
053524,聯電中信97購02  ,0,0,0,0,0,0,0,0,0,13000,0,0,0,421000,408000,13000,13000
053780,南亞科元大96購03,0,0,0,0,0,0,0,0,0,13000,0,0,0,29000,16000,13000,13000
053989,奇力新兆豐97購01,0,0,0,0,0,0,0,0,0,13000,0,0,0,56000,43000,13000,13000
054086,日月光亞東98購01,0,0,0,0,0,0,0,0,0,13000,0,0,0,15000,2000,13000,13000
052581,訊芯元富98購01  ,0,0,0,0,0,0,0,0,0,13000,0,0,0,49000,36000,13000,13000
051818,國巨統一95購02  ,0,0,0,0,0,0,0,0,0,13000,0,0,0,13000,0,13000,13000
051760,奇力新元大95購04,0,0,0,0,0,0,0,0,0,13000,0,0,0,13000,0,13000,13000
06010P,國泰金元富96售01,0,0,0,0,0,0,0,0,0,13000,0,0,0,13000,0,13000,13000
056936,禾伸堂元富98購01,0,0,0,0,0,0,0,0,0,13000,0,0,0,179000,166000,13000,13000
2477,美隆電          ,13000,5000,8000,0,0,0,0,0,0,5000,5000,0,5000,0,0,0,13000
1733,五鼎            ,52000,37000,15000,0,0,0,0,0,0,-2000,2000,4000,-2000,0,0,0,13000
2302,麗正            ,13000,0,13000,0,0,0,0,0,0,0,0,0,0,0,0,0,13000
6666,羅麗芬-KY       ,16000,3000,13000,0,0,0,0,0,0,0,0,0,0,0,0,0,13000
054925,神達凱基97購01  ,0,0,0,0,0,0,0,0,0,12000,0,0,0,15000,3000,12000,12000
054950,奇力新元大98購02,0,0,0,0,0,0,0,0,0,12000,0,0,0,12000,0,12000,12000
055142,健策永豐98購01  ,0,0,0,0,0,0,0,0,0,12000,0,0,0,787000,775000,12000,12000
055149,國巨元大97購06  ,0,0,0,0,0,0,0,0,0,12000,0,0,0,32000,20000,12000,12000
054542,台表科國票98購01,0,0,0,0,0,0,0,0,0,12000,0,0,0,12000,0,12000,12000
054741,亞光凱基99購01  ,0,0,0,0,0,0,0,0,0,12000,0,0,0,12000,0,12000,12000
054758,南亞國票9A購01  ,0,0,0,0,0,0,0,0,0,12000,0,0,0,12000,0,12000,12000
055441,緯穎國票98購01  ,0,0,0,0,0,0,0,0,0,12000,0,0,0,12000,0,12000,12000
055556,奇力新凱基98購03,0,0,0,0,0,0,0,0,0,12000,0,0,0,12000,0,12000,12000
055592,奇力新元大97購07,0,0,0,0,0,0,0,0,0,12000,0,0,0,284000,272000,12000,12000
056360,智邦元大98購01  ,0,0,0,0,0,0,0,0,0,12000,0,0,0,81000,69000,12000,12000
04576P,上海銀統一94售04,0,0,0,0,0,0,0,0,0,12000,0,0,0,12000,0,12000,12000
046302,亞德客元大92購02,0,0,0,0,0,0,0,0,0,12000,0,0,0,12000,0,12000,12000
046235,台表科元大92購03,0,0,0,0,0,0,0,0,0,12000,0,0,0,12000,0,12000,12000
049717,微星凱基94購01  ,0,0,0,0,0,0,0,0,0,12000,0,0,0,22000,10000,12000,12000
049721,晶技凱基94購02  ,0,0,0,0,0,0,0,0,0,12000,0,0,0,12000,0,12000,12000
049624,嘉澤群益94購01  ,0,0,0,0,0,0,0,0,0,12000,0,0,0,33000,21000,12000,12000
046324,健策元大92購05  ,0,0,0,0,0,0,0,0,0,12000,0,0,0,17000,5000,12000,12000
046806,瀚宇博元大93購03,0,0,0,0,0,0,0,0,0,12000,0,0,0,62000,50000,12000,12000
046862,台郡元大94購01  ,0,0,0,0,0,0,0,0,0,12000,0,0,0,12000,0,12000,12000
046875,康友元富93購01  ,0,0,0,0,0,0,0,0,0,12000,0,0,0,12000,0,12000,12000
03563P,台灣50群益02售14,0,0,0,0,0,0,0,0,0,12000,0,0,0,12000,0,12000,12000
0054,元大台商50      ,0,0,0,0,0,0,0,0,0,12000,0,0,0,12000,0,12000,12000
00714,群益道瓊美國地產,5000,0,5000,0,0,0,0,0,0,7000,0,0,0,107000,100000,7000,12000
04159P,滬深2X中信95售08,0,0,0,0,0,0,0,0,0,12000,0,0,0,12000,0,12000,12000
04164P,滬深2X元富93售03,0,0,0,0,0,0,0,0,0,12000,0,0,0,41000,29000,12000,12000
042093,台灣50群益94購02,0,0,0,0,0,0,0,0,0,12000,0,0,0,12000,0,12000,12000
048706,緯穎國票94購01  ,0,0,0,0,0,0,0,0,0,12000,0,0,0,12000,0,12000,12000
050539,鴻海凱基95購07  ,0,0,0,0,0,0,0,0,0,12000,0,0,0,15000,3000,12000,12000
048658,鴻海統一93購09  ,0,0,0,0,0,0,0,0,0,12000,0,0,0,12000,0,12000,12000
048199,大立光元大94購03,0,0,0,0,0,0,0,0,0,12000,0,0,0,30000,18000,12000,12000
048882,智原統一96購01  ,0,0,0,0,0,0,0,0,0,12000,0,0,0,12000,0,12000,12000
048864,昇陽半群益94購01,0,0,0,0,0,0,0,0,0,12000,0,0,0,44000,32000,12000,12000
048795,復盛元大94購01  ,0,0,0,0,0,0,0,0,0,12000,0,0,0,12000,0,12000,12000
048766,禾伸堂凱基94購01,0,0,0,0,0,0,0,0,0,12000,0,0,0,23000,11000,12000,12000
050978,鴻海元富95購03  ,0,0,0,0,0,0,0,0,0,12000,0,0,0,262000,250000,12000,12000
051253,緯創元大95購02  ,0,0,0,0,0,0,0,0,0,12000,0,0,0,46000,34000,12000,12000
051228,聯發科群益95購03,0,0,0,0,0,0,0,0,0,12000,0,0,0,12000,0,12000,12000
051220,大立光元富95購08,0,0,0,0,0,0,0,0,0,12000,0,0,0,12000,0,12000,12000
048983,牧德元大95購01  ,0,0,0,0,0,0,0,0,0,12000,0,0,0,22000,10000,12000,12000
049260,華新科元大96購01,0,0,0,0,0,0,0,0,0,12000,0,0,0,33000,21000,12000,12000
05087P,GIS國泰96售01   ,0,0,0,0,0,0,0,0,0,12000,0,0,0,24000,12000,12000,12000
050861,鴻海永豐95購01  ,0,0,0,0,0,0,0,0,0,12000,0,0,0,100000,88000,12000,12000
051729,華新國票96購01  ,0,0,0,0,0,0,0,0,0,12000,0,0,0,42000,30000,12000,12000
052096,力成元大95購01  ,0,0,0,0,0,0,0,0,0,12000,0,0,0,31000,19000,12000,12000
052042,台積電日盛95購02,0,0,0,0,0,0,0,0,0,12000,0,0,0,22000,10000,12000,12000
051974,華新科凱基96購05,0,0,0,0,0,0,0,0,0,12000,0,0,0,29000,17000,12000,12000
052516,臺股指凱基95購20,0,0,0,0,0,0,0,0,0,12000,0,0,0,191000,179000,12000,12000
052452,茂林元大95購03  ,0,0,0,0,0,0,0,0,0,12000,0,0,0,96000,84000,12000,12000
054102,百和國票97購04  ,0,0,0,0,0,0,0,0,0,12000,0,0,0,12000,0,12000,12000
054133,奇力新元大97購04,0,0,0,0,0,0,0,0,0,12000,0,0,0,49000,37000,12000,12000
053872,臻鼎元大96購04  ,0,0,0,0,0,0,0,0,0,12000,0,0,0,20000,8000,12000,12000
053487,台泥兆豐97購01  ,0,0,0,0,0,0,0,0,0,12000,0,0,0,27000,15000,12000,12000
052988,智易元大96購02  ,0,0,0,0,0,0,0,0,0,12000,0,0,0,25000,13000,12000,12000
053196,康控元富96購01  ,0,0,0,0,0,0,0,0,0,12000,0,0,0,140000,128000,12000,12000
6698,旭暉應材        ,2000,11000,-9000,0,0,0,6000,0,6000,15000,15000,0,15000,0,0,0,12000
4989,榮科            ,16000,2000,14000,0,0,0,0,0,0,-2000,0,2000,-2000,0,0,0,12000
1526,日馳            ,14000,2000,12000,0,0,0,0,0,0,0,0,0,0,0,0,0,12000
2480,敦陽科          ,55000,50000,5000,0,0,0,0,0,0,7000,7000,0,7000,0,0,0,12000
2231,為升            ,59980,54000,5980,0,0,0,0,0,0,6000,10000,4000,6000,7000,7000,0,11980
056404,嘉聯益群益9A購01,0,0,0,0,0,0,0,0,0,11000,0,0,0,14000,3000,11000,11000
055785,祥碩凱基97購02  ,0,0,0,0,0,0,0,0,0,11000,0,0,0,22000,11000,11000,11000
055941,百和群益98購02  ,0,0,0,0,0,0,0,0,0,11000,0,0,0,11000,0,11000,11000
054667,神基元富97購01  ,0,0,0,0,0,0,0,0,0,11000,0,0,0,62000,51000,11000,11000
054698,同欣電永豐97購01,0,0,0,0,0,0,0,0,0,11000,0,0,0,166000,155000,11000,11000
054355,上海銀富邦98購01,0,0,0,0,0,0,0,0,0,11000,0,0,0,17000,6000,11000,11000
055294,智易元大98購01  ,0,0,0,0,0,0,0,0,0,11000,0,0,0,170000,159000,11000,11000
055360,台表科凱基97購02,0,0,0,0,0,0,0,0,0,11000,0,0,0,23000,12000,11000,11000
03644C,臺股指元大94牛28,0,0,0,0,0,0,0,0,0,11000,0,0,0,11000,0,11000,11000
042930,大立光中信94購01,0,0,0,0,0,0,0,0,0,11000,0,0,0,11000,0,11000,11000
045640,嘉晶凱基93購01  ,0,0,0,0,0,0,0,0,0,11000,0,0,0,17000,6000,11000,11000
042538,新光金國泰92購01,0,0,0,0,0,0,0,0,0,11000,0,0,0,11000,0,11000,11000
04528P,智原凱基94售01  ,0,0,0,0,0,0,0,0,0,11000,0,0,0,11000,0,11000,11000
044437,台郡元大92購02  ,0,0,0,0,0,0,0,0,0,11000,0,0,0,11000,0,11000,11000
044296,嘉聯益凱基93購01,0,0,0,0,0,0,0,0,0,11000,0,0,0,11000,0,11000,11000
047808,智邦凱基93購07  ,0,0,0,0,0,0,0,0,0,11000,0,0,0,81000,70000,11000,11000
047834,義隆元大93購02  ,0,0,0,0,0,0,0,0,0,11000,0,0,0,80000,69000,11000,11000
04693P,超眾群益95售01  ,0,0,0,0,0,0,0,0,0,11000,0,0,0,11000,0,11000,11000
04333P,儒鴻凱基93售06  ,0,0,0,0,0,0,0,0,0,11000,0,0,0,11000,0,11000,11000
044900,建準凱基93購01  ,0,0,0,0,0,0,0,0,0,11000,0,0,0,11000,0,11000,11000
046391,上海銀統一94購01,0,0,0,0,0,0,0,0,0,11000,0,0,0,11000,0,11000,11000
047137,健策凱基94購01  ,0,0,0,0,0,0,0,0,0,11000,0,0,0,13000,2000,11000,11000
049546,正崴群益94購01  ,0,0,0,0,0,0,0,0,0,11000,0,0,0,11000,0,11000,11000
047981,南亞科群益93購02,0,0,0,0,0,0,0,0,0,11000,0,0,0,11000,0,11000,11000
047546,瑞昱凱基93購06  ,0,0,0,0,0,0,0,0,0,11000,0,0,0,35000,24000,11000,11000
050831,超眾凱基95購01  ,0,0,0,0,0,0,0,0,0,11000,0,0,0,21000,10000,11000,11000
049246,大成鋼元大94購02,0,0,0,0,0,0,0,0,0,11000,0,0,0,21000,10000,11000,11000
050681,南亞科元富94購01,0,0,0,0,0,0,0,0,0,11000,0,0,0,21000,10000,11000,11000
050670,牧德永豐94購03  ,0,0,0,0,0,0,0,0,0,11000,0,0,0,39000,28000,11000,11000
050697,冠德凱基96購01  ,0,0,0,0,0,0,0,0,0,11000,0,0,0,11000,0,11000,11000
049132,大成鋼元大94購01,0,0,0,0,0,0,0,0,0,11000,0,0,0,11000,0,11000,11000
051251,信邦元大95購01  ,0,0,0,0,0,0,0,0,0,11000,0,0,0,88000,77000,11000,11000
051193,新日興兆豐96購01,0,0,0,0,0,0,0,0,0,11000,0,0,0,11000,0,11000,11000
051354,聯發科元大95購09,0,0,0,0,0,0,0,0,0,11000,0,0,0,31000,20000,11000,11000
051425,昇陽半國票97購01,0,0,0,0,0,0,0,0,0,11000,0,0,0,71000,60000,11000,11000
048836,牧德凱基94購03  ,0,0,0,0,0,0,0,0,0,11000,0,0,0,40000,29000,11000,11000
048825,華新科凱基94購05,0,0,0,0,0,0,0,0,0,11000,0,0,0,18000,7000,11000,11000
048293,聯詠群益93購04  ,0,0,0,0,0,0,0,0,0,11000,0,0,0,31000,20000,11000,11000
048876,牧德國票95購02  ,0,0,0,0,0,0,0,0,0,11000,0,0,0,12000,1000,11000,11000
048586,美利達富邦93購01,0,0,0,0,0,0,0,0,0,11000,0,0,0,11000,0,11000,11000
049013,川湖群益94購01  ,0,0,0,0,0,0,0,0,0,11000,0,0,0,11000,0,11000,11000
049430,國巨國票95購02  ,0,0,0,0,0,0,0,0,0,11000,0,0,0,82000,71000,11000,11000
048735,美利達麥證95購01,0,0,0,11000,0,11000,0,0,0,11000,0,0,0,11000,0,11000,11000
048757,美利達元富96購01,0,0,0,0,0,0,0,0,0,11000,0,0,0,11000,0,11000,11000
048752,廣越元富95購01  ,0,0,0,0,0,0,0,0,0,11000,0,0,0,11000,0,11000,11000
053477,大立光元大97購03,0,0,0,0,0,0,0,0,0,11000,0,0,0,228000,217000,11000,11000
053305,聯詠凱基96購02  ,0,0,0,0,0,0,0,0,0,11000,0,0,0,11000,0,11000,11000
053810,台達電群益96購01,0,0,0,0,0,0,0,0,0,11000,0,0,0,41000,30000,11000,11000
053731,矽創凱基96購03  ,0,0,0,0,0,0,0,0,0,11000,0,0,0,11000,0,11000,11000
053692,聯詠元大96購04  ,0,0,0,0,0,0,0,0,0,11000,0,0,0,21000,10000,11000,11000
054080,微星中信98購01  ,0,0,0,0,0,0,0,0,0,11000,0,0,0,82000,71000,11000,11000
052396,台積電凱基97購01,0,0,0,0,0,0,0,0,0,11000,0,0,0,11000,0,11000,11000
052891,台泥群益96購01  ,0,0,0,0,0,0,0,0,0,11000,0,0,0,11000,0,11000,11000
052058,臺股指凱基95購16,0,0,0,0,0,0,0,0,0,11000,0,0,0,193000,182000,11000,11000
052003,泰碩國泰97購02  ,0,0,0,0,0,0,0,0,0,11000,0,0,0,20000,9000,11000,11000
051866,聯發科凱基96購05,0,0,0,0,0,0,0,0,0,11000,0,0,0,16000,5000,11000,11000
051594,和碩元大96購01  ,0,0,0,0,0,0,0,0,0,11000,0,0,0,24000,13000,11000,11000
2373,震旦行          ,9000,5000,4000,0,0,0,0,0,0,7000,7000,0,7000,0,0,0,11000
3013,晟銘電          ,21000,10000,11000,0,0,0,0,0,0,0,0,0,0,0,0,0,11000
4438,廣越            ,21000,9000,12000,0,0,0,0,0,0,-1000,0,0,0,0,1000,-1000,11000
6189,豐藝            ,24000,13000,11000,0,0,0,0,0,0,0,0,0,0,0,0,0,11000
056924,亞光兆豐98購01  ,0,0,0,0,0,0,0,0,0,11000,0,0,0,70000,59000,11000,11000
05726P,易華電永豐96售02,0,0,0,0,0,0,0,0,0,11000,0,0,0,11000,0,11000,11000
06023P,超眾國票96售03  ,0,0,0,0,0,0,0,0,0,11000,0,0,0,17000,6000,11000,11000
2705,六福            ,14000,3900,10100,0,0,0,0,0,0,0,0,0,0,0,0,0,10100
05534P,元油反元大96售06,0,0,0,0,0,0,0,0,0,10000,0,0,0,10000,0,10000,10000
055329,百和國票98購01  ,0,0,0,0,0,0,0,0,0,10000,0,0,0,10000,0,10000,10000
055210,S&P正2凱基97購01,0,0,0,0,0,0,0,0,0,10000,0,0,0,10000,0,10000,10000
055215,智邦凱基98購02  ,0,0,0,0,0,0,0,0,0,10000,0,0,0,30000,20000,10000,10000
055216,友達凱基98購05  ,0,0,0,0,0,0,0,0,0,10000,0,0,0,10000,0,10000,10000
054940,台積電元大97購16,0,0,0,0,0,0,0,0,0,10000,0,0,0,59000,49000,10000,10000
054856,得力群益99購01  ,0,0,0,0,0,0,0,0,0,10000,0,0,0,10000,0,10000,10000
054823,祥碩元大97購02  ,0,0,0,0,0,0,0,0,0,10000,0,0,0,10000,0,10000,10000
055107,旺宏凱基98購04  ,0,0,0,0,0,0,0,0,0,10000,0,0,0,20000,10000,10000,10000
054362,亞光凱基96購03  ,0,0,0,0,0,0,0,0,0,10000,0,0,0,50000,40000,10000,10000
054422,T50反1富邦9A購01,0,0,0,0,0,0,0,0,0,10000,0,0,0,10000,0,10000,10000
054410,國巨元大96購14  ,0,0,0,0,0,0,0,0,0,10000,0,0,0,196000,186000,10000,10000
054486,漢唐台新96購01  ,0,0,0,0,0,0,0,0,0,10000,0,0,0,55000,45000,10000,10000
054270,寶滬深中信98購01,0,0,0,0,0,0,0,0,0,10000,0,0,0,10000,0,10000,10000
054716,緯穎康和97購01  ,0,0,0,0,0,0,0,0,0,10000,0,0,0,10000,0,10000,10000
05476P,聯發科群益95售06,0,0,0,0,0,0,0,0,0,10000,0,0,0,10000,0,10000,10000
054543,元金2X中信01購01,0,0,0,0,0,0,0,0,0,10000,0,0,0,10000,0,10000,10000
054533,泰碩國泰98購01  ,0,0,0,0,0,0,0,0,0,10000,0,0,0,20000,10000,10000,10000
054549,台積電凱基98購01,0,0,0,0,0,0,0,0,0,10000,0,0,0,10000,0,10000,10000
054570,易華電群益98購01,0,0,0,0,0,0,0,0,0,10000,0,0,0,10000,0,10000,10000
054651,台化麥證97購01  ,0,0,0,10000,0,10000,0,0,0,10000,0,0,0,10000,0,10000,10000
055910,瑞昱凱基98購01  ,0,0,0,0,0,0,0,0,0,10000,0,0,0,35000,25000,10000,10000
05589P,大立光中信9A售01,0,0,0,0,0,0,0,0,0,10000,0,0,0,20000,10000,10000,10000
056021,興富發群益97購01,0,0,0,0,0,0,0,0,0,10000,0,0,0,10000,0,10000,10000
055989,矽力元富9A購01  ,0,0,0,0,0,0,0,0,0,10000,0,0,0,33000,23000,10000,10000
055783,群創凱基99購03  ,0,0,0,0,0,0,0,0,0,10000,0,0,0,10000,0,10000,10000
055795,茂林國泰98購01  ,0,0,0,0,0,0,0,0,0,10000,0,0,0,10000,0,10000,10000
055823,臺股指國票97購10,0,0,0,0,0,0,0,0,0,10000,0,0,0,11000,1000,10000,10000
055594,華新科元大98購02,0,0,0,0,0,0,0,0,0,10000,0,0,0,65000,55000,10000,10000
055687,瀚宇博凱基97購01,0,0,0,0,0,0,0,0,0,10000,0,0,0,20000,10000,10000,10000
055548,旺宏凱基97購02  ,0,0,0,0,0,0,0,0,0,10000,0,0,0,13000,3000,10000,10000
055472,大立光凱基97購07,0,0,0,0,0,0,0,0,0,10000,0,0,0,69000,59000,10000,10000
05641P,貿聯元富96售02  ,0,0,0,0,0,0,0,0,0,10000,0,0,0,10000,0,10000,10000
056436,台積電凱基98購10,0,0,0,0,0,0,0,0,0,10000,0,0,0,10000,0,10000,10000
056581,超眾元大99購01  ,0,0,0,0,0,0,0,0,0,10000,0,0,0,122000,112000,10000,10000
05611P,康控群益96售02  ,0,0,0,0,0,0,0,0,0,10000,0,0,0,10000,0,10000,10000
05616P,台光電永豐96售01,0,0,0,0,0,0,0,0,0,10000,0,0,0,10000,0,10000,10000
05626P,景碩國票97售03  ,0,0,0,0,0,0,0,0,0,10000,0,0,0,30000,20000,10000,10000
047460,富邦金群益95購01,0,0,0,0,0,0,0,0,0,10000,0,0,0,10000,0,10000,10000
047617,瑞昱凱基93購07  ,0,0,0,0,0,0,0,0,0,10000,0,0,0,10000,0,10000,10000
047644,揚明光元大94購02,0,0,0,0,0,0,0,0,0,10000,0,0,0,10000,0,10000,10000
047925,可成凱基94購01  ,0,0,0,0,0,0,0,0,0,10000,0,0,0,10000,0,10000,10000
04578P,微星富邦96售01  ,0,0,0,0,0,0,0,0,0,10000,0,0,0,10000,0,10000,10000
045791,台表科元大93購04,0,0,0,0,0,0,0,0,0,10000,0,0,0,10000,0,10000,10000
047701,鴻海凱基94購12  ,0,0,0,0,0,0,0,0,0,10000,0,0,0,10000,0,10000,10000
047317,聯詠元大93購06  ,0,0,0,0,0,0,0,0,0,10000,0,0,0,10000,0,10000,10000
047318,聯詠元大93購07  ,0,0,0,0,0,0,0,0,0,10000,0,0,0,21000,11000,10000,10000
046303,台積電元大92購25,0,0,0,0,0,0,0,0,0,10000,0,0,0,30000,20000,10000,10000
047005,南亞科統一93購03,0,0,0,0,0,0,0,0,0,10000,0,0,0,10000,0,10000,10000
047382,鴻海元大93購15  ,0,0,0,0,0,0,0,0,0,10000,0,0,0,20000,10000,10000,10000
047428,臻鼎亞東93購01  ,0,0,0,0,0,0,0,0,0,10000,0,0,0,10000,0,10000,10000
046495,鴻海元大92購15  ,0,0,0,0,0,0,0,0,0,10000,0,0,0,20000,10000,10000,10000
046509,中壽元大92購01  ,0,0,0,0,0,0,0,0,0,10000,0,0,0,30000,20000,10000,10000
04652P,臺股指凱基94售11,0,0,0,0,0,0,0,0,0,10000,0,0,0,30000,20000,10000,10000
046621,智伸科凱基93購02,0,0,0,0,0,0,0,0,0,10000,0,0,0,10000,0,10000,10000
046623,臻鼎凱基93購02  ,0,0,0,0,0,0,0,0,0,10000,0,0,0,20000,10000,10000,10000
046712,勤誠永豐93購01  ,0,0,0,0,0,0,0,0,0,10000,0,0,0,40000,30000,10000,10000
049528,台積電中信94購01,0,0,0,0,0,0,0,0,0,10000,0,0,0,30000,20000,10000,10000
049571,華固統一94購02  ,0,0,0,0,0,0,0,0,0,10000,0,0,0,10000,0,10000,10000
046445,台化麥證92購01  ,0,0,0,10000,0,10000,0,0,0,10000,0,0,0,10000,0,10000,10000
049378,聯詠元大94購02  ,0,0,0,0,0,0,0,0,0,10000,0,0,0,10000,0,10000,10000
049622,聯詠群益94購02  ,0,0,0,0,0,0,0,0,0,10000,0,0,0,30000,20000,10000,10000
049631,臺股指群益94購04,0,0,0,0,0,0,0,0,0,10000,0,0,0,10000,0,10000,10000
049708,滬深2X凱基94購02,0,0,0,0,0,0,0,0,0,10000,0,0,0,10000,0,10000,10000
049714,國巨凱基94購02  ,0,0,0,0,0,0,0,0,0,10000,0,0,0,132000,122000,10000,10000
049696,欣興元大95購02  ,0,0,0,0,0,0,0,0,0,10000,0,0,0,10000,0,10000,10000
047135,可成凱基93購05  ,0,0,0,0,0,0,0,0,0,10000,0,0,0,20000,10000,10000,10000
048014,貿聯國票93購03  ,0,0,0,0,0,0,0,0,0,10000,0,0,0,10000,0,10000,10000
048018,南亞科麥證93購01,0,0,0,30000,20000,10000,0,0,0,10000,0,0,0,30000,20000,10000,10000
045887,台光電元大92購07,0,0,0,0,0,0,0,0,0,10000,0,0,0,10000,0,10000,10000
04596P,臺股指元大94售14,0,0,0,0,0,0,0,0,0,10000,0,0,0,20000,10000,10000,10000
045947,欣興兆豐93購04  ,0,0,0,0,0,0,0,0,0,10000,0,0,0,10000,0,10000,10000
046021,台泥元大92購01  ,0,0,0,0,0,0,0,0,0,10000,0,0,0,10000,0,10000,10000
046356,智伸科群益93購01,0,0,0,0,0,0,0,0,0,10000,0,0,0,30000,20000,10000,10000
046318,聯詠元大92購04  ,0,0,0,0,0,0,0,0,0,10000,0,0,0,20000,10000,10000,10000
047290,台積電元富93購04,0,0,0,0,0,0,0,0,0,10000,0,0,0,10000,0,10000,10000
047235,嘉澤凱基93購01  ,0,0,0,0,0,0,0,0,0,10000,0,0,0,10000,0,10000,10000
047216,欣興第一93購01  ,0,0,0,0,0,0,0,0,0,10000,0,0,0,10000,0,10000,10000
047207,晶技國泰94購01  ,0,0,0,0,0,0,0,0,0,10000,0,0,0,10000,0,10000,10000
046124,健策元大92購04  ,0,0,0,0,0,0,0,0,0,10000,0,0,0,16000,6000,10000,10000
046159,群創群益98購04  ,0,0,0,0,0,0,0,0,0,10000,0,0,0,10000,0,10000,10000
046091,健鼎兆豐92購01  ,0,0,0,0,0,0,0,0,0,10000,0,0,0,10000,0,10000,10000
044922,玉晶光永豐93購01,0,0,0,0,0,0,0,0,0,10000,0,0,0,10000,0,10000,10000
044697,美律元大93購02  ,0,0,0,0,0,0,0,0,0,10000,0,0,0,10000,0,10000,10000
04464P,可成元富94售04  ,0,0,0,0,0,0,0,0,0,10000,0,0,0,10000,0,10000,10000
044264,大立光富邦93購03,0,0,0,0,0,0,0,0,0,10000,0,0,0,10000,0,10000,10000
045717,微星凱基92購03  ,0,0,0,0,0,0,0,0,0,10000,0,0,0,10000,0,10000,10000
04353P,全新永豐94售01  ,0,0,0,0,0,0,0,0,0,10000,0,0,0,10000,0,10000,10000
046948,聯詠元大93購03  ,0,0,0,0,0,0,0,0,0,10000,0,0,0,20000,10000,10000,10000
047747,致茂元富93購01  ,0,0,0,0,0,0,0,0,0,10000,0,0,0,10000,0,10000,10000
047755,麗豐元富93購01  ,0,0,0,0,0,0,0,0,0,10000,0,0,0,20000,10000,10000,10000
046962,群創中信95購03  ,0,0,0,0,0,0,0,0,0,10000,0,0,0,10000,0,10000,10000
046981,智伸科兆豐94購01,0,0,0,0,0,0,0,0,0,10000,0,0,0,10000,0,10000,10000
046969,聯發科群益93購05,0,0,0,0,0,0,0,0,0,10000,0,0,0,10000,0,10000,10000
046453,台積電凱基92購21,0,0,0,0,0,0,0,0,0,10000,0,0,0,10000,0,10000,10000
044302,智邦兆豐93購02  ,0,0,0,0,0,0,0,0,0,10000,0,0,0,10000,0,10000,10000
045114,玉晶光永豐93購02,0,0,0,0,0,0,0,0,0,10000,0,0,0,10000,0,10000,10000
045038,臻鼎群益93購01  ,0,0,0,0,0,0,0,0,0,10000,0,0,0,10000,0,10000,10000
046878,康友國泰94購01  ,0,0,0,0,0,0,0,0,0,10000,0,0,0,10000,0,10000,10000
047716,晶技凱基93購03  ,0,0,0,0,0,0,0,0,0,10000,0,0,0,10000,0,10000,10000
045290,華通元大93購01  ,0,0,0,0,0,0,0,0,0,10000,0,0,0,20000,10000,10000,10000
045292,鴻海元大93購03  ,0,0,0,0,0,0,0,0,0,10000,0,0,0,10000,0,10000,10000
045547,滬深2X國票95購01,0,0,0,0,0,0,0,0,0,10000,0,0,0,30000,20000,10000,10000
042414,漢唐元大92購01  ,0,0,0,0,0,0,0,0,0,10000,0,0,0,10000,0,10000,10000
042997,新光鋼元大94購01,0,0,0,0,0,0,0,0,0,10000,0,0,0,310000,300000,10000,10000
03823P,嘉澤元富93售01  ,0,0,0,0,0,0,0,0,0,10000,0,0,0,10000,0,10000,10000
03501P,奇鋐國票03售02  ,0,0,0,0,0,0,0,0,0,10000,0,0,0,10000,0,10000,10000
045162,玉晶光國泰94購04,0,0,0,0,0,0,0,0,0,10000,0,0,0,10000,0,10000,10000
045207,智易國泰93購02  ,0,0,0,0,0,0,0,0,0,10000,0,0,0,10000,0,10000,10000
045184,京元電統一93購01,0,0,0,0,0,0,0,0,0,10000,0,0,0,10000,0,10000,10000
03419P,玉晶光群益03售04,0,0,0,0,0,0,0,0,0,10000,0,0,0,10000,0,10000,10000
04165P,南亞科元富95售03,0,0,0,0,0,0,0,0,0,10000,0,0,0,10000,0,10000,10000
04162P,南亞科統一94售02,0,0,0,0,0,0,0,0,0,10000,0,0,0,10000,0,10000,10000
04178P,聯茂元大93售07  ,0,0,0,0,0,0,0,0,0,10000,0,0,0,10000,0,10000,10000
04194P,欣興永豐93售05  ,0,0,0,0,0,0,0,0,0,10000,0,0,0,20000,10000,10000,10000
03010X,元展10          ,0,0,0,0,0,0,0,0,0,10000,0,0,0,10000,0,10000,10000
048721,正文永豐94購01  ,0,0,0,0,0,0,0,0,0,10000,0,0,0,10000,0,10000,10000
049456,上海銀統一94購03,0,0,0,0,0,0,0,0,0,10000,0,0,0,10000,0,10000,10000
050544,聯發科凱基95購02,0,0,0,0,0,0,0,0,0,10000,0,0,0,15000,5000,10000,10000
050545,奇力新凱基95購01,0,0,0,0,0,0,0,0,0,10000,0,0,0,10000,0,10000,10000
049976,台積電凱基94購28,0,0,0,0,0,0,0,0,0,10000,0,0,0,10000,0,10000,10000
05014P,臺股指元大95售05,0,0,0,0,0,0,0,0,0,10000,0,0,0,10000,0,10000,10000
050150,國巨群益95購01  ,0,0,0,0,0,0,0,0,0,10000,0,0,0,10000,0,10000,10000
04999P,南電永豐95售01  ,0,0,0,0,0,0,0,0,0,10000,0,0,0,10000,0,10000,10000
050419,鴻海凱基95購02  ,0,0,0,0,0,0,0,0,0,10000,0,0,0,70000,60000,10000,10000
050381,鴻海兆豐94購01  ,0,0,0,0,0,0,0,0,0,10000,0,0,0,20000,10000,10000,10000
050370,台積電元大94購24,0,0,0,0,0,0,0,0,0,10000,0,0,0,39000,29000,10000,10000
050348,鴻海群益94購06  ,0,0,0,0,0,0,0,0,0,10000,0,0,0,10000,0,10000,10000
049009,南亞科麥證94購01,0,0,0,10000,0,10000,0,0,0,10000,0,0,0,10000,0,10000,10000
049337,台達電統一94購03,0,0,0,0,0,0,0,0,0,10000,0,0,0,40000,30000,10000,10000
049321,緯穎凱基94購02  ,0,0,0,0,0,0,0,0,0,10000,0,0,0,10000,0,10000,10000
049860,亞德客兆豐94購01,0,0,0,0,0,0,0,0,0,10000,0,0,0,10000,0,10000,10000
049334,上銀統一94購01  ,0,0,0,0,0,0,0,0,0,10000,0,0,0,10000,0,10000,10000
048598,瑞昱國票93購03  ,0,0,0,0,0,0,0,0,0,10000,0,0,0,10000,0,10000,10000
048083,台達電凱基93購04,0,0,0,0,0,0,0,0,0,10000,0,0,0,10000,0,10000,10000
048256,鴻海統一93購08  ,0,0,0,0,0,0,0,0,0,10000,0,0,0,31000,21000,10000,10000
048914,川湖台新94購01  ,0,0,0,0,0,0,0,0,0,10000,0,0,0,10000,0,10000,10000
050059,旺宏凱基94購03  ,0,0,0,0,0,0,0,0,0,10000,0,0,0,13000,3000,10000,10000
049815,緯穎元大94購06  ,0,0,0,0,0,0,0,0,0,10000,0,0,0,16000,6000,10000,10000
049816,緯穎元大94購07  ,0,0,0,0,0,0,0,0,0,10000,0,0,0,12000,2000,10000,10000
049846,台泥群益94購01  ,0,0,0,0,0,0,0,0,0,10000,0,0,0,10000,0,10000,10000
048316,可成凱基93購15  ,0,0,0,0,0,0,0,0,0,10000,0,0,0,10000,0,10000,10000
048437,義隆麥證93購01  ,0,0,0,10000,0,10000,0,0,0,10000,0,0,0,10000,0,10000,10000
049898,緯穎統一95購01  ,0,0,0,0,0,0,0,0,0,10000,0,0,0,10000,0,10000,10000
048803,大立光富邦96購01,0,0,0,0,0,0,0,0,0,10000,0,0,0,10000,0,10000,10000
051424,緯穎國票97購01  ,0,0,0,0,0,0,0,0,0,10000,0,0,0,10000,0,10000,10000
05135P,鴻海凱基96售07  ,0,0,0,0,0,0,0,0,0,10000,0,0,0,10000,0,10000,10000
051348,國巨元大95購07  ,0,0,0,0,0,0,0,0,0,10000,0,0,0,10000,0,10000,10000
051313,緯創麥證95購02  ,0,0,0,20000,10000,10000,0,0,0,10000,0,0,0,20000,10000,10000,10000
051245,南亞科元大95購01,0,0,0,0,0,0,0,0,0,10000,0,0,0,17000,7000,10000,10000
051176,聯發科凱基95購07,0,0,0,0,0,0,0,0,0,10000,0,0,0,10000,0,10000,10000
051163,鴻海元大95購04  ,0,0,0,0,0,0,0,0,0,10000,0,0,0,404000,394000,10000,10000
051090,光磊元大96購01  ,0,0,0,0,0,0,0,0,0,10000,0,0,0,10000,0,10000,10000
050982,台積電國泰96購04,0,0,0,0,0,0,0,0,0,10000,0,0,0,10000,0,10000,10000
050989,台表科富邦95購01,0,0,0,0,0,0,0,0,0,10000,0,0,0,10000,0,10000,10000
051015,南亞科凱基95購04,0,0,0,0,0,0,0,0,0,10000,0,0,0,10000,0,10000,10000
051024,南亞科統一95購01,0,0,0,0,0,0,0,0,0,10000,0,0,0,10000,0,10000,10000
049120,元油2X元富94購05,0,0,0,0,0,0,0,0,0,10000,0,0,0,70000,60000,10000,10000
050258,為升元大94購08  ,0,0,0,0,0,0,0,0,0,10000,0,0,0,166000,156000,10000,10000
050310,卜蜂兆豐94購01  ,0,0,0,0,0,0,0,0,0,10000,0,0,0,10000,0,10000,10000
050308,矽創中信97購01  ,0,0,0,0,0,0,0,0,0,10000,0,0,0,10000,0,10000,10000
05027P,南電群益95售01  ,0,0,0,0,0,0,0,0,0,10000,0,0,0,11000,1000,10000,10000
050287,台達電凱基94購10,0,0,0,0,0,0,0,0,0,10000,0,0,0,10000,0,10000,10000
048963,川湖元大94購01  ,0,0,0,0,0,0,0,0,0,10000,0,0,0,10000,0,10000,10000
048146,大立光統一93購11,0,0,0,0,0,0,0,0,0,10000,0,0,0,10000,0,10000,10000
049229,台化富邦94購01  ,0,0,0,0,0,0,0,0,0,10000,0,0,0,10000,0,10000,10000
049230,台達電富邦96購01,0,0,0,0,0,0,0,0,0,10000,0,0,0,30000,20000,10000,10000
050652,大立光凱基96購03,0,0,0,0,0,0,0,0,0,10000,0,0,0,10000,0,10000,10000
049266,和碩元大94購01  ,0,0,0,0,0,0,0,0,0,10000,0,0,0,10000,0,10000,10000
050610,鴻海元大94購24  ,0,0,0,0,0,0,0,0,0,10000,0,0,0,135000,125000,10000,10000
049294,南亞科群益94購01,0,0,0,0,0,0,0,0,0,10000,0,0,0,29000,19000,10000,10000
050805,光寶科日盛95購01,0,0,0,0,0,0,0,0,0,10000,0,0,0,10000,0,10000,10000
050716,可成群益96購01  ,0,0,0,0,0,0,0,0,0,10000,0,0,0,10000,0,10000,10000
051625,聯發科麥證95購01,0,0,0,20000,10000,10000,0,0,0,10000,0,0,0,20000,10000,10000,10000
051546,慧洋康和95購01  ,0,0,0,0,0,0,0,0,0,10000,0,0,0,10000,0,10000,10000
051583,可成元大95購07  ,0,0,0,0,0,0,0,0,0,10000,0,0,0,10000,0,10000,10000
05169P,玉晶光元大95售03,0,0,0,0,0,0,0,0,0,10000,0,0,0,10000,0,10000,10000
051836,華通國泰95購02  ,0,0,0,0,0,0,0,0,0,10000,0,0,0,10000,0,10000,10000
05179P,大立光凱基96售06,0,0,0,0,0,0,0,0,0,10000,0,0,0,10000,0,10000,10000
051744,嘉聯益國票97購01,0,0,0,0,0,0,0,0,0,10000,0,0,0,10000,0,10000,10000
052025,國巨群益96購01  ,0,0,0,0,0,0,0,0,0,10000,0,0,0,110000,100000,10000,10000
05202P,鴻海元大95售16  ,0,0,0,0,0,0,0,0,0,10000,0,0,0,10000,0,10000,10000
052027,智原群益95購01  ,0,0,0,0,0,0,0,0,0,10000,0,0,0,10000,0,10000,10000
052056,緯穎凱基95購04  ,0,0,0,0,0,0,0,0,0,10000,0,0,0,10000,0,10000,10000
052136,瑞儀凱基95購01  ,0,0,0,0,0,0,0,0,0,10000,0,0,0,10000,0,10000,10000
052226,旺宏凱基95購06  ,0,0,0,0,0,0,0,0,0,10000,0,0,0,14000,4000,10000,10000
052889,致伸麥證97購01  ,0,0,0,10000,0,10000,0,0,0,10000,0,0,0,10000,0,10000,10000
052857,大成鋼凱基96購01,0,0,0,0,0,0,0,0,0,10000,0,0,0,10000,0,10000,10000
052853,友達日盛99購01  ,0,0,0,0,0,0,0,0,0,10000,0,0,0,10000,0,10000,10000
052924,旺宏永豐96購01  ,0,0,0,0,0,0,0,0,0,10000,0,0,0,110000,100000,10000,10000
052619,茂林國泰99購01  ,0,0,0,0,0,0,0,0,0,10000,0,0,0,10000,0,10000,10000
052642,滬深2X永豐96購03,0,0,0,0,0,0,0,0,0,10000,0,0,0,10000,0,10000,10000
052713,智邦凱基96購01  ,0,0,0,0,0,0,0,0,0,10000,0,0,0,10000,0,10000,10000
052345,矽力凱基95購01  ,0,0,0,0,0,0,0,0,0,10000,0,0,0,25000,15000,10000,10000
052457,日月光元富95購01,0,0,0,0,0,0,0,0,0,10000,0,0,0,40000,30000,10000,10000
052407,樺漢凱基95購01  ,0,0,0,0,0,0,0,0,0,10000,0,0,0,10000,0,10000,10000
052415,台表科麥證95購02,0,0,0,10000,0,10000,0,0,0,10000,0,0,0,10000,0,10000,10000
052559,茂林國票97購01  ,0,0,0,0,0,0,0,0,0,10000,0,0,0,61000,51000,10000,10000
052575,茂林凱基96購04  ,0,0,0,0,0,0,0,0,0,10000,0,0,0,10000,0,10000,10000
052579,亞泥元富96購01  ,0,0,0,0,0,0,0,0,0,10000,0,0,0,10000,0,10000,10000
054123,易華電永豐96購03,0,0,0,0,0,0,0,0,0,10000,0,0,0,22000,12000,10000,10000
054161,友訊凱基98購01  ,0,0,0,0,0,0,0,0,0,10000,0,0,0,10000,0,10000,10000
054172,易華電凱基98購01,0,0,0,0,0,0,0,0,0,10000,0,0,0,10000,0,10000,10000
054016,嘉晶永豐96購04  ,0,0,0,0,0,0,0,0,0,10000,0,0,0,10000,0,10000,10000
053939,台表科元富96購03,0,0,0,0,0,0,0,0,0,10000,0,0,0,10000,0,10000,10000
053607,大立光第一96購01,0,0,0,0,0,0,0,0,0,10000,0,0,0,10000,0,10000,10000
053629,玉山金兆豐96購01,0,0,0,0,0,0,0,0,0,10000,0,0,0,30000,20000,10000,10000
053832,聯發科台新96購01,0,0,0,0,0,0,0,0,0,10000,0,0,0,10000,0,10000,10000
053343,宏達電國票97購02,0,0,0,0,0,0,0,0,0,10000,0,0,0,10000,0,10000,10000
053402,A50正2群益9A購02,0,0,0,0,0,0,0,0,0,10000,0,0,0,10000,0,10000,10000
05355P,臺股指元富95售09,0,0,0,0,0,0,0,0,0,10000,0,0,0,10000,0,10000,10000
053502,智伸科兆豐97購01,0,0,0,0,0,0,0,0,0,10000,0,0,0,10000,0,10000,10000
053204,旺宏麥證96購01  ,0,0,0,22000,11000,11000,0,0,0,10000,0,0,0,23000,13000,10000,10000
053193,超眾統一97購01  ,0,0,0,0,0,0,0,0,0,10000,0,0,0,10000,0,10000,10000
053195,玉晶光元富96購02,0,0,0,0,0,0,0,0,0,10000,0,0,0,13000,3000,10000,10000
053168,晶技群益98購01  ,0,0,0,0,0,0,0,0,0,10000,0,0,0,10000,0,10000,10000
052998,拓凱康和96購01  ,0,0,0,0,0,0,0,0,0,10000,0,0,0,10000,0,10000,10000
053037,國巨凱基96購08  ,0,0,0,0,0,0,0,0,0,10000,0,0,0,10000,0,10000,10000
3257,虹冠電          ,15000,5000,10000,0,0,0,0,0,0,0,0,0,0,0,0,0,10000
1614,三洋電          ,18000,6000,12000,0,0,0,0,0,0,-2000,0,2000,-2000,0,0,0,10000
05851P,力山群益97售01  ,0,0,0,0,0,0,0,0,0,10000,0,0,0,10000,0,10000,10000
05856P,A50正2中信99售01,0,0,0,0,0,0,0,0,0,10000,0,0,0,10000,0,10000,10000
05841P,華通元大96售04  ,0,0,0,0,0,0,0,0,0,10000,0,0,0,35000,25000,10000,10000
05902P,華通國票96售02  ,0,0,0,0,0,0,0,0,0,10000,0,0,0,10000,0,10000,10000
06096P,全新永豐97售02  ,0,0,0,0,0,0,0,0,0,10000,0,0,0,50000,40000,10000,10000
06112P,台積電兆豐97售01,0,0,0,0,0,0,0,0,0,10000,0,0,0,20000,10000,10000,10000
06033P,可成凱基96售09  ,0,0,0,0,0,0,0,0,0,10000,0,0,0,10000,0,10000,10000
06059P,泰碩元大97售02  ,0,0,0,0,0,0,0,0,0,10000,0,0,0,10000,0,10000,10000
06182P,群創兆豐97售03  ,0,0,0,0,0,0,0,0,0,10000,0,0,0,10000,0,10000,10000
1307,三芳            ,16000,6000,10000,0,0,0,0,0,0,0,0,0,0,0,0,0,10000
07480P,FBVIX凱基94售01 ,0,0,0,0,0,0,0,0,0,10000,0,0,0,10000,0,10000,10000
06458P,玉晶光統一9A售02,0,0,0,0,0,0,0,0,0,10000,0,0,0,10000,0,10000,10000
06505P,康控國票99售02  ,0,0,0,0,0,0,0,0,0,10000,0,0,0,10000,0,10000,10000
06406P,可成元富97售04  ,0,0,0,0,0,0,0,0,0,10000,0,0,0,10000,0,10000,10000
06395P,台積電元大97售29,0,0,0,0,0,0,0,0,0,10000,0,0,0,110000,100000,10000,10000
06398P,禾伸堂凱基97售02,0,0,0,0,0,0,0,0,0,10000,0,0,0,10000,0,10000,10000
05789P,臺股指永昌96售06,0,0,0,0,0,0,0,0,0,10000,510000,0,510000,0,500000,-500000,10000
057069,台積電永豐98購02,0,0,0,0,0,0,0,0,0,10000,0,0,0,10000,0,10000,10000
056914,臺股指元大99購09,0,0,0,0,0,0,0,0,0,10000,0,0,0,10000,0,10000,10000
056648,牧德凱基99購02  ,0,0,0,0,0,0,0,0,0,10000,0,0,0,64000,54000,10000,10000
056661,臺股指元大9A購08,0,0,0,0,0,0,0,0,0,10000,0,0,0,10000,0,10000,10000
056333,台積電日盛9B購01,0,0,0,0,0,0,0,0,0,9000,0,0,0,585000,576000,9000,9000
056177,嘉澤元富97購01  ,0,0,0,0,0,0,0,0,0,9000,0,0,0,31000,22000,9000,9000
056577,玉晶光元大99購06,0,0,0,0,0,0,0,0,0,9000,0,0,0,62000,53000,9000,9000
056453,禾伸堂凱基99購02,0,0,0,0,0,0,0,0,0,9000,0,0,0,44000,35000,9000,9000
055633,牧德永豐97購02  ,0,0,0,0,0,0,0,0,0,9000,0,0,0,115000,106000,9000,9000
054565,玉晶光群益99購02,0,0,0,0,0,0,0,0,0,9000,0,0,0,58000,49000,9000,9000
054555,欣興凱基98購01  ,0,0,0,0,0,0,0,0,0,9000,0,0,0,31000,22000,9000,9000
054813,鴻海元大97購09  ,0,0,0,0,0,0,0,0,0,9000,0,0,0,779000,770000,9000,9000
054664,台表科元大97購04,0,0,0,0,0,0,0,0,0,9000,0,0,0,11000,2000,9000,9000
054264,超眾元大97購02  ,0,0,0,0,0,0,0,0,0,9000,0,0,0,231000,222000,9000,9000
054459,鈺齊群益96購01  ,0,0,0,0,0,0,0,0,0,9000,0,0,0,111000,102000,9000,9000
055064,碩天永豐97購01  ,0,0,0,0,0,0,0,0,0,9000,0,0,0,10000,1000,9000,9000
054941,凱美元大97購01  ,0,0,0,0,0,0,0,0,0,9000,0,0,0,122000,113000,9000,9000
05526P,茂林群益96售03  ,0,0,0,0,0,0,0,0,0,9000,0,0,0,9000,0,9000,9000
055326,緯穎國票97購06  ,0,0,0,0,0,0,0,0,0,9000,0,0,0,9000,0,9000,9000
055346,國巨凱基98購02  ,0,0,0,0,0,0,0,0,0,9000,0,0,0,420000,411000,9000,9000
045228,泰鼎元大93購01  ,0,0,0,0,0,0,0,0,0,9000,0,0,0,20000,11000,9000,9000
045400,康友富邦93購01  ,0,0,0,0,0,0,0,0,0,9000,0,0,0,9000,0,9000,9000
046870,大立光統一95購01,0,0,0,0,0,0,0,0,0,9000,0,0,0,9000,0,9000,9000
046828,聯發科群益94購01,0,0,0,0,0,0,0,0,0,9000,0,0,0,10000,1000,9000,9000
044509,台光電凱基93購03,0,0,0,0,0,0,0,0,0,9000,0,0,0,16000,7000,9000,9000
044507,燿華凱基93購03  ,0,0,0,0,0,0,0,0,0,9000,0,0,0,9000,0,9000,9000
047798,臺股指群益93購09,0,0,0,0,0,0,0,0,0,9000,0,0,0,9000,0,9000,9000
047261,聯詠國票93購02  ,0,0,0,0,0,0,0,0,0,9000,0,0,0,15000,6000,9000,9000
046357,聯發科台新92購01,0,0,0,0,0,0,0,0,0,9000,0,0,0,9000,0,9000,9000
048033,大立光凱基93購28,0,0,0,0,0,0,0,0,0,9000,0,0,0,66000,57000,9000,9000
049700,瀚宇博元大97購01,0,0,0,0,0,0,0,0,0,9000,0,0,0,71000,62000,9000,9000
049599,樺漢元大95購01  ,0,0,0,0,0,0,0,0,0,9000,0,0,0,9000,0,9000,9000
049532,同欣電台新94購01,0,0,0,0,0,0,0,0,0,9000,0,0,0,219000,210000,9000,9000
046310,聯發科元大92購15,0,0,0,0,0,0,0,0,0,9000,0,0,0,10000,1000,9000,9000
047960,鈺齊永豐93購01  ,0,0,0,0,0,0,0,0,0,9000,0,0,0,10000,1000,9000,9000
04751P,智邦兆豐95售02  ,0,0,0,0,0,0,0,0,0,9000,0,0,0,355000,346000,9000,9000
051243,微星元大95購01  ,0,0,0,0,0,0,0,0,0,9000,0,0,0,300000,291000,9000,9000
048788,華新科元大95購02,0,0,0,0,0,0,0,0,0,9000,0,0,0,74000,65000,9000,9000
048856,高鐵群益94購01  ,0,0,0,0,0,0,0,0,0,9000,0,0,0,19000,10000,9000,9000
050404,元大金麥證94購01,0,0,0,10000,1000,9000,0,0,0,9000,0,0,0,10000,1000,9000,9000
050395,大立光元富94購10,0,0,0,0,0,0,0,0,0,9000,0,0,0,80000,71000,9000,9000
050161,鴻海國泰96購03  ,0,0,0,0,0,0,0,0,0,9000,0,0,0,9000,0,9000,9000
04867P,美律統一94售03  ,0,0,0,0,0,0,0,0,0,9000,0,0,0,24000,15000,9000,9000
048709,瑞昱亞東94購01  ,0,0,0,0,0,0,0,0,0,9000,0,0,0,9000,0,9000,9000
053529,國巨麥證96購01  ,0,0,0,30000,37000,-7000,0,0,0,9000,0,0,0,51000,42000,9000,9000
053547,台積電凱基96購14,0,0,0,0,0,0,0,0,0,9000,0,0,0,39000,30000,9000,9000
053806,鎧勝凱基96購02  ,0,0,0,0,0,0,0,0,0,9000,0,0,0,9000,0,9000,9000
052383,臺股指元大95購29,0,0,0,0,0,0,0,0,0,9000,0,0,0,9000,0,9000,9000
052252,大立光永豐95購03,0,0,0,0,0,0,0,0,0,9000,0,0,0,15000,6000,9000,9000
052792,大立光兆豐96購01,0,0,0,0,0,0,0,0,0,9000,0,0,0,14000,5000,9000,9000
05218P,大立光永昌96售04,0,0,0,0,0,0,0,0,0,9000,0,0,0,167000,158000,9000,9000
052119,漢唐國票96購01  ,0,0,0,0,0,0,0,0,0,9000,0,0,0,91000,82000,9000,9000
052073,矽力統一95購03  ,0,0,0,0,0,0,0,0,0,9000,0,0,0,10000,1000,9000,9000
051735,台積電國票96購06,0,0,0,0,0,0,0,0,0,9000,0,0,0,9000,0,9000,9000
056994,緯穎兆豐98購02  ,0,0,0,0,0,0,0,0,0,9000,0,0,0,15000,6000,9000,9000
05778P,台積電統一96售05,0,0,0,0,0,0,0,0,0,9000,0,0,0,9000,0,9000,9000
05750P,臺股指群益99售04,0,0,0,0,0,0,0,0,0,9000,0,0,0,37000,28000,9000,9000
06370P,貿聯凱基97售03  ,0,0,0,0,0,0,0,0,0,9000,0,0,0,19000,10000,9000,9000
06529P,貿聯富邦99售03  ,0,0,0,0,0,0,0,0,0,9000,0,0,0,20000,11000,9000,9000
06137P,玉晶光永豐97售04,0,0,0,0,0,0,0,0,0,9000,0,0,0,20000,11000,9000,9000
06082P,華通統一98售01  ,0,0,0,0,0,0,0,0,0,9000,0,0,0,36000,27000,9000,9000
05887P,友達元富99售03  ,0,0,0,0,0,0,0,0,0,9000,0,0,0,30000,21000,9000,9000
05842P,台積電元大96售15,0,0,0,0,0,0,0,0,0,9000,0,0,0,259000,250000,9000,9000
3010,華立            ,58000,56000,2000,0,0,0,0,0,0,7000,7000,0,7000,0,0,0,9000
3021,鴻名            ,9000,0,9000,0,0,0,0,0,0,0,0,0,0,0,0,0,9000
2889,國票金          ,206000,312000,-106000,0,0,0,0,0,0,115000,115000,0,115000,0,0,0,9000
2461,光群雷          ,48000,40000,8000,0,0,0,0,0,0,1000,1000,0,1000,0,0,0,9000
4572,駐龍            ,12000,3000,9000,0,0,0,0,0,0,0,0,0,0,0,0,0,9000
9943,好樂迪          ,15000,6000,9000,0,0,0,0,0,0,0,0,0,0,0,0,0,9000
055382,台郡元大99購01  ,0,0,0,0,0,0,0,0,0,8000,0,0,0,13000,5000,8000,8000
054978,堤維西元富97購01,0,0,0,0,0,0,0,0,0,8000,0,0,0,18000,10000,8000,8000
054212,聯詠國票97購03  ,0,0,0,0,0,0,0,0,0,8000,0,0,0,46000,38000,8000,8000
054669,凌華元富97購01  ,0,0,0,0,0,0,0,0,0,8000,0,0,0,33000,25000,8000,8000
054649,聯茂群益97購01  ,0,0,0,0,0,0,0,0,0,8000,0,0,0,111000,103000,8000,8000
055628,旺宏永豐97購01  ,0,0,0,0,0,0,0,0,0,8000,0,0,0,31000,23000,8000,8000
055714,智邦元大97購03  ,0,0,0,0,0,0,0,0,0,8000,0,0,0,91000,83000,8000,8000
055489,瑞昱元大97購02  ,0,0,0,0,0,0,0,0,0,8000,0,0,0,154000,146000,8000,8000
055780,禾伸堂凱基99購01,0,0,0,0,0,0,0,0,0,8000,0,0,0,8000,0,8000,8000
056205,貿聯永豐97購01  ,0,0,0,0,0,0,0,0,0,8000,0,0,0,24000,16000,8000,8000
047640,聯發科元大93購17,0,0,0,0,0,0,0,0,0,8000,0,0,0,10000,2000,8000,8000
047975,緯創兆豐93購01  ,0,0,0,0,0,0,0,0,0,8000,0,0,0,20000,12000,8000,8000
04733P,康控兆豐95售01  ,0,0,0,0,0,0,0,0,0,8000,0,0,0,8000,0,8000,8000
046631,創意元富93購01  ,0,0,0,0,0,0,0,0,0,8000,0,0,0,8000,0,8000,8000
049529,華新科中信95購01,0,0,0,0,0,0,0,0,0,8000,0,0,0,254000,246000,8000,8000
049396,元油2X群益97購03,0,0,0,0,0,0,0,0,0,8000,0,0,0,10000,2000,8000,8000
049679,臺股指國票94購12,0,0,0,0,0,0,0,0,0,8000,0,0,0,8000,0,8000,8000
045910,華通國票92購01  ,0,0,0,0,0,0,0,0,0,8000,0,0,0,8000,0,8000,8000
046426,臻鼎元大92購13  ,0,0,0,0,0,0,0,0,0,8000,0,0,0,13000,5000,8000,8000
046944,奇力新元大96購01,0,0,0,0,0,0,0,0,0,8000,0,0,0,81000,73000,8000,8000
042752,台灣50元大96購03,0,0,0,0,0,0,0,0,0,8000,0,0,0,20000,12000,8000,8000
050337,南電國泰95購01  ,0,0,0,0,0,0,0,0,0,8000,0,0,0,121000,113000,8000,8000
048618,超眾凱基93購08  ,0,0,0,0,0,0,0,0,0,8000,0,0,0,8000,0,8000,8000
048063,聯發科統一93購03,0,0,0,0,0,0,0,0,0,8000,0,0,0,20000,12000,8000,8000
04859P,台達電群益94售04,0,0,0,0,0,0,0,0,0,8000,0,0,0,8000,0,8000,8000
050205,牧德群益94購02  ,0,0,0,0,0,0,0,0,0,8000,0,0,0,36000,28000,8000,8000
051254,健策元大96購04  ,0,0,0,0,0,0,0,0,0,8000,0,0,0,66000,58000,8000,8000
051175,國巨凱基95購04  ,0,0,0,0,0,0,0,0,0,8000,0,0,0,60000,52000,8000,8000
050952,健策群益96購01  ,0,0,0,0,0,0,0,0,0,8000,0,0,0,17000,9000,8000,8000
050926,禾伸堂凱基95購01,0,0,0,0,0,0,0,0,0,8000,0,0,0,27000,19000,8000,8000
051324,康友國票96購01  ,0,0,0,0,0,0,0,0,0,8000,0,0,0,50000,42000,8000,8000
051519,國泰金凱基95購02,0,0,0,0,0,0,0,0,0,8000,0,0,0,18000,10000,8000,8000
050724,國巨國票96購01  ,0,0,0,0,0,0,0,0,0,8000,0,0,0,8000,0,8000,8000
050788,台郡國泰96購01  ,0,0,0,0,0,0,0,0,0,8000,0,0,0,26000,18000,8000,8000
050039,鴻海中信94購03  ,0,0,0,0,0,0,0,0,0,8000,0,0,0,60000,52000,8000,8000
051798,國巨永豐95購03  ,0,0,0,0,0,0,0,0,0,8000,0,0,0,8000,0,8000,8000
05159P,聯發科永豐95售04,0,0,0,0,0,0,0,0,0,8000,0,0,0,8000,0,8000,8000
052235,聯發科國票96購02,0,0,0,0,0,0,0,0,0,8000,0,0,0,18000,10000,8000,8000
052823,創意永豐96購02  ,0,0,0,0,0,0,0,0,0,8000,0,0,0,279000,271000,8000,8000
05286P,矽力統一95售02  ,0,0,0,0,0,0,0,0,0,8000,0,0,0,48000,40000,8000,8000
05288P,寶成元富95售02  ,0,0,0,0,0,0,0,0,0,8000,0,0,0,28000,20000,8000,8000
053983,樺漢元大97購02  ,0,0,0,0,0,0,0,0,0,8000,0,0,0,134000,126000,8000,8000
054066,緯穎國票97購03  ,0,0,0,0,0,0,0,0,0,8000,0,0,0,8000,0,8000,8000
053413,台積電國票99購01,0,0,0,0,0,0,0,0,0,8000,0,0,0,36000,28000,8000,8000
053084,國巨元大98購01  ,0,0,0,0,0,0,0,0,0,8000,0,0,0,90000,82000,8000,8000
052952,矽創國票97購02  ,0,0,0,0,0,0,0,0,0,8000,0,0,0,72000,64000,8000,8000
053174,同欣電群益98購02,0,0,0,0,0,0,0,0,0,8000,0,0,0,45000,37000,8000,8000
8110,華東            ,103000,95000,8000,0,0,0,0,0,0,0,14000,14000,0,0,0,0,8000
2417,圓剛            ,22000,14000,8000,0,0,0,0,0,0,0,0,0,0,0,0,0,8000
2433,互盛電          ,7000,3000,4000,0,0,0,0,0,0,4000,4000,0,4000,0,0,0,8000
2030,彰源            ,27000,20000,7000,0,0,0,0,0,0,1000,1000,0,1000,0,0,0,8000
06453P,群創元大9B售02  ,0,0,0,0,0,0,0,0,0,8000,0,0,0,64000,56000,8000,8000
1234,黑松            ,10000,2000,8000,0,0,0,0,0,0,0,0,0,0,0,0,0,8000
06296P,燿華元大98售01  ,0,0,0,0,0,0,0,0,0,8000,0,0,0,8000,0,8000,8000
056765,友達元大9B購05  ,0,0,0,0,0,0,0,0,0,8000,0,0,0,64000,56000,8000,8000
056906,玉晶光元大9B購01,0,0,0,0,0,0,0,0,0,8000,0,0,0,74000,66000,8000,8000
056880,緯穎國票98購02  ,0,0,0,0,0,0,0,0,0,8000,0,0,0,8000,0,8000,8000
056808,台積電統一98購06,0,0,0,0,0,0,0,0,0,8000,0,0,0,225000,217000,8000,8000
3557,嘉威            ,25000,17749,7251,0,0,0,0,0,0,0,0,0,0,0,0,0,7251
056224,聯發科凱基97購08,0,0,0,0,0,0,0,0,0,7000,0,0,0,11000,4000,7000,7000
05596P,可成統一96售01  ,0,0,0,0,0,0,0,0,0,7000,0,0,0,107000,100000,7000,7000
055440,矽力國票98購01  ,0,0,0,0,0,0,0,0,0,7000,0,0,0,48000,41000,7000,7000
055684,京鼎凱基97購01  ,0,0,0,0,0,0,0,0,0,7000,0,0,0,145000,138000,7000,7000
054656,深中小元大97購01,0,0,0,0,0,0,0,0,0,7000,0,0,0,7000,0,7000,7000
054620,南茂永豐97購01  ,0,0,0,0,0,0,0,0,0,7000,0,0,0,17000,10000,7000,7000
054924,景碩凱基98購01  ,0,0,0,0,0,0,0,0,0,7000,0,0,0,35000,28000,7000,7000
055327,致新國票98購01  ,0,0,0,0,0,0,0,0,0,7000,0,0,0,74000,67000,7000,7000
04243P,大立光永昌93售08,0,0,0,0,0,0,0,0,0,7000,0,0,0,7000,0,7000,7000
045385,華新科元大93購04,0,0,0,0,0,0,0,0,0,7000,0,0,0,7000,0,7000,7000
00700,富邦恒生國企    ,0,0,0,0,0,0,0,0,0,7000,0,0,0,107000,100000,7000,7000
047773,超眾元大96購01  ,0,0,0,0,0,0,0,0,0,7000,0,0,0,42000,35000,7000,7000
046978,復盛永豐93購01  ,0,0,0,0,0,0,0,0,0,7000,0,0,0,7000,0,7000,7000
045087,玉晶光元大95購01,0,0,0,0,0,0,0,0,0,7000,0,0,0,7000,0,7000,7000
045074,華新科元大93購03,0,0,0,0,0,0,0,0,0,7000,0,0,0,7000,0,7000,7000
045658,儒鴻國泰93購01  ,0,0,0,0,0,0,0,0,0,7000,0,0,0,10000,3000,7000,7000
044698,奇力新元大93購01,0,0,0,0,0,0,0,0,0,7000,0,0,0,7000,0,7000,7000
044861,玉晶光兆豐93購01,0,0,0,0,0,0,0,0,0,7000,0,0,0,19000,12000,7000,7000
047279,日月光永豐93購01,0,0,0,0,0,0,0,0,0,7000,0,0,0,7000,0,7000,7000
046024,鴻海元大92購11  ,0,0,0,0,0,0,0,0,0,7000,0,0,0,20000,13000,7000,7000
049694,華新科元大95購06,0,0,0,0,0,0,0,0,0,7000,0,0,0,7000,0,7000,7000
046620,智伸科凱基93購01,0,0,0,0,0,0,0,0,0,7000,0,0,0,10000,3000,7000,7000
046579,台積電元大92購32,0,0,0,0,0,0,0,0,0,7000,0,0,0,21000,14000,7000,7000
046654,鴻海元大93購06  ,0,0,0,0,0,0,0,0,0,7000,0,0,0,20000,13000,7000,7000
047018,鴻海元大93購09  ,0,0,0,0,0,0,0,0,0,7000,0,0,0,20000,13000,7000,7000
047308,鴻海元大93購12  ,0,0,0,0,0,0,0,0,0,7000,0,0,0,20000,13000,7000,7000
047638,瑞昱元大93購11  ,0,0,0,0,0,0,0,0,0,7000,0,0,0,10000,3000,7000,7000
047520,鴻海元大93購17  ,0,0,0,0,0,0,0,0,0,7000,0,0,0,20000,13000,7000,7000
04922P,日月光凱基94售02,0,0,0,0,0,0,0,0,0,7000,0,0,0,7000,0,7000,7000
04929P,同欣電凱基95售01,0,0,0,0,0,0,0,0,0,7000,0,0,0,10000,3000,7000,7000
051428,玉晶光統一96購01,0,0,0,0,0,0,0,0,0,7000,0,0,0,31000,24000,7000,7000
051319,光磊國票96購02  ,0,0,0,0,0,0,0,0,0,7000,0,0,0,7000,0,7000,7000
051223,台化群益95購01  ,0,0,0,0,0,0,0,0,0,7000,0,0,0,10000,3000,7000,7000
050180,華新科元大95購08,0,0,0,0,0,0,0,0,0,7000,0,0,0,7000,0,7000,7000
048835,牧德凱基94購02  ,0,0,0,0,0,0,0,0,0,7000,0,0,0,7000,0,7000,7000
048551,鴻海元大94購02  ,0,0,0,0,0,0,0,0,0,7000,0,0,0,10000,3000,7000,7000
048639,漢唐元大93購07  ,0,0,0,0,0,0,0,0,0,7000,0,0,0,7000,0,7000,7000
049056,玉晶光永豐95購03,0,0,0,0,0,0,0,0,0,7000,0,0,0,172000,165000,7000,7000
049036,燿華兆豐95購01  ,0,0,0,0,0,0,0,0,0,7000,0,0,0,7000,0,7000,7000
050344,鴻海元富96購01  ,0,0,0,0,0,0,0,0,0,7000,0,0,0,102000,95000,7000,7000
049480,同欣電永豐94購01,0,0,0,0,0,0,0,0,0,7000,0,0,0,9000,2000,7000,7000
049978,瑞昱凱基94購04  ,0,0,0,0,0,0,0,0,0,7000,0,0,0,73000,66000,7000,7000
053138,華邦電富邦96購01,0,0,0,0,0,0,0,0,0,7000,0,0,0,220000,213000,7000,7000
052983,國巨元大96購07  ,0,0,0,0,0,0,0,0,0,7000,0,0,0,88000,81000,7000,7000
052986,聯發科元大97購05,0,0,0,0,0,0,0,0,0,7000,0,0,0,570000,563000,7000,7000
053891,欣興群益98購01  ,0,0,0,0,0,0,0,0,0,7000,0,0,0,7000,0,7000,7000
053738,群創麥證96購01  ,0,0,0,17000,10000,7000,0,0,0,7000,0,0,0,17000,10000,7000,7000
053707,A50正2凱基99購02,0,0,0,0,0,0,0,0,0,7000,0,0,0,7000,0,7000,7000
052784,緯穎國票97購02  ,0,0,0,0,0,0,0,0,0,7000,0,0,0,36000,29000,7000,7000
052590,祥碩永豐96購01  ,0,0,0,0,0,0,0,0,0,7000,0,0,0,7000,0,7000,7000
052532,台積電國泰96購07,0,0,0,0,0,0,0,0,0,7000,0,0,0,17000,10000,7000,7000
052105,南亞科兆豐95購01,0,0,0,0,0,0,0,0,0,7000,0,0,0,7000,0,7000,7000
3025,星通            ,10000,3000,7000,0,0,0,0,0,0,0,0,0,0,0,0,0,7000
2450,神腦            ,1000,3000,-2000,0,0,0,0,0,0,9000,9000,0,9000,0,0,0,7000
2606,裕民            ,597000,615000,-18000,0,0,0,0,0,0,25000,26000,0,26000,0,1000,-1000,7000
1773,勝一            ,17000,10000,7000,0,0,0,0,0,0,0,0,0,0,0,0,0,7000
6409,旭隼            ,26000,22000,4000,0,0,0,0,0,0,3000,3000,0,3000,0,0,0,7000
8473,山林水          ,9000,2000,7000,0,0,0,0,0,0,0,0,0,0,0,0,0,7000
6197,佳必琪          ,48000,41000,7000,0,0,0,0,0,0,0,0,0,0,0,0,0,7000
056828,國巨富邦9A購03  ,0,0,0,0,0,0,0,0,0,7000,0,0,0,10000,3000,7000,7000
05764P,世紀鋼永豐96售03,0,0,0,0,0,0,0,0,0,7000,0,0,0,20000,13000,7000,7000
05699P,茂林凱基96售05  ,0,0,0,0,0,0,0,0,0,7000,0,0,0,55000,48000,7000,7000
2227,裕日車          ,18000,22236,-4236,0,0,0,0,0,0,11000,11000,0,11000,0,0,0,6764
055372,宏達電元大97購04,0,0,0,0,0,0,0,0,0,6000,0,0,0,7000,1000,6000,6000
055384,緯穎元大98購02  ,0,0,0,0,0,0,0,0,0,6000,0,0,0,199000,193000,6000,6000
055137,GIS富邦98購01   ,0,0,0,0,0,0,0,0,0,6000,0,0,0,6000,0,6000,6000
054872,瀚宇博群益98購01,0,0,0,0,0,0,0,0,0,6000,0,0,0,7000,1000,6000,6000
055008,隆達元富97購01  ,0,0,0,0,0,0,0,0,0,6000,0,0,0,206000,200000,6000,6000
054535,旺宏富邦97購02  ,0,0,0,0,0,0,0,0,0,6000,0,0,0,29000,23000,6000,6000
054515,華通元大98購02  ,0,0,0,0,0,0,0,0,0,6000,0,0,0,113000,107000,6000,6000
05435P,鴻海群益95售12  ,0,0,0,0,0,0,0,0,0,6000,0,0,0,7000,1000,6000,6000
055615,宏達電國票99購02,0,0,0,0,0,0,0,0,0,6000,0,0,0,6000,0,6000,6000
055822,臺股指國票97購09,0,0,0,0,0,0,0,0,0,6000,0,0,0,6000,0,6000,6000
056201,華新科永豐98購01,0,0,0,0,0,0,0,0,0,6000,0,0,0,16000,10000,6000,6000
046998,同欣電國泰94購01,0,0,0,0,0,0,0,0,0,6000,0,0,0,24000,18000,6000,6000
046633,健策元富93購01  ,0,0,0,0,0,0,0,0,0,6000,0,0,0,6000,0,6000,6000
049681,旺宏統一94購04  ,0,0,0,0,0,0,0,0,0,6000,0,0,0,50000,44000,6000,6000
04961P,貿聯凱基94售03  ,0,0,0,0,0,0,0,0,0,6000,0,0,0,6000,0,6000,6000
049518,宏達電國票95購02,0,0,0,0,0,0,0,0,0,6000,0,0,0,8000,2000,6000,6000
049589,奇力新元大95購02,0,0,0,0,0,0,0,0,0,6000,0,0,0,17000,11000,6000,6000
047082,元上證永豐93購01,0,0,0,0,0,0,0,0,0,6000,0,0,0,6000,0,6000,6000
045906,鴻海中信94購01  ,0,0,0,0,0,0,0,0,0,6000,0,0,0,40000,34000,6000,6000
046182,燿華凱基93購04  ,0,0,0,0,0,0,0,0,0,6000,0,0,0,12000,6000,6000,6000
046185,正崴凱基93購02  ,0,0,0,0,0,0,0,0,0,6000,0,0,0,6000,0,6000,6000
044941,鴻海群益93購01  ,0,0,0,0,0,0,0,0,0,6000,0,0,0,6000,0,6000,6000
044963,台積電中信96購01,0,0,0,0,0,0,0,0,0,6000,0,0,0,34000,28000,6000,6000
045013,大立光元大93購04,0,0,0,0,0,0,0,0,0,6000,0,0,0,6000,0,6000,6000
044615,聯茂兆豐93購01  ,0,0,0,0,0,0,0,0,0,6000,0,0,0,6000,0,6000,6000
043884,臻鼎元大92購01  ,0,0,0,0,0,0,0,0,0,6000,0,0,0,6000,0,6000,6000
04399P,樺漢群益94售01  ,0,0,0,0,0,0,0,0,0,6000,0,0,0,6000,0,6000,6000
047822,臺股指凱基93購16,0,0,0,0,0,0,0,0,0,6000,0,0,0,6000,0,6000,6000
046946,益航元大94購01  ,0,0,0,0,0,0,0,0,0,6000,0,0,0,6000,0,6000,6000
00702,國泰標普低波高息,0,0,0,0,0,0,0,0,0,6000,0,0,0,7000,1000,6000,6000
00737,國泰AI+Robo     ,0,0,0,0,0,0,0,0,0,6000,0,0,0,147000,141000,6000,6000
04187P,麗豐元富93售02  ,0,0,0,0,0,0,0,0,0,6000,0,0,0,6000,0,6000,6000
04148P,GIS凱基93售05   ,0,0,0,0,0,0,0,0,0,6000,0,0,0,6000,0,6000,6000
04116P,京元電元大94售02,0,0,0,0,0,0,0,0,0,6000,0,0,0,20000,14000,6000,6000
041409,創意中信93購01  ,0,0,0,0,0,0,0,0,0,6000,0,0,0,6000,0,6000,6000
04083P,欣興統一94售01  ,0,0,0,0,0,0,0,0,0,6000,0,0,0,18000,12000,6000,6000
04054P,滬深2X富邦96售02,0,0,0,0,0,0,0,0,0,6000,0,0,0,6000,0,6000,6000
04259P,滬深2X群益93售03,0,0,0,0,0,0,0,0,0,6000,0,0,0,6000,0,6000,6000
042941,永冠國票93購01  ,0,0,0,0,0,0,0,0,0,6000,0,0,0,6000,0,6000,6000
04517P,宏達電群益95售01,0,0,0,0,0,0,0,0,0,6000,0,0,0,6000,0,6000,6000
03852P,華邦電凱基93售05,0,0,0,0,0,0,0,0,0,6000,0,0,0,6000,0,6000,6000
050345,創意元富94購02  ,0,0,0,0,0,0,0,0,0,6000,0,0,0,6000,0,6000,6000
050210,華新科國票94購08,0,0,0,0,0,0,0,0,0,6000,0,0,0,9000,3000,6000,6000
049889,欣興國泰96購01  ,0,1000,-1000,0,0,0,0,0,0,7000,0,0,0,7000,0,7000,6000
048859,玉晶光群益96購02,0,0,0,0,0,0,0,0,0,6000,0,0,0,6000,0,6000,6000
051079,鴻海富邦96購02  ,0,0,0,0,0,0,0,0,0,6000,0,0,0,6000,0,6000,6000
051523,牧德凱基95購02  ,0,0,0,0,0,0,0,0,0,6000,0,0,0,13000,7000,6000,6000
051527,台郡凱基95購03  ,0,0,0,0,0,0,0,0,0,6000,0,0,0,6000,0,6000,6000
048121,亞德客元大93購05,0,0,0,0,0,0,0,0,0,6000,0,0,0,11000,5000,6000,6000
05026P,貿聯群益95售01  ,0,0,0,0,0,0,0,0,0,6000,0,0,0,11000,5000,6000,6000
052055,緯穎凱基95購03  ,0,0,0,0,0,0,0,0,0,6000,0,0,0,101000,95000,6000,6000
052049,緯創凱基97購01  ,0,0,0,0,0,0,0,0,0,6000,0,0,0,6000,0,6000,6000
051934,緯穎國票96購01  ,0,0,0,0,0,0,0,0,0,6000,0,0,0,8000,2000,6000,6000
051553,牧德永豐96購02  ,0,0,0,0,0,0,0,0,0,6000,0,0,0,34000,28000,6000,6000
051688,大立光凱基97購02,0,0,0,0,0,0,0,0,0,6000,0,0,0,11000,5000,6000,6000
051741,可成國票97購01  ,0,0,0,0,0,0,0,0,0,6000,0,0,0,66000,60000,6000,6000
051848,元金2X中信98購02,0,0,0,0,0,0,0,0,0,6000,0,0,0,6000,0,6000,6000
052325,高股息中信99購01,0,0,0,0,0,0,0,0,0,6000,0,0,0,6000,0,6000,6000
052320,緯創元大95購05  ,0,0,0,0,0,0,0,0,0,6000,0,0,0,27000,21000,6000,6000
052766,玉晶光群益9A購01,0,0,0,0,0,0,0,0,0,6000,0,0,0,79000,73000,6000,6000
053693,欣興元大96購05  ,0,0,0,0,0,0,0,0,0,6000,0,0,0,280000,274000,6000,6000
053590,新光金元大9A購02,0,0,0,0,0,0,0,0,0,6000,0,0,0,6000,0,6000,6000
05404P,台積電群益95售06,0,0,0,0,0,0,0,0,0,6000,0,0,0,6000,0,6000,6000
052969,建準群益97購01  ,0,0,0,0,0,0,0,0,0,6000,0,0,0,16000,10000,6000,6000
053212,友達凱基99購04  ,0,0,0,0,0,0,0,0,0,6000,0,0,0,26000,20000,6000,6000
053350,台表科國票97購02,0,0,0,0,0,0,0,0,0,6000,0,0,0,56000,50000,6000,6000
053523,T50反1中信9A購01,0,0,0,0,0,0,0,0,0,6000,0,0,0,201000,195000,6000,6000
2305,全友            ,6000,0,6000,0,0,0,0,0,0,0,0,0,0,0,0,0,6000
2430,燦坤            ,2000,0,2000,0,0,0,0,0,0,4000,4000,0,4000,0,0,0,6000
2358,廷鑫            ,14000,8000,6000,0,0,0,0,0,0,0,0,0,0,0,0,0,6000
1439,中和            ,27000,21000,6000,0,0,0,0,0,0,0,0,0,0,0,0,0,6000
2611,志信            ,7000,1000,6000,0,0,0,0,0,0,0,0,0,0,0,0,0,6000
4994,傳奇            ,31000,13000,18000,0,0,0,0,0,0,-12000,1000,13000,-12000,0,0,0,6000
8033,雷虎            ,7000,1000,6000,0,0,0,0,0,0,0,0,0,0,0,0,0,6000
057079,台積電統一9A購02,0,0,0,0,0,0,0,0,0,6000,0,0,0,10000,4000,6000,6000
056738,國巨凱基9A購02  ,0,0,0,0,0,0,0,0,0,6000,0,0,0,6000,0,6000,6000
056668,光磊國票99購01  ,0,0,0,0,0,0,0,0,0,6000,0,0,0,6000,0,6000,6000
056629,昇陽半永豐98購01,0,0,0,0,0,0,0,0,0,6000,0,0,0,39000,33000,6000,6000
06282P,聯鈞永豐97售02  ,0,0,0,0,0,0,0,0,0,6000,0,0,0,6000,0,6000,6000
06242P,大立光元富9A售02,0,0,0,0,0,0,0,0,0,6000,0,0,0,6000,0,6000,6000
06378P,國巨統一97售08  ,0,0,0,0,0,0,0,0,0,6000,0,0,0,52000,46000,6000,6000
06532P,友達元富98售04  ,0,0,0,0,0,0,0,0,0,6000,0,0,0,14000,8000,6000,6000
05908P,大立光元富96售05,0,0,0,0,0,0,0,0,0,6000,0,0,0,6000,0,6000,6000
06207P,聯發科凱基97售07,0,0,0,0,0,0,0,0,0,6000,0,0,0,6000,0,6000,6000
05620P,大立光富邦9B售01,0,0,0,0,0,0,0,0,0,5000,0,0,0,80000,75000,5000,5000
056454,欣興凱基98購02  ,0,0,0,0,0,0,0,0,0,5000,0,0,0,20000,15000,5000,5000
056443,南亞科凱基98購03,0,0,0,0,0,0,0,0,0,5000,0,0,0,35000,30000,5000,5000
056395,玉晶光永豐9B購01,0,0,0,0,0,0,0,0,0,5000,0,0,0,82000,77000,5000,5000
055869,臺股指元大97購08,0,0,0,0,0,0,0,0,0,5000,0,0,0,5000,0,5000,5000
055864,臺股指元大97購01,0,0,0,0,0,0,0,0,0,5000,0,0,0,5000,0,5000,5000
055971,矽力元大97購05  ,0,0,0,0,0,0,0,0,0,5000,0,0,0,33000,28000,5000,5000
056018,旺宏群益97購02  ,0,0,0,0,0,0,0,0,0,5000,0,0,0,10000,5000,5000,5000
055585,國巨元大98購08  ,0,0,0,0,0,0,0,0,0,5000,0,0,0,5000,0,5000,5000
055643,宏碁元富97購01  ,0,0,0,0,0,0,0,0,0,5000,0,0,0,10000,5000,5000,5000
055473,禾伸堂凱基97購01,0,0,0,0,0,0,0,0,0,5000,0,0,0,6000,1000,5000,5000
055474,欣興凱基97購05  ,0,0,0,0,0,0,0,0,0,5000,0,0,0,81000,76000,5000,5000
05555P,健策群益98售01  ,0,0,0,0,0,0,0,0,0,5000,0,0,0,5000,0,5000,5000
055562,欣興凱基97購06  ,0,0,0,0,0,0,0,0,0,5000,0,0,0,14000,9000,5000,5000
055508,矽力元大97購01  ,0,0,0,0,0,0,0,0,0,5000,0,0,0,6000,1000,5000,5000
055516,上銀中信97購01  ,0,0,0,0,0,0,0,0,0,5000,0,0,0,11000,6000,5000,5000
054389,為升元富96購02  ,0,0,0,0,0,0,0,0,0,5000,0,0,0,120000,115000,5000,5000
054480,和碩中信98購01  ,0,0,0,0,0,0,0,0,0,5000,0,0,0,6000,1000,5000,5000
054232,台積電群益96購12,0,0,0,0,0,0,0,0,0,5000,0,0,0,130000,125000,5000,5000
055204,宏達電中信99購01,0,0,0,0,0,0,0,0,0,5000,0,0,0,5000,0,5000,5000
04520P,欣興群益94售02  ,0,0,0,0,0,0,0,0,0,5000,0,0,0,30000,25000,5000,5000
039901,國巨國泰92購01  ,0,0,0,0,0,0,0,0,0,5000,0,0,0,5000,0,5000,5000
045613,祥碩群益92購01  ,0,0,0,0,0,0,0,0,0,5000,0,0,0,5000,0,5000,5000
04234P,華通群益94售02  ,0,0,0,0,0,0,0,0,0,5000,0,0,0,5000,0,5000,5000
045471,鎧勝元大93購01  ,0,0,0,0,0,0,0,0,0,5000,0,0,0,5000,0,5000,5000
03307P,臺股指中信05售02,0,0,0,0,0,0,0,0,0,5000,0,0,0,5000,0,5000,5000
03179P,聯發科群益01售16,0,0,0,0,0,0,0,0,0,5000,0,0,0,5000,0,5000,5000
03006X,元展06          ,0,0,0,0,0,0,0,0,0,5000,0,0,0,5000,0,5000,5000
00625K,富邦上証+R      ,0,0,0,0,0,0,0,0,0,5000,0,0,0,55000,50000,5000,5000
047805,台積電凱基93購21,0,0,0,0,0,0,0,0,0,5000,0,0,0,5000,0,5000,5000
045101,玉晶光中信94購01,0,0,0,0,0,0,0,0,0,5000,0,0,0,252000,247000,5000,5000
046884,元油反群益95購01,0,0,0,0,0,0,0,0,0,5000,0,0,0,5000,0,5000,5000
04384P,上証2X中信96售01,0,0,0,0,0,0,0,0,0,5000,0,0,0,5000,0,5000,5000
045743,台郡群益93購01  ,0,0,0,0,0,0,0,0,0,5000,0,0,0,11000,6000,5000,5000
044671,台積電兆豐93購01,0,0,0,0,0,0,0,0,0,5000,0,0,0,35000,30000,5000,5000
04452P,超眾國泰95售01  ,0,0,0,0,0,0,0,0,0,5000,0,0,0,13000,8000,5000,5000
045031,上銀群益93購02  ,0,0,0,0,0,0,0,0,0,5000,0,0,0,5000,0,5000,5000
047163,義隆台新93購01  ,0,0,0,0,0,0,0,0,0,5000,0,0,0,5000,0,5000,5000
048010,嘉聯益富邦97購01,0,0,0,0,0,0,0,0,0,5000,0,0,0,288000,283000,5000,5000
049580,國巨元大94購07  ,0,0,0,0,0,0,0,0,0,5000,0,0,0,5000,0,5000,5000
049692,可成元大94購07  ,0,0,0,0,0,0,0,0,0,5000,0,0,0,68000,63000,5000,5000
04971P,矽力元富94售02  ,0,0,0,0,0,0,0,0,0,5000,0,0,0,10000,5000,5000,5000
046617,台積電凱基93購01,0,0,0,0,0,0,0,0,0,5000,0,0,0,5000,0,5000,5000
046640,揚明光永豐93購01,0,0,0,0,0,0,0,0,0,5000,0,0,0,5000,0,5000,5000
047014,元油反元大99購01,0,0,0,0,0,0,0,0,0,5000,0,0,0,5000,0,5000,5000
047070,華通兆豐93購01  ,0,0,0,0,0,0,0,0,0,5000,0,0,0,5000,0,5000,5000
047400,欣興永豐93購03  ,0,0,0,0,0,0,0,0,0,5000,0,0,0,5000,0,5000,5000
04752P,大立光群益94售07,0,0,0,0,0,0,0,0,0,5000,0,0,0,5000,0,5000,5000
047303,寶滬深元大96購01,0,0,0,0,0,0,0,0,0,5000,0,0,0,5000,0,5000,5000
050294,宏達電凱基94購04,0,0,0,0,0,0,0,0,0,5000,0,0,0,5000,0,5000,5000
049175,台積電凱基94購12,0,0,0,0,0,0,0,0,0,5000,0,0,0,5000,0,5000,5000
049265,揚明光元大94購03,0,0,0,0,0,0,0,0,0,5000,0,0,0,5000,0,5000,5000
049272,世紀鋼元大96購02,0,0,0,0,0,0,0,0,0,5000,0,0,0,5000,0,5000,5000
049273,臺股指元大94購08,0,0,0,0,0,0,0,0,0,5000,0,0,0,5000,0,5000,5000
049238,元油2X元富96購08,0,0,0,0,0,0,0,0,0,5000,0,0,0,5000,0,5000,5000
050615,奇力新元大95購03,0,0,0,0,0,0,0,0,0,5000,0,0,0,35000,30000,5000,5000
050783,旺宏國泰96購02  ,0,0,0,0,0,0,0,0,0,5000,0,0,0,5000,0,5000,5000
05072P,聯電元富95售02  ,0,0,0,0,0,0,0,0,0,5000,0,0,0,5000,0,5000,5000
050857,義隆台新95購01  ,0,0,0,0,0,0,0,0,0,5000,0,0,0,5000,0,5000,5000
050881,大立光元富95購04,0,0,0,0,0,0,0,0,0,5000,0,0,0,5000,0,5000,5000
051536,玉晶光國票97購01,0,0,0,0,0,0,0,0,0,5000,0,0,0,36000,31000,5000,5000
051343,鴻海元大95購07  ,0,0,0,0,0,0,0,0,0,5000,0,0,0,133000,128000,5000,5000
051388,大立光麥證95購03,0,0,0,15000,10000,5000,0,0,0,5000,0,0,0,15000,10000,5000,5000
051410,京元電國票96購01,0,0,0,0,0,0,0,0,0,5000,0,0,0,5000,0,5000,5000
051066,台積電國票96購02,0,0,0,0,0,0,0,0,0,5000,0,0,0,10000,5000,5000,5000
051013,旺宏凱基95購03  ,0,0,0,0,0,0,0,0,0,5000,0,0,0,5000,0,5000,5000
051014,智邦凱基95購01  ,0,0,0,0,0,0,0,0,0,5000,0,0,0,53000,48000,5000,5000
050993,聯發科元大95購05,0,0,0,0,0,0,0,0,0,5000,0,0,0,10000,5000,5000,5000
050917,瀚宇博兆豐96購01,0,0,0,0,0,0,0,0,0,5000,0,0,0,53000,48000,5000,5000
05098P,鴻海凱基95售15  ,0,0,0,0,0,0,0,0,0,5000,0,0,0,440000,435000,5000,5000
05119P,聯發科國泰96售02,0,0,0,0,0,0,0,0,0,5000,0,0,0,5000,0,5000,5000
04885P,大立光凱基94售19,0,0,0,0,0,0,0,0,0,5000,0,0,0,10000,5000,5000,5000
048912,牧德富邦94購01  ,0,0,0,0,0,0,0,0,0,5000,0,0,0,5000,0,5000,5000
04991P,台表科元大94售05,0,0,0,0,0,0,0,0,0,5000,0,0,0,5000,0,5000,5000
049921,大立光元大94購16,0,0,0,0,0,0,0,0,0,5000,0,0,0,57000,52000,5000,5000
048574,台積電國泰95購02,0,0,0,0,0,0,0,0,0,5000,0,0,0,5000,0,5000,5000
050237,智邦凱基94購03  ,0,0,0,0,0,0,0,0,0,5000,0,0,0,5000,0,5000,5000
048762,寶齡凱基94購01  ,0,0,0,0,0,0,0,0,0,5000,0,0,0,5000,0,5000,5000
050202,建準群益95購01  ,0,0,0,0,0,0,0,0,0,5000,0,0,0,28000,23000,5000,5000
048547,訊芯永豐93購03  ,0,0,0,0,0,0,0,0,0,5000,0,0,0,5000,0,5000,5000
048500,樺漢元大93購03  ,0,0,0,0,0,0,0,0,0,5000,0,0,0,5000,0,5000,5000
048505,滬深2X群益99購03,0,0,0,0,0,0,0,0,0,5000,0,0,0,5000,0,5000,5000
049969,泰鼎國票95購01  ,0,0,0,0,0,0,0,0,0,5000,0,0,0,5000,0,5000,5000
049484,台積電元大95購02,0,0,0,0,0,0,0,0,0,5000,0,0,0,5000,0,5000,5000
048724,台達電日盛94購01,0,0,0,0,0,0,0,0,0,5000,0,0,0,5000,0,5000,5000
048697,華新科國票94購06,0,0,0,0,0,0,0,0,0,5000,0,0,0,17000,12000,5000,5000
05350P,可成元富98售04  ,0,0,0,0,0,0,0,0,0,5000,0,0,0,5000,0,5000,5000
053449,超眾凱基98購01  ,0,0,0,0,0,0,0,0,0,5000,0,0,0,35000,30000,5000,5000
053407,台積電兆豐96購02,0,0,0,0,0,0,0,0,0,5000,0,0,0,5000,0,5000,5000
053388,群創元大9C購02  ,0,0,0,0,0,0,0,0,0,5000,0,0,0,5000,0,5000,5000
053389,彩晶元大98購01  ,0,0,0,0,0,0,0,0,0,5000,0,0,0,45000,40000,5000,5000
053256,上銀富邦98購01  ,0,0,0,0,0,0,0,0,0,5000,0,0,0,32000,27000,5000,5000
053261,國巨群益96購05  ,0,0,0,0,0,0,0,0,0,5000,0,0,0,5000,0,5000,5000
053206,聯發科麥證96購02,0,0,0,60000,55000,5000,0,0,0,5000,0,0,0,60000,55000,5000,5000
053183,大立光元富96購03,0,0,0,0,0,0,0,0,0,5000,0,0,0,10000,5000,5000,5000
053118,大立光中信9C購01,0,0,0,0,0,0,0,0,0,5000,0,0,0,20000,15000,5000,5000
053011,鴻海統一98購01  ,0,0,0,0,0,0,0,0,0,5000,0,0,0,5000,0,5000,5000
053988,友達亞東96購01  ,0,0,0,0,0,0,0,0,0,5000,0,0,0,5000,0,5000,5000
053969,瑞昱元大97購01  ,0,0,0,0,0,0,0,0,0,5000,0,0,0,190000,185000,5000,5000
054023,和大康和96購01  ,0,0,0,0,0,0,0,0,0,5000,0,0,0,5000,0,5000,5000
053720,宏達電凱基97購01,0,0,0,0,0,0,0,0,0,5000,0,0,0,5000,0,5000,5000
052736,T50反1元大96購05,0,0,0,0,0,0,0,0,0,5000,0,0,0,5000,0,5000,5000
052628,樺漢中信96購01  ,0,0,0,0,0,0,0,0,0,5000,0,0,0,5000,0,5000,5000
052796,和碩兆豐96購01  ,0,0,0,0,0,0,0,0,0,5000,0,0,0,30000,25000,5000,5000
052860,旺宏凱基96購03  ,0,0,0,0,0,0,0,0,0,5000,0,0,0,16000,11000,5000,5000
052350,鴻海統一96購06  ,0,0,0,0,0,0,0,0,0,5000,0,0,0,5000,0,5000,5000
052378,矽力元大96購01  ,0,0,0,0,0,0,0,0,0,5000,0,0,0,26000,21000,5000,5000
052349,鴻海統一95購15  ,0,0,0,0,0,0,0,0,0,5000,0,0,0,53000,48000,5000,5000
052285,康控凱基95購02  ,0,0,0,0,0,0,0,0,0,5000,0,0,0,20000,15000,5000,5000
052522,聯發科元大96購05,0,0,0,0,0,0,0,0,0,5000,0,0,0,10000,5000,5000,5000
052549,喬山國票97購01  ,0,0,0,0,0,0,0,0,0,5000,0,0,0,5000,0,5000,5000
052433,滬深2X國泰96購02,0,0,0,0,0,0,0,0,0,5000,0,0,0,5000,0,5000,5000
05174P,元金2X富邦9B售01,0,0,0,0,0,0,0,0,0,5000,0,0,0,10000,5000,5000,5000
05175P,TPK富邦99售01   ,0,0,0,0,0,0,0,0,0,5000,0,0,0,5000,0,5000,5000
051662,大立光永昌96購03,0,0,0,0,0,0,0,0,0,5000,0,0,0,205000,200000,5000,5000
051646,華通永豐96購01  ,0,0,0,0,0,0,0,0,0,5000,0,0,0,5000,0,5000,5000
052033,臺股指群益95購06,0,0,0,0,0,0,0,0,0,5000,0,0,0,5000,0,5000,5000
052034,臺股指群益95購07,0,0,0,0,0,0,0,0,0,5000,0,0,0,5000,0,5000,5000
052236,聯發科國票96購03,0,0,0,0,0,0,0,0,0,5000,0,0,0,10000,5000,5000,5000
06105P,國巨國票98售02  ,0,0,0,0,0,0,0,0,0,5000,0,0,0,5000,0,5000,5000
05913P,國巨元大96售11  ,0,0,0,0,0,0,0,0,0,5000,0,0,0,5000,0,5000,5000
05934P,國巨凱基96售13  ,0,0,0,0,0,0,0,0,0,5000,0,0,0,5000,0,5000,5000
05847P,大立光元大96售08,0,0,0,0,0,0,0,0,0,5000,0,0,0,40000,35000,5000,5000
06476P,臺股指永豐98售01,0,0,0,0,0,0,0,0,0,5000,0,0,0,60000,55000,5000,5000
06348P,鈺齊元富97售02  ,0,0,0,0,0,0,0,0,0,5000,0,0,0,5000,0,5000,5000
06258P,臺股指群益97售11,0,0,0,0,0,0,0,0,0,5000,0,0,0,10000,5000,5000,5000
06292P,臺股指國票97售06,0,0,0,0,0,0,0,0,0,5000,0,0,0,5000,0,5000,5000
06323P,台郡統一97售01  ,0,0,0,0,0,0,0,0,0,5000,0,0,0,10000,5000,5000,5000
06317P,臺股指元富97售04,0,0,0,0,0,0,0,0,0,5000,0,0,0,10000,5000,5000,5000
056691,元油2X群益9B購01,0,0,0,0,0,0,0,0,0,5000,0,0,0,184000,179000,5000,5000
056790,彩晶群益98購03  ,0,0,0,0,0,0,0,0,0,5000,0,0,0,5000,0,5000,5000
057088,上銀元富98購01  ,0,0,0,0,0,0,0,0,0,5000,0,0,0,8000,3000,5000,5000
6641,基士德-KY       ,5000,0,5000,0,0,0,0,0,0,0,0,0,0,0,0,0,5000
6449,鈺邦            ,28000,23000,5000,0,0,0,0,0,0,0,1000,1000,0,0,0,0,5000
9930,中聯資源        ,10000,5000,5000,0,0,0,0,0,0,0,0,0,0,0,0,0,5000
4737,華廣            ,13000,8000,5000,0,0,0,0,0,0,0,0,0,0,0,0,0,5000
6165,捷泰            ,155000,150000,5000,0,0,0,0,0,0,0,0,0,0,0,0,0,5000
6235,華孚            ,17000,12000,5000,0,0,0,0,0,0,0,0,0,0,0,0,0,5000
5906,台南-KY         ,7000,2000,5000,0,0,0,0,0,0,0,0,0,0,0,0,0,5000
2495,普安            ,4000,6000,-2000,0,0,0,0,0,0,7000,7000,0,7000,0,0,0,5000
1506,正道            ,5000,0,5000,0,0,0,0,0,0,0,0,0,0,0,0,0,5000
1537,廣隆            ,30000,25000,5000,0,0,0,0,0,0,0,0,0,0,0,0,0,5000
2890,永豐金          ,5776000,6164180,-388180,0,0,0,77000,4000,73000,320000,320000,0,320000,0,0,0,4820
055175,建準統一97購01  ,0,0,0,0,0,0,0,0,0,4000,0,0,0,4000,0,4000,4000
055234,昇陽半國票98購02,0,0,0,0,0,0,0,0,0,4000,0,0,0,20000,16000,4000,4000
054959,禾伸堂元大98購01,0,0,0,0,0,0,0,0,0,4000,0,0,0,4000,0,4000,4000
054267,上銀第一96購01  ,0,0,0,0,0,0,0,0,0,4000,0,0,0,5000,1000,4000,4000
054751,GIS凱基98購01   ,0,0,0,0,0,0,0,0,0,4000,0,0,0,4000,0,4000,4000
055487,國巨元大98購07  ,0,0,0,0,0,0,0,0,0,4000,0,0,0,10000,6000,4000,4000
055564,茂林凱基98購01  ,0,0,0,0,0,0,0,0,0,4000,0,0,0,34000,30000,4000,4000
055636,元油反元富97購02,0,0,0,0,0,0,0,0,0,4000,0,0,0,4000,0,4000,4000
055849,聯詠元大97購05  ,0,0,0,0,0,0,0,0,0,4000,0,0,0,76000,72000,4000,4000
055811,國巨國票98購05  ,0,0,0,0,0,0,0,0,0,4000,0,0,0,5000,1000,4000,4000
055787,聯茂凱基99購01  ,0,0,0,0,0,0,0,0,0,4000,0,0,0,20000,16000,4000,4000
056358,友訊元大99購01  ,0,0,0,0,0,0,0,0,0,4000,0,0,0,4000,0,4000,4000
056337,聯發科凱基98購06,0,0,0,0,0,0,0,0,0,4000,0,0,0,13000,9000,4000,4000
047916,台積電凱基93購22,0,0,0,0,0,0,0,0,0,4000,0,0,0,4000,0,4000,4000
047924,可成凱基93購10  ,0,0,0,0,0,0,0,0,0,4000,0,0,0,10000,6000,4000,4000
046652,上銀元大93購02  ,0,0,0,0,0,0,0,0,0,4000,0,0,0,54000,50000,4000,4000
046725,可成元大93購02  ,0,0,0,0,0,0,0,0,0,4000,0,0,0,5000,1000,4000,4000
046619,可成凱基93購01  ,0,0,0,0,0,0,0,0,0,4000,0,0,0,20000,16000,4000,4000
049727,台積電中信94購02,0,0,0,0,0,0,0,0,0,4000,0,0,0,24000,20000,4000,4000
04801P,矽力元大94售02  ,0,0,0,0,0,0,0,0,0,4000,0,0,0,4000,0,4000,4000
047127,臻鼎中信95購01  ,0,0,0,0,0,0,0,0,0,4000,0,0,0,20000,16000,4000,4000
047224,台光電凱基94購01,0,0,0,0,0,0,0,0,0,4000,0,0,0,9000,5000,4000,4000
044834,旺宏元大93購02  ,0,0,0,0,0,0,0,0,0,4000,0,0,0,4000,0,4000,4000
043660,華新科元大93購01,0,0,0,0,0,0,0,0,0,4000,0,0,0,4000,0,4000,4000
046881,智原富邦99購01  ,0,0,0,0,0,0,0,0,0,4000,0,0,0,44000,40000,4000,4000
046894,日月光群益93購01,0,0,0,0,0,0,0,0,0,4000,0,0,0,4000,0,4000,4000
046947,禾伸堂元大93購01,0,0,0,0,0,0,0,0,0,4000,0,0,0,15000,11000,4000,4000
047840,新日興元大93購03,0,0,0,0,0,0,0,0,0,4000,0,0,0,4000,0,4000,4000
046961,大立光中信95購02,0,0,0,0,0,0,0,0,0,4000,0,0,0,65000,61000,4000,4000
00691R,兆豐藍籌30反1   ,0,0,0,0,0,0,0,0,0,4000,0,0,0,6000,2000,4000,4000
00685L,群益臺灣加權正2 ,0,0,0,0,0,0,0,0,0,4000,0,0,0,14000,10000,4000,4000
04033P,啟碁凱基93售04  ,0,0,0,0,0,0,0,0,0,4000,0,0,0,4000,0,4000,4000
042501,台灣50凱基96購06,0,0,0,0,0,0,0,0,0,4000,0,0,0,4000,0,4000,4000
04237P,超眾群益93售02  ,0,0,0,0,0,0,0,0,0,4000,0,0,0,10000,6000,4000,4000
042793,台積電台新9C購01,0,0,0,0,0,0,0,0,0,4000,0,0,0,4000,0,4000,4000
048711,台郡台新94購01  ,0,0,0,0,0,0,0,0,0,4000,0,0,0,20000,16000,4000,4000
05051P,鴻海群益95售05  ,0,0,0,0,0,0,0,0,0,4000,0,0,0,4000,0,4000,4000
050334,鴻海國泰96購07  ,0,0,0,0,0,0,0,0,0,4000,0,0,0,4000,0,4000,4000
048993,昇陽半元大94購03,0,0,0,0,0,0,0,0,0,4000,0,0,0,4000,0,4000,4000
048610,華新科凱基94購04,0,0,0,0,0,0,0,0,0,4000,0,0,0,4000,0,4000,4000
049877,南亞科永豐94購01,0,0,0,0,0,0,0,0,0,4000,0,0,0,72000,68000,4000,4000
048838,牧德凱基94購07  ,0,0,0,0,0,0,0,0,0,4000,0,0,0,4000,0,4000,4000
048823,漢唐凱基94購01  ,0,0,0,0,0,0,0,0,0,4000,0,0,0,4000,0,4000,4000
049820,世紀鋼元大96購03,0,0,0,0,0,0,0,0,0,4000,0,0,0,5000,1000,4000,4000
049141,旺宏元大95購01  ,0,0,0,0,0,0,0,0,0,4000,0,0,0,4000,0,4000,4000
049224,致新國票95購01  ,0,0,0,0,0,0,0,0,0,4000,0,0,0,64000,60000,4000,4000
052019,創意永豐95購02  ,0,0,0,0,0,0,0,0,0,4000,0,0,0,4000,0,4000,4000
051957,旺宏台新95購02  ,0,0,0,0,0,0,0,0,0,4000,0,0,0,4000,0,4000,4000
051791,智伸科國票96購01,0,0,0,0,0,0,0,0,0,4000,0,0,0,30000,26000,4000,4000
051831,緯穎元大96購04  ,0,0,0,0,0,0,0,0,0,4000,0,0,0,4000,0,4000,4000
051838,國巨國泰97購01  ,0,0,0,0,0,0,0,0,0,4000,0,0,0,4000,0,4000,4000
05255P,義隆凱基95售01  ,0,0,0,0,0,0,0,0,0,4000,0,0,0,4000,0,4000,4000
052498,台積電永豐95購06,0,0,0,0,0,0,0,0,0,4000,0,0,0,4000,0,4000,4000
052373,鴻海元大95購22  ,0,0,0,0,0,0,0,0,0,4000,0,0,0,4000,0,4000,4000
054083,智伸科元富96購01,0,0,0,0,0,0,0,0,0,4000,0,0,0,5000,1000,4000,4000
053190,聯發科統一99購01,0,0,0,0,0,0,0,0,0,4000,0,0,0,4000,0,4000,4000
053518,聯茂群益96購03  ,0,0,0,0,0,0,0,0,0,4000,0,0,0,4000,0,4000,4000
2466,冠西電          ,5000,1000,4000,0,0,0,0,0,0,0,0,0,0,0,0,0,4000
1598,岱宇            ,14000,10000,4000,0,0,0,0,0,0,0,0,0,0,0,0,0,4000
1776,展宇            ,2000,1000,1000,0,0,0,0,0,0,3000,3000,0,3000,0,0,0,4000
1503,士電            ,6000,24000,-18000,0,0,0,0,0,0,22000,22000,0,22000,0,0,0,4000
5484,慧友            ,4000,0,4000,0,0,0,0,0,0,0,0,0,0,0,0,0,4000
057097,致新元富98購01  ,0,0,0,0,0,0,0,0,0,4000,0,0,0,4000,0,4000,4000
056893,智邦元大98購02  ,0,0,0,0,0,0,0,0,0,4000,0,0,0,122000,118000,4000,4000
056631,臺股指永豐98購03,0,0,0,0,0,0,0,0,0,4000,0,0,0,4000,0,4000,4000
06264P,友達凱基98售06  ,0,0,0,0,0,0,0,0,0,4000,0,0,0,24000,20000,4000,4000
06233P,訊芯永豐97售03  ,0,0,0,0,0,0,0,0,0,4000,0,0,0,4000,0,4000,4000
06367P,台積電凱基97售14,0,0,0,0,0,0,0,0,0,4000,0,0,0,113000,109000,4000,4000
06393P,台積電元大97售27,0,0,0,0,0,0,0,0,0,4000,0,0,0,4000,0,4000,4000
1256,鮮活果汁-KY     ,18000,14000,4000,0,0,0,0,0,0,0,0,0,0,0,0,0,4000
06104P,大立光凱基97售04,0,0,0,0,0,0,0,0,0,4000,0,0,0,74000,70000,4000,4000
06058P,玉晶光凱基97售04,0,0,0,0,0,0,0,0,0,4000,0,0,0,11000,7000,4000,4000
4912,聯德控股-KY     ,3395,0,3395,0,0,0,0,0,0,0,0,0,0,0,0,0,3395
056400,道瓊反群益9C購01,0,0,0,0,0,0,0,0,0,3000,0,0,0,3000,0,3000,3000
056447,聯發科凱基98購09,0,0,0,0,0,0,0,0,0,3000,0,0,0,37000,34000,3000,3000
056486,樺漢元大98購04  ,0,0,0,0,0,0,0,0,0,3000,0,0,0,50000,47000,3000,3000
055858,聯茂元大97購03  ,0,0,0,0,0,0,0,0,0,3000,0,0,0,388000,385000,3000,3000
055673,旺宏日盛97購01  ,0,0,0,0,0,0,0,0,0,3000,0,0,0,12000,9000,3000,3000
055535,緯創群益98購01  ,0,0,0,0,0,0,0,0,0,3000,0,0,0,98000,95000,3000,3000
054780,中石化群益99購01,0,0,0,0,0,0,0,0,0,3000,0,0,0,3000,0,3000,3000
054727,台積電日盛97購02,0,0,0,0,0,0,0,0,0,3000,0,0,0,813000,810000,3000,3000
054733,鴻海凱基98購04  ,0,0,0,0,0,0,0,0,0,3000,0,0,0,3000,0,3000,3000
054519,禾伸堂元大97購02,0,0,0,0,0,0,0,0,0,3000,0,0,0,3000,0,3000,3000
054290,奇力新元大96購05,0,0,0,0,0,0,0,0,0,3000,0,0,0,7000,4000,3000,3000
054328,台化康和96購01  ,0,0,0,0,0,0,0,0,0,3000,0,0,0,53000,50000,3000,3000
054409,亞光國票97購02  ,0,0,0,0,0,0,0,0,0,3000,0,0,0,3000,0,3000,3000
054846,瑞昱兆豐97購01  ,0,0,0,0,0,0,0,0,0,3000,0,0,0,33000,30000,3000,3000
055231,大毅國票98購02  ,0,0,0,0,0,0,0,0,0,3000,0,0,0,3000,0,3000,3000
055331,國巨兆豐99購01  ,0,0,0,0,0,0,0,0,0,3000,0,0,0,45000,42000,3000,3000
00866,新光Shiller CAPE,0,0,0,0,0,0,0,0,0,3000,0,0,0,33000,30000,3000,3000
006203,元大MSCI台灣    ,2000,0,2000,0,0,0,0,0,0,1000,0,0,0,1000,0,1000,3000
04160P,儒鴻中信93售01  ,0,0,0,0,0,0,0,0,0,3000,0,0,0,59000,56000,3000,3000
047839,景碩元大93購03  ,0,0,0,0,0,0,0,0,0,3000,0,0,0,120000,117000,3000,3000
046799,儒鴻元大93購01  ,0,0,0,0,0,0,0,0,0,3000,0,0,0,57000,54000,3000,3000
043442,大立光台新01購01,0,0,0,0,0,0,0,0,0,3000,0,0,0,6000,3000,3000,3000
04377P,大立光元大94售04,0,0,0,0,0,0,0,0,0,3000,0,0,0,3000,0,3000,3000
046102,健鼎永豐92購01  ,0,0,0,0,0,0,0,0,0,3000,0,0,0,3000,0,3000,3000
046132,致新元大92購01  ,0,0,0,0,0,0,0,0,0,3000,0,0,0,3000,0,3000,3000
047179,台積電元大93購17,0,0,0,0,0,0,0,0,0,3000,0,0,0,3000,0,3000,3000
046025,台積電元大92購18,0,0,0,0,0,0,0,0,0,3000,0,0,0,3000,0,3000,3000
049784,台積電兆豐94購05,0,0,0,0,0,0,0,0,0,3000,0,0,0,3000,0,3000,3000
04957P,上証2X凱基96售02,0,0,0,0,0,0,0,0,0,3000,0,0,0,3000,0,3000,3000
04649P,臺股指凱基94售08,0,0,0,0,0,0,0,0,0,3000,0,0,0,3000,0,3000,3000
046465,GIS凱基95購01   ,0,0,0,0,0,0,0,0,0,3000,0,0,0,4000,1000,3000,3000
046666,欣興元大93購05  ,0,0,0,0,0,0,0,0,0,3000,0,0,0,3000,0,3000,3000
046194,禾伸堂凱基92購02,0,0,0,0,0,0,0,0,0,3000,0,0,0,14000,11000,3000,3000
047982,奇力新群益93購05,0,0,0,0,0,0,0,0,0,3000,0,0,0,3000,0,3000,3000
047917,台積電凱基94購01,0,0,0,0,0,0,0,0,0,3000,0,0,0,3000,0,3000,3000
047339,臺股指元大93購34,0,0,0,0,0,0,0,0,0,3000,0,0,0,3000,0,3000,3000
047709,聯發科凱基93購18,0,0,0,0,0,0,0,0,0,3000,0,0,0,3000,0,3000,3000
045748,臺股指永豐92購01,0,0,0,0,0,0,0,0,0,3000,0,0,0,3000,0,3000,3000
04755P,大立光元富94售07,0,0,0,0,0,0,0,0,0,3000,0,0,0,6000,3000,3000,3000
049140,台積電元大94購07,0,0,0,0,0,0,0,0,0,3000,0,0,0,40000,37000,3000,3000
049139,台積電元大94購06,0,0,0,0,0,0,0,0,0,3000,0,0,0,220000,217000,3000,3000
051049,亞德客群益95購01,0,0,0,0,0,0,0,0,0,3000,0,0,0,3000,0,3000,3000
049940,臺股指元大94購21,0,0,0,0,0,0,0,0,0,3000,0,0,0,3000,0,3000,3000
049934,緯穎元大94購08  ,0,0,0,0,0,0,0,0,0,3000,0,0,0,71000,68000,3000,3000
05021P,瑞昱凱基95售01  ,0,0,0,0,0,0,0,0,0,3000,0,0,0,3000,0,3000,3000
048427,百和元富95購01  ,0,0,0,0,0,0,0,0,0,3000,0,0,0,10000,7000,3000,3000
048390,國巨國票94購02  ,0,0,0,0,0,0,0,0,0,3000,0,0,0,3000,0,3000,3000
049340,鴻海統一94購03  ,0,0,0,0,0,0,0,0,0,3000,0,0,0,33000,30000,3000,3000
049072,台積電凱基94購08,0,0,0,0,0,0,0,0,0,3000,0,0,0,3000,0,3000,3000
05039P,鴻海凱基95售10  ,0,0,0,0,0,0,0,0,0,3000,0,0,0,35000,32000,3000,3000
050536,亞泥凱基95購01  ,0,0,0,0,0,0,0,0,0,3000,0,0,0,3000,0,3000,3000
050176,正崴元大94購03  ,0,0,0,0,0,0,0,0,0,3000,0,0,0,13000,10000,3000,3000
053516,茂林群益96購05  ,0,0,0,0,0,0,0,0,0,3000,0,0,0,3000,0,3000,3000
053550,聯發科凱基96購15,0,0,0,0,0,0,0,0,0,3000,0,0,0,3000,0,3000,3000
053273,國巨元大96購08  ,0,0,0,0,0,0,0,0,0,3000,0,0,0,14000,11000,3000,3000
053312,緯穎凱基96購02  ,0,0,0,0,0,0,0,0,0,3000,0,0,0,8000,5000,3000,3000
053171,中磊群益96購01  ,0,0,0,0,0,0,0,0,0,3000,0,0,0,34000,31000,3000,3000
053109,聯發科兆豐96購01,0,0,0,0,0,0,0,0,0,3000,0,0,0,3000,0,3000,3000
053002,鴻海永豐96購01  ,0,0,0,0,0,0,0,0,0,3000,0,0,0,25000,22000,3000,3000
053064,國巨群益96購04  ,0,0,0,0,0,0,0,0,0,3000,0,0,0,24000,21000,3000,3000
053034,上海銀兆豐96購01,0,0,0,0,0,0,0,0,0,3000,0,0,0,40000,37000,3000,3000
053027,玉晶光富邦98購01,0,0,0,0,0,0,0,0,0,3000,0,0,0,3000,0,3000,3000
053031,華新科第一96購01,0,0,0,0,0,0,0,0,0,3000,0,0,0,4000,1000,3000,3000
05414P,台表科國票96售02,0,0,0,0,0,0,0,0,0,3000,0,0,0,8000,5000,3000,3000
054029,瀚宇博凱基96購02,0,0,0,0,0,0,0,0,0,3000,0,0,0,3000,0,3000,3000
053927,牧德國票97購01  ,0,0,0,0,0,0,0,0,0,3000,0,0,0,14000,11000,3000,3000
053597,牧德元大99購01  ,0,0,0,0,0,0,0,0,0,3000,0,0,0,3000,0,3000,3000
053645,臺股指國票96購08,0,0,0,0,0,0,0,0,0,3000,0,0,0,8000,5000,3000,3000
053811,國巨群益98購02  ,0,0,0,0,0,0,0,0,0,3000,0,0,0,3000,0,3000,3000
052693,微星中信96購01  ,0,0,0,0,0,0,0,0,0,3000,0,0,0,5000,2000,3000,3000
051828,微星元大95購03  ,0,0,0,0,0,0,0,0,0,3000,0,0,0,4000,1000,3000,3000
051756,台積電元大97購04,0,0,0,0,0,0,0,0,0,3000,0,0,0,141000,138000,3000,3000
051906,國巨元大95購09  ,0,0,0,0,0,0,0,0,0,3000,0,0,0,18000,15000,3000,3000
052031,臺股指群益95購04,0,0,0,0,0,0,0,0,0,3000,0,0,0,6000,3000,3000,3000
052032,臺股指群益95購05,0,0,0,0,0,0,0,0,0,3000,0,0,0,3000,0,3000,3000
052215,樺漢元大96購02  ,0,0,0,0,0,0,0,0,0,3000,0,0,0,3000,0,3000,3000
052065,臺股指國票95購12,0,0,0,0,0,0,0,0,0,3000,0,0,0,13000,10000,3000,3000
5288,豐祥-KY         ,9000,6000,3000,0,0,0,0,0,0,0,0,0,0,0,0,0,3000
6136,富爾特          ,0,0,0,0,0,0,0,0,0,3000,3000,0,3000,0,0,0,3000
9944,新麗            ,9000,2000,7000,0,0,0,0,0,0,-4000,3000,7000,-4000,0,0,0,3000
8480,泰昇-KY         ,6000,1000,5000,0,0,0,0,2000,-2000,0,0,0,0,0,0,0,3000
910861,神州-DR         ,6000,3000,3000,0,0,0,0,0,0,0,0,0,0,0,0,0,3000
8367,建新國際        ,7000,4000,3000,0,0,0,0,0,0,0,0,0,0,0,0,0,3000
2436,偉詮電          ,26000,28000,-2000,0,0,0,0,0,0,5000,5000,0,5000,0,0,0,3000
2612,中航            ,43000,40000,3000,0,0,0,0,0,0,0,0,0,0,0,0,0,3000
3028,增你強          ,6000,3000,3000,0,0,0,0,0,0,0,0,0,0,0,0,0,3000
2911,麗嬰房          ,8000,5000,3000,0,0,0,0,0,0,0,0,0,0,0,0,0,3000
3266,昇陽            ,5000,2000,3000,0,0,0,0,0,0,0,0,0,0,0,0,0,3000
06057P,大立光凱基98售01,0,0,0,0,0,0,0,0,0,3000,0,0,0,3000,0,3000,3000
06138P,台積電中信99售01,0,0,0,0,0,0,0,0,0,3000,0,0,0,3000,0,3000,3000
06331P,南亞科群益97售04,0,0,0,0,0,0,0,0,0,3000,0,0,0,3000,0,3000,3000
056746,超眾凱基99購01  ,0,0,0,0,0,0,0,0,0,3000,0,0,0,23000,20000,3000,3000
056875,亞光凱基98購03  ,0,0,0,0,0,0,0,0,0,3000,0,0,0,18000,15000,3000,3000
057012,康控中信98購01  ,0,0,0,0,0,0,0,0,0,3000,0,0,0,6000,3000,3000,3000
05822P,臺股指凱基96售19,0,0,0,0,0,0,0,0,0,3000,0,0,0,3000,0,3000,3000
05740P,宏達電元富96售01,0,0,0,0,0,0,0,0,0,3000,0,0,0,3000,0,3000,3000
05523P,聯發科國票96售04,0,0,0,0,0,0,0,0,0,2000,0,0,0,2000,0,2000,2000
054953,華新科元大97購05,0,0,0,0,0,0,0,0,0,2000,0,0,0,2000,0,2000,2000
054902,億光康和97購01  ,0,0,0,0,0,0,0,0,0,2000,0,0,0,70000,68000,2000,2000
055032,億光富邦99購01  ,0,0,0,0,0,0,0,0,0,2000,0,0,0,2000,0,2000,2000
054418,茂林元大97購01  ,0,0,0,0,0,0,0,0,0,2000,0,0,0,100000,98000,2000,2000
054378,楠梓電群益98購01,0,0,0,0,0,0,0,0,0,2000,0,0,0,2000,0,2000,2000
054505,揚明光永豐97購02,0,0,0,0,0,0,0,0,0,2000,0,0,0,2000,0,2000,2000
054309,禾伸堂凱基98購01,0,0,0,0,0,0,0,0,0,2000,0,0,0,3000,1000,2000,2000
054253,宏達電元大97購03,0,0,0,0,0,0,0,0,0,2000,0,0,0,3000,1000,2000,2000
054235,欣興群益96購06  ,0,0,0,0,0,0,0,0,0,2000,0,0,0,2000,0,2000,2000
054548,鴻海凱基98購03  ,0,0,0,0,0,0,0,0,0,2000,0,0,0,70000,68000,2000,2000
055693,南茂凱基97購01  ,0,0,0,0,0,0,0,0,0,2000,0,0,0,122000,120000,2000,2000
055825,臺股指國票97購12,0,0,0,0,0,0,0,0,0,2000,0,0,0,2000,0,2000,2000
055727,矽力元大97購02  ,0,0,0,0,0,0,0,0,0,2000,0,0,0,3000,1000,2000,2000
056401,國巨群益98購07  ,0,0,0,0,0,0,0,0,0,2000,0,0,0,6000,4000,2000,2000
056296,旺宏元大97購07  ,0,0,0,0,0,0,0,0,0,2000,0,0,0,44000,42000,2000,2000
056157,聯詠凱基97購03  ,0,0,0,0,0,0,0,0,0,2000,0,0,0,22000,20000,2000,2000
056120,聯茂群益97購02  ,0,0,0,0,0,0,0,0,0,2000,0,0,0,224000,222000,2000,2000
05610P,國巨群益98售01  ,0,0,0,0,0,0,0,0,0,2000,0,0,0,15000,13000,2000,2000
047579,大立光群益94購02,0,0,0,0,0,0,0,0,0,2000,0,0,0,2000,0,2000,2000
046240,中鋼中信94購01  ,0,0,0,0,0,0,0,0,0,2000,0,0,0,50000,48000,2000,2000
046547,大立光永豐92購05,0,0,0,0,0,0,0,0,0,2000,0,0,0,2000,0,2000,2000
049534,華擎永豐94購02  ,0,0,0,0,0,0,0,0,0,2000,0,0,0,2000,0,2000,2000
049527,國巨中信95購01  ,0,0,0,0,0,0,0,0,0,2000,0,0,0,13000,11000,2000,2000
049414,台積電凱基94購18,0,0,0,0,0,0,0,0,0,2000,0,0,0,2000,0,2000,2000
049751,牧德永豐95購01  ,0,0,0,0,0,0,0,0,0,2000,0,0,0,2000,0,2000,2000
049691,可成元大94購06  ,0,0,0,0,0,0,0,0,0,2000,0,0,0,42000,40000,2000,2000
046005,健策統一92購02  ,0,0,0,0,0,0,0,0,0,2000,0,0,0,2000,0,2000,2000
047994,亞德客元大93購03,0,0,0,0,0,0,0,0,0,2000,0,0,0,15000,13000,2000,2000
046137,遠東新統一92購01,0,0,0,0,0,0,0,0,0,2000,0,0,0,2000,0,2000,2000
045716,智邦凱基92購02  ,0,0,0,0,0,0,0,0,0,2000,0,0,0,2000,0,2000,2000
044589,國巨統一93購03  ,0,0,0,0,0,0,0,0,0,2000,0,0,0,2000,0,2000,2000
04450P,京元電凱基94售01,0,0,0,0,0,0,0,0,0,2000,0,0,0,2000,0,2000,2000
042037,台灣50群益93購03,0,0,0,0,0,0,0,0,0,2000,0,0,0,2000,0,2000,2000
04052P,上銀國泰94售01  ,0,0,0,0,0,0,0,0,0,2000,0,0,0,2000,0,2000,2000
04038P,聯茂群益93售03  ,0,0,0,0,0,0,0,0,0,2000,0,0,0,2000,0,2000,2000
04047P,華邦電元大94售03,0,0,0,0,0,0,0,0,0,2000,0,0,0,2000,0,2000,2000
03181P,台灣50元大01售40,0,0,0,0,0,0,0,0,0,2000,0,0,0,2000,0,2000,2000
0051,元大中型100     ,1000,1000,0,0,0,0,0,0,0,2000,0,0,0,3000,1000,2000,2000
00681R,元大美債20反1   ,0,0,0,0,0,0,0,0,0,2000,0,0,0,2000,0,2000,2000
01007T,兆豐國泰R2      ,2000,0,2000,0,0,0,0,0,0,0,0,0,0,0,0,0,2000
00735,國泰臺韓科技    ,0,0,0,0,0,0,0,0,0,2000,0,0,0,104000,102000,2000,2000
00711B,FH彭博新興債    ,0,0,0,0,0,0,0,0,0,2000,0,0,0,113000,111000,2000,2000
042803,天鈺元大93購01  ,0,0,0,0,0,0,0,0,0,2000,0,0,0,2000,0,2000,2000
042915,大立光元大93購01,0,0,0,0,0,0,0,0,0,2000,0,0,0,2000,0,2000,2000
04296P,技嘉元大93售01  ,0,0,0,0,0,0,0,0,0,2000,0,0,0,2000,0,2000,2000
042387,台積電永昌93購02,0,0,0,0,0,0,0,0,0,2000,0,0,0,4000,2000,2000,2000
04253P,聯發科元富93售01,0,0,0,0,0,0,0,0,0,2000,0,0,0,2000,0,2000,2000
045451,聯發科富邦93購01,0,0,0,0,0,0,0,0,0,2000,0,0,0,2000,0,2000,2000
045386,新光金元大93購02,0,0,0,0,0,0,0,0,0,2000,0,0,0,2000,0,2000,2000
03651C,臺股指凱基97牛17,0,0,0,0,0,0,0,0,0,2000,0,0,0,49000,47000,2000,2000
050165,泰鼎國泰95購02  ,0,0,0,0,0,0,0,0,0,2000,0,0,0,2000,0,2000,2000
050586,康友國票94購01  ,0,0,0,0,0,0,0,0,0,2000,0,0,0,2000,0,2000,2000
050540,台積電凱基94購38,0,0,0,0,0,0,0,0,0,2000,0,0,0,2000,0,2000,2000
050560,聯詠統一94購02  ,0,0,0,0,0,0,0,0,0,2000,0,0,0,127000,125000,2000,2000
05052P,友達群益97售01  ,0,0,0,0,0,0,0,0,0,2000,0,0,0,2000,0,2000,2000
048729,鴻海麥證94購01  ,0,0,0,2000,0,2000,0,0,0,2000,0,0,0,2000,0,2000,2000
048684,上海銀富邦93購02,0,0,0,0,0,0,0,0,0,2000,0,0,0,2000,0,2000,2000
048309,寶齡凱基93購01  ,0,0,0,0,0,0,0,0,0,2000,0,0,0,2000,0,2000,2000
04877P,聯發科麥證94售04,0,0,0,2000,0,2000,0,0,0,2000,0,0,0,2000,0,2000,2000
048910,和鑫富邦98購01  ,0,0,0,0,0,0,0,0,0,2000,0,0,0,58000,56000,2000,2000
048873,玉晶光國票95購02,0,0,0,0,0,0,0,0,0,2000,0,0,0,13000,11000,2000,2000
048566,上海銀元大93購04,0,0,0,0,0,0,0,0,0,2000,0,0,0,2000,0,2000,2000
049904,矽力元富94購01  ,0,0,0,0,0,0,0,0,0,2000,0,0,0,10000,8000,2000,2000
048184,達運群益93購01  ,0,0,0,0,0,0,0,0,0,2000,0,0,0,2000,0,2000,2000
051050,鴻海群益95購03  ,0,0,0,0,0,0,0,0,0,2000,0,0,0,2000,0,2000,2000
051057,信邦群益95購01  ,0,0,0,0,0,0,0,0,0,2000,0,0,0,12000,10000,2000,2000
050909,華夏中信95購01  ,0,0,0,0,0,0,0,0,0,2000,0,0,0,2000,0,2000,2000
051242,台積電元大96購06,0,0,0,0,0,0,0,0,0,2000,0,0,0,31000,29000,2000,2000
051347,國巨元大95購06  ,0,0,0,0,0,0,0,0,0,2000,0,0,0,2000,0,2000,2000
049083,大立光凱基94購02,0,0,0,0,0,0,0,0,0,2000,0,0,0,2000,0,2000,2000
048964,劍麟元大94購01  ,0,0,0,0,0,0,0,0,0,2000,0,0,0,2000,0,2000,2000
048986,訊連元大94購01  ,0,0,0,0,0,0,0,0,0,2000,0,0,0,3000,1000,2000,2000
050814,微星凱基95購01  ,0,0,0,0,0,0,0,0,0,2000,0,0,0,12000,10000,2000,2000
050632,國巨群益94購07  ,0,0,0,0,0,0,0,0,0,2000,0,0,0,45000,43000,2000,2000
052171,台積電元大95購21,0,0,0,0,0,0,0,0,0,2000,0,0,0,185000,183000,2000,2000
051933,嘉聯益國票97購03,0,0,0,0,0,0,0,0,0,2000,0,0,0,2000,0,2000,2000
051712,嘉聯益群益95購01,0,0,0,0,0,0,0,0,0,2000,0,0,0,2000,0,2000,2000
05184P,緯穎元富95售01  ,0,0,0,0,0,0,0,0,0,2000,0,0,0,2000,0,2000,2000
051615,華通凱基96購01  ,0,0,0,0,0,0,0,0,0,2000,0,0,0,2000,0,2000,2000
052739,國巨元大96購04  ,0,0,0,0,0,0,0,0,0,2000,0,0,0,2000,0,2000,2000
052898,樺漢群益96購01  ,0,0,0,0,0,0,0,0,0,2000,0,0,0,2000,0,2000,2000
052839,上海銀國泰97購01,0,0,0,0,0,0,0,0,0,2000,0,0,0,2000,0,2000,2000
052835,滬深2X國泰98購01,0,0,0,0,0,0,0,0,0,2000,0,0,0,2000,0,2000,2000
052515,矽力凱基95購02  ,0,0,0,0,0,0,0,0,0,2000,0,0,0,2000,0,2000,2000
053808,大成鋼群益97購01,0,0,0,0,0,0,0,0,0,2000,0,0,0,26000,24000,2000,2000
053628,微星兆豐96購01  ,0,0,0,0,0,0,0,0,0,2000,0,0,0,22000,20000,2000,2000
053566,大立光富邦99購03,0,0,0,0,0,0,0,0,0,2000,0,0,0,2000,0,2000,2000
05371P,臺股指中信95售10,0,0,0,0,0,0,0,0,0,2000,0,0,0,32000,30000,2000,2000
053004,燿華永豐96購01  ,0,0,0,0,0,0,0,0,0,2000,0,0,0,2000,0,2000,2000
053381,友達元大9A購02  ,0,0,0,0,0,0,0,0,0,2000,0,0,0,97000,95000,2000,2000
053372,元油反元大98購01,0,0,0,0,0,0,0,0,0,2000,0,0,0,2000,0,2000,2000
053495,聯發科兆豐96購02,0,0,0,0,0,0,0,0,0,2000,0,0,0,36000,34000,2000,2000
056935,華新科元富98購02,0,0,0,0,0,0,0,0,0,2000,0,0,0,84000,82000,2000,2000
06384P,訊芯元富97售03  ,0,0,0,0,0,0,0,0,0,2000,0,0,0,12000,10000,2000,2000
06409P,康友元富97售03  ,0,0,0,0,0,0,0,0,0,2000,0,0,0,2000,0,2000,2000
06372P,聯發科元大97售21,0,0,0,0,0,0,0,0,0,2000,0,0,0,27000,25000,2000,2000
06449P,台積電元大98售09,0,0,0,0,0,0,0,0,0,2000,0,0,0,3000,1000,2000,2000
06127P,泰碩元富97售01  ,0,0,0,0,0,0,0,0,0,2000,0,0,0,2000,0,2000,2000
05998P,台積電元大97售12,0,0,0,0,0,0,0,0,0,2000,0,0,0,227000,225000,2000,2000
3416,融程電          ,2000,0,2000,0,0,0,0,0,0,0,0,0,0,0,0,0,2000
2731,雄獅            ,32000,30000,2000,0,0,0,0,0,0,0,0,0,0,0,0,0,2000
2459,敦吉            ,9000,8000,1000,0,0,0,0,0,0,1000,1000,0,1000,0,0,0,2000
2497,怡利電          ,2000,0,2000,0,0,0,0,0,0,0,0,0,0,0,0,0,2000
2514,龍邦            ,5000,3000,2000,0,0,0,0,0,0,0,0,0,0,0,0,0,2000
2440,太空梭          ,0,0,0,0,0,0,0,0,0,2000,2000,0,2000,0,0,0,2000
2038,海光            ,6000,4000,2000,0,0,0,0,0,0,0,0,0,0,0,0,0,2000
1568,倉佑            ,4000,2000,2000,0,0,0,0,0,0,0,0,0,0,0,0,0,2000
8454,富邦媒          ,9000,14000,-5000,0,0,0,0,0,0,7000,7000,0,7000,0,0,0,2000
8072,陞泰            ,2000,0,2000,0,0,0,0,0,0,0,0,0,0,0,0,0,2000
4562,穎漢            ,3000,1000,2000,0,0,0,0,0,0,0,0,0,0,0,0,0,2000
4536,拓凱            ,12000,14000,-2000,0,0,0,0,0,0,4000,4000,0,4000,0,0,0,2000
008201,BP上證50        ,0,0,0,0,0,0,0,0,0,1300,0,0,0,1300,0,1300,1300
05604P,聯發科元大96售10,0,0,0,0,0,0,0,0,0,1000,0,0,0,259000,258000,1000,1000
056412,上証2X中信9A購02,0,0,0,0,0,0,0,0,0,1000,0,0,0,1000,0,1000,1000
056484,聯茂元大98購02  ,0,0,0,0,0,0,0,0,0,1000,0,0,0,93000,92000,1000,1000
056462,訊芯凱基98購03  ,0,0,0,0,0,0,0,0,0,1000,0,0,0,1000,0,1000,1000
056563,華新科群益98購04,0,0,0,0,0,0,0,0,0,1000,0,0,0,52000,51000,1000,1000
055933,欣興群益98購02  ,0,0,0,0,0,0,0,0,0,1000,0,0,0,1000,0,1000,1000
055900,瀚宇博中信97購01,0,0,0,0,0,0,0,0,0,1000,0,0,0,1000,0,1000,1000
055689,台郡凱基99購01  ,0,0,0,0,0,0,0,0,0,1000,0,0,0,1000,0,1000,1000
055658,南電元富97購01  ,0,0,0,0,0,0,0,0,0,1000,0,0,0,181000,180000,1000,1000
05565P,鎧勝元大96售01  ,0,0,0,0,0,0,0,0,0,1000,0,0,0,1000,0,1000,1000
055577,晶技統一97購02  ,0,0,0,0,0,0,0,0,0,1000,0,0,0,1000,0,1000,1000
055609,旺宏國票99購01  ,0,0,0,0,0,0,0,0,0,1000,0,0,0,1000,0,1000,1000
055502,群創元大9C購03  ,0,0,0,0,0,0,0,0,0,1000,0,0,0,1000,0,1000,1000
055560,大立光凱基97購10,0,0,0,0,0,0,0,0,0,1000,0,0,0,1000,0,1000,1000
055426,旺宏群益99購02  ,0,0,0,0,0,0,0,0,0,1000,0,0,0,5000,4000,1000,1000
05456P,鴻海凱基95售19  ,0,0,0,0,0,0,0,0,0,1000,0,0,0,5000,4000,1000,1000
054638,國泰金中信99購01,0,0,0,0,0,0,0,0,0,1000,0,0,0,16000,15000,1000,1000
054712,上証2X中信98購02,0,0,0,0,0,0,0,0,0,1000,0,0,0,1000,0,1000,1000
054697,凌華永豐97購01  ,0,0,0,0,0,0,0,0,0,1000,0,0,0,1000,0,1000,1000
054807,台化元大9A購02  ,0,0,0,0,0,0,0,0,0,1000,0,0,0,13000,12000,1000,1000
054796,康普群益98購01  ,0,0,0,0,0,0,0,0,0,1000,0,0,0,1000,0,1000,1000
05424P,台達電亞東96售02,0,0,0,0,0,0,0,0,0,1000,0,0,0,1000,0,1000,1000
054319,世紀鋼凱基96購02,0,0,0,0,0,0,0,0,0,1000,0,0,0,1000,0,1000,1000
054276,國巨群益96購07  ,0,0,0,0,0,0,0,0,0,1000,0,0,0,1000,0,1000,1000
055084,國巨第一97購01  ,0,0,0,0,0,0,0,0,0,1000,0,0,0,1000,0,1000,1000
055111,宏盛凱基97購01  ,0,0,0,0,0,0,0,0,0,1000,0,0,0,1000,0,1000,1000
054834,帆宣中信97購01  ,0,0,0,0,0,0,0,0,0,1000,0,0,0,2000,1000,1000,1000
054829,亞光國泰99購01  ,0,0,0,0,0,0,0,0,0,1000,0,0,0,237000,236000,1000,1000
054869,新光金群益97購01,0,0,0,0,0,0,0,0,0,1000,0,0,0,1000,0,1000,1000
055330,上銀兆豐98購02  ,0,0,0,0,0,0,0,0,0,1000,0,0,0,1000,0,1000,1000
05527P,聯茂群益96售01  ,0,0,0,0,0,0,0,0,0,1000,0,0,0,1000,0,1000,1000
055298,啟碁元大97購02  ,0,0,0,0,0,0,0,0,0,1000,0,0,0,13000,12000,1000,1000
05539P,鎧勝永豐96售01  ,0,0,0,0,0,0,0,0,0,1000,0,0,0,1000,0,1000,1000
00767,FH美國金融股    ,0,0,0,0,0,0,0,0,0,1000,0,0,0,1000,0,1000,1000
006204,永豐臺灣加權    ,0,0,0,0,0,0,0,0,0,1000,0,0,0,1000,0,1000,1000
0053,元大電子        ,0,0,0,0,0,0,0,0,0,1000,0,0,0,1000,0,1000,1000
03022X,富展01          ,0,0,0,0,0,0,0,0,0,1000,0,0,0,1000,0,1000,1000
04223P,友達統一93售05  ,0,0,0,0,0,0,0,0,0,1000,0,0,0,1000,0,1000,1000
04046P,台積電元大93售24,0,0,0,0,0,0,0,0,0,1000,0,0,0,1000,0,1000,1000
04121P,宏碁凱基93售02  ,0,0,0,0,0,0,0,0,0,1000,0,0,0,1000,0,1000,1000
04176P,台達電元大94售01,0,0,0,0,0,0,0,0,0,1000,0,0,0,1000,0,1000,1000
04157P,鎧勝永豐93售02  ,0,0,0,0,0,0,0,0,0,1000,0,0,0,1000,0,1000,1000
03868P,統一凱基93售02  ,0,0,0,0,0,0,0,0,0,1000,0,0,0,1000,0,1000,1000
03939P,康控元大95售02  ,0,0,0,0,0,0,0,0,0,1000,0,0,0,1000,0,1000,1000
045444,群創元富98購02  ,0,0,0,0,0,0,0,0,0,1000,0,0,0,1000,0,1000,1000
045296,台積電元大93購03,0,0,0,0,0,0,0,0,0,1000,0,0,0,1000,0,1000,1000
04264P,宏碁統一93售01  ,0,0,0,0,0,0,0,0,0,1000,0,0,0,1000,0,1000,1000
042826,欣興兆豐93購01  ,0,0,0,0,0,0,0,0,0,1000,0,0,0,1000,0,1000,1000
046794,智伸科元富93購01,0,0,0,0,0,0,0,0,0,1000,0,0,0,1000,0,1000,1000
044310,元黃金台新93購01,0,0,0,0,0,0,0,0,0,1000,0,0,0,1000,0,1000,1000
044396,燿華凱基93購02  ,0,0,0,0,0,0,0,0,0,1000,0,0,0,1000,0,1000,1000
047836,國泰金元大93購01,0,0,0,0,0,0,0,0,0,1000,0,0,0,1000,0,1000,1000
047807,華邦電凱基93購06,0,0,0,0,0,0,0,0,0,1000,0,0,0,1000,0,1000,1000
047780,友達中信96購01  ,0,0,0,0,0,0,0,0,0,1000,0,0,0,31000,30000,1000,1000
047771,緯創元大93購01  ,0,0,0,0,0,0,0,0,0,1000,0,0,0,1000,0,1000,1000
044604,嘉聯益國泰93購01,0,0,0,0,0,0,0,0,0,1000,0,0,0,1000,0,1000,1000
044526,訊芯凱基93購02  ,0,0,0,0,0,0,0,0,0,1000,0,0,0,1000,0,1000,1000
044620,上銀元大92購04  ,0,0,0,0,0,0,0,0,0,1000,0,0,0,1000,0,1000,1000
044530,台積電富邦94購01,0,0,0,0,0,0,0,0,0,1000,0,0,0,1000,0,1000,1000
044255,群創元大93購01  ,0,0,0,0,0,0,0,0,0,1000,0,0,0,1000,0,1000,1000
044258,超眾元大92購02  ,0,0,0,0,0,0,0,0,0,1000,0,0,0,1000,0,1000,1000
045023,聯發科亞東93購01,0,0,0,0,0,0,0,0,0,1000,0,0,0,1000,0,1000,1000
044925,漢唐國泰93購01  ,0,0,0,0,0,0,0,0,0,1000,0,0,0,1000,0,1000,1000
043665,和鑫元大93購01  ,0,0,0,0,0,0,0,0,0,1000,0,0,0,2000,1000,1000,1000
043396,世紀鋼元大93購01,0,0,0,0,0,0,0,0,0,1000,0,0,0,1000,0,1000,1000
043467,全新元大93購01  ,0,0,0,0,0,0,0,0,0,1000,0,0,0,2000,1000,1000,1000
04336P,台達電元大93售04,0,0,0,0,0,0,0,0,0,1000,0,0,0,1000,0,1000,1000
04308P,京元電凱基93售06,0,0,0,0,0,0,0,0,0,1000,0,0,0,1000,0,1000,1000
043854,華新科富邦93購01,0,0,0,0,0,0,0,0,0,1000,0,0,0,1000,0,1000,1000
043889,台表科元大93購01,0,0,0,0,0,0,0,0,0,1000,0,0,0,1000,0,1000,1000
043971,友達富邦92購01  ,0,0,0,0,0,0,0,0,0,1000,0,0,0,2000,1000,1000,1000
04417P,光罩國泰95售02  ,0,0,0,0,0,0,0,0,0,1000,0,0,0,1000,0,1000,1000
044105,聯詠中信95購01  ,0,0,0,0,0,0,0,0,0,1000,0,0,0,100000,99000,1000,1000
046069,禾伸堂凱基92購01,0,0,0,0,0,0,0,0,0,1000,0,0,0,12000,11000,1000,1000
046188,京元電凱基92購06,0,0,0,0,0,0,0,0,0,1000,0,0,0,1000,0,1000,1000
047188,聯詠元大93購04  ,0,0,0,0,0,0,0,0,0,1000,0,0,0,11000,10000,1000,1000
046410,國泰金元大92購03,0,0,0,0,0,0,0,0,0,1000,0,0,0,1000,0,1000,1000
046411,新光金元大92購01,0,0,0,0,0,0,0,0,0,1000,0,0,0,1000,0,1000,1000
046351,智邦群益92購01  ,0,0,0,0,0,0,0,0,0,1000,0,0,0,1000,0,1000,1000
046353,聯發科群益92購04,0,0,0,0,0,0,0,0,0,1000,0,0,0,1000,0,1000,1000
045949,貿聯日盛92購01  ,0,0,0,0,0,0,0,0,0,1000,0,0,0,1000,0,1000,1000
04598P,光罩凱基94售03  ,0,0,0,0,0,0,0,0,0,1000,0,0,0,1000,0,1000,1000
045963,新光金凱基93購01,0,0,0,0,0,0,0,0,0,1000,0,0,0,1000,0,1000,1000
047164,亞光台新93購01  ,0,0,0,0,0,0,0,0,0,1000,0,0,0,1000,0,1000,1000
046030,南亞科元大92購04,0,0,0,0,0,0,0,0,0,1000,0,0,0,98000,97000,1000,1000
049635,臺股指群益94購08,0,0,0,0,0,0,0,0,0,1000,0,0,0,1000,0,1000,1000
049628,臺股指群益94購01,0,0,0,0,0,0,0,0,0,1000,0,0,0,1000,0,1000,1000
049629,臺股指群益94購02,0,0,0,0,0,0,0,0,0,1000,0,0,0,2000,1000,1000,1000
049778,宏達電統一94購02,0,0,0,0,0,0,0,0,0,1000,0,0,0,1000,0,1000,1000
049388,南電元大94購05  ,0,0,0,0,0,0,0,0,0,1000,0,0,0,1000,0,1000,1000
049504,臺股指元大94購15,0,0,0,0,0,0,0,0,0,1000,0,0,0,1000,0,1000,1000
049600,緯穎元大95購02  ,0,0,0,0,0,0,0,0,0,1000,0,0,0,11000,10000,1000,1000
046503,京元電元大92購08,0,0,0,0,0,0,0,0,0,1000,0,0,0,1000,0,1000,1000
046608,超眾兆豐93購02  ,0,0,0,0,0,0,0,0,0,1000,0,0,0,2000,1000,1000,1000
046596,TPK第一93購01   ,0,0,0,0,0,0,0,0,0,1000,0,0,0,1000,0,1000,1000
046663,亞光元大93購02  ,0,0,0,0,0,0,0,0,0,1000,0,0,0,1000,0,1000,1000
046677,矽創元大93購03  ,0,0,0,0,0,0,0,0,0,1000,0,0,0,1000,0,1000,1000
046656,華邦電元大93購02,0,0,0,0,0,0,0,0,0,1000,0,0,0,1000,0,1000,1000
047016,鴻海元大93購07  ,0,0,0,0,0,0,0,0,0,1000,0,0,0,120000,119000,1000,1000
047544,台積電凱基93購17,0,0,0,0,0,0,0,0,0,1000,0,0,0,1000,0,1000,1000
047435,台積電元大94購01,0,0,0,0,0,0,0,0,0,1000,0,0,0,1000,0,1000,1000
045819,台積電凱基92購14,0,0,0,0,0,0,0,0,0,1000,0,0,0,1000,0,1000,1000
047336,臺股指元大93購31,0,0,0,0,0,0,0,0,0,1000,0,0,0,1000,0,1000,1000
047361,致茂群益93購01  ,0,0,0,0,0,0,0,0,0,1000,0,0,0,1000,0,1000,1000
047364,欣興群益93購04  ,0,0,0,0,0,0,0,0,0,1000,0,0,0,1000,0,1000,1000
050650,大立光凱基96購01,0,0,0,0,0,0,0,0,0,1000,0,0,0,60000,59000,1000,1000
049254,台積電元大96購02,0,0,0,0,0,0,0,0,0,1000,0,0,0,1000,0,1000,1000
049277,臺股指元大94購12,0,0,0,0,0,0,0,0,0,1000,0,0,0,1000,0,1000,1000
050853,南電國票96購01  ,0,0,0,0,0,0,0,0,0,1000,0,0,0,1000,0,1000,1000
048981,牧德元大94購01  ,0,0,0,0,0,0,0,0,0,1000,0,0,0,1000,0,1000,1000
048971,美食元大94購01  ,0,0,0,0,0,0,0,0,0,1000,0,0,0,1000,0,1000,1000
048168,致茂永豐93購02  ,0,0,0,0,0,0,0,0,0,1000,0,0,0,1000,0,1000,1000
049107,緯創富邦94購01  ,0,0,0,0,0,0,0,0,0,1000,0,0,0,1000,0,1000,1000
051513,台積電凱基95購13,0,0,0,0,0,0,0,0,0,1000,0,0,0,1000,0,1000,1000
051427,聯發科統一95購04,0,0,0,0,0,0,0,0,0,1000,0,0,0,1000,0,1000,1000
051447,新光金元大97購01,0,0,0,0,0,0,0,0,0,1000,0,0,0,1000,0,1000,1000
05144P,美律永豐95售02  ,0,0,0,0,0,0,0,0,0,1000,0,0,0,1000,0,1000,1000
051485,玉晶光凱基97購02,0,0,0,0,0,0,0,0,0,1000,0,0,0,19000,18000,1000,1000
05111P,台積電統一95售04,0,0,0,0,0,0,0,0,0,1000,0,0,0,67000,66000,1000,1000
05115P,T50反1群益95售02,0,0,0,0,0,0,0,0,0,1000,0,0,0,1000,0,1000,1000
050953,臻鼎群益95購01  ,0,0,0,0,0,0,0,0,0,1000,0,0,0,1000,0,1000,1000
051032,南電元富95購01  ,0,0,0,0,0,0,0,0,0,1000,0,0,0,2000,1000,1000,1000
048075,美利達元富93購02,0,0,0,0,0,0,0,0,0,1000,0,0,0,1000,0,1000,1000
04819P,嘉澤永豐94售01  ,0,0,0,0,0,0,0,0,0,1000,0,0,0,1000,0,1000,1000
048054,鴻海國泰95購01  ,0,0,0,0,0,0,0,0,0,1000,0,0,0,1000,0,1000,1000
049937,臺股指元大94購18,0,0,0,0,0,0,0,0,0,1000,0,0,0,3000,2000,1000,1000
048779,美利達凱基94購01,0,0,0,0,0,0,0,0,0,1000,0,0,0,1000,0,1000,1000
048820,台積電凱基94購06,0,0,0,0,0,0,0,0,0,1000,0,0,0,1000,0,1000,1000
048284,臺股指中信95購04,0,0,0,0,0,0,0,0,0,1000,0,0,0,1000,0,1000,1000
050198,緯穎元大94購09  ,0,0,0,0,0,0,0,0,0,1000,0,0,0,3000,2000,1000,1000
048351,旺宏台新94購02  ,0,0,0,0,0,0,0,0,0,1000,0,0,0,1000,0,1000,1000
048395,南亞科國票93購02,0,0,0,0,0,0,0,0,0,1000,0,0,0,1000,0,1000,1000
048389,國巨國票94購01  ,0,0,0,0,0,0,0,0,0,1000,0,0,0,1000,0,1000,1000
048430,瑞昱國票93購02  ,0,0,0,0,0,0,0,0,0,1000,0,0,0,1000,0,1000,1000
048690,美律群益94購01  ,0,0,0,0,0,0,0,0,0,1000,0,0,0,1000,0,1000,1000
048681,漢唐富邦96購01  ,0,0,0,0,0,0,0,0,0,1000,0,0,0,1000,0,1000,1000
050537,鴻海凱基95購05  ,0,0,0,0,0,0,0,0,0,1000,0,0,0,1000,0,1000,1000
048758,美利達元富96購02,0,0,0,0,0,0,0,0,0,1000,0,0,0,1000,0,1000,1000
050458,台郡元大94購03  ,0,0,0,0,0,0,0,0,0,1000,0,0,0,11000,10000,1000,1000
049991,臺股指凱基96購04,0,0,0,0,0,0,0,0,0,1000,0,0,0,1000,0,1000,1000
049444,元石油統一94購03,0,0,0,0,0,0,0,0,0,1000,0,0,0,1000,0,1000,1000
049799,旺宏元大96購01  ,0,0,0,0,0,0,0,0,0,1000,0,0,0,6000,5000,1000,1000
048663,聯發科統一96購01,0,0,0,0,0,0,0,0,0,1000,0,0,0,1000,0,1000,1000
048646,上緯控元大93購01,0,0,0,0,0,0,0,0,0,1000,0,0,0,1000,0,1000,1000
05345P,臺股指統一95售05,0,0,0,0,0,0,0,0,0,1000,0,0,0,4000,3000,1000,1000
053543,臺股指永豐96購02,0,0,0,0,0,0,0,0,0,1000,0,0,0,1000,0,1000,1000
053530,聯發科康和96購01,0,0,0,0,0,0,0,0,0,1000,0,0,0,1000,0,1000,1000
053378,台積電元大98購02,0,0,0,0,0,0,0,0,0,1000,0,0,0,50000,49000,1000,1000
053313,世紀鋼凱基96購01,0,0,0,0,0,0,0,0,0,1000,0,0,0,1000,0,1000,1000
052963,智邦凱基96購02  ,0,0,0,0,0,0,0,0,0,1000,0,0,0,52000,51000,1000,1000
052933,祥碩元大96購01  ,0,0,0,0,0,0,0,0,0,1000,0,0,0,1000,0,1000,1000
053072,國巨台新97購01  ,0,0,0,0,0,0,0,0,0,1000,0,0,0,1000,0,1000,1000
053115,滬深2X中信97購01,0,0,0,0,0,0,0,0,0,1000,0,0,0,201000,200000,1000,1000
053802,南亞科凱基96購04,0,0,0,0,0,0,0,0,0,1000,0,0,0,31000,30000,1000,1000
053744,台郡國票97購03  ,0,0,0,0,0,0,0,0,0,1000,0,0,0,13000,12000,1000,1000
053901,T50反1凱基99購03,0,0,0,0,0,0,0,0,0,1000,0,0,0,78000,77000,1000,1000
054027,欣興凱基96購04  ,0,0,0,0,0,0,0,0,0,1000,0,0,0,1000,0,1000,1000
052524,新光金元大9B購01,0,0,0,0,0,0,0,0,0,1000,0,0,0,1000,0,1000,1000
052577,台積電統一96購01,0,0,0,0,0,0,0,0,0,1000,0,0,0,1000,0,1000,1000
052566,國巨凱基96購04  ,0,0,0,0,0,0,0,0,0,1000,0,0,0,11000,10000,1000,1000
052368,力成國票96購01  ,0,0,0,0,0,0,0,0,0,1000,0,0,0,60000,59000,1000,1000
052369,矽力國票96購02  ,0,0,0,0,0,0,0,0,0,1000,0,0,0,30000,29000,1000,1000
052344,台表科凱基98購01,0,0,0,0,0,0,0,0,0,1000,0,0,0,10000,9000,1000,1000
052716,欣興凱基96購01  ,0,0,0,0,0,0,0,0,0,1000,0,0,0,1000,0,1000,1000
052662,華新科國票97購01,0,0,0,0,0,0,0,0,0,1000,0,0,0,31000,30000,1000,1000
051559,宏達電國泰96購01,0,0,0,0,0,0,0,0,0,1000,0,0,0,1000,0,1000,1000
051661,華新科永昌96購01,0,0,0,0,0,0,0,0,0,1000,0,0,0,1000,0,1000,1000
05168P,鴻海元大95售14  ,0,0,0,0,0,0,0,0,0,1000,0,0,0,1000,0,1000,1000
051763,新光金元大98購01,0,0,0,0,0,0,0,0,0,1000,0,0,0,1000,0,1000,1000
051956,滬深2X台新96購01,0,0,0,0,0,0,0,0,0,1000,0,0,0,1000,0,1000,1000
051925,瀚宇博第一95購01,0,0,0,0,0,0,0,0,0,1000,0,0,0,1000,0,1000,1000
5538,東明-KY         ,2000,0,2000,0,0,0,0,1000,-1000,0,0,0,0,0,0,0,1000
6201,亞弘電          ,1000,0,1000,0,0,0,0,0,0,0,0,0,0,0,0,0,1000
6655,科定            ,2000,1000,1000,0,0,0,0,0,0,0,0,0,0,0,0,0,1000
6671,三能-KY         ,2000,1000,1000,0,0,0,0,0,0,0,0,0,0,0,0,0,1000
6579,研揚            ,0,2000,-2000,0,0,0,0,0,0,3000,3000,0,3000,0,0,0,1000
8201,無敵            ,1000,0,1000,0,0,0,0,0,0,0,0,0,0,0,0,0,1000
9912,偉聯            ,1000,0,1000,0,0,0,0,0,0,0,0,0,0,0,0,0,1000
9926,新海            ,0,0,0,0,0,0,0,0,0,1000,1000,0,1000,0,0,0,1000
1533,車王電          ,3000,2000,1000,0,0,0,0,0,0,0,0,0,0,0,0,0,1000
1713,國化            ,1000,1000,0,0,0,0,0,0,0,1000,1000,0,1000,0,0,0,1000
1454,台富            ,1000,0,1000,0,0,0,0,0,0,0,0,0,0,0,0,0,1000
1525,江申            ,1000,0,1000,0,0,0,0,0,0,0,0,0,0,0,0,0,1000
1516,川飛            ,1000,0,1000,0,0,0,0,0,0,0,0,0,0,0,0,0,1000
1521,大億            ,2000,1000,1000,0,0,0,0,0,0,0,0,0,0,0,0,0,1000
1436,華友聯          ,10000,9000,1000,0,0,0,0,0,0,0,0,0,0,0,0,0,1000
1316,上曜            ,32000,31000,1000,0,0,0,0,0,0,0,0,0,0,0,0,0,1000
2033,佳大            ,1000,0,1000,0,0,0,0,0,0,0,0,0,0,0,0,0,1000
2062,橋椿            ,3000,2000,1000,0,0,0,0,0,0,0,0,0,0,0,0,0,1000
3311,閎暉            ,1000,0,1000,0,0,0,0,0,0,0,0,0,0,0,0,0,1000
4144,康聯-KY         ,2000,1000,1000,0,0,0,0,0,0,0,0,0,0,0,0,0,1000
3032,偉訓            ,5000,4000,1000,0,0,0,0,0,0,0,0,0,0,0,0,0,1000
2936,客思達-KY       ,1000,0,1000,0,0,0,0,0,0,0,0,0,0,0,0,0,1000
3027,盛達            ,4000,3000,1000,0,0,0,0,0,0,0,0,0,0,0,0,0,1000
06019P,緯穎凱基96售03  ,0,0,0,0,0,0,0,0,0,1000,0,0,0,11000,10000,1000,1000
05988P,光磊元富96售02  ,0,0,0,0,0,0,0,0,0,1000,0,0,0,1000,0,1000,1000
06097P,茂林永豐97售01  ,0,0,0,0,0,0,0,0,0,1000,0,0,0,1000,0,1000,1000
06054P,臺股指中信9A售01,0,0,0,0,0,0,0,0,0,1000,0,0,0,2000,1000,1000,1000
06048P,大立光富邦96售05,0,0,0,0,0,0,0,0,0,1000,0,0,0,1000,0,1000,1000
06180P,禾伸堂群益97售01,0,0,0,0,0,0,0,0,0,1000,0,0,0,43000,42000,1000,1000
06345P,臺股指統一9A售01,0,0,0,0,0,0,0,0,0,1000,0,0,0,3000,2000,1000,1000
06294P,臺股指國票97售08,0,0,0,0,0,0,0,0,0,1000,0,0,0,5000,4000,1000,1000
06309P,光罩元富97售03  ,0,0,0,0,0,0,0,0,0,1000,0,0,0,1000,0,1000,1000
056742,玉晶光凱基9A購01,0,0,0,0,0,0,0,0,0,1000,0,0,0,35000,34000,1000,1000
056693,國產群益98購01  ,0,0,0,0,0,0,0,0,0,1000,0,0,0,1000,0,1000,1000
056613,旺宏永豐98購01  ,0,0,0,0,0,0,0,0,0,1000,0,0,0,29000,28000,1000,1000
05741P,聯發科元大96售14,0,0,0,0,0,0,0,0,0,1000,0,0,0,240000,239000,1000,1000
05758P,光罩永豐96售02  ,0,0,0,0,0,0,0,0,0,1000,0,0,0,1000,0,1000,1000
056964,聯發科永豐98購03,0,0,0,0,0,0,0,0,0,1000,0,0,0,39000,38000,1000,1000
056941,台郡元富9B購01  ,0,0,0,0,0,0,0,0,0,1000,0,0,0,59000,58000,1000,1000
055400,緯穎統一97購01  ,0,0,0,0,0,0,0,0,0,0,0,0,0,10000,10000,0,0
05535P,台積電元大97售06,0,0,0,0,0,0,0,0,0,0,0,0,0,664000,664000,0,0
055351,聯發科凱基97購03,0,0,0,0,0,0,0,0,0,0,0,0,0,16000,16000,0,0
055353,華新科凱基98購03,0,0,0,0,0,0,0,0,0,0,0,0,0,12000,12000,0,0
055348,旺宏凱基97購01  ,0,0,0,0,0,0,0,0,0,0,0,0,0,3000,3000,0,0
055342,鴻海凱基97購04  ,0,0,0,0,0,0,0,0,0,0,0,0,0,55000,55000,0,0
055316,上銀國票98購01  ,0,0,0,0,0,0,0,0,0,0,0,0,0,400000,400000,0,0
055226,聯發科國票97購05,0,0,0,0,0,0,0,0,0,0,0,0,0,10000,10000,0,0
05482P,鴻海凱基95售22  ,0,0,0,0,0,0,0,0,0,0,0,0,0,50000,50000,0,0
054939,台積電元大97購15,0,0,0,0,0,0,0,0,0,0,0,0,0,49000,49000,0,0
055119,力成凱基98購01  ,0,0,0,0,0,0,0,0,0,0,0,0,0,27000,27000,0,0
05426P,聯發科凱基95售12,0,0,0,0,0,0,0,0,0,0,0,0,0,33000,33000,0,0
054286,台積電元大96購22,0,0,0,0,0,0,0,0,0,0,0,0,0,49000,49000,0,0
054287,台積電元大97購11,0,0,0,0,0,0,0,0,0,0,0,0,0,30000,30000,0,0
054314,嘉聯益凱基97購01,0,0,0,0,0,0,0,0,0,0,0,0,0,1000,1000,0,0
054258,牧德元大97購01  ,0,0,0,0,0,0,0,0,0,0,0,0,0,5000,5000,0,0
054230,上銀群益96購03  ,0,0,0,0,0,0,0,0,0,0,0,0,0,24000,24000,0,0
054205,華新國票97購02  ,0,0,0,0,0,0,0,0,0,0,0,0,0,10000,10000,0,0
054469,同欣電凱基97購01,0,0,0,0,0,0,0,0,0,0,0,0,0,20000,20000,0,0
054429,中石化台新97購01,0,0,0,0,0,0,0,0,0,0,0,0,0,100000,100000,0,0
054448,矽力兆豐96購01  ,0,0,0,0,0,0,0,0,0,0,0,0,0,30000,30000,0,0
054424,大成鋼富邦97購02,0,0,0,0,0,0,0,0,0,0,0,0,0,10000,10000,0,0
054814,台積電元大97購13,0,0,0,0,0,0,0,0,0,0,0,0,0,111000,111000,0,0
05480P,滬深2X凱基96售05,0,0,0,0,0,0,0,0,0,0,0,0,0,305000,305000,0,0
054754,昇陽半凱基98購02,0,0,0,0,0,0,0,0,0,0,0,0,0,28000,28000,0,0
054625,旺宏凱基98購03  ,0,0,0,0,0,0,0,0,0,0,0,0,0,3000,3000,0,0
054655,貿聯麥證98購01  ,0,0,0,20000,20000,0,0,0,0,0,0,0,0,20000,20000,0,0
054659,亞光元大97購02  ,0,0,0,0,0,0,0,0,0,0,0,0,0,210000,210000,0,0
054610,聯發科永豐97購01,0,0,0,0,0,0,0,0,0,0,0,0,0,1000,1000,0,0
054600,中壽台新97購01  ,0,0,0,0,0,0,0,0,0,0,0,0,0,10000,10000,0,0
054550,旺宏凱基98購02  ,0,0,0,0,0,0,0,0,0,0,0,0,0,1000,1000,0,0
054531,聯發科國泰97購02,0,0,0,0,0,0,0,0,0,0,0,0,0,20000,20000,0,0
055566,台表科凱基97購03,0,0,0,0,0,0,0,0,0,0,0,0,0,10000,10000,0,0
055547,台積電凱基97購13,0,0,0,0,0,0,0,0,0,0,0,0,0,10000,10000,0,0
055557,華新科凱基97購01,0,0,0,0,0,0,0,0,0,0,0,0,0,7000,7000,0,0
055558,大立光凱基97購08,0,0,0,0,0,0,0,0,0,0,0,0,0,10000,10000,0,0
055534,晶技群益97購03  ,0,0,0,0,0,0,0,0,0,0,0,0,0,98000,98000,0,0
055925,上銀群益97購01  ,0,0,0,0,0,0,0,0,0,0,0,0,0,17000,17000,0,0
055931,冠德群益97購02  ,0,0,0,0,0,0,0,0,0,0,0,0,0,100000,100000,0,0
055774,台光電凱基97購02,0,0,0,0,0,0,0,0,0,0,0,0,0,20000,20000,0,0
05587P,鴻海凱基96售12  ,0,0,0,0,0,0,0,0,0,0,0,0,0,50000,50000,0,0
056552,台表科凱基99購01,0,0,0,0,0,0,0,0,0,0,0,0,0,10000,10000,0,0
056548,瀚宇博凱基98購02,0,0,0,0,0,0,0,0,0,0,0,0,0,40000,40000,0,0
056530,旺宏凱基98購06  ,0,0,0,0,0,0,0,0,0,0,0,0,0,3000,3000,0,0
056494,緯創國泰99購01  ,0,0,0,0,0,0,0,0,0,0,0,0,0,10000,10000,0,0
056438,旺宏凱基98購05  ,0,0,0,0,0,0,0,0,0,0,0,0,0,3000,3000,0,0
05645P,聯發科凱基96售13,0,0,0,0,0,0,0,0,0,0,0,0,0,24000,24000,0,0
056357,台積電元大9A購01,0,0,0,0,0,0,0,0,0,0,0,0,0,100000,100000,0,0
056354,國巨元大98購10  ,0,0,0,0,0,0,0,0,0,0,0,0,0,33000,33000,0,0
056056,旺宏元大97購06  ,0,0,0,0,0,0,0,0,0,0,0,0,0,142000,142000,0,0
056064,大立光元大97購14,0,0,0,0,0,0,0,0,0,0,0,0,0,101000,101000,0,0
056153,華新科凱基97購02,0,0,0,0,0,0,0,0,0,0,0,0,0,7000,7000,0,0
056195,群創富邦98購01  ,0,0,0,0,0,0,0,0,0,0,0,0,0,10000,10000,0,0
056225,聯發科凱基97購09,0,0,0,0,0,0,0,0,0,0,0,0,0,12000,12000,0,0
056241,緯創群益97購01  ,0,0,0,0,0,0,0,0,0,0,0,0,0,11000,11000,0,0
047351,聯詠凱基93購02  ,0,0,0,0,0,0,0,0,0,0,0,0,0,2000,2000,0,0
047353,台郡凱基93購03  ,0,0,0,0,0,0,0,0,0,0,0,0,0,6000,6000,0,0
045818,鴻海凱基93購10  ,0,0,0,0,0,0,0,0,0,0,0,0,0,10000,10000,0,0
047711,華新科凱基94購03,0,0,0,0,0,0,0,0,0,0,0,0,0,7000,7000,0,0
047697,台郡國票94購02  ,0,0,0,0,0,0,0,0,0,0,0,0,0,12000,12000,0,0
047436,台積電元大94購02,0,0,0,0,0,0,0,0,0,0,0,0,0,1000,1000,0,0
047476,鴻海凱基94購08  ,0,0,0,0,0,0,0,0,0,0,0,0,0,10000,10000,0,0
047599,大立光統一93購08,0,0,0,0,0,0,0,0,0,0,0,0,0,10000,10000,0,0
047590,健策永豐93購01  ,0,0,0,0,0,0,0,0,0,0,0,0,0,20000,20000,0,0
047039,晶技群益93購02  ,0,0,0,0,0,0,0,0,0,0,0,0,0,10000,10000,0,0
047413,台積電永昌93購05,0,0,0,0,0,0,0,0,0,0,0,0,0,1000,1000,0,0
046314,宏達電元大92購05,0,0,0,0,0,0,0,0,0,0,0,0,0,100000,100000,0,0
046287,禾伸堂兆豐92購01,0,0,0,0,0,0,0,0,0,0,0,0,0,10000,10000,0,0
046643,臺股指永豐93購01,0,0,0,0,0,0,0,0,0,0,0,0,0,740000,740000,0,0
046693,台積電凱基93購03,0,0,0,0,0,0,0,0,0,0,0,0,0,15000,15000,0,0
046755,瑞昱凱基93購05  ,0,0,0,0,0,0,0,0,0,0,0,0,0,20000,20000,0,0
046530,聯發科兆豐92購02,0,0,0,0,0,0,0,0,0,0,0,0,0,280000,280000,0,0
049418,大立光凱基94購05,0,0,0,0,0,0,0,0,0,0,0,0,0,52000,52000,0,0
049387,緯穎元大94購03  ,0,0,0,0,0,0,0,0,0,0,0,0,0,14000,14000,0,0
046433,康友中信92購01  ,0,0,0,0,0,0,0,0,0,0,0,0,0,20000,20000,0,0
049646,旺宏凱基94購01  ,0,0,0,0,0,0,0,0,0,0,0,0,0,1000,1000,0,0
049664,聯發科永豐94購03,0,0,0,0,0,0,0,0,0,0,0,0,0,68000,68000,0,0
049665,TPK永昌95購01   ,0,0,0,0,0,0,0,0,0,0,0,0,0,7000,7000,0,0
048001,中工元大96購01  ,0,0,0,0,0,0,0,0,0,0,0,0,0,23000,23000,0,0
047121,訊芯元大93購03  ,0,0,0,0,0,0,0,0,0,0,0,0,0,1000,1000,0,0
04713P,創意元大95售01  ,0,0,0,0,0,0,0,0,0,0,0,0,0,3000,3000,0,0
047146,智邦群益93購01  ,0,0,0,0,0,0,0,0,0,0,0,0,0,20000,20000,0,0
04595P,臺股指元大94售13,0,20000,-20000,0,0,0,0,0,0,20000,0,0,0,420000,400000,20000,0
045984,亞光麥證93購02  ,0,0,0,15000,15000,0,0,0,0,0,0,0,0,15000,15000,0,0
04599P,南亞科凱基94售03,0,0,0,0,0,0,0,0,0,0,0,0,0,60000,60000,0,0
046339,訊芯中信92購01  ,0,0,0,0,0,0,0,0,0,0,0,0,0,20000,20000,0,0
04724P,可成凱基94售08  ,0,0,0,0,0,0,0,0,0,0,0,0,0,13000,13000,0,0
046068,國泰金凱基92購02,0,0,0,0,0,0,0,0,0,0,0,0,0,10000,10000,0,0
04326P,泰鼎元大93售06  ,240000,0,240000,0,0,0,0,0,0,-240000,0,0,0,0,240000,-240000,0
04344P,台達電國泰94售01,0,0,0,0,0,0,0,0,0,0,0,0,0,190000,190000,0,0
045718,瑞昱凱基92購01  ,0,0,0,0,0,0,0,0,0,0,0,0,0,10000,10000,0,0
045670,鴻海元大92購09  ,0,0,0,0,0,0,0,0,0,0,0,0,0,60000,60000,0,0
04478P,元油2X中信95售03,0,0,0,0,0,0,0,0,0,0,0,0,0,10000,10000,0,0
044801,微星凱基93購01  ,0,0,0,0,0,0,0,0,0,0,0,0,0,10000,10000,0,0
044511,全新凱基92購01  ,0,0,0,0,0,0,0,0,0,0,0,0,0,10000,10000,0,0
044705,群創元大93購03  ,0,0,0,0,0,0,0,0,0,0,0,0,0,17000,17000,0,0
047801,臺股指兆豐93購01,0,0,0,0,0,0,0,0,0,0,0,0,0,50000,50000,0,0
04778P,可成凱基94售10  ,0,0,0,0,0,0,0,0,0,0,0,0,0,68000,68000,0,0
04690P,國巨群益94售06  ,0,0,0,0,0,0,0,0,0,0,0,0,0,50000,50000,0,0
04697P,臺股指元富94售03,0,0,0,0,0,0,0,0,0,0,0,0,0,10000,10000,0,0
04785P,鴻海永豐94售03  ,0,0,0,0,0,0,0,0,0,0,0,0,0,30000,30000,0,0
044468,台積電群益93購01,0,0,0,0,0,0,0,0,0,0,0,0,0,6000,6000,0,0
04265P,滬深2X元富93售04,0,0,0,0,0,0,0,0,0,0,0,0,0,83000,83000,0,0
045436,友達統一93購02  ,0,0,0,0,0,0,0,0,0,0,0,0,0,3000,3000,0,0
03892P,元油2X中信95售01,0,0,0,0,0,0,0,0,0,0,0,0,0,20000,20000,0,0
03770P,聯發科元大93售05,0,0,0,0,0,0,0,0,0,0,0,0,0,200000,200000,0,0
03564P,為升群益02售02  ,0,0,0,0,0,0,0,0,0,0,0,0,0,50000,50000,0,0
03567P,可成凱基02售06  ,0,0,0,0,0,0,0,0,0,0,0,0,0,30000,30000,0,0
03618C,高股息凱基95牛01,0,0,0,0,0,0,0,0,0,0,0,0,0,5000,5000,0,0
03622P,台光電中信92售01,0,0,0,0,0,0,0,0,0,0,0,0,0,44000,44000,0,0
04146P,可成凱基93售14  ,0,0,0,0,0,0,0,0,0,0,0,0,0,300000,300000,0,0
04138P,智邦國票93售02  ,0,0,0,0,0,0,0,0,0,0,0,0,0,10000,10000,0,0
0052,富邦科技        ,3000,3000,0,0,0,0,0,0,0,0,0,0,0,22000,22000,0,0
00636K,國泰中國A50+U   ,0,0,0,0,0,0,0,0,0,0,0,0,0,100,100,0,0
00684R,元大美元指數反1 ,0,0,0,0,0,0,0,0,0,0,0,0,0,40000,40000,0,0
00689R,國泰20年美債反1 ,0,0,0,0,0,0,0,0,0,0,0,0,0,100000,100000,0,0
00657K,國泰日經225+U   ,0,0,0,0,0,0,0,0,0,0,0,0,0,100,100,0,0
00668K,國泰美國道瓊+U  ,0,0,0,0,0,0,0,0,0,0,0,0,0,100,100,0,0
00776,新光ICE美國權值 ,0,0,0,0,0,0,0,0,0,0,0,0,0,1000,1000,0,0
020012,富邦行動通訊N   ,0,0,0,0,0,0,0,0,0,0,0,0,0,7000,7000,0,0
04014P,聯發科元大93售18,0,0,0,0,0,0,0,0,0,0,0,0,0,300000,300000,0,0
00707R,元大S&P日圓反1  ,0,0,0,0,0,0,0,0,0,0,0,0,0,1000,1000,0,0
00732,國泰RMB短期報酬 ,0,0,0,0,0,0,0,0,0,0,0,0,0,100000,100000,0,0
00774B,新光中國政金綠債,0,0,0,0,0,0,0,0,0,0,0,0,0,2000,2000,0,0
00774C,新光中政金綠債+R,0,0,0,0,0,0,0,0,0,0,0,0,0,1000,1000,0,0
048995,宏全元大94購01  ,0,0,0,0,0,0,0,0,0,0,0,0,0,12000,12000,0,0
049014,台達電群益94購02,0,0,0,0,0,0,0,0,0,0,0,0,0,32000,32000,0,0
049016,國巨群益94購02  ,0,0,0,0,0,0,0,0,0,0,0,0,0,14000,14000,0,0
049797,台積電元大94購17,0,0,0,0,0,0,0,0,0,0,0,0,0,18000,18000,0,0
049307,上銀凱基94購03  ,0,0,0,0,0,0,0,0,0,0,0,0,0,80000,80000,0,0
049338,台達電統一94購04,0,0,0,0,0,0,0,0,0,0,0,0,0,40000,40000,0,0
048603,中磊國票94購02  ,0,0,0,0,0,0,0,0,0,0,0,0,0,9000,9000,0,0
050426,國巨凱基94購14  ,0,0,0,0,0,0,0,0,0,0,0,0,0,100000,100000,0,0
050432,聯發科凱基94購19,0,0,0,0,0,0,0,0,0,0,0,0,0,11000,11000,0,0
049047,台達電台新94購01,0,0,0,0,0,0,0,0,0,0,0,0,0,94000,94000,0,0
050346,康友元富94購03  ,0,0,0,0,0,0,0,0,0,0,0,0,0,5000,5000,0,0
050356,緯穎群益94購05  ,0,0,0,0,0,0,0,0,0,0,0,0,0,57000,57000,0,0
050387,鴻海統一94購08  ,0,0,0,0,0,0,0,0,0,0,0,0,0,50000,50000,0,0
050568,為升中信97購01  ,0,0,0,0,0,0,0,0,0,0,0,0,0,450000,450000,0,0
050128,旺宏凱基94購04  ,0,0,0,0,0,0,0,0,0,0,0,0,0,1000,1000,0,0
05012P,台積電元大95售07,0,0,0,0,0,0,0,0,0,0,0,0,0,20000,20000,0,0
050024,旺宏元大94購09  ,0,0,0,0,0,0,0,0,0,0,0,0,0,8000,8000,0,0
050528,瑞儀元大94購02  ,0,0,0,0,0,0,0,0,0,0,0,0,0,68000,68000,0,0
050518,台積電元大94購28,0,0,0,0,0,0,0,0,0,0,0,0,0,59000,59000,0,0
048687,旺宏群益96購01  ,0,0,0,0,0,0,0,0,0,0,0,0,0,10000,10000,0,0
048707,南電國票95購01  ,0,0,0,0,0,0,0,0,0,0,0,0,0,60000,60000,0,0
048422,瑞昱元富96購02  ,0,0,0,0,0,0,0,0,0,0,0,0,0,138000,138000,0,0
048332,台積電富邦94購02,0,0,0,0,0,0,0,0,0,0,0,0,0,3000,3000,0,0
048443,旺宏凱基93購08  ,0,0,0,0,0,0,0,0,0,0,0,0,0,2000,2000,0,0
048445,瑞昱凱基93購11  ,0,0,0,0,0,0,0,0,0,0,0,0,0,68000,68000,0,0
048493,微星元大93購04  ,0,0,0,0,0,0,0,0,0,0,0,0,0,10000,10000,0,0
048453,嘉澤凱基93購05  ,0,0,0,0,0,0,0,0,0,0,0,0,0,3000,3000,0,0
050236,旺宏凱基94購06  ,0,0,0,0,0,0,0,0,0,0,0,0,0,2000,2000,0,0
050192,康控元大97購01  ,0,0,0,0,0,0,0,0,0,0,0,0,0,20000,20000,0,0
048782,亞泥元大94購01  ,0,0,0,0,0,0,0,0,0,0,0,0,0,5000,5000,0,0
049847,旺宏群益94購04  ,0,0,0,0,0,0,0,0,0,0,0,0,0,10000,10000,0,0
049830,智易凱基94購02  ,0,0,0,0,0,0,0,0,0,0,0,0,0,100000,100000,0,0
049923,智原元大95購02  ,0,0,0,0,0,0,0,0,0,0,0,0,0,5000,5000,0,0
048568,緯穎元大93購06  ,0,0,0,0,0,0,0,0,0,0,0,0,0,43000,43000,0,0
048553,光磊元大93購03  ,0,0,0,0,0,0,0,0,0,0,0,0,0,102000,102000,0,0
048593,華新科群益93購04,0,0,0,0,0,0,0,0,0,0,0,0,0,18000,18000,0,0
050955,達方群益97購01  ,0,0,0,0,0,0,0,0,0,0,0,0,0,1000,1000,0,0
050964,晶技永豐95購02  ,0,0,0,0,0,0,0,0,0,0,0,0,0,10000,10000,0,0
05092P,全新元大95售03  ,0,0,0,0,0,0,0,0,0,0,0,0,0,18000,18000,0,0
051146,旺宏凱基95購04  ,0,0,0,0,0,0,0,0,0,0,0,0,0,3000,3000,0,0
051108,鴻海統一96購02  ,0,0,0,0,0,0,0,0,0,0,0,0,0,48000,48000,0,0
051241,台積電元大95購13,0,0,0,0,0,0,0,0,0,0,0,0,0,85000,85000,0,0
051474,智邦凱基95購04  ,0,0,0,0,0,0,0,0,0,0,0,0,0,32000,32000,0,0
05147P,鴻海元大95售11  ,0,0,0,0,0,0,0,0,0,0,0,0,0,87000,87000,0,0
05146P,鴻海元大95售10  ,0,0,0,0,0,0,0,0,0,0,0,0,0,204000,204000,0,0
051349,國巨元大95購08  ,0,0,0,0,0,0,0,0,0,0,0,0,0,26000,26000,0,0
051306,嘉聯益凱基96購01,0,0,0,0,0,0,0,0,0,0,0,0,0,10000,10000,0,0
051336,智原永豐95購01  ,0,0,0,0,0,0,0,0,0,0,0,0,0,156000,156000,0,0
051264,道瓊反富邦97購01,0,0,0,0,0,0,0,0,0,0,0,0,0,200000,200000,0,0
05127P,鴻海亞東96售01  ,0,0,0,0,0,0,0,0,0,0,0,0,0,250000,250000,0,0
049093,昇陽半凱基94購01,0,0,0,0,0,0,0,0,0,0,0,0,0,11000,11000,0,0
049127,上海銀元富94購01,0,0,0,0,0,0,0,0,0,0,0,0,0,10000,10000,0,0
050251,樺漢凱基94購02  ,0,0,0,0,0,0,0,0,0,0,0,0,0,40000,40000,0,0
050037,金融類元大94購03,0,0,0,0,0,0,0,0,0,0,0,0,0,5000,5000,0,0
048154,旺宏兆豐94購01  ,0,0,0,0,0,0,0,0,0,0,0,0,0,34000,34000,0,0
048965,佳世達元大94購01,0,0,0,0,0,0,0,0,0,0,0,0,0,9000,9000,0,0
049809,聯詠元大94購04  ,0,0,0,0,0,0,0,0,0,0,0,0,0,5000,5000,0,0
048122,台達電元大96購02,0,0,0,0,0,0,0,0,0,0,0,0,0,163000,163000,0,0
050846,緯創國票96購01  ,0,0,0,0,0,0,0,0,0,0,0,0,0,10000,10000,0,0
050825,嘉澤凱基95購01  ,0,0,0,0,0,0,0,0,0,0,0,0,0,11000,11000,0,0
050818,華新科凱基95購02,0,0,0,0,0,0,0,0,0,0,0,0,0,33000,33000,0,0
050758,聯發科元富9B購01,0,0,0,0,0,0,0,0,0,0,0,0,0,25000,25000,0,0
05073P,臺股指中信95售09,0,0,0,0,0,0,0,0,0,0,0,0,0,5000,5000,0,0
050786,健策國泰96購01  ,0,0,0,0,0,0,0,0,0,0,0,0,0,10000,10000,0,0
049287,可成兆豐95購01  ,0,0,0,0,0,0,0,0,0,0,0,0,0,10000,10000,0,0
051914,健策元大96購06  ,0,0,0,0,0,0,0,0,0,0,0,0,0,224000,224000,0,0
051905,道瓊銀元大95購01,0,0,0,0,0,0,0,0,0,0,0,0,0,11000,11000,0,0
051947,矽力統一95購01  ,0,0,0,0,0,0,0,0,0,0,0,0,0,5000,5000,0,0
051984,台塑元大95購01  ,0,0,0,0,0,0,0,0,0,0,0,0,0,14000,14000,0,0
052185,奇力新群益95購03,0,0,0,0,0,0,0,0,0,0,0,0,0,8000,8000,0,0
052084,台泥元大95購01  ,0,0,0,0,0,0,0,0,0,0,0,0,0,15000,15000,0,0
05212P,台積電國票96售04,0,0,0,0,0,0,0,0,0,0,0,0,0,5000,5000,0,0
051796,和碩康和95購01  ,0,0,0,0,0,0,0,0,0,0,0,0,0,100000,100000,0,0
051862,旺宏凱基95購05  ,0,0,0,0,0,0,0,0,0,0,0,0,0,5000,5000,0,0
051816,臺股指凱基95購07,0,0,0,0,0,0,0,0,0,0,0,0,0,600000,600000,0,0
051637,嘉聯益國票96購01,0,0,0,0,0,0,0,0,0,0,0,0,0,19000,19000,0,0
051584,可成元大95購08  ,0,0,0,0,0,0,0,0,0,0,0,0,0,50000,50000,0,0
051576,台積電元大97購02,0,0,0,0,0,0,0,0,0,0,0,0,0,69000,69000,0,0
052648,茂林永豐96購01  ,0,0,0,0,0,0,0,0,0,0,0,0,0,55000,55000,0,0
052633,國巨凱基96購05  ,0,0,0,0,0,0,0,0,0,0,0,0,0,10000,10000,0,0
052605,聯發科元大96購06,0,0,0,0,0,0,0,0,0,0,0,0,0,24000,24000,0,0
052712,旺宏凱基96購02  ,0,0,0,0,0,0,0,0,0,0,0,0,0,81000,81000,0,0
052756,國巨群益96購02  ,0,0,0,0,0,0,0,0,0,0,0,0,0,4000,4000,0,0
052932,正文元大97購01  ,0,0,0,0,0,0,0,0,0,0,0,0,0,100000,100000,0,0
052870,玉晶光凱基96購03,0,0,0,0,0,0,0,0,0,0,0,0,0,14000,14000,0,0
052866,大立光凱基96購12,0,0,0,0,0,0,0,0,0,0,0,0,0,2000,2000,0,0
052230,大立光凱基96購09,0,0,0,0,0,0,0,0,0,0,0,0,0,23000,23000,0,0
052578,大立光統一97購01,0,0,0,0,0,0,0,0,0,0,0,0,0,2000,2000,0,0
052570,華新科凱基96購06,0,0,0,0,0,0,0,0,0,0,0,0,0,5000,5000,0,0
052576,聯茂凱基96購01  ,0,0,0,0,0,0,0,0,0,0,0,0,0,10000,10000,0,0
052519,旺宏元大95購05  ,0,0,0,0,0,0,0,0,0,0,0,0,0,1000,1000,0,0
052511,聯發科凱基95購14,0,0,0,0,0,0,0,0,0,0,0,0,0,68000,68000,0,0
052444,友訊元大95購01  ,0,0,0,0,0,0,0,0,0,0,0,0,0,10000,10000,0,0
052423,宏達電國票96購02,0,0,0,0,0,0,0,0,0,0,0,0,0,6000,6000,0,0
05241P,鴻海國泰97售04  ,0,0,0,0,0,0,0,0,0,0,0,0,0,5000,5000,0,0
052480,麗豐群益95購01  ,0,0,0,0,0,0,0,0,0,0,0,0,0,20000,20000,0,0
054041,鴻海元大96購22  ,0,0,0,0,0,0,0,0,0,0,0,0,0,70000,70000,0,0
054042,華泰元大96購01  ,0,0,0,0,0,0,0,0,0,0,0,0,0,13000,13000,0,0
053902,S&P反1凱基97購01,0,0,0,0,0,0,0,0,0,0,0,0,0,180000,180000,0,0
053905,華新科凱基96購10,0,0,0,0,0,0,0,0,0,0,0,0,0,7000,7000,0,0
054149,達方元大96購01  ,0,0,0,0,0,0,0,0,0,0,0,0,0,1000,1000,0,0
054127,台積電元大96購21,0,0,0,0,0,0,0,0,0,0,0,0,0,49000,49000,0,0
054135,大立光元大97購04,0,0,0,0,0,0,0,0,0,0,0,0,0,125000,125000,0,0
054109,南亞科凱基96購05,0,0,0,0,0,0,0,0,0,0,0,0,0,5000,5000,0,0
053869,嘉澤元大96購02  ,0,0,0,0,0,0,0,0,0,0,0,0,0,5000,5000,0,0
053719,可成凱基96購08  ,0,0,0,0,0,0,0,0,0,0,0,0,0,20000,20000,0,0
053684,台積電元大96購17,0,0,0,0,0,0,0,0,0,0,0,0,0,161000,161000,0,0
053685,台積電元大96購18,0,0,0,0,0,0,0,0,0,0,0,0,0,49000,49000,0,0
053677,同欣電國泰97購01,0,0,0,0,0,0,0,0,0,0,0,0,0,36000,36000,0,0
053632,新唐兆豐96購01  ,0,0,0,0,0,0,0,0,0,0,0,0,0,10000,10000,0,0
053634,劍麟永豐96購01  ,0,0,0,0,0,0,0,0,0,0,0,0,0,68000,68000,0,0
053647,臺股指國票96購10,0,0,0,0,0,0,0,0,0,0,0,0,0,120000,120000,0,0
053596,嘉澤元大96購01  ,0,0,0,0,0,0,0,0,0,0,0,0,0,78000,78000,0,0
053134,南亞科國票97購01,0,0,0,0,0,0,0,0,0,0,0,0,0,6000,6000,0,0
053146,滬深2X元大96購08,0,0,0,0,0,0,0,0,0,0,0,0,0,10000,10000,0,0
053185,友達中信99購01  ,0,0,0,0,0,0,0,0,0,0,0,0,0,20000,20000,0,0
05318P,臺股指永昌95售03,0,0,0,0,0,0,0,0,0,0,0,0,0,30000,30000,0,0
053300,大成鋼凱基96購02,0,0,0,0,0,0,0,0,0,0,0,0,0,3000,3000,0,0
053274,旺宏元大98購03  ,0,0,0,0,0,0,0,0,0,0,0,0,0,9000,9000,0,0
053250,百和國票97購02  ,0,0,0,0,0,0,0,0,0,0,0,0,0,9000,9000,0,0
053419,光罩永豐96購01  ,0,0,0,0,0,0,0,0,0,0,0,0,0,150000,150000,0,0
053505,瑞儀兆豐97購01  ,0,0,0,0,0,0,0,0,0,0,0,0,0,10000,10000,0,0
053544,華新凱基96購01  ,0,0,0,0,0,0,0,0,0,0,0,0,0,1000,1000,0,0
053565,台光電富邦98購01,0,0,0,0,0,0,0,0,0,0,0,0,0,15000,15000,0,0
057075,嘉聯益永豐98購01,0,0,0,0,0,0,0,0,0,0,0,0,0,10000,10000,0,0
057051,群創元大9B購03  ,0,0,0,0,0,0,0,0,0,0,0,0,0,89000,89000,0,0
05830P,滬深2X元富99售03,0,0,0,0,0,0,0,0,0,0,0,0,0,60000,60000,0,0
05815P,台積電凱基97售06,0,0,0,0,0,0,0,0,0,0,0,0,0,220000,220000,0,0
05788P,臺股指永昌96售05,0,0,0,0,0,0,0,0,0,0,250000,0,250000,250000,500000,-250000,0
057194,南電元大98購01  ,0,0,0,0,0,0,0,0,0,0,0,0,0,195000,195000,0,0
05719P,可成元大96售03  ,0,0,0,0,0,0,0,0,0,0,0,0,0,1000,1000,0,0
057184,群創元大98購05  ,0,0,0,0,0,0,0,0,0,0,0,0,0,9000,9000,0,0
057185,群創元大98購06  ,0,0,0,0,0,0,0,0,0,0,0,0,0,40000,40000,0,0
057186,群創元大99購04  ,0,0,0,0,0,0,0,0,0,0,0,0,0,6000,6000,0,0
057189,康控元大98購02  ,0,0,0,0,0,0,0,0,0,0,0,0,0,55000,55000,0,0
057130,全新凱基98購03  ,0,0,0,0,0,0,0,0,0,0,0,0,0,15000,15000,0,0
057124,為升凱基98購02  ,0,0,0,0,0,0,0,0,0,0,0,0,0,30000,30000,0,0
057167,台積電元大99購03,0,0,0,0,0,0,0,0,0,0,0,0,0,15000,15000,0,0
057169,微星元大98購01  ,0,0,0,0,0,0,0,0,0,0,0,0,0,24000,24000,0,0
057170,瑞昱元大98購01  ,0,0,0,0,0,0,0,0,0,0,0,0,0,30000,30000,0,0
057172,南亞科元大98購03,0,0,0,0,0,0,0,0,0,0,0,0,0,10000,10000,0,0
057173,南亞科元大98購04,0,0,0,0,0,0,0,0,0,0,0,0,0,6000,6000,0,0
057174,南亞科元大98購05,0,0,0,0,0,0,0,0,0,0,0,0,0,4000,4000,0,0
056645,大立光凱基98購12,0,0,0,0,0,0,0,0,0,0,0,0,0,60000,60000,0,0
056740,大立光凱基98購13,0,0,0,0,0,0,0,0,0,0,0,0,0,10000,10000,0,0
056907,群創元大9C購04  ,0,0,0,0,0,0,0,0,0,0,0,0,0,65000,65000,0,0
056872,旺宏凱基98購08  ,0,0,0,0,0,0,0,0,0,0,0,0,0,1000,1000,0,0
056894,佳世達元大99購01,0,0,0,0,0,0,0,0,0,0,0,0,0,9000,9000,0,0
056784,南亞科群益98購01,0,0,0,0,0,0,0,0,0,0,0,0,0,7000,7000,0,0
056840,友達元富98購02  ,0,0,0,0,0,0,0,0,0,0,0,0,0,10000,10000,0,0
06305P,臺股指元大97售11,0,0,0,0,0,0,0,0,0,0,0,0,0,12000,12000,0,0
06460P,亞德客元富98售02,0,0,0,0,0,0,0,0,0,0,0,0,0,50000,50000,0,0
06557P,台積電兆豐98售02,0,0,0,0,0,0,0,0,0,0,0,0,0,50000,50000,0,0
06544P,鴻海元大98售09  ,0,0,0,0,0,0,0,0,0,0,0,0,0,8000,8000,0,0
1235,興泰            ,1000,1000,0,0,0,0,0,0,0,0,0,0,0,0,0,0,0
06589P,台積電元大98售12,0,0,0,0,0,0,0,0,0,0,0,0,0,50000,50000,0,0
06179P,國巨群益97售04  ,0,0,0,0,0,0,0,0,0,0,0,0,0,10000,10000,0,0
06161P,聯發科群益97售03,0,0,0,0,0,0,0,0,0,0,0,0,0,15000,15000,0,0
06147P,國巨元大97售05  ,0,0,0,0,0,0,0,0,0,0,0,0,0,50000,50000,0,0
06148P,台積電元大97售17,0,0,0,0,0,0,0,0,0,0,0,0,0,200000,200000,0,0
06157P,聯鈞統一97售02  ,0,0,0,0,0,0,0,0,0,0,0,0,0,5000,5000,0,0
06060P,玉晶光元大97售03,0,0,0,0,0,0,0,0,0,0,0,0,0,60000,60000,0,0
06067P,華新科康和97售01,0,0,0,0,0,0,0,0,0,0,0,0,0,100000,100000,0,0
06099P,鴻海日盛97售03  ,0,0,0,0,0,0,0,0,0,0,0,0,0,15000,15000,0,0
06095P,燿華永豐97售01  ,0,0,0,0,0,0,0,0,0,0,0,0,0,8000,8000,0,0
05948P,茂林元大96售03  ,0,0,0,0,0,0,0,0,0,0,0,0,0,1000,1000,0,0
06000P,GIS元大96售04   ,0,0,0,0,0,0,0,0,0,0,0,0,0,10000,10000,0,0
05936P,台積電凱基96售20,0,0,0,0,0,0,0,0,0,0,0,0,0,38000,38000,0,0
2923,鼎固-KY         ,0,0,0,0,0,0,0,0,0,0,1000,1000,0,0,0,0,0
4133,亞諾法          ,7000,7000,0,0,0,0,0,0,0,0,0,0,0,0,0,0,0
3591,艾笛森          ,2000,2000,0,0,0,0,0,0,0,0,0,0,0,0,0,0,0
2462,良得電          ,2000,2000,0,0,0,0,0,0,0,0,0,0,0,0,0,0,0
2468,華經            ,4000,4000,0,0,0,0,0,0,0,0,0,0,0,0,0,0,0
2482,連宇            ,2000,2000,0,0,0,0,0,0,0,0,0,0,0,0,0,0,0
2483,百容            ,1000,4000,-3000,0,0,0,0,0,0,3000,3000,0,3000,0,0,0,0
2901,欣欣            ,2000,2000,0,0,0,0,0,0,0,0,0,0,0,0,0,0,0
2032,新鋼            ,1000,1000,0,0,0,0,0,0,0,0,0,0,0,0,0,0,0
2024,志聯            ,3000,3000,0,0,0,0,0,0,0,0,0,0,0,0,0,0,0
2243,宏旭-KY         ,1000,1000,0,0,0,0,0,0,0,0,0,0,0,0,0,0,0
2206,三陽工業        ,13000,13000,0,0,0,0,0,0,0,0,0,0,0,0,0,0,0
2362,藍天            ,126000,146000,-20000,0,0,0,0,0,0,20000,20000,0,20000,0,0,0,0
1423,利華            ,1000,1000,0,0,0,0,0,0,0,0,0,0,0,0,0,0,0
1528,恩德            ,1000,1000,0,0,0,0,0,0,0,0,0,0,0,0,0,0,0
1535,中宇            ,1000,1000,0,0,0,0,0,0,0,0,0,0,0,0,0,0,0
1560,中砂            ,100000,100000,0,0,0,0,0,0,0,0,0,0,0,0,0,0,0
1539,巨庭            ,2000,2000,0,0,0,0,0,0,0,0,0,0,0,0,0,0,0
1783,和康生          ,1000,1000,0,0,0,0,0,0,0,0,0,0,0,0,0,0,0
1725,元禎            ,1000,1000,0,0,0,0,0,0,0,0,0,0,0,0,0,0,0
1726,永記            ,5000,5000,0,0,0,0,0,0,0,0,0,0,0,0,0,0,0
9906,欣巴巴          ,1000,1000,0,0,0,0,0,0,0,0,0,0,0,0,0,0,0
8497,格威傳媒        ,1000,1000,0,0,0,0,0,0,0,0,0,0,0,0,0,0,0
6216,居易            ,0,1000,-1000,0,0,0,0,0,0,1000,1000,0,1000,0,0,0,0
4571,鈞興-KY         ,1000,0,1000,0,0,0,0,0,0,-1000,0,1000,-1000,0,0,0,0
4999,鑫禾            ,0,1000,-1000,0,0,0,0,0,0,1000,1000,0,1000,0,0,0,0
6443,元晶            ,79000,79680,-680,0,0,0,0,0,0,0,0,0,0,0,0,0,-680
056219,T50反1日盛02購01,0,0,0,0,0,0,0,0,0,-1000,0,0,0,0,1000,-1000,-1000
056304,創意元大97購03  ,0,0,0,0,0,0,0,0,0,-1000,0,0,0,20000,21000,-1000,-1000
056161,康控凱基98購02  ,0,0,0,0,0,0,0,0,0,-1000,0,0,0,0,1000,-1000,-1000
056060,宏達電元大99購01,0,0,0,0,0,0,0,0,0,-1000,0,0,0,0,1000,-1000,-1000
056398,南茂永豐98購01  ,0,0,0,0,0,0,0,0,0,-1000,0,0,0,292000,293000,-1000,-1000
056420,台表科元富98購01,0,0,0,0,0,0,0,0,0,-1000,0,0,0,113000,114000,-1000,-1000
055779,國泰金凱基97購02,0,0,0,0,0,0,0,0,0,-1000,0,0,0,9000,10000,-1000,-1000
055789,台虹凱基97購01  ,0,0,0,0,0,0,0,0,0,-1000,0,0,0,0,1000,-1000,-1000
055929,聯發科群益97購05,0,0,0,0,0,0,0,0,0,-1000,0,0,0,0,1000,-1000,-1000
055917,禾伸堂凱基98購02,0,0,0,0,0,0,0,0,0,-1000,0,0,0,1000,2000,-1000,-1000
055884,臺股指元富97購01,0,0,0,0,0,0,0,0,0,-1000,0,0,0,8000,9000,-1000,-1000
055531,華新科群益98購03,0,0,0,0,0,0,0,0,0,-1000,0,0,0,65000,66000,-1000,-1000
055532,中工群益98購01  ,0,0,0,0,0,0,0,0,0,-1000,0,0,0,0,1000,-1000,-1000
055554,聯發科凱基97購06,0,0,0,0,0,0,0,0,0,-1000,0,0,0,15000,16000,-1000,-1000
055464,聚陽凱基97購01  ,0,0,0,0,0,0,0,0,0,-1000,0,0,0,0,1000,-1000,-1000
055595,宏達電元大98購02,0,0,0,0,0,0,0,0,0,-1000,0,0,0,0,1000,-1000,-1000
054644,A50正2群益9B購01,0,0,0,0,0,0,0,0,0,-1000,0,0,0,11000,12000,-1000,-1000
054636,華通中信97購01  ,0,0,0,0,0,0,0,0,0,-1000,0,0,0,0,1000,-1000,-1000
05469P,台積電元大95售24,0,0,0,0,0,0,0,0,0,-1000,0,0,0,870000,871000,-1000,-1000
054416,禾伸堂元大97購01,0,0,0,0,0,0,0,0,0,-1000,0,0,0,0,1000,-1000,-1000
054284,和大元大96購03  ,0,0,0,0,0,0,0,0,0,-1000,0,0,0,5000,6000,-1000,-1000
055103,南港凱基97購01  ,0,0,0,0,0,0,0,0,0,-1000,0,0,0,0,1000,-1000,-1000
054955,宏達電元大98購01,0,0,0,0,0,0,0,0,0,-1000,0,0,0,0,1000,-1000,-1000
055241,T50反1統一99購01,0,0,0,0,0,0,0,0,0,-1000,0,0,0,0,1000,-1000,-1000
05520P,聯詠凱基96售01  ,0,0,0,0,0,0,0,0,0,-1000,0,0,0,30000,31000,-1000,-1000
00775B,新光投等債15+   ,0,0,0,0,0,0,0,0,0,-1000,0,0,0,2000,3000,-1000,-1000
00736,國泰新興市場    ,0,0,0,0,0,0,0,0,0,-1000,0,0,0,112000,113000,-1000,-1000
00709,富邦歐洲        ,0,0,0,0,0,0,0,0,0,-1000,0,0,0,100000,101000,-1000,-1000
00645,富邦日本        ,0,0,0,0,0,0,0,0,0,-1000,0,0,0,63000,64000,-1000,-1000
00654R,富邦印度反1     ,0,16000,-16000,0,0,0,0,0,0,15000,0,0,0,15000,0,15000,-1000
0055,元大MSCI金融    ,0,0,0,0,0,0,0,0,0,-1000,0,0,0,0,1000,-1000,-1000
04179P,滬深2X國票93售03,0,0,0,0,0,0,0,0,0,-1000,0,0,0,0,1000,-1000,-1000
04185P,欣興統一93售05  ,0,0,0,0,0,0,0,0,0,-1000,0,0,0,0,1000,-1000,-1000
042168,台灣50凱基96購01,0,0,0,0,0,0,0,0,0,-1000,0,0,0,1000,2000,-1000,-1000
03583P,微星元大02售03  ,0,0,0,0,0,0,0,0,0,-1000,0,0,0,0,1000,-1000,-1000
03703P,台郡元大93售02  ,0,0,0,0,0,0,0,0,0,-1000,0,0,0,0,1000,-1000,-1000
04276P,聯發科凱基93售33,0,0,0,0,0,0,0,0,0,-1000,0,0,0,0,1000,-1000,-1000
042918,矽格元大94購01  ,0,0,0,0,0,0,0,0,0,-1000,0,0,0,0,1000,-1000,-1000
044374,燿華兆豐93購01  ,0,0,0,0,0,0,0,0,0,-1000,0,0,0,0,1000,-1000,-1000
045079,大立光元大93購05,0,0,0,0,0,0,0,0,0,-1000,0,0,0,0,1000,-1000,-1000
046775,聯發科台新93購01,0,0,0,0,0,0,0,0,0,-1000,0,0,0,0,1000,-1000,-1000
047730,矽力群益93購02  ,0,0,0,0,0,0,0,0,0,-1000,0,0,0,40000,41000,-1000,-1000
046454,微星凱基92購04  ,0,0,0,0,0,0,0,0,0,-1000,0,0,0,0,1000,-1000,-1000
047892,康控兆豐94購01  ,0,0,0,0,0,0,0,0,0,-1000,0,0,0,0,1000,-1000,-1000
047806,旺宏凱基93購05  ,0,0,0,0,0,0,0,0,0,-1000,0,0,0,3000,4000,-1000,-1000
04466P,大立光元富94售04,0,0,0,0,0,0,0,0,0,-1000,0,0,0,10000,11000,-1000,-1000
044247,道瓊反元富97購01,0,0,0,0,0,0,0,0,0,-1000,0,0,0,0,1000,-1000,-1000
044785,台達電亞東93購01,0,0,0,0,0,0,0,0,0,-1000,0,0,0,0,1000,-1000,-1000
044879,上証2X群益93購01,0,0,0,0,0,0,0,0,0,-1000,0,0,0,0,1000,-1000,-1000
044935,玉晶光元大93購03,0,0,0,0,0,0,0,0,0,-1000,0,0,0,1000,2000,-1000,-1000
043605,創意元大93購01  ,0,0,0,0,0,0,0,0,0,-1000,0,0,0,0,1000,-1000,-1000
046053,滬深2X群益94購01,0,0,0,0,0,0,0,0,0,-1000,0,0,0,0,1000,-1000,-1000
046135,南亞科富邦92購01,0,0,0,0,0,0,0,0,0,-1000,0,0,0,0,1000,-1000,-1000
046409,富邦金元大92購02,0,0,0,0,0,0,0,0,0,-1000,0,0,0,9000,10000,-1000,-1000
046419,聯鈞元大92購01  ,0,0,0,0,0,0,0,0,0,-1000,0,0,0,0,1000,-1000,-1000
047098,大毅國泰94購01  ,0,0,0,0,0,0,0,0,0,-1000,0,0,0,0,1000,-1000,-1000
04800P,聯茂元大94售08  ,0,0,0,0,0,0,0,0,0,-1000,0,0,0,0,1000,-1000,-1000
049667,大立光國泰96購01,0,0,0,0,0,0,0,0,0,-1000,0,0,0,30000,31000,-1000,-1000
049591,開發金元大98購01,0,0,0,0,0,0,0,0,0,-1000,0,0,0,0,1000,-1000,-1000
046582,聯發科元大92購23,0,0,0,0,0,0,0,0,0,-1000,0,0,0,0,1000,-1000,-1000
046583,聯發科元大92購24,0,0,0,0,0,0,0,0,0,-1000,0,0,0,10000,11000,-1000,-1000
046706,智邦台新93購01  ,0,0,0,0,0,0,0,0,0,-1000,0,0,0,0,1000,-1000,-1000
046682,聯發科群益93購03,0,0,0,0,0,0,0,0,0,-1000,0,0,0,0,1000,-1000,-1000
04628P,欣興元大95售01  ,0,0,0,0,0,0,0,0,0,-1000,0,0,0,0,1000,-1000,-1000
046312,可成元大92購10  ,0,0,0,0,0,0,0,0,0,-1000,0,0,0,10000,11000,-1000,-1000
047006,大立光統一93購04,0,0,0,0,0,0,0,0,0,-1000,0,0,0,0,1000,-1000,-1000
046723,聯發科元大93購01,0,0,0,0,0,0,0,0,0,-1000,0,0,0,0,1000,-1000,-1000
047396,力成元大93購01  ,0,0,0,0,0,0,0,0,0,-1000,0,0,0,0,1000,-1000,-1000
047025,可成元大93購05  ,0,0,0,0,0,0,0,0,0,-1000,0,0,0,0,1000,-1000,-1000
047559,彩晶凱基94購03  ,0,0,0,0,0,0,0,0,0,-1000,0,0,0,0,1000,-1000,-1000
047521,台積電元大94購03,0,0,0,0,0,0,0,0,0,-1000,0,0,0,3000,4000,-1000,-1000
047505,元金2X國票9B購01,0,0,0,0,0,0,0,0,0,-1000,0,0,0,0,1000,-1000,-1000
047950,滬深2X永豐94購02,0,0,0,0,0,0,0,0,0,-1000,0,0,0,0,1000,-1000,-1000
047972,康控富邦95購01  ,0,0,0,0,0,0,0,0,0,-1000,0,0,0,0,1000,-1000,-1000
050597,聯電麥證94購01  ,0,0,0,0,1000,-1000,0,0,0,-1000,0,0,0,0,1000,-1000,-1000
050655,中磊凱基96購01  ,0,0,0,0,0,0,0,0,0,-1000,0,0,0,0,1000,-1000,-1000
05067P,欣興兆豐96售02  ,0,0,0,0,0,0,0,0,0,-1000,0,0,0,0,1000,-1000,-1000
05074P,鴻海麥證95售01  ,0,0,0,0,1000,-1000,0,0,0,-1000,0,0,0,0,1000,-1000,-1000
050835,GIS凱基96購01   ,0,0,0,0,0,0,0,0,0,-1000,0,0,0,0,1000,-1000,-1000
048148,欣興元富93購02  ,0,0,0,0,0,0,0,0,0,-1000,0,0,0,0,1000,-1000,-1000
048938,玉晶光永豐95購02,0,0,0,0,0,0,0,0,0,-1000,0,0,0,1000,2000,-1000,-1000
050254,大立光富邦96購02,0,0,0,0,0,0,0,0,0,-1000,0,0,0,2000,3000,-1000,-1000
05025P,聯發科群益95售02,0,0,0,0,0,0,0,0,0,-1000,0,0,0,6000,7000,-1000,-1000
05130P,聯發科統一95售03,0,0,0,0,0,0,0,0,0,-1000,0,0,0,0,1000,-1000,-1000
051358,台新金元大95購01,0,0,0,0,0,0,0,0,0,-1000,0,0,0,0,1000,-1000,-1000
051465,鴻海富邦97購02  ,0,0,0,0,0,0,0,0,0,-1000,0,0,0,0,1000,-1000,-1000
051449,玉晶光元大96購01,0,0,0,0,0,0,0,0,0,-1000,0,0,0,1000,2000,-1000,-1000
051433,中磊元富95購01  ,0,0,0,0,0,0,0,0,0,-1000,0,0,0,17000,18000,-1000,-1000
051492,臻鼎凱基95購01  ,0,0,0,0,0,0,0,0,0,-1000,0,0,0,1000,2000,-1000,-1000
051539,瀚宇博國票97購01,0,0,0,0,0,0,0,0,0,-1000,0,0,0,19000,20000,-1000,-1000
051184,聯發科永豐95購03,0,0,0,0,0,0,0,0,0,-1000,0,0,0,0,1000,-1000,-1000
050929,中磊凱基95購01  ,0,0,0,0,0,0,0,0,0,-1000,0,0,0,0,1000,-1000,-1000
05093P,可成元大95售03  ,0,0,0,0,0,0,0,0,0,-1000,0,0,0,1000,2000,-1000,-1000
051043,瀚宇博永豐95購01,0,0,0,0,0,0,0,0,0,-1000,0,0,0,0,1000,-1000,-1000
051074,矽力國票96購01  ,0,0,0,0,0,0,0,0,0,-1000,0,0,0,0,1000,-1000,-1000
048583,智原富邦98購01  ,0,0,0,0,0,0,0,0,0,-1000,0,0,0,0,1000,-1000,-1000
048579,華新富邦93購01  ,0,0,0,0,0,0,0,0,0,-1000,0,0,0,1000,2000,-1000,-1000
04826P,華新科麥證95售01,0,0,0,199000,200000,-1000,0,0,0,-1000,0,0,0,199000,200000,-1000,-1000
050194,臻鼎元大94購03  ,0,0,0,0,0,0,0,0,0,-1000,0,0,0,3000,4000,-1000,-1000
050244,富邦金凱基94購01,0,0,0,0,0,0,0,0,0,-1000,0,0,0,0,1000,-1000,-1000
048489,明泰富邦93購01  ,0,0,0,0,0,0,0,0,0,-1000,0,0,0,0,1000,-1000,-1000
049870,南電兆豐94購01  ,0,0,0,0,0,0,0,0,0,-1000,0,0,0,0,1000,-1000,-1000
048755,志超元富96購01  ,0,0,0,0,0,0,0,0,0,-1000,0,0,0,15000,16000,-1000,-1000
050116,嘉澤元大94購03  ,0,0,0,0,0,0,0,0,0,-1000,0,0,0,0,1000,-1000,-1000
049995,GIS台新94購01   ,0,0,0,0,0,0,0,0,0,-1000,0,0,0,0,1000,-1000,-1000
049980,奇力新凱基94購04,0,0,0,0,0,0,0,0,0,-1000,0,0,0,38000,39000,-1000,-1000
050357,南電群益94購02  ,0,0,0,0,0,0,0,0,0,-1000,0,0,0,0,1000,-1000,-1000
050339,鴻海統一94購06  ,0,0,0,0,0,0,0,0,0,-1000,0,0,0,0,1000,-1000,-1000
050406,台積電台新95購02,0,0,0,0,0,0,0,0,0,-1000,0,0,0,5000,6000,-1000,-1000
053509,華新群益98購01  ,0,0,0,0,0,0,0,0,0,-1000,0,0,0,12000,13000,-1000,-1000
053515,致伸群益96購02  ,0,0,0,0,0,0,0,0,0,-1000,0,0,0,0,1000,-1000,-1000
053379,南亞科元大96購01,0,0,0,0,0,0,0,0,0,-1000,0,0,0,60000,61000,-1000,-1000
053151,華新科元大96購04,0,0,0,0,0,0,0,0,0,-1000,0,0,0,37000,38000,-1000,-1000
053086,宏達電元大97購01,0,0,0,0,0,0,0,0,0,-1000,0,0,0,0,1000,-1000,-1000
053089,貿聯元大97購02  ,0,0,0,0,0,0,0,0,0,-1000,0,0,0,9000,10000,-1000,-1000
053063,力山群益98購01  ,0,0,0,0,0,0,0,0,0,-1000,0,0,0,0,1000,-1000,-1000
052934,中磊元大96購01  ,0,0,0,0,0,0,0,0,0,-1000,0,0,0,39000,40000,-1000,-1000
053680,臺股指富邦96購01,0,0,0,0,0,0,0,0,0,-1000,0,0,0,0,1000,-1000,-1000
053703,緯穎兆豐96購01  ,0,0,0,0,0,0,0,0,0,-1000,0,0,0,7000,8000,-1000,-1000
054182,台積電康和96購01,0,0,0,0,0,0,0,0,0,-1000,0,0,0,0,1000,-1000,-1000
053906,宏達電凱基96購02,0,0,0,0,0,0,0,0,0,-1000,0,0,0,0,1000,-1000,-1000
05392P,鴻海統一95售13  ,0,0,0,0,0,0,0,0,0,-1000,0,0,0,0,1000,-1000,-1000
052292,緯穎元富95購02  ,0,0,0,0,0,0,0,0,0,-1000,0,0,0,7000,8000,-1000,-1000
052315,廣宇元大95購02  ,0,0,0,0,0,0,0,0,0,-1000,0,0,0,0,1000,-1000,-1000
052336,矽力日盛95購01  ,0,0,0,0,0,0,0,0,0,-1000,0,0,0,0,1000,-1000,-1000
052389,聯發科群益95購05,0,0,0,0,0,0,0,0,0,-1000,0,0,0,98000,99000,-1000,-1000
052896,宏達電群益96購01,0,0,0,0,0,0,0,0,0,-1000,0,0,0,16000,17000,-1000,-1000
052808,矽力元大96購02  ,0,0,0,0,0,0,0,0,0,-1000,0,0,0,0,1000,-1000,-1000
052761,可成群益96購02  ,0,0,0,0,0,0,0,0,0,-1000,0,0,0,30000,31000,-1000,-1000
051764,欣興元大95購07  ,0,0,0,0,0,0,0,0,0,-1000,0,0,0,0,1000,-1000,-1000
051754,廣宇元大95購01  ,0,0,0,0,0,0,0,0,0,-1000,0,0,0,0,1000,-1000,-1000
051711,臻鼎群益95購03  ,0,0,0,0,0,0,0,0,0,-1000,0,0,0,0,1000,-1000,-1000
052118,鴻海國票96購04  ,0,0,0,0,0,0,0,0,0,-1000,0,0,0,0,1000,-1000,-1000
052087,鴻海元大96購09  ,0,0,0,0,0,0,0,0,0,-1000,0,0,0,0,1000,-1000,-1000
052060,旺宏國票96購02  ,0,0,0,0,0,0,0,0,0,-1000,0,0,0,16000,17000,-1000,-1000
052162,智伸科永豐95購01,0,0,0,0,0,0,0,0,0,-1000,0,0,0,0,1000,-1000,-1000
052224,楠梓電凱基97購01,0,0,0,0,0,0,0,0,0,-1000,0,0,0,0,1000,-1000,-1000
051997,康友元大95購02  ,0,0,0,0,0,0,0,0,0,-1000,0,0,0,346000,347000,-1000,-1000
8427,基勝-KY         ,0,1000,-1000,0,0,0,0,0,0,0,0,0,0,0,0,0,-1000
8466,美吉吉-KY       ,0,1000,-1000,0,0,0,0,0,0,0,0,0,0,0,0,0,-1000
8467,波力-KY         ,1000,2000,-1000,0,0,0,0,0,0,0,0,0,0,0,0,0,-1000
8940,新天地          ,0,1000,-1000,0,0,0,0,0,0,0,0,0,0,0,0,0,-1000
8374,羅昇            ,1000,2000,-1000,0,0,0,0,0,0,0,0,0,0,0,0,0,-1000
9929,秋雨            ,0,1000,-1000,0,0,0,0,0,0,0,0,0,0,0,0,0,-1000
4755,三福化          ,1000,2000,-1000,0,0,0,0,0,0,0,0,0,0,0,0,0,-1000
4764,雙鍵            ,3000,4000,-1000,0,0,0,0,0,0,0,0,0,0,0,0,0,-1000
4555,氣立            ,1000,2000,-1000,0,0,0,0,0,0,0,0,0,0,0,0,0,-1000
6164,華興            ,0,1000,-1000,0,0,0,0,0,0,0,0,0,0,0,0,0,-1000
1731,美吾華          ,4000,3000,1000,0,0,0,0,0,0,-2000,0,2000,-2000,0,0,0,-1000
1805,寶徠            ,0,1000,-1000,0,0,0,0,0,0,0,0,0,0,0,0,0,-1000
1795,美時            ,299000,300000,-1000,0,0,0,0,0,0,0,0,0,0,0,0,0,-1000
1906,寶隆            ,0,1000,-1000,0,0,0,0,0,0,0,0,0,0,0,0,0,-1000
1583,程泰            ,0,1000,-1000,0,0,0,0,0,0,0,0,0,0,0,0,0,-1000
1616,億泰            ,0,1000,-1000,0,0,0,0,0,0,0,0,0,0,0,0,0,-1000
1517,利奇            ,0,1000,-1000,0,0,0,0,0,0,0,0,0,0,0,0,0,-1000
1466,聚隆            ,0,1000,-1000,0,0,0,0,0,0,0,0,0,0,0,0,0,-1000
1472,三洋紡          ,0,1000,-1000,0,0,0,0,0,0,0,0,0,0,0,0,0,-1000
1419,新紡            ,0,1000,-1000,0,0,0,0,0,0,0,0,0,0,0,0,0,-1000
1443,立益            ,0,1000,-1000,0,0,0,0,0,0,0,0,0,0,0,0,0,-1000
2029,盛餘            ,1000,3000,-2000,0,0,0,0,0,0,1000,1000,0,1000,0,0,0,-1000
2739,寒舍            ,0,1000,-1000,0,0,0,0,0,0,0,0,0,0,0,0,0,-1000
2704,國賓            ,9000,10000,-1000,0,0,0,0,0,0,0,0,0,0,0,0,0,-1000
2460,建通            ,0,1000,-1000,0,0,0,0,0,0,0,0,0,0,0,0,0,-1000
4106,雃博            ,0,1000,-1000,0,0,0,0,0,0,0,0,0,0,0,0,0,-1000
3550,聯穎            ,1000,2000,-1000,0,0,0,0,0,0,0,0,0,0,0,0,0,-1000
3494,誠研            ,0,1000,-1000,0,0,0,0,0,0,0,0,0,0,0,0,0,-1000
3046,建碁            ,0,1000,-1000,0,0,0,0,0,0,0,0,0,0,0,0,0,-1000
05985P,燿華統一96售03  ,0,0,0,0,0,0,0,0,0,-1000,0,0,0,0,1000,-1000,-1000
05976P,國巨凱基96售14  ,0,0,0,0,0,0,0,0,0,-1000,0,0,0,0,1000,-1000,-1000
06115P,台積電統一97售04,0,0,0,0,0,0,0,0,0,-1000,0,0,0,0,1000,-1000,-1000
06610P,台積電凱基9A售03,0,0,0,0,0,0,0,0,0,-1000,0,0,0,0,1000,-1000,-1000
1233,天仁            ,1000,2000,-1000,0,0,0,0,0,0,0,0,0,0,0,0,0,-1000
1220,台榮            ,0,1000,-1000,0,0,0,0,0,0,0,0,0,0,0,0,0,-1000
06542P,台光電國票98售05,0,0,0,0,0,0,0,0,0,-1000,0,0,0,7000,8000,-1000,-1000
06431P,新日興元大97售05,0,0,0,0,0,0,0,0,0,-1000,0,0,0,0,1000,-1000,-1000
06327P,台積電中信01售01,0,0,0,0,0,0,0,0,0,-1000,0,0,0,10000,11000,-1000,-1000
06350P,臺股指台新99售02,0,0,0,0,0,0,0,0,0,-1000,0,0,0,0,1000,-1000,-1000
06390P,美律國票97售03  ,0,0,0,0,0,0,0,0,0,-1000,0,0,0,9000,10000,-1000,-1000
06434P,超眾群益98售02  ,0,0,0,0,0,0,0,0,0,-1000,0,0,0,11000,12000,-1000,-1000
056786,亞光群益98購03  ,0,0,0,0,0,0,0,0,0,-1000,0,0,0,167000,168000,-1000,-1000
056928,旺宏台新98購01  ,0,0,0,0,0,0,0,0,0,-1000,0,0,0,0,1000,-1000,-1000
05669P,嘉晶永豐96售03  ,0,0,0,0,0,0,0,0,0,-1000,0,0,0,0,1000,-1000,-1000
056644,宏達電凱基98購04,0,0,0,0,0,0,0,0,0,-1000,0,0,0,0,1000,-1000,-1000
057128,台光電凱基98購03,0,0,0,0,0,0,0,0,0,-1000,0,0,0,0,1000,-1000,-1000
057143,台郡兆豐98購01  ,0,0,0,0,0,0,0,0,0,-1000,0,0,0,0,1000,-1000,-1000
057176,全新元大99購02  ,0,0,0,0,0,0,0,0,0,-1000,0,0,0,40000,41000,-1000,-1000
057195,南茂元大98購01  ,0,0,0,0,0,0,0,0,0,-1000,0,0,0,18000,19000,-1000,-1000
2509,全坤建          ,0,1580,-1580,0,0,0,0,0,0,0,0,0,0,0,0,0,-1580
8341,日友            ,26010,31000,-4990,0,0,0,0,0,0,3000,3000,0,3000,0,0,0,-1990
05514P,康舒永豐96售01  ,0,0,0,0,0,0,0,0,0,-2000,0,0,0,0,2000,-2000,-2000
054996,聯陽元富97購01  ,0,0,0,0,0,0,0,0,0,-2000,0,0,0,3000,5000,-2000,-2000
054225,華新元富96購01  ,0,0,0,0,0,0,0,0,0,-2000,0,0,0,1000,3000,-2000,-2000
054254,晶豪科元大96購02,0,0,0,0,0,0,0,0,0,-2000,0,0,0,0,2000,-2000,-2000
054412,智邦元大96購03  ,0,0,0,0,0,0,0,0,0,-2000,0,0,0,2000,4000,-2000,-2000
05442P,鴻海元大96售13  ,0,0,0,0,0,0,0,0,0,-2000,0,0,0,197000,199000,-2000,-2000
05466P,旺宏富邦97售01  ,0,0,0,0,0,0,0,0,0,-2000,0,0,0,0,2000,-2000,-2000
055607,華通康和97購01  ,0,0,0,0,0,0,0,0,0,-2000,0,0,0,0,2000,-2000,-2000
055522,道瓊反群益01購01,0,0,0,0,0,0,0,0,0,-2000,0,0,0,0,2000,-2000,-2000
055786,彩晶凱基99購02  ,0,0,0,0,0,0,0,0,0,-2000,0,0,0,0,2000,-2000,-2000
056426,上証2X凱基9A購01,0,0,0,0,0,0,0,0,0,-2000,0,0,0,0,2000,-2000,-2000
056520,鴻海日盛99購01  ,0,0,0,0,0,0,0,0,0,-2000,0,0,0,14000,16000,-2000,-2000
056062,大立光元大97購12,0,0,0,0,0,0,0,0,0,-2000,0,0,0,104000,106000,-2000,-2000
056165,矽力凱基98購02  ,0,0,0,0,0,0,0,0,0,-2000,0,0,0,18000,20000,-2000,-2000
056334,台積電凱基98購06,0,0,0,0,0,0,0,0,0,-2000,0,0,0,0,2000,-2000,-2000
056222,台積電凱基9A購01,0,0,0,0,0,0,0,0,0,-2000,0,0,0,0,2000,-2000,-2000
047635,華新元大93購01  ,0,0,0,0,0,0,0,0,0,-2000,0,0,0,5000,7000,-2000,-2000
046556,道瓊指凱基92購01,0,0,0,0,0,0,0,0,0,-2000,0,0,0,0,2000,-2000,-2000
046505,聯發科元大92購20,0,0,0,0,0,0,0,0,0,-2000,0,0,0,0,2000,-2000,-2000
049607,台積電兆豐94購04,0,0,0,0,0,0,0,0,0,-2000,0,0,0,48000,50000,-2000,-2000
049780,智易統一94購02  ,0,0,0,0,0,0,0,0,0,-2000,0,0,0,204000,206000,-2000,-2000
047104,和大元大93購02  ,0,0,0,0,0,0,0,0,0,-2000,0,0,0,0,2000,-2000,-2000
047119,臻鼎元大93購01  ,0,0,0,0,0,0,0,0,0,-2000,0,0,0,6000,8000,-2000,-2000
047138,智伸科凱基93購04,0,0,0,0,0,0,0,0,0,-2000,0,0,0,0,2000,-2000,-2000
047988,志超群益93購02  ,0,0,0,0,0,0,0,0,0,-2000,0,0,0,0,2000,-2000,-2000
04636P,臺股指群益94售11,0,0,0,0,0,0,0,0,0,-2000,0,0,0,0,2000,-2000,-2000
047255,訊芯群益93購01  ,0,0,0,0,0,0,0,0,0,-2000,0,0,0,21000,23000,-2000,-2000
047191,同欣電元大93購02,0,0,0,0,0,0,0,0,0,-2000,0,0,0,0,2000,-2000,-2000
044024,祥碩凱基93購01  ,0,0,0,0,0,0,0,0,0,-2000,0,0,0,1000,3000,-2000,-2000
044284,聯電凱基92購01  ,0,0,0,0,0,0,0,0,0,-2000,0,0,0,18000,20000,-2000,-2000
044567,華通凱基93購03  ,0,0,0,0,0,0,0,0,0,-2000,0,0,0,30000,32000,-2000,-2000
046942,友達元大99購01  ,0,0,0,0,0,0,0,0,0,-2000,0,0,0,0,2000,-2000,-2000
046943,聯發科元大93購06,0,0,0,0,0,0,0,0,0,-2000,0,0,0,0,2000,-2000,-2000
046972,同欣電群益93購01,0,0,0,0,0,0,0,0,0,-2000,0,0,0,10000,12000,-2000,-2000
045625,鴻海麥證92購01  ,0,0,0,0,2000,-2000,0,0,0,-2000,0,0,0,0,2000,-2000,-2000
045379,智邦元大93購01  ,0,0,0,0,0,0,0,0,0,-2000,0,0,0,2000,4000,-2000,-2000
045537,華新群益94購01  ,0,0,0,0,0,0,0,0,0,-2000,0,0,0,6000,8000,-2000,-2000
03955P,華通統一93售04  ,0,0,0,0,0,0,0,0,0,-2000,0,0,0,0,2000,-2000,-2000
03957P,創意統一94售02  ,0,0,0,0,0,0,0,0,0,-2000,0,0,0,0,2000,-2000,-2000
03237P,大立光元大02售04,0,0,0,0,0,0,0,0,0,-2000,0,0,0,0,2000,-2000,-2000
0057,富邦摩台        ,0,0,0,0,0,0,0,0,0,-2000,0,0,0,20000,22000,-2000,-2000
00688L,國泰20年美債正2 ,0,0,0,0,0,0,0,0,0,-2000,0,0,0,123000,125000,-2000,-2000
00682U,元大美元指數    ,0,0,0,0,0,0,0,0,0,-2000,0,0,0,40000,42000,-2000,-2000
03012X,元展12          ,0,0,0,0,0,0,0,0,0,-2000,0,0,0,0,2000,-2000,-2000
050514,聯電元大94購01  ,0,0,0,0,0,0,0,0,0,-2000,0,0,0,1000,3000,-2000,-2000
04944P,元油2X永豐94售06,0,0,0,0,0,0,0,0,0,-2000,0,0,0,0,2000,-2000,-2000
048550,中鴻元大96購01  ,0,0,0,0,0,0,0,0,0,-2000,0,0,0,0,2000,-2000,-2000
048345,緯創元大94購01  ,0,0,0,0,0,0,0,0,0,-2000,0,0,0,17000,19000,-2000,-2000
048867,台積電兆豐95購01,0,0,0,0,0,0,0,0,0,-2000,0,0,0,20000,22000,-2000,-2000
049911,智邦元大94購05  ,0,0,0,0,0,0,0,0,0,-2000,0,0,0,102000,104000,-2000,-2000
051080,全新富邦96購01  ,0,0,0,0,0,0,0,0,0,-2000,0,0,0,0,2000,-2000,-2000
050948,華固群益95購01  ,0,0,0,0,0,0,0,0,0,-2000,0,0,0,0,2000,-2000,-2000
051535,新日興國票96購01,0,0,0,0,0,0,0,0,0,-2000,0,0,0,12000,14000,-2000,-2000
051484,玉晶光凱基97購01,0,0,0,0,0,0,0,0,0,-2000,0,0,0,3000,5000,-2000,-2000
05151P,台光電群益95售02,0,0,0,0,0,0,0,0,0,-2000,0,0,0,6000,8000,-2000,-2000
05143P,臻鼎台新95售01  ,0,0,0,0,0,0,0,0,0,-2000,0,0,0,0,2000,-2000,-2000
050312,大立光兆豐94購04,0,0,0,0,0,0,0,0,0,-2000,0,0,0,70000,72000,-2000,-2000
048153,台積電兆豐94購01,0,0,0,0,0,0,0,0,0,-2000,0,0,0,63000,65000,-2000,-2000
050842,旺宏國票97購01  ,0,0,0,0,0,0,0,0,0,-2000,0,0,0,3000,5000,-2000,-2000
050695,台積電凱基94購40,0,0,0,0,0,0,0,0,0,-2000,0,0,0,0,2000,-2000,-2000
051999,勤誠元大95購01  ,0,0,0,0,0,0,0,0,0,-2000,0,0,0,0,2000,-2000,-2000
05215P,台積電台新95售03,0,0,0,0,0,0,0,0,0,-2000,0,0,0,24000,26000,-2000,-2000
05172P,臺股指元大95售16,0,0,0,0,0,0,0,0,0,-2000,0,0,0,0,2000,-2000,-2000
051845,世紀鋼富邦96購01,0,0,0,0,0,0,0,0,0,-2000,0,0,0,0,2000,-2000,-2000
051672,玉晶光元大96購03,0,0,0,0,0,0,0,0,0,-2000,0,0,0,1000,3000,-2000,-2000
051694,A50正2中信96購03,0,0,0,0,0,0,0,0,0,-2000,0,0,0,0,2000,-2000,-2000
052813,T50正2永豐96購01,0,0,0,0,0,0,0,0,0,-2000,0,0,0,20000,22000,-2000,-2000
05276P,GIS永豐95售02   ,0,0,0,0,0,0,0,0,0,-2000,0,0,0,0,2000,-2000,-2000
052323,矽力元大95購04  ,0,0,0,0,0,0,0,0,0,-2000,0,0,0,0,2000,-2000,-2000
052477,美律群益98購01  ,0,0,0,0,0,0,0,0,0,-2000,0,0,0,426000,428000,-2000,-2000
052401,智原凱基95購01  ,0,0,0,0,0,0,0,0,0,-2000,0,0,0,0,2000,-2000,-2000
053916,漢唐國票97購04  ,0,0,0,0,0,0,0,0,0,-2000,0,0,0,22000,24000,-2000,-2000
053973,晶豪科元大96購01,0,0,0,0,0,0,0,0,0,-2000,0,0,0,0,2000,-2000,-2000
054143,茂林元大96購04  ,0,0,0,0,0,0,0,0,0,-2000,0,0,0,99000,101000,-2000,-2000
053712,台光電凱基96購04,0,0,0,0,0,0,0,0,0,-2000,0,0,0,41000,43000,-2000,-2000
053668,鴻海統一97購01  ,0,0,0,0,0,0,0,0,0,-2000,0,0,0,0,2000,-2000,-2000
053609,華新中信9A購01  ,0,0,0,0,0,0,0,0,0,-2000,0,0,0,0,2000,-2000,-2000
05299P,旺宏元大95售04  ,0,0,0,0,0,0,0,0,0,-2000,0,0,0,0,2000,-2000,-2000
053116,華新科中信96購01,0,0,0,0,0,0,0,0,0,-2000,0,0,0,22000,24000,-2000,-2000
053414,臻鼎國票97購01  ,0,0,0,0,0,0,0,0,0,-2000,0,0,0,5000,7000,-2000,-2000
053361,友達元富99購01  ,0,0,0,0,0,0,0,0,0,-2000,0,0,0,18000,20000,-2000,-2000
053289,臺股指元大96購17,0,0,0,0,0,0,0,0,0,-2000,0,0,0,0,2000,-2000,-2000
8478,東哥遊艇        ,2000,4000,-2000,0,0,0,0,0,0,0,0,0,0,0,0,0,-2000
6581,鋼聯            ,1000,3000,-2000,0,0,0,0,0,0,0,0,0,0,0,0,0,-2000
6674,鋐寶科技        ,2000,3000,-1000,0,0,0,0,0,0,-1000,0,1000,-1000,0,0,0,-2000
8011,台通            ,21000,23000,-2000,0,0,0,0,0,0,0,0,0,0,0,0,0,-2000
6128,上福            ,3000,8000,-5000,0,0,0,0,0,0,3000,3000,0,3000,0,0,0,-2000
4526,東台            ,2000,4000,-2000,0,0,0,0,0,0,0,0,0,0,0,0,0,-2000
4807,日成-KY         ,0,2000,-2000,0,0,0,0,0,0,0,0,0,0,0,0,0,-2000
2516,新建            ,1000,3000,-2000,0,0,0,0,0,0,0,0,0,0,0,0,0,-2000
2471,資通            ,2000,4000,-2000,0,0,0,0,0,0,0,0,0,0,0,0,0,-2000
2712,遠雄來          ,0,2000,-2000,0,0,0,0,0,0,0,0,0,0,0,0,0,-2000
3040,遠見            ,0,2000,-2000,0,0,0,0,0,0,0,0,0,0,0,0,0,-2000
3058,立德            ,1000,3000,-2000,0,0,0,0,0,0,0,0,0,0,0,0,0,-2000
3002,歐格            ,1000,3000,-2000,0,0,0,0,0,0,0,0,0,0,0,0,0,-2000
4148,全宇生技-KY     ,2000,4000,-2000,0,0,0,0,0,0,0,0,0,0,0,0,0,-2000
3694,海華            ,2000,4000,-2000,0,0,0,0,0,0,0,0,0,0,0,0,0,-2000
2069,運錩            ,0,2000,-2000,0,0,0,0,0,0,0,0,0,0,0,0,0,-2000
2115,六暉-KY         ,0,2000,-2000,0,0,0,0,0,0,0,0,0,0,0,0,0,-2000
2380,虹光            ,0,2000,-2000,0,0,0,0,0,0,0,0,0,0,0,0,0,-2000
2413,環科            ,10000,11000,-1000,0,0,0,0,0,0,-1000,0,1000,-1000,0,0,0,-2000
1410,南染            ,0,2000,-2000,0,0,0,0,0,0,0,0,0,0,0,0,0,-2000
1474,弘裕            ,6000,8000,-2000,0,0,0,0,0,0,0,0,0,0,0,0,0,-2000
1452,宏益            ,0,2000,-2000,0,0,0,0,0,0,0,0,0,0,0,0,0,-2000
1459,聯發            ,0,2000,-2000,0,0,0,0,0,0,0,0,0,0,0,0,0,-2000
1734,杏輝            ,6000,8000,-2000,0,0,0,0,0,0,0,0,0,0,0,0,0,-2000
057156,元油2X富邦9C購01,0,0,0,0,0,0,0,0,0,-2000,0,0,0,0,2000,-2000,-2000
05785P,臺股指元大96售19,0,0,0,0,0,0,0,0,0,-2000,0,0,0,0,2000,-2000,-2000
056999,元油2X國票98購02,0,0,0,0,0,0,0,0,0,-2000,0,0,0,0,2000,-2000,-2000
056992,祥碩兆豐98購01  ,0,0,0,0,0,0,0,0,0,-2000,0,0,0,100000,102000,-2000,-2000
05664P,國巨凱基96售09  ,0,0,0,0,0,0,0,0,0,-2000,0,0,0,2000,4000,-2000,-2000
056665,上証2X國票99購02,0,0,0,0,0,0,0,0,0,-2000,0,0,0,3000,5000,-2000,-2000
056767,大毅元大99購01  ,0,0,0,0,0,0,0,0,0,-2000,0,0,0,175000,177000,-2000,-2000
056859,台積電群益98購02,0,0,0,0,0,0,0,0,0,-2000,0,0,0,340000,342000,-2000,-2000
06387P,緯穎永豐97售02  ,0,0,0,0,0,0,0,0,0,-2000,0,0,0,40000,42000,-2000,-2000
06356P,啟碁永豐97售01  ,0,0,0,0,0,0,0,0,0,-2000,0,0,0,0,2000,-2000,-2000
06446P,大立光凱基98售10,0,0,0,0,0,0,0,0,0,-2000,0,0,0,0,2000,-2000,-2000
06535P,可成群益99售02  ,0,0,0,0,0,0,0,0,0,-2000,0,0,0,0,2000,-2000,-2000
06593P,欣興元大98售05  ,0,0,0,0,0,0,0,0,0,-2000,0,0,0,10000,12000,-2000,-2000
06596P,元油2X富邦02售03,0,0,0,0,0,0,0,0,0,-2000,0,0,0,0,2000,-2000,-2000
06029P,聯發科台新96售02,0,0,0,0,0,0,0,0,0,-2000,0,0,0,5000,7000,-2000,-2000
05917P,宏達電元大96售02,0,0,0,0,0,0,0,0,0,-2000,0,0,0,0,2000,-2000,-2000
1609,大亞            ,599760,628000,-28240,0,0,0,0,0,0,26000,26000,0,26000,0,0,0,-2240
056053,和大元大97購05  ,0,0,0,0,0,0,0,0,0,-3000,0,0,0,0,3000,-3000,-3000
056441,燿華凱基98購01  ,0,0,0,0,0,0,0,0,0,-3000,0,0,0,7000,10000,-3000,-3000
056474,華新科元大99購05,0,0,0,0,0,0,0,0,0,-3000,0,0,0,94000,97000,-3000,-3000
054547,鴻海凱基98購02  ,0,0,0,0,0,0,0,0,0,-3000,0,0,0,68000,71000,-3000,-3000
05505P,聯發科凱基96售09,0,0,0,0,0,0,0,0,0,-3000,0,0,0,0,3000,-3000,-3000
054951,大毅元大97購01  ,0,0,0,0,0,0,0,0,0,-3000,0,0,0,105000,108000,-3000,-3000
054944,精元元大97購01  ,0,0,0,0,0,0,0,0,0,-3000,0,0,0,0,3000,-3000,-3000
055150,台積電元大98購04,0,0,0,0,0,0,0,0,0,-3000,0,0,0,0,3000,-3000,-3000
055344,國巨凱基97購04  ,0,0,0,0,0,0,0,0,0,-3000,0,0,0,11000,14000,-3000,-3000
03387P,台積電凱基03售11,0,0,0,0,0,0,0,0,0,-3000,0,0,0,0,3000,-3000,-3000
03126P,旭富凱基01售04  ,0,0,0,0,0,0,0,0,0,-3000,0,0,0,0,3000,-3000,-3000
03832P,臺股指中信95售03,0,0,0,0,0,0,0,0,0,-3000,0,0,0,0,3000,-3000,-3000
044518,京鼎凱基92購01  ,0,0,0,0,0,0,0,0,0,-3000,0,0,0,10000,13000,-3000,-3000
045713,台達電凱基93購02,0,0,0,0,0,0,0,0,0,-3000,0,0,0,0,3000,-3000,-3000
04600P,可成凱基94售07  ,0,0,0,0,0,0,0,0,0,-3000,0,0,0,4000,7000,-3000,-3000
047105,和大元大94購01  ,0,0,0,0,0,0,0,0,0,-3000,0,0,0,0,3000,-3000,-3000
049656,臺股指凱基94購17,0,0,0,0,0,0,0,0,0,-3000,0,0,0,1000,4000,-3000,-3000
049500,聯茂元大94購04  ,0,0,0,0,0,0,0,0,0,-3000,0,0,0,66000,69000,-3000,-3000
049369,義隆元大95購01  ,0,0,0,0,0,0,0,0,0,-3000,0,0,0,0,3000,-3000,-3000
049497,茂林元大94購04  ,0,0,0,0,0,0,0,0,0,-3000,0,0,0,20000,23000,-3000,-3000
049507,和大凱基94購01  ,0,0,0,0,0,0,0,0,0,-3000,0,0,0,0,3000,-3000,-3000
04619P,華新統一94售02  ,0,0,0,0,0,0,0,0,0,-3000,0,0,0,0,3000,-3000,-3000
046259,和大凱基92購02  ,0,0,0,0,0,0,0,0,0,-3000,0,0,0,0,3000,-3000,-3000
047570,元上證群益93購02,0,0,0,0,0,0,0,0,0,-3000,0,0,0,0,3000,-3000,-3000
047945,滬深2X統一94購01,0,0,0,0,0,0,0,0,0,-3000,0,0,0,0,3000,-3000,-3000
045757,台表科國泰93購03,0,0,0,0,0,0,0,0,0,-3000,0,0,0,42000,45000,-3000,-3000
047310,鴻海元大93購14  ,0,0,0,0,0,0,0,0,0,-3000,0,0,0,10000,13000,-3000,-3000
047312,聯發科元大93購13,0,0,0,0,0,0,0,0,0,-3000,0,0,0,27000,30000,-3000,-3000
05089P,亞德客元大95售01,0,0,0,0,0,0,0,0,0,-3000,0,0,0,410000,413000,-3000,-3000
048960,矽格康和94購01  ,0,0,0,0,0,0,0,0,0,-3000,0,0,0,3000,6000,-3000,-3000
04920P,智易凱基94售05  ,0,0,0,0,0,0,0,0,0,-3000,0,0,0,0,3000,-3000,-3000
049166,元油2X凱基97購02,0,0,0,0,0,0,0,0,0,-3000,0,0,0,0,3000,-3000,-3000
051468,智邦日盛95購01  ,0,0,0,0,0,0,0,0,0,-3000,0,0,0,74000,77000,-3000,-3000
051483,玉晶光凱基96購02,0,0,0,0,0,0,0,0,0,-3000,0,0,0,3000,6000,-3000,-3000
05149P,緯穎國泰96售01  ,0,0,0,0,0,0,0,0,0,-3000,0,0,0,2000,5000,-3000,-3000
051040,漢唐永豐95購01  ,0,0,0,0,0,0,0,0,0,-3000,0,0,0,207000,210000,-3000,-3000
048911,玉晶光富邦96購01,0,0,0,0,0,0,0,0,0,-3000,0,0,0,0,3000,-3000,-3000
04838P,宏達電元大95售02,0,0,0,0,0,0,0,0,0,-3000,0,0,0,0,3000,-3000,-3000
049971,台郡國票95購01  ,0,0,0,0,0,0,0,0,0,-3000,0,0,0,47000,50000,-3000,-3000
050565,矽格元富94購01  ,0,0,0,0,0,0,0,0,0,-3000,0,0,0,50000,53000,-3000,-3000
050353,華擎群益95購01  ,0,0,0,0,0,0,0,0,0,-3000,0,0,0,10000,13000,-3000,-3000
048664,華新科統一94購01,0,0,0,0,0,0,0,0,0,-3000,0,0,0,10000,13000,-3000,-3000
048655,A50正2元富96購01,0,0,0,0,0,0,0,0,0,-3000,0,0,0,1000,4000,-3000,-3000
053540,健策永豐96購01  ,0,0,0,0,0,0,0,0,0,-3000,0,0,0,278000,281000,-3000,-3000
053112,中磊兆豐97購01  ,0,0,0,0,0,0,0,0,0,-3000,0,0,0,0,3000,-3000,-3000
052978,貿聯麥證97購01  ,0,0,0,39000,42000,-3000,0,0,0,-3000,0,0,0,39000,42000,-3000,-3000
05228P,大立光元富95售09,0,0,0,0,0,0,0,0,0,-3000,0,0,0,0,3000,-3000,-3000
052610,貿聯元大97購01  ,0,0,0,0,0,0,0,0,0,-3000,0,0,0,10000,13000,-3000,-3000
052655,群創統一97購01  ,0,0,0,0,0,0,0,0,0,-3000,0,0,0,217000,220000,-3000,-3000
051722,玉晶光永豐97購01,0,0,0,0,0,0,0,0,0,-3000,0,0,0,0,3000,-3000,-3000
052095,彩晶元大97購01  ,0,0,0,0,0,0,0,0,0,-3000,0,0,0,0,3000,-3000,-3000
1589,永冠-KY         ,105000,87000,18000,0,0,0,0,0,0,-21000,3000,21000,-18000,1000,4000,-3000,-3000
1603,華電            ,1000,3000,-2000,0,0,0,0,0,0,-1000,0,1000,-1000,0,0,0,-3000
1541,錩泰            ,11000,13000,-2000,0,0,0,0,0,0,-1000,0,1000,-1000,0,0,0,-3000
1762,中化生          ,36000,39000,-3000,0,0,0,0,0,0,0,0,0,0,0,0,0,-3000
1817,凱撒衛          ,0,3000,-3000,0,0,0,0,0,0,0,0,0,0,0,0,0,-3000
1323,永裕            ,0,3000,-3000,0,0,0,0,0,0,0,0,0,0,0,0,0,-3000
1441,大東            ,4000,7000,-3000,0,0,0,0,0,0,0,0,0,0,0,0,0,-3000
2114,鑫永銓          ,0,3000,-3000,0,0,0,0,0,0,0,0,0,0,0,0,0,-3000
1903,士紙            ,0,2000,-2000,0,0,0,0,0,0,-1000,0,1000,-1000,0,0,0,-3000
2007,燁興            ,0,3000,-3000,0,0,0,0,0,0,0,0,0,0,0,0,0,-3000
3054,立萬利          ,0,3000,-3000,0,0,0,0,0,0,0,0,0,0,0,0,0,-3000
2465,麗臺            ,0,3000,-3000,0,0,0,0,0,0,0,0,0,0,0,0,0,-3000
2546,根基            ,2000,5000,-3000,0,0,0,0,0,0,0,0,0,0,0,0,0,-3000
4557,永新-KY         ,1000,4000,-3000,0,0,0,0,0,0,0,0,0,0,0,0,0,-3000
6024,群益期          ,3000,6000,-3000,0,0,0,0,0,0,0,0,0,0,0,0,0,-3000
6172,互億            ,0,3000,-3000,0,0,0,0,0,0,0,0,0,0,0,0,0,-3000
6281,全國電          ,0,3000,-3000,0,0,0,0,0,0,0,0,0,0,0,0,0,-3000
9908,大台北          ,1000,4000,-3000,0,0,0,0,0,0,0,0,0,0,0,0,0,-3000
05943P,欣興凱基96售03  ,0,0,0,0,0,0,0,0,0,-3000,0,0,0,0,3000,-3000,-3000
05903P,聯發科統一96售09,0,0,0,0,0,0,0,0,0,-3000,0,0,0,10000,13000,-3000,-3000
05900P,臺股指凱基99售05,0,0,0,0,0,0,0,0,0,-3000,0,0,0,0,3000,-3000,-3000
05897P,國巨凱基96售12  ,0,0,0,0,0,0,0,0,0,-3000,0,0,0,40000,43000,-3000,-3000
05860P,旺宏康和96售01  ,0,0,0,0,0,0,0,0,0,-3000,0,0,0,0,3000,-3000,-3000
06027P,鴻海台新96售04  ,0,0,0,0,0,0,0,0,0,-3000,0,0,0,0,3000,-3000,-3000
06144P,台光電永豐97售01,0,0,0,0,0,0,0,0,0,-3000,0,0,0,0,3000,-3000,-3000
06186P,鴻海統一97售02  ,0,0,0,0,0,0,0,0,0,-3000,0,0,0,96000,99000,-3000,-3000
06192P,高股息中信98售01,0,0,0,0,0,0,0,0,0,-3000,0,0,0,0,3000,-3000,-3000
06587P,國巨元大98售13  ,0,0,0,0,0,0,0,0,0,-3000,0,0,0,25000,28000,-3000,-3000
06608P,立積群益99售02  ,0,0,0,0,0,0,0,0,0,-3000,0,0,0,0,3000,-3000,-3000
06493P,聯發科永豐98售02,0,0,0,0,0,0,0,0,0,-3000,0,0,0,99000,102000,-3000,-3000
06435P,臺股指群益98售02,0,0,0,0,0,0,0,0,0,-3000,0,0,0,0,3000,-3000,-3000
056719,台虹永豐98購01  ,0,0,0,0,0,0,0,0,0,-3000,0,0,0,0,3000,-3000,-3000
057031,滬深反元大9B購02,0,0,0,0,0,0,0,0,0,-3000,0,0,0,0,3000,-3000,-3000
057042,台積電元大98購10,0,0,0,0,0,0,0,0,0,-3000,0,0,0,293000,296000,-3000,-3000
057105,致茂群益9A購01  ,0,0,0,0,0,0,0,0,0,-3000,0,0,0,0,3000,-3000,-3000
05768P,台積電凱基96售15,0,0,0,0,0,0,0,0,0,-3000,0,0,0,0,3000,-3000,-3000
05817P,可成凱基96售07  ,0,0,0,0,0,0,0,0,0,-3000,0,0,0,51000,54000,-3000,-3000
05818P,大立光凱基96售14,0,0,0,0,0,0,0,0,0,-3000,0,0,0,299000,302000,-3000,-3000
057132,華新科凱基98購05,0,0,0,0,0,0,0,0,0,-3000,0,0,0,2000,5000,-3000,-3000
057203,麗豐元富98購02  ,0,0,0,0,0,0,0,0,0,-3000,0,0,0,0,3000,-3000,-3000
055156,華新科元大99購02,0,0,0,0,0,0,0,0,0,-4000,0,0,0,50000,54000,-4000,-4000
055176,大毅統一98購02  ,0,0,0,0,0,0,0,0,0,-4000,0,0,0,21000,25000,-4000,-4000
054912,群光凱基97購01  ,0,0,0,0,0,0,0,0,0,-4000,0,0,0,0,4000,-4000,-4000
05507P,聯茂凱基96售02  ,0,0,0,0,0,0,0,0,0,-4000,0,0,0,14000,18000,-4000,-4000
054540,泰鼎國票99購01  ,0,0,0,0,0,0,0,0,0,-4000,0,0,0,105000,109000,-4000,-4000
054384,瀚宇博群益96購02,0,0,0,0,0,0,0,0,0,-4000,0,0,0,9000,13000,-4000,-4000
054327,亞光台新96購02  ,0,0,0,0,0,0,0,0,0,-4000,0,0,0,15000,19000,-4000,-4000
056451,可成凱基99購01  ,0,0,0,0,0,0,0,0,0,-4000,0,0,0,24000,28000,-4000,-4000
056399,上証2X群益9C購01,0,0,0,0,0,0,0,0,0,-4000,0,0,0,0,4000,-4000,-4000
055758,旺宏群益97購01  ,0,0,0,0,0,0,0,0,0,-4000,0,0,0,5000,9000,-4000,-4000
055753,貿聯第一98購01  ,0,0,0,0,0,0,0,0,0,-4000,0,0,0,0,4000,-4000,-4000
055820,矽力國票98購02  ,0,0,0,0,0,0,0,0,0,-4000,0,0,0,30000,34000,-4000,-4000
05600P,玉晶光台新96售04,0,0,0,0,0,0,0,0,0,-4000,0,0,0,6000,10000,-4000,-4000
05601P,鴻海元大97售04  ,0,0,0,0,0,0,0,0,0,-4000,0,0,0,162000,166000,-4000,-4000
05556P,全新國票96售04  ,0,0,0,0,0,0,0,0,0,-4000,0,0,0,16000,20000,-4000,-4000
055454,華邦電元富97購02,0,0,0,0,0,0,0,0,0,-4000,0,0,0,150000,154000,-4000,-4000
049537,元石油群益97購01,0,0,0,0,0,0,0,0,0,-4000,0,0,0,0,4000,-4000,-4000
04727P,臺股指凱基96售03,0,0,0,0,0,0,0,0,0,-4000,0,0,0,0,4000,-4000,-4000
046349,康控兆豐93購02  ,0,0,0,0,0,0,0,0,0,-4000,0,0,0,50000,54000,-4000,-4000
044972,元金2X國票96購01,0,0,0,0,0,0,0,0,0,-4000,0,0,0,0,4000,-4000,-4000
046915,禾伸堂台新93購01,0,0,0,0,0,0,0,0,0,-4000,0,0,0,6000,10000,-4000,-4000
00770,國泰北美科技    ,1000,0,1000,0,0,0,0,0,0,-5000,0,0,0,1000,6000,-5000,-4000
049304,元油2X凱基95購05,0,0,0,0,0,0,0,0,0,-4000,0,0,0,0,4000,-4000,-4000
050115,群創元大96購01  ,0,0,0,0,0,0,0,0,0,-4000,0,0,0,6000,10000,-4000,-4000
048704,台表科國票95購01,0,0,0,0,0,0,0,0,0,-4000,0,0,0,16000,20000,-4000,-4000
049948,聯發科麥證94購01,0,0,0,36000,40000,-4000,0,0,0,-4000,0,0,0,36000,40000,-4000,-4000
050069,禾伸堂凱基94購04,0,0,0,0,0,0,0,0,0,-4000,0,0,0,17000,21000,-4000,-4000
049110,臻鼎富邦94購01  ,0,0,0,0,0,0,0,0,0,-4000,0,0,0,1000,5000,-4000,-4000
050259,鴻海元大94購14  ,0,0,0,0,0,0,0,0,0,-4000,0,0,0,0,4000,-4000,-4000
048176,美利達國泰94購01,0,0,0,0,0,0,0,0,0,-4000,0,0,0,1000,5000,-4000,-4000
050817,可成凱基95購01  ,0,0,0,0,0,0,0,0,0,-4000,0,0,0,0,4000,-4000,-4000
052108,鴻海元富95購11  ,0,0,0,0,0,0,0,0,0,-4000,0,0,0,29000,33000,-4000,-4000
051966,台表科永豐95購01,0,0,0,0,0,0,0,0,0,-4000,0,0,0,43000,47000,-4000,-4000
051669,建準元大95購01  ,0,0,0,0,0,0,0,0,0,-4000,0,0,0,0,4000,-4000,-4000
052708,楠梓電永豐97購01,0,0,0,0,0,0,0,0,0,-4000,0,0,0,0,4000,-4000,-4000
05279P,上銀元大95售02  ,0,0,0,0,0,0,0,0,0,-4000,0,0,0,0,4000,-4000,-4000
053052,旺宏國票97購02  ,0,0,0,0,0,0,0,0,0,-4000,0,0,0,50000,54000,-4000,-4000
053219,祥碩凱基96購01  ,0,0,0,0,0,0,0,0,0,-4000,0,0,0,9000,13000,-4000,-4000
053233,大立光永豐96購01,0,0,0,0,0,0,0,0,0,-4000,0,0,0,0,4000,-4000,-4000
053964,上銀元大96購05  ,0,0,0,0,0,0,0,0,0,-4000,0,0,0,66000,70000,-4000,-4000
05786P,臺股指永昌96售03,0,0,0,0,0,0,0,0,0,-4000,90000,0,90000,396000,490000,-94000,-4000
057040,國巨元大98購12  ,0,0,0,0,0,0,0,0,0,-4000,0,0,0,10000,14000,-4000,-4000
056724,臻鼎中信9A購01  ,0,0,0,0,0,0,0,0,0,-4000,0,0,0,106000,110000,-4000,-4000
056655,旺宏元大99購02  ,0,0,0,0,0,0,0,0,0,-4000,0,0,0,4000,8000,-4000,-4000
056866,矽創群益98購03  ,0,0,0,0,0,0,0,0,0,-4000,0,0,0,65000,69000,-4000,-4000
056898,全新元大98購02  ,0,0,0,0,0,0,0,0,0,-4000,0,0,0,157000,161000,-4000,-4000
056890,國巨元大98購11  ,0,0,0,0,0,0,0,0,0,-4000,0,0,0,114000,118000,-4000,-4000
06436P,台光電國票98售04,0,0,0,0,0,0,0,0,0,-4000,0,0,0,8000,12000,-4000,-4000
06342P,世芯統一98售01  ,0,0,0,0,0,0,0,0,0,-4000,0,0,0,0,4000,-4000,-4000
06445P,大立光凱基98售09,0,0,0,0,0,0,0,0,0,-4000,0,0,0,0,4000,-4000,-4000
1232,大統益          ,1000,10000,-9000,0,0,0,0,0,0,5000,5000,0,5000,0,0,0,-4000
06169P,華新科元富97售02,0,0,0,0,0,0,0,0,0,-4000,0,0,0,26000,30000,-4000,-4000
06116P,臺股指日盛97售01,0,0,0,0,0,0,0,0,0,-4000,0,0,0,0,4000,-4000,-4000
06121P,同欣電凱基97售02,0,0,0,0,0,0,0,0,0,-4000,0,0,0,0,4000,-4000,-4000
9937,全國            ,0,4000,-4000,0,0,0,0,0,0,0,0,0,0,0,0,0,-4000
8411,福貞-KY         ,0,4000,-4000,0,0,0,0,0,0,0,0,0,0,0,0,0,-4000
6215,和椿            ,2000,6000,-4000,0,0,0,0,0,0,0,0,0,0,0,0,0,-4000
4576,大銀微系統      ,2000,6000,-4000,0,0,0,0,0,0,0,0,0,0,0,0,0,-4000
2527,宏璟            ,3000,7000,-4000,0,0,0,0,0,0,0,0,0,0,0,0,0,-4000
2539,櫻花建          ,0,4000,-4000,0,0,0,0,0,0,0,0,0,0,0,0,0,-4000
2597,潤弘            ,1000,6000,-5000,0,0,0,0,0,0,1000,1000,0,1000,0,0,0,-4000
2701,萬企            ,1000,5000,-4000,0,0,0,0,0,0,0,0,0,0,0,0,0,-4000
2850,新產            ,34000,38000,-4000,0,0,0,0,0,0,0,0,0,0,0,0,0,-4000
3164,景岳            ,1000,2000,-1000,0,0,0,0,0,0,-3000,0,3000,-3000,0,0,0,-4000
3528,安馳            ,0,4000,-4000,0,0,0,0,0,0,0,0,0,0,0,0,0,-4000
2012,春雨            ,0,4000,-4000,0,0,0,0,0,0,0,0,0,0,0,0,0,-4000
2427,三商電          ,3000,7000,-4000,0,0,0,0,0,0,0,0,0,0,0,0,0,-4000
2397,友通            ,3000,6000,-3000,0,0,0,0,0,0,-1000,0,1000,-1000,0,0,0,-4000
1432,大魯閣          ,0,4000,-4000,0,0,0,0,0,0,0,0,0,0,0,0,0,-4000
1413,宏洲            ,0,4000,-4000,0,0,0,0,0,0,0,0,0,0,0,0,0,-4000
1732,毛寶            ,0,4000,-4000,0,0,0,0,0,0,0,0,0,0,0,0,0,-4000
1615,大山            ,2000,6000,-4000,0,0,0,0,0,0,0,0,0,0,0,0,0,-4000
055471,聯發科凱基97購04,0,0,0,0,0,0,0,0,0,-5000,0,0,0,60000,65000,-5000,-5000
055528,華邦電群益97購01,0,0,0,0,0,0,0,0,0,-5000,0,0,0,20000,25000,-5000,-5000
05552P,聯詠群益96售01  ,0,0,0,0,0,0,0,0,0,-5000,0,0,0,18000,23000,-5000,-5000
055618,麗豐國票98購01  ,0,0,0,0,0,0,0,0,0,-5000,0,0,0,0,5000,-5000,-5000
055651,富邦金元富97購01,0,0,0,0,0,0,0,0,0,-5000,0,0,0,35000,40000,-5000,-5000
055680,美律凱基99購01  ,0,0,0,0,0,0,0,0,0,-5000,0,0,0,5000,10000,-5000,-5000
055678,上銀凱基97購02  ,0,0,0,0,0,0,0,0,0,-5000,0,0,0,0,5000,-5000,-5000
05597P,鴻海元富96售06  ,0,0,0,0,0,0,0,0,0,-5000,0,0,0,25000,30000,-5000,-5000
05590P,臺股指中信96售05,0,0,0,0,0,0,0,0,0,-5000,0,0,0,0,5000,-5000,-5000
05584P,臺股指凱基96售13,0,0,0,0,0,0,0,0,0,-5000,0,0,0,198000,203000,-5000,-5000
055850,聯詠元大97購06  ,0,0,0,0,0,0,0,0,0,-5000,0,0,0,189000,194000,-5000,-5000
05586P,臺股指凱基96售15,0,0,0,0,0,0,0,0,0,-5000,0,0,0,0,5000,-5000,-5000
056432,鴻海凱基98購08  ,0,0,0,0,0,0,0,0,0,-5000,0,0,0,2000,7000,-5000,-5000
056538,國泰金凱基98購01,0,0,0,0,0,0,0,0,0,-5000,0,0,0,25000,30000,-5000,-5000
056595,台積電元富98購04,0,0,0,0,0,0,0,0,0,-5000,0,0,0,3000,8000,-5000,-5000
056588,聯發科統一9A購02,0,0,0,0,0,0,0,0,0,-5000,0,0,0,166000,171000,-5000,-5000
05615P,臺股指康和96售04,0,0,0,0,0,0,0,0,0,-5000,0,0,0,15000,20000,-5000,-5000
054765,亞光國票98購02  ,0,0,0,0,0,0,0,0,0,-5000,0,0,0,1000,6000,-5000,-5000
05508P,華通統一97售01  ,3000,0,3000,0,0,0,0,0,0,-8000,0,0,0,0,8000,-8000,-5000
055000,玉晶光元富97購04,0,0,0,0,0,0,0,0,0,-5000,0,0,0,25000,30000,-5000,-5000
055317,金寶國票98購01  ,0,0,0,0,0,0,0,0,0,-5000,0,0,0,306000,311000,-5000,-5000
05530P,臺股指群益96售03,0,0,0,0,0,0,0,0,0,-5000,0,0,0,0,5000,-5000,-5000
00657,國泰日經225     ,0,0,0,0,0,0,0,0,0,-5000,0,0,0,125000,130000,-5000,-5000
03026X,元展23          ,0,0,0,0,0,0,0,0,0,-5000,0,0,0,4000,9000,-5000,-5000
04186P,創意元富93售04  ,0,0,0,0,0,0,0,0,0,-5000,0,0,0,81000,86000,-5000,-5000
03427B,臺股指元大9A熊02,0,0,0,0,0,0,0,0,0,-5000,0,0,0,0,5000,-5000,-5000
03972P,可成元大93售07  ,0,0,0,0,0,0,0,0,0,-5000,0,0,0,0,5000,-5000,-5000
03935P,可成富邦95售01  ,0,0,0,0,0,0,0,0,0,-5000,0,0,0,0,5000,-5000,-5000
03943P,可成群益93售01  ,0,0,0,0,0,0,0,0,0,-5000,0,0,0,0,5000,-5000,-5000
03904P,啟碁統一93售01  ,0,0,0,0,0,0,0,0,0,-5000,0,0,0,7000,12000,-5000,-5000
04263P,南電群益93售03  ,0,0,0,0,0,0,0,0,0,-5000,0,0,0,0,5000,-5000,-5000
042919,GIS元大93購01   ,0,0,0,0,0,0,0,0,0,-5000,0,0,0,0,5000,-5000,-5000
046956,矽力國票93購01  ,0,0,0,0,0,0,0,0,0,-5000,0,0,0,0,5000,-5000,-5000
044792,康友群益93購01  ,0,0,0,0,0,0,0,0,0,-5000,0,0,0,5000,10000,-5000,-5000
044588,元金2X統一93購01,0,0,0,0,0,0,0,0,0,-5000,0,0,0,15000,20000,-5000,-5000
047262,欣興國票93購04  ,0,0,0,0,0,0,0,0,0,-5000,0,0,0,0,5000,-5000,-5000
047287,貿聯統一95購01  ,0,0,0,0,0,0,0,0,0,-5000,0,0,0,0,5000,-5000,-5000
047214,啟碁富邦97購01  ,0,0,0,0,0,0,0,0,0,-5000,0,0,0,0,5000,-5000,-5000
047099,華通富邦94購01  ,0,0,0,0,0,0,0,0,0,-5000,0,0,0,0,5000,-5000,-5000
04715P,聯茂元大94售06  ,0,0,0,0,0,0,0,0,0,-5000,0,0,0,0,5000,-5000,-5000
04592P,台積電元大94售10,0,0,0,0,0,0,0,0,0,-5000,0,0,0,0,5000,-5000,-5000
049410,統一凱基94購02  ,0,0,0,0,0,0,0,0,0,-5000,0,0,0,100000,105000,-5000,-5000
046440,義隆亞東93購01  ,0,0,0,0,0,0,0,0,0,-5000,0,0,0,0,5000,-5000,-5000
04735P,聯茂兆豐94售01  ,0,0,0,0,0,0,0,0,0,-5000,0,0,0,69000,74000,-5000,-5000
047516,深中小第一93購01,0,0,0,0,0,0,0,0,0,-5000,0,0,0,0,5000,-5000,-5000
047548,友達凱基99購03  ,0,0,0,0,0,0,0,0,0,-5000,0,0,0,0,5000,-5000,-5000
047461,大立光群益93購09,0,0,0,0,0,0,0,0,0,-5000,0,0,0,20000,25000,-5000,-5000
046480,群創元富96購01  ,0,0,0,0,0,0,0,0,0,-5000,0,0,0,90000,95000,-5000,-5000
050790,昇陽半國泰96購02,0,0,0,0,0,0,0,0,0,-5000,0,0,0,72000,77000,-5000,-5000
050680,上銀元富94購01  ,0,0,0,0,0,0,0,0,0,-5000,0,0,0,175000,180000,-5000,-5000
049258,美律元大94購03  ,0,0,0,0,0,0,0,0,0,-5000,0,0,0,0,5000,-5000,-5000
048926,燿華永豐95購01  ,0,0,0,0,0,0,0,0,0,-5000,0,0,0,0,5000,-5000,-5000
049811,聯鈞元大94購01  ,0,0,0,0,0,0,0,0,0,-5000,0,0,0,20000,25000,-5000,-5000
04916P,大立光永昌96售02,0,0,0,0,0,0,0,0,0,-5000,0,0,0,0,5000,-5000,-5000
049154,玉晶光元大95購02,0,0,0,0,0,0,0,0,0,-5000,0,0,0,97000,102000,-5000,-5000
05106P,鴻海永豐95售02  ,0,0,0,0,0,0,0,0,0,-5000,0,0,0,0,5000,-5000,-5000
051426,道瓊反統一95購02,0,0,0,0,0,0,0,0,0,-5000,0,0,0,0,5000,-5000,-5000
05141P,華通台新96售01  ,0,0,0,0,0,0,0,0,0,-5000,0,0,0,0,5000,-5000,-5000
048268,長榮航中信95購01,0,0,0,0,0,0,0,0,0,-5000,0,0,0,5000,10000,-5000,-5000
048037,台表科凱基93購05,0,0,0,0,0,0,0,0,0,-5000,0,0,0,12000,17000,-5000,-5000
048515,貿聯凱基93購03  ,0,0,0,0,0,0,0,0,0,-5000,0,0,0,0,5000,-5000,-5000
049871,T50反1台新9A購02,0,0,0,0,0,0,0,0,0,-5000,0,0,0,0,5000,-5000,-5000
049872,聯發科台新94購03,0,0,0,0,0,0,0,0,0,-5000,0,0,0,3000,8000,-5000,-5000
049886,華通永昌95購01  ,0,0,0,0,0,0,0,0,0,-5000,0,0,0,0,5000,-5000,-5000
050538,鴻海凱基95購06  ,0,0,0,0,0,0,0,0,0,-5000,0,0,0,7000,12000,-5000,-5000
04874P,高股息中信97售01,0,0,0,0,0,0,0,0,0,-5000,0,0,0,0,5000,-5000,-5000
050594,康友永豐94購01  ,0,0,0,0,0,0,0,0,0,-5000,0,0,0,5000,10000,-5000,-5000
05036P,義隆元大95售03  ,0,0,0,0,0,0,0,0,0,-5000,0,0,0,0,5000,-5000,-5000
053977,新日興元大96購03,0,0,0,0,0,0,0,0,0,-5000,0,0,0,7000,12000,-5000,-5000
053925,群創國票98購01  ,0,0,0,0,0,0,0,0,0,-5000,0,0,0,130000,135000,-5000,-5000
054144,康控元大97購02  ,0,0,0,0,0,0,0,0,0,-5000,0,0,0,10000,15000,-5000,-5000
054060,晶技國票97購02  ,0,0,0,0,0,0,0,0,0,-5000,0,0,0,0,5000,-5000,-5000
053833,彩晶台新97購02  ,0,0,0,0,0,0,0,0,0,-5000,0,0,0,0,5000,-5000,-5000
053082,聯電元大98購03  ,0,0,0,0,0,0,0,0,0,-5000,0,0,0,477000,482000,-5000,-5000
05297P,臻鼎凱基95售04  ,0,0,0,0,0,0,0,0,0,-5000,0,0,0,0,5000,-5000,-5000
053479,達興元大96購01  ,0,0,0,0,0,0,0,0,0,-5000,0,0,0,5000,10000,-5000,-5000
05340P,臺股指國票95售08,0,0,0,0,0,0,0,0,0,-5000,0,0,0,30000,35000,-5000,-5000
052790,智邦兆豐97購01  ,0,0,0,0,0,0,0,0,0,-5000,0,0,0,0,5000,-5000,-5000
052780,玉晶光國票96購04,0,0,0,0,0,0,0,0,0,-5000,0,0,0,0,5000,-5000,-5000
052647,晶技永豐97購01  ,0,0,0,0,0,0,0,0,0,-5000,0,0,0,0,5000,-5000,-5000
052279,旺宏凱基95購07  ,0,0,0,0,0,0,0,0,0,-5000,0,0,0,3000,8000,-5000,-5000
052259,深100富邦95購01 ,0,0,0,0,0,0,0,0,0,-5000,0,0,0,0,5000,-5000,-5000
052328,台表科中信99購01,0,0,0,0,0,0,0,0,0,-5000,0,0,0,10000,15000,-5000,-5000
052416,滬深2X兆豐96購02,0,0,0,0,0,0,0,0,0,-5000,0,0,0,0,5000,-5000,-5000
051799,台積電永豐96購01,0,0,0,0,0,0,0,0,0,-5000,0,0,0,0,5000,-5000,-5000
051864,聯發科凱基96購03,0,0,0,0,0,0,0,0,0,-5000,0,0,0,0,5000,-5000,-5000
052047,建準凱基96購01  ,0,0,0,0,0,0,0,0,0,-5000,0,0,0,0,5000,-5000,-5000
052180,緯穎元大96購05  ,0,0,0,0,0,0,0,0,0,-5000,0,0,0,288000,293000,-5000,-5000
1708,東鹼            ,21000,26000,-5000,0,0,0,0,0,0,0,0,0,0,0,0,0,-5000
1721,三晃            ,0,6000,-6000,0,0,0,0,0,0,1000,1000,0,1000,0,0,0,-5000
1414,東和            ,3000,8000,-5000,0,0,0,0,0,0,0,0,0,0,0,0,0,-5000
2414,精技            ,2000,7000,-5000,0,0,0,0,0,0,0,0,0,0,0,0,0,-5000
2636,台驊投控        ,1000,6000,-5000,0,0,0,0,0,0,0,0,0,0,0,0,0,-5000
2613,中櫃            ,9000,14000,-5000,0,0,0,0,0,0,0,0,0,0,0,0,0,-5000
5007,三星            ,0,5000,-5000,0,0,0,0,0,0,0,0,0,0,0,0,0,-5000
6142,友勁            ,0,5000,-5000,0,0,0,0,0,0,0,0,0,0,0,0,0,-5000
6192,巨路            ,5000,10000,-5000,0,0,0,0,0,0,0,0,0,0,0,0,0,-5000
6133,金橋            ,2000,9000,-7000,0,0,0,0,0,0,2000,2000,0,2000,0,0,0,-5000
5533,皇鼎            ,0,5000,-5000,0,0,0,0,0,0,0,0,0,0,0,0,0,-5000
06208P,台郡凱基97售03  ,0,0,0,0,0,0,0,0,0,-5000,0,0,0,0,5000,-5000,-5000
05990P,台積電群益96售13,0,0,0,0,0,0,0,0,0,-5000,0,0,0,0,5000,-5000,-5000
05942P,奇力新凱基96售04,0,0,0,0,0,0,0,0,0,-5000,0,0,0,0,5000,-5000,-5000
05951P,台積電國票97售05,0,0,0,0,0,0,0,0,0,-5000,0,0,0,0,5000,-5000,-5000
05906P,國巨元富96售05  ,0,0,0,0,0,0,0,0,0,-5000,0,0,0,0,5000,-5000,-5000
05930P,景碩康和96售01  ,0,0,0,0,0,0,0,0,0,-5000,0,0,0,0,5000,-5000,-5000
05922P,京元電兆豐96售01,0,0,0,0,0,0,0,0,0,-5000,0,0,0,0,5000,-5000,-5000
1225,福懋油          ,1000,6000,-5000,0,0,0,0,0,0,0,0,0,0,0,0,0,-5000
1203,味王            ,0,5000,-5000,0,0,0,0,0,0,0,0,0,0,0,0,0,-5000
06462P,鴻海富邦98售01  ,0,0,0,0,0,0,0,0,0,-5000,0,0,0,0,5000,-5000,-5000
06366P,鴻海凱基97售10  ,0,0,0,0,0,0,0,0,0,-5000,0,0,0,30000,35000,-5000,-5000
056869,國巨日盛99購03  ,0,0,0,0,0,0,0,0,0,-5000,0,0,0,0,5000,-5000,-5000
056920,友達兆豐98購02  ,0,0,0,0,0,0,0,0,0,-5000,0,0,0,90000,95000,-5000,-5000
056851,瑞儀元富98購01  ,0,0,0,0,0,0,0,0,0,-5000,0,0,0,0,5000,-5000,-5000
056642,旺宏凱基98購07  ,0,0,0,0,0,0,0,0,0,-5000,0,0,0,1000,6000,-5000,-5000
056706,元油2X富邦9B購01,0,0,0,0,0,0,0,0,0,-5000,0,0,0,0,5000,-5000,-5000
057112,立積群益99購01  ,0,0,0,0,0,0,0,0,0,-5000,0,0,0,0,5000,-5000,-5000
056997,台灣50康和9A購02,0,0,0,0,0,0,0,0,0,-5000,0,0,0,0,5000,-5000,-5000
056989,鴻海兆豐98購02  ,0,0,0,0,0,0,0,0,0,-5000,0,0,0,0,5000,-5000,-5000
057004,滬深反中信9A購01,0,0,0,0,0,0,0,0,0,-5000,0,0,0,0,5000,-5000,-5000
057015,元油2X凱基9B購04,0,0,0,0,0,0,0,0,0,-5000,0,0,0,0,5000,-5000,-5000
05787P,臺股指永昌96售04,0,0,0,0,0,0,0,0,0,-5000,60000,0,60000,300000,365000,-65000,-5000
05781P,臺股指統一99售02,0,0,0,0,0,0,0,0,0,-5000,0,0,0,0,5000,-5000,-5000
05756P,臺股指中信99售05,0,0,0,0,0,0,0,0,0,-5000,0,0,0,0,5000,-5000,-5000
05717P,鴻海元大97售07  ,0,0,0,0,0,0,0,0,0,-5000,0,0,0,87000,92000,-5000,-5000
057140,宏達電兆豐98購01,0,0,0,0,0,0,0,0,0,-5000,0,0,0,0,5000,-5000,-5000
05715P,創意元富96售05  ,0,0,0,0,0,0,0,0,0,-5000,0,0,0,0,5000,-5000,-5000
055373,聯詠元大97購03  ,0,0,0,0,0,0,0,0,0,-6000,0,0,0,161000,167000,-6000,-6000
054815,台積電元大97購14,0,0,0,0,0,0,0,0,0,-6000,0,0,0,0,6000,-6000,-6000
054703,聯發科第一97購01,0,0,0,0,0,0,0,0,0,-6000,0,0,0,1000,7000,-6000,-6000
05459P,聯詠凱基95售03  ,0,0,0,0,0,0,0,0,0,-6000,0,0,0,0,6000,-6000,-6000
054580,樺漢元大98購01  ,0,0,0,0,0,0,0,0,0,-6000,0,0,0,0,6000,-6000,-6000
054244,華新元大96購01  ,0,0,0,0,0,0,0,0,0,-6000,0,0,0,120000,126000,-6000,-6000
054475,鴻海中信96購04  ,0,0,0,0,0,0,0,0,0,-6000,0,0,0,80000,86000,-6000,-6000
056178,嘉澤元富97購02  ,0,0,0,0,0,0,0,0,0,-6000,0,0,0,0,6000,-6000,-6000
056350,上銀元大98購02  ,0,0,0,0,0,0,0,0,0,-6000,0,0,0,57000,63000,-6000,-6000
056560,旺宏群益98購03  ,0,0,0,0,0,0,0,0,0,-6000,0,0,0,10000,16000,-6000,-6000
056570,旺宏元大98購07  ,0,0,0,0,0,0,0,0,0,-6000,0,0,0,9000,15000,-6000,-6000
056509,晶相光永豐98購01,0,0,0,0,0,0,0,0,0,-6000,0,0,0,110000,116000,-6000,-6000
056389,鴻海富邦99購01  ,0,0,0,0,0,0,0,0,0,-6000,0,0,0,0,6000,-6000,-6000
056497,GIS國泰99購01   ,0,0,0,0,0,0,0,0,0,-6000,0,0,0,29000,35000,-6000,-6000
055813,聯發科國票98購04,0,0,0,0,0,0,0,0,0,-6000,0,0,0,0,6000,-6000,-6000
05591P,義隆群益96售03  ,0,0,0,0,0,0,0,0,0,-6000,0,0,0,0,6000,-6000,-6000
056017,台積電群益97購04,0,0,0,0,0,0,0,0,0,-6000,0,0,0,428000,434000,-6000,-6000
055541,聚陽凱基98購01  ,0,0,0,0,0,0,0,0,0,-6000,0,0,0,0,6000,-6000,-6000
049596,智伸科元大95購01,0,0,0,0,0,0,0,0,0,-6000,0,0,0,18000,24000,-6000,-6000
049672,臺股指富邦94購01,0,0,0,0,0,0,0,0,0,-6000,0,0,0,0,6000,-6000,-6000
047210,漢唐富邦95購01  ,0,0,0,0,0,0,0,0,0,-6000,0,0,0,0,6000,-6000,-6000
047266,嘉聯益國票94購02,0,0,0,0,0,0,0,0,0,-6000,0,0,0,0,6000,-6000,-6000
044516,景碩凱基93購02  ,0,0,0,0,0,0,0,0,0,-6000,0,0,0,24000,30000,-6000,-6000
044818,可成兆豐93購02  ,0,0,0,0,0,0,0,0,0,-6000,0,0,0,0,6000,-6000,-6000
04500P,燿華統一94售01  ,0,0,0,0,0,0,0,0,0,-6000,0,0,0,0,6000,-6000,-6000
04490P,聯發科台新94售02,0,0,0,0,0,0,0,0,0,-6000,0,0,0,0,6000,-6000,-6000
04345P,景碩國泰94售02  ,0,0,0,0,0,0,0,0,0,-6000,0,0,0,0,6000,-6000,-6000
04329P,TPK群益93售04   ,0,0,0,0,0,0,0,0,0,-6000,0,0,0,0,6000,-6000,-6000
047833,全新元大94購02  ,0,0,0,0,0,0,0,0,0,-6000,0,0,0,86000,92000,-6000,-6000
046802,聯電元大93購01  ,0,0,0,0,0,0,0,0,0,-6000,0,0,0,8000,14000,-6000,-6000
04505P,佳世達元富96售03,0,0,0,0,0,0,0,0,0,-6000,0,0,0,0,6000,-6000,-6000
042705,台積電亞東93購01,0,0,0,0,0,0,0,0,0,-6000,0,0,0,0,6000,-6000,-6000
045438,台郡統一94購01  ,0,0,0,0,0,0,0,0,0,-6000,0,0,0,6000,12000,-6000,-6000
03689P,TPK元富93售01   ,0,0,0,0,0,0,0,0,0,-6000,0,0,0,0,6000,-6000,-6000
04117P,聯發科元大93售21,0,0,0,0,0,0,0,0,0,-6000,0,0,0,201000,207000,-6000,-6000
00668,國泰美國道瓊    ,0,0,0,0,0,0,0,0,0,-6000,0,0,0,0,6000,-6000,-6000
00706L,元大S&P日圓正2  ,0,0,0,0,0,0,0,0,0,-6000,0,0,0,0,6000,-6000,-6000
050367,鴻海元大94購20  ,0,0,0,0,0,0,0,0,0,-6000,0,0,0,293000,299000,-6000,-6000
050023,國巨元大94購12  ,0,0,0,0,0,0,0,0,0,-6000,0,0,0,9000,15000,-6000,-6000
048545,嘉澤永豐93購03  ,0,0,0,0,0,0,0,0,0,-6000,0,0,0,58000,64000,-6000,-6000
048533,景碩國票94購01  ,0,0,0,0,0,0,0,0,0,-6000,0,0,0,52000,58000,-6000,-6000
048348,矽力元大93購03  ,0,0,0,0,0,0,0,0,0,-6000,0,0,0,0,6000,-6000,-6000
048239,嘉澤國票93購01  ,0,0,0,0,0,0,0,0,0,-6000,0,0,0,0,6000,-6000,-6000
050074,訊芯凱基94購05  ,0,0,0,0,0,0,0,0,0,-6000,0,0,0,0,6000,-6000,-6000
049834,康控凱基94購01  ,0,0,0,0,0,0,0,0,0,-6000,0,0,0,0,6000,-6000,-6000
049836,矽創凱基94購02  ,0,0,0,0,0,0,0,0,0,-6000,0,0,0,0,6000,-6000,-6000
050996,隆達元大95購01  ,0,0,0,0,0,0,0,0,0,-6000,0,0,0,0,6000,-6000,-6000
050940,嘉澤國票95購01  ,0,0,0,0,0,0,0,0,0,-6000,0,0,0,0,6000,-6000,-6000
049123,可成元富94購01  ,0,0,0,0,0,0,0,0,0,-6000,0,0,0,10000,16000,-6000,-6000
048160,GIS兆豐95購01   ,0,0,0,0,0,0,0,0,0,-6000,0,0,0,0,6000,-6000,-6000
050732,台虹國票94購01  ,0,0,0,0,0,0,0,0,0,-6000,0,0,0,127000,133000,-6000,-6000
050801,元金2X群益98購01,0,0,0,0,0,0,0,0,0,-6000,0,0,0,0,6000,-6000,-6000
051904,深100元大95購01 ,0,0,0,0,0,0,0,0,0,-6000,0,0,0,0,6000,-6000,-6000
051847,香港反中信99購01,0,0,0,0,0,0,0,0,0,-6000,0,0,0,0,6000,-6000,-6000
051842,大成鋼富邦97購01,0,0,0,0,0,0,0,0,0,-6000,0,0,0,302000,308000,-6000,-6000
051839,和鑫國泰96購01  ,0,0,0,0,0,0,0,0,0,-6000,0,0,0,10000,16000,-6000,-6000
052321,華擎元大95購01  ,0,0,0,0,0,0,0,0,0,-6000,0,0,0,29000,35000,-6000,-6000
053129,緯穎凱基96購01  ,0,0,0,0,0,0,0,0,0,-6000,0,0,0,0,6000,-6000,-6000
053769,香港反元大99購01,0,0,0,0,0,0,0,0,0,-6000,0,0,0,0,6000,-6000,-6000
054163,燿華凱基97購02  ,0,0,0,0,0,0,0,0,0,-6000,0,0,0,0,6000,-6000,-6000
057134,茂林凱基98購02  ,0,0,0,0,0,0,0,0,0,-6000,0,0,0,0,6000,-6000,-6000
05747P,漢唐群益96售03  ,0,0,0,0,0,0,0,0,0,-6000,0,0,0,0,6000,-6000,-6000
05837P,臺股指富邦96售04,0,0,0,0,0,0,0,0,0,-6000,0,0,0,0,6000,-6000,-6000
056995,華新科日盛99購01,0,0,0,0,0,0,0,0,0,-6000,0,0,0,0,6000,-6000,-6000
057046,奇力新元大99購03,0,0,0,0,0,0,0,0,0,-6000,0,0,0,582000,588000,-6000,-6000
05676P,欣興群益96售04  ,0,0,0,0,0,0,0,0,0,-6000,0,0,0,10000,16000,-6000,-6000
06368P,台積電凱基97售15,0,0,0,0,0,0,0,0,0,-6000,0,0,0,0,6000,-6000,-6000
06251P,臺股指永昌97售03,0,0,0,0,0,0,0,0,0,-6000,0,0,0,0,6000,-6000,-6000
1219,福壽            ,1000,7000,-6000,0,0,0,0,0,0,0,0,0,0,0,0,0,-6000
05950P,台積電國票97售04,0,0,0,0,0,0,0,0,0,-6000,0,0,0,0,6000,-6000,-6000
06020P,燿華元富96售04  ,0,0,0,0,0,0,0,0,0,-6000,0,0,0,0,6000,-6000,-6000
9902,台火            ,3000,9000,-6000,0,0,0,0,0,0,0,0,0,0,0,0,0,-6000
2906,高林            ,0,6000,-6000,0,0,0,0,0,0,0,0,0,0,0,0,0,-6000
2530,華建            ,1000,7000,-6000,0,0,0,0,0,0,0,0,0,0,0,0,0,-6000
2491,吉祥全          ,0,6000,-6000,0,0,0,0,0,0,0,0,0,0,0,0,0,-6000
3679,新至陞          ,16000,22000,-6000,0,0,0,0,0,0,0,0,0,0,0,0,0,-6000
4108,懷特            ,0,6000,-6000,0,0,0,0,0,0,0,0,0,0,0,0,0,-6000
3033,威健            ,47000,53000,-6000,0,0,0,0,0,0,0,0,0,0,0,0,0,-6000
2891C,中信金丙特      ,0,7956,-7956,0,0,0,0,0,0,1000,1000,0,1000,0,0,0,-6956
055493,華新科元大97購09,0,0,0,0,0,0,0,0,0,-7000,0,0,0,138000,145000,-7000,-7000
055842,建準元大98購01  ,0,0,0,0,0,0,0,0,0,-7000,0,0,0,100000,107000,-7000,-7000
055839,瑞昱元大97購04  ,0,0,0,0,0,0,0,0,0,-7000,0,0,0,19000,26000,-7000,-7000
056455,群創凱基9A購01  ,0,0,0,0,0,0,0,0,0,-7000,0,0,0,0,7000,-7000,-7000
054434,友達台新96購03  ,0,0,0,0,0,0,0,0,0,-7000,0,0,0,3000,10000,-7000,-7000
054690,新興永豐97購01  ,0,0,0,0,0,0,0,0,0,-7000,0,0,0,3000,10000,-7000,-7000
055105,鴻海凱基98購05  ,0,0,0,0,0,0,0,0,0,-7000,0,0,0,0,7000,-7000,-7000
020011,統一微波高息20N ,0,0,0,0,0,0,0,0,0,-7000,0,0,0,0,7000,-7000,-7000
04018P,亞光永豐93售01  ,0,0,0,0,0,0,0,0,0,-7000,0,0,0,0,7000,-7000,-7000
04214P,美利達凱基93售04,0,0,0,0,0,0,0,0,0,-7000,0,0,0,0,7000,-7000,-7000
046980,智邦兆豐94購01  ,0,0,0,0,0,0,0,0,0,-7000,0,0,0,44000,51000,-7000,-7000
046951,GIS元大93購08   ,0,0,0,0,0,0,0,0,0,-7000,0,0,0,0,7000,-7000,-7000
046937,聯電元大99購01  ,0,0,0,0,0,0,0,0,0,-7000,0,0,0,20000,27000,-7000,-7000
04977P,力成凱基96售01  ,0,0,0,0,0,0,0,0,0,-7000,0,0,0,3000,10000,-7000,-7000
049595,麗豐元大95購01  ,0,0,0,0,0,0,0,0,0,-7000,0,0,0,185000,192000,-7000,-7000
050690,台達電凱基96購01,0,0,0,0,0,0,0,0,0,-7000,0,0,0,110000,117000,-7000,-7000
048975,玉晶光元大94購03,0,0,0,0,0,0,0,0,0,-7000,0,0,0,10000,17000,-7000,-7000
049138,台積電元大94購05,0,0,0,0,0,0,0,0,0,-7000,0,0,0,149000,156000,-7000,-7000
051065,台積電國票96購01,0,0,0,0,0,0,0,0,0,-7000,0,0,0,1000,8000,-7000,-7000
048223,微星凱基93購02  ,0,0,0,0,0,0,0,0,0,-7000,0,0,0,44000,51000,-7000,-7000
048557,瑞昱元大94購01  ,0,0,0,0,0,0,0,0,0,-7000,0,0,0,49000,56000,-7000,-7000
048450,聯詠凱基93購09  ,0,0,0,0,0,0,0,0,0,-7000,0,0,0,18000,25000,-7000,-7000
050456,聯茂元大94購09  ,0,0,0,0,0,0,0,0,0,-7000,0,0,0,175000,182000,-7000,-7000
050444,卜蜂元大94購03  ,0,0,0,0,0,0,0,0,0,-7000,0,0,0,0,7000,-7000,-7000
054126,和大元大96購02  ,0,0,0,0,0,0,0,0,0,-7000,0,0,0,13000,20000,-7000,-7000
054193,鴻海麥證96購02  ,0,0,0,0,7000,-7000,0,0,0,-7000,0,0,0,0,7000,-7000,-7000
053966,旺宏元大96購08  ,0,0,0,0,0,0,0,0,0,-7000,0,0,0,234000,241000,-7000,-7000
052991,台積電台新96購01,0,0,0,0,0,0,0,0,0,-7000,0,0,0,6000,13000,-7000,-7000
053406,國巨兆豐96購02  ,0,0,0,0,0,0,0,0,0,-7000,0,0,0,0,7000,-7000,-7000
053301,華通凱基96購04  ,0,0,0,0,0,0,0,0,0,-7000,0,0,0,0,7000,-7000,-7000
053551,可成凱基96購05  ,0,0,0,0,0,0,0,0,0,-7000,0,0,0,64000,71000,-7000,-7000
052639,康控凱基96購02  ,0,0,0,0,0,0,0,0,0,-7000,0,0,0,0,7000,-7000,-7000
052593,台積電群益96購02,0,0,0,0,0,0,0,0,0,-7000,0,0,0,212000,219000,-7000,-7000
052863,友達凱基98購02  ,0,0,0,0,0,0,0,0,0,-7000,0,0,0,0,7000,-7000,-7000
2706,第一店          ,0,7000,-7000,0,0,0,0,0,0,0,0,0,0,0,0,0,-7000
2939,凱羿-KY         ,2000,9000,-7000,0,0,0,0,0,0,0,0,0,0,0,0,0,-7000
1325,恆大            ,0,7000,-7000,0,0,0,0,0,0,0,0,0,0,0,0,0,-7000
1524,耿鼎            ,0,7000,-7000,0,0,0,0,0,0,0,0,0,0,0,0,0,-7000
1810,和成            ,0,7000,-7000,0,0,0,0,0,0,0,0,0,0,0,0,0,-7000
6573,虹揚-KY         ,0,7000,-7000,0,0,0,0,0,0,0,0,0,0,0,0,0,-7000
4960,誠美材          ,0,7000,-7000,0,0,0,0,0,0,0,0,0,0,0,0,0,-7000
05911P,南亞科永豐96售03,0,0,0,0,0,0,0,0,0,-7000,0,0,0,10000,17000,-7000,-7000
05867P,友達兆豐97售02  ,0,0,0,0,0,0,0,0,0,-7000,0,0,0,52000,59000,-7000,-7000
06117P,臺股指日盛97售02,0,0,0,0,0,0,0,0,0,-7000,0,0,0,2000,9000,-7000,-7000
1110,東泥            ,1000,9000,-8000,0,0,0,0,0,0,1000,1000,0,1000,0,0,0,-7000
06621P,欣興元大98售06  ,0,0,0,0,0,0,0,0,0,-7000,0,0,0,0,7000,-7000,-7000
056986,超眾群益98購03  ,0,0,0,0,0,0,0,0,0,-7000,0,0,0,56000,63000,-7000,-7000
057017,和大凱基98購01  ,0,0,0,0,0,0,0,0,0,-7000,0,0,0,30000,37000,-7000,-7000
054926,神達凱基98購01  ,0,0,0,0,0,0,0,0,0,-8000,0,0,0,10000,18000,-8000,-8000
055200,和大群益98購01  ,0,0,0,0,0,0,0,0,0,-8000,0,0,0,2000,10000,-8000,-8000
055138,大毅永豐97購02  ,0,0,0,0,0,0,0,0,0,-8000,0,0,0,120000,128000,-8000,-8000
055247,聯發科統一98購01,0,0,0,0,0,0,0,0,0,-8000,0,0,0,272000,280000,-8000,-8000
054803,味全元大9A購01  ,0,0,0,0,0,0,0,0,0,-8000,0,0,0,0,8000,-8000,-8000
054767,日電貿國票98購01,0,0,0,0,0,0,0,0,0,-8000,0,0,0,19000,27000,-8000,-8000
054348,康控國票97購03  ,0,0,0,0,0,0,0,0,0,-8000,0,0,0,10000,18000,-8000,-8000
056492,全新國泰9A購01  ,0,0,0,0,0,0,0,0,0,-8000,0,0,0,16000,24000,-8000,-8000
056425,聯發科日盛9A購01,0,0,0,0,0,0,0,0,0,-8000,0,0,0,23000,31000,-8000,-8000
056569,T50正2元大9B購02,0,0,0,0,0,0,0,0,0,-8000,0,0,0,1000,9000,-8000,-8000
056329,上銀國票98購02  ,0,0,0,0,0,0,0,0,0,-8000,0,0,0,0,8000,-8000,-8000
055911,可成凱基98購02  ,0,0,0,0,0,0,0,0,0,-8000,0,0,0,0,8000,-8000,-8000
055465,和大凱基97購03  ,0,0,0,0,0,0,0,0,0,-8000,0,0,0,0,8000,-8000,-8000
049385,茂林元大94購03  ,0,0,0,0,0,0,0,0,0,-8000,0,0,0,1000,9000,-8000,-8000
047180,台積電元大93購18,0,0,0,0,0,0,0,0,0,-8000,0,0,0,0,8000,-8000,-8000
043891,羅麗芬元大94購01,0,0,0,0,0,0,0,0,0,-8000,0,0,0,2000,10000,-8000,-8000
042040,大立光群益93購01,0,0,0,0,0,0,0,0,0,-8000,0,0,0,0,8000,-8000,-8000
00742,新光內需收益    ,0,0,0,0,0,0,0,0,0,-8000,0,0,0,1000,9000,-8000,-8000
04535P,華新統一94售01  ,0,0,0,0,0,0,0,0,0,-8000,0,0,0,0,8000,-8000,-8000
048635,鴻海元大94購04  ,0,0,0,0,0,0,0,0,0,-8000,0,0,0,13000,21000,-8000,-8000
049020,可成群益94購02  ,0,0,0,0,0,0,0,0,0,-8000,0,0,0,0,8000,-8000,-8000
050499,台達電凱基94購11,0,0,0,0,0,0,0,0,0,-8000,0,0,0,2000,10000,-8000,-8000
051503,玉晶光統一97購01,0,0,0,0,0,0,0,0,0,-8000,0,0,0,22000,30000,-8000,-8000
049118,元油2X元富94購03,0,0,0,0,0,0,0,0,0,-8000,0,0,0,41000,49000,-8000,-8000
048980,嘉澤元大94購02  ,0,0,0,0,0,0,0,0,0,-8000,0,0,0,23000,31000,-8000,-8000
04896P,上証2X中信95售01,0,0,0,0,0,0,0,0,0,-8000,0,0,0,0,8000,-8000,-8000
048939,華擎永豐94購01  ,0,0,0,0,0,0,0,0,0,-8000,0,0,0,0,8000,-8000,-8000
048139,南電國票94購02  ,0,0,0,0,0,0,0,0,0,-8000,0,0,0,60000,68000,-8000,-8000
05066P,康控元大95售03  ,0,0,0,0,0,0,0,0,0,-8000,0,0,0,2000,10000,-8000,-8000
050674,瑞昱富邦94購02  ,0,0,0,0,0,0,0,0,0,-8000,0,0,0,2000,10000,-8000,-8000
049274,臺股指元大94購09,0,0,0,0,0,0,0,0,0,-8000,0,0,0,5000,13000,-8000,-8000
052806,玉晶光元大98購04,0,0,0,0,0,0,0,0,0,-8000,0,0,0,88000,96000,-8000,-8000
052698,深中小國票99購01,0,0,0,0,0,0,0,0,0,-8000,0,0,0,210000,218000,-8000,-8000
052371,元金2X元大95購01,0,0,0,0,0,0,0,0,0,-8000,0,0,0,2000,10000,-8000,-8000
052360,FB上証國票96購01,0,0,0,0,0,0,0,0,0,-8000,0,0,0,0,8000,-8000,-8000
051581,聯發科元大95購12,0,0,0,0,0,0,0,0,0,-8000,0,0,0,60000,68000,-8000,-8000
053434,國泰金日盛96購01,0,0,0,0,0,0,0,0,0,-8000,0,0,0,170000,178000,-8000,-8000
053314,A50正2群益9A購01,0,0,0,0,0,0,0,0,0,-8000,0,0,0,0,8000,-8000,-8000
053048,同欣電麥證96購01,0,0,0,52000,60000,-8000,0,0,0,-8000,0,0,0,52000,60000,-8000,-8000
054145,嘉聯益元大98購01,0,0,0,0,0,0,0,0,0,-8000,0,0,0,0,8000,-8000,-8000
053858,台達電元大96購05,0,0,0,0,0,0,0,0,0,-8000,0,0,0,122000,130000,-8000,-8000
053730,樺漢凱基98購01  ,0,0,0,0,0,0,0,0,0,-8000,0,0,0,19000,27000,-8000,-8000
057175,美律元大98購03  ,0,0,0,0,0,0,0,0,0,-8000,0,0,0,10000,18000,-8000,-8000
056929,華新科台新98購01,0,0,0,0,0,0,0,0,0,-8000,0,0,0,0,8000,-8000,-8000
06577P,聯發科日盛9A售02,0,0,0,0,0,0,0,0,0,-8000,0,0,0,0,8000,-8000,-8000
06582P,可成凱基98售06  ,0,0,0,0,0,0,0,0,0,-8000,0,0,0,0,8000,-8000,-8000
06468P,華新科統一98售02,0,0,0,0,0,0,0,0,0,-8000,0,0,0,22000,30000,-8000,-8000
06239P,奇力新元大97售08,0,0,0,0,0,0,0,0,0,-8000,0,0,0,0,8000,-8000,-8000
06304P,臺股指元大97售10,0,0,0,0,0,0,0,0,0,-8000,0,0,0,0,8000,-8000,-8000
06437P,玉晶光國票99售01,0,0,0,0,0,0,0,0,0,-8000,0,0,0,0,8000,-8000,-8000
06094P,台達電中信97售01,0,0,0,0,0,0,0,0,0,-8000,0,0,0,92000,100000,-8000,-8000
5283,禾聯碩          ,0,8000,-8000,0,0,0,0,0,0,0,0,0,0,0,0,0,-8000
1806,冠軍            ,4000,12000,-8000,0,0,0,0,0,0,0,0,0,0,0,0,0,-8000
1440,南紡            ,124000,139000,-15000,0,0,0,0,0,0,7000,7000,0,7000,0,0,0,-8000
2028,威致            ,0,8000,-8000,0,0,0,0,0,0,0,2000,2000,0,0,0,0,-8000
3622,洋華            ,18000,26000,-8000,0,0,0,0,0,0,0,0,0,0,0,0,0,-8000
055620,樺漢國票98購01  ,0,0,0,0,0,0,0,0,0,-9000,0,0,0,30000,39000,-9000,-9000
055962,晶豪科元大97購02,0,0,0,0,0,0,0,0,0,-9000,0,0,0,0,9000,-9000,-9000
056150,台光電凱基98購02,0,0,0,0,0,0,0,0,0,-9000,0,0,0,1000,10000,-9000,-9000
054794,貿聯群益98購01  ,0,0,0,0,0,0,0,0,0,-9000,0,0,0,240000,249000,-9000,-9000
054785,建準群益98購01  ,0,0,0,0,0,0,0,0,0,-9000,0,0,0,11000,20000,-9000,-9000
05524P,瀚宇博國票97售02,0,0,0,0,0,0,0,0,0,-9000,0,0,0,0,9000,-9000,-9000
055157,晶豪科元大97購01,0,0,0,0,0,0,0,0,0,-9000,0,0,0,104000,113000,-9000,-9000
055322,欣興國票97購06  ,0,0,0,0,0,0,0,0,0,-9000,0,0,0,234000,243000,-9000,-9000
05484P,台積電凱基95售18,0,0,0,0,0,0,0,0,0,-9000,0,0,0,50000,59000,-9000,-9000
054874,帆宣群益99購02  ,0,0,0,0,0,0,0,0,0,-9000,0,0,0,33000,42000,-9000,-9000
055096,緯穎群益97購01  ,0,0,0,0,0,0,0,0,0,-9000,0,0,0,202000,211000,-9000,-9000
045456,鴻海元大93購04  ,0,0,0,0,0,0,0,0,0,-9000,0,0,0,90000,99000,-9000,-9000
03424B,臺股指元大96熊26,0,0,0,0,0,0,0,0,0,-9000,0,0,0,0,9000,-9000,-9000
044961,聯電中信94購01  ,0,0,0,0,0,0,0,0,0,-9000,0,0,0,93000,102000,-9000,-9000
047785,嘉聯益第一93購01,0,0,0,0,0,0,0,0,0,-9000,0,0,0,1000,10000,-9000,-9000
047860,臺股指國票93購15,0,0,0,0,0,0,0,0,0,-9000,0,0,0,1000,10000,-9000,-9000
047288,台郡統一93購01  ,0,0,0,0,0,0,0,0,0,-9000,0,0,0,27000,36000,-9000,-9000
046422,健策元大92購06  ,0,0,0,0,0,0,0,0,0,-9000,0,0,0,7000,16000,-9000,-9000
046667,晶技元大93購01  ,0,0,0,0,0,0,0,0,0,-9000,0,0,0,1000,10000,-9000,-9000
047383,鴻海元大95購01  ,0,0,0,0,0,0,0,0,0,-9000,0,0,0,19000,28000,-9000,-9000
047347,台積電凱基93購14,0,0,0,0,0,0,0,0,0,-9000,0,0,0,11000,20000,-9000,-9000
047315,大立光元大93購23,0,0,0,0,0,0,0,0,0,-9000,0,0,0,0,9000,-9000,-9000
050682,南亞科元富94購02,0,0,0,0,0,0,0,0,0,-9000,0,0,0,30000,39000,-9000,-9000
048102,矽力凱基94購01  ,0,0,0,0,0,0,0,0,0,-9000,0,0,0,11000,20000,-9000,-9000
051456,鈺齊元大95購01  ,0,0,0,0,0,0,0,0,0,-9000,0,0,0,11000,20000,-9000,-9000
050152,聯發科群益94購07,0,0,0,0,0,0,0,0,0,-9000,0,0,0,50000,59000,-9000,-9000
050553,緯穎凱基94購06  ,0,0,0,0,0,0,0,0,0,-9000,0,0,0,1000,10000,-9000,-9000
048644,華固元大93購01  ,0,0,0,0,0,0,0,0,0,-9000,0,0,0,0,9000,-9000,-9000
048494,瑞昱元大93購13  ,0,0,0,0,0,0,0,0,0,-9000,0,0,0,75000,84000,-9000,-9000
04856P,光磊元富94售01  ,0,0,0,0,0,0,0,0,0,-9000,0,0,0,1000,10000,-9000,-9000
048570,鈺齊元大93購01  ,0,0,0,0,0,0,0,0,0,-9000,0,0,0,1000,10000,-9000,-9000
04805P,創意元富94售01  ,0,0,0,0,0,0,0,0,0,-9000,0,0,0,10000,19000,-9000,-9000
053665,臺股指凱基96購26,0,0,0,0,0,0,0,0,0,-9000,0,0,0,11000,20000,-9000,-9000
05382P,電子類群益95售02,0,0,0,0,0,0,0,0,0,-9000,0,0,0,8000,17000,-9000,-9000
053791,同欣電元大96購05,0,0,0,0,0,0,0,0,0,-9000,0,0,0,22000,31000,-9000,-9000
05314P,臺股指群益95售13,0,0,0,0,0,0,0,0,0,-9000,0,0,0,0,9000,-9000,-9000
051876,宏達電國票96購01,0,0,0,0,0,0,0,0,0,-9000,0,0,0,137000,146000,-9000,-9000
05199P,訊芯永豐95售02  ,0,0,0,0,0,0,0,0,0,-9000,0,0,0,1000,10000,-9000,-9000
052113,漢唐中信98購01  ,0,0,0,0,0,0,0,0,0,-9000,0,0,0,58000,67000,-9000,-9000
052465,聯詠統一95購02  ,0,0,0,0,0,0,0,0,0,-9000,0,0,0,1000,10000,-9000,-9000
05260P,和碩元富95售02  ,0,0,0,0,0,0,0,0,0,-9000,0,0,0,0,9000,-9000,-9000
052841,群創富邦96購02  ,0,0,0,0,0,0,0,0,0,-9000,0,0,0,1000,10000,-9000,-9000
3501,維熹            ,4000,14000,-10000,0,0,0,0,0,0,1000,1000,0,1000,0,0,0,-9000
2908,特力            ,2000,11000,-9000,0,0,0,0,0,0,0,0,0,0,0,0,0,-9000
2009,第一銅          ,1000,10000,-9000,0,0,0,0,0,0,0,0,0,0,0,0,0,-9000
5608,四維航          ,3000,12000,-9000,0,0,0,0,0,0,0,0,0,0,0,0,0,-9000
9942,茂順            ,11000,20000,-9000,0,0,0,0,0,0,0,0,0,0,0,0,0,-9000
06201P,可成元大97售01  ,0,0,0,0,0,0,0,0,0,-9000,0,0,0,3000,12000,-9000,-9000
06149P,台積電元大97售18,0,0,0,0,0,0,0,0,0,-9000,0,0,0,222000,231000,-9000,-9000
05927P,正文永豐96售03  ,0,0,0,0,0,0,0,0,0,-9000,0,0,0,11000,20000,-9000,-9000
05949P,台積電國票96售09,0,0,0,0,0,0,0,0,0,-9000,0,0,0,90000,99000,-9000,-9000
056933,國巨元富98購03  ,0,0,0,0,0,0,0,0,0,-9000,0,0,0,14000,23000,-9000,-9000
057153,祥碩國泰99購01  ,0,0,0,0,0,0,0,0,0,-9000,0,0,0,0,9000,-9000,-9000
057197,立積台新98購01  ,0,0,0,0,0,0,0,0,0,-9000,0,0,0,0,9000,-9000,-9000
05755P,臺股指中信99售04,0,0,0,0,0,0,0,0,0,-9000,0,0,0,10000,19000,-9000,-9000
057003,立積國票98購01  ,0,0,0,0,0,0,0,0,0,-9000,0,0,0,0,9000,-9000,-9000
054993,南亞科元富97購03,0,0,0,0,0,0,0,0,0,-10000,0,0,0,0,10000,-10000,-10000
054976,上証2X元富9A購01,0,0,0,0,0,0,0,0,0,-10000,0,0,0,0,10000,-10000,-10000
055014,達興元富97購01  ,0,0,0,0,0,0,0,0,0,-10000,0,0,0,0,10000,-10000,-10000
05500P,臺股指中信96售04,0,0,0,0,0,0,0,0,0,-10000,0,0,0,0,10000,-10000,-10000
055010,佐登元富97購01  ,0,0,0,0,0,0,0,0,0,-10000,0,0,0,40000,50000,-10000,-10000
054842,台達電兆豐98購01,0,0,0,0,0,0,0,0,0,-10000,0,0,0,20000,30000,-10000,-10000
054819,裕民元大9A購01  ,0,0,0,0,0,0,0,0,0,-10000,0,0,0,0,10000,-10000,-10000
054930,群電凱基98購01  ,0,0,0,0,0,0,0,0,0,-10000,0,0,0,0,10000,-10000,-10000
054956,宏盛元大97購01  ,0,0,0,0,0,0,0,0,0,-10000,0,0,0,0,10000,-10000,-10000
055391,光罩統一97購02  ,0,0,0,0,0,0,0,0,0,-10000,0,0,0,580000,590000,-10000,-10000
05538P,玉晶光國票97售02,0,0,0,0,0,0,0,0,0,-10000,0,0,0,0,10000,-10000,-10000
055227,聯發科國票98購02,0,0,0,0,0,0,0,0,0,-10000,0,0,0,0,10000,-10000,-10000
055228,聯發科國票98購03,0,0,0,0,0,0,0,0,0,-10000,0,0,0,20000,30000,-10000,-10000
055230,大毅國票98購01  ,0,0,0,0,0,0,0,0,0,-10000,0,0,0,5000,15000,-10000,-10000
055223,和大國票98購01  ,0,0,0,0,0,0,0,0,0,-10000,0,0,0,20000,30000,-10000,-10000
054802,高股息元大97購01,0,0,0,0,0,0,0,0,0,-10000,0,0,0,5000,15000,-10000,-10000
054696,嘉聯益永豐97購01,0,0,0,0,0,0,0,0,0,-10000,0,0,0,0,10000,-10000,-10000
054668,傳奇元富97購03  ,0,0,0,0,0,0,0,0,0,-10000,0,0,0,0,10000,-10000,-10000
054736,南亞科凱基98購01,0,0,0,0,0,0,0,0,0,-10000,0,0,0,0,10000,-10000,-10000
054740,強茂凱基99購01  ,0,0,0,0,0,0,0,0,0,-10000,0,0,0,0,10000,-10000,-10000
054592,美律永昌9A購01  ,0,0,0,0,0,0,0,0,0,-10000,0,0,0,0,10000,-10000,-10000
05461P,台積電亞東97售01,0,0,0,0,0,0,0,0,0,-10000,0,0,0,0,10000,-10000,-10000
054567,拓凱群益98購01  ,0,0,0,0,0,0,0,0,0,-10000,0,0,0,0,10000,-10000,-10000
054340,大成鋼元富96購01,0,0,0,0,0,0,0,0,0,-10000,0,0,0,0,10000,-10000,-10000
054255,亞光元大96購05  ,0,0,0,0,0,0,0,0,0,-10000,0,0,0,119000,129000,-10000,-10000
05421P,鴻海元大96售12  ,0,0,0,0,0,0,0,0,0,-10000,0,0,0,361000,371000,-10000,-10000
054481,鎧勝中信96購01  ,0,0,0,0,0,0,0,0,0,-10000,0,0,0,0,10000,-10000,-10000
056082,旺宏統一99購02  ,0,0,0,0,0,0,0,0,0,-10000,0,0,0,0,10000,-10000,-10000
056122,勤誠群益97購02  ,0,0,0,0,0,0,0,0,0,-10000,0,0,0,0,10000,-10000,-10000
056112,勤誠永豐97購02  ,0,0,0,0,0,0,0,0,0,-10000,0,0,0,0,10000,-10000,-10000
056603,嘉聯益國泰9A購01,0,0,0,0,0,0,0,0,0,-10000,0,0,0,60000,70000,-10000,-10000
056528,為升凱基98購01  ,0,0,0,0,0,0,0,0,0,-10000,0,0,0,30000,40000,-10000,-10000
056542,緯創凱基98購01  ,0,0,0,0,0,0,0,0,0,-10000,0,0,0,0,10000,-10000,-10000
056377,智伸科統一9A購01,0,0,0,0,0,0,0,0,0,-10000,0,0,0,0,10000,-10000,-10000
05635P,健策台新96售02  ,0,0,0,0,0,0,0,0,0,-10000,0,0,0,0,10000,-10000,-10000
056506,晶豪科永豐98購02,0,0,0,0,0,0,0,0,0,-10000,0,0,0,20000,30000,-10000,-10000
056456,群創凱基9B購01  ,0,0,0,0,0,0,0,0,0,-10000,0,0,0,0,10000,-10000,-10000
056440,智邦凱基98購03  ,0,0,0,0,0,0,0,0,0,-10000,0,0,0,14000,24000,-10000,-10000
055916,奇鋐凱基99購01  ,0,0,0,0,0,0,0,0,0,-10000,0,0,0,0,10000,-10000,-10000
056031,勤誠康和97購02  ,0,0,0,0,0,0,0,0,0,-10000,0,0,0,0,10000,-10000,-10000
056032,勤誠康和97購03  ,0,0,0,0,0,0,0,0,0,-10000,0,0,0,0,10000,-10000,-10000
056044,同欣電凱基97購03,0,0,0,0,0,0,0,0,0,-10000,0,0,0,26000,36000,-10000,-10000
056045,勤誠凱基97購01  ,0,0,0,0,0,0,0,0,0,-10000,0,0,0,0,10000,-10000,-10000
055860,啟碁元大97購04  ,0,0,0,0,0,0,0,0,0,-10000,0,0,0,22000,32000,-10000,-10000
055754,和大兆豐97購01  ,0,0,0,0,0,0,0,0,0,-10000,0,0,0,20000,30000,-10000,-10000
055691,訊芯凱基97購02  ,0,0,0,0,0,0,0,0,0,-10000,0,0,0,50000,60000,-10000,-10000
055438,鴻海國票98購01  ,0,0,0,0,0,0,0,0,0,-10000,0,0,0,43000,53000,-10000,-10000
055550,華邦電凱基97購03,0,0,0,0,0,0,0,0,0,-10000,0,0,0,47000,57000,-10000,-10000
055571,鴻海統一97購03  ,0,0,0,0,0,0,0,0,0,-10000,0,0,0,25000,35000,-10000,-10000
055512,聯詠兆豐97購01  ,0,0,0,0,0,0,0,0,0,-10000,0,0,0,40000,50000,-10000,-10000
047321,日月光元大93購03,0,0,0,0,0,0,0,0,0,-10000,0,0,0,20000,30000,-10000,-10000
045817,滬深2X凱基95購02,0,0,0,0,0,0,0,0,0,-10000,0,0,0,0,10000,-10000,-10000
045762,微星統一92購01  ,0,0,0,0,0,0,0,0,0,-10000,0,0,0,0,10000,-10000,-10000
047694,SP黃豆國票9B購01,0,0,0,0,0,0,0,0,0,-10000,0,0,0,0,10000,-10000,-10000
04734P,上海銀兆豐94售02,0,0,0,0,0,0,0,0,0,-10000,0,0,0,0,10000,-10000,-10000
04732P,聯茂群益94售01  ,0,0,0,0,0,0,0,0,0,-10000,0,0,0,0,10000,-10000,-10000
047937,元金2X國票97購02,0,0,0,0,0,0,0,0,0,-10000,0,0,0,0,10000,-10000,-10000
047547,友達凱基99購02  ,0,0,0,0,0,0,0,0,0,-10000,0,0,0,0,10000,-10000,-10000
047620,貿聯凱基93購01  ,0,0,0,0,0,0,0,0,0,-10000,0,0,0,0,10000,-10000,-10000
047632,儒鴻元大93購08  ,0,0,0,0,0,0,0,0,0,-10000,0,0,0,0,10000,-10000,-10000
047650,矽力元大93購01  ,0,0,0,0,0,0,0,0,0,-10000,0,0,0,0,10000,-10000,-10000
047654,鴻海兆豐93購01  ,0,0,0,0,0,0,0,0,0,-10000,0,0,0,30000,40000,-10000,-10000
047403,香港2X統一93購01,0,0,0,0,0,0,0,0,0,-10000,0,0,0,0,10000,-10000,-10000
047033,日月光中信95購01,0,0,0,0,0,0,0,0,0,-10000,0,0,0,34000,44000,-10000,-10000
047043,廣越群益93購01  ,0,0,0,0,0,0,0,0,0,-10000,0,0,0,0,10000,-10000,-10000
046209,全新元富92購01  ,0,0,0,0,0,0,0,0,0,-10000,0,0,0,10000,20000,-10000,-10000
046213,可成統一92購06  ,0,0,0,0,0,0,0,0,0,-10000,0,0,0,0,10000,-10000,-10000
046220,滬深2X元大95購03,0,0,0,0,0,0,0,0,0,-10000,0,0,0,0,10000,-10000,-10000
046291,友達統一94購01  ,0,0,0,0,0,0,0,0,0,-10000,0,0,0,0,10000,-10000,-10000
046292,聯發科統一92購02,0,0,0,0,0,0,0,0,0,-10000,0,0,0,10000,20000,-10000,-10000
046227,聯發科元大92購12,0,0,0,0,0,0,0,0,0,-10000,0,0,0,0,10000,-10000,-10000
046231,創意元大92購07  ,0,0,0,0,0,0,0,0,0,-10000,0,0,0,52000,62000,-10000,-10000
046306,瑞昱元大92購02  ,0,0,0,0,0,0,0,0,0,-10000,0,0,0,0,10000,-10000,-10000
046692,鴻海凱基93購15  ,0,0,0,0,0,0,0,0,0,-10000,0,0,0,30000,40000,-10000,-10000
046627,高鐵統一95購01  ,0,0,0,0,0,0,0,0,0,-10000,0,0,0,0,10000,-10000,-10000
046695,瑞昱凱基93購03  ,0,0,0,0,0,0,0,0,0,-10000,0,0,0,10000,20000,-10000,-10000
046762,大立光凱基93購13,0,0,0,0,0,0,0,0,0,-10000,0,0,0,0,10000,-10000,-10000
046493,緯創富邦93購01  ,0,0,0,0,0,0,0,0,0,-10000,0,0,0,0,10000,-10000,-10000
046506,全新元大92購05  ,0,0,0,0,0,0,0,0,0,-10000,0,0,0,0,10000,-10000,-10000
046510,大立光元大92購25,0,0,0,0,0,0,0,0,0,-10000,0,0,0,0,10000,-10000,-10000
046538,大立光群益93購06,0,0,0,0,0,0,0,0,0,-10000,0,0,0,9000,19000,-10000,-10000
046578,聯電元大92購01  ,0,0,0,0,0,0,0,0,0,-10000,0,0,0,4000,14000,-10000,-10000
046590,同欣電元大92購02,0,0,0,0,0,0,0,0,0,-10000,0,0,0,0,10000,-10000,-10000
046618,南亞科凱基93購01,0,0,0,0,0,0,0,0,0,-10000,0,0,0,10000,20000,-10000,-10000
046387,臻鼎凱基92購04  ,0,0,0,0,0,0,0,0,0,-10000,0,0,0,0,10000,-10000,-10000
046374,台積電凱基92購20,0,0,0,0,0,0,0,0,0,-10000,0,0,0,0,10000,-10000,-10000
047269,同欣電康和93購01,0,0,0,0,0,0,0,0,0,-10000,0,0,0,0,10000,-10000,-10000
047248,奇鋐群益95購01  ,0,0,0,0,0,0,0,0,0,-10000,0,0,0,0,10000,-10000,-10000
046193,大立光凱基92購06,0,0,0,0,0,0,0,0,0,-10000,0,0,0,0,10000,-10000,-10000
046119,國泰金元大92購02,0,0,0,0,0,0,0,0,0,-10000,0,0,0,0,10000,-10000,-10000
04605P,台積電兆豐94售03,0,0,0,0,0,0,0,0,0,-10000,0,0,0,0,10000,-10000,-10000
046067,富邦金凱基92購02,0,0,0,0,0,0,0,0,0,-10000,0,0,0,0,10000,-10000,-10000
047123,中石化中信95購01,0,0,0,0,0,0,0,0,0,-10000,0,0,0,0,10000,-10000,-10000
04597P,為升凱基94售02  ,0,0,0,0,0,0,0,0,0,-10000,0,0,0,0,10000,-10000,-10000
047087,亞泥元富93購01  ,0,0,0,0,0,0,0,0,0,-10000,0,0,0,0,10000,-10000,-10000
045860,鴻海統一93購03  ,0,0,0,0,0,0,0,0,0,-10000,0,0,0,0,10000,-10000,-10000
045843,燿華台新92購01  ,0,0,0,0,0,0,0,0,0,-10000,0,0,0,0,10000,-10000,-10000
045907,鴻海中信94購02  ,0,0,0,0,0,0,0,0,0,-10000,0,0,0,30000,40000,-10000,-10000
048600,嘉澤國票94購01  ,0,0,0,0,0,0,0,0,0,-10000,0,0,0,0,10000,-10000,-10000
04960P,大立光凱基96售04,0,0,0,0,0,0,0,0,0,-10000,0,0,0,0,10000,-10000,-10000
049616,卜蜂群益94購01  ,0,0,0,0,0,0,0,0,0,-10000,0,0,0,0,10000,-10000,-10000
049578,台達電元大94購09,0,0,0,0,0,0,0,0,0,-10000,0,0,0,0,10000,-10000,-10000
049562,和大統一94購01  ,0,0,0,0,0,0,0,0,0,-10000,0,0,0,0,10000,-10000,-10000
049755,中磊永豐94購02  ,0,0,0,0,0,0,0,0,0,-10000,0,0,0,0,10000,-10000,-10000
049669,訊芯國泰95購01  ,0,0,0,0,0,0,0,0,0,-10000,0,0,0,14000,24000,-10000,-10000
049642,鴻海凱基94購16  ,0,0,0,0,0,0,0,0,0,-10000,0,0,0,0,10000,-10000,-10000
049707,華通麥證94購02  ,0,0,0,30000,43000,-13000,0,0,0,-10000,0,0,0,33000,43000,-10000,-10000
047898,嘉澤群益93購02  ,0,0,0,0,0,0,0,0,0,-10000,0,0,0,40000,50000,-10000,-10000
047846,滬深2X統一93購04,0,0,0,0,0,0,0,0,0,-10000,0,0,0,0,10000,-10000,-10000
047764,燿華元大93購03  ,0,0,0,0,0,0,0,0,0,-10000,0,0,0,0,10000,-10000,-10000
047768,大立光元大95購01,0,0,0,0,0,0,0,0,0,-10000,0,0,0,59000,69000,-10000,-10000
047748,漢唐元富93購02  ,0,0,0,0,0,0,0,0,0,-10000,0,0,0,10000,20000,-10000,-10000
046901,英業達凱基93購02,0,0,0,0,0,0,0,0,0,-10000,0,0,0,0,10000,-10000,-10000
044362,元油2X中信94購01,0,0,0,0,0,0,0,0,0,-10000,0,0,0,0,10000,-10000,-10000
044397,微星凱基92購01  ,0,0,0,0,0,0,0,0,0,-10000,0,0,0,0,10000,-10000,-10000
044401,亞光凱基93購01  ,0,0,0,0,0,0,0,0,0,-10000,0,0,0,1000,11000,-10000,-10000
04440P,訊芯群益94售01  ,0,0,0,0,0,0,0,0,0,-10000,0,0,0,0,10000,-10000,-10000
044508,微星凱基92購02  ,0,0,0,0,0,0,0,0,0,-10000,0,0,0,10000,20000,-10000,-10000
046814,鴻海凱基93購20  ,0,0,0,0,0,0,0,0,0,-10000,0,0,0,40000,50000,-10000,-10000
046774,瑞昱台新93購01  ,0,0,0,0,0,0,0,0,0,-10000,0,0,0,0,10000,-10000,-10000
046798,元油2X元大96購01,0,0,0,0,0,0,0,0,0,-10000,0,0,0,0,10000,-10000,-10000
046890,瑞昱群益93購02  ,0,0,0,0,0,0,0,0,0,-10000,0,0,0,0,10000,-10000,-10000
047723,廣宇群益94購01  ,0,0,0,0,0,0,0,0,0,-10000,0,0,0,0,10000,-10000,-10000
046880,瑞昱永昌93購01  ,0,0,0,0,0,0,0,0,0,-10000,0,0,0,0,10000,-10000,-10000
044862,台表科兆豐93購01,0,0,0,0,0,0,0,0,0,-10000,0,0,0,10000,20000,-10000,-10000
04379P,大立光元大94售06,0,0,0,0,0,0,0,0,0,-10000,0,0,0,0,10000,-10000,-10000
04391P,玉晶光凱基95售03,0,0,0,0,0,0,0,0,0,-10000,0,0,0,0,10000,-10000,-10000
043938,華邦電兆豐93購01,0,0,0,0,0,0,0,0,0,-10000,0,0,0,0,10000,-10000,-10000
04565P,聯詠凱基94售01  ,0,0,0,0,0,0,0,0,0,-10000,0,0,0,0,10000,-10000,-10000
043695,臻鼎兆豐92購01  ,0,0,0,0,0,0,0,0,0,-10000,0,0,0,10000,20000,-10000,-10000
03388P,元油2X元富98售02,0,0,0,0,0,0,0,0,0,-10000,0,0,0,0,10000,-10000,-10000
03372P,台積電元大02售25,0,0,0,0,0,0,0,0,0,-10000,0,0,0,10000,20000,-10000,-10000
04213P,台光電凱基93售11,0,0,0,0,0,0,0,0,0,-10000,0,0,0,0,10000,-10000,-10000
03102P,臺股指凱基03售08,0,0,0,0,0,0,0,0,0,-10000,0,0,0,0,10000,-10000,-10000
03154P,華新科群益01售07,0,0,0,0,0,0,0,0,0,-10000,0,0,0,0,10000,-10000,-10000
03171P,台積電中信05售07,0,0,0,0,0,0,0,0,0,-10000,0,0,0,0,10000,-10000,-10000
04177P,富邦金元大94售01,0,0,0,0,0,0,0,0,0,-10000,0,0,0,0,10000,-10000,-10000
04534P,臻鼎元富94售03  ,0,0,0,0,0,0,0,0,0,-10000,0,0,0,0,10000,-10000,-10000
045435,鴻海統一94購01  ,0,0,0,0,0,0,0,0,0,-10000,0,0,0,15000,25000,-10000,-10000
04262P,景碩群益93售03  ,0,0,0,0,0,0,0,0,0,-10000,0,0,0,0,10000,-10000,-10000
04252P,台達電元富93售02,0,0,0,0,0,0,0,0,0,-10000,0,0,0,2000,12000,-10000,-10000
03492P,創意元大02售03  ,0,0,0,0,0,0,0,0,0,-10000,0,0,0,0,10000,-10000,-10000
03912P,臺股指元大93售36,0,0,0,0,0,0,0,0,0,-10000,0,0,0,0,10000,-10000,-10000
03913P,臺股指元大93售37,0,0,0,0,0,0,0,0,0,-10000,0,0,0,0,10000,-10000,-10000
03899P,滬深2X群益95售03,0,0,0,0,0,0,0,0,0,-10000,0,0,0,0,10000,-10000,-10000
045121,康控元大93購03  ,0,0,0,0,0,0,0,0,0,-10000,0,0,0,0,10000,-10000,-10000
045223,潤泰全元大93購01,0,0,0,0,0,0,0,0,0,-10000,0,0,0,0,10000,-10000,-10000
048060,台達電統一93購01,0,0,0,0,0,0,0,0,0,-10000,0,0,0,0,10000,-10000,-10000
048069,南亞科元富95購02,0,0,0,0,0,0,0,0,0,-10000,0,0,0,0,10000,-10000,-10000
048204,訊芯元大93購06  ,0,0,0,0,0,0,0,0,0,-10000,0,0,0,1000,11000,-10000,-10000
048220,鴻海凱基93購35  ,0,0,0,0,0,0,0,0,0,-10000,0,0,0,10000,20000,-10000,-10000
048236,A50正2國票97購02,0,0,0,0,0,0,0,0,0,-10000,0,0,0,0,10000,-10000,-10000
05009P,大立光元富95售06,0,0,0,0,0,0,0,0,0,-10000,0,0,0,0,10000,-10000,-10000
048906,強茂富邦95購01  ,0,0,0,0,0,0,0,0,0,-10000,0,0,0,0,10000,-10000,-10000
048460,盛群凱基94購01  ,0,0,0,0,0,0,0,0,0,-10000,0,0,0,30000,40000,-10000,-10000
04849P,GIS中信94售01   ,0,0,0,0,0,0,0,0,0,-10000,0,0,0,0,10000,-10000,-10000
048376,台達電元富93購01,0,0,0,0,0,0,0,0,0,-10000,0,0,0,0,10000,-10000,-10000
050245,大立光凱基94購12,0,0,0,0,0,0,0,0,0,-10000,0,0,0,2000,12000,-10000,-10000
050182,淘帝元大94購01  ,0,0,0,0,0,0,0,0,0,-10000,0,0,0,0,10000,-10000,-10000
050227,大立光中信96購01,0,0,0,0,0,0,0,0,0,-10000,0,0,0,0,10000,-10000,-10000
048764,台光電凱基94購03,0,0,0,0,0,0,0,0,0,-10000,0,0,0,0,10000,-10000,-10000
048286,滬深2X兆豐94購04,0,0,0,0,0,0,0,0,0,-10000,0,0,0,0,10000,-10000,-10000
048841,聯茂凱基94購06  ,0,0,0,0,0,0,0,0,0,-10000,0,0,0,0,10000,-10000,-10000
048653,巨大元大96購02  ,0,0,0,0,0,0,0,0,0,-10000,0,0,0,100000,110000,-10000,-10000
048661,瑞昱統一93購05  ,0,0,0,0,0,0,0,0,0,-10000,0,0,0,0,10000,-10000,-10000
049333,深中小統一94購03,0,0,0,0,0,0,0,0,0,-10000,0,0,0,10000,20000,-10000,-10000
049857,緯穎群益94購03  ,0,0,0,0,0,0,0,0,0,-10000,0,0,0,21000,31000,-10000,-10000
05042P,GIS凱基95售03   ,0,0,0,0,0,0,0,0,0,-10000,0,0,0,0,10000,-10000,-10000
050343,鴻海元富94購01  ,0,0,0,0,0,0,0,0,0,-10000,0,0,0,18000,28000,-10000,-10000
049067,元油2X凱基94購02,0,0,0,0,0,0,0,0,0,-10000,0,0,0,0,10000,-10000,-10000
049071,台達電凱基94購02,0,0,0,0,0,0,0,0,0,-10000,0,0,0,0,10000,-10000,-10000
050547,華新科凱基95購01,0,0,0,0,0,0,0,0,0,-10000,0,0,0,10000,20000,-10000,-10000
049979,美律凱基94購07  ,0,0,0,0,0,0,0,0,0,-10000,0,0,0,0,10000,-10000,-10000
050173,旺宏元大96購02  ,0,0,0,0,0,0,0,0,0,-10000,0,0,0,25000,35000,-10000,-10000
050169,臺指反元大97購01,0,0,0,0,0,0,0,0,0,-10000,0,0,0,0,10000,-10000,-10000
050519,旺宏元大95購03  ,0,0,0,0,0,0,0,0,0,-10000,0,0,0,62000,72000,-10000,-10000
050523,義隆元大94購05  ,0,0,0,0,0,0,0,0,0,-10000,0,0,0,43000,53000,-10000,-10000
05046P,台光電永豐95售02,0,0,0,0,0,0,0,0,0,-10000,0,0,0,10000,20000,-10000,-10000
048728,台達電麥證94購01,0,0,0,40000,50000,-10000,0,0,0,-10000,0,0,0,40000,50000,-10000,-10000
049449,宏碁統一94購01  ,0,0,0,0,0,0,0,0,0,-10000,0,0,0,0,10000,-10000,-10000
051436,訊芯元富95購01  ,0,0,0,0,0,0,0,0,0,-10000,0,0,0,0,10000,-10000,-10000
051518,富邦金凱基95購01,0,0,0,0,0,0,0,0,0,-10000,0,0,0,0,10000,-10000,-10000
051525,日月光凱基95購02,0,0,0,0,0,0,0,0,0,-10000,0,0,0,1000,11000,-10000,-10000
051378,奇力新群益95購01,0,0,0,0,0,0,0,0,0,-10000,0,0,0,19000,29000,-10000,-10000
051356,全新元大96購04  ,0,0,0,0,0,0,0,0,0,-10000,0,0,0,0,10000,-10000,-10000
051389,台達電兆豐95購01,0,0,0,0,0,0,0,0,0,-10000,0,0,0,0,10000,-10000,-10000
051386,富邦金麥證96購01,0,0,0,0,10000,-10000,0,0,0,-10000,0,0,0,0,10000,-10000,-10000
051333,義隆永豐95購02  ,0,0,0,0,0,0,0,0,0,-10000,0,0,0,0,10000,-10000,-10000
051076,緯創國泰96購01  ,0,0,0,0,0,0,0,0,0,-10000,0,0,0,0,10000,-10000,-10000
051008,大立光麥證95購01,0,0,0,0,12000,-12000,0,0,0,-10000,0,0,0,2000,12000,-10000,-10000
051009,緯創麥證95購01  ,0,0,0,0,10000,-10000,0,0,0,-10000,0,0,0,0,10000,-10000,-10000
051029,緯創元富95購01  ,0,0,0,0,0,0,0,0,0,-10000,0,0,0,0,10000,-10000,-10000
050921,旺宏凱基95購02  ,0,0,0,0,0,0,0,0,0,-10000,0,0,0,7000,17000,-10000,-10000
05094P,大立光元大95售07,0,0,0,0,0,0,0,0,0,-10000,0,0,0,0,10000,-10000,-10000
05097P,聯發科日盛95售01,0,0,0,0,0,0,0,0,0,-10000,0,0,0,0,10000,-10000,-10000
051199,鴻海麥證95購03  ,0,0,0,0,10000,-10000,0,0,0,-10000,0,0,0,0,10000,-10000,-10000
051206,大立光麥證95購02,0,0,0,0,12000,-12000,0,0,0,-10000,0,0,0,2000,12000,-10000,-10000
051221,嘉聯益元富95購01,0,0,0,0,0,0,0,0,0,-10000,0,0,0,0,10000,-10000,-10000
051225,台積電群益95購02,0,0,0,0,0,0,0,0,0,-10000,0,0,0,371000,381000,-10000,-10000
051226,英業達群益95購01,0,0,0,0,0,0,0,0,0,-10000,0,0,0,0,10000,-10000,-10000
051145,台積電凱基95購05,0,0,0,0,0,0,0,0,0,-10000,0,0,0,0,10000,-10000,-10000
05114P,臺股指元富95售02,0,0,0,0,0,0,0,0,0,-10000,0,0,0,0,10000,-10000,-10000
048135,瀚宇博國票94購01,0,0,0,0,0,0,0,0,0,-10000,0,0,0,0,10000,-10000,-10000
04919P,聯詠凱基94售05  ,0,0,0,0,0,0,0,0,0,-10000,0,0,0,0,10000,-10000,-10000
04817P,創意國票95售02  ,0,0,0,0,0,0,0,0,0,-10000,0,0,0,0,10000,-10000,-10000
048162,矽力麥證93購01  ,0,0,0,10000,20000,-10000,0,0,0,-10000,0,0,0,10000,20000,-10000,-10000
04814P,健策元大96售01  ,0,0,0,0,0,0,0,0,0,-10000,0,0,0,0,10000,-10000,-10000
048987,崇越元大94購01  ,0,0,0,0,0,0,0,0,0,-10000,0,0,0,0,10000,-10000,-10000
049156,緯穎元大96購01  ,0,0,0,0,0,0,0,0,0,-10000,0,0,0,1000,11000,-10000,-10000
050305,正崴中信95購01  ,0,0,0,0,0,0,0,0,0,-10000,0,0,0,0,10000,-10000,-10000
05061P,鴻海富邦96售03  ,0,0,0,0,0,0,0,0,0,-10000,0,0,0,52000,62000,-10000,-10000
050612,台積電元大95購06,0,0,0,0,0,0,0,0,0,-10000,0,0,0,0,10000,-10000,-10000
050844,大立光國票96購01,0,0,0,0,0,0,0,0,0,-10000,0,0,0,0,10000,-10000,-10000
050885,T50反1富邦95購01,0,0,0,0,0,0,0,0,0,-10000,0,0,0,0,10000,-10000,-10000
050799,嘉聯益中信98購01,0,0,0,0,0,0,0,0,0,-10000,0,0,0,0,10000,-10000,-10000
050782,台積電國泰96購03,0,0,0,0,0,0,0,0,0,-10000,0,0,0,0,10000,-10000,-10000
052854,聯詠日盛96購01  ,0,0,0,0,0,0,0,0,0,-10000,0,0,0,15000,25000,-10000,-10000
052702,群創國票97購03  ,0,0,0,0,0,0,0,0,0,-10000,0,0,0,0,10000,-10000,-10000
052721,友達統一96購01  ,0,0,0,0,0,0,0,0,0,-10000,0,0,0,0,10000,-10000,-10000
052485,深中小國票96購01,0,0,0,0,0,0,0,0,0,-10000,0,0,0,0,10000,-10000,-10000
052406,力成凱基95購03  ,0,0,0,0,0,0,0,0,0,-10000,0,0,0,5000,15000,-10000,-10000
052500,元翎永豐95購01  ,0,0,0,0,0,0,0,0,0,-10000,0,0,0,0,10000,-10000,-10000
052353,高鐵群益97購01  ,0,0,0,0,0,0,0,0,0,-10000,0,0,0,11000,21000,-10000,-10000
052303,聯發科永豐95購05,0,0,0,0,0,0,0,0,0,-10000,0,0,0,10000,20000,-10000,-10000
052318,友達元大98購01  ,0,0,0,0,0,0,0,0,0,-10000,0,0,0,0,10000,-10000,-10000
052083,S&P反1元大97購02,0,0,0,0,0,0,0,0,0,-10000,0,0,0,0,10000,-10000,-10000
052166,元油反元大95購01,0,0,0,0,0,0,0,0,0,-10000,0,0,0,0,10000,-10000,-10000
051970,元黃金凱基98購01,0,0,0,0,0,0,0,0,0,-10000,0,0,0,0,10000,-10000,-10000
051808,美律凱基96購02  ,0,0,0,0,0,0,0,0,0,-10000,0,0,0,0,10000,-10000,-10000
051788,奇力新國票97購02,0,0,0,0,0,0,0,0,0,-10000,0,0,0,59000,69000,-10000,-10000
051730,為升國票96購02  ,0,0,0,0,0,0,0,0,0,-10000,0,0,0,0,10000,-10000,-10000
05161P,華新科國票96售01,0,0,0,0,0,0,0,0,0,-10000,0,0,0,0,10000,-10000,-10000
051656,嘉聯益元富95購02,0,0,0,0,0,0,0,0,0,-10000,0,0,0,0,10000,-10000,-10000
051699,世紀鋼麥證95購01,0,0,0,0,10000,-10000,0,0,0,-10000,0,0,0,0,10000,-10000,-10000
053162,緯穎元大97購01  ,0,0,0,0,0,0,0,0,0,-10000,0,0,0,244000,254000,-10000,-10000
053023,泰鼎國泰97購01  ,0,0,0,0,0,0,0,0,0,-10000,0,0,0,14000,24000,-10000,-10000
053014,旺宏統一97購02  ,0,0,0,0,0,0,0,0,0,-10000,0,0,0,2000,12000,-10000,-10000
052950,超眾國票98購01  ,0,0,0,0,0,0,0,0,0,-10000,0,0,0,0,10000,-10000,-10000
053310,彩晶凱基98購02  ,0,0,0,0,0,0,0,0,0,-10000,0,0,0,0,10000,-10000,-10000
053276,友達元大9C購01  ,0,0,0,0,0,0,0,0,0,-10000,0,0,0,70000,80000,-10000,-10000
053373,台泥元大96購01  ,0,0,0,0,0,0,0,0,0,-10000,0,0,0,0,10000,-10000,-10000
053351,A50正2兆豐97購01,0,0,0,0,0,0,0,0,0,-10000,0,0,0,0,10000,-10000,-10000
053412,台達電國票97購02,0,0,0,0,0,0,0,0,0,-10000,0,0,0,4000,14000,-10000,-10000
053490,為升兆豐97購01  ,0,0,0,0,0,0,0,0,0,-10000,0,0,0,0,10000,-10000,-10000
05377P,鴻海凱基95售18  ,0,0,0,0,0,0,0,0,0,-10000,0,0,0,50000,60000,-10000,-10000
053747,滬深2X永豐96購05,0,0,0,0,0,0,0,0,0,-10000,0,0,0,0,10000,-10000,-10000
053763,T50反1富邦98購01,0,0,0,0,0,0,0,0,0,-10000,0,0,0,0,10000,-10000,-10000
053765,智邦富邦96購01  ,0,0,0,0,0,0,0,0,0,-10000,0,0,0,11000,21000,-10000,-10000
05380P,鴻海群益95售11  ,0,0,0,0,0,0,0,0,0,-10000,0,0,0,0,10000,-10000,-10000
05367P,鴻海元富95售13  ,0,0,0,0,0,0,0,0,0,-10000,0,0,0,0,10000,-10000,-10000
053620,臺股指群益96購06,0,0,0,0,0,0,0,0,0,-10000,0,0,0,3000,13000,-10000,-10000
053575,聯詠元富96購01  ,0,0,0,0,0,0,0,0,0,-10000,0,0,0,10000,20000,-10000,-10000
05406P,台光電凱基95售02,0,0,0,0,0,0,0,0,0,-10000,0,0,0,0,10000,-10000,-10000
054031,中鋼中信98購01  ,0,0,0,0,0,0,0,0,0,-10000,0,0,0,40000,50000,-10000,-10000
053954,貿聯康和96購01  ,0,0,0,0,0,0,0,0,0,-10000,0,0,0,0,10000,-10000,-10000
057010,景碩中信98購01  ,0,0,0,0,0,0,0,0,0,-10000,0,0,0,0,10000,-10000,-10000
057028,台郡凱基99購02  ,0,0,0,0,0,0,0,0,0,-10000,0,0,0,0,10000,-10000,-10000
05710P,禾伸堂國票97售02,0,0,0,0,0,0,0,0,0,-10000,0,0,0,0,10000,-10000,-10000
057104,康友中信99購01  ,0,0,0,0,0,0,0,0,0,-10000,0,0,0,0,10000,-10000,-10000
05773P,臺股指凱基99售03,0,0,0,0,0,0,0,0,0,-10000,0,0,0,0,10000,-10000,-10000
057187,群創元大9B購04  ,0,0,0,0,0,0,0,0,0,-10000,0,0,0,6000,16000,-10000,-10000
057165,國巨元大99購05  ,0,0,0,0,0,0,0,0,0,-10000,0,0,0,86000,96000,-10000,-10000
057121,立積康和98購01  ,0,0,0,0,0,0,0,0,0,-10000,0,0,0,0,10000,-10000,-10000
057144,南電兆豐98購01  ,0,0,0,0,0,0,0,0,0,-10000,0,0,0,0,10000,-10000,-10000
057145,上銀國票98購03  ,0,0,0,0,0,0,0,0,0,-10000,0,0,0,0,10000,-10000,-10000
056764,友達元大9A購03  ,0,0,0,0,0,0,0,0,0,-10000,0,0,0,24000,34000,-10000,-10000
056677,智伸科元富98購01,0,0,0,0,0,0,0,0,0,-10000,0,0,0,0,10000,-10000,-10000
056672,元油2X元富98購10,0,0,0,0,0,0,0,0,0,-10000,0,0,0,15000,25000,-10000,-10000
05991P,聯茂群益96售05  ,0,0,0,0,0,0,0,0,0,-10000,0,0,0,20000,30000,-10000,-10000
06031P,新光金兆豐96售02,0,0,0,0,0,0,0,0,0,-10000,0,0,0,0,10000,-10000,-10000
05892P,大立光中信98售03,0,0,0,0,0,0,0,0,0,-10000,0,0,0,0,10000,-10000,-10000
05861P,瀚宇博永豐96售02,0,0,0,0,0,0,0,0,0,-10000,0,0,0,0,10000,-10000,-10000
05875P,旺宏群益98售01  ,0,0,0,0,0,0,0,0,0,-10000,0,0,0,0,10000,-10000,-10000
05859P,台表科國票97售04,0,0,0,0,0,0,0,0,0,-10000,0,0,0,0,10000,-10000,-10000
06162P,大立光群益97售02,0,0,0,0,0,0,0,0,0,-10000,0,0,0,0,10000,-10000,-10000
06166P,大立光國票98售01,0,0,0,0,0,0,0,0,0,-10000,0,0,0,0,10000,-10000,-10000
06196P,元上證元大97售01,0,0,0,0,0,0,0,0,0,-10000,0,0,0,0,10000,-10000,-10000
06230P,亞德客永豐97售03,0,0,0,0,0,0,0,0,0,-10000,0,0,0,474000,484000,-10000,-10000
06227P,大立光群益97售04,0,0,0,0,0,0,0,0,0,-10000,0,0,0,4000,14000,-10000,-10000
06088P,建準永豐97售01  ,0,0,0,0,0,0,0,0,0,-10000,0,0,0,0,10000,-10000,-10000
06047P,聯發科富邦99售04,0,0,0,0,0,0,0,0,0,-10000,0,0,0,0,10000,-10000,-10000
06415P,台積電群益97售07,0,0,0,0,0,0,0,0,0,-10000,0,0,0,10000,20000,-10000,-10000
06385P,聯發科永豐97售02,0,0,0,0,0,0,0,0,0,-10000,0,0,0,0,10000,-10000,-10000
06352P,臺股指富邦99售02,0,0,0,0,0,0,0,0,0,-10000,0,0,0,0,10000,-10000,-10000
06329P,大立光兆豐97售04,0,0,0,0,0,0,0,0,0,-10000,0,0,0,0,10000,-10000,-10000
06332P,世紀鋼群益98售01,0,0,0,0,0,0,0,0,0,-10000,0,0,0,0,10000,-10000,-10000
06486P,麗豐元大98售02  ,0,0,0,0,0,0,0,0,0,-10000,0,0,0,0,10000,-10000,-10000
06516P,國巨凱基98售08  ,0,0,0,0,0,0,0,0,0,-10000,0,0,0,0,10000,-10000,-10000
06500P,臺股指元大9A售05,0,0,0,0,0,0,0,0,0,-10000,0,0,0,0,10000,-10000,-10000
06521P,矽力元大98售01  ,0,0,0,0,0,0,0,0,0,-10000,0,0,0,2000,12000,-10000,-10000
06601P,臺股指永豐98售04,0,0,0,0,0,0,0,0,0,-10000,0,0,0,0,10000,-10000,-10000
06616P,國巨元大98售15  ,0,0,0,0,0,0,0,0,0,-10000,0,0,0,0,10000,-10000,-10000
08672P,聯發科統一01售09,0,0,0,0,0,0,0,0,0,-10000,0,0,0,0,10000,-10000,-10000
9955,佳龍            ,16000,26000,-10000,0,0,0,0,0,0,0,0,0,0,0,0,0,-10000
4956,光鋐            ,3000,13000,-10000,0,0,0,0,0,0,0,0,0,0,0,0,0,-10000
2022,聚亨            ,1000,11000,-10000,0,0,0,0,0,0,0,0,0,0,0,0,0,-10000
1532,勤美            ,10000,20000,-10000,0,0,0,0,0,0,0,0,0,0,0,0,0,-10000
1473,台南            ,12000,22000,-10000,0,0,0,0,0,0,0,0,0,0,0,0,0,-10000
1612,宏泰            ,0,10000,-10000,0,0,0,0,0,0,0,0,0,0,0,0,0,-10000
3705,永信            ,5000,15000,-10000,0,0,0,0,0,0,0,0,0,0,0,0,0,-10000
055469,台光電凱基97購01,0,0,0,0,0,0,0,0,0,-11000,0,0,0,5000,16000,-11000,-11000
055757,大成鋼群益99購01,0,0,0,0,0,0,0,0,0,-11000,0,0,0,0,11000,-11000,-11000
055939,GIS群益97購01   ,0,0,0,0,0,0,0,0,0,-11000,0,0,0,46000,57000,-11000,-11000
056445,聯發科凱基98購07,0,0,0,0,0,0,0,0,0,-11000,0,0,0,63000,74000,-11000,-11000
056460,同欣電凱基99購01,0,0,0,0,0,0,0,0,0,-11000,0,0,0,25000,36000,-11000,-11000
056591,S&P正2元富9A購01,0,0,0,0,0,0,0,0,0,-11000,0,0,0,0,11000,-11000,-11000
056109,彩晶永豐98購01  ,0,0,0,0,0,0,0,0,0,-11000,0,0,0,0,11000,-11000,-11000
054406,旺宏國票98購01  ,0,0,0,0,0,0,0,0,0,-11000,0,0,0,0,11000,-11000,-11000
054323,旺宏台新96購02  ,0,0,0,0,0,0,0,0,0,-11000,0,0,0,0,11000,-11000,-11000
05431P,台光電統一97售01,0,0,0,0,0,0,0,0,0,-11000,0,0,0,0,11000,-11000,-11000
054279,揚明光群益98購01,0,0,0,0,0,0,0,0,0,-11000,0,0,0,0,11000,-11000,-11000
055232,泰碩國票98購01  ,0,0,0,0,0,0,0,0,0,-11000,0,0,0,89000,100000,-11000,-11000
054964,智易元大99購01  ,0,0,0,0,0,0,0,0,0,-11000,0,0,0,142000,153000,-11000,-11000
054827,宏全元大9A購01  ,0,0,0,0,0,0,0,0,0,-11000,0,0,0,14000,25000,-11000,-11000
054836,勤誠中信97購01  ,0,0,0,0,0,0,0,0,0,-11000,0,0,0,4000,15000,-11000,-11000
054857,信錦群益97購01  ,0,0,0,0,0,0,0,0,0,-11000,0,0,0,0,11000,-11000,-11000
055007,晶相光元富9A購02,0,0,0,0,0,0,0,0,0,-11000,0,0,0,30000,41000,-11000,-11000
055078,亞泥中信98購01  ,0,0,0,0,0,0,0,0,0,-11000,0,0,0,22000,33000,-11000,-11000
045579,全新元大93購03  ,0,0,0,0,0,0,0,0,0,-11000,0,0,0,10000,21000,-11000,-11000
04350P,欣興國票94售01  ,0,0,0,0,0,0,0,0,0,-11000,0,0,0,0,11000,-11000,-11000
04410P,大立光統一94售05,0,0,0,0,0,0,0,0,0,-11000,0,0,0,15000,26000,-11000,-11000
049733,旺宏群益94購03  ,0,0,0,0,0,0,0,0,0,-11000,0,0,0,0,11000,-11000,-11000
049590,華新科元大94購01,0,0,0,0,0,0,0,0,0,-11000,0,0,0,73000,84000,-11000,-11000
047079,GIS兆豐94購01   ,0,0,0,0,0,0,0,0,0,-11000,0,0,0,0,11000,-11000,-11000
04716P,中石化凱基94售01,0,0,0,0,0,0,0,0,0,-11000,0,0,0,0,11000,-11000,-11000
046034,可成元大92購09  ,0,0,0,0,0,0,0,0,0,-11000,0,0,0,0,11000,-11000,-11000
047662,東陽永豐93購01  ,0,0,0,0,0,0,0,0,0,-11000,0,0,0,0,11000,-11000,-11000
047572,深中小群益95購01,0,0,0,0,0,0,0,0,0,-11000,0,0,0,70000,81000,-11000,-11000
047984,禾伸堂群益93購01,0,0,0,0,0,0,0,0,0,-11000,0,0,0,1000,12000,-11000,-11000
050696,台光電凱基96購01,0,0,0,0,0,0,0,0,0,-11000,0,0,0,9000,20000,-11000,-11000
050269,欣興元大94購09  ,0,0,0,0,0,0,0,0,0,-11000,0,0,0,202000,213000,-11000,-11000
049802,可成元大94購10  ,0,0,0,0,0,0,0,0,0,-11000,0,0,0,0,11000,-11000,-11000
05110P,上銀統一95售01  ,0,0,0,0,0,0,0,0,0,-11000,0,0,0,0,11000,-11000,-11000
05121P,創意國泰96售01  ,0,0,0,0,0,0,0,0,0,-11000,0,0,0,49000,60000,-11000,-11000
050954,樺漢群益95購01  ,0,0,0,0,0,0,0,0,0,-11000,0,0,0,0,11000,-11000,-11000
050366,鴻海元大94購19  ,0,0,0,0,0,0,0,0,0,-11000,0,0,0,0,11000,-11000,-11000
048619,台表科凱基93購07,0,0,0,0,0,0,0,0,0,-11000,0,0,0,14000,25000,-11000,-11000
049880,健策永豐94購02  ,0,0,0,0,0,0,0,0,0,-11000,0,0,0,211000,222000,-11000,-11000
048488,大立光富邦93購05,0,0,0,0,0,0,0,0,0,-11000,0,0,0,0,11000,-11000,-11000
048247,聯發科兆豐93購03,0,0,0,0,0,0,0,0,0,-11000,0,0,0,143000,154000,-11000,-11000
048064,可成統一93購02  ,0,0,0,0,0,0,0,0,0,-11000,0,0,0,1000,12000,-11000,-11000
049908,鴻海元大94購08  ,0,0,0,0,0,0,0,0,0,-11000,0,0,0,0,11000,-11000,-11000
053648,台積電凱基97購04,0,0,0,0,0,0,0,0,0,-11000,0,0,0,0,11000,-11000,-11000
053643,漢唐國票97購02  ,0,0,0,0,0,0,0,0,0,-11000,0,0,0,24000,35000,-11000,-11000
053651,台光電凱基98購01,0,0,0,0,0,0,0,0,0,-11000,0,0,0,15000,26000,-11000,-11000
053815,聯發科群益96購01,0,0,0,0,0,0,0,0,0,-11000,0,0,0,98000,109000,-11000,-11000
05326P,臺股指凱基95售10,0,0,0,0,0,0,0,0,0,-11000,0,0,0,0,11000,-11000,-11000
052966,光磊群益96購01  ,0,0,0,0,0,0,0,0,0,-11000,0,0,0,0,11000,-11000,-11000
053093,緯穎元大96購06  ,0,0,0,0,0,0,0,0,0,-11000,0,0,0,242000,253000,-11000,-11000
051709,TPK群益95購02   ,0,0,0,0,0,0,0,0,0,-11000,0,0,0,0,11000,-11000,-11000
051706,國泰金群益95購01,0,0,0,0,0,0,0,0,0,-11000,0,0,0,0,11000,-11000,-11000
051789,嘉澤國票96購01  ,0,0,0,0,0,0,0,0,0,-11000,0,0,0,0,11000,-11000,-11000
052186,宏達電群益95購04,0,0,0,0,0,0,0,0,0,-11000,0,0,0,0,11000,-11000,-11000
052211,台積電元大95購22,0,0,0,0,0,0,0,0,0,-11000,0,0,0,59000,70000,-11000,-11000
052740,聯發科元大96購07,0,0,0,0,0,0,0,0,0,-11000,0,0,0,150000,161000,-11000,-11000
052688,新日興元大96購01,0,0,0,0,0,0,0,0,0,-11000,0,0,0,83000,94000,-11000,-11000
052897,緯創群益96購03  ,0,0,0,0,0,0,0,0,0,-11000,0,0,0,0,11000,-11000,-11000
6152,百一            ,0,11000,-11000,0,0,0,0,0,0,0,0,0,0,0,0,0,-11000
6605,帝寶            ,6000,17000,-11000,0,0,0,0,0,0,0,0,0,0,0,0,0,-11000
06581P,南亞科凱基98售04,0,0,0,0,0,0,0,0,0,-11000,0,0,0,0,11000,-11000,-11000
1103,嘉泥            ,311000,360000,-49000,0,0,0,0,0,0,38000,46000,8000,38000,0,0,0,-11000
06335P,台積電麥證97售02,0,0,0,0,11000,-11000,0,0,0,-11000,0,0,0,0,11000,-11000,-11000
06223P,漢唐元富97售02  ,0,0,0,0,0,0,0,0,0,-11000,0,0,0,0,11000,-11000,-11000
056641,華通凱基98購03  ,0,0,0,0,0,0,0,0,0,-11000,0,0,0,55000,66000,-11000,-11000
056912,臺股指元大99購04,0,0,0,0,0,0,0,0,0,-11000,0,0,0,0,11000,-11000,-11000
057139,華新科兆豐98購02,0,0,0,0,0,0,0,0,0,-11000,0,0,0,0,11000,-11000,-11000
057120,茂林康和98購01  ,0,0,0,0,0,0,0,0,0,-11000,0,0,0,0,11000,-11000,-11000
057164,國巨元大98購14  ,0,0,0,0,0,0,0,0,0,-11000,0,0,0,10000,21000,-11000,-11000
057199,台達電元富02購01,0,0,0,0,0,0,0,0,0,-11000,0,0,0,0,11000,-11000,-11000
05721P,全新群益98售02  ,0,0,0,0,0,0,0,0,0,-11000,0,0,0,0,11000,-11000,-11000
054508,臺股指永豐96購04,0,0,0,0,0,0,0,0,0,-12000,0,0,0,10000,22000,-12000,-12000
056332,台郡國票99購01  ,0,0,0,0,0,0,0,0,0,-12000,0,0,0,26000,38000,-12000,-12000
056258,訊芯元富97購04  ,0,0,0,0,0,0,0,0,0,-12000,0,0,0,0,12000,-12000,-12000
056448,全新凱基99購01  ,0,0,0,0,0,0,0,0,0,-12000,0,0,0,10000,22000,-12000,-12000
056507,創意永豐98購02  ,0,0,0,0,0,0,0,0,0,-12000,0,0,0,305000,317000,-12000,-12000
047519,台達電元大93購02,0,0,0,0,0,0,0,0,0,-12000,0,0,0,98000,110000,-12000,-12000
049413,台達電凱基94購06,0,0,0,0,0,0,0,0,0,-12000,0,0,0,48000,60000,-12000,-12000
049499,康控元大96購01  ,0,0,0,0,0,0,0,0,0,-12000,0,0,0,22000,34000,-12000,-12000
04964P,鴻海元大94售26  ,0,0,0,0,0,0,0,0,0,-12000,0,0,0,0,12000,-12000,-12000
04320P,亞德客元大93售07,0,0,0,0,0,0,0,0,0,-12000,0,0,0,20000,32000,-12000,-12000
044285,鴻海凱基93購06  ,0,0,0,0,0,0,0,0,0,-12000,0,0,0,57000,69000,-12000,-12000
04272P,元上證凱基94售01,0,0,0,0,0,0,0,0,0,-12000,0,0,0,0,12000,-12000,-12000
03612C,臺股指元大95牛01,0,0,0,0,0,0,0,0,0,-12000,0,0,0,0,12000,-12000,-12000
041870,A50正2凱基96購01,0,0,0,0,0,0,0,0,0,-12000,0,0,0,1000,13000,-12000,-12000
04219P,鴻海兆豐93售02  ,0,0,0,0,0,0,0,0,0,-12000,0,0,0,0,12000,-12000,-12000
049909,國巨元大95購01  ,0,0,0,0,0,0,0,0,0,-12000,0,0,0,8000,20000,-12000,-12000
050193,臻鼎元大94購02  ,0,0,0,0,0,0,0,0,0,-12000,0,0,0,21000,33000,-12000,-12000
048832,玉晶光凱基95購02,0,0,0,0,0,0,0,0,0,-12000,0,0,0,0,12000,-12000,-12000
049310,台積電凱基94購15,0,0,0,0,0,0,0,0,0,-12000,0,0,0,10000,22000,-12000,-12000
048636,鴻海元大94購05  ,0,0,0,0,0,0,0,0,0,-12000,0,0,0,18000,30000,-12000,-12000
050341,光寶科元富94購01,0,0,0,0,0,0,0,0,0,-12000,0,0,0,0,12000,-12000,-12000
050140,台郡第一94購01  ,0,0,0,0,0,0,0,0,0,-12000,0,0,0,0,12000,-12000,-12000
05057P,鴻海國票96售01  ,0,0,0,0,0,0,0,0,0,-12000,0,0,0,0,12000,-12000,-12000
050951,緯創群益96購01  ,0,0,0,0,0,0,0,0,0,-12000,0,0,0,11000,23000,-12000,-12000
050928,日月光凱基95購01,0,0,0,0,0,0,0,0,0,-12000,0,0,0,10000,22000,-12000,-12000
049231,鴻海富邦95購02  ,0,0,0,0,0,0,0,0,0,-12000,0,0,0,9000,21000,-12000,-12000
050040,鴻海中信94購04  ,0,0,0,0,0,0,0,0,0,-12000,0,0,0,11000,23000,-12000,-12000
050703,矽格凱基94購02  ,0,0,0,0,0,0,0,0,0,-12000,0,0,0,0,12000,-12000,-12000
052829,上銀群益96購01  ,0,0,0,0,0,0,0,0,0,-12000,0,0,0,5000,17000,-12000,-12000
052598,滬深2X元大96購05,0,0,0,0,0,0,0,0,0,-12000,0,0,0,0,12000,-12000,-12000
052565,上銀凱基96購01  ,0,0,0,0,0,0,0,0,0,-12000,0,0,0,48000,60000,-12000,-12000
052182,鴻海群益96購01  ,0,0,0,0,0,0,0,0,0,-12000,0,0,0,70000,82000,-12000,-12000
051812,臻鼎凱基95購03  ,0,0,0,0,0,0,0,0,0,-12000,0,0,0,0,12000,-12000,-12000
053293,聯發科中信9B購01,0,0,0,0,0,0,0,0,0,-12000,0,0,0,29000,41000,-12000,-12000
053405,台達電兆豐96購01,0,0,0,0,0,0,0,0,0,-12000,0,0,0,29000,41000,-12000,-12000
053873,力成元大96購03  ,0,0,0,0,0,0,0,0,0,-12000,0,0,0,84000,96000,-12000,-12000
054070,創意國泰96購02  ,0,0,0,0,0,0,0,0,0,-12000,0,0,0,222000,234000,-12000,-12000
057018,亞德客凱基98購01,0,0,0,0,0,0,0,0,0,-12000,0,0,0,20000,32000,-12000,-12000
056971,麗豐永豐98購01  ,0,0,0,0,0,0,0,0,0,-12000,0,0,0,170000,182000,-12000,-12000
056911,緯穎元大99購01  ,0,0,0,0,0,0,0,0,0,-12000,0,0,0,54000,66000,-12000,-12000
056778,元石油群益9B購01,0,0,0,0,0,0,0,0,0,-12000,0,0,0,2000,14000,-12000,-12000
056649,智易凱基98購01  ,0,0,0,0,0,0,0,0,0,-12000,0,0,0,140000,152000,-12000,-12000
06167P,欣興國票97售05  ,0,0,0,0,0,0,0,0,0,-12000,0,0,0,0,12000,-12000,-12000
05983P,聯詠國票96售02  ,0,0,0,0,0,0,0,0,0,-12000,0,0,0,0,12000,-12000,-12000
06311P,嘉聯益元富97售02,0,0,0,0,0,0,0,0,0,-12000,0,0,0,30000,42000,-12000,-12000
06617P,智邦元大98售03  ,0,0,0,0,0,0,0,0,0,-12000,0,0,0,0,12000,-12000,-12000
06506P,台郡國票99售02  ,0,0,0,0,0,0,0,0,0,-12000,0,0,0,2000,14000,-12000,-12000
6715,嘉基            ,13000,100000,-87000,0,0,0,77000,0,77000,-2000,8000,10000,-2000,0,0,0,-12000
9941,裕融            ,67000,90000,-23000,0,0,0,0,0,0,11000,11000,0,11000,0,0,0,-12000
8462,柏文            ,16000,27000,-11000,0,0,0,0,0,0,-1000,0,0,0,0,1000,-1000,-12000
4164,承業醫          ,9000,21000,-12000,0,0,0,0,0,0,0,0,0,0,0,0,0,-12000
3708,上緯投控        ,186000,205000,-19000,0,0,0,0,0,0,7000,1000,0,1000,6000,0,6000,-12000
055952,上銀元大97購08  ,0,0,0,0,0,0,0,0,0,-13000,0,0,0,157000,170000,-13000,-13000
055483,和大元大97購03  ,0,0,0,0,0,0,0,0,0,-13000,0,0,0,0,13000,-13000,-13000
054622,漢唐第一97購01  ,0,0,0,0,0,0,0,0,0,-13000,0,0,0,92000,105000,-13000,-13000
054788,華新科群益98購02,0,0,0,0,0,0,0,0,0,-13000,0,0,0,70000,83000,-13000,-13000
054471,T50反1中信9C購01,0,0,0,0,0,0,0,0,0,-13000,0,0,0,0,13000,-13000,-13000
043774,瑞昱兆豐92購01  ,0,0,0,0,0,0,0,0,0,-13000,0,0,0,0,13000,-13000,-13000
047885,元金2X富邦99購01,0,0,0,0,0,0,0,0,0,-13000,0,0,0,10000,23000,-13000,-13000
049597,泰鼎元大96購01  ,0,0,0,0,0,0,0,0,0,-13000,0,0,0,16000,29000,-13000,-13000
04756P,大立光元富94售08,0,0,0,0,0,0,0,0,0,-13000,0,0,0,0,13000,-13000,-13000
047017,鴻海元大93購08  ,0,0,0,0,0,0,0,0,0,-13000,0,0,0,0,13000,-13000,-13000
047019,台積電元大93購14,0,0,0,0,0,0,0,0,0,-13000,0,0,0,12000,25000,-13000,-13000
048989,矽格元大94購02  ,0,0,0,0,0,0,0,0,0,-13000,0,0,0,15000,28000,-13000,-13000
050755,和大元富94購01  ,0,0,0,0,0,0,0,0,0,-13000,0,0,0,2000,15000,-13000,-13000
050892,聯電元大96購02  ,0,0,0,0,0,0,0,0,0,-13000,0,0,0,25000,38000,-13000,-13000
051403,玉晶光永豐95購05,0,0,0,0,0,0,0,0,0,-13000,0,0,0,0,13000,-13000,-13000
051345,鴻海元大95購09  ,0,0,0,0,0,0,0,0,0,-13000,0,0,0,10000,23000,-13000,-13000
049074,光罩凱基94購02  ,0,0,0,0,0,0,0,0,0,-13000,0,0,0,27000,40000,-13000,-13000
04933P,中石化中信96售01,0,0,0,0,0,0,0,0,0,-13000,0,0,0,0,13000,-13000,-13000
049327,台郡元富94購01  ,0,0,0,0,0,0,0,0,0,-13000,0,0,0,47000,60000,-13000,-13000
048485,泰鼎國泰94購02  ,0,0,0,0,0,0,0,0,0,-13000,0,0,0,0,13000,-13000,-13000
048068,南亞科元富95購01,0,0,0,0,0,0,0,0,0,-13000,0,0,0,16000,29000,-13000,-13000
054088,華新群益98購02  ,0,0,0,0,0,0,0,0,0,-13000,0,0,0,1000,14000,-13000,-13000
053400,緯穎中信9A購01  ,0,0,0,0,0,0,0,0,0,-13000,0,0,0,47000,60000,-13000,-13000
053535,宏達電永豐96購02,0,0,0,0,0,0,0,0,0,-13000,0,0,0,12000,25000,-13000,-13000
052405,聯茂凱基95購01  ,0,0,0,0,0,0,0,0,0,-13000,0,0,0,0,13000,-13000,-13000
052611,力成元大96購02  ,0,0,0,0,0,0,0,0,0,-13000,0,0,0,0,13000,-13000,-13000
052660,京元電國票97購01,0,0,0,0,0,0,0,0,0,-13000,0,0,0,76000,89000,-13000,-13000
052680,T50反1元大96購04,0,0,0,0,0,0,0,0,0,-13000,0,0,0,200000,213000,-13000,-13000
2702,華園            ,46000,59000,-13000,0,0,0,0,0,0,0,0,0,0,0,0,0,-13000
1618,合機            ,0,14000,-14000,0,0,0,0,0,0,1000,1000,0,1000,0,0,0,-13000
9927,泰銘            ,6000,19000,-13000,0,0,0,0,0,0,0,0,0,0,0,0,0,-13000
06265P,美律凱基97售01  ,0,0,0,0,0,0,0,0,0,-13000,0,0,0,1000,14000,-13000,-13000
06281P,臺股指凱基97售13,0,0,0,0,0,0,0,0,0,-13000,0,0,0,0,13000,-13000,-13000
06035P,同欣電凱基96售03,0,0,0,0,0,0,0,0,0,-13000,0,0,0,0,13000,-13000,-13000
05865P,大立光元大96售09,0,0,0,0,0,0,0,0,0,-13000,0,0,0,0,13000,-13000,-13000
05915P,聯發科元大96售19,0,0,0,0,0,0,0,0,0,-13000,0,0,0,0,13000,-13000,-13000
056675,聯發科元富02購01,0,0,0,0,0,0,0,0,0,-13000,0,0,0,11000,24000,-13000,-13000
056763,國巨元大99購02  ,0,0,0,0,0,0,0,0,0,-13000,0,0,0,66000,79000,-13000,-13000
057076,緯穎永豐98購01  ,0,0,0,0,0,0,0,0,0,-13000,0,0,0,0,13000,-13000,-13000
05793P,臺股指中信99售08,0,0,0,0,0,0,0,0,0,-13000,0,0,0,42000,55000,-13000,-13000
054204,元金2X國票9B購02,0,0,0,0,0,0,0,0,0,-14000,0,0,0,6000,20000,-14000,-14000
05423P,聯電亞東95售02  ,0,0,0,0,0,0,0,0,0,-14000,0,0,0,0,14000,-14000,-14000
054588,玉晶光國泰99購02,0,0,0,0,0,0,0,0,0,-14000,0,0,0,53000,67000,-14000,-14000
055715,智邦元大97購04  ,0,0,0,0,0,0,0,0,0,-14000,0,0,0,73000,87000,-14000,-14000
056428,台達電凱基99購01,0,0,0,0,0,0,0,0,0,-14000,0,0,0,90000,104000,-14000,-14000
056585,台積電統一9A購01,0,0,0,0,0,0,0,0,0,-14000,0,0,0,35000,49000,-14000,-14000
04370P,聯茂凱基94售05  ,0,0,0,0,0,0,0,0,0,-14000,0,0,0,1000,15000,-14000,-14000
04457P,同欣電統一94售01,0,0,0,0,0,0,0,0,0,-14000,0,0,0,0,14000,-14000,-14000
03430B,臺股指元大9B熊01,0,0,0,0,0,0,0,0,0,-14000,0,0,0,0,14000,-14000,-14000
048861,牧德群益94購01  ,0,0,0,0,0,0,0,0,0,-14000,0,0,0,16000,30000,-14000,-14000
05006P,華通元富95售01  ,0,0,0,0,0,0,0,0,0,-14000,0,0,0,75000,89000,-14000,-14000
050578,聯發科國票95購03,0,0,0,0,0,0,0,0,0,-14000,0,0,0,5000,19000,-14000,-14000
048712,樺漢台新94購01  ,0,0,0,0,0,0,0,0,0,-14000,0,0,0,0,14000,-14000,-14000
051459,臺股指元大95購19,0,0,0,0,0,0,0,0,0,-14000,0,0,0,18000,32000,-14000,-14000
051114,鈺齊中信95購01  ,0,0,0,0,0,0,0,0,0,-14000,0,0,0,236000,250000,-14000,-14000
051095,貿聯元大95購03  ,0,0,0,0,0,0,0,0,0,-14000,0,0,0,10000,24000,-14000,-14000
049126,玉晶光元富94購02,0,0,0,0,0,0,0,0,0,-14000,0,0,0,67000,81000,-14000,-14000
05280P,華通元大95售08  ,0,0,0,0,0,0,0,0,0,-14000,0,0,0,0,14000,-14000,-14000
05250P,臻鼎國票96售01  ,0,0,0,0,0,0,0,0,0,-14000,0,0,0,8000,22000,-14000,-14000
051766,泰鼎元大95購02  ,0,0,0,0,0,0,0,0,0,-14000,0,0,0,1000,15000,-14000,-14000
052014,光罩永豐95購01  ,0,0,0,0,0,0,0,0,0,-14000,0,0,0,150000,164000,-14000,-14000
053480,祥碩元大96購02  ,0,0,0,0,0,0,0,0,0,-14000,0,0,0,10000,24000,-14000,-14000
053428,中磊永豐96購02  ,0,0,0,0,0,0,0,0,0,-14000,0,0,0,16000,30000,-14000,-14000
053026,奇力新富邦98購01,0,0,0,0,0,0,0,0,0,-14000,0,0,0,0,14000,-14000,-14000
053071,南電群益96購01  ,0,0,0,0,0,0,0,0,0,-14000,0,0,0,340000,354000,-14000,-14000
053898,康友群益97購01  ,0,0,0,0,0,0,0,0,0,-14000,0,0,0,10000,24000,-14000,-14000
053759,晶相光國泰98購01,0,0,0,0,0,0,0,0,0,-14000,0,0,0,26000,40000,-14000,-14000
05783P,嘉澤元富96售01  ,0,0,0,0,0,0,0,0,0,-14000,0,0,0,12000,26000,-14000,-14000
057060,緯穎元大98購05  ,0,0,0,0,0,0,0,0,0,-14000,0,0,0,53000,67000,-14000,-14000
057008,華新科中信99購02,0,0,0,0,0,0,0,0,0,-14000,0,0,0,0,14000,-14000,-14000
056633,鴻海永昌98購02  ,0,0,0,0,0,0,0,0,0,-14000,0,0,0,218000,232000,-14000,-14000
05891P,聯發科中信98售03,0,0,0,0,0,0,0,0,0,-14000,0,0,0,5000,19000,-14000,-14000
06007P,世芯永豐96售01  ,0,0,0,0,0,0,0,0,0,-14000,0,0,0,41000,55000,-14000,-14000
06080P,景碩群益98售02  ,0,0,0,0,0,0,0,0,0,-14000,0,0,0,31000,45000,-14000,-14000
8442,威宏-KY         ,1000,15000,-14000,0,0,0,0,0,0,0,0,0,0,0,0,0,-14000
6558,興能高          ,91000,105000,-14000,0,0,0,0,0,0,0,0,0,0,0,0,0,-14000
1463,強盛            ,0,14000,-14000,0,0,0,0,0,0,0,0,0,0,0,0,0,-14000
2348,海悅            ,4000,19000,-15000,0,0,0,0,0,0,1000,1000,0,1000,0,0,0,-14000
2524,京城            ,26000,40000,-14000,0,0,0,0,0,0,0,0,0,0,0,0,0,-14000
2891B,中信金乙特      ,0,15990,-15990,0,0,0,0,0,0,1000,1000,0,1000,0,0,0,-14990
056292,統一元大97購01  ,0,0,0,0,0,0,0,0,0,-15000,0,0,0,28000,43000,-15000,-15000
056156,禾伸堂凱基98購04,0,0,0,0,0,0,0,0,0,-15000,0,0,0,13000,28000,-15000,-15000
056164,聯茂凱基98購03  ,0,0,0,0,0,0,0,0,0,-15000,0,0,0,10000,25000,-15000,-15000
055429,華新科群益99購01,0,0,0,0,0,0,0,0,0,-15000,0,0,0,70000,85000,-15000,-15000
054514,道瓊銀元大98購01,0,0,0,0,0,0,0,0,0,-15000,0,0,0,13000,28000,-15000,-15000
054272,華通中信98購01  ,0,0,0,0,0,0,0,0,0,-15000,0,0,0,50000,65000,-15000,-15000
054414,全新元大97購02  ,0,0,0,0,0,0,0,0,0,-15000,0,0,0,156000,171000,-15000,-15000
05436P,台積電群益95售07,0,0,0,0,0,0,0,0,0,-15000,0,0,0,0,15000,-15000,-15000
055031,南港富邦99購01  ,0,0,0,0,0,0,0,0,0,-15000,0,0,0,0,15000,-15000,-15000
055265,玉晶光永豐98購03,0,0,0,0,0,0,0,0,0,-15000,0,0,0,73000,88000,-15000,-15000
055173,瑞昱統一97購01  ,0,0,0,0,0,0,0,0,0,-15000,0,0,0,0,15000,-15000,-15000
03647P,京元電元富95售02,0,0,0,0,0,0,0,0,0,-15000,0,0,0,0,15000,-15000,-15000
03652C,臺股指元大03牛01,0,0,0,0,0,0,0,0,0,-15000,0,0,0,0,15000,-15000,-15000
042792,T50反1台新9C購01,0,0,0,0,0,0,0,0,0,-15000,0,0,0,0,15000,-15000,-15000
03425B,臺股指元大9A熊01,0,0,0,0,0,0,0,0,0,-15000,0,0,0,0,15000,-15000,-15000
043144,台肥統一93購01  ,0,0,0,0,0,0,0,0,0,-15000,0,0,0,15000,30000,-15000,-15000
043236,台灣50兆豐93購02,0,0,0,0,0,0,0,0,0,-15000,0,0,0,3000,18000,-15000,-15000
04782P,智伸科統一96售01,0,0,0,0,0,0,0,0,0,-15000,0,0,0,86000,101000,-15000,-15000
046959,技嘉中信93購01  ,0,0,0,0,0,0,0,0,0,-15000,0,0,0,5000,20000,-15000,-15000
046941,瑞昱元大93購08  ,0,0,0,0,0,0,0,0,0,-15000,0,0,0,0,15000,-15000,-15000
047735,華邦電台新94購01,0,0,0,0,0,0,0,0,0,-15000,0,0,0,0,15000,-15000,-15000
046275,台表科凱基94購01,0,0,0,0,0,0,0,0,0,-15000,0,0,0,22000,37000,-15000,-15000
046571,瑞昱國泰93購01  ,0,0,0,0,0,0,0,0,0,-15000,0,0,0,0,15000,-15000,-15000
046659,瑞昱元大93購02  ,0,0,0,0,0,0,0,0,0,-15000,0,0,0,0,15000,-15000,-15000
047481,可成凱基93購08  ,0,0,0,0,0,0,0,0,0,-15000,0,0,0,5000,20000,-15000,-15000
047343,台達電中信95購01,0,0,0,0,0,0,0,0,0,-15000,0,0,0,138000,153000,-15000,-15000
04954P,健策國票96售01  ,0,0,0,0,0,0,0,0,0,-15000,0,0,0,0,15000,-15000,-15000
04938P,亞德客國票95售01,0,0,0,0,0,0,0,0,0,-15000,0,0,0,0,15000,-15000,-15000
049374,大立光元大94購12,0,0,0,0,0,0,0,0,0,-15000,0,0,0,0,15000,-15000,-15000
049621,美食群益94購02  ,0,0,0,0,0,0,0,0,0,-15000,0,0,0,0,15000,-15000,-15000
049734,瑞昱群益94購02  ,0,0,0,0,0,0,0,0,0,-15000,0,0,0,78000,93000,-15000,-15000
047270,元油2X永豐94購02,0,5000,-5000,0,0,0,0,0,0,-10000,0,0,0,0,10000,-10000,-15000
049228,台塑富邦94購01  ,0,0,0,0,0,0,0,0,0,-15000,0,0,0,30000,45000,-15000,-15000
05081P,京鼎永豐95售01  ,0,0,0,0,0,0,0,0,0,-15000,0,0,0,0,15000,-15000,-15000
05077P,智易群益95售02  ,0,0,0,0,0,0,0,0,0,-15000,0,0,0,0,15000,-15000,-15000
048985,茂林元大94購01  ,0,0,0,0,0,0,0,0,0,-15000,0,0,0,4000,19000,-15000,-15000
050673,旺宏富邦96購02  ,0,0,0,0,0,0,0,0,0,-15000,0,0,0,17000,32000,-15000,-15000
050648,全新凱基96購01  ,0,0,0,0,0,0,0,0,0,-15000,0,0,0,0,15000,-15000,-15000
051085,鴻海元大95購03  ,0,0,0,0,0,0,0,0,0,-15000,0,0,0,781000,796000,-15000,-15000
051494,中環兆豐95購01  ,0,0,0,0,0,0,0,0,0,-15000,0,0,0,0,15000,-15000,-15000
051293,鴻海元富95購05  ,0,0,0,0,0,0,0,0,0,-15000,0,0,0,20000,35000,-15000,-15000
049858,百和群益94購05  ,0,0,0,0,0,0,0,0,0,-15000,0,0,0,0,15000,-15000,-15000
05044P,亞德客永豐95售01,0,0,0,0,0,0,0,0,0,-15000,0,0,0,0,15000,-15000,-15000
048407,貿聯群益93購04  ,0,0,0,0,0,0,0,0,0,-15000,0,0,0,0,15000,-15000,-15000
053956,旺宏永豐96購04  ,0,0,0,0,0,0,0,0,0,-15000,0,0,0,32000,47000,-15000,-15000
054164,強茂凱基98購01  ,0,0,0,0,0,0,0,0,0,-15000,0,0,0,0,15000,-15000,-15000
054192,國巨中信98購01  ,0,0,0,0,0,0,0,0,0,-15000,0,0,0,126000,141000,-15000,-15000
053090,新唐元大96購01  ,0,0,0,0,0,0,0,0,0,-15000,0,0,0,55000,70000,-15000,-15000
053533,光罩永豐96購03  ,0,0,0,0,0,0,0,0,0,-15000,0,0,0,0,15000,-15000,-15000
053375,鴻海元大96購18  ,0,0,0,0,0,0,0,0,0,-15000,0,0,0,294000,309000,-15000,-15000
053324,康舒群益96購01  ,0,0,0,0,0,0,0,0,0,-15000,0,0,0,0,15000,-15000,-15000
05328P,臺股指凱基95售12,0,0,0,0,0,0,0,0,0,-15000,0,0,0,0,15000,-15000,-15000
051758,瑞昱元大95購01  ,0,0,0,0,0,0,0,0,0,-15000,0,0,0,76000,91000,-15000,-15000
052421,元油反國票9B購01,0,0,0,0,0,0,0,0,0,-15000,0,0,0,0,15000,-15000,-15000
052260,為升富邦97購02  ,0,0,0,0,0,0,0,0,0,-15000,0,0,0,10000,25000,-15000,-15000
05223P,臻鼎凱基95售02  ,0,0,0,0,0,0,0,0,0,-15000,0,0,0,25000,40000,-15000,-15000
052249,大成鋼永豐95購01,0,0,0,0,0,0,0,0,0,-15000,0,0,0,32000,47000,-15000,-15000
052834,彩晶群益96購01  ,0,0,0,0,0,0,0,0,0,-15000,0,0,0,0,15000,-15000,-15000
052750,臺股指元大96購04,0,0,0,0,0,0,0,0,0,-15000,0,0,0,0,15000,-15000,-15000
052751,臺股指元大96購05,0,0,0,0,0,0,0,0,0,-15000,0,0,0,0,15000,-15000,-15000
06108P,奇力新群益97售05,0,0,0,0,0,0,0,0,0,-15000,0,0,0,0,15000,-15000,-15000
05977P,旺宏永豐96售06  ,0,0,0,0,0,0,0,0,0,-15000,0,0,0,0,15000,-15000,-15000
06306P,臺股指元大97售12,0,0,0,0,0,0,0,0,0,-15000,0,0,0,5000,20000,-15000,-15000
06318P,臺股指元富97售05,0,0,0,0,0,0,0,0,0,-15000,0,0,0,0,15000,-15000,-15000
06336P,鴻海元大98售05  ,0,0,0,0,0,0,0,0,0,-15000,0,0,0,20000,35000,-15000,-15000
06388P,鴻海兆豐97售04  ,0,0,0,0,0,0,0,0,0,-15000,0,0,0,0,15000,-15000,-15000
06420P,大立光統一98售06,0,0,0,0,0,0,0,0,0,-15000,0,0,0,0,15000,-15000,-15000
08749P,鴻海台新01售02  ,0,0,0,0,0,0,0,0,0,-15000,0,0,0,0,15000,-15000,-15000
08388P,台灣50中信03售09,0,0,0,0,0,0,0,0,0,-15000,0,0,0,0,15000,-15000,-15000
056702,欣興國泰9A購01  ,0,0,0,0,0,0,0,0,0,-15000,0,0,0,0,15000,-15000,-15000
05757P,旺宏永豐96售03  ,0,0,0,0,0,0,0,0,0,-15000,0,0,0,0,15000,-15000,-15000
05806P,宏達電永豐96售03,0,0,0,0,0,0,0,0,0,-15000,0,0,0,5000,20000,-15000,-15000
055296,康舒元大97購02  ,0,0,0,0,0,0,0,0,0,-16000,0,0,0,62000,78000,-16000,-16000
055005,晶相光元富97購01,0,0,0,0,0,0,0,0,0,-16000,0,0,0,80000,96000,-16000,-16000
055102,上銀凱基98購01  ,0,0,0,0,0,0,0,0,0,-16000,0,0,0,183000,199000,-16000,-16000
054436,高鐵台新97購02  ,0,0,0,0,0,0,0,0,0,-16000,0,0,0,0,16000,-16000,-16000
054630,聯鈞凱基98購01  ,0,0,0,0,0,0,0,0,0,-16000,0,0,0,0,16000,-16000,-16000
054641,祥碩中信98購01  ,0,0,0,0,0,0,0,0,0,-16000,0,0,0,34000,50000,-16000,-16000
055621,國巨國泰98購03  ,0,0,0,0,0,0,0,0,0,-16000,0,0,0,190000,206000,-16000,-16000
055646,漢唐元富97購01  ,0,0,0,0,0,0,0,0,0,-16000,0,0,0,0,16000,-16000,-16000
055888,鴻海統一97購04  ,0,0,0,0,0,0,0,0,0,-16000,0,0,0,0,16000,-16000,-16000
056590,樺漢統一9A購01  ,0,0,0,0,0,0,0,0,0,-16000,0,0,0,239000,255000,-16000,-16000
049397,台達電群益94購03,0,0,0,0,0,0,0,0,0,-16000,0,0,0,10000,26000,-16000,-16000
047931,日月光凱基93購01,0,0,0,0,0,0,0,0,0,-16000,0,0,0,0,16000,-16000,-16000
047524,瑞昱元大93購10  ,0,0,0,0,0,0,0,0,0,-16000,0,0,0,10000,26000,-16000,-16000
047685,嘉聯益國泰95購01,0,0,0,0,0,0,0,0,0,-16000,0,0,0,34000,50000,-16000,-16000
04668P,臺股指國票94售07,0,0,0,0,0,0,0,0,0,-16000,0,0,0,0,16000,-16000,-16000
046741,GIS群益94購01   ,0,0,0,0,0,0,0,0,0,-16000,0,0,0,0,16000,-16000,-16000
046561,可成凱基92購11  ,0,0,0,0,0,0,0,0,0,-16000,0,0,0,0,16000,-16000,-16000
046457,可成凱基92購09  ,0,0,0,0,0,0,0,0,0,-16000,0,0,0,0,16000,-16000,-16000
046305,台積電元大92購27,0,0,0,0,0,0,0,0,0,-16000,0,0,0,0,16000,-16000,-16000
047009,大立光統一93購07,0,0,0,0,0,0,0,0,0,-16000,0,0,0,0,16000,-16000,-16000
045651,力成凱基93購01  ,0,0,0,0,0,0,0,0,0,-16000,0,0,0,0,16000,-16000,-16000
04287P,A50正2中信96售01,0,0,0,0,0,0,0,0,0,-16000,0,0,0,15000,31000,-16000,-16000
042388,大立光永昌93購02,0,0,0,0,0,0,0,0,0,-16000,0,0,0,0,16000,-16000,-16000
048086,鴻海凱基93購33  ,0,0,0,0,0,0,0,0,0,-16000,0,0,0,9000,25000,-16000,-16000
05043P,佳世達元富95售01,0,0,0,0,0,0,0,0,0,-16000,0,0,0,0,16000,-16000,-16000
050021,鴻海元大94購10  ,0,0,0,0,0,0,0,0,0,-16000,0,0,0,2000,18000,-16000,-16000
051364,鴻海國泰97購03  ,0,0,0,0,0,0,0,0,0,-16000,0,0,0,19000,35000,-16000,-16000
050646,美律凱基96購01  ,0,0,0,0,0,0,0,0,0,-16000,0,0,0,0,16000,-16000,-16000
050740,旺宏永豐94購03  ,0,0,0,0,0,0,0,0,0,-16000,0,0,0,137000,153000,-16000,-16000
05085P,鴻海日盛95售01  ,0,0,0,0,0,0,0,0,0,-16000,0,0,0,0,16000,-16000,-16000
052908,大成鋼統一96購01,0,0,0,0,0,0,0,0,0,-16000,0,0,0,44000,60000,-16000,-16000
052244,廣達康和95購01  ,0,0,0,0,0,0,0,0,0,-16000,0,0,0,90000,106000,-16000,-16000
052274,大立光群益95購03,0,0,0,0,0,0,0,0,0,-16000,0,0,0,13000,29000,-16000,-16000
052392,台表科群益96購02,0,0,0,0,0,0,0,0,0,-16000,0,0,0,107000,123000,-16000,-16000
051954,矽力元富95購04  ,0,0,0,0,0,0,0,0,0,-16000,0,0,0,18000,34000,-16000,-16000
053409,和碩兆豐96購02  ,0,0,0,0,0,0,0,0,0,-16000,0,0,0,20000,36000,-16000,-16000
053457,旺宏國泰98購03  ,0,0,0,0,0,0,0,0,0,-16000,0,0,0,44000,60000,-16000,-16000
053222,聯茂凱基96購03  ,0,0,0,0,0,0,0,0,0,-16000,0,0,0,0,16000,-16000,-16000
054131,南亞科元大96購04,0,0,0,0,0,0,0,0,0,-16000,0,0,0,84000,100000,-16000,-16000
054140,智易元大97購03  ,0,0,0,0,0,0,0,0,0,-16000,0,0,0,150000,166000,-16000,-16000
056717,康友永豐98購01  ,0,0,0,0,0,0,0,0,0,-16000,0,0,0,99000,115000,-16000,-16000
056776,聯茂元大99購01  ,0,0,0,0,0,0,0,0,0,-16000,0,0,0,63000,79000,-16000,-16000
056791,嘉聯益群益98購01,0,0,0,0,0,0,0,0,0,-16000,0,0,0,27000,43000,-16000,-16000
06471P,臺股指凱基99售11,0,0,0,0,0,0,0,0,0,-16000,0,0,0,0,16000,-16000,-16000
06389P,聯發科兆豐97售01,0,0,0,0,0,0,0,0,0,-16000,0,0,0,0,16000,-16000,-16000
06354P,大立光永豐97售04,0,0,0,0,0,0,0,0,0,-16000,0,0,0,16000,32000,-16000,-16000
06133P,帆宣元富97售02  ,0,0,0,0,0,0,0,0,0,-16000,0,0,0,0,16000,-16000,-16000
2493,揚博            ,10000,26000,-16000,0,0,0,0,0,0,0,0,0,0,0,0,0,-16000
4141,龍燈-KY         ,0,16000,-16000,0,0,0,0,0,0,0,0,0,0,0,0,0,-16000
3130,一零四          ,0,16000,-16000,0,0,0,0,0,0,0,0,0,0,0,0,0,-16000
2013,中鋼構          ,9000,25000,-16000,0,0,0,0,0,0,0,0,0,0,0,0,0,-16000
6491,晶碩            ,2000,18000,-16000,0,0,0,0,0,0,0,0,0,0,0,0,0,-16000
8070,長華*           ,13000,5000,8000,0,0,0,0,0,0,-24000,1000,25000,-24000,0,0,0,-16000
055468,智邦凱基97購04  ,0,0,0,0,0,0,0,0,0,-17000,0,0,0,5000,22000,-17000,-17000
054759,台化國票98購01  ,0,0,0,0,0,0,0,0,0,-17000,0,0,0,11000,28000,-17000,-17000
054952,大毅元大97購02  ,0,0,0,0,0,0,0,0,0,-17000,0,0,0,6000,23000,-17000,-17000
054908,群電康和97購01  ,0,0,0,0,0,0,0,0,0,-17000,0,0,0,0,17000,-17000,-17000
055309,冠德群益97購01  ,0,0,0,0,0,0,0,0,0,-17000,0,0,0,0,17000,-17000,-17000
04547P,高鐵元大94售01  ,0,0,0,0,0,0,0,0,0,-17000,0,0,0,0,17000,-17000,-17000
044039,康控群益93購01  ,0,0,0,0,0,0,0,0,0,-17000,0,0,0,0,17000,-17000,-17000
047242,上銀群益93購04  ,0,0,0,0,0,0,0,0,0,-17000,0,0,0,16000,33000,-17000,-17000
047149,聯鈞群益93購01  ,0,0,0,0,0,0,0,0,0,-17000,0,0,0,0,17000,-17000,-17000
050760,矽力元富94購03  ,0,0,0,0,0,0,0,0,0,-17000,0,0,0,10000,27000,-17000,-17000
048982,牧德元大94購02  ,0,0,0,0,0,0,0,0,0,-17000,0,0,0,3000,20000,-17000,-17000
050956,鈺齊群益95購01  ,0,0,0,0,0,0,0,0,0,-17000,0,0,0,280000,297000,-17000,-17000
050320,台表科國票94購01,0,0,0,0,0,0,0,0,0,-17000,0,0,0,0,17000,-17000,-17000
054002,GIS群益96購03   ,0,0,0,0,0,0,0,0,0,-17000,0,0,0,0,17000,-17000,-17000
053736,友達麥證96購01  ,0,0,0,153000,170000,-17000,0,0,0,-17000,0,0,0,153000,170000,-17000,-17000
052982,鴻海元大97購06  ,0,0,0,0,0,0,0,0,0,-17000,0,0,0,13000,30000,-17000,-17000
051685,台光電凱基95購01,0,0,0,0,0,0,0,0,0,-17000,0,0,0,10000,27000,-17000,-17000
052424,泰碩國票97購01  ,0,0,0,0,0,0,0,0,0,-17000,0,0,0,23000,40000,-17000,-17000
05245P,台積電元大95售18,0,0,0,0,0,0,0,0,0,-17000,0,0,0,230000,247000,-17000,-17000
052607,大立光元大96購03,0,0,0,0,0,0,0,0,0,-17000,0,0,0,69000,86000,-17000,-17000
6525,捷敏-KY         ,23000,40000,-17000,0,0,0,0,0,0,0,0,0,0,0,0,0,-17000
1902,台紙            ,30000,47000,-17000,0,0,0,0,0,0,0,0,0,0,0,0,0,-17000
1720,生達            ,1000,18000,-17000,0,0,0,0,0,0,0,0,0,0,0,0,0,-17000
05996P,華新科群益96售03,0,0,0,0,0,0,0,0,0,-17000,0,0,0,0,17000,-17000,-17000
05886P,華通元富96售01  ,0,0,0,0,0,0,0,0,0,-17000,0,0,0,0,17000,-17000,-17000
06340P,鴻海統一98售06  ,0,0,0,0,0,0,0,0,0,-17000,0,0,0,850000,867000,-17000,-17000
06407P,創意元富97售02  ,0,0,0,0,0,0,0,0,0,-17000,0,0,0,18000,35000,-17000,-17000
056803,群創台新99購02  ,0,0,0,0,0,0,0,0,0,-17000,0,0,0,0,17000,-17000,-17000
056837,國巨元富98購02  ,0,0,0,0,0,0,0,0,0,-17000,0,0,0,12000,29000,-17000,-17000
05795P,華邦電群益96售05,0,0,0,0,0,0,0,0,0,-17000,0,0,0,44000,61000,-17000,-17000
057116,鴻海日盛9A購01  ,0,0,0,0,0,0,0,0,0,-17000,0,0,0,0,17000,-17000,-17000
055390,國巨統一98購03  ,0,0,0,0,0,0,0,0,0,-18000,0,0,0,17000,35000,-18000,-18000
054831,緯穎國泰98購01  ,0,0,0,0,0,0,0,0,0,-18000,0,0,0,48000,66000,-18000,-18000
054589,聯鈞國泰99購01  ,0,0,0,0,0,0,0,0,0,-18000,0,0,0,282000,300000,-18000,-18000
054446,美食兆豐97購01  ,0,0,0,0,0,0,0,0,0,-18000,0,0,0,297000,315000,-18000,-18000
055861,矽力元大97購03  ,0,0,0,0,0,0,0,0,0,-18000,0,0,0,56000,74000,-18000,-18000
056567,瀚宇博群益98購02,0,0,0,0,0,0,0,0,0,-18000,0,0,0,49000,67000,-18000,-18000
056475,宏達電元大99購02,0,0,0,0,0,0,0,0,0,-18000,0,0,0,25000,43000,-18000,-18000
045934,燿華群益93購01  ,0,0,0,0,0,0,0,0,0,-18000,0,0,0,12000,30000,-18000,-18000
04965P,日月光元大94售02,0,0,0,0,0,0,0,0,0,-18000,0,0,0,0,18000,-18000,-18000
04310P,京元電統一93售03,0,0,0,0,0,0,0,0,0,-18000,0,0,0,0,18000,-18000,-18000
044950,玉晶光群益94購01,0,0,0,0,0,0,0,0,0,-18000,0,0,0,55000,73000,-18000,-18000
04685P,訊芯元大94售02  ,0,0,0,0,0,0,0,0,0,-18000,0,0,0,1000,19000,-18000,-18000
04537P,新光金統一94售01,0,0,0,0,0,0,0,0,0,-18000,0,0,0,0,18000,-18000,-18000
04188P,康控元富93售03  ,0,0,0,0,0,0,0,0,0,-18000,0,0,0,0,18000,-18000,-18000
041916,大立光中信93購01,0,0,0,0,0,0,0,0,0,-18000,0,0,0,22000,40000,-18000,-18000
048625,GIS台新93購01   ,0,0,0,0,0,0,0,0,0,-18000,0,0,0,0,18000,-18000,-18000
048059,欣興國泰95購01  ,0,0,0,0,0,0,0,0,0,-18000,0,0,0,80000,98000,-18000,-18000
048871,晶豪科國票94購01,0,0,0,0,0,0,0,0,0,-18000,0,0,0,0,18000,-18000,-18000
049899,台積電元富94購05,0,0,0,0,0,0,0,0,0,-18000,0,0,0,140000,158000,-18000,-18000
051194,大立光中信96購02,0,0,0,0,0,0,0,0,0,-18000,0,0,0,2000,20000,-18000,-18000
051415,晶技國票96購01  ,0,0,0,0,0,0,0,0,0,-18000,0,0,0,3000,21000,-18000,-18000
048133,臻鼎國票94購01  ,0,0,0,0,0,0,0,0,0,-18000,0,0,0,20000,38000,-18000,-18000
048124,大立光元大95購03,0,0,0,0,0,0,0,0,0,-18000,0,0,0,0,18000,-18000,-18000
050046,矽力兆豐94購01  ,0,0,0,0,0,0,0,0,0,-18000,0,0,0,0,18000,-18000,-18000
050050,國泰金群益94購02,0,0,0,0,0,0,0,0,0,-18000,0,0,0,14000,32000,-18000,-18000
052877,矽創凱基96購01  ,0,0,0,0,0,0,0,0,0,-18000,0,0,0,6000,24000,-18000,-18000
051794,臻鼎國票96購02  ,0,0,0,0,0,0,0,0,0,-18000,0,0,0,0,18000,-18000,-18000
052037,全新國泰96購02  ,0,0,0,0,0,0,0,0,0,-18000,0,0,0,87000,105000,-18000,-18000
052147,上緯控群益95購01,0,0,0,0,0,0,0,0,0,-18000,0,0,0,87000,105000,-18000,-18000
05399P,GIS國票95售03   ,0,0,0,0,0,0,0,0,0,-18000,0,0,0,0,18000,-18000,-18000
054107,上銀凱基97購01  ,0,0,0,0,0,0,0,0,0,-18000,0,0,0,63000,81000,-18000,-18000
057057,立積元大9A購01  ,0,0,0,0,0,0,0,0,0,-18000,0,0,0,0,18000,-18000,-18000
057013,聯發科麥證98購01,0,0,0,14000,32000,-18000,0,0,0,-18000,0,0,0,14000,32000,-18000,-18000
056998,麗豐康和98購01  ,0,0,0,0,0,0,0,0,0,-18000,0,0,0,0,18000,-18000,-18000
056942,昇陽半元富98購01,0,0,0,0,0,0,0,0,0,-18000,0,0,0,40000,58000,-18000,-18000
05800P,台積電兆豐96售04,0,0,0,0,0,0,0,0,0,-18000,0,0,0,20000,38000,-18000,-18000
05775P,台積電國泰98售02,0,0,0,0,0,0,0,0,0,-18000,0,0,0,0,18000,-18000,-18000
06260P,臺股指群益97售13,0,0,0,0,0,0,0,0,0,-18000,0,0,0,4000,22000,-18000,-18000
2034,允強            ,40000,58000,-18000,0,0,0,0,0,0,0,0,0,0,0,0,0,-18000
2420,新巨            ,2000,22000,-20000,0,0,0,0,0,0,2000,2000,0,2000,0,0,0,-18000
2405,浩鑫            ,0,18000,-18000,0,0,0,0,0,0,0,0,0,0,0,0,0,-18000
2444,兆勁            ,11000,29000,-18000,0,0,0,0,0,0,0,0,0,0,0,0,0,-18000
2496,卓越            ,0,18000,-18000,0,0,0,0,0,0,0,0,0,0,0,0,0,-18000
2897,王道銀行        ,29000,155000,-126000,0,0,0,0,0,0,108000,108000,0,108000,0,0,0,-18000
056386,TPK國泰99購01   ,0,0,0,0,0,0,0,0,0,-19000,0,0,0,224000,243000,-19000,-19000
05609P,國泰金凱基96售01,0,0,0,0,0,0,0,0,0,-19000,0,0,0,0,19000,-19000,-19000
056315,同欣電元大97購05,0,0,0,0,0,0,0,0,0,-19000,0,0,0,553000,572000,-19000,-19000
056317,華通群益99購02  ,0,0,0,0,0,0,0,0,0,-19000,0,0,0,0,19000,-19000,-19000
055819,晶相光國票98購01,0,0,0,0,0,0,0,0,0,-19000,0,0,0,41000,60000,-19000,-19000
055746,同欣電元富97購01,0,0,0,0,0,0,0,0,0,-19000,0,0,0,210000,229000,-19000,-19000
055953,上銀元大97購09  ,0,0,0,0,0,0,0,0,0,-19000,0,0,0,44000,63000,-19000,-19000
055436,晶豪科中信99購01,0,0,0,0,0,0,0,0,0,-19000,0,0,0,0,19000,-19000,-19000
054868,國泰金群益9A購01,0,0,0,0,0,0,0,0,0,-19000,0,0,0,3000,22000,-19000,-19000
05491P,茂林元大95售04  ,0,0,0,0,0,0,0,0,0,-19000,0,0,0,472000,491000,-19000,-19000
055113,大立光凱基98購06,0,0,0,0,0,0,0,0,0,-19000,0,0,0,51000,70000,-19000,-19000
00674R,元大S&P黃金反1  ,0,0,0,0,0,0,0,0,0,-19000,0,0,0,0,19000,-19000,-19000
046940,瑞昱元大93購07  ,0,0,0,0,0,0,0,0,0,-19000,0,0,0,0,19000,-19000,-19000
049554,禾伸堂富邦96購01,0,0,0,0,0,0,0,0,0,-19000,0,0,0,50000,69000,-19000,-19000
047186,大立光元大93購20,0,0,0,0,0,0,0,0,0,-19000,0,0,0,0,19000,-19000,-19000
04674P,全新統一95售01  ,0,0,0,0,0,0,0,0,0,-19000,0,0,0,0,19000,-19000,-19000
050624,鈺齊元大94購01  ,0,0,0,0,0,0,0,0,0,-19000,0,0,0,1000,20000,-19000,-19000
048990,台表科元大94購01,0,0,0,0,0,0,0,0,0,-19000,0,0,0,42000,61000,-19000,-19000
048790,大立光元大95購05,0,0,0,0,0,0,0,0,0,-19000,0,0,0,0,19000,-19000,-19000
050186,京鼎元大94購01  ,0,0,0,0,0,0,0,0,0,-19000,0,0,0,0,19000,-19000,-19000
048874,玉晶光國票96購01,0,0,0,0,0,0,0,0,0,-19000,0,0,0,21000,40000,-19000,-19000
048850,聯電群益96購01  ,0,0,0,0,0,0,0,0,0,-19000,0,0,0,35000,54000,-19000,-19000
054177,牧德台新97購01  ,0,0,0,0,0,0,0,0,0,-19000,0,0,0,0,19000,-19000,-19000
05393P,鴻海統一95售14  ,0,0,0,0,0,0,0,0,0,-19000,0,0,0,59000,78000,-19000,-19000
053698,中磊元大96購02  ,0,0,0,0,0,0,0,0,0,-19000,0,0,0,2000,21000,-19000,-19000
053223,台郡凱基96購02  ,0,0,0,0,0,0,0,0,0,-19000,0,0,0,10000,29000,-19000,-19000
05204P,TPK元大95售03   ,0,0,0,0,0,0,0,0,0,-19000,0,0,0,0,19000,-19000,-19000
051989,華固元大95購02  ,0,0,0,0,0,0,0,0,0,-19000,0,0,0,200000,219000,-19000,-19000
051762,國泰金元大95購01,0,0,0,0,0,0,0,0,0,-19000,0,0,0,337000,356000,-19000,-19000
052769,達興群益96購01  ,0,0,0,0,0,0,0,0,0,-19000,0,0,0,0,19000,-19000,-19000
052573,智伸科凱基97購01,0,0,0,0,0,0,0,0,0,-19000,0,0,0,0,19000,-19000,-19000
2103,台橡            ,57000,103000,-46000,0,0,0,0,0,0,27000,27000,0,27000,0,0,0,-19000
06377P,華通統一97售04  ,0,0,0,0,0,0,0,0,0,-19000,0,0,0,0,19000,-19000,-19000
057190,立積元大9A購02  ,0,0,0,0,0,0,0,0,0,-19000,0,0,0,0,19000,-19000,-19000
056959,鴻海永豐98購03  ,0,0,0,0,0,0,0,0,0,-19000,0,0,0,0,19000,-19000,-19000
057056,立積元大99購02  ,0,0,0,0,0,0,0,0,0,-19000,0,0,0,0,19000,-19000,-19000
056805,元石油統一9B購01,0,0,0,0,0,0,0,0,0,-19000,0,0,0,21000,40000,-19000,-19000
056694,欣興群益98購04  ,0,0,0,0,0,0,0,0,0,-19000,0,0,0,49000,68000,-19000,-19000
05499P,聯詠元富95售02  ,0,0,0,0,0,0,0,0,0,-20000,0,0,0,5000,25000,-20000,-20000
054878,和大統一97購02  ,0,0,0,0,0,0,0,0,0,-20000,0,0,0,110000,130000,-20000,-20000
055341,台達電凱基97購02,0,0,0,0,0,0,0,0,0,-20000,0,0,0,0,20000,-20000,-20000
055352,奇力新凱基97購01,0,0,0,0,0,0,0,0,0,-20000,0,0,0,20000,40000,-20000,-20000
055324,TPK國票98購03   ,0,0,0,0,0,0,0,0,0,-20000,0,0,0,36000,56000,-20000,-20000
055147,鴻海元大97購11  ,0,0,0,0,0,0,0,0,0,-20000,0,0,0,150000,170000,-20000,-20000
054474,鴻海中信96購03  ,0,0,0,0,0,0,0,0,0,-20000,0,0,0,0,20000,-20000,-20000
054307,高鐵凱基98購01  ,0,0,0,0,0,0,0,0,0,-20000,0,0,0,0,20000,-20000,-20000
054604,麗豐台新98購01  ,0,0,0,0,0,0,0,0,0,-20000,0,0,0,0,20000,-20000,-20000
055642,廣宇元富97購01  ,0,0,0,0,0,0,0,0,0,-20000,0,0,0,0,20000,-20000,-20000
055987,台表科元富97購01,0,0,0,0,0,0,0,0,0,-20000,0,0,0,0,20000,-20000,-20000
055999,電子類富邦99購01,0,0,0,0,0,0,0,0,0,-20000,0,0,0,0,20000,-20000,-20000
055875,光罩元富97購02  ,0,0,0,0,0,0,0,0,0,-20000,0,0,0,20000,40000,-20000,-20000
056327,樺漢兆豐98購01  ,0,0,0,0,0,0,0,0,0,-20000,0,0,0,10000,30000,-20000,-20000
056234,GIS麥證97購01   ,0,0,0,1000,20000,-19000,0,0,0,-20000,0,0,0,1000,21000,-20000,-20000
056437,台積電凱基98購11,0,0,0,0,0,0,0,0,0,-20000,0,0,0,0,20000,-20000,-20000
056608,力山永豐98購01  ,0,0,0,0,0,0,0,0,0,-20000,0,0,0,0,20000,-20000,-20000
046986,台積電凱基93購09,0,0,0,0,0,0,0,0,0,-20000,0,0,0,0,20000,-20000,-20000
046707,友達康和93購01  ,0,0,0,0,0,0,0,0,0,-20000,0,0,0,0,20000,-20000,-20000
046668,嘉澤元大93購01  ,0,0,0,0,0,0,0,0,0,-20000,0,0,0,80000,100000,-20000,-20000
04650P,臺股指凱基94售09,0,0,0,0,0,0,0,0,0,-20000,0,0,0,0,20000,-20000,-20000
046549,康友永豐92購02  ,0,0,0,0,0,0,0,0,0,-20000,0,0,0,0,20000,-20000,-20000
046197,日月光凱基92購04,0,0,0,0,0,0,0,0,0,-20000,0,0,0,20000,40000,-20000,-20000
046242,大立光中信93購02,0,0,0,0,0,0,0,0,0,-20000,0,0,0,0,20000,-20000,-20000
047584,元金2X永豐95購01,0,0,0,0,0,0,0,0,0,-20000,0,0,0,0,20000,-20000,-20000
04760P,旺宏凱基94售02  ,0,0,0,0,0,0,0,0,0,-20000,0,0,0,6000,26000,-20000,-20000
047985,欣興群益93購07  ,0,0,0,0,0,0,0,0,0,-20000,0,0,0,0,20000,-20000,-20000
047355,世紀鋼凱基94購01,0,0,0,0,0,0,0,0,0,-20000,0,0,0,0,20000,-20000,-20000
047342,T50反1中信99購01,0,0,0,0,0,0,0,0,0,-20000,0,0,0,0,20000,-20000,-20000
045825,力成凱基93購02  ,0,0,0,0,0,0,0,0,0,-20000,0,0,0,0,20000,-20000,-20000
04729P,臺股指中信96售01,0,0,0,0,0,0,0,0,0,-20000,0,0,0,0,20000,-20000,-20000
047080,仁寶康和93購01  ,0,0,0,0,0,0,0,0,0,-20000,0,0,0,0,20000,-20000,-20000
046325,日月光元大92購03,0,0,0,0,0,0,0,0,0,-20000,0,0,0,0,20000,-20000,-20000
046404,友達元大93購02  ,0,0,0,0,0,0,0,0,0,-20000,0,0,0,0,20000,-20000,-20000
046062,遠東新凱基92購02,0,0,0,0,0,0,0,0,0,-20000,0,0,0,10000,30000,-20000,-20000
049566,鴻海統一94購04  ,0,0,0,0,0,0,0,0,0,-20000,0,0,0,0,20000,-20000,-20000
049519,新光金國票95購03,0,0,0,0,0,0,0,0,0,-20000,0,0,0,60000,80000,-20000,-20000
049536,T50反1群益94購02,0,0,0,0,0,0,0,0,0,-20000,0,0,0,0,20000,-20000,-20000
049398,微星群益94購02  ,0,0,0,0,0,0,0,0,0,-20000,0,0,0,10000,30000,-20000,-20000
049706,世紀鋼元大95購02,0,0,0,0,0,0,0,0,0,-20000,0,0,0,0,20000,-20000,-20000
046455,瑞昱凱基92購03  ,0,0,0,0,0,0,0,0,0,-20000,0,0,0,0,20000,-20000,-20000
046771,聯發科國泰94購02,0,0,0,0,0,0,0,0,0,-20000,0,0,0,130000,150000,-20000,-20000
044353,宏達電元大93購04,0,0,0,0,0,0,0,0,0,-20000,0,0,0,0,20000,-20000,-20000
04436P,聯發科中信96售02,0,0,0,0,0,0,0,0,0,-20000,0,0,0,0,20000,-20000,-20000
044689,超眾凱基93購03  ,0,0,0,0,0,0,0,0,0,-20000,0,0,0,90000,110000,-20000,-20000
044693,滬深2X元大94購01,0,0,0,0,0,0,0,0,0,-20000,0,0,0,60000,80000,-20000,-20000
04408P,台積電統一94售06,0,0,0,0,0,0,0,0,0,-20000,0,0,0,20000,40000,-20000,-20000
043642,元金2X國票97購01,0,0,0,0,0,0,0,0,0,-20000,0,0,0,0,20000,-20000,-20000
043780,瑞儀中信92購01  ,0,0,0,0,0,0,0,0,0,-20000,0,0,0,0,20000,-20000,-20000
00851,台新全球AI      ,0,0,0,0,0,0,0,0,0,-20000,0,0,0,34000,54000,-20000,-20000
04144P,瑞昱凱基93售10  ,0,0,0,0,0,0,0,0,0,-20000,0,0,0,0,20000,-20000,-20000
04171P,旺宏凱基93售07  ,0,0,0,0,0,0,0,0,0,-20000,0,0,0,0,20000,-20000,-20000
045312,矽創元大93購02  ,0,0,0,0,0,0,0,0,0,-20000,0,0,0,0,20000,-20000,-20000
045347,大立光凱基93購05,0,0,0,0,0,0,0,0,0,-20000,0,0,0,0,20000,-20000,-20000
045479,T50反1中信95購01,0,0,0,0,0,0,0,0,0,-20000,0,0,0,0,20000,-20000,-20000
04293P,滬深2X元大96售02,0,0,0,0,0,0,0,0,0,-20000,0,0,0,0,20000,-20000,-20000
042929,台積電中信95購02,0,0,0,0,0,0,0,0,0,-20000,0,0,0,0,20000,-20000,-20000
03765P,大立光元富96售01,0,0,0,0,0,0,0,0,0,-20000,0,0,0,25000,45000,-20000,-20000
03454P,台積電凱基03售14,0,0,0,0,0,0,0,0,0,-20000,0,0,0,50000,70000,-20000,-20000
03891P,晶技國泰94售02  ,0,0,0,0,0,0,0,0,0,-20000,0,0,0,0,20000,-20000,-20000
04824P,亞泥中信94售02  ,0,0,0,0,0,0,0,0,0,-20000,0,0,0,0,20000,-20000,-20000
048047,全新永豐93購02  ,0,0,0,0,0,0,0,0,0,-20000,0,0,0,0,20000,-20000,-20000
048416,台達電統一93購02,0,0,0,0,0,0,0,0,0,-20000,0,0,0,10000,30000,-20000,-20000
049034,台達電兆豐94購01,0,0,0,0,0,0,0,0,0,-20000,0,0,0,10000,30000,-20000,-20000
048996,中環第一94購01  ,0,0,0,0,0,0,0,0,0,-20000,0,0,0,0,20000,-20000,-20000
04934P,鴻海中信94售05  ,0,0,0,0,0,0,0,0,0,-20000,0,0,0,0,20000,-20000,-20000
05037P,華新科元大95售09,0,0,0,0,0,0,0,0,0,-20000,0,0,0,30000,50000,-20000,-20000
04998P,京元電永豐95售01,0,0,0,0,0,0,0,0,0,-20000,0,0,0,0,20000,-20000,-20000
049986,嘉澤凱基94購02  ,0,0,0,0,0,0,0,0,0,-20000,0,0,0,16000,36000,-20000,-20000
048714,巨大康和94購01  ,0,0,0,0,0,0,0,0,0,-20000,0,0,0,0,20000,-20000,-20000
050600,瑞儀國泰95購01  ,0,0,0,0,0,0,0,0,0,-20000,0,0,0,0,20000,-20000,-20000
050657,宏達電麥證94購01,0,0,0,0,20000,-20000,0,0,0,-20000,0,0,0,0,20000,-20000,-20000
050754,元金2X元富9B購01,0,0,0,0,0,0,0,0,0,-20000,0,0,0,0,20000,-20000,-20000
050882,華泰國泰96購01  ,0,0,0,0,0,0,0,0,0,-20000,0,0,0,0,20000,-20000,-20000
050813,旺宏凱基96購01  ,0,0,0,0,0,0,0,0,0,-20000,0,0,0,1000,21000,-20000,-20000
050044,聯詠兆豐94購02  ,0,0,0,0,0,0,0,0,0,-20000,0,0,0,50000,70000,-20000,-20000
050318,景碩國票94購02  ,0,0,0,0,0,0,0,0,0,-20000,0,0,0,43000,63000,-20000,-20000
049130,臺指反元大98購01,0,0,0,0,0,0,0,0,0,-20000,0,0,0,0,20000,-20000,-20000
049209,GIS群益94購03   ,0,0,0,0,0,0,0,0,0,-20000,0,0,0,0,20000,-20000,-20000
04894P,世紀鋼元大94售02,0,0,0,0,0,0,0,0,0,-20000,0,0,0,0,20000,-20000,-20000
051377,鴻海群益95購07  ,0,0,0,0,0,0,0,0,0,-20000,0,0,0,0,20000,-20000,-20000
05136P,台積電凱基95售08,0,0,0,0,0,0,0,0,0,-20000,0,0,0,0,20000,-20000,-20000
051538,和碩國票96購01  ,0,0,0,0,0,0,0,0,0,-20000,0,0,0,0,20000,-20000,-20000
051188,鴻海兆豐95購01  ,0,0,0,0,0,0,0,0,0,-20000,0,0,0,10000,30000,-20000,-20000
051137,聯詠永豐95購01  ,0,0,0,0,0,0,0,0,0,-20000,0,0,0,40000,60000,-20000,-20000
051208,GIS麥證95購01   ,0,0,0,0,20000,-20000,0,0,0,-20000,0,0,0,0,20000,-20000,-20000
050981,GIS元富95購01   ,0,0,0,0,0,0,0,0,0,-20000,0,0,0,0,20000,-20000,-20000
050942,S&P正2群益95購01,0,0,0,0,0,0,0,0,0,-20000,0,0,0,0,20000,-20000,-20000
051068,台積電國票97購01,0,0,0,0,0,0,0,0,0,-20000,0,0,0,15000,35000,-20000,-20000
051052,台積電群益95購01,0,0,0,0,0,0,0,0,0,-20000,0,0,0,0,20000,-20000,-20000
05256P,義隆凱基95售02  ,0,0,0,0,0,0,0,0,0,-20000,0,0,0,330000,350000,-20000,-20000
052471,華固亞東95購01  ,0,0,0,0,0,0,0,0,0,-20000,0,0,0,0,20000,-20000,-20000
052437,聯發科富邦99購02,0,0,0,0,0,0,0,0,0,-20000,0,0,0,71000,91000,-20000,-20000
05240P,玉晶光永豐96售01,0,0,0,0,0,0,0,0,0,-20000,0,0,0,0,20000,-20000,-20000
052397,燿華凱基96購02  ,0,0,0,0,0,0,0,0,0,-20000,0,0,0,0,20000,-20000,-20000
052370,滬深2X元大95購04,0,0,0,0,0,0,0,0,0,-20000,0,0,0,0,20000,-20000,-20000
052848,聯發科統一96購03,0,0,0,0,0,0,0,0,0,-20000,0,0,0,0,20000,-20000,-20000
052580,高鐵元富96購01  ,0,0,0,0,0,0,0,0,0,-20000,0,0,0,0,20000,-20000,-20000
052737,滬深2X元大96購06,0,0,0,0,0,0,0,0,0,-20000,0,0,0,0,20000,-20000,-20000
052717,正文凱基96購01  ,0,0,0,0,0,0,0,0,0,-20000,0,0,0,0,20000,-20000,-20000
051851,TPK群益95購03   ,0,0,0,0,0,0,0,0,0,-20000,0,0,0,0,20000,-20000,-20000
05160P,國巨國票96售03  ,0,0,0,0,0,0,0,0,0,-20000,0,0,0,0,20000,-20000,-20000
052024,臺股指永豐95購04,0,0,0,0,0,0,0,0,0,-20000,0,0,0,0,20000,-20000,-20000
051952,聯發科元富95購03,0,0,0,0,0,0,0,0,0,-20000,0,0,0,0,20000,-20000,-20000
052192,SP黃豆元富95購04,0,0,0,0,0,0,0,0,0,-20000,0,0,0,0,20000,-20000,-20000
05221P,玉晶光元大95售04,0,0,0,0,0,0,0,0,0,-20000,0,0,0,0,20000,-20000,-20000
052964,台表科凱基96購03,0,0,0,0,0,0,0,0,0,-20000,0,0,0,0,20000,-20000,-20000
053068,智伸科群益96購01,0,0,0,0,0,0,0,0,0,-20000,0,0,0,0,20000,-20000,-20000
053049,T50反1國票98購01,0,0,0,0,0,0,0,0,0,-20000,0,0,0,0,20000,-20000,-20000
053397,國泰金中信96購01,0,0,0,0,0,0,0,0,0,-20000,0,0,0,1000,21000,-20000,-20000
053257,華通富邦97購01  ,0,0,0,0,0,0,0,0,0,-20000,0,0,0,50000,70000,-20000,-20000
053853,康控國泰97購02  ,0,0,0,0,0,0,0,0,0,-20000,0,0,0,80000,100000,-20000,-20000
053809,上銀群益96購02  ,0,0,0,0,0,0,0,0,0,-20000,0,0,0,21000,41000,-20000,-20000
054167,揚明光凱基98購01,0,0,0,0,0,0,0,0,0,-20000,0,0,0,0,20000,-20000,-20000
056761,元油2X元大98購07,0,0,0,0,0,0,0,0,0,-20000,0,0,0,10000,30000,-20000,-20000
056904,大立光元大99購05,0,0,0,0,0,0,0,0,0,-20000,0,0,0,1000,21000,-20000,-20000
057030,滬深反元大9B購01,0,0,0,0,0,0,0,0,0,-20000,0,0,0,0,20000,-20000,-20000
056960,光罩永豐98購01  ,0,0,0,0,0,0,0,0,0,-20000,0,0,0,56000,76000,-20000,-20000
05712P,友達統一97售03  ,0,0,0,0,0,0,0,0,0,-20000,0,0,0,20000,40000,-20000,-20000
057118,欣興日盛9A購01  ,0,0,0,0,0,0,0,0,0,-20000,0,0,0,0,20000,-20000,-20000
05770P,聯發科凱基96售16,0,0,0,0,0,0,0,0,0,-20000,0,0,0,0,20000,-20000,-20000
05762P,昇陽半永豐96售04,0,0,0,0,0,0,0,0,0,-20000,0,0,0,0,20000,-20000,-20000
05792P,臺股指中信99售07,0,0,0,0,0,0,0,0,0,-20000,0,0,0,0,20000,-20000,-20000
06268P,聯詠凱基97售02  ,0,0,0,0,0,0,0,0,0,-20000,0,0,0,0,20000,-20000,-20000
06269P,群創凱基98售10  ,0,0,0,0,0,0,0,0,0,-20000,0,0,0,0,20000,-20000,-20000
06467P,旺宏統一98售01  ,0,0,0,0,0,0,0,0,0,-20000,0,0,0,0,20000,-20000,-20000
06450P,聯發科元大98售03,0,0,0,0,0,0,0,0,0,-20000,0,0,0,0,20000,-20000,-20000
06543P,鴻海元大98售08  ,0,0,0,0,0,0,0,0,0,-20000,0,0,0,5000,25000,-20000,-20000
06613P,華新科富邦9A售03,0,0,0,0,0,0,0,0,0,-20000,0,0,0,0,20000,-20000,-20000
05889P,群創元大98售02  ,0,0,0,0,0,0,0,0,0,-20000,0,0,0,5000,25000,-20000,-20000
05989P,健策元富96售01  ,0,0,0,0,0,0,0,0,0,-20000,0,0,0,0,20000,-20000,-20000
06092P,嘉聯益統一97售01,0,0,0,0,0,0,0,0,0,-20000,0,0,0,0,20000,-20000,-20000
06053P,緯穎國票97售05  ,0,0,0,0,0,0,0,0,0,-20000,0,0,0,0,20000,-20000,-20000
06205P,台積電群益97售03,0,0,0,0,0,0,0,0,0,-20000,0,0,0,0,20000,-20000,-20000
056028,GIS群益97購02   ,0,0,0,0,0,0,0,0,0,-21000,0,0,0,20000,41000,-21000,-21000
05545P,台表科國泰98售01,0,0,0,0,0,0,0,0,0,-21000,0,0,0,19000,40000,-21000,-21000
05454P,奇鋐群益95售04  ,0,0,0,0,0,0,0,0,0,-21000,0,0,0,0,21000,-21000,-21000
054743,聯鈞凱基99購01  ,0,0,0,0,0,0,0,0,0,-21000,0,0,0,4000,25000,-21000,-21000
046803,可成元大93購03  ,0,0,0,0,0,0,0,0,0,-21000,0,0,0,0,21000,-21000,-21000
046854,可成元大93購04  ,0,0,0,0,0,0,0,0,0,-21000,0,0,0,0,21000,-21000,-21000
049693,可成元大94購08  ,0,0,0,0,0,0,0,0,0,-21000,0,0,0,0,21000,-21000,-21000
047115,可成元大93購06  ,0,0,0,0,0,0,0,0,0,-21000,0,0,0,241000,262000,-21000,-21000
04654P,臺股指凱基94售13,0,0,0,0,0,0,0,0,0,-21000,0,0,0,0,21000,-21000,-21000
046584,可成元大92購11  ,0,0,0,0,0,0,0,0,0,-21000,0,0,0,0,21000,-21000,-21000
051073,同欣電國票96購01,0,0,0,0,0,0,0,0,0,-21000,0,0,0,108000,129000,-21000,-21000
050808,台達電凱基96購02,0,0,0,0,0,0,0,0,0,-21000,0,0,0,0,21000,-21000,-21000
050757,聯發科元富94購03,0,0,0,0,0,0,0,0,0,-21000,0,0,0,40000,61000,-21000,-21000
049247,光寶科元大94購02,0,0,0,0,0,0,0,0,0,-21000,0,0,0,0,21000,-21000,-21000
04871P,力成元富94售02  ,0,0,0,0,0,0,0,0,0,-21000,0,0,0,0,21000,-21000,-21000
048998,玉晶光國票95購03,0,0,0,0,0,0,0,0,0,-21000,0,0,0,148000,169000,-21000,-21000
048378,貿聯元富93購01  ,0,0,0,0,0,0,0,0,0,-21000,0,0,0,17000,38000,-21000,-21000
048560,聯發科元大94購01,0,0,0,0,0,0,0,0,0,-21000,0,0,0,76000,97000,-21000,-21000
050108,鴻海元大94購13  ,0,0,0,0,0,0,0,0,0,-21000,0,0,0,1000,22000,-21000,-21000
053880,智邦中信96購01  ,0,0,0,0,0,0,0,0,0,-21000,0,0,0,39000,60000,-21000,-21000
053753,啟碁永豐96購01  ,0,0,0,0,0,0,0,0,0,-21000,0,0,0,21000,42000,-21000,-21000
053156,緯創元大96購02  ,0,0,0,0,0,0,0,0,0,-21000,0,0,0,0,21000,-21000,-21000
052133,華邦電凱基9B購01,0,0,0,0,0,0,0,0,0,-21000,0,0,0,2000,23000,-21000,-21000
052075,旺宏元富95購03  ,0,0,0,0,0,0,0,0,0,-21000,0,0,0,32000,53000,-21000,-21000
051854,鴻海麥證95購04  ,0,0,0,2000,23000,-21000,0,0,0,-21000,0,0,0,2000,23000,-21000,-21000
052783,台郡國票97購01  ,0,0,0,0,0,0,0,0,0,-21000,0,0,0,41000,62000,-21000,-21000
06093P,華通元富97售03  ,0,0,0,0,0,0,0,0,0,-21000,0,0,0,0,21000,-21000,-21000
05981P,可成永昌98售02  ,0,0,0,0,0,0,0,0,0,-21000,0,0,0,16000,37000,-21000,-21000
06485P,玉晶光群益9A售02,0,0,0,0,0,0,0,0,0,-21000,0,0,0,10000,31000,-21000,-21000
06259P,臺股指群益97售12,0,0,0,0,0,0,0,0,0,-21000,0,0,0,6000,27000,-21000,-21000
05797P,臺股指群益96售11,0,0,0,0,0,0,0,0,0,-21000,0,0,0,10000,31000,-21000,-21000
05670P,台積電國票98售01,0,0,0,0,0,0,0,0,0,-21000,0,0,0,60000,81000,-21000,-21000
056687,元大金統一98購01,0,0,0,0,0,0,0,0,0,-21000,0,0,0,10000,31000,-21000,-21000
056669,貿聯國票99購01  ,0,0,0,0,0,0,0,0,0,-21000,0,0,0,35000,56000,-21000,-21000
2059,川湖            ,44000,67000,-23000,0,0,0,0,0,0,2000,3000,0,3000,0,1000,-1000,-21000
3015,全漢            ,4000,25000,-21000,0,0,0,0,0,0,0,0,0,0,0,0,0,-21000
8101,華冠            ,20000,41000,-21000,0,0,0,0,0,0,0,0,0,0,0,0,0,-21000
056558,台達電群益98購01,0,0,0,0,0,0,0,0,0,-22000,0,0,0,20000,42000,-22000,-22000
05637P,聯電元大96售04  ,0,0,0,0,0,0,0,0,0,-22000,0,0,0,69000,91000,-22000,-22000
056097,訊芯元富97購02  ,0,0,0,0,0,0,0,0,0,-22000,0,0,0,10000,32000,-22000,-22000
056131,鴻海元大97購12  ,0,0,0,0,0,0,0,0,0,-22000,0,0,0,20000,42000,-22000,-22000
046674,訊芯元大93購01  ,0,0,0,0,0,0,0,0,0,-22000,0,0,0,11000,33000,-22000,-22000
04610P,世紀鋼永豐94售03,0,0,0,0,0,0,0,0,0,-22000,0,0,0,0,22000,-22000,-22000
046147,道瓊指中信96購02,0,0,0,0,0,0,0,0,0,-22000,0,0,0,0,22000,-22000,-22000
046428,矽力元大92購02  ,0,0,0,0,0,0,0,0,0,-22000,0,0,0,77000,99000,-22000,-22000
049690,義隆元大95購02  ,0,0,0,0,0,0,0,0,0,-22000,0,0,0,32000,54000,-22000,-22000
046792,京元電元富96購01,0,0,0,0,0,0,0,0,0,-22000,0,0,0,172000,194000,-22000,-22000
04546P,台積電元大94售09,0,0,0,0,0,0,0,0,0,-22000,0,0,0,0,22000,-22000,-22000
04132P,瑞昱群益93售04  ,0,0,0,0,0,0,0,0,0,-22000,0,0,0,0,22000,-22000,-22000
049952,強茂群益94購01  ,0,0,0,0,0,0,0,0,0,-22000,0,0,0,0,22000,-22000,-22000
048875,晶相光國票94購01,0,0,0,0,0,0,0,0,0,-22000,0,0,0,0,22000,-22000,-22000
048849,光寶科群益94購01,0,0,0,0,0,0,0,0,0,-22000,0,0,0,0,22000,-22000,-22000
048476,同欣電永豐93購01,0,0,0,0,0,0,0,0,0,-22000,0,0,0,101000,123000,-22000,-22000
048683,日月光富邦93購01,0,0,0,0,0,0,0,0,0,-22000,0,0,0,0,22000,-22000,-22000
050770,全新元大94購04  ,0,0,0,0,0,0,0,0,0,-22000,0,0,0,295000,317000,-22000,-22000
051197,光寶科麥證95購01,0,0,0,0,22000,-22000,0,0,0,-22000,0,0,0,0,22000,-22000,-22000
051232,貿聯群益95購02  ,0,0,0,0,0,0,0,0,0,-22000,0,0,0,22000,44000,-22000,-22000
051481,聯詠凱基95購02  ,0,0,0,0,0,0,0,0,0,-22000,0,0,0,0,22000,-22000,-22000
051399,玉晶光台新96購01,0,0,0,0,0,0,0,0,0,-22000,0,0,0,11000,33000,-22000,-22000
051268,創意富邦97購01  ,0,0,0,0,0,0,0,0,0,-22000,0,0,0,408000,430000,-22000,-22000
052687,國泰金元大96購03,0,0,0,0,0,0,0,0,0,-22000,0,0,0,156000,178000,-22000,-22000
05231P,GIS群益95售03   ,0,0,0,0,0,0,0,0,0,-22000,0,0,0,0,22000,-22000,-22000
05243P,鴻海元大95售19  ,0,0,0,0,0,0,0,0,0,-22000,0,0,0,240000,262000,-22000,-22000
051869,康控凱基96購01  ,0,0,0,0,0,0,0,0,0,-22000,0,0,0,0,22000,-22000,-22000
053105,鴻海兆豐97購01  ,0,0,0,0,0,0,0,0,0,-22000,0,0,0,0,22000,-22000,-22000
053467,鴻海元大96購20  ,0,0,0,0,0,0,0,0,0,-22000,0,0,0,383000,405000,-22000,-22000
053867,創意元大96購04  ,0,0,0,0,0,0,0,0,0,-22000,0,0,0,133000,155000,-22000,-22000
054063,聯茂國票97購02  ,0,0,0,0,0,0,0,0,0,-22000,0,0,0,100000,122000,-22000,-22000
054051,貿聯元大97購03  ,0,0,0,0,0,0,0,0,0,-22000,0,0,0,32000,54000,-22000,-22000
053952,南亞科台新96購01,0,0,0,0,0,0,0,0,0,-22000,0,0,0,16000,38000,-22000,-22000
3305,昇貿            ,7000,29000,-22000,0,0,0,0,0,0,0,0,0,0,0,0,0,-22000
2476,鉅祥            ,0,27000,-27000,0,0,0,0,0,0,5000,5000,0,5000,0,0,0,-22000
06477P,緯穎國票99售02  ,0,0,0,0,0,0,0,0,0,-22000,0,0,0,0,22000,-22000,-22000
05984P,台積電統一98售01,0,0,0,0,0,0,0,0,0,-22000,0,0,0,0,22000,-22000,-22000
056450,可成凱基98購05  ,0,0,0,0,0,0,0,0,0,-23000,0,0,0,64000,87000,-23000,-23000
056573,華新科元大99購06,0,0,0,0,0,0,0,0,0,-23000,0,0,0,74000,97000,-23000,-23000
055447,華新科統一97購04,0,0,0,0,0,0,0,0,0,-23000,0,0,0,72000,95000,-23000,-23000
054800,訊芯群益99購01  ,0,0,0,0,0,0,0,0,0,-23000,0,0,0,10000,33000,-23000,-23000
054466,欣興凱基97購03  ,0,0,0,0,0,0,0,0,0,-23000,0,0,0,13000,36000,-23000,-23000
055313,南電群益97購01  ,0,0,0,0,0,0,0,0,0,-23000,0,0,0,432000,455000,-23000,-23000
054873,帆宣群益99購01  ,0,0,0,0,0,0,0,0,0,-23000,0,0,0,29000,52000,-23000,-23000
055126,嘉澤兆豐97購01  ,0,0,0,0,0,0,0,0,0,-23000,0,0,0,110000,133000,-23000,-23000
046716,欣興國泰93購03  ,0,0,0,0,0,0,0,0,0,-23000,0,0,0,120000,143000,-23000,-23000
046293,聯發科統一94購01,0,0,0,0,0,0,0,0,0,-23000,0,0,0,577000,600000,-23000,-23000
047376,南電國票94購01  ,0,0,0,0,0,0,0,0,0,-23000,0,0,0,60000,83000,-23000,-23000
051486,玉晶光凱基97購03,0,0,0,0,0,0,0,0,0,-23000,0,0,0,0,23000,-23000,-23000
051166,可成元大95購02  ,0,0,0,0,0,0,0,0,0,-23000,0,0,0,0,23000,-23000,-23000
05104P,智邦台新95售02  ,0,0,0,0,0,0,0,0,0,-23000,0,0,0,36000,59000,-23000,-23000
050797,聯發科中信99購01,0,0,0,0,0,0,0,0,0,-23000,0,0,0,23000,46000,-23000,-23000
049298,矽格群益95購01  ,0,0,0,0,0,0,0,0,0,-23000,0,0,0,32000,55000,-23000,-23000
04807P,聯茂元富94售01  ,0,0,0,0,0,0,0,0,0,-23000,0,0,0,37000,60000,-23000,-23000
048851,台達電群益94購01,0,0,0,0,0,0,0,0,0,-23000,0,0,0,36000,59000,-23000,-23000
053957,瑞昱永豐96購01  ,0,0,0,0,0,0,0,0,0,-23000,0,0,0,20000,43000,-23000,-23000
053984,康友元大96購05  ,0,0,0,0,0,0,0,0,0,-23000,0,0,0,85000,108000,-23000,-23000
052449,創意元大95購04  ,0,0,0,0,0,0,0,0,0,-23000,0,0,0,53000,76000,-23000,-23000
052240,臻鼎國票96購03  ,0,0,0,0,0,0,0,0,0,-23000,0,0,0,10000,33000,-23000,-23000
05916P,聯發科元大96售20,0,0,0,0,0,0,0,0,0,-23000,0,0,0,0,23000,-23000,-23000
05881P,彩晶康和96售01  ,0,0,0,0,0,0,0,0,0,-23000,0,0,0,0,23000,-23000,-23000
06211P,鴻海元大98售04  ,0,0,0,0,0,0,0,0,0,-23000,0,0,0,165000,188000,-23000,-23000
1108,幸福            ,0,21000,-21000,0,0,0,0,0,0,-2000,0,2000,-2000,0,0,0,-23000
06333P,臺股指群益9C售02,0,0,0,0,0,0,0,0,0,-23000,0,0,0,0,23000,-23000,-23000
056775,康控元大99購01  ,0,0,0,0,0,0,0,0,0,-23000,0,0,0,254000,277000,-23000,-23000
057053,立積元大98購02  ,0,0,0,0,0,0,0,0,0,-23000,0,0,0,0,23000,-23000,-23000
057103,禾伸堂中信9A購01,0,0,0,0,0,0,0,0,0,-23000,0,0,0,0,23000,-23000,-23000
2489,瑞軒            ,298000,349000,-51000,0,0,0,0,0,0,28000,28000,0,28000,0,0,0,-23000
2616,山隆            ,0,23000,-23000,0,0,0,0,0,0,0,0,0,0,0,0,0,-23000
3617,碩天            ,16000,40000,-24000,0,0,0,0,0,0,1000,1000,0,1000,0,0,0,-23000
9940,信義            ,9000,61000,-52000,0,0,0,0,0,0,29000,29000,0,29000,0,0,0,-23000
4560,強信-KY         ,83000,106000,-23000,0,0,0,0,0,0,0,0,0,0,0,0,0,-23000
055077,臺股指永豐97購02,0,0,0,0,0,0,0,0,0,-24000,0,0,0,6000,30000,-24000,-24000
054886,大毅統一97購01  ,0,0,0,0,0,0,0,0,0,-24000,0,0,0,26000,50000,-24000,-24000
054357,可成兆豐97購02  ,0,0,0,0,0,0,0,0,0,-24000,0,0,0,16000,40000,-24000,-24000
05422P,大立光中信97售02,0,0,0,0,0,0,0,0,0,-24000,0,0,0,2000,26000,-24000,-24000
054518,亞光元大97購01  ,0,0,0,0,0,0,0,0,0,-24000,0,0,0,230000,254000,-24000,-24000
055725,嘉聯益元大98購03,0,0,0,0,0,0,0,0,0,-24000,0,0,0,76000,100000,-24000,-24000
055674,南港康和97購02  ,0,0,0,0,0,0,0,0,0,-24000,0,0,0,98000,122000,-24000,-24000
056421,鴻海統一98購08  ,0,0,0,0,0,0,0,0,0,-24000,0,0,0,72000,96000,-24000,-24000
056172,鴻海元富97購11  ,0,0,0,0,0,0,0,0,0,-24000,0,0,0,0,24000,-24000,-24000
056276,同欣電國泰98購01,0,0,0,0,0,0,0,0,0,-24000,0,0,0,22000,46000,-24000,-24000
03947P,新光金國泰94售01,0,0,0,0,0,0,0,0,0,-24000,0,0,0,0,24000,-24000,-24000
044848,華邦電統一94購01,0,0,0,0,0,0,0,0,0,-24000,0,0,0,0,24000,-24000,-24000
049800,瑞昱元大94購05  ,0,0,0,0,0,0,0,0,0,-24000,0,0,0,15000,39000,-24000,-24000
050895,聯發科元大97購01,0,0,0,0,0,0,0,0,0,-24000,0,0,0,308000,332000,-24000,-24000
049220,聯發科國票95購02,0,0,0,0,0,0,0,0,0,-24000,0,0,0,36000,60000,-24000,-24000
048137,力成國票93購01  ,0,0,0,0,0,0,0,0,0,-24000,0,0,0,0,24000,-24000,-24000
051759,全新元大95購04  ,0,0,0,0,0,0,0,0,0,-24000,0,0,0,87000,111000,-24000,-24000
053818,富邦金群益98購01,0,0,0,0,0,0,0,0,0,-24000,0,0,0,30000,54000,-24000,-24000
8422,可寧衛          ,8000,36000,-28000,0,0,0,0,0,0,4000,4000,0,4000,0,0,0,-24000
910322,康師傅-DR       ,13000,37000,-24000,0,0,0,0,0,0,0,0,0,0,0,0,0,-24000
2204,中華            ,198000,244000,-46000,0,0,0,0,0,0,22000,22000,0,22000,0,0,0,-24000
057100,國巨中信9A購02  ,0,0,0,0,0,0,0,0,0,-24000,0,0,0,0,24000,-24000,-24000
06083P,華通統一98售02  ,0,0,0,0,0,0,0,0,0,-24000,0,0,0,11000,35000,-24000,-24000
5305,敦南            ,20000,52718,-32718,0,0,0,0,0,0,8000,8000,0,8000,0,0,0,-24718
056293,上銀元大97購10  ,0,0,0,0,0,0,0,0,0,-25000,0,0,0,71000,96000,-25000,-25000
056125,旺宏國票98購02  ,0,0,0,0,0,0,0,0,0,-25000,0,0,0,0,25000,-25000,-25000
056065,奇鋐元大97購01  ,0,0,0,0,0,0,0,0,0,-25000,0,0,0,80000,105000,-25000,-25000
05639P,欣興統一97售01  ,0,0,0,0,0,0,0,0,0,-25000,0,0,0,20000,45000,-25000,-25000
056407,嘉晶國票99購01  ,0,0,0,0,0,0,0,0,0,-25000,0,0,0,30000,55000,-25000,-25000
055584,國巨元大97購11  ,0,0,0,0,0,0,0,0,0,-25000,0,0,0,33000,58000,-25000,-25000
055525,國巨群益98購05  ,0,0,0,0,0,0,0,0,0,-25000,0,0,0,249000,274000,-25000,-25000
055974,上銀統一97購05  ,0,0,0,0,0,0,0,0,0,-25000,0,0,0,83000,108000,-25000,-25000
055848,大立光元大97購11,0,0,0,0,0,0,0,0,0,-25000,0,0,0,0,25000,-25000,-25000
054621,華新科兆豐98購01,0,0,0,0,0,0,0,0,0,-25000,0,0,0,15000,40000,-25000,-25000
054755,世紀鋼凱基98購01,0,0,0,0,0,0,0,0,0,-25000,0,0,0,1000,26000,-25000,-25000
05429P,鴻海統一95售16  ,0,0,0,0,0,0,0,0,0,-25000,0,0,0,8000,33000,-25000,-25000
055080,正崴中信99購01  ,0,0,0,0,0,0,0,0,0,-25000,0,0,0,0,25000,-25000,-25000
055083,康友中信97購01  ,0,0,0,0,0,0,0,0,0,-25000,0,0,0,0,25000,-25000,-25000
055297,啟碁元大97購01  ,0,0,0,0,0,0,0,0,0,-25000,0,0,0,11000,36000,-25000,-25000
055364,矽創凱基97購03  ,0,0,0,0,0,0,0,0,0,-25000,0,0,0,33000,58000,-25000,-25000
044298,南電凱基93購01  ,0,0,0,0,0,0,0,0,0,-25000,0,0,0,0,25000,-25000,-25000
04692P,大立光群益94售06,0,0,0,0,0,0,0,0,0,-25000,0,0,0,0,25000,-25000,-25000
047804,鴻海凱基93購26  ,0,0,0,0,0,0,0,0,0,-25000,0,0,0,3000,28000,-25000,-25000
041210,群創元富93購01  ,0,0,0,0,0,0,0,0,0,-25000,0,0,0,0,25000,-25000,-25000
046552,晶技麥證92購01  ,0,0,0,0,25000,-25000,0,0,0,-25000,0,0,0,0,25000,-25000,-25000
047944,中石化元富96購01,0,0,0,0,0,0,0,0,0,-25000,0,0,0,0,25000,-25000,-25000
047434,台積電元大93購21,0,0,0,0,0,0,0,0,0,-25000,0,0,0,0,25000,-25000,-25000
04907P,超眾國票95售01  ,0,0,0,0,0,0,0,0,0,-25000,0,0,0,0,25000,-25000,-25000
050676,道瓊銀統一96購02,0,0,0,0,0,0,0,0,0,-25000,0,0,0,10000,35000,-25000,-25000
048180,聯茂亞東93購02  ,0,0,0,0,0,0,0,0,0,-25000,0,0,0,0,25000,-25000,-25000
053661,嘉澤凱基97購01  ,0,0,0,0,0,0,0,0,0,-25000,0,0,0,0,25000,-25000,-25000
054159,T50正2凱基99購01,0,0,0,0,0,0,0,0,0,-25000,0,0,0,20000,45000,-25000,-25000
054148,矽創元大96購03  ,0,0,0,0,0,0,0,0,0,-25000,0,0,0,133000,158000,-25000,-25000
053259,卜蜂群益97購01  ,0,0,0,0,0,0,0,0,0,-25000,0,0,0,0,25000,-25000,-25000
053376,鴻海元大96購19  ,0,0,0,0,0,0,0,0,0,-25000,0,0,0,163000,188000,-25000,-25000
052958,T50反1凱基99購02,0,0,0,0,0,0,0,0,0,-25000,0,0,0,0,25000,-25000,-25000
051846,S&P反1中信96購02,0,0,0,0,0,0,0,0,0,-25000,0,0,0,0,25000,-25000,-25000
052164,啟碁永豐95購01  ,0,0,0,0,0,0,0,0,0,-25000,0,0,0,0,25000,-25000,-25000
05253P,智邦凱基95售08  ,0,0,0,0,0,0,0,0,0,-25000,0,0,0,0,25000,-25000,-25000
052696,玉晶光麥證97購01,0,0,0,8000,38000,-30000,0,0,0,-25000,0,0,0,13000,38000,-25000,-25000
052771,GIS群益96購01   ,0,0,0,0,0,0,0,0,0,-25000,0,0,0,37000,62000,-25000,-25000
9925,新保            ,1000,26000,-25000,0,0,0,0,0,0,0,0,0,0,0,0,0,-25000
6591,動力-KY         ,72000,97000,-25000,0,0,0,0,0,0,0,0,0,0,0,0,0,-25000
2515,中工            ,672000,721000,-49000,0,0,0,0,0,0,24000,0,0,0,24000,0,24000,-25000
06061P,訊芯統一97售01  ,0,0,0,0,0,0,0,0,0,-25000,0,0,0,25000,50000,-25000,-25000
06165P,臺股指凱基9A售03,0,0,0,0,0,0,0,0,0,-25000,0,0,0,0,25000,-25000,-25000
05878P,創意群益98售01  ,0,0,0,0,0,0,0,0,0,-25000,0,0,0,0,25000,-25000,-25000
05880P,創意康和96售01  ,0,0,0,0,0,0,0,0,0,-25000,0,0,0,1000,26000,-25000,-25000
06001P,樺漢台新96售01  ,0,0,0,0,0,0,0,0,0,-25000,0,0,0,0,25000,-25000,-25000
06289P,臺股指國票97售03,0,0,0,0,0,0,0,0,0,-25000,0,0,0,0,25000,-25000,-25000
06240P,奇力新元富97售03,0,0,0,0,0,0,0,0,0,-25000,0,0,0,0,25000,-25000,-25000
06248P,國巨統一97售07  ,0,0,0,0,0,0,0,0,0,-25000,0,0,0,12000,37000,-25000,-25000
06379P,群創統一97售05  ,0,0,0,0,0,0,0,0,0,-25000,0,0,0,60000,85000,-25000,-25000
06369P,台積電凱基97售16,0,0,0,0,0,0,0,0,0,-25000,0,0,0,0,25000,-25000,-25000
056987,南茂群益98購01  ,0,0,0,0,0,0,0,0,0,-25000,0,0,0,0,25000,-25000,-25000
05679P,台表科群益96售05,0,0,0,0,0,0,0,0,0,-25000,0,0,0,0,25000,-25000,-25000
05668P,滬深2X永豐96售04,0,0,0,0,0,0,0,0,0,-25000,0,0,0,5000,30000,-25000,-25000
055221,矽創凱基97購02  ,0,0,0,0,0,0,0,0,0,-26000,0,0,0,111000,137000,-26000,-26000
054998,玉晶光元富97購02,0,0,0,0,0,0,0,0,0,-26000,0,0,0,50000,76000,-26000,-26000
054349,同欣電國票97購02,0,0,0,0,0,0,0,0,0,-26000,0,0,0,60000,86000,-26000,-26000
056287,亞光永豐97購02  ,0,0,0,0,0,0,0,0,0,-26000,0,0,0,63000,89000,-26000,-26000
049725,台郡國票94購03  ,0,0,0,0,0,0,0,0,0,-26000,0,0,0,36000,62000,-26000,-26000
04939P,國巨國票95售03  ,0,0,0,0,0,0,0,0,0,-26000,0,0,0,80000,106000,-26000,-26000
049525,華新科兆豐94購01,0,0,0,0,0,0,0,0,0,-26000,0,0,0,0,26000,-26000,-26000
049567,鴻海統一94購05  ,0,0,0,0,0,0,0,0,0,-26000,0,0,0,133000,159000,-26000,-26000
048506,華通群益94購03  ,0,0,0,0,0,0,0,0,0,-26000,0,0,0,110000,136000,-26000,-26000
048733,台勝科麥證95購02,0,0,0,217000,243000,-26000,0,0,0,-26000,0,0,0,217000,243000,-26000,-26000
050587,緯穎國票94購02  ,0,0,0,0,0,0,0,0,0,-26000,0,0,0,35000,61000,-26000,-26000
050092,鴻海永豐94購04  ,0,0,0,0,0,0,0,0,0,-26000,0,0,0,63000,89000,-26000,-26000
051118,台塑群益95購01  ,0,0,0,0,0,0,0,0,0,-26000,0,0,0,11000,37000,-26000,-26000
052685,技嘉元大96購01  ,0,0,0,0,0,0,0,0,0,-26000,0,0,0,0,26000,-26000,-26000
052213,富邦金元大95購01,0,0,0,0,0,0,0,0,0,-26000,0,0,0,50000,76000,-26000,-26000
051918,聯茂元大95購01  ,0,0,0,0,0,0,0,0,0,-26000,0,0,0,329000,355000,-26000,-26000
051850,臻鼎中信96購01  ,0,0,0,0,0,0,0,0,0,-26000,0,0,0,20000,46000,-26000,-26000
05183P,台積電元富95售07,0,0,0,0,0,0,0,0,0,-26000,0,0,0,10000,36000,-26000,-26000
051579,宏碁元大95購01  ,0,0,0,0,0,0,0,0,0,-26000,0,0,0,26000,52000,-26000,-26000
052962,台積電凱基97購03,0,0,0,0,0,0,0,0,0,-26000,0,0,0,0,26000,-26000,-26000
053410,啟碁兆豐96購01  ,0,0,0,0,0,0,0,0,0,-26000,0,0,0,0,26000,-26000,-26000
054139,揚明光元大96購01,0,0,0,0,0,0,0,0,0,-26000,0,0,0,0,26000,-26000,-26000
054112,台積電麥證96購02,0,0,0,144000,170000,-26000,0,0,0,-26000,0,0,0,144000,170000,-26000,-26000
054001,康友群益96購02  ,0,0,0,0,0,0,0,0,0,-26000,0,0,0,10000,36000,-26000,-26000
056768,宏達電元大99購03,0,0,0,0,0,0,0,0,0,-26000,0,0,0,0,26000,-26000,-26000
057023,美律凱基99購02  ,0,0,0,0,0,0,0,0,0,-26000,0,0,0,0,26000,-26000,-26000
05761P,嘉澤永豐96售01  ,0,0,0,0,0,0,0,0,0,-26000,0,0,0,57000,83000,-26000,-26000
06278P,臺股指凱基97售10,0,0,0,0,0,0,0,0,0,-26000,0,0,0,0,26000,-26000,-26000
1217,愛之味          ,25000,51000,-26000,0,0,0,0,0,0,0,0,0,0,0,0,0,-26000
3052,夆典            ,47000,73000,-26000,0,0,0,0,0,0,0,0,0,0,0,0,0,-26000
2233,宇隆            ,7000,15000,-8000,0,0,0,0,0,0,-18000,0,0,0,0,18000,-18000,-26000
1460,宏遠            ,15000,41000,-26000,0,0,0,0,0,0,0,0,0,0,0,0,0,-26000
056221,鴻海凱基99購01  ,0,0,0,0,0,0,0,0,0,-27000,0,0,0,68000,95000,-27000,-27000
056379,玉晶光元富98購01,0,0,0,0,0,0,0,0,0,-27000,0,0,0,3000,30000,-27000,-27000
056485,同欣電元大98購01,0,0,0,0,0,0,0,0,0,-27000,0,0,0,534000,561000,-27000,-27000
055761,創意群益97購01  ,0,20000,-20000,0,0,0,0,0,0,-7000,0,0,0,326000,333000,-7000,-27000
055498,大立光元大97購07,0,0,0,0,0,0,0,0,0,-27000,0,0,0,175000,202000,-27000,-27000
03970P,奇鋐國票93售01  ,0,0,0,0,0,0,0,0,0,-27000,0,0,0,0,27000,-27000,-27000
051061,中磊群益95購01  ,0,0,0,0,0,0,0,0,0,-27000,0,0,0,19000,46000,-27000,-27000
050959,元金2X永豐95購02,0,0,0,0,0,0,0,0,0,-27000,0,0,0,0,27000,-27000,-27000
051461,聯詠國泰96購01  ,0,0,0,0,0,0,0,0,0,-27000,0,0,0,39000,66000,-27000,-27000
048107,華通群益93購02  ,0,0,0,0,0,0,0,0,0,-27000,0,0,0,43000,70000,-27000,-27000
049198,聯鈞永豐94購01  ,0,0,0,0,0,0,0,0,0,-27000,0,0,0,110000,137000,-27000,-27000
048972,晶豪科元大94購01,0,0,0,0,0,0,0,0,0,-27000,0,0,0,30000,57000,-27000,-27000
050457,力成元大94購01  ,0,0,0,0,0,0,0,0,0,-27000,0,0,0,6000,33000,-27000,-27000
048279,聯鈞永豐93購01  ,0,0,0,0,0,0,0,0,0,-27000,0,0,0,2000,29000,-27000,-27000
048056,全新國泰94購02  ,0,0,0,0,0,0,0,0,0,-27000,0,0,0,165000,192000,-27000,-27000
053923,亞光國票97購01  ,0,0,0,0,0,0,0,0,0,-27000,0,0,0,24000,51000,-27000,-27000
053871,臻鼎元大96購03  ,0,0,0,0,0,0,0,0,0,-27000,0,0,0,17000,44000,-27000,-27000
051650,矽力永豐95購01  ,0,0,0,0,0,0,0,0,0,-27000,0,0,0,0,27000,-27000,-27000
051993,和碩元大95購03  ,0,0,0,0,0,0,0,0,0,-27000,0,0,0,100000,127000,-27000,-27000
052700,奇鋐國票97購02  ,0,0,0,0,0,0,0,0,0,-27000,0,0,0,0,27000,-27000,-27000
052666,瑞昱群益96購01  ,0,0,0,0,0,0,0,0,0,-27000,0,0,0,0,27000,-27000,-27000
052561,矽創國票97購01  ,0,0,0,0,0,0,0,0,0,-27000,0,0,0,15000,42000,-27000,-27000
1437,勤益控          ,10000,37000,-27000,0,0,0,0,0,0,0,0,0,0,0,0,0,-27000
1626,艾美特-KY       ,4000,31000,-27000,0,0,0,0,0,0,0,0,0,0,0,0,0,-27000
1608,華榮            ,2000,29000,-27000,0,0,0,0,0,0,0,0,0,0,0,0,0,-27000
3518,柏騰            ,66000,92000,-26000,0,0,0,0,0,0,-1000,0,1000,-1000,0,0,0,-27000
05877P,大立光群益96售06,0,0,0,0,0,0,0,0,0,-27000,0,0,0,0,27000,-27000,-27000
057181,亞光元大98購02  ,0,0,0,0,0,0,0,0,0,-27000,0,0,0,40000,67000,-27000,-27000
056831,元油2X元富98購11,0,0,0,0,0,0,0,0,0,-27000,0,0,0,10000,37000,-27000,-27000
056846,晶相光元富98購01,0,0,0,0,0,0,0,0,0,-27000,0,0,0,78000,105000,-27000,-27000
055797,華通富邦98購01  ,0,0,0,0,0,0,0,0,0,-28000,0,0,0,2000,30000,-28000,-28000
056500,大立光富邦9B購02,0,0,0,0,0,0,0,0,0,-28000,0,0,0,51000,79000,-28000,-28000
056543,京鼎凱基98購01  ,0,0,0,0,0,0,0,0,0,-28000,0,0,0,26000,54000,-28000,-28000
056146,台虹元大98購01  ,0,0,0,0,0,0,0,0,0,-28000,0,0,0,74000,102000,-28000,-28000
054382,康控群益96購03  ,0,0,0,0,0,0,0,0,0,-28000,0,0,0,147000,175000,-28000,-28000
054637,智邦中信98購01  ,0,0,0,0,0,0,0,0,0,-28000,0,0,0,62000,90000,-28000,-28000
055377,揚明光元大98購01,0,0,0,0,0,0,0,0,0,-28000,0,0,0,129000,157000,-28000,-28000
04267P,康控元富93售04  ,0,0,0,0,0,0,0,0,0,-28000,0,0,0,0,28000,-28000,-28000
03180P,台灣50元大01售39,0,0,0,0,0,0,0,0,0,-28000,0,0,0,0,28000,-28000,-28000
04687P,全新凱基94售02  ,0,0,0,0,0,0,0,0,0,-28000,0,0,0,23000,51000,-28000,-28000
048860,玉晶光群益96購03,0,0,0,0,0,0,0,0,0,-28000,0,0,0,22000,50000,-28000,-28000
048622,南電凱基93購07  ,0,0,0,0,0,0,0,0,0,-28000,0,0,0,100000,128000,-28000,-28000
048641,美律元大94購01  ,0,0,0,0,0,0,0,0,0,-28000,0,0,0,155000,183000,-28000,-28000
052346,訊芯凱基95購01  ,0,0,0,0,0,0,0,0,0,-28000,0,0,0,69000,97000,-28000,-28000
052005,矽力國泰97購02  ,0,0,0,0,0,0,0,0,0,-28000,0,0,0,12000,40000,-28000,-28000
051902,T50反1元大97購01,0,0,0,0,0,0,0,0,0,-28000,0,0,0,77000,105000,-28000,-28000
051673,玉晶光元大96購04,0,0,0,0,0,0,0,0,0,-28000,0,0,0,184000,212000,-28000,-28000
053619,和碩群益96購01  ,0,0,0,0,0,0,0,0,0,-28000,0,0,0,22000,50000,-28000,-28000
053175,矽力群益96購01  ,0,0,0,0,0,0,0,0,0,-28000,0,0,0,111000,139000,-28000,-28000
056777,矽力元大98購02  ,0,0,0,0,0,0,0,0,0,-28000,0,0,0,6000,34000,-28000,-28000
05784P,臺股指元大96售18,0,0,0,0,0,0,0,0,0,-28000,0,0,0,2000,30000,-28000,-28000
057106,美律群益98購03  ,0,0,0,0,0,0,0,0,0,-28000,0,0,0,20000,48000,-28000,-28000
05954P,旺宏國票97售03  ,0,0,0,0,0,0,0,0,0,-28000,0,0,0,0,28000,-28000,-28000
05961P,鴻海群益97售01  ,0,0,0,0,0,0,0,0,0,-28000,0,0,0,0,28000,-28000,-28000
06231P,台積電永豐97售05,0,0,0,0,0,0,0,0,0,-28000,0,0,0,28000,56000,-28000,-28000
06209P,旺宏統一97售07  ,0,0,0,0,0,0,0,0,0,-28000,0,0,0,66000,94000,-28000,-28000
06134P,緯穎元富97售03  ,0,0,0,0,0,0,0,0,0,-28000,0,0,0,2000,30000,-28000,-28000
6452,康友-KY         ,305000,405000,-100000,0,0,0,0,0,0,72000,17000,0,17000,81000,26000,55000,-28000
055044,信錦永豐97購01  ,0,0,0,0,0,0,0,0,0,-29000,0,0,0,0,29000,-29000,-29000
055091,微星群益97購01  ,0,0,0,0,0,0,0,0,0,-29000,0,0,0,11000,40000,-29000,-29000
054511,香港反元大98購01,0,0,0,0,0,0,0,0,0,-29000,0,0,0,0,29000,-29000,-29000
054398,牧德永豐96購03  ,0,0,0,0,0,0,0,0,0,-29000,0,0,0,74000,103000,-29000,-29000
046954,同欣電國票93購01,0,0,0,0,0,0,0,0,0,-29000,0,0,0,77000,106000,-29000,-29000
046949,群創元大99購01  ,0,0,0,0,0,0,0,0,0,-29000,0,0,0,106000,135000,-29000,-29000
045015,玉晶光元大94購01,0,0,0,0,0,0,0,0,0,-29000,0,0,0,52000,81000,-29000,-29000
04322P,可成元大94售01  ,0,0,0,0,0,0,0,0,0,-29000,0,0,0,16000,45000,-29000,-29000
048019,GIS麥證94購01   ,0,0,0,2000,39000,-37000,0,0,0,-29000,0,0,0,11000,40000,-29000,-29000
046989,可成凱基93購03  ,0,0,0,0,0,0,0,0,0,-29000,0,0,0,0,29000,-29000,-29000
04946P,華通元大94售04  ,0,0,0,0,0,0,0,0,0,-29000,0,0,0,100000,129000,-29000,-29000
049935,南電元大94購08  ,0,0,0,0,0,0,0,0,0,-29000,0,0,0,207000,236000,-29000,-29000
051069,智邦國票96購01  ,0,0,0,0,0,0,0,0,0,-29000,0,0,0,24000,53000,-29000,-29000
053384,聯發科元大96購13,0,0,0,0,0,0,0,0,0,-29000,0,0,0,656000,685000,-29000,-29000
053785,聯詠元大96購05  ,0,0,0,0,0,0,0,0,0,-29000,0,0,0,132000,161000,-29000,-29000
053947,義隆富邦97購01  ,0,0,0,0,0,0,0,0,0,-29000,0,0,0,90000,119000,-29000,-29000
05162P,玉晶光國票96售03,0,0,0,0,0,0,0,0,0,-29000,0,0,0,200000,229000,-29000,-29000
052295,揚明光國票96購03,0,0,0,0,0,0,0,0,0,-29000,0,0,0,0,29000,-29000,-29000
2010,春源            ,2000,23000,-21000,0,0,0,0,0,0,-8000,0,8000,-8000,0,0,0,-29000
056659,泰碩元大99購01  ,0,0,0,0,0,0,0,0,0,-29000,0,0,0,0,29000,-29000,-29000
056845,揚明光元富98購01,0,0,0,0,0,0,0,0,0,-29000,0,0,0,0,29000,-29000,-29000
05441P,華通元大95售09  ,0,0,0,0,0,0,0,0,0,-30000,0,0,0,0,30000,-30000,-30000
054315,訊芯凱基98購01  ,0,0,0,0,0,0,0,0,0,-30000,0,0,0,0,30000,-30000,-30000
054317,昇陽半凱基98購01,0,0,0,0,0,0,0,0,0,-30000,0,0,0,12000,42000,-30000,-30000
054195,亞泥國泰98購01  ,0,0,0,0,0,0,0,0,0,-30000,0,0,0,50000,80000,-30000,-30000
054591,GIS國泰98購01   ,0,0,0,0,0,0,0,0,0,-30000,0,0,0,11000,41000,-30000,-30000
054761,台光電國票98購02,0,0,0,0,0,0,0,0,0,-30000,0,0,0,13000,43000,-30000,-30000
054710,東元元富97購01  ,0,0,0,0,0,0,0,0,0,-30000,0,0,0,10000,40000,-30000,-30000
054822,祥碩元大97購01  ,0,0,0,0,0,0,0,0,0,-30000,0,0,0,16000,46000,-30000,-30000
055405,華泰國泰98購01  ,0,0,0,0,0,0,0,0,0,-30000,0,0,0,0,30000,-30000,-30000
055258,玉晶光統一97購03,0,0,0,0,0,0,0,0,0,-30000,0,0,0,0,30000,-30000,-30000
05525P,奇力新群益96售02,0,0,0,0,0,0,0,0,0,-30000,0,0,0,0,30000,-30000,-30000
056232,瑞儀凱基98購01  ,0,0,0,0,0,0,0,0,0,-30000,0,0,0,10000,40000,-30000,-30000
056537,冠德凱基98購01  ,0,0,0,0,0,0,0,0,0,-30000,0,0,0,0,30000,-30000,-30000
055747,康舒元富97購01  ,0,0,0,0,0,0,0,0,0,-30000,0,0,0,0,30000,-30000,-30000
055743,TPK元富98購01   ,0,0,0,0,0,0,0,0,0,-30000,0,0,0,216000,246000,-30000,-30000
055887,上銀統一97購03  ,0,0,0,0,0,0,0,0,0,-30000,0,0,0,0,30000,-30000,-30000
055969,彩晶元大99購02  ,0,0,0,0,0,0,0,0,0,-30000,0,0,0,0,30000,-30000,-30000
055936,彩晶群益98購02  ,0,0,0,0,0,0,0,0,0,-30000,0,0,0,0,30000,-30000,-30000
05550P,臺股指元大96售07,0,0,0,0,0,0,0,0,0,-30000,0,0,0,0,30000,-30000,-30000
046299,大立光富邦93購04,0,0,0,0,0,0,0,0,0,-30000,0,0,0,0,30000,-30000,-30000
047013,超眾元富96購01  ,0,0,0,0,0,0,0,0,0,-30000,0,0,0,0,30000,-30000,-30000
046264,美律凱基93購05  ,0,0,0,0,0,0,0,0,0,-30000,0,0,0,62000,92000,-30000,-30000
047066,力成凱基93購04  ,0,0,0,0,0,0,0,0,0,-30000,0,0,0,0,30000,-30000,-30000
046504,聯發科元大92購19,0,0,0,0,0,0,0,0,0,-30000,0,0,0,0,30000,-30000,-30000
046575,GIS國泰93購01   ,0,0,0,0,0,0,0,0,0,-30000,0,0,0,0,30000,-30000,-30000
046597,可成亞東93購01  ,0,0,0,0,0,0,0,0,0,-30000,0,0,0,0,30000,-30000,-30000
046750,鴻海凱基93購17  ,0,0,0,0,0,0,0,0,0,-30000,0,0,0,0,30000,-30000,-30000
047979,中石化群益95購01,0,0,0,0,0,0,0,0,0,-30000,0,0,0,0,30000,-30000,-30000
047369,漢唐國票94購01  ,0,0,0,0,0,0,0,0,0,-30000,0,0,0,0,30000,-30000,-30000
047167,農林康和93購01  ,0,0,0,0,0,0,0,0,0,-30000,0,0,0,0,30000,-30000,-30000
045893,貿聯元大92購04  ,0,0,0,0,0,0,0,0,0,-30000,0,0,0,30000,60000,-30000,-30000
04638P,臺股指群益94售13,0,0,0,0,0,0,0,0,0,-30000,0,0,0,0,30000,-30000,-30000
049547,新光金群益94購01,0,0,0,0,0,0,0,0,0,-30000,0,0,0,0,30000,-30000,-30000
049613,華通中信94購01  ,0,0,0,0,0,0,0,0,0,-30000,0,0,0,99000,129000,-30000,-30000
04341P,美律永豐93售03  ,0,0,0,0,0,0,0,0,0,-30000,0,0,0,0,30000,-30000,-30000
043641,深中小國票94購01,0,0,0,0,0,0,0,0,0,-30000,0,0,0,0,30000,-30000,-30000
044010,華通凱基93購01  ,0,0,0,0,0,0,0,0,0,-30000,0,0,0,67000,97000,-30000,-30000
043970,為升富邦94購01  ,0,0,0,0,0,0,0,0,0,-30000,0,0,0,0,30000,-30000,-30000
044683,聯鈞凱基93購01  ,0,0,0,0,0,0,0,0,0,-30000,0,0,0,0,30000,-30000,-30000
044265,滬深2X中信95購05,0,0,0,0,0,0,0,0,0,-30000,0,0,0,0,30000,-30000,-30000
047745,廣宇元富93購01  ,0,0,0,0,0,0,0,0,0,-30000,0,0,0,0,30000,-30000,-30000
047872,貿聯永豐93購02  ,0,0,0,0,0,0,0,0,0,-30000,0,0,0,0,30000,-30000,-30000
047870,嘉澤永豐93購02  ,0,0,0,0,0,0,0,0,0,-30000,0,0,0,0,30000,-30000,-30000
046831,大立光群益94購01,0,0,0,0,0,0,0,0,0,-30000,0,0,0,0,30000,-30000,-30000
044347,上証2X元大94購01,0,0,0,0,0,0,0,0,0,-30000,0,0,0,0,30000,-30000,-30000
045053,聯發科元富98購01,5000,0,5000,0,0,0,0,0,0,-35000,0,0,0,263000,298000,-35000,-30000
042994,葡萄王元大94購02,0,0,0,0,0,0,0,0,0,-30000,0,0,0,0,30000,-30000,-30000
04557P,茂林群益94售03  ,0,0,0,0,0,0,0,0,0,-30000,0,0,0,0,30000,-30000,-30000
045608,鴻海群益93購02  ,0,0,0,0,0,0,0,0,0,-30000,0,0,0,0,30000,-30000,-30000
045568,上証2X元大95購01,0,0,0,0,0,0,0,0,0,-30000,0,0,0,20000,50000,-30000,-30000
045361,鈺齊凱基93購01  ,0,0,0,0,0,0,0,0,0,-30000,0,0,0,10000,40000,-30000,-30000
045410,華邦電群益94購01,0,0,0,0,0,0,0,0,0,-30000,0,0,0,0,30000,-30000,-30000
045173,A50正2國票95購01,0,0,0,0,0,0,0,0,0,-30000,0,0,0,0,30000,-30000,-30000
051071,聯發科國票96購01,0,0,0,0,0,0,0,0,0,-30000,0,0,0,2000,32000,-30000,-30000
051021,啟碁凱基95購02  ,0,0,0,0,0,0,0,0,0,-30000,0,0,0,0,30000,-30000,-30000
051237,鴻海元大97購01  ,0,0,0,0,0,0,0,0,0,-30000,0,0,0,801000,831000,-30000,-30000
051491,貿聯凱基95購01  ,0,0,0,0,0,0,0,0,0,-30000,0,0,0,40000,70000,-30000,-30000
051493,台郡凱基95購02  ,0,0,0,0,0,0,0,0,0,-30000,0,0,0,0,30000,-30000,-30000
05131P,聯詠統一97售01  ,0,0,0,0,0,0,0,0,0,-30000,0,0,0,0,30000,-30000,-30000
049213,滬深2X國票94購02,0,0,0,0,0,0,0,0,0,-30000,0,0,0,0,30000,-30000,-30000
050641,上証反凱基96購01,0,0,0,0,0,0,0,0,0,-30000,0,0,0,0,30000,-30000,-30000
050617,神基元大94購01  ,0,0,0,0,0,0,0,0,0,-30000,0,0,0,105000,135000,-30000,-30000
049281,嘉聯益國票95購01,0,0,0,0,0,0,0,0,0,-30000,0,0,0,0,30000,-30000,-30000
04927P,大立光凱基95售06,0,0,0,0,0,0,0,0,0,-30000,0,0,0,0,30000,-30000,-30000
050807,群臺反凱基95購01,0,0,0,0,0,0,0,0,0,-30000,0,0,0,0,30000,-30000,-30000
050713,矽格麥證94購01  ,0,0,0,3000,33000,-30000,0,0,0,-30000,0,0,0,3000,33000,-30000,-30000
048870,義隆國票96購01  ,0,0,0,0,0,0,0,0,0,-30000,0,0,0,10000,40000,-30000,-30000
049959,創意統一95購02  ,0,0,0,0,0,0,0,0,0,-30000,0,0,0,0,30000,-30000,-30000
049837,臺股指凱基96購02,0,0,0,0,0,0,0,0,0,-30000,0,0,0,0,30000,-30000,-30000
049833,正文凱基94購05  ,0,0,0,0,0,0,0,0,0,-30000,0,0,0,0,30000,-30000,-30000
048072,GIS元富93購05   ,0,0,0,0,0,0,0,0,0,-30000,0,0,0,0,30000,-30000,-30000
05017P,臺股指元大95售08,0,0,0,0,0,0,0,0,0,-30000,0,0,0,0,30000,-30000,-30000
050211,貿聯國票95購01  ,0,0,0,0,0,0,0,0,0,-30000,0,0,0,10000,40000,-30000,-30000
048495,南亞科元大93購04,0,0,0,0,0,0,0,0,0,-30000,0,0,0,0,30000,-30000,-30000
048380,T50反1國票94購02,0,0,0,0,0,0,0,0,0,-30000,0,0,0,0,30000,-30000,-30000
050479,上証2X國票95購02,0,0,0,0,0,0,0,0,0,-30000,0,0,0,0,30000,-30000,-30000
050577,美律國票94購03  ,0,0,0,0,0,0,0,0,0,-30000,0,0,0,6000,36000,-30000,-30000
050114,群創元大95購01  ,0,0,0,0,0,0,0,0,0,-30000,0,0,0,28000,58000,-30000,-30000
050123,群臺反凱基96購01,0,0,0,0,0,0,0,0,0,-30000,0,0,0,0,30000,-30000,-30000
048631,遠東新元大93購01,0,0,0,0,0,0,0,0,0,-30000,0,0,0,0,30000,-30000,-30000
049017,旺宏群益96購03  ,0,0,0,0,0,0,0,0,0,-30000,0,0,0,16000,46000,-30000,-30000
05230P,京元電群益95售01,0,0,0,0,0,0,0,0,0,-30000,0,0,0,6000,36000,-30000,-30000
052494,百和中信95購02  ,0,0,0,0,0,0,0,0,0,-30000,0,0,0,0,30000,-30000,-30000
052441,亞泥元大95購01  ,0,0,0,0,0,0,0,0,0,-30000,0,0,0,25000,55000,-30000,-30000
052427,上証2X永豐96購01,0,0,0,0,0,0,0,0,0,-30000,0,0,0,0,30000,-30000,-30000
05258P,臺股指凱基96售11,0,0,0,0,0,0,0,0,0,-30000,0,0,0,0,30000,-30000,-30000
05277P,深中小統一95售02,0,0,0,0,0,0,0,0,0,-30000,0,0,0,0,30000,-30000,-30000
052798,滬深2X元大96購07,0,0,0,0,0,0,0,0,0,-30000,0,0,0,0,30000,-30000,-30000
051610,GIS群益95購02   ,0,0,0,0,0,0,0,0,0,-30000,0,0,0,0,30000,-30000,-30000
051683,A50正2凱基97購01,0,0,0,0,0,0,0,0,0,-30000,0,0,0,0,30000,-30000,-30000
051769,矽力元大95購01  ,0,0,0,0,0,0,0,0,0,-30000,0,0,0,2000,32000,-30000,-30000
051743,揚明光國票96購02,0,0,0,0,0,0,0,0,0,-30000,0,0,0,0,30000,-30000,-30000
051896,柏文元富95購01  ,0,0,0,0,0,0,0,0,0,-30000,0,0,0,0,30000,-30000,-30000
051923,聯發科日盛95購02,0,0,0,0,0,0,0,0,0,-30000,0,0,0,1000,31000,-30000,-30000
051913,緯創元大96購01  ,0,0,0,0,0,0,0,0,0,-30000,0,0,0,100000,130000,-30000,-30000
051940,康舒群益95購01  ,0,0,0,0,0,0,0,0,0,-30000,0,0,0,0,30000,-30000,-30000
052004,泰碩國泰97購03  ,0,0,0,0,0,0,0,0,0,-30000,0,0,0,20000,50000,-30000,-30000
052183,華邦電群益95購01,0,0,0,0,0,0,0,0,0,-30000,0,0,0,0,30000,-30000,-30000
053900,T50反1日盛99購01,0,0,0,0,0,0,0,0,0,-30000,0,0,0,0,30000,-30000,-30000
054015,晶豪科永豐96購03,0,0,0,0,0,0,0,0,0,-30000,0,0,0,0,30000,-30000,-30000
05403P,台積電富邦95售08,0,0,0,0,0,0,0,0,0,-30000,0,0,0,0,30000,-30000,-30000
053374,台達電元大96購03,0,0,0,0,0,0,0,0,0,-30000,0,0,0,100000,130000,-30000,-30000
053360,上証2X元富96購01,0,0,0,0,0,0,0,0,0,-30000,0,0,0,0,30000,-30000,-30000
05325P,臺股指凱基95售09,0,0,0,0,0,0,0,0,0,-30000,0,0,0,0,30000,-30000,-30000
053288,臺股指元大96購16,0,0,0,0,0,0,0,0,0,-30000,0,0,0,0,30000,-30000,-30000
053303,建準凱基96購03  ,0,0,0,0,0,0,0,0,0,-30000,0,0,0,0,30000,-30000,-30000
053010,鴻海統一96購11  ,0,0,0,0,0,0,0,0,0,-30000,0,0,0,0,30000,-30000,-30000
053074,嘉晶永豐96購02  ,0,0,0,0,0,0,0,0,0,-30000,0,0,0,10000,40000,-30000,-30000
056915,上銀兆豐99購01  ,0,0,0,0,0,0,0,0,0,-30000,0,0,0,101000,131000,-30000,-30000
056663,臺股指元大9A購10,0,0,0,0,0,0,0,0,0,-30000,0,0,0,0,30000,-30000,-30000
056751,和大兆豐98購01  ,0,0,0,0,0,0,0,0,0,-30000,0,0,0,120000,150000,-30000,-30000
05730P,臺股指凱基97售03,0,0,0,0,0,0,0,0,0,-30000,0,0,0,0,30000,-30000,-30000
05791P,臺股指中信99售06,0,0,0,0,0,0,0,0,0,-30000,0,0,0,0,30000,-30000,-30000
057137,鈺齊凱基98購01  ,0,0,0,0,0,0,0,0,0,-30000,0,0,0,0,30000,-30000,-30000
06107P,美律群益98售02  ,0,0,0,0,0,0,0,0,0,-30000,0,0,0,0,30000,-30000,-30000
06171P,台積電統一97售06,0,0,0,0,0,0,0,0,0,-30000,0,0,0,0,30000,-30000,-30000
06145P,華新科永豐97售02,0,0,0,0,0,0,0,0,0,-30000,0,0,0,0,30000,-30000,-30000
06153P,健策元大97售04  ,0,0,0,0,0,0,0,0,0,-30000,0,0,0,40000,70000,-30000,-30000
06042P,華新科永豐96售04,0,0,0,0,0,0,0,0,0,-30000,0,0,0,100000,130000,-30000,-30000
05869P,旺宏凱基96售05  ,0,0,0,0,0,0,0,0,0,-30000,0,0,0,0,30000,-30000,-30000
05871P,全新凱基96售04  ,0,0,0,0,0,0,0,0,0,-30000,0,0,0,0,30000,-30000,-30000
05843P,台積電元大96售16,0,0,0,0,0,0,0,0,0,-30000,0,0,0,159000,189000,-30000,-30000
06474P,鴻海富邦98售03  ,0,0,0,0,0,0,0,0,0,-30000,0,0,0,0,30000,-30000,-30000
06523P,台積電麥證98售02,0,0,0,0,30000,-30000,0,0,0,-30000,0,0,0,0,30000,-30000,-30000
06513P,鴻海凱基98售10  ,0,0,0,0,0,0,0,0,0,-30000,0,0,0,0,30000,-30000,-30000
06241P,大立光元富9A售01,0,0,0,0,0,0,0,0,0,-30000,0,0,0,0,30000,-30000,-30000
06237P,台積電元大97售26,0,0,0,0,0,0,0,0,0,-30000,0,0,0,70000,100000,-30000,-30000
06316P,臺股指元富97售03,0,0,0,0,0,0,0,0,0,-30000,0,0,0,0,30000,-30000,-30000
06328P,台積電中信01售02,0,0,0,0,0,0,0,0,0,-30000,0,0,0,9000,39000,-30000,-30000
06365P,鴻海凱基97售09  ,0,0,0,0,0,0,0,0,0,-30000,0,0,0,50000,80000,-30000,-30000
06408P,聯茂元富97售02  ,0,0,0,0,0,0,0,0,0,-30000,0,0,0,20000,50000,-30000,-30000
06394P,台積電元大97售28,0,0,0,0,0,0,0,0,0,-30000,0,0,0,0,30000,-30000,-30000
06438P,玉晶光國票99售02,0,0,0,0,0,0,0,0,0,-30000,0,0,0,0,30000,-30000,-30000
2852,第一保          ,2000,32000,-30000,0,0,0,0,0,0,0,0,0,0,0,0,0,-30000
055956,瑞昱元大97購05  ,0,0,0,0,0,0,0,0,0,-31000,0,0,0,79000,110000,-31000,-31000
055836,華邦電元大97購04,0,0,0,0,0,0,0,0,0,-31000,0,0,0,57000,88000,-31000,-31000
056535,全新凱基99購02  ,0,0,0,0,0,0,0,0,0,-31000,0,0,0,65000,96000,-31000,-31000
056248,康友群益97購04  ,0,0,0,0,0,0,0,0,0,-31000,0,0,0,15000,46000,-31000,-31000
044376,日月光兆豐92購01,0,0,0,0,0,0,0,0,0,-31000,0,0,0,29000,60000,-31000,-31000
049783,元油2X兆豐95購01,0,0,0,0,0,0,0,0,0,-31000,0,0,0,2016000,2047000,-31000,-31000
047110,智邦元大93購05  ,0,0,0,0,0,0,0,0,0,-31000,0,0,0,30000,61000,-31000,-31000
048668,奇力新永豐93購04,0,0,0,0,0,0,0,0,0,-31000,0,0,0,72000,103000,-31000,-31000
050729,聯鈞國票94購01  ,0,0,0,0,0,0,0,0,0,-31000,0,0,0,106000,137000,-31000,-31000
048961,矽創康和94購01  ,0,0,0,0,0,0,0,0,0,-31000,0,0,0,0,31000,-31000,-31000
051280,台積電兆豐95購04,0,0,0,0,0,0,0,0,0,-31000,0,0,0,0,31000,-31000,-31000
051062,超眾群益95購02  ,0,0,0,0,0,0,0,0,0,-31000,0,0,0,152000,183000,-31000,-31000
054090,瑞昱群益97購01  ,0,0,0,0,0,0,0,0,0,-31000,0,0,0,25000,56000,-31000,-31000
053745,康友國票97購01  ,0,0,0,0,0,0,0,0,0,-31000,0,0,0,50000,81000,-31000,-31000
053585,友達元大9C購03  ,0,0,0,0,0,0,0,0,0,-31000,0,0,0,172000,203000,-31000,-31000
052831,華固群益96購01  ,0,0,0,0,0,0,0,0,0,-31000,0,0,0,0,31000,-31000,-31000
052602,聯電元大97購01  ,0,0,0,0,0,0,0,0,0,-31000,0,0,0,161000,192000,-31000,-31000
05857P,旺宏中信98售02  ,0,0,0,0,0,0,0,0,0,-31000,0,0,0,0,31000,-31000,-31000
056978,技嘉群益99購01  ,0,0,0,0,0,0,0,0,0,-31000,0,0,0,22000,53000,-31000,-31000
056278,全新富邦98購02  ,0,0,0,0,0,0,0,0,0,-32000,0,0,0,342000,374000,-32000,-32000
056014,上銀群益97購02  ,0,0,0,0,0,0,0,0,0,-32000,0,0,0,0,32000,-32000,-32000
055431,和鑫群益98購01  ,0,0,0,0,0,0,0,0,0,-32000,0,0,0,157000,189000,-32000,-32000
054544,統一中信97購01  ,0,0,0,0,0,0,0,0,0,-32000,0,0,0,122000,154000,-32000,-32000
047289,啟碁統一97購01  ,0,0,0,0,0,0,0,0,0,-32000,0,0,0,0,32000,-32000,-32000
049601,矽創元大95購02  ,0,0,0,0,0,0,0,0,0,-32000,0,0,0,280000,312000,-32000,-32000
043907,鴻海凱基93購01  ,0,0,0,0,0,0,0,0,0,-32000,0,0,0,75000,107000,-32000,-32000
04325P,創意元大93售06  ,0,0,0,0,0,0,0,0,0,-32000,0,0,0,71000,103000,-32000,-32000
03591P,台積電國票03售10,0,0,0,0,0,0,0,0,0,-32000,0,0,0,28000,60000,-32000,-32000
03416B,臺股指凱基95熊05,0,0,0,0,0,0,0,0,0,-32000,0,0,0,3000,35000,-32000,-32000
041452,滬深2X元富93購01,0,0,0,0,0,0,0,0,0,-32000,0,0,0,0,32000,-32000,-32000
049217,智邦國票95購01  ,0,0,0,0,0,0,0,0,0,-32000,0,0,0,6000,38000,-32000,-32000
049155,同欣電元大94購01,0,0,0,0,0,0,0,0,0,-32000,0,0,0,0,32000,-32000,-32000
048248,聯發科兆豐95購01,0,0,0,0,0,0,0,0,0,-32000,0,0,0,28000,60000,-32000,-32000
050104,元石油元大97購02,0,0,0,0,0,0,0,0,0,-32000,0,0,0,110000,142000,-32000,-32000
052247,深中小永豐95購01,0,0,0,0,0,0,0,0,0,-32000,0,0,0,0,32000,-32000,-32000
05165P,欣興元富95售03  ,0,0,0,0,0,0,0,0,0,-32000,0,0,0,23000,55000,-32000,-32000
053800,華通凱基97購03  ,0,0,0,0,0,0,0,0,0,-32000,0,0,0,53000,85000,-32000,-32000
053148,華邦電元大96購01,0,0,0,0,0,0,0,0,0,-32000,0,0,0,598000,630000,-32000,-32000
05333P,臺股指國票95售02,0,0,0,0,0,0,0,0,0,-32000,0,0,0,0,32000,-32000,-32000
3338,泰碩            ,315000,416000,-101000,0,0,0,59000,0,59000,10000,2000,7000,-5000,30000,15000,15000,-32000
1339,昭輝            ,55000,89000,-34000,0,0,0,0,0,0,2000,2000,0,2000,0,0,0,-32000
054214,京鼎國票97購02  ,0,0,0,0,0,0,0,0,0,-33000,0,0,0,43000,76000,-33000,-33000
054302,鴻海凱基96購18  ,0,0,0,0,0,0,0,0,0,-33000,0,0,0,35000,68000,-33000,-33000
055716,致茂元大97購01  ,0,0,0,0,0,0,0,0,0,-33000,0,0,0,185000,218000,-33000,-33000
055862,矽力元大97購04  ,0,0,0,0,0,0,0,0,0,-33000,0,0,0,7000,40000,-33000,-33000
056145,緯穎元大98購03  ,0,0,0,0,0,0,0,0,0,-33000,0,0,0,164000,197000,-33000,-33000
056512,易華電永豐98購01,0,0,0,0,0,0,0,0,0,-33000,0,0,0,0,33000,-33000,-33000
056430,鴻海凱基98購06  ,0,0,0,0,0,0,0,0,0,-33000,0,0,0,0,33000,-33000,-33000
045414,康控群益94購02  ,0,0,0,0,0,0,0,0,0,-33000,0,0,0,136000,169000,-33000,-33000
048918,上証2X永豐94購01,0,0,0,0,0,0,0,0,0,-33000,0,0,0,0,33000,-33000,-33000
048534,貿聯國票94購01  ,0,0,0,0,0,0,0,0,0,-33000,0,0,0,10000,43000,-33000,-33000
04915P,鴻海永昌96售02  ,0,0,0,0,0,0,0,0,0,-33000,0,0,0,222000,255000,-33000,-33000
048129,力成元大93購02  ,0,0,0,0,0,0,0,0,0,-33000,0,0,0,0,33000,-33000,-33000
050866,景碩永豐95購01  ,0,0,0,0,0,0,0,0,0,-33000,0,0,0,220000,253000,-33000,-33000
051332,奇力新永豐95購01,0,0,0,0,0,0,0,0,0,-33000,0,0,0,77000,110000,-33000,-33000
053325,GIS群益96購02   ,0,0,0,0,0,0,0,0,0,-33000,0,0,0,0,33000,-33000,-33000
053640,上緯控永豐96購01,0,0,0,0,0,0,0,0,0,-33000,0,0,0,77000,110000,-33000,-33000
054097,淘帝國票97購01  ,0,0,0,0,0,0,0,0,0,-33000,0,0,0,0,33000,-33000,-33000
051995,矽力元大95購03  ,0,0,0,0,0,0,0,0,0,-33000,0,0,0,0,33000,-33000,-33000
051929,GIS中信96購01   ,0,0,0,0,0,0,0,0,0,-33000,0,0,0,0,33000,-33000,-33000
052391,瑞儀群益95購01  ,0,0,0,0,0,0,0,0,0,-33000,0,0,0,0,33000,-33000,-33000
05711P,茂林國票97售03  ,0,0,0,0,0,0,0,0,0,-33000,0,0,0,0,33000,-33000,-33000
05808P,臺股指國票96售01,0,0,0,0,0,0,0,0,0,-33000,0,0,0,6000,39000,-33000,-33000
05899P,臺股指凱基96售30,0,0,0,0,0,0,0,0,0,-33000,0,0,0,0,33000,-33000,-33000
06218P,鴻海元富97售06  ,0,0,0,0,0,0,0,0,0,-33000,0,0,0,45000,78000,-33000,-33000
06120P,大立光凱基98售05,0,0,0,0,0,0,0,0,0,-33000,0,0,0,27000,60000,-33000,-33000
06314P,GIS元富97售02   ,0,0,0,0,0,0,0,0,0,-33000,0,0,0,0,33000,-33000,-33000
055881,康控元富97購01  ,0,0,0,0,0,0,0,0,0,-34000,0,0,0,124000,158000,-34000,-34000
043018,新光金元大93購01,0,0,0,0,0,0,0,0,0,-34000,0,0,0,16000,50000,-34000,-34000
044614,聯茂兆豐92購02  ,0,0,0,0,0,0,0,0,0,-34000,0,0,0,0,34000,-34000,-34000
049762,華邦電國泰95購01,0,0,0,0,0,0,0,0,0,-34000,0,0,0,131000,165000,-34000,-34000
047202,欣興元富96購01  ,0,0,0,0,0,0,0,0,0,-34000,0,0,0,42000,76000,-34000,-34000
051261,鴻海永昌96購05  ,0,0,0,0,0,0,0,0,0,-34000,0,0,0,46000,80000,-34000,-34000
051010,美律日盛95購01  ,0,0,0,0,0,0,0,0,0,-34000,0,0,0,6000,40000,-34000,-34000
048092,聯發科凱基93購29,0,0,0,0,0,0,0,0,0,-34000,0,0,0,6000,40000,-34000,-34000
048344,大立光元大93購30,0,0,0,0,0,0,0,0,0,-34000,0,0,0,0,34000,-34000,-34000
050197,矽格元大94購04  ,0,0,0,0,0,0,0,0,0,-34000,0,0,0,8000,42000,-34000,-34000
050566,高股息中信97購02,0,0,0,0,0,0,0,0,0,-34000,0,0,0,16000,50000,-34000,-34000
052621,台郡富邦97購01  ,0,0,0,0,0,0,0,0,0,-34000,0,0,0,18000,52000,-34000,-34000
051991,泰碩元大95購02  ,0,0,0,0,0,0,0,0,0,-34000,0,0,0,5000,39000,-34000,-34000
051877,嘉聯益國票97購02,0,0,0,0,0,0,0,0,0,-34000,0,0,0,0,34000,-34000,-34000
054072,台積電富邦98購02,0,0,0,0,0,0,0,0,0,-34000,0,0,0,1195000,1229000,-34000,-34000
053750,致伸永豐96購02  ,0,0,0,0,0,0,0,0,0,-34000,0,0,0,64000,98000,-34000,-34000
053309,泰鼎凱基96購03  ,0,0,0,0,0,0,0,0,0,-34000,0,0,0,87000,121000,-34000,-34000
053269,同欣電群益96購01,0,0,0,0,0,0,0,0,0,-34000,0,0,0,116000,150000,-34000,-34000
053173,矽格群益97購01  ,0,0,0,0,0,0,0,0,0,-34000,0,0,0,16000,50000,-34000,-34000
06261P,上銀凱基97售03  ,0,0,0,0,0,0,0,0,0,-34000,0,0,0,0,34000,-34000,-34000
056066,奇鋐元大98購02  ,0,0,0,0,0,0,0,0,0,-35000,0,0,0,0,35000,-35000,-35000
056272,嘉澤統一99購01  ,0,0,0,0,0,0,0,0,0,-35000,0,0,0,0,35000,-35000,-35000
056235,鴻海群益97購07  ,0,0,0,0,0,0,0,0,0,-35000,0,0,0,98000,133000,-35000,-35000
054347,上緯控國票96購02,0,0,0,0,0,0,0,0,0,-35000,0,0,0,38000,73000,-35000,-35000
054405,樺漢康和96購01  ,0,0,0,0,0,0,0,0,0,-35000,0,0,0,0,35000,-35000,-35000
05458P,台積電凱基97售02,0,0,0,0,0,0,0,0,0,-35000,0,0,0,0,35000,-35000,-35000
054801,康友群益97購02  ,0,0,0,0,0,0,0,0,0,-35000,0,0,0,34000,69000,-35000,-35000
055292,聯鈞元大97購02  ,0,0,0,0,0,0,0,0,0,-35000,0,0,0,376000,411000,-35000,-35000
046082,矽力凱基92購01  ,0,0,0,0,0,0,0,0,0,-35000,0,0,0,10000,45000,-35000,-35000
047995,台達電元大96購01,0,0,0,0,0,0,0,0,0,-35000,0,0,0,95000,130000,-35000,-35000
049769,和鑫元富96購01  ,0,0,0,0,0,0,0,0,0,-35000,0,0,0,7000,42000,-35000,-35000
04730P,臺股指中信96售02,0,0,0,0,0,0,0,0,0,-35000,0,0,0,0,35000,-35000,-35000
044988,玉晶光統一95購01,0,0,0,0,0,0,0,0,0,-35000,0,0,0,25000,60000,-35000,-35000
04438P,微星群益94售01  ,0,0,0,0,0,0,0,0,0,-35000,0,0,0,0,35000,-35000,-35000
047782,燿華國泰95購01  ,0,0,0,0,0,0,0,0,0,-35000,0,0,0,30000,65000,-35000,-35000
03671P,大立光凱基95售02,0,0,0,0,0,0,0,0,0,-35000,0,0,0,0,35000,-35000,-35000
05011P,南電國泰96售01  ,0,0,0,0,0,0,0,0,0,-35000,0,0,0,2000,37000,-35000,-35000
049955,崇越群益95購01  ,0,0,0,0,0,0,0,0,0,-35000,0,0,0,0,35000,-35000,-35000
048577,GIS國泰94購01   ,0,0,0,0,0,0,0,0,0,-35000,0,0,0,13000,48000,-35000,-35000
049288,聯茂兆豐95購02  ,0,0,0,0,0,0,0,0,0,-35000,0,0,0,25000,60000,-35000,-35000
051217,聯發科元富95購01,0,0,0,0,0,0,0,0,0,-35000,0,0,0,15000,50000,-35000,-35000
053493,智邦兆豐97購02  ,0,0,0,0,0,0,0,0,0,-35000,0,0,0,29000,64000,-35000,-35000
053498,大立光兆豐96購03,0,0,0,0,0,0,0,0,0,-35000,0,0,0,0,35000,-35000,-35000
053807,T50反1群益96購02,0,0,0,0,0,0,0,0,0,-35000,0,0,0,0,35000,-35000,-35000
053616,奇力新群益97購01,0,0,0,0,0,0,0,0,0,-35000,0,0,0,161000,196000,-35000,-35000
051681,日月光兆豐95購01,0,0,0,0,0,0,0,0,0,-35000,0,0,0,10000,45000,-35000,-35000
051616,鴻海凱基96購08  ,0,0,0,0,0,0,0,0,0,-35000,0,0,0,5000,40000,-35000,-35000
052132,旺宏凱基9B購01  ,0,0,0,0,0,0,0,0,0,-35000,0,0,0,6000,41000,-35000,-35000
052684,旺宏元大98購01  ,0,0,0,0,0,0,0,0,0,-35000,0,0,0,55000,90000,-35000,-35000
06417P,台積電兆豐97售03,0,0,0,0,0,0,0,0,0,-35000,0,0,0,0,35000,-35000,-35000
06226P,聯發科麥證97售03,0,0,0,0,35000,-35000,0,0,0,-35000,0,0,0,0,35000,-35000,-35000
06164P,臺股指凱基97售04,0,0,0,0,0,0,0,0,0,-35000,0,0,0,0,35000,-35000,-35000
05840P,臺股指富邦96售07,0,0,0,0,0,0,0,0,0,-35000,0,0,0,20000,55000,-35000,-35000
05835P,臺股指元富96售07,0,0,0,0,0,0,0,0,0,-35000,0,0,0,154000,189000,-35000,-35000
057129,聯發科凱基99購03,0,0,0,0,0,0,0,0,0,-35000,0,0,0,10000,45000,-35000,-35000
057041,國巨元大99購04  ,0,0,0,0,0,0,0,0,0,-35000,0,0,0,0,35000,-35000,-35000
05680P,聯發科元大96售12,0,0,0,0,0,0,0,0,0,-35000,0,0,0,35000,70000,-35000,-35000
1338,廣華-KY         ,21000,56000,-35000,0,0,0,0,0,0,0,0,0,0,0,0,0,-35000
2106,建大            ,30000,93000,-63000,0,0,0,0,0,0,28000,28000,0,28000,0,0,0,-35000
054897,信錦康和97購01  ,0,0,0,0,0,0,0,0,0,-36000,0,0,0,0,36000,-36000,-36000
055770,欣興麥證97購01  ,0,0,0,0,36000,-36000,0,0,0,-36000,0,0,0,0,36000,-36000,-36000
055984,大立光元富97購02,0,0,0,0,0,0,0,0,0,-36000,0,0,0,6000,42000,-36000,-36000
00731,FH富時高息低波  ,0,0,0,0,0,0,0,0,0,-36000,0,0,0,195000,231000,-36000,-36000
04412P,欣興元富94售01  ,0,0,0,0,0,0,0,0,0,-36000,0,0,0,50000,86000,-36000,-36000
047670,矽力永豐93購01  ,0,0,0,0,0,0,0,0,0,-36000,0,0,0,20000,56000,-36000,-36000
049738,神基群益94購01  ,0,0,0,0,0,0,0,0,0,-36000,0,0,0,28000,64000,-36000,-36000
049644,台積電凱基94購21,0,0,0,0,0,0,0,0,0,-36000,0,0,0,4000,40000,-36000,-36000
050661,景碩元大94購02  ,0,0,0,0,0,0,0,0,0,-36000,0,0,0,200000,236000,-36000,-36000
050878,嘉聯益統一95購01,0,0,0,0,0,0,0,0,0,-36000,0,0,0,0,36000,-36000,-36000
050181,富邦金元大94購02,0,0,0,0,0,0,0,0,0,-36000,0,0,0,13000,49000,-36000,-36000
049489,美律元大94購05  ,0,0,0,0,0,0,0,0,0,-36000,0,0,0,10000,46000,-36000,-36000
052881,康控凱基97購01  ,0,0,0,0,0,0,0,0,0,-36000,0,0,0,0,36000,-36000,-36000
052254,康友永豐95購03  ,0,0,0,0,0,0,0,0,0,-36000,0,0,0,110000,146000,-36000,-36000
054118,國巨永豐96購04  ,0,0,0,0,0,0,0,0,0,-36000,0,0,0,138000,174000,-36000,-36000
053070,訊芯群益96購01  ,0,0,0,0,0,0,0,0,0,-36000,0,0,0,219000,255000,-36000,-36000
2727,王品            ,22000,58000,-36000,0,0,0,0,0,0,0,0,0,0,0,0,0,-36000
8463,潤泰材          ,45000,81000,-36000,0,0,0,0,0,0,0,0,0,0,0,0,0,-36000
6183,關貿            ,14000,17000,-3000,0,0,0,0,0,0,-33000,0,33000,-33000,0,0,0,-36000
055957,瑞昱元大97購06  ,0,0,0,0,0,0,0,0,0,-37000,0,0,0,92000,129000,-37000,-37000
055902,同欣電中信99購01,0,0,0,0,0,0,0,0,0,-37000,0,0,0,152000,189000,-37000,-37000
05570P,聯發科統一96售04,0,0,0,0,0,0,0,0,0,-37000,0,0,0,0,37000,-37000,-37000
056341,宏達電凱基9A購01,0,0,0,0,0,0,0,0,0,-37000,0,0,0,0,37000,-37000,-37000
054927,帆宣凱基97購01  ,0,0,0,0,0,0,0,0,0,-37000,0,0,0,9000,46000,-37000,-37000
055302,達方元大97購01  ,0,0,0,0,0,0,0,0,0,-37000,0,0,0,153000,190000,-37000,-37000
054479,緯創中信98購01  ,0,0,0,0,0,0,0,0,0,-37000,0,0,0,22000,59000,-37000,-37000
054440,TPK台新98購01   ,0,0,0,0,0,0,0,0,0,-37000,0,0,0,49000,86000,-37000,-37000
054238,聯茂群益96購04  ,0,0,0,0,0,0,0,0,0,-37000,0,0,0,0,37000,-37000,-37000
047329,聯茂元大93購04  ,0,0,0,0,0,0,0,0,0,-37000,0,0,0,31000,68000,-37000,-37000
046770,聯發科國泰94購01,0,0,0,0,0,0,0,0,0,-37000,0,0,0,252000,289000,-37000,-37000
050375,矽創元大94購02  ,0,0,0,0,0,0,0,0,0,-37000,0,0,0,2000,39000,-37000,-37000
050385,貿聯國票95購02  ,0,0,0,0,0,0,0,0,0,-37000,0,0,0,11000,48000,-37000,-37000
048511,美律凱基93購07  ,0,0,0,0,0,0,0,0,0,-37000,0,0,0,110000,147000,-37000,-37000
049269,超眾元大96購02  ,0,0,0,0,0,0,0,0,0,-37000,0,0,0,27000,64000,-37000,-37000
049267,瀚宇博元大95購02,0,0,0,0,0,0,0,0,0,-37000,0,0,0,100000,137000,-37000,-37000
049173,鴻海凱基94購15  ,0,0,0,0,0,0,0,0,0,-37000,0,0,0,73000,110000,-37000,-37000
053319,可成群益96購04  ,0,0,0,0,0,0,0,0,0,-37000,0,0,0,10000,47000,-37000,-37000
054146,康友元大96購06  ,0,0,0,0,0,0,0,0,0,-37000,0,0,0,83000,120000,-37000,-37000
052078,大立光元富95購10,0,0,0,0,0,0,0,0,0,-37000,0,0,0,11000,48000,-37000,-37000
051886,道瓊反統一95購03,0,0,0,0,0,0,0,0,0,-37000,0,0,0,13000,50000,-37000,-37000
9905,大華            ,7000,44000,-37000,0,0,0,0,0,0,0,0,0,0,0,0,0,-37000
056976,喬山群益98購01  ,0,0,0,0,0,0,0,0,0,-37000,0,0,0,0,37000,-37000,-37000
057177,奇力新元大99購04,0,0,0,0,0,0,0,0,0,-37000,0,0,0,105000,142000,-37000,-37000
05765P,臺股指永豐96售01,0,0,0,0,0,0,0,0,0,-37000,0,0,0,40000,77000,-37000,-37000
05975P,國巨日盛99售02  ,0,0,0,0,0,0,0,0,0,-37000,0,0,0,0,37000,-37000,-37000
06358P,力成中信97售02  ,0,0,0,0,0,0,0,0,0,-37000,0,0,0,145000,182000,-37000,-37000
054654,全新麥證99購01  ,0,0,0,3000,41000,-38000,0,0,0,-38000,0,0,0,3000,41000,-38000,-38000
054931,緯穎凱基98購01  ,0,0,0,0,0,0,0,0,0,-38000,0,0,0,22000,60000,-38000,-38000
056461,樺漢凱基98購02  ,0,0,0,0,0,0,0,0,0,-38000,0,0,0,24000,62000,-38000,-38000
056363,華新科元大99購04,0,0,0,0,0,0,0,0,0,-38000,0,0,0,62000,100000,-38000,-38000
056410,康控國票99購01  ,0,0,0,0,0,0,0,0,0,-38000,0,0,0,36000,74000,-38000,-38000
055587,智邦元大97購02  ,0,0,0,0,0,0,0,0,0,-38000,0,0,0,93000,131000,-38000,-38000
055988,矽力元富97購01  ,0,0,0,0,0,0,0,0,0,-38000,0,0,0,5000,43000,-38000,-38000
055764,臺股指群益97購02,0,0,0,0,0,0,0,0,0,-38000,0,0,0,28000,66000,-38000,-38000
044820,臻鼎兆豐93購02  ,0,0,0,0,0,0,0,0,0,-38000,0,0,0,14000,52000,-38000,-38000
047417,台塑富邦97購01  ,0,0,0,0,0,0,0,0,0,-38000,0,0,0,1000,39000,-38000,-38000
04958P,和大凱基94售04  ,0,0,0,0,0,0,0,0,0,-38000,0,0,0,12000,50000,-38000,-38000
048012,嘉晶國票94購01  ,0,0,0,0,0,0,0,0,0,-38000,0,0,0,0,38000,-38000,-38000
046108,A50正2元大95購02,0,0,0,0,0,0,0,0,0,-38000,0,0,0,2000,40000,-38000,-38000
050309,亞泥兆豐94購01  ,0,0,0,0,0,0,0,0,0,-38000,0,0,0,0,38000,-38000,-38000
051189,鴻海兆豐96購01  ,0,0,0,0,0,0,0,0,0,-38000,0,0,0,0,38000,-38000,-38000
051131,玉山金台新95購01,0,0,0,0,0,0,0,0,0,-38000,0,0,0,20000,58000,-38000,-38000
048811,鴻海日盛94購01  ,0,0,0,0,0,0,0,0,0,-38000,0,0,0,65000,103000,-38000,-38000
050378,上証2X群益98購02,0,0,0,0,0,0,0,0,0,-38000,0,0,0,1000,39000,-38000,-38000
049348,瑞昱台新94購01  ,0,0,0,0,0,0,0,0,0,-38000,0,0,0,0,38000,-38000,-38000
050144,宏達電台新95購01,0,0,0,0,0,0,0,0,0,-38000,0,0,0,0,38000,-38000,-38000
050588,矽創國票95購01  ,0,0,0,0,0,0,0,0,0,-38000,0,0,0,60000,98000,-38000,-38000
051569,緯創富邦95購02  ,0,0,0,0,0,0,0,0,0,-38000,0,0,0,0,38000,-38000,-38000
052525,聯詠元大95購06  ,0,0,0,0,0,0,0,0,0,-38000,0,0,0,111000,149000,-38000,-38000
054179,上海銀台新97購01,0,0,0,0,0,0,0,0,0,-38000,0,0,0,12000,50000,-38000,-38000
054048,國泰金元大96購04,0,0,0,0,0,0,0,0,0,-38000,0,0,0,24000,62000,-38000,-38000
05379P,可成凱基95售11  ,0,0,0,0,0,0,0,0,0,-38000,0,0,0,0,38000,-38000,-38000
053482,矽力元大96購03  ,0,0,0,0,0,0,0,0,0,-38000,0,0,0,0,38000,-38000,-38000
053008,達方永豐96購01  ,0,0,0,0,0,0,0,0,0,-38000,0,0,0,150000,188000,-38000,-38000
05799P,臺股指群益96售13,0,0,0,0,0,0,0,0,0,-38000,0,0,0,0,38000,-38000,-38000
05713P,大立光統一96售05,0,0,0,0,0,0,0,0,0,-38000,0,0,0,20000,58000,-38000,-38000
055954,南港元大97購02  ,0,0,0,0,0,0,0,0,0,-39000,0,0,0,57000,96000,-39000,-39000
056359,旺宏元大9A購01  ,0,0,0,0,0,0,0,0,0,-39000,0,0,0,97000,136000,-39000,-39000
056168,鴻海元富97購07  ,0,0,0,0,0,0,0,0,0,-39000,0,0,0,15000,54000,-39000,-39000
055168,光罩統一98購01  ,0,0,0,0,0,0,0,0,0,-39000,0,0,0,6000,45000,-39000,-39000
049357,微星富邦94購01  ,0,0,0,0,0,0,0,0,0,-39000,0,0,0,11000,50000,-39000,-39000
047498,力成康和93購01  ,0,0,0,0,0,0,0,0,0,-39000,0,0,0,0,39000,-39000,-39000
05002P,台積電統一95售03,0,0,0,0,0,0,0,0,0,-39000,0,0,0,0,39000,-39000,-39000
048693,GIS群益94購02   ,0,0,0,0,0,0,0,0,0,-39000,0,0,0,0,39000,-39000,-39000
051439,川湖元大95購01  ,0,0,0,0,0,0,0,0,0,-39000,0,0,0,15000,54000,-39000,-39000
051418,智易國票97購01  ,0,0,0,0,0,0,0,0,0,-39000,0,0,0,0,39000,-39000,-39000
053286,臺股指元大96購14,0,0,0,0,0,0,0,0,0,-39000,0,0,0,1000,40000,-39000,-39000
053993,旺宏群益98購02  ,0,0,0,0,0,0,0,0,0,-39000,0,0,0,61000,100000,-39000,-39000
056991,牧德兆豐98購01  ,0,0,0,0,0,0,0,0,0,-39000,0,0,0,0,39000,-39000,-39000
056674,華邦電元富98購01,0,0,0,0,0,0,0,0,0,-39000,0,0,0,67000,106000,-39000,-39000
06439P,上銀凱基98售02  ,0,0,0,0,0,0,0,0,0,-39000,0,0,0,0,39000,-39000,-39000
6415,矽力-KY         ,374000,321000,53000,0,0,0,9000,110000,-101000,9000,2000,1000,1000,11000,3000,8000,-39000
5515,建國            ,0,39000,-39000,0,0,0,0,0,0,0,0,0,0,0,0,0,-39000
6112,聚碩            ,11000,50000,-39000,0,0,0,0,0,0,0,0,0,0,0,0,0,-39000
1531,高林股          ,1000,39000,-38000,0,0,0,0,0,0,-1000,0,1000,-1000,0,0,0,-39000
1558,伸興            ,6000,30000,-24000,0,0,0,0,0,0,-15000,0,15000,-15000,0,0,0,-39000
055272,國巨元大98購04  ,0,0,0,0,0,0,0,0,0,-40000,0,0,0,34000,74000,-40000,-40000
054553,宏達電凱基99購01,0,0,0,0,0,0,0,0,0,-40000,0,0,0,0,40000,-40000,-40000
054666,強茂元富97購01  ,0,0,0,0,0,0,0,0,0,-40000,0,0,0,0,40000,-40000,-40000
054228,貿聯元富96購03  ,0,0,0,0,0,0,0,0,0,-40000,0,0,0,236000,276000,-40000,-40000
056118,聯詠群益97購03  ,0,0,0,0,0,0,0,0,0,-40000,0,0,0,270000,310000,-40000,-40000
056072,群創元大97購01  ,0,0,0,0,0,0,0,0,0,-40000,0,0,0,109000,149000,-40000,-40000
056088,台郡統一97購02  ,0,0,0,0,0,0,0,0,0,-40000,0,0,0,71000,111000,-40000,-40000
056299,友達元大9B購04  ,0,0,0,0,0,0,0,0,0,-40000,0,0,0,56000,96000,-40000,-40000
056540,聯詠凱基98購02  ,0,0,0,0,0,0,0,0,0,-40000,0,0,0,2000,42000,-40000,-40000
055967,臻鼎元大97購01  ,0,0,0,0,0,0,0,0,0,-40000,0,0,0,231000,271000,-40000,-40000
056002,嘉晶永豐97購01  ,0,0,0,0,0,0,0,0,0,-40000,0,0,0,0,40000,-40000,-40000
055623,貿聯國泰99購01  ,0,0,0,0,0,0,0,0,0,-40000,0,0,0,25000,65000,-40000,-40000
055692,緯穎凱基97購03  ,0,0,0,0,0,0,0,0,0,-40000,0,0,0,0,40000,-40000,-40000
046629,群創統一98購01  ,0,0,0,0,0,0,0,0,0,-40000,0,0,0,0,40000,-40000,-40000
049604,創意亞東94購02  ,0,0,0,0,0,0,0,0,0,-40000,0,0,0,0,40000,-40000,-40000
049593,群創元大9A購01  ,0,0,0,0,0,0,0,0,0,-40000,0,0,0,179000,219000,-40000,-40000
049742,日月光群益94購02,0,0,0,0,0,0,0,0,0,-40000,0,0,0,21000,61000,-40000,-40000
04477P,南電元大94售04  ,0,0,0,0,0,0,0,0,0,-40000,0,0,0,30000,70000,-40000,-40000
044966,台表科中信94購01,0,0,0,0,0,0,0,0,0,-40000,0,0,0,0,40000,-40000,-40000
04346P,大立光兆豐95售02,0,0,0,0,0,0,0,0,0,-40000,0,0,0,0,40000,-40000,-40000
03641C,臺股指凱基95牛18,0,0,0,0,0,0,0,0,0,-40000,0,0,0,0,40000,-40000,-40000
04543P,鴻海富邦95售03  ,0,0,0,0,0,0,0,0,0,-40000,0,0,0,0,40000,-40000,-40000
045287,元油2X元大95購01,0,0,0,0,0,0,0,0,0,-40000,0,0,0,10000,50000,-40000,-40000
051472,台積電凱基95購09,0,0,0,0,0,0,0,0,0,-40000,0,0,0,61000,101000,-40000,-40000
051532,潤泰全國票96購01,0,0,0,0,0,0,0,0,0,-40000,0,0,0,0,40000,-40000,-40000
050296,亞光凱基94購03  ,0,0,0,0,0,0,0,0,0,-40000,0,0,0,15000,55000,-40000,-40000
050283,T50反1凱基9A購01,0,0,0,0,0,0,0,0,0,-40000,0,0,0,0,40000,-40000,-40000
048104,易華電凱基93購03,0,0,0,0,0,0,0,0,0,-40000,0,0,0,0,40000,-40000,-40000
050552,禾伸堂凱基94購05,0,0,0,0,0,0,0,0,0,-40000,0,0,0,31000,71000,-40000,-40000
04979P,臺股指凱基96售07,0,0,0,0,0,0,0,0,0,-40000,0,0,0,10000,50000,-40000,-40000
048844,訊芯凱基94購02  ,0,0,0,0,0,0,0,0,0,-40000,0,0,0,1000,41000,-40000,-40000
049874,全新康和94購01  ,0,0,0,0,0,0,0,0,0,-40000,0,0,0,29000,69000,-40000,-40000
048508,元上證凱基94購02,0,0,0,0,0,0,0,0,0,-40000,0,0,0,0,40000,-40000,-40000
048527,鴻海國票94購02  ,0,0,0,0,0,0,0,0,0,-40000,0,0,0,53000,93000,-40000,-40000
048296,康控群益93購03  ,0,0,0,0,0,0,0,0,0,-40000,0,0,0,0,40000,-40000,-40000
04984P,臺股指康和94售04,0,0,0,0,0,0,0,0,0,-40000,0,0,0,0,40000,-40000,-40000
048901,矽格國泰95購01  ,0,0,0,0,0,0,0,0,0,-40000,0,0,0,14000,54000,-40000,-40000
04884P,聯發科凱基94售20,0,0,0,0,0,0,0,0,0,-40000,0,0,0,0,40000,-40000,-40000
053944,亞泥富邦97購01  ,0,0,0,0,0,0,0,0,0,-40000,0,0,0,0,40000,-40000,-40000
053636,全新永豐96購02  ,0,0,0,0,0,0,0,0,0,-40000,0,0,0,0,40000,-40000,-40000
053576,智原元富96購01  ,0,0,0,0,0,0,0,0,0,-40000,0,0,0,0,40000,-40000,-40000
052957,T50反1凱基99購01,0,0,0,0,0,0,0,0,0,-40000,0,0,0,0,40000,-40000,-40000
053054,禾伸堂國票97購01,0,0,0,0,0,0,0,0,0,-40000,0,0,0,29000,69000,-40000,-40000
05252P,華通凱基95售01  ,0,0,0,0,0,0,0,0,0,-40000,0,0,0,0,40000,-40000,-40000
052374,瑞昱元大95購02  ,0,0,0,0,0,0,0,0,0,-40000,0,0,0,83000,123000,-40000,-40000
052331,漢唐亞東97購01  ,0,0,0,0,0,0,0,0,0,-40000,0,0,0,0,40000,-40000,-40000
052727,仁寶元富96購01  ,0,0,0,0,0,0,0,0,0,-40000,0,0,0,15000,55000,-40000,-40000
05266P,華新科元大95售11,0,0,0,0,0,0,0,0,0,-40000,0,0,0,150000,190000,-40000,-40000
052597,茂林群益96購01  ,0,0,0,0,0,0,0,0,0,-40000,0,0,0,21000,61000,-40000,-40000
052030,GIS群益95購04   ,0,0,0,0,0,0,0,0,0,-40000,0,0,0,0,40000,-40000,-40000
05197P,智原永豐95售02  ,0,0,0,0,0,0,0,0,0,-40000,0,0,0,0,40000,-40000,-40000
06419P,國巨統一97售09  ,0,0,0,0,0,0,0,0,0,-40000,0,0,0,0,40000,-40000,-40000
06272P,台郡凱基97售04  ,0,0,0,0,0,0,0,0,0,-40000,0,0,0,0,40000,-40000,-40000
06498P,臺股指元大9A售03,0,0,0,0,0,0,0,0,0,-40000,0,0,0,40000,80000,-40000,-40000
06473P,鴻海元大99售03  ,0,0,0,0,0,0,0,0,0,-40000,0,0,0,5000,45000,-40000,-40000
05923P,旺宏元富96售05  ,0,0,0,0,0,0,0,0,0,-40000,0,0,0,0,40000,-40000,-40000
056779,元油2X群益9A購02,0,0,0,0,0,0,0,0,0,-40000,0,0,0,5000,45000,-40000,-40000
05695P,台積電凱基96售10,0,0,0,0,0,0,0,0,0,-40000,0,0,0,0,40000,-40000,-40000
055452,台積電元富97購03,0,0,0,0,0,0,0,0,0,-41000,0,0,0,57000,98000,-41000,-41000
056016,鴻海群益97購06  ,0,0,0,0,0,0,0,0,0,-41000,0,0,0,3000,44000,-41000,-41000
055732,全新元富9A購01  ,0,0,0,0,0,0,0,0,0,-41000,0,0,0,92000,133000,-41000,-41000
056574,亞光元大99購03  ,0,0,0,0,0,0,0,0,0,-41000,0,0,0,54000,95000,-41000,-41000
054383,傳奇群益97購01  ,0,0,0,0,0,0,0,0,0,-41000,0,0,0,59000,100000,-41000,-41000
05472P,國巨統一96售02  ,0,0,0,0,0,0,0,0,0,-41000,0,0,0,0,41000,-41000,-41000
055277,旺宏元大97購04  ,0,0,0,0,0,0,0,0,0,-41000,0,0,0,145000,186000,-41000,-41000
054861,智邦群益97購01  ,0,0,0,0,0,0,0,0,0,-41000,0,0,0,78000,119000,-41000,-41000
045522,滬深2X永豐94購01,0,0,0,0,0,0,0,0,0,-41000,0,0,0,84000,125000,-41000,-41000
048629,滬深2X元大96購04,0,0,0,0,0,0,0,0,0,-41000,0,0,0,0,41000,-41000,-41000
052591,康友永豐97購01  ,0,0,0,0,0,0,0,0,0,-41000,0,0,0,69000,110000,-41000,-41000
05263P,台積電元大96售09,0,0,0,0,0,0,0,0,0,-41000,0,0,0,91000,132000,-41000,-41000
052772,台虹群益96購01  ,0,0,0,0,0,0,0,0,0,-41000,0,0,0,33000,74000,-41000,-41000
052262,華新亞東95購02  ,0,0,0,0,0,0,0,0,0,-41000,0,0,0,48000,89000,-41000,-41000
052546,友達中信98購01  ,0,0,0,0,0,0,0,0,0,-41000,0,0,0,10000,51000,-41000,-41000
053060,大立光永昌96購05,0,0,0,0,0,0,0,0,0,-41000,0,0,0,200000,241000,-41000,-41000
053165,大立光群益96購03,0,0,0,0,0,0,0,0,0,-41000,0,0,0,53000,94000,-41000,-41000
053499,禾伸堂兆豐96購01,0,0,0,0,0,0,0,0,0,-41000,0,0,0,0,41000,-41000,-41000
05351P,臺股指元富95售05,0,0,0,0,0,0,0,0,0,-41000,0,0,0,0,41000,-41000,-41000
054113,奇力新台新97購01,0,0,0,0,0,0,0,0,0,-41000,0,0,0,15000,56000,-41000,-41000
054165,亞光凱基96購02  ,0,0,0,0,0,0,0,0,0,-41000,0,0,0,62000,103000,-41000,-41000
05850P,台積電兆豐96售06,0,0,0,0,0,0,0,0,0,-41000,0,0,0,13000,54000,-41000,-41000
06479P,聯發科中信99售02,0,0,0,0,0,0,0,0,0,-41000,0,0,0,0,41000,-41000,-41000
06607P,友達台新98售02  ,0,0,0,0,0,0,0,0,0,-41000,0,0,0,20000,61000,-41000,-41000
2617,台航            ,8000,55000,-47000,0,0,0,0,0,0,6000,6000,0,6000,0,0,0,-41000
05509P,智邦元富96售02  ,0,0,0,0,0,0,0,0,0,-42000,0,0,0,0,42000,-42000,-42000
054560,全新群益98購03  ,0,0,0,0,0,0,0,0,0,-42000,0,0,0,29000,71000,-42000,-42000
055877,奇鋐元富97購01  ,0,0,0,0,0,0,0,0,0,-42000,0,0,0,40000,82000,-42000,-42000
055851,智原元大98購01  ,0,0,0,0,0,0,0,0,0,-42000,0,0,0,108000,150000,-42000,-42000
055814,晶豪科國票97購02,0,0,0,0,0,0,0,0,0,-42000,0,0,0,0,42000,-42000,-42000
03831P,臺股指中信95售02,0,0,0,0,0,0,0,0,0,-42000,0,0,0,0,42000,-42000,-42000
00686R,群益臺灣加權反1 ,0,0,0,0,0,0,0,0,0,-42000,0,0,0,30000,72000,-42000,-42000
049618,美律群益94購03  ,0,0,0,0,0,0,0,0,0,-42000,0,0,0,126000,168000,-42000,-42000
04742P,瑞昱統一94售01  ,0,0,0,0,0,0,0,0,0,-42000,0,0,0,33000,75000,-42000,-42000
047507,台塑國票93購01  ,0,0,0,0,0,0,0,0,0,-42000,0,0,0,0,42000,-42000,-42000
047647,麗豐元大93購03  ,0,0,0,0,0,0,0,0,0,-42000,0,0,0,17000,59000,-42000,-42000
050532,矽創元大94購03  ,0,0,0,0,0,0,0,0,0,-42000,0,0,0,10000,52000,-42000,-42000
048740,富邦金統一94購01,0,0,0,0,0,0,0,0,0,-42000,0,0,0,0,42000,-42000,-42000
048895,光罩國泰95購01  ,0,0,0,0,0,0,0,0,0,-42000,0,0,0,63000,105000,-42000,-42000
050097,可成國泰96購02  ,0,0,0,0,0,0,0,0,0,-42000,0,0,0,57000,99000,-42000,-42000
04913P,聯詠元富94售02  ,0,0,0,0,0,0,0,0,0,-42000,0,0,0,0,42000,-42000,-42000
051006,中磊中信95購01  ,0,0,0,0,0,0,0,0,0,-42000,0,0,0,0,42000,-42000,-42000
053485,矽創國票97購04  ,0,0,0,0,0,0,0,0,0,-42000,0,0,0,43000,85000,-42000,-42000
053438,玉晶光麥證97購02,0,0,0,10000,81000,-71000,0,0,0,-42000,0,0,0,39000,81000,-42000,-42000
051930,國泰金兆豐97購01,0,0,0,0,0,0,0,0,0,-42000,0,0,0,0,42000,-42000,-42000
052154,緯創台新95購01  ,0,0,0,0,0,0,0,0,0,-42000,0,0,0,0,42000,-42000,-42000
1737,臺鹽            ,2000,44000,-42000,0,0,0,0,0,0,0,0,0,0,0,0,0,-42000
06432P,上銀群益98售01  ,0,0,0,0,0,0,0,0,0,-42000,0,0,0,0,42000,-42000,-42000
056908,牧德元大99購03  ,0,0,0,0,0,0,0,0,0,-42000,0,0,0,25000,67000,-42000,-42000
056314,力成元大97購01  ,0,0,0,0,0,0,0,0,0,-43000,0,0,0,1000,44000,-43000,-43000
056170,鴻海元富97購09  ,0,0,0,0,0,0,0,0,0,-43000,0,0,0,27000,70000,-43000,-43000
054492,嘉聯益台新96購01,0,0,0,0,0,0,0,0,0,-43000,0,0,0,78000,121000,-43000,-43000
054907,帆宣康和97購01  ,0,0,0,0,0,0,0,0,0,-43000,0,0,0,1000,44000,-43000,-43000
055306,燿華群益97購01  ,0,0,0,0,0,0,0,0,0,-43000,0,0,0,2000,45000,-43000,-43000
047309,鴻海元大93購13  ,0,0,0,0,0,0,0,0,0,-43000,0,0,0,65000,108000,-43000,-43000
045752,全新國泰93購01  ,0,0,0,0,0,0,0,0,0,-43000,0,0,0,62000,105000,-43000,-43000
04380P,欣興元大94售02  ,0,0,0,0,0,0,0,0,0,-43000,0,0,0,0,43000,-43000,-43000
050900,台郡元大95購02  ,0,0,0,0,0,0,0,0,0,-43000,0,0,0,27000,70000,-43000,-43000
049462,康友元富94購01  ,0,0,0,0,0,0,0,0,0,-43000,0,0,0,4000,47000,-43000,-43000
050531,訊芯元大95購02  ,0,0,0,0,0,0,0,0,0,-43000,0,0,0,0,43000,-43000,-43000
052641,聯詠台新96購01  ,0,0,0,0,0,0,0,0,0,-43000,0,0,0,10000,53000,-43000,-43000
054056,華新科國票96購02,0,0,0,0,0,0,0,0,0,-43000,0,0,0,27000,70000,-43000,-43000
056834,華新元富99購01  ,0,0,0,0,0,0,0,0,0,-43000,0,0,0,0,43000,-43000,-43000
057054,立積元大98購03  ,0,0,0,0,0,0,0,0,0,-43000,0,0,0,0,43000,-43000,-43000
06576P,台光電群益98售03,0,0,0,0,0,0,0,0,0,-43000,0,0,0,0,43000,-43000,-43000
05885P,牧德統一96售01  ,0,0,0,0,0,0,0,0,0,-43000,0,0,0,43000,86000,-43000,-43000
9136,巨騰-DR         ,0,43000,-43000,0,0,0,0,0,0,0,0,0,0,0,0,0,-43000
05532P,臺股指群益96售05,0,0,0,0,0,0,0,0,0,-44000,0,0,0,35000,79000,-44000,-44000
054867,華航群益99購01  ,0,0,0,0,0,0,0,0,0,-44000,0,0,0,80000,124000,-44000,-44000
055110,美律凱基98購02  ,0,0,0,0,0,0,0,0,0,-44000,0,0,0,0,44000,-44000,-44000
055070,聯茂永豐97購01  ,0,0,0,0,0,0,0,0,0,-44000,0,0,0,170000,214000,-44000,-44000
054792,揚明光群益97購01,0,0,0,0,0,0,0,0,0,-44000,0,0,0,0,44000,-44000,-44000
054771,茂林國票98購02  ,0,0,0,0,0,0,0,0,0,-44000,0,0,0,0,44000,-44000,-44000
056257,聯茂元富97購04  ,0,0,0,0,0,0,0,0,0,-44000,0,0,0,139000,183000,-44000,-44000
055873,聚陽元富97購01  ,0,0,0,0,0,0,0,0,0,-44000,0,0,0,11000,55000,-44000,-44000
045308,泰鼎元大93購02  ,0,0,0,0,0,0,0,0,0,-44000,0,0,0,106000,150000,-44000,-44000
049609,全新兆豐95購01  ,0,0,0,0,0,0,0,0,0,-44000,0,0,0,251000,295000,-44000,-44000
047182,智邦元大93購07  ,0,0,0,0,0,0,0,0,0,-44000,0,0,0,12000,56000,-44000,-44000
050133,鈺齊凱基94購01  ,0,0,0,0,0,0,0,0,0,-44000,0,0,0,56000,100000,-44000,-44000
048638,台光電元大94購01,0,0,0,0,0,0,0,0,0,-44000,0,0,0,20000,64000,-44000,-44000
05083P,麗豐永豐95售02  ,0,0,0,0,0,0,0,0,0,-44000,0,0,0,10000,54000,-44000,-44000
049194,卜蜂永豐94購01  ,0,0,0,0,0,0,0,0,0,-44000,0,0,0,0,44000,-44000,-44000
049189,訊芯康和94購01  ,0,0,0,0,0,0,0,0,0,-44000,0,0,0,44000,88000,-44000,-44000
049102,智伸科國泰96購01,0,0,0,0,0,0,0,0,0,-44000,0,0,0,0,44000,-44000,-44000
053913,華新國票97購01  ,0,0,0,0,0,0,0,0,0,-44000,0,0,0,10000,54000,-44000,-44000
053230,達方台新97購01  ,0,0,0,0,0,0,0,0,0,-44000,0,0,0,10000,54000,-44000,-44000
053050,華通國票97購02  ,0,0,0,0,0,0,0,0,0,-44000,0,0,0,0,44000,-44000,-44000
053006,玉晶光永豐96購03,0,0,0,0,0,0,0,0,0,-44000,0,0,0,27000,71000,-44000,-44000
052529,力成元大95購03  ,0,0,0,0,0,0,0,0,0,-44000,0,0,0,10000,54000,-44000,-44000
052534,貿聯國泰96購02  ,0,0,0,0,0,0,0,0,0,-44000,0,0,0,70000,114000,-44000,-44000
051755,台積電元大96購08,0,0,0,0,0,0,0,0,0,-44000,0,0,0,6000,50000,-44000,-44000
051790,貿聯國票95購03  ,0,0,0,0,0,0,0,0,0,-44000,0,0,0,16000,60000,-44000,-44000
1446,宏和            ,3000,47000,-44000,0,0,0,0,0,0,0,0,0,0,0,0,0,-44000
05939P,聯發科凱基96售20,0,0,0,0,0,0,0,0,0,-44000,0,0,0,0,44000,-44000,-44000
056940,嘉聯益元富98購01,0,0,0,0,0,0,0,0,0,-44000,0,0,0,4000,48000,-44000,-44000
057002,友達國票98購01  ,0,0,0,0,0,0,0,0,0,-44000,0,0,0,70000,114000,-44000,-44000
056019,燿華群益97購02  ,0,0,0,0,0,0,0,0,0,-45000,0,0,0,2000,47000,-45000,-45000
055986,祥碩元富97購01  ,0,0,0,0,0,0,0,0,0,-45000,0,0,0,72000,117000,-45000,-45000
055934,景碩群益98購03  ,0,0,0,0,0,0,0,0,0,-45000,0,0,0,303000,348000,-45000,-45000
056133,可成元大97購05  ,0,0,0,0,0,0,0,0,0,-45000,0,0,0,69000,114000,-45000,-45000
054723,鴻海日盛97購01  ,0,0,0,0,0,0,0,0,0,-45000,0,0,0,5000,50000,-45000,-45000
054372,南亞科中信96購01,0,0,0,0,0,0,0,0,0,-45000,0,0,0,1000,46000,-45000,-45000
054289,聯發科元大97購11,0,0,0,0,0,0,0,0,0,-45000,0,0,0,90000,135000,-45000,-45000
054866,宏盛群益98購01  ,0,0,0,0,0,0,0,0,0,-45000,0,0,0,25000,70000,-45000,-45000
046442,聯茂兆豐93購03  ,0,0,0,0,0,0,0,0,0,-45000,0,0,0,0,45000,-45000,-45000
047348,台光電凱基94購02,0,0,0,0,0,0,0,0,0,-45000,0,0,0,0,45000,-45000,-45000
047602,GIS中信93購02   ,0,0,0,0,0,0,0,0,0,-45000,0,0,0,0,45000,-45000,-45000
047479,美律凱基94購01  ,0,0,0,0,0,0,0,0,0,-45000,0,0,0,0,45000,-45000,-45000
047035,華邦電群益94購02,0,0,0,0,0,0,0,0,0,-45000,0,0,0,0,45000,-45000,-45000
03757P,麗豐永豐93售01  ,0,0,0,0,0,0,0,0,0,-45000,0,0,0,0,45000,-45000,-45000
044816,漢唐兆豐93購02  ,0,0,0,0,0,0,0,0,0,-45000,0,0,0,0,45000,-45000,-45000
044673,上銀凱基93購04  ,0,0,0,0,0,0,0,0,0,-45000,0,0,0,20000,65000,-45000,-45000
05099P,台積電凱基95售06,0,0,0,0,0,0,0,0,0,-45000,0,0,0,0,45000,-45000,-45000
051045,南茂永豐95購01  ,0,0,0,0,0,0,0,0,0,-45000,0,0,0,10000,55000,-45000,-45000
051236,鴻海元大96購05  ,0,0,0,0,0,0,0,0,0,-45000,0,0,0,156000,201000,-45000,-45000
051282,GIS兆豐95購02   ,0,0,0,0,0,0,0,0,0,-45000,0,0,0,0,45000,-45000,-45000
051361,泰鼎元大95購01  ,0,0,0,0,0,0,0,0,0,-45000,0,0,0,17000,62000,-45000,-45000
050569,英業達中信94購01,0,0,0,0,0,0,0,0,0,-45000,0,0,0,0,45000,-45000,-45000
049831,日月光凱基94購01,0,0,0,0,0,0,0,0,0,-45000,0,0,0,15000,60000,-45000,-45000
051806,華通凱基96購02  ,0,0,0,0,0,0,0,0,0,-45000,0,0,0,30000,75000,-45000,-45000
051702,鴻海群益95購08  ,0,0,0,0,0,0,0,0,0,-45000,0,0,0,0,45000,-45000,-45000
051645,光寶科永豐95購01,0,0,0,0,0,0,0,0,0,-45000,0,0,0,90000,135000,-45000,-45000
052843,鴻海統一96購09  ,0,0,0,0,0,0,0,0,0,-45000,0,0,0,2000,47000,-45000,-45000
05282P,可成元大95售09  ,0,0,0,0,0,0,0,0,0,-45000,0,0,0,12000,57000,-45000,-45000
052912,日月光統一96購01,0,0,0,0,0,0,0,0,0,-45000,0,0,0,2000,47000,-45000,-45000
053111,緯創兆豐97購01  ,0,0,0,0,0,0,0,0,0,-45000,0,0,0,24000,69000,-45000,-45000
053281,茂林元大96購02  ,0,0,0,0,0,0,0,0,0,-45000,0,0,0,291000,336000,-45000,-45000
054075,GIS富邦97購02   ,0,0,0,0,0,0,0,0,0,-45000,0,0,0,0,45000,-45000,-45000
054089,台積電群益96購11,0,0,0,0,0,0,0,0,0,-45000,0,0,0,150000,195000,-45000,-45000
054151,瑞昱國泰97購01  ,0,0,0,0,0,0,0,0,0,-45000,0,0,0,40000,85000,-45000,-45000
053705,滬深2X凱基99購01,0,0,0,0,0,0,0,0,0,-45000,0,0,0,0,45000,-45000,-45000
053828,貿聯麥證96購01  ,0,0,0,10000,55000,-45000,0,0,0,-45000,0,0,0,10000,55000,-45000,-45000
057007,奇力新中信98購04,0,0,0,0,0,0,0,0,0,-45000,0,0,0,65000,110000,-45000,-45000
057038,元油2X元大9B購06,0,0,0,0,0,0,0,0,0,-45000,0,0,0,0,45000,-45000,-45000
056852,矽格元富98購01  ,0,0,0,0,0,0,0,0,0,-45000,0,0,0,10000,55000,-45000,-45000
056774,和鑫元大98購01  ,0,0,0,0,0,0,0,0,0,-45000,0,0,0,31000,76000,-45000,-45000
056714,晶相光永豐98購02,0,0,0,0,0,0,0,0,0,-45000,0,0,0,75000,120000,-45000,-45000
06235P,國巨元大97售12  ,0,0,0,0,0,0,0,0,0,-45000,0,0,0,0,45000,-45000,-45000
06411P,晶相光永豐97售03,0,0,0,0,0,0,0,0,0,-45000,0,0,0,0,45000,-45000,-45000
055148,鴻海元大98購02  ,0,0,0,0,0,0,0,0,0,-46000,0,0,0,84000,130000,-46000,-46000
054453,上海銀亞東96購01,0,0,0,0,0,0,0,0,0,-46000,0,0,0,2000,48000,-46000,-46000
054564,玉晶光群益99購01,0,0,0,0,0,0,0,0,0,-46000,0,0,0,216000,262000,-46000,-46000
056411,緯穎國票99購01  ,0,0,0,0,0,0,0,0,0,-46000,0,0,0,35000,81000,-46000,-46000
05642P,玉晶光兆豐97售02,0,0,0,0,0,0,0,0,0,-46000,0,0,0,30000,76000,-46000,-46000
056446,聯發科凱基98購08,0,0,0,0,0,0,0,0,0,-46000,0,0,0,17000,63000,-46000,-46000
035274,華新台新97購01  ,0,0,0,0,0,0,0,0,0,-46000,0,0,0,0,46000,-46000,-46000
03890P,聯詠國泰94售02  ,0,0,0,0,0,0,0,0,0,-46000,0,0,0,0,46000,-46000,-46000
047929,景碩凱基93購03  ,0,0,0,0,0,0,0,0,0,-46000,0,0,0,18000,64000,-46000,-46000
047151,台積電國票94購02,0,0,0,0,0,0,0,0,0,-46000,0,0,0,1000,47000,-46000,-46000
045996,南電富邦94購01  ,0,0,0,0,0,0,0,0,0,-46000,0,0,0,6000,52000,-46000,-46000
048406,欣興群益93購09  ,0,0,0,0,0,0,0,0,0,-46000,0,0,0,0,46000,-46000,-46000
053824,樺漢群益96購02  ,0,0,0,0,0,0,0,0,0,-46000,0,0,0,0,46000,-46000,-46000
054059,欣興國票97購03  ,0,0,0,0,0,0,0,0,0,-46000,0,0,0,14000,60000,-46000,-46000
053447,京鼎凱基96購03  ,0,0,0,0,0,0,0,0,0,-46000,0,0,0,0,46000,-46000,-46000
053548,旺宏凱基96購04  ,0,0,0,0,0,0,0,0,0,-46000,0,0,0,131000,177000,-46000,-46000
051823,矽力元富95購02  ,0,0,0,0,0,0,0,0,0,-46000,0,0,0,0,46000,-46000,-46000
052159,瑞昱永豐95購01  ,0,0,0,0,0,0,0,0,0,-46000,0,0,0,69000,115000,-46000,-46000
05997P,嘉聯益群益96售02,0,0,0,0,0,0,0,0,0,-46000,0,0,0,59000,105000,-46000,-46000
05718P,國巨元大96售09  ,0,0,0,0,0,0,0,0,0,-46000,0,0,0,24000,70000,-46000,-46000
1730,花仙子          ,52000,98000,-46000,0,0,0,0,0,0,0,0,0,0,0,0,0,-46000
2484,希華            ,28000,74000,-46000,0,0,0,0,0,0,0,0,0,0,0,0,0,-46000
9924,福興            ,5000,51000,-46000,0,0,0,0,0,0,0,0,0,0,0,0,0,-46000
055991,鈺齊元富97購01  ,0,0,0,0,0,0,0,0,0,-47000,0,0,0,0,47000,-47000,-47000
055641,鴻海元富97購04  ,0,0,0,0,0,0,0,0,0,-47000,0,0,0,20000,67000,-47000,-47000
055611,燿華國票98購02  ,0,0,0,0,0,0,0,0,0,-47000,0,0,0,13000,60000,-47000,-47000
054539,欣興國票98購01  ,0,0,0,0,0,0,0,0,0,-47000,0,0,0,40000,87000,-47000,-47000
054393,漢唐永豐96購01  ,0,0,0,0,0,0,0,0,0,-47000,0,0,0,0,47000,-47000,-47000
055280,智邦元大97購01  ,0,0,0,0,0,0,0,0,0,-47000,0,0,0,55000,102000,-47000,-47000
054904,興勤康和97購01  ,0,0,0,0,0,0,0,0,0,-47000,0,0,0,0,47000,-47000,-47000
049584,台積電元大96購04,0,0,0,0,0,0,0,0,0,-47000,0,0,0,139000,186000,-47000,-47000
047314,大立光元大93購22,0,0,0,0,0,0,0,0,0,-47000,0,0,0,3000,50000,-47000,-47000
047433,鴻海元大93購16  ,0,0,0,0,0,0,0,0,0,-47000,0,0,0,215000,262000,-47000,-47000
042281,元油2X富邦96購02,0,0,0,0,0,0,0,0,0,-47000,0,0,0,0,47000,-47000,-47000
050391,大立光統一94購07,0,0,0,0,0,0,0,0,0,-47000,0,0,0,46000,93000,-47000,-47000
05123P,鴻海永昌96售07  ,0,0,0,0,0,0,0,0,0,-47000,0,0,0,993000,1040000,-47000,-47000
049075,光磊凱基94購01  ,0,0,0,0,0,0,0,0,0,-47000,0,0,0,0,47000,-47000,-47000
052106,明泰兆豐95購01  ,0,0,0,0,0,0,0,0,0,-47000,0,0,0,0,47000,-47000,-47000
051803,矽創永豐95購03  ,0,0,0,0,0,0,0,0,0,-47000,0,0,0,15000,62000,-47000,-47000
051723,嘉澤永豐95購01  ,0,0,0,0,0,0,0,0,0,-47000,0,0,0,68000,115000,-47000,-47000
052731,宏達電國泰98購01,0,0,0,0,0,0,0,0,0,-47000,0,0,0,30000,77000,-47000,-47000
052709,光寶科日盛96購01,0,0,0,0,0,0,0,0,0,-47000,0,0,0,94000,141000,-47000,-47000
053019,禾伸堂元富96購01,0,0,0,0,0,0,0,0,0,-47000,0,0,0,51000,98000,-47000,-47000
053985,矽創元大96購02  ,0,0,0,0,0,0,0,0,0,-47000,0,0,0,194000,241000,-47000,-47000
053655,全新凱基98購02  ,0,0,0,0,0,0,0,0,0,-47000,0,0,0,5000,52000,-47000,-47000
057024,義隆凱基99購01  ,0,0,0,0,0,0,0,0,0,-47000,0,0,0,0,47000,-47000,-47000
05920P,力成元大96售04  ,0,0,0,0,0,0,0,0,0,-47000,0,0,0,4000,51000,-47000,-47000
06073P,健策永豐97售01  ,0,0,0,0,0,0,0,0,0,-47000,0,0,0,0,47000,-47000,-47000
06339P,上銀統一97售06  ,0,0,0,0,0,0,0,0,0,-47000,0,0,0,2000,49000,-47000,-47000
06503P,臺股指中信9A售02,0,0,0,0,0,0,0,0,0,-47000,0,0,0,0,47000,-47000,-47000
055087,瑞昱亞東97購01  ,0,0,0,0,0,0,0,0,0,-48000,0,0,0,0,48000,-48000,-48000
055088,聯詠亞東97購01  ,0,0,0,0,0,0,0,0,0,-48000,0,0,0,0,48000,-48000,-48000
055047,南港永豐97購01  ,0,0,0,0,0,0,0,0,0,-48000,0,0,0,0,48000,-48000,-48000
054707,聯茂亞東97購01  ,0,0,0,0,0,0,0,0,0,-48000,0,0,0,0,48000,-48000,-48000
055437,禾伸堂中信99購01,0,0,0,0,0,0,0,0,0,-48000,0,0,0,74000,122000,-48000,-48000
055889,鴻海統一97購05  ,0,0,0,0,0,0,0,0,0,-48000,0,0,0,2000,50000,-48000,-48000
055890,鴻海統一99購01  ,0,0,0,0,0,0,0,0,0,-48000,0,0,0,0,48000,-48000,-48000
056415,聯發科中信98購04,0,0,0,0,0,0,0,0,0,-48000,0,0,0,22000,70000,-48000,-48000
056260,鴻海統一98購07  ,0,0,0,0,0,0,0,0,0,-48000,0,0,0,0,48000,-48000,-48000
056256,聯茂元富97購03  ,0,0,0,0,0,0,0,0,0,-48000,0,0,0,106000,154000,-48000,-48000
03763P,聯發科元富96售01,0,0,0,0,0,0,0,0,0,-48000,0,0,0,0,48000,-48000,-48000
04463P,可成元富94售03  ,0,0,0,0,0,0,0,0,0,-48000,0,0,0,10000,58000,-48000,-48000
047918,智邦凱基93購08  ,0,0,0,0,0,0,0,0,0,-48000,0,0,0,20000,68000,-48000,-48000
049535,臻鼎永豐94購01  ,0,0,0,0,0,0,0,0,0,-48000,0,0,0,20000,68000,-48000,-48000
050317,和鑫國票95購02  ,0,0,0,0,0,0,0,0,0,-48000,0,0,0,18000,66000,-48000,-48000
051041,大立光永豐95購01,0,0,0,0,0,0,0,0,0,-48000,0,0,0,20000,68000,-48000,-48000
051338,揚明光永豐95購02,0,0,0,0,0,0,0,0,0,-48000,0,0,0,152000,200000,-48000,-48000
050515,聯電元大96購01  ,0,0,0,0,0,0,0,0,0,-48000,0,0,0,51000,99000,-48000,-48000
048431,瑞昱國票94購01  ,0,0,0,0,0,0,0,0,0,-48000,0,0,0,8000,56000,-48000,-48000
048330,大立光永昌93購07,0,0,0,0,0,0,0,0,0,-48000,0,0,0,0,48000,-48000,-48000
053842,聯發科統一96購08,0,0,0,0,0,0,0,0,0,-48000,0,0,0,0,48000,-48000,-48000
053772,大成鋼元大96購02,0,0,0,0,0,0,0,0,0,-48000,0,0,0,0,48000,-48000,-48000
054115,台塑康和96購01  ,0,0,0,0,0,0,0,0,0,-48000,0,0,0,0,48000,-48000,-48000
053189,聯發科統一96購05,0,0,0,0,0,0,0,0,0,-48000,0,0,0,0,48000,-48000,-48000
052502,瀚宇博永豐95購02,0,0,0,0,0,0,0,0,0,-48000,0,0,0,0,48000,-48000,-48000
051897,台光電國泰97購01,0,0,0,0,0,0,0,0,0,-48000,0,0,0,34000,82000,-48000,-48000
06509P,鴻海群益98售03  ,0,0,0,0,0,0,0,0,0,-48000,0,0,0,0,48000,-48000,-48000
056759,元油2X元大98購05,0,0,0,0,0,0,0,0,0,-48000,0,0,0,2000,50000,-48000,-48000
056881,台灣50康和9A購01,0,0,0,0,0,0,0,0,0,-48000,0,0,0,0,48000,-48000,-48000
056061,國泰金元大97購02,0,0,0,0,0,0,0,0,0,-49000,0,0,0,106000,155000,-49000,-49000
055726,台表科元大98購03,0,0,0,0,0,0,0,0,0,-49000,0,0,0,175000,224000,-49000,-49000
054217,台表科國票97購05,0,0,0,0,0,0,0,0,0,-49000,0,0,0,34000,83000,-49000,-49000
055079,台光電中信97購01,0,0,0,0,0,0,0,0,0,-49000,0,0,0,314000,363000,-49000,-49000
047395,聯茂元大94購01  ,0,0,0,0,0,0,0,0,0,-49000,0,0,0,26000,75000,-49000,-49000
046225,南亞科元大92購05,0,0,0,0,0,0,0,0,0,-49000,0,0,0,1000,50000,-49000,-49000
046486,樺漢國泰94購01  ,0,0,0,0,0,0,0,0,0,-49000,0,0,0,104000,153000,-49000,-49000
04241P,欣興國泰95售02  ,0,0,0,0,0,0,0,0,0,-49000,0,0,0,10000,59000,-49000,-49000
049903,大立光元富94購06,0,0,0,0,0,0,0,0,0,-49000,0,0,0,6000,55000,-49000,-49000
048719,亞光永豐94購01  ,0,0,0,0,0,0,0,0,0,-49000,0,0,0,56000,105000,-49000,-49000
050448,義隆元大94購04  ,0,0,0,0,0,0,0,0,0,-49000,0,0,0,20000,69000,-49000,-49000
050324,訊芯台新94購01  ,0,0,0,0,0,0,0,0,0,-49000,0,0,0,0,49000,-49000,-49000
049341,旺宏統一95購01  ,0,0,0,0,0,0,0,0,0,-49000,0,0,0,4000,53000,-49000,-49000
049869,訊芯兆豐94購01  ,0,0,0,0,0,0,0,0,0,-49000,0,0,0,474000,523000,-49000,-49000
051233,力成群益97購01  ,0,0,0,0,0,0,0,0,0,-49000,0,0,0,13000,62000,-49000,-49000
051180,喬山永豐95購03  ,0,0,0,0,0,0,0,0,0,-49000,0,0,0,0,49000,-49000,-49000
051214,大立光統一95購02,0,0,0,0,0,0,0,0,0,-49000,0,0,0,38000,87000,-49000,-49000
05239P,欣興永豐95售03  ,0,0,0,0,0,0,0,0,0,-49000,0,0,0,0,49000,-49000,-49000
052319,可成元大95購12  ,0,0,0,0,0,0,0,0,0,-49000,0,0,0,367000,416000,-49000,-49000
052354,健策群益96購02  ,0,0,0,0,0,0,0,0,0,-49000,0,0,0,287000,336000,-49000,-49000
053160,台表科元大96購03,0,0,0,0,0,0,0,0,0,-49000,0,0,0,0,49000,-49000,-49000
053476,冠德元大96購03  ,0,0,0,0,0,0,0,0,0,-49000,0,0,0,0,49000,-49000,-49000
056625,致伸永豐98購01  ,0,0,0,0,0,0,0,0,0,-49000,0,0,0,112000,161000,-49000,-49000
1231,聯華食          ,0,49000,-49000,0,0,0,0,0,0,0,0,0,0,0,0,0,-49000
06376P,上銀統一99售01  ,0,0,0,0,0,0,0,0,0,-49000,0,0,0,0,49000,-49000,-49000
06032P,健策群益97售03  ,0,0,0,0,0,0,0,0,0,-49000,0,0,0,1000,50000,-49000,-49000
05502P,台表科國票97售01,0,0,0,0,0,0,0,0,0,-50000,0,0,0,0,50000,-50000,-50000
054915,興勤凱基97購01  ,0,0,0,0,0,0,0,0,0,-50000,0,0,0,0,50000,-50000,-50000
05531P,臺股指群益96售04,0,0,0,0,0,0,0,0,0,-50000,0,0,0,0,50000,-50000,-50000
055368,台積電元大97購24,0,0,0,0,0,0,0,0,0,-50000,0,0,0,121000,171000,-50000,-50000
054407,美律國票97購02  ,0,0,0,0,0,0,0,0,0,-50000,0,0,0,60000,110000,-50000,-50000
054730,上証2X凱基98購02,0,0,0,0,0,0,0,0,0,-50000,0,0,0,0,50000,-50000,-50000
054551,聯發科凱基98購02,0,0,0,0,0,0,0,0,0,-50000,0,0,0,0,50000,-50000,-50000
055659,百和元富97購01  ,0,0,0,0,0,0,0,0,0,-50000,0,0,0,0,50000,-50000,-50000
056124,華通國票98購02  ,0,0,0,0,0,0,0,0,0,-50000,0,0,0,0,50000,-50000,-50000
056264,聯發科統一98購02,0,0,0,0,0,0,0,0,0,-50000,0,0,0,48000,98000,-50000,-50000
056302,大立光元大97購17,0,0,0,0,0,0,0,0,0,-50000,0,0,0,0,50000,-50000,-50000
056457,嘉澤凱基98購01  ,0,0,0,0,0,0,0,0,0,-50000,0,0,0,4000,54000,-50000,-50000
056493,晶技國泰99購01  ,0,0,0,0,0,0,0,0,0,-50000,0,0,0,13000,63000,-50000,-50000
05655P,南亞科統一96售01,0,0,0,0,0,0,0,0,0,-50000,0,0,0,0,50000,-50000,-50000
045288,元油2X元大95購02,0,0,0,0,0,0,0,0,0,-50000,0,0,0,0,50000,-50000,-50000
03871P,智邦群益93售02  ,0,0,0,0,0,0,0,0,0,-50000,0,0,0,0,50000,-50000,-50000
03908P,致茂元大93售03  ,0,0,0,0,0,0,0,0,0,-50000,0,0,0,0,50000,-50000,-50000
03146P,台灣50群益03售01,0,0,0,0,0,0,0,0,0,-50000,0,0,0,0,50000,-50000,-50000
03240P,臺股指元大02售05,0,0,0,0,0,0,0,0,0,-50000,0,0,0,0,50000,-50000,-50000
04152P,喬山永豐93售02  ,0,0,0,0,0,0,0,0,0,-50000,0,0,0,0,50000,-50000,-50000
04028P,燿華凱基94售02  ,0,0,0,0,0,0,0,0,0,-50000,0,0,0,0,50000,-50000,-50000
044641,上証2X國票93購02,0,0,0,0,0,0,0,0,0,-50000,0,0,0,0,50000,-50000,-50000
04465P,大立光元富94售03,0,0,0,0,0,0,0,0,0,-50000,0,0,0,0,50000,-50000,-50000
044926,聯詠國泰93購01  ,0,0,0,0,0,0,0,0,0,-50000,0,0,0,0,50000,-50000,-50000
04372P,臺股指凱基94售02,0,0,0,0,0,0,0,0,0,-50000,0,0,0,0,50000,-50000,-50000
04338P,亞光元大93售04  ,0,0,0,0,0,0,0,0,0,-50000,0,0,0,0,50000,-50000,-50000
043391,康控元大94購01  ,0,0,0,0,0,0,0,0,0,-50000,0,0,0,0,50000,-50000,-50000
047750,開發金元富93購01,0,0,0,0,0,0,0,0,0,-50000,0,0,0,0,50000,-50000,-50000
047763,旺宏元大94購04  ,0,50000,-50000,0,0,0,0,0,0,0,0,0,0,59000,59000,0,-50000
046487,鴻海永昌92購01  ,0,0,0,0,0,0,0,0,0,-50000,0,0,0,4000,54000,-50000,-50000
046646,冠德國泰94購01  ,0,0,0,0,0,0,0,0,0,-50000,0,0,0,0,50000,-50000,-50000
04625P,燿華元大94售03  ,0,0,0,0,0,0,0,0,0,-50000,0,0,0,0,50000,-50000,-50000
047954,漢唐永豐93購02  ,0,0,0,0,0,0,0,0,0,-50000,0,0,0,0,50000,-50000,-50000
047301,啟碁國泰94購01  ,0,0,0,0,0,0,0,0,0,-50000,0,0,0,0,50000,-50000,-50000
049379,智原元大95購01  ,0,0,0,0,0,0,0,0,0,-50000,0,0,0,30000,80000,-50000,-50000
049619,宏達電群益95購02,0,0,0,0,0,0,0,0,0,-50000,0,0,0,0,50000,-50000,-50000
046166,嘉聯益兆豐93購01,0,0,0,0,0,0,0,0,0,-50000,0,0,0,0,50000,-50000,-50000
047286,美律統一93購02  ,0,0,0,0,0,0,0,0,0,-50000,0,0,0,18000,68000,-50000,-50000
05113P,臺股指元富95售01,0,0,0,0,0,0,0,0,0,-50000,0,0,0,0,50000,-50000,-50000
050923,南亞科凱基95購03,0,0,0,0,0,0,0,0,0,-50000,0,0,0,0,50000,-50000,-50000
051382,玉晶光群益98購02,0,0,0,0,0,0,0,0,0,-50000,0,0,0,0,50000,-50000,-50000
048097,聯詠凱基93購07  ,0,0,0,0,0,0,0,0,0,-50000,0,0,0,0,50000,-50000,-50000
048132,冠德國票94購01  ,0,0,0,0,0,0,0,0,0,-50000,0,0,0,0,50000,-50000,-50000
049232,元油2X統一94購04,0,0,0,0,0,0,0,0,0,-50000,0,0,0,0,50000,-50000,-50000
050843,富邦金國票96購01,0,0,0,0,0,0,0,0,0,-50000,0,0,0,20000,70000,-50000,-50000
050828,康控凱基95購01  ,0,0,0,0,0,0,0,0,0,-50000,0,0,0,0,50000,-50000,-50000
05032P,台積電國泰96售05,0,0,0,0,0,0,0,0,0,-50000,0,0,0,0,50000,-50000,-50000
050347,上証2X群益98購01,0,0,0,0,0,0,0,0,0,-50000,0,0,0,0,50000,-50000,-50000
050513,亞泥元大94購02  ,0,0,0,0,0,0,0,0,0,-50000,0,0,0,6000,56000,-50000,-50000
050461,GIS元大95購04   ,0,0,0,0,0,0,0,0,0,-50000,0,0,0,0,50000,-50000,-50000
049964,強茂元富94購01  ,0,0,0,0,0,0,0,0,0,-50000,0,0,0,0,50000,-50000,-50000
049984,揚明光凱基94購04,0,0,0,0,0,0,0,0,0,-50000,0,0,0,0,50000,-50000,-50000
05016P,臺股指元大95售07,0,0,0,0,0,0,0,0,0,-50000,0,0,0,0,50000,-50000,-50000
049817,南電元大94購07  ,0,0,0,0,0,0,0,0,0,-50000,0,0,0,0,50000,-50000,-50000
050083,旺宏元富94購01  ,0,0,0,0,0,0,0,0,0,-50000,0,0,0,0,50000,-50000,-50000
04889P,華通元大94售03  ,0,0,0,0,0,0,0,0,0,-50000,0,0,0,0,50000,-50000,-50000
048331,臺指反富邦97購01,0,0,0,0,0,0,0,0,0,-50000,0,0,0,0,50000,-50000,-50000
048424,揚明光元富95購01,0,0,0,0,0,0,0,0,0,-50000,0,0,0,0,50000,-50000,-50000
049884,訊芯永豐94購01  ,0,0,0,0,0,0,0,0,0,-50000,0,0,0,0,50000,-50000,-50000
053545,上銀凱基96購03  ,0,0,0,0,0,0,0,0,0,-50000,0,0,0,0,50000,-50000,-50000
053108,南亞科兆豐96購01,0,0,0,0,0,0,0,0,0,-50000,0,0,0,20000,70000,-50000,-50000
054040,中石化元大9C購01,0,0,0,0,0,0,0,0,0,-50000,0,0,0,0,50000,-50000,-50000
053859,台積電元大97購09,0,0,0,0,0,0,0,0,0,-50000,0,0,0,109000,159000,-50000,-50000
052447,聯發科元大96購04,0,0,0,0,0,0,0,0,0,-50000,0,0,0,24000,74000,-50000,-50000
052543,聯詠元富95購01  ,0,0,0,0,0,0,0,0,0,-50000,0,0,0,20000,70000,-50000,-50000
05273P,國巨群益95售02  ,0,0,0,0,0,0,0,0,0,-50000,0,0,0,0,50000,-50000,-50000
052909,上銀統一96購01  ,0,0,0,0,0,0,0,0,0,-50000,0,0,0,0,50000,-50000,-50000
051901,嘉聯益富邦96購01,0,0,0,0,0,0,0,0,0,-50000,0,0,0,0,50000,-50000,-50000
051983,道瓊反元大95購01,0,0,0,0,0,0,0,0,0,-50000,0,0,0,0,50000,-50000,-50000
051822,和碩元富95購01  ,0,0,0,0,0,0,0,0,0,-50000,0,0,0,10000,60000,-50000,-50000
051663,鴻海元大95購18  ,0,0,0,0,0,0,0,0,0,-50000,0,0,0,0,50000,-50000,-50000
05972P,瑞昱元大96售01  ,0,0,0,0,0,0,0,0,0,-50000,0,0,0,0,50000,-50000,-50000
05931P,鴻海凱基96售15  ,0,0,0,0,0,0,0,0,0,-50000,0,0,0,10000,60000,-50000,-50000
06405P,億光元富97售02  ,0,0,0,0,0,0,0,0,0,-50000,0,0,0,5000,55000,-50000,-50000
06254P,臺股指群益97售07,0,0,0,0,0,0,0,0,0,-50000,0,0,0,0,50000,-50000,-50000
08966P,臺指反元大04售07,0,0,0,0,0,0,0,0,0,-50000,0,0,0,0,50000,-50000,-50000
056621,宏達電永豐98購01,0,0,0,0,0,0,0,0,0,-50000,0,0,0,0,50000,-50000,-50000
056634,為升兆豐99購01  ,0,0,0,0,0,0,0,0,0,-50000,0,0,0,0,50000,-50000,-50000
056664,上証反中信9B購01,0,0,0,0,0,0,0,0,0,-50000,0,0,0,0,50000,-50000,-50000
056923,奇力新兆豐99購02,0,0,0,0,0,0,0,0,0,-50000,0,0,0,240000,290000,-50000,-50000
056927,T50反1台新02購01,0,0,0,0,0,0,0,0,0,-50000,0,0,0,0,50000,-50000,-50000
057098,新光金台新98購01,0,0,0,0,0,0,0,0,0,-50000,0,0,0,0,50000,-50000,-50000
057066,緯穎富邦99購01  ,0,0,0,0,0,0,0,0,0,-50000,0,0,0,0,50000,-50000,-50000
057179,可成元大98購04  ,0,0,0,0,0,0,0,0,0,-50000,0,0,0,123000,173000,-50000,-50000
057162,上銀元大98購03  ,0,0,0,0,0,0,0,0,0,-50000,0,0,0,0,50000,-50000,-50000
057163,上銀元大98購04  ,0,0,0,0,0,0,0,0,0,-50000,0,0,0,0,50000,-50000,-50000
2545,皇翔            ,11000,61000,-50000,0,0,0,0,0,0,0,0,0,0,0,0,0,-50000
1723,中碳            ,8000,69000,-61000,0,0,0,0,0,0,11000,11000,0,11000,0,0,0,-50000
2020,美亞            ,4000,54000,-50000,0,0,0,0,0,0,0,0,0,0,0,0,0,-50000
047316,大立光元大94購01,0,0,0,0,0,0,0,0,0,-51000,0,0,0,0,51000,-51000,-51000
047494,華邦電元富96購01,0,0,0,0,0,0,0,0,0,-51000,0,0,0,0,51000,-51000,-51000
047029,日月光元大93購01,0,0,0,0,0,0,0,0,0,-51000,0,0,0,0,51000,-51000,-51000
044382,嘉聯益群益94購01,0,0,0,0,0,0,0,0,0,-51000,0,0,0,0,51000,-51000,-51000
045669,華通元大93購02  ,0,0,0,0,0,0,0,0,0,-51000,0,0,0,57000,108000,-51000,-51000
03956P,欣興統一93售02  ,0,0,0,0,0,0,0,0,0,-51000,0,0,0,50000,101000,-51000,-51000
036805,國巨元富93購02  ,0,0,0,0,0,0,0,0,0,-51000,0,0,0,184000,235000,-51000,-51000
048594,泰鼎群益93購02  ,0,0,0,0,0,0,0,0,0,-51000,0,0,0,28000,79000,-51000,-51000
050314,晶技兆豐94購01  ,0,0,0,0,0,0,0,0,0,-51000,0,0,0,49000,100000,-51000,-51000
050030,嘉晶元大94購03  ,0,0,0,0,0,0,0,0,0,-51000,0,0,0,93000,144000,-51000,-51000
052724,力成統一97購01  ,0,0,0,0,0,0,0,0,0,-51000,0,0,0,29000,80000,-51000,-51000
052604,建準元大97購01  ,0,0,0,0,0,0,0,0,0,-51000,0,0,0,10000,61000,-51000,-51000
053908,貿聯凱基98購01  ,0,0,0,0,0,0,0,0,0,-51000,0,0,0,10000,61000,-51000,-51000
053275,燿華元大97購01  ,0,0,0,0,0,0,0,0,0,-51000,0,0,0,24000,75000,-51000,-51000
2365,昆盈            ,9000,60000,-51000,0,0,0,0,0,0,0,0,0,0,0,0,0,-51000
2816,旺旺保          ,1000,52000,-51000,0,0,0,0,0,0,0,0,0,0,0,0,0,-51000
057111,立積群益98購02  ,0,0,0,0,0,0,0,0,0,-51000,0,0,0,0,51000,-51000,-51000
05673P,台積電群益96售05,0,0,0,0,0,0,0,0,0,-51000,0,0,0,65000,116000,-51000,-51000
06550P,健策元大99售01  ,0,0,0,0,0,0,0,0,0,-51000,0,0,0,0,51000,-51000,-51000
06017P,亞光凱基96售04  ,0,0,0,0,0,0,0,0,0,-51000,0,0,0,0,51000,-51000,-51000
06106P,國巨群益97售02  ,0,0,0,0,0,0,0,0,0,-51000,0,0,0,0,51000,-51000,-51000
056533,友達凱基9A購02  ,0,0,0,0,0,0,0,0,0,-52000,0,0,0,0,52000,-52000,-52000
055616,智原國票97購03  ,0,0,0,0,0,0,0,0,0,-52000,0,0,0,41000,93000,-52000,-52000
05549P,臺股指元大96售03,0,0,0,0,0,0,0,0,0,-52000,0,0,0,150000,202000,-52000,-52000
055504,貿聯元大98購04  ,0,0,0,0,0,0,0,0,0,-52000,0,0,0,0,52000,-52000,-52000
054541,康控國票98購01  ,0,0,0,0,0,0,0,0,0,-52000,0,0,0,166000,218000,-52000,-52000
054627,義隆凱基98購01  ,0,0,0,0,0,0,0,0,0,-52000,0,0,0,8000,60000,-52000,-52000
03420B,臺股指元大95熊31,0,0,0,0,0,0,0,0,0,-52000,0,0,0,13000,65000,-52000,-52000
04363P,儒鴻元富94售01  ,0,0,0,0,0,0,0,0,0,-52000,0,0,0,101000,153000,-52000,-52000
043958,臻鼎元富94購01  ,0,0,0,0,0,0,0,0,0,-52000,0,0,0,311000,363000,-52000,-52000
046604,康控群益93購02  ,0,0,0,0,0,0,0,0,0,-52000,0,0,0,10000,62000,-52000,-52000
04616P,臺股指群益95售02,0,0,0,0,0,0,0,0,0,-52000,0,0,0,250000,302000,-52000,-52000
047144,華通群益94購01  ,0,0,0,0,0,0,0,0,0,-52000,0,0,0,48000,100000,-52000,-52000
048978,晶相光元大94購02,0,0,0,0,0,0,0,0,0,-52000,0,0,0,83000,135000,-52000,-52000
049906,光寶科元大94購03,0,0,0,0,0,0,0,0,0,-52000,0,0,0,0,52000,-52000,-52000
04808P,訊芯永豐94售02  ,0,0,0,0,0,0,0,0,0,-52000,0,0,0,0,52000,-52000,-52000
048271,可成富邦95購02  ,0,0,0,0,0,0,0,0,0,-52000,0,0,0,50000,102000,-52000,-52000
053133,華邦電國票97購01,0,0,0,0,0,0,0,0,0,-52000,0,0,0,30000,82000,-52000,-52000
05381P,聯詠群益95售02  ,0,0,0,0,0,0,0,0,0,-52000,0,0,0,0,52000,-52000,-52000
052478,大立光群益95購05,0,0,0,0,0,0,0,0,0,-52000,0,0,0,41000,93000,-52000,-52000
052257,燿華國泰96購01  ,0,0,0,0,0,0,0,0,0,-52000,0,0,0,50000,102000,-52000,-52000
051578,智邦元大96購01  ,0,0,0,0,0,0,0,0,0,-52000,0,0,0,83000,135000,-52000,-52000
051843,聯發科富邦99購01,0,0,0,0,0,0,0,0,0,-52000,0,0,0,1115000,1167000,-52000,-52000
051713,大立光台新95購03,0,0,0,0,0,0,0,0,0,-52000,0,0,0,0,52000,-52000,-52000
051761,富邦金元大96購01,0,0,0,0,0,0,0,0,0,-52000,0,0,0,57000,109000,-52000,-52000
05995P,T50正2中信9C售01,0,0,0,0,0,0,0,0,0,-52000,0,0,0,13000,65000,-52000,-52000
056931,智原台新98購01  ,0,0,0,0,0,0,0,0,0,-52000,0,0,0,63000,115000,-52000,-52000
3645,達邁            ,141000,194000,-53000,0,0,0,0,0,0,1000,3000,2000,1000,0,0,0,-52000
054200,美律富邦97購02  ,0,0,0,0,0,0,0,0,0,-53000,0,0,0,52000,105000,-53000,-53000
055805,矽力永豐97購01  ,0,0,0,0,0,0,0,0,0,-53000,0,0,0,32000,85000,-53000,-53000
046657,燿華元大93購01  ,0,0,0,0,0,0,0,0,0,-53000,0,0,0,7000,60000,-53000,-53000
047612,瑞昱群益93購03  ,0,0,0,0,0,0,0,0,0,-53000,0,0,0,15000,68000,-53000,-53000
045734,全新國票93購01  ,0,0,0,0,0,0,0,0,0,-53000,0,0,0,21000,74000,-53000,-53000
046856,健鼎元大93購01  ,0,0,0,0,0,0,0,0,0,-53000,0,0,0,15000,68000,-53000,-53000
03932P,欣興統一93售01  ,0,0,0,0,0,0,0,0,0,-53000,0,0,0,0,53000,-53000,-53000
050119,瀚宇博元大95購03,0,0,0,0,0,0,0,0,0,-53000,0,0,0,4000,57000,-53000,-53000
050702,崇越凱基94購01  ,0,0,0,0,0,0,0,0,0,-53000,0,0,0,0,53000,-53000,-53000
051007,台光電麥證95購01,0,0,0,133000,186000,-53000,0,0,0,-53000,0,0,0,133000,186000,-53000,-53000
051639,康友國票96購02  ,0,0,0,0,0,0,0,0,0,-53000,0,0,0,174000,227000,-53000,-53000
052016,神基永豐95購01  ,0,0,0,0,0,0,0,0,0,-53000,0,0,0,5000,58000,-53000,-53000
052759,京元電群益96購01,0,0,0,0,0,0,0,0,0,-53000,0,0,0,0,53000,-53000,-53000
052960,中環凱基96購01  ,0,0,0,0,0,0,0,0,0,-53000,0,0,0,7000,60000,-53000,-53000
2504,國產            ,536000,732000,-196000,0,0,0,0,0,0,143000,219000,20000,199000,0,56000,-56000,-53000
5264,鎧勝-KY         ,276000,325000,-49000,0,0,0,0,0,0,-4000,11000,0,11000,0,15000,-15000,-53000
05674P,瑞昱群益96售02  ,0,0,0,0,0,0,0,0,0,-53000,0,0,0,0,53000,-53000,-53000
055772,致茂凱基97購01  ,0,0,0,0,0,0,0,0,0,-54000,0,0,0,4000,58000,-54000,-54000
054484,仁寶台新96購01  ,0,0,0,0,0,0,0,0,0,-54000,0,0,0,38000,92000,-54000,-54000
054569,GIS群益98購01   ,0,0,0,0,0,0,0,0,0,-54000,0,0,0,55000,109000,-54000,-54000
047072,義隆兆豐94購01  ,0,0,0,0,0,0,0,0,0,-54000,0,0,0,177000,231000,-54000,-54000
051075,智邦國泰97購01  ,0,0,0,0,0,0,0,0,0,-54000,0,0,0,38000,92000,-54000,-54000
050627,華通中信94購02  ,0,0,0,0,0,0,0,0,0,-54000,0,0,0,91000,145000,-54000,-54000
049052,台積電永豐94購02,0,0,0,0,0,0,0,0,0,-54000,0,0,0,1000,55000,-54000,-54000
048288,T50反1群益93購05,0,0,0,0,0,0,0,0,0,-54000,0,0,0,0,54000,-54000,-54000
048261,鴻海元富95購01  ,0,0,0,0,0,0,0,0,0,-54000,0,0,0,7000,61000,-54000,-54000
053557,聯茂凱基96購04  ,0,0,0,0,0,0,0,0,0,-54000,0,0,0,0,54000,-54000,-54000
053741,漢唐國票97購03  ,0,0,0,0,0,0,0,0,0,-54000,0,0,0,0,54000,-54000,-54000
053615,光罩群益96購01  ,0,0,0,0,0,0,0,0,0,-54000,0,0,0,39000,93000,-54000,-54000
054170,泰鼎凱基98購01  ,0,0,0,0,0,0,0,0,0,-54000,0,0,0,24000,78000,-54000,-54000
052121,全新國票96購03  ,0,0,0,0,0,0,0,0,0,-54000,0,0,0,30000,84000,-54000,-54000
051780,矽力群益95購01  ,0,0,0,0,0,0,0,0,0,-54000,0,0,0,2000,56000,-54000,-54000
056715,瀚宇博永豐98購01,0,0,0,0,0,0,0,0,0,-54000,0,0,0,140000,194000,-54000,-54000
056620,華新科永豐98購02,0,0,0,0,0,0,0,0,0,-54000,0,0,0,44000,98000,-54000,-54000
057102,亞光中信9A購01  ,0,0,0,0,0,0,0,0,0,-54000,0,0,0,0,54000,-54000,-54000
06028P,智邦台新97售01  ,0,0,0,0,0,0,0,0,0,-54000,0,0,0,219000,273000,-54000,-54000
05824P,臺股指凱基96售21,0,0,0,0,0,0,0,0,0,-54000,0,0,0,0,54000,-54000,-54000
06598P,奇力新永豐98售02,0,0,0,0,0,0,0,0,0,-54000,0,0,0,0,54000,-54000,-54000
054224,亞光統一98購01  ,0,0,0,0,0,0,0,0,0,-55000,0,0,0,46000,101000,-55000,-55000
054246,國巨元大96購12  ,0,0,0,0,0,0,0,0,0,-55000,0,0,0,50000,105000,-55000,-55000
05517P,臻鼎元大96售01  ,0,0,0,0,0,0,0,0,0,-55000,0,0,0,30000,85000,-55000,-55000
042433,元油2X永豐96購01,0,0,0,0,0,0,0,0,0,-55000,0,0,0,0,55000,-55000,-55000
00680L,元大美債20正2   ,0,0,0,0,0,0,0,0,0,-55000,0,0,0,0,55000,-55000,-55000
049925,創意元大95購02  ,0,0,0,0,0,0,0,0,0,-55000,0,0,0,10000,65000,-55000,-55000
050477,矽力永豐94購01  ,0,0,0,0,0,0,0,0,0,-55000,0,0,0,10000,65000,-55000,-55000
05070P,鴻海統一96售04  ,0,0,0,0,0,0,0,0,0,-55000,0,0,0,15000,70000,-55000,-55000
050943,楠梓電群益96購01,0,0,0,0,0,0,0,0,0,-55000,0,0,0,0,55000,-55000,-55000
051467,GIS富邦96購01   ,0,0,0,0,0,0,0,0,0,-55000,0,0,0,0,55000,-55000,-55000
052679,致伸富邦98購01  ,0,0,0,0,0,0,0,0,0,-55000,0,0,0,0,55000,-55000,-55000
053386,聯詠元大96購03  ,0,0,0,0,0,0,0,0,0,-55000,0,0,0,64000,119000,-55000,-55000
053025,燿華富邦98購02  ,0,0,0,0,0,0,0,0,0,-55000,0,0,0,574000,629000,-55000,-55000
05790P,臺股指永昌96售07,0,0,0,0,0,0,0,0,0,-55000,436000,0,436000,0,491000,-491000,-55000
056726,友達日盛9A購01  ,0,0,0,0,0,0,0,0,0,-55000,0,0,0,100000,155000,-55000,-55000
056730,元油2X凱基9A購04,0,0,0,0,0,0,0,0,0,-55000,0,0,0,0,55000,-55000,-55000
5519,隆大            ,19000,49000,-30000,0,0,0,0,0,0,-25000,0,25000,-25000,0,0,0,-55000
2838,聯邦銀          ,298000,484000,-186000,0,0,0,0,0,0,131000,131000,0,131000,0,0,0,-55000
054969,亞翔元大97購01  ,0,0,0,0,0,0,0,0,0,-56000,0,0,0,0,56000,-56000,-56000
054880,華泰統一97購01  ,0,0,0,0,0,0,0,0,0,-56000,0,0,0,114000,170000,-56000,-56000
054277,亞光群益97購01  ,0,0,0,0,0,0,0,0,0,-56000,0,0,0,80000,136000,-56000,-56000
056582,易華電元大98購01,0,0,0,0,0,0,0,0,0,-56000,0,0,0,31000,87000,-56000,-56000
047608,聯發科第一95購01,0,0,0,0,0,0,0,0,0,-56000,0,0,0,0,56000,-56000,-56000
051342,光寶科元大95購01,0,0,0,0,0,0,0,0,0,-56000,0,0,0,52000,108000,-56000,-56000
050850,訊連國票96購01  ,0,0,0,0,0,0,0,0,0,-56000,0,0,0,0,56000,-56000,-56000
048923,國巨永豐94購02  ,0,0,0,0,0,0,0,0,0,-56000,0,0,0,42000,98000,-56000,-56000
04809P,台光電群益94售04,0,0,0,0,0,0,0,0,0,-56000,0,0,0,12000,68000,-56000,-56000
049006,和鑫中信94購01  ,0,0,0,0,0,0,0,0,0,-56000,0,0,0,0,56000,-56000,-56000
053921,嘉晶國票97購03  ,0,0,0,0,0,0,0,0,0,-56000,0,0,0,0,56000,-56000,-56000
052851,滬深2X元富96購02,0,0,0,0,0,0,0,0,0,-56000,0,0,0,10000,66000,-56000,-56000
052231,景碩凱基96購01  ,0,0,0,0,0,0,0,0,0,-56000,0,0,0,2000,58000,-56000,-56000
052242,台達電台新96購01,0,0,0,0,0,0,0,0,0,-56000,0,0,0,19000,75000,-56000,-56000
1442,名軒            ,1000,57000,-56000,0,0,0,0,0,0,0,0,0,0,0,0,0,-56000
1507,永大            ,20000,91000,-71000,0,0,0,0,0,0,15000,15000,0,15000,0,0,0,-56000
056903,大立光元大99購04,0,0,0,0,0,0,0,0,0,-56000,0,0,0,2000,58000,-56000,-56000
057026,長榮航凱基98購01,0,0,0,0,0,0,0,0,0,-56000,0,0,0,0,56000,-56000,-56000
056095,臻鼎元富9A購01  ,0,0,0,0,0,0,0,0,0,-57000,0,0,0,35000,92000,-57000,-57000
055905,可成兆豐97購03  ,0,0,0,0,0,0,0,0,0,-57000,0,0,0,28000,85000,-57000,-57000
055625,亞光富邦98購01  ,0,0,0,0,0,0,0,0,0,-57000,0,0,0,16000,73000,-57000,-57000
054613,大立光永豐97購02,0,0,0,0,0,0,0,0,0,-57000,0,0,0,13000,70000,-57000,-57000
054709,宏達電統一97購01,0,0,0,0,0,0,0,0,0,-57000,0,0,0,0,57000,-57000,-57000
055357,欣興凱基97購04  ,0,0,0,0,0,0,0,0,0,-57000,0,0,0,12000,69000,-57000,-57000
055415,禾伸堂富邦9B購01,0,0,0,0,0,0,0,0,0,-57000,0,0,0,387000,444000,-57000,-57000
044514,亞光凱基93購02  ,0,0,0,0,0,0,0,0,0,-57000,0,0,0,0,57000,-57000,-57000
049031,矽格群益94購01  ,0,0,0,0,0,0,0,0,0,-57000,0,0,0,11000,68000,-57000,-57000
050388,鴻海統一94購09  ,0,0,0,0,0,0,0,0,0,-57000,0,0,0,20000,77000,-57000,-57000
050394,大立光元富94購09,0,0,0,0,0,0,0,0,0,-57000,0,0,0,0,57000,-57000,-57000
051203,微星麥證95購01  ,0,0,0,73000,130000,-57000,0,0,0,-57000,0,0,0,73000,130000,-57000,-57000
052464,大立光統一95購05,0,0,0,0,0,0,0,0,0,-57000,0,0,0,101000,158000,-57000,-57000
052528,茂林元大95購05  ,0,0,0,0,0,0,0,0,0,-57000,0,0,0,160000,217000,-57000,-57000
052907,嘉澤國票97購01  ,0,0,0,0,0,0,0,0,0,-57000,0,0,0,0,57000,-57000,-57000
052586,晶豪科永豐96購01,0,0,0,0,0,0,0,0,0,-57000,0,0,0,20000,77000,-57000,-57000
054000,訊芯群益96購02  ,0,0,0,0,0,0,0,0,0,-57000,0,0,0,139000,196000,-57000,-57000
054180,亞泥康和96購01  ,0,0,0,0,0,0,0,0,0,-57000,0,0,0,0,57000,-57000,-57000
052948,景碩國票97購02  ,0,0,0,0,0,0,0,0,0,-57000,0,0,0,159000,216000,-57000,-57000
053265,南亞科群益96購02,0,0,0,0,0,0,0,0,0,-57000,0,0,0,94000,151000,-57000,-57000
053503,臻鼎兆豐97購01  ,0,0,0,0,0,0,0,0,0,-57000,0,0,0,48000,105000,-57000,-57000
06143P,鴻海永豐97售02  ,0,0,0,0,0,0,0,0,0,-57000,0,0,0,2000,59000,-57000,-57000
2548,華固            ,164000,238000,-74000,0,0,0,3000,0,3000,14000,18000,6000,12000,4000,2000,2000,-57000
2464,盟立            ,130000,187000,-57000,0,0,0,0,0,0,0,0,0,0,0,0,0,-57000
055499,大立光元大98購05,0,0,0,0,0,0,0,0,0,-58000,0,0,0,10000,68000,-58000,-58000
056340,可成凱基98購04  ,0,0,0,0,0,0,0,0,0,-58000,0,0,0,20000,78000,-58000,-58000
056254,為升元富97購01  ,0,0,0,0,0,0,0,0,0,-58000,0,0,0,0,58000,-58000,-58000
047720,聯茂凱基94購03  ,0,0,0,0,0,0,0,0,0,-58000,0,0,0,2000,60000,-58000,-58000
04518P,高鐵群益95售01  ,0,0,0,0,0,0,0,0,0,-58000,0,0,0,0,58000,-58000,-58000
049697,群創元大98購01  ,0,0,0,0,0,0,0,0,0,-58000,0,0,0,108000,166000,-58000,-58000
049404,訊芯群益94購02  ,0,0,0,0,0,0,0,0,0,-58000,0,0,0,158000,216000,-58000,-58000
049522,華通兆豐94購02  ,0,0,0,0,0,0,0,0,0,-58000,0,0,0,202000,260000,-58000,-58000
049516,光罩國票94購02  ,0,0,0,0,0,0,0,0,0,-58000,0,0,0,0,58000,-58000,-58000
049617,光罩群益94購03  ,0,0,0,0,0,0,0,0,0,-58000,0,0,0,66000,124000,-58000,-58000
05086P,鴻海凱基95售13  ,0,0,0,0,0,0,0,0,0,-58000,0,0,0,52000,110000,-58000,-58000
050608,台達電元大94購12,0,0,0,0,0,0,0,0,0,-58000,0,0,0,68000,126000,-58000,-58000
04931P,臻鼎元富94售09  ,0,0,0,0,0,0,0,0,0,-58000,0,0,0,8000,66000,-58000,-58000
048195,聯發科元大93購23,0,0,0,0,0,0,0,0,0,-58000,0,0,0,3000,61000,-58000,-58000
048367,華邦電統一93購01,0,0,0,0,0,0,0,0,0,-58000,0,0,0,0,58000,-58000,-58000
048524,GIS元富94購01   ,0,0,0,0,0,0,0,0,0,-58000,0,0,0,0,58000,-58000,-58000
053161,康友元大96購04  ,0,0,0,0,0,0,0,0,0,-58000,0,0,0,145000,203000,-58000,-58000
054073,群創富邦96購03  ,0,0,0,0,0,0,0,0,0,-58000,0,0,0,77000,135000,-58000,-58000
053862,南亞科元大97購02,0,0,0,0,0,0,0,0,0,-58000,0,0,0,80000,138000,-58000,-58000
052710,玉晶光日盛96購01,0,0,0,0,0,0,0,0,0,-58000,0,0,0,0,58000,-58000,-58000
052513,大立光凱基95購13,0,0,0,0,0,0,0,0,0,-58000,0,0,0,0,58000,-58000,-58000
08674P,嘉晶元富07售02  ,0,0,0,0,0,0,0,0,0,-58000,0,0,0,0,58000,-58000,-58000
06371P,茂林國票98售04  ,0,0,0,0,0,0,0,0,0,-58000,0,0,0,5000,63000,-58000,-58000
056968,揚明光永豐98購02,0,0,0,0,0,0,0,0,0,-58000,0,0,0,38000,96000,-58000,-58000
056657,華邦電元大99購01,0,0,0,0,0,0,0,0,0,-58000,0,0,0,12000,70000,-58000,-58000
055055,精元永豐97購01  ,0,0,0,0,0,0,0,0,0,-59000,0,0,0,0,59000,-59000,-59000
054584,貿聯元富97購01  ,0,0,0,0,0,0,0,0,0,-59000,0,0,0,167000,226000,-59000,-59000
047967,南亞科國泰95購01,0,0,0,0,0,0,0,0,0,-59000,0,0,0,236000,295000,-59000,-59000
03197P,台積電統一01售14,0,0,0,0,0,0,0,0,0,-59000,0,0,0,31000,90000,-59000,-59000
045069,美律元大93購03  ,0,0,0,0,0,0,0,0,0,-59000,0,0,0,55000,114000,-59000,-59000
047895,台積電群益94購04,0,0,0,0,0,0,0,0,0,-59000,0,0,0,75000,134000,-59000,-59000
048499,達運元大96購01  ,0,0,0,0,0,0,0,0,0,-59000,0,0,0,368000,427000,-59000,-59000
048464,康控台新94購01  ,0,0,0,0,0,0,0,0,0,-59000,0,0,0,0,59000,-59000,-59000
050459,台表科元大94購03,0,0,0,0,0,0,0,0,0,-59000,0,0,0,62000,121000,-59000,-59000
048131,全新國票94購02  ,0,0,0,0,0,0,0,0,0,-59000,0,0,0,6000,65000,-59000,-59000
052218,大立光日盛95購01,0,0,0,0,0,0,0,0,0,-59000,0,0,0,0,59000,-59000,-59000
051621,欣興凱基95購02  ,0,0,0,0,0,0,0,0,0,-59000,0,0,0,1000,60000,-59000,-59000
053446,欣興凱基96購02  ,0,0,0,0,0,0,0,0,0,-59000,0,0,0,40000,99000,-59000,-59000
053382,友達元大9C購02  ,0,0,0,0,0,0,0,0,0,-59000,0,0,0,37000,96000,-59000,-59000
057082,玉晶光統一9A購04,0,0,0,0,0,0,0,0,0,-59000,0,0,0,0,59000,-59000,-59000
1457,宜進            ,10000,25000,-15000,0,0,0,0,0,0,-44000,0,44000,-44000,0,0,0,-59000
1905,華紙            ,147000,206000,-59000,0,0,0,0,0,0,0,0,0,0,0,0,0,-59000
054658,道瓊銀元大9A購01,0,0,0,0,0,0,0,0,0,-60000,0,0,0,0,60000,-60000,-60000
054705,欣興亞東97購01  ,0,0,0,0,0,0,0,0,0,-60000,0,0,0,0,60000,-60000,-60000
05473P,聯詠統一97售02  ,0,0,0,0,0,0,0,0,0,-60000,0,0,0,0,60000,-60000,-60000
054850,上海銀兆豐97購01,0,0,0,0,0,0,0,0,0,-60000,0,0,0,10000,70000,-60000,-60000
054943,群光元大97購01  ,0,0,0,0,0,0,0,0,0,-60000,0,0,0,80000,140000,-60000,-60000
056128,和大中信99購01  ,0,0,0,0,0,0,0,0,0,-60000,0,0,0,10000,70000,-60000,-60000
055865,臺股指元大97購02,0,0,0,0,0,0,0,0,0,-60000,0,0,0,0,60000,-60000,-60000
03411P,欣興元大02售08  ,0,0,0,0,0,0,0,0,0,-60000,0,0,0,0,60000,-60000,-60000
04168P,元金2X凱基99售01,0,0,0,0,0,0,0,0,0,-60000,0,0,0,0,60000,-60000,-60000
03735P,訊芯元大93售02  ,0,0,0,0,0,0,0,0,0,-60000,0,0,0,0,60000,-60000,-60000
047567,欣興國票93購05  ,0,0,0,0,0,0,0,0,0,-60000,0,0,0,0,60000,-60000,-60000
046600,鴻海群益94購01  ,0,0,0,0,0,0,0,0,0,-60000,0,0,0,5000,65000,-60000,-60000
048116,矽創群益93購02  ,0,0,0,0,0,0,0,0,0,-60000,0,0,0,0,60000,-60000,-60000
049086,晶相光凱基94購01,0,0,0,0,0,0,0,0,0,-60000,0,0,0,0,60000,-60000,-60000
049284,瑞昱中信94購02  ,0,0,0,0,0,0,0,0,0,-60000,0,0,0,0,60000,-60000,-60000
050698,明泰凱基96購01  ,0,0,0,0,0,0,0,0,0,-60000,0,0,0,0,60000,-60000,-60000
050637,欣興國票94購02  ,0,0,0,0,0,0,0,0,0,-60000,0,0,0,0,60000,-60000,-60000
050865,欣興永豐95購01  ,0,0,0,0,0,0,0,0,0,-60000,0,0,0,0,60000,-60000,-60000
050781,昇陽半元大94購06,0,0,0,0,0,0,0,0,0,-60000,0,0,0,0,60000,-60000,-60000
051105,台光電國票96購01,0,0,0,0,0,0,0,0,0,-60000,0,0,0,0,60000,-60000,-60000
050937,可成國票96購02  ,0,0,0,0,0,0,0,0,0,-60000,0,0,0,0,60000,-60000,-60000
050927,聯詠凱基95購01  ,0,0,0,0,0,0,0,0,0,-60000,0,0,0,29000,89000,-60000,-60000
050979,鴻海元富96購02  ,0,0,0,0,0,0,0,0,0,-60000,0,0,0,30000,90000,-60000,-60000
051323,康控國票96購01  ,0,0,0,0,0,0,0,0,0,-60000,0,0,0,0,60000,-60000,-60000
051257,光寶科國泰96購01,0,0,0,0,0,0,0,0,0,-60000,0,0,0,10000,70000,-60000,-60000
050013,淘帝國泰95購01  ,0,0,0,0,0,0,0,0,0,-60000,0,0,0,0,60000,-60000,-60000
050009,昇陽半永豐94購02,0,0,0,0,0,0,0,0,0,-60000,0,0,0,0,60000,-60000,-60000
050445,鴻海元大94購21  ,0,0,0,0,0,0,0,0,0,-60000,0,0,0,896000,956000,-60000,-60000
048462,南電凱基93購06  ,0,0,0,0,0,0,0,0,0,-60000,0,0,0,0,60000,-60000,-60000
048513,欣興凱基93購04  ,0,0,0,0,0,0,0,0,0,-60000,0,0,0,0,60000,-60000,-60000
04835P,鴻海元大94售18  ,0,0,0,0,0,0,0,0,0,-60000,0,0,0,0,60000,-60000,-60000
048403,聯發科群益93購10,0,0,0,0,0,0,0,0,0,-60000,0,0,0,10000,70000,-60000,-60000
048323,聯茂凱基93購09  ,0,0,0,0,0,0,0,0,0,-60000,0,0,0,0,60000,-60000,-60000
048237,致茂國票94購01  ,0,0,0,0,0,0,0,0,0,-60000,0,0,0,45000,105000,-60000,-60000
048880,昇陽半國票94購01,0,0,0,0,0,0,0,0,0,-60000,0,0,0,0,60000,-60000,-60000
053398,和鑫中信99購01  ,0,0,0,0,0,0,0,0,0,-60000,0,0,0,0,60000,-60000,-60000
05316P,台積電永昌96售06,0,0,0,0,0,0,0,0,0,-60000,0,0,0,0,60000,-60000,-60000
052951,GIS國票97購02   ,0,0,0,0,0,0,0,0,0,-60000,0,0,0,0,60000,-60000,-60000
05374P,台積電國票96售07,0,0,0,0,0,0,0,0,0,-60000,0,0,0,2000,62000,-60000,-60000
053764,A50正2富邦99購01,0,0,0,0,0,0,0,0,0,-60000,0,0,0,10000,70000,-60000,-60000
054058,晶豪科國票98購01,0,0,0,0,0,0,0,0,0,-60000,0,0,0,0,60000,-60000,-60000
05413P,台郡國票96售02  ,0,0,0,0,0,0,0,0,0,-60000,0,0,0,30000,90000,-60000,-60000
053975,大立光元大98購04,0,0,0,0,0,0,0,0,0,-60000,0,0,0,171000,231000,-60000,-60000
051549,健鼎永豐95購01  ,0,0,0,0,0,0,0,0,0,-60000,0,0,0,0,60000,-60000,-60000
051740,可成國票96購04  ,0,0,0,0,0,0,0,0,0,-60000,0,0,0,36000,96000,-60000,-60000
051742,欣興國票96購01  ,0,0,0,0,0,0,0,0,0,-60000,0,0,0,10000,70000,-60000,-60000
05180P,玉晶光凱基95售04,0,0,0,0,0,0,0,0,0,-60000,0,0,0,50000,110000,-60000,-60000
051903,T50反1元大97購02,0,0,0,0,0,0,0,0,0,-60000,0,0,0,0,60000,-60000,-60000
05191P,鴻海台新95售01  ,0,0,0,0,0,0,0,0,0,-60000,0,0,0,30000,90000,-60000,-60000
051972,廣達凱基95購02  ,0,0,0,0,0,0,0,0,0,-60000,0,0,0,0,60000,-60000,-60000
051960,美食永豐95購01  ,0,0,0,0,0,0,0,0,0,-60000,0,0,0,0,60000,-60000,-60000
05226P,智邦統一95售01  ,0,0,0,0,0,0,0,0,0,-60000,0,0,0,0,60000,-60000,-60000
052352,力成元富95購01  ,0,0,0,0,0,0,0,0,0,-60000,0,0,0,0,60000,-60000,-60000
052313,聯電元大98購01  ,0,0,0,0,0,0,0,0,0,-60000,0,0,0,60000,120000,-60000,-60000
052872,智易凱基96購01  ,0,0,0,0,0,0,0,0,0,-60000,0,0,0,0,60000,-60000,-60000
5203,訊連            ,33000,131000,-98000,0,0,0,6000,0,6000,32000,32000,0,32000,10000,10000,0,-60000
911868,同方友友-DR     ,0,60000,-60000,0,0,0,0,0,0,0,0,0,0,0,0,0,-60000
057182,禾伸堂元大99購02,0,0,0,0,0,0,0,0,0,-60000,0,0,0,35000,95000,-60000,-60000
056695,景碩群益99購01  ,0,0,0,0,0,0,0,0,0,-60000,0,0,0,136000,196000,-60000,-60000
056841,友達元富98購03  ,0,0,0,0,0,0,0,0,0,-60000,0,0,0,10000,70000,-60000,-60000
06416P,大立光群益97售06,0,0,0,0,0,0,0,0,0,-60000,0,0,0,0,60000,-60000,-60000
1101B,台泥乙特        ,422790,462790,-40000,0,0,0,0,0,0,-20000,0,20000,-20000,0,0,0,-60000
055630,聯詠永豐97購02  ,0,0,0,0,0,0,0,0,0,-61000,0,0,0,70000,131000,-61000,-61000
056479,玉晶光元大99購05,0,0,0,0,0,0,0,0,0,-61000,0,0,0,17000,78000,-61000,-61000
054937,國巨元大97購03  ,0,0,0,0,0,0,0,0,0,-61000,0,0,0,23000,84000,-61000,-61000
05490P,鴻海元大95售23  ,0,0,0,0,0,0,0,0,0,-61000,0,0,0,65000,126000,-61000,-61000
054577,世芯元大98購01  ,0,0,0,0,0,0,0,0,0,-61000,0,0,0,292000,353000,-61000,-61000
054234,可成群益96購05  ,0,0,0,0,0,0,0,0,0,-61000,0,0,0,31000,92000,-61000,-61000
054210,台光電國票97購03,0,0,0,0,0,0,0,0,0,-61000,0,0,0,16000,77000,-61000,-61000
04025P,宏達電國泰94售01,0,0,0,0,0,0,0,0,0,-61000,0,0,0,39000,100000,-61000,-61000
048741,欣興統一94購02  ,0,0,0,0,0,0,0,0,0,-61000,0,0,0,0,61000,-61000,-61000
05095P,景碩元大95售01  ,0,0,0,0,0,0,0,0,0,-61000,0,0,0,0,61000,-61000,-61000
051077,台郡國泰96購02  ,0,0,0,0,0,0,0,0,0,-61000,0,0,0,102000,163000,-61000,-61000
050768,聯發科元大94購16,0,0,0,0,0,0,0,0,0,-61000,0,0,0,20000,81000,-61000,-61000
050893,鴻海元大96購03  ,0,0,0,0,0,0,0,0,0,-61000,0,0,0,142000,203000,-61000,-61000
049233,聯發科統一94購04,0,0,0,0,0,0,0,0,0,-61000,0,0,0,87000,148000,-61000,-61000
052779,欣興國票97購01  ,0,0,0,0,0,0,0,0,0,-61000,0,0,0,0,61000,-61000,-61000
051707,欣興群益95購02  ,0,0,0,0,0,0,0,0,0,-61000,0,0,0,36000,97000,-61000,-61000
053936,旺宏元富96購04  ,0,0,0,0,0,0,0,0,0,-61000,0,0,0,21000,82000,-61000,-61000
053795,群創亞東96購01  ,0,0,0,0,0,0,0,0,0,-61000,0,0,0,0,61000,-61000,-61000
053103,瀚宇博元富96購01,0,0,0,0,0,0,0,0,0,-61000,0,0,0,190000,251000,-61000,-61000
053420,華邦電永豐96購01,0,0,0,0,0,0,0,0,0,-61000,0,0,0,0,61000,-61000,-61000
056892,旺宏元大9A購02  ,0,0,0,0,0,0,0,0,0,-61000,0,0,0,3000,64000,-61000,-61000
057084,立積統一9B購01  ,0,0,0,0,0,0,0,0,0,-61000,0,0,0,123000,184000,-61000,-61000
054252,奇力新元大96購04,0,0,0,0,0,0,0,0,0,-62000,0,0,0,389000,451000,-62000,-62000
055072,康友永豐97購02  ,0,0,0,0,0,0,0,0,0,-62000,0,0,0,0,62000,-62000,-62000
055127,台虹兆豐97購01  ,0,0,0,0,0,0,0,0,0,-62000,0,0,0,100000,162000,-62000,-62000
055818,晶相光國票97購02,0,0,0,0,0,0,0,0,0,-62000,0,0,0,139000,201000,-62000,-62000
04230P,臺股指中信95售06,0,0,0,0,0,0,0,0,0,-62000,0,0,0,100000,162000,-62000,-62000
04935P,鴻海中信96售01  ,0,0,0,0,0,0,0,0,0,-62000,0,0,0,33000,95000,-62000,-62000
050495,大立光永昌96購01,0,0,0,0,0,0,0,0,0,-62000,0,0,0,0,62000,-62000,-62000
050438,欣興凱基94購09  ,0,0,0,0,0,0,0,0,0,-62000,0,0,0,0,62000,-62000,-62000
04851P,創意永豐94售02  ,0,0,0,0,0,0,0,0,0,-62000,0,0,0,0,62000,-62000,-62000
053578,華新元大98購01  ,0,0,0,0,0,0,0,0,0,-62000,0,0,0,58000,120000,-62000,-62000
054079,鴻海中信98購02  ,0,0,0,0,0,0,0,0,0,-62000,0,0,0,28000,90000,-62000,-62000
052508,矽力日盛95購02  ,0,0,0,0,0,0,0,0,0,-62000,0,0,0,54000,116000,-62000,-62000
056974,臻鼎永昌9C購01  ,0,0,0,0,0,0,0,0,0,-62000,0,0,0,0,62000,-62000,-62000
057183,玉晶光元大99購07,0,0,0,0,0,0,0,0,0,-62000,0,0,0,0,62000,-62000,-62000
056653,元石油元大98購01,0,0,0,0,0,0,0,0,0,-62000,0,0,0,0,62000,-62000,-62000
055970,聯茂元大97購04  ,0,0,0,0,0,0,0,0,0,-63000,0,0,0,22000,85000,-63000,-63000
056366,玉晶光元大99購04,0,0,0,0,0,0,0,0,0,-63000,0,0,0,1000,64000,-63000,-63000
048700,和鑫國票95購01  ,0,0,0,0,0,0,0,0,0,-63000,0,0,0,52000,115000,-63000,-63000
050260,鴻海元大94購15  ,0,0,0,0,0,0,0,0,0,-63000,0,0,0,278000,341000,-63000,-63000
050811,國巨凱基95購02  ,0,0,0,0,0,0,0,0,0,-63000,0,0,0,35000,98000,-63000,-63000
050990,T50反1元大95購01,0,0,0,0,0,0,0,0,0,-63000,0,0,0,7000,70000,-63000,-63000
051466,玉晶光富邦97購01,0,0,0,0,0,0,0,0,0,-63000,0,0,0,80000,143000,-63000,-63000
052148,康友群益95購03  ,0,0,0,0,0,0,0,0,0,-63000,0,0,0,10000,73000,-63000,-63000
053866,景碩元大97購02  ,0,0,0,0,0,0,0,0,0,-63000,0,0,0,216000,279000,-63000,-63000
053311,同欣電凱基96購01,0,0,0,0,0,0,0,0,0,-63000,0,0,0,112000,175000,-63000,-63000
053519,力成群益96購02  ,0,0,0,0,0,0,0,0,0,-63000,0,0,0,0,63000,-63000,-63000
056716,康舒永豐98購01  ,0,0,0,0,0,0,0,0,0,-63000,0,0,0,0,63000,-63000,-63000
05796P,臺股指群益96售10,0,0,0,0,0,0,0,0,0,-63000,0,0,0,50000,113000,-63000,-63000
05894P,友達群益98售02  ,0,0,0,0,0,0,0,0,0,-63000,0,0,0,3000,66000,-63000,-63000
2520,冠德            ,163000,151000,12000,0,0,0,0,100000,-100000,25000,0,0,0,25000,0,25000,-63000
055312,台虹群益99購01  ,0,0,0,0,0,0,0,0,0,-64000,0,0,0,164000,228000,-64000,-64000
054257,揚明光元大96購02,0,0,0,0,0,0,0,0,0,-64000,0,0,0,67000,131000,-64000,-64000
054358,矽創兆豐96購01  ,0,0,0,0,0,0,0,0,0,-64000,0,0,0,116000,180000,-64000,-64000
049668,大立光國泰96購02,0,0,0,0,0,0,0,0,0,-64000,0,0,0,200000,264000,-64000,-64000
045369,康控兆豐93購01  ,0,0,0,0,0,0,0,0,0,-64000,0,0,0,0,64000,-64000,-64000
044496,群創元大93購02  ,0,0,0,0,0,0,0,0,0,-64000,0,0,0,66000,130000,-64000,-64000
044462,漢唐兆豐93購01  ,0,0,0,0,0,0,0,0,0,-64000,0,0,0,10000,74000,-64000,-64000
05062P,大立光富邦98售03,0,0,0,0,0,0,0,0,0,-64000,0,0,0,0,64000,-64000,-64000
049491,聯發科元大95購01,0,0,0,0,0,0,0,0,0,-64000,0,0,0,475000,539000,-64000,-64000
048530,大立光國票93購04,0,0,0,0,0,0,0,0,0,-64000,0,0,0,0,64000,-64000,-64000
052417,聯發科兆豐9B購01,0,0,0,0,0,0,0,0,0,-64000,0,0,0,10000,74000,-64000,-64000
6592,和潤企業        ,16000,80000,-64000,0,0,0,0,0,0,0,0,0,0,0,0,0,-64000
05766P,A50正2凱基99售01,0,0,0,0,0,0,0,0,0,-64000,0,0,0,95000,159000,-64000,-64000
05440P,緯穎國票96售02  ,0,0,0,0,0,0,0,0,0,-65000,0,0,0,0,65000,-65000,-65000
054397,創意永豐96購05  ,0,0,0,0,0,0,0,0,0,-65000,0,0,0,103000,168000,-65000,-65000
056483,TPK元大98購01   ,0,0,0,0,0,0,0,0,0,-65000,0,0,0,66000,131000,-65000,-65000
056129,義隆麥證97購01  ,0,0,0,260000,325000,-65000,0,0,0,-65000,0,0,0,260000,325000,-65000,-65000
056351,鴻海元大98購06  ,0,0,0,0,0,0,0,0,0,-65000,0,0,0,0,65000,-65000,-65000
04420P,奇鋐永豐94售01  ,0,0,0,0,0,0,0,0,0,-65000,0,0,0,10000,75000,-65000,-65000
045280,儒鴻富邦94購01  ,0,0,0,0,0,0,0,0,0,-65000,0,0,0,0,65000,-65000,-65000
03828P,致茂中信95售01  ,0,0,0,0,0,0,0,0,0,-65000,0,0,0,0,65000,-65000,-65000
00763U,街口道瓊銅      ,0,0,0,0,0,0,0,0,0,-65000,0,0,0,0,65000,-65000,-65000
04710P,台積電元大94售16,0,0,0,0,0,0,0,0,0,-65000,0,0,0,0,65000,-65000,-65000
045883,元油2X元大95購07,0,0,0,0,0,0,0,0,0,-65000,0,0,0,0,65000,-65000,-65000
048339,友達元大95購01  ,0,0,0,0,0,0,0,0,0,-65000,0,0,0,0,65000,-65000,-65000
050229,鴻海麥證94購02  ,0,0,0,30000,100000,-70000,0,0,0,-65000,0,0,0,35000,100000,-65000,-65000
048080,元石油凱基96購01,0,0,0,0,0,0,0,0,0,-65000,0,0,0,0,65000,-65000,-65000
049988,貿聯凱基94購02  ,0,0,0,0,0,0,0,0,0,-65000,0,0,0,135000,200000,-65000,-65000
049024,玉晶光群益97購01,0,0,0,0,0,0,0,0,0,-65000,0,0,0,11000,76000,-65000,-65000
049142,智邦元大94購01  ,0,0,0,0,0,0,0,0,0,-65000,0,0,0,21000,86000,-65000,-65000
050918,南亞科日盛95購01,0,0,0,0,0,0,0,0,0,-65000,0,0,0,43000,108000,-65000,-65000
05313P,臺股指群益95售12,0,0,0,0,0,0,0,0,0,-65000,0,0,0,10000,75000,-65000,-65000
053919,可成國票97購02  ,50000,0,50000,0,0,0,0,0,0,-115000,0,0,0,62000,177000,-115000,-65000
057178,可成元大98購03  ,0,0,0,0,0,0,0,0,0,-65000,0,0,0,0,65000,-65000,-65000
05694P,台積電凱基96售09,0,0,0,0,0,0,0,0,0,-65000,0,0,0,5000,70000,-65000,-65000
06466P,台積電統一9B售01,0,0,0,0,0,0,0,0,0,-65000,0,0,0,0,65000,-65000,-65000
06326P,鴻海中信01售01  ,0,0,0,0,0,0,0,0,0,-65000,0,0,0,20000,85000,-65000,-65000
5522,遠雄            ,374000,374000,0,0,0,0,0,0,0,-65000,50000,115000,-65000,0,0,0,-65000
2836,高雄銀          ,2000,91000,-89000,0,0,0,0,0,0,24000,24000,0,24000,0,0,0,-65000
056481,創意元大98購01  ,0,0,0,0,0,0,0,0,0,-66000,0,0,0,23000,89000,-66000,-66000
055159,玉晶光元大98購05,0,0,0,0,0,0,0,0,0,-66000,0,0,0,82000,148000,-66000,-66000
055225,華邦電國票99購01,0,0,0,0,0,0,0,0,0,-66000,0,0,0,0,66000,-66000,-66000
03252P,台積電台新02售01,0,0,0,0,0,0,0,0,0,-66000,0,0,0,0,66000,-66000,-66000
051123,和鑫群益95購01  ,0,0,0,0,0,0,0,0,0,-66000,0,0,0,2000,68000,-66000,-66000
050832,力成凱基95購01  ,0,0,0,0,0,0,0,0,0,-66000,0,0,0,0,66000,-66000,-66000
050174,技嘉元大94購01  ,0,0,0,0,0,0,0,0,0,-66000,0,0,0,170000,236000,-66000,-66000
050558,台積電統一94購14,0,0,0,0,0,0,0,0,0,-66000,0,0,0,60000,126000,-66000,-66000
053354,康控兆豐97購02  ,0,0,0,0,0,0,0,0,0,-66000,0,0,0,193000,259000,-66000,-66000
052819,義隆永豐96購01  ,0,0,0,0,0,0,0,0,0,-66000,0,0,0,35000,101000,-66000,-66000
052220,T50反1凱基98購01,0,0,0,0,0,0,0,0,0,-66000,0,0,0,0,66000,-66000,-66000
06364P,鴻海凱基97售08  ,0,0,0,0,0,0,0,0,0,-66000,0,0,0,50000,116000,-66000,-66000
06383P,聯茂元富97售01  ,0,0,0,0,0,0,0,0,0,-66000,0,0,0,104000,170000,-66000,-66000
06158P,玉晶光元富97售08,0,0,0,0,0,0,0,0,0,-66000,0,0,0,0,66000,-66000,-66000
056623,禾伸堂永豐98購01,0,0,0,0,0,0,0,0,0,-66000,0,0,0,219000,285000,-66000,-66000
00752,中信中國50      ,120,0,120,0,0,0,0,0,0,-67000,0,0,0,444000,511000,-67000,-66880
056416,華新科中信98購01,0,0,0,0,0,0,0,0,0,-67000,0,0,0,68000,135000,-67000,-67000
056604,鴻海富邦9A購01  ,0,0,0,0,0,0,0,0,0,-67000,0,0,0,40000,107000,-67000,-67000
056346,聯茂凱基99購02  ,0,0,0,0,0,0,0,0,0,-67000,0,0,0,68000,135000,-67000,-67000
055422,康控永豐97購01  ,0,0,0,0,0,0,0,0,0,-67000,0,0,0,188000,255000,-67000,-67000
03417B,臺股指凱基95熊19,0,0,0,0,0,0,0,0,0,-67000,0,0,0,0,67000,-67000,-67000
049487,智邦元大94購03  ,0,0,0,0,0,0,0,0,0,-67000,0,0,0,55000,122000,-67000,-67000
049135,台達電元大94購03,0,0,0,0,0,0,0,0,0,-67000,0,0,0,0,67000,-67000,-67000
050914,健鼎中信95購01  ,0,0,0,0,0,0,0,0,0,-67000,0,0,0,375000,442000,-67000,-67000
051401,華新科永豐95購01,0,0,0,0,0,0,0,0,0,-67000,0,0,0,187000,254000,-67000,-67000
052555,漢唐國票97購01  ,0,0,0,0,0,0,0,0,0,-67000,0,0,0,0,67000,-67000,-67000
052945,嘉晶國票97購01  ,0,0,0,0,0,0,0,0,0,-67000,0,0,0,0,67000,-67000,-67000
053922,亞光國票96購01  ,0,0,0,0,0,0,0,0,0,-67000,0,0,0,26000,93000,-67000,-67000
054122,康友永豐96購01  ,0,0,0,0,0,0,0,0,0,-67000,0,0,0,174000,241000,-67000,-67000
053709,台達電凱基96購04,0,0,0,0,0,0,0,0,0,-67000,0,0,0,30000,97000,-67000,-67000
053697,臻鼎元大96購02  ,0,0,0,0,0,0,0,0,0,-67000,0,0,0,30000,97000,-67000,-67000
2855,統一證          ,137000,204000,-67000,0,0,0,0,0,0,0,0,0,0,0,0,0,-67000
1337,再生-KY         ,3000,70000,-67000,0,0,0,0,0,0,0,0,0,0,0,0,0,-67000
056036,鴻海凱基97購07  ,0,0,0,0,0,0,0,0,0,-68000,0,0,0,0,68000,-68000,-68000
056284,台積電永豐97購06,0,0,0,0,0,0,0,0,0,-68000,0,0,0,0,68000,-68000,-68000
056134,可成元大97購06  ,0,0,0,0,0,0,0,0,0,-68000,0,0,0,84000,152000,-68000,-68000
056556,南電凱基98購01  ,0,0,0,0,0,0,0,0,0,-68000,0,0,0,124000,192000,-68000,-68000
055100,得力凱基97購01  ,0,0,0,0,0,0,0,0,0,-68000,0,0,0,0,68000,-68000,-68000
055068,亞翔永豐97購01  ,0,0,0,0,0,0,0,0,0,-68000,0,0,0,20000,88000,-68000,-68000
055042,得力永豐97購01  ,0,0,0,0,0,0,0,0,0,-68000,0,0,0,0,68000,-68000,-68000
054291,高鐵元大97購01  ,0,0,0,0,0,0,0,0,0,-68000,0,0,0,10000,78000,-68000,-68000
054718,可成永豐97購01  ,0,0,0,0,0,0,0,0,0,-68000,0,0,0,44000,112000,-68000,-68000
045362,A50正2兆豐93購02,0,0,0,0,0,0,0,0,0,-68000,0,0,0,0,68000,-68000,-68000
044805,旭富凱基93購01  ,0,0,0,0,0,0,0,0,0,-68000,0,0,0,0,68000,-68000,-68000
047724,智邦群益93購03  ,0,0,0,0,0,0,0,0,0,-68000,0,0,0,30000,98000,-68000,-68000
048025,鴻海凱基93購30  ,0,0,0,0,0,0,0,0,0,-68000,0,0,0,30000,98000,-68000,-68000
049373,大立光元大94購11,0,0,0,0,0,0,0,0,0,-68000,0,0,0,0,68000,-68000,-68000
049524,可成兆豐95購02  ,0,0,0,0,0,0,0,0,0,-68000,0,0,0,32000,100000,-68000,-68000
047616,鴻海凱基94購10  ,0,0,0,0,0,0,0,0,0,-68000,0,0,0,68000,136000,-68000,-68000
047588,大立光永豐94購01,0,0,0,0,0,0,0,0,0,-68000,0,0,0,0,68000,-68000,-68000
047319,晶技元大93購02  ,0,0,0,0,0,0,0,0,0,-68000,0,0,0,0,68000,-68000,-68000
047707,南亞科凱基93購03,0,0,0,0,0,0,0,0,0,-68000,0,0,0,0,68000,-68000,-68000
051250,大立光元大98購01,0,0,0,0,0,0,0,0,0,-68000,0,0,0,0,68000,-68000,-68000
051511,鈺齊中信97購01  ,0,0,0,0,0,0,0,0,0,-68000,0,0,0,152000,220000,-68000,-68000
050273,GIS元大94購04   ,0,0,0,0,0,0,0,0,0,-68000,0,0,0,0,68000,-68000,-68000
048984,上緯控元大94購01,0,0,0,0,0,0,0,0,0,-68000,0,0,0,0,68000,-68000,-68000
048970,裕民元大94購01  ,0,0,0,0,0,0,0,0,0,-68000,0,0,0,0,68000,-68000,-68000
048942,上緯控永豐94購01,0,0,0,0,0,0,0,0,0,-68000,0,0,0,0,68000,-68000,-68000
049249,台達電元大94購05,0,0,0,0,0,0,0,0,0,-68000,0,0,0,0,68000,-68000,-68000
050529,矽格元大94購05  ,0,0,0,0,0,0,0,0,0,-68000,0,0,0,0,68000,-68000,-68000
050374,上緯控元大95購01,0,0,0,0,0,0,0,0,0,-68000,0,0,0,0,68000,-68000,-68000
050195,上海銀元大94購03,0,0,0,0,0,0,0,0,0,-68000,0,0,0,0,68000,-68000,-68000
053671,可成統一96購03  ,0,0,0,0,0,0,0,0,0,-68000,0,0,0,68000,136000,-68000,-68000
053834,卜蜂永豐96購01  ,0,0,0,0,0,0,0,0,0,-68000,0,0,0,0,68000,-68000,-68000
053835,南亞科永豐96購02,0,0,0,0,0,0,0,0,0,-68000,0,0,0,0,68000,-68000,-68000
053247,麗豐國票97購01  ,0,0,0,0,0,0,0,0,0,-68000,0,0,0,0,68000,-68000,-68000
052245,緯創康和95購01  ,0,0,0,0,0,0,0,0,0,-68000,0,0,0,0,68000,-68000,-68000
052282,宏達電凱基95購05,0,0,0,0,0,0,0,0,0,-68000,0,0,0,0,68000,-68000,-68000
051587,大立光元大95購08,0,0,0,0,0,0,0,0,0,-68000,0,0,0,0,68000,-68000,-68000
051768,臻鼎元大95購04  ,0,0,0,0,0,0,0,0,0,-68000,0,0,0,0,68000,-68000,-68000
056678,力成元富98購01  ,0,0,0,0,0,0,0,0,0,-68000,0,0,0,16000,84000,-68000,-68000
056760,元油2X元大98購06,0,0,0,0,0,0,0,0,0,-68000,0,0,0,115000,183000,-68000,-68000
056909,嘉聯益元大99購03,0,0,0,0,0,0,0,0,0,-68000,0,0,0,1000,69000,-68000,-68000
056939,康控元富98購01  ,0,0,0,0,0,0,0,0,0,-68000,0,0,0,45000,113000,-68000,-68000
054538,台光電國票98購01,0,0,0,0,0,0,0,0,0,-69000,0,0,0,1000,70000,-69000,-69000
055048,台積電永豐97購04,0,0,0,0,0,0,0,0,0,-69000,0,0,0,1000,70000,-69000,-69000
055018,緯穎元富97購02  ,0,0,0,0,0,0,0,0,0,-69000,0,0,0,1425000,1494000,-69000,-69000
054997,文曄元富97購01  ,0,0,0,0,0,0,0,0,0,-69000,0,0,0,0,69000,-69000,-69000
055394,健策統一97購01  ,0,0,0,0,0,0,0,0,0,-69000,0,0,0,476000,545000,-69000,-69000
047055,旭富國票93購01  ,0,0,0,0,0,0,0,0,0,-69000,0,0,0,47000,116000,-69000,-69000
049359,台達電元大94購06,0,0,0,0,0,0,0,0,0,-69000,0,0,0,0,69000,-69000,-69000
04085P,欣興元富93售01  ,0,0,0,0,0,0,0,0,0,-69000,0,0,0,20000,89000,-69000,-69000
050436,大立光凱基94購18,0,0,0,0,0,0,0,0,0,-69000,0,0,0,2000,71000,-69000,-69000
04948P,瑞儀元大94售03  ,0,0,0,0,0,0,0,0,0,-69000,0,0,0,1000,70000,-69000,-69000
049248,台達電元大94購04,0,0,0,0,0,0,0,0,0,-69000,0,0,0,0,69000,-69000,-69000
048959,凌華康和94購01  ,0,0,0,0,0,0,0,0,0,-69000,0,0,0,8000,77000,-69000,-69000
052791,友達兆豐97購01  ,0,0,0,0,0,0,0,0,0,-69000,0,0,0,1000,70000,-69000,-69000
05329P,臺股指凱基95售13,0,0,0,0,0,0,0,0,0,-69000,0,0,0,0,69000,-69000,-69000
053978,創意元大96購05  ,0,0,0,0,0,0,0,0,0,-69000,0,0,0,75000,144000,-69000,-69000
057094,祥碩元富98購01  ,0,0,0,0,0,0,0,0,0,-69000,0,0,0,0,69000,-69000,-69000
056782,鴻海群益98購04  ,0,0,0,0,0,0,0,0,0,-69000,0,0,0,48000,117000,-69000,-69000
6668,中揚光          ,70000,69000,1000,0,0,0,0,70000,-70000,0,0,0,0,0,0,0,-69000
055273,華泰元大97購01  ,0,0,0,0,0,0,0,0,0,-70000,0,0,0,60000,130000,-70000,-70000
055279,華邦電元大97購02,0,0,0,0,0,0,0,0,0,-70000,0,0,0,0,70000,-70000,-70000
05619P,創意元富96售02  ,0,0,0,0,0,0,0,0,0,-70000,0,0,0,0,70000,-70000,-70000
045106,玉晶光群益95購01,0,0,0,0,0,0,0,0,0,-70000,0,0,0,19000,89000,-70000,-70000
044299,南電凱基93購02  ,0,0,0,0,0,0,0,0,0,-70000,0,0,0,50000,120000,-70000,-70000
04428P,台光電元大94售02,0,0,0,0,0,0,0,0,0,-70000,0,0,0,32000,102000,-70000,-70000
049651,訊芯凱基94購04  ,0,0,0,0,0,0,0,0,0,-70000,0,0,0,1000,71000,-70000,-70000
049686,T50反1元大94購02,0,0,0,0,0,0,0,0,0,-70000,0,0,0,0,70000,-70000,-70000
047068,南電凱基93購04  ,0,0,0,0,0,0,0,0,0,-70000,0,0,0,0,70000,-70000,-70000
046660,宏達電元大93購07,0,0,0,0,0,0,0,0,0,-70000,0,0,0,30000,100000,-70000,-70000
046649,致伸國泰94購01  ,0,0,0,0,0,0,0,0,0,-70000,0,0,0,50000,120000,-70000,-70000
050295,大立光凱基94購16,0,0,0,0,0,0,0,0,0,-70000,0,0,0,0,70000,-70000,-70000
050764,鴻海元大94購27  ,0,0,0,0,0,0,0,0,0,-70000,0,0,0,727000,797000,-70000,-70000
051409,美律國票96購01  ,0,0,0,0,0,0,0,0,0,-70000,0,0,0,6000,76000,-70000,-70000
05140P,台表科國票96售01,0,0,0,0,0,0,0,0,0,-70000,0,0,0,0,70000,-70000,-70000
05124P,華新科富邦97售02,0,0,0,0,0,0,0,0,0,-70000,0,0,0,0,70000,-70000,-70000
048291,台積電群益93購09,0,0,0,0,0,0,0,0,0,-70000,0,0,0,254000,324000,-70000,-70000
048210,鴻海日盛93購01  ,0,0,0,0,0,0,0,0,0,-70000,0,0,0,39000,109000,-70000,-70000
048561,可成元大93購13  ,0,0,0,0,0,0,0,0,0,-70000,0,0,0,62000,132000,-70000,-70000
053582,英業達元大97購01,0,0,0,0,0,0,0,0,0,-70000,0,0,0,10000,80000,-70000,-70000
053249,致伸國票97購02  ,0,0,0,0,0,0,0,0,0,-70000,0,0,0,0,70000,-70000,-70000
05321P,鴻海凱基95售17  ,0,0,0,0,0,0,0,0,0,-70000,0,0,0,0,70000,-70000,-70000
052901,台達電國票97購01,0,0,0,0,0,0,0,0,0,-70000,0,0,0,30000,100000,-70000,-70000
052387,台積電群益95購08,0,0,0,0,0,0,0,0,0,-70000,0,0,0,267000,337000,-70000,-70000
052450,嘉澤元大95購03  ,0,0,0,0,0,0,0,0,0,-70000,0,0,0,33000,103000,-70000,-70000
051674,臻鼎元大95購02  ,0,0,0,0,0,0,0,0,0,-70000,0,0,0,8000,78000,-70000,-70000
052196,TPK元富95購01   ,0,0,0,0,0,0,0,0,0,-70000,0,0,0,50000,120000,-70000,-70000
052165,訊芯永豐95購03  ,0,0,0,0,0,0,0,0,0,-70000,0,0,0,0,70000,-70000,-70000
052129,鴻海凱基97購02  ,0,0,0,0,0,0,0,0,0,-70000,0,0,0,0,70000,-70000,-70000
051916,和碩元大95購02  ,0,0,0,0,0,0,0,0,0,-70000,0,0,0,75000,145000,-70000,-70000
056785,可成群益99購01  ,0,0,0,0,0,0,0,0,0,-70000,0,0,0,122000,192000,-70000,-70000
05685P,臺股指元大96售10,0,0,0,0,0,0,0,0,0,-70000,0,0,0,70000,140000,-70000,-70000
05953P,台積電國票98售02,0,0,0,0,0,0,0,0,0,-70000,0,0,0,15000,85000,-70000,-70000
056212,台光電國票98購03,0,0,0,0,0,0,0,0,0,-71000,0,0,0,44000,115000,-71000,-71000
056169,鴻海元富97購08  ,0,0,0,0,0,0,0,0,0,-71000,0,0,0,2000,73000,-71000,-71000
055965,泰鼎元大97購03  ,0,0,0,0,0,0,0,0,0,-71000,0,0,0,352000,423000,-71000,-71000
055015,帆宣元富97購01  ,0,0,0,0,0,0,0,0,0,-71000,0,0,0,274000,345000,-71000,-71000
055050,敬鵬永豐97購01  ,0,0,0,0,0,0,0,0,0,-71000,0,0,0,10000,81000,-71000,-71000
055121,鴻海兆豐97購03  ,0,0,0,0,0,0,0,0,0,-71000,0,0,0,5000,76000,-71000,-71000
047030,日月光元大93購02,0,0,0,0,0,0,0,0,0,-71000,0,0,0,54000,125000,-71000,-71000
049720,欣興凱基94購05  ,0,0,0,0,0,0,0,0,0,-71000,0,0,0,35000,106000,-71000,-71000
051355,聯發科元大96購01,0,0,0,0,0,0,0,0,0,-71000,0,0,0,106000,177000,-71000,-71000
050777,臻鼎元大94購05  ,0,0,0,0,0,0,0,0,0,-71000,0,0,0,0,71000,-71000,-71000
048155,瑞昱兆豐93購01  ,0,0,0,0,0,0,0,0,0,-71000,0,0,0,20000,91000,-71000,-71000
051747,貿聯國泰96購01  ,0,0,0,0,0,0,0,0,0,-71000,0,0,0,31000,102000,-71000,-71000
052276,力成群益96購01  ,0,0,0,0,0,0,0,0,0,-71000,0,0,0,31000,102000,-71000,-71000
053278,禾伸堂元大96購01,0,0,0,0,0,0,0,0,0,-71000,0,0,0,77000,148000,-71000,-71000
3042,晶技            ,597000,686000,-89000,0,0,0,0,0,0,18000,21000,12000,9000,18000,9000,9000,-71000
2385,群光            ,1128000,1181516,-53516,0,0,0,0,0,0,-18000,24000,1000,23000,0,41000,-41000,-71516
055006,晶相光元富9A購01,0,0,0,0,0,0,0,0,0,-72000,0,0,0,48000,120000,-72000,-72000
055151,台積電元大98購05,0,0,0,0,0,0,0,0,0,-72000,0,0,0,315000,387000,-72000,-72000
055919,景碩凱基98購02  ,0,0,0,0,0,0,0,0,0,-72000,0,0,0,31000,103000,-72000,-72000
055915,大立光凱基98購07,0,0,0,0,0,0,0,0,0,-72000,0,0,0,12000,84000,-72000,-72000
056132,台光電元大97購03,0,0,0,0,0,0,0,0,0,-72000,0,0,0,20000,92000,-72000,-72000
048117,南電群益93購02  ,0,0,0,0,0,0,0,0,0,-72000,0,0,0,0,72000,-72000,-72000
050778,瑞儀元大96購01  ,0,0,0,0,0,0,0,0,0,-72000,0,0,0,0,72000,-72000,-72000
051395,聯詠兆豐95購01  ,0,0,0,0,0,0,0,0,0,-72000,0,0,0,447000,519000,-72000,-72000
05117P,瑞昱群益95售02  ,0,0,0,0,0,0,0,0,0,-72000,0,0,0,0,72000,-72000,-72000
04993P,上銀兆豐96售01  ,0,0,0,0,0,0,0,0,0,-72000,0,0,0,50000,122000,-72000,-72000
048379,台郡元富96購01  ,0,0,0,0,0,0,0,0,0,-72000,0,0,0,49000,121000,-72000,-72000
050530,台表科元大95購04,0,0,0,0,0,0,0,0,0,-72000,0,0,0,99000,171000,-72000,-72000
050573,光寶科國票94購01,0,0,0,0,0,0,0,0,0,-72000,0,0,0,0,72000,-72000,-72000
049972,南電國票95購02  ,0,0,0,0,0,0,0,0,0,-72000,0,0,0,0,72000,-72000,-72000
049794,台達電元大94購10,0,0,0,0,0,0,0,0,0,-72000,0,0,0,0,72000,-72000,-72000
053169,貿聯群益97購01  ,0,0,0,0,0,0,0,0,0,-72000,0,0,0,20000,92000,-72000,-72000
053940,康友元富96購01  ,0,0,0,0,0,0,0,0,0,-72000,0,0,0,127000,199000,-72000,-72000
9917,中保科          ,52000,141000,-89000,0,0,0,0,0,0,17000,17000,0,17000,0,0,0,-72000
056836,國巨元富98購01  ,0,0,0,0,0,0,0,0,0,-72000,0,0,0,186000,258000,-72000,-72000
056944,鴻海統一98購11  ,0,0,0,0,0,0,0,0,0,-72000,0,0,0,0,72000,-72000,-72000
056160,智易凱基97購03  ,0,0,0,0,0,0,0,0,0,-73000,0,0,0,0,73000,-73000,-73000
056367,祥碩元大98購01  ,0,0,0,0,0,0,0,0,0,-73000,0,0,0,69000,142000,-73000,-73000
055907,台虹兆豐98購01  ,0,0,0,0,0,0,0,0,0,-73000,0,0,0,83000,156000,-73000,-73000
055274,華泰元大97購02  ,0,0,0,0,0,0,0,0,0,-73000,0,0,0,13000,86000,-73000,-73000
054906,神達康和97購01  ,0,0,0,0,0,0,0,0,0,-73000,0,0,0,68000,141000,-73000,-73000
054825,康友元大97購01  ,0,0,0,0,0,0,0,0,0,-73000,0,0,0,34000,107000,-73000,-73000
054756,世紀鋼凱基99購01,0,0,0,0,0,0,0,0,0,-73000,0,0,0,67000,140000,-73000,-73000
054419,嘉聯益元大98購02,0,0,0,0,0,0,0,0,0,-73000,0,0,0,5000,78000,-73000,-73000
047058,聯茂國票94購01  ,0,0,0,0,0,0,0,0,0,-73000,0,0,0,0,73000,-73000,-73000
049432,聯詠國票95購01  ,0,0,0,0,0,0,0,0,0,-73000,0,0,0,28000,101000,-73000,-73000
050396,欣興元富94購02  ,0,0,0,0,0,0,0,0,0,-73000,0,0,0,183000,256000,-73000,-73000
05056P,訊芯群益95售01  ,0,0,0,0,0,0,0,0,0,-73000,0,0,0,2000,75000,-73000,-73000
051164,鴻海元大95購05  ,0,0,0,0,0,0,0,0,0,-73000,0,0,0,6000,79000,-73000,-73000
050043,GIS亞東94購01   ,0,0,0,0,0,0,0,0,0,-73000,0,0,0,0,73000,-73000,-73000
053918,美律國票97購01  ,0,0,0,0,0,0,0,0,0,-73000,0,0,0,60000,133000,-73000,-73000
053627,宏碁兆豐97購01  ,0,0,0,0,0,0,0,0,0,-73000,0,0,0,10000,83000,-73000,-73000
052670,茂林群益96購02  ,0,0,0,0,0,0,0,0,0,-73000,0,0,0,35000,108000,-73000,-73000
051602,南茂兆豐96購01  ,0,0,0,0,0,0,0,0,0,-73000,0,0,0,147000,220000,-73000,-73000
06256P,臺股指群益97售09,0,0,0,0,0,0,0,0,0,-73000,0,0,0,1000,74000,-73000,-73000
06566P,華通永豐98售03  ,0,0,0,0,0,0,0,0,0,-73000,0,0,0,0,73000,-73000,-73000
4104,佳醫            ,0,73516,-73516,0,0,0,0,0,0,0,0,0,0,0,0,0,-73516
054337,智邦統一96購01  ,0,0,0,0,0,0,0,0,0,-74000,0,0,0,0,74000,-74000,-74000
054586,健鼎國泰99購01  ,0,0,0,0,0,0,0,0,0,-74000,0,0,0,2000,76000,-74000,-74000
055593,華新科元大97購10,0,0,0,0,0,0,0,0,0,-74000,0,0,0,88000,162000,-74000,-74000
00852L,國泰美國道瓊正2 ,0,0,0,0,0,0,0,0,0,-74000,55000,0,55000,3000,132000,-129000,-74000
03826P,瀚宇博元大95售01,0,0,0,0,0,0,0,0,0,-74000,0,0,0,0,74000,-74000,-74000
049419,欣興凱基94購04  ,0,0,0,0,0,0,0,0,0,-74000,0,0,0,0,74000,-74000,-74000
048387,台達電國票94購01,0,0,0,0,0,0,0,0,0,-74000,0,0,0,0,74000,-74000,-74000
051676,康舒元大95購01  ,0,0,0,0,0,0,0,0,0,-74000,0,0,0,62000,136000,-74000,-74000
052273,新光金群益95購02,0,0,0,0,0,0,0,0,0,-74000,0,0,0,0,74000,-74000,-74000
052538,和大統一95購02  ,0,0,0,0,0,0,0,0,0,-74000,0,0,0,16000,90000,-74000,-74000
053345,欣興國票97購02  ,0,0,0,0,0,0,0,0,0,-74000,0,0,0,33000,107000,-74000,-74000
053538,京鼎永豐96購03  ,0,0,0,0,0,0,0,0,0,-74000,0,0,0,3000,77000,-74000,-74000
2102,泰豐            ,287000,361000,-74000,0,0,0,0,0,0,0,0,0,0,0,0,0,-74000
1218,泰山            ,3000,77000,-74000,0,0,0,0,0,0,0,0,0,0,0,0,0,-74000
06301P,臺股指元大97售04,0,0,0,0,0,0,0,0,0,-74000,0,0,0,64000,138000,-74000,-74000
057085,立積統一9B購02  ,0,0,0,0,0,0,0,0,0,-74000,0,0,0,0,74000,-74000,-74000
057064,華新科富邦9B購01,0,0,0,0,0,0,0,0,0,-74000,0,0,0,96000,170000,-74000,-74000
056905,欣興元大98購03  ,0,0,0,0,0,0,0,0,0,-74000,0,0,0,136000,210000,-74000,-74000
056685,光罩統一98購03  ,0,0,0,0,0,0,0,0,0,-74000,0,0,0,260000,334000,-74000,-74000
054524,華通元富96購03  ,0,0,0,0,0,0,0,0,0,-75000,0,0,0,100000,175000,-75000,-75000
055038,華航富邦99購01  ,0,0,0,0,0,0,0,0,0,-75000,0,0,0,67000,142000,-75000,-75000
055321,大立光國票98購02,0,0,0,0,0,0,0,0,0,-75000,0,0,0,0,75000,-75000,-75000
00662,富邦NASDAQ      ,0,0,0,0,0,0,0,0,0,-75000,0,0,0,4000,79000,-75000,-75000
046043,日月光元大92購02,0,0,0,0,0,0,0,0,0,-75000,0,0,0,0,75000,-75000,-75000
04932P,香港2X中信96售01,0,0,0,0,0,0,0,0,0,-75000,0,0,0,0,75000,-75000,-75000
048179,臻鼎富邦97購01  ,0,0,0,0,0,0,0,0,0,-75000,0,0,0,17000,92000,-75000,-75000
050639,GIS國票96購01   ,0,0,0,0,0,0,0,0,0,-75000,0,0,0,0,75000,-75000,-75000
054025,鴻海凱基96購17  ,0,0,0,0,0,0,0,0,0,-75000,0,0,0,0,75000,-75000,-75000
052663,奇鋐國票97購01  ,0,0,0,0,0,0,0,0,0,-75000,0,0,0,0,75000,-75000,-75000
051900,臻鼎富邦95購01  ,0,0,0,0,0,0,0,0,0,-75000,0,0,0,0,75000,-75000,-75000
05209P,鴻海凱基96售09  ,0,0,0,0,0,0,0,0,0,-75000,0,0,0,0,75000,-75000,-75000
056849,瀚宇博元富98購01,0,0,0,0,0,0,0,0,0,-75000,0,0,0,24000,99000,-75000,-75000
056970,TPK永豐98購01   ,0,0,0,0,0,0,0,0,0,-75000,0,0,0,29000,104000,-75000,-75000
057200,技嘉元富98購01  ,0,0,0,0,0,0,0,0,0,-75000,0,0,0,0,75000,-75000,-75000
06428P,國巨元大97售17  ,0,0,0,0,0,0,0,0,0,-75000,0,0,0,17000,92000,-75000,-75000
06125P,楠梓電元富99售01,0,0,0,0,0,0,0,0,0,-75000,0,0,0,40000,115000,-75000,-75000
055246,美律統一98購01  ,0,0,0,0,0,0,0,0,0,-76000,0,0,0,188000,264000,-76000,-76000
055141,牧德永豐98購02  ,0,0,0,0,0,0,0,0,0,-76000,0,0,0,90000,166000,-76000,-76000
055178,晶豪科統一97購01,0,0,0,0,0,0,0,0,0,-76000,0,0,0,76000,152000,-76000,-76000
055099,可成日盛97購01  ,0,0,0,0,0,0,0,0,0,-76000,0,0,0,7000,83000,-76000,-76000
054532,強茂國泰98購01  ,0,0,0,0,0,0,0,0,0,-76000,0,0,0,136000,212000,-76000,-76000
054661,嘉聯益元大97購03,0,0,0,0,0,0,0,0,0,-76000,0,0,0,9000,85000,-76000,-76000
055968,祥碩元大97購04  ,0,0,0,0,0,0,0,0,0,-76000,0,0,0,5000,81000,-76000,-76000
055983,全新元富9A購02  ,0,0,0,0,0,0,0,0,0,-76000,0,0,0,57000,133000,-76000,-76000
055985,聯鈞元富97購01  ,0,0,0,0,0,0,0,0,0,-76000,0,0,0,153000,229000,-76000,-76000
056365,欣興元大98購01  ,0,0,0,0,0,0,0,0,0,-76000,0,0,0,111000,187000,-76000,-76000
044254,深中小元大94購01,0,0,0,0,0,0,0,0,0,-76000,0,0,0,1000,77000,-76000,-76000
050687,上銀日盛94購01  ,0,0,0,0,0,0,0,0,0,-76000,0,0,0,115000,191000,-76000,-76000
049299,矽創群益94購01  ,0,0,0,0,0,0,0,0,0,-76000,0,0,0,173000,249000,-76000,-76000
051104,鈺齊元大96購01  ,0,0,0,0,0,0,0,0,0,-76000,0,0,0,76000,152000,-76000,-76000
051083,A50正2元大98購01,0,0,0,0,0,0,0,0,0,-76000,0,0,0,20000,96000,-76000,-76000
050995,貿聯元大95購02  ,0,0,0,0,0,0,0,0,0,-76000,0,0,0,11000,87000,-76000,-76000
050342,華通元富94購02  ,0,0,0,0,0,0,0,0,0,-76000,0,0,0,297000,373000,-76000,-76000
051590,玉晶光元大96購02,0,0,0,0,0,0,0,0,0,-76000,0,0,0,43000,119000,-76000,-76000
053511,鴻海群益96購04  ,0,0,0,0,0,0,0,0,0,-76000,0,0,0,0,76000,-76000,-76000
053100,美律元富96購01  ,0,0,0,0,0,0,0,0,0,-76000,0,0,0,12000,88000,-76000,-76000
056743,貿聯凱基98購04  ,0,0,0,0,0,0,0,0,0,-76000,0,0,0,0,76000,-76000,-76000
9914,美利達          ,333000,306000,27000,0,0,0,0,115000,-115000,12000,19000,4000,15000,1000,4000,-3000,-76000
056373,上銀統一99購02  ,0,0,0,0,0,0,0,0,0,-77000,0,0,0,55000,132000,-77000,-77000
056459,茂林凱基99購01  ,0,0,0,0,0,0,0,0,0,-77000,0,0,0,14000,91000,-77000,-77000
055709,深中小元大97購03,0,0,0,0,0,0,0,0,0,-77000,0,0,0,0,77000,-77000,-77000
055026,健和興國泰98購01,0,0,0,0,0,0,0,0,0,-77000,0,0,0,2000,79000,-77000,-77000
055290,玉晶光元大98購08,0,0,0,0,0,0,0,0,0,-77000,0,0,0,0,77000,-77000,-77000
055295,瀚宇博元大97購02,0,0,0,0,0,0,0,0,0,-77000,0,0,0,159000,236000,-77000,-77000
043944,欣興兆豐93購02  ,0,0,0,0,0,0,0,0,0,-77000,0,0,0,0,77000,-77000,-77000
049657,滬深2X台新94購01,0,0,0,0,0,0,0,0,0,-77000,0,0,0,0,77000,-77000,-77000
048633,台達電元大94購02,0,0,0,0,0,0,0,0,0,-77000,0,0,0,3000,80000,-77000,-77000
048305,深100凱基96購01 ,0,0,0,0,0,0,0,0,0,-77000,0,0,0,0,77000,-77000,-77000
051053,台光電群益95購01,0,0,0,0,0,0,0,0,0,-77000,0,0,0,32000,109000,-77000,-77000
048935,玉晶光永豐94購04,0,0,0,0,0,0,0,0,0,-77000,0,0,0,191000,268000,-77000,-77000
052613,易華電元大96購01,0,0,0,0,0,0,0,0,0,-77000,0,0,0,20000,97000,-77000,-77000
056900,可成元大98購02  ,0,0,0,0,0,0,0,0,0,-77000,0,0,0,1000,78000,-77000,-77000
05798P,臺股指群益96售12,0,0,0,0,0,0,0,0,0,-77000,0,0,0,0,77000,-77000,-77000
056945,鴻海統一98購12  ,0,0,0,0,0,0,0,0,0,-77000,0,0,0,63000,140000,-77000,-77000
06538P,國巨凱基98售11  ,0,0,0,0,0,0,0,0,0,-77000,0,0,0,3000,80000,-77000,-77000
06499P,臺股指元大9A售04,0,0,0,0,0,0,0,0,0,-77000,0,0,0,10000,87000,-77000,-77000
054879,大成鋼統一97購01,0,0,0,0,0,0,0,0,0,-78000,0,0,0,50000,128000,-78000,-78000
055719,可成元大97購03  ,0,0,0,0,0,0,0,0,0,-78000,0,0,0,105000,183000,-78000,-78000
055748,GIS元富97購01   ,0,0,0,0,0,0,0,0,0,-78000,0,0,0,10000,88000,-78000,-78000
056041,禾伸堂凱基98購03,0,0,0,0,0,0,0,0,0,-78000,0,0,0,0,78000,-78000,-78000
046333,康友元大92購05  ,0,0,0,0,0,0,0,0,0,-78000,0,0,0,0,78000,-78000,-78000
047293,全新元富93購03  ,0,0,0,0,0,0,0,0,0,-78000,0,0,0,114000,192000,-78000,-78000
044187,泰鼎國泰93購01  ,0,0,0,0,0,0,0,0,0,-78000,0,0,0,85000,163000,-78000,-78000
046939,燿華元大96購01  ,0,0,0,0,0,0,0,0,0,-78000,0,0,0,29000,107000,-78000,-78000
04043P,復盛元富93售02  ,0,0,0,0,0,0,0,0,0,-78000,0,0,0,0,78000,-78000,-78000
049119,元油2X元富94購04,0,0,0,0,0,0,0,0,0,-78000,0,0,0,44000,122000,-78000,-78000
04852P,臻鼎永豐94售02  ,0,0,0,0,0,0,0,0,0,-78000,0,0,0,2000,80000,-78000,-78000
048076,亞光第一94購01  ,0,0,0,0,0,0,0,0,0,-78000,0,0,0,0,78000,-78000,-78000
048061,鴻海統一95購03  ,0,0,0,0,0,0,0,0,0,-78000,0,0,0,70000,148000,-78000,-78000
05312P,臺股指群益95售11,0,0,0,0,0,0,0,0,0,-78000,0,0,0,31000,109000,-78000,-78000
06163P,聯詠群益97售01  ,0,0,0,0,0,0,0,0,0,-78000,0,0,0,0,78000,-78000,-78000
06214P,國巨國票98售04  ,0,0,0,0,0,0,0,0,0,-78000,0,0,0,80000,158000,-78000,-78000
06204P,鴻海群益97售04  ,0,0,0,0,0,0,0,0,0,-78000,0,0,0,5000,83000,-78000,-78000
4942,嘉彰            ,30000,108000,-78000,0,0,0,0,0,0,0,0,0,0,0,0,0,-78000
1451,年興            ,7000,85000,-78000,0,0,0,0,0,0,0,0,0,0,0,0,0,-78000
056584,鴻海統一9B購01  ,0,0,0,0,0,0,0,0,0,-79000,0,0,0,26000,105000,-79000,-79000
05574P,英業達元富96售01,0,0,0,0,0,0,0,0,0,-79000,0,0,0,0,79000,-79000,-79000
054918,華新科凱基98購02,0,0,0,0,0,0,0,0,0,-79000,0,0,0,38000,117000,-79000,-79000
054240,訊芯群益96購03  ,0,0,0,0,0,0,0,0,0,-79000,0,0,0,56000,135000,-79000,-79000
047741,鴻海統一93購06  ,0,0,0,0,0,0,0,0,0,-79000,0,0,0,57000,136000,-79000,-79000
047526,可成元大93購08  ,0,0,0,0,0,0,0,0,0,-79000,0,0,0,0,79000,-79000,-79000
047537,聯發科日盛93購01,0,0,0,0,0,0,0,0,0,-79000,0,0,0,3000,82000,-79000,-79000
048002,景碩元大93購04  ,0,0,0,0,0,0,0,0,0,-79000,0,0,0,48000,127000,-79000,-79000
049365,美律元大94購04  ,0,0,0,0,0,0,0,0,0,-79000,0,0,0,2000,81000,-79000,-79000
048225,全新凱基93購03  ,0,0,0,0,0,0,0,0,0,-79000,0,0,0,1000,80000,-79000,-79000
048569,台虹元大93購03  ,0,0,0,0,0,0,0,0,0,-79000,0,0,0,97000,176000,-79000,-79000
050072,京鼎凱基94購02  ,0,0,0,0,0,0,0,0,0,-79000,0,0,0,6000,85000,-79000,-79000
050875,訊芯永豐95購01  ,0,0,0,0,0,0,0,0,0,-79000,0,0,0,0,79000,-79000,-79000
053961,揚明光永豐96購04,0,0,0,0,0,0,0,0,0,-79000,0,0,0,60000,139000,-79000,-79000
054098,嘉晶國票97購04  ,0,0,0,0,0,0,0,0,0,-79000,0,0,0,0,79000,-79000,-79000
054099,TPK國票98購01   ,0,0,0,0,0,0,0,0,0,-79000,0,0,0,90000,169000,-79000,-79000
06553P,訊芯元大98售05  ,0,0,0,0,0,0,0,0,0,-79000,0,0,0,0,79000,-79000,-79000
056899,可成元大98購01  ,0,0,0,0,0,0,0,0,0,-79000,0,0,0,0,79000,-79000,-79000
054402,康控永豐96購03  ,0,0,0,0,0,0,0,0,0,-80000,0,0,0,0,80000,-80000,-80000
054437,欣興台新97購02  ,0,0,0,0,0,0,0,0,0,-80000,0,0,0,118000,198000,-80000,-80000
05516P,台積電元大96售12,0,0,0,0,0,0,0,0,0,-80000,0,0,0,30000,110000,-80000,-80000
055251,華新科統一99購01,0,0,0,0,0,0,0,0,0,-80000,0,0,0,197000,277000,-80000,-80000
056518,美律國票99購01  ,0,0,0,0,0,0,0,0,0,-80000,0,0,0,40000,120000,-80000,-80000
056123,鈺齊群益97購01  ,0,0,0,0,0,0,0,0,0,-80000,0,0,0,31000,111000,-80000,-80000
056200,大毅永豐98購01  ,0,0,0,0,0,0,0,0,0,-80000,0,0,0,206000,286000,-80000,-80000
049577,台達電元大94購08,0,0,0,0,0,0,0,0,0,-80000,0,0,0,0,80000,-80000,-80000
04603P,訊芯凱基94售03  ,0,0,0,0,0,0,0,0,0,-80000,0,0,0,0,80000,-80000,-80000
046003,欣興統一92購02  ,0,0,0,0,0,0,0,0,0,-80000,0,0,0,120000,200000,-80000,-80000
046425,臻鼎元大92購12  ,0,0,0,0,0,0,0,0,0,-80000,0,0,0,0,80000,-80000,-80000
047574,和大群益93購03  ,0,0,0,0,0,0,0,0,0,-80000,0,0,0,0,80000,-80000,-80000
04772P,欣興元大94售08  ,0,0,0,0,0,0,0,0,0,-80000,0,0,0,0,80000,-80000,-80000
04474P,聯發科元大94售03,0,0,0,0,0,0,0,0,0,-80000,0,0,0,60000,140000,-80000,-80000
03921P,亞光凱基94售01  ,0,0,0,0,0,0,0,0,0,-80000,0,0,0,0,80000,-80000,-80000
051005,緯創中信95購02  ,0,0,0,0,0,0,0,0,0,-80000,0,0,0,32000,112000,-80000,-80000
051167,京鼎元大95購01  ,0,0,0,0,0,0,0,0,0,-80000,0,0,0,19000,99000,-80000,-80000
051185,強茂永豐95購03  ,0,0,0,0,0,0,0,0,0,-80000,0,0,0,0,80000,-80000,-80000
051440,鴻海元大95購12  ,0,0,0,0,0,0,0,0,0,-80000,0,0,0,10000,90000,-80000,-80000
05010P,台郡元富95售01  ,0,0,0,0,0,0,0,0,0,-80000,0,0,0,0,80000,-80000,-80000
04833P,鴻海元大94售16  ,0,0,0,0,0,0,0,0,0,-80000,0,0,0,160000,240000,-80000,-80000
049970,康控國票95購03  ,0,0,0,0,0,0,0,0,0,-80000,0,0,0,0,80000,-80000,-80000
050162,中環國泰95購01  ,0,0,0,0,0,0,0,0,0,-80000,0,0,0,0,80000,-80000,-80000
053917,友達國票97購03  ,0,0,0,0,0,0,0,0,0,-80000,0,0,0,33000,113000,-80000,-80000
053998,泰鼎群益98購01  ,0,0,0,0,0,0,0,0,0,-80000,0,0,0,131000,211000,-80000,-80000
053790,嘉聯益元大99購02,0,0,0,0,0,0,0,0,0,-80000,0,0,0,20000,100000,-80000,-80000
053528,南電中信9A購01  ,0,0,0,0,0,0,0,0,0,-80000,0,0,0,50000,130000,-80000,-80000
052615,鴻海國泰98購01  ,0,0,0,0,0,0,0,0,0,-80000,0,0,0,0,80000,-80000,-80000
052603,鴻海元大96購15  ,0,0,0,0,0,0,0,0,0,-80000,0,0,0,10000,90000,-80000,-80000
052526,智伸科元大96購02,0,0,0,0,0,0,0,0,0,-80000,0,0,0,15000,95000,-80000,-80000
051691,台表科凱基95購01,0,0,0,0,0,0,0,0,0,-80000,0,0,0,10000,90000,-80000,-80000
051636,嘉晶國票95購02  ,0,0,0,0,0,0,0,0,0,-80000,0,0,0,10000,90000,-80000,-80000
05178P,大立光凱基96售05,0,0,0,0,0,0,0,0,0,-80000,0,0,0,0,80000,-80000,-80000
052238,智易國票96購01  ,0,0,0,0,0,0,0,0,0,-80000,0,0,0,0,80000,-80000,-80000
06181P,國巨中信97售02  ,0,0,0,0,0,0,0,0,0,-80000,0,0,0,150000,230000,-80000,-80000
056228,可成凱基97購03  ,0,0,0,0,0,0,0,0,0,-81000,0,0,0,21000,102000,-81000,-81000
045517,元油2X元富98購01,0,0,0,0,0,0,0,0,0,-81000,0,0,0,20000,101000,-81000,-81000
04691P,智邦群益94售02  ,0,0,0,0,0,0,0,0,0,-81000,0,0,0,0,81000,-81000,-81000
049511,奇力新凱基94購03,0,0,0,0,0,0,0,0,0,-81000,0,0,0,53000,134000,-81000,-81000
050118,臻鼎元大94購01  ,0,0,0,0,0,0,0,0,0,-81000,0,0,0,20000,101000,-81000,-81000
049982,嘉晶凱基94購01  ,0,0,0,0,0,0,0,0,0,-81000,0,0,0,43000,124000,-81000,-81000
050091,喬山永豐94購02  ,0,0,0,0,0,0,0,0,0,-81000,0,0,0,5000,86000,-81000,-81000
050035,聯茂元大94購07  ,0,0,0,0,0,0,0,0,0,-81000,0,0,0,86000,167000,-81000,-81000
053483,嘉澤第一96購01  ,0,0,0,0,0,0,0,0,0,-81000,0,0,0,40000,121000,-81000,-81000
053844,GIS統一96購01   ,0,0,0,0,0,0,0,0,0,-81000,0,0,0,129000,210000,-81000,-81000
054175,高鐵台新97購01  ,0,0,0,0,0,0,0,0,0,-81000,0,0,0,13000,94000,-81000,-81000
06492P,上銀永豐98售01  ,0,0,0,0,0,0,0,0,0,-81000,0,0,0,0,81000,-81000,-81000
06308P,國巨元富97售06  ,0,0,0,0,0,0,0,0,0,-81000,0,0,0,0,81000,-81000,-81000
057045,美律元大99購04  ,0,0,0,0,0,0,0,0,0,-81000,0,0,0,25000,106000,-81000,-81000
057090,奇力新元富98購02,0,0,0,0,0,0,0,0,0,-81000,0,0,0,0,81000,-81000,-81000
4551,智伸科          ,48000,75000,-27000,0,0,0,0,106000,-106000,52000,54000,1000,53000,2000,3000,-1000,-81000
5531,鄉林            ,23000,106000,-83000,0,0,0,0,0,0,2000,2000,0,2000,0,0,0,-81000
056599,臻鼎元富98購01  ,0,0,0,0,0,0,0,0,0,-82000,0,0,0,116000,198000,-82000,-82000
055264,國巨永豐98購01  ,0,0,0,0,0,0,0,0,0,-82000,0,0,0,12000,94000,-82000,-82000
047250,日月光群益94購01,0,0,0,0,0,0,0,0,0,-82000,0,0,0,91000,173000,-82000,-82000
04776P,聯發科凱基94售06,0,0,0,0,0,0,0,0,0,-82000,0,0,0,0,82000,-82000,-82000
044304,臻鼎兆豐93購01  ,0,0,0,0,0,0,0,0,0,-82000,0,0,0,0,82000,-82000,-82000
04102P,臺股指國票93售09,0,0,0,0,0,0,0,0,0,-82000,0,0,0,45000,127000,-82000,-82000
050270,景碩元大94購01  ,0,0,0,0,0,0,0,0,0,-82000,0,0,0,230000,312000,-82000,-82000
048516,麗豐凱基93購02  ,0,0,0,0,0,0,0,0,0,-82000,0,0,0,8000,90000,-82000,-82000
050585,矽格國票94購01  ,0,0,0,0,0,0,0,0,0,-82000,0,0,0,59000,141000,-82000,-82000
05275P,國巨凱基95售05  ,0,0,0,0,0,0,0,0,0,-82000,0,0,0,0,82000,-82000,-82000
057048,新日興元大98購01,0,0,0,0,0,0,0,0,0,-82000,0,0,0,0,82000,-82000,-82000
05763P,致新永豐96售01  ,0,0,0,0,0,0,0,0,0,-82000,0,0,0,34000,116000,-82000,-82000
05853P,欣興群益96售05  ,0,0,0,0,0,0,0,0,0,-82000,0,0,0,7000,89000,-82000,-82000
056471,台光電元大99購01,0,0,0,0,0,0,0,0,0,-83000,0,0,0,10000,93000,-83000,-83000
047993,鑽全元大96購01  ,0,0,0,0,0,0,0,0,0,-83000,0,0,0,0,83000,-83000,-83000
051307,康舒凱基95購01  ,0,0,0,0,0,0,0,0,0,-83000,0,0,0,4000,87000,-83000,-83000
052023,鈺齊永豐95購02  ,0,0,0,0,0,0,0,0,0,-83000,0,0,0,0,83000,-83000,-83000
051618,智邦凱基95購06  ,0,0,0,0,0,0,0,0,0,-83000,0,0,0,142000,225000,-83000,-83000
053951,T50反1台新06購02,0,0,0,0,0,0,0,0,0,-83000,0,0,0,0,83000,-83000,-83000
3018,同開            ,120000,203000,-83000,0,0,0,0,0,0,0,0,0,0,0,0,0,-83000
055961,國泰金元大97購01,0,0,0,0,0,0,0,0,0,-84000,0,0,0,16000,100000,-84000,-84000
045685,康控元大95購01  ,0,0,0,0,0,0,0,0,0,-84000,0,0,0,42000,126000,-84000,-84000
051480,大立光凱基97購01,0,0,0,0,0,0,0,0,0,-84000,0,0,0,0,84000,-84000,-84000
049084,欣興凱基94購03  ,0,0,0,0,0,0,0,0,0,-84000,0,0,0,0,84000,-84000,-84000
053788,泰鼎元大97購01  ,0,0,0,0,0,0,0,0,0,-84000,0,0,0,59000,143000,-84000,-84000
052053,泰鼎凱基96購01  ,0,0,0,0,0,0,0,0,0,-84000,0,0,0,81000,165000,-84000,-84000
056622,高鐵永豐98購01  ,0,0,0,0,0,0,0,0,0,-84000,0,0,0,0,84000,-84000,-84000
055723,康控元大97購04  ,0,0,0,0,0,0,0,0,0,-85000,0,0,0,148000,233000,-85000,-85000
055591,全新元大98購01  ,0,0,0,0,0,0,0,0,0,-85000,0,0,0,143000,228000,-85000,-85000
055613,全新國票98購01  ,0,0,0,0,0,0,0,0,0,-85000,0,0,0,12000,97000,-85000,-85000
055116,康控凱基98購01  ,0,0,0,0,0,0,0,0,0,-85000,0,0,0,0,85000,-85000,-85000
055053,瑞昱永豐97購01  ,0,0,0,0,0,0,0,0,0,-85000,0,0,0,16000,101000,-85000,-85000
054477,聯發科中信9C購02,0,0,0,0,0,0,0,0,0,-85000,0,0,0,39000,124000,-85000,-85000
054226,燿華元富96購02  ,0,0,0,0,0,0,0,0,0,-85000,0,0,0,26000,111000,-85000,-85000
051430,瑞昱元富95購02  ,0,0,0,0,0,0,0,0,0,-85000,0,0,0,3000,88000,-85000,-85000
049966,旺宏國票95購02  ,0,0,0,0,0,0,0,0,0,-85000,0,0,0,25000,110000,-85000,-85000
052747,京鼎元大97購01  ,0,0,0,0,0,0,0,0,0,-85000,0,0,0,427000,512000,-85000,-85000
05324P,臺股指凱基95售08,0,0,0,0,0,0,0,0,0,-85000,0,0,0,5000,90000,-85000,-85000
056807,元油2X統一9B購01,0,0,0,0,0,0,0,0,0,-85000,0,0,0,100000,185000,-85000,-85000
054985,光罩元富97購01  ,0,0,0,0,0,0,0,0,0,-86000,0,0,0,46000,132000,-86000,-86000
055397,超眾統一97購02  ,0,0,0,0,0,0,0,0,0,-86000,0,0,0,403000,489000,-86000,-86000
056294,上銀元大97購11  ,0,0,0,0,0,0,0,0,0,-86000,0,0,0,66000,152000,-86000,-86000
04449P,智邦凱基94售01  ,0,0,0,0,0,0,0,0,0,-86000,0,0,0,0,86000,-86000,-86000
03959P,義隆元富96售01  ,0,0,0,0,0,0,0,0,0,-86000,0,0,0,10000,96000,-86000,-86000
051192,緯創兆豐96購01  ,0,0,0,0,0,0,0,0,0,-86000,0,0,0,46000,132000,-86000,-86000
050891,喬山元大95購01  ,0,0,0,0,0,0,0,0,0,-86000,0,0,0,0,86000,-86000,-86000
054050,創意元大96購06  ,0,0,0,0,0,0,0,0,0,-86000,0,0,0,103000,189000,-86000,-86000
051701,華通群益97購01  ,0,0,0,0,0,0,0,0,0,-86000,0,0,0,33000,119000,-86000,-86000
056689,玉晶光統一9A購03,0,0,0,0,0,0,0,0,0,-86000,0,0,0,182000,268000,-86000,-86000
05753P,臺股指中信99售02,0,0,0,0,0,0,0,0,0,-86000,0,0,0,0,86000,-86000,-86000
6206,飛捷            ,58000,144000,-86000,0,0,0,0,0,0,0,0,0,0,0,0,0,-86000
4137,麗豐-KY         ,245024,347872,-102848,0,0,0,0,0,0,16000,10000,0,10000,10000,4000,6000,-86848
056286,奇鋐永豐97購01  ,0,0,0,0,0,0,0,0,0,-87000,0,0,0,2000,89000,-87000,-87000
049167,元油2X凱基97購03,0,0,0,0,0,0,0,0,0,-87000,0,0,0,0,87000,-87000,-87000
05148P,臻鼎元大95售01  ,0,0,0,0,0,0,0,0,0,-87000,0,0,0,0,87000,-87000,-87000
051385,矽創群益95購01  ,0,0,0,0,0,0,0,0,0,-87000,0,0,0,0,87000,-87000,-87000
05173P,臺股指元大95售17,0,0,0,0,0,0,0,0,0,-87000,0,0,0,16000,103000,-87000,-87000
056856,華通群益9A購01  ,0,0,0,0,0,0,0,0,0,-87000,0,0,0,154000,241000,-87000,-87000
055451,台積電元富97購02,0,0,0,0,0,0,0,0,0,-88000,0,0,0,107000,195000,-88000,-88000
055461,TPK永豐97購01   ,0,0,0,0,0,0,0,0,0,-88000,0,0,0,57000,145000,-88000,-88000
055056,億光永豐97購01  ,0,0,0,0,0,0,0,0,0,-88000,0,0,0,22000,110000,-88000,-88000
054523,GIS元大96購05   ,0,0,0,0,0,0,0,0,0,-88000,0,0,0,11000,99000,-88000,-88000
054566,貿聯群益97購02  ,0,0,0,0,0,0,0,0,0,-88000,0,0,0,25000,113000,-88000,-88000
046639,嘉晶永豐93購01  ,0,0,0,0,0,0,0,0,0,-88000,0,0,0,0,88000,-88000,-88000
046476,鴻海統一96購01  ,0,0,0,0,0,0,0,0,0,-88000,0,0,0,341000,429000,-88000,-88000
051413,富邦金國票96購02,0,0,0,0,0,0,0,0,0,-88000,0,0,0,38000,126000,-88000,-88000
05013P,台積電元大96售05,0,0,0,0,0,0,0,0,0,-88000,0,0,0,32000,120000,-88000,-88000
05035P,聯發科元大95售06,0,0,0,0,0,0,0,0,0,-88000,0,0,0,435000,523000,-88000,-88000
050209,華通國票95購01  ,0,0,0,0,0,0,0,0,0,-88000,0,0,0,60000,148000,-88000,-88000
050089,臻鼎台新94購01  ,0,0,0,0,0,0,0,0,0,-88000,0,0,0,0,88000,-88000,-88000
052190,創意群益95購03  ,0,0,0,0,0,0,0,0,0,-88000,0,0,0,0,88000,-88000,-88000
052432,康友永豐95購04  ,0,0,0,0,0,0,0,0,0,-88000,0,0,0,47000,135000,-88000,-88000
053931,楠梓電統一96購01,0,0,0,0,0,0,0,0,0,-88000,0,0,0,32000,120000,-88000,-88000
053999,台表科群益96購06,0,0,0,0,0,0,0,0,0,-88000,0,0,0,0,88000,-88000,-88000
05844P,旺宏元大96售07  ,0,0,0,0,0,0,0,0,0,-88000,0,0,0,77000,165000,-88000,-88000
6285,啟碁            ,197000,296000,-99000,0,0,0,0,1000,-1000,12000,12000,2000,10000,8000,6000,2000,-88000
055239,帆宣台新97購01  ,0,0,0,0,0,0,0,0,0,-89000,0,0,0,51000,140000,-89000,-89000
055443,台虹國票98購01  ,0,0,0,0,0,0,0,0,0,-89000,0,0,0,60000,149000,-89000,-89000
055617,TPK國票98購04   ,0,0,0,0,0,0,0,0,0,-89000,0,0,0,36000,125000,-89000,-89000
056587,聯發科統一9A購01,0,0,0,0,0,0,0,0,0,-89000,0,0,0,60000,149000,-89000,-89000
056545,TPK凱基98購02   ,0,0,0,0,0,0,0,0,0,-89000,0,0,0,79000,168000,-89000,-89000
04750P,臺股指元大94售26,0,0,0,0,0,0,0,0,0,-89000,0,0,0,113000,202000,-89000,-89000
049048,玉晶光台新94購01,0,0,0,0,0,0,0,0,0,-89000,0,0,0,38000,127000,-89000,-89000
053331,玉晶光永豐97購02,0,0,0,0,0,0,0,0,0,-89000,0,0,0,343000,432000,-89000,-89000
052974,瀚宇博群益96購01,0,0,0,0,0,0,0,0,0,-89000,0,0,0,12000,101000,-89000,-89000
051738,全新國票96購02  ,0,0,0,0,0,0,0,0,0,-89000,0,0,0,30000,119000,-89000,-89000
06280P,臺股指凱基97售12,0,0,0,0,0,0,0,0,0,-89000,0,0,0,0,89000,-89000,-89000
056565,欣興群益98購03  ,0,0,0,0,0,0,0,0,0,-90000,0,0,0,55000,145000,-90000,-90000
056141,聯茂元大97購05  ,0,0,0,0,0,0,0,0,0,-90000,0,0,0,65000,155000,-90000,-90000
055589,台光電元大98購04,0,0,0,0,0,0,0,0,0,-90000,0,0,0,20000,110000,-90000,-90000
055022,精元國泰99購01  ,0,0,0,0,0,0,0,0,0,-90000,0,0,0,0,90000,-90000,-90000
054312,TPK凱基98購01   ,0,0,0,0,0,0,0,0,0,-90000,0,0,0,98000,188000,-90000,-90000
047518,儒鴻元大93購07  ,0,0,0,0,0,0,0,0,0,-90000,0,0,0,67000,157000,-90000,-90000
047637,旺宏元大94購03  ,0,0,0,0,0,0,0,0,0,-90000,0,0,0,127000,217000,-90000,-90000
046722,智邦元大93購02  ,0,0,0,0,0,0,0,0,0,-90000,0,0,0,11000,101000,-90000,-90000
047048,華邦電國票93購02,0,0,0,0,0,0,0,0,0,-90000,0,0,0,0,90000,-90000,-90000
047393,景碩元大93購02  ,0,0,0,0,0,0,0,0,0,-90000,0,0,0,0,90000,-90000,-90000
045869,滬深2X元富95購01,0,0,0,0,0,0,0,0,0,-90000,0,0,0,0,90000,-90000,-90000
045070,全新元大93購02  ,0,0,0,0,0,0,0,0,0,-90000,0,0,0,10000,100000,-90000,-90000
049431,光罩國票96購01  ,0,0,0,0,0,0,0,0,0,-90000,0,0,0,0,90000,-90000,-90000
048640,南亞科元大93購06,0,0,0,0,0,0,0,0,0,-90000,0,0,0,73000,163000,-90000,-90000
049981,臺企銀凱基94購01,0,0,0,0,0,0,0,0,0,-90000,0,0,0,0,90000,-90000,-90000
049479,矽格永豐94購01  ,0,0,0,0,0,0,0,0,0,-90000,0,0,0,10000,100000,-90000,-90000
048211,大立光日盛93購01,0,0,0,0,0,0,0,0,0,-90000,0,0,0,0,90000,-90000,-90000
051234,南電群益95購02  ,0,0,0,0,0,0,0,0,0,-90000,0,0,0,0,90000,-90000,-90000
051036,喬山台新95購01  ,0,0,0,0,0,0,0,0,0,-90000,0,0,0,0,90000,-90000,-90000
04813P,智邦元大94售07  ,0,0,0,0,0,0,0,0,0,-90000,0,0,0,131000,221000,-90000,-90000
050839,楠梓電國票96購01,0,0,0,0,0,0,0,0,0,-90000,0,0,0,0,90000,-90000,-90000
052160,美律永豐95購03  ,0,0,0,0,0,0,0,0,0,-90000,0,0,0,0,90000,-90000,-90000
052243,致茂康和95購01  ,0,0,0,0,0,0,0,0,0,-90000,0,0,0,434000,524000,-90000,-90000
052332,美律亞東96購01  ,0,0,0,0,0,0,0,0,0,-90000,0,0,0,0,90000,-90000,-90000
053040,全新凱基98購01  ,0,0,0,0,0,0,0,0,0,-90000,0,0,0,15000,105000,-90000,-90000
053069,同欣電群益98購01,0,0,0,0,0,0,0,0,0,-90000,0,0,0,131000,221000,-90000,-90000
053346,群創國票97購04  ,0,0,0,0,0,0,0,0,0,-90000,0,0,0,110000,200000,-90000,-90000
053461,台郡永昌99購01  ,0,0,0,0,0,0,0,0,0,-90000,0,0,0,0,90000,-90000,-90000
053701,台積電兆豐96購05,0,0,0,0,0,0,0,0,0,-90000,0,0,0,109000,199000,-90000,-90000
05912P,和大元大96售01  ,0,0,0,0,0,0,0,0,0,-90000,0,0,0,0,90000,-90000,-90000
06012P,世芯國票96售01  ,0,0,0,0,0,0,0,0,0,-90000,0,0,0,165000,255000,-90000,-90000
057055,立積元大99購01  ,0,0,0,0,0,0,0,0,0,-90000,0,0,0,0,90000,-90000,-90000
054635,台達電中信98購01,0,0,0,0,0,0,0,0,0,-91000,0,0,0,20000,111000,-91000,-91000
046180,裕隆凱基93購01  ,0,0,0,0,0,0,0,0,0,-91000,0,0,0,10000,101000,-91000,-91000
051202,智邦麥證95購01  ,0,0,0,6000,97000,-91000,0,0,0,-91000,0,0,0,6000,97000,-91000,-91000
05128P,聯發科中信97售03,0,0,0,0,0,0,0,0,0,-91000,0,0,0,0,91000,-91000,-91000
048627,T50反1元大96購02,0,0,0,0,0,0,0,0,0,-91000,0,0,0,9000,100000,-91000,-91000
050053,訊芯群益94購03  ,0,0,0,0,0,0,0,0,0,-91000,0,0,0,20000,111000,-91000,-91000
053843,訊芯統一96購01  ,0,0,0,0,0,0,0,0,0,-91000,0,0,0,190000,281000,-91000,-91000
053965,聯電元大98購04  ,0,0,0,0,0,0,0,0,0,-91000,0,0,0,353000,444000,-91000,-91000
053924,京鼎國票97購01  ,0,0,0,0,0,0,0,0,0,-91000,0,0,0,0,91000,-91000,-91000
053459,康控國泰97購01  ,0,0,0,0,0,0,0,0,0,-91000,0,0,0,40000,131000,-91000,-91000
056792,訊芯群益98購01  ,0,0,0,0,0,0,0,0,0,-91000,0,0,0,12000,103000,-91000,-91000
056848,泰鼎元富98購01  ,0,0,0,0,0,0,0,0,0,-91000,0,0,0,10000,101000,-91000,-91000
054341,燿華元富96購03  ,0,0,0,0,0,0,0,0,0,-92000,0,0,0,0,92000,-92000,-92000
05427P,聯發科凱基96售07,0,0,0,0,0,0,0,0,0,-92000,0,0,0,9000,101000,-92000,-92000
055837,致茂元大97購02  ,0,0,0,0,0,0,0,0,0,-92000,0,0,0,161000,253000,-92000,-92000
056090,康舒統一97購01  ,0,0,0,0,0,0,0,0,0,-92000,0,0,0,0,92000,-92000,-92000
049363,旺宏元大94購07  ,0,0,0,0,0,0,0,0,0,-92000,0,0,0,17000,109000,-92000,-92000
047418,智邦富邦97購01  ,0,0,0,0,0,0,0,0,0,-92000,0,0,0,284000,376000,-92000,-92000
047940,台光電國票93購01,0,0,0,0,0,0,0,0,0,-92000,0,0,0,0,92000,-92000,-92000
049026,晶相光群益94購01,0,0,0,0,0,0,0,0,0,-92000,0,0,0,1000,93000,-92000,-92000
05330P,臺股指凱基95售14,0,0,0,0,0,0,0,0,0,-92000,0,0,0,99000,191000,-92000,-92000
053114,聯茂兆豐97購01  ,0,0,0,0,0,0,0,0,0,-92000,0,0,0,287000,379000,-92000,-92000
054190,矽創永豐96購01  ,0,0,0,0,0,0,0,0,0,-92000,0,0,0,116000,208000,-92000,-92000
05284P,鴻海兆豐95售04  ,0,0,0,0,0,0,0,0,0,-92000,0,0,0,5000,97000,-92000,-92000
1707,葡萄王          ,82000,183000,-101000,0,0,0,0,0,0,9000,9000,0,9000,0,0,0,-92000
055718,可成元大97購02  ,0,0,0,0,0,0,0,0,0,-93000,0,0,0,231000,324000,-93000,-93000
049399,台光電群益94購02,0,0,0,0,0,0,0,0,0,-93000,0,0,0,0,93000,-93000,-93000
046184,台光電凱基93購08,0,0,0,0,0,0,0,0,0,-93000,0,0,0,0,93000,-93000,-93000
046396,矽創國泰93購01  ,0,0,0,0,0,0,0,0,0,-93000,0,0,0,15000,108000,-93000,-93000
050561,上証2X元富97購01,0,0,0,0,0,0,0,0,0,-93000,0,0,0,0,93000,-93000,-93000
052706,台虹國票97購01  ,0,0,0,0,0,0,0,0,0,-93000,0,0,0,0,93000,-93000,-93000
055466,台達電凱基97購03,0,0,0,0,0,0,0,0,0,-94000,0,0,0,0,94000,-94000,-94000
056204,嘉澤永豐97購01  ,0,0,0,0,0,0,0,0,0,-94000,0,0,0,25000,119000,-94000,-94000
056482,貿聯元大99購01  ,0,0,0,0,0,0,0,0,0,-94000,0,0,0,275000,369000,-94000,-94000
04439P,聯發科群益94售04,0,0,0,0,0,0,0,0,0,-94000,0,0,0,109000,203000,-94000,-94000
047721,GIS凱基93購04   ,0,0,0,0,0,0,0,0,0,-94000,0,0,0,0,94000,-94000,-94000
050088,禾伸堂台新94購01,0,0,0,0,0,0,0,0,0,-94000,0,0,0,0,94000,-94000,-94000
052887,華通中信96購01  ,0,0,0,0,0,0,0,0,0,-94000,0,0,0,0,94000,-94000,-94000
052097,GIS元大95購05   ,0,0,0,0,0,0,0,0,0,-94000,0,0,0,73000,167000,-94000,-94000
053986,矽創第一96購01  ,0,0,0,0,0,0,0,0,0,-94000,0,0,0,202000,296000,-94000,-94000
053481,同欣電元大97購01,0,0,0,0,0,0,0,0,0,-94000,0,0,0,143000,237000,-94000,-94000
5471,松翰            ,41000,135000,-94000,0,0,0,0,0,0,0,0,0,0,0,0,0,-94000
056958,喬山永豐98購01  ,0,0,0,0,0,0,0,0,0,-94000,0,0,0,0,94000,-94000,-94000
05774P,臺股指凱基99售04,0,0,0,0,0,0,0,0,0,-94000,0,0,0,110000,204000,-94000,-94000
056496,康控國泰99購01  ,0,0,0,0,0,0,0,0,0,-95000,0,0,0,38000,133000,-95000,-95000
056564,亞光群益98購02  ,0,0,0,0,0,0,0,0,0,-95000,0,0,0,11000,106000,-95000,-95000
05621P,聯電中信96售01  ,0,0,0,0,0,0,0,0,0,-95000,0,0,0,48000,143000,-95000,-95000
055759,技嘉群益98購02  ,0,0,0,0,0,0,0,0,0,-95000,0,0,0,193000,288000,-95000,-95000
054611,全新永豐97購01  ,0,0,0,0,0,0,0,0,0,-95000,0,0,0,10000,105000,-95000,-95000
054688,兆赫永豐97購01  ,0,0,0,0,0,0,0,0,0,-95000,0,0,0,55000,150000,-95000,-95000
049771,GIS元富94購02   ,0,0,0,0,0,0,0,0,0,-95000,0,0,0,1000,96000,-95000,-95000
047322,日月光元大93購04,0,0,0,0,0,0,0,0,0,-95000,0,0,0,10000,105000,-95000,-95000
048794,易華電元大97購01,0,0,0,0,0,0,0,0,0,-95000,0,0,0,10000,105000,-95000,-95000
053387,緯創元大97購01  ,0,0,0,0,0,0,0,0,0,-95000,0,0,0,0,95000,-95000,-95000
05193P,台郡台新95售01  ,0,0,0,0,0,0,0,0,0,-95000,0,0,0,0,95000,-95000,-95000
051586,國泰金元大96購01,0,0,0,0,0,0,0,0,0,-95000,0,0,0,69000,164000,-95000,-95000
052892,大成鋼群益96購01,0,0,0,0,0,0,0,0,0,-95000,0,0,0,26000,121000,-95000,-95000
06150P,奇力新元大97售06,0,0,0,0,0,0,0,0,0,-95000,0,0,0,0,95000,-95000,-95000
06539P,聯發科凱基98售12,0,0,0,0,0,0,0,0,0,-95000,0,0,0,0,95000,-95000,-95000
054413,台光電元大96購03,0,0,0,0,0,0,0,0,0,-96000,0,0,0,20000,116000,-96000,-96000
055527,旺宏群益99購03  ,0,0,0,0,0,0,0,0,0,-96000,0,0,0,4000,100000,-96000,-96000
056524,欣興中信98購02  ,0,0,0,0,0,0,0,0,0,-96000,0,0,0,32000,128000,-96000,-96000
056501,貿聯富邦99購01  ,0,0,0,0,0,0,0,0,0,-96000,0,0,0,383000,479000,-96000,-96000
04949P,致新元大94售04  ,0,0,0,0,0,0,0,0,0,-96000,0,0,0,34000,130000,-96000,-96000
03973P,高鐵元大93售01  ,0,0,0,0,0,0,0,0,0,-96000,0,0,0,0,96000,-96000,-96000
04137P,元油反國票97售01,0,0,0,0,0,0,0,0,0,-96000,0,0,0,0,96000,-96000,-96000
03399P,欣興中信02售03  ,0,0,0,0,0,0,0,0,0,-96000,0,0,0,5000,101000,-96000,-96000
042116,元油2X國票97購01,0,0,0,0,0,0,0,0,0,-96000,0,0,0,10000,106000,-96000,-96000
050852,矽創國票95購02  ,0,0,0,0,0,0,0,0,0,-96000,0,0,0,60000,156000,-96000,-96000
056523,光寶科中信98購01,0,0,0,0,0,0,0,0,0,-97000,0,0,0,33000,130000,-97000,-97000
056253,京鼎兆豐98購01  ,0,0,0,0,0,0,0,0,0,-97000,0,0,0,0,97000,-97000,-97000
056353,鴻海元大99購02  ,0,0,0,0,0,0,0,0,0,-97000,0,0,0,25000,122000,-97000,-97000
054488,禾伸堂台新96購01,0,0,0,0,0,0,0,0,0,-97000,0,0,0,79000,176000,-97000,-97000
054742,京鼎凱基99購01  ,0,0,0,0,0,0,0,0,0,-97000,0,0,0,32000,129000,-97000,-97000
055057,興勤永豐97購01  ,0,0,0,0,0,0,0,0,0,-97000,0,0,0,0,97000,-97000,-97000
055328,鈺齊國票98購01  ,0,0,0,0,0,0,0,0,0,-97000,0,0,0,45000,142000,-97000,-97000
044465,元油2X群益97購01,0,0,0,0,0,0,0,0,0,-97000,0,0,0,0,97000,-97000,-97000
051094,健策元大96購03  ,0,0,0,0,0,0,0,0,0,-97000,0,0,0,154000,251000,-97000,-97000
048780,臺股指凱基94購03,0,0,0,0,0,0,0,0,0,-97000,0,0,0,25000,122000,-97000,-97000
049824,鴻海凱基94購18  ,0,0,0,0,0,0,0,0,0,-97000,0,0,0,0,97000,-97000,-97000
053153,大立光元大99購02,0,0,0,0,0,0,0,0,0,-97000,0,0,0,93000,190000,-97000,-97000
05402P,台郡永豐95售02  ,0,0,0,0,0,0,0,0,0,-97000,0,0,0,2000,99000,-97000,-97000
056610,鴻海永豐98購01  ,0,0,0,0,0,0,0,0,0,-97000,0,0,0,11000,108000,-97000,-97000
055291,京鼎元大97購02  ,0,0,0,0,0,0,0,0,0,-98000,0,0,0,52000,150000,-98000,-98000
054772,康控國票98購02  ,0,0,0,0,0,0,0,0,0,-98000,0,0,0,0,98000,-98000,-98000
045235,致茂中信93購01  ,0,0,0,0,0,0,0,0,0,-98000,0,0,0,265000,363000,-98000,-98000
047565,美律國票93購02  ,0,0,0,0,0,0,0,0,0,-98000,0,0,0,0,98000,-98000,-98000
04744P,臻鼎元富94售04  ,0,0,0,0,0,0,0,0,0,-98000,0,0,0,0,98000,-98000,-98000
048858,大立光群益94購03,0,0,0,0,0,0,0,0,0,-98000,0,0,0,0,98000,-98000,-98000
050564,臻鼎元富94購08  ,0,0,0,0,0,0,0,0,0,-98000,0,0,0,0,98000,-98000,-98000
049300,南電群益94購01  ,0,0,0,0,0,0,0,0,0,-98000,0,0,0,0,98000,-98000,-98000
049352,泰鼎永豐95購01  ,0,0,0,0,0,0,0,0,0,-98000,0,0,0,20000,118000,-98000,-98000
051346,仁寶元大95購01  ,0,0,0,0,0,0,0,0,0,-98000,0,0,0,2000,100000,-98000,-98000
053065,大立光群益96購01,0,0,0,0,0,0,0,0,0,-98000,0,0,0,21000,119000,-98000,-98000
053263,華邦電群益96購03,0,0,0,0,0,0,0,0,0,-98000,0,0,0,0,98000,-98000,-98000
052861,台光電凱基96購03,0,0,0,0,0,0,0,0,0,-98000,0,0,0,111000,209000,-98000,-98000
052143,鴻海群益95購09  ,0,0,0,0,0,0,0,0,0,-98000,0,0,0,0,98000,-98000,-98000
056739,美律凱基98購04  ,0,0,0,0,0,0,0,0,0,-98000,0,0,0,57000,155000,-98000,-98000
054587,玉晶光國泰99購01,0,0,0,0,0,0,0,0,0,-99000,0,0,0,75000,174000,-99000,-99000
05447P,臺股指元大95售24,0,0,0,0,0,0,0,0,0,-99000,0,0,0,28000,127000,-99000,-99000
054387,台積電統一98購02,0,0,0,0,0,0,0,0,0,-99000,0,0,0,221000,320000,-99000,-99000
054316,矽創凱基97購01  ,0,0,0,0,0,0,0,0,0,-99000,0,0,0,32000,131000,-99000,-99000
055188,亞翔統一97購01  ,0,0,0,0,0,0,0,0,0,-99000,0,0,0,22000,121000,-99000,-99000
056571,燿華元大98購02  ,0,0,0,0,0,0,0,0,0,-99000,0,0,0,308000,407000,-99000,-99000
04586P,光罩永豐94售02  ,0,0,0,0,0,0,0,0,0,-99000,0,0,0,1000,100000,-99000,-99000
045936,富邦金群益94購01,0,0,0,0,0,0,0,0,0,-99000,0,0,0,0,99000,-99000,-99000
03635C,滬深2X元富99牛01,0,0,0,0,0,0,0,0,0,-99000,0,0,0,26000,125000,-99000,-99000
051289,大立光統一96購01,0,0,0,0,0,0,0,0,0,-99000,0,0,0,1000,100000,-99000,-99000
050934,喬山國票96購01  ,0,0,0,0,0,0,0,0,0,-99000,0,0,0,0,99000,-99000,-99000
05084P,嘉聯益永豐95售02,0,0,0,0,0,0,0,0,0,-99000,0,0,0,5000,104000,-99000,-99000
048391,友訊國票94購01  ,0,0,0,0,0,0,0,0,0,-99000,0,0,0,20000,119000,-99000,-99000
051948,滬深2X元富9B購01,0,0,0,0,0,0,0,0,0,-99000,0,0,0,1000,100000,-99000,-99000
052051,京鼎凱基95購01  ,0,0,0,0,0,0,0,0,0,-99000,0,0,0,0,99000,-99000,-99000
052536,聯茂國泰97購01  ,0,0,0,0,0,0,0,0,0,-99000,0,0,0,54000,153000,-99000,-99000
053514,麗豐群益96購01  ,0,0,0,0,0,0,0,0,0,-99000,0,0,0,0,99000,-99000,-99000
053850,嘉澤元富96購03  ,0,0,0,0,0,0,0,0,0,-99000,0,0,0,51000,150000,-99000,-99000
056697,緯穎群益98購01  ,0,0,0,0,0,0,0,0,0,-99000,0,0,0,160000,259000,-99000,-99000
056867,華通麥證98購01  ,0,0,0,0,100000,-100000,0,0,0,-99000,0,0,0,1000,100000,-99000,-99000
05651P,大立光元大97售02,0,0,0,0,0,0,0,0,0,-100000,0,0,0,0,100000,-100000,-100000
056478,晶技元大99購01  ,0,0,0,0,0,0,0,0,0,-100000,0,0,0,0,100000,-100000,-100000
055883,樺漢元富97購01  ,0,0,0,0,0,0,0,0,0,-100000,0,0,0,0,100000,-100000,-100000
056022,新光金群益97購02,0,0,0,0,0,0,0,0,0,-100000,0,0,0,0,100000,-100000,-100000
055059,健和興永豐97購01,0,0,0,0,0,0,0,0,0,-100000,0,0,0,0,100000,-100000,-100000
054899,南港康和97購01  ,0,0,0,0,0,0,0,0,0,-100000,0,0,0,4000,104000,-100000,-100000
054893,帆宣統一99購01  ,0,0,0,0,0,0,0,0,0,-100000,0,0,0,18000,118000,-100000,-100000
054443,樺漢台新96購02  ,0,0,0,0,0,0,0,0,0,-100000,0,0,0,0,100000,-100000,-100000
045571,元油2X元大95購04,0,0,0,0,0,0,0,0,0,-100000,0,0,0,0,100000,-100000,-100000
045567,滬深2X富邦93購01,0,0,0,0,0,0,0,0,0,-100000,0,0,0,0,100000,-100000,-100000
04249P,大立光統一94售04,0,0,0,0,0,0,0,0,0,-100000,0,0,0,0,100000,-100000,-100000
04299P,卜蜂中信93售02  ,0,0,0,0,0,0,0,0,0,-100000,0,0,0,0,100000,-100000,-100000
041427,滬深2X國票93購01,0,0,0,0,0,0,0,0,0,-100000,0,0,0,0,100000,-100000,-100000
04044P,鴻海元大93售18  ,0,0,0,0,0,0,0,0,0,-100000,0,0,0,0,100000,-100000,-100000
04084P,台表科統一93售01,0,0,0,0,0,0,0,0,0,-100000,0,0,0,0,100000,-100000,-100000
04506P,旺宏元大94售06  ,0,0,0,0,0,0,0,0,0,-100000,0,0,0,5000,105000,-100000,-100000
045080,大立光元大93購06,0,0,0,0,0,0,0,0,0,-100000,0,0,0,0,100000,-100000,-100000
045081,大立光元大93購07,0,0,0,0,0,0,0,0,0,-100000,0,0,0,0,100000,-100000,-100000
047865,健鼎康和93購01  ,0,0,0,0,0,0,0,0,0,-100000,0,0,0,0,100000,-100000,-100000
04568P,瑞昱兆豐94售02  ,0,0,0,0,0,0,0,0,0,-100000,0,0,0,0,100000,-100000,-100000
045733,瑞昱國票93購01  ,0,0,0,0,0,0,0,0,0,-100000,0,0,0,0,100000,-100000,-100000
04337P,台積電元大93售25,0,0,0,0,0,0,0,0,0,-100000,0,0,0,0,100000,-100000,-100000
04479P,同欣電中信96售02,0,0,0,0,0,0,0,0,0,-100000,0,0,0,0,100000,-100000,-100000
049793,為升元大94購04  ,0,0,0,0,0,0,0,0,0,-100000,0,0,0,10000,110000,-100000,-100000
049731,A50正2群益94購02,0,0,0,0,0,0,0,0,0,-100000,0,0,0,0,100000,-100000,-100000
047469,華通中信93購01  ,0,0,0,0,0,0,0,0,0,-100000,0,0,0,152000,252000,-100000,-100000
047611,滬深2X群益93購02,0,0,0,0,0,0,0,0,0,-100000,0,0,0,0,100000,-100000,-100000
047000,和大統一93購01  ,0,0,0,0,0,0,0,0,0,-100000,0,0,0,0,100000,-100000,-100000
046704,智原元富93購01  ,0,0,0,0,0,0,0,0,0,-100000,0,0,0,0,100000,-100000,-100000
048425,聯茂元富96購02  ,0,0,0,0,0,0,0,0,0,-100000,0,0,0,0,100000,-100000,-100000
04843P,致新元大94售02  ,0,0,0,0,0,0,0,0,0,-100000,0,0,0,0,100000,-100000,-100000
048270,T50反1富邦99購01,0,0,0,0,0,0,0,0,0,-100000,0,0,0,0,100000,-100000,-100000
048035,聯詠凱基93購06  ,0,0,0,0,0,0,0,0,0,-100000,0,0,0,20000,120000,-100000,-100000
049351,揚明光永豐94購01,0,0,0,0,0,0,0,0,0,-100000,0,0,0,0,100000,-100000,-100000
049037,可成兆豐94購01  ,0,0,0,0,0,0,0,0,0,-100000,0,0,0,0,100000,-100000,-100000
050143,臻鼎元富94購05  ,0,0,0,0,0,0,0,0,0,-100000,0,0,0,0,100000,-100000,-100000
050709,嘉聯益第一96購01,0,0,0,0,0,0,0,0,0,-100000,0,0,0,0,100000,-100000,-100000
050282,T50反1凱基97購01,0,0,0,0,0,0,0,0,0,-100000,0,0,0,77000,177000,-100000,-100000
051101,台表科元大96購02,0,0,0,0,0,0,0,0,0,-100000,0,0,0,2000,102000,-100000,-100000
051304,緯創凱基96購01  ,0,0,0,0,0,0,0,0,0,-100000,0,0,0,0,100000,-100000,-100000
051373,華新亞東95購01  ,0,0,0,0,0,0,0,0,0,-100000,0,0,0,0,100000,-100000,-100000
053394,鴻海中信9A購01  ,0,0,0,0,0,0,0,0,0,-100000,0,0,0,0,100000,-100000,-100000
053338,台光電國票97購01,0,0,0,0,0,0,0,0,0,-100000,0,0,0,48000,148000,-100000,-100000
052946,智原國票97購02  ,0,0,0,0,0,0,0,0,0,-100000,0,0,0,1000,101000,-100000,-100000
053007,致伸永豐96購01  ,0,0,0,0,0,0,0,0,0,-100000,0,0,0,0,100000,-100000,-100000
053208,鴻海凱基96購13  ,0,0,0,0,0,0,0,0,0,-100000,0,0,0,0,100000,-100000,-100000
052455,樺漢元大96購03  ,0,0,0,0,0,0,0,0,0,-100000,0,0,0,0,100000,-100000,-100000
052307,潤泰全國泰96購01,0,0,0,0,0,0,0,0,0,-100000,0,0,0,0,100000,-100000,-100000
052652,台虹永豐96購01  ,0,0,0,0,0,0,0,0,0,-100000,0,0,0,0,100000,-100000,-100000
051951,聯發科元富95購02,0,0,0,0,0,0,0,0,0,-100000,0,0,0,0,100000,-100000,-100000
051908,國泰金元大96購02,0,0,0,0,0,0,0,0,0,-100000,0,0,0,0,100000,-100000,-100000
05154P,台積電兆豐95售05,0,0,0,0,0,0,0,0,0,-100000,0,0,0,20000,120000,-100000,-100000
056919,英業達兆豐98購01,0,0,0,0,0,0,0,0,0,-100000,0,0,0,0,100000,-100000,-100000
056996,矽力日盛99購01  ,0,0,0,0,0,0,0,0,0,-100000,0,0,0,0,100000,-100000,-100000
057110,立積群益98購01  ,0,0,0,0,0,0,0,0,0,-100000,0,0,0,0,100000,-100000,-100000
06456P,聯發科統一98售03,0,0,0,0,0,0,0,0,0,-100000,0,0,0,0,100000,-100000,-100000
06159P,牧德元富97售02  ,0,0,0,0,0,0,0,0,0,-100000,0,0,0,0,100000,-100000,-100000
06076P,大立光凱基98售03,0,0,0,0,0,0,0,0,0,-100000,0,0,0,0,100000,-100000,-100000
054461,台積電凱基97購09,0,0,0,0,0,0,0,0,0,-101000,0,0,0,15000,116000,-101000,-101000
054795,合勤控群益98購01,0,0,0,0,0,0,0,0,0,-101000,0,0,0,0,101000,-101000,-101000
055303,鈺齊元大97購01  ,0,0,0,0,0,0,0,0,0,-101000,0,0,0,1000,102000,-101000,-101000
055421,玉晶光永豐98購04,0,0,0,0,0,0,0,0,0,-101000,0,0,0,309000,410000,-101000,-101000
056084,漢唐統一97購03  ,0,0,0,0,0,0,0,0,0,-101000,0,0,0,0,101000,-101000,-101000
049701,聯茂元大94購05  ,0,0,0,0,0,0,0,0,0,-101000,0,0,0,15000,116000,-101000,-101000
047998,美律元大93購06  ,0,0,0,0,0,0,0,0,0,-101000,0,0,0,43000,144000,-101000,-101000
04104P,臺股指國票93售11,0,0,0,0,0,0,0,0,0,-101000,0,0,0,0,101000,-101000,-101000
04893P,創意元大94售03  ,0,0,0,0,0,0,0,0,0,-101000,0,0,0,50000,151000,-101000,-101000
050822,亞光凱基95購01  ,0,0,0,0,0,0,0,0,0,-101000,0,0,0,50000,151000,-101000,-101000
050779,超眾元大96購03  ,0,0,0,0,0,0,0,0,0,-101000,0,0,0,452000,553000,-101000,-101000
050424,鴻海凱基96購03  ,0,0,0,0,0,0,0,0,0,-101000,0,0,0,0,101000,-101000,-101000
049855,台表科群益94購01,0,0,0,0,0,0,0,0,0,-101000,0,0,0,39000,140000,-101000,-101000
05219P,鴻海元大95售17  ,0,0,0,0,0,0,0,0,0,-101000,0,0,0,258000,359000,-101000,-101000
053836,亞光永豐96購02  ,0,0,0,0,0,0,0,0,0,-101000,0,0,0,56000,157000,-101000,-101000
053572,彩晶統一96購01  ,0,0,0,0,0,0,0,0,0,-101000,0,0,0,0,101000,-101000,-101000
05999P,世芯元大96售01  ,0,0,0,0,0,0,0,0,0,-101000,0,0,0,70000,171000,-101000,-101000
06320P,上銀統一97售04  ,0,0,0,0,0,0,0,0,0,-101000,0,0,0,24000,125000,-101000,-101000
06337P,祥碩元大97售05  ,0,0,0,0,0,0,0,0,0,-101000,0,0,0,477000,578000,-101000,-101000
056926,日月光兆豐98購01,0,0,0,0,0,0,0,0,0,-101000,0,0,0,59000,160000,-101000,-101000
055268,和大元大97購01  ,60000,60000,0,0,0,0,0,0,0,-102000,0,0,0,61000,163000,-102000,-102000
054898,台肥康和97購01  ,0,0,0,0,0,0,0,0,0,-102000,0,0,0,0,102000,-102000,-102000
054395,華新科永豐96購03,0,0,0,0,0,0,0,0,0,-102000,0,0,0,346000,448000,-102000,-102000
054375,貿聯中信99購01  ,0,0,0,0,0,0,0,0,0,-102000,0,0,0,0,102000,-102000,-102000
00713,元大台灣高息低波,0,210000,-210000,0,0,0,0,0,0,108000,0,0,0,117000,9000,108000,-102000
044167,大立光元大93購03,0,0,0,0,0,0,0,0,0,-102000,0,0,0,0,102000,-102000,-102000
047828,華新元大93購03  ,0,0,0,0,0,0,0,0,0,-102000,0,0,0,1000,103000,-102000,-102000
047528,高鐵元大93購03  ,0,0,0,0,0,0,0,0,0,-102000,0,0,0,6000,108000,-102000,-102000
049888,智邦國泰96購01  ,0,0,0,0,0,0,0,0,0,-102000,0,0,0,33000,135000,-102000,-102000
05163P,聯發科統一96售02,0,0,0,0,0,0,0,0,0,-102000,0,0,0,278000,380000,-102000,-102000
05746P,台積電群益96售07,0,0,0,0,0,0,0,0,0,-102000,0,0,0,226000,328000,-102000,-102000
05450P,臺股指元大95售27,0,0,0,0,0,0,0,0,0,-103000,0,0,0,54000,157000,-103000,-103000
055520,矽力中信97購02  ,0,0,0,0,0,0,0,0,0,-103000,0,0,0,244000,347000,-103000,-103000
046208,滬深2X元富95購03,0,0,0,0,0,0,0,0,0,-103000,0,0,0,0,103000,-103000,-103000
047109,華邦電元大94購01,0,0,0,0,0,0,0,0,0,-103000,0,0,0,8000,111000,-103000,-103000
049151,大立光元大94購07,0,0,0,0,0,0,0,0,0,-103000,0,0,0,0,103000,-103000,-103000
053612,T50反1群益96購01,0,0,0,0,0,0,0,0,0,-103000,0,0,0,0,103000,-103000,-103000
05396P,台郡元大95售05  ,0,0,0,0,0,0,0,0,0,-103000,0,0,0,0,103000,-103000,-103000
2406,國碩            ,145000,248000,-103000,0,0,0,0,0,0,0,0,0,0,0,0,0,-103000
056249,鴻海兆豐97購05  ,0,0,0,0,0,0,0,0,0,-104000,0,0,0,0,104000,-104000,-104000
054522,康友元大96購07  ,0,0,0,0,0,0,0,0,0,-104000,0,0,0,37000,141000,-104000,-104000
047051,可成國票94購01  ,0,0,0,0,0,0,0,0,0,-104000,0,0,0,10000,114000,-104000,-104000
051224,華通群益96購03  ,0,0,0,0,0,0,0,0,0,-104000,0,0,0,15000,119000,-104000,-104000
049018,光罩群益94購01  ,0,0,0,0,0,0,0,0,0,-104000,0,0,0,116000,220000,-104000,-104000
050454,嘉澤元大94購04  ,0,0,0,0,0,0,0,0,0,-104000,0,0,0,19000,123000,-104000,-104000
051802,同欣電永豐95購02,0,0,0,0,0,0,0,0,0,-104000,0,0,0,105000,209000,-104000,-104000
1313,聯成            ,84000,188000,-104000,0,0,0,0,0,0,0,0,0,0,0,0,0,-104000
054525,奇鋐元富96購01  ,0,0,0,0,0,0,0,0,0,-105000,0,0,0,0,105000,-105000,-105000
055299,康友元大97購02  ,0,0,0,0,0,0,0,0,0,-105000,0,0,0,35000,140000,-105000,-105000
056517,茂林兆豐99購01  ,0,0,0,0,0,0,0,0,0,-105000,0,0,0,100000,205000,-105000,-105000
055664,和大群益98購02  ,0,0,0,0,0,0,0,0,0,-105000,0,0,0,0,105000,-105000,-105000
055880,神達元富97購02  ,0,0,0,0,0,0,0,0,0,-105000,0,0,0,10000,115000,-105000,-105000
055734,奇力新元富97購02,0,0,0,0,0,0,0,0,0,-105000,0,0,0,243000,348000,-105000,-105000
046928,奇鋐富邦97購01  ,0,0,0,0,0,0,0,0,0,-105000,0,0,0,0,105000,-105000,-105000
00640L,富邦日本正2     ,3000,55000,-52000,0,0,0,0,0,0,-53000,0,0,0,410000,463000,-53000,-105000
04532P,臺股指凱基94售04,0,0,0,0,0,0,0,0,0,-105000,0,0,0,0,105000,-105000,-105000
050580,強茂國票95購01  ,0,0,0,0,0,0,0,0,0,-105000,0,0,0,0,105000,-105000,-105000
051394,奇鋐兆豐95購01  ,0,0,0,0,0,0,0,0,0,-105000,0,0,0,0,105000,-105000,-105000
050880,大立光元富95購03,0,0,0,0,0,0,0,0,0,-105000,0,0,0,65000,170000,-105000,-105000
049242,佳世達元富96購01,0,0,0,0,0,0,0,0,0,-105000,0,0,0,0,105000,-105000,-105000
052922,國巨永豐96購01  ,0,0,0,0,0,0,0,0,0,-105000,0,0,0,59000,164000,-105000,-105000
053734,友達中信98購02  ,0,0,0,0,0,0,0,0,0,-105000,0,0,0,237000,342000,-105000,-105000
053191,奇鋐統一96購01  ,0,0,0,0,0,0,0,0,0,-105000,0,0,0,0,105000,-105000,-105000
057113,祥碩群益98購01  ,0,0,0,0,0,0,0,0,0,-105000,0,0,0,0,105000,-105000,-105000
056371,樺漢元大98購03  ,0,0,0,0,0,0,0,0,0,-106000,0,0,0,42000,148000,-106000,-106000
042953,鴻海台新01購01  ,0,0,0,0,0,0,0,0,0,-106000,0,0,0,15000,121000,-106000,-106000
042801,達邁元大93購01  ,0,0,0,0,0,0,0,0,0,-106000,0,0,0,178000,284000,-106000,-106000
04898P,瑞儀中信95售01  ,0,0,0,0,0,0,0,0,0,-106000,0,0,0,164000,270000,-106000,-106000
04828P,聯發科凱基94售15,0,0,0,0,0,0,0,0,0,-106000,0,0,0,12000,118000,-106000,-106000
049951,全新群益94購03  ,0,0,0,0,0,0,0,0,0,-106000,0,0,0,8000,114000,-106000,-106000
053079,世紀鋼永豐96購01,0,0,0,0,0,0,0,0,0,-106000,0,0,0,188000,294000,-106000,-106000
053344,嘉晶國票97購02  ,0,0,0,0,0,0,0,0,0,-106000,0,0,0,0,106000,-106000,-106000
053541,泰鼎永豐96購02  ,0,0,0,0,0,0,0,0,0,-106000,0,0,0,40000,146000,-106000,-106000
053492,華邦電兆豐97購01,0,0,0,0,0,0,0,0,0,-106000,0,0,0,20000,126000,-106000,-106000
053423,亞光永豐96購01  ,0,0,0,0,0,0,0,0,0,-106000,0,0,0,93000,199000,-106000,-106000
054185,喬山永豐96購02  ,0,0,0,0,0,0,0,0,0,-106000,0,0,0,0,106000,-106000,-106000
06129P,玉晶光元富97售06,0,0,0,0,0,0,0,0,0,-106000,0,0,0,30000,136000,-106000,-106000
055798,聯茂富邦98購01  ,0,0,0,0,0,0,0,0,0,-107000,0,0,0,466000,573000,-107000,-107000
055702,美律富邦98購01  ,0,0,0,0,0,0,0,0,0,-107000,0,0,0,45000,152000,-107000,-107000
055024,興勤國泰98購01  ,0,0,0,0,0,0,0,0,0,-107000,0,0,0,20000,127000,-107000,-107000
054259,健策元大97購03  ,0,0,0,0,0,0,0,0,0,-107000,0,0,0,334000,441000,-107000,-107000
049960,嘉聯益統一94購01,0,0,0,0,0,0,0,0,0,-107000,0,0,0,0,107000,-107000,-107000
04990P,臻鼎元大94售04  ,0,0,0,0,0,0,0,0,0,-107000,0,0,0,0,107000,-107000,-107000
053179,大立光統一96購04,0,0,0,0,0,0,0,0,0,-107000,0,0,0,30000,137000,-107000,-107000
1308,亞聚            ,40000,142000,-102000,0,0,0,0,0,0,-5000,0,5000,-5000,0,0,0,-107000
06426P,T50正2元大9B售01,0,0,0,0,0,0,0,0,0,-107000,0,0,0,54000,161000,-107000,-107000
056965,全新永豐98購01  ,0,0,0,0,0,0,0,0,0,-107000,0,0,0,176000,283000,-107000,-107000
054882,台光電統一97購02,0,0,0,0,0,0,0,0,0,-108000,0,0,0,35000,143000,-108000,-108000
056578,智易元大99購02  ,0,0,0,0,0,0,0,0,0,-108000,0,0,0,212000,320000,-108000,-108000
050188,貿聯元大96購01  ,0,0,0,0,0,0,0,0,0,-108000,0,0,0,5000,113000,-108000,-108000
053464,喬山元大96購01  ,0,0,0,0,0,0,0,0,0,-108000,0,0,0,44000,152000,-108000,-108000
053335,易華電永豐96購01,0,0,0,0,0,0,0,0,0,-108000,0,0,0,62000,170000,-108000,-108000
053718,全新凱基97購02  ,0,0,0,0,0,0,0,0,0,-108000,0,0,0,72000,180000,-108000,-108000
052704,TPK國票97購01   ,0,0,0,0,0,0,0,0,0,-108000,0,0,0,101000,209000,-108000,-108000
052267,可成亞東95購02  ,0,0,0,0,0,0,0,0,0,-108000,0,0,0,0,108000,-108000,-108000
051827,智邦元大95購04  ,0,0,0,0,0,0,0,0,0,-108000,0,0,0,466000,574000,-108000,-108000
6416,瑞祺電通        ,68000,90000,-22000,0,0,0,0,85000,-85000,-1000,8000,9000,-1000,0,0,0,-108000
049108,玉晶光富邦96購02,0,0,0,0,0,0,0,0,0,-109000,0,0,0,59000,168000,-109000,-109000
053928,智易國票97購03  ,0,0,0,0,0,0,0,0,0,-109000,0,0,0,0,109000,-109000,-109000
053436,聯茂日盛96購01  ,0,0,0,0,0,0,0,0,0,-109000,0,0,0,556000,665000,-109000,-109000
05814P,臺股指國票96售07,0,0,0,0,0,0,0,0,0,-109000,0,0,0,0,109000,-109000,-109000
05722P,玉晶光國票97售03,0,0,0,0,0,0,0,0,0,-109000,0,0,0,35000,144000,-109000,-109000
056085,聯發科統一97購01,0,0,0,0,0,0,0,0,0,-110000,0,0,0,10000,120000,-110000,-110000
056015,華通群益99購01  ,0,0,0,0,0,0,0,0,0,-110000,0,0,0,110000,220000,-110000,-110000
055370,旺宏元大97購05  ,0,0,0,0,0,0,0,0,0,-110000,0,0,0,4000,114000,-110000,-110000
055271,鴻海元大98購03  ,0,0,0,0,0,0,0,0,0,-110000,0,0,0,45000,155000,-110000,-110000
055167,友訊統一97購01  ,0,0,0,0,0,0,0,0,0,-110000,0,0,0,100000,210000,-110000,-110000
054501,強茂永豐96購02  ,0,0,0,0,0,0,0,0,0,-110000,0,0,0,0,110000,-110000,-110000
042470,元油2X元大93購04,0,0,0,0,0,0,0,0,0,-110000,0,0,0,0,110000,-110000,-110000
03978P,瑞儀元大93售01  ,0,0,0,0,0,0,0,0,0,-110000,0,0,0,0,110000,-110000,-110000
047838,亞光元大93購03  ,0,0,0,0,0,0,0,0,0,-110000,0,0,0,100000,210000,-110000,-110000
04491P,光磊康和94售01  ,0,0,0,0,0,0,0,0,0,-110000,0,0,0,70000,180000,-110000,-110000
049384,致伸元大94購02  ,0,0,0,0,0,0,0,0,0,-110000,0,0,0,0,110000,-110000,-110000
049286,美律兆豐94購01  ,0,0,0,0,0,0,0,0,0,-110000,0,0,0,100000,210000,-110000,-110000
05116P,台積電群益95售03,0,0,0,0,0,0,0,0,0,-110000,0,0,0,0,110000,-110000,-110000
054095,同欣電群益98購03,0,0,0,0,0,0,0,0,0,-110000,0,0,0,171000,281000,-110000,-110000
052919,鈺齊富邦98購01  ,0,0,0,0,0,0,0,0,0,-110000,0,0,0,0,110000,-110000,-110000
05698P,群創凱基96售01  ,0,0,0,0,0,0,0,0,0,-110000,0,0,0,90000,200000,-110000,-110000
057093,臻鼎元富98購02  ,0,0,0,0,0,0,0,0,0,-110000,0,0,0,0,110000,-110000,-110000
06068P,玉晶光康和97售01,0,0,0,0,0,0,0,0,0,-110000,0,0,0,10000,120000,-110000,-110000
9911,櫻花            ,103000,163000,-60000,0,0,0,0,50000,-50000,0,0,0,0,0,0,0,-110000
2107,厚生            ,1000,111000,-110000,0,0,0,0,0,0,0,0,0,0,0,0,0,-110000
2342,茂矽            ,13000,123000,-110000,0,0,0,0,0,0,0,0,0,0,0,0,0,-110000
4155,訊映            ,46000,146000,-100000,0,0,0,0,0,0,-10000,0,10000,-10000,0,0,0,-110000
054262,瀚宇博元大96購03,0,0,0,0,0,0,0,0,0,-111000,0,0,0,169000,280000,-111000,-111000
054583,玉晶光統一97購02,0,0,0,0,0,0,0,0,0,-111000,0,0,0,106000,217000,-111000,-111000
047284,華通統一93購03  ,0,0,0,0,0,0,0,0,0,-111000,0,0,0,31000,142000,-111000,-111000
047986,明泰群益93購01  ,0,0,0,0,0,0,0,0,0,-111000,0,0,0,0,111000,-111000,-111000
052364,全新國票95購02  ,0,0,0,0,0,0,0,0,0,-111000,0,0,0,129000,240000,-111000,-111000
051623,和碩凱基96購02  ,0,0,0,0,0,0,0,0,0,-111000,0,0,0,10000,121000,-111000,-111000
054579,聯茂元大97購01  ,0,0,0,0,0,0,0,0,0,-112000,0,0,0,18000,130000,-112000,-112000
055612,台光電國票97購04,0,0,0,0,0,0,0,0,0,-112000,0,0,0,0,112000,-112000,-112000
04626P,聯發科元大94售07,0,0,0,0,0,0,0,0,0,-112000,0,0,0,0,112000,-112000,-112000
043730,旭富國泰93購01  ,0,0,0,0,0,0,0,0,0,-112000,0,0,0,90000,202000,-112000,-112000
05090P,國巨元大95售05  ,0,0,0,0,0,0,0,0,0,-112000,0,0,0,132000,244000,-112000,-112000
050970,康舒永豐95購01  ,0,0,0,0,0,0,0,0,0,-112000,0,0,0,10000,122000,-112000,-112000
051445,可成元大95購06  ,0,0,0,0,0,0,0,0,0,-112000,0,0,0,0,112000,-112000,-112000
048857,晶豪科群益94購01,0,0,0,0,0,0,0,0,0,-112000,0,0,0,0,112000,-112000,-112000
052888,台表科中信9A購01,0,0,0,0,0,0,0,0,0,-112000,0,0,0,110000,222000,-112000,-112000
06189P,華新科永豐97售03,0,0,0,0,0,0,0,0,0,-112000,0,0,0,70000,182000,-112000,-112000
057039,元油2X元大9B購07,0,0,0,0,0,0,0,0,0,-112000,0,0,0,20000,132000,-112000,-112000
057158,義隆永豐99購01  ,0,0,0,0,0,0,0,0,0,-112000,0,0,0,0,112000,-112000,-112000
056833,和大元富9B購01  ,0,0,0,0,0,0,0,0,0,-112000,0,0,0,0,112000,-112000,-112000
056614,智邦永豐98購01  ,0,0,0,0,0,0,0,0,0,-112000,0,0,0,62000,174000,-112000,-112000
047487,南電凱基94購01  ,0,0,0,0,0,0,0,0,0,-113000,0,0,0,0,113000,-113000,-113000
047271,華通永豐93購01  ,0,0,0,0,0,0,0,0,0,-113000,0,0,0,30000,143000,-113000,-113000
050969,台郡永豐95購01  ,0,0,0,0,0,0,0,0,0,-113000,0,0,0,86000,199000,-113000,-113000
051967,康友永豐95購02  ,0,0,0,0,0,0,0,0,0,-113000,0,0,0,52000,165000,-113000,-113000
05405P,大立光群益95售04,0,0,0,0,0,0,0,0,0,-113000,0,0,0,0,113000,-113000,-113000
05682P,大立光元大98售03,0,0,0,0,0,0,0,0,0,-113000,0,0,0,34000,147000,-113000,-113000
1215,卜蜂            ,161000,216000,-55000,0,0,0,0,70000,-70000,12000,12000,0,12000,0,0,0,-113000
055507,樺漢元大98購02  ,0,0,0,0,0,0,0,0,0,-114000,0,0,0,228000,342000,-114000,-114000
054571,楠梓電元大99購01,0,0,0,0,0,0,0,0,0,-114000,0,0,0,239000,353000,-114000,-114000
054260,貿聯元大96購03  ,0,0,0,0,0,0,0,0,0,-114000,0,0,0,15000,129000,-114000,-114000
04963P,鴻海元大94售25  ,0,0,0,0,0,0,0,0,0,-114000,0,0,0,30000,144000,-114000,-114000
045760,鴻海統一93購02  ,0,0,0,0,0,0,0,0,0,-114000,0,0,0,80000,194000,-114000,-114000
051072,強茂國票95購02  ,0,0,0,0,0,0,0,0,0,-114000,0,0,0,20000,134000,-114000,-114000
051452,貿聯元大95購04  ,0,0,0,0,0,0,0,0,0,-114000,0,0,0,56000,170000,-114000,-114000
048705,GIS國票95購01   ,0,0,0,0,0,0,0,0,0,-114000,0,0,0,60000,174000,-114000,-114000
053243,楠梓電國票97購02,0,0,0,0,0,0,0,0,0,-114000,0,0,0,60000,174000,-114000,-114000
2929,淘帝-KY         ,62000,178000,-116000,0,0,0,0,0,0,2000,0,0,0,2000,0,2000,-114000
055261,帆宣統一98購01  ,0,0,0,0,0,0,0,0,0,-115000,0,0,0,17000,132000,-115000,-115000
055707,聯鈞永豐98購01  ,0,0,0,0,0,0,0,0,0,-115000,0,0,0,84000,199000,-115000,-115000
045814,可成麥證93購01  ,0,0,0,20000,135000,-115000,0,0,0,-115000,0,0,0,20000,135000,-115000,-115000
047007,大立光統一93購05,0,0,0,0,0,0,0,0,0,-115000,0,0,0,0,115000,-115000,-115000
049766,滬深2X元富94購02,0,0,0,0,0,0,0,0,0,-115000,0,0,0,311000,426000,-115000,-115000
049370,可成元大94購03  ,0,0,0,0,0,0,0,0,0,-115000,0,0,0,126000,241000,-115000,-115000
050274,GIS元大94購05   ,0,0,0,0,0,0,0,0,0,-115000,0,0,0,0,115000,-115000,-115000
054032,上銀中信96購01  ,0,0,0,0,0,0,0,0,0,-115000,0,0,0,110000,225000,-115000,-115000
05235P,健鼎康和95售02  ,0,0,0,0,0,0,0,0,0,-115000,0,0,0,33000,148000,-115000,-115000
05895P,奇力新群益96售03,0,0,0,0,0,0,0,0,0,-115000,0,0,0,40000,155000,-115000,-115000
05921P,同欣電元大96售06,0,0,0,0,0,0,0,0,0,-115000,0,0,0,0,115000,-115000,-115000
054980,國巨元富97購01  ,0,0,0,0,0,0,0,0,0,-116000,0,0,0,495000,611000,-116000,-116000
051097,嘉聯益元大96購02,0,0,0,0,0,0,0,0,0,-116000,0,0,0,30000,146000,-116000,-116000
048055,燿華國泰95購02  ,0,0,0,0,0,0,0,0,0,-116000,0,0,0,0,116000,-116000,-116000
06475P,牧德永豐98售03  ,0,0,0,0,0,0,0,0,0,-116000,0,0,0,0,116000,-116000,-116000
2363,矽統            ,366000,482000,-116000,0,0,0,0,0,0,0,0,0,0,0,0,0,-116000
1304,台聚            ,84000,202000,-118000,0,0,0,0,0,0,2000,2000,0,2000,0,0,0,-116000
9188,精熙-DR         ,0,116000,-116000,0,0,0,0,0,0,0,0,0,0,0,0,0,-116000
2478,大毅            ,651000,656250,-5250,0,0,0,0,0,0,-111000,0,45000,-45000,23000,89000,-66000,-116250
056142,超眾元大97購06  ,0,0,0,0,0,0,0,0,0,-117000,0,0,0,55000,172000,-117000,-117000
046573,上緯控國泰94購01,0,0,0,0,0,0,0,0,0,-117000,0,0,0,0,117000,-117000,-117000
039212,台達電台新9A購01,0,0,0,0,0,0,0,0,0,-117000,0,0,0,1000,118000,-117000,-117000
048295,泰鼎群益93購01  ,0,0,0,0,0,0,0,0,0,-117000,0,0,0,55000,172000,-117000,-117000
051124,創意群益95購01  ,0,0,0,0,0,0,0,0,0,-117000,0,0,0,70000,187000,-117000,-117000
051555,聯茂永豐95購01  ,0,0,0,0,0,0,0,0,0,-117000,0,0,0,0,117000,-117000,-117000
054155,美律第一96購01  ,0,0,0,0,0,0,0,0,0,-117000,0,0,0,316000,433000,-117000,-117000
053584,友達元大9B購02  ,0,0,0,0,0,0,0,0,0,-117000,0,0,0,90000,207000,-117000,-117000
053132,國巨國票97購02  ,0,0,0,0,0,0,0,0,0,-117000,0,0,0,85000,202000,-117000,-117000
053426,創意永豐96購04  ,0,0,0,0,0,0,0,0,0,-117000,0,0,0,54000,171000,-117000,-117000
053478,京鼎元大96購01  ,0,0,0,0,0,0,0,0,0,-117000,0,0,0,103000,220000,-117000,-117000
06014P,聯發科富邦97售02,0,0,0,0,0,0,0,0,0,-117000,0,0,0,0,117000,-117000,-117000
055399,超眾統一99購01  ,0,0,0,0,0,0,0,0,0,-118000,0,0,0,0,118000,-118000,-118000
047387,美律元大93購05  ,0,0,0,0,0,0,0,0,0,-118000,0,0,0,0,118000,-118000,-118000
047555,欣興凱基93購01  ,0,0,0,0,0,0,0,0,0,-118000,0,0,0,0,118000,-118000,-118000
051229,亞光群益95購01  ,0,0,0,0,0,0,0,0,0,-118000,0,0,0,29000,147000,-118000,-118000
053882,聯發科中信98購02,0,0,0,0,0,0,0,0,0,-118000,0,0,0,127000,245000,-118000,-118000
05400P,台積電永豐95售05,0,0,0,0,0,0,0,0,0,-118000,0,0,0,279000,397000,-118000,-118000
052091,緯創元大95購04  ,0,0,0,0,0,0,0,0,0,-118000,0,0,0,0,118000,-118000,-118000
056579,麗豐元大99購01  ,0,0,0,0,0,0,0,0,0,-119000,0,0,0,137000,256000,-119000,-119000
044817,可成兆豐93購01  ,0,0,0,0,0,0,0,0,0,-119000,0,0,0,10000,129000,-119000,-119000
050855,華通台新95購01  ,0,0,0,0,0,0,0,0,0,-119000,0,0,0,0,119000,-119000,-119000
049459,全新元富95購02  ,0,0,0,0,0,0,0,0,0,-119000,0,0,0,180000,299000,-119000,-119000
055090,國巨群益97購03  ,0,0,0,0,0,0,0,0,0,-120000,0,0,0,50000,170000,-120000,-120000
054962,玉晶光元大99購02,0,0,0,0,0,0,0,0,0,-120000,0,0,0,42000,162000,-120000,-120000
05495P,大立光統一95售07,0,0,0,0,0,0,0,0,0,-120000,0,0,0,111000,231000,-120000,-120000
05460P,台郡凱基95售05  ,0,0,0,0,0,0,0,0,0,-120000,0,0,0,0,120000,-120000,-120000
04374P,深中小元大94售03,0,0,0,0,0,0,0,0,0,-120000,0,0,0,0,120000,-120000,-120000
04784P,超眾元富94售01  ,0,0,0,0,0,0,0,0,0,-120000,0,0,0,100000,220000,-120000,-120000
047399,華通康和93購01  ,0,0,0,0,0,0,0,0,0,-120000,0,0,0,143000,263000,-120000,-120000
049495,欣興元大94購06  ,0,0,0,0,0,0,0,0,0,-120000,0,0,0,0,120000,-120000,-120000
049675,台光電國票95購01,0,0,0,0,0,0,0,0,0,-120000,0,0,0,0,120000,-120000,-120000
049447,聯電統一94購01  ,0,0,0,0,0,0,0,0,0,-120000,0,0,0,20000,140000,-120000,-120000
049994,聯茂台新94購02  ,0,0,0,0,0,0,0,0,0,-120000,0,0,0,78000,198000,-120000,-120000
050170,臺指反元大97購02,0,0,0,0,0,0,0,0,0,-120000,0,0,0,0,120000,-120000,-120000
05078P,義隆永豐95售01  ,0,0,0,0,0,0,0,0,0,-120000,0,0,0,0,120000,-120000,-120000
049234,可成統一94購02  ,0,0,0,0,0,0,0,0,0,-120000,0,0,0,0,120000,-120000,-120000
05157P,全新台新96售01  ,0,0,0,0,0,0,0,0,0,-120000,0,0,0,0,120000,-120000,-120000
053934,A50正2元富96購02,0,0,0,0,0,0,0,0,0,-120000,0,0,0,50000,170000,-120000,-120000
053774,台達電元大96購04,0,0,0,0,0,0,0,0,0,-120000,0,0,0,0,120000,-120000,-120000
05354P,臺股指元富95售08,0,0,0,0,0,0,0,0,0,-120000,0,0,0,0,120000,-120000,-120000
053296,貿聯中信98購01  ,0,0,0,0,0,0,0,0,0,-120000,0,0,0,0,120000,-120000,-120000
05828P,台積電統一97售02,0,0,0,0,0,0,0,0,0,-120000,0,0,0,345000,465000,-120000,-120000
054552,聯發科凱基98購03,0,0,0,0,0,0,0,0,0,-121000,0,0,0,190000,311000,-121000,-121000
049502,訊芯元大94購01  ,0,0,0,0,0,0,0,0,0,-121000,0,0,0,0,121000,-121000,-121000
03639C,元油2X元大9B牛01,0,0,0,0,0,0,0,0,0,-121000,0,0,0,103000,224000,-121000,-121000
038489,T50反1台新9A購01,0,0,0,0,0,0,0,0,0,-121000,0,0,0,0,121000,-121000,-121000
051420,康控國票95購05  ,0,0,0,0,0,0,0,0,0,-121000,0,0,0,25000,146000,-121000,-121000
050450,富邦金元大94購03,0,0,0,0,0,0,0,0,0,-121000,0,0,0,0,121000,-121000,-121000
048321,欣興凱基93購03  ,0,0,0,0,0,0,0,0,0,-121000,0,0,0,0,121000,-121000,-121000
053332,創意永豐96購03  ,0,0,0,0,0,0,0,0,0,-121000,0,0,0,248000,369000,-121000,-121000
054189,貿聯永豐96購03  ,0,0,0,0,0,0,0,0,0,-121000,0,0,0,15000,136000,-121000,-121000
051556,台表科永豐96購01,0,0,0,0,0,0,0,0,0,-121000,0,0,0,62000,183000,-121000,-121000
052080,康友元富98購02  ,0,0,0,0,0,0,0,0,0,-121000,0,0,0,39000,160000,-121000,-121000
052305,GIS永豐95購03   ,0,0,0,0,0,0,0,0,0,-121000,0,0,0,40000,161000,-121000,-121000
05684P,臺股指元大96售09,0,0,0,0,0,0,0,0,0,-121000,0,0,0,130000,251000,-121000,-121000
056718,GIS永豐98購01   ,0,0,0,0,0,0,0,0,0,-121000,0,0,0,50000,171000,-121000,-121000
056417,欣興中信98購01  ,0,0,0,0,0,0,0,0,0,-122000,0,0,0,0,122000,-122000,-122000
056498,A50正2富邦9B購01,0,0,0,0,0,0,0,0,0,-122000,0,0,0,0,122000,-122000,-122000
056099,上銀永豐97購02  ,0,0,0,0,0,0,0,0,0,-122000,0,0,0,393000,515000,-122000,-122000
055826,中石化元大97購01,0,0,0,0,0,0,0,0,0,-122000,0,0,0,0,122000,-122000,-122000
051161,喬山元大95購02  ,0,0,0,0,0,0,0,0,0,-122000,0,0,0,0,122000,-122000,-122000
052777,燿華國票98購01  ,0,0,0,0,0,0,0,0,0,-122000,0,0,0,110000,232000,-122000,-122000
05272P,臻鼎中信97售03  ,0,0,0,0,0,0,0,0,0,-122000,0,0,0,33000,155000,-122000,-122000
051944,智邦統一95購02  ,0,0,0,0,0,0,0,0,0,-122000,0,0,0,3000,125000,-122000,-122000
056771,嘉晶元大99購01  ,0,0,0,0,0,0,0,0,0,-122000,0,0,0,45000,167000,-122000,-122000
056847,佐登元富98購01  ,0,0,0,0,0,0,0,0,0,-122000,0,0,0,74000,196000,-122000,-122000
06300P,緯穎元大97售04  ,0,0,0,0,0,0,0,0,0,-122000,0,0,0,38000,160000,-122000,-122000
4977,眾達-KY         ,143000,610000,-467000,0,0,0,303000,0,303000,42000,41000,0,41000,1000,0,1000,-122000
055843,美律元大97購02  ,0,0,0,0,0,0,0,0,0,-123000,0,0,0,0,123000,-123000,-123000
055490,台光電元大97購01,0,0,0,0,0,0,0,0,0,-123000,0,0,0,20000,143000,-123000,-123000
056137,聯鈞元大9A購01  ,0,0,0,0,0,0,0,0,0,-123000,0,0,0,182000,305000,-123000,-123000
056155,嘉晶凱基97購01  ,0,0,0,0,0,0,0,0,0,-123000,0,0,0,0,123000,-123000,-123000
055152,旺宏元大98購04  ,0,0,0,0,0,0,0,0,0,-123000,0,0,0,349000,472000,-123000,-123000
047855,美律國票94購01  ,0,0,0,0,0,0,0,0,0,-123000,0,0,0,22000,145000,-123000,-123000
05054P,臻鼎群益95售02  ,0,0,0,0,0,0,0,0,0,-123000,0,0,0,10000,133000,-123000,-123000
053976,亞光元大96購02  ,0,0,0,0,0,0,0,0,0,-123000,0,0,0,53000,176000,-123000,-123000
052993,欣興台新97購01  ,0,0,0,0,0,0,0,0,0,-123000,0,0,0,16000,139000,-123000,-123000
5534,長虹            ,88000,228000,-140000,0,0,0,0,0,0,17000,17000,0,17000,0,0,0,-123000
055189,台虹統一97購01  ,0,0,0,0,0,0,0,0,0,-124000,0,0,0,201000,325000,-124000,-124000
05617P,大立光統一97售02,0,0,0,0,0,0,0,0,0,-124000,0,0,0,474000,598000,-124000,-124000
05603P,聯發科元大96售09,0,0,0,0,0,0,0,0,0,-124000,0,0,0,145000,269000,-124000,-124000
048699,嘉晶國票95購01  ,0,0,0,0,0,0,0,0,0,-124000,0,0,0,5000,129000,-124000,-124000
049949,燿華群益96購01  ,0,0,0,0,0,0,0,0,0,-124000,0,0,0,0,124000,-124000,-124000
051381,玉晶光群益98購01,0,0,0,0,0,0,0,0,0,-124000,0,0,0,127000,251000,-124000,-124000
056273,祥碩統一97購02  ,0,0,0,0,0,0,0,0,0,-125000,0,0,0,76000,201000,-125000,-125000
055208,京鼎康和97購02  ,0,0,0,0,0,0,0,0,0,-125000,0,0,0,0,125000,-125000,-125000
054804,南亞元大9A購01  ,0,0,0,0,0,0,0,0,0,-125000,0,0,0,23000,148000,-125000,-125000
04235P,鴻海群益93售08  ,0,0,0,0,0,0,0,0,0,-125000,0,0,0,10000,135000,-125000,-125000
045462,美律元大93購04  ,0,0,0,0,0,0,0,0,0,-125000,0,0,0,0,125000,-125000,-125000
048614,欣興凱基93購05  ,0,0,0,0,0,0,0,0,0,-125000,0,0,0,0,125000,-125000,-125000
051941,樺漢群益95購02  ,0,0,0,0,0,0,0,0,0,-125000,0,0,0,255000,380000,-125000,-125000
05200P,臺股指永豐95售03,0,0,0,0,0,0,0,0,0,-125000,0,0,0,0,125000,-125000,-125000
2014,中鴻            ,520000,705000,-185000,0,0,0,0,0,0,60000,60000,0,60000,0,0,0,-125000
06113P,台積電群益97售01,0,0,0,0,0,0,0,0,0,-125000,0,0,0,254000,379000,-125000,-125000
057009,信邦中信99購01  ,0,0,0,0,0,0,0,0,0,-125000,0,0,0,0,125000,-125000,-125000
047856,GIS國票94購01   ,0,0,0,0,0,0,0,0,0,-126000,0,0,0,0,126000,-126000,-126000
04422P,玉晶光永豐94售03,0,0,0,0,0,0,0,0,0,-126000,0,0,0,140000,266000,-126000,-126000
049539,元油2X群益9A購01,0,0,0,0,0,0,0,0,0,-126000,0,0,0,51000,177000,-126000,-126000
047641,可成元大93購09  ,0,0,0,0,0,0,0,0,0,-126000,0,0,0,74000,200000,-126000,-126000
050157,臻鼎群益94購02  ,0,0,0,0,0,0,0,0,0,-126000,0,0,0,0,126000,-126000,-126000
049270,台表科元大95購02,0,0,0,0,0,0,0,0,0,-126000,0,0,0,0,126000,-126000,-126000
052949,智易國票97購02  ,0,0,0,0,0,0,0,0,0,-126000,0,0,0,20000,146000,-126000,-126000
053385,聯詠元大96購02  ,0,0,0,0,0,0,0,0,0,-126000,0,0,0,132000,258000,-126000,-126000
053694,創意元大96購03  ,0,0,0,0,0,0,0,0,0,-126000,0,0,0,55000,181000,-126000,-126000
5521,工信            ,62000,188000,-126000,0,0,0,0,0,0,0,0,0,0,0,0,0,-126000
9934,成霖            ,0,126000,-126000,0,0,0,0,0,0,0,0,0,0,0,0,0,-126000
055506,台郡元大99購02  ,0,0,0,0,0,0,0,0,0,-127000,0,0,0,265000,392000,-127000,-127000
050664,全新台新94購02  ,0,0,0,0,0,0,0,0,0,-127000,0,0,0,264000,391000,-127000,-127000
05029P,鴻海元富95售04  ,0,0,0,0,0,0,0,0,0,-127000,0,0,0,5000,132000,-127000,-127000
051235,鴻海元大95購06  ,0,0,0,0,0,0,0,0,0,-127000,0,0,0,197000,324000,-127000,-127000
048869,光罩國票94購01  ,0,0,0,0,0,0,0,0,0,-127000,0,0,0,30000,157000,-127000,-127000
053599,崇越元大96購01  ,0,0,0,0,0,0,0,0,0,-127000,0,0,0,28000,155000,-127000,-127000
05575P,玉晶光元富96售01,0,0,0,0,0,0,0,0,0,-128000,0,0,0,0,128000,-128000,-128000
054199,大立光永昌96購07,0,0,0,0,0,0,0,0,0,-128000,0,0,0,0,128000,-128000,-128000
054498,燿華永豐96購06  ,0,0,0,0,0,0,0,0,0,-128000,0,0,0,12000,140000,-128000,-128000
044457,滬深2X國票97購01,0,0,0,0,0,0,0,0,0,-128000,0,0,0,0,128000,-128000,-128000
053164,台光電群益96購02,0,0,0,0,0,0,0,0,0,-128000,0,0,0,53000,181000,-128000,-128000
056713,華擎永豐98購01  ,0,0,0,0,0,0,0,0,0,-128000,0,0,0,87000,215000,-128000,-128000
06321P,台積電統一98售03,0,0,0,0,0,0,0,0,0,-128000,0,0,0,108000,236000,-128000,-128000
054216,聯茂國票97購03  ,0,0,0,0,0,0,0,0,0,-129000,0,0,0,58000,187000,-129000,-129000
055278,旺宏元大98購05  ,0,0,0,0,0,0,0,0,0,-129000,0,0,0,259000,388000,-129000,-129000
049843,康友中信95購01  ,0,0,0,0,0,0,0,0,0,-129000,0,0,0,77000,206000,-129000,-129000
052463,聯電統一96購01  ,0,0,0,0,0,0,0,0,0,-129000,0,0,0,0,129000,-129000,-129000
056858,國巨群益99購03  ,0,0,0,0,0,0,0,0,0,-129000,0,0,0,43000,172000,-129000,-129000
056934,國巨元富98購04  ,0,0,0,0,0,0,0,0,0,-129000,0,0,0,0,129000,-129000,-129000
056918,台積電兆豐98購01,0,0,0,0,0,0,0,0,0,-129000,0,0,0,0,129000,-129000,-129000
055337,超眾兆豐98購01  ,0,0,0,0,0,0,0,0,0,-130000,0,0,0,211000,341000,-130000,-130000
054356,可成兆豐97購01  ,0,0,0,0,0,0,0,0,0,-130000,0,0,0,42000,172000,-130000,-130000
044003,聯發科兆豐93購01,0,0,0,0,0,0,0,0,0,-130000,0,0,0,385000,515000,-130000,-130000
04731P,臺股指中信96售03,0,0,0,0,0,0,0,0,0,-130000,0,0,0,0,130000,-130000,-130000
049066,元石油凱基97購01,0,0,0,0,0,0,0,0,0,-130000,0,0,0,0,130000,-130000,-130000
051563,泰鼎國泰96購01  ,0,0,0,0,0,0,0,0,0,-130000,0,0,0,20000,150000,-130000,-130000
053334,訊芯永豐96購01  ,0,0,0,0,0,0,0,0,0,-130000,0,0,0,40000,170000,-130000,-130000
054071,泰鼎國泰97購02  ,0,0,0,0,0,0,0,0,0,-130000,0,0,0,32000,162000,-130000,-130000
056825,深中小富邦9B購01,0,0,0,0,0,0,0,0,0,-130000,0,0,0,230000,360000,-130000,-130000
06111P,上銀兆豐98售01  ,0,0,0,0,0,0,0,0,0,-130000,0,0,0,12000,142000,-130000,-130000
054376,聯茂中信97購01  ,0,0,0,0,0,0,0,0,0,-131000,0,0,0,246000,377000,-131000,-131000
055104,台達電凱基98購01,0,0,0,0,0,0,0,0,0,-131000,0,0,0,118000,249000,-131000,-131000
055533,大立光群益97購03,0,0,0,0,0,0,0,0,0,-131000,0,0,0,44000,175000,-131000,-131000
055604,訊芯元大98購02  ,0,0,0,0,0,0,0,0,0,-131000,0,0,0,173000,304000,-131000,-131000
045662,華邦電統一94購02,0,0,0,0,0,0,0,0,0,-131000,0,0,0,5000,136000,-131000,-131000
042902,光寶科元大94購01,0,0,0,0,0,0,0,0,0,-131000,0,0,0,0,131000,-131000,-131000
054141,TPK元大96購02   ,0,0,0,0,0,0,0,0,0,-131000,0,0,0,70000,201000,-131000,-131000
053851,鴻海國泰98購03  ,0,0,0,0,0,0,0,0,0,-131000,0,0,0,145000,276000,-131000,-131000
052208,力成麥證95購01  ,0,0,0,30000,161000,-131000,0,0,0,-131000,0,0,0,30000,161000,-131000,-131000
052742,可成元大96購01  ,0,0,0,0,0,0,0,0,0,-131000,0,0,0,301000,432000,-131000,-131000
06247P,同欣電元富97售02,0,0,0,0,0,0,0,0,0,-131000,0,0,0,22000,153000,-131000,-131000
057191,祥碩元大98購05  ,0,0,0,0,0,0,0,0,0,-131000,0,0,0,0,131000,-131000,-131000
055132,台虹康和97購01  ,0,0,0,0,0,0,0,0,0,-132000,0,0,0,0,132000,-132000,-132000
046715,美律國泰94購01  ,0,0,0,0,0,0,0,0,0,-132000,0,0,0,21000,153000,-132000,-132000
048747,華通元富97購01  ,0,0,0,0,0,0,0,0,0,-132000,0,0,0,156000,288000,-132000,-132000
051031,康友元富95購02  ,0,0,0,0,0,0,0,0,0,-132000,0,0,0,172000,304000,-132000,-132000
052847,漢唐統一99購01  ,0,0,0,0,0,0,0,0,0,-132000,0,0,0,233000,365000,-132000,-132000
053771,華新元大97購01  ,0,0,0,0,0,0,0,0,0,-132000,0,0,0,16000,148000,-132000,-132000
055115,日月光凱基98購01,0,0,0,0,0,0,0,0,0,-133000,0,0,0,27000,160000,-133000,-133000
054894,GIS統一97購01   ,0,0,0,0,0,0,0,0,0,-133000,0,0,0,80000,213000,-133000,-133000
056580,泰鼎元大9A購01  ,0,0,0,0,0,0,0,0,0,-133000,0,0,0,371000,504000,-133000,-133000
049735,台光電群益94購03,0,0,0,0,0,0,0,0,0,-133000,0,0,0,263000,396000,-133000,-133000
044402,景碩凱基93購01  ,0,0,0,0,0,0,0,0,0,-133000,0,0,0,68000,201000,-133000,-133000
050965,揚明光永豐96購01,0,0,0,0,0,0,0,0,0,-133000,0,0,0,0,133000,-133000,-133000
054117,宏全康和96購01  ,0,0,0,0,0,0,0,0,0,-133000,0,0,0,86000,219000,-133000,-133000
052124,京鼎國票95購01  ,0,0,0,0,0,0,0,0,0,-133000,0,0,0,20000,153000,-133000,-133000
05805P,義隆永豐96售02  ,0,0,0,0,0,0,0,0,0,-133000,0,0,0,5000,138000,-133000,-133000
056967,奇鋐永豐98購01  ,0,0,0,0,0,0,0,0,0,-133000,0,0,0,7000,140000,-133000,-133000
054275,華通群益97購03  ,0,0,0,0,0,0,0,0,0,-134000,0,0,0,0,134000,-134000,-134000
049306,元油2X凱基96購01,0,0,0,0,0,0,0,0,0,-134000,0,0,0,3000,137000,-134000,-134000
052207,台郡中信95購02  ,0,0,0,0,0,0,0,0,0,-134000,0,0,0,30000,164000,-134000,-134000
055129,鈺齊兆豐97購01  ,0,0,0,0,0,0,0,0,0,-135000,0,0,0,106000,241000,-135000,-135000
051059,康普群益95購01  ,0,0,0,0,0,0,0,0,0,-135000,0,0,0,0,135000,-135000,-135000
051383,京鼎群益96購02  ,0,0,0,0,0,0,0,0,0,-135000,0,0,0,1000,136000,-135000,-135000
051520,新光金凱基97購01,0,0,0,0,0,0,0,0,0,-135000,0,0,0,165000,300000,-135000,-135000
05176P,台積電凱基95售11,0,0,0,0,0,0,0,0,0,-135000,0,0,0,0,135000,-135000,-135000
2006,東和鋼鐵        ,48000,237000,-189000,0,0,0,0,0,0,54000,54000,0,54000,0,0,0,-135000
046790,康友永豐93購01  ,0,0,0,0,0,0,0,0,0,-136000,0,0,0,0,136000,-136000,-136000
047591,訊芯永豐93購02  ,0,0,0,0,0,0,0,0,0,-136000,0,0,0,11000,147000,-136000,-136000
050945,致茂群益95購01  ,0,0,0,0,0,0,0,0,0,-136000,0,0,0,132000,268000,-136000,-136000
048626,矽創台新93購01  ,0,0,0,0,0,0,0,0,0,-136000,0,0,0,107000,243000,-136000,-136000
051931,美律國票96購02  ,0,0,0,0,0,0,0,0,0,-136000,0,0,0,21000,157000,-136000,-136000
053812,台積電群益96購09,0,0,0,0,0,0,0,0,0,-136000,0,0,0,162000,298000,-136000,-136000
053637,強茂永豐96購01  ,0,0,0,0,0,0,0,0,0,-136000,0,0,0,53000,189000,-136000,-136000
053688,燿華元大96購05  ,0,0,0,0,0,0,0,0,0,-136000,0,0,0,132000,268000,-136000,-136000
8249,菱光            ,25000,161000,-136000,0,0,0,0,0,0,0,0,0,0,0,0,0,-136000
056783,國巨群益99購01  ,0,0,0,0,0,0,0,0,0,-136000,0,0,0,65000,201000,-136000,-136000
055257,景碩統一97購01  ,0,0,0,0,0,0,0,0,0,-137000,0,0,0,166000,303000,-137000,-137000
055285,華新科元大99購03,0,0,0,0,0,0,0,0,0,-137000,0,0,0,126000,263000,-137000,-137000
055381,茂林元大97購02  ,0,0,0,0,0,0,0,0,0,-137000,0,0,0,96000,233000,-137000,-137000
048341,全新元大94購03  ,0,0,0,0,0,0,0,0,0,-137000,0,0,0,10000,147000,-137000,-137000
054064,台郡國票97購04  ,0,0,0,0,0,0,0,0,0,-137000,0,0,0,15000,152000,-137000,-137000
053892,景碩群益96購02  ,0,0,0,0,0,0,0,0,0,-137000,0,0,0,86000,223000,-137000,-137000
051787,燿華國票96購02  ,0,0,0,0,0,0,0,0,0,-137000,0,0,0,0,137000,-137000,-137000
6531,愛普            ,77000,264000,-187000,0,0,0,0,0,0,50000,82000,32000,50000,0,0,0,-137000
2851,中再保          ,37000,174000,-137000,0,0,0,0,0,0,0,0,0,0,0,0,0,-137000
056098,矽創元富97購02  ,0,0,0,0,0,0,0,0,0,-138000,0,0,0,82000,220000,-138000,-138000
055913,中信金凱基97購01,0,0,0,0,0,0,0,0,0,-138000,0,0,0,0,138000,-138000,-138000
047783,聯茂國泰94購02  ,0,0,0,0,0,0,0,0,0,-138000,0,0,0,0,138000,-138000,-138000
049946,智邦兆豐95購01  ,0,0,0,0,0,0,0,0,0,-138000,0,0,0,7000,145000,-138000,-138000
050306,聯發科中信97購01,0,0,0,0,0,0,0,0,0,-138000,0,0,0,92000,230000,-138000,-138000
051785,臻鼎兆豐96購01  ,0,0,0,0,0,0,0,0,0,-138000,0,0,0,16000,154000,-138000,-138000
054134,強茂元大96購01  ,0,0,0,0,0,0,0,0,0,-138000,0,0,0,82000,220000,-138000,-138000
053036,聯電凱基98購01  ,0,0,0,0,0,0,0,0,0,-138000,0,0,0,139000,277000,-138000,-138000
055537,康友群益97購03  ,0,0,0,0,0,0,0,0,0,-139000,0,0,0,10000,149000,-139000,-139000
056424,泰碩統一98購01  ,0,0,0,0,0,0,0,0,0,-139000,0,0,0,113000,252000,-139000,-139000
045449,嘉聯益國泰94購01,0,0,0,0,0,0,0,0,0,-139000,0,0,0,3000,142000,-139000,-139000
047702,鴻海凱基94購13  ,0,0,0,0,0,0,0,0,0,-139000,0,0,0,0,139000,-139000,-139000
04614P,光罩群益94售02  ,0,0,0,0,0,0,0,0,0,-139000,0,0,0,11000,150000,-139000,-139000
051139,康友永豐95購01  ,0,0,0,0,0,0,0,0,0,-139000,0,0,0,82000,221000,-139000,-139000
048404,大立光群益93購11,0,0,0,0,0,0,0,0,0,-139000,0,0,0,0,139000,-139000,-139000
056711,亞光永豐98購01  ,0,0,0,0,0,0,0,0,0,-139000,0,0,0,35000,174000,-139000,-139000
056725,鴻海國票99購03  ,0,0,0,0,0,0,0,0,0,-139000,0,0,0,1000,140000,-139000,-139000
057095,祥碩元富98購02  ,0,0,0,0,0,0,0,0,0,-139000,0,0,0,105000,244000,-139000,-139000
056144,GIS元大98購01   ,0,0,0,0,0,0,0,0,0,-140000,0,0,0,11000,151000,-140000,-140000
055376,群創元大01購01  ,0,0,0,0,0,0,0,0,0,-140000,0,0,0,158000,298000,-140000,-140000
055108,智邦凱基98購01  ,0,0,0,0,0,0,0,0,0,-140000,0,0,0,10000,150000,-140000,-140000
04261P,大立光群益93售12,0,0,0,0,0,0,0,0,0,-140000,0,0,0,0,140000,-140000,-140000
048312,致茂凱基93購02  ,0,0,0,0,0,0,0,0,0,-140000,0,0,0,0,140000,-140000,-140000
050453,創意元大95購03  ,0,0,0,0,0,0,0,0,0,-140000,0,0,0,131000,271000,-140000,-140000
053238,麗豐永豐96購01  ,0,0,0,0,0,0,0,0,0,-140000,0,0,0,50000,190000,-140000,-140000
053650,華邦電凱基98購01,0,0,0,0,0,0,0,0,0,-140000,0,0,0,162000,302000,-140000,-140000
051826,智邦元大95購03  ,0,0,0,0,0,0,0,0,0,-140000,0,0,0,267000,407000,-140000,-140000
052054,台表科凱基96購01,0,0,0,0,0,0,0,0,0,-140000,0,0,0,10000,150000,-140000,-140000
05244P,台積電元大95售17,0,0,0,0,0,0,0,0,0,-140000,0,0,0,768000,908000,-140000,-140000
052277,台達電凱基97購01,0,0,0,0,0,0,0,0,0,-140000,0,0,0,12000,152000,-140000,-140000
052275,日月光群益95購01,0,0,0,0,0,0,0,0,0,-140000,0,0,0,0,140000,-140000,-140000
056952,元油2X國泰99購01,0,0,0,0,0,0,0,0,0,-140000,0,0,0,0,140000,-140000,-140000
06174P,國巨元大97售07  ,0,0,0,0,0,0,0,0,0,-140000,0,0,0,25000,165000,-140000,-140000
049407,台積電日盛94購02,0,0,0,0,0,0,0,0,0,-141000,0,0,0,0,141000,-141000,-141000
047658,全新麥證93購02  ,0,0,0,54000,195000,-141000,0,0,0,-141000,0,0,0,54000,195000,-141000,-141000
049039,富邦金兆豐94購01,0,0,0,0,0,0,0,0,0,-141000,0,0,0,0,141000,-141000,-141000
052324,康友元大96購02  ,0,0,0,0,0,0,0,0,0,-141000,0,0,0,161000,302000,-141000,-141000
06075P,智邦凱基97售02  ,0,0,0,0,0,0,0,0,0,-141000,0,0,0,39000,180000,-141000,-141000
2607,榮運            ,20000,161000,-141000,0,0,0,0,0,0,0,0,0,0,0,0,0,-141000
1717,長興            ,117000,321000,-204000,0,0,0,0,0,0,63000,63000,0,63000,0,0,0,-141000
4746,台耀            ,22000,163000,-141000,0,0,0,0,0,0,0,3000,3000,0,0,0,0,-141000
046574,泰鼎國泰94購01  ,0,0,0,0,0,0,0,0,0,-142000,0,0,0,129000,271000,-142000,-142000
04395P,台積電群益94售06,0,0,0,0,0,0,0,0,0,-142000,0,0,0,19000,161000,-142000,-142000
049490,京元電元大95購02,0,0,0,0,0,0,0,0,0,-142000,0,0,0,347000,489000,-142000,-142000
053743,康控國票97購02  ,0,0,0,0,0,0,0,0,0,-142000,0,0,0,38000,180000,-142000,-142000
053075,欣興永豐96購01  ,0,0,0,0,0,0,0,0,0,-142000,0,0,0,0,142000,-142000,-142000
1702,南僑            ,155000,307000,-152000,0,0,0,0,0,0,10000,10000,0,10000,0,0,0,-142000
055378,晶相光元大97購02,0,0,0,0,0,0,0,0,0,-143000,0,0,0,137000,280000,-143000,-143000
055311,健策群益98購02  ,0,0,0,0,0,0,0,0,0,-143000,0,0,0,442000,585000,-143000,-143000
055180,文曄統一97購01  ,0,0,0,0,0,0,0,0,0,-143000,0,0,0,0,143000,-143000,-143000
054256,創意元大96購07  ,0,0,0,0,0,0,0,0,0,-143000,0,0,0,92000,235000,-143000,-143000
054575,聯鈞元大97購01  ,0,0,0,0,0,0,0,0,0,-143000,0,0,0,208000,351000,-143000,-143000
047368,南電群益93購01  ,0,0,0,0,0,0,0,0,0,-143000,0,0,0,54000,197000,-143000,-143000
1604,聲寶            ,2000,160000,-158000,0,0,0,0,0,0,15000,15000,0,15000,0,0,0,-143000
2535,達欣工          ,20000,133000,-113000,0,0,0,0,0,0,-30000,0,30000,-30000,0,0,0,-143000
047910,全新麥證94購01  ,0,0,0,92000,236000,-144000,0,0,0,-144000,0,0,0,92000,236000,-144000,-144000
047770,聯詠元大93購10  ,0,0,0,0,0,0,0,0,0,-144000,0,0,0,11000,155000,-144000,-144000
05415P,台積電台新95售04,0,0,0,0,0,0,0,0,0,-144000,0,0,0,0,144000,-144000,-144000
052809,訊芯元大97購01  ,0,0,0,0,0,0,0,0,0,-144000,0,0,0,356000,500000,-144000,-144000
052197,台郡元富95購03  ,0,0,0,0,0,0,0,0,0,-144000,0,0,0,154000,298000,-144000,-144000
056709,華通永豐98購01  ,0,0,0,0,0,0,0,0,0,-144000,0,0,0,138000,282000,-144000,-144000
054562,亞光群益98購01  ,0,0,0,0,0,0,0,0,0,-145000,0,0,0,25000,170000,-145000,-145000
055879,神達元富97購01  ,0,0,0,0,0,0,0,0,0,-145000,0,0,0,0,145000,-145000,-145000
047509,技嘉國票93購01  ,0,0,0,0,0,0,0,0,0,-145000,0,0,0,149000,294000,-145000,-145000
051344,鴻海元大95購08  ,0,0,0,0,0,0,0,0,0,-145000,0,0,0,965000,1110000,-145000,-145000
051643,瑞昱康和95購01  ,0,0,0,0,0,0,0,0,0,-145000,0,0,0,7000,152000,-145000,-145000
056624,景碩永豐98購01  ,0,0,0,0,0,0,0,0,0,-145000,0,0,0,55000,200000,-145000,-145000
06455P,上銀統一99售03  ,0,0,0,0,0,0,0,0,0,-145000,0,0,0,0,145000,-145000,-145000
2425,承啟            ,61000,206000,-145000,0,0,0,0,0,0,0,0,0,0,0,0,0,-145000
056001,美食永豐97購01  ,0,0,0,0,0,0,0,0,0,-146000,0,0,0,515000,661000,-146000,-146000
056143,訊芯元大97購04  ,0,0,0,0,0,0,0,0,0,-146000,0,0,0,35000,181000,-146000,-146000
056075,瀚宇博元大97購03,0,0,0,0,0,0,0,0,0,-146000,0,0,0,164000,310000,-146000,-146000
050033,日月光元大94購01,0,0,0,0,0,0,0,0,0,-146000,0,0,0,0,146000,-146000,-146000
050789,矽創國泰96購01  ,0,0,0,0,0,0,0,0,0,-146000,0,0,0,30000,176000,-146000,-146000
052067,中磊兆豐96購01  ,0,0,0,0,0,0,0,0,0,-146000,0,0,0,10000,156000,-146000,-146000
052785,滬深2X中信99購03,0,0,0,0,0,0,0,0,0,-146000,0,0,0,70000,216000,-146000,-146000
053176,矽力群益96購02  ,0,0,0,0,0,0,0,0,0,-146000,0,0,0,74000,220000,-146000,-146000
055667,致茂群益98購01  ,0,0,0,0,0,0,0,0,0,-147000,0,0,0,108000,255000,-147000,-147000
054465,亞光凱基97購01  ,0,0,0,0,0,0,0,0,0,-147000,0,0,0,260000,407000,-147000,-147000
045377,華邦電元大93購01,0,0,0,0,0,0,0,0,0,-147000,0,0,0,0,147000,-147000,-147000
050036,矽格元大94購03  ,0,0,0,0,0,0,0,0,0,-147000,0,0,0,28000,175000,-147000,-147000
053962,聯茂永豐96購01  ,0,0,0,0,0,0,0,0,0,-147000,0,0,0,174000,321000,-147000,-147000
2392,正崴            ,263000,364000,-101000,0,0,0,0,0,0,-46000,113000,2000,111000,2000,159000,-157000,-147000
05467P,聯電元大95售02  ,0,0,0,0,0,0,0,0,0,-148000,0,0,0,111000,259000,-148000,-148000
05529P,臺股指群益96售02,0,0,0,0,0,0,0,0,0,-148000,0,0,0,0,148000,-148000,-148000
054972,聯茂元大97購02  ,0,0,0,0,0,0,0,0,0,-148000,0,0,0,407000,555000,-148000,-148000
047356,貿聯兆豐94購01  ,0,0,0,0,0,0,0,0,0,-148000,0,0,0,0,148000,-148000,-148000
051541,GIS國票96購02   ,0,0,0,0,0,0,0,0,0,-148000,0,0,0,0,148000,-148000,-148000
051438,喬山元大95購03  ,0,0,0,0,0,0,0,0,0,-148000,0,0,0,0,148000,-148000,-148000
050414,泰鼎永豐94購04  ,0,0,0,0,0,0,0,0,0,-148000,0,0,0,50000,198000,-148000,-148000
049814,超眾元大95購04  ,0,0,0,0,0,0,0,0,0,-148000,0,0,0,101000,249000,-148000,-148000
051962,晶相光永豐95購02,0,0,0,0,0,0,0,0,0,-148000,0,0,0,27000,175000,-148000,-148000
2399,映泰            ,148000,295000,-147000,0,0,0,0,0,0,-1000,0,1000,-1000,0,0,0,-148000
054601,奇鋐台新98購01  ,0,0,0,0,0,0,0,0,0,-149000,0,0,0,10000,159000,-149000,-149000
056372,訊芯元大98購04  ,0,0,0,0,0,0,0,0,0,-149000,0,0,0,2000,151000,-149000,-149000
049737,美食群益94購03  ,0,0,0,0,0,0,0,0,0,-149000,0,0,0,0,149000,-149000,-149000
050522,聯發科元大95購03,0,0,0,0,0,0,0,0,0,-149000,0,0,0,809000,958000,-149000,-149000
050699,京鼎凱基96購01  ,0,0,0,0,0,0,0,0,0,-149000,0,0,0,87000,236000,-149000,-149000
05171P,臺股指元大95售15,0,0,0,0,0,0,0,0,0,-149000,0,0,0,14000,163000,-149000,-149000
053945,國巨富邦98購02  ,55000,0,55000,0,0,0,0,0,0,-204000,0,0,0,632000,836000,-204000,-149000
057071,華擎永豐98購02  ,0,0,0,0,0,0,0,0,0,-149000,0,0,0,0,149000,-149000,-149000
05636P,國巨永豐96售03  ,0,0,0,0,0,0,0,0,0,-150000,0,0,0,0,150000,-150000,-150000
056375,玉晶光統一01購01,0,0,0,0,0,0,0,0,0,-150000,0,0,0,20000,170000,-150000,-150000
05563P,台積電元大97售07,0,0,0,0,0,0,0,0,0,-150000,0,0,0,20000,170000,-150000,-150000
05583P,訊芯凱基96售01  ,0,0,0,0,0,0,0,0,0,-150000,0,0,0,60000,210000,-150000,-150000
05437P,聯詠永豐95售02  ,0,0,0,0,0,0,0,0,0,-150000,0,0,0,0,150000,-150000,-150000
054999,玉晶光元富97購03,0,0,0,0,0,0,0,0,0,-150000,0,0,0,140000,290000,-150000,-150000
047280,泰鼎永豐93購01  ,0,0,0,0,0,0,0,0,0,-150000,0,0,0,24000,174000,-150000,-150000
047131,鴻海凱基94購03  ,0,0,0,0,0,0,0,0,0,-150000,0,0,0,100000,250000,-150000,-150000
047373,TPK國票94購01   ,0,0,0,0,0,0,0,0,0,-150000,0,0,0,0,150000,-150000,-150000
047304,元油2X元大96購02,0,0,0,0,0,0,0,0,0,-150000,0,0,0,0,150000,-150000,-150000
03694P,嘉聯益永豐93售01,0,0,0,0,0,0,0,0,0,-150000,0,0,0,0,150000,-150000,-150000
04050P,創意元大93售05  ,0,0,0,0,0,0,0,0,0,-150000,0,0,0,0,150000,-150000,-150000
03109P,台積電元大01售41,0,0,0,0,0,0,0,0,0,-150000,0,0,0,0,150000,-150000,-150000
051375,道瓊反群益9A購01,0,0,0,0,0,0,0,0,0,-150000,0,0,0,0,150000,-150000,-150000
051191,可成兆豐96購01  ,0,0,0,0,0,0,0,0,0,-150000,0,0,0,0,150000,-150000,-150000
050002,智原永豐94購02  ,0,0,0,0,0,0,0,0,0,-150000,0,0,0,0,150000,-150000,-150000
049926,智易元大95購02  ,0,0,0,0,0,0,0,0,0,-150000,0,0,0,0,150000,-150000,-150000
048521,華通統一93購05  ,0,0,0,0,0,0,0,0,0,-150000,0,0,0,35000,185000,-150000,-150000
053733,華邦電中信98購01,0,0,0,0,0,0,0,0,0,-150000,0,0,0,0,150000,-150000,-150000
05383P,鴻海富邦95售06  ,0,0,0,0,0,0,0,0,0,-150000,0,0,0,0,150000,-150000,-150000
053157,日月光元大96購03,0,0,0,0,0,0,0,0,0,-150000,0,0,0,0,150000,-150000,-150000
05332P,臺股指國票95售01,0,0,0,0,0,0,0,0,0,-150000,0,0,0,25000,175000,-150000,-150000
051648,TPK永豐95購01   ,0,0,0,0,0,0,0,0,0,-150000,0,0,0,0,150000,-150000,-150000
056988,聚陽兆豐98購01  ,0,0,0,0,0,0,0,0,0,-150000,0,0,0,0,150000,-150000,-150000
06488P,台積電元富98售05,0,0,0,0,0,0,0,0,0,-150000,0,0,0,390000,540000,-150000,-150000
06546P,聯發科元大98售05,0,0,0,0,0,0,0,0,0,-150000,0,0,0,0,150000,-150000,-150000
056185,全新統一98購01  ,0,0,0,0,0,0,0,0,0,-151000,0,0,0,327000,478000,-151000,-151000
047292,台光電元富96購01,0,0,0,0,0,0,0,0,0,-151000,0,0,0,78000,229000,-151000,-151000
051495,玉晶光第一95購02,0,0,0,0,0,0,0,0,0,-151000,0,0,0,0,151000,-151000,-151000
051863,技嘉凱基95購01  ,0,0,0,0,0,0,0,0,0,-151000,0,0,0,239000,390000,-151000,-151000
052885,高鐵兆豐98購01  ,0,0,0,0,0,0,0,0,0,-151000,0,0,0,70000,221000,-151000,-151000
053277,大立光元大96購04,0,0,0,0,0,0,0,0,0,-151000,0,0,0,27000,178000,-151000,-151000
053117,大立光中信9A購02,0,0,0,0,0,0,0,0,0,-151000,0,0,0,0,151000,-151000,-151000
056071,創意元大97購02  ,0,0,0,0,0,0,0,0,0,-152000,0,0,0,260000,412000,-152000,-152000
047485,景碩凱基94購01  ,0,0,0,0,0,0,0,0,0,-152000,0,0,0,7000,159000,-152000,-152000
046864,和大統一97購01  ,0,0,0,0,0,0,0,0,0,-152000,0,0,0,154000,306000,-152000,-152000
044853,亞光國泰93購01  ,0,0,0,0,0,0,0,0,0,-152000,0,0,0,35000,187000,-152000,-152000
051098,矽格元大95購01  ,0,0,0,0,0,0,0,0,0,-152000,0,0,0,0,152000,-152000,-152000
048496,南亞科元大93購05,0,0,0,0,0,0,0,0,0,-152000,0,0,0,68000,220000,-152000,-152000
052941,康控兆豐97購01  ,0,0,0,0,0,0,0,0,0,-152000,0,0,0,345000,497000,-152000,-152000
053751,康控永豐96購02  ,0,0,0,0,0,0,0,0,0,-152000,0,0,0,0,152000,-152000,-152000
053569,漢唐統一98購01  ,0,0,0,0,0,0,0,0,0,-152000,0,0,0,154000,306000,-152000,-152000
051994,瀚宇博元大96購01,0,0,0,0,0,0,0,0,0,-152000,0,0,0,0,152000,-152000,-152000
055670,矽創群益98購02  ,0,0,0,0,0,0,0,0,0,-153000,0,0,0,124000,277000,-153000,-153000
047511,義隆國票93購02  ,0,0,0,0,0,0,0,0,0,-153000,0,0,0,12000,165000,-153000,-153000
051230,聯詠群益95購01  ,0,0,0,0,0,0,0,0,0,-153000,0,0,0,35000,188000,-153000,-153000
052594,友訊群益98購01  ,0,0,0,0,0,0,0,0,0,-153000,0,0,0,400000,553000,-153000,-153000
053199,旺宏日盛96購01  ,0,0,0,0,0,0,0,0,0,-153000,0,0,0,10000,163000,-153000,-153000
053425,京鼎永豐96購01  ,0,0,0,0,0,0,0,0,0,-153000,0,0,0,10000,163000,-153000,-153000
1315,達新            ,32000,186000,-154000,0,0,0,0,0,0,1000,1000,0,1000,0,0,0,-153000
3056,總太            ,135000,296000,-161000,0,0,0,0,0,0,8000,8000,0,8000,0,0,0,-153000
054288,華邦電元大96購05,0,0,0,0,0,0,0,0,0,-154000,0,0,0,78000,232000,-154000,-154000
049054,禾伸堂永豐94購01,0,0,0,0,0,0,0,0,0,-154000,0,0,0,82000,236000,-154000,-154000
053889,致茂群益97購01  ,0,0,0,0,0,0,0,0,0,-154000,0,0,0,95000,249000,-154000,-154000
052333,嘉聯益兆豐96購01,0,0,0,0,0,0,0,0,0,-154000,0,0,0,0,154000,-154000,-154000
052497,楠梓電永豐96購01,0,0,0,0,0,0,0,0,0,-154000,0,0,0,0,154000,-154000,-154000
6504,南六            ,26000,165000,-139000,0,0,0,0,0,0,-15000,0,15000,-15000,0,0,0,-154000
055369,友訊元大97購01  ,0,0,0,0,0,0,0,0,0,-155000,0,0,0,0,155000,-155000,-155000
055574,美律統一97購01  ,0,0,0,0,0,0,0,0,0,-155000,0,0,0,135000,290000,-155000,-155000
044822,南電兆豐93購01  ,0,0,0,0,0,0,0,0,0,-155000,0,0,0,0,155000,-155000,-155000
047772,泰鼎元大93購05  ,0,0,0,0,0,0,0,0,0,-155000,0,0,0,10000,165000,-155000,-155000
00670L,富邦NASDAQ正2   ,0,41000,-41000,0,0,0,0,0,0,-114000,0,0,0,47000,161000,-114000,-155000
051246,美律元大96購01  ,0,0,0,0,0,0,0,0,0,-155000,0,0,0,0,155000,-155000,-155000
05267P,欣興元大95售08  ,0,0,0,0,0,0,0,0,0,-155000,0,0,0,91000,246000,-155000,-155000
053915,光罩國票96購02  ,0,0,0,0,0,0,0,0,0,-155000,0,0,0,5000,160000,-155000,-155000
054168,貿聯凱基97購02  ,0,0,0,0,0,0,0,0,0,-155000,0,0,0,0,155000,-155000,-155000
056820,欣興永豐98購02  ,0,0,0,0,0,0,0,0,0,-155000,0,0,0,81000,236000,-155000,-155000
056592,台積電元富98購01,0,0,0,0,0,0,0,0,0,-156000,0,0,0,59000,215000,-156000,-156000
046268,嘉晶凱基93購02  ,0,0,0,0,0,0,0,0,0,-156000,0,0,0,0,156000,-156000,-156000
051119,光寶科群益95購01,0,0,0,0,0,0,0,0,0,-156000,0,0,0,0,156000,-156000,-156000
051792,泰鼎國票96購02  ,0,0,0,0,0,0,0,0,0,-156000,0,0,0,15000,171000,-156000,-156000
5388,中磊            ,338000,503000,-165000,0,0,0,0,2000,-2000,11000,7000,0,7000,6000,2000,4000,-156000
056418,台光電元富98購01,0,0,0,0,0,0,0,0,0,-157000,0,0,0,153000,310000,-157000,-157000
051968,勤誠永豐95購01  ,0,0,0,0,0,0,0,0,0,-157000,0,0,0,10000,167000,-157000,-157000
056078,勤誠元大97購01  ,0,0,0,0,0,0,0,0,0,-158000,0,0,0,56000,214000,-158000,-158000
043728,美律國泰93購01  ,0,0,0,0,0,0,0,0,0,-158000,0,0,0,0,158000,-158000,-158000
051996,康友元大95購01  ,0,0,0,0,0,0,0,0,0,-158000,0,0,0,173000,331000,-158000,-158000
052920,景碩台新96購02  ,0,0,0,0,0,0,0,0,0,-158000,0,0,0,328000,486000,-158000,-158000
053895,智易群益96購02  ,0,0,0,0,0,0,0,0,0,-158000,0,0,0,0,158000,-158000,-158000
053216,京鼎凱基96購02  ,0,0,0,0,0,0,0,0,0,-158000,0,0,0,123000,281000,-158000,-158000
053033,智易兆豐97購01  ,0,0,0,0,0,0,0,0,0,-158000,0,0,0,0,158000,-158000,-158000
056816,華通永豐98購02  ,0,0,0,0,0,0,0,0,0,-158000,0,0,0,98000,256000,-158000,-158000
056882,華邦電康和98購01,0,0,0,0,0,0,0,0,0,-158000,0,0,0,23000,181000,-158000,-158000
05952P,台積電國票97售06,0,0,0,0,0,0,0,0,0,-158000,0,0,0,79000,237000,-158000,-158000
056368,祥碩元大98購02  ,0,0,0,0,0,0,0,0,0,-159000,0,0,0,108000,267000,-159000,-159000
03183P,鴻海元大01售28  ,0,0,0,0,0,0,0,0,0,-159000,0,0,0,20000,179000,-159000,-159000
045873,元油2X元富98購04,0,0,0,0,0,0,0,0,0,-159000,0,0,0,170000,329000,-159000,-159000
047221,日月光麥證93購01,0,0,0,10000,169000,-159000,0,0,0,-159000,0,0,0,10000,169000,-159000,-159000
053926,晶相光國票97購01,0,0,0,0,0,0,0,0,0,-159000,0,0,0,0,159000,-159000,-159000
05688P,臺股指元大96售13,0,0,0,0,0,0,0,0,0,-159000,0,0,0,264000,423000,-159000,-159000
055139,欣興永豐97購01  ,0,0,0,0,0,0,0,0,0,-160000,0,0,0,36000,196000,-160000,-160000
055040,台虹富邦99購01  ,0,0,0,0,0,0,0,0,0,-160000,0,0,0,0,160000,-160000,-160000
047419,聯發科富邦95購01,0,0,0,0,0,0,0,0,0,-160000,0,0,0,70000,230000,-160000,-160000
044104,鴻海中信95購03  ,0,0,0,0,0,0,0,0,0,-160000,0,0,0,408000,568000,-160000,-160000
044290,群創凱基93購05  ,0,0,0,0,0,0,0,0,0,-160000,0,0,0,20000,180000,-160000,-160000
050071,明泰凱基94購01  ,0,0,0,0,0,0,0,0,0,-160000,0,0,0,0,160000,-160000,-160000
048250,矽創兆豐93購02  ,0,0,0,0,0,0,0,0,0,-160000,0,0,0,0,160000,-160000,-160000
052981,鴻海元大97購05  ,0,0,0,0,0,0,0,0,0,-160000,0,0,0,95000,255000,-160000,-160000
052669,群創群益98購06  ,0,0,0,0,0,0,0,0,0,-160000,0,0,0,89000,249000,-160000,-160000
056627,訊芯永豐98購01  ,0,0,0,0,0,0,0,0,0,-160000,0,0,0,110000,270000,-160000,-160000
056773,晶技元大99購03  ,0,0,0,0,0,0,0,0,0,-160000,0,0,0,0,160000,-160000,-160000
056977,國巨群益9A購01  ,0,0,0,0,0,0,0,0,0,-160000,0,0,0,0,160000,-160000,-160000
05810P,臺股指國票96售03,0,0,0,0,0,0,0,0,0,-160000,0,0,0,0,160000,-160000,-160000
054385,矽創群益98購01  ,0,0,0,0,0,0,0,0,0,-161000,0,0,0,131000,292000,-161000,-161000
048436,聯茂日盛93購01  ,0,0,0,0,0,0,0,0,0,-161000,0,0,0,400000,561000,-161000,-161000
050971,緯穎永豐95購01  ,0,0,0,0,0,0,0,0,0,-161000,0,0,0,221000,382000,-161000,-161000
054018,華新台新96購01  ,0,0,0,0,0,0,0,0,0,-161000,0,0,0,0,161000,-161000,-161000
2456,奇力新          ,887000,720000,167000,0,0,0,137000,0,137000,-465954,120046,538000,-417954,196000,244000,-48000,-161954
054782,國巨群益97購01  ,0,0,0,0,0,0,0,0,0,-162000,0,0,0,33000,195000,-162000,-162000
056162,祥碩凱基97購03  ,0,0,0,0,0,0,0,0,0,-162000,0,0,0,26000,188000,-162000,-162000
055648,可成元富97購01  ,0,0,0,0,0,0,0,0,0,-162000,0,0,0,10000,172000,-162000,-162000
04475P,欣興元大94售03  ,0,0,0,0,0,0,0,0,0,-162000,0,0,0,0,162000,-162000,-162000
04427P,滬深2X元大97售02,0,0,0,0,0,0,0,0,0,-162000,0,0,0,10000,172000,-162000,-162000
049188,可成台新94購01  ,0,0,0,0,0,0,0,0,0,-162000,0,0,0,0,162000,-162000,-162000
052876,GIS凱基96購03   ,0,0,0,0,0,0,0,0,0,-162000,0,0,0,1000,163000,-162000,-162000
052300,力成台新95購01  ,0,0,0,0,0,0,0,0,0,-162000,0,0,0,0,162000,-162000,-162000
051861,鴻海凱基98購01  ,0,0,0,0,0,0,0,0,0,-162000,0,0,0,111000,273000,-162000,-162000
055963,欣興元大97購04  ,0,0,0,0,0,0,0,0,0,-163000,0,0,0,87000,250000,-163000,-163000
052453,崇越元大95購01  ,0,0,0,0,0,0,0,0,0,-163000,0,0,0,29000,192000,-163000,-163000
056692,燿華群益98購03  ,0,0,0,0,0,0,0,0,0,-163000,0,0,0,105000,268000,-163000,-163000
055563,智易凱基97購02  ,0,0,0,0,0,0,0,0,0,-164000,0,0,0,1000,165000,-164000,-164000
051633,可成國票96購03  ,0,0,0,0,0,0,0,0,0,-164000,0,0,0,92000,256000,-164000,-164000
054091,晶豪科群益96購01,0,0,0,0,0,0,0,0,0,-164000,0,0,0,0,164000,-164000,-164000
08795P,聯發科凱基01售11,0,0,0,0,0,0,0,0,0,-164000,0,0,0,8000,172000,-164000,-164000
055990,矽創元富97購01  ,0,0,0,0,0,0,0,0,0,-165000,0,0,0,48000,213000,-165000,-165000
056068,欣興元大97購05  ,0,0,0,0,0,0,0,0,0,-165000,0,0,0,109000,274000,-165000,-165000
046380,神基凱基93購01  ,0,0,0,0,0,0,0,0,0,-165000,0,0,0,0,165000,-165000,-165000
053271,喬山元大97購01  ,0,0,0,0,0,0,0,0,0,-165000,0,0,0,3000,168000,-165000,-165000
052017,奇鋐永豐95購01  ,0,0,0,0,0,0,0,0,0,-165000,0,0,0,0,165000,-165000,-165000
3014,聯陽            ,49000,218000,-169000,0,0,0,0,0,0,4000,4000,0,4000,0,0,0,-165000
048656,大立光元富93購05,0,0,0,0,0,0,0,0,0,-166000,0,0,0,15000,181000,-166000,-166000
052985,美律元大96購02  ,0,0,0,0,0,0,0,0,0,-166000,0,0,0,138000,304000,-166000,-166000
054188,欣興永豐96購03  ,0,0,0,0,0,0,0,0,0,-166000,0,0,0,154000,320000,-166000,-166000
06422P,勤誠統一98售01  ,0,0,0,0,0,0,0,0,0,-166000,0,0,0,15000,181000,-166000,-166000
055262,台虹國泰98購01  ,0,0,0,0,0,0,0,0,0,-167000,0,0,0,58000,225000,-167000,-167000
053395,致茂中信96購01  ,0,0,0,0,0,0,0,0,0,-167000,0,0,0,134000,301000,-167000,-167000
052163,康舒永豐95購02  ,0,0,0,0,0,0,0,0,0,-167000,0,0,0,21000,188000,-167000,-167000
051638,聯茂國票96購01  ,0,0,0,0,0,0,0,0,0,-167000,0,0,0,60000,227000,-167000,-167000
056844,欣興元富98購03  ,0,0,0,0,0,0,0,0,0,-167000,0,0,0,32000,199000,-167000,-167000
056477,欣興元大98購02  ,0,0,0,0,0,0,0,0,0,-168000,0,0,0,92000,260000,-168000,-168000
056514,訊芯亞東99購01  ,0,0,0,0,0,0,0,0,0,-168000,0,0,0,0,168000,-168000,-168000
056023,晶豪科群益97購01,0,0,0,0,0,0,0,0,0,-168000,0,0,0,21000,189000,-168000,-168000
055958,台光電元大97購02,0,0,0,0,0,0,0,0,0,-168000,0,0,0,34000,202000,-168000,-168000
047390,富邦金元大93購01,0,0,0,0,0,0,0,0,0,-168000,0,0,0,0,168000,-168000,-168000
053631,欣興兆豐97購01  ,0,0,0,0,0,0,0,0,0,-168000,0,0,0,20000,188000,-168000,-168000
06461P,玉晶光國泰9A售01,0,0,0,0,0,0,0,0,0,-168000,0,0,0,5000,173000,-168000,-168000
5607,遠雄港          ,196000,464000,-268000,0,0,0,0,0,0,100000,100000,0,100000,0,0,0,-168000
055898,訊芯第一97購01  ,0,0,0,0,0,0,0,0,0,-169000,0,0,0,41000,210000,-169000,-169000
05564P,玉晶光元大97售02,0,0,0,0,0,0,0,0,0,-169000,0,0,0,0,169000,-169000,-169000
054007,貿聯統一96購01  ,0,0,0,0,0,0,0,0,0,-169000,0,0,0,0,169000,-169000,-169000
053292,美律中信98購01  ,0,0,0,0,0,0,0,0,0,-169000,0,0,0,108000,277000,-169000,-169000
051807,瑞昱凱基95購03  ,0,0,0,0,0,0,0,0,0,-169000,0,0,0,7000,176000,-169000,-169000
052512,全新凱基96購03  ,0,0,0,0,0,0,0,0,0,-169000,0,0,0,15000,184000,-169000,-169000
052284,日月光凱基96購01,0,0,0,0,0,0,0,0,0,-169000,0,0,0,0,169000,-169000,-169000
05233P,台郡台新95售02  ,0,0,0,0,0,0,0,0,0,-169000,0,0,0,0,169000,-169000,-169000
2642,宅配通          ,45000,214000,-169000,0,0,0,0,0,0,0,0,0,0,0,0,0,-169000
056806,元油2X統一98購02,5000,0,5000,0,0,0,0,0,0,-174000,0,0,0,0,174000,-174000,-169000
056772,欣興元大99購01  ,0,0,0,0,0,0,0,0,0,-169000,0,0,0,113000,282000,-169000,-169000
055979,聯鈞統一97購03  ,0,0,0,0,0,0,0,0,0,-170000,0,0,0,23000,193000,-170000,-170000
056378,欣興元富98購01  ,0,0,0,0,0,0,0,0,0,-170000,0,0,0,100000,270000,-170000,-170000
054618,訊芯永豐97購01  ,0,0,0,0,0,0,0,0,0,-170000,0,0,0,90000,260000,-170000,-170000
04669P,臺股指國票94售08,0,0,0,0,0,0,0,0,0,-170000,0,0,0,65000,235000,-170000,-170000
048249,嘉澤兆豐94購01  ,0,0,0,0,0,0,0,0,0,-170000,0,0,0,13000,183000,-170000,-170000
051391,聯發科兆豐95購02,0,0,0,0,0,0,0,0,0,-170000,0,0,0,150000,320000,-170000,-170000
052322,力成元大96購01  ,0,0,0,0,0,0,0,0,0,-170000,0,0,0,528000,698000,-170000,-170000
052807,貿聯元大98購01  ,0,0,0,0,0,0,0,0,0,-170000,0,0,0,161000,331000,-170000,-170000
05945P,聯詠中信96售01  ,0,0,0,0,0,0,0,0,0,-170000,0,0,0,0,170000,-170000,-170000
055408,力成國泰98購01  ,0,0,0,0,0,0,0,0,0,-171000,0,0,0,0,171000,-171000,-171000
047298,聯茂元富96購01  ,0,0,0,0,0,0,0,0,0,-171000,0,0,0,15000,186000,-171000,-171000
05960P,欣興統一96售01  ,0,0,0,0,0,0,0,0,0,-171000,0,0,0,35000,206000,-171000,-171000
054845,智邦兆豐98購01  ,0,0,0,0,0,0,0,0,0,-172000,0,0,0,33000,205000,-172000,-172000
054581,訊芯元大97購02  ,0,0,0,0,0,0,0,0,0,-172000,0,0,0,186000,358000,-172000,-172000
05479P,華新科台新96售01,0,0,0,0,0,0,0,0,0,-172000,0,0,0,0,172000,-172000,-172000
056252,聯發科兆豐97購03,0,0,0,0,0,0,0,0,0,-172000,0,0,0,5000,177000,-172000,-172000
051714,健鼎台新95購01  ,0,0,0,0,0,0,0,0,0,-172000,0,0,0,0,172000,-172000,-172000
054019,燿華台新96購01  ,0,0,0,0,0,0,0,0,0,-172000,0,0,0,95000,267000,-172000,-172000
053955,華通永豐96購04  ,0,0,0,0,0,0,0,0,0,-172000,0,0,0,0,172000,-172000,-172000
053592,亞光元大96購01  ,0,0,0,0,0,0,0,0,0,-172000,0,0,0,74000,246000,-172000,-172000
057072,日月光永豐98購01,0,0,0,0,0,0,0,0,0,-172000,0,0,0,0,172000,-172000,-172000
057074,立積永豐98購01  ,0,0,0,0,0,0,0,0,0,-172000,0,0,0,0,172000,-172000,-172000
05453P,智邦群益95售03  ,0,0,0,0,0,0,0,0,0,-173000,0,0,0,0,173000,-173000,-173000
04471P,華通元大95售03  ,0,0,0,0,0,0,0,0,0,-173000,0,0,0,0,173000,-173000,-173000
051482,玉晶光凱基96購01,0,0,0,0,0,0,0,0,0,-173000,0,0,0,54000,227000,-173000,-173000
051671,和鑫元大96購02  ,0,0,0,0,0,0,0,0,0,-173000,0,0,0,35000,208000,-173000,-173000
05269P,臻鼎元大95售05  ,0,0,0,0,0,0,0,0,0,-173000,0,0,0,0,173000,-173000,-173000
05727P,新光金日盛96售02,0,0,0,0,0,0,0,0,0,-173000,0,0,0,12000,185000,-173000,-173000
06091P,華新科統一97售01,0,0,0,0,0,0,0,0,0,-173000,0,0,0,77000,250000,-173000,-173000
06386P,欣興永豐97售03  ,0,0,0,0,0,0,0,0,0,-173000,0,0,0,27000,200000,-173000,-173000
8081,致新            ,95000,270000,-175000,0,0,0,70000,0,70000,-68000,1000,0,1000,0,69000,-69000,-173000
054858,台肥群益97購01  ,0,0,0,0,0,0,0,0,0,-174000,0,0,0,1000,175000,-174000,-174000
055017,緯穎元富97購01  ,0,0,0,0,0,0,0,0,0,-174000,0,0,0,149000,323000,-174000,-174000
055416,欣興富邦98購01  ,0,0,0,0,0,0,0,0,0,-174000,0,0,0,150000,324000,-174000,-174000
050541,智邦凱基94購04  ,0,0,0,0,0,0,0,0,0,-174000,0,0,0,236000,410000,-174000,-174000
056508,揚明光永豐98購01,0,0,0,0,0,0,0,0,0,-175000,0,0,0,0,175000,-175000,-175000
049743,全新台新94購01  ,0,0,0,0,0,0,0,0,0,-175000,0,0,0,121000,296000,-175000,-175000
05068P,鴻海統一95售06  ,0,0,0,0,0,0,0,0,0,-175000,0,0,0,191000,366000,-175000,-175000
05259P,臺股指凱基96售12,0,0,0,0,0,0,0,0,0,-175000,0,0,0,0,175000,-175000,-175000
053840,燿華統一96購02  ,0,0,0,0,0,0,0,0,0,-176000,0,0,0,0,176000,-176000,-176000
053177,華邦電統一96購01,0,0,0,0,0,0,0,0,0,-176000,0,0,0,0,176000,-176000,-176000
055908,GIS日盛97購01   ,0,0,0,0,0,0,0,0,0,-177000,0,0,0,126000,303000,-177000,-177000
055606,矽創元大97購01  ,0,0,0,0,0,0,0,0,0,-177000,0,0,0,170000,347000,-177000,-177000
055411,國巨富邦9A購02  ,0,0,0,0,0,0,0,0,0,-177000,0,0,0,861000,1038000,-177000,-177000
05024P,華通國票96售01  ,0,0,0,0,0,0,0,0,0,-177000,0,0,0,10000,187000,-177000,-177000
053967,華邦電元大96購03,0,0,0,0,0,0,0,0,0,-177000,0,0,0,1000,178000,-177000,-177000
1709,和益            ,71000,248000,-177000,0,0,0,0,0,0,0,0,0,0,0,0,0,-177000
055013,訊連元富97購01  ,0,0,0,0,0,0,0,0,0,-178000,0,0,0,120000,298000,-178000,-178000
054720,禾伸堂永豐97購01,0,0,0,0,0,0,0,0,0,-178000,0,0,0,10000,188000,-178000,-178000
055530,聯發科群益98購01,0,0,0,0,0,0,0,0,0,-178000,0,0,0,130000,308000,-178000,-178000
055959,美律元大97購03  ,0,0,0,0,0,0,0,0,0,-178000,0,0,0,0,178000,-178000,-178000
055838,致茂元大97購03  ,0,0,0,0,0,0,0,0,0,-178000,0,0,0,274000,452000,-178000,-178000
055745,臻鼎元富97購01  ,0,0,0,0,0,0,0,0,0,-178000,0,0,0,20000,198000,-178000,-178000
047752,健鼎元富93購01  ,0,0,0,0,0,0,0,0,0,-178000,0,0,0,4000,182000,-178000,-178000
049050,崇越康和94購01  ,0,0,0,0,0,0,0,0,0,-178000,0,0,0,50000,228000,-178000,-178000
053598,日月光元大96購04,0,0,0,0,0,0,0,0,0,-178000,0,0,0,0,178000,-178000,-178000
06063P,玉晶光元富97售01,0,0,0,0,0,0,0,0,0,-178000,0,0,0,70000,248000,-178000,-178000
049557,南電元富94購02  ,0,0,0,0,0,0,0,0,0,-179000,0,0,0,160000,339000,-179000,-179000
053411,深中小國票9B購01,0,0,0,0,0,0,0,0,0,-179000,0,0,0,500000,679000,-179000,-179000
052810,易華電元大96購02,0,0,0,0,0,0,0,0,0,-179000,0,0,0,21000,200000,-179000,-179000
054292,欣興元大96購06  ,0,0,0,0,0,0,0,0,0,-180000,0,0,0,580000,760000,-180000,-180000
055233,康友國票98購01  ,0,0,0,0,0,0,0,0,0,-180000,0,0,0,0,180000,-180000,-180000
050452,智原元大95購04  ,0,0,0,0,0,0,0,0,0,-180000,0,0,0,120000,300000,-180000,-180000
049437,可成國泰96購01  ,0,0,0,0,0,0,0,0,0,-180000,0,0,0,91000,271000,-180000,-180000
050171,臺指反元大97購03,0,0,0,0,0,0,0,0,0,-180000,0,0,0,40000,220000,-180000,-180000
048276,旺宏永豐94購01  ,0,0,0,0,0,0,0,0,0,-180000,0,0,0,0,180000,-180000,-180000
048936,玉晶光永豐94購05,0,0,0,0,0,0,0,0,0,-180000,0,0,0,164000,344000,-180000,-180000
051155,聯發科國泰96購01,0,0,0,0,0,0,0,0,0,-180000,0,0,0,102000,282000,-180000,-180000
051592,健策元大96購05  ,0,0,0,0,0,0,0,0,0,-180000,0,0,0,313000,493000,-180000,-180000
051597,T50反1中信99購02,0,0,0,0,0,0,0,0,0,-180000,0,0,0,0,180000,-180000,-180000
06024P,台郡國票97售05  ,0,0,0,0,0,0,0,0,0,-180000,0,0,0,13000,193000,-180000,-180000
06403P,鴻海元富97售15  ,0,0,0,0,0,0,0,0,0,-180000,0,0,0,40000,220000,-180000,-180000
06448P,華通元大99售01  ,0,0,0,0,0,0,0,0,0,-180000,0,0,0,0,180000,-180000,-180000
056632,鴻海永昌98購01  ,0,0,0,0,0,0,0,0,0,-180000,0,0,0,674000,854000,-180000,-180000
055166,台積電統一97購05,0,0,0,0,0,0,0,0,0,-181000,0,0,0,180000,361000,-181000,-181000
047408,嘉晶統一95購01  ,0,0,0,0,0,0,0,0,0,-181000,0,0,0,3000,184000,-181000,-181000
050944,智邦群益95購01  ,0,0,0,0,0,0,0,0,0,-181000,0,0,0,69000,250000,-181000,-181000
048442,友訊凱基94購01  ,0,0,0,0,0,0,0,0,0,-181000,0,0,0,174000,355000,-181000,-181000
05201P,玉晶光國泰97售02,0,0,0,0,0,0,0,0,0,-181000,0,0,0,50000,231000,-181000,-181000
049901,瑞昱元富94購01  ,0,0,0,0,0,0,0,0,0,-182000,0,0,0,6000,188000,-182000,-182000
051604,喬山群益95購01  ,0,0,0,0,0,0,0,0,0,-182000,0,0,0,0,182000,-182000,-182000
053829,力成麥證96購01  ,0,0,0,20000,202000,-182000,0,0,0,-182000,0,0,0,20000,202000,-182000,-182000
055529,華邦電群益97購02,0,0,0,0,0,0,0,0,0,-183000,0,0,0,0,183000,-183000,-183000
03874P,臺股指群益95售01,0,0,0,0,0,0,0,0,0,-183000,0,0,0,20000,203000,-183000,-183000
06490P,鴻海富邦99售02  ,0,0,0,0,0,0,0,0,0,-183000,0,0,0,144000,327000,-183000,-183000
06595P,祥碩元大98售03  ,0,0,0,0,0,0,0,0,0,-183000,0,0,0,10000,193000,-183000,-183000
054236,貿聯群益96購01  ,0,0,0,0,0,0,0,0,0,-184000,0,0,0,25000,209000,-184000,-184000
048642,聯發科元大94購02,0,0,0,0,0,0,0,0,0,-184000,0,0,0,405000,589000,-184000,-184000
053847,美律元富96購02  ,0,0,0,0,0,0,0,0,0,-184000,0,0,0,10000,194000,-184000,-184000
054009,欣興元富96購03  ,0,0,0,0,0,0,0,0,0,-184000,0,0,0,80000,264000,-184000,-184000
052882,南電凱基96購02  ,0,0,0,0,0,0,0,0,0,-184000,0,0,0,110000,294000,-184000,-184000
057193,力成元大98購02  ,0,0,0,0,0,0,0,0,0,-184000,0,0,0,30000,214000,-184000,-184000
048689,台光電群益94購01,0,0,0,0,0,0,0,0,0,-185000,0,0,0,16000,201000,-185000,-185000
052217,台光電日盛95購01,0,0,0,0,0,0,0,0,0,-185000,0,0,0,23000,208000,-185000,-185000
05743P,創意元大96售01  ,0,0,0,0,0,0,0,0,0,-185000,0,0,0,0,185000,-185000,-185000
056615,燿華永豐98購02  ,0,0,0,0,0,0,0,0,0,-185000,0,0,0,70000,255000,-185000,-185000
054844,華邦電兆豐98購01,0,0,0,0,0,0,0,0,0,-186000,0,0,0,0,186000,-186000,-186000
05658P,日月光元富96售02,0,0,0,0,0,0,0,0,0,-186000,0,0,0,6000,192000,-186000,-186000
051932,康控國票96購02  ,0,0,0,0,0,0,0,0,0,-186000,0,0,0,10000,196000,-186000,-186000
057022,智邦凱基98購04  ,0,0,0,0,0,0,0,0,0,-186000,0,0,0,72000,258000,-186000,-186000
056394,晶豪科永豐98購01,0,0,0,0,0,0,0,0,0,-187000,0,0,0,0,187000,-187000,-187000
054694,聯鈞永豐97購01  ,0,0,0,0,0,0,0,0,0,-187000,0,0,0,202000,389000,-187000,-187000
045216,鴻海元大93購02  ,0,0,0,0,0,0,0,0,0,-187000,0,0,0,21000,208000,-187000,-187000
046958,鴻海中信93購01  ,0,0,0,0,0,0,0,0,0,-187000,0,0,0,0,187000,-187000,-187000
046863,康友元大93購01  ,0,0,0,0,0,0,0,0,0,-187000,0,0,0,20000,207000,-187000,-187000
050743,京鼎永豐94購02  ,0,0,0,0,0,0,0,0,0,-187000,0,0,0,79000,266000,-187000,-187000
051603,深中小群益99購03,0,0,0,0,0,0,0,0,0,-187000,0,0,0,403000,590000,-187000,-187000
055380,智易元大98購02  ,0,0,0,0,0,0,0,0,0,-188000,0,0,0,11000,199000,-188000,-188000
056487,康友元大98購01  ,0,0,0,0,0,0,0,0,0,-188000,0,0,0,155000,343000,-188000,-188000
055705,微星永豐97購01  ,0,0,0,0,0,0,0,0,0,-188000,0,0,0,25000,213000,-188000,-188000
044863,矽創兆豐93購01  ,0,0,0,0,0,0,0,0,0,-188000,0,0,0,16000,204000,-188000,-188000
051872,矽力凱基96購01  ,0,0,0,0,0,0,0,0,0,-188000,0,0,0,0,188000,-188000,-188000
052048,景碩凱基95購01  ,0,0,0,0,0,0,0,0,0,-188000,0,0,0,60000,248000,-188000,-188000
054092,大立光群益97購01,0,0,0,0,0,0,0,0,0,-188000,0,0,0,10000,198000,-188000,-188000
056981,全新群益99購03  ,0,0,0,0,0,0,0,0,0,-188000,0,0,0,0,188000,-188000,-188000
057027,祥碩凱基98購01  ,0,0,0,0,0,0,0,0,0,-188000,0,0,0,0,188000,-188000,-188000
055781,聯詠凱基98購01  ,0,0,0,0,0,0,0,0,0,-189000,0,0,0,3000,192000,-189000,-189000
056246,祥碩群益97購01  ,0,0,0,0,0,0,0,0,0,-189000,0,0,0,6000,195000,-189000,-189000
051081,聯茂富邦96購01  ,0,0,0,0,0,0,0,0,0,-189000,0,0,0,0,189000,-189000,-189000
051406,泰鼎永豐96購01  ,0,0,0,0,0,0,0,0,0,-189000,0,0,0,47000,236000,-189000,-189000
053061,GIS富邦97購01   ,0,0,0,0,0,0,0,0,0,-189000,0,0,0,0,189000,-189000,-189000
055932,玉山金群益99購01,0,0,0,0,0,0,0,0,0,-190000,0,0,0,0,190000,-190000,-190000
055202,神達群益97購01  ,0,0,0,0,0,0,0,0,0,-190000,0,0,0,0,190000,-190000,-190000
054859,鴻海群益97購02  ,0,0,0,0,0,0,0,0,0,-190000,0,0,0,10000,200000,-190000,-190000
044426,欣興國泰93購02  ,0,0,0,0,0,0,0,0,0,-190000,0,0,0,15000,205000,-190000,-190000
049724,南電第一94購01  ,0,0,0,0,0,0,0,0,0,-190000,0,0,0,89000,279000,-190000,-190000
05356P,臺股指元富95售10,0,0,0,0,0,0,0,0,0,-190000,0,0,0,5000,195000,-190000,-190000
053721,國泰金凱基97購01,0,0,0,0,0,0,0,0,0,-190000,0,0,0,10000,200000,-190000,-190000
05823P,臺股指凱基96售20,0,0,0,0,0,0,0,0,0,-190000,0,0,0,0,190000,-190000,-190000
06275P,臺股指凱基97售07,0,0,0,0,0,0,0,0,0,-190000,0,0,0,0,190000,-190000,-190000
049493,可成元大94購05  ,0,0,0,0,0,0,0,0,0,-191000,0,0,0,1000,192000,-191000,-191000
049477,泰鼎永豐94購01  ,0,0,0,0,0,0,0,0,0,-191000,0,0,0,30000,221000,-191000,-191000
053748,燿華永豐96購04  ,0,0,0,0,0,0,0,0,0,-191000,0,0,0,12000,203000,-191000,-191000
056813,聯茂統一99購01  ,0,0,0,0,0,0,0,0,0,-191000,0,0,0,225000,416000,-191000,-191000
2031,新光鋼          ,235000,435000,-200000,0,0,0,0,0,0,9000,18000,9000,9000,0,0,0,-191000
2536,宏普            ,13000,204000,-191000,0,0,0,0,0,0,0,0,0,0,0,0,0,-191000
049922,禾伸堂元大95購01,0,0,0,0,0,0,0,0,0,-192000,0,0,0,392000,584000,-192000,-192000
049235,元油2X元富96購05,0,0,0,0,0,0,0,0,0,-192000,0,0,0,0,192000,-192000,-192000
05327P,臺股指凱基95售11,0,0,0,0,0,0,0,0,0,-192000,0,0,0,0,192000,-192000,-192000
056136,京鼎元大98購01  ,0,0,0,0,0,0,0,0,0,-193000,0,0,0,21000,214000,-193000,-193000
056586,光罩統一98購02  ,0,0,0,0,0,0,0,0,0,-193000,0,0,0,147000,340000,-193000,-193000
051272,嘉晶群益95購01  ,0,0,0,0,0,0,0,0,0,-193000,0,0,0,0,193000,-193000,-193000
053322,京鼎群益97購01  ,0,0,0,0,0,0,0,0,0,-193000,0,0,0,0,193000,-193000,-193000
4906,正文            ,436000,482000,-46000,0,0,0,0,0,0,-147000,12000,6000,6000,0,153000,-153000,-193000
05819P,臺股指凱基96售16,0,0,0,0,0,0,0,0,0,-193000,0,0,0,0,193000,-193000,-193000
06279P,臺股指凱基97售11,0,0,0,0,0,0,0,0,0,-193000,0,0,0,0,193000,-193000,-193000
056115,奇力新群益97購06,0,0,0,0,0,0,0,0,0,-194000,0,0,0,687000,881000,-194000,-194000
054559,台光電群益99購01,0,0,0,0,0,0,0,0,0,-194000,0,0,0,33000,227000,-194000,-194000
051195,台郡中信95購01  ,0,0,0,0,0,0,0,0,0,-194000,0,0,0,39000,233000,-194000,-194000
049113,大立光統一94購06,0,0,0,0,0,0,0,0,0,-194000,0,0,0,16000,210000,-194000,-194000
06277P,臺股指凱基97售09,0,0,0,0,0,0,0,0,0,-194000,0,0,0,0,194000,-194000,-194000
057083,立積統一98購01  ,0,0,0,0,0,0,0,0,0,-194000,0,0,0,0,194000,-194000,-194000
054832,興勤中信97購01  ,0,0,0,0,0,0,0,0,0,-195000,0,0,0,0,195000,-195000,-195000
056472,美律元大99購03  ,0,0,0,0,0,0,0,0,0,-195000,0,0,0,174000,369000,-195000,-195000
048745,儒鴻元富97購02  ,0,0,0,0,0,0,0,0,0,-195000,0,0,0,168000,363000,-195000,-195000
052496,華通台新96購02  ,0,0,0,0,0,0,0,0,0,-195000,0,0,0,0,195000,-195000,-195000
056267,文曄統一97購02  ,0,0,0,0,0,0,0,0,0,-196000,0,0,0,0,196000,-196000,-196000
055801,景碩永豐97購02  ,0,0,0,0,0,0,0,0,0,-196000,0,0,0,83000,279000,-196000,-196000
052714,義隆凱基96購02  ,0,0,0,0,0,0,0,0,0,-196000,0,0,0,158000,354000,-196000,-196000
052184,台光電群益95購03,0,0,0,0,0,0,0,0,0,-196000,0,0,0,91000,287000,-196000,-196000
06561P,台灣50國泰9A售01,0,0,0,0,0,0,0,0,0,-196000,0,0,0,0,196000,-196000,-196000
054889,京鼎統一99購01  ,0,0,0,0,0,0,0,0,0,-197000,0,0,0,360000,557000,-197000,-197000
054208,台積電國票97購07,0,0,0,0,0,0,0,0,0,-197000,0,0,0,15000,212000,-197000,-197000
051642,鈺齊台新95購01  ,0,0,0,0,0,0,0,0,0,-197000,0,0,0,0,197000,-197000,-197000
053035,台表科兆豐97購01,0,0,0,0,0,0,0,0,0,-197000,0,0,0,54000,251000,-197000,-197000
057142,力成兆豐98購01  ,0,0,0,0,0,0,0,0,0,-197000,0,0,0,0,197000,-197000,-197000
1712,興農            ,4000,201000,-197000,0,0,0,0,0,0,0,0,0,0,0,0,0,-197000
055082,台郡中信97購01  ,0,0,0,0,0,0,0,0,0,-198000,0,0,0,101000,299000,-198000,-198000
04869P,鴻海元富95售02  ,0,0,0,0,0,0,0,0,0,-198000,0,0,0,109000,307000,-198000,-198000
055101,台肥凱基97購01  ,0,0,0,0,0,0,0,0,0,-199000,0,0,0,1000,200000,-199000,-199000
055755,禾伸堂兆豐97購02,0,0,0,0,0,0,0,0,0,-199000,0,0,0,26000,225000,-199000,-199000
049561,道瓊銀統一96購01,0,0,0,0,0,0,0,0,0,-199000,0,0,0,0,199000,-199000,-199000
045899,臻鼎元大92購03  ,0,0,0,0,0,0,0,0,0,-199000,0,0,0,50000,249000,-199000,-199000
045663,元油2X元富94購01,0,0,0,0,0,0,0,0,0,-199000,0,0,0,504000,703000,-199000,-199000
049290,元油2X群益94購02,0,0,0,0,0,0,0,0,0,-199000,0,0,0,0,199000,-199000,-199000
052484,矽創群益95購02  ,0,0,0,0,0,0,0,0,0,-199000,0,0,0,0,199000,-199000,-199000
2511,太子            ,102000,312000,-210000,0,0,0,0,0,0,11000,11000,0,11000,0,0,0,-199000
056316,訊芯元大98購03  ,0,0,0,0,0,0,0,0,0,-200000,0,0,0,11000,211000,-200000,-200000
03839P,華通統一93售02  ,0,0,0,0,0,0,0,0,0,-200000,0,0,0,0,200000,-200000,-200000
049598,超眾元大95購03  ,0,0,0,0,0,0,0,0,0,-200000,0,0,0,20000,220000,-200000,-200000
049503,矽創元大94購01  ,0,0,0,0,0,0,0,0,0,-200000,0,0,0,10000,210000,-200000,-200000
049770,康控元富95購01  ,0,0,0,0,0,0,0,0,0,-200000,0,0,0,10000,210000,-200000,-200000
047636,台達電元大93購03,0,0,0,0,0,0,0,0,0,-200000,0,0,0,10000,210000,-200000,-200000
047550,聯發科凱基93購13,0,0,0,0,0,0,0,0,0,-200000,0,0,0,0,200000,-200000,-200000
050898,智原元大96購01  ,0,0,0,0,0,0,0,0,0,-200000,0,0,0,0,200000,-200000,-200000
051162,楠梓電元大95購01,0,0,0,0,0,0,0,0,0,-200000,0,0,0,0,200000,-200000,-200000
050957,T50反1台新05購01,0,0,0,0,0,0,0,0,0,-200000,0,0,0,0,200000,-200000,-200000
051325,台光電台新96購01,0,0,0,0,0,0,0,0,0,-200000,0,0,0,10000,210000,-200000,-200000
052012,聯發科台新95購02,0,0,0,0,0,0,0,0,0,-200000,0,0,0,0,200000,-200000,-200000
053353,玉晶光兆豐97購03,0,0,0,0,0,0,0,0,0,-200000,0,0,0,8000,208000,-200000,-200000
053974,大立光元大96購10,0,0,0,0,0,0,0,0,0,-200000,0,0,0,1000,201000,-200000,-200000
06257P,臺股指群益97售10,0,0,0,0,0,0,0,0,0,-200000,0,0,0,0,200000,-200000,-200000
06206P,台積電凱基97售11,0,0,0,0,0,0,0,0,0,-200000,0,0,0,63000,263000,-200000,-200000
054963,牧德元大97購02  ,0,0,0,0,0,0,0,0,0,-201000,0,0,0,225000,426000,-201000,-201000
054308,嘉晶凱基98購01  ,0,0,0,0,0,0,0,0,0,-201000,0,0,0,119000,320000,-201000,-201000
047952,華通永豐93購03  ,0,0,0,0,0,0,0,0,0,-201000,0,0,0,0,201000,-201000,-201000
052755,滬深2X群益9A購01,0,0,0,0,0,0,0,0,0,-201000,0,0,0,2000,203000,-201000,-201000
052931,麗豐元大97購01  ,0,0,0,0,0,0,0,0,0,-201000,0,0,0,0,201000,-201000,-201000
054298,台表科元大97購03,0,0,0,0,0,0,0,0,0,-202000,0,0,0,61000,263000,-202000,-202000
054392,華通永豐96購05  ,0,0,0,0,0,0,0,0,0,-202000,0,0,0,1000,203000,-202000,-202000
048902,昇陽半國泰96購01,0,0,0,0,0,0,0,0,0,-202000,0,0,0,72000,274000,-202000,-202000
048807,崇越中信94購01  ,0,0,0,0,0,0,0,0,0,-202000,0,0,0,0,202000,-202000,-202000
050203,美律群益94購04  ,0,0,0,0,0,0,0,0,0,-202000,0,0,0,25000,227000,-202000,-202000
054693,神基永豐97購01  ,0,0,0,0,0,0,0,0,0,-203000,0,0,0,281000,484000,-203000,-203000
056306,晶相光元大98購01,0,0,0,0,0,0,0,0,0,-203000,0,0,0,63000,266000,-203000,-203000
055731,美律元富97購01  ,0,0,0,0,0,0,0,0,0,-203000,0,0,0,30000,233000,-203000,-203000
04103P,臺股指國票93售10,0,0,0,0,0,0,0,0,0,-203000,0,0,0,17000,220000,-203000,-203000
051368,國泰金富邦97購01,0,0,0,0,0,0,0,0,0,-203000,0,0,0,23000,226000,-203000,-203000
049264,奇鋐元大95購01  ,0,0,0,0,0,0,0,0,0,-203000,0,0,0,0,203000,-203000,-203000
052079,康友元富98購01  ,0,0,0,0,0,0,0,0,0,-203000,0,0,0,154000,357000,-203000,-203000
052989,麗豐元大98購01  ,0,0,0,0,0,0,0,0,0,-203000,0,0,0,45000,248000,-203000,-203000
05742P,可成元大96售04  ,0,0,0,0,0,0,0,0,0,-203000,0,0,0,67000,270000,-203000,-203000
056344,嘉晶凱基98購02  ,0,0,0,0,0,0,0,0,0,-204000,0,0,0,0,204000,-204000,-204000
055185,晶相光統一97購01,0,0,0,0,0,0,0,0,0,-204000,0,0,0,0,204000,-204000,-204000
050717,京鼎群益96購01  ,0,0,0,0,0,0,0,0,0,-204000,0,0,0,10000,214000,-204000,-204000
053077,同欣電永豐96購01,0,0,0,0,0,0,0,0,0,-204000,0,0,0,105000,309000,-204000,-204000
053689,台光電元大96購01,0,0,0,0,0,0,0,0,0,-204000,0,0,0,84000,288000,-204000,-204000
052537,力成富邦95購01  ,0,0,0,0,0,0,0,0,0,-204000,0,0,0,5000,209000,-204000,-204000
2101,南港            ,194000,455000,-261000,0,0,0,0,0,0,57000,28000,5000,23000,71000,37000,34000,-204000
054745,智易凱基97購01  ,0,0,0,0,0,0,0,0,0,-205000,0,0,0,0,205000,-205000,-205000
054500,美律永豐96購02  ,0,0,0,0,0,0,0,0,0,-205000,0,0,0,0,205000,-205000,-205000
055485,國巨元大97購09  ,0,0,0,0,0,0,0,0,0,-205000,0,0,0,43000,248000,-205000,-205000
03772P,聯茂元大93售02  ,0,0,0,0,0,0,0,0,0,-205000,0,0,0,0,205000,-205000,-205000
047412,鴻海永昌93購05  ,0,0,0,0,0,0,0,0,0,-205000,0,0,0,30000,235000,-205000,-205000
049406,T50反1日盛97購01,0,0,0,0,0,0,0,0,0,-205000,0,0,0,0,205000,-205000,-205000
050773,京鼎元大94購02  ,0,0,0,0,0,0,0,0,0,-205000,0,0,0,67000,272000,-205000,-205000
053200,華邦電日盛96購01,0,0,0,0,0,0,0,0,0,-205000,0,0,0,0,205000,-205000,-205000
053141,景碩永豐96購02  ,0,0,0,0,0,0,0,0,0,-205000,0,0,0,0,205000,-205000,-205000
053756,亞光元富96購02  ,0,0,0,0,0,0,0,0,0,-206000,0,0,0,0,206000,-206000,-206000
053888,和大群益97購01  ,0,0,0,0,0,0,0,0,0,-206000,0,0,0,24000,230000,-206000,-206000
055972,GIS元大97購04   ,0,0,0,0,0,0,0,0,0,-207000,0,0,0,1000,208000,-207000,-207000
056211,南港國票98購01  ,0,0,0,0,0,0,0,0,0,-207000,0,0,0,29000,236000,-207000,-207000
056594,台積電元富98購03,0,0,0,0,0,0,0,0,0,-207000,0,0,0,466000,673000,-207000,-207000
00757,統一FANG+       ,0,0,0,0,0,0,0,0,0,-207000,0,0,0,202000,409000,-207000,-207000
05079P,可成永豐95售01  ,0,0,0,0,0,0,0,0,0,-207000,0,0,0,3000,210000,-207000,-207000
053861,台光電元大98購01,0,0,0,0,0,0,0,0,0,-207000,0,0,0,34000,241000,-207000,-207000
053642,瀚宇博永豐96購01,0,0,0,0,0,0,0,0,0,-207000,0,0,0,110000,317000,-207000,-207000
052764,景碩群益98購01  ,0,0,0,0,0,0,0,0,0,-207000,0,0,0,95000,302000,-207000,-207000
06136P,華新科國泰99售02,0,0,0,0,0,0,0,0,0,-207000,0,0,0,475000,682000,-207000,-207000
056546,致伸凱基98購01  ,0,0,0,0,0,0,0,0,0,-208000,0,0,0,34000,242000,-208000,-208000
055333,晶豪科兆豐97購01,0,0,0,0,0,0,0,0,0,-208000,0,0,0,0,208000,-208000,-208000
03351P,台積電麥證02售07,0,0,0,0,0,0,0,0,0,-208000,0,0,0,7000,215000,-208000,-208000
047576,技嘉群益94購01  ,0,0,0,0,0,0,0,0,0,-208000,0,0,0,149000,357000,-208000,-208000
048768,景碩凱基94購02  ,0,0,0,0,0,0,0,0,0,-208000,0,0,0,41000,249000,-208000,-208000
051958,貿聯台新95購01  ,0,0,0,0,0,0,0,0,0,-208000,0,0,0,0,208000,-208000,-208000
054342,亞光元富99購01  ,0,0,0,0,0,0,0,0,0,-209000,0,0,0,5000,214000,-209000,-209000
041824,元油2X國票96購01,0,0,0,0,0,0,0,0,0,-209000,0,0,0,0,209000,-209000,-209000
052903,致茂國票97購01  ,0,0,0,0,0,0,0,0,0,-209000,0,0,0,71000,280000,-209000,-209000
053854,聯茂國泰97購02  ,0,0,0,0,0,0,0,0,0,-209000,0,0,0,32000,241000,-209000,-209000
055403,泰鼎元富97購01  ,0,0,0,0,0,0,0,0,0,-210000,0,0,0,208000,418000,-210000,-210000
056106,晶相光永豐97購02,0,0,0,0,0,0,0,0,0,-210000,0,0,0,0,210000,-210000,-210000
055738,玉山金元富97購01,0,0,0,0,0,0,0,0,0,-210000,0,0,0,20000,230000,-210000,-210000
055453,華邦電元富97購01,0,0,0,0,0,0,0,0,0,-210000,0,0,0,0,210000,-210000,-210000
055608,華邦電康和97購01,0,0,0,0,0,0,0,0,0,-210000,0,0,0,0,210000,-210000,-210000
048810,玉晶光第一94購01,0,0,0,0,0,0,0,0,0,-210000,0,0,0,0,210000,-210000,-210000
048484,大立光國泰95購02,0,0,0,0,0,0,0,0,0,-210000,0,0,0,32000,242000,-210000,-210000
04862P,台積電元大94售26,0,0,0,0,0,0,0,0,0,-210000,0,0,0,0,210000,-210000,-210000
052965,廣宇群益97購01  ,0,0,0,0,0,0,0,0,0,-210000,0,0,0,0,210000,-210000,-210000
056950,亞光統一99購01  ,0,0,0,0,0,0,0,0,0,-210000,0,0,0,10000,220000,-210000,-210000
056670,樺漢國票99購01  ,0,0,0,0,0,0,0,0,0,-210000,0,0,0,32000,242000,-210000,-210000
3023,信邦            ,95000,242000,-147000,0,0,0,0,1000,-1000,-62000,32000,84000,-52000,5000,15000,-10000,-210000
055500,京鼎元大97購04  ,0,0,0,0,0,0,0,0,0,-211000,0,0,0,0,211000,-211000,-211000
055183,聯鈞統一97購01  ,0,0,0,0,0,0,0,0,0,-211000,0,0,0,49000,260000,-211000,-211000
054517,高鐵元大96購01  ,0,0,0,0,0,0,0,0,0,-211000,0,0,0,4000,215000,-211000,-211000
053246,聯詠國票97購02  ,0,30000,-30000,0,0,0,0,0,0,-181000,0,0,0,81000,262000,-181000,-211000
05411P,台積電國票96售08,0,0,0,0,0,0,0,0,0,-211000,0,0,0,35000,246000,-211000,-211000
052000,鈺齊元大95購03  ,0,0,0,0,0,0,0,0,0,-211000,0,0,0,142000,353000,-211000,-211000
056842,全新元富98購01  ,0,0,0,0,0,0,0,0,0,-211000,0,0,0,0,211000,-211000,-211000
06123P,玉晶光元大97售04,0,0,0,0,0,0,0,0,0,-211000,0,0,0,90000,301000,-211000,-211000
054237,茂林群益97購01  ,0,0,0,0,0,0,0,0,0,-212000,0,0,0,260000,472000,-212000,-212000
052832,益航群益96購01  ,0,0,0,0,0,0,0,0,0,-212000,0,0,0,141000,353000,-212000,-212000
053912,T50反1國票97購02,0,0,0,0,0,0,0,0,0,-212000,0,0,0,23000,235000,-212000,-212000
055249,大毅統一99購01  ,0,0,0,0,0,0,0,0,0,-213000,0,0,0,104000,317000,-213000,-213000
00651R,FH香港反1       ,4000,0,4000,0,0,0,0,0,0,-217000,0,0,0,178000,395000,-217000,-213000
053876,可成永昌98購01  ,0,0,0,0,0,0,0,0,0,-213000,0,0,0,291000,504000,-213000,-213000
05311P,臺股指群益95售10,0,0,0,0,0,0,0,0,0,-213000,0,0,0,10000,223000,-213000,-213000
055418,華通永豐97購01  ,0,0,0,0,0,0,0,0,0,-214000,0,0,0,40000,254000,-214000,-214000
055821,勤誠國票98購01  ,0,0,0,0,0,0,0,0,0,-214000,0,0,0,126000,340000,-214000,-214000
046370,全新麥證93購01  ,0,0,0,0,214000,-214000,0,0,0,-214000,0,0,0,0,214000,-214000,-214000
049961,GIS統一94購01   ,0,0,0,0,0,0,0,0,0,-214000,0,0,0,6000,220000,-214000,-214000
05839P,臺股指富邦96售06,0,0,0,0,0,0,0,0,0,-214000,0,0,0,63000,277000,-214000,-214000
1522,堤維西          ,70000,284000,-214000,0,0,0,0,0,0,0,0,0,0,0,0,0,-214000
054503,京鼎永豐96購04  ,0,0,0,0,0,0,0,0,0,-215000,0,0,0,2000,217000,-215000,-215000
047032,台虹元大93購01  ,0,0,0,0,0,0,0,0,0,-215000,0,0,0,18000,233000,-215000,-215000
044864,道瓊反國票96購01,0,0,0,0,0,0,0,0,0,-215000,0,0,0,0,215000,-215000,-215000
048797,美律國泰95購02  ,0,0,0,0,0,0,0,0,0,-215000,0,0,0,117000,332000,-215000,-215000
053262,華邦電群益96購02,0,0,0,0,0,0,0,0,0,-215000,0,0,0,12000,227000,-215000,-215000
05732P,臺股指統一96售02,0,0,0,0,0,0,0,0,0,-215000,0,0,0,0,215000,-215000,-215000
048842,矽格凱基94購01  ,0,0,0,0,0,0,0,0,0,-216000,0,0,0,10000,226000,-216000,-216000
048052,力成中信93購01  ,0,0,0,0,0,0,0,0,0,-216000,0,0,0,1000,217000,-216000,-216000
050870,旭富永豐95購01  ,0,0,0,0,0,0,0,0,0,-216000,0,0,0,149000,365000,-216000,-216000
051267,美律富邦96購01  ,0,0,0,0,0,0,0,0,0,-216000,0,0,0,45000,261000,-216000,-216000
053131,華通國票97購03  ,0,0,0,0,0,0,0,0,0,-216000,0,0,0,104000,320000,-216000,-216000
051910,大立光元大97購01,0,0,0,0,0,0,0,0,0,-216000,0,0,0,0,216000,-216000,-216000
052179,康友元大95購03  ,0,0,0,0,0,0,0,0,0,-216000,0,0,0,227000,443000,-216000,-216000
2359,所羅門          ,34000,250000,-216000,0,0,0,0,0,0,0,1000,1000,0,0,0,0,-216000
044784,華邦電中信96購01,0,0,0,0,0,0,0,0,0,-217000,0,0,0,5000,222000,-217000,-217000
04019P,聯茂永豐93售01  ,0,0,0,0,0,0,0,0,0,-217000,0,0,0,82000,299000,-217000,-217000
046011,欣興元富95購01  ,0,0,0,0,0,0,0,0,0,-217000,0,0,0,279000,496000,-217000,-217000
049652,GIS凱基94購05   ,0,0,0,0,0,0,0,0,0,-217000,0,0,0,10000,227000,-217000,-217000
055997,矽創國泰99購01  ,0,0,0,0,0,0,0,0,0,-218000,0,0,0,71000,289000,-218000,-218000
049625,智易群益95購01  ,0,0,0,0,0,0,0,0,0,-218000,0,0,0,50000,268000,-218000,-218000
8028,昇陽半導體      ,190000,374000,-184000,0,0,0,0,0,0,-34000,1000,23000,-22000,20000,32000,-12000,-218000
054504,聯鈞永豐96購01  ,0,0,0,0,0,0,0,0,0,-219000,0,0,0,103000,322000,-219000,-219000
048114,景碩群益93購02  ,0,0,0,0,0,0,0,0,0,-219000,0,0,0,91000,310000,-219000,-219000
06151P,華新科元大97售07,0,0,0,0,0,0,0,0,0,-219000,0,0,0,31000,250000,-219000,-219000
06043P,創意永豐96售06  ,0,0,0,0,0,0,0,0,0,-219000,0,0,0,1000,220000,-219000,-219000
056198,台光電永豐97購02,0,0,0,0,0,0,0,0,0,-220000,0,0,0,124000,344000,-220000,-220000
051895,聯茂元富95購02  ,0,0,0,0,0,0,0,0,0,-220000,0,0,0,10000,230000,-220000,-220000
05364P,臺股指富邦95售04,0,0,0,0,0,0,0,0,0,-220000,0,0,0,0,220000,-220000,-220000
1514,亞力            ,203000,423000,-220000,0,0,0,0,0,0,0,0,0,0,0,0,0,-220000
055655,群創元富99購07  ,0,0,0,0,0,0,0,0,0,-221000,0,0,0,94000,315000,-221000,-221000
054274,智易中信96購02  ,0,0,0,0,0,0,0,0,0,-221000,0,0,0,0,221000,-221000,-221000
050677,光寶科統一94購01,0,0,0,0,0,0,0,0,0,-221000,0,0,0,0,221000,-221000,-221000
051058,景碩群益96購01  ,0,0,0,0,0,0,0,0,0,-221000,0,0,0,100000,321000,-221000,-221000
051678,鈺齊元大95購02  ,0,0,0,0,0,0,0,0,0,-221000,0,0,0,1000,222000,-221000,-221000
051609,貿聯群益95購03  ,0,0,0,0,0,0,0,0,0,-221000,0,0,0,0,221000,-221000,-221000
052435,滬深2X富邦96購05,0,0,0,0,0,0,0,0,0,-221000,0,0,0,0,221000,-221000,-221000
3030,德律            ,183000,411000,-228000,0,0,0,0,0,0,7000,7000,0,7000,0,0,0,-221000
049517,台光電國票94購02,0,0,0,0,0,0,0,0,0,-222000,0,0,0,3000,225000,-222000,-222000
050223,聯茂元富94購02  ,0,0,0,0,0,0,0,0,0,-222000,0,0,0,0,222000,-222000,-222000
047118,欣興元大93購06  ,0,0,0,0,0,0,0,0,0,-223000,0,0,0,0,223000,-223000,-223000
051779,大立光群益95購02,0,0,0,0,0,0,0,0,0,-223000,0,0,0,5000,228000,-223000,-223000
056966,嘉晶永豐98購01  ,0,0,0,0,0,0,0,0,0,-223000,0,0,0,14000,237000,-223000,-223000
054708,華通統一97購02  ,0,0,0,0,0,0,0,0,0,-224000,0,0,0,0,224000,-224000,-224000
054338,全新統一96購01  ,0,0,0,0,0,0,0,0,0,-225000,0,0,0,486000,711000,-225000,-225000
054324,美律台新97購01  ,0,0,0,0,0,0,0,0,0,-225000,0,0,0,115000,340000,-225000,-225000
054493,同欣電台新96購01,0,0,0,0,0,0,0,0,0,-225000,0,0,0,243000,468000,-225000,-225000
047719,聯茂凱基94購01  ,0,0,0,0,0,0,0,0,0,-225000,0,0,0,0,225000,-225000,-225000
05359P,嘉澤元大95售02  ,0,0,0,0,0,0,0,0,0,-225000,0,0,0,0,225000,-225000,-225000
054049,亞光元大96購03  ,0,0,0,0,0,0,0,0,0,-225000,0,0,0,58000,283000,-225000,-225000
055259,玉晶光統一9A購01,0,0,0,0,0,0,0,0,0,-226000,0,0,0,203000,429000,-226000,-226000
03415B,臺股指元大93熊49,0,0,0,0,0,0,0,0,0,-226000,0,0,0,24000,250000,-226000,-226000
4426,利勤            ,110000,336000,-226000,0,0,0,0,0,0,0,0,0,0,0,0,0,-226000
055182,京鼎統一98購01  ,0,0,0,0,0,0,0,0,0,-227000,0,0,0,29000,256000,-227000,-227000
048381,T50反1國票94購03,0,0,0,0,0,0,0,0,0,-227000,0,0,0,0,227000,-227000,-227000
049916,台光電元大94購06,0,0,0,0,0,0,0,0,0,-227000,0,0,0,30000,257000,-227000,-227000
050113,欣興元大95購05  ,0,0,0,0,0,0,0,0,0,-227000,0,0,0,0,227000,-227000,-227000
051774,聯茂中信96購01  ,0,0,0,0,0,0,0,0,0,-228000,0,0,0,200000,428000,-228000,-228000
052456,滬深2X元富9B購03,0,0,0,0,0,0,0,0,0,-228000,0,0,0,21000,249000,-228000,-228000
055740,智易元富97購01  ,0,0,0,0,0,0,0,0,0,-229000,0,0,0,0,229000,-229000,-229000
00646,元大S&P500      ,2000,119000,-117000,0,0,0,0,0,0,-112000,0,0,0,0,112000,-112000,-229000
051291,聯詠統一95購01  ,0,0,0,0,0,0,0,0,0,-229000,0,0,0,260000,489000,-229000,-229000
051500,聯茂群益95購01  ,0,0,0,0,0,0,0,0,0,-229000,0,0,0,40000,269000,-229000,-229000
054119,燿華永豐96購05  ,0,0,0,0,0,0,0,0,0,-229000,0,0,0,0,229000,-229000,-229000
053205,台光電麥證96購01,0,0,0,126000,382000,-256000,0,0,0,-229000,0,0,0,156000,385000,-229000,-229000
6153,嘉聯益          ,873000,1064000,-191000,0,0,0,0,0,0,-38000,72000,54000,18000,136000,192000,-56000,-229000
056139,貿聯元大97購04  ,0,0,0,0,0,0,0,0,0,-230000,0,0,0,155000,385000,-230000,-230000
047077,日月光兆豐93購01,0,0,0,0,0,0,0,0,0,-230000,0,0,0,0,230000,-230000,-230000
047678,景碩台新93購01  ,0,0,0,0,0,0,0,0,0,-230000,0,0,0,40000,270000,-230000,-230000
053424,欣興永豐96購02  ,0,0,0,0,0,0,0,0,0,-230000,0,0,0,147000,377000,-230000,-230000
047003,鴻海統一93購05  ,0,0,0,0,0,0,0,0,0,-231000,0,0,0,228000,459000,-231000,-231000
053935,華通元富96購02  ,0,0,0,0,0,0,0,0,0,-231000,0,0,0,103000,334000,-231000,-231000
056612,台積電永豐98購01,0,0,0,0,0,0,0,0,0,-231000,0,0,0,377000,608000,-231000,-231000
056766,義隆元大98購01  ,0,0,0,0,0,0,0,0,0,-231000,0,0,0,180000,411000,-231000,-231000
055800,欣興永豐97購02  ,0,0,0,0,0,0,0,0,0,-232000,0,0,0,33000,265000,-232000,-232000
047187,亞光元大94購01  ,0,0,0,0,0,0,0,0,0,-232000,0,0,0,146000,378000,-232000,-232000
05261P,鴻海元大95售20  ,0,0,0,0,0,0,0,0,0,-232000,0,0,0,416000,648000,-232000,-232000
055163,訊芯元大98購01  ,0,0,0,0,0,0,0,0,0,-233000,0,0,0,177000,410000,-233000,-233000
048878,康控國票95購02  ,0,0,0,0,0,0,0,0,0,-233000,0,0,0,27000,260000,-233000,-233000
053755,亞光元富96購01  ,0,0,0,0,0,0,0,0,0,-233000,0,0,0,52000,285000,-233000,-233000
3711,日月光投控      ,6250944,6649231,-398287,0,0,0,356000,229000,127000,38000,224000,173000,51000,244000,257000,-13000,-233287
055314,華邦電中信99購01,0,0,0,0,0,0,0,0,0,-234000,0,0,0,86000,320000,-234000,-234000
056175,可成元富97購03  ,0,0,0,0,0,0,0,0,0,-234000,0,0,0,10000,244000,-234000,-234000
049703,訊芯元大95購01  ,0,0,0,0,0,0,0,0,0,-234000,0,0,0,23000,257000,-234000,-234000
053595,創意元大96購02  ,0,0,0,0,0,0,0,0,0,-234000,0,0,0,84000,318000,-234000,-234000
00710B,FH彭博高收益債  ,0,0,0,0,0,0,0,0,0,-235000,0,0,0,26000,261000,-235000,-235000
03643C,臺股指元富99牛04,0,0,0,0,0,0,0,0,0,-235000,0,0,0,40000,275000,-235000,-235000
043652,微星國泰93購01  ,0,0,0,0,0,0,0,0,0,-235000,0,0,0,15000,250000,-235000,-235000
051127,同欣電群益95購01,0,0,0,0,0,0,0,0,0,-235000,0,0,0,122000,357000,-235000,-235000
050766,燿華元大96購02  ,0,0,0,0,0,0,0,0,0,-235000,0,0,0,0,235000,-235000,-235000
045088,康控元大94購02  ,0,0,0,0,0,0,0,0,0,-236000,0,0,0,20000,256000,-236000,-236000
051187,晶相光永豐95購01,0,0,0,0,0,0,0,0,0,-236000,0,0,0,10000,246000,-236000,-236000
053799,矽創中信9A購01  ,0,0,0,0,0,0,0,0,0,-236000,0,0,0,134000,370000,-236000,-236000
053893,京鼎群益97購02  ,0,0,0,0,0,0,0,0,0,-236000,0,0,0,0,236000,-236000,-236000
052428,嘉晶永豐95購01  ,0,0,0,0,0,0,0,0,0,-236000,0,0,0,0,236000,-236000,-236000
9921,巨大            ,185000,435680,-250680,0,0,0,0,0,0,14000,14000,0,14000,0,0,0,-236680
048483,可成國泰95購01  ,0,0,0,0,0,0,0,0,0,-237000,0,0,0,44000,281000,-237000,-237000
048475,台郡永豐93購02  ,0,0,0,0,0,0,0,0,0,-238000,0,0,0,117000,355000,-238000,-238000
03945P,欣興群益94售01  ,0,0,0,0,0,0,0,0,0,-239000,0,0,0,62000,301000,-239000,-239000
052928,美律元大98購01  ,0,0,0,0,0,0,0,0,0,-239000,0,0,0,13000,252000,-239000,-239000
055130,京鼎康和97購01  ,0,0,0,0,0,0,0,0,0,-240000,0,0,0,0,240000,-240000,-240000
05444P,大立光元大95售10,0,0,0,0,0,0,0,0,0,-240000,0,0,0,0,240000,-240000,-240000
054675,美律台新98購01  ,0,0,0,0,0,0,0,0,0,-240000,0,0,0,0,240000,-240000,-240000
045572,元油2X元大98購01,0,0,0,0,0,0,0,0,0,-240000,0,0,0,220000,460000,-240000,-240000
04313P,國巨元富95售03  ,0,0,0,0,0,0,0,0,0,-240000,0,0,0,0,240000,-240000,-240000
049389,元石油中信97購02,0,0,0,0,0,0,0,0,0,-240000,0,0,0,16000,256000,-240000,-240000
04639P,臺股指群益94售14,0,0,0,0,0,0,0,0,0,-240000,0,0,0,28000,268000,-240000,-240000
052093,麗豐元大96購04  ,0,0,0,0,0,0,0,0,0,-240000,0,0,0,10000,250000,-240000,-240000
054082,楠梓電元富96購01,0,0,0,0,0,0,0,0,0,-240000,0,0,0,42000,282000,-240000,-240000
054456,華泰群益99購01  ,0,0,0,0,0,0,0,0,0,-241000,0,0,0,92000,333000,-241000,-241000
051260,鴻海永昌96購04  ,0,0,0,0,0,0,0,0,0,-241000,0,0,0,0,241000,-241000,-241000
05303P,華通國泰97售01  ,0,0,0,0,0,0,0,0,0,-241000,0,0,0,0,241000,-241000,-241000
051667,光磊元大96購02  ,0,0,0,0,0,0,0,0,0,-241000,0,0,0,920000,1161000,-241000,-241000
06069P,台積電永豐97售01,0,0,0,0,0,0,0,0,0,-241000,0,0,0,0,241000,-241000,-241000
049688,台光電元大94購04,0,0,0,0,0,0,0,0,0,-242000,0,0,0,51000,293000,-242000,-242000
046869,聯發科統一95購01,0,0,0,0,0,0,0,0,0,-242000,0,0,0,108000,350000,-242000,-242000
057063,立積國泰9A購01  ,0,0,0,0,0,0,0,0,0,-243000,0,0,0,0,243000,-243000,-243000
054452,華通亞東96購01  ,0,0,0,0,0,0,0,0,0,-244000,0,0,0,2000,246000,-244000,-244000
056202,國揚永豐97購01  ,0,0,0,0,0,0,0,0,0,-244000,0,0,0,0,244000,-244000,-244000
055700,緯穎國泰98購02  ,0,0,0,0,0,0,0,0,0,-244000,0,0,0,45000,289000,-244000,-244000
055458,燿華永豐98購01  ,0,0,0,0,0,0,0,0,0,-244000,0,0,0,0,244000,-244000,-244000
051003,中環中信97購01  ,0,0,0,0,0,0,0,0,0,-244000,0,0,0,30000,274000,-244000,-244000
04806P,臻鼎元富94售06  ,0,0,0,0,0,0,0,0,0,-244000,0,0,0,10000,254000,-244000,-244000
050390,聯發科統一94購09,0,0,0,0,0,0,0,0,0,-244000,0,0,0,185000,429000,-244000,-244000
2049,上銀            ,492000,782383,-290383,0,0,0,0,10000,-10000,56000,56000,6000,50000,60000,54000,6000,-244383
056328,訊芯兆豐98購01  ,0,0,0,0,0,0,0,0,0,-245000,0,0,0,362000,607000,-245000,-245000
04695P,正崴康和94售01  ,0,0,0,0,0,0,0,0,0,-245000,0,0,0,0,245000,-245000,-245000
047514,亞光國票94購01  ,0,0,0,0,0,0,0,0,0,-245000,0,0,0,10000,255000,-245000,-245000
051718,上証2X永豐95購01,0,0,0,0,0,0,0,0,0,-245000,0,0,0,0,245000,-245000,-245000
053308,智易凱基96購02  ,0,0,0,0,0,0,0,0,0,-245000,0,0,0,0,245000,-245000,-245000
054052,日月光元大96購06,0,0,0,0,0,0,0,0,0,-245000,0,0,0,12000,257000,-245000,-245000
053695,智易元大97購02  ,0,0,0,0,0,0,0,0,0,-245000,0,0,0,0,245000,-245000,-245000
04953P,台積電群益94售13,0,0,0,0,0,0,0,0,0,-246000,0,0,0,0,246000,-246000,-246000
054671,國巨國泰98購01  ,0,0,0,0,0,0,0,0,0,-247000,0,0,0,403000,650000,-247000,-247000
055266,京鼎永豐97購01  ,0,0,0,0,0,0,0,0,0,-247000,0,0,0,0,247000,-247000,-247000
040215,上証反凱基95購01,0,0,0,0,0,0,0,0,0,-247000,0,0,0,34000,281000,-247000,-247000
049427,瑞昱兆豐94購01  ,0,0,0,0,0,0,0,0,0,-247000,0,0,0,0,247000,-247000,-247000
06139P,台積電中信99售02,0,0,0,0,0,0,0,0,0,-247000,0,0,0,10000,257000,-247000,-247000
1464,得力            ,23000,272000,-249000,0,0,0,0,0,0,1000,1000,0,1000,0,0,0,-248000
055001,京鼎元富97購01  ,0,0,0,0,0,0,0,0,0,-249000,0,0,0,0,249000,-249000,-249000
056419,欣興元富98購02  ,0,0,0,0,0,0,0,0,0,-249000,0,0,0,111000,360000,-249000,-249000
045891,健鼎元大92購01  ,0,0,0,0,0,0,0,0,0,-249000,0,0,0,235000,484000,-249000,-249000
046233,臻鼎元大92購08  ,0,0,0,0,0,0,0,0,0,-249000,0,0,0,0,249000,-249000,-249000
049122,元油2X元富94購07,0,0,0,0,0,0,0,0,0,-249000,0,0,0,0,249000,-249000,-249000
050304,台光電中信94購01,0,0,0,0,0,0,0,0,0,-249000,0,0,0,626000,875000,-249000,-249000
053522,臺股指群益99購01,0,0,0,0,0,0,0,0,0,-249000,0,0,0,59000,308000,-249000,-249000
053517,崇越群益97購01  ,0,0,0,0,0,0,0,0,0,-249000,0,0,0,98000,347000,-249000,-249000
054812,鴻海元大97購08  ,0,0,0,0,0,0,0,0,0,-250000,0,0,0,631000,881000,-250000,-250000
05446P,緯穎元大95售04  ,0,0,0,0,0,0,0,0,0,-250000,0,0,0,0,250000,-250000,-250000
047904,臺指反元大96購01,0,0,0,0,0,0,0,0,0,-250000,0,0,0,0,250000,-250000,-250000
04770P,鴻海元大94售09  ,0,0,0,0,0,0,0,0,0,-250000,0,0,0,50000,300000,-250000,-250000
03242P,聯電統一02售04  ,0,0,0,0,0,0,0,0,0,-250000,0,0,0,0,250000,-250000,-250000
040578,SP黃豆元富95購03,0,0,0,0,0,0,0,0,0,-250000,0,0,0,150000,400000,-250000,-250000
052935,康友元大96購03  ,0,0,0,0,0,0,0,0,0,-250000,0,0,0,124000,374000,-250000,-250000
051986,燿華元大96購04  ,0,0,0,0,0,0,0,0,0,-250000,0,0,0,0,250000,-250000,-250000
06334P,臺股指群益9C售03,0,0,0,0,0,0,0,0,0,-250000,0,0,0,30000,280000,-250000,-250000
055669,緯穎群益97購02  ,0,0,0,0,0,0,0,0,0,-251000,0,0,0,86000,337000,-251000,-251000
051339,智易永豐95購02  ,0,0,0,0,0,0,0,0,0,-251000,0,0,0,32000,283000,-251000,-251000
051540,力成國票95購01  ,0,0,0,0,0,0,0,0,0,-251000,0,0,0,0,251000,-251000,-251000
04888P,臺股指凱基95售03,0,0,0,0,0,0,0,0,0,-251000,0,0,0,194000,445000,-251000,-251000
053886,亞光兆豐96購01  ,0,0,0,0,0,0,0,0,0,-251000,0,0,0,66000,317000,-251000,-251000
050686,欣興兆豐96購01  ,0,0,0,0,0,0,0,0,0,-252000,0,0,0,40000,292000,-252000,-252000
053228,康友台新97購01  ,0,0,0,0,0,0,0,0,0,-253000,0,0,0,234000,487000,-253000,-253000
055966,茂林元大99購01  ,0,0,0,0,0,0,0,0,0,-254000,0,0,0,344000,598000,-254000,-254000
054811,裕隆元大9A購01  ,0,0,0,0,0,0,0,0,0,-254000,0,0,0,44000,298000,-254000,-254000
055093,京鼎群益98購01  ,0,0,0,0,0,0,0,0,0,-254000,0,0,0,0,254000,-254000,-254000
053203,智易日盛96購01  ,0,0,0,0,0,0,0,0,0,-254000,0,0,0,0,254000,-254000,-254000
047379,元油2X元大96購03,0,0,0,0,0,0,0,0,0,-255000,0,0,0,0,255000,-255000,-255000
050614,聯發科元大95購04,0,0,0,0,0,0,0,0,0,-255000,0,0,0,300000,555000,-255000,-255000
052281,全新凱基97購01  ,0,0,0,0,0,0,0,0,0,-255000,0,0,0,21000,276000,-255000,-255000
056883,美食康和98購01  ,0,0,0,0,0,0,0,0,0,-255000,0,0,0,118000,373000,-255000,-255000
055771,台積電日盛97購04,0,0,0,0,0,0,0,0,0,-256000,0,0,0,369000,625000,-256000,-256000
056480,京鼎元大98購02  ,0,0,0,0,0,0,0,0,0,-256000,0,0,0,4000,260000,-256000,-256000
056297,台光電元大97購04,0,0,0,0,0,0,0,0,0,-257000,0,0,0,187000,444000,-257000,-257000
049245,和鑫元富95購01  ,0,0,0,0,0,0,0,0,0,-257000,0,0,0,143000,400000,-257000,-257000
052814,上証2X永豐96購02,0,0,0,0,0,0,0,0,0,-257000,0,0,0,339000,596000,-257000,-257000
047629,深中小元大96購01,0,0,0,0,0,0,0,0,0,-258000,0,0,0,110000,368000,-258000,-258000
049355,元油2X富邦96購04,0,0,0,0,0,0,0,0,0,-258000,0,0,0,0,258000,-258000,-258000
056196,聯茂富邦98購02  ,0,0,0,0,0,0,0,0,0,-260000,0,0,0,259000,519000,-260000,-260000
047421,聯茂富邦97購01  ,0,0,0,0,0,0,0,0,0,-260000,0,0,0,696000,956000,-260000,-260000
03421B,臺股指元大99熊01,0,0,0,0,0,0,0,0,0,-260000,0,0,0,0,260000,-260000,-260000
050663,麗豐元大96購03  ,0,0,0,0,0,0,0,0,0,-260000,0,0,0,10000,270000,-260000,-260000
048940,晶相光永豐94購01,0,0,0,0,0,0,0,0,0,-260000,0,0,0,0,260000,-260000,-260000
050005,京鼎永豐94購01  ,0,0,0,0,0,0,0,0,0,-260000,0,0,0,44000,304000,-260000,-260000
056861,美律群益99購01  ,0,0,0,0,0,0,0,0,0,-260000,0,0,0,55000,315000,-260000,-260000
056616,台光電永豐98購01,0,0,0,0,0,0,0,0,0,-260000,0,0,0,319000,579000,-260000,-260000
056495,泰鼎國泰99購01  ,0,0,0,0,0,0,0,0,0,-261000,0,0,0,20000,281000,-261000,-261000
055153,台光電元大98購02,0,0,0,0,0,0,0,0,0,-261000,0,0,0,232000,493000,-261000,-261000
055392,凱美統一97購03  ,0,0,0,0,0,0,0,0,0,-261000,0,0,0,358000,619000,-261000,-261000
055388,華通統一97購03  ,0,0,0,0,0,0,0,0,0,-261000,0,0,0,106000,367000,-261000,-261000
055386,致新元大97購02  ,0,0,0,0,0,0,0,0,0,-261000,0,0,0,217000,478000,-261000,-261000
04854P,鴻海國泰96售04  ,0,0,0,0,0,0,0,0,0,-261000,0,0,0,326000,587000,-261000,-261000
048767,欣興凱基94購01  ,0,0,0,0,0,0,0,0,0,-262000,0,0,0,40000,302000,-262000,-262000
049042,玉晶光兆豐95購01,0,0,0,0,0,0,0,0,0,-262000,0,0,0,97000,359000,-262000,-262000
051084,華通元大95購06  ,0,0,0,0,0,0,0,0,0,-262000,0,0,0,200000,462000,-262000,-262000
050735,亞光台新94購01  ,0,0,0,0,0,0,0,0,0,-263000,0,0,0,10000,273000,-263000,-263000
050117,麗豐元大96購02  ,0,0,0,0,0,0,0,0,0,-263000,0,0,0,6000,269000,-263000,-263000
048829,欣興凱基94購02  ,0,0,0,0,0,0,0,0,0,-263000,0,0,0,35000,298000,-263000,-263000
051988,台光電元大95購01,0,0,0,0,0,0,0,0,0,-263000,0,0,0,163000,426000,-263000,-263000
054670,康友元富97購01  ,0,0,0,0,0,0,0,0,0,-265000,0,0,0,72000,337000,-265000,-265000
054386,鴻海統一98購03  ,0,0,0,0,0,0,0,0,0,-265000,0,0,0,163000,428000,-265000,-265000
053625,國巨兆豐96購03  ,0,0,0,0,0,0,0,0,0,-265000,0,0,0,101000,366000,-265000,-265000
054403,同欣電永豐96購02,0,0,0,0,0,0,0,0,0,-266000,0,0,0,153000,419000,-266000,-266000
054881,光罩統一97購01  ,0,0,0,0,0,0,0,0,0,-266000,0,0,0,36000,302000,-266000,-266000
055509,訊芯元大97購03  ,0,0,0,0,0,0,0,0,0,-266000,0,0,0,251000,517000,-266000,-266000
048703,康控國票95購01  ,0,0,0,0,0,0,0,0,0,-266000,0,0,0,11000,277000,-266000,-266000
048946,崇越永豐94購01  ,0,0,0,0,0,0,0,0,0,-266000,0,0,0,13000,279000,-266000,-266000
056561,台光電群益98購02,0,0,0,0,0,0,0,0,0,-267000,0,0,0,57000,324000,-267000,-267000
050327,泰鼎永豐94購03  ,0,0,0,0,0,0,0,0,0,-267000,0,0,0,36000,303000,-267000,-267000
048045,上銀永豐93購02  ,0,0,0,0,0,0,0,0,0,-267000,0,0,0,8000,275000,-267000,-267000
053537,玉晶光永豐98購02,0,0,0,0,0,0,0,0,0,-267000,0,0,0,356000,623000,-267000,-267000
051614,元金2X凱基97購01,0,0,0,0,0,0,0,0,0,-267000,0,0,0,0,267000,-267000,-267000
057058,祥碩元大98購04  ,0,0,0,0,0,0,0,0,0,-267000,0,0,0,0,267000,-267000,-267000
055993,致茂國泰99購01  ,0,0,0,0,0,0,0,0,0,-268000,0,0,0,38000,306000,-268000,-268000
050960,台光電永豐95購01,0,0,0,0,0,0,0,0,0,-268000,0,0,0,10000,278000,-268000,-268000
056609,楠梓電永豐98購02,0,0,0,0,0,0,0,0,0,-269000,0,0,0,0,269000,-269000,-269000
052668,聯發科群益97購01,0,0,0,0,0,0,0,0,0,-270000,0,0,0,216000,486000,-270000,-270000
056107,智易永豐97購02  ,0,0,0,0,0,0,0,0,0,-271000,0,0,0,49000,320000,-271000,-271000
050562,瑞昱元富94購02  ,0,0,0,0,0,0,0,0,0,-271000,0,0,0,145000,416000,-271000,-271000
053369,T50反1元大96購06,0,0,0,0,0,0,0,0,0,-272000,0,0,0,0,272000,-272000,-272000
053147,楠梓電元大98購01,0,0,0,0,0,0,0,0,0,-272000,0,0,0,0,272000,-272000,-272000
056600,聯茂元富98購01  ,0,0,0,0,0,0,0,0,0,-273000,0,0,0,415000,688000,-273000,-273000
054243,國喬元大96購01  ,0,0,0,0,0,0,0,0,0,-273000,0,0,0,20000,293000,-273000,-273000
054674,台光電台新97購01,0,0,0,0,0,0,0,0,0,-273000,0,0,0,1000,274000,-273000,-273000
047989,深中小元大96購02,0,0,0,0,0,0,0,0,0,-273000,0,0,0,80000,353000,-273000,-273000
053536,明泰永豐96購01  ,0,0,0,0,0,0,0,0,0,-273000,0,0,0,25000,298000,-273000,-273000
054154,智易國泰97購01  ,0,0,0,0,0,0,0,0,0,-273000,0,0,0,2000,275000,-273000,-273000
056503,楠梓電永豐98購01,0,0,0,0,0,0,0,0,0,-275000,0,0,0,0,275000,-275000,-275000
050268,智原元大95購03  ,0,0,0,0,0,0,0,0,0,-275000,0,0,0,10000,285000,-275000,-275000
056030,華通日盛97購01  ,0,0,0,0,0,0,0,0,0,-276000,0,0,0,123000,399000,-276000,-276000
054820,新日興元大97購01,0,0,0,0,0,0,0,0,0,-276000,0,0,0,54000,330000,-276000,-276000
043538,元石油國票97購01,0,0,0,0,0,0,0,0,0,-276000,0,0,0,0,276000,-276000,-276000
052239,泰鼎國票97購01  ,0,0,0,0,0,0,0,0,0,-276000,0,0,0,26000,302000,-276000,-276000
057188,佐登元大98購01  ,0,0,0,0,0,0,0,0,0,-276000,0,0,0,0,276000,-276000,-276000
053104,台表科元富96購02,0,0,0,0,0,0,0,0,0,-277000,0,0,0,0,277000,-277000,-277000
055063,玉晶光永豐99購01,0,0,0,0,0,0,0,0,0,-278000,0,0,0,112000,390000,-278000,-278000
04667P,臺股指國票94售06,0,0,0,0,0,0,0,0,0,-278000,0,0,0,9000,287000,-278000,-278000
053968,華邦電元大97購01,0,0,0,0,0,0,0,0,0,-278000,0,0,0,4000,282000,-278000,-278000
052018,京鼎永豐95購02  ,0,0,0,0,0,0,0,0,0,-278000,0,0,0,53000,331000,-278000,-278000
051157,華新科富邦98購01,0,0,0,0,0,0,0,0,0,-279000,0,0,0,168000,447000,-279000,-279000
056617,美律永豐98購01  ,0,0,0,0,0,0,0,0,0,-279000,0,0,0,186000,465000,-279000,-279000
055412,旺宏富邦99購01  ,0,0,0,0,0,0,0,0,0,-280000,0,0,0,6000,286000,-280000,-280000
048370,可成統一93購04  ,0,0,0,0,0,0,0,0,0,-280000,0,0,0,0,280000,-280000,-280000
052690,台表科元大97購01,0,0,0,0,0,0,0,0,0,-280000,0,0,0,32000,312000,-280000,-280000
053614,台積電群益96購08,0,0,0,0,0,0,0,0,0,-280000,0,0,0,29000,309000,-280000,-280000
056392,玉晶光富邦9C購01,0,0,0,0,0,0,0,0,0,-281000,0,0,0,10000,291000,-281000,-281000
056270,群創統一98購04  ,0,0,0,0,0,0,0,0,0,-281000,0,0,0,17000,298000,-281000,-281000
04821P,臺股指永豐94售01,0,0,0,0,0,0,0,0,0,-281000,0,0,0,40000,321000,-281000,-281000
05268P,玉晶光元大98售01,0,0,0,0,0,0,0,0,0,-281000,0,0,0,213000,494000,-281000,-281000
06338P,亞德客統一97售02,0,0,0,0,0,0,0,0,0,-281000,0,0,0,73000,354000,-281000,-281000
05613P,臻鼎台新96售01  ,0,0,0,0,0,0,0,0,0,-282000,0,0,0,0,282000,-282000,-282000
055572,鴻海統一98購04  ,0,0,0,0,0,0,0,0,0,-282000,0,0,0,295000,577000,-282000,-282000
04672P,台積電統一94售09,0,0,0,0,0,0,0,0,0,-282000,0,0,0,8000,290000,-282000,-282000
051655,欣興元富95購04  ,0,0,0,0,0,0,0,0,0,-283000,0,0,0,94000,377000,-283000,-283000
051765,健鼎元大95購03  ,0,0,0,0,0,0,0,0,0,-283000,0,0,0,1000,284000,-283000,-283000
056707,鴻海富邦99購03  ,0,0,0,0,0,0,0,0,0,-283000,0,0,0,12000,295000,-283000,-283000
04886P,臺股指凱基94售20,0,0,0,0,0,0,0,0,0,-284000,0,0,0,0,284000,-284000,-284000
048471,旭富永豐93購01  ,0,0,0,0,0,0,0,0,0,-284000,0,0,0,5000,289000,-284000,-284000
051640,GIS國票96購03   ,0,0,0,0,0,0,0,0,0,-284000,0,0,0,0,284000,-284000,-284000
056679,元油2X統一98購01,0,0,0,0,0,0,0,0,0,-284000,0,0,0,46000,330000,-284000,-284000
047571,滬深2X群益99購01,0,0,0,0,0,0,0,0,0,-285000,0,0,0,2000,287000,-285000,-285000
045993,美律富邦93購01  ,0,0,0,0,0,0,0,0,0,-286000,0,0,0,0,286000,-286000,-286000
00762,元大全球AI      ,0,0,0,0,0,0,0,0,0,-286000,0,0,0,10000,296000,-286000,-286000
055027,牧德國泰99購01  ,0,0,0,0,0,0,0,0,0,-287000,0,0,0,417000,704000,-287000,-287000
04294P,台積電元大95售01,0,0,0,0,0,0,0,0,0,-287000,0,0,0,249000,536000,-287000,-287000
048881,美律統一94購02  ,0,0,0,0,0,0,0,0,0,-287000,0,0,0,18000,305000,-287000,-287000
050451,嘉晶元大95購01  ,0,0,0,0,0,0,0,0,0,-287000,0,0,0,337000,624000,-287000,-287000
053601,台表科元大98購01,0,0,0,0,0,0,0,0,0,-287000,0,0,0,372000,659000,-287000,-287000
05652P,臻鼎群益96售01  ,0,0,0,0,0,0,0,0,0,-288000,0,0,0,45000,333000,-288000,-288000
047869,景碩永豐93購01  ,0,0,0,0,0,0,0,0,0,-288000,0,0,0,0,288000,-288000,-288000
048432,全新國票95購01  ,0,0,0,0,0,0,0,0,0,-288000,0,0,0,26000,314000,-288000,-288000
052115,T50反1國票95購03,0,0,0,0,0,0,0,0,0,-288000,0,0,0,245000,533000,-288000,-288000
054774,同欣電國票98購01,0,0,0,0,0,0,0,0,0,-289000,0,0,0,116000,405000,-289000,-289000
050415,力成永豐94購01  ,0,0,0,0,0,0,0,0,0,-289000,0,0,0,15000,304000,-289000,-289000
050409,華通永豐94購01  ,0,0,0,0,0,0,0,0,0,-289000,0,0,0,0,289000,-289000,-289000
050678,美律統一94購04  ,0,0,0,0,0,0,0,0,0,-289000,0,0,0,48000,337000,-289000,-289000
05874P,台積電群益96售10,0,0,0,0,0,0,0,0,0,-289000,0,0,0,195000,484000,-289000,-289000
051096,日月光元大95購01,0,0,0,0,0,0,0,0,0,-290000,0,0,0,0,290000,-290000,-290000
053768,S&P反1元大99購01,0,0,0,0,0,0,0,0,0,-290000,0,0,0,0,290000,-290000,-290000
054837,欣興第一97購01  ,0,0,0,0,0,0,0,0,0,-291000,0,0,0,29000,320000,-291000,-291000
047789,景碩群益93購01  ,0,0,0,0,0,0,0,0,0,-291000,0,0,0,50000,341000,-291000,-291000
050941,T50反1群益95購01,0,0,0,0,0,0,0,0,0,-291000,0,0,0,509000,800000,-291000,-291000
054665,華通元富97購02  ,0,0,0,0,0,0,0,0,0,-292000,0,0,0,22000,314000,-292000,-292000
049244,亞光元富94購01  ,0,0,0,0,0,0,0,0,0,-292000,0,0,0,0,292000,-292000,-292000
055160,玉晶光元大99購03,0,0,0,0,0,0,0,0,0,-293000,0,0,0,435000,728000,-293000,-293000
049867,日月光兆豐94購01,0,0,0,0,0,0,0,0,0,-293000,0,0,0,0,293000,-293000,-293000
048595,儒鴻國票96購01  ,0,0,0,0,0,0,0,0,0,-293000,0,0,0,133000,426000,-293000,-293000
048754,瀚宇博元富97購01,0,0,0,0,0,0,0,0,0,-294000,0,0,0,155000,449000,-294000,-294000
050525,嘉晶元大95購02  ,0,0,0,0,0,0,0,0,0,-294000,0,0,0,6000,300000,-294000,-294000
044351,台光電元大92購02,0,0,0,0,0,0,0,0,0,-295000,0,0,0,12000,307000,-295000,-295000
050460,GIS元大95購03   ,0,0,0,0,0,0,0,0,0,-295000,0,0,0,109000,404000,-295000,-295000
051501,康友群益95購02  ,0,0,0,0,0,0,0,0,0,-295000,0,0,0,25000,320000,-295000,-295000
053539,智易永豐96購01  ,0,0,0,0,0,0,0,0,0,-296000,0,0,0,0,296000,-296000,-296000
00693U,街口S&P黃豆     ,0,0,0,0,0,0,0,0,0,-297000,0,0,0,0,297000,-297000,-297000
049187,義隆台新94購01  ,0,0,0,0,0,0,0,0,0,-297000,0,0,0,0,297000,-297000,-297000
05497P,聯詠統一96售01  ,0,0,0,0,0,0,0,0,0,-298000,0,0,0,144000,442000,-298000,-298000
046328,臻鼎元大92購09  ,0,0,0,0,0,0,0,0,0,-298000,0,0,0,3000,301000,-298000,-298000
055930,可成群益98購01  ,0,0,0,0,0,0,0,0,0,-299000,0,0,0,94000,393000,-299000,-299000
055733,奇力新元富97購01,0,0,0,0,0,0,0,0,0,-299000,0,0,0,516000,815000,-299000,-299000
047983,宏達電群益93購04,0,0,0,0,0,0,0,0,0,-299000,0,0,0,0,299000,-299000,-299000
046248,技嘉群益93購02  ,0,0,0,0,0,0,0,0,0,-299000,0,0,0,98000,397000,-299000,-299000
052138,易華電凱基97購01,0,0,0,0,0,0,0,0,0,-299000,0,0,0,0,299000,-299000,-299000
05287P,鴻海元富95售09  ,0,0,0,0,0,0,0,0,0,-299000,0,0,0,50000,349000,-299000,-299000
04655P,臺股指凱基94售14,0,0,0,0,0,0,0,0,0,-300000,0,0,0,0,300000,-300000,-300000
049620,美食群益94購01  ,0,0,0,0,0,0,0,0,0,-300000,0,0,0,0,300000,-300000,-300000
050003,景碩永豐94購01  ,0,0,0,0,0,0,0,0,0,-300000,0,0,0,268000,568000,-300000,-300000
051786,A50正2國票95購02,0,0,0,0,0,0,0,0,0,-300000,0,0,0,100000,400000,-300000,-300000
053298,SP黃豆凱基99購01,0,0,0,0,0,0,0,0,0,-300000,0,0,0,0,300000,-300000,-300000
057171,台光電元大9B購01,0,0,0,0,0,0,0,0,0,-300000,0,0,0,40000,340000,-300000,-300000
049614,聯茂中信94購01  ,0,0,0,0,0,0,0,0,0,-301000,0,0,0,0,301000,-301000,-301000
056984,嘉晶群益98購01  ,0,0,0,0,0,0,0,0,0,-301000,0,0,0,0,301000,-301000,-301000
1907,永豐餘          ,225000,549000,-324000,0,0,0,0,0,0,21000,77000,56000,21000,0,0,0,-303000
05862P,大立光國泰98售01,0,0,0,0,0,0,0,0,0,-305000,0,0,0,598000,903000,-305000,-305000
054603,智易台新98購01  ,0,0,0,0,0,0,0,0,0,-308000,0,0,0,55000,363000,-308000,-308000
044463,全新兆豐93購01  ,0,0,0,0,0,0,0,0,0,-308000,0,0,0,28000,336000,-308000,-308000
054136,亞光元大96購04  ,0,0,0,0,0,0,0,0,0,-308000,0,0,0,65000,373000,-308000,-308000
2421,建準            ,330000,634000,-304000,0,0,0,0,0,0,-4000,7000,0,7000,0,11000,-11000,-308000
054905,國揚康和97購01  ,0,0,0,0,0,0,0,0,0,-309000,0,0,0,69000,378000,-309000,-309000
055140,晶相光永豐97購01,0,0,0,0,0,0,0,0,0,-309000,0,0,0,0,309000,-309000,-309000
056499,鴻海富邦98購02  ,0,0,0,0,0,0,0,0,0,-309000,0,0,0,0,309000,-309000,-309000
051697,康友中信95購02  ,0,0,0,0,0,0,0,0,0,-309000,0,0,0,449000,758000,-309000,-309000
03266P,寶成國票04售01  ,0,0,0,0,0,0,0,0,0,-310000,0,0,0,110000,420000,-310000,-310000
03557P,欣興元大02售17  ,0,0,0,0,0,0,0,0,0,-310000,0,0,0,0,310000,-310000,-310000
048157,美律兆豐93購01  ,0,0,0,0,0,0,0,0,0,-310000,0,0,0,110000,420000,-310000,-310000
056515,燿華兆豐99購01  ,0,0,0,0,0,0,0,0,0,-311000,0,0,0,20000,331000,-311000,-311000
056008,全新中信9B購01  ,0,0,0,0,0,0,0,0,0,-311000,0,0,0,126000,437000,-311000,-311000
055199,國喬群益97購01  ,0,0,0,0,0,0,0,0,0,-311000,0,0,0,11000,322000,-311000,-311000
047867,旺宏永豐93購02  ,0,0,0,0,0,0,0,0,0,-311000,0,0,0,41000,352000,-311000,-311000
050874,康控永豐95購01  ,0,0,0,0,0,0,0,0,0,-311000,0,0,0,0,311000,-311000,-311000
052527,泰鼎元大96購02  ,0,0,0,0,0,0,0,0,0,-311000,0,0,0,266000,577000,-311000,-311000
055164,矽創元大98購01  ,0,0,0,0,0,0,0,0,0,-312000,0,0,0,423000,735000,-312000,-312000
054247,華邦電元大96購04,0,0,0,0,0,0,0,0,0,-312000,0,0,0,27000,339000,-312000,-312000
056179,康友元富97購02  ,0,0,0,0,0,0,0,0,0,-313000,0,0,0,56000,369000,-313000,-313000
05096P,台積電日盛95售01,0,0,0,0,0,0,0,0,0,-314000,0,0,0,0,314000,-314000,-314000
051397,聯茂兆豐95購03  ,0,0,0,0,0,0,0,0,0,-315000,0,0,0,130000,445000,-315000,-315000
049019,美律群益94購02  ,0,0,0,0,0,0,0,0,0,-315000,0,0,0,80000,395000,-315000,-315000
053201,美律日盛96購01  ,0,0,0,0,0,0,0,0,0,-315000,0,0,0,62000,377000,-315000,-315000
3406,玉晶光          ,1015000,1457000,-442000,0,0,0,187000,1000,186000,-59000,74000,169000,-95000,75000,39000,36000,-315000
055778,美食凱基97購01  ,0,0,0,0,0,0,0,0,0,-316000,0,0,0,60000,376000,-316000,-316000
049587,美律元大95購01  ,0,0,0,0,0,0,0,0,0,-317000,0,0,0,20000,337000,-317000,-317000
050272,訊芯元大94購03  ,0,0,0,0,0,0,0,0,0,-317000,0,0,0,0,317000,-317000,-317000
055835,華邦電元大97購03,0,0,0,0,0,0,0,0,0,-318000,0,0,0,0,318000,-318000,-318000
055663,崇越中信97購01  ,0,0,0,0,0,0,0,0,0,-318000,0,0,0,70000,388000,-318000,-318000
054374,信邦中信96購01  ,0,0,0,0,0,0,0,0,0,-318000,0,0,0,350000,668000,-318000,-318000
047646,貿聯元大94購01  ,0,0,0,0,0,0,0,0,0,-319000,0,0,0,0,319000,-319000,-319000
051470,玉晶光日盛95購01,0,0,0,0,0,0,0,0,0,-319000,0,0,0,155000,474000,-319000,-319000
05884P,旺宏統一96售01  ,0,0,0,0,0,0,0,0,0,-319000,0,0,0,135000,454000,-319000,-319000
044750,鴻海凱基93購07  ,0,0,0,0,0,0,0,0,0,-320000,0,0,0,21000,341000,-320000,-320000
055201,興勤群益98購01  ,0,0,0,0,0,0,0,0,0,-321000,0,0,0,0,321000,-321000,-321000
04434P,玉晶光國票96售02,0,0,0,0,0,0,0,0,0,-321000,0,0,0,87000,408000,-321000,-321000
050481,泰鼎國票96購01  ,0,0,0,0,0,0,0,0,0,-321000,0,0,0,156000,477000,-321000,-321000
053113,瀚宇博兆豐97購01,0,0,0,0,0,0,0,0,0,-321000,0,0,0,71000,392000,-321000,-321000
056787,健鼎群益98購01  ,0,0,0,0,0,0,0,0,0,-321000,0,0,0,24000,345000,-321000,-321000
049040,亞光兆豐95購01  ,0,0,0,0,0,0,0,0,0,-322000,0,0,0,1000,323000,-322000,-322000
1519,華城            ,123000,395000,-272000,0,0,0,0,50000,-50000,0,0,0,0,0,0,0,-322000
047788,欣興群益93購05  ,0,0,0,0,0,0,0,0,0,-323000,0,0,0,467000,790000,-323000,-323000
050494,可成永昌96購01  ,0,0,0,0,0,0,0,0,0,-323000,0,0,0,72000,395000,-323000,-323000
3376,新日興          ,227000,440000,-213000,0,0,0,74000,85000,-11000,-99000,27000,30000,-3000,47000,143000,-96000,-323000
057073,康控永豐98購01  ,0,0,0,0,0,0,0,0,0,-323000,0,0,0,38000,361000,-323000,-323000
055052,凱美永豐97購01  ,0,0,0,0,0,0,0,0,0,-324000,0,0,0,37000,361000,-324000,-324000
048421,聯茂統一93購01  ,0,0,0,0,0,0,0,0,0,-324000,0,0,0,0,324000,-324000,-324000
051975,美食凱基95購02  ,0,0,0,0,0,0,0,0,0,-324000,0,0,0,0,324000,-324000,-324000
055894,欣興統一97購03  ,0,0,0,0,0,0,0,0,0,-325000,0,0,0,0,325000,-325000,-325000
056140,康控元大98購01  ,0,0,0,0,0,0,0,0,0,-325000,0,0,0,586000,911000,-325000,-325000
056199,美律永豐97購01  ,0,0,0,0,0,0,0,0,0,-325000,0,0,0,1000,326000,-325000,-325000
048893,南電元富94購01  ,0,0,0,0,0,0,0,0,0,-325000,0,0,0,281000,606000,-325000,-325000
053441,旺宏凱基98購01  ,0,0,0,0,0,0,0,0,0,-325000,0,0,0,13000,338000,-325000,-325000
06355P,聯茂永豐97售02  ,0,0,0,0,0,0,0,0,0,-325000,0,0,0,30000,355000,-325000,-325000
053814,美律群益97購02  ,0,0,0,0,0,0,0,0,0,-326000,0,0,0,12000,338000,-326000,-326000
048584,欣興富邦95購01  ,0,0,0,0,0,0,0,0,0,-327000,0,0,0,0,327000,-327000,-327000
050877,美律統一95購01  ,0,0,0,0,0,0,0,0,0,-327000,0,0,0,55000,382000,-327000,-327000
053594,京鼎元大96購02  ,0,0,0,0,0,0,0,0,0,-327000,0,0,0,4000,331000,-327000,-327000
6505,台塑化          ,1418078,1706223,-288145,0,0,0,0,190000,-190000,151000,271000,0,271000,0,120000,-120000,-327145
049963,聯發科元富94購02,0,0,0,0,0,0,0,0,0,-329000,0,0,0,76000,405000,-329000,-329000
4142,國光生          ,446000,775000,-329000,0,0,0,0,0,0,0,1000,1000,0,0,0,0,-329000
054947,興勤元大97購01  ,0,0,0,0,0,0,0,0,0,-330000,0,0,0,202000,532000,-330000,-330000
045168,欣興中信93購02  ,0,0,0,0,0,0,0,0,0,-330000,0,0,0,27000,357000,-330000,-330000
045958,技嘉凱基93購04  ,0,0,0,0,0,0,0,0,0,-330000,0,0,0,26000,356000,-330000,-330000
051367,可成富邦97購01  ,0,0,0,0,0,0,0,0,0,-330000,0,0,0,332000,662000,-330000,-330000
053779,台光電元大96購02,0,0,0,0,0,0,0,0,0,-330000,0,0,0,70000,400000,-330000,-330000
051547,健鼎康和95購01  ,0,0,0,0,0,0,0,0,0,-330000,0,0,0,0,330000,-330000,-330000
051027,楠梓電元富95購01,0,0,0,0,0,0,0,0,0,-331000,0,0,0,105000,436000,-331000,-331000
053837,貿聯永豐96購02  ,0,0,0,0,0,0,0,0,0,-331000,0,0,0,10000,341000,-331000,-331000
053096,康控統一96購01  ,0,0,0,0,0,0,0,0,0,-332000,0,0,0,10000,342000,-332000,-332000
2537,聯上發          ,5000,339000,-334000,0,0,0,0,0,0,0,0,0,0,0,0,0,-334000
2332,友訊            ,280000,383000,-103000,0,0,0,0,0,0,-231000,0,200000,-200000,30000,61000,-31000,-334000
056712,京鼎永豐98購01  ,0,0,0,0,0,0,0,0,0,-334000,0,0,0,0,334000,-334000,-334000
051252,健鼎元大95購01  ,0,0,0,0,0,0,0,0,0,-335000,0,0,0,41000,376000,-335000,-335000
05015P,臺股指元大95售06,0,0,0,0,0,0,0,0,0,-336000,0,0,0,86000,422000,-336000,-336000
056025,嘉晶群益97購01  ,0,0,0,0,0,0,0,0,0,-337000,0,0,0,10000,347000,-337000,-337000
05540P,亞德客凱基96售01,0,0,0,0,0,0,0,0,0,-338000,0,0,0,40000,378000,-338000,-338000
051892,台光電元富95購03,0,0,0,0,0,0,0,0,0,-338000,0,0,0,90000,428000,-338000,-338000
052768,泰鼎群益96購01  ,0,0,0,0,0,0,0,0,0,-338000,0,0,0,137000,475000,-338000,-338000
048778,聯茂凱基94購04  ,0,0,0,0,0,0,0,0,0,-340000,0,0,0,0,340000,-340000,-340000
051025,晶華統一95購01  ,0,0,0,0,0,0,0,0,0,-340000,0,0,0,0,340000,-340000,-340000
051431,群創元富99購02  ,0,0,0,0,0,0,0,0,0,-340000,0,0,0,0,340000,-340000,-340000
054450,聯茂第一96購01  ,20000,0,20000,0,0,0,0,0,0,-361000,0,0,0,5000,366000,-361000,-341000
053043,嘉晶凱基96購01  ,0,0,0,0,0,0,0,0,0,-341000,0,0,0,0,341000,-341000,-341000
046877,燿華國泰94購01  ,0,0,0,0,0,0,0,0,0,-342000,0,0,0,102000,444000,-342000,-342000
050763,楠梓電元大94購03,0,0,0,0,0,0,0,0,0,-342000,0,0,0,0,342000,-342000,-342000
04433P,上証2X國票95售01,0,0,0,0,0,0,0,0,0,-343000,0,0,0,655000,998000,-343000,-343000
048346,智易元大95購01  ,0,0,0,0,0,0,0,0,0,-343000,0,0,0,16000,359000,-343000,-343000
1527,鑽全            ,60000,403763,-343763,0,0,0,0,0,0,0,0,0,0,0,0,0,-343763
053028,康控富邦98購01  ,0,0,0,0,0,0,0,0,0,-344000,0,0,0,12000,356000,-344000,-344000
050257,為升元大94購07  ,0,0,0,0,0,0,0,0,0,-345000,0,0,0,10000,355000,-345000,-345000
054896,聯茂日盛97購01  ,0,0,0,0,0,0,0,0,0,-346000,0,0,0,737000,1083000,-346000,-346000
047852,矽創元富93購01  ,0,0,0,0,0,0,0,0,0,-346000,0,0,0,105000,451000,-346000,-346000
053819,大立光群益96購04,0,0,0,0,0,0,0,0,0,-346000,0,0,0,2000,348000,-346000,-346000
048744,儒鴻元富97購01  ,0,0,0,0,0,0,0,0,0,-347000,0,0,0,108000,455000,-347000,-347000
050190,麗豐元大95購02  ,0,0,0,0,0,0,0,0,0,-348000,0,0,0,0,348000,-348000,-348000
052545,康控元富95購02  ,0,0,0,0,0,0,0,0,0,-348000,0,0,0,0,348000,-348000,-348000
1434,福懋            ,226000,653106,-427106,0,0,0,0,0,0,79000,79000,0,79000,0,0,0,-348106
00715L,街口布蘭特油正2 ,0,0,0,0,0,0,0,0,0,-349000,0,0,0,1000,350000,-349000,-349000
05848P,臺股指元大96售24,0,0,0,0,0,0,0,0,0,-349000,0,0,0,0,349000,-349000,-349000
056364,亞光元大99購02  ,0,0,0,0,0,0,0,0,0,-350000,0,0,0,0,350000,-350000,-350000
03999P,鴻海凱基94售11  ,0,0,0,0,0,0,0,0,0,-350000,0,0,0,0,350000,-350000,-350000
04745P,祥碩元大94售04  ,0,0,0,0,0,0,0,0,0,-350000,0,0,0,0,350000,-350000,-350000
056313,聯茂元大98購01  ,0,0,0,0,0,0,0,0,0,-352000,0,0,0,229000,581000,-352000,-352000
050535,台表科群益94購02,0,0,0,0,0,0,0,0,0,-352000,0,0,0,24000,376000,-352000,-352000
049268,聯茂元大94購03  ,0,0,0,0,0,0,0,0,0,-352000,0,0,0,37000,389000,-352000,-352000
050980,欣興元富95購02  ,0,0,0,0,0,0,0,0,0,-352000,0,0,0,0,352000,-352000,-352000
054865,可成群益97購01  ,0,0,0,0,0,0,0,0,0,-353000,0,0,0,181000,534000,-353000,-353000
055524,鴻海群益98購01  ,0,0,0,0,0,0,0,0,0,-354000,0,0,0,0,354000,-354000,-354000
047753,景碩元富93購01  ,0,0,0,0,0,0,0,0,0,-355000,0,0,0,0,355000,-355000,-355000
053899,矽創群益96購02  ,0,0,0,0,0,0,0,0,0,-355000,0,0,0,3000,358000,-355000,-355000
054248,燿華元大97購02  ,0,0,0,0,0,0,0,0,0,-356000,0,0,0,267000,623000,-356000,-356000
050997,麗豐元大95購03  ,0,0,0,0,0,0,0,0,0,-356000,0,0,0,1000,357000,-356000,-356000
048480,FB上証中信94購01,0,0,0,0,0,0,0,0,0,-356000,0,0,0,0,356000,-356000,-356000
052209,深中小元大95購02,0,0,0,0,0,0,0,0,0,-357000,0,0,0,80000,437000,-357000,-357000
051644,聯茂康和95購01  ,0,0,0,0,0,0,0,0,0,-357000,0,0,0,0,357000,-357000,-357000
056656,華邦電元大98購02,0,0,0,0,0,0,0,0,0,-358000,0,0,0,21000,379000,-358000,-358000
056318,鴻海群益98購02  ,0,0,0,0,0,0,0,0,0,-360000,0,0,0,27000,387000,-360000,-360000
052114,華固中信95購01  ,0,0,0,0,0,0,0,0,0,-360000,0,0,0,0,360000,-360000,-360000
055540,京鼎台新97購01  ,0,0,0,0,0,0,0,0,0,-361000,0,0,0,38000,399000,-361000,-361000
054890,聯鈞統一99購01  ,0,0,0,0,0,0,0,0,0,-361000,0,0,0,10000,371000,-361000,-361000
049302,聯茂日盛94購01  ,0,0,0,0,0,0,0,0,0,-361000,0,0,0,0,361000,-361000,-361000
055065,神達永豐97購01  ,0,0,0,0,0,0,0,0,0,-362000,0,0,0,84000,446000,-362000,-362000
049912,燿華元大94購04  ,0,0,0,0,0,0,0,0,0,-362000,0,0,0,0,362000,-362000,-362000
05285P,同欣電群益95售02,0,0,0,0,0,0,0,0,0,-362000,0,0,0,6000,368000,-362000,-362000
055255,欣興統一97購02  ,0,0,0,0,0,0,0,0,0,-363000,0,0,0,680000,1043000,-363000,-363000
2812,台中銀          ,607000,1157000,-550000,0,0,0,19000,0,19000,168000,168000,0,168000,0,0,0,-363000
054546,玉晶光中信9B購01,0,0,0,0,0,0,0,0,0,-364000,0,0,0,416000,780000,-364000,-364000
048260,鴻海元富93購06  ,0,0,0,0,0,0,0,0,0,-364000,0,0,0,0,364000,-364000,-364000
049933,GIS元大95購01   ,0,0,0,0,0,0,0,0,0,-364000,0,0,0,2000,366000,-364000,-364000
052507,日月光日盛95購02,0,0,0,0,0,0,0,0,0,-364000,0,0,0,0,364000,-364000,-364000
053865,欣興元大97購02  ,0,0,0,0,0,0,0,0,0,-364000,0,0,0,105000,469000,-364000,-364000
04930P,國巨統一94售08  ,0,0,0,0,0,0,0,0,0,-366000,0,0,0,4000,370000,-366000,-366000
053066,欣興群益96購02  ,0,0,0,0,0,0,0,0,0,-366000,0,0,0,26000,392000,-366000,-366000
2208,台船            ,128000,494000,-366000,0,0,0,0,0,0,0,0,0,0,0,0,0,-366000
03636C,元油2X元富04牛01,0,0,0,0,0,0,0,0,0,-367000,0,0,0,55000,422000,-367000,-367000
054677,智易台新98購02  ,0,0,0,0,0,0,0,0,0,-368000,0,0,0,33000,401000,-368000,-368000
049496,和鑫元大95購01  ,0,0,0,0,0,0,0,0,0,-368000,0,0,0,2000,370000,-368000,-368000
056188,晶相光統一99購01,0,0,0,0,0,0,0,0,0,-369000,0,0,0,0,369000,-369000,-369000
056423,奇鋐統一98購01  ,0,0,0,0,0,0,0,0,0,-369000,0,0,0,80000,449000,-369000,-369000
051102,訊芯元大96購01  ,0,0,0,0,0,0,0,0,0,-369000,0,0,0,1000,370000,-369000,-369000
04288P,台積電中信95售06,0,0,0,0,0,0,0,0,0,-370000,0,0,0,0,370000,-370000,-370000
050087,美食台新94購01  ,0,0,0,0,0,0,0,0,0,-370000,0,0,0,0,370000,-370000,-370000
05363P,臺股指富邦95售03,0,0,0,0,0,0,0,0,0,-370000,0,0,0,0,370000,-370000,-370000
06481P,台積電凱基98售12,0,0,0,0,0,0,0,0,0,-370000,0,0,0,0,370000,-370000,-370000
05650P,台積電富邦96售01,0,0,0,0,0,0,0,0,0,-371000,0,0,0,0,371000,-371000,-371000
055832,台達電元大97購02,0,0,0,0,0,0,0,0,0,-371000,0,0,0,61000,432000,-371000,-371000
053696,日月光元大96購05,0,0,0,0,0,0,0,0,0,-372000,0,0,0,0,372000,-372000,-372000
051543,鈺齊國票96購01  ,0,0,0,0,0,0,0,0,0,-372000,0,0,0,48000,420000,-372000,-372000
054942,凱美元大97購02  ,0,0,0,0,0,0,0,0,0,-373000,0,0,0,253000,626000,-373000,-373000
055570,華通統一98購03  ,0,0,0,0,0,0,0,0,0,-374000,0,0,0,209000,583000,-374000,-374000
056055,國巨元大97購15  ,0,0,0,0,0,0,0,0,0,-375000,0,0,0,2000,377000,-375000,-375000
05000P,臺股指永豐95售01,0,0,0,0,0,0,0,0,0,-375000,0,0,0,10000,385000,-375000,-375000
2801,彰銀            ,1892000,2558064,-666064,0,0,0,44000,0,44000,247000,277000,0,277000,0,30000,-30000,-375064
054623,華新科第一97購01,0,0,0,0,0,0,0,0,0,-376000,0,0,0,198000,574000,-376000,-376000
054441,力成台新96購01  ,0,0,0,0,0,0,0,0,0,-376000,0,0,0,34000,410000,-376000,-376000
2357,華碩            ,670000,1056142,-386142,0,0,0,0,0,0,10000,25000,0,25000,0,15000,-15000,-376142
054871,明泰群益98購01  ,0,0,0,0,0,0,0,0,0,-378000,0,0,0,0,378000,-378000,-378000
2912,統一超          ,627516,1034356,-406840,0,0,0,0,0,0,28000,28000,0,28000,0,0,0,-378840
2431,聯昌            ,49000,428000,-379000,0,0,0,0,0,0,0,0,0,0,0,0,0,-379000
06030P,友達兆豐96售02  ,0,0,0,0,0,0,0,0,0,-379000,0,0,0,35000,414000,-379000,-379000
055576,嘉晶統一98購01  ,0,0,0,0,0,0,0,0,0,-380000,0,0,0,0,380000,-380000,-380000
044852,華邦電國泰93購02,0,0,0,0,0,0,0,0,0,-380000,0,0,0,0,380000,-380000,-380000
047239,瀚宇博凱基94購01,0,0,0,0,0,0,0,0,0,-380000,0,0,0,129000,509000,-380000,-380000
049092,聯茂凱基94購07  ,0,0,0,0,0,0,0,0,0,-380000,0,0,0,0,380000,-380000,-380000
053330,燿華永豐96購03  ,0,0,0,0,0,0,0,0,0,-381000,0,0,0,0,381000,-381000,-381000
053501,明泰兆豐96購01  ,0,0,0,0,0,0,0,0,0,-382000,0,0,0,0,382000,-382000,-382000
06229P,欣興凱基97售07  ,0,0,0,0,0,0,0,0,0,-382000,0,0,0,134000,516000,-382000,-382000
052297,旭富國票96購01  ,0,0,0,0,0,0,0,0,0,-383000,0,0,0,182000,565000,-383000,-383000
052852,國巨元富96購02  ,0,0,0,0,0,0,0,0,0,-384000,0,0,0,1569000,1953000,-384000,-384000
05573P,仁寶元富96售02  ,0,0,0,0,0,0,0,0,0,-386000,0,0,0,6000,392000,-386000,-386000
052976,台表科群益96購03,0,0,0,0,0,0,0,0,0,-386000,0,0,0,100000,486000,-386000,-386000
03414B,臺股指凱基99熊01,0,0,0,0,0,0,0,0,0,-387000,0,0,0,20000,407000,-387000,-387000
00738U,元大道瓊白銀    ,1000,276000,-275000,0,0,0,0,0,0,-113000,0,0,0,19000,132000,-113000,-388000
054884,友達統一99購01  ,0,0,0,0,0,0,0,0,0,-389000,0,0,0,124000,513000,-389000,-389000
054520,健鼎元大96購02  ,0,0,0,0,0,0,0,0,0,-389000,0,0,0,225000,614000,-389000,-389000
046568,臻鼎元富95購01  ,0,0,0,0,0,0,0,0,0,-389000,0,0,0,16000,405000,-389000,-389000
056331,聯鈞國票99購01  ,0,0,0,0,0,0,0,0,0,-390000,0,0,0,128000,518000,-390000,-390000
050688,大立光日盛94購03,0,0,0,0,0,0,0,0,0,-390000,0,0,0,10000,400000,-390000,-390000
1229,聯華            ,167000,602000,-435000,0,0,0,0,0,0,45000,45000,0,45000,0,0,0,-390000
053846,友達元富99購02  ,0,0,0,0,0,0,0,0,0,-391000,0,0,0,19000,410000,-391000,-391000
051599,健鼎兆豐95購02  ,0,0,0,0,0,0,0,0,0,-391000,0,0,0,0,391000,-391000,-391000
052251,台光電永豐95購03,0,0,0,0,0,0,0,0,0,-392000,0,0,0,0,392000,-392000,-392000
056250,瑞昱兆豐97購02  ,0,0,0,0,0,0,0,0,0,-393000,0,0,0,143000,536000,-393000,-393000
055195,昇陽半元富97購02,0,0,0,0,0,0,0,0,0,-393000,0,0,0,12000,405000,-393000,-393000
046650,台表科國泰94購01,0,0,0,0,0,0,0,0,0,-393000,0,0,0,83000,476000,-393000,-393000
053813,友達群益9A購03  ,0,0,0,0,0,0,0,0,0,-393000,0,0,0,401000,794000,-393000,-393000
056240,嘉晶群益97購02  ,0,0,0,0,0,0,0,0,0,-394000,0,0,0,224000,618000,-394000,-394000
056206,泰鼎永豐97購01  ,0,0,0,0,0,0,0,0,0,-394000,0,0,0,18000,412000,-394000,-394000
049240,華通元富94購01  ,0,0,0,0,0,0,0,0,0,-395000,0,0,0,162000,557000,-395000,-395000
051924,聯茂日盛95購01  ,0,0,0,0,0,0,0,0,0,-395000,0,0,0,171000,566000,-395000,-395000
3515,華擎            ,271000,431000,-160000,0,0,0,0,290000,-290000,55000,24000,0,24000,47000,16000,31000,-395000
055375,京鼎元大97購03  ,0,0,0,0,0,0,0,0,0,-397000,0,0,0,448000,845000,-397000,-397000
047848,可成統一93購01  ,0,0,0,0,0,0,0,0,0,-397000,0,0,0,84000,481000,-397000,-397000
06283P,祥碩永豐97售01  ,0,0,0,0,0,0,0,0,0,-397000,0,0,0,120000,517000,-397000,-397000
046127,臻鼎元大92購07  ,0,0,0,0,0,0,0,0,0,-398000,0,0,0,0,398000,-398000,-398000
053766,友達富邦97購01  ,0,5000,-5000,0,0,0,0,0,0,-393000,0,0,0,74000,467000,-393000,-398000
055158,亞光元大99購01  ,0,0,0,0,0,0,0,0,0,-399000,0,0,0,30000,429000,-399000,-399000
051249,潤泰全元大95購01,0,0,0,0,0,0,0,0,0,-399000,0,0,0,283000,682000,-399000,-399000
051128,台表科群益95購02,0,0,0,0,0,0,0,0,0,-401000,0,0,0,121000,522000,-401000,-401000
050792,可成富邦96購01  ,0,0,0,0,0,0,0,0,0,-402000,0,0,0,80000,482000,-402000,-402000
049104,元油2X富邦97購02,0,0,0,0,0,0,0,0,0,-402000,0,0,0,0,402000,-402000,-402000
053154,聯詠元大96購01  ,0,0,0,0,0,0,0,0,0,-403000,0,0,0,303000,706000,-403000,-403000
047219,美律麥證94購01  ,0,0,0,78000,675000,-597000,0,0,0,-404000,0,0,0,271000,675000,-404000,-404000
054786,全新群益99購02  ,0,0,0,0,0,0,0,0,0,-405000,0,0,0,38000,443000,-405000,-405000
055094,智易群益98購01  ,0,0,0,0,0,0,0,0,0,-407000,0,0,0,0,407000,-407000,-407000
056680,華通統一98購04  ,0,0,0,0,0,0,0,0,0,-407000,0,0,0,206000,613000,-407000,-407000
050949,亞光群益96購01  ,0,0,0,0,0,0,0,0,0,-408000,0,0,0,20000,428000,-408000,-408000
050628,美律中信94購02  ,0,0,0,0,0,0,0,0,0,-409000,0,0,0,161000,570000,-409000,-409000
056822,佐登永豐98購01  ,0,0,0,0,0,0,0,0,0,-409000,0,0,0,50000,459000,-409000,-409000
04035P,全新群益93售03  ,0,0,0,0,0,0,0,0,0,-410000,0,0,0,0,410000,-410000,-410000
048988,聯茂元大94購02  ,0,0,0,0,0,0,0,0,0,-411000,0,0,0,0,411000,-411000,-411000
2379,瑞昱            ,1137560,1408977,-271417,0,0,0,81000,203000,-122000,-18000,82000,49000,33000,45000,96000,-51000,-411417
049380,欣興元大94購04  ,0,0,0,0,0,0,0,0,0,-412000,0,0,0,38000,450000,-412000,-412000
054282,泰鼎群益98購02  ,0,0,0,0,0,0,0,0,0,-414000,0,0,0,251000,665000,-414000,-414000
2845,遠東銀          ,513000,1017000,-504000,0,0,0,0,0,0,90000,82000,0,82000,8000,0,8000,-414000
2347,聯強            ,1138000,1779087,-641087,0,0,0,0,0,0,227000,332000,0,332000,0,105000,-105000,-414087
06078P,臺股指凱基9A售01,0,0,0,0,0,0,0,0,0,-415000,0,0,0,0,415000,-415000,-415000
05489P,臺股指凱基95售22,0,0,0,0,0,0,0,0,0,-416000,0,0,0,15000,431000,-416000,-416000
056516,晶豪科兆豐98購01,0,0,0,0,0,0,0,0,0,-416000,0,0,0,23000,439000,-416000,-416000
052270,力成日盛95購01  ,0,0,0,0,0,0,0,0,0,-416000,0,0,0,1000,417000,-416000,-416000
056855,祥碩中信98購02  ,0,0,0,0,0,0,0,0,0,-417000,0,0,0,72000,489000,-417000,-417000
051751,聯茂富邦95購01  ,0,0,0,0,0,0,0,0,0,-418000,0,0,0,0,418000,-418000,-418000
057107,華新科群益98購06,0,0,0,0,0,0,0,0,0,-418000,0,0,0,7000,425000,-418000,-418000
042196,元油2X元大93購02,0,0,0,0,0,0,0,0,0,-419000,0,0,0,1000,420000,-419000,-419000
046855,嘉晶元大94購01  ,0,0,0,0,0,0,0,0,0,-419000,0,0,0,10000,429000,-419000,-419000
03543P,台泥中信02售01  ,0,0,0,0,0,0,0,0,0,-420000,0,0,0,0,420000,-420000,-420000
055045,台肥永豐97購01  ,0,0,0,0,0,0,0,0,0,-422000,0,0,0,71000,493000,-422000,-422000
045829,滬深2X群益95購02,0,0,0,0,0,0,0,0,0,-422000,0,0,0,0,422000,-422000,-422000
049962,台光電元富94購01,0,0,0,0,0,0,0,0,0,-423000,0,0,0,200000,623000,-423000,-423000
055980,祥碩統一98購01  ,0,0,0,0,0,0,0,0,0,-424000,0,0,0,322000,746000,-424000,-424000
052379,鈺齊元大95購04  ,0,0,0,0,0,0,0,0,0,-424000,0,0,0,34000,458000,-424000,-424000
057117,開發金日盛9B購01,0,0,0,0,0,0,0,0,0,-425000,0,0,0,0,425000,-425000,-425000
2002,中鋼            ,2027000,2980533,-953533,0,0,0,89000,0,89000,438000,438000,0,438000,0,0,0,-426533
056192,智邦富邦98購01  ,0,0,0,0,0,0,0,0,0,-428000,0,0,0,55000,483000,-428000,-428000
053670,台積電統一96購09,0,0,0,0,0,0,0,0,0,-428000,0,0,0,21000,449000,-428000,-428000
3049,和鑫            ,1423000,399307,1023693,0,0,0,0,1478000,-1478000,26000,1000,0,1000,129000,104000,25000,-428307
054860,台積電群益98購01,0,0,0,0,0,0,0,0,0,-429000,0,0,0,145000,574000,-429000,-429000
057192,力成元大98購01  ,0,0,0,0,0,0,0,0,0,-429000,0,0,0,50000,479000,-429000,-429000
049997,聯發科永豐94購04,0,0,0,0,0,0,0,0,0,-430000,0,0,0,178000,608000,-430000,-430000
05821P,臺股指凱基96售18,0,0,0,0,0,0,0,0,0,-430000,0,0,0,8000,438000,-430000,-430000
3443,創意            ,1094000,1054000,40000,0,0,0,10000,358000,-348000,-122000,3000,56000,-53000,19000,88000,-69000,-430000
8039,台虹            ,787000,1349000,-562000,0,0,0,0,0,0,132000,62000,2000,60000,111000,39000,72000,-430000
9938,百和            ,54000,422000,-368000,0,0,0,0,67000,-67000,4000,13000,0,13000,2000,11000,-9000,-431000
056409,麗豐國票99購01  ,0,0,0,0,0,0,0,0,0,-432000,0,0,0,34000,466000,-432000,-432000
048937,玉晶光永豐95購01,0,0,0,0,0,0,0,0,0,-432000,0,0,0,404000,836000,-432000,-432000
056059,美律元大98購02  ,0,0,0,0,0,0,0,0,0,-433000,0,0,0,294000,727000,-433000,-433000
054100,致伸國票97購03  ,0,0,0,0,0,0,0,0,0,-433000,0,0,0,67000,500000,-433000,-433000
1326,台化            ,1110000,1686362,-576362,0,0,0,31000,0,31000,112000,172000,21000,151000,1000,40000,-39000,-433362
052817,楠梓電永豐96購02,0,0,0,0,0,0,0,0,0,-434000,0,0,0,0,434000,-434000,-434000
056637,台光電日盛9A購01,0,0,0,0,0,0,0,0,0,-434000,0,0,0,186000,620000,-434000,-434000
052069,聯茂兆豐96購01  ,0,0,0,0,0,0,0,0,0,-435000,0,0,0,136000,571000,-435000,-435000
055340,華新科日盛97購01,0,0,0,0,0,0,0,0,0,-437000,0,0,0,3318000,3755000,-437000,-437000
049007,玉晶光中信96購01,0,0,0,0,0,0,0,0,0,-437000,0,0,0,32000,469000,-437000,-437000
05663P,創意元富96售04  ,0,0,0,0,0,0,0,0,0,-437000,0,0,0,0,437000,-437000,-437000
048269,瀚宇博國泰95購01,0,0,0,0,0,0,0,0,0,-438000,0,0,0,22000,460000,-438000,-438000
056870,全新日盛9A購01  ,0,0,0,0,0,0,0,0,0,-438000,0,0,0,56000,494000,-438000,-438000
05289P,鴻海永豐95售05  ,0,0,0,0,0,0,0,0,0,-440000,0,0,0,444000,884000,-440000,-440000
046672,聯茂元大93購01  ,0,0,0,0,0,0,0,0,0,-444000,0,0,0,4000,448000,-444000,-444000
055338,GIS兆豐97購01   ,0,0,0,0,0,0,0,0,0,-446000,0,0,0,10000,456000,-446000,-446000
04890P,台積電元大95售05,0,0,0,0,0,0,0,0,0,-448000,0,0,0,0,448000,-448000,-448000
050196,嘉聯益元大97購01,0,0,0,0,0,0,0,0,0,-448000,0,0,0,1000,449000,-448000,-448000
044996,嘉晶國泰95購01  ,0,0,0,0,0,0,0,0,0,-449000,0,0,0,10000,459000,-449000,-449000
1477,聚陽            ,196000,562900,-366900,0,0,0,0,107000,-107000,24000,24000,0,24000,4000,4000,0,-449900
056555,矽創凱基98購01  ,0,0,0,0,0,0,0,0,0,-450000,0,0,0,69000,519000,-450000,-450000
049663,正崴永豐94購01  ,0,0,0,0,0,0,0,0,0,-450000,0,0,0,0,450000,-450000,-450000
06611P,祥碩國票98售01  ,0,0,0,0,0,0,0,0,0,-450000,0,0,0,0,450000,-450000,-450000
050685,緯穎元富94購02  ,0,0,0,0,0,0,0,0,0,-452000,0,0,0,192000,644000,-452000,-452000
052595,奇力新群益96購01,0,0,0,0,0,0,0,0,0,-452000,0,0,0,241000,693000,-452000,-452000
055281,台光電元大98購03,0,0,0,0,0,0,0,0,0,-453000,0,0,0,24000,477000,-453000,-453000
05224P,華通統一95售03  ,0,0,0,0,0,0,0,0,0,-453000,0,0,0,0,453000,-453000,-453000
06517P,國巨凱基98售09  ,0,0,0,0,0,0,0,0,0,-454000,0,0,0,0,454000,-454000,-454000
054219,楠梓電統一97購01,0,0,0,0,0,0,0,0,0,-456000,0,0,0,78000,534000,-456000,-456000
050467,力成中信94購01  ,0,0,0,0,0,0,0,0,0,-457000,0,0,0,179000,636000,-457000,-457000
056361,美律元大99購02  ,0,0,0,0,0,0,0,0,0,-458000,0,0,0,82000,540000,-458000,-458000
056376,玉晶光統一98購01,0,0,0,0,0,0,0,0,0,-458000,0,0,0,58000,516000,-458000,-458000
052970,美律群益96購01  ,0,0,0,0,0,0,0,0,0,-458000,0,0,0,81000,539000,-458000,-458000
048665,欣興統一93購07  ,0,0,0,0,0,0,0,0,0,-459000,0,0,0,10000,469000,-459000,-459000
053455,台光電元富96購02,0,0,0,0,0,0,0,0,0,-459000,0,0,0,198000,657000,-459000,-459000
051170,南電元大95購03  ,0,0,0,0,0,0,0,0,0,-460000,0,0,0,0,460000,-460000,-460000
052506,日月光日盛95購01,0,0,0,0,0,0,0,0,0,-460000,0,0,0,0,460000,-460000,-460000
052176,景碩元大96購01  ,0,0,0,0,0,0,0,0,0,-460000,0,0,0,114000,574000,-460000,-460000
051109,美律統一95購02  ,0,0,0,0,0,0,0,0,0,-464000,0,0,0,135000,599000,-464000,-464000
05585P,臺股指凱基96售14,0,0,0,0,0,0,0,0,0,-465000,0,0,0,30000,495000,-465000,-465000
1201,味全            ,212000,696000,-484000,0,0,0,0,0,0,17000,17000,0,17000,0,0,0,-467000
3017,奇鋐            ,1973000,2558000,-585000,0,0,0,0,0,0,118000,9000,6000,3000,160000,45000,115000,-467000
055318,華通國票98購01  ,0,0,0,0,0,0,0,0,0,-469000,0,0,0,0,469000,-469000,-469000
00636,國泰中國A50     ,0,0,0,0,0,0,0,0,0,-469000,0,0,0,143000,612000,-469000,-469000
052153,GIS富邦96購02   ,0,0,0,0,0,0,0,0,0,-469000,0,0,0,0,469000,-469000,-469000
06313P,訊芯元富97售01  ,0,0,0,0,0,0,0,0,0,-472000,0,0,0,184000,656000,-472000,-472000
055308,聯發科群益97購04,0,0,0,0,0,0,0,0,0,-473000,0,0,0,116000,589000,-473000,-473000
050006,華擎永豐94購03  ,0,0,0,0,0,0,0,0,0,-473000,0,0,0,138000,611000,-473000,-473000
1536,和大            ,354000,154000,200000,0,0,0,0,702000,-702000,28000,27000,7000,20000,22000,14000,8000,-474000
049465,美律台新94購01  ,0,0,0,0,0,0,0,0,0,-475000,0,0,0,0,475000,-475000,-475000
052006,康友富邦98購01  ,0,0,0,0,0,0,0,0,0,-475000,0,0,0,296000,771000,-475000,-475000
052707,景碩台新96購01  ,0,0,0,0,0,0,0,0,0,-476000,0,0,0,129000,605000,-476000,-476000
050950,健鼎群益96購01  ,0,0,0,0,0,0,0,0,0,-478000,0,0,0,13000,491000,-478000,-478000
054034,景碩中信96購01  ,0,0,0,0,0,0,0,0,0,-479000,0,0,0,72000,551000,-479000,-479000
056993,GIS兆豐99購01   ,0,0,0,0,0,0,0,0,0,-479000,0,0,0,0,479000,-479000,-479000
052793,健鼎兆豐96購01  ,0,0,0,0,0,0,0,0,0,-481000,0,0,0,70000,551000,-481000,-481000
03777P,華通中信95售01  ,0,0,0,0,0,0,0,0,0,-482000,0,0,0,0,482000,-482000,-482000
046852,燿華元大93購02  ,0,0,0,0,0,0,0,0,0,-483000,0,0,0,20000,503000,-483000,-483000
050994,欣興元大96購03  ,0,0,0,0,0,0,0,0,0,-483000,0,0,0,100000,583000,-483000,-483000
056854,友達中信9A購01  ,0,0,0,0,0,0,0,0,0,-483000,0,0,0,230000,713000,-483000,-483000
052205,台積電中信95購09,0,0,0,0,0,0,0,0,0,-484000,0,0,0,2000,486000,-484000,-484000
2354,鴻準            ,1351000,1881162,-530162,0,0,0,0,0,0,45000,47000,2000,45000,0,0,0,-485162
048624,美律台新93購01  ,0,0,0,0,0,0,0,0,0,-486000,0,0,0,23000,509000,-486000,-486000
054833,京鼎中信97購01  ,0,0,0,0,0,0,0,0,0,-487000,0,0,0,30000,517000,-487000,-487000
052070,GIS兆豐95購03   ,0,0,0,0,0,0,0,0,0,-487000,0,0,0,0,487000,-487000,-487000
052968,燿華群益98購01  ,0,0,0,0,0,0,0,0,0,-488000,0,0,0,5000,493000,-488000,-488000
056754,智易兆豐99購01  ,0,0,0,0,0,0,0,0,0,-489000,0,0,0,49000,538000,-489000,-489000
047992,東陽元大96購01  ,0,0,0,0,0,0,0,0,0,-491000,0,0,0,37000,528000,-491000,-491000
054379,光磊群益98購01  ,0,0,0,0,0,0,0,0,0,-492000,0,0,0,6000,498000,-492000,-492000
03267P,台灣50元大02售06,0,0,0,0,0,0,0,0,0,-492000,0,0,0,220000,712000,-492000,-492000
055205,京鼎中信99購01  ,0,0,0,0,0,0,0,0,0,-495000,0,0,0,45000,540000,-495000,-495000
8464,億豐            ,367000,875272,-508272,0,0,0,0,0,0,12000,12000,0,12000,0,0,0,-496272
054701,宏全永豐97購01  ,0,0,0,0,0,0,0,0,0,-497000,0,0,0,111000,608000,-497000,-497000
053095,台光電統一98購01,0,0,0,0,0,0,0,0,0,-497000,0,0,0,0,497000,-497000,-497000
051700,深中小群益99購04,0,0,0,0,0,0,0,0,0,-497000,0,0,0,4000,501000,-497000,-497000
045858,元油2X統一94購02,0,0,0,0,0,0,0,0,0,-498000,0,0,0,0,498000,-498000,-498000
050185,和鑫元大95購02  ,0,0,0,0,0,0,0,0,0,-498000,0,0,0,1000,499000,-498000,-498000
047454,滬深2X群益96購03,0,0,0,0,0,0,0,0,0,-499000,0,0,0,0,499000,-499000,-499000
051753,華通元大96購03  ,0,0,0,0,0,0,0,0,0,-499000,0,0,0,8000,507000,-499000,-499000
053032,國巨兆豐97購02  ,0,0,0,0,0,0,0,0,0,-499000,0,0,0,28000,527000,-499000,-499000
049728,正崴中信94購01  ,0,0,0,0,0,0,0,0,0,-500000,0,0,0,0,500000,-500000,-500000
054062,TPK國票96購02   ,0,0,0,0,0,0,0,0,0,-502000,0,0,0,17000,519000,-502000,-502000
056922,全新兆豐99購01  ,0,0,0,0,0,0,0,0,0,-503000,0,0,0,317000,820000,-503000,-503000
05780P,台積電統一96售07,0,0,0,0,0,0,0,0,0,-503000,0,0,0,965000,1468000,-503000,-503000
05496P,聯詠統一95售04  ,0,0,0,0,0,0,0,0,0,-504000,0,0,0,2000,506000,-504000,-504000
043656,上証反元大94購01,0,0,0,0,0,0,0,0,0,-504000,0,0,0,0,504000,-504000,-504000
052849,可成統一97購01  ,0,0,0,0,0,0,0,0,0,-504000,0,0,0,39000,543000,-504000,-504000
048813,元黃金凱基94購01,0,0,0,0,0,0,0,0,0,-505000,0,0,0,0,505000,-505000,-505000
050175,台光電元大94購08,0,0,0,0,0,0,0,0,0,-505000,0,0,0,219000,724000,-505000,-505000
052271,力成日盛95購02  ,0,0,0,0,0,0,0,0,0,-508000,0,0,0,37000,545000,-508000,-508000
055081,健鼎中信97購01  ,0,0,0,0,0,0,0,0,0,-509000,0,0,0,0,509000,-509000,-509000
050613,台光電元大94購09,0,0,0,0,0,0,0,0,0,-510000,0,0,0,227000,737000,-510000,-510000
1476,儒鴻            ,247000,652282,-405282,0,0,0,0,118000,-118000,13000,11000,0,11000,4000,2000,2000,-510282
3019,亞光            ,213000,1059000,-846000,0,0,0,0,0,0,335000,101000,24000,77000,276000,18000,258000,-511000
051589,健鼎元大95購02  ,0,0,0,0,0,0,0,0,0,-514000,0,0,0,0,514000,-514000,-514000
056698,T50反1國泰9A購01,0,0,0,0,0,0,0,0,0,-514000,0,0,0,0,514000,-514000,-514000
06572P,台積電永昌99售01,0,0,0,0,0,0,0,0,0,-516000,0,0,0,2295000,2811000,-516000,-516000
047197,美律統一94購01  ,0,0,0,0,0,0,0,0,0,-517000,0,0,0,50000,567000,-517000,-517000
055120,南港兆豐97購01  ,0,0,0,0,0,0,0,0,0,-518000,0,0,0,233000,751000,-518000,-518000
05501P,健策國票97售01  ,0,0,0,0,0,0,0,0,0,-520000,0,0,0,0,520000,-520000,-520000
054752,易華電凱基97購02,0,0,0,0,0,0,0,0,0,-522000,0,0,0,68000,590000,-522000,-522000
056969,智易永豐98購01  ,0,0,0,0,0,0,0,0,0,-522000,0,0,0,104000,626000,-522000,-522000
057070,美律永豐98購02  ,0,0,0,0,0,0,0,0,0,-522000,0,0,0,0,522000,-522000,-522000
045516,聯茂統一94購01  ,0,0,0,0,0,0,0,0,0,-525000,0,0,0,0,525000,-525000,-525000
053839,華通統一96購01  ,0,0,0,0,0,0,0,0,0,-526000,0,0,0,1000,527000,-526000,-526000
05397P,大立光凱基96售08,0,0,0,0,0,0,0,0,0,-527000,0,0,0,0,527000,-527000,-527000
050784,美律國泰96購01  ,0,0,0,0,0,0,0,0,0,-529000,0,0,0,137000,666000,-529000,-529000
06217P,鴻海元富97售05  ,0,0,0,0,0,0,0,0,0,-529000,0,0,0,75000,604000,-529000,-529000
04748P,臺股指元大94售23,0,0,0,0,0,0,0,0,0,-530000,0,0,0,0,530000,-530000,-530000
053630,奇鋐兆豐97購01  ,0,0,0,0,0,0,0,0,0,-530000,0,0,0,5000,535000,-530000,-530000
054838,京鼎第一97購01  ,0,0,0,0,0,0,0,0,0,-532000,0,0,0,0,532000,-532000,-532000
05521P,創意永豐96售01  ,0,0,0,0,0,0,0,0,0,-534000,0,0,0,0,534000,-534000,-534000
8131,福懋科          ,163000,658000,-495000,0,0,0,0,0,0,-39000,14000,0,14000,5000,58000,-53000,-534000
00717,富邦美國特別股  ,1000,0,1000,0,0,0,0,0,0,-536000,0,0,0,432000,968000,-536000,-535000
050752,美律統一94購05  ,0,0,0,0,0,0,0,0,0,-539000,0,0,0,70000,609000,-539000,-539000
054046,義隆元大96購02  ,0,0,0,0,0,0,0,0,0,-539000,0,0,0,531000,1070000,-539000,-539000
040760,T50反1凱基95購01,0,0,0,0,0,0,0,0,0,-541000,0,0,0,0,541000,-541000,-541000
046626,台光電統一94購01,0,0,0,0,0,0,0,0,0,-541000,0,0,0,37000,578000,-541000,-541000
04634P,臺股指群益94售09,0,0,0,0,0,0,0,0,0,-542000,0,0,0,0,542000,-542000,-542000
048031,全新凱基93購02  ,0,0,0,0,0,0,0,0,0,-544000,0,0,0,33000,577000,-544000,-544000
05304P,國巨國泰97售02  ,0,0,0,0,0,0,0,0,0,-545000,0,0,0,5000,550000,-545000,-545000
056972,祥碩永豐98購02  ,0,0,0,0,0,0,0,0,0,-549000,0,0,0,111000,660000,-549000,-549000
056026,智易群益97購01  ,0,0,0,0,0,0,0,0,0,-551000,0,0,0,40000,591000,-551000,-551000
04511P,臺股指元大94售06,0,0,0,0,0,0,0,0,0,-554000,0,0,0,0,554000,-554000,-554000
056468,鴻海元大98購07  ,0,0,0,0,0,0,0,0,0,-555000,0,0,0,21000,576000,-555000,-555000
056171,鴻海元富97購10  ,0,0,0,0,0,0,0,0,0,-561000,0,0,0,650000,1211000,-561000,-561000
03576P,台灣50元富06售01,0,0,0,0,0,0,0,0,0,-565000,0,0,0,15000,580000,-565000,-565000
052762,欣興群益96購01  ,0,0,0,0,0,0,0,0,0,-569000,0,0,0,0,569000,-569000,-569000
056652,上証反元大9B購01,0,0,0,0,0,0,0,0,0,-569000,0,0,0,0,569000,-569000,-569000
1104,環泥            ,4000,519000,-515000,0,0,0,0,0,0,-55000,0,55000,-55000,0,0,0,-570000
6288,聯嘉            ,231000,775000,-544000,0,0,0,0,0,0,-30000,1000,31000,-30000,0,0,0,-574000
05515P,台積電群益96售03,0,0,0,0,0,0,0,0,0,-577000,0,0,0,273000,850000,-577000,-577000
050120,GIS元大95購02   ,0,0,0,0,0,0,0,0,0,-577000,0,0,0,0,577000,-577000,-577000
048894,光罩國泰94購01  ,0,0,0,0,0,0,0,0,0,-577000,0,0,0,305000,882000,-577000,-577000
048111,奇力新群益93購06,0,0,0,0,0,0,0,0,0,-585000,0,0,0,5000,590000,-585000,-585000
057091,華新科元富9A購01,0,0,0,0,0,0,0,0,0,-586000,0,0,0,10000,596000,-586000,-586000
2633,台灣高鐵        ,2204000,2879528,-675528,0,0,0,0,0,0,89000,86000,0,86000,14000,11000,3000,-586528
2823,中壽            ,1237000,1997778,-760778,0,0,0,0,0,0,173000,202000,0,202000,2000,31000,-29000,-587778
055739,健鼎元富97購01  ,0,0,0,0,0,0,0,0,0,-588000,0,0,0,49000,637000,-588000,-588000
051028,台光電元富95購02,0,0,0,0,0,0,0,0,0,-591000,0,0,0,316000,907000,-591000,-591000
056839,台光電元富98購02,0,0,0,0,0,0,0,0,0,-591000,0,0,0,51000,642000,-591000,-591000
054006,智易統一97購01  ,0,0,0,0,0,0,0,0,0,-592000,0,0,0,42000,634000,-592000,-592000
052177,京鼎元大95購02  ,0,0,0,0,0,0,0,0,0,-597000,0,0,0,272000,869000,-597000,-597000
045535,A50正2群益94購01,0,0,0,0,0,0,0,0,0,-600000,0,0,0,0,600000,-600000,-600000
056187,京鼎統一97購01  ,0,0,0,0,0,0,0,0,0,-601000,0,0,0,37000,638000,-601000,-601000
053088,奇鋐元大98購01  ,0,0,0,0,0,0,0,0,0,-601000,0,0,0,0,601000,-601000,-601000
056686,可成統一98購01  ,0,0,0,0,0,0,0,0,0,-604000,0,0,0,0,604000,-604000,-604000
055028,佐登國泰98購01  ,0,0,0,0,0,0,0,0,0,-608000,0,0,0,104000,712000,-608000,-608000
053087,冠德元大96購02  ,0,0,0,0,0,0,0,0,0,-610000,0,0,0,0,610000,-610000,-610000
055009,合勤控元富97購01,0,0,0,0,0,0,0,0,0,-612000,0,0,0,0,612000,-612000,-612000
055799,致茂永豐97購02  ,0,0,0,0,0,0,0,0,0,-613000,0,0,0,103000,716000,-613000,-613000
056208,崇越永豐97購01  ,0,0,0,0,0,0,0,0,0,-614000,0,0,0,0,614000,-614000,-614000
052312,美律富邦96購02  ,0,0,0,0,0,0,0,0,0,-615000,0,0,0,76000,691000,-615000,-615000
06044P,同欣電永豐96售03,0,0,0,0,0,0,0,0,0,-615000,0,0,0,0,615000,-615000,-615000
050976,台光電統一95購01,0,0,0,0,0,0,0,0,0,-616000,0,0,0,244000,860000,-616000,-616000
04682P,臺股指統一96售01,0,0,0,0,0,0,0,0,0,-620000,0,0,0,9000,629000,-620000,-620000
054556,世芯凱基99購01  ,0,0,0,0,0,0,0,0,0,-627000,0,0,0,616000,1243000,-627000,-627000
046002,美律統一93購01  ,0,0,0,0,0,0,0,0,0,-627000,0,0,0,56000,683000,-627000,-627000
054558,劍麟群益99購01  ,0,0,0,0,0,0,0,0,0,-628000,0,0,0,11000,639000,-628000,-628000
2412,中華電          ,2413247,3294832,-881585,0,0,0,36000,0,36000,217000,217000,0,217000,0,0,0,-628585
05807P,泰鼎永豐96售03  ,0,0,0,0,0,0,0,0,0,-630000,0,0,0,91000,721000,-630000,-630000
05729P,臺股指凱基97售02,0,0,0,0,0,0,0,0,0,-633000,0,0,0,25000,658000,-633000,-633000
05980P,台積電永昌96售09,0,0,0,0,0,0,0,0,0,-633000,0,0,0,3193000,3826000,-633000,-633000
052451,旭富元大95購02  ,0,0,0,0,0,0,0,0,0,-641000,0,0,0,646000,1287000,-641000,-641000
050265,美食元大94購05  ,0,0,0,0,0,0,0,0,0,-645000,0,0,0,0,645000,-645000,-645000
053458,聯詠國泰97購01  ,0,0,0,0,0,0,0,0,0,-647000,0,0,0,50000,697000,-647000,-647000
2615,萬海            ,44000,362000,-318000,0,0,0,0,400000,-400000,71000,71000,0,71000,0,0,0,-647000
056402,智易群益98購02  ,0,0,0,0,0,0,0,0,0,-648000,0,0,0,87000,735000,-648000,-648000
056982,華新科群益98購05,0,0,0,0,0,0,0,0,0,-649000,0,0,0,443000,1092000,-649000,-649000
05170P,世芯元大95售01  ,0,0,0,0,0,0,0,0,0,-650000,0,0,0,681000,1331000,-650000,-650000
055660,台光電兆豐97購01,0,0,0,0,0,0,0,0,0,-652000,0,0,0,120000,772000,-652000,-652000
048333,大立光富邦95購01,0,0,0,0,0,0,0,0,0,-654000,0,0,0,1000,655000,-654000,-654000
052200,台光電統一95購02,0,0,0,0,0,0,0,0,0,-657000,0,0,0,95000,752000,-657000,-657000
06508P,台灣50統一98售01,0,0,0,0,0,0,0,0,0,-659000,0,0,0,62000,721000,-659000,-659000
050975,楠梓電統一95購01,0,0,0,0,0,0,0,0,0,-663000,0,0,0,81000,744000,-663000,-663000
05638P,國巨統一96售04  ,0,0,0,0,0,0,0,0,0,-665000,0,0,0,731000,1396000,-665000,-665000
055260,晶相光統一98購01,0,0,0,0,0,0,0,0,0,-670000,0,0,0,53000,723000,-670000,-670000
055462,華邦電日盛97購01,0,0,0,0,0,0,0,0,0,-676000,0,0,0,42000,718000,-676000,-676000
05449P,臺股指元大95售26,0,0,0,0,0,0,0,0,0,-677000,0,0,0,36000,713000,-677000,-677000
2637,慧洋-KY         ,314000,952000,-638000,0,0,0,0,0,0,-39000,22000,61000,-39000,0,0,0,-677000
2915,潤泰全          ,202000,870328,-668328,0,0,0,0,0,0,-10000,26000,0,26000,27000,63000,-36000,-678328
053239,崇越永豐96購01  ,0,0,0,0,0,0,0,0,0,-680000,0,0,0,0,680000,-680000,-680000
2312,金寶            ,695000,950000,-255000,0,0,0,0,0,0,-428000,46000,0,46000,78000,552000,-474000,-683000
056568,台表科群益98購01,0,0,0,0,0,0,0,0,0,-687000,0,0,0,54000,741000,-687000,-687000
050714,深中小群益98購01,0,0,0,0,0,0,0,0,0,-690000,0,0,0,103000,793000,-690000,-690000
03016P,滬深2X群益01售09,0,0,0,0,0,0,0,0,0,-692000,0,0,0,0,692000,-692000,-692000
05901P,臺股指凱基9C售01,0,0,0,0,0,0,0,0,0,-698000,0,0,0,0,698000,-698000,-698000
048563,明泰元大94購01  ,0,0,0,0,0,0,0,0,0,-705000,0,0,0,0,705000,-705000,-705000
057062,立積國泰99購01  ,0,0,0,0,0,0,0,0,0,-706000,0,0,0,3000,709000,-706000,-706000
05229P,台積電群益95售05,0,0,0,0,0,0,0,0,0,-709000,0,0,0,55000,764000,-709000,-709000
045842,T50反1台新98購01,0,0,0,0,0,0,0,0,0,-710000,0,0,0,0,710000,-710000,-710000
049212,T50反1國票94購04,0,0,0,0,0,0,0,0,0,-712000,0,0,0,0,712000,-712000,-712000
051912,健鼎元大96購01  ,0,0,0,0,0,0,0,0,0,-714000,0,0,0,210000,924000,-714000,-714000
056100,楠梓電永豐97購02,0,0,0,0,0,0,0,0,0,-715000,0,0,0,81000,796000,-715000,-715000
054608,致茂永豐97購01  ,0,0,0,0,0,0,0,0,0,-719000,0,0,0,290000,1009000,-719000,-719000
04746P,臺股指元大94售17,0,0,0,0,0,0,0,0,0,-719000,0,0,0,0,719000,-719000,-719000
05716P,T50反1元大98售03,0,0,0,0,0,0,0,0,0,-720000,0,0,0,0,720000,-720000,-720000
052830,台光電群益96購01,10000,0,10000,0,0,0,0,0,0,-732000,0,0,0,198000,930000,-732000,-722000
047295,欣興元富96購02  ,0,0,0,0,0,0,0,0,0,-724000,0,0,0,84000,808000,-724000,-724000
052386,鴻海群益96購02  ,0,0,0,0,0,0,0,0,0,-727000,0,0,0,95000,822000,-727000,-727000
045994,康控富邦94購01  ,0,0,0,0,0,0,0,0,0,-734000,0,0,0,10000,744000,-734000,-734000
1310,台苯            ,364000,1134574,-770574,0,0,0,0,0,0,31000,31000,0,31000,0,0,0,-739574
047325,材料元大93購01  ,0,0,0,0,0,0,0,0,0,-750000,0,0,0,0,750000,-750000,-750000
054427,潤泰全富邦97購01,0,0,0,0,0,0,0,0,0,-752000,0,0,0,50000,802000,-752000,-752000
06410P,祥碩統一97售01  ,0,0,0,0,0,0,0,0,0,-755000,0,0,0,30000,785000,-755000,-755000
053172,瑞儀群益97購01  ,0,0,0,0,0,0,0,0,0,-759000,0,0,0,0,759000,-759000,-759000
054967,神達元大97購01  ,0,0,0,0,0,0,0,0,0,-779000,0,0,0,116000,895000,-779000,-779000
051396,健鼎兆豐95購01  ,0,0,0,0,0,0,0,0,0,-779000,0,0,0,6000,785000,-779000,-779000
056024,大立光群益97購05,0,0,0,0,0,0,0,0,0,-783000,0,0,0,0,783000,-783000,-783000
055039,神達富邦99購01  ,0,0,0,0,0,0,0,0,0,-784000,0,0,0,152000,936000,-784000,-784000
05551P,電子類元大96售01,0,0,0,0,0,0,0,0,0,-785000,0,0,0,113000,898000,-785000,-785000
055654,景碩元富97購01  ,0,0,0,0,0,0,0,0,0,-799000,0,0,0,302000,1101000,-799000,-799000
04875P,台積電中信94售04,0,0,0,0,0,0,0,0,0,-799000,0,0,0,0,799000,-799000,-799000
05103P,臺股指凱基96售10,0,0,0,0,0,0,0,0,0,-800000,0,0,0,78000,878000,-800000,-800000
2369,菱生            ,234000,1036000,-802000,0,0,0,0,0,0,-1000,11000,12000,-1000,0,0,0,-803000
052677,景碩富邦97購01  ,0,0,0,0,0,0,0,0,0,-804000,0,0,0,489000,1293000,-804000,-804000
04023P,臺股指元富99售02,0,0,0,0,0,0,0,0,0,-810000,0,0,0,10000,820000,-810000,-810000
051158,嘉晶富邦96購01  ,0,0,0,0,0,0,0,0,0,-810000,0,0,0,0,810000,-810000,-810000
050077,臺股指凱基99購02,0,0,0,0,0,0,0,0,0,-810000,0,0,0,0,810000,-810000,-810000
08671P,友訊國票01售01  ,0,0,0,0,0,0,0,0,0,-811000,0,0,0,0,811000,-811000,-811000
048149,泰鼎元富95購01  ,0,0,0,0,0,0,0,0,0,-825000,0,0,0,61000,886000,-825000,-825000
06496P,台灣50日盛98售01,0,0,0,0,0,0,0,0,0,-832000,0,0,0,407000,1239000,-832000,-832000
1714,和桐            ,385000,1146000,-761000,0,0,0,0,0,0,-72000,13000,85000,-72000,0,0,0,-833000
051173,元油2X凱基98購01,0,0,0,0,0,0,0,0,0,-839000,0,0,0,0,839000,-839000,-839000
051315,同欣電麥證95購01,0,0,0,102000,944000,-842000,0,0,0,-842000,0,0,0,102000,944000,-842000,-842000
051943,台積電麥證95購03,0,0,0,201000,1050000,-849000,0,0,0,-849000,0,0,0,201000,1050000,-849000,-849000
04289P,臺股指中信95售07,0,0,0,0,0,0,0,0,0,-865000,0,0,0,121000,986000,-865000,-865000
053562,玉晶光國泰98購02,0,0,0,0,0,0,0,0,0,-867000,0,0,0,481000,1348000,-867000,-867000
050897,嘉晶元大95購03  ,0,0,0,0,0,0,0,0,0,-870000,0,0,0,0,870000,-870000,-870000
047690,美律富邦97購01  ,0,0,0,0,0,0,0,0,0,-872000,0,0,0,180000,1052000,-872000,-872000
041527,T50反1中信96購01,0,0,0,0,0,0,0,0,0,-877000,0,0,0,135000,1012000,-877000,-877000
05196P,台積電永豐95售03,0,0,0,0,0,0,0,0,0,-879000,0,0,0,125000,1004000,-879000,-879000
054647,禾伸堂群益99購01,0,0,0,0,0,0,0,0,0,-881000,0,0,0,615000,1496000,-881000,-881000
056310,神達元大97購02  ,0,0,0,0,0,0,0,0,0,-896000,0,0,0,63000,959000,-896000,-896000
052644,聯發科永豐96購01,0,0,0,0,0,0,0,0,0,-897000,0,0,0,98000,995000,-897000,-897000
042326,元油2X國票94購01,0,0,0,0,0,0,0,0,0,-900000,0,0,0,0,900000,-900000,-900000
051327,元油2X永豐95購02,0,0,0,0,0,0,0,0,0,-904000,0,0,0,0,904000,-904000,-904000
03840P,台積電統一99售02,0,0,0,0,0,0,0,0,0,-908000,0,0,0,28000,936000,-908000,-908000
047965,景碩中信93購01  ,0,0,0,0,0,0,0,0,0,-908000,0,0,0,36000,944000,-908000,-908000
00708L,元大S&P黃金正2  ,0,0,0,0,0,0,0,0,0,-913000,0,13000,-13000,747000,1647000,-900000,-913000
051133,台積電永豐95購02,0,0,0,0,0,0,0,0,0,-913000,0,0,0,2472000,3385000,-913000,-913000
044636,創意統一94購01  ,0,0,0,0,0,0,0,0,0,-916000,0,0,0,0,916000,-916000,-916000
048628,T50反1元大96購03,0,0,0,0,0,0,0,0,0,-925000,0,0,0,0,925000,-925000,-925000
05133P,臺股指日盛95售01,0,0,0,0,0,0,0,0,0,-928000,0,0,0,5000,933000,-928000,-928000
5871,中租-KY         ,1668130,2655303,-987173,0,0,0,4000,0,4000,55000,55000,0,55000,0,0,0,-928173
1102,亞泥            ,2708000,3661646,-953646,0,0,0,0,0,0,6000,92000,0,92000,23000,109000,-86000,-947646
053561,玉晶光國泰98購01,0,0,0,0,0,0,0,0,0,-949000,0,0,0,853000,1802000,-949000,-949000
050883,嘉聯益國泰96購01,0,0,0,0,0,0,0,0,0,-967000,0,0,0,29000,996000,-967000,-967000
054534,台積電富邦98購03,0,0,0,0,0,0,0,0,0,-968000,0,0,0,165000,1133000,-968000,-968000
1303,南亞            ,1551808,2784562,-1232754,0,0,0,39000,0,39000,219000,223000,4000,219000,0,0,0,-974754
9910,豐泰            ,1155000,2189855,-1034855,0,0,0,0,0,0,56000,56000,0,56000,0,0,0,-978855
9935,慶豐富          ,193000,1084000,-891000,0,0,0,0,0,0,-88000,0,1000,-1000,13000,100000,-87000,-979000
046038,欣興元大92購07  ,0,0,0,0,0,0,0,0,0,-982000,0,0,0,0,982000,-982000,-982000
2887,台新金          ,2776000,4135765,-1359765,0,0,0,74000,0,74000,299000,299000,0,299000,0,0,0,-986765
04980P,臺股指凱基96售08,0,0,0,0,0,0,0,0,0,-994000,0,0,0,305000,1299000,-994000,-994000
05091P,台積電元大95售11,0,0,0,0,0,0,0,0,0,-1000000,0,0,0,845000,1845000,-1000000,-1000000
056288,健鼎永豐97購01  ,0,0,0,0,0,0,0,0,0,-1020000,0,0,0,159000,1179000,-1020000,-1020000
049114,玉晶光統一94購02,0,0,0,0,0,0,0,0,0,-1029000,0,0,0,1216000,2245000,-1029000,-1029000
2601,益航            ,74000,1098000,-1024000,0,0,0,0,0,0,-8000,0,8000,-8000,0,0,0,-1032000
08637P,台灣50中信96售03,0,0,0,0,0,0,0,0,0,-1040000,0,0,0,995000,2035000,-1040000,-1040000
2903,遠百            ,336000,1440000,-1104000,0,0,0,0,0,0,56000,56000,0,56000,0,0,0,-1048000
00664R,國泰臺灣加權反1 ,0,0,0,0,0,0,0,0,0,-1090000,0,0,0,143000,1233000,-1090000,-1090000
050363,臺指反元大98購04,0,0,0,0,0,0,0,0,0,-1095000,0,0,0,68000,1163000,-1095000,-1095000
056074,茂林元大97購04  ,0,0,0,0,0,0,0,0,0,-1099000,0,0,0,157000,1256000,-1099000,-1099000
6005,群益證          ,361000,1469000,-1108000,0,0,0,0,0,0,0,0,0,0,0,0,0,-1108000
4915,致伸            ,366000,1510000,-1144000,0,0,0,0,0,0,22000,14000,0,14000,14000,6000,8000,-1122000
055722,聯鈞元大97購03  ,0,0,0,0,0,0,0,0,0,-1127000,0,0,0,218000,1345000,-1127000,-1127000
9105,泰金寶-DR       ,0,1130000,-1130000,0,0,0,0,0,0,0,0,0,0,0,0,0,-1130000
056384,玉晶光國泰9A購02,0,0,0,0,0,0,0,0,0,-1138000,0,0,0,304000,1442000,-1138000,-1138000
8150,南茂            ,1094000,2133000,-1039000,0,0,0,0,0,0,-110000,22000,0,22000,40000,172000,-132000,-1149000
051733,中環國票96購02  ,0,0,0,0,0,0,0,0,0,-1153000,0,0,0,117000,1270000,-1153000,-1153000
055891,鴻海統一9A購01  ,0,0,0,0,0,0,0,0,0,-1177000,0,0,0,319000,1496000,-1177000,-1177000
056111,力成永豐97購01  ,0,0,0,0,0,0,0,0,0,-1179000,0,0,0,205000,1384000,-1179000,-1179000
6116,彩晶            ,1615000,2683000,-1068000,0,0,0,0,0,0,-114000,108000,8000,100000,1000,215000,-214000,-1182000
6176,瑞儀            ,581000,1738000,-1157000,0,0,0,0,0,0,-31000,27000,12000,15000,3000,49000,-46000,-1188000
050172,臺指反元大98購02,0,0,0,0,0,0,0,0,0,-1201000,0,0,0,45000,1246000,-1201000,-1201000
2308,台達電          ,3675000,5072205,-1397205,0,0,0,2000,0,2000,166000,143000,30000,113000,118000,65000,53000,-1229205
04049P,大立光元大95售02,0,0,0,0,0,0,0,0,0,-1235000,0,0,0,107000,1342000,-1235000,-1235000
04747P,臺股指元大94售22,0,0,0,0,0,0,0,0,0,-1254000,0,0,0,107000,1361000,-1254000,-1254000
2448,晶電            ,2122000,1593000,529000,0,0,0,0,2097000,-2097000,314000,302000,120000,182000,132000,0,132000,-1254000
055744,茂林元富97購02  ,0,0,0,0,0,0,0,0,0,-1259000,0,0,0,135000,1394000,-1259000,-1259000
03413B,臺股指凱基94熊19,0,0,0,0,0,0,0,0,0,-1274000,0,0,0,776000,2050000,-1274000,-1274000
04617P,臺股指群益95售03,0,0,0,0,0,0,0,0,0,-1290000,0,0,0,20000,1310000,-1290000,-1290000
00676R,富邦臺灣加權反1 ,0,94000,-94000,0,0,0,0,0,0,-1201000,0,0,0,90000,1291000,-1201000,-1295000
2880,華南金          ,2970000,4705869,-1735869,0,0,0,66000,0,66000,349000,349000,0,349000,0,0,0,-1320869
056070,新日興元大97購04,0,0,0,0,0,0,0,0,0,-1339000,0,0,0,248000,1587000,-1339000,-1339000
052734,台表科國泰98購02,0,0,0,0,0,0,0,0,0,-1342000,0,0,0,51000,1393000,-1342000,-1342000
055601,茂林元大97購03  ,0,0,0,0,0,0,0,0,0,-1381000,0,0,0,113000,1494000,-1381000,-1381000
1216,統一            ,5875000,7474048,-1599048,0,0,0,35000,0,35000,176000,179000,0,179000,4000,7000,-3000,-1388048
055876,美食元富9A購01  ,0,0,0,0,0,0,0,0,0,-1448000,0,0,0,840000,2288000,-1448000,-1448000
056101,光磊永豐98購01  ,0,0,0,0,0,0,0,0,0,-1458000,0,0,0,1592000,3050000,-1458000,-1458000
4958,臻鼎-KY         ,4292000,5864138,-1572138,0,0,0,207000,304000,-97000,208000,729000,557000,172000,77000,41000,36000,-1461138
6278,台表科          ,732000,1572000,-840000,0,0,0,8000,905000,-897000,268000,35000,0,35000,255000,22000,233000,-1469000
054574,美律元大99購01  ,0,0,0,0,0,0,0,0,0,-1484000,0,0,0,43000,1527000,-1484000,-1484000
1301,台塑            ,966000,2618932,-1652932,0,0,0,0,80000,-80000,181000,183000,0,183000,1000,3000,-2000,-1551932
4938,和碩            ,2420000,3679548,-1259548,0,0,0,0,442000,-442000,144000,227000,0,227000,18000,101000,-83000,-1557548
2634,漢翔            ,193000,2054000,-1861000,0,0,0,0,0,0,-8000,30000,38000,-8000,0,0,0,-1869000
2408,南亞科          ,3626000,4558267,-932267,0,0,0,198000,1034000,-836000,-110000,199000,133000,66000,74000,250000,-176000,-1878267
2301,光寶科          ,2527000,4429527,-1902527,0,0,0,0,0,0,22000,96000,15000,81000,24000,83000,-59000,-1880527
2449,京元電子        ,3213000,3946000,-733000,0,0,0,0,0,0,-1179000,47000,95000,-48000,71000,1202000,-1131000,-1912000
2458,義隆            ,1177000,3184000,-2007000,0,0,0,194000,0,194000,-117000,102000,166000,-64000,65000,118000,-53000,-1930000
051259,鴻海永昌96購03  ,0,0,0,0,0,0,0,0,0,-2138000,0,0,0,5000000,7138000,-2138000,-2138000
4904,遠傳            ,1349000,3662459,-2313459,0,0,0,0,0,0,136000,136000,0,136000,0,0,0,-2177459
045872,元油2X元富98購03,0,0,0,0,0,0,0,0,0,-2198000,0,0,0,1144000,3342000,-2198000,-2198000
2356,英業達          ,2189000,4317271,-2128271,0,0,0,0,0,0,-109000,110000,77000,33000,26000,168000,-142000,-2237271
2337,旺宏            ,3574000,2804357,769643,0,0,0,0,2621000,-2621000,-448000,377000,758000,-381000,128000,195000,-67000,-2299357
00655L,國泰中國A50正2  ,92000,90000,2000,0,0,0,0,0,0,-2338368,132000,0,132000,1304000,3774368,-2470368,-2336368
6271,同欣電          ,315000,2810000,-2495000,0,0,0,75000,47000,28000,41000,289000,220000,69000,53000,81000,-28000,-2426000
054206,鴻海國票99購01  ,0,0,0,0,0,0,0,0,0,-2534000,0,0,0,672000,3206000,-2534000,-2534000
2884,玉山金          ,3907100,6899043,-2991943,0,0,0,81000,0,81000,336000,326000,0,326000,47000,37000,10000,-2574943
9904,寶成            ,1716000,4666867,-2950867,0,0,0,20000,0,20000,126000,122000,0,122000,5000,1000,4000,-2804867
056312,茂林元大98購01  ,0,0,0,0,0,0,0,0,0,-2883000,0,0,0,184000,3067000,-2883000,-2883000
03033P,微星國票03售01  ,0,0,0,0,0,0,0,0,0,-2949000,0,0,0,0,2949000,-2949000,-2949000
03021P,玉晶光群益02售25,0,0,0,0,0,0,0,0,0,-3037000,0,0,0,11000,3048000,-3037000,-3037000
3045,台灣大          ,1377148,4795280,-3418132,0,0,0,0,0,0,252000,253000,1000,252000,0,0,0,-3166132
00701,國泰股利精選30  ,0,320000,-320000,0,0,0,0,0,0,-3082000,0,0,0,0,3082000,-3082000,-3402000
2323,中環            ,768000,4037000,-3269000,0,0,0,0,0,0,-668000,17000,56000,-39000,18000,647000,-629000,-3937000
1402,遠東新          ,807000,5255583,-4448583,0,0,0,28000,0,28000,143000,153000,4000,149000,0,6000,-6000,-4277583
5880,合庫金          ,2319150,7059163,-4740013,0,0,0,67000,0,67000,358000,360000,2000,358000,0,0,0,-4315013
00633L,富邦上証正2     ,525000,4676000,-4151000,0,0,0,0,0,0,-231000,425000,0,425000,2064000,2720000,-656000,-4382000
2885,元大金          ,4358000,10806075,-6448075,0,0,0,80000,60000,20000,524540,515000,0,515000,10000,460,9540,-5903535
2892,第一金          ,2845000,9344718,-6499718,0,0,0,73000,0,73000,348000,348000,0,348000,0,0,0,-6078718
1101,台泥            ,3878000,10359115,-6481115,0,0,0,34000,0,34000,234000,457000,0,457000,1000,224000,-223000,-6213115
1314,中石化          ,2742000,8050217,-5308217,0,0,0,0,0,0,-980000,185000,1162000,-977000,13000,16000,-3000,-6288217
2344,華邦電          ,7396000,14205470,-6809470,0,0,0,100000,1007000,-907000,679000,227000,199000,28000,807000,156000,651000,-7037470
2888,新光金          ,4188000,9618532,-5430532,0,0,0,0,0,0,-1649000,346000,80000,266000,215000,2130000,-1915000,-7079532
2886,兆豐金          ,2348000,10149001,-7801001,0,0,0,78000,0,78000,290000,408000,0,408000,0,118000,-118000,-7433001
2834,臺企銀          ,2344000,10274089,-7930089,0,0,0,37000,0,37000,309000,309000,0,309000,0,0,0,-7584089
2883,開發金          ,3352000,13091607,-9739607,0,0,0,101000,0,101000,518000,418000,0,418000,160000,60000,100000,-9120607
2409,友達            ,15936300,33306127,-17369827,0,0,0,2866000,0,2866000,533000,945000,263000,682000,756000,905000,-149000,-13970827
00642U,元大S&P石油     ,28000,239000,-211000,0,0,0,0,0,0,-16602000,45000,0,45000,672000,17319000,-16647000,-16813000
00632R,元大台灣50反1   ,31000,655000,-624000,0,0,0,0,0,0,-27769000,2550000,1367000,1183000,2399000,31351000,-28952000,-28393000
00637L,元大滬深300正2  ,123000,13662000,-13539000,0,0,0,0,0,0,-18917000,1331000,94000,1237000,7704000,27858000,-20154000,-32456000
00672L,元大S&P原油正2  ,2625000,17440000,-14815000,0,0,0,0,0,0,-82678000,200000,0,200000,7175000,90053000,-82878000,-97493000
