證券代號,證券名稱,外陸資買進股數(不含外資自營商),外陸資賣出股數(不含外資自營商),外陸資買賣超股數(不含外資自營商),外資自營商買進股數,外資自營商賣出股數,外資自營商買賣超股數,投信買進股數,投信賣出股數,投信買賣超股數,自營商買賣超股數,自營商買進股數(自行買賣),自營商賣出股數(自行買賣),自營商買賣超股數(自行買賣),自營商買進股數(避險),自營商賣出股數(避險),自營商買賣超股數(避險),三大法人買賣超股數
00637L,元大滬深300正2  ,49036000,5388000,43648000,0,0,0,0,0,0,57128000,0,10000,-10000,66777000,9639000,57138000,100776000
2603,長榮            ,30741000,12102496,18638504,0,0,0,6837000,520000,6317000,-3480000,1391000,4864000,-3473000,16000,23000,-7000,21475504
00633L,富邦上証正2     ,11063000,868000,10195000,0,0,0,0,0,0,10919000,0,0,0,11775000,856000,10919000,21114000
3481,群創            ,26454533,11416202,15038331,0,0,0,0,0,0,693000,256000,16000,240000,1453000,1000000,453000,15731331
2330,台積電          ,23882920,10966832,12916088,0,0,0,298000,136000,162000,1348000,690000,85000,605000,762000,19000,743000,14426088
4938,和碩            ,15834785,6970575,8864210,0,0,0,3811000,16000,3795000,40000,214000,307000,-93000,336000,203000,133000,12699210
2618,長榮航          ,11030325,2724000,8306325,0,0,0,1000,11000,-10000,1911000,1142000,174000,968000,978000,35000,943000,10207325
2363,矽統            ,10512000,666000,9846000,0,0,0,0,0,0,9000,9000,0,9000,0,0,0,9855000
2884,玉山金          ,11662783,3380934,8281849,0,0,0,8000,51000,-43000,426000,211000,0,211000,215000,0,215000,8664849
0056,元大高股息      ,3160,78000,-74840,0,0,0,0,0,0,7486000,50000,0,50000,7436000,0,7436000,7411160
1312,國喬            ,9793000,2735000,7058000,0,0,0,165000,0,165000,47000,140000,98000,42000,88000,83000,5000,7270000
1314,中石化          ,15925000,12321000,3604000,0,0,0,0,0,0,3517000,823000,32000,791000,3191000,465000,2726000,7121000
9945,潤泰新          ,4262236,1125114,3137122,0,0,0,0,0,0,3884639,2896000,0,2896000,1324000,335361,988639,7021761
00655L,國泰中國A50正2  ,477000,223000,254000,0,0,0,0,0,0,6475106,0,6000,-6000,7400000,918894,6481106,6729106
1313,聯成            ,8497000,1862623,6634377,0,0,0,0,0,0,0,0,0,0,0,0,0,6634377
2888,新光金          ,9057626,2563263,6494363,0,0,0,8000,0,8000,107000,8000,2000,6000,557000,456000,101000,6609363
9904,寶成            ,7546866,2319486,5227380,0,0,0,0,13000,-13000,711000,116000,177000,-61000,792000,20000,772000,5925380
2515,中工            ,6058000,1673000,4385000,0,0,0,0,0,0,1485000,398000,2000,396000,1258000,169000,1089000,5870000
2882,國泰金          ,7613982,2177629,5436353,0,0,0,4000,38000,-34000,163000,50000,91000,-41000,236000,32000,204000,5565353
2504,國產            ,8860916,3440000,5420916,0,0,0,200000,0,200000,-252000,72000,0,72000,63000,387000,-324000,5368916
1513,中興電          ,6680000,2045000,4635000,0,0,0,70000,0,70000,469000,80000,94000,-14000,629000,146000,483000,5174000
2002,中鋼            ,6881097,2209433,4671664,0,0,0,8000,50000,-42000,365000,365000,0,365000,0,0,0,4994664
3189,景碩            ,7300000,5928620,1371380,0,0,0,3640000,119000,3521000,3000,109000,73000,36000,37000,70000,-33000,4895380
2201,裕隆            ,6067384,2238000,3829384,0,0,0,0,0,0,1030000,293000,82000,211000,889000,70000,819000,4859384
00636,國泰中國A50     ,1852000,38000,1814000,0,0,0,0,0,0,2885000,20000,20000,0,3113000,228000,2885000,4699000
03381P,臺股指群益02售08,0,0,0,0,0,0,0,0,0,4357000,0,0,0,4586000,229000,4357000,4357000
066282,鎧勝元大01購01  ,0,0,0,0,0,0,0,0,0,4266000,0,0,0,4276000,10000,4266000,4266000
1605,華新            ,7104000,3474000,3630000,0,0,0,0,0,0,583000,168000,100000,68000,1201000,686000,515000,4213000
00878,國泰永續高股息  ,192000,7000,185000,0,0,0,0,0,0,4003000,0,0,0,5956000,1953000,4003000,4188000
2409,友達            ,17306454,12879786,4426668,0,0,0,90000,0,90000,-350000,532000,284000,248000,651000,1249000,-598000,4166668
2481,強茂            ,4424000,1797000,2627000,0,0,0,0,0,0,1303000,710000,10000,700000,762000,159000,603000,3930000
2402,毅嘉            ,4148000,573000,3575000,0,0,0,0,0,0,11000,12000,1000,11000,0,0,0,3586000
3049,和鑫            ,3694000,312000,3382000,0,0,0,0,0,0,160000,18000,0,18000,142000,0,142000,3542000
053856,台積電富邦98購01,0,0,0,0,0,0,0,0,0,3533000,0,0,0,4132000,599000,3533000,3533000
006205,富邦上証        ,775000,139000,636000,0,0,0,0,0,0,2784000,210000,80000,130000,4143000,1489000,2654000,3420000
2505,國揚            ,4790000,2015000,2775000,0,0,0,0,0,0,498000,50000,0,50000,448000,0,448000,3273000
5521,工信            ,3450000,391000,3059000,0,0,0,0,0,0,-1000,0,1000,-1000,0,0,0,3058000
1514,亞力            ,3462000,594000,2868000,0,0,0,0,0,0,0,0,0,0,0,0,0,2868000
0050,元大台灣50      ,818047,90000,728047,0,0,0,0,25000,-25000,2061000,376000,0,376000,2100000,415000,1685000,2764047
2352,佳世達          ,2826000,502000,2324000,0,0,0,4000,0,4000,401000,168000,12000,156000,278000,33000,245000,2729000
2312,金寶            ,3193000,940000,2253000,0,0,0,0,0,0,450000,12000,0,12000,526000,88000,438000,2703000
1440,南紡            ,3535000,718000,2817000,0,0,0,0,0,0,-119000,0,118000,-118000,0,1000,-1000,2698000
2892,第一金          ,5746467,2280117,3466350,0,0,0,7000,885000,-878000,109000,152000,43000,109000,0,0,0,2697350
2353,宏碁            ,19800411,20586602,-786191,0,0,0,1276000,0,1276000,2184000,559000,154000,405000,2386000,607000,1779000,2673809
2049,上銀            ,3613848,1677053,1936795,0,0,0,345000,0,345000,320000,85000,69000,16000,364000,60000,304000,2601795
2382,廣達            ,8041328,6474597,1566731,0,0,0,843000,15000,828000,119000,358000,196000,162000,385000,428000,-43000,2513731
2345,智邦            ,4056519,1818104,2238415,0,0,0,184000,30000,154000,51000,141000,88000,53000,110000,112000,-2000,2443415
6230,超眾            ,2338000,313000,2025000,0,0,0,0,6000,-6000,372000,36000,13000,23000,369000,20000,349000,2391000
068182,群創群益04購01  ,0,0,0,0,0,0,0,0,0,2364000,0,0,0,2684000,320000,2364000,2364000
1309,台達化          ,5176000,2636000,2540000,0,0,0,0,0,0,-188000,302000,490000,-188000,0,0,0,2352000
1326,台化            ,2615719,464725,2150994,0,0,0,2000,19000,-17000,96000,81000,0,81000,15000,0,15000,2229994
5871,中租-KY         ,3701318,1497600,2203718,0,0,0,1000,1000,0,17000,9000,26000,-17000,46000,12000,34000,2220718
3682,亞太電          ,2388000,185000,2203000,0,0,0,0,0,0,0,0,0,0,0,0,0,2203000
2368,金像電          ,11277000,9195000,2082000,0,0,0,50000,30000,20000,62000,730000,301000,429000,179000,546000,-367000,2164000
2634,漢翔            ,2785000,598000,2187000,0,0,0,0,0,0,-64000,23000,278000,-255000,206000,15000,191000,2123000
2392,正崴            ,1894000,111000,1783000,0,0,0,0,0,0,338000,121000,28000,93000,281000,36000,245000,2121000
3645,達邁            ,1829000,1888000,-59000,0,0,0,2175000,0,2175000,-7000,3000,10000,-7000,0,0,0,2109000
1718,中纖            ,2650000,300000,2350000,0,0,0,0,0,0,-254000,2000,14000,-12000,0,242000,-242000,2096000
03432B,臺股指凱基98熊13,0,0,0,0,0,0,0,0,0,2065000,0,0,0,3329000,1264000,2065000,2065000
2881,富邦金          ,4952354,3088371,1863983,0,0,0,4000,34000,-30000,133000,38000,91000,-53000,219000,33000,186000,1966983
3016,嘉晶            ,1163000,595000,568000,0,0,0,813000,0,813000,530000,18000,16000,2000,594000,66000,528000,1911000
1402,遠東新          ,5529176,3742607,1786569,0,0,0,2000,15000,-13000,137000,29000,0,29000,111000,3000,108000,1910569
2105,正新            ,3062551,2102368,960183,0,0,0,762000,0,762000,184000,329000,149000,180000,4000,0,4000,1906183
1519,華城            ,3390000,1535000,1855000,0,0,0,0,0,0,49000,1000,0,1000,209000,161000,48000,1904000
065540,台表科統一02購05,0,0,0,0,0,0,0,0,0,1895000,0,0,0,2095000,200000,1895000,1895000
5876,上海商銀        ,2201490,476502,1724988,0,0,0,2000,0,2000,90000,0,0,0,150000,60000,90000,1816988
067218,鎧勝元大01購04  ,0,0,0,0,0,0,0,0,0,1789000,0,0,0,1889000,100000,1789000,1789000
2834,臺企銀          ,3479724,1828158,1651566,0,0,0,1000,22000,-21000,151000,151000,0,151000,0,0,0,1781566
1477,聚陽            ,1707000,854000,853000,0,0,0,786000,0,786000,114000,211000,141000,70000,135000,91000,44000,1753000
068183,彩晶群益03購02  ,0,0,0,0,0,0,0,0,0,1750000,0,0,0,1904000,154000,1750000,1750000
068133,鎧勝統一03購01  ,0,0,0,0,0,0,0,0,0,1716000,0,0,0,1716000,0,1716000,1716000
066891,鴻海兆豐04購01  ,0,0,0,0,0,0,0,0,0,1677000,0,0,0,1747000,70000,1677000,1677000
2841,台開            ,2147000,485000,1662000,0,0,0,0,0,0,2000,2000,0,2000,0,0,0,1664000
069171,彩晶元大04購01  ,0,0,0,0,0,0,0,0,0,1647000,0,0,0,2375000,728000,1647000,1647000
2492,華新科          ,2862849,1359065,1503784,0,0,0,0,1000,-1000,142000,61000,8000,53000,178000,89000,89000,1644784
2377,微星            ,4965851,3800258,1165593,0,0,0,539000,54000,485000,-17000,67000,132000,-65000,159000,111000,48000,1633593
2104,國際中橡        ,1679000,165000,1514000,0,0,0,0,0,0,114000,0,0,0,148000,34000,114000,1628000
00876,元大未來關鍵科技,1000,0,1000,0,0,0,0,0,0,1620000,0,0,0,2307000,687000,1620000,1621000
00701,國泰股利精選30  ,101000,6000,95000,0,0,0,0,0,0,1526000,0,0,0,1689000,163000,1526000,1621000
0061,元大寶滬深      ,214000,7000,207000,0,0,0,0,0,0,1383000,750000,110000,640000,754000,11000,743000,1590000
2885,元大金          ,10286761,7992925,2293836,0,0,0,7000,52000,-45000,-671000,48000,1135000,-1087000,938000,522000,416000,1577836
2401,凌陽            ,2632000,1401000,1231000,0,0,0,0,0,0,256000,268000,18000,250000,6000,0,6000,1487000
00631L,元大台灣50正2   ,464000,71000,393000,0,0,0,0,0,0,1076000,100000,26000,74000,1635000,633000,1002000,1469000
2103,台橡            ,1528000,188000,1340000,0,0,0,0,0,0,128000,0,0,0,128000,0,128000,1468000
068392,彩晶統一03購01  ,0,0,0,0,0,0,0,0,0,1464000,0,0,0,1920000,456000,1464000,1464000
03414P,臺股指元大03售06,0,0,0,0,0,0,0,0,0,1440000,0,0,0,1698000,258000,1440000,1440000
064451,技嘉統一01購02  ,0,0,0,0,0,0,0,0,0,1438000,0,0,0,1564000,126000,1438000,1438000
00643,群益深証中小    ,378000,32000,346000,0,0,0,0,0,0,1077000,0,20000,-20000,1598000,501000,1097000,1423000
08865P,欣興元大01售02  ,0,0,0,0,0,0,0,0,0,1408000,0,0,0,1408000,0,1408000,1408000
2883,開發金          ,6186333,4772623,1413710,0,0,0,9000,54000,-45000,33000,74000,41000,33000,0,0,0,1401710
1907,永豐餘          ,2572000,1331000,1241000,0,0,0,0,0,0,141000,131000,0,131000,10000,0,10000,1382000
066205,京鼎統一03購01  ,0,0,0,0,0,0,0,0,0,1379000,0,0,0,1947000,568000,1379000,1379000
08928P,漢唐元富07售02  ,0,0,0,0,0,0,0,0,0,1378000,0,0,0,1378000,0,1378000,1378000
068404,建準元富04購01  ,0,0,0,0,0,0,0,0,0,1338000,0,0,0,2105000,767000,1338000,1338000
066871,台表科元富07購01,0,0,0,0,0,0,0,0,0,1337000,0,0,0,1496000,159000,1337000,1337000
1789,神隆            ,1654000,203000,1451000,0,0,0,0,0,0,-125000,23000,51000,-28000,24000,121000,-97000,1326000
2006,東和鋼鐵        ,1574000,323000,1251000,0,0,0,0,0,0,53000,100000,47000,53000,0,0,0,1304000
07288P,台灣50凱基99售06,0,0,0,0,0,0,0,0,0,1300000,0,0,0,1300000,0,1300000,1300000
068506,GIS元大01購07   ,0,0,0,0,0,0,0,0,0,1286000,0,0,0,1516000,230000,1286000,1286000
2489,瑞軒            ,1479000,283000,1196000,0,0,0,0,0,0,71000,77000,6000,71000,0,0,0,1267000
054040,中石化元大9C購01,0,0,0,0,0,0,0,0,0,1265000,0,0,0,3324000,2059000,1265000,1265000
069444,金像電元富08購01,0,0,0,0,0,0,0,0,0,1262000,0,0,0,1770000,508000,1262000,1262000
2454,聯發科          ,2820627,1894677,925950,0,0,0,166000,26000,140000,164000,106000,10000,96000,79000,11000,68000,1229950
2308,台達電          ,2824492,1673402,1151090,0,0,0,1000,10000,-9000,81000,79000,60000,19000,77000,15000,62000,1223090
064369,彩晶統一01購01  ,0,0,0,0,0,0,0,0,0,1222000,0,0,0,1261000,39000,1222000,1222000
064373,和大元富03購01  ,0,0,0,0,0,0,0,0,0,1207000,0,0,0,1321000,114000,1207000,1207000
1301,台塑            ,1743437,724071,1019366,0,0,0,3000,2000,1000,175000,94000,0,94000,85000,4000,81000,1195366
065198,玉晶光元富06購01,0,0,0,0,0,0,0,0,0,1192000,0,0,0,1372000,180000,1192000,1192000
4956,光鋐            ,1453000,283000,1170000,0,0,0,0,0,0,16000,1000,0,1000,15000,0,15000,1186000
2314,台揚            ,1485000,307000,1178000,0,0,0,0,0,0,3000,3000,0,3000,0,0,0,1181000
063927,奇力新統一02購01,0,0,0,0,0,0,0,0,0,1176000,0,0,0,1677000,501000,1176000,1176000
068122,彩晶元富03購01  ,0,0,0,0,0,0,0,0,0,1166000,0,0,0,1379000,213000,1166000,1166000
2204,中華            ,1283294,177000,1106294,0,0,0,0,0,0,54000,44000,0,44000,10000,0,10000,1160294
9105,泰金寶-DR       ,1575000,417000,1158000,0,0,0,0,0,0,0,0,0,0,0,0,0,1158000
068104,彩晶永豐01購01  ,0,0,0,0,0,0,0,0,0,1149000,0,0,0,1351000,202000,1149000,1149000
062396,華通永豐9B購01  ,0,0,0,0,0,0,0,0,0,1149000,0,0,0,1320000,171000,1149000,1149000
066330,新興永豐01購01  ,0,0,0,0,0,0,0,0,0,1141000,0,0,0,1584000,443000,1141000,1141000
3515,華擎            ,2189000,1213000,976000,0,0,0,194000,150000,44000,116000,177000,85000,92000,203000,179000,24000,1136000
069297,欣興中信02購02  ,0,0,0,0,0,0,0,0,0,1134000,0,0,0,1871000,737000,1134000,1134000
07891P,臺股指國票9B售01,0,0,0,0,0,0,0,0,0,1130000,0,0,0,1130000,0,1130000,1130000
2801,彰銀            ,1587345,420070,1167275,0,0,0,3000,25000,-22000,-16000,98000,114000,-16000,0,0,0,1129275
00850,元大臺灣ESG永續 ,0,0,0,0,0,0,0,0,0,1128000,0,0,0,1362000,234000,1128000,1128000
2614,東森            ,1227000,111000,1116000,0,0,0,0,0,0,-12000,6000,0,6000,0,18000,-18000,1104000
6285,啟碁            ,937000,254000,683000,0,0,0,161000,0,161000,260000,232000,140000,92000,169000,1000,168000,1104000
059030,奇力新兆豐99購03,0,0,0,0,0,0,0,0,0,1074000,0,0,0,1074000,0,1074000,1074000
065783,友訊永豐9C購02  ,0,0,0,0,0,0,0,0,0,1072000,0,0,0,1099000,27000,1072000,1072000
068329,義隆元大01購07  ,0,0,0,0,0,0,0,0,0,1064000,0,0,0,1450000,386000,1064000,1064000
068255,鎧勝元大01購05  ,0,0,0,0,0,0,0,0,0,1039000,0,0,0,1039000,0,1039000,1039000
2867,三商壽          ,1259000,225759,1033241,0,0,0,0,0,0,1000,1000,0,1000,0,0,0,1034241
4904,遠傳            ,2376859,1471329,905530,0,0,0,1000,0,1000,112000,115000,2000,113000,0,1000,-1000,1018530
2101,南港            ,1505000,624000,881000,0,0,0,0,0,0,137000,186000,0,186000,500000,549000,-49000,1018000
2357,華碩            ,2269466,1566295,703171,0,0,0,310000,0,310000,1000,68000,129000,-61000,170000,108000,62000,1014171
058537,彩晶統一9B購01  ,0,0,0,0,0,0,0,0,0,1003000,0,0,0,1053000,50000,1003000,1003000
056492,全新國泰9A購01  ,0,0,0,0,0,0,0,0,0,999000,0,0,0,999000,0,999000,999000
067644,康舒統一01購01  ,0,0,0,0,0,0,0,0,0,989000,0,0,0,1066000,77000,989000,989000
051266,國巨富邦99購01  ,0,0,0,0,0,0,0,0,0,986000,0,0,0,986000,0,986000,986000
8081,致新            ,820000,55000,765000,0,0,0,82000,0,82000,127000,1000,31000,-30000,179000,22000,157000,974000
6120,達運            ,1117000,152000,965000,0,0,0,0,0,0,5000,5000,0,5000,0,0,0,970000
00671R,富邦NASDAQ反1   ,2000,0,2000,0,0,0,0,0,0,964000,0,0,0,993000,29000,964000,966000
066308,中化永豐01購01  ,0,0,0,0,0,0,0,0,0,953000,0,0,0,953000,0,953000,953000
3694,海華            ,1228000,436000,792000,0,0,0,0,0,0,160000,160000,0,160000,0,0,0,952000
068312,鎧勝國票03購01  ,0,0,0,0,0,0,0,0,0,949000,0,0,0,949000,0,949000,949000
2375,凱美            ,1180000,230400,949600,0,0,0,0,0,0,-5000,0,0,0,4000,9000,-5000,944600
2542,興富發          ,1513622,681144,832478,0,0,0,0,0,0,107000,104000,12000,92000,15000,0,15000,939478
064732,GIS統一01購03   ,0,0,0,0,0,0,0,0,0,932000,0,0,0,961000,29000,932000,932000
1760,寶齡富錦        ,1638000,1028000,610000,0,0,0,300000,0,300000,19000,20000,5000,15000,4000,0,4000,929000
2329,華泰            ,1087000,164000,923000,0,0,0,0,0,0,4000,4000,0,4000,0,0,0,927000
066617,鎧勝康和01購01  ,0,0,0,0,0,0,0,0,0,926000,0,0,0,1206000,280000,926000,926000
066303,泰山永豐01購01  ,0,0,0,0,0,0,0,0,0,925000,0,0,0,1028000,103000,925000,925000
064444,聚陽統一01購02  ,0,0,0,0,0,0,0,0,0,923000,0,0,0,979000,56000,923000,923000
067508,奇鋐統一03購01  ,2000,0,2000,0,0,0,0,0,0,918000,0,0,0,1268000,350000,918000,920000
069430,精元群益02購01  ,0,0,0,0,0,0,0,0,0,918000,0,0,0,1057000,139000,918000,918000
065413,玉晶光永豐9C購10,0,0,0,0,0,0,0,0,0,913000,0,0,0,947000,34000,913000,913000
1304,台聚            ,1855000,1075000,780000,0,0,0,0,0,0,132000,132000,0,132000,0,0,0,912000
2887,台新金          ,3850812,3134023,716789,0,0,0,6000,130000,-124000,311000,372000,38000,334000,0,23000,-23000,903789
066184,鎧勝凱基01購01  ,0,0,0,0,0,0,0,0,0,903000,0,0,0,948000,45000,903000,903000
064982,新唐元大9C購01  ,0,0,0,0,0,0,0,0,0,889000,0,0,0,1019000,130000,889000,889000
2605,新興            ,1257000,128000,1129000,0,0,0,0,0,0,-242000,0,0,0,48000,290000,-242000,887000
1598,岱宇            ,1463000,545000,918000,0,0,0,0,0,0,-31000,54000,85000,-31000,0,0,0,887000
2354,鴻準            ,1171624,303190,868434,0,0,0,0,0,0,11000,37000,31000,6000,5000,0,5000,879434
2399,映泰            ,973000,105000,868000,0,0,0,0,0,0,10000,10000,0,10000,0,0,0,878000
068505,GIS元大01購06   ,0,0,0,0,0,0,0,0,0,877000,0,0,0,877000,0,877000,877000
064389,台泥永豐9C購01  ,0,0,0,0,0,0,0,0,0,877000,0,0,0,927000,50000,877000,877000
063360,茂林國泰9C購02  ,0,0,0,0,0,0,0,0,0,873000,0,0,0,873000,0,873000,873000
069149,彩晶永豐02購01  ,0,0,0,0,0,0,0,0,0,868000,0,0,0,1205000,337000,868000,868000
4306,炎洲            ,1250000,353000,897000,0,0,0,0,0,0,-33000,32000,65000,-33000,0,0,0,864000
066292,惠特元大01購02  ,0,0,0,0,0,0,0,0,0,863000,0,0,0,1063000,200000,863000,863000
03117P,南電康和01售03  ,0,0,0,0,0,0,0,0,0,860000,0,0,0,1061000,201000,860000,860000
4919,新唐            ,1152000,361000,791000,0,0,0,0,0,0,64000,1000,2000,-1000,233000,168000,65000,855000
069018,同欣電兆豐03購01,0,0,0,0,0,0,0,0,0,846000,0,0,0,1097000,251000,846000,846000
00650L,FH香港正2       ,62000,43000,19000,0,0,0,0,0,0,822000,0,0,0,1179000,357000,822000,841000
07258P,台灣50台新9A售01,0,0,0,0,0,0,0,0,0,830000,0,0,0,830000,0,830000,830000
1217,愛之味          ,934000,104000,830000,0,0,0,0,0,0,0,0,0,0,0,0,0,830000
064477,南六國泰02購01  ,0,0,0,0,0,0,0,0,0,827000,0,0,0,1076000,249000,827000,827000
069314,彩晶凱基02購02  ,0,0,0,0,0,0,0,0,0,821000,0,0,0,1052000,231000,821000,821000
057307,瀚宇博兆豐99購01,0,0,0,0,0,0,0,0,0,817000,0,0,0,817000,0,817000,817000
067941,鎧勝凱基01購02  ,0,0,0,0,0,0,0,0,0,814000,0,0,0,814000,0,814000,814000
064585,中壽永豐9C購01  ,0,0,0,0,0,0,0,0,0,814000,0,0,0,816000,2000,814000,814000
067344,鎧勝凱基02購01  ,0,0,0,0,0,0,0,0,0,809000,0,0,0,854000,45000,809000,809000
08031P,臺股指元大9B售38,0,0,0,0,0,0,0,0,0,800000,0,0,0,800000,0,800000,800000
062604,東元凱基9B購01  ,0,0,0,0,0,0,0,0,0,800000,0,0,0,800000,0,800000,800000
1517,利奇            ,816000,16000,800000,0,0,0,0,0,0,0,0,0,0,0,0,0,800000
063231,台泥元大9B購01  ,0,0,0,0,0,0,0,0,0,798000,0,0,0,1034000,236000,798000,798000
065010,國巨國泰01購04  ,0,0,0,0,0,0,0,0,0,795000,0,0,0,947000,152000,795000,795000
064278,高鐵元大9C購02  ,0,0,0,0,0,0,0,0,0,794000,0,0,0,814000,20000,794000,794000
9958,世紀鋼          ,1391000,596000,795000,0,0,0,0,20000,-20000,13000,26000,36000,-10000,300000,277000,23000,788000
068112,宏碁元富07購01  ,0,0,0,0,0,0,0,0,0,785000,0,0,0,791000,6000,785000,785000
6288,聯嘉            ,867000,80000,787000,0,0,0,0,0,0,-8000,2000,10000,-8000,0,0,0,779000
062644,中環國泰9C購01  ,30000,0,30000,0,0,0,0,0,0,746000,0,0,0,1359000,613000,746000,776000
067520,健策元富01購03  ,0,0,0,0,0,0,0,0,0,772000,0,0,0,935000,163000,772000,772000
6416,瑞祺電通        ,688000,297000,391000,0,0,0,10000,0,10000,371000,70000,34000,36000,344000,9000,335000,772000
1447,力鵬            ,923000,152000,771000,0,0,0,0,0,0,0,0,0,0,0,0,0,771000
068885,健鼎統一02購06  ,0,0,0,0,0,0,0,0,0,770000,0,0,0,1252000,482000,770000,770000
03311P,欣興凱基02售05  ,0,0,0,0,0,0,0,0,0,770000,0,0,0,960000,190000,770000,770000
065782,健策富邦01購02  ,0,0,0,0,0,0,0,0,0,767000,0,0,0,1283000,516000,767000,767000
1455,集盛            ,946000,166000,780000,0,0,0,0,0,0,-16000,5000,21000,-16000,0,0,0,764000
063948,高鐵元大9C購01  ,0,0,0,0,0,0,0,0,0,763000,0,0,0,786000,23000,763000,763000
5215,科嘉-KY         ,983000,690000,293000,0,0,0,550000,83000,467000,3000,23000,20000,3000,0,0,0,763000
069005,奇力新兆豐03購01,0,0,0,0,0,0,0,0,0,760000,0,0,0,801000,41000,760000,760000
4943,康控-KY         ,720000,167000,553000,0,0,0,0,0,0,207000,25000,25000,0,224000,17000,207000,760000
061960,國巨統一01購05  ,0,0,0,0,0,0,0,0,0,759000,0,0,0,789000,30000,759000,759000
1409,新纖            ,2327000,1581000,746000,0,0,0,0,0,0,10000,0,0,0,10000,0,10000,756000
069265,奇力新兆豐04購01,0,0,0,0,0,0,0,0,0,755000,0,0,0,755000,0,755000,755000
065690,台苯群益9C購01  ,0,0,0,0,0,0,0,0,0,754000,0,0,0,834000,80000,754000,754000
03356P,南電凱基02售05  ,0,0,0,0,0,0,0,0,0,753000,0,0,0,864000,111000,753000,753000
063444,金像電統一03購01,0,0,0,0,0,0,0,0,0,752000,0,0,0,1236000,484000,752000,752000
3047,訊舟            ,861000,247000,614000,0,0,0,0,0,0,138000,138000,0,138000,0,0,0,752000
2014,中鴻            ,944000,253000,691000,0,0,0,0,0,0,60000,60000,0,60000,0,0,0,751000
1103,嘉泥            ,761000,14000,747000,0,0,0,0,0,0,3000,3000,0,3000,0,0,0,750000
07069P,欣興元富99售02  ,0,0,0,0,0,0,0,0,0,749000,0,0,0,749000,0,749000,749000
068574,GIS元大01購08   ,0,0,0,0,0,0,0,0,0,748000,0,0,0,848000,100000,748000,748000
3033,威健            ,889000,152000,737000,0,0,0,0,0,0,10000,10000,0,10000,0,0,0,747000
069269,帆宣兆豐03購02  ,0,0,0,0,0,0,0,0,0,746000,0,0,0,785000,39000,746000,746000
058287,國巨國票9A購02  ,0,0,0,0,0,0,0,0,0,744000,0,0,0,990000,246000,744000,744000
1909,榮成            ,2156000,1075000,1081000,0,0,0,0,180000,-180000,-157000,47000,204000,-157000,0,0,0,744000
068142,鴻海元大02購02  ,0,0,0,0,0,0,0,0,0,739000,0,0,0,1193000,454000,739000,739000
066280,眾達元大01購01  ,0,0,0,0,0,0,0,0,0,738000,0,0,0,748000,10000,738000,738000
068888,茂林統一03購01  ,0,0,0,0,0,0,0,0,0,737000,0,0,0,1273000,536000,737000,737000
066676,A50正2兆豐03購01,0,0,0,0,0,0,0,0,0,735000,0,0,0,807000,72000,735000,735000
067119,泰鼎群益01購02  ,0,0,0,0,0,0,0,0,0,735000,0,0,0,748000,13000,735000,735000
069412,奇力新統一04購02,0,0,0,0,0,0,0,0,0,731000,0,0,0,1129000,398000,731000,731000
2457,飛宏            ,883000,162000,721000,0,0,0,0,0,0,3000,3000,0,3000,0,0,0,724000
2636,台驊投控        ,632000,65000,567000,0,0,0,0,0,0,156000,156000,0,156000,0,0,0,723000
062540,茂林國泰9C購01  ,0,0,0,0,0,0,0,0,0,722000,0,0,0,782000,60000,722000,722000
067639,奇力新統一01購06,0,0,0,0,0,0,0,0,0,717000,0,0,0,939000,222000,717000,717000
1303,南亞            ,1481808,858063,623745,0,0,0,5000,25000,-20000,112000,73000,6000,67000,45000,0,45000,715745
063472,茂林元大9B購04  ,0,0,0,0,0,0,0,0,0,715000,0,0,0,715000,0,715000,715000
067266,義隆國泰03購01  ,0,0,0,0,0,0,0,0,0,711000,0,0,0,1335000,624000,711000,711000
9802,鈺齊-KY         ,791000,1087000,-296000,0,0,0,854000,0,854000,153000,121000,224000,-103000,269000,13000,256000,711000
065011,智邦國泰02購01  ,0,0,0,0,0,0,0,0,0,708000,0,0,0,1132000,424000,708000,708000
068055,鎧勝統一02購02  ,0,0,0,0,0,0,0,0,0,707000,0,0,0,757000,50000,707000,707000
067993,宏碁元大01購02  ,0,0,0,0,0,0,0,0,0,704000,0,0,0,793000,89000,704000,704000
08156P,大立光元富9B售05,0,0,0,0,0,0,0,0,0,704000,0,0,0,852000,148000,704000,704000
059074,元油2X元大9C購15,0,0,0,0,0,0,0,0,0,701000,0,0,0,708000,7000,701000,701000
063542,泰鼎元富9B購02  ,0,0,0,0,0,0,0,0,0,701000,0,0,0,781000,80000,701000,701000
3576,聯合再生        ,6620000,5819000,801000,0,0,0,0,0,0,-100000,0,100000,-100000,0,0,0,701000
067919,玉晶光永豐01購03,0,0,0,0,0,0,0,0,0,696000,0,0,0,766000,70000,696000,696000
063874,志超永豐9C購01  ,0,0,0,0,0,0,0,0,0,689000,0,0,0,932000,243000,689000,689000
067246,鎧勝群益01購02  ,0,0,0,0,0,0,0,0,0,687000,0,0,0,719000,32000,687000,687000
059849,興勤永豐99購01  ,0,0,0,0,0,0,0,0,0,681000,0,0,0,741000,60000,681000,681000
064580,統一永豐9C購01  ,0,0,0,0,0,0,0,0,0,681000,0,0,0,731000,50000,681000,681000
061938,大立光國票9B購03,0,0,0,0,0,0,0,0,0,678000,0,0,0,800000,122000,678000,678000
066343,佳醫永豐01購01  ,0,0,0,0,0,0,0,0,0,678000,0,0,0,696000,18000,678000,678000
068991,冠德永豐02購01  ,0,0,0,0,0,0,0,0,0,674000,0,0,0,706000,32000,674000,674000
067270,精成科永豐01購01,0,0,0,0,0,0,0,0,0,671000,0,0,0,844000,173000,671000,671000
03047P,矽創國票03售01  ,0,0,0,0,0,0,0,0,0,670000,0,0,0,690000,20000,670000,670000
063806,瀚宇博兆豐01購01,0,0,0,0,0,0,0,0,0,669000,0,0,0,763000,94000,669000,669000
065034,玉晶光統一01購11,0,0,0,0,0,0,0,0,0,668000,0,0,0,868000,200000,668000,668000
064927,瀚宇博統一02購01,0,0,0,0,0,0,0,0,0,668000,0,0,0,906000,238000,668000,668000
062221,奇力新統一01購01,0,0,0,0,0,0,0,0,0,666000,0,0,0,771000,105000,666000,666000
1795,美時            ,924000,138000,786000,0,0,0,0,120000,-120000,0,0,0,0,0,0,0,666000
061754,晶技麥證9B購01  ,0,0,0,664000,0,664000,0,0,0,664000,0,0,0,664000,0,664000,664000
047564,滬深2X國票99購01,0,0,0,0,0,0,0,0,0,663000,0,0,0,865000,202000,663000,663000
1712,興農            ,835000,145000,690000,0,0,0,0,0,0,-27000,0,27000,-27000,0,0,0,663000
3052,夆典            ,856000,204000,652000,0,0,0,0,0,0,10000,10000,0,10000,0,0,0,662000
07864P,可成元大9B售01  ,0,0,0,0,0,0,0,0,0,661000,0,0,0,730000,69000,661000,661000
069070,欣興麥證02購01  ,0,0,0,964000,299000,665000,0,0,0,660000,0,0,0,1000000,340000,660000,660000
066873,健策國泰02購01  ,0,0,0,0,0,0,0,0,0,660000,0,0,0,839000,179000,660000,660000
3038,全台            ,538000,100000,438000,0,0,0,0,0,0,221000,266000,45000,221000,0,0,0,659000
2027,大成鋼          ,1655000,1044000,611000,0,0,0,0,0,0,48000,95000,32000,63000,19000,34000,-15000,659000
068033,國產元富01購01  ,0,0,0,0,0,0,0,0,0,655000,0,0,0,1347000,692000,655000,655000
065682,健策統一9C購07  ,0,0,0,0,0,0,0,0,0,654000,0,0,0,862000,208000,654000,654000
00676R,富邦臺灣加權反1 ,239000,0,239000,0,0,0,0,0,0,414000,0,0,0,1029000,615000,414000,653000
4960,誠美材          ,1205000,585000,620000,0,0,0,0,0,0,30000,30000,0,30000,0,0,0,650000
063259,廣達富邦9C購01  ,0,0,0,0,0,0,0,0,0,647000,0,0,0,822000,175000,647000,647000
064640,和大凱基03購01  ,0,0,0,0,0,0,0,0,0,643000,0,0,0,693000,50000,643000,643000
3413,京鼎            ,1037000,493000,544000,0,0,0,35000,0,35000,50000,61000,23000,38000,64000,52000,12000,629000
2102,泰豐            ,1313000,950000,363000,0,0,0,0,0,0,261000,4000,0,4000,257000,0,257000,624000
064829,義隆統一01購02  ,0,0,0,0,0,0,0,0,0,622000,0,0,0,1268000,646000,622000,622000
2107,厚生            ,595000,60000,535000,0,0,0,0,0,0,85000,85000,0,85000,0,0,0,620000
6505,台塑化          ,1204085,751236,452849,0,0,0,1000,3000,-2000,169000,102000,0,102000,67000,0,67000,619849
066283,鎧勝元大01購02  ,0,0,0,0,0,0,0,0,0,609000,0,0,0,651000,42000,609000,609000
2478,大毅            ,757000,193000,564000,0,0,0,0,0,0,44000,3000,0,3000,79000,38000,41000,608000
1515,力山            ,709000,361000,348000,0,0,0,20000,0,20000,237000,0,20000,-20000,262000,5000,257000,605000
1457,宜進            ,281000,157000,124000,0,0,0,0,0,0,477000,477000,0,477000,0,0,0,601000
07895P,美律元大9B售01  ,0,0,0,0,0,0,0,0,0,600000,0,0,0,600000,0,600000,600000
057347,國巨統一9A購03  ,0,0,0,0,0,0,0,0,0,600000,0,0,0,600000,0,600000,600000
067884,鴻海群益02購03  ,0,0,0,0,0,0,0,0,0,599000,0,0,0,599000,0,599000,599000
2485,兆赫            ,729000,181000,548000,0,0,0,0,0,0,51000,53000,2000,51000,0,0,0,599000
063568,高鐵元大9B購01  ,0,0,0,0,0,0,0,0,0,598000,0,0,0,626000,28000,598000,598000
068755,鎧勝國泰04購01  ,0,0,0,0,0,0,0,0,0,596000,0,0,0,784000,188000,596000,596000
066246,中化元大01購01  ,0,0,0,0,0,0,0,0,0,595000,0,0,0,698000,103000,595000,595000
067463,T50反1元大01購04,0,0,0,0,0,0,0,0,0,594000,0,0,0,642000,48000,594000,594000
060841,宏達電國票9B購01,0,0,0,0,0,0,0,0,0,591000,0,0,0,591000,0,591000,591000
00669R,國泰美國道瓊反1 ,391000,0,391000,0,0,0,0,0,0,200000,0,0,0,500000,300000,200000,591000
6443,元晶            ,1560000,919000,641000,0,0,0,0,0,0,-50000,0,50000,-50000,0,0,0,591000
063666,京元電統一9C購01,0,0,0,0,0,0,0,0,0,590000,0,0,0,590000,0,590000,590000
065360,和大元大01購03  ,0,0,0,0,0,0,0,0,0,590000,0,0,0,606000,16000,590000,590000
064245,GIS統一02購02   ,0,0,0,0,0,0,0,0,0,587000,0,0,0,920000,333000,587000,587000
065367,技嘉元大01購01  ,0,0,0,0,0,0,0,0,0,587000,0,0,0,587000,0,587000,587000
2106,建大            ,1032000,1013000,19000,0,0,0,500000,0,500000,66000,80000,14000,66000,0,0,0,585000
069099,欣興統一04購02  ,0,0,0,0,0,0,0,0,0,584000,0,0,0,1155000,571000,584000,584000
065298,健策統一9C購06  ,0,0,0,0,0,0,0,0,0,583000,0,0,0,584000,1000,583000,583000
2328,廣宇            ,891000,452000,439000,0,0,0,0,0,0,144000,152000,8000,144000,0,0,0,583000
9921,巨大            ,973541,433062,540479,0,0,0,0,0,0,42000,16000,8000,8000,58000,24000,34000,582479
069554,彩晶元大04購02  ,0,0,0,0,0,0,0,0,0,580000,0,0,0,1191000,611000,580000,580000
067791,康舒群益01購01  ,0,0,0,0,0,0,0,0,0,580000,0,0,0,649000,69000,580000,580000
1305,華夏            ,496000,674000,-178000,0,0,0,771000,0,771000,-13000,110000,368000,-258000,313000,68000,245000,580000
067391,健策元富01購02  ,0,0,0,0,0,0,0,0,0,579000,0,0,0,628000,49000,579000,579000
00861,元大全球未來通訊,671000,0,671000,0,0,0,0,0,0,-97000,0,0,0,165000,262000,-97000,574000
2601,益航            ,738000,261000,477000,0,0,0,0,0,0,97000,97000,0,97000,0,0,0,574000
068405,玉晶光元富07購01,0,0,0,0,0,0,0,0,0,573000,0,0,0,573000,0,573000,573000
2535,達欣工          ,787000,526000,261000,0,0,0,0,0,0,307000,680000,370000,310000,63000,66000,-3000,568000
4906,正文            ,855000,417000,438000,0,0,0,0,0,0,129000,38000,17000,21000,133000,25000,108000,567000
2903,遠百            ,600000,56000,544000,0,0,0,0,0,0,22000,22000,0,22000,0,0,0,566000
060733,和大統一9C購01  ,0,0,0,0,0,0,0,0,0,563000,0,0,0,665000,102000,563000,563000
1604,聲寶            ,605000,40000,565000,0,0,0,0,0,0,-2000,0,2000,-2000,0,0,0,563000
069016,瑞儀兆豐03購01  ,0,0,0,0,0,0,0,0,0,562000,0,0,0,678000,116000,562000,562000
006207,FH滬深          ,569000,11000,558000,0,0,0,0,0,0,4000,60000,0,60000,618000,674000,-56000,562000
068275,健策永豐01購04  ,0,0,0,0,0,0,0,0,0,561000,0,0,0,637000,76000,561000,561000
060878,奇力新中信9C購01,0,0,0,0,0,0,0,0,0,560000,0,0,0,661000,101000,560000,560000
067008,康舒永豐01購01  ,0,0,0,0,0,0,0,0,0,560000,0,0,0,646000,86000,560000,560000
2342,茂矽            ,1318000,777000,541000,0,0,0,0,0,0,16000,16000,0,16000,0,0,0,557000
056395,玉晶光永豐9B購01,0,0,0,0,0,0,0,0,0,553000,0,0,0,582000,29000,553000,553000
8103,瀚荃            ,760000,260000,500000,0,0,0,0,0,0,53000,53000,0,53000,0,0,0,553000
063673,GIS統一9C購02   ,0,0,0,0,0,0,0,0,0,552000,0,0,0,772000,220000,552000,552000
068865,茂林元富08購01  ,0,0,0,0,0,0,0,0,0,550000,0,0,0,850000,300000,550000,550000
068465,致茂永豐01購03  ,0,0,0,0,0,0,0,0,0,546000,0,0,0,546000,0,546000,546000
067826,高鐵兆豐03購01  ,0,0,0,0,0,0,0,0,0,546000,0,0,0,606000,60000,546000,546000
068002,玉晶光元大01購10,0,0,0,0,0,0,0,0,0,545000,0,0,0,545000,0,545000,545000
068982,健策元大02購06  ,0,0,0,0,0,0,0,0,0,545000,0,0,0,759000,214000,545000,545000
067349,中化群益02購01  ,0,0,0,0,0,0,0,0,0,545000,0,0,0,575000,30000,545000,545000
065491,華新科國泰02購01,0,0,0,0,0,0,0,0,0,545000,0,0,0,700000,155000,545000,545000
056301,開發金元大9A購01,0,0,0,0,0,0,0,0,0,544000,0,0,0,744000,200000,544000,544000
066834,泰鼎群益01購01  ,0,0,0,0,0,0,0,0,0,535000,0,0,0,546000,11000,535000,535000
068985,瑞儀元大02購04  ,0,0,0,0,0,0,0,0,0,532000,0,0,0,831000,299000,532000,532000
068070,友達凱基05購01  ,0,0,0,0,0,0,0,0,0,531000,0,0,0,600000,69000,531000,531000
065076,中橡元大9C購01  ,0,0,0,0,0,0,0,0,0,528000,0,0,0,733000,205000,528000,528000
066100,鎧勝中信05購01  ,0,0,0,0,0,0,0,0,0,528000,0,0,0,529000,1000,528000,528000
063669,宏達電統一9C購01,0,0,0,0,0,0,0,0,0,527000,0,0,0,567000,40000,527000,527000
2548,華固            ,472000,61000,411000,0,0,0,0,2000,-2000,118000,87000,0,87000,36000,5000,31000,527000
03292P,欣興元大02售03  ,0,0,0,0,0,0,0,0,0,526000,0,0,0,864000,338000,526000,526000
066923,滬深2X國票02購01,0,0,0,0,0,0,0,0,0,526000,0,0,0,739000,213000,526000,526000
1526,日馳            ,1593000,1068000,525000,0,0,0,0,0,0,-1000,0,1000,-1000,0,0,0,524000
064204,瑞儀兆豐01購01  ,0,0,0,0,0,0,0,0,0,522000,0,0,0,1278000,756000,522000,522000
063359,泰鼎國泰01購01  ,0,0,0,0,0,0,0,0,0,521000,0,0,0,594000,73000,521000,521000
066140,鎧勝群益01購01  ,0,0,0,0,0,0,0,0,0,521000,0,0,0,521000,0,521000,521000
061684,T50反1群益9A購06,0,0,0,0,0,0,0,0,0,520000,0,0,0,520000,0,520000,520000
5471,松翰            ,933000,594000,339000,0,0,0,0,0,0,177000,120000,6000,114000,111000,48000,63000,516000
067957,玉晶光永豐01購09,0,0,0,0,0,0,0,0,0,515000,0,0,0,540000,25000,515000,515000
066347,鎧勝永豐01購01  ,0,0,0,0,0,0,0,0,0,515000,0,0,0,515000,0,515000,515000
068987,GIS元大03購01   ,0,0,0,0,0,0,0,0,0,514000,0,0,0,1067000,553000,514000,514000
03106P,T50反1元大01售06,0,0,0,0,0,0,0,0,0,514000,0,0,0,962000,448000,514000,514000
067031,華擎元富01購01  ,0,0,0,0,0,0,0,0,0,514000,0,0,0,1837000,1323000,514000,514000
067482,高鐵元大01購01  ,0,0,0,0,0,0,0,0,0,514000,0,0,0,515000,1000,514000,514000
3019,亞光            ,566000,181000,385000,0,0,0,0,0,0,129000,56000,0,56000,78000,5000,73000,514000
063620,奇力新兆豐9B購01,0,0,0,0,0,0,0,0,0,511000,0,0,0,523000,12000,511000,511000
9907,統一實          ,696000,185000,511000,0,0,0,0,0,0,0,0,0,0,0,0,0,511000
066374,臺股指中信04購01,0,0,0,0,0,0,0,0,0,510000,0,0,0,681000,171000,510000,510000
063902,志超群益9C購01  ,0,0,0,0,0,0,0,0,0,509000,0,0,0,577000,68000,509000,509000
08469P,富邦金凱基9C售01,0,0,0,0,0,0,0,0,0,508000,0,0,0,549000,41000,508000,508000
066957,健策元大01購06  ,1000,0,1000,0,0,0,0,0,0,507000,0,0,0,771000,264000,507000,508000
067745,泰鼎元大01購03  ,0,0,0,0,0,0,0,0,0,506000,0,0,0,522000,16000,506000,506000
064469,臻鼎元富9C購01  ,0,0,0,0,0,0,0,0,0,505000,0,0,0,674000,169000,505000,505000
064390,台塑永豐9C購01  ,0,0,0,0,0,0,0,0,0,505000,0,0,0,665000,160000,505000,505000
063167,同欣電永豐9B購03,0,0,0,0,0,0,0,0,0,505000,0,0,0,521000,16000,505000,505000
03137P,台灣50凱基03售03,0,0,0,0,0,0,0,0,0,500000,0,0,0,500000,0,500000,500000
066546,鴻海元大01購10  ,0,0,0,0,0,0,0,0,0,500000,0,0,0,600000,100000,500000,500000
07498P,台積電元大9A售09,0,0,0,0,0,0,0,0,0,499000,0,0,0,499000,0,499000,499000
07532P,台灣50中信01售02,0,0,0,0,0,0,0,0,0,499000,0,0,0,499000,0,499000,499000
07595P,台灣50中信03售07,0,0,0,0,0,0,0,0,0,499000,0,0,0,499000,0,499000,499000
07395P,台積電群益99售13,0,0,0,0,0,0,0,0,0,499000,0,0,0,499000,0,499000,499000
068522,旺宏元富04購01  ,0,0,0,0,0,0,0,0,0,499000,0,0,0,499000,0,499000,499000
067968,大立光群益01購10,0,0,0,0,0,0,0,0,0,499000,0,0,0,526000,27000,499000,499000
2891,中信金          ,10428624,7391617,3037007,0,0,0,11000,2583000,-2572000,33000,3000,0,3000,30000,0,30000,498007
066757,南港永豐01購01  ,0,0,0,0,0,0,0,0,0,494000,0,0,0,660000,166000,494000,494000
068381,玉晶光永豐03購01,0,0,0,0,0,0,0,0,0,492000,0,0,0,502000,10000,492000,492000
058896,中環元大99購03  ,0,0,0,0,0,0,0,0,0,491000,0,0,0,601000,110000,491000,491000
062851,建準永豐9B購02  ,0,0,0,0,0,0,0,0,0,488000,0,0,0,544000,56000,488000,488000
2023,燁輝            ,711000,223000,488000,0,0,0,0,0,0,0,0,0,0,0,0,0,488000
067830,帆宣兆豐03購01  ,0,0,0,0,0,0,0,0,0,487000,0,0,0,520000,33000,487000,487000
067117,健策群益01購09  ,0,0,0,0,0,0,0,0,0,487000,0,0,0,659000,172000,487000,487000
069486,強茂元大02購02  ,0,0,0,0,0,0,0,0,0,486000,0,0,0,2184000,1698000,486000,486000
068960,建準群益02購01  ,0,0,0,0,0,0,0,0,0,485000,0,0,0,509000,24000,485000,485000
05644P,大立光中信9A售03,0,0,0,0,0,0,0,0,0,485000,0,0,0,505000,20000,485000,485000
1612,宏泰            ,349000,7000,342000,0,0,0,0,0,0,142000,142000,0,142000,0,0,0,484000
4935,茂林-KY         ,622000,420000,202000,0,0,0,290000,0,290000,-8000,223000,0,223000,63000,294000,-231000,484000
8210,勤誠            ,512000,75000,437000,0,0,0,0,0,0,46000,54000,0,54000,2000,10000,-8000,483000
6706,惠特            ,528000,184000,344000,0,0,0,0,0,0,139000,123000,0,123000,106000,90000,16000,483000
066956,華擎元大01購04  ,0,0,0,0,0,0,0,0,0,481000,0,0,0,643000,162000,481000,481000
065193,和大元富03購02  ,0,0,0,0,0,0,0,0,0,478000,0,0,0,781000,303000,478000,478000
057579,長榮航中信9A購01,0,0,0,0,0,0,0,0,0,476000,0,0,0,491000,15000,476000,476000
063781,健策永豐9B購08  ,0,0,0,0,0,0,0,0,0,476000,0,0,0,493000,17000,476000,476000
064033,茂林元大9C購02  ,0,0,0,0,0,0,0,0,0,475000,0,0,0,478000,3000,475000,475000
066013,友訊元富01購02  ,0,0,0,0,0,0,0,0,0,475000,0,0,0,741000,266000,475000,475000
03181P,台灣50元大01售40,0,0,0,0,0,0,0,0,0,474000,0,0,0,550000,76000,474000,474000
064556,華通群益02購02  ,0,0,0,0,0,0,0,0,0,473000,0,0,0,483000,10000,473000,473000
053827,漢唐麥證9A購01  ,0,0,0,488000,16000,472000,0,0,0,472000,0,0,0,488000,16000,472000,472000
059249,大立光凱基99購05,0,0,0,0,0,0,0,0,0,470000,0,0,0,470000,0,470000,470000
061360,智邦兆豐9B購02  ,0,0,0,0,0,0,0,0,0,469000,0,0,0,763000,294000,469000,469000
063668,奇力新統一01購03,0,0,0,0,0,0,0,0,0,469000,0,0,0,1038000,569000,469000,469000
066946,京元電元大01購04,0,0,0,0,0,0,0,0,0,469000,0,0,0,615000,146000,469000,469000
066850,鎧勝元大01購03  ,0,0,0,0,0,0,0,0,0,469000,0,0,0,510000,41000,469000,469000
066197,鴻海統一02購02  ,0,0,0,0,0,0,0,0,0,468000,0,0,0,500000,32000,468000,468000
057257,台泥兆豐99購01  ,0,0,0,0,0,0,0,0,0,466000,0,0,0,467000,1000,466000,466000
2369,菱生            ,728000,268000,460000,0,0,0,0,0,0,4000,4000,0,4000,0,0,0,464000
068459,玉晶光國票03購04,0,0,0,0,0,0,0,0,0,463000,0,0,0,467000,4000,463000,463000
068827,鎧勝元大02購01  ,0,0,0,0,0,0,0,0,0,461000,0,0,0,477000,16000,461000,461000
2351,順德            ,271000,111000,160000,0,0,0,0,0,0,299000,248000,0,248000,51000,0,51000,459000
067113,京鼎群益02購03  ,0,0,0,0,0,0,0,0,0,457000,0,0,0,470000,13000,457000,457000
3059,華晶科          ,515000,61000,454000,0,0,0,0,0,0,3000,3000,0,3000,0,0,0,457000
03390P,欣興凱基02售07  ,0,0,0,0,0,0,0,0,0,455000,0,0,0,739000,284000,455000,455000
058511,華新科元大9B購01,0,0,0,0,0,0,0,0,0,455000,0,0,0,455000,0,455000,455000
063870,健策永豐01購01  ,0,0,0,0,0,0,0,0,0,454000,0,0,0,465000,11000,454000,454000
066309,永光永豐01購01  ,0,0,0,0,0,0,0,0,0,454000,0,0,0,454000,0,454000,454000
063354,茂林元富9B購02  ,0,0,0,0,0,0,0,0,0,453000,0,0,0,666000,213000,453000,453000
069276,欣興永豐02購05  ,0,0,0,0,0,0,0,0,0,452000,0,0,0,546000,94000,452000,452000
067368,技嘉統一03購01  ,0,0,0,0,0,0,0,0,0,452000,0,0,0,1137000,685000,452000,452000
067811,高鐵凱基01購01  ,0,0,0,0,0,0,0,0,0,449000,0,0,0,449000,0,449000,449000
060813,高鐵凱基9A購01  ,0,0,0,0,0,0,0,0,0,449000,0,0,0,499000,50000,449000,449000
1736,喬山            ,494000,687000,-193000,0,0,0,520000,0,520000,121000,28000,23000,5000,143000,27000,116000,448000
068400,瑞昱元富07購02  ,0,0,0,0,0,0,0,0,0,447000,0,0,0,1428000,981000,447000,447000
067829,鎧勝兆豐03購01  ,0,0,0,0,0,0,0,0,0,446000,0,0,0,446000,0,446000,446000
065164,和大元大01購01  ,0,0,0,0,0,0,0,0,0,444000,0,0,0,481000,37000,444000,444000
1731,美吾華          ,501000,79000,422000,0,0,0,0,0,0,21000,21000,0,21000,0,0,0,443000
068919,台積電元富08購09,0,0,0,0,0,0,0,0,0,442000,0,0,0,464000,22000,442000,442000
067358,華擎群益01購05  ,0,0,0,0,0,0,0,0,0,442000,0,0,0,758000,316000,442000,442000
061489,高鐵兆豐9A購01  ,0,0,0,0,0,0,0,0,0,441000,0,0,0,441000,0,441000,441000
066721,臺指反元大04購03,0,0,0,0,0,0,0,0,0,440000,0,0,0,455000,15000,440000,440000
068527,義隆元富03購01  ,20000,0,20000,0,0,0,0,0,0,419000,0,0,0,622000,203000,419000,439000
058929,可成統一9C購01  ,0,0,0,0,0,0,0,0,0,439000,0,0,0,655000,216000,439000,439000
08975P,欣興群益01售05  ,0,0,0,0,0,0,0,0,0,439000,0,0,0,507000,68000,439000,439000
064137,台泥統一02購01  ,0,0,0,0,0,0,0,0,0,438000,0,0,0,749000,311000,438000,438000
066377,健策兆豐01購02  ,0,0,0,0,0,0,0,0,0,438000,0,0,0,445000,7000,438000,438000
061488,奇力新兆豐9A購01,0,0,0,0,0,0,0,0,0,436000,0,0,0,446000,10000,436000,436000
067623,台積電富邦04購05,0,0,0,0,0,0,0,0,0,436000,0,0,0,436000,0,436000,436000
2206,三陽工業        ,1102000,724000,378000,0,0,0,0,0,0,58000,58000,0,58000,0,0,0,436000
068989,瑞昱永豐02購01  ,0,0,0,0,0,0,0,0,0,435000,0,0,0,460000,25000,435000,435000
068338,GIS元大01購04   ,0,0,0,0,0,0,0,0,0,434000,0,0,0,436000,2000,434000,434000
1215,卜蜂            ,382000,150000,232000,0,0,0,50000,0,50000,152000,164000,39000,125000,42000,15000,27000,434000
00739,元大MSCI A股    ,29000,6000,23000,0,0,0,0,0,0,409000,0,0,0,1026000,617000,409000,432000
062878,宏達電兆豐9B購01,0,0,0,0,0,0,0,0,0,431000,0,0,0,436000,5000,431000,431000
069158,精元元大02購02  ,0,0,0,0,0,0,0,0,0,429000,0,0,0,443000,14000,429000,429000
064256,玉晶光國泰02購02,0,0,0,0,0,0,0,0,0,429000,0,0,0,973000,544000,429000,429000
3380,明泰            ,1121000,730772,390228,0,0,0,0,0,0,38000,39000,4000,35000,22000,19000,3000,428228
064393,友訊永豐9C購01  ,0,0,0,0,0,0,0,0,0,428000,0,0,0,476000,48000,428000,428000
064939,健策元富9C購03  ,0,0,0,0,0,0,0,0,0,427000,0,0,0,436000,9000,427000,427000
069120,晶技群益03購01  ,0,0,0,0,0,0,0,0,0,426000,0,0,0,429000,3000,426000,426000
062800,奇力新統一01購02,0,0,0,0,0,0,0,0,0,424000,0,0,0,657000,233000,424000,424000
6235,華孚            ,1093000,671000,422000,0,0,0,0,0,0,2000,2000,0,2000,0,0,0,424000
2609,陽明            ,1003000,1131000,-128000,0,0,0,250000,0,250000,300000,300000,0,300000,0,0,0,422000
057555,玉晶光凱基9A購02,0,0,0,0,0,0,0,0,0,421000,0,0,0,558000,137000,421000,421000
068278,惠特永豐01購03  ,0,0,0,0,0,0,0,0,0,420000,0,0,0,564000,144000,420000,420000
069133,神隆永豐02購01  ,0,0,0,0,0,0,0,0,0,417000,0,0,0,577000,160000,417000,417000
067155,健策統一02購01  ,0,0,0,0,0,0,0,0,0,417000,0,0,0,419000,2000,417000,417000
1504,東元            ,863000,438000,425000,0,0,0,0,0,0,-10000,30000,8000,22000,90000,122000,-32000,415000
3702,大聯大          ,873706,357329,516377,0,0,0,5000,0,5000,-108000,103000,6000,97000,5000,210000,-205000,413377
067850,台郡元富07購01  ,0,0,0,0,0,0,0,0,0,413000,0,0,0,429000,16000,413000,413000
064232,鴻海統一01購04  ,0,0,0,0,0,0,0,0,0,412000,0,0,0,412000,0,412000,412000
065024,華擎永豐9C購01  ,0,0,0,0,0,0,0,0,0,411000,0,0,0,649000,238000,411000,411000
068734,瑞儀元大02購02  ,0,0,0,0,0,0,0,0,0,410000,0,0,0,860000,450000,410000,410000
061241,晶技兆豐9A購01  ,0,0,0,0,0,0,0,0,0,410000,0,0,0,470000,60000,410000,410000
067232,友訊群益01購05  ,0,0,0,0,0,0,0,0,0,410000,0,0,0,490000,80000,410000,410000
066249,生達元大01購01  ,0,0,0,0,0,0,0,0,0,410000,0,0,0,410000,0,410000,410000
066117,茂林兆豐02購01  ,0,0,0,0,0,0,0,0,0,408000,0,0,0,835000,427000,408000,408000
065442,健鼎麥證9C購01  ,0,0,0,408000,0,408000,0,0,0,408000,0,0,0,408000,0,408000,408000
063574,茂林元大9B購07  ,0,0,0,0,0,0,0,0,0,406000,0,0,0,459000,53000,406000,406000
065608,緯創元大9C購04  ,0,0,0,0,0,0,0,0,0,405000,0,0,0,467000,62000,405000,405000
067243,華擎群益01購04  ,0,0,0,0,0,0,0,0,0,405000,0,0,0,782000,377000,405000,405000
067208,瑞昱元大01購03  ,0,0,0,0,0,0,0,0,0,405000,0,0,0,538000,133000,405000,405000
059008,鈺齊元大99購03  ,0,0,0,0,0,0,0,0,0,404000,0,0,0,414000,10000,404000,404000
068339,GIS元大01購05   ,0,0,0,0,0,0,0,0,0,402000,0,0,0,402000,0,402000,402000
067439,巨大凱基02購02  ,0,0,0,0,0,0,0,0,0,402000,0,0,0,422000,20000,402000,402000
059112,上銀永豐99購01  ,0,0,0,0,0,0,0,0,0,400000,0,0,0,528000,128000,400000,400000
03138P,台灣50凱基04售12,0,0,0,0,0,0,0,0,0,400000,0,0,0,400000,0,400000,400000
064977,玉晶光元大01購03,0,0,0,0,0,0,0,0,0,400000,0,0,0,456000,56000,400000,400000
067328,鎧勝康和01購02  ,0,0,0,0,0,0,0,0,0,400000,0,0,0,427000,27000,400000,400000
066819,樺漢兆豐01購01  ,0,0,0,0,0,0,0,0,0,400000,0,0,0,435000,35000,400000,400000
065749,友訊元大9C購03  ,0,0,0,0,0,0,0,0,0,399000,0,0,0,528000,129000,399000,399000
1210,大成            ,785000,777000,8000,0,0,0,250000,0,250000,141000,75000,41000,34000,120000,13000,107000,399000
07952P,富邦金元大9B售02,0,0,0,0,0,0,0,0,0,398000,0,0,0,398000,0,398000,398000
006206,元大上證50      ,458000,13000,445000,0,0,0,0,0,0,-47000,60000,10000,50000,378000,475000,-97000,398000
058706,聯鈞元大9C購01  ,0,0,0,0,0,0,0,0,0,398000,0,0,0,465000,67000,398000,398000
060777,茂林凱基9C購01  ,0,0,0,0,0,0,0,0,0,398000,0,0,0,414000,16000,398000,398000
064573,復盛群益9C購01  ,0,0,0,0,0,0,0,0,0,398000,0,0,0,398000,0,398000,398000
065525,瑞儀群益01購01  ,0,0,0,0,0,0,0,0,0,398000,0,0,0,486000,88000,398000,398000
066236,潤泰全富邦01購01,0,0,0,0,0,0,0,0,0,398000,0,0,0,490000,92000,398000,398000
3706,神達            ,952000,606040,345960,0,0,0,3000,0,3000,49000,31000,0,31000,97000,79000,18000,397960
064902,健策群益01購03  ,0,0,0,0,0,0,0,0,0,397000,0,0,0,483000,86000,397000,397000
08563P,金像電元富9C售03,0,0,0,0,0,0,0,0,0,395000,0,0,0,722000,327000,395000,395000
2855,統一證          ,574660,180000,394660,0,0,0,0,0,0,0,0,0,0,0,0,0,394660
066332,慧洋永豐01購01  ,0,0,0,0,0,0,0,0,0,394000,0,0,0,410000,16000,394000,394000
1589,永冠-KY         ,727000,386000,341000,0,0,0,0,0,0,53000,53000,0,53000,0,0,0,394000
067985,聚陽元大02購01  ,0,0,0,0,0,0,0,0,0,393000,0,0,0,779000,386000,393000,393000
053181,滬深2X元富99購02,0,0,0,0,0,0,0,0,0,393000,0,0,0,431000,38000,393000,393000
067085,臻鼎元大01購02  ,0,0,0,0,0,0,0,0,0,392000,0,0,0,427000,35000,392000,392000
3665,貿聯-KY         ,915000,532051,382949,0,0,0,0,1000,-1000,10000,22000,10000,12000,48000,50000,-2000,391949
067001,中化永豐01購02  ,0,0,0,0,0,0,0,0,0,391000,0,0,0,391000,0,391000,391000
8215,明基材          ,742000,354000,388000,0,0,0,0,0,0,3000,3000,0,3000,0,0,0,391000
069146,欣興永豐02購03  ,0,0,0,0,0,0,0,0,0,389000,0,0,0,402000,13000,389000,389000
066584,滬深2X群益03購01,0,0,0,0,0,0,0,0,0,389000,0,0,0,399000,10000,389000,389000
054546,玉晶光中信9B購01,0,40000,-40000,0,0,0,0,0,0,428000,0,0,0,428000,0,428000,388000
064842,南六統一9C購04  ,0,0,0,0,0,0,0,0,0,388000,0,0,0,785000,397000,388000,388000
068733,瑞儀元大02購01  ,0,0,0,0,0,0,0,0,0,387000,0,0,0,678000,291000,387000,387000
064718,友達統一02購01  ,0,0,0,0,0,0,0,0,0,387000,0,0,0,510000,123000,387000,387000
069710,奇力新國票02購01,0,0,0,0,0,0,0,0,0,386000,0,0,0,453000,67000,386000,386000
068080,台表科凱基02購03,0,0,0,0,0,0,0,0,0,385000,0,0,0,605000,220000,385000,385000
067783,高鐵群益02購01  ,0,0,0,0,0,0,0,0,0,385000,0,0,0,385000,0,385000,385000
066040,友訊元大01購02  ,0,0,0,0,0,0,0,0,0,383000,0,0,0,464000,81000,383000,383000
03325P,臺股指凱基04售05,0,0,0,0,0,0,0,0,0,382000,0,0,0,499000,117000,382000,382000
3062,建漢            ,586000,206000,380000,0,0,0,0,0,0,2000,2000,0,2000,0,0,0,382000
2913,農林            ,433000,51000,382000,0,0,0,0,0,0,0,0,0,0,0,0,0,382000
03215P,南電群益03售01  ,0,0,0,0,0,0,0,0,0,381000,0,0,0,473000,92000,381000,381000
061195,健策永豐9B購02  ,0,0,0,0,0,0,0,0,0,381000,0,0,0,382000,1000,381000,381000
1464,得力            ,230000,132000,98000,0,0,0,0,0,0,283000,0,0,0,296000,13000,283000,381000
07779P,鴻海凱基9B售04  ,0,0,0,0,0,0,0,0,0,380000,0,0,0,390000,10000,380000,380000
03281P,台積電凱基04售01,0,0,0,0,0,0,0,0,0,380000,0,0,0,381000,1000,380000,380000
060719,瀚宇博永豐9A購01,0,0,0,0,0,0,0,0,0,380000,0,0,0,686000,306000,380000,380000
066012,友訊元富01購01  ,0,0,0,0,0,0,0,0,0,380000,0,0,0,656000,276000,380000,380000
6271,同欣電          ,953000,534000,419000,0,0,0,0,207000,-207000,167000,219000,43000,176000,69000,78000,-9000,379000
067992,宏碁元大01購01  ,0,0,0,0,0,0,0,0,0,378000,0,0,0,916000,538000,378000,378000
068994,精成科永豐02購01,0,0,0,0,0,0,0,0,0,378000,0,0,0,784000,406000,378000,378000
069362,奇鋐永豐02購03  ,0,0,0,0,0,0,0,0,0,377000,0,0,0,378000,1000,377000,377000
066463,鎧勝統一02購01  ,0,0,0,0,0,0,0,0,0,376000,0,0,0,376000,0,376000,376000
066887,聯發科中信02購01,0,0,0,0,0,0,0,0,0,376000,0,0,0,628000,252000,376000,376000
068421,GIS兆豐01購02   ,0,0,0,0,0,0,0,0,0,375000,0,0,0,614000,239000,375000,375000
064879,健策兆豐01購01  ,0,0,0,0,0,0,0,0,0,375000,0,0,0,376000,1000,375000,375000
062033,瀚宇博群益9B購01,0,0,0,0,0,0,0,0,0,375000,0,0,0,407000,32000,375000,375000
066143,惠特群益01購01  ,0,0,0,0,0,0,0,0,0,375000,0,0,0,732000,357000,375000,375000
2607,榮運            ,412000,40000,372000,0,0,0,0,0,0,1000,1000,0,1000,0,0,0,373000
069036,冠德統一03購01  ,0,0,0,0,0,0,0,0,0,372000,0,0,0,472000,100000,372000,372000
067815,玉晶光凱基01購04,0,0,0,0,0,0,0,0,0,371000,0,0,0,371000,0,371000,371000
062979,茂林元富9B購01  ,0,0,0,0,0,0,0,0,0,370000,0,0,0,566000,196000,370000,370000
068543,帆宣國票03購02  ,0,0,0,0,0,0,0,0,0,369000,0,0,0,369000,0,369000,369000
062652,上証2X永豐9B購01,0,0,0,0,0,0,0,0,0,369000,0,0,0,409000,40000,369000,369000
062205,奇力新國票9C購01,0,0,0,0,0,0,0,0,0,368000,0,0,0,368000,0,368000,368000
065183,和大統一01購03  ,0,0,0,0,0,0,0,0,0,368000,0,0,0,370000,2000,368000,368000
063362,台表科國泰01購03,0,0,0,0,0,0,0,0,0,367000,0,0,0,393000,26000,367000,367000
066755,永光永豐01購02  ,0,0,0,0,0,0,0,0,0,367000,0,0,0,467000,100000,367000,367000
064450,致茂統一01購01  ,0,0,0,0,0,0,0,0,0,366000,0,0,0,580000,214000,366000,366000
064728,健策統一9C購04  ,0,0,0,0,0,0,0,0,0,366000,0,0,0,377000,11000,366000,366000
066663,達欣工凱基01購01,0,0,0,0,0,0,0,0,0,366000,0,0,0,501000,135000,366000,366000
066104,鎧勝國票02購01  ,0,0,0,0,0,0,0,0,0,366000,0,0,0,390000,24000,366000,366000
069209,晶技元大02購02  ,0,0,0,0,0,0,0,0,0,365000,0,0,0,379000,14000,365000,365000
054977,SP黃豆元富9B購01,0,0,0,0,0,0,0,0,0,365000,0,0,0,430000,65000,365000,365000
1721,三晃            ,435000,70000,365000,0,0,0,0,0,0,0,0,0,0,0,0,0,365000
058768,南港兆豐99購01  ,0,0,0,0,0,0,0,0,0,362000,0,0,0,420000,58000,362000,362000
067503,聚陽統一03購01  ,0,0,0,0,0,0,0,0,0,362000,0,0,0,365000,3000,362000,362000
068855,南港元富03購01  ,0,0,0,0,0,0,0,0,0,361000,0,0,0,1221000,860000,361000,361000
1905,華紙            ,486000,92000,394000,0,0,0,0,0,0,-33000,7000,0,7000,0,40000,-40000,361000
066742,健策元大02購03  ,0,0,0,0,0,0,0,0,0,358000,0,0,0,440000,82000,358000,358000
069492,欣興元大03購03  ,0,0,0,0,0,0,0,0,0,357000,0,0,0,438000,81000,357000,357000
062547,玉晶光永豐9B購05,0,0,0,0,0,0,0,0,0,357000,0,0,0,383000,26000,357000,357000
064364,高鐵統一9C購02  ,0,0,0,0,0,0,0,0,0,355000,0,0,0,355000,0,355000,355000
057581,元大金中信9A購01,0,0,0,0,0,0,0,0,0,355000,0,0,0,556000,201000,355000,355000
067613,康舒凱基01購01  ,0,0,0,0,0,0,0,0,0,355000,0,0,0,405000,50000,355000,355000
08471P,日月光凱基9C售02,0,0,0,0,0,0,0,0,0,354000,0,0,0,357000,3000,354000,354000
062802,宏達電統一9B購01,0,0,0,0,0,0,0,0,0,353000,0,0,0,425000,72000,353000,353000
068091,華碩群益01購02  ,0,0,0,0,0,0,0,0,0,352000,0,0,0,449000,97000,352000,352000
065305,泰鼎元富9C購01  ,0,0,0,0,0,0,0,0,0,351000,0,0,0,366000,15000,351000,351000
08147P,聯發科群益9B售10,0,0,0,0,0,0,0,0,0,350000,0,0,0,360000,10000,350000,350000
067481,國產元大01購03  ,0,0,0,0,0,0,0,0,0,349000,0,0,0,918000,569000,349000,349000
059778,上証2X元大9C購03,0,0,0,0,0,0,0,0,0,348000,0,0,0,350000,2000,348000,348000
067078,京鼎元大01購04  ,0,0,0,0,0,0,0,0,0,348000,0,0,0,547000,199000,348000,348000
08554P,玉晶光國票01售06,0,0,0,0,0,0,0,0,0,348000,0,0,0,401000,53000,348000,348000
069017,台郡兆豐03購01  ,0,0,0,0,0,0,0,0,0,347000,0,0,0,457000,110000,347000,347000
03322P,景碩凱基02售02  ,0,0,0,0,0,0,0,0,0,347000,0,0,0,1877000,1530000,347000,347000
067972,玉晶光群益02購22,0,0,0,0,0,0,0,0,0,346000,0,0,0,346000,0,346000,346000
059294,宏達電元富9B購02,0,0,0,0,0,0,0,0,0,346000,0,0,0,426000,80000,346000,346000
067690,惠特元大01購04  ,0,0,0,0,0,0,0,0,0,346000,0,0,0,530000,184000,346000,346000
067305,國產元大01購02  ,0,0,0,0,0,0,0,0,0,346000,0,0,0,698000,352000,346000,346000
08737P,聯詠凱基01售01  ,0,0,0,0,0,0,0,0,0,345000,0,0,0,345000,0,345000,345000
066558,創意元大01購04  ,0,0,0,0,0,0,0,0,0,344000,0,0,0,654000,310000,344000,344000
6153,嘉聯益          ,1883000,2244000,-361000,0,0,0,0,0,0,704000,432000,158000,274000,1112000,682000,430000,343000
068902,瑞儀元大02購03  ,0,0,0,0,0,0,0,0,0,342000,0,0,0,717000,375000,342000,342000
069124,南電群益02購01  ,0,0,0,0,0,0,0,0,0,342000,0,0,0,391000,49000,342000,342000
03202P,聯電凱基01售03  ,0,0,0,0,0,0,0,0,0,342000,0,0,0,565000,223000,342000,342000
061633,統一元大9A購01  ,0,0,0,0,0,0,0,0,0,342000,0,0,0,547000,205000,342000,342000
067114,京鼎群益02購04  ,0,0,0,0,0,0,0,0,0,342000,0,0,0,412000,70000,342000,342000
065576,泰鼎群益9C購02  ,0,0,0,0,0,0,0,0,0,342000,0,0,0,354000,12000,342000,342000
03010P,國巨國泰03售01  ,0,0,0,0,0,0,0,0,0,341000,0,0,0,381000,40000,341000,341000
069137,光磊永豐02購01  ,0,0,0,0,0,0,0,0,0,340000,0,0,0,433000,93000,340000,340000
064236,奇力新統一01購04,0,0,0,0,0,0,0,0,0,339000,0,0,0,339000,0,339000,339000
068292,精成科群益01購01,0,0,0,0,0,0,0,0,0,338000,0,0,0,676000,338000,338000,338000
065042,國產凱基02購01  ,0,0,0,0,0,0,0,0,0,338000,0,0,0,366000,28000,338000,338000
067492,健策元大01購11  ,0,0,0,0,0,0,0,0,0,338000,0,0,0,369000,31000,338000,338000
03270P,台灣50群益02售07,0,0,0,0,0,0,0,0,0,336000,0,0,0,396000,60000,336000,336000
061900,志超永豐9B購01  ,0,0,0,0,0,0,0,0,0,336000,0,0,0,390000,54000,336000,336000
064293,勤誠元大9C購01  ,0,0,0,0,0,0,0,0,0,336000,0,0,0,428000,92000,336000,336000
063918,復盛凱基9C購01  ,0,0,0,0,0,0,0,0,0,335000,0,0,0,340000,5000,335000,335000
067582,華通群益02購04  ,0,0,0,0,0,0,0,0,0,335000,0,0,0,345000,10000,335000,335000
065762,台表科元大9C購13,0,0,0,0,0,0,0,0,0,335000,0,0,0,765000,430000,335000,335000
064487,和大元大9C購01  ,0,0,0,0,0,0,0,0,0,334000,0,0,0,452000,118000,334000,334000
050014,國巨富邦98購01  ,0,0,0,0,0,0,0,0,0,333000,0,0,0,333000,0,333000,333000
061131,崇越永豐9A購01  ,0,0,0,0,0,0,0,0,0,333000,0,0,0,507000,174000,333000,333000
065391,和大群益01購03  ,1000,0,1000,0,0,0,0,0,0,332000,0,0,0,444000,112000,332000,333000
067619,臺股指凱基04購02,0,0,0,0,0,0,0,0,0,333000,0,0,0,554000,221000,333000,333000
063642,茂林元大9B購08  ,0,0,0,0,0,0,0,0,0,331000,0,0,0,331000,0,331000,331000
065200,健策元富9C購04  ,0,0,0,0,0,0,0,0,0,331000,0,0,0,331000,0,331000,331000
065594,華通元大01購02  ,0,0,0,0,0,0,0,0,0,331000,0,0,0,394000,63000,331000,331000
068752,GIS群益02購03   ,0,0,0,0,0,0,0,0,0,330000,0,0,0,381000,51000,330000,330000
065814,健策統一9C購08  ,0,0,0,0,0,0,0,0,0,330000,0,0,0,338000,8000,330000,330000
08904P,為升國票03售01  ,0,0,0,0,0,0,0,0,0,330000,0,0,0,340000,10000,330000,330000
061950,日月光群益9B購01,0,0,0,0,0,0,0,0,0,329000,0,0,0,519000,190000,329000,329000
069175,惠特元大02購02  ,0,0,0,0,0,0,0,0,0,328000,0,0,0,797000,469000,328000,328000
068454,致茂國票03購01  ,0,0,0,0,0,0,0,0,0,327000,0,0,0,327000,0,327000,327000
062416,和大統一01購02  ,0,0,0,0,0,0,0,0,0,327000,0,0,0,328000,1000,327000,327000
069491,欣興元大02購11  ,0,0,0,0,0,0,0,0,0,326000,0,0,0,415000,89000,326000,326000
056109,彩晶永豐98購01  ,0,0,0,0,0,0,0,0,0,325000,0,0,0,325000,0,325000,325000
060628,和大富邦9B購01  ,0,0,0,0,0,0,0,0,0,325000,0,0,0,327000,2000,325000,325000
058075,貿聯凱基99購02  ,0,0,0,0,0,0,0,0,0,325000,0,0,0,383000,58000,325000,325000
8039,台虹            ,772000,1053000,-281000,0,0,0,30000,0,30000,576000,365000,142000,223000,355000,2000,353000,325000
062850,友訊永豐9B購01  ,0,0,0,0,0,0,0,0,0,324000,0,0,0,355000,31000,324000,324000
064570,TPK群益9C購03   ,0,0,0,0,0,0,0,0,0,324000,0,0,0,346000,22000,324000,324000
3010,華立            ,388000,56000,332000,0,0,0,0,0,0,-8000,2000,10000,-8000,0,0,0,324000
069414,欣興統一04購03  ,0,0,0,0,0,0,0,0,0,323000,0,0,0,651000,328000,323000,323000
067209,瑞昱元大01購04  ,0,0,0,0,0,0,0,0,0,323000,0,0,0,403000,80000,323000,323000
064524,GIS群益02購01   ,0,0,0,0,0,0,0,0,0,321000,0,0,0,433000,112000,321000,321000
062405,泰鼎永豐9B購02  ,0,0,0,0,0,0,0,0,0,320000,0,0,0,328000,8000,320000,320000
065675,茂林凱基03購01  ,0,0,0,0,0,0,0,0,0,320000,0,0,0,330000,10000,320000,320000
064726,創意統一01購03  ,0,0,0,0,0,0,0,0,0,319000,0,0,0,1035000,716000,319000,319000
064238,玉晶光統一01購08,0,0,0,0,0,0,0,0,0,318000,0,0,0,378000,60000,318000,318000
08976P,臺股指群益01售10,0,0,0,0,0,0,0,0,0,318000,0,0,0,334000,16000,318000,318000
069423,聯電台新02購01  ,0,0,0,0,0,0,0,0,0,317000,0,0,0,370000,53000,317000,317000
064539,玉晶光麥證01購01,0,0,0,317000,0,317000,0,0,0,317000,0,0,0,317000,0,317000,317000
063205,貿聯統一9C購01  ,0,0,0,0,0,0,0,0,0,317000,0,0,0,327000,10000,317000,317000
065055,臺股指凱基02購04,0,0,0,0,0,0,0,0,0,317000,0,0,0,1190000,873000,317000,317000
068464,聯詠富邦03購02  ,0,0,0,0,0,0,0,0,0,316000,0,0,0,427000,111000,316000,316000
067869,玉晶光元大01購05,0,0,0,0,0,0,0,0,0,316000,0,0,0,316000,0,316000,316000
03294P,欣興永豐02售01  ,0,0,0,0,0,0,0,0,0,315000,0,0,0,385000,70000,315000,315000
066247,中化元大01購02  ,0,0,0,0,0,0,0,0,0,314000,0,0,0,314000,0,314000,314000
08971P,臺股指元大01售14,0,0,0,0,0,0,0,0,0,314000,0,0,0,650000,336000,314000,314000
2812,台中銀          ,2733000,2409000,324000,0,0,0,0,11000,-11000,0,0,0,0,0,0,0,313000
069625,彩晶統一03購03  ,0,0,0,0,0,0,0,0,0,312000,0,0,0,1167000,855000,312000,312000
059293,宏達電元富9B購01,0,0,0,0,0,0,0,0,0,312000,0,0,0,388000,76000,312000,312000
060650,奇力新中信9A購01,0,0,0,0,0,0,0,0,0,312000,0,0,0,393000,81000,312000,312000
065754,健鼎元大9C購06  ,0,0,0,0,0,0,0,0,0,311000,0,0,0,631000,320000,311000,311000
065621,聯發科第一9C購01,0,0,0,0,0,0,0,0,0,311000,0,0,0,322000,11000,311000,311000
07527P,台灣50凱基9B售02,0,0,0,0,0,0,0,0,0,310000,0,0,0,310000,0,310000,310000
065710,嘉聯益群益9C購02,0,0,0,0,0,0,0,0,0,310000,0,0,0,490000,180000,310000,310000
2405,浩鑫            ,336000,26000,310000,0,0,0,0,0,0,0,0,0,0,0,0,0,310000
067940,健策凱基01購04  ,0,0,0,0,0,0,0,0,0,309000,0,0,0,324000,15000,309000,309000
066266,強茂元大01購01  ,0,0,0,0,0,0,0,0,0,309000,0,0,0,633000,324000,309000,309000
066203,景碩統一03購01  ,0,0,0,0,0,0,0,0,0,309000,0,0,0,390000,81000,309000,309000
059450,和大永豐99購01  ,0,0,0,0,0,0,0,0,0,308000,0,0,0,311000,3000,308000,308000
054976,上証2X元富9A購01,0,0,0,0,0,0,0,0,0,308000,0,0,0,321000,13000,308000,308000
067499,帆宣元大01購04  ,0,0,0,0,0,0,0,0,0,308000,0,0,0,316000,8000,308000,308000
068687,亞聚凱基02購01  ,0,0,0,0,0,0,0,0,0,307000,0,0,0,357000,50000,307000,307000
067633,致茂永豐01購02  ,0,0,0,0,0,0,0,0,0,307000,0,0,0,322000,15000,307000,307000
063369,聚陽永豐9B購01  ,0,0,0,0,0,0,0,0,0,306000,0,0,0,432000,126000,306000,306000
069500,京鼎國泰04購01  ,0,0,0,0,0,0,0,0,0,305000,0,0,0,312000,7000,305000,305000
03070P,台表科群益01售04,0,0,0,0,0,0,0,0,0,305000,0,0,0,335000,30000,305000,305000
064624,群創元大02購01  ,0,0,0,0,0,0,0,0,0,305000,0,0,0,423000,118000,305000,305000
067491,健策元大01購10  ,0,0,0,0,0,0,0,0,0,305000,0,0,0,536000,231000,305000,305000
065343,智邦統一01購03  ,0,0,0,0,0,0,0,0,0,305000,0,0,0,1216000,911000,305000,305000
069295,奇力新中信03購01,0,0,0,0,0,0,0,0,0,304000,0,0,0,368000,64000,304000,304000
065222,玉晶光永豐9C購07,0,0,0,0,0,0,0,0,0,304000,0,0,0,363000,59000,304000,304000
8163,達方            ,710000,507000,203000,0,0,0,0,0,0,101000,43000,12000,31000,70000,0,70000,304000
067798,GIS中信03購01   ,0,0,0,0,0,0,0,0,0,303000,0,0,0,322000,19000,303000,303000
9939,宏全            ,416000,102000,314000,0,0,0,0,0,0,-11000,2000,12000,-10000,4000,5000,-1000,303000
1802,台玻            ,1008000,691000,317000,0,0,0,0,0,0,-14000,48000,62000,-14000,0,0,0,303000
068062,瑞昱兆豐03購01  ,0,0,0,0,0,0,0,0,0,302000,0,0,0,690000,388000,302000,302000
068602,智邦凱基01購01  ,0,0,0,0,0,0,0,0,0,302000,0,0,0,556000,254000,302000,302000
063466,美食元大9B購02  ,0,0,0,0,0,0,0,0,0,302000,0,0,0,310000,8000,302000,302000
065974,智原元大01購01  ,0,0,0,0,0,0,0,0,0,301000,0,0,0,321000,20000,301000,301000
067429,國揚凱基02購01  ,0,0,0,0,0,0,0,0,0,301000,0,0,0,301000,0,301000,301000
069384,玉晶光元大03購09,0,0,0,0,0,0,0,0,0,300000,0,0,0,350000,50000,300000,300000
07706P,長榮航元大9A售03,0,0,0,0,0,0,0,0,0,300000,0,0,0,300000,0,300000,300000
08149P,祥碩群益9B售07  ,0,0,0,0,0,0,0,0,0,300000,0,0,0,300000,0,300000,300000
08240P,華通中信06售03  ,0,0,0,0,0,0,0,0,0,300000,0,0,0,300000,0,300000,300000
063473,茂林元大9B購05  ,0,0,0,0,0,0,0,0,0,300000,0,0,0,368000,68000,300000,300000
058865,群創凱基01購01  ,0,0,0,0,0,0,0,0,0,300000,0,0,0,302000,2000,300000,300000
058705,長榮航元大99購01,0,0,0,0,0,0,0,0,0,300000,0,0,0,300000,0,300000,300000
057853,旺宏國票99購05  ,0,0,0,0,0,0,0,0,0,300000,0,0,0,300000,0,300000,300000
064997,T50反1國票01購04,0,0,0,0,0,0,0,0,0,300000,0,0,0,300000,0,300000,300000
062185,禾伸堂元大9B購01,0,0,0,0,0,0,0,0,0,300000,0,0,0,300000,0,300000,300000
066828,聯發科群益02購05,0,0,0,0,0,0,0,0,0,300000,0,0,0,300000,0,300000,300000
065194,和大元富9C購01  ,0,0,0,0,0,0,0,0,0,300000,0,0,0,300000,0,300000,300000
064670,智伸科元大9C購01,0,0,0,0,0,0,0,0,0,299000,0,0,0,307000,8000,299000,299000
069014,茂林兆豐03購01  ,0,0,0,0,0,0,0,0,0,298000,0,0,0,1004000,706000,298000,298000
068283,帆宣中信01購02  ,0,0,0,0,0,0,0,0,0,298000,0,0,0,298000,0,298000,298000
063688,建準永豐9B購03  ,12000,0,12000,0,0,0,0,0,0,286000,0,0,0,495000,209000,286000,298000
2442,新美齊          ,297000,20000,277000,0,0,0,0,0,0,21000,21000,0,21000,0,0,0,298000
6669,緯穎            ,401539,153016,248523,0,0,0,0,0,0,49000,14000,15000,-1000,51000,1000,50000,297523
067848,臻鼎元富07購01  ,0,0,0,0,0,0,0,0,0,297000,0,0,0,475000,178000,297000,297000
069082,欣興凱基03購02  ,0,0,0,0,0,0,0,0,0,297000,0,0,0,521000,224000,297000,297000
066293,惠特元大02購01  ,0,0,0,0,0,0,0,0,0,297000,0,0,0,375000,78000,297000,297000
068824,緯創元大02購02  ,0,0,0,0,0,0,0,0,0,296000,0,0,0,346000,50000,296000,296000
00692,富邦公司治理    ,8000,9000,-1000,0,0,0,0,0,0,297000,0,0,0,1805000,1508000,297000,296000
062755,茂林麥證9B購01  ,0,0,0,423000,127000,296000,0,0,0,296000,0,0,0,423000,127000,296000,296000
08691P,鎧勝中信05售02  ,0,0,0,0,0,0,0,0,0,296000,0,0,0,313000,17000,296000,296000
068539,T50反1國票03購04,0,0,0,0,0,0,0,0,0,295000,0,0,0,301000,6000,295000,295000
03190P,日月光元大01售05,0,0,0,0,0,0,0,0,0,294000,0,0,0,309000,15000,294000,294000
068456,冠德國票03購01  ,0,0,0,0,0,0,0,0,0,293000,0,0,0,298000,5000,293000,293000
064350,茂林元大01購01  ,0,0,0,0,0,0,0,0,0,293000,0,0,0,426000,133000,293000,293000
063177,友達兆豐9B購01  ,0,0,0,0,0,0,0,0,0,293000,0,0,0,353000,60000,293000,293000
066271,東森元大01購01  ,0,0,0,0,0,0,0,0,0,293000,0,0,0,293000,0,293000,293000
066553,大立光元大01購09,0,0,0,0,0,0,0,0,0,293000,0,0,0,366000,73000,293000,293000
060214,茂林康和9A購01  ,0,0,0,0,0,0,0,0,0,292000,0,0,0,317000,25000,292000,292000
064988,志超元大9C購01  ,0,0,0,0,0,0,0,0,0,292000,0,0,0,347000,55000,292000,292000
060789,禾伸堂富邦9B購02,0,0,0,0,0,0,0,0,0,291000,0,0,0,391000,100000,291000,291000
00675L,富邦臺灣加權正2 ,166000,77000,89000,0,0,0,0,0,0,202000,0,0,0,386000,184000,202000,291000
066425,創意元大01購03  ,0,0,0,0,0,0,0,0,0,291000,0,0,0,413000,122000,291000,291000
065095,玉晶光元大02購02,0,0,0,0,0,0,0,0,0,291000,0,0,0,402000,111000,291000,291000
1476,儒鴻            ,430617,135040,295577,0,0,0,0,10000,-10000,5000,10000,6000,4000,3000,2000,1000,290577
07754P,日月光元大9A售02,0,0,0,0,0,0,0,0,0,290000,0,0,0,300000,10000,290000,290000
069746,景碩永豐02購02  ,0,0,0,0,0,0,0,0,0,290000,0,0,0,300000,10000,290000,290000
065321,瑞昱凱基9C購01  ,0,0,0,0,0,0,0,0,0,290000,0,0,0,425000,135000,290000,290000
067695,國產中信05購01  ,0,0,0,0,0,0,0,0,0,289000,0,0,0,673000,384000,289000,289000
067331,友訊凱基01購02  ,0,0,0,0,0,0,0,0,0,288000,0,0,0,528000,240000,288000,288000
2208,台船            ,338000,165000,173000,0,0,0,0,0,0,115000,0,0,0,134000,19000,115000,288000
067707,奇力新元富04購01,0,0,0,0,0,0,0,0,0,287000,0,0,0,301000,14000,287000,287000
1338,廣華-KY         ,356000,69000,287000,0,0,0,0,0,0,0,0,0,0,0,0,0,287000
5519,隆大            ,442000,155000,287000,0,0,0,0,0,0,0,0,0,0,0,0,0,287000
069481,華通元大02購05  ,0,0,0,0,0,0,0,0,0,286000,0,0,0,292000,6000,286000,286000
060164,合勤控永豐9A購01,0,0,0,0,0,0,0,0,0,286000,0,0,0,287000,1000,286000,286000
066846,京鼎元大01購03  ,0,0,0,0,0,0,0,0,0,285000,0,0,0,691000,406000,285000,285000
060121,新光金富邦99購01,0,0,0,0,0,0,0,0,0,284000,0,0,0,331000,47000,284000,284000
8105,凌巨            ,410000,131000,279000,0,0,0,0,0,0,4000,4000,0,4000,0,0,0,283000
061594,玉晶光永豐9A購08,0,0,0,0,0,0,0,0,0,281000,0,0,0,298000,17000,281000,281000
067200,深中小元大03購01,0,0,0,0,0,0,0,0,0,281000,0,0,0,348000,67000,281000,281000
067871,玉晶光元大01購08,0,0,0,0,0,0,0,0,0,280000,0,0,0,300000,20000,280000,280000
064588,玉晶光永豐9C購05,0,0,0,0,0,0,0,0,0,280000,0,0,0,286000,6000,280000,280000
066269,宏達電元大01購03,0,0,0,0,0,0,0,0,0,280000,0,0,0,285000,5000,280000,280000
2108,南帝            ,829000,924000,-95000,0,0,0,0,0,0,375000,133000,29000,104000,271000,0,271000,280000
067825,南港兆豐03購01  ,0,0,0,0,0,0,0,0,0,279000,0,0,0,1520000,1241000,279000,279000
069267,欣興兆豐03購04  ,0,0,0,0,0,0,0,0,0,279000,0,0,0,403000,124000,279000,279000
053402,A50正2群益9A購02,0,0,0,0,0,0,0,0,0,279000,0,0,0,335000,56000,279000,279000
063377,泰鼎永豐9B購03  ,0,0,0,0,0,0,0,0,0,279000,0,0,0,309000,30000,279000,279000
067303,聯發科元大02購03,0,0,0,0,0,0,0,0,0,279000,0,0,0,486000,207000,279000,279000
1229,聯華            ,1022000,931000,91000,0,0,0,0,0,0,188000,69000,27000,42000,146000,0,146000,279000
069053,欣興元富02購03  ,0,4000,-4000,0,0,0,0,0,0,282000,0,0,0,340000,58000,282000,278000
062807,和碩統一9B購01  ,0,0,0,0,0,0,0,0,0,278000,0,0,0,648000,370000,278000,278000
059396,T50反1元富99購04,0,0,0,0,0,0,0,0,0,277000,0,0,0,277000,0,277000,277000
067369,瑞昱統一01購07  ,0,0,0,0,0,0,0,0,0,277000,0,0,0,1340000,1063000,277000,277000
066464,台郡統一02購02  ,0,0,0,0,0,0,0,0,0,275000,0,0,0,337000,62000,275000,275000
8011,台通            ,337000,64000,273000,0,0,0,0,0,0,1000,1000,0,1000,0,0,0,274000
069250,奇力新凱基03購01,0,0,0,0,0,0,0,0,0,273000,0,0,0,313000,40000,273000,273000
061739,奇力新凱基9C購01,0,0,0,0,0,0,0,0,0,273000,0,0,0,278000,5000,273000,273000
063384,巨大永豐9B購04  ,0,0,0,0,0,0,0,0,0,273000,0,0,0,372000,99000,273000,273000
066649,華新科麥證01購02,0,0,0,315000,46000,269000,0,0,0,273000,0,0,0,319000,46000,273000,273000
06585P,鴻海元大99售04  ,0,0,0,0,0,0,0,0,0,273000,0,0,0,273000,0,273000,273000
2015,豐興            ,346104,201000,145104,0,0,0,127000,0,127000,0,0,0,0,0,0,0,272104
061722,健策永豐9B購03  ,0,0,0,0,0,0,0,0,0,272000,0,0,0,302000,30000,272000,272000
066181,泰鼎凱基01購01  ,0,0,0,0,0,0,0,0,0,272000,0,0,0,276000,4000,272000,272000
065199,華擎元富03購01  ,0,0,0,0,0,0,0,0,0,272000,0,0,0,564000,292000,272000,272000
2348,海悅            ,384000,79000,305000,0,0,0,40000,0,40000,-73000,3000,76000,-73000,0,0,0,272000
9934,成霖            ,273000,1000,272000,0,0,0,0,0,0,0,0,0,0,0,0,0,272000
068545,帆宣康和01購01  ,0,0,0,0,0,0,0,0,0,271000,0,0,0,402000,131000,271000,271000
03113P,南電元大01售09  ,0,0,0,0,0,0,0,0,0,271000,0,0,0,666000,395000,271000,271000
066096,友訊中信05購02  ,0,0,0,0,0,0,0,0,0,271000,0,0,0,325000,54000,271000,271000
068792,潤泰全凱基02購01,0,0,0,0,0,0,0,0,0,270000,0,0,0,281000,11000,270000,270000
07709P,創意元大9A售01  ,0,0,0,0,0,0,0,0,0,269000,0,0,0,269000,0,269000,269000
063145,台表科統一02購01,0,0,0,0,0,0,0,0,0,269000,0,0,0,1514000,1245000,269000,269000
065349,玉晶光統一9C購05,0,0,0,0,0,0,0,0,0,269000,0,0,0,405000,136000,269000,269000
065237,茂林凱基01購01  ,0,0,0,0,0,0,0,0,0,269000,0,0,0,349000,80000,269000,269000
066524,創意統一02購03  ,0,0,0,0,0,0,0,0,0,268000,0,0,0,519000,251000,268000,268000
068501,泰鼎元大01購04  ,0,0,0,0,0,0,0,0,0,267000,0,0,0,271000,4000,267000,267000
057961,茂林元大9A購01  ,0,0,0,0,0,0,0,0,0,267000,0,0,0,287000,20000,267000,267000
064426,群創兆豐9C購01  ,0,0,0,0,0,0,0,0,0,267000,0,0,0,381000,114000,267000,267000
2379,瑞昱            ,1459696,1127100,332596,0,0,0,2000,24000,-22000,-44000,67000,83000,-16000,25000,53000,-28000,266596
069156,台積電元大02購21,0,0,0,0,0,0,0,0,0,266000,0,0,0,551000,285000,266000,266000
064474,華新科麥證01購01,0,0,0,266000,0,266000,0,0,0,266000,0,0,0,266000,0,266000,266000
063705,臻鼎群益9B購03  ,0,0,0,0,0,0,0,0,0,266000,0,0,0,268000,2000,266000,266000
063376,神達永豐9B購01  ,0,0,0,0,0,0,0,0,0,266000,0,0,0,266000,0,266000,266000
069496,南六元大02購03  ,0,0,0,0,0,0,0,0,0,265000,0,0,0,275000,10000,265000,265000
068394,GIS統一03購02   ,0,0,0,0,0,0,0,0,0,265000,0,0,0,390000,125000,265000,265000
065072,和大元大9C購03  ,0,0,0,0,0,0,0,0,0,265000,0,0,0,367000,102000,265000,265000
065253,和大元大01購02  ,0,0,0,0,0,0,0,0,0,265000,0,0,0,531000,266000,265000,265000
066054,創意元大01購02  ,0,0,0,0,0,0,0,0,0,265000,0,0,0,644000,379000,265000,265000
2013,中鋼構          ,397000,133000,264000,0,0,0,0,0,0,0,0,0,0,0,0,0,264000
061062,和大凱基9A購02  ,0,0,0,0,0,0,0,0,0,263000,0,0,0,263000,0,263000,263000
067067,國巨元大01購08  ,0,0,0,0,0,0,0,0,0,263000,0,0,0,269000,6000,263000,263000
6558,興能高          ,291000,28000,263000,0,0,0,0,0,0,0,0,0,0,0,0,0,263000
059931,緯穎富邦9A購01  ,0,0,0,0,0,0,0,0,0,261000,0,0,0,280000,19000,261000,261000
03669C,滬深2X元富09牛01,0,0,0,0,0,0,0,0,0,261000,0,0,0,271000,10000,261000,261000
2498,宏達電          ,1411000,981000,430000,0,0,0,3000,0,3000,-172000,110000,58000,52000,17000,241000,-224000,261000
068253,玉晶光元大01購13,0,0,0,0,0,0,0,0,0,260000,0,0,0,260000,0,260000,260000
067418,中化凱基01購01  ,0,0,0,0,0,0,0,0,0,260000,0,0,0,260000,0,260000,260000
067276,義隆統一03購01  ,0,0,0,0,0,0,0,0,0,260000,0,0,0,339000,79000,260000,260000
08125P,聯茂群益9B售02  ,0,0,0,0,0,0,0,0,0,259000,0,0,0,259000,0,259000,259000
065374,義隆元大9C購07  ,0,0,0,0,0,0,0,0,0,259000,0,0,0,261000,2000,259000,259000
063470,泰鼎元大9B購03  ,0,0,0,0,0,0,0,0,0,258000,0,0,0,399000,141000,258000,258000
062374,茂林元大9B購03  ,0,0,0,0,0,0,0,0,0,258000,0,0,0,258000,0,258000,258000
066428,健策元大02購02  ,0,0,0,0,0,0,0,0,0,258000,0,0,0,313000,55000,258000,258000
067498,臻鼎元大01購03  ,0,0,0,0,0,0,0,0,0,258000,0,0,0,268000,10000,258000,258000
1417,嘉裕            ,272000,14000,258000,0,0,0,0,0,0,0,0,0,0,0,0,0,258000
068231,聯詠元富07購04  ,0,0,0,0,0,0,0,0,0,257000,0,0,0,286000,29000,257000,257000
062087,瑞祺元大9B購02  ,0,0,0,0,0,0,0,0,0,257000,0,0,0,271000,14000,257000,257000
064614,友訊元大9C購02  ,0,0,0,0,0,0,0,0,0,257000,0,0,0,425000,168000,257000,257000
064987,勤誠元大9C購02  ,0,0,0,0,0,0,0,0,0,255000,0,0,0,355000,100000,255000,255000
063248,創意元大9C購01  ,0,0,0,0,0,0,0,0,0,255000,0,0,0,442000,187000,255000,255000
067726,帆宣凱基01購01  ,0,0,0,0,0,0,0,0,0,255000,0,0,0,395000,140000,255000,255000
065990,華擎永豐01購01  ,0,0,0,0,0,0,0,0,0,255000,0,0,0,270000,15000,255000,255000
3530,晶相光          ,315000,89000,226000,0,0,0,0,0,0,29000,1000,0,1000,33000,5000,28000,255000
4564,元翎            ,405000,166000,239000,0,0,0,0,0,0,16000,0,0,0,16000,0,16000,255000
064468,健策元富9C購02  ,0,0,0,0,0,0,0,0,0,254000,0,0,0,275000,21000,254000,254000
063630,智邦元大9B購09  ,0,0,0,0,0,0,0,0,0,254000,0,0,0,538000,284000,254000,254000
066909,義隆凱基01購04  ,0,0,0,0,0,0,0,0,0,254000,0,0,0,265000,11000,254000,254000
066261,華碩元大01購01  ,0,0,0,0,0,0,0,0,0,253000,0,0,0,851000,598000,253000,253000
08536P,台積電國票9C售08,0,0,0,0,0,0,0,0,0,252000,0,0,0,252000,0,252000,252000
061304,創意永豐9A購02  ,0,0,0,0,0,0,0,0,0,252000,0,0,0,501000,249000,252000,252000
065858,台表科元大03購01,0,0,0,0,0,0,0,0,0,252000,0,0,0,498000,246000,252000,252000
069383,晶技元大02購03  ,0,0,0,0,0,0,0,0,0,251000,0,0,0,251000,0,251000,251000
061138,晶技統一9C購01  ,0,0,0,0,0,0,0,0,0,251000,0,0,0,312000,61000,251000,251000
066564,智伸科元大01購01,0,0,0,0,0,0,0,0,0,251000,0,0,0,371000,120000,251000,251000
055966,茂林元大99購01  ,0,0,0,0,0,0,0,0,0,250000,0,0,0,270000,20000,250000,250000
060868,致伸永豐9A購01  ,0,0,0,0,0,0,0,0,0,250000,0,0,0,250000,0,250000,250000
062262,茂林元大9B購02  ,0,0,0,0,0,0,0,0,0,250000,0,0,0,250000,0,250000,250000
065845,友達元大9C購12  ,0,0,0,0,0,0,0,0,0,250000,0,0,0,250000,0,250000,250000
065968,國巨元大02購01  ,0,0,0,0,0,0,0,0,0,250000,0,0,0,354000,104000,250000,250000
6552,易華電          ,331000,91000,240000,0,0,0,0,0,0,10000,0,0,0,10000,0,10000,250000
069104,南電統一04購01  ,0,0,0,0,0,0,0,0,0,249000,0,0,0,249000,0,249000,249000
062132,神隆群益9B購01  ,0,0,0,0,0,0,0,0,0,249000,0,0,0,255000,6000,249000,249000
066402,泰鼎凱基01購02  ,0,0,0,0,0,0,0,0,0,249000,0,0,0,299000,50000,249000,249000
067003,聯發科永豐01購02,0,0,0,0,0,0,0,0,0,249000,0,0,0,269000,20000,249000,249000
067123,京鼎富邦05購01  ,0,0,0,0,0,0,0,0,0,248000,0,0,0,288000,40000,248000,248000
067140,鎧勝永豐01購02  ,0,0,0,0,0,0,0,0,0,248000,0,0,0,248000,0,248000,248000
062258,奇力新元大9B購03,0,0,0,0,0,0,0,0,0,247000,0,0,0,275000,28000,247000,247000
2439,美律            ,419000,254000,165000,0,0,0,0,0,0,82000,220000,62000,158000,16000,92000,-76000,247000
068413,健策台新01購01  ,0,0,0,0,0,0,0,0,0,246000,0,0,0,292000,46000,246000,246000
061023,茂林國泰9B購02  ,0,0,0,0,0,0,0,0,0,246000,0,0,0,292000,46000,246000,246000
065306,泰鼎元富9C購02  ,0,0,0,0,0,0,0,0,0,245000,0,0,0,266000,21000,245000,245000
064898,國產群益9C購01  ,0,0,0,0,0,0,0,0,0,245000,0,0,0,281000,36000,245000,245000
3017,奇鋐            ,7408617,7225000,183617,0,0,0,229000,0,229000,-168000,36000,164000,-128000,513000,553000,-40000,244617
063692,華擎永豐9B購02  ,0,0,0,0,0,0,0,0,0,244000,0,0,0,587000,343000,244000,244000
061173,T50反1凱基04購01,0,0,0,0,0,0,0,0,0,244000,0,0,0,279000,35000,244000,244000
065377,群創元大02購02  ,0,0,0,0,0,0,0,0,0,244000,0,0,0,321000,77000,244000,244000
066816,泰鼎兆豐03購01  ,0,0,0,0,0,0,0,0,0,244000,0,0,0,244000,0,244000,244000
068232,泰鼎元富04購01  ,0,0,0,0,0,0,0,0,0,243000,0,0,0,398000,155000,243000,243000
068088,台灣50群益01購13,0,0,0,0,0,0,0,0,0,243000,0,0,0,353000,110000,243000,243000
067201,A50正2元大03購01,0,0,0,0,0,0,0,0,0,242000,0,0,0,242000,0,242000,242000
067652,義隆元富01購01  ,0,0,0,0,0,0,0,0,0,242000,0,0,0,391000,149000,242000,242000
066017,南六元富03購01  ,0,0,0,0,0,0,0,0,0,242000,0,0,0,265000,23000,242000,242000
069511,華碩凱基02購02  ,0,0,0,0,0,0,0,0,0,241000,0,0,0,520000,279000,241000,241000
07319P,台積電凱基01售02,0,0,0,0,0,0,0,0,0,240000,0,0,0,250000,10000,240000,240000
058731,貿聯永豐99購02  ,0,0,0,0,0,0,0,0,0,240000,0,0,0,240000,0,240000,240000
063537,華擎統一9C購03  ,0,0,0,0,0,0,0,0,0,240000,0,0,0,295000,55000,240000,240000
060654,大毅群益9B購01  ,0,0,0,0,0,0,0,0,0,239000,0,0,0,288000,49000,239000,239000
063839,華通元大9C購02  ,0,0,0,0,0,0,0,0,0,239000,0,0,0,299000,60000,239000,239000
068397,世紀鋼統一03購01,0,0,0,0,0,0,0,0,0,238000,0,0,0,444000,206000,238000,238000
068531,瀚宇博元富04購03,0,0,0,0,0,0,0,0,0,238000,0,0,0,817000,579000,238000,238000
03035P,玉晶光國票01售07,0,0,0,0,0,0,0,0,0,238000,0,0,0,241000,3000,238000,238000
03037P,玉晶光國票02售02,0,0,0,0,0,0,0,0,0,238000,0,0,0,240000,2000,238000,238000
068751,日月光群益02購01,0,0,0,0,0,0,0,0,0,237000,0,0,0,300000,63000,237000,237000
059920,宏達電元大99購07,0,0,0,0,0,0,0,0,0,237000,0,0,0,358000,121000,237000,237000
064465,台表科統一01購02,0,0,0,0,0,0,0,0,0,237000,0,0,0,412000,175000,237000,237000
064481,技嘉永豐9C購01  ,0,0,0,0,0,0,0,0,0,237000,0,0,0,273000,36000,237000,237000
064071,台郡永豐9C購01  ,0,0,0,0,0,0,0,0,0,237000,0,0,0,241000,4000,237000,237000
062932,滬深2X凱基01購01,0,0,0,0,0,0,0,0,0,237000,0,0,0,299000,62000,237000,237000
065654,台表科元大9C購12,0,0,0,0,0,0,0,0,0,237000,0,0,0,590000,353000,237000,237000
6139,亞翔            ,384000,147000,237000,0,0,0,0,0,0,0,0,0,0,0,0,0,237000
056764,友達元大9A購03  ,0,0,0,0,0,0,0,0,0,236000,0,0,0,259000,23000,236000,236000
8028,昇陽半導體      ,307000,70000,237000,0,0,0,0,0,0,-1000,1000,1000,0,0,1000,-1000,236000
068617,康舒國票03購01  ,0,0,0,0,0,0,0,0,0,235000,0,0,0,961000,726000,235000,235000
065518,聯鈞群益9C購02  ,0,0,0,0,0,0,0,0,0,234000,0,0,0,235000,1000,234000,234000
066565,泰鼎元大01購01  ,0,0,0,0,0,0,0,0,0,234000,0,0,0,244000,10000,234000,234000
08754P,臺股指群益01售04,0,0,0,0,0,0,0,0,0,234000,0,0,0,432000,198000,234000,234000
057987,大立光元富98購02,0,0,0,0,0,0,0,0,0,233000,0,0,0,233000,0,233000,233000
066790,健策麥證01購01  ,0,0,0,286000,53000,233000,0,0,0,233000,0,0,0,286000,53000,233000,233000
066902,台泥凱基01購01  ,0,0,0,0,0,0,0,0,0,233000,0,0,0,500000,267000,233000,233000
067488,群創元大03購01  ,0,0,0,0,0,0,0,0,0,233000,0,0,0,238000,5000,233000,233000
065898,神基麥證9C購01  ,0,0,0,1281000,1048000,233000,0,0,0,233000,0,0,0,1281000,1048000,233000,233000
068054,玉晶光統一03購04,0,0,0,0,0,0,0,0,0,232000,0,0,0,234000,2000,232000,232000
08451P,南六統一9C售06  ,0,0,0,0,0,0,0,0,0,232000,0,0,0,232000,0,232000,232000
069502,永光永豐02購01  ,0,0,0,0,0,0,0,0,0,232000,0,0,0,232000,0,232000,232000
062982,同欣電元富9B購01,0,0,0,0,0,0,0,0,0,231000,0,0,0,321000,90000,231000,231000
065293,玉晶光群益01購07,0,0,0,0,0,0,0,0,0,231000,0,0,0,292000,61000,231000,231000
068377,京元電永豐01購03,0,0,0,0,0,0,0,0,0,230000,0,0,0,307000,77000,230000,230000
053789,彩晶元大9C購02  ,0,0,0,0,0,0,0,0,0,230000,0,0,0,230000,0,230000,230000
064409,彩晶凱基04購01  ,0,0,0,0,0,0,0,0,0,230000,0,0,0,295000,65000,230000,230000
064926,臻鼎統一02購01  ,0,0,0,0,0,0,0,0,0,230000,0,0,0,511000,281000,230000,230000
066409,勤誠凱基01購01  ,0,0,0,0,0,0,0,0,0,230000,0,0,0,346000,116000,230000,230000
067122,眾達國泰03購02  ,0,0,0,0,0,0,0,0,0,230000,0,0,0,450000,220000,230000,230000
08447P,緯穎永豐9C售02  ,0,0,0,0,0,0,0,0,0,229000,0,0,0,229000,0,229000,229000
067634,高鐵永豐01購01  ,0,0,0,0,0,0,0,0,0,229000,0,0,0,229000,0,229000,229000
065733,茂林凱基9C購03  ,0,0,0,0,0,0,0,0,0,229000,0,0,0,384000,155000,229000,229000
069244,金像電凱基02購04,0,0,0,0,0,0,0,0,0,228000,0,0,0,347000,119000,228000,228000
067493,健策元大01購12  ,0,0,0,0,0,0,0,0,0,227000,0,0,0,327000,100000,227000,227000
066642,臺股指凱基04購01,0,0,0,0,0,0,0,0,0,227000,0,0,0,478000,251000,227000,227000
068529,貿聯元富07購01  ,0,0,0,0,0,0,0,0,0,226000,0,0,0,402000,176000,226000,226000
068445,精成科凱基01購01,0,0,0,0,0,0,0,0,0,226000,0,0,0,552000,326000,226000,226000
060124,奇力新永豐99購03,0,0,0,0,0,0,0,0,0,226000,0,0,0,226000,0,226000,226000
063276,和大元大9B購01  ,0,0,0,0,0,0,0,0,0,226000,0,0,0,226000,0,226000,226000
067970,玉晶光群益02購20,0,0,0,0,0,0,0,0,0,225000,0,0,0,230000,5000,225000,225000
067183,友訊凱基02購01  ,0,0,0,0,0,0,0,0,0,225000,0,0,0,225000,0,225000,225000
068184,彩晶群益03購03  ,0,0,0,0,0,0,0,0,0,224000,0,0,0,302000,78000,224000,224000
055376,群創元大01購01  ,0,0,0,0,0,0,0,0,0,224000,0,0,0,289000,65000,224000,224000
061479,泰碩元大9A購02  ,0,0,0,0,0,0,0,0,0,224000,0,0,0,250000,26000,224000,224000
1522,堤維西          ,223000,4000,219000,0,0,0,0,0,0,5000,0,0,0,5000,0,5000,224000
068224,健策統一03購01  ,0,0,0,0,0,0,0,0,0,223000,0,0,0,266000,43000,223000,223000
068334,玉晶光元大01購14,0,0,0,0,0,0,0,0,0,223000,0,0,0,243000,20000,223000,223000
065013,矽創國泰02購01  ,0,0,0,0,0,0,0,0,0,223000,0,0,0,600000,377000,223000,223000
058410,國巨兆豐99購03  ,0,0,0,0,0,0,0,0,0,222000,0,0,0,285000,63000,222000,222000
063204,高鐵統一9C購01  ,0,0,0,0,0,0,0,0,0,222000,0,0,0,237000,15000,222000,222000
064483,瑞儀永豐9C購01  ,0,0,0,0,0,0,0,0,0,221000,0,0,0,221000,0,221000,221000
00652,富邦印度        ,154000,11000,143000,0,0,0,0,0,0,78000,0,0,0,240000,162000,78000,221000
063844,台積電元大9C購05,0,0,0,0,0,0,0,0,0,221000,0,0,0,225000,4000,221000,221000
067193,台表科凱基03購02,0,0,0,0,0,0,0,0,0,221000,0,0,0,286000,65000,221000,221000
067219,瑞儀元大01購01  ,0,0,0,0,0,0,0,0,0,221000,0,0,0,351000,130000,221000,221000
068502,帆宣元大01購05  ,0,0,0,0,0,0,0,0,0,220000,0,0,0,254000,34000,220000,220000
068728,宏達電元大02購03,0,0,0,0,0,0,0,0,0,220000,0,0,0,231000,11000,220000,220000
054586,健鼎國泰99購01  ,0,0,0,0,0,0,0,0,0,220000,0,0,0,220000,0,220000,220000
061303,玉晶光永豐9B購03,0,0,0,0,0,0,0,0,0,220000,0,0,0,275000,55000,220000,220000
065125,奇力新永豐9C購01,0,0,0,0,0,0,0,0,0,220000,0,0,0,220000,0,220000,220000
066015,健策元富01購01  ,0,0,0,0,0,0,0,0,0,220000,0,0,0,255000,35000,220000,220000
067484,聯詠元大01購07  ,0,0,0,0,0,0,0,0,0,219000,0,0,0,231000,12000,219000,219000
08893P,京元電元大01售06,0,0,0,0,0,0,0,0,0,219000,0,0,0,219000,0,219000,219000
064349,泰鼎元大9C購02  ,0,0,0,0,0,0,0,0,0,218000,0,0,0,294000,76000,218000,218000
058365,奇力新凱基9A購01,0,0,0,0,0,0,0,0,0,218000,0,0,0,278000,60000,218000,218000
060637,玉晶光永豐9A購03,0,0,0,0,0,0,0,0,0,218000,0,0,0,242000,24000,218000,218000
064200,華通兆豐01購01  ,0,0,0,0,0,0,0,0,0,218000,0,0,0,233000,15000,218000,218000
066525,創意統一03購01  ,0,0,0,0,0,0,0,0,0,218000,0,0,0,274000,56000,218000,218000
064895,奇力新群益9C購02,0,0,0,0,0,0,0,0,0,218000,0,0,0,248000,30000,218000,218000
1709,和益            ,252000,34000,218000,0,0,0,0,0,0,0,0,0,0,0,0,0,218000
059919,宏達電元大99購06,0,0,0,0,0,0,0,0,0,217000,0,0,0,228000,11000,217000,217000
064735,群創元富9C購02  ,0,0,0,0,0,0,0,0,0,217000,0,0,0,400000,183000,217000,217000
065176,玉晶光元大01購04,0,0,0,0,0,0,0,0,0,217000,0,0,0,326000,109000,217000,217000
068700,瑞儀凱基03購01  ,0,0,0,0,0,0,0,0,0,216000,0,0,0,216000,0,216000,216000
066596,健策群益02購01  ,0,0,0,0,0,0,0,0,0,216000,0,0,0,298000,82000,216000,216000
068731,健策元大03購01  ,0,0,0,0,0,0,0,0,0,215000,0,0,0,257000,42000,215000,215000
068635,台積電凱基03購09,0,0,0,0,0,0,0,0,0,215000,0,0,0,235000,20000,215000,215000
068794,欣興凱基02購04  ,0,0,0,0,0,0,0,0,0,215000,0,0,0,511000,296000,215000,215000
064583,光寶科永豐9C購01,0,0,0,0,0,0,0,0,0,215000,0,0,0,331000,116000,215000,215000
063310,和大群益9B購02  ,0,0,0,0,0,0,0,0,0,215000,0,0,0,220000,5000,215000,215000
062480,茂林國票9B購01  ,0,0,0,0,0,0,0,0,0,215000,0,0,0,235000,20000,215000,215000
066424,晶技元大01購03  ,0,0,0,0,0,0,0,0,0,215000,0,0,0,256000,41000,215000,215000
08967P,聯電元大01售03  ,0,0,0,0,0,0,0,0,0,215000,0,0,0,215000,0,215000,215000
069094,金像電統一02購02,0,0,0,0,0,0,0,0,0,214000,0,0,0,445000,231000,214000,214000
07861P,台灣50中信03售08,0,0,0,0,0,0,0,0,0,214000,0,0,0,499000,285000,214000,214000
063431,神隆元富9B購01  ,0,0,0,0,0,0,0,0,0,214000,0,0,0,504000,290000,214000,214000
063228,聯茂群益9B購01  ,0,0,0,0,0,0,0,0,0,214000,0,0,0,229000,15000,214000,214000
065471,和大元大9C購05  ,0,0,0,0,0,0,0,0,0,214000,0,0,0,247000,33000,214000,214000
2823,中壽            ,3997097,3009552,987545,0,0,0,2000,336000,-334000,-440000,2000,4000,-2000,721000,1159000,-438000,213545
060227,和大元大9A購01  ,0,0,0,0,0,0,0,0,0,213000,0,0,0,234000,21000,213000,213000
063590,華擎永豐9B購01  ,0,0,0,0,0,0,0,0,0,213000,0,0,0,373000,160000,213000,213000
061091,奇力新統一9C購02,0,0,0,0,0,0,0,0,0,213000,0,0,0,395000,182000,213000,213000
069277,欣興永豐02購06  ,0,0,0,0,0,0,0,0,0,212000,0,0,0,317000,105000,212000,212000
063793,和大凱基9C購01  ,0,0,0,0,0,0,0,0,0,212000,0,0,0,212000,0,212000,212000
058936,國喬中信99購01  ,0,0,0,0,0,0,0,0,0,212000,0,0,0,252000,40000,212000,212000
064775,和大群益01購01  ,0,0,0,0,0,0,0,0,0,212000,0,0,0,235000,23000,212000,212000
064851,勤誠元富03購01  ,0,0,0,0,0,0,0,0,0,212000,0,0,0,619000,407000,212000,212000
068578,帆宣國泰03購01  ,0,0,0,0,0,0,0,0,0,211000,0,0,0,211000,0,211000,211000
068006,玉晶光元大03購03,0,0,0,0,0,0,0,0,0,211000,0,0,0,234000,23000,211000,211000
03087P,聯發科元大01售24,0,0,0,0,0,0,0,0,0,211000,0,0,0,211000,0,211000,211000
066250,大成鋼元大01購01,0,0,0,0,0,0,0,0,0,211000,0,0,0,231000,20000,211000,211000
1104,環泥            ,288000,82000,206000,0,0,0,0,0,0,5000,5000,0,5000,0,0,0,211000
067854,力成國票02購01  ,0,0,0,0,0,0,0,0,0,210000,0,0,0,210000,0,210000,210000
07630P,臺股指凱基9A售11,0,0,0,0,0,0,0,0,0,210000,0,0,0,210000,0,210000,210000
064955,健策凱基9C購03  ,0,0,0,0,0,0,0,0,0,210000,0,0,0,217000,7000,210000,210000
066112,智邦兆豐02購01  ,0,0,0,0,0,0,0,0,0,210000,0,0,0,420000,210000,210000,210000
065732,健策凱基9C購04  ,0,0,0,0,0,0,0,0,0,210000,0,0,0,219000,9000,210000,210000
065224,和大凱基02購02  ,0,0,0,0,0,0,0,0,0,210000,0,0,0,210000,0,210000,210000
1449,佳和            ,258000,48000,210000,0,0,0,0,0,0,0,0,0,0,0,0,0,210000
067792,GIS群益02購02   ,0,0,0,0,0,0,0,0,0,209000,0,0,0,215000,6000,209000,209000
068791,元大金凱基02購01,0,0,0,0,0,0,0,0,0,209000,0,0,0,499000,290000,209000,209000
068933,奇鋐永豐02購01  ,0,0,0,0,0,0,0,0,0,209000,0,0,0,282000,73000,209000,209000
062080,奇力新元大9B購02,0,0,0,0,0,0,0,0,0,209000,0,0,0,212000,3000,209000,209000
067998,聯發科元大01購22,0,0,0,0,0,0,0,0,0,208000,0,0,0,432000,224000,208000,208000
058398,中環元大99購02  ,0,0,0,0,0,0,0,0,0,208000,0,0,0,214000,6000,208000,208000
6449,鈺邦            ,394000,179000,215000,0,0,0,0,0,0,-7000,7000,14000,-7000,0,0,0,208000
069508,健策永豐02購01  ,0,0,0,0,0,0,0,0,0,207000,0,0,0,295000,88000,207000,207000
061956,和大統一01購01  ,0,0,0,0,0,0,0,0,0,207000,0,0,0,367000,160000,207000,207000
068967,茂林群益02購01  ,0,0,0,0,0,0,0,0,0,206000,0,0,0,341000,135000,206000,206000
053564,台積電富邦99購01,0,0,0,0,0,0,0,0,0,206000,0,0,0,225000,19000,206000,206000
065350,華擎統一01購04  ,0,0,0,0,0,0,0,0,0,206000,0,0,0,217000,11000,206000,206000
068831,台積電國泰06購01,0,0,0,0,0,0,0,0,0,205000,0,0,0,205000,0,205000,205000
053361,友達元富99購01  ,0,0,0,0,0,0,0,0,0,205000,0,0,0,205000,0,205000,205000
060416,神隆永豐9A購01  ,0,0,0,0,0,0,0,0,0,205000,0,0,0,280000,75000,205000,205000
057818,泰碩元大9A購01  ,0,0,0,0,0,0,0,0,0,205000,0,0,0,323000,118000,205000,205000
058615,矽創元大99購01  ,0,0,0,0,0,0,0,0,0,205000,0,0,0,205000,0,205000,205000
067317,嘉澤元大02購01  ,0,0,0,0,0,0,0,0,0,205000,0,0,0,205000,0,205000,205000
1527,鑽全            ,218000,13000,205000,0,0,0,0,0,0,0,0,0,0,0,0,0,205000
1307,三芳            ,230000,22000,208000,0,0,0,0,0,0,-3000,0,3000,-3000,0,0,0,205000
08400P,美律元富9C售02  ,0,0,0,0,0,0,0,0,0,204000,0,0,0,281000,77000,204000,204000
062994,祥碩群益9B購05  ,0,0,0,0,0,0,0,0,0,204000,0,0,0,250000,46000,204000,204000
1532,勤美            ,219000,15000,204000,0,0,0,0,0,0,0,0,0,0,0,0,0,204000
069689,彩晶元大02購01  ,0,0,0,0,0,0,0,0,0,203000,0,0,0,358000,155000,203000,203000
03310P,聯詠凱基02售05  ,0,0,0,0,0,0,0,0,0,203000,0,0,0,250000,47000,203000,203000
067084,泰鼎元大01購02  ,0,0,0,0,0,0,0,0,0,203000,0,0,0,243000,40000,203000,203000
2464,盟立            ,340000,194000,146000,0,0,0,0,0,0,57000,2000,0,2000,61000,6000,55000,203000
8021,尖點            ,354000,221000,133000,0,0,0,0,0,0,70000,70000,0,70000,0,0,0,203000
068826,群創元大05購01  ,0,0,0,0,0,0,0,0,0,202000,0,0,0,247000,45000,202000,202000
062631,奇力新國票9B購01,0,0,0,0,0,0,0,0,0,202000,0,0,0,502000,300000,202000,202000
062837,復盛群益9B購01  ,0,0,0,0,0,0,0,0,0,202000,0,0,0,202000,0,202000,202000
069460,金像電兆豐03購03,0,0,0,0,0,0,0,0,0,201000,0,0,0,391000,190000,201000,201000
069163,聯發科元大02購10,0,0,0,0,0,0,0,0,0,201000,0,0,0,201000,0,201000,201000
03161P,景碩元大01售03  ,0,0,0,0,0,0,0,0,0,201000,0,0,0,201000,0,201000,201000
064769,漢翔中信9C購01  ,0,0,0,0,0,0,0,0,0,201000,0,0,0,201000,0,201000,201000
063148,建準元富9B購01  ,0,0,0,0,0,0,0,0,0,201000,0,0,0,426000,225000,201000,201000
067128,華城永豐01購02  ,0,0,0,0,0,0,0,0,0,201000,0,0,0,372000,171000,201000,201000
069211,玉晶光元大03購08,0,0,0,0,0,0,0,0,0,200000,0,0,0,200000,0,200000,200000
069367,T50反1元大02購04,0,0,0,0,0,0,0,0,0,200000,0,0,0,200000,0,200000,200000
07942P,健策凱基9B售03  ,0,0,0,0,0,0,0,0,0,200000,0,0,0,200000,0,200000,200000
07145P,為升元大99售03  ,0,0,0,0,0,0,0,0,0,200000,0,0,0,225000,25000,200000,200000
068789,旺宏凱基04購01  ,0,0,0,0,0,0,0,0,0,200000,0,0,0,200000,0,200000,200000
068848,台積電統一06購02,0,0,0,0,0,0,0,0,0,200000,0,0,0,200000,0,200000,200000
067865,友達元大01購02  ,0,0,0,0,0,0,0,0,0,200000,0,0,0,200000,0,200000,200000
054556,世芯凱基99購01  ,0,0,0,0,0,0,0,0,0,200000,0,0,0,200000,0,200000,200000
064515,中橡群益9C購01  ,0,0,0,0,0,0,0,0,0,200000,0,0,0,200000,0,200000,200000
063464,廣達元大9B購02  ,0,0,0,0,0,0,0,0,0,200000,0,0,0,262000,62000,200000,200000
060036,上証2X國票99購03,0,0,0,0,0,0,0,0,0,200000,0,0,0,200000,0,200000,200000
062720,南亞科凱基9B購03,0,0,0,0,0,0,0,0,0,200000,0,0,0,200000,0,200000,200000
061948,美食群益9B購01  ,0,0,0,0,0,0,0,0,0,200000,0,0,0,200000,0,200000,200000
064260,矽創富邦9C購01  ,0,0,0,0,0,0,0,0,0,200000,0,0,0,200000,0,200000,200000
3419,譁裕            ,218000,19000,199000,0,0,0,0,0,0,1000,1000,0,1000,0,0,0,200000
068729,宏達電元大03購01,0,0,0,0,0,0,0,0,0,199000,0,0,0,210000,11000,199000,199000
07420P,可成元大99售07  ,0,0,0,0,0,0,0,0,0,199000,0,0,0,200000,1000,199000,199000
064237,奇鋐統一01購01  ,0,0,0,0,0,0,0,0,0,199000,0,0,0,204000,5000,199000,199000
064936,世紀鋼統一9C購02,0,0,0,0,0,0,0,0,0,199000,0,0,0,199000,0,199000,199000
9914,美利達          ,896000,770000,126000,0,0,0,68000,1000,67000,6000,31000,42000,-11000,20000,3000,17000,199000
069105,南電統一04購02  ,0,0,0,0,0,0,0,0,0,198000,0,0,0,1398000,1200000,198000,198000
064359,華通統一9C購05  ,0,0,0,0,0,0,0,0,0,198000,0,0,0,252000,54000,198000,198000
00766L,台新MSCI中國正2 ,0,0,0,0,0,0,0,0,0,198000,0,0,0,282000,84000,198000,198000
066267,強茂元大01購02  ,0,0,0,0,0,0,0,0,0,198000,0,0,0,410000,212000,198000,198000
068010,台郡元大01購06  ,0,0,0,0,0,0,0,0,0,197000,0,0,0,388000,191000,197000,197000
065362,華通元大9C購06  ,0,0,0,0,0,0,0,0,0,197000,0,0,0,208000,11000,197000,197000
066735,智原元大01購03  ,0,0,0,0,0,0,0,0,0,197000,0,0,0,197000,0,197000,197000
067427,奇力新凱基01購01,0,0,0,0,0,0,0,0,0,197000,0,0,0,197000,0,197000,197000
067194,惠特凱基01購03  ,0,0,0,0,0,0,0,0,0,197000,0,0,0,197000,0,197000,197000
060423,智易永豐9A購01  ,0,0,0,0,0,0,0,0,0,196000,0,0,0,206000,10000,196000,196000
058989,茂林凱基99購02  ,0,0,0,0,0,0,0,0,0,196000,0,0,0,200000,4000,196000,196000
067082,健策元大01購07  ,0,0,0,0,0,0,0,0,0,196000,0,0,0,459000,263000,196000,196000
6452,康友-KY         ,16000,0,16000,0,0,0,0,0,0,180000,165000,0,165000,15000,0,15000,196000
067894,玉晶光群益02購08,0,0,0,0,0,0,0,0,0,195000,0,0,0,195000,0,195000,195000
066136,景碩群益01購02  ,0,0,0,0,0,0,0,0,0,195000,0,0,0,271000,76000,195000,195000
08613P,同欣電凱基9C售04,0,0,0,0,0,0,0,0,0,195000,0,0,0,196000,1000,195000,195000
069042,T50反1元富08購03,0,0,0,0,0,0,0,0,0,194000,0,0,0,210000,16000,194000,194000
058323,泰鼎永豐9A購01  ,0,0,0,0,0,0,0,0,0,194000,0,0,0,203000,9000,194000,194000
063063,泰鼎元富9B購01  ,0,0,0,0,0,0,0,0,0,194000,0,0,0,204000,10000,194000,194000
065806,貿聯群益9C購05  ,0,0,0,0,0,0,0,0,0,194000,0,0,0,198000,4000,194000,194000
066694,深中小群益03購01,0,0,0,0,0,0,0,0,0,194000,0,0,0,500000,306000,194000,194000
2385,群光            ,856236,639121,217115,0,0,0,3000,1000,2000,-26000,82000,0,82000,1000,109000,-108000,193115
068920,台積電元富08購10,0,0,0,0,0,0,0,0,0,193000,0,0,0,240000,47000,193000,193000
067969,玉晶光群益02購19,0,0,0,0,0,0,0,0,0,193000,0,0,0,199000,6000,193000,193000
069172,台郡元大02購03  ,0,0,0,0,0,0,0,0,0,193000,0,0,0,240000,47000,193000,193000
00713,元大台灣高息低波,50000,0,50000,0,0,0,0,0,0,143000,0,0,0,183000,40000,143000,193000
057568,友訊永豐99購01  ,0,0,0,0,0,0,0,0,0,193000,0,0,0,256000,63000,193000,193000
061800,泰鼎永豐9B購01  ,0,0,0,0,0,0,0,0,0,193000,0,0,0,221000,28000,193000,193000
067149,瑞昱統一03購01  ,0,0,0,0,0,0,0,0,0,193000,0,0,0,444000,251000,193000,193000
065414,立積永豐9C購01  ,0,0,0,0,0,0,0,0,0,193000,0,0,0,268000,75000,193000,193000
067506,台光電統一02購04,0,0,0,0,0,0,0,0,0,192000,0,0,0,200000,8000,192000,192000
1460,宏遠            ,223000,31000,192000,0,0,0,0,0,0,0,0,0,0,0,0,0,192000
069157,金像電元大02購04,0,0,0,0,0,0,0,0,0,191000,0,0,0,369000,178000,191000,191000
057871,國巨元大99購09  ,0,0,0,0,0,0,0,0,0,191000,0,0,0,191000,0,191000,191000
062975,京鼎元富9B購01  ,0,0,0,0,0,0,0,0,0,191000,0,0,0,195000,4000,191000,191000
064029,宏達電元大9C購01,0,0,0,0,0,0,0,0,0,191000,0,0,0,249000,58000,191000,191000
08609P,世紀鋼永豐9C售03,0,0,0,0,0,0,0,0,0,191000,0,0,0,191000,0,191000,191000
2809,京城銀          ,595000,221000,374000,0,0,0,0,0,0,-183000,10000,0,10000,3000,196000,-193000,191000
067872,玉晶光元大02購03,0,0,0,0,0,0,0,0,0,190000,0,0,0,200000,10000,190000,190000
060145,牧德國票9A購02  ,0,0,0,0,0,0,0,0,0,190000,0,0,0,190000,0,190000,190000
061044,世紀鋼永豐9A購02,0,0,0,0,0,0,0,0,0,190000,0,0,0,215000,25000,190000,190000
066386,宏全康和01購01  ,0,0,0,0,0,0,0,0,0,190000,0,0,0,223000,33000,190000,190000
03411P,欣興元大02售08  ,0,0,0,0,0,0,0,0,0,189000,0,0,0,360000,171000,189000,189000
020019,統一特選台灣5GN ,0,0,0,0,0,0,0,0,0,189000,0,0,0,1805000,1616000,189000,189000
061572,奇力新元大9A購04,0,0,0,0,0,0,0,0,0,189000,0,0,0,189000,0,189000,189000
065478,緯創元大9C購03  ,0,0,0,0,0,0,0,0,0,189000,0,0,0,215000,26000,189000,189000
069350,瑞儀群益02購02  ,0,0,0,0,0,0,0,0,0,188000,0,0,0,199000,11000,188000,188000
00703,台新MSCI中國    ,14000,14000,0,0,0,0,0,0,0,188000,0,0,0,265000,77000,188000,188000
057745,泰鼎永豐99購01  ,0,0,0,0,0,0,0,0,0,188000,0,0,0,232000,44000,188000,188000
058291,元油2X日盛99購01,0,0,0,0,0,0,0,0,0,188000,0,0,0,188000,0,188000,188000
065799,友訊群益01購03  ,0,0,0,0,0,0,0,0,0,188000,0,0,0,198000,10000,188000,188000
2637,慧洋-KY         ,434000,234000,200000,0,0,0,0,0,0,-12000,0,0,0,10000,22000,-12000,188000
08805P,台積電元富07售04,0,0,0,0,0,0,0,0,0,188000,0,0,0,200000,12000,188000,188000
062345,和大群益9B購01  ,0,0,0,0,0,0,0,0,0,186000,0,0,0,222000,36000,186000,186000
062352,南六群益9B購02  ,0,0,0,0,0,0,0,0,0,186000,0,0,0,187000,1000,186000,186000
061673,仁寶元大9B購01  ,0,0,0,0,0,0,0,0,0,186000,0,0,0,186000,0,186000,186000
065992,立積永豐01購01  ,0,0,0,0,0,0,0,0,0,186000,0,0,0,257000,71000,186000,186000
066437,台泥群益02購01  ,0,0,0,0,0,0,0,0,0,186000,0,0,0,194000,8000,186000,186000
08890P,為升元大01售04  ,0,0,0,0,0,0,0,0,0,186000,0,0,0,186000,0,186000,186000
064414,臺股指凱基9C購10,0,0,0,0,0,0,0,0,0,185000,0,0,0,190000,5000,185000,185000
062896,中興電元大9B購01,1000,0,1000,0,0,0,0,0,0,184000,0,0,0,424000,240000,184000,185000
066209,聯鈞統一03購01  ,0,0,0,0,0,0,0,0,0,185000,0,0,0,185000,0,185000,185000
065505,健鼎永豐9C購01  ,0,0,0,0,0,0,0,0,0,185000,0,0,0,684000,499000,185000,185000
2359,所羅門          ,201000,18000,183000,0,0,0,0,0,0,2000,2000,0,2000,0,0,0,185000
069663,華新科兆豐04購01,0,0,0,0,0,0,0,0,0,184000,0,0,0,284000,100000,184000,184000
069010,欣興兆豐03購03  ,0,0,0,0,0,0,0,0,0,184000,0,0,0,292000,108000,184000,184000
03184P,台積電元大01售48,0,0,0,0,0,0,0,0,0,184000,0,0,0,191000,7000,184000,184000
03103P,聯發科元富01售02,0,0,0,0,0,0,0,0,0,184000,0,0,0,206000,22000,184000,184000
068986,帆宣元大02購02  ,0,0,0,0,0,0,0,0,0,182000,0,0,0,183000,1000,182000,182000
068293,國巨兆豐01購03  ,0,0,0,0,0,0,0,0,0,182000,0,0,0,182000,0,182000,182000
03432P,欣興元大02售10  ,0,0,0,0,0,0,0,0,0,182000,0,0,0,267000,85000,182000,182000
053381,友達元大9A購02  ,0,0,0,0,0,0,0,0,0,182000,0,0,0,300000,118000,182000,182000
061202,和大元大9A購02  ,0,0,0,0,0,0,0,0,0,182000,0,0,0,195000,13000,182000,182000
062311,奇力新凱基9B購01,0,0,0,0,0,0,0,0,0,182000,0,0,0,183000,1000,182000,182000
00752,中信中國50      ,0,0,0,0,0,0,0,0,0,181000,0,0,0,700000,519000,181000,181000
063443,金像電統一01購02,0,0,0,0,0,0,0,0,0,181000,0,0,0,250000,69000,181000,181000
062165,聯茂國泰01購01  ,0,0,0,0,0,0,0,0,0,181000,0,0,0,284000,103000,181000,181000
061052,和大群益9A購01  ,0,0,0,0,0,0,0,0,0,181000,0,0,0,206000,25000,181000,181000
066662,建準凱基02購01  ,0,0,0,0,0,0,0,0,0,181000,0,0,0,321000,140000,181000,181000
066832,健策群益01購08  ,0,0,0,0,0,0,0,0,0,181000,0,0,0,193000,12000,181000,181000
069217,T50反1群益02購06,0,0,0,0,0,0,0,0,0,180000,0,0,0,200000,20000,180000,180000
064107,友達兆豐01購01  ,0,0,0,0,0,0,0,0,0,180000,0,0,0,418000,238000,180000,180000
3030,德律            ,397000,243000,154000,0,0,0,0,0,0,26000,2000,0,2000,24000,0,24000,180000
3005,神基            ,872000,601000,271000,0,0,0,2000,0,2000,-93000,128000,242000,-114000,138000,117000,21000,180000
08799P,台積電元大01售19,0,0,0,0,0,0,0,0,0,180000,0,0,0,180000,0,180000,180000
08551P,台積電群益9C售12,0,0,0,0,0,0,0,0,0,180000,0,0,0,180000,0,180000,180000
068157,晶技元大01購04  ,0,0,0,0,0,0,0,0,0,179000,0,0,0,239000,60000,179000,179000
067897,玉晶光群益02購11,0,0,0,0,0,0,0,0,0,179000,0,0,0,184000,5000,179000,179000
057812,友達元大9A購05  ,0,0,0,0,0,0,0,0,0,179000,0,0,0,279000,100000,179000,179000
063153,南六元富9B購01  ,0,0,0,0,0,0,0,0,0,179000,0,0,0,190000,11000,179000,179000
067129,神隆永豐01購01  ,0,0,0,0,0,0,0,0,0,179000,0,0,0,192000,13000,179000,179000
066556,和鑫元大01購01  ,0,0,0,0,0,0,0,0,0,179000,0,0,0,829000,650000,179000,179000
068838,智易永豐02購01  ,0,0,0,0,0,0,0,0,0,178000,0,0,0,178000,0,178000,178000
08367P,臺股指凱基9C售11,0,0,0,0,0,0,0,0,0,178000,0,0,0,220000,42000,178000,178000
069254,玉晶光凱基03購06,0,0,0,0,0,0,0,0,0,177000,0,0,0,192000,15000,177000,177000
067942,瑞儀凱基02購01  ,0,0,0,0,0,0,0,0,0,177000,0,0,0,222000,45000,177000,177000
068004,玉晶光元大02購04,0,0,0,0,0,0,0,0,0,177000,0,0,0,177000,0,177000,177000
066360,致茂中信05購01  ,0,0,0,0,0,0,0,0,0,177000,0,0,0,257000,80000,177000,177000
068198,奇力新凱基02購02,0,0,0,0,0,0,0,0,0,176000,0,0,0,177000,1000,176000,176000
064453,微星統一02購01  ,0,0,0,0,0,0,0,0,0,176000,0,0,0,490000,314000,176000,176000
063220,建準群益9B購01  ,0,20000,-20000,0,0,0,0,0,0,196000,0,0,0,272000,76000,196000,176000
063671,GIS統一01購01   ,0,0,0,0,0,0,0,0,0,176000,0,0,0,384000,208000,176000,176000
068935,晶技永豐02購01  ,0,0,0,0,0,0,0,0,0,175000,0,0,0,177000,2000,175000,175000
069048,台積電元富08購14,0,0,0,0,0,0,0,0,0,175000,0,0,0,237000,62000,175000,175000
069725,欣興群益02購07  ,0,0,0,0,0,0,0,0,0,175000,0,0,0,185000,10000,175000,175000
063711,高鐵凱基9B購01  ,0,0,0,0,0,0,0,0,0,175000,0,0,0,175000,0,175000,175000
063267,台表科中信01購02,0,0,0,0,0,0,0,0,0,175000,0,0,0,278000,103000,175000,175000
065884,智原元富9C購02  ,0,0,0,0,0,0,0,0,0,175000,0,0,0,236000,61000,175000,175000
067260,台郡國票02購02  ,0,0,0,0,0,0,0,0,0,175000,0,0,0,190000,15000,175000,175000
068593,台積電統一03購08,0,0,0,0,0,0,0,0,0,174000,0,0,0,184000,10000,174000,174000
068068,瑞昱凱基01購03  ,0,0,0,0,0,0,0,0,0,174000,0,0,0,336000,162000,174000,174000
060364,奇力新元富9A購01,0,0,0,0,0,0,0,0,0,174000,0,0,0,184000,10000,174000,174000
064676,聚陽兆豐9C購01  ,0,0,0,0,0,0,0,0,0,174000,0,0,0,334000,160000,174000,174000
063586,燿華永豐9B購02  ,0,0,0,0,0,0,0,0,0,174000,0,0,0,174000,0,174000,174000
062098,億光永豐9B購01  ,0,0,0,0,0,0,0,0,0,174000,0,0,0,174000,0,174000,174000
067341,欣興凱基03購01  ,0,0,0,0,0,0,0,0,0,174000,0,0,0,270000,96000,174000,174000
067621,友達國泰02購01  ,0,0,0,0,0,0,0,0,0,174000,0,0,0,555000,381000,174000,174000
068565,建準元大01購02  ,0,0,0,0,0,0,0,0,0,173000,0,0,0,571000,398000,173000,173000
08366P,祥碩凱基9C售04  ,0,0,0,0,0,0,0,0,0,173000,0,0,0,253000,80000,173000,173000
058911,茂林元大99購04  ,0,0,0,0,0,0,0,0,0,173000,0,0,0,440000,267000,173000,173000
060656,國巨統一9C購03  ,0,0,0,0,0,0,0,0,0,173000,0,0,0,173000,0,173000,173000
063225,茂林群益9B購04  ,0,0,0,0,0,0,0,0,0,173000,0,0,0,173000,0,173000,173000
069419,瑞儀統一03購01  ,0,0,0,0,0,0,0,0,0,172000,0,0,0,172000,0,172000,172000
068572,帆宣元大01購07  ,0,0,0,0,0,0,0,0,0,172000,0,0,0,172000,0,172000,172000
060894,奇力新凱基9A購03,0,0,0,0,0,0,0,0,0,172000,0,0,0,237000,65000,172000,172000
063645,瑞儀元大9B購02  ,0,0,0,0,0,0,0,0,0,172000,0,0,0,217000,45000,172000,172000
067543,臻鼎群益01購01  ,0,0,0,0,0,0,0,0,0,172000,0,0,0,323000,151000,172000,172000
08761P,聯詠元大01售02  ,0,0,0,0,0,0,0,0,0,172000,0,0,0,184000,12000,172000,172000
060259,潤泰全凱基9C購01,0,0,0,0,0,0,0,0,0,171000,0,0,0,172000,1000,171000,171000
061320,奇力新凱基9A購04,0,0,0,0,0,0,0,0,0,171000,0,0,0,222000,51000,171000,171000
066731,瑞昱元大01購01  ,0,0,0,0,0,0,0,0,0,171000,0,0,0,283000,112000,171000,171000
066095,友訊中信05購01  ,0,0,0,0,0,0,0,0,0,171000,0,0,0,362000,191000,171000,171000
065545,華通兆豐9C購03  ,0,0,0,0,0,0,0,0,0,171000,0,0,0,172000,1000,171000,171000
067874,台郡元大01購05  ,0,0,0,0,0,0,0,0,0,170000,0,0,0,200000,30000,170000,170000
054826,復盛元大9A購01  ,0,0,0,0,0,0,0,0,0,170000,0,0,0,170000,0,170000,170000
03095P,國巨凱基02售07  ,0,0,0,0,0,0,0,0,0,170000,0,0,0,202000,32000,170000,170000
063827,國巨國票02購01  ,0,0,0,0,0,0,0,0,0,170000,0,0,0,181000,11000,170000,170000
061490,茂林兆豐9B購01  ,0,0,0,0,0,0,0,0,0,170000,0,0,0,218000,48000,170000,170000
063118,中鋼元大9C購01  ,0,0,0,0,0,0,0,0,0,170000,0,0,0,170000,0,170000,170000
064724,健鼎統一02購02  ,0,0,0,0,0,0,0,0,0,170000,0,0,0,174000,4000,170000,170000
064831,宏達電統一02購01,0,0,0,0,0,0,0,0,0,170000,0,0,0,231000,61000,170000,170000
062551,緯穎永豐9B購02  ,0,0,0,0,0,0,0,0,0,170000,0,0,0,170000,0,170000,170000
066019,T50反1群益01購03,0,0,0,0,0,0,0,0,0,170000,0,0,0,200000,30000,170000,170000
066879,智伸科富邦03購01,0,0,0,0,0,0,0,0,0,170000,0,0,0,303000,133000,170000,170000
068658,義隆元大02購01  ,0,0,0,0,0,0,0,0,0,169000,0,0,0,273000,104000,169000,169000
07032P,聯發科統一9C售02,0,0,0,0,0,0,0,0,0,169000,0,0,0,170000,1000,169000,169000
062017,京鼎永豐9B購01  ,0,0,0,0,0,0,0,0,0,169000,0,0,0,237000,68000,169000,169000
065464,健鼎中信9C購01  ,0,0,0,0,0,0,0,0,0,169000,0,0,0,224000,55000,169000,169000
08219P,上銀凱基9B售08  ,0,0,0,0,0,0,0,0,0,168000,0,0,0,233000,65000,168000,168000
069464,南電兆豐03購02  ,0,0,0,0,0,0,0,0,0,168000,0,0,0,361000,193000,168000,168000
068571,帆宣元大01購06  ,0,0,0,0,0,0,0,0,0,168000,0,0,0,168000,0,168000,168000
061640,智原元大9A購01  ,0,0,0,0,0,0,0,0,0,168000,0,0,0,168000,0,168000,168000
064958,GIS凱基02購03   ,0,0,0,0,0,0,0,0,0,168000,0,0,0,176000,8000,168000,168000
064978,群創元大9C購07  ,0,0,0,0,0,0,0,0,0,168000,0,0,0,326000,158000,168000,168000
063162,國喬永豐9B購01  ,0,0,0,0,0,0,0,0,0,168000,0,0,0,238000,70000,168000,168000
068682,神達富邦03購01  ,0,0,0,0,0,0,0,0,0,167000,0,0,0,772000,605000,167000,167000
063303,聯發科凱基9B購14,0,0,0,0,0,0,0,0,0,167000,0,0,0,167000,0,167000,167000
069562,健策康和02購01  ,0,0,0,0,0,0,0,0,0,166000,0,0,0,203000,37000,166000,166000
03032P,華通國票03售01  ,0,0,0,0,0,0,0,0,0,166000,0,0,0,176000,10000,166000,166000
020012,富邦行動通訊N   ,0,0,0,0,0,0,0,0,0,166000,0,0,0,166000,0,166000,166000
053764,A50正2富邦99購01,0,0,0,0,0,0,0,0,0,166000,0,0,0,166000,0,166000,166000
061878,茂林元大9B購01  ,0,0,0,0,0,0,0,0,0,166000,0,0,0,225000,59000,166000,166000
065955,健鼎統一01購03  ,0,0,0,0,0,0,0,0,0,166000,0,0,0,391000,225000,166000,166000
066422,嘉晶元大02購01  ,0,0,0,0,0,0,0,0,0,166000,0,0,0,306000,140000,166000,166000
068337,同欣電元大01購05,0,0,0,0,0,0,0,0,0,165000,0,0,0,223000,58000,165000,165000
068361,惠特凱基03購01  ,0,0,0,0,0,0,0,0,0,165000,0,0,0,213000,48000,165000,165000
058377,茂林凱基9A購03  ,0,0,0,0,0,0,0,0,0,165000,0,0,0,285000,120000,165000,165000
064217,GIS凱基02購02   ,0,0,0,0,0,0,0,0,0,165000,0,0,0,205000,40000,165000,165000
066335,潤泰全永豐01購01,0,0,0,0,0,0,0,0,0,165000,0,0,0,165000,0,165000,165000
066256,華通元大02購02  ,0,0,0,0,0,0,0,0,0,165000,0,0,0,327000,162000,165000,165000
066860,健策國票02購02  ,0,0,0,0,0,0,0,0,0,165000,0,0,0,166000,1000,165000,165000
068853,華新科統一02購03,0,0,0,0,0,0,0,0,0,164000,0,0,0,383000,219000,164000,164000
068862,義隆元富04購01  ,0,0,0,0,0,0,0,0,0,164000,0,0,0,407000,243000,164000,164000
069083,景碩凱基03購01  ,0,0,0,0,0,0,0,0,0,164000,0,0,0,294000,130000,164000,164000
069088,南電凱基03購01  ,0,0,0,0,0,0,0,0,0,164000,0,0,0,397000,233000,164000,164000
08467P,長榮航統一9C售01,0,0,0,0,0,0,0,0,0,164000,0,0,0,394000,230000,164000,164000
058769,友達兆豐99購01  ,0,0,0,0,0,0,0,0,0,164000,0,0,0,164000,0,164000,164000
056578,智易元大99購02  ,0,0,0,0,0,0,0,0,0,164000,0,0,0,165000,1000,164000,164000
067080,群創元大01購04  ,0,0,0,0,0,0,0,0,0,164000,0,0,0,207000,43000,164000,164000
066077,健策凱基01購01  ,0,0,0,0,0,0,0,0,0,164000,0,0,0,182000,18000,164000,164000
062215,華通統一9B購01  ,0,0,0,0,0,0,0,0,0,163000,0,0,0,253000,90000,163000,163000
066212,惠特統一01購01  ,0,0,0,0,0,0,0,0,0,163000,0,0,0,297000,134000,163000,163000
065139,華通凱基03購01  ,0,0,0,0,0,0,0,0,0,162000,0,0,0,165000,3000,162000,162000
2539,櫻花建          ,171000,9000,162000,0,0,0,0,0,0,0,0,0,0,0,0,0,162000
6451,訊芯-KY         ,219000,86000,133000,0,0,0,0,0,0,29000,1000,0,1000,38000,10000,28000,162000
5531,鄉林            ,341000,179000,162000,0,0,0,0,0,0,0,0,0,0,0,0,0,162000
08411P,技嘉凱基9C售01  ,0,0,0,0,0,0,0,0,0,161000,0,0,0,173000,12000,161000,161000
059195,國巨永豐99購04  ,0,0,0,0,0,0,0,0,0,161000,0,0,0,163000,2000,161000,161000
061364,國巨國票9A購09  ,0,0,0,0,0,0,0,0,0,161000,0,0,0,175000,14000,161000,161000
061123,燿華永豐9A購01  ,0,0,0,0,0,0,0,0,0,161000,0,0,0,171000,10000,161000,161000
066677,台泥兆豐03購01  ,0,0,0,0,0,0,0,0,0,161000,0,0,0,232000,71000,161000,161000
07505P,台勝科元大9A售01,0,0,0,0,0,0,0,0,0,160000,0,0,0,160000,0,160000,160000
064504,玉晶光元大01購02,0,0,0,0,0,0,0,0,0,160000,0,0,0,200000,40000,160000,160000
063433,臻鼎元富9B購01  ,0,0,0,0,0,0,0,0,0,160000,0,0,0,170000,10000,160000,160000
063426,茂林凱基9B購03  ,0,0,0,0,0,0,0,0,0,160000,0,0,0,160000,0,160000,160000
066244,臺指反元大04購01,0,0,0,0,0,0,0,0,0,160000,0,0,0,200000,40000,160000,160000
066333,晶華永豐01購01  ,0,0,0,0,0,0,0,0,0,160000,0,0,0,200000,40000,160000,160000
07917P,可成永豐9B售01  ,0,0,0,0,0,0,0,0,0,159000,0,0,0,159000,0,159000,159000
068798,南電凱基02購04  ,0,0,0,0,0,0,0,0,0,159000,0,0,0,436000,277000,159000,159000
068081,GIS凱基01購03   ,0,0,0,0,0,0,0,0,0,159000,0,0,0,167000,8000,159000,159000
067979,寶成群益03購01  ,0,0,0,0,0,0,0,0,0,159000,0,0,0,199000,40000,159000,159000
060770,宏達電麥證9A購01,0,0,0,159000,10000,149000,0,0,0,159000,0,0,0,169000,10000,159000,159000
062665,智易群益9B購01  ,0,0,0,0,0,0,0,0,0,159000,0,0,0,553000,394000,159000,159000
062406,臻鼎永豐9B購01  ,0,0,0,0,0,0,0,0,0,159000,0,0,0,178000,19000,159000,159000
066371,同欣電中信05購01,0,0,0,0,0,0,0,0,0,159000,0,0,0,249000,90000,159000,159000
066074,文曄凱基01購01  ,0,0,0,0,0,0,0,0,0,159000,0,0,0,276000,117000,159000,159000
067723,國揚凱基01購02  ,0,0,0,0,0,0,0,0,0,159000,0,0,0,179000,20000,159000,159000
067315,京鼎元大01購05  ,0,0,0,0,0,0,0,0,0,159000,0,0,0,440000,281000,159000,159000
3094,聯傑            ,212000,54000,158000,0,0,0,0,0,0,1000,1000,0,1000,0,0,0,159000
2534,宏盛            ,178000,23000,155000,0,0,0,0,0,0,4000,4000,0,4000,0,0,0,159000
2362,藍天            ,458000,299000,159000,0,0,0,0,0,0,0,5000,5000,0,0,0,0,159000
1732,毛寶            ,213000,53000,160000,0,0,0,0,0,0,-1000,3000,4000,-1000,0,0,0,159000
068503,同欣電元大01購06,0,0,0,0,0,0,0,0,0,158000,0,0,0,208000,50000,158000,158000
060109,茂林元大99購05  ,0,0,0,0,0,0,0,0,0,158000,0,0,0,203000,45000,158000,158000
062460,京鼎群益9C購01  ,0,0,0,0,0,0,0,0,0,158000,0,0,0,168000,10000,158000,158000
066604,台郡富邦04購01  ,0,0,0,0,0,0,0,0,0,158000,0,0,0,210000,52000,158000,158000
07070P,晶相光元富99售01,0,0,0,0,0,0,0,0,0,157000,0,0,0,157000,0,157000,157000
03380P,欣興群益02售06  ,0,0,0,0,0,0,0,0,0,157000,0,0,0,232000,75000,157000,157000
067181,華通凱基01購02  ,0,0,0,0,0,0,0,0,0,157000,0,0,0,343000,186000,157000,157000
065776,鴻海國泰03購01  ,0,0,0,0,0,0,0,0,0,157000,0,0,0,159000,2000,157000,157000
069298,欣興中信04購01  ,0,0,0,0,0,0,0,0,0,156000,0,0,0,478000,322000,156000,156000
069688,創意元大02購02  ,0,0,0,0,0,0,0,0,0,156000,0,0,0,456000,300000,156000,156000
068977,建準元大02購01  ,0,0,0,0,0,0,0,0,0,156000,0,0,0,450000,294000,156000,156000
2897,王道銀行        ,181000,40000,141000,0,0,0,0,0,0,15000,15000,0,15000,0,0,0,156000
067973,玉晶光群益02購23,0,0,0,0,0,0,0,0,0,155000,0,0,0,165000,10000,155000,155000
00654R,富邦印度反1     ,0,0,0,0,0,0,0,0,0,155000,0,0,0,156000,1000,155000,155000
062678,華通統一9C購04  ,0,0,0,0,0,0,0,0,0,155000,0,0,0,162000,7000,155000,155000
065896,智易統一02購01  ,0,0,0,0,0,0,0,0,0,155000,0,0,0,155000,0,155000,155000
2851,中再保          ,158000,87000,71000,0,0,0,0,0,0,84000,84000,0,84000,0,0,0,155000
1592,英瑞-KY         ,160000,5000,155000,0,0,0,0,0,0,0,0,0,0,0,0,0,155000
069174,南六元大02購02  ,0,0,0,0,0,0,0,0,0,154000,0,0,0,386000,232000,154000,154000
066291,惠特元大01購01  ,0,0,0,0,0,0,0,0,0,154000,0,0,0,344000,190000,154000,154000
066278,健策元大02購01  ,0,0,0,0,0,0,0,0,0,154000,0,0,0,249000,95000,154000,154000
067689,惠特元大01購03  ,0,0,0,0,0,0,0,0,0,154000,0,0,0,251000,97000,154000,154000
068903,帆宣元大02購01  ,0,0,0,0,0,0,0,0,0,153000,0,0,0,155000,2000,153000,153000
068735,康舒元大02購01  ,0,0,0,0,0,0,0,0,0,153000,0,0,0,329000,176000,153000,153000
058604,華邦電元大99購03,0,0,0,0,0,0,0,0,0,153000,0,0,0,153000,0,153000,153000
063056,嘉澤統一9C購02  ,0,0,0,0,0,0,0,0,0,153000,0,0,0,153000,0,153000,153000
067135,聯詠永豐01購02  ,0,0,0,0,0,0,0,0,0,153000,0,0,0,153000,0,153000,153000
066771,滬深2X富邦02購01,0,0,0,0,0,0,0,0,0,153000,0,0,0,155000,2000,153000,153000
067917,冠德永豐01購01  ,0,0,0,0,0,0,0,0,0,152000,0,0,0,152000,0,152000,152000
068395,GIS統一03購03   ,0,0,0,0,0,0,0,0,0,152000,0,0,0,173000,21000,152000,152000
069424,瑞昱台新02購01  ,0,0,0,0,0,0,0,0,0,152000,0,0,0,171000,19000,152000,152000
059646,聯茂凱基99購06  ,0,0,0,0,0,0,0,0,0,152000,0,0,0,152000,0,152000,152000
064940,智伸科元富9C購01,0,0,0,0,0,0,0,0,0,152000,0,0,0,266000,114000,152000,152000
067051,泰鼎凱基02購01  ,0,0,0,0,0,0,0,0,0,152000,0,0,0,160000,8000,152000,152000
066817,瀚宇博兆豐03購01,0,0,0,0,0,0,0,0,0,152000,0,0,0,675000,523000,152000,152000
065852,創意元大9C購06  ,0,0,0,0,0,0,0,0,0,152000,0,0,0,464000,312000,152000,152000
068424,台灣50凱基04購11,0,0,0,0,0,0,0,0,0,151000,0,0,0,221000,70000,151000,151000
059168,奇力新凱基99購05,0,0,0,0,0,0,0,0,0,151000,0,0,0,151000,0,151000,151000
060189,宏達電元富9B購03,0,0,0,0,0,0,0,0,0,151000,0,0,0,151000,0,151000,151000
052542,友達元富98購01  ,0,0,0,0,0,0,0,0,0,151000,0,0,0,219000,68000,151000,151000
063899,同欣電群益9C購01,0,0,0,0,0,0,0,0,0,151000,0,0,0,209000,58000,151000,151000
064262,玉晶光永豐9C購03,0,0,0,0,0,0,0,0,0,151000,0,0,0,180000,29000,151000,151000
065133,SP黃豆凱基02購01,0,0,0,0,0,0,0,0,0,151000,0,0,0,151000,0,151000,151000
068204,玉晶光凱基03購05,0,0,0,0,0,0,0,0,0,150000,0,0,0,150000,0,150000,150000
07850P,健策群益9A售06  ,0,0,0,0,0,0,0,0,0,150000,0,0,0,250000,100000,150000,150000
08534P,玉晶光元富06售02,0,0,0,0,0,0,0,0,0,150000,0,0,0,150000,0,150000,150000
08301P,台積電兆豐9C售02,0,0,0,0,0,0,0,0,0,150000,0,0,0,150000,0,150000,150000
060303,宏達電富邦9B購01,0,0,0,0,0,0,0,0,0,150000,0,0,0,300000,150000,150000,150000
057727,華邦電國泰9A購01,0,0,0,0,0,0,0,0,0,150000,0,0,0,150000,0,150000,150000
059938,凱美永豐99購01  ,0,0,0,0,0,0,0,0,0,150000,0,0,0,150000,0,150000,150000
063808,台表科兆豐9C購01,0,0,0,0,0,0,0,0,0,150000,0,0,0,270000,120000,150000,150000
062219,燿華統一9B購01  ,0,0,0,0,0,0,0,0,0,150000,0,0,0,392000,242000,150000,150000
064135,復盛元大9C購01  ,0,0,0,0,0,0,0,0,0,150000,0,0,0,150000,0,150000,150000
064657,和大元大9C購02  ,0,0,0,0,0,0,0,0,0,150000,0,0,0,259000,109000,150000,150000
064615,智邦元大01購01  ,0,0,0,0,0,0,0,0,0,150000,0,0,0,196000,46000,150000,150000
063288,泰鼎元大9B購02  ,0,0,0,0,0,0,0,0,0,150000,0,0,0,286000,136000,150000,150000
061186,牧德國泰9C購01  ,0,0,0,0,0,0,0,0,0,150000,0,0,0,150000,0,150000,150000
061402,矽創兆豐9B購01  ,0,0,0,0,0,0,0,0,0,150000,0,0,0,150000,0,150000,150000
065767,T50反1國票03購01,0,0,0,0,0,0,0,0,0,150000,0,0,0,150000,0,150000,150000
066544,鴻海元大01購08  ,0,0,0,0,0,0,0,0,0,150000,0,0,0,600000,450000,150000,150000
066545,鴻海元大01購09  ,0,0,0,0,0,0,0,0,0,150000,0,0,0,200000,50000,150000,150000
067590,茂林群益01購01  ,0,0,0,0,0,0,0,0,0,150000,0,0,0,150000,0,150000,150000
2231,為升            ,495000,410000,85000,0,0,0,0,0,0,65000,38000,30000,8000,70000,13000,57000,150000
08657P,牧德群益9C售02  ,0,0,0,0,0,0,0,0,0,150000,0,0,0,150000,0,150000,150000
2338,光罩            ,760000,653000,107000,0,0,0,0,0,0,43000,3000,0,3000,52000,12000,40000,150000
07100P,華航元大99售01  ,0,0,0,0,0,0,0,0,0,149000,0,0,0,150000,1000,149000,149000
069096,瑞昱統一02購02  ,0,0,0,0,0,0,0,0,0,149000,0,0,0,226000,77000,149000,149000
068899,TPK元大02購01   ,0,0,0,0,0,0,0,0,0,149000,0,0,0,206000,57000,149000,149000
064345,創意元大9C購03  ,0,0,0,0,0,0,0,0,0,149000,0,0,0,163000,14000,149000,149000
065214,友達國泰01購01  ,0,0,0,0,0,0,0,0,0,149000,0,0,0,343000,194000,149000,149000
065227,金像電凱基9C購01,0,0,0,0,0,0,0,0,0,149000,0,0,0,170000,21000,149000,149000
065982,T50反1國泰02購01,0,0,0,0,0,0,0,0,0,149000,0,0,0,150000,1000,149000,149000
2537,聯上發          ,214000,65000,149000,0,0,0,0,0,0,0,0,0,0,0,0,0,149000
068496,景碩元大01購04  ,0,0,0,0,0,0,0,0,0,148000,0,0,0,405000,257000,148000,148000
068172,燿華中信01購02  ,0,0,0,0,0,0,0,0,0,148000,0,0,0,148000,0,148000,148000
069274,禾伸堂永豐02購01,0,0,0,0,0,0,0,0,0,148000,0,0,0,148000,0,148000,148000
058318,致茂永豐9A購01  ,0,0,0,0,0,0,0,0,0,148000,0,0,0,148000,0,148000,148000
03050X,元展47          ,0,0,0,0,0,0,0,0,0,148000,0,0,0,448000,300000,148000,148000
067739,微星元大01購07  ,0,0,0,0,0,0,0,0,0,148000,0,0,0,471000,323000,148000,148000
067035,台表科康和01購01,0,0,0,0,0,0,0,0,0,148000,0,0,0,148000,0,148000,148000
069081,國揚凱基03購01  ,0,0,0,0,0,0,0,0,0,147000,0,0,0,157000,10000,147000,147000
068356,奇力新凱基01購03,0,0,0,0,0,0,0,0,0,147000,0,0,0,147000,0,147000,147000
068460,健策國票03購02  ,0,0,0,0,0,0,0,0,0,147000,0,0,0,172000,25000,147000,147000
057082,玉晶光統一9A購04,0,0,0,0,0,0,0,0,0,147000,0,0,0,363000,216000,147000,147000
064211,友達凱基02購01  ,0,0,0,0,0,0,0,0,0,147000,0,0,0,149000,2000,147000,147000
066781,滬深2X中信04購01,0,0,0,0,0,0,0,0,0,147000,0,0,0,197000,50000,147000,147000
066719,滬深2X元大01購06,0,0,0,0,0,0,0,0,0,147000,0,0,0,886000,739000,147000,147000
065289,冠德群益9C購01  ,0,0,0,0,0,0,0,0,0,147000,0,0,0,152000,5000,147000,147000
5607,遠雄港          ,255000,108000,147000,0,0,0,0,0,0,0,0,0,0,0,0,0,147000
1702,南僑            ,162000,37000,125000,0,0,0,0,0,0,22000,16000,0,16000,6000,0,6000,147000
060243,潤泰全元大9C購02,0,0,0,0,0,0,0,0,0,146000,0,0,0,178000,32000,146000,146000
054819,裕民元大9A購01  ,0,0,0,0,0,0,0,0,0,146000,0,0,0,146000,0,146000,146000
059530,華新科凱基9A購05,0,0,0,0,0,0,0,0,0,146000,0,0,0,243000,97000,146000,146000
062329,奇力新統一9C購03,0,0,0,0,0,0,0,0,0,146000,0,0,0,256000,110000,146000,146000
064786,GIS群益9C購04   ,0,0,0,0,0,0,0,0,0,146000,0,0,0,247000,101000,146000,146000
066051,景碩元大01購01  ,0,0,0,0,0,0,0,0,0,146000,0,0,0,218000,72000,146000,146000
067185,宏達電凱基02購01,0,0,0,0,0,0,0,0,0,146000,0,0,0,173000,27000,146000,146000
068479,帆宣群益01購02  ,0,0,0,0,0,0,0,0,0,145000,0,0,0,165000,20000,145000,145000
068721,致茂元大02購01  ,0,0,0,0,0,0,0,0,0,145000,0,0,0,320000,175000,145000,145000
07553P,嘉晶元大9A售02  ,0,0,0,0,0,0,0,0,0,145000,0,0,0,145000,0,145000,145000
058632,世紀鋼國票9A購01,0,0,0,0,0,0,0,0,0,145000,0,0,0,164000,19000,145000,145000
065046,玉晶光凱基01購03,0,0,0,0,0,0,0,0,0,145000,0,0,0,164000,19000,145000,145000
061770,泰碩元大9B購02  ,0,0,0,0,0,0,0,0,0,145000,0,0,0,200000,55000,145000,145000
067346,巨大凱基02購01  ,0,0,0,0,0,0,0,0,0,145000,0,0,0,180000,35000,145000,145000
066001,景碩國票02購01  ,0,0,0,0,0,0,0,0,0,145000,0,0,0,347000,202000,145000,145000
065499,京元電富邦01購01,0,0,0,0,0,0,0,0,0,145000,0,0,0,289000,144000,145000,145000
08766P,臺股指中信03售03,0,0,0,0,0,0,0,0,0,145000,0,0,0,149000,4000,145000,145000
069173,康舒元大02購02  ,0,0,0,0,0,0,0,0,0,144000,0,0,0,432000,288000,144000,144000
069280,智易永豐02購02  ,0,0,0,0,0,0,0,0,0,144000,0,0,0,144000,0,144000,144000
068089,T50反1群益01購08,0,0,0,0,0,0,0,0,0,144000,0,0,0,359000,215000,144000,144000
065159,臻鼎群益9C購02  ,0,0,0,0,0,0,0,0,0,144000,0,0,0,150000,6000,144000,144000
067817,玉晶光凱基02購01,0,0,0,0,0,0,0,0,0,143000,0,0,0,143000,0,143000,143000
068162,GIS元大02購01   ,0,0,0,0,0,0,0,0,0,143000,0,0,0,143000,0,143000,143000
066331,東森永豐01購01  ,0,0,0,0,0,0,0,0,0,143000,0,0,0,232000,89000,143000,143000
1808,潤隆            ,157000,14000,143000,0,0,0,0,0,0,0,0,0,0,0,0,0,143000
068836,義隆永豐02購01  ,0,0,0,0,0,0,0,0,0,142000,0,0,0,142000,0,142000,142000
069194,玉晶光統一02購03,0,0,0,0,0,0,0,0,0,142000,0,0,0,142000,0,142000,142000
4137,麗豐-KY         ,177000,51000,126000,0,0,0,0,0,0,16000,0,0,0,25000,9000,16000,142000
00665L,富邦恒生國企正2 ,1000,39000,-38000,0,0,0,0,0,0,179000,0,0,0,343000,164000,179000,141000
064026,建準元大9C購02  ,0,0,0,0,0,0,0,0,0,141000,0,0,0,348000,207000,141000,141000
066195,臺股指凱基03購04,0,0,0,0,0,0,0,0,0,141000,0,0,0,171000,30000,141000,141000
065132,臻鼎兆豐01購01  ,0,0,0,0,0,0,0,0,0,141000,0,0,0,482000,341000,141000,141000
065111,瀚宇博國票01購01,0,0,0,0,0,0,0,0,0,141000,0,0,0,190000,49000,141000,141000
1730,花仙子          ,147000,5000,142000,0,0,0,0,0,0,-1000,0,1000,-1000,0,0,0,141000
069246,精元凱基02購02  ,0,0,0,0,0,0,0,0,0,140000,0,0,0,187000,47000,140000,140000
08463P,台灣50國泰02售02,0,0,0,0,0,0,0,0,0,140000,0,0,0,140000,0,140000,140000
068897,聯詠元大02購03  ,0,0,0,0,0,0,0,0,0,140000,0,0,0,144000,4000,140000,140000
068084,南電凱基02購03  ,0,0,0,0,0,0,0,0,0,140000,0,0,0,257000,117000,140000,140000
056366,玉晶光元大99購04,0,0,0,0,0,0,0,0,0,140000,0,0,0,164000,24000,140000,140000
063554,GIS國票9C購03   ,0,0,0,0,0,0,0,0,0,140000,0,0,0,162000,22000,140000,140000
061669,崇越中信9A購01  ,0,0,0,0,0,0,0,0,0,140000,0,0,0,170000,30000,140000,140000
061071,復盛凱基9A購01  ,0,0,0,0,0,0,0,0,0,140000,0,0,0,140000,0,140000,140000
063407,泰鼎國票9C購01  ,0,0,0,0,0,0,0,0,0,140000,0,0,0,140000,0,140000,140000
061294,奇力新麥證9A購01,0,0,0,140000,0,140000,0,0,0,140000,0,0,0,140000,0,140000,140000
063071,華新科富邦02購01,0,0,0,0,0,0,0,0,0,140000,0,0,0,140000,0,140000,140000
067087,帆宣元大01購03  ,0,0,0,0,0,0,0,0,0,140000,0,0,0,144000,4000,140000,140000
1810,和成            ,178000,34000,144000,0,0,0,0,0,0,-4000,0,4000,-4000,0,0,0,140000
08929P,可成元富07售04  ,0,0,0,0,0,0,0,0,0,140000,0,0,0,150000,10000,140000,140000
6504,南六            ,336000,180000,156000,0,0,0,0,21000,-21000,5000,2000,0,2000,47000,44000,3000,140000
068978,義隆元大02購02  ,0,0,0,0,0,0,0,0,0,139000,0,0,0,261000,122000,139000,139000
03377P,南電元大02售06  ,0,0,0,0,0,0,0,0,0,139000,0,0,0,250000,111000,139000,139000
057105,致茂群益9A購01  ,0,0,0,0,0,0,0,0,0,139000,0,0,0,139000,0,139000,139000
061532,和大統一9C購02  ,0,0,0,0,0,0,0,0,0,139000,0,0,0,191000,52000,139000,139000
064888,景碩中信9C購01  ,0,0,0,0,0,0,0,0,0,139000,0,0,0,326000,187000,139000,139000
064020,華通元大01購01  ,0,0,0,0,0,0,0,0,0,139000,0,0,0,161000,22000,139000,139000
067250,中化國票02購01  ,0,0,0,0,0,0,0,0,0,139000,0,0,0,153000,14000,139000,139000
066359,潤泰新永豐01購01,0,0,0,0,0,0,0,0,0,139000,0,0,0,359000,220000,139000,139000
066107,惠特國票02購01  ,0,0,0,0,0,0,0,0,0,139000,0,0,0,269000,130000,139000,139000
2524,京城            ,201000,62000,139000,0,0,0,0,0,0,0,0,0,0,0,0,0,139000
067913,華城永豐01購03  ,0,0,0,0,0,0,0,0,0,138000,0,0,0,400000,262000,138000,138000
03303P,義隆元富02售01  ,0,0,0,0,0,0,0,0,0,138000,0,0,0,203000,65000,138000,138000
058265,奇力新永豐9A購01,0,0,0,0,0,0,0,0,0,138000,0,0,0,138000,0,138000,138000
063529,聯茂凱基9B購02  ,0,0,0,0,0,0,0,0,0,138000,0,0,0,138000,0,138000,138000
062413,台光電中信9B購02,0,0,0,0,0,0,0,0,0,138000,0,0,0,158000,20000,138000,138000
061094,彩晶統一9B購02  ,0,0,0,0,0,0,0,0,0,138000,0,0,0,183000,45000,138000,138000
064639,聚陽凱基02購01  ,0,0,0,0,0,0,0,0,0,138000,0,0,0,194000,56000,138000,138000
063404,金像電國票9B購01,0,0,0,0,0,0,0,0,0,138000,0,0,0,217000,79000,138000,138000
066002,健策國票02購01  ,0,0,0,0,0,0,0,0,0,138000,0,0,0,143000,5000,138000,138000
066348,松翰永豐01購01  ,0,0,0,0,0,0,0,0,0,138000,0,0,0,202000,64000,138000,138000
065778,南亞科國泰01購01,0,0,0,0,0,0,0,0,0,138000,0,0,0,163000,25000,138000,138000
067319,眾達元大01購02  ,0,0,0,0,0,0,0,0,0,138000,0,0,0,138000,0,138000,138000
067478,興勤元大01購01  ,0,0,0,0,0,0,0,0,0,138000,0,0,0,617000,479000,138000,138000
066848,健策元大01購05  ,0,0,0,0,0,0,0,0,0,138000,0,0,0,372000,234000,138000,138000
067819,健策凱基01購03  ,0,0,0,0,0,0,0,0,0,137000,0,0,0,192000,55000,137000,137000
061876,明泰元大9B購01  ,0,0,0,0,0,0,0,0,0,137000,0,0,0,168000,31000,137000,137000
065025,健策永豐9C購02  ,0,0,0,0,0,0,0,0,0,137000,0,0,0,139000,2000,137000,137000
062392,國巨富邦02購01  ,0,0,0,0,0,0,0,0,0,137000,0,0,0,137000,0,137000,137000
062170,健策永豐9B購04  ,0,0,0,0,0,0,0,0,0,137000,0,0,0,138000,1000,137000,137000
065134,中石化凱基01購01,0,0,0,0,0,0,0,0,0,137000,0,0,0,723000,586000,137000,137000
069499,FBVIX國泰04購01 ,0,0,0,0,0,0,0,0,0,136000,0,0,0,136000,0,136000,136000
00639,富邦深100       ,125000,61000,64000,0,0,0,0,0,0,72000,120000,0,120000,1106000,1154000,-48000,136000
060307,南港永豐9A購01  ,0,0,0,0,0,0,0,0,0,136000,0,0,0,392000,256000,136000,136000
064294,和大中信9C購01  ,0,0,0,0,0,0,0,0,0,136000,0,0,0,136000,0,136000,136000
065472,華新元大01購01  ,0,0,0,0,0,0,0,0,0,136000,0,0,0,231000,95000,136000,136000
065605,義隆元大01購02  ,0,0,0,0,0,0,0,0,0,136000,0,0,0,231000,95000,136000,136000
066688,台積電元富07購01,0,0,0,0,0,0,0,0,0,136000,0,0,0,208000,72000,136000,136000
066690,瑞昱台新01購01  ,0,0,0,0,0,0,0,0,0,136000,0,0,0,194000,58000,136000,136000
3003,健和興          ,161000,26000,135000,0,0,0,0,0,0,1000,1000,0,1000,0,0,0,136000
1608,華榮            ,207000,74000,133000,0,0,0,0,0,0,3000,3000,0,3000,0,0,0,136000
069106,南電統一04購03  ,0,0,0,0,0,0,0,0,0,135000,0,0,0,1360000,1225000,135000,135000
068087,臺股指凱基04購04,0,0,0,0,0,0,0,0,0,135000,0,0,0,235000,100000,135000,135000
060421,華擎永豐9A購01  ,0,0,0,0,0,0,0,0,0,135000,0,0,0,151000,16000,135000,135000
058124,玉晶光國票9A購01,0,0,0,0,0,0,0,0,0,135000,0,0,0,145000,10000,135000,135000
061659,信邦永豐9A購01  ,0,0,0,0,0,0,0,0,0,135000,0,0,0,135000,0,135000,135000
063589,美食永豐9B購02  ,0,0,0,0,0,0,0,0,0,135000,0,0,0,165000,30000,135000,135000
067063,為升元大01購01  ,0,0,0,0,0,0,0,0,0,135000,0,0,0,473000,338000,135000,135000
067748,GIS元大01購02   ,0,0,0,0,0,0,0,0,0,135000,0,0,0,236000,101000,135000,135000
066157,晶碩康和01購01  ,0,0,0,0,0,0,0,0,0,135000,0,0,0,160000,25000,135000,135000
066034,南六群益02購02  ,0,0,0,0,0,0,0,0,0,135000,0,0,0,138000,3000,135000,135000
065964,鴻海元大02購01  ,0,0,0,0,0,0,0,0,0,135000,0,0,0,145000,10000,135000,135000
067786,緯創群益04購01  ,0,0,0,0,0,0,0,0,0,134000,0,0,0,200000,66000,134000,134000
08355P,智邦元大9C售03  ,0,0,0,0,0,0,0,0,0,134000,0,0,0,438000,304000,134000,134000
064537,健鼎國票01購02  ,0,0,0,0,0,0,0,0,0,134000,0,0,0,134000,0,134000,134000
060288,群光元大9C購01  ,0,0,0,0,0,0,0,0,0,134000,0,0,0,139000,5000,134000,134000
064290,GIS元大9C購04   ,0,0,0,0,0,0,0,0,0,134000,0,0,0,140000,6000,134000,134000
061352,茂林元大9A購04  ,0,0,0,0,0,0,0,0,0,134000,0,0,0,148000,14000,134000,134000
063289,台表科元大9B購07,0,0,0,0,0,0,0,0,0,134000,0,0,0,305000,171000,134000,134000
066106,台郡國票02購01  ,0,0,0,0,0,0,0,0,0,134000,0,0,0,152000,18000,134000,134000
4133,亞諾法          ,78000,11000,67000,0,0,0,0,0,0,67000,0,1000,-1000,68000,0,68000,134000
067974,玉晶光群益02購24,0,0,0,0,0,0,0,0,0,133000,0,0,0,154000,21000,133000,133000
064529,友達中信01購03  ,0,0,0,0,0,0,0,0,0,133000,0,0,0,149000,16000,133000,133000
065333,冠德國票01購01  ,0,0,0,0,0,0,0,0,0,133000,0,0,0,141000,8000,133000,133000
2395,研華            ,412080,288079,124001,0,0,0,1000,0,1000,7000,7000,1000,6000,1000,0,1000,132001
07865P,可成元大9B售02  ,0,0,0,0,0,0,0,0,0,132000,0,0,0,145000,13000,132000,132000
064625,健策元大01購02  ,0,0,0,0,0,0,0,0,0,132000,0,0,0,187000,55000,132000,132000
061662,瑞儀永豐9A購02  ,0,0,0,0,0,0,0,0,0,132000,0,0,0,165000,33000,132000,132000
065387,台光電兆豐9C購02,0,0,0,0,0,0,0,0,0,132000,0,0,0,142000,10000,132000,132000
065938,文曄群益01購01  ,0,0,0,0,0,0,0,0,0,132000,0,0,0,200000,68000,132000,132000
067773,台郡統一02購04  ,0,0,0,0,0,0,0,0,0,132000,0,0,0,132000,0,132000,132000
2606,裕民            ,446000,231000,215000,0,0,0,0,0,0,-83000,0,83000,-83000,0,0,0,132000
3034,聯詠            ,1698697,1475119,223578,0,0,0,3000,86000,-83000,-9000,61000,44000,17000,29000,55000,-26000,131578
068195,瑞昱凱基02購02  ,0,0,0,0,0,0,0,0,0,131000,0,0,0,241000,110000,131000,131000
068316,台灣50元大01購34,0,0,0,0,0,0,0,0,0,131000,0,0,0,285000,154000,131000,131000
03247P,聯電元富03售02  ,0,0,0,0,0,0,0,0,0,131000,0,0,0,192000,61000,131000,131000
064263,貿聯永豐9C購01  ,0,0,0,0,0,0,0,0,0,131000,0,0,0,199000,68000,131000,131000
065843,瑞昱元大9C購03  ,0,0,0,0,0,0,0,0,0,131000,0,0,0,176000,45000,131000,131000
4725,信昌化          ,11000,0,11000,0,0,0,0,0,0,120000,0,0,0,120000,0,120000,131000
067947,京鼎國泰03購01  ,0,0,0,0,0,0,0,0,0,130000,0,0,0,701000,571000,130000,130000
08335P,香港2X中信03售01,0,0,0,0,0,0,0,0,0,130000,0,0,0,130000,0,130000,130000
08160P,茂林元富9B售03  ,0,0,0,0,0,0,0,0,0,130000,0,0,0,159000,29000,130000,130000
08045P,健策國票9B售01  ,0,0,0,0,0,0,0,0,0,130000,0,0,0,150000,20000,130000,130000
069210,玉晶光元大03購07,0,0,0,0,0,0,0,0,0,130000,0,0,0,130000,0,130000,130000
03362P,台積電元大02售19,0,0,0,0,0,0,0,0,0,130000,0,0,0,150000,20000,130000,130000
03189P,玉晶光元大03售05,0,0,0,0,0,0,0,0,0,130000,0,0,0,140000,10000,130000,130000
062819,奇鋐兆豐9B購01  ,0,0,0,0,0,0,0,0,0,130000,0,0,0,145000,15000,130000,130000
064049,信邦統一01購01  ,0,0,0,0,0,0,0,0,0,130000,0,0,0,130000,0,130000,130000
067562,牧德國票02購01  ,0,0,0,0,0,0,0,0,0,130000,0,0,0,135000,5000,130000,130000
5522,遠雄            ,487000,357000,130000,0,0,0,0,0,0,0,0,0,0,0,0,0,130000
069140,金像電永豐02購01,0,0,0,0,0,0,0,0,0,129000,0,0,0,209000,80000,129000,129000
03376P,南電元大02售05  ,0,0,0,0,0,0,0,0,0,129000,0,0,0,320000,191000,129000,129000
060913,宏達電元大9A購03,0,0,0,0,0,0,0,0,0,129000,0,0,0,152000,23000,129000,129000
063605,健策凱基9C購02  ,0,0,0,0,0,0,0,0,0,129000,0,0,0,135000,6000,129000,129000
061526,宏達電凱基9A購04,0,0,0,0,0,0,0,0,0,129000,0,0,0,180000,51000,129000,129000
066089,文曄永豐01購01  ,0,0,0,0,0,0,0,0,0,129000,0,0,0,187000,58000,129000,129000
066219,惠特元富01購01  ,0,0,0,0,0,0,0,0,0,129000,0,0,0,649000,520000,129000,129000
065694,國巨群益9C購19  ,0,0,0,0,0,0,0,0,0,129000,0,0,0,131000,2000,129000,129000
2436,偉詮電          ,274000,146000,128000,0,0,0,0,0,0,1000,1000,0,1000,0,0,0,129000
9924,福興            ,48000,28000,20000,0,0,0,0,0,0,109000,112000,3000,109000,0,0,0,129000
069252,欣興凱基02購06  ,0,0,0,0,0,0,0,0,0,128000,0,0,0,212000,84000,128000,128000
063761,嘉澤統一02購01  ,0,0,0,0,0,0,0,0,0,128000,0,0,0,133000,5000,128000,128000
03250P,日月光元富07售02,0,0,0,0,0,0,0,0,0,128000,0,0,0,128000,0,128000,128000
066259,聯強元大01購01  ,0,0,0,0,0,0,0,0,0,128000,0,0,0,203000,75000,128000,128000
066090,泰鼎永豐01購01  ,0,0,0,0,0,0,0,0,0,128000,0,0,0,149000,21000,128000,128000
067052,帆宣凱基02購01  ,0,0,0,0,0,0,0,0,0,128000,0,0,0,128000,0,128000,128000
066951,長榮航元大01購01,0,0,0,0,0,0,0,0,0,128000,0,0,0,128000,0,128000,128000
066534,華通台新01購02  ,0,0,0,0,0,0,0,0,0,128000,0,0,0,183000,55000,128000,128000
069097,瑞昱統一04購01  ,0,0,0,0,0,0,0,0,0,127000,0,0,0,157000,30000,127000,127000
069545,金像電元大02購08,0,0,0,0,0,0,0,0,0,127000,0,0,0,210000,83000,127000,127000
055876,美食元富9A購01  ,0,0,0,0,0,0,0,0,0,127000,0,0,0,147000,20000,127000,127000
061083,京元電兆豐9A購01,0,0,0,0,0,0,0,0,0,127000,0,0,0,209000,82000,127000,127000
066590,華新科群益01購04,0,0,0,0,0,0,0,0,0,127000,0,0,0,129000,2000,127000,127000
066986,健策群益02購02  ,0,0,0,0,0,0,0,0,0,127000,0,0,0,259000,132000,127000,127000
065851,京鼎元大02購01  ,0,0,0,0,0,0,0,0,0,127000,0,0,0,295000,168000,127000,127000
4739,康普            ,176000,49000,127000,0,0,0,0,0,0,0,0,0,0,0,0,0,127000
064522,華擎群益01購01  ,0,0,0,0,0,0,0,0,0,126000,0,0,0,352000,226000,126000,126000
059191,茂林富邦9B購01  ,0,0,0,0,0,0,0,0,0,126000,0,0,0,146000,20000,126000,126000
065523,茂林群益9C購03  ,0,0,0,0,0,0,0,0,0,126000,0,0,0,237000,111000,126000,126000
066941,滬深2X元大03購01,0,0,0,0,0,0,0,0,0,126000,0,0,0,307000,181000,126000,126000
2374,佳能            ,126000,2000,124000,0,0,0,0,0,0,2000,2000,0,2000,0,0,0,126000
058210,臺股指凱基9C購04,0,0,0,0,0,0,0,0,0,125000,0,0,0,128000,3000,125000,125000
062722,京元電凱基9B購02,0,0,0,0,0,0,0,0,0,125000,0,0,0,196000,71000,125000,125000
061720,智邦國泰9C購01  ,0,0,0,0,0,0,0,0,0,125000,0,0,0,307000,182000,125000,125000
067300,金像電元大02購02,0,0,0,0,0,0,0,0,0,125000,0,0,0,206000,81000,125000,125000
065231,宏達電凱基01購01,0,0,0,0,0,0,0,0,0,125000,0,0,0,125000,0,125000,125000
4720,德淵            ,182000,47000,135000,0,0,0,0,0,0,-10000,9000,19000,-10000,0,0,0,125000
4426,利勤            ,285000,160000,125000,0,0,0,0,0,0,0,0,0,0,0,0,0,125000
1337,再生-KY         ,222000,97000,125000,0,0,0,0,0,0,0,0,0,0,0,0,0,125000
08884P,義隆國票02售01  ,0,0,0,0,0,0,0,0,0,125000,0,0,0,125000,0,125000,125000
068396,南電統一03購02  ,0,0,0,0,0,0,0,0,0,124000,0,0,0,136000,12000,124000,124000
068474,義隆群益01購05  ,0,0,0,0,0,0,0,0,0,124000,0,0,0,180000,56000,124000,124000
057412,臺股指群益99購06,0,0,0,0,0,0,0,0,0,124000,0,0,0,158000,34000,124000,124000
064318,彩晶群益9C購01  ,0,0,0,0,0,0,0,0,0,124000,0,0,0,147000,23000,124000,124000
062086,瑞祺元大9B購01  ,0,0,0,0,0,0,0,0,0,124000,0,0,0,273000,149000,124000,124000
067604,晶技凱基01購02  ,0,0,0,0,0,0,0,0,0,124000,0,0,0,130000,6000,124000,124000
08879P,台積電凱基01售12,0,0,0,0,0,0,0,0,0,124000,0,0,0,124000,0,124000,124000
6112,聚碩            ,137000,15000,122000,0,0,0,0,0,0,2000,5000,0,5000,0,3000,-3000,124000
068003,玉晶光元大01購12,0,0,0,0,0,0,0,0,0,123000,0,0,0,525000,402000,123000,123000
068034,國揚元富07購01  ,0,0,0,0,0,0,0,0,0,123000,0,0,0,133000,10000,123000,123000
067790,台表科群益01購03,0,0,0,0,0,0,0,0,0,123000,0,0,0,123000,0,123000,123000
069324,嘉澤兆豐04購01  ,0,0,0,0,0,0,0,0,0,123000,0,0,0,123000,0,123000,123000
08516P,技嘉群益01售02  ,0,0,0,0,0,0,0,0,0,123000,0,0,0,202000,79000,123000,123000
064437,可成凱基02購01  ,0,0,0,0,0,0,0,0,0,123000,0,0,0,328000,205000,123000,123000
062616,玉晶光元大9C購06,0,0,0,0,0,0,0,0,0,123000,0,0,0,326000,203000,123000,123000
066492,台郡元富01購01  ,0,0,0,0,0,0,0,0,0,123000,0,0,0,128000,5000,123000,123000
065943,台表科元富01購01,0,0,0,0,0,0,0,0,0,123000,0,0,0,323000,200000,123000,123000
2820,華票            ,316000,193000,123000,0,0,0,0,0,0,0,0,0,0,0,0,0,123000
067898,玉晶光群益02購12,0,0,0,0,0,0,0,0,0,122000,0,0,0,130000,8000,122000,122000
067861,聚陽元大01購04  ,0,0,0,0,0,0,0,0,0,122000,0,0,0,566000,444000,122000,122000
068577,台積電國泰03購08,0,0,0,0,0,0,0,0,0,122000,0,0,0,266000,144000,122000,122000
064774,聚陽群益9C購04  ,0,0,0,0,0,0,0,0,0,122000,0,0,0,357000,235000,122000,122000
063209,巨大統一01購01  ,0,0,0,0,0,0,0,0,0,122000,0,0,0,122000,0,122000,122000
065899,神基麥證9C購02  ,0,0,0,122000,0,122000,0,0,0,122000,0,0,0,122000,0,122000,122000
065172,義隆元大9C購05  ,0,0,0,0,0,0,0,0,0,122000,0,0,0,192000,70000,122000,122000
066483,瑞昱元富01購01  ,0,0,0,0,0,0,0,0,0,122000,0,0,0,391000,269000,122000,122000
066888,長榮航中信07購01,0,0,0,0,0,0,0,0,0,122000,0,0,0,238000,116000,122000,122000
9941,裕融            ,152000,48500,103500,0,0,0,0,0,0,18000,18000,0,18000,0,0,0,121500
067816,玉晶光凱基01購05,0,0,0,0,0,0,0,0,0,121000,0,0,0,121000,0,121000,121000
08452P,智邦台新9C售05  ,0,0,0,0,0,0,0,0,0,121000,0,0,0,121000,0,121000,121000
057691,健策凱基99購01  ,0,0,0,0,0,0,0,0,0,121000,0,0,0,121000,0,121000,121000
067274,燿華統一03購01  ,0,0,0,0,0,0,0,0,0,121000,0,0,0,121000,0,121000,121000
5515,建國            ,51000,80000,-29000,0,0,0,0,0,0,150000,154000,4000,150000,0,0,0,121000
08528P,台勝科元大9C售02,0,0,0,0,0,0,0,0,0,120000,0,0,0,120000,0,120000,120000
08058P,華新科元大9B售10,0,0,0,0,0,0,0,0,0,120000,0,0,0,120000,0,120000,120000
08272P,鴻海元富9C售02  ,0,0,0,0,0,0,0,0,0,120000,0,0,0,120000,0,120000,120000
068075,欣興凱基01購04  ,0,0,0,0,0,0,0,0,0,120000,0,0,0,181000,61000,120000,120000
068005,玉晶光元大03購02,0,0,0,0,0,0,0,0,0,120000,0,0,0,150000,30000,120000,120000
068347,T50反1凱基04購03,0,0,0,0,0,0,0,0,0,120000,0,0,0,256000,136000,120000,120000
068483,聯電元大01購06  ,0,0,0,0,0,0,0,0,0,120000,0,0,0,120000,0,120000,120000
068627,同欣電群益02購01,0,0,0,0,0,0,0,0,0,120000,0,0,0,140000,20000,120000,120000
03242P,聯電統一02售04  ,0,0,0,0,0,0,0,0,0,120000,0,0,0,130000,10000,120000,120000
03696C,臺股指元大9B牛44,0,0,0,0,0,0,0,0,0,120000,0,0,0,120000,0,120000,120000
062909,大立光元大9C購04,0,0,0,0,0,0,0,0,0,120000,0,0,0,125000,5000,120000,120000
067359,牧德群益01購02  ,0,0,0,0,0,0,0,0,0,120000,0,0,0,120000,0,120000,120000
067094,上証2X群益02購01,0,0,0,0,0,0,0,0,0,120000,0,0,0,120000,0,120000,120000
065600,友達元大9C購11  ,0,0,0,0,0,0,0,0,0,120000,0,0,0,120000,0,120000,120000
066274,景碩元大01購02  ,0,0,0,0,0,0,0,0,0,120000,0,0,0,147000,27000,120000,120000
067799,玉晶光康和01購01,0,0,0,0,0,0,0,0,0,119000,0,0,0,198000,79000,119000,119000
03343P,鴻海元富08售02  ,0,0,0,0,0,0,0,0,0,119000,0,0,0,119000,0,119000,119000
059766,同欣電永豐99購03,0,0,0,0,0,0,0,0,0,119000,0,0,0,206000,87000,119000,119000
061197,矽創永豐9A購02  ,0,0,0,0,0,0,0,0,0,119000,0,0,0,124000,5000,119000,119000
066540,景碩兆豐01購02  ,0,0,0,0,0,0,0,0,0,119000,0,0,0,357000,238000,119000,119000
067672,聯發科元大01購21,0,0,0,0,0,0,0,0,0,119000,0,0,0,324000,205000,119000,119000
069443,金像電元富02購01,0,0,0,0,0,0,0,0,0,118000,0,0,0,344000,226000,118000,118000
063420,奇力新凱基9B購03,0,0,0,0,0,0,0,0,0,118000,0,0,0,143000,25000,118000,118000
063858,鴻海國泰02購01  ,0,0,0,0,0,0,0,0,0,118000,0,0,0,118000,0,118000,118000
1737,臺鹽            ,122000,1000,121000,0,0,0,0,0,0,-3000,0,3000,-3000,0,0,0,118000
068650,神隆元大02購02  ,0,0,0,0,0,0,0,0,0,117000,0,0,0,123000,6000,117000,117000
069025,建準國票03購02  ,0,0,0,0,0,0,0,0,0,117000,0,0,0,152000,35000,117000,117000
058630,日月光國票9A購01,0,0,0,0,0,0,0,0,0,117000,0,0,0,138000,21000,117000,117000
062708,立積元大9B購01  ,0,0,0,0,0,0,0,0,0,117000,0,0,0,177000,60000,117000,117000
064247,廣達元富9C購01  ,0,0,0,0,0,0,0,0,0,117000,0,0,0,385000,268000,117000,117000
061421,台積電元大9A購29,0,0,0,0,0,0,0,0,0,117000,0,0,0,160000,43000,117000,117000
066718,滬深2X元大01購05,0,0,0,0,0,0,0,0,0,117000,0,0,0,272000,155000,117000,117000
069020,矽創兆豐03購01  ,0,0,0,0,0,0,0,0,0,116000,0,0,0,258000,142000,116000,116000
068703,瑞昱國票03購01  ,0,0,0,0,0,0,0,0,0,116000,0,0,0,129000,13000,116000,116000
067851,華邦電國票02購01,0,0,0,0,0,0,0,0,0,116000,0,0,0,116000,0,116000,116000
069465,金像電國票03購01,0,0,0,0,0,0,0,0,0,116000,0,0,0,120000,4000,116000,116000
069341,國產群益04購01  ,0,0,0,0,0,0,0,0,0,116000,0,0,0,126000,10000,116000,116000
08472P,和碩凱基9C售02  ,0,0,0,0,0,0,0,0,0,116000,0,0,0,116000,0,116000,116000
052853,友達日盛99購01  ,0,0,0,0,0,0,0,0,0,116000,0,0,0,116000,0,116000,116000
055653,聯詠元富01購02  ,0,0,0,0,0,0,0,0,0,116000,0,0,0,117000,1000,116000,116000
061626,超眾群益9A購02  ,0,0,0,0,0,0,0,0,0,116000,0,0,0,256000,140000,116000,116000
061132,志超永豐9A購01  ,0,0,0,0,0,0,0,0,0,116000,0,0,0,117000,1000,116000,116000
063917,南六凱基02購01  ,0,0,0,0,0,0,0,0,0,116000,0,0,0,123000,7000,116000,116000
061802,勤誠永豐9B購01  ,0,0,0,0,0,0,0,0,0,116000,0,0,0,116000,0,116000,116000
062226,臻鼎統一9B購01  ,0,0,0,0,0,0,0,0,0,116000,0,0,0,160000,44000,116000,116000
067002,生達永豐01購02  ,0,0,0,0,0,0,0,0,0,116000,0,0,0,116000,0,116000,116000
067148,燿華統一01購03  ,0,0,0,0,0,0,0,0,0,116000,0,0,0,126000,10000,116000,116000
065743,宏達電麥證9C購02,0,0,0,177000,56000,121000,0,0,0,116000,0,0,0,183000,67000,116000,116000
069264,聯發科兆豐03購03,0,0,0,0,0,0,0,0,0,115000,0,0,0,115000,0,115000,115000
064807,義隆元大9C購03  ,0,0,0,0,0,0,0,0,0,115000,0,0,0,145000,30000,115000,115000
065215,義隆國泰02購02  ,0,0,0,0,0,0,0,0,0,115000,0,0,0,336000,221000,115000,115000
067362,眾達群益01購02  ,0,0,0,0,0,0,0,0,0,115000,0,0,0,119000,4000,115000,115000
08721P,臺股指元大01售02,0,0,0,0,0,0,0,0,0,115000,0,0,0,115000,0,115000,115000
08605P,聯發科中信9C售06,0,0,0,0,0,0,0,0,0,115000,0,0,0,130000,15000,115000,115000
06926P,可成群益9A售04  ,0,0,0,0,0,0,0,0,0,114000,0,0,0,114000,0,114000,114000
08297P,寶成元大9C售01  ,0,0,0,0,0,0,0,0,0,114000,0,0,0,124000,10000,114000,114000
07035P,大立光元富99售04,0,0,0,0,0,0,0,0,0,114000,0,0,0,114000,0,114000,114000
067918,玉晶光永豐01購02,0,0,0,0,0,0,0,0,0,114000,0,0,0,114000,0,114000,114000
068065,京鼎兆豐01購02  ,0,0,0,0,0,0,0,0,0,114000,0,0,0,387000,273000,114000,114000
068187,南電群益01購02  ,0,0,0,0,0,0,0,0,0,114000,0,0,0,250000,136000,114000,114000
068146,台積電元大01購36,0,0,0,0,0,0,0,0,0,114000,0,0,0,114000,0,114000,114000
068229,聯發科元富07購09,0,0,0,0,0,0,0,0,0,114000,0,0,0,130000,16000,114000,114000
068466,帆宣永豐01購02  ,0,0,0,0,0,0,0,0,0,114000,0,0,0,114000,0,114000,114000
060929,健策永豐9A購01  ,0,0,0,0,0,0,0,0,0,114000,0,0,0,115000,1000,114000,114000
061090,奇力新統一9C購01,0,0,0,0,0,0,0,0,0,114000,0,0,0,134000,20000,114000,114000
061442,玉晶光永豐9A購07,0,0,0,0,0,0,0,0,0,114000,0,0,0,136000,22000,114000,114000
062530,大立光統一01購03,0,0,0,0,0,0,0,0,0,114000,0,0,0,178000,64000,114000,114000
064095,鴻海群益01購02  ,0,0,0,0,0,0,0,0,0,114000,0,0,0,114000,0,114000,114000
065130,奇鋐兆豐9C購01  ,0,0,0,0,0,0,0,0,0,114000,0,0,0,114000,0,114000,114000
08833P,緯穎群益01售03  ,0,0,0,0,0,0,0,0,0,114000,0,0,0,123000,9000,114000,114000
068509,義隆台新01購01  ,0,0,0,0,0,0,0,0,0,113000,0,0,0,161000,48000,113000,113000
08302P,長榮航國泰02售01,0,0,0,0,0,0,0,0,0,113000,0,0,0,153000,40000,113000,113000
069415,欣興統一04購04  ,0,0,0,0,0,0,0,0,0,113000,0,0,0,602000,489000,113000,113000
057222,鴻海國票99購04  ,0,0,0,0,0,0,0,0,0,113000,0,0,0,113000,0,113000,113000
065288,華新科群益02購02,0,0,0,0,0,0,0,0,0,113000,0,0,0,132000,19000,113000,113000
2233,宇隆            ,78000,26000,52000,0,0,0,0,0,0,61000,70000,9000,61000,0,0,0,113000
9940,信義            ,136000,23000,113000,0,0,0,0,0,0,0,0,0,0,0,0,0,113000
069462,TPK兆豐03購01   ,0,0,0,0,0,0,0,0,0,112000,0,0,0,112000,0,112000,112000
069284,聯電國泰03購02  ,0,0,0,0,0,0,0,0,0,112000,0,0,0,147000,35000,112000,112000
08170P,緯穎群益9B售03  ,0,0,0,0,0,0,0,0,0,112000,0,0,0,112000,0,112000,112000
068270,建準永豐01購01  ,0,0,0,0,0,0,0,0,0,112000,0,0,0,197000,85000,112000,112000
03437P,道瓊銀凱基05售03,0,0,0,0,0,0,0,0,0,112000,0,0,0,112000,0,112000,112000
061564,華擎國票9A購02  ,0,0,0,0,0,0,0,0,0,112000,0,0,0,187000,75000,112000,112000
062620,台表科元大9B購04,0,0,0,0,0,0,0,0,0,112000,0,0,0,258000,146000,112000,112000
065084,南亞科元大9C購08,0,0,0,0,0,0,0,0,0,112000,0,0,0,112000,0,112000,112000
066423,智原元大01購02  ,0,0,0,0,0,0,0,0,0,112000,0,0,0,122000,10000,112000,112000
066389,南港凱基01購01  ,0,0,0,0,0,0,0,0,0,112000,0,0,0,623000,511000,112000,112000
067176,健策麥證02購02  ,0,0,0,112000,0,112000,0,0,0,112000,0,0,0,112000,0,112000,112000
066753,聯鈞國泰03購01  ,0,0,0,0,0,0,0,0,0,112000,0,0,0,117000,5000,112000,112000
08978P,臺股指群益01售12,0,0,0,0,0,0,0,0,0,112000,0,0,0,175000,63000,112000,112000
08867P,欣興凱基01售03  ,0,0,0,0,0,0,0,0,0,112000,0,0,0,112000,0,112000,112000
2453,凌群            ,184000,73000,111000,0,0,0,0,0,0,1000,1000,0,1000,0,0,0,112000
8464,億豐            ,305463,226033,79430,0,0,0,0,0,0,32000,27000,4000,23000,16000,7000,9000,111430
061031,神隆永豐9A購02  ,0,0,0,0,0,0,0,0,0,111000,0,0,0,111000,0,111000,111000
059509,奇力新永豐99購02,0,0,0,0,0,0,0,0,0,111000,0,0,0,111000,0,111000,111000
067081,華擎元大01購05  ,0,0,0,0,0,0,0,0,0,111000,0,0,0,225000,114000,111000,111000
066922,台表科麥證01購01,0,0,0,134000,23000,111000,0,0,0,111000,0,0,0,134000,23000,111000,111000
065184,和大統一02購04  ,0,0,0,0,0,0,0,0,0,111000,0,0,0,112000,1000,111000,111000
6414,樺漢            ,243000,398000,-155000,0,0,0,309000,54000,255000,11000,16000,27000,-11000,34000,12000,22000,111000
1474,弘裕            ,579000,460000,119000,0,0,0,0,0,0,-8000,0,8000,-8000,0,0,0,111000
068007,玉晶光元大03購04,0,0,0,0,0,0,0,0,0,110000,0,0,0,110000,0,110000,110000
067818,玉晶光凱基02購02,0,0,0,0,0,0,0,0,0,110000,0,0,0,111000,1000,110000,110000
068976,台光電元大02購02,0,0,0,0,0,0,0,0,0,110000,0,0,0,110000,0,110000,110000
068779,華邦電國票03購01,0,0,0,0,0,0,0,0,0,110000,0,0,0,110000,0,110000,110000
069262,惠特凱基02購01  ,0,0,0,0,0,0,0,0,0,110000,0,0,0,110000,0,110000,110000
069150,南電永豐02購01  ,0,0,0,0,0,0,0,0,0,110000,0,0,0,567000,457000,110000,110000
063773,可成富邦9C購01  ,0,0,0,0,0,0,0,0,0,110000,0,0,0,310000,200000,110000,110000
063801,GIS凱基01購01   ,0,0,0,0,0,0,0,0,0,110000,0,0,0,110000,0,110000,110000
052917,大立光富邦99購02,0,0,0,0,0,0,0,0,0,110000,0,0,0,110000,0,110000,110000
064229,台表科國票01購01,0,0,0,0,0,0,0,0,0,110000,0,0,0,120000,10000,110000,110000
063687,金像電永豐9B購04,0,0,0,0,0,0,0,0,0,110000,0,0,0,142000,32000,110000,110000
064253,貿聯元富9C購01  ,0,0,0,0,0,0,0,0,0,110000,0,0,0,314000,204000,110000,110000
065226,華通凱基01購01  ,0,0,0,0,0,0,0,0,0,110000,0,0,0,112000,2000,110000,110000
066412,神隆元大01購01  ,0,0,0,0,0,0,0,0,0,110000,0,0,0,117000,7000,110000,110000
067106,義隆群益01購01  ,0,0,0,0,0,0,0,0,0,110000,0,0,0,169000,59000,110000,110000
08561P,台表科國票01售02,0,0,0,0,0,0,0,0,0,110000,0,0,0,110000,0,110000,110000
08184P,可成永豐9B售03  ,0,0,0,0,0,0,0,0,0,109000,0,0,0,110000,1000,109000,109000
068557,道瓊銀元大03購02,0,0,0,0,0,0,0,0,0,109000,0,0,0,109000,0,109000,109000
064398,聚陽凱基01購01  ,0,0,0,0,0,0,0,0,0,109000,0,0,0,164000,55000,109000,109000
061546,大立光群益9A購05,0,0,0,0,0,0,0,0,0,109000,0,0,0,110000,1000,109000,109000
067327,聯詠康和01購01  ,0,0,0,0,0,0,0,0,0,109000,0,0,0,138000,29000,109000,109000
067533,瑞昱群益01購02  ,0,0,0,0,0,0,0,0,0,109000,0,0,0,242000,133000,109000,109000
6168,宏齊            ,316000,209000,107000,0,0,0,0,0,0,2000,2000,0,2000,0,0,0,109000
068416,致茂中信07購01  ,0,0,0,0,0,0,0,0,0,108000,0,0,0,108000,0,108000,108000
00706L,元大S&P日圓正2  ,0,0,0,0,0,0,0,0,0,108000,0,0,0,118000,10000,108000,108000
00648R,元大S&P500反1   ,0,0,0,0,0,0,0,0,0,108000,0,0,0,118000,10000,108000,108000
058763,和碩群益99購01  ,0,0,0,0,0,0,0,0,0,108000,0,0,0,108000,0,108000,108000
062996,致茂國票9C購01  ,0,0,0,0,0,0,0,0,0,108000,0,0,0,108000,0,108000,108000
062393,智邦富邦9B購01  ,0,0,0,0,0,0,0,0,0,108000,0,0,0,208000,100000,108000,108000
065747,華通元大9C購07  ,0,0,0,0,0,0,0,0,0,108000,0,0,0,214000,106000,108000,108000
2428,興勤            ,376000,271000,105000,0,0,0,25000,0,25000,-22000,0,5000,-5000,22000,39000,-17000,108000
068328,聯發科元大01購28,0,0,0,0,0,0,0,0,0,107000,0,0,0,177000,70000,107000,107000
067948,群創國泰03購01  ,0,0,0,0,0,0,0,0,0,107000,0,0,0,107000,0,107000,107000
068538,帆宣中信01購03  ,0,0,0,0,0,0,0,0,0,107000,0,0,0,109000,2000,107000,107000
068678,台積電台新03購02,0,0,0,0,0,0,0,0,0,107000,0,0,0,107000,0,107000,107000
069213,GIS元大02購02   ,0,0,0,0,0,0,0,0,0,107000,0,0,0,108000,1000,107000,107000
069318,金像電兆豐03購02,0,0,0,0,0,0,0,0,0,107000,0,0,0,107000,0,107000,107000
062702,可成元大9C購01  ,0,0,0,0,0,0,0,0,0,107000,0,0,0,138000,31000,107000,107000
062044,健策凱基9B購02  ,0,0,0,0,0,0,0,0,0,107000,0,0,0,107000,0,107000,107000
063191,台表科凱基9B購03,0,0,0,0,0,0,0,0,0,107000,0,0,0,161000,54000,107000,107000
063846,智邦元大9C購01  ,0,0,0,0,0,0,0,0,0,107000,0,0,0,350000,243000,107000,107000
064957,台表科凱基02購02,0,0,0,0,0,0,0,0,0,107000,0,0,0,109000,2000,107000,107000
064680,創意兆豐01購01  ,0,0,0,0,0,0,0,0,0,107000,0,0,0,223000,116000,107000,107000
064695,京鼎群益02購02  ,0,0,0,0,0,0,0,0,0,107000,0,0,0,213000,106000,107000,107000
066421,國產元大01購01  ,0,0,0,0,0,0,0,0,0,107000,0,0,0,153000,46000,107000,107000
068490,台光電元大01購06,0,0,0,0,0,0,0,0,0,106000,0,0,0,110000,4000,106000,106000
064459,創意統一02購01  ,0,0,0,0,0,0,0,0,0,106000,0,0,0,109000,3000,106000,106000
064796,緯穎國票01購01  ,0,0,0,0,0,0,0,0,0,106000,0,0,0,457000,351000,106000,106000
063944,建準元大9C購01  ,0,0,0,0,0,0,0,0,0,106000,0,0,0,427000,321000,106000,106000
061745,南電凱基9B購02  ,0,0,0,0,0,0,0,0,0,106000,0,0,0,109000,3000,106000,106000
062697,國巨元大9C購01  ,0,0,0,0,0,0,0,0,0,106000,0,0,0,215000,109000,106000,106000
066619,永光凱基01購01  ,0,0,0,0,0,0,0,0,0,106000,0,0,0,106000,0,106000,106000
068585,美律台新01購02  ,0,0,0,0,0,0,0,0,0,105000,0,0,0,110000,5000,105000,105000
068917,臺股指群益02購03,0,0,0,0,0,0,0,0,0,105000,0,0,0,105000,0,105000,105000
068963,欣興群益02購03  ,0,0,0,0,0,0,0,0,0,105000,0,0,0,131000,26000,105000,105000
069457,欣興麥證02購02  ,0,0,0,563000,247000,316000,0,0,0,105000,0,0,0,563000,458000,105000,105000
064464,台郡統一01購01  ,0,0,0,0,0,0,0,0,0,105000,0,0,0,162000,57000,105000,105000
057447,智邦元富02購01  ,0,0,0,0,0,0,0,0,0,105000,0,0,0,265000,160000,105000,105000
057669,嘉晶元大99購03  ,0,0,0,0,0,0,0,0,0,105000,0,0,0,110000,5000,105000,105000
056146,台虹元大98購01  ,0,0,0,0,0,0,0,0,0,105000,0,0,0,112000,7000,105000,105000
064812,旭富元大9C購04  ,0,0,0,0,0,0,0,0,0,105000,0,0,0,244000,139000,105000,105000
066570,力成元大02購01  ,0,0,0,0,0,0,0,0,0,105000,0,0,0,171000,66000,105000,105000
066863,上証2X元富07購01,0,0,0,0,0,0,0,0,0,105000,0,0,0,110000,5000,105000,105000
067663,神隆元大01購03  ,0,0,0,0,0,0,0,0,0,105000,0,0,0,114000,9000,105000,105000
06977P,臺股指元大9A售15,0,0,0,0,0,0,0,0,0,104000,0,0,0,104000,0,104000,104000
068823,景碩元大02購02  ,0,0,0,0,0,0,0,0,0,104000,0,0,0,421000,317000,104000,104000
03425B,臺股指元大9A熊01,0,0,0,0,0,0,0,0,0,104000,0,0,0,106000,2000,104000,104000
064460,健策統一9C購03  ,0,0,0,0,0,0,0,0,0,104000,0,0,0,104000,0,104000,104000
061914,台光電中信9B購01,0,0,0,0,0,0,0,0,0,104000,0,0,0,105000,1000,104000,104000
063916,瀚宇博凱基01購01,0,0,0,0,0,0,0,0,0,104000,0,0,0,145000,41000,104000,104000
063624,GIS兆豐9B購01   ,0,0,0,0,0,0,0,0,0,104000,0,0,0,256000,152000,104000,104000
066825,智邦群益01購03  ,0,0,0,0,0,0,0,0,0,104000,0,0,0,206000,102000,104000,104000
066700,瑞昱群益01購01  ,0,0,0,0,0,0,0,0,0,104000,0,0,0,183000,79000,104000,104000
065482,立積元大01購02  ,0,0,0,0,0,0,0,0,0,104000,0,0,0,150000,46000,104000,104000
2486,一詮            ,172000,68000,104000,0,0,0,0,0,0,0,0,0,0,0,0,0,104000
4912,聯德控股-KY     ,234000,238000,-4000,0,0,0,77000,0,77000,31000,48000,17000,31000,0,0,0,104000
08880P,全新凱基01售02  ,0,0,0,0,0,0,0,0,0,104000,0,0,0,154000,50000,104000,104000
068518,大立光統一01購10,0,0,0,0,0,0,0,0,0,103000,0,0,0,165000,62000,103000,103000
068127,台積電統一02購07,0,0,0,0,0,0,0,0,0,103000,0,0,0,109000,6000,103000,103000
06990P,康友元富99售03  ,0,28000,-28000,0,0,0,0,0,0,131000,0,0,0,131000,0,131000,103000
069378,金像電元大02購06,0,0,0,0,0,0,0,0,0,103000,0,0,0,115000,12000,103000,103000
069168,景碩元大02購03  ,0,0,0,0,0,0,0,0,0,103000,0,0,0,210000,107000,103000,103000
058276,道瓊指中信9C購01,0,0,0,0,0,0,0,0,0,103000,0,0,0,104000,1000,103000,103000
056904,大立光元大99購05,0,0,0,0,0,0,0,0,0,103000,0,0,0,703000,600000,103000,103000
03278P,臺股指中信02售03,0,0,0,0,0,0,0,0,0,103000,0,0,0,104000,1000,103000,103000
063229,台表科群益9B購04,0,0,0,0,0,0,0,0,0,103000,0,0,0,336000,233000,103000,103000
064001,華通凱基02購01  ,0,0,0,0,0,0,0,0,0,103000,0,0,0,171000,68000,103000,103000
062598,華通台新9B購02  ,0,0,0,0,0,0,0,0,0,103000,0,0,0,118000,15000,103000,103000
066058,TPK元大01購02   ,0,0,0,0,0,0,0,0,0,103000,0,0,0,116000,13000,103000,103000
066075,景碩凱基02購01  ,2000,0,2000,0,0,0,0,0,0,101000,0,0,0,254000,153000,101000,103000
066044,京元電元大01購01,0,0,0,0,0,0,0,0,0,103000,0,0,0,335000,232000,103000,103000
067220,台郡元大01購04  ,0,0,0,0,0,0,0,0,0,103000,0,0,0,118000,15000,103000,103000
2419,仲琦            ,113000,12000,101000,0,0,0,0,0,0,2000,2000,0,2000,0,0,0,103000
2388,威盛            ,240000,137000,103000,0,0,0,0,0,0,0,0,0,0,0,0,0,103000
08295P,長榮航元大9C售01,0,0,0,0,0,0,0,0,0,102000,0,0,0,102000,0,102000,102000
067971,玉晶光群益02購21,0,0,0,0,0,0,0,0,0,102000,0,0,0,111000,9000,102000,102000
064191,聯發科中信03購01,0,0,0,0,0,0,0,0,0,102000,0,0,0,102000,0,102000,102000
063978,美食兆豐9C購01  ,0,0,0,0,0,0,0,0,0,102000,0,0,0,102000,0,102000,102000
063020,奇力新元大9B購04,0,0,0,0,0,0,0,0,0,102000,0,0,0,312000,210000,102000,102000
066779,上証2X中信03購01,0,0,0,0,0,0,0,0,0,102000,0,0,0,112000,10000,102000,102000
065942,燿華元富01購01  ,0,0,0,0,0,0,0,0,0,102000,0,0,0,102000,0,102000,102000
065953,宏達電統一03購01,0,0,0,0,0,0,0,0,0,102000,0,0,0,135000,33000,102000,102000
065818,奇鋐元富9C購01  ,0,0,0,0,0,0,0,0,0,102000,0,0,0,212000,110000,102000,102000
065250,同欣電麥證9C購01,0,0,0,150000,25000,125000,0,0,0,102000,0,0,0,150000,48000,102000,102000
08809P,台灣50群益01售07,0,0,0,0,0,0,0,0,0,102000,0,0,0,445000,343000,102000,102000
1708,東鹼            ,85000,1000,84000,0,0,0,0,0,0,18000,18000,0,18000,0,0,0,102000
069052,信邦元富08購01  ,0,0,0,0,0,0,0,0,0,101000,0,0,0,121000,20000,101000,101000
069256,泰鼎凱基02購02  ,0,0,0,0,0,0,0,0,0,101000,0,0,0,101000,0,101000,101000
060489,世紀鋼群益9A購01,0,0,0,0,0,0,0,0,0,101000,0,0,0,101000,0,101000,101000
064848,金像電元富9C購02,0,0,0,0,0,0,0,0,0,101000,0,0,0,141000,40000,101000,101000
065775,神隆國泰03購01  ,0,0,0,0,0,0,0,0,0,101000,0,0,0,167000,66000,101000,101000
065715,勤誠群益9C購01  ,0,0,0,0,0,0,0,0,0,101000,0,0,0,101000,0,101000,101000
067662,聚陽元大01購03  ,0,0,0,0,0,0,0,0,0,101000,0,0,0,515000,414000,101000,101000
1451,年興            ,107000,6000,101000,0,0,0,0,0,0,0,0,0,0,0,0,0,101000
069585,玉晶光永豐02購02,0,0,0,0,0,0,0,0,0,100000,0,0,0,100000,0,100000,100000
08359P,緯創元大9C售02  ,0,0,0,0,0,0,0,0,0,100000,0,0,0,100000,0,100000,100000
07101P,台郡元大99售06  ,0,0,0,0,0,0,0,0,0,100000,0,0,0,100000,0,100000,100000
07502P,美食元大9A售01  ,0,0,0,0,0,0,0,0,0,100000,0,0,0,100000,0,100000,100000
07789P,緯穎群益9A售03  ,0,0,0,0,0,0,0,0,0,100000,0,0,0,100000,0,100000,100000
060195,旭富元富9A購02  ,0,0,0,0,0,0,0,0,0,100000,0,0,0,100000,0,100000,100000
060208,卜蜂康和9A購01  ,0,0,0,0,0,0,0,0,0,100000,0,0,0,100000,0,100000,100000
056726,友達日盛9A購01  ,0,0,0,0,0,0,0,0,0,100000,0,0,0,100000,0,100000,100000
057306,玉晶光兆豐99購01,0,0,0,0,0,0,0,0,0,100000,0,0,0,101000,1000,100000,100000
057374,禾伸堂元大99購03,0,0,0,0,0,0,0,0,0,100000,0,0,0,105000,5000,100000,100000
060879,華新科中信9A購02,0,0,0,0,0,0,0,0,0,100000,0,0,0,100000,0,100000,100000
03405P,聯電群益04售01  ,0,0,0,0,0,0,0,0,0,100000,0,0,0,100000,0,100000,100000
053083,中環元大99購01  ,0,0,0,0,0,0,0,0,0,100000,0,0,0,100000,0,100000,100000
052755,滬深2X群益9A購01,0,0,0,0,0,0,0,0,0,100000,0,0,0,100000,0,100000,100000
03697C,T50反1元大03牛02,0,0,0,0,0,0,0,0,0,100000,0,0,0,100000,0,100000,100000
047571,滬深2X群益99購01,0,0,0,0,0,0,0,0,0,100000,0,0,0,100000,0,100000,100000
056765,友達元大9B購05  ,0,0,0,0,0,0,0,0,0,100000,0,0,0,100000,0,100000,100000
055736,宏達電元富99購01,0,0,0,0,0,0,0,0,0,100000,0,0,0,100000,0,100000,100000
03044P,康控國票03售01  ,0,0,0,0,0,0,0,0,0,100000,0,0,0,100000,0,100000,100000
03129P,台光電統一01售06,0,0,0,0,0,0,0,0,0,100000,0,0,0,100000,0,100000,100000
058200,世芯康和99購01  ,0,0,0,0,0,0,0,0,0,100000,0,0,0,100000,0,100000,100000
058118,瑞昱群益99購01  ,0,0,0,0,0,0,0,0,0,100000,0,0,0,100000,0,100000,100000
057958,禾伸堂元大99購05,0,0,0,0,0,0,0,0,0,100000,0,0,0,100000,0,100000,100000
059003,中壽元大99購01  ,0,0,0,0,0,0,0,0,0,100000,0,0,0,100000,0,100000,100000
060522,鴻海中信9A購03  ,0,0,0,0,0,0,0,0,0,100000,0,0,0,100000,0,100000,100000
064467,南亞科元富9C購02,0,0,0,0,0,0,0,0,0,100000,0,0,0,100000,0,100000,100000
064503,日電貿元大9C購01,0,0,0,0,0,0,0,0,0,100000,0,0,0,150000,50000,100000,100000
058794,旺宏元大99購09  ,0,0,0,0,0,0,0,0,0,100000,0,0,0,100000,0,100000,100000
064993,嘉澤兆豐9C購01  ,0,0,0,0,0,0,0,0,0,100000,0,0,0,100000,0,100000,100000
061845,SP黃豆國票9B購02,0,0,0,0,0,0,0,0,0,100000,0,0,0,100000,0,100000,100000
061087,國巨統一01購04  ,0,0,0,0,0,0,0,0,0,100000,0,0,0,100000,0,100000,100000
061923,友達凱基9B購04  ,0,0,0,0,0,0,0,0,0,100000,0,0,0,159000,59000,100000,100000
061181,牧德凱基9A購01  ,0,0,0,0,0,0,0,0,0,100000,0,0,0,100000,0,100000,100000
061342,華新科元大9A購17,0,0,0,0,0,0,0,0,0,100000,0,0,0,101000,1000,100000,100000
061620,禾伸堂群益9A購02,0,0,0,0,0,0,0,0,0,100000,0,0,0,100000,0,100000,100000
061475,漢唐元大9A購01  ,0,0,0,0,0,0,0,0,0,100000,0,0,0,100000,0,100000,100000
064066,達新永豐9C購01  ,0,0,0,0,0,0,0,0,0,100000,0,0,0,100000,0,100000,100000
062386,京鼎國泰9C購01  ,0,0,0,0,0,0,0,0,0,100000,0,0,0,215000,115000,100000,100000
062367,禾伸堂元大9B購02,0,0,0,0,0,0,0,0,0,100000,0,0,0,100000,0,100000,100000
064266,聯茂永豐9C購01  ,0,0,0,0,0,0,0,0,0,100000,0,0,0,100000,0,100000,100000
062096,神隆永豐9B購01  ,0,0,0,0,0,0,0,0,0,100000,0,0,0,100000,0,100000,100000
067767,鴻海統一03購04  ,0,0,0,0,0,0,0,0,0,100000,0,0,0,100000,0,100000,100000
066751,矽創元大01購03  ,0,0,0,0,0,0,0,0,0,100000,0,0,0,252000,152000,100000,100000
066568,聚碩元大01購01  ,0,0,0,0,0,0,0,0,0,100000,0,0,0,100000,0,100000,100000
067077,智原元大01購04  ,0,0,0,0,0,0,0,0,0,100000,0,0,0,354000,254000,100000,100000
067072,建準元大01購01  ,0,0,0,0,0,0,0,0,0,100000,0,0,0,150000,50000,100000,100000
066995,盟立國泰03購01  ,0,0,0,0,0,0,0,0,0,100000,0,0,0,100000,0,100000,100000
066997,樺漢國泰03購01  ,0,0,0,0,0,0,0,0,0,100000,0,0,0,128000,28000,100000,100000
065755,日電貿元大9C購02,0,0,0,0,0,0,0,0,0,100000,0,0,0,200000,100000,100000,100000
065695,友訊群益01購02  ,0,0,0,0,0,0,0,0,0,100000,0,0,0,101000,1000,100000,100000
064913,燿華統一02購01  ,0,0,0,0,0,0,0,0,0,100000,0,0,0,100000,0,100000,100000
065908,聯發科永豐9C購04,0,0,0,0,0,0,0,0,0,100000,0,0,0,100000,0,100000,100000
066036,神隆元大02購01  ,0,0,0,0,0,0,0,0,0,100000,0,0,0,107000,7000,100000,100000
065985,金像電永豐01購02,0,0,0,0,0,0,0,0,0,100000,0,0,0,100000,0,100000,100000
066114,瑞昱兆豐02購01  ,0,0,0,0,0,0,0,0,0,100000,0,0,0,100000,0,100000,100000
066383,臻鼎康和01購01  ,0,0,0,0,0,0,0,0,0,100000,0,0,0,100000,0,100000,100000
066268,宏達電元大01購02,0,0,0,0,0,0,0,0,0,100000,0,0,0,139000,39000,100000,100000
066191,惠特凱基01購02  ,0,0,0,0,0,0,0,0,0,100000,0,0,0,100000,0,100000,100000
08987P,臻鼎元富07售02  ,0,0,0,0,0,0,0,0,0,100000,0,0,0,100000,0,100000,100000
1582,信錦            ,56000,70000,-14000,0,0,0,0,0,0,114000,61000,0,61000,57000,4000,53000,100000
08898P,台積電群益01售15,0,0,0,0,0,0,0,0,0,100000,0,0,0,100000,0,100000,100000
08935P,鴻海元大01售19  ,0,0,0,0,0,0,0,0,0,100000,0,0,0,100000,0,100000,100000
4119,旭富            ,224000,147000,77000,0,0,0,0,0,0,23000,7000,9000,-2000,42000,17000,25000,100000
6592,和潤企業        ,168000,40000,128000,0,0,0,0,50000,-50000,22000,8000,0,8000,16000,2000,14000,100000
068790,義隆凱基02購02  ,0,0,0,0,0,0,0,0,0,99000,0,0,0,99000,0,99000,99000
058798,大立光元大99購11,0,0,0,0,0,0,0,0,0,99000,0,0,0,100000,1000,99000,99000
063224,泰鼎群益9B購02  ,0,0,0,0,0,0,0,0,0,99000,0,0,0,99000,0,99000,99000
063562,國巨元大9C購06  ,0,0,0,0,0,0,0,0,0,99000,0,0,0,104000,5000,99000,99000
061348,聯鈞元大9A購05  ,0,0,0,0,0,0,0,0,0,99000,0,0,0,102000,3000,99000,99000
062917,旭富元大9C購03  ,0,0,0,0,0,0,0,0,0,99000,0,0,0,209000,110000,99000,99000
064864,金像電永豐01購01,0,0,0,0,0,0,0,0,0,99000,0,0,0,99000,0,99000,99000
064907,緯穎群益9C購02  ,0,0,0,0,0,0,0,0,0,99000,0,0,0,180000,81000,99000,99000
065389,聯茂兆豐9C購01  ,0,0,0,0,0,0,0,0,0,99000,0,0,0,99000,0,99000,99000
066840,臺指反元大04購05,0,0,0,0,0,0,0,0,0,99000,0,0,0,99000,0,99000,99000
066512,致茂永豐01購01  ,0,0,0,0,0,0,0,0,0,99000,0,0,0,108000,9000,99000,99000
067762,康舒永豐01購02  ,0,0,0,0,0,0,0,0,0,99000,0,0,0,240000,141000,99000,99000
067614,台汽電凱基01購01,0,0,0,0,0,0,0,0,0,99000,0,0,0,99000,0,99000,99000
08633P,聯發科元大9C售20,0,0,0,0,0,0,0,0,0,99000,0,0,0,100000,1000,99000,99000
08726P,台積電群益01售07,0,0,0,0,0,0,0,0,0,99000,0,0,0,99000,0,99000,99000
08699P,南電元大01售05  ,0,0,0,0,0,0,0,0,0,99000,0,0,0,758000,659000,99000,99000
068607,聯詠凱基01購02  ,0,0,0,0,0,0,0,0,0,98000,0,0,0,100000,2000,98000,98000
068026,華通元富07購01  ,0,0,0,0,0,0,0,0,0,98000,0,0,0,98000,0,98000,98000
069404,華通統一04購02  ,0,0,0,0,0,0,0,0,0,98000,0,0,0,108000,10000,98000,98000
069286,鴻海國泰04購01  ,0,0,0,0,0,0,0,0,0,98000,0,0,0,98000,0,98000,98000
064377,宏達電元富9C購01,0,0,0,0,0,0,0,0,0,98000,0,0,0,98000,0,98000,98000
058516,健鼎元大99購02  ,0,0,0,0,0,0,0,0,0,98000,0,0,0,100000,2000,98000,98000
057973,神達富邦9A購01  ,0,0,0,0,0,0,0,0,0,98000,0,0,0,98000,0,98000,98000
064738,裕隆國票01購01  ,0,0,0,0,0,0,0,0,0,98000,0,0,0,357000,259000,98000,98000
064760,玉晶光凱基01購02,0,0,0,0,0,0,0,0,0,98000,0,0,0,134000,36000,98000,98000
064597,鴻海元富9C購03  ,0,0,0,0,0,0,0,0,0,98000,0,0,0,100000,2000,98000,98000
061178,晶技凱基9B購01  ,0,0,0,0,0,0,0,0,0,98000,0,0,0,100000,2000,98000,98000
063577,台表科元大9C購04,0,0,0,0,0,0,0,0,0,98000,0,0,0,148000,50000,98000,98000
067550,燿華中信02購01  ,0,0,0,0,0,0,0,0,0,98000,0,0,0,250000,152000,98000,98000
066789,聯詠麥證01購01  ,0,0,0,98000,0,98000,0,0,0,98000,0,0,0,98000,0,98000,98000
066983,禾伸堂群益01購01,0,0,0,0,0,0,0,0,0,98000,0,0,0,205000,107000,98000,98000
066985,牧德群益02購02  ,0,0,0,0,0,0,0,0,0,98000,0,0,0,98000,0,98000,98000
066231,友訊富邦02購01  ,0,0,0,0,0,0,0,0,0,98000,0,0,0,100000,2000,98000,98000
08659P,聯發科統一9C售20,0,0,0,0,0,0,0,0,0,98000,0,0,0,100000,2000,98000,98000
4532,瑞智            ,196000,103000,93000,0,0,0,0,0,0,5000,5000,0,5000,0,0,0,98000
08200P,祥碩元大9B售08  ,0,0,0,0,0,0,0,0,0,97000,0,0,0,99000,2000,97000,97000
060621,玉晶光元大9A購05,0,0,0,0,0,0,0,0,0,97000,0,0,0,119000,22000,97000,97000
053328,滬深2X永豐99購01,0,0,0,0,0,0,0,0,0,97000,0,0,0,97000,0,97000,97000
06037P,超眾國票98售02  ,0,0,0,0,0,0,0,0,0,97000,0,0,0,97000,0,97000,97000
064560,技嘉群益01購01  ,0,0,0,0,0,0,0,0,0,97000,0,0,0,187000,90000,97000,97000
067603,冠德凱基02購01  ,0,0,0,0,0,0,0,0,0,97000,0,0,0,172000,75000,97000,97000
068754,聯發科國泰08購01,0,0,0,0,0,0,0,0,0,96000,0,0,0,106000,10000,96000,96000
060209,喬山康和9A購01  ,0,0,0,0,0,0,0,0,0,96000,0,0,0,100000,4000,96000,96000
064492,技嘉元大9C購01  ,0,0,0,0,0,0,0,0,0,96000,0,0,0,137000,41000,96000,96000
059986,宏達電元大99購08,0,0,0,0,0,0,0,0,0,96000,0,0,0,107000,11000,96000,96000
064991,友達兆豐9C購01  ,0,0,0,0,0,0,0,0,0,96000,0,0,0,115000,19000,96000,96000
061187,瀚宇博國泰9C購01,0,0,0,0,0,0,0,0,0,96000,0,0,0,96000,0,96000,96000
061716,瑞儀凱基9B購01  ,0,0,0,0,0,0,0,0,0,96000,0,0,0,116000,20000,96000,96000
062836,同欣電群益9B購02,0,0,0,0,0,0,0,0,0,96000,0,0,0,162000,66000,96000,96000
068498,玉晶光元大01購16,0,0,0,0,0,0,0,0,0,95000,0,0,0,533000,438000,95000,95000
067873,神達元大01購03  ,0,0,0,0,0,0,0,0,0,95000,0,0,0,150000,55000,95000,95000
07978P,茂林群益9B售02  ,0,0,0,0,0,0,0,0,0,95000,0,0,0,95000,0,95000,95000
059425,SGBR2X元大9A購02,0,0,0,0,0,0,0,0,0,95000,0,0,0,95000,0,95000,95000
064387,GIS富邦9C購01   ,0,0,0,0,0,0,0,0,0,95000,0,0,0,115000,20000,95000,95000
054271,中石化中信99購01,0,0,0,0,0,0,0,0,0,95000,0,0,0,95000,0,95000,95000
063506,嘉晶群益9B購01  ,0,0,0,0,0,0,0,0,0,95000,0,0,0,95000,0,95000,95000
063282,奇力新元大9B購06,0,0,0,0,0,0,0,0,0,95000,0,0,0,113000,18000,95000,95000
065002,致茂國票01購01  ,0,0,0,0,0,0,0,0,0,95000,0,0,0,166000,71000,95000,95000
065017,和大富邦03購01  ,0,0,0,0,0,0,0,0,0,95000,0,0,0,458000,363000,95000,95000
067654,嘉晶元富07購03  ,0,0,0,0,0,0,0,0,0,95000,0,0,0,95000,0,95000,95000
067407,南六永豐01購03  ,0,0,0,0,0,0,0,0,0,95000,0,0,0,147000,52000,95000,95000
3040,遠見            ,129000,34000,95000,0,0,0,0,0,0,0,0,0,0,0,0,0,95000
9944,新麗            ,220000,128000,92000,0,0,0,0,0,0,3000,4000,1000,3000,0,0,0,95000
03221P,和大凱基02售03  ,0,0,0,0,0,0,0,0,0,94000,0,0,0,100000,6000,94000,94000
03268P,可成元大02售01  ,0,0,0,0,0,0,0,0,0,94000,0,0,0,110000,16000,94000,94000
061841,晶技凱基9C購01  ,0,0,0,0,0,0,0,0,0,94000,0,0,0,122000,28000,94000,94000
061137,晶技統一9B購01  ,0,0,0,0,0,0,0,0,0,94000,0,0,0,263000,169000,94000,94000
066307,華城永豐01購01  ,0,0,0,0,0,0,0,0,0,94000,0,0,0,124000,30000,94000,94000
064921,景碩統一02購01  ,0,0,0,0,0,0,0,0,0,94000,0,0,0,237000,143000,94000,94000
065544,和大兆豐01購01  ,0,0,0,0,0,0,0,0,0,94000,0,0,0,385000,291000,94000,94000
6226,光鼎            ,112000,20000,92000,0,0,0,0,0,0,2000,2000,0,2000,0,0,0,94000
08665P,鴻海國票02售01  ,0,0,0,0,0,0,0,0,0,94000,0,0,0,120000,26000,94000,94000
1733,五鼎            ,132000,49000,83000,0,0,0,0,0,0,11000,13000,2000,11000,0,0,0,94000
08140P,祥碩元大9B售07  ,0,0,0,0,0,0,0,0,0,93000,0,0,0,113000,20000,93000,93000
069449,玉晶光統一08購01,0,0,0,0,0,0,0,0,0,93000,0,0,0,167000,74000,93000,93000
068083,南電凱基01購04  ,0,0,0,0,0,0,0,0,0,93000,0,0,0,93000,0,93000,93000
068305,台光電國票03購01,0,0,0,0,0,0,0,0,0,93000,0,0,0,94000,1000,93000,93000
068402,群光元富03購01  ,0,0,0,0,0,0,0,0,0,93000,0,0,0,102000,9000,93000,93000
068476,聯鈞群益01購02  ,0,0,0,0,0,0,0,0,0,93000,0,0,0,94000,1000,93000,93000
03058P,台積電凱基01售18,0,0,0,0,0,0,0,0,0,93000,0,0,0,93000,0,93000,93000
056330,玉晶光國票99購03,0,0,0,0,0,0,0,0,0,93000,0,0,0,168000,75000,93000,93000
060099,宏達電元大99購09,0,0,0,0,0,0,0,0,0,93000,0,0,0,93000,0,93000,93000
064346,貿聯元大01購01  ,0,0,0,0,0,0,0,0,0,93000,0,0,0,199000,106000,93000,93000
058048,群創元大9B購07  ,0,0,0,0,0,0,0,0,0,93000,0,0,0,227000,134000,93000,93000
061157,聯鈞群益9A購02  ,0,0,0,0,0,0,0,0,0,93000,0,0,0,103000,10000,93000,93000
063379,帆宣永豐9B購01  ,0,0,0,0,0,0,0,0,0,93000,0,0,0,137000,44000,93000,93000
064117,中興電元大9C購01,0,0,0,0,0,0,0,0,0,93000,0,0,0,151000,58000,93000,93000
065135,和大凱基01購01  ,0,0,0,0,0,0,0,0,0,93000,0,0,0,93000,0,93000,93000
065270,TPK元大01購01   ,0,0,0,0,0,0,0,0,0,93000,0,0,0,144000,51000,93000,93000
066899,義隆康和01購01  ,0,0,0,0,0,0,0,0,0,93000,0,0,0,178000,85000,93000,93000
066748,同欣電元大01購03,0,0,0,0,0,0,0,0,0,93000,0,0,0,145000,52000,93000,93000
4144,康聯-KY         ,118000,33000,85000,0,0,0,0,0,0,8000,9000,1000,8000,0,0,0,93000
2413,環科            ,160000,66000,94000,0,0,0,0,0,0,-1000,2000,3000,-1000,0,0,0,93000
068647,臺指反元大02購18,0,0,0,0,0,0,0,0,0,92000,0,0,0,95000,3000,92000,92000
062401,信邦永豐9B購01  ,0,0,0,0,0,0,0,0,0,92000,0,0,0,125000,33000,92000,92000
062234,廣達凱基9B購01  ,0,0,0,0,0,0,0,0,0,92000,0,0,0,152000,60000,92000,92000
065386,華通兆豐9C購02  ,0,0,0,0,0,0,0,0,0,92000,0,0,0,114000,22000,92000,92000
2467,志聖            ,155000,56000,99000,0,0,0,0,0,0,-7000,1000,8000,-7000,0,0,0,92000
2845,遠東銀          ,400000,308000,92000,0,0,0,0,0,0,0,0,0,0,0,0,0,92000
3050,鈺德            ,135000,44000,91000,0,0,0,0,0,0,1000,1000,0,1000,0,0,0,92000
8478,東哥遊艇        ,24000,31000,-7000,0,0,0,0,0,0,99000,99000,0,99000,0,0,0,92000
068499,京鼎元大01購07  ,0,0,0,0,0,0,0,0,0,91000,0,0,0,296000,205000,91000,91000
069015,臻鼎兆豐03購01  ,0,0,0,0,0,0,0,0,0,91000,0,0,0,273000,182000,91000,91000
068161,智易元大01購02  ,0,0,0,0,0,0,0,0,0,91000,0,0,0,255000,164000,91000,91000
067864,台光電元大01購05,0,0,0,0,0,0,0,0,0,91000,0,0,0,91000,0,91000,91000
00641R,富邦日本反1     ,0,1000,-1000,0,0,0,0,0,0,92000,0,0,0,202000,110000,92000,91000
061958,鴻海統一01購01  ,0,0,0,0,0,0,0,0,0,91000,0,0,0,421000,330000,91000,91000
061174,鴻海凱基9A購23  ,0,0,0,0,0,0,0,0,0,91000,0,0,0,91000,0,91000,91000
065221,神隆永豐9C購01  ,0,0,0,0,0,0,0,0,0,91000,0,0,0,211000,120000,91000,91000
065763,台表科元大9C購14,0,0,0,0,0,0,0,0,0,91000,0,0,0,252000,161000,91000,91000
066380,瑞昱康和01購02  ,0,0,0,0,0,0,0,0,0,91000,0,0,0,91000,0,91000,91000
067738,技嘉元大01購02  ,0,0,0,0,0,0,0,0,0,91000,0,0,0,420000,329000,91000,91000
067546,世紀鋼群益01購05,0,0,0,0,0,0,0,0,0,91000,0,0,0,91000,0,91000,91000
1906,寶隆            ,266000,175000,91000,0,0,0,0,0,0,0,0,0,0,0,0,0,91000
08821P,旺宏凱基01售01  ,0,0,0,0,0,0,0,0,0,91000,0,0,0,191000,100000,91000,91000
068123,嘉聯益元富07購01,0,0,0,0,0,0,0,0,0,90000,0,0,0,90000,0,90000,90000
068954,晶技凱基02購02  ,2000,0,2000,0,0,0,0,0,0,88000,0,0,0,100000,12000,88000,90000
068841,華通統一02購01  ,0,0,0,0,0,0,0,0,0,90000,0,0,0,110000,20000,90000,90000
07077P,緯穎凱基99售01  ,0,0,0,0,0,0,0,0,0,90000,0,0,0,90000,0,90000,90000
057046,奇力新元大99購03,0,0,0,0,0,0,0,0,0,90000,0,0,0,90000,0,90000,90000
060437,宏全永豐9A購01  ,0,0,0,0,0,0,0,0,0,90000,0,0,0,181000,91000,90000,90000
058514,潤泰全元大99購01,0,0,0,0,0,0,0,0,0,90000,0,0,0,90000,0,90000,90000
061376,瑞昱永豐9A購02  ,0,0,0,0,0,0,0,0,0,90000,0,0,0,90000,0,90000,90000
061599,元金反中信9C購01,0,0,0,0,0,0,0,0,0,90000,0,0,0,90000,0,90000,90000
061886,力山國泰01購01  ,0,0,0,0,0,0,0,0,0,90000,0,0,0,90000,0,90000,90000
061976,國巨元大9B購01  ,0,0,0,0,0,0,0,0,0,90000,0,0,0,100000,10000,90000,90000
064242,TPK統一02購01   ,0,0,0,0,0,0,0,0,0,90000,0,0,0,160000,70000,90000,90000
062867,東元中信9B購01  ,0,0,0,0,0,0,0,0,0,90000,0,0,0,101000,11000,90000,90000
064070,祥碩永豐9C購01  ,0,0,0,0,0,0,0,0,0,90000,0,0,0,125000,35000,90000,90000
067704,台表科麥證01購02,0,0,0,107000,17000,90000,0,0,0,90000,0,0,0,107000,17000,90000,90000
066528,南電統一02購01  ,0,0,0,0,0,0,0,0,0,90000,0,0,0,91000,1000,90000,90000
066614,貿聯麥證01購01  ,0,0,0,90000,0,90000,0,0,0,90000,0,0,0,90000,0,90000,90000
066375,南亞科兆豐01購01,0,0,0,0,0,0,0,0,0,90000,0,0,0,100000,10000,90000,90000
066252,南港元大01購02  ,0,0,0,0,0,0,0,0,0,90000,0,0,0,420000,330000,90000,90000
065785,奇力新永豐9C購02,0,0,0,0,0,0,0,0,0,90000,0,0,0,90000,0,90000,90000
064925,和碩統一02購01  ,0,0,0,0,0,0,0,0,0,90000,0,0,0,735000,645000,90000,90000
064900,景碩群益01購01  ,0,0,0,0,0,0,0,0,0,90000,0,0,0,141000,51000,90000,90000
060630,國巨富邦9C購03  ,0,0,0,0,0,0,0,0,0,89000,0,0,0,89000,0,89000,89000
062524,鴻海統一9C購09  ,0,0,0,0,0,0,0,0,0,89000,0,0,0,101000,12000,89000,89000
067409,巨大永豐01購01  ,0,0,0,0,0,0,0,0,0,89000,0,0,0,118000,29000,89000,89000
07923P,元金2X凱基02售02,0,0,0,0,0,0,0,0,0,88000,0,0,0,88000,0,88000,88000
08323P,華新科凱基9C售04,0,0,0,0,0,0,0,0,0,88000,0,0,0,106000,18000,88000,88000
068884,華通統一04購01  ,0,0,0,0,0,0,0,0,0,88000,0,0,0,216000,128000,88000,88000
068203,玉晶光凱基03購03,0,0,0,0,0,0,0,0,0,88000,0,0,0,110000,22000,88000,88000
068393,GIS統一03購01   ,0,0,0,0,0,0,0,0,0,88000,0,0,0,93000,5000,88000,88000
067891,玉晶光群益02購05,0,0,0,0,0,0,0,0,0,88000,0,0,0,149000,61000,88000,88000
067952,台光電永豐01購01,0,0,0,0,0,0,0,0,0,88000,0,0,0,88000,0,88000,88000
062117,燿華中信9B購01  ,0,0,0,0,0,0,0,0,0,88000,0,0,0,98000,10000,88000,88000
067571,大立光麥證01購04,0,0,0,100000,12000,88000,0,0,0,88000,0,0,0,100000,12000,88000,88000
066641,台郡凱基03購01  ,0,0,0,0,0,0,0,0,0,88000,0,0,0,148000,60000,88000,88000
067036,南電康和01購02  ,0,0,0,0,0,0,0,0,0,88000,0,0,0,89000,1000,88000,88000
065644,義隆元大9C購08  ,0,0,0,0,0,0,0,0,0,88000,0,0,0,139000,51000,88000,88000
065669,義隆凱基01購03  ,0,0,0,0,0,0,0,0,0,88000,0,0,0,88000,0,88000,88000
065976,牧德元大02購02  ,0,0,0,0,0,0,0,0,0,88000,0,0,0,120000,32000,88000,88000
1442,名軒            ,82000,4000,78000,0,0,0,0,0,0,10000,10000,0,10000,0,0,0,88000
1503,士電            ,142000,54000,88000,0,0,0,0,0,0,0,0,0,0,0,0,0,88000
2723,美食-KY         ,457000,393000,64000,0,0,0,0,0,0,24000,55000,0,55000,2000,33000,-31000,88000
2546,根基            ,77000,95000,-18000,0,0,0,0,0,0,106000,106000,0,106000,0,0,0,88000
067994,技嘉元大01購03  ,0,0,0,0,0,0,0,0,0,87000,0,0,0,345000,258000,87000,87000
067895,玉晶光群益02購09,0,0,0,0,0,0,0,0,0,87000,0,0,0,87000,0,87000,87000
069169,TPK元大02購02   ,0,0,0,0,0,0,0,0,0,87000,0,0,0,95000,8000,87000,87000
062004,國巨國泰9C購03  ,0,0,0,0,0,0,0,0,0,87000,0,0,0,138000,51000,87000,87000
062369,創意元大9B購01  ,0,0,0,0,0,0,0,0,0,87000,0,0,0,127000,40000,87000,87000
062361,智邦元大9B購06  ,0,0,0,0,0,0,0,0,0,87000,0,0,0,121000,34000,87000,87000
061347,創意元大9A購02  ,0,0,0,0,0,0,0,0,0,87000,0,0,0,97000,10000,87000,87000
065337,華通統一01購03  ,0,0,0,0,0,0,0,0,0,87000,0,0,0,143000,56000,87000,87000
066628,宏達電凱基03購01,0,0,0,0,0,0,0,0,0,87000,0,0,0,100000,13000,87000,87000
067682,上緯控元大01購02,0,0,0,0,0,0,0,0,0,87000,0,0,0,166000,79000,87000,87000
067147,台積電統一04購01,0,0,0,0,0,0,0,0,0,87000,0,0,0,187000,100000,87000,87000
08588P,緯穎元富03售01  ,0,0,0,0,0,0,0,0,0,87000,0,0,0,101000,14000,87000,87000
067933,微星凱基02購04  ,1000,0,1000,0,0,0,0,0,0,85000,0,0,0,346000,261000,85000,86000
068076,欣興凱基01購05  ,0,0,0,0,0,0,0,0,0,86000,0,0,0,102000,16000,86000,86000
060942,智邦國票9A購02  ,0,0,0,0,0,0,0,0,0,86000,0,0,0,91000,5000,86000,86000
057863,美律凱基9A購01  ,0,0,0,0,0,0,0,0,0,86000,0,0,0,96000,10000,86000,86000
061072,南電凱基9B購01  ,0,0,0,0,0,0,0,0,0,86000,0,0,0,86000,0,86000,86000
064265,嘉聯益永豐9C購02,0,0,0,0,0,0,0,0,0,86000,0,0,0,372000,286000,86000,86000
064188,玉晶光永豐9C購02,0,0,0,0,0,0,0,0,0,86000,0,0,0,154000,68000,86000,86000
066016,台表科元富01購02,0,0,0,0,0,0,0,0,0,86000,0,0,0,307000,221000,86000,86000
066164,精元凱基01購01  ,0,0,0,0,0,0,0,0,0,86000,0,0,0,97000,11000,86000,86000
2455,全新            ,192000,184000,8000,0,0,0,0,16000,-16000,94000,32000,12000,20000,81000,7000,74000,86000
2501,國建            ,401000,92000,309000,0,0,0,0,223000,-223000,0,0,0,0,0,0,0,86000
068106,南電永豐01購02  ,0,0,0,0,0,0,0,0,0,85000,0,0,0,168000,83000,85000,85000
068382,亞德客統一03購01,0,0,0,0,0,0,0,0,0,85000,0,0,0,120000,35000,85000,85000
069000,亞德客兆豐03購01,0,0,0,0,0,0,0,0,0,85000,0,0,0,153000,68000,85000,85000
07576P,可成元大9A售01  ,0,0,0,0,0,0,0,0,0,85000,0,0,0,121000,36000,85000,85000
060157,致茂永豐9A購02  ,0,0,0,0,0,0,0,0,0,85000,0,0,0,85000,0,85000,85000
059093,旭富元大99購01  ,0,0,0,0,0,0,0,0,0,85000,0,0,0,85000,0,85000,85000
061583,矽創元大9A購01  ,0,0,0,0,0,0,0,0,0,85000,0,0,0,100000,15000,85000,85000
063380,台表科永豐9B購03,0,0,0,0,0,0,0,0,0,85000,0,0,0,218000,133000,85000,85000
066020,東元群益01購01  ,0,0,0,0,0,0,0,0,0,85000,0,0,0,151000,66000,85000,85000
065958,T50反1元大01購01,0,0,0,0,0,0,0,0,0,85000,0,0,0,100000,15000,85000,85000
065512,友訊群益01購01  ,0,0,0,0,0,0,0,0,0,85000,0,0,0,156000,71000,85000,85000
066606,聯詠永豐01購01  ,0,0,0,0,0,0,0,0,0,85000,0,0,0,108000,23000,85000,85000
066559,聯鈞元大01購03  ,0,0,0,0,0,0,0,0,0,85000,0,0,0,85000,0,85000,85000
067108,大毅群益01購01  ,0,0,0,0,0,0,0,0,0,85000,0,0,0,85000,0,85000,85000
066876,大立光富邦05購01,0,0,0,0,0,0,0,0,0,85000,0,0,0,395000,310000,85000,85000
6491,晶碩            ,113000,59000,54000,0,0,0,0,0,0,31000,6000,0,6000,32000,7000,25000,85000
069207,信邦元大02購01  ,0,0,0,0,0,0,0,0,0,84000,0,0,0,108000,24000,84000,84000
067870,玉晶光元大01購07,0,0,0,0,0,0,0,0,0,84000,0,0,0,94000,10000,84000,84000
057582,亞光中信9A購02  ,0,0,0,0,0,0,0,0,0,84000,0,0,0,84000,0,84000,84000
057556,智易凱基99購01  ,0,0,0,0,0,0,0,0,0,84000,0,0,0,85000,1000,84000,84000
064827,友達統一02購02  ,0,0,0,0,0,0,0,0,0,84000,0,0,0,84000,0,84000,84000
063573,茂林元大9B購06  ,0,0,0,0,0,0,0,0,0,84000,0,0,0,526000,442000,84000,84000
063662,上銀統一01購03  ,0,0,0,0,0,0,0,0,0,84000,0,0,0,250000,166000,84000,84000
062372,旭富元大9B購01  ,0,0,0,0,0,0,0,0,0,84000,0,0,0,100000,16000,84000,84000
067511,拓凱統一01購01  ,0,0,0,0,0,0,0,0,0,84000,0,0,0,113000,29000,84000,84000
065368,技嘉元大9C購04  ,0,0,0,0,0,0,0,0,0,84000,0,0,0,102000,18000,84000,84000
5243,乙盛-KY         ,141000,58000,83000,0,0,0,0,0,0,1000,1000,0,1000,0,0,0,84000
2612,中航            ,89000,5000,84000,0,0,0,0,0,0,0,0,0,0,0,0,0,84000
068981,晶技元大02購01  ,0,0,0,0,0,0,0,0,0,83000,0,0,0,143000,60000,83000,83000
068462,帆宣國票03購01  ,0,0,0,0,0,0,0,0,0,83000,0,0,0,83000,0,83000,83000
03125P,台積電凱基01售24,0,0,0,0,0,0,0,0,0,83000,0,0,0,138000,55000,83000,83000
054206,鴻海國票99購01  ,0,0,0,0,0,0,0,0,0,83000,0,0,0,83000,0,83000,83000
03687C,臺股指凱基9C牛22,0,0,0,0,0,0,0,0,0,83000,0,0,0,113000,30000,83000,83000
058744,FBVIX凱基9C購03 ,0,0,0,0,0,0,0,0,0,83000,0,0,0,98000,15000,83000,83000
058748,景碩凱基9A購01  ,0,0,0,0,0,0,0,0,0,83000,0,0,0,92000,9000,83000,83000
057936,健策群益99購01  ,0,0,0,0,0,0,0,0,0,83000,0,0,0,132000,49000,83000,83000
062870,亞德客兆豐9C購01,0,0,0,0,0,0,0,0,0,83000,0,0,0,83000,0,83000,83000
062012,燿華富邦9C購01  ,0,0,0,0,0,0,0,0,0,83000,0,0,0,215000,132000,83000,83000
062097,台光電永豐9B購01,0,0,0,0,0,0,0,0,0,83000,0,0,0,83000,0,83000,83000
061873,友達元大9C購07  ,0,0,0,0,0,0,0,0,0,83000,0,0,0,110000,27000,83000,83000
062641,瀚宇博國票9B購01,0,0,0,0,0,0,0,0,0,83000,0,0,0,310000,227000,83000,83000
065281,和大群益01購02  ,0,0,0,0,0,0,0,0,0,83000,0,0,0,84000,1000,83000,83000
065167,華通元大02購01  ,0,0,0,0,0,0,0,0,0,83000,0,0,0,240000,157000,83000,83000
066355,惠特永豐01購01  ,0,0,0,0,0,0,0,0,0,83000,0,0,0,149000,66000,83000,83000
066849,神達元大01購01  ,0,0,0,0,0,0,0,0,0,83000,0,0,0,163000,80000,83000,83000
2836,高雄銀          ,195000,112000,83000,0,0,0,0,0,0,0,0,0,0,0,0,0,83000
068879,TPK凱基02購03   ,0,0,0,0,0,0,0,0,0,82000,0,0,0,85000,3000,82000,82000
058139,臻鼎元大99購01  ,0,0,0,0,0,0,0,0,0,82000,0,0,0,82000,0,82000,82000
061926,晶技凱基9B購02  ,0,0,0,0,0,0,0,0,0,82000,0,0,0,98000,16000,82000,82000
065027,玉晶光中信03購01,0,0,0,0,0,0,0,0,0,82000,0,0,0,209000,127000,82000,82000
062346,智邦群益9B購02  ,0,0,0,0,0,0,0,0,0,82000,0,0,0,163000,81000,82000,82000
063626,聚陽元大9B購03  ,0,0,0,0,0,0,0,0,0,82000,0,0,0,88000,6000,82000,82000
066870,宏達電元富01購01,0,0,0,0,0,0,0,0,0,82000,0,0,0,82000,0,82000,82000
066892,台積電兆豐03購01,0,0,0,0,0,0,0,0,0,82000,0,0,0,82000,0,82000,82000
067751,臺股指元大01購15,0,0,0,0,0,0,0,0,0,82000,0,0,0,102000,20000,82000,82000
067202,聚陽元大01購02  ,0,0,0,0,0,0,0,0,0,82000,0,0,0,132000,50000,82000,82000
065116,臺股指國票9C購13,0,0,0,0,0,0,0,0,0,82000,0,0,0,82000,0,82000,82000
065742,宏達電麥證9C購01,0,0,0,97000,7000,90000,0,0,0,82000,0,0,0,104000,22000,82000,82000
3338,泰碩            ,180000,125000,55000,0,0,0,0,0,0,27000,0,4000,-4000,53000,22000,31000,82000
4540,全球傳動        ,111000,29000,82000,0,0,0,0,0,0,0,0,0,0,0,0,0,82000
08899P,台積電群益01售16,0,0,0,0,0,0,0,0,0,82000,0,0,0,347000,265000,82000,82000
6412,群電            ,419000,232682,186318,0,0,0,0,172000,-172000,67000,68000,1000,67000,2000,2000,0,81318
068670,台積電統一03購12,0,0,0,0,0,0,0,0,0,81000,0,0,0,829000,748000,81000,81000
069278,晶技永豐02購02  ,0,0,0,0,0,0,0,0,0,81000,0,0,0,111000,30000,81000,81000
057925,貿聯凱基99購01  ,0,0,0,0,0,0,0,0,0,81000,0,0,0,90000,9000,81000,81000
060666,聯茂凱基9A購02  ,0,0,0,0,0,0,0,0,0,81000,0,0,0,94000,13000,81000,81000
064511,GIS元大9C購05   ,0,0,0,0,0,0,0,0,0,81000,0,0,0,180000,99000,81000,81000
056894,佳世達元大99購01,0,0,0,0,0,0,0,0,0,81000,0,0,0,81000,0,81000,81000
064272,鴻海元大9C購09  ,0,0,0,0,0,0,0,0,0,81000,0,0,0,81000,0,81000,81000
6283,淳安            ,96000,16000,80000,0,0,0,0,0,0,1000,1000,0,1000,0,0,0,81000
2034,允強            ,103000,41000,62000,0,0,0,0,0,0,19000,19000,0,19000,0,0,0,81000
069445,美律元富08購01  ,0,0,0,0,0,0,0,0,0,80000,0,0,0,100000,20000,80000,80000
069417,玉晶光統一03購05,0,0,0,0,0,0,0,0,0,80000,0,0,0,80000,0,80000,80000
069613,華通統一03購01  ,0,0,0,0,0,0,0,0,0,80000,0,0,0,400000,320000,80000,80000
07358P,鴻海元大99售39  ,0,0,0,0,0,0,0,0,0,80000,0,0,0,80000,0,80000,80000
068626,帆宣群益02購01  ,0,0,0,0,0,0,0,0,0,80000,0,0,0,80000,0,80000,80000
060855,華新科富邦01購01,0,0,0,0,0,0,0,0,0,80000,0,0,0,120000,40000,80000,80000
060242,潤泰全元大9C購01,0,0,0,0,0,0,0,0,0,80000,0,0,0,107000,27000,80000,80000
054592,美律永昌9A購01  ,0,0,0,0,0,0,0,0,0,80000,0,0,0,80000,0,80000,80000
055817,京鼎國票99購01  ,0,0,0,0,0,0,0,0,0,80000,0,0,0,102000,22000,80000,80000
03115P,玉晶光第一01售01,0,0,0,0,0,0,0,0,0,80000,0,0,0,80000,0,80000,80000
01009T,王道圓滿R1      ,0,0,0,0,0,0,0,0,0,80000,80000,0,80000,0,0,0,80000
059781,A50正2元大9C購03,0,0,0,0,0,0,0,0,0,80000,0,0,0,80000,0,80000,80000
057945,京鼎國票99購03  ,0,0,0,0,0,0,0,0,0,80000,0,0,0,186000,106000,80000,80000
060934,台汽電永豐9A購02,0,0,0,0,0,0,0,0,0,80000,0,0,0,80000,0,80000,80000
061663,南六永豐9A購05  ,0,0,0,0,0,0,0,0,0,80000,0,0,0,82000,2000,80000,80000
063637,聯發科元大9C購02,0,0,0,0,0,0,0,0,0,80000,0,0,0,120000,40000,80000,80000
064063,健策國泰01購02  ,0,0,0,0,0,0,0,0,0,80000,0,0,0,87000,7000,80000,80000
064714,和大統一02購02  ,0,0,0,0,0,0,0,0,0,80000,0,0,0,80000,0,80000,80000
065451,台表科統一02購04,0,0,0,0,0,0,0,0,0,80000,0,0,0,1234000,1154000,80000,80000
2484,希華            ,425000,346000,79000,0,0,0,0,0,0,1000,1000,0,1000,0,0,0,80000
2538,基泰            ,145000,64000,81000,0,0,0,0,0,0,-1000,0,1000,-1000,0,0,0,80000
068975,瑞昱元大02購03  ,0,0,0,0,0,0,0,0,0,79000,0,0,0,450000,371000,79000,79000
058772,茂林兆豐9A購01  ,0,0,0,0,0,0,0,0,0,79000,0,0,0,120000,41000,79000,79000
064562,友達群益9C購03  ,0,0,0,0,0,0,0,0,0,79000,0,0,0,79000,0,79000,79000
061859,勤誠國票9B購01  ,0,0,0,0,0,0,0,0,0,79000,0,0,0,115000,36000,79000,79000
063504,國巨群益9C購06  ,0,0,0,0,0,0,0,0,0,79000,0,0,0,103000,24000,79000,79000
065819,京鼎元富03購01  ,0,0,0,0,0,0,0,0,0,79000,0,0,0,403000,324000,79000,79000
067364,緯穎群益01購05  ,0,0,0,0,0,0,0,0,0,79000,0,0,0,96000,17000,79000,79000
067668,金像電元大01購02,0,0,0,0,0,0,0,0,0,79000,0,0,0,79000,0,79000,79000
067500,台表科元大01購03,0,0,0,0,0,0,0,0,0,79000,0,0,0,460000,381000,79000,79000
3494,誠研            ,80000,1000,79000,0,0,0,0,0,0,0,0,0,0,0,0,0,79000
069073,美利達中信03購02,0,0,0,0,0,0,0,0,0,78000,0,0,0,107000,29000,78000,78000
068230,亞光元富04購01  ,0,0,0,0,0,0,0,0,0,78000,0,0,0,91000,13000,78000,78000
07579P,聯茂元大9A售01  ,0,0,0,0,0,0,0,0,0,78000,0,0,0,100000,22000,78000,78000
069471,同欣電國票03購01,0,0,0,0,0,0,0,0,0,78000,0,0,0,111000,33000,78000,78000
057878,台郡元大99購04  ,0,0,0,0,0,0,0,0,0,78000,0,0,0,78000,0,78000,78000
055916,奇鋐凱基99購01  ,0,0,0,0,0,0,0,0,0,78000,0,0,0,158000,80000,78000,78000
064097,友訊群益9C購01  ,0,0,0,0,0,0,0,0,0,78000,0,0,0,78000,0,78000,78000
064175,華通國泰02購01  ,0,0,0,0,0,0,0,0,0,78000,0,0,0,78000,0,78000,78000
064404,奇力新凱基02購01,0,0,0,0,0,0,0,0,0,78000,0,0,0,179000,101000,78000,78000
062016,美食永豐9B購01  ,0,0,0,0,0,0,0,0,0,78000,0,0,0,88000,10000,78000,78000
063154,南六元富9B購02  ,0,0,0,0,0,0,0,0,0,78000,0,0,0,78000,0,78000,78000
065082,台光電元大9C購04,0,0,0,0,0,0,0,0,0,78000,0,0,0,78000,0,78000,78000
07898P,國巨國泰9C售02  ,0,0,0,0,0,0,0,0,0,77000,0,0,0,87000,10000,77000,77000
08132P,南六元大9B售05  ,0,0,0,0,0,0,0,0,0,77000,0,0,0,77000,0,77000,77000
056124,華通國票98購02  ,0,0,0,0,0,0,0,0,0,77000,0,0,0,77000,0,77000,77000
060919,滬深2X富邦9B購01,0,0,0,0,0,0,0,0,0,77000,0,0,0,80000,3000,77000,77000
060732,玉晶光群益9C購02,0,0,0,0,0,0,0,0,0,77000,0,0,0,94000,17000,77000,77000
058448,滬深2X永豐9A購01,0,0,0,0,0,0,0,0,0,77000,0,0,0,77000,0,77000,77000
064196,健策群益01購01  ,0,0,0,0,0,0,0,0,0,77000,0,0,0,104000,27000,77000,77000
063505,奇力新群益9B購03,0,0,0,0,0,0,0,0,0,77000,0,0,0,77000,0,77000,77000
063612,金像電群益9B購04,0,0,0,0,0,0,0,0,0,77000,0,0,0,251000,174000,77000,77000
065446,宏達電統一9C購02,0,0,0,0,0,0,0,0,0,77000,0,0,0,123000,46000,77000,77000
066400,健策凱基02購02  ,0,0,0,0,0,0,0,0,0,77000,0,0,0,150000,73000,77000,77000
066217,美利達統一03購01,0,0,0,0,0,0,0,0,0,77000,0,0,0,152000,75000,77000,77000
067241,信邦群益01購01  ,0,0,0,0,0,0,0,0,0,77000,0,0,0,77000,0,77000,77000
4942,嘉彰            ,137000,100000,37000,0,0,0,0,0,0,40000,40000,0,40000,0,0,0,77000
08840P,臺股指麥證01售07,0,0,0,262000,185000,77000,0,0,0,77000,0,0,0,262000,185000,77000,77000
07856P,力成凱基9A售02  ,0,0,0,0,0,0,0,0,0,76000,0,0,0,100000,24000,76000,76000
069282,崇越永豐02購01  ,0,0,0,0,0,0,0,0,0,76000,0,0,0,76000,0,76000,76000
068497,緯創元大01購05  ,0,0,0,0,0,0,0,0,0,76000,0,0,0,76000,0,76000,76000
067626,聚陽永豐01購01  ,0,0,0,0,0,0,0,0,0,76000,0,0,0,294000,218000,76000,76000
066829,奇力新群益01購01,0,0,0,0,0,0,0,0,0,76000,0,0,0,76000,0,76000,76000
067004,義隆永豐01購01  ,0,0,0,0,0,0,0,0,0,76000,0,0,0,77000,1000,76000,76000
066431,台郡元大02購01  ,0,0,0,0,0,0,0,0,0,76000,0,0,0,86000,10000,76000,76000
065502,康友富邦03購01  ,0,0,0,0,0,0,0,0,0,76000,0,0,0,76000,0,76000,76000
065211,世芯國票01購03  ,0,0,0,0,0,0,0,0,0,76000,0,0,0,127000,51000,76000,76000
2017,官田鋼          ,123000,47000,76000,0,0,0,0,0,0,0,0,0,0,0,0,0,76000
1339,昭輝            ,28000,2000,26000,0,0,0,0,0,0,50000,50000,0,50000,0,0,0,76000
2536,宏普            ,240000,223000,17000,0,0,0,0,0,0,59000,67000,8000,59000,0,0,0,76000
068810,T50反1元大02購02,0,0,0,0,0,0,0,0,0,75000,0,0,0,255000,180000,75000,75000
068318,中興電元大01購01,0,0,0,0,0,0,0,0,0,75000,0,0,0,847000,772000,75000,75000
08093P,英業達元富9B售02,0,0,0,0,0,0,0,0,0,75000,0,0,0,92000,17000,75000,75000
08368P,台積電兆豐9C售04,0,0,0,0,0,0,0,0,0,75000,0,0,0,85000,10000,75000,75000
058054,台積電統一9C購01,0,0,0,0,0,0,0,0,0,75000,0,0,0,75000,0,75000,75000
060110,茂林元大99購06  ,0,0,0,0,0,0,0,0,0,75000,0,0,0,75000,0,75000,75000
060384,葡萄王凱基9B購01,0,0,0,0,0,0,0,0,0,75000,0,0,0,75000,0,75000,75000
062826,奇力新群益9C購01,0,0,0,0,0,0,0,0,0,75000,0,0,0,255000,180000,75000,75000
061905,上証反中信03購01,0,0,0,0,0,0,0,0,0,75000,0,0,0,102000,27000,75000,75000
064686,鴻海群益01購03  ,0,0,0,0,0,0,0,0,0,75000,0,0,0,81000,6000,75000,75000
065351,中租統一02購02  ,0,0,0,0,0,0,0,0,0,75000,0,0,0,255000,180000,75000,75000
066340,敦泰永豐01購01  ,0,0,0,0,0,0,0,0,0,75000,0,0,0,208000,133000,75000,75000
065906,瑞昱永豐9C購01  ,0,0,0,0,0,0,0,0,0,75000,0,0,0,100000,25000,75000,75000
066625,瑞昱凱基02購01  ,0,0,0,0,0,0,0,0,0,75000,0,0,0,259000,184000,75000,75000
067620,聚陽國泰02購01  ,0,0,0,0,0,0,0,0,0,75000,0,0,0,75000,0,75000,75000
067438,緯穎凱基01購03  ,0,0,0,0,0,0,0,0,0,75000,0,0,0,294000,219000,75000,75000
08458P,南電元大9C售04  ,0,0,0,0,0,0,0,0,0,74000,0,0,0,260000,186000,74000,74000
069466,欣興國票03購04  ,0,0,0,0,0,0,0,0,0,74000,0,0,0,90000,16000,74000,74000
068569,健策元大01購13  ,0,0,0,0,0,0,0,0,0,74000,0,0,0,169000,95000,74000,74000
058688,矽創凱基9A購01  ,0,0,0,0,0,0,0,0,0,74000,0,0,0,74000,0,74000,74000
060583,南亞科元富9A購05,0,0,0,0,0,0,0,0,0,74000,0,0,0,74000,0,74000,74000
064366,群創統一01購01  ,0,0,0,0,0,0,0,0,0,74000,0,0,0,95000,21000,74000,74000
062939,奇力新凱基9B購02,0,0,0,0,0,0,0,0,0,74000,0,0,0,74000,0,74000,74000
062801,宏達電統一01購01,0,0,0,0,0,0,0,0,0,74000,0,0,0,84000,10000,74000,74000
066484,瑞昱元富07購01  ,0,0,0,0,0,0,0,0,0,74000,0,0,0,76000,2000,74000,74000
064928,同欣電統一01購02,0,0,0,0,0,0,0,0,0,74000,0,0,0,773000,699000,74000,74000
2038,海光            ,187000,113000,74000,0,0,0,0,0,0,0,0,0,0,0,0,0,74000
068212,GIS凱基02購04   ,0,0,0,0,0,0,0,0,0,73000,0,0,0,100000,27000,73000,73000
068049,玉晶光統一01購13,0,0,0,0,0,0,0,0,0,73000,0,0,0,86000,13000,73000,73000
069090,長興統一02購01  ,0,0,0,0,0,0,0,0,0,73000,0,0,0,73000,0,73000,73000
069116,金像電群益02購02,0,0,0,0,0,0,0,0,0,73000,0,0,0,93000,20000,73000,73000
057369,奇力新元大99購05,0,0,0,0,0,0,0,0,0,73000,0,0,0,73000,0,73000,73000
055902,同欣電中信99購01,0,0,0,0,0,0,0,0,0,73000,0,0,0,120000,47000,73000,73000
056213,建準國票98購02  ,0,0,0,0,0,0,0,0,0,73000,0,0,0,73000,0,73000,73000
064304,信邦兆豐01購01  ,0,0,0,0,0,0,0,0,0,73000,0,0,0,138000,65000,73000,73000
062972,京元電元富9B購01,0,0,0,0,0,0,0,0,0,73000,0,0,0,251000,178000,73000,73000
063331,瑞儀國票9C購01  ,0,0,0,0,0,0,0,0,0,73000,0,0,0,127000,54000,73000,73000
065179,同欣電元大02購01,0,0,0,0,0,0,0,0,0,73000,0,0,0,154000,81000,73000,73000
065404,玉晶光國泰02購03,0,0,0,0,0,0,0,0,0,73000,0,0,0,1322000,1249000,73000,73000
065914,智邦凱基02購03  ,0,0,0,0,0,0,0,0,0,73000,0,0,0,221000,148000,73000,73000
066420,宏達電元大02購01,0,0,0,0,0,0,0,0,0,73000,0,0,0,112000,39000,73000,73000
067248,帆宣群益01購01  ,0,0,0,0,0,0,0,0,0,73000,0,0,0,73000,0,73000,73000
08377P,臻鼎元富9C售02  ,0,0,0,0,0,0,0,0,0,72000,0,0,0,110000,38000,72000,72000
068706,國產國票03購01  ,0,0,0,0,0,0,0,0,0,72000,0,0,0,402000,330000,72000,72000
064379,TPK元富9C購01   ,0,0,0,0,0,0,0,0,0,72000,0,0,0,113000,41000,72000,72000
064342,晶技元大9C購01  ,0,0,0,0,0,0,0,0,0,72000,0,0,0,120000,48000,72000,72000
063465,友達元大9C購10  ,0,0,0,0,0,0,0,0,0,72000,0,0,0,72000,0,72000,72000
058525,台虹元大99購02  ,0,0,0,0,0,0,0,0,0,72000,0,0,0,72000,0,72000,72000
064068,義隆永豐9C購01  ,0,0,0,0,0,0,0,0,0,72000,0,0,0,184000,112000,72000,72000
065902,燿華富邦02購01  ,0,0,0,0,0,0,0,0,0,72000,0,0,0,357000,285000,72000,72000
065802,義隆群益9C購05  ,0,0,0,0,0,0,0,0,0,72000,0,0,0,168000,96000,72000,72000
064924,健策統一9C購05  ,0,0,0,0,0,0,0,0,0,72000,0,0,0,72000,0,72000,72000
065437,台表科凱基9C購03,0,0,0,0,0,0,0,0,0,72000,0,0,0,72000,0,72000,72000
065727,冠德凱基9C購01  ,0,0,0,0,0,0,0,0,0,72000,0,0,0,72000,0,72000,72000
1108,幸福            ,139000,71000,68000,0,0,0,0,0,0,4000,4000,0,4000,0,0,0,72000
08730P,緯穎永豐01售02  ,0,0,0,0,0,0,0,0,0,72000,0,0,0,72000,0,72000,72000
6573,虹揚-KY         ,72000,1000,71000,0,0,0,0,0,0,1000,1000,0,1000,0,0,0,72000
068021,泰鼎國票02購01  ,0,0,0,0,0,0,0,0,0,71000,0,0,0,71000,0,71000,71000
069281,泰鼎永豐02購01  ,0,0,0,0,0,0,0,0,0,71000,0,0,0,75000,4000,71000,71000
069253,晶技凱基02購03  ,0,0,0,0,0,0,0,0,0,71000,0,0,0,71000,0,71000,71000
057947,和碩國票99購01  ,0,0,0,0,0,0,0,0,0,71000,0,0,0,139000,68000,71000,71000
03241P,聯電統一02售03  ,0,0,0,0,0,0,0,0,0,71000,0,0,0,138000,67000,71000,71000
056689,玉晶光統一9A購03,0,0,0,0,0,0,0,0,0,71000,0,0,0,74000,3000,71000,71000
053882,聯發科中信98購02,0,0,0,0,0,0,0,0,0,71000,0,0,0,71000,0,71000,71000
063873,南六永豐9C購01  ,0,0,0,0,0,0,0,0,0,71000,0,0,0,71000,0,71000,71000
062488,台光電永豐9B購02,0,0,0,0,0,0,0,0,0,71000,0,0,0,71000,0,71000,71000
065052,南六凱基02購02  ,0,0,0,0,0,0,0,0,0,71000,0,0,0,121000,50000,71000,71000
065432,景碩凱基9C購03  ,0,0,0,0,0,0,0,0,0,71000,0,0,0,79000,8000,71000,71000
065180,台表科元大9C購10,0,0,0,0,0,0,0,0,0,71000,0,0,0,273000,202000,71000,71000
066747,台郡元大01購03  ,0,0,0,0,0,0,0,0,0,71000,0,0,0,78000,7000,71000,71000
067863,國巨元大02購05  ,0,0,0,0,0,0,0,0,0,70000,0,0,0,70000,0,70000,70000
068436,聯發科凱基03購06,0,0,0,0,0,0,0,0,0,70000,0,0,0,70000,0,70000,70000
03028P,玉晶光元大01售11,0,0,0,0,0,0,0,0,0,70000,0,0,0,70000,0,70000,70000
020008,元大特股高息N   ,0,0,0,0,0,0,0,0,0,70000,0,0,0,206000,136000,70000,70000
056479,玉晶光元大99購05,0,0,0,0,0,0,0,0,0,70000,0,0,0,101000,31000,70000,70000
057993,中環中信98購01  ,0,0,0,0,0,0,0,0,0,70000,0,0,0,100000,30000,70000,70000
064354,同欣電元大9C購05,0,0,0,0,0,0,0,0,0,70000,0,0,0,125000,55000,70000,70000
064869,景碩永豐9C購01  ,0,0,0,0,0,0,0,0,0,70000,0,0,0,78000,8000,70000,70000
062639,臻鼎國票9C購01  ,0,0,0,0,0,0,0,0,0,70000,0,0,0,70000,0,70000,70000
061049,奇力新中信9A購02,0,0,0,0,0,0,0,0,0,70000,0,0,0,76000,6000,70000,70000
064231,鴻海統一01購03  ,0,0,0,0,0,0,0,0,0,70000,0,0,0,70000,0,70000,70000
062124,大立光統一9B購09,0,0,0,0,0,0,0,0,0,70000,0,0,0,70000,0,70000,70000
062201,臺指反國票9B購05,0,0,0,0,0,0,0,0,0,70000,0,0,0,70000,0,70000,70000
062383,大立光國泰01購01,0,0,0,0,0,0,0,0,0,70000,0,0,0,120000,50000,70000,70000
066798,燿華凱基02購02  ,0,0,0,0,0,0,0,0,0,70000,0,0,0,70000,0,70000,70000
067216,健策元大01購09  ,0,0,0,0,0,0,0,0,0,70000,0,0,0,195000,125000,70000,70000
067397,欣興永豐01購03  ,0,0,0,0,0,0,0,0,0,70000,0,0,0,70000,0,70000,70000
067336,中信金凱基01購01,0,0,0,0,0,0,0,0,0,70000,0,0,0,70000,0,70000,70000
065204,神隆國票01購01  ,0,0,0,0,0,0,0,0,0,70000,0,0,0,102000,32000,70000,70000
065435,臻鼎凱基02購01  ,0,0,0,0,0,0,0,0,0,70000,0,0,0,110000,40000,70000,70000
065460,嘉聯益台新9C購01,0,0,0,0,0,0,0,0,0,70000,0,0,0,234000,164000,70000,70000
065676,臻鼎凱基9C購04  ,0,0,0,0,0,0,0,0,0,70000,0,0,0,70000,0,70000,70000
08834P,聯發科統一01售11,0,0,0,0,0,0,0,0,0,70000,0,0,0,70000,0,70000,70000
1473,台南            ,89000,18000,71000,0,0,0,0,0,0,-1000,0,1000,-1000,0,0,0,70000
068686,瑞儀中信02購01  ,0,0,0,0,0,0,0,0,0,69000,0,0,0,249000,180000,69000,69000
069461,大毅兆豐03購01  ,0,0,0,0,0,0,0,0,0,69000,0,0,0,233000,164000,69000,69000
059714,A50正2元大9C購01,0,0,0,0,0,0,0,0,0,69000,0,0,0,69000,0,69000,69000
03048P,南電國票03售01  ,0,0,0,0,0,0,0,0,0,69000,0,0,0,69000,0,69000,69000
061903,宏全永豐9B購01  ,0,0,0,0,0,0,0,0,0,69000,0,0,0,69000,0,69000,69000
064874,和大兆豐9C購01  ,0,0,0,0,0,0,0,0,0,69000,0,0,0,169000,100000,69000,69000
063142,奇力新統一9C購04,0,0,0,0,0,0,0,0,0,69000,0,0,0,69000,0,69000,69000
061625,聯茂群益9A購02  ,0,0,0,0,0,0,0,0,0,69000,0,0,0,69000,0,69000,69000
065220,義隆富邦01購02  ,0,0,0,0,0,0,0,0,0,69000,0,0,0,124000,55000,69000,69000
067269,眾達永豐01購02  ,0,0,0,0,0,0,0,0,0,69000,0,0,0,69000,0,69000,69000
08779P,旺宏群益01售04  ,0,0,0,0,0,0,0,0,0,69000,0,0,0,70000,1000,69000,69000
2347,聯強            ,1467703,1277275,190428,0,0,0,4000,0,4000,-126000,41000,24000,17000,45000,188000,-143000,68428
068761,興勤永豐02購01  ,0,0,0,0,0,0,0,0,0,68000,0,0,0,265000,197000,68000,68000
068583,信邦永豐01購01  ,0,0,0,0,0,0,0,0,0,68000,0,0,0,68000,0,68000,68000
068140,鴻海元大01購24  ,0,0,0,0,0,0,0,0,0,68000,0,0,0,68000,0,68000,68000
055446,奇力新統一9A購01,0,0,0,0,0,0,0,0,0,68000,0,0,0,68000,0,68000,68000
060454,葡萄王元大9A購01,0,0,0,0,0,0,0,0,0,68000,0,0,0,68000,0,68000,68000
060234,凱美元大9C購01  ,0,0,0,0,0,0,0,0,0,68000,0,0,0,90000,22000,68000,68000
064509,台表科元大9C購08,0,0,0,0,0,0,0,0,0,68000,0,0,0,188000,120000,68000,68000
061606,景碩凱基9A購02  ,0,0,0,0,0,0,0,0,0,68000,0,0,0,72000,4000,68000,68000
061105,宏達電元大9A購04,0,0,0,0,0,0,0,0,0,68000,0,0,0,78000,10000,68000,68000
061273,臺股指凱基9A購23,0,0,0,0,0,0,0,0,0,68000,0,0,0,150000,82000,68000,68000
063117,聯茂麥證9B購01  ,0,0,0,68000,0,68000,0,0,0,68000,0,0,0,68000,0,68000,68000
064809,冠德元大9C購01  ,0,0,0,0,0,0,0,0,0,68000,0,0,0,384000,316000,68000,68000
064758,可成凱基02購02  ,0,0,0,0,0,0,0,0,0,68000,0,0,0,68000,0,68000,68000
064581,葡萄王永豐9C購01,0,0,0,0,0,0,0,0,0,68000,0,0,0,68000,0,68000,68000
064648,臻鼎凱基9C購02  ,0,0,0,0,0,0,0,0,0,68000,0,0,0,90000,22000,68000,68000
062040,玉晶光凱基01購01,0,0,0,0,0,0,0,0,0,68000,0,0,0,109000,41000,68000,68000
067512,台郡統一02購03  ,0,0,0,0,0,0,0,0,0,68000,0,0,0,123000,55000,68000,68000
066531,智伸科元富01購01,0,0,0,0,0,0,0,0,0,68000,0,0,0,168000,100000,68000,68000
065232,健策凱基02購01  ,0,0,0,0,0,0,0,0,0,68000,0,0,0,276000,208000,68000,68000
066052,景碩元大02購01  ,0,0,0,0,0,0,0,0,0,68000,0,0,0,175000,107000,68000,68000
066449,瀚宇博群益01購01,0,0,0,0,0,0,0,0,0,68000,0,0,0,280000,212000,68000,68000
066311,生達永豐01購01  ,0,0,0,0,0,0,0,0,0,68000,0,0,0,68000,0,68000,68000
068609,華擎凱基03購01  ,0,0,0,0,0,0,0,0,0,67000,0,0,0,291000,224000,67000,67000
069571,欣興凱基02購09  ,0,0,0,0,0,0,0,0,0,67000,0,0,0,345000,278000,67000,67000
060642,華擎永豐9A購02  ,0,0,0,0,0,0,0,0,0,67000,0,0,0,328000,261000,67000,67000
064399,和大凱基02購01  ,0,0,0,0,0,0,0,0,0,67000,0,0,0,67000,0,67000,67000
064000,台郡兆豐9C購01  ,0,0,0,0,0,0,0,0,0,67000,0,0,0,67000,0,67000,67000
064644,台光電凱基9C購01,0,0,0,0,0,0,0,0,0,67000,0,0,0,67000,0,67000,67000
064850,智原元富9C購01  ,0,0,0,0,0,0,0,0,0,67000,0,0,0,136000,69000,67000,67000
068586,奇力新台新01購01,0,0,0,0,0,0,0,0,0,66000,0,0,0,69000,3000,66000,66000
068228,聯發科元富07購08,0,0,0,0,0,0,0,0,0,66000,0,0,0,229000,163000,66000,66000
067877,T50反1群益01購07,0,0,0,0,0,0,0,0,0,66000,0,0,0,95000,29000,66000,66000
068105,GIS永豐01購01   ,0,0,0,0,0,0,0,0,0,66000,0,0,0,74000,8000,66000,66000
057740,茂林富邦9A購01  ,0,0,0,0,0,0,0,0,0,66000,0,0,0,80000,14000,66000,66000
064959,巨大凱基9C購02  ,0,0,0,0,0,0,0,0,0,66000,0,0,0,176000,110000,66000,66000
061902,百和永豐9B購01  ,0,0,0,0,0,0,0,0,0,66000,0,0,0,70000,4000,66000,66000
061325,晶技凱基9A購03  ,0,0,0,0,0,0,0,0,0,66000,0,0,0,66000,0,66000,66000
066248,長興元大01購01  ,0,0,0,0,0,0,0,0,0,66000,0,0,0,66000,0,66000,66000
065521,貿聯群益9C購04  ,0,0,0,0,0,0,0,0,0,66000,0,0,0,138000,72000,66000,66000
067559,高鐵國票02購01  ,0,0,0,0,0,0,0,0,0,66000,0,0,0,73000,7000,66000,66000
067301,漢唐元大01購02  ,0,0,0,0,0,0,0,0,0,66000,0,0,0,66000,0,66000,66000
3607,谷崧            ,71000,6000,65000,0,0,0,0,0,0,1000,1000,0,1000,0,0,0,66000
068039,鎧勝元富07購01  ,0,0,0,0,0,0,0,0,0,65000,0,0,0,96000,31000,65000,65000
068437,宏達電凱基01購03,0,0,0,0,0,0,0,0,0,65000,0,0,0,87000,22000,65000,65000
068351,鴻海凱基04購01  ,0,0,0,0,0,0,0,0,0,65000,0,0,0,115000,50000,65000,65000
068613,帆宣凱基01購02  ,0,0,0,0,0,0,0,0,0,65000,0,0,0,70000,5000,65000,65000
068772,欣興統一04購01  ,0,0,0,0,0,0,0,0,0,65000,0,0,0,85000,20000,65000,65000
068901,嘉聯益元大02購02,0,0,0,0,0,0,0,0,0,65000,0,0,0,488000,423000,65000,65000
057916,國巨凱基98購13  ,0,0,0,0,0,0,0,0,0,65000,0,0,0,65000,0,65000,65000
058608,華新科元大99購13,0,0,0,0,0,0,0,0,0,65000,0,0,0,65000,0,65000,65000
061378,南六永豐9A購03  ,0,0,0,0,0,0,0,0,0,65000,0,0,0,65000,0,65000,65000
063980,智易兆豐9C購02  ,0,0,0,0,0,0,0,0,0,65000,0,0,0,221000,156000,65000,65000
064083,群創中信06購01  ,0,0,0,0,0,0,0,0,0,65000,0,0,0,102000,37000,65000,65000
062343,中石化群益9B購01,0,0,0,0,0,0,0,0,0,65000,0,0,0,621000,556000,65000,65000
062568,緯穎中信9C購01  ,0,0,0,0,0,0,0,0,0,65000,0,0,0,100000,35000,65000,65000
067221,台表科元大01購02,0,0,0,0,0,0,0,0,0,65000,0,0,0,408000,343000,65000,65000
06716P,台積電元大9A售02,0,0,0,0,0,0,0,0,0,65000,0,0,0,690000,625000,65000,65000
066905,台積電凱基03購03,0,0,0,0,0,0,0,0,0,65000,0,0,0,65000,0,65000,65000
065126,世芯永豐9C購02  ,0,0,0,0,0,0,0,0,0,65000,0,0,0,103000,38000,65000,65000
066137,智易群益01購01  ,0,0,0,0,0,0,0,0,0,65000,0,0,0,190000,125000,65000,65000
066018,南六元富03購02  ,0,0,0,0,0,0,0,0,0,65000,0,0,0,87000,22000,65000,65000
065940,立積群益02購01  ,0,0,0,0,0,0,0,0,0,65000,0,0,0,67000,2000,65000,65000
4141,龍燈-KY         ,73000,8000,65000,0,0,0,0,0,0,0,0,0,0,0,0,0,65000
068880,茂林凱基03購02  ,0,0,0,0,0,0,0,0,0,64000,0,0,0,122000,58000,64000,64000
068992,日電貿永豐02購01,0,0,0,0,0,0,0,0,0,64000,0,0,0,148000,84000,64000,64000
068262,南電富邦03購01  ,0,0,0,0,0,0,0,0,0,64000,0,0,0,123000,59000,64000,64000
058534,友達統一9B購01  ,0,0,0,0,0,0,0,0,0,64000,0,0,0,113000,49000,64000,64000
058405,訊連元大99購02  ,0,0,0,0,0,0,0,0,0,64000,0,0,0,64000,0,64000,64000
03128P,玉晶光國泰03售04,0,0,0,0,0,0,0,0,0,64000,0,0,0,74000,10000,64000,64000
03371P,聯電元大02售07  ,0,0,0,0,0,0,0,0,0,64000,0,0,0,85000,21000,64000,64000
060297,和碩元大9A購02  ,0,0,0,0,0,0,0,0,0,64000,0,0,0,84000,20000,64000,64000
052152,創意富邦98購01  ,0,0,0,0,0,0,0,0,0,64000,0,0,0,64000,0,64000,64000
062886,中興電群益9B購01,80000,20000,60000,0,0,0,0,0,0,4000,0,0,0,371000,367000,4000,64000
061491,嘉聯益兆豐9B購01,0,0,0,0,0,0,0,0,0,64000,0,0,0,64000,0,64000,64000
062660,神隆群益9B購02  ,0,0,0,0,0,0,0,0,0,64000,0,0,0,250000,186000,64000,64000
065924,東元國票02購01  ,0,0,0,0,0,0,0,0,0,64000,0,0,0,254000,190000,64000,64000
066513,精元永豐01購02  ,0,0,0,0,0,0,0,0,0,64000,0,0,0,73000,9000,64000,64000
067293,智伸科兆豐03購01,0,0,0,0,0,0,0,0,0,64000,0,0,0,144000,80000,64000,64000
067601,金像電凱基01購04,0,0,0,0,0,0,0,0,0,64000,0,0,0,180000,116000,64000,64000
068478,瑞儀群益01購02  ,0,0,0,0,0,0,0,0,0,63000,0,0,0,457000,394000,63000,63000
069113,鴻海群益03購01  ,0,0,0,0,0,0,0,0,0,63000,0,0,0,85000,22000,63000,63000
069138,佳世達永豐02購01,0,0,0,0,0,0,0,0,0,63000,0,0,0,97000,34000,63000,63000
08105P,景碩元大9B售01  ,0,0,0,0,0,0,0,0,0,63000,0,0,0,63000,0,63000,63000
03662C,FBVIX凱基03牛01 ,0,0,0,0,0,0,0,0,0,63000,0,0,0,72000,9000,63000,63000
058309,大毅元大99購02  ,0,0,0,0,0,0,0,0,0,63000,0,0,0,74000,11000,63000,63000
065058,東元群益9C購01  ,0,0,0,0,0,0,0,0,0,63000,0,0,0,111000,48000,63000,63000
063388,台光電兆豐9C購01,0,0,0,0,0,0,0,0,0,63000,0,0,0,63000,0,63000,63000
063131,聯茂元大9B購03  ,0,0,0,0,0,0,0,0,0,63000,0,0,0,63000,0,63000,63000
062562,瑞儀凱基9B購02  ,0,0,0,0,0,0,0,0,0,63000,0,0,0,63000,0,63000,63000
064264,智伸科永豐9C購01,0,0,0,0,0,0,0,0,0,63000,0,0,0,64000,1000,63000,63000
066530,美律元富04購01  ,10000,0,10000,0,0,0,0,0,0,53000,0,0,0,75000,22000,53000,63000
3090,日電貿          ,163000,92000,71000,0,0,0,0,0,0,-8000,2000,0,2000,0,10000,-10000,63000
08762P,南六元大01售03  ,0,0,0,0,0,0,0,0,0,63000,0,0,0,163000,100000,63000,63000
067831,聯電統一03購01  ,0,0,0,0,0,0,0,0,0,62000,0,0,0,133000,71000,62000,62000
058455,玉晶光永豐99購03,0,0,0,0,0,0,0,0,0,62000,0,0,0,81000,19000,62000,62000
064314,信邦群益9C購01  ,0,0,0,0,0,0,0,0,0,62000,0,0,0,62000,0,62000,62000
062050,亞德客統一9C購01,0,0,0,0,0,0,0,0,0,62000,0,0,0,62000,0,62000,62000
064173,國產元富9C購01  ,0,0,0,0,0,0,0,0,0,62000,0,0,0,72000,10000,62000,62000
063250,同欣電元大9B購03,0,0,0,0,0,0,0,0,0,62000,0,0,0,137000,75000,62000,62000
2838,聯邦銀          ,127000,65000,62000,0,0,0,0,0,0,0,0,0,0,0,0,0,62000
2707,晶華            ,81000,19000,62000,0,0,0,0,0,0,0,0,0,0,0,0,0,62000
068704,精元國票03購01  ,0,0,0,0,0,0,0,0,0,61000,0,0,0,66000,5000,61000,61000
069078,金像電凱基02購03,0,0,0,0,0,0,0,0,0,61000,0,0,0,61000,0,61000,61000
07836P,大成鋼元大9A售01,0,0,0,0,0,0,0,0,0,61000,0,0,0,76000,15000,61000,61000
069125,美利達群益02購02,0,0,0,0,0,0,0,0,0,61000,0,0,0,98000,37000,61000,61000
053282,彩晶元大9C購01  ,0,0,0,0,0,0,0,0,0,61000,0,0,0,100000,39000,61000,61000
064283,奇鋐元大9C購02  ,0,0,0,0,0,0,0,0,0,61000,0,0,0,98000,37000,61000,61000
064441,嘉澤凱基9C購02  ,0,0,0,0,0,0,0,0,0,61000,0,0,0,93000,32000,61000,61000
063147,東元元富9B購01  ,0,0,0,0,0,0,0,0,0,61000,0,0,0,160000,99000,61000,61000
061253,臺股指群益9A購04,0,0,0,0,0,0,0,0,0,61000,0,0,0,61000,0,61000,61000
061596,健策永豐9A購03  ,0,0,0,0,0,0,0,0,0,61000,0,0,0,62000,1000,61000,61000
061792,和大永豐9B購01  ,0,0,0,0,0,0,0,0,0,61000,0,0,0,61000,0,61000,61000
066567,臻鼎元大01購01  ,0,0,0,0,0,0,0,0,0,61000,0,0,0,61000,0,61000,61000
066868,聯發科元富07購01,0,0,0,0,0,0,0,0,0,61000,0,0,0,81000,20000,61000,61000
065882,景碩台新9C購03  ,0,0,0,0,0,0,0,0,0,61000,0,0,0,255000,194000,61000,61000
065677,南亞科統一03購02,0,0,0,0,0,0,0,0,0,61000,0,0,0,61000,0,61000,61000
065674,華擎凱基9C購03  ,0,0,0,0,0,0,0,0,0,61000,0,0,0,136000,75000,61000,61000
065759,TPK元大9C購05   ,0,0,0,0,0,0,0,0,0,61000,0,0,0,84000,23000,61000,61000
069607,彩晶國票02購01  ,0,50000,-50000,0,0,0,0,0,0,110000,0,0,0,299000,189000,110000,60000
07564P,臺股指中信01售01,0,0,0,0,0,0,0,0,0,60000,0,0,0,60000,0,60000,60000
07633P,台灣50元大9A售18,0,0,0,0,0,0,0,0,0,60000,0,0,0,60000,0,60000,60000
07774P,台灣50群益9A售16,0,0,0,0,0,0,0,0,0,60000,0,0,0,60000,0,60000,60000
07466P,亞德客元大9A售02,0,0,0,0,0,0,0,0,0,60000,0,0,0,60000,0,60000,60000
08085P,華通凱基9B售04  ,0,0,0,0,0,0,0,0,0,60000,0,0,0,90000,30000,60000,60000
08292P,華新科台新9C售01,0,0,0,0,0,0,0,0,0,60000,0,0,0,60000,0,60000,60000
08468P,台郡統一9C售02  ,0,0,0,0,0,0,0,0,0,60000,0,0,0,100000,40000,60000,60000
068512,聯發科統一03購07,0,0,0,0,0,0,0,0,0,60000,0,0,0,70000,10000,60000,60000
067881,香港2X群益01購02,0,0,0,0,0,0,0,0,0,60000,0,0,0,60000,0,60000,60000
067954,大立光永豐01購02,0,0,0,0,0,0,0,0,0,60000,0,0,0,60000,0,60000,60000
068439,信邦凱基01購02  ,0,0,0,0,0,0,0,0,0,60000,0,0,0,70000,10000,60000,60000
055331,國巨兆豐99購01  ,0,0,0,0,0,0,0,0,0,60000,0,0,0,60000,0,60000,60000
057004,滬深反中信9A購01,0,0,0,0,0,0,0,0,0,60000,0,0,0,100000,40000,60000,60000
03154P,華新科群益01售07,0,0,0,0,0,0,0,0,0,60000,0,0,0,60000,0,60000,60000
058434,旺宏統一9B購01  ,0,0,0,0,0,0,0,0,0,60000,0,0,0,60000,0,60000,60000
064531,旭富兆豐9C購01  ,0,0,0,0,0,0,0,0,0,60000,0,0,0,60000,0,60000,60000
064355,南六元大01購01  ,0,0,0,0,0,0,0,0,0,60000,0,0,0,263000,203000,60000,60000
059268,鎧勝中信01購01  ,0,0,0,0,0,0,0,0,0,60000,0,0,0,60000,0,60000,60000
064645,義隆凱基03購01  ,0,0,0,0,0,0,0,0,0,60000,0,0,0,60000,0,60000,60000
065063,玉晶光群益02購04,0,0,0,0,0,0,0,0,0,60000,0,0,0,86000,26000,60000,60000
061715,牧德凱基9B購03  ,0,0,0,0,0,0,0,0,0,60000,0,0,0,60000,0,60000,60000
063712,高鐵凱基9C購01  ,0,0,0,0,0,0,0,0,0,60000,0,0,0,60000,0,60000,60000
063657,茂林元富9B購04  ,0,0,0,0,0,0,0,0,0,60000,0,0,0,220000,160000,60000,60000
065584,華通富邦01購01  ,0,0,0,0,0,0,0,0,0,60000,0,0,0,61000,1000,60000,60000
065832,貿聯凱基02購03  ,0,0,0,0,0,0,0,0,0,60000,0,0,0,130000,70000,60000,60000
066186,台郡凱基02購01  ,0,0,0,0,0,0,0,0,0,60000,0,0,0,70000,10000,60000,60000
066931,友達國票02購01  ,0,0,0,0,0,0,0,0,0,60000,0,0,0,61000,1000,60000,60000
067068,台積電元大01購21,0,0,0,0,0,0,0,0,0,60000,0,0,0,60000,0,60000,60000
066696,臺指反群益01購02,0,0,0,0,0,0,0,0,0,60000,0,0,0,60000,0,60000,60000
067744,神達元大01購02  ,0,0,0,0,0,0,0,0,0,60000,0,0,0,160000,100000,60000,60000
067306,奇鋐元大01購02  ,0,0,0,0,0,0,0,0,0,60000,0,0,0,93000,33000,60000,60000
3535,晶彩科          ,138000,78000,60000,0,0,0,0,0,0,0,0,0,0,0,0,0,60000
08959P,國巨凱基01售07  ,0,0,0,0,0,0,0,0,0,60000,0,0,0,60000,0,60000,60000
08684P,禾伸堂凱基01售01,0,0,0,0,0,0,0,0,0,60000,0,0,0,60000,0,60000,60000
08617P,緯創元富9C售03  ,0,0,0,0,0,0,0,0,0,60000,0,0,0,80000,20000,60000,60000
068119,健鼎元富07購01  ,0,0,0,0,0,0,0,0,0,59000,0,0,0,60000,1000,59000,59000
067899,玉晶光群益02購13,0,0,0,0,0,0,0,0,0,59000,0,0,0,65000,6000,59000,59000
067833,台積電統一02購06,0,0,0,0,0,0,0,0,0,59000,0,0,0,59000,0,59000,59000
069047,台積電元富08購13,0,0,0,0,0,0,0,0,0,59000,0,0,0,75000,16000,59000,59000
068777,台積電元富08購02,0,0,0,0,0,0,0,0,0,59000,0,0,0,60000,1000,59000,59000
069463,智伸科兆豐03購02,0,0,0,0,0,0,0,0,0,59000,0,0,0,138000,79000,59000,59000
064323,滬深2X元大9C購09,0,0,0,0,0,0,0,0,0,59000,0,0,0,99000,40000,59000,59000
060681,華擎元大9A購02  ,0,0,0,0,0,0,0,0,0,59000,0,0,0,59000,0,59000,59000
03267P,台灣50元大02售06,0,0,0,0,0,0,0,0,0,59000,0,0,0,59000,0,59000,59000
063576,台表科元大9B購08,0,0,0,0,0,0,0,0,0,59000,0,0,0,159000,100000,59000,59000
062496,矽創中信9B購01  ,0,0,0,0,0,0,0,0,0,59000,0,0,0,59000,0,59000,59000
065075,葡萄王元大01購01,0,0,0,0,0,0,0,0,0,59000,0,0,0,69000,10000,59000,59000
064561,友達群益9C購02  ,0,0,0,0,0,0,0,0,0,59000,0,0,0,59000,0,59000,59000
061277,智邦台新9A購01  ,0,0,0,0,0,0,0,0,0,59000,0,0,0,90000,31000,59000,59000
067255,日月光國票02購01,0,0,0,0,0,0,0,0,0,59000,0,0,0,59000,0,59000,59000
067585,大毅群益01購02  ,0,0,0,0,0,0,0,0,0,59000,0,0,0,63000,4000,59000,59000
066675,滬深2X兆豐03購01,0,0,0,0,0,0,0,0,0,59000,0,0,0,63000,4000,59000,59000
066401,智伸科凱基01購02,0,0,0,0,0,0,0,0,0,59000,0,0,0,76000,17000,59000,59000
08638P,泰碩國票9C售01  ,0,0,0,0,0,0,0,0,0,59000,0,0,0,69000,10000,59000,59000
08807P,可成元富07售02  ,0,0,0,0,0,0,0,0,0,59000,0,0,0,70000,11000,59000,59000
08419P,元金2X群益9C售01,0,0,0,0,0,0,0,0,0,58000,0,0,0,61000,3000,58000,58000
068458,玉晶光國票01購10,0,0,0,0,0,0,0,0,0,58000,0,0,0,58000,0,58000,58000
068579,GIS國泰03購01   ,0,0,0,0,0,0,0,0,0,58000,0,0,0,313000,255000,58000,58000
067838,玉晶光統一01購12,0,0,0,0,0,0,0,0,0,58000,0,0,0,58000,0,58000,58000
067789,和碩群益01購01  ,0,0,0,0,0,0,0,0,0,58000,0,0,0,119000,61000,58000,58000
060296,和碩元大9A購01  ,0,0,0,0,0,0,0,0,0,58000,0,0,0,83000,25000,58000,58000
060291,高鐵元大9A購01  ,0,0,0,0,0,0,0,0,0,58000,0,0,0,58000,0,58000,58000
056724,臻鼎中信9A購01  ,0,0,0,0,0,0,0,0,0,58000,0,0,0,114000,56000,58000,58000
064510,GIS元大01購01   ,0,0,0,0,0,0,0,0,0,58000,0,0,0,58000,0,58000,58000
063406,麗豐國票9C購01  ,0,0,0,0,0,0,0,0,0,58000,0,0,0,58000,0,58000,58000
061463,智邦群益9A購02  ,0,0,0,0,0,0,0,0,0,58000,0,0,0,95000,37000,58000,58000
063498,金像電永豐9B購02,0,0,0,0,0,0,0,0,0,58000,0,0,0,68000,10000,58000,58000
064100,義隆群益9C購01  ,0,0,0,0,0,0,0,0,0,58000,0,0,0,76000,18000,58000,58000
066172,日電貿凱基01購01,0,0,0,0,0,0,0,0,0,58000,0,0,0,100000,42000,58000,58000
065607,聯詠元大9C購02  ,0,0,0,0,0,0,0,0,0,58000,0,0,0,98000,40000,58000,58000
065177,旭富元大9C購05  ,0,0,0,0,0,0,0,0,0,58000,0,0,0,216000,158000,58000,58000
066705,聯鈞群益01購01  ,0,0,0,0,0,0,0,0,0,58000,0,0,0,58000,0,58000,58000
067037,美利達康和01購02,0,0,0,0,0,0,0,0,0,58000,0,0,0,140000,82000,58000,58000
067298,台積電元大02購04,0,0,0,0,0,0,0,0,0,58000,0,0,0,148000,90000,58000,58000
067188,日電貿凱基01購02,0,0,0,0,0,0,0,0,0,58000,0,0,0,100000,42000,58000,58000
067367,台積電統一01購11,0,0,0,0,0,0,0,0,0,58000,0,0,0,58000,0,58000,58000
4961,天鈺            ,493000,435000,58000,0,0,0,0,0,0,0,0,0,0,0,0,0,58000
068252,晶技元大01購05  ,0,0,0,0,0,0,0,0,0,57000,0,0,0,382000,325000,57000,57000
068210,嘉聯益凱基01購01,0,0,0,0,0,0,0,0,0,57000,0,0,0,400000,343000,57000,57000
068806,景碩群益03購01  ,0,0,0,0,0,0,0,0,0,57000,0,0,0,57000,0,57000,57000
068818,聯發科元大02購06,0,0,0,0,0,0,0,0,0,57000,0,0,0,119000,62000,57000,57000
063769,玉晶光國泰02購01,0,0,0,0,0,0,0,0,0,57000,0,0,0,59000,2000,57000,57000
062470,智邦凱基9C購01  ,0,0,0,0,0,0,0,0,0,57000,0,0,0,202000,145000,57000,57000
062586,國巨統一01購06  ,0,0,0,0,0,0,0,0,0,57000,0,0,0,135000,78000,57000,57000
062020,智伸科永豐9B購01,0,0,0,0,0,0,0,0,0,57000,0,0,0,77000,20000,57000,57000
061247,玉晶光群益9A購09,0,0,0,0,0,0,0,0,0,57000,0,0,0,106000,49000,57000,57000
064814,祥碩元大9C購06  ,0,0,0,0,0,0,0,0,0,57000,0,0,0,113000,56000,57000,57000
067099,友訊群益01購04  ,0,0,0,0,0,0,0,0,0,57000,0,0,0,236000,179000,57000,57000
066616,創意康和01購01  ,0,0,0,0,0,0,0,0,0,57000,0,0,0,75000,18000,57000,57000
066395,可成凱基01購03  ,0,0,0,0,0,0,0,0,0,57000,0,0,0,78000,21000,57000,57000
066433,南六元大02購01  ,0,0,0,0,0,0,0,0,0,57000,0,0,0,160000,103000,57000,57000
066025,宏達電群益01購01,0,0,0,0,0,0,0,0,0,57000,0,0,0,72000,15000,57000,57000
065978,臻鼎元大02購01  ,0,0,0,0,0,0,0,0,0,57000,0,0,0,102000,45000,57000,57000
6214,精誠            ,79000,49000,30000,0,0,0,0,0,0,27000,27000,0,27000,0,0,0,57000
067888,奇力新群益01購02,0,0,0,0,0,0,0,0,0,56000,0,0,0,56000,0,56000,56000
064545,智邦凱基9C購02  ,0,0,0,0,0,0,0,0,0,56000,0,0,0,89000,33000,56000,56000
064372,滬深2X元富9C購10,0,0,0,0,0,0,0,0,0,56000,0,0,0,63000,7000,56000,56000
060016,廣達康和99購01  ,0,0,0,0,0,0,0,0,0,56000,0,0,0,102000,46000,56000,56000
03394P,聯電國泰04售01  ,0,0,0,0,0,0,0,0,0,56000,0,0,0,93000,37000,56000,56000
062237,緯創凱基9B購01  ,0,0,0,0,0,0,0,0,0,56000,0,0,0,83000,27000,56000,56000
062705,美食元大9B購01  ,0,0,0,0,0,0,0,0,0,56000,0,0,0,66000,10000,56000,56000
062378,台表科元大9C購01,0,0,0,0,0,0,0,0,0,56000,0,0,0,57000,1000,56000,56000
064028,大毅元大01購01  ,0,0,0,0,0,0,0,0,0,56000,0,0,0,138000,82000,56000,56000
065348,中壽統一9C購02  ,0,0,0,0,0,0,0,0,0,56000,0,0,0,56000,0,56000,56000
08901P,台表科群益01售02,0,0,0,0,0,0,0,0,0,56000,0,0,0,56000,0,56000,56000
08877P,臺股指中信04售03,0,0,0,0,0,0,0,0,0,56000,0,0,0,57000,1000,56000,56000
8463,潤泰材          ,57000,1000,56000,0,0,0,0,0,0,0,0,0,0,0,0,0,56000
068362,南電凱基01購06  ,0,0,0,0,0,0,0,0,0,55000,0,0,0,122000,67000,55000,55000
069484,聯發科元大02購16,0,0,0,0,0,0,0,0,0,55000,0,0,0,55000,0,55000,55000
069359,瑞昱永豐02購02  ,0,0,0,0,0,0,0,0,0,55000,0,0,0,55000,0,55000,55000
03059P,台積電凱基01售19,0,0,0,0,0,0,0,0,0,55000,0,0,0,63000,8000,55000,55000
048414,滬深2X統一98購01,0,0,0,0,0,0,0,0,0,55000,0,0,0,55000,0,55000,55000
057102,亞光中信9A購01  ,0,0,0,0,0,0,0,0,0,55000,0,0,0,55000,0,55000,55000
058479,亞光凱基9A購01  ,0,0,0,0,0,0,0,0,0,55000,0,0,0,100000,45000,55000,55000
064176,京元電國泰01購01,0,0,0,0,0,0,0,0,0,55000,0,0,0,123000,68000,55000,55000
063108,世紀鋼群益9C購01,0,0,0,0,0,0,0,0,0,55000,0,0,0,73000,18000,55000,55000
063262,南六富邦9C購01  ,0,0,0,0,0,0,0,0,0,55000,0,0,0,222000,167000,55000,55000
065330,億豐凱基9C購03  ,0,0,0,0,0,0,0,0,0,55000,0,0,0,85000,30000,55000,55000
065717,創意中信9C購02  ,0,0,0,0,0,0,0,0,0,55000,0,0,0,71000,16000,55000,55000
066555,聯詠元大01購01  ,0,0,0,0,0,0,0,0,0,55000,0,0,0,89000,34000,55000,55000
066883,聯發科永豐01購01,0,0,0,0,0,0,0,0,0,55000,0,0,0,55000,0,55000,55000
2705,六福            ,60000,5000,55000,0,0,0,0,0,0,0,0,0,0,0,0,0,55000
2642,宅配通          ,102000,47000,55000,0,0,0,0,0,0,0,0,0,0,0,0,0,55000
08275P,南亞科元富9C售01,0,0,0,0,0,0,0,0,0,54000,0,0,0,105000,51000,54000,54000
059838,茂林國泰9B購01  ,0,0,0,0,0,0,0,0,0,54000,0,0,0,62000,8000,54000,54000
058874,聯鈞國票9A購01  ,0,0,0,0,0,0,0,0,0,54000,0,0,0,60000,6000,54000,54000
060413,東元永豐9A購01  ,0,0,0,0,0,0,0,0,0,54000,0,0,0,55000,1000,54000,54000
063285,華擎元大9B購03  ,0,0,0,0,0,0,0,0,0,54000,0,0,0,80000,26000,54000,54000
063129,祥碩元大9C購03  ,0,0,0,0,0,0,0,0,0,54000,0,0,0,64000,10000,54000,54000
063064,台表科元富9B購01,0,0,0,0,0,0,0,0,0,54000,0,0,0,64000,10000,54000,54000
062307,華通凱基9C購01  ,0,0,0,0,0,0,0,0,0,54000,0,0,0,55000,1000,54000,54000
066489,京鼎元富04購01  ,0,0,0,0,0,0,0,0,0,54000,0,0,0,230000,176000,54000,54000
066773,美律富邦03購01  ,0,0,0,0,0,0,0,0,0,54000,0,0,0,66000,12000,54000,54000
065188,玉晶光統一02購01,0,0,0,0,0,0,0,0,0,54000,0,0,0,95000,41000,54000,54000
08780P,聯發科群益02售06,0,0,0,0,0,0,0,0,0,54000,0,0,0,90000,36000,54000,54000
1783,和康生          ,84000,20000,64000,0,0,0,0,0,0,-10000,0,10000,-10000,0,0,0,54000
069186,健策麥證02購03  ,0,0,0,54000,0,54000,0,0,0,53000,0,0,0,54000,1000,53000,53000
06836P,玉晶光國票99售06,0,0,0,0,0,0,0,0,0,53000,0,0,0,55000,2000,53000,53000
068643,GIS凱基02購05   ,0,0,0,0,0,0,0,0,0,53000,0,0,0,68000,15000,53000,53000
068684,台積電中信02購02,0,0,0,0,0,0,0,0,0,53000,0,0,0,53000,0,53000,53000
060123,光罩永豐99購02  ,0,0,0,0,0,0,0,0,0,53000,0,0,0,146000,93000,53000,53000
057393,台積電中信02購01,0,0,0,0,0,0,0,0,0,53000,0,0,0,53000,0,53000,53000
058376,貿聯凱基9A購01  ,0,0,0,0,0,0,0,0,0,53000,0,0,0,54000,1000,53000,53000
061695,群創群益9A購01  ,0,0,0,0,0,0,0,0,0,53000,0,0,0,55000,2000,53000,53000
064240,群創統一02購02  ,0,0,0,0,0,0,0,0,0,53000,0,0,0,231000,178000,53000,53000
062454,華通群益9C購03  ,0,0,0,0,0,0,0,0,0,53000,0,0,0,56000,3000,53000,53000
062500,國巨群益01購01  ,0,0,0,0,0,0,0,0,0,53000,0,0,0,131000,78000,53000,53000
063476,台表科元大9C購03,0,0,0,0,0,0,0,0,0,53000,0,0,0,279000,226000,53000,53000
063651,金像電台新9B購01,0,0,0,0,0,0,0,0,0,53000,0,0,0,53000,0,53000,53000
061067,貿聯凱基9A購03  ,0,0,0,0,0,0,0,0,0,53000,0,0,0,180000,127000,53000,53000
061817,高鐵群益9B購01  ,0,0,0,0,0,0,0,0,0,53000,0,0,0,163000,110000,53000,53000
066561,健策元大01購04  ,0,0,0,0,0,0,0,0,0,53000,0,0,0,124000,71000,53000,53000
1416,廣豐            ,91000,42000,49000,0,0,0,0,0,0,4000,4000,0,4000,0,0,0,53000
6142,友勁            ,53000,16000,37000,0,0,0,0,0,0,16000,16000,0,16000,0,0,0,53000
068861,聯發科元富08購02,0,0,0,0,0,0,0,0,0,52000,0,0,0,64000,12000,52000,52000
067859,滬深2X元大01購12,0,0,0,0,0,0,0,0,0,52000,0,0,0,57000,5000,52000,52000
067930,鴻海凱基01購10  ,0,0,0,0,0,0,0,0,0,52000,0,0,0,52000,0,52000,52000
069189,景碩中信03購01  ,0,0,0,0,0,0,0,0,0,52000,0,0,0,150000,98000,52000,52000
069572,欣興凱基03購03  ,0,0,0,0,0,0,0,0,0,52000,0,0,0,134000,82000,52000,52000
058422,百和麥證99購01  ,0,0,0,68000,16000,52000,0,0,0,52000,0,0,0,68000,16000,52000,52000
058116,正崴中信99購02  ,0,0,0,0,0,0,0,0,0,52000,0,0,0,65000,13000,52000,52000
064881,聯茂兆豐01購02  ,0,0,0,0,0,0,0,0,0,52000,0,0,0,479000,427000,52000,52000
061278,和大統一9A購01  ,0,0,0,0,0,0,0,0,0,52000,0,0,0,58000,6000,52000,52000
061288,大立光統一9C購01,0,0,0,0,0,0,0,0,0,52000,0,0,0,52000,0,52000,52000
066758,智邦永豐01購01  ,0,0,0,0,0,0,0,0,0,52000,0,0,0,124000,72000,52000,52000
066980,台光電群益01購02,0,0,0,0,0,0,0,0,0,52000,0,0,0,54000,2000,52000,52000
067710,同欣電元富04購01,0,0,0,0,0,0,0,0,0,52000,0,0,0,290000,238000,52000,52000
8429,金麗-KY         ,91000,39000,52000,0,0,0,0,0,0,0,0,0,0,0,0,0,52000
069411,奇力新統一04購01,0,0,0,0,0,0,0,0,0,51000,0,0,0,274000,223000,51000,51000
08207P,金像電群益9B售05,0,0,0,0,0,0,0,0,0,51000,0,0,0,55000,4000,51000,51000
068415,台積電中信07購04,0,0,0,0,0,0,0,0,0,51000,0,0,0,69000,18000,51000,51000
068864,欣興元富08購01  ,0,0,0,0,0,0,0,0,0,51000,0,0,0,114000,63000,51000,51000
068898,健策元大02購05  ,0,0,0,0,0,0,0,0,0,51000,0,0,0,230000,179000,51000,51000
068711,瑞儀國票03購02  ,0,0,0,0,0,0,0,0,0,51000,0,0,0,188000,137000,51000,51000
058750,緯穎凱基9A購03  ,0,0,0,0,0,0,0,0,0,51000,0,0,0,151000,100000,51000,51000
058955,台積電國票9A購04,0,0,0,0,0,0,0,0,0,51000,0,0,0,51000,0,51000,51000
060928,明泰永豐9A購01  ,0,0,0,0,0,0,0,0,0,51000,0,0,0,91000,40000,51000,51000
061010,上銀麥證9A購02  ,0,0,0,51000,0,51000,0,0,0,51000,0,0,0,51000,0,51000,51000
056907,群創元大9C購04  ,0,0,0,0,0,0,0,0,0,51000,0,0,0,149000,98000,51000,51000
056138,群創元大9B購01  ,0,0,0,0,0,0,0,0,0,51000,0,0,0,64000,13000,51000,51000
061262,智邦凱基9A購02  ,0,0,0,0,0,0,0,0,0,51000,0,0,0,139000,88000,51000,51000
061142,南電統一9A購01  ,0,0,0,0,0,0,0,0,0,51000,0,0,0,53000,2000,51000,51000
063263,高鐵永豐9B購01  ,0,0,0,0,0,0,0,0,0,51000,0,0,0,51000,0,51000,51000
065059,神隆群益9C購01  ,0,0,0,0,0,0,0,0,0,51000,0,0,0,117000,66000,51000,51000
063494,金像電富邦9B購01,0,0,0,0,0,0,0,0,0,51000,0,0,0,62000,11000,51000,51000
061719,緯穎凱基9A購06  ,0,0,0,0,0,0,0,0,0,51000,0,0,0,62000,11000,51000,51000
067396,欣興永豐01購02  ,0,0,0,0,0,0,0,0,0,51000,0,0,0,376000,325000,51000,51000
066810,瀚宇博凱基02購01,0,0,0,0,0,0,0,0,0,51000,0,0,0,211000,160000,51000,51000
066538,信邦兆豐03購01  ,0,0,0,0,0,0,0,0,0,51000,0,0,0,55000,4000,51000,51000
065623,瑞昱中信04購01  ,0,0,0,0,0,0,0,0,0,51000,0,0,0,121000,70000,51000,51000
066118,台郡兆豐01購01  ,0,0,0,0,0,0,0,0,0,51000,0,0,0,61000,10000,51000,51000
066085,台積電富邦05購01,0,0,0,0,0,0,0,0,0,51000,0,0,0,51000,0,51000,51000
065937,大毅群益02購01  ,0,0,0,0,0,0,0,0,0,51000,0,0,0,64000,13000,51000,51000
066322,群光永豐01購01  ,0,0,0,0,0,0,0,0,0,51000,0,0,0,53000,2000,51000,51000
9935,慶豐富          ,275000,226000,49000,0,0,0,0,0,0,2000,2000,0,2000,0,0,0,51000
068672,聯發科統一02購10,0,0,0,0,0,0,0,0,0,50000,0,0,0,50000,0,50000,50000
068566,聯發科元大01購31,0,0,0,0,0,0,0,0,0,50000,0,0,0,100000,50000,50000,50000
068455,聯發科國票03購02,0,0,0,0,0,0,0,0,0,50000,0,0,0,50000,0,50000,50000
068857,華通元富08購01  ,0,0,0,0,0,0,0,0,0,50000,0,0,0,50000,0,50000,50000
068784,聯發科康和02購02,0,0,0,0,0,0,0,0,0,50000,0,0,0,65000,15000,50000,50000
069031,台積電統一04購07,0,0,0,0,0,0,0,0,0,50000,0,0,0,50000,0,50000,50000
068298,臺指反國票03購02,0,0,0,0,0,0,0,0,0,50000,0,0,0,50000,0,50000,50000
068219,聯發科統一03購06,0,0,0,0,0,0,0,0,0,50000,0,0,0,75000,25000,50000,50000
068256,彩晶元大03購01  ,0,0,0,0,0,0,0,0,0,50000,0,0,0,50000,0,50000,50000
067813,晶技凱基01購03  ,0,0,0,0,0,0,0,0,0,50000,0,0,0,50000,0,50000,50000
08486P,富邦金群益9C售02,0,0,0,0,0,0,0,0,0,50000,0,0,0,50000,0,50000,50000
07057P,大立光康和9B售02,0,0,0,0,0,0,0,0,0,50000,0,0,0,83000,33000,50000,50000
07819P,旺宏國票9B售01  ,0,0,0,0,0,0,0,0,0,50000,0,0,0,50000,0,50000,50000
07885P,長榮航凱基9B售01,0,0,0,0,0,0,0,0,0,50000,0,0,0,50000,0,50000,50000
069188,聯發科中信03購03,0,0,0,0,0,0,0,0,0,50000,0,0,0,50000,0,50000,50000
069204,瑞昱元大02購04  ,0,0,0,0,0,0,0,0,0,50000,0,0,0,200000,150000,50000,50000
069220,聯電群益03購06  ,0,0,0,0,0,0,0,0,0,50000,0,0,0,192000,142000,50000,50000
069093,台積電統一04購08,0,0,0,0,0,0,0,0,0,50000,0,0,0,50000,0,50000,50000
069347,智易群益02購01  ,0,0,0,0,0,0,0,0,0,50000,0,0,0,64000,14000,50000,50000
069308,聯發科凱基06購01,0,0,0,0,0,0,0,0,0,50000,0,0,0,50000,0,50000,50000
03429P,瑞昱元大02售05  ,0,0,0,0,0,0,0,0,0,50000,0,0,0,60000,10000,50000,50000
03431P,聯詠元大02售06  ,0,0,0,0,0,0,0,0,0,50000,0,0,0,65000,15000,50000,50000
056909,嘉聯益元大99購03,0,0,0,0,0,0,0,0,0,50000,0,0,0,178000,128000,50000,50000
060072,國巨元富99購04  ,0,0,0,0,0,0,0,0,0,50000,0,0,0,50000,0,50000,50000
020000,富邦特選蘋果N   ,0,0,0,0,0,0,0,0,0,50000,0,0,0,50000,0,50000,50000
03401P,聯發科凱基03售09,0,0,0,0,0,0,0,0,0,50000,0,0,0,50000,0,50000,50000
056657,華邦電元大99購01,0,0,0,0,0,0,0,0,0,50000,0,0,0,50000,0,50000,50000
056473,奇力新元大99購02,0,0,0,0,0,0,0,0,0,50000,0,0,0,50000,0,50000,50000
057693,臺股指凱基98購11,0,0,0,0,0,0,0,0,0,50000,0,0,0,50000,0,50000,50000
059358,旺宏永豐99購02  ,0,0,0,0,0,0,0,0,0,50000,0,0,0,50000,0,50000,50000
059636,宏達電凱基99購05,0,0,0,0,0,0,0,0,0,50000,0,0,0,50000,0,50000,50000
064361,旺宏統一01購06  ,0,0,0,0,0,0,0,0,0,50000,0,0,0,50000,0,50000,50000
063428,矽創凱基9B購02  ,0,0,0,0,0,0,0,0,0,50000,0,0,0,50000,0,50000,50000
058570,臻鼎凱基9A購01  ,0,0,0,0,0,0,0,0,0,50000,0,0,0,50000,0,50000,50000
060762,長榮航元大9A購02,0,0,0,0,0,0,0,0,0,50000,0,0,0,50000,0,50000,50000
058964,群創兆豐99購01  ,0,0,0,0,0,0,0,0,0,50000,0,0,0,50000,0,50000,50000
058707,泰鼎元大99購02  ,0,0,0,0,0,0,0,0,0,50000,0,0,0,50000,0,50000,50000
058364,奇力新凱基99購04,0,0,0,0,0,0,0,0,0,50000,0,0,0,50000,0,50000,50000
062572,元金反群益9C購01,0,0,0,0,0,0,0,0,0,50000,0,0,0,50000,0,50000,50000
062804,玉晶光統一9C購04,0,0,0,0,0,0,0,0,0,50000,0,0,0,51000,1000,50000,50000
062207,牧德國票9B購02  ,0,0,0,0,0,0,0,0,0,50000,0,0,0,50000,0,50000,50000
063189,臻鼎凱基9B購01  ,0,0,0,0,0,0,0,0,0,50000,0,0,0,50000,0,50000,50000
064171,燿華元富9C購01  ,0,0,0,0,0,0,0,0,0,50000,0,0,0,64000,14000,50000,50000
064034,台表科元大9C購07,0,0,0,0,0,0,0,0,0,50000,0,0,0,50000,0,50000,50000
064866,義隆永豐9C購02  ,0,0,0,0,0,0,0,0,0,50000,0,0,0,79000,29000,50000,50000
064757,義隆凱基01購02  ,0,0,0,0,0,0,0,0,0,50000,0,0,0,63000,13000,50000,50000
064672,同欣電元大01購01,0,0,0,0,0,0,0,0,0,50000,0,0,0,52000,2000,50000,50000
063076,柏文永豐9B購02  ,0,0,0,0,0,0,0,0,0,50000,0,0,0,50000,0,50000,50000
062941,大立光凱基9B購07,0,0,0,0,0,0,0,0,0,50000,0,0,0,150000,100000,50000,50000
062983,緯穎元富9B購01  ,0,0,0,0,0,0,0,0,0,50000,0,0,0,121000,71000,50000,50000
061134,大成鋼統一9C購01,0,0,0,0,0,0,0,0,0,50000,0,0,0,50000,0,50000,50000
061207,美律元大9A購04  ,0,0,0,0,0,0,0,0,0,50000,0,0,0,50000,0,50000,50000
066078,南電凱基02購02  ,0,0,0,0,0,0,0,0,0,50000,0,0,0,103000,53000,50000,50000
065504,宏達電永豐9C購01,0,0,0,0,0,0,0,0,0,50000,0,0,0,55000,5000,50000,50000
065213,南六國票01購03  ,0,0,0,0,0,0,0,0,0,50000,0,0,0,74000,24000,50000,50000
065225,神隆凱基01購01  ,0,0,0,0,0,0,0,0,0,50000,0,0,0,59000,9000,50000,50000
065257,友訊元大01購01  ,0,0,0,0,0,0,0,0,0,50000,0,0,0,50000,0,50000,50000
065314,矽創國票01購02  ,0,0,0,0,0,0,0,0,0,50000,0,0,0,50000,0,50000,50000
066520,大立光第一01購01,0,0,0,0,0,0,0,0,0,50000,0,0,0,50000,0,50000,50000
066803,智原凱基01購02  ,0,0,0,0,0,0,0,0,0,50000,0,0,0,50000,0,50000,50000
066800,晶豪科凱基02購01,0,0,0,0,0,0,0,0,0,50000,0,0,0,50000,0,50000,50000
066875,臺指反富邦03購01,0,0,0,0,0,0,0,0,0,50000,0,0,0,50000,0,50000,50000
066943,FBVIX元大04購01 ,0,0,0,0,0,0,0,0,0,50000,0,0,0,50000,0,50000,50000
067057,滬深2X元大01購09,0,0,0,0,0,0,0,0,0,50000,0,0,0,50000,0,50000,50000
067350,鴻海群益02購02  ,0,0,0,0,0,0,0,0,0,50000,0,0,0,100000,50000,50000,50000
067280,國巨第一01購01  ,0,0,0,0,0,0,0,0,0,50000,0,0,0,80000,30000,50000,50000
6668,中揚光          ,63000,12000,51000,0,0,0,0,0,0,-1000,1000,2000,-1000,0,0,0,50000
1786,科妍            ,62000,10000,52000,0,0,0,0,0,0,-2000,0,2000,-2000,0,0,0,50000
08778P,台積電群益01售09,0,0,0,0,0,0,0,0,0,50000,0,0,0,51000,1000,50000,50000
08839P,臺股指麥證01售06,0,0,0,50000,0,50000,0,0,0,50000,0,0,0,50000,0,50000,50000
08871P,大立光群益01售08,0,0,0,0,0,0,0,0,0,50000,0,0,0,50000,0,50000,50000
08629P,緯創凱基9C售02  ,0,0,0,0,0,0,0,0,0,50000,0,0,0,50000,0,50000,50000
069482,台積電元大02購27,0,0,0,0,0,0,0,0,0,49000,0,0,0,116000,67000,49000,49000
08287P,茂林凱基9C售02  ,0,0,0,0,0,0,0,0,0,49000,0,0,0,70000,21000,49000,49000
069055,台表科元富08購01,0,0,0,0,0,0,0,0,0,49000,0,0,0,139000,90000,49000,49000
068475,晶技群益01購04  ,0,0,0,0,0,0,0,0,0,49000,0,0,0,55000,6000,49000,49000
058184,鴻海永豐99購01  ,0,0,0,0,0,0,0,0,0,49000,0,0,0,49000,0,49000,49000
064520,京鼎群益02購01  ,0,0,0,0,0,0,0,0,0,49000,0,0,0,111000,62000,49000,49000
059454,亞光永豐99購01  ,0,0,0,0,0,0,0,0,0,49000,0,0,0,68000,19000,49000,49000
03119P,滬深2X元大01售13,0,0,0,0,0,0,0,0,0,49000,0,0,0,49000,0,49000,49000
061511,緯穎富邦9B購02  ,0,0,0,0,0,0,0,0,0,49000,0,0,0,59000,10000,49000,49000
064617,台光電元大01購01,0,0,0,0,0,0,0,0,0,49000,0,0,0,79000,30000,49000,49000
063215,台表科國票9C購02,0,0,0,0,0,0,0,0,0,49000,0,0,0,49000,0,49000,49000
064106,國巨兆豐9C購04  ,0,0,0,0,0,0,0,0,0,49000,0,0,0,204000,155000,49000,49000
064258,臻鼎國泰01購02  ,0,0,0,0,0,0,0,0,0,49000,0,0,0,49000,0,49000,49000
067743,緯創元大01購02  ,0,0,0,0,0,0,0,0,0,49000,0,0,0,80000,31000,49000,49000
067007,拓凱永豐01購02  ,0,0,0,0,0,0,0,0,0,49000,0,0,0,70000,21000,49000,49000
065234,旭富凱基01購01  ,0,0,0,0,0,0,0,0,0,49000,0,0,0,49000,0,49000,49000
5225,東科-KY         ,49000,0,49000,0,0,0,0,0,0,0,0,0,0,0,0,0,49000
2608,嘉里大榮        ,45000,9000,36000,0,0,0,0,0,0,13000,13000,0,13000,0,0,0,49000
068101,奇力新永豐01購01,0,0,0,0,0,0,0,0,0,48000,0,0,0,50000,2000,48000,48000
069418,彩晶統一04購01  ,0,0,0,0,0,0,0,0,0,48000,0,0,0,380000,332000,48000,48000
03062P,世紀鋼凱基02售02,0,0,0,0,0,0,0,0,0,48000,0,0,0,50000,2000,48000,48000
03068P,美律群益01售03  ,0,0,0,0,0,0,0,0,0,48000,0,0,0,110000,62000,48000,48000
057085,立積統一9B購02  ,0,0,0,0,0,0,0,0,0,48000,0,0,0,118000,70000,48000,48000
060468,聯鈞元大9A購02  ,0,0,0,0,0,0,0,0,0,48000,0,0,0,49000,1000,48000,48000
059754,訊芯群益9A購01  ,0,0,0,0,0,0,0,0,0,48000,0,0,0,48000,0,48000,48000
064315,創意群益9C購01  ,0,0,0,0,0,0,0,0,0,48000,0,0,0,48000,0,48000,48000
064030,泰碩元大01購01  ,0,0,0,0,0,0,0,0,0,48000,0,0,0,203000,155000,48000,48000
064623,創意元大9C購04  ,0,0,0,0,0,0,0,0,0,48000,0,0,0,89000,41000,48000,48000
061545,華新科群益9A購09,0,0,0,0,0,0,0,0,0,48000,0,0,0,82000,34000,48000,48000
063143,嘉澤統一9B購02  ,0,0,0,0,0,0,0,0,0,48000,0,0,0,51000,3000,48000,48000
063159,嘉澤國泰01購01  ,0,0,0,0,0,0,0,0,0,48000,0,0,0,63000,15000,48000,48000
065750,智邦元大9C購09  ,0,0,0,0,0,0,0,0,0,48000,0,0,0,349000,301000,48000,48000
065994,南六永豐01購01  ,0,0,0,0,0,0,0,0,0,48000,0,0,0,55000,7000,48000,48000
066446,健策群益01購06  ,0,0,0,0,0,0,0,0,0,48000,0,0,0,65000,17000,48000,48000
066937,群創國票03購01  ,0,0,0,0,0,0,0,0,0,48000,0,0,0,56000,8000,48000,48000
067496,拓凱元大01購02  ,0,0,0,0,0,0,0,0,0,48000,0,0,0,200000,152000,48000,48000
1806,冠軍            ,49000,1000,48000,0,0,0,0,0,0,0,0,0,0,0,0,0,48000
2239,英利-KY         ,54000,6000,48000,0,0,0,0,0,0,0,0,0,0,0,0,0,48000
1710,東聯            ,679000,401110,277890,0,0,0,0,0,0,-230000,0,230000,-230000,0,0,0,47890
08026P,臺股指凱基9B售12,0,0,0,0,0,0,0,0,0,47000,0,0,0,47000,0,47000,47000
068206,牧德凱基01購03  ,0,0,0,0,0,0,0,0,0,47000,0,0,0,47000,0,47000,47000
068428,神隆凱基03購01  ,0,0,0,0,0,0,0,0,0,47000,0,0,0,105000,58000,47000,47000
055456,上銀富邦99購01  ,0,0,0,0,0,0,0,0,0,47000,0,0,0,47000,0,47000,47000
03194P,國巨元富07售14  ,0,0,0,0,0,0,0,0,0,47000,0,0,0,47000,0,47000,47000
063075,祥碩永豐9B購04  ,0,0,0,0,0,0,0,0,0,47000,0,0,0,57000,10000,47000,47000
064699,臻鼎群益9C購01  ,0,0,0,0,0,0,0,0,0,47000,0,0,0,47000,0,47000,47000
063533,緯穎凱基9B購06  ,0,0,0,0,0,0,0,0,0,47000,0,0,0,66000,19000,47000,47000
064246,南六統一9C購02  ,0,0,0,0,0,0,0,0,0,47000,0,0,0,58000,11000,47000,47000
062336,茂林統一01購02  ,0,0,0,0,0,0,0,0,0,47000,0,0,0,141000,94000,47000,47000
062831,嘉澤群益9B購01  ,0,0,0,0,0,0,0,0,0,47000,0,0,0,50000,3000,47000,47000
061666,友達中信01購01  ,0,0,0,0,0,0,0,0,0,47000,0,0,0,70000,23000,47000,47000
067205,台積電元大01購22,0,0,0,0,0,0,0,0,0,47000,0,0,0,47000,0,47000,47000
2540,愛山林          ,64000,17000,47000,0,0,0,0,0,0,0,0,0,0,0,0,0,47000
3356,奇偶            ,78000,33000,45000,0,0,0,0,0,0,2000,2000,0,2000,0,0,0,47000
068118,欣興元富07購03  ,0,0,0,0,0,0,0,0,0,46000,0,0,0,50000,4000,46000,46000
08427P,義隆國票9C售01  ,0,0,0,0,0,0,0,0,0,46000,0,0,0,66000,20000,46000,46000
058267,奇鋐永豐99購01  ,0,0,0,0,0,0,0,0,0,46000,0,0,0,46000,0,46000,46000
064025,友達元大02購01  ,0,0,0,0,0,0,0,0,0,46000,0,0,0,69000,23000,46000,46000
064976,景碩元大9C購01  ,0,0,0,0,0,0,0,0,0,46000,0,0,0,56000,10000,46000,46000
064660,華通元大9C購05  ,0,0,0,0,0,0,0,0,0,46000,0,0,0,50000,4000,46000,46000
067290,金像電兆豐03購01,0,0,0,0,0,0,0,0,0,46000,0,0,0,54000,8000,46000,46000
067069,友訊元大01購03  ,0,0,0,0,0,0,0,0,0,46000,0,0,0,466000,420000,46000,46000
2420,新巨            ,61000,16000,45000,0,0,0,0,0,0,1000,1000,0,1000,0,0,0,46000
08392P,上銀群益9C售01  ,0,0,0,0,0,0,0,0,0,45000,0,0,0,50000,5000,45000,45000
08191P,鴻海台新9B售03  ,0,0,0,0,0,0,0,0,0,45000,0,0,0,45000,0,45000,45000
069600,景碩國票03購01  ,0,0,0,0,0,0,0,0,0,45000,0,0,0,45000,0,45000,45000
069292,台積電中信06購05,0,0,0,0,0,0,0,0,0,45000,0,0,0,180000,135000,45000,45000
069087,緯穎凱基03購01  ,0,0,0,0,0,0,0,0,0,45000,0,0,0,115000,70000,45000,45000
068250,聯發科元大02購04,0,0,0,0,0,0,0,0,0,45000,0,0,0,110000,65000,45000,45000
068092,聯發科群益01購10,0,0,0,0,0,0,0,0,0,45000,0,0,0,113000,68000,45000,45000
069044,鴻海元富08購01  ,0,0,0,0,0,0,0,0,0,45000,0,0,0,172000,127000,45000,45000
064365,美食統一01購02  ,0,0,0,0,0,0,0,0,0,45000,0,0,0,45000,0,45000,45000
063818,矽創群益9C購01  ,0,0,0,0,0,0,0,0,0,45000,0,0,0,45000,0,45000,45000
03205P,聯發科凱基01售24,0,0,0,0,0,0,0,0,0,45000,0,0,0,110000,65000,45000,45000
057671,群創元大9B購06  ,0,0,0,0,0,0,0,0,0,45000,0,0,0,174000,129000,45000,45000
057282,大立光元大99購06,0,0,0,0,0,0,0,0,0,45000,0,0,0,55000,10000,45000,45000
064943,聚陽凱基9C購01  ,0,0,0,0,0,0,0,0,0,45000,0,0,0,212000,167000,45000,45000
063172,廣達中信9C購01  ,0,0,0,0,0,0,0,0,0,45000,0,0,0,604000,559000,45000,45000
064158,健鼎統一02購01  ,0,0,0,0,0,0,0,0,0,45000,0,0,0,45000,0,45000,45000
062319,南六凱基9B購02  ,0,0,0,0,0,0,0,0,0,45000,0,0,0,63000,18000,45000,45000
062045,崇越凱基9B購01  ,0,0,0,0,0,0,0,0,0,45000,0,0,0,45000,0,45000,45000
066650,宏達電康和01購01,0,0,0,0,0,0,0,0,0,45000,0,0,0,94000,49000,45000,45000
067679,奇鋐元大02購02  ,0,0,0,0,0,0,0,0,0,45000,0,0,0,48000,3000,45000,45000
066224,眾達國泰03購01  ,0,0,0,0,0,0,0,0,0,45000,0,0,0,245000,200000,45000,45000
066045,聯發科元大01購08,0,0,0,0,0,0,0,0,0,45000,0,0,0,45000,0,45000,45000
065143,聯發科凱基9C購07,0,0,0,0,0,0,0,0,0,45000,0,0,0,45000,0,45000,45000
1614,三洋電          ,61000,16000,45000,0,0,0,0,0,0,0,0,0,0,0,0,0,45000
08972P,義隆永豐01售02  ,0,0,0,0,0,0,0,0,0,45000,0,0,0,100000,55000,45000,45000
08803P,鴻海元富07售08  ,0,0,0,0,0,0,0,0,0,45000,0,0,0,45000,0,45000,45000
068671,台積電統一04購02,0,0,0,0,0,0,0,0,0,44000,0,0,0,245000,201000,44000,44000
068267,台積電永豐01購04,0,0,0,0,0,0,0,0,0,44000,0,0,0,2541000,2497000,44000,44000
069234,華通康和03購01  ,0,0,0,0,0,0,0,0,0,44000,0,0,0,100000,56000,44000,44000
069364,鎧勝永豐02購01  ,0,0,0,0,0,0,0,0,0,44000,0,0,0,44000,0,44000,44000
054156,聯電亞東98購01  ,0,0,0,0,0,0,0,0,0,44000,0,0,0,44000,0,44000,44000
03324P,南六凱基02售03  ,0,0,0,0,0,0,0,0,0,44000,0,0,0,44000,0,44000,44000
00728,第一金工業30    ,0,0,0,0,0,0,0,0,0,44000,0,0,0,144000,100000,44000,44000
059140,大立光兆豐9A購02,0,0,0,0,0,0,0,0,0,44000,0,0,0,205000,161000,44000,44000
063955,TPK元大9C購01   ,0,0,0,0,0,0,0,0,0,44000,0,0,0,54000,10000,44000,44000
064780,義隆群益9C購04  ,0,0,0,0,0,0,0,0,0,44000,0,0,0,62000,18000,44000,44000
065005,台光電國票01購02,0,0,0,0,0,0,0,0,0,44000,0,0,0,44000,0,44000,44000
065001,中橡國票9C購01  ,0,0,0,0,0,0,0,0,0,44000,0,0,0,190000,146000,44000,44000
062688,華擎統一01購03  ,0,0,0,0,0,0,0,0,0,44000,0,0,0,52000,8000,44000,44000
065136,正隆凱基9C購01  ,0,0,0,0,0,0,0,0,0,44000,0,0,0,49000,5000,44000,44000
065604,聯發科元大9C購17,0,0,0,0,0,0,0,0,0,44000,0,0,0,86000,42000,44000,44000
066027,華擎群益02購01  ,0,0,0,0,0,0,0,0,0,44000,0,0,0,50000,6000,44000,44000
066216,南電統一03購01  ,0,0,0,0,0,0,0,0,0,44000,0,0,0,46000,2000,44000,44000
066183,眾達凱基01購01  ,0,0,0,0,0,0,0,0,0,44000,0,0,0,47000,3000,44000,44000
066394,建準凱基01購01  ,0,0,0,0,0,0,0,0,0,44000,0,0,0,50000,6000,44000,44000
066351,關貿永豐01購01  ,0,0,0,0,0,0,0,0,0,44000,0,0,0,45000,1000,44000,44000
067333,凌陽凱基02購01  ,10000,0,10000,0,0,0,0,0,0,34000,0,0,0,458000,424000,34000,44000
1437,勤益控          ,50000,6000,44000,0,0,0,0,0,0,0,0,0,0,0,0,0,44000
2495,普安            ,95000,37000,58000,0,0,0,0,0,0,-14000,2000,16000,-14000,0,0,0,44000
08405P,聯發科元大9C售11,0,0,0,0,0,0,0,0,0,43000,0,0,0,50000,7000,43000,43000
08453P,玉晶光台新9C售02,0,0,0,0,0,0,0,0,0,43000,0,0,0,70000,27000,43000,43000
068164,南電元大01購07  ,0,0,0,0,0,0,0,0,0,43000,0,0,0,43000,0,43000,43000
068716,華通元大02購03  ,0,0,0,0,0,0,0,0,0,43000,0,0,0,53000,10000,43000,43000
068940,國巨日盛02購01  ,0,0,0,0,0,0,0,0,0,43000,0,0,0,93000,50000,43000,43000
058575,智邦群益99購01  ,0,0,0,0,0,0,0,0,0,43000,0,0,0,53000,10000,43000,43000
064984,同欣電元大9C購06,0,0,0,0,0,0,0,0,0,43000,0,0,0,100000,57000,43000,43000
064697,健策群益01購02  ,0,0,0,0,0,0,0,0,0,43000,0,0,0,143000,100000,43000,43000
063541,華擎元富9B購02  ,0,0,0,0,0,0,0,0,0,43000,0,0,0,399000,356000,43000,43000
066135,潤泰全群益02購01,0,0,0,0,0,0,0,0,0,43000,0,0,0,43000,0,43000,43000
065431,大立光凱基02購02,0,0,0,0,0,0,0,0,0,43000,0,0,0,257000,214000,43000,43000
3312,弘憶股          ,53000,13000,40000,0,0,0,0,0,0,3000,3000,0,3000,0,0,0,43000
3149,正達            ,107000,64000,43000,0,0,0,0,0,0,0,0,0,0,0,0,0,43000
4526,東台            ,83000,40000,43000,0,0,0,0,0,0,0,0,0,0,0,0,0,43000
069483,金像電元大02購07,0,0,0,0,0,0,0,0,0,42000,0,0,0,50000,8000,42000,42000
064470,世紀鋼元富03購01,0,0,0,0,0,0,0,0,0,42000,0,0,0,119000,77000,42000,42000
059155,台表科日盛99購01,0,0,0,0,0,0,0,0,0,42000,0,0,0,42000,0,42000,42000
0055,元大MSCI金融    ,0,0,0,0,0,0,0,0,0,42000,0,0,0,43000,1000,42000,42000
060265,宏達電國票9A購02,0,0,0,0,0,0,0,0,0,42000,0,0,0,44000,2000,42000,42000
061869,智邦元大9B購01  ,0,0,0,0,0,0,0,0,0,42000,0,0,0,170000,128000,42000,42000
062907,可成元大9C購03  ,0,0,0,0,0,0,0,0,0,42000,0,0,0,247000,205000,42000,42000
061541,旺宏群益9A購03  ,0,0,0,0,0,0,0,0,0,42000,0,0,0,42000,0,42000,42000
061344,禾伸堂元大9A購02,0,0,0,0,0,0,0,0,0,42000,0,0,0,160000,118000,42000,42000
065196,技嘉元富06購01  ,0,0,0,0,0,0,0,0,0,42000,0,0,0,42000,0,42000,42000
066028,嘉澤群益01購01  ,0,0,0,0,0,0,0,0,0,42000,0,0,0,42000,0,42000,42000
067703,臺股指國票01購11,0,0,0,0,0,0,0,0,0,42000,0,0,0,73000,31000,42000,42000
1626,艾美特-KY       ,31000,1000,30000,0,0,0,0,0,0,12000,12000,0,12000,0,0,0,42000
08701P,景碩康和01售02  ,0,0,0,0,0,0,0,0,0,42000,0,0,0,242000,200000,42000,42000
068524,友達元富07購01  ,0,0,0,0,0,0,0,0,0,41000,0,0,0,133000,92000,41000,41000
068168,臺股指元大01購18,0,0,0,0,0,0,0,0,0,41000,0,0,0,51000,10000,41000,41000
068173,友達中信01購05  ,0,0,0,0,0,0,0,0,0,41000,0,0,0,141000,100000,41000,41000
068306,建準國票03購01  ,0,0,0,0,0,0,0,0,0,41000,0,0,0,79000,38000,41000,41000
068072,聯發科凱基01購18,0,0,0,0,0,0,0,0,0,41000,0,0,0,44000,3000,41000,41000
060618,玉晶光元大9A購02,0,0,0,0,0,0,0,0,0,41000,0,0,0,41000,0,41000,41000
060541,正隆凱基9A購01  ,0,0,0,0,0,0,0,0,0,41000,0,0,0,51000,10000,41000,41000
063408,茂林國票9C購02  ,0,0,0,0,0,0,0,0,0,41000,0,0,0,111000,70000,41000,41000
063000,緯穎國票9B購03  ,0,0,0,0,0,0,0,0,0,41000,0,0,0,57000,16000,41000,41000
063087,南六凱基9C購02  ,0,0,0,0,0,0,0,0,0,41000,0,0,0,47000,6000,41000,41000
063268,GIS中信9B購01   ,0,0,0,0,0,0,0,0,0,41000,0,0,0,46000,5000,41000,41000
062832,嘉澤群益9B購02  ,0,0,0,0,0,0,0,0,0,41000,0,0,0,51000,10000,41000,41000
067741,中壽元大01購01  ,0,0,0,0,0,0,0,0,0,41000,0,0,0,117000,76000,41000,41000
065957,華擎統一03購02  ,0,0,0,0,0,0,0,0,0,41000,0,0,0,138000,97000,41000,41000
064901,牧德群益9C購01  ,0,0,0,0,0,0,0,0,0,41000,0,0,0,46000,5000,41000,41000
08581P,臺股指元大9C售29,0,0,0,0,0,0,0,0,0,41000,0,0,0,51000,10000,41000,41000
1720,生達            ,156000,102000,54000,0,0,0,0,0,0,-13000,21000,0,21000,0,34000,-34000,41000
1308,亞聚            ,168000,284000,-116000,0,0,0,0,0,0,157000,0,0,0,196000,39000,157000,41000
067960,帆宣永豐01購01  ,0,0,0,0,0,0,0,0,0,40000,0,0,0,50000,10000,40000,40000
068235,T50反1元大01購08,0,0,0,0,0,0,0,0,0,40000,0,0,0,40000,0,40000,40000
06970P,旺宏元大99售08  ,0,0,0,0,0,0,0,0,0,40000,0,0,0,50000,10000,40000,40000
069142,聯發科永豐02購02,0,0,0,0,0,0,0,0,0,40000,0,0,0,40000,0,40000,40000
08378P,世紀鋼元富9C售02,0,0,0,0,0,0,0,0,0,40000,0,0,0,80000,40000,40000,40000
08187P,大毅群益9B售04  ,0,0,0,0,0,0,0,0,0,40000,0,0,0,40000,0,40000,40000
08042P,臺股指群益9B售15,0,0,0,0,0,0,0,0,0,40000,0,0,0,40000,0,40000,40000
08043P,電子類群益9B售01,0,0,0,0,0,0,0,0,0,40000,0,0,0,40000,0,40000,40000
07652P,臺股指中信9A售07,0,0,0,0,0,0,0,0,0,40000,0,0,0,40000,0,40000,40000
07076P,鴻海凱基9A售08  ,0,0,0,0,0,0,0,0,0,40000,0,0,0,40000,0,40000,40000
07025P,玉晶光凱基99售01,0,0,0,0,0,0,0,0,0,40000,0,0,0,40000,0,40000,40000
07291P,臺股指凱基99售43,0,0,0,0,0,0,0,0,0,40000,0,0,0,40000,0,40000,40000
059028,嘉聯益台新99購02,0,0,0,0,0,0,0,0,0,40000,0,0,0,98000,58000,40000,40000
058670,鴻海群益9A購03  ,0,0,0,0,0,0,0,0,0,40000,0,0,0,40000,0,40000,40000
058229,為升元大99購02  ,0,0,0,0,0,0,0,0,0,40000,0,0,0,40000,0,40000,40000
058188,華擎永豐99購01  ,0,0,0,0,0,0,0,0,0,40000,0,0,0,40000,0,40000,40000
064494,南亞科元大9C購02,0,0,0,0,0,0,0,0,0,40000,0,0,0,40000,0,40000,40000
064535,國產國票01購01  ,0,0,0,0,0,0,0,0,0,40000,0,0,0,228000,188000,40000,40000
063817,GIS群益9C購01   ,0,0,0,0,0,0,0,0,0,40000,0,0,0,233000,193000,40000,40000
063442,金像電統一01購01,0,0,0,0,0,0,0,0,0,40000,0,0,0,40000,0,40000,40000
060116,世紀鋼元大99購07,0,0,0,0,0,0,0,0,0,40000,0,0,0,40000,0,40000,40000
057275,友達元大9A購04  ,0,0,0,0,0,0,0,0,0,40000,0,0,0,40000,0,40000,40000
03439P,聯電凱基02售05  ,0,0,0,0,0,0,0,0,0,40000,0,0,0,40000,0,40000,40000
03018P,華邦電群益01售03,0,0,0,0,0,0,0,0,0,40000,0,0,0,40000,0,40000,40000
03092P,臺股指元大01售21,0,0,0,0,0,0,0,0,0,40000,0,0,0,50000,10000,40000,40000
057758,鴻海凱基99購03  ,0,0,0,0,0,0,0,0,0,40000,0,0,0,50000,10000,40000,40000
062002,鴻海國泰01購01  ,0,0,0,0,0,0,0,0,0,40000,0,0,0,40000,0,40000,40000
061989,晶技元大9B購04  ,0,0,0,0,0,0,0,0,0,40000,0,0,0,40000,0,40000,40000
062213,和大統一9B購02  ,0,0,0,0,0,0,0,0,0,40000,0,0,0,40000,0,40000,40000
062147,大毅國票9B購02  ,0,0,0,0,0,0,0,0,0,40000,0,0,0,40000,0,40000,40000
063719,T50反1元大9B購11,0,0,0,0,0,0,0,0,0,40000,0,0,0,40000,0,40000,40000
063213,智伸科國票9C購01,0,0,0,0,0,0,0,0,0,40000,0,0,0,40000,0,40000,40000
061153,奇力新群益9A購02,0,0,0,0,0,0,0,0,0,40000,0,0,0,40000,0,40000,40000
061799,奇鋐永豐9B購01  ,0,0,0,0,0,0,0,0,0,40000,0,0,0,127000,87000,40000,40000
066207,聯鈞統一01購02  ,0,0,0,0,0,0,0,0,0,40000,0,0,0,40000,0,40000,40000
066262,華碩元大01購02  ,0,0,0,0,0,0,0,0,0,40000,0,0,0,49000,9000,40000,40000
066362,瑞昱中信05購01  ,0,0,0,0,0,0,0,0,0,40000,0,0,0,90000,50000,40000,40000
066366,信邦中信02購01  ,0,0,0,0,0,0,0,0,0,40000,0,0,0,78000,38000,40000,40000
067504,鴻海統一01購07  ,0,0,0,0,0,0,0,0,0,40000,0,0,0,40000,0,40000,40000
067617,臺股指凱基01購12,0,0,0,0,0,0,0,0,0,40000,0,0,0,40000,0,40000,40000
067137,健策永豐01購03  ,0,0,0,0,0,0,0,0,0,40000,0,0,0,126000,86000,40000,40000
066702,開發金群益03購01,0,0,0,0,0,0,0,0,0,40000,0,0,0,210000,170000,40000,40000
066792,T50反1凱基01購03,0,0,0,0,0,0,0,0,0,40000,0,0,0,225000,185000,40000,40000
066572,台郡元大01購02  ,0,0,0,0,0,0,0,0,0,40000,0,0,0,115000,75000,40000,40000
067038,滬深2X凱基04購02,0,0,0,0,0,0,0,0,0,40000,0,0,0,55000,15000,40000,40000
06682P,玉晶光元大99售08,0,0,0,0,0,0,0,0,0,40000,0,0,0,40000,0,40000,40000
3443,創意            ,398000,467000,-69000,0,0,0,104000,0,104000,5000,102000,54000,48000,45000,88000,-43000,40000
2440,太空梭          ,40000,0,40000,0,0,0,0,0,0,0,0,0,0,0,0,0,40000
9955,佳龍            ,94000,54000,40000,0,0,0,0,0,0,0,0,0,0,0,0,0,40000
07653P,華新科群益9A售05,0,0,0,0,0,0,0,0,0,39000,0,0,0,49000,10000,39000,39000
08383P,智邦群益9C售03  ,0,0,0,0,0,0,0,0,0,39000,0,0,0,50000,11000,39000,39000
069134,上銀永豐02購01  ,0,0,0,0,0,0,0,0,0,39000,0,0,0,150000,111000,39000,39000
069352,義隆國泰04購01  ,0,0,0,0,0,0,0,0,0,39000,0,0,0,309000,270000,39000,39000
068760,精元永豐02購01  ,0,0,0,0,0,0,0,0,0,39000,0,0,0,122000,83000,39000,39000
068947,台達電凱基03購01,0,0,0,0,0,0,0,0,0,39000,0,0,0,184000,145000,39000,39000
069056,南電元富08購01  ,0,0,0,0,0,0,0,0,0,39000,0,0,0,39000,0,39000,39000
02001L,富邦蘋果正二N   ,0,0,0,0,0,0,0,0,0,39000,0,0,0,39000,0,39000,39000
060130,瀚宇博永豐99購02,0,0,0,0,0,0,0,0,0,39000,0,0,0,103000,64000,39000,39000
060133,牧德群益9B購01  ,0,0,0,0,0,0,0,0,0,39000,0,0,0,39000,0,39000,39000
064517,國巨群益02購01  ,0,0,0,0,0,0,0,0,0,39000,0,0,0,103000,64000,39000,39000
058061,貿聯元富9B購01  ,0,0,0,0,0,0,0,0,0,39000,0,0,0,119000,80000,39000,39000
064577,大立光國泰02購01,0,0,0,0,0,0,0,0,0,39000,0,0,0,39000,0,39000,39000
061584,勤誠元大9A購01  ,0,0,0,0,0,0,0,0,0,39000,0,0,0,39000,0,39000,39000
061447,鴻海中信04購02  ,0,0,0,0,0,0,0,0,0,39000,0,0,0,39000,0,39000,39000
064052,創意統一01購02  ,0,0,0,0,0,0,0,0,0,39000,0,0,0,39000,0,39000,39000
063689,可成永豐9B購04  ,0,0,0,0,0,0,0,0,0,39000,0,0,0,62000,23000,39000,39000
061649,緯穎元大9A購06  ,0,0,0,0,0,0,0,0,0,39000,0,0,0,39000,0,39000,39000
065087,可成元大9C購08  ,0,0,0,0,0,0,0,0,0,39000,0,0,0,148000,109000,39000,39000
2380,虹光            ,39000,0,39000,0,0,0,0,0,0,0,0,0,0,0,0,0,39000
4576,大銀微系統      ,45000,6000,39000,0,0,0,0,0,0,0,0,0,0,0,0,0,39000
5283,禾聯碩          ,37000,0,37000,0,0,0,0,0,0,2000,2000,0,2000,0,0,0,39000
6108,競國            ,57000,50000,7000,0,0,0,0,0,0,32000,32000,0,32000,0,0,0,39000
1234,黑松            ,57000,18000,39000,0,0,0,0,0,0,0,0,0,0,0,0,0,39000
1809,中釉            ,368000,329000,39000,0,0,0,0,0,0,0,0,0,0,0,0,0,39000
069009,聯詠兆豐03購02  ,0,0,0,0,0,0,0,0,0,38000,0,0,0,64000,26000,38000,38000
068271,大毅永豐01購03  ,0,0,0,0,0,0,0,0,0,38000,0,0,0,75000,37000,38000,38000
068374,技嘉永豐01購01  ,0,0,0,0,0,0,0,0,0,38000,0,0,0,716000,678000,38000,38000
058242,玉晶光元大9A購01,0,0,0,0,0,0,0,0,0,38000,0,0,0,45000,7000,38000,38000
058589,群創中信01購01  ,0,0,0,0,0,0,0,0,0,38000,0,0,0,57000,19000,38000,38000
059878,聯茂凱基99購07  ,0,0,0,0,0,0,0,0,0,38000,0,0,0,88000,50000,38000,38000
064328,華通元大9C購04  ,0,0,0,0,0,0,0,0,0,38000,0,0,0,50000,12000,38000,38000
055092,開發金群益9B購01,0,0,0,0,0,0,0,0,0,38000,0,0,0,210000,172000,38000,38000
056744,麗豐凱基9A購01  ,0,0,0,0,0,0,0,0,0,38000,0,0,0,50000,12000,38000,38000
062119,世紀鋼中信9B購01,0,0,0,0,0,0,0,0,0,38000,0,0,0,112000,74000,38000,38000
064286,TPK元大9C購02   ,0,0,0,0,0,0,0,0,0,38000,0,0,0,49000,11000,38000,38000
063675,亞德客國泰01購01,0,0,0,0,0,0,0,0,0,38000,0,0,0,46000,8000,38000,38000
064005,義隆凱基01購01  ,0,0,0,0,0,0,0,0,0,38000,0,0,0,50000,12000,38000,38000
061318,智邦凱基9B購01  ,0,0,0,0,0,0,0,0,0,38000,0,0,0,179000,141000,38000,38000
063073,瑞昱永豐9B購01  ,0,0,0,0,0,0,0,0,0,38000,0,0,0,58000,20000,38000,38000
062680,微星統一01購01  ,0,0,0,0,0,0,0,0,0,38000,0,0,0,40000,2000,38000,38000
064725,緯創統一02購01  ,0,0,0,0,0,0,0,0,0,38000,0,0,0,46000,8000,38000,38000
065777,正崴國泰03購01  ,0,0,0,0,0,0,0,0,0,38000,0,0,0,68000,30000,38000,38000
066399,聯鈞凱基01購02  ,0,0,0,0,0,0,0,0,0,38000,0,0,0,38000,0,38000,38000
066708,嘉澤群益02購01  ,0,0,0,0,0,0,0,0,0,38000,0,0,0,68000,30000,38000,38000
067265,巨大國票02購01  ,0,0,0,0,0,0,0,0,0,38000,0,0,0,105000,67000,38000,38000
067552,亞光兆豐01購01  ,0,0,0,0,0,0,0,0,0,38000,0,0,0,50000,12000,38000,38000
08792P,聯發科中信02售02,0,0,0,0,0,0,0,0,0,38000,0,0,0,38000,0,38000,38000
6477,安集            ,428000,393000,35000,0,0,0,0,0,0,3000,5000,2000,3000,0,0,0,38000
6215,和椿            ,48000,11000,37000,0,0,0,0,0,0,1000,1000,0,1000,0,0,0,38000
069609,GIS國票03購01   ,0,0,0,0,0,0,0,0,0,37000,0,0,0,39000,2000,37000,37000
07894P,燿華元大9B售01  ,0,0,0,0,0,0,0,0,0,37000,0,0,0,37000,0,37000,37000
00731,FH富時高息低波  ,5000,5000,0,0,0,0,0,0,0,37000,0,0,0,1039000,1002000,37000,37000
057856,聯鈞國票99購03  ,0,0,0,0,0,0,0,0,0,37000,0,0,0,38000,1000,37000,37000
03230P,道瓊銀元大02售02,0,0,0,0,0,0,0,0,0,37000,0,0,0,374000,337000,37000,37000
059453,奇力新永豐99購01,0,0,0,0,0,0,0,0,0,37000,0,0,0,37000,0,37000,37000
064711,國喬統一02購01  ,0,0,0,0,0,0,0,0,0,37000,0,0,0,439000,402000,37000,37000
061822,和潤群益9B購01  ,0,0,0,0,0,0,0,0,0,37000,0,0,0,56000,19000,37000,37000
064667,大立光元大02購01,0,0,0,0,0,0,0,0,0,37000,0,0,0,40000,3000,37000,37000
064596,台表科統一01購03,0,0,0,0,0,0,0,0,0,37000,0,0,0,1521000,1484000,37000,37000
064092,世紀鋼凱基9C購03,0,0,0,0,0,0,0,0,0,37000,0,0,0,45000,8000,37000,37000
062482,台表科國票9B購01,0,0,0,0,0,0,0,0,0,37000,0,0,0,37000,0,37000,37000
064429,鴻海凱基03購03  ,0,0,0,0,0,0,0,0,0,37000,0,0,0,47000,10000,37000,37000
067489,華擎元大01購06  ,0,0,0,0,0,0,0,0,0,37000,0,0,0,386000,349000,37000,37000
067708,華新科元富01購01,0,0,0,0,0,0,0,0,0,37000,0,0,0,289000,252000,37000,37000
067178,京鼎康和01購01  ,0,0,0,0,0,0,0,0,0,37000,0,0,0,99000,62000,37000,37000
066494,旺宏國泰03購01  ,0,0,0,0,0,0,0,0,0,37000,0,0,0,38000,1000,37000,37000
5907,大洋-KY         ,42000,28000,14000,0,0,0,0,0,0,23000,23000,0,23000,0,0,0,37000
3311,閎暉            ,39000,4000,35000,0,0,0,0,0,0,2000,2000,0,2000,0,0,0,37000
069305,華通凱基03購04  ,0,0,0,0,0,0,0,0,0,36000,0,0,0,36000,0,36000,36000
069273,精元永豐02購02  ,0,0,0,0,0,0,0,0,0,36000,0,0,0,164000,128000,36000,36000
067867,冠德元大01購01  ,20000,0,20000,0,0,0,0,0,0,16000,0,0,0,456000,440000,16000,36000
058588,致茂中信9B購01  ,0,0,0,0,0,0,0,0,0,36000,0,0,0,46000,10000,36000,36000
059024,大立光統一9B購04,0,0,0,0,0,0,0,0,0,36000,0,0,0,55000,19000,36000,36000
058967,可成麥證99購01  ,0,0,0,36000,0,36000,0,0,0,36000,0,0,0,36000,0,36000,36000
03164P,牧德元大01售03  ,0,0,0,0,0,0,0,0,0,36000,0,0,0,120000,84000,36000,36000
03033X,元展30          ,0,0,0,0,0,0,0,0,0,36000,0,0,0,41000,5000,36000,36000
03451P,創意元大02售01  ,0,0,0,0,0,0,0,0,0,36000,0,0,0,50000,14000,36000,36000
03408P,南電國泰02售02  ,0,0,0,0,0,0,0,0,0,36000,0,0,0,1836000,1800000,36000,36000
03694C,臺股指元大04牛08,0,0,0,0,0,0,0,0,0,36000,0,0,0,41000,5000,36000,36000
062763,華擎凱基9C購02  ,0,0,0,0,0,0,0,0,0,36000,0,0,0,36000,0,36000,36000
062732,南六凱基9B購03  ,0,0,0,0,0,0,0,0,0,36000,0,0,0,38000,2000,36000,36000
063257,牧德國泰01購01  ,0,0,0,0,0,0,0,0,0,36000,0,0,0,66000,30000,36000,36000
061796,興勤永豐9B購01  ,0,0,0,0,0,0,0,0,0,36000,0,0,0,273000,237000,36000,36000
062609,帆宣凱基9B購01  ,0,0,0,0,0,0,0,0,0,36000,0,0,0,39000,3000,36000,36000
061557,台積電國票9C購02,0,0,0,0,0,0,0,0,0,36000,0,0,0,70000,34000,36000,36000
066944,鴻海元大01購13  ,0,0,0,0,0,0,0,0,0,36000,0,0,0,91000,55000,36000,36000
067697,致茂國票02購01  ,0,0,0,0,0,0,0,0,0,36000,0,0,0,108000,72000,36000,36000
3028,增你強          ,21000,2000,19000,0,0,0,0,0,0,17000,17000,0,17000,0,0,0,36000
2908,特力            ,53000,17000,36000,0,0,0,0,0,0,0,0,0,0,0,0,0,36000
068139,亞德客元大01購05,0,0,0,0,0,0,0,0,0,35000,0,0,0,42000,7000,35000,35000
053396,漢唐中信9A購01  ,0,0,0,0,0,0,0,0,0,35000,0,0,0,44000,9000,35000,35000
03175P,台積電國票03售04,0,0,0,0,0,0,0,0,0,35000,0,0,0,40000,5000,35000,35000
059165,南亞科凱基99購04,0,0,0,0,0,0,0,0,0,35000,0,0,0,63000,28000,35000,35000
059756,奇力新富邦9C購01,0,0,0,0,0,0,0,0,0,35000,0,0,0,35000,0,35000,35000
063409,GIS國票9C購02   ,0,0,0,0,0,0,0,0,0,35000,0,0,0,35000,0,35000,35000
061388,台積電群益9A購05,0,0,0,0,0,0,0,0,0,35000,0,0,0,55000,20000,35000,35000
061389,華新科群益9B購01,0,0,0,0,0,0,0,0,0,35000,0,0,0,35000,0,35000,35000
062607,美食凱基9B購01  ,0,0,0,0,0,0,0,0,0,35000,0,0,0,45000,10000,35000,35000
061782,智邦群益9B購01  ,0,0,0,0,0,0,0,0,0,35000,0,0,0,83000,48000,35000,35000
063989,大立光永豐9C購01,0,0,0,0,0,0,0,0,0,35000,0,0,0,60000,25000,35000,35000
063891,國巨群益9C購07  ,0,0,0,0,0,0,0,0,0,35000,0,0,0,99000,64000,35000,35000
064081,國產中信06購01  ,0,0,0,0,0,0,0,0,0,35000,0,0,0,293000,258000,35000,35000
064131,群創元大01購02  ,0,0,0,0,0,0,0,0,0,35000,0,0,0,39000,4000,35000,35000
062429,A50正2元大9B購01,0,0,0,0,0,0,0,0,0,35000,0,0,0,35000,0,35000,35000
062190,瀚宇博元大9B購01,0,0,0,0,0,0,0,0,0,35000,0,0,0,130000,95000,35000,35000
067163,眾達國票02購01  ,0,0,0,0,0,0,0,0,0,35000,0,0,0,35000,0,35000,35000
067351,國巨群益01購08  ,0,0,0,0,0,0,0,0,0,35000,0,0,0,40000,5000,35000,35000
066687,國巨元富07購05  ,0,0,0,0,0,0,0,0,0,35000,0,0,0,60000,25000,35000,35000
065980,中租元大02購01  ,0,0,0,0,0,0,0,0,0,35000,0,0,0,44000,9000,35000,35000
065718,健策中信9C購02  ,0,0,0,0,0,0,0,0,0,35000,0,0,0,45000,10000,35000,35000
065535,健鼎統一02購03  ,0,0,0,0,0,0,0,0,0,35000,0,0,0,35000,0,35000,35000
065327,台表科凱基9C購02,0,0,0,0,0,0,0,0,0,35000,0,0,0,35000,0,35000,35000
3004,豐達科          ,42000,7000,35000,0,0,0,0,0,0,0,0,0,0,0,0,0,35000
2704,國賓            ,37000,6000,31000,0,0,0,0,0,0,4000,4000,0,4000,0,0,0,35000
4916,事欣科          ,37000,2000,35000,0,0,0,0,0,0,0,0,0,0,0,0,0,35000
08873P,欣興永豐01售01  ,0,0,0,0,0,0,0,0,0,35000,0,0,0,225000,190000,35000,35000
068815,精元元大02購01  ,0,0,0,0,0,0,0,0,0,34000,0,0,0,34000,0,34000,34000
068882,亞德客統一04購01,0,0,0,0,0,0,0,0,0,34000,0,0,0,40000,6000,34000,34000
068484,聯電元大03購02  ,0,0,0,0,0,0,0,0,0,34000,0,0,0,44000,10000,34000,34000
069084,TPK凱基04購01   ,0,0,0,0,0,0,0,0,0,34000,0,0,0,34000,0,34000,34000
08189P,超眾群益9B售04  ,0,0,0,0,0,0,0,0,0,34000,0,0,0,38000,4000,34000,34000
061039,台表科永豐9A購03,0,0,0,0,0,0,0,0,0,34000,0,0,0,49000,15000,34000,34000
060058,牧德凱基9B購01  ,0,0,0,0,0,0,0,0,0,34000,0,0,0,34000,0,34000,34000
03116P,玉晶光康和01售02,0,0,0,0,0,0,0,0,0,34000,0,0,0,40000,6000,34000,34000
055579,健策統一9A購01  ,0,0,0,0,0,0,0,0,0,34000,0,0,0,34000,0,34000,34000
063347,祥碩統一01購03  ,0,0,0,0,0,0,0,0,0,34000,0,0,0,34000,0,34000,34000
066329,達欣工永豐01購01,0,0,0,0,0,0,0,0,0,34000,0,0,0,372000,338000,34000,34000
3504,揚明光          ,66000,30000,36000,0,0,0,0,0,0,-2000,1000,0,1000,0,3000,-3000,34000
5533,皇鼎            ,28000,7000,21000,0,0,0,0,0,0,13000,13000,0,13000,0,0,0,34000
08540P,嘉晶國票01售01  ,0,0,0,0,0,0,0,0,0,33000,0,0,0,34000,1000,33000,33000
068303,台積電國票01購08,0,0,0,0,0,0,0,0,0,33000,0,0,0,134000,101000,33000,33000
056943,華通統一99購01  ,0,0,0,0,0,0,0,0,0,33000,0,0,0,33000,0,33000,33000
03101P,GIS凱基01售04   ,0,0,0,0,0,0,0,0,0,33000,0,0,0,126000,93000,33000,33000
058673,華新科群益9A購02,0,0,0,0,0,0,0,0,0,33000,0,0,0,98000,65000,33000,33000
058324,嘉聯益永豐9A購01,0,0,0,0,0,0,0,0,0,33000,0,0,0,65000,32000,33000,33000
058209,臺股指凱基01購01,0,0,0,0,0,0,0,0,0,33000,0,0,0,33000,0,33000,33000
059833,緯穎康和99購01  ,0,0,0,0,0,0,0,0,0,33000,0,0,0,100000,67000,33000,33000
064630,巨大元大9C購01  ,0,0,0,0,0,0,0,0,0,33000,0,0,0,55000,22000,33000,33000
062560,奇鋐凱基9B購02  ,0,0,0,0,0,0,0,0,0,33000,0,0,0,33000,0,33000,33000
066200,建準統一02購01  ,0,0,0,0,0,0,0,0,0,33000,0,0,0,38000,5000,33000,33000
065240,矽創凱基01購01  ,0,0,0,0,0,0,0,0,0,33000,0,0,0,33000,0,33000,33000
065129,上銀兆豐01購01  ,0,0,0,0,0,0,0,0,0,33000,0,0,0,33000,0,33000,33000
6177,達麗            ,27000,153000,-126000,0,0,0,0,0,0,159000,0,0,0,159000,0,159000,33000
3550,聯穎            ,33000,9000,24000,0,0,0,0,0,0,9000,10000,1000,9000,0,0,0,33000
08851P,義隆群益01售03  ,0,0,0,0,0,0,0,0,0,33000,0,0,0,100000,67000,33000,33000
068185,嘉聯益群益01購01,0,0,0,0,0,0,0,0,0,32000,0,0,0,273000,241000,32000,32000
069162,聯發科元大02購09,0,0,0,0,0,0,0,0,0,32000,0,0,0,50000,18000,32000,32000
060698,旺宏國泰9C購01  ,0,0,0,0,0,0,0,0,0,32000,0,0,0,44000,12000,32000,32000
058875,台表科國票9A購02,0,0,0,0,0,0,0,0,0,32000,0,0,0,34000,2000,32000,32000
064388,緯穎富邦9C購01  ,0,0,0,0,0,0,0,0,0,32000,0,0,0,236000,204000,32000,32000
00646,元大S&P500      ,1000,0,1000,0,0,0,0,0,0,31000,0,0,0,216000,185000,31000,32000
03174P,台積電國票01售12,0,0,0,0,0,0,0,0,0,32000,0,0,0,40000,8000,32000,32000
052142,滬深2X群益99購04,0,0,0,0,0,0,0,0,0,32000,0,0,0,32000,0,32000,32000
062600,可成台新9B購01  ,0,0,0,0,0,0,0,0,0,32000,0,0,0,213000,181000,32000,32000
064289,台郡元大9C購01  ,0,0,0,0,0,0,0,0,0,32000,0,0,0,32000,0,32000,32000
064788,台汽電群益9C購01,0,0,0,0,0,0,0,0,0,32000,0,0,0,32000,0,32000,32000
064791,友達國票9C購01  ,0,0,0,0,0,0,0,0,0,32000,0,0,0,32000,0,32000,32000
065262,義隆元大9C購06  ,0,0,0,0,0,0,0,0,0,32000,0,0,0,161000,129000,32000,32000
065447,緯創統一02購02  ,0,0,0,0,0,0,0,0,0,32000,0,0,0,32000,0,32000,32000
066265,精元元大01購01  ,0,0,0,0,0,0,0,0,0,32000,0,0,0,32000,0,32000,32000
066057,華擎元大02購01  ,0,0,0,0,0,0,0,0,0,32000,0,0,0,164000,132000,32000,32000
066765,揚明光永豐01購01,0,0,0,0,0,0,0,0,0,32000,0,0,0,32000,0,32000,32000
066927,亞德客國票02購01,0,0,0,0,0,0,0,0,0,32000,0,0,0,32000,0,32000,32000
067285,欣興國票02購01  ,0,0,0,0,0,0,0,0,0,32000,0,0,0,37000,5000,32000,32000
08920P,臺股指凱基03售07,0,0,0,0,0,0,0,0,0,32000,0,0,0,297000,265000,32000,32000
08624P,力成群益9C售01  ,0,0,0,0,0,0,0,0,0,32000,0,0,0,32000,0,32000,32000
2923,鼎固-KY         ,51000,19000,32000,0,0,0,0,0,0,0,0,0,0,0,0,0,32000
3013,晟銘電          ,30000,0,30000,0,0,0,0,0,0,2000,2000,0,2000,0,0,0,32000
9943,好樂迪          ,36000,4000,32000,0,0,0,0,0,0,0,0,0,0,0,0,0,32000
069165,國揚元大02購02  ,0,0,0,0,0,0,0,0,0,31000,0,0,0,83000,52000,31000,31000
07039P,南電台新99售01  ,0,0,0,0,0,0,0,0,0,31000,0,0,0,31000,0,31000,31000
08016P,臺股指凱基02售02,0,0,0,0,0,0,0,0,0,31000,0,0,0,31000,0,31000,31000
068082,南六凱基03購01  ,0,0,0,0,0,0,0,0,0,31000,0,0,0,122000,91000,31000,31000
068837,欣興永豐02購02  ,0,0,0,0,0,0,0,0,0,31000,0,0,0,31000,0,31000,31000
057240,茂林凱基9A購01  ,0,0,0,0,0,0,0,0,0,31000,0,0,0,61000,30000,31000,31000
060153,A50正2永豐9A購01,0,0,0,0,0,0,0,0,0,31000,0,0,0,31000,0,31000,31000
064343,健鼎元大9C購01  ,0,0,0,0,0,0,0,0,0,31000,0,0,0,231000,200000,31000,31000
059161,鴻海凱基9A購09  ,0,0,0,0,0,0,0,0,0,31000,0,0,0,31000,0,31000,31000
060763,聯鈞元大9A購03  ,0,0,0,0,0,0,0,0,0,31000,0,0,0,31000,0,31000,31000
059863,和大凱基99購01  ,0,0,0,0,0,0,0,0,0,31000,0,0,0,31000,0,31000,31000
063034,致茂凱基9B購01  ,0,0,0,0,0,0,0,0,0,31000,0,0,0,31000,0,31000,31000
061446,鴻海中信04購01  ,0,0,0,0,0,0,0,0,0,31000,0,0,0,31000,0,31000,31000
064310,華新科群益9C購02,0,0,0,0,0,0,0,0,0,31000,0,0,0,98000,67000,31000,31000
062005,旺宏國泰01購01  ,0,0,0,0,0,0,0,0,0,31000,0,0,0,31000,0,31000,31000
062163,大毅國泰01購01  ,0,0,0,0,0,0,0,0,0,31000,0,0,0,31000,0,31000,31000
062689,華擎統一02購01  ,0,0,0,0,0,0,0,0,0,31000,0,0,0,161000,130000,31000,31000
064430,鴻海凱基03購04  ,0,0,0,0,0,0,0,0,0,31000,0,0,0,41000,10000,31000,31000
063707,儒鴻凱基9C購01  ,0,0,0,0,0,0,0,0,0,31000,0,0,0,87000,56000,31000,31000
063510,台表科群益9C購01,0,0,0,0,0,0,0,0,0,31000,0,0,0,77000,46000,31000,31000
067257,帆宣國票02購01  ,0,0,0,0,0,0,0,0,0,31000,0,0,0,31000,0,31000,31000
066934,宏達電國票02購01,0,0,0,0,0,0,0,0,0,31000,0,0,0,42000,11000,31000,31000
066954,聯詠元大01購04  ,0,0,0,0,0,0,0,0,0,31000,0,0,0,114000,83000,31000,31000
066344,拓凱永豐01購01  ,0,0,0,0,0,0,0,0,0,31000,0,0,0,84000,53000,31000,31000
8072,陞泰            ,36000,5000,31000,0,0,0,0,0,0,0,0,0,0,0,0,0,31000
3022,威強電          ,123000,92000,31000,0,0,0,0,0,0,0,0,0,0,0,0,0,31000
2020,美亞            ,61000,30000,31000,0,0,0,0,0,0,0,0,0,0,0,0,0,31000
1321,大洋            ,84000,53000,31000,0,0,0,0,0,0,0,0,0,0,0,0,0,31000
1524,耿鼎            ,35000,4000,31000,0,0,0,0,0,0,0,0,0,0,0,0,0,31000
068858,台積電元富08購05,0,0,0,0,0,0,0,0,0,30000,0,0,0,32000,2000,30000,30000
068705,聯發科國票03購03,0,0,0,0,0,0,0,0,0,30000,0,0,0,52000,22000,30000,30000
06861P,台積電國票99售08,0,0,0,0,0,0,0,0,0,30000,0,0,0,30000,0,30000,30000
068079,瑞儀凱基01購01  ,0,0,0,0,0,0,0,0,0,30000,0,0,0,306000,276000,30000,30000
067896,玉晶光群益02購10,0,0,0,0,0,0,0,0,0,30000,0,0,0,30000,0,30000,30000
067843,聯發科元富07購05,0,0,0,0,0,0,0,0,0,30000,0,0,0,50000,20000,30000,30000
06834P,訊芯群益99售02  ,0,0,0,0,0,0,0,0,0,30000,0,0,0,70000,40000,30000,30000
08101P,超眾群益9B售02  ,0,0,0,0,0,0,0,0,0,30000,0,0,0,30000,0,30000,30000
08135P,玉晶光國泰01售02,0,0,0,0,0,0,0,0,0,30000,0,0,0,30000,0,30000,30000
07844P,可成國票9A售01  ,0,0,0,0,0,0,0,0,0,30000,0,0,0,172000,142000,30000,30000
07943P,瑞昱元大9B售02  ,0,0,0,0,0,0,0,0,0,30000,0,0,0,30000,0,30000,30000
07976P,聯發科群益9C售02,0,0,0,0,0,0,0,0,0,30000,0,0,0,30000,0,30000,30000
07977P,華新科群益01售01,0,0,0,0,0,0,0,0,0,30000,0,0,0,40000,10000,30000,30000
07388P,臺股指群益9C售07,0,0,0,0,0,0,0,0,0,30000,0,0,0,30000,0,30000,30000
069122,聯茂群益02購01  ,0,0,0,0,0,0,0,0,0,30000,0,0,0,35000,5000,30000,30000
069259,台表科凱基02購04,0,0,0,0,0,0,0,0,0,30000,0,0,0,30000,0,30000,30000
057883,中環群益98購01  ,0,0,0,0,0,0,0,0,0,30000,0,0,0,30000,0,30000,30000
058216,TPK群益99購01   ,0,0,0,0,0,0,0,0,0,30000,0,0,0,30000,0,30000,30000
058159,健策台新9A購01  ,0,0,0,0,0,0,0,0,0,30000,0,0,0,30000,0,30000,30000
058649,健策永豐99購01  ,0,0,0,0,0,0,0,0,0,30000,0,0,0,30000,0,30000,30000
058728,SP黃豆永豐99購01,0,0,0,0,0,0,0,0,0,30000,0,0,0,30000,0,30000,30000
059121,瑞儀永豐99購01  ,0,0,0,0,0,0,0,0,0,30000,0,0,0,30000,0,30000,30000
059051,和大凱基9A購01  ,0,0,0,0,0,0,0,0,0,30000,0,0,0,204000,174000,30000,30000
059375,道瓊反群益9C購02,0,0,0,0,0,0,0,0,0,30000,0,0,0,150000,120000,30000,30000
058828,大毅永豐99購01  ,0,0,0,0,0,0,0,0,0,30000,0,0,0,30000,0,30000,30000
061033,台光電永豐9A購01,0,0,0,0,0,0,0,0,0,30000,0,0,0,30000,0,30000,30000
059978,國巨元大99購29  ,0,0,0,0,0,0,0,0,0,30000,0,0,0,30000,0,30000,30000
059950,百和永豐99購02  ,0,0,0,0,0,0,0,0,0,30000,0,0,0,37000,7000,30000,30000
061012,國巨麥證9A購03  ,0,0,0,40000,33000,7000,0,0,0,30000,0,0,0,63000,33000,30000,30000
063417,金像電凱基9B購03,0,0,0,0,0,0,0,0,0,30000,0,0,0,41000,11000,30000,30000
060791,聯茂富邦9A購02  ,0,0,0,0,0,0,0,0,0,30000,0,0,0,30000,0,30000,30000
060801,滬深2X中信01購01,0,0,0,0,0,0,0,0,0,30000,0,0,0,40000,10000,30000,30000
051597,T50反1中信99購02,0,0,0,0,0,0,0,0,0,30000,0,0,0,40000,10000,30000,30000
053883,大立光中信98購02,0,0,0,0,0,0,0,0,0,30000,0,0,0,30000,0,30000,30000
054793,牧德群益9A購01  ,0,0,0,0,0,0,0,0,0,30000,0,0,0,30000,0,30000,30000
056606,華新科富邦9A購02,0,0,0,0,0,0,0,0,0,30000,0,0,0,30000,0,30000,30000
056290,正文永豐98購01  ,0,0,0,0,0,0,0,0,0,30000,0,0,0,30000,0,30000,30000
0053,元大電子        ,0,0,0,0,0,0,0,0,0,30000,0,0,0,31000,1000,30000,30000
03091P,臺股指元大01售20,0,0,0,0,0,0,0,0,0,30000,0,0,0,115000,85000,30000,30000
03002P,玉晶光群益02售18,0,0,0,0,0,0,0,0,0,30000,0,0,0,30000,0,30000,30000
063478,GIS元大9B購03   ,0,0,0,0,0,0,0,0,0,30000,0,0,0,53000,23000,30000,30000
062466,FBVIX凱基9B購01 ,0,0,0,0,0,0,0,0,0,30000,0,0,0,30000,0,30000,30000
064128,國產元大9C購01  ,0,0,0,0,0,0,0,0,0,30000,0,0,0,30000,0,30000,30000
064080,宏達電中信06購01,0,0,0,0,0,0,0,0,0,30000,0,0,0,117000,87000,30000,30000
063993,華通群益01購01  ,0,0,0,0,0,0,0,0,0,30000,0,0,0,30000,0,30000,30000
062521,玉晶光元大9C購05,0,0,0,0,0,0,0,0,0,30000,0,0,0,30000,0,30000,30000
062835,瑞儀群益9B購01  ,0,0,0,0,0,0,0,0,0,30000,0,0,0,50000,20000,30000,30000
062178,上銀元大9B購03  ,0,0,0,0,0,0,0,0,0,30000,0,0,0,30000,0,30000,30000
061500,京鼎國票9B購01  ,0,0,0,0,0,0,0,0,0,30000,0,0,0,30000,0,30000,30000
063277,大成鋼元大9B購03,0,0,0,0,0,0,0,0,0,30000,0,0,0,30000,0,30000,30000
063936,道瓊反元大9C購02,0,0,0,0,0,0,0,0,0,30000,0,0,0,30000,0,30000,30000
064569,群創群益9C購01  ,0,0,0,0,0,0,0,0,0,30000,0,0,0,102000,72000,30000,30000
066387,FBVIX凱基03購03 ,0,0,0,0,0,0,0,0,0,30000,0,0,0,30000,0,30000,30000
066273,晶技元大01購02  ,0,0,0,0,0,0,0,0,0,30000,0,0,0,30000,0,30000,30000
066131,群光群益02購01  ,0,0,0,0,0,0,0,0,0,30000,0,0,0,90000,60000,30000,30000
065989,泰碩永豐01購01  ,0,0,0,0,0,0,0,0,0,30000,0,0,0,338000,308000,30000,30000
065691,國巨群益9C購16  ,0,0,0,0,0,0,0,0,0,30000,0,0,0,31000,1000,30000,30000
066972,滬深2X群益03購04,0,0,0,0,0,0,0,0,0,30000,0,0,0,30000,0,30000,30000
066745,瀚宇博元大01購01,0,0,0,0,0,0,0,0,0,30000,0,0,0,407000,377000,30000,30000
066738,聯鈞元大01購05  ,0,0,0,0,0,0,0,0,0,30000,0,0,0,30000,0,30000,30000
066629,國揚凱基01購01  ,0,0,0,0,0,0,0,0,0,30000,0,0,0,36000,6000,30000,30000
067395,金像電永豐01購04,0,0,0,0,0,0,0,0,0,30000,0,0,0,30000,0,30000,30000
067569,台積電麥證01購10,0,0,0,30000,0,30000,0,0,0,30000,0,0,0,30000,0,30000,30000
08558P,香港2X國票9C售01,0,0,0,0,0,0,0,0,0,30000,0,0,0,30000,0,30000,30000
08740P,創意康和01售03  ,0,0,0,0,0,0,0,0,0,30000,0,0,0,30000,0,30000,30000
08838P,台灣50麥證01售02,0,0,0,30000,0,30000,0,0,0,30000,0,0,0,30000,0,30000,30000
07987P,大立光統一9B售13,0,0,0,0,0,0,0,0,0,29000,0,0,0,32000,3000,29000,29000
068955,和鑫凱基02購01  ,0,0,0,0,0,0,0,0,0,29000,0,0,0,126000,97000,29000,29000
03305P,台達電台新02售01,0,0,0,0,0,0,0,0,0,29000,0,0,0,89000,60000,29000,29000
03069P,大毅群益01售04  ,0,0,0,0,0,0,0,0,0,29000,0,0,0,29000,0,29000,29000
053609,華新中信9A購01  ,0,0,0,0,0,0,0,0,0,29000,0,0,0,29000,0,29000,29000
057166,國巨元大99購06  ,0,0,0,0,0,0,0,0,0,29000,0,0,0,79000,50000,29000,29000
063788,矽創統一02購01  ,0,0,0,0,0,0,0,0,0,29000,0,0,0,30000,1000,29000,29000
064491,金像電元大9C購03,0,0,0,0,0,0,0,0,0,29000,0,0,0,119000,90000,29000,29000
059755,宏達電國泰9A購01,0,0,0,0,0,0,0,0,0,29000,0,0,0,99000,70000,29000,29000
060680,玉晶光元大9C購03,0,0,0,0,0,0,0,0,0,29000,0,0,0,41000,12000,29000,29000
061994,瑞儀元大9B購01  ,0,0,0,0,0,0,0,0,0,29000,0,0,0,55000,26000,29000,29000
063622,健策兆豐9B購01  ,0,0,0,0,0,0,0,0,0,29000,0,0,0,29000,0,29000,29000
067600,台積電凱基01購15,0,0,0,0,0,0,0,0,0,29000,0,0,0,33000,4000,29000,29000
067640,欣興統一02購03  ,0,0,0,0,0,0,0,0,0,29000,0,0,0,29000,0,29000,29000
067313,欣興元大03購01  ,0,0,0,0,0,0,0,0,0,29000,0,0,0,53000,24000,29000,29000
066490,創意元富07購01  ,0,0,0,0,0,0,0,0,0,29000,0,0,0,79000,50000,29000,29000
066527,泰鼎統一03購01  ,0,0,0,0,0,0,0,0,0,29000,0,0,0,42000,13000,29000,29000
066618,南六康和01購01  ,0,0,0,0,0,0,0,0,0,29000,0,0,0,33000,4000,29000,29000
065536,健鼎統一02購04  ,0,0,0,0,0,0,0,0,0,29000,0,0,0,29000,0,29000,29000
065560,同欣電麥證9C購02,0,0,0,29000,0,29000,0,0,0,29000,0,0,0,29000,0,29000,29000
064905,嘉聯益群益9C購01,0,0,0,0,0,0,0,0,0,29000,0,0,0,297000,268000,29000,29000
066430,台郡元大01購01  ,0,0,0,0,0,0,0,0,0,29000,0,0,0,41000,12000,29000,29000
1219,福壽            ,33000,4000,29000,0,0,0,0,0,0,0,0,0,0,0,0,0,29000
068249,聯發科元大01購25,0,0,0,0,0,0,0,0,0,28000,0,0,0,217000,189000,28000,28000
08435P,台積電群益9C售11,0,0,0,0,0,0,0,0,0,28000,0,0,0,28000,0,28000,28000
069167,欣興元大02購07  ,0,0,0,0,0,0,0,0,0,28000,0,0,0,38000,10000,28000,28000
058201,華通凱基9A購01  ,0,0,0,0,0,0,0,0,0,28000,0,0,0,33000,5000,28000,28000
063536,美食統一01購01  ,0,0,0,0,0,0,0,0,0,28000,0,0,0,81000,53000,28000,28000
063837,亞德客元大01購01,0,0,0,0,0,0,0,0,0,28000,0,0,0,55000,27000,28000,28000
064172,義隆元富9C購01  ,0,0,0,0,0,0,0,0,0,28000,0,0,0,29000,1000,28000,28000
064317,日月光群益9C購01,0,0,0,0,0,0,0,0,0,28000,0,0,0,160000,132000,28000,28000
062169,禾伸堂永豐9B購01,0,0,0,0,0,0,0,0,0,28000,0,0,0,28000,0,28000,28000
062596,緯穎統一01購02  ,0,0,0,0,0,0,0,0,0,28000,0,0,0,40000,12000,28000,28000
061892,亞德客永豐9B購01,0,0,0,0,0,0,0,0,0,28000,0,0,0,30000,2000,28000,28000
064856,GIS國泰02購01   ,0,0,0,0,0,0,0,0,0,28000,0,0,0,40000,12000,28000,28000
061609,華新科統一9C購01,0,0,0,0,0,0,0,0,0,28000,0,0,0,30000,2000,28000,28000
065112,台表科國票02購01,0,0,0,0,0,0,0,0,0,28000,0,0,0,92000,64000,28000,28000
065656,聯發科國泰03購01,0,0,0,0,0,0,0,0,0,28000,0,0,0,98000,70000,28000,28000
065791,牧德永豐9C購03  ,0,0,0,0,0,0,0,0,0,28000,0,0,0,28000,0,28000,28000
067104,聯發科群益01購05,0,0,0,0,0,0,0,0,0,28000,0,0,0,91000,63000,28000,28000
067233,微星群益02購02  ,0,0,0,0,0,0,0,0,0,28000,0,0,0,119000,91000,28000,28000
067638,台積電統一03購02,0,0,0,0,0,0,0,0,0,28000,0,0,0,534000,506000,28000,28000
2443,億麗            ,30000,2000,28000,0,0,0,0,0,0,0,0,0,0,0,0,0,28000
6205,詮欣            ,48000,29000,19000,0,0,0,0,0,0,9000,9000,0,9000,0,0,0,28000
6605,帝寶            ,31000,5000,26000,0,0,0,0,0,0,2000,2000,0,2000,0,0,0,28000
8033,雷虎            ,28000,0,28000,0,0,0,0,0,0,0,0,0,0,0,0,0,28000
07830P,牧德凱基9A售03  ,0,0,0,0,0,0,0,0,0,27000,0,0,0,30000,3000,27000,27000
068029,台積電元富07購09,0,0,0,0,0,0,0,0,0,27000,0,0,0,27000,0,27000,27000
068850,旺宏統一04購02  ,0,0,0,0,0,0,0,0,0,27000,0,0,0,27000,0,27000,27000
068715,為升元大02購01  ,0,0,0,0,0,0,0,0,0,27000,0,0,0,222000,195000,27000,27000
058193,緯穎永豐99購01  ,0,0,0,0,0,0,0,0,0,27000,0,0,0,27000,0,27000,27000
059117,禾伸堂永豐99購01,0,0,0,0,0,0,0,0,0,27000,0,0,0,27000,0,27000,27000
058899,旺宏元大99購10  ,0,0,0,0,0,0,0,0,0,27000,0,0,0,27000,0,27000,27000
060684,同欣電元大9A購01,0,0,0,0,0,0,0,0,0,27000,0,0,0,27000,0,27000,27000
058586,鴻海中信01購02  ,0,0,0,0,0,0,0,0,0,27000,0,0,0,50000,23000,27000,27000
059515,牧德永豐99購01  ,0,0,0,0,0,0,0,0,0,27000,0,0,0,27000,0,27000,27000
058885,元石油元大9C購02,0,0,0,0,0,0,0,0,0,27000,0,0,0,27000,0,27000,27000
0054,元大台商50      ,0,0,0,0,0,0,0,0,0,27000,0,0,0,27000,0,27000,27000
00673R,元大S&P原油反1  ,0,0,0,0,0,0,0,0,0,27000,0,0,0,31000,4000,27000,27000
064753,英業達凱基9C購01,0,0,0,0,0,0,0,0,0,27000,0,0,0,32000,5000,27000,27000
065004,瑞昱國票01購02  ,0,0,0,0,0,0,0,0,0,27000,0,0,0,52000,25000,27000,27000
065582,景碩國泰01購01  ,0,0,0,0,0,0,0,0,0,27000,0,0,0,57000,30000,27000,27000
064906,台表科群益9C購02,0,0,0,0,0,0,0,0,0,27000,0,0,0,124000,97000,27000,27000
065229,友達凱基02購03  ,0,0,0,0,0,0,0,0,0,27000,0,0,0,97000,70000,27000,27000
066445,牧德群益01購01  ,0,0,0,0,0,0,0,0,0,27000,0,0,0,29000,2000,27000,27000
066156,建準康和01購01  ,0,0,0,0,0,0,0,0,0,27000,0,0,0,37000,10000,27000,27000
4148,全宇生技-KY     ,40000,13000,27000,0,0,0,0,0,0,0,0,0,0,0,0,0,27000
2516,新建            ,50000,23000,27000,0,0,0,0,0,0,0,0,0,0,0,0,0,27000
08682P,鴻海凱基01售06  ,0,0,0,0,0,0,0,0,0,27000,0,0,0,27000,0,27000,27000
07086P,力成元富9C售01  ,0,0,0,0,0,0,0,0,0,26000,0,0,0,116000,90000,26000,26000
07117P,SGBR2X凱基9C售01,0,0,0,0,0,0,0,0,0,26000,0,0,0,26000,0,26000,26000
08376P,南亞科元富9C售03,0,0,0,0,0,0,0,0,0,26000,0,0,0,111000,85000,26000,26000
057664,台積電元大9A購03,0,0,0,0,0,0,0,0,0,26000,0,0,0,26000,0,26000,26000
060861,漢唐永豐9A購01  ,0,0,0,0,0,0,0,0,0,26000,0,0,0,33000,7000,26000,26000
059788,華新科元大9A購05,0,0,0,0,0,0,0,0,0,26000,0,0,0,49000,23000,26000,26000
058485,智邦國票9A購01  ,0,0,0,0,0,0,0,0,0,26000,0,0,0,56000,30000,26000,26000
058167,鴻海凱基9A購03  ,0,0,0,0,0,0,0,0,0,26000,0,0,0,26000,0,26000,26000
064980,牧德元大01購01  ,0,0,0,0,0,0,0,0,0,26000,0,0,0,26000,0,26000,26000
064690,台光電群益9C購02,0,0,0,0,0,0,0,0,0,26000,0,0,0,32000,6000,26000,26000
064590,牧德永豐9C購01  ,0,0,0,0,0,0,0,0,0,26000,0,0,0,26000,0,26000,26000
063132,台表科元大9C購02,0,0,0,0,0,0,0,0,0,26000,0,0,0,105000,79000,26000,26000
062539,可成國泰01購01  ,0,0,0,0,0,0,0,0,0,26000,0,0,0,415000,389000,26000,26000
062700,台光電元大9B購05,0,0,0,0,0,0,0,0,0,26000,0,0,0,27000,1000,26000,26000
064228,同欣電國票01購01,0,0,0,0,0,0,0,0,0,26000,0,0,0,76000,50000,26000,26000
063601,金像電凱基01購01,0,0,0,0,0,0,0,0,0,26000,0,0,0,92000,66000,26000,26000
066091,南電永豐01購01  ,0,0,0,0,0,0,0,0,0,26000,0,0,0,106000,80000,26000,26000
065915,聯發科凱基01購09,0,0,0,0,0,0,0,0,0,26000,0,0,0,26000,0,26000,26000
065569,智邦群益01購01  ,0,0,0,0,0,0,0,0,0,26000,0,0,0,251000,225000,26000,26000
066709,聚碩群益01購01  ,0,0,0,0,0,0,0,0,0,26000,0,0,0,50000,24000,26000,26000
08974P,可成群益02售02  ,0,0,0,0,0,0,0,0,0,26000,0,0,0,55000,29000,26000,26000
1531,高林股          ,38000,10000,28000,0,0,0,0,0,0,-2000,0,2000,-2000,0,0,0,26000
2331,精英            ,527000,520000,7000,0,0,0,0,0,0,19000,31000,12000,19000,0,0,0,26000
08391P,智邦凱基02售02  ,0,0,0,0,0,0,0,0,0,25000,0,0,0,25000,0,25000,25000
08432P,台勝科凱基9C售02,0,0,0,0,0,0,0,0,0,25000,0,0,0,82000,57000,25000,25000
08289P,智邦統一9C售01  ,0,0,0,0,0,0,0,0,0,25000,0,0,0,30000,5000,25000,25000
07243P,台灣50凱基9A售04,0,0,0,0,0,0,0,0,0,25000,0,0,0,25000,0,25000,25000
069652,京元電凱基02購02,0,0,0,0,0,0,0,0,0,25000,0,0,0,25000,0,25000,25000
068510,鴻海統一03購06  ,0,0,0,0,0,0,0,0,0,25000,0,0,0,25000,0,25000,25000
069045,國巨元富08購01  ,0,0,0,0,0,0,0,0,0,25000,0,0,0,26000,1000,25000,25000
068099,GIS富邦01購01   ,0,0,0,0,0,0,0,0,0,25000,0,0,0,30000,5000,25000,25000
068355,美律凱基01購02  ,0,0,0,0,0,0,0,0,0,25000,0,0,0,32000,7000,25000,25000
058385,創意中信99購01  ,0,0,0,0,0,0,0,0,0,25000,0,0,0,25000,0,25000,25000
059075,FBVIX元大99購01 ,0,0,0,0,0,0,0,0,0,25000,0,0,0,25000,0,25000,25000
060411,達新永豐9A購01  ,0,0,0,0,0,0,0,0,0,25000,0,0,0,65000,40000,25000,25000
059923,緯穎元大99購09  ,0,0,0,0,0,0,0,0,0,25000,0,0,0,25000,0,25000,25000
059489,上証2X國票9A購01,0,0,0,0,0,0,0,0,0,25000,0,0,0,25000,0,25000,25000
057000,亞德客國票99購01,0,0,0,0,0,0,0,0,0,25000,0,0,0,25000,0,25000,25000
060300,佐登國泰9B購01  ,0,0,0,0,0,0,0,0,0,25000,0,0,0,40000,15000,25000,25000
00668,國泰美國道瓊    ,0,0,0,0,0,0,0,0,0,25000,0,0,0,212000,187000,25000,25000
062441,華新科元大9C購01,0,0,0,0,0,0,0,0,0,25000,0,0,0,100000,75000,25000,25000
064099,億光群益9C購01  ,0,0,0,0,0,0,0,0,0,25000,0,0,0,25000,0,25000,25000
064067,美律永豐9C購01  ,0,0,0,0,0,0,0,0,0,25000,0,0,0,25000,0,25000,25000
064031,玉晶光元大02購01,0,0,0,0,0,0,0,0,0,25000,0,0,0,25000,0,25000,25000
061946,鴻海群益9B購03  ,0,0,0,0,0,0,0,0,0,25000,0,0,0,26000,1000,25000,25000
062925,建準國票9B購01  ,0,0,0,0,0,0,0,0,0,25000,0,0,0,37000,12000,25000,25000
064622,晶技元大01購01  ,0,0,0,0,0,0,0,0,0,25000,0,0,0,25000,0,25000,25000
061785,奇力新群益9B購01,0,0,0,0,0,0,0,0,0,25000,0,0,0,28000,3000,25000,25000
062654,技嘉永豐9B購01  ,0,0,0,0,0,0,0,0,0,25000,0,0,0,25000,0,25000,25000
064954,奇鋐凱基9C購01  ,0,0,0,0,0,0,0,0,0,25000,0,0,0,25000,0,25000,25000
064875,國巨兆豐01購01  ,0,0,0,0,0,0,0,0,0,25000,0,0,0,100000,75000,25000,25000
067125,健策富邦03購01  ,0,0,0,0,0,0,0,0,0,25000,0,0,0,235000,210000,25000,25000
066896,緯穎兆豐03購01  ,0,0,0,0,0,0,0,0,0,25000,0,0,0,40000,15000,25000,25000
066877,奇鋐富邦03購01  ,0,0,0,0,0,0,0,0,0,25000,0,0,0,63000,38000,25000,25000
067190,智伸科凱基02購01,0,0,0,0,0,0,0,0,0,25000,0,0,0,35000,10000,25000,25000
065529,聯發科中信01購04,0,0,0,0,0,0,0,0,0,25000,0,0,0,79000,54000,25000,25000
065613,GIS元大9C購08   ,0,0,0,0,0,0,0,0,0,25000,0,0,0,25000,0,25000,25000
065765,GIS元大9C購09   ,0,0,0,0,0,0,0,0,0,25000,0,0,0,25000,0,25000,25000
065693,國巨群益9C購18  ,0,0,0,0,0,0,0,0,0,25000,0,0,0,81000,56000,25000,25000
065886,中磊元富9C購01  ,0,0,0,0,0,0,0,0,0,25000,0,0,0,45000,20000,25000,25000
4722,國精化          ,19000,0,19000,0,0,0,0,0,0,6000,7000,1000,6000,0,0,0,25000
1611,中電            ,38000,13000,25000,0,0,0,0,0,0,0,0,0,0,0,0,0,25000
08992P,牧德元大01售02  ,0,0,0,0,0,0,0,0,0,25000,0,0,0,50000,25000,25000,25000
1231,聯華食          ,35000,10000,25000,0,0,0,0,0,0,0,0,0,0,0,0,0,25000
08711P,鴻海元富07售04  ,0,0,0,0,0,0,0,0,0,25000,0,0,0,25000,0,25000,25000
068335,牧德元大03購02  ,0,0,0,0,0,0,0,0,0,24000,0,0,0,39000,15000,24000,24000
068359,GIS凱基01購05   ,0,0,0,0,0,0,0,0,0,24000,0,0,0,50000,26000,24000,24000
067986,亞德客元大01購04,0,0,0,0,0,0,0,0,0,24000,0,0,0,38000,14000,24000,24000
069358,台積電永豐02購04,0,0,0,0,0,0,0,0,0,24000,0,0,0,24000,0,24000,24000
08520P,和大元大9C售04  ,0,0,0,0,0,0,0,0,0,24000,0,0,0,24000,0,24000,24000
00714,群益道瓊美國地產,0,0,0,0,0,0,0,0,0,24000,0,0,0,24000,0,24000,24000
020004,兆豐電菁英30N   ,0,0,0,0,0,0,0,0,0,24000,0,0,0,24000,0,24000,24000
03024P,南六群益01售02  ,0,0,0,0,0,0,0,0,0,24000,0,0,0,24000,0,24000,24000
03009P,玉晶光凱基01售08,0,0,0,0,0,0,0,0,0,24000,0,0,0,24000,0,24000,24000
057785,智邦國票99購02  ,0,0,0,0,0,0,0,0,0,24000,0,0,0,42000,18000,24000,24000
060329,鎧勝群益9B購01  ,0,0,0,0,0,0,0,0,0,24000,0,0,0,24000,0,24000,24000
060462,鴻海元大9A購10  ,0,0,0,0,0,0,0,0,0,24000,0,0,0,24000,0,24000,24000
056869,國巨日盛99購03  ,0,0,0,0,0,0,0,0,0,24000,0,0,0,24000,0,24000,24000
054634,FB上証中信99購01,0,0,0,0,0,0,0,0,0,24000,0,0,0,30000,6000,24000,24000
056668,光磊國票99購01  ,0,0,0,0,0,0,0,0,0,24000,0,0,0,58000,34000,24000,24000
059474,元石油群益99購01,0,0,0,0,0,0,0,0,0,24000,0,0,0,30000,6000,24000,24000
059943,信邦永豐99購01  ,0,0,0,0,0,0,0,0,0,24000,0,0,0,24000,0,24000,24000
060952,滬深2X群益9C購05,0,0,0,0,0,0,0,0,0,24000,0,0,0,24000,0,24000,24000
058100,聯茂國泰99購02  ,0,0,0,0,0,0,0,0,0,24000,0,0,0,24000,0,24000,24000
064756,友達凱基02購02  ,0,0,0,0,0,0,0,0,0,24000,0,0,0,33000,9000,24000,24000
062645,國巨國泰9B購08  ,0,0,0,0,0,0,0,0,0,24000,0,0,0,101000,77000,24000,24000
064673,南茂元大9C購01  ,0,0,0,0,0,0,0,0,0,24000,0,0,0,33000,9000,24000,24000
061536,華擎統一9C購02  ,0,0,0,0,0,0,0,0,0,24000,0,0,0,88000,64000,24000,24000
064297,台郡國票01購01  ,0,0,0,0,0,0,0,0,0,24000,0,0,0,44000,20000,24000,24000
064149,美律統一02購01  ,0,0,0,0,0,0,0,0,0,24000,0,0,0,24000,0,24000,24000
063602,金像電凱基9B購04,0,0,0,0,0,0,0,0,0,24000,0,0,0,25000,1000,24000,24000
066011,華通元富01購01  ,0,0,0,0,0,0,0,0,0,24000,0,0,0,30000,6000,24000,24000
065642,台積電元大9C購13,0,0,0,0,0,0,0,0,0,24000,0,0,0,24000,0,24000,24000
065572,泰碩群益01購01  ,0,0,0,0,0,0,0,0,0,24000,0,0,0,349000,325000,24000,24000
067576,元金反群益04購01,0,0,0,0,0,0,0,0,0,24000,0,0,0,42000,18000,24000,24000
067565,聯發科日盛01購01,0,0,0,0,0,0,0,0,0,24000,0,0,0,64000,40000,24000,24000
066950,義隆元大01購03  ,0,0,0,0,0,0,0,0,0,24000,0,0,0,155000,131000,24000,24000
08776P,上証2X群益03售02,0,0,0,0,0,0,0,0,0,24000,0,0,0,88000,64000,24000,24000
1340,勝悅-KY         ,30000,6000,24000,0,0,0,0,0,0,0,0,0,0,0,0,0,24000
4763,材料-KY         ,10000,2000,8000,0,0,0,0,0,0,16000,16000,0,16000,0,0,0,24000
4976,佳凌            ,55000,32000,23000,0,0,0,0,0,0,1000,1000,0,1000,0,0,0,24000
2358,廷鑫            ,31000,7000,24000,0,0,0,0,0,0,0,0,0,0,0,0,0,24000
069294,瑞昱中信06購02  ,0,0,0,0,0,0,0,0,0,23000,0,0,0,149000,126000,23000,23000
069095,金像電統一04購01,0,0,0,0,0,0,0,0,0,23000,0,0,0,163000,140000,23000,23000
067953,京元電永豐01購02,0,0,0,0,0,0,0,0,0,23000,0,0,0,126000,103000,23000,23000
067857,百和國票02購01  ,0,0,0,0,0,0,0,0,0,23000,0,0,0,54000,31000,23000,23000
068291,大立光群益03購01,0,0,0,0,0,0,0,0,0,23000,0,0,0,72000,49000,23000,23000
068817,聯發科元大02購05,0,0,0,0,0,0,0,0,0,23000,0,0,0,105000,82000,23000,23000
068500,華擎元大01購09  ,0,0,0,0,0,0,0,0,0,23000,0,0,0,834000,811000,23000,23000
059889,華新科國票99購04,0,0,0,0,0,0,0,0,0,23000,0,0,0,23000,0,23000,23000
059605,臺股指元大9A購42,0,0,0,0,0,0,0,0,0,23000,0,0,0,23000,0,23000,23000
06344P,臺股指統一99售03,0,0,0,0,0,0,0,0,0,23000,0,0,0,25000,2000,23000,23000
055891,鴻海統一9A購01  ,0,0,0,0,0,0,0,0,0,23000,0,0,0,23000,0,23000,23000
060470,台勝科元大9A購03,0,0,0,0,0,0,0,0,0,23000,0,0,0,23000,0,23000,23000
057666,奇力新元大9A購01,0,0,0,0,0,0,0,0,0,23000,0,0,0,84000,61000,23000,23000
057696,聯電群益9A購01  ,0,0,0,0,0,0,0,0,0,23000,0,0,0,23000,0,23000,23000
063639,華擎元大9C購03  ,0,0,0,0,0,0,0,0,0,23000,0,0,0,23000,0,23000,23000
062474,台表科凱基9C購01,0,0,0,0,0,0,0,0,0,23000,0,0,0,27000,4000,23000,23000
063202,南亞科統一9C購02,0,0,0,0,0,0,0,0,0,23000,0,0,0,23000,0,23000,23000
062508,臺股指群益9B購03,0,0,0,0,0,0,0,0,0,23000,0,0,0,25000,2000,23000,23000
063724,亞德客元大9B購03,0,0,0,0,0,0,0,0,0,23000,0,0,0,23000,0,23000,23000
063908,國巨凱基9C購06  ,0,0,0,0,0,0,0,0,0,23000,0,0,0,88000,65000,23000,23000
064267,南六永豐9C購03  ,0,0,0,0,0,0,0,0,0,23000,0,0,0,23000,0,23000,23000
061959,鴻海統一9B購04  ,0,0,0,0,0,0,0,0,0,23000,0,0,0,223000,200000,23000,23000
062314,玉晶光凱基9B購06,0,0,0,0,0,0,0,0,0,23000,0,0,0,46000,23000,23000,23000
061150,國巨群益9A購09  ,0,0,0,0,0,0,0,0,0,23000,0,0,0,77000,54000,23000,23000
061236,台積電元大9A購24,0,0,0,0,0,0,0,0,0,23000,0,0,0,24000,1000,23000,23000
063926,南亞科統一03購01,0,0,0,0,0,0,0,0,0,23000,0,0,0,63000,40000,23000,23000
066801,奇鋐凱基01購02  ,0,0,0,0,0,0,0,0,0,23000,0,0,0,23000,0,23000,23000
067564,訊芯國票02購01  ,0,0,0,0,0,0,0,0,0,23000,0,0,0,126000,103000,23000,23000
067766,上銀統一02購02  ,0,0,0,0,0,0,0,0,0,23000,0,0,0,40000,17000,23000,23000
065344,瑞昱統一01購05  ,0,0,0,0,0,0,0,0,0,23000,0,0,0,23000,0,23000,23000
065210,健策國票01購03  ,0,0,0,0,0,0,0,0,0,23000,0,0,0,55000,32000,23000,23000
066235,大毅富邦04購01  ,0,0,0,0,0,0,0,0,0,23000,0,0,0,33000,10000,23000,23000
1603,華電            ,23000,2000,21000,0,0,0,0,0,0,2000,2000,0,2000,0,0,0,23000
08931P,晶技元富07售02  ,0,0,0,0,0,0,0,0,0,23000,0,0,0,46000,23000,23000,23000
08568P,臺股指富邦9C售05,0,0,0,0,0,0,0,0,0,23000,0,0,0,155000,132000,23000,23000
068000,聯詠元大01購09  ,0,0,0,0,0,0,0,0,0,22000,0,0,0,144000,122000,22000,22000
067997,美律元大01購02  ,0,0,0,0,0,0,0,0,0,22000,0,0,0,22000,0,22000,22000
067977,中磊群益01購02  ,0,0,0,0,0,0,0,0,0,22000,0,0,0,22000,0,22000,22000
03051P,玉晶光統一01售14,0,0,0,0,0,0,0,0,0,22000,0,0,0,22000,0,22000,22000
060402,神隆國泰9B購01  ,0,0,0,0,0,0,0,0,0,22000,0,0,0,59000,37000,22000,22000
057176,全新元大99購02  ,0,0,0,0,0,0,0,0,0,22000,0,0,0,22000,0,22000,22000
057318,台光電凱基9A購01,0,0,0,0,0,0,0,0,0,22000,0,0,0,42000,20000,22000,22000
057398,台郡中信99購01  ,0,0,0,0,0,0,0,0,0,22000,0,0,0,22000,0,22000,22000
055989,矽力元富9A購01  ,0,0,0,0,0,0,0,0,0,22000,0,0,0,48000,26000,22000,22000
046949,群創元大99購01  ,0,0,0,0,0,0,0,0,0,22000,0,0,0,25000,3000,22000,22000
059848,智邦永豐99購01  ,0,0,0,0,0,0,0,0,0,22000,0,0,0,52000,30000,22000,22000
058259,訊連國泰9B購01  ,0,0,0,0,0,0,0,0,0,22000,0,0,0,33000,11000,22000,22000
063163,京元電永豐9B購01,0,0,0,0,0,0,0,0,0,22000,0,0,0,22000,0,22000,22000
061529,國巨台新9A購02  ,0,0,0,0,0,0,0,0,0,22000,0,0,0,125000,103000,22000,22000
061477,晶豪科元大9A購01,0,0,0,0,0,0,0,0,0,22000,0,0,0,22000,0,22000,22000
064610,儒鴻元大9C購03  ,0,0,0,0,0,0,0,0,0,22000,0,0,0,79000,57000,22000,22000
064792,美律國票9C購01  ,0,0,0,0,0,0,0,0,0,22000,0,0,0,23000,1000,22000,22000
064979,華擎元大9C購04  ,0,0,0,0,0,0,0,0,0,22000,0,0,0,66000,44000,22000,22000
062289,緯穎群益9B購01  ,0,0,0,0,0,0,0,0,0,22000,0,0,0,52000,30000,22000,22000
064243,TPK統一02購02   ,0,0,0,0,0,0,0,0,0,22000,0,0,0,73000,51000,22000,22000
063831,帆宣國票01購01  ,0,0,0,0,0,0,0,0,0,22000,0,0,0,42000,20000,22000,22000
064148,瑞昱統一02購01  ,0,0,0,0,0,0,0,0,0,22000,0,0,0,22000,0,22000,22000
064102,宏達電群益9C購01,0,0,0,0,0,0,0,0,0,22000,0,0,0,32000,10000,22000,22000
066021,華通群益02購03  ,0,0,0,0,0,0,0,0,0,22000,0,0,0,24000,2000,22000,22000
065078,台積電元大02購01,0,0,0,0,0,0,0,0,0,22000,0,0,0,22000,0,22000,22000
065601,聯發科元大01購05,0,0,0,0,0,0,0,0,0,22000,0,0,0,31000,9000,22000,22000
065456,義隆元富9C購03  ,0,0,0,0,0,0,0,0,0,22000,0,0,0,76000,54000,22000,22000
065433,緯創凱基9C購01  ,0,0,0,0,0,0,0,0,0,22000,0,0,0,52000,30000,22000,22000
067361,旭富群益01購02  ,0,0,0,0,0,0,0,0,0,22000,0,0,0,32000,10000,22000,22000
066576,矽創元大01購02  ,0,0,0,0,0,0,0,0,0,22000,0,0,0,224000,202000,22000,22000
066522,建準中信01購01  ,0,0,0,0,0,0,0,0,0,22000,0,0,0,45000,23000,22000,22000
066869,聯發科元富07購02,0,0,0,0,0,0,0,0,0,22000,0,0,0,98000,76000,22000,22000
067065,為升元大01購03  ,0,0,0,0,0,0,0,0,0,22000,0,0,0,42000,20000,22000,22000
2022,聚亨            ,25000,3000,22000,0,0,0,0,0,0,0,0,0,0,0,0,0,22000
1423,利華            ,38000,16000,22000,0,0,0,0,0,0,0,0,0,0,0,0,0,22000
6278,台表科          ,1275000,1514000,-239000,0,0,0,181000,0,181000,80000,229000,39000,190000,225000,335000,-110000,22000
6269,台郡            ,416316,346000,70316,0,0,0,0,51000,-51000,2000,26000,6000,20000,6000,24000,-18000,21316
068071,興勤凱基02購01  ,0,0,0,0,0,0,0,0,0,21000,0,0,0,100000,79000,21000,21000
068057,惠特統一02購02  ,0,0,0,0,0,0,0,0,0,21000,0,0,0,1660000,1639000,21000,21000
067796,臺股指群益01購08,0,0,0,0,0,0,0,0,0,21000,0,0,0,28000,7000,21000,21000
068592,台積電統一01購13,0,0,0,0,0,0,0,0,0,21000,0,0,0,21000,0,21000,21000
068910,瑞昱群益02購01  ,0,0,0,0,0,0,0,0,0,21000,0,0,0,217000,196000,21000,21000
068995,南六永豐02購01  ,0,0,0,0,0,0,0,0,0,21000,0,0,0,36000,15000,21000,21000
069382,欣興元大02購09  ,0,0,0,0,0,0,0,0,0,21000,0,0,0,22000,1000,21000,21000
08244P,同欣電凱基9C售03,0,0,0,0,0,0,0,0,0,21000,0,0,0,21000,0,21000,21000
07993P,寶成群益9B售01  ,0,0,0,0,0,0,0,0,0,21000,0,0,0,21000,0,21000,21000
07782P,寶成凱基9A售02  ,0,0,0,0,0,0,0,0,0,21000,0,0,0,26000,5000,21000,21000
058315,TPK富邦9C購01   ,0,0,0,0,0,0,0,0,0,21000,0,0,0,31000,10000,21000,21000
063830,智伸科國票01購01,0,0,0,0,0,0,0,0,0,21000,0,0,0,21000,0,21000,21000
058883,旭富永豐99購01  ,0,0,0,0,0,0,0,0,0,21000,0,0,0,21000,0,21000,21000
064547,宏達電凱基9C購01,0,0,0,0,0,0,0,0,0,21000,0,0,0,32000,11000,21000,21000
061019,大毅國票9A購01  ,0,0,0,0,0,0,0,0,0,21000,0,0,0,110000,89000,21000,21000
060031,旭富永豐99購02  ,0,0,0,0,0,0,0,0,0,21000,0,0,0,21000,0,21000,21000
060502,國巨元大9A購07  ,0,0,0,0,0,0,0,0,0,21000,0,0,0,27000,6000,21000,21000
060233,宏碁元大9A購01  ,0,0,0,0,0,0,0,0,0,21000,0,0,0,21000,0,21000,21000
063851,健策元大01購01  ,0,0,0,0,0,0,0,0,0,21000,0,0,0,71000,50000,21000,21000
062058,瑞昱統一01購01  ,0,0,0,0,0,0,0,0,0,21000,0,0,0,21000,0,21000,21000
062288,南六群益9B購01  ,0,0,0,0,0,0,0,0,0,21000,0,0,0,21000,0,21000,21000
062146,大毅國票9B購01  ,0,0,0,0,0,0,0,0,0,21000,0,0,0,67000,46000,21000,21000
064396,創意永豐9C購01  ,0,0,0,0,0,0,0,0,0,21000,0,0,0,63000,42000,21000,21000
064975,南亞科元大9C購07,0,0,0,0,0,0,0,0,0,21000,0,0,0,46000,25000,21000,21000
064761,神達凱基9C購01  ,0,0,0,0,0,0,0,0,0,21000,0,0,0,29000,8000,21000,21000
062625,華通國票9B購02  ,0,0,0,0,0,0,0,0,0,21000,0,0,0,26000,5000,21000,21000
066839,台灣50元大01購24,0,0,0,0,0,0,0,0,0,21000,0,0,0,23000,2000,21000,21000
066539,晶技兆豐01購02  ,0,0,0,0,0,0,0,0,0,21000,0,0,0,28000,7000,21000,21000
066600,瀚宇博國泰03購01,0,0,0,0,0,0,0,0,0,21000,0,0,0,260000,239000,21000,21000
066725,華通元大01購05  ,0,0,0,0,0,0,0,0,0,21000,0,0,0,34000,13000,21000,21000
067187,聯陽凱基01購02  ,0,0,0,0,0,0,0,0,0,21000,0,0,0,21000,0,21000,21000
067701,臺股指國票01購09,0,0,0,0,0,0,0,0,0,21000,0,0,0,21000,0,21000,21000
065108,建準國票01購01  ,0,0,0,0,0,0,0,0,0,21000,0,0,0,21000,0,21000,21000
066088,漢翔永豐01購01  ,0,0,0,0,0,0,0,0,0,21000,0,0,0,21000,0,21000,21000
065880,訊芯群益9C購01  ,0,0,0,0,0,0,0,0,0,21000,0,0,0,576000,555000,21000,21000
6533,晶心科          ,120000,101000,19000,0,0,0,0,0,0,2000,2000,0,2000,0,0,0,21000
5288,豐祥-KY         ,52000,37000,15000,0,0,0,6000,0,6000,0,0,0,0,0,0,0,21000
5706,鳳凰            ,24000,3000,21000,0,0,0,0,0,0,0,0,0,0,0,0,0,21000
3501,維熹            ,32000,17000,15000,0,0,0,0,0,0,6000,6000,0,6000,0,0,0,21000
3209,全科            ,80000,61000,19000,0,0,0,0,0,0,2000,11000,9000,2000,0,0,0,21000
3060,銘異            ,304000,284000,20000,0,0,0,0,0,0,1000,1000,0,1000,0,0,0,21000
2849,安泰銀          ,29000,8000,21000,0,0,0,0,0,0,0,0,0,0,0,0,0,21000
1516,川飛            ,27000,6000,21000,0,0,0,0,0,0,0,0,0,0,0,0,0,21000
08991P,玉晶光元大01售06,0,0,0,0,0,0,0,0,0,21000,0,0,0,26000,5000,21000,21000
08800P,台積電元大01售20,0,0,0,0,0,0,0,0,0,21000,0,0,0,809000,788000,21000,21000
8110,華東            ,605000,581000,24000,0,0,0,0,0,0,-3000,20000,23000,-3000,0,0,0,21000
07811P,華新科統一9A售02,0,0,0,0,0,0,0,0,0,20000,0,0,0,20000,0,20000,20000
07676P,華新科永豐9A售02,0,0,0,0,0,0,0,0,0,20000,0,0,0,20000,0,20000,20000
07841P,臻鼎元大9A售04  ,0,0,0,0,0,0,0,0,0,20000,0,0,0,20000,0,20000,20000
07902P,玉晶光國票01售01,0,0,0,0,0,0,0,0,0,20000,0,0,0,50000,30000,20000,20000
07953P,健策元大9B售07  ,0,0,0,0,0,0,0,0,0,20000,0,0,0,20000,0,20000,20000
07270P,台灣50元大01售09,0,0,0,0,0,0,0,0,0,20000,0,0,0,20000,0,20000,20000
07306P,台灣50凱基9A售09,0,0,0,0,0,0,0,0,0,20000,0,0,0,20000,0,20000,20000
07034P,大立光元富99售03,0,0,0,0,0,0,0,0,0,20000,0,0,0,20000,0,20000,20000
08080P,祥碩國票9B售03  ,0,0,0,0,0,0,0,0,0,20000,0,0,0,20000,0,20000,20000
08310P,南電凱基9C售01  ,0,0,0,0,0,0,0,0,0,20000,0,0,0,20000,0,20000,20000
08177P,金像電元大9B售02,0,0,0,0,0,0,0,0,0,20000,0,0,0,80000,60000,20000,20000
08165P,台表科永豐9B售02,0,0,0,0,0,0,0,0,0,20000,0,0,0,20000,0,20000,20000
08194P,同欣電國票9C售03,0,0,0,0,0,0,0,0,0,20000,0,0,0,60000,40000,20000,20000
08442P,臺股指麥證01售01,0,0,0,20000,0,20000,0,0,0,20000,0,0,0,20000,0,20000,20000
08387P,臺股指群益9C售15,0,0,0,0,0,0,0,0,0,20000,0,0,0,20000,0,20000,20000
08363P,南亞科凱基01售01,0,0,0,0,0,0,0,0,0,20000,0,0,0,49000,29000,20000,20000
069569,聯陽凱基02購01  ,0,0,0,0,0,0,0,0,0,20000,0,0,0,20000,0,20000,20000
069451,鎧勝統一04購01  ,0,0,0,0,0,0,0,0,0,20000,0,0,0,20000,0,20000,20000
068932,大立光永豐02購01,0,0,0,0,0,0,0,0,0,20000,0,0,0,20000,0,20000,20000
068513,聯發科統一03購08,0,0,0,0,0,0,0,0,0,20000,0,0,0,20000,0,20000,20000
068661,臺股指元大02購06,0,0,0,0,0,0,0,0,0,20000,0,0,0,20000,0,20000,20000
06807P,臺股指群益98售13,0,0,0,0,0,0,0,0,0,20000,0,0,0,20000,0,20000,20000
068268,旺宏永豐01購01  ,0,0,0,0,0,0,0,0,0,20000,0,0,0,20000,0,20000,20000
060170,世紀鋼永豐9A購01,0,0,0,0,0,0,0,0,0,20000,0,0,0,21000,1000,20000,20000
060444,滬深2X元大9A購04,0,0,0,0,0,0,0,0,0,20000,0,0,0,20000,0,20000,20000
057009,信邦中信99購01  ,0,0,0,0,0,0,0,0,0,20000,0,0,0,20000,0,20000,20000
052475,滬深2X群益99購06,0,0,0,0,0,0,0,0,0,20000,0,0,0,30000,10000,20000,20000
053390,彩晶元大9A購01  ,0,0,0,0,0,0,0,0,0,20000,0,0,0,20000,0,20000,20000
056643,奇力新凱基99購01,0,0,0,0,0,0,0,0,0,20000,0,0,0,20000,0,20000,20000
055426,旺宏群益99購02  ,0,0,0,0,0,0,0,0,0,20000,0,0,0,20000,0,20000,20000
054638,國泰金中信99購01,0,0,0,0,0,0,0,0,0,20000,0,0,0,20000,0,20000,20000
03074P,大立光國泰03售05,0,0,0,0,0,0,0,0,0,20000,0,0,0,20000,0,20000,20000
057787,TPK國票99購01   ,0,0,0,0,0,0,0,0,0,20000,0,0,0,200000,180000,20000,20000
057712,南亞科統一9A購01,0,0,0,0,0,0,0,0,0,20000,0,0,0,20000,0,20000,20000
056306,晶相光元大98購01,0,0,0,0,0,0,0,0,0,20000,0,0,0,20000,0,20000,20000
056311,泰鼎元大98購01  ,0,0,0,0,0,0,0,0,0,20000,0,0,0,20000,0,20000,20000
03177P,國巨群益01售12  ,0,0,0,0,0,0,0,0,0,20000,0,0,0,20000,0,20000,20000
03132P,玉晶光台新01售01,0,0,0,0,0,0,0,0,0,20000,0,0,0,20000,0,20000,20000
057543,華通凱基99購02  ,0,0,0,0,0,0,0,0,0,20000,0,0,0,20000,0,20000,20000
058793,鴻海元大99購19  ,0,0,0,0,0,0,0,0,0,20000,0,0,0,20000,0,20000,20000
059686,上証2X永豐9A購01,0,0,0,0,0,0,0,0,0,20000,0,0,0,20000,0,20000,20000
059350,樺漢凱基9A購01  ,0,0,0,0,0,0,0,0,0,20000,0,0,0,20000,0,20000,20000
063785,華通中信06購02  ,0,0,0,0,0,0,0,0,0,20000,0,0,0,40000,20000,20000,20000
064458,玉晶光統一01購09,0,0,0,0,0,0,0,0,0,20000,0,0,0,45000,25000,20000,20000
064502,大立光元大9C購19,0,0,0,0,0,0,0,0,0,20000,0,0,0,20000,0,20000,20000
063825,道瓊銀國票01購01,0,0,0,0,0,0,0,0,0,20000,0,0,0,20000,0,20000,20000
063800,玉晶光凱基9C購02,0,0,0,0,0,0,0,0,0,20000,0,0,0,20000,0,20000,20000
063462,金像電元大9C購01,0,0,0,0,0,0,0,0,0,20000,0,0,0,20000,0,20000,20000
058614,台郡元大9A購01  ,0,0,0,0,0,0,0,0,0,20000,0,0,0,20000,0,20000,20000
058374,玉晶光凱基9A購03,0,0,0,0,0,0,0,0,0,20000,0,0,0,20000,0,20000,20000
059016,晶相光元富99購03,0,0,0,0,0,0,0,0,0,20000,0,0,0,20000,0,20000,20000
058926,勤誠元富99購01  ,0,0,0,0,0,0,0,0,0,20000,0,0,0,20000,0,20000,20000
058628,宏達電國票9A購01,0,0,0,0,0,0,0,0,0,20000,0,0,0,20000,0,20000,20000
059864,亞德客凱基99購01,0,0,0,0,0,0,0,0,0,20000,0,0,0,20000,0,20000,20000
059854,台表科永豐99購03,0,0,0,0,0,0,0,0,0,20000,0,0,0,20000,0,20000,20000
060606,玉晶光凱基9A購05,0,0,0,0,0,0,0,0,0,20000,0,0,0,20000,0,20000,20000
060607,玉晶光凱基9A購06,0,0,0,0,0,0,0,0,0,20000,0,0,0,20000,0,20000,20000
060608,玉晶光凱基9A購08,0,0,0,0,0,0,0,0,0,20000,0,0,0,20000,0,20000,20000
058464,矽創兆豐9A購01  ,0,0,0,0,0,0,0,0,0,20000,0,0,0,20000,0,20000,20000
062687,華擎統一01購02  ,0,0,0,0,0,0,0,0,0,20000,0,0,0,20000,0,20000,20000
061080,華邦電兆豐9B購01,0,0,0,0,0,0,0,0,0,20000,0,0,0,20000,0,20000,20000
061927,玉晶光凱基9C購01,0,0,0,0,0,0,0,0,0,20000,0,0,0,20000,0,20000,20000
064591,臻鼎永豐9C購01  ,0,0,0,0,0,0,0,0,0,20000,0,0,0,20000,0,20000,20000
06471P,臺股指凱基99售11,0,0,0,0,0,0,0,0,0,20000,0,0,0,20000,0,20000,20000
064948,致茂凱基01購01  ,0,0,0,0,0,0,0,0,0,20000,0,0,0,45000,25000,20000,20000
061456,玉晶光凱基9B購05,0,0,0,0,0,0,0,0,0,20000,0,0,0,20000,0,20000,20000
061581,貿聯元大9A購05  ,0,0,0,0,0,0,0,0,0,20000,0,0,0,20000,0,20000,20000
061136,可成統一9A購01  ,0,0,0,0,0,0,0,0,0,20000,0,0,0,50000,30000,20000,20000
063082,瑞昱凱基9B購04  ,0,0,0,0,0,0,0,0,0,20000,0,0,0,20000,0,20000,20000
063269,儒鴻兆豐9C購01  ,0,0,0,0,0,0,0,0,0,20000,0,0,0,20000,0,20000,20000
063290,GIS元大9B購02   ,0,0,0,0,0,0,0,0,0,20000,0,0,0,30000,10000,20000,20000
064440,大立光凱基03購03,0,0,0,0,0,0,0,0,0,20000,0,0,0,20000,0,20000,20000
061702,奇鋐國票9A購02  ,0,0,0,0,0,0,0,0,0,20000,0,0,0,21000,1000,20000,20000
062389,台表科國泰01購01,0,0,0,0,0,0,0,0,0,20000,0,0,0,20000,0,20000,20000
062417,鴻海統一9C購08  ,0,0,0,0,0,0,0,0,0,20000,0,0,0,20000,0,20000,20000
062727,華擎凱基9B購03  ,0,0,0,0,0,0,0,0,0,20000,0,0,0,20000,0,20000,20000
062710,盛群元大9B購01  ,0,0,0,0,0,0,0,0,0,20000,0,0,0,20000,0,20000,20000
062203,燿華國票9C購01  ,0,0,0,0,0,0,0,0,0,20000,0,0,0,50000,30000,20000,20000
063732,建準元大9B購02  ,0,0,0,0,0,0,0,0,0,20000,0,0,0,22000,2000,20000,20000
063583,GIS國泰01購01   ,0,0,0,0,0,0,0,0,0,20000,0,0,0,20000,0,20000,20000
065821,億豐元富03購01  ,0,0,0,0,0,0,0,0,0,20000,0,0,0,20000,0,20000,20000
065798,華通群益01購03  ,0,0,0,0,0,0,0,0,0,20000,0,0,0,25000,5000,20000,20000
065207,奇力新國票9C購02,0,0,0,0,0,0,0,0,0,20000,0,0,0,20000,0,20000,20000
06535P,可成群益99售02  ,0,0,0,0,0,0,0,0,0,20000,0,0,0,20000,0,20000,20000
065241,南電凱基01購02  ,0,0,0,0,0,0,0,0,0,20000,0,0,0,20000,0,20000,20000
065758,嘉澤元大9C購03  ,0,0,0,0,0,0,0,0,0,20000,0,0,0,20000,0,20000,20000
065790,創意永豐9C購02  ,0,0,0,0,0,0,0,0,0,20000,0,0,0,34000,14000,20000,20000
065716,道瓊反中信03購01,0,0,0,0,0,0,0,0,0,20000,0,0,0,20000,0,20000,20000
067655,晶技元富07購01  ,0,0,0,0,0,0,0,0,0,20000,0,0,0,20000,0,20000,20000
066804,緯創凱基01購01  ,0,0,0,0,0,0,0,0,0,20000,0,0,0,21000,1000,20000,20000
066788,聯發科麥證01購07,0,0,0,30000,10000,20000,0,0,0,20000,0,0,0,30000,10000,20000,20000
066791,牧德康和01購01  ,0,0,0,0,0,0,0,0,0,20000,0,0,0,20000,0,20000,20000
066654,上証2X凱基03購02,0,0,0,0,0,0,0,0,0,20000,0,0,0,33000,13000,20000,20000
066647,聯發科麥證01購04,0,0,0,20000,0,20000,0,0,0,20000,0,0,0,20000,0,20000,20000
066656,滬深2X凱基03購02,0,0,0,0,0,0,0,0,0,20000,0,0,0,20000,0,20000,20000
066966,國巨元富07購07  ,0,0,0,0,0,0,0,0,0,20000,0,0,0,20000,0,20000,20000
066917,美利達凱基01購02,0,0,0,0,0,0,0,0,0,20000,0,0,0,109000,89000,20000,20000
08775P,台灣50群益01售05,0,0,0,0,0,0,0,0,0,20000,0,0,0,20000,0,20000,20000
08783P,台積電元大01售18,0,0,0,0,0,0,0,0,0,20000,0,0,0,20000,0,20000,20000
08910P,宏達電凱基01售02,0,0,0,0,0,0,0,0,0,20000,0,0,0,20000,0,20000,20000
08714P,華碩元富01售03  ,0,0,0,0,0,0,0,0,0,20000,0,0,0,80000,60000,20000,20000
08687P,南六永豐01售02  ,0,0,0,0,0,0,0,0,0,20000,0,0,0,20000,0,20000,20000
068257,聯發科國泰03購05,0,0,0,0,0,0,0,0,0,19000,0,0,0,203000,184000,19000,19000
068327,聯發科元大01購27,0,0,0,0,0,0,0,0,0,19000,0,0,0,77000,58000,19000,19000
068417,宏碁兆豐03購01  ,20000,0,20000,0,0,0,0,0,0,-1000,0,0,0,855000,856000,-1000,19000
068657,台積電元大02購10,0,0,0,0,0,0,0,0,0,19000,0,0,0,983000,964000,19000,19000
068744,亞德客群益02購01,0,0,0,0,0,0,0,0,0,19000,0,0,0,19000,0,19000,19000
068843,國巨統一03購05  ,0,0,0,0,0,0,0,0,0,19000,0,0,0,68000,49000,19000,19000
069263,台光電兆豐03購01,0,0,0,0,0,0,0,0,0,19000,0,0,0,19000,0,19000,19000
060604,宏達電凱基9B購01,0,0,0,0,0,0,0,0,0,19000,0,0,0,24000,5000,19000,19000
059823,奇力新凱基99購07,0,0,0,0,0,0,0,0,0,19000,0,0,0,19000,0,19000,19000
057969,緯穎國泰99購01  ,0,0,0,0,0,0,0,0,0,19000,0,0,0,55000,36000,19000,19000
060022,勤誠康和99購01  ,0,0,0,0,0,0,0,0,0,19000,0,0,0,58000,39000,19000,19000
03054P,宏碁中信03售02  ,0,0,0,0,0,0,0,0,0,19000,0,0,0,50000,31000,19000,19000
00681R,元大美債20反1   ,3000,0,3000,0,0,0,0,0,0,16000,0,0,0,18000,2000,16000,19000
054808,東元元大9A購01  ,0,0,0,0,0,0,0,0,0,19000,0,0,0,19000,0,19000,19000
056746,超眾凱基99購01  ,0,0,0,0,0,0,0,0,0,19000,0,0,0,39000,20000,19000,19000
062522,同欣電元大9B購02,0,0,0,0,0,0,0,0,0,19000,0,0,0,26000,7000,19000,19000
061237,晶技元大9A購01  ,0,0,0,0,0,0,0,0,0,19000,0,0,0,20000,1000,19000,19000
061589,世紀鋼富邦9B購01,0,0,0,0,0,0,0,0,0,19000,0,0,0,19000,0,19000,19000
065053,南電凱基02購01  ,0,0,0,0,0,0,0,0,0,19000,0,0,0,20000,1000,19000,19000
062669,微星中信03購01  ,0,0,0,0,0,0,0,0,0,19000,0,0,0,30000,11000,19000,19000
066704,創意群益01購02  ,0,0,0,0,0,0,0,0,0,19000,0,0,0,46000,27000,19000,19000
067625,欣興富邦03購01  ,0,0,0,0,0,0,0,0,0,19000,0,0,0,19000,0,19000,19000
067146,台達電統一02購01,0,0,0,0,0,0,0,0,0,19000,0,0,0,20000,1000,19000,19000
065106,S&P反1國票9C購02,0,0,0,0,0,0,0,0,0,19000,0,0,0,19000,0,19000,19000
065099,聯茂元大9C購03  ,0,0,0,0,0,0,0,0,0,19000,0,0,0,119000,100000,19000,19000
065948,燿華統一01購02  ,0,0,0,0,0,0,0,0,0,19000,0,0,0,184000,165000,19000,19000
065933,鴻海群益01購06  ,0,0,0,0,0,0,0,0,0,19000,0,0,0,40000,21000,19000,19000
066023,燿華群益01購02  ,0,0,0,0,0,0,0,0,0,19000,0,0,0,29000,10000,19000,19000
066459,智原統一01購01  ,0,0,0,0,0,0,0,0,0,19000,0,0,0,198000,179000,19000,19000
08610P,鴻海凱基9C售05  ,0,0,0,0,0,0,0,0,0,19000,0,0,0,109000,90000,19000,19000
1558,伸興            ,29000,14000,15000,0,0,0,0,0,0,4000,5000,1000,4000,0,0,0,19000
2702,華園            ,23000,4000,19000,0,0,0,0,0,0,0,0,0,0,0,0,0,19000
2545,皇翔            ,23000,8000,15000,0,0,0,0,0,0,4000,4000,0,4000,0,0,0,19000
8404,百和興業-KY     ,68000,49000,19000,0,0,0,0,0,0,0,0,0,0,0,0,0,19000
9902,台火            ,20000,1000,19000,0,0,0,0,0,0,0,0,0,0,0,0,0,19000
2327,國巨            ,1153849,1143565,10284,0,0,0,1000,0,1000,7000,72000,52000,20000,73000,86000,-13000,18284
008201,BP上證50        ,0,0,0,0,0,0,0,0,0,18200,0,0,0,18200,0,18200,18200
069205,友達元大02購02  ,0,0,0,0,0,0,0,0,0,18000,0,0,0,150000,132000,18000,18000
08348P,貿聯元大9C售01  ,0,0,0,0,0,0,0,0,0,18000,0,0,0,19000,1000,18000,18000
07920P,大立光中信01售01,0,0,0,0,0,0,0,0,0,18000,0,0,0,21000,3000,18000,18000
068447,A50正2國票03購01,0,0,0,0,0,0,0,0,0,18000,0,0,0,20000,2000,18000,18000
068401,瑞昱元富07購03  ,0,0,0,0,0,0,0,0,0,18000,0,0,0,117000,99000,18000,18000
067907,緯創國泰03購01  ,0,0,0,0,0,0,0,0,0,18000,0,0,0,28000,10000,18000,18000
00690,兆豐藍籌30      ,4000,4000,0,0,0,0,0,0,0,18000,0,0,0,483000,465000,18000,18000
055006,晶相光元富9A購01,0,0,0,0,0,0,0,0,0,18000,0,0,0,20000,2000,18000,18000
057404,貿聯群益99購01  ,0,0,0,0,0,0,0,0,0,18000,0,0,0,99000,81000,18000,18000
060799,茂林永豐9A購01  ,0,0,0,0,0,0,0,0,0,18000,0,0,0,68000,50000,18000,18000
060814,健策凱基9B購01  ,0,0,0,0,0,0,0,0,0,18000,0,0,0,19000,1000,18000,18000
059262,致茂中信01購01  ,0,0,0,0,0,0,0,0,0,18000,0,0,0,18000,0,18000,18000
060960,金像電凱基9B購01,0,0,0,0,0,0,0,0,0,18000,0,0,0,38000,20000,18000,18000
064671,聯茂元大9C購02  ,0,0,0,0,0,0,0,0,0,18000,0,0,0,69000,51000,18000,18000
063179,群創兆豐9B購01  ,0,0,0,0,0,0,0,0,0,18000,0,0,0,18000,0,18000,18000
061689,國巨群益9A購12  ,0,0,0,0,0,0,0,0,0,18000,0,0,0,48000,30000,18000,18000
062552,南電永豐9B購01  ,0,0,0,0,0,0,0,0,0,18000,0,0,0,18000,0,18000,18000
062173,世紀鋼永豐9B購01,0,0,0,0,0,0,0,0,0,18000,0,0,0,18000,0,18000,18000
062162,世紀鋼凱基9B購03,0,0,0,0,0,0,0,0,0,18000,0,0,0,29000,11000,18000,18000
063628,華通元大9B購09  ,0,0,0,0,0,0,0,0,0,18000,0,0,0,18000,0,18000,18000
063497,東元永豐9B購01  ,0,0,0,0,0,0,0,0,0,18000,0,0,0,18000,0,18000,18000
066199,金像電統一02購01,0,0,0,0,0,0,0,0,0,18000,0,0,0,18000,0,18000,18000
065105,巨大元大01購01  ,0,0,0,0,0,0,0,0,0,18000,0,0,0,69000,51000,18000,18000
065233,TPK凱基01購01   ,0,0,0,0,0,0,0,0,0,18000,0,0,0,31000,13000,18000,18000
067261,樺漢國票02購01  ,0,0,0,0,0,0,0,0,0,18000,0,0,0,18000,0,18000,18000
067443,國巨國票02購04  ,0,0,0,0,0,0,0,0,0,18000,0,0,0,18000,0,18000,18000
067593,亞德客凱基01購01,0,0,0,0,0,0,0,0,0,18000,0,0,0,18000,0,18000,18000
067548,亞德客中信03購01,0,0,0,0,0,0,0,0,0,18000,0,0,0,41000,23000,18000,18000
067756,奇鋐國泰03購01  ,0,0,0,0,0,0,0,0,0,18000,0,0,0,18000,0,18000,18000
066929,國巨國票02購03  ,0,0,0,0,0,0,0,0,0,18000,0,0,0,18000,0,18000,18000
066824,旺宏群益02購01  ,0,0,0,0,0,0,0,0,0,18000,0,0,0,225000,207000,18000,18000
067116,嘉澤群益01購02  ,0,0,0,0,0,0,0,0,0,18000,0,0,0,18000,0,18000,18000
066965,鴻海元富07購07  ,0,0,0,0,0,0,0,0,0,18000,0,0,0,19000,1000,18000,18000
067044,華碩凱基02購01  ,0,0,0,0,0,0,0,0,0,18000,0,0,0,144000,126000,18000,18000
3257,虹冠電          ,48000,81000,-33000,0,0,0,51000,0,51000,0,0,0,0,0,0,0,18000
08963P,牧德凱基01售02  ,0,0,0,0,0,0,0,0,0,18000,0,0,0,28000,10000,18000,18000
1472,三洋紡          ,20000,2000,18000,0,0,0,0,0,0,0,0,0,0,0,0,0,18000
6672,騰輝電子-KY     ,33000,15000,18000,0,0,0,0,0,0,0,0,0,0,0,0,0,18000
9937,全國            ,27000,9000,18000,0,0,0,0,0,0,0,0,0,0,0,0,0,18000
07951P,智邦元大9B售05  ,0,0,0,0,0,0,0,0,0,17000,0,0,0,25000,8000,17000,17000
07963P,智邦統一9B售01  ,0,0,0,0,0,0,0,0,0,17000,0,0,0,82000,65000,17000,17000
08428P,GIS國票01售01   ,0,0,0,0,0,0,0,0,0,17000,0,0,0,17000,0,17000,17000
069516,景碩凱基02購03  ,0,0,0,0,0,0,0,0,0,17000,0,0,0,90000,73000,17000,17000
069697,台積電元富08購17,0,0,0,0,0,0,0,0,0,17000,0,0,0,35000,18000,17000,17000
060548,友達凱基9B購03  ,0,0,0,0,0,0,0,0,0,17000,0,0,0,17000,0,17000,17000
060721,瑞儀永豐9A購01  ,0,0,0,0,0,0,0,0,0,17000,0,0,0,40000,23000,17000,17000
058773,和碩兆豐99購01  ,0,0,0,0,0,0,0,0,0,17000,0,0,0,30000,13000,17000,17000
060867,智伸科永豐9A購01,0,0,0,0,0,0,0,0,0,17000,0,0,0,17000,0,17000,17000
055815,亞光國票99購01  ,0,0,0,0,0,0,0,0,0,17000,0,0,0,17000,0,17000,17000
0052,富邦科技        ,6000,8000,-2000,0,0,0,0,0,0,19000,0,0,0,151000,132000,19000,17000
03269P,健策元大02售04  ,0,0,0,0,0,0,0,0,0,17000,0,0,0,17000,0,17000,17000
03352P,臺股指麥證02售01,0,0,0,61000,44000,17000,0,0,0,17000,0,0,0,61000,44000,17000,17000
056331,聯鈞國票99購01  ,0,0,0,0,0,0,0,0,0,17000,0,0,0,17000,0,17000,17000
062451,瀚宇博元大9B購02,0,0,0,0,0,0,0,0,0,17000,0,0,0,17000,0,17000,17000
063909,旺宏凱基02購01  ,0,0,0,0,0,0,0,0,0,17000,0,0,0,17000,0,17000,17000
063991,南六永豐9C購02  ,0,0,0,0,0,0,0,0,0,17000,0,0,0,17000,0,17000,17000
062069,喬山元大9B購01  ,0,0,0,0,0,0,0,0,0,17000,0,0,0,304000,287000,17000,17000
062247,國巨元大9B購07  ,0,0,0,0,0,0,0,0,0,17000,0,0,0,68000,51000,17000,17000
062259,可成元大9B購03  ,0,0,0,0,0,0,0,0,0,17000,0,0,0,81000,64000,17000,17000
061987,大立光元大9B購03,0,0,0,0,0,0,0,0,0,17000,0,0,0,33000,16000,17000,17000
062734,臺指反國票9C購03,0,0,0,0,0,0,0,0,0,17000,0,0,0,17000,0,17000,17000
062745,聯詠永豐9B購01  ,0,0,0,0,0,0,0,0,0,17000,0,0,0,17000,0,17000,17000
062362,致茂元大9B購01  ,0,0,0,0,0,0,0,0,0,17000,0,0,0,17000,0,17000,17000
061617,微星群益9A購02  ,0,0,0,0,0,0,0,0,0,17000,0,0,0,17000,0,17000,17000
061403,滬深2X國票9A購06,0,0,0,0,0,0,0,0,0,17000,0,0,0,17000,0,17000,17000
061891,力山永豐9B購01  ,0,0,0,0,0,0,0,0,0,17000,0,0,0,52000,35000,17000,17000
065123,台灣50永豐9C購02,0,0,0,0,0,0,0,0,0,17000,0,0,0,17000,0,17000,17000
066406,南六凱基01購02  ,0,0,0,0,0,0,0,0,0,17000,0,0,0,28000,11000,17000,17000
066346,眾達永豐01購01  ,0,0,0,0,0,0,0,0,0,17000,0,0,0,21000,4000,17000,17000
08760P,瑞昱元大01售02  ,0,0,0,0,0,0,0,0,0,17000,0,0,0,132000,115000,17000,17000
08734P,創意康和01售02  ,0,0,0,0,0,0,0,0,0,17000,0,0,0,17000,0,17000,17000
08907P,奇鋐群益01售03  ,0,0,0,0,0,0,0,0,0,17000,0,0,0,49000,32000,17000,17000
2397,友通            ,19000,3000,16000,0,0,0,0,0,0,1000,1000,0,1000,0,0,0,17000
2415,錩新            ,5000,6000,-1000,0,0,0,0,0,0,18000,18000,0,18000,0,0,0,17000
07058P,台積電凱基9A售07,0,0,0,0,0,0,0,0,0,16000,0,0,0,16000,0,16000,16000
068135,S&P反1元大03購01,0,0,0,0,0,0,0,0,0,16000,0,0,0,16000,0,16000,16000
068477,嘉聯益群益01購02,0,0,0,0,0,0,0,0,0,16000,0,0,0,258000,242000,16000,16000
068468,聯電群益03購03  ,0,0,0,0,0,0,0,0,0,16000,0,0,0,208000,192000,16000,16000
069013,緯創兆豐03購01  ,0,0,0,0,0,0,0,0,0,16000,0,0,0,16000,0,16000,16000
03364P,金像電元大02售05,0,0,0,0,0,0,0,0,0,16000,0,0,0,149000,133000,16000,16000
03255P,台積電國泰03售10,0,0,0,0,0,0,0,0,0,16000,0,0,0,32000,16000,16000,16000
054472,道瓊反中信9A購01,0,0,0,0,0,0,0,0,0,16000,0,0,0,25000,9000,16000,16000
046061,中石化凱基98購01,0,0,0,0,0,0,0,0,0,16000,0,0,0,16000,0,16000,16000
046937,聯電元大99購01  ,0,0,0,0,0,0,0,0,0,16000,0,0,0,16000,0,16000,16000
060093,友達元大03購01  ,0,0,0,0,0,0,0,0,0,16000,0,0,0,16000,0,16000,16000
058854,樺漢群益9B購01  ,0,0,0,0,0,0,0,0,0,16000,0,0,0,16000,0,16000,16000
059662,旭富元大9C購01  ,0,0,0,0,0,0,0,0,0,16000,0,0,0,91000,75000,16000,16000
058371,智原凱基9A購01  ,0,0,0,0,0,0,0,0,0,16000,0,0,0,16000,0,16000,16000
064656,聚陽元大9C購03  ,0,0,0,0,0,0,0,0,0,16000,0,0,0,148000,132000,16000,16000
065041,金像電凱基02購02,0,0,0,0,0,0,0,0,0,16000,0,0,0,27000,11000,16000,16000
064746,貿聯國票01購02  ,0,0,0,0,0,0,0,0,0,16000,0,0,0,154000,138000,16000,16000
064747,彩晶國票01購01  ,0,0,0,0,0,0,0,0,0,16000,0,0,0,22000,6000,16000,16000
063286,嘉澤元大9B購04  ,0,0,0,0,0,0,0,0,0,16000,0,0,0,16000,0,16000,16000
062914,嘉澤元大9B購02  ,0,0,0,0,0,0,0,0,0,16000,0,0,0,16000,0,16000,16000
064433,金像電凱基02購01,0,0,0,0,0,0,0,0,0,16000,0,0,0,18000,2000,16000,16000
064189,TPK永豐9C購01   ,0,0,0,0,0,0,0,0,0,16000,0,0,0,16000,0,16000,16000
065145,貿聯凱基9C購02  ,0,0,0,0,0,0,0,0,0,16000,0,0,0,20000,4000,16000,16000
06527P,T50正2富邦9C售01,0,0,0,0,0,0,0,0,0,16000,0,0,0,20000,4000,16000,16000
065679,聯發科統一03購01,0,0,0,0,0,0,0,0,0,16000,0,0,0,53000,37000,16000,16000
066680,友達兆豐01購02  ,0,0,0,0,0,0,0,0,0,16000,0,0,0,16000,0,16000,16000
066580,臺股指元大01購09,0,0,0,0,0,0,0,0,0,16000,0,0,0,16000,0,16000,16000
067561,晶技國票02購01  ,0,0,0,0,0,0,0,0,0,16000,0,0,0,48000,32000,16000,16000
067387,智邦元富04購01  ,0,0,0,0,0,0,0,0,0,16000,0,0,0,743000,727000,16000,16000
3036,文曄            ,173000,84000,89000,0,0,0,0,0,0,-73000,100000,167000,-67000,0,6000,-6000,16000
08861P,台積電統一01售10,0,0,0,0,0,0,0,0,0,16000,0,0,0,869000,853000,16000,16000
1507,永大            ,27000,11000,16000,0,0,0,0,0,0,0,0,0,0,0,0,0,16000
2007,燁興            ,16000,0,16000,0,0,0,0,0,0,0,0,0,0,0,0,0,16000
2009,第一銅          ,11000,3000,8000,0,0,0,0,0,0,8000,8000,0,8000,0,0,0,16000
068120,智易元富07購01  ,0,0,0,0,0,0,0,0,0,15000,0,0,0,20000,5000,15000,15000
068259,台灣50富邦03購04,0,0,0,0,0,0,0,0,0,15000,0,0,0,15000,0,15000,15000
068294,玉晶光兆豐03購01,0,0,0,0,0,0,0,0,0,15000,0,0,0,47000,32000,15000,15000
068019,玉晶光國票02購06,0,0,0,0,0,0,0,0,0,15000,0,0,0,15000,0,15000,15000
068020,玉晶光國票02購07,0,0,0,0,0,0,0,0,0,15000,0,0,0,15000,0,15000,15000
07867P,晶技元大9B售01  ,0,0,0,0,0,0,0,0,0,15000,0,0,0,15000,0,15000,15000
08351P,南六國票01售02  ,0,0,0,0,0,0,0,0,0,15000,0,0,0,15000,0,15000,15000
08388P,台灣50中信03售09,0,0,0,0,0,0,0,0,0,15000,0,0,0,162000,147000,15000,15000
08476P,臺股指凱基9C售14,0,0,0,0,0,0,0,0,0,15000,0,0,0,15000,0,15000,15000
08124P,臻鼎群益9B售02  ,0,0,0,0,0,0,0,0,0,15000,0,0,0,43000,28000,15000,15000
07992P,玉晶光群益01售04,0,0,0,0,0,0,0,0,0,15000,0,0,0,15000,0,15000,15000
069672,聯電元大02購19  ,0,0,0,0,0,0,0,0,0,15000,0,0,0,28000,13000,15000,15000
069422,南六統一02購04  ,0,0,0,0,0,0,0,0,0,15000,0,0,0,79000,64000,15000,15000
057953,聚陽元大98購01  ,0,0,0,0,0,0,0,0,0,15000,0,0,0,15000,0,15000,15000
059052,為升凱基99購01  ,0,0,0,0,0,0,0,0,0,15000,0,0,0,15000,0,15000,15000
060741,滬深2X國票9A購05,0,0,0,0,0,0,0,0,0,15000,0,0,0,20000,5000,15000,15000
058788,喬山元大99購01  ,0,0,0,0,0,0,0,0,0,15000,0,0,0,15000,0,15000,15000
064348,TPK元大9C購03   ,0,0,0,0,0,0,0,0,0,15000,0,0,0,21000,6000,15000,15000
063802,南茂凱基9C購01  ,0,0,0,0,0,0,0,0,0,15000,0,0,0,18000,3000,15000,15000
056829,台積電富邦9A購01,0,0,0,0,0,0,0,0,0,15000,0,0,0,18000,3000,15000,15000
057103,禾伸堂中信9A購01,0,0,0,0,0,0,0,0,0,15000,0,0,0,50000,35000,15000,15000
060401,世紀鋼國票9B購01,0,0,0,0,0,0,0,0,0,15000,0,0,0,15000,0,15000,15000
060152,上証2X永豐9A購02,0,0,0,0,0,0,0,0,0,15000,0,0,0,15000,0,15000,15000
054640,健策中信9B購01  ,0,0,0,0,0,0,0,0,0,15000,0,0,0,46000,31000,15000,15000
03245P,聯發科統一02售11,0,0,0,0,0,0,0,0,0,15000,0,0,0,15000,0,15000,15000
03064X,元展59          ,0,0,0,0,0,0,0,0,0,15000,0,0,0,15000,0,15000,15000
006203,元大MSCI台灣    ,2000,2000,0,0,0,0,0,0,0,15000,0,0,0,17000,2000,15000,15000
00763U,街口道瓊銅      ,0,2000,-2000,0,0,0,0,0,0,17000,0,0,0,20000,3000,17000,15000
03359P,金像電群益02售04,0,0,0,0,0,0,0,0,0,15000,0,0,0,20000,5000,15000,15000
05620P,大立光富邦9B售01,0,0,0,0,0,0,0,0,0,15000,0,0,0,15000,0,15000,15000
056375,玉晶光統一01購01,0,0,0,0,0,0,0,0,0,15000,0,0,0,20000,5000,15000,15000
056408,奇鋐國票99購01  ,0,0,0,0,0,0,0,0,0,15000,0,0,0,15000,0,15000,15000
056276,同欣電國泰98購01,0,0,0,0,0,0,0,0,0,15000,0,0,0,15000,0,15000,15000
057828,緯穎元大99購02  ,0,0,0,0,0,0,0,0,0,15000,0,0,0,75000,60000,15000,15000
064064,義隆富邦03購01  ,0,0,0,0,0,0,0,0,0,15000,0,0,0,15000,0,15000,15000
063868,嘉晶永豐9C購01  ,0,0,0,0,0,0,0,0,0,15000,0,0,0,15000,0,15000,15000
062478,牧德國票9B購03  ,0,0,0,0,0,0,0,0,0,15000,0,0,0,15000,0,15000,15000
062499,鴻海群益01購01  ,0,0,0,0,0,0,0,0,0,15000,0,0,0,115000,100000,15000,15000
063742,道瓊指國票9C購01,0,0,0,0,0,0,0,0,0,15000,0,0,0,21000,6000,15000,15000
063579,GIS元大9C購01   ,0,0,0,0,0,0,0,0,0,15000,0,0,0,35000,20000,15000,15000
063610,儒鴻群益9B購02  ,0,0,0,0,0,0,0,0,0,15000,0,0,0,15000,0,15000,15000
062422,億光統一01購01  ,0,0,0,0,0,0,0,0,0,15000,0,0,0,15000,0,15000,15000
062820,禾伸堂兆豐9B購01,0,0,0,0,0,0,0,0,0,15000,0,0,0,15000,0,15000,15000
064288,瀚宇博元大9C購02,0,0,0,0,0,0,0,0,0,15000,0,0,0,25000,10000,15000,15000
062191,台郡元大9B購05  ,0,0,0,0,0,0,0,0,0,15000,0,0,0,15000,0,15000,15000
062183,奇鋐元大9B購01  ,0,0,0,0,0,0,0,0,0,15000,0,0,0,38000,23000,15000,15000
062944,茂林凱基9B購02  ,0,0,0,0,0,0,0,0,0,15000,0,0,0,66000,51000,15000,15000
063394,金像電群益9B購01,0,0,0,0,0,0,0,0,0,15000,0,0,0,15000,0,15000,15000
064557,鴻海群益9C購04  ,0,0,0,0,0,0,0,0,0,15000,0,0,0,20000,5000,15000,15000
061901,柏文永豐9B購01  ,0,0,0,0,0,0,0,0,0,15000,0,0,0,15000,0,15000,15000
067297,台積電元大02購03,0,0,0,0,0,0,0,0,0,15000,0,0,0,85000,70000,15000,15000
067575,道瓊反群益01購04,0,0,0,0,0,0,0,0,0,15000,0,0,0,15000,0,15000,15000
067609,智易凱基01購01  ,0,0,0,0,0,0,0,0,0,15000,0,0,0,21000,6000,15000,15000
066623,國巨凱基04購01  ,0,0,0,0,0,0,0,0,0,15000,0,0,0,525000,510000,15000,15000
066723,聯電元大02購01  ,0,0,0,0,0,0,0,0,0,15000,0,0,0,15000,0,15000,15000
066665,聯詠凱基02購01  ,0,0,0,0,0,0,0,0,0,15000,0,0,0,15000,0,15000,15000
067030,南電兆豐03購01  ,0,0,0,0,0,0,0,0,0,15000,0,0,0,15000,0,15000,15000
067093,台灣50群益01購08,0,0,0,0,0,0,0,0,0,15000,0,0,0,16000,1000,15000,15000
066222,生達國泰02購01  ,0,0,0,0,0,0,0,0,0,15000,0,0,0,114000,99000,15000,15000
065889,鴻海統一03購02  ,0,0,0,0,0,0,0,0,0,15000,0,0,0,15000,0,15000,15000
065831,緯創凱基9C購03  ,0,0,0,0,0,0,0,0,0,15000,0,0,0,15000,0,15000,15000
2305,全友            ,34000,25000,9000,0,0,0,0,0,0,6000,6000,0,6000,0,0,0,15000
1529,樂士            ,8000,4000,4000,0,0,0,0,0,0,11000,11000,0,11000,0,0,0,15000
08941P,臺股指中信04售04,0,0,0,0,0,0,0,0,0,15000,0,0,0,20000,5000,15000,15000
08597P,聯發科元大9C售18,10000,0,10000,0,0,0,0,0,0,5000,0,0,0,15000,10000,5000,15000
3543,州巧            ,15000,0,15000,0,0,0,0,0,0,0,0,0,0,0,0,0,15000
4989,榮科            ,16000,4000,12000,0,0,0,0,0,0,3000,3000,0,3000,0,0,0,15000
4994,傳奇            ,17000,2000,15000,0,0,0,0,0,0,0,0,0,0,0,0,0,15000
6525,捷敏-KY         ,24000,10000,14000,0,0,0,0,0,0,1000,1000,0,1000,0,0,0,15000
6579,研揚            ,15000,1000,14000,0,0,0,0,0,0,1000,2000,1000,1000,0,0,0,15000
6415,矽力-KY         ,364462,331015,33447,0,0,0,0,25000,-25000,6000,6000,0,6000,1000,1000,0,14447
069232,臺股指群益02購07,0,0,0,0,0,0,0,0,0,14000,0,0,0,25000,11000,14000,14000
08349P,南六元大9C售03  ,0,0,0,0,0,0,0,0,0,14000,0,0,0,14000,0,14000,14000
068322,國巨元大03購02  ,0,0,0,0,0,0,0,0,0,14000,0,0,0,14000,0,14000,14000
068763,世紀鋼永豐02購01,0,0,0,0,0,0,0,0,0,14000,0,0,0,14000,0,14000,14000
057706,臺股指群益98購06,0,0,0,0,0,0,0,0,0,14000,0,0,0,14000,0,14000,14000
056357,台積電元大9A購01,0,0,0,0,0,0,0,0,0,14000,0,0,0,14000,0,14000,14000
03383P,聯電凱基02售04  ,0,0,0,0,0,0,0,0,0,14000,0,0,0,18000,4000,14000,14000
057542,上銀凱基99購01  ,0,0,0,0,0,0,0,0,0,14000,0,0,0,14000,0,14000,14000
054370,台積電中信9A購01,0,0,0,0,0,0,0,0,0,14000,0,0,0,14000,0,14000,14000
03465P,欣興元富02售04  ,0,0,0,0,0,0,0,0,0,14000,0,0,0,14000,0,14000,14000
064370,聯茂統一02購01  ,0,0,0,0,0,0,0,0,0,14000,0,0,0,14000,0,14000,14000
058078,景碩國票99購01  ,0,0,0,0,0,0,0,0,0,14000,0,0,0,20000,6000,14000,14000
058208,百和凱基99購01  ,0,0,0,0,0,0,0,0,0,14000,0,0,0,14000,0,14000,14000
062673,台新金中信03購01,0,0,0,0,0,0,0,0,0,14000,0,0,0,34000,20000,14000,14000
064611,亞德客元大9C購02,0,0,0,0,0,0,0,0,0,14000,0,0,0,14000,0,14000,14000
064845,華通元富9C購02  ,0,0,0,0,0,0,0,0,0,14000,0,0,0,26000,12000,14000,14000
061280,國巨統一9C購06  ,0,0,0,0,0,0,0,0,0,14000,0,0,0,40000,26000,14000,14000
061455,京元電凱基9B購01,0,0,0,0,0,0,0,0,0,14000,0,0,0,50000,36000,14000,14000
062013,奇鋐富邦9B購01  ,0,0,0,0,0,0,0,0,0,14000,0,0,0,97000,83000,14000,14000
062034,同欣電群益9B購01,0,0,0,0,0,0,0,0,0,14000,0,0,0,40000,26000,14000,14000
064408,TPK凱基02購01   ,0,0,0,0,0,0,0,0,0,14000,0,0,0,45000,31000,14000,14000
062513,玉晶光國票9C購01,0,0,0,0,0,0,0,0,0,14000,0,0,0,22000,8000,14000,14000
063525,廣達凱基9B購02  ,0,0,0,0,0,0,0,0,0,14000,0,0,0,388000,374000,14000,14000
063872,嘉聯益永豐9C購01,0,0,0,0,0,0,0,0,0,14000,0,0,0,352000,338000,14000,14000
063251,同欣電元大9B購04,0,0,0,0,0,0,0,0,0,14000,0,0,0,199000,185000,14000,14000
064182,臻鼎富邦01購01  ,0,0,0,0,0,0,0,0,0,14000,0,0,0,14000,0,14000,14000
065928,創意國票02購01  ,0,0,0,0,0,0,0,0,0,14000,0,0,0,88000,74000,14000,14000
065998,友訊國票01購02  ,0,0,0,0,0,0,0,0,0,14000,0,0,0,81000,67000,14000,14000
066228,嘉基國泰02購01  ,0,0,0,0,0,0,0,0,0,14000,0,0,0,14000,0,14000,14000
066189,和潤凱基01購01  ,0,0,0,0,0,0,0,0,0,14000,0,0,0,68000,54000,14000,14000
065119,大立光富邦03購03,0,0,0,0,0,0,0,0,0,14000,0,0,0,15000,1000,14000,14000
066904,台積電凱基02購10,0,0,0,0,0,0,0,0,0,14000,0,0,0,164000,150000,14000,14000
067383,樺漢統一03購02  ,0,0,0,0,0,0,0,0,0,14000,0,0,0,363000,349000,14000,14000
6152,百一            ,18000,4000,14000,0,0,0,0,0,0,0,0,0,0,0,0,0,14000
6136,富爾特          ,9000,3000,6000,0,0,0,0,0,0,8000,8000,0,8000,0,0,0,14000
4572,駐龍            ,15000,1000,14000,0,0,0,0,0,0,0,0,0,0,0,0,0,14000
3031,佰鴻            ,59000,47000,12000,0,0,0,0,0,0,2000,2000,0,2000,0,0,0,14000
08961P,大毅凱基01售03  ,0,0,0,0,0,0,0,0,0,14000,0,0,0,14000,0,14000,14000
1817,凱撒衛          ,15000,1000,14000,0,0,0,0,0,0,0,0,0,0,0,0,0,14000
068870,美利達中信03購01,0,0,0,0,0,0,0,0,0,13000,0,0,0,13000,0,13000,13000
068314,南電國票03購02  ,0,0,0,0,0,0,0,0,0,13000,0,0,0,151000,138000,13000,13000
067937,玉晶光凱基02購04,0,0,0,0,0,0,0,0,0,13000,0,0,0,15000,2000,13000,13000
059128,友達中信99購02  ,0,0,0,0,0,0,0,0,0,13000,0,0,0,13000,0,13000,13000
058973,麗豐永豐99購01  ,0,0,0,0,0,0,0,0,0,13000,0,0,0,50000,37000,13000,13000
064516,華通群益02購01  ,0,0,0,0,0,0,0,0,0,13000,0,0,0,13000,0,13000,13000
060885,世紀鋼中信9A購01,0,0,0,0,0,0,0,0,0,13000,0,0,0,15000,2000,13000,13000
00711B,FH彭博新興債    ,0,2000,-2000,0,0,0,0,0,0,15000,0,0,0,176000,161000,15000,13000
00737,國泰AI+Robo     ,0,0,0,0,0,0,0,0,0,13000,0,0,0,35000,22000,13000,13000
064233,燿華統一9C購02  ,0,0,0,0,0,0,0,0,0,13000,0,0,0,145000,132000,13000,13000
063728,國巨元大9B購21  ,0,0,0,0,0,0,0,0,0,13000,0,0,0,42000,29000,13000,13000
063691,聯鈞永豐9B購01  ,0,0,0,0,0,0,0,0,0,13000,0,0,0,45000,32000,13000,13000
064407,貿聯凱基02購02  ,0,0,0,0,0,0,0,0,0,13000,0,0,0,163000,150000,13000,13000
062796,技嘉統一9C購01  ,0,0,0,0,0,0,0,0,0,13000,0,0,0,13000,0,13000,13000
062019,嘉澤永豐9B購01  ,0,0,0,0,0,0,0,0,0,13000,0,0,0,13000,0,13000,13000
062302,聯詠中信05購02  ,0,0,0,0,0,0,0,0,0,13000,0,0,0,23000,10000,13000,13000
064683,台表科兆豐9C購02,0,0,0,0,0,0,0,0,0,13000,0,0,0,131000,118000,13000,13000
061930,臺股指凱基9B購05,0,0,0,0,0,0,0,0,0,13000,0,0,0,43000,30000,13000,13000
061773,和潤元大9B購01  ,0,0,0,0,0,0,0,0,0,13000,0,0,0,13000,0,13000,13000
067206,台積電元大01購23,0,0,0,0,0,0,0,0,0,13000,0,0,0,13000,0,13000,13000
067538,晶技群益01購02  ,0,0,0,0,0,0,0,0,0,13000,0,0,0,45000,32000,13000,13000
067727,聯茂凱基01購02  ,0,0,0,0,0,0,0,0,0,13000,0,0,0,33000,20000,13000,13000
066560,聯鈞元大01購04  ,0,0,0,0,0,0,0,0,0,13000,0,0,0,38000,25000,13000,13000
065300,燿華元富9C購03  ,0,0,0,0,0,0,0,0,0,13000,0,0,0,14000,1000,13000,13000
065709,瀚宇博群益9C購01,0,0,0,0,0,0,0,0,0,13000,0,0,0,13000,0,13000,13000
066196,南港統一03購01  ,0,0,0,0,0,0,0,0,0,13000,0,0,0,500000,487000,13000,13000
066080,台光電國泰03購01,0,0,0,0,0,0,0,0,0,13000,0,0,0,63000,50000,13000,13000
066056,聯鈞元大01購02  ,0,0,0,0,0,0,0,0,0,13000,0,0,0,21000,8000,13000,13000
1109,信大            ,37000,24000,13000,0,0,0,0,0,0,0,0,0,0,0,0,0,13000
1446,宏和            ,13000,0,13000,0,0,0,0,0,0,0,0,0,0,0,0,0,13000
1454,台富            ,13000,0,13000,0,0,0,0,0,0,0,0,0,0,0,0,0,13000
2706,第一店          ,13000,0,13000,0,0,0,0,0,0,0,0,0,0,0,0,0,13000
8473,山林水          ,13000,2000,11000,0,0,0,0,0,0,2000,2000,0,2000,0,0,0,13000
067989,台積電元大01購31,0,0,0,0,0,0,0,0,0,12000,0,0,0,12000,0,12000,12000
068380,欣興永豐01購05  ,0,0,0,0,0,0,0,0,0,12000,0,0,0,12000,0,12000,12000
069051,聯發科元富08購03,0,0,0,0,0,0,0,0,0,12000,0,0,0,70000,58000,12000,12000
068519,群創統一03購01  ,0,0,0,0,0,0,0,0,0,12000,0,0,0,15000,3000,12000,12000
08122P,晶技國票9C售01  ,0,0,0,0,0,0,0,0,0,12000,0,0,0,12000,0,12000,12000
069512,金像電凱基03購01,0,0,0,0,0,0,0,0,0,12000,0,0,0,12000,0,12000,12000
069513,友達凱基02購04  ,0,0,0,0,0,0,0,0,0,12000,0,0,0,12000,0,12000,12000
00663L,國泰臺灣加權正2 ,4000,0,4000,0,0,0,0,0,0,8000,0,0,0,10000,2000,8000,12000
03075P,泰碩國泰03售01  ,0,0,0,0,0,0,0,0,0,12000,0,0,0,13000,1000,12000,12000
056411,緯穎國票99購01  ,0,0,0,0,0,0,0,0,0,12000,0,0,0,12000,0,12000,12000
060163,健策永豐9B購01  ,0,0,0,0,0,0,0,0,0,12000,0,0,0,12000,0,12000,12000
050797,聯發科中信99購01,0,0,0,0,0,0,0,0,0,12000,0,0,0,12000,0,12000,12000
052659,上証2X國票99購01,0,0,0,0,0,0,0,0,0,12000,0,0,0,12000,0,12000,12000
054377,臺股指中信99購09,0,0,0,0,0,0,0,0,0,12000,0,0,0,12000,0,12000,12000
054633,臺股指凱基9A購02,0,0,0,0,0,0,0,0,0,12000,0,0,0,12000,0,12000,12000
059992,S&P正2元富9B購04,0,0,0,0,0,0,0,0,0,12000,0,0,0,12000,0,12000,12000
060060,台積電兆豐99購05,0,0,0,0,0,0,0,0,0,12000,0,0,0,12000,0,12000,12000
061014,台積電麥證9A購04,0,0,0,12000,0,12000,0,0,0,12000,0,0,0,12000,0,12000,12000
059113,群光永豐99購01  ,0,0,0,0,0,0,0,0,0,12000,0,0,0,22000,10000,12000,12000
060652,滬深2X群益9C購04,0,0,0,0,0,0,0,0,0,12000,0,0,0,20000,8000,12000,12000
062679,技嘉統一01購01  ,0,0,0,0,0,0,0,0,0,12000,0,0,0,37000,25000,12000,12000
064589,聯鈞永豐9C購01  ,0,0,0,0,0,0,0,0,0,12000,0,0,0,13000,1000,12000,12000
064629,和潤元大9C購01  ,0,0,0,0,0,0,0,0,0,12000,0,0,0,62000,50000,12000,12000
064691,友達群益9C購04  ,0,0,0,0,0,0,0,0,0,12000,0,0,0,12000,0,12000,12000
064777,南亞科群益9C購01,0,0,0,0,0,0,0,0,0,12000,0,0,0,12000,0,12000,12000
064853,亞德客麥證9C購01,0,0,0,12000,0,12000,0,0,0,12000,0,0,0,12000,0,12000,12000
061601,台積電凱基9A購26,0,0,0,0,0,0,0,0,0,12000,0,0,0,12000,0,12000,12000
061577,泰碩元大9A購03  ,0,0,0,0,0,0,0,0,0,12000,0,0,0,12000,0,12000,12000
061530,智邦台新9A購02  ,0,0,0,0,0,0,0,0,0,12000,0,0,0,127000,115000,12000,12000
06333P,臺股指群益9C售02,0,0,0,0,0,0,0,0,0,12000,0,0,0,44000,32000,12000,12000
064316,貿聯群益9C購02  ,0,0,0,0,0,0,0,0,0,12000,0,0,0,12000,0,12000,12000
062757,華通凱基9B購02  ,0,0,0,0,0,0,0,0,0,12000,0,0,0,12000,0,12000,12000
061678,玉晶光元大9B購04,0,0,0,0,0,0,0,0,0,12000,0,0,0,17000,5000,12000,12000
063499,金像電永豐9B購03,0,0,0,0,0,0,0,0,0,12000,0,0,0,12000,0,12000,12000
064101,可成群益01購01  ,0,0,0,0,0,0,0,0,0,12000,0,0,0,85000,73000,12000,12000
066086,東元永豐01購01  ,0,0,0,0,0,0,0,0,0,12000,0,0,0,12000,0,12000,12000
065949,瑞昱統一01購06  ,0,0,0,0,0,0,0,0,0,12000,0,0,0,12000,0,12000,12000
065838,鴻海元大03購01  ,0,0,0,0,0,0,0,0,0,12000,0,0,0,16000,4000,12000,12000
066170,聯陽凱基01購01  ,0,0,0,0,0,0,0,0,0,12000,0,0,0,25000,13000,12000,12000
065323,聯發科凱基9C購09,0,0,0,0,0,0,0,0,0,12000,0,0,0,15000,3000,12000,12000
064893,金像電群益01購02,0,0,0,0,0,0,0,0,0,12000,0,0,0,12000,0,12000,12000
067542,旭富群益01購03  ,0,0,0,0,0,0,0,0,0,12000,0,0,0,22000,10000,12000,12000
067179,健策康和01購01  ,0,0,0,0,0,0,0,0,0,12000,0,0,0,25000,13000,12000,12000
067172,台積電兆豐03購02,0,0,0,0,0,0,0,0,0,12000,0,0,0,12000,0,12000,12000
067339,欣興凱基02購01  ,0,0,0,0,0,0,0,0,0,12000,0,0,0,22000,10000,12000,12000
8341,日友            ,49000,37000,12000,0,0,0,0,0,0,0,0,0,0,0,0,0,12000
2483,百容            ,5000,0,5000,0,0,0,0,0,0,7000,9000,2000,7000,0,0,0,12000
2488,漢平            ,38000,26000,12000,0,0,0,0,0,0,0,0,0,0,0,0,0,12000
2459,敦吉            ,23000,12000,11000,0,0,0,0,0,0,1000,1000,0,1000,0,0,0,12000
4566,時碩工業        ,8000,2000,6000,0,0,0,0,0,0,6000,6000,0,6000,0,0,0,12000
4766,南寶            ,14000,2000,12000,0,0,0,0,0,0,0,0,0,0,0,0,0,12000
3712,永崴投控        ,682000,670000,12000,0,0,0,0,0,0,0,0,0,0,0,0,0,12000
5305,敦南            ,69000,55000,14000,0,0,0,0,0,0,-2000,2000,4000,-2000,0,0,0,12000
6666,羅麗芬-KY       ,12000,1000,11000,0,0,0,0,0,0,1000,1000,0,1000,0,0,0,12000
08953P,大立光元富07售02,0,0,0,0,0,0,0,0,0,12000,0,0,0,12000,0,12000,12000
08924P,鴻海元富07售10  ,0,0,0,0,0,0,0,0,0,12000,0,0,0,12000,0,12000,12000
069408,美律統一02購03  ,0,0,0,0,0,0,0,0,0,11000,0,0,0,107000,96000,11000,11000
08382P,國巨群益01售02  ,0,0,0,0,0,0,0,0,0,11000,0,0,0,11000,0,11000,11000
08542P,台勝科國票02售01,0,0,0,0,0,0,0,0,0,11000,0,0,0,11000,0,11000,11000
07838P,泰碩元大9A售04  ,0,0,0,0,0,0,0,0,0,11000,0,0,0,12000,1000,11000,11000
07712P,茂林元大9A售03  ,0,0,0,0,0,0,0,0,0,11000,0,0,0,11000,0,11000,11000
07671P,超眾元大9A售04  ,0,0,0,0,0,0,0,0,0,11000,0,0,0,11000,0,11000,11000
069058,台積電台新03購03,0,0,0,0,0,0,0,0,0,11000,0,0,0,21000,10000,11000,11000
068090,大成鋼群益01購02,0,0,0,0,0,0,0,0,0,11000,0,0,0,11000,0,11000,11000
057991,健策統一9C購01  ,0,0,0,0,0,0,0,0,0,11000,0,0,0,11000,0,11000,11000
058375,群創凱基9B購04  ,0,0,0,0,0,0,0,0,0,11000,0,0,0,72000,61000,11000,11000
058290,南電國票9A購01  ,0,0,0,0,0,0,0,0,0,11000,0,0,0,14000,3000,11000,11000
059761,國巨永豐99購06  ,0,0,0,0,0,0,0,0,0,11000,0,0,0,11000,0,11000,11000
059564,鴻海凱基9A購15  ,0,0,0,0,0,0,0,0,0,11000,0,0,0,11000,0,11000,11000
059230,滬深2X國票9B購02,0,0,0,0,0,0,0,0,0,11000,0,0,0,14000,3000,11000,11000
064493,南亞科元大9C購01,0,0,0,0,0,0,0,0,0,11000,0,0,0,20000,9000,11000,11000
055034,建準富邦99購01  ,0,0,0,0,0,0,0,0,0,11000,0,0,0,11000,0,11000,11000
03684C,臺股指元大06牛01,0,0,0,0,0,0,0,0,0,11000,0,0,0,11000,0,11000,11000
03427P,聯電元大02售11  ,0,0,0,0,0,0,0,0,0,11000,0,0,0,14000,3000,11000,11000
057084,立積統一9B購01  ,0,0,0,0,0,0,0,0,0,11000,0,0,0,12000,1000,11000,11000
057475,聯電元大9A購01  ,0,0,0,0,0,0,0,0,0,11000,0,0,0,12000,1000,11000,11000
03384P,聯電凱基03售07  ,0,0,0,0,0,0,0,0,0,11000,0,0,0,11000,0,11000,11000
03165P,台表科元大01售06,0,0,0,0,0,0,0,0,0,11000,0,0,0,46000,35000,11000,11000
064442,嘉聯益凱基9C購01,0,0,0,0,0,0,0,0,0,11000,0,0,0,320000,309000,11000,11000
064270,華通元大9C購03  ,0,0,0,0,0,0,0,0,0,11000,0,0,0,17000,6000,11000,11000
062272,鴻海群益9B購05  ,0,0,0,0,0,0,0,0,0,11000,0,0,0,11000,0,11000,11000
061571,奇力新元大9A購03,0,0,0,0,0,0,0,0,0,11000,0,0,0,11000,0,11000,11000
061395,健策統一9C購02  ,0,0,0,0,0,0,0,0,0,11000,0,0,0,16000,5000,11000,11000
061372,世紀鋼國泰9C購01,0,0,0,0,0,0,0,0,0,11000,0,0,0,75000,64000,11000,11000
061283,智邦統一9A購01  ,0,0,0,0,0,0,0,0,0,11000,0,0,0,11000,0,11000,11000
067337,欣興凱基01購01  ,0,0,0,0,0,0,0,0,0,11000,0,0,0,11000,0,11000,11000
067420,國巨凱基02購03  ,0,0,0,0,0,0,0,0,0,11000,0,0,0,37000,26000,11000,11000
067749,申豐元大01購02  ,0,0,0,0,0,0,0,0,0,11000,0,0,0,61000,50000,11000,11000
065400,華擎群益01購02  ,0,0,0,0,0,0,0,0,0,11000,0,0,0,141000,130000,11000,11000
065574,創意群益9C購04  ,0,0,0,0,0,0,0,0,0,11000,0,0,0,18000,7000,11000,11000
065874,智原群益9C購01  ,0,0,0,0,0,0,0,0,0,11000,0,0,0,21000,10000,11000,11000
065939,創意群益01購01  ,0,0,0,0,0,0,0,0,0,11000,0,0,0,99000,88000,11000,11000
08891P,國巨元大01售11  ,0,0,0,0,0,0,0,0,0,11000,0,0,0,16000,5000,11000,11000
08685P,南電凱基01售03  ,0,0,0,0,0,0,0,0,0,11000,0,0,0,391000,380000,11000,11000
1506,正道            ,11000,0,11000,0,0,0,0,0,0,0,0,0,0,0,0,0,11000
1203,味王            ,13000,2000,11000,0,0,0,0,0,0,0,0,0,0,0,0,0,11000
1618,合機            ,25000,14000,11000,0,0,0,0,0,0,0,0,0,0,0,0,0,11000
4155,訊映            ,24000,12000,12000,0,0,0,0,0,0,-1000,0,1000,-1000,0,0,0,11000
8222,寶一            ,13000,2000,11000,0,0,0,0,0,0,0,0,0,0,0,0,0,11000
8480,泰昇-KY         ,22000,11000,11000,0,0,0,0,0,0,0,0,0,0,0,0,0,11000
6409,旭隼            ,29000,20072,8928,0,0,0,0,0,0,2000,2000,0,2000,0,0,0,10928
00743,國泰中國A150    ,0,1000,-1000,0,0,0,0,0,0,11900,0,0,0,27000,15100,11900,10900
068069,台光電凱基01購03,0,0,0,0,0,0,0,0,0,10000,0,0,0,20000,10000,10000,10000
067956,玉晶光永豐01購08,0,0,0,0,0,0,0,0,0,10000,0,0,0,10000,0,10000,10000
068226,聯發科元富04購02,0,0,0,0,0,0,0,0,0,10000,0,0,0,10000,0,10000,10000
068145,台積電元大01購35,0,0,0,0,0,0,0,0,0,10000,0,0,0,10000,0,10000,10000
068196,南亞科凱基01購04,0,0,0,0,0,0,0,0,0,10000,0,0,0,10000,0,10000,10000
068201,玉晶光凱基02購07,0,0,0,0,0,0,0,0,0,10000,0,0,0,33000,23000,10000,10000
069072,T50反1第一02購01,0,0,0,0,0,0,0,0,0,10000,0,0,0,160000,150000,10000,10000
069064,友達麥證02購01  ,0,0,0,10000,0,10000,0,0,0,10000,0,0,0,10000,0,10000,10000
069012,健鼎兆豐03購01  ,0,0,0,0,0,0,0,0,0,10000,0,0,0,10000,0,10000,10000
068934,聯詠永豐02購01  ,0,0,0,0,0,0,0,0,0,10000,0,0,0,10000,0,10000,10000
068931,聯發科永豐02購01,0,0,0,0,0,0,0,0,0,10000,0,0,0,10000,0,10000,10000
068959,鴻海群益02購05  ,0,0,0,0,0,0,0,0,0,10000,0,0,0,10000,0,10000,10000
068829,台積電國泰04購01,0,0,0,0,0,0,0,0,0,10000,0,0,0,174000,164000,10000,10000
068822,欣興元大02購04  ,0,0,0,0,0,0,0,0,0,10000,0,0,0,10000,0,10000,10000
068797,茂林凱基02購01  ,0,0,0,0,0,0,0,0,0,10000,0,0,0,10000,0,10000,10000
068435,聯發科凱基01購21,0,0,0,0,0,0,0,0,0,10000,0,0,0,10000,0,10000,10000
068546,國巨群益01購11  ,0,0,0,0,0,0,0,0,0,10000,0,0,0,10000,0,10000,10000
068757,亞德客永豐02購01,0,0,0,0,0,0,0,0,0,10000,0,0,0,10000,0,10000,10000
068660,欣興元大02購02  ,0,0,0,0,0,0,0,0,0,10000,0,0,0,56000,46000,10000,10000
07797P,大立光國票9A售08,0,0,0,0,0,0,0,0,0,10000,0,0,0,10000,0,10000,10000
07785P,鴻海中信04售03  ,0,0,0,0,0,0,0,0,0,10000,0,0,0,10000,0,10000,10000
07659P,中租凱基9A售02  ,0,0,0,0,0,0,0,0,0,10000,0,0,0,10000,0,10000,10000
07533P,臺股指中信9C售04,0,0,0,0,0,0,0,0,0,10000,0,0,0,10000,0,10000,10000
07528P,鴻海凱基9A售19  ,0,0,0,0,0,0,0,0,0,10000,0,0,0,10000,0,10000,10000
07114P,旺宏兆豐9A售01  ,0,0,0,0,0,0,0,0,0,10000,0,0,0,131000,121000,10000,10000
07050P,宏達電中信9B售01,0,0,0,0,0,0,0,0,0,10000,0,0,0,10000,0,10000,10000
06999P,玉晶光國票9B售01,0,0,0,0,0,0,0,0,0,10000,0,0,0,10000,0,10000,10000
07148P,富邦金元大99售01,0,0,0,0,0,0,0,0,0,10000,0,0,0,10000,0,10000,10000
069745,欣興永豐02購08  ,0,0,0,0,0,0,0,0,0,10000,0,0,0,10000,0,10000,10000
08532P,國巨元富06售02  ,0,0,0,0,0,0,0,0,0,10000,0,0,0,10000,0,10000,10000
08457P,大毅元大9C售03  ,0,0,0,0,0,0,0,0,0,10000,0,0,0,10000,0,10000,10000
08148P,長榮航群益9B售03,0,0,0,0,0,0,0,0,0,10000,0,0,0,50000,40000,10000,10000
08104P,晶技元大9B售06  ,0,0,0,0,0,0,0,0,0,10000,0,0,0,10000,0,10000,10000
08004P,大毅永豐9B售02  ,0,0,0,0,0,0,0,0,0,10000,0,0,0,10000,0,10000,10000
08060P,嘉澤元大9B售01  ,0,0,0,0,0,0,0,0,0,10000,0,0,0,10000,0,10000,10000
08077P,亞德客國票9B售02,0,0,0,0,0,0,0,0,0,10000,0,0,0,10000,0,10000,10000
08241P,微星中信06售01  ,0,0,0,0,0,0,0,0,0,10000,0,0,0,10000,0,10000,10000
08331P,義隆元富9C售02  ,0,0,0,0,0,0,0,0,0,10000,0,0,0,10000,0,10000,10000
069410,聯發科統一04購03,0,0,0,0,0,0,0,0,0,10000,0,0,0,10000,0,10000,10000
069164,聯發科元大03購01,0,0,0,0,0,0,0,0,0,10000,0,0,0,10000,0,10000,10000
069379,微星元大03購01  ,0,0,0,0,0,0,0,0,0,10000,0,0,0,246000,236000,10000,10000
069343,玉晶光群益03購03,0,0,0,0,0,0,0,0,0,10000,0,0,0,11000,1000,10000,10000
03015P,玉晶光永豐01售06,0,0,0,0,0,0,0,0,0,10000,0,0,0,20000,10000,10000,10000
03022P,玉晶光群益02售26,0,0,0,0,0,0,0,0,0,10000,0,0,0,10000,0,10000,10000
03353P,臺股指麥證02售02,0,0,0,10000,0,10000,0,0,0,10000,0,0,0,10000,0,10000,10000
03336P,光寶科國票04售01,0,0,0,0,0,0,0,0,0,10000,0,0,0,10000,0,10000,10000
056501,貿聯富邦99購01  ,0,0,0,0,0,0,0,0,0,10000,0,0,0,10000,0,10000,10000
056550,瑞儀凱基99購01  ,0,0,0,0,0,0,0,0,0,10000,0,0,0,10000,0,10000,10000
056577,玉晶光元大99購06,0,0,0,0,0,0,0,0,0,10000,0,0,0,10000,0,10000,10000
03387P,台積電凱基03售11,0,0,0,0,0,0,0,0,0,10000,0,0,0,10000,0,10000,10000
057726,華通國泰9A購01  ,0,0,0,0,0,0,0,0,0,10000,0,0,0,20000,10000,10000,10000
057862,智邦凱基99購01  ,0,0,0,0,0,0,0,0,0,10000,0,0,0,16000,6000,10000,10000
057792,群創統一99購01  ,0,0,0,0,0,0,0,0,0,10000,0,0,0,10000,0,10000,10000
057024,義隆凱基99購01  ,0,0,0,0,0,0,0,0,0,10000,0,0,0,10000,0,10000,10000
057244,鈺齊凱基99購01  ,0,0,0,0,0,0,0,0,0,10000,0,0,0,10000,0,10000,10000
060862,美律永豐9A購01  ,0,0,0,0,0,0,0,0,0,10000,0,0,0,10000,0,10000,10000
060158,廣達永豐9A購01  ,0,0,0,0,0,0,0,0,0,10000,0,0,0,476000,466000,10000,10000
060513,緯穎元大9B購01  ,0,0,0,0,0,0,0,0,0,10000,0,0,0,85000,75000,10000,10000
060388,世紀鋼凱基9B購01,0,0,0,0,0,0,0,0,0,10000,0,0,0,10000,0,10000,10000
055892,國巨統一99購01  ,0,0,0,0,0,0,0,0,0,10000,0,0,0,10000,0,10000,10000
055623,貿聯國泰99購01  ,0,0,0,0,0,0,0,0,0,10000,0,0,0,20000,10000,10000,10000
055515,聚陽中信9A購01  ,0,0,0,0,0,0,0,0,0,10000,0,0,0,10000,0,10000,10000
055996,矽力國泰99購01  ,0,0,0,0,0,0,0,0,0,10000,0,0,0,10000,0,10000,10000
055999,電子類富邦99購01,0,0,0,0,0,0,0,0,0,10000,0,0,0,10000,0,10000,10000
056144,GIS元大98購01   ,0,0,0,0,0,0,0,0,0,10000,0,0,0,10000,0,10000,10000
056671,台灣50元富9A購01,0,0,0,0,0,0,0,0,0,10000,0,0,0,11000,1000,10000,10000
054515,華通元大98購02  ,0,0,0,0,0,0,0,0,0,10000,0,0,0,10000,0,10000,10000
054574,美律元大99購01  ,0,0,0,0,0,0,0,0,0,10000,0,0,0,10000,0,10000,10000
054540,泰鼎國票99購01  ,0,0,0,0,0,0,0,0,0,10000,0,0,0,10000,0,10000,10000
055022,精元國泰99購01  ,0,0,0,0,0,0,0,0,0,10000,0,0,0,10000,0,10000,10000
054805,台苯元大9A購01  ,0,0,0,0,0,0,0,0,0,10000,0,0,0,10000,0,10000,10000
054428,禾伸堂富邦98購01,0,0,0,0,0,0,0,0,0,10000,0,0,0,10000,0,10000,10000
054270,寶滬深中信98購01,0,0,0,0,0,0,0,0,0,10000,0,0,0,10000,0,10000,10000
064489,宏碁元大9C購01  ,0,0,0,0,0,0,0,0,0,10000,0,0,0,23000,13000,10000,10000
063791,玉晶光台新9C購01,0,0,0,0,0,0,0,0,0,10000,0,0,0,10000,0,10000,10000
063789,智邦台新9C購01  ,0,0,0,0,0,0,0,0,0,10000,0,0,0,30000,20000,10000,10000
064540,神達麥證01購01  ,0,0,0,40000,30000,10000,0,0,0,10000,0,0,0,40000,30000,10000,10000
063439,正隆統一01購01  ,0,0,0,0,0,0,0,0,0,10000,0,0,0,633000,623000,10000,10000
063429,南電凱基01購01  ,0,0,0,0,0,0,0,0,0,10000,0,0,0,10000,0,10000,10000
059237,鴻海凱基9A購10  ,0,0,0,0,0,0,0,0,0,10000,0,0,0,10000,0,10000,10000
059274,國巨元大99購22  ,0,0,0,0,0,0,0,0,0,10000,0,0,0,10000,0,10000,10000
059538,健策凱基99購03  ,0,0,0,0,0,0,0,0,0,10000,0,0,0,10000,0,10000,10000
059529,華新科凱基9A購04,0,0,0,0,0,0,0,0,0,10000,0,0,0,23000,13000,10000,10000
059443,嘉聯益元大9B購01,0,0,0,0,0,0,0,0,0,10000,0,0,0,10000,0,10000,10000
059573,健策凱基9A購02  ,0,0,0,0,0,0,0,0,0,10000,0,0,0,11000,1000,10000,10000
059629,友達凱基99購06  ,0,0,0,0,0,0,0,0,0,10000,0,0,0,10000,0,10000,10000
059642,健策凱基99購04  ,0,0,0,0,0,0,0,0,0,10000,0,0,0,10000,0,10000,10000
059787,奇力新元大9A購02,0,0,0,0,0,0,0,0,0,10000,0,0,0,10000,0,10000,10000
060061,旺宏兆豐99購02  ,0,0,0,0,0,0,0,0,0,10000,0,0,0,10000,0,10000,10000
058762,貿聯群益99購03  ,0,0,0,0,0,0,0,0,0,10000,0,0,0,10000,0,10000,10000
059990,健策元大9A購01  ,0,0,0,0,0,0,0,0,0,10000,0,0,0,10000,0,10000,10000
058797,大毅元大99購03  ,0,0,0,0,0,0,0,0,0,10000,0,0,0,18000,8000,10000,10000
058820,致茂國泰9B購01  ,0,0,0,0,0,0,0,0,0,10000,0,0,0,10000,0,10000,10000
058824,晶技富邦9A購01  ,0,0,0,0,0,0,0,0,0,10000,0,0,0,10000,0,10000,10000
058236,大立光元大99購09,0,0,0,0,0,0,0,0,0,10000,0,0,0,310000,300000,10000,10000
058370,聯詠凱基99購01  ,0,0,0,0,0,0,0,0,0,10000,0,0,0,10000,0,10000,10000
058358,技嘉凱基9A購01  ,0,0,0,0,0,0,0,0,0,10000,0,0,0,10000,0,10000,10000
058005,茂林群益98購04  ,0,0,0,0,0,0,0,0,0,10000,0,0,0,10000,0,10000,10000
058154,泰碩統一9A購01  ,0,0,0,0,0,0,0,0,0,10000,0,0,0,10000,0,10000,10000
059143,國巨國票9A購04  ,0,0,0,0,0,0,0,0,0,10000,0,0,0,14000,4000,10000,10000
059061,晶技凱基9A購01  ,0,0,0,0,0,0,0,0,0,10000,0,0,0,10000,0,10000,10000
059031,元石油中信03購01,0,0,0,0,0,0,0,0,0,10000,0,0,0,11000,1000,10000,10000
058677,矽格群益99購01  ,0,0,0,0,0,0,0,0,0,10000,0,0,0,10000,0,10000,10000
058684,健策凱基99購02  ,0,0,0,0,0,0,0,0,0,10000,0,0,0,10000,0,10000,10000
058718,台灣50元富03購01,0,0,0,0,0,0,0,0,0,10000,0,0,0,10000,0,10000,10000
060695,同欣電麥證9A購01,0,0,0,10000,0,10000,0,0,0,10000,0,0,0,10000,0,10000,10000
060675,南亞科元大9A購02,0,0,0,0,0,0,0,0,0,10000,0,0,0,10000,0,10000,10000
060547,瑞昱凱基9A購01  ,0,0,0,0,0,0,0,0,0,10000,0,0,0,10000,0,10000,10000
060610,玉晶光凱基9B購02,0,0,0,0,0,0,0,0,0,10000,0,0,0,11000,1000,10000,10000
060731,奇力新群益9A購01,0,0,0,0,0,0,0,0,0,10000,0,0,0,10000,0,10000,10000
060712,建準永豐9A購01  ,0,0,0,0,0,0,0,0,0,10000,0,0,0,10000,0,10000,10000
058467,日月光中信9A購01,0,0,0,0,0,0,0,0,0,10000,0,0,0,10000,0,10000,10000
058492,華通群益9B購01  ,0,0,0,0,0,0,0,0,0,10000,0,0,0,10000,0,10000,10000
058481,玉晶光凱基9A購04,0,0,0,0,0,0,0,0,0,10000,0,0,0,10000,0,10000,10000
058527,世紀鋼元大99購01,0,0,0,0,0,0,0,0,0,10000,0,0,0,310000,300000,10000,10000
058518,玉晶光元大99購13,0,0,0,0,0,0,0,0,0,10000,0,0,0,10000,0,10000,10000
060962,義隆凱基9B購01  ,0,0,0,0,0,0,0,0,0,10000,0,0,0,12000,2000,10000,10000
060958,儒鴻凱基9A購02  ,0,0,0,0,0,0,0,0,0,10000,0,0,0,10000,0,10000,10000
060921,中橡永豐9A購02  ,0,0,0,0,0,0,0,0,0,10000,0,0,0,10000,0,10000,10000
060906,旺宏元大9A購07  ,0,0,0,0,0,0,0,0,0,10000,0,0,0,60000,50000,10000,10000
057905,臺股指永豐98購06,0,0,0,0,0,0,0,0,0,10000,0,0,0,10000,0,10000,10000
057949,南電國票99購01  ,0,0,0,0,0,0,0,0,0,10000,0,0,0,10000,0,10000,10000
061001,智邦兆豐9B購01  ,0,0,0,0,0,0,0,0,0,10000,0,0,0,10000,0,10000,10000
060995,泰鼎元大9A購03  ,0,0,0,0,0,0,0,0,0,10000,0,0,0,10000,0,10000,10000
060999,國巨兆豐9A購01  ,0,0,0,0,0,0,0,0,0,10000,0,0,0,30000,20000,10000,10000
059828,健策凱基99購05  ,0,0,0,0,0,0,0,0,0,10000,0,0,0,10000,0,10000,10000
058571,緯穎凱基9A購02  ,0,0,0,0,0,0,0,0,0,10000,0,0,0,10000,0,10000,10000
059879,GIS凱基99購03   ,0,0,0,0,0,0,0,0,0,10000,0,0,0,10000,0,10000,10000
059869,友達凱基99購07  ,0,0,0,0,0,0,0,0,0,10000,0,0,0,10000,0,10000,10000
059884,鴻海國票99購09  ,0,0,0,0,0,0,0,0,0,10000,0,0,0,10000,0,10000,10000
059918,華新科元大99購20,0,0,0,0,0,0,0,0,0,10000,0,0,0,102000,92000,10000,10000
061297,台積電富邦9C購09,0,0,0,0,0,0,0,0,0,10000,0,0,0,10000,0,10000,10000
061238,晶技元大9A購02  ,0,0,0,0,0,0,0,0,0,10000,0,0,0,10000,0,10000,10000
061245,晶技群益9A購01  ,0,0,0,0,0,0,0,0,0,10000,0,0,0,11000,1000,10000,10000
061222,台灣50中信9A購02,0,0,0,0,0,0,0,0,0,10000,0,0,0,10000,0,10000,10000
063402,GIS群益9B購02   ,0,0,0,0,0,0,0,0,0,10000,0,0,0,10000,0,10000,10000
061106,群創元大9B購09  ,0,0,0,0,0,0,0,0,0,10000,0,0,0,13000,3000,10000,10000
063386,國巨兆豐9B購04  ,0,0,0,0,0,0,0,0,0,10000,0,0,0,20000,10000,10000,10000
061373,華通富邦9A購02  ,0,0,0,0,0,0,0,0,0,10000,0,0,0,10000,0,10000,10000
061418,世紀鋼群益9A購02,0,0,0,0,0,0,0,0,0,10000,0,0,0,20000,10000,10000,10000
061603,瑞昱凱基9A購02  ,0,0,0,0,0,0,0,0,0,10000,0,0,0,10000,0,10000,10000
063952,玉晶光元大01購01,0,0,0,0,0,0,0,0,0,10000,0,0,0,10000,0,10000,10000
063089,巨大凱基9C購01  ,0,0,0,0,0,0,0,0,0,10000,0,0,0,10000,0,10000,10000
063062,群創元富9B購01  ,0,0,0,0,0,0,0,0,0,10000,0,0,0,10000,0,10000,10000
063039,大立光凱基9C購02,0,0,0,0,0,0,0,0,0,10000,0,0,0,90000,80000,10000,10000
063126,TPK元大9B購01   ,0,0,0,0,0,0,0,0,0,10000,0,0,0,21000,11000,10000,10000
063121,友達元大9C購09  ,0,0,0,0,0,0,0,0,0,10000,0,0,0,10000,0,10000,10000
063124,奇力新元大9B購05,0,0,0,0,0,0,0,0,0,10000,0,0,0,246000,236000,10000,10000
064876,旺宏兆豐9C購01  ,0,0,0,0,0,0,0,0,0,10000,0,0,0,10000,0,10000,10000
064824,台積電統一02購03,0,0,0,0,0,0,0,0,0,10000,0,0,0,10000,0,10000,10000
064713,和大統一02購01  ,0,0,0,0,0,0,0,0,0,10000,0,0,0,10000,0,10000,10000
064742,奇鋐國票01購02  ,0,0,0,0,0,0,0,0,0,10000,0,0,0,10000,0,10000,10000
064643,瑞昱凱基04購01  ,0,0,0,0,0,0,0,0,0,10000,0,0,0,10000,0,10000,10000
064655,聚陽元大9C購02  ,0,0,0,0,0,0,0,0,0,10000,0,0,0,12000,2000,10000,10000
061093,華新科統一9B購03,0,0,0,0,0,0,0,0,0,10000,0,0,0,10000,0,10000,10000
061751,華通台新9B購01  ,0,0,0,0,0,0,0,0,0,10000,0,0,0,10000,0,10000,10000
061790,中租群益9B購01  ,0,0,0,0,0,0,0,0,0,10000,0,0,0,30000,20000,10000,10000
062642,帆宣國票9B購01  ,0,0,0,0,0,0,0,0,0,10000,0,0,0,10000,0,10000,10000
062239,台汽電凱基9B購01,0,0,0,0,0,0,0,0,0,10000,0,0,0,50000,40000,10000,10000
062181,義隆元大9B購03  ,0,0,0,0,0,0,0,0,0,10000,0,0,0,10000,0,10000,10000
062171,中磊永豐9B購01  ,0,0,0,0,0,0,0,0,0,10000,0,0,0,160000,150000,10000,10000
064284,京鼎元大9C購01  ,0,0,0,0,0,0,0,0,0,10000,0,0,0,137000,127000,10000,10000
062060,奇鋐統一9C購01  ,0,0,0,0,0,0,0,0,0,10000,0,0,0,40000,30000,10000,10000
062054,鴻海統一9C購06  ,0,0,0,0,0,0,0,0,0,10000,0,0,0,30000,20000,10000,10000
061680,崇越元大9A購01  ,0,0,0,0,0,0,0,0,0,10000,0,0,0,10000,0,10000,10000
062767,GIS凱基9B購02   ,0,0,0,0,0,0,0,0,0,10000,0,0,0,10000,0,10000,10000
062769,臺股指凱基9B購13,0,0,0,0,0,0,0,0,0,10000,0,0,0,10000,0,10000,10000
062759,旺宏凱基9B購07  ,0,0,0,0,0,0,0,0,0,10000,0,0,0,10000,0,10000,10000
062874,微星兆豐9B購01  ,0,0,0,0,0,0,0,0,0,10000,0,0,0,10000,0,10000,10000
062876,全新兆豐9B購01  ,0,0,0,0,0,0,0,0,0,10000,0,0,0,20000,10000,10000,10000
062735,和大國票9B購01  ,0,0,0,0,0,0,0,0,0,10000,0,0,0,10000,0,10000,10000
062711,台表科元大9B購05,0,0,0,0,0,0,0,0,0,10000,0,0,0,17000,7000,10000,10000
064075,台積電中信06購01,0,0,0,0,0,0,0,0,0,10000,0,0,0,10000,0,10000,10000
064090,祥碩凱基9C購03  ,0,0,0,0,0,0,0,0,0,10000,0,0,0,10000,0,10000,10000
064219,滬深2X國票03購01,0,0,0,0,0,0,0,0,0,10000,0,0,0,13000,3000,10000,10000
063849,奇鋐元大9C購01  ,0,0,0,0,0,0,0,0,0,10000,0,0,0,25000,15000,10000,10000
063894,漢唐群益9C購01  ,0,0,0,0,0,0,0,0,0,10000,0,0,0,29000,19000,10000,10000
063634,台光電元大9B購09,0,0,0,0,0,0,0,0,0,10000,0,0,0,30000,20000,10000,10000
063646,帆宣元大9B購02  ,0,0,0,0,0,0,0,0,0,10000,0,0,0,10000,0,10000,10000
063660,儒鴻統一9C購01  ,0,0,0,0,0,0,0,0,0,10000,0,0,0,10000,0,10000,10000
063678,友達國泰9C購01  ,0,0,0,0,0,0,0,0,0,10000,0,0,0,10000,0,10000,10000
063672,GIS統一9C購01   ,0,0,0,0,0,0,0,0,0,10000,0,0,0,10000,0,10000,10000
063741,GIS元大9B購04   ,0,0,0,0,0,0,0,0,0,10000,0,0,0,10000,0,10000,10000
062498,華通群益9C購04  ,0,0,0,0,0,0,0,0,0,10000,0,0,0,10000,0,10000,10000
062495,友達中信01購02  ,0,0,0,0,0,0,0,0,0,10000,0,0,0,20000,10000,10000,10000
065946,鴻海統一03購03  ,0,0,0,0,0,0,0,0,0,10000,0,0,0,10000,0,10000,10000
065861,台汽電元大9C購01,0,0,0,0,0,0,0,0,0,10000,0,0,0,10000,0,10000,10000
065840,國巨元大03購01  ,0,0,0,0,0,0,0,0,0,10000,0,0,0,15000,5000,10000,10000
065816,聯發科元富03購07,0,0,0,0,0,0,0,0,0,10000,0,0,0,14000,4000,10000,10000
066070,金像電凱基01購03,0,0,0,0,0,0,0,0,0,10000,0,0,0,10000,0,10000,10000
06610P,台積電凱基9A售03,0,0,0,0,0,0,0,0,0,10000,0,0,0,10000,0,10000,10000
066046,聯發科元大01購09,0,0,0,0,0,0,0,0,0,10000,0,0,0,20000,10000,10000,10000
066035,南電群益01購01  ,0,0,0,0,0,0,0,0,0,10000,0,0,0,10000,0,10000,10000
066239,拓凱富邦02購01  ,0,0,0,0,0,0,0,0,0,10000,0,0,0,10000,0,10000,10000
066245,道瓊反元大02購01,0,0,0,0,0,0,0,0,0,10000,0,0,0,10000,0,10000,10000
06627P,華新科元富99售01,0,0,0,0,0,0,0,0,0,10000,0,0,0,20000,10000,10000,10000
066455,聯發科統一01購10,0,0,0,0,0,0,0,0,0,10000,0,0,0,10000,0,10000,10000
065445,台光電統一01購05,0,0,0,0,0,0,0,0,0,10000,0,0,0,110000,100000,10000,10000
065509,上銀群益9C購04  ,0,0,0,0,0,0,0,0,0,10000,0,0,0,10000,0,10000,10000
065488,臺股指元大9C購26,0,0,0,0,0,0,0,0,0,10000,0,0,0,10000,0,10000,10000
065688,緯創元富9C購02  ,0,0,0,0,0,0,0,0,0,10000,0,0,0,10000,0,10000,10000
065633,聯發科國票01購02,0,0,0,0,0,0,0,0,0,10000,0,0,0,10000,0,10000,10000
065651,中磊元大9C購01  ,0,0,0,0,0,0,0,0,0,10000,0,0,0,30000,20000,10000,10000
065725,技嘉凱基9C購03  ,0,0,0,0,0,0,0,0,0,10000,0,0,0,24000,14000,10000,10000
065792,TPK永豐9C購02   ,0,0,0,0,0,0,0,0,0,10000,0,0,0,10000,0,10000,10000
065284,旺宏群益9C購03  ,0,0,0,0,0,0,0,0,0,10000,0,0,0,10000,0,10000,10000
065260,金像電元大9C購07,0,0,0,0,0,0,0,0,0,10000,0,0,0,10000,0,10000,10000
065140,國巨凱基01購02  ,0,0,0,0,0,0,0,0,0,10000,0,0,0,32000,22000,10000,10000
067732,遠東新元大01購01,0,0,0,0,0,0,0,0,0,10000,0,0,0,10000,0,10000,10000
067403,眾達永豐01購03  ,0,0,0,0,0,0,0,0,0,10000,0,0,0,10000,0,10000,10000
067398,欣興永豐01購04  ,0,0,0,0,0,0,0,0,0,10000,0,0,0,10000,0,10000,10000
067310,欣興元大01購05  ,0,0,0,0,0,0,0,0,0,10000,0,0,0,10000,0,10000,10000
067174,嘉澤兆豐01購01  ,0,0,0,0,0,0,0,0,0,10000,0,0,0,10000,0,10000,10000
066613,燿華麥證01購01  ,0,0,0,10000,0,10000,0,0,0,10000,0,0,0,10000,0,10000,10000
066579,臺股指元大01購08,0,0,0,0,0,0,0,0,0,10000,0,0,0,10000,0,10000,10000
06690P,玉晶光群益9A售05,0,0,0,0,0,0,0,0,0,10000,0,0,0,10000,0,10000,10000
067086,中磊元大01購01  ,0,0,0,0,0,0,0,0,0,10000,0,0,0,10000,0,10000,10000
067018,FB上証中信02購01,0,0,0,0,0,0,0,0,0,10000,0,0,0,20000,10000,10000,10000
2460,建通            ,13000,12000,1000,0,0,0,0,0,0,9000,9000,0,9000,0,0,0,10000
2423,固緯            ,6000,1000,5000,0,0,0,0,0,0,5000,7000,2000,5000,0,0,0,10000
2882B,國泰金乙特      ,0,0,0,0,0,0,0,0,0,10000,11000,1000,10000,0,0,0,10000
2028,威致            ,10000,0,10000,0,0,0,0,0,0,0,0,0,0,0,0,0,10000
08733P,臺股指麥證01售05,0,0,0,20000,10000,10000,0,0,0,10000,0,0,0,20000,10000,10000,10000
08728P,緯穎群益01售01  ,0,0,0,0,0,0,0,0,0,10000,0,0,0,10000,0,10000,10000
08724P,臺股指元大01售05,0,0,0,0,0,0,0,0,0,10000,0,0,0,20000,10000,10000,10000
08718P,台灣50元大02售03,0,0,0,0,0,0,0,0,0,10000,0,0,0,10000,0,10000,10000
08622P,緯創群益9C售03  ,0,0,0,0,0,0,0,0,0,10000,0,0,0,10000,0,10000,10000
08864P,欣興元大01售01  ,0,0,0,0,0,0,0,0,0,10000,0,0,0,10000,0,10000,10000
08858P,台積電國票01售05,0,0,0,0,0,0,0,0,0,10000,0,0,0,509000,499000,10000,10000
08960P,聯發科凱基01售15,0,0,0,0,0,0,0,0,0,10000,0,0,0,10000,0,10000,10000
08939P,緯穎元大01售06  ,0,0,0,0,0,0,0,0,0,10000,0,0,0,10000,0,10000,10000
08752P,長榮航群益01售01,0,0,0,0,0,0,0,0,0,10000,0,0,0,50000,40000,10000,10000
08849P,國巨群益01售07  ,0,0,0,0,0,0,0,0,0,10000,0,0,0,30000,20000,10000,10000
9110,越南控-DR       ,10000,0,10000,0,0,0,0,0,0,0,0,0,0,0,0,0,10000
069275,欣興永豐02購04  ,0,0,0,0,0,0,0,0,0,9000,0,0,0,304000,295000,9000,9000
069401,聯電統一04購01  ,0,0,0,0,0,0,0,0,0,9000,0,0,0,51000,42000,9000,9000
07444P,聯發科凱基9A售10,0,0,0,0,0,0,0,0,0,9000,0,0,0,9000,0,9000,9000
07051P,大立光中信99售02,0,0,0,0,0,0,0,0,0,9000,0,0,0,17000,8000,9000,9000
07878P,智邦群益9C售01  ,0,0,0,0,0,0,0,0,0,9000,0,0,0,10000,1000,9000,9000
068551,台灣50元大01購37,0,0,0,0,0,0,0,0,0,9000,0,0,0,24000,15000,9000,9000
06878P,台灣50日盛9B售01,0,0,0,0,0,0,0,0,0,9000,0,0,0,9000,0,9000,9000
069059,鴻海麥證02購01  ,0,0,0,9000,0,9000,0,0,0,9000,0,0,0,9000,0,9000,9000
068211,樺漢凱基01購02  ,0,0,0,0,0,0,0,0,0,9000,0,0,0,171000,162000,9000,9000
068430,聯電凱基01購01  ,0,0,0,0,0,0,0,0,0,9000,0,0,0,12000,3000,9000,9000
068310,欣興國票03購02  ,0,0,0,0,0,0,0,0,0,9000,0,0,0,31000,22000,9000,9000
068287,鴻海群益01購10  ,0,0,0,0,0,0,0,0,0,9000,0,0,0,9000,0,9000,9000
068064,欣興兆豐03購02  ,0,0,0,0,0,0,0,0,0,9000,0,0,0,10000,1000,9000,9000
067839,臺股指統一01購01,0,0,0,0,0,0,0,0,0,9000,0,0,0,10000,1000,9000,9000
058477,億光凱基9A購01  ,0,0,0,0,0,0,0,0,0,9000,0,0,0,9000,0,9000,9000
060624,玉晶光元大9C購02,0,0,0,0,0,0,0,0,0,9000,0,0,0,10000,1000,9000,9000
058876,南電國票9A購02  ,0,0,0,0,0,0,0,0,0,9000,0,0,0,9000,0,9000,9000
064518,華新科群益02購01,0,0,0,0,0,0,0,0,0,9000,0,0,0,131000,122000,9000,9000
054532,強茂國泰98購01  ,0,0,0,0,0,0,0,0,0,9000,0,0,0,9000,0,9000,9000
057339,群創國票99購02  ,0,0,0,0,0,0,0,0,0,9000,0,0,0,9000,0,9000,9000
03133P,聯電中信01售02  ,0,0,0,0,0,0,0,0,0,9000,0,0,0,25000,16000,9000,9000
03027P,玉晶光元大01售09,0,0,0,0,0,0,0,0,0,9000,0,0,0,30000,21000,9000,9000
063638,華新科元大9B購14,0,0,0,0,0,0,0,0,0,9000,0,0,0,61000,52000,9000,9000
063880,可成元富9C購01  ,0,0,0,0,0,0,0,0,0,9000,0,0,0,10000,1000,9000,9000
062556,瑞昱凱基9B購02  ,0,0,0,0,0,0,0,0,0,9000,0,0,0,9000,0,9000,9000
062066,元黃金元大9B購01,0,0,0,0,0,0,0,0,0,9000,0,0,0,9000,0,9000,9000
061632,SP黃豆元大9A購06,0,0,0,0,0,0,0,0,0,9000,0,0,0,9000,0,9000,9000
061081,宏碁兆豐9A購01  ,0,0,0,0,0,0,0,0,0,9000,0,0,0,9000,0,9000,9000
064752,台達電凱基01購01,0,0,0,0,0,0,0,0,0,9000,0,0,0,11000,2000,9000,9000
061611,南六統一01購01  ,0,0,0,0,0,0,0,0,0,9000,0,0,0,22000,13000,9000,9000
061595,智易永豐9A購02  ,0,0,0,0,0,0,0,0,0,9000,0,0,0,38000,29000,9000,9000
061568,國巨元大9A購25  ,0,0,0,0,0,0,0,0,0,9000,0,0,0,34000,25000,9000,9000
061179,華擎凱基9A購01  ,0,0,0,0,0,0,0,0,0,9000,0,0,0,20000,11000,9000,9000
061275,臺股指凱基9A購25,0,0,0,0,0,0,0,0,0,9000,0,0,0,9000,0,9000,9000
067168,國巨麥證01購05  ,0,0,0,20000,26000,-6000,0,0,0,9000,0,0,0,36000,27000,9000,9000
067165,世紀鋼國票02購02,0,0,0,0,0,0,0,0,0,9000,0,0,0,46000,37000,9000,9000
067366,巨大群益01購01  ,0,0,0,0,0,0,0,0,0,9000,0,0,0,100000,91000,9000,9000
067709,大立光元富07購01,0,0,0,0,0,0,0,0,0,9000,0,0,0,61000,52000,9000,9000
065098,致伸元大9C購02  ,0,0,0,0,0,0,0,0,0,9000,0,0,0,9000,0,9000,9000
065378,嘉澤元大01購01  ,0,0,0,0,0,0,0,0,0,9000,0,0,0,9000,0,9000,9000
065340,旺宏統一9C購04  ,0,0,0,0,0,0,0,0,0,9000,0,0,0,39000,30000,9000,9000
065450,同欣電統一01購03,0,0,0,0,0,0,0,0,0,9000,0,0,0,118000,109000,9000,9000
065578,台郡群益9C購02  ,0,0,0,0,0,0,0,0,0,9000,0,0,0,19000,10000,9000,9000
066376,聯詠兆豐01購01  ,0,0,0,0,0,0,0,0,0,9000,0,0,0,42000,33000,9000,9000
065842,技嘉元大9C購05  ,0,0,0,0,0,0,0,0,0,9000,0,0,0,20000,11000,9000,9000
08585P,台表科群益9C售04,0,0,0,0,0,0,0,0,0,9000,0,0,0,9000,0,9000,9000
08723P,臺股指元大01售04,0,0,0,0,0,0,0,0,0,9000,0,0,0,11000,2000,9000,9000
2727,王品            ,45000,42000,3000,0,0,0,0,0,0,6000,6000,0,6000,0,0,0,9000
2881B,富邦金乙特      ,0,0,0,0,0,0,0,0,0,9000,9000,0,9000,0,0,0,9000
6591,動力-KY         ,108000,100000,8000,0,0,0,0,0,0,1000,1000,0,1000,0,0,0,9000
5285,界霖            ,20000,13000,7000,0,0,0,0,0,0,2000,2000,0,2000,0,0,0,9000
3296,勝德            ,8000,1000,7000,0,0,0,0,0,0,2000,4000,2000,2000,0,0,0,9000
067778,A50群益01購01   ,0,0,0,0,0,0,0,0,0,8000,0,0,0,8000,0,8000,8000
068264,達新永豐01購01  ,0,0,0,0,0,0,0,0,0,8000,0,0,0,8000,0,8000,8000
068783,亞德客康和02購01,0,0,0,0,0,0,0,0,0,8000,0,0,0,8000,0,8000,8000
07530P,聯發科凱基9A售11,0,0,0,0,0,0,0,0,0,8000,0,0,0,8000,0,8000,8000
07612P,國巨國泰9B售06  ,0,0,0,0,0,0,0,0,0,8000,0,0,0,8000,0,8000,8000
07142P,台灣50元大01售01,0,0,0,0,0,0,0,0,0,8000,0,0,0,127000,119000,8000,8000
08003P,國巨國泰9B售07  ,0,0,0,0,0,0,0,0,0,8000,0,0,0,8000,0,8000,8000
08437P,台郡群益9C售01  ,0,0,0,0,0,0,0,0,0,8000,0,0,0,8000,0,8000,8000
08541P,景碩國票01售02  ,0,11000,-11000,0,0,0,0,0,0,19000,0,0,0,36000,17000,19000,8000
08495P,同欣電元大9C售08,0,0,0,0,0,0,0,0,0,8000,0,0,0,8000,0,8000,8000
069334,華通群益03購01  ,0,0,0,0,0,0,0,0,0,8000,0,0,0,28000,20000,8000,8000
069148,牧德永豐02購02  ,0,0,0,0,0,0,0,0,0,8000,0,0,0,8000,0,8000,8000
03034P,欣興國票03售01  ,0,0,0,0,0,0,0,0,0,8000,0,0,0,237000,229000,8000,8000
03254P,台積電國泰03售09,0,0,0,0,0,0,0,0,0,8000,0,0,0,8000,0,8000,8000
03266P,寶成國票04售01  ,0,0,0,0,0,0,0,0,0,8000,0,0,0,8000,0,8000,8000
057743,華擎永豐98購03  ,0,0,0,0,0,0,0,0,0,8000,0,0,0,8000,0,8000,8000
057620,康控凱基99購01  ,0,0,0,0,0,0,0,0,0,8000,0,0,0,8000,0,8000,8000
060390,聯鈞群益9A購01  ,0,0,0,0,0,0,0,0,0,8000,0,0,0,8000,0,8000,8000
053186,健策中信9C購01  ,0,0,0,0,0,0,0,0,0,8000,0,0,0,10000,2000,8000,8000
063794,亞德客凱基9C購01,0,0,0,0,0,0,0,0,0,8000,0,0,0,8000,0,8000,8000
059557,台灣50凱基9C購07,0,0,0,0,0,0,0,0,0,8000,0,0,0,8000,0,8000,8000
059901,滬深2X元大9C購07,0,0,0,0,0,0,0,0,0,8000,0,0,0,8000,0,8000,8000
059905,A50正2元大9C購06,0,0,0,0,0,0,0,0,0,8000,0,0,0,8000,0,8000,8000
058685,TPK凱基99購01   ,0,0,0,0,0,0,0,0,0,8000,0,0,0,8000,0,8000,8000
058700,鴻海元大99購15  ,0,0,0,0,0,0,0,0,0,8000,0,0,0,8000,0,8000,8000
058656,燿華中信99購01  ,0,0,0,0,0,0,0,0,0,8000,0,0,0,8000,0,8000,8000
059091,中信金元大99購01,0,0,0,0,0,0,0,0,0,8000,0,0,0,158000,150000,8000,8000
061232,和大元大9A購03  ,0,0,0,0,0,0,0,0,0,8000,0,0,0,8000,0,8000,8000
061124,微星永豐9A購02  ,0,0,0,0,0,0,0,0,0,8000,0,0,0,33000,25000,8000,8000
061144,玉晶光中信9B購02,0,0,0,0,0,0,0,0,0,8000,0,0,0,8000,0,8000,8000
063366,台表科富邦9C購02,0,0,0,0,0,0,0,0,0,8000,0,0,0,8000,0,8000,8000
061567,華通元大9A購11  ,0,0,0,0,0,0,0,0,0,8000,0,0,0,10000,2000,8000,8000
063139,聯發科統一9B購07,0,0,0,0,0,0,0,0,0,8000,0,0,0,14000,6000,8000,8000
062915,嘉澤元大9B購03  ,0,0,0,0,0,0,0,0,0,8000,0,0,0,8000,0,8000,8000
064723,大立光統一02購04,0,0,0,0,0,0,0,0,0,8000,0,0,0,8000,0,8000,8000
061092,可成統一9C購02  ,0,0,0,0,0,0,0,0,0,8000,0,0,0,30000,22000,8000,8000
062544,信錦永豐9B購01  ,0,0,0,0,0,0,0,0,0,8000,0,0,0,8000,0,8000,8000
062758,國巨凱基9B購09  ,0,0,0,0,0,0,0,0,0,8000,0,0,0,28000,20000,8000,8000
061644,健策元大9C購02  ,0,0,0,0,0,0,0,0,0,8000,0,0,0,18000,10000,8000,8000
063247,信邦元大9B購02  ,0,0,0,0,0,0,0,0,0,8000,0,0,0,58000,50000,8000,8000
063219,友達群益9B購03  ,0,0,0,0,0,0,0,0,0,8000,0,0,0,8000,0,8000,8000
064186,燿華永豐9C購01  ,0,0,0,0,0,0,0,0,0,8000,0,0,0,17000,9000,8000,8000
063641,泰鼎元大9B購04  ,0,0,0,0,0,0,0,0,0,8000,0,0,0,21000,13000,8000,8000
066103,神基國票02購01  ,0,0,0,0,0,0,0,0,0,8000,0,0,0,38000,30000,8000,8000
066299,潤泰新元大01購01,0,0,0,0,0,0,0,0,0,8000,0,0,0,8000,0,8000,8000
066370,帆宣中信01購01  ,0,0,0,0,0,0,0,0,0,8000,0,0,0,28000,20000,8000,8000
065331,亞德客國票01購01,0,0,0,0,0,0,0,0,0,8000,0,0,0,8000,0,8000,8000
065268,嘉澤元大9C購02  ,0,0,0,0,0,0,0,0,0,8000,0,0,0,17000,9000,8000,8000
067152,義隆統一02購03  ,0,0,0,0,0,0,0,0,0,8000,0,0,0,225000,217000,8000,8000
066841,臺指反元大04購06,0,0,0,0,0,0,0,0,0,8000,0,0,0,10000,2000,8000,8000
066602,滬深2X富邦03購01,0,0,0,0,0,0,0,0,0,8000,0,0,0,8000,0,8000,8000
066562,上緯控元大01購01,0,0,0,0,0,0,0,0,0,8000,0,0,0,66000,58000,8000,8000
3305,昇貿            ,120000,112000,8000,0,0,0,0,0,0,0,0,0,0,0,0,0,8000
6541,泰福-KY         ,27000,19000,8000,0,0,0,0,0,0,0,0,0,0,0,0,0,8000
2611,志信            ,18000,10000,8000,0,0,0,0,0,0,0,0,0,0,0,0,0,8000
2891B,中信金乙特      ,0,0,0,0,0,0,0,1000,-1000,9000,9000,0,9000,0,0,0,8000
2904,匯僑            ,8000,0,8000,0,0,0,0,0,0,0,0,0,0,0,0,0,8000
3025,星通            ,6000,2000,4000,0,0,0,0,0,0,4000,4000,0,4000,0,0,0,8000
08708P,華通台新01售01  ,0,0,0,0,0,0,0,0,0,8000,0,0,0,10000,2000,8000,8000
08576P,嘉澤凱基9C售03  ,0,0,0,0,0,0,0,0,0,8000,0,0,0,18000,10000,8000,8000
1904,正隆            ,951000,1101000,-150000,0,0,0,0,0,0,158000,0,26000,-26000,254000,70000,184000,8000
2302,麗正            ,8000,0,8000,0,0,0,0,0,0,0,0,0,0,0,0,0,8000
1723,中碳            ,176000,168000,8000,0,0,0,0,0,0,0,0,0,0,0,0,0,8000
08981P,台積電凱基01售16,0,0,0,0,0,0,0,0,0,8000,0,0,0,44000,36000,8000,8000
1452,宏益            ,9000,1000,8000,0,0,0,0,0,0,0,0,0,0,0,0,0,8000
8374,羅昇            ,12000,4000,8000,0,0,0,0,0,0,0,0,0,0,0,0,0,8000
069223,微星群益02購03  ,0,0,0,0,0,0,0,0,0,7000,0,0,0,220000,213000,7000,7000
07767P,華新科群益9A售07,0,0,0,0,0,0,0,0,0,7000,0,0,0,7000,0,7000,7000
07855P,旺宏凱基9A售09  ,0,0,0,0,0,0,0,0,0,7000,0,0,0,207000,200000,7000,7000
068366,泰碩國泰03購02  ,0,0,0,0,0,0,0,0,0,7000,0,0,0,238000,231000,7000,7000
068363,世紀鋼凱基01購02,0,0,0,0,0,0,0,0,0,7000,0,0,0,8000,1000,7000,7000
067776,巨大統一03購02  ,0,0,0,0,0,0,0,0,0,7000,0,0,0,28000,21000,7000,7000
059036,可成群益9B購03  ,0,0,0,0,0,0,0,0,0,7000,0,0,0,93000,86000,7000,7000
058970,鴻海永豐99購02  ,0,0,0,0,0,0,0,0,0,7000,0,0,0,7000,0,7000,7000
060965,中租凱基9B購01  ,0,0,0,0,0,0,0,0,0,7000,0,0,0,7000,0,7000,7000
059246,奇力新凱基9A購02,0,0,0,0,0,0,0,0,0,7000,0,0,0,27000,20000,7000,7000
052130,國巨凱基9B購01  ,0,0,0,0,0,0,0,0,0,7000,0,0,0,7000,0,7000,7000
03421B,臺股指元大99熊01,0,0,0,0,0,0,0,0,0,7000,0,0,0,277000,270000,7000,7000
03418P,大毅群益02售03  ,0,0,0,0,0,0,0,0,0,7000,0,0,0,10000,3000,7000,7000
060370,滬深2X元富04購01,0,0,0,0,0,0,0,0,0,7000,0,0,0,27000,20000,7000,7000
060122,亞德客永豐99購02,0,0,0,0,0,0,0,0,0,7000,0,0,0,9000,2000,7000,7000
060897,健策凱基9A購04  ,0,0,0,0,0,0,0,0,0,7000,0,0,0,8000,1000,7000,7000
03109P,台積電元大01售41,0,0,0,0,0,0,0,0,0,7000,0,0,0,7000,0,7000,7000
03234P,技嘉元大02售01  ,0,0,0,0,0,0,0,0,0,7000,0,0,0,23000,16000,7000,7000
00742,新光內需收益    ,0,0,0,0,0,0,0,0,0,7000,250000,250000,0,410000,403000,7000,7000
00757,統一FANG+       ,0,0,0,0,0,0,0,0,0,7000,0,0,0,207000,200000,7000,7000
020011,統一微波高息20N ,0,0,0,0,0,0,0,0,0,7000,0,0,0,27000,20000,7000,7000
01002T,土銀國泰R1      ,8000,1000,7000,0,0,0,0,0,0,0,0,0,0,0,0,0,7000
063593,GIS永豐9B購01   ,0,0,0,0,0,0,0,0,0,7000,0,0,0,69000,62000,7000,7000
062503,玉晶光群益01購03,0,0,0,0,0,0,0,0,0,7000,0,0,0,18000,11000,7000,7000
062463,世紀鋼麥證9B購01,0,0,0,14000,7000,7000,0,0,0,7000,0,0,0,14000,7000,7000,7000
063694,貿聯永豐9B購01  ,0,0,0,0,0,0,0,0,0,7000,0,0,0,44000,37000,7000,7000
063856,臺股指元大9C購09,0,0,0,0,0,0,0,0,0,7000,0,0,0,10000,3000,7000,7000
063996,貿聯群益9C購01  ,0,0,0,0,0,0,0,0,0,7000,0,0,0,52000,45000,7000,7000
062398,建準永豐9B購01  ,0,0,0,0,0,0,0,0,0,7000,0,0,0,17000,10000,7000,7000
062661,華通群益9B購05  ,0,0,0,0,0,0,0,0,0,7000,0,0,0,7000,0,7000,7000
061896,景碩永豐9B購01  ,0,0,0,0,0,0,0,0,0,7000,0,0,0,7000,0,7000,7000
061853,晶技國票9B購02  ,0,0,0,0,0,0,0,0,0,7000,0,0,0,22000,15000,7000,7000
064782,健策群益9C購02  ,0,0,0,0,0,0,0,0,0,7000,0,0,0,147000,140000,7000,7000
062931,上証2X凱基01購01,0,0,0,0,0,0,0,0,0,7000,0,0,0,8000,1000,7000,7000
061598,南電永豐9A購04  ,0,0,0,0,0,0,0,0,0,7000,0,0,0,7000,0,7000,7000
061406,華通國票9A購06  ,0,0,0,0,0,0,0,0,0,7000,0,0,0,9000,2000,7000,7000
066698,川湖群益01購01  ,0,0,0,0,0,0,0,0,0,7000,0,0,0,7000,0,7000,7000
066808,牧德凱基01購01  ,0,0,0,0,0,0,0,0,0,7000,0,0,0,7000,0,7000,7000
066760,大立光永豐01購01,0,0,0,0,0,0,0,0,0,7000,0,0,0,7000,0,7000,7000
066756,長興永豐01購02  ,0,0,0,0,0,0,0,0,0,7000,0,0,0,8000,1000,7000,7000
067371,聯發科統一02購08,0,0,0,0,0,0,0,0,0,7000,0,0,0,7000,0,7000,7000
067476,台光電元大01購04,0,0,0,0,0,0,0,0,0,7000,0,0,0,100000,93000,7000,7000
065416,華通國票01購02  ,0,0,0,0,0,0,0,0,0,7000,0,0,0,12000,5000,7000,7000
06552P,茂林元大99售02  ,0,0,0,0,0,0,0,0,0,7000,0,0,0,7000,0,7000,7000
066413,鴻海元大01購06  ,0,0,0,0,0,0,0,0,0,7000,0,0,0,107000,100000,7000,7000
066263,華碩元大02購01  ,0,0,0,0,0,0,0,0,0,7000,0,0,0,255000,248000,7000,7000
910861,神州-DR         ,7000,0,7000,0,0,0,0,0,0,0,0,0,0,0,0,0,7000
1533,車王電          ,9000,3000,6000,0,0,0,0,0,0,1000,1000,0,1000,0,0,0,7000
2227,裕日車          ,13000,4000,9000,0,0,0,0,0,0,-2000,0,2000,-2000,0,0,0,7000
08579P,臺股指元大9C售27,0,0,0,0,0,0,0,0,0,7000,0,0,0,27000,20000,7000,7000
08635P,大成鋼國票01售01,0,0,0,0,0,0,0,0,0,7000,0,0,0,42000,35000,7000,7000
08692P,國巨兆豐01售02  ,0,0,0,0,0,0,0,0,0,7000,0,0,0,107000,100000,7000,7000
08934P,鴻海元大01售18  ,0,0,0,0,0,0,0,0,0,7000,0,0,0,7000,0,7000,7000
3018,同開            ,9000,2000,7000,0,0,0,0,0,0,0,0,0,0,0,0,0,7000
2630,亞航            ,7000,0,7000,0,0,0,0,0,0,0,0,0,0,0,0,0,7000
2427,三商電          ,4000,0,4000,0,0,0,0,0,0,3000,3000,0,3000,0,0,0,7000
2476,鉅祥            ,28000,36000,-8000,0,0,0,0,0,0,15000,15000,0,15000,0,0,0,7000
6655,科定            ,6000,0,6000,0,0,0,0,0,0,1000,1000,0,1000,0,0,0,7000
3266,昇陽            ,8000,1000,7000,0,0,0,0,0,0,0,0,0,0,0,0,0,7000
4545,銘鈺            ,11000,14000,-3000,0,0,0,0,0,0,10000,10000,0,10000,0,0,0,7000
067802,台積電凱基07購01,0,0,0,0,0,0,0,0,0,6000,0,0,0,62000,56000,6000,6000
068036,緯創元富02購01  ,0,0,0,0,0,0,0,0,0,6000,0,0,0,16000,10000,6000,6000
068225,華通元富07購02  ,0,0,0,0,0,0,0,0,0,6000,0,0,0,10000,4000,6000,6000
068828,台郡元大02購02  ,0,0,0,0,0,0,0,0,0,6000,0,0,0,12000,6000,6000,6000
068630,T50反1凱基04購04,0,0,0,0,0,0,0,0,0,6000,0,0,0,7000,1000,6000,6000
07965P,玉晶光群益01售02,0,0,0,0,0,0,0,0,0,6000,0,0,0,6000,0,6000,6000
08006P,長榮航中信03售01,0,0,0,0,0,0,0,0,0,6000,0,0,0,76000,70000,6000,6000
08193P,同欣電國票9C售02,0,0,0,0,0,0,0,0,0,6000,0,0,0,6000,0,6000,6000
069329,世紀鋼兆豐04購01,0,0,0,0,0,0,0,0,0,6000,0,0,0,47000,41000,6000,6000
057494,玉晶光元大99購09,0,0,0,0,0,0,0,0,0,6000,0,0,0,84000,78000,6000,6000
03180P,台灣50元大01售39,0,0,0,0,0,0,0,0,0,6000,0,0,0,10000,4000,6000,6000
03192P,台積電國泰03售05,0,0,0,0,0,0,0,0,0,6000,0,0,0,986000,980000,6000,6000
057643,聯發科元大99購03,0,0,0,0,0,0,0,0,0,6000,0,0,0,6000,0,6000,6000
057790,台積電統一99購04,0,0,0,0,0,0,0,0,0,6000,0,0,0,6000,0,6000,6000
056605,台積電富邦9B購02,0,0,0,0,0,0,0,0,0,6000,0,0,0,6000,0,6000,6000
060812,智邦凱基9A購01  ,0,0,0,0,0,0,0,0,0,6000,0,0,0,44000,38000,6000,6000
03682C,臺股指凱基9C牛07,0,0,0,0,0,0,0,0,0,6000,0,0,0,6000,0,6000,6000
054756,世紀鋼凱基99購01,0,0,0,0,0,0,0,0,0,6000,0,0,0,181000,175000,6000,6000
054079,鴻海中信98購02  ,0,0,0,0,0,0,0,0,0,6000,0,0,0,6000,0,6000,6000
059404,鴻海台新99購03  ,0,0,0,0,0,0,0,0,0,6000,0,0,0,6000,0,6000,6000
059415,台灣50元大9A購03,0,0,0,0,0,0,0,0,0,6000,0,0,0,6000,0,6000,6000
059570,全新凱基99購04  ,0,0,0,0,0,0,0,0,0,6000,0,0,0,6000,0,6000,6000
059695,聯鈞永豐99購02  ,0,0,0,0,0,0,0,0,0,6000,0,0,0,6000,0,6000,6000
059958,鎧勝康和99購01  ,0,0,0,0,0,0,0,0,0,6000,0,0,0,6000,0,6000,6000
061565,滬深2X元大9A購08,0,0,0,0,0,0,0,0,0,6000,0,0,0,6000,0,6000,6000
061145,臻鼎中信9A購02  ,0,0,0,0,0,0,0,0,0,6000,0,0,0,19000,13000,6000,6000
063186,聯發科凱基9C購04,0,0,0,0,0,0,0,0,0,6000,0,0,0,6000,0,6000,6000
064972,台積電元大9C購11,0,0,0,0,0,0,0,0,0,6000,0,0,0,6000,0,6000,6000
062650,南電富邦01購01  ,0,0,0,0,0,0,0,0,0,6000,0,0,0,6000,0,6000,6000
064677,金像電兆豐9C購01,0,0,0,0,0,0,0,0,0,6000,0,0,0,6000,0,6000,6000
064406,健策凱基03購01  ,0,0,0,0,0,0,0,0,0,6000,0,0,0,53000,47000,6000,6000
063655,華通元富9B購01  ,0,0,0,0,0,0,0,0,0,6000,0,0,0,186000,180000,6000,6000
066411,南紡元大01購01  ,0,0,0,0,0,0,0,0,0,6000,0,0,0,12000,6000,6000,6000
065952,聯發科統一03購02,0,0,0,0,0,0,0,0,0,6000,0,0,0,6000,0,6000,6000
065653,同欣電元大03購01,0,0,0,0,0,0,0,0,0,6000,0,0,0,158000,152000,6000,6000
065252,玉晶光永豐9C購08,0,0,0,0,0,0,0,0,0,6000,0,0,0,6000,0,6000,6000
065170,智邦元大9C購07  ,0,0,0,0,0,0,0,0,0,6000,0,0,0,224000,218000,6000,6000
067583,金像電群益01購05,0,0,0,0,0,0,0,0,0,6000,0,0,0,6000,0,6000,6000
067584,技嘉群益02購01  ,0,0,0,0,0,0,0,0,0,6000,0,0,0,82000,76000,6000,6000
066655,上証2X凱基03購03,0,0,0,0,0,0,0,0,0,6000,0,0,0,6000,0,6000,6000
066601,上証2X富邦02購01,0,0,0,0,0,0,0,0,0,6000,0,0,0,13000,7000,6000,6000
3164,景岳            ,5000,0,5000,0,0,0,0,0,0,1000,1000,0,1000,0,0,0,6000
3622,洋華            ,43000,69000,-26000,0,0,0,0,0,0,32000,32000,0,32000,0,0,0,6000
2543,皇昌            ,6000,0,6000,0,0,0,0,0,0,0,0,0,0,0,0,0,6000
2739,寒舍            ,6000,0,6000,0,0,0,0,0,0,0,0,0,0,0,0,0,6000
3006,晶豪科          ,384000,489000,-105000,0,0,0,0,0,0,111000,8000,161000,-153000,264000,0,264000,6000
08892P,台積電元大01售27,0,0,0,0,0,0,0,0,0,6000,0,0,0,10000,4000,6000,6000
08822P,聯發科凱基01售12,0,0,0,0,0,0,0,0,0,6000,0,0,0,11000,5000,6000,6000
2069,運錩            ,6000,0,6000,0,0,0,0,0,0,0,0,0,0,0,0,0,6000
1539,巨庭            ,6000,2000,4000,0,0,0,0,0,0,2000,2000,0,2000,0,0,0,6000
1568,倉佑            ,6000,1000,5000,0,0,0,0,0,0,1000,1000,0,1000,0,0,0,6000
1414,東和            ,11000,5000,6000,0,0,0,0,0,0,0,0,0,0,0,0,0,6000
1419,新紡            ,27000,21000,6000,0,0,0,0,0,0,0,0,0,0,0,0,0,6000
8411,福貞-KY         ,7000,1000,6000,0,0,0,0,0,0,0,0,0,0,0,0,0,6000
910322,康師傅-DR       ,7000,1000,6000,0,0,0,0,0,0,0,0,0,0,0,0,0,6000
1590,亞德客-KY       ,299078,282328,16750,0,0,0,0,12000,-12000,1000,2000,0,2000,0,1000,-1000,5750
069547,聯發科元大02購18,0,0,0,0,0,0,0,0,0,5000,0,0,0,50000,45000,5000,5000
069635,玉晶光元富08購01,0,0,0,0,0,0,0,0,0,5000,0,0,0,10000,5000,5000,5000
069639,金像電台新02購01,0,0,0,0,0,0,0,0,0,5000,0,0,0,182000,177000,5000,5000
069640,臺指反中信04購01,0,0,0,0,0,0,0,0,0,5000,0,0,0,5000,0,5000,5000
08171P,嘉澤國票9C售01  ,0,0,0,0,0,0,0,0,0,5000,0,0,0,5000,0,5000,5000
08208P,臺股指群益9B售16,0,0,0,0,0,0,0,0,0,5000,0,0,0,5000,0,5000,5000
08284P,鴻海凱基01售03  ,0,0,0,0,0,0,0,0,0,5000,0,0,0,5000,0,5000,5000
08094P,華新科元富9B售05,0,0,0,0,0,0,0,0,0,5000,0,0,0,5000,0,5000,5000
08449P,華新科群益9C售03,0,0,0,0,0,0,0,0,0,5000,0,0,0,65000,60000,5000,5000
08334P,智邦永豐9C售01  ,0,0,0,0,0,0,0,0,0,5000,0,0,0,5000,0,5000,5000
07938P,國巨統一9B售10  ,0,0,0,0,0,0,0,0,0,5000,0,0,0,5000,0,5000,5000
068631,亞泥凱基02購01  ,0,0,0,0,0,0,0,0,0,5000,0,0,0,230000,225000,5000,5000
068688,聚陽凱基02購03  ,0,0,0,0,0,0,0,0,0,5000,0,0,0,236000,231000,5000,5000
068805,欣興群益03購01  ,0,0,0,0,0,0,0,0,0,5000,0,0,0,5000,0,5000,5000
068307,美律國票03購01  ,0,0,0,0,0,0,0,0,0,5000,0,0,0,10000,5000,5000,5000
068037,聯鈞元富07購01  ,0,0,0,0,0,0,0,0,0,5000,0,0,0,10000,5000,5000,5000
067939,玉晶光凱基02購06,0,0,0,0,0,0,0,0,0,5000,0,0,0,5000,0,5000,5000
067782,亞德客群益01購04,0,0,0,0,0,0,0,0,0,5000,0,0,0,5000,0,5000,5000
059935,國巨永豐99購07  ,0,0,0,0,0,0,0,0,0,5000,0,0,0,10000,5000,5000,5000
059768,上証2X群益9C購02,0,0,0,0,0,0,0,0,0,5000,0,0,0,5000,0,5000,5000
059780,滬深2X元大9C購06,0,0,0,0,0,0,0,0,0,5000,0,0,0,5000,0,5000,5000
058832,立積永豐99購01  ,0,0,0,0,0,0,0,0,0,5000,0,0,0,48000,43000,5000,5000
059581,日月光元富99購02,0,0,0,0,0,0,0,0,0,5000,0,0,0,5000,0,5000,5000
059571,奇力新凱基99購06,0,0,0,0,0,0,0,0,0,5000,0,0,0,5000,0,5000,5000
059208,SGBR2X元大99購02,0,0,0,0,0,0,0,0,0,5000,0,0,0,5000,0,5000,5000
059127,國巨中信99購04  ,0,0,0,0,0,0,0,0,0,5000,0,0,0,5000,0,5000,5000
064486,聚陽元大9C購01  ,0,0,0,0,0,0,0,0,0,5000,0,0,0,106000,101000,5000,5000
064490,金像電元大9C購02,0,0,0,0,0,0,0,0,0,5000,0,0,0,20000,15000,5000,5000
064456,禾伸堂統一01購01,0,0,0,0,0,0,0,0,0,5000,0,0,0,5000,0,5000,5000
064341,聯詠元大9C購01  ,0,0,0,0,0,0,0,0,0,5000,0,0,0,7000,2000,5000,5000
057944,新日興國票99購02,0,0,0,0,0,0,0,0,0,5000,0,0,0,5000,0,5000,5000
060756,鴻海元大9A購16  ,0,0,0,0,0,0,0,0,0,5000,0,0,0,5000,0,5000,5000
058969,亞德客永豐99購01,0,0,0,0,0,0,0,0,0,5000,0,0,0,5000,0,5000,5000
059142,道瓊指國票9B購02,0,0,0,0,0,0,0,0,0,5000,0,0,0,5000,0,5000,5000
058119,華新亞東99購01  ,0,0,0,0,0,0,0,0,0,5000,0,0,0,5000,0,5000,5000
058164,FBVIX凱基03購02 ,0,0,0,0,0,0,0,0,0,5000,0,0,0,5000,0,5000,5000
057955,技嘉元大98購07  ,0,0,0,0,0,0,0,0,0,5000,0,0,0,5000,0,5000,5000
058356,華邦電凱基99購01,0,0,0,0,0,0,0,0,0,5000,0,0,0,5000,0,5000,5000
058312,大毅國泰9B購01  ,0,0,0,0,0,0,0,0,0,5000,0,0,0,5000,0,5000,5000
058286,道瓊指國票9B購01,0,0,0,0,0,0,0,0,0,5000,0,0,0,5000,0,5000,5000
053925,群創國票98購01  ,0,0,0,0,0,0,0,0,0,5000,0,0,0,5000,0,5000,5000
056700,華新科國泰99購03,0,0,0,0,0,0,0,0,0,5000,0,0,0,5000,0,5000,5000
056059,美律元大98購02  ,0,0,0,0,0,0,0,0,0,5000,0,0,0,5000,0,5000,5000
055522,道瓊反群益01購01,0,0,0,0,0,0,0,0,0,5000,0,0,0,5000,0,5000,5000
046385,群創凱基98購03  ,0,0,0,0,0,0,0,0,0,5000,0,0,0,5000,0,5000,5000
050378,上証2X群益98購02,0,0,0,0,0,0,0,0,0,5000,0,0,0,5000,0,5000,5000
050758,聯發科元富9B購01,0,0,0,0,0,0,0,0,0,5000,0,0,0,5000,0,5000,5000
052318,友達元大98購01  ,0,0,0,0,0,0,0,0,0,5000,0,0,0,5000,0,5000,5000
052328,台表科中信99購01,0,0,0,0,0,0,0,0,0,5000,0,0,0,5000,0,5000,5000
052987,華新科元大99購01,0,0,0,0,0,0,0,0,0,5000,0,0,0,10000,5000,5000,5000
03421P,健策群益02售04  ,0,0,0,0,0,0,0,0,0,5000,0,0,0,5000,0,5000,5000
03445P,聯詠群益02售02  ,0,0,0,0,0,0,0,0,0,5000,0,0,0,5000,0,5000,5000
056161,康控凱基98購02  ,0,0,0,0,0,0,0,0,0,5000,0,0,0,5000,0,5000,5000
057100,國巨中信9A購02  ,0,0,0,0,0,0,0,0,0,5000,0,0,0,5000,0,5000,5000
060156,光磊永豐9A購01  ,0,0,0,0,0,0,0,0,0,5000,0,0,0,10000,5000,5000,5000
060289,京元電元大9A購01,0,0,0,0,0,0,0,0,0,5000,0,0,0,5000,0,5000,5000
056459,茂林凱基99購01  ,0,0,0,0,0,0,0,0,0,5000,0,0,0,5000,0,5000,5000
057876,隆達元大98購01  ,0,0,0,0,0,0,0,0,0,5000,0,0,0,7000,2000,5000,5000
057675,同欣電元大98購02,0,0,0,0,0,0,0,0,0,5000,0,0,0,5000,0,5000,5000
057703,矽力群益98購01  ,0,0,0,0,0,0,0,0,0,5000,0,0,0,5000,0,5000,5000
057472,T50正2元大9B購03,0,0,0,0,0,0,0,0,0,5000,0,0,0,5000,0,5000,5000
057535,泰鼎元大99購01  ,0,0,0,0,0,0,0,0,0,5000,0,0,0,5000,0,5000,5000
057443,臺股指統一99購04,0,0,0,0,0,0,0,0,0,5000,0,0,0,5000,0,5000,5000
020016,統一MSCI美科技N ,0,0,0,0,0,0,0,0,0,5000,0,0,0,5000,0,5000,5000
00736,國泰新興市場    ,0,18000,-18000,0,0,0,0,0,0,23000,0,0,0,147000,124000,23000,5000
03273P,台積電元富08售03,0,0,0,0,0,0,0,0,0,5000,0,0,0,6000,1000,5000,5000
03007P,玉晶光永豐01售01,0,0,0,0,0,0,0,0,0,5000,0,0,0,5000,0,5000,5000
063596,嘉澤中信9B購01  ,0,0,0,0,0,0,0,0,0,5000,0,0,0,5000,0,5000,5000
063240,聯發科元大9B購17,0,0,0,0,0,0,0,0,0,5000,0,0,0,5000,0,5000,5000
064208,智邦凱基02購01  ,0,0,0,0,0,0,0,0,0,5000,0,0,0,320000,315000,5000,5000
062814,台光電兆豐9B購01,0,0,0,0,0,0,0,0,0,5000,0,0,0,5000,0,5000,5000
062591,新日興統一9C購01,0,0,0,0,0,0,0,0,0,5000,0,0,0,5000,0,5000,5000
062690,華擎統一9B購01  ,0,0,0,0,0,0,0,0,0,5000,0,0,0,5000,0,5000,5000
062068,滬深2X元大9B購02,0,0,0,0,0,0,0,0,0,5000,0,0,0,5000,0,5000,5000
062254,台光電元大9B購02,0,0,0,0,0,0,0,0,0,5000,0,0,0,5000,0,5000,5000
064806,微星元大01購01  ,0,0,0,0,0,0,0,0,0,5000,0,0,0,5000,0,5000,5000
061077,國巨兆豐9B購01  ,0,0,0,0,0,0,0,0,0,5000,0,0,0,5000,0,5000,5000
061858,南電國票9B購02  ,0,0,0,0,0,0,0,0,0,5000,0,0,0,8000,3000,5000,5000
065036,世芯統一02購02  ,0,0,0,0,0,0,0,0,0,5000,0,0,0,5000,0,5000,5000
064863,台積電永豐9C購01,0,0,0,0,0,0,0,0,0,5000,0,0,0,5000,0,5000,5000
064849,大立光元富9C購06,0,0,0,0,0,0,0,0,0,5000,0,0,0,5000,0,5000,5000
063103,技嘉群益9B購01  ,0,0,0,0,0,0,0,0,0,5000,0,0,0,5000,0,5000,5000
061139,玉晶光統一9C購02,0,0,0,0,0,0,0,0,0,5000,0,0,0,5000,0,5000,5000
066478,鴻海元富07購02  ,0,0,0,0,0,0,0,0,0,5000,0,0,0,5000,0,5000,5000
066878,牧德富邦03購01  ,0,0,0,0,0,0,0,0,0,5000,0,0,0,10000,5000,5000,5000
066866,滬深2X元富01購03,0,0,0,0,0,0,0,0,0,5000,0,0,0,17000,12000,5000,5000
066894,聯發科兆豐03購01,0,0,0,0,0,0,0,0,0,5000,0,0,0,5000,0,5000,5000
066935,奇鋐國票02購02  ,0,0,0,0,0,0,0,0,0,5000,0,0,0,5000,0,5000,5000
067019,A50中信02購01   ,0,0,0,0,0,0,0,0,0,5000,0,0,0,10000,5000,5000,5000
066993,世紀鋼群益01購03,0,0,0,0,0,0,0,0,0,5000,0,0,0,10000,5000,5000,5000
067560,聯詠國票02購01  ,0,0,0,0,0,0,0,0,0,5000,0,0,0,31000,26000,5000,5000
067534,億光群益01購01  ,0,0,0,0,0,0,0,0,0,5000,0,0,0,5000,0,5000,5000
067725,旭富凱基01購03  ,0,0,0,0,0,0,0,0,0,5000,0,0,0,5000,0,5000,5000
067316,嘉澤元大01購03  ,0,0,0,0,0,0,0,0,0,5000,0,0,0,101000,96000,5000,5000
067445,台積電國票01購06,0,0,0,0,0,0,0,0,0,5000,0,0,0,15000,10000,5000,5000
067460,晶技永豐01購02  ,0,0,0,0,0,0,0,0,0,5000,0,0,0,31000,26000,5000,5000
067203,台達電元大01購03,0,0,0,0,0,0,0,0,0,5000,0,0,0,5000,0,5000,5000
067277,樺漢統一03購01  ,0,0,0,0,0,0,0,0,0,5000,0,0,0,5000,0,5000,5000
067238,大立光群益02購03,0,0,0,0,0,0,0,0,0,5000,0,0,0,5000,0,5000,5000
065345,台光電統一01購04,0,0,0,0,0,0,0,0,0,5000,0,0,0,126000,121000,5000,5000
065357,立積元富03購01  ,0,0,0,0,0,0,0,0,0,5000,0,0,0,5000,0,5000,5000
065573,新日興群益01購02,0,0,0,0,0,0,0,0,0,5000,0,0,0,14000,9000,5000,5000
065936,聯發科群益02購01,0,0,0,0,0,0,0,0,0,5000,0,0,0,5000,0,5000,5000
066121,道瓊反群益04購01,0,0,0,0,0,0,0,0,0,5000,0,0,0,5000,0,5000,5000
066048,奇鋐元大01購01  ,0,0,0,0,0,0,0,0,0,5000,0,0,0,5000,0,5000,5000
065991,牧德永豐01購01  ,0,0,0,0,0,0,0,0,0,5000,0,0,0,5000,0,5000,5000
066372,惠特中信01購01  ,0,0,0,0,0,0,0,0,0,5000,0,0,0,5000,0,5000,5000
2002A,中鋼特          ,0,0,0,0,0,0,0,0,0,5000,5000,0,5000,0,0,0,5000
2030,彰源            ,42000,37000,5000,0,0,0,0,0,0,0,0,0,0,0,0,0,5000
1436,華友聯          ,1000,0,1000,0,0,0,0,0,0,4000,4000,0,4000,0,0,0,5000
08962P,大立光凱基03售05,0,0,0,0,0,0,0,0,0,5000,0,0,0,5000,0,5000,5000
08965P,台灣50元大01售30,0,0,0,0,0,0,0,0,0,5000,0,0,0,5000,0,5000,5000
08986P,聯發科元富07售06,0,0,0,0,0,0,0,0,0,5000,0,0,0,5000,0,5000,5000
08788P,A50正2元富01售03,0,0,0,0,0,0,0,0,0,5000,0,0,0,5000,0,5000,5000
08926P,台積電元富07售06,0,0,0,0,0,0,0,0,0,5000,0,0,0,5000,0,5000,5000
08676P,泰碩群益04售01  ,0,0,0,0,0,0,0,0,0,5000,0,0,0,5000,0,5000,5000
2613,中櫃            ,3000,0,3000,0,0,0,0,0,0,2000,2000,0,2000,0,0,0,5000
3416,融程電          ,17000,15000,2000,0,0,0,0,0,0,3000,3000,0,3000,0,0,0,5000
4438,廣越            ,11000,6000,5000,0,0,0,0,0,0,0,0,0,0,0,0,0,5000
4439,冠星-KY         ,5000,0,5000,0,0,0,0,0,0,0,0,0,0,0,0,0,5000
6243,迅杰            ,9000,4000,5000,0,0,0,0,0,0,0,0,0,0,0,0,0,5000
6201,亞弘電          ,1000,0,1000,0,0,0,0,0,0,4000,4000,0,4000,0,0,0,5000
8114,振樺電          ,5000,0,5000,0,0,0,0,0,0,0,0,0,0,0,0,0,5000
067828,聯鈞兆豐03購01  ,0,0,0,0,0,0,0,0,0,4000,0,0,0,7000,3000,4000,4000
068332,欣興元大03購02  ,0,0,0,0,0,0,0,0,0,4000,0,0,0,7000,3000,4000,4000
068844,台積電統一02購11,0,0,0,0,0,0,0,0,0,4000,0,0,0,4000,0,4000,4000
068913,聯發科群益02購11,0,0,0,0,0,0,0,0,0,4000,0,0,0,25000,21000,4000,4000
068893,友達元大04購01  ,0,0,0,0,0,0,0,0,0,4000,0,0,0,100000,96000,4000,4000
068925,欣興國泰04購01  ,0,0,0,0,0,0,0,0,0,4000,0,0,0,63000,59000,4000,4000
068590,台積電元富07購12,0,0,0,0,0,0,0,0,0,4000,0,0,0,17000,13000,4000,4000
068469,鴻海群益01購11  ,0,0,0,0,0,0,0,0,0,4000,0,0,0,4000,0,4000,4000
07609P,台灣50國票9C售04,0,0,0,0,0,0,0,0,0,4000,0,0,0,4000,0,4000,4000
069741,聯強永豐02購01  ,0,0,0,0,0,0,0,0,0,4000,0,0,0,4000,0,4000,4000
08150P,立積國票9C售01  ,0,0,0,0,0,0,0,0,0,4000,0,0,0,24000,20000,4000,4000
08120P,南亞科國票9C售01,0,0,0,0,0,0,0,0,0,4000,0,0,0,4000,0,4000,4000
069674,台積電元大04購01,0,0,0,0,0,0,0,0,0,4000,0,0,0,4000,0,4000,4000
069346,牧德群益03購01  ,0,0,0,0,0,0,0,0,0,4000,0,0,0,4000,0,4000,4000
03319P,健策元富03售01  ,0,0,0,0,0,0,0,0,0,4000,0,0,0,37000,33000,4000,4000
00866,新光Shiller CAPE,0,0,0,0,0,0,0,0,0,4000,0,0,0,30000,26000,4000,4000
03155P,玉晶光群益01售08,0,0,0,0,0,0,0,0,0,4000,0,0,0,10000,6000,4000,4000
057599,技嘉群益9A購01  ,0,0,0,0,0,0,0,0,0,4000,0,0,0,4000,0,4000,4000
057802,卜蜂元大98購01  ,0,0,0,0,0,0,0,0,0,4000,0,0,0,4000,0,4000,4000
060368,緯穎元富9A購03  ,0,0,0,0,0,0,0,0,0,4000,0,0,0,4000,0,4000,4000
060343,台積電統一9C購02,0,0,0,0,0,0,0,0,0,4000,0,0,0,4000,0,4000,4000
060857,旭富富邦9B購01  ,0,0,0,0,0,0,0,0,0,4000,0,0,0,4000,0,4000,4000
036628,統一台新99購01  ,0,0,0,0,0,0,0,0,0,4000,0,0,0,4000,0,4000,4000
051277,聯發科中信9A購01,0,0,0,0,0,0,0,0,0,4000,0,0,0,10000,6000,4000,4000
052828,滬深2X群益9A購02,0,0,0,0,0,0,0,0,0,4000,0,0,0,4000,0,4000,4000
055652,聯詠元富01購01  ,0,0,0,0,0,0,0,0,0,4000,0,0,0,8000,4000,4000,4000
05589P,大立光中信9A售01,0,0,0,0,0,0,0,0,0,4000,0,0,0,15000,11000,4000,4000
056011,矽力中信99購01  ,0,0,0,0,0,0,0,0,0,4000,0,0,0,4000,0,4000,4000
053811,國巨群益98購02  ,0,0,0,0,0,0,0,0,0,4000,0,0,0,4000,0,4000,4000
053891,欣興群益98購01  ,0,0,0,0,0,0,0,0,0,4000,0,0,0,4000,0,4000,4000
057982,帆宣永豐98購01  ,0,0,0,0,0,0,0,0,0,4000,0,0,0,4000,0,4000,4000
058456,京鼎永豐99購01  ,0,0,0,0,0,0,0,0,0,4000,0,0,0,5000,1000,4000,4000
060545,台積電凱基9B購02,0,0,0,0,0,0,0,0,0,4000,0,0,0,4000,0,4000,4000
060951,元黃金群益9A購01,0,0,0,0,0,0,0,0,0,4000,0,0,0,34000,30000,4000,4000
059824,大立光凱基99購13,0,0,0,0,0,0,0,0,0,4000,0,0,0,4000,0,4000,4000
063410,南六國票9C購01  ,0,0,0,0,0,0,0,0,0,4000,0,0,0,4000,0,4000,4000
063438,聚陽統一9C購01  ,0,0,0,0,0,0,0,0,0,4000,0,0,0,4000,0,4000,4000
059721,旺宏元大99購16  ,0,0,0,0,0,0,0,0,0,4000,0,0,0,22000,18000,4000,4000
061043,百和永豐9A購01  ,0,0,0,0,0,0,0,0,0,4000,0,0,0,20000,16000,4000,4000
061503,臻鼎國票9B購01  ,0,0,0,0,0,0,0,0,0,4000,0,0,0,6000,2000,4000,4000
061375,華通永豐9A購02  ,0,0,0,0,0,0,0,0,0,4000,0,0,0,5000,1000,4000,4000
063110,牧德兆豐9B購01  ,0,0,0,0,0,0,0,0,0,4000,0,0,0,5000,1000,4000,4000
063001,巨大國票9B購01  ,0,0,0,0,0,0,0,0,0,4000,0,0,0,13000,9000,4000,4000
063344,臺企銀統一9C購01,0,0,0,0,0,0,0,0,0,4000,0,0,0,4000,0,4000,4000
065048,世芯凱基01購01  ,0,0,0,0,0,0,0,0,0,4000,0,0,0,4000,0,4000,4000
065019,華邦電富邦9C購01,0,0,0,0,0,0,0,0,0,4000,0,0,0,4000,0,4000,4000
062655,漢唐永豐9B購01  ,0,0,0,0,0,0,0,0,0,4000,0,0,0,54000,50000,4000,4000
061922,瑞昱凱基9B購01  ,0,0,0,0,0,0,0,0,0,4000,0,0,0,14000,10000,4000,4000
064616,智邦元大9C購04  ,0,0,0,0,0,0,0,0,0,4000,0,0,0,89000,85000,4000,4000
062261,嘉晶元大9B購02  ,0,0,0,0,0,0,0,0,0,4000,0,0,0,26000,22000,4000,4000
062161,南六凱基9C購01  ,0,0,0,0,0,0,0,0,0,4000,0,0,0,8000,4000,4000,4000
062071,華通元大9B購02  ,0,0,0,0,0,0,0,0,0,4000,0,0,0,5000,1000,4000,4000
062104,上証2X國票9B購03,0,0,0,0,0,0,0,0,0,4000,0,0,0,4000,0,4000,4000
063910,漢唐凱基9C購01  ,0,0,0,0,0,0,0,0,0,4000,0,0,0,27000,23000,4000,4000
061657,智原國票9A購01  ,0,0,0,0,0,0,0,0,0,4000,0,0,0,35000,31000,4000,4000
061710,國巨凱基9A購18  ,0,0,0,0,0,0,0,0,0,4000,0,0,0,70000,66000,4000,4000
064094,達新群益9C購01  ,0,0,0,0,0,0,0,0,0,4000,0,0,0,5000,1000,4000,4000
064006,晶技凱基9C購02  ,0,0,0,0,0,0,0,0,0,4000,0,0,0,4000,0,4000,4000
064016,南六國票01購01  ,0,0,0,0,0,0,0,0,0,4000,0,0,0,9000,5000,4000,4000
063485,巨大元大9B購04  ,0,0,0,0,0,0,0,0,0,4000,0,0,0,4000,0,4000,4000
066419,聯發科元大01購11,0,0,0,0,0,0,0,0,0,4000,0,0,0,28000,24000,4000,4000
066229,力山富邦04購01  ,0,0,0,0,0,0,0,0,0,4000,0,0,0,90000,86000,4000,4000
065993,立積永豐01購02  ,0,0,0,0,0,0,0,0,0,4000,0,0,0,4000,0,4000,4000
065815,微星元富9C購01  ,0,0,0,0,0,0,0,0,0,4000,0,0,0,62000,58000,4000,4000
065528,FBVIX中信04購01 ,0,0,0,0,0,0,0,0,0,4000,0,0,0,4000,0,4000,4000
065635,智伸科國票01購02,0,0,0,0,0,0,0,0,0,4000,0,0,0,4000,0,4000,4000
067400,華擎永豐01購02  ,0,0,0,0,0,0,0,0,0,4000,0,0,0,252000,248000,4000,4000
067722,國產凱基01購01  ,0,0,0,0,0,0,0,0,0,4000,0,0,0,378000,374000,4000,4000
067696,欣興兆豐03購01  ,0,0,0,0,0,0,0,0,0,4000,0,0,0,4000,0,4000,4000
067553,上証2X國票02購03,0,0,0,0,0,0,0,0,0,4000,0,0,0,4000,0,4000,4000
067472,台積電元大03購01,0,0,0,0,0,0,0,0,0,4000,0,0,0,4000,0,4000,4000
067103,聯發科群益01購04,0,0,0,0,0,0,0,0,0,4000,0,0,0,32000,28000,4000,4000
066930,台積電國票02購01,0,0,0,0,0,0,0,0,0,4000,0,0,0,4000,0,4000,4000
066608,國巨麥證01購03  ,0,0,0,15000,11000,4000,0,0,0,4000,0,0,0,15000,11000,4000,4000
066578,臺股指元大01購07,0,0,0,0,0,0,0,0,0,4000,0,0,0,7000,3000,4000,4000
8131,福懋科          ,75000,77000,-2000,0,0,0,0,0,0,6000,6000,0,6000,0,0,0,4000
6671,三能-KY         ,2000,2000,0,0,0,0,0,0,0,4000,6000,2000,4000,0,0,0,4000
9912,偉聯            ,1000,0,1000,0,0,0,0,0,0,3000,3000,0,3000,0,0,0,4000
9941A,裕融甲特        ,0,0,0,0,0,0,0,0,0,4000,4000,0,4000,0,0,0,4000
9942,茂順            ,5000,5000,0,0,0,0,0,0,0,4000,4000,0,4000,0,0,0,4000
6131,鈞泰            ,4000,0,4000,0,0,0,0,0,0,0,0,0,0,0,0,0,4000
3593,力銘            ,4000,0,4000,0,0,0,0,0,0,0,0,0,0,0,0,0,4000
3011,今皓            ,4000,0,4000,0,0,0,0,0,0,0,0,0,0,0,0,0,4000
1220,台榮            ,4000,0,4000,0,0,0,0,0,0,0,0,0,0,0,0,0,4000
1256,鮮活果汁-KY     ,4000,1000,3000,0,0,0,0,0,0,1000,1000,0,1000,0,0,0,4000
1445,大宇            ,9000,6000,3000,0,0,0,0,0,0,1000,1000,0,1000,0,0,0,4000
1530,亞崴            ,2000,0,2000,0,0,0,0,0,0,2000,2000,0,2000,0,0,0,4000
1468,昶和            ,5000,1000,4000,0,0,0,0,0,0,0,0,0,0,0,0,0,4000
1463,強盛            ,4000,0,4000,0,0,0,0,0,0,0,0,0,0,0,0,0,4000
2031,新光鋼          ,136000,148000,-12000,0,0,0,0,0,0,16000,17000,1000,16000,0,0,0,4000
2032,新鋼            ,4000,0,4000,0,0,0,0,0,0,0,0,0,0,0,0,0,4000
1540,喬福            ,5000,0,5000,0,0,0,0,0,0,-1000,0,1000,-1000,0,0,0,4000
1617,榮星            ,2000,0,2000,0,0,0,0,0,0,2000,2000,0,2000,0,0,0,4000
6024,群益期          ,30000,26872,3128,0,0,0,0,0,0,0,0,0,0,0,0,0,3128
069268,玉晶光兆豐03購02,0,0,0,0,0,0,0,0,0,3000,0,0,0,27000,24000,3000,3000
069123,南六群益02購03  ,0,0,0,0,0,0,0,0,0,3000,0,0,0,29000,26000,3000,3000
06962P,華新科永豐99售01,0,0,0,0,0,0,0,0,0,3000,0,0,0,3000,0,3000,3000
069552,玉晶光元大03購11,0,0,0,0,0,0,0,0,0,3000,0,0,0,9000,6000,3000,3000
08113P,台灣50凱基02售04,0,0,0,0,0,0,0,0,0,3000,0,0,0,3000,0,3000,3000
07285P,上証2X群益01售02,0,0,0,0,0,0,0,0,0,3000,0,0,0,3000,0,3000,3000
068433,台光電凱基01購04,0,0,0,0,0,0,0,0,0,3000,0,0,0,5000,2000,3000,3000
068610,牧德凱基01購05  ,0,0,0,0,0,0,0,0,0,3000,0,0,0,3000,0,3000,3000
068345,聯發科麥證01購09,0,0,0,3000,0,3000,0,0,0,3000,0,0,0,3000,0,3000,3000
059944,欣興永豐99購03  ,0,0,0,0,0,0,0,0,0,3000,0,0,0,4000,1000,3000,3000
059968,世紀鋼凱基99購03,0,0,0,0,0,0,0,0,0,3000,0,0,0,3000,0,3000,3000
058780,牧德國票9A購01  ,0,0,0,0,0,0,0,0,0,3000,0,0,0,3000,0,3000,3000
059147,矽創國票99購01  ,0,0,0,0,0,0,0,0,0,3000,0,0,0,3000,0,3000,3000
059203,勤誠永豐99購02  ,0,0,0,0,0,0,0,0,0,3000,0,0,0,37000,34000,3000,3000
063427,南六凱基9B購04  ,0,0,0,0,0,0,0,0,0,3000,0,0,0,6000,3000,3000,3000
063824,S&P反1國票9C購01,0,0,0,0,0,0,0,0,0,3000,0,0,0,3000,0,3000,3000
058878,旭富國泰9B購01  ,0,0,0,0,0,0,0,0,0,3000,0,0,0,3000,0,3000,3000
06448P,華通元大99售01  ,0,0,0,0,0,0,0,0,0,3000,0,0,0,3000,0,3000,3000
059856,昇陽半永豐99購03,0,0,0,0,0,0,0,0,0,3000,0,0,0,3000,0,3000,3000
058509,聯發科元大99購12,0,0,0,0,0,0,0,0,0,3000,0,0,0,3000,0,3000,3000
054072,台積電富邦98購02,0,0,0,0,0,0,0,0,0,3000,0,0,0,158000,155000,3000,3000
054159,T50正2凱基99購01,0,0,0,0,0,0,0,0,0,3000,0,0,0,5000,2000,3000,3000
054297,台郡元大98購01  ,0,0,0,0,0,0,0,0,0,3000,0,0,0,3000,0,3000,3000
054821,貿聯元大9A購01  ,0,0,0,0,0,0,0,0,0,3000,0,0,0,3000,0,3000,3000
054632,緯穎凱基9A購01  ,0,0,0,0,0,0,0,0,0,3000,0,0,0,3000,0,3000,3000
056095,臻鼎元富9A購01  ,0,0,0,0,0,0,0,0,0,3000,0,0,0,3000,0,3000,3000
055032,億光富邦99購01  ,0,0,0,0,0,0,0,0,0,3000,0,0,0,3000,0,3000,3000
057383,玉晶光富邦9A購01,0,0,0,0,0,0,0,0,0,3000,0,0,0,3000,0,3000,3000
057394,台積電中信9C購02,0,0,0,0,0,0,0,0,0,3000,0,0,0,3000,0,3000,3000
060800,華新科第一9A購01,0,0,0,0,0,0,0,0,0,3000,0,0,0,3000,0,3000,3000
06078P,臺股指凱基9A售01,0,0,0,0,0,0,0,0,0,3000,0,0,0,3000,0,3000,3000
057043,台積電元大99購02,0,0,0,0,0,0,0,0,0,3000,0,0,0,3000,0,3000,3000
056914,臺股指元大99購09,0,0,0,0,0,0,0,0,0,3000,0,0,0,3000,0,3000,3000
057335,技嘉國票99購01  ,0,0,0,0,0,0,0,0,0,3000,0,0,0,14000,11000,3000,3000
057824,日月光元大98購01,0,0,0,0,0,0,0,0,0,3000,0,0,0,3000,0,3000,3000
057564,台積電富邦9B購03,0,0,0,0,0,0,0,0,0,3000,0,0,0,3000,0,3000,3000
03357P,大立光兆豐03售03,0,0,0,0,0,0,0,0,0,3000,0,0,0,3000,0,3000,3000
00642U,元大S&P石油     ,5000,2000,3000,0,0,0,0,0,0,0,0,0,0,0,0,0,3000
03028X,元展25          ,0,0,0,0,0,0,0,0,0,3000,0,0,0,3000,0,3000,3000
03039P,玉晶光國票02售04,0,0,0,0,0,0,0,0,0,3000,0,0,0,3000,0,3000,3000
03036P,玉晶光國票01售08,0,0,0,0,0,0,0,0,0,3000,0,0,0,3000,0,3000,3000
062455,鴻海群益9C購01  ,0,0,0,0,0,0,0,0,0,3000,0,0,0,23000,20000,3000,3000
062501,台積電群益9C購03,0,0,0,0,0,0,0,0,0,3000,0,0,0,5000,2000,3000,3000
062410,台積電第一9B購02,0,0,0,0,0,0,0,0,0,3000,0,0,0,3000,0,3000,3000
062168,大毅永豐9B購01  ,0,0,0,0,0,0,0,0,0,3000,0,0,0,3000,0,3000,3000
062003,國巨國泰01購01  ,0,0,0,0,0,0,0,0,0,3000,0,0,0,40000,37000,3000,3000
061977,國巨元大9B購02  ,0,0,0,0,0,0,0,0,0,3000,0,0,0,66000,63000,3000,3000
064296,奇鋐國票01購01  ,0,0,0,0,0,0,0,0,0,3000,0,0,0,13000,10000,3000,3000
064609,滬深2X元大9C購12,0,0,0,0,0,0,0,0,0,3000,0,0,0,3000,0,3000,3000
064586,緯創永豐9C購01  ,0,0,0,0,0,0,0,0,0,3000,0,0,0,10000,7000,3000,3000
064659,台達電元大9C購02,0,0,0,0,0,0,0,0,0,3000,0,0,0,3000,0,3000,3000
064664,微星元大9C購04  ,0,0,0,0,0,0,0,0,0,3000,0,0,0,3000,0,3000,3000
061807,元金2X統一9B購01,0,0,0,0,0,0,0,0,0,3000,0,0,0,3000,0,3000,3000
061811,A50正2群益01購03,0,0,0,0,0,0,0,0,0,3000,0,0,0,3000,0,3000,3000
064706,嘉晶富邦01購01  ,0,0,0,0,0,0,0,0,0,3000,0,0,0,3000,0,3000,3000
061126,京元電永豐9A購02,0,0,0,0,0,0,0,0,0,3000,0,0,0,11000,8000,3000,3000
061259,台積電凱基9A購21,0,0,0,0,0,0,0,0,0,3000,0,0,0,3000,0,3000,3000
066685,T50反1元富07購02,0,0,0,0,0,0,0,0,0,3000,0,0,0,390000,387000,3000,3000
067074,中信金元大01購01,0,0,0,0,0,0,0,0,0,3000,0,0,0,3000,0,3000,3000
067470,國巨元大01購10  ,0,0,0,0,0,0,0,0,0,3000,0,0,0,3000,0,3000,3000
067632,台積電永豐01購03,0,0,0,0,0,0,0,0,0,3000,0,0,0,3000,0,3000,3000
067702,臺股指國票01購10,0,0,0,0,0,0,0,0,0,3000,0,0,0,3000,0,3000,3000
067159,上証2X國票02購01,0,0,0,0,0,0,0,0,0,3000,0,0,0,3000,0,3000,3000
065786,神基永豐9C購01  ,0,0,0,0,0,0,0,0,0,3000,0,0,0,216000,213000,3000,3000
065418,緯創國票01購01  ,0,0,0,0,0,0,0,0,0,3000,0,0,0,78000,75000,3000,3000
065503,燿華永豐9C購04  ,0,0,0,0,0,0,0,0,0,3000,0,0,0,100000,97000,3000,3000
065919,禾伸堂凱基02購01,0,0,0,0,0,0,0,0,0,3000,0,0,0,73000,70000,3000,3000
065910,立積永豐9C購02  ,0,0,0,0,0,0,0,0,0,3000,0,0,0,3000,0,3000,3000
066000,奇鋐國票02購01  ,0,0,0,0,0,0,0,0,0,3000,0,0,0,12000,9000,3000,3000
066175,聯鈞凱基01購01  ,0,0,0,0,0,0,0,0,0,3000,0,0,0,3000,0,3000,3000
6117,迎廣            ,2000,0,2000,0,0,0,0,0,0,1000,1000,0,1000,0,0,0,3000
4104,佳醫            ,131000,91000,40000,0,0,0,0,0,0,-37000,0,5000,-5000,0,32000,-32000,3000
4930,燦星網          ,10000,7000,3000,0,0,0,0,0,0,0,0,0,0,0,0,0,3000
3002,歐格            ,4000,2000,2000,0,0,0,0,0,0,1000,1000,0,1000,0,0,0,3000
2616,山隆            ,17000,13000,4000,0,0,0,0,0,0,-1000,0,1000,-1000,0,0,0,3000
2722,夏都            ,14000,11000,3000,0,0,0,0,0,0,0,0,0,0,0,0,0,3000
2466,冠西電          ,1000,0,1000,0,0,0,0,0,0,2000,2000,0,2000,0,0,0,3000
2482,連宇            ,2000,0,2000,0,0,0,0,0,0,1000,1000,0,1000,0,0,0,3000
2373,震旦行          ,9000,1000,8000,0,0,0,0,0,0,-5000,1000,6000,-5000,0,0,0,3000
1615,大山            ,5000,2000,3000,0,0,0,0,0,0,0,0,0,0,0,0,0,3000
1616,億泰            ,3000,0,3000,0,0,0,0,0,0,0,0,0,0,0,0,0,3000
1725,元禎            ,5000,0,5000,0,0,0,0,0,0,-2000,0,2000,-2000,0,0,0,3000
1713,國化            ,4000,1000,3000,0,0,0,0,0,0,0,0,0,0,0,0,0,3000
2243,宏旭-KY         ,5000,2000,3000,0,0,0,0,0,0,0,0,0,0,0,0,0,3000
1521,大億            ,3000,0,3000,0,0,0,0,0,0,0,0,0,0,0,0,0,3000
1235,興泰            ,3000,0,3000,0,0,0,0,0,0,0,0,0,0,0,0,0,3000
1110,東泥            ,3000,0,3000,0,0,0,0,0,0,0,0,0,0,0,0,0,3000
08620P,聯發科群益9C售15,0,0,0,0,0,0,0,0,0,3000,0,0,0,73000,70000,3000,3000
08567P,台勝科群益9C售01,0,0,0,0,0,0,0,0,0,3000,0,0,0,3000,0,3000,3000
08560P,茂林國票01售01  ,0,0,0,0,0,0,0,0,0,3000,0,0,0,11000,8000,3000,3000
08940P,聯發科第一01售01,0,0,0,0,0,0,0,0,0,3000,0,0,0,3000,0,3000,3000
9925,新保            ,10000,22000,-12000,0,0,0,0,0,0,15000,15000,0,15000,0,0,0,3000
9918,欣天然          ,4000,1000,3000,0,0,0,0,0,0,0,0,0,0,0,0,0,3000
8462,柏文            ,6000,3000,3000,0,0,0,0,0,0,0,0,0,0,0,0,0,3000
068280,滬深2X中信01購03,0,0,0,0,0,0,0,0,0,2000,0,0,0,2000,0,2000,2000
068147,台積電元大02購06,0,0,0,0,0,0,0,0,0,2000,0,0,0,2000,0,2000,2000
068136,香港2X元大01購01,0,0,0,0,0,0,0,0,0,2000,0,0,0,2000,0,2000,2000
06783P,亞光元大98售03  ,0,0,0,0,0,0,0,0,0,2000,0,0,0,2000,0,2000,2000
067840,滬深2X元富04購02,0,0,0,0,0,0,0,0,0,2000,0,0,0,50000,48000,2000,2000
067823,台表科凱基01購02,0,0,0,0,0,0,0,0,0,2000,0,0,0,377000,375000,2000,2000
067886,台積電群益02購03,0,0,0,0,0,0,0,0,0,2000,0,0,0,2000,0,2000,2000
068066,亞德客凱基03購01,0,2000,-2000,0,0,0,0,0,0,4000,0,0,0,4000,0,4000,2000
068575,南電元大01購10  ,0,0,0,0,0,0,0,0,0,2000,0,0,0,2000,0,2000,2000
06867P,訊芯元大98售08  ,0,0,0,0,0,0,0,0,0,2000,0,0,0,2000,0,2000,2000
068736,南電元大02購02  ,0,0,0,0,0,0,0,0,0,2000,0,0,0,2000,0,2000,2000
068717,華通元大02購04  ,0,0,0,0,0,0,0,0,0,2000,0,0,0,22000,20000,2000,2000
068939,鴻海日盛02購01  ,0,0,0,0,0,0,0,0,0,2000,0,0,0,4000,2000,2000,2000
069002,國巨兆豐03購01  ,0,0,0,0,0,0,0,0,0,2000,0,0,0,2000,0,2000,2000
06879P,長榮航凱基98售02,0,0,0,0,0,0,0,0,0,2000,0,0,0,2000,0,2000,2000
07531P,大立光國泰9B售03,0,0,0,0,0,0,0,0,0,2000,0,0,0,2000,0,2000,2000
069720,智邦群益02購02  ,0,0,0,0,0,0,0,0,0,2000,0,0,0,22000,20000,2000,2000
069147,聯鈞永豐02購01  ,0,0,0,0,0,0,0,0,0,2000,0,0,0,2000,0,2000,2000
069161,聯發科元大02購08,0,0,0,0,0,0,0,0,0,2000,0,0,0,150000,148000,2000,2000
069222,金像電群益02購05,0,0,0,0,0,0,0,0,0,2000,0,0,0,113000,111000,2000,2000
069251,奇鋐凱基02購02  ,0,0,0,0,0,0,0,0,0,2000,0,0,0,12000,10000,2000,2000
069338,瑞昱群益03購01  ,0,0,0,0,0,0,0,0,0,2000,0,0,0,132000,130000,2000,2000
03040P,玉晶光國票03售02,0,0,0,0,0,0,0,0,0,2000,0,0,0,2000,0,2000,2000
03094P,台達電凱基01售04,0,0,0,0,0,0,0,0,0,2000,0,0,0,40000,38000,2000,2000
00685L,群益臺灣加權正2 ,0,0,0,0,0,0,0,0,0,2000,0,0,0,25000,23000,2000,2000
03344P,台積電元富08售15,0,0,0,0,0,0,0,0,0,2000,0,0,0,7000,5000,2000,2000
03204P,台積電凱基01售28,0,0,0,0,0,0,0,0,0,2000,0,0,0,2000,0,2000,2000
03168P,聯發科元富01售03,0,0,0,0,0,0,0,0,0,2000,0,0,0,16000,14000,2000,2000
057616,聯電凱基99購01  ,0,0,0,0,0,0,0,0,0,2000,0,0,0,2000,0,2000,2000
056825,深中小富邦9B購01,0,0,0,0,0,0,0,0,0,2000,0,0,0,2000,0,2000,2000
060817,華邦電台新9A購01,0,0,0,0,0,0,0,0,0,2000,0,0,0,2000,0,2000,2000
057411,臺股指群益99購05,0,0,0,0,0,0,0,0,0,2000,0,0,0,2000,0,2000,2000
060456,正隆元大9A購01  ,0,0,0,0,0,0,0,0,0,2000,0,0,0,2000,0,2000,2000
060161,牧德永豐9A購02  ,0,0,0,0,0,0,0,0,0,2000,0,0,0,2000,0,2000,2000
054534,台積電富邦98購03,0,0,0,0,0,0,0,0,0,2000,0,0,0,2000,0,2000,2000
053979,健策元大98購01  ,0,0,0,0,0,0,0,0,0,2000,0,0,0,2000,0,2000,2000
052890,FB上証群益9B購01,0,0,0,0,0,0,0,0,0,2000,0,0,0,2000,0,2000,2000
03413P,華擎元大02售02  ,0,0,0,0,0,0,0,0,0,2000,0,0,0,2000,0,2000,2000
058499,滬深2X元大9C購01,0,0,0,0,0,0,0,0,0,2000,0,0,0,2000,0,2000,2000
060516,臺股指元大9B購13,0,0,0,0,0,0,0,0,0,2000,0,0,0,2000,0,2000,2000
060572,景碩永豐9A購01  ,0,0,0,0,0,0,0,0,0,2000,0,0,0,2000,0,2000,2000
057908,國泰金亞東99購01,0,0,0,0,0,0,0,0,0,2000,0,0,0,2000,0,2000,2000
057902,嘉晶永豐98購02  ,0,0,0,0,0,0,0,0,0,2000,0,0,0,2000,0,2000,2000
057954,宏碁元大99購01  ,0,0,0,0,0,0,0,0,0,2000,0,0,0,2000,0,2000,2000
058074,欣興凱基99購01  ,0,0,0,0,0,0,0,0,0,2000,0,0,0,2000,0,2000,2000
058952,南茂群益99購01  ,0,0,0,0,0,0,0,0,0,2000,0,0,0,2000,0,2000,2000
058943,元石油群益9C購01,0,0,0,0,0,0,0,0,0,2000,0,0,0,2000,0,2000,2000
059014,SGBR2X元富03購01,0,0,0,0,0,0,0,0,0,2000,0,0,0,2000,0,2000,2000
058648,聯陽永豐99購01  ,0,0,0,0,0,0,0,0,0,2000,0,0,0,2000,0,2000,2000
058623,國巨國票99購08  ,0,0,0,0,0,0,0,0,0,2000,0,0,0,2000,0,2000,2000
058900,旺宏元大99購11  ,0,0,0,0,0,0,0,0,0,2000,0,0,0,2000,0,2000,2000
064319,南電群益9C購01  ,0,0,0,0,0,0,0,0,0,2000,0,0,0,2000,0,2000,2000
063435,儒鴻統一01購02  ,0,0,0,0,0,0,0,0,0,2000,0,0,0,2000,0,2000,2000
059631,京元電凱基99購02,0,0,0,0,0,0,0,0,0,2000,0,0,0,2000,0,2000,2000
059533,富邦金凱基99購01,0,0,0,0,0,0,0,0,0,2000,0,0,0,4000,2000,2000,2000
058817,嘉聯益台新99購01,0,0,0,0,0,0,0,0,0,2000,0,0,0,65000,63000,2000,2000
059956,玉山金康和99購01,0,0,0,0,0,0,0,0,0,2000,0,0,0,103000,101000,2000,2000
061250,臺股指群益9A購01,0,0,0,0,0,0,0,0,0,2000,0,0,0,2000,0,2000,2000
061213,群創元大9A購05  ,0,0,0,0,0,0,0,0,0,2000,0,0,0,3000,1000,2000,2000
061309,鴻海統一9C購05  ,0,0,0,0,0,0,0,0,0,2000,0,0,0,2000,0,2000,2000
061349,嘉澤元大9A購02  ,0,0,0,0,0,0,0,0,0,2000,0,0,0,2000,0,2000,2000
061597,南六永豐9A購04  ,0,0,0,0,0,0,0,0,0,2000,0,0,0,74000,72000,2000,2000
063330,神達國票9C購01  ,0,0,0,0,0,0,0,0,0,2000,0,0,0,2000,0,2000,2000
063982,TPK兆豐9C購01   ,0,0,0,0,0,0,0,0,0,2000,0,0,0,12000,10000,2000,2000
063933,TPK統一01購01   ,0,0,0,0,0,0,0,0,0,2000,0,0,0,2000,0,2000,2000
063965,漢唐國票01購01  ,0,0,0,0,0,0,0,0,0,2000,0,0,0,6000,4000,2000,2000
063125,華擎元大9C購02  ,0,0,0,0,0,0,0,0,0,2000,0,0,0,13000,11000,2000,2000
064708,帆宣永豐9C購01  ,0,0,0,0,0,0,0,0,0,2000,0,0,0,12000,10000,2000,2000
064744,創意國票01購02  ,0,0,0,0,0,0,0,0,0,2000,0,0,0,2000,0,2000,2000
064776,金像電群益01購01,0,0,0,0,0,0,0,0,0,2000,0,0,0,2000,0,2000,2000
061808,聯發科統一01購02,0,0,0,0,0,0,0,0,0,2000,0,0,0,14000,12000,2000,2000
062677,儒鴻統一01購01  ,0,0,0,0,0,0,0,0,0,2000,0,0,0,2000,0,2000,2000
064654,元金2X元大9C購03,0,0,0,0,0,0,0,0,0,2000,0,0,0,2000,0,2000,2000
064305,健鼎兆豐9C購02  ,0,0,0,0,0,0,0,0,0,2000,0,0,0,12000,10000,2000,2000
061969,大立光統一01購02,0,0,0,0,0,0,0,0,0,2000,0,0,0,23000,21000,2000,2000
062347,台光電群益9B購02,0,0,0,0,0,0,0,0,0,2000,0,0,0,2000,0,2000,2000
062382,燿華國泰9C購01  ,0,0,0,0,0,0,0,0,0,2000,0,0,0,2000,0,2000,2000
064415,群創麥證9C購01  ,0,0,0,26000,22000,4000,0,0,0,2000,0,0,0,28000,26000,2000,2000
062553,台積電凱基9B購07,0,0,0,0,0,0,0,0,0,2000,0,0,0,3000,1000,2000,2000
062742,技嘉國泰01購01  ,0,0,0,0,0,0,0,0,0,2000,0,0,0,2000,0,2000,2000
062433,上銀元大9B購05  ,0,0,0,0,0,0,0,0,0,2000,0,0,0,2000,0,2000,2000
064104,TPK群益9C購02   ,0,0,0,0,0,0,0,0,0,2000,0,0,0,2000,0,2000,2000
064169,南電統一9C購01  ,0,0,0,0,0,0,0,0,0,2000,0,0,0,2000,0,2000,2000
066255,英利元大01購01  ,0,0,0,0,0,0,0,0,0,2000,0,0,0,2000,0,2000,2000
066073,奇鋐凱基01購01  ,0,0,0,0,0,0,0,0,0,2000,0,0,0,2000,0,2000,2000
065801,瑞昱群益9C購04  ,0,0,0,0,0,0,0,0,0,2000,0,0,0,2000,0,2000,2000
065863,臺股指元大9C購37,0,0,0,0,0,0,0,0,0,2000,0,0,0,2000,0,2000,2000
065470,聚陽元大01購01  ,0,0,0,0,0,0,0,0,0,2000,0,0,0,130000,128000,2000,2000
065494,滬深2X富邦01購01,0,0,0,0,0,0,0,0,0,2000,0,0,0,2000,0,2000,2000
065506,道瓊指群益9C購03,0,0,0,0,0,0,0,0,0,2000,0,0,0,2000,0,2000,2000
065428,旺宏凱基03購01  ,0,0,0,0,0,0,0,0,0,2000,0,0,0,2000,0,2000,2000
065655,緯穎元大9C購05  ,0,0,0,0,0,0,0,0,0,2000,0,0,0,2000,0,2000,2000
065406,緯穎富邦9C購02  ,0,0,0,0,0,0,0,0,0,2000,0,0,0,2000,0,2000,2000
065297,旺宏統一02購01  ,0,0,0,0,0,0,0,0,0,2000,0,0,0,2000,0,2000,2000
065319,鴻海凱基9C購03  ,0,0,0,0,0,0,0,0,0,2000,0,0,0,12000,10000,2000,2000
065192,臺股指統一9C購03,0,0,0,0,0,0,0,0,0,2000,0,0,0,12000,10000,2000,2000
064904,茂林群益9C購02  ,0,0,0,0,0,0,0,0,0,2000,0,0,0,237000,235000,2000,2000
064896,華新科群益01購02,0,0,0,0,0,0,0,0,0,2000,0,0,0,89000,87000,2000,2000
067230,國巨群益01購05  ,0,0,0,0,0,0,0,0,0,2000,0,0,0,22000,20000,2000,2000
067295,滬深2X元大01購11,0,0,0,0,0,0,0,0,0,2000,0,0,0,3000,1000,2000,2000
067414,嘉澤康和01購01  ,0,0,0,0,0,0,0,0,0,2000,0,0,0,2000,0,2000,2000
067467,鴻海元大01購16  ,0,0,0,0,0,0,0,0,0,2000,0,0,0,2000,0,2000,2000
067378,欣興統一02購02  ,0,0,0,0,0,0,0,0,0,2000,0,0,0,2000,0,2000,2000
067340,欣興凱基02購02  ,0,0,0,0,0,0,0,0,0,2000,0,0,0,2000,0,2000,2000
067580,亞德客群益01購03,0,0,0,0,0,0,0,0,0,2000,0,0,0,2000,0,2000,2000
067537,大立光群益02購04,0,0,0,0,0,0,0,0,0,2000,0,0,0,2000,0,2000,2000
067055,上証2X元大01購03,0,0,0,0,0,0,0,0,0,2000,0,0,0,4000,2000,2000,2000
067098,台積電群益01購10,0,0,0,0,0,0,0,0,0,2000,0,0,0,2000,0,2000,2000
066967,台積電元富07購03,0,0,0,0,0,0,0,0,0,2000,0,0,0,2000,0,2000,2000
066864,上証2X元富07購02,0,0,0,0,0,0,0,0,0,2000,0,0,0,2000,0,2000,2000
066752,南電元大01購06  ,0,0,0,0,0,0,0,0,0,2000,0,0,0,2000,0,2000,2000
066453,嘉基群益01購01  ,0,0,0,0,0,0,0,0,0,2000,0,0,0,2000,0,2000,2000
066496,大立光國泰03購01,0,0,0,0,0,0,0,0,0,2000,0,0,0,2000,0,2000,2000
8482,商億-KY         ,73000,71000,2000,0,0,0,0,0,0,0,0,0,0,0,0,0,2000
8940,新天地          ,5000,3000,2000,0,0,0,0,0,0,0,0,0,0,0,0,0,2000
9929,秋雨            ,4000,2000,2000,0,0,0,0,0,0,0,0,0,0,0,0,0,2000
9931,欣高            ,2000,0,2000,0,0,0,0,0,0,0,0,0,0,0,0,0,2000
08943P,嘉晶國票03售01  ,0,0,0,0,0,0,0,0,0,2000,0,0,0,2000,0,2000,2000
08874P,台積電中信07售01,0,0,0,0,0,0,0,0,0,2000,0,0,0,17000,15000,2000,2000
08573P,台積電凱基9C售06,0,0,0,0,0,0,0,0,0,2000,0,0,0,105000,103000,2000,2000
08647P,鴻海凱基9C售06  ,0,0,0,0,0,0,0,0,0,2000,0,0,0,20000,18000,2000,2000
08727P,健策群益01售07  ,0,0,0,0,0,0,0,0,0,2000,0,0,0,4000,2000,2000,2000
08997P,台積電群益01售17,0,0,0,0,0,0,0,0,0,2000,0,0,0,3000,1000,2000,2000
1232,大統益          ,3000,3000,0,0,0,0,0,0,0,2000,2000,0,2000,0,0,0,2000
1233,天仁            ,2000,0,2000,0,0,0,0,0,0,0,0,0,0,0,0,0,2000
1459,聯發            ,4000,2000,2000,0,0,0,0,0,0,0,0,0,0,0,0,0,2000
1456,怡華            ,2000,0,2000,0,0,0,0,0,0,0,0,0,0,0,0,0,2000
1441,大東            ,2000,0,2000,0,0,0,0,0,0,0,0,0,0,0,0,0,2000
1413,宏洲            ,2000,0,2000,0,0,0,0,0,0,0,0,0,0,0,0,0,2000
2008,高興昌          ,3000,0,3000,0,0,0,0,0,0,-1000,0,1000,-1000,0,0,0,2000
1805,寶徠            ,2000,0,2000,0,0,0,0,0,0,0,0,0,0,0,0,0,2000
1727,中華化          ,2000,0,2000,0,0,0,0,0,0,0,0,0,0,0,0,0,2000
1735,日勝化          ,2000,0,2000,0,0,0,0,0,0,0,0,0,0,0,0,0,2000
1535,中宇            ,2000,1000,1000,0,0,0,0,0,0,1000,1000,0,1000,0,0,0,2000
2491,吉祥全          ,5000,3000,2000,0,0,0,0,0,0,0,0,0,0,0,0,0,2000
2511,太子            ,232000,230000,2000,0,0,0,0,0,0,0,0,0,0,0,0,0,2000
2450,神腦            ,6000,5000,1000,0,0,0,0,0,0,1000,1000,0,1000,0,0,0,2000
4571,鈞興-KY         ,1000,0,1000,0,0,0,0,0,0,1000,1000,0,1000,0,0,0,2000
3058,立德            ,2000,1000,1000,0,0,0,0,0,0,1000,3000,2000,1000,0,0,0,2000
6128,上福            ,1000,1000,0,0,0,0,0,0,0,2000,2000,0,2000,0,0,0,2000
6164,華興            ,3000,1000,2000,0,0,0,0,0,0,0,0,0,0,0,0,0,2000
6184,大豐電          ,12000,10000,2000,0,0,0,0,0,0,0,0,0,0,0,0,0,2000
06931P,大立光元大98售20,0,0,0,0,0,0,0,0,0,1000,0,0,0,1000,0,1000,1000
069100,TPK統一02購03   ,0,0,0,0,0,0,0,0,0,1000,0,0,0,14000,13000,1000,1000
069582,金像電永豐02購02,0,0,0,0,0,0,0,0,0,1000,0,0,0,19000,18000,1000,1000
069394,臺股指元大03購09,0,0,0,0,0,0,0,0,0,1000,0,0,0,1000,0,1000,1000
07494P,葡萄王元大9A售03,0,0,0,0,0,0,0,0,0,1000,0,0,0,1000,0,1000,1000
07611P,大立光國票9A售05,0,0,0,0,0,0,0,0,0,1000,0,0,0,1000,0,1000,1000
07772P,華新科國票9A售05,0,0,0,0,0,0,0,0,0,1000,0,0,0,1000,0,1000,1000
07743P,智邦凱基9A售03  ,0,0,0,0,0,0,0,0,0,1000,0,0,0,1000,0,1000,1000
07948P,大成鋼凱基9B售01,0,0,0,0,0,0,0,0,0,1000,0,0,0,18000,17000,1000,1000
07054P,華新科兆豐99售04,0,0,0,0,0,0,0,0,0,1000,0,0,0,1000,0,1000,1000
07021P,台積電富邦9C售02,0,0,0,0,0,0,0,0,0,1000,0,0,0,1000,0,1000,1000
07129P,華新科元大99售14,0,0,0,0,0,0,0,0,0,1000,0,0,0,1000,0,1000,1000
08069P,大立光國泰01售02,0,0,0,0,0,0,0,0,0,1000,0,0,0,1000,0,1000,1000
08061P,大毅國票9B售04  ,0,0,0,0,0,0,0,0,0,1000,0,0,0,1000,0,1000,1000
08270P,鴻海富邦9C售02  ,0,0,0,0,0,0,0,0,0,1000,0,0,0,1000,0,1000,1000
08246P,亞德客群益01售01,0,0,0,0,0,0,0,0,0,1000,0,0,0,1000,0,1000,1000
08291P,智邦台新9C售02  ,0,0,0,0,0,0,0,0,0,1000,0,0,0,1000,0,1000,1000
08431P,景碩凱基9C售02  ,0,0,0,0,0,0,0,0,0,1000,0,0,0,1000,0,1000,1000
08488P,臺股指群益9C售19,0,0,0,0,0,0,0,0,0,1000,0,0,0,1000,0,1000,1000
08517P,奇力新群益9C售03,0,0,0,0,0,0,0,0,0,1000,0,0,0,30000,29000,1000,1000
08535P,和大國票01售02  ,0,0,0,0,0,0,0,0,0,1000,0,0,0,1000,0,1000,1000
06888P,日月光元大98售02,0,0,0,0,0,0,0,0,0,1000,0,0,0,1000,0,1000,1000
068868,聯發科台新02購02,0,0,0,0,0,0,0,0,0,1000,0,0,0,11000,10000,1000,1000
068988,道瓊銀國泰03購01,0,0,0,0,0,0,0,0,0,1000,0,0,0,1000,0,1000,1000
068979,欣興元大02購05  ,0,0,0,0,0,0,0,0,0,1000,0,0,0,1000,0,1000,1000
068953,奇鋐凱基02購01  ,0,0,0,0,0,0,0,0,0,1000,0,0,0,1000,0,1000,1000
068928,鴻海永豐02購01  ,0,0,0,0,0,0,0,0,0,1000,0,0,0,1000,0,1000,1000
069027,晶技國票03購01  ,0,0,0,0,0,0,0,0,0,1000,0,0,0,24000,23000,1000,1000
068597,聯電凱基03購04  ,0,0,0,0,0,0,0,0,0,1000,0,0,0,83000,82000,1000,1000
068463,聯發科富邦03購07,0,0,0,0,0,0,0,0,0,1000,0,0,0,1000,0,1000,1000
068486,鴻海元大01購26  ,0,0,0,0,0,0,0,0,0,1000,0,0,0,1000,0,1000,1000
067878,上証2X群益01購06,0,0,0,0,0,0,0,0,0,1000,0,0,0,8000,7000,1000,1000
067883,元金2X群益01購02,0,0,0,0,0,0,0,0,0,1000,0,0,0,1000,0,1000,1000
068214,嘉基凱基02購01  ,0,0,0,0,0,0,0,0,0,1000,0,0,0,6000,5000,1000,1000
059973,A50正2元大99購02,0,0,0,0,0,0,0,0,0,1000,0,0,0,1000,0,1000,1000
059758,滬深2X永豐99購05,0,0,0,0,0,0,0,0,0,1000,0,0,0,1000,0,1000,1000
059782,A50正2元大9C購04,0,0,0,0,0,0,0,0,0,1000,0,0,0,1000,0,1000,1000
058812,台積電統一9B購06,0,0,0,0,0,0,0,0,0,1000,0,0,0,1000,0,1000,1000
060035,臺股指永豐99購04,0,0,0,0,0,0,0,0,0,1000,0,0,0,1000,0,1000,1000
060057,欣興凱基9B購01  ,0,0,0,0,0,0,0,0,0,1000,0,0,0,1000,0,1000,1000
059476,道瓊指群益9C購01,0,0,0,0,0,0,0,0,0,1000,0,0,0,1000,0,1000,1000
059503,大立光富邦9B購04,0,0,0,0,0,0,0,0,0,1000,0,0,0,98000,97000,1000,1000
059630,美律凱基99購07  ,0,0,0,0,0,0,0,0,0,1000,0,0,0,1000,0,1000,1000
059624,鴻海凱基01購01  ,0,0,0,0,0,0,0,0,0,1000,0,0,0,1000,0,1000,1000
059393,臺股指凱基99購39,0,0,0,0,0,0,0,0,0,1000,0,0,0,1000,0,1000,1000
064338,美食元大9C購01  ,0,0,0,0,0,0,0,0,0,1000,0,0,0,12000,11000,1000,1000
058852,貿聯群益99購04  ,0,0,0,0,0,0,0,0,0,1000,0,0,0,1000,0,1000,1000
064455,美食統一01購03  ,0,0,0,0,0,0,0,0,0,1000,0,0,0,1000,0,1000,1000
064471,國巨麥證9C購02  ,0,0,0,1000,0,1000,0,0,0,1000,0,0,0,1000,0,1000,1000
064532,聯茂兆豐01購01  ,0,0,0,0,0,0,0,0,0,1000,0,0,0,1000,0,1000,1000
05889P,群創元大98售02  ,0,0,0,0,0,0,0,0,0,1000,0,0,0,1000,0,1000,1000
058920,SGBR2X元富99購06,0,0,0,0,0,0,0,0,0,1000,0,0,0,1000,0,1000,1000
059066,道瓊指國票04購01,0,0,0,0,0,0,0,0,0,1000,0,0,0,1000,0,1000,1000
059085,鴻海元大99購25  ,0,0,0,0,0,0,0,0,0,1000,0,0,0,1000,0,1000,1000
058040,FBVIX元大98購01 ,0,0,0,0,0,0,0,0,0,1000,0,0,0,1000,0,1000,1000
058158,台積電台新99購01,0,0,0,0,0,0,0,0,0,1000,0,0,0,1000,0,1000,1000
058314,欣興富邦9B購01  ,0,0,0,0,0,0,0,0,0,1000,0,0,0,1000,0,1000,1000
058428,大立光元富99購02,0,0,0,0,0,0,0,0,0,1000,0,0,0,1000,0,1000,1000
057915,台泥凱基98購01  ,0,0,0,0,0,0,0,0,0,1000,0,0,0,1000,0,1000,1000
059821,美律凱基99購08  ,0,0,0,0,0,0,0,0,0,1000,0,0,0,1000,0,1000,1000
058565,鴻海凱基9A購07  ,0,0,0,0,0,0,0,0,0,1000,0,0,0,1000,0,1000,1000
060599,國巨凱基9C購01  ,0,0,0,0,0,0,0,0,0,1000,0,0,0,2000,1000,1000,1000
060600,台積電凱基9C購01,0,0,0,0,0,0,0,0,0,1000,0,0,0,1000,0,1000,1000
060551,大立光凱基9B購02,0,0,0,0,0,0,0,0,0,1000,0,0,0,301000,300000,1000,1000
060651,瑞儀中信9B購01  ,0,0,0,0,0,0,0,0,0,1000,0,0,0,1000,0,1000,1000
058526,鈺齊元大99購02  ,0,0,0,0,0,0,0,0,0,1000,0,0,0,1000,0,1000,1000
060782,道瓊指富邦9C購01,0,0,0,0,0,0,0,0,0,1000,0,0,0,1000,0,1000,1000
052692,滬深2X中信99購02,0,0,0,0,0,0,0,0,0,1000,0,0,0,1000,0,1000,1000
053121,上証2X凱基9C購01,0,0,0,0,0,0,0,0,0,1000,0,0,0,1000,0,1000,1000
047004,台積電統一99購01,0,0,0,0,0,0,0,0,0,1000,0,0,0,1000,0,1000,1000
047504,滬深2X國票9A購01,0,0,0,0,0,0,0,0,0,1000,0,0,0,1000,0,1000,1000
042793,台積電台新9C購01,0,0,0,0,0,0,0,0,0,1000,0,0,0,1000,0,1000,1000
03680C,臺股指凱基9A牛26,0,0,0,0,0,0,0,0,0,1000,0,0,0,1000,0,1000,1000
054371,台積電中信9C購01,0,0,0,0,0,0,0,0,0,1000,0,0,0,11000,10000,1000,1000
055029,帆宣國泰99購01  ,0,0,0,0,0,0,0,0,0,1000,0,0,0,1000,0,1000,1000
055249,大毅統一99購01  ,0,0,0,0,0,0,0,0,0,1000,0,0,0,1000,0,1000,1000
055775,友達凱基9A購01  ,0,0,0,0,0,0,0,0,0,1000,0,0,0,1000,0,1000,1000
056136,京鼎元大98購01  ,0,0,0,0,0,0,0,0,0,1000,0,0,0,1000,0,1000,1000
056721,台灣50永昌9A購01,0,0,0,0,0,0,0,0,0,1000,0,0,0,1000,0,1000,1000
060298,鎧勝元大9C購01  ,0,0,0,0,0,0,0,0,0,1000,0,0,0,1000,0,1000,1000
06025P,臺股指元大99售02,0,0,0,0,0,0,0,0,0,1000,0,0,0,1000,0,1000,1000
060848,聯茂國票9A購02  ,0,0,0,0,0,0,0,0,0,1000,0,0,0,1000,0,1000,1000
056856,華通群益9A購01  ,0,0,0,0,0,0,0,0,0,1000,0,0,0,1000,0,1000,1000
057051,群創元大9B購03  ,0,0,0,0,0,0,0,0,0,1000,0,0,0,51000,50000,1000,1000
057165,國巨元大99購05  ,0,0,0,0,0,0,0,0,0,1000,0,0,0,2000,1000,1000,1000
057626,技嘉富邦9A購01  ,0,0,0,0,0,0,0,0,0,1000,0,0,0,478000,477000,1000,1000
057872,旺宏元大99購06  ,0,0,0,0,0,0,0,0,0,1000,0,0,0,1000,0,1000,1000
056518,美律國票99購01  ,0,0,0,0,0,0,0,0,0,1000,0,0,0,1000,0,1000,1000
056579,麗豐元大99購01  ,0,0,0,0,0,0,0,0,0,1000,0,0,0,51000,50000,1000,1000
03162P,泰碩元大01售02  ,0,0,0,0,0,0,0,0,0,1000,0,0,0,1000,0,1000,1000
03211P,健鼎國票03售01  ,0,0,0,0,0,0,0,0,0,1000,0,0,0,1000,0,1000,1000
03107P,台積電元大01售39,0,0,0,0,0,0,0,0,0,1000,0,0,0,1000,0,1000,1000
03001P,玉晶光群益02售17,0,0,0,0,0,0,0,0,0,1000,0,0,0,29000,28000,1000,1000
03256P,聯發科富邦03售08,0,0,0,0,0,0,0,0,0,1000,0,0,0,100000,99000,1000,1000
064177,立積國泰01購01  ,0,0,0,0,0,0,0,0,0,1000,0,0,0,1000,0,1000,1000
064126,聯發科元大9C購05,0,0,0,0,0,0,0,0,0,1000,0,0,0,1000,0,1000,1000
064069,華新科永豐9C購01,0,0,0,0,0,0,0,0,0,1000,0,0,0,1000,0,1000,1000
064039,亞德客統一02購01,0,0,0,0,0,0,0,0,0,1000,0,0,0,1000,0,1000,1000
062450,臻鼎元大9B購02  ,0,0,0,0,0,0,0,0,0,1000,0,0,0,1000,0,1000,1000
063744,儒鴻國票9C購01  ,0,0,0,0,0,0,0,0,0,1000,0,0,0,1000,0,1000,1000
063735,華新科元大9B購15,0,0,0,0,0,0,0,0,0,1000,0,0,0,101000,100000,1000,1000
063567,漢唐元大9B購03  ,0,0,0,0,0,0,0,0,0,1000,0,0,0,4000,3000,1000,1000
063632,金像電元大9B購04,0,0,0,0,0,0,0,0,0,1000,0,0,0,1000,0,1000,1000
062813,台積電兆豐9B購01,0,0,0,0,0,0,0,0,0,1000,0,0,0,1000,0,1000,1000
062824,國巨群益9C購03  ,0,0,0,0,0,0,0,0,0,1000,0,0,0,6000,5000,1000,1000
062879,美食兆豐9B購01  ,0,0,0,0,0,0,0,0,0,1000,0,0,0,1000,0,1000,1000
062585,鴻海統一9C購14  ,0,0,0,0,0,0,0,0,0,1000,0,0,0,1000,0,1000,1000
064418,鴻海兆豐01購02  ,0,0,0,0,0,0,0,0,0,1000,0,0,0,5000,4000,1000,1000
064432,台積電凱基9C購04,0,0,0,0,0,0,0,0,0,1000,0,0,0,2000,1000,1000,1000
061704,景碩國票9A購01  ,0,0,0,0,0,0,0,0,0,1000,0,0,0,1000,0,1000,1000
061705,健策國票9A購06  ,0,0,0,0,0,0,0,0,0,1000,0,0,0,9000,8000,1000,1000
061683,台灣50群益9B購09,0,0,0,0,0,0,0,0,0,1000,0,0,0,30000,29000,1000,1000
062331,大立光統一9B購10,0,0,0,0,0,0,0,0,0,1000,0,0,0,1000,0,1000,1000
062149,牧德國票9B購01  ,0,0,0,0,0,0,0,0,0,1000,0,0,0,1000,0,1000,1000
062188,貿聯元大9B購02  ,0,0,0,0,0,0,0,0,0,1000,0,0,0,45000,44000,1000,1000
062204,京元電國票9C購01,0,0,0,0,0,0,0,0,0,1000,0,0,0,1000,0,1000,1000
061996,矽格元大9B購01  ,0,0,0,0,0,0,0,0,0,1000,0,0,0,1000,0,1000,1000
062018,台勝科永豐9B購01,0,0,0,0,0,0,0,0,0,1000,0,0,0,1000,0,1000,1000
061944,聯電群益9B購01  ,0,0,0,0,0,0,0,0,0,1000,0,0,0,1000,0,1000,1000
061931,力山國票9B購02  ,0,0,0,0,0,0,0,0,0,1000,0,0,0,8000,7000,1000,1000
061816,長榮航群益9B購02,0,0,0,0,0,0,0,0,0,1000,0,0,0,441000,440000,1000,1000
061819,茂林群益9B購01  ,0,0,0,0,0,0,0,0,0,1000,0,0,0,168000,167000,1000,1000
061855,台郡國票9B購01  ,0,0,0,0,0,0,0,0,0,1000,0,0,0,16000,15000,1000,1000
064727,群創統一02購03  ,0,0,0,0,0,0,0,0,0,1000,0,0,0,22000,21000,1000,1000
064749,巨大國票01購01  ,0,0,0,0,0,0,0,0,0,1000,0,0,0,21000,20000,1000,1000
065032,TPK兆豐01購01   ,0,0,0,0,0,0,0,0,0,1000,0,0,0,1000,0,1000,1000
064821,聯電統一02購01  ,0,0,0,0,0,0,0,0,0,1000,0,0,0,31000,30000,1000,1000
065044,大立光凱基9C購06,0,0,0,0,0,0,0,0,0,1000,0,0,0,1000,0,1000,1000
062919,聯茂元大9B購01  ,0,0,0,0,0,0,0,0,0,1000,0,0,0,1000,0,1000,1000
063169,台汽電永豐9B購01,0,0,0,0,0,0,0,0,0,1000,0,0,0,1000,0,1000,1000
063329,健策國票9C購01  ,0,0,0,0,0,0,0,0,0,1000,0,0,0,9000,8000,1000,1000
063323,同欣電群益9B購03,0,0,0,0,0,0,0,0,0,1000,0,0,0,1000,0,1000,1000
063324,道瓊反國票9B購03,0,0,0,0,0,0,0,0,0,1000,0,0,0,1000,0,1000,1000
061628,緯穎群益9A購04  ,0,0,0,0,0,0,0,0,0,1000,0,0,0,1000,0,1000,1000
061563,群創國票9B購02  ,0,0,0,0,0,0,0,0,0,1000,0,0,0,25000,24000,1000,1000
061368,南六國票9A購01  ,0,0,0,0,0,0,0,0,0,1000,0,0,0,30000,29000,1000,1000
061279,鴻海統一9C購04  ,0,0,0,0,0,0,0,0,0,1000,0,0,0,1000,0,1000,1000
061269,嘉澤凱基9A購01  ,0,0,0,0,0,0,0,0,0,1000,0,0,0,1000,0,1000,1000
061235,台積電元大9A購23,0,0,0,0,0,0,0,0,0,1000,0,0,0,2000,1000,1000,1000
061154,可成群益9B購04  ,0,0,0,0,0,0,0,0,0,1000,0,0,0,1000,0,1000,1000
066495,技嘉國泰03購01  ,0,0,0,0,0,0,0,0,0,1000,0,0,0,1000,0,1000,1000
066593,奇鋐群益01購01  ,0,0,0,0,0,0,0,0,0,1000,0,0,0,3000,2000,1000,1000
066885,牧德永豐01購02  ,0,0,0,0,0,0,0,0,0,1000,0,0,0,1000,0,1000,1000
066960,盛群元大01購01  ,0,0,0,0,0,0,0,0,0,1000,0,0,0,1000,0,1000,1000
06689P,鴻海中信9C售02  ,0,0,0,0,0,0,0,0,0,1000,0,0,0,1000,0,1000,1000
06688P,鴻海中信02售01  ,0,0,0,0,0,0,0,0,0,1000,0,0,0,1000,0,1000,1000
06698P,玉晶光國票99售05,0,0,0,0,0,0,0,0,0,1000,0,0,0,1000,0,1000,1000
066978,國巨群益01購03  ,0,0,0,0,0,0,0,0,0,1000,0,0,0,1000,0,1000,1000
067024,旺宏兆豐03購01  ,0,0,0,0,0,0,0,0,0,1000,0,0,0,14000,13000,1000,1000
067618,臺股指凱基01購14,0,0,0,0,0,0,0,0,0,1000,0,0,0,1000,0,1000,1000
067740,精元元大01購02  ,0,0,0,0,0,0,0,0,0,1000,0,0,0,1000,0,1000,1000
067311,欣興元大01購06  ,0,0,0,0,0,0,0,0,0,1000,0,0,0,1000,0,1000,1000
067312,欣興元大02購01  ,0,0,0,0,0,0,0,0,0,1000,0,0,0,10000,9000,1000,1000
065107,道瓊反國票9C購03,0,0,0,0,0,0,0,0,0,1000,0,0,0,1000,0,1000,1000
065110,嘉澤國票01購01  ,0,0,0,0,0,0,0,0,0,1000,0,0,0,1000,0,1000,1000
065186,和大統一02購06  ,0,0,0,0,0,0,0,0,0,1000,0,0,0,1000,0,1000,1000
065290,奇鋐群益9C購01  ,0,0,0,0,0,0,0,0,0,1000,0,0,0,1000,0,1000,1000
065370,瑞昱元大9C購02  ,0,0,0,0,0,0,0,0,0,1000,0,0,0,1000,0,1000,1000
065867,鴻海群益9C購08  ,0,0,0,0,0,0,0,0,0,1000,0,0,0,1000,0,1000,1000
066132,精元群益01購01  ,0,0,0,0,0,0,0,0,0,1000,0,0,0,2000,1000,1000,1000
066128,台積電群益02購01,0,0,0,0,0,0,0,0,0,1000,0,0,0,1000,0,1000,1000
5906,台南-KY         ,0,0,0,0,0,0,0,0,0,1000,1000,0,1000,0,0,0,1000
5546,永固-KY         ,2000,1000,1000,0,0,0,0,0,0,0,0,0,0,0,0,0,1000
5484,慧友            ,1000,0,1000,0,0,0,0,0,0,0,0,0,0,0,0,0,1000
3308,聯德            ,2000,1000,1000,0,0,0,0,0,0,0,0,0,0,0,0,0,1000
3229,晟鈦            ,1000,0,1000,0,0,0,0,0,0,0,0,0,0,0,0,0,1000
4562,穎漢            ,1000,0,1000,0,0,0,0,0,0,0,0,0,0,0,0,0,1000
4555,氣立            ,4000,3000,1000,0,0,0,0,0,0,0,0,0,0,0,0,0,1000
4557,永新-KY         ,1000,1000,0,0,0,0,0,0,0,1000,1000,0,1000,0,0,0,1000
4807,日成-KY         ,3000,2000,1000,0,0,0,0,0,0,0,0,0,0,0,0,0,1000
3701,大眾控          ,1000,0,1000,0,0,0,0,0,0,0,0,0,0,0,0,0,1000
2438,翔耀            ,2000,1000,1000,0,0,0,0,0,0,0,0,0,0,0,0,0,1000
2477,美隆電          ,12000,20000,-8000,0,0,0,0,0,0,9000,9000,0,9000,0,0,0,1000
3046,建碁            ,0,0,0,0,0,0,0,0,0,1000,1000,0,1000,0,0,0,1000
2901,欣欣            ,1000,0,1000,0,0,0,0,0,0,0,0,0,0,0,0,0,1000
1776,展宇            ,2000,1000,1000,0,0,0,0,0,0,0,0,0,0,0,0,0,1000
2033,佳大            ,1000,0,1000,0,0,0,0,0,0,0,0,0,0,0,0,0,1000
1341,富林-KY         ,1000,0,1000,0,0,0,0,0,0,0,0,0,0,0,0,0,1000
1438,裕豐            ,2000,1000,1000,0,0,0,0,0,0,0,0,0,0,0,0,0,1000
1525,江申            ,2000,1000,1000,0,0,0,0,0,0,0,0,0,0,0,0,0,1000
1225,福懋油          ,5000,4000,1000,0,0,0,0,0,0,0,0,0,0,0,0,0,1000
1101B,台泥乙特        ,0,0,0,0,0,0,0,0,0,1000,1000,0,1000,0,0,0,1000
08664P,金像電凱基01售02,0,0,0,0,0,0,0,0,0,1000,0,0,0,41000,40000,1000,1000
08618P,國巨群益9C售20  ,0,0,0,0,0,0,0,0,0,1000,0,0,0,1000,0,1000,1000
08547P,大立光中信9C售04,0,0,0,0,0,0,0,0,0,1000,0,0,0,1000,0,1000,1000
08925P,國巨元富07售10  ,0,0,0,0,0,0,0,0,0,1000,0,0,0,1000,0,1000,1000
08798P,聯發科國票01售03,0,0,0,0,0,0,0,0,0,1000,0,0,0,308000,307000,1000,1000
8443,阿瘦            ,3000,2000,1000,0,0,0,0,0,0,0,0,0,0,0,0,0,1000
6674,鋐寶科技        ,1000,0,1000,0,0,0,0,0,0,0,0,0,0,0,0,0,1000
00636K,國泰中國A50+U   ,0,0,0,0,0,0,0,0,0,200,0,0,0,700,500,200,200
068282,信邦中信03購01  ,0,0,0,0,0,0,0,0,0,0,0,0,0,40000,40000,0,0
068373,華通永豐01購02  ,0,0,0,0,0,0,0,0,0,0,0,0,0,1000,1000,0,0
068403,南亞科元富07購01,0,0,0,0,0,0,0,0,0,0,0,0,0,1000,1000,0,0
067821,力成凱基01購02  ,0,0,0,0,0,0,0,0,0,0,0,0,0,30000,30000,0,0
067794,臺股指群益01購06,0,0,0,0,0,0,0,0,0,0,0,0,0,30000,30000,0,0
068009,矽格元大01購05  ,0,0,0,0,0,0,0,0,0,0,0,0,0,17000,17000,0,0
068452,台積電國票03購02,0,0,0,0,0,0,0,0,0,0,0,0,0,15000,15000,0,0
068550,玉晶光群益03購01,0,0,0,0,0,0,0,0,0,0,0,0,0,1000,1000,0,0
068764,台積電統一02購09,0,0,0,0,0,0,0,0,0,0,0,0,0,5000,5000,0,0
068663,臺股指元大02購08,0,0,0,0,0,0,0,0,0,0,0,0,0,1000,1000,0,0
068618,上証2X群益02購04,0,0,0,0,0,0,0,0,0,0,0,0,0,5000,5000,0,0
069026,聯陽國票03購01  ,0,0,0,0,0,0,0,0,0,0,0,0,0,6000,6000,0,0
069034,美律統一04購01  ,0,0,0,0,0,0,0,0,0,0,0,0,0,13000,13000,0,0
06886P,旺宏元大99售07  ,0,0,0,0,0,0,0,0,0,0,0,0,0,50000,50000,0,0
068886,群創統一02購04  ,0,0,0,0,0,0,0,0,0,0,0,0,0,22000,22000,0,0
068802,台積電群益02購07,0,0,0,0,0,0,0,0,0,0,0,0,0,3000,3000,0,0
068804,大立光群益02購05,0,0,0,0,0,0,0,0,0,0,0,0,0,3000,3000,0,0
068842,國巨統一02購05  ,0,0,0,0,0,0,0,0,0,0,0,0,0,27000,27000,0,0
08491P,全新元大9C售01  ,0,0,0,0,0,0,0,0,0,0,0,0,0,100000,100000,0,0
08422P,玉晶光群益02售03,0,0,0,0,0,0,0,0,0,0,0,0,0,10000,10000,0,0
08261P,玉晶光元大9C售08,10000,0,10000,0,0,0,0,0,0,-10000,0,0,0,0,10000,-10000,0
08210P,健策元富9B售02  ,0,0,0,0,0,0,0,0,0,0,0,0,0,70000,70000,0,0
08220P,華邦電凱基9B售02,0,0,0,0,0,0,0,0,0,0,0,0,0,4000,4000,0,0
08161P,台表科元富9B售02,0,0,0,0,0,0,0,0,0,0,0,0,0,60000,60000,0,0
069862,南茂永豐02購01  ,0,0,0,0,0,0,0,0,0,0,0,0,0,2000,2000,0,0
07200P,臺股指元大99售16,30000,0,30000,0,0,0,0,0,0,-30000,0,0,0,0,30000,-30000,0
069747,玉晶光永豐02購03,0,0,0,0,0,0,0,0,0,0,0,0,0,7000,7000,0,0
069774,欣興元大02購14  ,0,0,0,0,0,0,0,0,0,0,0,0,0,7000,7000,0,0
069775,欣興元大03購04  ,0,0,0,0,0,0,0,0,0,0,0,0,0,7000,7000,0,0
069772,中工元大04購01  ,0,0,0,0,0,0,0,0,0,0,0,0,0,453000,453000,0,0
069783,國巨麥證02購01  ,0,0,0,0,4000,-4000,0,0,0,0,0,0,0,4000,4000,0,0
069784,群創麥證02購01  ,0,0,0,0,1000,-1000,0,0,0,0,0,0,0,1000,1000,0,0
069788,國巨凱基04購06  ,0,0,0,0,0,0,0,0,0,0,0,0,0,4000,4000,0,0
069811,國產國票03購02  ,0,0,0,0,0,0,0,0,0,0,0,0,0,3000,3000,0,0
069841,大毅群益02購04  ,0,0,0,0,0,0,0,0,0,0,0,0,0,6000,6000,0,0
069851,聯電永豐02購07  ,0,0,0,0,0,0,0,0,0,0,0,0,0,8000,8000,0,0
07919P,創意永豐9B售01  ,0,0,0,0,0,0,0,0,0,0,0,0,0,10000,10000,0,0
07888P,大立光國票9B售01,0,0,0,0,0,0,0,0,0,0,0,0,0,2000,2000,0,0
07729P,臺股指凱基9A售21,0,0,0,0,0,0,0,0,0,0,0,0,0,200000,200000,0,0
07689P,旺宏元大9A售13  ,0,0,0,0,0,0,0,0,0,0,0,0,0,100000,100000,0,0
069560,玉晶光麥證02購01,0,0,0,26000,0,26000,0,0,0,0,0,0,0,26000,26000,0,0
069532,玉晶光群益03購05,0,0,0,0,0,0,0,0,0,0,0,0,0,9000,9000,0,0
069597,京元電國票03購01,0,0,0,0,0,0,0,0,0,0,0,0,0,7000,7000,0,0
069573,臻鼎凱基02購02  ,0,0,0,0,0,0,0,0,0,0,0,0,0,40000,40000,0,0
069726,群創群益02購03  ,0,0,0,0,0,0,0,0,0,0,0,0,0,20000,20000,0,0
069733,玉晶光麥證02購02,0,0,0,40000,0,40000,0,0,0,0,0,0,0,40000,40000,0,0
069708,群光國票03購01  ,0,0,0,0,0,0,0,0,0,0,0,0,0,3000,3000,0,0
069711,宏達電國票02購02,0,0,0,0,0,0,0,0,0,0,0,0,0,13000,13000,0,0
069675,旺宏元大02購02  ,0,0,0,0,0,0,0,0,0,0,0,0,0,173000,173000,0,0
069650,聯電凱基02購06  ,0,0,0,0,0,0,0,0,0,0,0,0,0,23000,23000,0,0
069228,玉晶光群益03購02,0,0,0,0,0,0,0,0,0,0,0,0,0,1000,1000,0,0
069221,國巨群益02購04  ,0,0,0,0,0,0,0,0,0,0,0,0,0,20000,20000,0,0
069279,玉晶光永豐02購01,0,0,0,0,0,0,0,0,0,0,0,0,0,1000,1000,0,0
00625K,富邦上証+R      ,0,0,0,0,0,0,0,0,0,0,0,0,0,57000,57000,0,0
00643K,群益深証中小+R  ,0,0,0,0,0,0,0,0,0,0,0,0,0,1000,1000,0,0
0057,富邦摩台        ,0,3000,-3000,0,0,0,0,0,0,3000,0,0,0,31000,28000,3000,0
00657K,國泰日經225+U   ,0,0,0,0,0,0,0,0,0,0,0,0,0,100,100,0,0
00684R,元大美元指數反1 ,0,0,0,0,0,0,0,0,0,0,0,0,0,1000,1000,0,0
00668K,國泰美國道瓊+U  ,0,0,0,0,0,0,0,0,0,0,0,0,0,100,100,0,0
00707R,元大S&P日圓反1  ,0,0,0,0,0,0,0,0,0,0,0,0,0,1000,1000,0,0
00732,國泰RMB短期報酬 ,0,0,0,0,0,0,0,0,0,0,0,0,0,100000,100000,0,0
00735,國泰臺韓科技    ,66000,0,66000,0,0,0,0,0,0,-66000,0,0,0,162000,228000,-66000,0
03282P,京元電凱基02售01,0,0,0,0,0,0,0,0,0,0,0,0,0,40000,40000,0,0
03302P,聯發科元富02售08,0,0,0,0,0,0,0,0,0,0,0,0,0,16000,16000,0,0
03228P,緯穎凱基02售02  ,0,0,0,0,0,0,0,0,0,0,0,0,0,9000,9000,0,0
03225P,國巨凱基02售08  ,0,0,0,0,0,0,0,0,0,0,0,0,0,200000,200000,0,0
03392P,奇鋐永豐02售02  ,0,0,0,0,0,0,0,0,0,0,0,0,0,30000,30000,0,0
056498,A50正2富邦9B購01,0,0,0,0,0,0,0,0,0,0,0,0,0,68000,68000,0,0
056469,國巨元大99購01  ,0,0,0,0,0,0,0,0,0,0,0,0,0,1000,1000,0,0
056455,群創凱基9A購01  ,0,0,0,0,0,0,0,0,0,0,0,0,0,4000,4000,0,0
056279,新日興富邦99購01,0,0,0,0,0,0,0,0,0,0,0,0,0,10000,10000,0,0
057617,國巨凱基99購06  ,0,0,0,0,0,0,0,0,0,0,0,0,0,100000,100000,0,0
057852,國巨國票99購05  ,0,0,0,0,0,0,0,0,0,0,0,0,0,100000,100000,0,0
057327,玉晶光群益9A購04,0,0,0,0,0,0,0,0,0,0,0,0,0,13000,13000,0,0
060881,玉山金中信02購01,0,0,0,0,0,0,0,0,0,0,0,0,0,20000,20000,0,0
057363,華通元大99購02  ,0,0,0,0,0,0,0,0,0,0,0,0,0,1000,1000,0,0
060232,友訊元大9C購01  ,0,0,0,0,0,0,0,0,0,0,0,0,0,20000,20000,0,0
060220,華新科凱基9A購08,0,0,0,0,0,0,0,0,0,0,0,0,0,8000,8000,0,0
060877,華邦電中信02購01,0,0,0,0,0,0,0,0,0,0,0,0,0,10000,10000,0,0
060128,健策永豐99購06  ,0,0,0,0,0,0,0,0,0,0,0,0,0,1000,1000,0,0
060515,臺股指元大9B購12,0,0,0,0,0,0,0,0,0,0,0,0,0,30000,30000,0,0
060506,京元電元大9A購02,0,0,0,0,0,0,0,0,0,0,0,0,0,5000,5000,0,0
060490,華新科台新9A購01,0,0,0,0,0,0,0,0,0,0,0,0,0,4000,4000,0,0
060340,國巨統一01購02  ,0,0,0,0,0,0,0,0,0,0,0,0,0,26000,26000,0,0
054510,S&P反1元大98購01,0,0,0,0,0,0,0,0,0,0,0,0,0,60000,60000,0,0
054353,世紀鋼國泰98購01,0,0,0,0,0,0,0,0,0,0,0,0,0,9000,9000,0,0
054293,健策元大98購02  ,0,0,0,0,0,0,0,0,0,0,0,0,0,10000,10000,0,0
053584,友達元大9B購02  ,0,0,0,0,0,0,0,0,0,0,0,0,0,5000,5000,0,0
03678C,臺股指凱基01牛02,0,0,0,0,0,0,0,0,0,0,0,0,0,9000,9000,0,0
03459P,台積電國票03售08,0,0,0,0,0,0,0,0,0,0,0,0,0,2000,2000,0,0
058494,可成群益9B購01  ,0,0,0,0,0,0,0,0,0,0,0,0,0,21000,21000,0,0
058488,華擎國票9A購01  ,0,0,0,0,0,0,0,0,0,0,0,0,0,1000,1000,0,0
060761,南亞科元大9A購05,0,0,0,0,0,0,0,0,0,0,0,0,0,10000,10000,0,0
060718,中磊永豐9A購01  ,0,0,0,0,0,0,0,0,0,0,0,0,0,3000,3000,0,0
060729,國巨群益9A購05  ,0,0,0,0,0,0,0,0,0,0,0,0,0,5000,5000,0,0
060653,全新群益9A購02  ,0,0,0,0,0,0,0,0,0,0,0,0,0,30000,30000,0,0
060641,聯鈞永豐9A購01  ,0,0,0,0,0,0,0,0,0,0,0,0,0,58000,58000,0,0
060655,國巨統一9B購06  ,0,0,0,0,0,0,0,0,0,0,0,0,0,27000,27000,0,0
060544,國巨凱基9B購03  ,0,0,0,0,0,0,0,0,0,0,0,0,0,20000,20000,0,0
060602,京元電凱基9A購01,0,0,0,0,0,0,0,0,0,0,0,0,0,10000,10000,0,0
060609,玉晶光凱基9B購01,0,0,0,0,0,0,0,0,0,0,0,0,0,11000,11000,0,0
058569,健策凱基9A購01  ,0,0,0,0,0,0,0,0,0,0,0,0,0,4000,4000,0,0
059871,義隆凱基99購03  ,0,0,0,0,0,0,0,0,0,0,0,0,0,4000,4000,0,0
059877,康控凱基99購05  ,0,0,0,0,0,0,0,0,0,0,0,0,0,30000,30000,0,0
059850,日電貿永豐99購01,0,0,0,0,0,0,0,0,0,0,0,0,0,34000,34000,0,0
059911,國巨元大99購27  ,0,0,0,0,0,0,0,0,0,0,0,0,0,1000,1000,0,0
059887,華新科國票99購02,0,0,0,0,0,0,0,0,0,0,0,0,0,7000,7000,0,0
060978,國巨元大9A購13  ,0,0,0,0,0,0,0,0,0,0,0,0,0,1000,1000,0,0
057881,SP黃豆群益9A購01,0,0,0,0,0,0,0,0,0,0,0,0,0,10000,10000,0,0
060926,宏達電永豐9A購01,0,0,0,0,0,0,0,0,0,0,0,0,0,13000,13000,0,0
058424,滬深2X元富99購04,0,0,0,0,0,0,0,0,0,0,0,0,0,17000,17000,0,0
058067,台積電第一9C購01,0,0,0,0,0,0,0,0,0,0,0,0,0,100000,100000,0,0
059123,訊芯永豐99購03  ,0,0,0,0,0,0,0,0,0,0,0,0,0,2000,2000,0,0
058987,華新科凱基9B購01,0,0,0,0,0,0,0,0,0,0,0,0,0,8000,8000,0,0
058937,仁寶中信99購01  ,0,0,0,0,0,0,0,0,0,0,0,0,0,20000,20000,0,0
058959,南茂國票9A購01  ,0,0,0,0,0,0,0,0,0,0,0,0,0,2000,2000,0,0
058897,國巨元大99購17  ,0,0,0,0,0,0,0,0,0,0,0,0,0,2000,2000,0,0
058719,智邦元富99購01  ,0,0,0,0,0,0,0,0,0,0,0,0,0,20000,20000,0,0
058751,南茂凱基9A購01  ,0,0,0,0,0,0,0,0,0,0,0,0,0,3000,3000,0,0
064528,國巨中信02購01  ,0,0,0,0,0,0,0,0,0,0,0,0,0,27000,27000,0,0
064544,國巨凱基9C購09  ,0,0,0,0,0,0,0,0,0,0,0,0,0,30000,30000,0,0
064550,南茂凱基01購01  ,0,0,0,0,0,0,0,0,0,0,0,0,0,2000,2000,0,0
063759,義隆統一9C購01  ,0,0,0,0,0,0,0,0,0,0,0,0,0,1000,1000,0,0
064466,聯電元富9C購01  ,0,0,0,0,0,0,0,0,0,0,0,0,0,1000,1000,0,0
064499,可成元大9C購07  ,0,0,0,0,0,0,0,0,0,0,0,0,0,68000,68000,0,0
064329,國巨元大01購03  ,0,0,0,0,0,0,0,0,0,0,0,0,0,4000,4000,0,0
064333,義隆元大9C購02  ,0,0,0,0,0,0,0,0,0,0,0,0,0,20000,20000,0,0
063411,和潤國票9C購01  ,0,0,0,0,0,0,0,0,0,0,0,0,0,5000,5000,0,0
063463,瑞昱元大9B購05  ,0,0,0,0,0,0,0,0,0,0,0,0,0,8000,8000,0,0
059438,群創元大99購06  ,0,0,0,0,0,0,0,0,0,0,0,0,0,3000,3000,0,0
059351,台虹凱基99購01  ,0,0,0,0,0,0,0,0,0,0,0,0,0,10000,10000,0,0
059360,全新永豐99購02  ,0,0,0,0,0,0,0,0,0,0,0,0,0,23000,23000,0,0
059390,華新科凱基99購05,0,0,0,0,0,0,0,0,0,0,0,0,0,6000,6000,0,0
059241,旺宏凱基99購07  ,0,0,0,0,0,0,0,0,0,0,0,0,0,45000,45000,0,0
059261,華邦電中信01購01,0,0,0,0,0,0,0,0,0,0,0,0,0,20000,20000,0,0
059267,群創中信01購02  ,0,0,0,0,0,0,0,0,0,0,0,0,0,28000,28000,0,0
059649,矽力凱基99購02  ,0,0,0,0,0,0,0,0,0,0,0,0,0,1000,1000,0,0
059451,國巨永豐99購05  ,0,0,0,0,0,0,0,0,0,0,0,0,0,1000,1000,0,0
059466,國巨元大99購26  ,0,0,0,0,0,0,0,0,0,0,0,0,0,2000,2000,0,0
059572,華新科凱基99購08,0,0,0,0,0,0,0,0,0,0,0,0,0,13000,13000,0,0
059565,國巨凱基99購16  ,0,0,0,0,0,0,0,0,0,0,0,0,0,1000,1000,0,0
059783,旺宏元大99購17  ,0,0,0,0,0,0,0,0,0,0,0,0,0,2000,2000,0,0
061170,南茂兆豐9B購01  ,0,0,0,0,0,0,0,0,0,0,0,0,0,2000,2000,0,0
061128,大立光永豐9A購02,0,0,0,0,0,0,0,0,0,0,0,0,0,10000,10000,0,0
063399,智原群益9B購01  ,0,0,0,0,0,0,0,0,0,0,0,0,0,30000,30000,0,0
061215,健策元大9A購06  ,0,0,0,0,0,0,0,0,0,0,0,0,0,3000,3000,0,0
061191,可成永豐9A購02  ,0,0,0,0,0,0,0,0,0,0,0,0,0,30000,30000,0,0
061336,國巨元大9A購20  ,0,0,0,0,0,0,0,0,0,0,0,0,0,1000,1000,0,0
061324,華新科凱基9C購01,0,0,0,0,0,0,0,0,0,0,0,0,0,1000,1000,0,0
061600,聯電凱基9B購01  ,0,0,0,0,0,0,0,0,0,0,0,0,0,5000,5000,0,0
061575,華新科元大9A購20,0,0,0,0,0,0,0,0,0,0,0,0,0,2000,2000,0,0
061576,華新科元大9A購21,0,0,0,0,0,0,0,0,0,0,0,0,0,2000,2000,0,0
063302,國巨凱基9C購05  ,0,0,0,0,0,0,0,0,0,0,0,0,0,38000,38000,0,0
063912,信邦凱基01購01  ,0,0,0,0,0,0,0,0,0,0,0,0,0,5000,5000,0,0
063963,鴻海國票01購01  ,0,0,0,0,0,0,0,0,0,0,0,0,0,23000,23000,0,0
062935,華通凱基9C購02  ,0,0,0,0,0,0,0,0,0,0,0,0,0,10000,10000,0,0
063045,國巨兆豐9C購02  ,0,0,0,0,0,0,0,0,0,0,0,0,0,20000,20000,0,0
063052,國巨統一9C購10  ,0,0,0,0,0,0,0,0,0,0,0,0,0,26000,26000,0,0
063054,健鼎統一01購01  ,0,0,0,0,0,0,0,0,0,0,0,0,0,8000,8000,0,0
063084,可成凱基9C購01  ,0,0,0,0,0,0,0,0,0,0,0,0,0,2000,2000,0,0
065008,TPK國票01購02   ,0,0,0,0,0,0,0,0,0,0,0,0,0,4000,4000,0,0
065009,勤誠國票01購01  ,0,0,0,0,0,0,0,0,0,0,0,0,0,16000,16000,0,0
064846,旺宏元富03購01  ,0,0,0,0,0,0,0,0,0,0,0,0,0,13000,13000,0,0
064865,美律永豐9C購02  ,0,0,0,0,0,0,0,0,0,0,0,0,0,10000,10000,0,0
064688,國巨群益9C購11  ,0,0,0,0,0,0,0,0,0,0,0,0,0,4000,4000,0,0
064787,和潤群益9C購01  ,0,0,0,0,0,0,0,0,0,0,0,0,0,5000,5000,0,0
064950,美律凱基02購01  ,2000,0,2000,0,0,0,0,0,0,-2000,0,0,0,7000,9000,-2000,0
064964,T50反1元大9C購10,0,0,0,0,0,0,0,0,0,0,0,0,0,40000,40000,0,0
061867,旺宏元大9B購02  ,0,0,0,0,0,0,0,0,0,0,0,0,0,30000,30000,0,0
061835,華新科凱基02購03,0,0,0,0,0,0,0,0,0,0,0,0,0,73000,73000,0,0
061637,華新科元大9A購22,0,0,0,0,0,0,0,0,0,0,0,0,0,1000,1000,0,0
062619,台表科元大9B購03,0,0,0,0,0,0,0,0,0,0,0,0,0,13000,13000,0,0
064578,TPK國泰02購01   ,0,0,0,0,0,0,0,0,0,0,0,0,0,10000,10000,0,0
061104,華新科元大9A購13,0,0,0,0,0,0,0,0,0,0,0,0,0,4000,4000,0,0
064604,聯茂元富9C購01  ,0,0,0,0,0,0,0,0,0,0,0,0,0,10000,10000,0,0
064308,國巨群益9C購09  ,0,0,0,0,0,0,0,0,0,0,0,0,0,5000,5000,0,0
064292,南茂元大01購01  ,0,0,0,0,0,0,0,0,0,0,0,0,0,2000,2000,0,0
062032,崇越群益9B購01  ,0,0,0,0,0,0,0,0,0,0,0,0,0,50000,50000,0,0
062007,台光電國泰9C購01,0,0,0,0,0,0,0,0,0,0,0,0,0,5000,5000,0,0
061984,華新科元大9B購05,0,0,0,0,0,0,0,0,0,0,0,0,0,4000,4000,0,0
062089,矽創元大9B購02  ,0,0,0,0,0,0,0,0,0,0,0,0,0,15000,15000,0,0
062134,國巨群益9B購04  ,0,0,0,0,0,0,0,0,0,0,0,0,0,5000,5000,0,0
062315,健策凱基9C購01  ,0,0,0,0,0,0,0,0,0,0,0,0,0,4000,4000,0,0
062265,南茂元大9B購01  ,0,0,0,0,0,0,0,0,0,0,0,0,0,2000,2000,0,0
062248,國巨元大9B購08  ,0,0,0,0,0,0,0,0,0,0,0,0,0,50000,50000,0,0
062366,義隆元大9B購04  ,0,0,0,0,0,0,0,0,0,0,0,0,0,3000,3000,0,0
064419,鴻海兆豐9C購01  ,0,0,0,0,0,0,0,0,0,0,0,0,0,50000,50000,0,0
062701,漢唐元大9B購01  ,0,0,0,0,0,0,0,0,0,0,0,0,0,14000,14000,0,0
062696,國巨元大9B購16  ,0,0,0,0,0,0,0,0,0,0,0,0,0,4000,4000,0,0
062712,晶技麥證9B購02  ,0,0,0,1000,0,1000,0,0,0,0,0,0,0,1000,1000,0,0
062873,國巨兆豐9C購01  ,0,0,0,0,0,0,0,0,0,0,0,0,0,1000,1000,0,0
062795,國巨統一9B購15  ,0,0,0,0,0,0,0,0,0,0,0,0,0,27000,27000,0,0
063603,友達凱基9B購05  ,0,0,0,0,0,0,0,0,0,0,0,0,0,10000,10000,0,0
063606,TPK凱基9C購01   ,0,0,0,0,0,0,0,0,0,0,0,0,0,4000,4000,0,0
063509,超眾群益9B購03  ,0,0,0,0,0,0,0,0,0,0,0,0,0,12000,12000,0,0
063727,鴻海元大9C購05  ,0,0,0,0,0,0,0,0,0,0,0,0,0,20000,20000,0,0
063717,宏達電兆豐9B購02,0,0,0,0,0,0,0,0,0,0,0,0,0,10000,10000,0,0
063686,國巨永豐9B購04  ,0,0,0,0,0,0,0,0,0,0,0,0,0,91000,91000,0,0
062448,健策元大9C購04  ,0,0,0,0,0,0,0,0,0,0,0,0,0,3000,3000,0,0
062476,神隆國票9B購01  ,0,0,0,0,0,0,0,0,0,0,0,0,0,21000,21000,0,0
062479,TPK國票9B購01   ,0,0,0,0,0,0,0,0,0,0,0,0,0,3000,3000,0,0
062497,遠東新群益9B購01,0,0,0,0,0,0,0,0,0,0,0,0,0,26000,26000,0,0
064047,義隆統一02購01  ,0,0,0,0,0,0,0,0,0,0,0,0,0,43000,43000,0,0
064032,群創元大9C購06  ,0,0,0,0,0,0,0,0,0,0,0,0,0,5000,5000,0,0
064013,創意國票01購01  ,0,0,0,0,0,0,0,0,0,0,0,0,0,53000,53000,0,0
064024,漢唐元大9C購01  ,0,0,0,0,0,0,0,0,0,0,0,0,0,19000,19000,0,0
063842,國巨元大9C購10  ,0,0,0,0,0,0,0,0,0,0,0,0,0,24000,24000,0,0
063256,鴻海國泰01購02  ,0,0,0,0,0,0,0,0,0,0,0,0,0,16000,16000,0,0
064074,南茂永豐9C購01  ,0,0,0,0,0,0,0,0,0,0,0,0,0,2000,2000,0,0
064085,儒鴻凱基9C購02  ,0,0,0,0,0,0,0,0,0,0,0,0,0,10000,10000,0,0
064130,創意元大9C購02  ,0,0,0,0,0,0,0,0,0,0,0,0,0,9000,9000,0,0
064141,國巨統一01購08  ,0,0,0,0,0,0,0,0,0,0,0,0,0,28000,28000,0,0
064105,南茂群益9C購01  ,0,0,0,0,0,0,0,0,0,0,0,0,0,2000,2000,0,0
064109,上銀國票01購01  ,0,0,0,0,0,0,0,0,0,0,0,0,0,5000,5000,0,0
064114,南茂國票01購01  ,0,0,0,0,0,0,0,0,0,0,0,0,0,2000,2000,0,0
064226,TPK國票01購01   ,0,0,0,0,0,0,0,0,0,0,0,0,0,4000,4000,0,0
066005,國巨統一03購01  ,0,0,0,0,0,0,0,0,0,0,0,0,0,28000,28000,0,0
06602P,國巨統一99售02  ,0,0,0,0,0,0,0,0,0,0,0,0,0,2000,2000,0,0
065877,TPK群益9C購05   ,0,0,0,0,0,0,0,0,0,0,0,0,0,5000,5000,0,0
065826,國巨凱基9C購12  ,0,0,0,0,0,0,0,0,0,0,0,0,0,120000,120000,0,0
065920,日月光凱基02購01,0,0,0,0,0,0,0,0,0,0,0,0,0,25000,25000,0,0
065921,GIS凱基01購02   ,0,0,0,0,0,0,0,0,0,0,0,0,0,10000,10000,0,0
065918,可成凱基01購01  ,0,0,0,0,0,0,0,0,0,0,0,0,0,72000,72000,0,0
065891,聯發科統一02購03,0,0,0,0,0,0,0,0,0,0,0,0,0,126000,126000,0,0
065885,神達元富9C購01  ,0,0,0,0,0,0,0,0,0,0,0,0,0,200000,200000,0,0
065951,聯發科統一01購08,0,0,0,0,0,0,0,0,0,0,0,0,0,158000,158000,0,0
066234,群光富邦04購01  ,0,0,0,0,0,0,0,0,0,0,0,0,0,3000,3000,0,0
066150,國巨麥證01購02  ,0,0,0,10000,14000,-4000,0,0,0,0,0,0,0,14000,14000,0,0
065369,瑞昱元大9C購01  ,0,0,0,0,0,0,0,0,0,0,0,0,0,10000,10000,0,0
065410,國巨永豐9C購01  ,0,0,0,0,0,0,0,0,0,0,0,0,0,25000,25000,0,0
065411,旺宏永豐9C購02  ,0,0,0,0,0,0,0,0,0,0,0,0,0,11000,11000,0,0
065397,宏達電群益9C購03,0,0,0,0,0,0,0,0,0,0,0,0,0,21000,21000,0,0
065373,聯發科元大01購03,0,0,0,0,0,0,0,0,0,0,0,0,0,4000,4000,0,0
065274,南茂元大9C購03  ,0,0,0,0,0,0,0,0,0,0,0,0,0,2000,2000,0,0
065223,旺宏中信01購01  ,0,0,0,0,0,0,0,0,0,0,0,0,0,30000,30000,0,0
064897,宏達電群益9C購02,0,0,0,0,0,0,0,0,0,0,0,0,0,10000,10000,0,0
065650,旭富元大9C購07  ,0,0,0,0,0,0,0,0,0,0,0,0,0,110000,110000,0,0
065678,聯發科統一01購07,0,0,0,0,0,0,0,0,0,0,0,0,0,108000,108000,0,0
065680,聯發科統一9C購16,0,0,0,0,0,0,0,0,0,0,0,0,0,105000,105000,0,0
065708,中磊群益9C購01  ,0,0,0,0,0,0,0,0,0,0,0,0,0,14000,14000,0,0
065696,旺宏群益9C購06  ,0,0,0,0,0,0,0,0,0,0,0,0,0,5000,5000,0,0
065793,旭富永豐9C購02  ,0,0,0,0,0,0,0,0,0,0,0,0,0,112000,112000,0,0
065738,國巨麥證9C購04  ,0,0,0,100000,0,100000,0,0,0,0,0,0,0,100000,100000,0,0
065441,義隆麥證9C購01  ,0,0,0,15000,0,15000,0,0,0,0,0,0,0,15000,15000,0,0
065565,神隆群益01購01  ,0,0,0,0,0,0,0,0,0,0,0,0,0,100000,100000,0,0
065557,中磊凱基9C購01  ,0,0,0,0,0,0,0,0,0,0,0,0,0,19000,19000,0,0
06732P,台灣50日盛9A售01,0,0,0,0,0,0,0,0,0,0,0,0,0,520000,520000,0,0
067468,鴻海元大01購17  ,0,0,0,0,0,0,0,0,0,0,0,0,0,10000,10000,0,0
067425,京元電凱基01購01,0,0,0,0,0,0,0,0,0,0,0,0,0,50000,50000,0,0
067394,國巨永豐01購01  ,0,0,0,0,0,0,0,0,0,0,0,0,0,32000,32000,0,0
067204,國巨元大02購02  ,0,0,0,0,0,0,0,0,0,0,0,0,0,101000,101000,0,0
067729,台灣50元大01購29,0,0,0,0,0,0,0,0,0,0,0,0,0,1000,1000,0,0
067747,同欣電元大01購04,0,0,0,0,0,0,0,0,0,0,0,0,0,50000,50000,0,0
067596,國巨凱基02購05  ,0,0,0,0,0,0,0,0,0,0,0,0,0,24000,24000,0,0
067597,國巨凱基02購06  ,0,0,0,0,0,0,0,0,0,0,0,0,0,20000,20000,0,0
067586,奇鋐群益01購02  ,0,0,0,0,0,0,0,0,0,0,0,0,0,2000,2000,0,0
067513,南六統一01購04  ,0,0,0,0,0,0,0,0,0,0,0,0,0,22000,22000,0,0
067474,華邦電元大01購02,0,0,0,0,0,0,0,0,0,0,0,0,0,100000,100000,0,0
066979,國巨群益01購04  ,0,0,0,0,0,0,0,0,0,0,0,0,0,21000,21000,0,0
067062,神隆元大01購02  ,0,0,0,0,0,0,0,0,0,0,0,0,0,7000,7000,0,0
066921,日月光麥證01購01,0,0,0,210000,210000,0,0,0,0,0,0,0,0,210000,210000,0,0
066914,樺漢凱基02購01  ,0,0,0,0,0,0,0,0,0,0,0,0,0,15000,15000,0,0
066939,TPK國票02購02   ,0,0,0,0,0,0,0,0,0,0,0,0,0,3000,3000,0,0
066835,台郡群益01購02  ,0,0,0,0,0,0,0,0,0,0,0,0,0,4000,4000,0,0
066621,川湖凱基01購01  ,0,0,0,0,0,0,0,0,0,0,0,0,0,66000,66000,0,0
066712,台灣50元大01購20,0,0,0,0,0,0,0,0,0,0,0,0,0,1000,1000,0,0
8201,無敵            ,16000,18000,-2000,0,0,0,0,0,0,2000,2000,0,2000,0,0,0,0
8467,波力-KY         ,1000,1000,0,0,0,0,0,0,0,0,0,0,0,0,0,0,0
9908,大台北          ,22000,2000,20000,0,0,0,0,0,0,-20000,0,20000,-20000,0,0,0,0
08797P,健策凱基02售03  ,0,0,0,0,0,0,0,0,0,0,0,0,0,6000,6000,0,0
08795P,聯發科凱基01售11,0,0,0,0,0,0,0,0,0,0,0,0,0,34000,34000,0,0
08814P,世紀鋼群益01售04,0,0,0,0,0,0,0,0,0,0,0,0,0,40000,40000,0,0
08842P,京鼎凱基01售03  ,0,0,0,0,0,0,0,0,0,0,0,0,0,10000,10000,0,0
08847P,滬深2X群益03售06,0,0,0,0,0,0,0,0,0,0,0,0,0,10000,10000,0,0
08908P,義隆凱基01售05  ,0,0,0,0,0,0,0,0,0,0,0,0,0,20000,20000,0,0
08569P,玉晶光永豐9C售09,0,0,0,0,0,0,0,0,0,0,0,0,0,20000,20000,0,0
08652P,鴻海群益9C售09  ,0,0,0,0,0,0,0,0,0,0,0,0,0,15000,15000,0,0
1236,宏亞            ,1000,1000,0,0,0,0,0,0,0,0,0,0,0,0,0,0,0
1324,地球            ,1000,0,1000,0,0,0,0,0,0,-1000,0,1000,-1000,0,0,0,0
1583,程泰            ,3000,3000,0,0,0,0,0,0,0,0,0,0,0,0,0,0,0
2936,客思達-KY       ,8000,9000,-1000,0,0,0,0,0,0,1000,2000,1000,1000,0,0,0,0
2712,遠雄來          ,1000,1000,0,0,0,0,0,0,0,0,0,0,0,0,0,0,0
2462,良得電          ,4000,4000,0,0,0,0,0,0,0,0,0,0,0,0,0,0,0
2433,互盛電          ,1000,2000,-1000,0,0,0,0,0,0,1000,1000,0,1000,0,0,0,0
4560,強信-KY         ,126000,125000,1000,0,0,0,0,0,0,-1000,0,1000,-1000,0,0,0,0
3130,一零四          ,0,1000,-1000,0,0,0,0,0,0,1000,1000,0,1000,0,0,0,0
5284,jpp-KY          ,0,2000,-2000,0,0,0,0,0,0,2000,2000,0,2000,0,0,0,0
4952,凌通            ,19000,20000,-1000,0,0,0,0,0,0,1000,1000,0,1000,0,0,0,0
5538,東明-KY         ,1000,1000,0,0,0,0,0,0,0,0,0,0,0,0,0,0,0
6581,鋼聯            ,2000,2000,0,0,0,0,0,0,0,0,0,0,0,0,0,0,0
6442,光聖            ,0,2000,-2000,0,0,0,0,0,0,2000,2000,0,2000,0,0,0,0
069371,道瓊銀元大03購03,0,0,0,0,0,0,0,0,0,-1000,0,0,0,0,1000,-1000,-1000
069679,瑞昱元大02購06  ,0,0,0,0,0,0,0,0,0,-1000,0,0,0,113000,114000,-1000,-1000
069604,創意國票03購01  ,0,0,0,0,0,0,0,0,0,-1000,0,0,0,0,1000,-1000,-1000
069472,南六國票03購01  ,0,0,0,0,0,0,0,0,0,-1000,0,0,0,14000,15000,-1000,-1000
07475P,A50正2群益9C售02,0,0,0,0,0,0,0,0,0,-1000,0,0,0,0,1000,-1000,-1000
07190P,臺股指富邦9C售02,0,0,0,0,0,0,0,0,0,-1000,0,0,0,0,1000,-1000,-1000
07063P,臺股指元大9A售24,0,0,0,0,0,0,0,0,0,-1000,0,0,0,0,1000,-1000,-1000
08282P,南六群益9C售01  ,0,0,0,0,0,0,0,0,0,-1000,0,0,0,0,1000,-1000,-1000
08332P,智邦台新9C售03  ,0,0,0,0,0,0,0,0,0,-1000,0,0,0,0,1000,-1000,-1000
08313P,健策國票01售01  ,0,0,0,0,0,0,0,0,0,-1000,0,0,0,250000,251000,-1000,-1000
08407P,臺股指元大9C售13,0,0,0,0,0,0,0,0,0,-1000,0,0,0,0,1000,-1000,-1000
068911,聯發科群益02購09,0,0,0,0,0,0,0,0,0,-1000,0,0,0,200000,201000,-1000,-1000
069021,台積電國票03購05,0,0,0,0,0,0,0,0,0,-1000,0,0,0,3000,4000,-1000,-1000
069065,聯發科麥證02購01,0,0,0,5000,6000,-1000,0,0,0,-1000,0,0,0,5000,6000,-1000,-1000
068685,台積電中信02購03,0,0,0,0,0,0,0,0,0,-1000,0,0,0,0,1000,-1000,-1000
068750,欣興群益02購01  ,0,0,0,0,0,0,0,0,0,-1000,0,0,0,44000,45000,-1000,-1000
068587,T50反1元富07購05,0,0,0,0,0,0,0,0,0,-1000,0,0,0,0,1000,-1000,-1000
068612,崇越凱基01購01  ,0,0,0,0,0,0,0,0,0,-1000,0,0,0,9000,10000,-1000,-1000
068492,聯發科元大01購29,0,0,0,0,0,0,0,0,0,-1000,0,0,0,0,1000,-1000,-1000
068061,台灣50兆豐01購03,0,0,0,0,0,0,0,0,0,-1000,0,0,0,0,1000,-1000,-1000
068414,聯電中信01購01  ,0,0,0,0,0,0,0,0,0,-1000,0,0,0,193000,194000,-1000,-1000
060015,國巨康和99購03  ,0,0,0,0,0,0,0,0,0,-1000,0,0,0,64000,65000,-1000,-1000
059991,超眾元大9A購02  ,0,0,0,0,0,0,0,0,0,-1000,0,0,0,0,1000,-1000,-1000
058766,力山兆豐99購01  ,0,0,0,0,0,0,0,0,0,-1000,0,0,0,0,1000,-1000,-1000
059157,元石油凱基9C購01,0,0,0,0,0,0,0,0,0,-1000,0,0,0,0,1000,-1000,-1000
063416,台積電凱基9B購10,0,0,0,0,0,0,0,0,0,-1000,0,0,0,0,1000,-1000,-1000
064339,大立光元大01購01,0,0,0,0,0,0,0,0,0,-1000,0,0,0,0,1000,-1000,-1000
060925,華新科永豐9A購01,0,0,0,0,0,0,0,0,0,-1000,0,0,0,0,1000,-1000,-1000
060959,金像電凱基9A購01,0,0,0,0,0,0,0,0,0,-1000,0,0,0,29000,30000,-1000,-1000
059908,元金2X元大99購01,0,0,0,0,0,0,0,0,0,-1000,0,0,0,11000,12000,-1000,-1000
059873,華新科凱基99購09,0,0,0,0,0,0,0,0,0,-1000,0,0,0,0,1000,-1000,-1000
058531,華通元富99購01  ,0,0,0,0,0,0,0,0,0,-1000,0,0,0,0,1000,-1000,-1000
03453P,儒鴻康和02售01  ,0,0,0,0,0,0,0,0,0,-1000,0,0,0,0,1000,-1000,-1000
03502P,奇力新元富03售01,0,0,0,0,0,0,0,0,0,-1000,0,0,0,0,1000,-1000,-1000
03416P,聯電台新02售02  ,0,0,0,0,0,0,0,0,0,-1000,0,0,0,1000,2000,-1000,-1000
053294,聯發科中信9C購01,0,0,0,0,0,0,0,0,0,-1000,0,0,0,2000,3000,-1000,-1000
048105,滬深2X群益99購02,0,0,0,0,0,0,0,0,0,-1000,0,0,0,0,1000,-1000,-1000
054368,鴻海中信9A購02  ,0,0,0,0,0,0,0,0,0,-1000,0,0,0,0,1000,-1000,-1000
054104,T50反1凱基9A購02,0,0,0,0,0,0,0,0,0,-1000,0,0,0,0,1000,-1000,-1000
053739,A50正2國票9A購01,0,0,0,0,0,0,0,0,0,-1000,0,0,0,0,1000,-1000,-1000
060463,台積電元大9A購10,0,0,0,0,0,0,0,0,0,-1000,0,0,0,3000,4000,-1000,-1000
060417,正隆永豐9A購01  ,0,0,0,0,0,0,0,0,0,-1000,0,0,0,73000,74000,-1000,-1000
060434,台汽電永豐9A購01,0,0,0,0,0,0,0,0,0,-1000,0,0,0,19000,20000,-1000,-1000
060802,道瓊指中信9C購03,0,0,0,0,0,0,0,0,0,-1000,0,0,0,0,1000,-1000,-1000
057183,玉晶光元大99購07,0,0,0,0,0,0,0,0,0,-1000,0,0,0,10000,11000,-1000,-1000
056850,彩晶元富99購01  ,0,0,0,0,0,0,0,0,0,-1000,0,0,0,90000,91000,-1000,-1000
056742,玉晶光凱基9A購01,0,0,0,0,0,0,0,0,0,-1000,0,0,0,0,1000,-1000,-1000
057624,新日興國泰99購01,0,0,0,0,0,0,0,0,0,-1000,0,0,0,0,1000,-1000,-1000
057694,臺股指凱基98購12,0,0,0,0,0,0,0,0,0,-1000,0,0,0,2000,3000,-1000,-1000
056349,道瓊銀元大9B購01,0,0,0,0,0,0,0,0,0,-1000,0,0,0,0,1000,-1000,-1000
03235P,宏達電元大02售02,0,0,0,0,0,0,0,0,0,-1000,0,0,0,0,1000,-1000,-1000
03368P,臺股指元大02售11,0,0,0,0,0,0,0,0,0,-1000,0,0,0,0,1000,-1000,-1000
03152P,聯發科群益01售15,0,0,0,0,0,0,0,0,0,-1000,0,0,0,44000,45000,-1000,-1000
03248P,聯電元富03售03  ,0,0,0,0,0,0,0,0,0,-1000,0,0,0,20000,21000,-1000,-1000
03315P,聯發科群益02售12,0,0,0,0,0,0,0,0,0,-1000,0,0,0,55000,56000,-1000,-1000
03003P,京鼎群益01售02  ,0,0,0,0,0,0,0,0,0,-1000,0,0,0,1000,2000,-1000,-1000
03096P,台積電凱基03售05,0,0,0,0,0,0,0,0,0,-1000,0,0,0,1000,2000,-1000,-1000
03091X,元展85          ,0,0,0,0,0,0,0,0,0,-1000,0,0,0,0,1000,-1000,-1000
03038P,玉晶光國票02售03,0,0,0,0,0,0,0,0,0,-1000,0,0,0,0,1000,-1000,-1000
00865B,國泰US短期公債  ,0,0,0,0,0,0,0,0,0,-1000,0,0,0,100000,101000,-1000,-1000
03244P,台積電統一03售13,0,0,0,0,0,0,0,0,0,-1000,0,0,0,0,1000,-1000,-1000
01003T,兆豐新光R1      ,0,1000,-1000,0,0,0,0,0,0,0,0,0,0,0,0,0,-1000
006204,永豐臺灣加權    ,0,0,0,0,0,0,0,0,0,-1000,0,0,0,3000,4000,-1000,-1000
064213,大立光凱基03購01,0,0,0,0,0,0,0,0,0,-1000,0,0,0,10000,11000,-1000,-1000
064082,緯創中信06購01  ,0,0,0,0,0,0,0,0,0,-1000,0,0,0,11000,12000,-1000,-1000
064055,台郡統一02購01  ,0,0,0,0,0,0,0,0,0,-1000,0,0,0,0,1000,-1000,-1000
063212,聯發科國票9C購02,0,0,0,0,0,0,0,0,0,-1000,0,0,0,0,1000,-1000,-1000
062431,元金2X元大9B購02,0,0,0,0,0,0,0,0,0,-1000,0,0,0,0,1000,-1000,-1000
063523,微星凱基9B購03  ,0,0,0,0,0,0,0,0,0,-1000,0,0,0,25000,26000,-1000,-1000
063483,致新元大9B購03  ,0,0,0,0,0,0,0,0,0,-1000,0,0,0,0,1000,-1000,-1000
063551,美食國票9B購02  ,0,0,0,0,0,0,0,0,0,-1000,0,0,0,0,1000,-1000,-1000
062797,瑞昱統一9B購01  ,0,0,0,0,0,0,0,0,0,-1000,0,0,0,0,1000,-1000,-1000
062799,聯發科統一9C購09,0,0,0,0,0,0,0,0,0,-1000,0,0,0,0,1000,-1000,-1000
062806,世芯統一02購01  ,0,0,0,0,0,0,0,0,0,-1000,0,0,0,0,1000,-1000,-1000
062863,聯茂國票9B購01  ,0,0,0,0,0,0,0,0,0,-1000,0,0,0,0,1000,-1000,-1000
062559,嘉晶凱基9B購02  ,0,0,0,0,0,0,0,0,0,-1000,0,0,0,0,1000,-1000,-1000
064417,創意中信9C購01  ,0,0,0,0,0,0,0,0,0,-1000,0,0,0,20000,21000,-1000,-1000
064439,大立光凱基03購02,0,0,0,0,0,0,0,0,0,-1000,0,0,0,0,1000,-1000,-1000
064397,旭富永豐9C購01  ,0,0,0,0,0,0,0,0,0,-1000,0,0,0,0,1000,-1000,-1000
062280,大立光群益9C購01,0,0,0,0,0,0,0,0,0,-1000,0,0,0,0,1000,-1000,-1000
062122,國巨統一02購01  ,0,0,0,0,0,0,0,0,0,-1000,0,0,0,1000,2000,-1000,-1000
062184,奇鋐元大9B購02  ,0,0,0,0,0,0,0,0,0,-1000,0,0,0,18000,19000,-1000,-1000
062172,南六永豐9B購01  ,0,0,0,0,0,0,0,0,0,-1000,0,0,0,0,1000,-1000,-1000
062052,華通統一01購01  ,0,0,0,0,0,0,0,0,0,-1000,0,0,0,0,1000,-1000,-1000
064282,大立光元大9C購13,0,0,0,0,0,0,0,0,0,-1000,0,0,0,0,1000,-1000,-1000
061945,華通群益9B購04  ,0,0,0,0,0,0,0,0,0,-1000,0,0,0,0,1000,-1000,-1000
062637,智易國票9B購01  ,0,0,0,0,0,0,0,0,0,-1000,0,0,0,2000,3000,-1000,-1000
061794,國巨永豐9B購01  ,0,0,0,0,0,0,0,0,0,-1000,0,0,0,0,1000,-1000,-1000
064944,亞德客凱基9C購03,0,0,0,0,0,0,0,0,0,-1000,0,0,0,0,1000,-1000,-1000
065068,臺股指群益9C購16,0,0,0,0,0,0,0,0,0,-1000,0,0,0,2000,3000,-1000,-1000
064837,TPK統一9C購02   ,0,0,0,0,0,0,0,0,0,-1000,0,0,0,0,1000,-1000,-1000
063079,儒鴻凱基9B購01  ,0,0,0,0,0,0,0,0,0,-1000,0,0,0,0,1000,-1000,-1000
063093,國產國票9B購01  ,0,0,0,0,0,0,0,0,0,-1000,0,0,0,0,1000,-1000,-1000
063116,大立光麥證9C購01,0,0,0,0,1000,-1000,0,0,0,-1000,0,0,0,0,1000,-1000,-1000
063003,滬深2X元大9B購06,0,0,0,0,0,0,0,0,0,-1000,0,0,0,0,1000,-1000,-1000
063183,國巨凱基9B購12  ,0,0,0,0,0,0,0,0,0,-1000,0,0,0,0,1000,-1000,-1000
061448,旺宏中信9A購02  ,0,0,0,0,0,0,0,0,0,-1000,0,0,0,0,1000,-1000,-1000
061425,華新科元大9A購19,0,0,0,0,0,0,0,0,0,-1000,0,0,0,36000,37000,-1000,-1000
061310,華新科麥證9A購01,0,0,0,0,1000,-1000,0,0,0,-1000,0,0,0,0,1000,-1000,-1000
066679,微星兆豐01購01  ,0,0,0,0,0,0,0,0,0,-1000,0,0,0,169000,170000,-1000,-1000
066733,大立光元大01購10,0,0,0,0,0,0,0,0,0,-1000,0,0,0,0,1000,-1000,-1000
066785,台光電麥證01購01,0,0,0,0,1000,-1000,0,0,0,-1000,0,0,0,0,1000,-1000,-1000
066591,華新科群益01購05,0,0,0,0,0,0,0,0,0,-1000,0,0,0,29000,30000,-1000,-1000
067060,A50正2元大01購02,0,0,0,0,0,0,0,0,0,-1000,0,0,0,10000,11000,-1000,-1000
067757,元金2X永豐01購01,0,0,0,0,0,0,0,0,0,-1000,0,0,0,0,1000,-1000,-1000
067758,儒鴻永豐01購01  ,0,0,0,0,0,0,0,0,0,-1000,0,0,0,32000,33000,-1000,-1000
06770P,台灣50第一9C售01,0,0,0,0,0,0,0,0,0,-1000,0,0,0,0,1000,-1000,-1000
067253,精元國票01購01  ,0,0,0,0,0,0,0,0,0,-1000,0,0,0,30000,31000,-1000,-1000
067464,上証2X元大03購01,0,0,0,0,0,0,0,0,0,-1000,0,0,0,30000,31000,-1000,-1000
067458,台積電永豐01購02,0,0,0,0,0,0,0,0,0,-1000,0,0,0,956000,957000,-1000,-1000
065723,新日興兆豐01購01,0,0,0,0,0,0,0,0,0,-1000,0,0,0,3000,4000,-1000,-1000
065770,元黃金國票01購01,0,0,0,0,0,0,0,0,0,-1000,0,0,0,0,1000,-1000,-1000
065658,聯發科富邦03購03,0,0,0,0,0,0,0,0,0,-1000,0,0,0,0,1000,-1000,-1000
065619,金融類元大9C購02,0,0,0,0,0,0,0,0,0,-1000,0,0,0,0,1000,-1000,-1000
064899,大立光群益9C購06,0,0,0,0,0,0,0,0,0,-1000,0,0,0,30000,31000,-1000,-1000
065090,大立光元大9C購24,0,0,0,0,0,0,0,0,0,-1000,0,0,0,0,1000,-1000,-1000
065403,健鼎國泰02購01  ,0,0,0,0,0,0,0,0,0,-1000,0,0,0,0,1000,-1000,-1000
065407,世紀鋼富邦01購01,0,0,0,0,0,0,0,0,0,-1000,0,0,0,0,1000,-1000,-1000
065334,立積國票01購02  ,0,0,0,0,0,0,0,0,0,-1000,0,0,0,0,1000,-1000,-1000
066270,國揚元大01購01  ,0,0,0,0,0,0,0,0,0,-1000,0,0,0,0,1000,-1000,-1000
066336,聯陽永豐01購01  ,0,0,0,0,0,0,0,0,0,-1000,0,0,0,19000,20000,-1000,-1000
065895,台勝科統一02購01,0,0,0,0,0,0,0,0,0,-1000,0,0,0,0,1000,-1000,-1000
065929,TPK國票02購01   ,0,0,0,0,0,0,0,0,0,-1000,0,0,0,0,1000,-1000,-1000
066003,台表科國票02購02,0,0,0,0,0,0,0,0,0,-1000,0,0,0,70000,71000,-1000,-1000
6431,光麗-KY         ,16000,17000,-1000,0,0,0,0,0,0,0,0,0,0,0,0,0,-1000
6277,宏正            ,38000,40000,-2000,0,0,0,0,0,0,1000,1000,0,1000,0,0,0,-1000
6281,全國電          ,7000,9000,-2000,0,0,0,0,0,0,1000,6000,5000,1000,0,0,0,-1000
3536,誠創            ,0,1000,-1000,0,0,0,0,0,0,0,0,0,0,0,0,0,-1000
4737,華廣            ,7000,8000,-1000,0,0,0,0,0,0,0,0,0,0,0,0,0,-1000
2429,銘旺科          ,0,1000,-1000,0,0,0,0,0,0,0,0,0,0,0,0,0,-1000
2906,高林            ,10000,21000,-11000,0,0,0,0,0,0,10000,11000,1000,10000,0,0,0,-1000
1537,廣隆            ,8000,7000,1000,0,0,0,0,0,0,-2000,4000,6000,-2000,0,0,0,-1000
2236,百達-KY         ,1000,2000,-1000,0,0,0,0,0,0,0,0,0,0,0,0,0,-1000
1453,大將            ,12000,12000,0,0,0,0,0,0,0,-1000,0,1000,-1000,0,0,0,-1000
08956P,滬深2X凱基03售04,0,0,0,0,0,0,0,0,0,-1000,0,0,0,0,1000,-1000,-1000
08604P,金融類元大9C售01,0,0,0,0,0,0,0,0,0,-1000,0,0,0,3000,4000,-1000,-1000
08679P,台灣50元大01售15,0,0,0,0,0,0,0,0,0,-1000,0,0,0,0,1000,-1000,-1000
08669P,聯發科群益02售02,0,0,0,0,0,0,0,0,0,-1000,0,0,0,40000,41000,-1000,-1000
08729P,創意永豐01售01  ,0,0,0,0,0,0,0,0,0,-1000,0,0,0,0,1000,-1000,-1000
08745P,臺股指凱基02售06,0,0,0,0,0,0,0,0,0,-1000,0,0,0,0,1000,-1000,-1000
08857P,台灣50國票01售07,0,0,0,0,0,0,0,0,0,-1000,0,0,0,0,1000,-1000,-1000
08835P,聯發科統一01售12,0,0,0,0,0,0,0,0,0,-1000,0,0,0,0,1000,-1000,-1000
08790P,聯發科元富01售01,0,0,0,0,0,0,0,0,0,-1000,0,0,0,19000,20000,-1000,-1000
8016,矽創            ,115000,71000,44000,0,0,0,0,0,0,-45000,1000,49000,-48000,27000,24000,3000,-1000
9906,欣巴巴          ,1000,2000,-1000,0,0,0,0,0,0,0,0,0,0,0,0,0,-1000
068390,聯詠統一03購01  ,0,0,0,0,0,0,0,0,0,-2000,0,0,0,270000,272000,-2000,-2000
068398,上証2X元富07購04,0,0,0,0,0,0,0,0,0,-2000,0,0,0,6000,8000,-2000,-2000
068222,緯創統一01購02  ,0,0,0,0,0,0,0,0,0,-2000,0,0,0,1000,3000,-2000,-2000
068116,欣興元富07購01  ,0,0,0,0,0,0,0,0,0,-2000,0,0,0,0,2000,-2000,-2000
068174,華新科中信01購01,0,0,0,0,0,0,0,0,0,-2000,0,0,0,144000,146000,-2000,-2000
068042,GIS元富07購01   ,0,0,0,0,0,0,0,0,0,-2000,0,0,0,0,2000,-2000,-2000
068053,玉晶光統一03購03,0,0,0,0,0,0,0,0,0,-2000,0,0,0,0,2000,-2000,-2000
067929,華通凱基01購04  ,0,0,0,0,0,0,0,0,0,-2000,0,0,0,4000,6000,-2000,-2000
067882,A50正2群益01購06,0,0,0,0,0,0,0,0,0,-2000,0,0,0,0,2000,-2000,-2000
068674,聯發科統一03購12,0,0,0,0,0,0,0,0,0,-2000,0,0,0,50000,52000,-2000,-2000
08421P,台積電群益9C售10,0,0,0,0,0,0,0,0,0,-2000,0,0,0,0,2000,-2000,-2000
08465P,玉晶光兆豐01售02,0,0,0,0,0,0,0,0,0,-2000,0,0,0,2000,4000,-2000,-2000
08265P,臺股指元大9C售03,0,0,0,0,0,0,0,0,0,-2000,0,0,0,0,2000,-2000,-2000
08256P,台積電元大9C售02,0,0,0,0,0,0,0,0,0,-2000,0,0,0,0,2000,-2000,-2000
08236P,國巨富邦03售01  ,0,0,0,0,0,0,0,0,0,-2000,0,0,0,0,2000,-2000,-2000
07997P,上銀凱基9B售04  ,0,0,0,0,0,0,0,0,0,-2000,0,0,0,0,2000,-2000,-2000
07246P,旺宏凱基99售08  ,0,0,0,0,0,0,0,0,0,-2000,0,0,0,1000,3000,-2000,-2000
07301P,臺股指元大9A售34,0,0,0,0,0,0,0,0,0,-2000,0,0,0,0,2000,-2000,-2000
069833,欣興元富02購05  ,0,0,0,0,0,0,0,0,0,-2000,0,0,0,0,2000,-2000,-2000
07739P,緯穎永豐9A售01  ,0,0,0,0,0,0,0,0,0,-2000,0,0,0,0,2000,-2000,-2000
07760P,力山永豐9A售03  ,0,0,0,0,0,0,0,0,0,-2000,0,0,0,0,2000,-2000,-2000
07966P,瑞祺群益9B售02  ,0,0,0,0,0,0,0,0,0,-2000,0,0,0,0,2000,-2000,-2000
07958P,華擎群益9B售01  ,0,0,0,0,0,0,0,0,0,-2000,0,0,0,0,2000,-2000,-2000
069405,國巨統一03購06  ,0,0,0,0,0,0,0,0,0,-2000,0,0,0,31000,33000,-2000,-2000
069421,康友統一03購01  ,0,0,0,0,0,0,0,0,0,-2000,0,0,0,0,2000,-2000,-2000
069731,鴻海麥證02購03  ,0,0,0,0,2000,-2000,0,0,0,-2000,0,0,0,0,2000,-2000,-2000
069332,聯電群益03購07  ,0,0,0,0,0,0,0,0,0,-2000,0,0,0,23000,25000,-2000,-2000
069296,華新科中信02購01,0,0,0,0,0,0,0,0,0,-2000,0,0,0,110000,112000,-2000,-2000
069193,景碩統一05購01  ,0,0,0,0,0,0,0,0,0,-2000,0,0,0,0,2000,-2000,-2000
069112,道瓊反群益02購01,0,0,0,0,0,0,0,0,0,-2000,0,0,0,0,2000,-2000,-2000
00657,國泰日經225     ,0,2000,-2000,0,0,0,0,0,0,0,0,0,0,100000,100000,0,-2000
00661,元大日經225     ,0,0,0,0,0,0,0,0,0,-2000,0,0,0,0,2000,-2000,-2000
00775B,新光投等債15+   ,0,0,0,0,0,0,0,0,0,-2000,0,0,0,2000,4000,-2000,-2000
03011P,臺股指富邦01售01,0,0,0,0,0,0,0,0,0,-2000,0,0,0,14000,16000,-2000,-2000
03285P,滬深2X群益02售05,0,0,0,0,0,0,0,0,0,-2000,0,0,0,0,2000,-2000,-2000
03354P,上銀凱基02售02  ,0,0,0,0,0,0,0,0,0,-2000,0,0,0,65000,67000,-2000,-2000
056603,嘉聯益國泰9A購01,0,0,0,0,0,0,0,0,0,-2000,0,0,0,0,2000,-2000,-2000
057613,瑞昱元富02購02  ,0,0,0,0,0,0,0,0,0,-2000,0,0,0,1000,3000,-2000,-2000
03503P,欣興元富05售02  ,0,0,0,0,0,0,0,0,0,-2000,0,0,0,0,2000,-2000,-2000
03461P,聯發科國票03售04,0,0,0,0,0,0,0,0,0,-2000,0,0,0,0,2000,-2000,-2000
058573,鴻海群益9A購02  ,0,0,0,0,0,0,0,0,0,-2000,0,0,0,0,2000,-2000,-2000
059126,臺指反中信9B購01,0,0,0,0,0,0,0,0,0,-2000,0,0,0,0,2000,-2000,-2000
058025,聯茂國泰99購01  ,0,0,0,0,0,0,0,0,0,-2000,0,0,0,0,2000,-2000,-2000
063450,華新科統一02購01,0,0,0,0,0,0,0,0,0,-2000,0,0,0,0,2000,-2000,-2000
063458,正隆元大9B購01  ,0,0,0,0,0,0,0,0,0,-2000,0,0,0,10000,12000,-2000,-2000
063760,聯詠統一9C購02  ,0,0,0,0,0,0,0,0,0,-2000,0,0,0,0,2000,-2000,-2000
063776,滬深2X永豐9B購01,0,0,0,0,0,0,0,0,0,-2000,0,0,0,0,2000,-2000,-2000
063784,華通中信06購01  ,0,0,0,0,0,0,0,0,0,-2000,0,0,0,20000,22000,-2000,-2000
059976,道瓊銀元大99購01,0,0,0,0,0,0,0,0,0,-2000,0,0,0,0,2000,-2000,-2000
061392,泰鼎群益9A購02  ,0,0,0,0,0,0,0,0,0,-2000,0,0,0,8000,10000,-2000,-2000
063281,京元電元大9B購01,0,0,0,0,0,0,0,0,0,-2000,0,0,0,21000,23000,-2000,-2000
065047,群創凱基9C購01  ,0,0,0,0,0,0,0,0,0,-2000,0,0,0,23000,25000,-2000,-2000
061843,億豐凱基9C購01  ,0,0,0,0,0,0,0,0,0,-2000,0,0,0,10000,12000,-2000,-2000
061890,元金2X永豐9B購01,0,0,0,0,0,0,0,0,0,-2000,0,0,0,0,2000,-2000,-2000
062629,聯發科國票9C購01,0,0,0,0,0,0,0,0,0,-2000,0,0,0,0,2000,-2000,-2000
062635,創意國票9B購01  ,0,0,0,0,0,0,0,0,0,-2000,0,0,0,0,2000,-2000,-2000
064598,國巨元富9C購03  ,0,0,0,0,0,0,0,0,0,-2000,0,0,0,0,2000,-2000,-2000
064669,健策元大01購03  ,0,0,0,0,0,0,0,0,0,-2000,0,0,0,0,2000,-2000,-2000
064313,嘉晶群益9C購02  ,0,0,0,0,0,0,0,0,0,-2000,0,0,0,26000,28000,-2000,-2000
061991,牧德元大9C購01  ,0,0,0,0,0,0,0,0,0,-2000,0,0,0,3000,5000,-2000,-2000
062427,嘉澤統一01購01  ,0,0,0,0,0,0,0,0,0,-2000,0,0,0,0,2000,-2000,-2000
062390,元黃金富邦9C購01,0,0,0,0,0,0,0,0,0,-2000,0,0,0,0,2000,-2000,-2000
062842,臺股指群益9B購09,0,0,0,0,0,0,0,0,0,-2000,0,0,0,0,2000,-2000,-2000
062778,國巨元大9B購17  ,0,0,0,0,0,0,0,0,0,-2000,0,0,0,1000,3000,-2000,-2000
064061,GIS麥證01購01   ,0,0,0,4000,6000,-2000,0,0,0,-2000,0,0,0,4000,6000,-2000,-2000
064125,聯發科元大02購01,0,0,0,0,0,0,0,0,0,-2000,0,0,0,0,2000,-2000,-2000
064201,新光金兆豐9C購01,0,0,0,0,0,0,0,0,0,-2000,0,0,0,0,2000,-2000,-2000
063218,台塑群益9B購01  ,0,0,0,0,0,0,0,0,0,-2000,0,0,0,0,2000,-2000,-2000
065800,技嘉群益9C購01  ,0,0,0,0,0,0,0,0,0,-2000,0,0,0,151000,153000,-2000,-2000
066339,總太永豐01購01  ,0,0,0,0,0,0,0,0,0,-2000,0,0,0,20000,22000,-2000,-2000
065585,聯發科富邦03購02,0,0,0,0,0,0,0,0,0,-2000,0,0,0,3000,5000,-2000,-2000
065448,緯創統一9C購01  ,0,0,0,0,0,0,0,0,0,-2000,0,0,0,28000,30000,-2000,-2000
065514,建準群益9C購01  ,0,0,0,0,0,0,0,0,0,-2000,0,0,0,0,2000,-2000,-2000
065517,緯創群益9C購02  ,0,0,0,0,0,0,0,0,0,-2000,0,0,0,4000,6000,-2000,-2000
065483,聯茂元大9C購06  ,0,0,0,0,0,0,0,0,0,-2000,0,0,0,0,2000,-2000,-2000
067401,嘉澤永豐01購02  ,0,0,0,0,0,0,0,0,0,-2000,0,0,0,0,2000,-2000,-2000
067283,南亞科國票02購01,0,0,0,0,0,0,0,0,0,-2000,0,0,0,0,2000,-2000,-2000
067167,鴻海麥證01購02  ,0,0,0,0,2000,-2000,0,0,0,-2000,0,0,0,0,2000,-2000,-2000
067659,滬深2X元大03購05,0,0,0,0,0,0,0,0,0,-2000,0,0,0,0,2000,-2000,-2000
066886,T50反1中信05購01,0,0,0,0,0,0,0,0,0,-2000,0,0,0,50000,52000,-2000,-2000
066761,聯陽永豐01購03  ,0,0,0,0,0,0,0,0,0,-2000,0,0,0,16000,18000,-2000,-2000
08812P,聯發科群益01售01,0,0,0,0,0,0,0,0,0,-2000,0,0,0,47000,49000,-2000,-2000
08913P,臺股指凱基01售04,0,0,0,0,0,0,0,0,0,-2000,0,0,0,0,2000,-2000,-2000
08942P,上証2X國票02售04,0,0,0,0,0,0,0,0,0,-2000,0,0,0,0,2000,-2000,-2000
08739P,台郡凱基01售03  ,0,0,0,0,0,0,0,0,0,-2000,0,0,0,18000,20000,-2000,-2000
08689P,高股息中信01售01,0,0,0,0,0,0,0,0,0,-2000,0,0,0,0,2000,-2000,-2000
2029,盛餘            ,6000,8000,-2000,0,0,0,0,0,0,0,0,0,0,0,0,0,-2000
1726,永記            ,3000,5000,-2000,0,0,0,0,0,0,0,0,0,0,0,0,0,-2000
2832,台產            ,5000,7000,-2000,0,0,0,0,0,0,0,0,0,0,0,0,0,-2000
2465,麗臺            ,3000,5000,-2000,0,0,0,0,0,0,0,0,0,0,0,0,0,-2000
2506,太設            ,6000,3000,3000,0,0,0,0,0,0,-5000,0,5000,-5000,0,0,0,-2000
4764,雙鍵            ,0,1000,-1000,0,0,0,0,0,0,-1000,0,1000,-1000,0,0,0,-2000
3432,台端            ,1000,4000,-3000,0,0,0,0,0,0,1000,1000,0,1000,0,0,0,-2000
6216,居易            ,2000,1000,1000,0,0,0,0,0,0,-3000,1000,4000,-3000,0,0,0,-2000
6464,台數科          ,1000,4000,-3000,0,0,0,0,0,0,1000,1000,0,1000,0,0,0,-2000
069337,燿華群益02購03  ,0,0,0,0,0,0,0,0,0,-3000,0,0,0,10000,13000,-3000,-3000
069618,瑞昱統一04購02  ,0,0,0,0,0,0,0,0,0,-3000,0,0,0,0,3000,-3000,-3000
069648,高股息凱基04購01,0,0,0,0,0,0,0,0,0,-3000,0,0,0,0,3000,-3000,-3000
069602,玉晶光國票04購02,0,0,0,0,0,0,0,0,0,-3000,0,0,0,0,3000,-3000,-3000
069400,聯電統一03購06  ,0,0,0,0,0,0,0,0,0,-3000,0,0,0,44000,47000,-3000,-3000
069550,義隆元大02購03  ,0,0,0,0,0,0,0,0,0,-3000,0,0,0,43000,46000,-3000,-3000
069504,華通永豐02購02  ,0,0,0,0,0,0,0,0,0,-3000,0,0,0,0,3000,-3000,-3000
07694P,超眾元大9A售05  ,0,0,0,0,0,0,0,0,0,-3000,0,0,0,5000,8000,-3000,-3000
069797,奇鋐凱基04購01  ,0,0,0,0,0,0,0,0,0,-3000,0,0,0,20000,23000,-3000,-3000
069793,金像電凱基02購05,0,0,0,0,0,0,0,0,0,-3000,0,0,0,0,3000,-3000,-3000
08440P,玉晶光國票01售05,0,0,0,0,0,0,0,0,0,-3000,0,0,0,100000,103000,-3000,-3000
08436P,TPK群益9C售04   ,0,0,0,0,0,0,0,0,0,-3000,0,0,0,325000,328000,-3000,-3000
08365P,貿聯凱基9C售01  ,0,0,0,0,0,0,0,0,0,-3000,0,0,0,0,3000,-3000,-3000
068450,台積電國票01購10,0,0,0,0,0,0,0,0,0,-3000,0,0,0,182000,185000,-3000,-3000
069066,聯發科麥證02購02,0,0,0,0,3000,-3000,0,0,0,-3000,0,0,0,0,3000,-3000,-3000
069022,台積電國票03購06,30000,0,30000,0,0,0,0,0,0,-33000,0,0,0,0,33000,-33000,-3000
068942,美律日盛02購01  ,0,0,0,0,0,0,0,0,0,-3000,0,0,0,0,3000,-3000,-3000
068962,奇鋐群益02購02  ,0,0,0,0,0,0,0,0,0,-3000,0,0,0,4000,7000,-3000,-3000
068138,道瓊銀元大01購03,0,0,0,0,0,0,0,0,0,-3000,0,0,0,30000,33000,-3000,-3000
068247,宏碁元大01購03  ,0,0,0,0,0,0,0,0,0,-3000,0,0,0,61000,64000,-3000,-3000
058861,國巨凱基9A購08  ,0,0,0,0,0,0,0,0,0,-3000,0,0,0,20000,23000,-3000,-3000
059988,大立光元大9A購02,0,0,0,0,0,0,0,0,0,-3000,0,0,0,2000,5000,-3000,-3000
059198,華新科永豐99購06,0,0,0,0,0,0,0,0,0,-3000,0,0,0,7000,10000,-3000,-3000
059534,國泰金凱基99購01,0,0,0,0,0,0,0,0,0,-3000,0,0,0,3000,6000,-3000,-3000
063419,聯發科凱基03購01,0,0,0,0,0,0,0,0,0,-3000,0,0,0,0,3000,-3000,-3000
057972,群創富邦9C購01  ,0,0,0,0,0,0,0,0,0,-3000,0,0,0,7000,10000,-3000,-3000
058122,美律國票9A購01  ,0,0,0,0,0,0,0,0,0,-3000,0,0,0,0,3000,-3000,-3000
059843,華新科富邦9B購03,0,0,0,0,0,0,0,0,0,-3000,0,0,0,0,3000,-3000,-3000
05981P,可成永昌98售02  ,0,0,0,0,0,0,0,0,0,-3000,0,0,0,0,3000,-3000,-3000
059882,臺股指凱基9C購06,0,0,0,0,0,0,0,0,0,-3000,0,0,0,15000,18000,-3000,-3000
060932,南六永豐9A購02  ,0,0,0,0,0,0,0,0,0,-3000,0,0,0,0,3000,-3000,-3000
060974,滬深2X元大01購01,0,0,0,0,0,0,0,0,0,-3000,0,0,0,0,3000,-3000,-3000
058480,新日興凱基9A購01,0,0,0,0,0,0,0,0,0,-3000,0,0,0,9000,12000,-3000,-3000
054742,京鼎凱基99購01  ,0,0,0,0,0,0,0,0,0,-3000,0,0,0,7000,10000,-3000,-3000
054893,帆宣統一99購01  ,0,0,0,0,0,0,0,0,0,-3000,0,0,0,0,3000,-3000,-3000
060155,友訊永豐9A購01  ,0,0,0,0,0,0,0,0,0,-3000,0,0,0,8000,11000,-3000,-3000
057563,旭富國泰9A購01  ,0,0,0,0,0,0,0,0,0,-3000,0,0,0,0,3000,-3000,-3000
03049X,元展46          ,0,0,0,0,0,0,0,0,0,-3000,0,0,0,0,3000,-3000,-3000
063841,國巨元大01購01  ,0,0,0,0,0,0,0,0,0,-3000,0,0,0,54000,57000,-3000,-3000
063261,康控富邦03購01  ,0,0,0,0,0,0,0,0,0,-3000,0,0,0,0,3000,-3000,-3000
062029,牧德群益9B購03  ,0,0,0,0,0,0,0,0,0,-3000,0,0,0,7000,10000,-3000,-3000
062356,國巨元大9B購10  ,0,0,0,0,0,0,0,0,0,-3000,0,0,0,4000,7000,-3000,-3000
065040,燿華凱基9C購01  ,0,0,0,0,0,0,0,0,0,-3000,0,0,0,68000,71000,-3000,-3000
064968,道瓊銀元大01購02,0,0,0,0,0,0,0,0,0,-3000,0,0,0,0,3000,-3000,-3000
063104,大立光群益9C購02,0,0,0,0,0,0,0,0,0,-3000,0,0,0,0,3000,-3000,-3000
061155,華新科群益9A購06,0,0,0,0,0,0,0,0,0,-3000,0,0,0,0,3000,-3000,-3000
066763,創意永豐01購02  ,0,0,0,0,0,0,0,0,0,-3000,0,0,0,576000,579000,-3000,-3000
066778,緯穎富邦03購01  ,0,0,0,0,0,0,0,0,0,-3000,0,0,0,0,3000,-3000,-3000
066692,T50反1群益01購04,0,0,0,0,0,0,0,0,0,-3000,0,0,0,0,3000,-3000,-3000
066468,申豐統一02購01  ,0,0,0,0,0,0,0,0,0,-3000,0,0,0,0,3000,-3000,-3000
066936,新日興國票02購01,0,0,0,0,0,0,0,0,0,-3000,0,0,0,0,3000,-3000,-3000
067033,新日興康和01購01,0,0,0,0,0,0,0,0,0,-3000,0,0,0,0,3000,-3000,-3000
067671,正崴元大01購01  ,0,0,0,0,0,0,0,0,0,-3000,0,0,0,32000,35000,-3000,-3000
067754,元金2X元大01購02,0,0,0,0,0,0,0,0,0,-3000,0,0,0,4000,7000,-3000,-3000
067421,華邦電凱基01購02,0,0,0,0,0,0,0,0,0,-3000,0,0,0,0,3000,-3000,-3000
065668,南亞科凱基9C購02,0,0,0,0,0,0,0,0,0,-3000,0,0,0,2000,5000,-3000,-3000
065752,正崴元大9C購01  ,0,0,0,0,0,0,0,0,0,-3000,0,0,0,10000,13000,-3000,-3000
065355,聯發科元富03購05,0,0,0,0,0,0,0,0,0,-3000,0,0,0,0,3000,-3000,-3000
066441,聯強群益01購01  ,0,0,0,0,0,0,0,0,0,-3000,0,0,0,52000,55000,-3000,-3000
065804,大立光群益01購04,0,0,0,0,0,0,0,0,0,-3000,0,0,0,0,3000,-3000,-3000
065811,億豐群益9C購01  ,0,0,0,0,0,0,0,0,0,-3000,0,0,0,132000,135000,-3000,-3000
065828,大立光凱基06購01,0,0,0,0,0,0,0,0,0,-3000,0,0,0,18000,21000,-3000,-3000
065847,嘉晶元大9C購03  ,0,0,0,0,0,0,0,0,0,-3000,0,0,0,152000,155000,-3000,-3000
066101,微星國票02購01  ,0,0,0,0,0,0,0,0,0,-3000,0,0,0,30000,33000,-3000,-3000
6405,悅城            ,2000,5000,-3000,0,0,0,0,0,0,0,0,0,0,0,0,0,-3000
2496,卓越            ,0,3000,-3000,0,0,0,0,0,0,0,0,0,0,0,0,0,-3000
3035,智原            ,480000,235000,245000,0,0,0,0,200000,-200000,-48000,18000,4000,14000,8000,70000,-62000,-3000
3021,鴻名            ,6000,9000,-3000,0,0,0,0,0,0,0,0,0,0,0,0,0,-3000
2024,志聯            ,0,4000,-4000,0,0,0,0,0,0,1000,1000,0,1000,0,0,0,-3000
08646P,臺股指中信03售02,0,0,0,0,0,0,0,0,0,-3000,0,0,0,0,3000,-3000,-3000
08705P,臺股指群益01售02,0,0,0,0,0,0,0,0,0,-3000,0,0,0,0,3000,-3000,-3000
068158,緯創元大01購03  ,0,0,0,0,0,0,0,0,0,-4000,0,0,0,2000,6000,-4000,-4000
068980,欣興元大02購06  ,0,0,0,0,0,0,0,0,0,-4000,0,0,0,5000,9000,-4000,-4000
069006,義隆兆豐04購01  ,0,0,0,0,0,0,0,0,0,-4000,0,0,0,151000,155000,-4000,-4000
069004,瑞昱兆豐03購02  ,0,0,0,0,0,0,0,0,0,-4000,0,0,0,150000,154000,-4000,-4000
068894,美律元大02購03  ,0,0,0,0,0,0,0,0,0,-4000,0,0,0,10000,14000,-4000,-4000
068533,台郡元富07購03  ,0,0,0,0,0,0,0,0,0,-4000,0,0,0,0,4000,-4000,-4000
068664,臺股指元大02購09,0,0,0,0,0,0,0,0,0,-4000,0,0,0,1000,5000,-4000,-4000
069769,金像電元大02購10,0,0,0,0,0,0,0,0,0,-4000,0,0,0,0,4000,-4000,-4000
07183P,臺股指凱基99售25,0,0,0,0,0,0,0,0,0,-4000,0,0,0,3000,7000,-4000,-4000
07660P,聯茂凱基9A售03  ,0,0,0,0,0,0,0,0,0,-4000,0,0,0,30000,34000,-4000,-4000
069677,金像電元大02購09,0,0,0,0,0,0,0,0,0,-4000,0,0,0,149000,153000,-4000,-4000
069327,樺漢兆豐03購01  ,0,0,0,0,0,0,0,0,0,-4000,0,0,0,45000,49000,-4000,-4000
069243,台積電凱基03購13,0,0,0,0,0,0,0,0,0,-4000,0,0,0,6000,10000,-4000,-4000
03086P,台積電元大01售37,0,0,0,0,0,0,0,0,0,-4000,0,0,0,0,4000,-4000,-4000
03279P,滬深2X國票03售04,0,0,0,0,0,0,0,0,0,-4000,0,0,0,0,4000,-4000,-4000
00770,國泰北美科技    ,0,4000,-4000,0,0,0,0,0,0,0,0,0,0,23000,23000,0,-4000
00851,台新全球AI      ,0,0,0,0,0,0,0,0,0,-4000,0,0,0,25000,29000,-4000,-4000
00688L,國泰20年美債正2 ,0,0,0,0,0,0,0,0,0,-4000,0,0,0,100000,104000,-4000,-4000
057547,技嘉凱基99購01  ,0,0,0,0,0,0,0,0,0,-4000,0,0,0,70000,74000,-4000,-4000
03210P,美食國票03售01  ,0,0,0,0,0,0,0,0,0,-4000,0,0,0,32000,36000,-4000,-4000
03150P,台積電群益03售01,0,0,0,0,0,0,0,0,0,-4000,0,0,0,1000,5000,-4000,-4000
057325,可成群益9A購01  ,0,0,0,0,0,0,0,0,0,-4000,0,0,0,0,4000,-4000,-4000
03460P,瑞昱國票02售01  ,0,0,0,0,0,0,0,0,0,-4000,0,0,0,0,4000,-4000,-4000
058457,創意永豐99購01  ,0,0,0,0,0,0,0,0,0,-4000,0,0,0,0,4000,-4000,-4000
060552,群創凱基9B購05  ,0,0,0,0,0,0,0,0,0,-4000,0,0,0,11000,15000,-4000,-4000
060559,世紀鋼凱基9C購01,0,0,0,0,0,0,0,0,0,-4000,0,0,0,6000,10000,-4000,-4000
060565,大立光富邦01購01,0,0,0,0,0,0,0,0,0,-4000,0,0,0,30000,34000,-4000,-4000
057882,華通群益9A購03  ,0,0,0,0,0,0,0,0,0,-4000,0,0,0,1000,5000,-4000,-4000
060966,台表科凱基9B購01,0,0,0,0,0,0,0,0,0,-4000,0,0,0,12000,16000,-4000,-4000
060940,國巨國票9B購03  ,0,0,0,0,0,0,0,0,0,-4000,0,0,0,0,4000,-4000,-4000
060963,禾伸堂凱基9A購01,0,0,0,0,0,0,0,0,0,-4000,0,0,0,70000,74000,-4000,-4000
057999,智邦亞東99購02  ,0,0,0,0,0,0,0,0,0,-4000,0,0,0,12000,16000,-4000,-4000
059129,麗豐中信99購01  ,0,0,0,0,0,0,0,0,0,-4000,0,0,0,12000,16000,-4000,-4000
059145,創意國票99購02  ,0,0,0,0,0,0,0,0,0,-4000,0,0,0,0,4000,-4000,-4000
058664,百和兆豐99購01  ,0,0,0,0,0,0,0,0,0,-4000,0,0,0,133000,137000,-4000,-4000
058884,世紀鋼永豐99購02,0,0,0,0,0,0,0,0,0,-4000,0,0,0,0,4000,-4000,-4000
059705,華新科凱基9A購07,0,0,0,0,0,0,0,0,0,-4000,0,0,0,15000,19000,-4000,-4000
059996,美律元富99購01  ,0,0,0,0,0,0,0,0,0,-4000,0,0,0,0,4000,-4000,-4000
061210,玉山金元大9A購02,0,0,0,0,0,0,0,0,0,-4000,0,0,0,1000,5000,-4000,-4000
062893,元金2X元大9C購01,0,0,0,0,0,0,0,0,0,-4000,0,0,0,0,4000,-4000,-4000
063339,智邦統一01購01  ,0,0,0,0,0,0,0,0,0,-4000,0,0,0,275000,279000,-4000,-4000
064886,燿華中信01購01  ,0,0,0,0,0,0,0,0,0,-4000,0,0,0,0,4000,-4000,-4000
062177,上銀元大9B購02  ,0,0,0,0,0,0,0,0,0,-4000,0,0,0,7000,11000,-4000,-4000
062211,玉晶光台新9B購01,0,0,0,0,0,0,0,0,0,-4000,0,0,0,10000,14000,-4000,-4000
064411,台表科凱基02購01,0,0,0,0,0,0,0,0,0,-4000,0,0,0,40000,44000,-4000,-4000
062529,可成統一9C購03  ,0,0,0,0,0,0,0,0,0,-4000,0,0,0,0,4000,-4000,-4000
064027,義隆元大9C購01  ,0,0,0,0,0,0,0,0,0,-4000,0,0,0,0,4000,-4000,-4000
063887,香港2X中信02購01,0,0,0,0,0,0,0,0,0,-4000,0,0,0,5000,9000,-4000,-4000
064199,南六群益01購01  ,0,0,0,0,0,0,0,0,0,-4000,0,0,0,0,4000,-4000,-4000
064159,新日興統一01購02,0,0,0,0,0,0,0,0,0,-4000,0,0,0,10000,14000,-4000,-4000
062461,智伸科群益9B購01,0,0,0,0,0,0,0,0,0,-4000,0,0,0,5000,9000,-4000,-4000
066041,台光電元大01購02,0,0,0,0,0,0,0,0,0,-4000,0,0,0,0,4000,-4000,-4000
065245,國泰金兆豐9C購01,0,0,0,0,0,0,0,0,0,-4000,0,0,0,6000,10000,-4000,-4000
065291,日電貿群益01購01,0,0,0,0,0,0,0,0,0,-4000,0,0,0,100000,104000,-4000,-4000
064922,玉晶光統一01購10,0,0,0,0,0,0,0,0,0,-4000,0,0,0,36000,40000,-4000,-4000
065737,南茂凱基9C購02  ,0,0,0,0,0,0,0,0,0,-4000,0,0,0,2000,6000,-4000,-4000
065579,南茂群益9C購02  ,0,0,0,0,0,0,0,0,0,-4000,0,0,0,6000,10000,-4000,-4000
065593,達新元大9C購02  ,0,0,0,0,0,0,0,0,0,-4000,0,0,0,0,4000,-4000,-4000
067522,上証2X群益02購03,0,0,0,0,0,0,0,0,0,-4000,0,0,0,0,4000,-4000,-4000
066583,上証2X群益03購01,0,0,0,0,0,0,0,0,0,-4000,0,0,0,1000,5000,-4000,-4000
066660,群光凱基01購01  ,0,0,0,0,0,0,0,0,0,-4000,0,0,0,32000,36000,-4000,-4000
1323,永裕            ,8000,12000,-4000,0,0,0,0,0,0,0,0,0,0,0,0,0,-4000
6133,金橋            ,15000,15000,0,0,0,0,0,0,0,-4000,0,4000,-4000,0,0,0,-4000
4190,佐登-KY         ,17000,21000,-4000,0,0,0,0,0,0,0,2000,0,2000,0,2000,-2000,-4000
9926,新海            ,0,1000,-1000,0,0,0,0,0,0,-3000,0,3000,-3000,0,0,0,-4000
069370,SP黃豆元大03購02,0,0,0,0,0,0,0,0,0,-5000,0,0,0,0,5000,-5000,-5000
069583,群光永豐02購01  ,0,0,0,0,0,0,0,0,0,-5000,0,0,0,3000,8000,-5000,-5000
069468,玉晶光國票02購08,0,0,0,0,0,0,0,0,0,-5000,0,0,0,0,5000,-5000,-5000
069533,創意群益02購01  ,0,0,0,0,0,0,0,0,0,-5000,0,0,0,2000,7000,-5000,-5000
069435,健策群益02購03  ,0,0,0,0,0,0,0,0,0,-5000,0,0,0,10000,15000,-5000,-5000
07626P,台灣50凱基04售07,0,0,0,0,0,0,0,0,0,-5000,0,0,0,0,5000,-5000,-5000
07651P,道瓊指中信01售01,0,0,0,0,0,0,0,0,0,-5000,0,0,0,0,5000,-5000,-5000
07781P,高鐵凱基9A售02  ,0,0,0,0,0,0,0,0,0,-5000,0,0,0,0,5000,-5000,-5000
07980P,臺股指凱基02售01,0,0,0,0,0,0,0,0,0,-5000,0,0,0,0,5000,-5000,-5000
07944P,華新科元大9B售08,0,0,0,0,0,0,0,0,0,-5000,0,0,0,0,5000,-5000,-5000
07833P,大立光群益9B售02,0,0,0,0,0,0,0,0,0,-5000,0,0,0,0,5000,-5000,-5000
07248P,可成凱基99售06  ,0,0,0,0,0,0,0,0,0,-5000,0,0,0,0,5000,-5000,-5000
07462P,臺股指元大9B售05,0,0,0,0,0,0,0,0,0,-5000,0,0,0,0,5000,-5000,-5000
08433P,臺股指凱基03售01,0,0,0,0,0,0,0,0,0,-5000,0,0,0,0,5000,-5000,-5000
08505P,臺股指國票9C售07,0,0,0,0,0,0,0,0,0,-5000,0,0,0,5000,10000,-5000,-5000
08027P,嘉晶元大9B售03  ,0,0,0,0,0,0,0,0,0,-5000,0,0,0,0,5000,-5000,-5000
08111P,臺股指中信01售06,0,0,0,0,0,0,0,0,0,-5000,0,0,0,0,5000,-5000,-5000
068765,台積電統一04購03,0,0,0,0,0,0,0,0,0,-5000,0,0,0,55000,60000,-5000,-5000
068694,台積電凱基02購12,0,0,0,0,0,0,0,0,0,-5000,0,0,0,20000,25000,-5000,-5000
068606,聯發科凱基01購26,0,0,0,0,0,0,0,0,0,-5000,0,0,0,5000,10000,-5000,-5000
068611,臻鼎凱基01購01  ,0,0,0,0,0,0,0,0,0,-5000,0,0,0,50000,55000,-5000,-5000
068859,台積電元富08購06,0,0,0,0,0,0,0,0,0,-5000,0,0,0,53000,58000,-5000,-5000
068832,台積電國泰06購02,0,0,0,0,0,0,0,0,0,-5000,0,0,0,0,5000,-5000,-5000
068427,儒鴻凱基01購01  ,0,0,0,0,0,0,0,0,0,-5000,0,0,0,0,5000,-5000,-5000
067836,聯發科統一03購05,0,0,0,0,0,0,0,0,0,-5000,0,0,0,22000,27000,-5000,-5000
068078,緯創凱基02購01  ,0,0,0,0,0,0,0,0,0,-5000,0,0,0,0,5000,-5000,-5000
068107,台灣50台新01購06,0,0,0,0,0,0,0,0,0,-5000,0,0,0,0,5000,-5000,-5000
059794,滬深2X國票99購04,0,0,0,0,0,0,0,0,0,-5000,0,0,0,0,5000,-5000,-5000
059742,富邦金元富99購01,0,0,0,0,0,0,0,0,0,-5000,0,0,0,1000,6000,-5000,-5000
059364,昇陽半永豐99購02,0,0,0,0,0,0,0,0,0,-5000,0,0,0,0,5000,-5000,-5000
058873,美律國票9A購02  ,0,0,0,0,0,0,0,0,0,-5000,0,0,0,0,5000,-5000,-5000
064501,大立光元大01購02,0,0,0,0,0,0,0,0,0,-5000,0,0,0,6000,11000,-5000,-5000
063815,玉晶光群益02購01,0,0,0,0,0,0,0,0,0,-5000,0,0,0,13000,18000,-5000,-5000
058654,鴻海中信03購01  ,0,0,0,0,0,0,0,0,0,-5000,0,0,0,0,5000,-5000,-5000
058163,道瓊反凱基9B購01,0,0,0,0,0,0,0,0,0,-5000,0,0,0,56000,61000,-5000,-5000
058319,大毅永豐9A購01  ,0,0,0,0,0,0,0,0,0,-5000,0,0,0,10000,15000,-5000,-5000
061000,旺宏兆豐9A購02  ,0,0,0,0,0,0,0,0,0,-5000,0,0,0,0,5000,-5000,-5000
057894,華通元富02購02  ,0,0,0,0,0,0,0,0,0,-5000,0,0,0,0,5000,-5000,-5000
059844,大立光富邦9C購04,0,0,0,0,0,0,0,0,0,-5000,0,0,0,0,5000,-5000,-5000
03686C,臺股指元大04牛05,0,0,0,0,0,0,0,0,0,-5000,0,0,0,2000,7000,-5000,-5000
053276,友達元大9C購01  ,0,0,0,0,0,0,0,0,0,-5000,0,0,0,105000,110000,-5000,-5000
054868,國泰金群益9A購01,0,5000,-5000,0,0,0,0,0,0,0,0,0,0,0,0,0,-5000
060190,國泰金元富9A購01,0,0,0,0,0,0,0,0,0,-5000,0,0,0,0,5000,-5000,-5000
060264,華新科國票9A購02,0,0,0,0,0,0,0,0,0,-5000,0,0,0,40000,45000,-5000,-5000
060327,美律群益9A購02  ,0,0,0,0,0,0,0,0,0,-5000,0,0,0,0,5000,-5000,-5000
03143P,滬深2X國票03售02,0,0,0,0,0,0,0,0,0,-5000,0,0,0,0,5000,-5000,-5000
03220P,台灣50凱基04售14,0,0,0,0,0,0,0,0,0,-5000,0,0,0,0,5000,-5000,-5000
03185P,台積電元大01售49,0,0,0,0,0,0,0,0,0,-5000,0,0,0,0,5000,-5000,-5000
057604,鴻海統一9C購01  ,0,0,0,0,0,0,0,0,0,-5000,0,0,0,0,5000,-5000,-5000
00710B,FH彭博高收益債  ,0,0,0,0,0,0,0,0,0,-5000,0,0,0,115000,120000,-5000,-5000
0051,元大中型100     ,2000,2000,0,0,0,0,0,0,0,-5000,0,0,0,3000,8000,-5000,-5000
03259P,聯發科康和02售01,0,0,0,0,0,0,0,0,0,-5000,0,0,0,46000,51000,-5000,-5000
03261P,力山國票04售01  ,0,0,0,0,0,0,0,0,0,-5000,0,0,0,0,5000,-5000,-5000
03008P,玉晶光中信01售01,0,0,0,0,0,0,0,0,0,-5000,0,0,0,15000,20000,-5000,-5000
03023P,玉晶光群益02售27,0,0,0,0,0,0,0,0,0,-5000,0,0,0,2000,7000,-5000,-5000
03323P,牧德凱基02售03  ,0,0,0,0,0,0,0,0,0,-5000,0,0,0,0,5000,-5000,-5000
03077P,臺股指富邦01售03,0,0,0,0,0,0,0,0,0,-5000,0,0,0,0,5000,-5000,-5000
03047X,元展44          ,0,0,0,0,0,0,0,0,0,-5000,0,0,0,0,5000,-5000,-5000
062509,SP黃豆國票9B購03,0,0,0,0,0,0,0,0,0,-5000,0,0,0,0,5000,-5000,-5000
063716,旺宏兆豐9B購01  ,0,0,0,0,0,0,0,0,0,-5000,0,0,0,0,5000,-5000,-5000
064241,貿聯統一02購02  ,0,0,0,0,0,0,0,0,0,-5000,0,0,0,0,5000,-5000,-5000
063878,國巨元富9C購01  ,0,0,0,0,0,0,0,0,0,-5000,0,0,0,0,5000,-5000,-5000
063226,康控群益9B購03  ,0,0,0,0,0,0,0,0,0,-5000,0,0,0,200000,205000,-5000,-5000
062592,牧德統一01購01  ,0,0,0,0,0,0,0,0,0,-5000,0,0,0,0,5000,-5000,-5000
061655,微星國票9A購01  ,0,0,0,0,0,0,0,0,0,-5000,0,0,0,1000,6000,-5000,-5000
062144,華通國票9B購01  ,0,0,0,0,0,0,0,0,0,-5000,0,0,0,0,5000,-5000,-5000
064836,群創統一9C購04  ,0,0,0,0,0,0,0,0,0,-5000,0,0,0,22000,27000,-5000,-5000
064947,台積電凱基01購08,0,0,0,0,0,0,0,0,0,-5000,0,0,0,0,5000,-5000,-5000
064693,玉晶光群益01購06,0,0,0,0,0,0,0,0,0,-5000,0,0,0,12000,17000,-5000,-5000
064618,南亞科元大9C購04,0,0,0,0,0,0,0,0,0,-5000,0,0,0,0,5000,-5000,-5000
062640,訊連國票9C購01  ,0,0,0,0,0,0,0,0,0,-5000,0,0,0,40000,45000,-5000,-5000
062615,亞德客元大9B購02,0,0,0,0,0,0,0,0,0,-5000,0,0,0,0,5000,-5000,-5000
062987,祥碩中信01購01  ,0,0,0,0,0,0,0,0,0,-5000,0,0,0,0,5000,-5000,-5000
063106,台表科群益9B購03,0,0,0,0,0,0,0,0,0,-5000,0,0,0,148000,153000,-5000,-5000
061326,新日興凱基9B購01,0,0,0,0,0,0,0,0,0,-5000,0,0,0,18000,23000,-5000,-5000
061129,文曄永豐9A購01  ,0,0,0,0,0,0,0,0,0,-5000,0,0,0,0,5000,-5000,-5000
061520,健策中信9A購01  ,0,0,0,0,0,0,0,0,0,-5000,0,0,0,10000,15000,-5000,-5000
066671,TPK凱基02購02   ,0,0,0,0,0,0,0,0,0,-5000,0,0,0,63000,68000,-5000,-5000
066487,聯詠元富01購03  ,0,0,0,0,0,0,0,0,0,-5000,0,0,0,41000,46000,-5000,-5000
066488,聯詠元富07購01  ,0,0,0,0,0,0,0,0,0,-5000,0,0,0,2000,7000,-5000,-5000
066504,全新富邦03購01  ,0,0,0,0,0,0,0,0,0,-5000,0,0,0,0,5000,-5000,-5000
067027,日月光兆豐03購01,0,0,0,0,0,0,0,0,0,-5000,0,0,0,10000,15000,-5000,-5000
067059,A50正2元大01購01,0,0,0,0,0,0,0,0,0,-5000,0,0,0,0,5000,-5000,-5000
06685P,鴻海國泰9A售01  ,0,0,0,0,0,0,0,0,0,-5000,0,0,0,0,5000,-5000,-5000
067514,申豐統一02購05  ,0,0,0,0,0,0,0,0,0,-5000,0,0,0,33000,38000,-5000,-5000
067462,台灣50元大01購27,0,0,0,0,0,0,0,0,0,-5000,0,0,0,0,5000,-5000,-5000
067426,聯發科凱基01購14,0,0,0,0,0,0,0,0,0,-5000,0,0,0,50000,55000,-5000,-5000
067370,南亞科統一03購03,0,0,0,0,0,0,0,0,0,-5000,0,0,0,15000,20000,-5000,-5000
067166,華通麥證01購01  ,0,0,0,4000,9000,-5000,0,0,0,-5000,0,0,0,4000,9000,-5000,-5000
067227,T50反1群益01購06,0,0,0,0,0,0,0,0,0,-5000,0,0,0,0,5000,-5000,-5000
065563,T50反1群益9C購04,0,0,0,0,0,0,0,0,0,-5000,0,0,0,0,5000,-5000,-5000
065534,台光電統一9C購02,0,0,0,0,0,0,0,0,0,-5000,0,0,0,0,5000,-5000,-5000
065787,奇鋐永豐9C購01  ,0,0,0,0,0,0,0,0,0,-5000,0,0,0,0,5000,-5000,-5000
065102,同欣電元大9C購07,0,0,0,0,0,0,0,0,0,-5000,0,0,0,65000,70000,-5000,-5000
065844,南亞科元大9C購09,0,0,0,0,0,0,0,0,0,-5000,0,0,0,0,5000,-5000,-5000
065834,億豐凱基03購01  ,0,0,0,0,0,0,0,0,0,-5000,0,0,0,116000,121000,-5000,-5000
065809,同欣電群益9C購03,0,0,0,0,0,0,0,0,0,-5000,0,0,0,8000,13000,-5000,-5000
066367,緯創中信05購01  ,0,0,0,0,0,0,0,0,0,-5000,0,0,0,0,5000,-5000,-5000
8367,建新國際        ,2000,7000,-5000,0,0,0,0,0,0,0,0,0,0,0,0,0,-5000
3383,新世紀          ,1000,6000,-5000,0,0,0,0,0,0,0,0,0,0,0,0,0,-5000
2597,潤弘            ,4000,9000,-5000,0,0,0,0,0,0,0,0,0,0,0,0,0,-5000
1467,南緯            ,278000,286000,-8000,0,0,0,0,0,0,3000,3000,0,3000,0,0,0,-5000
1560,中砂            ,66000,70000,-4000,0,0,0,0,0,0,-1000,0,1000,-1000,0,0,0,-5000
08655P,大立光群益02售02,0,0,0,0,0,0,0,0,0,-5000,0,0,0,0,5000,-5000,-5000
08915P,臺股指凱基01售06,0,0,0,0,0,0,0,0,0,-5000,0,0,0,0,5000,-5000,-5000
08868P,欣興凱基02售03  ,0,0,0,0,0,0,0,0,0,-5000,0,0,0,5000,10000,-5000,-5000
08902P,台灣50中信05售01,0,0,0,0,0,0,0,0,0,-5000,0,0,0,0,5000,-5000,-5000
08818P,台灣50凱基01售18,0,0,0,0,0,0,0,0,0,-5000,0,0,0,0,5000,-5000,-5000
08819P,上証2X凱基02售01,0,0,0,0,0,0,0,0,0,-5000,0,0,0,0,5000,-5000,-5000
08820P,台積電凱基01售10,0,0,0,0,0,0,0,0,0,-5000,0,0,0,0,5000,-5000,-5000
08832P,台表科群益01售01,0,0,0,0,0,0,0,0,0,-5000,0,0,0,0,5000,-5000,-5000
067909,玉晶光國泰03購02,0,0,0,0,0,0,0,0,0,-6000,0,0,0,0,6000,-6000,-6000
068425,道瓊銀凱基04購01,0,0,0,0,0,0,0,0,0,-6000,0,0,0,0,6000,-6000,-6000
068787,國巨凱基02購09  ,0,0,0,0,0,0,0,0,0,-6000,0,0,0,522000,528000,-6000,-6000
06885P,國巨國票99售06  ,0,0,0,0,0,0,0,0,0,-6000,0,0,0,0,6000,-6000,-6000
068525,京元電元富07購01,0,0,0,0,0,0,0,0,0,-6000,0,0,0,34000,40000,-6000,-6000
068634,台積電凱基03購08,0,0,0,0,0,0,0,0,0,-6000,0,0,0,0,6000,-6000,-6000
08450P,台積電統一9C售14,0,0,0,0,0,0,0,0,0,-6000,0,0,0,0,6000,-6000,-6000
07182P,臺股指凱基99售24,0,0,0,0,0,0,0,0,0,-6000,0,0,0,3000,9000,-6000,-6000
07807P,聯茂永豐9A售02  ,0,0,0,0,0,0,0,0,0,-6000,0,0,0,226000,232000,-6000,-6000
03046P,緯穎國票03售01  ,0,0,0,0,0,0,0,0,0,-6000,0,0,0,182000,188000,-6000,-6000
03094X,大立光元大68展08,0,0,0,0,0,0,0,0,0,-6000,0,0,0,0,6000,-6000,-6000
00660,元大歐洲50      ,0,0,0,0,0,0,0,0,0,-6000,0,0,0,3000,9000,-6000,-6000
00852L,國泰美國道瓊正2 ,0,696000,-696000,0,0,0,0,0,0,690000,50000,0,50000,1103000,463000,640000,-6000
056274,彩晶統一98購02  ,0,0,0,0,0,0,0,0,0,-6000,0,0,0,0,6000,-6000,-6000
060144,全新國票9B購01  ,0,0,0,0,0,0,0,0,0,-6000,0,0,0,0,6000,-6000,-6000
060154,堤維西永豐9A購01,0,0,0,0,0,0,0,0,0,-6000,0,0,0,0,6000,-6000,-6000
056811,健策統一9B購01  ,0,0,0,0,0,0,0,0,0,-6000,0,0,0,3000,9000,-6000,-6000
054308,嘉晶凱基98購01  ,0,0,0,0,0,0,0,0,0,-6000,0,0,0,4000,10000,-6000,-6000
03476P,鴻海元富08售04  ,0,0,0,0,0,0,0,0,0,-6000,0,0,0,0,6000,-6000,-6000
058150,中502X統一9B購01,0,0,0,0,0,0,0,0,0,-6000,0,0,0,0,6000,-6000,-6000
058683,可成凱基9A購01  ,0,0,0,0,0,0,0,0,0,-6000,0,0,0,0,6000,-6000,-6000
059637,大立光凱基01購01,0,0,0,0,0,0,0,0,0,-6000,0,0,0,14000,20000,-6000,-6000
059528,華新科凱基99購06,0,0,0,0,0,0,0,0,0,-6000,0,0,0,0,6000,-6000,-6000
061593,智原永豐9A購01  ,0,0,0,0,0,0,0,0,0,-6000,0,0,0,0,6000,-6000,-6000
061454,國巨凱基9A購16  ,0,0,0,0,0,0,0,0,0,-6000,0,0,0,24000,30000,-6000,-6000
061312,滬深2X凱基9A購05,0,0,0,0,0,0,0,0,0,-6000,0,0,0,0,6000,-6000,-6000
062902,智邦元大9B購07  ,0,0,0,0,0,0,0,0,0,-6000,0,0,0,137000,143000,-6000,-6000
061747,南亞科統一01購01,0,0,0,0,0,0,0,0,0,-6000,0,0,0,0,6000,-6000,-6000
061823,勤誠群益9B購01  ,0,0,0,0,0,0,0,0,0,-6000,0,0,0,64000,70000,-6000,-6000
064621,大立光元大9C購20,0,0,0,0,0,0,0,0,0,-6000,0,0,0,0,6000,-6000,-6000
064594,奇力新統一01購05,0,0,0,0,0,0,0,0,0,-6000,0,0,0,119000,125000,-6000,-6000
064559,旺宏群益01購02  ,0,0,0,0,0,0,0,0,0,-6000,0,0,0,0,6000,-6000,-6000
061708,同欣電國票9A購02,0,0,0,0,0,0,0,0,0,-6000,0,0,0,2000,8000,-6000,-6000
064413,世紀鋼凱基02購01,0,0,0,0,0,0,0,0,0,-6000,0,0,0,10000,16000,-6000,-6000
063903,國巨麥證01購01  ,0,0,0,4000,14000,-10000,0,0,0,-6000,0,0,0,8000,14000,-6000,-6000
064145,宏碁統一02購01  ,0,0,0,0,0,0,0,0,0,-6000,0,0,0,36000,42000,-6000,-6000
063480,南六元大9C購01  ,0,0,0,0,0,0,0,0,0,-6000,0,0,0,135000,141000,-6000,-6000
065859,GIS元大9C購10   ,0,0,0,0,0,0,0,0,0,-6000,0,0,0,10000,16000,-6000,-6000
066126,南港群益01購01  ,0,0,0,0,0,0,0,0,0,-6000,0,0,0,499000,505000,-6000,-6000
065335,玉晶光台新9C購03,0,0,0,0,0,0,0,0,0,-6000,0,0,0,0,6000,-6000,-6000
065722,緯創兆豐9C購02  ,0,0,0,0,0,0,0,0,0,-6000,0,0,0,29000,35000,-6000,-6000
067365,美利達群益01購03,0,0,0,0,0,0,0,0,0,-6000,0,0,0,70000,76000,-6000,-6000
067308,欣興元大01購03  ,0,0,0,0,0,0,0,0,0,-6000,0,0,0,37000,43000,-6000,-6000
067479,京元電元大01購05,0,0,0,0,0,0,0,0,0,-6000,0,0,0,230000,236000,-6000,-6000
066632,智原凱基02購01  ,0,0,0,0,0,0,0,0,0,-6000,0,0,0,94000,100000,-6000,-6000
066786,聯發科麥證01購05,0,0,0,4000,10000,-6000,0,0,0,-6000,0,0,0,4000,10000,-6000,-6000
08785P,滬深2X元富01售04,0,0,0,0,0,0,0,0,0,-6000,0,0,0,0,6000,-6000,-6000
08706P,台積電統一02售04,0,0,0,0,0,0,0,0,0,-6000,0,0,0,0,6000,-6000,-6000
2115,六暉-KY         ,10000,16000,-6000,0,0,0,0,0,0,0,0,0,0,0,0,0,-6000
3055,蔚華科          ,42000,118000,-76000,0,0,0,0,0,0,70000,70000,0,70000,0,0,0,-6000
07731P,臺股指凱基9A售28,0,0,0,0,0,0,0,0,0,-7000,0,0,0,13000,20000,-7000,-7000
07990P,緯穎凱基9B售02  ,0,0,0,0,0,0,0,0,0,-7000,0,0,0,50000,57000,-7000,-7000
07010P,T50正2凱基9C售01,0,0,0,0,0,0,0,0,0,-7000,0,0,0,5000,12000,-7000,-7000
069570,奇鋐凱基02購03  ,0,0,0,0,0,0,0,0,0,-7000,0,0,0,34000,41000,-7000,-7000
069698,台積電元富08購18,0,0,0,0,0,0,0,0,0,-7000,0,0,0,0,7000,-7000,-7000
069696,國巨元富08購04  ,0,0,0,0,0,0,0,0,0,-7000,0,0,0,0,7000,-7000,-7000
068642,帆宣凱基03購01  ,0,0,0,0,0,0,0,0,0,-7000,0,0,0,3000,10000,-7000,-7000
068591,台積電元富07購13,0,0,0,0,0,0,0,0,0,-7000,0,0,0,189000,196000,-7000,-7000
068059,宏碁中信03購01  ,0,0,0,0,0,0,0,0,0,-7000,0,0,0,158000,165000,-7000,-7000
059562,上銀凱基99購09  ,0,0,0,0,0,0,0,0,0,-7000,0,0,0,10000,17000,-7000,-7000
061036,晶技永豐9A購03  ,0,0,0,0,0,0,0,0,0,-7000,0,0,0,21000,28000,-7000,-7000
058890,元油2X元大9C購06,0,0,0,0,0,0,0,0,0,-7000,0,0,0,0,7000,-7000,-7000
058386,A50正2國票9B購01,0,0,0,0,0,0,0,0,0,-7000,0,0,0,0,7000,-7000,-7000
053163,上証2X群益9A購02,0,0,0,0,0,0,0,0,0,-7000,0,0,0,13000,20000,-7000,-7000
057638,上銀元大99購01  ,0,0,0,0,0,0,0,0,0,-7000,0,0,0,6000,13000,-7000,-7000
03149P,鴻海群益01售12  ,0,0,0,0,0,0,0,0,0,-7000,0,0,0,0,7000,-7000,-7000
03079P,台灣50元大01售31,0,0,0,0,0,0,0,0,0,-7000,0,0,0,20000,27000,-7000,-7000
063738,奇鋐元大9B購03  ,0,0,0,0,0,0,0,0,0,-7000,0,0,0,3000,10000,-7000,-7000
064438,大立光凱基01購03,0,0,0,0,0,0,0,0,0,-7000,0,0,0,3000,10000,-7000,-7000
062762,聯詠凱基9B購02  ,0,0,0,0,0,0,0,0,0,-7000,0,0,0,33000,40000,-7000,-7000
062081,華新科元大9B購06,0,0,0,0,0,0,0,0,0,-7000,0,0,0,4000,11000,-7000,-7000
062632,嘉晶國票9B購01  ,0,0,0,0,0,0,0,0,0,-7000,0,0,0,0,7000,-7000,-7000
064719,聯發科統一02購01,0,0,0,0,0,0,0,0,0,-7000,0,0,0,0,7000,-7000,-7000
063027,台汽電元大9B購01,0,0,0,0,0,0,0,0,0,-7000,0,0,0,38000,45000,-7000,-7000
066605,盟立永豐01購02  ,0,0,0,0,0,0,0,0,0,-7000,0,0,0,0,7000,-7000,-7000
067271,世紀鋼永豐01購02,0,0,0,0,0,0,0,0,0,-7000,0,0,0,0,7000,-7000,-7000
064908,世紀鋼群益01購02,0,0,0,0,0,0,0,0,0,-7000,0,0,0,14000,21000,-7000,-7000
065876,牧德群益02購01  ,0,0,0,0,0,0,0,0,0,-7000,0,0,0,0,7000,-7000,-7000
08725P,臺股指元大01售06,0,0,0,0,0,0,0,0,0,-7000,0,0,0,19000,26000,-7000,-7000
08584P,立積群益9C售02  ,0,0,0,0,0,0,0,0,0,-7000,0,0,0,37000,44000,-7000,-7000
067858,上証2X元大01購06,0,0,0,0,0,0,0,0,0,-8000,0,0,0,2000,10000,-8000,-8000
068242,長興元大01購02  ,0,0,0,0,0,0,0,0,0,-8000,0,0,0,0,8000,-8000,-8000
069716,T50反1群益02購07,0,0,0,0,0,0,0,0,0,-8000,0,0,0,0,8000,-8000,-8000
069659,百和凱基03購01  ,0,0,0,0,0,0,0,0,0,-8000,0,0,0,0,8000,-8000,-8000
06925P,致茂群益9A售02  ,0,0,0,0,0,0,0,0,0,-8000,0,0,0,0,8000,-8000,-8000
069756,國巨兆豐03購04  ,0,0,0,0,0,0,0,0,0,-8000,0,0,0,27000,35000,-8000,-8000
069839,裕隆群益02購01  ,0,0,0,0,0,0,0,0,0,-8000,0,0,0,0,8000,-8000,-8000
07991P,鴻海群益9C售02  ,0,0,0,0,0,0,0,0,0,-8000,0,0,0,2000,10000,-8000,-8000
08429P,台達電凱基9C售01,0,0,0,0,0,0,0,0,0,-8000,0,0,0,30000,38000,-8000,-8000
03252P,台積電台新02售01,0,0,0,0,0,0,0,0,0,-8000,0,0,0,10000,18000,-8000,-8000
03187P,聯發科元大01售33,0,0,0,0,0,0,0,0,0,-8000,0,0,0,0,8000,-8000,-8000
03144P,台積電國票01售09,0,0,0,0,0,0,0,0,0,-8000,0,0,0,0,8000,-8000,-8000
057605,旺宏統一99購03  ,0,0,0,0,0,0,0,0,0,-8000,0,0,0,0,8000,-8000,-8000
060159,健和興永豐9A購01,0,0,0,0,0,0,0,0,0,-8000,0,0,0,19000,27000,-8000,-8000
060251,易華電元大9C購01,0,0,0,0,0,0,0,0,0,-8000,0,0,0,1000,9000,-8000,-8000
058390,樺漢國票9A購01  ,0,0,0,0,0,0,0,0,0,-8000,0,0,0,3000,11000,-8000,-8000
060601,技嘉凱基9A購02  ,0,0,0,0,0,0,0,0,0,-8000,0,0,0,43000,51000,-8000,-8000
060660,國巨凱基9B購04  ,0,0,0,0,0,0,0,0,0,-8000,0,0,0,20000,28000,-8000,-8000
059779,滬深2X元大9C購05,0,0,0,0,0,0,0,0,0,-8000,0,0,0,0,8000,-8000,-8000
059762,禾伸堂永豐99購02,0,0,0,0,0,0,0,0,0,-8000,0,0,0,12000,20000,-8000,-8000
063035,燿華凱基9B購02  ,0,0,0,0,0,0,0,0,0,-8000,0,0,0,2000,10000,-8000,-8000
063081,技嘉凱基9B購02  ,0,0,0,0,0,0,0,0,0,-8000,0,0,0,13000,21000,-8000,-8000
06326P,鴻海中信01售01  ,0,0,0,0,0,0,0,0,0,-8000,0,0,0,84000,92000,-8000,-8000
061468,神達群益9A購01  ,0,0,0,0,0,0,0,0,0,-8000,0,0,0,10000,18000,-8000,-8000
065049,世芯凱基02購01  ,0,0,0,0,0,0,0,0,0,-8000,0,0,0,84000,92000,-8000,-8000
064861,緯創富邦9C購01  ,0,0,0,0,0,0,0,0,0,-8000,0,0,0,2000,10000,-8000,-8000
061925,禾伸堂凱基9C購01,0,0,0,0,0,0,0,0,0,-8000,0,0,0,70000,78000,-8000,-8000
062718,技嘉凱基9B購01  ,0,0,0,0,0,0,0,0,0,-8000,0,0,0,23000,31000,-8000,-8000
062534,力成統一01購01  ,0,0,0,0,0,0,0,0,0,-8000,0,0,0,0,8000,-8000,-8000
06242P,大立光元富9A售02,0,0,0,0,0,0,0,0,0,-8000,0,0,0,20000,28000,-8000,-8000
063207,聯茂統一01購01  ,0,0,0,0,0,0,0,0,0,-8000,0,0,0,24000,32000,-8000,-8000
062434,華通元大9B購04  ,0,0,0,0,0,0,0,0,0,-8000,0,0,0,15000,23000,-8000,-8000
064065,大立光富邦02購02,0,0,0,0,0,0,0,0,0,-8000,0,0,0,4000,12000,-8000,-8000
065869,微星群益02購01  ,0,0,0,0,0,0,0,0,0,-8000,0,0,0,22000,30000,-8000,-8000
065857,嘉聯益元大9C購03,0,0,0,0,0,0,0,0,0,-8000,0,0,0,665000,673000,-8000,-8000
064933,矽創統一01購01  ,0,0,0,0,0,0,0,0,0,-8000,0,0,0,42000,50000,-8000,-8000
065341,華邦電統一01購02,0,0,0,0,0,0,0,0,0,-8000,0,0,0,20000,28000,-8000,-8000
065296,國巨統一01購10  ,0,0,0,0,0,0,0,0,0,-8000,0,0,0,50000,58000,-8000,-8000
065622,鴻海中信06購01  ,0,0,0,0,0,0,0,0,0,-8000,0,0,0,0,8000,-8000,-8000
065624,聯詠中信9C購01  ,0,0,0,0,0,0,0,0,0,-8000,0,0,0,12000,20000,-8000,-8000
065627,貿聯兆豐9C購02  ,0,0,0,0,0,0,0,0,0,-8000,0,0,0,40000,48000,-8000,-8000
067390,聯詠元富07購02  ,0,0,0,0,0,0,0,0,0,-8000,0,0,0,60000,68000,-8000,-8000
067624,微星富邦04購01  ,0,0,0,0,0,0,0,0,0,-8000,0,0,0,333000,341000,-8000,-8000
066648,可成麥證01購01  ,0,0,0,32000,40000,-8000,0,0,0,-8000,0,0,0,32000,40000,-8000,-8000
066716,高股息元大01購01,0,0,0,0,0,0,0,0,0,-8000,0,0,0,2000,10000,-8000,-8000
08555P,超眾國票01售01  ,0,0,0,0,0,0,0,0,0,-8000,0,0,0,5000,13000,-8000,-8000
069776,創意元大02購04  ,0,0,0,0,0,0,0,0,0,-9000,0,0,0,0,9000,-9000,-9000
07274P,上証2X群益01售01,0,0,0,0,0,0,0,0,0,-9000,0,0,0,1000,10000,-9000,-9000
068141,鴻海元大01購25  ,0,0,0,0,0,0,0,0,0,-9000,0,0,0,120000,129000,-9000,-9000
068542,SP黃豆國票01購01,0,0,0,0,0,0,0,0,0,-9000,0,0,0,1000,10000,-9000,-9000
068528,緯創元富03購01  ,0,0,0,0,0,0,0,0,0,-9000,0,0,0,16000,25000,-9000,-9000
068895,京元電元大02購02,0,0,0,0,0,0,0,0,0,-9000,0,0,0,54000,63000,-9000,-9000
069079,聯發科凱基02購07,0,0,0,0,0,0,0,0,0,-9000,0,0,0,81000,90000,-9000,-9000
063471,泰鼎元大9C購01  ,0,0,0,0,0,0,0,0,0,-9000,0,0,0,60000,69000,-9000,-9000
060598,鴻海凱基9A購20  ,0,0,0,0,0,0,0,0,0,-9000,0,0,0,1000,10000,-9000,-9000
058474,鴻海凱基9A購06  ,0,0,0,0,0,0,0,0,0,-9000,0,0,0,1000,10000,-9000,-9000
059146,貿聯國票9A購02  ,0,0,0,0,0,0,0,0,0,-9000,0,0,0,53000,62000,-9000,-9000
059115,美食永豐99購01  ,0,0,0,0,0,0,0,0,0,-9000,0,0,0,0,9000,-9000,-9000
059006,樺漢元大99購01  ,0,0,0,0,0,0,0,0,0,-9000,0,0,0,1000,10000,-9000,-9000
056222,台積電凱基9A購01,0,0,0,0,0,0,0,0,0,-9000,0,0,0,191000,200000,-9000,-9000
03123P,台積電元大01售45,0,0,0,0,0,0,0,0,0,-9000,0,0,0,1000,10000,-9000,-9000
03358P,金像電群益02售03,0,0,0,0,0,0,0,0,0,-9000,0,0,0,1000,10000,-9000,-9000
064216,矽格凱基01購01  ,0,0,0,0,0,0,0,0,0,-9000,0,0,0,1000,10000,-9000,-9000
063890,正隆群益9C購01  ,0,0,0,0,0,0,0,0,0,-9000,0,0,0,141000,150000,-9000,-9000
063853,同欣電元大9C購02,0,0,0,0,0,0,0,0,0,-9000,0,0,0,28000,37000,-9000,-9000
062437,廣達元大9B購01  ,0,0,0,0,0,0,0,0,0,-9000,0,0,0,4000,13000,-9000,-9000
062512,美食國票9B購01  ,0,0,0,0,0,0,0,0,0,-9000,0,0,0,128000,137000,-9000,-9000
062538,台積電國泰9C購02,0,0,0,0,0,0,0,0,0,-9000,0,0,0,0,9000,-9000,-9000
062085,同欣電元大9B購01,0,0,0,0,0,0,0,0,0,-9000,0,0,0,72000,81000,-9000,-9000
064244,GIS統一02購01   ,0,0,0,0,0,0,0,0,0,-9000,0,0,0,261000,270000,-9000,-9000
064251,緯創元富9C購01  ,0,0,0,0,0,0,0,0,0,-9000,0,0,0,1000,10000,-9000,-9000
064249,聯發科元富06購01,0,0,0,0,0,0,0,0,0,-9000,0,0,0,1000,10000,-9000,-9000
061928,群創凱基9B購06  ,0,0,0,0,0,0,0,0,0,-9000,0,0,0,45000,54000,-9000,-9000
064771,貿聯中信01購01  ,0,0,0,0,0,0,0,0,0,-9000,0,0,0,48000,57000,-9000,-9000
061524,華通凱基9A購07  ,0,0,0,0,0,0,0,0,0,-9000,0,0,0,1000,10000,-9000,-9000
061512,國巨永豐9A購04  ,0,0,0,0,0,0,0,0,0,-9000,0,0,0,21000,30000,-9000,-9000
066867,A50正2元富01購02,0,0,0,0,0,0,0,0,0,-9000,0,0,0,0,9000,-9000,-9000
066953,禾伸堂元大01購01,0,0,0,0,0,0,0,0,0,-9000,0,0,0,100000,109000,-9000,-9000
067717,聯電凱基03購01  ,0,0,0,0,0,0,0,0,0,-9000,0,0,0,2000,11000,-9000,-9000
065589,景碩永豐9C購02  ,0,0,0,0,0,0,0,0,0,-9000,0,0,0,5000,14000,-9000,-9000
065443,智邦統一9C購03  ,0,0,0,0,0,0,0,0,0,-9000,0,0,0,52000,61000,-9000,-9000
065687,華通元富9C購03  ,0,0,0,0,0,0,0,0,0,-9000,0,0,0,1000,10000,-9000,-9000
064911,光寶科統一02購01,0,0,0,0,0,0,0,0,0,-9000,0,0,0,328000,337000,-9000,-9000
065807,智伸科群益01購01,0,0,0,0,0,0,0,0,0,-9000,0,0,0,60000,69000,-9000,-9000
08631P,臺股指麥證9C售06,0,0,0,8000,17000,-9000,0,0,0,-9000,0,0,0,8000,17000,-9000,-9000
08616P,聯發科元富9C售02,0,0,0,0,0,0,0,0,0,-9000,0,0,0,2000,11000,-9000,-9000
5007,三星            ,3000,12000,-9000,0,0,0,0,0,0,0,0,0,0,0,0,0,-9000
2444,兆勁            ,3000,12000,-9000,0,0,0,0,0,0,0,0,0,0,0,0,0,-9000
9930,中聯資源        ,11000,20000,-9000,0,0,0,0,0,0,0,0,0,0,0,0,0,-9000
069074,長興凱基03購01  ,0,0,0,0,0,0,0,0,0,-10000,0,0,0,20000,30000,-10000,-10000
068948,鴻海凱基02購07  ,0,0,0,0,0,0,0,0,0,-10000,0,0,0,0,10000,-10000,-10000
068847,台積電統一06購01,0,0,0,0,0,0,0,0,0,-10000,0,0,0,0,10000,-10000,-10000
068516,聯發科統一05購02,0,0,0,0,0,0,0,0,0,-10000,0,0,0,0,10000,-10000,-10000
068535,台積電中信05購06,0,0,0,0,0,0,0,0,0,-10000,0,0,0,0,10000,-10000,-10000
068662,臺股指元大02購07,0,0,0,0,0,0,0,0,0,-10000,0,0,0,0,10000,-10000,-10000
068679,T50反1國泰03購02,0,0,0,0,0,0,0,0,0,-10000,0,0,0,0,10000,-10000,-10000
068197,聯發科凱基01購19,0,0,0,0,0,0,0,0,0,-10000,0,0,0,60000,70000,-10000,-10000
068272,華新科永豐01購02,0,0,0,0,0,0,0,0,0,-10000,0,0,0,16000,26000,-10000,-10000
067844,全新元富07購01  ,0,0,0,0,0,0,0,0,0,-10000,0,0,0,0,10000,-10000,-10000
067788,致伸群益03購02  ,0,0,0,0,0,0,0,0,0,-10000,0,0,0,0,10000,-10000,-10000
067807,京元電凱基01購02,0,0,0,0,0,0,0,0,0,-10000,0,0,0,8000,18000,-10000,-10000
07251P,台灣50元富01售04,0,0,0,0,0,0,0,0,0,-10000,0,0,0,0,10000,-10000,-10000
07135P,臺股指元大9A售29,0,0,0,0,0,0,0,0,0,-10000,0,0,0,0,10000,-10000,-10000
069854,金像電永豐02購03,0,0,0,0,0,0,0,0,0,-10000,0,0,0,0,10000,-10000,-10000
069847,南電群益03購03  ,0,0,0,0,0,0,0,0,0,-10000,0,0,0,0,10000,-10000,-10000
069794,微星凱基04購01  ,0,0,0,0,0,0,0,0,0,-10000,0,0,0,16000,26000,-10000,-10000
069755,華通兆豐03購01  ,0,0,0,0,0,0,0,0,0,-10000,0,0,0,0,10000,-10000,-10000
069782,百和元大02購01  ,0,0,0,0,0,0,0,0,0,-10000,0,0,0,9000,19000,-10000,-10000
07940P,國巨群益9B售06  ,0,0,0,0,0,0,0,0,0,-10000,0,0,0,0,10000,-10000,-10000
07882P,台灣50凱基01售12,0,0,0,0,0,0,0,0,0,-10000,0,0,0,0,10000,-10000,-10000
07876P,台灣50國泰01售01,0,0,0,0,0,0,0,0,0,-10000,0,0,0,0,10000,-10000,-10000
07668P,旺宏元大9A售10  ,0,0,0,0,0,0,0,0,0,-10000,0,0,0,100000,110000,-10000,-10000
08409P,臺股指元大9C售15,0,0,0,0,0,0,0,0,0,-10000,0,0,0,0,10000,-10000,-10000
08403P,上銀元大9C售07  ,0,0,0,0,0,0,0,0,0,-10000,0,0,0,0,10000,-10000,-10000
08336P,聯發科中信9C售05,0,0,0,0,0,0,0,0,0,-10000,0,0,0,0,10000,-10000,-10000
08074P,緯穎元富9B售02  ,0,0,0,0,0,0,0,0,0,-10000,0,0,0,10000,20000,-10000,-10000
08063P,立積國票9B售03  ,0,0,0,0,0,0,0,0,0,-10000,0,0,0,0,10000,-10000,-10000
08173P,金像電凱基9B售02,0,0,0,0,0,0,0,0,0,-10000,0,0,0,0,10000,-10000,-10000
069313,中磊凱基02購01  ,0,0,0,0,0,0,0,0,0,-10000,0,0,0,19000,29000,-10000,-10000
069103,TPK統一04購04   ,0,0,0,0,0,0,0,0,0,-10000,0,0,0,0,10000,-10000,-10000
069130,台灣50永豐02購01,0,0,0,0,0,0,0,0,0,-10000,0,0,0,0,10000,-10000,-10000
069654,大立光凱基02購08,0,0,0,0,0,0,0,0,0,-10000,0,0,0,0,10000,-10000,-10000
069667,A50正2元大03購02,0,0,0,0,0,0,0,0,0,-10000,0,0,0,0,10000,-10000,-10000
069668,臺指反元大03購06,0,0,0,0,0,0,0,0,0,-10000,0,0,0,0,10000,-10000,-10000
069680,群光元大02購01  ,0,0,0,0,0,0,0,0,0,-10000,0,0,0,3000,13000,-10000,-10000
069565,鴻海凱基04購02  ,0,0,0,0,0,0,0,0,0,-10000,0,0,0,0,10000,-10000,-10000
069636,嘉澤元富08購01  ,0,0,0,0,0,0,0,0,0,-10000,0,0,0,0,10000,-10000,-10000
069425,臻鼎中信03購01  ,0,0,0,0,0,0,0,0,0,-10000,0,0,0,0,10000,-10000,-10000
069553,臻鼎元大02購02  ,0,0,0,0,0,0,0,0,0,-10000,0,0,0,190000,200000,-10000,-10000
069542,華通元大02購07  ,0,0,0,0,0,0,0,0,0,-10000,0,0,0,0,10000,-10000,-10000
069557,燿華日盛02購01  ,0,0,0,0,0,0,0,0,0,-10000,0,0,0,30000,40000,-10000,-10000
03345P,台積電元富08售16,0,0,0,0,0,0,0,0,0,-10000,0,0,0,0,10000,-10000,-10000
03108P,台積電元大01售40,0,0,0,0,0,0,0,0,0,-10000,0,0,0,0,10000,-10000,-10000
03193P,台積電國泰03售06,0,0,0,0,0,0,0,0,0,-10000,0,0,0,839000,849000,-10000,-10000
056352,鴻海元大99購01  ,0,0,0,0,0,0,0,0,0,-10000,0,0,0,0,10000,-10000,-10000
056353,鴻海元大99購02  ,0,0,0,0,0,0,0,0,0,-10000,0,0,0,80000,90000,-10000,-10000
056637,台光電日盛9A購01,0,0,0,0,0,0,0,0,0,-10000,0,0,0,0,10000,-10000,-10000
03402P,大立光凱基02售07,0,0,0,0,0,0,0,0,0,-10000,0,0,0,0,10000,-10000,-10000
03396P,台積電中信06售07,0,0,0,0,0,0,0,0,0,-10000,0,0,0,0,10000,-10000,-10000
056517,茂林兆豐99購01  ,0,0,0,0,0,0,0,0,0,-10000,0,0,0,0,10000,-10000,-10000
056547,臻鼎凱基99購01  ,0,0,0,0,0,0,0,0,0,-10000,0,0,0,10000,20000,-10000,-10000
057580,玉山金中信9A購01,0,0,0,0,0,0,0,0,0,-10000,0,0,0,14000,24000,-10000,-10000
057668,華新科元大9A購01,0,0,0,0,0,0,0,0,0,-10000,0,0,0,0,10000,-10000,-10000
057739,新日興富邦9B購01,0,0,0,0,0,0,0,0,0,-10000,0,0,0,0,10000,-10000,-10000
03264P,聯茂國票04售01  ,0,0,0,0,0,0,0,0,0,-10000,0,0,0,10000,20000,-10000,-10000
03291P,國巨元大02售08  ,0,0,0,0,0,0,0,0,0,-10000,0,0,0,0,10000,-10000,-10000
03004P,華擎群益02售02  ,0,0,0,0,0,0,0,0,0,-10000,0,0,0,50000,60000,-10000,-10000
03016P,滬深2X群益01售09,0,0,0,0,0,0,0,0,0,-10000,0,0,0,0,10000,-10000,-10000
03043P,健策國票03售01  ,0,0,0,0,0,0,0,0,0,-10000,0,0,0,0,10000,-10000,-10000
060293,緯創元大9A購01  ,0,0,0,0,0,0,0,0,0,-10000,0,0,0,0,10000,-10000,-10000
060222,貿聯凱基9A購02  ,0,0,0,0,0,0,0,0,0,-10000,0,0,0,0,10000,-10000,-10000
060320,元金2X群益02購01,0,0,0,0,0,0,0,0,0,-10000,0,0,0,0,10000,-10000,-10000
060375,葡萄王元富9A購01,0,0,0,0,0,0,0,0,0,-10000,0,0,0,0,10000,-10000,-10000
060472,中租元大9A購02  ,0,0,0,0,0,0,0,0,0,-10000,0,0,0,0,10000,-10000,-10000
056854,友達中信9A購01  ,0,0,0,0,0,0,0,0,0,-10000,0,0,0,0,10000,-10000,-10000
057292,國巨國泰9B購01  ,0,0,0,0,0,0,0,0,0,-10000,0,0,0,0,10000,-10000,-10000
057331,台積電國票99購04,0,0,0,0,0,0,0,0,0,-10000,0,0,0,3000,13000,-10000,-10000
057224,和碩日盛9A購01  ,0,0,0,0,0,0,0,0,0,-10000,0,0,0,0,10000,-10000,-10000
057417,國巨凱基9A購03  ,0,0,0,0,0,0,0,0,0,-10000,0,0,0,0,10000,-10000,-10000
060785,國巨富邦9B購04  ,0,0,0,0,0,0,0,0,0,-10000,0,0,0,0,10000,-10000,-10000
053394,鴻海中信9A購01  ,0,0,0,0,0,0,0,0,0,-10000,0,0,0,0,10000,-10000,-10000
052766,玉晶光群益9A購01,0,0,0,0,0,0,0,0,0,-10000,0,0,0,0,10000,-10000,-10000
046905,新光金凱基99購01,0,0,0,0,0,0,0,0,0,-10000,0,0,0,10000,20000,-10000,-10000
047548,友達凱基99購03  ,0,0,0,0,0,0,0,0,0,-10000,0,0,0,0,10000,-10000,-10000
03448P,台積電元大02售30,0,0,0,0,0,0,0,0,0,-10000,0,0,0,0,10000,-10000,-10000
03428P,台積電元大02售28,5000,0,5000,0,0,0,0,0,0,-15000,0,0,0,10000,25000,-15000,-10000
059100,元油2X統一9C購02,0,0,0,0,0,0,0,0,0,-10000,0,0,0,0,10000,-10000,-10000
059072,元油2X元大9C購13,0,0,0,0,0,0,0,0,0,-10000,0,0,0,0,10000,-10000,-10000
058687,聯茂凱基9A購01  ,0,0,0,0,0,0,0,0,0,-10000,0,0,0,0,10000,-10000,-10000
058353,國巨凱基99購09  ,0,0,0,0,0,0,0,0,0,-10000,0,0,0,20000,30000,-10000,-10000
058382,S&P500中信99購01,0,0,0,0,0,0,0,0,0,-10000,0,0,0,0,10000,-10000,-10000
058327,大毅統一9B購01  ,0,0,0,0,0,0,0,0,0,-10000,0,0,0,0,10000,-10000,-10000
058296,明泰凱基99購01  ,0,0,0,0,0,0,0,0,0,-10000,0,0,0,0,10000,-10000,-10000
058250,台虹元大99購01  ,0,0,0,0,0,0,0,0,0,-10000,0,0,0,0,10000,-10000,-10000
058136,景碩元大99購02  ,0,0,0,0,0,0,0,0,0,-10000,0,0,0,0,10000,-10000,-10000
060769,國巨麥證9A購02  ,0,0,0,1000,20000,-19000,0,0,0,-10000,0,0,0,11000,21000,-10000,-10000
060574,高股息中信9C購01,0,0,0,0,0,0,0,0,0,-10000,0,0,0,0,10000,-10000,-10000
060543,鴻海凱基9B購02  ,0,0,0,0,0,0,0,0,0,-10000,0,0,0,0,10000,-10000,-10000
060659,鴻海凱基9B購03  ,0,0,0,0,0,0,0,0,0,-10000,0,0,0,0,10000,-10000,-10000
060627,國巨國泰9B購05  ,0,0,0,0,0,0,0,0,0,-10000,0,0,0,0,10000,-10000,-10000
058546,玉晶光富邦9B購01,0,0,0,0,0,0,0,0,0,-10000,0,0,0,0,10000,-10000,-10000
059855,緯穎永豐99購04  ,0,0,0,0,0,0,0,0,0,-10000,0,0,0,0,10000,-10000,-10000
057889,致新群益99購01  ,0,0,0,0,0,0,0,0,0,-10000,0,0,0,0,10000,-10000,-10000
057928,鈺齊凱基98購02  ,0,0,0,0,0,0,0,0,0,-10000,0,0,0,0,10000,-10000,-10000
060967,鈺齊凱基9A購02  ,0,0,0,0,0,0,0,0,0,-10000,0,0,0,0,10000,-10000,-10000
060980,台積電元大9A購21,0,0,0,0,0,0,0,0,0,-10000,0,0,0,0,10000,-10000,-10000
060784,鴻海富邦9C購01  ,0,0,0,0,0,0,0,0,0,-10000,0,0,0,0,10000,-10000,-10000
063422,奇鋐凱基9B購04  ,0,0,0,0,0,0,0,0,0,-10000,0,0,0,3000,13000,-10000,-10000
063424,新日興凱基01購01,0,0,0,0,0,0,0,0,0,-10000,0,0,0,0,10000,-10000,-10000
064332,聯發科元大01購01,0,0,0,0,0,0,0,0,0,-10000,0,0,0,0,10000,-10000,-10000
063790,南亞科台新9C購01,0,0,0,0,0,0,0,0,0,-10000,0,0,0,0,10000,-10000,-10000
063795,上銀凱基9C購01  ,0,0,0,0,0,0,0,0,0,-10000,0,0,0,0,10000,-10000,-10000
063796,鴻海凱基9C購02  ,0,0,0,0,0,0,0,0,0,-10000,0,0,0,0,10000,-10000,-10000
064536,富邦金國票01購01,0,0,0,0,0,0,0,0,0,-10000,0,0,0,30000,40000,-10000,-10000
064521,群創群益02購01  ,0,0,0,0,0,0,0,0,0,-10000,0,0,0,10000,20000,-10000,-10000
059717,國巨元大99購21  ,0,0,0,0,0,0,0,0,0,-10000,0,0,0,0,10000,-10000,-10000
059997,華航元富99購01  ,0,0,0,0,0,0,0,0,0,-10000,0,0,0,10000,20000,-10000,-10000
058765,緯穎群益99購03  ,0,0,0,0,0,0,0,0,0,-10000,0,0,0,0,10000,-10000,-10000
060063,可成兆豐9B購01  ,0,0,0,0,0,0,0,0,0,-10000,0,0,0,0,10000,-10000,-10000
060048,元金2X凱基99購03,0,0,0,0,0,0,0,0,0,-10000,0,0,0,0,10000,-10000,-10000
060049,華通凱基99購06  ,0,0,0,0,0,0,0,0,0,-10000,0,0,0,0,10000,-10000,-10000
059535,玉山金凱基99購01,0,0,0,0,0,0,0,0,0,-10000,0,0,0,0,10000,-10000,-10000
059461,鈺齊永豐99購03  ,0,0,0,0,0,0,0,0,0,-10000,0,0,0,0,10000,-10000,-10000
059641,群創凱基99購06  ,0,0,0,0,0,0,0,0,0,-10000,0,0,0,0,10000,-10000,-10000
059699,華通凱基99購04  ,0,0,0,0,0,0,0,0,0,-10000,0,0,0,0,10000,-10000,-10000
059726,華新科元大99購18,0,0,0,0,0,0,0,0,0,-10000,0,0,0,0,10000,-10000,-10000
059665,嘉聯益元大99購06,0,0,0,0,0,0,0,0,0,-10000,0,0,0,0,10000,-10000,-10000
059427,國巨元大99購24  ,0,0,0,0,0,0,0,0,0,-10000,0,0,0,2000,12000,-10000,-10000
059339,上銀凱基99購06  ,0,0,0,0,0,0,0,0,0,-10000,0,0,0,0,10000,-10000,-10000
059340,鴻海凱基9A購12  ,0,0,0,0,0,0,0,0,0,-10000,0,0,0,0,10000,-10000,-10000
059346,新日興凱基99購03,0,0,0,0,0,0,0,0,0,-10000,0,0,0,0,10000,-10000,-10000
059236,鴻海凱基99購09  ,0,0,0,0,0,0,0,0,0,-10000,0,0,0,0,10000,-10000,-10000
059254,台表科凱基9A購02,0,0,0,0,0,0,0,0,0,-10000,0,0,0,0,10000,-10000,-10000
061508,南六國泰9C購02  ,0,0,0,0,0,0,0,0,0,-10000,0,0,0,0,10000,-10000,-10000
061383,高股息群益9A購01,0,0,0,0,0,0,0,0,0,-10000,0,0,0,0,10000,-10000,-10000
061311,元黃金凱基9A購03,0,0,0,0,0,0,0,0,0,-10000,0,0,0,0,10000,-10000,-10000
061223,T50反1中信01購01,0,0,0,0,0,0,0,0,0,-10000,0,0,0,0,10000,-10000,-10000
061256,亞德客凱基9B購01,0,0,0,0,0,0,0,0,0,-10000,0,0,0,0,10000,-10000,-10000
063389,大立光兆豐9C購02,0,0,0,0,0,0,0,0,0,-10000,0,0,0,0,10000,-10000,-10000
063301,鴻海凱基9B購08  ,0,0,0,0,0,0,0,0,0,-10000,0,0,0,0,10000,-10000,-10000
063284,大立光元大9B購07,0,0,0,0,0,0,0,0,0,-10000,0,0,0,0,10000,-10000,-10000
063313,南亞科群益9B購02,0,0,0,0,0,0,0,0,0,-10000,0,0,0,0,10000,-10000,-10000
063051,仁寶統一01購01  ,0,0,0,0,0,0,0,0,0,-10000,0,0,0,0,10000,-10000,-10000
063067,緯穎麥證9B購01  ,0,0,0,0,10000,-10000,0,0,0,-10000,0,0,0,0,10000,-10000,-10000
063070,奇力新富邦01購01,0,0,0,0,0,0,0,0,0,-10000,0,0,0,0,10000,-10000,-10000
063058,A50正2元富02購01,0,0,0,0,0,0,0,0,0,-10000,0,0,0,15000,25000,-10000,-10000
063021,大立光元大9C購05,0,0,0,0,0,0,0,0,0,-10000,0,0,0,0,10000,-10000,-10000
062936,鴻海凱基9B購07  ,0,0,0,0,0,0,0,0,0,-10000,0,0,0,0,10000,-10000,-10000
064882,同欣電兆豐9C購01,0,0,0,0,0,0,0,0,0,-10000,0,0,0,0,10000,-10000,-10000
061053,國巨群益9A購08  ,0,0,0,0,0,0,0,0,0,-10000,0,0,0,50000,60000,-10000,-10000
061088,國巨統一9C購05  ,0,0,0,0,0,0,0,0,0,-10000,0,0,0,0,10000,-10000,-10000
06478P,臺股指日盛9A售01,0,0,0,0,0,0,0,0,0,-10000,0,0,0,0,10000,-10000,-10000
061828,T50反1凱基02購01,0,0,0,0,0,0,0,0,0,-10000,0,0,0,100000,110000,-10000,-10000
061803,巨大永豐9B購01  ,0,0,0,0,0,0,0,0,0,-10000,0,0,0,0,10000,-10000,-10000
061849,國巨國票9B購08  ,0,0,0,0,0,0,0,0,0,-10000,0,0,0,310000,320000,-10000,-10000
061865,力山元大9B購01  ,0,0,0,0,0,0,0,0,0,-10000,0,0,0,0,10000,-10000,-10000
064255,泰碩國泰02購01  ,0,0,0,0,0,0,0,0,0,-10000,0,0,0,0,10000,-10000,-10000
062023,寶成永豐9B購01  ,0,0,0,0,0,0,0,0,0,-10000,0,0,0,0,10000,-10000,-10000
062038,鴻海凱基9B購05  ,0,0,0,0,0,0,0,0,0,-10000,0,0,0,0,10000,-10000,-10000
062349,新日興群益9B購02,0,0,0,0,0,0,0,0,0,-10000,0,0,0,0,10000,-10000,-10000
062322,元金2X統一01購01,0,0,0,0,0,0,0,0,0,-10000,0,0,0,0,10000,-10000,-10000
062275,燿華群益9B購01  ,0,0,0,0,0,0,0,0,0,-10000,0,0,0,0,10000,-10000,-10000
062246,力山元大9B購02  ,0,0,0,0,0,0,0,0,0,-10000,0,0,0,0,10000,-10000,-10000
064401,台達電凱基06購01,0,0,0,0,0,0,0,0,0,-10000,0,0,0,0,10000,-10000,-10000
061642,創意元大9A購04  ,0,0,0,0,0,0,0,0,0,-10000,0,0,0,0,10000,-10000,-10000
062781,微星元大9C購01  ,0,0,0,0,0,0,0,0,0,-10000,0,0,0,0,10000,-10000,-10000
063211,道瓊銀國票9B購01,0,0,0,0,0,0,0,0,0,-10000,0,0,0,10000,20000,-10000,-10000
062464,T50反1凱基9C購03,0,0,0,0,0,0,0,0,0,-10000,0,0,0,0,10000,-10000,-10000
063747,國巨國票9C購06  ,0,0,0,0,0,0,0,0,0,-10000,0,0,0,0,10000,-10000,-10000
063730,台積電元大9B購09,0,0,0,0,0,0,0,0,0,-10000,0,0,0,0,10000,-10000,-10000
063501,旭富永豐9B購02  ,0,0,0,0,0,0,0,0,0,-10000,0,0,0,0,10000,-10000,-10000
063557,聚陽元大9B購01  ,0,0,0,0,0,0,0,0,0,-10000,0,0,0,0,10000,-10000,-10000
063531,台表科凱基9B購04,0,0,0,0,0,0,0,0,0,-10000,0,0,0,34000,44000,-10000,-10000
063604,群創凱基01購02  ,0,0,0,0,0,0,0,0,0,-10000,0,0,0,10000,20000,-10000,-10000
063650,矽創元大9B購03  ,0,0,0,0,0,0,0,0,0,-10000,0,0,0,215000,225000,-10000,-10000
063995,健鼎群益9C購01  ,0,0,0,0,0,0,0,0,0,-10000,0,0,0,0,10000,-10000,-10000
063888,TPK中信01購01   ,0,0,0,0,0,0,0,0,0,-10000,0,0,0,13000,23000,-10000,-10000
064183,聯茂富邦01購01  ,0,0,0,0,0,0,0,0,0,-10000,0,0,0,0,10000,-10000,-10000
065854,臻鼎元大9C購05  ,0,0,0,0,0,0,0,0,0,-10000,0,0,0,50000,60000,-10000,-10000
06586P,鴻海元大9C售01  ,0,0,0,0,0,0,0,0,0,-10000,0,0,0,0,10000,-10000,-10000
065905,聯茂富邦02購01  ,0,0,0,0,0,0,0,0,0,-10000,0,0,0,0,10000,-10000,-10000
066116,宏達電兆豐01購01,0,0,0,0,0,0,0,0,0,-10000,0,0,0,0,10000,-10000,-10000
066130,燿華群益01購03  ,0,0,0,0,0,0,0,0,0,-10000,0,0,0,10000,20000,-10000,-10000
066071,台光電凱基02購01,0,0,0,0,0,0,0,0,0,-10000,0,0,0,0,10000,-10000,-10000
066069,英業達凱基02購01,0,0,0,0,0,0,0,0,0,-10000,0,0,0,0,10000,-10000,-10000
065988,晶技永豐01購01  ,0,0,0,0,0,0,0,0,0,-10000,0,0,0,0,10000,-10000,-10000
066373,美利達中信01購01,0,0,0,0,0,0,0,0,0,-10000,0,0,0,1000,11000,-10000,-10000
066302,卜蜂永豐01購01  ,0,0,0,0,0,0,0,0,0,-10000,0,0,0,30000,40000,-10000,-10000
066238,聯鈞富邦03購01  ,0,0,0,0,0,0,0,0,0,-10000,0,0,0,0,10000,-10000,-10000
066158,惠特康和01購01  ,0,0,0,0,0,0,0,0,0,-10000,0,0,0,0,10000,-10000,-10000
066176,華擎凱基01購01  ,0,0,0,0,0,0,0,0,0,-10000,0,0,0,10000,20000,-10000,-10000
065161,矽格群益9C購01  ,0,0,0,0,0,0,0,0,0,-10000,0,0,0,48000,58000,-10000,-10000
065267,聯鈞元大9C購02  ,0,0,0,0,0,0,0,0,0,-10000,0,0,0,12000,22000,-10000,-10000
065249,聯發科麥證9C購04,0,0,0,0,10000,-10000,0,0,0,-10000,0,0,0,0,10000,-10000,-10000
065371,漢唐元大01購01  ,0,0,0,0,0,0,0,0,0,-10000,0,0,0,8000,18000,-10000,-10000
065399,新日興群益01購01,0,0,0,0,0,0,0,0,0,-10000,0,0,0,0,10000,-10000,-10000
065681,聯發科統一9C購17,0,0,0,0,0,0,0,0,0,-10000,0,0,0,12000,22000,-10000,-10000
065702,聯發科群益9C購14,0,0,0,0,0,0,0,0,0,-10000,0,0,0,0,10000,-10000,-10000
065657,智邦富邦9C購01  ,0,0,0,0,0,0,0,0,0,-10000,0,0,0,15000,25000,-10000,-10000
065734,凌華凱基9C購01  ,0,0,0,0,0,0,0,0,0,-10000,0,0,0,0,10000,-10000,-10000
065736,同欣電凱基9C購05,0,0,0,0,0,0,0,0,0,-10000,0,0,0,80000,90000,-10000,-10000
065779,台勝科國泰01購02,0,0,0,0,0,0,0,0,0,-10000,0,0,0,0,10000,-10000,-10000
065629,台積電國票01購04,0,0,0,0,0,0,0,0,0,-10000,0,0,0,20000,30000,-10000,-10000
067681,嘉澤元大01購05  ,0,0,0,0,0,0,0,0,0,-10000,0,0,0,25000,35000,-10000,-10000
067731,SP黃豆元大01購01,0,0,0,0,0,0,0,0,0,-10000,0,0,0,0,10000,-10000,-10000
067629,亞德客永豐01購01,0,0,0,0,0,0,0,0,0,-10000,0,0,0,7000,17000,-10000,-10000
067605,新日興凱基02購02,0,0,0,0,0,0,0,0,0,-10000,0,0,0,0,10000,-10000,-10000
067535,友達群益02購01  ,0,0,0,0,0,0,0,0,0,-10000,0,0,0,0,10000,-10000,-10000
067540,新日興群益02購01,0,0,0,0,0,0,0,0,0,-10000,0,0,0,0,10000,-10000,-10000
067342,新日興凱基01購02,0,0,0,0,0,0,0,0,0,-10000,0,0,0,0,10000,-10000,-10000
067182,鴻海凱基02購05  ,0,0,0,0,0,0,0,0,0,-10000,0,0,0,0,10000,-10000,-10000
067079,聯鈞元大02購01  ,0,0,0,0,0,0,0,0,0,-10000,0,0,0,0,10000,-10000,-10000
067100,華邦電群益01購01,0,0,0,0,0,0,0,0,0,-10000,0,0,0,0,10000,-10000,-10000
066780,上証反中信04購01,0,0,0,0,0,0,0,0,0,-10000,0,0,0,0,10000,-10000,-10000
6715,嘉基            ,25000,71000,-46000,0,0,0,38000,0,38000,-2000,1000,1000,0,0,2000,-2000,-10000
2887F,台新戊特二      ,0,0,0,0,0,0,0,0,0,-10000,0,10000,-10000,0,0,0,-10000
5525,順天            ,6000,16000,-10000,0,0,0,0,0,0,0,0,0,0,0,0,0,-10000
4552,力達-KY         ,24000,34000,-10000,0,0,0,0,0,0,0,0,0,0,0,0,0,-10000
08680P,聯發科元大01售10,0,0,0,0,0,0,0,0,0,-10000,0,0,0,0,10000,-10000,-10000
08782P,台積電元大01售17,0,0,0,0,0,0,0,0,0,-10000,0,0,0,0,10000,-10000,-10000
08855P,台灣50國票01售05,0,0,0,0,0,0,0,0,0,-10000,0,0,0,0,10000,-10000,-10000
069567,聯發科凱基04購02,0,0,0,0,0,0,0,0,0,-11000,0,0,0,14000,25000,-11000,-11000
069673,華通元大02購08  ,0,0,0,0,0,0,0,0,0,-11000,0,0,0,0,11000,-11000,-11000
069141,美律永豐02購01  ,0,0,0,0,0,0,0,0,0,-11000,0,0,0,0,11000,-11000,-11000
069310,大立光凱基02購06,0,0,0,0,0,0,0,0,0,-11000,0,0,0,0,11000,-11000,-11000
07880P,可成群益9B售05  ,0,0,0,0,0,0,0,0,0,-11000,0,0,0,20000,31000,-11000,-11000
07955P,大成鋼群益9B售02,0,0,0,0,0,0,0,0,0,-11000,0,0,0,51000,62000,-11000,-11000
07065P,臺股指元大9A售26,0,0,0,0,0,0,0,0,0,-11000,0,0,0,45000,56000,-11000,-11000
07423P,大立光元大99售33,0,0,0,0,0,0,0,0,0,-11000,0,0,0,0,11000,-11000,-11000
067935,大立光凱基01購09,0,0,0,0,0,0,0,0,0,-11000,0,0,0,0,11000,-11000,-11000
068058,聯電中信03購02  ,0,0,0,0,0,0,0,0,0,-11000,0,0,0,0,11000,-11000,-11000
068840,瑞儀永豐02購01  ,0,0,0,0,0,0,0,0,0,-11000,0,0,0,160000,171000,-11000,-11000
059807,大立光元富99購09,0,0,0,0,0,0,0,0,0,-11000,0,0,0,74000,85000,-11000,-11000
061037,嘉澤永豐9A購01  ,0,0,0,0,0,0,0,0,0,-11000,0,0,0,0,11000,-11000,-11000
059947,貿聯永豐99購03  ,0,0,0,0,0,0,0,0,0,-11000,0,0,0,84000,95000,-11000,-11000
064375,智邦元富03購01  ,0,0,0,0,0,0,0,0,0,-11000,0,0,0,134000,145000,-11000,-11000
060957,SP黃豆凱基9A購04,0,0,0,0,0,0,0,0,0,-11000,0,0,0,5000,16000,-11000,-11000
060697,鴻海國泰9C購01  ,0,0,0,0,0,0,0,0,0,-11000,0,0,0,82000,93000,-11000,-11000
03483P,聯發科國泰04售01,0,0,0,0,0,0,0,0,0,-11000,0,0,0,0,11000,-11000,-11000
046629,群創統一98購01  ,0,0,0,0,0,0,0,0,0,-11000,0,0,0,0,11000,-11000,-11000
03014P,玉晶光永豐01售05,0,0,0,0,0,0,0,0,0,-11000,0,0,0,0,11000,-11000,-11000
03299P,華通元富02售04  ,0,0,0,0,0,0,0,0,0,-11000,0,0,0,32000,43000,-11000,-11000
057850,上銀兆豐99購02  ,0,0,0,0,0,0,0,0,0,-11000,0,0,0,0,11000,-11000,-11000
03188P,聯發科元大01售34,0,0,0,0,0,0,0,0,0,-11000,0,0,0,0,11000,-11000,-11000
03148P,聯電群益03售04  ,0,0,0,0,0,0,0,0,0,-11000,0,0,0,473000,484000,-11000,-11000
057548,微星凱基99購01  ,0,0,0,0,0,0,0,0,0,-11000,0,0,0,73000,84000,-11000,-11000
064084,群創中信06購02  ,0,0,0,0,0,0,0,0,0,-11000,0,0,0,71000,82000,-11000,-11000
064012,泰碩國票01購02  ,0,0,0,0,0,0,0,0,0,-11000,0,0,0,46000,57000,-11000,-11000
063477,訊芯元大9B購01  ,0,0,0,0,0,0,0,0,0,-11000,0,0,0,55000,66000,-11000,-11000
064434,微星凱基02購01  ,0,0,0,0,0,0,0,0,0,-11000,0,0,0,14000,25000,-11000,-11000
064999,T50反1國票9C購03,0,0,0,0,0,0,0,0,0,-11000,0,0,0,162000,173000,-11000,-11000
063033,台積電凱基9B購09,0,0,0,0,0,0,0,0,0,-11000,0,0,0,0,11000,-11000,-11000
067009,樺漢永豐01購01  ,0,0,0,0,0,0,0,0,0,-11000,0,0,0,42000,53000,-11000,-11000
06564P,國巨富邦9A售04  ,0,0,0,0,0,0,0,0,0,-11000,0,0,0,39000,50000,-11000,-11000
066043,美律元大01購01  ,0,0,0,0,0,0,0,0,0,-11000,0,0,0,20000,31000,-11000,-11000
065944,大成鋼統一02購01,0,0,0,0,0,0,0,0,0,-11000,0,0,0,46000,57000,-11000,-11000
08825P,義隆元大01售04  ,0,0,0,0,0,0,0,0,0,-11000,0,0,0,21000,32000,-11000,-11000
08672P,聯發科統一01售09,0,0,0,0,0,0,0,0,0,-11000,0,0,0,0,11000,-11000,-11000
08627P,臺股指群益9C售22,0,0,0,0,0,0,0,0,0,-11000,0,0,0,0,11000,-11000,-11000
08595P,南電群益9C售03  ,0,0,0,0,0,0,0,0,0,-11000,0,0,0,130000,141000,-11000,-11000
2731,雄獅            ,2000,13000,-11000,0,0,0,0,0,0,0,0,0,0,0,0,0,-11000
2471,資通            ,14000,25000,-11000,0,0,0,0,0,0,0,0,0,0,0,0,0,-11000
2528,皇普            ,4000,15000,-11000,0,0,0,0,0,0,0,0,0,0,0,0,0,-11000
8112,至上            ,448000,488000,-40000,0,0,0,0,2000,-2000,31000,31000,0,31000,0,0,0,-11000
068926,道瓊銀永豐02購01,0,0,0,0,0,0,0,0,0,-12000,0,0,0,19000,31000,-12000,-12000
068038,康控元富03購01  ,0,0,0,0,0,0,0,0,0,-12000,0,0,0,645000,657000,-12000,-12000
067820,和碩凱基01購01  ,0,0,0,0,0,0,0,0,0,-12000,0,0,0,212000,224000,-12000,-12000
069834,欣興元富08購03  ,0,0,0,0,0,0,0,0,0,-12000,0,0,0,0,12000,-12000,-12000
08410P,臺股指元大9C售16,0,0,0,0,0,0,0,0,0,-12000,0,0,0,0,12000,-12000,-12000
08514P,華新科凱基9C售05,0,0,0,0,0,0,0,0,0,-12000,0,0,0,18000,30000,-12000,-12000
08487P,同欣電群益01售01,0,0,0,0,0,0,0,0,0,-12000,0,0,0,28000,40000,-12000,-12000
069649,正隆凱基02購01  ,0,0,0,0,0,0,0,0,0,-12000,0,0,0,0,12000,-12000,-12000
069473,百和國票03購01  ,0,0,0,0,0,0,0,0,0,-12000,0,0,0,10000,22000,-12000,-12000
03374P,玉晶光元大02售06,0,0,0,0,0,0,0,0,0,-12000,0,0,0,0,12000,-12000,-12000
03326P,臺股指凱基05售01,0,0,0,0,0,0,0,0,0,-12000,0,0,0,10000,22000,-12000,-12000
055976,台積電統一99購03,0,0,0,0,0,0,0,0,0,-12000,0,0,0,0,12000,-12000,-12000
060510,大立光元大9A購03,0,0,0,0,0,0,0,0,0,-12000,0,0,0,0,12000,-12000,-12000
060638,玉晶光永豐9A購04,0,0,0,0,0,0,0,0,0,-12000,0,0,0,5000,17000,-12000,-12000
058540,嘉聯益國泰9A購02,0,0,0,0,0,0,0,0,0,-12000,0,0,0,113000,125000,-12000,-12000
058834,GIS永豐99購01   ,0,0,0,0,0,0,0,0,0,-12000,0,0,0,0,12000,-12000,-12000
063086,祥碩凱基9C購01  ,0,0,0,0,0,0,0,0,0,-12000,0,0,0,3000,15000,-12000,-12000
061212,聯鈞元大9A購04  ,0,0,0,0,0,0,0,0,0,-12000,0,0,0,2000,14000,-12000,-12000
061387,鴻海群益9A購05  ,0,0,0,0,0,0,0,0,0,-12000,0,0,0,20000,32000,-12000,-12000
062115,臺股指國票9B購09,0,0,0,0,0,0,0,0,0,-12000,0,0,0,0,12000,-12000,-12000
063570,嘉晶元大9C購02  ,0,0,0,0,0,0,0,0,0,-12000,0,0,0,168000,180000,-12000,-12000
064023,智邦元大9C購02  ,0,0,0,0,0,0,0,0,0,-12000,0,0,0,175000,187000,-12000,-12000
06613P,華新科富邦9A售03,0,0,0,0,0,0,0,0,0,-12000,0,0,0,18000,30000,-12000,-12000
066272,聯陽元大01購01  ,0,0,0,0,0,0,0,0,0,-12000,0,0,0,175000,187000,-12000,-12000
066379,台達電康和01購01,0,0,0,0,0,0,0,0,0,-12000,0,0,0,0,12000,-12000,-12000
065706,奇鋐群益9C購02  ,0,0,0,0,0,0,0,0,0,-12000,0,0,0,0,12000,-12000,-12000
065780,國巨富邦03購02  ,0,0,0,0,0,0,0,0,0,-12000,0,0,0,0,12000,-12000,-12000
065137,中鋼凱基01購01  ,0,0,0,0,0,0,0,0,0,-12000,0,0,0,98000,110000,-12000,-12000
065173,可成元大9C購10  ,0,0,0,0,0,0,0,0,0,-12000,0,0,0,213000,225000,-12000,-12000
066682,聯詠兆豐03購01  ,0,0,0,0,0,0,0,0,0,-12000,0,0,0,45000,57000,-12000,-12000
066501,鴻海富邦03購01  ,0,0,0,0,0,0,0,0,0,-12000,0,0,0,0,12000,-12000,-12000
067461,晶碩永豐01購02  ,0,0,0,0,0,0,0,0,0,-12000,0,0,0,178000,190000,-12000,-12000
067536,大立光群益01購09,0,0,0,0,0,0,0,0,0,-12000,0,0,0,0,12000,-12000,-12000
067475,微星元大01購05  ,0,0,0,0,0,0,0,0,0,-12000,0,0,0,177000,189000,-12000,-12000
067611,拓凱凱基02購01  ,0,0,0,0,0,0,0,0,0,-12000,0,0,0,0,12000,-12000,-12000
2514,龍邦            ,16000,36000,-20000,0,0,0,0,0,0,8000,8000,0,8000,0,0,0,-12000
2882A,國泰特          ,0,2000,-2000,0,0,0,0,6000,-6000,-4000,1000,5000,-4000,0,0,0,-12000
4164,承業醫          ,26000,26000,0,0,0,0,0,0,0,-12000,0,12000,-12000,0,0,0,-12000
3346,麗清            ,46000,58000,-12000,0,0,0,0,0,0,0,0,0,0,0,0,0,-12000
08575P,長榮航凱基9C售02,0,0,0,0,0,0,0,0,0,-12000,0,0,0,20000,32000,-12000,-12000
08577P,臺指2X中信03售01,0,0,0,0,0,0,0,0,0,-12000,0,0,0,0,12000,-12000,-12000
08885P,台積電國泰03售02,0,0,0,0,0,0,0,0,0,-12000,0,0,0,1135000,1147000,-12000,-12000
6598,ABC-KY          ,13100,26000,-12900,0,0,0,0,0,0,0,0,0,0,0,0,0,-12900
069431,美律群益02購02  ,0,0,0,0,0,0,0,0,0,-13000,0,0,0,19000,32000,-13000,-13000
08157P,大立光元富9B售06,0,0,0,0,0,0,0,0,0,-13000,0,0,0,116000,129000,-13000,-13000
069786,國產康和04購01  ,0,0,0,0,0,0,0,0,0,-13000,0,0,0,131000,144000,-13000,-13000
068544,台積電兆豐03購04,0,0,0,0,0,0,0,0,0,-13000,0,0,0,75000,88000,-13000,-13000
059282,嘉聯益永豐99購01,0,0,0,0,0,0,0,0,0,-13000,0,0,0,228000,241000,-13000,-13000
064374,旺宏元富9C購01  ,0,0,0,0,0,0,0,0,0,-13000,0,0,0,1000,14000,-13000,-13000
058558,鴻海日盛9A購02  ,0,0,0,0,0,0,0,0,0,-13000,0,0,0,0,13000,-13000,-13000
058585,S&P正2中信9B購02,0,0,0,0,0,0,0,0,0,-13000,0,0,0,0,13000,-13000,-13000
056673,中石化元富9B購01,0,0,0,0,0,0,0,0,0,-13000,0,0,0,1821000,1834000,-13000,-13000
03223P,華通凱基03售03  ,0,0,0,0,0,0,0,0,0,-13000,0,0,0,0,13000,-13000,-13000
03231P,聯電元大02售03  ,0,0,0,0,0,0,0,0,0,-13000,0,0,0,5000,18000,-13000,-13000
00666R,富邦恒生國企反1 ,0,0,0,0,0,0,0,0,0,-13000,0,0,0,74000,87000,-13000,-13000
063491,國巨富邦02購02  ,0,0,0,0,0,0,0,0,0,-13000,0,0,0,7000,20000,-13000,-13000
062223,大立光統一9C購04,0,0,0,0,0,0,0,0,0,-13000,0,0,0,0,13000,-13000,-13000
062218,燿華統一01購01  ,0,0,0,0,0,0,0,0,0,-13000,0,0,0,203000,216000,-13000,-13000
061742,奇鋐凱基9B購01  ,0,0,0,0,0,0,0,0,0,-13000,0,0,0,7000,20000,-13000,-13000
061410,緯穎國票9A購03  ,0,0,0,0,0,0,0,0,0,-13000,0,0,0,8000,21000,-13000,-13000
064873,世紀鋼永豐9C購01,0,0,0,0,0,0,0,0,0,-13000,0,0,0,52000,65000,-13000,-13000
061848,國巨國票9B購07  ,0,0,0,0,0,0,0,0,0,-13000,0,0,0,11000,24000,-13000,-13000
067607,聯鈞凱基01購04  ,0,0,0,0,0,0,0,0,0,-13000,0,0,0,0,13000,-13000,-13000
067151,聯發科統一02購06,0,0,0,0,0,0,0,0,0,-13000,0,0,0,0,13000,-13000,-13000
066689,技嘉台新01購01  ,0,0,0,0,0,0,0,0,0,-13000,0,0,0,30000,43000,-13000,-13000
065784,正崴永豐9C購01  ,0,0,0,0,0,0,0,0,0,-13000,0,0,0,29000,42000,-13000,-13000
065726,京元電凱基9C購02,0,0,0,0,0,0,0,0,0,-13000,0,0,0,46000,59000,-13000,-13000
065575,神達群益01購01  ,0,0,0,0,0,0,0,0,0,-13000,0,0,0,16000,29000,-13000,-13000
065466,台表科中信01購03,0,0,0,0,0,0,0,0,0,-13000,0,0,0,276000,289000,-13000,-13000
066328,國揚永豐01購01  ,0,0,0,0,0,0,0,0,0,-13000,0,0,0,12000,25000,-13000,-13000
066279,拓凱元大01購01  ,0,0,0,0,0,0,0,0,0,-13000,0,0,0,1000,14000,-13000,-13000
065903,聯發科富邦02購02,0,0,0,0,0,0,0,0,0,-13000,0,0,0,0,13000,-13000,-13000
3167,大量            ,2000,19000,-17000,0,0,0,0,0,0,4000,4000,0,4000,0,0,0,-13000
08648P,健策凱基9C售05  ,0,0,0,0,0,0,0,0,0,-13000,0,0,0,0,13000,-13000,-13000
08696P,臺股指群益01售01,0,0,0,0,0,0,0,0,0,-13000,0,0,0,0,13000,-13000,-13000
1541,錩泰            ,19000,20000,-1000,0,0,0,0,0,0,-12000,0,12000,-12000,0,0,0,-13000
08993P,彩晶元大01售02  ,0,0,0,0,0,0,0,0,0,-13000,0,0,0,56000,69000,-13000,-13000
8070,長華*           ,0,13000,-13000,0,0,0,0,0,0,0,0,0,0,0,0,0,-13000
068603,京元電凱基03購01,0,0,0,0,0,0,0,0,0,-14000,0,0,0,40000,54000,-14000,-14000
068520,彩晶統一03購02  ,0,0,0,0,0,0,0,0,0,-14000,0,0,0,295000,309000,-14000,-14000
068949,鴻海凱基02購08  ,0,0,0,0,0,0,0,0,0,-14000,0,0,0,46000,60000,-14000,-14000
068770,大立光統一02購09,0,0,0,0,0,0,0,0,0,-14000,0,0,0,0,14000,-14000,-14000
067795,臺股指群益01購07,0,0,0,0,0,0,0,0,0,-14000,0,0,0,1000,15000,-14000,-14000
068304,台積電國票03購01,0,0,0,0,0,0,0,0,0,-14000,0,0,0,24000,38000,-14000,-14000
08522P,智邦元大9C售08  ,0,0,0,0,0,0,0,0,0,-14000,0,0,0,20000,34000,-14000,-14000
069339,群光群益02購02  ,0,0,0,0,0,0,0,0,0,-14000,0,0,0,3000,17000,-14000,-14000
069151,世紀鋼永豐02購02,0,0,0,0,0,0,0,0,0,-14000,0,0,0,33000,47000,-14000,-14000
069101,TPK統一04購02   ,0,0,0,0,0,0,0,0,0,-14000,0,0,0,0,14000,-14000,-14000
03030P,玉晶光元大03售01,0,0,0,0,0,0,0,0,0,-14000,0,0,0,0,14000,-14000,-14000
03145P,聯發科國票03售01,0,0,0,0,0,0,0,0,0,-14000,0,0,0,24000,38000,-14000,-14000
03460B,臺股指元大9C熊39,0,0,0,0,0,0,0,0,0,-14000,0,0,0,0,14000,-14000,-14000
058022,樺漢凱基99購02  ,0,0,0,0,0,0,0,0,0,-14000,0,0,0,10000,24000,-14000,-14000
06376P,上銀統一99售01  ,0,0,0,0,0,0,0,0,0,-14000,0,0,0,0,14000,-14000,-14000
059334,A50正2國票9A購02,0,0,0,0,0,0,0,0,0,-14000,0,0,0,11000,25000,-14000,-14000
064822,台達電統一01購03,0,0,0,0,0,0,0,0,0,-14000,0,0,0,5000,19000,-14000,-14000
064743,聯詠國票01購01  ,0,0,0,0,0,0,0,0,0,-14000,0,0,0,9000,23000,-14000,-14000
063181,聚陽凱基9B購01  ,0,0,0,0,0,0,0,0,0,-14000,0,0,0,8000,22000,-14000,-14000
063971,健鼎國票01購01  ,0,0,0,0,0,0,0,0,0,-14000,0,0,0,259000,273000,-14000,-14000
063932,世芯統一01購01  ,0,0,0,0,0,0,0,0,0,-14000,0,0,0,0,14000,-14000,-14000
063549,國巨國票9C購05  ,0,0,0,0,0,0,0,0,0,-14000,0,0,0,8000,22000,-14000,-14000
063532,GIS凱基9B購03   ,0,0,0,0,0,0,0,0,0,-14000,0,0,0,37000,51000,-14000,-14000
063746,上銀國票9C購01  ,0,0,0,0,0,0,0,0,0,-14000,0,0,0,175000,189000,-14000,-14000
063664,漢唐統一9C購01  ,0,0,0,0,0,0,0,0,0,-14000,0,0,0,0,14000,-14000,-14000
063190,聯茂凱基9B購01  ,0,0,0,0,0,0,0,0,0,-14000,0,0,0,0,14000,-14000,-14000
064391,亞德客永豐9C購01,0,0,0,0,0,0,0,0,0,-14000,0,0,0,0,14000,-14000,-14000
065209,國泰金國票01購01,0,0,0,0,0,0,0,0,0,-14000,0,0,0,0,14000,-14000,-14000
065149,遠東新群益9C購01,0,0,0,0,0,0,0,0,0,-14000,0,0,0,0,14000,-14000,-14000
065285,宏碁群益01購01  ,0,0,0,0,0,0,0,0,0,-14000,0,0,0,0,14000,-14000,-14000
067433,神達凱基01購01  ,0,0,0,0,0,0,0,0,0,-14000,0,0,0,14000,28000,-14000,-14000
067388,聯發科元富07購03,0,0,0,0,0,0,0,0,0,-14000,0,0,0,10000,24000,-14000,-14000
08837P,牧德國票03售01  ,0,0,0,0,0,0,0,0,0,-14000,0,0,0,28000,42000,-14000,-14000
4106,雃博            ,95000,124000,-29000,0,0,0,0,0,0,15000,16000,1000,15000,0,0,0,-14000
069091,長興統一05購01  ,0,0,0,0,0,0,0,0,0,-15000,0,0,0,0,15000,-15000,-15000
069559,美律麥證02購01  ,0,0,0,0,15000,-15000,0,0,0,-15000,0,0,0,0,15000,-15000,-15000
069587,SP黃豆國票03購01,0,0,0,0,0,0,0,0,0,-15000,0,0,0,0,15000,-15000,-15000
08168P,金像電群益9B售03,0,0,0,0,0,0,0,0,0,-15000,0,0,0,0,15000,-15000,-15000
069742,英業達永豐02購01,0,0,0,0,0,0,0,0,0,-15000,0,0,0,0,15000,-15000,-15000
07906P,中租群益9B售02  ,0,0,0,0,0,0,0,0,0,-15000,0,0,0,0,15000,-15000,-15000
07825P,健策國泰9B售04  ,0,0,0,0,0,0,0,0,0,-15000,0,0,0,15000,30000,-15000,-15000
068346,GIS麥證01購02   ,0,0,0,0,15000,-15000,0,0,0,-15000,0,0,0,0,15000,-15000,-15000
068376,美律永豐01購01  ,0,0,0,0,0,0,0,0,0,-15000,0,0,0,0,15000,-15000,-15000
068043,GIS元富07購02   ,0,0,0,0,0,0,0,0,0,-15000,0,0,0,0,15000,-15000,-15000
068795,上緯控凱基02購02,0,0,0,0,0,0,0,0,0,-15000,0,0,0,0,15000,-15000,-15000
068922,TPK元富04購01   ,0,0,0,0,0,0,0,0,0,-15000,0,0,0,65000,80000,-15000,-15000
069032,台光電統一04購01,0,0,0,0,0,0,0,0,0,-15000,0,0,0,15000,30000,-15000,-15000
068640,緯創凱基03購01  ,0,0,0,0,0,0,0,0,0,-15000,0,0,0,0,15000,-15000,-15000
068762,牧德永豐02購01  ,0,0,0,0,0,0,0,0,0,-15000,0,0,0,6000,21000,-15000,-15000
059159,上銀凱基99購05  ,0,0,0,0,0,0,0,0,0,-15000,0,0,0,0,15000,-15000,-15000
059626,台積電凱基01購01,0,0,0,0,0,0,0,0,0,-15000,0,0,0,5000,20000,-15000,-15000
059510,華新科永豐99購07,0,0,0,0,0,0,0,0,0,-15000,0,0,0,231000,246000,-15000,-15000
058349,滬深2X日盛9A購01,0,0,0,0,0,0,0,0,0,-15000,0,0,0,0,15000,-15000,-15000
061006,新光金兆豐9A購01,0,0,0,0,0,0,0,0,0,-15000,0,0,0,55000,70000,-15000,-15000
058916,SGBR2X元富99購02,0,0,0,0,0,0,0,0,0,-15000,0,0,0,0,15000,-15000,-15000
058934,台灣50中信03購03,0,0,0,0,0,0,0,0,0,-15000,0,0,0,0,15000,-15000,-15000
059865,國巨凱基01購01  ,0,0,0,0,0,0,0,0,0,-15000,0,0,0,36000,51000,-15000,-15000
058517,景碩元大99購06  ,0,0,0,0,0,0,0,0,0,-15000,0,0,0,0,15000,-15000,-15000
060758,台積電元大9A購19,0,0,0,0,0,0,0,0,0,-15000,0,0,0,0,15000,-15000,-15000
060736,旺宏統一01購01  ,0,0,0,0,0,0,0,0,0,-15000,0,0,0,0,15000,-15000,-15000
03470P,欣興凱基02售10  ,0,0,0,0,0,0,0,0,0,-15000,0,0,0,0,15000,-15000,-15000
03406P,大立光群益02售07,0,0,0,0,0,0,0,0,0,-15000,0,0,0,2000,17000,-15000,-15000
054422,T50反1富邦9A購01,0,0,0,0,0,0,0,0,0,-15000,0,0,0,0,15000,-15000,-15000
060387,盛群凱基9A購01  ,0,0,0,0,0,0,0,0,0,-15000,0,0,0,0,15000,-15000,-15000
060341,國巨統一9C購02  ,0,0,0,0,0,0,0,0,0,-15000,0,0,0,26000,41000,-15000,-15000
059814,SP黃豆凱基9A購02,0,0,0,0,0,0,0,0,0,-15000,0,0,0,0,15000,-15000,-15000
060851,國巨國泰9C購01  ,0,0,0,0,0,0,0,0,0,-15000,0,0,0,73000,88000,-15000,-15000
057713,美律統一99購01  ,0,0,0,0,0,0,0,0,0,-15000,0,0,0,5000,20000,-15000,-15000
03099P,玉晶光凱基03售01,0,0,0,0,0,0,0,0,0,-15000,0,0,0,0,15000,-15000,-15000
03021P,玉晶光群益02售25,0,0,0,0,0,0,0,0,0,-15000,0,0,0,10000,25000,-15000,-15000
063206,貿聯統一9C購02  ,0,0,0,0,0,0,0,0,0,-15000,0,0,0,0,15000,-15000,-15000
063540,SP黃豆元富9B購02,0,0,0,0,0,0,0,0,0,-15000,0,0,0,0,15000,-15000,-15000
062726,華擎凱基9B購02  ,0,0,0,0,0,0,0,0,0,-15000,0,0,0,2000,17000,-15000,-15000
063979,健鼎兆豐9C購01  ,0,0,0,0,0,0,0,0,0,-15000,0,0,0,10000,25000,-15000,-15000
063146,南六統一9B購02  ,0,0,0,0,0,0,0,0,0,-15000,0,0,0,137000,152000,-15000,-15000
062991,台光電群益9B購03,0,0,0,0,0,0,0,0,0,-15000,0,0,0,0,15000,-15000,-15000
063031,鴻海凱基9C購01  ,0,0,0,0,0,0,0,0,0,-15000,0,0,0,2000,17000,-15000,-15000
064755,南亞科凱基01購02,0,0,0,0,0,0,0,0,0,-15000,0,0,0,0,15000,-15000,-15000
064820,裕隆統一9C購01  ,0,0,0,0,0,0,0,0,0,-15000,0,0,0,0,15000,-15000,-15000
065022,同欣電富邦01購01,0,0,0,0,0,0,0,0,0,-15000,0,0,0,0,15000,-15000,-15000
061818,富邦金群益9C購01,0,0,0,0,0,0,0,0,0,-15000,0,0,0,5000,20000,-15000,-15000
062608,智易凱基9B購01  ,0,0,0,0,0,0,0,0,0,-15000,0,0,0,5000,20000,-15000,-15000
061778,元金2X群益9B購02,0,0,0,0,0,0,0,0,0,-15000,0,0,0,1000,16000,-15000,-15000
06458P,玉晶光統一9A售02,0,0,0,0,0,0,0,0,0,-15000,0,0,0,0,15000,-15000,-15000
066854,樺漢元大01購02  ,0,0,0,0,0,0,0,0,0,-15000,0,0,0,251000,266000,-15000,-15000
065395,致茂群益01購01  ,0,0,0,0,0,0,0,0,0,-15000,0,0,0,37000,52000,-15000,-15000
065212,瑞儀國票01購01  ,0,0,0,0,0,0,0,0,0,-15000,0,0,0,75000,90000,-15000,-15000
066145,昇陽半群益01購01,0,0,0,0,0,0,0,0,0,-15000,0,0,0,0,15000,-15000,-15000
066296,昇陽半元大01購02,0,0,0,0,0,0,0,0,0,-15000,0,0,0,0,15000,-15000,-15000
066418,京元電元大01購02,0,0,0,0,0,0,0,0,0,-15000,0,0,0,137000,152000,-15000,-15000
08764P,台灣50富邦03售03,0,0,0,0,0,0,0,0,0,-15000,0,0,0,0,15000,-15000,-15000
08927P,技嘉元富07售04  ,0,0,0,0,0,0,0,0,0,-15000,0,0,0,25000,40000,-15000,-15000
08964P,美律台新01售01  ,0,0,0,0,0,0,0,0,0,-15000,0,0,0,0,15000,-15000,-15000
2615,萬海            ,1550100,2590000,-1039900,0,0,0,990000,0,990000,34000,34000,0,34000,0,0,0,-15900
068442,牧德凱基01購04  ,0,0,0,0,0,0,0,0,0,-16000,0,0,0,4000,20000,-16000,-16000
068472,聯發科群益01購12,0,0,0,0,0,0,0,0,0,-16000,0,0,0,100000,116000,-16000,-16000
069054,欣興元富05購01  ,0,0,0,0,0,0,0,0,0,-16000,0,0,0,326000,342000,-16000,-16000
067876,世紀鋼元大01購03,0,0,0,0,0,0,0,0,0,-16000,0,0,0,218000,234000,-16000,-16000
068240,道瓊銀元大01購05,0,0,0,0,0,0,0,0,0,-16000,0,0,0,2000,18000,-16000,-16000
068169,臺股指元大01購22,0,0,0,0,0,0,0,0,0,-16000,0,0,0,25000,41000,-16000,-16000
069828,裕隆元富08購01  ,0,0,0,0,0,0,0,0,0,-16000,0,0,0,0,16000,-16000,-16000
069798,欣興凱基02購11  ,0,0,0,0,0,0,0,0,0,-16000,0,0,0,0,16000,-16000,-16000
07235P,T50正2元大9C售02,0,0,0,0,0,0,0,0,0,-16000,0,0,0,0,16000,-16000,-16000
08162P,台灣50台新9C售06,0,0,0,0,0,0,0,0,0,-16000,0,0,0,0,16000,-16000,-16000
069645,智易康和02購01  ,0,0,0,0,0,0,0,0,0,-16000,0,0,0,2000,18000,-16000,-16000
069734,創意麥證02購01  ,0,0,0,0,16000,-16000,0,0,0,-16000,0,0,0,0,16000,-16000,-16000
069183,微星麥證02購01  ,0,0,0,1000,24000,-23000,0,0,0,-16000,0,0,0,8000,24000,-16000,-16000
03057P,亞德客凱基01售02,0,0,0,0,0,0,0,0,0,-16000,0,0,0,50000,66000,-16000,-16000
03156P,台灣50元大01售36,0,0,0,0,0,0,0,0,0,-16000,0,0,0,0,16000,-16000,-16000
03233P,台積電元大02售11,0,0,0,0,0,0,0,0,0,-16000,0,0,0,10000,26000,-16000,-16000
057243,樺漢凱基99購01  ,0,0,0,0,0,0,0,0,0,-16000,0,0,0,7000,23000,-16000,-16000
060169,群電永豐9A購01  ,0,0,0,0,0,0,0,0,0,-16000,0,0,0,73000,89000,-16000,-16000
03430P,聯發科元大02售17,0,0,0,0,0,0,0,0,0,-16000,0,0,0,0,16000,-16000,-16000
058498,世紀鋼群益99購01,0,0,0,0,0,0,0,0,0,-16000,0,0,0,15000,31000,-16000,-16000
062674,百和中信03購01  ,0,0,0,0,0,0,0,0,0,-16000,0,0,0,5000,21000,-16000,-16000
061839,華新科凱基05購04,0,0,0,0,0,0,0,0,0,-16000,0,0,0,13000,29000,-16000,-16000
065054,百和凱基02購01  ,0,0,0,0,0,0,0,0,0,-16000,0,0,0,15000,31000,-16000,-16000
063327,燿華國票9C購02  ,0,0,0,0,0,0,0,0,0,-16000,0,0,0,19000,35000,-16000,-16000
061518,達方永豐9A購02  ,0,0,0,0,0,0,0,0,0,-16000,0,0,0,37000,53000,-16000,-16000
061192,奇鋐永豐9A購01  ,0,0,0,0,0,0,0,0,0,-16000,0,0,0,3000,19000,-16000,-16000
062741,立積國票9B購02  ,0,0,0,0,0,0,0,0,0,-16000,0,0,0,49000,65000,-16000,-16000
063546,國巨兆豐9C購03  ,0,0,0,0,0,0,0,0,0,-16000,0,0,0,45000,61000,-16000,-16000
063553,同欣電國票9B購03,0,0,0,0,0,0,0,0,0,-16000,0,0,0,46000,62000,-16000,-16000
064010,GIS凱基02購01   ,0,0,0,0,0,0,0,0,0,-16000,0,0,0,0,16000,-16000,-16000
065829,嘉晶凱基9C購05  ,0,0,0,0,0,0,0,0,0,-16000,0,0,0,36000,52000,-16000,-16000
065372,漢唐元大9C購02  ,0,0,0,0,0,0,0,0,0,-16000,0,0,0,63000,79000,-16000,-16000
065541,GIS統一01購05   ,0,0,0,0,0,0,0,0,0,-16000,0,0,0,0,16000,-16000,-16000
066797,台積電凱基02購09,0,0,0,0,0,0,0,0,0,-16000,0,0,0,836000,852000,-16000,-16000
066607,台郡永豐01購01  ,0,0,0,0,0,0,0,0,0,-16000,0,0,0,3000,19000,-16000,-16000
067759,美食永豐01購01  ,0,0,0,0,0,0,0,0,0,-16000,0,0,0,50000,66000,-16000,-16000
6115,鎰勝            ,21000,43000,-22000,0,0,0,0,0,0,6000,6000,0,6000,0,0,0,-16000
6155,鈞寶            ,30000,47000,-17000,0,0,0,0,0,0,1000,1000,0,1000,0,0,0,-16000
08566P,禾伸堂群益9C售01,0,0,0,0,0,0,0,0,0,-16000,0,0,0,100000,116000,-16000,-16000
8422,可寧衛          ,24000,40000,-16000,0,0,0,0,0,0,0,0,0,0,0,0,0,-16000
069271,聯電永豐02購03  ,0,0,0,0,0,0,0,0,0,-17000,0,0,0,8000,25000,-17000,-17000
069724,新光金群益02購02,0,0,0,0,0,0,0,0,0,-17000,0,0,0,0,17000,-17000,-17000
08426P,奇力新國票01售01,0,0,0,0,0,0,0,0,0,-17000,0,0,0,20000,37000,-17000,-17000
07840P,康控元大9A售02  ,0,0,0,0,0,0,0,0,0,-17000,0,0,0,3000,20000,-17000,-17000
068830,台積電國泰05購01,0,0,0,0,0,0,0,0,0,-17000,0,0,0,145000,162000,-17000,-17000
068470,台積電群益01購20,0,0,0,0,0,0,0,0,0,-17000,0,0,0,0,17000,-17000,-17000
068567,聯發科元大01購32,0,0,0,0,0,0,0,0,0,-17000,0,0,0,38000,55000,-17000,-17000
068695,台積電凱基02購13,0,0,0,0,0,0,0,0,0,-17000,0,0,0,9000,26000,-17000,-17000
058616,台虹元大9A購01  ,0,0,0,0,0,0,0,0,0,-17000,0,0,0,150000,167000,-17000,-17000
063780,高鐵永豐9B購02  ,0,0,0,0,0,0,0,0,0,-17000,0,0,0,5000,22000,-17000,-17000
063460,智邦元大9B購08  ,0,0,0,0,0,0,0,0,0,-17000,0,0,0,104000,121000,-17000,-17000
049593,群創元大9A購01  ,0,0,0,0,0,0,0,0,0,-17000,0,0,0,133000,150000,-17000,-17000
054471,T50反1中信9C購01,0,0,0,0,0,0,0,0,0,-17000,0,0,0,215000,232000,-17000,-17000
060238,強茂元大9C購01  ,0,0,0,0,0,0,0,0,0,-17000,0,0,0,16000,33000,-17000,-17000
03222P,為升凱基02售02  ,0,0,0,0,0,0,0,0,0,-17000,0,0,0,13000,30000,-17000,-17000
062891,台汽電群益9B購01,0,0,0,0,0,0,0,0,0,-17000,0,0,0,0,17000,-17000,-17000
061870,智邦元大9B購02  ,0,0,0,0,0,0,0,0,0,-17000,0,0,0,7000,24000,-17000,-17000
064650,台表科凱基03購01,0,0,0,0,0,0,0,0,0,-17000,0,0,0,76000,93000,-17000,-17000
067469,國巨元大01購09  ,0,0,0,0,0,0,0,0,0,-17000,0,0,0,84000,101000,-17000,-17000
067226,台灣50群益01購09,0,0,0,0,0,0,0,0,0,-17000,0,0,0,19000,36000,-17000,-17000
066741,華擎元大01購03  ,0,0,0,0,0,0,0,0,0,-17000,0,0,0,128000,145000,-17000,-17000
066994,聯發科國泰03購02,0,0,0,0,0,0,0,0,0,-17000,0,0,0,54000,71000,-17000,-17000
066169,晶豪科凱基01購01,0,0,0,0,0,0,0,0,0,-17000,0,0,0,31000,48000,-17000,-17000
6183,關貿            ,13000,28000,-15000,0,0,0,0,0,0,-2000,1000,0,1000,0,3000,-3000,-17000
3617,碩天            ,5000,32000,-27000,0,0,0,0,0,0,10000,10000,0,10000,0,0,0,-17000
2509,全坤建          ,4000,21975,-17975,0,0,0,0,0,0,0,0,0,0,0,0,0,-17975
068749,聯詠群益02購01  ,0,0,0,0,0,0,0,0,0,-18000,0,0,0,0,18000,-18000,-18000
068737,南電元大02購03  ,0,0,0,0,0,0,0,0,0,-18000,0,0,0,78000,96000,-18000,-18000
068644,臺股指凱基03購10,0,0,0,0,0,0,0,0,0,-18000,0,0,0,3000,21000,-18000,-18000
067810,聯發科凱基02購06,0,0,0,0,0,0,0,0,0,-18000,0,0,0,44000,62000,-18000,-18000
067996,南亞科元大01購02,0,0,0,0,0,0,0,0,0,-18000,0,0,0,400000,418000,-18000,-18000
069678,金像電元大03購01,0,0,0,0,0,0,0,0,0,-18000,0,0,0,26000,44000,-18000,-18000
069644,華碩康和02購01  ,0,0,0,0,0,0,0,0,0,-18000,0,0,0,97000,115000,-18000,-18000
03124P,台郡元大01售07  ,0,5000,-5000,0,0,0,0,0,0,-13000,0,0,0,15000,28000,-13000,-18000
060836,上銀國票9A購03  ,0,0,0,0,0,0,0,0,0,-18000,0,0,0,4000,22000,-18000,-18000
060888,金像電統一9C購01,0,0,0,0,0,0,0,0,0,-18000,0,0,0,2000,20000,-18000,-18000
063452,創意統一01購01  ,0,0,0,0,0,0,0,0,0,-18000,0,0,0,57000,75000,-18000,-18000
058011,台虹國票99購01  ,0,0,0,0,0,0,0,0,0,-18000,0,0,0,0,18000,-18000,-18000
060542,上銀凱基9A購04  ,0,0,0,0,0,0,0,0,0,-18000,0,0,0,1000,19000,-18000,-18000
060953,富邦金群益9A購01,0,0,0,0,0,0,0,0,0,-18000,0,0,0,3000,21000,-18000,-18000
064572,同欣電群益9C購02,0,0,0,0,0,0,0,0,0,-18000,0,0,0,43000,61000,-18000,-18000
061851,智邦國票9B購01  ,0,0,0,0,0,0,0,0,0,-18000,0,0,0,12000,30000,-18000,-18000
063173,矽格中信9B購01  ,0,0,0,0,0,0,0,0,0,-18000,0,0,0,0,18000,-18000,-18000
061263,微星凱基9A購01  ,0,0,0,0,0,0,0,0,0,-18000,0,0,0,4000,22000,-18000,-18000
061243,麗豐兆豐9A購01  ,0,0,0,0,0,0,0,0,0,-18000,0,0,0,0,18000,-18000,-18000
063382,南茂永豐9B購01  ,0,0,0,0,0,0,0,0,0,-18000,0,0,0,2000,20000,-18000,-18000
061127,美食永豐9A購01  ,0,0,0,0,0,0,0,0,0,-18000,0,0,0,12000,30000,-18000,-18000
061550,聯鈞群益9A購03  ,0,0,0,0,0,0,0,0,0,-18000,0,0,0,51000,69000,-18000,-18000
063644,祥碩元大9B購10  ,0,0,0,0,0,0,0,0,0,-18000,0,0,0,3000,21000,-18000,-18000
064447,喬山統一02購01  ,0,0,0,0,0,0,0,0,0,-18000,0,0,0,2000,20000,-18000,-18000
066179,智伸科凱基01購01,0,0,0,0,0,0,0,0,0,-18000,0,0,0,49000,67000,-18000,-18000
066414,鴻海元大01購07  ,0,0,0,0,0,0,0,0,0,-18000,0,0,0,2000,20000,-18000,-18000
065932,世紀鋼國票02購01,0,0,0,0,0,0,0,0,0,-18000,0,0,0,40000,58000,-18000,-18000
065987,大毅永豐01購01  ,0,0,0,0,0,0,0,0,0,-18000,0,0,0,12000,30000,-18000,-18000
066053,創意元大01購01  ,0,0,0,0,0,0,0,0,0,-18000,0,0,0,2000,20000,-18000,-18000
065259,燿華元大9C購05  ,0,0,0,0,0,0,0,0,0,-18000,0,0,0,92000,110000,-18000,-18000
067045,聯發科凱基02購05,0,0,0,0,0,0,0,0,0,-18000,0,0,0,94000,112000,-18000,-18000
066880,上証2X永豐01購01,0,0,0,0,0,0,0,0,0,-18000,0,0,0,2000,20000,-18000,-18000
067247,瀚宇博群益01購02,0,0,0,0,0,0,0,0,0,-18000,0,0,0,123000,141000,-18000,-18000
067436,訊連凱基01購01  ,0,0,0,0,0,0,0,0,0,-18000,0,0,0,52000,70000,-18000,-18000
067547,儒鴻中信01購01  ,0,0,0,0,0,0,0,0,0,-18000,0,0,0,85000,103000,-18000,-18000
08749P,鴻海台新01售02  ,0,0,0,0,0,0,0,0,0,-18000,0,0,0,0,18000,-18000,-18000
08765P,鴻海富邦01售02  ,0,0,0,0,0,0,0,0,0,-18000,0,0,0,0,18000,-18000,-18000
08784P,上証2X元富01售01,0,0,0,0,0,0,0,0,0,-18000,0,0,0,10000,28000,-18000,-18000
08817P,致新元富01售02  ,0,0,0,0,0,0,0,0,0,-18000,0,0,0,2000,20000,-18000,-18000
1312A,國喬特          ,0,0,0,0,0,0,0,0,0,-18000,1000,19000,-18000,0,0,0,-18000
8442,威宏-KY         ,3000,1000,2000,0,0,0,0,0,0,-20000,0,20000,-20000,0,0,0,-18000
069577,南電凱基03購02  ,0,0,0,0,0,0,0,0,0,-19000,0,0,0,0,19000,-19000,-19000
069706,旺宏國票03購01  ,0,0,0,0,0,0,0,0,0,-19000,0,0,0,0,19000,-19000,-19000
069773,奇鋐元大03購01  ,0,0,0,0,0,0,0,0,0,-19000,0,0,0,3000,22000,-19000,-19000
08425P,世紀鋼元富9C售03,0,0,0,0,0,0,0,0,0,-19000,0,0,0,101000,120000,-19000,-19000
068929,台積電永豐02購02,0,0,0,0,0,0,0,0,0,-19000,0,0,0,84000,103000,-19000,-19000
068945,力山凱基02購02  ,0,0,0,0,0,0,0,0,0,-19000,0,0,0,0,19000,-19000,-19000
063187,全新凱基9B購02  ,0,0,0,0,0,0,0,0,0,-19000,0,0,0,31000,50000,-19000,-19000
059251,大立光凱基9A購04,0,0,0,0,0,0,0,0,0,-19000,0,0,0,0,19000,-19000,-19000
055812,台積電國票99購02,0,0,0,0,0,0,0,0,0,-19000,0,0,0,101000,120000,-19000,-19000
03446P,創意群益02售02  ,0,0,0,0,0,0,0,0,0,-19000,0,0,0,0,19000,-19000,-19000
03163P,玉晶光元大01售15,0,0,0,0,0,0,0,0,0,-19000,0,0,0,0,19000,-19000,-19000
03366P,TPK元大02售03   ,0,0,0,0,0,0,0,0,0,-19000,0,0,0,50000,69000,-19000,-19000
057733,嘉聯益國泰99購01,0,0,0,0,0,0,0,0,0,-19000,0,0,0,31000,50000,-19000,-19000
03067P,南亞科群益01售01,0,0,0,0,0,0,0,0,0,-19000,0,0,0,60000,79000,-19000,-19000
061699,燿華國票9A購01  ,0,0,0,0,0,0,0,0,0,-19000,0,0,0,0,19000,-19000,-19000
062803,嘉晶統一9B購02  ,0,0,0,0,0,0,0,0,0,-19000,0,0,0,220000,239000,-19000,-19000
062894,道瓊銀元大9B購02,0,0,0,0,0,0,0,0,0,-19000,0,0,0,0,19000,-19000,-19000
064574,達方群益01購01  ,0,0,0,0,0,0,0,0,0,-19000,0,0,0,16000,35000,-19000,-19000
064646,群創凱基02購01  ,0,0,0,0,0,0,0,0,0,-19000,0,0,0,132000,151000,-19000,-19000
064576,世紀鋼群益01購01,0,0,0,0,0,0,0,0,0,-19000,0,0,0,10000,29000,-19000,-19000
067669,金像電元大02購03,0,0,0,0,0,0,0,0,0,-19000,0,0,0,117000,136000,-19000,-19000
067355,大立光群益01購07,0,0,0,0,0,0,0,0,0,-19000,0,0,0,20000,39000,-19000,-19000
066814,健鼎兆豐01購01  ,0,0,0,0,0,0,0,0,0,-19000,0,0,0,17000,36000,-19000,-19000
066799,台光電凱基01購02,0,0,0,0,0,0,0,0,0,-19000,0,0,0,1000,20000,-19000,-19000
066469,申豐統一02購02  ,0,0,0,0,0,0,0,0,0,-19000,0,0,0,23000,42000,-19000,-19000
065254,大成鋼元大9C購01,0,0,0,0,0,0,0,0,0,-19000,0,0,0,31000,50000,-19000,-19000
065104,南茂元大9C購02  ,0,0,0,0,0,0,0,0,0,-19000,0,0,0,2000,21000,-19000,-19000
065588,聯發科永豐9C購02,0,0,0,0,0,0,0,0,0,-19000,0,0,0,0,19000,-19000,-19000
066349,聚碩永豐01購01  ,0,0,0,0,0,0,0,0,0,-19000,0,0,0,27000,46000,-19000,-19000
08830P,A50正2群益01售05,0,0,0,0,0,0,0,0,0,-19000,0,0,0,1000,20000,-19000,-19000
08859P,奇鋐國票03售01  ,0,0,0,0,0,0,0,0,0,-19000,0,0,0,219000,238000,-19000,-19000
6192,巨路            ,10000,28000,-18000,0,0,0,0,0,0,-1000,8000,9000,-1000,0,0,0,-19000
068785,兆豐金康和02購01,0,0,0,0,0,0,0,0,0,-20000,0,0,0,0,20000,-20000,-20000
068915,聯詠群益03購01  ,0,0,0,0,0,0,0,0,0,-20000,0,0,0,10000,30000,-20000,-20000
068889,康友統一04購01  ,0,0,0,0,0,0,0,0,0,-20000,0,0,0,0,20000,-20000,-20000
06854P,鴻海富邦99售05  ,0,0,0,0,0,0,0,0,0,-20000,0,0,0,0,20000,-20000,-20000
067809,聯發科凱基01購17,0,0,0,0,0,0,0,0,0,-20000,0,0,0,0,20000,-20000,-20000
067906,國揚國泰02購01  ,0,0,0,0,0,0,0,0,0,-20000,0,0,0,0,20000,-20000,-20000
068221,聯發科統一05購01,0,0,0,0,0,0,0,0,0,-20000,0,0,0,5000,25000,-20000,-20000
08309P,GIS凱基9C售01   ,0,0,0,0,0,0,0,0,0,-20000,0,0,0,0,20000,-20000,-20000
08159P,日月光元富9B售01,0,0,0,0,0,0,0,0,0,-20000,0,0,0,60000,80000,-20000,-20000
069736,深中小國泰03購01,0,0,0,0,0,0,0,0,0,-20000,0,0,0,350000,370000,-20000,-20000
069822,鈺齊國票03購01  ,0,0,0,0,0,0,0,0,0,-20000,0,0,0,0,20000,-20000,-20000
069850,聯華永豐02購02  ,0,0,0,0,0,0,0,0,0,-20000,0,0,0,0,20000,-20000,-20000
06985P,華新科富邦9C售02,0,0,0,0,0,0,0,0,0,-20000,0,0,0,0,20000,-20000,-20000
07133P,臺股指元大9A售27,0,0,0,0,0,0,0,0,0,-20000,0,0,0,0,20000,-20000,-20000
07901P,臺股指凱基9B售04,0,0,0,0,0,0,0,0,0,-20000,0,0,0,0,20000,-20000,-20000
07744P,奇力新凱基9A售05,0,0,0,0,0,0,0,0,0,-20000,0,0,0,0,20000,-20000,-20000
069686,景碩元大02購04  ,0,0,0,0,0,0,0,0,0,-20000,0,0,0,10000,30000,-20000,-20000
069519,鎧勝凱基02購02  ,0,0,0,0,0,0,0,0,0,-20000,0,0,0,0,20000,-20000,-20000
06952P,大立光統一9A售03,0,0,0,0,0,0,0,0,0,-20000,0,0,0,20000,40000,-20000,-20000
069509,道瓊銀凱基04購02,0,0,0,0,0,0,0,0,0,-20000,0,0,0,0,20000,-20000,-20000
069455,聯電麥證02購02  ,0,0,0,0,29000,-29000,0,0,0,-20000,0,0,0,9000,29000,-20000,-20000
069272,華通永豐02購01  ,0,0,0,0,0,0,0,0,0,-20000,0,0,0,0,20000,-20000,-20000
069290,玉晶光第一02購01,0,0,0,0,0,0,0,0,0,-20000,0,0,0,0,20000,-20000,-20000
03307P,臺股指中信05售02,0,0,0,0,0,0,0,0,0,-20000,0,0,0,15000,35000,-20000,-20000
03262P,建準國票04售01  ,0,0,0,0,0,0,0,0,0,-20000,0,0,0,4000,24000,-20000,-20000
057795,鴻海兆豐99購02  ,0,0,0,0,0,0,0,0,0,-20000,0,0,0,10000,30000,-20000,-20000
03229P,臺股指凱基02售07,0,0,0,0,0,0,0,0,0,-20000,0,0,0,10000,30000,-20000,-20000
03425P,台灣50元大03售04,0,0,0,0,0,0,0,0,0,-20000,0,0,0,0,20000,-20000,-20000
03426P,道瓊銀元大03售05,0,0,0,0,0,0,0,0,0,-20000,0,0,0,270000,290000,-20000,-20000
03489P,上証2X元大03售07,0,0,0,0,0,0,0,0,0,-20000,0,0,0,0,20000,-20000,-20000
03495P,南電康和02售02  ,0,0,0,0,0,0,0,0,0,-20000,0,0,0,0,20000,-20000,-20000
03501P,奇鋐國票03售02  ,0,0,0,0,0,0,0,0,0,-20000,0,0,0,0,20000,-20000,-20000
055218,彩晶凱基99購01  ,0,0,0,0,0,0,0,0,0,-20000,0,0,0,0,20000,-20000,-20000
056747,致新凱基99購01  ,0,0,0,0,0,0,0,0,0,-20000,0,0,0,0,20000,-20000,-20000
056870,全新日盛9A購01  ,0,0,0,0,0,0,0,0,0,-20000,0,0,0,0,20000,-20000,-20000
060239,國揚元大9C購01  ,0,0,0,0,0,0,0,0,0,-20000,0,0,0,0,20000,-20000,-20000
060422,台勝科永豐9A購01,0,0,0,0,0,0,0,0,0,-20000,0,0,0,0,20000,-20000,-20000
060360,南亞科元富9A購02,0,0,0,0,0,0,0,0,0,-20000,0,0,0,5000,25000,-20000,-20000
059265,美律中信01購01  ,0,0,0,0,0,0,0,0,0,-20000,0,0,0,0,20000,-20000,-20000
059386,上銀凱基99購07  ,0,0,0,0,0,0,0,0,0,-20000,0,0,0,0,20000,-20000,-20000
059663,旭富元大9C購02  ,0,0,0,0,0,0,0,0,0,-20000,0,0,0,0,20000,-20000,-20000
060007,鴻海群益99購04  ,0,0,0,0,0,0,0,0,0,-20000,0,0,0,0,20000,-20000,-20000
05995P,T50正2中信9C售01,0,0,0,0,0,0,0,0,0,-20000,0,0,0,327000,347000,-20000,-20000
063415,台積電凱基03購01,0,0,0,0,0,0,0,0,0,-20000,0,0,0,0,20000,-20000,-20000
060922,金像電永豐9A購01,0,0,0,0,0,0,0,0,0,-20000,0,0,0,0,20000,-20000,-20000
058572,百和凱基9A購01  ,0,0,0,0,0,0,0,0,0,-20000,0,0,0,0,20000,-20000,-20000
060591,富邦金台新9A購01,0,0,0,0,0,0,0,0,0,-20000,0,0,0,0,20000,-20000,-20000
060774,南亞科凱基9A購01,0,0,0,0,0,0,0,0,0,-20000,0,0,0,0,20000,-20000,-20000
058211,國巨群益9A購02  ,0,0,0,0,0,0,0,0,0,-20000,0,0,0,0,20000,-20000,-20000
058352,鴻海凱基9A購05  ,0,0,0,0,0,0,0,0,0,-20000,0,0,0,0,20000,-20000,-20000
058366,元大金凱基99購01,0,0,0,0,0,0,0,0,0,-20000,0,0,0,0,20000,-20000,-20000
058299,同欣電凱基9A購01,0,0,0,0,0,0,0,0,0,-20000,0,0,0,0,20000,-20000,-20000
058652,SGBR2X中信01購01,0,0,0,0,0,0,0,0,0,-20000,0,0,0,0,20000,-20000,-20000
058675,康控群益9B購01  ,0,0,0,0,0,0,0,0,0,-20000,0,0,0,0,20000,-20000,-20000
058738,FBVIX中信03購04 ,0,0,0,0,0,0,0,0,0,-20000,0,0,0,0,20000,-20000,-20000
058739,喬山中信99購01  ,0,0,0,0,0,0,0,0,0,-20000,0,0,0,230000,250000,-20000,-20000
059073,元油2X元大9C購14,0,0,0,0,0,0,0,0,0,-20000,0,0,0,0,20000,-20000,-20000
059042,世紀鋼群益99購02,0,0,0,0,0,0,0,0,0,-20000,0,0,0,10000,30000,-20000,-20000
061085,聯茂兆豐9A購01  ,0,0,0,0,0,0,0,0,0,-20000,0,0,0,0,20000,-20000,-20000
06178P,大立光第一99售01,0,0,0,0,0,0,0,0,0,-20000,0,0,0,20000,40000,-20000,-20000
065069,臺股指群益9C購17,0,0,0,0,0,0,0,0,0,-20000,0,0,0,0,20000,-20000,-20000
062950,貿聯富邦01購01  ,0,0,0,0,0,0,0,0,0,-20000,0,0,0,0,20000,-20000,-20000
062989,鴻海群益9B購07  ,0,0,0,0,0,0,0,0,0,-20000,0,0,0,0,20000,-20000,-20000
063913,貿聯凱基02購01  ,0,0,0,0,0,0,0,0,0,-20000,0,0,0,87000,107000,-20000,-20000
063314,美律群益9B購01  ,0,0,0,0,0,0,0,0,0,-20000,0,0,0,0,20000,-20000,-20000
061607,台表科凱基9B購02,0,0,0,0,0,0,0,0,0,-20000,0,0,0,0,20000,-20000,-20000
061619,大立光群益9B購01,0,0,0,0,0,0,0,0,0,-20000,0,0,0,0,20000,-20000,-20000
061501,嘉澤國票9A購01  ,0,0,0,0,0,0,0,0,0,-20000,0,0,0,5000,25000,-20000,-20000
063368,遠東新永豐9B購01,0,0,0,0,0,0,0,0,0,-20000,0,0,0,0,20000,-20000,-20000
061204,國巨元大9A購16  ,0,0,0,0,0,0,0,0,0,-20000,0,0,0,9000,29000,-20000,-20000
061282,台積電統一9C購06,0,0,0,0,0,0,0,0,0,-20000,0,0,0,2000,22000,-20000,-20000
062845,微星富邦01購01  ,0,0,0,0,0,0,0,0,0,-20000,0,0,0,0,20000,-20000,-20000
062719,微星凱基9B購01  ,0,0,0,0,0,0,0,0,0,-20000,0,0,0,0,20000,-20000,-20000
062738,可成國票9B購02  ,0,0,0,0,0,0,0,0,0,-20000,0,0,0,50000,70000,-20000,-20000
062143,大成鋼國票9B購01,0,0,0,0,0,0,0,0,0,-20000,0,0,0,0,20000,-20000,-20000
062041,華擎凱基9C購01  ,0,0,0,0,0,0,0,0,0,-20000,0,0,0,20000,40000,-20000,-20000
064302,美律兆豐01購01  ,0,0,0,0,0,0,0,0,0,-20000,0,0,0,0,20000,-20000,-20000
061955,FANG+統一9B購01 ,0,0,0,0,0,0,0,0,0,-20000,0,0,0,0,20000,-20000,-20000
063661,聚陽統一9C購02  ,0,0,0,0,0,0,0,0,0,-20000,0,0,0,0,20000,-20000,-20000
063726,鴻海元大9B購04  ,0,0,0,0,0,0,0,0,0,-20000,0,0,0,0,20000,-20000,-20000
063840,鴻海元大01購01  ,0,0,0,0,0,0,0,0,0,-20000,0,0,0,0,20000,-20000,-20000
063237,微星元大9B購02  ,0,0,0,0,0,0,0,0,0,-20000,0,0,0,13000,33000,-20000,-20000
066108,惠特國票02購02  ,0,0,0,0,0,0,0,0,0,-20000,0,0,0,95000,115000,-20000,-20000
065954,大立光統一03購01,0,0,0,0,0,0,0,0,0,-20000,0,0,0,0,20000,-20000,-20000
065797,臺指反群益9C購02,0,0,0,0,0,0,0,0,0,-20000,0,0,0,0,20000,-20000,-20000
065609,嘉澤元大01購02  ,0,0,0,0,0,0,0,0,0,-20000,0,0,0,38000,58000,-20000,-20000
065426,台積電凱基01購09,0,0,0,0,0,0,0,0,0,-20000,0,0,0,0,20000,-20000,-20000
065141,國巨凱基9C購10  ,0,0,0,0,0,0,0,0,0,-20000,0,0,0,0,20000,-20000,-20000
065320,技嘉凱基9C購02  ,0,0,0,0,0,0,0,0,0,-20000,0,0,0,432000,452000,-20000,-20000
065313,聯茂國票01購01  ,0,0,0,0,0,0,0,0,0,-20000,0,0,0,20000,40000,-20000,-20000
065396,微星群益01購01  ,0,0,0,0,0,0,0,0,0,-20000,0,0,0,0,20000,-20000,-20000
066493,美利達元富01購01,0,0,0,0,0,0,0,0,0,-20000,0,0,0,0,20000,-20000,-20000
066518,惠特永豐01購02  ,0,0,0,0,0,0,0,0,0,-20000,0,0,0,80000,100000,-20000,-20000
066609,國巨麥證01購04  ,0,0,0,0,36000,-36000,0,0,0,-20000,0,0,0,16000,36000,-20000,-20000
066805,泰碩凱基02購03  ,0,0,0,0,0,0,0,0,0,-20000,0,0,0,0,20000,-20000,-20000
066653,矽格康和01購01  ,0,0,0,0,0,0,0,0,0,-20000,0,0,0,1000,21000,-20000,-20000
066915,訊芯凱基02購01  ,0,0,0,0,0,0,0,0,0,-20000,0,0,0,0,20000,-20000,-20000
067249,緯穎群益01購04  ,0,0,0,0,0,0,0,0,0,-20000,0,0,0,16000,36000,-20000,-20000
067578,SP黃豆群益01購01,0,0,0,0,0,0,0,0,0,-20000,0,0,0,0,20000,-20000,-20000
067574,臺指反群益01購04,0,0,0,0,0,0,0,0,0,-20000,0,0,0,0,20000,-20000,-20000
2701,萬企            ,11000,28000,-17000,0,0,0,0,0,0,-3000,0,3000,-3000,0,0,0,-20000
08802P,聯發科元大01售14,0,0,0,0,0,0,0,0,0,-20000,0,0,0,13000,33000,-20000,-20000
08741P,國巨凱基01售05  ,0,0,0,0,0,0,0,0,0,-20000,0,0,0,20000,40000,-20000,-20000
08688P,台灣50中信04售02,0,0,0,0,0,0,0,0,0,-20000,0,0,0,0,20000,-20000,-20000
08662P,台積電國泰03售01,0,0,0,0,0,0,0,0,0,-20000,0,0,0,0,20000,-20000,-20000
08565P,聯發科群益9C售12,0,0,0,0,0,0,0,0,0,-20000,0,0,0,0,20000,-20000,-20000
08559P,瑞昱國票9C售01  ,0,0,0,0,0,0,0,0,0,-20000,0,0,0,0,20000,-20000,-20000
08549P,大立光元大9C售25,0,0,0,0,0,0,0,0,0,-20000,0,0,0,0,20000,-20000,-20000
08983P,玉晶光凱基01售06,0,0,0,0,0,0,0,0,0,-20000,0,0,0,0,20000,-20000,-20000
2012,春雨            ,4000,27000,-23000,0,0,0,0,0,0,3000,3000,0,3000,0,0,0,-20000
069353,華新科國泰03購01,0,0,0,0,0,0,0,0,0,-21000,0,0,0,128000,149000,-21000,-21000
08328P,國巨國票9C售07  ,0,0,0,0,0,0,0,0,0,-21000,0,0,0,0,21000,-21000,-21000
068517,大立光統一01購09,0,0,0,0,0,0,0,0,0,-21000,0,0,0,0,21000,-21000,-21000
068775,上証2X元富08購01,0,0,0,0,0,0,0,0,0,-21000,0,0,0,0,21000,-21000,-21000
059912,國巨元大99購28  ,0,0,0,0,0,0,0,0,0,-21000,0,0,0,44000,65000,-21000,-21000
060203,緯穎元富9A購01  ,0,0,0,0,0,0,0,0,0,-21000,0,0,0,20000,41000,-21000,-21000
03497P,金像電凱基02售06,0,0,0,0,0,0,0,0,0,-21000,0,0,0,0,21000,-21000,-21000
03477P,TPK元富03售03   ,0,0,0,0,0,0,0,0,0,-21000,0,0,0,0,21000,-21000,-21000
03441P,義隆凱基02售03  ,0,0,0,0,0,0,0,0,0,-21000,0,0,0,30000,51000,-21000,-21000
051047,深中小群益99購01,0,0,0,0,0,0,0,0,0,-21000,0,0,0,0,21000,-21000,-21000
047885,元金2X富邦99購01,0,0,0,0,0,0,0,0,0,-21000,0,0,0,0,21000,-21000,-21000
056263,友訊統一99購01  ,0,0,0,0,0,0,0,0,0,-21000,0,0,0,0,21000,-21000,-21000
063489,新日興國泰01購01,0,0,0,0,0,0,0,0,0,-21000,0,0,0,0,21000,-21000,-21000
064277,可成元大9C購04  ,0,0,0,0,0,0,0,0,0,-21000,0,0,0,76000,97000,-21000,-21000
062233,神隆凱基9B購01  ,0,0,0,0,0,0,0,0,0,-21000,0,0,0,86000,107000,-21000,-21000
062291,力成富邦9B購01  ,0,0,0,0,0,0,0,0,0,-21000,0,0,0,100000,121000,-21000,-21000
062865,臺股指國票9B購22,0,0,0,0,0,0,0,0,0,-21000,0,0,0,3000,24000,-21000,-21000
067699,奇鋐國票02購03  ,0,0,0,0,0,0,0,0,0,-21000,0,0,0,0,21000,-21000,-21000
066981,聯發科群益02購07,0,0,0,0,0,0,0,0,0,-21000,0,0,0,9000,30000,-21000,-21000
066526,創意統一05購01  ,0,0,0,0,0,0,0,0,0,-21000,0,0,0,84000,105000,-21000,-21000
065151,國巨群益9C購13  ,0,0,0,0,0,0,0,0,0,-21000,0,0,0,21000,42000,-21000,-21000
065645,嘉晶元大01購02  ,0,0,0,0,0,0,0,0,0,-21000,0,0,0,204000,225000,-21000,-21000
066007,大立光統一02購06,0,0,0,0,0,0,0,0,0,-21000,0,0,0,12000,33000,-21000,-21000
08841P,A50正2中信03售02,0,0,0,0,0,0,0,0,0,-21000,0,0,0,0,21000,-21000,-21000
068820,聯陽元大02購01  ,0,0,0,0,0,0,0,0,0,-22000,0,0,0,53000,75000,-22000,-22000
068263,台灣50永豐01購01,0,0,0,0,0,0,0,0,0,-22000,0,0,0,0,22000,-22000,-22000
068126,樺漢元富07購01  ,0,0,0,0,0,0,0,0,0,-22000,0,0,0,16000,38000,-22000,-22000
07031P,台灣50中信03售02,0,0,0,0,0,0,0,0,0,-22000,0,0,0,1000,23000,-22000,-22000
069757,台積電兆豐04購01,0,0,0,0,0,0,0,0,0,-22000,0,0,0,0,22000,-22000,-22000
056906,玉晶光元大9B購01,0,0,0,0,0,0,0,0,0,-22000,0,0,0,76000,98000,-22000,-22000
060835,亞德客國票9A購01,0,0,0,0,0,0,0,0,0,-22000,0,0,0,0,22000,-22000,-22000
063701,燿華群益9B購02  ,0,0,0,0,0,0,0,0,0,-22000,0,0,0,0,22000,-22000,-22000
061177,大立光凱基9A購10,0,0,0,0,0,0,0,0,0,-22000,0,0,0,10000,32000,-22000,-22000
061189,可成富邦9B購02  ,0,0,0,0,0,0,0,0,0,-22000,0,0,0,0,22000,-22000,-22000
065038,上銀凱基9C購02  ,0,0,0,0,0,0,0,0,0,-22000,0,0,0,30000,52000,-22000,-22000
066358,美利達永豐01購01,0,0,0,0,0,0,0,0,0,-22000,0,0,0,20000,42000,-22000,-22000
066392,聯強凱基01購01  ,0,0,0,0,0,0,0,0,0,-22000,0,0,0,2000,24000,-22000,-22000
066163,友訊凱基01購01  ,0,0,0,0,0,0,0,0,0,-22000,0,0,0,70000,92000,-22000,-22000
065751,台光電元大9C購06,0,0,0,0,0,0,0,0,0,-22000,0,0,0,8000,30000,-22000,-22000
065077,鴻海元大01購03  ,0,0,0,0,0,0,0,0,0,-22000,0,0,0,28000,50000,-22000,-22000
066766,嘉澤永豐01購01  ,0,0,0,0,0,0,0,0,0,-22000,0,0,0,17000,39000,-22000,-22000
067646,元金2X元富01購01,0,0,0,0,0,0,0,0,0,-22000,0,0,0,20000,42000,-22000,-22000
067254,華擎國票02購02  ,0,0,0,0,0,0,0,0,0,-22000,0,0,0,44000,66000,-22000,-22000
067138,正文永豐01購02  ,0,0,0,0,0,0,0,0,0,-22000,0,0,0,0,22000,-22000,-22000
5234,達興材料        ,40000,52000,-12000,0,0,0,0,15000,-15000,5000,5000,0,5000,0,0,0,-22000
9927,泰銘            ,22000,44000,-22000,0,0,0,0,0,0,0,0,0,0,0,0,0,-22000
08015P,可成凱基9B售05  ,0,0,0,0,0,0,0,0,0,-23000,0,0,0,30000,53000,-23000,-23000
069434,景碩群益03購02  ,0,0,0,0,0,0,0,0,0,-23000,0,0,0,29000,52000,-23000,-23000
069590,台船國票03購01  ,0,0,0,0,0,0,0,0,0,-23000,0,0,0,0,23000,-23000,-23000
068131,聯發科統一02購09,0,0,0,0,0,0,0,0,0,-23000,0,0,0,10000,33000,-23000,-23000
068961,宏達電群益02購01,0,0,0,0,0,0,0,0,0,-23000,0,0,0,102000,125000,-23000,-23000
068652,聯電元大02購05  ,0,0,0,0,0,0,0,0,0,-23000,0,0,0,3000,26000,-23000,-23000
068696,聯詠凱基02購03  ,0,0,0,0,0,0,0,0,0,-23000,0,0,0,100000,123000,-23000,-23000
060632,可成富邦9B購01  ,0,0,0,0,0,0,0,0,0,-23000,0,0,0,0,23000,-23000,-23000
058727,嘉晶富邦9A購01  ,0,0,0,0,0,0,0,0,0,-23000,0,0,0,18000,41000,-23000,-23000
063418,京元電凱基9B購03,0,0,0,0,0,0,0,0,0,-23000,0,0,0,70000,93000,-23000,-23000
05887P,友達元富99售03  ,0,0,0,0,0,0,0,0,0,-23000,0,0,0,2000,25000,-23000,-23000
059162,國巨凱基99購12  ,0,0,0,0,0,0,0,0,0,-23000,0,0,0,79000,102000,-23000,-23000
06327P,台積電中信01售01,0,0,0,0,0,0,0,0,0,-23000,0,0,0,42000,65000,-23000,-23000
063710,光寶科凱基9C購01,0,0,0,0,0,0,0,0,0,-23000,0,0,0,0,23000,-23000,-23000
063495,台光電富邦9C購01,0,0,0,0,0,0,0,0,0,-23000,0,0,0,7000,30000,-23000,-23000
063507,奇鋐群益9B購02  ,0,0,0,0,0,0,0,0,0,-23000,0,0,0,37000,60000,-23000,-23000
064014,貿聯國票01購01  ,0,0,0,0,0,0,0,0,0,-23000,0,0,0,48000,71000,-23000,-23000
063904,大立光麥證01購01,0,0,0,2000,25000,-23000,0,0,0,-23000,0,0,0,2000,25000,-23000,-23000
064197,智伸科群益9C購01,0,0,0,0,0,0,0,0,0,-23000,0,0,0,34000,57000,-23000,-23000
067256,新唐國票02購01  ,0,0,0,0,0,0,0,0,0,-23000,0,0,0,55000,78000,-23000,-23000
067284,華新科國票02購01,0,0,0,0,0,0,0,0,0,-23000,0,0,0,130000,153000,-23000,-23000
066569,帆宣元大01購02  ,0,0,0,0,0,0,0,0,0,-23000,0,0,0,127000,150000,-23000,-23000
065079,致茂元大9C購01  ,0,0,0,0,0,0,0,0,0,-23000,0,0,0,68000,91000,-23000,-23000
066237,京鼎富邦04購01  ,0,0,0,0,0,0,0,0,0,-23000,0,0,0,38000,61000,-23000,-23000
2530,華建            ,35000,58000,-23000,0,0,0,0,0,0,0,0,0,0,0,0,0,-23000
068461,瑞儀國票03購01  ,0,0,0,0,0,0,0,0,0,-24000,0,0,0,76000,100000,-24000,-24000
068559,鴻海元大01購29  ,0,0,0,0,0,0,0,0,0,-24000,0,0,0,626000,650000,-24000,-24000
068952,瑞昱凱基03購01  ,0,0,0,0,0,0,0,0,0,-24000,0,0,0,96000,120000,-24000,-24000
068781,欣興國票03購03  ,0,0,0,0,0,0,0,0,0,-24000,0,0,0,40000,64000,-24000,-24000
069778,彩晶元大02購02  ,0,0,0,0,0,0,0,0,0,-24000,0,0,0,0,24000,-24000,-24000
069837,華城群益02購01  ,0,0,0,0,0,0,0,0,0,-24000,0,0,0,0,24000,-24000,-24000
059622,上銀凱基99購10  ,0,0,0,0,0,0,0,0,0,-24000,0,0,0,12000,36000,-24000,-24000
059456,智易永豐99購01  ,0,0,0,0,0,0,0,0,0,-24000,0,0,0,0,24000,-24000,-24000
060032,利勤永豐99購01  ,0,0,0,0,0,0,0,0,0,-24000,0,0,0,6000,30000,-24000,-24000
058712,鴻海統一9B購03  ,0,0,0,0,0,0,0,0,0,-24000,0,0,0,21000,45000,-24000,-24000
060979,國巨元大9A購14  ,0,0,0,0,0,0,0,0,0,-24000,0,0,0,0,24000,-24000,-24000
060821,SP黃豆元大9A購02,0,0,0,0,0,0,0,0,0,-24000,0,0,0,1000,25000,-24000,-24000
03481P,欣興群益02售08  ,0,0,0,0,0,0,0,0,0,-24000,0,0,0,10000,34000,-24000,-24000
00762,元大全球AI      ,0,0,0,0,0,0,0,0,0,-24000,0,0,0,50000,74000,-24000,-24000
064058,儒鴻麥證01購01  ,0,0,0,6000,30000,-24000,0,0,0,-24000,0,0,0,6000,30000,-24000,-24000
064018,儒鴻元大9C購02  ,0,0,0,0,0,0,0,0,0,-24000,0,0,0,7000,31000,-24000,-24000
063587,漢唐永豐9B購02  ,0,0,0,0,0,0,0,0,0,-24000,0,0,0,0,24000,-24000,-24000
062579,華通統一01購02  ,0,0,0,0,0,0,0,0,0,-24000,0,0,0,50000,74000,-24000,-24000
063295,京元電麥證9B購01,0,0,0,179000,185000,-6000,0,0,0,-24000,0,0,0,179000,203000,-24000,-24000
061436,上銀凱基9A購07  ,0,0,0,0,0,0,0,0,0,-24000,0,0,0,6000,30000,-24000,-24000
061363,儒鴻國票9B購01  ,0,0,0,0,0,0,0,0,0,-24000,0,0,0,0,24000,-24000,-24000
062638,茂林國票9C購01  ,0,0,0,0,0,0,0,0,0,-24000,0,0,0,400000,424000,-24000,-24000
061940,世紀鋼國票9C購01,0,0,0,0,0,0,0,0,0,-24000,0,0,0,2000,26000,-24000,-24000
066396,可成凱基01購04  ,0,0,0,0,0,0,0,0,0,-24000,0,0,0,0,24000,-24000,-24000
065118,國巨富邦01購02  ,0,0,0,0,0,0,0,0,0,-24000,0,0,0,12000,36000,-24000,-24000
065388,華擎兆豐01購01  ,0,0,0,0,0,0,0,0,0,-24000,0,0,0,0,24000,-24000,-24000
065228,南亞科凱基01購03,0,0,0,0,0,0,0,0,0,-24000,0,0,0,0,24000,-24000,-24000
065703,大毅群益9C購01  ,0,0,0,0,0,0,0,0,0,-24000,0,0,0,88000,112000,-24000,-24000
2493,揚博            ,146000,15000,131000,0,0,0,0,0,0,-155000,1000,156000,-155000,0,0,0,-24000
3041,揚智            ,655000,680000,-25000,0,0,0,0,0,0,1000,1000,0,1000,0,0,0,-24000
07777P,創意元大9A售03  ,0,0,0,0,0,0,0,0,0,-25000,0,0,0,80000,105000,-25000,-25000
07837P,華邦電元大9A售01,0,0,0,0,0,0,0,0,0,-25000,0,0,0,0,25000,-25000,-25000
068769,義隆統一04購01  ,0,0,0,0,0,0,0,0,0,-25000,0,0,0,0,25000,-25000,-25000
067845,美食元富04購01  ,0,0,0,0,0,0,0,0,0,-25000,0,0,0,94000,119000,-25000,-25000
00645,富邦日本        ,0,0,0,0,0,0,0,0,0,-25000,0,0,0,114000,139000,-25000,-25000
03472P,台灣50元大03售06,0,0,0,0,0,0,0,0,0,-25000,0,0,0,0,25000,-25000,-25000
03422P,GIS群益02售04   ,0,0,0,0,0,0,0,0,0,-25000,0,0,0,15000,40000,-25000,-25000
057057,立積元大9A購01  ,0,0,0,0,0,0,0,0,0,-25000,0,0,0,0,25000,-25000,-25000
059872,華新科凱基01購01,0,0,0,0,0,0,0,0,0,-25000,0,0,0,81000,106000,-25000,-25000
059825,嘉晶凱基99購02  ,0,0,0,0,0,0,0,0,0,-25000,0,0,0,5000,30000,-25000,-25000
058977,SGBR2X凱基03購01,0,0,0,0,0,0,0,0,0,-25000,0,0,0,15000,40000,-25000,-25000
059452,全新永豐99購03  ,0,0,0,0,0,0,0,0,0,-25000,0,0,0,0,25000,-25000,-25000
059355,國巨富邦9B購03  ,0,0,0,0,0,0,0,0,0,-25000,0,0,0,10000,35000,-25000,-25000
064592,同欣電永豐9C購01,0,0,0,0,0,0,0,0,0,-25000,0,0,0,0,25000,-25000,-25000
062659,台灣50群益9B購10,0,0,0,0,0,0,0,0,0,-25000,0,0,0,0,25000,-25000,-25000
061906,統一中信9B購01  ,0,0,0,0,0,0,0,0,0,-25000,0,0,0,0,25000,-25000,-25000
064960,世紀鋼凱基03購01,0,0,0,0,0,0,0,0,0,-25000,0,0,0,68000,93000,-25000,-25000
061586,智邦富邦9A購02  ,0,0,0,0,0,0,0,0,0,-25000,0,0,0,147000,172000,-25000,-25000
061270,彩晶凱基9A購02  ,0,0,0,0,0,0,0,0,0,-25000,0,0,0,0,25000,-25000,-25000
061203,國巨元大9A購15  ,0,0,0,0,0,0,0,0,0,-25000,0,0,0,0,25000,-25000,-25000
063325,SP黃豆國票9C購02,0,0,0,0,0,0,0,0,0,-25000,0,0,0,0,25000,-25000,-25000
063911,大立光凱基9C購03,0,0,0,0,0,0,0,0,0,-25000,0,0,0,0,25000,-25000,-25000
062953,大立光永豐9B購01,0,0,0,0,0,0,0,0,0,-25000,0,0,0,0,25000,-25000,-25000
063496,儒鴻永豐9B購01  ,0,0,0,0,0,0,0,0,0,-25000,0,0,0,12000,37000,-25000,-25000
065648,華擎元大01購02  ,0,0,0,0,0,0,0,0,0,-25000,0,0,0,0,25000,-25000,-25000
065146,帆宣凱基9C購01  ,0,0,0,0,0,0,0,0,0,-25000,0,0,0,0,25000,-25000,-25000
066310,長興永豐01購01  ,0,0,0,0,0,0,0,0,0,-25000,0,0,0,0,25000,-25000,-25000
066115,美律兆豐02購01  ,0,0,0,0,0,0,0,0,0,-25000,0,0,0,0,25000,-25000,-25000
066062,同欣電元大01購02,0,0,0,0,0,0,0,0,0,-25000,0,0,0,5000,30000,-25000,-25000
065830,景碩凱基9C購04  ,0,0,0,0,0,0,0,0,0,-25000,0,0,0,105000,130000,-25000,-25000
066727,鴻海元大01購12  ,0,0,0,0,0,0,0,0,0,-25000,0,0,0,75000,100000,-25000,-25000
066830,國揚群益01購01  ,0,0,0,0,0,0,0,0,0,-25000,0,0,0,0,25000,-25000,-25000
067197,上証2X元大01購05,0,0,0,0,0,0,0,0,0,-25000,0,0,0,0,25000,-25000,-25000
067645,樺漢統一02購01  ,0,0,0,0,0,0,0,0,0,-25000,0,0,0,50000,75000,-25000,-25000
067577,FBVIX群益01購02 ,0,0,0,0,0,0,0,0,0,-25000,0,0,0,0,25000,-25000,-25000
067516,美利達統一03購04,0,0,0,0,0,0,0,0,0,-25000,0,0,0,1000,26000,-25000,-25000
2816,旺旺保          ,20000,52000,-32000,0,0,0,0,0,0,7000,7000,0,7000,0,0,0,-25000
068309,聯詠國票03購01  ,0,0,0,0,0,0,0,0,0,-26000,0,0,0,35000,61000,-26000,-26000
08315P,台積電元大9C售08,0,0,0,0,0,0,0,0,0,-26000,0,0,0,154000,180000,-26000,-26000
08414P,超眾凱基9C售02  ,0,0,0,0,0,0,0,0,0,-26000,0,0,0,0,26000,-26000,-26000
08393P,鴻海群益9C售05  ,0,0,0,0,0,0,0,0,0,-26000,0,0,0,25000,51000,-26000,-26000
069474,世紀鋼國票03購01,0,0,0,0,0,0,0,0,0,-26000,0,0,0,0,26000,-26000,-26000
069349,瀚宇博群益02購01,0,0,0,0,0,0,0,0,0,-26000,0,0,0,163000,189000,-26000,-26000
069361,強茂永豐02購02  ,0,0,0,0,0,0,0,0,0,-26000,0,0,0,134000,160000,-26000,-26000
056667,上銀國票99購01  ,0,0,0,0,0,0,0,0,0,-26000,0,0,0,12000,38000,-26000,-26000
00683L,元大美元指數正2 ,0,0,0,0,0,0,0,0,0,-26000,0,0,0,14000,40000,-26000,-26000
00709,富邦歐洲        ,0,0,0,0,0,0,0,0,0,-26000,0,0,0,100000,126000,-26000,-26000
063475,同欣電元大9C購01,0,0,0,0,0,0,0,0,0,-26000,0,0,0,69000,95000,-26000,-26000
063656,台光電元富03購01,0,0,0,0,0,0,0,0,0,-26000,0,0,0,5000,31000,-26000,-26000
063709,上銀凱基9B購07  ,0,0,0,0,0,0,0,0,0,-26000,0,0,0,0,26000,-26000,-26000
061496,華新科國票9A購07,0,0,0,0,0,0,0,0,0,-26000,0,0,0,0,26000,-26000,-26000
064681,牧德兆豐01購01  ,0,0,0,0,0,0,0,0,0,-26000,0,0,0,5000,31000,-26000,-26000
061847,力山國票9B購01  ,0,0,0,0,0,0,0,0,0,-26000,0,0,0,0,26000,-26000,-26000
067374,大立光統一01購08,0,0,0,0,0,0,0,0,0,-26000,0,0,0,0,26000,-26000,-26000
067424,美律凱基02購02  ,0,0,0,0,0,0,0,0,0,-26000,0,0,0,0,26000,-26000,-26000
067384,南六統一01購03  ,0,0,0,0,0,0,0,0,0,-26000,0,0,0,100000,126000,-26000,-26000
067412,玉山金中信07購01,0,0,0,0,0,0,0,0,0,-26000,0,0,0,0,26000,-26000,-26000
067015,義隆富邦04購01  ,0,0,0,0,0,0,0,0,0,-26000,0,0,0,10000,36000,-26000,-26000
065892,聯發科統一02購04,0,0,0,0,0,0,0,0,0,-26000,0,0,0,7000,33000,-26000,-26000
065283,台積電群益01購01,0,0,0,0,0,0,0,0,0,-26000,0,0,0,0,26000,-26000,-26000
065781,創意富邦01購01  ,0,0,0,0,0,0,0,0,0,-26000,0,0,0,64000,90000,-26000,-26000
08811P,鴻海群益01售08  ,0,0,0,0,0,0,0,0,0,-26000,0,0,0,0,26000,-26000,-26000
069356,台化永豐02購01  ,0,0,0,0,0,0,0,0,0,-27000,0,0,0,17000,44000,-27000,-27000
08228P,華擎國票9C售01  ,0,0,0,0,0,0,0,0,0,-27000,0,0,0,7000,34000,-27000,-27000
08010P,大成鋼元大9B售01,0,0,0,0,0,0,0,0,0,-27000,0,0,0,25000,52000,-27000,-27000
07986P,大成鋼統一9B售02,0,0,0,0,0,0,0,0,0,-27000,0,0,0,0,27000,-27000,-27000
067781,SP黃豆群益01購02,0,0,0,0,0,0,0,0,0,-27000,0,0,0,0,27000,-27000,-27000
067866,可成元大01購09  ,0,0,0,0,0,0,0,0,0,-27000,0,0,0,68000,95000,-27000,-27000
069028,TPK國票03購02   ,0,0,0,0,0,0,0,0,0,-27000,0,0,0,11000,38000,-27000,-27000
00700,富邦恒生國企    ,7000,0,7000,0,0,0,0,0,0,-34000,0,0,0,71000,105000,-34000,-27000
057454,上銀國泰99購02  ,0,0,0,0,0,0,0,0,0,-27000,0,0,0,0,27000,-27000,-27000
058127,FBVIX元大9C購01 ,0,0,0,0,0,0,0,0,0,-27000,0,0,0,0,27000,-27000,-27000
060747,聯鈞國票9A購02  ,0,0,0,0,0,0,0,0,0,-27000,0,0,0,32000,59000,-27000,-27000
064946,台積電凱基01購07,0,0,0,0,0,0,0,0,0,-27000,0,0,0,1000,28000,-27000,-27000
064852,智邦台新9C購04  ,0,0,0,0,0,0,0,0,0,-27000,0,0,0,40000,67000,-27000,-27000
063013,技嘉元大9B購02  ,0,0,0,0,0,0,0,0,0,-27000,0,0,0,7000,34000,-27000,-27000
063972,緯創國票9C購01  ,0,0,0,0,0,0,0,0,0,-27000,0,0,0,0,27000,-27000,-27000
062337,台表科統一01購01,0,0,0,0,0,0,0,0,0,-27000,0,0,0,3000,30000,-27000,-27000
062202,國巨國票9C購04  ,0,0,0,0,0,0,0,0,0,-27000,0,0,0,0,27000,-27000,-27000
065972,聯發科元大01購07,0,0,0,0,0,0,0,0,0,-27000,0,0,0,103000,130000,-27000,-27000
066109,南電國票02購01  ,0,0,0,0,0,0,0,0,0,-27000,0,0,0,19000,46000,-27000,-27000
066033,南六群益02購01  ,0,0,0,0,0,0,0,0,0,-27000,0,0,0,13000,40000,-27000,-27000
08815P,聯發科國泰03售03,0,0,0,0,0,0,0,0,0,-27000,0,0,0,171000,198000,-27000,-27000
2414,精技            ,15000,45000,-30000,0,0,0,0,0,0,3000,7000,4000,3000,0,0,0,-27000
5264,鎧勝-KY         ,10918000,7111000,3807000,0,0,0,0,2837000,-2837000,-997000,28000,0,28000,256000,1281000,-1025000,-27000
3008,大立光          ,174893,206198,-31305,0,0,0,2000,0,2000,2000,7000,11000,-4000,9000,3000,6000,-27305
069019,GIS兆豐03購01   ,0,0,0,0,0,0,0,0,0,-28000,0,0,0,10000,38000,-28000,-28000
068176,滬深2X群益01購10,0,0,0,0,0,0,0,0,0,-28000,0,0,0,0,28000,-28000,-28000
068248,美律元大01購05  ,0,0,0,0,0,0,0,0,0,-28000,0,0,0,7000,35000,-28000,-28000
08277P,嘉晶元富9C售02  ,0,0,0,0,0,0,0,0,0,-28000,0,0,0,2000,30000,-28000,-28000
08523P,金像電元大9C售06,0,0,0,0,0,0,0,0,0,-28000,0,0,0,52000,80000,-28000,-28000
069447,大立光統一02購11,0,0,0,0,0,0,0,0,0,-28000,0,0,0,0,28000,-28000,-28000
058947,SGBR2X群益9B購02,0,0,0,0,0,0,0,0,0,-28000,0,0,0,2000,30000,-28000,-28000
057525,光磊元大99購01  ,0,0,0,0,0,0,0,0,0,-28000,0,0,0,0,28000,-28000,-28000
056219,T50反1日盛02購01,0,0,0,0,0,0,0,0,0,-28000,0,0,0,0,28000,-28000,-28000
00680L,元大美債20正2   ,0,23000,-23000,0,0,0,0,0,0,-5000,0,0,0,6000,11000,-5000,-28000
062279,晶豪科群益9B購01,0,0,0,0,0,0,0,0,0,-28000,0,0,0,11000,39000,-28000,-28000
061711,台積電凱基9A購27,0,0,0,0,0,0,0,0,0,-28000,0,0,0,0,28000,-28000,-28000
063292,致新元大9B購02  ,0,0,0,0,0,0,0,0,0,-28000,0,0,0,72000,100000,-28000,-28000
062928,富邦金台新9B購02,0,0,0,0,0,0,0,0,0,-28000,0,0,0,137000,165000,-28000,-28000
065417,嘉晶國票01購02  ,0,0,0,0,0,0,0,0,0,-28000,0,0,0,59000,87000,-28000,-28000
067487,京鼎元大01購06  ,0,0,0,0,0,0,0,0,0,-28000,0,0,0,207000,235000,-28000,-28000
08845P,友訊元大01售05  ,0,0,0,0,0,0,0,0,0,-28000,0,0,0,0,28000,-28000,-28000
08698P,可成凱基01售02  ,0,0,0,0,0,0,0,0,0,-28000,0,0,0,11000,39000,-28000,-28000
2062,橋椿            ,64000,81000,-17000,0,0,0,0,0,0,-11000,4000,15000,-11000,0,0,0,-28000
2109,華豐            ,62000,89000,-27000,0,0,0,0,0,0,-1000,0,1000,-1000,0,0,0,-28000
1319,東陽            ,378000,246000,132000,0,0,0,0,175000,-175000,15000,19000,4000,15000,0,0,0,-28000
069429,上銀群益03購01  ,0,0,0,0,0,0,0,0,0,-29000,0,0,0,0,29000,-29000,-29000
069534,創意群益04購01  ,0,0,0,0,0,0,0,0,0,-29000,0,0,0,3000,32000,-29000,-29000
069315,矽格凱基03購01  ,0,0,0,0,0,0,0,0,0,-29000,0,0,0,0,29000,-29000,-29000
057777,可成群益9A購03  ,0,0,0,0,0,0,0,0,0,-29000,0,0,0,24000,53000,-29000,-29000
03131P,南亞科元富07售02,0,0,0,0,0,0,0,0,0,-29000,0,0,0,0,29000,-29000,-29000
060983,南亞科元大9A購06,0,0,0,0,0,0,0,0,0,-29000,0,0,0,42000,71000,-29000,-29000
063756,鴻海統一9B購09  ,0,0,0,0,0,0,0,0,0,-29000,0,0,0,21000,50000,-29000,-29000
062916,智易元大9B購01  ,0,0,0,0,0,0,0,0,0,-29000,0,0,0,101000,130000,-29000,-29000
062151,世紀鋼國票01購01,0,0,0,0,0,0,0,0,0,-29000,0,0,0,0,29000,-29000,-29000
064214,群創凱基03購01  ,1000,0,1000,0,0,0,0,0,0,-30000,0,0,0,127000,157000,-30000,-29000
067556,義隆國票02購02  ,0,0,0,0,0,0,0,0,0,-29000,0,0,0,10000,39000,-29000,-29000
067459,微星永豐01購01  ,0,0,0,0,0,0,0,0,0,-29000,0,0,0,382000,411000,-29000,-29000
067278,申豐統一02購03  ,0,0,0,0,0,0,0,0,0,-29000,0,0,0,0,29000,-29000,-29000
065701,聯發科群益9C購13,0,0,0,0,0,0,0,0,0,-29000,0,0,0,6000,35000,-29000,-29000
066226,惠特國泰03購01  ,0,0,0,0,0,0,0,0,0,-29000,0,0,0,801000,830000,-29000,-29000
2838A,聯邦銀甲特      ,0,0,0,0,0,0,0,27000,-27000,-2000,18000,20000,-2000,0,0,0,-29000
069493,玉晶光元大03購10,0,0,0,0,0,0,0,0,0,-30000,0,0,0,4000,34000,-30000,-30000
069454,聯電麥證02購01  ,0,0,0,14000,34000,-20000,0,0,0,-30000,0,0,0,18000,48000,-30000,-30000
069579,中興電永豐02購01,0,0,0,0,0,0,0,0,0,-30000,0,0,0,4000,34000,-30000,-30000
08390P,旺宏凱基9C售02  ,0,0,0,0,0,0,0,0,0,-30000,0,0,0,70000,100000,-30000,-30000
07996P,亞德客凱基9B售03,0,0,0,0,0,0,0,0,0,-30000,0,0,0,0,30000,-30000,-30000
08065P,瑞昱凱基9B售03  ,0,0,0,0,0,0,0,0,0,-30000,0,0,0,0,30000,-30000,-30000
07874P,長榮航群益9B售01,0,0,0,0,0,0,0,0,0,-30000,0,0,0,10000,40000,-30000,-30000
07683P,宏達電凱基9A售03,0,0,0,0,0,0,0,0,0,-30000,0,0,0,0,30000,-30000,-30000
068301,華通國票03購02  ,0,0,0,0,0,0,0,0,0,-30000,0,0,0,25000,55000,-30000,-30000
068354,燿華凱基01購03  ,0,0,0,0,0,0,0,0,0,-30000,0,0,0,15000,45000,-30000,-30000
068431,華通凱基03購02  ,0,0,0,0,0,0,0,0,0,-30000,0,0,0,40000,70000,-30000,-30000
067841,A50正2元富04購01,0,0,0,0,0,0,0,0,0,-30000,0,0,0,23000,53000,-30000,-30000
068041,訊芯元富07購01  ,0,0,0,0,0,0,0,0,0,-30000,0,0,0,0,30000,-30000,-30000
068109,上証2X元富07購03,0,0,0,0,0,0,0,0,0,-30000,0,0,0,0,30000,-30000,-30000
068774,T50反1元富08購02,0,0,0,0,0,0,0,0,0,-30000,0,0,0,0,30000,-30000,-30000
068906,台灣50群益02購10,0,0,0,0,0,0,0,0,0,-30000,0,0,0,0,30000,-30000,-30000
068710,正文國票03購01  ,0,0,0,0,0,0,0,0,0,-30000,0,0,0,35000,65000,-30000,-30000
064523,聯茂群益9C購01  ,0,0,0,0,0,0,0,0,0,-30000,0,0,0,0,30000,-30000,-30000
063803,世紀鋼凱基01購01,0,0,0,0,0,0,0,0,0,-30000,0,0,0,2000,32000,-30000,-30000
064383,SP黃豆富邦01購01,0,0,0,0,0,0,0,0,0,-30000,0,0,0,0,30000,-30000,-30000
059512,晶豪科永豐99購02,0,0,0,0,0,0,0,0,0,-30000,0,0,0,0,30000,-30000,-30000
059706,嘉晶凱基99購01  ,0,0,0,0,0,0,0,0,0,-30000,0,0,0,0,30000,-30000,-30000
058796,可成元大99購04  ,0,0,0,0,0,0,0,0,0,-30000,0,0,0,0,30000,-30000,-30000
060984,南亞科元大9A購07,0,0,0,0,0,0,0,0,0,-30000,0,0,0,0,30000,-30000,-30000
060988,華新科元大9A購12,0,0,0,0,0,0,0,0,0,-30000,0,0,0,70000,100000,-30000,-30000
058655,鴻海中信03購02  ,0,0,0,0,0,0,0,0,0,-30000,0,0,0,0,30000,-30000,-30000
03331P,臺股指群益02售05,0,0,0,0,0,0,0,0,0,-30000,0,0,0,0,30000,-30000,-30000
057841,茂林富邦9A購02  ,0,0,0,0,0,0,0,0,0,-30000,0,0,0,0,30000,-30000,-30000
03078P,上銀統一01售05  ,0,0,0,0,0,0,0,0,0,-30000,0,0,0,50000,80000,-30000,-30000
03050P,台積電統一01售12,0,0,0,0,0,0,0,0,0,-30000,0,0,0,550000,580000,-30000,-30000
056699,光罩國泰99購01  ,0,0,0,0,0,0,0,0,0,-30000,0,0,0,35000,65000,-30000,-30000
054811,裕隆元大9A購01  ,0,0,0,0,0,0,0,0,0,-30000,0,0,0,0,30000,-30000,-30000
057238,群創凱基9B購03  ,0,0,0,0,0,0,0,0,0,-30000,0,0,0,0,30000,-30000,-30000
060430,和潤永豐9A購01  ,0,0,0,0,0,0,0,0,0,-30000,0,0,0,27000,57000,-30000,-30000
062445,大立光元大9C購02,0,0,0,0,0,0,0,0,0,-30000,0,0,0,0,30000,-30000,-30000
064257,台勝科國泰01購01,0,0,0,0,0,0,0,0,0,-30000,0,0,0,20000,50000,-30000,-30000
062566,嘉晶中信9C購01  ,0,0,0,0,0,0,0,0,0,-30000,0,0,0,0,30000,-30000,-30000
063099,臺指反群益9B購05,0,0,0,0,0,0,0,0,0,-30000,0,0,0,0,30000,-30000,-30000
061417,力成群益9A購01  ,0,0,0,0,0,0,0,0,0,-30000,0,0,0,0,30000,-30000,-30000
064885,T50反1中信04購01,0,0,0,0,0,0,0,0,0,-30000,0,0,0,0,30000,-30000,-30000
061831,智邦凱基9B購02  ,0,0,0,0,0,0,0,0,0,-30000,0,0,0,88000,118000,-30000,-30000
061787,華新科群益9C購01,0,0,0,0,0,0,0,0,0,-30000,0,0,0,0,30000,-30000,-30000
064641,神隆凱基9C購01  ,0,0,0,0,0,0,0,0,0,-30000,0,0,0,27000,57000,-30000,-30000
061932,上銀國票9B購01  ,0,0,0,0,0,0,0,0,0,-30000,0,0,0,1000,31000,-30000,-30000
066004,國巨統一01購11  ,0,0,0,0,0,0,0,0,0,-30000,0,0,0,0,30000,-30000,-30000
066072,華新科凱基01購03,0,0,0,0,0,0,0,0,0,-30000,0,0,0,199000,229000,-30000,-30000
067296,A50正2元大01購03,0,0,0,0,0,0,0,0,0,-30000,0,0,0,0,30000,-30000,-30000
067490,嘉澤元大01購04  ,0,0,0,0,0,0,0,0,0,-30000,0,0,0,0,30000,-30000,-30000
067527,遠東新群益01購01,0,0,0,0,0,0,0,0,0,-30000,0,0,0,0,30000,-30000,-30000
067115,京鼎群益02購05  ,0,0,0,0,0,0,0,0,0,-30000,0,0,0,1000,31000,-30000,-30000
067064,為升元大01購02  ,0,0,0,0,0,0,0,0,0,-30000,0,0,0,20000,50000,-30000,-30000
066821,臺指反群益01購03,0,0,0,0,0,0,0,0,0,-30000,0,0,0,0,30000,-30000,-30000
066872,亞光國泰03購01  ,0,0,0,0,0,0,0,0,0,-30000,0,0,0,0,30000,-30000,-30000
066726,鴻海元大01購11  ,0,0,0,0,0,0,0,0,0,-30000,0,0,0,20000,50000,-30000,-30000
066777,群創富邦01購01  ,0,0,0,0,0,0,0,0,0,-30000,0,0,0,5000,35000,-30000,-30000
066775,智原富邦03購01  ,0,0,0,0,0,0,0,0,0,-30000,0,0,0,0,30000,-30000,-30000
2887E,台新戊特        ,0,0,0,0,0,0,0,30000,-30000,0,0,0,0,0,0,0,-30000
2888A,新光金甲特      ,0,0,0,0,0,0,0,0,0,-30000,0,30000,-30000,0,0,0,-30000
08994P,台灣50群益01售11,0,0,0,0,0,0,0,0,0,-30000,0,0,0,159000,189000,-30000,-30000
3045,台灣大          ,326013,462940,-136927,0,0,0,1000,1000,0,106000,106000,0,106000,0,0,0,-30927
068927,台達電永豐02購01,0,0,0,0,0,0,0,0,0,-31000,0,0,0,0,31000,-31000,-31000
069003,台積電兆豐03購06,0,0,0,0,0,0,0,0,0,-31000,0,0,0,15000,46000,-31000,-31000
08018P,牧德國票9B售04  ,0,0,0,0,0,0,0,0,0,-31000,0,0,0,20000,51000,-31000,-31000
08441P,同欣電元富9C售01,0,0,0,0,0,0,0,0,0,-31000,0,0,0,59000,90000,-31000,-31000
00783,富邦中証500     ,250000,8000,242000,0,0,0,0,0,0,-273000,0,0,0,883000,1156000,-273000,-31000
058941,華新科中信99購03,0,0,0,0,0,0,0,0,0,-31000,0,0,0,0,31000,-31000,-31000
059009,世紀鋼元大99購04,0,0,0,0,0,0,0,0,0,-31000,0,0,0,9000,40000,-31000,-31000
058851,大立光群益99購07,0,0,0,0,0,0,0,0,0,-31000,0,0,0,5000,36000,-31000,-31000
059727,大立光元大9A購01,0,0,0,0,0,0,0,0,0,-31000,0,0,0,0,31000,-31000,-31000
061918,上銀凱基9B購02  ,0,0,0,0,0,0,0,0,0,-31000,0,0,0,14000,45000,-31000,-31000
061798,晶豪科永豐9B購01,0,0,0,0,0,0,0,0,0,-31000,0,0,0,0,31000,-31000,-31000
062597,世紀鋼統一01購01,0,0,0,0,0,0,0,0,0,-31000,0,0,0,93000,124000,-31000,-31000
062703,可成元大9C購02  ,0,0,0,0,0,0,0,0,0,-31000,0,0,0,136000,167000,-31000,-31000
062426,大立光統一02購02,0,0,0,0,0,0,0,0,0,-31000,0,0,0,35000,66000,-31000,-31000
063723,儒鴻元大9B購04  ,0,0,0,0,0,0,0,0,0,-31000,0,0,0,7000,38000,-31000,-31000
064221,華通國票01購01  ,0,0,0,0,0,0,0,0,0,-31000,0,0,0,62000,93000,-31000,-31000
063222,群創群益9B購03  ,0,0,0,0,0,0,0,0,0,-31000,0,0,0,17000,48000,-31000,-31000
066521,A50反1中信03購01,0,0,0,0,0,0,0,0,0,-31000,0,0,0,0,31000,-31000,-31000
066968,技嘉元富07購01  ,0,0,0,0,0,0,0,0,0,-31000,0,0,0,67000,98000,-31000,-31000
067237,國揚群益01購02  ,0,0,0,0,0,0,0,0,0,-31000,0,0,0,0,31000,-31000,-31000
067177,日月光麥證01購02,0,0,0,47000,88000,-41000,0,0,0,-31000,0,0,0,57000,88000,-31000,-31000
066148,美利達群益01購02,0,0,0,0,0,0,0,0,0,-31000,0,0,0,3000,34000,-31000,-31000
065796,T50反1群益01購02,0,0,0,0,0,0,0,0,0,-31000,0,0,0,0,31000,-31000,-31000
6196,帆宣            ,260000,254000,6000,0,0,0,0,0,0,-37000,5000,0,5000,0,42000,-42000,-31000
1587,吉茂            ,35000,70000,-35000,0,0,0,0,0,0,4000,5000,1000,4000,0,0,0,-31000
069107,國巨兆豐03購02  ,0,0,0,0,0,0,0,0,0,-32000,0,0,0,209000,241000,-32000,-32000
067837,大立光統一03購04,0,0,0,0,0,0,0,0,0,-32000,0,0,0,0,32000,-32000,-32000
057021,台積電凱基9A購02,0,0,0,0,0,0,0,0,0,-32000,0,0,0,0,32000,-32000,-32000
064155,大立光統一01購05,0,0,0,0,0,0,0,0,0,-32000,0,0,0,0,32000,-32000,-32000
064156,大立光統一01購06,0,0,0,0,0,0,0,0,0,-32000,0,0,0,0,32000,-32000,-32000
064098,正崴群益9C購01  ,0,0,0,0,0,0,0,0,0,-32000,0,0,0,8000,40000,-32000,-32000
061707,超眾國票9B購01  ,0,0,0,0,0,0,0,0,0,-32000,0,0,0,81000,113000,-32000,-32000
061744,超眾凱基9B購02  ,0,0,0,0,0,0,0,0,0,-32000,0,0,0,0,32000,-32000,-32000
066206,聯鈞統一01購01  ,0,0,0,0,0,0,0,0,0,-32000,0,0,0,2000,34000,-32000,-32000
066218,美利達統一03購02,0,0,0,0,0,0,0,0,0,-32000,0,0,0,100000,132000,-32000,-32000
066391,國巨凱基01購04  ,0,0,0,0,0,0,0,0,0,-32000,0,0,0,123000,155000,-32000,-32000
065841,國巨元大9C購20  ,0,0,0,0,0,0,0,0,0,-32000,0,0,0,72000,104000,-32000,-32000
067299,燿華元大01購03  ,0,0,0,0,0,0,0,0,0,-32000,0,0,0,232000,264000,-32000,-32000
067450,聯發科國票02購01,0,0,0,0,0,0,0,0,0,-32000,0,0,0,21000,53000,-32000,-32000
067447,台積電國票02購04,0,0,0,0,0,0,0,0,0,-32000,0,0,0,0,32000,-32000,-32000
067736,國巨元大02購04  ,0,0,0,0,0,0,0,0,0,-32000,0,0,0,70000,102000,-32000,-32000
08870P,鴻海群益01售09  ,0,0,0,0,0,0,0,0,0,-32000,0,0,0,0,32000,-32000,-32000
2527,宏璟            ,52000,84000,-32000,0,0,0,0,0,0,0,0,0,0,0,0,0,-32000
9917,中保科          ,15000,49000,-34000,0,0,0,0,0,0,2000,2000,0,2000,0,0,0,-32000
069722,京元電群益02購01,0,0,0,0,0,0,0,0,0,-33000,0,0,0,19000,52000,-33000,-33000
08524P,奇力新元大9C售01,0,0,0,0,0,0,0,0,0,-33000,0,0,0,0,33000,-33000,-33000
07756P,台灣50國票04售01,0,0,0,0,0,0,0,0,0,-33000,0,0,0,100000,133000,-33000,-33000
03341P,帆宣國票03售03  ,0,0,0,0,0,0,0,0,0,-33000,0,0,0,7000,40000,-33000,-33000
059732,超眾元大9A購01  ,0,0,0,0,0,0,0,0,0,-33000,0,0,0,28000,61000,-33000,-33000
064400,大成鋼凱基01購01,0,0,0,0,0,0,0,0,0,-33000,0,0,0,0,33000,-33000,-33000
064566,大立光群益9C購04,0,0,0,0,0,0,0,0,0,-33000,0,0,0,1000,34000,-33000,-33000
064679,晶技兆豐9C購01  ,0,0,0,0,0,0,0,0,0,-33000,0,0,0,10000,43000,-33000,-33000
061509,SP黃豆富邦9C購01,0,0,0,0,0,0,0,0,0,-33000,0,0,0,36000,69000,-33000,-33000
063328,京元電國票9C購02,0,0,0,0,0,0,0,0,0,-33000,0,0,0,8000,41000,-33000,-33000
067408,達方永豐01購02  ,0,0,0,0,0,0,0,0,0,-33000,0,0,0,0,33000,-33000,-33000
067321,南六元大01購05  ,0,0,0,0,0,0,0,0,0,-33000,0,0,0,200000,233000,-33000,-33000
067225,巨大元大01購03  ,0,0,0,0,0,0,0,0,0,-33000,0,0,0,209000,242000,-33000,-33000
066988,新唐群益02購01  ,0,0,0,0,0,0,0,0,0,-33000,0,0,0,112000,145000,-33000,-33000
064918,中信金統一02購01,0,0,0,0,0,0,0,0,0,-33000,0,0,0,80000,113000,-33000,-33000
08933P,上銀元大01售02  ,0,0,0,0,0,0,0,0,0,-33000,0,0,0,0,33000,-33000,-33000
07085P,超眾元富9C售01  ,0,0,0,0,0,0,0,0,0,-34000,0,0,0,59000,93000,-34000,-34000
069541,華通元大02購06  ,0,0,0,0,0,0,0,0,0,-34000,0,0,0,10000,44000,-34000,-34000
069366,百和永豐02購01  ,0,0,0,0,0,0,0,0,0,-34000,0,0,0,0,34000,-34000,-34000
067893,玉晶光群益02購07,0,0,0,0,0,0,0,0,0,-34000,0,0,0,54000,88000,-34000,-34000
068890,南六統一02購03  ,0,0,0,0,0,0,0,0,0,-34000,0,0,0,8000,42000,-34000,-34000
068742,A50群益02購01   ,0,0,0,0,0,0,0,0,0,-34000,0,0,0,0,34000,-34000,-34000
068582,聯發科永豐01購04,0,0,0,0,0,0,0,0,0,-34000,0,0,0,0,34000,-34000,-34000
059948,正文永豐99購01  ,0,0,0,0,0,0,0,0,0,-34000,0,0,0,0,34000,-34000,-34000
058431,國巨統一9B購01  ,0,0,0,0,0,0,0,0,0,-34000,0,0,0,0,34000,-34000,-34000
03207P,臺股指凱基03售09,0,0,0,0,0,0,0,0,0,-34000,0,0,0,9000,43000,-34000,-34000
060106,旭富元大99購02  ,0,0,0,0,0,0,0,0,0,-34000,0,0,0,100000,134000,-34000,-34000
03690C,臺股指凱基01牛13,0,0,0,0,0,0,0,0,0,-34000,0,0,0,24000,58000,-34000,-34000
064301,漢唐兆豐01購01  ,0,0,0,0,0,0,0,0,0,-34000,0,0,0,50000,84000,-34000,-34000
062268,力山群益9B購01  ,0,0,0,0,0,0,0,0,0,-34000,0,0,0,10000,44000,-34000,-34000
064120,鴻海元大9C購07  ,0,0,0,0,0,0,0,0,0,-34000,0,0,0,20000,54000,-34000,-34000
065385,億豐元大03購01  ,0,0,0,0,0,0,0,0,0,-34000,0,0,0,68000,102000,-34000,-34000
065856,中租元大9C購03  ,0,0,0,0,0,0,0,0,0,-34000,0,0,0,1000,35000,-34000,-34000
065887,巨大元富9C購01  ,0,0,0,0,0,0,0,0,0,-34000,0,0,0,87000,121000,-34000,-34000
065997,元黃金國票03購01,0,0,0,0,0,0,0,0,0,-34000,0,0,0,9000,43000,-34000,-34000
066029,神達群益02購01  ,0,0,0,0,0,0,0,0,0,-34000,0,0,0,0,34000,-34000,-34000
067046,聯發科凱基04購01,0,0,0,0,0,0,0,0,0,-34000,0,0,0,100000,134000,-34000,-34000
066823,國巨群益02購02  ,0,0,0,0,0,0,0,0,0,-34000,0,0,0,145000,179000,-34000,-34000
067252,智邦國票02購02  ,0,0,0,0,0,0,0,0,0,-34000,0,0,0,94000,128000,-34000,-34000
067539,緯創群益01購01  ,0,0,0,0,0,0,0,0,0,-34000,0,0,0,1000,35000,-34000,-34000
08900P,聯發科群益01售07,0,0,0,0,0,0,0,0,0,-34000,0,0,0,391000,425000,-34000,-34000
2547,日勝生          ,191000,225000,-34000,0,0,0,0,0,0,0,0,0,0,0,0,0,-34000
8454,富邦媒          ,105022,68600,36422,0,0,0,0,64000,-64000,-7000,0,7000,-7000,0,0,0,-34578
068448,光寶科國票03購01,0,0,0,0,0,0,0,0,0,-35000,0,0,0,69000,104000,-35000,-35000
068290,大立光群益01購12,0,0,0,0,0,0,0,0,0,-35000,0,0,0,0,35000,-35000,-35000
069779,康舒元大02購03  ,0,0,0,0,0,0,0,0,0,-35000,0,0,0,0,35000,-35000,-35000
07954P,台表科元大9B售02,0,0,0,0,0,0,0,0,0,-35000,0,0,0,0,35000,-35000,-35000
060328,可成群益9A購06  ,0,0,0,0,0,0,0,0,0,-35000,0,0,0,147000,182000,-35000,-35000
056214,義隆國票99購01  ,0,0,0,0,0,0,0,0,0,-35000,0,0,0,0,35000,-35000,-35000
00689R,國泰20年美債反1 ,0,0,0,0,0,0,0,0,0,-35000,0,0,0,100000,135000,-35000,-35000
058019,美律凱基99購04  ,0,0,0,0,0,0,0,0,0,-35000,0,0,0,0,35000,-35000,-35000
059867,華邦電凱基99購02,0,0,0,0,0,0,0,0,0,-35000,0,0,0,0,35000,-35000,-35000
060611,同欣電凱基9A購02,0,0,0,0,0,0,0,0,0,-35000,0,0,0,20000,55000,-35000,-35000
059936,台積電永豐99購06,0,0,0,0,0,0,0,0,0,-35000,0,0,0,0,35000,-35000,-35000
059525,上銀凱基99購08  ,0,0,0,0,0,0,0,0,0,-35000,0,0,0,5000,40000,-35000,-35000
063693,智易永豐9B購02  ,0,0,0,0,0,0,0,0,0,-35000,0,0,0,85000,120000,-35000,-35000
064299,宏碁兆豐9C購01  ,0,0,0,0,0,0,0,0,0,-35000,0,0,0,5000,40000,-35000,-35000
064402,宏碁凱基01購01  ,0,0,0,0,0,0,0,0,0,-35000,0,0,0,8000,43000,-35000,-35000
061709,SP黃豆凱基01購02,0,0,0,0,0,0,0,0,0,-35000,0,0,0,0,35000,-35000,-35000
062715,T50反1凱基03購01,0,0,0,0,0,0,0,0,0,-35000,0,0,0,0,35000,-35000,-35000
063299,金寶凱基9B購01  ,0,0,0,0,0,0,0,0,0,-35000,0,0,0,39000,74000,-35000,-35000
061361,世紀鋼兆豐9A購01,0,0,0,0,0,0,0,0,0,-35000,0,0,0,10000,45000,-35000,-35000
06499P,臺股指元大9A售04,0,0,0,0,0,0,0,0,0,-35000,0,0,0,35000,70000,-35000,-35000
064880,神達兆豐9C購01  ,0,0,0,0,0,0,0,0,0,-35000,0,0,0,235000,270000,-35000,-35000
064815,台表科元大01購01,0,0,0,0,0,0,0,0,0,-35000,0,0,0,280000,315000,-35000,-35000
067454,矽格國票02購02  ,0,0,0,0,0,0,0,0,0,-35000,0,0,0,124000,159000,-35000,-35000
066847,群創元大01購03  ,0,0,0,0,0,0,0,0,0,-35000,0,0,0,105000,140000,-35000,-35000
066630,東森凱基01購01  ,0,0,0,0,0,0,0,0,0,-35000,0,0,0,0,35000,-35000,-35000
066188,訊芯凱基01購01  ,0,0,0,0,0,0,0,0,0,-35000,0,0,0,0,35000,-35000,-35000
065158,和碩群益9C購01  ,0,0,0,0,0,0,0,0,0,-35000,0,0,0,87000,122000,-35000,-35000
065756,緯創元大9C購05  ,0,0,0,0,0,0,0,0,0,-35000,0,0,0,45000,80000,-35000,-35000
3591,艾笛森          ,4000,41000,-37000,0,0,0,0,0,0,2000,2000,0,2000,0,0,0,-35000
08668P,燿華群益01售01  ,0,0,0,0,0,0,0,0,0,-35000,0,0,0,21000,56000,-35000,-35000
08642P,華新科群益9C售06,0,0,0,0,0,0,0,0,0,-35000,0,0,0,65000,100000,-35000,-35000
068561,台積電元大01購52,0,0,0,0,0,0,0,0,0,-36000,0,0,0,185000,221000,-36000,-36000
068747,台積電群益02購05,0,0,0,0,0,0,0,0,0,-36000,0,0,0,0,36000,-36000,-36000
068912,聯發科群益02購10,0,0,0,0,0,0,0,0,0,-36000,0,0,0,0,36000,-36000,-36000
068846,台積電統一04購06,0,0,0,0,0,0,0,0,0,-36000,0,0,0,14000,50000,-36000,-36000
058554,瀚宇博永豐99購01,0,0,0,0,0,0,0,0,0,-36000,0,0,0,19000,55000,-36000,-36000
057287,彩晶元大9C購03  ,0,0,0,0,0,0,0,0,0,-36000,0,0,0,67000,103000,-36000,-36000
057377,康控元大99購02  ,0,0,0,0,0,0,0,0,0,-36000,0,0,0,55000,91000,-36000,-36000
064649,同欣電凱基01購01,0,0,0,0,0,0,0,0,0,-36000,0,0,0,89000,125000,-36000,-36000
062695,華通元大9C購01  ,0,0,0,0,0,0,0,0,0,-36000,0,0,0,0,36000,-36000,-36000
064443,同欣電凱基03購01,0,0,0,0,0,0,0,0,0,-36000,0,0,0,90000,126000,-36000,-36000
063643,臻鼎元大9B購03  ,0,0,0,0,0,0,0,0,0,-36000,0,0,0,8000,44000,-36000,-36000
063500,嘉晶永豐9B購02  ,0,0,0,0,0,0,0,0,0,-36000,0,0,0,3000,39000,-36000,-36000
063230,緯穎群益9B購02  ,0,0,0,0,0,0,0,0,0,-36000,0,0,0,34000,70000,-36000,-36000
064011,嘉晶國票9C購01  ,0,0,0,0,0,0,0,0,0,-36000,0,0,0,0,36000,-36000,-36000
065519,台勝科群益9C購02,0,0,0,0,0,0,0,0,0,-36000,0,0,0,0,36000,-36000,-36000
066147,美利達群益01購01,0,0,0,0,0,0,0,0,0,-36000,0,0,0,2000,38000,-36000,-36000
066284,松翰元大01購01  ,0,0,0,0,0,0,0,0,0,-36000,0,0,0,320000,356000,-36000,-36000
065810,台表科群益9C購05,0,0,0,0,0,0,0,0,0,-36000,0,0,0,69000,105000,-36000,-36000
066932,京元電國票02購01,0,0,0,0,0,0,0,0,0,-36000,0,0,0,92000,128000,-36000,-36000
067451,嘉晶國票02購01  ,0,0,0,0,0,0,0,0,0,-36000,0,0,0,0,36000,-36000,-36000
1201,味全            ,150000,186000,-36000,0,0,0,0,0,0,0,0,0,0,0,0,0,-36000
068732,嘉聯益元大02購01,0,0,0,0,0,0,0,0,0,-37000,0,0,0,482000,519000,-37000,-37000
069591,聯電國票02購01  ,0,0,0,0,0,0,0,0,0,-37000,0,0,0,36000,73000,-37000,-37000
056369,彩晶元大01購01  ,0,0,0,0,0,0,0,0,0,-37000,0,0,0,583000,620000,-37000,-37000
03214P,技嘉群益02售02  ,0,0,0,0,0,0,0,0,0,-37000,0,0,0,10000,47000,-37000,-37000
03182P,聯電元大01售08  ,0,0,0,0,0,0,0,0,0,-37000,0,0,0,15000,52000,-37000,-37000
060540,南亞凱基9A購01  ,0,0,0,0,0,0,0,0,0,-37000,0,0,0,0,37000,-37000,-37000
058009,智易國票99購01  ,0,0,0,0,0,0,0,0,0,-37000,0,0,0,119000,156000,-37000,-37000
058645,康控富邦01購01  ,0,0,0,0,0,0,0,0,0,-37000,0,0,0,132000,169000,-37000,-37000
064334,可成元大01購01  ,0,0,0,0,0,0,0,0,0,-37000,0,0,0,130000,167000,-37000,-37000
062775,大成鋼元大9B購02,0,0,0,0,0,0,0,0,0,-37000,0,0,0,42000,79000,-37000,-37000
062270,上銀群益9B購03  ,0,0,0,0,0,0,0,0,0,-37000,0,0,0,32000,69000,-37000,-37000
062298,國巨第一9B購01  ,0,0,0,0,0,0,0,0,0,-37000,0,0,0,30000,67000,-37000,-37000
067765,百和永豐01購01  ,0,0,0,0,0,0,0,0,0,-37000,0,0,0,21000,58000,-37000,-37000
067670,微星元大01購06  ,0,0,0,0,0,0,0,0,0,-37000,0,0,0,208000,245000,-37000,-37000
065480,旭富元大9C購06  ,0,0,0,0,0,0,0,0,0,-37000,0,0,0,110000,147000,-37000,-37000
065731,群創凱基03購02  ,0,0,0,0,0,0,0,0,0,-37000,0,0,0,275000,312000,-37000,-37000
065647,健鼎元大9C購05  ,0,0,0,0,0,0,0,0,0,-37000,0,0,0,82000,119000,-37000,-37000
07033P,大立光統一9B售03,0,0,0,0,0,0,0,0,0,-38000,0,0,0,0,38000,-38000,-38000
08509P,臺股指國票9C售10,0,0,0,0,0,0,0,0,0,-38000,0,0,0,113000,151000,-38000,-38000
068869,光寶科中信03購01,0,0,0,0,0,0,0,0,0,-38000,0,0,0,165000,203000,-38000,-38000
063454,瑞儀統一9B購01  ,0,0,0,0,0,0,0,0,0,-38000,0,0,0,22000,60000,-38000,-38000
060019,彰銀康和99購01  ,0,0,0,0,0,0,0,0,0,-38000,0,0,0,0,38000,-38000,-38000
057962,超眾元大99購03  ,0,0,0,0,0,0,0,0,0,-38000,0,0,0,79000,117000,-38000,-38000
03239P,臺股指元大02售04,0,0,0,0,0,0,0,0,0,-38000,0,0,0,2000,40000,-38000,-38000
03056P,台灣50兆豐03售02,0,0,0,0,0,0,0,0,0,-38000,0,0,0,0,38000,-38000,-38000
062049,亞德客統一01購01,0,0,0,0,0,0,0,0,0,-38000,0,0,0,12000,50000,-38000,-38000
062602,華通麥證9C購01  ,0,0,0,6000,44000,-38000,0,0,0,-38000,0,0,0,6000,44000,-38000,-38000
063900,GIS群益9C購03   ,0,0,0,0,0,0,0,0,0,-38000,0,0,0,81000,119000,-38000,-38000
063518,儒鴻凱基9B購02  ,0,0,0,0,0,0,0,0,0,-38000,0,0,0,3000,41000,-38000,-38000
063198,仁寶統一01購02  ,0,0,0,0,0,0,0,0,0,-38000,0,0,0,22000,60000,-38000,-38000
062671,國泰金中信03購01,0,0,0,0,0,0,0,0,0,-38000,0,0,0,5000,43000,-38000,-38000
063385,可成中信9C購01  ,0,0,0,0,0,0,0,0,0,-38000,0,0,0,10000,48000,-38000,-38000
065721,中壽兆豐9C購01  ,0,0,0,0,0,0,0,0,0,-38000,0,0,0,272000,310000,-38000,-38000
064912,國巨統一01購09  ,0,0,0,0,0,0,0,0,0,-38000,0,0,0,32000,70000,-38000,-38000
067373,聯發科統一03購04,0,0,0,0,0,0,0,0,0,-38000,0,0,0,62000,100000,-38000,-38000
066734,聯詠元大01購03  ,0,0,0,0,0,0,0,0,0,-38000,0,0,0,84000,122000,-38000,-38000
1528,恩德            ,20000,58000,-38000,0,0,0,0,0,0,0,0,0,0,0,0,0,-38000
2748,雲品            ,17000,26000,-9000,0,0,0,0,29000,-29000,0,0,0,0,0,0,0,-38000
9905,大華            ,14000,52000,-38000,0,0,0,0,0,0,0,0,0,0,0,0,0,-38000
069057,美利達元富08購01,0,0,0,0,0,0,0,0,0,-39000,0,0,0,60000,99000,-39000,-39000
068134,上証反元大04購01,0,0,0,0,0,0,0,0,0,-39000,0,0,0,0,39000,-39000,-39000
08537P,台光電國票01售03,0,0,0,0,0,0,0,0,0,-39000,0,0,0,0,39000,-39000,-39000
08066P,南亞科凱基9B售04,0,0,0,0,0,0,0,0,0,-39000,0,0,0,4000,43000,-39000,-39000
069695,國巨元富08購03  ,0,0,0,0,0,0,0,0,0,-39000,0,0,0,0,39000,-39000,-39000
069655,欣興凱基03購04  ,0,0,0,0,0,0,0,0,0,-39000,0,0,0,1000,40000,-39000,-39000
069197,T50反1元大02購03,0,0,0,0,0,0,0,0,0,-39000,0,0,0,0,39000,-39000,-39000
00682U,元大美元指數    ,0,0,0,0,0,0,0,0,0,-39000,0,0,0,6000,45000,-39000,-39000
060097,華新科元大99購23,0,0,0,0,0,0,0,0,0,-39000,0,0,0,14000,53000,-39000,-39000
060844,大立光國票9A購07,0,0,0,0,0,0,0,0,0,-39000,0,0,0,0,39000,-39000,-39000
058105,旺宏統一9A購02  ,0,0,0,0,0,0,0,0,0,-39000,0,0,0,36000,75000,-39000,-39000
058387,國巨國票9A購03  ,0,0,0,0,0,0,0,0,0,-39000,0,0,0,0,39000,-39000,-39000
064546,燿華凱基02購01  ,0,0,0,0,0,0,0,0,0,-39000,0,0,0,41000,80000,-39000,-39000
061497,大立光國票9A購09,0,0,0,0,0,0,0,0,0,-39000,0,0,0,0,39000,-39000,-39000
061933,光寶科國票9B購01,0,0,0,0,0,0,0,0,0,-39000,0,0,0,0,39000,-39000,-39000
064783,貿聯群益9C購03  ,0,0,0,0,0,0,0,0,0,-39000,0,0,0,80000,119000,-39000,-39000
063739,台勝科元大9B購03,0,0,0,0,0,0,0,0,0,-39000,0,0,0,22000,61000,-39000,-39000
062409,巨大永豐9B購02  ,0,0,0,0,0,0,0,0,0,-39000,0,0,0,35000,74000,-39000,-39000
065977,旭富元大02購01  ,0,0,0,0,0,0,0,0,0,-39000,0,0,0,210000,249000,-39000,-39000
066450,松翰群益01購01  ,0,0,0,0,0,0,0,0,0,-39000,0,0,0,30000,69000,-39000,-39000
6166,凌華            ,24000,52000,-28000,0,0,0,0,0,0,-11000,2000,14000,-12000,1000,0,1000,-39000
1316,上曜            ,38000,77000,-39000,0,0,0,0,0,0,0,0,0,0,0,0,0,-39000
08923P,聯發科統一01售13,0,0,0,0,0,0,0,0,0,-39000,0,0,0,40000,79000,-39000,-39000
069458,日月光麥證02購01,0,0,0,0,40000,-40000,0,0,0,-40000,0,0,0,0,40000,-40000,-40000
08036P,嘉澤群益9B售03  ,0,0,0,0,0,0,0,0,0,-40000,0,0,0,0,40000,-40000,-40000
08230P,台表科國票9C售03,0,0,0,0,0,0,0,0,0,-40000,0,0,0,0,40000,-40000,-40000
08515P,鴻海群益9C售06  ,0,0,0,0,0,0,0,0,0,-40000,0,0,0,0,40000,-40000,-40000
08526P,義隆元大9C售04  ,0,0,0,0,0,0,0,0,0,-40000,0,0,0,20000,60000,-40000,-40000
067912,上証2X永豐01購03,0,0,0,0,0,0,0,0,0,-40000,0,0,0,0,40000,-40000,-40000
067959,嘉聯益永豐01購01,0,0,0,0,0,0,0,0,0,-40000,0,0,0,287000,327000,-40000,-40000
068725,京元電元大02購01,0,0,0,0,0,0,0,0,0,-40000,0,0,0,219000,259000,-40000,-40000
068693,台積電凱基02購11,0,0,0,0,0,0,0,0,0,-40000,0,0,0,13000,53000,-40000,-40000
064463,聯茂統一01購02  ,0,0,0,0,0,0,0,0,0,-40000,0,0,0,0,40000,-40000,-40000
058836,FBVIX中信03購05 ,0,0,0,0,0,0,0,0,0,-40000,0,0,0,5000,45000,-40000,-40000
059539,緯穎凱基99購03  ,0,0,0,0,0,0,0,0,0,-40000,0,0,0,0,40000,-40000,-40000
058128,FBVIX元大9C購02 ,0,0,0,0,0,0,0,0,0,-40000,0,0,0,0,40000,-40000,-40000
058669,上銀群益99購01  ,0,0,0,0,0,0,0,0,0,-40000,0,0,0,0,40000,-40000,-40000
059064,緯穎凱基99購02  ,0,0,0,0,0,0,0,0,0,-40000,0,0,0,0,40000,-40000,-40000
060943,宏達電國票9B購02,0,0,0,0,0,0,0,0,0,-40000,0,0,0,16000,56000,-40000,-40000
03447P,台積電元大02售29,0,0,0,0,0,0,0,0,0,-40000,0,0,0,0,40000,-40000,-40000
055312,台虹群益99購01  ,0,0,0,0,0,0,0,0,0,-40000,0,0,0,0,40000,-40000,-40000
020006,永昌中小300N    ,0,0,0,0,0,0,0,0,0,-40000,0,0,0,0,40000,-40000,-40000
03379P,奇鋐群益02售03  ,0,0,0,0,0,0,0,0,0,-40000,0,0,0,71000,111000,-40000,-40000
057445,華通元富02購01  ,0,0,0,0,0,0,0,0,0,-40000,0,0,0,10000,50000,-40000,-40000
061732,智邦中信9B購01  ,0,0,0,0,0,0,0,0,0,-40000,0,0,0,60000,100000,-40000,-40000
062260,華新科元大9B購09,0,0,0,0,0,0,0,0,0,-40000,0,0,0,114000,154000,-40000,-40000
063516,香港反凱基03購01,0,0,0,0,0,0,0,0,0,-40000,0,0,0,0,40000,-40000,-40000
063633,金像電元大9B購05,0,0,0,0,0,0,0,0,0,-40000,0,0,0,5000,45000,-40000,-40000
064103,大立光群益9C購03,0,0,0,0,0,0,0,0,0,-40000,0,0,0,0,40000,-40000,-40000
064766,矽創凱基9C購01  ,0,0,0,0,0,0,0,0,0,-40000,0,0,0,100000,140000,-40000,-40000
064579,大立光富邦03購02,0,0,0,0,0,0,0,0,0,-40000,0,0,0,100000,140000,-40000,-40000
062676,南六台新9B購01  ,0,0,0,0,0,0,0,0,0,-40000,0,0,0,83000,123000,-40000,-40000
061506,瑞祺國票9A購02  ,0,0,0,0,0,0,0,0,0,-40000,0,0,0,0,40000,-40000,-40000
063307,同欣電凱基9B購02,0,0,0,0,0,0,0,0,0,-40000,0,0,0,20000,60000,-40000,-40000
063317,大立光群益9B購06,0,0,0,0,0,0,0,0,0,-40000,0,0,0,0,40000,-40000,-40000
066180,正文凱基01購01  ,0,0,0,0,0,0,0,0,0,-40000,0,0,0,114000,154000,-40000,-40000
06597P,國巨富邦9A售05  ,0,0,0,0,0,0,0,0,0,-40000,0,0,0,16000,56000,-40000,-40000
066008,大立光統一03購02,0,0,0,0,0,0,0,0,0,-40000,0,0,0,55000,95000,-40000,-40000
066093,世紀鋼永豐01購01,0,0,0,0,0,0,0,0,0,-40000,0,0,0,0,40000,-40000,-40000
066099,大立光中信05購01,0,0,0,0,0,0,0,0,0,-40000,0,0,0,10000,50000,-40000,-40000
065897,凌華統一03購01  ,0,0,0,0,0,0,0,0,0,-40000,0,0,0,0,40000,-40000,-40000
065264,亞光元大9C購02  ,0,0,0,0,0,0,0,0,0,-40000,0,0,0,89000,129000,-40000,-40000
065769,T50反1國票03購03,0,0,0,0,0,0,0,0,0,-40000,0,0,0,0,40000,-40000,-40000
065665,鴻海凱基9C購04  ,0,0,0,0,0,0,0,0,0,-40000,0,0,0,10000,50000,-40000,-40000
065707,聯詠群益9C購02  ,0,0,0,0,0,0,0,0,0,-40000,0,0,0,9000,49000,-40000,-40000
066514,盟立永豐01購01  ,0,0,0,0,0,0,0,0,0,-40000,0,0,0,83000,123000,-40000,-40000
066500,T50反1富邦03購02,0,0,0,0,0,0,0,0,0,-40000,0,0,0,0,40000,-40000,-40000
066907,聯發科凱基03購04,0,0,0,0,0,0,0,0,0,-40000,0,0,0,231000,271000,-40000,-40000
067223,嘉基元大01購02  ,0,0,0,0,0,0,0,0,0,-40000,0,0,0,0,40000,-40000,-40000
08897P,國巨群益01售10  ,0,0,0,0,0,0,0,0,0,-40000,0,0,0,0,40000,-40000,-40000
08786P,滬深2X元富01售05,0,0,0,0,0,0,0,0,0,-40000,0,0,0,5000,45000,-40000,-40000
3705,永信            ,23000,46000,-23000,0,0,0,0,0,0,-17000,0,17000,-17000,0,0,0,-40000
4755,三福化          ,59000,155000,-96000,0,0,0,56000,0,56000,0,0,0,0,0,0,0,-40000
069077,智邦凱基03購02  ,0,0,0,0,0,0,0,0,0,-41000,0,0,0,163000,204000,-41000,-41000
068816,美律元大02購02  ,0,0,0,0,0,0,0,0,0,-41000,0,0,0,100000,141000,-41000,-41000
068086,世紀鋼凱基03購02,0,0,0,0,0,0,0,0,0,-41000,0,0,0,17000,58000,-41000,-41000
068111,大成鋼元富07購01,0,0,0,0,0,0,0,0,0,-41000,0,0,0,0,41000,-41000,-41000
068266,國巨永豐01購02  ,0,0,0,0,0,0,0,0,0,-41000,0,0,0,0,41000,-41000,-41000
068216,國巨台新01購01  ,0,0,0,0,0,0,0,0,0,-41000,0,0,0,9000,50000,-41000,-41000
08462P,臻鼎國票9C售02  ,0,0,0,0,0,0,0,0,0,-41000,0,0,0,0,41000,-41000,-41000
07786P,南電中信9C售01  ,0,0,0,0,0,0,0,0,0,-41000,0,0,0,0,41000,-41000,-41000
069551,欣興元大02購12  ,0,0,0,0,0,0,0,0,0,-41000,0,0,0,59000,100000,-41000,-41000
069657,緯穎凱基03購03  ,0,0,0,0,0,0,0,0,0,-41000,0,0,0,0,41000,-41000,-41000
058584,百和群益9A購01  ,0,0,0,0,0,0,0,0,0,-41000,0,0,0,59000,100000,-41000,-41000
058946,SGBR2X群益9B購01,0,0,0,0,0,0,0,0,0,-41000,0,0,0,0,41000,-41000,-41000
063436,儒鴻統一01購03  ,0,0,0,0,0,0,0,0,0,-41000,0,0,0,7000,48000,-41000,-41000
063434,和潤元富9B購01  ,0,0,0,0,0,0,0,0,0,-41000,0,0,0,112000,153000,-41000,-41000
061498,大立光國票9A購10,0,0,0,0,0,0,0,0,0,-41000,0,0,0,7000,48000,-41000,-41000
064759,景碩凱基9C購01  ,0,0,0,0,0,0,0,0,0,-41000,0,0,0,166000,207000,-41000,-41000
063519,聚陽凱基9B購02  ,0,0,0,0,0,0,0,0,0,-41000,0,0,0,56000,97000,-41000,-41000
062751,華擎中信9C購01  ,0,0,0,0,0,0,0,0,0,-41000,0,0,0,41000,82000,-41000,-41000
067353,可成群益02購01  ,0,0,0,0,0,0,0,0,0,-41000,0,0,0,108000,149000,-41000,-41000
067329,巨大康和01購02  ,0,0,0,0,0,0,0,0,0,-41000,0,0,0,89000,130000,-41000,-41000
067734,亞德客元大01購03,0,0,0,0,0,0,0,0,0,-41000,0,0,0,74000,115000,-41000,-41000
066858,聯鈞國票02購01  ,0,0,0,0,0,0,0,0,0,-41000,0,0,0,8000,49000,-41000,-41000
066691,京元電台新01購01,0,0,0,0,0,0,0,0,0,-41000,0,0,0,104000,145000,-41000,-41000
5608,四維航          ,290000,331000,-41000,0,0,0,0,0,0,0,0,0,0,0,0,0,-41000
069520,中租凱基03購01  ,0,0,0,0,0,0,0,0,0,-42000,0,0,0,92000,134000,-42000,-42000
08000P,奇鋐凱基9B售03  ,0,0,0,0,0,0,0,0,0,-42000,0,0,0,150000,192000,-42000,-42000
067975,茂林群益04購01  ,0,0,0,0,0,0,0,0,0,-42000,0,0,0,193000,235000,-42000,-42000
067995,瑞昱元大02購01  ,0,0,0,0,0,0,0,0,0,-42000,0,0,0,211000,253000,-42000,-42000
067904,SP黃豆國泰03購01,0,0,0,0,0,0,0,0,0,-42000,0,0,0,10000,52000,-42000,-42000
067856,寶成國票02購01  ,0,0,0,0,0,0,0,0,0,-42000,0,0,0,20000,62000,-42000,-42000
067853,京鼎國票02購01  ,0,0,0,0,0,0,0,0,0,-42000,0,0,0,107000,149000,-42000,-42000
060052,宏碁凱基99購01  ,0,0,0,0,0,0,0,0,0,-42000,0,0,0,0,42000,-42000,-42000
060730,台積電群益9A購03,0,0,0,0,0,0,0,0,0,-42000,0,0,0,163000,205000,-42000,-42000
03186P,台積電元大01售50,0,0,0,0,0,0,0,0,0,-42000,0,0,0,10000,52000,-42000,-42000
062858,微星國票9B購01  ,0,0,0,0,0,0,0,0,0,-42000,0,0,0,0,42000,-42000,-42000
063233,國巨元大9B購19  ,0,0,0,0,0,0,0,0,0,-42000,0,0,0,10000,52000,-42000,-42000
061404,臺指反國票04購01,0,0,0,0,0,0,0,0,0,-42000,0,0,0,8000,50000,-42000,-42000
065774,旭富國票01購01  ,0,0,0,0,0,0,0,0,0,-42000,0,0,0,0,42000,-42000,-42000
068813,南港元大02購01  ,0,0,0,0,0,0,0,0,0,-43000,0,0,0,383000,426000,-43000,-43000
068999,力山兆豐03購01  ,0,0,0,0,0,0,0,0,0,-43000,0,0,0,10000,53000,-43000,-43000
069535,瀚宇博群益03購01,0,0,0,0,0,0,0,0,0,-43000,0,0,0,50000,93000,-43000,-43000
069546,微星元大02購01  ,0,0,0,0,0,0,0,0,0,-43000,0,0,0,170000,213000,-43000,-43000
069477,T50反1元大04購01,0,0,0,0,0,0,0,0,0,-43000,0,0,0,0,43000,-43000,-43000
069436,南六群益02購04  ,0,0,0,0,0,0,0,0,0,-43000,0,0,0,0,43000,-43000,-43000
069723,華新科群益03購01,0,0,0,0,0,0,0,0,0,-43000,0,0,0,45000,88000,-43000,-43000
00712,FH富時不動產    ,41000,30000,11000,0,0,0,0,0,0,-54000,0,0,0,65000,119000,-54000,-43000
06334P,臺股指群益9C售03,0,0,0,0,0,0,0,0,0,-43000,0,0,0,0,43000,-43000,-43000
064945,中橡凱基9C購01  ,0,0,0,0,0,0,0,0,0,-43000,0,0,0,200000,243000,-43000,-43000
062511,台光電國票9B購02,0,0,0,0,0,0,0,0,0,-43000,0,0,0,13000,56000,-43000,-43000
062694,遠東新元大9B購01,0,0,0,0,0,0,0,0,0,-43000,0,0,0,65000,108000,-43000,-43000
065855,瀚宇博元大9C購03,0,0,0,0,0,0,0,0,0,-43000,0,0,0,169000,212000,-43000,-43000
067428,大毅凱基01購02  ,0,0,0,0,0,0,0,0,0,-43000,0,0,0,44000,87000,-43000,-43000
067211,聯發科元大01購19,0,0,0,0,0,0,0,0,0,-43000,0,0,0,71000,114000,-43000,-43000
08903P,台積電兆豐01售04,0,0,0,0,0,0,0,0,0,-43000,0,0,0,0,43000,-43000,-43000
08700P,瑞昱康和01售01  ,0,0,0,0,0,0,0,0,0,-43000,0,0,0,0,43000,-43000,-43000
08141P,鴻海凱基9B售09  ,0,0,0,0,0,0,0,0,0,-44000,0,0,0,0,44000,-44000,-44000
068453,台積電國票03購03,0,0,0,0,0,0,0,0,0,-44000,0,0,0,10000,54000,-44000,-44000
06839P,玉晶光統一9A售05,0,0,0,0,0,0,0,0,0,-44000,0,0,0,0,44000,-44000,-44000
03013P,華新科永豐01售01,0,0,0,0,0,0,0,0,0,-44000,0,0,0,6000,50000,-44000,-44000
058984,全新凱基9A購03  ,0,0,0,0,0,0,0,0,0,-44000,0,0,0,0,44000,-44000,-44000
061164,燿華兆豐9B購01  ,0,0,0,0,0,0,0,0,0,-44000,0,0,0,19000,63000,-44000,-44000
066472,美利達統一02購01,0,0,0,0,0,0,0,0,0,-44000,0,0,0,90000,134000,-44000,-44000
067010,訊芯永豐01購01  ,0,0,0,0,0,0,0,0,0,-44000,0,0,0,0,44000,-44000,-44000
08710P,鴻海元富07售03  ,0,0,0,0,0,0,0,0,0,-44000,0,0,0,0,44000,-44000,-44000
3532,台勝科          ,101000,149000,-48000,0,0,0,0,0,0,4000,3000,0,3000,1000,0,1000,-44000
9946,三發地產        ,20000,64000,-44000,0,0,0,0,0,0,0,0,0,0,0,0,0,-44000
068246,台積電元大01購38,0,0,0,0,0,0,0,0,0,-45000,0,0,0,5000,50000,-45000,-45000
067797,臺股指群益01購09,0,0,0,0,0,0,0,0,0,-45000,0,0,0,15000,60000,-45000,-45000
068032,大毅元富07購01  ,0,0,0,0,0,0,0,0,0,-45000,0,0,0,0,45000,-45000,-45000
068488,台積電元大01購47,0,0,0,0,0,0,0,0,0,-45000,0,0,0,0,45000,-45000,-45000
068673,聯發科統一03購11,0,0,0,0,0,0,0,0,0,-45000,0,0,0,0,45000,-45000,-45000
08054P,臺股指國票9B售19,0,0,0,0,0,0,0,0,0,-45000,0,0,0,40000,85000,-45000,-45000
069707,微星國票03購02  ,0,0,0,0,0,0,0,0,0,-45000,0,0,0,0,45000,-45000,-45000
069402,聯電統一04購02  ,0,0,0,0,0,0,0,0,0,-45000,0,0,0,26000,71000,-45000,-45000
058701,鴻海元大99購16  ,0,0,0,0,0,0,0,0,0,-45000,0,0,0,0,45000,-45000,-45000
03053P,台灣50中信04售03,0,0,0,0,0,0,0,0,0,-45000,0,0,0,0,45000,-45000,-45000
05174P,元金2X富邦9B售01,0,0,0,0,0,0,0,0,0,-45000,0,0,0,0,45000,-45000,-45000
057198,智伸科統一9B購01,0,0,0,0,0,0,0,0,0,-45000,0,0,0,5000,50000,-45000,-45000
063940,國巨元大01購02  ,0,0,0,0,0,0,0,0,0,-45000,0,0,0,15000,60000,-45000,-45000
062617,京鼎元大9B購01  ,0,0,0,0,0,0,0,0,0,-45000,0,0,0,7000,52000,-45000,-45000
062730,致伸凱基9B購01  ,0,0,0,0,0,0,0,0,0,-45000,0,0,0,0,45000,-45000,-45000
062047,緯穎凱基9B購01  ,0,0,0,0,0,0,0,0,0,-45000,0,0,0,32000,77000,-45000,-45000
066744,和碩元大01購02  ,0,0,0,0,0,0,0,0,0,-45000,0,0,0,8000,53000,-45000,-45000
067192,矽格凱基01購03  ,0,0,0,0,0,0,0,0,0,-45000,0,0,0,50000,95000,-45000,-45000
066460,智原統一03購01  ,0,0,0,0,0,0,0,0,0,-45000,0,0,0,5000,50000,-45000,-45000
065712,緯穎群益9C購03  ,0,0,0,0,0,0,0,0,0,-45000,0,0,0,0,45000,-45000,-45000
2852,第一保          ,15000,60000,-45000,0,0,0,0,0,0,0,0,0,0,0,0,0,-45000
08883P,台積電國票02售02,0,0,0,0,0,0,0,0,0,-45000,0,0,0,0,45000,-45000,-45000
08827P,緯穎元大01售05  ,0,0,0,0,0,0,0,0,0,-45000,0,0,0,61000,106000,-45000,-45000
069766,聯電元大02購22  ,0,0,0,0,0,0,0,0,0,-46000,0,0,0,45000,91000,-46000,-46000
069739,儒鴻永豐02購01  ,0,0,0,0,0,0,0,0,0,-46000,0,0,0,0,46000,-46000,-46000
069069,大立光麥證02購01,0,0,0,0,46000,-46000,0,0,0,-46000,0,0,0,0,46000,-46000,-46000
068808,瑞儀群益02購01  ,0,0,0,0,0,0,0,0,0,-46000,0,0,0,153000,199000,-46000,-46000
068093,達欣工群益01購01,0,0,0,0,0,0,0,0,0,-46000,0,0,0,661000,707000,-46000,-46000
068121,TPK元富03購01   ,0,0,0,0,0,0,0,0,0,-46000,0,0,0,55000,101000,-46000,-46000
060865,創意永豐9A購01  ,0,0,0,0,0,0,0,0,0,-46000,0,0,0,39000,85000,-46000,-46000
060467,神基元大9A購01  ,0,0,0,0,0,0,0,0,0,-46000,0,0,0,60000,106000,-46000,-46000
03339P,TPK國票03售01   ,0,0,0,0,0,0,0,0,0,-46000,0,0,0,0,46000,-46000,-46000
060709,緯穎富邦9B購01  ,0,0,0,0,0,0,0,0,0,-46000,0,0,0,92000,138000,-46000,-46000
060911,大毅元大9A購01  ,0,0,0,0,0,0,0,0,0,-46000,0,0,0,102000,148000,-46000,-46000
060915,旭富元大9A購01  ,0,0,0,0,0,0,0,0,0,-46000,0,0,0,254000,300000,-46000,-46000
062263,康控元大9B購03  ,0,0,0,0,0,0,0,0,0,-46000,0,0,0,122000,168000,-46000,-46000
061122,敬鵬永豐9A購01  ,0,0,0,0,0,0,0,0,0,-46000,0,0,0,23000,69000,-46000,-46000
066138,健策群益01購05  ,0,0,0,0,0,0,0,0,0,-46000,0,0,0,23000,69000,-46000,-46000
066094,元黃金中信03購01,0,0,0,0,0,0,0,0,0,-46000,0,0,0,15000,61000,-46000,-46000
066519,達方永豐01購01  ,0,0,0,0,0,0,0,0,0,-46000,0,0,0,0,46000,-46000,-46000
060981,旺宏元大9A購08  ,0,0,0,0,0,0,0,0,0,-47000,0,0,0,0,47000,-47000,-47000
061032,金像電永豐9A購03,0,0,0,0,0,0,0,0,0,-47000,0,0,0,13000,60000,-47000,-47000
059298,大立光元富9C購02,0,0,0,0,0,0,0,0,0,-47000,0,0,0,147000,194000,-47000,-47000
03340P,瀚宇博國票04售01,0,0,0,0,0,0,0,0,0,-47000,0,0,0,17000,64000,-47000,-47000
060283,台肥元大9C購01  ,0,0,0,0,0,0,0,0,0,-47000,0,0,0,20000,67000,-47000,-47000
060790,日月光富邦9A購01,0,0,0,0,0,0,0,0,0,-47000,0,0,0,1000,48000,-47000,-47000
057150,貿聯國票99購02  ,0,0,0,0,0,0,0,0,0,-47000,0,0,0,100000,147000,-47000,-47000
03407P,華新科國泰03售02,0,0,0,0,0,0,0,0,0,-47000,0,0,0,13000,60000,-47000,-47000
061544,大毅群益9B購02  ,0,0,0,0,0,0,0,0,0,-47000,0,0,0,14000,61000,-47000,-47000
063322,台郡群益9B購02  ,0,0,0,0,0,0,0,0,0,-47000,0,0,0,2000,49000,-47000,-47000
063332,矽格國票9B購01  ,0,0,0,0,0,0,0,0,0,-47000,0,0,0,2000,49000,-47000,-47000
065030,亞光兆豐9C購01  ,0,0,0,0,0,0,0,0,0,-47000,0,0,0,101000,148000,-47000,-47000
062285,台勝科群益9B購01,0,0,0,0,0,0,0,0,0,-47000,0,0,0,0,47000,-47000,-47000
062729,神達凱基9B購02  ,0,0,0,0,0,0,0,0,0,-47000,0,0,0,50000,97000,-47000,-47000
062377,力成元大9B購01  ,0,0,0,0,0,0,0,0,0,-47000,0,0,0,68000,115000,-47000,-47000
062458,全新群益9B購03  ,0,0,0,0,0,0,0,0,0,-47000,0,0,0,0,47000,-47000,-47000
064111,國巨國票02購02  ,0,0,0,0,0,0,0,0,0,-47000,0,0,0,11000,58000,-47000,-47000
064042,國巨統一9C購12  ,0,0,0,0,0,0,0,0,0,-47000,0,0,0,201000,248000,-47000,-47000
066537,全新兆豐01購01  ,0,0,0,0,0,0,0,0,0,-47000,0,0,0,0,47000,-47000,-47000
067380,華擎統一02購02  ,0,0,0,0,0,0,0,0,0,-47000,0,0,0,1089000,1136000,-47000,-47000
067688,南六元大01購06  ,0,0,0,0,0,0,0,0,0,-47000,0,0,0,109000,156000,-47000,-47000
065927,智原國票02購01  ,0,0,0,0,0,0,0,0,0,-47000,0,0,0,16000,63000,-47000,-47000
066251,川湖元大01購01  ,0,0,0,0,0,0,0,0,0,-47000,0,0,0,31000,78000,-47000,-47000
064930,南六統一02購02  ,0,0,0,0,0,0,0,0,0,-47000,0,0,0,13000,60000,-47000,-47000
068900,上緯控元大02購01,0,0,0,0,0,0,0,0,0,-48000,0,0,0,13000,61000,-48000,-48000
068998,儒鴻兆豐03購01  ,0,0,0,0,0,0,0,0,0,-48000,0,0,0,16000,64000,-48000,-48000
068641,神達凱基03購01  ,0,0,0,0,0,0,0,0,0,-48000,0,0,0,19000,67000,-48000,-48000
069768,台積電元大03購06,0,0,0,0,0,0,0,0,0,-48000,0,0,0,0,48000,-48000,-48000
08096P,大立光元富9B售04,0,0,0,0,0,0,0,0,0,-48000,0,0,0,112000,160000,-48000,-48000
08262P,茂林元大9C售01  ,0,0,0,0,0,0,0,0,0,-48000,0,0,0,6000,54000,-48000,-48000
069242,華通凱基02購03  ,0,0,0,0,0,0,0,0,0,-48000,0,0,0,0,48000,-48000,-48000
00733,富邦臺灣中小    ,0,0,0,0,0,0,0,0,0,-48000,0,0,0,200000,248000,-48000,-48000
063414,鴻海凱基03購01  ,0,0,0,0,0,0,0,0,0,-48000,0,0,0,32000,80000,-48000,-48000
064473,技嘉麥證9C購01  ,0,0,0,111000,160000,-49000,0,0,0,-48000,0,0,0,112000,160000,-48000,-48000
063772,智邦富邦9B購02  ,0,0,0,0,0,0,0,0,0,-48000,0,0,0,23000,71000,-48000,-48000
064089,新日興凱基02購01,0,0,0,0,0,0,0,0,0,-48000,0,0,0,3000,51000,-48000,-48000
063236,旺宏元大9B購07  ,0,0,0,0,0,0,0,0,0,-48000,0,0,0,2000,50000,-48000,-48000
063648,台表科元大9C購05,0,0,0,0,0,0,0,0,0,-48000,0,0,0,110000,158000,-48000,-48000
063584,南六國泰01購01  ,0,0,0,0,0,0,0,0,0,-48000,0,0,0,0,48000,-48000,-48000
064810,嘉晶元大01購01  ,0,0,0,0,0,0,0,0,0,-48000,0,0,0,348000,396000,-48000,-48000
061234,國巨元大9A購18  ,0,0,0,0,0,0,0,0,0,-48000,0,0,0,21000,69000,-48000,-48000
065662,台勝科永豐9C購01,0,0,0,0,0,0,0,0,0,-48000,0,0,0,0,48000,-48000,-48000
066532,力成元富07購01  ,0,0,0,0,0,0,0,0,0,-48000,0,0,0,157000,205000,-48000,-48000
066599,鴻海國泰03購02  ,0,0,0,0,0,0,0,0,0,-48000,0,0,0,2000,50000,-48000,-48000
066890,聯詠中信07購01  ,0,0,0,0,0,0,0,0,0,-48000,0,0,0,49000,97000,-48000,-48000
3014,聯陽            ,235000,317000,-82000,0,0,0,0,0,0,34000,15000,40000,-25000,63000,4000,59000,-48000
069040,日月光統一02購01,0,0,0,0,0,0,0,0,0,-49000,0,0,0,0,49000,-49000,-49000
059348,日月光凱基99購01,0,0,0,0,0,0,0,0,0,-49000,0,0,0,14000,63000,-49000,-49000
059295,大立光元富99購05,0,0,0,0,0,0,0,0,0,-49000,0,0,0,32000,81000,-49000,-49000
059169,可成凱基99購04  ,0,0,0,0,0,0,0,0,0,-49000,0,0,0,70000,119000,-49000,-49000
059197,可成永豐99購02  ,0,0,0,0,0,0,0,0,0,-49000,0,0,0,51000,100000,-49000,-49000
060710,上銀永豐9A購01  ,0,0,0,0,0,0,0,0,0,-49000,0,0,0,5000,54000,-49000,-49000
060760,南亞科元大9A購04,0,0,0,0,0,0,0,0,0,-49000,0,0,0,0,49000,-49000,-49000
058351,上銀凱基9A購02  ,0,0,0,0,0,0,0,0,0,-49000,0,0,0,86000,135000,-49000,-49000
03369P,景碩中信02售01  ,0,150000,-150000,0,0,0,0,0,0,101000,0,0,0,1664000,1563000,101000,-49000
03218P,聯電康和02售02  ,0,0,0,0,0,0,0,0,0,-49000,0,0,0,207000,256000,-49000,-49000
03415P,臺股指元大03售07,0,0,0,0,0,0,0,0,0,-49000,0,0,0,5000,54000,-49000,-49000
060876,國巨中信9A購04  ,0,0,0,0,0,0,0,0,0,-49000,0,0,0,1000,50000,-49000,-49000
064867,華新科永豐9C購03,0,0,0,0,0,0,0,0,0,-49000,0,0,0,195000,244000,-49000,-49000
064779,義隆群益9C購03  ,0,0,0,0,0,0,0,0,0,-49000,0,0,0,71000,120000,-49000,-49000
064665,南亞科元大9C購06,0,0,0,0,0,0,0,0,0,-49000,0,0,0,0,49000,-49000,-49000
063561,上銀元大9B購08  ,0,0,0,0,0,0,0,0,0,-49000,0,0,0,15000,64000,-49000,-49000
063239,建準元大9B購01  ,0,0,0,0,0,0,0,0,0,-49000,0,0,0,54000,103000,-49000,-49000
064041,國巨統一01購07  ,0,0,0,0,0,0,0,0,0,-49000,0,0,0,52000,101000,-49000,-49000
062153,智邦麥證9B購01  ,0,0,0,207000,159000,48000,0,0,0,-49000,0,0,0,217000,266000,-49000,-49000
062141,遠東新國票9B購01,0,0,0,0,0,0,0,0,0,-49000,0,0,0,0,49000,-49000,-49000
066165,大毅凱基01購01  ,0,0,0,0,0,0,0,0,0,-49000,0,0,0,19000,68000,-49000,-49000
068946,劍麟凱基02購01  ,0,0,0,0,0,0,0,0,0,-50000,0,0,0,0,50000,-50000,-50000
068878,智易凱基02購01  ,0,0,0,0,0,0,0,0,0,-50000,0,0,0,27000,77000,-50000,-50000
068834,大立光國泰08購01,0,0,0,0,0,0,0,0,0,-50000,0,0,0,0,50000,-50000,-50000
068665,聯電統一02購02  ,0,0,0,0,0,0,0,0,0,-50000,0,0,0,382000,432000,-50000,-50000
068707,玉山金國票03購01,0,0,0,0,0,0,0,0,0,-50000,0,0,0,0,50000,-50000,-50000
068494,玉山金元大01購01,0,0,0,0,0,0,0,0,0,-50000,0,0,0,0,50000,-50000,-50000
068193,順德凱基01購01  ,0,0,0,0,0,0,0,0,0,-50000,0,0,0,50000,100000,-50000,-50000
067901,旭富群益01購04  ,0,0,0,0,0,0,0,0,0,-50000,0,0,0,0,50000,-50000,-50000
067943,矽格凱基01購04  ,0,0,0,0,0,0,0,0,0,-50000,0,0,0,64000,114000,-50000,-50000
069360,聯發科永豐02購03,0,0,0,0,0,0,0,0,0,-50000,0,0,0,50000,100000,-50000,-50000
069369,SP黃豆元大03購01,0,0,0,0,0,0,0,0,0,-50000,0,0,0,0,50000,-50000,-50000
069328,巨大兆豐03購01  ,0,0,0,0,0,0,0,0,0,-50000,0,0,0,179000,229000,-50000,-50000
069119,欣興群益02購04  ,0,0,0,0,0,0,0,0,0,-50000,0,0,0,14000,64000,-50000,-50000
08299P,玉晶光國票02售01,0,0,0,0,0,0,0,0,0,-50000,0,0,0,0,50000,-50000,-50000
08204P,台灣50中信01售04,0,0,0,0,0,0,0,0,0,-50000,0,0,0,0,50000,-50000,-50000
08139P,華新科元大9B售12,0,0,0,0,0,0,0,0,0,-50000,0,0,0,0,50000,-50000,-50000
08358P,大立光元大9C售18,0,0,0,0,0,0,0,0,0,-50000,0,0,0,0,50000,-50000,-50000
08344P,旺宏元大01售02  ,0,0,0,0,0,0,0,0,0,-50000,0,0,0,50000,100000,-50000,-50000
08345P,大立光元大9C售14,0,0,0,0,0,0,0,0,0,-50000,0,0,0,0,50000,-50000,-50000
069730,世紀鋼群益02購02,0,0,0,0,0,0,0,0,0,-50000,0,0,0,0,50000,-50000,-50000
069858,欣興永豐02購09  ,0,0,0,0,0,0,0,0,0,-50000,0,0,0,0,50000,-50000,-50000
07130P,台郡元大9B售01  ,0,0,0,0,0,0,0,0,0,-50000,0,0,0,0,50000,-50000,-50000
056983,大立光群益99購02,0,0,0,0,0,0,0,0,0,-50000,0,0,0,0,50000,-50000,-50000
056737,國巨凱基9A購01  ,0,0,0,0,0,0,0,0,0,-50000,0,0,0,0,50000,-50000,-50000
03409P,台積電元大02售26,0,0,0,0,0,0,0,0,0,-50000,0,0,0,0,50000,-50000,-50000
03434P,金融類元大02售01,0,0,0,0,0,0,0,0,0,-50000,0,0,0,0,50000,-50000,-50000
03456B,臺股指元大03熊03,0,0,0,0,0,0,0,0,0,-50000,0,0,0,0,50000,-50000,-50000
055205,京鼎中信99購01  ,0,0,0,0,0,0,0,0,0,-50000,0,0,0,0,50000,-50000,-50000
056723,國巨中信9A購01  ,0,0,0,0,0,0,0,0,0,-50000,0,0,0,0,50000,-50000,-50000
03158P,大立光元大01售20,0,0,0,0,0,0,0,0,0,-50000,0,0,0,0,50000,-50000,-50000
03160P,大立光元大01售22,0,0,0,0,0,0,0,0,0,-50000,0,0,0,0,50000,-50000,-50000
03236P,大立光元大02售03,0,0,0,0,0,0,0,0,0,-50000,0,0,0,0,50000,-50000,-50000
057536,康控元大99購03  ,0,0,0,0,0,0,0,0,0,-50000,0,0,0,0,50000,-50000,-50000
057875,京鼎元大98購03  ,0,0,0,0,0,0,0,0,0,-50000,0,0,0,0,50000,-50000,-50000
057844,新日興永豐99購01,0,0,0,0,0,0,0,0,0,-50000,0,0,0,0,50000,-50000,-50000
03237P,大立光元大02售04,0,0,0,0,0,0,0,0,0,-50000,0,0,0,0,50000,-50000,-50000
03089P,華擎元大01售07  ,0,0,0,0,0,0,0,0,0,-50000,0,0,0,18000,68000,-50000,-50000
03251P,台灣50台新03售01,0,0,0,0,0,0,0,0,0,-50000,0,0,0,0,50000,-50000,-50000
058421,國泰金麥證01購01,0,0,0,0,50000,-50000,0,0,0,-50000,0,0,0,0,50000,-50000,-50000
058249,緯穎元大99購04  ,0,0,0,0,0,0,0,0,0,-50000,0,0,0,0,50000,-50000,-50000
058680,國巨麥證99購02  ,0,0,0,0,50000,-50000,0,0,0,-50000,0,0,0,0,50000,-50000,-50000
058909,神達元大99購03  ,0,0,0,0,0,0,0,0,0,-50000,0,0,0,0,50000,-50000,-50000
059063,康控凱基99購04  ,0,0,0,0,0,0,0,0,0,-50000,0,0,0,0,50000,-50000,-50000
060982,旺宏元大9A購09  ,0,0,0,0,0,0,0,0,0,-50000,0,0,0,0,50000,-50000,-50000
059403,T50反1台新03購03,0,0,0,0,0,0,0,0,0,-50000,0,0,0,0,50000,-50000,-50000
060050,鴻海凱基9B購01  ,0,0,0,0,0,0,0,0,0,-50000,0,0,0,0,50000,-50000,-50000
058894,元油2X元大9C購11,0,0,0,0,0,0,0,0,0,-50000,0,0,0,0,50000,-50000,-50000
064505,康控元大9C購01  ,0,0,0,0,0,0,0,0,0,-50000,0,0,0,12000,62000,-50000,-50000
063467,大立光元大9C購06,0,0,0,0,0,0,0,0,0,-50000,0,0,0,0,50000,-50000,-50000
061983,華新科元大9B購04,0,0,0,0,0,0,0,0,0,-50000,0,0,0,0,50000,-50000,-50000
061988,大立光元大9B購04,0,0,0,0,0,0,0,0,0,-50000,0,0,0,0,50000,-50000,-50000
061698,智邦國票9A購04  ,0,0,0,0,0,0,0,0,0,-50000,0,0,0,48000,98000,-50000,-50000
062776,鴻海元大9B購03  ,0,0,0,0,0,0,0,0,0,-50000,0,0,0,0,50000,-50000,-50000
062780,旺宏元大01購01  ,0,0,0,0,0,0,0,0,0,-50000,0,0,0,0,50000,-50000,-50000
063245,富邦金元大9B購03,0,0,0,0,0,0,0,0,0,-50000,0,0,0,2000,52000,-50000,-50000
063850,玉晶光元大9C購07,0,0,0,0,0,0,0,0,0,-50000,0,0,0,0,50000,-50000,-50000
064127,聯發科元大9C購06,0,0,0,0,0,0,0,0,0,-50000,0,0,0,0,50000,-50000,-50000
063508,緯創群益9B購01  ,0,0,0,0,0,0,0,0,0,-50000,0,0,0,0,50000,-50000,-50000
063591,麗豐永豐9B購02  ,0,0,0,0,0,0,0,0,0,-50000,0,0,0,0,50000,-50000,-50000
062435,國巨元大9B購13  ,0,0,0,0,0,0,0,0,0,-50000,0,0,0,1000,51000,-50000,-50000
062432,上銀元大9B購04  ,0,0,0,0,0,0,0,0,0,-50000,0,0,0,52000,102000,-50000,-50000
062471,國泰金凱基9B購02,0,0,0,0,0,0,0,0,0,-50000,0,0,0,0,50000,-50000,-50000
063736,大立光元大9B購08,0,0,0,0,0,0,0,0,0,-50000,0,0,0,0,50000,-50000,-50000
063729,國巨元大9C購08  ,0,0,0,0,0,0,0,0,0,-50000,0,0,0,2000,52000,-50000,-50000
064666,華新科元大02購01,0,0,0,0,0,0,0,0,0,-50000,0,0,0,1000,51000,-50000,-50000
064619,南亞科元大9C購05,0,0,0,0,0,0,0,0,0,-50000,0,0,0,50000,100000,-50000,-50000
064801,鴻海元大9C購13  ,0,0,0,0,0,0,0,0,0,-50000,0,0,0,0,50000,-50000,-50000
061064,可成凱基9B購02  ,0,0,0,0,0,0,0,0,0,-50000,0,0,0,0,50000,-50000,-50000
061505,力成國票9A購03  ,0,0,0,0,0,0,0,0,0,-50000,0,0,0,0,50000,-50000,-50000
063100,聚陽群益9C購02  ,0,0,0,0,0,0,0,0,0,-50000,0,0,0,6000,56000,-50000,-50000
063135,國巨統一9B購16  ,0,0,0,0,0,0,0,0,0,-50000,0,0,0,50000,100000,-50000,-50000
063002,上証2X元大9B購03,0,0,0,0,0,0,0,0,0,-50000,0,0,0,0,50000,-50000,-50000
066281,眾達元大02購01  ,0,0,0,0,0,0,0,0,0,-50000,0,0,0,0,50000,-50000,-50000
065596,鴻海元大9C購16  ,0,0,0,0,0,0,0,0,0,-50000,0,0,0,0,50000,-50000,-50000
065088,可成元大9C購09  ,0,0,0,0,0,0,0,0,0,-50000,0,0,0,129000,179000,-50000,-50000
065185,和大統一02購05  ,0,0,0,0,0,0,0,0,0,-50000,0,0,0,0,50000,-50000,-50000
066928,台達電國票01購02,0,0,0,0,0,0,0,0,0,-50000,0,0,0,15000,65000,-50000,-50000
066933,可成國票02購01  ,0,0,0,0,0,0,0,0,0,-50000,0,0,0,0,50000,-50000,-50000
067721,義隆凱基01購06  ,0,0,0,0,0,0,0,0,0,-50000,0,0,0,45000,95000,-50000,-50000
067486,新日興元大01購03,0,0,0,0,0,0,0,0,0,-50000,0,0,0,0,50000,-50000,-50000
067557,可成國票01購01  ,0,0,0,0,0,0,0,0,0,-50000,0,0,0,14000,64000,-50000,-50000
067622,同欣電國泰02購01,0,0,0,0,0,0,0,0,0,-50000,0,0,0,0,50000,-50000,-50000
067133,正崴永豐01購01  ,0,0,0,0,0,0,0,0,0,-50000,0,0,0,100000,150000,-50000,-50000
067234,正崴群益01購01  ,0,0,0,0,0,0,0,0,0,-50000,0,0,0,0,50000,-50000,-50000
08716P,台積電兆豐01售02,0,0,0,0,0,0,0,0,0,-50000,0,0,0,0,50000,-50000,-50000
08670P,健策統一01售01  ,0,0,0,0,0,0,0,0,0,-50000,0,0,0,0,50000,-50000,-50000
08634P,大立光元大9C售26,0,0,0,0,0,0,0,0,0,-50000,0,0,0,0,50000,-50000,-50000
8104,錸寶            ,36000,86000,-50000,0,0,0,0,0,0,0,0,0,0,0,0,0,-50000
08357P,聯發科元大9C售09,0,0,0,0,0,0,0,0,0,-51000,0,0,0,0,51000,-51000,-51000
08290P,高鐵統一01售01  ,0,0,0,0,0,0,0,0,0,-51000,0,0,0,111000,162000,-51000,-51000
068191,台積電凱基01購21,0,0,0,0,0,0,0,0,0,-51000,0,0,0,200000,251000,-51000,-51000
068608,景碩凱基01購01  ,0,0,0,0,0,0,0,0,0,-51000,0,0,0,145000,196000,-51000,-51000
064495,南亞科元大9C購03,0,0,0,0,0,0,0,0,0,-51000,0,0,0,0,51000,-51000,-51000
060039,大立光國票99購04,0,0,0,0,0,0,0,0,0,-51000,0,0,0,0,51000,-51000,-51000
060955,大立光群益9A購02,0,0,0,0,0,0,0,0,0,-51000,0,0,0,0,51000,-51000,-51000
058495,元大金群益9B購01,0,0,0,0,0,0,0,0,0,-51000,0,0,0,213000,264000,-51000,-51000
060824,旺宏元大9A購06  ,0,0,0,0,0,0,0,0,0,-51000,0,0,0,0,51000,-51000,-51000
060347,大立光統一02購01,0,0,0,0,0,0,0,0,0,-51000,0,0,0,9000,60000,-51000,-51000
061229,緯穎中信9B購01  ,0,0,0,0,0,0,0,0,0,-51000,0,0,0,100000,151000,-51000,-51000
061877,貿聯元大9B購01  ,0,0,0,0,0,0,0,0,0,-51000,0,0,0,100000,151000,-51000,-51000
064811,華擎元大01購01  ,0,0,0,0,0,0,0,0,0,-51000,0,0,0,52000,103000,-51000,-51000
063737,大立光元大9C購07,0,0,0,0,0,0,0,0,0,-51000,0,0,0,0,51000,-51000,-51000
062264,南六元大9B購02  ,0,0,0,0,0,0,0,0,0,-51000,0,0,0,49000,100000,-51000,-51000
066603,台達電富邦05購01,0,0,0,0,0,0,0,0,0,-51000,0,0,0,0,51000,-51000,-51000
065208,義隆國票01購01  ,0,0,0,0,0,0,0,0,0,-51000,0,0,0,0,51000,-51000,-51000
065632,正崴國票01購01  ,0,0,0,0,0,0,0,0,0,-51000,0,0,0,56000,107000,-51000,-51000
066382,拓凱康和01購01  ,0,0,0,0,0,0,0,0,0,-51000,0,0,0,0,51000,-51000,-51000
066298,美利達元大01購02,0,0,0,0,0,0,0,0,0,-51000,0,0,0,49000,100000,-51000,-51000
065849,景碩元大9C購03  ,0,0,0,0,0,0,0,0,0,-51000,0,0,0,169000,220000,-51000,-51000
08553P,嘉澤群益9C售01  ,0,0,0,0,0,0,0,0,0,-51000,0,0,0,0,51000,-51000,-51000
08693P,宏達電群益01售02,0,0,0,0,0,0,0,0,0,-51000,0,0,0,40000,91000,-51000,-51000
2497,怡利電          ,3000,54000,-51000,0,0,0,0,0,0,0,0,0,0,0,0,0,-51000
2207,和泰車          ,100541,98062,2479,0,0,0,0,55000,-55000,1000,1000,0,1000,0,0,0,-51521
068218,台光電統一02購05,0,0,0,0,0,0,0,0,0,-52000,0,0,0,23000,75000,-52000,-52000
069398,聯電統一02購05  ,0,0,0,0,0,0,0,0,0,-52000,0,0,0,44000,96000,-52000,-52000
00647L,元大S&P500正2   ,0,0,0,0,0,0,0,0,0,-52000,0,0,0,57000,109000,-52000,-52000
057649,嘉聯益元大99購04,0,0,0,0,0,0,0,0,0,-52000,0,0,0,1000,53000,-52000,-52000
059080,亞泥元大99購01  ,0,0,0,0,0,0,0,0,0,-52000,0,0,0,90000,142000,-52000,-52000
063484,達方元大9B購01  ,0,0,0,0,0,0,0,0,0,-52000,0,0,0,31000,83000,-52000,-52000
063246,嘉晶元大9C購01  ,0,0,0,0,0,0,0,0,0,-52000,0,0,0,158000,210000,-52000,-52000
061783,友達群益9B購01  ,0,0,0,0,0,0,0,0,0,-52000,0,0,0,9000,61000,-52000,-52000
063950,信邦元大9C購01  ,0,0,0,0,0,0,0,0,0,-52000,0,0,0,50000,102000,-52000,-52000
066361,微星中信05購01  ,0,0,0,0,0,0,0,0,0,-52000,0,0,0,38000,90000,-52000,-52000
065219,緯穎國泰01購01  ,0,0,0,0,0,0,0,0,0,-52000,0,0,0,285000,337000,-52000,-52000
065366,英業達元大9C購02,0,0,0,0,0,0,0,0,0,-52000,0,0,0,10000,62000,-52000,-52000
067109,晶豪科群益01購01,0,0,0,0,0,0,0,0,0,-52000,0,0,0,8000,60000,-52000,-52000
08844P,滬深2X元大03售03,0,0,0,0,0,0,0,0,0,-52000,0,0,0,4000,56000,-52000,-52000
08806P,技嘉元富07售02  ,0,0,0,0,0,0,0,0,0,-52000,0,0,0,0,52000,-52000,-52000
2430,燦坤            ,43000,113000,-70000,0,0,0,0,0,0,18000,18000,0,18000,0,0,0,-52000
6209,今國光          ,994000,1053000,-59000,0,0,0,0,0,0,7000,7000,0,7000,0,0,0,-52000
068060,聯發科中信04購01,0,0,0,0,0,0,0,0,0,-53000,0,0,0,152000,205000,-53000,-53000
068835,台積電永豐02購01,0,0,0,0,0,0,0,0,0,-53000,0,0,0,40000,93000,-53000,-53000
058841,深中小群益01購01,0,0,0,0,0,0,0,0,0,-53000,0,0,0,7000,60000,-53000,-53000
059987,大立光元大99購28,0,0,0,0,0,0,0,0,0,-53000,0,0,0,0,53000,-53000,-53000
061613,南六統一9C購01  ,0,0,0,0,0,0,0,0,0,-53000,0,0,0,54000,107000,-53000,-53000
063670,美食統一9C購01  ,0,0,0,0,0,0,0,0,0,-53000,0,0,0,134000,187000,-53000,-53000
062212,臻鼎台新9B購01  ,0,0,0,0,0,0,0,0,0,-53000,0,0,0,0,53000,-53000,-53000
061962,台積電統一01購03,0,0,0,0,0,0,0,0,0,-53000,0,0,0,0,53000,-53000,-53000
066987,旭富群益01購01  ,0,0,0,0,0,0,0,0,0,-53000,0,0,0,3000,56000,-53000,-53000
067529,力山群益01購02  ,0,0,0,0,0,0,0,0,0,-53000,0,0,0,5000,58000,-53000,-53000
065542,緯穎統一01購05  ,0,0,0,0,0,0,0,0,0,-53000,0,0,0,0,53000,-53000,-53000
2850,新產            ,7000,60000,-53000,0,0,0,0,0,0,0,0,0,0,0,0,0,-53000
068680,聯陽國泰03購01  ,0,0,0,0,0,0,0,0,0,-54000,0,0,0,129000,183000,-54000,-54000
068077,晶技凱基02購01  ,0,0,0,0,0,0,0,0,0,-54000,0,0,0,175000,229000,-54000,-54000
067999,大毅元大01購03  ,0,0,0,0,0,0,0,0,0,-54000,0,0,0,61000,115000,-54000,-54000
06777P,鴻海元大99售06  ,0,0,0,0,0,0,0,0,0,-54000,0,0,0,0,54000,-54000,-54000
069537,百和群益03購01  ,0,0,0,0,0,0,0,0,0,-54000,0,0,0,6000,60000,-54000,-54000
069304,台達電凱基02購03,0,0,0,0,0,0,0,0,0,-54000,0,0,0,0,54000,-54000,-54000
069270,長興永豐02購01  ,0,0,0,0,0,0,0,0,0,-54000,0,0,0,75000,129000,-54000,-54000
08258P,旺宏元大9C售04  ,0,0,0,0,0,0,0,0,0,-54000,0,0,0,55000,109000,-54000,-54000
058699,楠梓電元大99購02,0,0,0,0,0,0,0,0,0,-54000,0,0,0,0,54000,-54000,-54000
060806,華新科群益9A購03,0,0,0,0,0,0,0,0,0,-54000,0,0,0,20000,74000,-54000,-54000
063618,智邦兆豐9C購01  ,0,0,0,0,0,0,0,0,0,-54000,0,0,0,249000,303000,-54000,-54000
063934,寶成統一02購01  ,0,0,0,0,0,0,0,0,0,-54000,0,0,0,0,54000,-54000,-54000
065429,微星凱基02購02  ,0,0,0,0,0,0,0,0,0,-54000,0,0,0,39000,93000,-54000,-54000
065700,京元電群益9C購01,0,0,0,0,0,0,0,0,0,-54000,0,0,0,27000,81000,-54000,-54000
066166,大毅凱基02購01  ,0,0,0,0,0,0,0,0,0,-54000,0,0,0,16000,70000,-54000,-54000
066087,大毅永豐01購02  ,0,0,0,0,0,0,0,0,0,-54000,0,0,0,10000,64000,-54000,-54000
065975,緯創元大02購01  ,0,0,0,0,0,0,0,0,0,-54000,0,0,0,0,54000,-54000,-54000
067598,台積電凱基01購13,0,0,0,0,0,0,0,0,0,-54000,0,0,0,0,54000,-54000,-54000
067259,聯茂國票02購01  ,0,0,0,0,0,0,0,0,0,-54000,0,0,0,35000,89000,-54000,-54000
066774,聯詠富邦03購01  ,0,0,0,0,0,0,0,0,0,-54000,0,0,0,272000,326000,-54000,-54000
3032,偉訓            ,92000,124000,-32000,0,0,0,0,0,0,-22000,3000,25000,-22000,0,0,0,-54000
3454,晶睿            ,34000,89000,-55000,0,0,0,0,0,0,1000,1000,0,1000,0,0,0,-54000
3661,世芯-KY         ,693000,631100,61900,0,0,0,0,98000,-98000,-18000,6000,18000,-12000,0,6000,-6000,-54100
069227,欣興群益02購05  ,0,0,0,0,0,0,0,0,0,-55000,0,0,0,15000,70000,-55000,-55000
069391,世紀鋼元大03購02,0,0,0,0,0,0,0,0,0,-55000,0,0,0,155000,210000,-55000,-55000
067964,燿華群益02購02  ,0,0,0,0,0,0,0,0,0,-55000,0,0,0,14000,69000,-55000,-55000
068260,道瓊銀富邦07購01,0,0,0,0,0,0,0,0,0,-55000,0,0,0,0,55000,-55000,-55000
061034,晶豪科永豐9A購01,0,0,0,0,0,0,0,0,0,-55000,0,0,0,0,55000,-55000,-55000
064378,群創元富9C購01  ,0,0,0,0,0,0,0,0,0,-55000,0,0,0,11000,66000,-55000,-55000
061408,華新科國票9A購06,0,0,0,0,0,0,0,0,0,-55000,0,0,0,5000,60000,-55000,-55000
065012,燿華國泰02購01  ,0,0,0,0,0,0,0,0,0,-55000,0,0,0,0,55000,-55000,-55000
064271,鴻海元大9C購08  ,0,0,0,0,0,0,0,0,0,-55000,0,0,0,35000,90000,-55000,-55000
066806,京鼎凱基02購01  ,0,0,0,0,0,0,0,0,0,-55000,0,0,0,218000,273000,-55000,-55000
067680,聯詠元大01購08  ,0,0,0,0,0,0,0,0,0,-55000,0,0,0,94000,149000,-55000,-55000
065853,智伸科元大9C購02,0,0,0,0,0,0,0,0,0,-55000,0,0,0,34000,89000,-55000,-55000
065564,臺指反群益02購01,0,0,0,0,0,0,0,0,0,-55000,0,0,0,0,55000,-55000,-55000
08644P,臺股指中信02售02,0,0,0,0,0,0,0,0,0,-55000,0,0,0,89000,144000,-55000,-55000
08968P,台表科元大01售04,0,0,0,0,0,0,0,0,0,-55000,0,0,0,10000,65000,-55000,-55000
067808,聯發科凱基01購16,0,0,0,0,0,0,0,0,0,-56000,0,0,0,5000,61000,-56000,-56000
069438,中工康和03購01  ,0,0,0,0,0,0,0,0,0,-56000,0,0,0,74000,130000,-56000,-56000
069389,南六元大03購01  ,0,0,0,0,0,0,0,0,0,-56000,0,0,0,0,56000,-56000,-56000
069855,精元永豐02購03  ,0,0,0,0,0,0,0,0,0,-56000,0,0,0,0,56000,-56000,-56000
059791,超眾元大99購06  ,0,0,0,0,0,0,0,0,0,-56000,0,0,0,4000,60000,-56000,-56000
058790,楠梓電元大99購03,0,0,0,0,0,0,0,0,0,-56000,0,0,0,0,56000,-56000,-56000
059189,國泰金富邦9B購01,0,0,0,0,0,0,0,0,0,-56000,0,0,0,0,56000,-56000,-56000
059675,大立光元富99購08,0,0,0,0,0,0,0,0,0,-56000,0,0,0,22000,78000,-56000,-56000
058536,群創統一9B購01  ,0,0,0,0,0,0,0,0,0,-56000,0,0,0,20000,76000,-56000,-56000
060771,滬深2X凱基9B購02,0,0,0,0,0,0,0,0,0,-56000,0,0,0,0,56000,-56000,-56000
065062,亞光群益9C購01  ,0,0,0,0,0,0,0,0,0,-56000,0,0,0,4000,60000,-56000,-56000
061638,國泰金元大9A購03,0,0,0,0,0,0,0,0,0,-56000,0,0,0,2000,58000,-56000,-56000
061362,台塑國票9B購01  ,0,0,0,0,0,0,0,0,0,-56000,0,0,0,3000,59000,-56000,-56000
062974,奇力新元富9B購01,0,0,0,0,0,0,0,0,0,-56000,0,0,0,380000,436000,-56000,-56000
1773,勝一            ,30000,50000,-20000,0,0,0,0,0,0,-36000,3000,39000,-36000,0,0,0,-56000
08552P,華新科群益9C售04,0,0,0,0,0,0,0,0,0,-56000,0,0,0,54000,110000,-56000,-56000
08952P,台積電元富07售08,0,0,0,0,0,0,0,0,0,-56000,0,0,0,0,56000,-56000,-56000
2929,淘帝-KY         ,285000,340000,-55000,0,0,0,0,0,0,-1000,0,1000,-1000,0,0,0,-56000
2881A,富邦特          ,24000,0,24000,0,0,0,0,80000,-80000,0,5000,5000,0,0,0,0,-56000
069258,同欣電凱基03購02,0,0,0,0,0,0,0,0,0,-57000,0,0,0,33000,90000,-57000,-57000
069266,義隆兆豐04購02  ,0,0,0,0,0,0,0,0,0,-57000,0,0,0,247000,304000,-57000,-57000
069196,景碩台新02購01  ,0,0,0,0,0,0,0,0,0,-57000,0,0,0,120000,177000,-57000,-57000
068423,GIS康和01購01   ,0,0,0,0,0,0,0,0,0,-57000,0,0,0,78000,135000,-57000,-57000
069011,晶技兆豐03購01  ,0,0,0,0,0,0,0,0,0,-57000,0,0,0,3000,60000,-57000,-57000
064552,巨大凱基01購01  ,0,0,0,0,0,0,0,0,0,-57000,0,0,0,174000,231000,-57000,-57000
00678,群益NBI生技     ,0,52000,-52000,0,0,0,0,0,0,-5000,0,0,0,0,5000,-5000,-57000
063581,同欣電國泰9C購01,0,0,0,0,0,0,0,0,0,-57000,0,0,0,0,57000,-57000,-57000
063487,國巨國泰01購02  ,0,0,0,0,0,0,0,0,0,-57000,0,0,0,27000,84000,-57000,-57000
062481,同欣電國票9B購01,0,0,0,0,0,0,0,0,0,-57000,0,0,0,54000,111000,-57000,-57000
064040,鴻海統一9C購18  ,0,0,0,0,0,0,0,0,0,-57000,0,0,0,60000,117000,-57000,-57000
064170,儒鴻元富9C購01  ,0,0,0,0,0,0,0,0,0,-57000,0,0,0,3000,60000,-57000,-57000
065205,金寶國票01購01  ,0,0,0,0,0,0,0,0,0,-57000,0,0,0,0,57000,-57000,-57000
066730,致茂元大01購01  ,0,0,0,0,0,0,0,0,0,-57000,0,0,0,99000,156000,-57000,-57000
066508,世紀鋼富邦03購01,0,0,0,0,0,0,0,0,0,-57000,0,0,0,23000,80000,-57000,-57000
067124,華擎富邦03購01  ,0,0,0,0,0,0,0,0,0,-57000,0,0,0,55000,112000,-57000,-57000
066910,華擎凱基01購03  ,0,0,0,0,0,0,0,0,0,-57000,0,0,0,203000,260000,-57000,-57000
3583,辛耘            ,115000,53000,62000,0,0,0,0,120000,-120000,1000,1000,0,1000,0,0,0,-57000
08977P,臺股指群益01售11,0,0,0,0,0,0,0,0,0,-57000,0,0,0,0,57000,-57000,-57000
068833,大立光國泰04購01,0,0,0,0,0,0,0,0,0,-58000,0,0,0,316000,374000,-58000,-58000
068825,京鼎元大02購02  ,0,0,0,0,0,0,0,0,0,-58000,0,0,0,125000,183000,-58000,-58000
068780,國揚國票03購01  ,0,0,0,0,0,0,0,0,0,-58000,0,0,0,0,58000,-58000,-58000
068177,台積電群益02購04,0,0,0,0,0,0,0,0,0,-58000,0,0,0,542000,600000,-58000,-58000
068113,台光電元富07購01,0,0,0,0,0,0,0,0,0,-58000,0,0,0,64000,122000,-58000,-58000
069503,聯電永豐02購06  ,0,0,0,0,0,0,0,0,0,-58000,0,0,0,20000,78000,-58000,-58000
03081P,華通元大01售06  ,0,0,0,0,0,0,0,0,0,-58000,0,0,0,4000,62000,-58000,-58000
057730,聯鈞國泰9A購01  ,0,0,0,0,0,0,0,0,0,-58000,0,0,0,9000,67000,-58000,-58000
060843,大立光國票9A購06,0,0,0,0,0,0,0,0,0,-58000,0,0,0,0,58000,-58000,-58000
060410,台苯永豐9A購01  ,0,0,0,0,0,0,0,0,0,-58000,0,0,0,0,58000,-58000,-58000
060252,緯穎元大9A購02  ,0,0,0,0,0,0,0,0,0,-58000,0,0,0,0,58000,-58000,-58000
03469P,欣興康和02售01  ,0,0,0,0,0,0,0,0,0,-58000,0,0,0,35000,93000,-58000,-58000
060944,國泰金國票9A購01,0,0,0,0,0,0,0,0,0,-58000,0,0,0,10000,68000,-58000,-58000
062457,京元電群益9B購01,0,0,0,0,0,0,0,0,0,-58000,0,0,0,15000,73000,-58000,-58000
061943,上銀群益9B購02  ,0,0,0,0,0,0,0,0,0,-58000,0,0,0,0,58000,-58000,-58000
062035,瑞祺群益9B購01  ,0,0,0,0,0,0,0,0,0,-58000,0,0,0,10000,68000,-58000,-58000
064953,嘉晶凱基9C購02  ,0,0,0,0,0,0,0,0,0,-58000,0,0,0,17000,75000,-58000,-58000
067090,南六元大01購04  ,0,0,0,0,0,0,0,0,0,-58000,0,0,0,207000,265000,-58000,-58000
067716,台船凱基01購01  ,0,0,0,0,0,0,0,0,0,-58000,0,0,0,10000,68000,-58000,-58000
065720,義隆兆豐9C購03  ,0,0,0,0,0,0,0,0,0,-58000,0,0,0,67000,125000,-58000,-58000
065730,新日興凱基9C購01,0,0,0,0,0,0,0,0,0,-58000,0,0,0,18000,76000,-58000,-58000
065850,緯創元大9C購06  ,0,0,0,0,0,0,0,0,0,-58000,0,0,0,10000,68000,-58000,-58000
2228,劍麟            ,82000,26000,56000,0,0,0,0,114000,-114000,0,0,0,0,0,0,0,-58000
08715P,創意元富07售02  ,0,0,0,0,0,0,0,0,0,-58000,0,0,0,0,58000,-58000,-58000
069469,華擎國票03購01  ,0,0,0,0,0,0,0,0,0,-59000,0,0,0,10000,69000,-59000,-59000
08118P,嘉澤元富9B售02  ,0,0,0,0,0,0,0,0,0,-59000,0,0,0,0,59000,-59000,-59000
08053P,臺股指國票9B售18,0,0,0,0,0,0,0,0,0,-59000,0,0,0,1000,60000,-59000,-59000
068324,台積電元大01購43,0,0,0,0,0,0,0,0,0,-59000,0,0,0,6000,65000,-59000,-59000
068918,臺股指群益02購04,0,0,0,0,0,0,0,0,0,-59000,0,0,0,20000,79000,-59000,-59000
068966,TPK群益02購01   ,0,0,0,0,0,0,0,0,0,-59000,0,0,0,0,59000,-59000,-59000
063337,國巨統一02購02  ,0,0,0,0,0,0,0,0,0,-59000,0,0,0,28000,87000,-59000,-59000
064394,全新永豐9C購02  ,0,0,0,0,0,0,0,0,0,-59000,0,0,0,0,59000,-59000,-59000
063197,遠東新統一9C購01,0,0,0,0,0,0,0,0,0,-59000,0,0,0,24000,83000,-59000,-59000
063522,技嘉凱基9B購03  ,0,0,0,0,0,0,0,0,0,-59000,0,0,0,37000,96000,-59000,-59000
063534,鴻海統一9B購07  ,0,0,0,0,0,0,0,0,0,-59000,0,0,0,1000,60000,-59000,-59000
064008,日月光凱基9C購01,0,0,0,0,0,0,0,0,0,-59000,0,0,0,0,59000,-59000,-59000
063848,大立光元大9C購09,0,0,0,0,0,0,0,0,0,-59000,0,0,0,0,59000,-59000,-59000
066154,聯強康和01購01  ,0,0,0,0,0,0,0,0,0,-59000,0,0,0,9000,68000,-59000,-59000
067145,南港統一03購02  ,0,0,0,0,0,0,0,0,0,-59000,0,0,0,941000,1000000,-59000,-59000
066901,台虹康和01購01  ,0,0,0,0,0,0,0,0,0,-59000,0,0,0,216000,275000,-59000,-59000
066837,樺漢群益01購02  ,0,0,0,0,0,0,0,0,0,-59000,0,0,0,29000,88000,-59000,-59000
066510,堤維西永豐01購01,0,0,0,0,0,0,0,0,0,-59000,0,0,0,0,59000,-59000,-59000
1734,杏輝            ,819000,930000,-111000,0,0,0,0,0,0,52000,4000,2000,2000,50000,0,50000,-59000
068713,台灣50元大02購05,0,0,0,0,0,0,0,0,0,-60000,0,0,0,0,60000,-60000,-60000
067946,聯發科國泰03購04,0,0,0,0,0,0,0,0,0,-60000,0,0,0,74000,134000,-60000,-60000
08350P,臺股指中信9C售06,0,0,0,0,0,0,0,0,0,-60000,0,0,0,0,60000,-60000,-60000
069846,南電群益03購02  ,0,0,0,0,0,0,0,0,0,-60000,0,0,0,0,60000,-60000,-60000
069155,國巨元大02購10  ,0,0,0,0,0,0,0,0,0,-60000,0,0,0,6000,66000,-60000,-60000
058963,華新科兆豐99購05,0,0,0,0,0,0,0,0,0,-60000,0,0,0,0,60000,-60000,-60000
058221,上銀統一99購04  ,0,0,0,0,0,0,0,0,0,-60000,0,0,0,0,60000,-60000,-60000
058178,國巨國泰9A購02  ,0,0,0,0,0,0,0,0,0,-60000,0,0,0,0,60000,-60000,-60000
058838,國巨中信99購03  ,0,0,0,0,0,0,0,0,0,-60000,0,0,0,0,60000,-60000,-60000
051847,香港反中信99購01,0,0,0,0,0,0,0,0,0,-60000,0,0,0,0,60000,-60000,-60000
060277,道瓊反元大9A購02,0,0,0,0,0,0,0,0,0,-60000,0,0,0,0,60000,-60000,-60000
03398P,瑞昱中信06售03  ,0,0,0,0,0,0,0,0,0,-60000,0,0,0,10000,70000,-60000,-60000
03064P,台灣50群益01售14,0,0,0,0,0,0,0,0,0,-60000,0,0,0,3000,63000,-60000,-60000
02001R,富邦蘋果反一N   ,0,0,0,0,0,0,0,0,0,-60000,0,0,0,0,60000,-60000,-60000
00830,國泰費城半導體  ,0,13000,-13000,0,0,0,0,0,0,-47000,29000,0,29000,15000,91000,-76000,-60000
063750,和鑫國票9B購01  ,0,0,0,0,0,0,0,0,0,-60000,0,0,0,1572000,1632000,-60000,-60000
063906,T50反1凱基02購03,0,0,0,0,0,0,0,0,0,-60000,0,0,0,0,60000,-60000,-60000
062601,富邦金台新9B購01,0,0,0,0,0,0,0,0,0,-60000,0,0,0,0,60000,-60000,-60000
062073,國巨元大9B購06  ,0,0,0,0,0,0,0,0,0,-60000,0,0,0,1000,61000,-60000,-60000
062293,麗豐永豐9B購01  ,0,0,0,0,0,0,0,0,0,-60000,0,0,0,0,60000,-60000,-60000
062993,華新科群益9B購05,0,0,0,0,0,0,0,0,0,-60000,0,0,0,4000,64000,-60000,-60000
063042,同欣電凱基9C購01,0,0,0,0,0,0,0,0,0,-60000,0,0,0,10000,70000,-60000,-60000
06498P,臺股指元大9A售03,0,0,0,0,0,0,0,0,0,-60000,0,0,0,0,60000,-60000,-60000
061916,元金2X凱基02購01,0,0,0,0,0,0,0,0,0,-60000,0,0,0,0,60000,-60000,-60000
064803,智邦元大9C購05  ,0,0,0,0,0,0,0,0,0,-60000,0,0,0,434000,494000,-60000,-60000
067107,義隆群益01購02  ,0,0,0,0,0,0,0,0,0,-60000,0,0,0,73000,133000,-60000,-60000
067142,美利達永豐01購02,0,0,0,0,0,0,0,0,0,-60000,0,0,0,0,60000,-60000,-60000
067406,矽格永豐01購01  ,0,0,0,0,0,0,0,0,0,-60000,0,0,0,58000,118000,-60000,-60000
066287,訊芯元大01購01  ,0,0,0,0,0,0,0,0,0,-60000,0,0,0,140000,200000,-60000,-60000
066326,敦陽科永豐01購01,0,0,0,0,0,0,0,0,0,-60000,0,0,0,0,60000,-60000,-60000
066042,正崴元大02購01  ,0,0,0,0,0,0,0,0,0,-60000,0,0,0,15000,75000,-60000,-60000
065361,上銀元大9C購11  ,0,0,0,0,0,0,0,0,0,-60000,0,0,0,134000,194000,-60000,-60000
08673P,友訊元富01售03  ,0,0,0,0,0,0,0,0,0,-60000,0,0,0,60000,120000,-60000,-60000
08636P,華通國票01售03  ,0,0,0,0,0,0,0,0,0,-60000,0,0,0,1000,61000,-60000,-60000
08628P,微星中信9C售01  ,0,0,0,0,0,0,0,0,0,-60000,0,0,0,45000,105000,-60000,-60000
08767P,台灣50凱基01售17,0,0,0,0,0,0,0,0,0,-60000,0,0,0,0,60000,-60000,-60000
3702A,大聯大甲特      ,0,0,0,0,0,0,0,0,0,-60000,0,60000,-60000,0,0,0,-60000
069236,玉晶光康和08購01,0,0,0,0,0,0,0,0,0,-61000,0,0,0,15000,76000,-61000,-61000
08490P,上銀元大9C售08  ,0,0,0,0,0,0,0,0,0,-61000,0,0,0,0,61000,-61000,-61000
08312P,旺宏國票01售01  ,0,0,0,0,0,0,0,0,0,-61000,0,0,0,0,61000,-61000,-61000
068667,聯電統一03購05  ,0,0,0,0,0,0,0,0,0,-61000,0,0,0,344000,405000,-61000,-61000
068576,台積電國泰03購07,0,0,0,0,0,0,0,0,0,-61000,0,0,0,577000,638000,-61000,-61000
069033,友達統一04購01  ,0,0,0,0,0,0,0,0,0,-61000,0,0,0,41000,102000,-61000,-61000
057700,新日興群益9A購01,0,0,0,0,0,0,0,0,0,-61000,0,0,0,0,61000,-61000,-61000
03121P,聯電元大01售04  ,0,0,0,0,0,0,0,0,0,-61000,0,0,0,42000,103000,-61000,-61000
060369,滬深2X元富01購01,0,0,0,0,0,0,0,0,0,-61000,0,0,0,9000,70000,-61000,-61000
060556,緯穎凱基9A購04  ,0,0,0,0,0,0,0,0,0,-61000,0,0,0,2000,63000,-61000,-61000
064702,百和群益01購01  ,0,0,0,0,0,0,0,0,0,-61000,0,0,0,53000,114000,-61000,-61000
063928,可成統一01購02  ,0,0,0,0,0,0,0,0,0,-61000,0,0,0,186000,247000,-61000,-61000
066202,大立光統一02購07,0,0,0,0,0,0,0,0,0,-61000,0,0,0,30000,91000,-61000,-61000
066707,揚明光群益01購02,0,0,0,0,0,0,0,0,0,-61000,0,0,0,0,61000,-61000,-61000
058986,華新科凱基9A購03,0,0,0,0,0,0,0,0,0,-62000,0,0,0,100000,162000,-62000,-62000
03151P,聯發科群益01售14,0,0,0,0,0,0,0,0,0,-62000,0,0,0,0,62000,-62000,-62000
00771,元大US高息特別股,0,0,0,0,0,0,0,0,0,-62000,0,0,0,0,62000,-62000,-62000
00674R,元大S&P黃金反1  ,5000,5000,0,0,0,0,0,0,0,-62000,0,0,0,192000,254000,-62000,-62000
00651R,FH香港反1       ,21000,0,21000,0,0,0,0,0,0,-83000,0,0,0,246000,329000,-83000,-62000
061350,牧德元大9B購03  ,0,0,0,0,0,0,0,0,0,-62000,0,0,0,2000,64000,-62000,-62000
064767,宏全凱基9C購01  ,0,0,0,0,0,0,0,0,0,-62000,0,0,0,53000,115000,-62000,-62000
064739,智邦國票01購01  ,0,0,0,0,0,0,0,0,0,-62000,0,0,0,129000,191000,-62000,-62000
064887,嘉晶中信9C購02  ,0,0,0,0,0,0,0,0,0,-62000,0,0,0,20000,82000,-62000,-62000
062195,聚陽中信9C購01  ,0,0,0,0,0,0,0,0,0,-62000,0,0,0,157000,219000,-62000,-62000
061656,華新科國票9A購08,0,0,0,0,0,0,0,0,0,-62000,0,0,0,28000,90000,-62000,-62000
064195,晶豪科群益9C購01,0,0,0,0,0,0,0,0,0,-62000,0,0,0,0,62000,-62000,-62000
066658,卜蜂凱基01購01  ,0,0,0,0,0,0,0,0,0,-62000,0,0,0,41000,103000,-62000,-62000
4934,太極            ,587000,649000,-62000,0,0,0,0,0,0,0,0,0,0,0,0,0,-62000
068698,聯鈞凱基02購01  ,0,0,0,0,0,0,0,0,0,-63000,0,0,0,47000,110000,-63000,-63000
068308,強茂國票01購01  ,0,0,0,0,0,0,0,0,0,-63000,0,0,0,260000,323000,-63000,-63000
069345,台勝科群益04購01,0,0,0,0,0,0,0,0,0,-63000,0,0,0,0,63000,-63000,-63000
03420P,牧德群益02售04  ,0,0,0,0,0,0,0,0,0,-63000,0,0,0,10000,73000,-63000,-63000
056767,大毅元大99購01  ,0,0,0,0,0,0,0,0,0,-63000,0,0,0,56000,119000,-63000,-63000
064121,國巨元大9C購16  ,0,0,0,0,0,0,0,0,0,-63000,0,0,0,97000,160000,-63000,-63000
066724,台達電元大01購01,0,0,0,0,0,0,0,0,0,-63000,0,0,0,64000,127000,-63000,-63000
065862,世紀鋼元大9C購06,0,0,0,0,0,0,0,0,0,-63000,0,0,0,199000,262000,-63000,-63000
065263,國泰金元大9C購02,0,0,0,0,0,0,0,0,0,-63000,0,0,0,0,63000,-63000,-63000
2425,承啟            ,165000,229000,-64000,0,0,0,0,0,0,1000,1000,0,1000,0,0,0,-63000
069121,聯鈞群益02購01  ,0,0,0,0,0,0,0,0,0,-64000,0,0,0,42000,106000,-64000,-64000
069729,惠特群益03購01  ,0,0,0,0,0,0,0,0,0,-64000,0,0,0,0,64000,-64000,-64000
07875P,祥碩群益9B售01  ,0,0,0,0,0,0,0,0,0,-64000,0,0,0,0,64000,-64000,-64000
061018,台積電國票9B購05,0,0,0,0,0,0,0,0,0,-64000,0,0,0,0,64000,-64000,-64000
064701,巨大群益9C購02  ,0,0,0,0,0,0,0,0,0,-64000,0,0,0,12000,76000,-64000,-64000
064938,華新科元富9C購01,0,0,0,0,0,0,0,0,0,-64000,0,0,0,185000,249000,-64000,-64000
061838,華新科凱基05購03,0,0,0,0,0,0,0,0,0,-64000,0,0,0,44000,108000,-64000,-64000
062633,亞光國票9B購01  ,0,0,0,0,0,0,0,0,0,-64000,0,0,0,29000,93000,-64000,-64000
063353,上銀元富9B購03  ,0,0,0,0,0,0,0,0,0,-64000,0,0,0,6000,70000,-64000,-64000
063298,統一凱基9B購01  ,0,0,0,0,0,0,0,0,0,-64000,0,0,0,2000,66000,-64000,-64000
065558,嘉聯益凱基9C購02,0,0,0,0,0,0,0,0,0,-64000,0,0,0,151000,215000,-64000,-64000
068422,緯穎兆豐03購02  ,0,0,0,0,0,0,0,0,0,-65000,0,0,0,60000,125000,-65000,-65000
068720,台積電元大02購14,0,0,0,0,0,0,0,0,0,-65000,0,0,0,74000,139000,-65000,-65000
068691,大成鋼凱基02購01,0,0,0,0,0,0,0,0,0,-65000,0,0,0,47000,112000,-65000,-65000
063782,致新永豐9B購02  ,0,0,0,0,0,0,0,0,0,-65000,0,0,0,135000,200000,-65000,-65000
060717,康控永豐9A購01  ,0,0,0,0,0,0,0,0,0,-65000,0,0,0,0,65000,-65000,-65000
060450,南亞元大9A購02  ,0,0,0,0,0,0,0,0,0,-65000,0,0,0,0,65000,-65000,-65000
056392,玉晶光富邦9C購01,0,0,0,0,0,0,0,0,0,-65000,0,0,0,0,65000,-65000,-65000
061423,廣達元大9A購01  ,0,0,0,0,0,0,0,0,0,-65000,0,0,0,10000,75000,-65000,-65000
062573,大毅群益9B購03  ,0,0,0,0,0,0,0,0,0,-65000,0,0,0,8000,73000,-65000,-65000
062747,立積永豐9B購01  ,0,0,0,0,0,0,0,0,0,-65000,0,0,0,128000,193000,-65000,-65000
065376,京鼎元大9C購02  ,0,0,0,0,0,0,0,0,0,-65000,0,0,0,0,65000,-65000,-65000
065967,國巨元大01購07  ,0,0,0,0,0,0,0,0,0,-65000,0,0,0,100000,165000,-65000,-65000
066533,南茂元富01購01  ,0,0,0,0,0,0,0,0,0,-65000,0,0,0,0,65000,-65000,-65000
066859,華擎國票02購01  ,0,0,0,0,0,0,0,0,0,-65000,0,0,0,106000,171000,-65000,-65000
2431,聯昌            ,114000,180000,-66000,0,0,0,0,0,0,1000,1000,0,1000,0,0,0,-65000
068095,GIS群益01購01   ,0,0,0,0,0,0,0,0,0,-66000,0,0,0,119000,185000,-66000,-66000
058147,鈺齊元大99購01  ,0,0,0,0,0,0,0,0,0,-66000,0,0,0,10000,76000,-66000,-66000
059660,華新科元大9A購04,0,0,0,0,0,0,0,0,0,-66000,0,0,0,11000,77000,-66000,-66000
062590,亞光統一9B購01  ,0,0,0,0,0,0,0,0,0,-66000,0,0,0,42000,108000,-66000,-66000
064035,GIS元大9C購03   ,0,0,0,0,0,0,0,0,0,-66000,0,0,0,37000,103000,-66000,-66000
063704,麗豐群益9B購01  ,0,0,0,0,0,0,0,0,0,-66000,0,0,0,7000,73000,-66000,-66000
061907,裕隆中信9B購01  ,0,0,0,0,0,0,0,0,0,-66000,0,0,0,10000,76000,-66000,-66000
067595,國巨凱基02購04  ,0,0,0,0,0,0,0,0,0,-66000,0,0,0,23000,89000,-66000,-66000
2114,鑫永銓          ,1000,2000,-1000,0,0,0,0,0,0,-65000,0,65000,-65000,0,0,0,-66000
06922P,元上證群益9C售01,0,0,0,0,0,0,0,0,0,-67000,0,0,0,0,67000,-67000,-67000
059181,世紀鋼元富9C購01,0,0,0,0,0,0,0,0,0,-67000,0,0,0,57000,124000,-67000,-67000
058786,元黃金元大99購01,0,0,0,0,0,0,0,0,0,-67000,0,0,0,53000,120000,-67000,-67000
03191P,國巨國泰03售02  ,0,0,0,0,0,0,0,0,0,-67000,0,0,0,143000,210000,-67000,-67000
03060P,微星凱基01售01  ,0,0,0,0,0,0,0,0,0,-67000,0,0,0,18000,85000,-67000,-67000
062504,旭富群益9B購02  ,0,0,0,0,0,0,0,0,0,-67000,0,0,0,0,67000,-67000,-67000
063597,健策中信9B購02  ,0,0,0,0,0,0,0,0,0,-67000,0,0,0,45000,112000,-67000,-67000
066566,康控元大01購01  ,0,0,0,0,0,0,0,0,0,-67000,0,0,0,105000,172000,-67000,-67000
08979P,電子類群益01售01,0,0,0,0,0,0,0,0,0,-67000,0,0,0,8000,75000,-67000,-67000
069320,華新科兆豐03購01,0,0,0,0,0,0,0,0,0,-68000,0,0,0,51000,119000,-68000,-68000
069692,大立光統一03購05,0,0,0,0,0,0,0,0,0,-68000,0,0,0,0,68000,-68000,-68000
069038,聯鈞統一02購02  ,0,0,0,0,0,0,0,0,0,-68000,0,0,0,46000,114000,-68000,-68000
060107,旭富元大99購03  ,0,0,0,0,0,0,0,0,0,-68000,0,0,0,20000,88000,-68000,-68000
059292,華新科元富9B購02,0,0,0,0,0,0,0,0,0,-68000,0,0,0,98000,166000,-68000,-68000
063421,可成凱基9C購02  ,0,0,0,0,0,0,0,0,0,-68000,0,0,0,0,68000,-68000,-68000
059058,可成凱基9B購01  ,0,0,0,0,0,0,0,0,0,-68000,0,0,0,0,68000,-68000,-68000
060550,可成凱基9A購02  ,0,0,0,0,0,0,0,0,0,-68000,0,0,0,0,68000,-68000,-68000
063598,國巨凱基9B購14  ,0,0,0,0,0,0,0,0,0,-68000,0,0,0,21000,89000,-68000,-68000
062467,國巨凱基9B購08  ,0,0,0,0,0,0,0,0,0,-68000,0,0,0,4000,72000,-68000,-68000
062357,國巨元大9B購11  ,0,0,0,0,0,0,0,0,0,-68000,0,0,0,0,68000,-68000,-68000
061834,華新科凱基02購02,0,0,0,0,0,0,0,0,0,-68000,0,0,0,1000,69000,-68000,-68000
065006,景碩國票01購01  ,0,0,0,0,0,0,0,0,0,-68000,0,0,0,132000,200000,-68000,-68000
065033,和碩兆豐9C購01  ,0,0,0,0,0,0,0,0,0,-68000,0,0,0,26000,94000,-68000,-68000
066589,英業達群益01購01,0,0,0,0,0,0,0,0,0,-68000,0,0,0,33000,101000,-68000,-68000
067102,聯發科群益01購03,0,0,0,0,0,0,0,0,0,-68000,0,0,0,26000,94000,-68000,-68000
067664,台船元大01購01  ,0,0,0,0,0,0,0,0,0,-68000,0,0,0,248000,316000,-68000,-68000
065881,京元電台新9C購01,0,0,0,0,0,0,0,0,0,-68000,0,0,0,8000,76000,-68000,-68000
065666,旺宏凱基9C購03  ,0,0,0,0,0,0,0,0,0,-68000,0,0,0,2000,70000,-68000,-68000
1903,士紙            ,130000,198000,-68000,0,0,0,0,0,0,0,0,0,0,0,0,0,-68000
068548,台積電群益01購22,0,0,0,0,0,0,0,0,0,-69000,0,0,0,18000,87000,-69000,-69000
067875,百和元大01購01  ,0,0,0,0,0,0,0,0,0,-69000,0,0,0,169000,238000,-69000,-69000
068208,彩晶凱基02購01  ,0,0,0,0,0,0,0,0,0,-69000,0,0,0,573000,642000,-69000,-69000
069289,玉晶光國泰08購02,0,0,0,0,0,0,0,0,0,-69000,0,0,0,28000,97000,-69000,-69000
061499,嘉晶國票9A購03  ,0,0,0,0,0,0,0,0,0,-69000,0,0,0,0,69000,-69000,-69000
062063,世紀鋼統一9C購01,0,0,0,0,0,0,0,0,0,-69000,0,0,0,95000,164000,-69000,-69000
064160,新日興統一01購03,0,0,0,0,0,0,0,0,0,-69000,0,0,0,10000,79000,-69000,-69000
064180,國巨富邦02購03  ,0,0,0,0,0,0,0,0,0,-69000,0,0,0,6000,75000,-69000,-69000
065934,智邦群益01購02  ,0,0,0,0,0,0,0,0,0,-69000,0,0,0,87000,156000,-69000,-69000
3563,牧德            ,106000,129000,-23000,0,0,0,0,0,0,-46000,2000,58000,-56000,33000,23000,10000,-69000
069302,道瓊銀凱基05購02,0,0,0,0,0,0,0,0,0,-70000,0,0,0,0,70000,-70000,-70000
069656,彩晶凱基03購01  ,0,0,0,0,0,0,0,0,0,-70000,0,0,0,24000,94000,-70000,-70000
069743,華碩永豐02購01  ,0,0,0,0,0,0,0,0,0,-70000,0,0,0,31000,101000,-70000,-70000
07391P,台灣50國泰02售01,0,0,0,0,0,0,0,0,0,-70000,0,0,0,0,70000,-70000,-70000
08067P,大立光凱基9B售08,0,0,0,0,0,0,0,0,0,-70000,0,0,0,0,70000,-70000,-70000
08084P,台表科元大9B售06,0,0,0,0,0,0,0,0,0,-70000,0,0,0,0,70000,-70000,-70000
068584,帆宣永豐01購03  ,0,0,0,0,0,0,0,0,0,-70000,0,0,0,0,70000,-70000,-70000
068625,信邦群益02購02  ,0,0,0,0,0,0,0,0,0,-70000,0,0,0,0,70000,-70000,-70000
068937,TPK永豐02購01   ,0,0,0,0,0,0,0,0,0,-70000,0,0,0,34000,104000,-70000,-70000
060673,旺宏元大9A購04  ,0,0,0,0,0,0,0,0,0,-70000,0,0,0,0,70000,-70000,-70000
059021,台積電統一9B購07,0,0,0,0,0,0,0,0,0,-70000,0,0,0,0,70000,-70000,-70000
058891,元油2X元大9C購07,0,0,0,0,0,0,0,0,0,-70000,0,0,0,0,70000,-70000,-70000
059248,華新科凱基99購04,0,0,0,0,0,0,0,0,0,-70000,0,0,0,5000,75000,-70000,-70000
059532,華新科凱基9B購03,0,0,0,0,0,0,0,0,0,-70000,0,0,0,6000,76000,-70000,-70000
061047,大立光第一9A購01,0,0,0,0,0,0,0,0,0,-70000,0,0,0,0,70000,-70000,-70000
062046,矽格凱基9B購01  ,0,0,0,0,0,0,0,0,0,-70000,0,0,0,123000,193000,-70000,-70000
062026,華邦電群益9B購01,0,0,0,0,0,0,0,0,0,-70000,0,0,0,0,70000,-70000,-70000
062309,燿華凱基9B購01  ,0,0,0,0,0,0,0,0,0,-70000,0,0,0,0,70000,-70000,-70000
062717,華邦電凱基9C購01,0,0,0,0,0,0,0,0,0,-70000,0,0,0,0,70000,-70000,-70000
062548,智易永豐9B購01  ,0,0,0,0,0,0,0,0,0,-70000,0,0,0,0,70000,-70000,-70000
061400,可成兆豐9B購02  ,0,0,0,0,0,0,0,0,0,-70000,0,0,0,0,70000,-70000,-70000
063951,新日興元大9C購01,0,0,0,0,0,0,0,0,0,-70000,0,0,0,0,70000,-70000,-70000
062937,旺宏凱基9B購08  ,0,0,0,0,0,0,0,0,0,-70000,0,0,0,0,70000,-70000,-70000
064750,緯穎麥證9C購01  ,0,0,0,0,70000,-70000,0,0,0,-70000,0,0,0,0,70000,-70000,-70000
061048,國巨中信9A購05  ,0,0,0,0,0,0,0,0,0,-70000,0,0,0,0,70000,-70000,-70000
066227,惠特國泰03購02  ,0,0,0,0,0,0,0,0,0,-70000,0,0,0,560000,630000,-70000,-70000
066337,聯陽永豐01購02  ,0,0,0,0,0,0,0,0,0,-70000,0,0,0,5000,75000,-70000,-70000
065430,可成凱基02購03  ,0,0,0,0,0,0,0,0,0,-70000,0,0,0,0,70000,-70000,-70000
067485,緯創元大01購01  ,0,0,0,0,0,0,0,0,0,-70000,0,0,0,0,70000,-70000,-70000
067419,鴻海凱基02購06  ,0,0,0,0,0,0,0,0,0,-70000,0,0,0,0,70000,-70000,-70000
067431,新光金凱基01購01,0,0,0,0,0,0,0,0,0,-70000,0,0,0,30000,100000,-70000,-70000
067330,台達電凱基02購01,0,0,0,0,0,0,0,0,0,-70000,0,0,0,0,70000,-70000,-70000
4108,懷特            ,97000,176000,-79000,0,0,0,0,0,0,9000,9000,0,9000,0,0,0,-70000
067801,台達電凱基01購03,0,0,0,0,0,0,0,0,0,-71000,0,0,0,5000,76000,-71000,-71000
08158P,嘉澤元富9B售03  ,0,0,0,0,0,0,0,0,0,-71000,0,0,0,2000,73000,-71000,-71000
069237,南電康和02購01  ,0,0,0,0,0,0,0,0,0,-71000,0,0,0,932000,1003000,-71000,-71000
059797,大立光國票99購01,0,0,0,0,0,0,0,0,0,-71000,0,0,0,22000,93000,-71000,-71000
059194,元金2X永豐99購01,0,0,0,0,0,0,0,0,0,-71000,0,0,0,20000,91000,-71000,-71000
059067,上銀國票9A購02  ,0,0,0,0,0,0,0,0,0,-71000,0,0,0,0,71000,-71000,-71000
057948,嘉聯益國票99購02,0,0,0,0,0,0,0,0,0,-71000,0,0,0,30000,101000,-71000,-71000
060381,元黃金凱基9A購01,0,0,0,0,0,0,0,0,0,-71000,0,0,0,2000,73000,-71000,-71000
03110P,聯發科元大01售26,0,0,0,0,0,0,0,0,0,-71000,0,0,0,696000,767000,-71000,-71000
064920,景碩統一01購02  ,0,0,0,0,0,0,0,0,0,-71000,0,0,0,0,71000,-71000,-71000
066448,眾達群益01購01  ,0,0,0,0,0,0,0,0,0,-71000,0,0,0,152000,223000,-71000,-71000
2360,致茂            ,287000,364000,-77000,0,0,0,0,1000,-1000,7000,28000,10000,18000,10000,21000,-11000,-71000
2939,凱羿-KY         ,36000,108000,-72000,0,0,0,0,0,0,1000,1000,0,1000,0,0,0,-71000
08732P,臺股指麥證01售04,0,0,0,0,71000,-71000,0,0,0,-71000,0,0,0,0,71000,-71000,-71000
9910,豐泰            ,595849,959018,-363169,0,0,0,233000,0,233000,58200,54000,0,54000,5000,800,4200,-71969
067892,玉晶光群益02購06,0,0,0,0,0,0,0,0,0,-72000,0,0,0,43000,115000,-72000,-72000
068389,美律統一03購03  ,0,0,0,0,0,0,0,0,0,-72000,0,0,0,0,72000,-72000,-72000
068921,奇鋐元富08購01  ,0,0,0,0,0,0,0,0,0,-72000,0,0,0,400000,472000,-72000,-72000
068563,宏碁元大01購05  ,0,0,0,0,0,0,0,0,0,-72000,0,0,0,309000,381000,-72000,-72000
060337,FBVIX統一9A購01 ,0,0,0,0,0,0,0,0,0,-72000,0,0,0,0,72000,-72000,-72000
063445,金像電統一9B購01,0,0,0,0,0,0,0,0,0,-72000,0,0,0,8000,80000,-72000,-72000
064808,國產元大9C購02  ,0,0,0,0,0,0,0,0,0,-72000,0,0,0,13000,85000,-72000,-72000
062628,廣達國票9B購01  ,0,0,0,0,0,0,0,0,0,-72000,0,0,0,328000,400000,-72000,-72000
062155,國巨凱基9C購03  ,0,0,0,0,0,0,0,0,0,-72000,0,0,0,20000,92000,-72000,-72000
063600,燿華凱基9B購04  ,0,0,0,0,0,0,0,0,0,-72000,0,0,0,3000,75000,-72000,-72000
066214,惠特統一03購02  ,0,0,0,0,0,0,0,0,0,-72000,0,0,0,63000,135000,-72000,-72000
065878,麗豐群益02購01  ,0,0,0,0,0,0,0,0,0,-72000,0,0,0,0,72000,-72000,-72000
066037,華通元大01購03  ,0,0,0,0,0,0,0,0,0,-72000,0,0,0,14000,86000,-72000,-72000
067541,華擎群益01購06  ,0,0,0,0,0,0,0,0,0,-72000,0,0,0,296000,368000,-72000,-72000
067676,大立光元大01購12,0,0,0,0,0,0,0,0,0,-72000,0,0,0,28000,100000,-72000,-72000
066767,敦泰永豐01購02  ,0,0,0,0,0,0,0,0,0,-72000,0,0,0,0,72000,-72000,-72000
08932P,矽格元富01售01  ,0,0,0,0,0,0,0,0,0,-72000,0,0,0,20000,92000,-72000,-72000
2390,云辰            ,175000,258000,-83000,0,0,0,0,0,0,11000,26000,15000,11000,0,0,0,-72000
069388,松翰元大02購01  ,0,0,0,0,0,0,0,0,0,-73000,0,0,0,209000,282000,-73000,-73000
059253,康控凱基9B購02  ,0,0,0,0,0,0,0,0,0,-73000,0,0,0,21000,94000,-73000,-73000
063539,世紀鋼統一9B購02,0,0,0,0,0,0,0,0,0,-73000,0,0,0,139000,212000,-73000,-73000
064129,新日興元大9C購02,0,0,0,0,0,0,0,0,0,-73000,0,0,0,10000,83000,-73000,-73000
064412,緯穎凱基01購01  ,0,0,0,0,0,0,0,0,0,-73000,0,0,0,0,73000,-73000,-73000
067029,台表科兆豐03購01,0,0,0,0,0,0,0,0,0,-73000,0,0,0,72000,145000,-73000,-73000
066955,新日興元大01購01,0,0,0,0,0,0,0,0,0,-73000,0,0,0,0,73000,-73000,-73000
067769,國巨統一02購04  ,0,0,0,0,0,0,0,0,0,-73000,0,0,0,13000,86000,-73000,-73000
067186,晶豪科凱基01購02,0,0,0,0,0,0,0,0,0,-73000,0,0,0,87000,160000,-73000,-73000
069576,緯穎凱基02購03  ,0,0,0,0,0,0,0,0,0,-74000,0,0,0,0,74000,-74000,-74000
07634P,金像電元大9A售01,0,0,0,0,0,0,0,0,0,-74000,0,0,0,70000,144000,-74000,-74000
060596,元黃金凱基9A購02,0,0,0,0,0,0,0,0,0,-74000,0,0,0,13000,87000,-74000,-74000
03320P,台達電凱基02售02,0,0,0,0,0,0,0,0,0,-74000,0,0,0,32000,106000,-74000,-74000
063740,矽格元大9B購03  ,0,0,0,0,0,0,0,0,0,-74000,0,0,0,168000,242000,-74000,-74000
061391,晶技群益9A購02  ,0,0,0,0,0,0,0,0,0,-74000,0,0,0,11000,85000,-74000,-74000
067594,國巨凱基01購06  ,0,0,0,0,0,0,0,0,0,-74000,0,0,0,23000,97000,-74000,-74000
069824,百和統一04購01  ,0,0,0,0,0,0,0,0,0,-75000,0,0,0,9000,84000,-75000,-75000
069611,南電國票03購03  ,0,0,0,0,0,0,0,0,0,-75000,0,0,0,0,75000,-75000,-75000
069181,上銀麥證02購01  ,0,0,0,31000,106000,-75000,0,0,0,-75000,0,0,0,31000,106000,-75000,-75000
060889,國泰金統一9C購01,0,0,0,0,0,0,0,0,0,-75000,0,0,0,0,75000,-75000,-75000
062924,世紀鋼元大9C購04,0,0,0,0,0,0,0,0,0,-75000,0,0,0,75000,150000,-75000,-75000
063026,南六元大9B購04  ,0,0,0,0,0,0,0,0,0,-75000,0,0,0,59000,134000,-75000,-75000
064985,台表科元大9C購09,0,0,0,0,0,0,0,0,0,-75000,0,0,0,265000,340000,-75000,-75000
064937,英業達元富9C購01,0,0,0,0,0,0,0,0,0,-75000,0,0,0,75000,150000,-75000,-75000
063479,南六元大9B購06  ,0,0,0,0,0,0,0,0,0,-75000,0,0,0,44000,119000,-75000,-75000
063611,儒鴻群益9B購03  ,0,0,0,0,0,0,0,0,0,-75000,0,0,0,30000,105000,-75000,-75000
062327,燿華統一9B購02  ,0,0,0,0,0,0,0,0,0,-75000,0,0,0,50000,125000,-75000,-75000
067693,滬深2X中信04購02,0,0,0,0,0,0,0,0,0,-75000,0,0,0,25000,100000,-75000,-75000
065094,新日興元大9C購04,0,0,0,0,0,0,0,0,0,-75000,0,0,0,69000,144000,-75000,-75000
065548,台達電凱基01購02,0,0,0,0,0,0,0,0,0,-75000,0,0,0,1000,76000,-75000,-75000
069136,台積電永豐02購03,0,0,0,0,0,0,0,0,0,-76000,0,0,0,0,76000,-76000,-76000
069588,長興國票02購01  ,0,0,0,0,0,0,0,0,0,-76000,0,0,0,0,76000,-76000,-76000
068702,台達電國票03購01,0,0,0,0,0,0,0,0,0,-76000,0,0,0,0,76000,-76000,-76000
067784,富邦金群益02購01,0,0,0,0,0,0,0,0,0,-76000,0,0,0,4000,80000,-76000,-76000
03316P,欣興群益02售02  ,0,0,0,0,0,0,0,0,0,-76000,0,0,0,91000,167000,-76000,-76000
062227,南六統一01購02  ,0,0,0,0,0,0,0,0,0,-76000,0,0,0,5000,81000,-76000,-76000
062075,智邦元大9B購03  ,0,0,0,0,0,0,0,0,0,-76000,0,0,0,18000,94000,-76000,-76000
064431,台積電凱基01購05,0,0,0,0,0,0,0,0,0,-76000,0,0,0,0,76000,-76000,-76000
062827,神基群益9B購01  ,0,0,0,0,0,0,0,0,0,-76000,0,0,0,130000,206000,-76000,-76000
063659,世紀鋼元富9B購01,0,0,0,0,0,0,0,0,0,-76000,0,0,0,18000,94000,-76000,-76000
064220,力山國票01購01  ,0,0,0,0,0,0,0,0,0,-76000,0,0,0,0,76000,-76000,-76000
063838,上銀元大9C購01  ,0,0,0,0,0,0,0,0,0,-76000,0,0,0,220000,296000,-76000,-76000
063967,華新科國票01購01,0,0,0,0,0,0,0,0,0,-76000,0,0,0,53000,129000,-76000,-76000
065527,巨大群益9C購03  ,0,0,0,0,0,0,0,0,0,-76000,0,0,0,189000,265000,-76000,-76000
065636,台表科國票01購03,0,0,0,0,0,0,0,0,0,-76000,0,0,0,65000,141000,-76000,-76000
08787P,滬深2X元富01售06,0,0,0,0,0,0,0,0,0,-76000,0,0,0,8000,84000,-76000,-76000
068028,國巨元富07購12  ,0,0,0,0,0,0,0,0,0,-77000,0,0,0,5000,82000,-77000,-77000
068568,聯詠元大01購10  ,0,0,0,0,0,0,0,0,0,-77000,0,0,0,112000,189000,-77000,-77000
069336,華碩群益02購01  ,0,0,0,0,0,0,0,0,0,-77000,0,0,0,14000,91000,-77000,-77000
059284,緯穎永豐99購03  ,0,0,0,0,0,0,0,0,0,-77000,0,0,0,0,77000,-77000,-77000
063970,大立光國票01購01,0,0,0,0,0,0,0,0,0,-77000,0,0,0,0,77000,-77000,-77000
064804,英業達元大9C購01,0,0,0,0,0,0,0,0,0,-77000,0,0,0,75000,152000,-77000,-77000
065757,新日興元大9C購06,0,0,0,0,0,0,0,0,0,-77000,0,0,0,30000,107000,-77000,-77000
065746,光寶科元大9C購01,0,0,0,0,0,0,0,0,0,-77000,0,0,0,53000,130000,-77000,-77000
065539,瑞儀統一01購01  ,0,0,0,0,0,0,0,0,0,-77000,0,0,0,83000,160000,-77000,-77000
065966,國巨元大01購06  ,0,0,0,0,0,0,0,0,0,-77000,0,0,0,35000,112000,-77000,-77000
066659,燿華凱基03購01  ,0,0,0,0,0,0,0,0,0,-77000,0,0,0,10000,87000,-77000,-77000
6698,旭暉應材        ,15000,15000,0,0,0,0,0,7000,-7000,-70000,0,70000,-70000,0,0,0,-77000
069316,康舒凱基02購01  ,0,0,0,0,0,0,0,0,0,-78000,0,0,0,60000,138000,-78000,-78000
067812,國泰金凱基01購01,0,0,0,0,0,0,0,0,0,-78000,0,0,0,0,78000,-78000,-78000
068239,道瓊銀元大01購04,0,0,0,0,0,0,0,0,0,-78000,0,0,0,0,78000,-78000,-78000
059580,大立光元富99購07,0,0,0,0,0,0,0,0,0,-78000,0,0,0,3000,81000,-78000,-78000
057589,超眾國票9A購01  ,0,0,0,0,0,0,0,0,0,-78000,0,0,0,3000,81000,-78000,-78000
060874,中鋼中信02購01  ,0,0,0,0,0,0,0,0,0,-78000,0,0,0,22000,100000,-78000,-78000
064817,鈺齊元大9C購02  ,0,0,0,0,0,0,0,0,0,-78000,0,0,0,34000,112000,-78000,-78000
063949,大立光元大9C購10,0,0,0,0,0,0,0,0,0,-78000,0,0,0,0,78000,-78000,-78000
061190,力山永豐9A購02  ,0,0,0,0,0,0,0,0,0,-78000,0,0,0,0,78000,-78000,-78000
067563,上緯控國票02購01,0,0,0,0,0,0,0,0,0,-78000,0,0,0,23000,101000,-78000,-78000
065941,超眾群益02購01  ,0,0,0,0,0,0,0,0,0,-78000,0,0,0,54000,132000,-78000,-78000
065803,大立光群益01購03,0,0,0,0,0,0,0,0,0,-78000,0,0,0,5000,83000,-78000,-78000
065719,T50反1兆豐9C購01,0,0,0,0,0,0,0,0,0,-78000,0,0,0,0,78000,-78000,-78000
1434,福懋            ,1087700,941000,146700,0,0,0,0,0,0,-225000,2000,0,2000,0,227000,-227000,-78300
068130,美律統一03購02  ,0,0,0,0,0,0,0,0,0,-79000,0,0,0,129000,208000,-79000,-79000
068325,宏碁元大01購04  ,0,0,0,0,0,0,0,0,0,-79000,0,0,0,286000,365000,-79000,-79000
03277P,聯發科中信04售03,0,0,0,0,0,0,0,0,0,-79000,0,0,0,5000,84000,-79000,-79000
067610,上緯控凱基02購01,0,0,0,0,0,0,0,0,0,-79000,0,0,0,16000,95000,-79000,-79000
067643,台郡統一03購01  ,0,0,0,0,0,0,0,0,0,-79000,0,0,0,1000,80000,-79000,-79000
067653,可成元富07購03  ,0,0,0,0,0,0,0,0,0,-79000,0,0,0,0,79000,-79000,-79000
066474,微星麥證01購01  ,0,0,0,0,79000,-79000,0,0,0,-79000,0,0,0,0,79000,-79000,-79000
3321,同泰            ,64000,143000,-79000,0,0,0,0,0,0,0,0,0,0,0,0,0,-79000
068368,國巨富邦04購01  ,0,0,0,0,0,0,0,0,0,-80000,0,0,0,0,80000,-80000,-80000
068171,T50反1中信05購02,0,0,0,0,0,0,0,0,0,-80000,0,0,0,20000,100000,-80000,-80000
068179,致茂群益02購01  ,0,0,0,0,0,0,0,0,0,-80000,0,0,0,0,80000,-80000,-80000
067775,GIS統一02購04   ,0,0,0,0,0,0,0,0,0,-80000,0,0,0,176000,256000,-80000,-80000
067822,同欣電凱基01購02,0,0,0,0,0,0,0,0,0,-80000,0,0,0,80000,160000,-80000,-80000
068581,台積電永豐01購05,0,0,0,0,0,0,0,0,0,-80000,0,0,0,638000,718000,-80000,-80000
069374,長興元大02購01  ,0,0,0,0,0,0,0,0,0,-80000,0,0,0,38000,118000,-80000,-80000
069641,聯電中信02購01  ,0,0,0,0,0,0,0,0,0,-80000,0,0,0,48000,128000,-80000,-80000
069687,玉晶光元大02購09,0,0,0,0,0,0,0,0,0,-80000,0,0,0,46000,126000,-80000,-80000
069835,高股息台新02購01,0,0,0,0,0,0,0,0,0,-80000,0,0,0,0,80000,-80000,-80000
07800P,華新科國泰9B售04,0,0,0,0,0,0,0,0,0,-80000,0,0,0,20000,100000,-80000,-80000
08346P,大立光元大9C售15,0,0,0,0,0,0,0,0,0,-80000,0,0,0,1000,81000,-80000,-80000
060788,嘉晶富邦9B購01  ,0,0,0,0,0,0,0,0,0,-80000,0,0,0,0,80000,-80000,-80000
057041,國巨元大99購04  ,0,0,0,0,0,0,0,0,0,-80000,0,0,0,0,80000,-80000,-80000
055259,玉晶光統一9A購01,0,0,0,0,0,0,0,0,0,-80000,0,0,0,0,80000,-80000,-80000
03691C,T50反1元大01牛05,0,0,0,0,0,0,0,0,0,-80000,0,0,0,0,80000,-80000,-80000
063440,上銀統一01購02  ,0,0,0,0,0,0,0,0,0,-80000,0,0,0,11000,91000,-80000,-80000
063607,中租凱基9B購02  ,0,0,0,0,0,0,0,0,0,-80000,0,0,0,8000,88000,-80000,-80000
063684,上銀永豐9B購02  ,0,0,0,0,0,0,0,0,0,-80000,0,0,0,52000,132000,-80000,-80000
062473,同欣電凱基9B購01,0,0,0,0,0,0,0,0,0,-80000,0,0,0,24000,104000,-80000,-80000
062543,華通富邦9C購01  ,0,0,0,0,0,0,0,0,0,-80000,0,0,0,20000,100000,-80000,-80000
066485,台光電元富01購01,0,0,0,0,0,0,0,0,0,-80000,0,0,0,0,80000,-80000,-80000
066898,聯發科康和01購01,0,0,0,0,0,0,0,0,0,-80000,0,0,0,75000,155000,-80000,-80000
067058,滬深2X元大01購10,0,0,0,0,0,0,0,0,0,-80000,0,0,0,0,80000,-80000,-80000
067665,台達電元大01購04,0,0,0,0,0,0,0,0,0,-80000,0,0,0,24000,104000,-80000,-80000
067683,上緯控元大01購03,0,0,0,0,0,0,0,0,0,-80000,0,0,0,35000,115000,-80000,-80000
067173,京鼎兆豐01購01  ,0,0,0,0,0,0,0,0,0,-80000,0,0,0,17000,97000,-80000,-80000
065626,華新科兆豐9C購02,0,0,0,0,0,0,0,0,0,-80000,0,0,0,0,80000,-80000,-80000
066124,台化群益01購01  ,0,0,0,0,0,0,0,0,0,-80000,0,0,0,242000,322000,-80000,-80000
08801P,聯發科元大01售13,0,0,0,0,0,0,0,0,0,-80000,0,0,0,100000,180000,-80000,-80000
08169P,台光電群益9B售04,0,0,0,0,0,0,0,0,0,-81000,0,0,0,8000,89000,-81000,-81000
069751,華碩中信03購01  ,0,0,0,0,0,0,0,0,0,-81000,0,0,0,29000,110000,-81000,-81000
069008,大立光兆豐03購01,0,0,0,0,0,0,0,0,0,-81000,0,0,0,32000,113000,-81000,-81000
067950,元金2X永豐01購02,0,0,0,0,0,0,0,0,0,-81000,0,0,0,0,81000,-81000,-81000
064368,日月光統一01購01,0,0,0,0,0,0,0,0,0,-81000,0,0,0,10000,91000,-81000,-81000
03459B,臺股指元大9C熊38,0,0,0,0,0,0,0,0,0,-81000,0,0,0,303000,384000,-81000,-81000
062192,南六元大9B購01  ,0,0,0,0,0,0,0,0,0,-81000,0,0,0,22000,103000,-81000,-81000
063981,貿聯兆豐9C購01  ,0,0,0,0,0,0,0,0,0,-81000,0,0,0,20000,101000,-81000,-81000
061852,大立光國票9B購02,0,0,0,0,0,0,0,0,0,-81000,0,0,0,21000,102000,-81000,-81000
065458,立積元富03購02  ,0,0,0,0,0,0,0,0,0,-81000,0,0,0,31000,112000,-81000,-81000
067150,聯發科統一02購05,0,0,0,0,0,0,0,0,0,-81000,0,0,0,103000,184000,-81000,-81000
067528,聚陽群益01購01  ,0,0,0,0,0,0,0,0,0,-81000,0,0,0,172000,253000,-81000,-81000
067016,康控富邦04購01  ,0,0,0,0,0,0,0,0,0,-81000,0,0,0,20000,101000,-81000,-81000
3653,健策            ,339000,314000,25000,0,0,0,132000,0,132000,-238000,23000,16000,7000,20000,265000,-245000,-81000
6531,愛普            ,404000,481000,-77000,0,0,0,0,0,0,-4000,5000,9000,-4000,0,0,0,-81000
068547,台積電群益01購21,0,0,0,0,0,0,0,0,0,-82000,0,0,0,44000,126000,-82000,-82000
069375,聯電元大02購09  ,0,0,0,0,0,0,0,0,0,-82000,0,0,0,211000,293000,-82000,-82000
03093P,台灣50凱基04售10,0,0,0,0,0,0,0,0,0,-82000,0,0,0,0,82000,-82000,-82000
061795,智邦永豐9B購01  ,0,0,0,0,0,0,0,0,0,-82000,0,0,0,0,82000,-82000,-82000
064568,聯鈞群益9C購01  ,0,0,0,0,0,0,0,0,0,-82000,0,0,0,32000,114000,-82000,-82000
063038,富邦金凱基9B購02,0,0,0,0,0,0,0,0,0,-82000,0,0,0,7000,89000,-82000,-82000
066926,聚陽國票02購01  ,0,0,0,0,0,0,0,0,0,-82000,0,0,0,14000,96000,-82000,-82000
067455,T50反1國泰03購01,0,0,0,0,0,0,0,0,0,-82000,0,0,0,80000,162000,-82000,-82000
065689,群創元富9C購04  ,0,0,0,0,0,0,0,0,0,-82000,0,0,0,68000,150000,-82000,-82000
066313,泰豐永豐01購01  ,0,0,0,0,0,0,0,0,0,-82000,0,0,0,0,82000,-82000,-82000
08969P,臺股指元大01售12,0,0,0,0,0,0,0,0,0,-82000,0,0,0,0,82000,-82000,-82000
063437,聚陽統一01購01  ,0,0,0,0,0,0,0,0,0,-83000,0,0,0,30000,113000,-83000,-83000
058972,新日興永豐9A購01,0,0,0,0,0,0,0,0,0,-83000,0,0,0,20000,103000,-83000,-83000
061634,遠東新元大9A購01,0,0,0,0,0,0,0,0,0,-83000,0,0,0,30000,113000,-83000,-83000
064765,緯穎凱基9C購02  ,0,0,0,0,0,0,0,0,0,-83000,0,0,0,0,83000,-83000,-83000
063871,瀚宇博永豐9C購01,0,0,0,0,0,0,0,0,0,-83000,0,0,0,207000,290000,-83000,-83000
066301,大成永豐01購01  ,0,0,0,0,0,0,0,0,0,-83000,0,0,0,222000,305000,-83000,-83000
066429,矽格元大01購01  ,0,0,0,0,0,0,0,0,0,-83000,0,0,0,225000,308000,-83000,-83000
066133,京元電群益01購01,0,0,0,0,0,0,0,0,0,-83000,0,0,0,30000,113000,-83000,-83000
8249,菱光            ,45000,130000,-85000,0,0,0,0,0,0,2000,2000,0,2000,0,0,0,-83000
069377,華碩元大02購02  ,0,0,0,0,0,0,0,0,0,-84000,0,0,0,147000,231000,-84000,-84000
068701,道瓊銀國票02購01,0,0,0,0,0,0,0,0,0,-84000,0,0,0,25000,109000,-84000,-84000
069023,台積電國票03購07,0,0,0,0,0,0,0,0,0,-84000,0,0,0,0,84000,-84000,-84000
058985,可成凱基99購03  ,0,0,0,0,0,0,0,0,0,-84000,0,0,0,0,84000,-84000,-84000
058714,美律統一9B購01  ,0,0,0,0,0,0,0,0,0,-84000,0,0,0,28000,112000,-84000,-84000
065735,矽格凱基01購02  ,0,0,0,0,0,0,0,0,0,-84000,0,0,0,8000,92000,-84000,-84000
066812,志超凱基01購01  ,0,0,0,0,0,0,0,0,0,-84000,0,0,0,550000,634000,-84000,-84000
067071,燿華元大01購02  ,0,0,0,0,0,0,0,0,0,-84000,0,0,0,117000,201000,-84000,-84000
1466,聚隆            ,80000,166000,-86000,0,0,0,0,0,0,2000,4000,2000,2000,0,0,0,-84000
3027,盛達            ,604000,688000,-84000,0,0,0,0,0,0,0,0,0,0,0,0,0,-84000
08347P,大立光元大9C售16,0,0,0,0,0,0,0,0,0,-85000,0,0,0,0,85000,-85000,-85000
058553,合勤控永豐99購01,0,0,0,0,0,0,0,0,0,-85000,0,0,0,0,85000,-85000,-85000
057662,上銀元大9A購01  ,0,0,0,0,0,0,0,0,0,-85000,0,0,0,90000,175000,-85000,-85000
03417P,瑞昱群益04售01  ,0,0,0,0,0,0,0,0,0,-85000,0,0,0,15000,100000,-85000,-85000
055063,玉晶光永豐99購01,0,0,0,0,0,0,0,0,0,-85000,0,0,0,12000,97000,-85000,-85000
060212,華航康和9A購01  ,0,0,0,0,0,0,0,0,0,-85000,0,0,0,126000,211000,-85000,-85000
063859,國巨國泰01購03  ,0,0,0,0,0,0,0,0,0,-85000,0,0,0,48000,133000,-85000,-85000
062564,矽創凱基9B購01  ,0,0,0,0,0,0,0,0,0,-85000,0,0,0,70000,155000,-85000,-85000
064973,智邦元大9C購06  ,0,0,0,0,0,0,0,0,0,-85000,0,0,0,190000,275000,-85000,-85000
062910,亞光元大9B購01  ,0,0,0,0,0,0,0,0,0,-85000,0,0,0,116000,201000,-85000,-85000
065741,聯發科麥證9C購06,0,0,0,10000,95000,-85000,0,0,0,-85000,0,0,0,10000,95000,-85000,-85000
066177,上緯控凱基01購01,0,0,0,0,0,0,0,0,0,-85000,0,0,0,0,85000,-85000,-85000
08719P,華通元大01售04  ,0,0,0,0,0,0,0,0,0,-85000,0,0,0,25000,110000,-85000,-85000
067852,大毅國票02購01  ,0,0,0,0,0,0,0,0,0,-86000,0,0,0,18000,104000,-86000,-86000
068151,瑞昱元大01購05  ,0,0,0,0,0,0,0,0,0,-86000,0,0,0,117000,203000,-86000,-86000
00753L,中信中國50正2   ,0,26000,-26000,0,0,0,0,0,0,-60000,0,0,0,418000,478000,-60000,-86000
058149,百和元大99購02  ,0,0,0,0,0,0,0,0,0,-86000,0,0,0,15000,101000,-86000,-86000
063342,台光電統一9B購02,0,0,0,0,0,0,0,0,0,-86000,0,0,0,14000,100000,-86000,-86000
063397,廣達群益9B購02  ,0,0,0,0,0,0,0,0,0,-86000,0,0,0,93000,179000,-86000,-86000
064287,日月光元大9C購01,0,0,0,0,0,0,0,0,0,-86000,0,0,0,10000,96000,-86000,-86000
066220,矽格台新01購01  ,0,0,0,0,0,0,0,0,0,-86000,0,0,0,26000,112000,-86000,-86000
066352,晶碩永豐01購01  ,0,0,0,0,0,0,0,0,0,-86000,0,0,0,76000,162000,-86000,-86000
066736,京鼎元大01購02  ,0,0,0,0,0,0,0,0,0,-86000,0,0,0,79000,165000,-86000,-86000
08643P,和碩群益9C售02  ,0,0,0,0,0,0,0,0,0,-86000,0,0,0,72000,158000,-86000,-86000
068296,緯穎康和01購01  ,0,0,0,0,0,0,0,0,0,-87000,0,0,0,4000,91000,-87000,-87000
067889,大毅群益01購03  ,0,0,0,0,0,0,0,0,0,-87000,0,0,0,63000,150000,-87000,-87000
068622,技嘉群益03購01  ,0,0,0,0,0,0,0,0,0,-87000,0,0,0,145000,232000,-87000,-87000
08341P,國泰金台新9C售01,0,0,0,0,0,0,0,0,0,-87000,0,0,0,6000,93000,-87000,-87000
03499P,南電凱基02售07  ,0,0,0,0,0,0,0,0,0,-87000,0,0,0,0,87000,-87000,-87000
064745,聯鈞國票01購01  ,0,0,0,0,0,0,0,0,0,-87000,0,0,0,13000,100000,-87000,-87000
064712,聚陽統一02購03  ,0,0,0,0,0,0,0,0,0,-87000,0,0,0,215000,302000,-87000,-87000
062685,華新科統一9C購03,0,0,0,0,0,0,0,0,0,-87000,0,0,0,5000,92000,-87000,-87000
066577,巨大元大01購02  ,0,0,0,0,0,0,0,0,0,-87000,0,0,0,18000,105000,-87000,-87000
067742,大立光元大01購16,0,0,0,0,0,0,0,0,0,-87000,0,0,0,0,87000,-87000,-87000
064915,美律統一02購02  ,0,0,0,0,0,0,0,0,0,-87000,0,0,0,28000,115000,-87000,-87000
065310,華擎國票01購01  ,0,0,0,0,0,0,0,0,0,-87000,0,0,0,93000,180000,-87000,-87000
065299,燿華元富9C購02  ,0,0,0,0,0,0,0,0,0,-87000,0,0,0,100000,187000,-87000,-87000
08949P,臺股指國票01售06,0,0,0,0,0,0,0,0,0,-87000,0,0,0,0,87000,-87000,-87000
069752,欣興中信02購04  ,0,0,0,0,0,0,0,0,0,-88000,0,0,0,0,88000,-88000,-88000
069494,健策元大02購07  ,0,0,0,0,0,0,0,0,0,-88000,0,0,0,100000,188000,-88000,-88000
058014,上銀凱基99購02  ,0,0,0,0,0,0,0,0,0,-88000,0,0,0,36000,124000,-88000,-88000
064989,鈺齊元大01購01  ,0,0,0,0,0,0,0,0,0,-88000,0,0,0,0,88000,-88000,-88000
065739,正崴麥證9C購01  ,0,0,0,12000,100000,-88000,0,0,0,-88000,0,0,0,12000,100000,-88000,-88000
065692,國巨群益9C購17  ,0,0,0,0,0,0,0,0,0,-88000,0,0,0,21000,109000,-88000,-88000
068030,台積電元富07購10,0,0,0,0,0,0,0,0,0,-89000,0,0,0,121000,210000,-89000,-89000
068360,緯穎凱基01購05  ,0,0,0,0,0,0,0,0,0,-89000,0,0,0,53000,142000,-89000,-89000
058622,國巨國票99購07  ,0,0,0,0,0,0,0,0,0,-89000,0,0,0,0,89000,-89000,-89000
059841,國巨富邦9C購01  ,0,0,0,0,0,0,0,0,0,-89000,0,0,0,21000,110000,-89000,-89000
059344,長榮航凱基99購01,0,0,0,0,0,0,0,0,0,-89000,0,0,0,0,89000,-89000,-89000
059297,大立光元富9C購01,0,0,0,0,0,0,0,0,0,-89000,0,0,0,64000,153000,-89000,-89000
060211,智邦康和9A購01  ,0,0,0,0,0,0,0,0,0,-89000,0,0,0,7000,96000,-89000,-89000
064825,英業達統一9C購01,0,0,0,0,0,0,0,0,0,-89000,0,0,0,0,89000,-89000,-89000
064877,可成兆豐9C購02  ,0,0,0,0,0,0,0,0,0,-89000,0,0,0,0,89000,-89000,-89000
062526,友達統一01購01  ,0,0,0,0,0,0,0,0,0,-89000,0,0,0,88000,177000,-89000,-89000
063631,燿華元大9B購06  ,0,0,0,0,0,0,0,0,0,-89000,0,0,0,11000,100000,-89000,-89000
067141,台表科永豐01購01,0,0,0,0,0,0,0,0,0,-89000,0,0,0,90000,179000,-89000,-89000
066746,聯茂元大01購01  ,0,0,0,0,0,0,0,0,0,-89000,0,0,0,0,89000,-89000,-89000
068699,松翰凱基03購01  ,0,0,0,0,0,0,0,0,0,-90000,0,0,0,0,90000,-90000,-90000
057101,新光金中信9A購01,0,0,0,0,0,0,0,0,0,-90000,0,0,0,0,90000,-90000,-90000
047694,SP黃豆國票9B購01,0,0,0,0,0,0,0,0,0,-90000,0,0,0,0,90000,-90000,-90000
056325,群創兆豐9A購01  ,0,0,0,0,0,0,0,0,0,-90000,0,0,0,0,90000,-90000,-90000
03126P,旭富凱基01售04  ,0,0,0,0,0,0,0,0,0,-90000,0,0,0,0,90000,-90000,-90000
059847,喬山永豐99購01  ,0,0,0,0,0,0,0,0,0,-90000,0,0,0,5000,95000,-90000,-90000
062704,大毅元大9C購01  ,0,0,0,0,0,0,0,0,0,-90000,0,0,0,16000,106000,-90000,-90000
064986,GIS元大9C購07   ,0,0,0,0,0,0,0,0,0,-90000,0,0,0,10000,100000,-90000,-90000
063175,燿華兆豐9C購01  ,0,0,0,0,0,0,0,0,0,-90000,0,0,0,15000,105000,-90000,-90000
067235,正崴群益02購02  ,0,0,0,0,0,0,0,0,0,-90000,0,0,0,0,90000,-90000,-90000
067737,英業達元大01購01,0,0,0,0,0,0,0,0,0,-90000,0,0,0,44000,134000,-90000,-90000
067599,台積電凱基01購14,0,0,0,0,0,0,0,0,0,-90000,0,0,0,134000,224000,-90000,-90000
065571,神基群益01購01  ,0,0,0,0,0,0,0,0,0,-90000,0,0,0,126000,216000,-90000,-90000
08697P,臺股指麥證01售03,0,0,0,10000,100000,-90000,0,0,0,-90000,0,0,0,10000,100000,-90000,-90000
08996P,華通群益02售05  ,0,0,0,0,0,0,0,0,0,-90000,0,0,0,10000,100000,-90000,-90000
3708,上緯投控        ,233000,319000,-86000,0,0,0,0,0,0,-4000,3000,8000,-5000,1000,0,1000,-90000
060617,華新科元大9A購08,0,0,0,0,0,0,0,0,0,-91000,0,0,0,162000,253000,-91000,-91000
03118P,台積電國票01售07,0,0,0,0,0,0,0,0,0,-91000,0,0,0,10000,101000,-91000,-91000
063941,國巨元大9C購12  ,0,0,0,0,0,0,0,0,0,-91000,0,0,0,1000,92000,-91000,-91000
063938,上銀元大9C購03  ,0,0,0,0,0,0,0,0,0,-91000,0,0,0,10000,101000,-91000,-91000
064651,GIS凱基9C購02   ,0,0,0,0,0,0,0,0,0,-91000,0,0,0,1000,92000,-91000,-91000
066174,京鼎凱基01購01  ,0,0,0,0,0,0,0,0,0,-91000,0,0,0,94000,185000,-91000,-91000
067760,旭富永豐01購01  ,0,0,0,0,0,0,0,0,0,-91000,0,0,0,92000,183000,-91000,-91000
067264,美利達國票02購01,0,0,0,0,0,0,0,0,0,-91000,0,0,0,52000,143000,-91000,-91000
069610,緯穎國票03購02  ,0,0,0,0,0,0,0,0,0,-92000,0,0,0,0,92000,-92000,-92000
069241,聯電凱基03購06  ,0,0,0,0,0,0,0,0,0,-92000,0,0,0,24000,116000,-92000,-92000
07845P,南亞科元大9A售08,0,0,0,0,0,0,0,0,0,-92000,0,0,0,0,92000,-92000,-92000
060244,大立光元大9B購02,0,0,0,0,0,0,0,0,0,-92000,0,0,0,2000,94000,-92000,-92000
058923,華新科元富99購06,0,0,0,0,0,0,0,0,0,-92000,0,0,0,0,92000,-92000,-92000
060029,嘉晶永豐99購03  ,0,0,0,0,0,0,0,0,0,-92000,0,0,0,11000,103000,-92000,-92000
063956,神達元大9C購01  ,0,0,0,0,0,0,0,0,0,-92000,0,0,0,10000,102000,-92000,-92000
061119,國巨永豐9A購03  ,0,0,0,0,0,0,0,0,0,-92000,0,0,0,0,92000,-92000,-92000
067706,台積電元富07購07,0,0,0,0,0,0,0,0,0,-92000,0,0,0,23000,115000,-92000,-92000
066670,貿聯凱基01購01  ,0,0,0,0,0,0,0,0,0,-92000,0,0,0,0,92000,-92000,-92000
065728,嘉晶凱基9C購04  ,0,0,0,0,0,0,0,0,0,-92000,0,0,0,139000,231000,-92000,-92000
065169,華邦電元大9C購03,0,0,0,0,0,0,0,0,0,-92000,0,0,0,8000,100000,-92000,-92000
5434,崇越            ,181000,259000,-78000,0,0,0,0,1000,-1000,-13000,3000,0,3000,0,16000,-16000,-92000
069658,鈺齊凱基02購01  ,0,0,0,0,0,0,0,0,0,-93000,0,0,0,0,93000,-93000,-93000
060676,京元電元大9A購03,0,0,0,0,0,0,0,0,0,-93000,0,0,0,83000,176000,-93000,-93000
056266,開發金統一9A購01,0,0,0,0,0,0,0,0,0,-93000,0,0,0,0,93000,-93000,-93000
061261,台積電凱基9B購03,0,0,0,0,0,0,0,0,0,-93000,0,0,0,213000,306000,-93000,-93000
064019,上銀元大9C購05  ,0,0,0,0,0,0,0,0,0,-93000,0,0,0,37000,130000,-93000,-93000
065463,大立光中信01購02,0,0,0,0,0,0,0,0,0,-93000,0,0,0,30000,123000,-93000,-93000
066571,矽格元大01購02  ,0,0,0,0,0,0,0,0,0,-93000,0,0,0,245000,338000,-93000,-93000
067713,聚陽凱基01購02  ,0,0,0,0,0,0,0,0,0,-93000,0,0,0,254000,347000,-93000,-93000
08590P,智邦凱基9C售04  ,0,0,0,0,0,0,0,0,0,-93000,0,0,0,0,93000,-93000,-93000
069239,聯電凱基02購02  ,0,0,0,0,0,0,0,0,0,-94000,0,0,0,21000,115000,-94000,-94000
060880,中壽中信9C購01  ,0,0,0,0,0,0,0,0,0,-94000,0,0,0,56000,150000,-94000,-94000
064227,和碩國票01購01  ,0,0,0,0,0,0,0,0,0,-94000,0,0,0,7000,101000,-94000,-94000
064157,健鼎統一01購02  ,0,0,0,0,0,0,0,0,0,-94000,0,0,0,553000,647000,-94000,-94000
062182,華新科元大9B購07,0,0,0,0,0,0,0,0,0,-94000,0,0,0,100000,194000,-94000,-94000
062297,億豐永豐9B購01  ,0,0,0,0,0,0,0,0,0,-94000,0,0,0,39000,133000,-94000,-94000
063168,台表科永豐9B購01,0,0,0,0,0,0,0,0,0,-94000,0,0,0,216000,310000,-94000,-94000
062968,仁寶元富9B購01  ,0,0,0,0,0,0,0,0,0,-94000,0,0,0,86000,180000,-94000,-94000
065485,巨大元大9C購02  ,0,0,0,0,0,0,0,0,0,-94000,0,0,0,14000,108000,-94000,-94000
066381,景碩康和01購01  ,0,0,0,0,0,0,0,0,0,-94000,0,0,0,219000,313000,-94000,-94000
1439,中和            ,30000,124000,-94000,0,0,0,0,0,0,0,0,0,0,0,0,0,-94000
2480,敦陽科          ,53000,93000,-40000,0,0,0,0,0,0,-54000,23000,79000,-56000,2000,0,2000,-94000
057583,啟碁中信9A購01  ,0,0,0,0,0,0,0,0,0,-95000,0,0,0,0,95000,-95000,-95000
057964,緯穎元大99購03  ,0,0,0,0,0,0,0,0,0,-95000,0,0,0,130000,225000,-95000,-95000
064485,儒鴻元大01購01  ,0,0,0,0,0,0,0,0,0,-95000,0,0,0,64000,159000,-95000,-95000
064778,美律群益9C購01  ,0,0,0,0,0,0,0,0,0,-95000,0,0,0,0,95000,-95000,-95000
064819,華新統一01購02  ,0,0,0,0,0,0,0,0,0,-95000,0,0,0,0,95000,-95000,-95000
061972,華新元大9B購01  ,0,0,0,0,0,0,0,0,0,-95000,0,0,0,15000,110000,-95000,-95000
067335,國產凱基02購02  ,0,0,0,0,0,0,0,0,0,-95000,0,0,0,237000,332000,-95000,-95000
066701,京元電群益01購02,0,0,0,0,0,0,0,0,0,-95000,0,0,0,16000,111000,-95000,-95000
8499,鼎炫-KY         ,35000,146000,-111000,0,0,0,20000,0,20000,-4000,0,4000,-4000,0,0,0,-95000
069143,強茂永豐02購01  ,0,0,0,0,0,0,0,0,0,-96000,0,0,0,243000,339000,-96000,-96000
069727,同欣電群益02購02,0,0,0,0,0,0,0,0,0,-96000,0,0,0,4000,100000,-96000,-96000
068047,台積電統一03購06,0,0,0,0,0,0,0,0,0,-96000,0,0,0,1106000,1202000,-96000,-96000
060571,京元電永豐9A購01,0,0,0,0,0,0,0,0,0,-96000,0,0,0,27000,123000,-96000,-96000
03457P,欣興凱基02售08  ,0,0,0,0,0,0,0,0,0,-96000,0,0,0,161000,257000,-96000,-96000
062363,燿華元大9B購03  ,0,0,0,0,0,0,0,0,0,-96000,0,0,0,4000,100000,-96000,-96000
064021,國巨元大9C購15  ,0,0,0,0,0,0,0,0,0,-96000,0,0,0,1000,97000,-96000,-96000
063901,緯穎群益9C購01  ,0,0,0,0,0,0,0,0,0,-96000,0,0,0,108000,204000,-96000,-96000
063877,鴻海元富9C購01  ,0,0,0,0,0,0,0,0,0,-96000,0,0,0,10000,106000,-96000,-96000
063481,緯穎元大9B購08  ,0,0,0,0,0,0,0,0,0,-96000,0,0,0,30000,126000,-96000,-96000
064638,儒鴻凱基9C購03  ,0,0,0,0,0,0,0,0,0,-96000,0,0,0,6000,102000,-96000,-96000
061358,世紀鋼元大9A購04,0,0,0,0,0,0,0,0,0,-96000,0,0,0,157000,253000,-96000,-96000
067694,聚陽中信03購01  ,0,0,0,0,0,0,0,0,0,-96000,0,0,0,88000,184000,-96000,-96000
067651,漢唐元富07購01  ,0,0,0,0,0,0,0,0,0,-96000,0,0,0,66000,162000,-96000,-96000
065864,光寶科群益9C購01,0,0,0,0,0,0,0,0,0,-96000,0,0,0,72000,168000,-96000,-96000
3029,零壹            ,247000,234000,13000,0,0,0,0,0,0,-109000,5000,114000,-109000,0,0,0,-96000
068896,聯詠元大02購02  ,0,0,0,0,0,0,0,0,0,-97000,0,0,0,68000,165000,-97000,-97000
060677,京元電元大9A購04,0,0,0,0,0,0,0,0,0,-97000,0,0,0,35000,132000,-97000,-97000
060699,華新科國泰9B購03,0,0,0,0,0,0,0,0,0,-97000,0,0,0,10000,107000,-97000,-97000
064818,華新統一01購01  ,0,0,0,0,0,0,0,0,0,-97000,0,0,0,167000,264000,-97000,-97000
062783,大立光元大9C購03,0,0,0,0,0,0,0,0,0,-97000,0,0,0,0,97000,-97000,-97000
062108,晶豪科國票9B購01,0,0,0,0,0,0,0,0,0,-97000,0,0,0,12000,109000,-97000,-97000
066092,億豐永豐01購01  ,0,0,0,0,0,0,0,0,0,-97000,0,0,0,172000,269000,-97000,-97000
067589,拓凱群益02購01  ,0,0,0,0,0,0,0,0,0,-97000,0,0,0,20000,117000,-97000,-97000
066903,中興電凱基01購01,0,0,0,0,0,0,0,0,0,-97000,0,0,0,515000,612000,-97000,-97000
2911,麗嬰房          ,17000,114000,-97000,0,0,0,0,0,0,0,0,0,0,0,0,0,-97000
068916,聯詠群益03購02  ,0,0,0,0,0,0,0,0,0,-98000,0,0,0,0,98000,-98000,-98000
068323,台積電元大01購42,0,0,0,0,0,0,0,0,0,-98000,0,0,0,7000,105000,-98000,-98000
069403,華通統一02購02  ,0,0,0,0,0,0,0,0,0,-98000,0,0,0,2000,100000,-98000,-98000
08504P,臺股指國票9C售06,0,0,0,0,0,0,0,0,0,-98000,0,0,0,11000,109000,-98000,-98000
063446,台光電統一01購02,0,0,0,0,0,0,0,0,0,-98000,0,0,0,92000,190000,-98000,-98000
060040,康控國票99購04  ,0,0,0,0,0,0,0,0,0,-98000,0,0,0,0,98000,-98000,-98000
064300,英業達兆豐9C購01,0,0,0,0,0,0,0,0,0,-98000,0,0,0,10000,108000,-98000,-98000
062739,嘉晶國票9B購02  ,0,0,0,0,0,0,0,0,0,-98000,0,0,0,6000,104000,-98000,-98000
064203,康控兆豐9C購02  ,0,0,0,0,0,0,0,0,0,-98000,0,0,0,4000,102000,-98000,-98000
064119,上銀元大9C購06  ,0,0,0,0,0,0,0,0,0,-98000,0,0,0,35000,133000,-98000,-98000
064662,鴻海元大9C購10  ,0,0,0,0,0,0,0,0,0,-98000,0,0,0,52000,150000,-98000,-98000
067363,同欣電群益01購02,0,0,0,0,0,0,0,0,0,-98000,0,0,0,7000,105000,-98000,-98000
066105,松翰國票01購01  ,0,0,0,0,0,0,0,0,0,-98000,0,0,0,5000,103000,-98000,-98000
066160,美利達康和01購01,0,0,0,0,0,0,0,0,0,-98000,0,0,0,0,98000,-98000,-98000
065670,華新科凱基01購02,0,0,0,0,0,0,0,0,0,-98000,0,0,0,120000,218000,-98000,-98000
065156,可成群益01購02  ,0,0,0,0,0,0,0,0,0,-98000,0,0,0,14000,112000,-98000,-98000
064892,台達電群益9C購02,0,0,0,0,0,0,0,0,0,-98000,0,0,0,20000,118000,-98000,-98000
069489,聯陽元大02購02  ,0,0,0,0,0,0,0,0,0,-99000,0,0,0,169000,268000,-99000,-99000
068487,台積電元大01購46,0,0,0,0,0,0,0,0,0,-99000,0,0,0,0,99000,-99000,-99000
058148,百和元大99購01  ,0,0,0,0,0,0,0,0,0,-99000,0,0,0,74000,173000,-99000,-99000
058732,矽格永豐99購01  ,0,0,0,0,0,0,0,0,0,-99000,0,0,0,4000,103000,-99000,-99000
059060,大立光凱基9A購03,0,0,0,0,0,0,0,0,0,-99000,0,0,0,0,99000,-99000,-99000
059096,百和元大99購04  ,0,0,0,0,0,0,0,0,0,-99000,0,0,0,36000,135000,-99000,-99000
065007,群創國票01購01  ,0,0,0,0,0,0,0,0,0,-99000,0,0,0,13000,112000,-99000,-99000
063296,可成麥證9B購01  ,0,0,0,0,99000,-99000,0,0,0,-99000,0,0,0,0,99000,-99000,-99000
064206,鴻海凱基03購02  ,0,0,0,0,0,0,0,0,0,-99000,0,0,0,11000,110000,-99000,-99000
063897,神達群益9C購01  ,0,0,0,0,0,0,0,0,0,-99000,0,0,0,5000,104000,-99000,-99000
062527,美律統一01購01  ,0,0,0,0,0,0,0,0,0,-99000,0,0,0,9000,108000,-99000,-99000
065713,緯穎群益9C購04  ,0,0,0,0,0,0,0,0,0,-99000,0,0,0,6000,105000,-99000,-99000
066388,力山凱基01購02  ,0,0,0,0,0,0,0,0,0,-99000,0,0,0,163000,262000,-99000,-99000
066451,台郡群益01購01  ,0,0,0,0,0,0,0,0,0,-99000,0,0,0,1000,100000,-99000,-99000
066334,京城銀永豐01購01,0,0,0,0,0,0,0,0,0,-99000,0,0,0,94000,193000,-99000,-99000
067304,義隆元大01購05  ,0,0,0,0,0,0,0,0,0,-99000,0,0,0,332000,431000,-99000,-99000
6189,豐藝            ,48000,10000,38000,0,0,0,0,0,0,-137000,14000,151000,-137000,0,0,0,-99000
08596P,聯發科國泰02售02,0,0,0,0,0,0,0,0,0,-99000,0,0,0,127000,226000,-99000,-99000
068722,瑞昱元大02購02  ,0,0,0,0,0,0,0,0,0,-100000,0,0,0,252000,352000,-100000,-100000
068727,全新元大02購02  ,0,0,0,0,0,0,0,0,0,-100000,0,0,0,0,100000,-100000,-100000
068623,美律群益02購01  ,0,0,0,0,0,0,0,0,0,-100000,0,0,0,5000,105000,-100000,-100000
068892,台達電元大02購01,0,0,0,0,0,0,0,0,0,-100000,0,0,0,0,100000,-100000,-100000
068871,台灣50凱基03購04,0,0,0,0,0,0,0,0,0,-100000,0,0,0,0,100000,-100000,-100000
068872,台灣50凱基03購05,0,0,0,0,0,0,0,0,0,-100000,0,0,0,0,100000,-100000,-100000
069075,上銀凱基03購01  ,0,0,0,0,0,0,0,0,0,-100000,0,0,0,0,100000,-100000,-100000
069046,國巨元富08購02  ,0,0,0,0,0,0,0,0,0,-100000,0,0,0,41000,141000,-100000,-100000
068957,美利達凱基02購02,0,0,0,0,0,0,0,0,0,-100000,0,0,0,0,100000,-100000,-100000
068321,國巨元大01購18  ,0,0,0,0,0,0,0,0,0,-100000,0,0,0,0,100000,-100000,-100000
068426,道瓊銀凱基05購01,0,0,0,0,0,0,0,0,0,-100000,0,0,0,0,100000,-100000,-100000
068244,國巨元大01購15  ,0,0,0,0,0,0,0,0,0,-100000,0,0,0,0,100000,-100000,-100000
068245,國巨元大01購16  ,0,0,0,0,0,0,0,0,0,-100000,0,0,0,0,100000,-100000,-100000
068073,京城銀凱基01購01,0,0,0,0,0,0,0,0,0,-100000,0,0,0,50000,150000,-100000,-100000
067991,旺宏元大01購04  ,0,0,0,0,0,0,0,0,0,-100000,0,0,0,0,100000,-100000,-100000
069488,大立光元大02購06,0,0,0,0,0,0,0,0,0,-100000,0,0,0,0,100000,-100000,-100000
069442,長興元富06購01  ,0,0,0,0,0,0,0,0,0,-100000,0,0,0,111000,211000,-100000,-100000
069633,聯詠元富08購01  ,0,0,0,0,0,0,0,0,0,-100000,0,0,0,0,100000,-100000,-100000
069203,華邦電元大02購01,0,0,0,0,0,0,0,0,0,-100000,0,0,0,31000,131000,-100000,-100000
069240,聯電凱基02購03  ,0,0,0,0,0,0,0,0,0,-100000,0,0,0,21000,121000,-100000,-100000
08481P,臺股指凱基9C售19,0,0,0,0,0,0,0,0,0,-100000,0,0,0,0,100000,-100000,-100000
08380P,GIS元大9C售06   ,0,0,0,0,0,0,0,0,0,-100000,0,0,0,0,100000,-100000,-100000
08418P,大立光元大01售04,0,0,0,0,0,0,0,0,0,-100000,0,0,0,0,100000,-100000,-100000
08092P,仁寶元富9B售02  ,0,0,0,0,0,0,0,0,0,-100000,0,0,0,0,100000,-100000,-100000
07788P,華新科群益9A售08,0,0,0,0,0,0,0,0,0,-100000,0,0,0,0,100000,-100000,-100000
07627P,超眾凱基9A售02  ,0,0,0,0,0,0,0,0,0,-100000,0,0,0,0,100000,-100000,-100000
07690P,華新科元大9A售15,0,0,0,0,0,0,0,0,0,-100000,0,0,0,0,100000,-100000,-100000
07669P,華新科元大9A售14,0,0,0,0,0,0,0,0,0,-100000,0,0,0,0,100000,-100000,-100000
07503P,禾伸堂元大9A售01,0,0,0,0,0,0,0,0,0,-100000,0,0,0,0,100000,-100000,-100000
07009P,臺股指中信9B售01,0,0,0,0,0,0,0,0,0,-100000,0,0,0,0,100000,-100000,-100000
058988,大立光凱基9A購02,0,0,0,0,0,0,0,0,0,-100000,0,0,0,0,100000,-100000,-100000
058181,華新科國泰9B購01,0,0,0,0,0,0,0,0,0,-100000,0,0,0,0,100000,-100000,-100000
060043,全新群益9B購02  ,0,0,0,0,0,0,0,0,0,-100000,0,0,0,0,100000,-100000,-100000
058877,T50反1國泰9B購01,0,0,0,0,0,0,0,0,0,-100000,0,0,0,0,100000,-100000,-100000
059278,群創元大9A購04  ,0,0,0,0,0,0,0,0,0,-100000,0,0,0,0,100000,-100000,-100000
059536,新光金凱基99購05,0,0,0,0,0,0,0,0,0,-100000,0,0,0,0,100000,-100000,-100000
063455,T50反1元大9B購07,0,0,0,0,0,0,0,0,0,-100000,0,0,0,0,100000,-100000,-100000
056763,國巨元大99購02  ,0,0,0,0,0,0,0,0,0,-100000,0,0,0,0,100000,-100000,-100000
060895,華新科凱基9B購05,0,0,0,0,0,0,0,0,0,-100000,0,0,0,2000,102000,-100000,-100000
056911,緯穎元大99購01  ,0,0,0,0,0,0,0,0,0,-100000,0,0,0,0,100000,-100000,-100000
060240,富邦金元大9A購01,0,0,0,0,0,0,0,0,0,-100000,0,0,0,2000,102000,-100000,-100000
057446,旺宏元富02購01  ,0,0,0,0,0,0,0,0,0,-100000,0,0,0,0,100000,-100000,-100000
03088P,大立光元大01售17,0,0,0,0,0,0,0,0,0,-100000,0,0,0,0,100000,-100000,-100000
061741,新光金凱基9B購01,0,0,0,0,0,0,0,0,0,-100000,0,0,0,0,100000,-100000,-100000
061734,全新中信9B購02  ,0,0,0,0,0,0,0,0,0,-100000,0,0,0,0,100000,-100000,-100000
061725,國巨麥證9A購05  ,0,0,0,0,116000,-116000,0,0,0,-100000,0,0,0,16000,116000,-100000,-100000
062731,力成凱基9B購02  ,0,0,0,0,0,0,0,0,0,-100000,0,0,0,20000,120000,-100000,-100000
062828,聯詠群益9B購02  ,0,0,0,0,0,0,0,0,0,-100000,0,0,0,0,100000,-100000,-100000
064273,華邦電元大9C購02,0,0,0,0,0,0,0,0,0,-100000,0,0,0,0,100000,-100000,-100000
061978,旺宏元大9C購01  ,0,0,0,0,0,0,0,0,0,-100000,0,0,0,0,100000,-100000,-100000
061990,台勝科元大9C購01,0,0,0,0,0,0,0,0,0,-100000,0,0,0,0,100000,-100000,-100000
062027,國泰金群益9B購01,0,0,0,0,0,0,0,0,0,-100000,0,0,0,0,100000,-100000,-100000
063898,旭富群益9C購01  ,0,0,0,0,0,0,0,0,0,-100000,0,0,0,0,100000,-100000,-100000
063845,旺宏元大9C購03  ,0,0,0,0,0,0,0,0,0,-100000,0,0,0,0,100000,-100000,-100000
063234,國巨元大9C購03  ,0,0,0,0,0,0,0,0,0,-100000,0,0,0,4000,104000,-100000,-100000
063306,聯茂凱基9C購01  ,0,0,0,0,0,0,0,0,0,-100000,0,0,0,0,100000,-100000,-100000
063278,國巨元大9C購04  ,0,0,0,0,0,0,0,0,0,-100000,0,0,0,5000,105000,-100000,-100000
063279,國巨元大9C購05  ,0,0,0,0,0,0,0,0,0,-100000,0,0,0,5000,105000,-100000,-100000
063341,燿華統一9C購01  ,0,0,0,0,0,0,0,0,0,-100000,0,0,0,0,100000,-100000,-100000
063010,國巨元大9C購02  ,0,0,0,0,0,0,0,0,0,-100000,0,0,0,4000,104000,-100000,-100000
063050,葡萄王統一01購01,0,0,0,0,0,0,0,0,0,-100000,0,0,0,1000,101000,-100000,-100000
061409,力成國票9A購02  ,0,0,0,0,0,0,0,0,0,-100000,0,0,0,0,100000,-100000,-100000
061480,泰碩元大9B購01  ,0,0,0,0,0,0,0,0,0,-100000,0,0,0,100000,200000,-100000,-100000
061437,燿華凱基9A購01  ,0,0,0,0,0,0,0,0,0,-100000,0,0,0,0,100000,-100000,-100000
061582,麗豐元大9A購01  ,0,0,0,0,0,0,0,0,0,-100000,0,0,0,0,100000,-100000,-100000
061574,大毅元大9B購01  ,0,0,0,0,0,0,0,0,0,-100000,0,0,0,0,100000,-100000,-100000
061257,上銀凱基9A購06  ,0,0,0,0,0,0,0,0,0,-100000,0,0,0,0,100000,-100000,-100000
061287,大立光統一9B購06,0,0,0,0,0,0,0,0,0,-100000,0,0,0,0,100000,-100000,-100000
065043,新光金凱基02購01,0,0,0,0,0,0,0,0,0,-100000,0,0,0,0,100000,-100000,-100000
061100,SP黃豆元大9A購04,0,0,0,0,0,0,0,0,0,-100000,0,0,0,0,100000,-100000,-100000
067345,美利達凱基02購01,0,0,0,0,0,0,0,0,0,-100000,0,0,0,0,100000,-100000,-100000
067573,滬深反群益02購01,0,0,0,0,0,0,0,0,0,-100000,0,0,0,0,100000,-100000,-100000
067526,深中小群益02購01,0,0,0,0,0,0,0,0,0,-100000,0,0,0,490000,590000,-100000,-100000
067473,旺宏元大02購01  ,0,0,0,0,0,0,0,0,0,-100000,0,0,0,0,100000,-100000,-100000
066952,亞光元大01購03  ,0,0,0,0,0,0,0,0,0,-100000,0,0,0,0,100000,-100000,-100000
066945,鴻海元大01購14  ,0,0,0,0,0,0,0,0,0,-100000,0,0,0,0,100000,-100000,-100000
067042,旺宏凱基01購02  ,0,0,0,0,0,0,0,0,0,-100000,0,0,0,17000,117000,-100000,-100000
066720,滬深2X元大01購07,0,0,0,0,0,0,0,0,0,-100000,0,0,0,30000,130000,-100000,-100000
066672,瑞祺凱基03購01  ,0,0,0,0,0,0,0,0,0,-100000,0,0,0,242000,342000,-100000,-100000
066552,大立光元大01購08,0,0,0,0,0,0,0,0,0,-100000,0,0,0,0,100000,-100000,-100000
066365,富邦金中信03購01,0,0,0,0,0,0,0,0,0,-100000,0,0,0,0,100000,-100000,-100000
066294,嘉基元大01購01  ,0,0,0,0,0,0,0,0,0,-100000,0,0,0,0,100000,-100000,-100000
065686,同欣電統一03購01,0,0,0,0,0,0,0,0,0,-100000,0,0,0,0,100000,-100000,-100000
065597,旺宏元大01購03  ,0,0,0,0,0,0,0,0,0,-100000,0,0,0,0,100000,-100000,-100000
065080,燿華元大01購01  ,0,0,0,0,0,0,0,0,0,-100000,0,0,0,100000,200000,-100000,-100000
065175,大立光元大01購05,0,0,0,0,0,0,0,0,0,-100000,0,0,0,0,100000,-100000,-100000
065364,國巨元大9C購18  ,0,0,0,0,0,0,0,0,0,-100000,0,0,0,0,100000,-100000,-100000
08649P,聯發科元大9C售21,0,0,0,0,0,0,0,0,0,-100000,0,0,0,0,100000,-100000,-100000
08937P,大立光元大01售14,0,0,0,0,0,0,0,0,0,-100000,0,0,0,0,100000,-100000,-100000
08938P,大立光元大01售15,0,0,0,0,0,0,0,0,0,-100000,0,0,0,0,100000,-100000,-100000
08919P,臺股指凱基01售10,0,0,0,0,0,0,0,0,0,-100000,0,0,0,0,100000,-100000,-100000
08866P,旭富元大01售01  ,0,0,0,0,0,0,0,0,0,-100000,0,0,0,0,100000,-100000,-100000
069340,大毅群益02購02  ,0,0,0,0,0,0,0,0,0,-101000,0,0,0,78000,179000,-101000,-101000
069139,燿華永豐02購01  ,0,0,0,0,0,0,0,0,0,-101000,0,0,0,14000,115000,-101000,-101000
069564,儒鴻凱基02購01  ,0,0,0,0,0,0,0,0,0,-101000,0,0,0,0,101000,-101000,-101000
067962,鴻海群益02購04  ,0,0,0,0,0,0,0,0,0,-101000,0,0,0,196000,297000,-101000,-101000
068821,聯詠元大02購01  ,0,0,0,0,0,0,0,0,0,-101000,0,0,0,57000,158000,-101000,-101000
068819,國揚元大02購01  ,0,0,0,0,0,0,0,0,0,-101000,0,0,0,159000,260000,-101000,-101000
060253,昇陽半元大9C購01,0,0,0,0,0,0,0,0,0,-101000,0,0,0,0,101000,-101000,-101000
054803,味全元大9A購01  ,0,0,0,0,0,0,0,0,0,-101000,0,0,0,0,101000,-101000,-101000
061057,華新科國票9A購04,0,0,0,0,0,0,0,0,0,-101000,0,0,0,5000,106000,-101000,-101000
063305,亞光凱基9B購01  ,0,0,0,0,0,0,0,0,0,-101000,0,0,0,0,101000,-101000,-101000
063715,鈺齊凱基9C購01  ,0,0,0,0,0,0,0,0,0,-101000,0,0,0,0,101000,-101000,-101000
061664,上銀中信9A購01  ,0,0,0,0,0,0,0,0,0,-101000,0,0,0,53000,154000,-101000,-101000
065128,大成鋼兆豐9C購01,0,0,0,0,0,0,0,0,0,-101000,0,0,0,1000,102000,-101000,-101000
065599,台光電元大9C購05,0,0,0,0,0,0,0,0,0,-101000,0,0,0,0,101000,-101000,-101000
2468,華經            ,25000,121000,-96000,0,0,0,0,0,0,-5000,0,5000,-5000,0,0,0,-101000
068697,聯詠凱基03購02  ,0,0,0,0,0,0,0,0,0,-102000,0,0,0,8000,110000,-102000,-102000
069086,瀚宇博凱基02購02,0,0,0,0,0,0,0,0,0,-102000,0,0,0,143000,245000,-102000,-102000
07055P,景碩群益9A售02  ,0,0,0,0,0,0,0,0,0,-102000,0,0,0,153000,255000,-102000,-102000
069770,精元元大02購03  ,0,0,0,0,0,0,0,0,0,-102000,0,0,0,0,102000,-102000,-102000
069823,欣興統一03購01  ,0,0,0,0,0,0,0,0,0,-102000,0,0,0,0,102000,-102000,-102000
08055P,臺股指國票9B售20,0,0,0,0,0,0,0,0,0,-102000,0,0,0,30000,132000,-102000,-102000
08354P,旺宏元大9C售05  ,0,0,0,0,0,0,0,0,0,-102000,0,0,0,50000,152000,-102000,-102000
064353,力成元大9C購02  ,0,0,0,0,0,0,0,0,0,-102000,0,0,0,0,102000,-102000,-102000
059829,超眾凱基99購05  ,0,0,0,0,0,0,0,0,0,-102000,0,0,0,3000,105000,-102000,-102000
060945,緯穎國票9A購02  ,0,0,0,0,0,0,0,0,0,-102000,0,0,0,11000,113000,-102000,-102000
062724,可成凱基9B購04  ,0,0,0,0,0,0,0,0,0,-102000,0,0,0,0,102000,-102000,-102000
063884,台表科元富03購01,0,0,0,0,0,0,0,0,0,-102000,0,0,0,31000,133000,-102000,-102000
064154,大立光統一01購04,0,0,0,0,0,0,0,0,0,-102000,0,0,0,0,102000,-102000,-102000
065965,國巨元大01購05  ,0,0,0,0,0,0,0,0,0,-102000,0,0,0,0,102000,-102000,-102000
065911,超眾永豐9C購01  ,0,0,0,0,0,0,0,0,0,-102000,0,0,0,20000,122000,-102000,-102000
069177,南電元大03購01  ,0,0,0,0,0,0,0,0,0,-103000,0,0,0,157000,260000,-103000,-103000
069342,禾伸堂群益02購01,0,0,0,0,0,0,0,0,0,-103000,0,0,0,0,103000,-103000,-103000
069288,玉晶光國泰08購01,0,0,0,0,0,0,0,0,0,-103000,0,0,0,29000,132000,-103000,-103000
067847,大立光元富01購02,0,0,0,0,0,0,0,0,0,-103000,0,0,0,0,103000,-103000,-103000
068238,臺指反元大04購09,0,0,0,0,0,0,0,0,0,-103000,0,0,0,0,103000,-103000,-103000
061042,致新永豐9A購02  ,0,0,0,0,0,0,0,0,0,-103000,0,0,0,0,103000,-103000,-103000
061985,富邦金元大9B購01,0,0,0,0,0,0,0,0,0,-103000,0,0,0,3000,106000,-103000,-103000
063311,喬山群益9B購01  ,0,0,0,0,0,0,0,0,0,-103000,0,0,0,85000,188000,-103000,-103000
065913,光寶科凱基01購01,0,0,0,0,0,0,0,0,0,-103000,0,0,0,7000,110000,-103000,-103000
065611,嘉聯益元大9C購02,0,0,0,0,0,0,0,0,0,-103000,0,0,0,870000,973000,-103000,-103000
066502,國巨富邦05購02  ,0,0,0,0,0,0,0,0,0,-103000,0,0,0,10000,113000,-103000,-103000
5388,中磊            ,136000,240000,-104000,0,0,0,0,0,0,1000,2000,0,2000,3000,4000,-1000,-103000
068753,聯發科國泰06購01,0,0,0,0,0,0,0,0,0,-104000,0,0,0,4000,108000,-104000,-104000
068564,燿華元大01購04  ,0,0,0,0,0,0,0,0,0,-104000,0,0,0,254000,358000,-104000,-104000
064335,可成元大9C購05  ,0,0,0,0,0,0,0,0,0,-104000,0,0,0,88000,192000,-104000,-104000
060920,超眾富邦9B購01  ,0,0,0,0,0,0,0,0,0,-104000,0,0,0,316000,420000,-104000,-104000
060286,佳世達元大9C購01,0,0,0,0,0,0,0,0,0,-104000,0,0,0,306000,410000,-104000,-104000
061701,友達國票9B購02  ,0,0,0,0,0,0,0,0,0,-104000,0,0,0,54000,158000,-104000,-104000
065287,華新科群益01購03,0,0,0,0,0,0,0,0,0,-104000,0,0,0,48000,152000,-104000,-104000
068552,台灣50元大01購38,0,0,0,0,0,0,0,0,0,-105000,0,0,0,5000,110000,-105000,-105000
068766,台積電統一04購04,0,0,0,0,0,0,0,0,0,-105000,0,0,0,0,105000,-105000,-105000
068860,聯發科元富08購01,0,0,0,0,0,0,0,0,0,-105000,0,0,0,0,105000,-105000,-105000
069507,泰碩永豐02購01  ,0,0,0,0,0,0,0,0,0,-105000,0,0,0,95000,200000,-105000,-105000
060665,康控凱基9A購01  ,0,0,0,0,0,0,0,0,0,-105000,0,0,0,70000,175000,-105000,-105000
064554,儒鴻群益9C購01  ,0,0,0,0,0,0,0,0,0,-105000,0,0,0,14000,119000,-105000,-105000
059635,華新科凱基9A購06,0,0,0,0,0,0,0,0,0,-105000,0,0,0,4000,109000,-105000,-105000
059296,大立光元富99購06,0,0,0,0,0,0,0,0,0,-105000,0,0,0,0,105000,-105000,-105000
063734,可成元大9B購04  ,0,0,0,0,0,0,0,0,0,-105000,0,0,0,0,105000,-105000,-105000
061522,元黃金凱基01購01,0,0,0,0,0,0,0,0,0,-105000,0,0,0,0,105000,-105000,-105000
064995,世紀鋼兆豐9C購01,0,0,0,0,0,0,0,0,0,-105000,0,0,0,87000,192000,-105000,-105000
065760,和碩元大9C購02  ,0,0,0,0,0,0,0,0,0,-105000,0,0,0,121000,226000,-105000,-105000
067005,盟立永豐01購04  ,0,0,0,0,0,0,0,0,0,-105000,0,0,0,20000,125000,-105000,-105000
08905P,金像電群益01售06,0,0,0,0,0,0,0,0,0,-105000,0,0,0,10000,115000,-105000,-105000
07792P,牧德元大9A售04  ,0,0,0,0,0,0,0,0,0,-106000,0,0,0,110000,216000,-106000,-106000
063752,瑞祺國票9C購01  ,0,0,0,0,0,0,0,0,0,-106000,0,0,0,0,106000,-106000,-106000
061398,力成中信9A購01  ,0,0,0,0,0,0,0,0,0,-106000,0,0,0,1000,107000,-106000,-106000
063088,緯穎凱基9B購04  ,0,0,0,0,0,0,0,0,0,-106000,0,0,0,0,106000,-106000,-106000
063690,健鼎永豐9B購01  ,0,0,0,0,0,0,0,0,0,-106000,0,0,0,189000,295000,-106000,-106000
064132,神達元大9C購02  ,0,0,0,0,0,0,0,0,0,-106000,0,0,0,17000,123000,-106000,-106000
066913,樺漢凱基01購01  ,0,0,0,0,0,0,0,0,0,-106000,0,0,0,227000,333000,-106000,-106000
066482,華碩元富01購02  ,0,0,0,0,0,0,0,0,0,-106000,0,0,0,325000,431000,-106000,-106000
066717,上証2X元大01購01,0,0,0,0,0,0,0,0,0,-106000,0,0,0,5000,111000,-106000,-106000
065753,正崴元大9C購02  ,0,0,0,0,0,0,0,0,0,-106000,0,0,0,14000,120000,-106000,-106000
065474,旺宏元大9C購06  ,0,0,0,0,0,0,0,0,0,-106000,0,0,0,0,106000,-106000,-106000
066384,訊芯康和01購01  ,0,0,0,0,0,0,0,0,0,-106000,0,0,0,97000,203000,-106000,-106000
3533,嘉澤            ,126000,160000,-34000,0,0,0,10000,92000,-82000,10000,16000,6000,10000,0,0,0,-106000
08089P,嘉澤凱基9B售03  ,0,0,0,0,0,0,0,0,0,-107000,0,0,0,0,107000,-107000,-107000
059917,華新科元大99購19,0,0,0,0,0,0,0,0,0,-107000,0,0,0,12000,119000,-107000,-107000
060188,華新科元富9A購03,0,0,0,0,0,0,0,0,0,-107000,0,0,0,20000,127000,-107000,-107000
063836,台塑元大9C購01  ,0,0,0,0,0,0,0,0,0,-107000,0,0,0,141000,248000,-107000,-107000
062575,景碩群益9B購01  ,0,0,0,0,0,0,0,0,0,-107000,0,0,0,0,107000,-107000,-107000
062971,英業達元富9B購01,0,0,0,0,0,0,0,0,0,-107000,0,0,0,7000,114000,-107000,-107000
066843,台達電元大01購02,0,0,0,0,0,0,0,0,0,-107000,0,0,0,100000,207000,-107000,-107000
069804,南電凱基02購06  ,0,0,0,0,0,0,0,0,0,-108000,0,0,0,0,108000,-108000,-108000
068778,華邦電台新02購01,0,0,0,0,0,0,0,0,0,-108000,0,0,0,0,108000,-108000,-108000
067915,宏碁永豐01購01  ,0,0,0,0,0,0,0,0,0,-108000,0,0,0,282000,390000,-108000,-108000
020002,元富新中國N     ,0,0,0,0,0,0,0,0,0,-108000,0,0,0,0,108000,-108000,-108000
064871,緯穎永豐9C購03  ,0,0,0,0,0,0,0,0,0,-108000,0,0,0,0,108000,-108000,-108000
062238,臻鼎凱基9C購01  ,0,0,0,0,0,0,0,0,0,-108000,0,0,0,107000,215000,-108000,-108000
6206,飛捷            ,12000,43000,-31000,0,0,0,0,0,0,-77000,2000,79000,-77000,0,0,0,-108000
08703P,華碩凱基01售02  ,0,0,0,0,0,0,0,0,0,-108000,0,0,0,0,108000,-108000,-108000
067944,緯穎凱基01購04  ,0,0,0,0,0,0,0,0,0,-109000,0,0,0,14000,123000,-109000,-109000
069326,瀚宇博兆豐03購02,0,0,0,0,0,0,0,0,0,-109000,0,0,0,159000,268000,-109000,-109000
057837,康控國泰99購02  ,0,0,0,0,0,0,0,0,0,-109000,0,0,0,15000,124000,-109000,-109000
060306,台肥永豐9A購01  ,0,0,0,0,0,0,0,0,0,-109000,0,0,0,270000,379000,-109000,-109000
064336,可成元大9C購06  ,0,0,0,0,0,0,0,0,0,-109000,0,0,0,60000,169000,-109000,-109000
064122,國巨元大9C購17  ,0,0,0,0,0,0,0,0,0,-109000,0,0,0,1000,110000,-109000,-109000
063194,華新科台新9B購01,0,0,0,0,0,0,0,0,0,-109000,0,0,0,37000,146000,-109000,-109000
063640,貿聯元大9B購03  ,0,0,0,0,0,0,0,0,0,-109000,0,0,0,167000,276000,-109000,-109000
064833,新光金統一02購01,0,0,0,0,0,0,0,0,0,-109000,0,0,0,27000,136000,-109000,-109000
061939,中租國票9B購01  ,0,0,0,0,0,0,0,0,0,-109000,0,0,0,33000,142000,-109000,-109000
063180,台塑凱基9B購01  ,0,0,0,0,0,0,0,0,0,-109000,0,0,0,1000,110000,-109000,-109000
067372,聯發科統一03購03,0,0,0,0,0,0,0,0,0,-109000,0,0,0,13000,122000,-109000,-109000
065817,聯發科元富03購08,0,0,0,0,0,0,0,0,0,-109000,0,0,0,33000,142000,-109000,-109000
069231,臺股指群益02購06,0,0,0,0,0,0,0,0,0,-110000,0,0,0,0,110000,-110000,-110000
069536,緯穎群益02購02  ,0,0,0,0,0,0,0,0,0,-110000,0,0,0,20000,130000,-110000,-110000
07471P,南亞科元大9A售01,0,0,0,0,0,0,0,0,0,-110000,0,0,0,0,110000,-110000,-110000
08507P,臺股指國票9C售08,0,0,0,0,0,0,0,0,0,-110000,0,0,0,30000,140000,-110000,-110000
068128,台積電統一03購07,0,0,0,0,0,0,0,0,0,-110000,0,0,0,62000,172000,-110000,-110000
068188,T50反1凱基04購02,0,0,0,0,0,0,0,0,0,-110000,0,0,0,0,110000,-110000,-110000
068596,亞德客凱基01購03,0,0,0,0,0,0,0,0,0,-110000,0,0,0,0,110000,-110000,-110000
061038,TPK永豐9A購01   ,0,0,0,0,0,0,0,0,0,-110000,0,0,0,50000,160000,-110000,-110000
058581,大立光群益99購05,0,0,0,0,0,0,0,0,0,-110000,0,0,0,0,110000,-110000,-110000
057241,超眾凱基99購02  ,0,0,0,0,0,0,0,0,0,-110000,0,0,0,7000,117000,-110000,-110000
062970,智邦元富9B購01  ,0,0,0,0,0,0,0,0,0,-110000,0,0,0,202000,312000,-110000,-110000
062923,緯穎元大9B購06  ,0,0,0,0,0,0,0,0,0,-110000,0,0,0,33000,143000,-110000,-110000
064981,致伸元大9C購01  ,0,0,0,0,0,0,0,0,0,-110000,0,0,0,0,110000,-110000,-110000
063569,美食元大9B購03  ,0,0,0,0,0,0,0,0,0,-110000,0,0,0,56000,166000,-110000,-110000
063984,華邦電國泰02購01,0,0,0,0,0,0,0,0,0,-110000,0,0,0,0,110000,-110000,-110000
061995,超眾元大01購01  ,0,0,0,0,0,0,0,0,0,-110000,0,0,0,21000,131000,-110000,-110000
064280,大立光元大9C購11,0,0,0,0,0,0,0,0,0,-110000,0,0,0,26000,136000,-110000,-110000
065761,中租元大9C購02  ,0,0,0,0,0,0,0,0,0,-110000,0,0,0,13000,123000,-110000,-110000
065304,台勝科元富03購01,0,0,0,0,0,0,0,0,0,-110000,0,0,0,0,110000,-110000,-110000
065269,貿聯元大9C購05  ,0,0,0,0,0,0,0,0,0,-110000,0,0,0,87000,197000,-110000,-110000
065365,國巨元大9C購19  ,0,0,0,0,0,0,0,0,0,-110000,0,0,0,20000,130000,-110000,-110000
06776P,鴻海元大99售05  ,0,0,0,0,0,0,0,0,0,-110000,0,0,0,0,110000,-110000,-110000
06700P,臺股指統一99售05,0,0,0,0,0,0,0,0,0,-110000,0,0,0,0,110000,-110000,-110000
066637,瀚宇博凱基01購02,0,0,0,0,0,0,0,0,0,-110000,0,0,0,217000,327000,-110000,-110000
08794P,台積電兆豐01售03,0,0,0,0,0,0,0,0,0,-110000,0,0,0,0,110000,-110000,-110000
068333,緯創元大01購04  ,0,0,0,0,0,0,0,0,0,-111000,0,0,0,0,111000,-111000,-111000
06997P,台灣50中信03售01,0,0,0,0,0,0,0,0,0,-111000,0,0,0,0,111000,-111000,-111000
03290P,亞德客元大02售01,0,0,0,0,0,0,0,0,0,-111000,0,0,0,2000,113000,-111000,-111000
063356,台表科元富02購01,0,0,0,0,0,0,0,0,0,-111000,0,0,0,40000,151000,-111000,-111000
066536,漢唐兆豐03購01  ,0,0,0,0,0,0,0,0,0,-111000,0,0,0,0,111000,-111000,-111000
067771,新光金統一03購01,0,0,0,0,0,0,0,0,0,-111000,0,0,0,27000,138000,-111000,-111000
067449,微星國票02購02  ,0,0,0,0,0,0,0,0,0,-111000,0,0,0,169000,280000,-111000,-111000
065789,泰碩永豐9C購02  ,0,0,0,0,0,0,0,0,0,-111000,0,0,0,99000,210000,-111000,-111000
065533,台光電統一02購03,0,0,0,0,0,0,0,0,0,-111000,0,0,0,44000,155000,-111000,-111000
2365,昆盈            ,112000,225000,-113000,0,0,0,0,0,0,2000,2000,0,2000,0,0,0,-111000
069518,正文凱基02購01  ,0,0,0,0,0,0,0,0,0,-112000,0,0,0,32000,144000,-112000,-112000
068150,英業達元大01購02,0,0,0,0,0,0,0,0,0,-112000,0,0,0,10000,122000,-112000,-112000
067921,旭富永豐01購02  ,0,0,0,0,0,0,0,0,0,-112000,0,0,0,0,112000,-112000,-112000
064371,矽格統一9C購02  ,0,0,0,0,0,0,0,0,0,-112000,0,0,0,0,112000,-112000,-112000
064816,訊芯元大9C購01  ,0,0,0,0,0,0,0,0,0,-112000,0,0,0,101000,213000,-112000,-112000
064674,鈺齊元大9C購01  ,0,0,0,0,0,0,0,0,0,-112000,0,0,0,10000,122000,-112000,-112000
065103,南六元大9C購06  ,0,0,0,0,0,0,0,0,0,-112000,0,0,0,31000,143000,-112000,-112000
066325,可成永豐01購01  ,0,0,0,0,0,0,0,0,0,-112000,0,0,0,248000,360000,-112000,-112000
067375,大立光統一03購03,0,0,0,0,0,0,0,0,0,-112000,0,0,0,45000,157000,-112000,-112000
067592,信錦凱基01購01  ,0,0,0,0,0,0,0,0,0,-112000,0,0,0,8000,120000,-112000,-112000
059054,國巨凱基99購11  ,0,0,0,0,0,0,0,0,0,-113000,0,0,0,0,113000,-113000,-113000
063958,瑞祺元大9C購01  ,0,0,0,0,0,0,0,0,0,-113000,0,0,0,26000,139000,-113000,-113000
066634,泰碩凱基02購02  ,0,0,0,0,0,0,0,0,0,-113000,0,0,0,0,113000,-113000,-113000
066732,可成元大01購06  ,0,0,0,0,0,0,0,0,0,-113000,0,0,0,72000,185000,-113000,-113000
066171,德律凱基01購01  ,0,0,0,0,0,0,0,0,0,-113000,0,0,0,161000,274000,-113000,-113000
066155,華碩康和01購01  ,0,0,0,0,0,0,0,0,0,-113000,0,0,0,266000,379000,-113000,-113000
3679,新至陞          ,85000,199000,-114000,0,0,0,0,0,0,1000,1000,0,1000,0,0,0,-113000
067976,訊連群益01購01  ,0,0,0,0,0,0,0,0,0,-114000,0,0,0,11000,125000,-114000,-114000
064285,貿聯元大9C購02  ,0,0,0,0,0,0,0,0,0,-114000,0,0,0,50000,164000,-114000,-114000
064445,聚陽統一02購01  ,0,0,0,0,0,0,0,0,0,-114000,0,0,0,38000,152000,-114000,-114000
066338,德律永豐01購01  ,0,0,0,0,0,0,0,0,0,-114000,0,0,0,67000,181000,-114000,-114000
067066,鴻海元大01購15  ,0,0,0,0,0,0,0,0,0,-114000,0,0,0,16000,130000,-114000,-114000
2915,潤泰全          ,141000,142000,-1000,0,0,0,0,0,0,-113000,2000,2000,0,5000,118000,-113000,-114000
068017,玉晶光國票01購09,0,0,0,0,0,0,0,0,0,-115000,0,0,0,71000,186000,-115000,-115000
068336,瀚宇博元大01購05,0,0,0,0,0,0,0,0,0,-115000,0,0,0,178000,293000,-115000,-115000
08461P,長榮航國票9C售01,0,0,0,0,0,0,0,0,0,-115000,0,0,0,0,115000,-115000,-115000
059116,晶豪科永豐99購01,0,0,0,0,0,0,0,0,0,-115000,0,0,0,0,115000,-115000,-115000
03006P,華通永豐01售01  ,0,0,0,0,0,0,0,0,0,-115000,0,0,0,0,115000,-115000,-115000
057877,神達元大99購01  ,0,0,0,0,0,0,0,0,0,-115000,0,0,0,18000,133000,-115000,-115000
056584,鴻海統一9B購01  ,0,0,0,0,0,0,0,0,0,-115000,0,0,0,2237000,2352000,-115000,-115000
03463P,宏碁元富08售02  ,0,0,0,0,0,0,0,0,0,-115000,0,0,0,0,115000,-115000,-115000
062358,國巨元大9B購12  ,0,0,0,0,0,0,0,0,0,-115000,0,0,0,23000,138000,-115000,-115000
063474,康控元大9B購04  ,0,0,0,0,0,0,0,0,0,-115000,0,0,0,90000,205000,-115000,-115000
063627,上銀元大9B購09  ,0,0,0,0,0,0,0,0,0,-115000,0,0,0,90000,205000,-115000,-115000
066964,T50反1元富07購04,0,0,0,0,0,0,0,0,0,-115000,0,0,0,0,115000,-115000,-115000
06984P,上銀富邦9B售01  ,0,0,0,0,0,0,0,0,0,-116000,0,0,0,5000,121000,-116000,-116000
068265,信錦永豐01購01  ,0,0,0,0,0,0,0,0,0,-116000,0,0,0,116000,232000,-116000,-116000
068482,光寶科元大01購01,0,0,0,0,0,0,0,0,0,-116000,0,0,0,40000,156000,-116000,-116000
068950,台積電凱基02購16,0,0,0,0,0,0,0,0,0,-116000,0,0,0,0,116000,-116000,-116000
03393P,聯電國泰03售01  ,0,0,0,0,0,0,0,0,0,-116000,0,0,0,85000,201000,-116000,-116000
03312P,亞德客元大02售02,0,0,0,0,0,0,0,0,0,-116000,0,0,0,20000,136000,-116000,-116000
063578,瑞祺元大9B購03  ,0,0,0,0,0,0,0,0,0,-116000,0,0,0,50000,166000,-116000,-116000
062316,康控凱基9B購03  ,0,0,0,0,0,0,0,0,0,-116000,0,0,0,0,116000,-116000,-116000
063937,上銀元大9C購02  ,0,0,0,0,0,0,0,0,0,-116000,0,0,0,6000,122000,-116000,-116000
061307,和潤永豐9A購02  ,0,0,0,0,0,0,0,0,0,-116000,0,0,0,0,116000,-116000,-116000
066574,康友元大01購01  ,0,0,0,0,0,0,0,0,0,-116000,0,0,0,0,116000,-116000,-116000
067566,台積電康和01購01,0,0,0,0,0,0,0,0,0,-116000,0,0,0,41000,157000,-116000,-116000
067628,力山永豐01購01  ,0,0,0,0,0,0,0,0,0,-116000,0,0,0,0,116000,-116000,-116000
065097,貿聯元大9C購04  ,0,0,0,0,0,0,0,0,0,-116000,0,0,0,140000,256000,-116000,-116000
065672,嘉晶凱基01購01  ,0,0,0,0,0,0,0,0,0,-116000,0,0,0,115000,231000,-116000,-116000
08950P,臺股指國票01售07,0,0,0,0,0,0,0,0,0,-116000,0,0,0,15000,131000,-116000,-116000
069796,精元凱基03購01  ,0,0,0,0,0,0,0,0,0,-117000,0,0,0,0,117000,-117000,-117000
07905P,大立光群益9B售04,0,0,0,0,0,0,0,0,0,-117000,0,0,0,20000,137000,-117000,-117000
069561,力山康和02購01  ,0,0,0,0,0,0,0,0,0,-117000,0,0,0,0,117000,-117000,-117000
03066P,台積電群益01售19,0,0,0,0,0,0,0,0,0,-117000,0,0,0,190000,307000,-117000,-117000
064347,貿聯元大9C購03  ,0,0,0,0,0,0,0,0,0,-117000,0,0,0,50000,167000,-117000,-117000
063057,祥碩統一03購01  ,40000,0,40000,0,0,0,0,0,0,-157000,0,0,0,468000,625000,-157000,-117000
062142,喬山國票9B購01  ,0,0,0,0,0,0,0,0,0,-117000,0,0,0,21000,138000,-117000,-117000
065420,中租國票01購01  ,0,40000,-40000,0,0,0,0,0,0,-77000,0,0,0,74000,151000,-77000,-117000
065839,鴻海元大9C購17  ,0,0,0,0,0,0,0,0,0,-117000,0,0,0,1000,118000,-117000,-117000
066097,英業達中信02購01,0,0,0,0,0,0,0,0,0,-117000,0,0,0,142000,259000,-117000,-117000
067381,康控統一03購01  ,0,0,0,0,0,0,0,0,0,-117000,0,0,0,10000,127000,-117000,-117000
067050,京鼎凱基03購01  ,0,0,0,0,0,0,0,0,0,-117000,0,0,0,83000,200000,-117000,-117000
068956,嘉聯益凱基02購01,0,0,0,0,0,0,0,0,0,-118000,0,0,0,216000,334000,-118000,-118000
068851,漢唐統一04購01  ,0,0,0,0,0,0,0,0,0,-118000,0,0,0,15000,133000,-118000,-118000
068768,台積電統一05購01,0,0,0,0,0,0,0,0,0,-118000,0,0,0,0,118000,-118000,-118000
068676,華擎元富07購01  ,0,0,0,0,0,0,0,0,0,-118000,0,0,0,628000,746000,-118000,-118000
061227,日月光中信9B購01,0,0,0,0,0,0,0,0,0,-118000,0,0,0,500000,618000,-118000,-118000
067483,禾伸堂元大01購02,0,0,0,0,0,0,0,0,0,-118000,0,0,0,100000,218000,-118000,-118000
067711,緯穎元富05購01  ,0,0,0,0,0,0,0,0,0,-118000,0,0,0,174000,292000,-118000,-118000
066297,美利達元大01購01,0,0,0,0,0,0,0,0,0,-118000,0,0,0,59000,177000,-118000,-118000
1227,佳格            ,423927,542866,-118939,0,0,0,0,0,0,0,0,0,0,0,0,0,-118939
069524,矽創凱基02購01  ,0,0,0,0,0,0,0,0,0,-119000,0,0,0,21000,140000,-119000,-119000
069255,華擎凱基02購03  ,0,0,0,0,0,0,0,0,0,-119000,0,0,0,83000,202000,-119000,-119000
069108,大立光兆豐03購02,0,0,0,0,0,0,0,0,0,-119000,0,0,0,0,119000,-119000,-119000
069748,同欣電永豐02購01,0,0,0,0,0,0,0,0,0,-119000,0,0,0,0,119000,-119000,-119000
064498,可成元大01購03  ,0,0,0,0,0,0,0,0,0,-119000,0,0,0,102000,221000,-119000,-119000
058733,同欣電永豐99購02,0,0,0,0,0,0,0,0,0,-119000,0,0,0,1000,120000,-119000,-119000
067720,瑞昱凱基01購02  ,0,0,0,0,0,0,0,0,0,-119000,0,0,0,255000,374000,-119000,-119000
067287,瀚宇博國票02購01,0,0,0,0,0,0,0,0,0,-119000,0,0,0,109000,228000,-119000,-119000
066784,滬深反中信03購01,0,0,0,0,0,0,0,0,0,-119000,0,0,0,0,119000,-119000,-119000
08666P,智邦國票02售01  ,0,0,0,0,0,0,0,0,0,-119000,0,0,0,3000,122000,-119000,-119000
069127,SP黃豆國泰04購01,0,0,0,0,0,0,0,0,0,-120000,0,0,0,0,120000,-120000,-120000
069666,台灣50元大03購05,0,0,0,0,0,0,0,0,0,-120000,0,0,0,0,120000,-120000,-120000
068536,聯發科中信04購02,0,0,0,0,0,0,0,0,0,-120000,0,0,0,224000,344000,-120000,-120000
052775,滬深2X國票99購02,0,0,0,0,0,0,0,0,0,-120000,0,0,0,0,120000,-120000,-120000
063383,億豐永豐9B購02  ,0,0,0,0,0,0,0,0,0,-120000,0,0,0,404000,524000,-120000,-120000
063144,超眾統一9C購02  ,0,0,0,0,0,0,0,0,0,-120000,0,0,0,14000,134000,-120000,-120000
062266,世紀鋼元大9B購02,0,0,0,0,0,0,0,0,0,-120000,0,0,0,138000,258000,-120000,-120000
063482,緯穎元大9B購09  ,0,0,0,0,0,0,0,0,0,-120000,0,0,0,80000,200000,-120000,-120000
066851,瀚宇博元大01購02,0,0,0,0,0,0,0,0,0,-120000,0,0,0,415000,535000,-120000,-120000
067240,聯陽群益01購02  ,0,0,0,0,0,0,0,0,0,-120000,0,0,0,103000,223000,-120000,-120000
067480,可成元大01購07  ,0,0,0,0,0,0,0,0,0,-120000,0,0,0,68000,188000,-120000,-120000
067591,聚陽凱基02購02  ,0,0,0,0,0,0,0,0,0,-120000,0,0,0,154000,274000,-120000,-120000
03382P,帆宣康和02售01  ,0,0,0,0,0,0,0,0,0,-121000,0,0,0,0,121000,-121000,-121000
062666,和碩群益9B購01  ,0,0,0,0,0,0,0,0,0,-121000,0,0,0,37000,158000,-121000,-121000
067073,國揚元大01購02  ,0,0,0,0,0,0,0,0,0,-121000,0,0,0,82000,203000,-121000,-121000
1707,葡萄王          ,7000,130000,-123000,0,0,0,0,0,0,2000,3000,0,3000,0,1000,-1000,-121000
068970,美利達群益02購01,0,0,0,0,0,0,0,0,0,-122000,0,0,0,21000,143000,-122000,-122000
069291,為升中信04購01  ,0,0,0,0,0,0,0,0,0,-122000,0,0,0,273000,395000,-122000,-122000
060849,力成國票9A購01  ,0,0,0,0,0,0,0,0,0,-122000,0,0,0,38000,160000,-122000,-122000
06054P,臺股指中信9A售01,0,0,0,0,0,0,0,0,0,-122000,0,0,0,276000,398000,-122000,-122000
059786,全新元大99購06  ,0,0,0,0,0,0,0,0,0,-122000,0,0,0,0,122000,-122000,-122000
064841,彩晶統一02購02  ,0,0,0,0,0,0,0,0,0,-122000,0,0,0,92000,214000,-122000,-122000
063155,緯穎元富9B購03  ,0,0,0,0,0,0,0,0,0,-122000,0,0,0,0,122000,-122000,-122000
063914,和碩凱基9C購01  ,0,0,0,0,0,0,0,0,0,-122000,0,0,0,12000,134000,-122000,-122000
061974,光寶科元大9B購01,0,0,0,0,0,0,0,0,0,-122000,0,0,0,53000,175000,-122000,-122000
065150,上銀群益9C購03  ,0,0,0,0,0,0,0,0,0,-122000,0,0,0,139000,261000,-122000,-122000
062588,國巨統一9B購14  ,0,0,0,0,0,0,0,0,0,-123000,0,0,0,0,123000,-123000,-123000
063973,緯穎國票9C購01  ,0,0,0,0,0,0,0,0,0,-123000,0,0,0,63000,186000,-123000,-123000
065661,智原永豐9C購01  ,0,0,0,0,0,0,0,0,0,-123000,0,0,0,145000,268000,-123000,-123000
06721P,臺股指中信9A售03,0,0,0,0,0,0,0,0,0,-123000,0,0,0,30000,153000,-123000,-123000
067978,緯穎群益01購06  ,0,0,0,0,0,0,0,0,0,-124000,0,0,0,98000,222000,-124000,-124000
063826,中興電國票01購01,0,0,0,0,0,0,0,0,0,-124000,0,0,0,201000,325000,-124000,-124000
03049P,台積電元富07售11,0,0,0,0,0,0,0,0,0,-124000,0,0,0,4000,128000,-124000,-124000
063968,新光金國票01購01,0,0,0,0,0,0,0,0,0,-124000,0,0,0,5000,129000,-124000,-124000
063060,華新科元富9B購03,0,0,0,0,0,0,0,0,0,-124000,0,0,0,0,124000,-124000,-124000
061184,大立光國泰9C購01,0,0,0,0,0,0,0,0,0,-124000,0,0,0,0,124000,-124000,-124000
061789,群創群益9B購01  ,0,0,0,0,0,0,0,0,0,-124000,0,0,0,19000,143000,-124000,-124000
066563,日月光元大01購01,0,0,0,0,0,0,0,0,0,-124000,0,0,0,91000,215000,-124000,-124000
065479,新日興元大9C購05,0,0,0,0,0,0,0,0,0,-124000,0,0,0,1000,125000,-124000,-124000
066260,聯強元大01購02  ,0,0,0,0,0,0,0,0,0,-124000,0,0,0,77000,201000,-124000,-124000
5203,訊連            ,222000,365000,-143000,0,0,0,0,0,0,19000,0,0,0,22000,3000,19000,-124000
068035,聯詠元富07購03  ,0,0,0,0,0,0,0,0,0,-125000,0,0,0,60000,185000,-125000,-125000
068604,聯發科凱基01購23,0,0,0,0,0,0,0,0,0,-125000,0,0,0,0,125000,-125000,-125000
062668,國巨中信9B購04  ,0,0,0,0,0,0,0,0,0,-125000,0,0,0,0,125000,-125000,-125000
061528,超眾凱基9A購04  ,0,0,0,0,0,0,0,0,0,-125000,0,0,0,8000,133000,-125000,-125000
063133,喬山統一01購01  ,0,0,0,0,0,0,0,0,0,-125000,0,0,0,300000,425000,-125000,-125000
062129,世紀鋼統一02購01,0,0,0,0,0,0,0,0,0,-125000,0,0,0,1000,126000,-125000,-125000
066194,美利達凱基01購01,0,0,0,0,0,0,0,0,0,-125000,0,0,0,8000,133000,-125000,-125000
066410,潤泰新凱基01購01,0,0,0,0,0,0,0,0,0,-125000,0,0,0,0,125000,-125000,-125000
065165,上銀元大9C購09  ,0,0,0,0,0,0,0,0,0,-125000,0,0,0,33000,158000,-125000,-125000
067567,瀚宇博康和01購01,0,0,0,0,0,0,0,0,0,-125000,0,0,0,83000,208000,-125000,-125000
067768,鴻海統一03購05  ,0,0,0,0,0,0,0,0,0,-125000,0,0,0,5000,130000,-125000,-125000
08796P,晶技凱基01售01  ,0,0,0,0,0,0,0,0,0,-125000,0,0,0,178000,303000,-125000,-125000
069180,力山麥證02購01  ,0,0,0,0,126000,-126000,0,0,0,-126000,0,0,0,0,126000,-126000,-126000
08095P,大立光元富9B售03,0,0,0,0,0,0,0,0,0,-126000,0,0,0,94000,220000,-126000,-126000
00640L,富邦日本正2     ,0,24000,-24000,0,0,0,0,0,0,-102000,0,0,0,157000,259000,-102000,-126000
063762,緯穎統一9C購01  ,0,0,0,0,0,0,0,0,0,-126000,0,0,0,0,126000,-126000,-126000
059954,華新科康和99購01,0,0,0,0,0,0,0,0,0,-126000,0,0,0,15000,141000,-126000,-126000
059832,超眾康和99購01  ,0,0,0,0,0,0,0,0,0,-126000,0,0,0,73000,199000,-126000,-126000
062335,茂林統一01購01  ,0,0,0,0,0,0,0,0,0,-126000,0,0,0,4000,130000,-126000,-126000
061265,富邦金凱基9B購01,0,0,0,0,0,0,0,0,0,-126000,0,0,0,2000,128000,-126000,-126000
066162,泰豐凱基01購01  ,0,0,0,0,0,0,0,0,0,-126000,0,0,0,1000,127000,-126000,-126000
065875,創意群益9C購05  ,0,0,0,0,0,0,0,0,0,-126000,0,0,0,104000,230000,-126000,-126000
068796,麗豐凱基02購01  ,0,0,0,0,0,0,0,0,0,-127000,0,0,0,13000,140000,-127000,-127000
068410,緯穎元富07購02  ,0,0,0,0,0,0,0,0,0,-127000,0,0,0,0,127000,-127000,-127000
060575,大立光中信9B購02,0,0,0,0,0,0,0,0,0,-127000,0,0,0,0,127000,-127000,-127000
03139P,聯電凱基01售02  ,0,0,0,0,0,0,0,0,0,-127000,0,0,0,0,127000,-127000,-127000
03216P,臺股指群益02售01,0,0,0,0,0,0,0,0,0,-127000,0,0,0,0,127000,-127000,-127000
060899,超眾凱基9A購01  ,0,0,0,0,0,0,0,0,0,-127000,0,0,0,0,127000,-127000,-127000
062707,致伸元大9B購01  ,0,0,0,0,0,0,0,0,0,-127000,0,0,0,0,127000,-127000,-127000
067515,美利達統一03購03,0,0,0,0,0,0,0,0,0,-127000,0,0,0,0,127000,-127000,-127000
8926,台汽電          ,124000,261000,-137000,0,0,0,0,0,0,10000,10000,0,10000,3000,3000,0,-127000
068277,緯穎永豐01購03  ,0,0,0,0,0,0,0,0,0,-128000,0,0,0,0,128000,-128000,-128000
060246,晶相光元大9C購03,0,0,0,0,0,0,0,0,0,-128000,0,0,0,10000,138000,-128000,-128000
063966,大毅國票01購01  ,0,0,0,0,0,0,0,0,0,-128000,0,0,0,36000,164000,-128000,-128000
063345,嘉晶統一9C購02  ,0,0,0,0,0,0,0,0,0,-128000,0,0,0,40000,168000,-128000,-128000
067606,京鼎凱基01購04  ,0,0,0,0,0,0,0,0,0,-128000,0,0,0,181000,309000,-128000,-128000
067320,訊連元大01購01  ,0,0,0,0,0,0,0,0,0,-128000,0,0,0,22000,150000,-128000,-128000
066481,華碩元富01購01  ,0,0,0,0,0,0,0,0,0,-128000,0,0,0,226000,354000,-128000,-128000
066959,新唐元大01購01  ,0,0,0,0,0,0,0,0,0,-128000,0,0,0,60000,188000,-128000,-128000
066398,京鼎凱基01購02  ,0,0,0,0,0,0,0,0,0,-128000,0,0,0,81000,209000,-128000,-128000
08578P,TPK元大9C售04   ,0,0,0,0,0,0,0,0,0,-128000,0,0,0,0,128000,-128000,-128000
068207,日月光凱基01購02,0,0,0,0,0,0,0,0,0,-129000,0,0,0,0,129000,-129000,-129000
056738,國巨凱基9A購02  ,0,0,0,0,0,0,0,0,0,-129000,0,0,0,0,129000,-129000,-129000
063077,巨大永豐9B購03  ,0,0,0,0,0,0,0,0,0,-129000,0,0,0,57000,186000,-129000,-129000
062922,南六元大9B購03  ,0,0,0,0,0,0,0,0,0,-129000,0,0,0,14000,143000,-129000,-129000
063608,力成凱基9B購03  ,0,0,0,0,0,0,0,0,0,-129000,0,0,0,30000,159000,-129000,-129000
066557,京鼎元大01購01  ,0,0,0,0,0,0,0,0,0,-129000,0,0,0,61000,190000,-129000,-129000
067764,寶成永豐01購01  ,0,0,0,0,0,0,0,0,0,-129000,0,0,0,18000,147000,-129000,-129000
08606P,聯發科國票9C售05,0,0,0,0,0,0,0,0,0,-129000,0,0,0,51000,180000,-129000,-129000
068807,上緯控群益02購01,0,0,0,0,0,0,0,0,0,-130000,0,0,0,50000,180000,-130000,-130000
068874,精元凱基02購01  ,0,0,0,0,0,0,0,0,0,-130000,0,0,0,282000,412000,-130000,-130000
08134P,臺股指元大9B售40,0,0,0,0,0,0,0,0,0,-130000,0,0,0,0,130000,-130000,-130000
03112P,GIS元大01售03   ,0,0,0,0,0,0,0,0,0,-130000,0,0,0,0,130000,-130000,-130000
058521,日月光元大99購01,0,0,0,0,0,0,0,0,0,-130000,0,0,0,0,130000,-130000,-130000
059760,楠梓電永豐99購01,0,0,0,0,0,0,0,0,0,-130000,0,0,0,2000,132000,-130000,-130000
058829,華新科永豐99購04,0,0,0,0,0,0,0,0,0,-130000,0,0,0,0,130000,-130000,-130000
063032,國巨凱基9C購04  ,0,0,0,0,0,0,0,0,0,-130000,0,0,0,0,130000,-130000,-130000
061748,華新科統一9C購02,0,0,0,0,0,0,0,0,0,-130000,0,0,0,0,130000,-130000,-130000
061833,華新科凱基02購01,0,0,0,0,0,0,0,0,0,-130000,0,0,0,0,130000,-130000,-130000
067023,巨大中信01購01  ,0,0,0,0,0,0,0,0,0,-130000,0,0,0,386000,516000,-130000,-130000
066974,SP黃豆群益03購01,0,0,0,0,0,0,0,0,0,-130000,0,0,0,100000,230000,-130000,-130000
065900,瑞祺國泰02購01  ,0,0,0,0,0,0,0,0,0,-130000,0,0,0,0,130000,-130000,-130000
065382,緯穎元大9C購04  ,0,0,0,0,0,0,0,0,0,-130000,0,0,0,0,130000,-130000,-130000
067787,致伸群益03購01  ,0,0,0,0,0,0,0,0,0,-131000,0,0,0,0,131000,-131000,-131000
059647,超眾凱基99購04  ,0,0,0,0,0,0,0,0,0,-131000,0,0,0,0,131000,-131000,-131000
063270,喬山兆豐9C購01  ,0,0,0,0,0,0,0,0,0,-131000,0,0,0,101000,232000,-131000,-131000
063920,大立光元富03購02,0,0,0,0,0,0,0,0,0,-131000,0,0,0,4000,135000,-131000,-131000
063560,力山元大9B購05  ,0,0,0,0,0,0,0,0,0,-131000,0,0,0,30000,161000,-131000,-131000
064142,國巨統一9C購13  ,0,0,0,0,0,0,0,0,0,-131000,0,0,0,29000,160000,-131000,-131000
065520,台勝科群益9C購03,0,0,0,0,0,0,0,0,0,-131000,0,0,0,0,131000,-131000,-131000
066856,致新元大01購01  ,0,0,0,0,0,0,0,0,0,-131000,0,0,0,300000,431000,-131000,-131000
067530,國巨群益01購09  ,0,0,0,0,0,0,0,0,0,-131000,0,0,0,106000,237000,-131000,-131000
08836P,滬深2X國票02售04,0,0,0,0,0,0,0,0,0,-131000,0,0,0,0,131000,-131000,-131000
08872P,臺股指群益01售05,0,0,0,0,0,0,0,0,0,-131000,0,0,0,0,131000,-131000,-131000
2010,春源            ,59000,189000,-130000,0,0,0,0,0,0,-1000,0,1000,-1000,0,0,0,-131000
4536,拓凱            ,102000,117000,-15000,0,0,0,0,131000,-131000,15000,5000,0,5000,12000,2000,10000,-131000
6670,復盛應用        ,243014,72000,171014,0,0,0,0,267000,-267000,-36000,0,31000,-31000,2000,7000,-5000,-131986
067945,台積電國泰03購03,0,0,0,0,0,0,0,0,0,-132000,0,0,0,218000,350000,-132000,-132000
069665,南電兆豐03購03  ,0,0,0,0,0,0,0,0,0,-132000,0,0,0,20000,152000,-132000,-132000
069599,和鑫國票02購01  ,0,0,0,0,0,0,0,0,0,-132000,0,0,0,67000,199000,-132000,-132000
057451,大立光元富9B購01,0,0,0,0,0,0,0,0,0,-132000,0,0,0,0,132000,-132000,-132000
062883,智易兆豐9C購01  ,0,0,0,0,0,0,0,0,0,-132000,0,0,0,87000,219000,-132000,-132000
066703,聯詠群益01購02  ,0,0,0,0,0,0,0,0,0,-132000,0,0,0,109000,241000,-132000,-132000
066434,台虹元大01購01  ,0,0,0,0,0,0,0,0,0,-132000,0,0,0,501000,633000,-132000,-132000
08645P,臺股指中信03售01,0,0,0,0,0,0,0,0,0,-132000,0,0,0,25000,157000,-132000,-132000
058293,光寶科凱基9A購01,0,0,0,0,0,0,0,0,0,-133000,0,0,0,0,133000,-133000,-133000
066026,泰碩群益03購01  ,0,0,0,0,0,0,0,0,0,-133000,0,0,0,107000,240000,-133000,-133000
069145,聯陽永豐02購01  ,0,0,0,0,0,0,0,0,0,-134000,0,0,0,0,134000,-134000,-134000
058694,鈺齊國票9A購02  ,0,0,0,0,0,0,0,0,0,-134000,0,0,0,0,134000,-134000,-134000
060014,中鋼康和99購01  ,0,0,0,0,0,0,0,0,0,-134000,0,0,0,0,134000,-134000,-134000
067649,台積電元富07購05,0,0,0,0,0,0,0,0,0,-134000,0,0,0,582000,716000,-134000,-134000
3557,嘉威            ,107000,243000,-136000,0,0,0,0,0,0,2000,2000,0,2000,0,0,0,-134000
069699,華碩元富02購01  ,0,0,0,0,0,0,0,0,0,-135000,0,0,0,0,135000,-135000,-135000
069024,佳世達國票03購01,0,0,0,0,0,0,0,0,0,-135000,0,0,0,51000,186000,-135000,-135000
060612,世紀鋼凱基9A購01,0,0,0,0,0,0,0,0,0,-135000,0,0,0,2000,137000,-135000,-135000
057544,鴻海凱基02購01  ,0,0,0,0,0,0,0,0,0,-135000,0,0,0,103000,238000,-135000,-135000
064224,玉晶光國票01購04,0,0,0,0,0,0,0,0,0,-135000,0,0,0,160000,295000,-135000,-135000
063665,南亞科統一01購02,0,0,0,0,0,0,0,0,0,-135000,0,0,0,0,135000,-135000,-135000
063373,晶技永豐9B購02  ,0,0,0,0,0,0,0,0,0,-135000,0,0,0,36000,171000,-135000,-135000
061055,康控群益9A購01  ,0,0,0,0,0,0,0,0,0,-135000,0,0,0,0,135000,-135000,-135000
065037,緯穎統一02購02  ,0,0,0,0,0,0,0,0,0,-135000,0,0,0,0,135000,-135000,-135000
066657,滬深2X凱基04購01,0,0,0,0,0,0,0,0,0,-135000,0,0,0,15000,150000,-135000,-135000
8996,高力            ,45000,118000,-73000,0,0,0,0,62000,-62000,0,0,0,0,0,0,0,-135000
08233P,國泰金元富9B售01,0,0,0,0,0,0,0,0,0,-136000,0,0,0,35000,171000,-136000,-136000
062578,超眾群益9B購01  ,0,0,0,0,0,0,0,0,0,-136000,0,0,0,0,136000,-136000,-136000
067434,日月光凱基01購01,0,0,0,0,0,0,0,0,0,-136000,0,0,0,0,136000,-136000,-136000
067417,力山凱基02購01  ,0,0,0,0,0,0,0,0,0,-136000,0,0,0,25000,161000,-136000,-136000
067413,臺股指中信04購02,0,0,0,0,0,0,0,0,0,-136000,0,0,0,10000,146000,-136000,-136000
066060,超眾元大01購03  ,0,0,0,0,0,0,0,0,0,-136000,0,0,0,95000,231000,-136000,-136000
069740,智邦永豐02購02  ,0,0,0,0,0,0,0,0,0,-137000,0,0,0,0,137000,-137000,-137000
067887,英業達群益01購02,0,0,0,0,0,0,0,0,0,-137000,0,0,0,98000,235000,-137000,-137000
060064,華新科兆豐99購07,0,0,0,0,0,0,0,0,0,-137000,0,0,0,8000,145000,-137000,-137000
060882,大立光中信9A購05,0,0,0,0,0,0,0,0,0,-137000,0,0,0,0,137000,-137000,-137000
062091,世紀鋼元大9B購01,0,0,0,0,0,0,0,0,0,-137000,0,0,0,84000,221000,-137000,-137000
066750,緯穎元大01購04  ,0,0,0,0,0,0,0,0,0,-137000,0,0,0,49000,186000,-137000,-137000
068553,T50反1元大01購09,0,0,0,0,0,0,0,0,0,-138000,0,0,0,0,138000,-138000,-138000
069621,創意統一02購04  ,0,0,0,0,0,0,0,0,0,-138000,0,0,0,153000,291000,-138000,-138000
069638,百和元富03購01  ,0,0,0,0,0,0,0,0,0,-138000,0,0,0,100000,238000,-138000,-138000
069357,聯電永豐02購04  ,0,0,0,0,0,0,0,0,0,-138000,0,0,0,20000,158000,-138000,-138000
064362,友達統一01購02  ,0,0,0,0,0,0,0,0,0,-138000,0,0,0,80000,218000,-138000,-138000
063599,智邦凱基9B購04  ,0,0,0,0,0,0,0,0,0,-138000,0,0,0,51000,189000,-138000,-138000
064198,超眾群益9C購01  ,0,0,0,0,0,0,0,0,0,-138000,0,0,0,30000,168000,-138000,-138000
066976,台達電群益01購01,0,0,0,0,0,0,0,0,0,-138000,0,0,0,30000,168000,-138000,-138000
067121,台虹群益01購01  ,0,0,0,0,0,0,0,0,0,-138000,0,0,0,37000,175000,-138000,-138000
067207,微星元大01購04  ,0,0,0,0,0,0,0,0,0,-138000,0,0,0,82000,220000,-138000,-138000
064903,新唐群益9C購01  ,0,0,0,0,0,0,0,0,0,-138000,0,0,0,35000,173000,-138000,-138000
068651,聯電元大02購04  ,0,0,0,0,0,0,0,0,0,-139000,0,0,0,15000,154000,-139000,-139000
064087,華新科凱基9C購03,0,0,0,0,0,0,0,0,0,-139000,0,0,0,73000,212000,-139000,-139000
063195,訊連元富9B購01  ,0,0,0,0,0,0,0,0,0,-139000,0,0,0,43000,182000,-139000,-139000
063361,台表科國泰01購02,0,0,0,0,0,0,0,0,0,-139000,0,0,0,83000,222000,-139000,-139000
062984,致新元富9B購01  ,0,0,0,0,0,0,0,0,0,-139000,0,0,0,23000,162000,-139000,-139000
065398,國泰金群益9C購01,0,0,0,0,0,0,0,0,0,-139000,0,0,0,0,139000,-139000,-139000
067719,旺宏凱基01購03  ,0,0,0,0,0,0,0,0,0,-139000,0,0,0,20000,159000,-139000,-139000
066639,彩晶凱基05購01  ,0,0,0,0,0,0,0,0,0,-139000,0,0,0,114000,253000,-139000,-139000
912398,友佳-DR         ,2000,141000,-139000,0,0,0,0,0,0,0,0,0,0,0,0,0,-139000
068507,緯穎元大01購08  ,0,0,0,0,0,0,0,0,0,-140000,0,0,0,28000,168000,-140000,-140000
068909,台積電群益02購09,0,0,0,0,0,0,0,0,0,-140000,0,0,0,0,140000,-140000,-140000
069505,可成永豐02購01  ,0,0,0,0,0,0,0,0,0,-140000,0,0,0,0,140000,-140000,-140000
064553,臺指反群益9C購01,0,0,0,0,0,0,0,0,0,-140000,0,0,0,0,140000,-140000,-140000
063922,大立光元富9C購04,0,0,0,0,0,0,0,0,0,-140000,0,0,0,56000,196000,-140000,-140000
063403,鈺齊群益9B購01  ,0,0,0,0,0,0,0,0,0,-140000,0,0,0,0,140000,-140000,-140000
062340,力成麥證9B購01  ,0,0,0,0,140000,-140000,0,0,0,-140000,0,0,0,0,140000,-140000,-140000
066594,聯詠群益01購01  ,0,0,0,0,0,0,0,0,0,-140000,0,0,0,11000,151000,-140000,-140000
065381,緯穎元大9C購03  ,0,0,0,0,0,0,0,0,0,-140000,0,0,0,10000,150000,-140000,-140000
065973,嘉晶元大01購03  ,0,0,0,0,0,0,0,0,0,-140000,0,0,0,320000,460000,-140000,-140000
065827,正崴凱基9C購01  ,0,0,0,0,0,0,0,0,0,-140000,0,0,0,11000,151000,-140000,-140000
066405,晶碩凱基01購01  ,0,0,0,0,0,0,0,0,0,-140000,0,0,0,0,140000,-140000,-140000
066393,華碩凱基01購01  ,0,0,0,0,0,0,0,0,0,-140000,0,0,0,92000,232000,-140000,-140000
069626,儒鴻元富05購01  ,0,0,0,0,0,0,0,0,0,-141000,0,0,0,30000,171000,-141000,-141000
08320P,智邦統一9C售02  ,0,0,0,0,0,0,0,0,0,-141000,0,0,0,1000,142000,-141000,-141000
068364,鴻海國泰07購01  ,0,0,0,0,0,0,0,0,0,-141000,0,0,0,0,141000,-141000,-141000
063280,燿華元大9B購05  ,0,0,0,0,0,0,0,0,0,-141000,0,0,0,8000,149000,-141000,-141000
061084,京元電兆豐9A購02,0,0,0,0,0,0,0,0,0,-141000,0,0,0,85000,226000,-141000,-141000
066122,卜蜂群益03購01  ,0,0,0,0,0,0,0,0,0,-141000,0,0,0,12000,153000,-141000,-141000
065438,緯穎凱基9C購04  ,0,0,0,0,0,0,0,0,0,-141000,0,0,0,22000,163000,-141000,-141000
066505,可成富邦03購01  ,0,0,0,0,0,0,0,0,0,-141000,0,0,0,100000,241000,-141000,-141000
006208,富邦台50        ,18115,18000,115,0,0,0,0,0,0,-142000,0,0,0,310000,452000,-142000,-141885
069566,宏碁凱基02購02  ,0,0,0,0,0,0,0,0,0,-142000,0,0,0,28000,170000,-142000,-142000
065023,大毅永豐9C購01  ,0,0,0,0,0,0,0,0,0,-142000,0,0,0,85000,227000,-142000,-142000
066938,敦泰國票02購01  ,0,0,0,0,0,0,0,0,0,-142000,0,0,0,0,142000,-142000,-142000
069598,強茂國票03購01  ,0,0,0,0,0,0,0,0,0,-143000,0,0,0,0,143000,-143000,-143000
067936,泰碩凱基01購02  ,0,0,0,0,0,0,0,0,0,-143000,0,0,0,42000,185000,-143000,-143000
068709,上緯控國票03購01,0,0,0,0,0,0,0,0,0,-143000,0,0,0,90000,233000,-143000,-143000
063812,智邦群益9C購02  ,0,0,0,0,0,0,0,0,0,-143000,0,0,0,42000,185000,-143000,-143000
061286,大立光統一9A購05,0,0,0,0,0,0,0,0,0,-143000,0,0,0,0,143000,-143000,-143000
062333,嘉晶統一9C購01  ,0,0,0,0,0,0,0,0,0,-143000,0,0,0,259000,402000,-143000,-143000
063214,康控國票9C購01  ,0,0,0,0,0,0,0,0,0,-143000,0,0,0,0,143000,-143000,-143000
065549,智邦凱基9C購03  ,0,0,0,0,0,0,0,0,0,-143000,0,0,0,139000,282000,-143000,-143000
065610,牧德元大02購01  ,0,0,0,0,0,0,0,0,0,-143000,0,0,0,0,143000,-143000,-143000
08694P,大立光群益01售05,0,0,0,0,0,0,0,0,0,-143000,0,0,0,0,143000,-143000,-143000
2316,楠梓電          ,697000,901000,-204000,0,0,0,0,0,0,61000,1000,0,1000,60000,0,60000,-143000
064337,大毅元大01購02  ,0,0,0,0,0,0,0,0,0,-144000,0,0,0,0,144000,-144000,-144000
059959,訊芯康和99購01  ,0,0,0,0,0,0,0,0,0,-144000,0,0,0,0,144000,-144000,-144000
059852,康控永豐99購02  ,0,0,0,0,0,0,0,0,0,-144000,0,0,0,23000,167000,-144000,-144000
058693,旭富國票9A購01  ,0,0,0,0,0,0,0,0,0,-144000,0,0,0,82000,226000,-144000,-144000
03458B,臺股指元大04熊07,0,0,0,0,0,0,0,0,0,-144000,0,0,0,0,144000,-144000,-144000
03454B,臺股指元大04熊06,0,0,0,0,0,0,0,0,0,-144000,0,0,0,27000,171000,-144000,-144000
064086,旺宏凱基9C購01  ,0,0,0,0,0,0,0,0,0,-144000,0,0,0,0,144000,-144000,-144000
064139,裕隆統一01購02  ,0,0,0,0,0,0,0,0,0,-144000,0,0,0,0,144000,-144000,-144000
065060,上銀群益9C購02  ,0,0,0,0,0,0,0,0,0,-144000,0,0,0,22000,166000,-144000,-144000
066465,同欣電統一01購05,0,0,0,0,0,0,0,0,0,-144000,0,0,0,0,144000,-144000,-144000
068615,矽創凱基03購01  ,0,0,0,0,0,0,0,0,0,-145000,0,0,0,0,145000,-145000,-145000
068875,正崴凱基02購01  ,0,0,0,0,0,0,0,0,0,-145000,0,0,0,4000,149000,-145000,-145000
069126,世紀鋼群益02購01,0,0,0,0,0,0,0,0,0,-145000,0,0,0,0,145000,-145000,-145000
03090P,臺股指元大01售19,0,0,0,0,0,0,0,0,0,-145000,0,0,0,45000,190000,-145000,-145000
061476,大毅元大9A購02  ,0,0,0,0,0,0,0,0,0,-145000,0,0,0,0,145000,-145000,-145000
064291,南六元大9C購04  ,0,0,0,0,0,0,0,0,0,-145000,0,0,0,100000,245000,-145000,-145000
067466,元金2X元大03購01,0,0,0,0,0,0,0,0,0,-145000,0,0,0,141000,286000,-145000,-145000
066030,超眾群益01購01  ,0,0,0,0,0,0,0,0,0,-145000,0,0,0,39000,184000,-145000,-145000
08774P,華擎凱基01售02  ,0,0,0,0,0,0,0,0,0,-145000,0,0,0,15000,160000,-145000,-145000
5258,虹堡            ,84000,10000,74000,0,0,0,0,0,0,-219000,1000,220000,-219000,0,0,0,-145000
069348,和碩群益02購01  ,0,0,0,0,0,0,0,0,0,-146000,0,0,0,5000,151000,-146000,-146000
063863,儒鴻富邦02購01  ,0,0,0,0,0,0,0,0,0,-146000,0,0,0,14000,160000,-146000,-146000
063999,日月光兆豐9C購01,0,0,0,0,0,0,0,0,0,-146000,0,0,0,19000,165000,-146000,-146000
063939,上銀元大9C購04  ,0,0,0,0,0,0,0,0,0,-146000,0,0,0,0,146000,-146000,-146000
066587,台船群益01購01  ,0,0,0,0,0,0,0,0,0,-146000,0,0,0,75000,221000,-146000,-146000
3437,榮創            ,340000,493000,-153000,0,0,0,0,0,0,7000,7000,0,7000,0,0,0,-146000
069299,滬深2X凱基02購01,0,0,0,0,0,0,0,0,0,-147000,0,0,0,0,147000,-147000,-147000
069676,華碩元大02購03  ,0,0,0,0,0,0,0,0,0,-147000,0,0,0,16000,163000,-147000,-147000
060964,日月光凱基9A購01,0,0,0,0,0,0,0,0,0,-147000,0,0,0,5000,152000,-147000,-147000
064134,瑞祺元大9C購02  ,0,0,0,0,0,0,0,0,0,-147000,0,0,0,0,147000,-147000,-147000
062344,力山群益9B購02  ,0,0,0,0,0,0,0,0,0,-147000,0,0,0,1000,148000,-147000,-147000
066549,京元電元大01購03,0,0,0,0,0,0,0,0,0,-147000,0,0,0,119000,266000,-147000,-147000
066776,創意富邦03購02  ,0,0,0,0,0,0,0,0,0,-147000,0,0,0,125000,272000,-147000,-147000
067083,正文元大01購01  ,0,0,0,0,0,0,0,0,0,-147000,0,0,0,212000,359000,-147000,-147000
2393,億光            ,448000,523000,-75000,0,0,0,0,0,0,-72000,0,78000,-78000,6000,0,6000,-147000
060432,達方永豐9A購01  ,0,0,0,0,0,0,0,0,0,-148000,0,0,0,26000,174000,-148000,-148000
062520,晶豪科元大9B購02,0,0,0,0,0,0,0,0,0,-148000,0,0,0,61000,209000,-148000,-148000
064187,亞光永豐9C購01  ,0,0,0,0,0,0,0,0,0,-148000,0,0,0,2000,150000,-148000,-148000
063572,麗豐元大9B購01  ,0,0,0,0,0,0,0,0,0,-148000,0,0,0,155000,303000,-148000,-148000
064628,南六元大9C購05  ,0,0,0,0,0,0,0,0,0,-148000,0,0,0,124000,272000,-148000,-148000
066916,台虹凱基01購01  ,0,0,0,0,0,0,0,0,0,-148000,0,0,0,0,148000,-148000,-148000
067212,聯發科元大02購02,0,0,0,0,0,0,0,0,0,-148000,0,0,0,244000,392000,-148000,-148000
08546P,可成中信9C售02  ,0,0,0,0,0,0,0,0,0,-148000,0,0,0,25000,173000,-148000,-148000
058438,大立光統一9B購01,0,0,0,0,0,0,0,0,0,-149000,0,0,0,0,149000,-149000,-149000
064306,和潤兆豐01購01  ,0,0,0,0,0,0,0,0,0,-149000,0,0,0,29000,178000,-149000,-149000
067354,國揚群益01購03  ,0,0,0,0,0,0,0,0,0,-149000,0,0,0,10000,159000,-149000,-149000
066768,瀚宇博永豐01購01,0,0,0,0,0,0,0,0,0,-149000,0,0,0,215000,364000,-149000,-149000
065242,巨大凱基01購02  ,0,0,0,0,0,0,0,0,0,-149000,0,0,0,93000,242000,-149000,-149000
08175P,金像電統一9B售02,0,0,0,0,0,0,0,0,0,-150000,0,0,0,0,150000,-150000,-150000
08404P,技嘉元大9C售02  ,0,0,0,0,0,0,0,0,0,-150000,0,0,0,0,150000,-150000,-150000
07748P,茂林凱基9A售04  ,0,0,0,0,0,0,0,0,0,-150000,0,0,0,0,150000,-150000,-150000
068646,上証2X元大03購05,0,0,0,0,0,0,0,0,0,-150000,0,0,0,0,150000,-150000,-150000
068511,國巨統一07購01  ,0,0,0,0,0,0,0,0,0,-150000,0,0,0,50000,200000,-150000,-150000
068189,國巨凱基04購03  ,0,0,0,0,0,0,0,0,0,-150000,0,0,0,50000,200000,-150000,-150000
058272,超眾永豐9A購01  ,0,0,0,0,0,0,0,0,0,-150000,0,0,0,8000,158000,-150000,-150000
058161,T50反1日盛03購01,0,0,0,0,0,0,0,0,0,-150000,0,0,0,0,150000,-150000,-150000
060221,大立光凱基9A購07,0,0,0,0,0,0,0,0,0,-150000,0,0,0,0,150000,-150000,-150000
057126,台積電凱基99購03,0,0,0,0,0,0,0,0,0,-150000,0,0,0,0,150000,-150000,-150000
057286,群創元大9B購05  ,0,0,0,0,0,0,0,0,0,-150000,0,0,0,0,150000,-150000,-150000
03321P,智邦凱基03售01  ,0,0,0,0,0,0,0,0,0,-150000,0,0,0,37000,187000,-150000,-150000
03240P,臺股指元大02售05,0,0,0,0,0,0,0,0,0,-150000,0,0,0,0,150000,-150000,-150000
03217P,臺股指群益02售02,0,0,0,0,0,0,0,0,0,-150000,0,0,0,100000,250000,-150000,-150000
062252,華邦電元大9C購01,0,0,0,0,0,0,0,0,0,-150000,0,0,0,0,150000,-150000,-150000
062140,元金2X國票9B購03,0,0,0,0,0,0,0,0,0,-150000,0,0,0,0,150000,-150000,-150000
063833,致新國票01購01  ,0,0,0,0,0,0,0,0,0,-150000,0,0,0,13000,163000,-150000,-150000
061836,華新科凱基05購01,0,0,0,0,0,0,0,0,0,-150000,0,0,0,64000,214000,-150000,-150000
065614,緯穎元大01購02  ,0,0,0,0,0,0,0,0,0,-150000,0,0,0,0,150000,-150000,-150000
065873,信邦群益02購01  ,0,0,0,0,0,0,0,0,0,-150000,0,0,0,0,150000,-150000,-150000
066457,可成統一02購01  ,0,0,0,0,0,0,0,0,0,-150000,0,0,0,40000,190000,-150000,-150000
066783,友達中信01購04  ,0,0,0,0,0,0,0,0,0,-150000,0,0,0,0,150000,-150000,-150000
066550,國泰金元大01購01,0,0,0,0,0,0,0,0,0,-150000,0,0,0,0,150000,-150000,-150000
067161,嘉澤國票02購01  ,0,0,0,0,0,0,0,0,0,-150000,0,0,0,0,150000,-150000,-150000
067641,群創統一01購02  ,0,0,0,0,0,0,0,0,0,-150000,0,0,0,13000,163000,-150000,-150000
3024,憶聲            ,36000,186000,-150000,0,0,0,0,0,0,0,0,0,0,0,0,0,-150000
069060,台積電麥證02購02,0,0,0,88000,239000,-151000,0,0,0,-151000,0,0,0,88000,239000,-151000,-151000
059815,SP黃豆凱基9A購03,0,0,0,0,0,0,0,0,0,-151000,0,0,0,0,151000,-151000,-151000
061469,瑞祺群益9A購02  ,0,0,0,0,0,0,0,0,0,-151000,0,0,0,0,151000,-151000,-151000
063647,超眾元大9B購02  ,0,0,0,0,0,0,0,0,0,-151000,0,0,0,3000,154000,-151000,-151000
067134,國揚永豐01購02  ,0,0,0,0,0,0,0,0,0,-151000,0,0,0,120000,271000,-151000,-151000
067324,巨大元大01購04  ,0,0,0,0,0,0,0,0,0,-151000,0,0,0,100000,251000,-151000,-151000
065930,矽格國票02購01  ,0,0,0,0,0,0,0,0,0,-151000,0,0,0,52000,203000,-151000,-151000
069563,百和康和02購01  ,0,0,0,0,0,0,0,0,0,-152000,0,0,0,23000,175000,-152000,-152000
069257,康控凱基02購02  ,0,0,0,0,0,0,0,0,0,-152000,0,0,0,4000,156000,-152000,-152000
058046,國巨元大9A購01  ,0,0,0,0,0,0,0,0,0,-152000,0,0,0,0,152000,-152000,-152000
059772,可成群益9A購05  ,0,0,0,0,0,0,0,0,0,-152000,0,0,0,41000,193000,-152000,-152000
064079,英業達中信9C購01,0,0,0,0,0,0,0,0,0,-152000,0,0,0,267000,419000,-152000,-152000
067422,微星凱基02購03  ,0,0,0,0,0,0,0,0,0,-152000,0,0,0,53000,205000,-152000,-152000
067279,美利達統一02購02,0,0,0,0,0,0,0,0,0,-152000,0,0,0,234000,386000,-152000,-152000
067715,泰豐凱基02購01  ,0,0,0,0,0,0,0,0,0,-152000,0,0,0,4000,156000,-152000,-152000
6165,捷泰            ,174000,326000,-152000,0,0,0,0,0,0,0,0,0,0,0,0,0,-152000
062744,超眾國泰9C購01  ,0,0,0,0,0,0,0,0,0,-153000,0,0,0,9000,162000,-153000,-153000
062651,世紀鋼富邦9C購01,0,0,0,0,0,0,0,0,0,-153000,0,0,0,17000,170000,-153000,-153000
067228,華新群益01購01  ,0,0,0,0,0,0,0,0,0,-153000,0,0,0,8000,161000,-153000,-153000
067385,申豐統一02購04  ,0,0,0,0,0,0,0,0,0,-153000,0,0,0,136000,289000,-153000,-153000
066969,可成元富07購01  ,0,0,0,0,0,0,0,0,0,-153000,0,0,0,0,153000,-153000,-153000
069261,緯穎凱基03購02  ,0,0,0,0,0,0,0,0,0,-154000,0,0,0,20000,174000,-154000,-154000
064990,世紀鋼元大01購01,0,0,0,0,0,0,0,0,0,-154000,0,0,0,118000,272000,-154000,-154000
063919,大立光元富03購01,0,0,0,0,0,0,0,0,0,-154000,0,0,0,0,154000,-154000,-154000
062379,致新元大9B購01  ,0,0,0,0,0,0,0,0,0,-154000,0,0,0,77000,231000,-154000,-154000
062253,燿華元大9B購02  ,0,0,0,0,0,0,0,0,0,-154000,0,0,0,0,154000,-154000,-154000
067656,新日興元富07購01,0,0,0,0,0,0,0,0,0,-154000,0,0,0,0,154000,-154000,-154000
069735,百和麥證02購01  ,0,0,0,0,165000,-165000,0,0,0,-155000,0,0,0,10000,165000,-155000,-155000
068638,國泰金凱基03購01,0,0,0,0,0,0,0,0,0,-155000,0,0,0,0,155000,-155000,-155000
059984,華新科元大99購21,0,0,0,0,0,0,0,0,0,-155000,0,0,0,108000,263000,-155000,-155000
060956,超眾群益9A購01  ,0,0,0,0,0,0,0,0,0,-155000,0,0,0,0,155000,-155000,-155000
060723,致新永豐9A購01  ,0,0,0,0,0,0,0,0,0,-155000,0,0,0,17000,172000,-155000,-155000
057870,大立光凱基99購02,0,0,0,0,0,0,0,0,0,-155000,0,0,0,0,155000,-155000,-155000
064190,新光金第一9C購01,0,0,0,0,0,0,0,0,0,-155000,0,0,0,5000,160000,-155000,-155000
061339,京元電元大9A購05,0,0,0,0,0,0,0,0,0,-155000,0,0,0,101000,256000,-155000,-155000
065256,上銀元大9C購10  ,0,0,0,0,0,0,0,0,0,-155000,0,0,0,6000,161000,-155000,-155000
08677P,超眾群益01售02  ,0,0,0,0,0,0,0,0,0,-155000,0,0,0,20000,175000,-155000,-155000
068654,國巨元大02購07  ,0,0,0,0,0,0,0,0,0,-156000,0,0,0,45000,201000,-156000,-156000
060322,卜蜂群益9A購01  ,0,0,0,0,0,0,0,0,0,-156000,0,0,0,3000,159000,-156000,-156000
061353,康控元大9A購01  ,0,0,0,0,0,0,0,0,0,-156000,0,0,0,73000,229000,-156000,-156000
08607P,聯發科富邦03售04,0,0,0,0,0,0,0,0,0,-156000,0,0,0,0,156000,-156000,-156000
069132,力山永豐02購01  ,0,0,0,0,0,0,0,0,0,-157000,0,0,0,36000,193000,-157000,-157000
07849P,大立光群益9A售06,0,0,0,0,0,0,0,0,0,-157000,0,0,0,0,157000,-157000,-157000
060314,元翎永豐9A購01  ,0,0,0,0,0,0,0,0,0,-157000,0,0,0,39000,196000,-157000,-157000
03329P,大立光群益02售06,0,0,0,0,0,0,0,0,0,-157000,0,0,0,0,157000,-157000,-157000
064212,可成凱基03購01  ,0,0,0,0,0,0,0,0,0,-157000,0,0,0,152000,309000,-157000,-157000
062037,華新凱基9B購01  ,0,0,0,0,0,0,0,0,0,-157000,0,0,0,8000,165000,-157000,-157000
061717,力成凱基9B購01  ,0,0,0,0,0,0,0,0,0,-157000,0,0,0,0,157000,-157000,-157000
066397,智原凱基01購01  ,0,0,0,0,0,0,0,0,0,-157000,0,0,0,50000,207000,-157000,-157000
067774,同欣電統一02購01,0,0,0,0,0,0,0,0,0,-157000,0,0,0,181000,338000,-157000,-157000
067332,旺宏凱基03購02  ,0,0,0,0,0,0,0,0,0,-157000,0,0,0,50000,207000,-157000,-157000
067210,聯發科元大01購18,0,0,0,0,0,0,0,0,0,-157000,0,0,0,160000,317000,-157000,-157000
08209P,上銀元富9B售06  ,0,0,0,0,0,0,0,0,0,-158000,0,0,0,0,158000,-158000,-158000
068451,台積電國票01購11,0,0,0,0,0,0,0,0,0,-158000,0,0,0,10000,168000,-158000,-158000
068365,大立光國泰03購06,0,0,0,0,0,0,0,0,0,-158000,0,0,0,49000,207000,-158000,-158000
062483,致新國票9B購01  ,0,0,0,0,0,0,0,0,0,-158000,0,0,0,22000,180000,-158000,-158000
065538,健鼎統一9C購01  ,0,0,0,0,0,0,0,0,0,-158000,0,0,0,500000,658000,-158000,-158000
065516,健鼎群益9C購02  ,0,0,0,0,0,0,0,0,0,-158000,0,0,0,100000,258000,-158000,-158000
3605,宏致            ,498000,698000,-200000,0,0,0,0,0,0,42000,57000,15000,42000,0,0,0,-158000
068213,台塑化凱基01購01,0,0,0,0,0,0,0,0,0,-159000,0,0,0,0,159000,-159000,-159000
060738,矽格統一9C購01  ,0,0,0,0,0,0,0,0,0,-159000,0,0,0,127000,286000,-159000,-159000
063528,元大金凱基9B購01,0,0,0,0,0,0,0,0,0,-159000,0,0,0,5000,164000,-159000,-159000
061525,華新科凱基9A購13,0,0,0,0,0,0,0,0,0,-159000,0,0,0,122000,281000,-159000,-159000
065577,超眾群益9C購02  ,0,0,0,0,0,0,0,0,0,-159000,0,0,0,0,159000,-159000,-159000
066622,南帝凱基01購01  ,0,0,0,0,0,0,0,0,0,-159000,0,0,0,198000,357000,-159000,-159000
066674,達方凱基01購01  ,0,0,0,0,0,0,0,0,0,-159000,0,0,0,0,159000,-159000,-159000
068160,智易元大01購01  ,0,0,0,0,0,0,0,0,0,-160000,0,0,0,116000,276000,-160000,-160000
068067,台積電凱基01購17,0,0,0,0,0,0,0,0,0,-160000,0,0,0,57000,217000,-160000,-160000
06842P,臺股指統一9A售03,0,0,0,0,0,0,0,0,0,-160000,0,0,0,0,160000,-160000,-160000
058222,玉晶光統一9B購01,0,0,0,0,0,0,0,0,0,-160000,0,0,0,20000,180000,-160000,-160000
054892,彩晶統一99購01  ,0,0,0,0,0,0,0,0,0,-160000,0,0,0,0,160000,-160000,-160000
062643,緯穎國票9B購01  ,0,0,0,0,0,0,0,0,0,-160000,0,0,0,50000,210000,-160000,-160000
067110,德律群益01購01  ,0,0,0,0,0,0,0,0,0,-160000,0,0,0,77000,237000,-160000,-160000
067673,義隆元大01購06  ,0,0,0,0,0,0,0,0,0,-160000,0,0,0,56000,216000,-160000,-160000
065174,華新科元大02購02,0,0,0,0,0,0,0,0,0,-160000,0,0,0,284000,444000,-160000,-160000
066161,力山凱基01購01  ,0,0,0,0,0,0,0,0,0,-160000,0,0,0,25000,185000,-160000,-160000
08999P,玉晶光群益02售16,0,0,0,0,0,0,0,0,0,-160000,0,0,0,20000,180000,-160000,-160000
067846,大立光元富01購01,0,0,0,0,0,0,0,0,0,-161000,0,0,0,0,161000,-161000,-161000
068190,台積電凱基01購20,0,0,0,0,0,0,0,0,0,-161000,0,0,0,101000,262000,-161000,-161000
060435,鈺齊永豐9A購01  ,40000,0,40000,0,0,0,0,0,0,-201000,0,0,0,294000,495000,-201000,-161000
059304,華新科兆豐99購06,0,0,0,0,0,0,0,0,0,-161000,0,0,0,41000,202000,-161000,-161000
064601,嘉晶元富9C購03  ,0,0,0,0,0,0,0,0,0,-161000,0,0,0,150000,311000,-161000,-161000
061466,創意群益9A購01  ,0,0,0,0,0,0,0,0,0,-161000,0,0,0,120000,281000,-161000,-161000
067215,亞光元大01購05  ,0,0,0,0,0,0,0,0,0,-161000,0,0,0,113000,274000,-161000,-161000
06658P,台灣50富邦9C售01,0,0,0,0,0,0,0,0,0,-161000,0,0,0,22000,183000,-161000,-161000
2301,光寶科          ,2031940,2035436,-3496,0,0,0,1000,1000,0,-158000,26000,40000,-14000,46000,190000,-144000,-161496
068200,亞光凱基01購01  ,0,0,0,0,0,0,0,0,0,-162000,0,0,0,62000,224000,-162000,-162000
069331,亞聚群益02購01  ,0,0,0,0,0,0,0,0,0,-162000,0,0,0,249000,411000,-162000,-162000
061030,喬山永豐9A購01  ,0,0,0,0,0,0,0,0,0,-162000,0,0,0,0,162000,-162000,-162000
03484P,欣興國泰04售02  ,0,0,0,0,0,0,0,0,0,-162000,0,0,0,43000,205000,-162000,-162000
03288P,台灣50元大02售09,0,0,0,0,0,0,0,0,0,-162000,0,0,0,73000,235000,-162000,-162000
063947,大毅元大9C購02  ,0,0,0,0,0,0,0,0,0,-162000,0,0,0,32000,194000,-162000,-162000
063695,上銀第一9B購01  ,0,0,0,0,0,0,0,0,0,-162000,0,0,0,3000,165000,-162000,-162000
064428,裕隆凱基02購01  ,0,0,0,0,0,0,0,0,0,-162000,0,0,0,200000,362000,-162000,-162000
065705,嘉晶群益9C購05  ,0,0,0,0,0,0,0,0,0,-162000,0,0,0,71000,233000,-162000,-162000
068286,聯電群益03購02  ,0,0,0,0,0,0,0,0,0,-163000,0,0,0,51000,214000,-163000,-163000
056404,嘉聯益群益9A購01,0,0,0,0,0,0,0,0,0,-163000,0,0,0,152000,315000,-163000,-163000
064357,中橡統一9C購01  ,0,0,0,0,0,0,0,0,0,-163000,0,0,0,316000,479000,-163000,-163000
059097,世紀鋼元大99購05,0,0,0,0,0,0,0,0,0,-163000,0,0,0,84000,247000,-163000,-163000
062958,長榮航麥證9B購01,0,0,0,0,163000,-163000,0,0,0,-163000,0,0,0,0,163000,-163000,-163000
061470,鈺齊群益9A購02  ,0,0,0,0,0,0,0,0,0,-163000,0,0,0,55000,218000,-163000,-163000
066669,華擎凱基02購02  ,0,0,0,0,0,0,0,0,0,-163000,0,0,0,47000,210000,-163000,-163000
066815,華擎兆豐03購01  ,0,0,0,0,0,0,0,0,0,-163000,0,0,0,506000,669000,-163000,-163000
068341,世紀鋼元大01購04,0,0,0,0,0,0,0,0,0,-164000,0,0,0,125000,289000,-164000,-164000
058156,超眾統一9A購02  ,0,0,0,0,0,0,0,0,0,-164000,0,0,0,171000,335000,-164000,-164000
064626,聯茂元大9C購01  ,0,0,0,0,0,0,0,0,0,-164000,0,0,0,0,164000,-164000,-164000
064274,燿華元大9C購01  ,0,0,0,0,0,0,0,0,0,-164000,0,0,0,0,164000,-164000,-164000
066615,長榮航康和01購01,0,0,0,0,0,0,0,0,0,-164000,0,0,0,205000,369000,-164000,-164000
065457,旭富元富03購01  ,0,0,0,0,0,0,0,0,0,-164000,0,0,0,98000,262000,-164000,-164000
066305,華夏永豐01購01  ,0,0,0,0,0,0,0,0,0,-164000,0,0,0,430000,594000,-164000,-164000
069595,華碩國票03購01  ,0,0,0,0,0,0,0,0,0,-165000,0,0,0,23000,188000,-165000,-165000
08152P,祥碩統一9B售02  ,0,0,0,0,0,0,0,0,0,-165000,0,0,0,358000,523000,-165000,-165000
064530,康控中信9C購01  ,0,0,0,0,0,0,0,0,0,-165000,0,0,0,15000,180000,-165000,-165000
064392,喬山永豐9C購01  ,0,0,0,0,0,0,0,0,0,-165000,0,0,0,19000,184000,-165000,-165000
062487,中興電永豐9B購01,0,0,0,0,0,0,0,0,0,-165000,0,0,0,0,165000,-165000,-165000
065646,健鼎元大9C購04  ,0,0,0,0,0,0,0,0,0,-165000,0,0,0,144000,309000,-165000,-165000
065093,新日興元大9C購03,0,0,0,0,0,0,0,0,0,-165000,0,0,0,0,165000,-165000,-165000
08824P,微星元大01售03  ,0,0,0,0,0,0,0,0,0,-165000,0,0,0,0,165000,-165000,-165000
069603,京鼎國票03購01  ,0,0,0,0,0,0,0,0,0,-166000,0,0,0,0,166000,-166000,-166000
061866,力山元大9C購01  ,0,0,0,0,0,0,0,0,0,-166000,0,0,0,0,166000,-166000,-166000
066636,健策凱基01購02  ,0,0,0,0,0,0,0,0,0,-166000,0,0,0,123000,289000,-166000,-166000
067402,茂林永豐01購01  ,0,0,0,0,0,0,0,0,0,-166000,0,0,0,100000,266000,-166000,-166000
069238,台橡凱基02購01  ,0,0,0,0,0,0,0,0,0,-167000,0,0,0,0,167000,-167000,-167000
064424,華新科兆豐01購01,0,0,0,0,0,0,0,0,0,-167000,0,0,0,0,167000,-167000,-167000
064261,力山永豐9C購01  ,0,0,0,0,0,0,0,0,0,-167000,0,0,0,30000,197000,-167000,-167000
066684,T50反1元富07購01,0,0,0,0,0,0,0,0,0,-167000,0,0,0,50000,217000,-167000,-167000
066818,力成兆豐01購01  ,0,0,0,0,0,0,0,0,0,-167000,0,0,0,0,167000,-167000,-167000
066102,國揚國票02購01  ,0,0,0,0,0,0,0,0,0,-167000,0,0,0,3000,170000,-167000,-167000
069631,金像電元富08購02,0,0,0,0,0,0,0,0,0,-168000,0,0,0,120000,288000,-168000,-168000
068558,聯電元大01購07  ,0,0,0,0,0,0,0,0,0,-168000,0,0,0,2000,170000,-168000,-168000
059765,嘉聯益永豐99購02,0,0,0,0,0,0,0,0,0,-168000,0,0,0,180000,348000,-168000,-168000
061735,上銀凱基9B購01  ,0,0,0,0,0,0,0,0,0,-168000,0,0,0,1000,169000,-168000,-168000
061661,京鼎永豐9A購02  ,0,0,0,0,0,0,0,0,0,-168000,0,0,0,45000,213000,-168000,-168000
062822,力成兆豐9B購01  ,0,0,0,0,0,0,0,0,0,-168000,0,0,0,0,168000,-168000,-168000
066833,正文群益01購01  ,0,0,0,0,0,0,0,0,0,-168000,0,0,0,64000,232000,-168000,-168000
2317,鴻海            ,12467989,12232372,235617,0,0,0,8000,4000,4000,-408000,317000,130000,187000,63000,658000,-595000,-168383
061027,儒鴻永豐9A購02  ,0,0,0,0,0,0,0,0,0,-169000,0,0,0,1000,170000,-169000,-169000
00730,富邦臺灣優質高息,0,3000,-3000,0,0,0,0,0,0,-166000,0,0,0,151000,317000,-166000,-169000
064307,聚陽群益9C購03  ,0,0,0,0,0,0,0,0,0,-169000,0,0,0,27000,196000,-169000,-169000
063520,上銀凱基9B購05  ,0,0,0,0,0,0,0,0,0,-169000,0,0,0,0,169000,-169000,-169000
067411,矽格兆豐03購01  ,0,0,0,0,0,0,0,0,0,-169000,0,0,0,141000,310000,-169000,-169000
03695C,T50反1凱基03牛05,0,0,0,0,0,0,0,0,0,-170000,0,0,0,0,170000,-170000,-170000
063777,儒鴻永豐9B購02  ,0,0,0,0,0,0,0,0,0,-170000,0,0,0,0,170000,-170000,-170000
062549,中租永豐9B購01  ,0,0,0,0,0,0,0,0,0,-170000,0,0,0,70000,240000,-170000,-170000
061646,力成元大9A購02  ,0,0,0,0,0,0,0,0,0,-170000,0,0,0,0,170000,-170000,-170000
065152,燿華群益9C購02  ,0,0,0,0,0,0,0,0,0,-170000,0,0,0,0,170000,-170000,-170000
068746,台達電群益02購01,0,0,0,0,0,0,0,0,0,-171000,0,0,0,150000,321000,-171000,-171000
058631,鈺齊國票9A購01  ,0,0,0,0,0,0,0,0,0,-171000,0,0,0,1000,172000,-171000,-171000
061645,超眾元大9A購06  ,0,0,0,0,0,0,0,0,0,-171000,0,0,0,89000,260000,-171000,-171000
062908,晶豪科元大9B購03,0,0,0,0,0,0,0,0,0,-171000,0,0,0,0,171000,-171000,-171000
066319,聯強永豐01購01  ,0,0,0,0,0,0,0,0,0,-171000,0,0,0,5000,176000,-171000,-171000
08608P,臺股指富邦9C售06,0,0,0,0,0,0,0,0,0,-171000,0,0,0,9000,180000,-171000,-171000
07593P,臺股指凱基9A售08,0,0,0,0,0,0,0,0,0,-172000,0,0,0,0,172000,-172000,-172000
060946,世紀鋼國票9A購02,0,0,0,0,0,0,0,0,0,-172000,0,0,0,16000,188000,-172000,-172000
03455B,臺股指凱基03熊06,0,0,0,0,0,0,0,0,0,-172000,0,0,0,21000,193000,-172000,-172000
03330P,牧德群益02售03  ,0,0,0,0,0,0,0,0,0,-172000,0,0,0,20000,192000,-172000,-172000
062036,致新群益9B購01  ,0,0,0,0,0,0,0,0,0,-172000,0,0,0,0,172000,-172000,-172000
065092,健鼎元大9C購02  ,0,0,0,0,0,0,0,0,0,-172000,0,0,0,123000,295000,-172000,-172000
065546,景碩兆豐01購01  ,0,0,0,0,0,0,0,0,0,-172000,0,0,0,70000,242000,-172000,-172000
067239,聯陽群益01購01  ,0,0,0,0,0,0,0,0,0,-172000,0,0,0,16000,188000,-172000,-172000
067554,聚陽國票02購02  ,0,0,0,0,0,0,0,0,0,-172000,0,0,0,149000,321000,-172000,-172000
065051,和碩凱基02購01  ,0,0,0,0,0,0,0,0,0,-173000,0,0,0,41000,214000,-173000,-173000
067405,超眾永豐01購01  ,0,0,0,0,0,0,0,0,0,-173000,0,0,0,3000,176000,-173000,-173000
067307,聯詠元大01購06  ,0,0,0,0,0,0,0,0,0,-173000,0,0,0,226000,399000,-173000,-173000
069226,聯陽群益02購01  ,0,0,0,0,0,0,0,0,0,-174000,0,0,0,21000,195000,-174000,-174000
060636,大毅永豐9A購02  ,0,0,0,0,0,0,0,0,0,-174000,0,0,0,100000,274000,-174000,-174000
063025,超眾元大9B購01  ,0,0,0,0,0,0,0,0,0,-174000,0,0,0,131000,305000,-174000,-174000
064209,燿華凱基01購01  ,0,0,0,0,0,0,0,0,0,-174000,0,0,0,0,174000,-174000,-174000
066857,大立光國票02購02,0,0,0,0,0,0,0,0,0,-174000,0,0,0,22000,196000,-174000,-174000
066289,晶碩元大02購01  ,0,0,0,0,0,0,0,0,0,-174000,0,0,0,124000,298000,-174000,-174000
065865,光寶科群益9C購02,0,0,0,0,0,0,0,0,0,-174000,0,0,0,3000,177000,-174000,-174000
3518,柏騰            ,173000,348000,-175000,0,0,0,0,0,0,1000,1000,0,1000,0,0,0,-174000
08379P,台積電國泰02售02,0,0,0,0,0,0,0,0,0,-175000,0,0,0,270000,445000,-175000,-175000
08545P,南電國泰01售02  ,0,0,0,0,0,0,0,0,0,-175000,0,0,0,2000,177000,-175000,-175000
067925,可成兆豐02購01  ,0,0,0,0,0,0,0,0,0,-175000,0,0,0,36000,211000,-175000,-175000
058012,鈺齊國票99購01  ,0,0,0,0,0,0,0,0,0,-175000,0,0,0,15000,190000,-175000,-175000
064480,聚陽永豐9C購01  ,0,0,0,0,0,0,0,0,0,-175000,0,0,0,143000,318000,-175000,-175000
03342P,台郡國票04售01  ,0,0,0,0,0,0,0,0,0,-175000,0,0,0,43000,218000,-175000,-175000
061110,超眾元大9A購03  ,0,0,0,0,0,0,0,0,0,-175000,0,0,0,112000,287000,-175000,-175000
08906P,義隆群益01售04  ,0,0,0,0,0,0,0,0,0,-175000,0,0,0,0,175000,-175000,-175000
069233,聯電康和02購03  ,0,0,0,0,0,0,0,0,0,-176000,0,0,0,126000,302000,-176000,-176000
060187,華新科元富9A購02,0,0,0,0,0,0,0,0,0,-176000,0,0,0,0,176000,-176000,-176000
060030,晶相光永豐99購03,0,0,0,0,0,0,0,0,0,-176000,0,0,0,0,176000,-176000,-176000
064722,大立光統一02購03,0,0,0,0,0,0,0,0,0,-176000,0,0,0,0,176000,-176000,-176000
063713,麗豐凱基9B購01  ,0,0,0,0,0,0,0,0,0,-176000,0,0,0,24000,200000,-176000,-176000
065664,矽格永豐9C購01  ,0,0,0,0,0,0,0,0,0,-176000,0,0,0,21000,197000,-176000,-176000
068349,聯電凱基03購03  ,0,0,0,0,0,0,0,0,0,-177000,0,0,0,35000,212000,-177000,-177000
061957,上銀統一01購01  ,0,0,0,0,0,0,0,0,0,-177000,0,0,0,385000,562000,-177000,-177000
062809,同欣電統一9C購01,0,0,0,0,0,0,0,0,0,-177000,0,0,0,162000,339000,-177000,-177000
064967,道瓊銀元大01購01,0,0,0,0,0,0,0,0,0,-177000,0,0,0,5000,182000,-177000,-177000
065138,上銀凱基02購01  ,0,0,0,0,0,0,0,0,0,-177000,0,0,0,63000,240000,-177000,-177000
2889,國票金          ,140000,357000,-217000,0,0,0,0,0,0,40000,40000,0,40000,0,0,0,-177000
2441,超豐            ,31000,222000,-191000,0,0,0,0,0,0,14000,14000,0,14000,0,0,0,-177000
068205,京鼎凱基01購05  ,0,0,0,0,0,0,0,0,0,-178000,0,0,0,127000,305000,-178000,-178000
068990,建準永豐02購01  ,0,0,0,0,0,0,0,0,0,-178000,0,0,0,51000,229000,-178000,-178000
066998,訊芯國泰03購01  ,0,0,0,0,0,0,0,0,0,-178000,0,0,0,464000,642000,-178000,-178000
067021,正崴中信01購01  ,0,0,0,0,0,0,0,0,0,-178000,0,0,0,10000,188000,-178000,-178000
067685,瀚宇博元大01購03,0,0,0,0,0,0,0,0,0,-178000,0,0,0,325000,503000,-178000,-178000
6257,矽格            ,400000,1114000,-714000,0,0,0,0,0,0,536000,190000,123000,67000,517000,48000,469000,-178000
08603P,電子類元大9C售02,0,0,0,0,0,0,0,0,0,-178000,0,0,0,0,178000,-178000,-178000
069001,為升兆豐03購02  ,0,0,0,0,0,0,0,0,0,-179000,0,0,0,681000,860000,-179000,-179000
068471,聯發科群益01購11,0,0,0,0,0,0,0,0,0,-179000,0,0,0,11000,190000,-179000,-179000
068348,上銀凱基01購02  ,0,0,0,0,0,0,0,0,0,-179000,0,0,0,27000,206000,-179000,-179000
064497,可成元大01購02  ,0,0,0,0,0,0,0,0,0,-179000,0,0,0,78000,257000,-179000,-179000
061069,嘉聯益凱基9A購01,0,0,0,0,0,0,0,0,0,-179000,0,0,0,89000,268000,-179000,-179000
064037,寶成元大9C購02  ,0,0,0,0,0,0,0,0,0,-179000,0,0,0,105000,284000,-179000,-179000
066432,南六元大01購02  ,0,0,0,0,0,0,0,0,0,-179000,0,0,0,385000,564000,-179000,-179000
068508,世紀鋼元大01購05,0,0,0,0,0,0,0,0,0,-180000,0,0,0,111000,291000,-180000,-180000
069218,儒鴻群益02購01  ,0,0,0,0,0,0,0,0,0,-180000,0,0,0,60000,240000,-180000,-180000
07946P,華通統一9B售02  ,0,0,0,0,0,0,0,0,0,-180000,0,0,0,20000,200000,-180000,-180000
063867,全新永豐9C購01  ,0,0,0,0,0,0,0,0,0,-180000,0,0,0,0,180000,-180000,-180000
069351,台虹群益03購01  ,0,0,0,0,0,0,0,0,0,-181000,0,0,0,5000,186000,-181000,-181000
069661,南港兆豐03購02  ,0,0,0,0,0,0,0,0,0,-181000,0,0,0,156000,337000,-181000,-181000
062761,嘉晶凱基9C購01  ,0,0,0,0,0,0,0,0,0,-181000,0,0,0,68000,249000,-181000,-181000
065255,上銀元大01購01  ,0,0,0,0,0,0,0,0,0,-181000,0,0,0,62000,243000,-181000,-181000
069479,道瓊銀元大03購06,0,0,0,0,0,0,0,0,0,-182000,0,0,0,15000,197000,-182000,-182000
068048,美律統一03購01  ,0,0,0,0,0,0,0,0,0,-182000,0,0,0,33000,215000,-182000,-182000
03464P,信邦元富02售01  ,0,0,0,0,0,0,0,0,0,-182000,0,0,0,0,182000,-182000,-182000
065744,華新元大9C購01  ,0,0,0,0,0,0,0,0,0,-182000,0,0,0,60000,242000,-182000,-182000
066182,康控凱基01購01  ,0,0,0,0,0,0,0,0,0,-182000,0,0,0,55000,237000,-182000,-182000
065931,瑞祺國票02購01  ,0,0,0,0,0,0,0,0,0,-182000,0,0,0,5000,187000,-182000,-182000
068100,喬山永豐01購01  ,0,0,0,0,0,0,0,0,0,-183000,0,0,0,21000,204000,-183000,-183000
068357,富邦金凱基01購01,0,0,0,0,0,0,0,0,0,-183000,0,0,0,26000,209000,-183000,-183000
064268,緯穎永豐9C購01  ,0,0,0,0,0,0,0,0,0,-183000,0,0,0,0,183000,-183000,-183000
064144,智邦統一01購02  ,0,0,0,0,0,0,0,0,0,-183000,0,0,0,486000,669000,-183000,-183000
061881,緯穎元大9B購02  ,0,0,0,0,0,0,0,0,0,-183000,0,0,0,26000,209000,-183000,-183000
065559,超眾凱基9C購03  ,0,0,0,0,0,0,0,0,0,-183000,0,0,0,18000,201000,-183000,-183000
065272,聯茂元大9C購05  ,0,0,0,0,0,0,0,0,0,-183000,0,0,0,0,183000,-183000,-183000
067755,大立光國泰03購03,0,0,0,0,0,0,0,0,0,-183000,0,0,0,118000,301000,-183000,-183000
068719,台積電元大02購13,0,0,0,0,0,0,0,0,0,-184000,0,0,0,10000,194000,-184000,-184000
062816,華新科兆豐9B購01,0,0,0,0,0,0,0,0,0,-184000,0,0,0,0,184000,-184000,-184000
066627,大毅凱基03購01  ,0,0,0,0,0,0,0,0,0,-184000,0,0,0,127000,311000,-184000,-184000
068233,同欣電元富05購01,0,0,0,0,0,0,0,0,0,-185000,0,0,0,123000,308000,-185000,-185000
069728,訊芯群益04購01  ,0,0,0,0,0,0,0,0,0,-185000,0,0,0,0,185000,-185000,-185000
060346,華新科統一01購01,0,0,0,0,0,0,0,0,0,-185000,0,0,0,196000,381000,-185000,-185000
063412,寶成國票9C購01  ,0,0,0,0,0,0,0,0,0,-185000,0,0,0,104000,289000,-185000,-185000
064295,聚陽國票01購01  ,0,0,0,0,0,0,0,0,0,-185000,0,0,0,33000,218000,-185000,-185000
063745,喬山國票9C購01  ,0,0,0,0,0,0,0,0,0,-185000,0,0,0,37000,222000,-185000,-185000
063210,百和統一9C購01  ,0,4000,-4000,0,0,0,0,0,0,-181000,0,0,0,218000,399000,-181000,-185000
911608,明輝-DR         ,0,185200,-185200,0,0,0,0,0,0,0,0,0,0,0,0,0,-185200
07982P,全新群益9B售04  ,0,0,0,0,0,0,0,0,0,-186000,0,0,0,63000,249000,-186000,-186000
060716,新唐永豐9A購01  ,0,0,0,0,0,0,0,0,0,-186000,0,0,0,108000,294000,-186000,-186000
058473,上銀凱基9A購03  ,0,0,0,0,0,0,0,0,0,-186000,0,0,0,2000,188000,-186000,-186000
060315,易華電永豐9A購01,0,0,0,0,0,0,0,0,0,-186000,0,0,0,70000,256000,-186000,-186000
03100P,玉晶光凱基03售04,0,0,0,0,0,0,0,0,0,-186000,0,0,0,7000,193000,-186000,-186000
064642,裕隆凱基9C購01  ,0,0,0,0,0,0,0,0,0,-186000,0,0,0,0,186000,-186000,-186000
065537,健鼎統一02購05  ,0,0,0,0,0,0,0,0,0,-186000,0,0,0,1000,187000,-186000,-186000
065808,力成群益9C購02  ,0,0,0,0,0,0,0,0,0,-186000,0,0,0,25000,211000,-186000,-186000
066213,惠特統一03購01  ,0,0,0,0,0,0,0,0,0,-186000,0,0,0,60000,246000,-186000,-186000
068973,亞德客元大02購04,0,0,0,0,0,0,0,0,0,-187000,0,0,0,30000,217000,-187000,-187000
03105P,大立光元富04售02,0,0,0,0,0,0,0,0,0,-187000,0,0,0,0,187000,-187000,-187000
057788,嘉聯益國票99購01,0,0,0,0,0,0,0,0,0,-187000,0,0,0,292000,479000,-187000,-187000
054421,臺股指元大99購03,0,0,0,0,0,0,0,0,0,-187000,0,0,0,13000,200000,-187000,-187000
058720,旭富元富99購01  ,0,0,0,0,0,0,0,0,0,-187000,0,0,0,0,187000,-187000,-187000
064352,嘉聯益元大9C購01,0,0,0,0,0,0,0,0,0,-187000,0,0,0,245000,432000,-187000,-187000
063895,新光金群益01購01,0,0,0,0,0,0,0,0,0,-187000,0,0,0,0,187000,-187000,-187000
068905,巨大元大03購01  ,0,0,0,0,0,0,0,0,0,-188000,0,0,0,72000,260000,-188000,-188000
068530,瀚宇博元富04購02,0,0,0,0,0,0,0,0,0,-188000,0,0,0,73000,261000,-188000,-188000
08360P,國巨國泰02售01  ,0,0,0,0,0,0,0,0,0,-188000,0,0,0,307000,495000,-188000,-188000
062062,貿聯統一01購01  ,0,0,0,0,0,0,0,0,0,-188000,0,0,0,264000,452000,-188000,-188000
062214,金寶統一01購01  ,0,0,0,0,0,0,0,0,0,-188000,0,0,0,10000,198000,-188000,-188000
063915,祥碩凱基01購01  ,0,0,0,0,0,0,0,0,0,-188000,0,0,0,110000,298000,-188000,-188000
6224,聚鼎            ,86000,293000,-207000,0,0,0,0,0,0,19000,29000,10000,19000,0,0,0,-188000
060720,嘉聯益永豐9A購02,0,0,0,0,0,0,0,0,0,-189000,0,0,0,200000,389000,-189000,-189000
063166,超眾永豐9B購01  ,0,0,0,0,0,0,0,0,0,-189000,0,0,0,25000,214000,-189000,-189000
061492,超眾兆豐9B購01  ,0,0,0,0,0,0,0,0,0,-189000,0,0,0,10000,199000,-189000,-189000
061367,瑞祺國票9A購01  ,0,0,0,0,0,0,0,0,0,-189000,0,0,0,0,189000,-189000,-189000
064167,緯穎統一01購03  ,0,0,0,0,0,0,0,0,0,-189000,0,0,0,17000,206000,-189000,-189000
08492P,大立光元大9C售22,0,0,0,0,0,0,0,0,0,-190000,0,0,0,25000,215000,-190000,-190000
068012,台虹元大01購04  ,0,0,0,0,0,0,0,0,0,-190000,0,0,0,586000,776000,-190000,-190000
067780,臺指反群益02購03,0,0,0,0,0,0,0,0,0,-190000,0,0,0,0,190000,-190000,-190000
060744,鴻海國票9A購04  ,0,0,0,0,0,0,0,0,0,-190000,0,0,0,220000,410000,-190000,-190000
063449,全新統一9B購02  ,0,0,0,0,0,0,0,0,0,-190000,0,0,0,10000,200000,-190000,-190000
064136,致新元大9C購01  ,0,0,0,0,0,0,0,0,0,-190000,0,0,0,71000,261000,-190000,-190000
061820,康控群益9B購02  ,0,0,0,0,0,0,0,0,0,-190000,0,0,0,0,190000,-190000,-190000
065543,緯穎元富01購01  ,0,0,0,0,0,0,0,0,0,-190000,0,0,0,64000,254000,-190000,-190000
068629,聯電康和02購01  ,0,0,0,0,0,0,0,0,0,-191000,0,0,0,436000,627000,-191000,-191000
069287,大立光國泰04購03,0,0,0,0,0,0,0,0,0,-191000,0,0,0,70000,261000,-191000,-191000
063992,大立光中信9C購03,0,0,0,0,0,0,0,0,0,-191000,0,0,0,2000,193000,-191000,-191000
069212,和碩元大02購02  ,0,0,0,0,0,0,0,0,0,-192000,0,0,0,20000,212000,-192000,-192000
069525,台虹凱基03購01  ,0,0,0,0,0,0,0,0,0,-192000,0,0,0,16000,208000,-192000,-192000
065394,英業達群益9C購01,0,0,0,0,0,0,0,0,0,-192000,0,0,0,31000,223000,-192000,-192000
065329,億豐凱基9C購02  ,0,0,0,0,0,0,0,0,0,-192000,0,0,0,68000,260000,-192000,-192000
065833,中租凱基02購01  ,0,0,0,0,0,0,0,0,0,-192000,0,0,0,12000,204000,-192000,-192000
067158,T50反1國票02購02,0,0,0,0,0,0,0,0,0,-192000,0,0,0,0,192000,-192000,-192000
067932,技嘉凱基01購01  ,0,0,0,0,0,0,0,0,0,-193000,0,0,0,160000,353000,-193000,-193000
058808,大成鋼統一9B購01,0,0,0,0,0,0,0,0,0,-193000,0,0,0,6000,199000,-193000,-193000
060457,中橡元大9A購02  ,0,0,0,0,0,0,0,0,0,-193000,0,0,0,616000,809000,-193000,-193000
064733,南六統一9C購03  ,0,0,0,0,0,0,0,0,0,-193000,0,0,0,62000,255000,-193000,-193000
067222,申豐元大01購01  ,0,0,0,0,0,0,0,0,0,-193000,0,0,0,187000,380000,-193000,-193000
065984,緯創富邦03購01  ,0,0,0,0,0,0,0,0,0,-193000,0,0,0,32000,225000,-193000,-193000
068726,全新元大02購01  ,0,0,0,0,0,0,0,0,0,-194000,0,0,0,90000,284000,-194000,-194000
068573,矽格元大01購06  ,0,0,0,0,0,0,0,0,0,-194000,0,0,0,111000,305000,-194000,-194000
069703,中石化國票04購01,0,0,0,0,0,0,0,0,0,-194000,0,0,0,0,194000,-194000,-194000
062443,大立光元大9B購05,0,0,0,0,0,0,0,0,0,-194000,0,0,0,0,194000,-194000,-194000
062546,新日興永豐9B購01,0,0,0,0,0,0,0,0,0,-194000,0,0,0,0,194000,-194000,-194000
065532,台光電統一02購02,0,0,0,0,0,0,0,0,0,-194000,0,0,0,144000,338000,-194000,-194000
069085,日月光凱基03購01,0,0,0,0,0,0,0,0,0,-195000,0,0,0,1000,196000,-195000,-195000
057903,聯鈞永豐99購01  ,0,0,0,0,0,0,0,0,0,-195000,0,0,0,5000,200000,-195000,-195000
058347,玉晶光群益9B購01,0,0,0,0,0,0,0,0,0,-195000,0,0,0,44000,239000,-195000,-195000
063232,裕隆元大9B購01  ,0,0,0,0,0,0,0,0,0,-195000,0,0,0,5000,200000,-195000,-195000
064162,貿聯統一02購01  ,0,0,0,0,0,0,0,0,0,-195000,0,0,0,9000,204000,-195000,-195000
064956,麗豐凱基9C購01  ,0,0,0,0,0,0,0,0,0,-195000,0,0,0,0,195000,-195000,-195000
065239,超眾凱基02購02  ,0,0,0,0,0,0,0,0,0,-195000,0,0,0,2000,197000,-195000,-195000
2890,永豐金          ,1243086,1155091,87995,0,0,0,6000,41000,-35000,-248000,52000,300000,-248000,0,0,0,-195005
068330,大立光元大01購19,0,0,0,0,0,0,0,0,0,-196000,0,0,0,26000,222000,-196000,-196000
068409,緯穎元富07購01  ,0,0,0,0,0,0,0,0,0,-196000,0,0,0,0,196000,-196000,-196000
068420,大立光兆豐01購03,0,0,0,0,0,0,0,0,0,-196000,0,0,0,0,196000,-196000,-196000
064685,裕隆群益9C購01  ,0,0,0,0,0,0,0,0,0,-196000,0,0,0,39000,235000,-196000,-196000
068748,可成群益03購01  ,0,0,0,0,0,0,0,0,0,-197000,0,0,0,153000,350000,-197000,-197000
054827,宏全元大9A購01  ,0,0,0,0,0,0,0,0,0,-197000,0,0,0,160000,357000,-197000,-197000
065606,可成元大01購05  ,0,0,0,0,0,0,0,0,0,-197000,0,0,0,116000,313000,-197000,-197000
065660,晶豪科永豐9C購01,0,0,0,0,0,0,0,0,0,-197000,0,0,0,14000,211000,-197000,-197000
08826P,健策元大01售08  ,0,0,0,0,0,0,0,0,0,-197000,0,0,0,0,197000,-197000,-197000
068839,康控永豐02購01  ,0,0,0,0,0,0,0,0,0,-198000,0,0,0,62000,260000,-198000,-198000
068056,台表科統一03購01,0,0,0,0,0,0,0,0,0,-198000,0,0,0,51000,249000,-198000,-198000
03427B,臺股指元大9A熊02,0,0,0,0,0,0,0,0,0,-198000,0,0,0,327000,525000,-198000,-198000
060419,漢翔永豐9A購01  ,0,0,0,0,0,0,0,0,0,-198000,0,0,0,50000,248000,-198000,-198000
063754,道瓊指統一9B購01,0,0,0,0,0,0,0,0,0,-198000,0,0,0,10000,208000,-198000,-198000
061837,華新科凱基05購02,0,0,0,0,0,0,0,0,0,-198000,0,0,0,107000,305000,-198000,-198000
061063,國巨凱基9A購14  ,0,0,0,0,0,0,0,0,0,-198000,0,0,0,0,198000,-198000,-198000
062138,力成群益9B購01  ,0,0,0,0,0,0,0,0,0,-198000,0,0,0,22000,220000,-198000,-198000
065091,亞光元大9C購01  ,0,0,0,0,0,0,0,0,0,-198000,0,0,0,67000,265000,-198000,-198000
066254,南帝元大01購01  ,0,0,0,0,0,0,0,0,0,-198000,0,0,0,101000,299000,-198000,-198000
066327,強茂永豐01購01  ,0,0,0,0,0,0,0,0,0,-198000,0,0,0,35000,233000,-198000,-198000
067229,台達電群益01購02,0,0,0,0,0,0,0,0,0,-198000,0,0,0,5000,203000,-198000,-198000
067282,金像電國票02購02,0,0,0,0,0,0,0,0,0,-198000,0,0,0,17000,215000,-198000,-198000
066992,緯穎群益01購02  ,0,0,0,0,0,0,0,0,0,-198000,0,0,0,30000,228000,-198000,-198000
4967,十銓            ,121000,189000,-68000,0,0,0,0,0,0,-130000,0,130000,-130000,0,0,0,-198000
069586,創意永豐02購01  ,0,0,0,0,0,0,0,0,0,-199000,0,0,0,19000,218000,-199000,-199000
03005P,旭富群益01售05  ,0,0,0,0,0,0,0,0,0,-199000,0,0,0,0,199000,-199000,-199000
03019P,全新群益01售01  ,0,0,0,0,0,0,0,0,0,-199000,0,0,0,0,199000,-199000,-199000
064983,力成元大9C購04  ,0,0,0,0,0,0,0,0,0,-199000,0,0,0,100000,299000,-199000,-199000
066683,和碩兆豐01購01  ,0,0,0,0,0,0,0,0,0,-199000,0,0,0,278000,477000,-199000,-199000
066439,信錦群益02購01  ,0,0,0,0,0,0,0,0,0,-199000,0,0,0,101000,300000,-199000,-199000
065083,南亞科元大01購01,0,0,0,0,0,0,0,0,0,-199000,0,0,0,0,199000,-199000,-199000
065714,矽創群益9C購02  ,0,0,0,0,0,0,0,0,0,-199000,0,0,0,0,199000,-199000,-199000
065581,寶成群益9C購01  ,0,0,0,0,0,0,0,0,0,-199000,0,0,0,10000,209000,-199000,-199000
065477,健鼎元大9C購03  ,0,0,0,0,0,0,0,0,0,-199000,0,0,0,233000,432000,-199000,-199000
08720P,台光電元大01售03,0,0,0,0,0,0,0,0,0,-199000,0,0,0,1000,200000,-199000,-199000
069617,台積電統一03購18,0,0,0,0,0,0,0,0,0,-200000,0,0,0,0,200000,-200000,-200000
069670,聯電元大02購17  ,0,0,0,0,0,0,0,0,0,-200000,0,0,0,13000,213000,-200000,-200000
069427,日月光日盛02購01,0,0,0,0,0,0,0,0,0,-200000,0,0,0,0,200000,-200000,-200000
08398P,台積電元富9C售04,0,0,0,0,0,0,0,0,0,-200000,0,0,0,0,200000,-200000,-200000
07979P,大立光凱基9B售05,0,0,0,0,0,0,0,0,0,-200000,0,0,0,0,200000,-200000,-200000
07926P,上銀統一9B售02  ,0,0,0,0,0,0,0,0,0,-200000,0,0,0,0,200000,-200000,-200000
07794P,智邦國票9A售03  ,0,0,0,0,0,0,0,0,0,-200000,0,0,0,100000,300000,-200000,-200000
068018,玉晶光國票02購05,0,0,0,0,0,0,0,0,0,-200000,0,0,0,10000,210000,-200000,-200000
067923,台勝科中信01購01,0,0,0,0,0,0,0,0,0,-200000,0,0,0,0,200000,-200000,-200000
069076,國巨凱基04購04  ,0,0,0,0,0,0,0,0,0,-200000,0,0,0,3000,203000,-200000,-200000
03102P,臺股指凱基03售08,0,0,0,0,0,0,0,0,0,-200000,0,0,0,0,200000,-200000,-200000
03098P,大立光凱基01售10,0,0,0,0,0,0,0,0,0,-200000,0,0,0,0,200000,-200000,-200000
03227P,大立光凱基02售05,0,0,0,0,0,0,0,0,0,-200000,0,0,0,0,200000,-200000,-200000
057328,京鼎群益99購02  ,0,0,0,0,0,0,0,0,0,-200000,0,0,0,0,200000,-200000,-200000
03453B,臺股指元大02熊02,0,0,0,0,0,0,0,0,0,-200000,0,0,0,55000,255000,-200000,-200000
059921,大立光元大99購24,0,0,0,0,0,0,0,0,0,-200000,0,0,0,0,200000,-200000,-200000
064952,國泰金凱基9C購01,0,0,0,0,0,0,0,0,0,-200000,0,0,0,0,200000,-200000,-200000
061267,玉山金凱基9B購01,0,0,0,0,0,0,0,0,0,-200000,0,0,0,0,200000,-200000,-200000
062750,可成中信9B購01  ,0,0,0,0,0,0,0,0,0,-200000,0,0,0,0,200000,-200000,-200000
064036,矽創元大9C購01  ,0,0,0,0,0,0,0,0,0,-200000,0,0,0,50000,250000,-200000,-200000
065317,上銀凱基9C購03  ,0,0,0,0,0,0,0,0,0,-200000,0,0,0,32000,232000,-200000,-200000
067075,亞光元大01購04  ,0,0,0,0,0,0,0,0,0,-200000,0,0,0,0,200000,-200000,-200000
067242,景碩群益01購03  ,0,0,0,0,0,0,0,0,0,-200000,0,0,0,134000,334000,-200000,-200000
068485,台達電元大01購05,0,0,0,0,0,0,0,0,0,-201000,0,0,0,67000,268000,-201000,-201000
067916,敬鵬永豐01購01  ,0,0,0,0,0,0,0,0,0,-201000,0,0,0,192000,393000,-201000,-201000
08339P,上銀統一9C售04  ,0,0,0,0,0,0,0,0,0,-201000,0,0,0,0,201000,-201000,-201000
069200,台達電元大02購02,0,0,0,0,0,0,0,0,0,-201000,0,0,0,0,201000,-201000,-201000
058443,T50正2富邦01購01,0,0,0,0,0,0,0,0,0,-201000,0,0,0,10000,211000,-201000,-201000
060818,上銀統一9C購01  ,0,0,0,0,0,0,0,0,0,-201000,0,0,0,24000,225000,-201000,-201000
064193,華新群益9C購01  ,0,0,0,0,0,0,0,0,0,-201000,0,0,0,259000,460000,-201000,-201000
061882,矽創元大9B購01  ,0,0,0,0,0,0,0,0,0,-201000,0,0,0,0,201000,-201000,-201000
067244,康控群益01購02  ,0,0,0,0,0,0,0,0,0,-201000,0,0,0,23000,224000,-201000,-201000
067132,瑞昱永豐01購01  ,0,0,0,0,0,0,0,0,0,-201000,0,0,0,115000,316000,-201000,-201000
067666,國巨元大02購03  ,0,0,0,0,0,0,0,0,0,-201000,0,0,0,38000,239000,-201000,-201000
067092,美利達元大01購03,0,0,0,0,0,0,0,0,0,-201000,0,0,0,114000,315000,-201000,-201000
03072P,台積電國泰03售04,0,0,0,0,0,0,0,0,0,-202000,0,0,0,180000,382000,-202000,-202000
064694,玉晶光群益02購02,0,0,0,0,0,0,0,0,0,-202000,0,0,0,5000,207000,-202000,-202000
066288,晶碩元大01購01  ,0,0,0,0,0,0,0,0,0,-202000,0,0,0,112000,314000,-202000,-202000
067677,大立光元大01購13,0,0,0,0,0,0,0,0,0,-203000,0,0,0,0,203000,-203000,-203000
069480,聯電元大02購10  ,0,0,0,0,0,0,0,0,0,-204000,0,0,0,12000,216000,-204000,-204000
069622,創意統一03購02  ,0,0,0,0,0,0,0,0,0,-204000,0,0,0,46000,250000,-204000,-204000
068632,華新凱基03購01  ,0,0,0,0,0,0,0,0,0,-204000,0,0,0,28000,232000,-204000,-204000
063252,緯穎元大9B購07  ,0,0,0,0,0,0,0,0,0,-204000,0,0,0,0,204000,-204000,-204000
067213,大立光元大01購11,0,0,0,0,0,0,0,0,0,-204000,0,0,0,1000,205000,-204000,-204000
065513,旺宏群益9C購05  ,0,0,0,0,0,0,0,0,0,-204000,0,0,0,8000,212000,-204000,-204000
068379,聯陽永豐01購04  ,0,0,0,0,0,0,0,0,0,-205000,0,0,0,0,205000,-205000,-205000
061427,旭富元大9A購02  ,0,0,0,0,0,0,0,0,0,-205000,0,0,0,110000,315000,-205000,-205000
065424,華新凱基02購01  ,0,0,0,0,0,0,0,0,0,-205000,0,0,0,137000,342000,-205000,-205000
065089,大立光元大9C購23,0,0,0,0,0,0,0,0,0,-205000,0,0,0,5000,210000,-205000,-205000
067415,大成凱基01購01  ,1000,0,1000,0,0,0,0,0,0,-206000,0,0,0,21000,227000,-206000,-205000
069596,精元國票02購01  ,0,0,0,0,0,0,0,0,0,-206000,0,0,0,51000,257000,-206000,-206000
064118,喬山元大01購01  ,0,0,0,0,0,0,0,0,0,-206000,0,0,0,27000,233000,-206000,-206000
063550,可成國票9C購01  ,0,0,0,0,0,0,0,0,0,-206000,0,0,0,25000,231000,-206000,-206000
067041,國巨凱基04購02  ,0,0,0,0,0,0,0,0,0,-206000,0,0,0,0,206000,-206000,-206000
069690,南六元大02購04  ,0,0,0,0,0,0,0,0,0,-207000,0,0,0,30000,237000,-207000,-207000
069749,啟碁永豐02購01  ,0,0,0,0,0,0,0,0,0,-207000,0,0,0,0,207000,-207000,-207000
061266,國泰金凱基9B購01,0,0,0,0,0,0,0,0,0,-207000,0,0,0,0,207000,-207000,-207000
2617,台航            ,247000,454000,-207000,0,0,0,0,0,0,0,0,0,0,0,0,0,-207000
069399,聯電統一02購06  ,0,0,0,0,0,0,0,0,0,-208000,0,0,0,50000,258000,-208000,-208000
069517,敦泰凱基02購01  ,0,0,0,0,0,0,0,0,0,-208000,0,0,0,0,208000,-208000,-208000
060100,新光金元大9C購01,0,0,0,0,0,0,0,0,0,-208000,0,0,0,80000,288000,-208000,-208000
064367,貿聯統一01購02  ,0,0,0,0,0,0,0,0,0,-208000,0,0,0,27000,235000,-208000,-208000
062986,T50反1中信02購01,0,0,0,0,0,0,0,0,0,-208000,0,0,0,2345000,2553000,-208000,-208000
062148,奇鋐國票9B購01  ,0,0,0,0,0,0,0,0,0,-208000,0,0,0,7000,215000,-208000,-208000
066548,燿華元大02購02  ,0,0,0,0,0,0,0,0,0,-208000,0,0,0,100000,308000,-208000,-208000
066193,致新凱基01購01  ,0,0,0,0,0,0,0,0,0,-208000,0,0,0,0,208000,-208000,-208000
068299,華新國票03購01  ,0,0,0,0,0,0,0,0,0,-209000,0,0,0,479000,688000,-209000,-209000
068852,可成統一04購01  ,0,0,0,0,0,0,0,0,0,-209000,0,0,0,420000,629000,-209000,-209000
062605,上銀凱基9B購03  ,0,0,0,0,0,0,0,0,0,-209000,0,0,0,0,209000,-209000,-209000
061341,華新科元大9A購16,0,0,0,0,0,0,0,0,0,-209000,0,0,0,100000,309000,-209000,-209000
061521,亞光兆豐9A購02  ,0,0,0,0,0,0,0,0,0,-209000,0,0,0,4000,213000,-209000,-209000
066822,泰豐群益01購01  ,0,0,0,0,0,0,0,0,0,-209000,0,0,0,46000,255000,-209000,-209000
2059,川湖            ,28000,238000,-210000,0,0,0,0,1000,-1000,2000,4000,2000,2000,0,0,0,-209000
069063,台積電麥證02購05,0,0,0,0,210000,-210000,0,0,0,-210000,0,0,0,0,210000,-210000,-210000
068419,聯發科兆豐03購02,0,0,0,0,0,0,0,0,0,-210000,0,0,0,20000,230000,-210000,-210000
063809,矽創兆豐01購01  ,0,0,0,0,0,0,0,0,0,-210000,0,0,0,200000,410000,-210000,-210000
061714,華新科凱基9A購15,0,0,0,0,0,0,0,0,0,-210000,0,0,0,0,210000,-210000,-210000
066865,滬深2X元富01購02,0,0,0,0,0,0,0,0,0,-210000,0,0,0,0,210000,-210000,-210000
067714,上銀凱基01購01  ,40000,0,40000,0,0,0,0,0,0,-250000,0,0,0,25000,275000,-250000,-210000
066168,強茂凱基01購02  ,0,0,0,0,0,0,0,0,0,-210000,0,0,0,30000,240000,-210000,-210000
065794,麗豐永豐9C購01  ,0,0,0,0,0,0,0,0,0,-210000,0,0,0,0,210000,-210000,-210000
060884,超眾中信9B購01  ,0,0,0,0,0,0,0,0,0,-211000,0,0,0,40000,251000,-211000,-211000
062407,同欣電永豐9B購01,0,0,0,0,0,0,0,0,0,-211000,0,0,0,0,211000,-211000,-211000
061998,緯穎元大9B購03  ,0,0,0,0,0,0,0,0,0,-211000,0,0,0,8000,219000,-211000,-211000
066364,可成中信03購01  ,0,0,0,0,0,0,0,0,0,-211000,0,0,0,53000,264000,-211000,-211000
065959,T50反1元大01購02,0,0,0,0,0,0,0,0,0,-211000,0,0,0,254000,465000,-211000,-211000
067289,燿華兆豐03購01  ,0,0,0,0,0,0,0,0,0,-211000,0,0,0,174000,385000,-211000,-211000
067049,明泰凱基01購01  ,0,0,0,0,0,0,0,0,0,-211000,0,0,0,32000,243000,-211000,-211000
068326,技嘉元大01購04  ,0,0,0,0,0,0,0,0,0,-212000,0,0,0,225000,437000,-212000,-212000
068154,聯發科元大01購23,0,0,0,0,0,0,0,0,0,-212000,0,0,0,205000,417000,-212000,-212000
062113,瑞祺國票9B購01  ,0,0,0,0,0,0,0,0,0,-212000,0,0,0,0,212000,-212000,-212000
063706,台虹群益9B購01  ,0,0,0,0,0,0,0,0,0,-212000,0,0,0,20000,232000,-212000,-212000
064700,致新群益9C購02  ,0,0,0,0,0,0,0,0,0,-212000,0,0,0,114000,326000,-212000,-212000
068254,訊連元大01購02  ,0,0,0,0,0,0,0,0,0,-213000,0,0,0,40000,253000,-213000,-213000
068372,聯電永豐01購01  ,0,0,0,0,0,0,0,0,0,-213000,0,0,0,60000,273000,-213000,-213000
061374,力山永豐9A購04  ,0,0,0,0,0,0,0,0,0,-213000,0,0,0,0,213000,-213000,-213000
062885,臻鼎兆豐9C購01  ,0,0,0,0,0,0,0,0,0,-213000,0,0,0,88000,301000,-213000,-213000
068408,緯穎元富01購02  ,0,0,0,0,0,0,0,0,0,-214000,0,0,0,100000,314000,-214000,-214000
068730,富邦金元大02購01,0,0,0,0,0,0,0,0,0,-214000,0,0,0,1000,215000,-214000,-214000
03488P,欣興中信02售05  ,0,0,0,0,0,0,0,0,0,-214000,0,0,0,0,214000,-214000,-214000
066982,嘉晶群益02購01  ,0,0,0,0,0,0,0,0,0,-214000,0,0,0,43000,257000,-214000,-214000
067382,康控統一03購02  ,0,0,0,0,0,0,0,0,0,-214000,0,0,0,0,214000,-214000,-214000
068276,訊連永豐01購02  ,0,0,0,0,0,0,0,0,0,-215000,0,0,0,0,215000,-215000,-215000
069195,上銀台新02購01  ,0,0,0,0,0,0,0,0,0,-215000,0,0,0,100000,315000,-215000,-215000
07294P,滬深2X元富9C售08,0,0,0,0,0,0,0,0,0,-215000,0,0,0,0,215000,-215000,-215000
00717,富邦美國特別股  ,20000,0,20000,0,0,0,0,0,0,-235000,0,0,0,428000,663000,-235000,-215000
063136,智邦統一9B購02  ,0,0,0,0,0,0,0,0,0,-215000,0,0,0,1185000,1400000,-215000,-215000
064870,中租永豐9C購01  ,0,0,0,0,0,0,0,0,0,-215000,0,0,0,120000,335000,-215000,-215000
066861,致新國票02購01  ,0,0,0,0,0,0,0,0,0,-215000,0,0,0,36000,251000,-215000,-215000
066626,盟立凱基01購01  ,0,0,0,0,0,0,0,0,0,-215000,0,0,0,0,215000,-215000,-215000
061302,晶技永豐9A購04  ,0,0,0,0,0,0,0,0,0,-216000,0,0,0,110000,326000,-216000,-216000
066354,緯穎永豐01購01  ,0,0,0,0,0,0,0,0,0,-216000,0,0,0,10000,226000,-216000,-216000
062561,瀚宇博凱基9B購01,0,0,0,0,0,0,0,0,0,-217000,0,0,0,227000,444000,-217000,-217000
067684,康控元大01購05  ,0,0,0,0,0,0,0,0,0,-217000,0,0,0,341000,558000,-217000,-217000
068473,聯發科群益01購13,0,0,0,0,0,0,0,0,0,-218000,0,0,0,67000,285000,-218000,-218000
03479P,牧德國票03售04  ,0,0,0,0,0,0,0,0,0,-218000,0,0,0,0,218000,-218000,-218000
064225,健策國票01購02  ,0,0,0,0,0,0,0,0,0,-218000,0,0,0,66000,284000,-218000,-218000
062621,緯穎元大9B購05  ,0,0,0,0,0,0,0,0,0,-218000,0,0,0,0,218000,-218000,-218000
067389,聯發科元富07購04,0,0,0,0,0,0,0,0,0,-218000,0,0,0,2000,220000,-218000,-218000
066836,樺漢群益01購01  ,0,0,0,0,0,0,0,0,0,-218000,0,0,0,90000,308000,-218000,-218000
065336,華新統一02購01  ,0,0,0,0,0,0,0,0,0,-218000,0,0,0,10000,228000,-218000,-218000
08896P,台灣50群益01售10,0,0,0,0,0,0,0,0,0,-218000,0,0,0,0,218000,-218000,-218000
067842,微星元富07購01  ,0,0,0,0,0,0,0,0,0,-219000,0,0,0,372000,591000,-219000,-219000
03033P,微星國票03售01  ,0,0,0,0,0,0,0,0,0,-219000,0,0,0,20000,239000,-219000,-219000
057508,康控國票99購03  ,0,0,0,0,0,0,0,0,0,-219000,0,0,0,250000,469000,-219000,-219000
064330,燿華元大9C購02  ,0,0,0,0,0,0,0,0,0,-219000,0,0,0,51000,270000,-219000,-219000
064678,嘉晶兆豐01購01  ,0,0,0,0,0,0,0,0,0,-219000,0,0,0,52000,271000,-219000,-219000
066597,緯穎群益02購01  ,0,0,0,0,0,0,0,0,0,-219000,0,0,0,14000,233000,-219000,-219000
066575,緯穎元大01購03  ,0,0,0,0,0,0,0,0,0,-219000,0,0,0,0,219000,-219000,-219000
068951,華邦電凱基02購01,0,0,0,0,0,0,0,0,0,-220000,0,0,0,0,220000,-220000,-220000
069701,致新元富08購01  ,0,0,0,0,0,0,0,0,0,-220000,0,0,0,0,220000,-220000,-220000
063680,寶成富邦9C購01  ,0,0,0,0,0,0,0,0,0,-220000,0,0,0,435000,655000,-220000,-220000
063676,上銀國泰9C購02  ,0,0,0,0,0,0,0,0,0,-220000,0,0,0,27000,247000,-220000,-220000
062222,華新科統一9B購04,0,0,0,0,0,0,0,0,0,-220000,0,0,0,0,220000,-220000,-220000
069515,長榮航凱基02購01,0,0,0,0,0,0,0,0,0,-221000,0,0,0,0,221000,-221000,-221000
059836,大立光國泰9B購02,0,0,0,0,0,0,0,0,0,-221000,0,0,0,0,221000,-221000,-221000
6456,GIS-KY          ,872000,1017000,-145000,0,0,0,10000,0,10000,-86000,41000,20000,21000,52000,159000,-107000,-221000
069182,台達電麥證02購01,0,0,0,0,222000,-222000,0,0,0,-222000,0,0,0,0,222000,-222000,-222000
068371,華城永豐01購04  ,0,0,0,0,0,0,0,0,0,-222000,0,0,0,472000,694000,-222000,-222000
055399,超眾統一99購01  ,0,0,0,0,0,0,0,0,0,-222000,0,0,0,50000,272000,-222000,-222000
061740,華新科凱基03購01,0,0,0,0,0,0,0,0,0,-222000,0,0,0,5000,227000,-222000,-222000
067006,德律永豐01購02  ,0,0,0,0,0,0,0,0,0,-222000,0,0,0,0,222000,-222000,-222000
065598,微星元大01購02  ,0,0,0,0,0,0,0,0,0,-222000,0,0,0,22000,244000,-222000,-222000
062088,緯穎元大9B購04  ,0,0,0,0,0,0,0,0,0,-223000,0,0,0,0,223000,-223000,-223000
064575,鈺齊群益9C購01  ,0,0,0,0,0,0,0,0,0,-223000,0,0,0,91000,314000,-223000,-223000
065711,矽格群益9C購02  ,0,0,0,0,0,0,0,0,0,-223000,0,0,0,72000,295000,-223000,-223000
067448,華碩國票01購01  ,0,0,0,0,0,0,0,0,0,-223000,0,0,0,669000,892000,-223000,-223000
067323,美利達元大01購04,0,0,0,0,0,0,0,0,0,-223000,0,0,0,20000,243000,-223000,-223000
069317,智邦兆豐03購01  ,0,0,0,0,0,0,0,0,0,-224000,0,0,0,335000,559000,-224000,-224000
060815,茂林凱基9B購01  ,0,0,0,0,0,0,0,0,0,-224000,0,0,0,447000,671000,-224000,-224000
060309,佳世達永豐9A購01,0,0,0,0,0,0,0,0,0,-224000,0,0,0,679000,903000,-224000,-224000
00686R,群益臺灣加權反1 ,0,0,0,0,0,0,0,0,0,-224000,0,0,0,42000,266000,-224000,-224000
061875,華新科元大9B購03,0,0,0,0,0,0,0,0,0,-224000,0,0,0,68000,292000,-224000,-224000
064192,巨大中信9C購01  ,0,0,0,0,0,0,0,0,0,-224000,0,0,0,273000,497000,-224000,-224000
067291,可成兆豐01購01  ,0,0,0,0,0,0,0,0,0,-224000,0,0,0,0,224000,-224000,-224000
067650,技嘉元富07購03  ,0,0,0,0,0,0,0,0,0,-224000,0,0,0,114000,338000,-224000,-224000
08112P,臺股指中信01售07,0,0,0,0,0,0,0,0,0,-225000,0,0,0,280000,505000,-225000,-225000
060912,華新科元大9A購10,0,0,0,0,0,0,0,0,0,-225000,0,0,0,108000,333000,-225000,-225000
062230,緯穎統一01購01  ,0,0,0,0,0,0,0,0,0,-225000,0,0,0,15000,240000,-225000,-225000
066426,台勝科元大01購02,0,0,0,0,0,0,0,0,0,-225000,0,0,0,0,225000,-225000,-225000
060376,瑞祺元富9A購01  ,0,0,0,0,0,0,0,0,0,-226000,0,0,0,0,226000,-226000,-226000
061986,晶豪科元大9B購01,0,0,0,0,0,0,0,0,0,-226000,0,0,0,15000,241000,-226000,-226000
066050,亞光元大01購01  ,0,0,0,0,0,0,0,0,0,-226000,0,0,0,102000,328000,-226000,-226000
065481,臻鼎元大9C購04  ,0,0,0,0,0,0,0,0,0,-227000,0,0,0,107000,334000,-227000,-227000
065303,國泰金元富9C購01,0,0,0,0,0,0,0,0,0,-227000,0,0,0,0,227000,-227000,-227000
065271,日月光元大9C購02,0,0,0,0,0,0,0,0,0,-227000,0,0,0,0,227000,-227000,-227000
066852,矽格元大01購03  ,0,0,0,0,0,0,0,0,0,-227000,0,0,0,141000,368000,-227000,-227000
068023,聚陽元富07購01  ,0,0,0,0,0,0,0,0,0,-228000,0,0,0,15000,243000,-228000,-228000
062350,台表科群益9B購01,0,0,0,0,0,0,0,0,0,-228000,0,0,0,42000,270000,-228000,-228000
3056,總太            ,98000,155000,-57000,0,0,0,0,0,0,-171000,0,170000,-170000,0,1000,-1000,-228000
067908,玉晶光國泰03購01,0,0,0,0,0,0,0,0,0,-229000,0,0,0,303000,532000,-229000,-229000
069433,元大金群益02購01,0,0,0,0,0,0,0,0,0,-229000,0,0,0,33000,262000,-229000,-229000
063921,大立光元富9C購03,0,0,0,0,0,0,0,0,0,-229000,0,0,0,18000,247000,-229000,-229000
069715,超眾國票02購01  ,0,0,0,0,0,0,0,0,0,-230000,0,0,0,0,230000,-230000,-230000
068289,國泰金群益01購01,0,0,0,0,0,0,0,0,0,-230000,0,0,0,0,230000,-230000,-230000
061443,大立光統一9C購02,0,0,0,0,0,0,0,0,0,-230000,0,0,0,0,230000,-230000,-230000
067686,矽格元大01購04  ,0,0,0,0,0,0,0,0,0,-230000,0,0,0,246000,476000,-230000,-230000
3026,禾伸堂          ,104000,337000,-233000,0,0,0,0,0,0,3000,2000,0,2000,27000,26000,1000,-230000
3023,信邦            ,53000,284523,-231523,0,0,0,0,1000,-1000,2000,8000,0,8000,1000,7000,-6000,-230523
069344,華擎群益03購01  ,0,0,0,0,0,0,0,0,0,-231000,0,0,0,27000,258000,-231000,-231000
063613,全新群益9C購01  ,0,0,0,0,0,0,0,0,0,-231000,0,0,0,0,231000,-231000,-231000
067675,中工元大03購01  ,0,0,0,0,0,0,0,0,0,-231000,0,0,0,1271000,1502000,-231000,-231000
068891,亞德客元大02購03,0,0,0,0,0,0,0,0,0,-232000,0,0,0,23000,255000,-232000,-232000
060333,金寶康和9A購01  ,0,0,0,0,0,0,0,0,0,-232000,0,0,0,143000,375000,-232000,-232000
066948,聯發科元大01購16,0,0,0,0,0,0,0,0,0,-232000,0,0,0,1000,233000,-232000,-232000
066458,大毅統一02購02  ,0,0,0,0,0,0,0,0,0,-232000,0,0,0,225000,457000,-232000,-232000
069861,南電永豐02購02  ,0,0,0,0,0,0,0,0,0,-233000,0,0,0,0,233000,-233000,-233000
058650,台虹永豐9A購01  ,0,0,0,0,0,0,0,0,0,-233000,0,0,0,37000,270000,-233000,-233000
063273,緯穎兆豐9C購01  ,0,0,0,0,0,0,0,0,0,-233000,0,0,0,0,233000,-233000,-233000
065659,華新科永豐9C購04,0,0,0,0,0,0,0,0,0,-233000,0,0,0,446000,679000,-233000,-233000
068340,緯穎元大03購01  ,0,0,0,0,0,0,0,0,0,-234000,0,0,0,35000,269000,-234000,-234000
059068,台虹國票9A購01  ,0,0,0,0,0,0,0,0,0,-234000,0,0,0,0,234000,-234000,-234000
063722,遠東新元大9B購02,0,0,0,0,0,0,0,0,0,-234000,0,0,0,45000,279000,-234000,-234000
067014,聯發科富邦03購05,0,0,0,0,0,0,0,0,0,-234000,0,0,0,124000,358000,-234000,-234000
068046,台積電統一03購05,0,0,0,0,0,0,0,0,0,-235000,0,0,0,751000,986000,-235000,-235000
069539,聯電元大02購13  ,0,0,0,0,0,0,0,0,0,-235000,0,0,0,24000,259000,-235000,-235000
069777,華擎元大02購04  ,0,0,0,0,0,0,0,0,0,-236000,0,0,0,0,236000,-236000,-236000
068045,滬深2X統一03購01,0,0,0,0,0,0,0,0,0,-236000,0,0,0,5000,241000,-236000,-236000
062338,鴻海麥證9B購01  ,0,0,0,17000,236000,-219000,0,0,0,-236000,0,0,0,17000,253000,-236000,-236000
061066,嘉晶凱基9B購01  ,0,0,0,0,0,0,0,0,0,-236000,0,0,0,1000,237000,-236000,-236000
067214,聯陽元大01購02  ,0,0,0,0,0,0,0,0,0,-236000,0,0,0,110000,346000,-236000,-236000
065904,群創富邦02購01  ,0,0,0,0,0,0,0,0,0,-236000,0,0,0,5000,241000,-236000,-236000
066242,惠特富邦03購01  ,0,0,0,0,0,0,0,0,0,-237000,0,0,0,143000,380000,-237000,-237000
067076,聯詠元大01購05  ,0,0,0,0,0,0,0,0,0,-237000,0,0,0,103000,340000,-237000,-237000
06822P,上銀富邦99售03  ,0,0,0,0,0,0,0,0,0,-238000,0,0,0,80000,318000,-238000,-238000
062906,全新元大9B購03  ,0,0,0,0,0,0,0,0,0,-238000,0,0,0,0,238000,-238000,-238000
066598,致新群益02購01  ,0,0,0,0,0,0,0,0,0,-238000,0,0,0,136000,374000,-238000,-238000
065101,力成元大9C購05  ,0,0,0,0,0,0,0,0,0,-238000,0,0,0,48000,286000,-238000,-238000
069190,上銀統一03購02  ,0,0,0,0,0,0,0,0,0,-239000,0,0,0,10000,249000,-239000,-239000
063582,瑞祺國泰9C購01  ,0,0,0,0,0,0,0,0,0,-239000,0,0,0,54000,293000,-239000,-239000
065870,正崴群益02購01  ,0,0,0,0,0,0,0,0,0,-239000,0,0,0,6000,245000,-239000,-239000
069199,聯電元大02購08  ,0,0,0,0,0,0,0,0,0,-240000,0,0,0,181000,421000,-240000,-240000
07474P,滬深2X群益9C售03,0,0,0,0,0,0,0,0,0,-240000,0,0,0,0,240000,-240000,-240000
064551,鈺齊凱基9C購02  ,0,0,0,0,0,0,0,0,0,-240000,0,0,0,43000,283000,-240000,-240000
062332,大立光統一9B購11,0,0,0,0,0,0,0,0,0,-240000,0,0,0,101000,341000,-240000,-240000
059531,華新科凱基9B購02,0,0,0,0,0,0,0,0,0,-241000,0,0,0,74000,315000,-241000,-241000
058928,國巨統一9C購01  ,0,0,0,0,0,0,0,0,0,-241000,0,0,0,743000,984000,-241000,-241000
062100,矽格永豐9B購01  ,0,0,0,0,0,0,0,0,0,-241000,0,0,0,16000,257000,-241000,-241000
063852,瀚宇博元大9C購01,0,0,0,0,0,0,0,0,0,-241000,0,0,0,189000,430000,-241000,-241000
061121,智邦永豐9A購02  ,0,0,0,0,0,0,0,0,0,-241000,0,0,0,75000,316000,-241000,-241000
066408,致新凱基01購02  ,0,0,0,0,0,0,0,0,0,-241000,0,0,0,37000,278000,-241000,-241000
065171,燿華元大9C購04  ,0,0,0,0,0,0,0,0,0,-241000,0,0,0,100000,341000,-241000,-241000
1218,泰山            ,264000,379000,-115000,0,0,0,0,0,0,-126000,0,0,0,0,126000,-126000,-241000
068011,台表科元大01購05,0,0,0,0,0,0,0,0,0,-242000,0,0,0,344000,586000,-242000,-242000
00670L,富邦NASDAQ正2   ,0,0,0,0,0,0,0,0,0,-242000,0,0,0,30000,272000,-242000,-242000
064303,新光金兆豐01購01,0,0,0,0,0,0,0,0,0,-242000,0,0,0,0,242000,-242000,-242000
065380,緯穎元大9C購02  ,0,0,0,0,0,0,0,0,0,-242000,0,0,0,10000,252000,-242000,-242000
067195,台虹凱基02購01  ,0,0,0,0,0,0,0,0,0,-242000,0,0,0,33000,275000,-242000,-242000
067162,康控國票02購01  ,0,0,0,0,0,0,0,0,0,-242000,0,0,0,59000,301000,-242000,-242000
068690,喬山凱基03購01  ,0,0,0,0,0,0,0,0,0,-243000,0,0,0,10000,253000,-243000,-243000
063924,致新元富9C購01  ,0,0,0,0,0,0,0,0,0,-243000,0,0,0,276000,519000,-243000,-243000
065995,台虹永豐01購01  ,0,0,0,0,0,0,0,0,0,-243000,0,0,0,0,243000,-243000,-243000
056096,超眾元富9A購01  ,0,0,0,0,0,0,0,0,0,-244000,0,0,0,0,244000,-244000,-244000
059851,晶相光永豐99購02,0,0,0,0,0,0,0,0,0,-244000,0,0,0,0,244000,-244000,-244000
064482,微星永豐9C購01  ,0,0,0,0,0,0,0,0,0,-244000,0,0,0,99000,343000,-244000,-244000
063244,華新科元大9B購11,0,0,0,0,0,0,0,0,0,-244000,0,0,0,231000,475000,-244000,-244000
064185,裕隆永豐9C購01  ,0,0,0,0,0,0,0,0,0,-244000,0,0,0,0,244000,-244000,-244000
066129,佳世達群益01購01,0,0,0,0,0,0,0,0,0,-244000,0,0,0,34000,278000,-244000,-244000
07300P,臺股指元大9A售33,0,0,0,0,0,0,0,0,0,-245000,0,0,0,100000,345000,-245000,-245000
063544,華新科台新9B購02,0,0,0,0,0,0,0,0,0,-245000,0,0,0,27000,272000,-245000,-245000
066706,揚明光群益01購01,0,0,0,0,0,0,0,0,0,-245000,0,0,0,0,245000,-245000,-245000
1310,台苯            ,353000,548000,-195000,0,0,0,0,0,0,-50000,0,0,0,12000,62000,-50000,-245000
4551,智伸科          ,111000,155000,-44000,0,0,0,10000,0,10000,-211000,5000,205000,-200000,2000,13000,-11000,-245000
064506,康控元大9C購02  ,0,0,0,0,0,0,0,0,0,-246000,0,0,0,18000,264000,-246000,-246000
5534,長虹            ,86000,285927,-199927,0,0,0,0,0,0,-47000,9000,56000,-47000,0,0,0,-246927
069450,京鼎統一02購02  ,0,0,0,0,0,0,0,0,0,-247000,0,0,0,153000,400000,-247000,-247000
069627,聯電元富02購02  ,0,0,0,0,0,0,0,0,0,-247000,0,0,0,949000,1196000,-247000,-247000
068738,寶成元大02購01  ,0,0,0,0,0,0,0,0,0,-247000,0,0,0,158000,405000,-247000,-247000
058093,神達元大9A購01  ,0,0,0,0,0,0,0,0,0,-247000,0,0,0,0,247000,-247000,-247000
063983,麗豐兆豐9C購01  ,0,0,0,0,0,0,0,0,0,-247000,0,0,0,383000,630000,-247000,-247000
062787,超眾元大9C購02  ,0,0,0,0,0,0,0,0,0,-247000,0,0,0,30000,277000,-247000,-247000
5469,瀚宇博          ,4731000,6381000,-1650000,0,0,0,510000,300000,210000,1193000,1478000,514000,964000,724000,495000,229000,-247000
8261,富鼎            ,220000,481000,-261000,0,0,0,0,0,0,14000,14000,0,14000,0,0,0,-247000
063765,上銀元富9B購09  ,0,0,0,0,0,0,0,0,0,-248000,0,0,0,145000,393000,-248000,-248000
066098,華碩中信02購01  ,0,0,0,0,0,0,0,0,0,-248000,0,0,0,208000,456000,-248000,-248000
066225,松翰國泰03購01  ,0,0,0,0,0,0,0,0,0,-248000,0,0,0,251000,499000,-248000,-248000
066275,台勝科元大01購01,0,0,0,0,0,0,0,0,0,-248000,0,0,0,0,248000,-248000,-248000
068024,聚陽元富07購02  ,0,0,0,0,0,0,0,0,0,-249000,0,0,0,112000,361000,-249000,-249000
08389P,技嘉國票9C售01  ,0,0,0,0,0,0,0,0,0,-249000,0,0,0,101000,350000,-249000,-249000
08464P,牧德永豐9C售02  ,0,0,0,0,0,0,0,0,0,-249000,0,0,0,0,249000,-249000,-249000
064009,超眾凱基01購01  ,0,0,0,0,0,0,0,0,0,-249000,0,0,0,12000,261000,-249000,-249000
065393,旺宏群益9C購04  ,0,0,0,0,0,0,0,0,0,-249000,0,0,0,50000,299000,-249000,-249000
066884,亞光永豐01購01  ,0,0,0,0,0,0,0,0,0,-249000,0,0,0,0,249000,-249000,-249000
5269,祥碩            ,364000,680000,-316000,0,0,0,76000,26000,50000,17000,21000,13000,8000,10000,1000,9000,-249000
2340,光磊            ,500000,757000,-257000,0,0,0,0,0,0,8000,43000,18000,25000,0,17000,-17000,-249000
069838,正隆群益02購01  ,0,0,0,0,0,0,0,0,0,-250000,0,0,0,0,250000,-250000,-250000
069235,奇鋐康和02購01  ,0,0,0,0,0,0,0,0,0,-250000,0,0,0,242000,492000,-250000,-250000
062940,華新科凱基9C購02,0,0,0,0,0,0,0,0,0,-250000,0,0,0,5000,255000,-250000,-250000
067118,上緯控群益01購01,0,0,0,0,0,0,0,0,0,-250000,0,0,0,5000,255000,-250000,-250000
067022,台虹中信01購01  ,0,0,0,0,0,0,0,0,0,-250000,0,0,0,97000,347000,-250000,-250000
066640,達麗凱基01購01  ,0,0,0,0,0,0,0,0,0,-250000,0,0,0,0,250000,-250000,-250000
067674,可成元大01購08  ,0,0,0,0,0,0,0,0,0,-250000,0,0,0,68000,318000,-250000,-250000
065326,華擎凱基02購01  ,0,0,0,0,0,0,0,0,0,-250000,0,0,0,50000,300000,-250000,-250000
066082,康友國泰03購01  ,0,0,0,0,0,0,0,0,0,-250000,0,0,0,0,250000,-250000,-250000
065879,瑞祺群益9C購02  ,0,0,0,0,0,0,0,0,0,-250000,0,0,0,36000,286000,-250000,-250000
1315,達新            ,94000,345000,-251000,0,0,0,0,0,0,1000,1000,0,1000,0,0,0,-250000
08658P,聯發科統一9C售19,0,0,0,0,0,0,0,0,0,-250000,0,0,0,10000,260000,-250000,-250000
058930,華新科統一9B購01,0,0,0,0,0,0,0,0,0,-251000,0,0,0,10000,261000,-251000,-251000
064166,和潤統一02購01  ,0,0,0,0,0,0,0,0,0,-251000,0,0,0,0,251000,-251000,-251000
063698,上銀群益9B購05  ,0,0,0,0,0,0,0,0,0,-251000,0,0,0,59000,310000,-251000,-251000
067144,上銀統一02購01  ,0,0,0,0,0,0,0,0,0,-251000,0,0,0,20000,271000,-251000,-251000
08955P,台灣50凱基04售09,0,0,0,0,0,0,0,0,0,-251000,0,0,0,0,251000,-251000,-251000
07317P,T50正2凱基9B售02,0,0,0,0,0,0,0,0,0,-252000,0,0,0,10000,262000,-252000,-252000
064692,嘉晶群益9C購03  ,0,0,0,0,0,0,0,0,0,-252000,0,0,0,18000,270000,-252000,-252000
08466P,旺宏統一9C售03  ,0,0,0,0,0,0,0,0,0,-253000,0,0,0,368000,621000,-253000,-253000
067928,華城凱基01購01  ,0,0,0,0,0,0,0,0,0,-253000,0,0,0,347000,600000,-253000,-253000
068342,鴻海麥證01購03  ,0,0,0,1000,254000,-253000,0,0,0,-253000,0,0,0,1000,254000,-253000,-253000
064326,裕隆元大9C購01  ,0,0,0,0,0,0,0,0,0,-253000,0,0,0,21000,274000,-253000,-253000
060191,亞光元富9A購02  ,0,0,0,0,0,0,0,0,0,-253000,0,0,0,0,253000,-253000,-253000
062877,可成兆豐9C購01  ,0,0,0,0,0,0,0,0,0,-253000,0,0,0,0,253000,-253000,-253000
066127,劍麟群益03購01  ,0,0,0,0,0,0,0,0,0,-253000,0,0,0,3000,256000,-253000,-253000
065554,群創凱基02購02  ,0,0,0,0,0,0,0,0,0,-253000,0,0,0,0,253000,-253000,-253000
068418,微星兆豐03購01  ,0,0,0,0,0,0,0,0,0,-255000,0,0,0,108000,363000,-255000,-255000
069538,聯電元大02購12  ,0,0,0,0,0,0,0,0,0,-255000,0,0,0,8000,263000,-255000,-255000
057578,可成中信99購01  ,0,0,0,0,0,0,0,0,0,-255000,0,0,0,0,255000,-255000,-255000
059363,超眾永豐99購02  ,0,0,0,0,0,0,0,0,0,-255000,0,0,0,3000,258000,-255000,-255000
062015,喬山永豐9B購01  ,0,0,0,0,0,0,0,0,0,-255000,0,0,0,45000,300000,-255000,-255000
064974,燿華元大9C購03  ,0,0,0,0,0,0,0,0,0,-255000,0,0,0,100000,355000,-255000,-255000
065021,貿聯富邦03購01  ,0,0,0,0,0,0,0,0,0,-255000,0,0,0,84000,339000,-255000,-255000
065566,裕隆群益9C購02  ,0,0,0,0,0,0,0,0,0,-255000,0,0,0,47000,302000,-255000,-255000
068227,聯發科元富07購07,0,0,0,0,0,0,0,0,0,-256000,0,0,0,300000,556000,-256000,-256000
3048,益登            ,160000,416000,-256000,0,0,0,0,0,0,0,94000,94000,0,0,0,0,-256000
2376,技嘉            ,6151000,6935350,-784350,0,0,0,847000,505000,342000,186000,658000,364000,294000,225000,333000,-108000,-256350
064454,華新科統一01購03,0,0,0,0,0,0,0,0,0,-257000,0,0,0,0,257000,-257000,-257000
063080,裕隆凱基9B購01  ,0,0,0,0,0,0,0,0,0,-257000,0,0,0,200000,457000,-257000,-257000
066153,南帝康和01購01  ,0,0,0,0,0,0,0,0,0,-257000,0,0,0,4000,261000,-257000,-257000
066838,致新群益02購02  ,0,0,0,0,0,0,0,0,0,-257000,0,0,0,0,257000,-257000,-257000
4999,鑫禾            ,53000,445000,-392000,0,0,0,0,0,0,135000,135000,0,135000,0,0,0,-257000
069608,彩晶國票03購01  ,0,0,0,0,0,0,0,0,0,-258000,0,0,0,0,258000,-258000,-258000
069311,大立光凱基04購01,0,0,0,0,0,0,0,0,0,-258000,0,0,0,0,258000,-258000,-258000
059886,可成國票99購04  ,0,0,0,0,0,0,0,0,0,-258000,0,0,0,104000,362000,-258000,-258000
03692C,T50反1元大05牛01,0,0,0,0,0,0,0,0,0,-258000,0,0,0,0,258000,-258000,-258000
068440,華擎凱基01購04  ,0,0,0,0,0,0,0,0,0,-259000,0,0,0,54000,313000,-259000,-259000
060367,緯穎元富9A購02  ,0,0,0,0,0,0,0,0,0,-259000,0,0,0,17000,276000,-259000,-259000
063714,超眾凱基9B購03  ,0,0,0,0,0,0,0,0,0,-259000,0,0,0,9000,268000,-259000,-259000
067043,佳世達凱基01購01,0,0,0,0,0,0,0,0,0,-259000,0,0,0,80000,339000,-259000,-259000
067442,南港國票02購01  ,0,0,0,0,0,0,0,0,0,-259000,0,0,0,267000,526000,-259000,-259000
066201,大毅統一02購01  ,0,0,0,0,0,0,0,0,0,-259000,0,0,0,287000,546000,-259000,-259000
065673,嘉晶凱基01購02  ,0,0,0,0,0,0,0,0,0,-259000,0,0,0,45000,304000,-259000,-259000
069385,華擎元大02購03  ,0,0,0,0,0,0,0,0,0,-260000,0,0,0,518000,778000,-260000,-260000
07198P,臺股指元大99售14,0,0,0,0,0,0,0,0,0,-260000,0,0,0,10000,270000,-260000,-260000
064889,T50反1群益9C購02,0,0,0,0,0,0,0,0,0,-260000,0,0,0,0,260000,-260000,-260000
08773P,瑞昱凱基01售01  ,0,0,0,0,0,0,0,0,0,-260000,0,0,0,30000,290000,-260000,-260000
068616,日月光國票03購01,0,0,0,0,0,0,0,0,0,-261000,0,0,0,51000,312000,-261000,-261000
063315,京元電群益9B購03,0,0,0,0,0,0,0,0,0,-261000,0,0,0,101000,362000,-261000,-261000
062610,啟碁凱基9B購01  ,0,0,0,0,0,0,0,0,0,-261000,0,0,0,0,261000,-261000,-261000
061762,台塑元大9B購01  ,0,0,0,0,0,0,0,0,0,-261000,0,0,0,56000,317000,-261000,-261000
066047,嘉晶元大01購04  ,0,0,0,0,0,0,0,0,0,-261000,0,0,0,179000,440000,-261000,-261000
3376,新日興          ,256000,93000,163000,0,0,0,0,546000,-546000,122000,98000,0,98000,25000,1000,24000,-261000
05755P,臺股指中信99售04,0,0,0,0,0,0,0,0,0,-262000,0,0,0,1945000,2207000,-262000,-262000
065375,神基元大03購01  ,0,0,0,0,0,0,0,0,0,-262000,0,0,0,432000,694000,-262000,-262000
060987,華新科元大9A購11,0,0,0,0,0,0,0,0,0,-263000,0,0,0,191000,454000,-263000,-263000
068155,國揚元大01購03  ,0,0,0,0,0,0,0,0,0,-264000,0,0,0,34000,298000,-264000,-264000
064514,喬山群益9C購01  ,0,0,0,0,0,0,0,0,0,-264000,0,0,0,20000,284000,-264000,-264000
066159,寶成康和01購01  ,0,0,0,0,0,0,0,0,0,-264000,0,0,0,8000,272000,-264000,-264000
057798,貿聯兆豐99購01  ,0,0,0,0,0,0,0,0,0,-265000,0,0,0,17000,282000,-265000,-265000
064768,仁寶中信03購01  ,0,0,0,0,0,0,0,0,0,-265000,0,0,0,0,265000,-265000,-265000
062425,可成統一01購01  ,0,0,0,0,0,0,0,0,0,-265000,0,0,0,0,265000,-265000,-265000
066345,正文永豐01購01  ,0,0,0,0,0,0,0,0,0,-265000,0,0,0,23000,288000,-265000,-265000
065745,裕隆元大9C購03  ,0,0,0,0,0,0,0,0,0,-265000,0,0,0,21000,286000,-265000,-265000
069062,台積電麥證02購04,0,0,0,0,266000,-266000,0,0,0,-266000,0,0,0,0,266000,-266000,-266000
067386,巨大統一02購02  ,0,0,0,0,0,0,0,0,0,-266000,0,0,0,0,266000,-266000,-266000
00662,富邦NASDAQ      ,0,1000,-1000,0,0,0,0,0,0,-266000,0,0,0,92000,358000,-266000,-267000
064380,超眾元富9C購03  ,0,0,0,0,0,0,0,0,0,-267000,0,0,0,0,267000,-267000,-267000
058292,上銀凱基9A購01  ,0,0,0,0,0,0,0,0,0,-267000,0,0,0,19000,286000,-267000,-267000
062381,上銀國泰9C購01  ,0,0,0,0,0,0,0,0,0,-267000,0,0,0,21000,288000,-267000,-267000
064403,正崴凱基01購01  ,0,0,0,0,0,0,0,0,0,-267000,0,0,0,0,267000,-267000,-267000
2355,敬鵬            ,337000,587000,-250000,0,0,0,0,0,0,-17000,10000,48000,-38000,38000,17000,21000,-267000
08316P,祥碩元大9C售04  ,0,0,0,0,0,0,0,0,0,-268000,0,0,0,784000,1052000,-268000,-268000
9911,櫻花            ,43000,207000,-164000,0,0,0,0,12000,-12000,-92000,11000,103000,-92000,0,0,0,-268000
060722,矽格永豐9A購01  ,0,0,0,0,0,0,0,0,0,-269000,0,0,0,54000,323000,-269000,-269000
056277,上銀富邦99購02  ,0,0,0,0,0,0,0,0,0,-269000,0,0,0,211000,480000,-269000,-269000
060890,大立光統一01購01,0,0,0,0,0,0,0,0,0,-269000,0,0,0,498000,767000,-269000,-269000
067025,禾伸堂兆豐03購01,0,0,0,0,0,0,0,0,0,-269000,0,0,0,343000,612000,-269000,-269000
067070,友訊元大01購04  ,0,0,0,0,0,0,0,0,0,-269000,0,0,0,520000,789000,-269000,-269000
064919,嘉晶統一02購02  ,0,0,0,0,0,0,0,0,0,-269000,0,0,0,5000,274000,-269000,-269000
069202,台積電元大02購22,0,0,0,0,0,0,0,0,0,-270000,0,0,0,37000,307000,-270000,-270000
057681,T50反1日盛9C購01,0,0,0,0,0,0,0,0,0,-270000,0,0,0,0,270000,-270000,-270000
063390,嘉晶兆豐9B購01  ,0,0,0,0,0,0,0,0,0,-270000,0,0,0,205000,475000,-270000,-270000
4977,眾達-KY         ,85000,251000,-166000,0,0,0,0,81000,-81000,-23000,1000,0,1000,3000,27000,-24000,-270000
063594,上銀中信9C購01  ,0,0,0,0,0,0,0,0,0,-271000,0,0,0,29000,300000,-271000,-271000
065178,和碩元大9C購01  ,0,0,0,0,0,0,0,0,0,-271000,0,0,0,45000,316000,-271000,-271000
08951P,臺股指國票01售08,0,0,0,0,0,0,0,0,0,-271000,0,0,0,212000,483000,-271000,-271000
063350,台表科統一02購02,0,0,0,0,0,0,0,0,0,-272000,0,0,0,3000,275000,-272000,-272000
066990,啟碁群益01購01  ,0,0,0,0,0,0,0,0,0,-272000,0,0,0,10000,282000,-272000,-272000
067544,超眾群益03購01  ,0,0,0,0,0,0,0,0,0,-272000,0,0,0,49000,321000,-272000,-272000
067501,聚陽統一01購03  ,0,0,0,0,0,0,0,0,0,-272000,0,0,0,232000,504000,-272000,-272000
9933,中鼎            ,206000,350000,-144000,0,0,0,0,0,0,-128000,0,0,0,0,128000,-128000,-272000
068489,技嘉元大01購05  ,0,0,0,0,0,0,0,0,0,-273000,0,0,0,242000,515000,-273000,-273000
06837P,上銀統一9A售02  ,0,0,0,0,0,0,0,0,0,-274000,0,0,0,63000,337000,-274000,-274000
069737,強茂國泰04購01  ,0,0,0,0,0,0,0,0,0,-274000,0,0,0,0,274000,-274000,-274000
063961,世紀鋼元大9C購05,0,0,0,0,0,0,0,0,0,-274000,0,0,0,133000,407000,-274000,-274000
064215,康控凱基02購01  ,0,0,0,0,0,0,0,0,0,-274000,0,0,0,3000,277000,-274000,-274000
067028,上海銀兆豐03購01,0,0,0,0,0,0,0,0,0,-274000,0,0,0,211000,485000,-274000,-274000
8150,南茂            ,755000,1047000,-292000,0,0,0,0,0,0,18000,7000,0,7000,13000,2000,11000,-274000
08215P,旺宏群益9B售04  ,0,0,0,0,0,0,0,0,0,-275000,0,0,0,70000,345000,-275000,-275000
069594,宏碁國票03購01  ,1000,0,1000,0,0,0,0,0,0,-277000,0,0,0,10000,287000,-277000,-276000
068386,台達電統一03購02,0,0,0,0,0,0,0,0,0,-276000,0,0,0,10000,286000,-276000,-276000
061971,力山元大9C購02  ,0,0,0,0,0,0,0,0,0,-276000,0,0,0,5000,281000,-276000,-276000
067545,矽格群益01購02  ,0,0,0,0,0,0,0,0,0,-276000,0,0,0,15000,291000,-276000,-276000
065216,群創國泰01購02  ,0,0,0,0,0,0,0,0,0,-276000,0,0,0,107000,383000,-276000,-276000
058795,可成元大99購03  ,0,0,0,0,0,0,0,0,0,-277000,0,0,0,300000,577000,-277000,-277000
061015,旺宏麥證9A購03  ,0,0,0,12000,289000,-277000,0,0,0,-277000,0,0,0,12000,289000,-277000,-277000
066304,聯華永豐01購01  ,0,0,0,0,0,0,0,0,0,-277000,0,0,0,0,277000,-277000,-277000
066635,敦泰凱基01購01  ,0,0,0,0,0,0,0,0,0,-277000,0,0,0,15000,292000,-277000,-277000
069061,台積電麥證02購03,0,0,0,0,278000,-278000,0,0,0,-278000,0,0,0,0,278000,-278000,-278000
069420,樺漢統一03購03  ,0,0,0,0,0,0,0,0,0,-279000,0,0,0,0,279000,-279000,-279000
062884,康控兆豐9C購01  ,0,0,0,0,0,0,0,0,0,-279000,0,0,0,126000,405000,-279000,-279000
063862,世紀鋼國泰02購01,0,0,0,0,0,0,0,0,0,-279000,0,0,0,121000,400000,-279000,-279000
063515,香港2X凱基01購01,0,0,0,0,0,0,0,0,0,-279000,0,0,0,8000,287000,-279000,-279000
054740,強茂凱基99購01  ,0,0,0,0,0,0,0,0,0,-280000,0,0,0,40000,320000,-280000,-280000
062189,康控元大9B購02  ,0,0,0,0,0,0,0,0,0,-280000,0,0,0,5000,285000,-280000,-280000
059949,啟碁永豐99購01  ,0,0,0,0,0,0,0,0,0,-281000,0,0,0,27000,308000,-281000,-281000
061610,力成統一9C購01  ,0,0,0,0,0,0,0,0,0,-281000,0,0,0,0,281000,-281000,-281000
066961,超眾元大01購05  ,0,0,0,0,0,0,0,0,0,-281000,0,0,0,321000,602000,-281000,-281000
067180,為升凱基02購01  ,0,0,0,0,0,0,0,0,0,-281000,0,0,0,348000,629000,-281000,-281000
2905,三商            ,186000,489400,-303400,0,0,0,0,0,0,21000,24000,3000,21000,0,0,0,-282400
069109,日月光兆豐03購02,0,0,0,0,0,0,0,0,0,-283000,0,0,0,0,283000,-283000,-283000
068793,聯詠凱基03購03  ,0,0,0,0,0,0,0,0,0,-283000,0,0,0,0,283000,-283000,-283000
066111,上銀兆豐02購01  ,0,0,0,0,0,0,0,0,0,-284000,0,0,0,39000,323000,-284000,-284000
065909,大立光永豐9C購02,0,0,0,0,0,0,0,0,0,-284000,0,0,0,0,284000,-284000,-284000
069363,華擎永豐02購01  ,0,0,0,0,0,0,0,0,0,-285000,0,0,0,0,285000,-285000,-285000
069580,佳世達永豐02購02,0,0,0,0,0,0,0,0,0,-285000,0,0,0,0,285000,-285000,-285000
064311,新光金群益01購02,0,0,0,0,0,0,0,0,0,-285000,0,0,0,0,285000,-285000,-285000
066031,力成群益01購01  ,0,0,0,0,0,0,0,0,0,-285000,0,0,0,0,285000,-285000,-285000
08771P,滬深2X凱基01售02,0,0,0,0,0,0,0,0,0,-285000,0,0,0,15000,300000,-285000,-285000
068601,台積電凱基03購07,0,0,0,0,0,0,0,0,0,-286000,0,0,0,32000,318000,-286000,-286000
067111,聯詠群益01購03  ,0,0,0,0,0,0,0,0,0,-286000,0,0,0,40000,326000,-286000,-286000
068167,世紀鋼元大02購01,0,0,0,0,0,0,0,0,0,-287000,0,0,0,165000,452000,-287000,-287000
063201,廣達統一01購01  ,6000,0,6000,0,0,0,0,0,0,-293000,0,0,0,1997000,2290000,-293000,-287000
066444,華擎群益01購03  ,0,0,0,0,0,0,0,0,0,-287000,0,0,0,153000,440000,-287000,-287000
8271,宇瞻            ,88000,239000,-151000,0,0,0,0,0,0,-136000,19000,155000,-136000,0,0,0,-287000
068692,為升凱基02購03  ,0,0,0,0,0,0,0,0,0,-288000,0,0,0,140000,428000,-288000,-288000
067750,鈺齊元大02購01  ,0,0,0,0,0,0,0,0,0,-288000,0,0,0,47000,335000,-288000,-288000
067805,宏碁凱基01購02  ,0,0,0,0,0,0,0,0,0,-289000,0,0,0,220000,509000,-289000,-289000
068102,晶豪科永豐01購01,0,0,0,0,0,0,0,0,0,-289000,0,0,0,32000,321000,-289000,-289000
063814,嘉晶群益9C購01  ,0,0,0,0,0,0,0,0,0,-289000,0,0,0,34000,323000,-289000,-289000
067615,鈺齊凱基01購01  ,0,0,0,0,0,0,0,0,0,-289000,0,0,0,25000,314000,-289000,-289000
068521,同欣電統一03購02,0,0,0,0,0,0,0,0,0,-290000,0,0,0,0,290000,-290000,-290000
063703,晶豪科群益9B購02,0,0,0,0,0,0,0,0,0,-290000,0,0,0,151000,441000,-290000,-290000
062957,鴻海麥證9C購01  ,0,0,0,0,290000,-290000,0,0,0,-290000,0,0,0,0,290000,-290000,-290000
067961,台達電群益01購03,0,0,0,0,0,0,0,0,0,-291000,0,0,0,30000,321000,-291000,-291000
061005,可成兆豐9A購01  ,0,0,0,0,0,0,0,0,0,-291000,0,0,0,140000,431000,-291000,-291000
066893,技嘉兆豐01購02  ,0,0,0,0,0,0,0,0,0,-291000,0,0,0,105000,396000,-291000,-291000
069521,力成凱基02購02  ,0,0,0,0,0,0,0,0,0,-292000,0,0,0,12000,304000,-292000,-292000
069510,宏碁凱基04購01  ,0,0,0,0,0,0,0,0,0,-293000,0,0,0,208000,501000,-293000,-293000
067862,泰豐元大01購02  ,0,0,0,0,0,0,0,0,0,-293000,0,0,0,90000,383000,-293000,-293000
063072,裕隆永豐9B購01  ,0,0,0,0,0,0,0,0,0,-293000,0,0,0,0,293000,-293000,-293000
066318,友訊永豐01購01  ,0,0,0,0,0,0,0,0,0,-293000,0,0,0,0,293000,-293000,-293000
065392,華通群益01購02  ,0,0,0,0,0,0,0,0,0,-293000,0,0,0,53000,346000,-293000,-293000
03017P,深中小群益01售02,0,0,0,0,0,0,0,0,0,-294000,0,0,0,10000,304000,-294000,-294000
063283,華新科元大9C購03,0,0,0,0,0,0,0,0,0,-294000,0,0,0,188000,482000,-294000,-294000
066438,南紡群益01購01  ,0,0,0,0,0,0,0,0,0,-294000,0,0,0,3000,297000,-294000,-294000
066277,敦泰元大01購02  ,0,0,0,0,0,0,0,0,0,-294000,0,0,0,37000,331000,-294000,-294000
063667,全新統一01購02  ,0,0,0,0,0,0,0,0,0,-295000,0,0,0,0,295000,-295000,-295000
065917,全新凱基02購01  ,0,0,0,0,0,0,0,0,0,-295000,0,0,0,15000,310000,-295000,-295000
067612,超眾凱基02購03  ,0,0,0,0,0,0,0,0,0,-295000,0,0,0,2000,297000,-295000,-295000
067635,超眾永豐01購02  ,0,0,0,0,0,0,0,0,0,-295000,0,0,0,1000,296000,-295000,-295000
069144,國揚永豐02購01  ,0,0,0,0,0,0,0,0,0,-296000,0,0,0,40000,336000,-296000,-296000
067505,微星統一03購01  ,0,0,0,0,0,0,0,0,0,-296000,0,0,0,882000,1178000,-296000,-296000
1711,永光            ,422000,570000,-148000,0,0,0,0,0,0,-148000,0,0,0,0,148000,-148000,-296000
069555,南電元大02購08  ,0,0,0,0,0,0,0,0,0,-297000,0,0,0,26000,323000,-297000,-297000
068251,大立光元大01購18,0,0,0,0,0,0,0,0,0,-297000,0,0,0,0,297000,-297000,-297000
060840,可成國票9B購01  ,0,0,0,0,0,0,0,0,0,-297000,0,0,0,110000,407000,-297000,-297000
063258,緯穎國泰9C購01  ,0,0,0,0,0,0,0,0,0,-297000,0,0,0,0,297000,-297000,-297000
066187,瑞祺凱基01購01  ,0,0,0,0,0,0,0,0,0,-297000,0,0,0,147000,444000,-297000,-297000
068074,玉山金凱基01購01,0,0,0,0,0,0,0,0,0,-298000,0,0,0,102000,400000,-298000,-298000
064527,裕隆中信01購01  ,0,0,0,0,0,0,0,0,0,-298000,0,0,0,0,298000,-298000,-298000
067495,日月光元大01購04,0,0,0,0,0,0,0,0,0,-298000,0,0,0,15000,313000,-298000,-298000
067012,台虹永豐01購02  ,0,0,0,0,0,0,0,0,0,-298000,0,0,0,20000,318000,-298000,-298000
066644,瑞昱麥證01購01  ,0,0,0,152000,412000,-260000,0,0,0,-298000,0,0,0,152000,450000,-298000,-298000
068767,台積電統一04購05,0,0,0,0,0,0,0,0,0,-299000,0,0,0,3000,302000,-299000,-299000
069307,瑞昱凱基02購03  ,0,0,0,0,0,0,0,0,0,-299000,0,0,0,100000,399000,-299000,-299000
064279,新光金元大01購01,0,0,0,0,0,0,0,0,0,-299000,0,0,0,18000,317000,-299000,-299000
061439,寶成凱基9A購01  ,0,10000,-10000,0,0,0,0,0,0,-289000,0,0,0,157000,446000,-289000,-299000
067761,致伸永豐01購01  ,0,0,0,0,0,0,0,0,0,-299000,0,0,0,14000,313000,-299000,-299000
065996,T50反1第一01購01,0,0,0,0,0,0,0,0,0,-299000,0,0,0,300000,599000,-299000,-299000
2417,圓剛            ,328000,599000,-271000,0,0,0,0,0,0,-28000,4000,32000,-28000,0,0,0,-299000
069456,鴻海麥證02購02  ,0,0,0,0,300000,-300000,0,0,0,-300000,0,0,0,0,300000,-300000,-300000
07961P,滬深2X中信01售02,0,0,0,0,0,0,0,0,0,-300000,0,0,0,0,300000,-300000,-300000
068845,台積電統一03購14,0,0,0,0,0,0,0,0,0,-300000,0,0,0,0,300000,-300000,-300000
069068,全新麥證02購01  ,0,0,0,0,300000,-300000,0,0,0,-300000,0,0,0,0,300000,-300000,-300000
068972,力山元大02購01  ,0,0,0,0,0,0,0,0,0,-300000,0,0,0,48000,348000,-300000,-300000
068156,新光金元大02購01,0,0,0,0,0,0,0,0,0,-300000,0,0,0,0,300000,-300000,-300000
060054,華新科凱基9B購04,0,0,0,0,0,0,0,0,0,-300000,0,0,0,1000,301000,-300000,-300000
058924,晶相光元富99購02,0,0,0,0,0,0,0,0,0,-300000,0,0,0,0,300000,-300000,-300000
060101,大立光元大99購31,0,0,0,0,0,0,0,0,0,-300000,0,0,0,0,300000,-300000,-300000
057796,鴻海兆豐99購03  ,0,0,0,0,0,0,0,0,0,-300000,0,0,0,5000,305000,-300000,-300000
061168,力成兆豐9A購01  ,0,0,0,0,0,0,0,0,0,-300000,0,0,0,2000,302000,-300000,-300000
064705,新光金富邦01購01,0,0,0,0,0,0,0,0,0,-300000,0,0,0,0,300000,-300000,-300000
062749,元金2X中信9B購01,0,0,0,0,0,0,0,0,0,-300000,0,0,0,0,300000,-300000,-300000
064059,新日興麥證01購01,0,0,0,0,300000,-300000,0,0,0,-300000,0,0,0,0,300000,-300000,-300000
066643,旺宏麥證01購01  ,0,0,0,13000,313000,-300000,0,0,0,-300000,0,0,0,13000,313000,-300000,-300000
066476,禾伸堂麥證01購01,0,0,0,0,300000,-300000,0,0,0,-300000,0,0,0,0,300000,-300000,-300000
03347P,欣興台新02售01  ,0,0,0,0,0,0,0,0,0,-301000,0,0,0,54000,355000,-301000,-301000
067827,富邦金兆豐03購01,0,0,0,0,0,0,0,0,0,-302000,0,0,0,174000,476000,-302000,-302000
068924,國巨國泰05購01  ,0,0,0,0,0,0,0,0,0,-302000,0,0,0,204000,506000,-302000,-302000
064478,聚陽富邦01購01  ,0,0,0,0,0,0,0,0,0,-302000,0,0,0,55000,357000,-302000,-302000
065583,超眾國泰02購01  ,0,0,0,0,0,0,0,0,0,-302000,0,0,0,10000,312000,-302000,-302000
068406,同欣電元富07購01,0,0,0,0,0,0,0,0,0,-303000,0,0,0,100000,403000,-303000,-303000
069540,聯電元大02購14  ,0,0,0,0,0,0,0,0,0,-303000,0,0,0,6000,309000,-303000,-303000
064839,旭富統一9C購01  ,0,0,0,0,0,0,0,0,0,-303000,0,0,0,27000,330000,-303000,-303000
063326,正隆國票9B購01  ,0,0,0,0,0,0,0,0,0,-303000,0,0,0,120000,423000,-303000,-303000
069683,奇力新元大02購02,0,0,0,0,0,0,0,0,0,-304000,0,0,0,46000,350000,-304000,-304000
069184,富邦金麥證02購01,0,0,0,23000,313000,-290000,0,0,0,-305000,0,0,0,31000,336000,-305000,-305000
065436,力成凱基02購01  ,0,0,0,0,0,0,0,0,0,-305000,0,0,0,0,305000,-305000,-305000
066743,和碩元大01購01  ,0,0,0,0,0,0,0,0,0,-305000,0,0,0,75000,380000,-305000,-305000
056810,群創統一9A購01  ,0,0,0,0,0,0,0,0,0,-306000,0,0,0,0,306000,-306000,-306000
065685,同欣電統一01購04,0,0,0,0,0,0,0,0,0,-306000,0,0,0,0,306000,-306000,-306000
6197,佳必琪          ,296000,602000,-306000,0,0,0,0,0,0,0,1000,1000,0,0,0,0,-306000
1717,長興            ,1037000,1114000,-77000,0,0,0,0,282000,-282000,53000,17000,0,17000,48000,12000,36000,-306000
3703,欣陸            ,1585000,1982000,-397000,0,0,0,0,0,0,90000,90000,0,90000,0,0,0,-307000
062523,世紀鋼元大9C購03,0,0,0,0,0,0,0,0,0,-308000,0,0,0,306000,614000,-308000,-308000
066404,瑞祺凱基02購01  ,0,0,0,0,0,0,0,0,0,-308000,0,0,0,30000,338000,-308000,-308000
066442,華碩群益01購01  ,0,0,0,0,0,0,0,0,0,-309000,0,0,0,34000,343000,-309000,-309000
065704,華新科群益9C購05,0,0,0,0,0,0,0,0,0,-310000,0,0,0,16000,326000,-310000,-310000
03399P,欣興中信02售03  ,0,0,0,0,0,0,0,0,0,-311000,0,0,0,208000,519000,-311000,-311000
063049,上海銀兆豐9B購01,0,0,0,0,0,0,0,0,0,-311000,0,0,0,230000,541000,-311000,-311000
061357,寶成元大9A購01  ,0,0,0,0,0,0,0,0,0,-311000,0,0,0,120000,431000,-311000,-311000
069764,聯電元大02購20  ,0,0,0,0,0,0,0,0,0,-312000,0,0,0,44000,356000,-312000,-312000
063170,智邦第一9B購01  ,0,0,0,0,0,0,0,0,0,-312000,0,0,0,62000,374000,-312000,-312000
066958,日月光元大01購02,0,0,0,0,0,0,0,0,0,-312000,0,0,0,0,312000,-312000,-312000
066947,聯發科元大01購15,0,0,0,0,0,0,0,0,0,-312000,0,0,0,142000,454000,-312000,-312000
069543,台積電元大03購05,0,0,0,0,0,0,0,0,0,-313000,0,0,0,0,313000,-313000,-313000
068220,聯發科統一04購01,0,0,0,0,0,0,0,0,0,-313000,0,0,0,460000,773000,-313000,-313000
064721,國泰金統一02購01,0,0,0,0,0,0,0,0,0,-313000,0,0,0,0,313000,-313000,-313000
060451,中石化元大9C購02,0,0,0,0,0,0,0,0,0,-314000,0,0,0,68000,382000,-314000,-314000
066845,亞光元大01購02  ,0,0,0,0,0,0,0,0,0,-314000,0,0,0,0,314000,-314000,-314000
067416,南紡凱基01購01  ,0,0,0,0,0,0,0,0,0,-314000,0,0,0,35000,349000,-314000,-314000
068344,台積電麥證01購13,0,0,0,51000,367000,-316000,0,0,0,-316000,0,0,0,51000,367000,-316000,-316000
068759,台船永豐02購01  ,0,0,0,0,0,0,0,0,0,-316000,0,0,0,0,316000,-316000,-316000
060990,新光金元大9B購03,0,0,0,0,0,0,0,0,0,-316000,0,0,0,0,316000,-316000,-316000
08181P,華新科國泰9C售02,0,0,0,0,0,0,0,0,0,-318000,0,0,0,57000,375000,-318000,-318000
060743,鴻海國票9A購03  ,0,0,0,0,0,0,0,0,0,-318000,0,0,0,30000,348000,-318000,-318000
068560,台積電元大01購51,0,0,0,0,0,0,0,0,0,-319000,0,0,0,725000,1044000,-319000,-319000
068300,聯電國票03購01  ,0,0,0,0,0,0,0,0,0,-319000,0,0,0,149000,468000,-319000,-319000
060305,得力永豐9A購01  ,0,0,0,0,0,0,0,0,0,-319000,0,0,0,12000,331000,-319000,-319000
062682,全新統一9B購01  ,0,0,0,0,0,0,0,0,0,-319000,0,0,0,0,319000,-319000,-319000
064582,裕隆永豐9C購02  ,0,0,0,0,0,0,0,0,0,-319000,0,0,0,21000,340000,-319000,-319000
068358,啟碁凱基01購01  ,0,0,0,0,0,0,0,0,0,-320000,0,0,0,0,320000,-320000,-320000
068873,光寶科凱基03購01,0,0,0,0,0,0,0,0,0,-320000,0,0,0,128000,448000,-320000,-320000
08167P,台積電兆豐9B售04,0,0,0,0,0,0,0,0,0,-320000,0,0,0,0,320000,-320000,-320000
058284,滬深反群益01購01,0,0,0,0,0,0,0,0,0,-320000,0,0,0,0,320000,-320000,-320000
067855,達方國票02購01  ,0,0,0,0,0,0,0,0,0,-321000,0,0,0,0,321000,-321000,-321000
058162,上銀日盛9B購01  ,0,0,0,0,0,0,0,0,0,-321000,0,0,0,40000,361000,-321000,-321000
061793,上銀永豐9B購01  ,0,0,0,0,0,0,0,0,0,-321000,0,0,0,10000,331000,-321000,-321000
066014,嘉晶元富07購01  ,0,0,0,0,0,0,0,0,0,-321000,0,0,0,3000,324000,-321000,-321000
069386,敦泰元大02購01  ,0,0,0,0,0,0,0,0,0,-322000,0,0,0,200000,522000,-322000,-322000
058251,百和元大99購03  ,0,0,0,0,0,0,0,0,0,-322000,0,0,0,0,322000,-322000,-322000
03063P,臺股指凱基04售03,0,0,0,0,0,0,0,0,0,-322000,0,0,0,0,322000,-322000,-322000
067013,致新永豐01購01  ,0,0,0,0,0,0,0,0,0,-322000,0,0,0,0,322000,-322000,-322000
067949,緯穎國泰03購01  ,0,0,0,0,0,0,0,0,0,-323000,0,0,0,86000,409000,-323000,-323000
068570,日月光元大01購06,0,0,0,0,0,0,0,0,0,-323000,0,0,0,0,323000,-323000,-323000
060284,南港元大01購01  ,0,0,0,0,0,0,0,0,0,-323000,0,0,0,432000,755000,-323000,-323000
065449,中租統一9C購01  ,0,0,0,0,0,0,0,0,0,-323000,0,0,0,299000,622000,-323000,-323000
069260,申豐凱基02購02  ,0,0,0,0,0,0,0,0,0,-324000,0,0,0,81000,405000,-324000,-324000
060229,楠梓電元大9C購01,0,0,0,0,0,0,0,0,0,-324000,0,0,0,31000,355000,-324000,-324000
064410,超眾凱基02購01  ,0,0,0,0,0,0,0,0,0,-324000,0,0,0,52000,376000,-324000,-324000
069514,全新凱基02購02  ,0,0,0,0,0,0,0,0,0,-325000,0,0,0,30000,355000,-325000,-325000
068936,景碩永豐02購01  ,0,0,0,0,0,0,0,0,0,-325000,0,0,0,131000,456000,-325000,-325000
065970,燿華元大02購01  ,0,0,0,0,0,0,0,0,0,-325000,0,0,0,100000,425000,-325000,-325000
066889,元大金中信07購01,0,0,0,0,0,0,0,0,0,-325000,0,0,0,68000,393000,-325000,-325000
067437,瑞祺凱基02購02  ,0,0,0,0,0,0,0,0,0,-325000,0,0,0,50000,375000,-325000,-325000
067191,康控凱基01購02  ,0,0,0,0,0,0,0,0,0,-325000,0,0,0,4000,329000,-325000,-325000
069714,和鑫國票03購01  ,0,0,0,0,0,0,0,0,0,-326000,0,0,0,0,326000,-326000,-326000
064150,全新統一01購03  ,0,0,0,0,0,0,0,0,0,-326000,0,0,0,0,326000,-326000,-326000
069556,台積電日盛02購01,0,0,0,0,0,0,0,0,0,-327000,0,0,0,0,327000,-327000,-327000
064057,緯穎統一02購01  ,0,0,0,0,0,0,0,0,0,-327000,0,0,0,10000,337000,-327000,-327000
066253,泰豐元大01購01  ,0,0,0,0,0,0,0,0,0,-327000,0,0,0,5000,332000,-327000,-327000
069664,訊芯兆豐03購01  ,0,0,0,0,0,0,0,0,0,-328000,0,0,0,0,328000,-328000,-328000
07883P,可成凱基9B售03  ,0,0,0,0,0,0,0,0,0,-328000,0,0,0,267000,595000,-328000,-328000
068387,國巨統一03購02  ,0,0,0,0,0,0,0,0,0,-328000,0,0,0,52000,380000,-328000,-328000
3669,圓展            ,22000,473000,-451000,0,0,0,0,0,0,123000,150000,27000,123000,0,0,0,-328000
068103,松翰永豐01購02  ,0,0,0,0,0,0,0,0,0,-329000,0,0,0,35000,364000,-329000,-329000
063819,致新群益9C購01  ,0,0,0,0,0,0,0,0,0,-329000,0,0,0,72000,401000,-329000,-329000
064239,群創統一02購01  ,0,0,0,0,0,0,0,0,0,-329000,0,0,0,231000,560000,-329000,-329000
065586,嘉聯益富邦03購01,0,0,0,0,0,0,0,0,0,-329000,0,0,0,126000,455000,-329000,-329000
069467,泰碩國票03購01  ,0,0,0,0,0,0,0,0,0,-330000,0,0,0,91000,421000,-330000,-330000
063291,緯穎元大01購01  ,0,0,0,0,0,0,0,0,0,-330000,0,0,0,2000,332000,-330000,-330000
069216,世紀鋼元大03購01,0,0,0,0,0,0,0,0,0,-331000,0,0,0,150000,481000,-331000,-331000
064781,嘉晶群益9C購04  ,0,0,0,0,0,0,0,0,0,-331000,0,0,0,53000,384000,-331000,-331000
063559,力山元大9B購04  ,0,0,0,0,0,0,0,0,0,-331000,0,0,0,0,331000,-331000,-331000
064133,力成元大9C購01  ,0,0,0,0,0,0,0,0,0,-332000,0,0,0,0,332000,-332000,-332000
061915,T50反1凱基02購02,0,0,0,0,0,0,0,0,0,-332000,0,0,0,130000,462000,-332000,-332000
066452,晶碩群益01購01  ,0,0,0,0,0,0,0,0,0,-332000,0,0,0,57000,389000,-332000,-332000
9919,康那香          ,1296000,1629000,-333000,0,0,0,0,0,0,1000,6000,5000,1000,0,0,0,-332000
063134,裕隆統一01購01  ,1000,0,1000,0,0,0,0,0,0,-334000,0,0,0,197000,531000,-334000,-333000
066842,卜蜂元大01購01  ,0,0,0,0,0,0,0,0,0,-333000,0,0,0,104000,437000,-333000,-333000
2426,鼎元            ,671000,1007000,-336000,0,0,0,0,0,0,3000,3000,0,3000,0,0,0,-333000
068904,美利達元大02購01,0,0,0,0,0,0,0,0,0,-334000,0,0,0,21000,355000,-334000,-334000
057354,聯鈞統一99購03  ,0,0,0,0,0,0,0,0,0,-334000,0,0,0,26000,360000,-334000,-334000
067326,世紀鋼元大01購02,0,0,0,0,0,0,0,0,0,-334000,0,0,0,78000,412000,-334000,-334000
050077,臺股指凱基99購02,0,0,0,0,0,0,0,0,0,-335000,0,0,0,705000,1040000,-335000,-335000
03304P,欣興元富02售02  ,0,0,0,0,0,0,0,0,0,-335000,0,0,0,225000,560000,-335000,-335000
068659,嘉晶元大03購01  ,0,0,0,0,0,0,0,0,0,-336000,0,0,0,144000,480000,-336000,-336000
068353,台積電凱基01購23,0,0,0,0,0,0,0,0,0,-336000,0,0,0,112000,448000,-336000,-336000
069860,精成科永豐02購02,0,0,0,0,0,0,0,0,0,-336000,0,0,0,0,336000,-336000,-336000
069506,元大金永豐02購01,0,0,0,0,0,0,0,0,0,-337000,0,0,0,62000,399000,-337000,-337000
065945,鴻海統一02購01  ,0,0,0,0,0,0,0,0,0,-337000,0,0,0,0,337000,-337000,-337000
060290,興富發元大9C購01,0,0,0,0,0,0,0,0,0,-338000,0,0,0,40000,378000,-338000,-338000
058053,上銀統一9B購01  ,0,0,0,0,0,0,0,0,0,-338000,0,0,0,941000,1279000,-338000,-338000
060667,力成凱基9A購01  ,0,0,0,0,0,0,0,0,0,-338000,0,0,0,0,338000,-338000,-338000
067410,聚陽兆豐01購01  ,0,0,0,0,0,0,0,0,0,-338000,0,0,0,360000,698000,-338000,-338000
066491,麗豐元富01購01  ,0,0,0,0,0,0,0,0,0,-338000,0,0,0,126000,464000,-338000,-338000
069214,南電元大02購07  ,0,0,0,0,0,0,0,0,0,-339000,0,0,0,230000,569000,-339000,-339000
3704,合勤控          ,824000,1125000,-301000,0,0,0,0,0,0,-38000,21000,0,21000,0,59000,-59000,-339000
068313,松翰國票03購01  ,0,0,0,0,0,0,0,0,0,-340000,0,0,0,0,340000,-340000,-340000
3588,通嘉            ,64000,404000,-340000,0,0,0,0,0,0,0,0,0,0,0,0,0,-340000
066353,台塑化永豐01購01,0,0,0,0,0,0,0,0,0,-341000,0,0,0,0,341000,-341000,-341000
065147,寶成凱基01購01  ,0,0,0,0,0,0,0,0,0,-341000,0,0,0,38000,379000,-341000,-341000
059291,華新科元富9B購01,0,0,0,0,0,0,0,0,0,-342000,0,0,0,0,342000,-342000,-342000
063654,上銀元富9B購05  ,0,0,0,0,0,0,0,0,0,-342000,0,0,0,4000,346000,-342000,-342000
08250P,GIS群益9C售02   ,0,0,0,0,0,0,0,0,0,-343000,0,0,0,104000,447000,-343000,-343000
066470,惠特統一02購01  ,0,0,0,0,0,0,0,0,0,-343000,0,0,0,491000,834000,-343000,-343000
060900,超眾凱基9B購01  ,0,0,0,0,0,0,0,0,0,-344000,0,0,0,0,344000,-344000,-344000
064179,上銀富邦01購01  ,0,0,0,0,0,0,0,0,0,-344000,0,0,0,250000,594000,-344000,-344000
08201P,祥碩元大9B售09  ,0,0,0,0,0,0,0,0,0,-345000,0,0,0,550000,895000,-345000,-345000
067678,大立光元大02購02,0,0,0,0,0,0,0,0,0,-345000,0,0,0,21000,366000,-345000,-345000
061913,宏碁中信9B購01  ,0,0,0,0,0,0,0,0,0,-346000,0,0,0,242000,588000,-346000,-346000
067627,中興電永豐01購01,0,0,0,0,0,0,0,0,0,-346000,0,0,0,169000,515000,-346000,-346000
6202,盛群            ,211000,568000,-357000,0,0,0,0,0,0,11000,11000,0,11000,0,0,0,-346000
067325,巨大元大01購05  ,0,0,0,0,0,0,0,0,0,-347000,0,0,0,0,347000,-347000,-347000
069863,志超永豐02購01  ,0,0,0,0,0,0,0,0,0,-348000,0,0,0,0,348000,-348000,-348000
069671,聯電元大02購18  ,0,0,0,0,0,0,0,0,0,-348000,0,0,0,30000,378000,-348000,-348000
08478P,臺股指凱基9C售16,0,0,0,0,0,0,0,0,0,-349000,0,0,0,111000,460000,-349000,-349000
068628,台表科群益02購01,0,0,0,0,0,0,0,0,0,-349000,0,0,0,102000,451000,-349000,-349000
3673,TPK-KY          ,714000,1142000,-428000,0,0,0,0,0,0,79000,62000,0,62000,64000,47000,17000,-349000
064004,全新凱基01購01  ,0,0,0,0,0,0,0,0,0,-350000,0,0,0,0,350000,-350000,-350000
061020,超眾國票9A購02  ,0,0,0,0,0,0,0,0,0,-351000,0,0,0,82000,433000,-351000,-351000
066142,超眾群益01購03  ,0,0,0,0,0,0,0,0,0,-351000,0,0,0,15000,366000,-351000,-351000
6005,群益證          ,1593000,1944543,-351543,0,0,0,0,0,0,0,0,0,0,0,0,0,-351543
066385,巨大康和01購01  ,0,0,0,0,0,0,0,0,0,-352000,0,0,0,55000,407000,-352000,-352000
069416,景碩統一04購01  ,0,0,0,0,0,0,0,0,0,-354000,0,0,0,72000,426000,-354000,-354000
066378,超眾兆豐03購01  ,0,0,0,0,0,0,0,0,0,-355000,0,0,0,86000,441000,-355000,-355000
063287,嘉澤元大9B購05  ,0,0,0,0,0,0,0,0,0,-356000,0,0,0,0,356000,-356000,-356000
08557P,臺股指中信01售09,0,0,0,0,0,0,0,0,0,-356000,0,0,0,44000,400000,-356000,-356000
061694,玉山金群益9A購01,0,0,0,0,0,0,0,0,0,-357000,0,0,0,0,357000,-357000,-357000
065307,矽格元富9C購01  ,0,0,0,0,0,0,0,0,0,-357000,0,0,0,88000,445000,-357000,-357000
3545,敦泰            ,763000,1344000,-581000,0,0,0,0,0,0,223000,13000,0,13000,231000,21000,210000,-358000
064682,嘉聯益兆豐01購01,0,0,0,0,0,0,0,0,0,-359000,0,0,0,429000,788000,-359000,-359000
1444,力麗            ,86000,450000,-364000,0,0,0,0,0,0,5000,5000,0,5000,0,0,0,-359000
069439,華固康和02購01  ,10000,0,10000,0,0,0,0,0,0,-370000,0,0,0,100000,470000,-370000,-360000
069781,志超元大02購01  ,0,0,0,0,0,0,0,0,0,-360000,0,0,0,0,360000,-360000,-360000
069166,聯詠元大02購04  ,0,0,0,0,0,0,0,0,0,-361000,0,0,0,66000,427000,-361000,-361000
064327,金寶元大01購01  ,0,0,0,0,0,0,0,0,0,-361000,0,0,0,150000,511000,-361000,-361000
066276,敦泰元大01購01  ,0,0,0,0,0,0,0,0,0,-361000,0,0,0,58000,419000,-361000,-361000
067164,台虹國票02購01  ,0,0,0,0,0,0,0,0,0,-361000,0,0,0,84000,445000,-361000,-361000
07949P,滬深2X元大9B售04,0,0,0,0,0,0,0,0,0,-362000,0,0,0,0,362000,-362000,-362000
2451,創見            ,96000,390000,-294000,0,0,0,1000,0,1000,-69000,3000,0,3000,0,72000,-72000,-362000
068675,聯電元富03購01  ,0,0,0,0,0,0,0,0,0,-363000,0,0,0,58000,421000,-363000,-363000
059170,康控凱基9B購01  ,0,0,0,0,0,0,0,0,0,-363000,0,0,0,0,363000,-363000,-363000
065496,裕隆富邦9C購01  ,0,0,0,0,0,0,0,0,0,-363000,0,0,0,401000,764000,-363000,-363000
08443P,臺股指麥證01售02,0,0,0,1965000,2329000,-364000,0,0,0,-364000,0,0,0,1965000,2329000,-364000,-364000
069485,奇力新元大02購01,0,0,0,0,0,0,0,0,0,-364000,0,0,0,191000,555000,-364000,-364000
067849,瀚宇博元富04購01,0,0,0,0,0,0,0,0,0,-365000,0,0,0,200000,565000,-365000,-365000
059730,晶相光元大9C購02,0,0,0,0,0,0,0,0,0,-366000,0,0,0,32000,398000,-366000,-366000
057141,嘉聯益兆豐99購01,0,0,0,0,0,0,0,0,0,-366000,0,0,0,0,366000,-366000,-366000
066285,松翰元大01購02  ,0,0,0,0,0,0,0,0,0,-366000,0,0,0,242000,608000,-366000,-366000
069323,華擎兆豐03購02  ,0,0,0,0,0,0,0,0,0,-367000,0,0,0,402000,769000,-367000,-367000
063876,華新元富9C購01  ,0,0,0,0,0,0,0,0,0,-369000,0,0,0,87000,456000,-369000,-369000
064917,元大金統一02購01,0,0,0,0,0,0,0,0,0,-369000,0,0,0,1378000,1747000,-369000,-369000
066664,嘉晶凱基02購01  ,0,0,0,0,0,0,0,0,0,-369000,0,0,0,28000,397000,-369000,-369000
064165,同欣電統一01購01,0,0,0,0,0,0,0,0,0,-370000,0,0,0,299000,669000,-370000,-370000
066551,大立光元大01購07,0,0,0,0,0,0,0,0,0,-370000,0,0,0,19000,389000,-370000,-370000
066831,亞光群益01購01  ,0,0,0,0,0,0,0,0,0,-370000,0,0,0,78000,448000,-370000,-370000
08621P,景碩群益9C售01  ,0,0,0,0,0,0,0,0,0,-371000,0,0,0,410000,781000,-371000,-371000
069154,光寶科元大02購01,0,0,0,0,0,0,0,0,0,-372000,0,0,0,175000,547000,-372000,-372000
059691,大立光永豐99購02,0,0,0,0,0,0,0,0,0,-372000,0,0,0,0,372000,-372000,-372000
067806,宏碁凱基02購01  ,0,0,0,0,0,0,0,0,0,-373000,0,0,0,175000,548000,-373000,-373000
068971,元金2X元大02購01,0,0,0,0,0,0,0,0,0,-373000,0,0,0,10000,383000,-373000,-373000
067772,超眾統一03購02  ,0,0,0,0,0,0,0,0,0,-373000,0,0,0,71000,444000,-373000,-373000
068429,裕隆凱基01購01  ,0,0,0,0,0,0,0,0,0,-374000,0,0,0,19000,393000,-374000,-374000
069501,華新永豐02購01  ,0,0,0,0,0,0,0,0,0,-374000,0,0,0,360000,734000,-374000,-374000
066009,創意統一02購02  ,0,0,0,0,0,0,0,0,0,-374000,0,0,0,421000,795000,-374000,-374000
2404,漢唐            ,63000,403000,-340000,0,0,0,0,0,0,-34000,5000,8000,-3000,4000,35000,-31000,-374000
063538,神達統一9C購01  ,0,0,0,0,0,0,0,0,0,-375000,0,0,0,20000,395000,-375000,-375000
065086,可成元大01購04  ,0,0,0,0,0,0,0,0,0,-375000,0,0,0,162000,537000,-375000,-375000
068745,上銀群益02購01  ,0,0,0,0,0,0,0,0,0,-376000,0,0,0,35000,411000,-376000,-376000
064500,國泰金元大9C購01,0,0,0,0,0,0,0,0,0,-376000,0,0,0,10000,386000,-376000,-376000
6141,柏承            ,382000,759000,-377000,0,0,0,0,0,0,1000,1000,0,1000,0,0,0,-376000
08995P,台灣50群益01售12,0,0,0,0,0,0,0,0,0,-376000,0,0,0,0,376000,-376000,-376000
068984,新唐元大02購01  ,0,0,0,0,0,0,0,0,0,-377000,0,0,0,90000,467000,-377000,-377000
069605,敦泰國票03購01  ,0,0,0,0,0,0,0,0,0,-377000,0,0,0,0,377000,-377000,-377000
069128,台達電國泰04購01,0,0,0,0,0,0,0,0,0,-377000,0,0,0,6000,383000,-377000,-377000
063196,力成元富9B購01  ,0,0,0,0,0,0,0,0,0,-378000,0,0,0,62000,440000,-378000,-378000
6582,申豐            ,409000,844000,-435000,0,0,0,0,0,0,57000,20000,14000,6000,57000,6000,51000,-378000
063763,上銀元富9B購07  ,0,0,0,0,0,0,0,0,0,-379000,0,0,0,119000,498000,-379000,-379000
069432,華新科群益02購04,0,0,0,0,0,0,0,0,0,-380000,0,0,0,99000,479000,-380000,-380000
068944,中石化凱基04購01,0,0,0,0,0,0,0,0,0,-380000,0,0,0,143000,523000,-380000,-380000
068288,長榮航群益01購02,0,0,0,0,0,0,0,0,0,-381000,0,0,0,28000,409000,-381000,-381000
067763,鈺齊永豐01購01  ,0,0,0,0,0,0,0,0,0,-381000,0,0,0,234000,615000,-381000,-381000
066321,華碩永豐01購01  ,0,0,0,0,0,0,0,0,0,-383000,0,0,0,184000,567000,-383000,-383000
058752,鈺齊凱基9A購01  ,0,0,0,0,0,0,0,0,0,-384000,0,0,0,15000,399000,-384000,-384000
069092,台達電統一03購03,0,0,0,0,0,0,0,0,0,-386000,0,0,0,11000,397000,-386000,-386000
067631,上銀永豐01購01  ,0,0,0,0,0,0,0,0,0,-386000,0,0,0,62000,448000,-386000,-386000
08683P,大立光凱基02售03,0,0,0,0,0,0,0,0,0,-386000,0,0,0,0,386000,-386000,-386000
068343,台積電麥證01購12,0,0,0,138000,525000,-387000,0,0,0,-387000,0,0,0,138000,525000,-387000,-387000
063764,上銀元富9B購08  ,0,0,0,0,0,0,0,0,0,-387000,0,0,0,162000,549000,-387000,-387000
067705,遠東新元富01購01,0,0,0,0,0,0,0,0,0,-388000,0,0,0,32000,420000,-388000,-388000
067302,聯發科元大01購20,0,0,0,0,0,0,0,0,0,-388000,0,0,0,190000,578000,-388000,-388000
060414,中興電永豐9A購01,0,0,0,0,0,0,0,0,0,-390000,0,0,0,322000,712000,-390000,-390000
056410,康控國票99購01  ,0,0,0,0,0,0,0,0,0,-390000,0,0,0,0,390000,-390000,-390000
067746,瀚宇博元大01購04,0,0,0,0,0,0,0,0,0,-390000,0,0,0,335000,725000,-390000,-390000
066316,台船永豐01購01  ,0,0,0,0,0,0,0,0,0,-390000,0,0,0,299000,689000,-390000,-390000
069035,可成統一02購02  ,0,0,0,0,0,0,0,0,0,-391000,0,0,0,103000,494000,-391000,-391000
069487,大立光元大02購05,0,0,0,0,0,0,0,0,0,-391000,0,0,0,0,391000,-391000,-391000
061675,華新科元大9A購23,0,0,0,0,0,0,0,0,0,-391000,0,0,0,0,391000,-391000,-391000
068965,泰碩群益02購01  ,0,0,0,0,0,0,0,0,0,-392000,0,0,0,50000,442000,-392000,-392000
066440,南帝群益01購01  ,0,0,0,0,0,0,0,0,0,-394000,0,0,0,140000,534000,-394000,-394000
066515,強茂永豐01購02  ,0,0,0,0,0,0,0,0,0,-394000,0,0,0,151000,545000,-394000,-394000
063432,金寶元富9B購01  ,0,0,0,0,0,0,0,0,0,-395000,0,0,0,80000,475000,-395000,-395000
065279,T50反1群益9C購03,0,0,0,0,0,0,0,0,0,-395000,0,0,0,2668000,3063000,-395000,-395000
063674,力山國泰01購02  ,0,0,0,0,0,0,0,0,0,-397000,0,0,0,48000,445000,-397000,-397000
067127,台虹富邦03購01  ,0,0,0,0,0,0,0,0,0,-397000,0,0,0,21000,418000,-397000,-397000
067120,矽創群益01購01  ,0,0,0,0,0,0,0,0,0,-398000,0,0,0,0,398000,-398000,-398000
3015,全漢            ,149000,554000,-405000,0,0,0,0,0,0,7000,7000,0,7000,0,0,0,-398000
069322,新日興兆豐03購01,0,0,0,0,0,0,0,0,0,-400000,0,0,0,0,400000,-400000,-400000
05830P,滬深2X元富99售03,0,0,0,0,0,0,0,0,0,-400000,0,0,0,0,400000,-400000,-400000
08591P,台光電凱基9C售02,0,0,0,0,0,0,0,0,0,-400000,0,0,0,0,400000,-400000,-400000
912000,晨訊科-DR       ,0,400000,-400000,0,0,0,0,0,0,0,0,0,0,0,0,0,-400000
07903P,台積電群益9B售03,0,0,0,0,0,0,0,0,0,-401000,0,0,0,0,401000,-401000,-401000
066498,康控國泰02購01  ,0,0,0,0,0,0,0,0,0,-401000,0,0,0,211000,612000,-401000,-401000
068411,世紀鋼元富07購01,0,0,0,0,0,0,0,0,0,-402000,0,0,0,130000,532000,-402000,-402000
067509,京鼎統一01購01  ,0,0,0,0,0,0,0,0,0,-402000,0,0,0,205000,607000,-402000,-402000
067967,玉山金群益01購01,0,0,0,0,0,0,0,0,0,-403000,0,0,0,37000,440000,-403000,-403000
069721,宏碁群益04購01  ,0,0,0,0,0,0,0,0,0,-403000,0,0,0,203000,606000,-403000,-403000
066032,矽格群益01購01  ,0,0,0,0,0,0,0,0,0,-403000,0,0,0,32000,435000,-403000,-403000
068209,彩晶凱基04購02  ,0,0,0,0,0,0,0,0,0,-404000,0,0,0,68000,472000,-404000,-404000
069114,智邦群益02購01  ,0,0,0,0,0,0,0,0,0,-406000,0,0,0,172000,578000,-406000,-406000
065312,日月光國票01購01,0,0,0,0,0,0,0,0,0,-407000,0,0,0,465000,872000,-407000,-407000
065190,緯穎統一9C購02  ,0,0,0,0,0,0,0,0,0,-408000,0,0,0,20000,428000,-408000,-408000
067558,中工國票02購01  ,0,0,0,0,0,0,0,0,0,-408000,0,0,0,518000,926000,-408000,-408000
069615,國巨統一03購07  ,0,0,0,0,0,0,0,0,0,-409000,0,0,0,30000,439000,-409000,-409000
068803,國揚群益03購01  ,0,0,0,0,0,0,0,0,0,-409000,0,0,0,41000,450000,-409000,-409000
066759,盟立永豐01購03  ,0,0,0,0,0,0,0,0,0,-409000,0,0,0,1000,410000,-409000,-409000
068149,旺宏元大01購05  ,0,0,0,0,0,0,0,0,0,-410000,0,0,0,0,410000,-410000,-410000
068295,旭富兆豐01購02  ,0,0,0,0,0,0,0,0,0,-410000,0,0,0,333000,743000,-410000,-410000
069732,嘉晶麥證02購01  ,0,0,0,0,434000,-434000,0,0,0,-410000,0,0,0,24000,434000,-410000,-410000
068876,聯詠凱基02購04  ,0,0,0,0,0,0,0,0,0,-411000,0,0,0,0,411000,-411000,-411000
065846,華新科元大03購01,0,0,0,0,0,0,0,0,0,-411000,0,0,0,61000,472000,-411000,-411000
066134,強茂群益01購01  ,0,0,0,0,0,0,0,0,0,-412000,0,0,0,90000,502000,-412000,-412000
069185,華擎麥證02購01  ,0,0,0,25000,443000,-418000,0,0,0,-413000,0,0,0,30000,443000,-413000,-413000
063783,儒鴻中信9C購01  ,0,0,0,0,0,0,0,0,0,-413000,0,0,0,66000,479000,-413000,-413000
064658,喬山元大9C購01  ,0,0,0,0,0,0,0,0,0,-413000,0,0,0,22000,435000,-413000,-413000
063774,GIS富邦9B購02   ,0,0,0,0,0,0,0,0,0,-415000,0,0,0,4000,419000,-415000,-415000
066233,華碩富邦02購01  ,0,0,0,0,0,0,0,0,0,-415000,0,0,0,91000,506000,-415000,-415000
068637,長榮航凱基03購01,0,0,0,0,0,0,0,0,0,-417000,0,0,0,1000,418000,-417000,-417000
057016,中石化凱基9B購01,0,0,0,0,0,0,0,0,0,-417000,0,0,0,265000,682000,-417000,-417000
062011,上銀富邦9C購01  ,0,0,0,0,0,0,0,0,0,-417000,0,0,0,145000,562000,-417000,-417000
08571P,台積電兆豐9C售06,0,0,0,0,0,0,0,0,0,-417000,0,0,0,1406000,1823000,-417000,-417000
067824,鈺齊凱基01購02  ,0,0,0,0,0,0,0,0,0,-418000,0,0,0,24000,442000,-418000,-418000
066506,宏達電富邦03購01,0,0,0,0,0,0,0,0,0,-418000,0,0,0,2000,420000,-418000,-418000
066853,樺漢元大01購01  ,0,0,0,0,0,0,0,0,0,-418000,0,0,0,71000,489000,-418000,-418000
068370,臺股指富邦01購04,0,0,0,0,0,0,0,0,0,-420000,0,0,0,2000,422000,-420000,-420000
062360,華邦電元大9B購01,0,0,0,0,0,0,0,0,0,-420000,0,0,0,0,420000,-420000,-420000
08248P,旺宏群益9C售02  ,0,0,0,0,0,0,0,0,0,-422000,0,0,0,20000,442000,-422000,-422000
060745,京元電國票9A購01,0,0,0,0,0,0,0,0,0,-422000,0,0,0,370000,792000,-422000,-422000
068758,喬山永豐02購01  ,0,0,0,0,0,0,0,0,0,-423000,0,0,0,17000,440000,-423000,-423000
064932,緯穎統一01購04  ,0,0,0,0,0,0,0,0,0,-423000,0,0,0,0,423000,-423000,-423000
4746,台耀            ,1577000,1838000,-261000,0,0,0,0,200000,-200000,38000,28000,40000,-12000,50000,0,50000,-423000
069201,台達電元大02購03,0,0,0,0,0,0,0,0,0,-424000,0,0,0,40000,464000,-424000,-424000
068180,華新科群益02購03,0,0,0,0,0,0,0,0,0,-426000,0,0,0,112000,538000,-426000,-426000
065812,寶成群益9C購02  ,0,0,0,0,0,0,0,0,0,-430000,0,0,0,0,430000,-430000,-430000
066620,長興凱基01購01  ,0,0,0,0,0,0,0,0,0,-431000,0,0,0,270000,701000,-431000,-431000
08445P,臺股指麥證9C售03,0,0,0,10000,442000,-432000,0,0,0,-432000,0,0,0,10000,442000,-432000,-432000
065894,漢翔統一03購01  ,0,0,0,0,0,0,0,0,0,-432000,0,0,0,108000,540000,-432000,-432000
058055,華擎統一9A購01  ,0,0,0,0,0,0,0,0,0,-433000,0,0,0,119000,552000,-433000,-433000
068163,緯穎元大01購07  ,0,0,0,0,0,0,0,0,0,-434000,0,0,0,58000,492000,-434000,-434000
064992,玉晶光兆豐01購01,0,0,0,0,0,0,0,0,0,-434000,0,0,0,322000,756000,-434000,-434000
068887,新唐統一02購01  ,0,0,0,0,0,0,0,0,0,-435000,0,0,0,0,435000,-435000,-435000
057567,嘉聯益富邦9A購01,0,0,0,0,0,0,0,0,0,-435000,0,0,0,244000,679000,-435000,-435000
063708,上銀凱基9B購06  ,0,0,0,0,0,0,0,0,0,-435000,0,0,0,60000,495000,-435000,-435000
066210,瑞祺統一02購01  ,0,0,0,0,0,0,0,0,0,-435000,0,0,0,84000,519000,-435000,-435000
069219,華新群益04購01  ,0,0,0,0,0,0,0,0,0,-436000,0,0,0,355000,791000,-436000,-436000
065524,康控群益01購01  ,0,0,0,0,0,0,0,0,0,-436000,0,0,0,40000,476000,-436000,-436000
064549,神基凱基9C購01  ,0,0,0,0,0,0,0,0,0,-437000,0,0,0,32000,469000,-437000,-437000
069441,力山元富08購01  ,0,0,0,0,0,0,0,0,0,-439000,0,0,0,0,439000,-439000,-439000
064763,祥碩凱基02購01  ,30000,0,30000,0,0,0,0,0,0,-470000,0,0,0,377000,847000,-470000,-440000
066315,南帝永豐01購01  ,0,0,0,0,0,0,0,0,0,-440000,0,0,0,66000,506000,-440000,-440000
067245,康控群益01購03  ,0,0,0,0,0,0,0,0,0,-440000,0,0,0,83000,523000,-440000,-440000
069373,華新元大02購01  ,0,0,0,0,0,0,0,0,0,-441000,0,0,0,250000,691000,-441000,-441000
063807,超眾兆豐01購01  ,0,0,0,0,0,0,0,0,0,-441000,0,0,0,192000,633000,-441000,-441000
067430,中工凱基05購01  ,0,0,0,0,0,0,0,0,0,-441000,0,0,0,403000,844000,-441000,-441000
068186,GIS群益01購03   ,0,0,0,0,0,0,0,0,0,-442000,0,0,0,57000,499000,-442000,-442000
067131,為升永豐01購01  ,0,0,0,0,0,0,0,0,0,-442000,0,0,0,10000,452000,-442000,-442000
064830,可成統一9C購04  ,0,0,0,0,0,0,0,0,0,-443000,0,0,0,269000,712000,-443000,-443000
063029,喬山凱基9B購01  ,0,0,0,0,0,0,0,0,0,-443000,0,0,0,0,443000,-443000,-443000
067217,康控元大01購02  ,0,0,0,0,0,0,0,0,0,-443000,0,0,0,164000,607000,-443000,-443000
068159,華擎元大01購08  ,0,0,0,0,0,0,0,0,0,-444000,0,0,0,519000,963000,-444000,-444000
064799,裕隆元大9C購02  ,30000,0,30000,0,0,0,0,0,0,-474000,0,0,0,41000,515000,-474000,-444000
056915,上銀兆豐99購01  ,0,0,0,0,0,0,0,0,0,-445000,0,0,0,76000,521000,-445000,-445000
066167,強茂凱基01購01  ,0,0,0,0,0,0,0,0,0,-445000,0,0,0,20000,465000,-445000,-445000
066232,聯強富邦03購01  ,0,0,0,0,0,0,0,0,0,-445000,0,0,0,96000,541000,-445000,-445000
064813,祥碩元大9C購05  ,0,0,0,0,0,0,0,0,0,-447000,0,0,0,21000,468000,-447000,-447000
068215,潤泰新凱基01購02,0,0,0,0,0,0,0,0,0,-448000,0,0,0,40000,488000,-448000,-448000
060700,華新科國泰9C購01,0,0,0,0,0,0,0,0,0,-449000,0,0,0,596000,1045000,-449000,-449000
066479,國巨元富07購01  ,0,0,0,0,0,0,0,0,0,-449000,0,0,0,20000,469000,-449000,-449000
064844,道瓊指元富9C購01,0,0,0,0,0,0,0,0,0,-450000,0,0,0,0,450000,-450000,-450000
067268,日月光永豐01購01,0,0,0,0,0,0,0,0,0,-452000,0,0,0,0,452000,-452000,-452000
067657,日月光元富01購01,0,0,0,0,0,0,0,0,0,-454000,0,0,0,100000,554000,-454000,-454000
068633,聯電凱基03購05  ,0,0,0,0,0,0,0,0,0,-455000,0,0,0,58000,513000,-455000,-455000
066061,超眾元大01購04  ,0,0,0,0,0,0,0,0,0,-455000,0,0,0,26000,481000,-455000,-455000
069333,聯電群益03購08  ,0,0,0,0,0,0,0,0,0,-456000,0,0,0,47000,503000,-456000,-456000
08110P,臺股指中信01售05,0,0,0,0,0,0,0,0,0,-459000,0,0,0,0,459000,-459000,-459000
063616,上銀兆豐9C購01  ,0,0,0,0,0,0,0,0,0,-459000,0,0,0,201000,660000,-459000,-459000
065547,同欣電兆豐01購01,0,0,0,0,0,0,0,0,0,-460000,0,0,0,22000,482000,-460000,-460000
066811,致新凱基01購03  ,0,0,0,0,0,0,0,0,0,-460000,0,0,0,0,460000,-460000,-460000
064603,和碩元富9C購01  ,0,0,0,0,0,0,0,0,0,-463000,0,0,0,65000,528000,-463000,-463000
066809,新唐凱基01購01  ,0,0,0,0,0,0,0,0,0,-463000,0,0,0,20000,483000,-463000,-463000
067712,惠特元富04購01  ,0,0,0,0,0,0,0,0,0,-464000,0,0,0,615000,1079000,-464000,-464000
066678,台達電兆豐03購01,0,0,0,0,0,0,0,0,0,-465000,0,0,0,33000,498000,-465000,-465000
068223,京鼎統一03購02  ,0,0,0,0,0,0,0,0,0,-466000,0,0,0,10000,476000,-466000,-466000
059925,可成國泰9B購01  ,0,0,0,0,0,0,0,0,0,-468000,0,0,0,297000,765000,-468000,-468000
064048,大立光統一9C購07,0,0,0,0,0,0,0,0,0,-468000,0,0,0,150000,618000,-468000,-468000
9103,美德醫療-DR     ,420000,1038000,-618000,0,0,0,0,0,0,150000,0,0,0,150000,0,150000,-468000
063696,T50反1群益9B購03,0,0,0,0,0,0,0,0,0,-470000,0,0,0,0,470000,-470000,-470000
063401,中租群益9B購03  ,0,0,0,0,0,0,0,0,0,-470000,0,0,0,265000,735000,-470000,-470000
064593,鈺齊永豐9C購01  ,0,0,0,0,0,0,0,0,0,-471000,0,0,0,13000,484000,-471000,-471000
067793,鈺齊群益01購02  ,0,0,0,0,0,0,0,0,0,-472000,0,0,0,0,472000,-472000,-472000
067136,京鼎永豐01購01  ,0,0,0,0,0,0,0,0,0,-472000,0,0,0,0,472000,-472000,-472000
065490,國巨國泰02購02  ,0,0,0,0,0,0,0,0,0,-472000,0,0,0,200000,672000,-472000,-472000
067061,亞泥元大01購01  ,0,0,0,0,0,0,0,0,0,-475000,0,0,0,498000,973000,-475000,-475000
067224,致新元大01購03  ,0,0,0,0,0,0,0,0,0,-476000,0,0,0,272000,748000,-476000,-476000
069780,樺漢元大02購01  ,0,0,0,0,0,0,0,0,0,-478000,0,0,0,0,478000,-478000,-478000
067026,群創兆豐03購01  ,0,0,0,0,0,0,0,0,0,-478000,0,0,0,13000,491000,-478000,-478000
4915,致伸            ,423000,935000,-512000,0,0,0,0,1000,-1000,34000,10000,0,10000,25000,1000,24000,-479000
066554,嘉晶元大01購05  ,0,0,0,0,0,0,0,0,0,-480000,0,0,0,357000,837000,-480000,-480000
2406,國碩            ,740000,1123000,-383000,0,0,0,0,0,0,-97000,3000,100000,-97000,0,0,0,-480000
069446,華新科統一04購01,0,0,0,0,0,0,0,0,0,-481000,0,0,0,152000,633000,-481000,-481000
059187,國巨富邦9B購02  ,0,0,0,0,0,0,0,0,0,-481000,0,0,0,97000,578000,-481000,-481000
060428,瑞祺永豐9A購01  ,0,0,0,0,0,0,0,0,0,-481000,0,0,0,97000,578000,-481000,-481000
067926,嘉晶兆豐01購02  ,0,0,0,0,0,0,0,0,0,-482000,0,0,0,43000,525000,-482000,-482000
068384,聯電統一03購02  ,0,0,0,0,0,0,0,0,0,-484000,0,0,0,36000,520000,-484000,-484000
069406,台積電統一03購16,0,0,0,0,0,0,0,0,0,-484000,0,0,0,15000,499000,-484000,-484000
067835,微星統一02購02  ,0,0,0,0,0,0,0,0,0,-485000,0,0,0,326000,811000,-485000,-485000
065580,鈺齊群益01購01  ,0,0,0,0,0,0,0,0,0,-487000,0,0,0,21000,508000,-487000,-487000
068969,台塑化群益02購01,0,0,0,0,0,0,0,0,0,-488000,0,0,0,8000,496000,-488000,-488000
067661,大成元大01購01  ,0,0,0,0,0,0,0,0,0,-489000,0,0,0,577000,1066000,-489000,-489000
08615P,同欣電統一9C售02,0,0,0,0,0,0,0,0,0,-489000,0,0,0,13000,502000,-489000,-489000
08675P,旺宏群益01售03  ,0,0,0,0,0,0,0,0,0,-489000,0,0,0,10000,499000,-489000,-489000
068495,新光金元大04購01,0,0,0,0,0,0,0,0,0,-490000,0,0,0,10000,500000,-490000,-490000
069693,欣興統一02購04  ,0,0,0,0,0,0,0,0,0,-492000,0,0,0,100000,592000,-492000,-492000
067497,康控元大01購04  ,0,0,0,0,0,0,0,0,0,-492000,0,0,0,37000,529000,-492000,-492000
067494,日月光元大01購03,0,0,0,0,0,0,0,0,0,-493000,0,0,0,258000,751000,-493000,-493000
066350,達麗永豐01購01  ,0,0,0,0,0,0,0,0,0,-493000,0,0,0,14000,507000,-493000,-493000
067890,華新科群益01購06,0,0,0,0,0,0,0,0,0,-494000,0,0,0,107000,601000,-494000,-494000
065961,東元元大04購01  ,0,0,0,0,0,0,0,0,0,-496000,0,0,0,4000,500000,-496000,-496000
069531,全新群益04購01  ,0,0,0,0,0,0,0,0,0,-498000,0,0,0,0,498000,-498000,-498000
069825,滬深2X元富08購01,0,0,0,0,0,0,0,0,0,-499000,0,0,0,0,499000,-499000,-499000
08019P,緯穎國票9B售02  ,0,0,0,0,0,0,0,0,0,-499000,0,0,0,0,499000,-499000,-499000
068015,臺指反國票01購02,0,0,0,0,0,0,0,0,0,-499000,0,0,0,0,499000,-499000,-499000
066006,大立光統一01購07,0,0,0,0,0,0,0,0,0,-499000,0,0,0,71000,570000,-499000,-499000
065258,華邦電元大01購01,0,0,0,0,0,0,0,0,0,-499000,0,0,0,101000,600000,-499000,-499000
060807,新光金群益9A購01,0,0,0,0,0,0,0,0,0,-500000,0,0,0,0,500000,-500000,-500000
062603,台化凱基9B購01  ,0,0,0,0,0,0,0,0,0,-500000,0,0,0,0,500000,-500000,-500000
03452B,臺股指凱基03熊05,0,0,0,0,0,0,0,0,0,-501000,0,0,0,618000,1119000,-501000,-501000
066211,瑞祺統一04購01  ,0,0,0,0,0,0,0,0,0,-502000,0,0,0,15000,517000,-502000,-502000
062817,富邦金兆豐9B購01,0,0,0,0,0,0,0,0,0,-503000,0,0,0,151000,654000,-503000,-503000
062408,致新永豐9B購01  ,0,0,0,0,0,0,0,0,0,-503000,0,0,0,84000,587000,-503000,-503000
064448,裕隆統一02購01  ,0,0,0,0,0,0,0,0,0,-504000,0,0,0,131000,635000,-504000,-504000
2461,光群雷          ,113000,620000,-507000,0,0,0,0,0,0,2000,2000,0,2000,0,0,0,-505000
068178,華邦電群益01購04,0,0,0,0,0,0,0,0,0,-506000,0,0,0,0,506000,-506000,-506000
063022,嘉晶元大9B購04  ,0,0,0,0,0,0,0,0,0,-507000,0,0,0,95000,602000,-507000,-507000
065195,國巨元富06購01  ,0,0,0,0,0,0,0,0,0,-508000,0,0,0,25000,533000,-508000,-508000
063976,正崴兆豐9C購01  ,0,0,0,0,0,0,0,0,0,-510000,0,0,0,105000,615000,-510000,-510000
069396,聚陽統一02購05  ,0,0,0,0,0,0,0,0,0,-512000,0,0,0,218000,730000,-512000,-512000
069634,欣興元富08購02  ,0,0,0,0,0,0,0,0,0,-514000,0,0,0,424000,938000,-514000,-514000
063804,華邦電兆豐01購01,0,0,0,0,0,0,0,0,0,-514000,0,0,0,0,514000,-514000,-514000
062684,華新科統一01購02,0,0,0,0,0,0,0,0,0,-515000,0,0,0,40000,555000,-515000,-515000
069628,聯電元富04購01  ,0,0,0,0,0,0,0,0,0,-517000,0,0,0,100000,617000,-517000,-517000
1701,中化            ,303000,562000,-259000,0,0,0,0,0,0,-258000,31000,4000,27000,0,285000,-285000,-517000
066844,聯發科元大01購12,0,0,0,0,0,0,0,0,0,-518000,0,0,0,214000,732000,-518000,-518000
06771P,台灣50中信02售01,20000,0,20000,0,0,0,0,0,0,-540000,0,0,0,0,540000,-540000,-520000
062351,瑞祺群益9C購01  ,0,0,0,0,0,0,0,0,0,-521000,0,0,0,1000,522000,-521000,-521000
063548,同欣電兆豐9B購01,0,0,0,0,0,0,0,0,0,-522000,0,0,0,73000,595000,-522000,-522000
063451,漢翔統一9C購01  ,0,0,0,0,0,0,0,0,0,-524000,0,0,0,0,524000,-524000,-524000
067360,日月光群益01購01,0,0,0,0,0,0,0,0,0,-526000,0,0,0,60000,586000,-526000,-526000
065652,超眾元大01購02  ,0,0,0,0,0,0,0,0,0,-526000,0,0,0,299000,825000,-526000,-526000
08850P,台光電群益01售03,0,0,0,0,0,0,0,0,0,-527000,0,0,0,4000,531000,-527000,-527000
069568,新光金凱基04購01,0,0,0,0,0,0,0,0,0,-528000,0,0,0,0,528000,-528000,-528000
067951,宏碁永豐01購02  ,0,0,0,0,0,0,0,0,0,-528000,0,0,0,593000,1121000,-528000,-528000
066466,晶碩統一02購01  ,0,0,0,0,0,0,0,0,0,-528000,0,0,0,49000,577000,-528000,-528000
069187,矽創麥證02購01  ,0,0,0,32000,563000,-531000,0,0,0,-531000,0,0,0,32000,563000,-531000,-531000
064555,力山群益01購01  ,0,0,0,0,0,0,0,0,0,-532000,0,0,0,14000,546000,-532000,-532000
067288,為升兆豐03購01  ,0,0,0,0,0,0,0,0,0,-534000,0,0,0,638000,1172000,-534000,-534000
065872,漢翔群益9C購01  ,0,0,0,0,0,0,0,0,0,-537000,0,0,0,50000,587000,-537000,-537000
066123,華夏群益01購01  ,0,0,0,0,0,0,0,0,0,-538000,0,0,0,334000,872000,-538000,-538000
064538,鈺齊國票01購01  ,0,0,0,0,0,0,0,0,0,-539000,0,0,0,3000,542000,-539000,-539000
064250,亞光元富9C購01  ,0,0,0,0,0,0,0,0,0,-540000,0,0,0,90000,630000,-540000,-540000
069376,台積電元大03購04,0,0,0,0,0,0,0,0,0,-541000,0,0,0,88000,629000,-541000,-541000
068776,台積電元富08購01,0,0,0,0,0,0,0,0,0,-543000,0,0,0,31000,574000,-543000,-543000
068863,元大金元富03購01,0,0,0,0,0,0,0,0,0,-544000,0,0,0,348000,892000,-544000,-544000
068114,富邦金元富07購01,0,0,0,0,0,0,0,0,0,-545000,0,0,0,148000,693000,-545000,-545000
067691,台虹元大01購03  ,0,0,0,0,0,0,0,0,0,-545000,0,0,0,176000,721000,-545000,-545000
058026,上銀富邦9A購01  ,0,0,0,0,0,0,0,0,0,-548000,0,0,0,203000,751000,-548000,-548000
058268,泰碩永豐9A購01  ,0,0,0,0,0,0,0,0,0,-550000,0,0,0,10000,560000,-550000,-550000
068983,日月光元大02購01,0,0,0,0,0,0,0,0,0,-551000,0,0,0,0,551000,-551000,-551000
068624,聯發科群益02購08,0,0,0,0,0,0,0,0,0,-551000,0,0,0,225000,776000,-551000,-551000
069321,中壽兆豐03購01  ,0,0,0,0,0,0,0,0,0,-552000,0,0,0,234000,786000,-552000,-552000
066467,晶碩統一03購01  ,0,0,0,0,0,0,0,0,0,-552000,0,0,0,155000,707000,-552000,-552000
063755,上銀統一9C購03  ,0,0,0,0,0,0,0,0,0,-553000,0,0,0,29000,582000,-553000,-553000
061879,超眾元大9C購01  ,0,0,0,0,0,0,0,0,0,-553000,0,0,0,196000,749000,-553000,-553000
063352,上銀元富9B購02  ,0,0,0,0,0,0,0,0,0,-554000,0,0,0,50000,604000,-554000,-554000
067642,貿聯統一01購03  ,0,0,0,0,0,0,0,0,0,-556000,0,0,0,52000,608000,-556000,-556000
064843,巨大統一02購01  ,0,0,0,0,0,0,0,0,0,-559000,0,0,0,396000,955000,-559000,-559000
066084,國巨富邦05購01  ,0,0,0,0,0,0,0,0,0,-559000,0,0,0,365000,924000,-559000,-559000
07791P,奇鋐元大9A售02  ,0,0,0,0,0,0,0,0,0,-562000,0,0,0,10000,572000,-562000,-562000
5880,合庫金          ,2450075,3047924,-597849,0,0,0,6000,121000,-115000,150000,150000,0,150000,0,0,0,-562849
064704,嘉晶國泰01購01  ,0,0,0,0,0,0,0,0,0,-563000,0,0,0,230000,793000,-563000,-563000
067139,訊連永豐01購01  ,0,0,0,0,0,0,0,0,0,-564000,0,0,0,0,564000,-564000,-564000
069581,宏碁永豐02購01  ,0,0,0,0,0,0,0,0,0,-565000,0,0,0,200000,765000,-565000,-565000
069620,奇鋐統一02購02  ,0,0,0,0,0,0,0,0,0,-567000,0,0,0,1374000,1941000,-567000,-567000
066529,巨大統一03購01  ,0,0,0,0,0,0,0,0,0,-567000,0,0,0,433000,1000000,-567000,-567000
069584,中壽永豐02購01  ,0,0,0,0,0,0,0,0,0,-568000,0,0,0,0,568000,-568000,-568000
00715L,街口布蘭特油正2 ,0,0,0,0,0,0,0,0,0,-572000,0,0,0,0,572000,-572000,-572000
068708,新光金國票02購01,0,0,0,0,0,0,0,0,0,-576000,0,0,0,162000,738000,-576000,-576000
061840,長榮航凱基9C購01,0,0,0,0,0,0,0,0,0,-576000,0,0,0,0,576000,-576000,-576000
068192,台積電凱基03購04,0,0,0,0,0,0,0,0,0,-578000,0,0,0,258000,836000,-578000,-578000
064971,裕隆元大01購01  ,0,0,0,0,0,0,0,0,0,-578000,0,0,0,301000,879000,-578000,-578000
055874,中環元富9A購01  ,0,0,0,0,0,0,0,0,0,-580000,0,0,0,550000,1130000,-580000,-580000
1325,恆大            ,658000,1231000,-573000,0,0,0,0,0,0,-9000,2000,2000,0,11000,20000,-9000,-582000
067733,力山元大01購01  ,0,0,0,0,0,0,0,0,0,-584000,0,0,0,100000,684000,-584000,-584000
066306,亞聚永豐01購01  ,0,0,0,0,0,0,0,0,0,-584000,0,0,0,297000,881000,-584000,-584000
069118,強茂群益02購01  ,0,0,0,0,0,0,0,0,0,-585000,0,0,0,115000,700000,-585000,-585000
066369,瀚宇博中信01購01,0,0,0,0,0,0,0,0,0,-585000,0,0,0,294000,879000,-585000,-585000
065950,正崴統一03購01  ,0,0,0,0,0,0,0,0,0,-585000,0,0,0,12000,597000,-585000,-585000
061639,晶豪科元大9A購02,0,0,0,0,0,0,0,0,0,-587000,0,0,0,7000,594000,-587000,-587000
065405,華新科富邦03購01,0,0,0,0,0,0,0,0,0,-588000,0,0,0,357000,945000,-588000,-588000
062967,上銀元富9B購01  ,0,0,0,0,0,0,0,0,0,-589000,0,0,0,82000,671000,-589000,-589000
068589,國巨元富07購13  ,0,0,0,0,0,0,0,0,0,-593000,0,0,0,0,593000,-593000,-593000
069685,嘉晶元大02購02  ,0,0,0,0,0,0,0,0,0,-596000,0,0,0,133000,729000,-596000,-596000
068234,T50反1元大01購07,0,0,0,0,0,0,0,0,0,-598000,0,0,0,0,598000,-598000,-598000
07060P,台表科國票9A售01,0,0,0,0,0,0,0,0,0,-600000,0,0,0,0,600000,-600000,-600000
066920,華擎麥證01購01  ,0,0,0,28000,628000,-600000,0,0,0,-600000,0,0,0,28000,628000,-600000,-600000
9136,巨騰-DR         ,31000,620000,-589000,0,0,0,0,0,0,-13000,0,13000,-13000,0,0,0,-602000
062051,上銀統一9C購02  ,0,0,0,0,0,0,0,0,0,-603000,0,0,0,28000,631000,-603000,-603000
064054,中租統一02購01  ,0,0,0,0,0,0,0,0,0,-603000,0,0,0,34000,637000,-603000,-603000
064174,致新元富9C購02  ,0,0,0,0,0,0,0,0,0,-603000,0,0,0,103000,706000,-603000,-603000
066963,T50反1元富07購03,0,0,0,0,0,0,0,0,0,-603000,0,0,0,34000,637000,-603000,-603000
064508,力成元大9C購03  ,0,0,0,0,0,0,0,0,0,-604000,0,0,0,52000,656000,-604000,-604000
069039,TPK統一04購01   ,0,0,0,0,0,0,0,0,0,-605000,0,0,0,62000,667000,-605000,-605000
064720,長榮航統一02購01,0,0,0,0,0,0,0,0,0,-605000,0,0,0,10000,615000,-605000,-605000
069102,TPK統一04購03   ,0,0,0,0,0,0,0,0,0,-607000,0,0,0,0,607000,-607000,-607000
068639,神基凱基03購01  ,0,0,0,0,0,0,0,0,0,-608000,0,0,0,113000,721000,-608000,-608000
069616,台積電統一03購17,0,0,0,0,0,0,0,0,0,-609000,0,0,0,0,609000,-609000,-609000
069490,聯詠元大02購05  ,0,0,0,0,0,0,0,0,0,-610000,0,0,0,11000,621000,-610000,-610000
067658,矽格元富04購01  ,0,0,0,0,0,0,0,0,0,-610000,0,0,0,150000,760000,-610000,-610000
069229,瑞祺群益02購01  ,0,0,0,0,0,0,0,0,0,-612000,0,0,0,28000,640000,-612000,-612000
067097,為升群益01購01  ,0,0,0,0,0,0,0,0,0,-616000,0,0,0,176000,792000,-616000,-616000
069529,信錦群益03購01  ,0,0,0,0,0,0,0,0,0,-618000,0,0,0,0,618000,-618000,-618000
066320,順德永豐01購01  ,0,0,0,0,0,0,0,0,0,-618000,0,0,0,77000,695000,-618000,-618000
08434P,臺股指凱基03售02,0,0,0,0,0,0,0,0,0,-619000,0,0,0,50000,669000,-619000,-619000
064548,漢翔凱基9C購01  ,0,0,0,0,0,0,0,0,0,-619000,0,0,0,10000,629000,-619000,-619000
064446,聚陽統一02購02  ,0,0,0,0,0,0,0,0,0,-625000,0,0,0,555000,1180000,-625000,-625000
066204,京鼎統一02購01  ,0,0,0,0,0,0,0,0,0,-626000,0,0,0,66000,692000,-626000,-626000
068085,寶成凱基02購01  ,0,0,0,0,0,0,0,0,0,-627000,0,0,0,43000,670000,-627000,-627000
069208,聯詠元大03購01  ,0,0,0,0,0,0,0,0,0,-628000,0,0,0,0,628000,-628000,-628000
062070,金寶元大9B購01  ,0,0,0,0,0,0,0,0,0,-629000,0,0,0,0,629000,-629000,-629000
3044,健鼎            ,525000,1086000,-561000,0,0,0,0,0,0,-69000,77000,46000,31000,45000,145000,-100000,-630000
08556P,臺股指中信01售08,0,0,0,0,0,0,0,0,0,-631000,0,0,0,0,631000,-631000,-631000
068040,超眾元富04購01  ,0,0,0,0,0,0,0,0,0,-632000,0,0,0,0,632000,-632000,-632000
065684,超眾統一03購01  ,0,0,0,0,0,0,0,0,0,-633000,0,0,0,17000,650000,-633000,-633000
9188,精熙-DR         ,188000,822000,-634000,0,0,0,0,0,0,0,0,0,0,0,0,0,-634000
064854,祥碩麥證9C購01  ,0,0,0,23000,658000,-635000,0,0,0,-635000,0,0,0,23000,658000,-635000,-635000
069319,正崴兆豐03購01  ,0,0,0,0,0,0,0,0,0,-636000,0,0,0,100000,736000,-636000,-636000
058328,世紀鋼統一9B購01,0,0,0,0,0,0,0,0,0,-640000,0,0,0,225000,865000,-640000,-640000
068016,宏碁國票02購01  ,0,0,0,0,0,0,0,0,0,-641000,0,0,0,427000,1068000,-641000,-641000
063372,漢翔永豐9B購01  ,0,0,0,0,0,0,0,0,0,-641000,0,0,0,0,641000,-641000,-641000
066962,致新元大01購02  ,0,0,0,0,0,0,0,0,0,-642000,0,0,0,61000,703000,-642000,-642000
068677,日月光元富07購01,0,0,0,0,0,0,0,0,0,-643000,0,0,0,0,643000,-643000,-643000
00635U,元大S&P黃金     ,11000,30000,-19000,0,0,0,0,0,0,-624000,0,0,0,155000,779000,-624000,-643000
062849,中興電永豐9B購02,0,0,0,0,0,0,0,0,0,-643000,0,0,0,599000,1242000,-643000,-643000
066178,拓凱凱基01購01  ,0,0,0,0,0,0,0,0,0,-644000,0,0,0,1000,645000,-644000,-644000
064230,上銀統一01購04  ,0,0,0,0,0,0,0,0,0,-647000,0,0,0,65000,712000,-647000,-647000
068432,技嘉凱基01購02  ,0,0,0,0,0,0,0,0,0,-649000,0,0,0,205000,854000,-649000,-649000
066290,台塑化元大01購01,0,0,0,0,0,0,0,0,0,-653000,0,0,0,410000,1063000,-653000,-653000
2383,台光電          ,310000,824000,-514000,0,0,0,0,15000,-15000,-125000,74000,185000,-111000,15000,29000,-14000,-654000
068993,嘉聯益永豐02購01,0,0,0,0,0,0,0,0,0,-655000,0,0,0,715000,1370000,-655000,-655000
064595,超眾統一02購01  ,0,0,0,0,0,0,0,0,0,-655000,0,0,0,40000,695000,-655000,-655000
068718,台積電元大02購12,0,0,0,0,0,0,0,0,0,-656000,0,0,0,96000,752000,-656000,-656000
058613,茂林元大99購03  ,0,0,0,0,0,0,0,0,0,-658000,0,0,0,54000,712000,-658000,-658000
068115,玉山金元富07購01,0,0,0,0,0,0,0,0,0,-663000,0,0,0,0,663000,-663000,-663000
064234,正崴統一01購01  ,0,0,0,0,0,0,0,0,0,-665000,0,0,0,3000,668000,-665000,-665000
062846,國泰金富邦9C購01,0,0,0,0,0,0,0,0,0,-667000,0,0,0,0,667000,-667000,-667000
062494,中石化中信9C購01,0,0,0,0,0,0,0,0,0,-670000,0,0,0,214000,884000,-670000,-670000
069131,聯華永豐02購01  ,0,0,0,0,0,0,0,0,0,-672000,0,0,0,48000,720000,-672000,-672000
062545,嘉晶永豐9B購01  ,0,0,0,0,0,0,0,0,0,-673000,0,0,0,45000,718000,-673000,-673000
069230,申豐群益02購01  ,0,0,0,0,0,0,0,0,0,-676000,0,0,0,76000,752000,-676000,-676000
061306,瑞祺永豐9A購02  ,0,0,0,0,0,0,0,0,0,-676000,0,0,0,0,676000,-676000,-676000
08512P,玉晶光永豐9C售06,0,0,0,0,0,0,0,0,0,-680000,0,0,0,100000,780000,-680000,-680000
064427,喬山凱基01購01  ,0,0,0,0,0,0,0,0,0,-682000,0,0,0,12000,694000,-682000,-682000
066573,瑞祺元大01購02  ,0,0,0,0,0,0,0,0,0,-683000,0,0,0,502000,1185000,-683000,-683000
062324,上銀統一9B購04  ,0,0,0,0,0,0,0,0,0,-684000,0,0,0,0,684000,-684000,-684000
057577,廣宇中信9A購01  ,0,0,0,0,0,0,0,0,0,-687000,0,0,0,70000,757000,-687000,-687000
064784,祥碩群益9C購01  ,330000,0,330000,0,0,0,0,0,0,-1017000,0,0,0,217000,1234000,-1017000,-687000
061244,和碩兆豐9A購01  ,0,0,0,0,0,0,0,0,0,-688000,0,0,0,2000,690000,-688000,-688000
065455,金寶元富9C購01  ,0,0,0,0,0,0,0,0,0,-688000,0,0,0,401000,1089000,-688000,-688000
068656,台積電元大02購09,0,0,0,0,0,0,0,0,0,-691000,0,0,0,56000,747000,-691000,-691000
062404,新唐永豐9B購01  ,0,0,0,0,0,0,0,0,0,-691000,0,0,0,1000,692000,-691000,-691000
067963,宏碁群益02購01  ,0,0,0,0,0,0,0,0,0,-693000,0,0,0,379000,1072000,-693000,-693000
066144,惠特群益01購02  ,0,0,0,0,0,0,0,0,0,-697000,0,0,0,204000,901000,-697000,-697000
3450,聯鈞            ,212000,776000,-564000,0,0,0,0,71000,-71000,-63000,2000,0,2000,5000,70000,-65000,-698000
00656R,國泰中國A50反1  ,0,16000,-16000,0,0,0,0,0,0,-687000,0,0,0,1508000,2195000,-687000,-703000
062550,啟碁永豐9B購01  ,0,0,0,0,0,0,0,0,0,-703000,0,0,0,25000,728000,-703000,-703000
064835,嘉晶統一02購01  ,0,0,0,0,0,0,0,0,0,-704000,0,0,0,156000,860000,-704000,-704000
064840,彩晶統一02購01  ,0,0,0,0,0,0,0,0,0,-707000,0,0,0,663000,1370000,-707000,-707000
068315,台灣50元大01購33,0,0,0,0,0,0,0,0,0,-708000,0,0,0,13000,721000,-708000,-708000
3711,日月光投控      ,4510025,4278669,231356,0,0,0,15000,1109000,-1094000,150000,79000,2000,77000,106000,33000,73000,-712644
068756,得力永豐02購01  ,0,0,0,0,0,0,0,0,0,-715000,0,0,0,109000,824000,-715000,-715000
068258,可成國泰03購01  ,0,0,0,0,0,0,0,0,0,-717000,0,0,0,469000,1186000,-717000,-717000
066125,得力群益01購01  ,0,0,0,0,0,0,0,0,0,-720000,0,0,0,40000,760000,-720000,-720000
2449,京元電子        ,2488000,3354000,-866000,0,0,0,4000,2000,2000,144000,52000,37000,15000,470000,341000,129000,-720000
062980,康控元富9B購01  ,0,0,0,0,0,0,0,0,0,-721000,0,0,0,169000,890000,-721000,-721000
4927,泰鼎-KY         ,724000,1083000,-359000,0,0,0,129000,39000,90000,-454000,20000,0,20000,10000,484000,-474000,-723000
064153,中壽統一9C購01  ,0,0,0,0,0,0,0,0,0,-725000,0,0,0,0,725000,-725000,-725000
4968,立積            ,371000,1114000,-743000,0,0,0,0,40000,-40000,58000,137000,58000,79000,13000,34000,-21000,-725000
2349,錸德            ,366000,1091000,-725000,0,0,0,0,0,0,0,0,0,0,0,0,0,-725000
061517,瑞祺永豐9A購03  ,0,0,0,0,0,0,0,0,0,-726000,0,0,0,0,726000,-726000,-726000
063615,瑞祺群益9B購03  ,0,0,0,0,0,0,0,0,0,-727000,0,0,0,15000,742000,-727000,-727000
1722,台肥            ,807000,1550000,-743000,0,0,0,110000,0,110000,-94000,132000,241000,-109000,40000,25000,15000,-727000
066686,鴻海元富07購05  ,0,0,0,0,0,0,0,0,0,-730000,0,0,0,0,730000,-730000,-730000
08231P,上銀元富9B售10  ,0,0,0,0,0,0,0,0,0,-731000,0,0,0,0,731000,-731000,-731000
069459,華碩兆豐03購01  ,0,0,0,0,0,0,0,0,0,-732000,0,0,0,144000,876000,-732000,-732000
03061P,南電凱基01售05  ,0,0,0,0,0,0,0,0,0,-732000,0,0,0,585000,1317000,-732000,-732000
067927,瑞祺兆豐01購01  ,0,0,0,0,0,0,0,0,0,-733000,0,0,0,0,733000,-733000,-733000
08744P,臺股指凱基02售05,0,0,0,0,0,0,0,0,0,-735000,0,0,0,230000,965000,-735000,-735000
068580,聯電永豐01購02  ,0,0,0,0,0,0,0,0,0,-737000,0,0,0,54000,791000,-737000,-737000
066737,創意元大01購05  ,0,0,0,0,0,0,0,0,0,-740000,0,0,0,512000,1252000,-740000,-740000
068856,台達電元富08購01,0,0,0,0,0,0,0,0,0,-748000,0,0,0,9000,757000,-748000,-748000
067101,華邦電群益01購02,0,0,0,0,0,0,0,0,0,-748000,0,0,0,0,748000,-748000,-748000
064931,南六統一9C購05  ,0,0,0,0,0,0,0,0,0,-750000,0,0,0,476000,1226000,-750000,-750000
068388,宏碁統一03購02  ,0,0,0,0,0,0,0,0,0,-754000,0,0,0,530000,1284000,-754000,-754000
062428,超眾統一9B購01  ,0,0,0,0,0,0,0,0,0,-755000,0,0,0,94000,849000,-755000,-755000
061268,玉晶光凱基9B購04,0,0,0,0,0,0,0,0,0,-757000,0,0,0,20000,777000,-757000,-757000
1216,統一            ,3385730,4090411,-704681,0,0,0,3000,26000,-23000,-31000,22000,0,22000,3000,56000,-53000,-758681
066749,瑞祺元大01購03  ,0,0,0,0,0,0,0,0,0,-760000,0,0,0,94000,854000,-760000,-760000
068683,聯電永豐02購02  ,0,0,0,0,0,0,0,0,0,-761000,0,0,0,146000,907000,-761000,-761000
062653,正隆永豐9B購01  ,0,0,0,0,0,0,0,0,0,-761000,0,0,0,32000,793000,-761000,-761000
067091,台虹元大01購02  ,0,0,0,0,0,0,0,0,0,-768000,0,0,0,287000,1055000,-768000,-768000
069041,巨大統一02購03  ,0,0,0,0,0,0,0,0,0,-771000,0,0,0,185000,956000,-771000,-771000
067032,致新元富01購01  ,0,0,0,0,0,0,0,0,0,-774000,0,0,0,25000,799000,-774000,-774000
062693,中石化元大02購01,0,0,0,0,0,0,0,0,0,-776000,0,0,0,85000,861000,-776000,-776000
069309,強茂凱基02購01  ,0,0,0,0,0,0,0,0,0,-778000,0,0,0,86000,864000,-778000,-778000
065495,上銀富邦01購02  ,0,0,0,0,0,0,0,0,0,-778000,0,0,0,325000,1103000,-778000,-778000
068273,嘉晶永豐01購01  ,0,0,0,0,0,0,0,0,0,-779000,0,0,0,31000,810000,-779000,-779000
059101,康控統一9A購01  ,0,0,0,0,0,0,0,0,0,-782000,0,0,0,137000,919000,-782000,-782000
064736,超眾元富9C購04  ,0,0,0,0,0,0,0,0,0,-786000,0,0,0,58000,844000,-786000,-786000
066697,長興群益01購01  ,0,0,0,0,0,0,0,0,0,-788000,0,0,0,0,788000,-788000,-788000
066897,京元電康和01購01,0,0,0,0,0,0,0,0,0,-791000,0,0,0,114000,905000,-791000,-791000
064730,超眾統一02購02  ,0,0,0,0,0,0,0,0,0,-792000,0,0,0,20000,812000,-792000,-792000
069198,聯電元大02購06  ,0,0,0,0,0,0,0,0,0,-793000,0,0,0,137000,930000,-793000,-793000
066241,瑞祺富邦03購01  ,0,0,0,0,0,0,0,0,0,-793000,0,0,0,0,793000,-793000,-793000
069170,正文元大02購01  ,0,0,0,0,0,0,0,0,0,-794000,0,0,0,67000,861000,-794000,-794000
069558,元大金日盛02購01,0,0,0,0,0,0,0,0,0,-799000,0,0,0,93000,892000,-799000,-799000
066855,樺漢元大01購03  ,2000,0,2000,0,0,0,0,0,0,-812000,0,0,0,481000,1293000,-812000,-810000
063592,瑞祺永豐9B購02  ,0,0,0,0,0,0,0,0,0,-812000,0,0,0,0,812000,-812000,-812000
059023,可成統一9B購02  ,0,0,0,0,0,0,0,0,0,-813000,0,0,0,312000,1125000,-813000,-813000
067318,康控元大01購03  ,0,0,0,0,0,0,0,0,0,-813000,0,0,0,286000,1099000,-813000,-813000
065315,玉晶光中信03購02,0,0,0,0,0,0,0,0,0,-813000,0,0,0,1414000,2227000,-813000,-813000
067130,泰豐永豐01購02  ,0,0,0,0,0,0,0,0,0,-814000,0,0,0,3000,817000,-814000,-814000
2912,統一超          ,193466,605118,-411652,0,0,0,1000,260000,-259000,-152000,8000,160000,-152000,0,0,0,-822652
4958,臻鼎-KY         ,442620,1348121,-905501,0,0,0,21000,1000,20000,55000,77000,8000,69000,20000,34000,-14000,-830501
062442,華新科元大9C購02,0,0,0,0,0,0,0,0,0,-834000,0,0,0,214000,1048000,-834000,-834000
066991,訊芯群益01購01  ,0,0,0,0,0,0,0,0,0,-835000,0,0,0,0,835000,-835000,-835000
066314,台橡永豐01購01  ,0,0,0,0,0,0,0,0,0,-835000,0,0,0,4000,839000,-835000,-835000
063658,瑞祺元富9B購01  ,0,0,0,0,0,0,0,0,0,-836000,0,0,0,10000,846000,-836000,-836000
068681,新唐國泰03購01  ,0,0,0,0,0,0,0,0,0,-844000,0,0,0,111000,955000,-844000,-844000
065981,超眾元大02購01  ,0,0,0,0,0,0,0,0,0,-850000,0,0,0,382000,1232000,-850000,-850000
068854,超眾統一03購03  ,0,0,0,0,0,0,0,0,0,-852000,0,0,0,245000,1097000,-852000,-852000
067502,聚陽統一02購04  ,0,0,0,0,0,0,0,0,0,-858000,0,0,0,320000,1178000,-858000,-858000
065820,瑞祺元富03購01  ,0,0,0,0,0,0,0,0,0,-860000,0,0,0,38000,898000,-860000,-860000
067089,瑞祺元大01購04  ,0,0,0,0,0,0,0,0,0,-862000,0,0,0,45000,907000,-862000,-862000
063883,超眾元富9C購02  ,0,0,0,0,0,0,0,0,0,-868000,0,0,0,50000,918000,-868000,-868000
064737,中石化國票01購01,0,0,0,0,0,0,0,0,0,-877000,0,0,0,488000,1365000,-877000,-877000
03689C,T50反1元大02牛01,0,0,0,0,0,0,0,0,0,-878000,0,0,0,958000,1836000,-878000,-878000
062323,上銀統一9B購03  ,0,0,0,0,0,0,0,0,0,-882000,0,0,0,133000,1015000,-882000,-882000
063355,超眾元富9B購01  ,0,0,0,0,0,0,0,0,0,-886000,0,0,0,30000,916000,-886000,-886000
1536,和大            ,271000,857000,-586000,0,0,0,0,32000,-32000,-268000,14000,58000,-44000,26000,250000,-224000,-886000
066949,聯發科元大01購17,0,0,0,0,0,0,0,0,0,-887000,0,0,0,211000,1098000,-887000,-887000
063768,華新科國泰9C購03,0,0,0,0,0,0,0,0,0,-890000,0,0,0,148000,1038000,-890000,-890000
068181,長榮航群益02購01,0,0,0,0,0,0,0,0,0,-891000,0,0,0,89000,980000,-891000,-891000
067053,申豐凱基02購01  ,0,0,0,0,0,0,0,0,0,-892000,0,0,0,141000,1033000,-892000,-892000
066770,上証2X富邦02購02,0,0,0,0,0,0,0,0,0,-892000,0,0,0,227000,1119000,-892000,-892000
064916,玉山金統一02購01,0,0,0,0,0,0,0,0,0,-893000,0,0,0,1000,894000,-893000,-893000
066970,T50反1群益01購05,0,0,0,0,0,0,0,0,0,-896000,0,0,0,0,896000,-896000,-896000
2323,中環            ,2082000,2643000,-561000,0,0,0,0,0,0,-340000,178000,156000,22000,529000,891000,-362000,-901000
061379,鈺齊永豐9A購02  ,80000,0,80000,0,0,0,0,0,0,-983000,0,0,0,137000,1120000,-983000,-903000
069629,台達電元富08購02,0,0,0,0,0,0,0,0,0,-906000,0,0,0,100000,1006000,-906000,-906000
4142,國光生          ,539000,1459000,-920000,0,0,0,0,0,0,14000,19000,5000,14000,0,0,0,-906000
068217,台達電統一03購01,0,0,0,0,0,0,0,0,0,-909000,0,0,0,5000,914000,-909000,-909000
3596,智易            ,150000,1099000,-949000,0,0,0,0,0,0,36000,76000,7000,69000,15000,48000,-33000,-913000
069397,上銀統一04購01  ,0,0,0,0,0,0,0,0,0,-931000,0,0,0,20000,951000,-931000,-931000
066595,敦泰群益01購01  ,0,0,0,0,0,0,0,0,0,-934000,0,0,0,0,934000,-934000,-934000
08264P,南電元大9C售02  ,0,0,0,0,0,0,0,0,0,-937000,0,0,0,12000,949000,-937000,-937000
069390,申豐元大02購01  ,0,0,0,0,0,0,0,0,0,-945000,0,0,0,270000,1215000,-945000,-945000
068866,申豐元富05購01  ,0,0,0,0,0,0,0,0,0,-945000,0,0,0,243000,1188000,-945000,-945000
066509,南亞永豐01購01  ,0,0,0,0,0,0,0,0,0,-949000,0,0,0,0,949000,-949000,-949000
08234P,華擎元富9B售03  ,0,0,0,0,0,0,0,0,0,-957000,0,0,0,0,957000,-957000,-957000
066286,瑞祺元大01購01  ,0,0,0,0,0,0,0,0,0,-957000,0,0,0,221000,1178000,-957000,-957000
069135,南帝永豐02購01  ,0,0,0,0,0,0,0,0,0,-962000,0,0,0,103000,1065000,-962000,-962000
066065,東元凱基04購01  ,0,0,0,0,0,0,0,0,0,-962000,0,0,0,0,962000,-962000,-962000
055449,超眾統一9A購01  ,0,0,0,0,0,0,0,0,0,-965000,0,0,0,3000,968000,-965000,-965000
063203,華新科統一9C購04,0,0,0,0,0,0,0,0,0,-968000,0,0,0,259000,1227000,-968000,-968000
069630,宏碁元富08購01  ,0,0,0,0,0,0,0,0,0,-973000,0,0,0,22000,995000,-973000,-973000
069283,達麗永豐02購01  ,0,0,0,0,0,0,0,0,0,-980000,0,0,0,27000,1007000,-980000,-980000
068383,上銀統一03購01  ,0,0,0,0,0,0,0,0,0,-980000,0,0,0,79000,1059000,-980000,-980000
2633,台灣高鐵        ,1590939,2492406,-901467,0,0,0,2000,0,2000,-85000,284000,2000,282000,9000,376000,-367000,-984467
061723,嘉聯益永豐9A購03,0,0,0,0,0,0,0,0,0,-990000,0,0,0,10000,1000000,-990000,-990000
08062P,華擎國票9B售03  ,0,0,0,0,0,0,0,0,0,-994000,0,0,0,0,994000,-994000,-994000
064935,寶成統一02購02  ,0,0,0,0,0,0,0,0,0,-997000,0,0,0,74000,1071000,-997000,-997000
069637,矽創元富08購01  ,0,0,0,0,0,0,0,0,0,-998000,0,0,0,0,998000,-998000,-998000
068166,鈺齊元大01購03  ,0,0,0,0,0,0,0,0,0,-998000,0,0,0,315000,1313000,-998000,-998000
08243P,祥碩凱基9C售02  ,0,0,0,0,0,0,0,0,0,-1000000,0,0,0,10000,1010000,-1000000,-1000000
067692,鈺齊元大01購02  ,0,0,0,0,0,0,0,0,0,-1000000,0,0,0,140000,1140000,-1000000,-1000000
2472,立隆電          ,672000,1907000,-1235000,0,0,0,0,0,0,230000,235000,5000,230000,0,0,0,-1005000
067800,SP黃豆凱基04購01,0,0,0,0,0,0,0,0,0,-1009000,0,0,0,0,1009000,-1009000,-1009000
063265,瑞祺永豐9B購01  ,0,0,0,0,0,0,0,0,0,-1018000,0,0,0,16000,1034000,-1018000,-1018000
069381,強茂元大02購01  ,0,0,0,0,0,0,0,0,0,-1037000,0,0,0,118000,1155000,-1037000,-1037000
067687,啟碁元大01購02  ,0,0,0,0,0,0,0,0,0,-1041000,0,0,0,25000,1066000,-1041000,-1041000
069413,奇鋐統一02購01  ,0,0,0,0,0,0,0,0,0,-1042000,0,0,0,486000,1528000,-1042000,-1042000
069049,華邦電元富08購01,0,0,0,0,0,0,0,0,0,-1048000,0,0,0,0,1048000,-1048000,-1048000
069176,南電元大02購04  ,0,0,0,0,0,0,0,0,0,-1049000,0,0,0,303000,1352000,-1049000,-1049000
3406,玉晶光          ,470000,1530000,-1060000,0,0,0,0,0,0,10000,50000,3000,47000,27000,64000,-37000,-1050000
068399,中興電元富03購01,0,0,0,0,0,0,0,0,0,-1054000,0,0,0,1043000,2097000,-1054000,-1054000
065683,嘉聯益統一03購01,0,0,0,0,0,0,0,0,0,-1066000,0,0,0,259000,1325000,-1066000,-1066000
069765,聯電元大02購21  ,0,0,0,0,0,0,0,0,0,-1074000,0,0,0,44000,1118000,-1074000,-1074000
069355,台塑永豐02購01  ,0,0,0,0,0,0,0,0,0,-1085000,0,0,0,0,1085000,-1085000,-1085000
069303,聯電凱基03購08  ,0,0,0,0,0,0,0,0,0,-1090000,0,0,0,115000,1205000,-1090000,-1090000
1762,中化生          ,463000,1545000,-1082000,0,0,0,0,0,0,-8000,9000,17000,-8000,0,0,0,-1090000
068129,宏碁統一03購01  ,0,0,0,0,0,0,0,0,0,-1092000,0,0,0,2127000,3219000,-1092000,-1092000
020018,統一價值成長30N ,0,0,0,0,0,0,0,0,0,-1093000,0,0,0,386000,1479000,-1093000,-1093000
08750P,台灣50群益01售04,0,0,0,0,0,0,0,0,0,-1097000,0,0,0,114000,1211000,-1097000,-1097000
6191,精成科          ,4617000,5720000,-1103000,0,0,0,180000,0,180000,-174000,9000,0,9000,140000,323000,-183000,-1097000
2313,華通            ,4375000,5318000,-943000,0,0,0,463000,249000,214000,-371000,79000,131000,-52000,93000,412000,-319000,-1100000
2456,奇力新          ,997000,1934000,-937000,0,0,0,0,0,0,-170000,354000,126000,228000,52000,450000,-398000,-1107000
068044,寶成元富07購01  ,0,0,0,0,0,0,0,0,0,-1108000,0,0,0,199000,1307000,-1108000,-1108000
066471,致新統一02購01  ,0,0,0,0,0,0,0,0,0,-1128000,0,0,0,662000,1790000,-1128000,-1128000
065912,瑞祺永豐9C購02  ,0,0,0,0,0,0,0,0,0,-1130000,0,0,0,1000,1131000,-1130000,-1130000
2412,中華電          ,1072200,2355784,-1283584,0,0,0,2000,70000,-68000,211000,214000,0,214000,3000,6000,-3000,-1140584
064449,金寶統一01購02  ,0,0,0,0,0,0,0,0,0,-1143000,0,0,0,66000,1209000,-1143000,-1143000
2880,華南金          ,2467148,3644723,-1177575,0,0,0,15000,37000,-22000,55000,66000,11000,55000,0,0,0,-1144575
6282,康舒            ,804000,1664000,-860000,0,0,0,0,0,0,-293000,23000,10000,13000,121000,427000,-306000,-1153000
067700,緯創國票02購01  ,0,0,0,0,0,0,0,0,0,-1155000,0,0,0,155000,1310000,-1155000,-1155000
069215,潤泰新元大02購01,0,0,0,0,0,0,0,0,0,-1167000,0,0,0,0,1167000,-1167000,-1167000
064709,瑞祺永豐9C購01  ,0,0,0,0,0,0,0,0,0,-1167000,0,0,0,62000,1229000,-1167000,-1167000
068877,聯詠凱基03購04  ,0,0,0,0,0,0,0,0,0,-1173000,0,0,0,2000,1175000,-1173000,-1173000
1714,和桐            ,2316050,4141000,-1824950,0,0,0,0,0,0,646000,646000,0,646000,0,0,0,-1178950
067281,T50反1國票01購05,0,0,0,0,0,0,0,0,0,-1181000,0,0,0,0,1181000,-1181000,-1181000
068562,台積電元大03購02,0,0,0,0,0,0,0,0,0,-1188000,0,0,0,305000,1493000,-1188000,-1188000
067154,華擎統一03購03  ,0,0,0,0,0,0,0,0,0,-1223000,0,0,0,605000,1828000,-1223000,-1223000
066507,和碩富邦03購01  ,0,0,0,0,0,0,0,0,0,-1224000,0,0,0,14000,1238000,-1224000,-1224000
069426,聯電日盛02購01  ,0,0,0,0,0,0,0,0,0,-1229000,0,0,0,12000,1241000,-1229000,-1229000
08882P,上証2X國票02售02,0,0,0,0,0,0,0,0,0,-1240000,0,0,0,0,1240000,-1240000,-1240000
069526,台積電兆豐03購08,0,0,0,0,0,0,0,0,0,-1249000,0,0,0,10000,1259000,-1249000,-1249000
3698,隆達            ,321000,1371000,-1050000,0,0,0,0,0,0,-203000,103000,301000,-198000,0,5000,-5000,-1253000
069453,南電統一02購02  ,0,0,0,0,0,0,0,0,0,-1257000,0,0,0,1455000,2712000,-1257000,-1257000
2458,義隆            ,801000,1969000,-1168000,0,0,0,1000,0,1000,-96000,57000,43000,14000,26000,136000,-110000,-1263000
00875,國泰網路資安    ,1000,0,1000,0,0,0,0,0,0,-1287000,0,0,0,136000,1423000,-1287000,-1286000
064832,長榮航統一01購01,0,0,0,0,0,0,0,0,0,-1300000,0,0,0,0,1300000,-1300000,-1300000
9938,百和            ,1150000,2886000,-1736000,0,0,0,537000,0,537000,-165000,181000,417000,-236000,89000,18000,71000,-1364000
069007,可成兆豐03購01  ,0,0,0,0,0,0,0,0,0,-1370000,0,0,0,142000,1512000,-1370000,-1370000
066198,華碩統一03購01  ,0,0,0,0,0,0,0,0,0,-1377000,0,0,0,1205000,2582000,-1377000,-1377000
6213,聯茂            ,181000,1148994,-967994,0,0,0,0,450000,-450000,34000,55000,20000,35000,14000,15000,-1000,-1383994
057789,上銀統一9A購01  ,0,0,0,0,0,0,0,0,0,-1395000,0,0,0,3000,1398000,-1395000,-1395000
055036,中工富邦9B購01  ,0,0,0,0,0,0,0,0,0,-1395000,0,0,0,530000,1925000,-1395000,-1395000
069285,聯電國泰03購03  ,0,0,0,0,0,0,0,0,0,-1407000,0,0,0,422000,1829000,-1407000,-1407000
068620,聯電群益03購05  ,0,0,0,0,0,0,0,0,0,-1409000,0,0,0,176000,1585000,-1409000,-1409000
1609,大亞            ,2906000,4362000,-1456000,0,0,0,0,0,0,0,0,0,0,0,0,0,-1456000
068110,華新元富03購01  ,0,0,0,0,0,0,0,0,0,-1514000,0,0,0,399000,1913000,-1514000,-1514000
064163,康控統一01購01  ,0,0,0,0,0,0,0,0,0,-1518000,0,0,0,586000,2104000,-1518000,-1518000
6239,力成            ,1442698,3050153,-1607455,0,0,0,2000,1000,1000,75000,24000,36000,-12000,94000,7000,87000,-1531455
07974P,上証2X元大9B售02,0,0,0,0,0,0,0,0,0,-1539000,0,0,0,211000,1750000,-1539000,-1539000
2421,建準            ,1296000,2568000,-1272000,0,0,0,1000,0,1000,-278000,2000,50000,-48000,93000,323000,-230000,-1549000
068385,聯電統一03購03  ,0,0,0,0,0,0,0,0,0,-1550000,0,0,0,289000,1839000,-1550000,-1550000
2344,華邦電          ,4864793,6933615,-2068822,0,0,0,11000,0,11000,502000,39000,0,39000,476000,13000,463000,-1555822
00664R,國泰臺灣加權反1 ,0,0,0,0,0,0,0,0,0,-1572000,0,0,0,289000,1861000,-1572000,-1572000
067088,啟碁元大01購01  ,0,0,0,0,0,0,0,0,0,-1589000,0,0,0,154000,1743000,-1589000,-1589000
3042,晶技            ,560000,2136000,-1576000,0,0,0,179000,205000,-26000,-35000,117000,106000,11000,35000,81000,-46000,-1637000
068125,潤泰新元富07購01,0,0,0,0,0,0,0,0,0,-1643000,0,0,0,0,1643000,-1643000,-1643000
058437,可成統一9B購01  ,0,0,0,0,0,0,0,0,0,-1653000,0,0,0,0,1653000,-1653000,-1653000
069043,上銀元富08購01  ,0,0,0,0,0,0,0,0,0,-1671000,0,0,0,107000,1778000,-1671000,-1671000
07597P,臺股指中信01售02,0,0,0,0,0,0,0,0,0,-1764000,0,0,0,709000,2473000,-1764000,-1764000
2367,燿華            ,903000,2769000,-1866000,0,0,0,0,0,0,102000,7000,0,7000,392000,297000,95000,-1764000
068666,聯電統一03購04  ,0,0,0,0,0,0,0,0,0,-1822000,0,0,0,95000,1917000,-1822000,-1822000
068241,力山元大01購02  ,0,0,0,0,0,0,0,0,0,-1842000,0,0,0,136000,1978000,-1842000,-1842000
069544,宏碁元大02購01  ,0,0,0,0,0,0,0,0,0,-1856000,0,0,0,147000,2003000,-1856000,-1856000
067322,達方元大01購01  ,0,0,0,0,0,0,0,0,0,-1903000,0,0,0,50000,1953000,-1903000,-1903000
8213,志超            ,894000,2610000,-1716000,0,0,0,0,0,0,-219000,46000,66000,-20000,35000,234000,-199000,-1935000
6176,瑞儀            ,324000,1877000,-1553000,0,0,0,0,0,0,-471000,100000,402000,-302000,17000,186000,-169000,-2024000
2337,旺宏            ,943000,3089000,-2146000,0,0,0,6000,0,6000,-90000,35000,19000,16000,90000,196000,-106000,-2230000
00638R,元大滬深300反1  ,0,181000,-181000,0,0,0,0,0,0,-2121000,0,0,0,732000,2853000,-2121000,-2302000
2324,仁寶            ,3140491,5555863,-2415372,0,0,0,14000,17000,-3000,-179000,153000,0,153000,107000,439000,-332000,-2597372
08091P,A50正2元富9B售02,0,0,0,0,0,0,0,0,0,-2640000,0,0,0,175000,2815000,-2640000,-2640000
2387,精元            ,3057000,5526564,-2469564,0,0,0,0,300000,-300000,83000,286000,22000,264000,10000,191000,-181000,-2686564
2371,大同            ,117000,1224000,-1107000,0,0,0,0,0,0,-1597000,3000,0,3000,0,1600000,-1600000,-2704000
4414,如興            ,901000,3677000,-2776000,0,0,0,0,0,0,3000,4000,1000,3000,0,0,0,-2773000
00738U,元大道瓊白銀    ,890000,4550000,-3660000,0,0,0,0,0,0,712000,0,0,0,3412000,2700000,712000,-2948000
2520,冠德            ,981000,3616000,-2635000,0,0,0,0,61000,-61000,-254000,93000,182000,-89000,5000,170000,-165000,-2950000
069029,潤泰新國票03購01,0,0,0,0,0,0,0,0,0,-3323000,0,0,0,235000,3558000,-3323000,-3323000
068655,台積電元大02購08,0,0,0,0,0,0,0,0,0,-3514000,0,0,0,129000,3643000,-3514000,-3514000
069691,台積電統一04購10,0,0,0,0,0,0,0,0,0,-3980000,0,0,0,15000,3995000,-3980000,-3980000
3231,緯創            ,4871794,8807586,-3935792,0,0,0,10000,0,10000,-116000,179000,74000,105000,145000,366000,-221000,-4041792
3037,欣興            ,12779160,14018310,-1239150,0,0,0,0,2128000,-2128000,-772000,794000,1515000,-721000,189000,240000,-51000,-4139150
1102,亞泥            ,2902633,7681450,-4778817,0,0,0,1000,0,1000,635000,792000,7000,785000,75000,225000,-150000,-4142817
2886,兆豐金          ,2751391,4568243,-1816852,0,0,0,7000,2329000,-2322000,-85000,131000,0,131000,0,216000,-216000,-4223852
00634R,富邦上証反1     ,26000,1534000,-1508000,0,0,0,0,0,0,-2902000,0,0,0,1144000,4046000,-2902000,-4410000
2610,華航            ,11198171,15677000,-4478829,0,0,0,0,0,0,65000,0,0,0,65000,0,65000,-4413829
00677U,富邦VIX         ,240000,1262000,-1022000,0,0,0,0,0,0,-3888000,0,0,0,585000,4473000,-3888000,-4910000
1101,台泥            ,3328873,6849006,-3520133,0,0,0,53000,58000,-5000,-1460000,639000,1645000,-1006000,56000,510000,-454000,-4985133
066243,潤泰新富邦03購01,0,0,0,0,0,0,0,0,0,-5009000,0,0,0,260000,5269000,-5009000,-5009000
2356,英業達          ,1820251,5150518,-3330267,0,0,0,10000,1303000,-1293000,-406000,25000,77000,-52000,14000,368000,-354000,-5029267
2408,南亞科          ,1532471,6649253,-5116782,0,0,0,4000,2000,2000,67000,86000,10000,76000,10000,19000,-9000,-5047782
2474,可成            ,2369236,8197143,-5827907,0,0,0,129000,0,129000,263000,84000,0,84000,224000,45000,179000,-5435907
2448,晶電            ,1767000,7863000,-6096000,0,0,0,43000,40000,3000,323000,437000,114000,323000,0,0,0,-5770000
00708L,元大S&P黃金正2  ,8000,839000,-831000,0,0,0,0,0,0,-4987000,0,0,0,1098000,6085000,-4987000,-5818000
00693U,街口S&P黃豆     ,0,411000,-411000,0,0,0,0,0,0,-5517000,0,0,0,766000,6283000,-5517000,-5928000
2332,友訊            ,1982000,7423000,-5441000,0,0,0,0,0,0,-590000,103000,38000,65000,132000,787000,-655000,-6031000
6251,定穎            ,3887000,11066000,-7179000,0,0,0,155000,0,155000,-522000,213000,735000,-522000,0,0,0,-7546000
8046,南電            ,4029000,12002000,-7973000,0,0,0,234000,3655000,-3421000,472000,723000,292000,431000,192000,151000,41000,-10922000
6116,彩晶            ,8844000,21730000,-12886000,0,0,0,6000000,0,6000000,-4286000,652000,580000,72000,1693000,6051000,-4358000,-11172000
00653L,富邦印度正2     ,986000,7570000,-6584000,0,0,0,0,0,0,-5068000,0,0,0,2094000,7162000,-5068000,-11652000
2303,聯電            ,29955325,56989296,-27033971,0,0,0,3959000,1327000,2632000,6512000,3553000,36000,3517000,3441000,446000,2995000,-17889971
00632R,元大台灣50反1   ,2571000,3966000,-1395000,0,0,0,0,0,0,-51625000,1175000,3050000,-1875000,2473000,52223000,-49750000,-53020000
